RESULTS/r.avaflow_results/13_results/13_ascii/13_hflow30018.asc
ncols 506
nrows 317
xllcenter 498237.50
yllcenter 5580050.00
cellsize 12.50
NODATA_value -9999.000
[rows 136 to 169 of 317, columns 154 to 230 of 506]
0.000 0.000 0.000 0.000 0.000 0.000 0.000 0.000 0.000 0.000 0.000 0.000 0.000 0.000 0.000 0.000 0.000 0.000 0.000 0.000 0.000 0.000 0.000 0.000 0.000 0.000 0.000 0.000 0.000 0.000 0.000 0.000 0.000 0.000 0.000 0.000 0.000 0.000 0.000 0.000 0.000 0.000 0.000 0.000 0.000 0.000 0.000 0.000 0.000 0.000 0.000 0.000 0.000 0.000 0.000 0.000 0.000 0.000 0.000 0.000 0.000 0.000 0.000 0.000 0.000 0.000 0.000 0.000 0.000 0.000 0.000 0.000 0.000 0.000 0.000 0.000 0.000
0.000 0.000 0.000 0.000 0.000 0.000 0.000 0.000 0.000 0.000 0.000 0.000 0.000 0.000 0.000 0.000 0.000 0.000 0.000 0.000 0.000 0.000 0.000 0.000 0.000 0.000 0.000 0.000 0.000 0.000 0.000 0.000 0.000 0.000 0.000 0.000 0.000 0.000 0.000 0.000 0.000 0.000 0.000 0.000 0.000 0.000 0.000 0.000 0.000 0.000 0.000 0.000 0.000 0.000 0.000 0.000 0.000 0.000 0.000 0.000 0.000 0.000 0.000 0.000 0.000 0.000 0.000 0.000 0.000 0.000 0.000 0.000 0.000 0.000 0.000 0.000 0.000
0.000 0.000 0.000 0.000 0.000 0.000 0.000 0.000 0.000 0.000 0.000 0.000 0.000 0.000 0.000 0.000 0.000 0.000 0.000 0.000 0.000 0.000 0.000 0.000 0.000 0.000 0.000 0.000 0.000 0.000 0.000 0.000 0.000 0.000 0.000 0.000 0.000 0.000 0.000 0.000 0.000 0.000 0.000 0.000 0.000 0.000 0.000 0.000 0.000 0.000 0.000 0.000 0.000 0.000 0.000 0.000 0.000 0.000 0.000 0.000 0.000 0.000 0.000 0.000 0.000 0.000 0.000 0.000 0.000 0.000 0.000 0.000 0.000 0.000 0.000 0.000 0.000
0.000 0.000 0.000 0.000 0.000 0.000 0.000 0.000 0.000 0.000 0.000 0.000 0.000 0.000 0.000 0.000 0.000 0.000 0.000 0.000 0.000 0.000 0.000 0.000 0.000 0.000 0.000 0.000 0.000 0.000 0.000 0.000 0.000 0.000 0.000 0.000 0.000 0.000 0.000 0.000 0.000 0.000 0.000 0.000 0.000 0.000 0.000 0.000 0.000 0.000 0.000 0.000 0.000 0.000 0.000 0.000 0.000 0.000 0.000 0.000 0.000 0.000 0.000 0.000 0.000 0.000 0.000 0.000 0.000 0.000 0.000 0.000 0.000 0.000 0.000 0.000 0.000
0.000 0.000 0.000 0.000 0.000 0.000 0.000 0.000 0.000 0.000 0.000 0.000 0.000 0.000 0.000 0.000 0.000 0.000 0.000 0.000 0.000 0.000 0.000 0.000 0.000 0.000 0.000 0.000 0.000 0.000 0.000 0.000 0.000 0.000 0.000 0.000 0.000 0.000 0.000 0.000 0.000 0.000 0.000 0.000 0.000 0.000 0.000 0.000 0.000 0.000 0.000 0.000 0.000 0.000 0.000 0.000 0.000 0.000 0.000 0.000 0.000 0.000 0.000 0.000 0.000 0.000 0.000 0.000 0.000 0.000 0.000 0.000 0.000 0.000 0.000 0.000 0.000
0.000 0.000 0.000 0.000 0.000 0.000 0.000 0.000 0.000 0.000 0.000 0.000 0.000 0.000 0.000 0.000 0.000 0.000 0.000 0.000 0.000 0.000 0.000 0.000 0.000 0.000 0.000 0.000 0.000 0.000 0.000 0.000 0.000 0.000 0.000 0.000 0.000 0.000 0.000 0.000 0.000 0.000 0.000 0.000 0.000 0.000 0.000 0.000 0.000 0.000 0.000 0.000 0.000 0.000 0.000 0.000 0.000 0.000 0.000 0.000 0.000 0.000 0.000 0.000 0.000 0.000 0.000 0.000 0.000 0.000 0.000 0.000 0.000 0.000 0.000 0.000 0.000
0.000 0.000 0.000 0.000 0.000 0.000 0.000 0.000 0.000 0.000 0.000 0.000 0.000 0.000 0.000 0.000 0.000 0.000 0.000 0.000 0.000 0.000 0.000 0.000 0.000 0.000 0.000 0.000 0.000 0.000 0.000 0.000 0.000 0.000 0.000 0.000 0.000 0.000 0.000 0.000 0.000 0.000 0.000 0.000 0.000 0.000 0.000 0.000 0.000 0.000 0.000 0.000 0.000 0.000 0.000 0.000 0.000 0.000 0.000 0.000 0.000 0.000 0.000 0.000 0.000 0.000 0.000 0.000 0.000 0.000 0.000 0.000 0.000 0.000 0.000 0.000 0.000
0.000 0.000 0.000 0.000 0.000 0.000 0.000 0.000 0.000 0.000 0.000 0.000 0.000 0.000 0.000 0.000 0.000 0.000 0.000 0.000 0.000 0.000 0.000 0.000 0.000 0.000 0.000 0.000 0.000 0.000 0.000 0.000 0.000 0.000 0.000 0.000 0.000 0.000 0.000 0.000 0.000 0.000 0.000 0.000 0.000 0.000 0.000 0.000 0.000 0.000 0.000 0.000 0.000 0.000 0.000 0.000 0.000 0.000 0.000 0.000 0.000 0.000 0.000 0.000 0.000 0.000 0.000 0.000 0.000 0.000 0.000 0.000 0.000 0.000 0.000 0.000 0.000
0.000 0.000 0.000 0.001 0.001 0.001 0.001 0.001 0.001 0.001 0.001 0.001 0.001 0.001 0.001 0.001 0.001 0.001 0.001 0.000 0.000 0.000 0.000 0.000 0.000 0.000 0.000 0.000 0.000 0.000 0.000 0.000 0.000 0.000 0.000 0.000 0.000 0.000 0.000 0.000 0.000 0.000 0.000 0.000 0.000 0.000 0.000 0.000 0.000 0.000 0.000 0.000 0.000 0.000 0.000 0.000 0.000 0.000 0.000 0.000 0.000 0.000 0.000 0.000 0.000 0.000 0.000 0.000 0.000 0.000 0.000 0.000 0.000 0.000 0.000 0.000 0.000
0.001 0.001 0.001 0.002 0.002 0.002 0.002 0.002 0.002 0.002 0.002 0.002 0.002 0.002 0.002 0.002 0.002 0.002 0.002 0.001 0.001 0.001 0.000 0.000 0.000 0.000 0.000 0.000 0.000 0.000 0.000 0.000 0.000 0.000 0.000 0.000 0.000 0.000 0.000 0.000 0.000 0.000 0.000 0.000 0.000 0.000 0.000 0.000 0.000 0.000 0.000 0.000 0.000 0.000 0.000 0.000 0.000 0.000 0.000 0.000 0.000 0.000 0.000 0.000 0.000 0.000 0.000 0.000 0.000 0.000 0.000 0.000 0.000 0.000 0.000 0.000 0.000
0.003 0.003 0.003 0.003 0.003 0.003 0.003 0.003 0.004 0.004 0.004 0.004 0.004 0.004 0.004 0.004 0.004 0.004 0.003 0.003 0.002 0.001 0.001 0.001 0.000 0.000 0.000 0.000 0.000 0.000 0.000 0.000 0.000 0.000 0.000 0.000 0.000 0.000 0.000 0.000 0.000 0.000 0.000 0.000 0.000 0.000 0.000 0.000 0.000 0.000 0.000 0.000 0.000 0.000 0.000 0.000 0.000 0.000 0.000 0.000 0.000 0.000 0.000 0.000 0.000 0.000 0.000 0.000 0.000 0.000 0.000 0.000 0.000 0.000 0.000 0.000 0.000
0.004 0.005 0.005 0.005 0.005 0.005 0.005 0.005 0.005 0.006 0.006 0.006 0.006 0.006 0.006 0.006 0.006 0.006 0.005 0.004 0.004 0.003 0.002 0.002 0.001 0.001 0.001 0.001 0.000 0.000 0.000 0.000 0.000 0.000 0.000 0.000 0.000 0.000 0.000 0.000 0.000 0.000 0.000 0.000 0.000 0.000 0.000 0.000 0.000 0.001 0.001 0.001 0.002 0.002 0.002 0.001 0.001 0.001 0.001 0.001 0.001 0.001 0.001 0.001 0.001 0.000 0.000 0.000 0.000 0.000 0.000 0.000 0.000 0.000 0.000 0.000 0.000
0.006 0.006 0.006 0.006 0.006 0.006 0.007 0.007 0.007 0.007 0.007 0.007 0.007 0.007 0.007 0.007 0.007 0.007 0.007 0.006 0.005 0.005 0.004 0.003 0.002 0.002 0.002 0.002 0.001 0.001 0.001 0.001 0.001 0.001 0.001 0.001 0.001 0.001 0.001 0.001 0.001 0.001 0.001 0.001 0.001 0.001 0.001 0.001 0.002 0.003 0.004 0.005 0.005 0.005 0.005 0.005 0.004 0.004 0.003 0.003 0.003 0.003 0.002 0.002 0.002 0.001 0.001 0.001 0.001 0.001 0.001 0.001 0.001 0.000 0.000 0.000 0.000
0.007 0.007 0.007 0.008 0.008 0.008 0.008 0.008 0.008 0.008 0.008 0.008 0.008 0.008 0.008 0.008 0.008 0.008 0.008 0.008 0.007 0.006 0.005 0.005 0.004 0.003 0.003 0.003 0.003 0.003 0.002 0.002 0.002 0.002 0.002 0.002 0.002 0.002 0.002 0.002 0.002 0.002 0.002 0.002 0.002 0.002 0.003 0.004 0.005 0.007 0.009 0.010 0.011 0.011 0.010 0.010 0.009 0.008 0.007 0.007 0.006 0.006 0.005 0.005 0.004 0.004 0.003 0.003 0.003 0.002 0.002 0.002 0.002 0.002 0.001 0.001 0.001
0.008 0.008 0.009 0.009 0.009 0.009 0.009 0.009 0.009 0.009 0.009 0.009 0.009 0.009 0.009 0.009 0.009 0.009 0.009 0.009 0.008 0.008 0.007 0.006 0.006 0.005 0.005 0.005 0.004 0.004 0.004 0.004 0.004 0.004 0.004 0.003 0.003 0.003 0.004 0.004 0.004 0.004 0.004 0.005 0.005 0.006 0.007 0.008 0.010 0.013 0.017 0.020 0.021 0.021 0.020 0.017 0.015 0.013 0.012 0.011 0.010 0.010 0.009 0.008 0.008 0.007 0.007 0.006 0.005 0.005 0.005 0.004 0.004 0.004 0.004 0.003 0.003
0.010 0.010 0.010 0.010 0.010 0.010 0.010 0.010 0.010 0.010 0.010 0.011 0.011 0.011 0.010 0.010 0.010 0.010 0.010 0.010 0.009 0.009 0.008 0.008 0.007 0.007 0.007 0.007 0.006 0.006 0.006 0.006 0.006 0.006 0.006 0.006 0.006 0.006 0.006 0.006 0.007 0.007 0.008 0.009 0.010 0.011 0.013 0.016 0.019 0.025 0.034 0.044 0.046 0.046 0.042 0.032 0.025 0.021 0.019 0.017 0.016 0.015 0.014 0.013 0.012 0.011 0.010 0.010 0.009 0.008 0.008 0.008 0.007 0.007 0.007 0.007 0.007
0.011 0.011 0.011 0.011 0.011 0.011 0.011 0.011 0.011 0.011 0.012 0.012 0.012 0.012 0.011 0.011 0.011 0.011 0.011 0.011 0.011 0.010 0.010 0.009 0.009 0.009 0.009 0.009 0.009 0.009 0.009 0.009 0.008 0.008 0.008 0.008 0.009 0.009 0.009 0.010 0.011 0.012 0.014 0.016 0.018 0.021 0.025 0.032 0.041 0.055 0.083 0.125 0.136 0.133 0.116 0.076 0.048 0.036 0.029 0.026 0.023 0.022 0.020 0.019 0.018 0.017 0.015 0.014 0.013 0.013 0.012 0.012 0.011 0.011 0.011 0.011 0.011
0.012 0.012 0.012 0.012 0.012 0.012 0.012 0.012 0.012 0.012 0.013 0.013 0.013 0.013 0.013 0.012 0.012 0.012 0.012 0.012 0.012 0.011 0.011 0.011 0.011 0.011 0.011 0.011 0.011 0.011 0.011 0.011 0.011 0.011 0.011 0.011 0.012 0.012 0.013 0.014 0.016 0.019 0.022 0.027 0.033 0.041 0.054 0.074 0.106 0.158 0.260 0.440 0.500 0.478 0.403 0.262 0.136 0.079 0.054 0.042 0.036 0.032 0.030 0.028 0.026 0.024 0.022 0.020 0.019 0.018 0.017 0.017 0.017 0.017 0.017 0.016 0.016
0.015 0.014 0.014 0.013 0.013 0.013 0.013 0.013 0.013 0.014 0.014 0.014 0.014 0.014 0.014 0.014 0.013 0.013 0.013 0.013 0.013 0.013 0.012 0.012 0.012 0.012 0.013 0.013 0.013 0.013 0.014 0.014 0.014 0.014 0.014 0.015 0.015 0.016 0.018 0.021 0.025 0.030 0.037 0.048 0.065 0.092 0.132 0.192 0.285 0.438 0.716 1.190 1.525 1.573 1.388 0.990 0.550 0.280 0.153 0.097 0.070 0.056 0.049 0.044 0.040 0.036 0.033 0.030 0.028 0.026 0.025 0.024 0.024 0.024 0.024 0.024 0.023
0.020 0.017 0.016 0.015 0.015 0.014 0.014 0.014 0.014 0.015 0.015 0.015 0.015 0.015 0.015 0.015 0.015 0.015 0.014 0.014 0.014 0.014 0.014 0.014 0.014 0.014 0.015 0.015 0.015 0.016 0.016 0.017 0.017 0.017 0.017 0.018 0.019 0.021 0.024 0.029 0.037 0.048 0.065 0.092 0.134 0.199 0.293 0.432 0.631 0.919 1.309 1.835 2.399 2.766 2.875 2.620 1.982 1.219 0.633 0.346 0.212 0.145 0.108 0.085 0.071 0.063 0.056 0.050 0.045 0.041 0.038 0.038 0.038 0.038 0.037 0.036 0.034
0.037 0.027 0.021 0.018 0.017 0.016 0.016 0.016 0.016 0.016 0.016 0.016 0.016 0.017 0.017 0.017 0.017 0.016 0.016 0.015 0.015 0.015 0.016 0.016 0.016 0.016 0.017 0.017 0.018 0.019 0.019 0.020 0.020 0.021 0.021 0.022 0.024 0.027 0.033 0.043 0.057 0.080 0.115 0.171 0.257 0.381 0.546 0.746 0.985 1.283 1.626 2.037 2.570 3.114 3.492 3.632 3.499 3.033 2.233 1.419 0.849 0.538 0.361 0.248 0.181 0.146 0.126 0.109 0.095 0.083 0.074 0.070 0.068 0.068 0.065 0.060 0.056
0.120 0.066 0.039 0.027 0.021 0.019 0.018 0.017 0.017 0.017 0.017 0.017 0.018 0.018 0.018 0.018 0.018 0.018 0.018 0.017 0.017 0.017 0.018 0.018 0.018 0.019 0.019 0.020 0.021 0.022 0.023 0.024 0.024 0.025 0.026 0.027 0.030 0.037 0.047 0.064 0.090 0.132 0.199 0.300 0.437 0.598 0.772 0.957 1.177 1.425 1.666 1.939 2.314 2.840 3.395 3.794 3.939 3.905 3.709 3.332 2.742 2.072 1.447 0.954 0.649 0.482 0.392 0.327 0.276 0.233 0.197 0.174 0.162 0.152 0.139 0.118 0.105
0.549 0.267 0.124 0.061 0.035 0.025 0.021 0.020 0.019 0.019 0.019 0.019 0.020 0.020 0.020 0.020 0.021 0.020 0.020 0.020 0.020 0.020 0.021 0.021 0.021 0.022 0.022 0.023 0.025 0.026 0.028 0.029 0.031 0.032 0.033 0.036 0.042 0.052 0.070 0.097 0.143 0.217 0.332 0.485 0.646 0.798 0.949 1.110 1.307 1.491 1.625 1.742 1.885 2.131 2.574 3.156 3.645 3.922 4.081 4.158 4.082 3.868 3.493 2.934 2.314 1.807 1.419 1.138 0.941 0.783 0.651 0.545 0.476 0.420 0.356 0.277 0.226
2.048 1.094 0.508 0.218 0.097 0.050 0.033 0.026 0.023 0.022 0.022 0.022 0.023 0.023 0.023 0.023 0.023 0.023 0.023 0.023 0.023 0.024 0.024 0.025 0.025 0.025 0.026 0.028 0.030 0.033 0.036 0.038 0.041 0.043 0.047 0.053 0.063 0.079 0.107 0.154 0.231 0.352 0.521 0.706 0.861 0.995 1.127 1.275 1.433 1.547 1.616 1.672 1.731 1.815 1.964 2.215 2.597 3.078 3.618 4.078 4.308 4.383 4.352 4.219 3.977 3.678 3.401 3.119 2.797 2.439 2.040 1.681 1.407 1.188 0.961 0.704 0.524
4.503 3.045 1.655 0.797 0.350 0.155 0.078 0.048 0.035 0.030 0.028 0.028 0.028 0.028 0.028 0.027 0.027 0.027 0.027 0.028 0.029 0.029 0.030 0.030 0.031 0.032 0.034 0.037 0.040 0.045 0.049 0.054 0.058 0.064 0.072 0.084 0.101 0.127 0.172 0.251 0.378 0.553 0.753 0.934 1.082 1.210 1.339 1.469 1.561 1.608 1.634 1.665 1.712 1.770 1.838 1.932 2.074 2.275 2.566 3.026 3.584 4.073 4.381 4.480 4.440 4.348 4.289 4.306 4.380 4.457 4.331 3.978 3.454 2.919 2.336 1.675 1.176
6.119 5.097 3.584 2.115 1.116 0.541 0.255 0.131 0.078 0.055 0.045 0.041 0.041 0.040 0.039 0.038 0.036 0.036 0.036 0.037 0.039 0.040 0.040 0.040 0.042 0.045 0.049 0.055 0.061 0.067 0.074 0.081 0.090 0.100 0.115 0.135 0.164 0.210 0.287 0.418 0.606 0.813 1.005 1.175 1.332 1.472 1.580 1.648 1.686 1.706 1.721 1.749 1.792 1.834 1.878 1.940 2.022 2.099 2.178 2.299 2.516 2.908 3.450 3.980 4.295 4.418 4.476 4.593 4.826 5.225 5.569 5.621 5.397 4.958 4.288 3.312 2.318
6.856 6.257 5.282 3.977 2.613 1.498 0.800 0.416 0.223 0.132 0.093 0.079 0.076 0.076 0.074 0.070 0.066 0.064 0.064 0.065 0.066 0.065 0.064 0.065 0.068 0.074 0.084 0.097 0.106 0.113 0.121 0.131 0.143 0.159 0.178 0.207 0.256 0.338 0.473 0.672 0.899 1.098 1.273 1.448 1.614 1.727 1.769 1.774 1.785 1.811 1.855 1.919 1.974 2.019 2.061 2.091 2.112 2.116 2.113 2.108 2.129 2.206 2.374 2.706 3.168 3.666 4.084 4.417 4.767 5.274 5.874 6.182 6.211 6.024 5.557 4.722 3.617
7.272 6.950 6.348 5.478 4.320 2.977 1.827 1.072 0.615 0.359 0.235 0.191 0.183 0.183 0.182 0.175 0.166 0.159 0.156 0.153 0.150 0.143 0.133 0.129 0.133 0.144 0.165 0.187 0.199 0.204 0.209 0.218 0.230 0.247 0.270 0.310 0.386 0.522 0.731 0.983 1.212 1.400 1.576 1.750 1.877 1.919 1.890 1.858 1.854 1.878 1.941 2.027 2.101 2.163 2.202 2.207 2.187 2.147 2.090 2.022 1.954 1.905 1.888 1.917 2.013 2.211 2.557 3.012 3.561 4.301 5.275 6.076 6.339 6.295 6.024 5.400 4.470
7.489 7.333 6.943 6.291 5.398 4.271 3.061 2.065 1.350 0.880 0.614 0.501 0.479 0.487 0.498 0.495 0.479 0.459 0.442 0.428 0.412 0.388 0.344 0.303 0.295 0.307 0.340 0.368 0.377 0.370 0.358 0.356 0.362 0.375 0.407 0.474 0.593 0.787 1.056 1.320 1.544 1.750 1.932 2.061 2.108 2.060 1.969 1.928 1.924 1.947 2.008 2.092 2.168 2.217 2.231 2.219 2.178 2.107 2.010 1.900 1.775 1.641 1.515 1.409 1.341 1.307 1.316 1.398 1.601 2.052 3.061 4.610 5.786 6.074 5.953 5.486 4.741
7.519 7.429 7.150 6.656 5.998 5.189 4.217 3.227 2.398 1.801 1.430 1.246 1.192 1.197 1.210 1.197 1.179 1.162 1.153 1.138 1.113 1.059 0.940 0.777 0.692 0.673 0.689 0.700 0.686 0.641 0.588 0.563 0.559 0.573 0.628 0.747 0.928 1.172 1.459 1.714 1.951 2.179 2.334 2.382 2.325 2.179 2.060 2.023 2.029 2.041 2.068 2.123 2.185 2.212 2.201 2.148 2.046 1.895 1.730 1.577 1.425 1.249 1.072 0.934 0.838 0.757 0.682 0.648 0.672 0.794 1.184 2.229 3.942 5.095 5.308 5.093 4.606
7.425 7.335 7.152 6.848 6.435 5.911 5.254 4.449 3.698 3.135 2.771 2.568 2.476 2.429 2.368 2.296 2.274 2.291 2.355 2.395 2.386 2.292 2.049 1.736 1.535 1.426 1.350 1.277 1.184 1.055 0.942 0.882 0.868 0.890 0.983 1.158 1.402 1.712 2.014 2.278 2.514 2.696 2.773 2.725 2.551 2.340 2.236 2.197 2.170 2.134 2.110 2.125 2.153 2.136 2.056 1.887 1.633 1.349 1.111 0.943 0.815 0.706 0.618 0.550 0.491 0.428 0.356 0.314 0.308 0.337 0.474 0.917 2.001 3.400 4.060 4.138 3.987
7.222 7.154 7.114 7.028 6.849 6.554 6.140 5.607 5.101 4.730 4.483 4.329 4.217 4.087 3.875 3.656 3.580 3.619 3.722 3.766 3.705 3.481 3.069 2.677 2.450 2.323 2.216 2.092 1.923 1.701 1.510 1.407 1.384 1.416 1.530 1.723 2.007 2.416 2.760 2.982 3.114 3.165 3.132 3.011 2.800 2.574 2.438 2.348 2.260 2.179 2.120 2.082 2.024 1.896 1.640 1.288 0.951 0.704 0.548 0.457 0.402 0.367 0.342 0.319 0.294 0.260 0.214 0.188 0.181 0.187 0.237 0.419 0.927 1.899 2.648 2.915 3.002
7.000 7.100 7.218 7.315 7.320 7.197 6.964 6.702 6.466 6.316 6.242 6.191 6.105 5.926 5.609 5.226 4.992 4.903 4.863 4.780 4.584 4.207 3.663 3.213 2.954 2.843 2.774 2.692 2.582 2.432 2.286 2.197 2.173 2.215 2.314 2.460 2.689 3.072 3.357 3.472 3.500 3.451 3.325 3.153 2.948 2.722 2.539 2.399 2.276 2.161 2.038 1.883 1.657 1.326 0.953 0.659 0.475 0.355 0.283 0.245 0.225 0.212 0.204 0.197 0.188 0.170 0.149 0.139 0.137 0.143 0.166 0.241 0.456 0.929 1.506 1.862 2.068
6.718 7.129 7.530 7.847 8.038 8.098 8.078 8.068 8.062 8.080 8.136 8.176 8.148 8.003 7.702 7.245 6.775 6.372 6.023 5.692 5.294 4.735 4.060 3.529 3.192 3.043 3.005 2.986 2.960 2.912 2.869 2.870 2.913 2.981 3.049 3.117 3.237 3.499 3.681 3.710 3.661 3.536 3.363 3.174 2.974 2.764 2.557 2.356 2.151 1.925 1.657 1.321 0.954 0.645 0.444 0.317 0.238 0.190 0.164 0.154 0.149 0.144 0.140 0.136 0.130 0.121 0.114 0.112 0.115 0.125 0.144 0.183 0.273 0.462 0.767 1.065 1.307
