RESULTS/r.avaflow_results/13_results/13_ascii/13_hflow10056.asc
ncols 506
nrows 317
xllcenter 498237.50
yllcenter 5580050.00
cellsize 12.50
NODATA_value -9999.000
[rows 170 to 203 of 317, columns 154 to 230 of 506]
13.987 12.433 10.997 9.670 8.483 7.424 6.485 5.658 4.937 4.295 3.728 3.230 2.785 2.388 2.036 1.724 1.446 1.201 0.986 0.799 0.638 0.501 0.386 0.291 0.216 0.160 0.124 0.101 0.089 0.084 0.082 0.081 0.081 0.081 0.081 0.081 0.082 0.084 0.083 0.079 0.073 0.067 0.063 0.059 0.054 0.049 0.042 0.033 0.026 0.019 0.014 0.010 0.008 0.007 0.006 0.005 0.005 0.005 0.005 0.005 0.005 0.005 0.005 0.005 0.005 0.005 0.005 0.006 0.009 0.015 0.024 0.029 0.031 0.029 0.023 0.015 0.009
15.117 13.522 12.024 10.638 9.377 8.230 7.214 6.319 5.526 4.820 4.197 3.647 3.160 2.718 2.324 1.973 1.661 1.384 1.141 0.927 0.741 0.580 0.445 0.334 0.245 0.178 0.132 0.105 0.091 0.087 0.087 0.089 0.090 0.090 0.089 0.088 0.086 0.085 0.083 0.079 0.071 0.064 0.059 0.054 0.048 0.041 0.031 0.021 0.013 0.009 0.006 0.005 0.004 0.003 0.003 0.003 0.003 0.004 0.004 0.004 0.004 0.004 0.004 0.003 0.003 0.003 0.004 0.004 0.006 0.010 0.018 0.025 0.028 0.028 0.026 0.021 0.013
15.994 14.397 12.855 11.425 10.096 8.900 7.842 6.881 6.024 5.271 4.602 4.008 3.482 3.001 2.574 2.189 1.849 1.548 1.282 1.049 0.845 0.667 0.514 0.385 0.281 0.201 0.144 0.108 0.091 0.086 0.086 0.089 0.091 0.091 0.090 0.088 0.085 0.082 0.079 0.072 0.062 0.053 0.046 0.039 0.032 0.023 0.015 0.009 0.006 0.004 0.003 0.002 0.002 0.002 0.002 0.002 0.003 0.003 0.003 0.003 0.003 0.003 0.003 0.003 0.002 0.002 0.003 0.003 0.004 0.007 0.012 0.020 0.025 0.027 0.027 0.025 0.020
16.587 15.005 13.446 12.002 10.664 9.441 8.348 7.350 6.457 5.672 4.959 4.328 3.767 3.253 2.796 2.383 2.015 1.688 1.403 1.151 0.932 0.742 0.579 0.440 0.325 0.232 0.163 0.117 0.092 0.083 0.082 0.085 0.087 0.087 0.086 0.082 0.078 0.073 0.067 0.057 0.043 0.032 0.024 0.018 0.013 0.009 0.006 0.004 0.002 0.002 0.002 0.001 0.001 0.002 0.002 0.002 0.003 0.003 0.003 0.003 0.003 0.003 0.002 0.002 0.002 0.002 0.002 0.002 0.003 0.005 0.008 0.014 0.022 0.026 0.027 0.027 0.024
16.910 15.340 13.819 12.393 11.075 9.855 8.748 7.736 6.818 6.009 5.260 4.593 4.002 3.463 2.978 2.547 2.155 1.807 1.502 1.236 1.003 0.803 0.631 0.485 0.364 0.266 0.189 0.133 0.098 0.081 0.075 0.074 0.075 0.075 0.073 0.068 0.062 0.055 0.045 0.033 0.021 0.014 0.010 0.007 0.005 0.003 0.002 0.002 0.001 0.001 0.001 0.001 0.001 0.001 0.002 0.002 0.002 0.003 0.003 0.003 0.003 0.002 0.002 0.002 0.002 0.002 0.002 0.002 0.002 0.003 0.005 0.009 0.017 0.024 0.027 0.027 0.026
17.041 15.489 14.017 12.645 11.341 10.148 9.046 8.039 7.109 6.281 5.508 4.810 4.193 3.628 3.120 2.672 2.261 1.899 1.578 1.300 1.056 0.848 0.668 0.518 0.392 0.291 0.212 0.151 0.109 0.083 0.070 0.062 0.058 0.054 0.049 0.043 0.036 0.029 0.022 0.015 0.009 0.006 0.004 0.003 0.002 0.002 0.001 0.001 0.001 0.001 0.001 0.001 0.001 0.001 0.002 0.002 0.002 0.003 0.003 0.003 0.003 0.002 0.002 0.002 0.002 0.002 0.002 0.002 0.002 0.002 0.003 0.006 0.011 0.019 0.024 0.026 0.026
17.070 15.534 14.106 12.775 11.511 10.349 9.264 8.264 7.330 6.482 5.693 4.972 4.337 3.751 3.224 2.759 2.334 1.959 1.627 1.340 1.089 0.875 0.692 0.537 0.409 0.306 0.225 0.164 0.118 0.087 0.067 0.053 0.042 0.032 0.025 0.019 0.016 0.013 0.010 0.006 0.004 0.003 0.002 0.002 0.001 0.001 0.001 0.001 0.001 0.001 0.001 0.001 0.001 0.001 0.002 0.002 0.003 0.003 0.003 0.003 0.002 0.002 0.002 0.002 0.002 0.002 0.002 0.002 0.002 0.002 0.003 0.004 0.007 0.014 0.021 0.024 0.024
17.048 15.532 14.124 12.826 11.613 10.485 9.412 8.421 7.492 6.639 5.840 5.099 4.440 3.839 3.292 2.811 2.375 1.989 1.650 1.355 1.102 0.886 0.701 0.545 0.416 0.312 0.230 0.168 0.122 0.088 0.062 0.042 0.027 0.017 0.011 0.008 0.006 0.005 0.004 0.003 0.002 0.002 0.001 0.001 0.001 0.001 0.001 0.001 0.001 0.001 0.001 0.001 0.001 0.002 0.002 0.002 0.003 0.003 0.003 0.003 0.003 0.002 0.002 0.002 0.002 0.002 0.002 0.002 0.002 0.002 0.002 0.003 0.005 0.009 0.015 0.020 0.022
16.948 15.481 14.096 12.831 11.655 10.560 9.514 8.536 7.623 6.766 5.966 5.219 4.534 3.912 3.342 2.842 2.391 1.996 1.652 1.357 1.103 0.887 0.703 0.547 0.417 0.312 0.230 0.167 0.119 0.081 0.052 0.029 0.015 0.008 0.005 0.003 0.003 0.002 0.002 0.001 0.001 0.001 0.001 0.001 0.001 0.001 0.001 0.001 0.001 0.001 0.001 0.001 0.002 0.002 0.002 0.003 0.003 0.003 0.003 0.003 0.003 0.002 0.002 0.002 0.002 0.002 0.002 0.002 0.002 0.002 0.002 0.003 0.004 0.006 0.010 0.015 0.018
16.708 15.339 14.012 12.782 11.645 10.586 9.586 8.640 7.746 6.889 6.090 5.337 4.633 3.984 3.394 2.869 2.402 1.997 1.647 1.349 1.095 0.880 0.698 0.542 0.412 0.305 0.219 0.151 0.099 0.059 0.031 0.015 0.007 0.004 0.002 0.002 0.001 0.001 0.001 0.001 0.001 0.001 0.001 0.001 0.001 0.001 0.001 0.001 0.001 0.001 0.001 0.002 0.002 0.003 0.003 0.003 0.003 0.003 0.003 0.003 0.003 0.003 0.002 0.002 0.002 0.002 0.002 0.002 0.002 0.002 0.002 0.002 0.003 0.005 0.007 0.010 0.014
16.345 15.064 13.821 12.663 11.580 10.581 9.637 8.741 7.865 7.023 6.226 5.467 4.745 4.066 3.449 2.899 2.413 1.993 1.634 1.327 1.071 0.856 0.675 0.522 0.390 0.279 0.185 0.109 0.057 0.027 0.012 0.006 0.003 0.002 0.001 0.001 0.001 0.001 0.001 0.001 0.001 0.001 0.001 0.001 0.001 0.001 0.001 0.001 0.001 0.001 0.002 0.002 0.003 0.004 0.004 0.004 0.004 0.004 0.004 0.004 0.004 0.003 0.003 0.002 0.002 0.002 0.002 0.002 0.002 0.002 0.002 0.002 0.003 0.004 0.006 0.008 0.010
15.805 14.615 13.500 12.444 11.450 10.541 9.678 8.847 8.025 7.191 6.370 5.586 4.836 4.141 3.503 2.933 2.426 1.986 1.609 1.290 1.023 0.798 0.612 0.458 0.328 0.213 0.117 0.052 0.021 0.009 0.004 0.002 0.002 0.001 0.001 0.001 0.001 0.001 0.001 0.001 0.001 0.001 0.001 0.001 0.001 0.001 0.001 0.001 0.001 0.002 0.002 0.003 0.005 0.005 0.006 0.006 0.006 0.006 0.005 0.005 0.004 0.004 0.003 0.003 0.002 0.002 0.002 0.002 0.002 0.002 0.002 0.002 0.003 0.004 0.005 0.007 0.009
15.156 14.060 13.056 12.128 11.262 10.450 9.672 8.913 8.153 7.341 6.488 5.655 4.879 4.175 3.529 2.946 2.425 1.966 1.564 1.216 0.912 0.652 0.446 0.294 0.183 0.099 0.044 0.016 0.006 0.003 0.002 0.001 0.001 0.001 0.001 0.001 0.001 0.001 0.001 0.001 0.001 0.001 0.001 0.001 0.001 0.001 0.001 0.001 0.002 0.002 0.003 0.005 0.007 0.008 0.008 0.008 0.008 0.008 0.007 0.006 0.006 0.005 0.004 0.003 0.003 0.002 0.002 0.002 0.002 0.002 0.002 0.002 0.003 0.004 0.005 0.006 0.008
14.378 13.376 12.462 11.663 10.956 10.285 9.622 8.947 8.208 7.406 6.536 5.669 4.880 4.174 3.522 2.922 2.370 1.863 1.399 0.985 0.626 0.351 0.185 0.100 0.053 0.026 0.011 0.004 0.002 0.001 0.001 0.001 0.001 0.001 0.001 0.001 0.001 0.001 0.001 0.001 0.001 0.001 0.001 0.001 0.001 0.001 0.001 0.002 0.002 0.003 0.005 0.009 0.011 0.013 0.013 0.014 0.013 0.012 0.010 0.009 0.008 0.006 0.005 0.004 0.004 0.003 0.003 0.002 0.002 0.002 0.002 0.003 0.003 0.004 0.005 0.007 0.009
13.596 12.649 11.796 11.074 10.470 9.947 9.413 8.843 8.163 7.384 6.518 5.614 4.777 4.040 3.349 2.693 2.057 1.457 0.920 0.494 0.230 0.100 0.044 0.022 0.011 0.006 0.003 0.002 0.001 0.001 0.001 0.001 0.001 0.001 0.001 0.001 0.001 0.001 0.001 0.001 0.001 0.001 0.001 0.001 0.001 0.001 0.002 0.002 0.004 0.007 0.012 0.018 0.022 0.024 0.025 0.024 0.021 0.018 0.015 0.013 0.011 0.009 0.007 0.006 0.005 0.004 0.003 0.003 0.003 0.003 0.003 0.003 0.004 0.005 0.006 0.008 0.011
12.814 11.860 11.003 10.276 9.667 9.172 8.701 8.223 7.658 6.976 6.162 5.224 4.253 3.385 2.613 1.897 1.227 0.678 0.317 0.128 0.047 0.019 0.009 0.005 0.003 0.002 0.001 0.001 0.001 0.001 0.001 0.001 0.001 0.001 0.001 0.001 0.001 0.001 0.001 0.001 0.001 0.001 0.001 0.001 0.002 0.002 0.003 0.005 0.010 0.018 0.031 0.042 0.048 0.050 0.048 0.042 0.035 0.029 0.024 0.020 0.016 0.013 0.010 0.008 0.007 0.005 0.005 0.004 0.004 0.004 0.004 0.005 0.006 0.007 0.009 0.012 0.016
12.003 11.007 10.047 9.174 8.371 7.694 7.120 6.605 6.076 5.482 4.770 3.859 2.786 1.856 1.173 0.703 0.377 0.168 0.063 0.022 0.009 0.004 0.003 0.002 0.001 0.001 0.001 0.001 0.001 0.001 0.001 0.001 0.001 0.001 0.001 0.001 0.001 0.001 0.001 0.001 0.001 0.002 0.002 0.002 0.003 0.005 0.008 0.015 0.030 0.054 0.080 0.097 0.104 0.101 0.089 0.073 0.058 0.048 0.039 0.032 0.026 0.020 0.016 0.012 0.010 0.008 0.007 0.006 0.006 0.005 0.005 0.006 0.007 0.010 0.013 0.019 0.025
10.981 9.847 8.760 7.696 6.582 5.515 4.611 3.870 3.245 2.689 2.138 1.553 0.973 0.545 0.291 0.152 0.072 0.030 0.011 0.005 0.003 0.002 0.002 0.001 0.001 0.001 0.001 0.001 0.001 0.001 0.001 0.001 0.001 0.001 0.001 0.002 0.002 0.002 0.002 0.002 0.003 0.004 0.005 0.006 0.009 0.014 0.026 0.051 0.094 0.142 0.179 0.194 0.185 0.157 0.128 0.105 0.088 0.075 0.064 0.053 0.042 0.032 0.025 0.019 0.014 0.011 0.009 0.007 0.006 0.006 0.006 0.006 0.008 0.011 0.016 0.023 0.031
9.637 8.393 7.190 5.974 4.690 3.475 2.464 1.703 1.181 0.825 0.567 0.359 0.204 0.107 0.055 0.028 0.014 0.006 0.003 0.002 0.002 0.002 0.001 0.001 0.001 0.001 0.001 0.001 0.001 0.001 0.002 0.002 0.002 0.002 0.002 0.003 0.003 0.004 0.005 0.007 0.009 0.011 0.015 0.020 0.030 0.050 0.092 0.165 0.240 0.294 0.313 0.286 0.235 0.185 0.150 0.126 0.109 0.096 0.082 0.068 0.053 0.041 0.031 0.023 0.017 0.013 0.010 0.008 0.007 0.006 0.006 0.007 0.008 0.012 0.017 0.024 0.033
8.000 6.699 5.416 4.142 2.934 1.914 1.137 0.631 0.348 0.200 0.119 0.070 0.039 0.022 0.012 0.007 0.004 0.003 0.002 0.002 0.002 0.002 0.001 0.001 0.001 0.002 0.002 0.002 0.002 0.002 0.003 0.003 0.004 0.005 0.006 0.008 0.010 0.013 0.018 0.023 0.030 0.040 0.054 0.075 0.109 0.172 0.284 0.395 0.453 0.455 0.404 0.323 0.250 0.197 0.161 0.137 0.119 0.105 0.090 0.074 0.058 0.045 0.034 0.025 0.018 0.013 0.010 0.008 0.007 0.006 0.006 0.006 0.008 0.011 0.017 0.024 0.033
6.040 4.650 3.357 2.271 1.423 0.800 0.401 0.187 0.089 0.048 0.028 0.018 0.012 0.008 0.006 0.004 0.003 0.003 0.002 0.002 0.002 0.002 0.002 0.002 0.002 0.002 0.003 0.003 0.004 0.006 0.007 0.010 0.013 0.017 0.021 0.027 0.036 0.049 0.066 0.086 0.111 0.145 0.189 0.246 0.327 0.449 0.573 0.630 0.614 0.540 0.430 0.330 0.256 0.204 0.167 0.141 0.122 0.106 0.091 0.075 0.059 0.045 0.034 0.025 0.018 0.013 0.010 0.008 0.006 0.006 0.005 0.006 0.007 0.010 0.015 0.022 0.031
3.577 2.390 1.515 0.889 0.470 0.224 0.101 0.048 0.025 0.017 0.013 0.011 0.009 0.007 0.005 0.004 0.003 0.003 0.002 0.002 0.002 0.002 0.002 0.003 0.004 0.005 0.007 0.010 0.014 0.019 0.026 0.035 0.047 0.061 0.077 0.099 0.132 0.177 0.228 0.283 0.344 0.415 0.490 0.563 0.638 0.715 0.756 0.744 0.676 0.559 0.431 0.331 0.259 0.207 0.170 0.143 0.123 0.106 0.090 0.074 0.059 0.045 0.034 0.025 0.018 0.013 0.009 0.007 0.006 0.005 0.004 0.004 0.004 0.006 0.010 0.017 0.026
1.472 0.852 0.457 0.226 0.105 0.050 0.027 0.018 0.014 0.013 0.012 0.011 0.009 0.007 0.006 0.004 0.003 0.003 0.003 0.003 0.003 0.003 0.004 0.006 0.010 0.016 0.024 0.037 0.053 0.074 0.099 0.130 0.168 0.211 0.260 0.326 0.416 0.515 0.609 0.683 0.733 0.757 0.771 0.786 0.805 0.821 0.813 0.770 0.683 0.559 0.430 0.331 0.259 0.208 0.171 0.144 0.122 0.102 0.084 0.067 0.052 0.039 0.029 0.021 0.015 0.011 0.008 0.005 0.004 0.003 0.002 0.002 0.002 0.003 0.005 0.008 0.015
0.391 0.195 0.095 0.047 0.027 0.019 0.016 0.015 0.014 0.014 0.014 0.013 0.012 0.010 0.007 0.006 0.004 0.004 0.004 0.004 0.005 0.007 0.012 0.021 0.036 0.059 0.093 0.141 0.200 0.267 0.343 0.430 0.523 0.618 0.721 0.841 0.966 1.049 1.074 1.043 0.983 0.919 0.875 0.853 0.843 0.835 0.817 0.769 0.683 0.559 0.429 0.330 0.257 0.205 0.167 0.137 0.111 0.086 0.065 0.047 0.034 0.024 0.018 0.013 0.009 0.007 0.005 0.003 0.002 0.002 0.001 0.001 0.001 0.001 0.002 0.003 0.006
0.076 0.038 0.022 0.016 0.016 0.016 0.018 0.019 0.020 0.021 0.021 0.020 0.018 0.014 0.011 0.008 0.007 0.007 0.007 0.008 0.013 0.023 0.044 0.080 0.136 0.221 0.343 0.492 0.646 0.797 0.951 1.106 1.242 1.352 1.432 1.481 1.480 1.423 1.317 1.182 1.051 0.949 0.885 0.853 0.837 0.822 0.798 0.748 0.662 0.539 0.411 0.312 0.239 0.185 0.145 0.111 0.081 0.054 0.035 0.022 0.015 0.011 0.008 0.006 0.005 0.004 0.003 0.002 0.001 0.001 0.001 0.001 0.001 0.001 0.001 0.001 0.002
0.016 0.011 0.011 0.013 0.017 0.022 0.028 0.033 0.035 0.036 0.036 0.034 0.028 0.022 0.018 0.016 0.015 0.015 0.018 0.026 0.045 0.087 0.166 0.293 0.473 0.718 1.026 1.324 1.560 1.734 1.852 1.921 1.948 1.945 1.908 1.837 1.719 1.561 1.375 1.198 1.052 0.941 0.866 0.821 0.785 0.746 0.698 0.632 0.540 0.427 0.321 0.239 0.177 0.130 0.093 0.063 0.039 0.024 0.014 0.009 0.007 0.005 0.004 0.003 0.003 0.002 0.002 0.001 0.001 0.001 0.001 0.001 0.001 0.001 0.001 0.001 0.001
0.007 0.008 0.011 0.017 0.025 0.038 0.050 0.058 0.062 0.063 0.062 0.056 0.047 0.039 0.035 0.034 0.036 0.042 0.056 0.091 0.168 0.316 0.553 0.877 1.281 1.721 2.116 2.364 2.465 2.481 2.435 2.358 2.273 2.182 2.074 1.941 1.776 1.581 1.375 1.193 1.039 0.910 0.803 0.713 0.629 0.542 0.455 0.372 0.288 0.212 0.154 0.114 0.083 0.059 0.040 0.025 0.015 0.009 0.006 0.004 0.003 0.003 0.002 0.002 0.002 0.001 0.001 0.001 0.001 0.001 0.001 0.001 0.001 0.001 0.001 0.001 0.001
0.006 0.010 0.016 0.027 0.044 0.065 0.084 0.096 0.102 0.103 0.101 0.094 0.083 0.077 0.077 0.083 0.097 0.126 0.187 0.312 0.545 0.912 1.388 1.895 2.348 2.676 2.870 2.940 2.913 2.823 2.677 2.508 2.360 2.227 2.095 1.952 1.782 1.581 1.366 1.167 0.985 0.813 0.649 0.496 0.365 0.265 0.194 0.142 0.102 0.074 0.054 0.041 0.030 0.022 0.015 0.009 0.006 0.003 0.002 0.002 0.002 0.001 0.001 0.001 0.001 0.001 0.001 0.001 0.000 0.000 0.000 0.000 0.000 0.000 0.000 0.001 0.001
0.007 0.014 0.026 0.045 0.072 0.104 0.129 0.148 0.158 0.162 0.162 0.158 0.153 0.155 0.169 0.200 0.254 0.353 0.531 0.841 1.296 1.805 2.275 2.662 2.954 3.120 3.167 3.151 3.086 2.963 2.776 2.555 2.376 2.232 2.097 1.954 1.781 1.567 1.317 1.060 0.821 0.595 0.397 0.252 0.160 0.103 0.068 0.047 0.034 0.025 0.019 0.014 0.011 0.008 0.005 0.003 0.002 0.001 0.001 0.001 0.001 0.001 0.001 0.001 0.001 0.000 0.000 0.000 0.000 0.000 0.000 0.000 0.000 0.000 0.000 0.000 0.000
0.010 0.021 0.040 0.070 0.111 0.154 0.189 0.217 0.236 0.249 0.257 0.264 0.274 0.295 0.340 0.420 0.553 0.766 1.086 1.509 1.971 2.375 2.704 2.968 3.152 3.237 3.249 3.231 3.167 3.034 2.823 2.569 2.366 2.208 2.061 1.901 1.699 1.441 1.128 0.806 0.529 0.321 0.187 0.108 0.064 0.040 0.026 0.018 0.013 0.010 0.008 0.006 0.004 0.003 0.002 0.001 0.001 0.001 0.000 0.000 0.000 0.000 0.000 0.000 0.000 0.000 0.000 0.000 0.000 0.000 0.000 0.000 0.000 0.000 0.000 0.000 0.000
0.013 0.029 0.060 0.109 0.168 0.223 0.271 0.310 0.341 0.366 0.389 0.414 0.445 0.489 0.557 0.671 0.858 1.129 1.478 1.888 2.263 2.568 2.824 3.036 3.187 3.265 3.286 3.275 3.209 3.061 2.831 2.553 2.291 2.058 1.836 1.606 1.350 1.046 0.720 0.444 0.255 0.142 0.079 0.045 0.028 0.018 0.013 0.009 0.007 0.005 0.004 0.003 0.002 0.001 0.001 0.000 0.000 0.000 0.000 0.000 0.000 0.000 0.000 0.000 0.000 0.000 0.000 0.000 0.000 0.000 0.000 0.000 0.000 0.000 0.000 0.000 0.000
0.018 0.045 0.099 0.177 0.255 0.320 0.374 0.415 0.448 0.477 0.507 0.540 0.579 0.630 0.704 0.824 1.023 1.302 1.642 2.017 2.340 2.610 2.845 3.041 3.189 3.274 3.299 3.283 3.206 3.042 2.785 2.451 2.072 1.681 1.316 0.992 0.717 0.485 0.307 0.182 0.103 0.058 0.034 0.021 0.014 0.010 0.007 0.005 0.004 0.003 0.002 0.001 0.001 0.001 0.000 0.000 0.000 0.000 0.000 0.000 0.000 0.000 0.000 0.000 0.000 0.000 0.000 0.000 0.000 0.000 0.000 0.000 0.000 0.000 0.000 0.000 0.000
0.030 0.081 0.178 0.287 0.365 0.419 0.461 0.497 0.529 0.559 0.589 0.621 0.659 0.709 0.782 0.897 1.085 1.353 1.692 2.050 2.358 2.619 2.839 3.008 3.112 3.157 3.135 3.070 2.955 2.761 2.478 2.097 1.606 1.081 0.681 0.427 0.269 0.170 0.106 0.065 0.039 0.024 0.016 0.011 0.008 0.006 0.005 0.004 0.003 0.002 0.001 0.001 0.000 0.000 0.000 0.000 0.000 0.000 0.000 0.000 0.000 0.000 0.000 0.000 0.000 0.000 0.000 0.000 0.000 0.000 0.000 0.000 0.000 0.000 0.000 0.000 0.000
0.060 0.151 0.287 0.393 0.452 0.492 0.527 0.558 0.587 0.614 0.640 0.667 0.700 0.744 0.812 0.920 1.096 1.360 1.705 2.056 2.348 2.578 2.732 2.802 2.778 2.669 2.495 2.318 2.135 1.926 1.672 1.342 0.912 0.524 0.287 0.157 0.090 0.054 0.035 0.023 0.015 0.010 0.008 0.006 0.005 0.004 0.003 0.002 0.002 0.001 0.001 0.000 0.000 0.000 0.000 0.000 0.000 0.000 0.000 0.000 0.000 0.000 0.000 0.000 0.000 0.000 0.000 0.000 0.000 0.000 0.000 0.000 0.000 0.000 0.000 0.000 0.000
