RESULTS/r.avaflow_results/13_results/13_ascii/13_hflow30023.asc
ncols 506
nrows 317
xllcenter 498237.50
yllcenter 5580050.00
cellsize 12.50
NODATA_value -9999.000
[rows 136 to 169 of 317, columns 154 to 230 of 506]
0.000 0.000 0.000 0.000 0.000 0.000 0.000 0.000 0.000 0.000 0.000 0.000 0.000 0.000 0.000 0.000 0.000 0.000 0.000 0.000 0.000 0.000 0.000 0.000 0.000 0.000 0.000 0.000 0.000 0.000 0.000 0.000 0.000 0.000 0.000 0.000 0.000 0.000 0.000 0.000 0.000 0.000 0.000 0.000 0.000 0.000 0.000 0.000 0.000 0.000 0.000 0.000 0.000 0.000 0.000 0.000 0.000 0.000 0.000 0.000 0.000 0.000 0.000 0.000 0.000 0.000 0.000 0.000 0.000 0.000 0.000 0.000 0.000 0.000 0.000 0.000 0.000
0.000 0.000 0.000 0.000 0.000 0.000 0.000 0.000 0.000 0.000 0.000 0.000 0.000 0.000 0.000 0.000 0.000 0.000 0.000 0.000 0.000 0.000 0.000 0.000 0.000 0.000 0.000 0.000 0.000 0.000 0.000 0.000 0.000 0.000 0.000 0.000 0.000 0.000 0.000 0.000 0.000 0.000 0.000 0.000 0.000 0.000 0.000 0.000 0.000 0.000 0.000 0.000 0.000 0.000 0.000 0.000 0.000 0.000 0.000 0.000 0.000 0.000 0.000 0.000 0.000 0.000 0.000 0.000 0.000 0.000 0.000 0.000 0.000 0.000 0.000 0.000 0.000
0.000 0.000 0.000 0.000 0.000 0.000 0.000 0.000 0.000 0.000 0.000 0.000 0.000 0.000 0.000 0.000 0.000 0.000 0.000 0.000 0.000 0.000 0.000 0.000 0.000 0.000 0.000 0.000 0.000 0.000 0.000 0.000 0.000 0.000 0.000 0.000 0.000 0.000 0.000 0.000 0.000 0.000 0.000 0.000 0.000 0.000 0.000 0.000 0.000 0.000 0.000 0.000 0.000 0.000 0.000 0.000 0.000 0.000 0.000 0.000 0.000 0.000 0.000 0.000 0.000 0.000 0.000 0.000 0.000 0.000 0.000 0.000 0.000 0.000 0.000 0.000 0.000
0.000 0.000 0.000 0.000 0.000 0.000 0.000 0.000 0.000 0.000 0.000 0.000 0.000 0.000 0.000 0.000 0.000 0.000 0.000 0.000 0.000 0.000 0.000 0.000 0.000 0.000 0.000 0.000 0.000 0.000 0.000 0.000 0.000 0.000 0.000 0.000 0.000 0.000 0.000 0.000 0.000 0.000 0.000 0.000 0.000 0.000 0.000 0.000 0.000 0.000 0.000 0.000 0.000 0.000 0.000 0.000 0.000 0.000 0.000 0.000 0.000 0.000 0.000 0.000 0.000 0.000 0.000 0.000 0.000 0.000 0.000 0.000 0.000 0.000 0.000 0.000 0.000
0.000 0.000 0.000 0.000 0.000 0.000 0.000 0.000 0.000 0.000 0.000 0.000 0.000 0.000 0.000 0.000 0.000 0.000 0.000 0.000 0.000 0.000 0.000 0.000 0.000 0.000 0.000 0.000 0.000 0.000 0.000 0.000 0.000 0.000 0.000 0.000 0.000 0.000 0.000 0.000 0.000 0.000 0.000 0.000 0.000 0.000 0.000 0.000 0.000 0.000 0.000 0.000 0.000 0.000 0.000 0.000 0.000 0.000 0.000 0.000 0.000 0.000 0.000 0.000 0.000 0.000 0.000 0.000 0.000 0.000 0.000 0.000 0.000 0.000 0.000 0.000 0.000
0.000 0.000 0.000 0.000 0.000 0.000 0.000 0.000 0.000 0.000 0.000 0.000 0.000 0.000 0.000 0.000 0.000 0.000 0.000 0.000 0.000 0.000 0.000 0.000 0.000 0.000 0.000 0.000 0.000 0.000 0.000 0.000 0.000 0.000 0.000 0.000 0.000 0.000 0.000 0.000 0.000 0.000 0.000 0.000 0.000 0.000 0.000 0.000 0.000 0.000 0.000 0.000 0.000 0.000 0.000 0.000 0.000 0.000 0.000 0.000 0.000 0.000 0.000 0.000 0.000 0.000 0.000 0.000 0.000 0.000 0.000 0.000 0.000 0.000 0.000 0.000 0.000
0.000 0.000 0.000 0.000 0.000 0.000 0.000 0.000 0.000 0.000 0.000 0.000 0.000 0.000 0.000 0.000 0.000 0.000 0.000 0.000 0.000 0.000 0.000 0.000 0.000 0.000 0.000 0.000 0.000 0.000 0.000 0.000 0.000 0.000 0.000 0.000 0.000 0.000 0.000 0.000 0.000 0.000 0.000 0.000 0.000 0.000 0.000 0.000 0.000 0.000 0.000 0.000 0.000 0.000 0.000 0.000 0.000 0.000 0.000 0.000 0.000 0.000 0.000 0.000 0.000 0.000 0.000 0.000 0.000 0.000 0.000 0.000 0.000 0.000 0.000 0.000 0.000
0.000 0.000 0.000 0.000 0.000 0.000 0.000 0.000 0.000 0.000 0.000 0.000 0.000 0.000 0.000 0.000 0.000 0.000 0.000 0.000 0.000 0.000 0.000 0.000 0.000 0.000 0.000 0.000 0.000 0.000 0.000 0.000 0.000 0.000 0.000 0.000 0.000 0.000 0.000 0.000 0.000 0.000 0.000 0.000 0.000 0.000 0.000 0.000 0.000 0.000 0.000 0.000 0.000 0.000 0.000 0.000 0.000 0.000 0.000 0.000 0.000 0.000 0.000 0.000 0.000 0.000 0.000 0.000 0.000 0.000 0.000 0.000 0.000 0.000 0.000 0.000 0.000
0.000 0.000 0.000 0.000 0.000 0.000 0.000 0.000 0.000 0.000 0.000 0.000 0.000 0.000 0.000 0.000 0.000 0.000 0.000 0.000 0.000 0.000 0.000 0.000 0.000 0.000 0.000 0.000 0.000 0.000 0.000 0.000 0.000 0.000 0.000 0.000 0.000 0.000 0.000 0.000 0.000 0.000 0.000 0.000 0.000 0.000 0.000 0.000 0.000 0.000 0.000 0.000 0.000 0.000 0.000 0.000 0.000 0.000 0.000 0.000 0.000 0.000 0.000 0.000 0.000 0.000 0.000 0.000 0.000 0.000 0.000 0.000 0.000 0.000 0.000 0.000 0.000
0.001 0.001 0.001 0.001 0.001 0.001 0.001 0.001 0.001 0.001 0.001 0.001 0.001 0.001 0.001 0.001 0.001 0.001 0.001 0.001 0.001 0.000 0.000 0.000 0.000 0.000 0.000 0.000 0.000 0.000 0.000 0.000 0.000 0.000 0.000 0.000 0.000 0.000 0.000 0.000 0.000 0.000 0.000 0.000 0.000 0.000 0.000 0.000 0.000 0.000 0.000 0.000 0.000 0.000 0.000 0.000 0.000 0.000 0.000 0.000 0.000 0.000 0.000 0.000 0.000 0.000 0.000 0.000 0.000 0.000 0.000 0.000 0.000 0.000 0.000 0.000 0.000
0.002 0.002 0.002 0.002 0.002 0.002 0.002 0.002 0.002 0.002 0.002 0.002 0.003 0.003 0.003 0.003 0.002 0.002 0.002 0.002 0.002 0.001 0.001 0.000 0.000 0.000 0.000 0.000 0.000 0.000 0.000 0.000 0.000 0.000 0.000 0.000 0.000 0.000 0.000 0.000 0.000 0.000 0.000 0.000 0.000 0.000 0.000 0.000 0.000 0.000 0.000 0.000 0.000 0.000 0.000 0.000 0.000 0.000 0.000 0.000 0.000 0.000 0.000 0.000 0.000 0.000 0.000 0.000 0.000 0.000 0.000 0.000 0.000 0.000 0.000 0.000 0.000
0.003 0.003 0.003 0.003 0.003 0.003 0.003 0.004 0.004 0.004 0.004 0.004 0.004 0.004 0.004 0.004 0.004 0.004 0.003 0.003 0.003 0.002 0.002 0.001 0.001 0.001 0.001 0.000 0.000 0.000 0.000 0.000 0.000 0.000 0.000 0.000 0.000 0.000 0.000 0.000 0.000 0.000 0.000 0.000 0.000 0.000 0.000 0.000 0.000 0.000 0.001 0.001 0.001 0.001 0.001 0.001 0.001 0.000 0.000 0.000 0.000 0.000 0.000 0.000 0.000 0.000 0.000 0.000 0.000 0.000 0.000 0.000 0.000 0.000 0.000 0.000 0.000
0.004 0.004 0.004 0.004 0.005 0.005 0.005 0.005 0.005 0.005 0.005 0.005 0.005 0.005 0.005 0.005 0.005 0.005 0.005 0.004 0.004 0.003 0.003 0.002 0.002 0.002 0.001 0.001 0.001 0.001 0.001 0.001 0.001 0.001 0.000 0.000 0.000 0.000 0.000 0.000 0.000 0.001 0.001 0.001 0.001 0.001 0.001 0.001 0.001 0.002 0.002 0.002 0.002 0.002 0.002 0.002 0.002 0.002 0.001 0.001 0.001 0.001 0.001 0.001 0.001 0.001 0.001 0.001 0.000 0.000 0.000 0.000 0.000 0.000 0.000 0.000 0.000
0.005 0.005 0.005 0.006 0.006 0.006 0.006 0.006 0.006 0.006 0.006 0.006 0.006 0.006 0.006 0.006 0.006 0.006 0.006 0.006 0.005 0.005 0.004 0.003 0.003 0.003 0.002 0.002 0.002 0.002 0.002 0.002 0.002 0.001 0.001 0.001 0.001 0.001 0.001 0.001 0.001 0.002 0.002 0.002 0.002 0.002 0.002 0.002 0.003 0.003 0.003 0.004 0.004 0.004 0.003 0.003 0.003 0.003 0.003 0.003 0.003 0.002 0.002 0.002 0.002 0.002 0.002 0.001 0.001 0.001 0.001 0.001 0.001 0.001 0.001 0.000 0.000
0.006 0.006 0.006 0.006 0.006 0.007 0.007 0.007 0.007 0.007 0.007 0.007 0.007 0.007 0.007 0.007 0.007 0.007 0.007 0.007 0.006 0.006 0.005 0.005 0.004 0.004 0.004 0.003 0.003 0.003 0.003 0.003 0.003 0.003 0.003 0.003 0.003 0.003 0.003 0.003 0.003 0.003 0.003 0.004 0.004 0.004 0.004 0.005 0.005 0.006 0.006 0.006 0.006 0.006 0.006 0.006 0.005 0.005 0.005 0.005 0.004 0.004 0.004 0.004 0.003 0.003 0.003 0.003 0.003 0.002 0.002 0.002 0.002 0.002 0.002 0.001 0.001
0.007 0.007 0.007 0.007 0.007 0.007 0.007 0.008 0.008 0.008 0.008 0.008 0.008 0.008 0.008 0.008 0.008 0.008 0.008 0.007 0.007 0.007 0.007 0.006 0.006 0.005 0.005 0.005 0.005 0.005 0.005 0.005 0.004 0.004 0.004 0.004 0.004 0.005 0.005 0.005 0.005 0.005 0.006 0.006 0.006 0.006 0.007 0.008 0.008 0.008 0.009 0.009 0.009 0.009 0.008 0.008 0.008 0.007 0.007 0.007 0.006 0.006 0.006 0.006 0.005 0.005 0.005 0.004 0.004 0.004 0.004 0.004 0.003 0.003 0.003 0.003 0.003
0.008 0.008 0.008 0.008 0.008 0.008 0.008 0.008 0.009 0.009 0.009 0.009 0.009 0.009 0.009 0.009 0.009 0.009 0.008 0.008 0.008 0.008 0.008 0.007 0.007 0.007 0.007 0.007 0.006 0.006 0.006 0.006 0.006 0.006 0.006 0.007 0.007 0.007 0.007 0.007 0.008 0.008 0.008 0.009 0.009 0.010 0.010 0.011 0.012 0.012 0.012 0.012 0.012 0.012 0.011 0.011 0.010 0.010 0.009 0.009 0.009 0.008 0.008 0.008 0.007 0.007 0.007 0.006 0.006 0.006 0.006 0.006 0.005 0.005 0.005 0.005 0.005
0.010 0.010 0.010 0.010 0.009 0.009 0.009 0.009 0.010 0.010 0.010 0.010 0.010 0.010 0.010 0.010 0.010 0.009 0.009 0.009 0.009 0.009 0.009 0.009 0.008 0.008 0.008 0.008 0.008 0.008 0.008 0.008 0.009 0.009 0.009 0.009 0.009 0.009 0.009 0.010 0.010 0.011 0.011 0.012 0.012 0.013 0.014 0.015 0.016 0.017 0.017 0.017 0.016 0.016 0.015 0.014 0.013 0.012 0.012 0.011 0.011 0.010 0.010 0.010 0.009 0.009 0.009 0.009 0.008 0.008 0.008 0.008 0.008 0.007 0.007 0.007 0.007
0.013 0.012 0.011 0.011 0.011 0.011 0.010 0.010 0.010 0.011 0.011 0.011 0.011 0.011 0.011 0.011 0.011 0.010 0.010 0.010 0.010 0.010 0.010 0.010 0.010 0.010 0.010 0.010 0.010 0.010 0.010 0.011 0.011 0.011 0.011 0.011 0.011 0.012 0.012 0.013 0.014 0.014 0.015 0.016 0.016 0.018 0.019 0.021 0.022 0.023 0.023 0.022 0.022 0.020 0.019 0.017 0.016 0.015 0.014 0.014 0.013 0.013 0.012 0.012 0.012 0.012 0.011 0.011 0.011 0.011 0.011 0.010 0.010 0.010 0.010 0.009 0.009
0.019 0.016 0.014 0.013 0.012 0.012 0.012 0.011 0.011 0.011 0.012 0.012 0.012 0.012 0.012 0.012 0.012 0.011 0.011 0.011 0.011 0.011 0.011 0.011 0.011 0.011 0.011 0.012 0.012 0.012 0.013 0.013 0.013 0.013 0.013 0.013 0.014 0.014 0.015 0.016 0.017 0.018 0.019 0.020 0.022 0.024 0.027 0.030 0.032 0.032 0.032 0.031 0.029 0.027 0.024 0.022 0.020 0.019 0.018 0.017 0.016 0.015 0.015 0.015 0.015 0.015 0.015 0.015 0.014 0.014 0.014 0.014 0.013 0.013 0.012 0.012 0.012
0.042 0.029 0.021 0.017 0.015 0.014 0.013 0.013 0.013 0.013 0.013 0.013 0.013 0.013 0.013 0.013 0.013 0.013 0.012 0.012 0.012 0.012 0.012 0.013 0.013 0.013 0.013 0.013 0.014 0.014 0.015 0.015 0.015 0.015 0.015 0.016 0.016 0.017 0.018 0.019 0.020 0.021 0.023 0.025 0.028 0.032 0.039 0.045 0.047 0.047 0.046 0.043 0.040 0.036 0.032 0.029 0.027 0.025 0.024 0.022 0.021 0.020 0.019 0.019 0.019 0.019 0.020 0.020 0.019 0.019 0.019 0.018 0.018 0.017 0.016 0.015 0.015
0.147 0.083 0.048 0.030 0.022 0.018 0.016 0.015 0.014 0.014 0.014 0.014 0.014 0.014 0.014 0.014 0.014 0.014 0.014 0.014 0.014 0.014 0.014 0.014 0.014 0.014 0.015 0.015 0.016 0.017 0.017 0.017 0.018 0.018 0.018 0.018 0.018 0.019 0.021 0.022 0.024 0.025 0.027 0.030 0.033 0.039 0.049 0.062 0.070 0.070 0.067 0.061 0.056 0.051 0.046 0.041 0.038 0.036 0.035 0.034 0.032 0.030 0.028 0.027 0.027 0.028 0.029 0.029 0.029 0.029 0.028 0.028 0.026 0.024 0.021 0.019 0.018
0.636 0.339 0.168 0.085 0.047 0.030 0.023 0.019 0.018 0.017 0.017 0.017 0.017 0.016 0.016 0.016 0.016 0.016 0.016 0.016 0.016 0.016 0.016 0.016 0.016 0.016 0.017 0.017 0.018 0.019 0.020 0.020 0.020 0.020 0.021 0.021 0.021 0.022 0.024 0.025 0.027 0.029 0.031 0.035 0.038 0.044 0.055 0.072 0.087 0.092 0.091 0.086 0.080 0.076 0.072 0.068 0.064 0.063 0.064 0.063 0.062 0.058 0.054 0.051 0.049 0.049 0.050 0.051 0.053 0.053 0.053 0.051 0.048 0.040 0.031 0.026 0.024
2.123 1.259 0.657 0.316 0.151 0.078 0.047 0.033 0.027 0.024 0.022 0.021 0.020 0.020 0.019 0.019 0.019 0.018 0.018 0.018 0.018 0.018 0.018 0.018 0.018 0.018 0.019 0.019 0.020 0.021 0.022 0.023 0.024 0.024 0.025 0.025 0.025 0.026 0.027 0.028 0.030 0.033 0.036 0.039 0.043 0.049 0.060 0.077 0.095 0.107 0.113 0.116 0.118 0.121 0.126 0.131 0.135 0.140 0.145 0.148 0.148 0.143 0.135 0.124 0.115 0.112 0.112 0.115 0.124 0.129 0.129 0.126 0.116 0.090 0.059 0.041 0.033
4.283 3.149 1.922 1.039 0.531 0.266 0.140 0.083 0.056 0.043 0.036 0.032 0.029 0.027 0.025 0.024 0.023 0.022 0.022 0.022 0.022 0.021 0.021 0.021 0.021 0.021 0.021 0.022 0.023 0.024 0.025 0.026 0.027 0.029 0.030 0.030 0.029 0.029 0.030 0.031 0.034 0.037 0.040 0.044 0.049 0.056 0.066 0.081 0.100 0.119 0.137 0.155 0.175 0.201 0.236 0.276 0.307 0.330 0.350 0.366 0.374 0.374 0.366 0.347 0.322 0.309 0.308 0.320 0.355 0.378 0.380 0.367 0.330 0.253 0.150 0.088 0.058
5.579 4.860 3.726 2.483 1.483 0.840 0.463 0.259 0.154 0.101 0.074 0.060 0.053 0.047 0.041 0.036 0.033 0.031 0.030 0.029 0.028 0.026 0.025 0.025 0.025 0.025 0.025 0.026 0.026 0.027 0.029 0.030 0.032 0.033 0.034 0.034 0.034 0.034 0.035 0.036 0.039 0.042 0.047 0.052 0.059 0.067 0.078 0.093 0.113 0.141 0.178 0.224 0.285 0.365 0.473 0.591 0.684 0.753 0.806 0.847 0.874 0.891 0.897 0.883 0.849 0.829 0.834 0.876 0.969 1.059 1.073 1.030 0.916 0.712 0.434 0.234 0.132
6.187 5.796 5.114 4.175 3.058 1.971 1.202 0.724 0.432 0.264 0.176 0.134 0.115 0.102 0.088 0.074 0.063 0.056 0.051 0.047 0.042 0.037 0.034 0.033 0.032 0.032 0.032 0.032 0.031 0.032 0.032 0.034 0.036 0.037 0.038 0.038 0.040 0.041 0.042 0.045 0.048 0.053 0.060 0.069 0.080 0.093 0.107 0.127 0.157 0.206 0.280 0.384 0.530 0.728 0.977 1.205 1.361 1.455 1.509 1.540 1.565 1.591 1.620 1.644 1.659 1.689 1.744 1.819 1.926 2.064 2.177 2.201 2.070 1.733 1.181 0.638 0.338
6.533 6.347 5.944 5.314 4.432 3.333 2.298 1.514 0.976 0.623 0.417 0.318 0.275 0.249 0.223 0.193 0.161 0.137 0.118 0.101 0.085 0.069 0.057 0.051 0.047 0.045 0.044 0.042 0.040 0.038 0.038 0.039 0.040 0.041 0.042 0.043 0.046 0.049 0.053 0.058 0.065 0.075 0.090 0.109 0.130 0.152 0.177 0.215 0.276 0.377 0.531 0.752 1.068 1.415 1.685 1.809 1.845 1.842 1.846 1.855 1.868 1.888 1.918 1.964 2.026 2.109 2.201 2.281 2.368 2.499 2.686 2.888 2.973 2.845 2.358 1.523 0.817
6.705 6.637 6.392 5.925 5.240 4.350 3.363 2.477 1.763 1.243 0.907 0.726 0.649 0.609 0.571 0.517 0.446 0.377 0.320 0.271 0.224 0.174 0.130 0.101 0.086 0.077 0.070 0.064 0.056 0.050 0.047 0.047 0.047 0.048 0.050 0.053 0.057 0.064 0.073 0.085 0.104 0.131 0.165 0.202 0.241 0.282 0.336 0.421 0.557 0.762 1.070 1.456 1.798 1.999 2.067 2.033 1.956 1.895 1.875 1.876 1.884 1.896 1.917 1.958 2.025 2.120 2.220 2.300 2.386 2.514 2.711 2.991 3.225 3.282 3.095 2.518 1.664
6.728 6.699 6.536 6.203 5.725 5.097 4.319 3.481 2.728 2.149 1.752 1.514 1.396 1.329 1.263 1.169 1.048 0.931 0.825 0.725 0.624 0.505 0.365 0.262 0.201 0.166 0.141 0.118 0.097 0.079 0.069 0.064 0.064 0.065 0.069 0.076 0.085 0.098 0.120 0.156 0.206 0.268 0.337 0.407 0.479 0.561 0.678 0.871 1.156 1.477 1.798 2.051 2.176 2.201 2.152 2.047 1.912 1.810 1.753 1.733 1.726 1.726 1.739 1.773 1.829 1.911 2.003 2.086 2.182 2.318 2.515 2.813 3.165 3.318 3.287 3.012 2.433
6.649 6.623 6.535 6.356 6.086 5.702 5.193 4.529 3.860 3.350 2.991 2.752 2.597 2.471 2.329 2.147 1.983 1.848 1.721 1.592 1.442 1.223 0.922 0.675 0.517 0.413 0.335 0.267 0.207 0.158 0.127 0.114 0.111 0.113 0.122 0.138 0.160 0.197 0.258 0.345 0.454 0.575 0.704 0.831 0.959 1.118 1.374 1.704 1.974 2.119 2.205 2.252 2.249 2.205 2.092 1.904 1.688 1.509 1.380 1.301 1.264 1.257 1.268 1.304 1.358 1.424 1.497 1.580 1.690 1.842 2.046 2.349 2.807 3.173 3.256 3.134 2.804
6.496 6.489 6.511 6.509 6.426 6.234 5.944 5.536 5.090 4.750 4.503 4.315 4.150 3.957 3.689 3.367 3.150 3.025 2.922 2.806 2.617 2.283 1.798 1.385 1.116 0.931 0.777 0.636 0.501 0.381 0.299 0.261 0.252 0.256 0.274 0.307 0.363 0.457 0.601 0.786 0.985 1.190 1.412 1.638 1.848 2.057 2.265 2.397 2.414 2.356 2.295 2.244 2.167 2.019 1.771 1.465 1.175 0.945 0.788 0.705 0.674 0.672 0.685 0.716 0.762 0.818 0.880 0.953 1.051 1.186 1.375 1.652 2.120 2.739 3.060 3.065 2.893
6.337 6.453 6.608 6.760 6.826 6.774 6.660 6.499 6.305 6.164 6.068 5.977 5.846 5.624 5.275 4.839 4.516 4.322 4.159 3.962 3.663 3.202 2.596 2.091 1.761 1.572 1.433 1.284 1.109 0.907 0.742 0.656 0.631 0.636 0.665 0.724 0.833 1.029 1.335 1.650 1.925 2.176 2.405 2.586 2.699 2.744 2.713 2.618 2.491 2.349 2.194 2.007 1.752 1.425 1.079 0.804 0.624 0.504 0.429 0.392 0.382 0.382 0.388 0.404 0.429 0.463 0.504 0.555 0.627 0.728 0.866 1.061 1.373 1.977 2.599 2.830 2.815
6.146 6.494 6.878 7.225 7.456 7.572 7.651 7.708 7.734 7.759 7.789 7.794 7.735 7.560 7.238 6.772 6.285 5.847 5.444 5.046 4.579 3.967 3.247 2.655 2.241 2.009 1.908 1.852 1.779 1.655 1.509 1.419 1.389 1.407 1.459 1.551 1.716 2.013 2.372 2.612 2.756 2.860 2.953 3.005 2.999 2.933 2.787 2.582 2.336 2.047 1.692 1.296 0.927 0.659 0.489 0.383 0.316 0.274 0.251 0.245 0.248 0.251 0.255 0.261 0.271 0.285 0.304 0.333 0.379 0.449 0.550 0.693 0.903 1.267 1.882 2.399 2.600
