RESULTS/r.avaflow_results/13_results/13_ascii/13_hflow10039.asc
ncols 506
nrows 317
xllcenter 498237.50
yllcenter 5580050.00
cellsize 12.50
NODATA_value -9999.000
[rows 170 to 203 of 317, columns 231 to 307 of 506]
0.007 0.004 0.003 0.002 0.002 0.001 0.001 0.001 0.001 0.002 0.002 0.003 0.003 0.002 0.002 0.001 0.001 0.001 0.001 0.000 0.000 0.000 0.000 0.000 0.000 0.000 0.000 0.000 0.000 0.000 0.000 0.000 0.000 0.000 0.000 0.000 0.000 0.000 0.000 0.000 0.000 0.000 0.000 0.000 0.000 0.000 0.000 0.000 0.000 0.000 0.000 0.000 0.000 0.000 0.000 0.000 0.000 0.000 0.000 0.000 0.000 0.000 0.000 0.000 0.000 0.000 0.000 0.000 0.000 0.000 0.000 0.000 0.000 0.000 0.000 0.000 0.000
0.009 0.006 0.004 0.002 0.002 0.002 0.002 0.002 0.002 0.004 0.005 0.006 0.006 0.005 0.004 0.002 0.001 0.001 0.001 0.001 0.000 0.000 0.000 0.000 0.000 0.000 0.000 0.000 0.000 0.000 0.000 0.000 0.000 0.000 0.000 0.000 0.000 0.000 0.000 0.000 0.000 0.000 0.000 0.000 0.000 0.000 0.000 0.000 0.000 0.000 0.000 0.000 0.000 0.000 0.000 0.000 0.000 0.000 0.000 0.000 0.000 0.000 0.000 0.000 0.000 0.000 0.000 0.000 0.000 0.000 0.000 0.000 0.000 0.000 0.000 0.000 0.000
0.013 0.008 0.005 0.003 0.002 0.002 0.002 0.002 0.004 0.007 0.010 0.011 0.010 0.009 0.007 0.004 0.002 0.001 0.001 0.001 0.001 0.000 0.000 0.000 0.000 0.000 0.000 0.000 0.000 0.000 0.000 0.000 0.000 0.000 0.000 0.000 0.000 0.000 0.000 0.000 0.000 0.000 0.000 0.000 0.000 0.000 0.000 0.000 0.000 0.000 0.000 0.000 0.000 0.000 0.000 0.000 0.000 0.000 0.000 0.000 0.000 0.000 0.000 0.000 0.000 0.000 0.000 0.000 0.000 0.000 0.000 0.000 0.000 0.000 0.000 0.000 0.000
0.018 0.011 0.006 0.004 0.003 0.002 0.002 0.003 0.005 0.009 0.013 0.013 0.013 0.012 0.010 0.006 0.003 0.002 0.001 0.001 0.001 0.001 0.000 0.000 0.000 0.000 0.000 0.000 0.000 0.000 0.000 0.000 0.000 0.000 0.000 0.000 0.000 0.000 0.000 0.000 0.000 0.000 0.000 0.000 0.000 0.000 0.000 0.000 0.000 0.000 0.000 0.000 0.000 0.000 0.000 0.000 0.000 0.000 0.000 0.000 0.000 0.000 0.000 0.000 0.000 0.000 0.000 0.000 0.000 0.000 0.000 0.000 0.000 0.000 0.000 0.000 0.000
0.022 0.015 0.009 0.005 0.003 0.003 0.003 0.003 0.005 0.010 0.014 0.014 0.014 0.013 0.011 0.007 0.004 0.002 0.001 0.001 0.001 0.001 0.001 0.000 0.000 0.000 0.000 0.000 0.000 0.000 0.000 0.000 0.000 0.000 0.000 0.000 0.000 0.000 0.000 0.000 0.000 0.000 0.000 0.000 0.000 0.000 0.000 0.000 0.000 0.000 0.000 0.000 0.000 0.000 0.000 0.000 0.000 0.000 0.000 0.000 0.000 0.000 0.000 0.000 0.000 0.000 0.000 0.000 0.000 0.000 0.000 0.000 0.000 0.000 0.000 0.000 0.000
0.024 0.020 0.013 0.007 0.004 0.003 0.003 0.004 0.006 0.010 0.014 0.014 0.014 0.013 0.011 0.008 0.004 0.003 0.001 0.001 0.001 0.001 0.001 0.001 0.000 0.000 0.000 0.000 0.000 0.000 0.000 0.000 0.000 0.000 0.000 0.000 0.000 0.000 0.000 0.000 0.000 0.000 0.000 0.000 0.000 0.000 0.000 0.000 0.000 0.000 0.000 0.000 0.000 0.000 0.000 0.000 0.000 0.000 0.000 0.000 0.000 0.000 0.000 0.000 0.000 0.000 0.000 0.000 0.000 0.000 0.000 0.000 0.000 0.000 0.000 0.000 0.000
0.024 0.022 0.017 0.011 0.006 0.004 0.004 0.004 0.006 0.010 0.013 0.013 0.013 0.012 0.010 0.008 0.005 0.003 0.002 0.001 0.001 0.001 0.001 0.001 0.001 0.000 0.000 0.000 0.000 0.000 0.000 0.000 0.000 0.000 0.000 0.000 0.000 0.000 0.000 0.000 0.000 0.000 0.000 0.000 0.000 0.000 0.000 0.000 0.000 0.000 0.000 0.000 0.000 0.000 0.000 0.000 0.000 0.000 0.000 0.000 0.000 0.000 0.000 0.000 0.000 0.000 0.000 0.000 0.000 0.000 0.000 0.000 0.000 0.000 0.000 0.000 0.000
0.023 0.022 0.019 0.014 0.009 0.006 0.005 0.005 0.006 0.009 0.011 0.011 0.011 0.010 0.009 0.007 0.005 0.004 0.003 0.002 0.001 0.001 0.001 0.001 0.001 0.001 0.000 0.000 0.000 0.000 0.000 0.000 0.000 0.000 0.000 0.000 0.000 0.000 0.000 0.000 0.000 0.000 0.000 0.000 0.000 0.000 0.000 0.000 0.000 0.000 0.000 0.000 0.000 0.000 0.000 0.000 0.000 0.000 0.000 0.000 0.000 0.000 0.000 0.000 0.000 0.000 0.000 0.000 0.000 0.000 0.000 0.000 0.000 0.000 0.000 0.000 0.000
0.022 0.021 0.020 0.017 0.012 0.008 0.006 0.006 0.007 0.009 0.009 0.009 0.009 0.008 0.007 0.007 0.006 0.005 0.004 0.003 0.002 0.001 0.001 0.001 0.001 0.001 0.001 0.000 0.000 0.000 0.000 0.000 0.000 0.000 0.000 0.000 0.000 0.000 0.000 0.000 0.000 0.000 0.000 0.000 0.000 0.000 0.000 0.000 0.000 0.000 0.000 0.000 0.000 0.000 0.000 0.000 0.000 0.000 0.000 0.000 0.000 0.000 0.000 0.000 0.000 0.000 0.000 0.000 0.000 0.000 0.000 0.000 0.000 0.000 0.000 0.000 0.000
0.019 0.020 0.020 0.018 0.014 0.011 0.009 0.008 0.008 0.009 0.009 0.009 0.008 0.007 0.007 0.007 0.006 0.006 0.005 0.004 0.003 0.002 0.001 0.001 0.001 0.001 0.001 0.001 0.000 0.000 0.000 0.000 0.000 0.000 0.000 0.000 0.000 0.000 0.000 0.000 0.000 0.000 0.000 0.000 0.000 0.000 0.000 0.000 0.000 0.000 0.000 0.000 0.000 0.000 0.000 0.000 0.000 0.000 0.000 0.000 0.000 0.000 0.000 0.000 0.000 0.000 0.000 0.000 0.000 0.000 0.000 0.000 0.000 0.000 0.000 0.000 0.000
0.017 0.018 0.019 0.018 0.016 0.013 0.011 0.010 0.010 0.010 0.009 0.009 0.008 0.008 0.007 0.007 0.007 0.007 0.006 0.006 0.005 0.004 0.002 0.002 0.001 0.001 0.001 0.001 0.001 0.001 0.000 0.000 0.000 0.000 0.000 0.000 0.000 0.000 0.000 0.000 0.000 0.000 0.000 0.000 0.000 0.000 0.000 0.000 0.000 0.000 0.000 0.000 0.000 0.000 0.000 0.000 0.000 0.000 0.000 0.000 0.000 0.000 0.000 0.000 0.000 0.000 0.000 0.000 0.000 0.000 0.000 0.000 0.000 0.000 0.000 0.000 0.000
0.014 0.017 0.018 0.018 0.017 0.015 0.013 0.012 0.012 0.011 0.010 0.009 0.008 0.008 0.008 0.008 0.008 0.008 0.008 0.008 0.007 0.006 0.005 0.003 0.002 0.002 0.001 0.001 0.001 0.001 0.001 0.000 0.000 0.000 0.000 0.000 0.000 0.000 0.000 0.000 0.000 0.000 0.000 0.000 0.000 0.000 0.000 0.000 0.000 0.000 0.000 0.000 0.000 0.000 0.000 0.000 0.000 0.000 0.000 0.000 0.000 0.000 0.000 0.000 0.000 0.000 0.000 0.000 0.000 0.000 0.000 0.000 0.000 0.000 0.000 0.000 0.000
0.012 0.014 0.016 0.017 0.016 0.015 0.014 0.013 0.013 0.013 0.012 0.010 0.010 0.010 0.010 0.010 0.011 0.011 0.011 0.011 0.011 0.010 0.009 0.007 0.005 0.003 0.002 0.001 0.001 0.001 0.001 0.001 0.000 0.000 0.000 0.000 0.000 0.000 0.000 0.000 0.000 0.000 0.000 0.000 0.000 0.000 0.000 0.000 0.000 0.000 0.000 0.000 0.000 0.000 0.000 0.000 0.000 0.000 0.000 0.000 0.000 0.000 0.000 0.000 0.000 0.000 0.000 0.000 0.000 0.000 0.000 0.000 0.000 0.000 0.000 0.000 0.000
0.010 0.012 0.014 0.015 0.015 0.015 0.014 0.014 0.014 0.014 0.014 0.014 0.014 0.014 0.015 0.015 0.015 0.015 0.015 0.015 0.015 0.015 0.015 0.013 0.011 0.008 0.006 0.003 0.002 0.001 0.001 0.001 0.001 0.001 0.000 0.000 0.000 0.000 0.000 0.000 0.000 0.000 0.000 0.000 0.000 0.000 0.000 0.000 0.000 0.000 0.000 0.000 0.000 0.000 0.000 0.000 0.000 0.000 0.000 0.000 0.000 0.000 0.000 0.000 0.000 0.000 0.000 0.000 0.000 0.000 0.000 0.000 0.000 0.000 0.000 0.000 0.000
0.008 0.010 0.013 0.014 0.015 0.015 0.014 0.014 0.015 0.017 0.019 0.022 0.023 0.023 0.023 0.021 0.020 0.020 0.020 0.020 0.020 0.020 0.020 0.020 0.019 0.016 0.013 0.009 0.005 0.003 0.001 0.001 0.001 0.001 0.001 0.000 0.000 0.000 0.000 0.000 0.000 0.000 0.000 0.000 0.000 0.000 0.000 0.000 0.000 0.000 0.000 0.000 0.000 0.000 0.000 0.000 0.000 0.000 0.000 0.000 0.000 0.000 0.000 0.000 0.000 0.000 0.000 0.000 0.000 0.000 0.000 0.000 0.000 0.000 0.000 0.000 0.000
0.008 0.010 0.012 0.014 0.014 0.015 0.015 0.016 0.018 0.024 0.032 0.038 0.040 0.039 0.035 0.030 0.027 0.026 0.025 0.025 0.025 0.025 0.025 0.025 0.024 0.023 0.020 0.016 0.010 0.005 0.003 0.001 0.001 0.001 0.001 0.001 0.000 0.000 0.000 0.000 0.000 0.000 0.000 0.000 0.000 0.000 0.000 0.000 0.000 0.000 0.000 0.000 0.000 0.000 0.000 0.000 0.000 0.000 0.000 0.000 0.000 0.000 0.000 0.000 0.001 0.001 0.001 0.001 0.001 0.001 0.001 0.001 0.001 0.000 0.000 0.000 0.000
0.007 0.009 0.012 0.014 0.015 0.016 0.018 0.022 0.032 0.046 0.057 0.061 0.059 0.053 0.044 0.037 0.033 0.030 0.029 0.029 0.029 0.029 0.029 0.029 0.028 0.027 0.025 0.021 0.016 0.009 0.005 0.002 0.001 0.001 0.001 0.001 0.001 0.001 0.000 0.000 0.000 0.000 0.000 0.000 0.000 0.000 0.000 0.000 0.000 0.000 0.000 0.000 0.000 0.000 0.000 0.000 0.000 0.000 0.000 0.000 0.001 0.001 0.001 0.001 0.001 0.001 0.001 0.001 0.001 0.002 0.002 0.002 0.002 0.001 0.000 0.000 0.000
0.008 0.010 0.012 0.015 0.017 0.021 0.029 0.045 0.064 0.076 0.080 0.078 0.070 0.059 0.050 0.042 0.037 0.034 0.033 0.032 0.032 0.032 0.032 0.032 0.031 0.030 0.028 0.024 0.019 0.012 0.007 0.004 0.002 0.001 0.001 0.001 0.001 0.001 0.001 0.001 0.001 0.001 0.001 0.000 0.000 0.000 0.000 0.000 0.000 0.000 0.000 0.000 0.000 0.000 0.000 0.000 0.000 0.000 0.001 0.001 0.001 0.001 0.001 0.001 0.001 0.002 0.002 0.003 0.004 0.004 0.005 0.005 0.003 0.002 0.001 0.000 0.000
0.009 0.012 0.016 0.020 0.027 0.038 0.057 0.077 0.089 0.092 0.090 0.084 0.074 0.062 0.053 0.046 0.041 0.037 0.035 0.035 0.035 0.035 0.035 0.035 0.034 0.033 0.030 0.026 0.021 0.015 0.009 0.005 0.003 0.002 0.001 0.001 0.001 0.001 0.001 0.001 0.001 0.001 0.001 0.001 0.001 0.001 0.000 0.000 0.000 0.000 0.000 0.000 0.000 0.000 0.000 0.000 0.001 0.001 0.001 0.001 0.001 0.002 0.002 0.003 0.003 0.004 0.005 0.006 0.008 0.009 0.009 0.008 0.005 0.002 0.001 0.000 0.000
0.012 0.017 0.024 0.032 0.045 0.061 0.079 0.092 0.097 0.096 0.092 0.084 0.074 0.063 0.054 0.047 0.043 0.039 0.037 0.037 0.037 0.037 0.037 0.037 0.036 0.034 0.031 0.028 0.022 0.016 0.011 0.007 0.005 0.003 0.002 0.001 0.001 0.001 0.001 0.001 0.001 0.001 0.001 0.001 0.001 0.001 0.001 0.001 0.001 0.001 0.001 0.001 0.001 0.001 0.001 0.001 0.001 0.001 0.001 0.002 0.003 0.004 0.005 0.006 0.007 0.009 0.010 0.012 0.012 0.012 0.011 0.009 0.005 0.002 0.001 0.000 0.000
0.012 0.019 0.028 0.040 0.056 0.073 0.086 0.094 0.096 0.095 0.091 0.083 0.073 0.063 0.055 0.048 0.044 0.040 0.039 0.038 0.038 0.039 0.039 0.038 0.037 0.035 0.032 0.028 0.023 0.017 0.013 0.009 0.006 0.004 0.003 0.002 0.001 0.001 0.001 0.001 0.001 0.001 0.001 0.001 0.001 0.001 0.001 0.001 0.001 0.001 0.001 0.001 0.001 0.001 0.001 0.001 0.001 0.002 0.003 0.004 0.006 0.008 0.009 0.011 0.012 0.013 0.014 0.015 0.015 0.014 0.012 0.010 0.005 0.002 0.001 0.000 0.000
0.011 0.018 0.029 0.042 0.058 0.074 0.086 0.091 0.092 0.090 0.087 0.080 0.072 0.063 0.055 0.048 0.044 0.041 0.040 0.040 0.040 0.040 0.040 0.039 0.038 0.036 0.033 0.028 0.023 0.017 0.014 0.011 0.008 0.006 0.004 0.003 0.003 0.003 0.003 0.003 0.003 0.003 0.002 0.002 0.001 0.001 0.001 0.001 0.001 0.001 0.001 0.001 0.001 0.001 0.001 0.002 0.002 0.003 0.006 0.008 0.011 0.012 0.012 0.013 0.014 0.015 0.015 0.015 0.015 0.014 0.012 0.010 0.005 0.002 0.001 0.000 0.000
0.008 0.015 0.026 0.039 0.056 0.071 0.080 0.083 0.084 0.083 0.080 0.076 0.070 0.062 0.054 0.048 0.044 0.041 0.040 0.040 0.041 0.041 0.040 0.040 0.039 0.036 0.033 0.028 0.022 0.018 0.014 0.012 0.010 0.008 0.006 0.005 0.005 0.005 0.006 0.007 0.007 0.007 0.006 0.004 0.003 0.002 0.001 0.001 0.001 0.001 0.001 0.001 0.001 0.002 0.002 0.003 0.005 0.007 0.010 0.012 0.013 0.013 0.013 0.013 0.014 0.015 0.015 0.015 0.014 0.013 0.012 0.009 0.005 0.002 0.001 0.000 0.000
0.004 0.009 0.018 0.031 0.048 0.062 0.070 0.074 0.075 0.074 0.073 0.071 0.067 0.061 0.053 0.047 0.043 0.041 0.041 0.041 0.041 0.041 0.041 0.040 0.039 0.037 0.033 0.027 0.022 0.018 0.015 0.012 0.010 0.009 0.008 0.007 0.007 0.008 0.010 0.012 0.012 0.011 0.010 0.008 0.005 0.004 0.002 0.002 0.002 0.002 0.002 0.002 0.002 0.003 0.005 0.007 0.008 0.011 0.012 0.014 0.014 0.014 0.013 0.012 0.012 0.012 0.012 0.012 0.012 0.011 0.010 0.007 0.004 0.002 0.001 0.000 0.000
0.002 0.003 0.008 0.016 0.030 0.045 0.057 0.063 0.065 0.066 0.065 0.064 0.062 0.058 0.051 0.046 0.042 0.041 0.040 0.040 0.040 0.040 0.040 0.040 0.039 0.036 0.032 0.026 0.020 0.017 0.014 0.012 0.010 0.009 0.008 0.008 0.008 0.009 0.011 0.013 0.014 0.013 0.012 0.010 0.008 0.006 0.004 0.003 0.003 0.003 0.003 0.004 0.005 0.007 0.009 0.011 0.012 0.013 0.014 0.014 0.014 0.013 0.011 0.009 0.008 0.007 0.007 0.007 0.007 0.007 0.006 0.004 0.002 0.001 0.000 0.000 0.000
0.001 0.001 0.003 0.006 0.012 0.023 0.036 0.048 0.054 0.057 0.057 0.057 0.056 0.053 0.048 0.043 0.041 0.039 0.038 0.038 0.038 0.037 0.037 0.037 0.036 0.033 0.029 0.022 0.017 0.014 0.011 0.010 0.009 0.008 0.008 0.008 0.008 0.009 0.011 0.013 0.014 0.014 0.013 0.011 0.009 0.007 0.006 0.006 0.005 0.006 0.006 0.007 0.009 0.010 0.012 0.013 0.014 0.014 0.014 0.013 0.013 0.011 0.008 0.006 0.004 0.003 0.003 0.003 0.003 0.003 0.003 0.002 0.001 0.001 0.000 0.000 0.000
0.001 0.001 0.001 0.002 0.004 0.008 0.015 0.026 0.037 0.044 0.048 0.048 0.048 0.046 0.043 0.040 0.038 0.036 0.034 0.032 0.030 0.028 0.027 0.026 0.024 0.022 0.018 0.013 0.009 0.007 0.006 0.006 0.005 0.006 0.006 0.006 0.007 0.008 0.010 0.012 0.013 0.013 0.012 0.011 0.009 0.008 0.007 0.007 0.007 0.007 0.008 0.009 0.010 0.011 0.012 0.013 0.014 0.014 0.013 0.012 0.010 0.007 0.005 0.003 0.002 0.002 0.001 0.001 0.001 0.001 0.001 0.001 0.001 0.000 0.000 0.000 0.000
0.000 0.001 0.001 0.001 0.001 0.002 0.004 0.009 0.016 0.024 0.032 0.036 0.037 0.037 0.036 0.034 0.032 0.030 0.025 0.020 0.015 0.013 0.011 0.010 0.009 0.008 0.006 0.004 0.003 0.003 0.002 0.002 0.002 0.003 0.003 0.004 0.005 0.005 0.007 0.008 0.009 0.009 0.009 0.009 0.008 0.007 0.007 0.007 0.008 0.008 0.009 0.009 0.009 0.010 0.010 0.012 0.012 0.012 0.011 0.009 0.007 0.005 0.003 0.002 0.001 0.001 0.001 0.001 0.001 0.001 0.001 0.000 0.000 0.000 0.000 0.000 0.000
0.000 0.000 0.001 0.001 0.001 0.001 0.001 0.002 0.004 0.008 0.013 0.018 0.021 0.023 0.023 0.023 0.022 0.018 0.012 0.008 0.005 0.004 0.003 0.003 0.003 0.002 0.002 0.001 0.001 0.001 0.001 0.001 0.001 0.001 0.002 0.002 0.002 0.003 0.003 0.004 0.004 0.004 0.005 0.005 0.005 0.006 0.007 0.007 0.007 0.007 0.008 0.008 0.007 0.007 0.007 0.007 0.008 0.008 0.007 0.006 0.004 0.003 0.002 0.001 0.001 0.001 0.001 0.001 0.000 0.000 0.000 0.000 0.000 0.000 0.000 0.000 0.000
0.000 0.000 0.000 0.000 0.001 0.001 0.001 0.001 0.001 0.002 0.004 0.006 0.008 0.009 0.010 0.010 0.009 0.007 0.004 0.002 0.002 0.001 0.001 0.001 0.001 0.001 0.001 0.001 0.001 0.001 0.001 0.001 0.001 0.001 0.001 0.001 0.001 0.001 0.001 0.002 0.002 0.002 0.002 0.002 0.003 0.003 0.004 0.005 0.005 0.005 0.005 0.004 0.004 0.003 0.003 0.003 0.003 0.004 0.003 0.003 0.003 0.002 0.001 0.001 0.001 0.001 0.000 0.000 0.000 0.000 0.000 0.000 0.000 0.000 0.000 0.000 0.000
0.000 0.000 0.000 0.000 0.000 0.001 0.001 0.001 0.001 0.001 0.001 0.002 0.003 0.003 0.003 0.003 0.003 0.002 0.001 0.001 0.001 0.001 0.001 0.001 0.001 0.001 0.001 0.001 0.001 0.001 0.001 0.001 0.001 0.001 0.001 0.001 0.001 0.001 0.001 0.001 0.001 0.001 0.001 0.001 0.001 0.002 0.002 0.002 0.003 0.002 0.002 0.002 0.002 0.001 0.001 0.001 0.001 0.002 0.002 0.002 0.002 0.001 0.001 0.001 0.001 0.000 0.000 0.000 0.000 0.000 0.000 0.000 0.000 0.000 0.000 0.000 0.000
0.000 0.000 0.000 0.000 0.000 0.000 0.000 0.001 0.001 0.001 0.001 0.001 0.001 0.001 0.001 0.001 0.001 0.001 0.001 0.001 0.001 0.001 0.001 0.001 0.001 0.001 0.001 0.001 0.001 0.001 0.001 0.001 0.001 0.001 0.001 0.001 0.001 0.001 0.001 0.001 0.001 0.001 0.001 0.001 0.001 0.001 0.001 0.001 0.001 0.001 0.001 0.001 0.001 0.001 0.001 0.001 0.001 0.001 0.001 0.001 0.001 0.001 0.001 0.001 0.000 0.000 0.000 0.000 0.000 0.000 0.000 0.000 0.000 0.000 0.000 0.000 0.000
0.000 0.000 0.000 0.000 0.000 0.000 0.000 0.000 0.000 0.001 0.001 0.001 0.001 0.001 0.001 0.001 0.001 0.001 0.001 0.001 0.001 0.001 0.001 0.001 0.001 0.001 0.001 0.001 0.001 0.001 0.000 0.000 0.000 0.000 0.001 0.001 0.001 0.001 0.001 0.001 0.001 0.001 0.001 0.001 0.001 0.001 0.001 0.001 0.001 0.001 0.001 0.001 0.001 0.001 0.001 0.001 0.001 0.001 0.001 0.001 0.001 0.001 0.001 0.000 0.000 0.000 0.000 0.000 0.000 0.000 0.000 0.000 0.000 0.000 0.000 0.000 0.000
0.000 0.000 0.000 0.000 0.000 0.000 0.000 0.000 0.000 0.000 0.000 0.001 0.001 0.001 0.001 0.001 0.001 0.001 0.001 0.001 0.001 0.001 0.001 0.001 0.000 0.000 0.000 0.000 0.000 0.000 0.000 0.000 0.000 0.000 0.000 0.000 0.000 0.000 0.000 0.000 0.000 0.000 0.000 0.000 0.001 0.001 0.001 0.001 0.001 0.001 0.001 0.001 0.001 0.001 0.000 0.000 0.000 0.000 0.000 0.000 0.000 0.000 0.000 0.000 0.000 0.000 0.000 0.000 0.000 0.000 0.000 0.000 0.000 0.000 0.000 0.000 0.000
