RESULTS/r.avaflow_results/13_results/13_ascii/13_hflow30053.asc
ncols 506
nrows 317
xllcenter 498237.50
yllcenter 5580050.00
cellsize 12.50
NODATA_value -9999.000
[rows 204 to 237 of 317, columns 308 to 384 of 506]
0.103 0.120 0.134 0.147 0.162 0.187 0.233 0.303 0.374 0.420 0.439 0.440 0.427 0.396 0.371 0.367 0.386 0.449 0.583 0.786 0.927 0.985 0.994 0.989 0.970 0.943 0.935 0.948 1.013 1.084 1.099 1.075 1.000 0.883 0.737 0.586 0.453 0.339 0.259 0.221 0.213 0.222 0.256 0.322 0.418 0.502 0.543 0.552 0.538 0.515 0.503 0.504 0.513 0.534 0.568 0.613 0.656 0.680 0.685 0.671 0.662 0.669 0.701 0.782 0.925 1.126 1.387 1.671 1.881 1.995 2.040 2.042 1.995 1.897 1.761 1.606 1.440
0.170 0.186 0.192 0.182 0.171 0.171 0.185 0.221 0.286 0.353 0.389 0.398 0.392 0.373 0.362 0.369 0.405 0.484 0.622 0.807 0.933 0.989 1.000 0.995 0.974 0.946 0.935 0.947 1.009 1.085 1.104 1.082 1.007 0.890 0.744 0.612 0.505 0.414 0.339 0.290 0.272 0.272 0.288 0.326 0.371 0.393 0.391 0.372 0.342 0.317 0.307 0.307 0.314 0.329 0.349 0.372 0.398 0.426 0.457 0.489 0.513 0.533 0.555 0.592 0.654 0.751 0.898 1.124 1.363 1.539 1.657 1.736 1.780 1.773 1.713 1.609 1.485
0.266 0.268 0.248 0.203 0.166 0.147 0.140 0.148 0.176 0.233 0.283 0.307 0.313 0.313 0.321 0.346 0.397 0.478 0.600 0.743 0.844 0.901 0.922 0.923 0.908 0.880 0.867 0.874 0.923 0.999 1.027 1.015 0.958 0.860 0.732 0.615 0.528 0.463 0.414 0.380 0.359 0.350 0.349 0.354 0.357 0.344 0.310 0.266 0.229 0.205 0.195 0.193 0.196 0.204 0.216 0.229 0.245 0.266 0.300 0.350 0.396 0.428 0.452 0.474 0.503 0.546 0.613 0.720 0.863 0.996 1.115 1.234 1.363 1.483 1.542 1.528 1.464
0.334 0.319 0.273 0.206 0.155 0.124 0.109 0.106 0.112 0.135 0.167 0.189 0.204 0.220 0.243 0.282 0.339 0.406 0.484 0.559 0.622 0.681 0.721 0.735 0.730 0.711 0.696 0.696 0.721 0.779 0.822 0.835 0.818 0.771 0.693 0.604 0.533 0.488 0.463 0.451 0.448 0.450 0.445 0.423 0.384 0.335 0.276 0.218 0.177 0.151 0.138 0.132 0.131 0.134 0.140 0.149 0.161 0.177 0.206 0.253 0.307 0.344 0.369 0.388 0.404 0.424 0.451 0.494 0.559 0.635 0.713 0.794 0.895 1.050 1.223 1.317 1.335
0.356 0.329 0.272 0.196 0.139 0.104 0.085 0.078 0.078 0.083 0.096 0.109 0.123 0.138 0.157 0.187 0.223 0.254 0.278 0.302 0.332 0.375 0.419 0.446 0.456 0.456 0.452 0.452 0.462 0.489 0.523 0.558 0.591 0.618 0.611 0.575 0.528 0.496 0.483 0.484 0.497 0.518 0.525 0.510 0.454 0.361 0.272 0.206 0.160 0.131 0.113 0.104 0.100 0.100 0.102 0.109 0.118 0.132 0.154 0.193 0.242 0.277 0.300 0.315 0.326 0.335 0.344 0.356 0.377 0.410 0.455 0.507 0.570 0.663 0.815 0.972 1.060
0.342 0.305 0.239 0.166 0.114 0.082 0.065 0.057 0.056 0.056 0.060 0.066 0.075 0.086 0.098 0.110 0.122 0.129 0.136 0.145 0.158 0.180 0.209 0.234 0.254 0.270 0.281 0.288 0.295 0.306 0.323 0.349 0.388 0.444 0.496 0.518 0.508 0.492 0.486 0.491 0.513 0.545 0.561 0.557 0.517 0.418 0.296 0.212 0.160 0.127 0.106 0.094 0.089 0.088 0.089 0.093 0.100 0.111 0.129 0.161 0.199 0.226 0.244 0.255 0.262 0.265 0.264 0.260 0.261 0.270 0.291 0.321 0.358 0.407 0.484 0.596 0.684
0.275 0.225 0.164 0.113 0.079 0.058 0.047 0.042 0.041 0.040 0.041 0.044 0.049 0.055 0.061 0.066 0.068 0.070 0.072 0.075 0.081 0.092 0.109 0.128 0.147 0.168 0.187 0.199 0.207 0.214 0.223 0.239 0.268 0.321 0.397 0.449 0.469 0.474 0.478 0.487 0.512 0.549 0.570 0.572 0.552 0.482 0.358 0.243 0.173 0.132 0.108 0.094 0.088 0.086 0.086 0.090 0.096 0.105 0.121 0.147 0.175 0.193 0.204 0.211 0.214 0.212 0.204 0.188 0.180 0.180 0.188 0.202 0.219 0.242 0.277 0.336 0.390
0.160 0.121 0.088 0.065 0.050 0.041 0.035 0.032 0.031 0.030 0.031 0.032 0.034 0.038 0.041 0.043 0.043 0.044 0.045 0.047 0.050 0.057 0.067 0.080 0.097 0.117 0.138 0.154 0.164 0.171 0.178 0.189 0.212 0.254 0.325 0.387 0.422 0.440 0.454 0.471 0.500 0.540 0.569 0.580 0.577 0.542 0.450 0.316 0.214 0.154 0.120 0.102 0.094 0.091 0.091 0.093 0.098 0.107 0.121 0.145 0.165 0.177 0.183 0.185 0.184 0.177 0.158 0.137 0.125 0.121 0.121 0.125 0.131 0.139 0.153 0.180 0.208
0.081 0.064 0.051 0.041 0.034 0.029 0.026 0.025 0.024 0.024 0.024 0.024 0.026 0.027 0.029 0.030 0.031 0.032 0.032 0.034 0.037 0.041 0.049 0.059 0.073 0.090 0.111 0.129 0.142 0.151 0.160 0.172 0.190 0.224 0.279 0.337 0.376 0.400 0.421 0.443 0.475 0.517 0.560 0.594 0.611 0.607 0.561 0.446 0.307 0.213 0.161 0.134 0.120 0.115 0.113 0.114 0.116 0.121 0.131 0.148 0.164 0.174 0.177 0.178 0.173 0.155 0.125 0.101 0.087 0.080 0.077 0.076 0.076 0.078 0.083 0.093 0.104
0.047 0.039 0.033 0.029 0.025 0.022 0.021 0.019 0.019 0.019 0.019 0.019 0.020 0.021 0.022 0.023 0.024 0.024 0.025 0.027 0.030 0.034 0.040 0.048 0.060 0.074 0.093 0.113 0.130 0.143 0.155 0.167 0.184 0.210 0.249 0.295 0.332 0.360 0.385 0.412 0.446 0.492 0.551 0.621 0.691 0.725 0.721 0.654 0.505 0.355 0.268 0.223 0.201 0.190 0.183 0.178 0.173 0.167 0.164 0.167 0.174 0.180 0.182 0.181 0.172 0.145 0.105 0.078 0.062 0.053 0.048 0.045 0.043 0.043 0.044 0.047 0.050
0.031 0.028 0.025 0.022 0.019 0.018 0.016 0.015 0.015 0.015 0.015 0.015 0.015 0.016 0.016 0.017 0.018 0.019 0.021 0.023 0.025 0.029 0.035 0.042 0.052 0.064 0.080 0.101 0.122 0.140 0.154 0.166 0.180 0.199 0.224 0.255 0.286 0.315 0.346 0.379 0.422 0.477 0.553 0.671 0.841 0.968 1.017 1.002 0.884 0.681 0.528 0.448 0.407 0.381 0.360 0.338 0.311 0.273 0.239 0.221 0.213 0.210 0.207 0.201 0.183 0.142 0.095 0.064 0.046 0.035 0.029 0.026 0.024 0.023 0.023 0.023 0.023
0.024 0.021 0.019 0.017 0.016 0.014 0.013 0.012 0.012 0.011 0.011 0.011 0.012 0.012 0.012 0.013 0.014 0.015 0.017 0.019 0.022 0.026 0.031 0.038 0.046 0.057 0.072 0.091 0.117 0.139 0.154 0.165 0.175 0.186 0.199 0.215 0.233 0.258 0.292 0.336 0.392 0.462 0.561 0.733 1.027 1.304 1.446 1.475 1.413 1.229 1.022 0.890 0.809 0.749 0.693 0.635 0.566 0.471 0.383 0.329 0.300 0.281 0.266 0.248 0.212 0.150 0.092 0.056 0.035 0.024 0.018 0.015 0.013 0.012 0.012 0.011 0.011
0.019 0.017 0.016 0.014 0.013 0.011 0.010 0.009 0.009 0.008 0.008 0.008 0.008 0.009 0.009 0.010 0.011 0.012 0.014 0.016 0.019 0.022 0.027 0.034 0.042 0.052 0.065 0.084 0.111 0.136 0.152 0.161 0.166 0.169 0.172 0.175 0.182 0.197 0.225 0.272 0.338 0.425 0.547 0.755 1.127 1.522 1.739 1.800 1.774 1.663 1.493 1.340 1.216 1.108 1.009 0.912 0.811 0.690 0.570 0.487 0.432 0.388 0.346 0.301 0.239 0.156 0.091 0.051 0.028 0.017 0.011 0.009 0.007 0.006 0.006 0.005 0.004
0.016 0.014 0.013 0.011 0.010 0.009 0.008 0.007 0.006 0.006 0.006 0.006 0.006 0.006 0.006 0.007 0.008 0.009 0.011 0.013 0.015 0.019 0.024 0.030 0.038 0.048 0.061 0.078 0.105 0.130 0.145 0.151 0.152 0.149 0.144 0.143 0.145 0.152 0.169 0.199 0.254 0.345 0.488 0.727 1.139 1.597 1.860 1.942 1.934 1.866 1.740 1.586 1.428 1.283 1.157 1.042 0.930 0.812 0.694 0.599 0.524 0.459 0.395 0.328 0.247 0.156 0.089 0.047 0.024 0.013 0.008 0.005 0.004 0.003 0.002 0.002 0.002
0.013 0.012 0.010 0.009 0.008 0.007 0.006 0.005 0.004 0.004 0.004 0.004 0.004 0.004 0.004 0.005 0.005 0.006 0.008 0.010 0.012 0.016 0.020 0.027 0.034 0.044 0.057 0.074 0.099 0.122 0.133 0.136 0.135 0.129 0.122 0.119 0.119 0.122 0.130 0.148 0.183 0.251 0.383 0.630 1.068 1.570 1.858 1.953 1.954 1.907 1.809 1.669 1.489 1.320 1.186 1.068 0.959 0.852 0.747 0.652 0.567 0.490 0.415 0.338 0.249 0.156 0.088 0.046 0.022 0.011 0.006 0.003 0.002 0.001 0.001 0.001 0.000
0.011 0.009 0.008 0.007 0.006 0.005 0.004 0.003 0.003 0.002 0.002 0.002 0.002 0.002 0.002 0.003 0.003 0.004 0.006 0.007 0.010 0.013 0.017 0.023 0.030 0.040 0.053 0.071 0.094 0.111 0.117 0.118 0.116 0.112 0.107 0.104 0.102 0.102 0.105 0.116 0.139 0.186 0.283 0.486 0.879 1.388 1.704 1.832 1.855 1.833 1.766 1.643 1.458 1.281 1.152 1.046 0.947 0.851 0.757 0.666 0.578 0.496 0.419 0.341 0.249 0.155 0.087 0.044 0.021 0.010 0.004 0.002 0.001 0.000 0.000 0.000 0.000
0.008 0.007 0.006 0.005 0.004 0.003 0.002 0.002 0.001 0.001 0.001 0.001 0.001 0.001 0.001 0.001 0.002 0.003 0.004 0.005 0.007 0.009 0.013 0.018 0.026 0.035 0.048 0.066 0.086 0.098 0.101 0.101 0.099 0.097 0.094 0.092 0.090 0.090 0.091 0.098 0.113 0.146 0.212 0.348 0.619 1.031 1.351 1.519 1.577 1.580 1.550 1.458 1.289 1.125 1.023 0.950 0.884 0.817 0.744 0.663 0.578 0.496 0.420 0.344 0.252 0.154 0.085 0.043 0.020 0.009 0.004 0.002 0.001 0.000 0.000 0.000 0.000
0.006 0.005 0.004 0.003 0.003 0.002 0.001 0.001 0.000 0.000 0.000 0.000 0.000 0.000 0.000 0.001 0.001 0.001 0.002 0.003 0.005 0.007 0.010 0.014 0.020 0.029 0.041 0.058 0.074 0.082 0.084 0.084 0.083 0.082 0.081 0.081 0.080 0.081 0.082 0.087 0.098 0.120 0.162 0.248 0.413 0.677 0.926 1.078 1.146 1.158 1.140 1.068 0.936 0.826 0.776 0.759 0.751 0.732 0.698 0.645 0.574 0.499 0.427 0.352 0.256 0.155 0.084 0.042 0.019 0.008 0.003 0.001 0.000 0.000 0.000 0.000 0.000
0.004 0.004 0.003 0.002 0.001 0.001 0.001 0.000 0.000 0.000 0.000 0.000 0.000 0.000 0.000 0.000 0.000 0.001 0.001 0.002 0.003 0.005 0.007 0.010 0.014 0.021 0.030 0.044 0.055 0.061 0.064 0.064 0.065 0.065 0.067 0.069 0.070 0.072 0.075 0.079 0.087 0.100 0.127 0.179 0.279 0.446 0.622 0.728 0.769 0.770 0.739 0.664 0.567 0.514 0.503 0.515 0.552 0.598 0.616 0.601 0.560 0.499 0.431 0.355 0.257 0.153 0.083 0.041 0.018 0.008 0.003 0.001 0.000 0.000 0.000 0.000 0.000
0.003 0.002 0.002 0.001 0.001 0.000 0.000 0.000 0.000 0.000 0.000 0.000 0.000 0.000 0.000 0.000 0.000 0.000 0.000 0.001 0.002 0.003 0.004 0.007 0.010 0.014 0.020 0.029 0.036 0.040 0.043 0.045 0.046 0.047 0.049 0.053 0.057 0.062 0.066 0.070 0.075 0.083 0.100 0.132 0.195 0.302 0.424 0.497 0.521 0.519 0.491 0.426 0.360 0.334 0.332 0.347 0.388 0.456 0.507 0.525 0.515 0.480 0.424 0.351 0.251 0.147 0.078 0.038 0.017 0.007 0.003 0.001 0.000 0.000 0.000 0.000 0.000
0.002 0.001 0.001 0.000 0.000 0.000 0.000 0.000 0.000 0.000 0.000 0.000 0.000 0.000 0.000 0.000 0.000 0.000 0.000 0.000 0.001 0.002 0.003 0.004 0.006 0.009 0.013 0.018 0.023 0.026 0.028 0.029 0.031 0.032 0.033 0.036 0.041 0.047 0.052 0.057 0.061 0.067 0.078 0.100 0.142 0.211 0.295 0.347 0.366 0.366 0.348 0.305 0.263 0.246 0.245 0.255 0.287 0.346 0.399 0.427 0.435 0.424 0.390 0.328 0.232 0.133 0.069 0.033 0.014 0.006 0.002 0.001 0.000 0.000 0.000 0.000 0.000
0.001 0.000 0.000 0.000 0.000 0.000 0.000 0.000 0.000 0.000 0.000 0.000 0.000 0.000 0.000 0.000 0.000 0.000 0.000 0.000 0.000 0.001 0.001 0.002 0.004 0.006 0.008 0.011 0.014 0.016 0.018 0.019 0.020 0.021 0.022 0.024 0.027 0.030 0.035 0.040 0.044 0.050 0.059 0.076 0.105 0.152 0.209 0.249 0.270 0.275 0.269 0.249 0.224 0.210 0.206 0.210 0.230 0.269 0.305 0.324 0.331 0.332 0.316 0.271 0.189 0.105 0.053 0.024 0.010 0.004 0.001 0.000 0.000 0.000 0.000 0.000 0.000
0.000 0.000 0.000 0.000 0.000 0.000 0.000 0.000 0.000 0.000 0.000 0.000 0.000 0.000 0.000 0.000 0.000 0.000 0.000 0.000 0.000 0.000 0.001 0.001 0.002 0.003 0.005 0.007 0.008 0.010 0.011 0.012 0.012 0.013 0.014 0.015 0.017 0.019 0.022 0.026 0.030 0.036 0.044 0.057 0.079 0.111 0.150 0.183 0.206 0.221 0.226 0.222 0.212 0.200 0.191 0.189 0.197 0.214 0.229 0.235 0.233 0.225 0.209 0.177 0.121 0.065 0.032 0.015 0.006 0.002 0.001 0.000 0.000 0.000 0.000 0.000 0.000
0.000 0.000 0.000 0.000 0.000 0.000 0.000 0.000 0.000 0.000 0.000 0.000 0.000 0.000 0.000 0.000 0.000 0.000 0.000 0.000 0.000 0.000 0.000 0.000 0.001 0.002 0.002 0.004 0.005 0.006 0.006 0.007 0.007 0.008 0.009 0.009 0.011 0.012 0.014 0.017 0.020 0.025 0.032 0.042 0.058 0.081 0.109 0.135 0.160 0.183 0.200 0.206 0.205 0.199 0.188 0.177 0.172 0.172 0.170 0.165 0.156 0.142 0.123 0.098 0.064 0.035 0.017 0.008 0.003 0.001 0.000 0.000 0.000 0.000 0.000 0.000 0.000
0.000 0.000 0.000 0.000 0.000 0.000 0.000 0.000 0.000 0.000 0.000 0.000 0.000 0.000 0.000 0.000 0.000 0.000 0.000 0.000 0.000 0.000 0.000 0.000 0.000 0.001 0.001 0.002 0.002 0.003 0.003 0.004 0.004 0.005 0.005 0.006 0.006 0.007 0.009 0.011 0.013 0.017 0.022 0.030 0.041 0.057 0.076 0.098 0.121 0.149 0.178 0.194 0.199 0.197 0.187 0.168 0.150 0.137 0.124 0.111 0.098 0.084 0.068 0.050 0.031 0.017 0.009 0.004 0.002 0.001 0.000 0.000 0.000 0.000 0.000 0.000 0.000
0.000 0.000 0.000 0.000 0.000 0.000 0.000 0.000 0.000 0.000 0.000 0.000 0.000 0.000 0.000 0.000 0.000 0.000 0.000 0.000 0.000 0.000 0.000 0.000 0.000 0.000 0.000 0.001 0.001 0.001 0.002 0.002 0.002 0.002 0.003 0.003 0.004 0.004 0.005 0.006 0.008 0.011 0.014 0.020 0.027 0.038 0.051 0.067 0.086 0.114 0.152 0.180 0.192 0.193 0.182 0.158 0.129 0.106 0.087 0.071 0.058 0.046 0.036 0.024 0.015 0.008 0.004 0.002 0.001 0.000 0.000 0.000 0.000 0.000 0.000 0.000 0.000
0.000 0.000 0.000 0.000 0.000 0.000 0.000 0.000 0.000 0.000 0.000 0.000 0.000 0.000 0.000 0.000 0.000 0.000 0.000 0.000 0.000 0.000 0.000 0.000 0.000 0.000 0.000 0.000 0.000 0.000 0.000 0.001 0.001 0.001 0.001 0.001 0.002 0.002 0.003 0.004 0.005 0.007 0.009 0.012 0.017 0.024 0.032 0.043 0.056 0.077 0.115 0.154 0.173 0.176 0.167 0.142 0.106 0.078 0.058 0.044 0.033 0.025 0.018 0.012 0.007 0.004 0.002 0.001 0.000 0.000 0.000 0.000 0.000 0.000 0.000 0.000 0.000
0.000 0.000 0.000 0.000 0.000 0.000 0.000 0.000 0.000 0.000 0.000 0.000 0.000 0.000 0.000 0.000 0.000 0.000 0.000 0.000 0.000 0.000 0.000 0.000 0.000 0.000 0.000 0.000 0.000 0.000 0.000 0.000 0.000 0.000 0.000 0.000 0.001 0.001 0.001 0.002 0.003 0.004 0.005 0.008 0.011 0.014 0.020 0.026 0.035 0.048 0.073 0.107 0.128 0.134 0.129 0.110 0.078 0.052 0.036 0.025 0.018 0.013 0.009 0.005 0.003 0.002 0.001 0.000 0.000 0.000 0.000 0.000 0.000 0.000 0.000 0.000 0.000
0.000 0.000 0.000 0.000 0.000 0.000 0.000 0.000 0.000 0.000 0.000 0.000 0.000 0.000 0.000 0.000 0.000 0.000 0.000 0.000 0.000 0.000 0.000 0.000 0.000 0.000 0.000 0.000 0.000 0.000 0.000 0.000 0.000 0.000 0.000 0.000 0.000 0.000 0.000 0.001 0.001 0.002 0.003 0.004 0.006 0.009 0.012 0.016 0.021 0.028 0.042 0.060 0.071 0.075 0.073 0.064 0.047 0.031 0.020 0.014 0.009 0.006 0.004 0.002 0.001 0.001 0.000 0.000 0.000 0.000 0.000 0.000 0.000 0.000 0.000 0.000 0.000
0.000 0.000 0.000 0.000 0.000 0.000 0.000 0.000 0.000 0.000 0.000 0.000 0.000 0.000 0.000 0.000 0.000 0.000 0.000 0.000 0.000 0.000 0.000 0.000 0.000 0.000 0.000 0.000 0.000 0.000 0.000 0.000 0.000 0.000 0.000 0.000 0.000 0.000 0.000 0.000 0.000 0.001 0.001 0.002 0.003 0.005 0.007 0.009 0.012 0.016 0.023 0.031 0.036 0.037 0.037 0.033 0.025 0.017 0.011 0.007 0.005 0.003 0.002 0.001 0.000 0.000 0.000 0.000 0.000 0.000 0.000 0.000 0.000 0.000 0.000 0.000 0.000
0.000 0.000 0.000 0.000 0.000 0.000 0.000 0.000 0.000 0.000 0.000 0.000 0.000 0.000 0.000 0.000 0.000 0.000 0.000 0.000 0.000 0.000 0.000 0.000 0.000 0.000 0.000 0.000 0.000 0.000 0.000 0.000 0.000 0.000 0.000 0.000 0.000 0.000 0.000 0.000 0.000 0.000 0.001 0.001 0.002 0.002 0.004 0.005 0.007 0.009 0.012 0.016 0.017 0.018 0.018 0.016 0.013 0.008 0.005 0.003 0.002 0.001 0.001 0.000 0.000 0.000 0.000 0.000 0.000 0.000 0.000 0.000 0.000 0.000 0.000 0.000 0.000
0.000 0.000 0.000 0.000 0.000 0.000 0.000 0.000 0.000 0.000 0.000 0.000 0.000 0.000 0.000 0.000 0.000 0.000 0.000 0.000 0.000 0.000 0.000 0.000 0.000 0.000 0.000 0.000 0.000 0.000 0.000 0.000 0.000 0.000 0.000 0.000 0.000 0.000 0.000 0.000 0.000 0.000 0.000 0.000 0.001 0.001 0.002 0.002 0.004 0.005 0.006 0.008 0.008 0.008 0.008 0.008 0.006 0.004 0.002 0.001 0.001 0.000 0.000 0.000 0.000 0.000 0.000 0.000 0.000 0.000 0.000 0.000 0.000 0.000 0.000 0.000 0.000
0.000 0.000 0.000 0.000 0.000 0.000 0.000 0.000 0.000 0.000 0.000 0.000 0.000 0.000 0.000 0.000 0.000 0.000 0.000 0.000 0.000 0.000 0.000 0.000 0.000 0.000 0.000 0.000 0.000 0.000 0.000 0.000 0.000 0.000 0.000 0.000 0.000 0.000 0.000 0.000 0.000 0.000 0.000 0.000 0.000 0.000 0.001 0.001 0.002 0.002 0.003 0.003 0.004 0.004 0.003 0.003 0.003 0.002 0.001 0.000 0.000 0.000 0.000 0.000 0.000 0.000 0.000 0.000 0.000 0.000 0.000 0.000 0.000 0.000 0.000 0.000 0.000
0.000 0.000 0.000 0.000 0.000 0.000 0.000 0.000 0.000 0.000 0.000 0.000 0.000 0.000 0.000 0.000 0.000 0.000 0.000 0.000 0.000 0.000 0.000 0.000 0.000 0.000 0.000 0.000 0.000 0.000 0.000 0.000 0.000 0.000 0.000 0.000 0.000 0.000 0.000 0.000 0.000 0.000 0.000 0.000 0.000 0.000 0.000 0.000 0.000 0.001 0.001 0.001 0.001 0.001 0.001 0.001 0.001 0.000 0.000 0.000 0.000 0.000 0.000 0.000 0.000 0.000 0.000 0.000 0.000 0.000 0.000 0.000 0.000 0.000 0.000 0.000 0.000
