RESULTS/r.avaflow_results/13_results/13_ascii/13_hflow30034.asc
ncols 506
nrows 317
xllcenter 498237.50
yllcenter 5580050.00
cellsize 12.50
NODATA_value -9999.000
[rows 136 to 169 of 317, columns 154 to 230 of 506]
0.000 0.000 0.000 0.000 0.000 0.000 0.000 0.000 0.000 0.000 0.000 0.000 0.000 0.000 0.000 0.000 0.000 0.000 0.000 0.000 0.000 0.000 0.000 0.000 0.000 0.000 0.000 0.000 0.000 0.000 0.000 0.000 0.000 0.000 0.000 0.000 0.000 0.000 0.000 0.000 0.000 0.000 0.000 0.000 0.000 0.000 0.000 0.000 0.000 0.000 0.000 0.000 0.000 0.000 0.000 0.000 0.000 0.000 0.000 0.000 0.000 0.000 0.000 0.000 0.000 0.000 0.000 0.000 0.000 0.000 0.000 0.000 0.000 0.000 0.000 0.000 0.000
0.000 0.000 0.000 0.000 0.000 0.000 0.000 0.000 0.000 0.000 0.000 0.000 0.000 0.000 0.000 0.000 0.000 0.000 0.000 0.000 0.000 0.000 0.000 0.000 0.000 0.000 0.000 0.000 0.000 0.000 0.000 0.000 0.000 0.000 0.000 0.000 0.000 0.000 0.000 0.000 0.000 0.000 0.000 0.000 0.000 0.000 0.000 0.000 0.000 0.000 0.000 0.000 0.000 0.000 0.000 0.000 0.000 0.000 0.000 0.000 0.000 0.000 0.000 0.000 0.000 0.000 0.000 0.000 0.000 0.000 0.000 0.000 0.000 0.000 0.000 0.000 0.000
0.000 0.000 0.000 0.000 0.000 0.000 0.000 0.000 0.000 0.000 0.000 0.000 0.000 0.000 0.000 0.000 0.000 0.000 0.000 0.000 0.000 0.000 0.000 0.000 0.000 0.000 0.000 0.000 0.000 0.000 0.000 0.000 0.000 0.000 0.000 0.000 0.000 0.000 0.000 0.000 0.000 0.000 0.000 0.000 0.000 0.000 0.000 0.000 0.000 0.000 0.000 0.000 0.000 0.000 0.000 0.000 0.000 0.000 0.000 0.000 0.000 0.000 0.000 0.000 0.000 0.000 0.000 0.000 0.000 0.000 0.000 0.000 0.000 0.000 0.000 0.000 0.000
0.000 0.000 0.000 0.000 0.000 0.000 0.000 0.000 0.000 0.000 0.000 0.000 0.000 0.000 0.000 0.000 0.000 0.000 0.000 0.000 0.000 0.000 0.000 0.000 0.000 0.000 0.000 0.000 0.000 0.000 0.000 0.000 0.000 0.000 0.000 0.000 0.000 0.000 0.000 0.000 0.000 0.000 0.000 0.000 0.000 0.000 0.000 0.000 0.000 0.000 0.000 0.000 0.000 0.000 0.000 0.000 0.000 0.000 0.000 0.000 0.000 0.000 0.000 0.000 0.000 0.000 0.000 0.000 0.000 0.000 0.000 0.000 0.000 0.000 0.000 0.000 0.000
0.000 0.000 0.000 0.000 0.000 0.000 0.000 0.000 0.000 0.000 0.000 0.000 0.000 0.000 0.000 0.000 0.000 0.000 0.000 0.000 0.000 0.000 0.000 0.000 0.000 0.000 0.000 0.000 0.000 0.000 0.000 0.000 0.000 0.000 0.000 0.000 0.000 0.000 0.000 0.000 0.000 0.000 0.000 0.000 0.000 0.000 0.000 0.000 0.000 0.000 0.000 0.000 0.000 0.000 0.000 0.000 0.000 0.000 0.000 0.000 0.000 0.000 0.000 0.000 0.000 0.000 0.000 0.000 0.000 0.000 0.000 0.000 0.000 0.000 0.000 0.000 0.000
0.000 0.000 0.000 0.000 0.000 0.000 0.000 0.000 0.000 0.000 0.000 0.000 0.000 0.000 0.000 0.000 0.000 0.000 0.000 0.000 0.000 0.000 0.000 0.000 0.000 0.000 0.000 0.000 0.000 0.000 0.000 0.000 0.000 0.000 0.000 0.000 0.000 0.000 0.000 0.000 0.000 0.000 0.000 0.000 0.000 0.000 0.000 0.000 0.000 0.000 0.000 0.000 0.000 0.000 0.000 0.000 0.000 0.000 0.000 0.000 0.000 0.000 0.000 0.000 0.000 0.000 0.000 0.000 0.000 0.000 0.000 0.000 0.000 0.000 0.000 0.000 0.000
0.000 0.000 0.000 0.000 0.000 0.000 0.000 0.000 0.000 0.000 0.000 0.000 0.000 0.000 0.000 0.000 0.000 0.000 0.000 0.000 0.000 0.000 0.000 0.000 0.000 0.000 0.000 0.000 0.000 0.000 0.000 0.000 0.000 0.000 0.000 0.000 0.000 0.000 0.000 0.000 0.000 0.000 0.000 0.000 0.000 0.000 0.000 0.000 0.000 0.000 0.000 0.000 0.000 0.000 0.000 0.000 0.000 0.000 0.000 0.000 0.000 0.000 0.000 0.000 0.000 0.000 0.000 0.000 0.000 0.000 0.000 0.000 0.000 0.000 0.000 0.000 0.000
0.000 0.000 0.000 0.000 0.000 0.000 0.000 0.000 0.000 0.000 0.000 0.000 0.000 0.000 0.000 0.000 0.000 0.000 0.000 0.000 0.000 0.000 0.000 0.000 0.000 0.000 0.000 0.000 0.000 0.000 0.000 0.000 0.000 0.000 0.000 0.000 0.000 0.000 0.000 0.000 0.000 0.000 0.000 0.000 0.000 0.000 0.000 0.000 0.000 0.000 0.000 0.000 0.000 0.000 0.000 0.000 0.000 0.000 0.000 0.000 0.000 0.000 0.000 0.000 0.000 0.000 0.000 0.000 0.000 0.000 0.000 0.000 0.000 0.000 0.000 0.000 0.000
0.000 0.000 0.000 0.000 0.000 0.000 0.000 0.000 0.000 0.000 0.000 0.000 0.000 0.000 0.000 0.000 0.000 0.000 0.000 0.000 0.000 0.000 0.000 0.000 0.000 0.000 0.000 0.000 0.000 0.000 0.000 0.000 0.000 0.000 0.000 0.000 0.000 0.000 0.000 0.000 0.000 0.000 0.000 0.000 0.000 0.000 0.000 0.000 0.000 0.000 0.000 0.000 0.000 0.000 0.000 0.000 0.000 0.000 0.000 0.000 0.000 0.000 0.000 0.000 0.000 0.000 0.000 0.000 0.000 0.000 0.000 0.000 0.000 0.000 0.000 0.000 0.000
0.000 0.000 0.000 0.000 0.000 0.000 0.000 0.000 0.000 0.000 0.000 0.000 0.000 0.000 0.000 0.000 0.000 0.000 0.000 0.000 0.000 0.000 0.000 0.000 0.000 0.000 0.000 0.000 0.000 0.000 0.000 0.000 0.000 0.000 0.000 0.000 0.000 0.000 0.000 0.000 0.000 0.000 0.000 0.000 0.000 0.000 0.000 0.000 0.000 0.000 0.000 0.000 0.000 0.000 0.000 0.000 0.000 0.000 0.000 0.000 0.000 0.000 0.000 0.000 0.000 0.000 0.000 0.000 0.000 0.000 0.000 0.000 0.000 0.000 0.000 0.000 0.000
0.000 0.000 0.000 0.000 0.000 0.000 0.000 0.000 0.000 0.000 0.000 0.000 0.000 0.000 0.000 0.000 0.000 0.000 0.000 0.000 0.000 0.000 0.000 0.000 0.000 0.000 0.000 0.000 0.000 0.000 0.000 0.000 0.000 0.000 0.000 0.000 0.000 0.000 0.000 0.000 0.000 0.000 0.000 0.000 0.000 0.000 0.000 0.000 0.000 0.000 0.000 0.000 0.000 0.000 0.000 0.000 0.000 0.000 0.000 0.000 0.000 0.000 0.000 0.000 0.000 0.000 0.000 0.000 0.000 0.000 0.000 0.000 0.000 0.000 0.000 0.000 0.000
0.001 0.001 0.001 0.001 0.001 0.001 0.001 0.001 0.001 0.001 0.001 0.001 0.001 0.001 0.001 0.001 0.001 0.001 0.001 0.001 0.001 0.001 0.001 0.001 0.000 0.000 0.000 0.000 0.000 0.000 0.000 0.000 0.000 0.000 0.000 0.000 0.000 0.000 0.000 0.000 0.000 0.000 0.000 0.000 0.000 0.000 0.000 0.000 0.000 0.000 0.000 0.000 0.000 0.000 0.000 0.000 0.000 0.000 0.000 0.000 0.000 0.000 0.000 0.000 0.000 0.000 0.000 0.000 0.000 0.000 0.000 0.000 0.000 0.000 0.000 0.000 0.000
0.002 0.002 0.002 0.002 0.002 0.002 0.002 0.002 0.002 0.002 0.002 0.002 0.002 0.002 0.002 0.002 0.002 0.002 0.002 0.002 0.002 0.002 0.001 0.001 0.001 0.001 0.001 0.000 0.000 0.000 0.000 0.000 0.000 0.000 0.000 0.000 0.000 0.000 0.000 0.000 0.000 0.000 0.000 0.000 0.000 0.000 0.000 0.000 0.000 0.000 0.000 0.000 0.000 0.000 0.000 0.000 0.000 0.000 0.000 0.000 0.000 0.000 0.000 0.000 0.000 0.000 0.000 0.000 0.000 0.000 0.000 0.000 0.000 0.000 0.000 0.000 0.000
0.003 0.003 0.003 0.003 0.003 0.003 0.004 0.004 0.004 0.004 0.004 0.004 0.004 0.004 0.004 0.004 0.004 0.003 0.003 0.003 0.003 0.003 0.002 0.002 0.002 0.002 0.001 0.001 0.001 0.001 0.001 0.001 0.001 0.000 0.000 0.000 0.000 0.000 0.000 0.001 0.001 0.001 0.001 0.001 0.001 0.001 0.001 0.001 0.001 0.001 0.001 0.001 0.001 0.001 0.001 0.001 0.001 0.001 0.001 0.001 0.001 0.001 0.001 0.001 0.001 0.001 0.001 0.001 0.001 0.000 0.000 0.000 0.000 0.000 0.000 0.000 0.000
0.004 0.004 0.004 0.004 0.004 0.005 0.005 0.005 0.005 0.005 0.005 0.005 0.005 0.005 0.005 0.005 0.005 0.004 0.004 0.004 0.004 0.004 0.004 0.003 0.003 0.002 0.002 0.002 0.002 0.002 0.002 0.001 0.001 0.001 0.001 0.001 0.001 0.001 0.001 0.001 0.001 0.002 0.002 0.002 0.002 0.002 0.002 0.002 0.003 0.003 0.003 0.003 0.003 0.003 0.002 0.002 0.002 0.002 0.002 0.002 0.002 0.002 0.002 0.002 0.002 0.002 0.001 0.001 0.001 0.001 0.001 0.001 0.001 0.001 0.001 0.001 0.001
0.005 0.005 0.005 0.005 0.005 0.005 0.005 0.005 0.005 0.005 0.005 0.005 0.005 0.005 0.005 0.005 0.005 0.005 0.005 0.005 0.005 0.005 0.005 0.004 0.004 0.004 0.003 0.003 0.003 0.003 0.003 0.002 0.002 0.002 0.002 0.002 0.002 0.002 0.002 0.003 0.003 0.003 0.003 0.003 0.003 0.004 0.004 0.004 0.004 0.004 0.004 0.004 0.004 0.004 0.004 0.004 0.004 0.004 0.004 0.003 0.003 0.003 0.003 0.003 0.003 0.003 0.003 0.003 0.003 0.003 0.003 0.002 0.002 0.002 0.002 0.001 0.001
0.007 0.007 0.007 0.006 0.006 0.006 0.006 0.006 0.006 0.006 0.006 0.006 0.006 0.006 0.006 0.006 0.006 0.006 0.006 0.006 0.006 0.006 0.005 0.005 0.005 0.005 0.004 0.004 0.004 0.004 0.004 0.004 0.004 0.004 0.004 0.004 0.004 0.004 0.004 0.004 0.004 0.004 0.005 0.005 0.005 0.006 0.006 0.006 0.006 0.007 0.007 0.007 0.007 0.006 0.006 0.006 0.006 0.006 0.005 0.005 0.005 0.005 0.005 0.005 0.005 0.005 0.004 0.004 0.004 0.004 0.004 0.004 0.004 0.003 0.003 0.003 0.002
0.009 0.008 0.008 0.007 0.007 0.007 0.007 0.007 0.007 0.007 0.007 0.007 0.007 0.007 0.007 0.007 0.007 0.007 0.007 0.007 0.006 0.006 0.006 0.006 0.006 0.006 0.006 0.006 0.005 0.005 0.005 0.005 0.005 0.005 0.005 0.005 0.005 0.005 0.006 0.006 0.006 0.006 0.007 0.007 0.007 0.008 0.009 0.009 0.009 0.009 0.009 0.009 0.009 0.009 0.009 0.008 0.008 0.008 0.008 0.007 0.007 0.007 0.007 0.007 0.007 0.007 0.007 0.007 0.007 0.007 0.006 0.006 0.006 0.005 0.005 0.004 0.004
0.012 0.011 0.010 0.009 0.008 0.008 0.008 0.007 0.007 0.007 0.007 0.007 0.007 0.007 0.007 0.007 0.007 0.007 0.007 0.007 0.007 0.007 0.007 0.007 0.007 0.007 0.007 0.007 0.007 0.007 0.007 0.007 0.007 0.007 0.007 0.007 0.007 0.007 0.007 0.008 0.008 0.008 0.009 0.009 0.010 0.011 0.012 0.012 0.013 0.013 0.013 0.013 0.012 0.012 0.012 0.011 0.011 0.011 0.010 0.010 0.010 0.010 0.010 0.009 0.009 0.009 0.010 0.010 0.009 0.009 0.009 0.009 0.008 0.007 0.006 0.006 0.005
0.019 0.016 0.013 0.011 0.010 0.009 0.009 0.009 0.008 0.008 0.008 0.008 0.008 0.008 0.008 0.008 0.008 0.008 0.008 0.008 0.008 0.008 0.008 0.008 0.008 0.008 0.008 0.008 0.008 0.008 0.008 0.008 0.009 0.009 0.009 0.009 0.009 0.009 0.009 0.010 0.010 0.011 0.011 0.012 0.013 0.014 0.016 0.016 0.017 0.017 0.017 0.017 0.017 0.016 0.016 0.015 0.015 0.015 0.014 0.014 0.014 0.013 0.013 0.013 0.013 0.013 0.014 0.014 0.014 0.013 0.013 0.012 0.011 0.010 0.009 0.008 0.007
0.048 0.032 0.022 0.017 0.014 0.012 0.011 0.010 0.010 0.010 0.010 0.010 0.010 0.010 0.010 0.010 0.009 0.009 0.009 0.009 0.009 0.009 0.009 0.009 0.009 0.009 0.009 0.010 0.010 0.010 0.010 0.010 0.010 0.010 0.010 0.011 0.011 0.011 0.012 0.012 0.013 0.013 0.014 0.015 0.017 0.018 0.021 0.022 0.023 0.023 0.023 0.023 0.023 0.022 0.022 0.022 0.021 0.021 0.021 0.020 0.020 0.019 0.019 0.018 0.018 0.019 0.020 0.020 0.020 0.020 0.019 0.018 0.015 0.013 0.011 0.010 0.009
0.180 0.102 0.057 0.035 0.024 0.018 0.015 0.014 0.013 0.012 0.012 0.012 0.012 0.012 0.011 0.011 0.011 0.011 0.011 0.011 0.011 0.011 0.011 0.011 0.011 0.011 0.011 0.011 0.012 0.012 0.012 0.012 0.012 0.012 0.012 0.012 0.013 0.013 0.014 0.014 0.015 0.016 0.017 0.019 0.021 0.023 0.027 0.030 0.031 0.032 0.031 0.031 0.031 0.031 0.032 0.032 0.032 0.032 0.033 0.033 0.032 0.031 0.029 0.029 0.029 0.029 0.031 0.033 0.034 0.033 0.032 0.027 0.021 0.017 0.014 0.013 0.012
0.760 0.424 0.217 0.111 0.061 0.037 0.026 0.021 0.019 0.017 0.016 0.016 0.015 0.015 0.014 0.014 0.014 0.013 0.013 0.013 0.013 0.013 0.013 0.013 0.013 0.013 0.013 0.013 0.014 0.014 0.014 0.014 0.014 0.014 0.014 0.015 0.015 0.015 0.016 0.017 0.018 0.019 0.021 0.023 0.025 0.028 0.034 0.039 0.041 0.042 0.042 0.043 0.044 0.046 0.049 0.051 0.053 0.055 0.058 0.059 0.059 0.057 0.054 0.051 0.051 0.052 0.054 0.059 0.064 0.065 0.062 0.050 0.033 0.023 0.018 0.016 0.014
2.285 1.482 0.816 0.420 0.214 0.115 0.069 0.046 0.036 0.030 0.027 0.025 0.022 0.020 0.019 0.018 0.017 0.016 0.016 0.016 0.015 0.015 0.015 0.015 0.015 0.015 0.015 0.015 0.016 0.016 0.017 0.017 0.017 0.017 0.017 0.017 0.017 0.018 0.019 0.020 0.021 0.023 0.025 0.027 0.030 0.035 0.042 0.049 0.053 0.055 0.057 0.059 0.063 0.069 0.079 0.089 0.097 0.104 0.111 0.116 0.118 0.116 0.112 0.108 0.105 0.106 0.110 0.123 0.144 0.151 0.146 0.113 0.062 0.036 0.024 0.020 0.018
4.032 3.225 2.178 1.278 0.722 0.403 0.232 0.142 0.095 0.071 0.057 0.048 0.041 0.034 0.029 0.025 0.023 0.021 0.020 0.020 0.019 0.019 0.018 0.018 0.018 0.018 0.018 0.018 0.018 0.019 0.019 0.019 0.019 0.020 0.020 0.020 0.021 0.021 0.022 0.023 0.025 0.027 0.030 0.034 0.038 0.043 0.051 0.060 0.066 0.072 0.077 0.084 0.096 0.112 0.135 0.162 0.184 0.203 0.219 0.234 0.246 0.253 0.254 0.249 0.245 0.245 0.256 0.296 0.367 0.394 0.385 0.299 0.149 0.069 0.037 0.026 0.021
4.887 4.445 3.701 2.731 1.798 1.123 0.698 0.441 0.288 0.197 0.143 0.111 0.090 0.072 0.057 0.046 0.038 0.034 0.030 0.028 0.026 0.024 0.023 0.022 0.022 0.022 0.022 0.022 0.022 0.022 0.022 0.023 0.023 0.023 0.024 0.024 0.024 0.025 0.026 0.028 0.031 0.034 0.038 0.043 0.049 0.057 0.066 0.076 0.086 0.098 0.112 0.132 0.159 0.197 0.249 0.307 0.353 0.391 0.424 0.455 0.488 0.521 0.546 0.559 0.568 0.583 0.622 0.724 0.916 1.022 0.990 0.786 0.403 0.161 0.069 0.038 0.027
5.244 5.030 4.609 3.983 3.161 2.278 1.540 1.033 0.702 0.485 0.347 0.267 0.216 0.175 0.137 0.106 0.083 0.068 0.057 0.048 0.041 0.036 0.032 0.031 0.030 0.029 0.028 0.027 0.026 0.026 0.026 0.026 0.027 0.027 0.028 0.028 0.029 0.031 0.033 0.036 0.040 0.045 0.052 0.061 0.070 0.081 0.092 0.106 0.123 0.148 0.181 0.227 0.291 0.378 0.489 0.592 0.673 0.731 0.775 0.812 0.850 0.886 0.919 0.948 0.978 1.020 1.087 1.217 1.514 1.887 1.988 1.737 1.043 0.406 0.150 0.065 0.039
5.446 5.358 5.123 4.718 4.113 3.316 2.503 1.835 1.324 0.959 0.716 0.574 0.488 0.417 0.346 0.277 0.217 0.171 0.136 0.108 0.084 0.066 0.054 0.048 0.044 0.041 0.039 0.036 0.034 0.032 0.032 0.032 0.032 0.032 0.033 0.034 0.036 0.039 0.043 0.049 0.056 0.067 0.080 0.095 0.110 0.126 0.142 0.163 0.195 0.244 0.316 0.421 0.570 0.748 0.914 1.018 1.062 1.070 1.077 1.084 1.089 1.098 1.110 1.132 1.165 1.215 1.285 1.407 1.700 2.253 2.588 2.558 1.966 0.946 0.332 0.125 0.061
5.550 5.531 5.403 5.121 4.673 4.054 3.327 2.643 2.059 1.598 1.272 1.072 0.957 0.867 0.774 0.665 0.547 0.440 0.352 0.278 0.214 0.159 0.118 0.093 0.078 0.069 0.061 0.054 0.047 0.042 0.040 0.039 0.039 0.040 0.041 0.043 0.047 0.053 0.062 0.075 0.092 0.115 0.140 0.164 0.187 0.209 0.236 0.275 0.337 0.434 0.585 0.808 1.037 1.196 1.265 1.272 1.234 1.188 1.168 1.160 1.149 1.138 1.137 1.146 1.171 1.213 1.272 1.376 1.640 2.218 2.721 2.839 2.575 1.632 0.654 0.236 0.101
5.565 5.570 5.504 5.328 5.040 4.627 4.082 3.459 2.865 2.388 2.041 1.812 1.673 1.567 1.458 1.316 1.143 0.975 0.825 0.688 0.555 0.422 0.304 0.221 0.170 0.137 0.114 0.094 0.077 0.065 0.058 0.055 0.055 0.056 0.059 0.065 0.073 0.085 0.105 0.136 0.178 0.224 0.265 0.299 0.332 0.367 0.415 0.495 0.619 0.792 1.019 1.235 1.356 1.396 1.375 1.320 1.239 1.171 1.136 1.118 1.100 1.079 1.068 1.064 1.069 1.081 1.102 1.158 1.344 1.856 2.547 2.813 2.741 2.146 1.087 0.412 0.169
5.512 5.529 5.530 5.470 5.338 5.118 4.784 4.313 3.783 3.364 3.060 2.843 2.685 2.546 2.392 2.197 1.985 1.789 1.599 1.411 1.210 0.967 0.713 0.524 0.398 0.313 0.249 0.196 0.152 0.121 0.103 0.095 0.094 0.096 0.104 0.116 0.135 0.167 0.220 0.294 0.374 0.447 0.508 0.556 0.602 0.660 0.757 0.916 1.081 1.214 1.327 1.405 1.430 1.416 1.360 1.260 1.136 1.033 0.965 0.922 0.890 0.868 0.855 0.845 0.829 0.794 0.764 0.766 0.849 1.203 1.982 2.544 2.630 2.349 1.510 0.657 0.272
5.428 5.476 5.562 5.631 5.635 5.568 5.412 5.148 4.795 4.498 4.278 4.104 3.946 3.768 3.534 3.241 2.991 2.798 2.610 2.406 2.152 1.792 1.361 1.029 0.810 0.663 0.545 0.439 0.344 0.270 0.225 0.204 0.200 0.204 0.218 0.245 0.292 0.376 0.503 0.640 0.759 0.859 0.947 1.023 1.090 1.167 1.277 1.380 1.417 1.408 1.406 1.407 1.389 1.325 1.201 1.028 0.854 0.712 0.616 0.558 0.524 0.511 0.508 0.505 0.498 0.472 0.449 0.449 0.493 0.691 1.266 2.013 2.318 2.262 1.764 0.937 0.415
5.360 5.501 5.689 5.893 6.007 6.041 6.022 5.949 5.812 5.673 5.571 5.474 5.348 5.153 4.862 4.486 4.163 3.925 3.708 3.462 3.128 2.656 2.091 1.640 1.334 1.147 1.012 0.881 0.746 0.618 0.530 0.485 0.474 0.480 0.504 0.553 0.648 0.832 1.069 1.255 1.378 1.465 1.533 1.586 1.618 1.630 1.621 1.572 1.498 1.419 1.353 1.276 1.165 1.000 0.797 0.607 0.473 0.385 0.334 0.307 0.293 0.286 0.284 0.285 0.284 0.276 0.270 0.273 0.306 0.430 0.799 1.484 1.910 1.998 1.801 1.191 0.594
5.294 5.614 5.988 6.343 6.591 6.747 6.867 6.957 7.003 7.017 7.028 7.016 6.956 6.802 6.533 6.143 5.706 5.292 4.895 4.494 4.028 3.425 2.748 2.193 1.788 1.538 1.405 1.322 1.244 1.150 1.069 1.026 1.020 1.039 1.082 1.152 1.282 1.507 1.719 1.823 1.859 1.861 1.864 1.863 1.845 1.797 1.701 1.571 1.423 1.265 1.084 0.877 0.670 0.499 0.379 0.300 0.248 0.215 0.198 0.191 0.187 0.182 0.177 0.174 0.172 0.170 0.170 0.176 0.205 0.298 0.554 1.108 1.574 1.703 1.655 1.335 0.798
