RESULTS/r.avaflow_results/13_results/13_ascii/13_hflow30011.asc
ncols 506
nrows 317
xllcenter 498237.50
yllcenter 5580050.00
cellsize 12.50
NODATA_value -9999.000
[rows 136 to 169 of 317, columns 154 to 230 of 506]
0.000 0.000 0.000 0.000 0.000 0.000 0.000 0.000 0.000 0.000 0.000 0.000 0.000 0.000 0.000 0.000 0.000 0.000 0.000 0.000 0.000 0.000 0.000 0.000 0.000 0.000 0.000 0.000 0.000 0.000 0.000 0.000 0.000 0.000 0.000 0.000 0.000 0.000 0.000 0.000 0.000 0.000 0.000 0.000 0.000 0.000 0.000 0.000 0.000 0.000 0.000 0.000 0.000 0.000 0.000 0.000 0.000 0.000 0.000 0.000 0.000 0.000 0.000 0.000 0.000 0.000 0.000 0.000 0.000 0.000 0.000 0.000 0.000 0.000 0.000 0.000 0.000
0.000 0.000 0.000 0.000 0.000 0.000 0.000 0.000 0.000 0.000 0.000 0.000 0.000 0.000 0.000 0.000 0.000 0.000 0.000 0.000 0.000 0.000 0.000 0.000 0.000 0.000 0.000 0.000 0.000 0.000 0.000 0.000 0.000 0.000 0.000 0.000 0.000 0.000 0.000 0.000 0.000 0.000 0.000 0.000 0.000 0.000 0.000 0.000 0.000 0.000 0.000 0.000 0.000 0.000 0.000 0.000 0.000 0.000 0.000 0.000 0.000 0.000 0.000 0.000 0.000 0.000 0.000 0.000 0.000 0.000 0.000 0.000 0.000 0.000 0.000 0.000 0.000
0.000 0.000 0.000 0.000 0.000 0.000 0.000 0.000 0.000 0.000 0.000 0.000 0.000 0.000 0.000 0.000 0.000 0.000 0.000 0.000 0.000 0.000 0.000 0.000 0.000 0.000 0.000 0.000 0.000 0.000 0.000 0.000 0.000 0.000 0.000 0.000 0.000 0.000 0.000 0.000 0.000 0.000 0.000 0.000 0.000 0.000 0.000 0.000 0.000 0.000 0.000 0.000 0.000 0.000 0.000 0.000 0.000 0.000 0.000 0.000 0.000 0.000 0.000 0.000 0.000 0.000 0.000 0.000 0.000 0.000 0.000 0.000 0.000 0.000 0.000 0.000 0.000
0.000 0.000 0.000 0.000 0.000 0.000 0.000 0.000 0.000 0.000 0.000 0.000 0.000 0.000 0.000 0.000 0.000 0.000 0.000 0.000 0.000 0.000 0.000 0.000 0.000 0.000 0.000 0.000 0.000 0.000 0.000 0.000 0.000 0.000 0.000 0.000 0.000 0.000 0.000 0.000 0.000 0.000 0.000 0.000 0.000 0.000 0.000 0.000 0.000 0.000 0.000 0.000 0.000 0.000 0.000 0.000 0.000 0.000 0.000 0.000 0.000 0.000 0.000 0.000 0.000 0.000 0.000 0.000 0.000 0.000 0.000 0.000 0.000 0.000 0.000 0.000 0.000
0.000 0.000 0.000 0.000 0.000 0.000 0.000 0.000 0.000 0.000 0.000 0.000 0.000 0.000 0.000 0.000 0.000 0.000 0.000 0.000 0.000 0.000 0.000 0.000 0.000 0.000 0.000 0.000 0.000 0.000 0.000 0.000 0.000 0.000 0.000 0.000 0.000 0.000 0.000 0.000 0.000 0.000 0.000 0.000 0.000 0.000 0.000 0.000 0.000 0.000 0.000 0.000 0.000 0.000 0.000 0.000 0.000 0.000 0.000 0.000 0.000 0.000 0.000 0.000 0.000 0.000 0.000 0.000 0.000 0.000 0.000 0.000 0.000 0.000 0.000 0.000 0.000
0.000 0.000 0.000 0.000 0.000 0.000 0.000 0.000 0.000 0.000 0.000 0.000 0.000 0.000 0.000 0.000 0.000 0.000 0.000 0.000 0.000 0.000 0.000 0.000 0.000 0.000 0.000 0.000 0.000 0.000 0.000 0.000 0.000 0.000 0.000 0.000 0.000 0.000 0.000 0.000 0.000 0.000 0.000 0.000 0.000 0.000 0.000 0.000 0.000 0.000 0.000 0.000 0.000 0.000 0.000 0.000 0.000 0.000 0.000 0.000 0.000 0.000 0.000 0.000 0.000 0.000 0.000 0.000 0.000 0.000 0.000 0.000 0.000 0.000 0.000 0.000 0.000
0.000 0.000 0.000 0.000 0.000 0.000 0.000 0.000 0.000 0.000 0.000 0.000 0.000 0.000 0.000 0.000 0.000 0.000 0.000 0.000 0.000 0.000 0.000 0.000 0.000 0.000 0.000 0.000 0.000 0.000 0.000 0.000 0.000 0.000 0.000 0.000 0.000 0.000 0.000 0.000 0.000 0.000 0.000 0.000 0.000 0.000 0.000 0.000 0.000 0.000 0.000 0.000 0.000 0.000 0.000 0.000 0.000 0.000 0.000 0.000 0.000 0.000 0.000 0.000 0.000 0.000 0.000 0.000 0.000 0.000 0.000 0.000 0.000 0.000 0.000 0.000 0.000
0.000 0.000 0.000 0.000 0.000 0.000 0.000 0.000 0.000 0.000 0.000 0.000 0.000 0.000 0.000 0.000 0.000 0.000 0.000 0.000 0.000 0.000 0.000 0.000 0.000 0.000 0.000 0.000 0.000 0.000 0.000 0.000 0.000 0.000 0.000 0.000 0.000 0.000 0.000 0.000 0.000 0.000 0.000 0.000 0.000 0.000 0.000 0.000 0.000 0.000 0.000 0.000 0.000 0.000 0.000 0.000 0.000 0.000 0.000 0.000 0.000 0.000 0.000 0.000 0.000 0.000 0.000 0.000 0.000 0.000 0.000 0.000 0.000 0.000 0.000 0.000 0.000
0.001 0.001 0.001 0.001 0.001 0.001 0.001 0.002 0.002 0.002 0.002 0.002 0.001 0.001 0.001 0.001 0.001 0.001 0.001 0.000 0.000 0.000 0.000 0.000 0.000 0.000 0.000 0.000 0.000 0.000 0.000 0.000 0.000 0.000 0.000 0.000 0.000 0.000 0.000 0.000 0.000 0.000 0.000 0.000 0.000 0.000 0.000 0.000 0.000 0.000 0.000 0.000 0.000 0.000 0.000 0.000 0.000 0.000 0.000 0.000 0.000 0.000 0.000 0.000 0.000 0.000 0.000 0.000 0.000 0.000 0.000 0.000 0.000 0.000 0.000 0.000 0.000
0.004 0.004 0.004 0.004 0.004 0.004 0.004 0.005 0.005 0.005 0.005 0.005 0.005 0.004 0.004 0.004 0.003 0.002 0.002 0.001 0.001 0.001 0.000 0.000 0.000 0.000 0.000 0.000 0.000 0.000 0.000 0.000 0.000 0.000 0.000 0.000 0.000 0.000 0.000 0.000 0.000 0.000 0.000 0.000 0.000 0.000 0.000 0.000 0.000 0.000 0.000 0.000 0.000 0.000 0.000 0.000 0.000 0.000 0.000 0.000 0.000 0.000 0.000 0.000 0.000 0.000 0.000 0.000 0.000 0.000 0.000 0.000 0.000 0.000 0.000 0.000 0.000
0.008 0.008 0.008 0.008 0.008 0.008 0.009 0.009 0.009 0.009 0.009 0.009 0.009 0.009 0.008 0.007 0.006 0.005 0.004 0.003 0.002 0.002 0.001 0.001 0.001 0.001 0.000 0.000 0.000 0.000 0.000 0.000 0.000 0.000 0.000 0.000 0.000 0.000 0.000 0.000 0.000 0.000 0.000 0.000 0.000 0.000 0.000 0.000 0.000 0.000 0.000 0.000 0.000 0.000 0.000 0.000 0.000 0.000 0.000 0.000 0.000 0.000 0.000 0.000 0.000 0.000 0.000 0.000 0.000 0.000 0.000 0.000 0.000 0.000 0.000 0.000 0.000
0.011 0.012 0.012 0.012 0.012 0.012 0.012 0.012 0.013 0.013 0.013 0.014 0.013 0.013 0.013 0.012 0.010 0.008 0.007 0.006 0.005 0.004 0.003 0.003 0.002 0.002 0.001 0.001 0.001 0.001 0.001 0.001 0.000 0.000 0.000 0.000 0.000 0.000 0.000 0.000 0.000 0.000 0.000 0.000 0.000 0.000 0.000 0.000 0.000 0.000 0.000 0.000 0.000 0.000 0.000 0.000 0.000 0.000 0.000 0.000 0.000 0.000 0.000 0.000 0.000 0.000 0.000 0.000 0.000 0.000 0.000 0.000 0.000 0.000 0.000 0.000 0.000
0.014 0.014 0.015 0.015 0.015 0.015 0.015 0.015 0.016 0.016 0.016 0.017 0.017 0.017 0.016 0.015 0.014 0.012 0.010 0.009 0.008 0.007 0.006 0.005 0.005 0.004 0.003 0.003 0.003 0.002 0.002 0.002 0.002 0.001 0.001 0.001 0.001 0.001 0.001 0.001 0.000 0.000 0.000 0.000 0.000 0.000 0.000 0.000 0.000 0.000 0.000 0.000 0.000 0.000 0.000 0.000 0.000 0.000 0.000 0.000 0.000 0.000 0.000 0.000 0.000 0.000 0.000 0.000 0.000 0.000 0.000 0.000 0.000 0.000 0.000 0.000 0.000
0.016 0.017 0.017 0.017 0.017 0.017 0.017 0.018 0.018 0.019 0.019 0.019 0.019 0.019 0.019 0.018 0.017 0.016 0.014 0.012 0.011 0.010 0.009 0.009 0.008 0.007 0.006 0.006 0.005 0.005 0.004 0.004 0.004 0.003 0.003 0.003 0.003 0.002 0.002 0.002 0.001 0.001 0.001 0.001 0.000 0.000 0.000 0.000 0.000 0.000 0.000 0.000 0.000 0.000 0.000 0.000 0.000 0.000 0.000 0.000 0.000 0.000 0.000 0.000 0.000 0.000 0.000 0.000 0.000 0.000 0.000 0.000 0.000 0.000 0.000 0.000 0.000
0.018 0.019 0.019 0.020 0.020 0.020 0.020 0.020 0.021 0.021 0.022 0.022 0.022 0.022 0.022 0.021 0.020 0.019 0.018 0.016 0.015 0.014 0.013 0.012 0.011 0.011 0.010 0.009 0.009 0.008 0.008 0.007 0.007 0.007 0.006 0.006 0.006 0.005 0.005 0.004 0.004 0.003 0.003 0.002 0.001 0.001 0.001 0.000 0.000 0.000 0.000 0.000 0.000 0.000 0.000 0.000 0.000 0.000 0.000 0.000 0.000 0.000 0.000 0.000 0.000 0.000 0.000 0.000 0.000 0.000 0.000 0.000 0.000 0.000 0.000 0.000 0.000
0.020 0.021 0.022 0.022 0.022 0.023 0.023 0.023 0.023 0.024 0.024 0.025 0.025 0.025 0.024 0.023 0.022 0.022 0.021 0.020 0.019 0.018 0.017 0.016 0.016 0.015 0.014 0.013 0.013 0.012 0.012 0.012 0.011 0.011 0.011 0.011 0.010 0.010 0.009 0.008 0.008 0.007 0.006 0.005 0.004 0.003 0.003 0.002 0.001 0.001 0.000 0.000 0.000 0.000 0.000 0.000 0.000 0.000 0.000 0.000 0.000 0.000 0.000 0.000 0.000 0.000 0.000 0.000 0.000 0.000 0.000 0.000 0.000 0.000 0.000 0.000 0.000
0.023 0.023 0.024 0.025 0.025 0.025 0.025 0.026 0.026 0.026 0.027 0.028 0.028 0.028 0.027 0.026 0.025 0.025 0.024 0.023 0.023 0.022 0.021 0.020 0.020 0.019 0.019 0.018 0.018 0.017 0.017 0.017 0.017 0.017 0.017 0.017 0.016 0.016 0.015 0.015 0.014 0.013 0.011 0.010 0.009 0.008 0.006 0.005 0.004 0.003 0.002 0.001 0.001 0.000 0.000 0.000 0.000 0.000 0.000 0.000 0.000 0.000 0.000 0.000 0.000 0.000 0.000 0.000 0.000 0.000 0.000 0.000 0.000 0.000 0.000 0.000 0.000
0.026 0.026 0.027 0.027 0.028 0.028 0.028 0.029 0.029 0.030 0.031 0.031 0.031 0.031 0.031 0.030 0.029 0.028 0.027 0.027 0.026 0.026 0.025 0.024 0.024 0.024 0.024 0.024 0.023 0.023 0.023 0.024 0.024 0.024 0.024 0.024 0.024 0.024 0.024 0.023 0.022 0.021 0.020 0.018 0.017 0.015 0.014 0.012 0.011 0.009 0.007 0.005 0.003 0.001 0.001 0.000 0.000 0.000 0.000 0.000 0.000 0.000 0.000 0.000 0.000 0.000 0.000 0.000 0.000 0.000 0.000 0.000 0.000 0.000 0.000 0.000 0.000
0.031 0.030 0.030 0.030 0.031 0.031 0.031 0.032 0.032 0.033 0.035 0.035 0.036 0.036 0.035 0.035 0.033 0.032 0.031 0.030 0.030 0.030 0.029 0.029 0.029 0.029 0.029 0.029 0.030 0.030 0.031 0.032 0.032 0.032 0.032 0.032 0.033 0.033 0.034 0.035 0.034 0.034 0.032 0.031 0.030 0.029 0.027 0.026 0.024 0.021 0.018 0.014 0.010 0.006 0.003 0.001 0.000 0.000 0.000 0.000 0.000 0.000 0.000 0.000 0.000 0.000 0.000 0.000 0.000 0.000 0.000 0.000 0.000 0.000 0.000 0.000 0.000
0.043 0.038 0.035 0.034 0.034 0.034 0.035 0.035 0.036 0.037 0.039 0.040 0.040 0.041 0.041 0.040 0.039 0.037 0.036 0.034 0.034 0.034 0.034 0.034 0.034 0.035 0.035 0.036 0.037 0.038 0.039 0.040 0.041 0.041 0.041 0.042 0.043 0.044 0.047 0.049 0.050 0.050 0.050 0.050 0.050 0.051 0.051 0.051 0.050 0.047 0.043 0.037 0.030 0.021 0.012 0.005 0.002 0.000 0.000 0.000 0.000 0.000 0.000 0.000 0.000 0.000 0.000 0.000 0.000 0.000 0.000 0.000 0.000 0.000 0.000 0.000 0.000
0.086 0.060 0.047 0.041 0.039 0.038 0.038 0.039 0.039 0.040 0.042 0.044 0.046 0.047 0.047 0.047 0.046 0.044 0.041 0.039 0.039 0.039 0.040 0.040 0.041 0.041 0.042 0.043 0.044 0.046 0.047 0.049 0.050 0.051 0.051 0.051 0.053 0.056 0.061 0.066 0.069 0.072 0.074 0.077 0.081 0.085 0.089 0.093 0.096 0.096 0.094 0.088 0.077 0.062 0.043 0.022 0.008 0.002 0.000 0.000 0.000 0.000 0.000 0.000 0.000 0.000 0.000 0.000 0.000 0.000 0.000 0.000 0.000 0.000 0.000 0.000 0.000
0.258 0.143 0.085 0.059 0.048 0.044 0.042 0.043 0.043 0.045 0.047 0.049 0.052 0.053 0.054 0.055 0.054 0.053 0.049 0.046 0.045 0.045 0.047 0.048 0.048 0.048 0.049 0.050 0.052 0.055 0.057 0.058 0.060 0.061 0.061 0.062 0.065 0.070 0.077 0.085 0.092 0.100 0.107 0.116 0.125 0.135 0.146 0.159 0.174 0.184 0.187 0.184 0.173 0.154 0.124 0.081 0.035 0.010 0.002 0.000 0.000 0.000 0.000 0.000 0.000 0.000 0.000 0.000 0.000 0.000 0.000 0.000 0.000 0.000 0.000 0.000 0.000
0.926 0.469 0.229 0.121 0.074 0.055 0.049 0.047 0.048 0.049 0.052 0.055 0.058 0.060 0.062 0.062 0.062 0.061 0.058 0.054 0.053 0.053 0.055 0.056 0.056 0.056 0.056 0.058 0.061 0.064 0.067 0.069 0.071 0.073 0.074 0.076 0.081 0.088 0.098 0.110 0.123 0.138 0.154 0.171 0.190 0.210 0.233 0.260 0.296 0.329 0.345 0.349 0.343 0.325 0.288 0.223 0.122 0.042 0.009 0.001 0.000 0.000 0.000 0.000 0.000 0.000 0.000 0.000 0.000 0.000 0.000 0.000 0.000 0.000 0.000 0.000 0.000
2.754 1.502 0.726 0.335 0.164 0.092 0.064 0.055 0.054 0.054 0.057 0.061 0.065 0.067 0.068 0.069 0.068 0.067 0.065 0.063 0.062 0.061 0.063 0.064 0.064 0.064 0.064 0.066 0.069 0.073 0.078 0.082 0.085 0.088 0.092 0.098 0.106 0.117 0.132 0.150 0.172 0.198 0.229 0.262 0.296 0.333 0.374 0.422 0.487 0.550 0.589 0.606 0.609 0.598 0.564 0.485 0.327 0.136 0.035 0.005 0.000 0.000 0.000 0.000 0.000 0.000 0.000 0.000 0.000 0.000 0.000 0.000 0.000 0.000 0.000 0.000 0.000
5.561 3.593 1.941 0.954 0.441 0.208 0.111 0.075 0.064 0.062 0.064 0.068 0.073 0.075 0.075 0.075 0.074 0.072 0.071 0.070 0.070 0.070 0.070 0.071 0.071 0.072 0.073 0.074 0.078 0.083 0.090 0.096 0.103 0.111 0.121 0.134 0.150 0.169 0.194 0.225 0.265 0.312 0.366 0.424 0.485 0.547 0.615 0.693 0.787 0.874 0.933 0.967 0.981 0.979 0.953 0.873 0.685 0.358 0.109 0.019 0.002 0.000 0.000 0.000 0.000 0.000 0.000 0.000 0.000 0.000 0.000 0.000 0.000 0.000 0.000 0.000 0.000
7.651 5.918 3.885 2.204 1.132 0.533 0.250 0.132 0.088 0.075 0.073 0.076 0.080 0.082 0.082 0.081 0.079 0.077 0.077 0.077 0.078 0.078 0.078 0.078 0.079 0.081 0.083 0.086 0.090 0.097 0.106 0.118 0.132 0.150 0.171 0.199 0.232 0.271 0.317 0.377 0.452 0.537 0.626 0.719 0.815 0.916 1.023 1.141 1.255 1.344 1.400 1.436 1.454 1.454 1.433 1.369 1.191 0.765 0.268 0.055 0.005 0.000 0.000 0.000 0.000 0.000 0.000 0.000 0.000 0.000 0.000 0.000 0.000 0.000 0.000 0.000 0.000
8.839 7.546 5.876 4.063 2.426 1.272 0.604 0.285 0.150 0.101 0.087 0.085 0.088 0.091 0.091 0.089 0.086 0.084 0.083 0.084 0.086 0.087 0.087 0.088 0.091 0.094 0.099 0.105 0.113 0.124 0.139 0.161 0.188 0.223 0.265 0.316 0.380 0.459 0.555 0.673 0.807 0.940 1.070 1.202 1.340 1.486 1.644 1.799 1.912 1.972 1.995 2.003 1.995 1.970 1.941 1.896 1.762 1.317 0.528 0.123 0.014 0.001 0.000 0.000 0.000 0.000 0.000 0.000 0.000 0.000 0.000 0.000 0.000 0.000 0.000 0.000 0.000
9.588 8.651 7.402 5.911 4.184 2.527 1.332 0.641 0.305 0.163 0.112 0.099 0.099 0.100 0.100 0.099 0.095 0.093 0.093 0.093 0.095 0.098 0.101 0.106 0.112 0.121 0.131 0.144 0.162 0.186 0.218 0.258 0.309 0.371 0.445 0.534 0.645 0.787 0.962 1.168 1.370 1.547 1.701 1.847 1.987 2.124 2.298 2.458 2.540 2.559 2.540 2.512 2.474 2.429 2.386 2.332 2.199 1.747 0.754 0.185 0.023 0.001 0.000 0.000 0.000 0.000 0.000 0.000 0.000 0.000 0.000 0.000 0.000 0.000 0.000 0.000 0.000
10.006 9.349 8.372 7.130 5.654 3.995 2.449 1.316 0.641 0.311 0.173 0.126 0.115 0.114 0.113 0.112 0.109 0.107 0.107 0.108 0.113 0.122 0.135 0.149 0.165 0.184 0.208 0.239 0.282 0.336 0.401 0.476 0.562 0.662 0.781 0.923 1.095 1.305 1.559 1.832 2.065 2.240 2.365 2.471 2.572 2.682 2.847 2.984 3.026 2.984 2.924 2.871 2.814 2.754 2.691 2.614 2.453 1.950 0.846 0.210 0.026 0.001 0.000 0.000 0.000 0.000 0.000 0.000 0.000 0.000 0.000 0.000 0.000 0.000 0.000 0.000 0.000
10.120 9.625 8.826 7.790 6.616 5.291 3.806 2.361 1.278 0.632 0.320 0.192 0.149 0.137 0.135 0.133 0.132 0.131 0.133 0.140 0.157 0.188 0.231 0.272 0.313 0.358 0.412 0.483 0.576 0.690 0.805 0.921 1.046 1.184 1.349 1.553 1.784 2.024 2.286 2.535 2.737 2.891 2.992 3.066 3.135 3.235 3.366 3.431 3.376 3.247 3.141 3.063 2.988 2.909 2.825 2.727 2.541 1.967 0.837 0.207 0.025 0.001 0.000 0.000 0.000 0.000 0.000 0.000 0.000 0.000 0.000 0.000 0.000 0.000 0.000 0.000 0.000
10.078 9.654 9.009 8.213 7.353 6.377 5.205 3.773 2.336 1.280 0.663 0.365 0.241 0.196 0.182 0.179 0.179 0.180 0.190 0.218 0.276 0.378 0.506 0.618 0.723 0.827 0.942 1.082 1.253 1.434 1.594 1.733 1.867 2.014 2.196 2.426 2.672 2.879 3.061 3.235 3.409 3.557 3.657 3.721 3.774 3.857 3.887 3.786 3.591 3.390 3.238 3.128 3.033 2.939 2.843 2.729 2.492 1.770 0.706 0.166 0.018 0.001 0.000 0.000 0.000 0.000 0.000 0.000 0.000 0.000 0.000 0.000 0.000 0.000 0.000 0.000 0.000
9.888 9.631 9.196 8.673 8.106 7.416 6.517 5.328 3.845 2.418 1.392 0.792 0.494 0.361 0.307 0.290 0.289 0.298 0.335 0.426 0.605 0.888 1.198 1.467 1.712 1.942 2.159 2.374 2.587 2.776 2.925 3.022 3.096 3.178 3.299 3.463 3.642 3.782 3.894 4.041 4.255 4.456 4.608 4.701 4.704 4.575 4.314 4.002 3.702 3.452 3.265 3.126 3.004 2.880 2.746 2.553 2.112 1.229 0.424 0.085 0.007 0.000 0.000 0.000 0.000 0.000 0.000 0.000 0.000 0.000 0.000 0.000 0.000 0.000 0.000 0.000 0.000
9.554 9.684 9.609 9.414 9.114 8.622 7.892 6.932 5.668 4.143 2.753 1.760 1.156 0.826 0.660 0.592 0.580 0.601 0.701 0.944 1.387 1.993 2.577 3.090 3.542 3.947 4.299 4.576 4.756 4.843 4.878 4.843 4.742 4.657 4.628 4.652 4.717 4.830 5.030 5.331 5.657 5.877 5.972 5.890 5.604 5.131 4.576 4.104 3.739 3.456 3.222 3.014 2.815 2.609 2.355 1.946 1.296 0.588 0.174 0.028 0.002 0.000 0.000 0.000 0.000 0.000 0.000 0.000 0.000 0.000 0.000 0.000 0.000 0.000 0.000 0.000 0.000
9.008 9.800 10.426 10.732 10.713 10.444 9.911 9.172 8.181 6.851 5.340 3.941 2.876 2.163 1.720 1.484 1.397 1.414 1.590 2.057 2.869 3.749 4.458 4.997 5.400 5.763 6.133 6.522 6.838 6.996 7.026 6.970 6.774 6.515 6.336 6.259 6.273 6.413 6.726 7.034 7.193 7.208 7.061 6.701 6.133 5.426 4.713 4.133 3.693 3.324 2.982 2.648 2.309 1.941 1.512 1.036 0.559 0.215 0.051 0.006 0.000 0.000 0.000 0.000 0.000 0.000 0.000 0.000 0.000 0.000 0.000 0.000 0.000 0.000 0.000 0.000 0.000
