RESULTS/r.avaflow_results/13_results/13_ascii/13_hflow30059.asc
ncols 506
nrows 317
xllcenter 498237.50
yllcenter 5580050.00
cellsize 12.50
NODATA_value -9999.000
[rows 170 to 203 of 317, columns 231 to 307 of 506]
0.155 0.104 0.075 0.060 0.054 0.053 0.054 0.062 0.092 0.167 0.246 0.276 0.276 0.253 0.190 0.105 0.056 0.033 0.022 0.016 0.012 0.010 0.008 0.007 0.005 0.004 0.004 0.003 0.002 0.002 0.001 0.001 0.001 0.000 0.000 0.000 0.000 0.000 0.000 0.000 0.000 0.000 0.000 0.000 0.000 0.000 0.000 0.000 0.000 0.000 0.000 0.000 0.000 0.000 0.000 0.000 0.000 0.000 0.000 0.000 0.000 0.000 0.000 0.000 0.000 0.000 0.000 0.000 0.000 0.000 0.000 0.000 0.000 0.000 0.000 0.000 0.000
0.235 0.148 0.100 0.077 0.069 0.068 0.073 0.098 0.184 0.392 0.604 0.680 0.674 0.602 0.434 0.224 0.104 0.053 0.031 0.020 0.015 0.012 0.010 0.008 0.007 0.006 0.005 0.004 0.003 0.002 0.002 0.001 0.001 0.001 0.000 0.000 0.000 0.000 0.000 0.000 0.000 0.000 0.000 0.000 0.000 0.000 0.000 0.000 0.000 0.000 0.000 0.000 0.000 0.000 0.000 0.000 0.000 0.000 0.000 0.000 0.000 0.000 0.000 0.000 0.000 0.000 0.000 0.000 0.000 0.000 0.000 0.000 0.000 0.000 0.000 0.000 0.000
0.380 0.223 0.141 0.102 0.088 0.087 0.098 0.154 0.338 0.760 1.182 1.335 1.317 1.169 0.856 0.451 0.199 0.088 0.044 0.026 0.018 0.014 0.011 0.009 0.008 0.007 0.006 0.005 0.004 0.003 0.002 0.002 0.001 0.001 0.001 0.000 0.000 0.000 0.000 0.000 0.000 0.000 0.000 0.000 0.000 0.000 0.000 0.000 0.000 0.000 0.000 0.000 0.000 0.000 0.000 0.000 0.000 0.000 0.000 0.000 0.000 0.000 0.000 0.000 0.000 0.000 0.000 0.000 0.000 0.000 0.000 0.000 0.000 0.000 0.000 0.000 0.000
0.574 0.353 0.209 0.140 0.115 0.112 0.128 0.204 0.452 1.013 1.578 1.790 1.774 1.599 1.233 0.718 0.335 0.142 0.064 0.035 0.022 0.017 0.013 0.011 0.009 0.008 0.007 0.006 0.005 0.004 0.003 0.003 0.002 0.001 0.001 0.001 0.000 0.000 0.000 0.000 0.000 0.000 0.000 0.000 0.000 0.000 0.000 0.000 0.000 0.000 0.000 0.000 0.000 0.000 0.000 0.000 0.000 0.000 0.000 0.000 0.000 0.000 0.000 0.000 0.000 0.000 0.000 0.000 0.000 0.000 0.000 0.000 0.000 0.000 0.000 0.000 0.000
0.723 0.532 0.329 0.204 0.153 0.145 0.160 0.244 0.511 1.104 1.705 1.938 1.928 1.757 1.403 0.891 0.458 0.207 0.092 0.046 0.028 0.020 0.015 0.013 0.011 0.009 0.008 0.007 0.006 0.005 0.004 0.003 0.003 0.002 0.002 0.001 0.001 0.000 0.000 0.000 0.000 0.000 0.000 0.000 0.000 0.000 0.000 0.000 0.000 0.000 0.000 0.000 0.000 0.000 0.000 0.000 0.000 0.000 0.000 0.000 0.000 0.000 0.000 0.000 0.000 0.000 0.000 0.000 0.000 0.000 0.000 0.000 0.000 0.000 0.000 0.001 0.001
0.777 0.670 0.489 0.305 0.210 0.186 0.197 0.281 0.548 1.112 1.666 1.890 1.887 1.737 1.420 0.971 0.560 0.283 0.133 0.064 0.036 0.024 0.018 0.015 0.012 0.011 0.009 0.008 0.007 0.006 0.005 0.004 0.004 0.003 0.002 0.002 0.001 0.001 0.000 0.000 0.000 0.000 0.000 0.000 0.000 0.000 0.000 0.000 0.000 0.000 0.000 0.000 0.000 0.000 0.000 0.000 0.000 0.000 0.000 0.000 0.000 0.000 0.000 0.000 0.000 0.000 0.000 0.000 0.000 0.000 0.000 0.000 0.000 0.000 0.001 0.002 0.003
0.776 0.718 0.604 0.424 0.287 0.241 0.246 0.326 0.580 1.061 1.471 1.638 1.648 1.554 1.328 0.992 0.646 0.376 0.192 0.093 0.048 0.030 0.022 0.017 0.014 0.012 0.011 0.010 0.008 0.007 0.006 0.005 0.004 0.004 0.003 0.002 0.002 0.001 0.001 0.000 0.000 0.000 0.000 0.000 0.000 0.000 0.000 0.000 0.000 0.000 0.000 0.000 0.000 0.000 0.000 0.000 0.000 0.000 0.000 0.000 0.000 0.000 0.000 0.000 0.000 0.000 0.000 0.000 0.000 0.000 0.000 0.000 0.001 0.002 0.003 0.004 0.006
0.738 0.714 0.643 0.514 0.375 0.314 0.314 0.390 0.627 0.976 1.183 1.249 1.251 1.211 1.105 0.925 0.695 0.468 0.272 0.140 0.071 0.041 0.028 0.021 0.017 0.015 0.013 0.011 0.010 0.009 0.008 0.007 0.006 0.005 0.004 0.003 0.002 0.002 0.001 0.001 0.000 0.000 0.000 0.000 0.000 0.000 0.000 0.000 0.000 0.000 0.000 0.000 0.000 0.000 0.000 0.000 0.000 0.000 0.000 0.000 0.000 0.000 0.000 0.000 0.000 0.000 0.000 0.000 0.000 0.000 0.001 0.001 0.002 0.004 0.006 0.008 0.010
0.660 0.670 0.639 0.562 0.463 0.408 0.406 0.484 0.707 0.946 1.033 1.040 1.017 0.968 0.900 0.814 0.697 0.542 0.362 0.209 0.112 0.062 0.039 0.028 0.022 0.018 0.015 0.013 0.012 0.010 0.009 0.008 0.007 0.006 0.005 0.004 0.003 0.003 0.002 0.001 0.001 0.000 0.000 0.000 0.000 0.000 0.000 0.000 0.000 0.000 0.000 0.000 0.000 0.000 0.000 0.000 0.000 0.000 0.000 0.000 0.000 0.000 0.000 0.000 0.000 0.000 0.000 0.000 0.001 0.001 0.002 0.003 0.005 0.007 0.010 0.013 0.017
0.540 0.591 0.603 0.576 0.526 0.504 0.523 0.622 0.831 0.976 1.009 0.993 0.944 0.878 0.817 0.759 0.692 0.599 0.463 0.309 0.183 0.103 0.060 0.040 0.029 0.023 0.019 0.016 0.014 0.012 0.011 0.009 0.008 0.007 0.006 0.005 0.004 0.003 0.003 0.002 0.002 0.001 0.001 0.000 0.000 0.000 0.000 0.000 0.000 0.000 0.000 0.000 0.000 0.000 0.000 0.000 0.000 0.000 0.000 0.000 0.000 0.000 0.000 0.000 0.001 0.001 0.001 0.001 0.002 0.003 0.004 0.006 0.009 0.012 0.015 0.020 0.027
0.427 0.500 0.543 0.560 0.564 0.588 0.659 0.813 0.998 1.065 1.055 1.007 0.936 0.864 0.804 0.754 0.707 0.656 0.577 0.453 0.308 0.186 0.107 0.065 0.044 0.032 0.025 0.020 0.017 0.015 0.013 0.011 0.010 0.008 0.007 0.006 0.005 0.005 0.004 0.003 0.002 0.002 0.001 0.001 0.000 0.000 0.000 0.000 0.000 0.000 0.000 0.000 0.000 0.000 0.000 0.000 0.000 0.000 0.000 0.001 0.001 0.001 0.001 0.002 0.002 0.002 0.003 0.004 0.005 0.006 0.008 0.010 0.014 0.018 0.025 0.035 0.050
0.362 0.438 0.498 0.545 0.596 0.682 0.834 1.051 1.203 1.227 1.176 1.068 0.959 0.878 0.821 0.784 0.764 0.751 0.725 0.649 0.508 0.339 0.207 0.124 0.078 0.052 0.038 0.029 0.023 0.019 0.015 0.013 0.011 0.010 0.009 0.008 0.007 0.006 0.005 0.004 0.004 0.003 0.002 0.002 0.001 0.001 0.001 0.001 0.001 0.000 0.000 0.000 0.001 0.001 0.001 0.001 0.001 0.001 0.002 0.002 0.003 0.003 0.003 0.004 0.004 0.005 0.006 0.007 0.008 0.010 0.013 0.016 0.022 0.030 0.044 0.068 0.110
0.343 0.419 0.489 0.562 0.666 0.832 1.075 1.320 1.442 1.447 1.356 1.184 1.038 0.945 0.893 0.875 0.885 0.915 0.927 0.894 0.784 0.597 0.402 0.259 0.165 0.105 0.069 0.048 0.034 0.026 0.020 0.016 0.014 0.012 0.011 0.009 0.008 0.007 0.007 0.006 0.005 0.004 0.004 0.003 0.002 0.002 0.002 0.002 0.002 0.002 0.002 0.002 0.002 0.002 0.002 0.002 0.003 0.003 0.004 0.005 0.006 0.006 0.007 0.007 0.008 0.009 0.010 0.011 0.013 0.016 0.019 0.026 0.036 0.054 0.090 0.159 0.279
0.358 0.445 0.545 0.676 0.863 1.117 1.406 1.622 1.709 1.696 1.578 1.372 1.209 1.110 1.062 1.055 1.083 1.149 1.191 1.189 1.124 0.968 0.751 0.545 0.380 0.254 0.162 0.101 0.064 0.042 0.029 0.021 0.017 0.015 0.013 0.011 0.010 0.009 0.008 0.008 0.007 0.006 0.005 0.005 0.004 0.004 0.003 0.003 0.003 0.003 0.003 0.003 0.003 0.004 0.004 0.004 0.005 0.006 0.007 0.009 0.010 0.010 0.011 0.012 0.012 0.013 0.015 0.016 0.019 0.024 0.031 0.044 0.067 0.110 0.199 0.385 0.706
0.466 0.601 0.789 1.038 1.327 1.614 1.849 1.984 2.021 1.991 1.871 1.685 1.542 1.451 1.395 1.367 1.382 1.437 1.496 1.518 1.503 1.426 1.265 1.050 0.832 0.624 0.426 0.257 0.143 0.080 0.047 0.031 0.023 0.019 0.016 0.014 0.013 0.012 0.011 0.010 0.009 0.008 0.007 0.007 0.006 0.006 0.006 0.005 0.005 0.005 0.005 0.005 0.006 0.006 0.006 0.007 0.009 0.010 0.012 0.014 0.016 0.016 0.017 0.018 0.019 0.020 0.022 0.025 0.030 0.039 0.056 0.085 0.136 0.229 0.418 0.820 1.440
0.776 1.021 1.365 1.763 2.105 2.332 2.435 2.463 2.456 2.416 2.328 2.209 2.123 2.058 1.981 1.869 1.785 1.767 1.792 1.825 1.858 1.886 1.848 1.733 1.542 1.298 0.993 0.637 0.340 0.167 0.086 0.050 0.033 0.025 0.021 0.018 0.016 0.015 0.014 0.013 0.012 0.011 0.010 0.009 0.009 0.008 0.008 0.008 0.008 0.008 0.008 0.008 0.008 0.009 0.010 0.011 0.013 0.015 0.019 0.022 0.024 0.026 0.026 0.027 0.028 0.030 0.034 0.040 0.053 0.075 0.116 0.181 0.283 0.448 0.735 1.225 1.908
1.380 1.756 2.180 2.549 2.805 2.968 3.067 3.102 3.094 3.074 3.036 3.003 2.984 2.941 2.812 2.540 2.260 2.118 2.087 2.114 2.182 2.281 2.376 2.424 2.384 2.226 1.880 1.324 0.720 0.344 0.164 0.088 0.054 0.038 0.029 0.024 0.021 0.019 0.018 0.016 0.015 0.014 0.013 0.013 0.012 0.012 0.011 0.011 0.011 0.011 0.011 0.011 0.012 0.013 0.014 0.016 0.019 0.024 0.029 0.035 0.040 0.042 0.044 0.045 0.047 0.051 0.060 0.077 0.111 0.169 0.261 0.389 0.549 0.744 0.986 1.365 1.971
2.044 2.403 2.732 2.986 3.173 3.331 3.541 3.791 3.918 3.950 3.954 3.932 3.865 3.738 3.502 3.099 2.690 2.457 2.384 2.400 2.485 2.650 2.885 3.067 3.144 3.110 2.843 2.211 1.303 0.642 0.310 0.161 0.094 0.061 0.044 0.035 0.029 0.026 0.024 0.022 0.021 0.020 0.018 0.017 0.016 0.016 0.015 0.015 0.015 0.015 0.015 0.015 0.016 0.018 0.020 0.024 0.030 0.038 0.049 0.063 0.074 0.080 0.084 0.087 0.092 0.104 0.129 0.179 0.267 0.399 0.573 0.755 0.901 0.991 1.083 1.317 1.774
2.409 2.712 2.962 3.164 3.344 3.551 3.909 4.384 4.644 4.702 4.681 4.592 4.438 4.221 3.908 3.475 3.060 2.794 2.688 2.687 2.781 3.032 3.422 3.706 3.829 3.821 3.580 2.949 1.945 1.068 0.552 0.294 0.168 0.105 0.072 0.053 0.043 0.038 0.035 0.033 0.030 0.028 0.026 0.025 0.023 0.021 0.020 0.020 0.020 0.020 0.020 0.021 0.022 0.025 0.030 0.039 0.053 0.072 0.100 0.136 0.161 0.179 0.191 0.203 0.219 0.252 0.321 0.450 0.641 0.861 1.068 1.177 1.179 1.104 1.057 1.102 1.246
2.495 2.774 3.001 3.207 3.429 3.741 4.277 4.850 5.136 5.184 5.107 4.925 4.699 4.436 4.091 3.704 3.370 3.124 3.005 2.992 3.113 3.506 4.059 4.382 4.479 4.417 4.105 3.437 2.445 1.538 0.910 0.525 0.308 0.190 0.126 0.089 0.070 0.061 0.057 0.054 0.051 0.047 0.043 0.039 0.034 0.030 0.028 0.027 0.027 0.028 0.028 0.029 0.032 0.038 0.051 0.073 0.108 0.161 0.245 0.334 0.394 0.434 0.469 0.504 0.554 0.641 0.796 1.037 1.285 1.453 1.514 1.461 1.314 1.113 0.920 0.745 0.634
2.376 2.672 2.926 3.171 3.459 3.911 4.598 5.144 5.376 5.389 5.259 5.021 4.768 4.494 4.147 3.833 3.604 3.438 3.354 3.367 3.599 4.210 4.856 5.117 5.111 4.913 4.449 3.679 2.736 1.953 1.356 0.901 0.574 0.362 0.236 0.165 0.129 0.114 0.109 0.107 0.105 0.099 0.089 0.075 0.060 0.049 0.043 0.040 0.039 0.039 0.040 0.043 0.050 0.067 0.101 0.158 0.245 0.381 0.585 0.767 0.887 0.960 1.015 1.075 1.173 1.335 1.538 1.718 1.819 1.841 1.772 1.595 1.335 1.021 0.703 0.458 0.318
1.892 2.257 2.608 2.967 3.388 3.990 4.740 5.239 5.422 5.408 5.264 5.026 4.778 4.505 4.164 3.909 3.771 3.717 3.739 3.886 4.319 5.036 5.539 5.687 5.612 5.282 4.646 3.736 2.874 2.229 1.723 1.307 0.958 0.674 0.460 0.326 0.262 0.241 0.240 0.254 0.258 0.248 0.219 0.173 0.127 0.095 0.075 0.065 0.062 0.062 0.064 0.071 0.092 0.141 0.229 0.358 0.536 0.816 1.156 1.379 1.474 1.503 1.516 1.549 1.646 1.824 1.990 2.057 2.057 2.002 1.859 1.612 1.250 0.826 0.491 0.288 0.182
1.040 1.446 1.912 2.435 3.046 3.843 4.661 5.169 5.340 5.315 5.188 4.993 4.774 4.504 4.171 3.961 3.892 3.921 4.071 4.375 4.900 5.532 5.880 5.963 5.871 5.478 4.724 3.715 2.918 2.350 1.905 1.533 1.222 0.966 0.763 0.615 0.540 0.523 0.548 0.613 0.639 0.622 0.551 0.435 0.304 0.208 0.148 0.119 0.110 0.109 0.114 0.136 0.196 0.323 0.519 0.759 1.043 1.368 1.629 1.746 1.762 1.720 1.689 1.699 1.777 1.946 2.086 2.118 2.097 2.016 1.840 1.522 1.046 0.603 0.329 0.188 0.118
0.404 0.642 0.995 1.521 2.250 3.200 4.153 4.770 5.033 5.073 5.017 4.905 4.745 4.494 4.169 3.993 3.967 4.052 4.284 4.649 5.148 5.647 5.923 5.987 5.901 5.496 4.669 3.610 2.855 2.337 1.928 1.589 1.311 1.095 0.942 0.852 0.819 0.833 0.921 1.068 1.137 1.136 1.065 0.905 0.680 0.464 0.315 0.240 0.216 0.215 0.231 0.288 0.430 0.706 1.046 1.332 1.553 1.723 1.820 1.840 1.801 1.707 1.642 1.636 1.689 1.828 1.957 1.994 1.978 1.888 1.666 1.262 0.753 0.397 0.215 0.127 0.084
0.137 0.230 0.393 0.685 1.192 2.010 3.033 3.896 4.415 4.661 4.747 4.735 4.655 4.452 4.151 4.001 3.998 4.114 4.356 4.697 5.086 5.410 5.587 5.628 5.524 5.093 4.222 3.181 2.485 2.058 1.750 1.494 1.276 1.102 0.990 0.943 0.939 0.975 1.104 1.300 1.398 1.408 1.357 1.230 1.029 0.789 0.596 0.482 0.442 0.443 0.483 0.597 0.830 1.193 1.524 1.721 1.815 1.848 1.844 1.802 1.684 1.502 1.375 1.325 1.332 1.397 1.504 1.566 1.567 1.489 1.250 0.836 0.455 0.245 0.140 0.088 0.064
0.054 0.083 0.137 0.246 0.469 0.889 1.580 2.487 3.355 3.949 4.280 4.410 4.411 4.297 4.068 3.963 3.981 4.104 4.283 4.446 4.530 4.531 4.502 4.431 4.249 3.792 2.989 2.147 1.625 1.357 1.216 1.119 1.032 0.963 0.928 0.925 0.942 0.994 1.132 1.336 1.444 1.459 1.422 1.326 1.164 0.957 0.809 0.733 0.713 0.727 0.788 0.914 1.123 1.424 1.687 1.828 1.869 1.851 1.765 1.596 1.319 1.035 0.849 0.757 0.728 0.735 0.789 0.847 0.863 0.824 0.686 0.450 0.256 0.149 0.093 0.065 0.052
0.028 0.038 0.054 0.087 0.155 0.304 0.604 1.116 1.870 2.703 3.362 3.714 3.842 3.856 3.781 3.748 3.787 3.852 3.828 3.626 3.252 2.881 2.605 2.377 2.131 1.797 1.338 0.925 0.691 0.590 0.559 0.553 0.571 0.613 0.676 0.744 0.806 0.883 1.021 1.206 1.311 1.338 1.325 1.271 1.154 0.992 0.893 0.860 0.858 0.880 0.939 1.038 1.192 1.420 1.637 1.755 1.780 1.712 1.500 1.144 0.775 0.529 0.400 0.343 0.327 0.328 0.346 0.372 0.380 0.372 0.325 0.230 0.143 0.093 0.066 0.052 0.045
0.018 0.022 0.028 0.039 0.058 0.099 0.186 0.369 0.711 1.252 1.908 2.454 2.789 2.981 3.084 3.136 3.153 3.063 2.734 2.144 1.586 1.240 1.030 0.881 0.748 0.605 0.435 0.303 0.234 0.212 0.211 0.220 0.243 0.282 0.339 0.413 0.497 0.588 0.705 0.833 0.914 0.955 0.976 0.986 0.967 0.915 0.885 0.881 0.890 0.909 0.947 1.006 1.088 1.208 1.339 1.413 1.419 1.295 0.986 0.631 0.400 0.268 0.199 0.167 0.157 0.156 0.161 0.168 0.170 0.168 0.154 0.121 0.085 0.063 0.051 0.045 0.042
0.012 0.015 0.018 0.022 0.029 0.041 0.064 0.108 0.206 0.409 0.749 1.135 1.461 1.723 1.909 1.985 1.948 1.723 1.313 0.861 0.570 0.416 0.334 0.280 0.235 0.188 0.139 0.104 0.087 0.084 0.085 0.091 0.102 0.121 0.150 0.189 0.234 0.285 0.344 0.398 0.436 0.464 0.490 0.526 0.582 0.658 0.738 0.786 0.807 0.814 0.810 0.785 0.745 0.730 0.751 0.774 0.765 0.681 0.503 0.328 0.219 0.153 0.115 0.097 0.089 0.087 0.087 0.087 0.087 0.085 0.080 0.071 0.058 0.049 0.044 0.041 0.041
0.009 0.011 0.013 0.015 0.018 0.023 0.030 0.042 0.066 0.118 0.226 0.397 0.589 0.754 0.858 0.884 0.847 0.708 0.478 0.286 0.187 0.140 0.116 0.101 0.088 0.073 0.059 0.049 0.045 0.044 0.045 0.047 0.052 0.060 0.072 0.087 0.106 0.128 0.150 0.166 0.180 0.193 0.209 0.232 0.272 0.336 0.437 0.509 0.531 0.523 0.483 0.409 0.340 0.312 0.310 0.323 0.329 0.309 0.253 0.184 0.134 0.100 0.078 0.066 0.060 0.057 0.056 0.054 0.052 0.051 0.050 0.049 0.046 0.043 0.041 0.041 0.040
0.006 0.008 0.009 0.011 0.013 0.015 0.018 0.023 0.030 0.045 0.074 0.126 0.204 0.272 0.309 0.318 0.302 0.250 0.164 0.102 0.073 0.060 0.053 0.049 0.045 0.041 0.036 0.032 0.031 0.030 0.031 0.032 0.034 0.037 0.042 0.048 0.055 0.063 0.071 0.076 0.081 0.087 0.094 0.104 0.122 0.153 0.200 0.228 0.233 0.227 0.208 0.175 0.146 0.135 0.134 0.141 0.149 0.149 0.139 0.117 0.094 0.075 0.060 0.051 0.046 0.044 0.041 0.039 0.038 0.038 0.039 0.041 0.041 0.041 0.041 0.041 0.041
0.004 0.005 0.006 0.008 0.009 0.011 0.013 0.015 0.019 0.024 0.033 0.049 0.076 0.099 0.110 0.113 0.109 0.093 0.066 0.047 0.038 0.034 0.032 0.032 0.031 0.030 0.028 0.026 0.025 0.025 0.025 0.025 0.026 0.028 0.030 0.032 0.035 0.038 0.040 0.043 0.045 0.047 0.050 0.055 0.062 0.073 0.088 0.095 0.096 0.095 0.091 0.082 0.073 0.069 0.069 0.073 0.082 0.087 0.088 0.084 0.074 0.061 0.051 0.043 0.039 0.036 0.034 0.033 0.033 0.033 0.035 0.038 0.040 0.041 0.041 0.042 0.042
0.002 0.003 0.004 0.005 0.006 0.008 0.009 0.011 0.013 0.016 0.020 0.026 0.035 0.043 0.047 0.048 0.047 0.043 0.034 0.028 0.025 0.024 0.024 0.024 0.024 0.024 0.023 0.022 0.022 0.022 0.022 0.022 0.022 0.023 0.024 0.025 0.026 0.027 0.028 0.029 0.030 0.031 0.033 0.035 0.038 0.042 0.047 0.048 0.049 0.049 0.048 0.047 0.046 0.045 0.046 0.049 0.056 0.063 0.066 0.066 0.061 0.053 0.045 0.039 0.035 0.032 0.031 0.030 0.030 0.032 0.035 0.038 0.040 0.042 0.043 0.044 0.046
0.001 0.002 0.002 0.003 0.004 0.005 0.006 0.008 0.009 0.011 0.013 0.017 0.021 0.024 0.025 0.026 0.026 0.025 0.022 0.020 0.019 0.019 0.019 0.019 0.020 0.020 0.020 0.019 0.019 0.019 0.019 0.019 0.020 0.020 0.020 0.021 0.022 0.022 0.023 0.023 0.023 0.024 0.025 0.027 0.028 0.030 0.032 0.032 0.033 0.033 0.034 0.035 0.036 0.037 0.038 0.041 0.046 0.052 0.056 0.056 0.053 0.047 0.041 0.036 0.032 0.030 0.030 0.030 0.030 0.032 0.035 0.038 0.041 0.043 0.046 0.049 0.055
