RESULTS/r.avaflow_results/13_results/13_ascii/13_hflow_max0028.asc
ncols 506
nrows 317
xllcenter 498237.50
yllcenter 5580050.00
cellsize 12.50
NODATA_value -9999.000
[rows 170 to 203 of 317, columns 77 to 153 of 506]
0.000 0.000 0.001 0.003 0.007 0.013 0.020 0.028 0.034 0.041 0.051 0.073 0.123 0.216 0.364 0.564 0.809 1.094 1.419 1.774 2.160 2.574 3.016 3.493 3.931 4.298 4.624 4.944 5.273 5.631 6.040 6.523 7.104 7.809 8.654 9.644 10.743 11.971 13.265 14.568 15.870 17.195 18.598 20.011 21.289 22.463 23.556 24.599 25.945 27.650 29.252 30.712 31.998 33.461 34.790 36.627 39.883 44.656 49.903 55.327 59.905 63.664 66.006 67.148 67.503 67.141 66.314 64.804 63.090 60.934 58.531 55.670 52.850 50.043 47.802 45.798 44.043
0.001 0.002 0.005 0.010 0.018 0.029 0.044 0.060 0.077 0.100 0.138 0.207 0.329 0.513 0.749 1.032 1.358 1.727 2.142 2.588 3.063 3.561 4.052 4.542 4.972 5.361 5.741 6.074 6.434 6.825 7.275 7.810 8.457 9.259 10.227 11.350 12.688 13.990 15.448 16.861 18.200 19.559 21.086 22.684 24.187 25.472 26.529 27.651 28.592 30.015 31.770 33.067 34.088 35.120 36.422 38.632 42.489 47.589 52.741 57.839 61.885 65.025 66.923 67.812 67.925 67.413 66.565 65.176 63.503 61.760 59.895 57.905 55.796 53.652 51.573 49.881 48.759
0.002 0.005 0.011 0.021 0.035 0.054 0.078 0.109 0.147 0.202 0.287 0.425 0.629 0.892 1.200 1.558 1.978 2.461 3.002 3.573 4.158 4.728 5.251 6.315 7.262 7.793 8.013 8.056 8.002 8.121 8.615 9.203 9.912 10.775 11.791 13.162 14.727 16.060 17.384 18.956 20.523 22.306 23.983 25.616 27.067 28.327 29.282 30.368 31.201 31.685 33.457 34.590 35.239 35.960 37.187 39.508 43.565 48.785 53.647 58.343 61.929 64.709 66.459 67.283 67.482 67.153 66.579 65.607 64.430 62.983 61.457 59.796 58.033 56.348 54.890 53.851 53.115
0.003 0.009 0.017 0.030 0.048 0.075 0.112 0.162 0.231 0.325 0.459 0.650 0.909 1.239 1.643 2.123 2.686 3.327 4.041 4.767 5.439 6.057 7.727 8.947 9.632 9.982 10.101 10.066 9.863 9.488 10.000 10.613 11.325 12.190 13.212 14.709 16.382 17.927 19.482 21.201 23.099 24.984 26.764 28.246 29.707 30.915 31.894 32.877 33.458 33.771 34.464 35.294 35.895 36.464 37.419 39.450 43.375 48.484 53.307 57.574 61.057 63.751 65.275 66.166 66.686 66.639 66.451 66.040 65.203 63.996 62.316 60.762 59.121 57.723 56.784 56.400 56.379
0.004 0.010 0.020 0.035 0.056 0.088 0.133 0.198 0.290 0.417 0.591 0.829 1.146 1.554 2.061 2.673 3.398 4.232 5.172 6.096 6.880 8.669 10.179 11.157 11.702 11.952 12.021 11.959 11.666 11.141 11.360 11.934 12.626 13.444 14.457 16.020 17.765 19.485 21.298 23.210 25.281 27.281 29.186 30.719 32.179 33.374 34.179 34.983 35.475 35.636 36.026 36.146 36.208 36.678 37.435 39.047 42.414 47.205 51.855 56.008 59.184 61.706 63.188 64.342 65.158 65.648 65.918 65.936 65.226 64.096 62.350 60.915 59.309 57.958 57.202 57.160 57.494
0.004 0.011 0.022 0.037 0.060 0.094 0.144 0.217 0.324 0.477 0.689 0.975 1.352 1.838 2.440 3.161 4.008 4.991 6.119 7.244 8.849 11.004 12.372 13.181 13.613 13.776 13.798 13.707 13.383 12.862 12.662 13.180 13.812 14.569 15.544 16.984 18.902 20.805 22.768 24.932 27.156 29.265 31.149 32.719 34.258 35.453 36.020 36.668 36.980 37.121 37.447 37.318 37.070 36.794 37.060 38.472 40.940 45.366 50.292 54.091 57.143 59.626 61.162 62.394 63.522 64.276 64.863 64.965 64.392 63.267 61.378 59.750 58.093 56.928 56.418 56.531 56.937
0.005 0.011 0.022 0.038 0.062 0.096 0.147 0.224 0.339 0.510 0.755 1.090 1.530 2.089 2.771 3.575 4.502 5.576 6.813 8.129 10.376 12.890 14.413 15.141 15.438 15.513 15.492 15.356 14.992 14.501 13.884 14.324 14.858 15.565 16.490 17.705 19.790 21.819 23.954 26.369 28.807 31.071 33.055 34.553 35.965 37.086 37.705 38.161 38.343 38.359 38.525 38.146 37.841 37.483 37.041 37.682 39.645 43.763 48.770 52.633 55.492 57.715 59.187 60.478 61.690 62.525 63.261 63.189 62.520 61.277 59.063 56.598 54.675 53.600 53.292 53.618 54.288
0.004 0.011 0.022 0.038 0.062 0.096 0.146 0.223 0.341 0.521 0.793 1.175 1.678 2.305 3.051 3.910 4.887 6.000 7.280 8.723 11.199 14.227 16.165 17.054 17.294 17.292 17.193 16.979 16.630 16.121 15.411 15.406 15.858 16.475 17.308 18.351 20.387 22.581 24.901 27.501 30.166 32.679 34.709 36.229 37.485 38.376 38.806 39.360 39.611 39.582 39.743 39.141 38.674 38.153 37.560 37.319 38.437 42.511 47.202 51.030 53.441 55.403 56.782 58.030 59.049 59.755 60.293 60.031 59.162 57.531 55.026 52.249 49.856 48.122 47.703 48.371 49.473
0.004 0.010 0.021 0.037 0.059 0.092 0.140 0.213 0.329 0.513 0.801 1.224 1.789 2.474 3.262 4.151 5.154 6.275 7.568 9.055 11.477 14.982 17.488 18.763 19.137 19.129 18.941 18.729 18.392 17.866 17.118 16.404 16.775 17.278 17.981 18.968 20.708 23.088 25.614 28.371 31.275 33.966 36.200 37.624 38.838 39.626 39.981 40.543 40.609 40.477 40.607 39.828 39.186 38.455 37.652 37.306 37.978 40.833 45.387 48.858 51.104 53.092 54.206 55.191 55.842 56.214 56.567 56.016 54.659 52.438 49.490 46.414 44.068 42.597 42.057 42.519 44.247
0.002 0.007 0.017 0.032 0.053 0.081 0.122 0.184 0.287 0.466 0.768 1.225 1.842 2.581 3.402 4.307 5.306 6.418 7.699 9.195 11.395 15.237 18.248 20.054 20.700 20.762 20.686 20.551 20.294 19.769 18.945 17.721 17.633 18.032 18.654 19.563 20.879 23.432 26.148 29.158 32.265 35.204 37.534 38.939 40.099 40.707 40.830 41.179 41.125 41.088 40.991 40.525 40.028 39.024 38.117 37.567 37.804 39.687 43.495 46.303 48.600 50.180 50.977 51.610 51.976 52.078 52.132 51.203 49.176 46.280 42.877 39.994 38.191 37.519 37.605 38.188 39.627
0.001 0.004 0.011 0.023 0.039 0.060 0.088 0.130 0.203 0.354 0.644 1.131 1.807 2.605 3.467 4.378 5.364 6.463 7.732 9.215 11.228 15.057 18.550 20.816 21.863 22.128 22.270 22.263 22.087 21.588 20.699 19.274 18.514 18.754 19.276 20.078 21.201 23.577 26.519 29.619 32.845 35.990 38.292 39.864 40.844 41.271 41.307 41.667 41.606 41.572 41.456 40.925 40.529 39.645 38.737 37.757 37.614 38.963 41.042 43.274 45.345 46.469 46.938 47.421 47.365 47.284 46.982 45.427 42.843 39.496 36.416 34.384 33.563 33.429 33.828 34.613 35.603
0.001 0.002 0.006 0.014 0.024 0.039 0.056 0.079 0.119 0.202 0.420 0.870 1.577 2.466 3.431 4.375 5.354 6.444 7.703 9.184 11.052 14.776 18.494 21.295 22.801 23.307 23.634 23.822 23.709 23.286 22.410 20.882 19.351 19.532 19.931 20.600 21.614 23.611 26.658 29.973 33.326 36.368 38.740 40.392 41.510 41.668 41.795 42.013 41.772 41.670 41.453 41.082 40.741 39.778 38.916 37.887 37.113 37.739 39.222 40.551 42.192 42.945 43.069 43.017 42.649 42.186 41.380 39.406 36.515 33.588 31.368 30.168 29.638 29.717 30.149 30.896 31.876
0.000 0.001 0.003 0.007 0.014 0.023 0.032 0.044 0.064 0.111 0.234 0.537 1.138 2.041 3.124 4.187 5.211 6.302 7.564 9.051 10.852 14.453 18.359 21.639 23.572 24.331 24.747 25.056 25.054 24.720 23.913 22.512 20.749 20.409 20.675 21.254 22.099 23.690 26.761 30.161 33.638 36.743 39.008 40.658 41.888 42.061 42.120 42.033 41.834 41.938 41.493 41.415 41.007 40.007 39.303 38.000 36.768 36.689 37.294 38.166 39.162 39.499 39.469 39.005 38.201 37.486 36.289 34.052 31.421 29.109 27.520 26.548 26.024 26.027 26.369 26.982 27.787
0.000 0.000 0.001 0.004 0.008 0.013 0.019 0.027 0.045 0.081 0.158 0.345 0.762 1.485 2.499 3.653 4.803 5.975 7.265 8.790 10.649 14.032 18.197 21.846 24.135 25.183 25.621 26.086 26.240 25.961 25.415 24.278 22.689 21.282 21.403 21.911 22.611 23.823 26.700 30.008 33.417 36.565 38.808 40.333 41.501 41.785 42.078 41.902 41.865 41.714 41.191 40.983 40.515 39.643 38.932 37.715 36.448 35.771 35.611 35.931 35.958 36.189 36.194 35.661 34.840 33.747 32.346 30.213 27.797 25.757 24.240 23.207 22.551 22.334 22.448 22.884 23.489
0.000 0.000 0.001 0.002 0.004 0.007 0.013 0.022 0.041 0.077 0.147 0.288 0.587 1.142 1.981 3.052 4.241 5.506 6.877 8.455 10.366 13.587 17.847 21.882 24.517 25.849 26.405 26.946 27.307 27.266 26.872 25.957 24.696 23.374 22.477 22.693 23.277 24.297 26.889 29.828 33.270 36.203 38.386 40.090 41.026 41.803 42.110 41.887 41.816 41.349 40.596 40.207 39.761 38.991 38.437 37.140 35.952 35.037 34.339 34.108 33.886 33.743 33.774 33.271 32.405 31.232 29.680 27.479 25.157 23.141 21.536 20.254 19.391 18.941 18.877 19.109 19.455
0.000 0.000 0.000 0.001 0.002 0.005 0.010 0.020 0.040 0.080 0.154 0.291 0.550 1.014 1.738 2.731 4.137 5.263 6.634 8.255 10.127 13.129 17.404 21.640 24.631 26.250 26.937 27.604 28.050 28.231 28.152 27.534 26.708 25.722 25.037 24.558 24.156 25.145 27.412 29.942 32.919 35.627 37.721 39.477 40.371 41.057 41.477 41.418 41.310 40.803 39.843 39.175 38.427 37.666 37.226 36.308 35.278 34.429 33.744 33.114 32.641 31.847 31.619 31.259 30.471 29.277 27.596 25.460 23.171 21.078 19.321 17.877 16.792 16.089 15.760 15.728 15.812
0.000 0.000 0.000 0.000 0.001 0.003 0.007 0.018 0.042 0.090 0.177 0.324 0.583 1.178 2.165 3.604 5.325 6.731 7.764 8.524 9.983 12.657 16.750 21.079 24.354 26.319 27.305 28.041 28.706 29.149 29.190 28.906 28.370 27.721 27.201 26.868 26.687 26.594 28.142 30.187 32.513 34.843 36.701 38.300 39.362 40.286 40.688 40.645 40.571 39.937 38.415 37.181 36.227 35.497 35.410 34.840 34.201 33.720 33.106 32.442 31.775 30.963 29.991 29.638 28.877 27.726 26.064 23.967 21.648 19.537 17.726 16.186 14.950 14.029 13.401 13.405 13.132
0.000 0.000 0.000 0.000 0.000 0.002 0.006 0.018 0.045 0.107 0.218 0.396 0.799 1.635 2.966 4.821 6.828 8.472 9.658 10.371 10.798 12.190 16.006 20.179 23.727 26.162 27.407 28.279 29.178 29.786 30.190 30.218 29.981 29.531 29.182 28.941 28.800 28.790 29.208 30.795 32.663 34.422 36.040 37.536 38.482 39.369 39.646 39.396 39.413 38.561 36.925 35.473 34.435 33.554 33.550 33.298 33.123 32.920 32.439 31.711 30.998 30.082 28.944 28.337 27.537 26.411 24.811 22.768 20.535 18.391 16.566 14.958 13.620 12.517 11.667 10.971 10.155
0.000 0.000 0.000 0.000 0.000 0.001 0.006 0.020 0.053 0.130 0.278 0.512 1.033 2.238 4.086 6.479 8.647 10.319 11.530 12.208 12.418 12.467 15.207 19.235 22.732 25.509 27.255 28.266 29.285 30.128 30.862 31.235 31.407 31.269 30.955 30.785 30.611 30.501 30.472 31.508 32.916 34.254 35.538 36.827 37.526 38.024 38.159 37.845 37.956 37.197 35.687 34.352 33.207 32.277 32.070 31.911 31.856 31.736 31.408 30.765 30.116 29.167 28.087 27.116 26.196 25.121 23.572 21.716 19.581 17.470 15.602 13.964 12.543 11.304 10.217 9.195 8.135
0.000 0.000 0.000 0.000 0.000 0.001 0.005 0.019 0.060 0.161 0.363 0.680 1.167 2.732 5.188 8.155 10.473 12.091 13.204 13.879 14.031 13.856 14.622 18.109 21.581 24.547 26.598 27.939 29.061 30.157 31.173 32.104 32.653 32.727 32.555 32.448 32.278 31.889 31.796 31.815 32.853 33.769 34.732 35.833 36.568 37.013 36.949 36.560 36.528 35.898 34.567 33.273 32.072 31.233 30.840 30.533 30.420 30.218 29.987 29.548 28.916 28.008 26.974 25.965 24.767 23.640 22.226 20.564 18.635 16.574 14.703 13.054 11.545 10.137 8.799 7.508 6.298
0.000 0.000 0.000 0.000 0.000 0.000 0.004 0.016 0.060 0.194 0.477 0.911 1.453 2.985 5.916 9.395 11.988 13.716 14.848 15.497 15.651 15.452 15.080 17.277 20.325 23.224 25.389 26.996 28.359 29.682 31.064 32.415 33.428 33.935 33.874 33.693 33.323 32.914 32.677 32.371 32.893 33.549 34.245 35.133 35.743 36.177 36.047 35.606 35.576 34.890 33.767 32.630 31.565 30.616 30.015 29.427 29.054 28.829 28.528 27.964 27.367 26.574 25.611 24.406 23.158 21.883 20.564 19.103 17.403 15.546 13.754 12.061 10.426 8.815 7.260 5.776 4.434
0.000 0.000 0.000 0.000 0.000 0.001 0.003 0.013 0.055 0.219 0.613 1.223 1.913 3.011 6.245 10.256 13.244 15.271 16.571 17.232 17.383 17.238 16.866 16.871 19.366 21.839 23.936 25.662 27.259 28.996 30.606 32.252 33.762 34.529 34.661 34.396 34.011 33.618 33.256 32.813 32.552 32.989 33.527 34.254 34.713 35.058 35.025 34.689 34.705 34.122 33.184 32.158 31.193 30.156 29.300 28.493 27.827 27.469 26.950 26.292 25.619 24.786 23.831 22.683 21.341 20.015 18.610 17.189 15.684 14.037 12.322 10.542 8.668 6.814 5.092 3.562 2.506
0.000 0.000 0.000 0.000 0.001 0.002 0.004 0.011 0.047 0.225 0.732 1.580 2.460 3.265 6.187 10.642 14.187 16.648 18.346 19.308 19.545 19.413 19.101 19.082 19.510 20.896 22.682 24.455 26.184 27.937 29.931 31.640 33.327 34.413 34.751 34.733 34.383 33.982 33.546 33.105 32.296 32.315 32.837 33.439 33.886 34.318 34.159 33.887 33.753 33.119 32.307 31.464 30.520 29.548 28.426 27.474 26.789 26.117 25.375 24.612 23.728 22.877 21.898 20.766 19.426 17.979 16.472 14.944 13.406 11.712 9.827 7.801 5.721 3.844 2.688 2.600 2.439
0.000 0.000 0.001 0.002 0.003 0.004 0.006 0.010 0.042 0.214 0.778 1.805 2.906 3.870 5.801 10.404 14.638 17.734 19.974 21.500 22.205 22.291 22.064 21.982 22.131 22.541 23.132 23.946 25.286 26.973 28.826 30.773 32.373 33.648 34.451 34.577 34.387 33.984 33.565 33.018 32.101 31.413 31.903 32.592 32.975 33.388 33.252 33.043 32.913 32.233 31.456 30.742 29.750 28.651 27.503 26.448 25.687 24.768 23.729 22.759 21.747 20.760 19.781 18.641 17.343 15.878 14.368 12.700 10.873 9.002 7.145 5.418 3.864 2.813 2.742 2.622 2.419
0.001 0.002 0.002 0.004 0.005 0.008 0.011 0.015 0.037 0.188 0.751 1.859 3.193 4.359 5.527 9.851 14.675 18.446 21.282 23.325 24.570 25.160 25.317 25.280 25.260 25.411 25.653 26.047 26.796 27.584 28.277 29.523 31.115 32.426 33.526 33.978 33.865 33.667 33.292 32.612 31.480 30.232 30.637 31.291 31.741 32.125 31.903 31.717 31.619 31.081 30.404 29.642 28.617 27.444 26.301 25.213 24.250 23.188 22.050 20.929 19.801 18.703 17.567 16.413 15.129 13.682 12.214 10.534 8.722 6.803 5.035 3.484 2.936 2.913 2.819 2.660 2.462
0.003 0.004 0.005 0.006 0.010 0.014 0.018 0.024 0.036 0.162 0.686 1.813 3.334 4.754 6.149 9.461 14.461 18.924 22.368 24.993 26.694 27.540 27.819 27.851 27.851 27.794 27.882 27.987 28.314 28.718 28.801 29.275 29.768 31.107 32.016 32.727 32.951 32.837 32.668 31.994 30.733 29.076 29.443 30.024 30.305 30.655 30.428 30.186 30.019 29.543 28.989 28.148 27.074 25.949 24.768 23.589 22.446 21.345 20.169 18.997 17.747 16.519 15.280 14.043 12.747 11.293 9.747 8.088 6.266 4.413 3.161 3.141 3.096 3.031 2.919 2.764 2.659
0.007 0.007 0.008 0.011 0.016 0.022 0.030 0.038 0.048 0.157 0.664 1.796 3.421 5.098 6.755 9.595 14.462 19.236 23.286 26.304 28.296 29.368 29.713 29.775 29.671 29.342 29.198 29.236 29.289 29.277 29.217 29.386 29.685 29.834 30.677 31.424 31.728 31.791 31.668 31.082 29.930 28.262 28.005 28.473 28.567 28.703 28.345 28.137 27.976 27.619 27.103 26.388 25.153 24.047 22.789 21.519 20.382 19.232 17.980 16.726 15.447 14.142 12.826 11.535 10.162 8.705 7.136 5.421 3.752 3.385 3.391 3.373 3.326 3.252 3.151 3.057 3.010
0.011 0.011 0.012 0.018 0.025 0.035 0.045 0.057 0.074 0.161 0.677 1.843 3.553 5.438 7.347 10.346 14.975 19.427 23.798 27.299 29.533 30.639 31.085 31.156 31.017 30.545 30.214 30.081 29.830 29.601 29.419 29.496 29.555 29.686 29.720 30.401 30.627 30.653 30.542 30.159 29.256 27.704 26.529 26.771 26.713 26.468 25.970 25.824 25.628 25.227 24.751 23.913 22.738 21.674 20.476 19.194 17.956 16.756 15.439 14.124 12.826 11.451 10.128 8.791 7.448 5.962 4.388 3.411 3.539 3.664 3.712 3.696 3.651 3.612 3.572 3.552 3.580
0.017 0.017 0.019 0.028 0.040 0.053 0.067 0.088 0.120 0.179 0.744 1.993 3.800 5.832 7.960 11.860 15.809 19.689 23.766 27.584 30.186 31.461 31.845 31.961 31.817 31.354 30.845 30.536 30.213 29.878 29.614 29.600 29.507 29.562 29.534 29.427 29.551 29.532 29.354 29.036 28.405 27.134 25.199 24.939 24.487 23.952 23.639 23.327 22.957 22.429 21.720 21.014 20.161 19.113 17.928 16.596 15.236 13.957 12.632 11.288 10.025 8.706 7.402 6.052 4.642 3.562 3.572 3.661 3.848 4.003 4.094 4.137 4.152 4.162 4.196 4.265 4.385
0.027 0.025 0.031 0.045 0.061 0.080 0.104 0.140 0.203 0.316 0.887 2.320 4.304 6.434 9.033 13.123 16.339 19.594 23.352 27.078 30.062 31.697 32.370 32.468 32.356 32.008 31.481 30.933 30.524 30.104 29.688 29.602 29.356 29.250 29.054 28.737 28.334 28.296 28.134 27.797 27.204 26.117 24.332 22.923 22.247 21.882 21.501 21.061 20.553 19.918 19.188 18.369 17.433 16.331 15.079 13.720 12.375 11.150 9.924 8.705 7.495 6.252 4.934 3.935 3.854 3.858 3.910 4.041 4.271 4.473 4.607 4.727 4.867 5.032 5.163 5.302 5.425
0.043 0.038 0.050 0.070 0.094 0.123 0.165 0.234 0.352 0.557 1.147 2.906 5.155 7.322 10.593 14.024 16.632 19.106 21.997 25.429 28.591 30.881 32.152 32.555 32.513 32.317 31.873 31.323 30.752 30.262 29.887 29.549 29.174 28.704 28.097 27.340 26.836 26.953 26.839 26.421 25.667 24.394 22.446 21.423 20.804 20.250 19.661 18.977 18.280 17.499 16.633 15.679 14.596 13.444 12.239 10.958 9.741 8.604 7.473 6.372 5.250 4.530 4.381 4.198 4.146 4.172 4.302 4.523 4.798 5.089 5.345 5.537 5.756 6.014 6.107 6.142 6.172
0.065 0.056 0.079 0.107 0.142 0.191 0.268 0.396 0.610 0.967 1.603 3.876 6.340 8.438 11.517 14.443 16.720 18.498 20.077 22.267 25.586 28.601 30.673 31.840 32.331 32.216 31.967 31.276 30.613 30.174 29.800 29.302 28.721 27.879 26.681 25.282 24.738 24.892 24.769 24.140 22.915 21.211 20.741 20.076 19.323 18.532 17.764 16.972 16.128 15.222 14.218 13.127 11.952 10.753 9.595 8.447 7.346 6.299 5.267 4.763 4.741 4.673 4.548 4.478 4.483 4.584 4.839 5.218 5.568 5.918 6.328 6.631 6.729 6.768 6.726 6.592 6.454
0.079 0.088 0.122 0.162 0.217 0.301 0.437 0.659 1.012 1.539 2.216 4.847 7.420 9.394 12.036 14.545 16.703 18.320 19.416 21.554 23.979 25.672 26.418 28.826 30.278 30.881 31.204 30.960 30.391 30.013 29.504 28.829 27.873 26.610 25.570 25.006 24.279 23.489 22.596 21.514 20.583 20.007 19.483 18.821 17.885 16.887 15.961 15.043 14.078 13.047 11.921 10.710 9.482 8.303 7.206 6.177 5.192 4.870 4.943 4.942 4.934 4.888 4.805 4.800 4.897 5.170 5.639 6.187 6.616 6.946 7.215 7.390 7.380 7.196 6.963 6.791 6.574
0.092 0.133 0.182 0.243 0.336 0.479 0.704 1.040 1.502 2.063 2.687 5.323 8.169 10.085 12.334 14.646 16.580 18.237 19.301 21.282 23.403 25.024 25.986 26.412 26.339 26.682 28.067 28.868 29.056 28.955 28.335 27.261 26.190 25.614 25.548 25.189 24.514 23.792 22.849 21.499 20.384 19.879 19.456 18.784 17.771 16.486 14.972 13.184 12.036 10.929 9.705 8.444 7.215 6.083 5.058 4.533 4.748 5.045 5.198 5.229 5.224 5.214 5.175 5.199 5.418 5.918 6.663 7.228 7.539 7.744 7.825 7.767 7.604 7.431 7.130 6.826 6.469
