RESULTS/r.avaflow_results/13_results/13_ascii/13_hflow10011.asc
ncols 506
nrows 317
xllcenter 498237.50
yllcenter 5580050.00
cellsize 12.50
NODATA_value -9999.000
[rows 170 to 203 of 317, columns 77 to 153 of 506]
0.000 0.000 0.000 0.000 0.000 0.000 0.000 0.000 0.000 0.001 0.002 0.004 0.009 0.022 0.049 0.098 0.182 0.315 0.510 0.778 1.120 1.526 1.970 2.390 2.732 2.971 3.126 3.252 3.377 3.518 3.698 3.947 4.298 4.782 5.429 6.259 7.273 8.429 9.665 10.903 12.130 13.383 14.709 16.220 17.910 19.468 20.844 22.057 23.084 24.060 24.934 25.647 26.505 27.430 28.595 29.340 29.917 30.549 31.147 31.529 31.817 32.117 32.081 31.905 31.611 30.903 29.949 28.772 27.311 25.738 23.956 21.987 19.853 17.574 15.273 13.096 11.100
0.000 0.000 0.000 0.000 0.000 0.000 0.000 0.000 0.001 0.003 0.006 0.014 0.032 0.067 0.129 0.230 0.382 0.601 0.902 1.293 1.778 2.356 2.929 3.404 3.764 4.018 4.201 4.361 4.518 4.692 4.916 5.229 5.674 6.291 7.127 8.201 9.484 10.945 12.464 13.883 15.273 16.664 18.101 19.721 21.414 22.855 24.152 25.288 26.287 27.169 27.773 28.315 28.973 29.487 30.351 31.066 31.749 32.447 32.994 33.315 33.451 33.587 33.346 32.967 32.434 31.529 30.477 29.309 27.790 26.147 24.455 22.629 20.739 18.808 16.835 14.916 13.094
0.000 0.000 0.000 0.000 0.000 0.000 0.000 0.001 0.004 0.008 0.018 0.037 0.076 0.144 0.253 0.413 0.644 0.964 1.395 1.952 2.647 3.438 4.129 4.653 5.034 5.308 5.520 5.712 5.904 6.118 6.392 6.774 7.312 8.054 9.025 10.236 11.674 13.294 15.017 16.642 18.231 19.766 21.352 22.998 24.652 25.988 27.253 28.327 29.190 30.045 30.543 30.856 31.247 31.313 31.457 32.057 32.830 33.597 34.050 34.243 34.270 34.332 34.012 33.490 32.831 31.831 30.738 29.513 28.029 26.472 24.805 23.046 21.335 19.673 18.008 16.412 14.916
0.000 0.000 0.000 0.000 0.000 0.000 0.001 0.004 0.009 0.019 0.038 0.074 0.139 0.244 0.400 0.626 0.950 1.400 2.008 2.797 3.783 4.789 5.593 6.176 6.581 6.878 7.115 7.327 7.542 7.789 8.097 8.495 9.026 9.743 10.713 11.959 13.490 15.255 17.205 19.074 20.868 22.651 24.361 26.025 27.691 28.977 30.210 31.175 31.884 32.577 32.983 33.084 33.260 33.010 32.649 32.746 33.021 33.683 34.450 34.545 34.542 34.549 34.182 33.561 32.841 31.823 30.724 29.534 28.141 26.621 24.913 23.213 21.609 20.140 18.749 17.432 16.195
0.000 0.000 0.000 0.000 0.000 0.000 0.002 0.006 0.014 0.030 0.058 0.109 0.196 0.335 0.547 0.861 1.307 1.931 2.776 3.878 5.222 6.435 7.350 7.995 8.428 8.728 8.965 9.168 9.355 9.560 9.800 10.110 10.550 11.206 12.148 13.407 14.979 16.852 18.981 21.140 23.186 25.143 26.882 28.621 30.185 31.418 32.615 33.437 33.958 34.516 34.757 34.796 34.834 34.362 33.714 33.533 33.518 33.753 34.600 34.670 34.665 34.609 34.238 33.663 32.902 31.919 30.860 29.648 28.150 26.613 24.868 23.178 21.649 20.302 19.108 18.000 16.953
0.000 0.000 0.000 0.000 0.000 0.000 0.002 0.007 0.017 0.036 0.072 0.134 0.240 0.409 0.673 1.070 1.646 2.462 3.578 5.038 6.780 8.238 9.289 9.985 10.414 10.679 10.848 10.975 11.077 11.192 11.319 11.534 11.873 12.445 13.328 14.565 16.181 18.131 20.387 22.819 25.140 27.262 29.161 30.967 32.467 33.663 34.745 35.400 35.797 36.328 36.282 36.233 36.147 35.469 34.464 33.948 33.660 33.510 34.040 34.300 34.489 34.422 33.978 33.510 32.910 31.989 31.009 29.741 28.221 26.596 24.781 23.088 21.626 20.312 19.221 18.225 17.295
0.000 0.000 0.000 0.000 0.000 0.000 0.002 0.007 0.018 0.038 0.078 0.151 0.273 0.470 0.776 1.235 1.909 2.869 4.192 5.938 8.032 9.764 10.993 11.774 12.220 12.454 12.561 12.600 12.622 12.650 12.706 12.845 13.095 13.572 14.374 15.556 17.134 19.114 21.474 24.110 26.748 29.081 31.108 32.958 34.435 35.475 36.453 37.083 37.370 37.782 37.636 37.462 37.223 36.546 35.522 34.681 34.082 33.835 34.063 34.045 34.162 34.327 33.897 33.406 32.709 31.774 30.798 29.376 27.824 26.063 24.244 22.647 21.319 20.152 19.149 18.227 17.381
0.000 0.000 0.000 0.000 0.000 0.000 0.002 0.007 0.017 0.038 0.080 0.159 0.298 0.521 0.861 1.366 2.103 3.151 4.601 6.527 8.898 10.951 12.396 13.300 13.812 14.042 14.120 14.129 14.078 14.002 13.993 14.032 14.189 14.561 15.283 16.387 17.918 19.909 22.301 25.016 27.849 30.334 32.376 34.238 35.751 36.713 37.589 38.071 38.213 38.550 38.452 38.164 37.876 37.104 36.063 35.132 34.407 34.032 34.082 33.903 33.872 34.011 33.691 33.268 32.448 31.369 30.206 28.657 26.945 25.117 23.381 21.907 20.717 19.721 18.843 18.049 17.288
0.000 0.000 0.000 0.000 0.000 0.000 0.002 0.006 0.015 0.035 0.077 0.159 0.312 0.562 0.934 1.472 2.243 3.332 4.837 6.851 9.408 11.812 13.527 14.629 15.223 15.501 15.557 15.550 15.427 15.218 15.104 15.103 15.208 15.461 16.061 17.056 18.520 20.526 22.945 25.755 28.777 31.553 33.789 35.625 37.018 37.848 38.623 38.972 38.954 39.243 39.213 38.858 38.531 37.689 36.554 35.513 34.616 34.140 33.906 33.658 33.442 33.073 32.638 32.334 31.664 30.472 29.188 27.484 25.485 23.571 21.914 20.639 19.645 18.860 18.194 17.573 16.986
0.000 0.000 0.000 0.000 0.000 0.000 0.001 0.004 0.011 0.027 0.065 0.147 0.309 0.581 0.988 1.557 2.345 3.440 4.947 6.978 9.620 12.357 14.400 15.732 16.451 16.803 16.886 16.857 16.707 16.413 16.147 16.089 16.125 16.294 16.774 17.653 19.028 21.014 23.430 26.301 29.455 32.288 34.524 36.335 37.611 38.474 39.298 39.639 39.636 39.896 39.802 39.463 39.116 38.195 37.024 36.008 35.068 34.466 33.985 33.692 33.127 32.413 31.714 31.021 30.330 29.253 27.807 25.925 23.689 21.687 20.061 18.932 18.172 17.616 17.164 16.759 16.346
0.000 0.000 0.000 0.000 0.000 0.000 0.000 0.002 0.006 0.016 0.043 0.114 0.273 0.564 1.005 1.608 2.414 3.495 4.979 6.994 9.636 12.638 15.005 16.624 17.543 17.952 18.117 18.081 17.930 17.586 17.184 17.011 16.993 17.083 17.453 18.210 19.471 21.338 23.684 26.562 29.858 32.831 35.213 37.137 38.206 38.820 39.475 39.745 39.715 39.943 39.805 39.414 39.071 38.311 37.390 36.367 35.452 34.726 34.035 33.579 32.854 31.977 31.048 29.822 28.711 27.633 26.209 24.409 22.278 20.220 18.496 17.252 16.454 16.018 15.762 15.537 15.336
0.000 0.000 0.000 0.000 0.000 0.000 0.000 0.001 0.004 0.010 0.026 0.069 0.193 0.475 0.949 1.604 2.435 3.511 4.969 6.945 9.559 12.708 15.375 17.280 18.428 18.988 19.190 19.188 19.061 18.721 18.215 17.885 17.820 17.859 18.130 18.793 19.964 21.700 23.997 26.758 29.992 33.136 35.573 37.602 38.718 39.468 39.903 40.023 39.899 40.083 39.930 39.554 39.334 38.552 37.523 36.425 35.371 34.562 33.859 33.219 32.370 31.382 30.211 28.781 27.528 26.115 24.738 23.151 21.213 19.139 17.349 15.965 14.984 14.399 14.136 14.041 13.980
0.000 0.000 0.000 0.000 0.000 0.000 0.000 0.001 0.004 0.009 0.021 0.048 0.119 0.326 0.773 1.469 2.358 3.447 4.872 6.807 9.384 12.585 15.531 17.746 19.158 19.880 20.154 20.226 20.120 19.788 19.248 18.810 18.651 18.649 18.837 19.334 20.329 21.898 24.077 26.830 30.063 33.150 35.520 37.562 38.682 39.642 40.064 40.103 40.172 40.218 39.998 39.822 39.457 38.721 37.885 36.658 35.473 34.644 33.800 33.066 32.104 31.079 29.624 28.138 26.811 25.227 23.718 22.142 20.387 18.366 16.523 15.042 13.884 13.075 12.597 12.384 12.339
0.000 0.000 0.000 0.000 0.000 0.000 0.000 0.002 0.005 0.011 0.022 0.046 0.095 0.227 0.557 1.173 2.069 3.191 4.609 6.513 9.065 12.319 15.537 17.985 19.675 20.652 21.002 21.149 21.080 20.788 20.278 19.793 19.552 19.481 19.591 20.015 20.904 22.351 24.388 26.967 30.027 33.190 35.743 37.662 38.733 39.531 39.804 39.754 39.993 39.805 39.453 39.348 38.872 38.287 37.784 36.714 35.439 34.440 33.434 32.644 31.646 30.571 29.147 27.710 26.285 24.720 23.115 21.465 19.720 17.779 15.919 14.357 13.062 12.045 11.308 10.838 10.609
0.000 0.000 0.000 0.000 0.000 0.000 0.001 0.003 0.008 0.016 0.029 0.053 0.098 0.201 0.450 0.943 1.733 2.810 4.211 6.091 8.628 11.937 15.405 18.068 19.951 21.168 21.747 21.997 21.912 21.677 21.258 20.737 20.473 20.449 20.508 20.823 21.614 22.924 24.789 27.248 30.103 33.166 35.757 37.596 38.738 39.560 39.870 39.860 40.057 39.715 39.337 39.070 38.443 37.815 37.224 36.290 35.074 34.078 32.956 32.020 31.065 29.940 28.616 27.278 25.811 24.289 22.674 20.985 19.147 17.239 15.402 13.780 12.379 11.199 10.240 9.503 8.983
0.000 0.000 0.000 0.000 0.000 0.000 0.001 0.005 0.012 0.024 0.043 0.072 0.119 0.214 0.431 0.860 1.569 2.592 3.957 5.772 8.225 11.481 15.124 17.995 20.043 21.445 22.252 22.620 22.738 22.651 22.356 21.865 21.566 21.550 21.571 21.794 22.489 23.607 25.252 27.492 30.047 32.877 35.373 37.080 38.104 38.920 39.245 39.274 39.558 39.237 38.632 38.048 37.393 36.787 36.394 35.649 34.735 33.961 32.836 31.790 30.811 29.553 28.273 27.050 25.581 24.102 22.434 20.660 18.795 16.859 14.972 13.264 11.761 10.452 9.296 8.320 7.520
0.000 0.000 0.000 0.000 0.000 0.000 0.002 0.007 0.017 0.035 0.063 0.105 0.164 0.264 0.466 0.863 1.534 2.525 3.858 5.616 7.956 11.032 14.688 17.760 19.987 21.520 22.546 23.134 23.479 23.533 23.470 23.142 22.879 22.870 22.899 23.152 23.815 24.770 26.191 28.159 30.381 32.860 35.127 36.725 37.725 38.563 38.822 38.567 38.608 38.212 37.435 36.556 35.712 35.080 34.967 34.551 34.042 33.473 32.583 31.587 30.555 29.197 27.924 26.652 25.196 23.720 22.099 20.337 18.486 16.514 14.573 12.781 11.164 9.728 8.403 7.220 6.166
0.000 0.000 0.000 0.000 0.000 0.000 0.002 0.008 0.021 0.046 0.089 0.153 0.241 0.369 0.581 0.958 1.592 2.547 3.854 5.571 7.798 10.659 14.166 17.352 19.774 21.445 22.599 23.406 24.033 24.377 24.519 24.411 24.304 24.377 24.467 24.771 25.365 26.256 27.500 29.095 30.950 32.921 34.777 36.251 37.083 37.693 37.888 37.743 37.721 37.133 36.212 35.087 33.951 33.300 33.191 32.973 32.834 32.571 31.911 31.027 30.084 28.778 27.490 26.153 24.774 23.306 21.660 19.936 18.113 16.119 14.158 12.308 10.575 8.999 7.508 6.131 4.883
0.000 0.000 0.000 0.000 0.000 0.000 0.002 0.009 0.025 0.059 0.124 0.225 0.364 0.552 0.814 1.204 1.808 2.704 3.946 5.604 7.732 10.380 13.598 16.781 19.352 21.206 22.500 23.462 24.244 24.841 25.309 25.481 25.553 25.746 25.881 26.202 26.846 27.642 28.656 29.992 31.406 32.805 34.301 35.493 36.131 36.602 36.587 36.407 36.498 36.048 35.087 33.901 32.785 32.034 31.776 31.555 31.556 31.487 30.961 30.249 29.451 28.196 26.887 25.570 24.149 22.703 21.113 19.433 17.669 15.733 13.747 11.800 9.927 8.187 6.531 5.011 3.692
0.000 0.000 0.000 0.000 0.000 0.000 0.002 0.008 0.028 0.076 0.173 0.331 0.555 0.841 1.191 1.635 2.237 3.074 4.228 5.783 7.795 10.269 13.192 16.176 18.714 20.735 22.231 23.393 24.383 25.184 25.897 26.362 26.654 26.909 27.075 27.365 27.992 28.664 29.448 30.638 31.773 32.831 34.047 34.940 35.434 35.838 35.700 35.432 35.412 34.899 34.025 32.943 31.864 31.030 30.613 30.296 30.140 30.022 29.577 29.015 28.307 27.233 25.993 24.715 23.304 21.823 20.278 18.673 16.990 15.152 13.176 11.147 9.151 7.278 5.536 3.994 2.722
0.000 0.000 0.000 0.000 0.000 0.000 0.001 0.008 0.029 0.094 0.242 0.488 0.835 1.255 1.727 2.264 2.901 3.705 4.765 6.171 8.015 10.313 12.986 15.651 18.001 20.036 21.673 23.056 24.236 25.182 26.096 26.759 27.221 27.653 27.915 28.196 28.724 29.280 30.005 31.029 31.934 32.722 33.677 34.448 34.797 35.088 35.052 34.819 34.696 34.072 33.354 32.558 31.360 30.276 29.656 29.088 28.736 28.325 27.783 27.365 26.702 25.852 24.682 23.463 22.177 20.763 19.270 17.661 16.009 14.240 12.304 10.217 8.134 6.223 4.521 3.092 1.955
0.000 0.000 0.000 0.000 0.000 0.000 0.001 0.006 0.027 0.101 0.305 0.678 1.195 1.786 2.414 3.077 3.782 4.576 5.551 6.814 8.462 10.531 13.009 15.432 17.517 19.412 21.030 22.552 23.940 25.089 26.176 27.043 27.610 28.068 28.296 28.460 28.886 29.399 30.082 30.944 31.683 32.282 33.089 33.707 33.960 34.220 34.208 33.973 33.829 33.312 32.759 32.028 30.925 29.883 28.982 28.167 27.615 26.860 26.163 25.605 24.940 24.172 23.144 22.046 20.746 19.339 17.870 16.275 14.637 12.863 10.960 8.869 6.813 4.982 3.431 2.197 1.266
0.000 0.000 0.000 0.000 0.000 0.000 0.001 0.005 0.023 0.096 0.333 0.812 1.495 2.253 3.048 3.879 4.732 5.599 6.553 7.710 9.179 11.000 13.178 15.423 17.319 18.992 20.487 21.996 23.443 24.822 26.042 27.071 27.736 28.247 28.476 28.620 29.014 29.470 30.094 30.884 31.480 31.895 32.591 33.088 33.347 33.647 33.520 33.289 33.188 32.651 32.030 31.322 30.187 29.211 28.178 27.251 26.495 25.593 24.792 23.964 23.169 22.271 21.271 20.232 18.970 17.606 16.152 14.511 12.823 10.984 9.044 7.037 5.156 3.549 2.267 1.307 0.653
0.000 0.000 0.000 0.000 0.001 0.001 0.002 0.005 0.020 0.086 0.328 0.872 1.681 2.576 3.512 4.500 5.531 6.588 7.665 8.830 10.190 11.782 13.637 15.605 17.328 18.854 20.222 21.571 22.931 24.417 25.768 26.937 27.736 28.311 28.535 28.677 29.038 29.415 29.956 30.549 30.968 31.168 31.675 32.181 32.507 32.768 32.677 32.569 32.530 32.022 31.335 30.635 29.494 28.406 27.182 26.139 25.265 24.281 23.348 22.318 21.364 20.325 19.253 18.156 16.929 15.557 14.043 12.329 10.488 8.552 6.616 4.847 3.337 2.125 1.209 0.591 0.238
0.000 0.000 0.000 0.001 0.002 0.003 0.004 0.006 0.018 0.074 0.304 0.867 1.744 2.758 3.823 4.966 6.186 7.469 8.791 10.105 11.435 12.864 14.442 16.056 17.532 18.837 20.086 21.350 22.598 23.912 25.346 26.603 27.400 28.012 28.258 28.416 28.754 29.052 29.470 29.851 30.020 30.096 30.514 30.990 31.327 31.577 31.518 31.419 31.301 30.889 30.281 29.572 28.454 27.166 25.971 24.851 23.877 22.825 21.756 20.574 19.467 18.275 17.121 15.901 14.640 13.210 11.561 9.675 7.686 5.840 4.221 2.859 1.779 0.992 0.472 0.182 0.058
0.000 0.001 0.002 0.003 0.004 0.005 0.007 0.009 0.016 0.058 0.250 0.791 1.702 2.811 3.988 5.284 6.723 8.310 9.941 11.496 12.949 14.314 15.647 16.903 18.064 19.154 20.212 21.328 22.405 23.549 24.910 26.216 27.002 27.645 27.905 28.055 28.361 28.570 28.781 29.028 29.011 29.052 29.434 29.772 30.002 30.224 30.095 30.029 29.937 29.437 28.765 28.011 26.916 25.584 24.360 23.165 22.084 20.910 19.789 18.531 17.320 16.035 14.808 13.501 12.147 10.574 8.740 6.785 5.007 3.494 2.256 1.325 0.697 0.316 0.119 0.040 0.016
0.001 0.002 0.004 0.005 0.007 0.008 0.010 0.012 0.016 0.041 0.178 0.647 1.552 2.750 4.050 5.511 7.205 9.123 11.167 13.051 14.659 16.032 17.163 18.120 18.963 19.770 20.543 21.474 22.403 23.391 24.533 25.695 26.454 27.081 27.273 27.356 27.589 27.716 27.772 27.887 27.832 27.744 27.937 28.122 28.265 28.372 28.206 28.087 27.943 27.511 26.937 26.168 25.057 23.635 22.239 20.978 19.780 18.535 17.319 16.038 14.783 13.513 12.213 10.847 9.378 7.670 5.842 4.169 2.765 1.664 0.896 0.424 0.175 0.065 0.025 0.012 0.009
0.003 0.004 0.006 0.008 0.010 0.012 0.014 0.015 0.017 0.031 0.118 0.484 1.319 2.569 4.007 5.649 7.609 9.929 12.513 14.787 16.622 18.025 19.003 19.679 20.181 20.661 21.127 21.751 22.436 23.220 24.142 25.053 25.709 26.226 26.340 26.296 26.411 26.444 26.402 26.483 26.412 26.344 26.497 26.391 26.273 26.135 25.880 25.748 25.563 25.139 24.542 23.731 22.649 21.167 19.622 18.228 16.866 15.574 14.274 12.974 11.707 10.461 9.132 7.775 6.309 4.726 3.234 2.020 1.129 0.550 0.231 0.087 0.034 0.016 0.010 0.008 0.008
0.006 0.007 0.009 0.012 0.015 0.017 0.018 0.018 0.019 0.026 0.081 0.350 1.068 2.294 3.867 5.717 7.961 10.681 13.802 16.553 18.632 20.075 20.982 21.476 21.748 21.945 22.085 22.401 22.764 23.244 23.935 24.668 25.123 25.482 25.489 25.330 25.234 25.158 25.043 25.121 25.056 24.977 24.949 24.747 24.341 23.831 23.329 23.088 22.795 22.318 21.683 20.786 19.565 18.082 16.455 14.877 13.373 11.958 10.627 9.368 8.163 7.021 5.864 4.664 3.421 2.238 1.301 0.662 0.291 0.112 0.042 0.019 0.012 0.009 0.008 0.008 0.008
0.010 0.012 0.014 0.017 0.020 0.022 0.022 0.021 0.021 0.025 0.056 0.245 0.853 2.028 3.679 5.713 8.226 11.293 14.837 17.978 20.331 21.873 22.801 23.214 23.355 23.313 23.161 23.151 23.233 23.391 23.776 24.226 24.405 24.518 24.354 24.119 23.907 23.777 23.643 23.667 23.648 23.595 23.330 22.869 22.135 21.116 20.185 19.621 19.154 18.642 17.997 17.139 15.975 14.531 12.802 11.112 9.628 8.302 7.152 6.083 5.086 4.113 3.140 2.180 1.337 0.709 0.321 0.127 0.049 0.022 0.012 0.010 0.009 0.009 0.008 0.008 0.008
0.017 0.019 0.021 0.024 0.027 0.027 0.026 0.025 0.025 0.027 0.043 0.162 0.663 1.804 3.544 5.725 8.442 11.766 15.593 18.969 21.545 23.204 24.103 24.396 24.549 24.386 23.979 23.646 23.449 23.386 23.611 23.801 23.775 23.510 22.991 22.590 22.385 22.311 22.226 22.148 22.107 21.977 21.550 20.751 19.618 18.088 16.742 15.763 15.073 14.477 13.846 13.009 11.909 10.652 9.240 7.758 6.423 5.284 4.323 3.458 2.655 1.904 1.230 0.687 0.323 0.130 0.050 0.022 0.013 0.010 0.009 0.009 0.009 0.009 0.008 0.007 0.007
0.027 0.029 0.031 0.034 0.035 0.034 0.032 0.031 0.031 0.033 0.043 0.112 0.491 1.587 3.435 5.752 8.594 12.091 16.094 19.544 22.237 24.020 25.073 25.413 25.567 25.340 24.750 24.139 23.703 23.479 23.452 23.386 23.080 22.373 21.466 20.817 20.521 20.420 20.329 20.190 20.064 19.824 19.168 17.977 16.314 14.332 12.605 11.257 10.409 9.894 9.460 8.928 8.167 7.245 6.177 4.941 3.815 2.889 2.129 1.503 0.987 0.580 0.292 0.124 0.049 0.022 0.012 0.009 0.009 0.008 0.009 0.009 0.009 0.008 0.007 0.007 0.007
0.043 0.045 0.046 0.045 0.044 0.042 0.040 0.040 0.041 0.045 0.055 0.097 0.353 1.349 3.285 5.752 8.657 12.302 16.412 19.799 22.455 24.380 25.594 25.961 26.038 25.667 25.077 24.376 23.814 23.452 23.151 22.733 22.029 20.950 19.684 18.774 18.283 18.024 17.774 17.432 17.037 16.482 15.459 13.758 11.517 9.381 7.771 6.696 6.121 5.812 5.578 5.318 4.924 4.357 3.590 2.656 1.849 1.224 0.755 0.427 0.217 0.100 0.045 0.022 0.013 0.010 0.009 0.008 0.008 0.008 0.008 0.008 0.008 0.007 0.006 0.005 0.006
0.061 0.062 0.062 0.059 0.055 0.052 0.051 0.052 0.057 0.066 0.084 0.120 0.253 0.996 2.873 5.543 8.600 12.376 16.569 19.938 22.456 24.342 25.627 26.085 26.127 25.760 25.123 24.390 23.768 23.162 22.450 21.571 20.563 19.361 17.937 16.661 15.688 14.929 14.176 13.153 11.734 10.190 8.621 6.956 5.411 4.298 3.554 3.085 2.828 2.699 2.616 2.531 2.389 2.124 1.678 1.108 0.660 0.356 0.173 0.079 0.040 0.025 0.017 0.012 0.010 0.009 0.008 0.008 0.008 0.008 0.008 0.008 0.007 0.005 0.004 0.004 0.008
