RESULTS/r.avaflow_results/13_results/13_ascii/13_hflow10042.asc
ncols 506
nrows 317
xllcenter 498237.50
yllcenter 5580050.00
cellsize 12.50
NODATA_value -9999.000
[rows 170 to 203 of 317, columns 154 to 230 of 506]
12.432 10.950 9.606 8.380 7.291 6.328 5.493 4.769 4.136 3.579 3.089 2.659 2.274 1.934 1.636 1.372 1.141 0.940 0.764 0.611 0.480 0.369 0.277 0.204 0.148 0.109 0.084 0.069 0.060 0.056 0.053 0.053 0.053 0.053 0.053 0.053 0.054 0.056 0.056 0.056 0.054 0.051 0.048 0.046 0.043 0.040 0.036 0.030 0.024 0.018 0.013 0.010 0.007 0.006 0.005 0.004 0.004 0.003 0.003 0.003 0.003 0.003 0.003 0.003 0.003 0.003 0.003 0.004 0.005 0.010 0.018 0.025 0.028 0.028 0.025 0.019 0.011
13.716 12.212 10.784 9.483 8.309 7.257 6.326 5.509 4.794 4.164 3.603 3.110 2.671 2.280 1.935 1.627 1.356 1.119 0.911 0.730 0.573 0.441 0.331 0.242 0.174 0.125 0.092 0.072 0.062 0.058 0.057 0.058 0.059 0.059 0.059 0.058 0.058 0.057 0.057 0.056 0.053 0.049 0.045 0.042 0.038 0.034 0.027 0.020 0.013 0.008 0.006 0.004 0.003 0.003 0.003 0.002 0.002 0.002 0.003 0.003 0.003 0.002 0.002 0.002 0.002 0.002 0.002 0.003 0.004 0.007 0.013 0.021 0.025 0.026 0.026 0.022 0.015
14.730 13.224 11.743 10.380 9.143 8.022 7.022 6.134 5.354 4.661 4.045 3.502 3.018 2.583 2.199 1.853 1.547 1.282 1.049 0.847 0.672 0.521 0.393 0.288 0.206 0.144 0.102 0.075 0.062 0.057 0.057 0.058 0.060 0.060 0.059 0.058 0.057 0.055 0.054 0.051 0.046 0.040 0.035 0.030 0.025 0.019 0.013 0.008 0.005 0.004 0.003 0.002 0.002 0.002 0.002 0.002 0.002 0.002 0.002 0.002 0.002 0.002 0.002 0.002 0.002 0.002 0.002 0.002 0.003 0.005 0.009 0.016 0.022 0.025 0.026 0.024 0.020
15.437 13.918 12.433 11.046 9.797 8.636 7.598 6.657 5.831 5.081 4.418 3.836 3.310 2.840 2.423 2.047 1.713 1.422 1.167 0.946 0.756 0.593 0.454 0.339 0.244 0.171 0.117 0.082 0.063 0.055 0.054 0.055 0.056 0.056 0.056 0.054 0.051 0.049 0.046 0.041 0.032 0.024 0.018 0.014 0.010 0.007 0.005 0.003 0.002 0.002 0.001 0.001 0.001 0.001 0.001 0.001 0.001 0.001 0.002 0.002 0.002 0.001 0.001 0.001 0.001 0.001 0.001 0.002 0.002 0.003 0.006 0.012 0.019 0.024 0.025 0.025 0.023
15.836 14.337 12.881 11.506 10.252 9.087 8.047 7.077 6.217 5.438 4.735 4.116 3.554 3.052 2.606 2.206 1.850 1.537 1.263 1.026 0.824 0.649 0.503 0.380 0.280 0.200 0.139 0.095 0.069 0.056 0.050 0.048 0.048 0.048 0.046 0.043 0.039 0.035 0.030 0.023 0.016 0.010 0.007 0.005 0.004 0.003 0.002 0.002 0.001 0.001 0.001 0.001 0.001 0.001 0.001 0.001 0.001 0.001 0.001 0.001 0.001 0.001 0.001 0.001 0.001 0.001 0.001 0.001 0.002 0.002 0.004 0.008 0.015 0.022 0.025 0.025 0.024
16.015 14.530 13.117 11.787 10.552 9.411 8.366 7.397 6.508 5.710 4.976 4.329 3.738 3.211 2.743 2.325 1.951 1.624 1.336 1.087 0.873 0.691 0.538 0.410 0.305 0.222 0.158 0.111 0.079 0.059 0.048 0.041 0.037 0.034 0.030 0.025 0.022 0.018 0.015 0.011 0.007 0.004 0.003 0.002 0.002 0.001 0.001 0.001 0.001 0.001 0.001 0.001 0.001 0.001 0.001 0.001 0.001 0.001 0.001 0.001 0.001 0.001 0.001 0.001 0.001 0.001 0.001 0.001 0.001 0.002 0.003 0.005 0.011 0.019 0.023 0.025 0.024
16.045 14.593 13.222 11.930 10.725 9.609 8.569 7.608 6.707 5.898 5.147 4.478 3.868 3.324 2.838 2.406 2.019 1.679 1.383 1.124 0.904 0.717 0.559 0.427 0.320 0.235 0.169 0.121 0.086 0.063 0.047 0.036 0.028 0.020 0.015 0.011 0.009 0.008 0.007 0.005 0.003 0.002 0.002 0.001 0.001 0.001 0.001 0.001 0.001 0.001 0.001 0.001 0.001 0.001 0.001 0.001 0.001 0.001 0.001 0.001 0.001 0.001 0.001 0.001 0.001 0.001 0.001 0.001 0.001 0.001 0.002 0.004 0.008 0.014 0.021 0.023 0.024
16.031 14.607 13.260 11.996 10.830 9.739 8.706 7.752 6.850 6.027 5.277 4.582 3.959 3.398 2.898 2.450 2.055 1.705 1.402 1.140 0.917 0.727 0.568 0.434 0.325 0.239 0.173 0.125 0.089 0.064 0.045 0.030 0.019 0.011 0.007 0.005 0.004 0.003 0.003 0.002 0.002 0.001 0.001 0.001 0.001 0.001 0.001 0.001 0.001 0.001 0.001 0.001 0.001 0.001 0.001 0.001 0.001 0.001 0.001 0.001 0.001 0.001 0.001 0.001 0.001 0.001 0.001 0.001 0.001 0.001 0.002 0.003 0.005 0.010 0.017 0.021 0.022
15.972 14.559 13.244 11.997 10.860 9.802 8.788 7.851 6.963 6.136 5.386 4.674 4.035 3.458 2.941 2.478 2.068 1.712 1.404 1.141 0.918 0.728 0.568 0.435 0.326 0.240 0.174 0.124 0.087 0.060 0.038 0.022 0.011 0.006 0.003 0.002 0.002 0.002 0.001 0.001 0.001 0.001 0.001 0.001 0.001 0.001 0.001 0.001 0.001 0.001 0.001 0.001 0.001 0.001 0.001 0.001 0.001 0.001 0.001 0.001 0.001 0.001 0.001 0.001 0.001 0.001 0.001 0.001 0.001 0.001 0.001 0.002 0.004 0.007 0.012 0.017 0.020
15.781 14.430 13.167 11.963 10.853 9.825 8.850 7.941 7.062 6.238 5.489 4.772 4.115 3.515 2.973 2.493 2.072 1.711 1.399 1.134 0.911 0.722 0.565 0.433 0.324 0.237 0.168 0.114 0.074 0.045 0.024 0.011 0.005 0.003 0.002 0.001 0.001 0.001 0.001 0.001 0.001 0.001 0.001 0.001 0.001 0.001 0.001 0.001 0.001 0.001 0.001 0.001 0.001 0.001 0.001 0.001 0.001 0.001 0.001 0.001 0.001 0.001 0.001 0.001 0.001 0.001 0.001 0.001 0.001 0.001 0.001 0.002 0.003 0.005 0.009 0.013 0.017
15.440 14.176 12.983 11.840 10.776 9.806 8.890 8.026 7.168 6.350 5.592 4.867 4.193 3.570 3.006 2.507 2.074 1.701 1.384 1.116 0.891 0.706 0.551 0.421 0.312 0.221 0.146 0.086 0.045 0.021 0.009 0.004 0.002 0.001 0.001 0.001 0.001 0.001 0.001 0.001 0.001 0.001 0.001 0.001 0.001 0.001 0.001 0.001 0.001 0.001 0.001 0.002 0.002 0.002 0.002 0.002 0.001 0.001 0.001 0.001 0.001 0.001 0.001 0.001 0.001 0.001 0.001 0.001 0.001 0.001 0.001 0.002 0.002 0.004 0.006 0.010 0.013
14.911 13.772 12.665 11.636 10.666 9.762 8.906 8.098 7.290 6.486 5.695 4.941 4.245 3.602 3.025 2.515 2.071 1.687 1.359 1.084 0.854 0.665 0.508 0.380 0.272 0.178 0.099 0.044 0.017 0.007 0.003 0.002 0.001 0.001 0.001 0.001 0.001 0.001 0.001 0.001 0.001 0.001 0.001 0.001 0.001 0.001 0.001 0.001 0.001 0.001 0.002 0.002 0.002 0.002 0.002 0.002 0.002 0.001 0.001 0.001 0.001 0.001 0.001 0.001 0.001 0.001 0.001 0.001 0.001 0.001 0.001 0.001 0.002 0.003 0.005 0.008 0.011
14.238 13.199 12.203 11.295 10.449 9.656 8.887 8.134 7.369 6.581 5.758 4.971 4.258 3.608 3.028 2.513 2.060 1.662 1.319 1.027 0.774 0.559 0.387 0.259 0.163 0.089 0.039 0.014 0.005 0.002 0.001 0.001 0.001 0.001 0.001 0.001 0.001 0.001 0.001 0.001 0.001 0.001 0.001 0.001 0.001 0.001 0.001 0.001 0.001 0.002 0.003 0.003 0.003 0.003 0.003 0.003 0.002 0.002 0.001 0.001 0.001 0.001 0.001 0.001 0.001 0.001 0.001 0.001 0.001 0.001 0.001 0.001 0.002 0.003 0.004 0.006 0.009
13.402 12.458 11.607 10.830 10.134 9.471 8.805 8.126 7.395 6.615 5.771 4.964 4.242 3.591 3.009 2.482 2.009 1.581 1.196 0.853 0.554 0.319 0.171 0.092 0.049 0.023 0.010 0.004 0.002 0.001 0.001 0.001 0.001 0.001 0.001 0.001 0.001 0.001 0.001 0.001 0.001 0.001 0.001 0.001 0.001 0.001 0.001 0.002 0.002 0.003 0.004 0.005 0.005 0.005 0.005 0.004 0.003 0.003 0.002 0.001 0.001 0.001 0.001 0.001 0.001 0.001 0.001 0.001 0.001 0.001 0.001 0.001 0.002 0.003 0.004 0.005 0.007
12.542 11.653 10.874 10.185 9.606 9.099 8.576 8.008 7.343 6.587 5.749 4.906 4.152 3.485 2.882 2.312 1.772 1.271 0.818 0.450 0.214 0.093 0.041 0.020 0.010 0.005 0.002 0.001 0.001 0.001 0.001 0.001 0.001 0.001 0.001 0.001 0.001 0.001 0.001 0.001 0.001 0.001 0.001 0.001 0.001 0.001 0.002 0.002 0.003 0.005 0.007 0.008 0.008 0.008 0.008 0.007 0.005 0.004 0.003 0.002 0.001 0.001 0.001 0.001 0.001 0.001 0.001 0.001 0.001 0.001 0.001 0.001 0.002 0.003 0.004 0.005 0.007
11.656 10.782 10.005 9.334 8.780 8.322 7.890 7.432 6.897 6.250 5.477 4.616 3.751 2.985 2.312 1.691 1.107 0.619 0.291 0.118 0.043 0.017 0.008 0.004 0.003 0.002 0.001 0.001 0.001 0.001 0.001 0.001 0.001 0.001 0.001 0.001 0.001 0.001 0.001 0.001 0.001 0.001 0.001 0.001 0.001 0.002 0.002 0.004 0.006 0.010 0.013 0.014 0.015 0.015 0.013 0.010 0.007 0.005 0.004 0.003 0.002 0.001 0.001 0.001 0.001 0.001 0.001 0.001 0.001 0.001 0.001 0.001 0.002 0.003 0.004 0.005 0.007
10.749 9.842 8.970 8.159 7.446 6.851 6.368 5.921 5.471 4.951 4.313 3.512 2.553 1.712 1.091 0.658 0.354 0.157 0.058 0.020 0.008 0.004 0.002 0.002 0.001 0.001 0.001 0.001 0.001 0.001 0.001 0.001 0.001 0.001 0.001 0.001 0.001 0.001 0.001 0.001 0.001 0.001 0.002 0.002 0.002 0.003 0.005 0.008 0.015 0.022 0.027 0.029 0.029 0.027 0.021 0.015 0.011 0.008 0.006 0.004 0.003 0.002 0.001 0.001 0.001 0.001 0.001 0.001 0.001 0.001 0.001 0.001 0.002 0.003 0.004 0.005 0.007
9.654 8.623 7.623 6.616 5.600 4.690 3.957 3.362 2.877 2.437 1.983 1.468 0.921 0.514 0.273 0.143 0.068 0.028 0.011 0.005 0.003 0.002 0.001 0.001 0.001 0.001 0.001 0.001 0.001 0.001 0.001 0.001 0.001 0.001 0.001 0.001 0.001 0.002 0.002 0.002 0.002 0.003 0.003 0.004 0.006 0.008 0.013 0.023 0.038 0.050 0.057 0.058 0.053 0.041 0.030 0.022 0.016 0.012 0.008 0.006 0.004 0.003 0.002 0.001 0.001 0.001 0.001 0.001 0.001 0.001 0.001 0.001 0.002 0.003 0.004 0.006 0.009
8.276 7.130 6.016 4.895 3.795 2.815 2.010 1.417 1.015 0.738 0.528 0.345 0.196 0.102 0.053 0.027 0.014 0.007 0.003 0.002 0.002 0.001 0.001 0.001 0.001 0.001 0.001 0.001 0.001 0.001 0.001 0.002 0.002 0.002 0.002 0.002 0.003 0.003 0.004 0.005 0.006 0.008 0.010 0.012 0.016 0.024 0.040 0.067 0.090 0.103 0.105 0.092 0.070 0.050 0.036 0.027 0.020 0.015 0.011 0.008 0.006 0.004 0.003 0.002 0.001 0.001 0.001 0.001 0.001 0.001 0.001 0.001 0.002 0.003 0.004 0.007 0.012
6.626 5.432 4.284 3.222 2.281 1.484 0.885 0.503 0.292 0.180 0.114 0.070 0.041 0.023 0.013 0.008 0.005 0.003 0.002 0.002 0.002 0.001 0.001 0.001 0.001 0.001 0.001 0.002 0.002 0.002 0.003 0.003 0.004 0.005 0.005 0.006 0.008 0.010 0.013 0.016 0.020 0.026 0.032 0.041 0.054 0.078 0.119 0.161 0.181 0.173 0.144 0.107 0.076 0.054 0.039 0.029 0.022 0.017 0.013 0.009 0.007 0.005 0.003 0.002 0.002 0.001 0.001 0.001 0.001 0.001 0.001 0.001 0.002 0.003 0.004 0.008 0.013
4.702 3.502 2.502 1.701 1.064 0.596 0.302 0.147 0.077 0.046 0.031 0.022 0.016 0.011 0.008 0.006 0.004 0.003 0.002 0.002 0.002 0.002 0.002 0.002 0.002 0.002 0.003 0.003 0.004 0.005 0.007 0.009 0.011 0.014 0.017 0.021 0.027 0.036 0.046 0.058 0.072 0.089 0.110 0.133 0.163 0.210 0.261 0.283 0.264 0.214 0.156 0.111 0.078 0.056 0.041 0.031 0.023 0.018 0.013 0.010 0.007 0.005 0.003 0.002 0.002 0.001 0.001 0.001 0.001 0.001 0.001 0.001 0.001 0.002 0.004 0.008 0.013
2.590 1.718 1.087 0.638 0.338 0.164 0.080 0.042 0.026 0.020 0.017 0.015 0.013 0.011 0.008 0.006 0.004 0.003 0.003 0.002 0.002 0.002 0.002 0.003 0.003 0.005 0.007 0.010 0.014 0.018 0.024 0.031 0.040 0.050 0.060 0.075 0.096 0.126 0.158 0.190 0.224 0.260 0.293 0.317 0.340 0.362 0.371 0.350 0.296 0.220 0.157 0.112 0.079 0.057 0.042 0.031 0.024 0.018 0.013 0.010 0.007 0.005 0.003 0.002 0.001 0.001 0.001 0.001 0.001 0.001 0.001 0.001 0.001 0.002 0.003 0.006 0.012
1.011 0.582 0.313 0.157 0.077 0.042 0.027 0.021 0.019 0.018 0.017 0.016 0.014 0.013 0.010 0.007 0.006 0.004 0.004 0.003 0.003 0.003 0.004 0.006 0.010 0.016 0.024 0.035 0.050 0.067 0.087 0.111 0.138 0.168 0.201 0.245 0.306 0.370 0.428 0.473 0.498 0.497 0.483 0.466 0.450 0.434 0.410 0.365 0.297 0.219 0.157 0.112 0.079 0.057 0.042 0.031 0.023 0.017 0.013 0.009 0.006 0.004 0.003 0.002 0.001 0.001 0.001 0.001 0.001 0.001 0.001 0.001 0.001 0.001 0.002 0.004 0.008
0.253 0.130 0.067 0.037 0.024 0.020 0.020 0.020 0.021 0.021 0.021 0.021 0.020 0.018 0.015 0.011 0.009 0.007 0.007 0.006 0.007 0.008 0.012 0.021 0.035 0.057 0.090 0.133 0.184 0.238 0.298 0.362 0.429 0.496 0.565 0.647 0.733 0.788 0.793 0.752 0.687 0.616 0.558 0.515 0.480 0.448 0.413 0.363 0.294 0.217 0.156 0.111 0.079 0.056 0.041 0.030 0.022 0.016 0.011 0.007 0.005 0.003 0.002 0.001 0.001 0.001 0.001 0.000 0.000 0.000 0.000 0.000 0.001 0.001 0.001 0.002 0.003
0.050 0.028 0.019 0.016 0.017 0.020 0.023 0.029 0.032 0.035 0.036 0.035 0.033 0.029 0.024 0.020 0.018 0.016 0.015 0.015 0.018 0.025 0.044 0.077 0.131 0.212 0.325 0.458 0.587 0.709 0.823 0.935 1.036 1.115 1.172 1.199 1.178 1.108 0.994 0.865 0.740 0.638 0.566 0.516 0.478 0.441 0.401 0.348 0.279 0.206 0.147 0.104 0.073 0.052 0.037 0.026 0.018 0.012 0.007 0.005 0.003 0.002 0.001 0.001 0.001 0.000 0.000 0.000 0.000 0.000 0.000 0.000 0.000 0.001 0.001 0.001 0.001
0.012 0.011 0.012 0.015 0.020 0.027 0.039 0.051 0.059 0.063 0.063 0.062 0.056 0.049 0.045 0.043 0.042 0.041 0.041 0.044 0.057 0.091 0.162 0.281 0.454 0.684 0.963 1.225 1.425 1.565 1.657 1.698 1.699 1.673 1.618 1.528 1.396 1.227 1.044 0.879 0.741 0.633 0.554 0.497 0.448 0.398 0.345 0.286 0.220 0.159 0.113 0.079 0.055 0.038 0.027 0.018 0.011 0.007 0.004 0.003 0.002 0.001 0.001 0.001 0.000 0.000 0.000 0.000 0.000 0.000 0.000 0.000 0.000 0.000 0.000 0.001 0.001
0.007 0.009 0.013 0.020 0.031 0.047 0.070 0.090 0.102 0.107 0.108 0.104 0.095 0.089 0.091 0.100 0.109 0.113 0.119 0.138 0.195 0.321 0.540 0.848 1.234 1.648 2.017 2.242 2.323 2.317 2.251 2.148 2.033 1.917 1.786 1.633 1.451 1.243 1.045 0.875 0.732 0.613 0.515 0.432 0.357 0.285 0.219 0.160 0.111 0.077 0.054 0.039 0.028 0.020 0.014 0.009 0.006 0.004 0.002 0.002 0.001 0.001 0.001 0.000 0.000 0.000 0.000 0.000 0.000 0.000 0.000 0.000 0.000 0.000 0.000 0.000 0.001
0.007 0.011 0.019 0.032 0.052 0.081 0.117 0.145 0.163 0.172 0.173 0.169 0.165 0.171 0.196 0.240 0.274 0.299 0.335 0.419 0.602 0.921 1.369 1.856 2.294 2.609 2.785 2.840 2.801 2.692 2.527 2.326 2.143 1.978 1.816 1.647 1.457 1.243 1.035 0.855 0.695 0.551 0.421 0.305 0.210 0.141 0.093 0.061 0.041 0.028 0.021 0.016 0.012 0.009 0.007 0.005 0.003 0.002 0.001 0.001 0.001 0.000 0.000 0.000 0.000 0.000 0.000 0.000 0.000 0.000 0.000 0.000 0.000 0.000 0.000 0.000 0.000
0.008 0.016 0.030 0.052 0.085 0.129 0.177 0.217 0.245 0.262 0.272 0.279 0.292 0.328 0.403 0.506 0.592 0.673 0.795 1.019 1.381 1.842 2.288 2.653 2.925 3.074 3.110 3.084 3.007 2.868 2.659 2.399 2.174 1.990 1.821 1.649 1.455 1.229 0.991 0.775 0.582 0.409 0.264 0.161 0.097 0.058 0.036 0.023 0.016 0.012 0.009 0.007 0.006 0.004 0.003 0.002 0.001 0.001 0.001 0.000 0.000 0.000 0.000 0.000 0.000 0.000 0.000 0.000 0.000 0.000 0.000 0.000 0.000 0.000 0.000 0.000 0.000
0.012 0.024 0.045 0.080 0.129 0.190 0.254 0.309 0.352 0.387 0.419 0.452 0.500 0.583 0.711 0.865 1.005 1.155 1.369 1.678 2.069 2.445 2.745 2.983 3.144 3.212 3.216 3.191 3.116 2.964 2.726 2.424 2.171 1.973 1.792 1.602 1.382 1.121 0.840 0.588 0.378 0.226 0.130 0.074 0.043 0.026 0.017 0.011 0.008 0.006 0.005 0.004 0.003 0.002 0.002 0.001 0.001 0.000 0.000 0.000 0.000 0.000 0.000 0.000 0.000 0.000 0.000 0.000 0.000 0.000 0.000 0.000 0.000 0.000 0.000 0.000 0.000
0.015 0.032 0.066 0.119 0.191 0.273 0.354 0.427 0.488 0.544 0.599 0.659 0.732 0.830 0.959 1.112 1.277 1.468 1.719 2.037 2.377 2.656 2.881 3.063 3.191 3.255 3.269 3.253 3.174 3.004 2.742 2.418 2.111 1.845 1.597 1.348 1.085 0.800 0.530 0.323 0.185 0.104 0.059 0.035 0.022 0.015 0.010 0.007 0.006 0.004 0.003 0.002 0.002 0.001 0.001 0.000 0.000 0.000 0.000 0.000 0.000 0.000 0.000 0.000 0.000 0.000 0.000 0.000 0.000 0.000 0.000 0.000 0.000 0.000 0.000 0.000 0.000
0.019 0.047 0.102 0.185 0.285 0.384 0.472 0.548 0.613 0.676 0.739 0.808 0.886 0.981 1.100 1.245 1.417 1.623 1.876 2.177 2.467 2.709 2.911 3.076 3.199 3.271 3.290 3.268 3.177 2.995 2.710 2.336 1.917 1.513 1.147 0.829 0.571 0.370 0.229 0.136 0.079 0.047 0.029 0.019 0.013 0.010 0.007 0.006 0.004 0.003 0.002 0.001 0.001 0.000 0.000 0.000 0.000 0.000 0.000 0.000 0.000 0.000 0.000 0.000 0.000 0.000 0.000 0.000 0.000 0.000 0.000 0.000 0.000 0.000 0.000 0.000 0.000
0.029 0.078 0.171 0.292 0.402 0.492 0.570 0.641 0.706 0.769 0.834 0.901 0.975 1.062 1.173 1.311 1.484 1.693 1.944 2.233 2.499 2.728 2.915 3.057 3.145 3.182 3.157 3.084 2.956 2.747 2.438 2.022 1.500 0.987 0.605 0.366 0.220 0.133 0.082 0.052 0.033 0.022 0.015 0.012 0.009 0.007 0.006 0.004 0.003 0.002 0.001 0.001 0.000 0.000 0.000 0.000 0.000 0.000 0.000 0.000 0.000 0.000 0.000 0.000 0.000 0.000 0.000 0.000 0.000 0.000 0.000 0.000 0.000 0.000 0.000 0.000 0.000
0.055 0.138 0.271 0.403 0.497 0.573 0.644 0.710 0.772 0.830 0.889 0.950 1.016 1.096 1.200 1.335 1.507 1.718 1.973 2.253 2.505 2.711 2.850 2.911 2.887 2.780 2.598 2.408 2.211 1.980 1.695 1.329 0.872 0.496 0.267 0.142 0.078 0.046 0.029 0.020 0.014 0.011 0.009 0.008 0.006 0.005 0.004 0.003 0.002 0.001 0.001 0.000 0.000 0.000 0.000 0.000 0.000 0.000 0.000 0.000 0.000 0.000 0.000 0.000 0.000 0.000 0.000 0.000 0.000 0.000 0.000 0.000 0.000 0.000 0.000 0.000 0.000
