RESULTS/r.avaflow_results/13_results/13_ascii/13_hflow0042.asc
ncols 506
nrows 317
xllcenter 498237.50
yllcenter 5580050.00
cellsize 12.50
NODATA_value -9999.000
[rows 170 to 203 of 317, columns 231 to 307 of 506]
0.276 0.169 0.111 0.080 0.065 0.059 0.057 0.060 0.073 0.110 0.153 0.169 0.169 0.155 0.117 0.068 0.040 0.026 0.019 0.015 0.012 0.010 0.008 0.007 0.006 0.005 0.004 0.004 0.003 0.002 0.002 0.001 0.001 0.001 0.000 0.000 0.000 0.000 0.000 0.000 0.000 0.000 0.000 0.000 0.000 0.000 0.000 0.000 0.000 0.000 0.000 0.000 0.000 0.000 0.000 0.000 0.000 0.000 0.000 0.000 0.000 0.000 0.000 0.000 0.000 0.000 0.000 0.000 0.000 0.000 0.000 0.000 0.000 0.000 0.000 0.000 0.000
0.388 0.230 0.145 0.101 0.080 0.074 0.075 0.086 0.128 0.235 0.353 0.396 0.393 0.351 0.251 0.133 0.068 0.039 0.025 0.018 0.014 0.012 0.010 0.009 0.008 0.007 0.006 0.005 0.004 0.003 0.003 0.002 0.001 0.001 0.001 0.000 0.000 0.000 0.000 0.000 0.000 0.000 0.000 0.000 0.000 0.000 0.000 0.000 0.000 0.000 0.000 0.000 0.000 0.000 0.000 0.000 0.000 0.000 0.000 0.000 0.000 0.000 0.000 0.000 0.000 0.000 0.000 0.000 0.000 0.000 0.000 0.000 0.000 0.000 0.000 0.000 0.000
0.566 0.322 0.193 0.128 0.100 0.092 0.096 0.123 0.217 0.442 0.691 0.787 0.780 0.691 0.493 0.257 0.119 0.059 0.033 0.022 0.017 0.014 0.012 0.010 0.009 0.008 0.007 0.006 0.005 0.004 0.003 0.003 0.002 0.002 0.001 0.001 0.000 0.000 0.000 0.000 0.000 0.000 0.000 0.000 0.000 0.000 0.000 0.000 0.000 0.000 0.000 0.000 0.000 0.000 0.000 0.000 0.000 0.000 0.000 0.000 0.000 0.000 0.000 0.000 0.000 0.000 0.000 0.000 0.000 0.000 0.000 0.000 0.000 0.000 0.000 0.000 0.000
0.785 0.467 0.268 0.168 0.125 0.113 0.117 0.153 0.280 0.585 0.938 1.085 1.083 0.973 0.724 0.400 0.189 0.087 0.045 0.028 0.020 0.016 0.013 0.011 0.010 0.009 0.008 0.007 0.006 0.005 0.005 0.004 0.003 0.002 0.002 0.001 0.001 0.000 0.000 0.000 0.000 0.000 0.000 0.000 0.000 0.000 0.000 0.000 0.000 0.000 0.000 0.000 0.000 0.000 0.000 0.000 0.000 0.000 0.000 0.000 0.000 0.000 0.000 0.000 0.000 0.000 0.000 0.000 0.000 0.000 0.000 0.000 0.000 0.000 0.000 0.000 0.000
0.965 0.675 0.392 0.233 0.160 0.138 0.140 0.177 0.310 0.632 1.018 1.187 1.190 1.080 0.828 0.486 0.246 0.118 0.060 0.035 0.024 0.018 0.015 0.013 0.012 0.010 0.009 0.008 0.007 0.007 0.006 0.005 0.004 0.003 0.002 0.002 0.001 0.001 0.000 0.000 0.000 0.000 0.000 0.000 0.000 0.000 0.000 0.000 0.000 0.000 0.000 0.000 0.000 0.000 0.000 0.000 0.000 0.000 0.000 0.000 0.000 0.000 0.000 0.000 0.000 0.000 0.000 0.000 0.000 0.000 0.000 0.000 0.000 0.000 0.000 0.000 0.001
1.050 0.873 0.589 0.342 0.215 0.170 0.167 0.198 0.322 0.626 0.992 1.159 1.167 1.068 0.836 0.521 0.291 0.153 0.080 0.045 0.029 0.022 0.017 0.015 0.013 0.012 0.011 0.010 0.009 0.008 0.007 0.006 0.005 0.004 0.003 0.002 0.002 0.001 0.001 0.000 0.000 0.000 0.000 0.000 0.000 0.000 0.000 0.000 0.000 0.000 0.000 0.000 0.000 0.000 0.000 0.000 0.000 0.000 0.000 0.000 0.000 0.000 0.000 0.000 0.000 0.000 0.000 0.000 0.000 0.000 0.000 0.000 0.000 0.000 0.001 0.002 0.003
1.067 0.970 0.773 0.500 0.300 0.217 0.201 0.223 0.328 0.577 0.861 0.993 1.006 0.939 0.771 0.527 0.329 0.196 0.111 0.063 0.039 0.027 0.021 0.017 0.015 0.013 0.012 0.011 0.010 0.009 0.008 0.007 0.006 0.005 0.004 0.003 0.002 0.002 0.001 0.000 0.000 0.000 0.000 0.000 0.000 0.000 0.000 0.000 0.000 0.000 0.000 0.000 0.000 0.000 0.000 0.000 0.000 0.000 0.000 0.000 0.000 0.000 0.000 0.000 0.000 0.000 0.000 0.000 0.000 0.000 0.000 0.000 0.001 0.002 0.003 0.004 0.006
1.040 0.993 0.870 0.655 0.420 0.288 0.251 0.261 0.332 0.491 0.640 0.704 0.713 0.688 0.614 0.489 0.360 0.250 0.159 0.094 0.057 0.037 0.027 0.021 0.018 0.016 0.014 0.013 0.012 0.011 0.009 0.008 0.007 0.006 0.005 0.004 0.003 0.002 0.002 0.001 0.000 0.000 0.000 0.000 0.000 0.000 0.000 0.000 0.000 0.000 0.000 0.000 0.000 0.000 0.000 0.000 0.000 0.000 0.000 0.000 0.000 0.000 0.000 0.000 0.000 0.000 0.000 0.000 0.000 0.000 0.001 0.001 0.002 0.003 0.005 0.007 0.009
0.979 0.970 0.902 0.764 0.557 0.392 0.323 0.319 0.358 0.448 0.506 0.520 0.516 0.503 0.478 0.439 0.384 0.314 0.232 0.152 0.093 0.058 0.039 0.029 0.023 0.019 0.017 0.015 0.013 0.012 0.011 0.010 0.008 0.007 0.006 0.005 0.004 0.003 0.002 0.002 0.001 0.001 0.000 0.000 0.000 0.000 0.000 0.000 0.000 0.000 0.000 0.000 0.000 0.000 0.000 0.000 0.000 0.000 0.000 0.000 0.000 0.000 0.000 0.000 0.000 0.000 0.000 0.000 0.001 0.001 0.002 0.003 0.005 0.006 0.009 0.011 0.015
0.886 0.914 0.892 0.815 0.678 0.520 0.429 0.403 0.413 0.449 0.463 0.456 0.445 0.437 0.430 0.422 0.412 0.387 0.334 0.254 0.170 0.104 0.064 0.043 0.031 0.025 0.021 0.018 0.016 0.014 0.013 0.011 0.010 0.008 0.007 0.006 0.005 0.004 0.003 0.002 0.002 0.001 0.001 0.000 0.000 0.000 0.000 0.000 0.000 0.000 0.000 0.000 0.000 0.000 0.000 0.000 0.000 0.000 0.000 0.000 0.000 0.000 0.000 0.000 0.001 0.001 0.001 0.001 0.002 0.003 0.004 0.006 0.008 0.010 0.013 0.017 0.023
0.765 0.839 0.856 0.826 0.745 0.625 0.537 0.500 0.488 0.480 0.466 0.448 0.435 0.430 0.429 0.438 0.464 0.484 0.469 0.414 0.317 0.205 0.121 0.075 0.050 0.037 0.028 0.023 0.020 0.017 0.015 0.013 0.011 0.010 0.008 0.007 0.006 0.005 0.004 0.003 0.003 0.002 0.001 0.001 0.000 0.000 0.000 0.000 0.000 0.000 0.000 0.000 0.000 0.000 0.000 0.000 0.000 0.000 0.000 0.001 0.001 0.001 0.001 0.002 0.002 0.003 0.003 0.004 0.005 0.006 0.008 0.010 0.012 0.016 0.021 0.027 0.038
0.640 0.746 0.798 0.801 0.764 0.684 0.610 0.576 0.562 0.543 0.505 0.471 0.457 0.456 0.466 0.498 0.567 0.643 0.669 0.647 0.558 0.405 0.252 0.153 0.096 0.064 0.045 0.034 0.027 0.022 0.018 0.015 0.013 0.011 0.010 0.008 0.007 0.006 0.005 0.005 0.004 0.003 0.002 0.002 0.001 0.001 0.001 0.001 0.001 0.000 0.000 0.000 0.000 0.001 0.001 0.001 0.001 0.001 0.001 0.002 0.003 0.003 0.004 0.004 0.005 0.006 0.006 0.007 0.009 0.010 0.012 0.015 0.019 0.024 0.033 0.047 0.070
0.527 0.639 0.716 0.748 0.745 0.706 0.655 0.636 0.635 0.630 0.595 0.553 0.540 0.543 0.568 0.628 0.740 0.885 0.963 0.968 0.901 0.736 0.516 0.334 0.212 0.136 0.089 0.060 0.042 0.031 0.023 0.018 0.015 0.013 0.011 0.010 0.009 0.008 0.007 0.006 0.005 0.004 0.004 0.003 0.002 0.002 0.002 0.002 0.002 0.002 0.002 0.002 0.002 0.002 0.002 0.002 0.002 0.003 0.003 0.004 0.005 0.006 0.007 0.008 0.009 0.010 0.011 0.012 0.013 0.015 0.018 0.023 0.029 0.040 0.058 0.089 0.142
0.444 0.554 0.644 0.696 0.713 0.707 0.691 0.692 0.718 0.752 0.751 0.730 0.726 0.741 0.781 0.859 0.996 1.194 1.335 1.381 1.346 1.206 0.973 0.716 0.498 0.333 0.213 0.133 0.082 0.052 0.034 0.025 0.019 0.016 0.014 0.012 0.011 0.010 0.009 0.008 0.007 0.006 0.005 0.005 0.004 0.004 0.003 0.003 0.003 0.003 0.003 0.003 0.003 0.003 0.003 0.004 0.004 0.005 0.006 0.008 0.010 0.011 0.012 0.013 0.014 0.015 0.016 0.018 0.020 0.023 0.028 0.036 0.050 0.074 0.113 0.180 0.303
0.402 0.509 0.611 0.676 0.705 0.719 0.735 0.773 0.854 0.969 1.042 1.081 1.110 1.141 1.182 1.242 1.347 1.511 1.656 1.744 1.782 1.744 1.607 1.362 1.076 0.802 0.548 0.336 0.189 0.104 0.059 0.037 0.026 0.021 0.017 0.015 0.013 0.012 0.011 0.010 0.009 0.008 0.007 0.007 0.006 0.006 0.006 0.005 0.005 0.005 0.005 0.005 0.005 0.005 0.006 0.006 0.007 0.009 0.011 0.013 0.016 0.018 0.019 0.021 0.022 0.023 0.025 0.027 0.031 0.037 0.047 0.066 0.097 0.147 0.227 0.365 0.637
0.394 0.499 0.609 0.688 0.741 0.792 0.866 0.996 1.203 1.447 1.632 1.751 1.828 1.865 1.869 1.829 1.802 1.849 1.925 2.012 2.116 2.200 2.215 2.126 1.921 1.616 1.235 0.808 0.442 0.221 0.112 0.063 0.040 0.029 0.023 0.020 0.017 0.015 0.014 0.013 0.012 0.011 0.010 0.009 0.009 0.008 0.008 0.008 0.008 0.008 0.008 0.008 0.008 0.008 0.009 0.010 0.012 0.014 0.017 0.022 0.027 0.030 0.032 0.033 0.035 0.037 0.040 0.045 0.052 0.066 0.091 0.134 0.202 0.301 0.448 0.695 1.066
0.423 0.541 0.676 0.806 0.931 1.078 1.295 1.624 2.028 2.388 2.649 2.819 2.905 2.921 2.822 2.561 2.296 2.187 2.182 2.245 2.378 2.554 2.701 2.768 2.741 2.587 2.224 1.615 0.903 0.443 0.215 0.113 0.067 0.045 0.033 0.027 0.023 0.020 0.018 0.017 0.015 0.014 0.013 0.012 0.012 0.011 0.011 0.011 0.011 0.011 0.011 0.011 0.011 0.012 0.013 0.015 0.018 0.022 0.028 0.037 0.048 0.055 0.058 0.061 0.064 0.068 0.074 0.085 0.105 0.140 0.200 0.292 0.422 0.593 0.801 1.037 1.289
0.558 0.735 0.943 1.176 1.431 1.744 2.196 2.826 3.383 3.740 3.926 3.992 3.956 3.832 3.571 3.128 2.706 2.492 2.439 2.476 2.613 2.852 3.143 3.342 3.420 3.382 3.122 2.517 1.562 0.792 0.393 0.206 0.118 0.075 0.052 0.039 0.032 0.028 0.025 0.023 0.021 0.020 0.018 0.017 0.016 0.015 0.014 0.014 0.014 0.014 0.014 0.015 0.015 0.016 0.018 0.022 0.028 0.037 0.051 0.073 0.098 0.114 0.123 0.129 0.135 0.144 0.159 0.189 0.242 0.326 0.447 0.619 0.818 0.993 1.115 1.211 1.314
0.849 1.157 1.503 1.879 2.285 2.764 3.421 4.169 4.648 4.838 4.870 4.794 4.618 4.354 3.990 3.497 3.052 2.791 2.703 2.717 2.847 3.155 3.599 3.902 4.027 4.015 3.782 3.180 2.189 1.242 0.664 0.364 0.211 0.131 0.087 0.063 0.049 0.041 0.037 0.035 0.032 0.029 0.027 0.024 0.021 0.020 0.019 0.019 0.019 0.019 0.019 0.019 0.020 0.023 0.028 0.036 0.050 0.072 0.108 0.165 0.224 0.264 0.290 0.307 0.322 0.343 0.381 0.455 0.571 0.725 0.904 1.084 1.217 1.272 1.266 1.246 1.212
1.053 1.481 1.949 2.446 2.968 3.563 4.324 5.011 5.382 5.469 5.398 5.193 4.905 4.564 4.158 3.712 3.338 3.088 2.983 2.982 3.125 3.550 4.146 4.496 4.600 4.545 4.243 3.596 2.621 1.697 1.041 0.621 0.374 0.234 0.154 0.108 0.082 0.069 0.064 0.060 0.056 0.052 0.046 0.038 0.032 0.028 0.026 0.025 0.025 0.025 0.025 0.026 0.029 0.035 0.046 0.067 0.101 0.159 0.256 0.394 0.510 0.590 0.648 0.693 0.735 0.784 0.861 0.982 1.128 1.258 1.355 1.412 1.424 1.377 1.292 1.177 0.974
1.077 1.542 2.063 2.634 3.263 4.006 4.833 5.422 5.683 5.707 5.574 5.296 4.965 4.602 4.188 3.822 3.556 3.381 3.303 3.324 3.563 4.182 4.865 5.156 5.163 4.981 4.533 3.777 2.845 2.069 1.480 1.018 0.668 0.432 0.286 0.200 0.154 0.133 0.126 0.125 0.123 0.115 0.099 0.075 0.056 0.044 0.037 0.035 0.034 0.034 0.035 0.038 0.045 0.061 0.090 0.138 0.216 0.350 0.577 0.831 1.001 1.090 1.134 1.168 1.212 1.284 1.373 1.454 1.520 1.563 1.580 1.559 1.492 1.379 1.219 0.988 0.671
0.950 1.422 1.973 2.592 3.293 4.151 4.999 5.527 5.722 5.718 5.569 5.286 4.958 4.591 4.178 3.874 3.708 3.644 3.663 3.809 4.234 4.961 5.502 5.668 5.603 5.295 4.686 3.797 2.936 2.302 1.814 1.407 1.059 0.768 0.542 0.390 0.312 0.285 0.284 0.302 0.309 0.296 0.252 0.179 0.118 0.082 0.062 0.054 0.052 0.052 0.054 0.063 0.083 0.124 0.192 0.293 0.445 0.702 1.034 1.270 1.374 1.401 1.393 1.393 1.424 1.504 1.591 1.634 1.650 1.653 1.638 1.589 1.476 1.282 1.006 0.690 0.410
0.620 1.044 1.598 2.266 3.059 4.022 4.909 5.437 5.611 5.593 5.456 5.214 4.918 4.554 4.153 3.899 3.809 3.825 3.961 4.259 4.779 5.431 5.807 5.902 5.818 5.448 4.735 3.755 2.955 2.395 1.967 1.609 1.305 1.051 0.851 0.704 0.625 0.608 0.645 0.723 0.754 0.732 0.628 0.447 0.278 0.174 0.119 0.095 0.089 0.089 0.096 0.118 0.170 0.266 0.407 0.588 0.816 1.087 1.321 1.442 1.474 1.464 1.420 1.404 1.426 1.503 1.590 1.626 1.631 1.626 1.602 1.523 1.341 1.036 0.691 0.422 0.254
0.269 0.514 0.932 1.555 2.378 3.402 4.387 5.007 5.259 5.290 5.217 5.060 4.832 4.501 4.120 3.908 3.863 3.928 4.140 4.502 5.010 5.535 5.838 5.912 5.831 5.444 4.653 3.619 2.873 2.369 1.979 1.653 1.381 1.168 1.018 0.935 0.909 0.939 1.067 1.233 1.302 1.294 1.182 0.926 0.604 0.375 0.243 0.185 0.170 0.171 0.189 0.241 0.355 0.549 0.772 0.964 1.131 1.283 1.393 1.442 1.442 1.383 1.278 1.227 1.229 1.279 1.365 1.421 1.434 1.429 1.392 1.276 1.029 0.686 0.417 0.257 0.165
0.103 0.197 0.389 0.743 1.333 2.211 3.251 4.099 4.587 4.799 4.855 4.810 4.680 4.417 4.074 3.899 3.876 3.966 4.194 4.542 4.952 5.306 5.508 5.557 5.455 5.035 4.189 3.171 2.491 2.080 1.791 1.552 1.341 1.169 1.059 1.017 1.021 1.086 1.272 1.487 1.577 1.580 1.490 1.259 0.914 0.635 0.455 0.363 0.337 0.341 0.379 0.472 0.630 0.846 1.041 1.171 1.257 1.321 1.360 1.347 1.270 1.099 0.906 0.799 0.769 0.782 0.848 0.931 0.968 0.971 0.935 0.822 0.620 0.393 0.245 0.159 0.112
0.045 0.075 0.140 0.279 0.551 1.022 1.748 2.647 3.476 4.019 4.305 4.408 4.383 4.230 3.966 3.840 3.842 3.939 4.121 4.300 4.419 4.450 4.445 4.391 4.218 3.769 2.979 2.147 1.633 1.373 1.245 1.160 1.083 1.018 0.988 0.992 1.020 1.104 1.306 1.528 1.625 1.631 1.555 1.356 1.040 0.776 0.622 0.552 0.535 0.545 0.591 0.675 0.795 0.954 1.105 1.207 1.259 1.270 1.224 1.102 0.885 0.636 0.459 0.377 0.353 0.356 0.385 0.437 0.470 0.479 0.470 0.425 0.332 0.221 0.147 0.104 0.081
0.024 0.035 0.055 0.098 0.189 0.373 0.706 1.232 1.963 2.739 3.344 3.666 3.777 3.761 3.654 3.600 3.622 3.678 3.683 3.517 3.185 2.850 2.604 2.403 2.174 1.847 1.383 0.959 0.717 0.615 0.585 0.580 0.600 0.645 0.712 0.788 0.869 0.983 1.186 1.387 1.480 1.495 1.449 1.301 1.038 0.809 0.690 0.646 0.639 0.648 0.681 0.736 0.814 0.926 1.045 1.120 1.139 1.090 0.936 0.703 0.478 0.323 0.233 0.188 0.172 0.169 0.175 0.193 0.210 0.218 0.220 0.209 0.176 0.128 0.094 0.074 0.064
0.015 0.020 0.028 0.041 0.068 0.121 0.229 0.435 0.783 1.302 1.909 2.398 2.693 2.854 2.936 2.972 2.986 2.918 2.640 2.110 1.592 1.271 1.074 0.934 0.805 0.658 0.475 0.329 0.253 0.228 0.227 0.236 0.259 0.300 0.358 0.435 0.530 0.654 0.825 0.969 1.044 1.069 1.065 1.014 0.887 0.754 0.685 0.660 0.655 0.659 0.673 0.694 0.716 0.755 0.804 0.829 0.813 0.723 0.556 0.388 0.275 0.198 0.150 0.121 0.106 0.099 0.097 0.099 0.103 0.107 0.109 0.107 0.098 0.080 0.066 0.059 0.055
0.010 0.013 0.017 0.022 0.031 0.047 0.076 0.130 0.240 0.451 0.782 1.135 1.414 1.627 1.783 1.857 1.837 1.660 1.305 0.885 0.601 0.446 0.362 0.307 0.259 0.210 0.153 0.113 0.094 0.089 0.091 0.096 0.109 0.130 0.161 0.201 0.251 0.318 0.406 0.471 0.507 0.525 0.537 0.548 0.553 0.559 0.577 0.585 0.586 0.580 0.559 0.514 0.455 0.421 0.412 0.415 0.409 0.370 0.299 0.234 0.188 0.151 0.120 0.097 0.081 0.072 0.066 0.063 0.062 0.062 0.063 0.064 0.062 0.058 0.053 0.051 0.051
0.007 0.009 0.011 0.014 0.018 0.024 0.033 0.048 0.075 0.133 0.247 0.418 0.589 0.728 0.818 0.846 0.822 0.708 0.500 0.308 0.202 0.152 0.126 0.110 0.095 0.080 0.063 0.052 0.047 0.046 0.047 0.050 0.055 0.063 0.076 0.093 0.114 0.143 0.176 0.197 0.210 0.220 0.230 0.244 0.264 0.300 0.350 0.378 0.381 0.365 0.320 0.256 0.207 0.186 0.183 0.188 0.196 0.195 0.181 0.163 0.147 0.130 0.108 0.086 0.070 0.059 0.052 0.047 0.045 0.045 0.045 0.047 0.048 0.049 0.048 0.049 0.050
0.005 0.006 0.008 0.010 0.012 0.015 0.019 0.024 0.033 0.049 0.080 0.136 0.210 0.270 0.304 0.313 0.304 0.259 0.177 0.111 0.078 0.063 0.055 0.051 0.048 0.044 0.038 0.034 0.033 0.032 0.033 0.034 0.036 0.040 0.045 0.051 0.059 0.069 0.080 0.087 0.091 0.096 0.101 0.109 0.121 0.142 0.165 0.173 0.172 0.163 0.145 0.117 0.099 0.092 0.092 0.097 0.110 0.123 0.129 0.129 0.126 0.117 0.101 0.080 0.064 0.053 0.045 0.041 0.039 0.038 0.039 0.041 0.044 0.046 0.047 0.048 0.050
0.003 0.004 0.005 0.007 0.008 0.010 0.013 0.015 0.019 0.025 0.034 0.052 0.078 0.099 0.110 0.113 0.111 0.097 0.070 0.049 0.039 0.035 0.033 0.033 0.032 0.032 0.030 0.028 0.027 0.027 0.027 0.028 0.029 0.031 0.032 0.035 0.038 0.041 0.045 0.047 0.049 0.050 0.053 0.056 0.062 0.070 0.077 0.078 0.078 0.076 0.071 0.063 0.058 0.056 0.058 0.064 0.077 0.095 0.108 0.113 0.113 0.107 0.094 0.074 0.059 0.048 0.042 0.038 0.037 0.037 0.038 0.040 0.043 0.046 0.048 0.049 0.052
0.001 0.002 0.003 0.004 0.006 0.007 0.009 0.010 0.013 0.016 0.020 0.026 0.036 0.043 0.046 0.048 0.047 0.043 0.035 0.029 0.026 0.024 0.024 0.025 0.026 0.026 0.026 0.025 0.025 0.025 0.025 0.025 0.026 0.026 0.027 0.028 0.029 0.030 0.031 0.032 0.032 0.033 0.035 0.036 0.039 0.042 0.044 0.044 0.044 0.043 0.043 0.042 0.042 0.043 0.046 0.052 0.065 0.084 0.099 0.104 0.104 0.098 0.087 0.069 0.055 0.045 0.040 0.037 0.036 0.036 0.038 0.040 0.044 0.047 0.050 0.053 0.059
0.001 0.001 0.002 0.003 0.003 0.005 0.006 0.007 0.009 0.011 0.013 0.016 0.020 0.023 0.025 0.026 0.025 0.025 0.022 0.020 0.019 0.019 0.019 0.020 0.022 0.023 0.023 0.023 0.023 0.023 0.024 0.024 0.024 0.024 0.024 0.024 0.025 0.025 0.025 0.025 0.026 0.026 0.027 0.029 0.030 0.031 0.032 0.032 0.032 0.032 0.033 0.035 0.037 0.040 0.044 0.050 0.061 0.080 0.094 0.099 0.098 0.092 0.081 0.065 0.052 0.044 0.039 0.037 0.037 0.037 0.039 0.042 0.046 0.050 0.055 0.064 0.078
