RESULTS/r.avaflow_results/13_results/13_ascii/13_hflow10047.asc
ncols 506
nrows 317
xllcenter 498237.50
yllcenter 5580050.00
cellsize 12.50
NODATA_value -9999.000
[rows 204 to 237 of 317, columns 77 to 153 of 506]
0.102 0.084 0.065 0.049 0.039 0.035 0.036 0.053 0.168 0.719 2.497 5.894 9.259 11.263 12.645 13.950 15.281 16.630 17.906 18.996 20.015 20.831 21.484 21.882 22.162 22.170 22.138 22.150 21.981 21.746 21.439 20.928 20.317 19.642 18.915 18.318 17.978 17.678 17.433 17.263 17.139 16.971 16.786 16.484 15.961 15.333 14.542 13.684 12.715 11.663 10.482 9.200 7.780 6.326 4.957 3.713 2.627 1.728 1.033 0.544 0.249 0.099 0.035 0.011 0.003 0.001 0.000 0.000 0.000 0.000 0.000 0.001 0.001 0.001 0.004 0.013 0.040
0.100 0.082 0.065 0.052 0.043 0.039 0.039 0.050 0.129 0.552 2.091 5.382 9.080 11.313 12.683 13.915 15.164 16.412 17.539 18.489 19.372 20.087 20.690 21.098 21.374 21.386 21.422 21.427 21.211 20.942 20.625 20.067 19.410 18.692 17.866 17.113 16.584 16.135 15.794 15.628 15.492 15.328 15.157 14.909 14.472 13.873 13.076 12.132 11.061 9.902 8.625 7.221 5.658 4.159 2.873 1.850 1.096 0.589 0.282 0.121 0.048 0.018 0.006 0.002 0.001 0.000 0.000 0.000 0.000 0.000 0.000 0.001 0.001 0.003 0.009 0.025 0.063
0.100 0.083 0.068 0.057 0.050 0.046 0.044 0.047 0.076 0.297 1.379 4.232 8.285 11.005 12.522 13.704 14.820 15.900 16.885 17.695 18.417 18.940 19.367 19.753 19.998 20.033 20.100 20.108 19.931 19.688 19.447 18.954 18.295 17.561 16.667 15.799 15.102 14.508 14.043 13.797 13.613 13.480 13.360 13.187 12.840 12.296 11.508 10.520 9.358 8.052 6.569 4.991 3.462 2.216 1.291 0.674 0.314 0.134 0.054 0.021 0.008 0.003 0.001 0.001 0.000 0.000 0.000 0.000 0.000 0.000 0.000 0.001 0.002 0.005 0.013 0.033 0.075
0.109 0.089 0.076 0.068 0.061 0.055 0.051 0.049 0.057 0.138 0.702 2.798 6.806 10.171 11.984 13.216 14.231 15.100 15.855 16.486 17.036 17.344 17.500 17.774 18.026 18.121 18.161 18.181 18.046 17.885 17.706 17.306 16.785 16.151 15.298 14.325 13.506 12.776 12.209 11.880 11.668 11.537 11.447 11.316 11.061 10.603 9.869 8.822 7.490 5.862 4.194 2.761 1.661 0.886 0.412 0.170 0.065 0.024 0.009 0.003 0.001 0.001 0.000 0.000 0.000 0.000 0.000 0.000 0.000 0.000 0.000 0.001 0.002 0.006 0.015 0.035 0.077
0.139 0.111 0.096 0.087 0.077 0.067 0.058 0.054 0.054 0.080 0.319 1.572 4.848 8.754 11.003 12.360 13.316 14.029 14.588 15.019 15.336 15.413 15.352 15.473 15.693 15.892 15.924 15.910 15.765 15.636 15.529 15.256 14.901 14.407 13.679 12.727 11.811 10.950 10.262 9.806 9.542 9.425 9.399 9.330 9.177 8.786 8.049 6.881 5.238 3.501 2.146 1.193 0.583 0.248 0.094 0.034 0.012 0.004 0.002 0.001 0.000 0.000 0.000 0.000 0.000 0.000 0.000 0.000 0.000 0.000 0.000 0.001 0.002 0.006 0.015 0.034 0.070
0.208 0.162 0.135 0.117 0.099 0.082 0.068 0.059 0.057 0.063 0.144 0.744 2.897 6.672 9.592 11.243 12.251 12.859 13.208 13.369 13.423 13.172 12.827 12.831 13.002 13.226 13.279 13.268 13.112 12.943 12.866 12.727 12.570 12.283 11.732 10.946 10.040 9.085 8.262 7.618 7.181 6.945 6.872 6.842 6.777 6.459 5.675 4.376 2.850 1.646 0.842 0.376 0.149 0.054 0.018 0.006 0.002 0.001 0.001 0.001 0.000 0.000 0.000 0.000 0.000 0.000 0.000 0.000 0.000 0.000 0.000 0.001 0.002 0.005 0.012 0.025 0.048
0.331 0.256 0.205 0.167 0.133 0.104 0.082 0.069 0.063 0.064 0.086 0.294 1.381 4.173 7.658 9.916 11.114 11.717 11.947 11.917 11.676 11.030 10.294 9.995 10.043 10.219 10.346 10.410 10.320 10.182 10.085 9.958 9.852 9.687 9.354 8.797 8.019 7.057 6.091 5.260 4.609 4.161 3.917 3.795 3.683 3.442 2.900 2.047 1.174 0.583 0.249 0.095 0.033 0.011 0.003 0.001 0.001 0.001 0.001 0.000 0.000 0.000 0.000 0.000 0.000 0.000 0.000 0.000 0.000 0.000 0.000 0.000 0.001 0.003 0.006 0.011 0.020
0.521 0.412 0.323 0.251 0.191 0.142 0.107 0.086 0.075 0.072 0.079 0.129 0.512 1.974 5.070 8.216 9.884 10.553 10.677 10.484 9.991 9.207 8.298 7.624 7.366 7.354 7.459 7.657 7.808 7.822 7.746 7.566 7.290 6.994 6.688 6.291 5.734 5.006 4.164 3.359 2.682 2.175 1.839 1.628 1.469 1.300 1.044 0.680 0.356 0.162 0.064 0.022 0.007 0.002 0.001 0.001 0.001 0.001 0.001 0.000 0.000 0.000 0.000 0.000 0.000 0.000 0.000 0.000 0.000 0.000 0.000 0.000 0.001 0.001 0.002 0.004 0.006
0.774 0.644 0.513 0.396 0.293 0.209 0.151 0.117 0.099 0.092 0.092 0.105 0.193 0.734 2.518 5.684 8.114 9.060 9.216 9.049 8.687 8.097 7.289 6.352 5.762 5.582 5.618 5.856 6.227 6.379 6.337 6.109 5.675 5.257 4.930 4.593 4.181 3.651 2.999 2.301 1.679 1.186 0.828 0.588 0.439 0.343 0.262 0.166 0.087 0.039 0.015 0.005 0.002 0.001 0.001 0.001 0.001 0.001 0.001 0.001 0.000 0.000 0.000 0.000 0.000 0.000 0.000 0.000 0.000 0.000 0.000 0.000 0.000 0.000 0.001 0.001 0.002
1.085 0.952 0.793 0.626 0.465 0.329 0.232 0.174 0.143 0.129 0.122 0.123 0.144 0.271 0.968 2.908 5.433 7.018 7.736 8.017 8.055 7.833 7.230 6.197 5.396 5.075 5.064 5.289 5.768 6.006 5.980 5.719 5.193 4.660 4.301 3.969 3.606 3.170 2.643 2.039 1.431 0.902 0.499 0.246 0.125 0.078 0.055 0.036 0.019 0.009 0.003 0.001 0.001 0.001 0.001 0.001 0.001 0.001 0.001 0.001 0.000 0.000 0.000 0.000 0.000 0.000 0.000 0.000 0.000 0.000 0.000 0.000 0.000 0.000 0.000 0.000 0.001
1.454 1.325 1.156 0.954 0.731 0.527 0.372 0.274 0.220 0.192 0.175 0.167 0.167 0.200 0.398 1.263 3.176 5.350 6.885 7.721 8.043 8.135 7.803 6.698 5.625 5.162 5.121 5.335 5.838 6.110 6.084 5.807 5.250 4.635 4.211 3.851 3.484 3.078 2.602 2.051 1.437 0.827 0.368 0.124 0.038 0.016 0.010 0.007 0.004 0.002 0.001 0.001 0.001 0.001 0.001 0.001 0.001 0.001 0.001 0.000 0.000 0.000 0.000 0.000 0.000 0.000 0.000 0.000 0.000 0.000 0.000 0.000 0.000 0.000 0.000 0.000 0.000
1.881 1.759 1.590 1.371 1.101 0.818 0.592 0.438 0.347 0.295 0.262 0.241 0.231 0.238 0.328 0.759 2.125 4.587 6.673 7.917 8.343 8.333 7.891 6.714 5.541 4.990 4.909 5.097 5.587 5.909 5.909 5.636 5.058 4.370 3.873 3.475 3.099 2.717 2.301 1.830 1.278 0.675 0.244 0.055 0.010 0.003 0.002 0.001 0.001 0.001 0.000 0.000 0.000 0.001 0.001 0.001 0.001 0.001 0.001 0.000 0.000 0.000 0.000 0.000 0.000 0.000 0.000 0.000 0.000 0.000 0.000 0.000 0.000 0.000 0.000 0.000 0.000
2.365 2.253 2.089 1.862 1.562 1.205 0.901 0.682 0.544 0.460 0.406 0.370 0.353 0.353 0.418 0.752 1.951 4.438 6.617 7.742 7.979 7.551 6.589 5.304 4.214 3.628 3.483 3.578 3.952 4.313 4.379 4.183 3.669 2.982 2.457 2.060 1.733 1.448 1.184 0.917 0.613 0.288 0.087 0.015 0.002 0.001 0.001 0.001 0.000 0.000 0.000 0.000 0.000 0.001 0.001 0.001 0.001 0.001 0.001 0.000 0.000 0.000 0.000 0.000 0.000 0.000 0.000 0.000 0.000 0.000 0.000 0.000 0.000 0.000 0.000 0.000 0.000
2.901 2.804 2.652 2.423 2.097 1.679 1.300 1.019 0.832 0.715 0.644 0.604 0.591 0.624 0.756 1.123 2.146 4.146 5.566 5.905 5.524 4.668 3.497 2.433 1.770 1.443 1.345 1.363 1.510 1.724 1.795 1.736 1.503 1.137 0.845 0.637 0.484 0.372 0.284 0.205 0.125 0.053 0.015 0.002 0.001 0.001 0.001 0.000 0.000 0.000 0.000 0.000 0.000 0.001 0.001 0.001 0.001 0.001 0.000 0.000 0.000 0.000 0.000 0.000 0.000 0.000 0.000 0.000 0.000 0.000 0.000 0.000 0.000 0.000 0.000 0.000 0.000
3.495 3.411 3.259 3.017 2.665 2.212 1.787 1.459 1.237 1.108 1.051 1.052 1.134 1.325 1.647 1.973 2.384 2.850 2.770 2.444 2.006 1.532 1.060 0.704 0.489 0.382 0.345 0.344 0.376 0.449 0.486 0.482 0.426 0.315 0.218 0.151 0.103 0.071 0.050 0.033 0.018 0.007 0.002 0.001 0.001 0.001 0.001 0.001 0.000 0.000 0.000 0.000 0.000 0.001 0.001 0.001 0.001 0.001 0.000 0.000 0.000 0.000 0.000 0.000 0.000 0.000 0.000 0.000 0.000 0.000 0.000 0.000 0.000 0.000 0.000 0.000 0.000
4.118 4.007 3.820 3.545 3.187 2.761 2.359 2.043 1.838 1.769 1.840 2.024 2.326 2.584 2.619 2.417 2.035 1.505 1.018 0.713 0.529 0.390 0.270 0.176 0.116 0.085 0.073 0.070 0.076 0.093 0.106 0.108 0.100 0.077 0.050 0.032 0.019 0.012 0.007 0.004 0.002 0.001 0.001 0.001 0.001 0.001 0.000 0.000 0.001 0.000 0.000 0.000 0.000 0.001 0.001 0.001 0.001 0.001 0.000 0.000 0.000 0.000 0.000 0.000 0.000 0.000 0.000 0.000 0.000 0.000 0.000 0.000 0.000 0.000 0.000 0.000 0.000
4.681 4.534 4.308 4.003 3.669 3.338 3.052 2.891 2.883 3.034 3.383 3.673 3.699 3.404 2.890 2.277 1.587 0.948 0.550 0.343 0.230 0.155 0.101 0.061 0.034 0.020 0.014 0.012 0.013 0.016 0.019 0.020 0.020 0.017 0.011 0.006 0.003 0.002 0.001 0.001 0.001 0.001 0.001 0.001 0.001 0.001 0.001 0.000 0.000 0.001 0.000 0.000 0.000 0.000 0.001 0.001 0.001 0.001 0.000 0.000 0.000 0.000 0.000 0.000 0.000 0.000 0.000 0.000 0.000 0.000 0.000 0.000 0.000 0.000 0.000 0.000 0.000
5.186 5.002 4.736 4.420 4.150 4.010 4.069 4.363 4.771 5.078 5.176 4.926 4.358 3.573 2.745 1.951 1.261 0.764 0.466 0.295 0.191 0.122 0.074 0.040 0.020 0.009 0.004 0.003 0.002 0.002 0.003 0.003 0.003 0.003 0.002 0.001 0.001 0.001 0.001 0.001 0.001 0.001 0.001 0.001 0.001 0.001 0.001 0.000 0.000 0.000 0.001 0.001 0.000 0.000 0.000 0.001 0.001 0.001 0.000 0.000 0.000 0.000 0.000 0.000 0.000 0.000 0.000 0.000 0.000 0.000 0.000 0.000 0.000 0.000 0.000 0.000 0.000
5.629 5.404 5.122 4.852 4.689 4.875 5.803 6.593 6.845 6.716 6.274 5.559 4.613 3.538 2.564 1.767 1.157 0.734 0.468 0.302 0.195 0.122 0.071 0.037 0.016 0.007 0.003 0.001 0.001 0.001 0.001 0.001 0.001 0.001 0.001 0.000 0.000 0.000 0.000 0.001 0.001 0.001 0.001 0.001 0.001 0.001 0.001 0.000 0.000 0.000 0.000 0.000 0.000 0.000 0.000 0.000 0.001 0.001 0.000 0.000 0.000 0.000 0.000 0.000 0.000 0.000 0.000 0.000 0.000 0.000 0.000 0.000 0.000 0.000 0.000 0.000 0.000
6.026 5.766 5.525 5.375 5.431 6.208 7.677 8.276 8.136 7.700 6.985 5.996 4.772 3.536 2.517 1.732 1.162 0.771 0.516 0.343 0.221 0.133 0.073 0.035 0.015 0.006 0.002 0.001 0.000 0.000 0.000 0.000 0.000 0.000 0.000 0.000 0.000 0.000 0.000 0.001 0.001 0.001 0.001 0.001 0.001 0.001 0.001 0.001 0.000 0.000 0.000 0.000 0.000 0.000 0.000 0.000 0.000 0.001 0.000 0.000 0.000 0.000 0.000 0.000 0.000 0.000 0.000 0.000 0.000 0.000 0.000 0.000 0.000 0.000 0.000 0.000 0.000
6.380 6.116 5.968 6.019 6.697 8.161 9.163 9.252 8.941 8.328 7.444 6.302 4.915 3.586 2.548 1.790 1.267 0.904 0.638 0.434 0.275 0.157 0.077 0.034 0.013 0.005 0.002 0.001 0.000 0.000 0.000 0.000 0.000 0.000 0.000 0.000 0.000 0.000 0.001 0.001 0.001 0.001 0.001 0.001 0.001 0.001 0.001 0.001 0.000 0.000 0.000 0.001 0.001 0.001 0.001 0.000 0.000 0.001 0.000 0.000 0.000 0.000 0.000 0.000 0.000 0.000 0.000 0.000 0.000 0.000 0.000 0.000 0.000 0.000 0.000 0.000 0.000
6.739 6.500 6.419 6.821 8.444 9.860 10.094 9.886 9.449 8.727 7.757 6.535 5.085 3.748 2.734 2.027 1.540 1.167 0.852 0.576 0.343 0.173 0.075 0.030 0.011 0.004 0.002 0.001 0.000 0.000 0.000 0.000 0.000 0.000 0.000 0.000 0.000 0.000 0.001 0.001 0.001 0.001 0.001 0.001 0.001 0.001 0.001 0.001 0.001 0.000 0.000 0.001 0.001 0.001 0.001 0.001 0.000 0.000 0.000 0.000 0.000 0.000 0.000 0.000 0.000 0.000 0.000 0.000 0.000 0.000 0.000 0.000 0.000 0.000 0.000 0.000 0.000
7.115 6.944 6.989 7.908 9.829 10.659 10.595 10.277 9.756 8.968 7.957 6.723 5.292 4.052 3.142 2.498 1.995 1.537 1.097 0.696 0.378 0.172 0.069 0.025 0.009 0.003 0.001 0.001 0.000 0.000 0.000 0.000 0.000 0.000 0.000 0.000 0.000 0.000 0.000 0.001 0.001 0.001 0.001 0.001 0.001 0.001 0.001 0.001 0.001 0.001 0.000 0.001 0.001 0.001 0.001 0.001 0.000 0.000 0.000 0.000 0.000 0.000 0.000 0.000 0.000 0.000 0.000 0.000 0.000 0.000 0.000 0.000 0.000 0.000 0.000 0.000 0.000
7.531 7.494 7.977 9.444 10.716 10.961 10.835 10.484 9.918 9.119 8.107 6.898 5.557 4.471 3.661 3.003 2.399 1.804 1.236 0.744 0.380 0.161 0.058 0.019 0.006 0.002 0.001 0.000 0.000 0.000 0.000 0.000 0.000 0.000 0.000 0.000 0.000 0.000 0.000 0.001 0.001 0.001 0.001 0.001 0.001 0.001 0.001 0.001 0.001 0.001 0.001 0.000 0.001 0.001 0.001 0.001 0.000 0.000 0.000 0.000 0.000 0.000 0.000 0.000 0.000 0.000 0.000 0.000 0.000 0.000 0.000 0.000 0.000 0.000 0.000 0.000 0.000
8.009 8.359 9.609 10.818 11.149 11.123 10.948 10.571 9.991 9.223 8.270 7.129 5.896 4.881 4.056 3.321 2.613 1.912 1.266 0.734 0.355 0.136 0.044 0.013 0.005 0.002 0.001 0.000 0.000 0.000 0.000 0.000 0.000 0.000 0.000 0.000 0.000 0.000 0.001 0.001 0.001 0.001 0.000 0.000 0.001 0.001 0.001 0.001 0.001 0.001 0.001 0.001 0.001 0.001 0.001 0.001 0.001 0.000 0.000 0.000 0.000 0.000 0.000 0.000 0.000 0.000 0.000 0.000 0.000 0.000 0.000 0.000 0.000 0.000 0.000 0.000 0.000
8.640 9.761 11.057 11.426 11.390 11.280 11.020 10.594 10.013 9.283 8.413 7.395 6.261 5.246 4.349 3.510 2.694 1.913 1.217 0.659 0.286 0.097 0.029 0.010 0.004 0.002 0.001 0.000 0.000 0.000 0.000 0.000 0.000 0.000 0.000 0.000 0.000 0.000 0.000 0.000 0.000 0.000 0.000 0.000 0.000 0.001 0.000 0.000 0.000 0.000 0.000 0.000 0.001 0.001 0.001 0.001 0.001 0.001 0.000 0.000 0.000 0.000 0.000 0.000 0.000 0.000 0.000 0.000 0.000 0.000 0.000 0.000 0.000 0.000 0.000 0.000 0.000
9.588 11.051 11.785 11.800 11.669 11.468 11.138 10.672 10.085 9.364 8.526 7.582 6.542 5.534 4.565 3.619 2.704 1.838 1.080 0.517 0.195 0.064 0.021 0.008 0.004 0.002 0.001 0.000 0.000 0.000 0.000 0.000 0.000 0.000 0.000 0.000 0.000 0.000 0.000 0.000 0.000 0.000 0.000 0.000 0.000 0.000 0.000 0.000 0.000 0.000 0.000 0.000 0.000 0.000 0.001 0.001 0.001 0.001 0.001 0.001 0.000 0.000 0.000 0.000 0.000 0.000 0.000 0.000 0.000 0.000 0.000 0.000 0.000 0.000 0.000 0.000 0.000
11.014 11.961 12.155 12.111 11.949 11.692 11.301 10.798 10.197 9.471 8.630 7.716 6.731 5.733 4.717 3.673 2.652 1.696 0.912 0.398 0.143 0.049 0.018 0.007 0.004 0.002 0.001 0.000 0.000 0.000 0.000 0.000 0.000 0.000 0.000 0.000 0.000 0.000 0.000 0.001 0.001 0.001 0.000 0.000 0.000 0.000 0.000 0.000 0.001 0.001 0.001 0.000 0.000 0.000 0.000 0.001 0.001 0.001 0.001 0.001 0.001 0.000 0.000 0.000 0.000 0.000 0.000 0.000 0.000 0.000 0.000 0.000 0.000 0.000 0.000 0.000 0.000
12.176 12.427 12.428 12.384 12.226 11.951 11.535 11.015 10.386 9.634 8.763 7.847 6.876 5.871 4.808 3.679 2.565 1.561 0.795 0.330 0.118 0.042 0.016 0.007 0.003 0.002 0.001 0.000 0.000 0.000 0.000 0.000 0.000 0.000 0.000 0.000 0.000 0.000 0.000 0.001 0.001 0.001 0.001 0.000 0.000 0.000 0.000 0.000 0.001 0.001 0.001 0.001 0.001 0.001 0.001 0.001 0.001 0.001 0.001 0.001 0.001 0.001 0.000 0.000 0.000 0.000 0.000 0.000 0.000 0.000 0.000 0.000 0.000 0.000 0.000 0.000 0.000
12.602 12.599 12.587 12.546 12.436 12.201 11.827 11.323 10.658 9.870 8.972 8.023 7.021 5.967 4.850 3.653 2.466 1.442 0.706 0.285 0.103 0.037 0.014 0.006 0.003 0.001 0.001 0.000 0.000 0.000 0.000 0.000 0.000 0.000 0.000 0.000 0.000 0.000 0.000 0.001 0.001 0.001 0.001 0.000 0.000 0.001 0.000 0.000 0.001 0.001 0.001 0.001 0.001 0.001 0.001 0.001 0.001 0.001 0.001 0.001 0.001 0.001 0.001 0.000 0.000 0.000 0.000 0.000 0.000 0.000 0.000 0.000 0.000 0.000 0.000 0.000 0.000
12.687 12.668 12.663 12.642 12.577 12.380 12.055 11.559 10.893 10.076 9.143 8.140 7.093 6.004 4.859 3.606 2.355 1.326 0.625 0.246 0.089 0.033 0.013 0.005 0.002 0.001 0.001 0.000 0.000 0.000 0.000 0.000 0.000 0.000 0.000 0.000 0.000 0.000 0.001 0.001 0.001 0.001 0.000 0.000 0.000 0.000 0.000 0.000 0.001 0.001 0.001 0.001 0.001 0.001 0.001 0.001 0.001 0.001 0.001 0.001 0.001 0.001 0.001 0.001 0.000 0.000 0.000 0.000 0.000 0.000 0.000 0.000 0.000 0.000 0.000 0.000 0.000
12.686 12.675 12.670 12.666 12.635 12.489 12.188 11.707 11.037 10.188 9.213 8.173 7.108 6.014 4.846 3.530 2.225 1.203 0.542 0.206 0.073 0.026 0.010 0.004 0.001 0.001 0.001 0.000 0.000 0.000 0.000 0.000 0.000 0.000 0.000 0.000 0.000 0.000 0.001 0.001 0.001 0.001 0.000 0.000 0.000 0.000 0.000 0.000 0.001 0.001 0.001 0.001 0.001 0.001 0.001 0.001 0.001 0.001 0.001 0.001 0.001 0.001 0.001 0.001 0.001 0.000 0.000 0.000 0.000 0.000 0.000 0.000 0.000 0.000 0.000 0.000 0.000
12.654 12.647 12.641 12.664 12.624 12.514 12.239 11.766 11.096 10.228 9.227 8.161 7.071 5.958 4.739 3.354 2.030 1.042 0.441 0.157 0.052 0.017 0.005 0.002 0.001 0.001 0.001 0.001 0.000 0.000 0.000 0.000 0.000 0.000 0.000 0.000 0.000 0.000 0.001 0.001 0.001 0.001 0.000 0.000 0.000 0.000 0.001 0.000 0.001 0.001 0.001 0.001 0.001 0.001 0.001 0.001 0.001 0.001 0.001 0.001 0.001 0.001 0.001 0.001 0.001 0.001 0.000 0.000 0.000 0.000 0.000 0.000 0.000 0.000 0.000 0.000 0.000
12.572 12.545 12.514 12.533 12.515 12.449 12.211 11.765 11.100 10.209 9.161 8.033 6.877 5.675 4.346 2.922 1.662 0.779 0.291 0.089 0.025 0.007 0.002 0.001 0.001 0.001 0.001 0.001 0.001 0.000 0.000 0.000 0.000 0.000 0.000 0.000 0.000 0.000 0.000 0.000 0.000 0.000 0.000 0.000 0.000 0.000 0.000 0.000 0.000 0.001 0.001 0.001 0.001 0.001 0.001 0.001 0.001 0.001 0.001 0.001 0.001 0.001 0.001 0.001 0.001 0.001 0.001 0.000 0.000 0.000 0.000 0.000 0.000 0.000 0.000 0.000 0.000
