RESULTS/r.avaflow_results/13_results/13_ascii/13_hflow30032.asc
ncols 506
nrows 317
xllcenter 498237.50
yllcenter 5580050.00
cellsize 12.50
NODATA_value -9999.000
[rows 170 to 203 of 317, columns 231 to 307 of 506]
0.854 0.510 0.307 0.195 0.135 0.102 0.081 0.069 0.062 0.060 0.063 0.066 0.066 0.063 0.054 0.040 0.028 0.022 0.018 0.015 0.013 0.011 0.010 0.009 0.008 0.007 0.006 0.005 0.004 0.004 0.003 0.002 0.001 0.001 0.000 0.000 0.000 0.000 0.000 0.000 0.000 0.000 0.000 0.000 0.000 0.000 0.000 0.000 0.000 0.000 0.000 0.000 0.000 0.000 0.000 0.000 0.000 0.000 0.000 0.000 0.000 0.000 0.000 0.000 0.000 0.000 0.000 0.000 0.000 0.000 0.000 0.000 0.000 0.000 0.000 0.000 0.000
1.070 0.707 0.431 0.271 0.182 0.133 0.107 0.094 0.090 0.095 0.115 0.133 0.134 0.126 0.103 0.066 0.042 0.029 0.022 0.017 0.015 0.013 0.012 0.011 0.010 0.009 0.008 0.007 0.006 0.005 0.004 0.003 0.002 0.002 0.001 0.000 0.000 0.000 0.000 0.000 0.000 0.000 0.000 0.000 0.000 0.000 0.000 0.000 0.000 0.000 0.000 0.000 0.000 0.000 0.000 0.000 0.000 0.000 0.000 0.000 0.000 0.000 0.000 0.000 0.000 0.000 0.000 0.000 0.000 0.000 0.000 0.000 0.000 0.000 0.000 0.000 0.000
1.217 0.902 0.579 0.367 0.242 0.171 0.136 0.125 0.128 0.154 0.222 0.275 0.281 0.260 0.206 0.122 0.067 0.040 0.027 0.020 0.017 0.015 0.013 0.012 0.011 0.010 0.009 0.008 0.007 0.006 0.005 0.004 0.003 0.002 0.002 0.001 0.000 0.000 0.000 0.000 0.000 0.000 0.000 0.000 0.000 0.000 0.000 0.000 0.000 0.000 0.000 0.000 0.000 0.000 0.000 0.000 0.000 0.000 0.000 0.000 0.000 0.000 0.000 0.000 0.000 0.000 0.000 0.000 0.000 0.000 0.000 0.000 0.000 0.000 0.000 0.000 0.000
1.303 1.065 0.737 0.478 0.314 0.216 0.168 0.157 0.165 0.216 0.346 0.470 0.497 0.468 0.376 0.228 0.113 0.059 0.035 0.024 0.019 0.016 0.015 0.013 0.012 0.011 0.010 0.010 0.009 0.008 0.007 0.006 0.004 0.003 0.002 0.002 0.001 0.000 0.000 0.000 0.000 0.000 0.000 0.000 0.000 0.000 0.000 0.000 0.000 0.000 0.000 0.000 0.000 0.000 0.000 0.000 0.000 0.000 0.000 0.000 0.000 0.000 0.000 0.000 0.000 0.000 0.000 0.000 0.000 0.000 0.000 0.000 0.000 0.000 0.000 0.000 0.000
1.348 1.197 0.920 0.614 0.401 0.270 0.204 0.187 0.194 0.251 0.407 0.575 0.625 0.606 0.521 0.360 0.189 0.092 0.048 0.030 0.022 0.018 0.016 0.015 0.014 0.013 0.012 0.011 0.010 0.009 0.008 0.007 0.006 0.004 0.003 0.002 0.001 0.001 0.000 0.000 0.000 0.000 0.000 0.000 0.000 0.000 0.000 0.000 0.000 0.000 0.000 0.000 0.000 0.000 0.000 0.000 0.000 0.000 0.000 0.000 0.000 0.000 0.000 0.000 0.000 0.000 0.000 0.000 0.000 0.000 0.000 0.000 0.000 0.000 0.000 0.000 0.000
1.357 1.284 1.104 0.802 0.514 0.338 0.246 0.217 0.221 0.272 0.416 0.589 0.651 0.640 0.577 0.455 0.288 0.150 0.074 0.041 0.027 0.021 0.018 0.016 0.015 0.014 0.013 0.012 0.011 0.011 0.010 0.009 0.007 0.006 0.004 0.003 0.002 0.001 0.001 0.000 0.000 0.000 0.000 0.000 0.000 0.000 0.000 0.000 0.000 0.000 0.000 0.000 0.000 0.000 0.000 0.000 0.000 0.000 0.000 0.000 0.000 0.000 0.000 0.000 0.000 0.000 0.000 0.000 0.000 0.000 0.000 0.000 0.000 0.000 0.000 0.000 0.000
1.334 1.311 1.210 0.989 0.673 0.429 0.299 0.252 0.251 0.288 0.397 0.550 0.620 0.621 0.577 0.494 0.380 0.241 0.124 0.060 0.035 0.025 0.020 0.018 0.016 0.015 0.014 0.013 0.013 0.012 0.011 0.010 0.009 0.007 0.005 0.004 0.003 0.002 0.001 0.001 0.000 0.000 0.000 0.000 0.000 0.000 0.000 0.000 0.000 0.000 0.000 0.000 0.000 0.000 0.000 0.000 0.000 0.000 0.000 0.000 0.000 0.000 0.000 0.000 0.000 0.000 0.000 0.000 0.000 0.000 0.000 0.000 0.000 0.000 0.000 0.000 0.001
1.282 1.291 1.242 1.101 0.844 0.555 0.377 0.302 0.288 0.306 0.361 0.454 0.523 0.547 0.536 0.493 0.423 0.321 0.191 0.093 0.048 0.031 0.024 0.020 0.018 0.017 0.016 0.015 0.014 0.014 0.013 0.011 0.010 0.008 0.007 0.005 0.004 0.003 0.002 0.001 0.001 0.000 0.000 0.000 0.000 0.000 0.000 0.000 0.000 0.000 0.000 0.000 0.000 0.000 0.000 0.000 0.000 0.000 0.000 0.000 0.000 0.000 0.000 0.000 0.000 0.000 0.000 0.000 0.000 0.000 0.000 0.000 0.000 0.000 0.001 0.001 0.002
1.189 1.238 1.224 1.148 0.983 0.720 0.494 0.381 0.341 0.332 0.345 0.372 0.406 0.431 0.449 0.453 0.423 0.355 0.244 0.131 0.067 0.041 0.029 0.024 0.021 0.019 0.017 0.016 0.016 0.015 0.014 0.013 0.011 0.009 0.008 0.006 0.005 0.004 0.003 0.002 0.001 0.001 0.000 0.000 0.000 0.000 0.000 0.000 0.000 0.000 0.000 0.000 0.000 0.000 0.000 0.000 0.000 0.000 0.000 0.000 0.000 0.000 0.000 0.000 0.000 0.000 0.000 0.000 0.000 0.000 0.000 0.001 0.001 0.002 0.003 0.004 0.006
1.046 1.155 1.182 1.156 1.067 0.894 0.667 0.506 0.425 0.381 0.357 0.348 0.350 0.357 0.371 0.385 0.387 0.354 0.275 0.169 0.093 0.055 0.037 0.029 0.025 0.022 0.020 0.019 0.018 0.017 0.016 0.014 0.012 0.010 0.009 0.007 0.006 0.005 0.004 0.003 0.002 0.001 0.001 0.000 0.000 0.000 0.000 0.000 0.000 0.000 0.000 0.000 0.000 0.000 0.000 0.000 0.000 0.000 0.000 0.000 0.000 0.000 0.000 0.000 0.001 0.001 0.001 0.001 0.001 0.001 0.001 0.002 0.003 0.004 0.006 0.008 0.012
0.879 1.045 1.125 1.135 1.099 1.006 0.847 0.679 0.557 0.466 0.400 0.360 0.339 0.329 0.328 0.334 0.336 0.329 0.289 0.209 0.126 0.075 0.050 0.038 0.031 0.027 0.024 0.022 0.021 0.019 0.017 0.015 0.013 0.012 0.010 0.009 0.007 0.006 0.005 0.004 0.003 0.002 0.002 0.001 0.001 0.000 0.000 0.000 0.000 0.000 0.000 0.000 0.000 0.000 0.000 0.000 0.000 0.000 0.000 0.001 0.001 0.001 0.001 0.002 0.002 0.002 0.003 0.003 0.003 0.003 0.004 0.005 0.007 0.009 0.011 0.015 0.021
0.734 0.925 1.049 1.095 1.091 1.048 0.956 0.831 0.715 0.603 0.493 0.405 0.351 0.322 0.310 0.308 0.312 0.314 0.300 0.250 0.169 0.105 0.070 0.052 0.042 0.036 0.032 0.028 0.025 0.022 0.019 0.017 0.015 0.013 0.011 0.010 0.009 0.007 0.006 0.005 0.004 0.003 0.003 0.002 0.002 0.001 0.001 0.001 0.001 0.001 0.001 0.001 0.001 0.001 0.001 0.001 0.001 0.001 0.002 0.002 0.003 0.003 0.003 0.004 0.004 0.005 0.005 0.006 0.006 0.007 0.008 0.009 0.012 0.015 0.020 0.027 0.039
0.609 0.800 0.950 1.036 1.064 1.052 1.001 0.923 0.836 0.743 0.626 0.489 0.387 0.330 0.305 0.300 0.305 0.317 0.316 0.289 0.223 0.148 0.102 0.078 0.065 0.055 0.047 0.040 0.033 0.028 0.023 0.019 0.017 0.015 0.013 0.012 0.010 0.009 0.008 0.007 0.006 0.005 0.004 0.004 0.003 0.003 0.003 0.003 0.003 0.003 0.003 0.003 0.003 0.003 0.003 0.003 0.003 0.003 0.004 0.004 0.005 0.006 0.006 0.007 0.007 0.008 0.008 0.009 0.010 0.011 0.013 0.015 0.019 0.025 0.035 0.051 0.079
0.502 0.672 0.834 0.953 1.014 1.029 1.008 0.961 0.898 0.821 0.721 0.579 0.440 0.351 0.310 0.301 0.307 0.331 0.344 0.335 0.288 0.212 0.159 0.131 0.114 0.100 0.086 0.070 0.053 0.039 0.030 0.024 0.020 0.017 0.015 0.014 0.012 0.011 0.010 0.009 0.008 0.007 0.007 0.006 0.006 0.006 0.006 0.006 0.006 0.006 0.006 0.006 0.006 0.006 0.006 0.006 0.006 0.006 0.007 0.008 0.008 0.009 0.010 0.010 0.011 0.011 0.012 0.013 0.014 0.016 0.019 0.024 0.031 0.044 0.066 0.103 0.172
0.426 0.564 0.720 0.851 0.936 0.976 0.984 0.963 0.916 0.852 0.767 0.646 0.497 0.388 0.333 0.319 0.327 0.360 0.390 0.392 0.368 0.310 0.266 0.246 0.232 0.214 0.188 0.151 0.100 0.063 0.043 0.031 0.025 0.021 0.019 0.017 0.015 0.013 0.012 0.011 0.010 0.009 0.009 0.009 0.009 0.009 0.009 0.009 0.009 0.009 0.009 0.009 0.009 0.009 0.009 0.009 0.010 0.010 0.011 0.011 0.012 0.013 0.014 0.014 0.015 0.016 0.017 0.018 0.020 0.023 0.029 0.039 0.057 0.086 0.134 0.218 0.377
0.381 0.492 0.630 0.767 0.868 0.927 0.947 0.944 0.916 0.865 0.794 0.696 0.562 0.455 0.398 0.381 0.387 0.418 0.457 0.477 0.483 0.476 0.479 0.506 0.519 0.505 0.455 0.359 0.214 0.114 0.067 0.045 0.034 0.027 0.024 0.021 0.018 0.016 0.015 0.014 0.013 0.012 0.012 0.012 0.012 0.012 0.012 0.013 0.013 0.013 0.013 0.013 0.013 0.013 0.013 0.013 0.014 0.014 0.015 0.016 0.017 0.018 0.018 0.019 0.019 0.020 0.022 0.024 0.028 0.035 0.049 0.073 0.112 0.175 0.277 0.449 0.777
0.365 0.459 0.579 0.718 0.829 0.900 0.930 0.932 0.914 0.875 0.817 0.741 0.654 0.590 0.551 0.534 0.529 0.543 0.575 0.622 0.684 0.764 0.878 1.031 1.120 1.124 1.040 0.821 0.469 0.222 0.115 0.070 0.050 0.039 0.032 0.027 0.023 0.020 0.018 0.017 0.016 0.016 0.016 0.016 0.016 0.016 0.017 0.017 0.018 0.018 0.018 0.018 0.018 0.018 0.018 0.018 0.019 0.019 0.020 0.021 0.022 0.023 0.023 0.024 0.025 0.026 0.029 0.035 0.044 0.062 0.094 0.147 0.232 0.360 0.554 0.869 1.379
0.369 0.456 0.567 0.700 0.810 0.880 0.917 0.928 0.920 0.891 0.852 0.820 0.826 0.873 0.891 0.878 0.832 0.805 0.818 0.878 1.009 1.215 1.512 1.849 2.057 2.099 1.987 1.605 0.945 0.441 0.214 0.121 0.080 0.058 0.045 0.036 0.030 0.026 0.024 0.022 0.021 0.020 0.020 0.020 0.020 0.021 0.021 0.022 0.023 0.023 0.023 0.023 0.023 0.023 0.023 0.024 0.024 0.025 0.026 0.027 0.028 0.030 0.031 0.032 0.034 0.037 0.045 0.058 0.083 0.126 0.198 0.311 0.476 0.706 1.042 1.488 1.924
0.404 0.486 0.583 0.703 0.801 0.862 0.902 0.930 0.944 0.947 0.963 1.038 1.238 1.472 1.561 1.532 1.370 1.258 1.241 1.295 1.487 1.858 2.395 2.887 3.169 3.229 3.085 2.577 1.648 0.820 0.406 0.220 0.136 0.094 0.069 0.053 0.042 0.036 0.032 0.029 0.027 0.026 0.026 0.026 0.027 0.027 0.028 0.029 0.030 0.030 0.030 0.029 0.029 0.029 0.029 0.030 0.032 0.033 0.033 0.035 0.037 0.040 0.044 0.048 0.055 0.066 0.085 0.119 0.179 0.276 0.425 0.638 0.919 1.290 1.709 2.051 2.226
0.483 0.574 0.653 0.739 0.810 0.859 0.902 0.960 1.046 1.170 1.355 1.661 2.109 2.434 2.485 2.338 2.065 1.880 1.836 1.892 2.161 2.745 3.498 3.992 4.172 4.160 3.927 3.344 2.349 1.350 0.735 0.410 0.247 0.162 0.114 0.084 0.064 0.053 0.046 0.043 0.040 0.039 0.039 0.040 0.041 0.041 0.041 0.041 0.041 0.041 0.040 0.038 0.037 0.037 0.038 0.040 0.042 0.044 0.047 0.051 0.058 0.067 0.079 0.094 0.113 0.142 0.190 0.271 0.400 0.592 0.867 1.226 1.612 1.974 2.243 2.372 2.374
0.532 0.683 0.789 0.851 0.897 0.945 1.023 1.205 1.536 1.951 2.389 2.833 3.168 3.261 3.130 2.880 2.673 2.562 2.542 2.672 3.105 3.943 4.725 5.053 5.076 4.918 4.513 3.812 2.861 1.956 1.261 0.781 0.485 0.312 0.212 0.149 0.111 0.090 0.081 0.077 0.078 0.078 0.078 0.079 0.079 0.077 0.072 0.068 0.064 0.061 0.057 0.054 0.052 0.052 0.053 0.056 0.061 0.068 0.080 0.095 0.116 0.142 0.174 0.213 0.263 0.333 0.441 0.603 0.837 1.174 1.614 2.014 2.283 2.447 2.526 2.512 2.420
0.512 0.704 0.881 1.034 1.164 1.314 1.604 2.171 2.844 3.387 3.699 3.839 3.866 3.759 3.477 3.244 3.155 3.162 3.291 3.627 4.272 5.152 5.724 5.886 5.816 5.505 4.888 4.013 3.200 2.555 1.987 1.461 1.006 0.669 0.447 0.306 0.226 0.188 0.176 0.180 0.200 0.210 0.210 0.207 0.199 0.184 0.160 0.137 0.120 0.106 0.095 0.088 0.084 0.084 0.088 0.097 0.114 0.138 0.171 0.214 0.268 0.334 0.408 0.491 0.594 0.737 0.939 1.192 1.490 1.871 2.289 2.551 2.660 2.685 2.640 2.537 2.368
0.387 0.610 0.854 1.109 1.420 1.890 2.672 3.578 4.166 4.420 4.479 4.431 4.297 4.046 3.703 3.539 3.532 3.651 3.950 4.432 5.141 5.882 6.271 6.349 6.259 5.874 5.073 4.067 3.391 2.931 2.534 2.143 1.744 1.345 0.979 0.695 0.526 0.462 0.457 0.496 0.579 0.615 0.615 0.594 0.548 0.482 0.395 0.310 0.252 0.212 0.184 0.170 0.167 0.173 0.194 0.229 0.277 0.335 0.407 0.503 0.627 0.764 0.896 1.031 1.180 1.344 1.520 1.711 1.935 2.258 2.588 2.749 2.785 2.754 2.652 2.480 2.234
0.198 0.374 0.643 0.988 1.420 2.078 3.170 4.217 4.737 4.878 4.864 4.766 4.570 4.250 3.910 3.790 3.821 4.012 4.376 4.878 5.510 6.089 6.398 6.460 6.380 5.990 5.105 4.059 3.431 3.051 2.743 2.454 2.168 1.882 1.610 1.362 1.183 1.116 1.124 1.238 1.412 1.485 1.485 1.433 1.318 1.153 0.929 0.700 0.551 0.461 0.411 0.394 0.402 0.443 0.514 0.604 0.702 0.809 0.944 1.136 1.359 1.549 1.664 1.718 1.733 1.771 1.838 1.943 2.101 2.369 2.639 2.759 2.778 2.729 2.580 2.338 2.035
0.085 0.164 0.326 0.633 1.131 1.899 3.089 4.233 4.826 5.005 5.005 4.919 4.735 4.404 4.067 3.963 4.003 4.197 4.525 4.963 5.468 5.903 6.164 6.227 6.147 5.747 4.839 3.808 3.226 2.921 2.695 2.481 2.263 2.058 1.909 1.815 1.768 1.776 1.847 2.066 2.300 2.376 2.373 2.317 2.188 1.984 1.694 1.373 1.140 1.004 0.949 0.948 0.998 1.111 1.270 1.445 1.610 1.773 1.962 2.159 2.277 2.300 2.245 2.135 2.017 1.960 1.956 1.999 2.115 2.346 2.562 2.642 2.641 2.567 2.384 2.099 1.750
0.038 0.067 0.130 0.275 0.607 1.271 2.382 3.665 4.504 4.886 4.980 4.936 4.786 4.473 4.136 4.027 4.061 4.225 4.461 4.687 4.875 5.024 5.126 5.127 4.996 4.580 3.755 2.911 2.468 2.292 2.216 2.163 2.084 1.994 1.943 1.941 1.973 2.037 2.165 2.438 2.675 2.737 2.730 2.687 2.582 2.396 2.153 1.944 1.819 1.772 1.801 1.892 2.033 2.188 2.342 2.503 2.654 2.755 2.812 2.819 2.756 2.640 2.482 2.275 2.099 2.000 1.963 1.972 2.033 2.173 2.292 2.321 2.293 2.200 2.020 1.730 1.345
0.021 0.031 0.052 0.102 0.230 0.541 1.190 2.265 3.363 4.147 4.562 4.699 4.646 4.415 4.113 3.989 3.977 4.005 3.947 3.726 3.440 3.214 3.069 2.932 2.740 2.405 1.864 1.405 1.215 1.183 1.224 1.317 1.429 1.553 1.689 1.809 1.913 2.027 2.188 2.464 2.673 2.731 2.725 2.690 2.611 2.460 2.299 2.221 2.206 2.253 2.376 2.563 2.700 2.774 2.831 2.923 3.045 3.088 3.067 2.996 2.874 2.705 2.508 2.274 2.081 1.969 1.905 1.865 1.844 1.853 1.844 1.791 1.702 1.584 1.426 1.175 0.863
0.013 0.018 0.025 0.041 0.079 0.179 0.417 0.886 1.633 2.520 3.317 3.792 3.963 3.923 3.774 3.636 3.471 3.172 2.636 2.012 1.559 1.318 1.173 1.065 0.959 0.821 0.620 0.474 0.428 0.430 0.459 0.524 0.630 0.790 1.012 1.256 1.489 1.702 1.920 2.163 2.321 2.373 2.374 2.357 2.332 2.291 2.254 2.268 2.321 2.413 2.552 2.719 2.804 2.822 2.830 2.891 3.004 3.040 3.017 2.937 2.815 2.653 2.465 2.241 2.049 1.932 1.855 1.786 1.709 1.601 1.434 1.238 1.072 0.940 0.817 0.664 0.497
0.008 0.011 0.015 0.021 0.033 0.060 0.122 0.264 0.542 1.009 1.610 2.148 2.516 2.686 2.714 2.594 2.258 1.701 1.111 0.713 0.502 0.402 0.350 0.315 0.281 0.242 0.186 0.151 0.141 0.143 0.155 0.182 0.230 0.306 0.420 0.577 0.774 1.005 1.229 1.388 1.469 1.502 1.519 1.547 1.614 1.734 1.885 2.057 2.203 2.317 2.429 2.518 2.539 2.506 2.482 2.509 2.595 2.643 2.637 2.591 2.536 2.472 2.377 2.221 2.053 1.933 1.837 1.739 1.609 1.403 1.104 0.833 0.648 0.529 0.439 0.354 0.278
0.005 0.007 0.009 0.013 0.018 0.026 0.042 0.075 0.147 0.305 0.588 0.909 1.156 1.302 1.333 1.253 1.003 0.632 0.348 0.207 0.150 0.126 0.115 0.107 0.100 0.091 0.075 0.066 0.063 0.064 0.068 0.077 0.093 0.120 0.162 0.226 0.313 0.427 0.534 0.593 0.619 0.637 0.658 0.694 0.765 0.897 1.105 1.385 1.631 1.777 1.835 1.834 1.781 1.677 1.607 1.593 1.626 1.692 1.765 1.854 1.984 2.128 2.183 2.137 2.029 1.916 1.805 1.679 1.490 1.184 0.815 0.548 0.390 0.298 0.239 0.195 0.164
0.003 0.004 0.006 0.008 0.011 0.014 0.020 0.029 0.046 0.084 0.170 0.308 0.432 0.505 0.520 0.475 0.354 0.195 0.107 0.072 0.059 0.054 0.053 0.053 0.054 0.052 0.048 0.044 0.043 0.043 0.044 0.048 0.055 0.064 0.077 0.096 0.124 0.165 0.203 0.223 0.235 0.245 0.257 0.276 0.308 0.365 0.455 0.596 0.749 0.837 0.860 0.851 0.813 0.740 0.693 0.685 0.700 0.756 0.860 1.018 1.262 1.596 1.813 1.882 1.863 1.798 1.697 1.542 1.285 0.898 0.560 0.355 0.241 0.179 0.143 0.122 0.111
0.002 0.002 0.004 0.005 0.007 0.009 0.012 0.015 0.021 0.030 0.051 0.091 0.134 0.158 0.162 0.149 0.112 0.067 0.045 0.037 0.034 0.033 0.034 0.037 0.040 0.041 0.040 0.038 0.037 0.037 0.038 0.040 0.043 0.047 0.051 0.056 0.064 0.076 0.088 0.095 0.101 0.106 0.111 0.120 0.130 0.145 0.168 0.208 0.261 0.297 0.314 0.322 0.319 0.300 0.287 0.287 0.301 0.338 0.412 0.540 0.741 1.041 1.292 1.430 1.481 1.477 1.410 1.238 0.930 0.586 0.364 0.233 0.160 0.121 0.102 0.093 0.090
0.001 0.001 0.002 0.003 0.004 0.006 0.007 0.009 0.012 0.015 0.021 0.032 0.045 0.051 0.053 0.050 0.042 0.032 0.026 0.025 0.024 0.025 0.027 0.030 0.034 0.036 0.036 0.036 0.035 0.036 0.037 0.038 0.039 0.040 0.041 0.042 0.045 0.048 0.051 0.053 0.056 0.058 0.062 0.065 0.069 0.073 0.077 0.085 0.098 0.111 0.121 0.131 0.136 0.138 0.141 0.146 0.159 0.185 0.235 0.321 0.457 0.655 0.832 0.931 0.966 0.966 0.920 0.785 0.562 0.363 0.239 0.163 0.120 0.097 0.086 0.083 0.085
0.000 0.000 0.001 0.002 0.002 0.003 0.004 0.006 0.007 0.009 0.012 0.016 0.020 0.022 0.023 0.023 0.022 0.020 0.019 0.019 0.019 0.020 0.022 0.026 0.030 0.032 0.033 0.034 0.034 0.035 0.036 0.036 0.037 0.037 0.036 0.037 0.037 0.038 0.039 0.039 0.040 0.042 0.045 0.047 0.048 0.049 0.050 0.051 0.053 0.057 0.063 0.070 0.079 0.088 0.097 0.107 0.119 0.140 0.177 0.235 0.316 0.423 0.524 0.582 0.597 0.587 0.543 0.458 0.337 0.237 0.171 0.129 0.103 0.089 0.083 0.083 0.088
