RESULTS/r.avaflow_results/13_results/13_ascii/13_hflow30056.asc
ncols 506
nrows 317
xllcenter 498237.50
yllcenter 5580050.00
cellsize 12.50
NODATA_value -9999.000
[rows 170 to 203 of 317, columns 154 to 230 of 506]
4.412 4.991 5.653 6.246 6.728 7.125 7.455 7.723 7.929 8.078 8.176 8.228 8.237 8.190 8.048 7.767 7.338 6.794 6.184 5.548 4.887 4.158 3.400 2.745 2.212 1.807 1.539 1.395 1.339 1.323 1.340 1.388 1.439 1.469 1.496 1.535 1.612 1.685 1.701 1.672 1.588 1.485 1.413 1.348 1.273 1.170 1.021 0.830 0.645 0.478 0.344 0.252 0.195 0.160 0.137 0.124 0.117 0.116 0.119 0.123 0.125 0.126 0.127 0.127 0.128 0.131 0.141 0.170 0.248 0.430 0.726 0.924 0.977 0.941 0.766 0.481 0.272
4.604 5.414 6.362 7.238 7.958 8.553 9.048 9.452 9.772 10.019 10.201 10.324 10.386 10.391 10.311 10.056 9.579 8.899 8.074 7.159 6.200 5.209 4.241 3.392 2.697 2.154 1.770 1.544 1.457 1.456 1.503 1.603 1.681 1.705 1.706 1.700 1.711 1.725 1.718 1.663 1.548 1.416 1.313 1.217 1.108 0.957 0.739 0.501 0.321 0.212 0.150 0.114 0.094 0.083 0.078 0.076 0.079 0.084 0.090 0.093 0.094 0.092 0.090 0.088 0.087 0.089 0.095 0.117 0.171 0.296 0.538 0.786 0.900 0.918 0.859 0.673 0.424
4.825 5.898 7.176 8.438 9.494 10.346 11.030 11.576 12.007 12.349 12.613 12.804 12.918 12.950 12.913 12.689 12.182 11.401 10.416 9.291 8.069 6.786 5.515 4.372 3.415 2.650 2.075 1.704 1.528 1.491 1.529 1.636 1.721 1.740 1.731 1.704 1.682 1.661 1.619 1.515 1.331 1.138 0.979 0.832 0.684 0.510 0.332 0.205 0.131 0.090 0.069 0.057 0.051 0.048 0.048 0.051 0.056 0.064 0.070 0.072 0.072 0.070 0.066 0.064 0.063 0.063 0.068 0.082 0.119 0.200 0.368 0.624 0.818 0.892 0.896 0.827 0.636
4.942 6.196 7.688 9.277 10.678 11.850 12.814 13.582 14.184 14.658 15.028 15.315 15.508 15.589 15.580 15.403 14.928 14.132 13.081 11.852 10.481 8.978 7.390 5.867 4.547 3.450 2.588 1.983 1.636 1.506 1.502 1.569 1.637 1.652 1.637 1.585 1.515 1.442 1.341 1.147 0.873 0.637 0.478 0.368 0.276 0.191 0.125 0.082 0.057 0.044 0.037 0.033 0.032 0.032 0.033 0.036 0.042 0.050 0.055 0.056 0.056 0.054 0.050 0.049 0.048 0.049 0.052 0.061 0.084 0.133 0.236 0.439 0.701 0.857 0.898 0.886 0.797
4.962 6.298 7.890 9.680 11.381 12.856 14.104 15.121 15.920 16.537 17.012 17.394 17.680 17.834 17.861 17.750 17.362 16.653 15.664 14.455 13.065 11.493 9.728 7.817 6.034 4.535 3.335 2.441 1.852 1.538 1.420 1.395 1.406 1.402 1.362 1.268 1.146 1.012 0.847 0.624 0.408 0.271 0.191 0.141 0.104 0.074 0.052 0.038 0.030 0.026 0.024 0.023 0.023 0.023 0.024 0.027 0.032 0.039 0.043 0.044 0.044 0.042 0.040 0.039 0.039 0.040 0.043 0.049 0.062 0.091 0.151 0.278 0.528 0.778 0.879 0.890 0.856
4.898 6.279 7.908 9.768 11.659 13.360 14.839 16.078 17.063 17.811 18.359 18.797 19.159 19.400 19.486 19.451 19.205 18.659 17.779 16.584 15.129 13.448 11.515 9.291 7.110 5.299 3.874 2.808 2.059 1.579 1.309 1.163 1.067 0.979 0.868 0.737 0.617 0.511 0.399 0.271 0.173 0.114 0.080 0.060 0.045 0.035 0.027 0.023 0.020 0.018 0.018 0.017 0.018 0.018 0.019 0.021 0.025 0.030 0.034 0.035 0.035 0.035 0.034 0.034 0.034 0.035 0.038 0.042 0.050 0.067 0.103 0.182 0.353 0.628 0.812 0.865 0.858
4.711 6.126 7.801 9.705 11.682 13.489 15.082 16.432 17.526 18.360 18.938 19.383 19.796 20.130 20.295 20.321 20.209 19.835 19.089 17.932 16.411 14.603 12.504 10.059 7.630 5.640 4.098 2.959 2.144 1.581 1.201 0.932 0.722 0.547 0.412 0.322 0.264 0.218 0.168 0.114 0.076 0.053 0.039 0.031 0.025 0.021 0.018 0.016 0.015 0.014 0.014 0.014 0.014 0.015 0.016 0.017 0.020 0.024 0.027 0.029 0.030 0.030 0.030 0.031 0.032 0.033 0.035 0.038 0.044 0.055 0.078 0.127 0.234 0.447 0.681 0.795 0.825
4.388 5.808 7.520 9.494 11.577 13.445 15.048 16.409 17.532 18.392 18.975 19.404 19.827 20.214 20.425 20.475 20.417 20.128 19.473 18.373 16.834 14.948 12.755 10.215 7.714 5.676 4.111 2.961 2.129 1.515 1.046 0.688 0.433 0.269 0.177 0.131 0.107 0.090 0.071 0.051 0.037 0.029 0.023 0.019 0.016 0.014 0.013 0.012 0.012 0.012 0.012 0.012 0.012 0.012 0.013 0.014 0.016 0.018 0.021 0.024 0.026 0.027 0.028 0.029 0.030 0.032 0.033 0.036 0.040 0.048 0.064 0.096 0.163 0.295 0.502 0.670 0.752
3.946 5.336 7.049 9.083 11.256 13.157 14.744 16.068 17.164 18.007 18.588 19.007 19.405 19.775 19.980 20.028 19.983 19.749 19.166 18.124 16.609 14.706 12.469 9.902 7.442 5.440 3.897 2.754 1.908 1.262 0.765 0.419 0.220 0.121 0.076 0.056 0.047 0.040 0.033 0.027 0.022 0.018 0.016 0.014 0.012 0.011 0.010 0.010 0.010 0.009 0.009 0.009 0.010 0.010 0.010 0.011 0.013 0.015 0.017 0.020 0.022 0.024 0.026 0.028 0.029 0.031 0.033 0.035 0.039 0.045 0.056 0.078 0.120 0.201 0.337 0.504 0.632
3.422 4.735 6.395 8.409 10.596 12.481 14.023 15.266 16.258 17.028 17.620 18.068 18.402 18.635 18.741 18.755 18.690 18.472 17.954 16.981 15.504 13.592 11.336 8.868 6.612 4.753 3.277 2.152 1.329 0.752 0.388 0.191 0.097 0.055 0.037 0.029 0.025 0.022 0.019 0.016 0.014 0.013 0.011 0.010 0.009 0.008 0.008 0.008 0.008 0.007 0.007 0.007 0.008 0.008 0.008 0.009 0.010 0.012 0.014 0.016 0.019 0.022 0.024 0.027 0.028 0.030 0.032 0.035 0.038 0.043 0.052 0.068 0.096 0.148 0.232 0.352 0.480
2.865 4.021 5.541 7.432 9.558 11.394 12.867 14.004 14.869 15.577 16.214 16.720 16.972 17.027 16.994 16.940 16.837 16.584 16.023 14.997 13.459 11.476 9.236 7.060 5.156 3.530 2.187 1.201 0.603 0.293 0.143 0.074 0.043 0.028 0.021 0.018 0.016 0.014 0.013 0.012 0.010 0.010 0.009 0.008 0.007 0.007 0.006 0.006 0.006 0.006 0.006 0.006 0.006 0.006 0.007 0.007 0.009 0.010 0.012 0.014 0.017 0.020 0.023 0.025 0.028 0.030 0.032 0.035 0.038 0.042 0.050 0.063 0.085 0.121 0.177 0.257 0.358
2.337 3.261 4.529 6.194 8.183 9.994 11.421 12.480 13.272 13.977 14.661 15.168 15.342 15.318 15.231 15.134 14.959 14.554 13.762 12.464 10.641 8.380 6.217 4.484 3.093 1.929 1.035 0.479 0.206 0.096 0.052 0.032 0.022 0.017 0.014 0.012 0.011 0.010 0.009 0.009 0.008 0.007 0.006 0.006 0.005 0.005 0.005 0.004 0.004 0.004 0.004 0.004 0.004 0.005 0.006 0.007 0.008 0.009 0.011 0.012 0.015 0.018 0.021 0.024 0.027 0.030 0.032 0.035 0.038 0.042 0.049 0.062 0.082 0.112 0.155 0.215 0.292
1.883 2.595 3.564 4.868 6.559 8.349 9.768 10.821 11.623 12.333 12.959 13.357 13.473 13.459 13.387 13.261 12.974 12.326 11.144 9.345 6.997 4.710 3.079 2.024 1.291 0.737 0.352 0.145 0.064 0.035 0.023 0.017 0.014 0.012 0.010 0.009 0.008 0.008 0.007 0.006 0.006 0.005 0.005 0.004 0.004 0.004 0.003 0.003 0.003 0.003 0.003 0.003 0.004 0.004 0.005 0.006 0.007 0.008 0.010 0.012 0.014 0.017 0.020 0.023 0.027 0.030 0.032 0.035 0.038 0.042 0.050 0.063 0.083 0.112 0.152 0.205 0.272
1.502 2.042 2.755 3.696 4.921 6.444 7.872 8.963 9.773 10.390 10.814 11.033 11.097 11.101 11.035 10.824 10.333 9.341 7.621 5.377 3.321 1.915 1.079 0.628 0.361 0.190 0.089 0.042 0.025 0.017 0.014 0.011 0.010 0.009 0.008 0.007 0.006 0.006 0.005 0.005 0.004 0.004 0.003 0.003 0.003 0.003 0.002 0.002 0.002 0.002 0.003 0.003 0.004 0.004 0.005 0.006 0.007 0.008 0.010 0.011 0.014 0.016 0.020 0.023 0.027 0.030 0.033 0.036 0.040 0.045 0.054 0.068 0.089 0.120 0.162 0.214 0.279
1.183 1.583 2.088 2.726 3.527 4.529 5.676 6.679 7.401 7.829 8.010 8.057 8.031 7.944 7.727 7.293 6.515 5.241 3.582 2.066 1.063 0.512 0.255 0.142 0.082 0.047 0.027 0.018 0.014 0.011 0.009 0.008 0.007 0.006 0.006 0.005 0.004 0.004 0.004 0.003 0.003 0.003 0.002 0.002 0.002 0.002 0.002 0.002 0.002 0.002 0.002 0.003 0.004 0.005 0.005 0.006 0.007 0.009 0.010 0.012 0.014 0.016 0.020 0.023 0.027 0.031 0.035 0.040 0.045 0.052 0.064 0.082 0.109 0.148 0.199 0.263 0.340
0.912 1.199 1.543 1.950 2.423 2.987 3.649 4.236 4.644 4.858 4.916 4.881 4.724 4.420 4.012 3.536 2.898 2.002 1.091 0.505 0.219 0.104 0.058 0.037 0.026 0.018 0.014 0.011 0.009 0.008 0.007 0.006 0.005 0.004 0.004 0.003 0.003 0.003 0.003 0.002 0.002 0.002 0.002 0.002 0.001 0.001 0.001 0.002 0.002 0.002 0.003 0.004 0.005 0.006 0.007 0.008 0.008 0.009 0.011 0.012 0.015 0.018 0.021 0.025 0.029 0.034 0.041 0.048 0.056 0.067 0.084 0.111 0.152 0.213 0.296 0.402 0.530
0.681 0.880 1.111 1.356 1.603 1.869 2.150 2.372 2.497 2.539 2.516 2.433 2.234 1.884 1.513 1.196 0.862 0.483 0.215 0.093 0.047 0.029 0.021 0.016 0.013 0.011 0.009 0.008 0.006 0.005 0.005 0.004 0.003 0.003 0.003 0.002 0.002 0.002 0.002 0.002 0.001 0.001 0.001 0.001 0.001 0.001 0.001 0.002 0.002 0.003 0.005 0.007 0.008 0.009 0.010 0.010 0.011 0.012 0.013 0.015 0.018 0.021 0.025 0.030 0.036 0.043 0.052 0.063 0.075 0.091 0.115 0.155 0.223 0.332 0.492 0.700 0.948
0.490 0.627 0.783 0.923 1.033 1.117 1.169 1.164 1.112 1.052 0.981 0.890 0.751 0.549 0.382 0.269 0.170 0.089 0.043 0.025 0.017 0.014 0.012 0.010 0.008 0.007 0.006 0.005 0.004 0.004 0.003 0.003 0.002 0.002 0.002 0.002 0.001 0.001 0.001 0.001 0.001 0.001 0.001 0.001 0.001 0.001 0.001 0.002 0.004 0.007 0.010 0.012 0.013 0.014 0.014 0.014 0.015 0.016 0.018 0.021 0.025 0.030 0.035 0.042 0.049 0.059 0.070 0.082 0.094 0.110 0.136 0.184 0.279 0.457 0.744 1.133 1.532
0.343 0.438 0.536 0.607 0.642 0.641 0.588 0.485 0.385 0.313 0.260 0.215 0.167 0.114 0.079 0.055 0.036 0.023 0.016 0.012 0.010 0.009 0.008 0.007 0.006 0.005 0.004 0.003 0.003 0.002 0.002 0.002 0.002 0.001 0.001 0.001 0.001 0.001 0.001 0.001 0.001 0.001 0.001 0.001 0.001 0.002 0.003 0.005 0.009 0.013 0.015 0.016 0.017 0.017 0.017 0.017 0.018 0.021 0.025 0.029 0.035 0.041 0.048 0.057 0.065 0.074 0.083 0.092 0.102 0.117 0.142 0.192 0.297 0.509 0.870 1.385 1.881
0.230 0.289 0.338 0.363 0.363 0.332 0.259 0.168 0.108 0.074 0.056 0.044 0.034 0.026 0.020 0.016 0.013 0.011 0.009 0.008 0.007 0.006 0.005 0.004 0.004 0.003 0.003 0.002 0.002 0.002 0.001 0.001 0.001 0.001 0.001 0.001 0.001 0.001 0.001 0.001 0.001 0.001 0.001 0.001 0.002 0.004 0.007 0.011 0.015 0.017 0.018 0.018 0.018 0.018 0.018 0.019 0.020 0.024 0.028 0.034 0.040 0.047 0.056 0.065 0.072 0.079 0.086 0.094 0.103 0.116 0.138 0.184 0.287 0.501 0.876 1.426 1.961
0.141 0.167 0.180 0.180 0.166 0.134 0.086 0.046 0.026 0.017 0.013 0.012 0.010 0.009 0.009 0.008 0.007 0.007 0.006 0.005 0.005 0.004 0.003 0.003 0.002 0.002 0.002 0.001 0.001 0.001 0.001 0.001 0.001 0.001 0.001 0.001 0.001 0.001 0.001 0.001 0.001 0.002 0.002 0.004 0.005 0.009 0.014 0.017 0.019 0.019 0.019 0.018 0.018 0.018 0.018 0.019 0.021 0.024 0.029 0.035 0.041 0.049 0.057 0.066 0.073 0.079 0.085 0.090 0.096 0.103 0.118 0.152 0.233 0.413 0.751 1.270 1.825
0.072 0.077 0.075 0.067 0.054 0.036 0.020 0.011 0.007 0.005 0.005 0.005 0.005 0.005 0.005 0.005 0.005 0.004 0.004 0.004 0.003 0.003 0.002 0.002 0.002 0.001 0.001 0.001 0.001 0.001 0.001 0.001 0.001 0.001 0.001 0.001 0.001 0.002 0.002 0.002 0.003 0.004 0.006 0.008 0.010 0.014 0.018 0.020 0.020 0.020 0.019 0.018 0.018 0.018 0.018 0.019 0.021 0.024 0.028 0.034 0.040 0.047 0.054 0.061 0.067 0.071 0.073 0.075 0.075 0.076 0.079 0.092 0.131 0.229 0.445 0.827 1.325
0.027 0.026 0.022 0.017 0.012 0.007 0.005 0.003 0.002 0.002 0.002 0.003 0.003 0.003 0.003 0.003 0.003 0.003 0.003 0.002 0.002 0.002 0.001 0.001 0.001 0.001 0.001 0.001 0.001 0.001 0.001 0.001 0.001 0.002 0.002 0.002 0.003 0.003 0.004 0.005 0.006 0.008 0.009 0.011 0.014 0.017 0.019 0.020 0.020 0.020 0.019 0.018 0.018 0.018 0.018 0.019 0.020 0.022 0.025 0.028 0.033 0.037 0.041 0.046 0.049 0.050 0.050 0.048 0.046 0.045 0.046 0.049 0.061 0.093 0.175 0.344 0.616
0.007 0.006 0.005 0.004 0.003 0.002 0.002 0.001 0.001 0.001 0.001 0.002 0.002 0.002 0.002 0.002 0.002 0.002 0.002 0.002 0.001 0.001 0.001 0.001 0.001 0.001 0.001 0.001 0.002 0.002 0.002 0.002 0.003 0.003 0.004 0.005 0.005 0.006 0.007 0.008 0.009 0.009 0.010 0.012 0.014 0.017 0.019 0.020 0.020 0.019 0.019 0.017 0.017 0.016 0.016 0.016 0.017 0.017 0.017 0.017 0.018 0.020 0.023 0.026 0.028 0.029 0.029 0.029 0.028 0.028 0.028 0.029 0.033 0.043 0.067 0.122 0.222
0.002 0.002 0.001 0.001 0.001 0.001 0.001 0.001 0.001 0.001 0.001 0.001 0.001 0.001 0.001 0.001 0.001 0.001 0.001 0.001 0.001 0.001 0.001 0.001 0.001 0.002 0.002 0.003 0.003 0.004 0.005 0.005 0.006 0.007 0.007 0.008 0.008 0.008 0.009 0.009 0.009 0.010 0.011 0.012 0.014 0.017 0.018 0.018 0.018 0.018 0.017 0.015 0.014 0.013 0.012 0.011 0.010 0.009 0.009 0.009 0.009 0.010 0.012 0.015 0.017 0.018 0.018 0.018 0.018 0.019 0.019 0.020 0.021 0.025 0.032 0.049 0.080
0.001 0.001 0.001 0.001 0.001 0.001 0.001 0.001 0.001 0.001 0.001 0.001 0.001 0.001 0.001 0.001 0.001 0.001 0.001 0.001 0.001 0.001 0.001 0.002 0.002 0.003 0.005 0.006 0.007 0.007 0.008 0.008 0.009 0.009 0.009 0.009 0.009 0.009 0.009 0.009 0.009 0.010 0.010 0.011 0.013 0.014 0.014 0.014 0.013 0.013 0.011 0.010 0.008 0.007 0.006 0.005 0.005 0.004 0.004 0.005 0.005 0.006 0.008 0.009 0.011 0.011 0.012 0.012 0.013 0.013 0.013 0.014 0.015 0.017 0.020 0.026 0.036
0.001 0.001 0.001 0.001 0.001 0.001 0.001 0.001 0.001 0.001 0.001 0.001 0.001 0.001 0.001 0.001 0.001 0.001 0.001 0.001 0.001 0.002 0.002 0.004 0.005 0.007 0.008 0.009 0.009 0.009 0.009 0.009 0.009 0.010 0.010 0.010 0.009 0.009 0.009 0.009 0.009 0.009 0.009 0.009 0.009 0.008 0.008 0.007 0.006 0.006 0.005 0.004 0.004 0.003 0.003 0.002 0.002 0.002 0.002 0.003 0.003 0.004 0.005 0.006 0.007 0.008 0.008 0.008 0.009 0.009 0.010 0.010 0.011 0.012 0.014 0.017 0.021
0.001 0.001 0.001 0.001 0.001 0.001 0.001 0.001 0.001 0.001 0.001 0.001 0.001 0.001 0.001 0.001 0.001 0.001 0.001 0.001 0.002 0.003 0.005 0.006 0.008 0.009 0.010 0.010 0.010 0.010 0.010 0.009 0.010 0.010 0.010 0.010 0.009 0.009 0.009 0.008 0.008 0.007 0.006 0.005 0.004 0.004 0.003 0.003 0.002 0.002 0.002 0.002 0.002 0.001 0.001 0.001 0.001 0.001 0.001 0.002 0.002 0.002 0.003 0.004 0.004 0.005 0.005 0.006 0.006 0.006 0.007 0.007 0.008 0.009 0.010 0.012 0.014
0.001 0.001 0.001 0.001 0.001 0.001 0.001 0.001 0.001 0.001 0.001 0.001 0.001 0.001 0.001 0.001 0.001 0.001 0.002 0.002 0.003 0.005 0.006 0.008 0.009 0.010 0.010 0.010 0.010 0.010 0.010 0.009 0.009 0.009 0.009 0.009 0.009 0.009 0.008 0.007 0.006 0.005 0.003 0.002 0.002 0.001 0.001 0.001 0.001 0.001 0.001 0.001 0.001 0.001 0.001 0.001 0.001 0.001 0.001 0.001 0.001 0.001 0.002 0.002 0.003 0.003 0.003 0.003 0.004 0.004 0.004 0.005 0.005 0.006 0.007 0.008 0.010
0.000 0.000 0.000 0.000 0.000 0.000 0.001 0.001 0.001 0.001 0.001 0.001 0.001 0.001 0.001 0.001 0.001 0.001 0.002 0.003 0.004 0.006 0.007 0.008 0.009 0.010 0.010 0.010 0.010 0.010 0.009 0.009 0.009 0.009 0.009 0.008 0.008 0.007 0.006 0.005 0.003 0.002 0.002 0.001 0.001 0.001 0.001 0.001 0.001 0.001 0.001 0.001 0.001 0.001 0.000 0.000 0.000 0.000 0.000 0.000 0.000 0.000 0.001 0.001 0.001 0.001 0.001 0.002 0.002 0.002 0.002 0.003 0.003 0.004 0.005 0.006 0.007
0.000 0.000 0.000 0.000 0.000 0.000 0.000 0.000 0.000 0.001 0.001 0.001 0.001 0.001 0.001 0.001 0.001 0.002 0.002 0.003 0.004 0.006 0.007 0.008 0.009 0.009 0.010 0.010 0.010 0.009 0.009 0.008 0.008 0.007 0.007 0.006 0.005 0.004 0.003 0.002 0.002 0.001 0.001 0.001 0.001 0.001 0.001 0.001 0.001 0.001 0.000 0.000 0.000 0.000 0.000 0.000 0.000 0.000 0.000 0.000 0.000 0.000 0.000 0.000 0.000 0.000 0.000 0.001 0.001 0.001 0.001 0.001 0.002 0.002 0.003 0.004 0.005
0.000 0.000 0.000 0.000 0.000 0.000 0.000 0.000 0.000 0.000 0.001 0.001 0.001 0.001 0.001 0.001 0.001 0.002 0.002 0.003 0.004 0.006 0.007 0.008 0.008 0.009 0.009 0.009 0.009 0.008 0.008 0.007 0.006 0.005 0.004 0.003 0.003 0.002 0.001 0.001 0.001 0.001 0.001 0.001 0.001 0.001 0.000 0.000 0.000 0.000 0.000 0.000 0.000 0.000 0.000 0.000 0.000 0.000 0.000 0.000 0.000 0.000 0.000 0.000 0.000 0.000 0.000 0.000 0.000 0.000 0.000 0.000 0.001 0.001 0.001 0.002 0.003
0.000 0.000 0.000 0.000 0.000 0.000 0.000 0.000 0.000 0.000 0.000 0.001 0.001 0.001 0.001 0.001 0.001 0.002 0.002 0.003 0.004 0.005 0.006 0.007 0.007 0.007 0.007 0.007 0.007 0.006 0.006 0.005 0.004 0.003 0.002 0.001 0.001 0.001 0.001 0.001 0.001 0.001 0.001 0.000 0.000 0.000 0.000 0.000 0.000 0.000 0.000 0.000 0.000 0.000 0.000 0.000 0.000 0.000 0.000 0.000 0.000 0.000 0.000 0.000 0.000 0.000 0.000 0.000 0.000 0.000 0.000 0.000 0.000 0.000 0.001 0.001 0.002
0.000 0.000 0.000 0.000 0.000 0.000 0.000 0.000 0.000 0.000 0.000 0.000 0.001 0.001 0.001 0.001 0.001 0.002 0.002 0.003 0.004 0.004 0.005 0.005 0.005 0.005 0.004 0.004 0.004 0.003 0.003 0.003 0.002 0.001 0.001 0.001 0.001 0.001 0.001 0.001 0.000 0.000 0.000 0.000 0.000 0.000 0.000 0.000 0.000 0.000 0.000 0.000 0.000 0.000 0.000 0.000 0.000 0.000 0.000 0.000 0.000 0.000 0.000 0.000 0.000 0.000 0.000 0.000 0.000 0.000 0.000 0.000 0.000 0.000 0.000 0.000 0.001
