RESULTS/r.avaflow_results/13_results/13_ascii/13_hflow10035.asc
ncols 506
nrows 317
xllcenter 498237.50
yllcenter 5580050.00
cellsize 12.50
NODATA_value -9999.000
[rows 204 to 237 of 317, columns 77 to 153 of 506]
0.092 0.078 0.060 0.046 0.036 0.031 0.030 0.034 0.076 0.372 1.750 4.955 8.453 10.596 12.176 13.740 15.326 16.881 18.453 19.756 20.896 21.952 22.744 23.255 23.510 23.442 23.377 23.349 23.070 22.806 22.377 21.674 20.922 20.081 19.171 18.470 17.967 17.527 17.245 17.023 16.829 16.756 16.549 16.066 15.490 14.563 13.507 12.443 11.224 9.975 8.674 7.320 6.038 4.846 3.736 2.746 1.890 1.193 0.665 0.315 0.126 0.044 0.014 0.004 0.001 0.001 0.000 0.000 0.000 0.000 0.000 0.000 0.001 0.001 0.002 0.008 0.029
0.089 0.075 0.060 0.048 0.040 0.036 0.036 0.039 0.065 0.277 1.421 4.488 8.373 10.765 12.309 13.795 15.316 16.832 18.242 19.364 20.342 21.152 21.783 22.364 22.615 22.629 22.583 22.536 22.198 21.897 21.491 20.776 20.009 19.127 18.073 17.184 16.544 15.927 15.470 15.202 14.984 14.860 14.655 14.271 13.731 12.869 11.798 10.631 9.288 7.932 6.618 5.302 4.036 2.877 1.903 1.157 0.634 0.308 0.130 0.049 0.017 0.006 0.002 0.001 0.001 0.000 0.000 0.000 0.000 0.000 0.000 0.000 0.001 0.002 0.006 0.019 0.052
0.090 0.075 0.062 0.053 0.048 0.046 0.045 0.045 0.050 0.134 0.851 3.426 7.649 10.578 12.262 13.685 15.072 16.467 17.686 18.612 19.444 20.080 20.443 20.828 21.046 21.176 21.151 21.124 20.776 20.492 20.200 19.589 18.847 18.008 16.884 15.812 14.974 14.197 13.604 13.222 12.937 12.769 12.553 12.272 11.808 11.040 10.006 8.756 7.331 5.870 4.485 3.220 2.128 1.268 0.670 0.309 0.126 0.048 0.017 0.006 0.002 0.001 0.001 0.000 0.000 0.000 0.000 0.000 0.000 0.000 0.000 0.000 0.001 0.003 0.010 0.027 0.066
0.100 0.081 0.071 0.065 0.062 0.059 0.055 0.052 0.051 0.071 0.378 2.156 6.241 9.920 11.905 13.339 14.570 15.684 16.659 17.404 18.045 18.398 18.488 18.781 19.036 19.162 19.121 19.066 18.777 18.575 18.329 17.842 17.246 16.474 15.438 14.301 13.295 12.368 11.643 11.146 10.791 10.574 10.389 10.151 9.748 9.053 8.102 6.831 5.260 3.719 2.446 1.471 0.782 0.359 0.143 0.052 0.018 0.006 0.002 0.001 0.001 0.000 0.000 0.000 0.000 0.000 0.000 0.000 0.000 0.000 0.000 0.000 0.001 0.004 0.012 0.030 0.068
0.135 0.106 0.093 0.086 0.081 0.073 0.065 0.058 0.055 0.058 0.155 1.121 4.381 8.665 11.114 12.667 13.827 14.726 15.473 16.009 16.396 16.478 16.339 16.422 16.558 16.788 16.806 16.730 16.490 16.310 16.122 15.749 15.312 14.671 13.762 12.653 11.533 10.479 9.626 8.986 8.544 8.262 8.099 7.913 7.638 7.060 6.131 4.726 3.124 1.851 0.983 0.450 0.177 0.062 0.021 0.007 0.002 0.001 0.001 0.001 0.000 0.000 0.000 0.000 0.000 0.000 0.000 0.000 0.000 0.000 0.000 0.000 0.001 0.005 0.012 0.029 0.062
0.214 0.164 0.137 0.121 0.106 0.090 0.076 0.066 0.061 0.061 0.082 0.467 2.527 6.661 9.870 11.707 12.918 13.727 14.258 14.504 14.640 14.408 13.932 13.853 13.943 14.152 14.178 14.103 13.841 13.605 13.428 13.146 12.859 12.444 11.738 10.794 9.706 8.564 7.584 6.746 6.077 5.623 5.365 5.179 4.994 4.563 3.699 2.461 1.367 0.651 0.259 0.089 0.029 0.009 0.003 0.001 0.001 0.001 0.001 0.001 0.000 0.000 0.000 0.000 0.000 0.000 0.000 0.000 0.000 0.000 0.000 0.000 0.001 0.004 0.009 0.021 0.042
0.357 0.273 0.217 0.179 0.145 0.114 0.092 0.078 0.071 0.069 0.074 0.164 1.102 4.111 8.033 10.553 11.998 12.759 13.145 13.195 13.033 12.368 11.436 11.026 11.071 11.224 11.293 11.281 11.075 10.784 10.553 10.311 10.073 9.775 9.292 8.580 7.630 6.484 5.366 4.386 3.568 2.967 2.603 2.403 2.246 1.995 1.507 0.857 0.393 0.151 0.049 0.015 0.004 0.001 0.001 0.001 0.001 0.001 0.001 0.000 0.000 0.000 0.000 0.000 0.000 0.000 0.000 0.000 0.000 0.000 0.000 0.000 0.001 0.002 0.004 0.009 0.017
0.573 0.456 0.355 0.277 0.211 0.157 0.120 0.099 0.090 0.087 0.088 0.100 0.355 1.836 5.394 9.038 11.001 11.791 11.995 11.824 11.286 10.372 9.227 8.355 8.015 7.977 8.055 8.195 8.294 8.209 8.002 7.671 7.233 6.805 6.387 5.861 5.167 4.282 3.328 2.486 1.789 1.281 0.966 0.786 0.661 0.541 0.368 0.181 0.077 0.028 0.008 0.002 0.001 0.001 0.001 0.001 0.001 0.001 0.001 0.001 0.000 0.000 0.000 0.000 0.000 0.000 0.000 0.000 0.000 0.000 0.000 0.000 0.000 0.001 0.001 0.003 0.005
0.860 0.727 0.581 0.448 0.331 0.236 0.171 0.137 0.123 0.119 0.119 0.123 0.152 0.613 2.669 6.535 9.412 10.484 10.609 10.346 9.818 9.092 8.083 6.909 6.136 5.863 5.871 6.073 6.408 6.526 6.410 6.013 5.366 4.794 4.368 3.934 3.441 2.837 2.139 1.503 0.987 0.614 0.377 0.234 0.151 0.102 0.061 0.030 0.013 0.005 0.001 0.001 0.001 0.001 0.001 0.001 0.001 0.001 0.001 0.001 0.000 0.000 0.000 0.000 0.000 0.000 0.000 0.000 0.000 0.000 0.000 0.000 0.000 0.000 0.001 0.001 0.001
1.215 1.083 0.913 0.726 0.538 0.378 0.266 0.205 0.179 0.171 0.169 0.168 0.175 0.235 0.926 3.369 6.551 8.316 8.987 9.206 9.154 8.845 8.095 6.828 5.776 5.313 5.270 5.457 5.896 6.111 6.026 5.599 4.839 4.148 3.700 3.300 2.884 2.412 1.868 1.333 0.874 0.506 0.248 0.100 0.038 0.017 0.009 0.005 0.002 0.001 0.001 0.000 0.001 0.001 0.001 0.001 0.001 0.001 0.001 0.001 0.000 0.000 0.000 0.000 0.000 0.000 0.000 0.000 0.000 0.000 0.000 0.000 0.000 0.000 0.000 0.000 0.001
1.644 1.518 1.343 1.123 0.867 0.620 0.436 0.328 0.275 0.253 0.242 0.233 0.227 0.239 0.363 1.287 3.644 6.259 8.057 8.987 9.287 9.476 9.178 7.828 6.349 5.606 5.486 5.652 6.117 6.379 6.290 5.827 5.012 4.235 3.736 3.323 2.904 2.452 1.947 1.432 0.953 0.518 0.203 0.053 0.010 0.003 0.001 0.001 0.001 0.000 0.000 0.000 0.000 0.000 0.001 0.001 0.001 0.001 0.001 0.000 0.000 0.000 0.000 0.000 0.000 0.000 0.000 0.000 0.000 0.000 0.000 0.000 0.000 0.000 0.000 0.000 0.000
2.146 2.029 1.857 1.625 1.326 0.985 0.711 0.533 0.438 0.388 0.356 0.330 0.310 0.304 0.352 0.723 2.301 5.408 7.966 9.543 10.078 10.058 9.537 8.091 6.449 5.567 5.380 5.516 5.966 6.282 6.228 5.778 4.930 4.070 3.497 3.040 2.612 2.185 1.740 1.293 0.854 0.437 0.141 0.022 0.002 0.001 0.001 0.000 0.000 0.000 0.000 0.000 0.000 0.001 0.001 0.001 0.001 0.001 0.001 0.000 0.000 0.000 0.000 0.000 0.000 0.000 0.000 0.000 0.000 0.000 0.000 0.000 0.000 0.000 0.000 0.000 0.000
2.717 2.612 2.449 2.217 1.893 1.473 1.099 0.844 0.694 0.605 0.540 0.489 0.457 0.446 0.479 0.764 2.141 5.445 8.225 9.619 9.891 9.262 8.046 6.432 4.939 4.054 3.774 3.815 4.134 4.495 4.547 4.236 3.494 2.639 2.045 1.616 1.273 0.992 0.758 0.549 0.343 0.152 0.038 0.004 0.000 0.001 0.001 0.000 0.000 0.000 0.000 0.000 0.000 0.001 0.001 0.001 0.001 0.001 0.001 0.000 0.000 0.000 0.000 0.000 0.000 0.000 0.000 0.000 0.000 0.000 0.000 0.000 0.000 0.000 0.000 0.000 0.000
3.354 3.270 3.126 2.894 2.542 2.061 1.598 1.267 1.056 0.925 0.834 0.770 0.738 0.765 0.925 1.386 2.686 5.367 7.176 7.519 6.933 5.804 4.349 2.960 2.025 1.518 1.335 1.320 1.420 1.620 1.698 1.612 1.290 0.857 0.570 0.389 0.264 0.180 0.126 0.084 0.047 0.018 0.004 0.001 0.001 0.001 0.001 0.000 0.000 0.000 0.000 0.000 0.000 0.001 0.001 0.001 0.001 0.001 0.000 0.000 0.000 0.000 0.000 0.000 0.000 0.000 0.000 0.000 0.000 0.000 0.000 0.000 0.000 0.000 0.000 0.000 0.000
4.074 4.004 3.862 3.617 3.234 2.711 2.195 1.804 1.542 1.388 1.311 1.301 1.408 1.674 2.207 2.754 3.305 3.819 3.510 2.935 2.312 1.774 1.240 0.797 0.509 0.354 0.294 0.283 0.295 0.349 0.387 0.383 0.318 0.201 0.121 0.072 0.041 0.024 0.015 0.010 0.005 0.002 0.001 0.001 0.001 0.001 0.001 0.001 0.000 0.000 0.000 0.000 0.000 0.001 0.001 0.001 0.001 0.001 0.000 0.000 0.000 0.000 0.000 0.000 0.000 0.000 0.000 0.000 0.000 0.000 0.000 0.000 0.000 0.000 0.000 0.000 0.000
4.819 4.726 4.549 4.267 3.867 3.366 2.880 2.492 2.230 2.144 2.251 2.525 3.017 3.447 3.621 3.432 2.923 2.079 1.250 0.770 0.545 0.408 0.287 0.182 0.109 0.068 0.051 0.047 0.048 0.057 0.069 0.072 0.064 0.042 0.023 0.012 0.006 0.003 0.002 0.001 0.001 0.001 0.001 0.001 0.001 0.001 0.000 0.000 0.001 0.000 0.000 0.000 0.000 0.001 0.001 0.001 0.001 0.001 0.000 0.000 0.000 0.000 0.000 0.000 0.000 0.000 0.000 0.000 0.000 0.000 0.000 0.000 0.000 0.000 0.000 0.000 0.000
5.517 5.391 5.157 4.820 4.440 4.046 3.680 3.469 3.443 3.660 4.237 4.728 4.897 4.582 3.970 3.203 2.283 1.333 0.723 0.421 0.270 0.181 0.117 0.069 0.035 0.017 0.010 0.007 0.006 0.007 0.010 0.011 0.010 0.008 0.004 0.002 0.001 0.001 0.001 0.001 0.001 0.001 0.001 0.001 0.001 0.001 0.001 0.000 0.000 0.001 0.000 0.000 0.000 0.000 0.001 0.001 0.001 0.001 0.000 0.000 0.000 0.000 0.000 0.000 0.000 0.000 0.000 0.000 0.000 0.000 0.000 0.000 0.000 0.000 0.000 0.000 0.000
6.118 5.948 5.683 5.313 4.985 4.817 4.849 5.184 5.751 6.229 6.512 6.320 5.710 4.771 3.739 2.706 1.766 1.059 0.628 0.388 0.247 0.158 0.097 0.053 0.024 0.010 0.004 0.002 0.001 0.001 0.001 0.001 0.001 0.001 0.001 0.001 0.001 0.001 0.001 0.001 0.001 0.001 0.001 0.001 0.001 0.001 0.001 0.000 0.000 0.000 0.001 0.001 0.000 0.000 0.000 0.001 0.001 0.001 0.000 0.000 0.000 0.000 0.000 0.000 0.000 0.000 0.000 0.000 0.000 0.000 0.000 0.000 0.000 0.000 0.000 0.000 0.000
6.648 6.433 6.160 5.815 5.581 5.760 6.923 7.903 8.263 8.220 7.809 7.047 5.992 4.697 3.458 2.416 1.593 1.005 0.633 0.403 0.258 0.163 0.097 0.050 0.021 0.008 0.003 0.001 0.001 0.001 0.000 0.000 0.000 0.000 0.000 0.000 0.000 0.000 0.000 0.001 0.001 0.001 0.001 0.001 0.001 0.001 0.001 0.000 0.000 0.000 0.000 0.000 0.000 0.000 0.000 0.000 0.001 0.001 0.000 0.000 0.000 0.000 0.000 0.000 0.000 0.000 0.000 0.000 0.000 0.000 0.000 0.000 0.000 0.000 0.000 0.000 0.000
7.147 6.891 6.634 6.425 6.402 7.197 9.113 9.941 9.785 9.339 8.610 7.533 6.147 4.647 3.353 2.337 1.581 1.047 0.696 0.463 0.299 0.182 0.101 0.048 0.019 0.007 0.003 0.001 0.001 0.000 0.000 0.000 0.000 0.000 0.000 0.000 0.000 0.000 0.000 0.001 0.001 0.001 0.001 0.001 0.001 0.001 0.001 0.001 0.000 0.000 0.000 0.000 0.000 0.000 0.000 0.000 0.000 0.001 0.000 0.000 0.000 0.000 0.000 0.000 0.000 0.000 0.000 0.000 0.000 0.000 0.000 0.000 0.000 0.000 0.000 0.000 0.000
7.623 7.339 7.144 7.167 7.847 9.529 10.861 10.996 10.685 10.056 9.128 7.860 6.270 4.659 3.352 2.373 1.689 1.208 0.854 0.585 0.375 0.214 0.105 0.045 0.017 0.006 0.003 0.001 0.001 0.000 0.000 0.000 0.000 0.000 0.000 0.000 0.000 0.000 0.001 0.001 0.001 0.001 0.001 0.001 0.001 0.001 0.001 0.001 0.000 0.000 0.000 0.001 0.001 0.001 0.001 0.000 0.000 0.001 0.000 0.000 0.000 0.000 0.000 0.000 0.000 0.000 0.000 0.000 0.000 0.000 0.000 0.000 0.000 0.000 0.000 0.000 0.000
8.078 7.785 7.626 8.042 9.953 11.633 11.931 11.688 11.207 10.424 9.380 8.050 6.401 4.775 3.507 2.619 2.004 1.533 1.130 0.772 0.465 0.235 0.101 0.039 0.014 0.005 0.002 0.001 0.000 0.000 0.000 0.000 0.000 0.000 0.000 0.000 0.000 0.000 0.001 0.001 0.001 0.001 0.001 0.001 0.001 0.001 0.001 0.001 0.001 0.000 0.000 0.001 0.001 0.001 0.001 0.001 0.000 0.000 0.000 0.000 0.000 0.000 0.000 0.000 0.000 0.000 0.000 0.000 0.000 0.000 0.000 0.000 0.000 0.000 0.000 0.000 0.000
8.523 8.265 8.223 9.191 11.565 12.562 12.477 12.135 11.537 10.658 9.527 8.163 6.525 5.037 3.927 3.156 2.550 1.994 1.449 0.937 0.515 0.234 0.090 0.031 0.010 0.004 0.002 0.001 0.000 0.000 0.000 0.000 0.000 0.000 0.000 0.000 0.000 0.000 0.000 0.001 0.001 0.001 0.001 0.001 0.001 0.001 0.001 0.001 0.001 0.001 0.000 0.001 0.001 0.001 0.001 0.001 0.000 0.000 0.000 0.000 0.000 0.000 0.000 0.000 0.000 0.000 0.000 0.000 0.000 0.000 0.000 0.000 0.000 0.000 0.000 0.000 0.000
8.940 8.833 9.277 10.958 12.564 12.880 12.725 12.347 11.699 10.757 9.595 8.240 6.691 5.423 4.482 3.734 3.029 2.322 1.629 1.004 0.520 0.218 0.074 0.023 0.007 0.003 0.002 0.001 0.000 0.000 0.000 0.000 0.000 0.000 0.000 0.000 0.000 0.000 0.000 0.001 0.001 0.001 0.001 0.001 0.001 0.001 0.001 0.001 0.001 0.001 0.001 0.000 0.001 0.001 0.001 0.001 0.000 0.000 0.000 0.000 0.000 0.000 0.000 0.000 0.000 0.000 0.000 0.000 0.000 0.000 0.000 0.000 0.000 0.000 0.000 0.000 0.000
9.406 9.749 11.159 12.586 12.945 12.966 12.764 12.357 11.662 10.749 9.673 8.370 6.952 5.816 4.903 4.092 3.277 2.453 1.667 0.991 0.485 0.183 0.055 0.015 0.006 0.003 0.002 0.001 0.000 0.000 0.000 0.000 0.000 0.000 0.000 0.000 0.000 0.000 0.001 0.001 0.001 0.001 0.000 0.000 0.001 0.001 0.001 0.001 0.001 0.001 0.001 0.001 0.001 0.001 0.001 0.001 0.001 0.000 0.000 0.000 0.000 0.000 0.000 0.000 0.000 0.000 0.000 0.000 0.000 0.000 0.000 0.000 0.000 0.000 0.000 0.000 0.000
10.034 11.378 12.905 13.303 13.191 13.088 12.781 12.355 11.648 10.756 9.766 8.587 7.302 6.204 5.229 4.319 3.380 2.456 1.603 0.886 0.386 0.125 0.035 0.011 0.005 0.003 0.002 0.001 0.000 0.000 0.000 0.000 0.000 0.000 0.000 0.000 0.000 0.000 0.000 0.000 0.000 0.000 0.000 0.000 0.000 0.001 0.000 0.000 0.000 0.000 0.000 0.000 0.001 0.001 0.001 0.001 0.001 0.001 0.000 0.000 0.000 0.000 0.000 0.000 0.000 0.000 0.000 0.000 0.000 0.000 0.000 0.000 0.000 0.000 0.000 0.000 0.000
11.004 12.817 13.675 13.640 13.468 13.219 12.826 12.337 11.600 10.718 9.800 8.744 7.589 6.532 5.496 4.473 3.406 2.367 1.422 0.687 0.254 0.078 0.025 0.010 0.005 0.003 0.002 0.001 0.000 0.000 0.000 0.000 0.000 0.000 0.000 0.000 0.000 0.000 0.000 0.000 0.000 0.000 0.000 0.000 0.000 0.000 0.000 0.000 0.000 0.000 0.000 0.000 0.000 0.000 0.001 0.001 0.001 0.001 0.001 0.001 0.000 0.000 0.000 0.000 0.000 0.000 0.000 0.000 0.000 0.000 0.000 0.000 0.000 0.000 0.000 0.000 0.000
12.712 13.868 14.048 13.944 13.739 13.341 12.871 12.349 11.608 10.737 9.828 8.824 7.772 6.751 5.679 4.553 3.357 2.195 1.199 0.522 0.182 0.060 0.022 0.009 0.005 0.003 0.001 0.001 0.000 0.000 0.000 0.000 0.000 0.000 0.000 0.000 0.000 0.000 0.000 0.001 0.001 0.001 0.000 0.000 0.000 0.000 0.000 0.000 0.001 0.001 0.001 0.000 0.000 0.000 0.000 0.001 0.001 0.001 0.001 0.001 0.001 0.000 0.000 0.000 0.000 0.000 0.000 0.000 0.000 0.000 0.000 0.000 0.000 0.000 0.000 0.000 0.000
14.125 14.384 14.335 14.260 14.096 13.676 13.137 12.556 11.801 10.903 9.923 8.918 7.917 6.889 5.765 4.558 3.261 2.025 1.044 0.434 0.151 0.053 0.020 0.009 0.004 0.002 0.001 0.001 0.000 0.000 0.000 0.000 0.000 0.000 0.000 0.000 0.000 0.000 0.000 0.001 0.001 0.001 0.001 0.000 0.000 0.000 0.000 0.000 0.001 0.001 0.001 0.001 0.001 0.001 0.001 0.001 0.001 0.001 0.001 0.001 0.001 0.001 0.000 0.000 0.000 0.000 0.000 0.000 0.000 0.000 0.000 0.000 0.000 0.000 0.000 0.000 0.000
14.600 14.615 14.572 14.498 14.399 14.080 13.529 12.866 12.044 11.077 10.050 9.051 8.052 6.975 5.799 4.524 3.129 1.867 0.929 0.378 0.135 0.049 0.019 0.008 0.004 0.002 0.001 0.000 0.000 0.000 0.000 0.000 0.000 0.000 0.000 0.000 0.000 0.000 0.000 0.001 0.001 0.001 0.001 0.000 0.000 0.001 0.000 0.000 0.001 0.001 0.001 0.001 0.001 0.001 0.001 0.001 0.001 0.001 0.001 0.001 0.001 0.001 0.001 0.000 0.000 0.000 0.000 0.000 0.000 0.000 0.000 0.000 0.000 0.000 0.000 0.000 0.000
14.697 14.684 14.639 14.613 14.584 14.347 13.896 13.240 12.348 11.301 10.203 9.153 8.109 6.998 5.778 4.424 2.964 1.710 0.826 0.331 0.120 0.044 0.017 0.007 0.003 0.001 0.001 0.000 0.000 0.000 0.000 0.000 0.000 0.000 0.000 0.000 0.000 0.000 0.001 0.001 0.001 0.001 0.000 0.000 0.000 0.000 0.000 0.000 0.001 0.001 0.001 0.001 0.001 0.001 0.001 0.001 0.001 0.001 0.001 0.001 0.001 0.001 0.001 0.001 0.000 0.000 0.000 0.000 0.000 0.000 0.000 0.000 0.000 0.000 0.000 0.000 0.000
14.678 14.690 14.658 14.638 14.646 14.494 14.114 13.490 12.619 11.543 10.348 9.214 8.114 6.966 5.699 4.264 2.769 1.551 0.726 0.283 0.102 0.037 0.014 0.005 0.002 0.001 0.001 0.000 0.000 0.000 0.000 0.000 0.000 0.000 0.000 0.000 0.000 0.000 0.001 0.001 0.001 0.001 0.000 0.000 0.000 0.000 0.000 0.000 0.001 0.001 0.001 0.001 0.001 0.001 0.001 0.001 0.001 0.001 0.001 0.001 0.001 0.001 0.001 0.001 0.001 0.000 0.000 0.000 0.000 0.000 0.000 0.000 0.000 0.000 0.000 0.000 0.000
14.660 14.629 14.628 14.640 14.663 14.549 14.194 13.620 12.759 11.645 10.398 9.199 8.046 6.843 5.526 4.034 2.541 1.370 0.610 0.224 0.075 0.025 0.008 0.003 0.001 0.001 0.001 0.001 0.000 0.000 0.000 0.000 0.000 0.000 0.000 0.000 0.000 0.000 0.001 0.001 0.001 0.001 0.000 0.000 0.000 0.000 0.001 0.000 0.001 0.001 0.001 0.001 0.001 0.001 0.001 0.001 0.001 0.001 0.001 0.001 0.001 0.001 0.001 0.001 0.001 0.001 0.000 0.000 0.000 0.000 0.000 0.000 0.000 0.000 0.000 0.000 0.000
14.552 14.450 14.416 14.428 14.437 14.363 14.097 13.580 12.701 11.591 10.339 9.042 7.797 6.511 5.129 3.607 2.174 1.090 0.434 0.136 0.038 0.011 0.003 0.001 0.001 0.001 0.001 0.001 0.001 0.000 0.000 0.000 0.000 0.000 0.000 0.000 0.000 0.000 0.000 0.000 0.000 0.000 0.000 0.000 0.000 0.000 0.000 0.000 0.000 0.001 0.001 0.001 0.001 0.001 0.001 0.001 0.001 0.001 0.001 0.001 0.001 0.001 0.001 0.001 0.001 0.001 0.001 0.000 0.000 0.000 0.000 0.000 0.000 0.000 0.000 0.000 0.000
