RESULTS/r.avaflow_results/13_results/13_ascii/13_hflow1_max.asc
ncols 506
nrows 317
xllcenter 498237.50
yllcenter 5580050.00
cellsize 12.50
NODATA_value -9999.000
[rows 170 to 203 of 317, columns 154 to 230 of 506]
14.369 12.791 11.333 9.993 8.789 7.689 6.730 5.884 5.140 4.482 3.897 3.384 2.924 2.513 2.147 1.820 1.530 1.273 1.047 0.852 0.683 0.538 0.416 0.316 0.236 0.176 0.136 0.116 0.106 0.097 0.095 0.097 0.097 0.096 0.095 0.095 0.094 0.093 0.091 0.086 0.079 0.073 0.068 0.064 0.059 0.056 0.054 0.050 0.045 0.040 0.034 0.028 0.022 0.017 0.013 0.010 0.009 0.007 0.006 0.006 0.006 0.006 0.006 0.005 0.005 0.005 0.006 0.007 0.011 0.019 0.027 0.031 0.032 0.031 0.035 0.040 0.041
15.524 13.921 12.397 10.965 9.689 8.508 7.472 6.555 5.733 5.012 4.373 3.809 3.303 2.849 2.441 2.074 1.748 1.461 1.207 0.984 0.788 0.620 0.477 0.360 0.266 0.194 0.145 0.116 0.106 0.099 0.099 0.101 0.102 0.101 0.099 0.097 0.095 0.094 0.091 0.086 0.079 0.073 0.067 0.062 0.055 0.053 0.049 0.043 0.036 0.027 0.020 0.014 0.010 0.008 0.007 0.006 0.005 0.004 0.004 0.005 0.005 0.004 0.004 0.004 0.004 0.004 0.004 0.005 0.007 0.013 0.021 0.027 0.029 0.029 0.030 0.033 0.037
16.418 14.811 13.235 11.751 10.422 9.192 8.095 7.119 6.246 5.474 4.785 4.177 3.630 3.140 2.696 2.297 1.943 1.629 1.352 1.108 0.894 0.708 0.548 0.413 0.303 0.218 0.157 0.119 0.106 0.099 0.097 0.100 0.102 0.102 0.100 0.097 0.094 0.091 0.089 0.085 0.079 0.072 0.064 0.055 0.046 0.041 0.035 0.027 0.019 0.012 0.009 0.007 0.006 0.005 0.004 0.003 0.003 0.004 0.004 0.004 0.004 0.004 0.003 0.003 0.003 0.003 0.003 0.003 0.005 0.008 0.015 0.022 0.027 0.029 0.029 0.029 0.031
17.039 15.429 13.851 12.339 10.982 9.733 8.605 7.592 6.684 5.868 5.145 4.494 3.914 3.393 2.919 2.491 2.111 1.772 1.474 1.212 0.984 0.785 0.614 0.469 0.347 0.250 0.176 0.128 0.106 0.099 0.095 0.095 0.097 0.097 0.096 0.095 0.093 0.091 0.088 0.083 0.076 0.066 0.054 0.042 0.032 0.024 0.017 0.012 0.009 0.006 0.005 0.004 0.003 0.002 0.002 0.003 0.003 0.003 0.004 0.004 0.003 0.003 0.003 0.002 0.002 0.002 0.002 0.003 0.003 0.005 0.009 0.016 0.024 0.028 0.028 0.028 0.028
18.649 17.107 15.005 12.743 11.390 10.146 9.012 7.988 7.067 6.218 5.455 4.767 4.159 3.606 3.108 2.660 2.254 1.893 1.575 1.298 1.056 0.846 0.666 0.514 0.387 0.284 0.203 0.144 0.113 0.101 0.095 0.091 0.093 0.095 0.095 0.093 0.091 0.088 0.084 0.078 0.068 0.054 0.039 0.027 0.019 0.013 0.009 0.006 0.004 0.003 0.002 0.002 0.001 0.002 0.002 0.003 0.003 0.003 0.003 0.003 0.003 0.003 0.002 0.002 0.002 0.002 0.002 0.002 0.003 0.004 0.006 0.011 0.019 0.025 0.028 0.028 0.027
19.601 18.614 16.937 14.620 12.046 10.453 9.332 8.299 7.355 6.490 5.704 4.991 4.354 3.776 3.256 2.787 2.365 1.987 1.654 1.362 1.109 0.891 0.704 0.546 0.415 0.309 0.226 0.162 0.118 0.103 0.095 0.094 0.095 0.094 0.093 0.089 0.085 0.080 0.074 0.065 0.052 0.037 0.024 0.015 0.010 0.007 0.004 0.003 0.002 0.002 0.001 0.001 0.001 0.002 0.002 0.003 0.003 0.003 0.003 0.003 0.003 0.003 0.002 0.002 0.002 0.002 0.002 0.002 0.002 0.003 0.004 0.007 0.013 0.021 0.026 0.027 0.027
19.967 19.432 18.281 16.381 13.848 11.263 9.549 8.523 7.580 6.702 5.894 5.161 4.498 3.901 3.363 2.875 2.437 2.050 1.704 1.402 1.143 0.918 0.727 0.565 0.431 0.323 0.239 0.175 0.127 0.106 0.101 0.098 0.096 0.093 0.087 0.079 0.071 0.064 0.055 0.044 0.032 0.021 0.013 0.008 0.005 0.003 0.002 0.001 0.001 0.001 0.001 0.001 0.001 0.002 0.002 0.003 0.003 0.003 0.003 0.003 0.003 0.003 0.002 0.002 0.002 0.002 0.002 0.002 0.002 0.002 0.003 0.005 0.009 0.016 0.021 0.025 0.025
19.737 19.615 18.953 17.555 15.261 12.423 9.891 8.673 7.736 6.855 6.039 5.292 4.605 3.990 3.430 2.927 2.476 2.078 1.726 1.419 1.155 0.929 0.736 0.573 0.438 0.329 0.245 0.180 0.131 0.112 0.105 0.100 0.095 0.087 0.075 0.060 0.048 0.039 0.031 0.023 0.016 0.010 0.006 0.004 0.002 0.002 0.001 0.001 0.001 0.001 0.001 0.001 0.002 0.002 0.003 0.003 0.003 0.003 0.003 0.003 0.003 0.003 0.002 0.002 0.002 0.002 0.002 0.002 0.002 0.002 0.003 0.004 0.006 0.012 0.018 0.021 0.023
18.707 19.248 19.054 17.994 16.005 13.260 10.426 8.789 7.854 6.986 6.166 5.403 4.703 4.061 3.475 2.958 2.491 2.083 1.727 1.419 1.155 0.929 0.738 0.575 0.439 0.330 0.244 0.178 0.128 0.115 0.107 0.098 0.087 0.073 0.054 0.036 0.025 0.018 0.013 0.010 0.007 0.004 0.003 0.002 0.001 0.001 0.001 0.001 0.001 0.001 0.001 0.002 0.002 0.003 0.003 0.004 0.004 0.004 0.004 0.004 0.003 0.003 0.003 0.002 0.002 0.002 0.002 0.002 0.002 0.002 0.002 0.003 0.005 0.008 0.013 0.018 0.021
17.232 18.204 18.521 17.939 16.197 13.586 10.712 8.897 7.980 7.117 6.293 5.516 4.791 4.124 3.520 2.982 2.500 2.081 1.721 1.410 1.145 0.922 0.733 0.570 0.434 0.323 0.233 0.162 0.124 0.112 0.101 0.088 0.070 0.050 0.031 0.019 0.012 0.007 0.005 0.003 0.002 0.002 0.001 0.001 0.001 0.001 0.001 0.001 0.001 0.001 0.002 0.002 0.003 0.004 0.004 0.005 0.005 0.005 0.004 0.004 0.004 0.004 0.003 0.003 0.002 0.002 0.002 0.002 0.002 0.002 0.002 0.003 0.004 0.006 0.010 0.014 0.018
16.744 16.440 17.097 17.024 15.878 13.625 10.813 8.997 8.105 7.243 6.423 5.641 4.897 4.203 3.570 3.009 2.507 2.074 1.702 1.386 1.121 0.898 0.711 0.550 0.414 0.297 0.198 0.131 0.110 0.094 0.079 0.062 0.043 0.026 0.015 0.008 0.005 0.003 0.002 0.001 0.001 0.001 0.001 0.001 0.001 0.001 0.001 0.001 0.001 0.002 0.002 0.003 0.005 0.005 0.006 0.006 0.006 0.006 0.006 0.005 0.005 0.005 0.004 0.003 0.003 0.003 0.002 0.002 0.002 0.002 0.002 0.003 0.004 0.005 0.007 0.011 0.015
16.174 14.995 14.917 15.196 14.752 13.206 10.799 9.090 8.253 7.403 6.565 5.760 4.993 4.281 3.628 3.045 2.522 2.069 1.680 1.351 1.074 0.841 0.647 0.487 0.351 0.230 0.142 0.107 0.080 0.059 0.043 0.029 0.019 0.011 0.006 0.003 0.002 0.001 0.001 0.001 0.001 0.001 0.001 0.001 0.001 0.001 0.001 0.001 0.002 0.002 0.003 0.005 0.007 0.008 0.008 0.008 0.008 0.008 0.008 0.007 0.007 0.006 0.005 0.004 0.004 0.003 0.003 0.002 0.002 0.002 0.003 0.003 0.004 0.005 0.006 0.009 0.013
15.468 14.386 13.361 12.900 12.918 12.175 10.483 9.155 8.373 7.552 6.684 5.834 5.044 4.322 3.660 3.066 2.528 2.053 1.639 1.281 0.964 0.691 0.474 0.314 0.197 0.145 0.102 0.066 0.040 0.025 0.016 0.010 0.006 0.004 0.002 0.001 0.001 0.001 0.001 0.001 0.001 0.001 0.001 0.001 0.001 0.001 0.001 0.002 0.002 0.003 0.005 0.008 0.010 0.012 0.012 0.012 0.012 0.011 0.010 0.010 0.009 0.008 0.007 0.005 0.004 0.004 0.003 0.003 0.003 0.003 0.003 0.003 0.004 0.005 0.006 0.008 0.011
14.669 13.669 12.751 11.942 11.201 10.523 9.854 9.174 8.435 7.623 6.740 5.862 5.058 4.332 3.667 3.052 2.484 1.959 1.477 1.043 0.663 0.370 0.212 0.161 0.117 0.078 0.047 0.026 0.014 0.008 0.005 0.003 0.002 0.001 0.001 0.001 0.001 0.001 0.001 0.001 0.001 0.001 0.001 0.001 0.001 0.001 0.002 0.002 0.004 0.006 0.011 0.016 0.019 0.021 0.021 0.021 0.019 0.017 0.015 0.014 0.012 0.010 0.009 0.007 0.006 0.005 0.004 0.004 0.004 0.004 0.004 0.004 0.005 0.006 0.008 0.010 0.012
13.871 12.915 12.056 11.326 10.710 10.179 9.648 9.079 8.402 7.615 6.734 5.822 4.976 4.217 3.514 2.840 2.175 1.543 0.971 0.517 0.261 0.164 0.105 0.069 0.044 0.026 0.014 0.007 0.004 0.002 0.001 0.001 0.001 0.001 0.001 0.001 0.001 0.001 0.001 0.001 0.001 0.001 0.001 0.001 0.001 0.002 0.003 0.005 0.009 0.017 0.027 0.035 0.041 0.042 0.041 0.037 0.032 0.028 0.024 0.021 0.018 0.015 0.012 0.010 0.008 0.007 0.006 0.005 0.005 0.005 0.006 0.006 0.007 0.009 0.011 0.014 0.019
13.097 12.120 11.253 10.509 9.897 9.395 8.934 8.472 7.915 7.236 6.408 5.463 4.471 3.563 2.763 2.010 1.296 0.710 0.340 0.234 0.165 0.118 0.083 0.056 0.035 0.020 0.011 0.006 0.003 0.002 0.001 0.001 0.001 0.001 0.001 0.001 0.001 0.001 0.001 0.001 0.001 0.001 0.002 0.002 0.003 0.004 0.007 0.014 0.027 0.048 0.070 0.085 0.090 0.089 0.079 0.066 0.055 0.047 0.041 0.035 0.029 0.023 0.019 0.015 0.012 0.010 0.009 0.008 0.007 0.007 0.008 0.008 0.010 0.013 0.017 0.023 0.031
12.294 11.266 10.295 9.398 8.591 7.909 7.345 6.836 6.324 5.733 5.005 4.080 2.949 1.951 1.230 0.736 0.465 0.380 0.297 0.228 0.169 0.124 0.089 0.062 0.041 0.026 0.015 0.009 0.005 0.003 0.002 0.001 0.001 0.001 0.001 0.001 0.001 0.002 0.002 0.002 0.002 0.003 0.003 0.005 0.007 0.011 0.022 0.046 0.085 0.131 0.165 0.180 0.176 0.156 0.131 0.109 0.093 0.081 0.071 0.061 0.049 0.038 0.030 0.023 0.018 0.014 0.012 0.010 0.009 0.009 0.009 0.010 0.012 0.016 0.022 0.030 0.040
11.291 10.112 9.002 7.917 6.800 5.728 4.813 4.052 3.411 2.830 2.256 1.644 1.027 0.673 0.598 0.528 0.452 0.377 0.309 0.243 0.186 0.139 0.101 0.073 0.051 0.034 0.022 0.013 0.007 0.004 0.002 0.002 0.002 0.002 0.002 0.002 0.003 0.003 0.004 0.005 0.006 0.008 0.010 0.015 0.023 0.041 0.080 0.147 0.223 0.283 0.308 0.290 0.245 0.201 0.168 0.145 0.129 0.115 0.101 0.085 0.067 0.053 0.040 0.031 0.024 0.018 0.014 0.011 0.010 0.009 0.009 0.010 0.013 0.018 0.025 0.033 0.043
9.948 8.665 7.442 6.211 4.926 3.686 2.618 1.813 1.295 1.065 0.917 0.822 0.750 0.693 0.638 0.564 0.479 0.400 0.336 0.273 0.212 0.161 0.121 0.090 0.067 0.048 0.033 0.020 0.012 0.006 0.003 0.003 0.003 0.004 0.004 0.005 0.007 0.009 0.011 0.015 0.020 0.027 0.037 0.053 0.083 0.147 0.255 0.368 0.441 0.460 0.417 0.352 0.293 0.236 0.195 0.168 0.149 0.134 0.119 0.102 0.082 0.063 0.049 0.037 0.027 0.020 0.015 0.012 0.010 0.009 0.009 0.010 0.013 0.018 0.025 0.034 0.043
8.309 6.996 5.708 4.421 3.170 2.074 1.713 1.541 1.307 1.093 0.955 0.887 0.842 0.804 0.749 0.657 0.550 0.460 0.386 0.317 0.251 0.197 0.156 0.123 0.096 0.072 0.051 0.033 0.020 0.011 0.007 0.008 0.009 0.011 0.014 0.017 0.023 0.031 0.042 0.055 0.073 0.098 0.135 0.186 0.271 0.417 0.568 0.637 0.629 0.562 0.488 0.397 0.313 0.252 0.210 0.182 0.162 0.145 0.127 0.108 0.086 0.067 0.051 0.039 0.029 0.021 0.015 0.012 0.010 0.009 0.009 0.009 0.012 0.017 0.024 0.033 0.042
6.380 4.976 3.646 2.480 1.830 1.752 1.652 1.502 1.307 1.147 1.053 1.009 0.983 0.952 0.888 0.780 0.656 0.557 0.475 0.397 0.327 0.269 0.220 0.179 0.144 0.111 0.082 0.056 0.036 0.021 0.019 0.023 0.029 0.038 0.048 0.063 0.086 0.116 0.152 0.193 0.246 0.312 0.395 0.494 0.617 0.742 0.803 0.793 0.717 0.641 0.520 0.405 0.321 0.260 0.218 0.188 0.165 0.146 0.128 0.108 0.086 0.068 0.052 0.039 0.029 0.021 0.015 0.012 0.010 0.008 0.008 0.008 0.009 0.013 0.020 0.029 0.039
3.900 2.613 1.960 1.876 1.802 1.725 1.628 1.486 1.327 1.237 1.181 1.148 1.131 1.103 1.035 0.917 0.783 0.683 0.598 0.517 0.444 0.379 0.322 0.271 0.223 0.177 0.134 0.096 0.064 0.051 0.062 0.081 0.105 0.133 0.169 0.221 0.293 0.372 0.450 0.531 0.611 0.684 0.745 0.800 0.859 0.896 0.892 0.853 0.785 0.664 0.522 0.408 0.324 0.264 0.221 0.190 0.166 0.145 0.126 0.107 0.086 0.067 0.051 0.038 0.028 0.020 0.015 0.011 0.008 0.007 0.006 0.006 0.006 0.008 0.012 0.020 0.030
2.228 2.061 1.964 1.922 1.871 1.791 1.685 1.561 1.476 1.421 1.377 1.339 1.310 1.274 1.205 1.087 0.966 0.866 0.775 0.691 0.615 0.544 0.477 0.410 0.343 0.279 0.218 0.162 0.145 0.169 0.219 0.280 0.348 0.423 0.513 0.629 0.759 0.867 0.932 0.952 0.937 0.922 0.916 0.919 0.928 0.926 0.917 0.878 0.792 0.665 0.522 0.408 0.324 0.264 0.222 0.191 0.164 0.141 0.118 0.097 0.077 0.059 0.044 0.033 0.024 0.017 0.012 0.009 0.006 0.004 0.003 0.003 0.003 0.003 0.005 0.010 0.017
2.213 2.102 2.081 2.075 2.044 1.967 1.875 1.798 1.750 1.715 1.677 1.631 1.572 1.507 1.436 1.344 1.235 1.123 1.009 0.907 0.823 0.745 0.666 0.586 0.506 0.426 0.366 0.359 0.432 0.545 0.667 0.793 0.922 1.048 1.170 1.275 1.332 1.318 1.251 1.152 1.054 0.991 0.952 0.935 0.932 0.930 0.918 0.875 0.792 0.667 0.523 0.407 0.322 0.261 0.217 0.183 0.151 0.120 0.092 0.068 0.050 0.036 0.027 0.020 0.015 0.011 0.008 0.005 0.003 0.003 0.002 0.002 0.002 0.002 0.002 0.004 0.007
2.351 2.315 2.330 2.359 2.347 2.287 2.228 2.192 2.173 2.150 2.110 2.054 1.964 1.848 1.733 1.610 1.477 1.351 1.235 1.127 1.034 0.946 0.862 0.779 0.749 0.757 0.769 0.958 1.158 1.339 1.500 1.627 1.711 1.756 1.766 1.729 1.646 1.511 1.387 1.252 1.119 1.020 0.960 0.934 0.924 0.917 0.900 0.856 0.773 0.648 0.504 0.387 0.301 0.237 0.188 0.148 0.109 0.074 0.047 0.030 0.021 0.015 0.012 0.010 0.007 0.006 0.004 0.003 0.002 0.002 0.001 0.001 0.001 0.001 0.001 0.001 0.002
2.624 2.635 2.701 2.781 2.804 2.791 2.802 2.815 2.803 2.753 2.653 2.512 2.339 2.150 1.972 1.824 1.699 1.591 1.489 1.383 1.276 1.209 1.268 1.322 1.381 1.441 1.757 2.021 2.158 2.217 2.223 2.203 2.167 2.112 2.025 1.902 1.784 1.631 1.446 1.267 1.120 1.011 0.940 0.900 0.871 0.840 0.797 0.734 0.640 0.517 0.396 0.299 0.225 0.167 0.121 0.082 0.051 0.030 0.018 0.011 0.008 0.006 0.005 0.005 0.004 0.003 0.002 0.002 0.001 0.001 0.001 0.001 0.001 0.001 0.001 0.001 0.001
3.026 3.117 3.251 3.372 3.457 3.510 3.553 3.532 3.445 3.286 3.071 2.825 2.581 2.363 2.155 2.023 1.925 1.837 1.749 1.652 1.733 1.821 1.914 2.019 2.099 2.459 2.681 2.765 2.741 2.657 2.533 2.413 2.305 2.222 2.123 1.998 1.841 1.652 1.447 1.264 1.109 0.981 0.876 0.788 0.706 0.621 0.530 0.441 0.349 0.261 0.192 0.143 0.106 0.075 0.051 0.032 0.018 0.011 0.007 0.005 0.004 0.003 0.003 0.002 0.002 0.002 0.001 0.001 0.001 0.001 0.001 0.001 0.001 0.001 0.001 0.001 0.001
3.677 3.893 4.097 4.229 4.318 4.332 4.256 4.112 3.911 3.647 3.360 3.080 2.792 2.518 2.332 2.238 2.157 2.078 2.059 2.171 2.258 2.332 2.484 2.675 2.941 3.076 3.096 3.062 2.974 2.830 2.683 2.518 2.382 2.261 2.140 2.008 1.849 1.655 1.442 1.242 1.059 0.885 0.717 0.557 0.416 0.307 0.227 0.169 0.124 0.091 0.068 0.051 0.038 0.027 0.018 0.011 0.006 0.004 0.002 0.002 0.002 0.002 0.001 0.001 0.001 0.001 0.001 0.001 0.001 0.001 0.000 0.000 0.000 0.000 0.001 0.001 0.001
4.627 4.911 5.102 5.172 5.130 4.999 4.768 4.484 4.199 3.921 3.604 3.272 2.932 2.652 2.535 2.455 2.380 2.454 2.674 2.905 3.132 3.309 3.422 3.499 3.538 3.495 3.341 3.183 3.087 2.963 2.777 2.559 2.394 2.264 2.142 2.013 1.850 1.645 1.401 1.140 0.893 0.656 0.444 0.284 0.182 0.119 0.081 0.057 0.041 0.031 0.024 0.018 0.013 0.009 0.006 0.004 0.002 0.001 0.001 0.001 0.001 0.001 0.001 0.001 0.001 0.001 0.001 0.000 0.000 0.000 0.000 0.000 0.000 0.000 0.000 0.000 0.000
5.622 5.755 5.797 5.749 5.589 5.324 5.071 4.757 4.426 4.090 3.757 3.428 3.092 2.835 2.724 2.653 2.987 3.339 3.683 3.981 4.192 4.296 4.322 4.294 4.211 4.066 3.823 3.512 3.183 3.036 2.823 2.570 2.384 2.242 2.112 1.966 1.776 1.524 1.213 0.878 0.583 0.357 0.209 0.122 0.073 0.046 0.031 0.022 0.016 0.012 0.009 0.007 0.005 0.004 0.002 0.001 0.001 0.001 0.000 0.000 0.000 0.000 0.000 0.000 0.000 0.000 0.000 0.000 0.000 0.000 0.000 0.000 0.000 0.000 0.000 0.000 0.000
6.193 6.154 6.063 5.938 5.785 5.524 5.194 4.842 4.486 4.143 3.837 3.565 3.273 3.007 2.854 3.225 3.702 4.098 4.424 4.656 4.781 4.801 4.728 4.602 4.437 4.281 4.045 3.717 3.270 3.081 2.835 2.555 2.313 2.096 1.889 1.670 1.421 1.117 0.783 0.487 0.281 0.158 0.088 0.051 0.031 0.020 0.014 0.010 0.008 0.006 0.004 0.003 0.002 0.001 0.001 0.001 0.000 0.000 0.000 0.000 0.000 0.000 0.000 0.000 0.000 0.000 0.000 0.000 0.000 0.000 0.000 0.000 0.000 0.000 0.000 0.000 0.000
6.331 6.257 6.149 5.983 5.741 5.396 5.024 4.688 4.386 4.108 3.847 3.615 3.361 3.098 2.992 3.526 4.043 4.433 4.698 4.856 4.919 4.898 4.841 4.715 4.526 4.294 4.006 3.630 3.268 3.084 2.801 2.461 2.099 1.718 1.356 1.033 0.758 0.521 0.334 0.200 0.115 0.071 0.048 0.033 0.023 0.016 0.011 0.007 0.005 0.003 0.002 0.002 0.001 0.001 0.000 0.000 0.000 0.000 0.000 0.000 0.000 0.000 0.000 0.000 0.000 0.000 0.000 0.000 0.000 0.000 0.000 0.000 0.000 0.000 0.000 0.000 0.000
6.384 6.180 5.922 5.574 5.153 4.770 4.492 4.283 4.108 3.934 3.765 3.585 3.345 3.102 3.074 3.570 4.077 4.445 4.672 4.791 4.881 4.887 4.805 4.623 4.341 3.996 3.605 3.161 3.037 2.826 2.514 2.119 1.639 1.110 0.705 0.447 0.286 0.198 0.143 0.100 0.069 0.049 0.035 0.025 0.018 0.013 0.009 0.006 0.004 0.003 0.001 0.001 0.000 0.000 0.000 0.000 0.000 0.000 0.000 0.000 0.000 0.000 0.000 0.000 0.000 0.000 0.000 0.000 0.000 0.000 0.000 0.000 0.000 0.000 0.000 0.000 0.000
5.982 5.347 4.665 4.117 3.743 3.582 3.563 3.616 3.662 3.640 3.585 3.478 3.285 3.071 3.126 3.424 3.883 4.205 4.480 4.615 4.648 4.604 4.457 4.169 3.745 3.245 2.756 2.436 2.240 2.013 1.731 1.367 0.937 0.578 0.379 0.250 0.164 0.111 0.078 0.056 0.041 0.032 0.024 0.018 0.013 0.010 0.007 0.005 0.003 0.002 0.001 0.000 0.000 0.000 0.000 0.000 0.000 0.000 0.000 0.000 0.000 0.000 0.000 0.000 0.000 0.000 0.000 0.000 0.000 0.000 0.000 0.000 0.000 0.000 0.000 0.000 0.000
