RESULTS/r.avaflow_results/13_results/13_ascii/13_hflow0035.asc
ncols 506
nrows 317
xllcenter 498237.50
yllcenter 5580050.00
cellsize 12.50
NODATA_value -9999.000
[rows 170 to 203 of 317, columns 77 to 153 of 506]
0.000 0.000 0.001 0.002 0.005 0.010 0.018 0.027 0.034 0.039 0.044 0.053 0.076 0.131 0.233 0.388 0.592 0.833 1.109 1.415 1.744 2.094 2.468 2.884 3.347 3.770 4.136 4.484 4.839 5.218 5.622 6.095 6.667 7.341 8.126 9.031 10.046 11.165 12.341 13.454 14.549 15.610 16.722 17.927 19.170 20.409 21.681 22.918 24.242 25.416 26.665 28.014 29.723 31.175 32.214 32.795 32.986 33.537 34.083 34.466 35.000 35.238 35.361 35.352 34.805 34.053 33.041 31.588 30.214 28.658 27.019 25.193 23.485 21.931 20.546 19.185 17.955
0.001 0.002 0.004 0.009 0.016 0.028 0.045 0.062 0.078 0.095 0.118 0.160 0.241 0.381 0.583 0.834 1.122 1.442 1.790 2.163 2.556 2.969 3.404 3.866 4.344 4.785 5.193 5.577 5.957 6.359 6.808 7.327 7.941 8.680 9.564 10.591 11.744 13.005 14.314 15.542 16.693 17.804 18.951 20.217 21.492 22.678 23.881 25.208 26.761 28.219 29.476 30.607 31.986 32.948 33.606 34.329 34.551 35.210 35.696 36.092 36.625 36.638 36.449 36.194 35.439 34.468 33.391 31.879 30.302 28.750 27.145 25.538 23.950 22.545 21.291 20.157 19.163
0.002 0.006 0.012 0.022 0.038 0.059 0.086 0.116 0.150 0.192 0.254 0.359 0.529 0.767 1.053 1.371 1.728 2.133 2.577 3.051 3.533 4.021 4.512 5.000 5.470 5.908 6.327 6.734 7.143 7.576 8.064 8.634 9.303 10.095 11.032 12.117 13.344 14.684 16.107 17.448 18.718 19.914 21.081 22.398 23.646 24.779 25.925 27.132 28.689 30.507 31.779 32.731 33.584 34.035 34.262 34.912 35.458 36.158 36.758 37.047 37.434 37.210 36.898 36.499 35.741 34.774 33.650 32.309 30.844 29.429 27.735 26.071 24.473 23.069 21.842 20.867 20.095
0.005 0.012 0.022 0.037 0.059 0.089 0.128 0.177 0.240 0.324 0.439 0.606 0.838 1.137 1.493 1.908 2.383 2.923 3.515 4.115 4.692 5.253 5.786 6.269 6.713 7.138 7.554 7.967 8.389 8.851 9.374 9.965 10.646 11.450 12.397 13.468 14.699 16.103 17.615 19.142 20.586 21.875 23.108 24.453 25.682 26.718 27.901 29.034 30.237 31.972 33.337 34.225 34.744 34.881 34.880 35.278 35.923 36.639 37.356 37.517 37.833 37.531 37.190 36.709 35.870 34.931 33.896 32.702 31.354 29.992 28.249 26.484 24.790 23.332 22.128 21.277 20.671
0.007 0.015 0.028 0.046 0.072 0.107 0.156 0.222 0.311 0.429 0.587 0.800 1.084 1.446 1.893 2.427 3.050 3.768 4.572 5.342 6.029 6.652 7.198 7.664 8.076 8.473 8.874 9.288 9.719 10.178 10.677 11.239 11.899 12.667 13.609 14.705 15.930 17.326 18.868 20.464 22.037 23.496 24.809 26.121 27.300 28.242 29.417 30.501 31.458 32.837 34.183 35.044 35.346 35.220 34.999 35.143 35.606 36.281 36.994 37.148 37.297 37.217 36.818 36.386 35.725 34.970 34.133 33.040 31.712 30.301 28.556 26.648 24.855 23.389 22.182 21.395 20.881
0.008 0.017 0.031 0.051 0.079 0.118 0.173 0.249 0.355 0.500 0.694 0.952 1.290 1.724 2.260 2.900 3.648 4.513 5.496 6.481 7.339 8.067 8.651 9.119 9.523 9.899 10.277 10.673 11.074 11.482 11.947 12.464 13.060 13.784 14.654 15.682 16.903 18.321 19.882 21.616 23.319 24.915 26.271 27.534 28.723 29.776 30.845 31.681 32.479 33.473 34.311 34.992 35.407 35.380 35.130 35.171 35.346 35.805 36.551 36.807 36.845 36.985 36.602 36.179 35.768 35.063 34.172 33.133 31.770 30.282 28.468 26.512 24.703 23.199 22.043 21.258 20.769
0.008 0.018 0.032 0.053 0.082 0.123 0.180 0.261 0.377 0.540 0.765 1.067 1.461 1.964 2.584 3.318 4.162 5.124 6.216 7.384 8.436 9.303 9.979 10.495 10.910 11.278 11.630 11.990 12.361 12.728 13.132 13.568 14.111 14.768 15.585 16.579 17.754 19.098 20.652 22.467 24.287 26.005 27.491 28.835 30.007 30.953 31.866 32.653 33.379 34.215 34.580 34.867 35.225 35.338 35.235 35.118 35.145 35.481 36.280 36.630 36.814 36.936 36.556 36.169 35.794 35.079 34.231 33.151 31.661 30.113 28.215 26.254 24.438 22.972 21.804 20.985 20.463
0.008 0.018 0.033 0.054 0.084 0.124 0.181 0.263 0.383 0.557 0.807 1.151 1.601 2.170 2.860 3.663 4.574 5.592 6.737 8.014 9.257 10.300 11.121 11.733 12.209 12.591 12.928 13.250 13.579 13.896 14.278 14.655 15.093 15.647 16.389 17.299 18.412 19.718 21.245 23.002 24.826 26.690 28.328 29.646 30.731 31.747 32.526 33.181 33.719 34.285 34.429 34.582 34.644 34.608 34.730 34.940 34.800 34.967 35.845 36.222 36.428 36.513 36.145 35.793 35.354 34.568 33.712 32.583 31.054 29.461 27.624 25.634 23.857 22.492 21.291 20.438 19.917
0.007 0.016 0.031 0.053 0.083 0.123 0.179 0.260 0.379 0.557 0.823 1.204 1.711 2.341 3.086 3.930 4.872 5.910 7.076 8.404 9.819 11.061 12.060 12.811 13.381 13.814 14.165 14.453 14.758 15.020 15.316 15.636 16.009 16.478 17.083 17.919 18.980 20.212 21.634 23.368 25.266 27.251 28.993 30.334 31.307 32.379 33.055 33.592 34.217 34.533 34.555 34.730 34.609 34.468 34.225 34.522 34.490 34.795 35.665 35.952 36.011 36.095 35.767 35.304 34.831 33.975 32.975 31.833 30.305 28.587 26.749 24.867 23.196 21.924 20.786 19.916 19.332
0.005 0.013 0.027 0.049 0.079 0.117 0.170 0.245 0.359 0.536 0.812 1.220 1.780 2.468 3.250 4.116 5.067 6.105 7.267 8.590 10.094 11.558 12.799 13.748 14.446 14.944 15.305 15.576 15.839 16.078 16.317 16.561 16.845 17.195 17.697 18.413 19.334 20.518 21.936 23.621 25.549 27.637 29.455 30.926 31.938 32.998 33.554 33.951 34.482 34.678 34.825 34.997 34.727 34.507 34.052 33.982 33.841 34.463 35.298 35.489 35.529 35.531 35.076 34.539 34.034 33.097 31.955 30.723 29.183 27.405 25.540 23.831 22.316 21.140 20.077 19.233 18.617
0.003 0.008 0.020 0.041 0.069 0.103 0.147 0.210 0.306 0.467 0.743 1.180 1.785 2.526 3.348 4.229 5.177 6.202 7.354 8.675 10.201 11.836 13.290 14.465 15.333 15.965 16.384 16.686 16.887 17.083 17.234 17.419 17.625 17.840 18.237 18.807 19.670 20.719 22.013 23.635 25.493 27.671 29.577 31.097 32.094 33.024 33.440 33.765 34.325 34.494 34.539 34.710 34.506 34.323 34.019 33.713 33.411 34.016 34.634 34.841 34.753 34.604 34.036 33.432 32.820 31.782 30.597 29.289 27.658 25.871 24.147 22.657 21.333 20.253 19.255 18.415 17.801
0.001 0.004 0.012 0.027 0.050 0.077 0.108 0.148 0.212 0.335 0.578 1.012 1.660 2.470 3.358 4.265 5.201 6.221 7.364 8.664 10.181 11.934 13.630 15.029 16.056 16.852 17.345 17.707 17.904 18.056 18.154 18.268 18.369 18.515 18.778 19.194 19.928 20.848 22.086 23.719 25.547 27.677 29.688 31.229 32.281 33.197 33.513 33.638 34.248 34.471 34.373 34.653 34.533 34.295 34.117 33.742 33.398 33.834 34.076 34.389 34.159 33.880 33.287 32.521 31.749 30.633 29.328 27.972 26.276 24.530 22.942 21.528 20.308 19.308 18.333 17.487 16.840
0.000 0.002 0.007 0.016 0.031 0.048 0.067 0.089 0.125 0.197 0.357 0.705 1.324 2.176 3.170 4.181 5.140 6.151 7.291 8.600 10.112 11.908 13.819 15.426 16.622 17.603 18.206 18.641 18.841 18.988 19.048 19.088 19.104 19.173 19.332 19.653 20.233 21.038 22.171 23.749 25.602 27.701 29.777 31.314 32.436 33.319 33.574 33.716 34.158 34.238 34.292 34.626 34.522 34.438 34.389 33.835 33.271 33.374 33.325 33.722 33.600 33.114 32.575 31.692 30.780 29.608 28.229 26.764 25.115 23.379 21.848 20.498 19.302 18.258 17.305 16.472 15.783
0.000 0.001 0.003 0.009 0.018 0.029 0.041 0.056 0.079 0.123 0.220 0.441 0.899 1.652 2.665 3.784 4.852 5.918 7.072 8.388 9.956 11.798 13.833 15.639 17.064 18.208 18.973 19.486 19.733 19.876 19.901 19.897 19.892 19.864 19.947 20.124 20.501 21.140 22.088 23.519 25.360 27.404 29.550 31.070 32.113 32.940 33.167 33.346 33.678 33.648 33.691 33.977 33.877 33.845 33.971 33.473 32.879 32.661 32.350 32.392 32.771 32.328 31.852 30.941 29.947 28.765 27.408 25.824 24.090 22.320 20.765 19.443 18.282 17.217 16.280 15.426 14.676
0.000 0.000 0.001 0.004 0.010 0.017 0.026 0.038 0.058 0.097 0.172 0.325 0.645 1.220 2.066 3.128 4.284 5.459 6.693 8.067 9.682 11.635 13.805 15.756 17.350 18.612 19.564 20.202 20.554 20.722 20.767 20.764 20.713 20.660 20.662 20.760 21.047 21.553 22.344 23.678 25.407 27.398 29.521 30.930 31.832 32.755 33.033 33.099 33.435 33.342 33.225 33.467 33.337 33.278 33.523 33.270 32.864 32.460 31.946 31.704 32.145 31.816 31.384 30.505 29.459 28.251 26.743 25.059 23.284 21.469 19.826 18.456 17.259 16.180 15.214 14.340 13.569
0.000 0.000 0.001 0.002 0.005 0.009 0.017 0.028 0.050 0.091 0.168 0.305 0.559 1.014 1.721 2.674 3.798 5.016 6.329 7.777 9.431 11.422 13.666 15.739 17.466 18.843 19.947 20.755 21.280 21.607 21.699 21.649 21.655 21.590 21.527 21.560 21.716 22.092 22.734 23.911 25.441 27.301 29.260 30.546 31.445 32.346 32.717 32.813 33.053 32.809 32.599 32.724 32.566 32.561 32.781 32.636 32.443 32.243 31.727 31.210 31.098 30.965 30.784 30.052 28.997 27.767 26.185 24.460 22.530 20.664 18.965 17.499 16.236 15.176 14.198 13.299 12.501
0.000 0.000 0.000 0.001 0.002 0.005 0.010 0.022 0.045 0.091 0.175 0.318 0.559 0.967 1.599 2.471 3.550 4.786 6.150 7.639 9.287 11.190 13.418 15.569 17.389 18.939 20.215 21.190 21.882 22.262 22.511 22.539 22.569 22.513 22.498 22.529 22.632 22.900 23.395 24.376 25.514 27.042 28.760 29.908 30.732 31.499 31.881 31.941 32.114 31.887 31.694 31.577 31.350 31.316 31.549 31.564 31.622 31.747 31.348 30.783 30.378 30.174 30.015 29.416 28.419 27.241 25.607 23.891 21.814 19.896 18.149 16.633 15.305 14.190 13.209 12.293 11.428
0.000 0.000 0.000 0.000 0.001 0.002 0.006 0.017 0.042 0.096 0.196 0.358 0.610 1.006 1.607 2.440 3.486 4.717 6.096 7.595 9.229 11.059 13.140 15.346 17.307 18.924 20.279 21.445 22.321 22.909 23.401 23.468 23.482 23.525 23.607 23.730 23.893 24.112 24.507 25.271 25.981 27.095 28.516 29.597 30.321 30.979 31.189 31.247 31.482 31.225 30.922 30.647 30.333 30.275 30.681 30.816 30.963 31.153 30.836 30.447 29.965 29.497 29.114 28.697 27.748 26.634 24.995 23.235 21.148 19.143 17.362 15.790 14.400 13.217 12.211 11.279 10.320
0.000 0.000 0.000 0.000 0.000 0.001 0.004 0.014 0.041 0.105 0.231 0.433 0.729 1.148 1.734 2.523 3.527 4.729 6.092 7.601 9.232 10.968 12.862 14.938 17.006 18.772 20.172 21.473 22.528 23.272 23.917 24.162 24.327 24.473 24.629 24.749 25.008 25.290 25.634 26.204 26.686 27.427 28.416 29.295 29.940 30.431 30.497 30.500 30.688 30.541 30.239 29.879 29.541 29.309 29.579 29.713 29.873 30.100 29.927 29.639 29.193 28.539 27.957 27.654 26.810 25.790 24.238 22.456 20.447 18.378 16.591 14.956 13.498 12.233 11.094 10.001 8.905
0.000 0.000 0.000 0.000 0.000 0.001 0.003 0.012 0.041 0.122 0.288 0.555 0.928 1.405 2.004 2.762 3.707 4.857 6.201 7.696 9.297 10.960 12.738 14.588 16.614 18.555 20.093 21.463 22.616 23.555 24.328 24.739 25.068 25.153 25.286 25.408 25.751 26.002 26.260 26.734 27.036 27.456 28.091 28.736 29.370 29.806 29.787 29.750 29.984 29.837 29.588 29.245 28.791 28.475 28.602 28.546 28.577 28.739 28.626 28.489 28.179 27.392 26.609 26.139 25.392 24.493 23.112 21.438 19.583 17.566 15.764 14.083 12.562 11.134 9.772 8.457 7.231
0.000 0.000 0.000 0.000 0.000 0.000 0.002 0.010 0.042 0.144 0.371 0.738 1.223 1.781 2.419 3.174 4.078 5.159 6.431 7.867 9.438 11.047 12.732 14.384 16.228 18.189 19.809 21.267 22.570 23.603 24.516 25.032 25.548 25.751 25.896 25.936 26.242 26.409 26.597 27.073 27.317 27.514 28.024 28.489 28.956 29.464 29.507 29.462 29.675 29.510 29.299 29.092 28.572 28.138 28.039 27.716 27.506 27.565 27.319 27.076 26.655 25.974 25.181 24.382 23.643 22.819 21.626 20.085 18.393 16.576 14.824 13.134 11.478 9.850 8.282 6.786 5.428
0.000 0.000 0.000 0.000 0.000 0.000 0.002 0.008 0.039 0.163 0.478 1.000 1.641 2.289 2.977 3.754 4.649 5.691 6.903 8.278 9.767 11.271 12.804 14.358 16.063 17.851 19.466 20.896 22.352 23.600 24.732 25.358 25.830 26.106 26.262 26.294 26.544 26.637 26.865 27.299 27.457 27.595 28.004 28.374 28.780 29.238 29.279 29.252 29.394 29.281 29.114 28.990 28.512 27.966 27.580 26.997 26.518 26.276 25.881 25.494 24.933 24.271 23.533 22.489 21.533 20.646 19.621 18.206 16.686 15.084 13.439 11.705 9.807 7.926 6.184 4.572 3.198
0.000 0.000 0.000 0.000 0.000 0.001 0.002 0.007 0.034 0.168 0.594 1.363 2.202 2.924 3.668 4.486 5.405 6.441 7.607 8.902 10.286 11.672 13.056 14.467 15.987 17.574 19.122 20.603 22.018 23.268 24.460 25.310 25.835 26.191 26.250 26.257 26.469 26.504 26.723 27.109 27.247 27.349 27.667 27.907 28.305 28.700 28.772 28.803 28.935 28.851 28.712 28.577 28.066 27.443 26.892 26.184 25.626 25.092 24.533 23.899 23.209 22.414 21.638 20.515 19.425 18.304 17.170 15.819 14.357 12.726 10.948 8.956 6.814 4.803 3.183 1.992 1.199
0.000 0.000 0.000 0.001 0.001 0.002 0.003 0.007 0.031 0.161 0.655 1.664 2.765 3.615 4.451 5.344 6.329 7.408 8.564 9.787 11.048 12.275 13.471 14.733 16.113 17.533 18.974 20.346 21.719 23.062 24.296 25.292 25.777 26.251 26.293 26.259 26.514 26.541 26.662 27.008 27.130 27.143 27.411 27.542 27.899 28.357 28.447 28.413 28.605 28.522 28.303 28.171 27.587 26.848 26.239 25.467 24.785 24.000 23.236 22.374 21.506 20.578 19.664 18.512 17.239 15.881 14.480 12.870 11.169 9.229 7.089 4.960 3.177 1.868 1.018 0.522 0.258
0.001 0.001 0.002 0.002 0.003 0.004 0.005 0.008 0.030 0.151 0.653 1.769 3.137 4.203 5.220 6.279 7.409 8.609 9.801 11.003 12.141 13.213 14.257 15.330 16.475 17.695 18.986 20.312 21.627 22.837 24.041 25.071 25.618 26.128 26.188 26.165 26.408 26.446 26.555 26.787 26.762 26.715 26.881 27.054 27.365 27.777 27.869 27.907 28.082 27.939 27.681 27.469 26.853 26.093 25.382 24.453 23.667 22.873 21.852 20.816 19.744 18.672 17.528 16.342 15.013 13.516 11.866 9.960 7.868 5.697 3.693 2.107 1.057 0.480 0.209 0.091 0.041
0.003 0.004 0.004 0.005 0.005 0.006 0.008 0.012 0.032 0.137 0.612 1.741 3.304 4.653 5.909 7.208 8.585 9.989 11.282 12.479 13.507 14.426 15.298 16.159 17.097 18.103 19.168 20.351 21.491 22.538 23.606 24.501 25.050 25.550 25.680 25.759 25.983 26.041 26.145 26.243 26.101 26.056 26.145 26.203 26.424 26.814 26.895 26.941 27.057 26.891 26.665 26.381 25.689 24.877 24.049 23.121 22.251 21.353 20.180 19.042 17.778 16.597 15.331 14.026 12.642 11.047 9.268 7.325 5.247 3.285 1.746 0.770 0.289 0.103 0.038 0.015 0.008
0.006 0.006 0.007 0.008 0.009 0.010 0.012 0.016 0.034 0.134 0.588 1.713 3.387 5.029 6.560 8.121 9.780 11.423 12.877 14.092 15.102 15.917 16.676 17.367 18.076 18.837 19.649 20.649 21.614 22.541 23.447 24.131 24.553 25.087 25.221 25.243 25.528 25.621 25.633 25.741 25.572 25.437 25.529 25.506 25.570 25.862 25.895 25.859 25.968 25.773 25.445 25.122 24.370 23.440 22.477 21.419 20.409 19.414 18.215 16.966 15.634 14.359 12.984 11.577 10.134 8.524 6.741 4.868 3.080 1.629 0.696 0.240 0.071 0.021 0.008 0.004 0.004
0.010 0.010 0.010 0.011 0.013 0.014 0.015 0.019 0.037 0.138 0.598 1.743 3.489 5.368 7.172 9.023 10.948 12.829 14.510 15.905 16.949 17.717 18.311 18.872 19.327 19.831 20.426 21.099 21.864 22.601 23.343 23.848 24.211 24.729 24.859 24.834 25.006 25.025 25.011 25.104 24.962 24.791 24.718 24.630 24.534 24.678 24.622 24.523 24.532 24.236 23.792 23.401 22.628 21.649 20.549 19.369 18.229 17.113 15.874 14.534 13.197 11.816 10.415 8.989 7.538 5.916 4.178 2.593 1.370 0.585 0.198 0.057 0.015 0.005 0.003 0.003 0.004
0.017 0.015 0.015 0.016 0.017 0.018 0.019 0.021 0.040 0.152 0.654 1.866 3.687 5.740 7.792 9.907 12.035 14.031 15.795 17.378 18.506 19.353 19.896 20.352 20.661 20.906 21.174 21.550 22.082 22.597 23.146 23.472 23.804 24.174 24.273 24.258 24.300 24.219 24.199 24.239 24.102 23.973 23.816 23.676 23.463 23.375 23.142 22.907 22.780 22.322 21.744 21.296 20.503 19.477 18.308 17.047 15.744 14.505 13.179 11.832 10.480 9.089 7.724 6.306 4.805 3.276 1.931 0.962 0.391 0.129 0.038 0.010 0.003 0.002 0.002 0.003 0.005
0.026 0.023 0.022 0.022 0.023 0.022 0.022 0.024 0.045 0.180 0.773 2.131 4.096 6.255 8.470 10.786 12.982 15.064 16.894 18.509 19.748 20.658 21.239 21.579 21.830 21.976 22.080 22.259 22.478 22.778 23.142 23.274 23.494 23.731 23.704 23.654 23.695 23.556 23.451 23.505 23.363 23.161 22.955 22.607 22.254 21.970 21.607 21.221 20.863 20.251 19.591 18.880 17.972 16.955 15.744 14.397 13.030 11.772 10.480 9.241 7.947 6.640 5.279 3.831 2.446 1.330 0.591 0.212 0.066 0.020 0.006 0.002 0.001 0.001 0.002 0.004 0.007
0.041 0.035 0.032 0.030 0.028 0.025 0.024 0.026 0.054 0.227 0.970 2.590 4.820 7.072 9.346 11.697 13.852 15.873 17.729 19.344 20.615 21.539 22.161 22.485 22.730 22.807 22.778 22.840 22.886 22.996 23.202 23.184 23.223 23.243 23.037 22.900 22.911 22.753 22.652 22.660 22.475 22.232 21.993 21.529 21.027 20.561 20.012 19.431 18.813 18.091 17.264 16.374 15.339 14.228 12.977 11.658 10.374 9.177 8.014 6.887 5.703 4.462 3.143 1.884 0.927 0.358 0.110 0.031 0.009 0.003 0.001 0.001 0.001 0.001 0.002 0.004 0.007
0.064 0.054 0.045 0.038 0.031 0.027 0.025 0.029 0.068 0.311 1.295 3.356 5.906 8.157 10.339 12.502 14.536 16.417 18.181 19.716 21.013 22.089 22.748 23.081 23.334 23.299 23.189 23.146 23.060 23.014 23.125 22.955 22.811 22.528 22.129 21.865 21.794 21.641 21.609 21.564 21.369 21.189 20.916 20.371 19.735 19.052 18.351 17.669 16.837 15.995 15.033 13.995 12.803 11.571 10.343 9.150 7.991 6.892 5.823 4.751 3.643 2.517 1.469 0.684 0.241 0.066 0.017 0.004 0.001 0.001 0.001 0.001 0.001 0.001 0.002 0.003 0.007
0.085 0.071 0.056 0.043 0.033 0.028 0.026 0.030 0.077 0.387 1.669 4.319 7.120 9.220 11.186 13.113 14.980 16.711 18.423 19.908 21.218 22.356 23.110 23.487 23.683 23.601 23.493 23.480 23.307 23.115 23.113 22.757 22.322 21.831 21.219 20.775 20.649 20.460 20.360 20.294 20.102 19.954 19.657 19.097 18.431 17.635 16.794 15.925 14.984 13.969 12.902 11.676 10.363 9.118 7.949 6.867 5.828 4.808 3.770 2.760 1.831 1.047 0.477 0.164 0.043 0.010 0.003 0.001 0.001 0.001 0.001 0.001 0.001 0.001 0.001 0.003 0.008
0.093 0.078 0.060 0.045 0.034 0.029 0.027 0.032 0.079 0.400 1.815 4.897 8.027 10.048 11.800 13.540 15.282 16.911 18.539 19.971 21.234 22.315 23.023 23.453 23.779 23.747 23.651 23.664 23.428 23.194 22.991 22.438 21.726 21.065 20.277 19.684 19.373 19.086 18.913 18.769 18.616 18.538 18.261 17.700 16.985 16.088 15.168 14.201 13.140 11.998 10.779 9.426 8.104 6.896 5.776 4.757 3.771 2.819 1.930 1.181 0.628 0.276 0.095 0.026 0.006 0.002 0.001 0.001 0.000 0.000 0.000 0.000 0.001 0.001 0.001 0.004 0.013
