RESULTS/r.avaflow_results/13_results/13_ascii/13_hflow0024.asc
ncols 506
nrows 317
xllcenter 498237.50
yllcenter 5580050.00
cellsize 12.50
NODATA_value -9999.000
[rows 136 to 169 of 317, columns 154 to 230 of 506]
0.000 0.000 0.000 0.000 0.000 0.000 0.000 0.000 0.000 0.000 0.000 0.000 0.000 0.000 0.000 0.000 0.000 0.000 0.000 0.000 0.000 0.000 0.000 0.000 0.000 0.000 0.000 0.000 0.000 0.000 0.000 0.000 0.000 0.000 0.000 0.000 0.000 0.000 0.000 0.000 0.000 0.000 0.000 0.000 0.000 0.000 0.000 0.000 0.000 0.000 0.000 0.000 0.000 0.000 0.000 0.000 0.000 0.000 0.000 0.000 0.000 0.000 0.000 0.000 0.000 0.000 0.000 0.000 0.000 0.000 0.000 0.000 0.000 0.000 0.000 0.000 0.000
0.000 0.000 0.000 0.000 0.000 0.000 0.000 0.000 0.000 0.000 0.000 0.000 0.000 0.000 0.000 0.000 0.000 0.000 0.000 0.000 0.000 0.000 0.000 0.000 0.000 0.000 0.000 0.000 0.000 0.000 0.000 0.000 0.000 0.000 0.000 0.000 0.000 0.000 0.000 0.000 0.000 0.000 0.000 0.000 0.000 0.000 0.000 0.000 0.000 0.000 0.000 0.000 0.000 0.000 0.000 0.000 0.000 0.000 0.000 0.000 0.000 0.000 0.000 0.000 0.000 0.000 0.000 0.000 0.000 0.000 0.000 0.000 0.000 0.000 0.000 0.000 0.000
0.000 0.000 0.000 0.000 0.000 0.000 0.000 0.000 0.000 0.000 0.000 0.000 0.000 0.000 0.000 0.000 0.000 0.000 0.000 0.000 0.000 0.000 0.000 0.000 0.000 0.000 0.000 0.000 0.000 0.000 0.000 0.000 0.000 0.000 0.000 0.000 0.000 0.000 0.000 0.000 0.000 0.000 0.000 0.000 0.000 0.000 0.000 0.000 0.000 0.000 0.000 0.000 0.000 0.000 0.000 0.000 0.000 0.000 0.000 0.000 0.000 0.000 0.000 0.000 0.000 0.000 0.000 0.000 0.000 0.000 0.000 0.000 0.000 0.000 0.000 0.000 0.000
0.000 0.000 0.000 0.000 0.000 0.000 0.000 0.000 0.000 0.000 0.000 0.000 0.000 0.000 0.000 0.000 0.000 0.000 0.000 0.000 0.000 0.000 0.000 0.000 0.000 0.000 0.000 0.000 0.000 0.000 0.000 0.000 0.000 0.000 0.000 0.000 0.000 0.000 0.000 0.000 0.000 0.000 0.000 0.000 0.000 0.000 0.000 0.000 0.000 0.000 0.000 0.000 0.000 0.000 0.000 0.000 0.000 0.000 0.000 0.000 0.000 0.000 0.000 0.000 0.000 0.000 0.000 0.000 0.000 0.000 0.000 0.000 0.000 0.000 0.000 0.000 0.000
0.000 0.000 0.000 0.000 0.000 0.000 0.000 0.000 0.000 0.000 0.000 0.000 0.000 0.000 0.000 0.000 0.000 0.000 0.000 0.000 0.000 0.000 0.000 0.000 0.000 0.000 0.000 0.000 0.000 0.000 0.000 0.000 0.000 0.000 0.000 0.000 0.000 0.000 0.000 0.000 0.000 0.000 0.000 0.000 0.000 0.000 0.000 0.000 0.000 0.000 0.000 0.000 0.000 0.000 0.000 0.000 0.000 0.000 0.000 0.000 0.000 0.000 0.000 0.000 0.000 0.000 0.000 0.000 0.000 0.000 0.000 0.000 0.000 0.000 0.000 0.000 0.000
0.000 0.000 0.000 0.000 0.000 0.000 0.000 0.000 0.000 0.000 0.000 0.000 0.000 0.000 0.000 0.000 0.000 0.000 0.000 0.000 0.000 0.000 0.000 0.000 0.000 0.000 0.000 0.000 0.000 0.000 0.000 0.000 0.000 0.000 0.000 0.000 0.000 0.000 0.000 0.000 0.000 0.000 0.000 0.000 0.000 0.000 0.000 0.000 0.000 0.000 0.000 0.000 0.000 0.000 0.000 0.000 0.000 0.000 0.000 0.000 0.000 0.000 0.000 0.000 0.000 0.000 0.000 0.000 0.000 0.000 0.000 0.000 0.000 0.000 0.000 0.000 0.000
0.000 0.000 0.000 0.000 0.000 0.000 0.000 0.000 0.000 0.000 0.000 0.000 0.000 0.000 0.000 0.000 0.000 0.000 0.000 0.000 0.000 0.000 0.000 0.000 0.000 0.000 0.000 0.000 0.000 0.000 0.000 0.000 0.000 0.000 0.000 0.000 0.000 0.000 0.000 0.000 0.000 0.000 0.000 0.000 0.000 0.000 0.000 0.000 0.000 0.000 0.000 0.000 0.000 0.000 0.000 0.000 0.000 0.000 0.000 0.000 0.000 0.000 0.000 0.000 0.000 0.000 0.000 0.000 0.000 0.000 0.000 0.000 0.000 0.000 0.000 0.000 0.000
0.000 0.000 0.000 0.000 0.000 0.000 0.000 0.000 0.000 0.000 0.000 0.000 0.000 0.000 0.000 0.000 0.000 0.000 0.000 0.000 0.000 0.000 0.000 0.000 0.000 0.000 0.000 0.000 0.000 0.000 0.000 0.000 0.000 0.000 0.000 0.000 0.000 0.000 0.000 0.000 0.000 0.000 0.000 0.000 0.000 0.000 0.000 0.000 0.000 0.000 0.000 0.000 0.000 0.000 0.000 0.000 0.000 0.000 0.000 0.000 0.000 0.000 0.000 0.000 0.000 0.000 0.000 0.000 0.000 0.000 0.000 0.000 0.000 0.000 0.000 0.000 0.000
0.000 0.000 0.000 0.000 0.000 0.000 0.000 0.000 0.000 0.000 0.000 0.000 0.000 0.000 0.000 0.000 0.000 0.000 0.000 0.000 0.000 0.000 0.000 0.000 0.000 0.000 0.000 0.000 0.000 0.000 0.000 0.000 0.000 0.000 0.000 0.000 0.000 0.000 0.000 0.000 0.000 0.000 0.000 0.000 0.000 0.000 0.000 0.000 0.000 0.000 0.000 0.000 0.000 0.000 0.000 0.000 0.000 0.000 0.000 0.000 0.000 0.000 0.000 0.000 0.000 0.000 0.000 0.000 0.000 0.000 0.000 0.000 0.000 0.000 0.000 0.000 0.000
0.001 0.001 0.001 0.001 0.001 0.001 0.001 0.001 0.001 0.001 0.001 0.001 0.001 0.001 0.001 0.001 0.001 0.001 0.001 0.001 0.001 0.000 0.000 0.000 0.000 0.000 0.000 0.000 0.000 0.000 0.000 0.000 0.000 0.000 0.000 0.000 0.000 0.000 0.000 0.000 0.000 0.000 0.000 0.000 0.000 0.000 0.000 0.000 0.000 0.000 0.000 0.000 0.000 0.000 0.000 0.000 0.000 0.000 0.000 0.000 0.000 0.000 0.000 0.000 0.000 0.000 0.000 0.000 0.000 0.000 0.000 0.000 0.000 0.000 0.000 0.000 0.000
0.002 0.002 0.002 0.002 0.002 0.002 0.002 0.002 0.002 0.002 0.002 0.002 0.002 0.002 0.002 0.002 0.002 0.002 0.002 0.002 0.001 0.001 0.001 0.000 0.000 0.000 0.000 0.000 0.000 0.000 0.000 0.000 0.000 0.000 0.000 0.000 0.000 0.000 0.000 0.000 0.000 0.000 0.000 0.000 0.000 0.000 0.000 0.000 0.000 0.000 0.000 0.000 0.000 0.000 0.000 0.000 0.000 0.000 0.000 0.000 0.000 0.000 0.000 0.000 0.000 0.000 0.000 0.000 0.000 0.000 0.000 0.000 0.000 0.000 0.000 0.000 0.000
0.003 0.003 0.003 0.003 0.003 0.003 0.004 0.004 0.004 0.004 0.004 0.004 0.004 0.004 0.004 0.004 0.004 0.004 0.003 0.003 0.003 0.002 0.002 0.001 0.001 0.001 0.001 0.000 0.000 0.000 0.000 0.000 0.000 0.000 0.000 0.000 0.000 0.000 0.000 0.000 0.000 0.000 0.000 0.000 0.000 0.000 0.000 0.000 0.000 0.000 0.000 0.001 0.001 0.001 0.001 0.000 0.000 0.000 0.000 0.000 0.000 0.000 0.000 0.000 0.000 0.000 0.000 0.000 0.000 0.000 0.000 0.000 0.000 0.000 0.000 0.000 0.000
0.004 0.004 0.005 0.005 0.005 0.005 0.005 0.005 0.005 0.005 0.005 0.005 0.005 0.005 0.005 0.005 0.005 0.005 0.005 0.004 0.004 0.003 0.003 0.002 0.002 0.002 0.001 0.001 0.001 0.001 0.001 0.001 0.001 0.001 0.000 0.000 0.000 0.000 0.000 0.000 0.000 0.000 0.001 0.001 0.001 0.001 0.001 0.001 0.001 0.001 0.002 0.002 0.002 0.002 0.002 0.002 0.001 0.001 0.001 0.001 0.001 0.001 0.001 0.001 0.001 0.001 0.001 0.000 0.000 0.000 0.000 0.000 0.000 0.000 0.000 0.000 0.000
0.006 0.006 0.006 0.006 0.006 0.006 0.006 0.006 0.006 0.006 0.006 0.006 0.006 0.006 0.006 0.006 0.006 0.006 0.006 0.005 0.005 0.005 0.004 0.003 0.003 0.003 0.002 0.002 0.002 0.002 0.002 0.002 0.001 0.001 0.001 0.001 0.001 0.001 0.001 0.001 0.001 0.002 0.002 0.002 0.002 0.002 0.002 0.002 0.003 0.003 0.003 0.003 0.003 0.003 0.003 0.003 0.003 0.003 0.003 0.003 0.002 0.002 0.002 0.002 0.002 0.002 0.002 0.001 0.001 0.001 0.001 0.001 0.001 0.001 0.001 0.000 0.000
0.007 0.007 0.007 0.007 0.007 0.007 0.007 0.007 0.007 0.007 0.007 0.007 0.007 0.007 0.007 0.007 0.007 0.007 0.007 0.007 0.006 0.006 0.005 0.005 0.004 0.004 0.004 0.003 0.003 0.003 0.003 0.003 0.003 0.003 0.003 0.003 0.003 0.003 0.003 0.003 0.003 0.003 0.003 0.003 0.004 0.004 0.004 0.005 0.005 0.005 0.005 0.006 0.006 0.005 0.005 0.005 0.005 0.005 0.005 0.004 0.004 0.004 0.004 0.004 0.003 0.003 0.003 0.003 0.002 0.002 0.002 0.002 0.002 0.002 0.001 0.001 0.001
0.008 0.008 0.008 0.008 0.008 0.008 0.008 0.008 0.008 0.008 0.008 0.008 0.008 0.008 0.008 0.008 0.008 0.008 0.008 0.008 0.007 0.007 0.007 0.006 0.006 0.005 0.005 0.005 0.005 0.005 0.005 0.004 0.004 0.004 0.004 0.004 0.004 0.004 0.005 0.005 0.005 0.005 0.005 0.006 0.006 0.006 0.007 0.007 0.008 0.008 0.008 0.008 0.008 0.008 0.008 0.008 0.007 0.007 0.007 0.006 0.006 0.006 0.006 0.005 0.005 0.005 0.005 0.004 0.004 0.004 0.004 0.004 0.003 0.003 0.003 0.003 0.003
0.009 0.009 0.009 0.009 0.009 0.009 0.009 0.009 0.009 0.009 0.009 0.009 0.009 0.009 0.009 0.009 0.009 0.009 0.009 0.008 0.008 0.008 0.008 0.007 0.007 0.007 0.007 0.007 0.006 0.006 0.006 0.006 0.006 0.006 0.006 0.006 0.006 0.007 0.007 0.007 0.007 0.008 0.008 0.008 0.009 0.009 0.010 0.011 0.011 0.011 0.012 0.012 0.011 0.011 0.011 0.010 0.010 0.009 0.009 0.009 0.008 0.008 0.008 0.007 0.007 0.007 0.007 0.006 0.006 0.006 0.006 0.005 0.005 0.005 0.005 0.004 0.004
0.011 0.011 0.010 0.010 0.010 0.010 0.010 0.010 0.010 0.010 0.010 0.010 0.010 0.010 0.010 0.010 0.010 0.010 0.010 0.009 0.009 0.009 0.009 0.009 0.009 0.008 0.008 0.008 0.008 0.008 0.008 0.008 0.008 0.008 0.009 0.009 0.009 0.009 0.009 0.010 0.010 0.011 0.011 0.012 0.012 0.013 0.014 0.015 0.015 0.016 0.016 0.015 0.015 0.015 0.014 0.013 0.012 0.012 0.011 0.011 0.011 0.010 0.010 0.010 0.009 0.009 0.009 0.009 0.008 0.008 0.008 0.008 0.007 0.007 0.007 0.007 0.006
0.014 0.013 0.012 0.012 0.011 0.011 0.011 0.011 0.011 0.011 0.011 0.011 0.011 0.011 0.011 0.011 0.011 0.011 0.011 0.010 0.010 0.010 0.010 0.010 0.010 0.010 0.010 0.010 0.010 0.010 0.010 0.011 0.011 0.011 0.011 0.011 0.011 0.011 0.012 0.012 0.013 0.014 0.014 0.015 0.016 0.017 0.019 0.020 0.021 0.021 0.021 0.021 0.020 0.019 0.018 0.016 0.015 0.015 0.014 0.014 0.013 0.013 0.013 0.012 0.012 0.012 0.012 0.011 0.011 0.011 0.011 0.011 0.010 0.010 0.009 0.009 0.009
0.022 0.018 0.016 0.014 0.013 0.013 0.012 0.012 0.012 0.012 0.012 0.012 0.012 0.012 0.012 0.012 0.012 0.012 0.012 0.011 0.011 0.011 0.011 0.011 0.011 0.011 0.012 0.012 0.012 0.012 0.013 0.013 0.013 0.013 0.013 0.013 0.013 0.014 0.015 0.015 0.016 0.017 0.018 0.019 0.021 0.023 0.026 0.028 0.029 0.029 0.028 0.027 0.026 0.024 0.023 0.021 0.020 0.019 0.019 0.018 0.018 0.017 0.017 0.016 0.016 0.016 0.016 0.016 0.016 0.015 0.015 0.015 0.014 0.014 0.012 0.012 0.011
0.049 0.034 0.024 0.019 0.017 0.015 0.014 0.014 0.014 0.013 0.013 0.013 0.013 0.013 0.013 0.013 0.013 0.013 0.013 0.013 0.013 0.013 0.013 0.013 0.013 0.013 0.013 0.013 0.014 0.014 0.015 0.015 0.015 0.015 0.015 0.015 0.016 0.016 0.017 0.018 0.020 0.021 0.022 0.024 0.026 0.030 0.035 0.039 0.040 0.040 0.039 0.038 0.035 0.033 0.032 0.030 0.029 0.029 0.028 0.028 0.027 0.026 0.025 0.024 0.024 0.024 0.024 0.024 0.024 0.023 0.023 0.022 0.021 0.019 0.017 0.015 0.015
0.178 0.099 0.056 0.035 0.025 0.020 0.018 0.017 0.016 0.015 0.015 0.015 0.015 0.015 0.015 0.015 0.015 0.015 0.014 0.014 0.014 0.014 0.014 0.015 0.015 0.015 0.015 0.015 0.016 0.017 0.017 0.017 0.017 0.018 0.018 0.018 0.018 0.019 0.020 0.021 0.023 0.024 0.026 0.028 0.032 0.037 0.045 0.054 0.057 0.057 0.056 0.053 0.051 0.050 0.050 0.051 0.051 0.052 0.054 0.055 0.054 0.052 0.049 0.045 0.043 0.043 0.043 0.043 0.043 0.042 0.041 0.040 0.037 0.030 0.023 0.020 0.019
0.785 0.414 0.204 0.102 0.056 0.035 0.026 0.022 0.020 0.019 0.019 0.018 0.018 0.018 0.017 0.017 0.017 0.017 0.016 0.016 0.016 0.016 0.016 0.016 0.016 0.017 0.017 0.017 0.018 0.019 0.019 0.020 0.020 0.020 0.020 0.020 0.021 0.022 0.023 0.024 0.026 0.028 0.030 0.033 0.037 0.043 0.053 0.067 0.076 0.079 0.078 0.077 0.078 0.082 0.089 0.099 0.107 0.115 0.125 0.131 0.132 0.128 0.121 0.110 0.102 0.098 0.096 0.096 0.096 0.098 0.097 0.094 0.083 0.060 0.038 0.029 0.025
2.628 1.555 0.812 0.390 0.186 0.096 0.057 0.040 0.032 0.028 0.026 0.024 0.023 0.022 0.021 0.020 0.020 0.019 0.019 0.019 0.019 0.018 0.019 0.019 0.019 0.019 0.019 0.019 0.020 0.021 0.022 0.023 0.023 0.023 0.024 0.024 0.024 0.025 0.026 0.027 0.029 0.031 0.034 0.038 0.042 0.049 0.060 0.077 0.092 0.102 0.108 0.114 0.124 0.142 0.170 0.205 0.236 0.263 0.288 0.307 0.318 0.321 0.314 0.296 0.271 0.253 0.245 0.245 0.253 0.266 0.268 0.260 0.229 0.155 0.084 0.051 0.038
5.371 3.884 2.381 1.297 0.667 0.337 0.178 0.105 0.071 0.054 0.045 0.039 0.035 0.031 0.028 0.026 0.024 0.023 0.023 0.022 0.022 0.022 0.021 0.021 0.021 0.021 0.022 0.022 0.023 0.024 0.025 0.026 0.027 0.028 0.028 0.029 0.028 0.028 0.029 0.031 0.033 0.036 0.039 0.044 0.050 0.058 0.070 0.088 0.109 0.128 0.148 0.173 0.209 0.261 0.334 0.428 0.510 0.575 0.625 0.667 0.702 0.725 0.730 0.714 0.675 0.638 0.625 0.634 0.678 0.745 0.757 0.729 0.638 0.444 0.228 0.116 0.069
7.323 6.133 4.628 3.093 1.872 1.078 0.605 0.343 0.205 0.134 0.097 0.077 0.065 0.056 0.047 0.040 0.036 0.033 0.031 0.030 0.028 0.027 0.026 0.026 0.025 0.025 0.026 0.026 0.027 0.027 0.028 0.029 0.031 0.032 0.033 0.033 0.033 0.033 0.034 0.036 0.039 0.043 0.048 0.055 0.065 0.077 0.092 0.112 0.139 0.175 0.224 0.291 0.384 0.508 0.674 0.869 1.035 1.145 1.211 1.258 1.300 1.334 1.351 1.354 1.333 1.312 1.323 1.368 1.478 1.660 1.790 1.764 1.583 1.181 0.643 0.306 0.156
8.609 7.638 6.503 5.218 3.830 2.517 1.574 0.969 0.587 0.360 0.237 0.177 0.147 0.125 0.104 0.084 0.070 0.061 0.054 0.048 0.043 0.038 0.035 0.033 0.033 0.032 0.032 0.032 0.032 0.032 0.032 0.033 0.035 0.036 0.037 0.037 0.038 0.039 0.041 0.045 0.049 0.056 0.067 0.081 0.098 0.118 0.141 0.170 0.216 0.287 0.394 0.547 0.749 1.015 1.300 1.519 1.630 1.663 1.653 1.642 1.640 1.651 1.670 1.696 1.725 1.766 1.832 1.917 2.039 2.255 2.568 2.768 2.747 2.403 1.598 0.790 0.386
9.687 8.815 7.869 6.818 5.612 4.246 2.986 2.008 1.313 0.845 0.562 0.419 0.353 0.309 0.267 0.223 0.181 0.149 0.125 0.105 0.086 0.069 0.057 0.051 0.048 0.046 0.044 0.042 0.040 0.038 0.038 0.039 0.040 0.040 0.041 0.042 0.045 0.049 0.054 0.061 0.071 0.087 0.110 0.139 0.172 0.207 0.248 0.304 0.394 0.539 0.759 1.068 1.403 1.689 1.857 1.917 1.896 1.838 1.779 1.736 1.705 1.693 1.702 1.731 1.782 1.848 1.929 2.022 2.139 2.343 2.696 3.092 3.263 3.186 2.682 1.716 0.883
10.666 9.803 8.915 7.937 6.846 5.623 4.361 3.246 2.334 1.650 1.194 0.939 0.818 0.747 0.680 0.599 0.502 0.414 0.342 0.282 0.226 0.173 0.129 0.101 0.086 0.078 0.071 0.064 0.057 0.051 0.048 0.047 0.047 0.048 0.049 0.053 0.057 0.065 0.077 0.095 0.123 0.162 0.212 0.269 0.327 0.389 0.465 0.583 0.768 1.040 1.395 1.726 1.939 2.045 2.066 2.021 1.936 1.835 1.762 1.708 1.658 1.620 1.604 1.611 1.642 1.697 1.765 1.842 1.942 2.118 2.456 2.964 3.314 3.361 3.154 2.522 1.617
11.571 10.629 9.718 8.772 7.796 6.759 5.647 4.540 3.557 2.789 2.245 1.903 1.715 1.595 1.483 1.343 1.176 1.020 0.883 0.758 0.637 0.505 0.362 0.260 0.201 0.166 0.141 0.119 0.097 0.080 0.069 0.065 0.064 0.066 0.070 0.078 0.089 0.106 0.136 0.184 0.253 0.340 0.439 0.535 0.631 0.736 0.887 1.140 1.438 1.700 1.918 2.067 2.131 2.130 2.086 1.991 1.849 1.700 1.592 1.511 1.432 1.363 1.324 1.304 1.291 1.293 1.310 1.340 1.404 1.530 1.790 2.314 2.973 3.260 3.198 2.842 2.207
12.416 11.358 10.417 9.521 8.668 7.805 6.898 5.914 4.984 4.267 3.745 3.376 3.116 2.904 2.686 2.434 2.205 2.014 1.839 1.668 1.483 1.236 0.920 0.674 0.518 0.415 0.336 0.268 0.207 0.159 0.130 0.117 0.114 0.117 0.127 0.145 0.174 0.221 0.300 0.416 0.561 0.725 0.893 1.045 1.190 1.369 1.634 1.900 2.048 2.103 2.127 2.145 2.140 2.092 1.970 1.770 1.526 1.300 1.126 1.003 0.909 0.844 0.811 0.789 0.766 0.750 0.746 0.751 0.783 0.857 1.006 1.349 2.085 2.811 3.008 2.848 2.456
13.241 12.086 11.146 10.333 9.576 8.833 8.084 7.301 6.557 5.978 5.539 5.189 4.881 4.562 4.184 3.765 3.467 3.273 3.109 2.938 2.699 2.321 1.809 1.390 1.120 0.936 0.782 0.640 0.503 0.384 0.306 0.270 0.262 0.267 0.288 0.329 0.399 0.518 0.704 0.944 1.195 1.454 1.703 1.910 2.071 2.197 2.307 2.345 2.295 2.215 2.144 2.088 2.000 1.831 1.548 1.217 0.920 0.710 0.579 0.500 0.452 0.429 0.423 0.424 0.425 0.425 0.426 0.431 0.449 0.491 0.573 0.745 1.159 1.962 2.543 2.632 2.460
14.176 13.026 12.102 11.350 10.639 9.937 9.290 8.698 8.159 7.732 7.398 7.099 6.783 6.397 5.906 5.349 4.926 4.648 4.411 4.148 3.788 3.275 2.632 2.108 1.768 1.576 1.437 1.288 1.112 0.914 0.756 0.676 0.654 0.662 0.699 0.773 0.909 1.165 1.545 1.906 2.184 2.391 2.550 2.658 2.698 2.668 2.578 2.450 2.307 2.154 1.984 1.774 1.493 1.163 0.844 0.610 0.463 0.366 0.308 0.277 0.260 0.251 0.250 0.254 0.259 0.263 0.267 0.273 0.288 0.318 0.369 0.464 0.668 1.141 1.816 2.206 2.282
15.231 14.211 13.408 12.738 12.076 11.428 10.889 10.433 10.042 9.717 9.449 9.189 8.901 8.524 8.027 7.416 6.803 6.259 5.765 5.286 4.749 4.075 3.308 2.685 2.252 2.010 1.905 1.846 1.774 1.654 1.521 1.443 1.425 1.455 1.524 1.637 1.832 2.169 2.541 2.755 2.855 2.899 2.919 2.915 2.871 2.768 2.592 2.354 2.075 1.760 1.401 1.029 0.720 0.509 0.376 0.290 0.234 0.201 0.184 0.178 0.175 0.173 0.172 0.173 0.176 0.178 0.181 0.187 0.200 0.224 0.261 0.323 0.437 0.672 1.127 1.649 1.963
