RESULTS/r.avaflow_results/13_results/13_ascii/13_hflow10060.asc
ncols 506
nrows 317
xllcenter 498237.50
yllcenter 5580050.00
cellsize 12.50
NODATA_value -9999.000
[rows 170 to 203 of 317, columns 154 to 230 of 506]
14.369 12.789 11.333 9.993 8.789 7.689 6.730 5.884 5.140 4.482 3.896 3.384 2.922 2.512 2.147 1.820 1.530 1.273 1.047 0.852 0.683 0.538 0.416 0.316 0.236 0.176 0.136 0.112 0.099 0.093 0.091 0.090 0.090 0.090 0.090 0.090 0.091 0.092 0.091 0.086 0.079 0.072 0.067 0.063 0.058 0.052 0.044 0.035 0.027 0.020 0.015 0.011 0.009 0.007 0.006 0.005 0.005 0.005 0.005 0.006 0.006 0.006 0.006 0.005 0.005 0.005 0.006 0.007 0.010 0.018 0.027 0.031 0.032 0.030 0.023 0.015 0.009
15.510 13.921 12.385 10.956 9.689 8.508 7.468 6.555 5.733 5.012 4.371 3.809 3.303 2.849 2.441 2.074 1.748 1.461 1.207 0.984 0.788 0.620 0.477 0.360 0.266 0.194 0.145 0.115 0.101 0.097 0.097 0.099 0.101 0.101 0.099 0.097 0.095 0.094 0.091 0.086 0.077 0.069 0.064 0.058 0.052 0.044 0.033 0.022 0.014 0.009 0.006 0.005 0.004 0.004 0.004 0.004 0.004 0.004 0.004 0.005 0.005 0.004 0.004 0.004 0.004 0.004 0.004 0.005 0.007 0.012 0.020 0.027 0.029 0.029 0.027 0.021 0.013
16.408 14.811 13.235 11.749 10.422 9.192 8.087 7.119 6.246 5.474 4.785 4.177 3.630 3.140 2.696 2.297 1.943 1.629 1.352 1.108 0.894 0.708 0.548 0.413 0.303 0.218 0.157 0.119 0.100 0.096 0.097 0.100 0.102 0.102 0.100 0.097 0.094 0.091 0.087 0.079 0.068 0.058 0.050 0.043 0.035 0.026 0.016 0.009 0.006 0.004 0.003 0.003 0.002 0.002 0.002 0.003 0.003 0.004 0.004 0.004 0.004 0.004 0.003 0.003 0.003 0.003 0.003 0.003 0.005 0.008 0.014 0.022 0.027 0.029 0.029 0.026 0.020
17.039 15.429 13.851 12.339 10.982 9.733 8.604 7.592 6.681 5.867 5.142 4.494 3.914 3.393 2.917 2.491 2.111 1.772 1.474 1.212 0.984 0.785 0.614 0.469 0.347 0.250 0.176 0.128 0.101 0.092 0.092 0.095 0.097 0.097 0.096 0.092 0.087 0.082 0.075 0.063 0.048 0.035 0.027 0.020 0.015 0.010 0.006 0.004 0.003 0.002 0.002 0.002 0.002 0.002 0.002 0.002 0.003 0.003 0.004 0.004 0.003 0.003 0.003 0.002 0.002 0.002 0.002 0.003 0.003 0.005 0.009 0.015 0.023 0.027 0.028 0.028 0.025
17.350 15.758 14.208 12.732 11.390 10.146 9.012 7.980 7.067 6.218 5.455 4.767 4.155 3.606 3.108 2.660 2.254 1.893 1.575 1.298 1.056 0.846 0.666 0.514 0.387 0.284 0.203 0.144 0.107 0.089 0.083 0.083 0.084 0.084 0.082 0.077 0.070 0.063 0.052 0.038 0.024 0.016 0.011 0.008 0.005 0.004 0.002 0.002 0.001 0.001 0.001 0.001 0.001 0.002 0.002 0.002 0.003 0.003 0.003 0.003 0.003 0.003 0.002 0.002 0.002 0.002 0.002 0.002 0.003 0.004 0.006 0.010 0.018 0.025 0.028 0.028 0.027
17.494 15.902 14.399 12.985 11.667 10.453 9.332 8.287 7.351 6.485 5.704 4.991 4.354 3.776 3.256 2.787 2.365 1.987 1.654 1.361 1.109 0.891 0.704 0.546 0.415 0.309 0.226 0.162 0.118 0.091 0.076 0.069 0.066 0.063 0.057 0.050 0.042 0.035 0.026 0.017 0.011 0.007 0.004 0.003 0.002 0.002 0.001 0.001 0.001 0.001 0.001 0.001 0.001 0.001 0.002 0.002 0.003 0.003 0.003 0.003 0.003 0.003 0.002 0.002 0.002 0.002 0.002 0.002 0.002 0.003 0.004 0.006 0.012 0.020 0.026 0.027 0.027
17.497 15.942 14.483 13.121 11.837 10.654 9.547 8.517 7.580 6.702 5.894 5.160 4.498 3.900 3.363 2.875 2.437 2.048 1.704 1.401 1.143 0.918 0.727 0.565 0.431 0.323 0.239 0.175 0.127 0.094 0.073 0.059 0.048 0.038 0.029 0.023 0.019 0.015 0.011 0.007 0.005 0.003 0.002 0.002 0.001 0.001 0.001 0.001 0.001 0.001 0.001 0.001 0.001 0.002 0.002 0.002 0.003 0.003 0.003 0.003 0.003 0.003 0.002 0.002 0.002 0.002 0.002 0.002 0.002 0.002 0.003 0.004 0.008 0.015 0.021 0.025 0.025
17.438 15.947 14.509 13.170 11.928 10.770 9.693 8.673 7.736 6.855 6.039 5.292 4.603 3.990 3.430 2.927 2.476 2.078 1.726 1.419 1.155 0.929 0.736 0.573 0.438 0.329 0.245 0.180 0.131 0.095 0.068 0.047 0.031 0.019 0.013 0.009 0.007 0.006 0.005 0.003 0.002 0.002 0.001 0.001 0.001 0.001 0.001 0.001 0.001 0.001 0.001 0.001 0.001 0.002 0.002 0.003 0.003 0.003 0.003 0.003 0.003 0.003 0.002 0.002 0.002 0.002 0.002 0.002 0.002 0.002 0.002 0.003 0.005 0.010 0.016 0.020 0.023
17.319 15.891 14.487 13.175 11.959 10.833 9.796 8.789 7.854 6.986 6.164 5.403 4.699 4.061 3.475 2.958 2.491 2.083 1.727 1.419 1.155 0.929 0.738 0.575 0.439 0.330 0.244 0.178 0.128 0.088 0.057 0.033 0.017 0.009 0.005 0.004 0.003 0.003 0.002 0.002 0.001 0.001 0.001 0.001 0.001 0.001 0.001 0.001 0.001 0.001 0.001 0.001 0.002 0.002 0.003 0.003 0.004 0.004 0.004 0.004 0.003 0.003 0.003 0.002 0.002 0.002 0.002 0.002 0.002 0.002 0.002 0.003 0.004 0.007 0.010 0.015 0.019
17.105 15.724 14.389 13.124 11.940 10.862 9.863 8.897 7.978 7.113 6.293 5.516 4.790 4.124 3.520 2.982 2.500 2.081 1.721 1.410 1.145 0.922 0.733 0.570 0.434 0.323 0.233 0.162 0.107 0.065 0.035 0.016 0.008 0.004 0.002 0.002 0.002 0.001 0.001 0.001 0.001 0.001 0.001 0.001 0.001 0.001 0.001 0.001 0.001 0.001 0.001 0.002 0.002 0.003 0.004 0.004 0.004 0.004 0.004 0.004 0.004 0.004 0.003 0.003 0.002 0.002 0.002 0.002 0.002 0.002 0.002 0.003 0.003 0.005 0.007 0.011 0.014
16.744 15.440 14.175 12.987 11.876 10.859 9.909 8.997 8.103 7.242 6.423 5.641 4.894 4.203 3.570 3.007 2.507 2.074 1.702 1.386 1.120 0.898 0.711 0.550 0.414 0.297 0.198 0.118 0.062 0.029 0.013 0.006 0.003 0.002 0.001 0.001 0.001 0.001 0.001 0.001 0.001 0.001 0.001 0.001 0.001 0.001 0.001 0.001 0.001 0.001 0.002 0.002 0.003 0.004 0.005 0.005 0.005 0.005 0.005 0.005 0.005 0.004 0.004 0.003 0.003 0.002 0.002 0.002 0.002 0.002 0.002 0.003 0.003 0.004 0.006 0.008 0.011
16.167 14.995 13.842 12.759 11.744 10.811 9.933 9.090 8.246 7.403 6.561 5.760 4.991 4.281 3.628 3.045 2.522 2.069 1.680 1.351 1.074 0.841 0.647 0.487 0.351 0.230 0.127 0.057 0.022 0.009 0.004 0.002 0.002 0.001 0.001 0.001 0.001 0.001 0.001 0.001 0.001 0.001 0.001 0.001 0.001 0.001 0.001 0.001 0.001 0.002 0.002 0.003 0.005 0.006 0.007 0.007 0.007 0.007 0.007 0.006 0.006 0.006 0.005 0.004 0.003 0.003 0.003 0.002 0.002 0.002 0.002 0.003 0.003 0.004 0.005 0.007 0.009
15.465 14.386 13.361 12.412 11.524 10.707 9.923 9.155 8.369 7.552 6.679 5.834 5.044 4.321 3.660 3.066 2.527 2.053 1.639 1.279 0.964 0.691 0.474 0.314 0.197 0.107 0.047 0.017 0.006 0.003 0.002 0.001 0.001 0.001 0.001 0.001 0.001 0.001 0.001 0.001 0.001 0.001 0.001 0.001 0.001 0.001 0.001 0.001 0.002 0.002 0.003 0.005 0.007 0.009 0.010 0.010 0.010 0.010 0.009 0.009 0.008 0.007 0.006 0.005 0.004 0.004 0.003 0.003 0.003 0.003 0.003 0.003 0.003 0.004 0.005 0.007 0.009
14.656 13.669 12.751 11.941 11.201 10.523 9.853 9.174 8.435 7.623 6.740 5.862 5.058 4.332 3.667 3.052 2.484 1.959 1.476 1.042 0.663 0.370 0.194 0.104 0.055 0.027 0.011 0.004 0.002 0.001 0.001 0.001 0.001 0.001 0.001 0.001 0.001 0.001 0.001 0.001 0.001 0.001 0.001 0.001 0.001 0.001 0.001 0.002 0.002 0.003 0.006 0.009 0.013 0.015 0.016 0.016 0.015 0.014 0.013 0.012 0.011 0.010 0.008 0.007 0.006 0.005 0.004 0.003 0.003 0.003 0.003 0.004 0.004 0.005 0.006 0.008 0.010
13.871 12.915 12.056 11.326 10.706 10.179 9.648 9.079 8.402 7.613 6.734 5.822 4.976 4.217 3.514 2.837 2.173 1.541 0.971 0.517 0.236 0.100 0.043 0.021 0.011 0.006 0.003 0.002 0.001 0.001 0.001 0.001 0.001 0.001 0.001 0.001 0.001 0.001 0.001 0.001 0.001 0.001 0.001 0.001 0.001 0.001 0.002 0.002 0.004 0.007 0.013 0.020 0.025 0.029 0.030 0.029 0.026 0.023 0.020 0.018 0.016 0.014 0.011 0.009 0.008 0.006 0.005 0.005 0.004 0.004 0.004 0.005 0.006 0.007 0.008 0.010 0.013
13.090 12.120 11.252 10.506 9.893 9.395 8.934 8.463 7.915 7.226 6.407 5.459 4.467 3.562 2.761 2.008 1.296 0.708 0.323 0.125 0.044 0.017 0.008 0.005 0.003 0.002 0.001 0.001 0.001 0.001 0.001 0.001 0.001 0.001 0.001 0.001 0.001 0.001 0.001 0.001 0.001 0.001 0.001 0.001 0.002 0.002 0.003 0.005 0.010 0.020 0.036 0.050 0.058 0.062 0.061 0.054 0.046 0.039 0.034 0.029 0.025 0.021 0.017 0.013 0.011 0.009 0.008 0.007 0.006 0.006 0.006 0.007 0.008 0.010 0.012 0.016 0.021
12.294 11.266 10.295 9.398 8.591 7.909 7.345 6.835 6.324 5.726 5.004 4.075 2.949 1.951 1.221 0.723 0.382 0.165 0.058 0.019 0.008 0.004 0.003 0.002 0.001 0.001 0.001 0.001 0.001 0.001 0.001 0.001 0.001 0.001 0.001 0.001 0.001 0.001 0.001 0.001 0.002 0.002 0.002 0.002 0.003 0.005 0.008 0.016 0.034 0.063 0.097 0.120 0.129 0.128 0.115 0.096 0.079 0.067 0.058 0.050 0.043 0.034 0.027 0.021 0.017 0.014 0.011 0.010 0.008 0.008 0.008 0.009 0.010 0.013 0.017 0.024 0.031
11.291 10.112 9.002 7.917 6.800 5.728 4.813 4.052 3.411 2.830 2.251 1.632 1.006 0.548 0.282 0.144 0.066 0.026 0.010 0.004 0.003 0.002 0.002 0.001 0.001 0.001 0.001 0.001 0.001 0.001 0.001 0.001 0.001 0.001 0.001 0.002 0.002 0.002 0.002 0.002 0.003 0.004 0.005 0.006 0.009 0.015 0.028 0.058 0.111 0.172 0.220 0.241 0.231 0.200 0.166 0.140 0.121 0.106 0.094 0.082 0.067 0.053 0.040 0.031 0.024 0.018 0.014 0.011 0.010 0.009 0.009 0.009 0.011 0.015 0.020 0.028 0.037
9.948 8.665 7.440 6.211 4.926 3.686 2.617 1.799 1.232 0.847 0.571 0.353 0.194 0.098 0.049 0.025 0.012 0.006 0.003 0.002 0.002 0.002 0.001 0.001 0.001 0.001 0.001 0.001 0.001 0.001 0.002 0.002 0.002 0.002 0.002 0.003 0.003 0.004 0.005 0.007 0.009 0.011 0.015 0.022 0.032 0.055 0.106 0.193 0.287 0.357 0.382 0.352 0.293 0.236 0.195 0.168 0.149 0.134 0.119 0.102 0.082 0.063 0.049 0.037 0.027 0.020 0.015 0.012 0.010 0.009 0.009 0.009 0.011 0.015 0.021 0.029 0.038
8.308 6.996 5.708 4.418 3.165 2.073 1.227 0.670 0.359 0.200 0.114 0.065 0.035 0.019 0.011 0.006 0.004 0.003 0.002 0.002 0.002 0.002 0.001 0.001 0.001 0.002 0.002 0.002 0.002 0.002 0.003 0.003 0.004 0.005 0.006 0.008 0.010 0.013 0.018 0.023 0.031 0.041 0.057 0.081 0.121 0.196 0.330 0.466 0.537 0.543 0.488 0.397 0.313 0.252 0.210 0.182 0.162 0.145 0.127 0.108 0.086 0.067 0.051 0.039 0.029 0.021 0.015 0.012 0.010 0.009 0.009 0.009 0.011 0.015 0.021 0.029 0.038
6.380 4.975 3.642 2.478 1.550 0.868 0.429 0.195 0.090 0.046 0.026 0.017 0.011 0.007 0.005 0.004 0.003 0.002 0.002 0.002 0.002 0.002 0.002 0.002 0.002 0.002 0.003 0.003 0.004 0.005 0.007 0.009 0.012 0.016 0.021 0.027 0.036 0.049 0.066 0.088 0.116 0.154 0.206 0.273 0.369 0.514 0.661 0.730 0.717 0.641 0.520 0.405 0.321 0.260 0.218 0.188 0.165 0.146 0.128 0.108 0.086 0.068 0.052 0.039 0.029 0.021 0.015 0.012 0.010 0.008 0.008 0.008 0.009 0.013 0.019 0.027 0.036
3.898 2.613 1.648 0.963 0.502 0.233 0.102 0.047 0.024 0.016 0.012 0.010 0.008 0.006 0.005 0.004 0.003 0.002 0.002 0.002 0.002 0.002 0.002 0.003 0.003 0.005 0.007 0.009 0.013 0.018 0.025 0.034 0.045 0.059 0.076 0.099 0.134 0.183 0.238 0.297 0.367 0.449 0.538 0.626 0.717 0.808 0.860 0.853 0.785 0.664 0.522 0.408 0.324 0.264 0.221 0.190 0.166 0.145 0.126 0.107 0.086 0.067 0.051 0.038 0.028 0.020 0.015 0.011 0.008 0.007 0.006 0.006 0.006 0.008 0.012 0.020 0.030
1.610 0.922 0.484 0.232 0.104 0.048 0.026 0.017 0.013 0.012 0.011 0.010 0.008 0.007 0.005 0.004 0.003 0.003 0.003 0.002 0.002 0.003 0.004 0.006 0.009 0.015 0.023 0.034 0.050 0.071 0.095 0.126 0.165 0.210 0.264 0.335 0.433 0.541 0.643 0.726 0.784 0.818 0.843 0.867 0.896 0.919 0.917 0.878 0.792 0.665 0.522 0.408 0.324 0.264 0.222 0.191 0.164 0.141 0.118 0.097 0.077 0.059 0.044 0.033 0.024 0.017 0.012 0.009 0.006 0.004 0.003 0.003 0.003 0.003 0.005 0.010 0.017
0.414 0.200 0.094 0.045 0.025 0.017 0.015 0.014 0.013 0.013 0.012 0.012 0.010 0.008 0.006 0.005 0.004 0.003 0.003 0.003 0.004 0.006 0.011 0.019 0.033 0.055 0.088 0.134 0.193 0.261 0.339 0.429 0.528 0.631 0.743 0.875 1.011 1.102 1.133 1.107 1.049 0.991 0.952 0.935 0.932 0.930 0.918 0.875 0.792 0.667 0.523 0.407 0.322 0.261 0.217 0.183 0.151 0.120 0.092 0.068 0.050 0.036 0.027 0.020 0.015 0.011 0.008 0.005 0.003 0.003 0.002 0.002 0.002 0.002 0.002 0.004 0.007
0.075 0.037 0.021 0.015 0.014 0.015 0.016 0.017 0.018 0.018 0.018 0.017 0.015 0.012 0.009 0.007 0.006 0.006 0.006 0.007 0.011 0.021 0.040 0.073 0.127 0.209 0.330 0.483 0.641 0.797 0.957 1.121 1.266 1.386 1.476 1.533 1.541 1.489 1.387 1.252 1.119 1.020 0.960 0.934 0.924 0.917 0.900 0.856 0.773 0.648 0.504 0.387 0.301 0.237 0.188 0.148 0.109 0.074 0.047 0.030 0.021 0.015 0.012 0.010 0.007 0.006 0.004 0.003 0.002 0.002 0.001 0.001 0.001 0.001 0.001 0.001 0.002
0.015 0.011 0.011 0.013 0.016 0.020 0.025 0.029 0.031 0.031 0.031 0.029 0.024 0.018 0.015 0.013 0.012 0.012 0.015 0.022 0.039 0.078 0.153 0.275 0.453 0.700 1.016 1.327 1.572 1.751 1.873 1.947 1.982 1.988 1.960 1.895 1.784 1.631 1.446 1.267 1.120 1.011 0.940 0.900 0.871 0.840 0.797 0.734 0.640 0.517 0.396 0.299 0.225 0.167 0.121 0.082 0.051 0.030 0.018 0.011 0.008 0.006 0.005 0.005 0.004 0.003 0.002 0.002 0.001 0.001 0.001 0.001 0.001 0.001 0.001 0.001 0.001
0.006 0.008 0.011 0.016 0.024 0.035 0.045 0.051 0.054 0.055 0.053 0.048 0.039 0.032 0.028 0.027 0.028 0.034 0.046 0.078 0.150 0.292 0.524 0.848 1.255 1.703 2.112 2.372 2.479 2.496 2.452 2.380 2.304 2.222 2.123 1.998 1.841 1.652 1.447 1.264 1.109 0.981 0.876 0.788 0.706 0.621 0.530 0.441 0.349 0.261 0.192 0.143 0.106 0.075 0.051 0.032 0.018 0.010 0.006 0.004 0.004 0.003 0.003 0.002 0.002 0.002 0.001 0.001 0.001 0.001 0.001 0.001 0.001 0.001 0.001 0.001 0.001
0.006 0.009 0.015 0.026 0.041 0.060 0.076 0.085 0.090 0.090 0.087 0.079 0.069 0.063 0.061 0.066 0.078 0.103 0.159 0.279 0.505 0.867 1.343 1.855 2.315 2.654 2.857 2.932 2.906 2.816 2.677 2.518 2.382 2.261 2.140 2.008 1.849 1.655 1.442 1.242 1.059 0.885 0.717 0.557 0.416 0.307 0.227 0.168 0.123 0.090 0.067 0.050 0.037 0.027 0.018 0.011 0.006 0.004 0.002 0.002 0.002 0.002 0.001 0.001 0.001 0.001 0.001 0.001 0.001 0.001 0.000 0.000 0.000 0.000 0.001 0.001 0.001
0.007 0.013 0.024 0.043 0.068 0.096 0.117 0.132 0.140 0.142 0.140 0.134 0.128 0.128 0.137 0.162 0.210 0.302 0.473 0.776 1.229 1.740 2.216 2.610 2.911 3.085 3.135 3.117 3.051 2.934 2.761 2.558 2.394 2.264 2.142 2.013 1.850 1.645 1.401 1.140 0.893 0.656 0.444 0.284 0.181 0.117 0.079 0.055 0.040 0.030 0.023 0.018 0.013 0.009 0.006 0.004 0.002 0.001 0.001 0.001 0.001 0.001 0.001 0.001 0.001 0.001 0.001 0.000 0.000 0.000 0.000 0.000 0.000 0.000 0.000 0.000 0.000
0.009 0.019 0.038 0.067 0.106 0.143 0.173 0.195 0.211 0.219 0.224 0.227 0.232 0.246 0.281 0.351 0.476 0.683 1.000 1.424 1.888 2.298 2.632 2.902 3.093 3.182 3.195 3.177 3.117 2.996 2.803 2.569 2.384 2.242 2.112 1.966 1.776 1.524 1.213 0.878 0.583 0.357 0.208 0.120 0.071 0.045 0.030 0.021 0.016 0.012 0.009 0.007 0.005 0.004 0.002 0.001 0.001 0.000 0.000 0.000 0.000 0.000 0.000 0.000 0.000 0.000 0.000 0.000 0.000 0.000 0.000 0.000 0.000 0.000 0.000 0.000 0.000
0.012 0.027 0.057 0.104 0.160 0.209 0.250 0.283 0.308 0.326 0.343 0.361 0.384 0.418 0.476 0.581 0.764 1.034 1.383 1.793 2.170 2.479 2.739 2.957 3.115 3.200 3.225 3.217 3.158 3.022 2.810 2.554 2.313 2.095 1.888 1.669 1.420 1.117 0.783 0.487 0.281 0.157 0.087 0.050 0.031 0.020 0.014 0.010 0.008 0.006 0.004 0.003 0.002 0.001 0.001 0.000 0.000 0.000 0.000 0.000 0.000 0.000 0.000 0.000 0.000 0.000 0.000 0.000 0.000 0.000 0.000 0.000 0.000 0.000 0.000 0.000 0.000
0.016 0.042 0.095 0.173 0.245 0.304 0.350 0.385 0.410 0.432 0.454 0.479 0.510 0.550 0.613 0.725 0.924 1.204 1.545 1.915 2.236 2.512 2.753 2.958 3.115 3.208 3.240 3.231 3.164 3.013 2.772 2.456 2.098 1.718 1.356 1.033 0.757 0.520 0.332 0.198 0.113 0.064 0.037 0.023 0.015 0.011 0.008 0.006 0.004 0.003 0.002 0.002 0.001 0.001 0.000 0.000 0.000 0.000 0.000 0.000 0.000 0.000 0.000 0.000 0.000 0.000 0.000 0.000 0.000 0.000 0.000 0.000 0.000 0.000 0.000 0.000 0.000
0.028 0.078 0.175 0.282 0.355 0.402 0.437 0.465 0.489 0.510 0.532 0.556 0.586 0.625 0.686 0.792 0.980 1.254 1.592 1.944 2.250 2.519 2.746 2.923 3.042 3.096 3.085 3.034 2.933 2.754 2.482 2.114 1.638 1.110 0.700 0.440 0.279 0.177 0.112 0.070 0.043 0.027 0.017 0.012 0.009 0.007 0.005 0.004 0.003 0.002 0.001 0.001 0.000 0.000 0.000 0.000 0.000 0.000 0.000 0.000 0.000 0.000 0.000 0.000 0.000 0.000 0.000 0.000 0.000 0.000 0.000 0.000 0.000 0.000 0.000 0.000 0.000
0.057 0.149 0.284 0.387 0.440 0.473 0.500 0.524 0.546 0.564 0.582 0.600 0.626 0.659 0.715 0.812 0.989 1.258 1.604 1.950 2.240 2.475 2.638 2.717 2.709 2.611 2.453 2.296 2.132 1.935 1.690 1.367 0.937 0.537 0.291 0.159 0.091 0.056 0.036 0.024 0.016 0.011 0.008 0.007 0.005 0.004 0.003 0.003 0.002 0.001 0.001 0.000 0.000 0.000 0.000 0.000 0.000 0.000 0.000 0.000 0.000 0.000 0.000 0.000 0.000 0.000 0.000 0.000 0.000 0.000 0.000 0.000 0.000 0.000 0.000 0.000 0.000
