RESULTS/r.avaflow_results/13_results/13_ascii/13_hflow0023.asc
ncols 506
nrows 317
xllcenter 498237.50
yllcenter 5580050.00
cellsize 12.50
NODATA_value -9999.000
[rows 136 to 169 of 317, columns 154 to 230 of 506]
0.000 0.000 0.000 0.000 0.000 0.000 0.000 0.000 0.000 0.000 0.000 0.000 0.000 0.000 0.000 0.000 0.000 0.000 0.000 0.000 0.000 0.000 0.000 0.000 0.000 0.000 0.000 0.000 0.000 0.000 0.000 0.000 0.000 0.000 0.000 0.000 0.000 0.000 0.000 0.000 0.000 0.000 0.000 0.000 0.000 0.000 0.000 0.000 0.000 0.000 0.000 0.000 0.000 0.000 0.000 0.000 0.000 0.000 0.000 0.000 0.000 0.000 0.000 0.000 0.000 0.000 0.000 0.000 0.000 0.000 0.000 0.000 0.000 0.000 0.000 0.000 0.000
0.000 0.000 0.000 0.000 0.000 0.000 0.000 0.000 0.000 0.000 0.000 0.000 0.000 0.000 0.000 0.000 0.000 0.000 0.000 0.000 0.000 0.000 0.000 0.000 0.000 0.000 0.000 0.000 0.000 0.000 0.000 0.000 0.000 0.000 0.000 0.000 0.000 0.000 0.000 0.000 0.000 0.000 0.000 0.000 0.000 0.000 0.000 0.000 0.000 0.000 0.000 0.000 0.000 0.000 0.000 0.000 0.000 0.000 0.000 0.000 0.000 0.000 0.000 0.000 0.000 0.000 0.000 0.000 0.000 0.000 0.000 0.000 0.000 0.000 0.000 0.000 0.000
0.000 0.000 0.000 0.000 0.000 0.000 0.000 0.000 0.000 0.000 0.000 0.000 0.000 0.000 0.000 0.000 0.000 0.000 0.000 0.000 0.000 0.000 0.000 0.000 0.000 0.000 0.000 0.000 0.000 0.000 0.000 0.000 0.000 0.000 0.000 0.000 0.000 0.000 0.000 0.000 0.000 0.000 0.000 0.000 0.000 0.000 0.000 0.000 0.000 0.000 0.000 0.000 0.000 0.000 0.000 0.000 0.000 0.000 0.000 0.000 0.000 0.000 0.000 0.000 0.000 0.000 0.000 0.000 0.000 0.000 0.000 0.000 0.000 0.000 0.000 0.000 0.000
0.000 0.000 0.000 0.000 0.000 0.000 0.000 0.000 0.000 0.000 0.000 0.000 0.000 0.000 0.000 0.000 0.000 0.000 0.000 0.000 0.000 0.000 0.000 0.000 0.000 0.000 0.000 0.000 0.000 0.000 0.000 0.000 0.000 0.000 0.000 0.000 0.000 0.000 0.000 0.000 0.000 0.000 0.000 0.000 0.000 0.000 0.000 0.000 0.000 0.000 0.000 0.000 0.000 0.000 0.000 0.000 0.000 0.000 0.000 0.000 0.000 0.000 0.000 0.000 0.000 0.000 0.000 0.000 0.000 0.000 0.000 0.000 0.000 0.000 0.000 0.000 0.000
0.000 0.000 0.000 0.000 0.000 0.000 0.000 0.000 0.000 0.000 0.000 0.000 0.000 0.000 0.000 0.000 0.000 0.000 0.000 0.000 0.000 0.000 0.000 0.000 0.000 0.000 0.000 0.000 0.000 0.000 0.000 0.000 0.000 0.000 0.000 0.000 0.000 0.000 0.000 0.000 0.000 0.000 0.000 0.000 0.000 0.000 0.000 0.000 0.000 0.000 0.000 0.000 0.000 0.000 0.000 0.000 0.000 0.000 0.000 0.000 0.000 0.000 0.000 0.000 0.000 0.000 0.000 0.000 0.000 0.000 0.000 0.000 0.000 0.000 0.000 0.000 0.000
0.000 0.000 0.000 0.000 0.000 0.000 0.000 0.000 0.000 0.000 0.000 0.000 0.000 0.000 0.000 0.000 0.000 0.000 0.000 0.000 0.000 0.000 0.000 0.000 0.000 0.000 0.000 0.000 0.000 0.000 0.000 0.000 0.000 0.000 0.000 0.000 0.000 0.000 0.000 0.000 0.000 0.000 0.000 0.000 0.000 0.000 0.000 0.000 0.000 0.000 0.000 0.000 0.000 0.000 0.000 0.000 0.000 0.000 0.000 0.000 0.000 0.000 0.000 0.000 0.000 0.000 0.000 0.000 0.000 0.000 0.000 0.000 0.000 0.000 0.000 0.000 0.000
0.000 0.000 0.000 0.000 0.000 0.000 0.000 0.000 0.000 0.000 0.000 0.000 0.000 0.000 0.000 0.000 0.000 0.000 0.000 0.000 0.000 0.000 0.000 0.000 0.000 0.000 0.000 0.000 0.000 0.000 0.000 0.000 0.000 0.000 0.000 0.000 0.000 0.000 0.000 0.000 0.000 0.000 0.000 0.000 0.000 0.000 0.000 0.000 0.000 0.000 0.000 0.000 0.000 0.000 0.000 0.000 0.000 0.000 0.000 0.000 0.000 0.000 0.000 0.000 0.000 0.000 0.000 0.000 0.000 0.000 0.000 0.000 0.000 0.000 0.000 0.000 0.000
0.000 0.000 0.000 0.000 0.000 0.000 0.000 0.000 0.000 0.000 0.000 0.000 0.000 0.000 0.000 0.000 0.000 0.000 0.000 0.000 0.000 0.000 0.000 0.000 0.000 0.000 0.000 0.000 0.000 0.000 0.000 0.000 0.000 0.000 0.000 0.000 0.000 0.000 0.000 0.000 0.000 0.000 0.000 0.000 0.000 0.000 0.000 0.000 0.000 0.000 0.000 0.000 0.000 0.000 0.000 0.000 0.000 0.000 0.000 0.000 0.000 0.000 0.000 0.000 0.000 0.000 0.000 0.000 0.000 0.000 0.000 0.000 0.000 0.000 0.000 0.000 0.000
0.000 0.000 0.000 0.000 0.000 0.000 0.000 0.000 0.000 0.000 0.000 0.000 0.000 0.000 0.000 0.000 0.000 0.000 0.000 0.000 0.000 0.000 0.000 0.000 0.000 0.000 0.000 0.000 0.000 0.000 0.000 0.000 0.000 0.000 0.000 0.000 0.000 0.000 0.000 0.000 0.000 0.000 0.000 0.000 0.000 0.000 0.000 0.000 0.000 0.000 0.000 0.000 0.000 0.000 0.000 0.000 0.000 0.000 0.000 0.000 0.000 0.000 0.000 0.000 0.000 0.000 0.000 0.000 0.000 0.000 0.000 0.000 0.000 0.000 0.000 0.000 0.000
0.001 0.001 0.001 0.001 0.001 0.001 0.001 0.001 0.001 0.001 0.001 0.001 0.001 0.001 0.001 0.001 0.001 0.001 0.001 0.001 0.001 0.000 0.000 0.000 0.000 0.000 0.000 0.000 0.000 0.000 0.000 0.000 0.000 0.000 0.000 0.000 0.000 0.000 0.000 0.000 0.000 0.000 0.000 0.000 0.000 0.000 0.000 0.000 0.000 0.000 0.000 0.000 0.000 0.000 0.000 0.000 0.000 0.000 0.000 0.000 0.000 0.000 0.000 0.000 0.000 0.000 0.000 0.000 0.000 0.000 0.000 0.000 0.000 0.000 0.000 0.000 0.000
0.002 0.002 0.002 0.002 0.002 0.002 0.002 0.002 0.002 0.003 0.003 0.003 0.003 0.003 0.003 0.003 0.003 0.002 0.002 0.002 0.002 0.001 0.001 0.000 0.000 0.000 0.000 0.000 0.000 0.000 0.000 0.000 0.000 0.000 0.000 0.000 0.000 0.000 0.000 0.000 0.000 0.000 0.000 0.000 0.000 0.000 0.000 0.000 0.000 0.000 0.000 0.000 0.000 0.000 0.000 0.000 0.000 0.000 0.000 0.000 0.000 0.000 0.000 0.000 0.000 0.000 0.000 0.000 0.000 0.000 0.000 0.000 0.000 0.000 0.000 0.000 0.000
0.003 0.003 0.003 0.004 0.004 0.004 0.004 0.004 0.004 0.004 0.004 0.004 0.004 0.004 0.004 0.004 0.004 0.004 0.004 0.003 0.003 0.002 0.002 0.001 0.001 0.001 0.001 0.000 0.000 0.000 0.000 0.000 0.000 0.000 0.000 0.000 0.000 0.000 0.000 0.000 0.000 0.000 0.000 0.000 0.000 0.000 0.000 0.000 0.000 0.001 0.001 0.001 0.001 0.001 0.001 0.001 0.001 0.001 0.000 0.000 0.000 0.000 0.000 0.000 0.000 0.000 0.000 0.000 0.000 0.000 0.000 0.000 0.000 0.000 0.000 0.000 0.000
0.005 0.005 0.005 0.005 0.005 0.005 0.005 0.005 0.005 0.005 0.005 0.005 0.005 0.005 0.005 0.005 0.005 0.005 0.005 0.005 0.004 0.004 0.003 0.002 0.002 0.002 0.001 0.001 0.001 0.001 0.001 0.001 0.001 0.001 0.000 0.000 0.000 0.000 0.000 0.000 0.000 0.001 0.001 0.001 0.001 0.001 0.001 0.001 0.001 0.002 0.002 0.002 0.002 0.002 0.002 0.002 0.002 0.002 0.002 0.001 0.001 0.001 0.001 0.001 0.001 0.001 0.001 0.001 0.000 0.000 0.000 0.000 0.000 0.000 0.000 0.000 0.000
0.006 0.006 0.006 0.006 0.006 0.006 0.006 0.006 0.006 0.006 0.007 0.007 0.007 0.007 0.006 0.006 0.006 0.006 0.006 0.006 0.005 0.005 0.004 0.004 0.003 0.003 0.002 0.002 0.002 0.002 0.002 0.002 0.002 0.001 0.001 0.001 0.001 0.001 0.001 0.001 0.002 0.002 0.002 0.002 0.002 0.002 0.002 0.003 0.003 0.003 0.004 0.004 0.004 0.004 0.004 0.004 0.003 0.003 0.003 0.003 0.003 0.003 0.002 0.002 0.002 0.002 0.002 0.002 0.001 0.001 0.001 0.001 0.001 0.001 0.001 0.000 0.000
0.007 0.007 0.007 0.007 0.007 0.007 0.007 0.007 0.007 0.007 0.008 0.008 0.008 0.008 0.007 0.007 0.007 0.007 0.007 0.007 0.007 0.006 0.006 0.005 0.004 0.004 0.004 0.004 0.003 0.003 0.003 0.003 0.003 0.003 0.003 0.003 0.003 0.003 0.003 0.003 0.003 0.003 0.003 0.004 0.004 0.004 0.004 0.005 0.005 0.006 0.006 0.006 0.006 0.006 0.006 0.006 0.006 0.005 0.005 0.005 0.005 0.004 0.004 0.004 0.004 0.003 0.003 0.003 0.003 0.003 0.002 0.002 0.002 0.002 0.002 0.001 0.001
0.008 0.008 0.008 0.008 0.008 0.008 0.008 0.008 0.008 0.008 0.009 0.009 0.009 0.009 0.008 0.008 0.008 0.008 0.008 0.008 0.008 0.007 0.007 0.006 0.006 0.006 0.005 0.005 0.005 0.005 0.005 0.005 0.005 0.005 0.005 0.005 0.005 0.005 0.005 0.005 0.005 0.006 0.006 0.006 0.006 0.007 0.007 0.008 0.009 0.009 0.009 0.009 0.009 0.009 0.009 0.009 0.008 0.008 0.007 0.007 0.007 0.006 0.006 0.006 0.006 0.005 0.005 0.005 0.005 0.004 0.004 0.004 0.004 0.003 0.003 0.003 0.003
0.009 0.009 0.009 0.009 0.009 0.009 0.009 0.009 0.009 0.009 0.010 0.010 0.010 0.009 0.009 0.009 0.009 0.009 0.009 0.009 0.009 0.008 0.008 0.008 0.007 0.007 0.007 0.007 0.007 0.007 0.007 0.007 0.007 0.007 0.007 0.007 0.007 0.007 0.007 0.007 0.008 0.008 0.009 0.009 0.009 0.010 0.011 0.012 0.012 0.013 0.013 0.013 0.013 0.012 0.012 0.011 0.011 0.010 0.010 0.009 0.009 0.009 0.008 0.008 0.008 0.007 0.007 0.007 0.007 0.006 0.006 0.006 0.006 0.005 0.005 0.005 0.005
0.011 0.011 0.011 0.010 0.010 0.010 0.010 0.010 0.010 0.010 0.010 0.011 0.011 0.010 0.010 0.010 0.010 0.010 0.010 0.010 0.010 0.009 0.009 0.009 0.009 0.009 0.009 0.009 0.009 0.009 0.009 0.009 0.009 0.009 0.009 0.009 0.009 0.009 0.010 0.010 0.011 0.011 0.012 0.012 0.013 0.014 0.015 0.016 0.017 0.017 0.017 0.017 0.017 0.016 0.015 0.014 0.014 0.013 0.012 0.012 0.011 0.011 0.011 0.010 0.010 0.010 0.009 0.009 0.009 0.009 0.008 0.008 0.008 0.008 0.007 0.007 0.007
0.015 0.014 0.013 0.012 0.012 0.011 0.011 0.011 0.011 0.011 0.011 0.012 0.012 0.012 0.011 0.011 0.011 0.011 0.011 0.011 0.011 0.011 0.010 0.010 0.010 0.010 0.010 0.010 0.010 0.011 0.011 0.011 0.011 0.011 0.011 0.011 0.012 0.012 0.013 0.013 0.014 0.015 0.015 0.016 0.017 0.018 0.020 0.022 0.023 0.024 0.024 0.023 0.022 0.021 0.020 0.018 0.017 0.016 0.015 0.014 0.014 0.013 0.013 0.013 0.012 0.012 0.012 0.012 0.012 0.011 0.011 0.011 0.011 0.010 0.010 0.010 0.009
0.023 0.019 0.016 0.015 0.014 0.013 0.013 0.012 0.012 0.012 0.012 0.013 0.013 0.013 0.013 0.013 0.012 0.012 0.012 0.012 0.012 0.012 0.012 0.012 0.012 0.012 0.012 0.012 0.012 0.013 0.013 0.013 0.013 0.014 0.014 0.014 0.014 0.015 0.015 0.016 0.017 0.018 0.019 0.021 0.022 0.025 0.028 0.031 0.033 0.033 0.033 0.032 0.030 0.028 0.025 0.023 0.021 0.020 0.019 0.018 0.017 0.016 0.016 0.015 0.015 0.015 0.015 0.015 0.015 0.015 0.014 0.014 0.014 0.013 0.013 0.012 0.012
0.051 0.035 0.025 0.020 0.017 0.016 0.015 0.014 0.014 0.014 0.014 0.014 0.014 0.014 0.014 0.014 0.014 0.014 0.013 0.013 0.013 0.013 0.013 0.013 0.013 0.014 0.014 0.014 0.014 0.015 0.015 0.016 0.016 0.016 0.016 0.016 0.017 0.017 0.018 0.020 0.021 0.022 0.024 0.026 0.029 0.033 0.039 0.046 0.048 0.048 0.047 0.044 0.041 0.037 0.033 0.030 0.028 0.026 0.024 0.023 0.022 0.021 0.020 0.020 0.020 0.020 0.020 0.020 0.020 0.020 0.020 0.019 0.019 0.018 0.016 0.016 0.015
0.184 0.103 0.058 0.036 0.026 0.021 0.018 0.017 0.016 0.016 0.015 0.015 0.015 0.015 0.015 0.015 0.015 0.015 0.015 0.015 0.015 0.015 0.015 0.015 0.015 0.015 0.016 0.016 0.017 0.017 0.018 0.018 0.018 0.018 0.018 0.019 0.019 0.020 0.021 0.023 0.024 0.026 0.028 0.031 0.034 0.040 0.049 0.063 0.071 0.072 0.068 0.062 0.057 0.052 0.047 0.042 0.039 0.037 0.036 0.035 0.033 0.031 0.029 0.028 0.028 0.029 0.030 0.030 0.030 0.030 0.029 0.028 0.027 0.025 0.022 0.020 0.019
0.792 0.420 0.208 0.105 0.057 0.036 0.027 0.023 0.021 0.019 0.019 0.018 0.018 0.018 0.018 0.017 0.017 0.017 0.017 0.017 0.016 0.017 0.017 0.017 0.017 0.017 0.017 0.018 0.019 0.020 0.020 0.021 0.021 0.021 0.021 0.022 0.022 0.023 0.024 0.026 0.028 0.030 0.032 0.035 0.039 0.045 0.056 0.074 0.088 0.093 0.092 0.088 0.082 0.077 0.073 0.069 0.066 0.064 0.065 0.065 0.063 0.060 0.055 0.052 0.050 0.050 0.051 0.052 0.054 0.054 0.054 0.052 0.049 0.041 0.031 0.026 0.024
2.614 1.548 0.812 0.392 0.188 0.097 0.058 0.041 0.032 0.028 0.026 0.024 0.023 0.022 0.021 0.020 0.020 0.020 0.019 0.019 0.019 0.019 0.019 0.019 0.019 0.019 0.020 0.020 0.021 0.022 0.023 0.024 0.024 0.025 0.025 0.026 0.026 0.026 0.027 0.029 0.031 0.033 0.037 0.040 0.044 0.050 0.061 0.078 0.097 0.108 0.115 0.118 0.120 0.123 0.128 0.134 0.138 0.142 0.148 0.151 0.150 0.146 0.137 0.126 0.118 0.114 0.114 0.118 0.127 0.132 0.132 0.129 0.118 0.092 0.060 0.042 0.034
5.342 3.849 2.353 1.283 0.660 0.334 0.177 0.105 0.070 0.053 0.044 0.038 0.034 0.031 0.028 0.026 0.025 0.024 0.023 0.023 0.023 0.022 0.022 0.022 0.022 0.022 0.022 0.023 0.024 0.025 0.026 0.027 0.028 0.030 0.030 0.031 0.030 0.030 0.031 0.032 0.035 0.038 0.041 0.045 0.050 0.057 0.067 0.082 0.102 0.121 0.139 0.158 0.179 0.205 0.241 0.281 0.313 0.337 0.357 0.372 0.380 0.380 0.372 0.353 0.328 0.315 0.313 0.325 0.361 0.385 0.386 0.374 0.336 0.257 0.152 0.089 0.059
7.314 6.111 4.587 3.044 1.833 1.050 0.585 0.331 0.197 0.129 0.093 0.074 0.063 0.055 0.047 0.040 0.036 0.033 0.032 0.030 0.029 0.028 0.027 0.026 0.026 0.026 0.026 0.027 0.028 0.028 0.030 0.031 0.033 0.034 0.035 0.035 0.035 0.035 0.036 0.037 0.040 0.044 0.048 0.053 0.060 0.069 0.079 0.094 0.116 0.144 0.181 0.229 0.291 0.373 0.482 0.602 0.697 0.767 0.821 0.862 0.890 0.906 0.912 0.898 0.863 0.844 0.849 0.891 0.986 1.077 1.091 1.047 0.931 0.723 0.441 0.237 0.134
8.624 7.641 6.483 5.167 3.755 2.446 1.516 0.923 0.555 0.338 0.223 0.167 0.140 0.120 0.102 0.084 0.071 0.062 0.055 0.050 0.044 0.039 0.036 0.034 0.034 0.033 0.033 0.033 0.033 0.033 0.034 0.035 0.037 0.038 0.039 0.040 0.041 0.042 0.043 0.046 0.049 0.054 0.061 0.070 0.082 0.095 0.109 0.129 0.161 0.211 0.286 0.392 0.540 0.743 0.996 1.227 1.385 1.481 1.535 1.566 1.591 1.618 1.647 1.672 1.687 1.717 1.773 1.849 1.958 2.098 2.213 2.236 2.102 1.760 1.198 0.647 0.342
9.713 8.831 7.866 6.792 5.550 4.162 2.894 1.927 1.249 0.798 0.529 0.396 0.335 0.296 0.259 0.220 0.181 0.151 0.128 0.109 0.090 0.073 0.060 0.053 0.050 0.047 0.046 0.044 0.041 0.040 0.039 0.040 0.041 0.042 0.043 0.044 0.047 0.051 0.055 0.060 0.067 0.077 0.092 0.111 0.133 0.155 0.181 0.219 0.282 0.385 0.542 0.768 1.088 1.442 1.715 1.841 1.877 1.874 1.877 1.886 1.900 1.920 1.950 1.997 2.060 2.144 2.237 2.318 2.407 2.539 2.729 2.933 3.018 2.887 2.392 1.543 0.827
10.693 9.825 8.923 7.927 6.807 5.562 4.283 3.158 2.251 1.582 1.142 0.899 0.786 0.721 0.662 0.589 0.500 0.417 0.349 0.291 0.238 0.184 0.137 0.107 0.090 0.081 0.074 0.066 0.059 0.052 0.049 0.048 0.048 0.049 0.051 0.054 0.059 0.065 0.075 0.088 0.107 0.134 0.169 0.207 0.246 0.288 0.343 0.430 0.569 0.777 1.091 1.483 1.831 2.034 2.103 2.068 1.989 1.927 1.907 1.908 1.915 1.927 1.949 1.991 2.058 2.155 2.256 2.338 2.425 2.554 2.754 3.038 3.274 3.330 3.140 2.552 1.686
11.590 10.653 9.728 8.770 7.772 6.718 5.585 4.462 3.477 2.717 2.183 1.852 1.671 1.558 1.453 1.323 1.170 1.024 0.895 0.777 0.662 0.531 0.384 0.275 0.211 0.174 0.147 0.124 0.101 0.082 0.071 0.066 0.066 0.067 0.071 0.078 0.087 0.101 0.124 0.160 0.211 0.274 0.345 0.417 0.489 0.572 0.692 0.888 1.178 1.505 1.831 2.088 2.214 2.239 2.189 2.082 1.944 1.841 1.783 1.762 1.755 1.755 1.767 1.802 1.859 1.943 2.035 2.120 2.218 2.356 2.555 2.857 3.213 3.367 3.335 3.054 2.465
12.435 11.381 10.427 9.530 8.657 7.776 6.853 5.854 4.920 4.205 3.687 3.323 3.070 2.864 2.653 2.413 2.199 2.022 1.859 1.699 1.522 1.282 0.965 0.706 0.542 0.433 0.350 0.279 0.215 0.164 0.132 0.118 0.115 0.117 0.126 0.142 0.165 0.202 0.264 0.354 0.465 0.588 0.719 0.848 0.979 1.140 1.400 1.736 2.010 2.156 2.244 2.292 2.288 2.243 2.127 1.937 1.716 1.534 1.403 1.322 1.285 1.277 1.289 1.325 1.380 1.446 1.520 1.605 1.717 1.872 2.079 2.386 2.850 3.220 3.303 3.178 2.842
13.268 12.104 11.161 10.345 9.580 8.816 8.057 7.266 6.516 5.937 5.499 5.151 4.848 4.535 4.164 3.759 3.475 3.293 3.141 2.981 2.753 2.385 1.875 1.444 1.165 0.972 0.811 0.662 0.520 0.395 0.309 0.269 0.260 0.264 0.281 0.316 0.373 0.469 0.616 0.805 1.008 1.216 1.441 1.671 1.883 2.096 2.307 2.440 2.456 2.397 2.335 2.283 2.205 2.053 1.801 1.490 1.195 0.960 0.801 0.717 0.685 0.683 0.697 0.728 0.774 0.831 0.893 0.968 1.067 1.204 1.397 1.678 2.153 2.780 3.105 3.109 2.933
14.193 13.038 12.131 11.360 10.648 9.934 9.285 8.688 8.143 7.719 7.386 7.090 6.780 6.399 5.917 5.371 4.959 4.691 4.462 4.207 3.855 3.349 2.707 2.176 1.830 1.632 1.486 1.330 1.146 0.937 0.765 0.675 0.649 0.653 0.683 0.743 0.853 1.055 1.366 1.687 1.966 2.220 2.452 2.635 2.749 2.794 2.762 2.664 2.535 2.390 2.232 2.041 1.782 1.450 1.098 0.818 0.635 0.512 0.436 0.399 0.388 0.388 0.394 0.410 0.436 0.470 0.511 0.563 0.636 0.739 0.879 1.077 1.395 2.007 2.636 2.870 2.854
15.240 14.223 13.428 12.740 12.086 11.442 10.901 10.446 10.057 9.734 9.466 9.216 8.930 8.559 8.071 7.468 6.863 6.326 5.838 5.363 4.829 4.159 3.391 2.763 2.326 2.080 1.971 1.908 1.830 1.700 1.549 1.457 1.425 1.443 1.495 1.588 1.755 2.057 2.421 2.665 2.811 2.915 3.009 3.060 3.054 2.986 2.836 2.628 2.377 2.082 1.722 1.318 0.943 0.670 0.498 0.390 0.322 0.279 0.256 0.249 0.252 0.255 0.259 0.265 0.275 0.289 0.309 0.338 0.384 0.456 0.558 0.703 0.917 1.286 1.909 2.433 2.636
