RESULTS/r.avaflow_results/13_results/13_ascii/13_hflow_max0009.asc
ncols 506
nrows 317
xllcenter 498237.50
yllcenter 5580050.00
cellsize 12.50
NODATA_value -9999.000
[rows 170 to 203 of 317, columns 154 to 230 of 506]
39.871 38.122 36.558 35.075 33.630 32.218 30.826 29.472 28.206 27.008 25.880 24.763 23.649 22.500 21.277 19.924 18.377 16.649 14.796 12.863 11.046 9.552 8.443 7.494 6.645 5.871 5.183 4.564 3.982 3.420 2.849 2.207 1.427 0.780 0.393 0.194 0.097 0.049 0.024 0.012 0.005 0.002 0.001 0.000 0.000 0.000 0.000 0.000 0.000 0.000 0.000 0.000 0.000 0.000 0.000 0.000 0.000 0.000 0.000 0.000 0.000 0.000 0.000 0.000 0.000 0.000 0.000 0.000 0.000 0.000 0.000 0.000 0.000 0.000 0.000 0.000 0.000
46.316 44.560 42.621 40.718 38.815 36.943 35.089 33.366 31.746 30.274 28.882 27.561 26.279 25.019 23.727 22.292 20.639 18.801 16.904 14.994 13.045 11.135 9.450 8.014 6.767 5.863 5.135 4.490 3.911 3.381 2.874 2.346 1.645 0.944 0.490 0.241 0.118 0.057 0.028 0.013 0.006 0.003 0.001 0.000 0.000 0.000 0.000 0.000 0.000 0.000 0.000 0.000 0.000 0.000 0.000 0.000 0.000 0.000 0.000 0.000 0.000 0.000 0.000 0.000 0.000 0.000 0.000 0.000 0.000 0.000 0.000 0.000 0.000 0.000 0.000 0.000 0.000
52.227 50.608 48.182 45.575 43.129 40.813 38.637 36.648 34.822 33.165 31.600 30.130 28.733 27.418 26.101 24.627 22.880 20.920 18.922 16.987 15.100 13.193 11.264 9.449 7.840 6.497 5.371 4.581 3.952 3.413 2.912 2.393 1.712 0.992 0.517 0.253 0.122 0.059 0.028 0.013 0.006 0.003 0.001 0.000 0.000 0.000 0.000 0.000 0.000 0.000 0.000 0.000 0.000 0.000 0.000 0.000 0.000 0.000 0.000 0.000 0.000 0.000 0.000 0.000 0.000 0.000 0.000 0.000 0.000 0.000 0.000 0.000 0.000 0.000 0.000 0.000 0.000
56.006 54.689 52.202 49.148 46.263 43.645 41.325 39.257 37.421 35.707 34.080 32.509 31.058 29.720 28.402 26.930 25.163 23.164 21.092 19.054 17.096 15.187 13.255 11.331 9.490 7.798 6.370 5.218 4.327 3.640 3.024 2.407 1.688 0.987 0.514 0.251 0.120 0.058 0.028 0.013 0.006 0.003 0.001 0.000 0.000 0.000 0.000 0.000 0.000 0.000 0.000 0.000 0.000 0.000 0.000 0.000 0.000 0.000 0.000 0.000 0.000 0.000 0.000 0.000 0.000 0.000 0.000 0.000 0.000 0.000 0.000 0.000 0.000 0.000 0.000 0.000 0.000
57.461 56.554 54.792 52.034 48.971 46.025 43.515 41.302 39.365 37.639 35.968 34.326 32.825 31.496 30.212 28.795 27.131 25.253 23.232 21.151 19.085 17.079 15.122 13.118 11.049 9.031 7.392 6.067 4.979 4.034 3.184 2.387 1.612 0.949 0.494 0.237 0.111 0.053 0.025 0.012 0.006 0.002 0.001 0.000 0.000 0.000 0.000 0.000 0.000 0.000 0.000 0.000 0.000 0.000 0.000 0.000 0.000 0.000 0.000 0.000 0.000 0.000 0.000 0.000 0.000 0.000 0.000 0.000 0.000 0.000 0.000 0.000 0.000 0.000 0.000 0.000 0.000
57.316 57.098 55.841 53.542 50.583 47.644 45.086 42.843 40.858 39.088 37.389 35.688 34.078 32.687 31.445 30.174 28.704 27.007 25.113 23.047 20.851 18.603 16.471 14.333 11.960 9.770 8.026 6.566 5.330 4.250 3.276 2.375 1.548 0.882 0.444 0.204 0.092 0.042 0.020 0.010 0.005 0.002 0.001 0.000 0.000 0.000 0.000 0.000 0.000 0.000 0.000 0.000 0.000 0.000 0.000 0.000 0.000 0.000 0.000 0.000 0.000 0.000 0.000 0.000 0.000 0.000 0.000 0.000 0.000 0.000 0.000 0.000 0.000 0.000 0.000 0.000 0.000
54.984 55.356 54.905 53.385 50.970 48.174 45.631 43.416 41.448 39.683 37.993 36.288 34.666 33.297 32.119 30.918 29.534 27.958 26.192 24.169 21.866 19.609 17.490 15.045 12.419 10.139 8.255 6.707 5.415 4.299 3.291 2.343 1.461 0.775 0.356 0.149 0.061 0.027 0.013 0.007 0.003 0.002 0.000 0.000 0.000 0.000 0.000 0.000 0.000 0.000 0.000 0.000 0.000 0.000 0.000 0.000 0.000 0.000 0.000 0.000 0.000 0.000 0.000 0.000 0.000 0.000 0.000 0.000 0.000 0.000 0.000 0.000 0.000 0.000 0.000 0.000 0.000
51.011 52.121 52.579 52.079 50.446 48.051 45.547 43.331 41.400 39.652 37.962 36.249 34.616 33.266 32.131 30.941 29.565 28.034 26.333 24.355 22.035 19.977 17.764 15.233 12.499 10.142 8.215 6.645 5.337 4.198 3.150 2.139 1.226 0.573 0.225 0.082 0.033 0.016 0.008 0.004 0.002 0.001 0.000 0.000 0.000 0.000 0.000 0.000 0.000 0.000 0.000 0.000 0.000 0.000 0.000 0.000 0.000 0.000 0.000 0.000 0.000 0.000 0.000 0.000 0.000 0.000 0.000 0.000 0.000 0.000 0.000 0.000 0.000 0.000 0.000 0.000 0.000
46.478 48.655 49.960 50.193 49.228 47.200 44.682 42.453 40.536 38.798 37.120 35.426 33.816 32.435 31.240 29.988 28.596 27.096 25.445 23.529 21.699 19.692 17.423 14.832 12.087 9.727 7.799 6.224 4.900 3.729 2.628 1.588 0.764 0.295 0.103 0.039 0.018 0.009 0.005 0.003 0.001 0.000 0.000 0.000 0.000 0.000 0.000 0.000 0.000 0.000 0.000 0.000 0.000 0.000 0.000 0.000 0.000 0.000 0.000 0.000 0.000 0.000 0.000 0.000 0.000 0.000 0.000 0.000 0.000 0.000 0.000 0.000 0.000 0.000 0.000 0.000 0.000
42.056 44.835 46.767 47.599 47.019 45.255 42.887 40.689 38.771 37.026 35.354 33.791 32.291 30.802 29.333 27.854 26.373 24.865 23.239 21.629 20.111 18.176 15.921 13.371 10.818 8.627 6.772 5.172 3.797 2.603 1.569 0.778 0.315 0.114 0.043 0.019 0.010 0.006 0.003 0.002 0.001 0.000 0.000 0.000 0.000 0.000 0.000 0.000 0.000 0.000 0.000 0.000 0.000 0.000 0.000 0.000 0.000 0.000 0.000 0.000 0.000 0.000 0.000 0.000 0.000 0.000 0.000 0.000 0.000 0.000 0.000 0.000 0.000 0.000 0.000 0.000 0.000
37.560 40.244 42.551 43.909 43.991 42.715 40.543 38.390 36.523 34.751 33.141 31.759 30.402 28.784 26.986 25.249 23.625 22.037 20.278 18.885 17.357 15.401 13.178 10.880 8.743 6.834 5.035 3.391 2.100 1.199 0.606 0.263 0.104 0.042 0.019 0.010 0.006 0.003 0.002 0.001 0.000 0.000 0.000 0.000 0.000 0.000 0.000 0.000 0.000 0.000 0.000 0.000 0.000 0.000 0.000 0.000 0.000 0.000 0.000 0.000 0.000 0.000 0.000 0.000 0.000 0.000 0.000 0.000 0.000 0.000 0.000 0.000 0.000 0.000 0.000 0.000 0.000
32.254 34.770 37.177 39.004 39.963 39.618 38.095 36.066 34.464 32.838 31.280 29.915 28.455 26.627 24.626 22.740 20.957 19.071 16.953 15.707 13.930 11.725 9.516 7.619 5.987 4.406 2.859 1.626 0.845 0.403 0.177 0.077 0.036 0.018 0.010 0.006 0.004 0.002 0.001 0.000 0.000 0.000 0.000 0.000 0.000 0.000 0.000 0.000 0.000 0.000 0.000 0.000 0.000 0.000 0.000 0.000 0.000 0.000 0.000 0.000 0.000 0.000 0.000 0.000 0.000 0.000 0.000 0.000 0.000 0.000 0.000 0.000 0.000 0.000 0.000 0.000 0.000
26.255 28.627 31.097 33.263 34.832 35.457 34.802 33.145 31.474 30.185 28.776 27.282 25.538 23.505 21.443 19.480 17.443 15.000 13.774 12.130 9.805 7.287 5.361 4.039 2.987 2.018 1.160 0.567 0.251 0.111 0.052 0.027 0.016 0.009 0.006 0.004 0.002 0.001 0.000 0.000 0.000 0.000 0.000 0.000 0.000 0.000 0.000 0.000 0.000 0.000 0.000 0.000 0.000 0.000 0.000 0.000 0.000 0.000 0.000 0.000 0.000 0.000 0.000 0.000 0.000 0.000 0.000 0.000 0.000 0.000 0.000 0.000 0.000 0.000 0.000 0.000 0.000
20.392 22.034 24.152 26.416 28.220 29.354 29.384 28.435 27.205 25.781 24.240 22.462 20.452 18.402 16.458 14.522 12.355 10.597 9.270 7.295 5.088 3.342 2.226 1.536 1.029 0.617 0.311 0.139 0.064 0.034 0.020 0.013 0.008 0.005 0.003 0.002 0.001 0.000 0.000 0.000 0.000 0.000 0.000 0.000 0.000 0.000 0.000 0.000 0.000 0.000 0.000 0.000 0.000 0.000 0.000 0.000 0.000 0.000 0.000 0.000 0.000 0.000 0.000 0.000 0.000 0.000 0.000 0.000 0.000 0.000 0.000 0.000 0.000 0.000 0.000 0.000 0.000
15.302 15.860 16.572 17.635 18.789 19.803 20.376 20.549 20.248 19.279 17.792 15.905 13.860 12.247 10.749 9.151 7.265 5.579 4.439 2.990 1.796 1.068 0.649 0.406 0.245 0.136 0.071 0.039 0.023 0.015 0.011 0.008 0.005 0.003 0.002 0.001 0.000 0.000 0.000 0.000 0.000 0.000 0.000 0.000 0.000 0.000 0.000 0.000 0.000 0.000 0.000 0.000 0.000 0.000 0.000 0.000 0.000 0.000 0.000 0.000 0.000 0.000 0.000 0.000 0.000 0.000 0.000 0.000 0.000 0.000 0.000 0.000 0.000 0.000 0.000 0.000 0.000
11.095 10.558 9.935 9.541 9.498 9.967 10.598 11.097 11.455 11.396 10.659 9.363 7.801 6.435 5.236 4.091 2.867 2.133 1.512 0.882 0.503 0.303 0.193 0.126 0.080 0.049 0.031 0.020 0.013 0.010 0.007 0.005 0.003 0.002 0.001 0.000 0.000 0.000 0.000 0.000 0.000 0.000 0.000 0.000 0.000 0.000 0.000 0.000 0.000 0.000 0.000 0.000 0.000 0.000 0.000 0.000 0.000 0.000 0.000 0.000 0.000 0.000 0.000 0.000 0.000 0.000 0.000 0.000 0.000 0.000 0.000 0.000 0.000 0.000 0.000 0.000 0.000
7.948 6.530 5.002 4.948 4.961 5.041 5.229 5.358 5.313 5.094 4.651 3.944 3.023 2.265 1.732 1.323 0.967 0.765 0.510 0.331 0.227 0.161 0.115 0.082 0.056 0.037 0.024 0.016 0.011 0.007 0.005 0.004 0.002 0.001 0.001 0.000 0.000 0.000 0.000 0.000 0.000 0.000 0.000 0.000 0.000 0.000 0.000 0.000 0.000 0.000 0.000 0.000 0.000 0.000 0.000 0.000 0.000 0.000 0.000 0.000 0.000 0.000 0.000 0.000 0.000 0.000 0.000 0.000 0.000 0.000 0.000 0.000 0.000 0.000 0.000 0.000 0.000
4.628 3.092 2.973 2.896 2.823 2.765 2.721 2.625 2.427 2.180 1.937 1.645 1.292 1.018 0.833 0.686 0.548 0.447 0.350 0.273 0.209 0.156 0.116 0.085 0.061 0.042 0.028 0.018 0.011 0.007 0.005 0.003 0.002 0.001 0.001 0.000 0.000 0.000 0.000 0.000 0.000 0.000 0.000 0.000 0.000 0.000 0.000 0.000 0.000 0.000 0.000 0.000 0.000 0.000 0.000 0.000 0.000 0.000 0.000 0.000 0.000 0.000 0.000 0.000 0.000 0.000 0.000 0.000 0.000 0.000 0.000 0.000 0.000 0.000 0.000 0.000 0.000
2.580 2.379 2.278 2.220 2.151 2.074 1.963 1.800 1.563 1.323 1.151 1.007 0.870 0.774 0.701 0.614 0.517 0.430 0.359 0.291 0.226 0.173 0.131 0.098 0.074 0.054 0.037 0.024 0.015 0.009 0.005 0.003 0.003 0.002 0.001 0.000 0.000 0.000 0.000 0.000 0.000 0.000 0.000 0.000 0.000 0.000 0.000 0.000 0.000 0.000 0.000 0.000 0.000 0.000 0.000 0.000 0.000 0.000 0.000 0.000 0.000 0.000 0.000 0.000 0.000 0.000 0.000 0.000 0.000 0.000 0.000 0.000 0.000 0.000 0.000 0.000 0.000
2.405 2.235 2.125 2.055 1.992 1.911 1.794 1.619 1.380 1.163 1.018 0.941 0.886 0.841 0.780 0.683 0.572 0.478 0.401 0.329 0.261 0.205 0.162 0.128 0.101 0.076 0.054 0.036 0.023 0.013 0.008 0.006 0.005 0.004 0.003 0.002 0.001 0.001 0.000 0.000 0.000 0.000 0.000 0.000 0.000 0.000 0.000 0.000 0.000 0.000 0.000 0.000 0.000 0.000 0.000 0.000 0.000 0.000 0.000 0.000 0.000 0.000 0.000 0.000 0.000 0.000 0.000 0.000 0.000 0.000 0.000 0.000 0.000 0.000 0.000 0.000 0.000
2.342 2.149 2.034 1.950 1.872 1.792 1.689 1.538 1.340 1.179 1.082 1.036 1.007 0.973 0.907 0.795 0.669 0.568 0.483 0.404 0.333 0.273 0.224 0.183 0.147 0.114 0.084 0.058 0.038 0.023 0.015 0.015 0.014 0.012 0.009 0.007 0.004 0.003 0.002 0.001 0.000 0.000 0.000 0.000 0.000 0.000 0.000 0.000 0.000 0.000 0.000 0.000 0.000 0.000 0.000 0.000 0.000 0.000 0.000 0.000 0.000 0.000 0.000 0.000 0.000 0.000 0.000 0.000 0.000 0.000 0.000 0.000 0.000 0.000 0.000 0.000 0.000
2.296 2.103 1.983 1.898 1.824 1.746 1.649 1.505 1.346 1.254 1.197 1.163 1.145 1.115 1.046 0.926 0.791 0.689 0.602 0.521 0.447 0.382 0.324 0.273 0.224 0.178 0.135 0.097 0.065 0.042 0.043 0.042 0.038 0.031 0.023 0.016 0.011 0.007 0.004 0.002 0.001 0.000 0.000 0.000 0.000 0.000 0.000 0.000 0.000 0.000 0.000 0.000 0.000 0.000 0.000 0.000 0.000 0.000 0.000 0.000 0.000 0.000 0.000 0.000 0.000 0.000 0.000 0.000 0.000 0.000 0.000 0.000 0.000 0.000 0.000 0.000 0.000
2.240 2.073 1.976 1.934 1.882 1.803 1.696 1.571 1.486 1.431 1.386 1.347 1.318 1.280 1.210 1.091 0.969 0.869 0.777 0.693 0.617 0.545 0.478 0.411 0.344 0.280 0.219 0.163 0.115 0.113 0.111 0.102 0.085 0.064 0.047 0.033 0.022 0.014 0.008 0.005 0.002 0.001 0.000 0.000 0.000 0.000 0.000 0.000 0.000 0.000 0.000 0.000 0.000 0.000 0.000 0.000 0.000 0.000 0.000 0.000 0.000 0.000 0.000 0.000 0.000 0.000 0.000 0.000 0.000 0.000 0.000 0.000 0.000 0.000 0.000 0.000 0.000
2.219 2.107 2.087 2.081 2.050 1.973 1.881 1.803 1.755 1.720 1.682 1.635 1.576 1.510 1.439 1.346 1.237 1.124 1.009 0.908 0.824 0.746 0.666 0.586 0.507 0.427 0.346 0.268 0.265 0.258 0.238 0.204 0.160 0.119 0.086 0.059 0.040 0.025 0.015 0.009 0.005 0.002 0.001 0.000 0.000 0.000 0.000 0.000 0.000 0.000 0.000 0.000 0.000 0.000 0.000 0.000 0.000 0.000 0.000 0.000 0.000 0.000 0.000 0.000 0.000 0.000 0.000 0.000 0.000 0.000 0.000 0.000 0.000 0.000 0.000 0.000 0.000
2.354 2.317 2.333 2.362 2.349 2.289 2.230 2.194 2.175 2.152 2.112 2.055 1.965 1.849 1.734 1.611 1.477 1.351 1.235 1.128 1.034 0.946 0.863 0.779 0.695 0.608 0.534 0.536 0.525 0.494 0.438 0.360 0.274 0.202 0.144 0.099 0.065 0.042 0.026 0.015 0.009 0.004 0.002 0.001 0.000 0.000 0.000 0.000 0.000 0.000 0.000 0.000 0.000 0.000 0.000 0.000 0.000 0.000 0.000 0.000 0.000 0.000 0.000 0.000 0.000 0.000 0.000 0.000 0.000 0.000 0.000 0.000 0.000 0.000 0.000 0.000 0.000
2.625 2.636 2.702 2.782 2.805 2.792 2.803 2.816 2.804 2.754 2.654 2.513 2.339 2.151 1.972 1.824 1.700 1.592 1.490 1.383 1.277 1.175 1.086 1.001 0.927 0.956 0.964 0.956 0.920 0.846 0.726 0.571 0.424 0.307 0.214 0.148 0.097 0.061 0.037 0.021 0.012 0.006 0.003 0.001 0.000 0.000 0.000 0.000 0.000 0.000 0.000 0.000 0.000 0.000 0.000 0.000 0.000 0.000 0.000 0.000 0.000 0.000 0.000 0.000 0.000 0.000 0.000 0.000 0.000 0.000 0.000 0.000 0.000 0.000 0.000 0.000 0.000
3.026 3.118 3.251 3.373 3.457 3.511 3.553 3.532 3.445 3.286 3.071 2.826 2.581 2.363 2.155 2.023 1.925 1.837 1.749 1.652 1.548 1.447 1.422 1.525 1.585 1.613 1.615 1.570 1.458 1.264 1.029 0.816 0.608 0.441 0.302 0.189 0.120 0.074 0.044 0.025 0.013 0.007 0.003 0.001 0.000 0.000 0.000 0.000 0.000 0.000 0.000 0.000 0.000 0.000 0.000 0.000 0.000 0.000 0.000 0.000 0.000 0.000 0.000 0.000 0.000 0.000 0.000 0.000 0.000 0.000 0.000 0.000 0.000 0.000 0.000 0.000 0.000
3.677 3.893 4.097 4.229 4.319 4.332 4.256 4.113 3.912 3.647 3.360 3.080 2.792 2.518 2.332 2.238 2.157 2.078 1.997 1.917 2.019 2.215 2.351 2.437 2.483 2.510 2.455 2.326 2.123 1.834 1.452 1.103 0.809 0.553 0.353 0.210 0.132 0.080 0.046 0.026 0.014 0.007 0.003 0.001 0.000 0.000 0.000 0.000 0.000 0.000 0.000 0.000 0.000 0.000 0.000 0.000 0.000 0.000 0.000 0.000 0.000 0.000 0.000 0.000 0.000 0.000 0.000 0.000 0.000 0.000 0.000 0.000 0.000 0.000 0.000 0.000 0.000
4.628 4.912 5.102 5.173 5.130 5.000 4.768 4.484 4.199 3.921 3.604 3.272 2.932 2.652 2.535 2.456 2.380 2.309 2.635 2.905 3.132 3.309 3.422 3.499 3.538 3.495 3.341 3.105 2.750 2.301 1.850 1.331 0.887 0.573 0.354 0.216 0.135 0.081 0.047 0.026 0.014 0.007 0.003 0.001 0.000 0.000 0.000 0.000 0.000 0.000 0.000 0.000 0.000 0.000 0.000 0.000 0.000 0.000 0.000 0.000 0.000 0.000 0.000 0.000 0.000 0.000 0.000 0.000 0.000 0.000 0.000 0.000 0.000 0.000 0.000 0.000 0.000
5.622 5.755 5.797 5.749 5.589 5.324 5.071 4.757 4.427 4.090 3.757 3.428 3.092 2.835 2.724 2.653 2.972 3.339 3.683 3.981 4.192 4.296 4.322 4.294 4.211 4.066 3.824 3.512 3.145 2.651 2.015 1.351 0.869 0.546 0.336 0.215 0.133 0.080 0.046 0.025 0.014 0.007 0.003 0.001 0.000 0.000 0.000 0.000 0.000 0.000 0.000 0.000 0.000 0.000 0.000 0.000 0.000 0.000 0.000 0.000 0.000 0.000 0.000 0.000 0.000 0.000 0.000 0.000 0.000 0.000 0.000 0.000 0.000 0.000 0.000 0.000 0.000
6.193 6.154 6.063 5.938 5.785 5.525 5.194 4.842 4.486 4.143 3.838 3.565 3.273 3.007 2.854 3.216 3.702 4.098 4.424 4.656 4.781 4.801 4.728 4.602 4.437 4.281 4.045 3.717 3.270 2.686 1.955 1.257 0.789 0.498 0.325 0.207 0.127 0.075 0.043 0.023 0.012 0.006 0.003 0.001 0.000 0.000 0.000 0.000 0.000 0.000 0.000 0.000 0.000 0.000 0.000 0.000 0.000 0.000 0.000 0.000 0.000 0.000 0.000 0.000 0.000 0.000 0.000 0.000 0.000 0.000 0.000 0.000 0.000 0.000 0.000 0.000 0.000
6.331 6.257 6.149 5.983 5.741 5.396 5.024 4.688 4.386 4.108 3.847 3.615 3.361 3.098 2.985 3.526 4.043 4.433 4.698 4.856 4.919 4.898 4.841 4.715 4.526 4.294 4.006 3.630 3.131 2.475 1.681 1.059 0.685 0.456 0.294 0.184 0.111 0.065 0.036 0.019 0.010 0.005 0.002 0.001 0.000 0.000 0.000 0.000 0.000 0.000 0.000 0.000 0.000 0.000 0.000 0.000 0.000 0.000 0.000 0.000 0.000 0.000 0.000 0.000 0.000 0.000 0.000 0.000 0.000 0.000 0.000 0.000 0.000 0.000 0.000 0.000 0.000
6.384 6.180 5.922 5.574 5.153 4.770 4.492 4.283 4.108 3.934 3.765 3.585 3.345 3.102 3.074 3.570 4.077 4.445 4.672 4.791 4.881 4.887 4.805 4.623 4.341 3.996 3.605 3.158 2.605 1.912 1.266 0.861 0.585 0.381 0.239 0.144 0.084 0.047 0.025 0.013 0.006 0.003 0.001 0.000 0.000 0.000 0.000 0.000 0.000 0.000 0.000 0.000 0.000 0.000 0.000 0.000 0.000 0.000 0.000 0.000 0.000 0.000 0.000 0.000 0.000 0.000 0.000 0.000 0.000 0.000 0.000 0.000 0.000 0.000 0.000 0.000 0.000
5.982 5.347 4.665 4.117 3.743 3.582 3.563 3.616 3.662 3.640 3.585 3.478 3.285 3.071 3.126 3.424 3.883 4.205 4.480 4.615 4.648 4.604 4.457 4.169 3.745 3.245 2.756 2.269 1.766 1.317 0.954 0.660 0.435 0.271 0.161 0.091 0.050 0.026 0.014 0.007 0.003 0.001 0.000 0.000 0.000 0.000 0.000 0.000 0.000 0.000 0.000 0.000 0.000 0.000 0.000 0.000 0.000 0.000 0.000 0.000 0.000 0.000 0.000 0.000 0.000 0.000 0.000 0.000 0.000 0.000 0.000 0.000 0.000 0.000 0.000 0.000 0.000
