RESULTS/r.avaflow_results/13_results/13_ascii/13_hflow0058.asc
ncols 506
nrows 317
xllcenter 498237.50
yllcenter 5580050.00
cellsize 12.50
NODATA_value -9999.000
[rows 170 to 203 of 317, columns 231 to 307 of 506]
0.164 0.109 0.079 0.063 0.056 0.054 0.056 0.064 0.094 0.169 0.248 0.277 0.278 0.254 0.190 0.106 0.057 0.034 0.023 0.017 0.013 0.010 0.009 0.007 0.006 0.005 0.004 0.003 0.002 0.002 0.001 0.001 0.001 0.000 0.000 0.000 0.000 0.000 0.000 0.000 0.000 0.000 0.000 0.000 0.000 0.000 0.000 0.000 0.000 0.000 0.000 0.000 0.000 0.000 0.000 0.000 0.000 0.000 0.000 0.000 0.000 0.000 0.000 0.000 0.000 0.000 0.000 0.000 0.000 0.000 0.000 0.000 0.000 0.000 0.000 0.000 0.000
0.248 0.156 0.105 0.080 0.071 0.070 0.075 0.101 0.187 0.391 0.598 0.673 0.668 0.597 0.429 0.223 0.105 0.054 0.031 0.021 0.016 0.012 0.010 0.008 0.007 0.006 0.005 0.004 0.003 0.002 0.002 0.001 0.001 0.001 0.000 0.000 0.000 0.000 0.000 0.000 0.000 0.000 0.000 0.000 0.000 0.000 0.000 0.000 0.000 0.000 0.000 0.000 0.000 0.000 0.000 0.000 0.000 0.000 0.000 0.000 0.000 0.000 0.000 0.000 0.000 0.000 0.000 0.000 0.000 0.000 0.000 0.000 0.000 0.000 0.000 0.000 0.000
0.398 0.234 0.147 0.106 0.091 0.090 0.101 0.158 0.340 0.753 1.166 1.316 1.303 1.160 0.844 0.444 0.198 0.089 0.045 0.027 0.019 0.015 0.012 0.010 0.008 0.007 0.006 0.005 0.004 0.003 0.003 0.002 0.001 0.001 0.001 0.000 0.000 0.000 0.000 0.000 0.000 0.000 0.000 0.000 0.000 0.000 0.000 0.000 0.000 0.000 0.000 0.000 0.000 0.000 0.000 0.000 0.000 0.000 0.000 0.000 0.000 0.000 0.000 0.000 0.000 0.000 0.000 0.000 0.000 0.000 0.000 0.000 0.000 0.000 0.000 0.000 0.000
0.599 0.369 0.219 0.146 0.119 0.115 0.131 0.209 0.455 1.004 1.557 1.765 1.755 1.588 1.220 0.704 0.331 0.142 0.065 0.035 0.023 0.017 0.014 0.012 0.010 0.008 0.007 0.006 0.005 0.004 0.003 0.003 0.002 0.002 0.001 0.001 0.000 0.000 0.000 0.000 0.000 0.000 0.000 0.000 0.000 0.000 0.000 0.000 0.000 0.000 0.000 0.000 0.000 0.000 0.000 0.000 0.000 0.000 0.000 0.000 0.000 0.000 0.000 0.000 0.000 0.000 0.000 0.000 0.000 0.000 0.000 0.000 0.000 0.000 0.000 0.000 0.000
0.752 0.552 0.341 0.212 0.158 0.148 0.163 0.248 0.513 1.095 1.683 1.910 1.906 1.745 1.390 0.875 0.452 0.207 0.094 0.047 0.029 0.020 0.016 0.013 0.011 0.010 0.008 0.007 0.006 0.005 0.004 0.004 0.003 0.002 0.002 0.001 0.001 0.000 0.000 0.000 0.000 0.000 0.000 0.000 0.000 0.000 0.000 0.000 0.000 0.000 0.000 0.000 0.000 0.000 0.000 0.000 0.000 0.000 0.000 0.000 0.000 0.000 0.000 0.000 0.000 0.000 0.000 0.000 0.000 0.000 0.000 0.000 0.000 0.000 0.000 0.001 0.001
0.809 0.695 0.504 0.316 0.217 0.191 0.202 0.285 0.548 1.103 1.649 1.867 1.869 1.726 1.409 0.958 0.553 0.282 0.134 0.065 0.037 0.025 0.019 0.015 0.013 0.011 0.010 0.009 0.007 0.006 0.005 0.005 0.004 0.003 0.002 0.002 0.001 0.001 0.000 0.000 0.000 0.000 0.000 0.000 0.000 0.000 0.000 0.000 0.000 0.000 0.000 0.000 0.000 0.000 0.000 0.000 0.000 0.000 0.000 0.000 0.000 0.000 0.000 0.000 0.000 0.000 0.000 0.000 0.000 0.000 0.000 0.000 0.000 0.000 0.001 0.002 0.003
0.808 0.745 0.624 0.439 0.297 0.247 0.252 0.329 0.577 1.050 1.459 1.625 1.637 1.546 1.320 0.981 0.638 0.372 0.193 0.095 0.050 0.031 0.023 0.018 0.015 0.013 0.011 0.010 0.009 0.008 0.007 0.006 0.005 0.004 0.003 0.002 0.002 0.001 0.001 0.000 0.000 0.000 0.000 0.000 0.000 0.000 0.000 0.000 0.000 0.000 0.000 0.000 0.000 0.000 0.000 0.000 0.000 0.000 0.000 0.000 0.000 0.000 0.000 0.000 0.000 0.000 0.000 0.000 0.000 0.000 0.000 0.000 0.001 0.002 0.003 0.005 0.006
0.768 0.742 0.667 0.535 0.390 0.323 0.320 0.392 0.619 0.963 1.174 1.243 1.246 1.205 1.099 0.918 0.689 0.464 0.271 0.142 0.073 0.042 0.029 0.022 0.018 0.015 0.013 0.012 0.010 0.009 0.008 0.007 0.006 0.005 0.004 0.003 0.003 0.002 0.001 0.001 0.000 0.000 0.000 0.000 0.000 0.000 0.000 0.000 0.000 0.000 0.000 0.000 0.000 0.000 0.000 0.000 0.000 0.000 0.000 0.000 0.000 0.000 0.000 0.000 0.000 0.000 0.000 0.000 0.000 0.000 0.001 0.001 0.002 0.004 0.006 0.008 0.011
0.688 0.698 0.666 0.588 0.480 0.419 0.414 0.484 0.694 0.931 1.025 1.036 1.016 0.968 0.901 0.814 0.697 0.541 0.364 0.212 0.115 0.064 0.040 0.029 0.022 0.018 0.016 0.014 0.012 0.011 0.009 0.008 0.007 0.006 0.005 0.004 0.003 0.003 0.002 0.001 0.001 0.001 0.000 0.000 0.000 0.000 0.000 0.000 0.000 0.000 0.000 0.000 0.000 0.000 0.000 0.000 0.000 0.000 0.000 0.000 0.000 0.000 0.000 0.000 0.000 0.000 0.000 0.000 0.001 0.001 0.002 0.003 0.005 0.007 0.010 0.013 0.017
0.566 0.619 0.631 0.602 0.545 0.517 0.529 0.616 0.812 0.961 1.000 0.989 0.944 0.881 0.822 0.764 0.698 0.604 0.469 0.315 0.188 0.107 0.063 0.041 0.030 0.024 0.020 0.017 0.015 0.013 0.011 0.010 0.008 0.007 0.006 0.005 0.004 0.004 0.003 0.002 0.002 0.001 0.001 0.000 0.000 0.000 0.000 0.000 0.000 0.000 0.000 0.000 0.000 0.000 0.000 0.000 0.000 0.000 0.000 0.000 0.000 0.000 0.000 0.000 0.001 0.001 0.001 0.001 0.002 0.003 0.005 0.006 0.009 0.012 0.016 0.021 0.028
0.449 0.524 0.567 0.583 0.583 0.601 0.660 0.797 0.975 1.049 1.046 1.006 0.939 0.869 0.812 0.762 0.718 0.667 0.589 0.464 0.317 0.192 0.112 0.068 0.046 0.033 0.026 0.021 0.018 0.015 0.013 0.011 0.010 0.009 0.008 0.007 0.006 0.005 0.004 0.003 0.003 0.002 0.001 0.001 0.000 0.000 0.000 0.000 0.000 0.000 0.000 0.000 0.000 0.000 0.000 0.000 0.000 0.000 0.000 0.001 0.001 0.001 0.001 0.002 0.002 0.003 0.003 0.004 0.005 0.006 0.008 0.011 0.014 0.019 0.025 0.035 0.051
0.379 0.458 0.518 0.566 0.615 0.691 0.824 1.027 1.180 1.211 1.172 1.075 0.968 0.889 0.834 0.799 0.780 0.769 0.742 0.665 0.523 0.351 0.215 0.130 0.082 0.055 0.039 0.030 0.024 0.019 0.016 0.014 0.012 0.010 0.009 0.008 0.007 0.006 0.005 0.004 0.004 0.003 0.002 0.002 0.001 0.001 0.001 0.001 0.001 0.001 0.001 0.001 0.001 0.001 0.001 0.001 0.001 0.001 0.002 0.002 0.003 0.003 0.004 0.004 0.005 0.005 0.006 0.007 0.008 0.010 0.013 0.017 0.022 0.030 0.045 0.070 0.113
0.356 0.436 0.508 0.582 0.679 0.830 1.056 1.298 1.426 1.440 1.364 1.206 1.059 0.967 0.916 0.899 0.909 0.940 0.951 0.918 0.808 0.619 0.418 0.271 0.173 0.111 0.073 0.050 0.036 0.027 0.021 0.017 0.014 0.012 0.011 0.010 0.009 0.008 0.007 0.006 0.005 0.004 0.004 0.003 0.002 0.002 0.002 0.002 0.002 0.002 0.002 0.002 0.002 0.002 0.002 0.002 0.003 0.003 0.004 0.005 0.006 0.006 0.007 0.007 0.008 0.009 0.010 0.011 0.013 0.016 0.020 0.026 0.036 0.055 0.092 0.163 0.285
0.370 0.459 0.561 0.689 0.866 1.108 1.393 1.619 1.716 1.712 1.610 1.414 1.249 1.149 1.101 1.093 1.119 1.183 1.224 1.221 1.156 0.999 0.777 0.567 0.398 0.268 0.172 0.107 0.067 0.043 0.030 0.022 0.018 0.015 0.013 0.012 0.011 0.010 0.009 0.008 0.007 0.006 0.005 0.005 0.004 0.004 0.003 0.003 0.003 0.003 0.003 0.003 0.003 0.004 0.004 0.005 0.005 0.006 0.008 0.009 0.010 0.011 0.011 0.012 0.013 0.014 0.015 0.017 0.020 0.024 0.032 0.044 0.068 0.112 0.202 0.389 0.711
0.472 0.608 0.792 1.037 1.326 1.619 1.868 2.017 2.065 2.043 1.935 1.753 1.605 1.511 1.452 1.421 1.430 1.481 1.539 1.560 1.544 1.464 1.299 1.080 0.859 0.647 0.445 0.269 0.150 0.083 0.049 0.032 0.024 0.019 0.017 0.015 0.013 0.012 0.011 0.010 0.009 0.008 0.008 0.007 0.006 0.006 0.006 0.006 0.005 0.005 0.005 0.006 0.006 0.006 0.007 0.008 0.009 0.010 0.013 0.015 0.016 0.017 0.018 0.018 0.019 0.020 0.022 0.025 0.030 0.040 0.056 0.086 0.137 0.230 0.422 0.821 1.433
0.772 1.014 1.353 1.757 2.121 2.372 2.496 2.535 2.536 2.505 2.420 2.301 2.210 2.138 2.053 1.933 1.843 1.819 1.842 1.872 1.903 1.928 1.888 1.770 1.576 1.329 1.020 0.656 0.352 0.174 0.089 0.052 0.035 0.026 0.022 0.019 0.017 0.015 0.014 0.013 0.012 0.011 0.010 0.010 0.009 0.009 0.008 0.008 0.008 0.008 0.008 0.008 0.009 0.009 0.010 0.012 0.013 0.016 0.019 0.023 0.025 0.026 0.027 0.028 0.029 0.031 0.034 0.041 0.053 0.077 0.117 0.182 0.282 0.446 0.734 1.215 1.883
1.368 1.744 2.179 2.571 2.850 3.035 3.154 3.202 3.203 3.187 3.153 3.118 3.093 3.038 2.895 2.613 2.326 2.179 2.143 2.164 2.227 2.326 2.423 2.469 2.425 2.263 1.914 1.350 0.737 0.356 0.171 0.091 0.056 0.039 0.030 0.025 0.022 0.020 0.018 0.017 0.016 0.015 0.014 0.013 0.012 0.012 0.012 0.012 0.012 0.012 0.012 0.012 0.012 0.013 0.015 0.017 0.020 0.024 0.030 0.036 0.041 0.043 0.045 0.046 0.048 0.052 0.061 0.079 0.113 0.171 0.261 0.386 0.543 0.737 0.978 1.350 1.943
2.042 2.412 2.757 3.031 3.237 3.413 3.639 3.903 4.042 4.080 4.084 4.058 3.982 3.840 3.591 3.182 2.764 2.523 2.444 2.453 2.531 2.697 2.937 3.112 3.179 3.138 2.872 2.240 1.327 0.660 0.321 0.167 0.097 0.063 0.045 0.036 0.030 0.027 0.025 0.023 0.021 0.020 0.019 0.018 0.017 0.016 0.016 0.016 0.016 0.016 0.016 0.016 0.017 0.018 0.021 0.025 0.031 0.040 0.051 0.065 0.076 0.082 0.086 0.089 0.094 0.106 0.131 0.181 0.269 0.399 0.568 0.745 0.888 0.979 1.073 1.303 1.747
2.410 2.729 2.998 3.222 3.422 3.647 4.022 4.502 4.764 4.827 4.808 4.715 4.549 4.318 3.998 3.561 3.134 2.861 2.750 2.744 2.832 3.082 3.473 3.747 3.857 3.842 3.601 2.974 1.968 1.085 0.566 0.303 0.173 0.108 0.074 0.055 0.044 0.039 0.036 0.033 0.031 0.029 0.027 0.025 0.023 0.022 0.021 0.021 0.021 0.021 0.021 0.022 0.023 0.026 0.031 0.041 0.055 0.075 0.105 0.141 0.166 0.183 0.195 0.206 0.223 0.256 0.325 0.451 0.636 0.852 1.054 1.161 1.163 1.090 1.043 1.083 1.221
2.493 2.791 3.039 3.267 3.510 3.845 4.398 4.968 5.249 5.298 5.227 5.044 4.804 4.526 4.180 3.786 3.438 3.188 3.068 3.053 3.171 3.558 4.103 4.418 4.510 4.447 4.130 3.458 2.463 1.554 0.923 0.536 0.316 0.196 0.129 0.092 0.072 0.063 0.058 0.056 0.053 0.049 0.045 0.040 0.035 0.032 0.029 0.028 0.028 0.028 0.029 0.030 0.033 0.040 0.053 0.076 0.112 0.168 0.254 0.343 0.401 0.440 0.473 0.507 0.556 0.642 0.795 1.029 1.270 1.436 1.497 1.443 1.296 1.096 0.903 0.730 0.624
2.375 2.689 2.963 3.227 3.535 4.006 4.704 5.250 5.479 5.494 5.374 5.138 4.869 4.581 4.234 3.910 3.670 3.500 3.417 3.433 3.663 4.265 4.900 5.157 5.154 4.959 4.484 3.700 2.757 1.974 1.373 0.914 0.584 0.370 0.241 0.169 0.132 0.117 0.112 0.111 0.109 0.104 0.093 0.078 0.062 0.051 0.045 0.042 0.041 0.041 0.041 0.044 0.052 0.070 0.105 0.163 0.253 0.392 0.598 0.779 0.896 0.966 1.019 1.076 1.169 1.328 1.528 1.705 1.803 1.824 1.752 1.573 1.314 1.004 0.690 0.451 0.316
1.893 2.274 2.640 3.016 3.455 4.069 4.828 5.332 5.516 5.509 5.376 5.137 4.873 4.585 4.246 3.986 3.841 3.782 3.806 3.957 4.388 5.095 5.590 5.732 5.662 5.334 4.686 3.761 2.899 2.252 1.742 1.322 0.971 0.684 0.468 0.332 0.268 0.247 0.247 0.262 0.267 0.258 0.229 0.181 0.133 0.099 0.078 0.067 0.064 0.064 0.066 0.074 0.096 0.146 0.237 0.368 0.550 0.832 1.170 1.388 1.480 1.508 1.518 1.548 1.639 1.810 1.973 2.041 2.042 1.985 1.836 1.586 1.228 0.813 0.485 0.286 0.182
1.044 1.460 1.937 2.475 3.103 3.914 4.741 5.254 5.429 5.413 5.295 5.094 4.860 4.579 4.250 4.038 3.966 3.991 4.139 4.445 4.970 5.591 5.930 6.008 5.916 5.522 4.760 3.743 2.941 2.369 1.920 1.548 1.236 0.978 0.772 0.624 0.548 0.532 0.557 0.623 0.650 0.635 0.567 0.449 0.315 0.216 0.154 0.124 0.113 0.112 0.117 0.141 0.204 0.334 0.533 0.778 1.064 1.387 1.641 1.753 1.768 1.723 1.689 1.696 1.768 1.929 2.066 2.101 2.082 1.998 1.815 1.494 1.025 0.594 0.327 0.188 0.118
0.413 0.656 1.015 1.552 2.299 3.268 4.230 4.849 5.116 5.163 5.111 4.992 4.820 4.563 4.245 4.070 4.042 4.121 4.348 4.712 5.212 5.703 5.972 6.030 5.938 5.526 4.695 3.636 2.874 2.350 1.940 1.600 1.322 1.105 0.951 0.861 0.830 0.844 0.932 1.081 1.153 1.153 1.085 0.925 0.695 0.476 0.325 0.248 0.223 0.222 0.238 0.298 0.445 0.726 1.069 1.357 1.579 1.746 1.836 1.850 1.809 1.712 1.645 1.638 1.686 1.817 1.943 1.979 1.962 1.868 1.640 1.236 0.738 0.393 0.214 0.127 0.085
0.144 0.240 0.409 0.708 1.227 2.059 3.094 3.961 4.483 4.733 4.821 4.805 4.720 4.516 4.223 4.077 4.069 4.178 4.416 4.757 5.148 5.471 5.639 5.670 5.554 5.114 4.240 3.202 2.504 2.072 1.762 1.505 1.285 1.109 0.997 0.950 0.947 0.985 1.115 1.313 1.413 1.425 1.377 1.249 1.046 0.803 0.610 0.494 0.454 0.454 0.494 0.611 0.850 1.215 1.545 1.743 1.839 1.871 1.862 1.814 1.692 1.507 1.378 1.328 1.333 1.393 1.495 1.552 1.551 1.467 1.227 0.820 0.449 0.244 0.140 0.089 0.065
0.056 0.087 0.145 0.261 0.492 0.920 1.617 2.525 3.395 3.996 4.332 4.464 4.468 4.356 4.135 4.033 4.046 4.160 4.339 4.505 4.593 4.592 4.554 4.472 4.278 3.817 3.013 2.171 1.647 1.374 1.230 1.129 1.040 0.970 0.934 0.931 0.948 1.002 1.142 1.348 1.457 1.473 1.438 1.342 1.178 0.971 0.824 0.748 0.727 0.739 0.799 0.926 1.138 1.441 1.706 1.847 1.888 1.872 1.783 1.606 1.321 1.035 0.849 0.758 0.729 0.735 0.786 0.840 0.853 0.813 0.676 0.444 0.254 0.149 0.093 0.066 0.053
0.029 0.039 0.057 0.093 0.167 0.324 0.631 1.147 1.901 2.736 3.400 3.759 3.894 3.913 3.841 3.809 3.842 3.899 3.878 3.680 3.303 2.926 2.646 2.415 2.166 1.832 1.371 0.951 0.711 0.606 0.571 0.562 0.577 0.619 0.680 0.748 0.813 0.893 1.032 1.217 1.323 1.351 1.340 1.285 1.165 1.004 0.905 0.870 0.868 0.889 0.946 1.044 1.202 1.436 1.656 1.772 1.795 1.728 1.516 1.151 0.777 0.532 0.404 0.347 0.330 0.331 0.349 0.373 0.380 0.371 0.324 0.229 0.143 0.093 0.066 0.053 0.046
0.018 0.023 0.029 0.040 0.062 0.107 0.201 0.393 0.742 1.285 1.940 2.488 2.833 3.032 3.136 3.184 3.198 3.106 2.776 2.186 1.625 1.277 1.066 0.917 0.782 0.635 0.459 0.321 0.247 0.222 0.219 0.226 0.248 0.286 0.343 0.418 0.504 0.596 0.712 0.840 0.921 0.963 0.985 0.996 0.976 0.924 0.893 0.888 0.895 0.914 0.952 1.011 1.096 1.221 1.354 1.424 1.427 1.305 0.999 0.637 0.403 0.271 0.201 0.169 0.159 0.158 0.162 0.170 0.172 0.169 0.154 0.121 0.086 0.064 0.052 0.045 0.043
0.013 0.015 0.019 0.023 0.030 0.043 0.068 0.118 0.225 0.436 0.775 1.159 1.490 1.757 1.944 2.018 1.980 1.760 1.352 0.896 0.599 0.440 0.354 0.298 0.250 0.200 0.147 0.110 0.092 0.087 0.088 0.094 0.105 0.124 0.154 0.192 0.238 0.289 0.347 0.402 0.440 0.469 0.496 0.531 0.587 0.663 0.742 0.789 0.809 0.817 0.814 0.788 0.748 0.736 0.759 0.780 0.771 0.690 0.513 0.332 0.220 0.154 0.116 0.098 0.090 0.088 0.088 0.088 0.087 0.085 0.081 0.071 0.058 0.050 0.045 0.042 0.041
0.009 0.011 0.013 0.016 0.019 0.024 0.031 0.045 0.072 0.129 0.242 0.414 0.609 0.777 0.880 0.906 0.871 0.735 0.503 0.304 0.199 0.149 0.123 0.106 0.092 0.077 0.061 0.051 0.046 0.045 0.046 0.049 0.054 0.061 0.073 0.089 0.109 0.130 0.152 0.170 0.184 0.197 0.213 0.236 0.275 0.339 0.438 0.509 0.531 0.524 0.485 0.411 0.343 0.318 0.317 0.330 0.335 0.316 0.258 0.187 0.135 0.101 0.079 0.067 0.061 0.058 0.056 0.055 0.053 0.052 0.051 0.049 0.046 0.044 0.042 0.041 0.041
0.006 0.008 0.009 0.011 0.013 0.016 0.019 0.024 0.032 0.047 0.079 0.133 0.214 0.285 0.324 0.332 0.317 0.264 0.174 0.108 0.076 0.062 0.055 0.050 0.047 0.042 0.037 0.033 0.032 0.031 0.032 0.033 0.035 0.038 0.043 0.049 0.057 0.065 0.072 0.078 0.083 0.089 0.096 0.106 0.124 0.155 0.202 0.230 0.235 0.229 0.211 0.177 0.148 0.137 0.137 0.144 0.153 0.153 0.142 0.119 0.095 0.076 0.061 0.052 0.047 0.044 0.042 0.040 0.039 0.039 0.040 0.041 0.042 0.042 0.041 0.041 0.041
0.004 0.005 0.007 0.008 0.009 0.011 0.013 0.016 0.019 0.025 0.034 0.051 0.079 0.104 0.116 0.118 0.114 0.098 0.069 0.049 0.039 0.035 0.033 0.032 0.032 0.030 0.028 0.026 0.026 0.026 0.026 0.026 0.027 0.028 0.030 0.033 0.036 0.039 0.042 0.044 0.046 0.048 0.051 0.056 0.063 0.075 0.090 0.097 0.098 0.097 0.093 0.083 0.074 0.071 0.071 0.075 0.084 0.089 0.090 0.085 0.075 0.063 0.052 0.044 0.040 0.037 0.035 0.034 0.033 0.034 0.036 0.039 0.041 0.041 0.042 0.042 0.043
0.002 0.003 0.004 0.005 0.007 0.008 0.010 0.011 0.013 0.016 0.020 0.027 0.037 0.045 0.049 0.050 0.049 0.044 0.035 0.029 0.026 0.025 0.025 0.025 0.025 0.025 0.024 0.023 0.022 0.022 0.022 0.023 0.023 0.023 0.024 0.026 0.027 0.028 0.029 0.030 0.031 0.032 0.034 0.036 0.039 0.043 0.048 0.049 0.050 0.050 0.049 0.048 0.046 0.046 0.047 0.050 0.057 0.064 0.067 0.067 0.063 0.055 0.046 0.040 0.035 0.033 0.032 0.031 0.031 0.032 0.035 0.038 0.041 0.042 0.043 0.044 0.046
0.001 0.002 0.003 0.003 0.004 0.006 0.007 0.008 0.010 0.012 0.014 0.017 0.022 0.025 0.026 0.027 0.027 0.025 0.023 0.021 0.020 0.019 0.020 0.020 0.021 0.021 0.020 0.020 0.020 0.020 0.020 0.020 0.020 0.021 0.021 0.022 0.022 0.023 0.023 0.024 0.024 0.025 0.026 0.027 0.029 0.031 0.032 0.033 0.033 0.034 0.034 0.035 0.036 0.038 0.039 0.042 0.047 0.054 0.057 0.057 0.055 0.049 0.042 0.037 0.033 0.031 0.030 0.030 0.031 0.032 0.035 0.038 0.041 0.044 0.047 0.050 0.055
