RESULTS/r.avaflow_results/13_results/13_ascii/13_hflow10030.asc
ncols 506
nrows 317
xllcenter 498237.50
yllcenter 5580050.00
cellsize 12.50
NODATA_value -9999.000
[rows 170 to 203 of 317, columns 77 to 153 of 506]
0.000 0.000 0.000 0.001 0.003 0.006 0.012 0.018 0.023 0.027 0.031 0.037 0.056 0.099 0.184 0.320 0.505 0.731 0.998 1.303 1.637 1.995 2.381 2.813 3.270 3.671 4.008 4.326 4.650 4.995 5.367 5.805 6.335 6.963 7.703 8.567 9.543 10.618 11.794 13.003 14.239 15.470 16.717 18.013 19.277 20.374 21.601 22.755 24.041 25.394 26.721 28.243 29.777 31.174 32.115 32.589 32.740 33.139 33.811 34.090 34.673 34.975 34.894 34.804 34.035 33.065 31.772 30.055 28.265 26.378 24.145 21.873 19.847 17.912 16.100 14.365 12.713
0.000 0.001 0.002 0.005 0.010 0.019 0.031 0.044 0.056 0.069 0.087 0.120 0.186 0.304 0.481 0.710 0.985 1.296 1.642 2.022 2.428 2.857 3.314 3.790 4.253 4.674 5.045 5.399 5.753 6.125 6.536 7.019 7.596 8.296 9.145 10.144 11.281 12.549 13.935 15.267 16.516 17.765 19.048 20.377 21.643 22.745 23.891 25.065 26.547 28.131 29.583 30.876 32.177 33.029 33.621 34.126 34.500 34.972 35.677 35.902 36.204 36.468 36.179 35.867 34.845 33.703 32.434 30.771 28.869 26.923 24.860 22.829 20.908 19.021 17.286 15.654 14.102
0.001 0.003 0.007 0.014 0.025 0.040 0.060 0.084 0.110 0.145 0.196 0.281 0.425 0.637 0.899 1.201 1.548 1.943 2.391 2.877 3.383 3.897 4.418 4.906 5.362 5.784 6.177 6.559 6.942 7.344 7.800 8.334 8.969 9.745 10.683 11.778 12.997 14.343 15.827 17.307 18.676 19.992 21.309 22.637 23.893 25.008 26.058 27.158 28.506 30.200 31.860 32.899 33.745 34.167 34.545 35.032 35.503 36.114 36.740 36.899 37.104 37.263 36.794 36.196 35.330 34.169 32.951 31.316 29.596 27.821 25.786 23.701 21.744 19.912 18.229 16.692 15.201
0.002 0.006 0.013 0.024 0.040 0.063 0.094 0.134 0.185 0.254 0.352 0.499 0.710 0.985 1.320 1.713 2.169 2.694 3.281 3.912 4.527 5.119 5.683 6.165 6.604 7.019 7.421 7.817 8.217 8.655 9.146 9.719 10.381 11.164 12.127 13.224 14.470 15.902 17.456 19.086 20.581 22.054 23.379 24.697 25.991 27.067 28.186 29.241 30.324 31.818 33.359 34.322 34.953 35.099 35.030 35.313 35.947 36.724 37.317 37.415 37.586 37.572 37.031 36.405 35.673 34.414 33.197 31.903 30.342 28.562 26.489 24.386 22.389 20.541 18.903 17.407 16.000
0.004 0.009 0.017 0.030 0.050 0.078 0.117 0.172 0.247 0.349 0.488 0.680 0.941 1.279 1.702 2.215 2.823 3.528 4.310 5.131 5.866 6.517 7.089 7.566 7.975 8.368 8.760 9.162 9.574 10.026 10.514 11.062 11.709 12.466 13.379 14.509 15.804 17.203 18.791 20.520 22.126 23.775 25.059 26.379 27.645 28.651 29.827 30.852 31.748 32.909 33.981 34.812 35.446 35.374 35.215 35.365 35.774 36.398 36.995 37.100 37.228 37.207 36.727 36.176 35.562 34.556 33.445 32.309 30.825 29.079 26.915 24.747 22.729 20.876 19.315 17.851 16.479
0.004 0.010 0.019 0.033 0.055 0.086 0.131 0.194 0.285 0.412 0.586 0.822 1.135 1.543 2.056 2.677 3.413 4.268 5.246 6.291 7.204 7.963 8.569 9.047 9.445 9.812 10.178 10.561 10.960 11.379 11.832 12.331 12.931 13.657 14.543 15.605 16.882 18.308 19.886 21.662 23.417 25.208 26.579 28.014 29.181 30.158 31.250 32.130 32.951 33.925 34.485 34.730 35.282 35.287 35.307 35.347 35.519 35.936 36.631 36.813 36.859 36.947 36.549 35.984 35.529 34.671 33.589 32.450 30.905 29.175 27.007 24.829 22.813 20.999 19.495 18.032 16.667
0.004 0.010 0.020 0.035 0.057 0.090 0.136 0.204 0.303 0.447 0.651 0.929 1.298 1.775 2.370 3.083 3.915 4.876 5.983 7.211 8.316 9.222 9.919 10.448 10.868 11.231 11.585 11.931 12.288 12.675 13.080 13.524 14.039 14.689 15.523 16.559 17.782 19.221 20.788 22.589 24.463 26.286 27.735 29.223 30.448 31.423 32.382 33.087 33.753 34.505 34.772 34.823 35.112 35.025 35.122 35.182 35.155 35.435 36.294 36.642 36.803 36.862 36.427 35.945 35.544 34.742 33.711 32.554 30.865 29.085 26.899 24.718 22.766 21.022 19.502 18.076 16.720
0.004 0.010 0.020 0.035 0.058 0.091 0.137 0.205 0.308 0.461 0.688 1.007 1.432 1.976 2.641 3.425 4.324 5.347 6.518 7.850 9.156 10.251 11.087 11.724 12.200 12.578 12.917 13.243 13.562 13.891 14.254 14.638 15.066 15.643 16.379 17.338 18.482 19.885 21.437 23.219 25.182 27.070 28.660 30.148 31.263 32.049 32.984 33.586 34.061 34.654 34.742 34.709 34.801 34.484 34.377 34.628 34.634 34.822 35.827 36.240 36.415 36.436 36.019 35.572 35.121 34.330 33.268 32.069 30.324 28.516 26.370 24.318 22.504 20.865 19.381 17.995 16.719
0.004 0.009 0.019 0.035 0.058 0.089 0.134 0.202 0.303 0.460 0.699 1.052 1.534 2.141 2.865 3.695 4.631 5.678 6.866 8.229 9.694 11.007 12.052 12.844 13.418 13.834 14.191 14.507 14.787 15.055 15.351 15.689 16.043 16.485 17.129 17.985 19.000 20.353 21.863 23.678 25.690 27.744 29.417 30.933 31.942 32.660 33.598 34.035 34.328 34.908 34.971 34.887 34.947 34.630 34.288 34.130 34.016 34.249 35.622 35.973 36.016 36.057 35.678 35.158 34.662 33.774 32.665 31.333 29.572 27.700 25.587 23.632 21.977 20.462 19.103 17.791 16.566
0.003 0.007 0.016 0.032 0.054 0.083 0.125 0.187 0.282 0.435 0.683 1.061 1.592 2.260 3.027 3.883 4.831 5.882 7.065 8.429 9.987 11.522 12.803 13.774 14.494 14.999 15.371 15.669 15.937 16.172 16.401 16.638 16.937 17.301 17.834 18.577 19.486 20.798 22.222 24.015 25.993 28.195 30.054 31.590 32.510 33.181 33.957 34.398 34.734 35.169 35.104 35.070 35.082 34.693 34.397 34.012 33.782 33.910 35.271 35.475 35.386 35.378 34.987 34.507 33.985 32.942 31.751 30.185 28.408 26.444 24.455 22.708 21.253 19.845 18.591 17.428 16.292
0.001 0.004 0.012 0.026 0.045 0.070 0.104 0.152 0.229 0.364 0.606 1.009 1.587 2.308 3.118 3.992 4.940 5.979 7.150 8.505 10.078 11.783 13.307 14.515 15.415 16.034 16.493 16.794 17.018 17.210 17.381 17.549 17.748 17.984 18.406 18.972 19.767 20.958 22.283 24.058 25.978 28.226 30.212 31.717 32.712 33.414 33.851 34.185 34.594 34.919 34.833 34.924 34.931 34.641 34.192 33.834 33.601 33.456 34.265 34.516 34.608 34.411 33.997 33.452 32.786 31.620 30.424 28.734 26.881 25.006 23.219 21.681 20.357 19.087 17.916 16.842 15.808
0.001 0.002 0.007 0.016 0.031 0.049 0.070 0.098 0.144 0.239 0.440 0.828 1.443 2.237 3.120 4.027 4.968 5.997 7.162 8.513 10.076 11.893 13.663 15.107 16.222 16.990 17.517 17.836 18.070 18.206 18.308 18.411 18.508 18.669 18.990 19.405 20.097 21.107 22.372 24.125 26.043 28.251 30.335 31.863 32.880 33.692 33.997 34.095 34.614 34.850 34.743 34.973 34.961 34.790 34.330 34.056 33.683 33.492 33.793 33.724 34.080 33.771 33.244 32.576 31.671 30.405 29.078 27.320 25.450 23.678 21.989 20.590 19.325 18.195 17.131 16.129 15.196
0.000 0.001 0.004 0.009 0.018 0.029 0.041 0.056 0.080 0.131 0.251 0.536 1.096 1.922 2.915 3.938 4.908 5.929 7.088 8.432 9.996 11.872 13.815 15.500 16.807 17.754 18.420 18.827 19.057 19.146 19.208 19.225 19.290 19.328 19.487 19.880 20.419 21.293 22.499 24.155 26.122 28.288 30.410 31.968 33.091 33.885 34.166 34.152 34.602 34.726 34.683 34.957 34.905 34.747 34.556 34.171 33.576 33.191 33.114 32.996 33.530 33.243 32.525 31.771 30.708 29.373 27.936 26.196 24.312 22.548 20.957 19.608 18.346 17.275 16.240 15.263 14.407
0.000 0.000 0.002 0.005 0.010 0.017 0.025 0.034 0.050 0.081 0.151 0.321 0.710 1.406 2.393 3.523 4.611 5.694 6.873 8.228 9.838 11.779 13.853 15.745 17.226 18.371 19.178 19.665 19.947 20.032 20.098 20.083 20.120 20.079 20.131 20.438 20.774 21.442 22.479 23.973 25.905 28.097 30.130 31.693 32.777 33.548 33.860 33.883 34.183 34.230 34.209 34.455 34.352 34.215 34.272 33.923 33.328 32.856 32.422 32.092 32.319 32.219 31.716 30.988 29.895 28.523 27.030 25.194 23.249 21.480 19.900 18.550 17.345 16.255 15.281 14.344 13.494
0.000 0.000 0.001 0.002 0.005 0.010 0.016 0.024 0.038 0.067 0.124 0.241 0.502 1.016 1.817 2.863 4.025 5.216 6.470 7.879 9.562 11.581 13.818 15.847 17.485 18.784 19.761 20.437 20.809 20.925 20.986 20.968 21.012 20.931 20.933 21.038 21.333 21.896 22.811 24.102 25.850 28.159 30.080 31.580 32.459 33.387 33.763 33.815 34.066 33.995 33.816 34.068 33.931 33.795 33.900 33.699 33.361 32.875 32.107 31.607 31.441 31.278 31.081 30.491 29.366 27.992 26.460 24.477 22.455 20.604 18.959 17.559 16.356 15.274 14.279 13.350 12.504
0.000 0.000 0.000 0.001 0.002 0.005 0.010 0.019 0.034 0.065 0.123 0.233 0.443 0.842 1.500 2.422 3.537 4.765 6.100 7.579 9.280 11.308 13.670 15.847 17.574 18.996 20.152 21.007 21.557 21.854 21.951 21.890 21.845 21.748 21.743 21.813 22.032 22.428 23.249 24.370 25.876 28.041 29.831 31.269 32.125 33.065 33.422 33.510 33.763 33.564 33.284 33.384 33.211 33.213 33.381 33.214 33.024 32.712 32.017 31.318 30.768 30.478 30.321 29.851 28.810 27.486 25.907 23.815 21.716 19.788 18.083 16.635 15.386 14.320 13.329 12.381 11.527
0.000 0.000 0.000 0.000 0.001 0.003 0.007 0.015 0.032 0.067 0.133 0.248 0.451 0.811 1.396 2.234 3.298 4.535 5.907 7.437 9.142 11.099 13.412 15.680 17.542 19.083 20.338 21.384 22.089 22.535 22.859 22.938 22.891 22.890 22.845 22.865 22.971 23.292 23.889 24.863 26.070 27.741 29.339 30.639 31.511 32.313 32.628 32.667 32.846 32.613 32.368 32.215 31.952 31.943 32.238 32.232 32.210 32.205 31.677 31.000 30.335 29.856 29.494 29.048 28.164 26.912 25.303 23.209 21.038 19.065 17.298 15.759 14.464 13.354 12.375 11.443 10.542
0.000 0.000 0.000 0.000 0.000 0.001 0.004 0.012 0.032 0.073 0.154 0.290 0.506 0.858 1.414 2.210 3.239 4.464 5.860 7.403 9.081 10.939 13.102 15.383 17.372 19.041 20.414 21.591 22.495 23.148 23.644 23.822 23.846 23.997 23.981 24.079 24.229 24.653 25.025 25.789 26.638 27.769 29.160 30.241 30.998 31.724 31.982 32.004 32.131 31.844 31.478 31.113 30.857 30.784 31.155 31.336 31.433 31.572 31.179 30.731 30.191 29.353 28.682 28.229 27.424 26.209 24.561 22.533 20.348 18.328 16.547 14.960 13.594 12.427 11.423 10.480 9.497
0.000 0.000 0.000 0.000 0.000 0.001 0.003 0.010 0.032 0.083 0.187 0.360 0.622 1.002 1.547 2.299 3.279 4.471 5.855 7.404 9.067 10.839 12.824 14.972 17.095 18.910 20.373 21.673 22.755 23.594 24.294 24.580 24.676 24.841 24.909 25.118 25.408 25.888 26.186 26.734 27.249 27.996 28.993 29.855 30.562 31.122 31.250 31.209 31.328 31.154 30.847 30.383 30.072 29.797 29.953 30.121 30.274 30.463 30.244 29.932 29.504 28.559 27.633 27.095 26.284 25.216 23.713 21.797 19.686 17.618 15.789 14.162 12.727 11.459 10.311 9.221 8.123
0.000 0.000 0.000 0.000 0.000 0.000 0.002 0.009 0.032 0.097 0.235 0.468 0.806 1.248 1.815 2.542 3.466 4.605 5.955 7.477 9.120 10.835 12.648 14.566 16.642 18.646 20.247 21.641 22.834 23.776 24.606 25.044 25.318 25.556 25.734 25.895 26.091 26.514 26.734 27.294 27.594 28.054 28.680 29.325 29.975 30.394 30.408 30.355 30.528 30.401 30.198 29.749 29.305 28.879 28.904 28.897 28.867 29.032 28.922 28.741 28.342 27.563 26.628 25.776 24.762 23.725 22.449 20.801 18.877 16.829 14.987 13.324 11.809 10.393 9.025 7.702 6.473
0.000 0.000 0.000 0.000 0.000 0.000 0.001 0.007 0.032 0.113 0.301 0.623 1.068 1.598 2.214 2.947 3.838 4.920 6.204 7.668 9.274 10.926 12.616 14.370 16.239 18.252 19.966 21.516 22.843 23.853 24.874 25.555 25.962 26.241 26.331 26.419 26.595 26.882 27.089 27.627 27.806 28.092 28.637 29.111 29.577 30.001 30.017 29.973 30.173 30.018 29.899 29.624 29.042 28.520 28.394 28.064 27.814 27.831 27.576 27.350 26.963 26.283 25.347 24.238 23.112 22.012 20.834 19.390 17.706 15.846 14.074 12.394 10.744 9.119 7.544 6.043 4.682
0.000 0.000 0.000 0.000 0.000 0.000 0.001 0.006 0.029 0.123 0.380 0.833 1.428 2.066 2.747 3.511 4.395 5.434 6.659 8.053 9.567 11.130 12.713 14.323 16.052 17.923 19.608 21.239 22.703 23.835 24.963 25.721 26.137 26.499 26.673 26.747 26.955 27.103 27.366 27.804 27.954 28.118 28.503 28.848 29.301 29.708 29.747 29.729 29.874 29.768 29.626 29.424 28.914 28.288 27.914 27.354 26.882 26.601 26.217 25.755 25.188 24.557 23.622 22.474 21.248 20.013 18.844 17.543 16.031 14.381 12.690 10.915 9.021 7.140 5.395 3.831 2.582
0.000 0.000 0.000 0.000 0.000 0.001 0.001 0.005 0.025 0.122 0.455 1.102 1.913 2.654 3.405 4.221 5.129 6.158 7.332 8.654 10.070 11.491 12.922 14.424 15.986 17.620 19.205 20.774 22.283 23.545 24.798 25.746 26.336 26.671 26.689 26.673 26.865 26.969 27.236 27.624 27.746 27.803 28.048 28.315 28.788 29.155 29.192 29.221 29.355 29.266 29.165 29.014 28.484 27.850 27.259 26.536 25.875 25.302 24.734 24.068 23.380 22.632 21.733 20.636 19.361 17.956 16.598 15.173 13.691 12.005 10.163 8.132 6.005 4.080 2.595 1.568 0.915
0.000 0.000 0.000 0.001 0.001 0.002 0.002 0.005 0.022 0.115 0.489 1.314 2.388 3.269 4.128 5.025 6.004 7.086 8.275 9.540 10.840 12.137 13.399 14.705 16.072 17.585 19.102 20.578 22.007 23.265 24.576 25.508 26.160 26.635 26.702 26.648 26.883 27.001 27.168 27.530 27.588 27.577 27.812 27.967 28.371 28.794 28.846 28.798 28.987 28.856 28.669 28.508 27.948 27.199 26.555 25.727 24.926 24.142 23.419 22.519 21.636 20.681 19.756 18.579 17.322 15.858 14.319 12.618 10.776 8.676 6.508 4.459 2.779 1.563 0.802 0.391 0.189
0.000 0.001 0.001 0.002 0.003 0.003 0.004 0.007 0.021 0.103 0.477 1.385 2.672 3.770 4.801 5.859 6.984 8.196 9.451 10.697 11.903 13.033 14.119 15.245 16.438 17.778 19.159 20.529 21.857 23.012 24.272 25.257 25.942 26.450 26.549 26.567 26.754 26.904 26.989 27.250 27.259 27.148 27.304 27.417 27.774 28.103 28.174 28.219 28.383 28.201 28.000 27.737 27.075 26.310 25.558 24.622 23.750 22.805 21.898 20.854 19.780 18.674 17.578 16.380 15.126 13.611 11.934 9.983 7.876 5.657 3.650 2.056 1.000 0.427 0.170 0.070 0.031
0.002 0.002 0.003 0.004 0.005 0.006 0.007 0.010 0.022 0.089 0.430 1.349 2.771 4.142 5.399 6.678 8.031 9.466 10.834 12.085 13.229 14.225 15.188 16.154 17.126 18.172 19.299 20.522 21.733 22.840 23.797 24.736 25.446 25.928 26.030 26.127 26.360 26.447 26.502 26.688 26.578 26.422 26.591 26.566 26.874 27.293 27.353 27.276 27.307 27.143 26.909 26.563 25.828 25.053 24.185 23.203 22.261 21.259 20.181 19.001 17.803 16.585 15.354 14.073 12.736 11.175 9.428 7.422 5.362 3.413 1.856 0.837 0.313 0.104 0.034 0.013 0.007
0.005 0.005 0.006 0.007 0.008 0.010 0.011 0.014 0.024 0.085 0.402 1.306 2.792 4.422 5.942 7.481 9.129 10.856 12.391 13.713 14.823 15.724 16.567 17.353 18.141 18.940 19.815 20.847 21.876 22.859 23.650 24.420 24.929 25.491 25.622 25.670 25.987 25.963 25.992 26.141 25.947 25.730 25.861 25.756 25.805 26.038 26.049 26.046 26.140 25.919 25.562 25.156 24.390 23.497 22.533 21.364 20.317 19.244 18.088 16.804 15.539 14.220 12.909 11.590 10.157 8.589 6.830 4.924 3.148 1.710 0.757 0.270 0.081 0.023 0.007 0.004 0.004
0.009 0.009 0.009 0.010 0.012 0.014 0.015 0.017 0.026 0.087 0.402 1.314 2.849 4.675 6.467 8.270 10.202 12.181 13.991 15.496 16.669 17.567 18.283 18.875 19.412 20.016 20.611 21.392 22.234 22.970 23.654 24.227 24.605 25.123 25.258 25.222 25.374 25.356 25.341 25.431 25.249 25.004 24.936 24.799 24.748 24.846 24.763 24.607 24.545 24.212 23.777 23.283 22.484 21.510 20.450 19.220 18.046 16.855 15.580 14.244 12.923 11.560 10.209 8.863 7.449 5.882 4.177 2.612 1.400 0.612 0.212 0.061 0.017 0.005 0.002 0.003 0.004
0.015 0.014 0.014 0.015 0.017 0.018 0.018 0.019 0.029 0.094 0.431 1.391 3.002 4.960 6.985 9.062 11.266 13.399 15.324 16.990 18.303 19.295 19.928 20.425 20.804 21.187 21.474 21.978 22.535 23.057 23.580 23.889 24.196 24.556 24.654 24.651 24.639 24.529 24.495 24.505 24.319 24.114 23.908 23.652 23.494 23.363 23.203 22.968 22.728 22.245 21.687 21.025 20.161 19.175 18.005 16.709 15.402 14.112 12.846 11.488 10.154 8.822 7.492 6.116 4.674 3.211 1.915 0.974 0.405 0.136 0.039 0.011 0.003 0.002 0.002 0.003 0.005
0.024 0.021 0.021 0.021 0.022 0.022 0.021 0.021 0.032 0.109 0.503 1.585 3.342 5.419 7.596 9.893 12.277 14.534 16.528 18.250 19.614 20.694 21.351 21.818 22.054 22.219 22.305 22.605 22.921 23.232 23.566 23.661 23.871 24.088 24.037 23.971 23.990 23.826 23.699 23.721 23.533 23.284 23.008 22.642 22.223 21.829 21.564 21.162 20.695 20.040 19.317 18.487 17.566 16.492 15.235 13.901 12.586 11.305 10.098 8.856 7.635 6.365 5.039 3.647 2.330 1.281 0.584 0.217 0.069 0.021 0.006 0.002 0.001 0.001 0.002 0.003 0.007
0.038 0.033 0.031 0.030 0.028 0.025 0.022 0.023 0.038 0.137 0.635 1.944 3.974 6.177 8.394 10.750 13.168 15.394 17.382 19.173 20.601 21.674 22.341 22.729 22.969 23.115 23.103 23.206 23.313 23.422 23.613 23.557 23.574 23.571 23.333 23.162 23.156 22.975 22.850 22.821 22.586 22.330 21.936 21.472 20.875 20.295 19.815 19.189 18.495 17.728 16.871 15.837 14.755 13.620 12.397 11.177 9.945 8.768 7.644 6.539 5.403 4.188 2.921 1.740 0.853 0.334 0.107 0.031 0.009 0.003 0.001 0.001 0.001 0.001 0.002 0.004 0.007
0.060 0.052 0.044 0.038 0.032 0.026 0.024 0.025 0.048 0.192 0.873 2.558 4.996 7.258 9.444 11.695 13.951 16.070 17.988 19.759 21.224 22.329 23.077 23.473 23.664 23.657 23.560 23.533 23.453 23.390 23.491 23.290 23.122 22.808 22.353 22.021 21.945 21.804 21.738 21.667 21.426 21.208 20.794 20.191 19.478 18.740 17.955 17.200 16.401 15.493 14.497 13.358 12.162 10.972 9.795 8.663 7.549 6.471 5.432 4.406 3.350 2.282 1.314 0.603 0.211 0.058 0.015 0.004 0.001 0.001 0.001 0.001 0.001 0.001 0.002 0.003 0.007
0.080 0.069 0.056 0.043 0.033 0.027 0.025 0.027 0.057 0.258 1.195 3.417 6.226 8.374 10.397 12.449 14.504 16.483 18.270 19.945 21.398 22.659 23.521 23.871 24.067 23.999 23.871 23.845 23.661 23.460 23.468 23.079 22.592 22.067 21.375 20.896 20.747 20.564 20.474 20.343 20.063 19.858 19.491 18.826 18.005 17.107 16.240 15.334 14.388 13.357 12.225 10.974 9.727 8.529 7.426 6.377 5.382 4.398 3.417 2.471 1.618 0.909 0.407 0.138 0.036 0.009 0.002 0.001 0.001 0.001 0.001 0.001 0.001 0.001 0.001 0.003 0.008
0.088 0.076 0.060 0.045 0.035 0.029 0.027 0.029 0.060 0.275 1.334 3.961 7.137 9.260 11.105 12.955 14.835 16.690 18.396 19.965 21.355 22.584 23.475 23.868 24.129 24.053 24.010 24.028 23.766 23.516 23.285 22.698 21.943 21.241 20.351 19.702 19.399 19.108 18.907 18.692 18.447 18.301 17.996 17.346 16.483 15.502 14.489 13.427 12.403 11.244 10.027 8.718 7.474 6.315 5.264 4.292 3.376 2.497 1.687 1.016 0.530 0.228 0.078 0.022 0.005 0.001 0.001 0.001 0.000 0.000 0.000 0.000 0.001 0.001 0.001 0.004 0.012
