RESULTS/r.avaflow_results/13_results/13_ascii/13_hflow10025.asc
ncols 506
nrows 317
xllcenter 498237.50
yllcenter 5580050.00
cellsize 12.50
NODATA_value -9999.000
[rows 170 to 203 of 317, columns 154 to 230 of 506]
10.700 9.286 7.992 6.850 5.829 4.964 4.225 3.594 3.066 2.622 2.235 1.898 1.607 1.352 1.134 0.946 0.784 0.644 0.522 0.415 0.324 0.246 0.182 0.134 0.099 0.078 0.065 0.057 0.052 0.050 0.048 0.049 0.050 0.051 0.052 0.052 0.054 0.056 0.058 0.058 0.057 0.055 0.053 0.051 0.049 0.045 0.039 0.032 0.024 0.017 0.011 0.008 0.005 0.004 0.003 0.003 0.002 0.002 0.002 0.002 0.002 0.002 0.002 0.002 0.002 0.002 0.002 0.002 0.002 0.002 0.002 0.003 0.005 0.008 0.014 0.020 0.023
12.277 10.857 9.481 8.221 7.058 6.063 5.192 4.444 3.795 3.242 2.760 2.345 1.988 1.680 1.411 1.178 0.977 0.802 0.649 0.515 0.401 0.304 0.225 0.162 0.117 0.087 0.068 0.057 0.052 0.050 0.050 0.052 0.056 0.057 0.057 0.057 0.057 0.058 0.058 0.058 0.056 0.053 0.049 0.045 0.040 0.034 0.025 0.016 0.010 0.006 0.004 0.003 0.002 0.002 0.002 0.002 0.002 0.002 0.002 0.002 0.002 0.002 0.001 0.001 0.001 0.001 0.001 0.001 0.001 0.001 0.002 0.002 0.003 0.005 0.009 0.014 0.019
13.558 12.204 10.820 9.484 8.223 7.131 6.146 5.289 4.536 3.883 3.315 2.824 2.397 2.026 1.703 1.421 1.178 0.966 0.785 0.627 0.491 0.374 0.277 0.199 0.140 0.099 0.073 0.057 0.050 0.048 0.048 0.051 0.056 0.057 0.057 0.056 0.056 0.055 0.055 0.054 0.050 0.044 0.036 0.029 0.022 0.015 0.010 0.006 0.004 0.002 0.002 0.001 0.001 0.001 0.001 0.001 0.001 0.001 0.001 0.001 0.001 0.001 0.001 0.001 0.001 0.001 0.001 0.001 0.001 0.001 0.001 0.002 0.002 0.003 0.006 0.010 0.014
14.473 13.159 11.805 10.457 9.159 7.983 6.938 5.997 5.169 4.432 3.799 3.238 2.753 2.333 1.961 1.634 1.353 1.110 0.904 0.725 0.572 0.443 0.333 0.243 0.171 0.118 0.082 0.061 0.050 0.045 0.044 0.046 0.050 0.053 0.053 0.052 0.050 0.049 0.047 0.044 0.036 0.026 0.017 0.011 0.008 0.005 0.003 0.002 0.001 0.001 0.001 0.001 0.001 0.001 0.001 0.001 0.001 0.001 0.001 0.001 0.001 0.001 0.001 0.001 0.001 0.001 0.001 0.001 0.001 0.001 0.001 0.001 0.001 0.002 0.004 0.006 0.010
14.999 13.752 12.451 11.119 9.834 8.635 7.564 6.568 5.676 4.884 4.197 3.583 3.042 2.580 2.169 1.811 1.500 1.231 1.000 0.804 0.637 0.496 0.378 0.280 0.202 0.141 0.097 0.069 0.053 0.044 0.040 0.039 0.041 0.043 0.043 0.041 0.038 0.035 0.032 0.026 0.018 0.011 0.006 0.004 0.003 0.002 0.001 0.001 0.001 0.001 0.001 0.001 0.001 0.001 0.001 0.001 0.001 0.001 0.001 0.001 0.001 0.001 0.001 0.001 0.001 0.001 0.001 0.001 0.001 0.001 0.001 0.001 0.001 0.001 0.002 0.004 0.006
15.224 14.027 12.796 11.501 10.248 9.082 7.995 6.988 6.059 5.235 4.489 3.839 3.264 2.763 2.323 1.939 1.607 1.319 1.073 0.863 0.685 0.536 0.411 0.307 0.224 0.160 0.113 0.081 0.060 0.047 0.040 0.035 0.033 0.031 0.027 0.023 0.020 0.017 0.015 0.012 0.007 0.004 0.002 0.002 0.001 0.001 0.001 0.001 0.001 0.001 0.001 0.001 0.001 0.001 0.001 0.001 0.001 0.001 0.001 0.001 0.001 0.001 0.001 0.001 0.001 0.001 0.001 0.001 0.001 0.001 0.001 0.001 0.001 0.001 0.002 0.002 0.004
15.301 14.151 12.961 11.724 10.527 9.369 8.266 7.256 6.315 5.459 4.688 4.005 3.410 2.881 2.423 2.022 1.679 1.377 1.120 0.900 0.715 0.560 0.431 0.324 0.238 0.171 0.123 0.089 0.067 0.052 0.041 0.033 0.026 0.019 0.013 0.009 0.007 0.007 0.006 0.005 0.003 0.002 0.001 0.001 0.001 0.001 0.001 0.001 0.001 0.001 0.000 0.000 0.000 0.000 0.000 0.000 0.000 0.000 0.000 0.000 0.000 0.000 0.000 0.000 0.000 0.000 0.000 0.000 0.000 0.000 0.001 0.001 0.001 0.001 0.001 0.002 0.002
15.276 14.149 13.005 11.830 10.674 9.521 8.423 7.399 6.461 5.596 4.813 4.104 3.489 2.950 2.476 2.063 1.710 1.401 1.139 0.916 0.728 0.572 0.440 0.331 0.244 0.176 0.127 0.093 0.070 0.053 0.040 0.029 0.018 0.010 0.005 0.003 0.003 0.002 0.002 0.002 0.001 0.001 0.001 0.001 0.001 0.001 0.001 0.001 0.001 0.000 0.000 0.000 0.000 0.000 0.000 0.000 0.000 0.000 0.000 0.000 0.000 0.000 0.000 0.000 0.000 0.000 0.000 0.000 0.000 0.000 0.000 0.001 0.001 0.001 0.001 0.001 0.002
15.217 14.119 12.998 11.855 10.725 9.592 8.511 7.489 6.544 5.679 4.893 4.180 3.539 2.990 2.503 2.079 1.714 1.406 1.140 0.918 0.729 0.573 0.441 0.333 0.245 0.177 0.128 0.093 0.068 0.050 0.034 0.020 0.009 0.004 0.002 0.001 0.001 0.001 0.001 0.001 0.001 0.001 0.001 0.001 0.001 0.001 0.001 0.001 0.000 0.000 0.000 0.000 0.000 0.000 0.000 0.000 0.000 0.000 0.000 0.000 0.000 0.000 0.000 0.000 0.000 0.000 0.000 0.000 0.000 0.000 0.000 0.000 0.001 0.001 0.001 0.001 0.001
14.998 13.967 12.918 11.828 10.721 9.606 8.554 7.550 6.616 5.748 4.960 4.239 3.585 3.019 2.513 2.083 1.713 1.400 1.134 0.912 0.723 0.568 0.438 0.332 0.245 0.177 0.125 0.086 0.058 0.036 0.019 0.009 0.004 0.002 0.001 0.001 0.001 0.001 0.001 0.001 0.001 0.001 0.001 0.001 0.001 0.001 0.001 0.001 0.000 0.000 0.000 0.000 0.000 0.000 0.000 0.000 0.000 0.000 0.000 0.000 0.000 0.000 0.000 0.000 0.000 0.000 0.000 0.000 0.000 0.000 0.000 0.000 0.001 0.001 0.001 0.001 0.001
14.579 13.656 12.713 11.694 10.651 9.594 8.577 7.601 6.688 5.812 5.025 4.301 3.635 3.048 2.529 2.084 1.709 1.390 1.121 0.895 0.708 0.556 0.430 0.327 0.241 0.171 0.112 0.065 0.033 0.015 0.006 0.003 0.001 0.001 0.001 0.001 0.001 0.001 0.001 0.001 0.001 0.001 0.001 0.001 0.001 0.001 0.001 0.001 0.000 0.000 0.000 0.000 0.000 0.000 0.000 0.000 0.000 0.000 0.000 0.000 0.000 0.000 0.000 0.000 0.000 0.000 0.000 0.000 0.000 0.000 0.000 0.000 0.000 0.001 0.001 0.001 0.001
13.998 13.155 12.308 11.417 10.479 9.516 8.579 7.653 6.770 5.896 5.092 4.351 3.673 3.071 2.543 2.088 1.704 1.377 1.102 0.872 0.684 0.531 0.406 0.305 0.221 0.145 0.079 0.033 0.011 0.004 0.002 0.001 0.001 0.001 0.001 0.001 0.001 0.001 0.001 0.001 0.001 0.001 0.001 0.001 0.001 0.001 0.001 0.001 0.000 0.000 0.000 0.000 0.000 0.000 0.000 0.000 0.000 0.000 0.000 0.000 0.000 0.000 0.000 0.000 0.000 0.000 0.000 0.000 0.000 0.000 0.000 0.000 0.000 0.001 0.001 0.001 0.001
13.189 12.431 11.686 10.958 10.167 9.356 8.523 7.700 6.854 5.987 5.153 4.378 3.683 3.079 2.546 2.087 1.693 1.356 1.073 0.835 0.631 0.456 0.317 0.214 0.136 0.074 0.030 0.009 0.003 0.001 0.001 0.001 0.001 0.001 0.001 0.001 0.001 0.001 0.001 0.001 0.001 0.001 0.001 0.001 0.001 0.001 0.001 0.001 0.001 0.000 0.000 0.000 0.000 0.000 0.000 0.000 0.000 0.000 0.000 0.000 0.000 0.000 0.000 0.000 0.000 0.000 0.000 0.000 0.000 0.000 0.000 0.000 0.000 0.000 0.001 0.001 0.001
12.255 11.561 10.912 10.285 9.657 9.036 8.366 7.668 6.874 6.027 5.162 4.363 3.666 3.062 2.529 2.061 1.653 1.298 0.983 0.703 0.454 0.254 0.130 0.068 0.035 0.016 0.006 0.002 0.001 0.001 0.001 0.001 0.001 0.001 0.001 0.001 0.001 0.001 0.001 0.001 0.001 0.001 0.001 0.001 0.001 0.001 0.001 0.001 0.001 0.001 0.001 0.000 0.000 0.000 0.000 0.000 0.000 0.000 0.000 0.000 0.000 0.000 0.000 0.000 0.000 0.000 0.000 0.000 0.000 0.000 0.000 0.000 0.000 0.000 0.001 0.001 0.001
11.238 10.564 9.949 9.400 8.933 8.508 8.051 7.515 6.836 6.037 5.166 4.339 3.616 3.001 2.450 1.944 1.474 1.049 0.666 0.354 0.157 0.061 0.024 0.011 0.006 0.003 0.001 0.001 0.001 0.001 0.001 0.001 0.001 0.001 0.001 0.001 0.001 0.001 0.001 0.001 0.001 0.001 0.001 0.001 0.001 0.001 0.001 0.001 0.001 0.001 0.001 0.001 0.000 0.000 0.000 0.000 0.000 0.000 0.000 0.000 0.000 0.000 0.000 0.000 0.000 0.000 0.000 0.000 0.000 0.000 0.000 0.000 0.000 0.000 0.001 0.001 0.001
10.172 9.472 8.840 8.314 7.907 7.594 7.283 6.934 6.448 5.812 5.030 4.186 3.347 2.625 2.003 1.440 0.915 0.485 0.210 0.075 0.023 0.008 0.004 0.002 0.001 0.001 0.001 0.001 0.001 0.001 0.001 0.001 0.001 0.001 0.001 0.001 0.001 0.001 0.001 0.001 0.001 0.001 0.001 0.001 0.001 0.001 0.001 0.001 0.001 0.001 0.001 0.001 0.001 0.000 0.000 0.000 0.000 0.000 0.000 0.000 0.000 0.000 0.000 0.000 0.000 0.000 0.000 0.000 0.000 0.000 0.000 0.000 0.000 0.000 0.000 0.001 0.001
9.079 8.312 7.584 6.931 6.392 5.988 5.657 5.376 5.046 4.613 4.019 3.249 2.296 1.468 0.891 0.512 0.257 0.101 0.031 0.009 0.003 0.002 0.001 0.001 0.001 0.001 0.001 0.001 0.001 0.001 0.001 0.001 0.001 0.001 0.001 0.001 0.001 0.001 0.001 0.001 0.001 0.001 0.001 0.001 0.002 0.002 0.002 0.003 0.003 0.002 0.002 0.001 0.001 0.001 0.000 0.000 0.000 0.000 0.000 0.000 0.000 0.000 0.000 0.000 0.000 0.000 0.000 0.000 0.000 0.000 0.000 0.000 0.000 0.000 0.000 0.001 0.001
7.807 6.900 6.057 5.222 4.418 3.711 3.135 2.706 2.365 2.054 1.693 1.242 0.732 0.369 0.179 0.088 0.038 0.014 0.005 0.003 0.002 0.001 0.001 0.001 0.001 0.001 0.001 0.001 0.001 0.001 0.001 0.001 0.001 0.001 0.001 0.001 0.001 0.001 0.001 0.001 0.001 0.002 0.002 0.002 0.003 0.004 0.004 0.005 0.005 0.005 0.004 0.002 0.002 0.001 0.001 0.000 0.000 0.000 0.000 0.000 0.000 0.000 0.000 0.000 0.000 0.000 0.000 0.000 0.000 0.000 0.000 0.000 0.000 0.000 0.000 0.001 0.001
6.313 5.333 4.444 3.603 2.780 2.005 1.368 0.932 0.664 0.493 0.359 0.233 0.124 0.061 0.032 0.017 0.009 0.005 0.003 0.002 0.002 0.001 0.001 0.001 0.001 0.001 0.001 0.001 0.001 0.001 0.001 0.001 0.001 0.001 0.001 0.001 0.001 0.001 0.002 0.002 0.002 0.003 0.004 0.004 0.006 0.007 0.009 0.010 0.010 0.008 0.006 0.004 0.002 0.001 0.001 0.000 0.000 0.000 0.000 0.000 0.000 0.000 0.000 0.000 0.000 0.000 0.000 0.000 0.000 0.000 0.000 0.000 0.000 0.000 0.000 0.000 0.001
4.638 3.693 2.885 2.170 1.499 0.917 0.499 0.262 0.150 0.098 0.068 0.047 0.032 0.022 0.015 0.011 0.008 0.005 0.004 0.003 0.002 0.001 0.001 0.001 0.001 0.001 0.001 0.001 0.001 0.001 0.001 0.001 0.002 0.002 0.002 0.002 0.002 0.003 0.004 0.004 0.006 0.007 0.009 0.011 0.013 0.016 0.019 0.020 0.018 0.013 0.008 0.005 0.003 0.002 0.001 0.001 0.000 0.000 0.000 0.000 0.000 0.000 0.000 0.000 0.000 0.000 0.000 0.000 0.000 0.000 0.000 0.000 0.000 0.000 0.000 0.000 0.001
2.843 2.050 1.456 0.972 0.577 0.296 0.137 0.065 0.039 0.030 0.026 0.025 0.023 0.020 0.016 0.012 0.009 0.007 0.005 0.004 0.003 0.002 0.002 0.001 0.001 0.001 0.001 0.002 0.002 0.002 0.003 0.003 0.004 0.005 0.005 0.006 0.007 0.009 0.012 0.015 0.019 0.024 0.028 0.033 0.036 0.039 0.040 0.035 0.025 0.016 0.009 0.006 0.003 0.002 0.001 0.001 0.000 0.000 0.000 0.000 0.000 0.000 0.000 0.000 0.000 0.000 0.000 0.000 0.000 0.000 0.000 0.000 0.000 0.000 0.000 0.000 0.001
1.268 0.800 0.488 0.274 0.136 0.065 0.035 0.024 0.021 0.022 0.023 0.025 0.025 0.025 0.022 0.019 0.015 0.011 0.008 0.005 0.004 0.003 0.002 0.002 0.002 0.002 0.003 0.004 0.006 0.007 0.010 0.012 0.014 0.016 0.019 0.022 0.027 0.036 0.045 0.055 0.066 0.076 0.083 0.083 0.078 0.070 0.058 0.042 0.027 0.016 0.010 0.006 0.003 0.002 0.001 0.001 0.000 0.000 0.000 0.000 0.000 0.000 0.000 0.000 0.000 0.000 0.000 0.000 0.000 0.000 0.000 0.000 0.000 0.000 0.000 0.000 0.001
0.349 0.186 0.098 0.051 0.029 0.021 0.018 0.019 0.021 0.025 0.030 0.034 0.037 0.038 0.037 0.034 0.028 0.020 0.014 0.009 0.007 0.005 0.005 0.005 0.005 0.007 0.010 0.015 0.023 0.030 0.039 0.048 0.056 0.063 0.071 0.083 0.104 0.129 0.150 0.166 0.172 0.166 0.149 0.127 0.105 0.083 0.062 0.042 0.027 0.016 0.010 0.006 0.003 0.002 0.001 0.001 0.000 0.000 0.000 0.000 0.000 0.000 0.000 0.000 0.000 0.000 0.000 0.000 0.000 0.000 0.000 0.000 0.000 0.000 0.000 0.000 0.000
0.060 0.032 0.020 0.015 0.015 0.016 0.019 0.023 0.031 0.041 0.051 0.059 0.064 0.066 0.066 0.061 0.050 0.037 0.027 0.019 0.015 0.012 0.012 0.013 0.017 0.027 0.044 0.070 0.099 0.129 0.158 0.185 0.208 0.227 0.248 0.278 0.313 0.339 0.333 0.304 0.262 0.216 0.174 0.139 0.109 0.084 0.061 0.041 0.026 0.016 0.010 0.006 0.003 0.002 0.001 0.001 0.000 0.000 0.000 0.000 0.000 0.000 0.000 0.000 0.000 0.000 0.000 0.000 0.000 0.000 0.000 0.000 0.000 0.000 0.000 0.000 0.000
0.012 0.009 0.010 0.012 0.015 0.020 0.028 0.040 0.058 0.078 0.094 0.105 0.112 0.115 0.114 0.108 0.096 0.080 0.062 0.047 0.038 0.036 0.036 0.046 0.072 0.120 0.198 0.298 0.390 0.469 0.535 0.584 0.618 0.641 0.649 0.644 0.605 0.534 0.447 0.362 0.285 0.223 0.174 0.136 0.106 0.080 0.057 0.039 0.025 0.016 0.010 0.006 0.003 0.002 0.001 0.001 0.000 0.000 0.000 0.000 0.000 0.000 0.000 0.000 0.000 0.000 0.000 0.000 0.000 0.000 0.000 0.000 0.000 0.000 0.000 0.000 0.000
0.005 0.007 0.010 0.014 0.022 0.034 0.051 0.076 0.109 0.139 0.162 0.176 0.184 0.189 0.198 0.207 0.202 0.189 0.161 0.128 0.111 0.109 0.128 0.188 0.302 0.482 0.728 0.961 1.127 1.222 1.264 1.249 1.197 1.125 1.029 0.903 0.751 0.600 0.472 0.367 0.283 0.217 0.166 0.127 0.096 0.071 0.050 0.034 0.022 0.013 0.008 0.005 0.003 0.002 0.001 0.000 0.000 0.000 0.000 0.000 0.000 0.000 0.000 0.000 0.000 0.000 0.000 0.000 0.000 0.000 0.000 0.000 0.000 0.000 0.000 0.000 0.000
0.005 0.008 0.014 0.023 0.038 0.061 0.093 0.136 0.186 0.226 0.254 0.272 0.284 0.306 0.360 0.419 0.439 0.434 0.392 0.335 0.316 0.346 0.461 0.681 1.005 1.396 1.771 1.996 2.058 1.986 1.841 1.667 1.504 1.344 1.171 0.978 0.775 0.604 0.468 0.359 0.273 0.204 0.151 0.110 0.078 0.053 0.035 0.022 0.014 0.009 0.005 0.003 0.002 0.001 0.001 0.000 0.000 0.000 0.000 0.000 0.000 0.000 0.000 0.000 0.000 0.000 0.000 0.000 0.000 0.000 0.000 0.000 0.000 0.000 0.000 0.000 0.000
0.007 0.013 0.023 0.040 0.067 0.105 0.155 0.219 0.286 0.340 0.378 0.407 0.440 0.514 0.669 0.814 0.869 0.865 0.815 0.770 0.805 0.969 1.283 1.706 2.131 2.449 2.612 2.641 2.546 2.348 2.084 1.819 1.597 1.395 1.196 0.988 0.779 0.601 0.459 0.347 0.257 0.186 0.130 0.087 0.056 0.035 0.022 0.014 0.009 0.005 0.003 0.002 0.001 0.001 0.000 0.000 0.000 0.000 0.000 0.000 0.000 0.000 0.000 0.000 0.000 0.000 0.000 0.000 0.000 0.000 0.000 0.000 0.000 0.000 0.000 0.000 0.000
0.012 0.021 0.038 0.066 0.107 0.164 0.236 0.322 0.411 0.485 0.547 0.606 0.690 0.858 1.130 1.325 1.390 1.402 1.394 1.430 1.595 1.890 2.237 2.565 2.815 2.940 2.945 2.875 2.729 2.509 2.213 1.892 1.629 1.412 1.211 1.005 0.791 0.601 0.446 0.323 0.228 0.156 0.103 0.066 0.042 0.026 0.016 0.010 0.007 0.004 0.002 0.001 0.001 0.000 0.000 0.000 0.000 0.000 0.000 0.000 0.000 0.000 0.000 0.000 0.000 0.000 0.000 0.000 0.000 0.000 0.000 0.000 0.000 0.000 0.000 0.000 0.000
0.015 0.029 0.054 0.097 0.159 0.239 0.337 0.451 0.566 0.670 0.770 0.875 1.011 1.225 1.496 1.666 1.734 1.778 1.831 1.940 2.157 2.438 2.688 2.878 2.998 3.033 3.017 2.957 2.834 2.624 2.312 1.939 1.639 1.409 1.205 0.997 0.778 0.576 0.408 0.279 0.186 0.122 0.081 0.053 0.034 0.022 0.014 0.009 0.006 0.003 0.002 0.001 0.000 0.000 0.000 0.000 0.000 0.000 0.000 0.000 0.000 0.000 0.000 0.000 0.000 0.000 0.000 0.000 0.000 0.000 0.000 0.000 0.000 0.000 0.000 0.000 0.000
0.016 0.035 0.073 0.137 0.228 0.340 0.470 0.608 0.735 0.854 0.973 1.101 1.254 1.456 1.682 1.839 1.937 2.020 2.109 2.229 2.413 2.620 2.786 2.916 3.001 3.036 3.040 3.013 2.913 2.701 2.370 1.960 1.610 1.332 1.091 0.866 0.653 0.467 0.321 0.214 0.141 0.095 0.064 0.043 0.028 0.019 0.012 0.008 0.005 0.003 0.001 0.001 0.000 0.000 0.000 0.000 0.000 0.000 0.000 0.000 0.000 0.000 0.000 0.000 0.000 0.000 0.000 0.000 0.000 0.000 0.000 0.000 0.000 0.000 0.000 0.000 0.000
0.017 0.043 0.102 0.200 0.330 0.471 0.613 0.747 0.870 0.992 1.114 1.245 1.391 1.563 1.753 1.919 2.055 2.170 2.276 2.388 2.522 2.663 2.789 2.897 2.982 3.035 3.053 3.035 2.935 2.723 2.382 1.938 1.497 1.125 0.815 0.572 0.399 0.280 0.199 0.141 0.099 0.070 0.048 0.033 0.023 0.015 0.010 0.006 0.004 0.002 0.001 0.000 0.000 0.000 0.000 0.000 0.000 0.000 0.000 0.000 0.000 0.000 0.000 0.000 0.000 0.000 0.000 0.000 0.000 0.000 0.000 0.000 0.000 0.000 0.000 0.000 0.000
0.021 0.065 0.161 0.306 0.454 0.589 0.719 0.846 0.966 1.083 1.201 1.325 1.456 1.606 1.776 1.951 2.114 2.253 2.365 2.469 2.573 2.674 2.768 2.846 2.905 2.939 2.931 2.880 2.761 2.546 2.217 1.770 1.257 0.813 0.491 0.297 0.192 0.138 0.107 0.084 0.064 0.048 0.035 0.024 0.017 0.011 0.007 0.004 0.002 0.001 0.000 0.000 0.000 0.000 0.000 0.000 0.000 0.000 0.000 0.000 0.000 0.000 0.000 0.000 0.000 0.000 0.000 0.000 0.000 0.000 0.000 0.000 0.000 0.000 0.000 0.000 0.000
0.038 0.113 0.252 0.416 0.550 0.671 0.793 0.912 1.026 1.136 1.244 1.357 1.477 1.615 1.777 1.955 2.134 2.288 2.405 2.501 2.583 2.652 2.698 2.715 2.685 2.595 2.450 2.299 2.136 1.933 1.671 1.320 0.869 0.495 0.265 0.143 0.087 0.064 0.053 0.046 0.039 0.032 0.024 0.017 0.012 0.008 0.005 0.003 0.002 0.001 0.000 0.000 0.000 0.000 0.000 0.000 0.000 0.000 0.000 0.000 0.000 0.000 0.000 0.000 0.000 0.000 0.000 0.000 0.000 0.000 0.000 0.000 0.000 0.000 0.000 0.000 0.000
