RESULTS/r.avaflow_results/13_results/13_ascii/13_hflow0059.asc
ncols 506
nrows 317
xllcenter 498237.50
yllcenter 5580050.00
cellsize 12.50
NODATA_value -9999.000
[rows 170 to 203 of 317, columns 231 to 307 of 506]
0.160 0.107 0.078 0.062 0.056 0.054 0.056 0.064 0.094 0.171 0.251 0.281 0.282 0.259 0.195 0.108 0.057 0.034 0.023 0.017 0.013 0.010 0.009 0.007 0.006 0.005 0.004 0.003 0.002 0.002 0.001 0.001 0.001 0.000 0.000 0.000 0.000 0.000 0.000 0.000 0.000 0.000 0.000 0.000 0.000 0.000 0.000 0.000 0.000 0.000 0.000 0.000 0.000 0.000 0.000 0.000 0.000 0.000 0.000 0.000 0.000 0.000 0.000 0.000 0.000 0.000 0.000 0.000 0.000 0.000 0.000 0.000 0.000 0.000 0.000 0.000 0.000
0.243 0.153 0.104 0.080 0.071 0.070 0.075 0.101 0.188 0.400 0.616 0.693 0.687 0.614 0.444 0.230 0.107 0.054 0.032 0.021 0.016 0.012 0.010 0.008 0.007 0.006 0.005 0.004 0.003 0.002 0.002 0.001 0.001 0.001 0.000 0.000 0.000 0.000 0.000 0.000 0.000 0.000 0.000 0.000 0.000 0.000 0.000 0.000 0.000 0.000 0.000 0.000 0.000 0.000 0.000 0.000 0.000 0.000 0.000 0.000 0.000 0.000 0.000 0.000 0.000 0.000 0.000 0.000 0.000 0.000 0.000 0.000 0.000 0.000 0.000 0.000 0.000
0.393 0.231 0.145 0.105 0.091 0.090 0.101 0.158 0.346 0.776 1.203 1.358 1.340 1.190 0.873 0.461 0.204 0.091 0.046 0.027 0.019 0.015 0.012 0.010 0.008 0.007 0.006 0.005 0.004 0.003 0.003 0.002 0.001 0.001 0.001 0.000 0.000 0.000 0.000 0.000 0.000 0.000 0.000 0.000 0.000 0.000 0.000 0.000 0.000 0.000 0.000 0.000 0.000 0.000 0.000 0.000 0.000 0.000 0.000 0.000 0.000 0.000 0.000 0.000 0.000 0.000 0.000 0.000 0.000 0.000 0.000 0.000 0.000 0.000 0.000 0.000 0.000
0.593 0.365 0.216 0.145 0.119 0.116 0.131 0.210 0.463 1.034 1.606 1.819 1.802 1.625 1.256 0.734 0.344 0.145 0.066 0.036 0.023 0.017 0.014 0.012 0.010 0.008 0.007 0.006 0.005 0.004 0.003 0.003 0.002 0.002 0.001 0.001 0.000 0.000 0.000 0.000 0.000 0.000 0.000 0.000 0.000 0.000 0.000 0.000 0.000 0.000 0.000 0.000 0.000 0.000 0.000 0.000 0.000 0.000 0.000 0.000 0.000 0.000 0.000 0.000 0.000 0.000 0.000 0.000 0.000 0.000 0.000 0.000 0.000 0.000 0.000 0.000 0.000
0.746 0.549 0.339 0.210 0.158 0.149 0.165 0.251 0.525 1.128 1.735 1.970 1.959 1.786 1.429 0.911 0.469 0.213 0.095 0.048 0.029 0.021 0.016 0.013 0.011 0.010 0.008 0.007 0.006 0.005 0.004 0.004 0.003 0.002 0.002 0.001 0.001 0.000 0.000 0.000 0.000 0.000 0.000 0.000 0.000 0.000 0.000 0.000 0.000 0.000 0.000 0.000 0.000 0.000 0.000 0.000 0.000 0.000 0.000 0.000 0.000 0.000 0.000 0.000 0.000 0.000 0.000 0.000 0.000 0.000 0.000 0.000 0.000 0.000 0.000 0.001 0.001
0.802 0.692 0.504 0.315 0.216 0.192 0.204 0.290 0.564 1.137 1.697 1.922 1.919 1.767 1.446 0.993 0.574 0.291 0.137 0.066 0.037 0.025 0.019 0.015 0.013 0.011 0.010 0.009 0.007 0.006 0.005 0.005 0.004 0.003 0.002 0.002 0.001 0.001 0.000 0.000 0.000 0.000 0.000 0.000 0.000 0.000 0.000 0.000 0.000 0.000 0.000 0.000 0.000 0.000 0.000 0.000 0.000 0.000 0.000 0.000 0.000 0.000 0.000 0.000 0.000 0.000 0.000 0.000 0.000 0.000 0.000 0.000 0.000 0.000 0.001 0.002 0.003
0.800 0.741 0.622 0.437 0.296 0.248 0.254 0.336 0.598 1.088 1.502 1.670 1.680 1.584 1.355 1.014 0.662 0.386 0.198 0.096 0.050 0.031 0.023 0.018 0.015 0.013 0.011 0.010 0.009 0.008 0.007 0.006 0.005 0.004 0.003 0.002 0.002 0.001 0.001 0.000 0.000 0.000 0.000 0.000 0.000 0.000 0.000 0.000 0.000 0.000 0.000 0.000 0.000 0.000 0.000 0.000 0.000 0.000 0.000 0.000 0.000 0.000 0.000 0.000 0.000 0.000 0.000 0.000 0.000 0.000 0.000 0.000 0.001 0.002 0.003 0.005 0.007
0.761 0.736 0.663 0.530 0.387 0.324 0.324 0.403 0.648 1.004 1.213 1.280 1.281 1.240 1.131 0.947 0.713 0.481 0.281 0.145 0.074 0.043 0.029 0.022 0.018 0.015 0.013 0.012 0.010 0.009 0.008 0.007 0.006 0.005 0.004 0.003 0.003 0.002 0.001 0.001 0.000 0.000 0.000 0.000 0.000 0.000 0.000 0.000 0.000 0.000 0.000 0.000 0.000 0.000 0.000 0.000 0.000 0.000 0.000 0.000 0.000 0.000 0.000 0.000 0.000 0.000 0.000 0.000 0.000 0.000 0.001 0.001 0.002 0.004 0.006 0.008 0.011
0.680 0.691 0.658 0.579 0.477 0.421 0.419 0.501 0.732 0.975 1.063 1.070 1.046 0.996 0.926 0.837 0.717 0.558 0.374 0.217 0.116 0.064 0.040 0.029 0.022 0.018 0.016 0.014 0.012 0.011 0.009 0.008 0.007 0.006 0.005 0.004 0.003 0.003 0.002 0.001 0.001 0.001 0.000 0.000 0.000 0.000 0.000 0.000 0.000 0.000 0.000 0.000 0.000 0.000 0.000 0.000 0.000 0.000 0.000 0.000 0.000 0.000 0.000 0.000 0.000 0.000 0.000 0.000 0.001 0.001 0.002 0.003 0.005 0.007 0.010 0.013 0.017
0.556 0.609 0.621 0.594 0.542 0.520 0.540 0.645 0.861 1.009 1.041 1.024 0.974 0.906 0.843 0.783 0.714 0.618 0.479 0.320 0.190 0.107 0.063 0.041 0.030 0.024 0.019 0.017 0.015 0.013 0.011 0.010 0.008 0.007 0.006 0.005 0.004 0.004 0.003 0.002 0.002 0.001 0.001 0.000 0.000 0.000 0.000 0.000 0.000 0.000 0.000 0.000 0.000 0.000 0.000 0.000 0.000 0.000 0.000 0.000 0.000 0.000 0.000 0.000 0.001 0.001 0.001 0.001 0.002 0.003 0.005 0.007 0.009 0.012 0.016 0.021 0.028
0.440 0.515 0.560 0.577 0.581 0.607 0.682 0.844 1.036 1.105 1.093 1.043 0.969 0.894 0.832 0.779 0.732 0.678 0.597 0.469 0.319 0.193 0.111 0.067 0.045 0.033 0.026 0.021 0.018 0.015 0.013 0.011 0.010 0.009 0.008 0.007 0.006 0.005 0.004 0.003 0.003 0.002 0.001 0.001 0.000 0.000 0.000 0.000 0.000 0.000 0.000 0.000 0.000 0.000 0.000 0.000 0.000 0.000 0.000 0.001 0.001 0.001 0.001 0.002 0.002 0.003 0.003 0.004 0.005 0.006 0.008 0.011 0.014 0.019 0.025 0.035 0.051
0.373 0.452 0.513 0.562 0.615 0.706 0.864 1.092 1.251 1.276 1.223 1.110 0.996 0.912 0.852 0.813 0.792 0.777 0.749 0.671 0.526 0.352 0.214 0.128 0.081 0.054 0.039 0.030 0.024 0.019 0.016 0.014 0.012 0.010 0.009 0.008 0.007 0.006 0.005 0.004 0.004 0.003 0.002 0.002 0.001 0.001 0.001 0.001 0.001 0.001 0.001 0.001 0.001 0.001 0.001 0.001 0.001 0.001 0.002 0.002 0.003 0.003 0.004 0.004 0.005 0.005 0.006 0.007 0.008 0.010 0.013 0.017 0.022 0.030 0.044 0.069 0.111
0.354 0.432 0.504 0.580 0.688 0.863 1.118 1.374 1.502 1.508 1.413 1.235 1.083 0.985 0.930 0.910 0.917 0.946 0.956 0.922 0.809 0.618 0.416 0.268 0.170 0.109 0.071 0.049 0.035 0.027 0.021 0.017 0.014 0.012 0.011 0.010 0.009 0.008 0.007 0.006 0.005 0.004 0.004 0.003 0.002 0.002 0.002 0.002 0.002 0.002 0.002 0.002 0.002 0.002 0.002 0.002 0.003 0.003 0.004 0.005 0.006 0.006 0.007 0.007 0.008 0.009 0.010 0.011 0.013 0.016 0.020 0.026 0.036 0.055 0.091 0.161 0.283
0.370 0.460 0.564 0.701 0.896 1.164 1.468 1.694 1.785 1.771 1.647 1.434 1.264 1.159 1.106 1.097 1.123 1.186 1.226 1.221 1.154 0.995 0.774 0.562 0.392 0.261 0.166 0.104 0.065 0.043 0.030 0.022 0.018 0.015 0.013 0.012 0.011 0.010 0.009 0.008 0.007 0.006 0.005 0.005 0.004 0.004 0.003 0.003 0.003 0.003 0.003 0.003 0.003 0.004 0.004 0.005 0.005 0.006 0.008 0.009 0.010 0.011 0.011 0.012 0.013 0.014 0.015 0.017 0.020 0.024 0.032 0.044 0.068 0.112 0.201 0.389 0.714
0.482 0.623 0.819 1.081 1.385 1.689 1.934 2.074 2.113 2.080 1.956 1.761 1.611 1.513 1.451 1.418 1.428 1.479 1.535 1.554 1.536 1.457 1.294 1.075 0.853 0.639 0.436 0.262 0.146 0.081 0.048 0.032 0.024 0.019 0.017 0.015 0.013 0.012 0.011 0.010 0.009 0.008 0.008 0.007 0.006 0.006 0.006 0.006 0.005 0.005 0.005 0.006 0.006 0.006 0.007 0.008 0.009 0.010 0.012 0.015 0.016 0.017 0.018 0.018 0.019 0.020 0.022 0.025 0.031 0.040 0.057 0.086 0.138 0.231 0.422 0.828 1.453
0.802 1.058 1.417 1.833 2.190 2.427 2.536 2.566 2.558 2.517 2.424 2.300 2.207 2.134 2.048 1.928 1.837 1.813 1.835 1.863 1.894 1.919 1.879 1.762 1.568 1.320 1.010 0.649 0.346 0.170 0.088 0.051 0.034 0.026 0.022 0.019 0.017 0.015 0.014 0.013 0.012 0.011 0.010 0.010 0.009 0.009 0.008 0.008 0.008 0.008 0.008 0.008 0.009 0.009 0.010 0.011 0.013 0.016 0.019 0.023 0.025 0.026 0.027 0.028 0.029 0.031 0.034 0.041 0.053 0.076 0.117 0.183 0.285 0.452 0.742 1.236 1.923
1.420 1.807 2.247 2.633 2.901 3.072 3.175 3.212 3.203 3.181 3.141 3.103 3.077 3.024 2.884 2.602 2.315 2.167 2.132 2.156 2.220 2.316 2.408 2.454 2.411 2.250 1.900 1.339 0.729 0.349 0.167 0.089 0.055 0.039 0.030 0.025 0.022 0.020 0.018 0.017 0.016 0.015 0.014 0.013 0.012 0.012 0.012 0.012 0.011 0.011 0.012 0.012 0.012 0.013 0.015 0.017 0.020 0.024 0.029 0.036 0.041 0.043 0.045 0.046 0.048 0.052 0.061 0.078 0.112 0.171 0.263 0.392 0.553 0.750 0.993 1.376 1.986
2.090 2.460 2.804 3.072 3.270 3.435 3.649 3.901 4.029 4.061 4.062 4.035 3.961 3.824 3.576 3.164 2.747 2.508 2.431 2.443 2.524 2.686 2.919 3.098 3.172 3.134 2.864 2.228 1.315 0.650 0.314 0.163 0.095 0.062 0.045 0.035 0.030 0.027 0.025 0.023 0.021 0.020 0.019 0.018 0.017 0.016 0.016 0.016 0.016 0.016 0.016 0.016 0.017 0.018 0.021 0.025 0.031 0.039 0.050 0.064 0.075 0.081 0.085 0.088 0.093 0.105 0.130 0.181 0.270 0.403 0.578 0.761 0.907 0.997 1.091 1.328 1.788
2.456 2.771 3.034 3.249 3.439 3.653 4.015 4.493 4.754 4.813 4.790 4.696 4.534 4.308 3.984 3.542 3.120 2.848 2.737 2.732 2.822 3.070 3.457 3.738 3.858 3.846 3.601 2.966 1.958 1.076 0.558 0.298 0.170 0.107 0.073 0.054 0.044 0.038 0.036 0.033 0.031 0.029 0.027 0.025 0.023 0.022 0.021 0.021 0.021 0.021 0.021 0.021 0.023 0.026 0.031 0.040 0.054 0.073 0.102 0.137 0.163 0.180 0.193 0.205 0.221 0.255 0.325 0.455 0.648 0.869 1.076 1.185 1.186 1.111 1.064 1.110 1.257
2.542 2.832 3.071 3.288 3.519 3.839 4.380 4.957 5.245 5.293 5.214 5.027 4.794 4.522 4.167 3.771 3.430 3.179 3.055 3.038 3.155 3.546 4.095 4.414 4.508 4.443 4.126 3.454 2.458 1.548 0.917 0.530 0.312 0.192 0.127 0.091 0.071 0.062 0.058 0.055 0.052 0.048 0.044 0.040 0.035 0.031 0.029 0.028 0.028 0.028 0.029 0.030 0.032 0.039 0.052 0.074 0.109 0.163 0.248 0.337 0.398 0.439 0.473 0.509 0.559 0.647 0.805 1.048 1.297 1.465 1.525 1.470 1.322 1.119 0.926 0.751 0.639
2.421 2.727 2.992 3.247 3.544 4.004 4.697 5.247 5.481 5.493 5.362 5.120 4.861 4.579 4.223 3.900 3.665 3.494 3.405 3.414 3.643 4.251 4.893 5.151 5.141 4.938 4.470 3.696 2.749 1.963 1.364 0.907 0.578 0.364 0.237 0.166 0.130 0.115 0.110 0.108 0.106 0.100 0.090 0.076 0.061 0.050 0.044 0.041 0.040 0.040 0.041 0.044 0.051 0.068 0.102 0.160 0.248 0.386 0.591 0.774 0.895 0.967 1.022 1.083 1.182 1.346 1.551 1.732 1.833 1.855 1.784 1.606 1.343 1.026 0.707 0.462 0.321
1.931 2.306 2.667 3.037 3.468 4.078 4.834 5.337 5.521 5.507 5.361 5.119 4.868 4.587 4.238 3.976 3.832 3.772 3.791 3.934 4.364 5.077 5.577 5.721 5.643 5.307 4.667 3.753 2.887 2.239 1.731 1.313 0.963 0.677 0.463 0.328 0.263 0.243 0.242 0.256 0.260 0.250 0.220 0.175 0.129 0.096 0.076 0.066 0.063 0.063 0.064 0.072 0.094 0.142 0.232 0.362 0.542 0.824 1.165 1.388 1.484 1.513 1.526 1.560 1.658 1.838 2.006 2.073 2.073 2.017 1.872 1.622 1.258 0.832 0.494 0.291 0.184
1.066 1.483 1.960 2.495 3.118 3.924 4.748 5.258 5.430 5.406 5.278 5.080 4.858 4.583 4.244 4.027 3.952 3.977 4.123 4.423 4.946 5.575 5.919 5.998 5.902 5.504 4.745 3.732 2.931 2.361 1.912 1.539 1.227 0.970 0.766 0.618 0.542 0.527 0.552 0.617 0.643 0.627 0.555 0.438 0.307 0.210 0.150 0.120 0.111 0.110 0.115 0.137 0.198 0.326 0.524 0.766 1.052 1.378 1.640 1.756 1.773 1.731 1.700 1.710 1.790 1.961 2.102 2.135 2.113 2.030 1.853 1.532 1.053 0.608 0.332 0.190 0.119
0.415 0.660 1.024 1.564 2.307 3.269 4.230 4.851 5.115 5.154 5.098 4.986 4.823 4.569 4.239 4.057 4.026 4.108 4.336 4.698 5.194 5.690 5.963 6.022 5.931 5.521 4.689 3.626 2.868 2.347 1.936 1.595 1.316 1.099 0.946 0.855 0.823 0.837 0.926 1.074 1.144 1.143 1.071 0.910 0.683 0.467 0.317 0.241 0.217 0.216 0.232 0.290 0.434 0.713 1.055 1.342 1.563 1.734 1.831 1.850 1.812 1.717 1.653 1.647 1.701 1.842 1.973 2.010 1.993 1.903 1.679 1.272 0.760 0.402 0.218 0.128 0.085
0.141 0.236 0.405 0.706 1.227 2.060 3.095 3.966 4.487 4.734 4.820 4.808 4.727 4.522 4.217 4.063 4.056 4.168 4.408 4.747 5.132 5.453 5.627 5.664 5.555 5.118 4.242 3.196 2.497 2.067 1.757 1.500 1.281 1.106 0.994 0.946 0.943 0.980 1.110 1.307 1.405 1.415 1.364 1.235 1.034 0.793 0.599 0.484 0.445 0.445 0.485 0.600 0.836 1.202 1.534 1.731 1.826 1.859 1.855 1.813 1.695 1.512 1.384 1.335 1.342 1.409 1.517 1.580 1.581 1.502 1.262 0.845 0.461 0.249 0.142 0.090 0.065
0.056 0.085 0.141 0.254 0.483 0.914 1.620 2.539 3.415 4.013 4.345 4.475 4.476 4.360 4.130 4.021 4.037 4.158 4.334 4.495 4.576 4.573 4.540 4.466 4.279 3.816 3.007 2.162 1.636 1.365 1.223 1.124 1.036 0.966 0.931 0.929 0.946 0.998 1.137 1.343 1.452 1.466 1.428 1.332 1.169 0.961 0.813 0.737 0.717 0.730 0.792 0.919 1.129 1.432 1.698 1.839 1.880 1.862 1.775 1.606 1.328 1.042 0.856 0.764 0.735 0.742 0.798 0.857 0.873 0.833 0.694 0.456 0.260 0.151 0.095 0.066 0.053
0.029 0.039 0.056 0.089 0.160 0.314 0.621 1.144 1.911 2.754 3.417 3.771 3.899 3.913 3.837 3.803 3.840 3.903 3.878 3.672 3.294 2.918 2.637 2.405 2.154 1.815 1.351 0.935 0.698 0.596 0.564 0.557 0.574 0.617 0.679 0.747 0.810 0.888 1.027 1.212 1.318 1.345 1.332 1.277 1.159 0.996 0.897 0.863 0.862 0.884 0.943 1.043 1.198 1.428 1.647 1.766 1.791 1.723 1.510 1.153 0.782 0.533 0.404 0.346 0.330 0.332 0.351 0.377 0.385 0.377 0.330 0.234 0.146 0.095 0.067 0.053 0.046
0.019 0.023 0.029 0.040 0.060 0.102 0.191 0.379 0.729 1.280 1.947 2.498 2.837 3.030 3.133 3.185 3.202 3.110 2.777 2.180 1.616 1.263 1.047 0.894 0.758 0.612 0.440 0.307 0.237 0.214 0.213 0.222 0.245 0.284 0.342 0.416 0.500 0.592 0.709 0.838 0.920 0.960 0.981 0.991 0.972 0.919 0.888 0.884 0.893 0.913 0.951 1.011 1.094 1.215 1.348 1.423 1.429 1.304 0.994 0.636 0.404 0.271 0.201 0.169 0.159 0.158 0.163 0.171 0.173 0.170 0.156 0.123 0.087 0.065 0.052 0.045 0.043
0.013 0.016 0.019 0.023 0.030 0.042 0.065 0.111 0.211 0.419 0.766 1.160 1.492 1.757 1.946 2.023 1.985 1.757 1.340 0.880 0.582 0.424 0.339 0.285 0.238 0.190 0.141 0.106 0.089 0.085 0.086 0.092 0.103 0.123 0.152 0.191 0.236 0.287 0.346 0.401 0.439 0.467 0.493 0.529 0.586 0.661 0.741 0.789 0.810 0.817 0.814 0.789 0.749 0.734 0.756 0.780 0.772 0.687 0.508 0.331 0.221 0.154 0.117 0.098 0.090 0.088 0.088 0.089 0.088 0.086 0.081 0.072 0.059 0.050 0.045 0.042 0.041
0.009 0.011 0.013 0.016 0.019 0.024 0.031 0.043 0.067 0.121 0.232 0.406 0.603 0.772 0.877 0.904 0.866 0.723 0.489 0.293 0.191 0.143 0.118 0.103 0.089 0.074 0.060 0.050 0.046 0.045 0.046 0.048 0.053 0.061 0.072 0.088 0.107 0.129 0.151 0.168 0.181 0.195 0.210 0.234 0.273 0.338 0.439 0.512 0.534 0.526 0.486 0.411 0.341 0.314 0.313 0.326 0.332 0.312 0.256 0.186 0.136 0.101 0.079 0.067 0.061 0.058 0.056 0.055 0.053 0.052 0.051 0.050 0.046 0.044 0.042 0.041 0.041
0.006 0.008 0.009 0.011 0.013 0.016 0.019 0.024 0.031 0.046 0.075 0.129 0.208 0.278 0.317 0.325 0.309 0.256 0.168 0.105 0.074 0.061 0.054 0.050 0.046 0.042 0.037 0.033 0.031 0.031 0.032 0.033 0.035 0.038 0.043 0.049 0.056 0.064 0.071 0.077 0.082 0.088 0.095 0.105 0.123 0.154 0.202 0.230 0.234 0.228 0.209 0.176 0.147 0.136 0.135 0.142 0.151 0.151 0.140 0.118 0.095 0.076 0.061 0.052 0.047 0.044 0.042 0.040 0.039 0.039 0.040 0.041 0.042 0.042 0.041 0.041 0.041
0.004 0.005 0.007 0.008 0.010 0.011 0.013 0.016 0.019 0.025 0.034 0.051 0.078 0.101 0.113 0.115 0.111 0.095 0.068 0.048 0.039 0.035 0.033 0.032 0.032 0.030 0.028 0.026 0.026 0.025 0.025 0.026 0.027 0.028 0.030 0.033 0.036 0.039 0.041 0.043 0.046 0.048 0.051 0.056 0.063 0.074 0.089 0.096 0.097 0.096 0.092 0.083 0.074 0.070 0.070 0.074 0.083 0.088 0.089 0.085 0.075 0.062 0.051 0.044 0.040 0.037 0.035 0.034 0.033 0.034 0.036 0.039 0.041 0.041 0.042 0.042 0.042
0.003 0.003 0.004 0.005 0.007 0.008 0.010 0.011 0.013 0.016 0.020 0.027 0.036 0.044 0.048 0.049 0.048 0.044 0.035 0.029 0.026 0.025 0.025 0.025 0.025 0.025 0.024 0.023 0.022 0.022 0.022 0.022 0.023 0.023 0.024 0.025 0.027 0.028 0.029 0.030 0.031 0.032 0.034 0.036 0.039 0.043 0.047 0.049 0.049 0.049 0.049 0.048 0.046 0.046 0.047 0.050 0.057 0.064 0.067 0.066 0.062 0.054 0.045 0.039 0.035 0.033 0.031 0.031 0.031 0.032 0.035 0.038 0.041 0.042 0.043 0.044 0.046
0.001 0.002 0.003 0.003 0.004 0.006 0.007 0.008 0.010 0.012 0.014 0.017 0.022 0.025 0.026 0.027 0.027 0.025 0.023 0.021 0.020 0.019 0.020 0.020 0.020 0.021 0.020 0.020 0.020 0.020 0.020 0.020 0.020 0.020 0.021 0.022 0.022 0.023 0.023 0.023 0.024 0.025 0.026 0.027 0.029 0.031 0.032 0.033 0.033 0.034 0.034 0.035 0.036 0.037 0.039 0.042 0.047 0.053 0.056 0.056 0.054 0.048 0.041 0.036 0.033 0.031 0.030 0.030 0.030 0.032 0.035 0.038 0.041 0.044 0.046 0.050 0.055
