RESULTS/r.avaflow_results/13_results/13_ascii/13_hflow0005.asc
ncols 506
nrows 317
xllcenter 498237.50
yllcenter 5580050.00
cellsize 12.50
NODATA_value -9999.000
[rows 204 to 237 of 317, columns 77 to 153 of 506]
0.012 0.026 0.052 0.098 0.178 0.312 0.526 0.849 1.300 1.868 2.493 3.166 4.088 6.207 10.303 13.324 15.274 16.960 18.229 19.018 19.380 19.605 19.910 20.343 20.821 21.613 22.781 24.090 24.925 25.268 25.351 25.283 25.388 25.415 25.288 25.152 24.646 23.969 22.968 21.606 20.359 19.505 18.793 17.928 16.727 15.099 12.946 10.138 7.273 5.161 4.166 3.795 3.623 3.514 3.463 3.464 3.530 3.728 3.967 4.076 4.094 4.065 3.981 3.932 3.961 4.146 4.505 5.017 5.463 5.731 5.852 5.888 5.902 5.845 5.623 5.202 4.567
0.028 0.057 0.110 0.199 0.348 0.581 0.924 1.385 1.912 2.425 2.921 3.473 4.289 6.287 10.220 13.156 15.067 16.756 17.929 18.692 19.103 19.161 19.098 18.977 18.937 19.156 19.937 21.061 22.191 23.196 24.149 24.876 25.328 25.319 25.283 25.090 24.715 24.148 23.193 21.840 20.524 19.554 18.670 17.586 16.149 14.166 11.331 7.994 5.404 4.178 3.777 3.631 3.542 3.481 3.455 3.459 3.531 3.744 4.076 4.284 4.337 4.284 4.128 4.084 4.127 4.298 4.597 5.109 5.539 5.740 5.802 5.696 5.437 4.977 4.188 3.153 2.181
0.062 0.118 0.217 0.378 0.630 0.996 1.478 2.006 2.480 2.891 3.296 3.768 4.503 6.349 10.152 13.157 15.076 16.750 17.912 18.630 18.975 18.937 18.612 18.304 18.288 18.386 18.938 19.885 21.062 22.344 23.613 24.595 25.211 25.275 25.280 25.074 24.770 24.368 23.468 22.180 20.849 19.746 18.607 17.163 15.292 12.699 9.124 6.001 4.334 3.758 3.606 3.556 3.518 3.486 3.478 3.524 3.683 3.980 4.358 4.627 4.701 4.592 4.328 4.230 4.245 4.347 4.554 4.985 5.304 5.339 5.073 4.505 3.770 2.886 1.981 1.316 0.885
0.129 0.233 0.405 0.673 1.060 1.570 2.117 2.582 2.962 3.307 3.652 4.080 4.795 6.463 10.000 13.231 15.212 16.832 18.012 18.646 18.844 18.705 18.146 17.829 17.878 18.049 18.500 19.255 20.357 21.690 23.066 24.246 25.038 25.248 25.203 25.077 24.739 24.578 24.035 23.010 21.568 20.163 18.559 16.491 13.852 10.377 6.846 4.651 3.795 3.587 3.547 3.540 3.530 3.522 3.542 3.665 3.961 4.407 4.799 5.013 5.042 4.814 4.425 4.291 4.274 4.297 4.336 4.364 4.180 3.843 3.358 2.825 2.263 1.619 1.071 0.722 0.500
0.259 0.439 0.715 1.117 1.644 2.222 2.725 3.112 3.430 3.726 4.026 4.428 5.124 6.581 9.689 13.195 15.392 16.932 18.093 18.672 18.800 18.574 17.900 17.578 17.691 17.908 18.250 18.805 19.794 21.110 22.414 23.609 24.499 24.940 24.959 25.064 24.906 24.916 24.541 23.694 22.227 20.425 18.185 15.494 12.004 8.025 5.185 3.907 3.565 3.525 3.558 3.579 3.587 3.591 3.642 3.849 4.283 4.798 5.150 5.269 5.210 4.889 4.433 4.224 4.094 3.919 3.609 3.141 2.740 2.509 2.293 2.006 1.572 1.064 0.714 0.499 0.350
0.506 0.793 1.194 1.727 2.339 2.879 3.303 3.644 3.928 4.200 4.489 4.869 5.512 6.737 9.352 13.045 15.499 17.030 18.174 18.762 18.955 18.703 17.923 17.585 17.716 17.894 18.207 18.739 19.697 20.756 21.766 22.748 23.628 24.392 24.729 24.942 24.940 25.072 24.870 24.138 22.566 20.454 17.681 14.115 9.773 6.124 4.182 3.555 3.474 3.545 3.608 3.626 3.637 3.657 3.759 4.093 4.665 5.113 5.352 5.404 5.286 4.891 4.343 3.863 3.371 2.860 2.451 2.198 2.060 1.958 1.818 1.570 1.161 0.769 0.534 0.381 0.261
0.940 1.359 1.887 2.532 3.132 3.580 3.918 4.202 4.467 4.738 5.035 5.400 5.969 6.949 9.077 12.846 15.820 17.459 18.642 19.280 19.470 19.327 18.514 17.945 18.058 18.209 18.393 18.908 19.939 20.841 21.356 21.782 22.353 23.352 24.504 25.054 25.057 25.128 25.020 24.510 22.896 20.429 17.108 12.590 7.861 4.875 3.684 3.438 3.482 3.644 3.719 3.716 3.696 3.723 3.902 4.366 4.973 5.293 5.409 5.405 5.185 4.631 3.807 2.995 2.343 1.973 1.822 1.780 1.747 1.683 1.541 1.265 0.874 0.589 0.422 0.301 0.199
1.639 2.198 2.852 3.560 4.102 4.442 4.672 4.872 5.077 5.319 5.605 5.955 6.460 7.254 8.912 12.517 15.923 17.689 19.071 20.057 20.440 20.388 19.810 19.037 18.886 18.890 18.757 19.002 19.916 20.881 21.214 21.242 21.294 21.882 23.344 24.637 25.066 25.224 25.154 24.798 23.351 20.876 16.869 11.138 6.391 4.131 3.502 3.454 3.638 3.846 3.876 3.840 3.818 3.860 4.107 4.633 5.113 5.339 5.370 5.214 4.677 3.654 2.611 1.959 1.660 1.568 1.581 1.594 1.583 1.510 1.332 1.021 0.687 0.478 0.344 0.240 0.152
2.643 3.325 4.091 4.831 5.319 5.540 5.619 5.690 5.804 5.979 6.228 6.553 6.993 7.676 9.041 12.232 15.750 17.741 19.384 20.838 21.684 22.031 21.854 21.243 20.570 19.761 18.967 18.876 19.579 20.659 20.952 20.693 20.326 20.430 21.454 23.257 24.532 25.126 25.230 25.062 24.001 21.566 16.593 9.748 5.326 3.802 3.538 3.610 3.851 3.971 3.959 3.891 3.879 3.959 4.237 4.744 5.132 5.275 5.219 4.747 3.635 2.383 1.691 1.423 1.354 1.393 1.477 1.496 1.471 1.372 1.144 0.819 0.566 0.402 0.284 0.191 0.114
3.925 4.693 5.550 6.352 6.783 6.870 6.777 6.671 6.683 6.780 6.985 7.299 7.705 8.310 9.509 12.256 15.687 17.980 20.065 22.048 23.672 24.745 24.844 24.156 22.529 20.419 18.883 18.531 18.918 19.885 20.202 19.890 19.316 19.214 19.766 21.319 23.270 24.726 25.405 25.407 24.511 21.865 15.856 8.538 4.803 3.760 3.656 3.740 3.912 3.990 3.977 3.893 3.875 3.984 4.293 4.701 4.949 4.957 4.634 3.676 2.403 1.590 1.264 1.181 1.200 1.318 1.405 1.415 1.377 1.234 0.974 0.685 0.489 0.346 0.235 0.148 0.082
5.372 6.143 7.038 7.898 8.290 8.306 8.086 7.810 7.722 7.744 7.903 8.208 8.621 9.241 10.441 12.784 15.970 18.807 21.570 23.910 25.976 27.444 27.334 25.958 23.435 20.549 18.530 17.928 18.071 18.750 19.075 18.921 18.515 18.241 18.462 19.528 21.654 24.047 25.584 25.859 25.029 22.066 15.253 8.029 4.774 3.890 3.797 3.834 3.910 3.955 3.945 3.875 3.860 3.977 4.279 4.495 4.501 4.282 3.618 2.485 1.621 1.225 1.082 1.059 1.119 1.280 1.343 1.331 1.258 1.096 0.844 0.601 0.429 0.297 0.192 0.112 0.058
6.724 7.477 8.367 9.198 9.548 9.549 9.316 9.017 8.907 8.903 9.023 9.295 9.717 10.429 11.777 14.105 17.396 20.780 24.061 26.489 27.315 27.751 27.073 24.847 21.565 18.131 15.604 14.525 14.321 14.645 15.090 15.262 15.222 15.054 14.983 15.351 16.791 19.232 21.750 23.102 22.866 20.494 14.647 8.295 5.248 4.220 3.962 3.892 3.859 3.850 3.847 3.812 3.793 3.867 4.015 4.049 3.944 3.567 2.742 1.780 1.256 1.036 0.973 0.979 1.078 1.238 1.278 1.255 1.160 0.985 0.748 0.538 0.379 0.251 0.152 0.082 0.039
7.945 8.718 9.558 10.258 10.562 10.573 10.413 10.237 10.201 10.262 10.417 10.698 11.177 12.075 13.839 16.667 20.661 24.218 25.969 27.106 26.864 23.967 19.432 15.841 13.190 11.163 9.783 9.153 9.019 9.161 9.584 9.886 10.023 10.091 10.171 10.214 10.224 10.173 10.724 12.109 13.741 14.548 13.448 9.854 6.228 4.732 4.189 3.902 3.703 3.568 3.512 3.506 3.491 3.472 3.459 3.430 3.312 2.885 2.043 1.391 1.086 0.952 0.913 0.932 1.046 1.155 1.174 1.153 1.061 0.893 0.673 0.480 0.330 0.209 0.117 0.058 0.025
9.052 9.829 10.594 11.162 11.436 11.507 11.482 11.468 11.555 11.791 12.166 12.679 13.434 14.834 17.585 20.994 23.915 25.584 26.008 24.414 20.771 16.787 13.530 12.023 11.055 9.920 8.993 8.532 8.428 8.539 9.040 9.508 9.670 9.729 9.824 9.873 9.628 8.779 8.466 9.213 11.409 12.936 13.133 11.198 7.300 5.354 4.501 3.998 3.663 3.410 3.207 3.096 3.053 3.032 3.018 2.979 2.802 2.288 1.564 1.173 0.984 0.894 0.873 0.911 1.026 1.084 1.090 1.058 0.961 0.806 0.605 0.420 0.278 0.166 0.086 0.039 0.016
10.020 10.749 11.442 11.960 12.249 12.416 12.551 12.698 12.964 13.523 14.427 15.702 17.426 19.835 22.958 24.703 25.226 24.470 22.189 18.941 15.633 13.477 12.218 11.459 10.740 9.712 8.769 8.342 8.271 8.423 8.955 9.484 9.651 9.652 9.699 9.694 9.216 7.860 7.259 7.615 9.727 12.043 12.598 11.769 8.919 6.326 5.056 4.328 3.804 3.404 3.095 2.871 2.744 2.689 2.667 2.628 2.415 1.852 1.306 1.058 0.936 0.876 0.866 0.923 1.017 1.038 1.028 0.977 0.872 0.721 0.533 0.357 0.221 0.123 0.060 0.026 0.010
10.796 11.482 12.118 12.629 12.994 13.293 13.612 14.030 14.713 16.050 18.236 20.727 23.109 24.584 25.708 25.989 24.883 22.363 18.877 15.917 13.900 12.617 11.888 11.322 10.616 9.549 8.640 8.239 8.181 8.380 8.937 9.443 9.652 9.657 9.615 9.461 8.735 7.158 6.446 6.560 8.161 11.159 12.726 12.817 11.043 7.767 5.838 4.806 4.076 3.476 3.000 2.672 2.483 2.407 2.387 2.341 2.091 1.520 1.142 0.982 0.899 0.862 0.868 0.935 0.994 0.997 0.968 0.896 0.787 0.640 0.458 0.292 0.169 0.088 0.041 0.017 0.006
11.369 12.054 12.656 13.179 13.684 14.225 14.896 16.083 18.112 20.917 24.058 25.775 26.395 26.495 26.148 25.432 23.708 20.577 17.218 14.811 13.337 12.493 11.944 11.427 10.716 9.577 8.714 8.341 8.290 8.557 9.092 9.443 9.577 9.523 9.294 8.885 7.943 6.511 5.925 5.946 6.907 9.895 12.558 13.292 12.539 9.613 6.848 5.369 4.390 3.577 2.932 2.515 2.298 2.216 2.181 2.107 1.797 1.297 1.048 0.941 0.884 0.861 0.870 0.922 0.946 0.936 0.895 0.822 0.714 0.568 0.387 0.231 0.124 0.061 0.027 0.011 0.004
11.788 12.491 13.112 13.706 14.422 15.566 17.339 20.200 23.733 26.262 27.639 28.108 27.856 27.216 26.265 24.706 22.307 19.119 16.418 14.510 13.349 12.716 12.283 11.840 11.063 9.788 8.968 8.680 8.705 9.121 9.541 9.631 9.512 9.135 8.575 7.977 7.028 6.001 5.604 5.607 6.192 8.460 11.749 13.307 13.394 11.668 8.319 6.101 4.728 3.660 2.874 2.385 2.153 2.074 2.029 1.919 1.554 1.161 0.993 0.917 0.881 0.867 0.870 0.882 0.874 0.861 0.831 0.762 0.649 0.490 0.313 0.175 0.088 0.041 0.018 0.007 0.002
12.121 12.865 13.579 14.366 15.412 17.555 21.653 25.493 27.948 28.998 29.308 29.153 28.536 27.445 25.963 23.815 21.111 18.383 16.307 14.699 13.734 13.256 12.916 12.411 11.391 10.101 9.403 9.221 9.338 9.816 10.053 9.964 9.554 8.727 7.891 7.183 6.292 5.614 5.396 5.415 5.797 7.213 10.339 12.931 13.674 12.868 9.905 6.881 4.959 3.669 2.800 2.286 2.058 1.973 1.909 1.764 1.392 1.098 0.970 0.909 0.887 0.877 0.860 0.843 0.828 0.811 0.775 0.702 0.578 0.402 0.237 0.126 0.061 0.027 0.011 0.004 0.001
12.470 13.304 14.227 15.425 17.169 20.638 25.610 28.635 29.917 30.152 30.116 29.740 28.864 27.469 25.535 23.081 20.620 18.421 16.757 15.509 14.636 14.049 13.486 12.706 11.645 10.639 10.118 10.008 10.144 10.458 10.483 10.219 9.511 8.359 7.383 6.549 5.751 5.313 5.226 5.302 5.590 6.399 8.580 11.731 13.293 13.188 11.094 7.432 5.076 3.639 2.724 2.221 2.005 1.906 1.818 1.635 1.289 1.075 0.967 0.918 0.902 0.884 0.842 0.812 0.793 0.769 0.723 0.638 0.498 0.314 0.171 0.087 0.040 0.017 0.007 0.002 0.001
12.986 13.940 15.197 17.120 20.273 24.835 28.693 30.406 30.961 30.910 30.732 30.184 29.014 27.269 25.102 22.812 20.760 19.140 17.927 16.989 16.071 15.045 13.886 12.841 11.959 11.257 10.805 10.703 10.800 10.943 10.855 10.390 9.425 8.018 6.935 6.038 5.369 5.114 5.117 5.255 5.501 5.935 7.061 9.848 12.532 13.066 11.500 7.775 5.148 3.586 2.652 2.173 1.966 1.850 1.737 1.528 1.237 1.076 0.986 0.950 0.940 0.908 0.834 0.790 0.763 0.731 0.673 0.568 0.403 0.228 0.118 0.057 0.026 0.011 0.004 0.001 0.000
13.722 14.792 16.408 19.227 23.829 27.989 30.258 31.072 31.341 31.306 31.009 30.317 28.996 27.118 25.019 23.112 21.624 20.588 19.768 18.790 17.504 15.811 14.126 12.969 12.156 11.587 11.207 11.114 11.147 11.156 10.982 10.387 9.196 7.649 6.497 5.636 5.143 5.004 5.069 5.261 5.437 5.693 6.246 7.905 10.811 11.924 10.930 7.972 5.097 3.439 2.562 2.136 1.931 1.792 1.655 1.444 1.223 1.105 1.045 1.023 1.005 0.939 0.836 0.780 0.743 0.700 0.625 0.493 0.306 0.159 0.078 0.036 0.016 0.006 0.002 0.001 0.000
14.586 15.877 17.995 21.729 26.654 29.769 31.112 31.579 31.586 31.419 30.966 30.181 28.780 27.055 25.499 24.234 23.316 22.390 21.468 20.190 18.385 16.131 14.271 13.042 12.216 11.699 11.452 11.379 11.350 11.222 10.874 10.112 8.710 7.196 6.062 5.310 4.994 4.949 5.061 5.275 5.412 5.573 5.898 6.585 8.490 10.238 10.173 8.062 4.844 3.149 2.459 2.124 1.901 1.727 1.573 1.388 1.242 1.168 1.138 1.125 1.082 0.952 0.821 0.765 0.723 0.668 0.573 0.409 0.220 0.107 0.049 0.022 0.009 0.004 0.001 0.000 0.000
15.557 17.400 20.531 24.967 28.698 30.650 31.359 31.659 31.537 31.267 30.679 29.763 28.319 27.111 26.256 25.463 24.718 23.647 22.428 20.895 18.731 16.251 14.398 13.114 12.316 11.897 11.767 11.715 11.653 11.427 10.763 9.533 7.953 6.605 5.596 5.023 4.854 4.878 5.062 5.297 5.433 5.575 5.758 6.030 6.938 8.669 9.146 7.698 4.633 3.032 2.439 2.132 1.877 1.659 1.491 1.352 1.271 1.238 1.229 1.218 1.142 0.954 0.799 0.735 0.688 0.618 0.493 0.301 0.147 0.068 0.030 0.013 0.005 0.002 0.001 0.000 0.000
16.826 19.661 23.729 27.443 29.582 30.686 31.118 31.406 31.128 30.672 30.177 29.273 28.005 27.146 26.545 25.916 25.213 24.061 22.639 20.901 18.609 16.253 14.547 13.422 12.797 12.586 12.571 12.542 12.333 11.731 10.602 8.866 7.192 6.019 5.199 4.764 4.665 4.727 4.990 5.327 5.537 5.687 5.774 5.778 6.045 7.174 7.793 7.113 4.799 3.048 2.476 2.168 1.861 1.597 1.425 1.329 1.296 1.305 1.318 1.303 1.198 0.973 0.795 0.702 0.628 0.532 0.372 0.196 0.094 0.042 0.018 0.007 0.003 0.001 0.000 0.000 0.000
18.465 22.527 26.534 28.876 30.084 30.758 30.797 30.624 30.195 29.762 29.518 28.854 27.875 27.131 26.568 25.943 25.206 23.954 22.283 20.124 17.913 15.971 14.601 13.805 13.438 13.386 13.434 13.341 12.839 11.829 10.289 8.278 6.680 5.587 4.892 4.543 4.460 4.556 4.927 5.388 5.702 5.897 5.919 5.696 5.542 6.072 6.864 6.697 5.030 3.210 2.607 2.244 1.864 1.554 1.379 1.319 1.324 1.381 1.409 1.382 1.250 0.998 0.792 0.665 0.552 0.414 0.249 0.125 0.058 0.025 0.010 0.004 0.001 0.000 0.000 0.000 0.000
20.853 25.251 28.295 29.635 30.277 30.403 30.137 29.696 29.176 28.754 28.680 28.341 27.687 27.136 26.558 25.854 24.948 23.423 21.333 18.798 16.722 15.217 14.384 13.918 13.777 13.846 13.844 13.584 12.897 11.662 9.820 7.866 6.391 5.313 4.654 4.353 4.312 4.506 5.036 5.645 6.048 6.250 6.228 5.798 5.187 5.186 5.764 5.810 4.965 3.639 2.889 2.379 1.897 1.539 1.360 1.320 1.360 1.469 1.501 1.461 1.297 1.011 0.773 0.607 0.454 0.296 0.160 0.077 0.034 0.014 0.005 0.002 0.001 0.000 0.000 0.000 0.000
24.005 27.429 29.416 30.143 30.463 30.316 29.848 29.258 28.618 28.052 27.829 27.581 27.268 27.032 26.510 25.646 24.489 22.686 20.260 17.615 15.569 14.325 13.923 13.813 13.970 14.133 14.038 13.594 12.712 11.225 9.319 7.627 6.262 5.186 4.498 4.209 4.225 4.577 5.338 6.080 6.519 6.688 6.606 5.980 4.832 4.397 4.657 5.088 5.004 4.284 3.314 2.583 1.970 1.549 1.365 1.339 1.413 1.549 1.584 1.522 1.319 1.007 0.733 0.523 0.346 0.199 0.099 0.045 0.019 0.007 0.003 0.001 0.000 0.000 0.000 0.000 0.000
26.555 28.796 29.999 30.464 30.567 30.238 29.690 29.071 28.185 27.456 27.080 26.800 26.701 26.675 26.306 25.389 24.091 22.044 19.386 16.732 14.736 13.842 13.721 13.777 14.110 14.250 14.083 13.424 12.250 10.553 8.872 7.456 6.195 5.160 4.453 4.158 4.208 4.704 5.696 6.508 6.900 6.993 6.810 6.035 4.480 3.491 3.436 4.144 4.727 4.474 3.609 2.736 2.034 1.593 1.422 1.415 1.514 1.633 1.645 1.542 1.302 0.972 0.673 0.435 0.252 0.128 0.058 0.024 0.009 0.004 0.001 0.001 0.000 0.000 0.000 0.000 0.000
28.001 29.634 30.409 30.841 30.884 30.562 29.916 29.068 27.967 27.007 26.560 26.296 26.306 26.355 25.997 25.122 23.707 21.424 18.634 16.131 14.456 13.842 13.781 13.866 14.129 14.134 13.781 12.906 11.618 10.051 8.594 7.325 6.160 5.166 4.472 4.205 4.307 4.943 6.065 6.883 7.225 7.236 6.897 5.900 4.047 2.566 2.160 2.646 3.841 4.218 3.778 2.852 2.089 1.681 1.554 1.568 1.671 1.731 1.680 1.499 1.215 0.876 0.575 0.336 0.170 0.076 0.031 0.012 0.004 0.002 0.001 0.000 0.000 0.000 0.000 0.000 0.000
28.739 29.999 30.594 31.015 31.062 30.799 30.305 29.254 27.994 26.812 26.276 25.975 26.021 26.120 25.745 24.801 23.162 20.777 18.021 15.713 14.384 13.963 13.886 13.897 13.911 13.699 13.163 12.298 11.145 9.776 8.463 7.282 6.165 5.216 4.596 4.414 4.605 5.376 6.481 7.157 7.405 7.348 6.824 5.536 3.424 1.853 1.368 1.558 2.783 3.777 3.719 3.014 2.230 1.843 1.745 1.772 1.845 1.830 1.665 1.374 1.035 0.704 0.423 0.219 0.100 0.041 0.015 0.006 0.002 0.001 0.000 0.000 0.000 0.000 0.000 0.000 0.000
28.811 29.913 30.556 30.871 30.993 30.785 30.308 29.366 28.114 26.771 26.010 25.556 25.613 25.668 25.320 24.271 22.445 20.066 17.336 15.216 14.210 13.932 13.861 13.785 13.608 13.294 12.753 11.951 10.887 9.626 8.399 7.269 6.238 5.410 4.937 4.856 5.132 5.960 6.913 7.377 7.475 7.290 6.499 4.847 2.665 1.355 0.972 1.050 1.896 3.277 3.649 3.317 2.544 2.136 2.033 2.035 2.030 1.886 1.564 1.154 0.771 0.463 0.246 0.117 0.051 0.020 0.007 0.003 0.001 0.000 0.000 0.000 0.000 0.000 0.000 0.000 0.000
28.827 29.815 30.444 30.740 30.974 30.805 30.353 29.588 28.259 26.723 25.606 24.845 24.764 24.707 24.304 23.170 21.249 18.740 16.066 14.284 13.620 13.505 13.565 13.554 13.380 13.124 12.639 11.887 10.899 9.675 8.395 7.299 6.399 5.764 5.475 5.480 5.820 6.626 7.361 7.633 7.591 7.121 5.913 3.867 1.957 1.066 0.804 0.825 1.304 2.725 3.604 3.528 2.942 2.583 2.461 2.377 2.193 1.832 1.346 0.868 0.504 0.264 0.127 0.056 0.023 0.009 0.003 0.001 0.001 0.000 0.000 0.000 0.000 0.000 0.000 0.000 0.000
28.492 29.309 29.850 30.172 30.445 30.342 30.050 29.391 28.173 26.599 25.057 23.866 23.403 23.049 22.414 21.120 19.089 16.337 13.871 12.564 12.267 12.387 12.829 13.199 13.242 13.141 12.761 12.129 11.255 10.107 8.759 7.613 6.783 6.294 6.132 6.204 6.639 7.427 7.955 8.079 7.846 6.947 5.251 3.015 1.523 0.921 0.755 0.748 0.959 1.968 3.291 3.626 3.444 3.173 2.944 2.672 2.248 1.664 1.065 0.604 0.307 0.142 0.061 0.025 0.010 0.004 0.001 0.001 0.000 0.000 0.000 0.000 0.000 0.000 0.000 0.000 0.000
