RESULTS/r.avaflow_results/13_results/13_ascii/13_hflow0026.asc
ncols 506
nrows 317
xllcenter 498237.50
yllcenter 5580050.00
cellsize 12.50
NODATA_value -9999.000
[rows 204 to 237 of 317, columns 77 to 153 of 506]
0.084 0.074 0.059 0.046 0.037 0.032 0.030 0.031 0.047 0.165 0.875 3.090 6.537 8.901 10.654 12.399 14.213 16.115 17.998 19.664 21.087 22.315 23.314 23.773 24.200 24.223 24.200 24.144 23.871 23.467 22.941 22.076 21.245 20.308 19.181 18.381 17.887 17.366 16.957 16.575 16.226 15.982 15.651 15.006 14.129 13.134 11.959 10.757 9.577 8.418 7.266 6.072 4.937 3.872 2.918 2.093 1.407 0.863 0.462 0.209 0.081 0.028 0.009 0.002 0.001 0.000 0.000 0.000 0.000 0.000 0.000 0.000 0.000 0.001 0.002 0.007 0.025
0.083 0.072 0.059 0.048 0.041 0.038 0.038 0.040 0.051 0.135 0.705 2.777 6.397 9.091 10.845 12.499 14.273 16.093 17.841 19.328 20.546 21.628 22.588 23.001 23.368 23.313 23.309 23.309 22.963 22.539 22.049 21.198 20.288 19.271 18.040 17.038 16.320 15.601 14.998 14.533 14.119 13.806 13.473 12.933 12.216 11.265 10.077 8.783 7.532 6.347 5.201 4.069 2.996 2.061 1.321 0.779 0.415 0.196 0.081 0.030 0.010 0.003 0.001 0.001 0.000 0.000 0.000 0.000 0.000 0.000 0.000 0.000 0.000 0.001 0.005 0.016 0.046
0.085 0.072 0.062 0.054 0.050 0.050 0.051 0.052 0.054 0.082 0.413 2.073 5.668 8.916 10.846 12.483 14.182 15.795 17.317 18.603 19.590 20.404 21.018 21.297 21.615 21.547 21.604 21.600 21.286 20.959 20.548 19.838 19.006 17.990 16.714 15.479 14.501 13.595 12.828 12.275 11.847 11.514 11.193 10.754 10.158 9.289 8.182 6.855 5.530 4.291 3.166 2.174 1.366 0.775 0.391 0.176 0.072 0.028 0.010 0.003 0.001 0.001 0.000 0.000 0.000 0.000 0.000 0.000 0.000 0.000 0.000 0.000 0.001 0.003 0.009 0.024 0.059
0.099 0.081 0.072 0.068 0.066 0.066 0.064 0.062 0.060 0.065 0.186 1.235 4.402 8.238 10.517 12.249 13.846 15.237 16.509 17.562 18.275 18.827 19.135 19.304 19.639 19.632 19.662 19.579 19.299 19.007 18.693 18.083 17.383 16.490 15.252 13.912 12.696 11.574 10.673 9.991 9.496 9.122 8.795 8.437 7.970 7.243 6.246 4.924 3.539 2.372 1.469 0.820 0.405 0.176 0.069 0.026 0.009 0.003 0.001 0.001 0.001 0.000 0.000 0.000 0.000 0.000 0.000 0.000 0.000 0.000 0.000 0.000 0.001 0.004 0.010 0.027 0.062
0.140 0.111 0.098 0.093 0.088 0.083 0.077 0.071 0.068 0.068 0.097 0.593 2.910 6.915 9.729 11.668 13.242 14.525 15.605 16.430 16.822 17.008 16.959 16.979 17.203 17.237 17.263 17.155 16.912 16.587 16.335 15.803 15.209 14.481 13.380 12.099 10.738 9.463 8.425 7.590 7.001 6.582 6.285 6.012 5.688 5.127 4.190 2.922 1.773 0.967 0.461 0.191 0.072 0.026 0.009 0.003 0.001 0.001 0.001 0.001 0.000 0.000 0.000 0.000 0.000 0.000 0.000 0.000 0.000 0.000 0.000 0.000 0.001 0.004 0.010 0.026 0.057
0.230 0.177 0.149 0.133 0.118 0.103 0.091 0.083 0.078 0.076 0.081 0.235 1.518 4.925 8.474 10.800 12.503 13.776 14.693 15.243 15.358 15.231 14.716 14.530 14.630 14.687 14.701 14.551 14.189 13.779 13.490 13.081 12.631 12.024 11.122 10.067 8.743 7.375 6.194 5.189 4.407 3.845 3.494 3.266 3.072 2.731 2.084 1.237 0.612 0.256 0.091 0.030 0.010 0.003 0.001 0.001 0.001 0.001 0.001 0.000 0.000 0.000 0.000 0.000 0.000 0.000 0.000 0.000 0.000 0.000 0.000 0.000 0.001 0.003 0.008 0.018 0.038
0.390 0.300 0.241 0.200 0.164 0.133 0.111 0.099 0.095 0.094 0.096 0.118 0.618 2.828 6.598 9.741 11.799 13.105 13.804 14.051 13.902 13.286 12.246 11.745 11.688 11.694 11.694 11.618 11.294 10.895 10.526 10.112 9.671 9.168 8.506 7.664 6.500 5.122 3.942 2.986 2.229 1.700 1.390 1.232 1.124 0.970 0.672 0.326 0.130 0.045 0.014 0.004 0.001 0.001 0.001 0.001 0.001 0.001 0.001 0.001 0.000 0.000 0.000 0.000 0.000 0.000 0.000 0.000 0.000 0.000 0.000 0.000 0.001 0.002 0.004 0.007 0.015
0.631 0.507 0.398 0.315 0.244 0.186 0.147 0.129 0.123 0.124 0.128 0.141 0.244 1.228 4.202 8.195 10.912 12.337 12.776 12.724 12.216 11.240 9.975 8.985 8.505 8.369 8.374 8.431 8.379 8.211 7.885 7.364 6.686 6.074 5.519 4.887 4.071 3.048 2.136 1.421 0.897 0.562 0.386 0.302 0.254 0.207 0.129 0.055 0.020 0.006 0.002 0.001 0.001 0.001 0.001 0.001 0.001 0.001 0.001 0.001 0.000 0.000 0.000 0.000 0.000 0.000 0.000 0.000 0.000 0.000 0.000 0.000 0.000 0.001 0.001 0.002 0.004
0.950 0.815 0.659 0.515 0.386 0.282 0.213 0.180 0.171 0.172 0.177 0.185 0.198 0.451 1.957 5.634 9.255 10.969 11.347 11.171 10.704 9.965 8.859 7.544 6.582 6.168 6.102 6.200 6.407 6.471 6.268 5.674 4.764 4.030 3.507 3.005 2.441 1.763 1.149 0.698 0.399 0.221 0.125 0.075 0.050 0.034 0.019 0.008 0.003 0.001 0.001 0.001 0.001 0.001 0.001 0.001 0.001 0.001 0.001 0.001 0.000 0.000 0.000 0.000 0.000 0.000 0.000 0.000 0.000 0.000 0.000 0.000 0.000 0.000 0.000 0.001 0.001
1.349 1.220 1.042 0.840 0.635 0.456 0.335 0.273 0.251 0.247 0.250 0.254 0.255 0.275 0.729 2.712 6.054 8.461 9.568 9.959 10.032 9.748 8.920 7.525 6.227 5.595 5.455 5.534 5.866 6.043 5.894 5.276 4.246 3.373 2.819 2.352 1.877 1.367 0.913 0.570 0.330 0.172 0.077 0.030 0.011 0.005 0.002 0.001 0.001 0.000 0.000 0.000 0.000 0.000 0.001 0.001 0.001 0.001 0.001 0.001 0.000 0.000 0.000 0.000 0.000 0.000 0.000 0.000 0.000 0.000 0.000 0.000 0.000 0.000 0.000 0.000 0.000
1.836 1.717 1.540 1.308 1.031 0.754 0.552 0.438 0.385 0.365 0.357 0.349 0.338 0.336 0.401 1.057 3.063 5.981 8.441 9.717 10.199 10.460 10.153 8.676 6.873 5.898 5.651 5.715 6.072 6.311 6.163 5.512 4.420 3.427 2.780 2.268 1.791 1.332 0.924 0.596 0.349 0.173 0.063 0.016 0.003 0.001 0.001 0.000 0.000 0.000 0.000 0.000 0.000 0.000 0.001 0.001 0.001 0.001 0.001 0.000 0.000 0.000 0.000 0.000 0.000 0.000 0.000 0.000 0.000 0.000 0.000 0.000 0.000 0.000 0.000 0.000 0.000
2.412 2.307 2.138 1.901 1.585 1.208 0.901 0.709 0.607 0.552 0.515 0.483 0.458 0.447 0.469 0.729 1.962 5.045 8.318 10.331 11.047 11.032 10.465 8.889 6.934 5.800 5.472 5.518 5.860 6.142 6.032 5.421 4.328 3.246 2.504 1.948 1.496 1.116 0.793 0.524 0.309 0.145 0.044 0.007 0.001 0.001 0.000 0.000 0.000 0.000 0.000 0.000 0.000 0.001 0.001 0.001 0.001 0.001 0.001 0.000 0.000 0.000 0.000 0.000 0.000 0.000 0.000 0.000 0.000 0.000 0.000 0.000 0.000 0.000 0.000 0.000 0.000
3.071 2.980 2.828 2.595 2.261 1.811 1.391 1.109 0.943 0.840 0.761 0.698 0.659 0.648 0.688 0.943 2.055 5.249 8.543 10.304 10.718 10.005 8.671 6.937 5.182 4.073 3.667 3.643 3.872 4.181 4.199 3.810 2.925 1.958 1.312 0.889 0.609 0.427 0.302 0.203 0.117 0.049 0.012 0.001 0.000 0.001 0.000 0.000 0.000 0.000 0.000 0.000 0.000 0.001 0.001 0.001 0.001 0.001 0.001 0.000 0.000 0.000 0.000 0.000 0.000 0.000 0.000 0.000 0.000 0.000 0.000 0.000 0.000 0.000 0.000 0.000 0.000
3.814 3.742 3.606 3.376 3.014 2.508 1.999 1.633 1.398 1.246 1.140 1.069 1.036 1.086 1.340 1.980 3.207 5.505 7.259 7.595 6.960 5.828 4.415 3.032 2.029 1.452 1.219 1.180 1.244 1.407 1.466 1.360 0.991 0.561 0.315 0.181 0.105 0.066 0.044 0.029 0.015 0.006 0.001 0.000 0.000 0.000 0.000 0.000 0.000 0.000 0.000 0.000 0.000 0.001 0.001 0.001 0.001 0.001 0.000 0.000 0.000 0.000 0.000 0.000 0.000 0.000 0.000 0.000 0.000 0.000 0.000 0.000 0.000 0.000 0.000 0.000 0.000
4.635 4.577 4.444 4.195 3.789 3.240 2.694 2.271 1.984 1.817 1.739 1.754 1.909 2.291 3.086 3.800 4.192 4.254 3.549 2.718 2.064 1.612 1.196 0.793 0.498 0.329 0.258 0.243 0.249 0.287 0.313 0.305 0.228 0.117 0.058 0.029 0.014 0.008 0.005 0.003 0.002 0.001 0.001 0.001 0.001 0.000 0.000 0.001 0.000 0.000 0.000 0.000 0.000 0.001 0.001 0.001 0.001 0.001 0.000 0.000 0.000 0.000 0.000 0.000 0.000 0.000 0.000 0.000 0.000 0.000 0.000 0.000 0.000 0.000 0.000 0.000 0.000
5.496 5.414 5.238 4.939 4.503 3.975 3.471 3.065 2.799 2.729 2.897 3.292 3.928 4.482 4.783 4.591 3.978 2.846 1.628 0.902 0.598 0.443 0.316 0.202 0.117 0.067 0.045 0.039 0.039 0.045 0.052 0.053 0.043 0.022 0.010 0.004 0.002 0.001 0.001 0.001 0.001 0.001 0.001 0.001 0.001 0.001 0.000 0.000 0.001 0.000 0.000 0.000 0.000 0.001 0.001 0.001 0.001 0.001 0.000 0.000 0.000 0.000 0.000 0.000 0.000 0.000 0.000 0.000 0.000 0.000 0.000 0.000 0.000 0.000 0.000 0.000 0.000
6.286 6.177 5.958 5.591 5.162 4.744 4.377 4.182 4.206 4.512 5.292 5.926 6.144 5.825 5.170 4.329 3.237 2.003 1.104 0.636 0.407 0.273 0.180 0.107 0.054 0.024 0.012 0.007 0.006 0.006 0.007 0.008 0.007 0.004 0.002 0.001 0.001 0.001 0.001 0.001 0.001 0.001 0.001 0.001 0.001 0.001 0.001 0.000 0.000 0.001 0.000 0.000 0.000 0.000 0.001 0.001 0.001 0.001 0.000 0.000 0.000 0.000 0.000 0.000 0.000 0.000 0.000 0.000 0.000 0.000 0.000 0.000 0.000 0.000 0.000 0.000 0.000
6.989 6.859 6.604 6.200 5.829 5.670 5.742 6.133 6.833 7.466 7.894 7.742 7.098 6.085 4.924 3.729 2.559 1.608 0.980 0.616 0.398 0.263 0.168 0.095 0.044 0.018 0.007 0.004 0.002 0.002 0.002 0.001 0.001 0.001 0.001 0.001 0.001 0.000 0.000 0.001 0.001 0.001 0.001 0.001 0.001 0.001 0.001 0.000 0.000 0.000 0.001 0.001 0.000 0.000 0.000 0.001 0.001 0.001 0.000 0.000 0.000 0.000 0.000 0.000 0.000 0.000 0.000 0.000 0.000 0.000 0.000 0.000 0.000 0.000 0.000 0.000 0.000
7.645 7.485 7.201 6.820 6.561 6.797 8.099 9.159 9.614 9.695 9.349 8.598 7.466 6.061 4.618 3.352 2.311 1.520 0.988 0.647 0.426 0.278 0.172 0.092 0.040 0.016 0.006 0.003 0.002 0.001 0.001 0.001 0.000 0.000 0.000 0.000 0.000 0.001 0.000 0.001 0.001 0.001 0.001 0.001 0.001 0.001 0.001 0.000 0.000 0.000 0.000 0.000 0.000 0.000 0.000 0.000 0.001 0.001 0.000 0.000 0.000 0.000 0.000 0.000 0.000 0.000 0.000 0.000 0.000 0.000 0.000 0.000 0.000 0.000 0.000 0.000 0.000
8.302 8.076 7.801 7.582 7.564 8.427 10.488 11.404 11.286 10.950 10.259 9.171 7.684 6.009 4.468 3.228 2.284 1.576 1.087 0.749 0.501 0.317 0.181 0.088 0.036 0.014 0.006 0.003 0.002 0.001 0.001 0.001 0.000 0.000 0.000 0.000 0.000 0.000 0.000 0.001 0.001 0.001 0.001 0.001 0.001 0.001 0.001 0.001 0.000 0.000 0.000 0.000 0.000 0.000 0.000 0.000 0.000 0.001 0.000 0.000 0.000 0.000 0.000 0.000 0.000 0.000 0.000 0.000 0.000 0.000 0.000 0.000 0.000 0.000 0.000 0.000 0.000
8.870 8.624 8.431 8.480 9.229 10.980 12.389 12.621 12.354 11.772 10.829 9.534 7.835 5.998 4.445 3.253 2.413 1.797 1.323 0.942 0.625 0.369 0.188 0.082 0.032 0.012 0.005 0.003 0.002 0.001 0.001 0.000 0.000 0.000 0.000 0.000 0.000 0.000 0.001 0.001 0.001 0.001 0.001 0.001 0.001 0.001 0.001 0.001 0.000 0.000 0.000 0.001 0.001 0.001 0.001 0.000 0.000 0.001 0.000 0.000 0.000 0.000 0.000 0.000 0.000 0.000 0.000 0.000 0.000 0.000 0.000 0.000 0.000 0.000 0.000 0.000 0.000
9.460 9.192 9.039 9.517 11.552 13.245 13.556 13.393 13.002 12.233 11.138 9.724 7.954 6.084 4.592 3.524 2.800 2.235 1.725 1.218 0.755 0.398 0.179 0.070 0.026 0.010 0.005 0.003 0.002 0.001 0.001 0.000 0.000 0.000 0.000 0.000 0.000 0.000 0.001 0.001 0.001 0.001 0.001 0.001 0.001 0.001 0.001 0.001 0.001 0.000 0.000 0.001 0.001 0.001 0.001 0.001 0.000 0.000 0.000 0.000 0.000 0.000 0.000 0.000 0.000 0.000 0.000 0.000 0.000 0.000 0.000 0.000 0.000 0.000 0.000 0.000 0.000
9.988 9.771 9.751 10.762 13.240 14.290 14.200 13.887 13.304 12.381 11.205 9.755 8.027 6.323 5.039 4.148 3.465 2.824 2.149 1.436 0.820 0.393 0.158 0.055 0.019 0.008 0.004 0.003 0.002 0.001 0.001 0.000 0.000 0.000 0.000 0.000 0.000 0.000 0.000 0.001 0.001 0.001 0.001 0.001 0.001 0.001 0.001 0.001 0.001 0.001 0.000 0.001 0.001 0.001 0.001 0.001 0.000 0.000 0.000 0.000 0.000 0.000 0.000 0.000 0.000 0.000 0.000 0.000 0.000 0.000 0.000 0.000 0.000 0.000 0.000 0.000 0.000
10.506 10.433 10.916 12.623 14.252 14.658 14.541 14.144 13.446 12.456 11.277 9.793 8.121 6.700 5.641 4.814 4.039 3.234 2.365 1.514 0.824 0.368 0.131 0.041 0.014 0.006 0.004 0.003 0.002 0.001 0.000 0.000 0.000 0.000 0.000 0.000 0.000 0.000 0.000 0.001 0.001 0.001 0.001 0.001 0.001 0.001 0.001 0.001 0.001 0.001 0.001 0.000 0.001 0.001 0.001 0.001 0.000 0.000 0.000 0.000 0.000 0.000 0.000 0.000 0.000 0.000 0.000 0.000 0.000 0.000 0.000 0.000 0.000 0.000 0.000 0.000 0.000
11.039 11.429 12.878 14.340 14.734 14.757 14.614 14.208 13.429 12.407 11.292 9.867 8.321 7.070 6.081 5.211 4.334 3.385 2.395 1.492 0.773 0.314 0.099 0.029 0.011 0.006 0.004 0.003 0.002 0.001 0.000 0.000 0.000 0.000 0.000 0.000 0.000 0.000 0.001 0.001 0.001 0.001 0.000 0.000 0.001 0.001 0.001 0.001 0.001 0.001 0.001 0.001 0.001 0.001 0.001 0.001 0.001 0.000 0.000 0.000 0.000 0.000 0.000 0.000 0.000 0.000 0.000 0.000 0.000 0.000 0.000 0.000 0.000 0.000 0.000 0.000 0.000
11.730 13.166 14.663 15.079 15.049 14.905 14.586 14.060 13.195 12.232 11.244 10.000 8.650 7.448 6.423 5.454 4.456 3.379 2.301 1.340 0.624 0.221 0.064 0.022 0.011 0.006 0.004 0.003 0.002 0.001 0.000 0.000 0.000 0.000 0.000 0.000 0.000 0.000 0.000 0.000 0.000 0.000 0.000 0.000 0.000 0.001 0.000 0.000 0.000 0.000 0.000 0.000 0.001 0.001 0.001 0.001 0.001 0.001 0.000 0.000 0.000 0.000 0.000 0.000 0.000 0.000 0.000 0.000 0.000 0.000 0.000 0.000 0.000 0.000 0.000 0.000 0.000
12.796 14.693 15.534 15.511 15.380 15.096 14.608 14.002 13.118 12.168 11.245 10.129 8.958 7.816 6.728 5.631 4.490 3.251 2.043 1.048 0.422 0.140 0.047 0.020 0.011 0.007 0.004 0.003 0.001 0.001 0.000 0.000 0.000 0.000 0.000 0.000 0.000 0.000 0.000 0.000 0.000 0.000 0.000 0.000 0.000 0.000 0.000 0.000 0.000 0.000 0.000 0.000 0.000 0.000 0.001 0.001 0.001 0.001 0.001 0.001 0.000 0.000 0.000 0.000 0.000 0.000 0.000 0.000 0.000 0.000 0.000 0.000 0.000 0.000 0.000 0.000 0.000
14.590 15.843 16.017 15.881 15.687 15.292 14.702 14.037 13.163 12.196 11.242 10.196 9.140 8.085 6.974 5.760 4.440 3.022 1.741 0.815 0.311 0.109 0.041 0.019 0.011 0.007 0.004 0.002 0.001 0.000 0.000 0.000 0.000 0.000 0.000 0.000 0.000 0.000 0.000 0.001 0.001 0.001 0.000 0.000 0.000 0.000 0.000 0.000 0.001 0.001 0.001 0.000 0.000 0.000 0.000 0.001 0.001 0.001 0.001 0.001 0.001 0.000 0.000 0.000 0.000 0.000 0.000 0.000 0.000 0.000 0.000 0.000 0.000 0.000 0.000 0.000 0.000
16.090 16.406 16.363 16.259 16.053 15.560 14.888 14.182 13.301 12.307 11.300 10.290 9.282 8.275 7.124 5.818 4.344 2.813 1.540 0.694 0.264 0.097 0.040 0.019 0.011 0.006 0.004 0.002 0.001 0.000 0.000 0.000 0.000 0.000 0.000 0.000 0.000 0.000 0.000 0.001 0.001 0.001 0.001 0.000 0.000 0.000 0.000 0.000 0.001 0.001 0.001 0.001 0.001 0.001 0.001 0.001 0.001 0.001 0.001 0.001 0.001 0.001 0.000 0.000 0.000 0.000 0.000 0.000 0.000 0.000 0.000 0.000 0.000 0.000 0.000 0.000 0.000
16.680 16.724 16.677 16.552 16.392 15.945 15.277 14.515 13.588 12.542 11.482 10.475 9.453 8.387 7.172 5.793 4.208 2.622 1.386 0.615 0.238 0.092 0.039 0.019 0.010 0.005 0.003 0.001 0.001 0.000 0.000 0.000 0.000 0.000 0.000 0.000 0.000 0.000 0.000 0.001 0.001 0.001 0.001 0.000 0.000 0.001 0.000 0.000 0.001 0.001 0.001 0.001 0.001 0.001 0.001 0.001 0.001 0.001 0.001 0.001 0.001 0.001 0.001 0.000 0.000 0.000 0.000 0.000 0.000 0.000 0.000 0.000 0.000 0.000 0.000 0.000 0.000
16.826 16.770 16.738 16.670 16.593 16.264 15.740 14.976 13.977 12.829 11.707 10.640 9.565 8.417 7.147 5.686 3.997 2.411 1.243 0.546 0.215 0.086 0.037 0.017 0.008 0.004 0.002 0.001 0.000 0.000 0.000 0.000 0.000 0.000 0.000 0.000 0.000 0.000 0.001 0.001 0.001 0.001 0.000 0.000 0.000 0.000 0.000 0.000 0.001 0.001 0.001 0.001 0.001 0.001 0.001 0.001 0.001 0.001 0.001 0.001 0.001 0.001 0.001 0.001 0.000 0.000 0.000 0.000 0.000 0.000 0.000 0.000 0.000 0.000 0.000 0.000 0.000
16.849 16.788 16.757 16.680 16.643 16.395 15.935 15.265 14.290 13.099 11.889 10.726 9.590 8.388 7.037 5.471 3.714 2.184 1.100 0.476 0.187 0.075 0.031 0.013 0.005 0.002 0.001 0.001 0.000 0.000 0.000 0.000 0.000 0.000 0.000 0.000 0.000 0.000 0.001 0.001 0.001 0.001 0.000 0.000 0.000 0.000 0.000 0.000 0.001 0.001 0.001 0.001 0.001 0.001 0.001 0.001 0.001 0.001 0.001 0.001 0.001 0.001 0.001 0.001 0.001 0.000 0.000 0.000 0.000 0.000 0.000 0.000 0.000 0.000 0.000 0.000 0.000
16.822 16.731 16.728 16.680 16.709 16.502 16.073 15.449 14.510 13.293 11.961 10.715 9.509 8.211 6.772 5.116 3.359 1.923 0.938 0.387 0.143 0.053 0.020 0.007 0.003 0.001 0.001 0.001 0.000 0.000 0.000 0.000 0.000 0.000 0.000 0.000 0.000 0.000 0.001 0.001 0.001 0.001 0.000 0.000 0.000 0.000 0.001 0.000 0.001 0.001 0.001 0.001 0.001 0.001 0.001 0.001 0.001 0.001 0.001 0.001 0.001 0.001 0.001 0.001 0.001 0.001 0.000 0.000 0.000 0.000 0.000 0.000 0.000 0.000 0.000 0.000 0.000
16.701 16.523 16.467 16.410 16.443 16.274 15.973 15.381 14.457 13.244 11.896 10.523 9.188 7.800 6.279 4.571 2.899 1.573 0.705 0.255 0.079 0.024 0.008 0.003 0.001 0.001 0.001 0.001 0.001 0.000 0.000 0.000 0.000 0.000 0.000 0.000 0.000 0.000 0.000 0.000 0.000 0.000 0.000 0.000 0.000 0.000 0.000 0.000 0.000 0.001 0.001 0.001 0.001 0.001 0.001 0.001 0.001 0.001 0.001 0.001 0.001 0.001 0.001 0.001 0.001 0.001 0.001 0.000 0.000 0.000 0.000 0.000 0.000 0.000 0.000 0.000 0.000
