RESULTS/r.avaflow_results/13_results/13_ascii/13_hflow10017.asc
ncols 506
nrows 317
xllcenter 498237.50
yllcenter 5580050.00
cellsize 12.50
NODATA_value -9999.000
[rows 170 to 203 of 317, columns 77 to 153 of 506]
0.000 0.000 0.000 0.000 0.000 0.001 0.002 0.003 0.005 0.006 0.007 0.010 0.018 0.039 0.087 0.176 0.317 0.515 0.777 1.100 1.471 1.873 2.282 2.721 3.134 3.449 3.687 3.892 4.090 4.309 4.564 4.877 5.267 5.751 6.341 7.062 7.916 8.903 10.039 11.298 12.646 14.057 15.594 17.266 18.850 20.198 21.426 22.530 23.535 24.580 25.896 27.343 28.946 30.215 30.906 31.249 31.188 31.320 32.031 32.449 32.723 33.154 33.032 32.918 32.089 30.877 29.789 28.310 26.712 25.014 23.126 21.278 19.360 17.421 15.514 13.655 11.865
0.000 0.000 0.000 0.000 0.001 0.003 0.005 0.009 0.013 0.018 0.026 0.041 0.074 0.144 0.263 0.439 0.673 0.969 1.331 1.749 2.214 2.725 3.220 3.676 4.078 4.409 4.685 4.924 5.158 5.407 5.696 6.053 6.498 7.055 7.764 8.641 9.683 10.902 12.292 13.780 15.311 16.920 18.587 20.356 21.941 23.224 24.393 25.371 26.367 27.480 28.423 29.774 31.457 32.356 32.805 33.119 33.145 33.351 33.991 34.298 34.286 34.568 34.255 33.725 32.915 31.723 30.580 28.951 27.278 25.574 23.766 21.993 20.221 18.448 16.727 15.083 13.476
0.000 0.000 0.000 0.001 0.003 0.007 0.012 0.020 0.031 0.045 0.069 0.113 0.196 0.336 0.532 0.780 1.093 1.482 1.953 2.498 3.108 3.743 4.319 4.791 5.170 5.518 5.813 6.085 6.357 6.647 6.984 7.400 7.907 8.536 9.367 10.392 11.607 13.012 14.562 16.254 18.004 19.667 21.342 23.125 24.749 25.946 27.110 28.028 29.021 30.113 30.634 31.411 32.998 33.638 33.900 34.237 34.423 34.673 35.249 35.377 35.350 35.537 35.077 34.320 33.390 32.056 30.762 29.233 27.692 26.028 24.302 22.513 20.841 19.160 17.586 16.147 14.719
0.000 0.000 0.000 0.002 0.006 0.012 0.023 0.038 0.060 0.092 0.142 0.226 0.362 0.556 0.807 1.126 1.532 2.042 2.658 3.384 4.174 4.910 5.548 6.059 6.447 6.791 7.108 7.407 7.707 8.043 8.421 8.868 9.434 10.140 11.042 12.140 13.421 14.923 16.622 18.422 20.351 22.165 23.852 25.529 27.180 28.337 29.617 30.576 31.492 32.381 32.794 33.214 34.004 34.100 34.233 34.512 34.944 35.168 35.813 35.942 36.075 36.102 35.475 34.670 33.542 32.374 31.045 29.606 28.088 26.410 24.578 22.826 21.178 19.587 18.143 16.832 15.585
0.000 0.000 0.001 0.003 0.008 0.017 0.032 0.054 0.089 0.141 0.218 0.335 0.506 0.744 1.063 1.478 2.009 2.677 3.493 4.455 5.437 6.271 6.951 7.473 7.884 8.233 8.560 8.889 9.211 9.554 9.939 10.390 10.955 11.654 12.555 13.660 14.976 16.539 18.371 20.271 22.324 24.366 26.117 27.748 29.142 30.261 31.566 32.417 33.145 33.878 34.119 34.229 34.545 34.322 34.288 34.541 35.154 35.401 36.032 35.932 35.914 35.770 35.212 34.415 33.429 32.571 31.313 29.872 28.365 26.596 24.698 22.975 21.306 19.789 18.467 17.236 16.107
0.000 0.000 0.001 0.003 0.009 0.019 0.036 0.063 0.106 0.173 0.273 0.419 0.628 0.920 1.315 1.832 2.493 3.318 4.336 5.560 6.777 7.746 8.485 9.027 9.444 9.798 10.138 10.462 10.791 11.092 11.427 11.850 12.362 13.005 13.860 14.962 16.338 17.911 19.767 21.807 23.967 26.156 27.970 29.651 30.955 32.125 33.379 34.080 34.698 35.452 35.385 35.269 35.365 34.699 34.126 34.038 34.457 35.131 35.901 35.932 35.907 35.651 35.129 34.446 33.473 32.624 31.459 30.003 28.418 26.568 24.671 22.958 21.323 19.882 18.607 17.403 16.311
0.000 0.000 0.001 0.003 0.009 0.020 0.037 0.066 0.113 0.190 0.309 0.487 0.739 1.088 1.556 2.160 2.923 3.876 5.051 6.461 7.906 9.062 9.942 10.554 10.997 11.346 11.663 11.953 12.257 12.542 12.862 13.209 13.622 14.213 15.037 16.115 17.449 19.010 20.885 23.044 25.339 27.645 29.518 31.314 32.590 33.689 34.869 35.384 35.903 36.605 36.385 36.178 36.119 35.394 34.512 34.012 33.918 34.676 35.778 35.936 35.895 35.677 35.059 34.495 33.490 32.507 31.478 30.015 28.272 26.452 24.536 22.779 21.216 19.836 18.582 17.424 16.354
0.000 0.000 0.001 0.003 0.009 0.020 0.037 0.066 0.114 0.194 0.327 0.536 0.838 1.248 1.783 2.456 3.292 4.322 5.592 7.122 8.775 10.159 11.205 11.943 12.453 12.808 13.100 13.353 13.603 13.840 14.129 14.411 14.758 15.300 16.065 17.094 18.385 19.933 21.819 23.878 26.241 28.579 30.488 32.355 33.584 34.455 35.489 35.919 36.227 36.766 36.619 36.328 36.243 35.579 34.707 34.062 33.480 33.539 34.968 35.480 35.539 35.406 34.673 34.122 33.328 32.254 31.221 29.659 27.843 25.992 24.096 22.364 20.918 19.582 18.410 17.321 16.283
0.000 0.000 0.001 0.003 0.009 0.019 0.035 0.063 0.109 0.188 0.326 0.560 0.916 1.394 1.992 2.718 3.601 4.669 5.965 7.552 9.366 10.982 12.252 13.149 13.766 14.172 14.457 14.667 14.896 15.096 15.322 15.581 15.883 16.348 16.985 17.957 19.142 20.681 22.486 24.536 26.992 29.438 31.435 33.315 34.558 35.269 36.228 36.579 36.736 37.300 37.121 36.828 36.841 36.147 35.400 34.681 33.918 33.653 34.542 34.935 35.211 35.240 34.495 33.799 32.921 31.611 30.340 28.712 26.871 25.060 23.255 21.642 20.305 19.104 18.016 17.058 16.087
0.000 0.000 0.001 0.003 0.007 0.016 0.029 0.052 0.090 0.162 0.298 0.547 0.948 1.499 2.159 2.927 3.834 4.914 6.209 7.795 9.679 11.512 13.034 14.135 14.899 15.393 15.719 15.949 16.119 16.293 16.455 16.685 16.954 17.279 17.808 18.618 19.668 21.265 23.033 25.104 27.609 30.181 32.314 34.208 35.350 36.049 36.910 37.051 37.301 37.876 37.573 37.276 37.260 36.578 35.893 35.117 34.449 34.033 34.383 34.340 34.524 34.694 33.975 33.293 32.223 30.838 29.417 27.674 25.590 23.774 22.111 20.720 19.464 18.408 17.455 16.557 15.728
0.000 0.000 0.000 0.002 0.005 0.010 0.018 0.031 0.055 0.106 0.221 0.465 0.902 1.518 2.253 3.071 3.992 5.056 6.329 7.889 9.788 11.845 13.600 14.896 15.873 16.475 16.869 17.135 17.287 17.441 17.552 17.709 17.882 18.096 18.566 19.295 20.231 21.659 23.350 25.343 27.772 30.364 32.469 34.383 35.490 36.000 36.711 36.845 37.117 37.614 37.325 37.040 37.071 36.444 35.704 35.028 34.395 33.816 33.987 33.535 33.112 33.231 32.903 32.226 31.237 29.814 28.246 26.239 24.112 22.375 20.797 19.536 18.427 17.513 16.669 15.884 15.156
0.000 0.000 0.000 0.001 0.002 0.005 0.009 0.015 0.026 0.051 0.116 0.297 0.710 1.388 2.228 3.121 4.058 5.107 6.363 7.903 9.778 11.968 13.962 15.501 16.696 17.465 17.990 18.280 18.431 18.531 18.615 18.731 18.805 18.980 19.348 19.940 20.770 22.087 23.652 25.694 28.011 30.642 32.734 34.615 35.872 36.294 36.978 37.022 37.098 37.707 37.481 37.101 37.266 36.815 36.133 35.559 34.636 33.926 34.056 33.430 32.563 32.205 31.702 31.047 30.013 28.480 26.927 24.896 22.824 21.038 19.520 18.299 17.270 16.446 15.704 15.017 14.344
0.000 0.000 0.000 0.000 0.001 0.002 0.004 0.008 0.014 0.028 0.061 0.153 0.430 1.037 1.950 2.997 4.011 5.065 6.316 7.848 9.726 11.961 14.163 15.946 17.301 18.254 18.919 19.274 19.473 19.600 19.642 19.696 19.655 19.726 20.067 20.444 21.103 22.370 23.719 25.685 28.185 30.821 32.887 34.819 36.136 36.728 37.342 37.153 37.170 37.704 37.470 37.265 37.560 37.045 36.383 35.895 34.869 33.934 33.924 33.245 32.305 31.564 30.427 29.767 28.694 27.420 25.912 23.971 21.833 19.959 18.413 17.139 16.096 15.274 14.575 13.946 13.323
0.000 0.000 0.000 0.000 0.000 0.001 0.003 0.006 0.012 0.024 0.049 0.105 0.259 0.671 1.454 2.546 3.701 4.843 6.123 7.680 9.586 11.845 14.217 16.215 17.752 18.871 19.712 20.208 20.529 20.646 20.626 20.669 20.634 20.629 20.815 21.103 21.676 22.754 24.035 25.804 28.100 30.494 32.550 34.380 35.564 36.237 36.885 36.770 36.707 37.083 36.876 36.590 36.876 36.414 35.906 35.567 34.609 33.569 33.264 32.557 31.634 30.797 29.372 28.428 27.511 26.512 24.957 23.107 20.998 19.061 17.431 16.086 14.986 14.079 13.328 12.705 12.149
0.000 0.000 0.000 0.000 0.000 0.001 0.002 0.006 0.012 0.025 0.051 0.104 0.216 0.496 1.078 1.994 3.148 4.399 5.770 7.370 9.309 11.672 14.235 16.379 18.001 19.305 20.335 20.938 21.277 21.528 21.621 21.629 21.642 21.641 21.664 21.908 22.352 23.201 24.399 26.071 28.400 30.690 32.653 34.450 35.458 35.968 36.851 36.998 36.716 36.986 36.672 36.275 36.571 36.249 35.862 35.678 34.720 33.789 33.236 32.207 31.262 30.512 29.157 27.939 26.862 25.859 24.249 22.413 20.282 18.240 16.510 15.078 13.925 12.968 12.160 11.474 10.922
0.000 0.000 0.000 0.000 0.000 0.001 0.002 0.007 0.015 0.031 0.062 0.118 0.226 0.459 0.927 1.698 2.758 4.009 5.434 7.073 9.013 11.374 14.038 16.355 18.117 19.649 20.812 21.603 22.116 22.452 22.509 22.497 22.519 22.511 22.520 22.722 23.084 23.755 24.801 26.256 28.324 30.683 32.631 34.429 35.307 35.944 36.685 36.867 36.637 36.772 36.230 35.614 35.687 35.458 35.080 35.157 34.490 33.736 33.196 32.119 31.077 30.126 28.819 27.574 26.299 25.217 23.623 21.784 19.606 17.498 15.685 14.159 12.934 11.934 11.091 10.357 9.701
0.000 0.000 0.000 0.000 0.000 0.001 0.003 0.008 0.019 0.041 0.083 0.153 0.269 0.489 0.912 1.612 2.600 3.835 5.272 6.928 8.870 11.153 13.791 16.218 18.075 19.728 21.040 22.028 22.831 23.293 23.544 23.572 23.600 23.734 23.763 23.977 24.395 24.887 25.780 27.053 28.589 30.598 32.321 33.724 34.592 35.517 35.801 35.879 35.798 35.620 35.033 34.239 34.076 33.783 33.584 33.980 33.544 33.058 32.704 31.764 30.634 29.642 28.467 27.181 25.690 24.275 22.782 21.107 18.961 16.798 14.911 13.317 12.014 10.985 10.112 9.315 8.534
0.000 0.000 0.000 0.000 0.000 0.001 0.002 0.008 0.022 0.053 0.111 0.207 0.352 0.587 0.990 1.643 2.589 3.798 5.240 6.908 8.796 10.942 13.391 15.883 17.958 19.760 21.140 22.195 23.131 23.790 24.343 24.558 24.632 24.873 24.961 25.197 25.706 26.199 26.914 27.992 29.112 30.659 32.397 33.527 34.268 35.114 35.188 35.138 35.238 34.811 34.217 33.297 32.968 32.557 32.430 32.901 32.661 32.382 32.217 31.430 30.309 29.309 28.009 26.701 25.280 23.592 21.894 20.289 18.348 16.109 14.194 12.539 11.173 10.053 9.140 8.297 7.395
0.000 0.000 0.000 0.000 0.000 0.000 0.002 0.007 0.023 0.064 0.146 0.281 0.481 0.769 1.190 1.809 2.689 3.845 5.269 6.931 8.785 10.814 13.031 15.457 17.649 19.596 21.056 22.377 23.388 24.256 24.969 25.286 25.361 25.669 25.788 26.061 26.626 27.090 27.657 28.590 29.380 30.471 31.948 33.018 33.654 34.264 34.276 34.227 34.491 34.026 33.440 32.510 32.050 31.603 31.290 31.647 31.539 31.374 31.284 30.600 29.704 28.771 27.413 26.120 24.659 22.929 21.117 19.362 17.614 15.401 13.461 11.763 10.333 9.110 8.049 7.015 5.953
0.000 0.000 0.000 0.000 0.000 0.000 0.001 0.006 0.024 0.075 0.188 0.381 0.664 1.035 1.508 2.130 2.961 4.046 5.407 7.012 8.823 10.790 12.856 15.079 17.241 19.323 20.965 22.404 23.497 24.569 25.315 25.901 26.144 26.518 26.592 26.855 27.457 27.832 28.300 29.190 29.816 30.503 31.653 32.398 32.634 33.169 33.054 32.909 33.233 32.908 32.378 31.711 31.024 30.511 30.044 30.144 29.965 29.760 29.767 29.254 28.459 27.627 26.489 25.300 23.838 21.990 20.258 18.427 16.633 14.621 12.648 10.940 9.467 8.104 6.786 5.452 4.193
0.000 0.000 0.000 0.000 0.000 0.000 0.001 0.004 0.021 0.082 0.237 0.512 0.906 1.382 1.934 2.593 3.413 4.444 5.722 7.255 8.997 10.882 12.822 14.839 16.978 18.988 20.719 22.292 23.422 24.616 25.560 26.394 26.759 27.153 27.273 27.477 27.990 28.270 28.738 29.530 30.064 30.583 31.441 31.924 32.074 32.607 32.485 32.355 32.668 32.314 31.935 31.643 30.775 30.155 29.501 29.260 28.778 28.408 28.311 27.756 27.062 26.325 25.176 23.987 22.668 20.921 19.189 17.275 15.403 13.574 11.691 10.002 8.426 6.849 5.256 3.706 2.425
0.000 0.000 0.000 0.000 0.000 0.000 0.001 0.003 0.017 0.080 0.282 0.673 1.217 1.823 2.465 3.184 4.027 5.032 6.240 7.664 9.311 11.082 12.887 14.761 16.680 18.582 20.277 21.918 23.270 24.545 25.556 26.401 26.905 27.344 27.464 27.522 27.925 28.183 28.642 29.318 29.748 30.159 30.932 31.432 31.688 32.135 32.094 31.991 32.194 31.974 31.632 31.382 30.562 29.808 28.836 28.333 27.636 26.965 26.456 25.803 25.182 24.444 23.399 22.260 21.013 19.437 17.791 15.932 14.046 12.247 10.394 8.625 6.818 4.992 3.319 1.967 1.041
0.000 0.000 0.000 0.000 0.000 0.000 0.001 0.003 0.014 0.071 0.302 0.824 1.574 2.335 3.090 3.890 4.777 5.787 6.956 8.316 9.838 11.413 13.102 14.906 16.695 18.406 19.938 21.535 22.974 24.260 25.519 26.491 27.049 27.562 27.649 27.605 28.031 28.322 28.677 29.371 29.676 29.826 30.368 30.643 30.869 31.330 31.287 31.244 31.451 31.273 30.867 30.617 29.875 29.178 28.179 27.313 26.353 25.450 24.772 23.903 23.198 22.365 21.405 20.319 19.112 17.747 16.197 14.453 12.558 10.692 8.741 6.768 4.811 3.067 1.714 0.792 0.299
0.000 0.000 0.000 0.000 0.001 0.001 0.002 0.003 0.011 0.059 0.290 0.905 1.844 2.768 3.674 4.617 5.606 6.679 7.882 9.186 10.604 12.083 13.595 15.146 16.770 18.378 19.854 21.241 22.613 23.927 25.289 26.312 27.034 27.643 27.709 27.638 28.030 28.306 28.609 29.188 29.336 29.375 29.815 30.092 30.401 30.846 30.785 30.668 30.937 30.756 30.319 30.085 29.251 28.344 27.187 26.143 25.137 24.083 23.119 22.089 21.156 20.230 19.268 18.224 17.074 15.771 14.292 12.644 10.833 8.887 6.853 4.861 3.093 1.700 0.759 0.260 0.074
0.000 0.000 0.001 0.001 0.002 0.003 0.004 0.005 0.010 0.047 0.258 0.900 1.962 3.069 4.134 5.243 6.426 7.684 8.999 10.311 11.686 13.008 14.308 15.673 17.090 18.508 19.834 21.064 22.361 23.522 24.764 25.789 26.567 27.174 27.271 27.266 27.610 27.865 28.127 28.467 28.451 28.380 28.711 28.972 29.412 29.924 29.931 29.846 30.062 29.815 29.360 28.887 28.111 27.100 25.914 24.777 23.698 22.555 21.393 20.199 19.092 18.046 17.027 15.940 14.831 13.555 12.118 10.500 8.715 6.760 4.779 3.000 1.640 0.746 0.262 0.071 0.019
0.001 0.001 0.002 0.003 0.004 0.005 0.006 0.008 0.012 0.035 0.196 0.808 1.927 3.227 4.472 5.761 7.185 8.746 10.270 11.642 12.982 14.218 15.378 16.531 17.702 18.912 20.149 21.241 22.405 23.438 24.536 25.473 26.152 26.843 26.966 27.078 27.500 27.644 27.749 27.941 27.792 27.647 27.942 27.980 28.061 28.473 28.574 28.607 28.638 28.334 28.111 27.421 26.587 25.568 24.277 23.053 21.868 20.592 19.278 18.006 16.871 15.729 14.660 13.511 12.373 11.094 9.662 8.057 6.261 4.380 2.693 1.419 0.614 0.211 0.059 0.017 0.007
0.002 0.003 0.004 0.005 0.007 0.009 0.010 0.012 0.014 0.030 0.145 0.673 1.797 3.264 4.709 6.197 7.886 9.811 11.621 13.172 14.504 15.624 16.628 17.615 18.620 19.573 20.579 21.619 22.582 23.517 24.486 25.172 25.679 26.409 26.498 26.534 26.916 26.912 26.934 27.146 26.982 26.754 26.797 26.692 26.678 27.040 27.071 27.104 27.029 26.774 26.379 25.646 24.631 23.616 22.334 20.891 19.547 18.178 16.787 15.533 14.326 13.138 12.012 10.867 9.723 8.469 7.053 5.420 3.725 2.226 1.118 0.448 0.139 0.038 0.011 0.005 0.005
0.005 0.005 0.007 0.008 0.011 0.013 0.014 0.015 0.016 0.030 0.126 0.599 1.689 3.243 4.886 6.582 8.512 10.743 12.929 14.736 16.185 17.324 18.242 19.057 19.825 20.505 21.170 22.095 22.799 23.448 24.214 24.689 25.026 25.630 25.776 25.794 26.093 25.999 25.919 26.026 25.748 25.498 25.486 25.373 25.192 25.279 25.149 25.162 24.944 24.734 24.209 23.480 22.440 21.243 19.837 18.295 16.869 15.455 14.056 12.707 11.476 10.368 9.264 8.204 7.081 5.775 4.287 2.827 1.637 0.786 0.294 0.085 0.022 0.006 0.003 0.004 0.006
0.009 0.009 0.010 0.012 0.016 0.017 0.018 0.017 0.018 0.030 0.121 0.574 1.656 3.262 5.046 6.942 9.071 11.500 13.920 15.981 17.651 18.933 19.894 20.564 21.208 21.647 22.045 22.771 23.305 23.680 24.254 24.582 24.784 25.223 25.254 25.176 25.380 25.184 24.925 25.013 24.676 24.368 24.187 23.752 23.357 23.265 23.036 22.842 22.470 22.113 21.407 20.613 19.576 18.328 16.881 15.289 13.815 12.439 11.207 10.017 8.875 7.798 6.686 5.531 4.271 2.989 1.845 0.994 0.448 0.160 0.046 0.012 0.003 0.002 0.002 0.004 0.008
0.015 0.015 0.016 0.018 0.021 0.022 0.021 0.020 0.020 0.031 0.118 0.572 1.684 3.359 5.252 7.304 9.595 12.201 14.750 17.010 18.860 20.233 21.234 21.901 22.529 22.783 22.993 23.456 23.778 23.951 24.312 24.397 24.492 24.761 24.563 24.426 24.457 24.181 23.921 23.810 23.439 23.013 22.671 22.156 21.672 21.392 20.870 20.398 19.820 19.134 18.365 17.448 16.382 15.093 13.667 12.215 10.956 9.790 8.689 7.620 6.569 5.500 4.324 3.072 1.918 1.039 0.479 0.188 0.065 0.021 0.006 0.002 0.001 0.001 0.002 0.005 0.010
0.024 0.024 0.024 0.027 0.029 0.028 0.024 0.022 0.022 0.031 0.116 0.591 1.815 3.640 5.623 7.736 10.110 12.761 15.320 17.742 19.721 21.333 22.467 23.120 23.664 23.793 23.802 23.961 23.975 23.961 24.165 24.075 23.932 23.977 23.576 23.284 23.180 22.810 22.675 22.331 22.032 21.522 21.082 20.464 19.797 19.256 18.504 17.800 17.068 16.220 15.357 14.340 13.182 11.983 10.755 9.527 8.441 7.401 6.424 5.479 4.505 3.439 2.298 1.277 0.571 0.204 0.065 0.022 0.007 0.002 0.001 0.001 0.001 0.001 0.002 0.005 0.010
0.040 0.039 0.038 0.038 0.036 0.031 0.026 0.024 0.024 0.033 0.118 0.658 2.095 4.163 6.182 8.287 10.620 13.202 15.734 18.108 20.146 21.978 23.302 24.069 24.560 24.644 24.548 24.636 24.430 24.210 24.325 24.026 23.533 23.285 22.609 22.143 21.962 21.548 21.337 20.909 20.481 19.964 19.408 18.673 17.862 17.113 16.243 15.358 14.512 13.564 12.568 11.559 10.400 9.287 8.209 7.188 6.230 5.305 4.410 3.516 2.595 1.678 0.882 0.352 0.103 0.025 0.007 0.002 0.001 0.001 0.001 0.001 0.001 0.001 0.002 0.004 0.009
0.062 0.059 0.055 0.047 0.040 0.033 0.029 0.027 0.028 0.039 0.145 0.827 2.624 4.934 6.883 8.894 11.071 13.488 15.965 18.335 20.398 22.345 23.821 24.673 25.190 25.287 25.184 25.240 24.883 24.545 24.511 23.870 23.102 22.487 21.511 20.778 20.359 19.871 19.567 19.201 18.661 18.203 17.574 16.778 15.885 14.926 13.956 13.048 12.115 11.153 10.109 9.066 7.959 6.938 5.991 5.108 4.263 3.422 2.576 1.771 1.078 0.545 0.208 0.057 0.013 0.003 0.001 0.001 0.000 0.000 0.000 0.001 0.001 0.001 0.002 0.003 0.009
0.075 0.072 0.064 0.052 0.043 0.036 0.033 0.032 0.034 0.051 0.170 0.957 3.117 5.650 7.497 9.384 11.426 13.718 16.128 18.395 20.381 22.381 24.002 24.829 25.399 25.500 25.280 25.356 24.914 24.498 24.107 23.204 22.253 21.305 20.165 19.269 18.789 18.182 17.723 17.252 16.614 16.158 15.568 14.755 13.829 12.804 11.798 10.837 9.896 8.907 7.910 6.881 5.844 4.888 4.020 3.216 2.451 1.733 1.095 0.598 0.271 0.097 0.028 0.007 0.001 0.001 0.001 0.000 0.000 0.000 0.000 0.000 0.001 0.001 0.001 0.003 0.011
