RESULTS/r.avaflow_results/13_results/13_ascii/13_hflow30057.asc
ncols 506
nrows 317
xllcenter 498237.50
yllcenter 5580050.00
cellsize 12.50
NODATA_value -9999.000
[rows 204 to 237 of 317, columns 308 to 384 of 506]
0.092 0.104 0.116 0.128 0.141 0.164 0.208 0.270 0.329 0.365 0.377 0.375 0.359 0.328 0.305 0.303 0.319 0.374 0.492 0.663 0.777 0.821 0.827 0.821 0.803 0.788 0.786 0.807 0.875 0.933 0.941 0.908 0.823 0.695 0.546 0.417 0.314 0.238 0.197 0.186 0.193 0.230 0.312 0.434 0.533 0.574 0.577 0.556 0.505 0.444 0.406 0.391 0.387 0.389 0.392 0.398 0.405 0.408 0.402 0.394 0.395 0.402 0.427 0.487 0.599 0.779 1.050 1.386 1.662 1.820 1.887 1.899 1.854 1.754 1.621 1.481 1.348
0.145 0.158 0.163 0.155 0.146 0.149 0.163 0.197 0.254 0.308 0.335 0.340 0.331 0.309 0.299 0.304 0.334 0.402 0.523 0.679 0.783 0.827 0.834 0.829 0.812 0.795 0.792 0.811 0.879 0.943 0.954 0.924 0.839 0.709 0.567 0.455 0.368 0.303 0.258 0.239 0.239 0.260 0.315 0.375 0.403 0.406 0.387 0.348 0.296 0.253 0.231 0.227 0.228 0.233 0.236 0.238 0.242 0.250 0.266 0.288 0.304 0.314 0.325 0.346 0.388 0.467 0.604 0.824 1.084 1.299 1.455 1.565 1.631 1.646 1.600 1.533 1.472
0.227 0.228 0.210 0.171 0.141 0.127 0.123 0.131 0.159 0.207 0.246 0.262 0.264 0.261 0.265 0.285 0.326 0.396 0.503 0.624 0.709 0.756 0.772 0.773 0.761 0.744 0.740 0.754 0.812 0.880 0.900 0.880 0.812 0.698 0.567 0.469 0.401 0.354 0.325 0.310 0.305 0.312 0.337 0.356 0.349 0.321 0.276 0.227 0.185 0.156 0.142 0.138 0.138 0.141 0.144 0.147 0.150 0.160 0.181 0.215 0.242 0.256 0.264 0.271 0.284 0.313 0.370 0.471 0.615 0.768 0.912 1.060 1.228 1.388 1.483 1.513 1.504
0.287 0.273 0.231 0.173 0.132 0.107 0.096 0.095 0.101 0.122 0.147 0.164 0.174 0.185 0.202 0.232 0.278 0.336 0.403 0.468 0.523 0.573 0.608 0.620 0.617 0.606 0.601 0.607 0.643 0.703 0.737 0.741 0.713 0.647 0.554 0.471 0.416 0.385 0.371 0.368 0.375 0.386 0.388 0.375 0.344 0.290 0.225 0.173 0.136 0.112 0.100 0.095 0.094 0.095 0.097 0.101 0.106 0.115 0.134 0.169 0.201 0.218 0.225 0.229 0.232 0.240 0.258 0.296 0.362 0.449 0.549 0.659 0.799 1.007 1.242 1.402 1.476
0.308 0.282 0.230 0.166 0.119 0.090 0.076 0.071 0.071 0.076 0.087 0.097 0.107 0.118 0.132 0.155 0.184 0.210 0.232 0.253 0.280 0.318 0.356 0.380 0.390 0.392 0.392 0.395 0.411 0.444 0.479 0.512 0.536 0.541 0.511 0.462 0.420 0.398 0.393 0.397 0.416 0.439 0.444 0.425 0.368 0.287 0.212 0.157 0.121 0.097 0.084 0.078 0.076 0.076 0.078 0.081 0.086 0.095 0.112 0.143 0.175 0.193 0.201 0.204 0.205 0.205 0.206 0.214 0.237 0.277 0.336 0.411 0.510 0.656 0.893 1.161 1.355
0.297 0.263 0.203 0.142 0.099 0.072 0.058 0.053 0.051 0.052 0.055 0.061 0.067 0.075 0.084 0.094 0.103 0.109 0.116 0.124 0.136 0.156 0.181 0.203 0.220 0.233 0.243 0.251 0.260 0.274 0.293 0.320 0.358 0.406 0.436 0.434 0.416 0.400 0.397 0.404 0.429 0.461 0.472 0.461 0.406 0.309 0.218 0.158 0.120 0.096 0.082 0.074 0.071 0.071 0.072 0.075 0.080 0.088 0.103 0.129 0.160 0.179 0.188 0.192 0.192 0.191 0.184 0.176 0.177 0.190 0.219 0.265 0.330 0.421 0.566 0.805 1.089
0.242 0.197 0.142 0.098 0.070 0.053 0.044 0.040 0.038 0.038 0.039 0.041 0.045 0.050 0.055 0.058 0.060 0.061 0.063 0.066 0.072 0.082 0.096 0.113 0.130 0.147 0.162 0.172 0.180 0.188 0.198 0.215 0.245 0.299 0.359 0.390 0.397 0.393 0.393 0.402 0.428 0.463 0.481 0.478 0.443 0.358 0.253 0.178 0.131 0.103 0.086 0.077 0.073 0.073 0.073 0.076 0.081 0.088 0.101 0.125 0.153 0.172 0.183 0.187 0.188 0.187 0.179 0.162 0.151 0.150 0.160 0.184 0.219 0.271 0.353 0.495 0.730
0.143 0.108 0.079 0.059 0.046 0.038 0.033 0.030 0.029 0.029 0.029 0.030 0.032 0.035 0.038 0.039 0.039 0.040 0.041 0.042 0.045 0.051 0.060 0.072 0.086 0.102 0.119 0.132 0.140 0.147 0.154 0.166 0.188 0.231 0.296 0.342 0.364 0.372 0.378 0.390 0.417 0.454 0.483 0.494 0.481 0.430 0.337 0.240 0.174 0.133 0.108 0.094 0.087 0.085 0.084 0.085 0.088 0.093 0.105 0.125 0.150 0.170 0.182 0.188 0.190 0.189 0.181 0.162 0.143 0.134 0.132 0.139 0.154 0.179 0.223 0.302 0.443
0.074 0.058 0.046 0.038 0.032 0.028 0.025 0.024 0.023 0.023 0.023 0.023 0.024 0.026 0.027 0.028 0.029 0.029 0.030 0.031 0.034 0.038 0.045 0.054 0.065 0.079 0.096 0.110 0.120 0.128 0.135 0.145 0.163 0.194 0.246 0.293 0.322 0.338 0.352 0.368 0.394 0.434 0.482 0.528 0.552 0.543 0.491 0.392 0.290 0.219 0.173 0.146 0.132 0.125 0.120 0.116 0.114 0.115 0.120 0.133 0.152 0.171 0.188 0.200 0.205 0.205 0.198 0.177 0.150 0.131 0.120 0.114 0.116 0.125 0.146 0.187 0.267
0.043 0.037 0.031 0.027 0.024 0.021 0.020 0.019 0.018 0.018 0.018 0.018 0.019 0.020 0.021 0.022 0.022 0.023 0.024 0.026 0.028 0.032 0.037 0.044 0.054 0.066 0.081 0.097 0.109 0.119 0.127 0.137 0.150 0.172 0.205 0.242 0.273 0.297 0.318 0.340 0.372 0.423 0.499 0.611 0.722 0.774 0.772 0.703 0.567 0.428 0.338 0.285 0.254 0.234 0.217 0.201 0.183 0.168 0.160 0.161 0.169 0.185 0.211 0.239 0.253 0.256 0.249 0.224 0.182 0.144 0.119 0.103 0.095 0.095 0.102 0.121 0.162
0.030 0.026 0.023 0.021 0.019 0.017 0.016 0.015 0.015 0.014 0.014 0.015 0.015 0.015 0.016 0.017 0.018 0.019 0.020 0.022 0.024 0.028 0.032 0.039 0.047 0.057 0.070 0.087 0.103 0.115 0.123 0.131 0.140 0.152 0.170 0.192 0.217 0.244 0.274 0.307 0.353 0.425 0.551 0.773 1.035 1.189 1.236 1.204 1.064 0.848 0.684 0.586 0.526 0.480 0.437 0.392 0.341 0.282 0.242 0.224 0.221 0.232 0.265 0.320 0.361 0.373 0.366 0.334 0.268 0.187 0.133 0.102 0.085 0.076 0.076 0.083 0.101
0.022 0.020 0.018 0.017 0.015 0.013 0.012 0.012 0.011 0.011 0.011 0.011 0.011 0.012 0.012 0.013 0.014 0.015 0.017 0.019 0.021 0.025 0.029 0.035 0.042 0.051 0.063 0.079 0.098 0.111 0.120 0.125 0.129 0.133 0.140 0.150 0.164 0.185 0.217 0.263 0.328 0.427 0.608 0.935 1.332 1.577 1.666 1.656 1.551 1.341 1.146 1.021 0.932 0.854 0.777 0.695 0.598 0.479 0.386 0.338 0.324 0.328 0.355 0.413 0.480 0.523 0.535 0.511 0.428 0.291 0.177 0.116 0.083 0.066 0.060 0.060 0.066
0.018 0.017 0.015 0.013 0.012 0.011 0.010 0.009 0.009 0.008 0.008 0.008 0.009 0.009 0.009 0.010 0.011 0.012 0.014 0.016 0.019 0.022 0.027 0.033 0.039 0.048 0.058 0.074 0.093 0.107 0.114 0.116 0.115 0.114 0.114 0.117 0.124 0.136 0.161 0.207 0.283 0.406 0.619 0.995 1.463 1.762 1.881 1.886 1.807 1.630 1.434 1.296 1.189 1.092 0.996 0.896 0.786 0.651 0.530 0.457 0.425 0.418 0.427 0.461 0.525 0.596 0.634 0.637 0.588 0.446 0.262 0.148 0.091 0.062 0.049 0.044 0.045
0.015 0.014 0.012 0.011 0.009 0.008 0.007 0.007 0.006 0.006 0.006 0.006 0.006 0.006 0.007 0.007 0.008 0.010 0.011 0.014 0.017 0.020 0.025 0.030 0.037 0.046 0.056 0.070 0.088 0.099 0.104 0.104 0.103 0.098 0.095 0.095 0.097 0.105 0.121 0.154 0.220 0.348 0.580 0.977 1.472 1.794 1.927 1.937 1.875 1.728 1.541 1.394 1.276 1.171 1.069 0.966 0.858 0.734 0.610 0.522 0.474 0.456 0.455 0.473 0.525 0.605 0.663 0.685 0.669 0.570 0.372 0.201 0.109 0.064 0.043 0.034 0.032
0.013 0.011 0.010 0.009 0.007 0.006 0.005 0.005 0.004 0.004 0.004 0.004 0.004 0.004 0.004 0.005 0.006 0.007 0.009 0.011 0.014 0.018 0.022 0.028 0.035 0.044 0.055 0.069 0.084 0.093 0.096 0.095 0.093 0.088 0.084 0.082 0.083 0.086 0.096 0.118 0.166 0.269 0.483 0.867 1.372 1.712 1.858 1.876 1.830 1.710 1.542 1.390 1.265 1.159 1.061 0.963 0.863 0.754 0.638 0.546 0.489 0.463 0.459 0.469 0.506 0.579 0.653 0.687 0.687 0.628 0.465 0.262 0.135 0.071 0.042 0.028 0.023
0.010 0.009 0.008 0.007 0.005 0.004 0.004 0.003 0.002 0.002 0.002 0.002 0.002 0.002 0.003 0.003 0.004 0.005 0.007 0.009 0.012 0.015 0.020 0.025 0.033 0.042 0.054 0.068 0.081 0.088 0.090 0.089 0.086 0.082 0.078 0.077 0.077 0.078 0.084 0.098 0.131 0.203 0.359 0.667 1.120 1.450 1.606 1.643 1.625 1.553 1.432 1.287 1.152 1.050 0.972 0.899 0.825 0.741 0.640 0.548 0.487 0.457 0.449 0.450 0.470 0.521 0.601 0.656 0.670 0.639 0.519 0.317 0.164 0.083 0.043 0.026 0.018
0.008 0.007 0.006 0.005 0.004 0.003 0.002 0.002 0.001 0.001 0.001 0.001 0.001 0.001 0.001 0.002 0.003 0.004 0.005 0.007 0.009 0.012 0.017 0.022 0.030 0.040 0.052 0.067 0.078 0.084 0.085 0.084 0.081 0.078 0.076 0.076 0.075 0.076 0.080 0.091 0.114 0.161 0.259 0.452 0.761 1.019 1.162 1.222 1.236 1.215 1.147 1.026 0.894 0.809 0.767 0.743 0.720 0.683 0.619 0.537 0.475 0.443 0.434 0.436 0.448 0.475 0.528 0.593 0.624 0.617 0.537 0.356 0.186 0.093 0.046 0.024 0.015
0.006 0.005 0.004 0.003 0.003 0.002 0.001 0.001 0.000 0.000 0.000 0.000 0.000 0.000 0.001 0.001 0.002 0.002 0.003 0.005 0.007 0.010 0.014 0.019 0.026 0.036 0.048 0.063 0.074 0.079 0.079 0.078 0.076 0.075 0.075 0.075 0.076 0.078 0.082 0.091 0.108 0.137 0.193 0.302 0.479 0.640 0.734 0.780 0.792 0.779 0.728 0.630 0.535 0.489 0.481 0.501 0.543 0.570 0.556 0.510 0.458 0.434 0.430 0.434 0.443 0.456 0.483 0.530 0.566 0.572 0.524 0.371 0.197 0.098 0.048 0.024 0.012
0.004 0.003 0.003 0.002 0.001 0.001 0.001 0.000 0.000 0.000 0.000 0.000 0.000 0.000 0.000 0.000 0.001 0.001 0.002 0.003 0.005 0.007 0.010 0.015 0.021 0.030 0.041 0.055 0.065 0.070 0.072 0.072 0.071 0.070 0.071 0.073 0.076 0.081 0.087 0.096 0.107 0.124 0.154 0.211 0.308 0.407 0.465 0.490 0.494 0.480 0.433 0.355 0.300 0.281 0.284 0.307 0.361 0.426 0.459 0.459 0.438 0.427 0.430 0.437 0.443 0.449 0.460 0.486 0.509 0.515 0.484 0.361 0.197 0.098 0.047 0.022 0.011
0.003 0.002 0.001 0.001 0.001 0.000 0.000 0.000 0.000 0.000 0.000 0.000 0.000 0.000 0.000 0.000 0.000 0.001 0.001 0.002 0.003 0.005 0.008 0.011 0.015 0.022 0.030 0.041 0.050 0.056 0.059 0.060 0.061 0.062 0.064 0.068 0.074 0.082 0.090 0.098 0.105 0.114 0.130 0.160 0.215 0.277 0.313 0.325 0.325 0.312 0.275 0.219 0.188 0.181 0.184 0.202 0.243 0.308 0.364 0.395 0.408 0.415 0.427 0.438 0.442 0.443 0.445 0.451 0.455 0.448 0.413 0.313 0.178 0.091 0.043 0.019 0.009
0.002 0.001 0.001 0.000 0.000 0.000 0.000 0.000 0.000 0.000 0.000 0.000 0.000 0.000 0.000 0.000 0.000 0.000 0.000 0.001 0.002 0.003 0.005 0.008 0.011 0.015 0.021 0.028 0.034 0.038 0.042 0.044 0.047 0.049 0.052 0.058 0.067 0.079 0.089 0.095 0.100 0.103 0.111 0.129 0.164 0.205 0.229 0.237 0.236 0.227 0.201 0.166 0.148 0.142 0.144 0.154 0.180 0.228 0.286 0.332 0.365 0.394 0.418 0.432 0.436 0.435 0.429 0.419 0.401 0.368 0.311 0.220 0.127 0.067 0.032 0.014 0.006
0.001 0.000 0.000 0.000 0.000 0.000 0.000 0.000 0.000 0.000 0.000 0.000 0.000 0.000 0.000 0.000 0.000 0.000 0.000 0.000 0.001 0.002 0.003 0.005 0.007 0.010 0.014 0.019 0.023 0.026 0.028 0.030 0.032 0.034 0.037 0.043 0.053 0.066 0.078 0.084 0.087 0.089 0.093 0.106 0.132 0.163 0.180 0.187 0.189 0.185 0.172 0.153 0.140 0.134 0.134 0.139 0.154 0.184 0.228 0.275 0.318 0.359 0.393 0.413 0.418 0.417 0.408 0.385 0.344 0.279 0.204 0.131 0.075 0.040 0.019 0.009 0.004
0.000 0.000 0.000 0.000 0.000 0.000 0.000 0.000 0.000 0.000 0.000 0.000 0.000 0.000 0.000 0.000 0.000 0.000 0.000 0.000 0.000 0.001 0.002 0.003 0.005 0.007 0.009 0.012 0.015 0.017 0.019 0.020 0.021 0.023 0.025 0.029 0.035 0.045 0.055 0.061 0.065 0.069 0.075 0.086 0.109 0.133 0.148 0.156 0.161 0.165 0.164 0.155 0.145 0.139 0.137 0.139 0.148 0.166 0.193 0.227 0.265 0.305 0.342 0.366 0.376 0.376 0.368 0.338 0.276 0.195 0.127 0.077 0.044 0.023 0.011 0.005 0.002
0.000 0.000 0.000 0.000 0.000 0.000 0.000 0.000 0.000 0.000 0.000 0.000 0.000 0.000 0.000 0.000 0.000 0.000 0.000 0.000 0.000 0.000 0.001 0.002 0.003 0.004 0.006 0.008 0.010 0.011 0.012 0.013 0.014 0.015 0.017 0.019 0.022 0.027 0.033 0.039 0.043 0.049 0.056 0.068 0.087 0.108 0.122 0.132 0.141 0.152 0.164 0.172 0.169 0.164 0.157 0.153 0.154 0.162 0.174 0.191 0.211 0.235 0.263 0.286 0.299 0.302 0.295 0.264 0.200 0.128 0.078 0.046 0.025 0.013 0.006 0.003 0.001
0.000 0.000 0.000 0.000 0.000 0.000 0.000 0.000 0.000 0.000 0.000 0.000 0.000 0.000 0.000 0.000 0.000 0.000 0.000 0.000 0.000 0.000 0.000 0.001 0.001 0.002 0.003 0.005 0.006 0.007 0.007 0.008 0.009 0.010 0.011 0.012 0.014 0.017 0.021 0.025 0.029 0.034 0.040 0.050 0.065 0.083 0.098 0.111 0.123 0.139 0.168 0.203 0.219 0.219 0.211 0.195 0.179 0.171 0.167 0.165 0.167 0.173 0.185 0.197 0.203 0.203 0.198 0.176 0.131 0.081 0.048 0.027 0.015 0.007 0.004 0.002 0.000
0.000 0.000 0.000 0.000 0.000 0.000 0.000 0.000 0.000 0.000 0.000 0.000 0.000 0.000 0.000 0.000 0.000 0.000 0.000 0.000 0.000 0.000 0.000 0.000 0.000 0.001 0.002 0.002 0.003 0.004 0.004 0.005 0.005 0.006 0.007 0.008 0.009 0.011 0.013 0.016 0.019 0.023 0.028 0.035 0.046 0.059 0.073 0.088 0.104 0.126 0.164 0.222 0.264 0.279 0.277 0.260 0.230 0.198 0.169 0.148 0.135 0.130 0.132 0.134 0.133 0.130 0.123 0.108 0.080 0.049 0.029 0.016 0.008 0.004 0.002 0.001 0.000
0.000 0.000 0.000 0.000 0.000 0.000 0.000 0.000 0.000 0.000 0.000 0.000 0.000 0.000 0.000 0.000 0.000 0.000 0.000 0.000 0.000 0.000 0.000 0.000 0.000 0.000 0.001 0.001 0.001 0.002 0.002 0.002 0.003 0.003 0.004 0.005 0.005 0.007 0.008 0.010 0.012 0.015 0.019 0.024 0.031 0.039 0.050 0.063 0.080 0.105 0.149 0.220 0.279 0.306 0.310 0.300 0.272 0.230 0.179 0.139 0.113 0.101 0.096 0.092 0.087 0.082 0.074 0.063 0.046 0.028 0.016 0.009 0.005 0.002 0.001 0.000 0.000
0.000 0.000 0.000 0.000 0.000 0.000 0.000 0.000 0.000 0.000 0.000 0.000 0.000 0.000 0.000 0.000 0.000 0.000 0.000 0.000 0.000 0.000 0.000 0.000 0.000 0.000 0.000 0.000 0.000 0.001 0.001 0.001 0.001 0.002 0.002 0.002 0.003 0.004 0.005 0.006 0.008 0.010 0.013 0.016 0.020 0.026 0.033 0.041 0.054 0.076 0.119 0.195 0.268 0.305 0.314 0.309 0.286 0.245 0.186 0.133 0.099 0.080 0.070 0.063 0.057 0.050 0.043 0.035 0.025 0.015 0.009 0.005 0.002 0.001 0.000 0.000 0.000
0.000 0.000 0.000 0.000 0.000 0.000 0.000 0.000 0.000 0.000 0.000 0.000 0.000 0.000 0.000 0.000 0.000 0.000 0.000 0.000 0.000 0.000 0.000 0.000 0.000 0.000 0.000 0.000 0.000 0.000 0.000 0.000 0.000 0.001 0.001 0.001 0.001 0.002 0.003 0.004 0.005 0.006 0.008 0.010 0.013 0.017 0.021 0.027 0.035 0.049 0.078 0.136 0.211 0.261 0.284 0.288 0.276 0.241 0.184 0.125 0.086 0.063 0.050 0.042 0.036 0.030 0.024 0.019 0.013 0.008 0.004 0.002 0.001 0.000 0.000 0.000 0.000
0.000 0.000 0.000 0.000 0.000 0.000 0.000 0.000 0.000 0.000 0.000 0.000 0.000 0.000 0.000 0.000 0.000 0.000 0.000 0.000 0.000 0.000 0.000 0.000 0.000 0.000 0.000 0.000 0.000 0.000 0.000 0.000 0.000 0.000 0.000 0.000 0.000 0.001 0.001 0.002 0.003 0.004 0.005 0.006 0.008 0.011 0.014 0.017 0.022 0.030 0.045 0.073 0.119 0.165 0.197 0.213 0.215 0.199 0.157 0.105 0.068 0.046 0.034 0.026 0.021 0.017 0.013 0.009 0.006 0.004 0.002 0.001 0.000 0.000 0.000 0.000 0.000
0.000 0.000 0.000 0.000 0.000 0.000 0.000 0.000 0.000 0.000 0.000 0.000 0.000 0.000 0.000 0.000 0.000 0.000 0.000 0.000 0.000 0.000 0.000 0.000 0.000 0.000 0.000 0.000 0.000 0.000 0.000 0.000 0.000 0.000 0.000 0.000 0.000 0.000 0.000 0.001 0.001 0.002 0.003 0.004 0.005 0.007 0.009 0.011 0.014 0.019 0.026 0.038 0.057 0.081 0.101 0.113 0.117 0.115 0.099 0.069 0.044 0.029 0.021 0.015 0.012 0.009 0.007 0.005 0.003 0.002 0.001 0.000 0.000 0.000 0.000 0.000 0.000
0.000 0.000 0.000 0.000 0.000 0.000 0.000 0.000 0.000 0.000 0.000 0.000 0.000 0.000 0.000 0.000 0.000 0.000 0.000 0.000 0.000 0.000 0.000 0.000 0.000 0.000 0.000 0.000 0.000 0.000 0.000 0.000 0.000 0.000 0.000 0.000 0.000 0.000 0.000 0.000 0.000 0.001 0.001 0.002 0.003 0.004 0.005 0.007 0.009 0.012 0.016 0.021 0.029 0.040 0.049 0.054 0.056 0.055 0.050 0.038 0.025 0.017 0.012 0.009 0.006 0.005 0.003 0.002 0.001 0.001 0.000 0.000 0.000 0.000 0.000 0.000 0.000
0.000 0.000 0.000 0.000 0.000 0.000 0.000 0.000 0.000 0.000 0.000 0.000 0.000 0.000 0.000 0.000 0.000 0.000 0.000 0.000 0.000 0.000 0.000 0.000 0.000 0.000 0.000 0.000 0.000 0.000 0.000 0.000 0.000 0.000 0.000 0.000 0.000 0.000 0.000 0.000 0.000 0.000 0.000 0.001 0.001 0.002 0.003 0.004 0.006 0.008 0.010 0.013 0.017 0.022 0.025 0.027 0.028 0.027 0.025 0.021 0.014 0.009 0.006 0.005 0.003 0.002 0.001 0.001 0.000 0.000 0.000 0.000 0.000 0.000 0.000 0.000 0.000
0.000 0.000 0.000 0.000 0.000 0.000 0.000 0.000 0.000 0.000 0.000 0.000 0.000 0.000 0.000 0.000 0.000 0.000 0.000 0.000 0.000 0.000 0.000 0.000 0.000 0.000 0.000 0.000 0.000 0.000 0.000 0.000 0.000 0.000 0.000 0.000 0.000 0.000 0.000 0.000 0.000 0.000 0.000 0.000 0.001 0.001 0.002 0.002 0.003 0.004 0.006 0.008 0.010 0.012 0.014 0.014 0.014 0.014 0.013 0.011 0.008 0.005 0.003 0.002 0.001 0.001 0.000 0.000 0.000 0.000 0.000 0.000 0.000 0.000 0.000 0.000 0.000
