RESULTS/r.avaflow_results/13_results/13_ascii/13_hflow10002.asc
ncols 506
nrows 317
xllcenter 498237.50
yllcenter 5580050.00
cellsize 12.50
NODATA_value -9999.000
[rows 238 to 271 of 317, columns 77 to 153 of 506]
30.556 32.022 33.811 35.666 37.881 39.967 40.988 41.767 41.809 41.322 41.091 40.692 40.383 40.530 39.828 38.574 37.588 36.090 34.330 33.084 32.161 31.449 31.418 31.470 31.198 31.028 30.451 29.476 28.315 26.481 24.219 21.765 19.430 17.755 17.006 16.688 16.816 17.369 18.323 19.165 19.558 19.613 19.233 17.938 15.343 12.569 11.205 10.852 11.160 12.890 15.756 16.774 15.424 13.005 12.093 11.700 11.172 10.262 8.999 7.569 6.009 4.181 2.305 1.031 0.384 0.122 0.035 0.009 0.002 0.000 0.000 0.000 0.000 0.000 0.000 0.000 0.000
31.213 32.394 33.713 35.534 37.609 39.744 40.999 41.924 41.825 41.518 41.048 40.279 39.891 39.725 38.952 37.901 37.070 35.788 34.368 33.395 32.474 31.750 31.591 31.563 31.687 32.069 31.802 30.782 29.476 27.490 25.055 22.455 20.226 18.743 18.194 18.041 18.460 19.314 20.035 20.404 20.429 20.210 19.199 17.125 13.747 10.726 9.152 8.756 9.149 11.072 15.147 17.910 17.880 15.832 13.908 12.718 11.591 10.250 8.723 7.070 5.191 3.121 1.503 0.597 0.200 0.061 0.018 0.005 0.001 0.000 0.000 0.000 0.000 0.000 0.000 0.000 0.000
31.388 32.482 33.427 34.918 36.758 38.798 40.291 41.227 41.240 41.042 40.423 39.499 38.920 38.447 37.525 36.592 35.653 34.512 33.481 32.795 31.978 31.324 31.284 31.677 32.139 32.642 32.595 31.932 30.966 29.134 26.639 23.991 21.894 20.523 20.050 20.063 20.867 21.887 22.381 22.459 21.960 20.958 19.027 16.094 12.365 9.639 8.195 7.828 8.269 10.012 14.031 18.155 19.229 18.061 15.228 13.253 11.608 9.923 8.157 6.308 4.231 2.274 0.987 0.356 0.113 0.036 0.012 0.004 0.001 0.000 0.000 0.000 0.000 0.000 0.000 0.000 0.000
31.065 32.136 32.853 33.956 35.412 37.107 38.699 39.558 39.711 39.686 39.161 38.221 37.485 36.748 35.412 34.158 33.137 31.847 30.986 30.349 30.019 30.296 30.973 31.647 32.277 32.935 33.124 32.708 32.158 30.939 28.976 26.678 24.589 23.188 22.547 22.533 23.285 23.954 24.123 23.770 22.679 21.028 18.486 14.870 11.421 9.180 7.945 7.627 8.096 9.669 12.996 17.777 19.993 19.478 16.582 13.628 11.366 9.347 7.432 5.401 3.317 1.668 0.684 0.235 0.075 0.026 0.009 0.003 0.001 0.000 0.000 0.000 0.000 0.000 0.000 0.000 0.000
30.201 31.227 31.895 32.848 33.878 35.070 36.391 37.203 37.322 37.490 37.126 36.130 35.013 33.566 31.630 30.129 29.564 28.942 29.098 29.262 29.561 30.040 31.133 32.219 33.159 33.538 33.621 33.066 32.563 31.653 30.606 29.336 27.517 25.845 24.674 24.377 24.724 24.949 24.772 24.044 22.477 20.324 17.260 13.695 11.028 9.233 8.150 7.887 8.370 9.857 12.532 16.912 20.043 20.442 18.328 14.343 11.393 9.041 6.771 4.564 2.633 1.271 0.512 0.175 0.058 0.022 0.008 0.003 0.001 0.000 0.000 0.000 0.000 0.000 0.000 0.000 0.000
29.038 30.021 30.609 31.460 32.261 33.178 34.057 34.573 34.483 34.297 33.563 32.048 30.004 27.993 26.687 26.237 26.807 27.545 28.694 29.384 29.918 30.494 31.728 32.700 33.589 33.897 33.997 33.356 32.825 31.910 31.193 30.506 29.380 27.827 26.238 25.633 25.477 25.249 24.539 23.405 21.512 18.904 15.637 12.912 11.058 9.782 9.085 8.968 9.458 10.785 12.883 16.241 19.818 20.894 19.485 15.401 11.682 8.773 6.134 3.832 2.101 1.010 0.415 0.145 0.052 0.020 0.007 0.002 0.001 0.000 0.000 0.000 0.000 0.000 0.000 0.000 0.000
27.635 28.566 29.013 29.744 30.434 31.074 31.525 31.410 30.612 29.280 27.210 25.032 23.572 23.170 23.709 24.576 25.883 27.333 28.803 29.879 30.755 31.604 32.814 33.716 34.179 34.141 33.976 33.352 32.679 31.902 31.358 31.049 30.391 29.255 27.836 26.911 26.128 25.374 24.013 22.260 20.073 17.266 14.402 12.536 11.364 10.667 10.448 10.637 11.344 12.660 14.083 16.049 19.185 20.714 19.958 16.569 11.920 8.239 5.347 3.153 1.700 0.839 0.360 0.133 0.050 0.018 0.007 0.002 0.001 0.000 0.000 0.000 0.000 0.000 0.000 0.000 0.000
25.862 26.616 26.944 27.390 27.734 27.765 27.513 26.223 24.028 21.781 20.081 19.443 19.733 20.799 22.262 23.762 25.373 27.104 28.901 30.452 31.607 32.625 33.680 34.479 34.588 34.814 34.343 33.352 32.305 31.648 31.242 31.320 31.185 30.412 29.284 28.009 26.627 25.221 23.211 21.045 18.538 15.886 13.775 12.470 11.700 11.348 11.358 11.785 12.775 14.272 15.475 16.563 18.750 20.812 20.725 17.488 11.766 7.424 4.495 2.583 1.416 0.723 0.326 0.130 0.049 0.017 0.006 0.002 0.001 0.000 0.000 0.000 0.000 0.000 0.000 0.000 0.000
23.784 24.085 24.024 23.938 23.583 22.751 21.447 19.587 17.847 16.973 16.728 17.048 18.076 19.816 21.695 23.440 25.053 26.696 28.479 30.132 31.578 33.014 34.203 34.953 34.741 34.802 34.000 32.778 31.795 31.162 30.811 31.010 31.140 30.830 30.359 28.899 27.017 24.970 22.534 20.081 17.462 15.267 13.757 12.738 12.188 12.026 12.128 12.607 13.575 14.874 15.829 16.660 18.247 20.219 20.532 17.575 11.351 6.513 3.738 2.159 1.209 0.629 0.297 0.126 0.047 0.016 0.005 0.002 0.001 0.000 0.000 0.000 0.000 0.000 0.000 0.000 0.000
21.447 21.426 21.134 20.740 19.870 18.593 17.177 15.959 15.287 15.158 15.195 15.702 16.973 18.760 20.819 22.795 24.528 26.204 28.004 29.869 31.801 33.261 34.402 34.984 34.741 34.568 33.673 32.195 31.359 30.819 30.503 30.931 31.224 31.078 30.603 29.162 27.055 24.547 21.890 19.485 17.258 15.605 14.581 13.744 13.214 13.010 13.038 13.301 13.898 14.761 15.253 15.649 16.681 18.116 18.390 16.307 10.670 5.588 3.148 1.860 1.049 0.545 0.262 0.115 0.043 0.015 0.005 0.003 0.001 0.001 0.000 0.000 0.000 0.000 0.000 0.000 0.000
19.299 19.356 19.120 18.606 17.452 16.079 14.978 14.299 14.151 14.319 14.578 15.071 16.181 17.844 19.910 21.959 23.613 25.112 26.671 28.532 30.779 32.737 34.432 35.054 34.860 34.400 33.440 31.751 30.799 30.418 30.189 30.935 31.327 31.280 30.634 29.210 26.753 23.922 21.441 19.450 18.100 17.249 16.700 15.968 15.129 14.561 14.216 14.017 14.029 14.199 13.983 13.601 13.757 14.155 14.237 13.306 9.320 4.835 2.775 1.629 0.905 0.466 0.224 0.099 0.039 0.015 0.006 0.003 0.002 0.001 0.000 0.000 0.000 0.000 0.000 0.000 0.000
17.391 17.556 17.388 16.790 15.764 14.673 14.074 13.859 13.943 14.223 14.574 14.917 15.493 16.604 18.400 20.579 22.267 23.674 25.014 26.804 29.060 31.299 33.122 33.757 33.730 33.117 31.966 30.336 29.385 29.454 29.512 30.520 31.187 30.984 30.319 28.776 26.279 23.262 21.080 19.666 19.200 19.027 18.954 18.665 17.861 16.919 15.916 15.061 14.370 13.671 12.605 11.385 10.862 10.759 10.792 10.329 8.103 4.639 2.539 1.414 0.764 0.392 0.189 0.085 0.037 0.016 0.008 0.004 0.002 0.001 0.001 0.000 0.000 0.000 0.000 0.000 0.000
15.450 15.750 15.665 15.318 14.792 14.234 14.021 14.003 14.183 14.495 14.778 14.831 14.649 14.858 16.092 18.242 19.691 20.492 21.023 22.008 24.054 27.084 30.150 31.468 31.580 30.735 29.576 28.428 27.751 28.045 28.574 29.933 30.918 30.673 30.198 28.508 25.848 22.703 20.806 19.706 19.550 19.648 19.953 20.115 19.836 19.242 18.210 16.884 15.373 13.683 11.521 9.543 8.642 8.475 8.703 8.798 7.742 4.832 2.357 1.207 0.632 0.322 0.156 0.072 0.033 0.016 0.009 0.005 0.003 0.002 0.001 0.000 0.000 0.000 0.000 0.000 0.000
12.665 13.769 14.148 14.217 14.108 13.965 14.000 14.171 14.396 14.570 14.697 14.550 13.926 13.749 14.787 16.640 17.363 17.300 16.505 15.693 16.006 18.177 22.166 24.817 25.288 24.720 24.453 24.688 25.234 26.011 26.995 28.641 30.003 30.018 29.831 28.306 25.728 22.710 20.894 19.803 19.603 19.668 20.013 20.321 20.398 20.126 19.389 18.105 16.268 13.769 10.570 8.007 6.817 6.611 6.900 7.334 7.040 4.890 2.193 1.017 0.508 0.255 0.123 0.059 0.029 0.015 0.009 0.006 0.004 0.003 0.001 0.000 0.000 0.000 0.000 0.000 0.000
8.133 10.866 12.239 12.847 13.112 13.301 13.554 13.883 14.083 14.113 14.084 13.982 13.564 13.474 14.479 15.946 16.320 15.971 14.665 13.212 12.720 12.979 14.169 15.458 15.844 16.034 16.866 18.614 21.009 23.237 25.298 27.213 28.773 29.242 29.388 28.276 26.082 23.460 21.522 20.186 19.552 19.342 19.368 19.629 19.891 19.829 19.475 18.341 16.463 13.592 9.767 6.797 5.344 4.970 5.120 5.455 5.371 4.246 2.040 0.825 0.383 0.185 0.088 0.043 0.023 0.013 0.008 0.006 0.004 0.003 0.002 0.000 0.000 0.000 0.000 0.000 0.000
3.532 6.286 9.016 10.543 11.312 11.779 12.161 12.466 12.597 12.612 12.676 12.963 13.313 13.756 14.735 15.563 15.647 15.096 13.735 12.284 11.526 11.290 11.334 11.584 11.770 12.142 13.224 15.249 18.174 21.271 23.786 25.978 27.673 28.472 28.821 28.236 26.906 24.993 22.743 20.730 19.162 18.256 17.846 18.043 18.432 18.586 18.502 17.679 15.947 12.940 8.927 5.864 4.215 3.477 3.197 3.137 3.078 2.794 1.630 0.588 0.235 0.102 0.048 0.025 0.015 0.010 0.007 0.005 0.004 0.003 0.002 0.000 0.000 0.000 0.000 0.000 0.000
1.189 2.348 4.601 6.934 8.360 9.057 9.371 9.512 9.604 9.753 10.263 11.493 13.198 14.494 15.350 15.614 15.412 14.623 13.303 12.040 11.201 10.685 10.395 10.285 10.353 10.672 11.742 13.844 16.723 20.011 22.489 24.514 26.099 27.207 28.007 27.926 27.363 25.959 23.543 20.881 18.330 16.488 15.655 15.601 15.977 16.419 16.507 15.958 14.403 11.591 7.931 5.107 3.365 2.296 1.670 1.399 1.297 1.215 0.838 0.286 0.091 0.039 0.021 0.013 0.009 0.007 0.005 0.004 0.003 0.002 0.002 0.000 0.000 0.000 0.000 0.000 0.000
0.346 0.655 1.461 2.995 4.349 5.020 5.190 5.180 5.214 5.592 6.928 9.550 12.760 14.803 15.663 15.781 15.442 14.541 13.305 12.168 11.276 10.633 10.187 9.950 9.942 10.175 11.114 13.303 16.258 19.342 21.860 23.919 25.502 26.883 27.900 27.918 27.516 26.172 23.705 20.568 17.080 14.428 13.361 13.241 13.645 14.073 14.088 13.618 12.294 9.922 6.913 4.449 2.674 1.471 0.773 0.493 0.422 0.399 0.298 0.091 0.025 0.013 0.009 0.007 0.006 0.005 0.004 0.003 0.003 0.002 0.001 0.000 0.000 0.000 0.000 0.000 0.000
0.084 0.152 0.325 0.810 1.535 1.912 1.963 1.908 1.877 2.113 3.356 6.521 11.083 14.171 15.466 15.654 15.330 14.494 13.473 12.571 11.727 10.981 10.368 9.973 9.866 10.019 10.822 13.023 16.282 19.355 21.914 24.001 25.534 27.023 28.062 28.020 27.512 26.105 23.500 19.871 15.721 12.602 11.368 11.225 11.684 12.112 12.126 11.673 10.476 8.500 6.056 3.798 2.035 0.895 0.337 0.151 0.115 0.105 0.077 0.022 0.008 0.006 0.005 0.005 0.004 0.004 0.003 0.003 0.002 0.002 0.001 0.000 0.000 0.000 0.000 0.000 0.000
0.016 0.029 0.057 0.137 0.349 0.504 0.525 0.488 0.458 0.514 1.024 2.934 7.290 11.808 14.104 14.855 14.803 14.321 13.703 13.193 12.659 11.998 11.184 10.371 9.914 9.907 10.544 12.619 16.115 19.357 22.109 24.425 25.954 27.247 28.106 27.956 27.265 25.626 22.821 18.944 14.590 11.232 9.745 9.578 10.010 10.378 10.386 9.931 8.873 7.237 5.164 3.007 1.358 0.458 0.133 0.050 0.034 0.028 0.019 0.008 0.005 0.004 0.004 0.004 0.003 0.003 0.003 0.002 0.002 0.001 0.000 0.000 0.000 0.000 0.000 0.000 0.000
0.003 0.004 0.008 0.017 0.048 0.089 0.099 0.088 0.078 0.085 0.213 0.960 3.555 8.180 11.607 13.259 13.798 13.913 13.785 13.563 13.232 12.694 11.849 10.733 9.802 9.460 9.790 11.424 14.791 18.510 21.816 24.553 26.240 27.344 27.929 27.555 26.572 24.735 21.892 18.290 14.051 10.647 8.837 8.387 8.584 8.714 8.595 8.128 7.163 5.689 3.713 1.800 0.635 0.177 0.055 0.027 0.018 0.013 0.009 0.006 0.005 0.004 0.003 0.003 0.003 0.002 0.002 0.002 0.001 0.001 0.000 0.000 0.000 0.000 0.000 0.000 0.000
0.001 0.001 0.001 0.002 0.004 0.011 0.013 0.012 0.011 0.016 0.050 0.324 1.734 5.428 9.405 11.797 13.020 13.550 13.692 13.621 13.301 12.725 11.899 10.724 9.205 8.052 7.782 8.605 11.374 15.580 20.033 23.741 26.036 27.160 27.488 27.028 25.953 24.197 21.506 18.110 14.057 10.680 8.665 7.788 7.435 7.066 6.590 5.885 4.742 3.218 1.669 0.639 0.205 0.075 0.040 0.026 0.018 0.012 0.009 0.006 0.004 0.003 0.003 0.003 0.002 0.002 0.002 0.001 0.001 0.000 0.000 0.000 0.000 0.000 0.000 0.000 0.000
0.001 0.001 0.001 0.001 0.001 0.001 0.001 0.001 0.002 0.007 0.029 0.155 0.978 3.682 7.841 10.821 12.510 13.298 13.517 13.459 13.064 12.409 11.581 10.259 8.059 6.057 5.217 5.287 6.872 10.791 16.416 21.621 24.970 26.502 26.771 26.484 25.516 23.902 21.382 18.173 14.458 11.157 8.925 7.522 6.415 5.288 4.195 3.128 2.036 1.069 0.468 0.187 0.092 0.060 0.042 0.029 0.020 0.013 0.008 0.006 0.004 0.003 0.003 0.002 0.002 0.002 0.001 0.001 0.000 0.000 0.000 0.000 0.000 0.000 0.000 0.000 0.000
0.001 0.001 0.001 0.001 0.001 0.001 0.001 0.001 0.001 0.005 0.023 0.114 0.659 2.698 6.668 10.161 12.166 13.092 13.354 13.315 12.899 12.108 11.022 9.337 6.766 4.658 3.666 3.475 4.101 6.683 11.918 18.517 23.142 25.281 25.731 25.633 24.943 23.547 21.170 18.279 15.045 12.043 9.514 7.353 5.332 3.458 2.065 1.181 0.598 0.272 0.145 0.100 0.077 0.060 0.046 0.032 0.022 0.013 0.008 0.005 0.004 0.003 0.002 0.002 0.002 0.001 0.001 0.000 0.000 0.000 0.000 0.000 0.000 0.000 0.000 0.000 0.000
0.000 0.001 0.001 0.001 0.001 0.001 0.001 0.001 0.001 0.003 0.017 0.092 0.494 2.119 5.701 9.586 11.920 12.969 13.245 13.205 12.803 11.808 10.241 8.007 5.400 3.623 2.766 2.567 2.866 4.637 8.905 15.557 20.821 23.427 24.276 24.422 24.055 22.846 20.716 18.126 15.259 12.490 9.771 6.929 4.107 1.938 0.787 0.342 0.168 0.107 0.091 0.081 0.072 0.060 0.047 0.033 0.021 0.012 0.007 0.005 0.003 0.002 0.002 0.002 0.001 0.001 0.000 0.000 0.000 0.000 0.000 0.000 0.000 0.000 0.000 0.000 0.000
0.000 0.000 0.001 0.001 0.001 0.001 0.000 0.001 0.001 0.001 0.010 0.066 0.368 1.654 4.801 8.827 11.438 12.605 12.842 12.725 12.232 11.102 9.201 6.661 4.286 2.809 2.134 1.992 2.246 3.798 7.625 13.904 19.150 21.742 22.725 23.038 22.890 21.803 19.962 17.671 15.122 12.424 9.429 5.898 2.724 0.887 0.267 0.127 0.090 0.078 0.073 0.068 0.063 0.054 0.041 0.027 0.016 0.009 0.005 0.003 0.002 0.002 0.002 0.001 0.001 0.000 0.000 0.000 0.000 0.000 0.000 0.000 0.000 0.000 0.000 0.000 0.000
0.000 0.000 0.000 0.001 0.000 0.000 0.000 0.000 0.001 0.000 0.003 0.033 0.236 1.187 3.794 7.501 9.980 11.043 11.172 10.942 10.392 9.394 7.721 5.383 3.296 2.081 1.572 1.491 1.784 3.369 7.269 13.569 18.580 20.868 21.611 21.741 21.523 20.546 18.962 16.818 14.357 11.472 7.839 3.956 1.330 0.342 0.138 0.096 0.078 0.067 0.060 0.053 0.046 0.037 0.026 0.016 0.009 0.005 0.003 0.002 0.002 0.001 0.001 0.001 0.000 0.000 0.000 0.000 0.000 0.000 0.000 0.000 0.000 0.000 0.000 0.000 0.000
0.000 0.000 0.000 0.000 0.000 0.000 0.001 0.000 0.000 0.001 0.001 0.007 0.087 0.598 2.347 5.069 6.795 7.449 7.462 7.201 6.814 6.301 5.398 3.878 2.267 1.328 0.964 0.936 1.268 2.862 6.892 13.392 18.177 20.049 20.418 20.250 19.738 18.766 17.359 15.220 12.499 8.847 4.543 1.592 0.453 0.175 0.118 0.091 0.072 0.058 0.046 0.036 0.028 0.020 0.013 0.008 0.005 0.003 0.002 0.001 0.001 0.001 0.000 0.000 0.000 0.000 0.000 0.000 0.000 0.000 0.000 0.000 0.000 0.000 0.000 0.000 0.000
0.000 0.000 0.000 0.000 0.000 0.000 0.001 0.000 0.000 0.000 0.001 0.001 0.014 0.152 0.844 2.132 2.886 3.170 3.199 3.124 3.034 2.919 2.637 2.029 1.184 0.654 0.429 0.395 0.600 1.848 5.489 11.919 16.732 18.270 18.271 17.781 16.861 15.729 14.383 12.340 9.010 4.690 1.567 0.447 0.195 0.136 0.109 0.086 0.064 0.045 0.031 0.022 0.015 0.010 0.006 0.004 0.002 0.001 0.001 0.000 0.000 0.000 0.000 0.000 0.000 0.000 0.000 0.000 0.000 0.000 0.000 0.000 0.000 0.000 0.000 0.000 0.000
0.000 0.000 0.000 0.000 0.000 0.000 0.000 0.000 0.000 0.000 0.000 0.001 0.001 0.017 0.178 0.594 0.824 0.918 0.947 0.961 0.991 1.001 0.950 0.789 0.494 0.272 0.158 0.127 0.170 0.632 2.775 8.066 13.090 14.577 14.364 13.567 12.459 11.278 9.747 7.445 4.166 1.458 0.397 0.171 0.128 0.112 0.096 0.072 0.047 0.029 0.018 0.012 0.007 0.004 0.003 0.001 0.001 0.000 0.000 0.000 0.000 0.000 0.000 0.000 0.000 0.000 0.000 0.000 0.000 0.000 0.000 0.000 0.000 0.000 0.000 0.000 0.000
0.000 0.000 0.000 0.000 0.000 0.000 0.000 0.000 0.000 0.000 0.000 0.000 0.001 0.000 0.019 0.111 0.166 0.186 0.200 0.214 0.241 0.259 0.261 0.240 0.182 0.112 0.066 0.045 0.045 0.131 0.768 3.241 6.923 8.418 8.310 7.601 6.635 5.484 3.967 2.406 1.002 0.302 0.125 0.095 0.089 0.083 0.069 0.046 0.028 0.016 0.010 0.006 0.003 0.002 0.001 0.000 0.000 0.000 0.000 0.000 0.000 0.000 0.000 0.000 0.000 0.000 0.000 0.000 0.000 0.000 0.000 0.000 0.000 0.000 0.000 0.000 0.000
0.000 0.000 0.000 0.000 0.000 0.000 0.000 0.000 0.000 0.000 0.000 0.001 0.001 0.000 0.001 0.013 0.024 0.028 0.031 0.035 0.043 0.051 0.056 0.061 0.063 0.054 0.041 0.030 0.023 0.027 0.108 0.659 1.933 2.581 2.675 2.532 2.167 1.570 0.872 0.411 0.176 0.086 0.062 0.060 0.059 0.054 0.041 0.025 0.015 0.008 0.005 0.003 0.001 0.001 0.000 0.000 0.000 0.000 0.000 0.000 0.000 0.000 0.000 0.000 0.000 0.000 0.000 0.000 0.000 0.000 0.000 0.000 0.000 0.000 0.000 0.000 0.000
0.000 0.000 0.000 0.000 0.000 0.000 0.000 0.000 0.000 0.000 0.000 0.001 0.000 0.000 0.001 0.001 0.003 0.003 0.004 0.004 0.006 0.007 0.009 0.014 0.024 0.033 0.034 0.030 0.021 0.014 0.015 0.063 0.274 0.424 0.481 0.494 0.439 0.285 0.149 0.094 0.065 0.047 0.040 0.039 0.036 0.030 0.021 0.013 0.007 0.004 0.002 0.001 0.000 0.000 0.000 0.000 0.000 0.000 0.000 0.000 0.000 0.000 0.000 0.000 0.000 0.000 0.000 0.000 0.000 0.000 0.000 0.000 0.000 0.000 0.000 0.000 0.000
0.000 0.000 0.000 0.000 0.000 0.000 0.000 0.000 0.000 0.000 0.000 0.000 0.000 0.000 0.000 0.001 0.001 0.001 0.001 0.001 0.001 0.001 0.001 0.003 0.011 0.024 0.030 0.030 0.024 0.013 0.008 0.007 0.027 0.053 0.067 0.073 0.070 0.053 0.047 0.048 0.045 0.037 0.030 0.025 0.020 0.015 0.010 0.006 0.003 0.002 0.001 0.000 0.000 0.000 0.000 0.000 0.000 0.000 0.000 0.000 0.000 0.000 0.000 0.000 0.000 0.000 0.000 0.000 0.000 0.000 0.000 0.000 0.000 0.000 0.000 0.000 0.000
