RESULTS/r.avaflow_results/13_results/13_ascii/13_hflow10059.asc
ncols 506
nrows 317
xllcenter 498237.50
yllcenter 5580050.00
cellsize 12.50
NODATA_value -9999.000
[rows 170 to 203 of 317, columns 154 to 230 of 506]
14.254 12.701 11.240 9.893 8.702 7.625 6.675 5.826 5.088 4.431 3.854 3.343 2.886 2.482 2.119 1.796 1.509 1.255 1.032 0.838 0.671 0.528 0.408 0.310 0.231 0.172 0.132 0.109 0.096 0.091 0.088 0.088 0.088 0.088 0.088 0.088 0.089 0.090 0.089 0.085 0.077 0.071 0.066 0.062 0.058 0.052 0.043 0.035 0.027 0.020 0.015 0.011 0.008 0.007 0.006 0.005 0.005 0.005 0.005 0.005 0.005 0.005 0.005 0.005 0.005 0.005 0.006 0.007 0.010 0.017 0.026 0.031 0.032 0.030 0.024 0.015 0.009
15.390 13.818 12.295 10.882 9.609 8.450 7.408 6.491 5.679 4.961 4.329 3.768 3.265 2.814 2.411 2.049 1.728 1.443 1.191 0.970 0.776 0.610 0.469 0.353 0.261 0.190 0.142 0.112 0.098 0.094 0.094 0.096 0.098 0.098 0.097 0.095 0.093 0.092 0.089 0.084 0.076 0.068 0.063 0.058 0.052 0.044 0.033 0.022 0.014 0.009 0.006 0.005 0.004 0.004 0.004 0.004 0.004 0.004 0.004 0.004 0.004 0.004 0.004 0.004 0.004 0.004 0.004 0.005 0.007 0.012 0.020 0.026 0.029 0.029 0.027 0.021 0.013
16.291 14.700 13.136 11.683 10.332 9.119 8.023 7.050 6.185 5.418 4.744 4.134 3.592 3.104 2.666 2.271 1.920 1.609 1.334 1.093 0.882 0.698 0.539 0.406 0.297 0.214 0.154 0.116 0.098 0.093 0.094 0.097 0.099 0.099 0.098 0.095 0.092 0.089 0.085 0.077 0.066 0.057 0.049 0.042 0.034 0.025 0.016 0.009 0.006 0.004 0.003 0.003 0.002 0.002 0.002 0.003 0.003 0.004 0.004 0.004 0.004 0.003 0.003 0.003 0.003 0.003 0.003 0.003 0.005 0.008 0.014 0.021 0.026 0.028 0.028 0.026 0.020
16.930 15.312 13.726 12.262 10.886 9.654 8.528 7.519 6.617 5.813 5.098 4.451 3.874 3.357 2.890 2.463 2.085 1.750 1.455 1.196 0.970 0.774 0.605 0.461 0.342 0.246 0.173 0.125 0.098 0.089 0.089 0.092 0.094 0.094 0.093 0.089 0.084 0.080 0.073 0.062 0.047 0.035 0.026 0.020 0.014 0.010 0.006 0.004 0.002 0.002 0.002 0.002 0.002 0.002 0.002 0.002 0.003 0.003 0.003 0.003 0.003 0.003 0.003 0.002 0.002 0.002 0.002 0.003 0.003 0.005 0.009 0.015 0.023 0.027 0.028 0.028 0.025
17.240 15.639 14.097 12.661 11.305 10.070 8.938 7.925 6.992 6.164 5.399 4.728 4.117 3.570 3.080 2.631 2.228 1.871 1.557 1.281 1.043 0.835 0.657 0.506 0.381 0.279 0.199 0.141 0.104 0.086 0.080 0.080 0.081 0.082 0.080 0.075 0.068 0.061 0.051 0.037 0.023 0.015 0.010 0.007 0.005 0.004 0.002 0.002 0.001 0.001 0.001 0.001 0.001 0.001 0.002 0.002 0.003 0.003 0.003 0.003 0.003 0.003 0.002 0.002 0.002 0.002 0.002 0.002 0.003 0.003 0.005 0.010 0.017 0.025 0.027 0.028 0.026
17.358 15.816 14.307 12.888 11.575 10.370 9.254 8.241 7.295 6.434 5.647 4.947 4.309 3.737 3.225 2.757 2.338 1.965 1.634 1.345 1.096 0.880 0.695 0.538 0.409 0.304 0.222 0.159 0.115 0.088 0.074 0.067 0.064 0.061 0.055 0.048 0.041 0.034 0.025 0.017 0.010 0.006 0.004 0.003 0.002 0.002 0.001 0.001 0.001 0.001 0.001 0.001 0.001 0.001 0.002 0.002 0.003 0.003 0.003 0.003 0.003 0.003 0.002 0.002 0.002 0.002 0.002 0.002 0.002 0.003 0.004 0.006 0.012 0.020 0.025 0.027 0.026
17.375 15.848 14.382 13.027 11.768 10.571 9.473 8.449 7.523 6.647 5.846 5.115 4.457 3.864 3.327 2.845 2.415 2.028 1.685 1.386 1.129 0.907 0.718 0.557 0.425 0.319 0.235 0.172 0.125 0.092 0.071 0.057 0.046 0.036 0.028 0.022 0.018 0.014 0.011 0.007 0.004 0.003 0.002 0.002 0.001 0.001 0.001 0.001 0.001 0.001 0.001 0.001 0.001 0.002 0.002 0.002 0.003 0.003 0.003 0.003 0.003 0.003 0.002 0.002 0.002 0.002 0.002 0.002 0.002 0.002 0.003 0.004 0.008 0.014 0.021 0.024 0.025
17.339 15.842 14.404 13.065 11.857 10.699 9.622 8.599 7.672 6.800 5.991 5.242 4.562 3.955 3.396 2.899 2.455 2.057 1.708 1.402 1.142 0.918 0.727 0.566 0.432 0.324 0.241 0.177 0.128 0.093 0.066 0.046 0.030 0.019 0.012 0.009 0.007 0.006 0.004 0.003 0.002 0.002 0.001 0.001 0.001 0.001 0.001 0.001 0.001 0.001 0.001 0.001 0.001 0.002 0.002 0.003 0.003 0.003 0.003 0.003 0.003 0.003 0.002 0.002 0.002 0.002 0.002 0.002 0.002 0.002 0.002 0.003 0.005 0.009 0.015 0.020 0.022
17.253 15.794 14.385 13.075 11.890 10.774 9.731 8.724 7.802 6.938 6.113 5.359 4.657 4.025 3.446 2.926 2.467 2.061 1.709 1.403 1.141 0.918 0.729 0.567 0.433 0.325 0.240 0.175 0.126 0.087 0.056 0.032 0.016 0.009 0.005 0.004 0.003 0.002 0.002 0.002 0.001 0.001 0.001 0.001 0.001 0.001 0.001 0.001 0.001 0.001 0.001 0.001 0.002 0.002 0.003 0.003 0.003 0.003 0.003 0.003 0.003 0.003 0.003 0.002 0.002 0.002 0.002 0.002 0.002 0.002 0.002 0.003 0.004 0.006 0.010 0.015 0.019
16.985 15.616 14.285 13.028 11.873 10.797 9.799 8.830 7.916 7.059 6.235 5.469 4.748 4.088 3.488 2.949 2.475 2.061 1.701 1.393 1.131 0.911 0.723 0.563 0.428 0.318 0.230 0.159 0.105 0.064 0.034 0.016 0.007 0.004 0.002 0.002 0.001 0.001 0.001 0.001 0.001 0.001 0.001 0.001 0.001 0.001 0.001 0.001 0.001 0.001 0.001 0.002 0.002 0.003 0.003 0.004 0.004 0.004 0.004 0.004 0.004 0.003 0.003 0.003 0.002 0.002 0.002 0.002 0.002 0.002 0.002 0.003 0.003 0.005 0.007 0.011 0.014
16.615 15.329 14.079 12.910 11.814 10.798 9.845 8.927 8.045 7.190 6.368 5.599 4.857 4.169 3.539 2.978 2.483 2.054 1.684 1.371 1.107 0.887 0.701 0.543 0.408 0.294 0.196 0.116 0.060 0.028 0.013 0.006 0.003 0.002 0.001 0.001 0.001 0.001 0.001 0.001 0.001 0.001 0.001 0.001 0.001 0.001 0.001 0.001 0.001 0.001 0.002 0.002 0.003 0.004 0.005 0.005 0.005 0.005 0.005 0.005 0.004 0.004 0.004 0.003 0.003 0.002 0.002 0.002 0.002 0.002 0.002 0.003 0.003 0.004 0.006 0.008 0.011
16.069 14.885 13.743 12.667 11.661 10.731 9.861 9.026 8.181 7.351 6.518 5.718 4.955 4.242 3.594 3.012 2.496 2.047 1.662 1.336 1.062 0.832 0.640 0.482 0.348 0.228 0.126 0.055 0.021 0.009 0.004 0.002 0.002 0.001 0.001 0.001 0.001 0.001 0.001 0.001 0.001 0.001 0.001 0.001 0.001 0.001 0.001 0.001 0.001 0.002 0.002 0.003 0.005 0.006 0.006 0.007 0.007 0.007 0.006 0.006 0.006 0.005 0.004 0.004 0.003 0.003 0.002 0.002 0.002 0.002 0.002 0.003 0.003 0.004 0.005 0.007 0.009
15.378 14.303 13.275 12.340 11.468 10.643 9.854 9.084 8.309 7.492 6.629 5.781 5.000 4.278 3.623 3.028 2.501 2.032 1.623 1.269 0.957 0.686 0.470 0.311 0.195 0.106 0.045 0.016 0.006 0.003 0.002 0.001 0.001 0.001 0.001 0.001 0.001 0.001 0.001 0.001 0.001 0.001 0.001 0.001 0.001 0.001 0.001 0.001 0.002 0.002 0.003 0.005 0.007 0.009 0.009 0.009 0.009 0.009 0.009 0.008 0.007 0.007 0.006 0.005 0.004 0.003 0.003 0.003 0.002 0.002 0.002 0.003 0.003 0.004 0.005 0.007 0.009
14.608 13.594 12.691 11.880 11.144 10.451 9.801 9.109 8.373 7.565 6.679 5.796 5.007 4.285 3.629 3.021 2.462 1.943 1.467 1.037 0.659 0.365 0.189 0.100 0.053 0.025 0.010 0.004 0.002 0.001 0.001 0.001 0.001 0.001 0.001 0.001 0.001 0.001 0.001 0.001 0.001 0.001 0.001 0.001 0.001 0.001 0.001 0.002 0.002 0.003 0.006 0.009 0.012 0.014 0.015 0.015 0.015 0.014 0.012 0.011 0.010 0.009 0.007 0.006 0.005 0.004 0.004 0.003 0.003 0.003 0.003 0.003 0.004 0.005 0.006 0.007 0.009
13.811 12.836 11.989 11.260 10.665 10.115 9.605 9.010 8.340 7.560 6.677 5.768 4.929 4.179 3.484 2.816 2.161 1.533 0.963 0.508 0.228 0.094 0.040 0.020 0.010 0.005 0.003 0.002 0.001 0.001 0.001 0.001 0.001 0.001 0.001 0.001 0.001 0.001 0.001 0.001 0.001 0.001 0.001 0.001 0.001 0.001 0.002 0.002 0.004 0.007 0.013 0.019 0.024 0.027 0.028 0.028 0.025 0.022 0.019 0.017 0.014 0.012 0.010 0.008 0.007 0.006 0.005 0.004 0.004 0.004 0.004 0.004 0.005 0.006 0.008 0.010 0.012
13.018 12.053 11.184 10.444 9.843 9.330 8.894 8.403 7.860 7.186 6.358 5.422 4.436 3.537 2.741 1.996 1.285 0.696 0.310 0.117 0.040 0.016 0.008 0.004 0.003 0.002 0.001 0.001 0.001 0.001 0.001 0.001 0.001 0.001 0.001 0.001 0.001 0.001 0.001 0.001 0.001 0.001 0.001 0.001 0.002 0.002 0.003 0.005 0.010 0.019 0.034 0.047 0.056 0.059 0.057 0.051 0.043 0.036 0.031 0.026 0.022 0.018 0.015 0.012 0.010 0.008 0.007 0.006 0.006 0.006 0.006 0.006 0.007 0.009 0.011 0.015 0.020
12.208 11.199 10.222 9.327 8.524 7.842 7.292 6.784 6.276 5.693 4.967 4.051 2.927 1.924 1.197 0.706 0.369 0.155 0.052 0.017 0.007 0.004 0.002 0.002 0.001 0.001 0.001 0.001 0.001 0.001 0.001 0.001 0.001 0.001 0.001 0.001 0.001 0.001 0.001 0.001 0.002 0.002 0.002 0.002 0.003 0.005 0.008 0.016 0.032 0.061 0.093 0.114 0.123 0.121 0.108 0.090 0.073 0.062 0.053 0.045 0.038 0.030 0.023 0.018 0.015 0.012 0.010 0.008 0.008 0.007 0.007 0.008 0.009 0.012 0.016 0.022 0.030
11.203 10.041 8.939 7.855 6.728 5.656 4.752 4.000 3.363 2.785 2.209 1.599 0.978 0.525 0.267 0.134 0.061 0.024 0.009 0.004 0.002 0.002 0.002 0.001 0.001 0.001 0.001 0.001 0.001 0.001 0.001 0.001 0.001 0.001 0.001 0.002 0.002 0.002 0.002 0.002 0.003 0.004 0.005 0.006 0.009 0.014 0.027 0.056 0.106 0.165 0.210 0.229 0.220 0.189 0.157 0.131 0.112 0.098 0.086 0.074 0.060 0.047 0.036 0.028 0.021 0.016 0.013 0.010 0.009 0.008 0.008 0.009 0.010 0.014 0.019 0.027 0.035
9.858 8.589 7.369 6.152 4.874 3.647 2.587 1.770 1.203 0.817 0.545 0.334 0.181 0.091 0.046 0.023 0.011 0.006 0.003 0.002 0.002 0.002 0.001 0.001 0.001 0.001 0.001 0.001 0.001 0.001 0.002 0.002 0.002 0.002 0.002 0.003 0.003 0.004 0.005 0.007 0.008 0.011 0.015 0.021 0.031 0.052 0.101 0.186 0.277 0.343 0.366 0.336 0.278 0.223 0.183 0.157 0.139 0.124 0.109 0.093 0.074 0.057 0.044 0.033 0.025 0.018 0.014 0.011 0.009 0.008 0.008 0.009 0.010 0.014 0.020 0.028 0.037
8.219 6.922 5.647 4.376 3.137 2.055 1.212 0.656 0.347 0.191 0.108 0.061 0.033 0.018 0.010 0.006 0.004 0.003 0.002 0.002 0.002 0.002 0.001 0.001 0.001 0.002 0.002 0.002 0.002 0.002 0.003 0.003 0.004 0.005 0.006 0.008 0.010 0.013 0.017 0.023 0.030 0.040 0.056 0.079 0.117 0.189 0.320 0.451 0.518 0.522 0.467 0.378 0.297 0.238 0.197 0.170 0.151 0.134 0.118 0.099 0.078 0.061 0.046 0.035 0.026 0.019 0.014 0.011 0.009 0.008 0.008 0.008 0.010 0.014 0.020 0.028 0.037
6.309 4.921 3.602 2.452 1.529 0.852 0.418 0.188 0.086 0.044 0.026 0.017 0.011 0.008 0.005 0.004 0.003 0.002 0.002 0.002 0.002 0.002 0.002 0.002 0.002 0.002 0.003 0.003 0.004 0.006 0.007 0.009 0.012 0.016 0.021 0.027 0.035 0.048 0.065 0.086 0.113 0.151 0.202 0.266 0.360 0.500 0.643 0.708 0.692 0.614 0.496 0.385 0.304 0.246 0.204 0.175 0.154 0.135 0.118 0.099 0.079 0.061 0.047 0.035 0.026 0.019 0.014 0.011 0.009 0.008 0.007 0.007 0.009 0.012 0.018 0.026 0.035
3.853 2.578 1.619 0.939 0.485 0.222 0.097 0.045 0.024 0.016 0.012 0.010 0.008 0.006 0.005 0.004 0.003 0.003 0.002 0.002 0.002 0.002 0.002 0.003 0.003 0.005 0.007 0.010 0.013 0.019 0.025 0.034 0.045 0.059 0.075 0.097 0.132 0.180 0.234 0.293 0.361 0.443 0.529 0.614 0.700 0.787 0.836 0.826 0.756 0.635 0.497 0.388 0.307 0.249 0.208 0.178 0.154 0.135 0.117 0.098 0.079 0.061 0.046 0.035 0.025 0.018 0.013 0.010 0.008 0.006 0.005 0.005 0.006 0.007 0.012 0.019 0.029
1.570 0.892 0.464 0.219 0.097 0.045 0.025 0.017 0.013 0.012 0.011 0.010 0.009 0.007 0.005 0.004 0.003 0.003 0.003 0.002 0.003 0.003 0.004 0.006 0.009 0.015 0.023 0.035 0.050 0.070 0.095 0.126 0.165 0.209 0.261 0.332 0.429 0.536 0.637 0.718 0.774 0.805 0.828 0.849 0.874 0.895 0.890 0.849 0.762 0.637 0.498 0.388 0.307 0.249 0.209 0.178 0.153 0.131 0.109 0.089 0.071 0.054 0.040 0.030 0.022 0.016 0.011 0.008 0.005 0.004 0.003 0.003 0.003 0.003 0.005 0.009 0.017
0.391 0.186 0.087 0.042 0.024 0.017 0.015 0.014 0.013 0.013 0.013 0.012 0.011 0.009 0.006 0.005 0.004 0.004 0.003 0.004 0.004 0.007 0.011 0.019 0.033 0.055 0.088 0.134 0.192 0.260 0.339 0.430 0.528 0.630 0.739 0.869 1.004 1.093 1.122 1.094 1.035 0.974 0.933 0.914 0.908 0.905 0.891 0.846 0.762 0.639 0.499 0.387 0.305 0.246 0.204 0.171 0.141 0.111 0.084 0.062 0.045 0.033 0.024 0.018 0.013 0.010 0.007 0.005 0.003 0.002 0.002 0.002 0.001 0.002 0.002 0.003 0.006
0.069 0.034 0.020 0.015 0.015 0.015 0.017 0.018 0.018 0.019 0.019 0.018 0.016 0.012 0.009 0.007 0.006 0.006 0.006 0.007 0.012 0.021 0.040 0.074 0.127 0.210 0.332 0.484 0.642 0.799 0.960 1.122 1.265 1.383 1.470 1.524 1.530 1.476 1.371 1.235 1.102 1.001 0.940 0.912 0.901 0.893 0.875 0.830 0.746 0.622 0.481 0.369 0.285 0.224 0.177 0.138 0.102 0.069 0.044 0.028 0.019 0.014 0.011 0.009 0.007 0.005 0.004 0.003 0.002 0.001 0.001 0.001 0.001 0.001 0.001 0.001 0.002
0.014 0.010 0.011 0.013 0.016 0.021 0.026 0.030 0.032 0.032 0.032 0.030 0.025 0.019 0.015 0.013 0.012 0.013 0.015 0.022 0.040 0.079 0.155 0.278 0.458 0.707 1.023 1.332 1.575 1.754 1.874 1.946 1.978 1.980 1.949 1.882 1.768 1.613 1.427 1.249 1.101 0.992 0.920 0.880 0.851 0.818 0.775 0.711 0.618 0.497 0.378 0.285 0.213 0.158 0.114 0.077 0.048 0.028 0.017 0.011 0.008 0.006 0.005 0.004 0.004 0.003 0.002 0.002 0.001 0.001 0.001 0.001 0.001 0.001 0.001 0.001 0.001
0.006 0.008 0.011 0.016 0.024 0.035 0.046 0.053 0.056 0.057 0.055 0.050 0.041 0.034 0.030 0.029 0.030 0.035 0.048 0.079 0.153 0.297 0.533 0.861 1.271 1.719 2.124 2.381 2.484 2.498 2.451 2.376 2.296 2.212 2.109 1.981 1.821 1.631 1.427 1.245 1.091 0.963 0.859 0.771 0.689 0.603 0.512 0.424 0.333 0.247 0.182 0.135 0.099 0.071 0.048 0.030 0.017 0.010 0.006 0.004 0.003 0.003 0.003 0.002 0.002 0.002 0.001 0.001 0.001 0.001 0.001 0.001 0.001 0.001 0.001 0.001 0.001
0.006 0.009 0.015 0.026 0.042 0.061 0.077 0.088 0.093 0.093 0.090 0.083 0.072 0.066 0.065 0.069 0.081 0.108 0.165 0.286 0.517 0.885 1.365 1.876 2.335 2.670 2.868 2.939 2.911 2.819 2.677 2.514 2.375 2.250 2.126 1.991 1.829 1.634 1.422 1.223 1.042 0.869 0.702 0.543 0.404 0.296 0.217 0.160 0.116 0.085 0.063 0.047 0.035 0.025 0.017 0.010 0.006 0.003 0.002 0.002 0.002 0.001 0.001 0.001 0.001 0.001 0.001 0.001 0.001 0.000 0.000 0.000 0.000 0.000 0.000 0.001 0.001
0.007 0.013 0.025 0.043 0.069 0.098 0.120 0.136 0.144 0.147 0.145 0.139 0.134 0.134 0.144 0.170 0.220 0.314 0.489 0.798 1.256 1.769 2.240 2.629 2.927 3.096 3.142 3.121 3.055 2.939 2.765 2.556 2.388 2.254 2.129 1.997 1.832 1.624 1.380 1.121 0.876 0.642 0.432 0.275 0.175 0.112 0.075 0.053 0.038 0.029 0.022 0.017 0.012 0.009 0.006 0.003 0.002 0.001 0.001 0.001 0.001 0.001 0.001 0.001 0.001 0.001 0.000 0.000 0.000 0.000 0.000 0.000 0.000 0.000 0.000 0.000 0.000
0.009 0.020 0.038 0.067 0.107 0.145 0.176 0.200 0.217 0.226 0.232 0.236 0.242 0.258 0.295 0.368 0.495 0.706 1.026 1.453 1.919 2.324 2.651 2.917 3.104 3.190 3.201 3.182 3.123 3.001 2.807 2.569 2.379 2.234 2.102 1.953 1.760 1.505 1.195 0.862 0.569 0.347 0.202 0.116 0.069 0.043 0.029 0.020 0.015 0.011 0.009 0.007 0.005 0.003 0.002 0.001 0.001 0.000 0.000 0.000 0.000 0.000 0.000 0.000 0.000 0.000 0.000 0.000 0.000 0.000 0.000 0.000 0.000 0.000 0.000 0.000 0.000
0.012 0.027 0.058 0.105 0.162 0.212 0.255 0.290 0.316 0.336 0.354 0.374 0.399 0.435 0.496 0.603 0.788 1.061 1.410 1.819 2.194 2.498 2.755 2.971 3.128 3.212 3.237 3.229 3.167 3.029 2.815 2.555 2.309 2.089 1.880 1.660 1.409 1.104 0.770 0.477 0.274 0.152 0.084 0.048 0.030 0.020 0.014 0.010 0.007 0.006 0.004 0.003 0.002 0.001 0.001 0.000 0.000 0.000 0.000 0.000 0.000 0.000 0.000 0.000 0.000 0.000 0.000 0.000 0.000 0.000 0.000 0.000 0.000 0.000 0.000 0.000 0.000
0.016 0.043 0.096 0.174 0.248 0.308 0.356 0.393 0.419 0.443 0.467 0.494 0.527 0.569 0.634 0.748 0.948 1.230 1.569 1.938 2.255 2.529 2.768 2.972 3.129 3.223 3.255 3.246 3.176 3.023 2.778 2.458 2.094 1.710 1.347 1.022 0.747 0.511 0.325 0.193 0.110 0.062 0.036 0.022 0.015 0.011 0.008 0.006 0.004 0.003 0.002 0.001 0.001 0.001 0.000 0.000 0.000 0.000 0.000 0.000 0.000 0.000 0.000 0.000 0.000 0.000 0.000 0.000 0.000 0.000 0.000 0.000 0.000 0.000 0.000 0.000 0.000
0.028 0.079 0.176 0.284 0.358 0.406 0.443 0.473 0.499 0.522 0.547 0.572 0.604 0.646 0.708 0.817 1.006 1.279 1.616 1.966 2.269 2.536 2.761 2.939 3.059 3.113 3.103 3.051 2.948 2.766 2.489 2.115 1.634 1.104 0.693 0.434 0.273 0.173 0.110 0.068 0.042 0.026 0.017 0.012 0.009 0.007 0.005 0.004 0.003 0.002 0.001 0.001 0.000 0.000 0.000 0.000 0.000 0.000 0.000 0.000 0.000 0.000 0.000 0.000 0.000 0.000 0.000 0.000 0.000 0.000 0.000 0.000 0.000 0.000 0.000 0.000 0.000
0.058 0.150 0.286 0.389 0.444 0.478 0.507 0.533 0.556 0.576 0.596 0.617 0.644 0.681 0.738 0.838 1.015 1.285 1.629 1.974 2.263 2.496 2.658 2.737 2.727 2.627 2.467 2.306 2.138 1.938 1.688 1.363 0.932 0.533 0.288 0.156 0.089 0.055 0.036 0.024 0.016 0.011 0.008 0.006 0.005 0.004 0.003 0.003 0.002 0.001 0.001 0.000 0.000 0.000 0.000 0.000 0.000 0.000 0.000 0.000 0.000 0.000 0.000 0.000 0.000 0.000 0.000 0.000 0.000 0.000 0.000 0.000 0.000 0.000 0.000 0.000 0.000
