RESULTS/r.avaflow_results/13_results/13_ascii/13_hflow30052.asc
ncols 506
nrows 317
xllcenter 498237.50
yllcenter 5580050.00
cellsize 12.50
NODATA_value -9999.000
[rows 204 to 237 of 317, columns 231 to 307 of 506]
0.000 0.001 0.001 0.002 0.003 0.003 0.004 0.005 0.007 0.008 0.010 0.012 0.014 0.016 0.017 0.017 0.017 0.017 0.016 0.016 0.015 0.015 0.016 0.017 0.017 0.018 0.018 0.018 0.018 0.018 0.018 0.019 0.019 0.019 0.019 0.020 0.020 0.021 0.021 0.021 0.021 0.022 0.023 0.024 0.025 0.027 0.027 0.028 0.028 0.029 0.030 0.032 0.035 0.037 0.039 0.043 0.048 0.055 0.059 0.060 0.058 0.052 0.045 0.039 0.035 0.032 0.031 0.031 0.032 0.033 0.036 0.040 0.044 0.050 0.059 0.071 0.088
0.000 0.000 0.000 0.001 0.001 0.002 0.003 0.003 0.004 0.006 0.007 0.009 0.010 0.011 0.012 0.012 0.013 0.013 0.013 0.012 0.012 0.013 0.013 0.014 0.014 0.015 0.016 0.016 0.016 0.017 0.017 0.017 0.017 0.018 0.018 0.018 0.019 0.019 0.019 0.019 0.020 0.020 0.021 0.023 0.024 0.025 0.026 0.026 0.027 0.028 0.030 0.032 0.035 0.037 0.040 0.043 0.048 0.054 0.057 0.058 0.056 0.050 0.044 0.039 0.035 0.033 0.032 0.033 0.034 0.036 0.039 0.044 0.053 0.067 0.087 0.116 0.148
0.000 0.000 0.000 0.000 0.000 0.001 0.001 0.002 0.003 0.004 0.005 0.006 0.007 0.008 0.009 0.009 0.009 0.010 0.010 0.010 0.010 0.010 0.011 0.012 0.012 0.013 0.013 0.014 0.015 0.015 0.016 0.016 0.016 0.017 0.017 0.017 0.018 0.018 0.018 0.019 0.019 0.020 0.021 0.022 0.023 0.024 0.025 0.026 0.027 0.029 0.031 0.033 0.036 0.039 0.041 0.044 0.048 0.053 0.057 0.057 0.055 0.050 0.043 0.038 0.035 0.034 0.034 0.035 0.036 0.040 0.045 0.054 0.072 0.104 0.152 0.207 0.252
0.000 0.000 0.000 0.000 0.000 0.000 0.000 0.001 0.001 0.002 0.003 0.004 0.005 0.006 0.006 0.007 0.007 0.007 0.008 0.008 0.008 0.009 0.009 0.010 0.010 0.011 0.012 0.013 0.013 0.014 0.015 0.015 0.015 0.016 0.016 0.017 0.017 0.018 0.018 0.019 0.019 0.020 0.021 0.022 0.023 0.024 0.025 0.027 0.028 0.031 0.034 0.038 0.041 0.044 0.046 0.047 0.050 0.054 0.057 0.058 0.055 0.050 0.043 0.039 0.037 0.036 0.037 0.038 0.041 0.046 0.055 0.074 0.110 0.173 0.250 0.309 0.340
0.000 0.000 0.000 0.000 0.000 0.000 0.000 0.000 0.001 0.001 0.002 0.002 0.003 0.004 0.004 0.005 0.005 0.006 0.006 0.006 0.007 0.007 0.008 0.008 0.009 0.010 0.010 0.011 0.012 0.013 0.014 0.014 0.015 0.015 0.016 0.016 0.017 0.017 0.018 0.018 0.019 0.020 0.021 0.022 0.023 0.025 0.026 0.029 0.032 0.036 0.041 0.047 0.050 0.052 0.053 0.053 0.053 0.056 0.059 0.059 0.057 0.051 0.045 0.041 0.040 0.040 0.040 0.043 0.047 0.056 0.073 0.104 0.158 0.237 0.312 0.357 0.374
0.000 0.000 0.000 0.000 0.000 0.000 0.000 0.000 0.000 0.000 0.001 0.001 0.002 0.002 0.003 0.003 0.004 0.004 0.004 0.005 0.005 0.006 0.006 0.007 0.008 0.008 0.009 0.010 0.011 0.012 0.013 0.014 0.015 0.015 0.016 0.016 0.017 0.017 0.018 0.018 0.019 0.020 0.021 0.022 0.024 0.026 0.029 0.033 0.039 0.047 0.056 0.062 0.064 0.063 0.059 0.057 0.057 0.059 0.061 0.061 0.059 0.053 0.048 0.045 0.044 0.045 0.047 0.051 0.059 0.073 0.096 0.133 0.189 0.264 0.325 0.359 0.368
0.000 0.000 0.000 0.000 0.000 0.000 0.000 0.000 0.000 0.000 0.000 0.000 0.001 0.001 0.001 0.002 0.002 0.003 0.003 0.004 0.004 0.005 0.005 0.006 0.007 0.007 0.008 0.009 0.010 0.011 0.012 0.013 0.014 0.015 0.016 0.016 0.017 0.017 0.018 0.018 0.019 0.020 0.021 0.022 0.024 0.027 0.032 0.041 0.054 0.067 0.076 0.078 0.076 0.069 0.061 0.058 0.058 0.060 0.062 0.062 0.060 0.056 0.053 0.051 0.051 0.053 0.057 0.064 0.075 0.090 0.113 0.148 0.199 0.262 0.304 0.320 0.314
0.000 0.000 0.000 0.000 0.000 0.000 0.000 0.000 0.000 0.000 0.000 0.000 0.000 0.000 0.001 0.001 0.001 0.002 0.002 0.003 0.003 0.004 0.004 0.005 0.006 0.006 0.007 0.008 0.009 0.010 0.012 0.013 0.014 0.015 0.016 0.017 0.017 0.017 0.018 0.018 0.019 0.020 0.021 0.023 0.025 0.030 0.038 0.054 0.073 0.085 0.089 0.088 0.080 0.069 0.061 0.058 0.058 0.059 0.061 0.061 0.060 0.057 0.056 0.057 0.060 0.064 0.069 0.076 0.086 0.100 0.120 0.151 0.193 0.229 0.241 0.229 0.203
0.000 0.000 0.000 0.000 0.000 0.000 0.000 0.000 0.000 0.000 0.000 0.000 0.000 0.000 0.000 0.000 0.001 0.001 0.001 0.002 0.002 0.003 0.003 0.004 0.005 0.005 0.006 0.007 0.008 0.010 0.011 0.013 0.014 0.016 0.016 0.017 0.017 0.017 0.018 0.018 0.019 0.020 0.021 0.023 0.027 0.033 0.046 0.068 0.087 0.095 0.095 0.090 0.080 0.068 0.060 0.056 0.056 0.057 0.059 0.060 0.059 0.058 0.058 0.060 0.064 0.070 0.075 0.081 0.089 0.101 0.119 0.141 0.159 0.161 0.150 0.129 0.106
0.000 0.000 0.000 0.000 0.000 0.000 0.000 0.000 0.000 0.000 0.000 0.000 0.000 0.000 0.000 0.000 0.000 0.000 0.001 0.001 0.001 0.002 0.002 0.003 0.004 0.004 0.005 0.006 0.008 0.009 0.011 0.012 0.014 0.016 0.017 0.018 0.018 0.018 0.018 0.018 0.019 0.020 0.021 0.024 0.028 0.037 0.054 0.078 0.093 0.097 0.096 0.089 0.077 0.064 0.056 0.052 0.052 0.052 0.054 0.056 0.056 0.056 0.058 0.061 0.065 0.071 0.076 0.081 0.087 0.095 0.104 0.109 0.105 0.096 0.084 0.071 0.058
0.000 0.000 0.000 0.000 0.000 0.000 0.000 0.000 0.000 0.000 0.000 0.000 0.000 0.000 0.000 0.000 0.000 0.000 0.000 0.000 0.001 0.001 0.002 0.002 0.003 0.004 0.004 0.006 0.007 0.008 0.010 0.012 0.014 0.016 0.018 0.018 0.019 0.018 0.018 0.019 0.019 0.020 0.022 0.025 0.031 0.042 0.061 0.081 0.093 0.095 0.093 0.085 0.072 0.059 0.051 0.046 0.045 0.045 0.047 0.048 0.050 0.052 0.054 0.058 0.062 0.067 0.071 0.074 0.077 0.077 0.074 0.069 0.064 0.058 0.050 0.043 0.037
0.000 0.000 0.000 0.000 0.000 0.000 0.000 0.000 0.000 0.000 0.000 0.000 0.000 0.000 0.000 0.000 0.000 0.000 0.000 0.000 0.000 0.001 0.001 0.001 0.002 0.003 0.004 0.005 0.006 0.007 0.009 0.011 0.013 0.016 0.017 0.019 0.019 0.020 0.019 0.019 0.020 0.021 0.023 0.027 0.034 0.046 0.064 0.079 0.086 0.087 0.083 0.075 0.062 0.051 0.044 0.039 0.037 0.037 0.037 0.038 0.040 0.043 0.046 0.050 0.054 0.057 0.058 0.058 0.056 0.053 0.049 0.045 0.042 0.038 0.034 0.030 0.026
0.000 0.000 0.000 0.000 0.000 0.000 0.000 0.000 0.000 0.000 0.000 0.000 0.000 0.000 0.000 0.000 0.000 0.000 0.000 0.000 0.000 0.000 0.000 0.001 0.001 0.002 0.003 0.004 0.005 0.006 0.008 0.010 0.012 0.015 0.017 0.019 0.020 0.021 0.021 0.021 0.021 0.023 0.025 0.029 0.037 0.048 0.063 0.072 0.073 0.071 0.066 0.058 0.048 0.040 0.035 0.031 0.030 0.029 0.029 0.030 0.031 0.033 0.035 0.038 0.040 0.041 0.041 0.040 0.038 0.036 0.035 0.033 0.031 0.029 0.026 0.023 0.021
0.000 0.000 0.000 0.000 0.000 0.000 0.000 0.000 0.000 0.000 0.000 0.000 0.000 0.000 0.000 0.000 0.000 0.000 0.000 0.000 0.000 0.000 0.000 0.000 0.001 0.001 0.002 0.003 0.004 0.005 0.007 0.009 0.011 0.013 0.016 0.018 0.020 0.022 0.023 0.023 0.024 0.025 0.028 0.031 0.038 0.048 0.056 0.058 0.055 0.051 0.045 0.040 0.035 0.030 0.027 0.025 0.024 0.024 0.024 0.024 0.025 0.026 0.027 0.028 0.029 0.029 0.029 0.029 0.028 0.027 0.026 0.025 0.024 0.023 0.021 0.019 0.017
0.000 0.000 0.000 0.000 0.000 0.000 0.000 0.000 0.000 0.000 0.000 0.000 0.000 0.000 0.000 0.000 0.000 0.000 0.000 0.000 0.000 0.000 0.000 0.000 0.000 0.001 0.001 0.002 0.003 0.004 0.005 0.007 0.009 0.011 0.014 0.017 0.020 0.022 0.024 0.025 0.026 0.027 0.029 0.032 0.037 0.043 0.044 0.043 0.040 0.036 0.032 0.029 0.026 0.023 0.022 0.021 0.020 0.020 0.020 0.020 0.021 0.021 0.022 0.022 0.022 0.022 0.022 0.022 0.021 0.021 0.021 0.020 0.020 0.019 0.017 0.016 0.015
0.000 0.000 0.000 0.000 0.000 0.000 0.000 0.000 0.000 0.000 0.000 0.000 0.000 0.000 0.000 0.000 0.000 0.000 0.000 0.000 0.000 0.000 0.000 0.000 0.000 0.000 0.001 0.001 0.002 0.003 0.004 0.006 0.008 0.010 0.012 0.015 0.019 0.022 0.024 0.026 0.027 0.028 0.029 0.032 0.035 0.035 0.035 0.033 0.030 0.027 0.024 0.022 0.021 0.019 0.018 0.017 0.017 0.017 0.017 0.017 0.017 0.018 0.018 0.018 0.018 0.017 0.017 0.017 0.017 0.017 0.017 0.016 0.016 0.015 0.014 0.013 0.012
0.000 0.000 0.000 0.000 0.000 0.000 0.000 0.000 0.000 0.000 0.000 0.000 0.000 0.000 0.000 0.000 0.000 0.000 0.000 0.000 0.000 0.000 0.000 0.000 0.000 0.000 0.000 0.001 0.001 0.002 0.003 0.005 0.006 0.008 0.011 0.014 0.017 0.021 0.024 0.026 0.027 0.028 0.029 0.030 0.030 0.029 0.028 0.026 0.024 0.022 0.020 0.018 0.017 0.016 0.015 0.015 0.015 0.015 0.015 0.015 0.015 0.015 0.015 0.015 0.014 0.014 0.014 0.014 0.014 0.014 0.014 0.013 0.013 0.012 0.012 0.011 0.010
0.000 0.000 0.000 0.000 0.000 0.000 0.000 0.000 0.000 0.000 0.000 0.000 0.000 0.000 0.000 0.000 0.000 0.000 0.000 0.000 0.000 0.000 0.000 0.000 0.000 0.000 0.000 0.000 0.001 0.001 0.002 0.003 0.005 0.007 0.009 0.012 0.016 0.020 0.024 0.026 0.026 0.027 0.027 0.026 0.025 0.024 0.023 0.021 0.020 0.018 0.016 0.015 0.014 0.013 0.013 0.013 0.013 0.013 0.013 0.013 0.012 0.012 0.012 0.012 0.012 0.012 0.011 0.011 0.011 0.011 0.011 0.011 0.010 0.010 0.009 0.008 0.007
0.000 0.000 0.000 0.000 0.000 0.000 0.000 0.000 0.000 0.000 0.000 0.000 0.000 0.000 0.000 0.000 0.000 0.000 0.000 0.000 0.000 0.000 0.000 0.000 0.000 0.000 0.000 0.000 0.000 0.001 0.001 0.002 0.004 0.005 0.008 0.010 0.014 0.019 0.022 0.024 0.024 0.024 0.023 0.022 0.021 0.020 0.019 0.018 0.016 0.015 0.013 0.012 0.012 0.011 0.011 0.011 0.011 0.011 0.011 0.010 0.010 0.010 0.010 0.010 0.010 0.009 0.009 0.009 0.009 0.009 0.009 0.008 0.008 0.008 0.007 0.006 0.005
0.000 0.000 0.000 0.000 0.000 0.000 0.000 0.000 0.000 0.000 0.000 0.000 0.000 0.000 0.000 0.000 0.000 0.000 0.000 0.000 0.000 0.000 0.000 0.000 0.000 0.000 0.000 0.000 0.000 0.000 0.001 0.002 0.003 0.004 0.006 0.009 0.012 0.016 0.019 0.020 0.020 0.020 0.019 0.018 0.017 0.016 0.016 0.015 0.014 0.012 0.011 0.010 0.010 0.009 0.009 0.009 0.009 0.009 0.008 0.008 0.008 0.008 0.008 0.008 0.008 0.007 0.007 0.007 0.007 0.007 0.006 0.006 0.006 0.005 0.005 0.004 0.004
0.000 0.000 0.000 0.000 0.000 0.000 0.000 0.000 0.000 0.000 0.000 0.000 0.000 0.000 0.000 0.000 0.000 0.000 0.000 0.000 0.000 0.000 0.000 0.000 0.000 0.000 0.000 0.000 0.000 0.000 0.000 0.001 0.002 0.003 0.005 0.007 0.010 0.012 0.014 0.015 0.015 0.015 0.015 0.014 0.014 0.013 0.013 0.012 0.011 0.010 0.009 0.008 0.008 0.007 0.007 0.007 0.007 0.007 0.007 0.006 0.006 0.006 0.006 0.006 0.006 0.006 0.005 0.005 0.005 0.005 0.005 0.004 0.004 0.004 0.003 0.003 0.002
0.000 0.000 0.000 0.000 0.000 0.000 0.000 0.000 0.000 0.000 0.000 0.000 0.000 0.000 0.000 0.000 0.000 0.000 0.000 0.000 0.000 0.000 0.000 0.000 0.000 0.000 0.000 0.000 0.000 0.000 0.000 0.000 0.001 0.002 0.003 0.005 0.007 0.009 0.010 0.011 0.011 0.011 0.011 0.011 0.011 0.011 0.010 0.009 0.009 0.008 0.007 0.006 0.006 0.005 0.005 0.005 0.005 0.005 0.005 0.005 0.005 0.004 0.004 0.004 0.004 0.004 0.004 0.004 0.003 0.003 0.003 0.003 0.003 0.002 0.002 0.002 0.001
0.000 0.000 0.000 0.000 0.000 0.000 0.000 0.000 0.000 0.000 0.000 0.000 0.000 0.000 0.000 0.000 0.000 0.000 0.000 0.000 0.000 0.000 0.000 0.000 0.000 0.000 0.000 0.000 0.000 0.000 0.000 0.000 0.000 0.001 0.002 0.004 0.005 0.006 0.007 0.008 0.008 0.008 0.008 0.008 0.008 0.008 0.008 0.007 0.007 0.006 0.005 0.005 0.004 0.004 0.004 0.003 0.003 0.003 0.003 0.003 0.003 0.003 0.003 0.003 0.003 0.003 0.003 0.002 0.002 0.002 0.002 0.002 0.001 0.001 0.001 0.001 0.000
0.000 0.000 0.000 0.000 0.000 0.000 0.000 0.000 0.000 0.000 0.000 0.000 0.000 0.000 0.000 0.000 0.000 0.000 0.000 0.000 0.000 0.000 0.000 0.000 0.000 0.000 0.000 0.000 0.000 0.000 0.000 0.000 0.000 0.001 0.001 0.002 0.003 0.004 0.005 0.006 0.006 0.006 0.006 0.006 0.006 0.006 0.005 0.005 0.005 0.004 0.004 0.003 0.003 0.002 0.002 0.002 0.002 0.002 0.002 0.002 0.002 0.002 0.002 0.002 0.002 0.002 0.001 0.001 0.001 0.001 0.001 0.001 0.000 0.000 0.000 0.000 0.000
0.000 0.000 0.000 0.000 0.000 0.000 0.000 0.000 0.000 0.000 0.000 0.000 0.000 0.000 0.000 0.000 0.000 0.000 0.000 0.000 0.000 0.000 0.000 0.000 0.000 0.000 0.000 0.000 0.000 0.000 0.000 0.000 0.000 0.000 0.001 0.001 0.002 0.003 0.003 0.004 0.004 0.004 0.004 0.004 0.004 0.004 0.004 0.003 0.003 0.003 0.002 0.002 0.002 0.001 0.001 0.001 0.001 0.001 0.001 0.001 0.001 0.001 0.001 0.001 0.001 0.001 0.001 0.001 0.001 0.000 0.000 0.000 0.000 0.000 0.000 0.000 0.000
0.000 0.000 0.000 0.000 0.000 0.000 0.000 0.000 0.000 0.000 0.000 0.000 0.000 0.000 0.000 0.000 0.000 0.000 0.000 0.000 0.000 0.000 0.000 0.000 0.000 0.000 0.000 0.000 0.000 0.000 0.000 0.000 0.000 0.000 0.000 0.001 0.001 0.002 0.002 0.002 0.002 0.002 0.002 0.002 0.002 0.002 0.002 0.002 0.002 0.002 0.001 0.001 0.001 0.001 0.000 0.000 0.000 0.000 0.000 0.000 0.000 0.000 0.000 0.000 0.000 0.000 0.000 0.000 0.000 0.000 0.000 0.000 0.000 0.000 0.000 0.000 0.000
0.000 0.000 0.000 0.000 0.000 0.000 0.000 0.000 0.000 0.000 0.000 0.000 0.000 0.000 0.000 0.000 0.000 0.000 0.000 0.000 0.000 0.000 0.000 0.000 0.000 0.000 0.000 0.000 0.000 0.000 0.000 0.000 0.000 0.000 0.000 0.000 0.000 0.001 0.001 0.001 0.001 0.001 0.001 0.001 0.001 0.001 0.001 0.001 0.001 0.001 0.001 0.000 0.000 0.000 0.000 0.000 0.000 0.000 0.000 0.000 0.000 0.000 0.000 0.000 0.000 0.000 0.000 0.000 0.000 0.000 0.000 0.000 0.000 0.000 0.000 0.000 0.000
0.000 0.000 0.000 0.000 0.000 0.000 0.000 0.000 0.000 0.000 0.000 0.000 0.000 0.000 0.000 0.000 0.000 0.000 0.000 0.000 0.000 0.000 0.000 0.000 0.000 0.000 0.000 0.000 0.000 0.000 0.000 0.000 0.000 0.000 0.000 0.000 0.000 0.000 0.000 0.000 0.000 0.000 0.000 0.000 0.000 0.000 0.000 0.000 0.000 0.000 0.000 0.000 0.000 0.000 0.000 0.000 0.000 0.000 0.000 0.000 0.000 0.000 0.000 0.000 0.000 0.000 0.000 0.000 0.000 0.000 0.000 0.000 0.000 0.000 0.000 0.000 0.000
0.000 0.000 0.000 0.000 0.000 0.000 0.000 0.000 0.000 0.000 0.000 0.000 0.000 0.000 0.000 0.000 0.000 0.000 0.000 0.000 0.000 0.000 0.000 0.000 0.000 0.000 0.000 0.000 0.000 0.000 0.000 0.000 0.000 0.000 0.000 0.000 0.000 0.000 0.000 0.000 0.000 0.000 0.000 0.000 0.000 0.000 0.000 0.000 0.000 0.000 0.000 0.000 0.000 0.000 0.000 0.000 0.000 0.000 0.000 0.000 0.000 0.000 0.000 0.000 0.000 0.000 0.000 0.000 0.000 0.000 0.000 0.000 0.000 0.000 0.000 0.000 0.000
0.000 0.000 0.000 0.000 0.000 0.000 0.000 0.000 0.000 0.000 0.000 0.000 0.000 0.000 0.000 0.000 0.000 0.000 0.000 0.000 0.000 0.000 0.000 0.000 0.000 0.000 0.000 0.000 0.000 0.000 0.000 0.000 0.000 0.000 0.000 0.000 0.000 0.000 0.000 0.000 0.000 0.000 0.000 0.000 0.000 0.000 0.000 0.000 0.000 0.000 0.000 0.000 0.000 0.000 0.000 0.000 0.000 0.000 0.000 0.000 0.000 0.000 0.000 0.000 0.000 0.000 0.000 0.000 0.000 0.000 0.000 0.000 0.000 0.000 0.000 0.000 0.000
0.000 0.000 0.000 0.000 0.000 0.000 0.000 0.000 0.000 0.000 0.000 0.000 0.000 0.000 0.000 0.000 0.000 0.000 0.000 0.000 0.000 0.000 0.000 0.000 0.000 0.000 0.000 0.000 0.000 0.000 0.000 0.000 0.000 0.000 0.000 0.000 0.000 0.000 0.000 0.000 0.000 0.000 0.000 0.000 0.000 0.000 0.000 0.000 0.000 0.000 0.000 0.000 0.000 0.000 0.000 0.000 0.000 0.000 0.000 0.000 0.000 0.000 0.000 0.000 0.000 0.000 0.000 0.000 0.000 0.000 0.000 0.000 0.000 0.000 0.000 0.000 0.000
0.000 0.000 0.000 0.000 0.000 0.000 0.000 0.000 0.000 0.000 0.000 0.000 0.000 0.000 0.000 0.000 0.000 0.000 0.000 0.000 0.000 0.000 0.000 0.000 0.000 0.000 0.000 0.000 0.000 0.000 0.000 0.000 0.000 0.000 0.000 0.000 0.000 0.000 0.000 0.000 0.000 0.000 0.000 0.000 0.000 0.000 0.000 0.000 0.000 0.000 0.000 0.000 0.000 0.000 0.000 0.000 0.000 0.000 0.000 0.000 0.000 0.000 0.000 0.000 0.000 0.000 0.000 0.000 0.000 0.000 0.000 0.000 0.000 0.000 0.000 0.000 0.000
0.000 0.000 0.000 0.000 0.000 0.000 0.000 0.000 0.000 0.000 0.000 0.000 0.000 0.000 0.000 0.000 0.000 0.000 0.000 0.000 0.000 0.000 0.000 0.000 0.000 0.000 0.000 0.000 0.000 0.000 0.000 0.000 0.000 0.000 0.000 0.000 0.000 0.000 0.000 0.000 0.000 0.000 0.000 0.000 0.000 0.000 0.000 0.000 0.000 0.000 0.000 0.000 0.000 0.000 0.000 0.000 0.000 0.000 0.000 0.000 0.000 0.000 0.000 0.000 0.000 0.000 0.000 0.000 0.000 0.000 0.000 0.000 0.000 0.000 0.000 0.000 0.000
0.000 0.000 0.000 0.000 0.000 0.000 0.000 0.000 0.000 0.000 0.000 0.000 0.000 0.000 0.000 0.000 0.000 0.000 0.000 0.000 0.000 0.000 0.000 0.000 0.000 0.000 0.000 0.000 0.000 0.000 0.000 0.000 0.000 0.000 0.000 0.000 0.000 0.000 0.000 0.000 0.000 0.000 0.000 0.000 0.000 0.000 0.000 0.000 0.000 0.000 0.000 0.000 0.000 0.000 0.000 0.000 0.000 0.000 0.000 0.000 0.000 0.000 0.000 0.000 0.000 0.000 0.000 0.000 0.000 0.000 0.000 0.000 0.000 0.000 0.000 0.000 0.000
