RESULTS/r.avaflow_results/13_results/13_ascii/13_hflow30024.asc
ncols 506
nrows 317
xllcenter 498237.50
yllcenter 5580050.00
cellsize 12.50
NODATA_value -9999.000
[rows 170 to 203 of 317, columns 231 to 307 of 506]
1.825 1.950 1.971 1.934 1.848 1.711 1.508 1.209 0.865 0.567 0.365 0.236 0.159 0.114 0.085 0.065 0.050 0.037 0.028 0.022 0.018 0.016 0.015 0.014 0.012 0.011 0.010 0.009 0.007 0.006 0.004 0.003 0.002 0.001 0.001 0.000 0.000 0.000 0.000 0.000 0.000 0.000 0.000 0.000 0.000 0.000 0.000 0.000 0.000 0.000 0.000 0.000 0.000 0.000 0.000 0.000 0.000 0.000 0.000 0.000 0.000 0.000 0.000 0.000 0.000 0.000 0.000 0.000 0.000 0.000 0.000 0.000 0.000 0.000 0.000 0.000 0.000
1.547 1.813 1.922 1.938 1.907 1.843 1.742 1.593 1.367 1.060 0.744 0.496 0.332 0.229 0.166 0.125 0.093 0.065 0.043 0.029 0.022 0.019 0.017 0.015 0.014 0.013 0.012 0.011 0.009 0.008 0.006 0.005 0.003 0.002 0.001 0.001 0.000 0.000 0.000 0.000 0.000 0.000 0.000 0.000 0.000 0.000 0.000 0.000 0.000 0.000 0.000 0.000 0.000 0.000 0.000 0.000 0.000 0.000 0.000 0.000 0.000 0.000 0.000 0.000 0.000 0.000 0.000 0.000 0.000 0.000 0.000 0.000 0.000 0.000 0.000 0.000 0.000
1.207 1.580 1.784 1.870 1.891 1.863 1.805 1.728 1.631 1.487 1.264 0.972 0.683 0.470 0.338 0.255 0.192 0.133 0.081 0.047 0.030 0.023 0.019 0.017 0.016 0.015 0.014 0.013 0.011 0.010 0.008 0.006 0.005 0.004 0.002 0.001 0.001 0.000 0.000 0.000 0.000 0.000 0.000 0.000 0.000 0.000 0.000 0.000 0.000 0.000 0.000 0.000 0.000 0.000 0.000 0.000 0.000 0.000 0.000 0.000 0.000 0.000 0.000 0.000 0.000 0.000 0.000 0.000 0.000 0.000 0.000 0.000 0.000 0.000 0.000 0.000 0.000
0.848 1.246 1.539 1.710 1.801 1.823 1.796 1.747 1.707 1.662 1.594 1.470 1.238 0.935 0.683 0.527 0.406 0.286 0.174 0.094 0.050 0.031 0.023 0.020 0.018 0.017 0.016 0.014 0.013 0.012 0.010 0.009 0.007 0.005 0.004 0.002 0.001 0.001 0.000 0.000 0.000 0.000 0.000 0.000 0.000 0.000 0.000 0.000 0.000 0.000 0.000 0.000 0.000 0.000 0.000 0.000 0.000 0.000 0.000 0.000 0.000 0.000 0.000 0.000 0.000 0.000 0.000 0.000 0.000 0.000 0.000 0.000 0.000 0.000 0.000 0.000 0.000
0.562 0.892 1.229 1.474 1.629 1.703 1.723 1.717 1.703 1.692 1.694 1.704 1.659 1.517 1.281 1.036 0.818 0.601 0.386 0.212 0.105 0.053 0.032 0.023 0.020 0.018 0.017 0.016 0.015 0.014 0.013 0.011 0.009 0.007 0.005 0.003 0.002 0.001 0.001 0.000 0.000 0.000 0.000 0.000 0.000 0.000 0.000 0.000 0.000 0.000 0.000 0.000 0.000 0.000 0.000 0.000 0.000 0.000 0.000 0.000 0.000 0.000 0.000 0.000 0.000 0.000 0.000 0.000 0.000 0.000 0.000 0.000 0.000 0.000 0.000 0.000 0.000
0.370 0.615 0.938 1.209 1.392 1.502 1.567 1.613 1.646 1.667 1.695 1.757 1.810 1.816 1.755 1.621 1.422 1.149 0.831 0.500 0.247 0.112 0.054 0.032 0.024 0.020 0.019 0.018 0.017 0.017 0.016 0.014 0.012 0.009 0.007 0.005 0.003 0.002 0.001 0.000 0.000 0.000 0.000 0.000 0.000 0.000 0.000 0.000 0.000 0.000 0.000 0.000 0.000 0.000 0.000 0.000 0.000 0.000 0.000 0.000 0.000 0.000 0.000 0.000 0.000 0.000 0.000 0.000 0.000 0.000 0.000 0.000 0.000 0.000 0.000 0.000 0.000
0.247 0.414 0.678 0.951 1.141 1.261 1.345 1.427 1.513 1.589 1.652 1.733 1.828 1.885 1.911 1.903 1.860 1.762 1.548 1.123 0.602 0.268 0.114 0.053 0.031 0.023 0.020 0.019 0.019 0.019 0.018 0.016 0.014 0.011 0.008 0.006 0.004 0.003 0.002 0.001 0.000 0.000 0.000 0.000 0.000 0.000 0.000 0.000 0.000 0.000 0.000 0.000 0.000 0.000 0.000 0.000 0.000 0.000 0.000 0.000 0.000 0.000 0.000 0.000 0.000 0.000 0.000 0.000 0.000 0.000 0.000 0.000 0.000 0.000 0.000 0.000 0.000
0.172 0.279 0.462 0.710 0.921 1.061 1.154 1.236 1.331 1.444 1.547 1.646 1.768 1.867 1.920 1.956 2.001 2.070 2.096 1.916 1.336 0.642 0.266 0.108 0.049 0.030 0.023 0.021 0.021 0.020 0.020 0.018 0.015 0.012 0.010 0.008 0.006 0.004 0.002 0.001 0.001 0.000 0.000 0.000 0.000 0.000 0.000 0.000 0.000 0.000 0.000 0.000 0.000 0.000 0.000 0.000 0.000 0.000 0.000 0.000 0.000 0.000 0.000 0.000 0.000 0.000 0.000 0.000 0.000 0.000 0.000 0.000 0.000 0.000 0.000 0.000 0.000
0.129 0.197 0.319 0.513 0.737 0.903 1.018 1.108 1.196 1.297 1.395 1.491 1.606 1.741 1.844 1.918 1.994 2.120 2.264 2.305 2.077 1.369 0.606 0.241 0.095 0.044 0.028 0.023 0.022 0.021 0.020 0.019 0.016 0.013 0.011 0.009 0.007 0.005 0.003 0.002 0.001 0.000 0.000 0.000 0.000 0.000 0.000 0.000 0.000 0.000 0.000 0.000 0.000 0.000 0.000 0.000 0.000 0.000 0.000 0.000 0.000 0.000 0.000 0.000 0.000 0.000 0.000 0.000 0.000 0.000 0.000 0.000 0.000 0.000 0.000 0.000 0.000
0.107 0.153 0.237 0.379 0.581 0.769 0.905 1.012 1.109 1.200 1.275 1.343 1.418 1.520 1.645 1.768 1.888 2.046 2.245 2.358 2.363 2.070 1.264 0.524 0.199 0.078 0.038 0.027 0.024 0.022 0.021 0.019 0.017 0.014 0.012 0.010 0.008 0.006 0.004 0.003 0.002 0.001 0.000 0.000 0.000 0.000 0.000 0.000 0.000 0.000 0.000 0.000 0.000 0.000 0.000 0.000 0.000 0.000 0.000 0.000 0.000 0.000 0.000 0.000 0.000 0.000 0.000 0.000 0.000 0.000 0.000 0.000 0.000 0.000 0.000 0.000 0.000
0.098 0.130 0.190 0.291 0.448 0.638 0.794 0.921 1.036 1.126 1.194 1.252 1.310 1.375 1.458 1.556 1.670 1.835 2.077 2.288 2.382 2.347 1.927 1.063 0.411 0.149 0.060 0.034 0.027 0.024 0.022 0.019 0.017 0.015 0.013 0.011 0.009 0.007 0.006 0.004 0.003 0.001 0.001 0.000 0.000 0.000 0.000 0.000 0.000 0.000 0.000 0.000 0.000 0.000 0.000 0.000 0.000 0.000 0.000 0.000 0.000 0.000 0.000 0.000 0.000 0.000 0.000 0.000 0.000 0.000 0.000 0.000 0.000 0.000 0.000 0.000 0.000
0.095 0.119 0.160 0.231 0.345 0.507 0.677 0.827 0.962 1.063 1.132 1.186 1.239 1.296 1.357 1.419 1.483 1.578 1.778 2.081 2.297 2.352 2.227 1.650 0.782 0.282 0.103 0.047 0.031 0.026 0.022 0.020 0.018 0.016 0.014 0.012 0.011 0.009 0.007 0.005 0.003 0.002 0.001 0.000 0.000 0.000 0.000 0.000 0.000 0.000 0.000 0.000 0.000 0.000 0.000 0.000 0.000 0.000 0.000 0.000 0.000 0.000 0.000 0.000 0.000 0.000 0.000 0.000 0.000 0.000 0.000 0.000 0.000 0.000 0.000 0.000 0.000
0.094 0.113 0.142 0.191 0.272 0.392 0.548 0.717 0.880 1.001 1.075 1.127 1.178 1.232 1.278 1.315 1.351 1.403 1.516 1.785 2.104 2.250 2.248 1.985 1.218 0.489 0.177 0.071 0.039 0.029 0.024 0.021 0.018 0.017 0.015 0.014 0.012 0.010 0.008 0.006 0.005 0.003 0.002 0.001 0.000 0.000 0.000 0.000 0.000 0.000 0.000 0.000 0.000 0.000 0.000 0.000 0.000 0.000 0.000 0.000 0.000 0.000 0.000 0.000 0.000 0.000 0.000 0.000 0.000 0.000 0.000 0.000 0.000 0.000 0.000 0.000 0.000
0.095 0.111 0.135 0.172 0.228 0.312 0.431 0.590 0.777 0.928 1.013 1.067 1.117 1.162 1.190 1.207 1.229 1.271 1.350 1.531 1.848 2.067 2.136 2.055 1.583 0.780 0.296 0.114 0.055 0.035 0.027 0.022 0.019 0.018 0.016 0.015 0.013 0.012 0.010 0.008 0.006 0.004 0.003 0.001 0.001 0.000 0.000 0.000 0.000 0.000 0.000 0.000 0.000 0.000 0.000 0.000 0.000 0.000 0.000 0.000 0.000 0.000 0.000 0.000 0.000 0.000 0.000 0.000 0.000 0.000 0.000 0.000 0.000 0.000 0.000 0.000 0.000
0.098 0.112 0.134 0.167 0.210 0.271 0.357 0.479 0.651 0.827 0.937 1.000 1.048 1.084 1.104 1.118 1.134 1.168 1.234 1.353 1.591 1.847 1.971 1.979 1.780 1.134 0.479 0.189 0.084 0.047 0.033 0.025 0.022 0.019 0.018 0.016 0.015 0.013 0.011 0.009 0.007 0.005 0.004 0.002 0.001 0.001 0.000 0.000 0.000 0.000 0.000 0.000 0.000 0.001 0.001 0.002 0.003 0.003 0.003 0.003 0.003 0.003 0.002 0.001 0.000 0.000 0.000 0.000 0.000 0.000 0.000 0.000 0.000 0.000 0.000 0.000 0.000
0.106 0.117 0.137 0.168 0.209 0.260 0.327 0.418 0.544 0.705 0.837 0.919 0.971 1.012 1.044 1.065 1.081 1.104 1.146 1.221 1.372 1.631 1.824 1.895 1.847 1.475 0.774 0.316 0.134 0.067 0.041 0.031 0.025 0.022 0.020 0.019 0.017 0.015 0.013 0.011 0.009 0.007 0.005 0.003 0.002 0.001 0.001 0.000 0.000 0.000 0.000 0.001 0.002 0.003 0.005 0.007 0.010 0.011 0.012 0.012 0.012 0.011 0.008 0.004 0.001 0.001 0.000 0.000 0.000 0.000 0.000 0.000 0.000 0.000 0.000 0.000 0.000
0.125 0.132 0.147 0.175 0.213 0.262 0.321 0.392 0.483 0.605 0.727 0.816 0.884 0.949 1.005 1.042 1.059 1.070 1.089 1.133 1.227 1.431 1.676 1.800 1.819 1.678 1.150 0.524 0.217 0.097 0.054 0.038 0.031 0.027 0.024 0.021 0.019 0.017 0.015 0.013 0.011 0.009 0.007 0.005 0.004 0.003 0.002 0.002 0.001 0.001 0.002 0.003 0.005 0.008 0.012 0.019 0.028 0.034 0.037 0.038 0.038 0.035 0.025 0.012 0.005 0.002 0.001 0.000 0.000 0.000 0.000 0.000 0.000 0.000 0.000 0.000 0.000
0.174 0.171 0.177 0.194 0.225 0.267 0.317 0.378 0.454 0.548 0.649 0.735 0.813 0.894 0.978 1.032 1.054 1.057 1.058 1.078 1.135 1.265 1.500 1.686 1.759 1.736 1.470 0.850 0.356 0.148 0.074 0.048 0.038 0.033 0.029 0.025 0.022 0.020 0.018 0.015 0.013 0.011 0.009 0.008 0.007 0.006 0.005 0.005 0.005 0.005 0.006 0.008 0.012 0.019 0.032 0.053 0.081 0.100 0.110 0.114 0.114 0.107 0.076 0.037 0.015 0.006 0.002 0.001 0.000 0.000 0.000 0.000 0.000 0.000 0.000 0.000 0.000
0.276 0.265 0.251 0.243 0.253 0.276 0.314 0.369 0.443 0.531 0.616 0.694 0.772 0.855 0.954 1.027 1.056 1.058 1.048 1.045 1.067 1.133 1.299 1.531 1.667 1.699 1.611 1.197 0.572 0.234 0.108 0.064 0.048 0.040 0.035 0.030 0.026 0.023 0.021 0.019 0.017 0.015 0.014 0.013 0.013 0.012 0.012 0.012 0.012 0.013 0.015 0.020 0.030 0.049 0.086 0.145 0.220 0.275 0.305 0.317 0.317 0.291 0.201 0.100 0.043 0.017 0.006 0.002 0.000 0.000 0.000 0.000 0.000 0.000 0.000 0.000 0.000
0.394 0.412 0.392 0.354 0.321 0.312 0.327 0.370 0.442 0.533 0.612 0.682 0.752 0.832 0.931 1.021 1.064 1.069 1.053 1.027 1.019 1.038 1.121 1.324 1.529 1.628 1.630 1.434 0.855 0.367 0.164 0.090 0.062 0.050 0.042 0.036 0.032 0.029 0.026 0.024 0.023 0.022 0.022 0.024 0.026 0.027 0.028 0.028 0.029 0.032 0.037 0.049 0.076 0.132 0.233 0.384 0.546 0.674 0.753 0.781 0.760 0.647 0.427 0.227 0.105 0.041 0.014 0.004 0.001 0.000 0.000 0.000 0.000 0.000 0.000 0.000 0.000
0.435 0.494 0.520 0.508 0.465 0.418 0.396 0.410 0.461 0.543 0.618 0.681 0.744 0.817 0.909 1.010 1.076 1.091 1.070 1.020 0.994 0.993 1.029 1.161 1.372 1.514 1.573 1.510 1.109 0.540 0.247 0.130 0.084 0.063 0.052 0.045 0.040 0.037 0.034 0.034 0.034 0.036 0.041 0.050 0.060 0.066 0.069 0.072 0.075 0.080 0.093 0.126 0.201 0.353 0.600 0.890 1.139 1.277 1.314 1.271 1.146 0.900 0.583 0.339 0.174 0.077 0.028 0.009 0.002 0.001 0.000 0.000 0.000 0.000 0.000 0.000 0.000
0.398 0.489 0.548 0.584 0.606 0.604 0.575 0.550 0.552 0.589 0.639 0.688 0.743 0.809 0.891 0.994 1.077 1.107 1.093 1.030 0.988 0.984 1.006 1.098 1.284 1.432 1.502 1.491 1.250 0.720 0.359 0.192 0.119 0.085 0.068 0.058 0.053 0.050 0.050 0.051 0.057 0.068 0.085 0.110 0.139 0.158 0.168 0.174 0.181 0.195 0.231 0.323 0.518 0.874 1.269 1.521 1.600 1.570 1.503 1.392 1.210 0.923 0.607 0.366 0.200 0.095 0.038 0.013 0.004 0.001 0.000 0.000 0.000 0.000 0.000 0.000 0.000
0.266 0.387 0.488 0.565 0.631 0.702 0.775 0.807 0.776 0.733 0.715 0.727 0.758 0.811 0.883 0.974 1.064 1.111 1.112 1.059 0.998 0.991 1.011 1.089 1.265 1.427 1.498 1.497 1.353 0.928 0.511 0.292 0.183 0.127 0.097 0.081 0.075 0.075 0.077 0.087 0.106 0.137 0.178 0.233 0.295 0.341 0.364 0.378 0.394 0.434 0.540 0.774 1.212 1.666 1.884 1.855 1.723 1.591 1.469 1.323 1.110 0.824 0.555 0.347 0.196 0.098 0.043 0.016 0.005 0.002 0.000 0.000 0.000 0.000 0.000 0.000 0.000
0.117 0.200 0.312 0.432 0.550 0.672 0.812 0.968 1.064 1.026 0.931 0.852 0.823 0.842 0.891 0.960 1.040 1.104 1.129 1.103 1.044 1.029 1.051 1.141 1.363 1.576 1.664 1.674 1.584 1.263 0.810 0.507 0.333 0.232 0.173 0.140 0.128 0.128 0.137 0.160 0.201 0.264 0.349 0.450 0.554 0.637 0.683 0.711 0.749 0.864 1.173 1.651 2.089 2.260 2.163 1.899 1.665 1.462 1.261 1.048 0.814 0.591 0.417 0.280 0.173 0.095 0.045 0.019 0.007 0.002 0.001 0.000 0.000 0.000 0.000 0.000 0.000
0.052 0.081 0.133 0.218 0.343 0.506 0.701 0.939 1.185 1.337 1.323 1.187 1.030 0.953 0.945 0.977 1.035 1.103 1.161 1.193 1.197 1.227 1.322 1.544 1.949 2.266 2.394 2.396 2.256 1.946 1.482 1.057 0.747 0.538 0.403 0.322 0.283 0.276 0.286 0.321 0.391 0.499 0.639 0.783 0.908 1.004 1.070 1.126 1.244 1.559 2.049 2.409 2.537 2.466 2.144 1.715 1.379 1.083 0.823 0.613 0.457 0.352 0.277 0.214 0.154 0.095 0.049 0.022 0.009 0.003 0.001 0.000 0.000 0.000 0.000 0.000 0.000
0.029 0.040 0.058 0.089 0.146 0.253 0.434 0.711 1.070 1.400 1.610 1.663 1.501 1.266 1.143 1.120 1.157 1.272 1.461 1.688 1.917 2.150 2.479 2.960 3.456 3.705 3.710 3.525 3.185 2.765 2.312 1.887 1.513 1.203 0.969 0.793 0.680 0.635 0.634 0.672 0.778 0.941 1.105 1.238 1.317 1.358 1.401 1.498 1.740 2.170 2.522 2.637 2.623 2.368 1.726 1.185 0.847 0.619 0.464 0.359 0.291 0.250 0.221 0.193 0.155 0.103 0.057 0.027 0.011 0.004 0.001 0.000 0.000 0.000 0.000 0.000 0.000
0.018 0.024 0.032 0.043 0.063 0.102 0.183 0.358 0.689 1.144 1.590 1.894 2.017 1.896 1.785 1.846 2.059 2.486 3.056 3.642 4.078 4.338 4.362 4.327 4.281 4.184 4.034 3.749 3.366 2.961 2.574 2.242 1.975 1.772 1.611 1.475 1.363 1.302 1.298 1.354 1.495 1.646 1.713 1.712 1.694 1.689 1.717 1.836 2.118 2.447 2.595 2.621 2.483 1.823 1.004 0.630 0.475 0.373 0.302 0.260 0.236 0.222 0.210 0.192 0.165 0.124 0.073 0.035 0.015 0.006 0.002 0.000 0.000 0.000 0.000 0.000 0.000
0.012 0.016 0.020 0.026 0.035 0.048 0.075 0.134 0.279 0.606 1.160 1.742 2.246 2.758 3.409 4.169 5.005 5.788 6.267 6.289 5.885 5.363 4.814 4.389 4.093 3.856 3.607 3.295 2.965 2.679 2.420 2.189 2.015 1.901 1.831 1.795 1.792 1.825 1.892 1.984 2.074 2.113 2.092 2.012 1.958 1.951 1.983 2.095 2.317 2.475 2.519 2.434 1.950 1.056 0.521 0.364 0.306 0.264 0.236 0.225 0.223 0.221 0.215 0.204 0.186 0.151 0.095 0.047 0.020 0.008 0.003 0.001 0.000 0.000 0.000 0.000 0.000
0.008 0.010 0.014 0.018 0.022 0.029 0.039 0.056 0.099 0.222 0.540 1.162 2.021 3.328 5.278 6.826 7.649 7.848 7.543 6.845 5.945 5.128 4.422 3.833 3.374 3.020 2.727 2.445 2.171 1.992 1.904 1.854 1.815 1.788 1.782 1.809 1.864 1.952 2.075 2.179 2.226 2.233 2.215 2.141 2.090 2.089 2.118 2.201 2.330 2.374 2.296 1.934 1.178 0.541 0.308 0.247 0.228 0.215 0.209 0.213 0.225 0.232 0.234 0.229 0.212 0.173 0.110 0.055 0.024 0.010 0.004 0.001 0.000 0.000 0.000 0.000 0.000
0.004 0.006 0.009 0.012 0.015 0.019 0.024 0.032 0.045 0.083 0.205 0.555 1.404 3.142 5.697 7.320 7.911 7.897 7.423 6.457 5.289 4.309 3.523 2.957 2.649 2.489 2.335 2.105 1.798 1.581 1.478 1.447 1.451 1.481 1.546 1.649 1.765 1.891 2.045 2.157 2.203 2.217 2.214 2.167 2.120 2.115 2.136 2.180 2.190 2.095 1.802 1.220 0.619 0.323 0.219 0.194 0.190 0.190 0.196 0.211 0.235 0.251 0.255 0.249 0.228 0.186 0.118 0.060 0.027 0.011 0.004 0.001 0.000 0.000 0.000 0.000 0.000
0.002 0.004 0.005 0.007 0.010 0.013 0.017 0.021 0.028 0.042 0.083 0.237 0.786 2.395 5.055 6.608 7.094 7.037 6.457 5.269 3.975 3.034 2.463 2.256 2.318 2.365 2.306 2.103 1.778 1.525 1.376 1.302 1.279 1.283 1.318 1.395 1.513 1.660 1.834 1.977 2.053 2.094 2.126 2.123 2.097 2.078 2.055 1.988 1.826 1.557 1.172 0.700 0.383 0.233 0.180 0.168 0.168 0.174 0.190 0.217 0.247 0.263 0.266 0.258 0.234 0.191 0.124 0.064 0.030 0.013 0.005 0.002 0.000 0.000 0.000 0.000 0.000
0.001 0.002 0.003 0.004 0.006 0.009 0.011 0.015 0.019 0.026 0.041 0.090 0.308 1.215 3.118 4.392 4.804 4.743 4.167 3.046 2.105 1.662 1.566 1.758 2.173 2.393 2.402 2.251 1.936 1.626 1.429 1.324 1.277 1.261 1.265 1.291 1.339 1.410 1.506 1.622 1.722 1.804 1.891 1.947 1.952 1.901 1.776 1.575 1.341 1.093 0.774 0.465 0.285 0.196 0.163 0.156 0.157 0.167 0.190 0.226 0.254 0.266 0.267 0.259 0.234 0.191 0.126 0.067 0.033 0.015 0.006 0.002 0.001 0.000 0.000 0.000 0.000
0.000 0.001 0.001 0.002 0.004 0.005 0.007 0.010 0.013 0.018 0.025 0.039 0.089 0.327 1.020 1.631 1.868 1.892 1.675 1.163 0.852 0.794 0.926 1.362 2.047 2.436 2.557 2.529 2.329 2.000 1.701 1.513 1.402 1.333 1.299 1.296 1.310 1.333 1.366 1.405 1.443 1.492 1.566 1.611 1.600 1.513 1.362 1.194 1.032 0.848 0.580 0.364 0.245 0.184 0.158 0.152 0.154 0.165 0.193 0.231 0.254 0.262 0.262 0.252 0.228 0.185 0.125 0.070 0.036 0.017 0.007 0.003 0.001 0.000 0.000 0.000 0.000
0.000 0.000 0.000 0.001 0.002 0.003 0.004 0.006 0.009 0.012 0.017 0.024 0.040 0.090 0.269 0.484 0.579 0.601 0.555 0.396 0.325 0.342 0.508 1.006 1.826 2.346 2.555 2.615 2.600 2.484 2.243 1.970 1.732 1.556 1.443 1.381 1.354 1.350 1.358 1.356 1.343 1.347 1.366 1.350 1.296 1.214 1.113 1.007 0.894 0.736 0.495 0.326 0.233 0.183 0.160 0.153 0.154 0.165 0.196 0.230 0.245 0.247 0.244 0.233 0.210 0.173 0.122 0.075 0.041 0.020 0.008 0.003 0.001 0.000 0.000 0.000 0.000
