RESULTS/r.avaflow_results/13_results/13_ascii/13_hflow0021.asc
ncols 506
nrows 317
xllcenter 498237.50
yllcenter 5580050.00
cellsize 12.50
NODATA_value -9999.000
[rows 170 to 203 of 317, columns 77 to 153 of 506]
0.000 0.000 0.000 0.000 0.001 0.002 0.003 0.006 0.007 0.009 0.010 0.013 0.020 0.044 0.096 0.191 0.335 0.533 0.789 1.099 1.450 1.833 2.247 2.707 3.175 3.554 3.834 4.087 4.342 4.607 4.900 5.254 5.701 6.234 6.869 7.626 8.511 9.523 10.666 11.918 13.221 14.604 16.040 17.712 19.155 20.408 21.532 22.481 23.610 24.868 26.274 28.041 29.590 30.811 31.571 32.023 32.011 32.192 32.862 33.151 33.609 33.802 33.995 33.543 33.036 32.049 30.736 29.429 27.942 26.544 25.069 23.698 22.316 21.012 19.738 18.550 17.404
0.000 0.000 0.000 0.001 0.002 0.006 0.010 0.016 0.021 0.027 0.035 0.050 0.088 0.166 0.297 0.484 0.726 1.022 1.372 1.767 2.204 2.681 3.184 3.692 4.169 4.559 4.871 5.156 5.434 5.726 6.051 6.445 6.927 7.520 8.260 9.167 10.230 11.457 12.829 14.275 15.725 17.211 18.692 20.428 21.873 23.090 24.164 25.071 26.178 27.356 28.716 30.559 31.904 32.898 33.489 33.820 33.871 34.038 34.692 34.902 35.289 35.408 35.395 34.697 33.948 32.820 31.300 29.783 28.205 26.656 25.210 23.823 22.518 21.314 20.282 19.327 18.512
0.000 0.000 0.001 0.003 0.007 0.013 0.022 0.034 0.047 0.065 0.092 0.142 0.238 0.395 0.610 0.878 1.203 1.590 2.047 2.561 3.121 3.713 4.300 4.830 5.283 5.672 6.013 6.324 6.631 6.951 7.315 7.760 8.301 8.972 9.827 10.868 12.095 13.484 14.992 16.622 18.241 19.792 21.318 22.924 24.331 25.543 26.646 27.642 28.795 29.784 30.844 32.505 33.605 34.098 34.370 34.608 34.947 35.188 35.737 35.928 36.158 36.335 35.964 35.261 34.380 33.305 31.850 30.267 28.632 26.914 25.370 23.986 22.710 21.524 20.627 19.821 19.288
0.000 0.001 0.002 0.006 0.013 0.024 0.039 0.061 0.089 0.130 0.191 0.291 0.452 0.676 0.958 1.302 1.725 2.236 2.837 3.516 4.234 4.929 5.577 6.110 6.537 6.920 7.267 7.596 7.925 8.283 8.690 9.169 9.752 10.486 11.398 12.498 13.813 15.312 16.923 18.726 20.524 22.217 23.775 25.202 26.638 27.797 28.884 29.870 30.866 31.854 32.619 33.693 34.491 34.788 34.872 35.047 35.553 35.956 36.455 36.530 36.573 36.738 36.213 35.575 34.718 33.622 32.267 30.735 29.097 27.326 25.594 24.062 22.722 21.597 20.706 20.053 19.710
0.000 0.001 0.004 0.009 0.017 0.032 0.053 0.085 0.132 0.199 0.297 0.439 0.645 0.924 1.288 1.743 2.302 2.977 3.769 4.662 5.545 6.326 6.997 7.523 7.934 8.298 8.651 8.998 9.344 9.714 10.133 10.621 11.207 11.935 12.861 13.996 15.324 16.846 18.597 20.522 22.464 24.304 25.826 27.216 28.491 29.628 30.816 31.629 32.228 33.200 33.792 34.295 34.613 34.757 34.694 34.992 35.399 35.792 36.189 36.417 36.378 36.447 35.918 35.316 34.546 33.554 32.416 31.035 29.276 27.398 25.597 23.966 22.593 21.447 20.604 20.013 19.748
0.000 0.001 0.004 0.010 0.020 0.036 0.061 0.099 0.158 0.245 0.372 0.553 0.805 1.149 1.600 2.169 2.868 3.712 4.708 5.841 6.918 7.823 8.529 9.053 9.458 9.799 10.133 10.470 10.812 11.159 11.524 11.968 12.526 13.205 14.066 15.176 16.563 18.092 19.920 21.938 24.051 25.932 27.452 28.965 30.204 31.223 32.307 33.037 33.501 34.383 34.676 34.860 35.020 34.736 34.434 34.920 35.229 35.732 36.270 36.672 36.399 36.259 35.919 35.201 34.543 33.667 32.521 31.195 29.306 27.339 25.508 23.767 22.360 21.174 20.361 19.747 19.464
0.000 0.001 0.004 0.010 0.020 0.037 0.063 0.105 0.169 0.269 0.420 0.639 0.941 1.351 1.885 2.552 3.358 4.320 5.461 6.785 8.075 9.139 9.927 10.500 10.929 11.276 11.599 11.904 12.203 12.527 12.903 13.313 13.791 14.406 15.238 16.302 17.701 19.258 21.021 23.061 25.342 27.390 28.918 30.472 31.738 32.718 33.689 34.158 34.554 35.330 35.400 35.444 35.458 34.927 34.323 34.267 34.591 35.221 35.928 36.322 36.428 36.319 35.933 35.212 34.628 33.736 32.566 31.168 29.235 27.138 25.231 23.526 22.080 20.849 19.992 19.312 18.967
0.000 0.001 0.004 0.010 0.020 0.037 0.063 0.105 0.171 0.277 0.445 0.699 1.056 1.532 2.141 2.885 3.769 4.806 6.027 7.460 8.948 10.193 11.125 11.831 12.339 12.698 12.988 13.266 13.541 13.812 14.142 14.480 14.894 15.489 16.271 17.254 18.520 20.064 21.890 23.851 26.144 28.319 29.906 31.397 32.645 33.475 34.339 34.865 35.148 35.659 35.626 35.567 35.461 34.954 34.327 33.798 33.596 33.825 35.353 35.955 36.124 36.055 35.524 34.888 34.319 33.241 32.063 30.573 28.726 26.650 24.716 23.055 21.650 20.436 19.508 18.816 18.374
0.000 0.001 0.004 0.010 0.020 0.036 0.061 0.101 0.166 0.273 0.449 0.731 1.144 1.687 2.357 3.155 4.089 5.166 6.414 7.881 9.515 10.988 12.123 12.960 13.564 13.999 14.325 14.588 14.832 15.053 15.313 15.616 15.966 16.435 17.085 18.047 19.271 20.724 22.483 24.469 26.806 29.098 30.858 32.316 33.315 34.359 34.957 35.456 35.543 36.051 36.013 35.797 35.771 35.278 34.755 34.249 33.843 33.733 34.834 35.471 36.136 35.981 35.362 34.620 33.914 32.721 31.394 29.778 27.869 25.879 24.024 22.372 21.030 19.866 18.955 18.257 17.746
0.000 0.001 0.004 0.009 0.018 0.032 0.053 0.088 0.145 0.245 0.424 0.726 1.188 1.800 2.524 3.355 4.303 5.387 6.632 8.099 9.811 11.503 12.904 13.943 14.694 15.238 15.597 15.846 16.070 16.247 16.460 16.674 16.952 17.341 17.934 18.724 19.787 21.221 22.881 24.903 27.254 29.666 31.548 33.202 34.029 35.065 35.430 35.887 36.076 36.456 36.344 36.252 36.173 35.553 35.011 34.435 34.090 33.724 34.017 34.132 35.030 35.181 34.760 34.050 33.264 31.932 30.448 28.745 26.647 24.686 22.909 21.395 20.191 19.107 18.219 17.549 17.021
0.000 0.001 0.002 0.006 0.013 0.023 0.038 0.060 0.099 0.177 0.340 0.653 1.159 1.834 2.617 3.477 4.428 5.492 6.724 8.178 9.892 11.772 13.450 14.753 15.660 16.319 16.772 17.064 17.234 17.387 17.545 17.666 17.874 18.124 18.550 19.231 20.212 21.615 23.217 25.058 27.345 29.755 31.650 33.441 34.355 35.002 35.396 35.579 35.882 36.291 36.126 36.079 36.127 35.635 35.145 34.526 34.003 33.510 33.708 33.705 34.067 34.181 33.694 32.968 32.132 30.695 29.116 27.300 25.236 23.357 21.689 20.319 19.161 18.209 17.415 16.744 16.224
0.000 0.000 0.001 0.003 0.007 0.013 0.020 0.031 0.049 0.090 0.197 0.462 0.976 1.726 2.610 3.522 4.470 5.517 6.729 8.171 9.866 11.850 13.773 15.323 16.458 17.321 17.827 18.153 18.377 18.503 18.585 18.686 18.756 18.910 19.235 19.802 20.620 21.850 23.320 25.089 27.373 29.756 31.826 33.747 34.698 35.169 35.762 35.772 35.998 36.356 36.134 36.025 36.265 35.805 35.321 34.885 34.096 33.596 33.716 33.365 33.008 33.098 32.695 31.899 30.994 29.543 27.873 25.943 23.880 22.040 20.459 19.183 18.110 17.203 16.456 15.784 15.286
0.000 0.000 0.000 0.002 0.004 0.007 0.010 0.015 0.024 0.043 0.094 0.240 0.632 1.367 2.361 3.421 4.419 5.460 6.659 8.090 9.792 11.817 13.955 15.756 17.106 18.103 18.777 19.217 19.431 19.548 19.538 19.604 19.620 19.648 19.902 20.282 20.950 22.023 23.393 25.228 27.486 29.847 31.834 33.743 34.923 35.477 35.949 35.767 35.941 36.380 36.227 36.201 36.351 35.942 35.581 35.178 34.247 33.493 33.370 32.816 32.187 31.783 31.294 30.697 29.748 28.395 26.709 24.839 22.755 20.895 19.342 18.077 17.006 16.106 15.375 14.717 14.222
0.000 0.000 0.000 0.001 0.002 0.003 0.005 0.009 0.016 0.030 0.060 0.137 0.364 0.900 1.810 2.967 4.106 5.217 6.433 7.867 9.615 11.709 13.980 16.020 17.584 18.728 19.555 20.120 20.366 20.503 20.506 20.479 20.447 20.386 20.619 20.856 21.403 22.320 23.553 25.085 27.174 29.584 31.576 33.399 34.530 35.132 35.730 35.635 35.567 35.825 35.693 35.708 35.776 35.449 35.169 34.890 34.053 33.358 33.142 32.505 31.881 31.144 30.350 29.861 28.868 27.460 25.748 23.862 21.733 19.857 18.335 17.054 15.951 15.008 14.218 13.562 13.032
0.000 0.000 0.000 0.000 0.001 0.002 0.004 0.007 0.014 0.028 0.057 0.119 0.264 0.624 1.311 2.313 3.498 4.731 6.028 7.501 9.293 11.482 13.928 16.153 17.906 19.251 20.222 20.874 21.234 21.367 21.394 21.438 21.391 21.276 21.375 21.514 21.911 22.738 23.855 25.430 27.462 29.651 31.613 33.342 34.324 34.989 35.745 35.662 35.544 35.743 35.418 35.239 35.439 35.248 34.983 34.834 34.092 33.494 32.953 32.174 31.472 30.672 29.772 29.067 28.110 26.788 25.066 23.133 20.979 18.999 17.351 16.014 14.863 13.908 13.081 12.383 11.804
0.000 0.000 0.000 0.000 0.000 0.001 0.003 0.007 0.015 0.031 0.063 0.126 0.256 0.536 1.074 1.922 3.025 4.281 5.658 7.213 9.025 11.235 13.810 16.129 17.970 19.477 20.659 21.532 22.064 22.364 22.357 22.307 22.193 22.107 22.202 22.268 22.509 23.212 24.052 25.576 27.381 29.525 31.534 33.132 34.172 34.735 35.410 35.423 35.317 35.374 34.966 34.579 34.642 34.539 34.231 34.240 33.700 33.067 32.524 31.686 30.892 30.118 29.088 28.190 27.273 26.096 24.403 22.463 20.266 18.252 16.471 15.045 13.832 12.873 12.021 11.266 10.607
0.000 0.000 0.000 0.000 0.000 0.001 0.002 0.007 0.017 0.038 0.079 0.153 0.284 0.541 1.020 1.778 2.808 4.058 5.479 7.062 8.877 10.985 13.445 15.903 17.961 19.602 20.895 21.962 22.651 23.098 23.265 23.281 23.306 23.231 23.401 23.411 23.639 24.231 24.907 26.210 27.657 29.404 31.254 32.530 33.476 34.136 34.579 34.601 34.551 34.469 33.921 33.336 33.175 33.121 33.071 33.349 33.195 32.824 32.521 31.656 30.841 30.020 28.803 27.731 26.492 25.275 23.672 21.743 19.595 17.544 15.687 14.158 12.888 11.864 10.997 10.199 9.443
0.000 0.000 0.000 0.000 0.000 0.000 0.002 0.007 0.019 0.047 0.104 0.201 0.355 0.617 1.068 1.779 2.768 3.995 5.414 7.015 8.813 10.826 13.118 15.577 17.768 19.550 20.986 22.171 23.101 23.794 24.141 24.233 24.444 24.352 24.588 24.621 24.949 25.467 26.099 26.952 28.036 29.419 31.090 32.341 33.109 33.775 33.978 33.945 33.845 33.678 33.139 32.408 32.168 32.020 31.969 32.394 32.315 32.080 31.954 31.251 30.484 29.599 28.255 27.101 25.730 24.419 22.924 21.061 18.974 16.845 14.952 13.348 12.002 10.882 9.957 9.120 8.248
0.000 0.000 0.000 0.000 0.000 0.000 0.002 0.007 0.021 0.058 0.136 0.271 0.477 0.784 1.239 1.907 2.836 4.023 5.432 7.035 8.802 10.728 12.805 15.144 17.530 19.427 20.986 22.261 23.327 24.182 24.786 25.063 25.273 25.280 25.543 25.615 26.007 26.472 27.035 27.789 28.552 29.554 30.769 31.922 32.514 33.006 33.144 33.137 33.246 32.964 32.507 31.754 31.262 30.987 30.857 31.210 31.247 31.244 31.018 30.363 29.714 28.876 27.671 26.496 25.017 23.377 21.952 20.291 18.285 16.140 14.205 12.537 11.114 9.880 8.801 7.789 6.755
0.000 0.000 0.000 0.000 0.000 0.000 0.001 0.006 0.022 0.069 0.177 0.368 0.655 1.040 1.541 2.201 3.073 4.191 5.554 7.131 8.874 10.708 12.623 14.704 17.006 19.104 20.875 22.261 23.488 24.460 25.239 25.748 26.009 26.203 26.326 26.458 26.911 27.310 27.745 28.503 28.914 29.408 30.327 31.183 31.691 32.177 32.139 32.033 32.388 32.071 31.701 31.151 30.449 29.956 29.727 29.843 29.797 29.803 29.770 29.280 28.596 27.820 26.664 25.399 24.043 22.316 20.697 19.186 17.428 15.389 13.421 11.695 10.206 8.823 7.503 6.224 5.041
0.000 0.000 0.000 0.000 0.000 0.000 0.001 0.004 0.021 0.080 0.230 0.501 0.896 1.383 1.962 2.658 3.511 4.566 5.853 7.348 9.012 10.763 12.575 14.478 16.527 18.682 20.579 22.180 23.491 24.553 25.445 26.240 26.674 26.984 27.051 27.189 27.582 27.865 28.259 28.849 29.100 29.477 30.305 30.795 31.255 31.768 31.694 31.645 31.948 31.645 31.365 31.057 30.243 29.520 29.259 28.963 28.741 28.590 28.410 27.902 27.238 26.374 25.205 23.952 22.611 21.045 19.387 17.756 16.180 14.410 12.499 10.755 9.142 7.564 6.017 4.537 3.258
0.000 0.000 0.000 0.000 0.000 0.000 0.001 0.003 0.018 0.082 0.283 0.670 1.211 1.829 2.508 3.268 4.138 5.159 6.370 7.783 9.339 10.977 12.687 14.420 16.196 18.264 20.072 21.764 23.178 24.536 25.436 26.321 26.889 27.275 27.382 27.430 27.706 27.902 28.233 28.787 29.152 29.489 30.025 30.438 30.807 31.275 31.299 31.319 31.462 31.252 31.071 30.911 30.147 29.270 28.828 28.243 27.771 27.276 26.810 26.259 25.587 24.545 23.513 22.362 21.076 19.569 17.906 16.169 14.606 12.939 11.147 9.308 7.434 5.603 3.919 2.514 1.525
0.000 0.000 0.000 0.000 0.000 0.000 0.001 0.003 0.014 0.074 0.312 0.841 1.589 2.371 3.168 4.009 4.917 5.941 7.109 8.427 9.876 11.382 12.908 14.492 16.164 18.005 19.654 21.331 22.782 24.328 25.418 26.406 26.988 27.517 27.608 27.549 27.847 27.992 28.276 28.750 28.921 29.090 29.433 29.831 30.105 30.590 30.612 30.664 30.860 30.721 30.525 30.355 29.644 28.750 28.127 27.356 26.683 25.881 25.185 24.441 23.661 22.598 21.583 20.450 19.225 17.733 16.175 14.441 12.729 10.936 8.984 6.918 4.892 3.133 1.804 0.923 0.438
0.000 0.000 0.000 0.000 0.001 0.001 0.002 0.003 0.011 0.062 0.307 0.941 1.893 2.854 3.806 4.787 5.797 6.865 8.039 9.314 10.664 12.026 13.394 14.815 16.295 17.922 19.497 20.996 22.498 23.925 25.211 26.345 26.974 27.566 27.643 27.612 27.910 28.015 28.300 28.687 28.777 28.778 28.985 29.228 29.532 30.084 30.130 30.194 30.478 30.325 30.134 29.896 29.069 28.110 27.312 26.374 25.486 24.627 23.650 22.681 21.681 20.603 19.533 18.378 17.214 15.755 14.228 12.510 10.653 8.639 6.476 4.415 2.707 1.434 0.630 0.230 0.081
0.000 0.000 0.001 0.001 0.002 0.003 0.004 0.005 0.011 0.051 0.278 0.947 2.040 3.197 4.316 5.464 6.654 7.884 9.157 10.466 11.754 12.969 14.161 15.358 16.653 18.003 19.383 20.790 22.228 23.459 24.742 25.935 26.564 27.131 27.272 27.332 27.558 27.655 27.872 28.133 28.156 28.116 28.295 28.438 28.814 29.250 29.346 29.420 29.659 29.522 29.256 28.910 28.107 27.142 26.156 25.131 24.155 23.147 21.868 20.755 19.572 18.479 17.372 16.206 14.996 13.632 12.106 10.349 8.381 6.290 4.272 2.558 1.311 0.553 0.185 0.052 0.016
0.001 0.001 0.002 0.003 0.004 0.005 0.006 0.008 0.013 0.039 0.219 0.870 2.045 3.397 4.696 6.026 7.430 8.919 10.398 11.780 13.018 14.136 15.214 16.252 17.339 18.516 19.691 20.955 22.203 23.275 24.432 25.545 26.079 26.658 26.829 26.886 27.186 27.331 27.455 27.658 27.380 27.195 27.399 27.374 27.658 28.073 28.150 28.174 28.309 28.145 27.935 27.540 26.666 25.715 24.676 23.467 22.321 21.119 19.824 18.602 17.292 16.142 15.010 13.844 12.640 11.282 9.719 7.922 5.922 4.002 2.375 1.185 0.482 0.159 0.044 0.012 0.006
0.003 0.004 0.004 0.005 0.007 0.009 0.010 0.012 0.015 0.035 0.174 0.758 1.961 3.491 4.983 6.516 8.184 9.999 11.764 13.266 14.539 15.641 16.591 17.473 18.376 19.265 20.182 21.267 22.375 23.357 24.323 25.127 25.539 26.131 26.310 26.376 26.679 26.759 26.763 26.883 26.664 26.386 26.516 26.402 26.421 26.818 26.770 26.734 26.823 26.563 26.209 25.859 24.978 23.885 22.687 21.280 20.044 18.726 17.381 16.056 14.785 13.591 12.437 11.250 10.063 8.705 7.115 5.314 3.532 2.033 0.971 0.370 0.114 0.032 0.009 0.004 0.004
0.006 0.006 0.007 0.008 0.011 0.013 0.015 0.016 0.018 0.035 0.162 0.717 1.918 3.556 5.259 7.000 8.869 10.943 13.025 14.796 16.202 17.326 18.231 19.013 19.683 20.331 20.927 21.733 22.577 23.327 24.090 24.630 24.969 25.522 25.689 25.731 25.921 25.887 25.856 25.915 25.698 25.461 25.348 25.227 25.037 25.066 24.942 24.850 24.815 24.428 23.940 23.519 22.640 21.525 20.243 18.725 17.290 15.945 14.575 13.204 11.985 10.767 9.627 8.488 7.307 5.957 4.372 2.816 1.572 0.717 0.253 0.070 0.019 0.005 0.003 0.003 0.005
0.011 0.011 0.011 0.013 0.016 0.018 0.018 0.018 0.019 0.036 0.161 0.716 1.933 3.649 5.514 7.447 9.558 11.898 14.220 16.174 17.800 18.990 19.869 20.587 21.088 21.510 21.816 22.406 23.015 23.496 24.067 24.380 24.689 25.156 25.258 25.196 25.294 25.147 24.988 25.038 24.761 24.536 24.073 23.843 23.523 23.286 23.023 22.739 22.544 22.068 21.444 20.764 19.819 18.672 17.355 15.827 14.328 12.989 11.693 10.426 9.270 8.090 6.956 5.775 4.499 3.172 1.941 1.021 0.441 0.149 0.040 0.010 0.003 0.002 0.002 0.004 0.007
0.018 0.018 0.018 0.019 0.022 0.023 0.021 0.019 0.020 0.037 0.167 0.755 2.052 3.873 5.870 7.956 10.213 12.684 15.102 17.243 19.048 20.370 21.343 22.025 22.471 22.776 22.855 23.151 23.506 23.763 24.108 24.195 24.467 24.736 24.642 24.560 24.561 24.312 24.102 24.064 23.765 23.438 22.840 22.477 21.889 21.381 20.954 20.436 19.924 19.295 18.584 17.674 16.686 15.527 14.205 12.771 11.472 10.242 9.088 7.960 6.870 5.741 4.553 3.293 2.111 1.167 0.541 0.208 0.068 0.020 0.005 0.002 0.001 0.001 0.002 0.004 0.008
0.031 0.028 0.028 0.029 0.030 0.027 0.023 0.020 0.021 0.039 0.187 0.876 2.374 4.370 6.420 8.557 10.896 13.400 15.858 18.153 19.999 21.421 22.449 23.072 23.402 23.580 23.581 23.704 23.770 23.820 24.018 23.945 24.046 24.035 23.755 23.591 23.489 23.201 23.069 22.948 22.564 22.175 21.592 21.009 20.228 19.451 18.819 18.093 17.376 16.630 15.819 14.815 13.706 12.538 11.319 10.050 8.908 7.784 6.766 5.763 4.750 3.653 2.496 1.440 0.680 0.256 0.082 0.025 0.008 0.002 0.001 0.001 0.001 0.001 0.002 0.004 0.008
0.051 0.047 0.043 0.039 0.035 0.029 0.023 0.021 0.022 0.046 0.244 1.142 3.005 5.211 7.261 9.338 11.571 13.921 16.266 18.477 20.458 22.199 23.386 23.923 24.208 24.253 24.182 24.224 24.132 23.995 24.115 23.907 23.701 23.403 22.890 22.499 22.388 22.064 21.867 21.701 21.249 20.792 20.240 19.411 18.494 17.556 16.730 15.861 15.035 14.165 13.240 12.179 11.026 9.867 8.729 7.630 6.619 5.619 4.683 3.748 2.802 1.853 1.014 0.430 0.136 0.035 0.009 0.003 0.001 0.001 0.001 0.001 0.001 0.001 0.002 0.004 0.007
0.072 0.066 0.056 0.046 0.037 0.029 0.024 0.023 0.026 0.067 0.367 1.611 3.989 6.271 8.192 10.115 12.159 14.331 16.647 18.827 20.731 22.442 23.722 24.420 24.860 24.816 24.688 24.670 24.534 24.281 24.203 23.745 23.270 22.673 21.924 21.290 20.955 20.630 20.318 20.068 19.678 19.182 18.618 17.748 16.740 15.649 14.722 13.755 12.850 11.882 10.863 9.743 8.588 7.469 6.435 5.474 4.581 3.684 2.792 1.952 1.221 0.643 0.262 0.079 0.018 0.004 0.001 0.001 0.000 0.000 0.000 0.000 0.001 0.001 0.001 0.003 0.007
0.081 0.073 0.061 0.048 0.037 0.030 0.026 0.026 0.031 0.079 0.430 1.935 4.790 7.122 8.897 10.671 12.534 14.558 16.806 18.890 20.724 22.510 23.922 24.546 24.916 24.847 24.812 24.766 24.617 24.279 23.915 23.184 22.507 21.677 20.681 19.974 19.416 18.998 18.632 18.185 17.735 17.366 16.835 15.976 14.952 13.775 12.739 11.723 10.720 9.701 8.648 7.508 6.386 5.340 4.393 3.523 2.707 1.934 1.242 0.697 0.331 0.127 0.039 0.010 0.002 0.001 0.001 0.000 0.000 0.000 0.000 0.000 0.000 0.001 0.001 0.003 0.009
