RESULTS/r.avaflow_results/13_results/13_ascii/13_hflow10049.asc
ncols 506
nrows 317
xllcenter 498237.50
yllcenter 5580050.00
cellsize 12.50
NODATA_value -9999.000
[rows 170 to 203 of 317, columns 154 to 230 of 506]
13.276 11.768 10.353 9.069 7.942 6.911 6.018 5.246 4.558 3.964 3.427 2.956 2.540 2.170 1.845 1.555 1.300 1.075 0.878 0.708 0.561 0.437 0.333 0.248 0.182 0.134 0.103 0.085 0.074 0.069 0.067 0.066 0.066 0.066 0.066 0.066 0.067 0.068 0.068 0.066 0.062 0.057 0.054 0.051 0.048 0.043 0.038 0.031 0.024 0.018 0.013 0.010 0.007 0.006 0.005 0.004 0.004 0.004 0.004 0.004 0.004 0.004 0.004 0.004 0.004 0.004 0.004 0.005 0.007 0.013 0.021 0.027 0.028 0.028 0.024 0.016 0.009
14.407 12.870 11.407 10.054 8.849 7.749 6.777 5.928 5.159 4.496 3.904 3.378 2.918 2.501 2.131 1.800 1.511 1.255 1.029 0.831 0.659 0.513 0.390 0.289 0.210 0.152 0.112 0.088 0.076 0.072 0.072 0.073 0.073 0.073 0.073 0.071 0.070 0.069 0.068 0.065 0.060 0.055 0.051 0.047 0.042 0.036 0.028 0.020 0.013 0.008 0.006 0.004 0.004 0.003 0.003 0.003 0.003 0.003 0.003 0.003 0.003 0.003 0.003 0.003 0.003 0.003 0.003 0.004 0.005 0.009 0.016 0.023 0.026 0.026 0.025 0.021 0.014
15.303 13.738 12.254 10.859 9.591 8.440 7.400 6.490 5.676 4.954 4.313 3.744 3.244 2.786 2.379 2.016 1.695 1.413 1.166 0.949 0.759 0.595 0.455 0.338 0.245 0.174 0.123 0.092 0.076 0.071 0.071 0.073 0.074 0.074 0.073 0.071 0.069 0.067 0.064 0.060 0.053 0.045 0.039 0.034 0.028 0.021 0.014 0.008 0.005 0.004 0.003 0.002 0.002 0.002 0.002 0.002 0.002 0.002 0.003 0.003 0.003 0.002 0.002 0.002 0.002 0.002 0.002 0.003 0.004 0.006 0.011 0.018 0.023 0.025 0.026 0.024 0.019
15.904 14.359 12.866 11.458 10.156 8.997 7.924 6.965 6.107 5.344 4.662 4.053 3.519 3.032 2.597 2.203 1.856 1.550 1.281 1.047 0.844 0.668 0.518 0.391 0.286 0.203 0.141 0.100 0.078 0.069 0.068 0.069 0.070 0.070 0.069 0.066 0.063 0.059 0.054 0.047 0.036 0.027 0.020 0.016 0.012 0.008 0.005 0.003 0.002 0.002 0.001 0.001 0.001 0.001 0.001 0.002 0.002 0.002 0.002 0.002 0.002 0.002 0.002 0.002 0.002 0.002 0.002 0.002 0.003 0.004 0.007 0.013 0.020 0.024 0.025 0.025 0.023
16.241 14.726 13.241 11.870 10.578 9.419 8.339 7.357 6.477 5.680 4.958 4.317 3.751 3.236 2.774 2.359 1.991 1.664 1.377 1.128 0.913 0.727 0.568 0.435 0.324 0.235 0.165 0.115 0.084 0.068 0.062 0.061 0.060 0.060 0.058 0.054 0.049 0.043 0.036 0.027 0.018 0.012 0.008 0.006 0.004 0.003 0.002 0.002 0.001 0.001 0.001 0.001 0.001 0.001 0.001 0.001 0.002 0.002 0.002 0.002 0.002 0.002 0.001 0.001 0.001 0.001 0.001 0.002 0.002 0.003 0.005 0.008 0.016 0.022 0.025 0.025 0.024
16.378 14.891 13.454 12.115 10.851 9.711 8.642 7.657 6.766 5.937 5.198 4.530 3.930 3.396 2.914 2.480 2.093 1.751 1.450 1.189 0.964 0.770 0.605 0.466 0.351 0.259 0.186 0.132 0.095 0.072 0.059 0.052 0.047 0.043 0.038 0.033 0.028 0.023 0.018 0.012 0.008 0.005 0.004 0.003 0.002 0.002 0.001 0.001 0.001 0.001 0.001 0.001 0.001 0.001 0.001 0.001 0.002 0.002 0.002 0.002 0.002 0.001 0.001 0.001 0.001 0.001 0.001 0.001 0.002 0.002 0.003 0.006 0.011 0.019 0.023 0.024 0.024
16.426 14.950 13.545 12.254 11.031 9.906 8.846 7.870 6.971 6.137 5.382 4.692 4.067 3.509 3.010 2.562 2.163 1.810 1.499 1.229 0.996 0.797 0.627 0.484 0.367 0.272 0.199 0.143 0.103 0.075 0.057 0.044 0.034 0.026 0.019 0.015 0.012 0.010 0.008 0.005 0.003 0.002 0.002 0.001 0.001 0.001 0.001 0.001 0.001 0.001 0.001 0.001 0.001 0.001 0.001 0.002 0.002 0.002 0.002 0.002 0.002 0.001 0.001 0.001 0.001 0.001 0.001 0.001 0.001 0.002 0.002 0.004 0.007 0.014 0.020 0.023 0.023
16.405 14.940 13.574 12.316 11.133 10.026 8.987 8.019 7.122 6.287 5.516 4.815 4.173 3.595 3.077 2.613 2.201 1.840 1.521 1.245 1.009 0.807 0.636 0.492 0.373 0.278 0.204 0.148 0.106 0.076 0.053 0.036 0.023 0.014 0.009 0.006 0.005 0.004 0.003 0.002 0.002 0.001 0.001 0.001 0.001 0.001 0.001 0.001 0.001 0.001 0.001 0.001 0.001 0.001 0.001 0.002 0.002 0.002 0.002 0.002 0.002 0.001 0.001 0.001 0.001 0.001 0.001 0.001 0.001 0.001 0.002 0.003 0.005 0.009 0.015 0.020 0.021
16.329 14.893 13.551 12.318 11.176 10.101 9.094 8.130 7.249 6.414 5.638 4.922 4.261 3.667 3.129 2.647 2.218 1.846 1.524 1.246 1.010 0.808 0.638 0.494 0.374 0.278 0.204 0.146 0.103 0.071 0.045 0.025 0.013 0.007 0.004 0.003 0.002 0.002 0.002 0.001 0.001 0.001 0.001 0.001 0.001 0.001 0.001 0.001 0.001 0.001 0.001 0.001 0.001 0.002 0.002 0.002 0.002 0.002 0.002 0.002 0.002 0.001 0.001 0.001 0.001 0.001 0.001 0.001 0.001 0.001 0.002 0.002 0.004 0.006 0.011 0.015 0.019
16.124 14.779 13.486 12.279 11.157 10.133 9.166 8.237 7.378 6.534 5.757 5.032 4.358 3.739 3.178 2.673 2.231 1.848 1.520 1.238 1.002 0.802 0.634 0.490 0.370 0.272 0.194 0.133 0.087 0.052 0.027 0.013 0.006 0.003 0.002 0.001 0.001 0.001 0.001 0.001 0.001 0.001 0.001 0.001 0.001 0.001 0.001 0.001 0.001 0.001 0.001 0.002 0.002 0.002 0.002 0.002 0.002 0.002 0.002 0.002 0.002 0.002 0.001 0.001 0.001 0.001 0.001 0.001 0.001 0.001 0.001 0.002 0.003 0.005 0.007 0.011 0.015
15.782 14.531 13.314 12.169 11.115 10.148 9.228 8.333 7.496 6.664 5.888 5.157 4.464 3.813 3.231 2.704 2.241 1.844 1.507 1.219 0.981 0.781 0.613 0.471 0.351 0.251 0.166 0.098 0.051 0.024 0.011 0.005 0.003 0.002 0.001 0.001 0.001 0.001 0.001 0.001 0.001 0.001 0.001 0.001 0.001 0.001 0.001 0.001 0.001 0.001 0.002 0.002 0.003 0.003 0.003 0.003 0.003 0.003 0.002 0.002 0.002 0.002 0.001 0.001 0.001 0.001 0.001 0.001 0.001 0.001 0.001 0.002 0.002 0.004 0.005 0.008 0.011
15.276 14.133 13.021 11.971 10.999 10.095 9.254 8.428 7.637 6.824 6.026 5.259 4.535 3.868 3.269 2.726 2.247 1.834 1.483 1.186 0.938 0.731 0.559 0.417 0.298 0.194 0.107 0.048 0.019 0.008 0.004 0.002 0.001 0.001 0.001 0.001 0.001 0.001 0.001 0.001 0.001 0.001 0.001 0.001 0.001 0.001 0.001 0.001 0.001 0.002 0.002 0.003 0.004 0.004 0.004 0.004 0.004 0.004 0.003 0.003 0.002 0.002 0.002 0.001 0.001 0.001 0.001 0.001 0.001 0.001 0.001 0.002 0.002 0.003 0.005 0.006 0.009
14.625 13.582 12.571 11.664 10.813 10.019 9.247 8.482 7.743 6.939 6.111 5.307 4.563 3.890 3.284 2.734 2.244 1.815 1.443 1.123 0.843 0.604 0.414 0.273 0.170 0.092 0.040 0.015 0.006 0.003 0.002 0.001 0.001 0.001 0.001 0.001 0.001 0.001 0.001 0.001 0.001 0.001 0.001 0.001 0.001 0.001 0.001 0.001 0.002 0.002 0.003 0.005 0.005 0.006 0.006 0.006 0.005 0.005 0.004 0.003 0.003 0.002 0.002 0.002 0.001 0.001 0.001 0.001 0.001 0.001 0.001 0.002 0.002 0.003 0.004 0.006 0.008
13.878 12.910 12.014 11.232 10.514 9.847 9.187 8.497 7.782 6.992 6.145 5.316 4.563 3.887 3.272 2.710 2.194 1.727 1.300 0.919 0.588 0.332 0.175 0.094 0.049 0.024 0.010 0.004 0.002 0.001 0.001 0.001 0.001 0.001 0.001 0.001 0.001 0.001 0.001 0.001 0.001 0.001 0.001 0.001 0.001 0.001 0.001 0.002 0.002 0.003 0.005 0.007 0.009 0.009 0.009 0.009 0.008 0.007 0.005 0.004 0.003 0.003 0.002 0.002 0.002 0.001 0.001 0.001 0.001 0.001 0.001 0.002 0.002 0.003 0.004 0.006 0.007
13.074 12.147 11.330 10.626 10.044 9.517 8.985 8.408 7.731 6.972 6.121 5.256 4.464 3.762 3.115 2.505 1.915 1.364 0.865 0.466 0.218 0.094 0.041 0.020 0.010 0.005 0.003 0.002 0.001 0.001 0.001 0.001 0.001 0.001 0.001 0.001 0.001 0.001 0.001 0.001 0.001 0.001 0.001 0.001 0.001 0.001 0.002 0.002 0.004 0.006 0.010 0.013 0.015 0.016 0.016 0.015 0.012 0.010 0.008 0.006 0.005 0.004 0.003 0.002 0.002 0.002 0.001 0.001 0.001 0.001 0.002 0.002 0.002 0.003 0.004 0.006 0.008
12.263 11.353 10.536 9.827 9.245 8.757 8.300 7.824 7.256 6.597 5.799 4.903 3.980 3.164 2.446 1.782 1.156 0.640 0.297 0.119 0.044 0.018 0.009 0.005 0.003 0.002 0.001 0.001 0.001 0.001 0.001 0.001 0.001 0.001 0.001 0.001 0.001 0.001 0.001 0.001 0.001 0.001 0.001 0.001 0.002 0.002 0.003 0.005 0.008 0.014 0.022 0.027 0.030 0.031 0.029 0.024 0.019 0.015 0.011 0.009 0.007 0.005 0.004 0.003 0.002 0.002 0.002 0.002 0.002 0.002 0.002 0.002 0.003 0.004 0.005 0.007 0.009
11.412 10.467 9.555 8.703 7.934 7.289 6.749 6.258 5.748 5.186 4.498 3.637 2.617 1.742 1.102 0.662 0.356 0.158 0.058 0.021 0.009 0.004 0.003 0.002 0.001 0.001 0.001 0.001 0.001 0.001 0.001 0.001 0.001 0.001 0.001 0.001 0.001 0.001 0.001 0.001 0.002 0.002 0.002 0.002 0.003 0.004 0.007 0.012 0.022 0.038 0.051 0.060 0.062 0.059 0.050 0.039 0.029 0.022 0.017 0.013 0.010 0.007 0.005 0.004 0.003 0.003 0.002 0.002 0.002 0.002 0.002 0.003 0.003 0.005 0.007 0.010 0.014
10.356 9.272 8.239 7.209 6.130 5.125 4.295 3.619 3.049 2.534 2.016 1.465 0.914 0.510 0.272 0.142 0.068 0.028 0.011 0.005 0.003 0.002 0.002 0.001 0.001 0.001 0.001 0.001 0.001 0.001 0.001 0.001 0.001 0.001 0.002 0.002 0.002 0.002 0.002 0.003 0.003 0.004 0.004 0.006 0.008 0.011 0.020 0.037 0.064 0.093 0.112 0.119 0.111 0.091 0.071 0.055 0.043 0.034 0.027 0.020 0.015 0.011 0.008 0.006 0.005 0.004 0.003 0.003 0.003 0.003 0.003 0.003 0.004 0.006 0.009 0.014 0.021
8.994 7.800 6.645 5.463 4.266 3.171 2.260 1.576 1.102 0.773 0.533 0.338 0.192 0.101 0.053 0.028 0.014 0.007 0.004 0.002 0.002 0.002 0.001 0.001 0.001 0.001 0.001 0.001 0.001 0.001 0.002 0.002 0.002 0.002 0.003 0.003 0.004 0.004 0.005 0.007 0.008 0.010 0.013 0.017 0.024 0.037 0.066 0.113 0.160 0.190 0.199 0.179 0.142 0.108 0.083 0.066 0.054 0.044 0.036 0.028 0.021 0.015 0.011 0.008 0.006 0.005 0.004 0.003 0.003 0.003 0.003 0.003 0.004 0.006 0.010 0.016 0.023
7.354 6.100 4.876 3.702 2.632 1.723 1.030 0.580 0.326 0.192 0.116 0.069 0.040 0.023 0.013 0.008 0.005 0.003 0.002 0.002 0.002 0.002 0.001 0.001 0.001 0.002 0.002 0.002 0.002 0.002 0.003 0.004 0.004 0.005 0.007 0.008 0.010 0.013 0.017 0.022 0.028 0.035 0.046 0.061 0.083 0.126 0.200 0.273 0.309 0.303 0.262 0.204 0.152 0.115 0.089 0.072 0.059 0.049 0.040 0.031 0.023 0.017 0.013 0.009 0.007 0.005 0.004 0.003 0.003 0.003 0.003 0.003 0.004 0.006 0.010 0.016 0.024
5.418 4.112 2.957 2.009 1.262 0.712 0.361 0.173 0.087 0.049 0.031 0.021 0.014 0.010 0.007 0.005 0.004 0.003 0.002 0.002 0.002 0.002 0.002 0.002 0.002 0.002 0.003 0.004 0.005 0.006 0.008 0.010 0.013 0.017 0.021 0.027 0.034 0.045 0.060 0.077 0.098 0.124 0.156 0.194 0.248 0.330 0.414 0.450 0.430 0.365 0.280 0.208 0.156 0.118 0.092 0.074 0.061 0.051 0.041 0.032 0.024 0.018 0.013 0.009 0.007 0.005 0.004 0.003 0.003 0.002 0.002 0.003 0.003 0.006 0.009 0.016 0.023
3.123 2.082 1.321 0.777 0.412 0.199 0.094 0.047 0.027 0.019 0.016 0.013 0.011 0.009 0.006 0.005 0.004 0.003 0.003 0.002 0.002 0.002 0.002 0.003 0.004 0.006 0.008 0.011 0.015 0.021 0.027 0.036 0.047 0.059 0.074 0.093 0.121 0.160 0.204 0.249 0.298 0.351 0.401 0.446 0.492 0.538 0.561 0.542 0.476 0.376 0.281 0.209 0.157 0.120 0.094 0.075 0.061 0.050 0.041 0.032 0.024 0.018 0.013 0.009 0.006 0.005 0.003 0.003 0.002 0.002 0.002 0.002 0.002 0.004 0.007 0.012 0.019
1.263 0.732 0.394 0.196 0.094 0.048 0.029 0.021 0.017 0.016 0.014 0.013 0.012 0.010 0.007 0.005 0.004 0.004 0.003 0.003 0.003 0.003 0.005 0.007 0.011 0.018 0.027 0.039 0.056 0.075 0.099 0.128 0.162 0.200 0.244 0.300 0.378 0.461 0.538 0.597 0.633 0.639 0.635 0.631 0.630 0.628 0.611 0.562 0.480 0.375 0.280 0.209 0.157 0.120 0.094 0.076 0.061 0.049 0.038 0.029 0.021 0.015 0.011 0.008 0.005 0.004 0.003 0.002 0.002 0.001 0.001 0.001 0.001 0.002 0.003 0.006 0.012
0.328 0.167 0.084 0.044 0.027 0.021 0.019 0.019 0.018 0.018 0.017 0.017 0.015 0.013 0.010 0.007 0.006 0.005 0.005 0.005 0.006 0.008 0.014 0.023 0.039 0.064 0.099 0.145 0.202 0.265 0.336 0.415 0.497 0.581 0.668 0.770 0.875 0.942 0.953 0.914 0.849 0.778 0.724 0.689 0.665 0.643 0.614 0.560 0.478 0.373 0.279 0.208 0.156 0.119 0.092 0.073 0.056 0.042 0.030 0.022 0.015 0.010 0.007 0.005 0.003 0.002 0.002 0.001 0.001 0.001 0.001 0.001 0.001 0.001 0.001 0.003 0.005
0.065 0.035 0.022 0.018 0.018 0.019 0.021 0.024 0.026 0.027 0.027 0.026 0.024 0.019 0.015 0.012 0.010 0.009 0.010 0.011 0.015 0.026 0.048 0.086 0.145 0.232 0.353 0.495 0.638 0.777 0.915 1.051 1.171 1.264 1.329 1.363 1.349 1.283 1.171 1.037 0.906 0.802 0.732 0.691 0.661 0.633 0.598 0.543 0.462 0.358 0.266 0.196 0.145 0.108 0.081 0.061 0.043 0.029 0.018 0.012 0.008 0.005 0.004 0.003 0.002 0.001 0.001 0.001 0.001 0.001 0.001 0.001 0.001 0.001 0.001 0.001 0.002
0.015 0.012 0.013 0.015 0.019 0.026 0.034 0.041 0.046 0.047 0.047 0.045 0.039 0.032 0.027 0.024 0.022 0.023 0.025 0.033 0.053 0.096 0.178 0.309 0.493 0.737 1.030 1.307 1.522 1.678 1.782 1.838 1.850 1.832 1.781 1.698 1.571 1.407 1.223 1.051 0.907 0.795 0.717 0.664 0.620 0.573 0.520 0.456 0.372 0.281 0.206 0.149 0.108 0.078 0.055 0.037 0.024 0.015 0.009 0.006 0.004 0.003 0.002 0.002 0.001 0.001 0.001 0.001 0.001 0.001 0.001 0.001 0.001 0.001 0.001 0.001 0.001
0.007 0.009 0.013 0.019 0.029 0.044 0.060 0.073 0.080 0.082 0.081 0.076 0.065 0.057 0.053 0.053 0.056 0.063 0.077 0.111 0.189 0.341 0.583 0.912 1.310 1.734 2.104 2.333 2.420 2.424 2.367 2.277 2.174 2.065 1.942 1.796 1.622 1.423 1.221 1.045 0.896 0.770 0.665 0.577 0.495 0.414 0.336 0.263 0.194 0.138 0.099 0.072 0.052 0.037 0.026 0.017 0.011 0.007 0.004 0.003 0.002 0.002 0.001 0.001 0.001 0.001 0.001 0.000 0.000 0.000 0.000 0.000 0.000 0.000 0.001 0.001 0.001
0.007 0.011 0.018 0.031 0.049 0.075 0.101 0.119 0.129 0.133 0.131 0.125 0.115 0.111 0.115 0.128 0.149 0.181 0.240 0.365 0.598 0.966 1.441 1.938 2.372 2.681 2.857 2.914 2.880 2.780 2.625 2.438 2.269 2.116 1.965 1.807 1.627 1.422 1.210 1.021 0.849 0.688 0.539 0.403 0.289 0.204 0.144 0.101 0.070 0.049 0.036 0.027 0.020 0.015 0.011 0.007 0.005 0.003 0.002 0.002 0.001 0.001 0.001 0.001 0.000 0.000 0.000 0.000 0.000 0.000 0.000 0.000 0.000 0.000 0.000 0.000 0.001
0.008 0.016 0.029 0.050 0.080 0.118 0.154 0.180 0.197 0.206 0.209 0.208 0.208 0.218 0.246 0.295 0.363 0.464 0.639 0.940 1.382 1.881 2.336 2.704 2.977 3.126 3.162 3.138 3.066 2.936 2.739 2.495 2.291 2.124 1.969 1.809 1.624 1.406 1.161 0.923 0.705 0.505 0.332 0.208 0.129 0.081 0.052 0.035 0.025 0.018 0.014 0.011 0.008 0.006 0.005 0.003 0.002 0.001 0.001 0.001 0.001 0.000 0.000 0.000 0.000 0.000 0.000 0.000 0.000 0.000 0.000 0.000 0.000 0.000 0.000 0.000 0.000
0.011 0.023 0.044 0.077 0.122 0.175 0.222 0.260 0.289 0.310 0.326 0.342 0.364 0.403 0.473 0.577 0.718 0.923 1.219 1.616 2.063 2.455 2.766 3.010 3.176 3.247 3.253 3.230 3.158 3.014 2.790 2.513 2.284 2.104 1.937 1.760 1.547 1.286 0.984 0.696 0.452 0.273 0.159 0.092 0.054 0.033 0.022 0.015 0.011 0.008 0.006 0.005 0.004 0.003 0.002 0.001 0.001 0.001 0.000 0.000 0.000 0.000 0.000 0.000 0.000 0.000 0.000 0.000 0.000 0.000 0.000 0.000 0.000 0.000 0.000 0.000 0.000
0.015 0.032 0.066 0.117 0.183 0.251 0.312 0.365 0.408 0.445 0.481 0.520 0.567 0.629 0.720 0.849 1.030 1.279 1.601 1.989 2.354 2.645 2.882 3.078 3.214 3.282 3.298 3.283 3.208 3.046 2.800 2.501 2.215 1.964 1.727 1.485 1.221 0.922 0.619 0.380 0.219 0.123 0.069 0.041 0.025 0.017 0.011 0.008 0.006 0.005 0.003 0.003 0.002 0.001 0.001 0.001 0.000 0.000 0.000 0.000 0.000 0.000 0.000 0.000 0.000 0.000 0.000 0.000 0.000 0.000 0.000 0.000 0.000 0.000 0.000 0.000 0.000
0.020 0.049 0.104 0.186 0.273 0.352 0.420 0.475 0.521 0.565 0.609 0.657 0.713 0.782 0.876 1.006 1.194 1.450 1.763 2.119 2.429 2.683 2.900 3.082 3.219 3.295 3.317 3.296 3.208 3.032 2.760 2.407 2.006 1.608 1.242 0.918 0.647 0.427 0.266 0.157 0.090 0.052 0.031 0.020 0.014 0.010 0.007 0.005 0.004 0.003 0.002 0.001 0.001 0.001 0.000 0.000 0.000 0.000 0.000 0.000 0.000 0.000 0.000 0.000 0.000 0.000 0.000 0.000 0.000 0.000 0.000 0.000 0.000 0.000 0.000 0.000 0.000
0.032 0.085 0.181 0.294 0.384 0.452 0.509 0.560 0.606 0.651 0.697 0.745 0.799 0.867 0.959 1.085 1.265 1.512 1.822 2.157 2.445 2.689 2.894 3.052 3.153 3.194 3.171 3.101 2.977 2.772 2.471 2.069 1.561 1.044 0.653 0.403 0.248 0.153 0.094 0.058 0.036 0.023 0.015 0.011 0.008 0.007 0.005 0.004 0.003 0.002 0.001 0.001 0.000 0.000 0.000 0.000 0.000 0.000 0.000 0.000 0.000 0.000 0.000 0.000 0.000 0.000 0.000 0.000 0.000 0.000 0.000 0.000 0.000 0.000 0.000 0.000 0.000
0.061 0.151 0.286 0.400 0.472 0.526 0.576 0.623 0.667 0.709 0.750 0.793 0.843 0.905 0.992 1.114 1.287 1.529 1.845 2.172 2.443 2.659 2.805 2.870 2.849 2.744 2.570 2.391 2.202 1.976 1.698 1.344 0.897 0.516 0.282 0.154 0.086 0.051 0.032 0.021 0.014 0.010 0.008 0.007 0.006 0.005 0.004 0.003 0.002 0.001 0.001 0.000 0.000 0.000 0.000 0.000 0.000 0.000 0.000 0.000 0.000 0.000 0.000 0.000 0.000 0.000 0.000 0.000 0.000 0.000 0.000 0.000 0.000 0.000 0.000 0.000 0.000
