RESULTS/r.avaflow_results/13_results/13_ascii/13_hflow10020.asc
ncols 506
nrows 317
xllcenter 498237.50
yllcenter 5580050.00
cellsize 12.50
NODATA_value -9999.000
[rows 170 to 203 of 317, columns 154 to 230 of 506]
10.288 8.796 7.475 6.313 5.339 4.475 3.769 3.177 2.686 2.268 1.912 1.612 1.354 1.139 0.955 0.800 0.669 0.555 0.456 0.368 0.292 0.227 0.174 0.133 0.105 0.087 0.077 0.071 0.067 0.063 0.060 0.059 0.059 0.058 0.057 0.056 0.055 0.056 0.058 0.058 0.056 0.054 0.053 0.052 0.052 0.051 0.049 0.045 0.041 0.037 0.032 0.027 0.021 0.016 0.012 0.010 0.008 0.007 0.006 0.005 0.005 0.004 0.003 0.002 0.002 0.002 0.002 0.002 0.002 0.003 0.004 0.007 0.013 0.023 0.031 0.035 0.036
11.957 10.482 9.070 7.742 6.608 5.602 4.737 4.003 3.391 2.867 2.418 2.044 1.728 1.457 1.222 1.023 0.853 0.702 0.571 0.457 0.358 0.275 0.208 0.155 0.117 0.092 0.077 0.069 0.065 0.064 0.064 0.065 0.067 0.068 0.067 0.064 0.062 0.061 0.061 0.060 0.058 0.055 0.053 0.052 0.051 0.049 0.046 0.041 0.034 0.027 0.020 0.014 0.009 0.007 0.005 0.004 0.004 0.003 0.003 0.003 0.003 0.002 0.002 0.001 0.001 0.001 0.001 0.001 0.001 0.001 0.002 0.004 0.008 0.015 0.023 0.029 0.031
13.358 12.003 10.630 9.233 7.959 6.824 5.822 4.947 4.202 3.559 3.008 2.547 2.157 1.821 1.527 1.277 1.060 0.870 0.709 0.567 0.443 0.339 0.253 0.185 0.135 0.101 0.079 0.066 0.060 0.060 0.061 0.065 0.069 0.070 0.069 0.066 0.063 0.061 0.060 0.058 0.055 0.051 0.048 0.045 0.043 0.039 0.034 0.027 0.018 0.012 0.007 0.005 0.004 0.003 0.002 0.002 0.002 0.002 0.002 0.002 0.002 0.001 0.001 0.001 0.001 0.001 0.001 0.001 0.001 0.001 0.001 0.002 0.005 0.010 0.018 0.023 0.026
14.351 13.097 11.794 10.399 9.049 7.827 6.744 5.770 4.925 4.202 3.580 3.037 2.560 2.159 1.808 1.507 1.250 1.026 0.834 0.670 0.528 0.409 0.307 0.226 0.162 0.116 0.085 0.067 0.057 0.053 0.054 0.058 0.064 0.066 0.066 0.063 0.060 0.057 0.055 0.052 0.047 0.040 0.033 0.029 0.025 0.020 0.015 0.010 0.006 0.004 0.002 0.002 0.001 0.001 0.001 0.001 0.001 0.001 0.001 0.001 0.001 0.001 0.001 0.001 0.001 0.000 0.000 0.000 0.001 0.001 0.001 0.002 0.003 0.007 0.014 0.019 0.022
14.941 13.734 12.517 11.201 9.855 8.623 7.502 6.467 5.547 4.735 4.035 3.429 2.893 2.441 2.042 1.699 1.408 1.152 0.934 0.751 0.595 0.463 0.352 0.262 0.190 0.135 0.096 0.072 0.057 0.049 0.046 0.047 0.051 0.055 0.056 0.054 0.050 0.047 0.043 0.039 0.032 0.022 0.016 0.012 0.009 0.007 0.005 0.003 0.002 0.001 0.001 0.001 0.001 0.001 0.001 0.001 0.001 0.001 0.001 0.001 0.001 0.001 0.000 0.000 0.000 0.000 0.000 0.000 0.000 0.000 0.001 0.001 0.003 0.006 0.011 0.016 0.018
15.195 14.053 12.894 11.682 10.414 9.172 8.033 6.973 6.008 5.149 4.385 3.725 3.142 2.645 2.211 1.838 1.523 1.244 1.008 0.808 0.642 0.502 0.384 0.287 0.210 0.151 0.108 0.079 0.061 0.050 0.043 0.040 0.040 0.041 0.039 0.035 0.032 0.028 0.025 0.021 0.015 0.010 0.006 0.004 0.003 0.002 0.001 0.001 0.001 0.001 0.001 0.001 0.001 0.001 0.001 0.001 0.000 0.000 0.000 0.000 0.000 0.000 0.000 0.000 0.000 0.000 0.000 0.000 0.000 0.000 0.000 0.001 0.002 0.004 0.009 0.013 0.016
15.271 14.176 13.085 11.959 10.764 9.541 8.395 7.316 6.319 5.417 4.612 3.923 3.302 2.771 2.317 1.926 1.591 1.298 1.051 0.844 0.671 0.524 0.402 0.302 0.221 0.159 0.115 0.085 0.065 0.052 0.042 0.036 0.031 0.026 0.020 0.015 0.013 0.012 0.010 0.008 0.006 0.004 0.002 0.001 0.001 0.001 0.001 0.001 0.001 0.001 0.001 0.000 0.000 0.000 0.000 0.000 0.000 0.000 0.000 0.000 0.000 0.000 0.000 0.000 0.000 0.000 0.000 0.000 0.000 0.000 0.000 0.001 0.001 0.003 0.006 0.010 0.013
15.264 14.185 13.132 12.071 10.956 9.762 8.596 7.512 6.504 5.579 4.750 4.034 3.389 2.842 2.370 1.968 1.619 1.319 1.070 0.859 0.681 0.533 0.409 0.307 0.226 0.163 0.117 0.087 0.067 0.052 0.041 0.031 0.022 0.013 0.007 0.005 0.004 0.004 0.003 0.003 0.002 0.001 0.001 0.001 0.001 0.001 0.001 0.001 0.000 0.000 0.000 0.000 0.000 0.000 0.000 0.000 0.000 0.000 0.000 0.000 0.000 0.000 0.000 0.000 0.000 0.000 0.000 0.000 0.000 0.000 0.000 0.000 0.001 0.002 0.004 0.008 0.011
15.131 14.126 13.121 12.099 11.025 9.886 8.716 7.623 6.608 5.668 4.831 4.097 3.437 2.874 2.388 1.978 1.625 1.322 1.071 0.860 0.681 0.533 0.409 0.307 0.226 0.163 0.118 0.087 0.066 0.049 0.035 0.022 0.011 0.005 0.002 0.002 0.001 0.001 0.001 0.001 0.001 0.001 0.001 0.001 0.001 0.001 0.000 0.000 0.000 0.000 0.000 0.000 0.000 0.000 0.000 0.000 0.000 0.000 0.000 0.000 0.000 0.000 0.000 0.000 0.000 0.000 0.000 0.000 0.000 0.000 0.000 0.000 0.001 0.001 0.003 0.005 0.008
14.879 13.961 13.034 12.067 11.032 9.921 8.768 7.689 6.679 5.725 4.883 4.138 3.466 2.889 2.394 1.975 1.617 1.312 1.062 0.850 0.672 0.525 0.404 0.304 0.224 0.161 0.115 0.081 0.056 0.036 0.020 0.009 0.004 0.002 0.001 0.001 0.001 0.001 0.001 0.001 0.001 0.001 0.001 0.001 0.001 0.000 0.000 0.000 0.000 0.000 0.000 0.000 0.000 0.000 0.000 0.000 0.000 0.000 0.000 0.000 0.000 0.000 0.000 0.000 0.000 0.000 0.000 0.000 0.000 0.000 0.000 0.000 0.000 0.001 0.002 0.003 0.006
14.433 13.601 12.776 11.891 10.941 9.889 8.783 7.730 6.722 5.762 4.909 4.164 3.488 2.896 2.390 1.964 1.599 1.292 1.043 0.828 0.651 0.508 0.391 0.296 0.219 0.155 0.104 0.063 0.033 0.015 0.006 0.003 0.001 0.001 0.001 0.001 0.001 0.001 0.001 0.001 0.001 0.001 0.001 0.001 0.000 0.000 0.000 0.000 0.000 0.000 0.000 0.000 0.000 0.000 0.000 0.000 0.000 0.000 0.000 0.000 0.000 0.000 0.000 0.000 0.000 0.000 0.000 0.000 0.000 0.000 0.000 0.000 0.000 0.000 0.001 0.002 0.004
13.779 13.037 12.299 11.514 10.694 9.755 8.748 7.744 6.754 5.804 4.945 4.186 3.499 2.903 2.386 1.950 1.577 1.266 1.010 0.795 0.619 0.479 0.366 0.275 0.201 0.135 0.076 0.033 0.011 0.004 0.002 0.001 0.001 0.001 0.001 0.001 0.001 0.001 0.001 0.001 0.001 0.001 0.001 0.001 0.000 0.000 0.000 0.000 0.000 0.000 0.000 0.000 0.000 0.000 0.000 0.000 0.000 0.000 0.000 0.000 0.000 0.000 0.000 0.000 0.000 0.000 0.000 0.000 0.000 0.000 0.000 0.000 0.000 0.000 0.000 0.001 0.002
12.920 12.242 11.592 10.954 10.266 9.485 8.644 7.741 6.789 5.847 4.968 4.192 3.500 2.903 2.376 1.926 1.547 1.227 0.964 0.748 0.568 0.413 0.289 0.198 0.128 0.072 0.030 0.009 0.003 0.001 0.001 0.001 0.001 0.001 0.001 0.001 0.001 0.001 0.001 0.001 0.001 0.001 0.001 0.001 0.000 0.000 0.000 0.000 0.000 0.000 0.000 0.000 0.000 0.000 0.000 0.000 0.000 0.000 0.000 0.000 0.000 0.000 0.000 0.000 0.000 0.000 0.000 0.000 0.000 0.000 0.000 0.000 0.000 0.000 0.000 0.000 0.001
11.856 11.252 10.681 10.154 9.612 9.043 8.389 7.646 6.780 5.866 4.969 4.171 3.470 2.861 2.332 1.875 1.487 1.160 0.879 0.636 0.420 0.240 0.123 0.064 0.034 0.015 0.005 0.002 0.001 0.001 0.001 0.001 0.001 0.001 0.001 0.001 0.001 0.001 0.001 0.001 0.001 0.001 0.001 0.001 0.001 0.000 0.000 0.000 0.000 0.000 0.000 0.000 0.000 0.000 0.000 0.000 0.000 0.000 0.000 0.000 0.000 0.000 0.000 0.000 0.000 0.000 0.000 0.000 0.000 0.000 0.000 0.000 0.000 0.000 0.000 0.000 0.000
10.739 10.149 9.599 9.125 8.720 8.329 7.900 7.377 6.696 5.858 4.959 4.126 3.401 2.785 2.248 1.766 1.332 0.953 0.617 0.338 0.153 0.058 0.021 0.010 0.005 0.002 0.001 0.001 0.001 0.001 0.001 0.001 0.001 0.001 0.001 0.001 0.001 0.001 0.001 0.001 0.001 0.001 0.001 0.001 0.001 0.001 0.001 0.000 0.000 0.000 0.000 0.000 0.000 0.000 0.000 0.000 0.000 0.000 0.000 0.000 0.000 0.000 0.000 0.000 0.000 0.000 0.000 0.000 0.000 0.000 0.000 0.000 0.000 0.000 0.000 0.000 0.000
9.558 8.918 8.355 7.898 7.560 7.309 7.073 6.758 6.301 5.650 4.855 4.004 3.179 2.474 1.875 1.346 0.865 0.468 0.206 0.072 0.021 0.007 0.003 0.002 0.001 0.001 0.001 0.001 0.001 0.001 0.001 0.001 0.001 0.001 0.001 0.001 0.001 0.001 0.001 0.001 0.001 0.001 0.001 0.001 0.001 0.001 0.001 0.001 0.000 0.000 0.000 0.000 0.000 0.000 0.000 0.000 0.000 0.000 0.000 0.000 0.000 0.000 0.000 0.000 0.000 0.000 0.000 0.000 0.000 0.000 0.000 0.000 0.000 0.000 0.000 0.000 0.000
8.347 7.634 6.973 6.412 5.975 5.668 5.443 5.231 4.962 4.555 3.972 3.208 2.273 1.447 0.876 0.504 0.253 0.098 0.028 0.007 0.003 0.002 0.001 0.001 0.001 0.001 0.001 0.001 0.001 0.001 0.001 0.001 0.001 0.001 0.001 0.001 0.001 0.001 0.001 0.001 0.001 0.001 0.001 0.001 0.001 0.001 0.001 0.001 0.001 0.001 0.000 0.000 0.000 0.000 0.000 0.000 0.000 0.000 0.000 0.000 0.000 0.000 0.000 0.000 0.000 0.000 0.000 0.000 0.000 0.000 0.000 0.000 0.000 0.000 0.000 0.000 0.000
6.978 6.085 5.308 4.601 3.951 3.380 2.927 2.594 2.330 2.068 1.736 1.279 0.747 0.369 0.172 0.083 0.036 0.013 0.005 0.002 0.002 0.001 0.001 0.001 0.001 0.001 0.001 0.001 0.001 0.001 0.001 0.001 0.001 0.001 0.001 0.001 0.001 0.001 0.001 0.001 0.001 0.001 0.002 0.002 0.002 0.002 0.002 0.002 0.001 0.001 0.000 0.000 0.000 0.000 0.000 0.000 0.000 0.000 0.000 0.000 0.000 0.000 0.000 0.000 0.000 0.000 0.000 0.000 0.000 0.000 0.000 0.000 0.000 0.000 0.000 0.000 0.000
5.401 4.469 3.725 3.052 2.382 1.733 1.202 0.840 0.618 0.470 0.349 0.228 0.119 0.057 0.030 0.017 0.010 0.006 0.004 0.002 0.002 0.001 0.001 0.001 0.001 0.001 0.001 0.001 0.001 0.001 0.001 0.001 0.001 0.001 0.001 0.001 0.001 0.001 0.001 0.002 0.002 0.002 0.003 0.003 0.004 0.004 0.004 0.004 0.003 0.002 0.001 0.000 0.000 0.000 0.000 0.000 0.000 0.000 0.000 0.000 0.000 0.000 0.000 0.000 0.000 0.000 0.000 0.000 0.000 0.000 0.000 0.000 0.000 0.000 0.000 0.000 0.000
3.749 2.947 2.319 1.763 1.229 0.752 0.411 0.221 0.132 0.090 0.064 0.045 0.032 0.024 0.017 0.012 0.009 0.006 0.004 0.003 0.002 0.002 0.001 0.001 0.001 0.001 0.001 0.001 0.001 0.001 0.001 0.001 0.001 0.001 0.002 0.002 0.002 0.002 0.002 0.003 0.004 0.005 0.006 0.007 0.008 0.008 0.008 0.007 0.004 0.002 0.001 0.001 0.000 0.000 0.000 0.000 0.000 0.000 0.000 0.000 0.000 0.000 0.000 0.000 0.000 0.000 0.000 0.000 0.000 0.000 0.000 0.000 0.000 0.000 0.000 0.000 0.000
2.146 1.531 1.096 0.742 0.445 0.229 0.108 0.055 0.036 0.030 0.028 0.028 0.026 0.023 0.018 0.014 0.011 0.009 0.006 0.004 0.003 0.002 0.002 0.002 0.001 0.001 0.001 0.001 0.002 0.002 0.002 0.003 0.003 0.003 0.003 0.004 0.004 0.006 0.007 0.009 0.011 0.014 0.017 0.018 0.019 0.018 0.015 0.011 0.006 0.003 0.002 0.001 0.000 0.000 0.000 0.000 0.000 0.000 0.000 0.000 0.000 0.000 0.000 0.000 0.000 0.000 0.000 0.000 0.000 0.000 0.000 0.000 0.000 0.000 0.000 0.000 0.000
0.869 0.533 0.328 0.189 0.098 0.050 0.030 0.023 0.022 0.024 0.027 0.029 0.031 0.030 0.028 0.024 0.020 0.016 0.011 0.007 0.005 0.003 0.003 0.002 0.002 0.002 0.003 0.003 0.004 0.006 0.007 0.008 0.009 0.010 0.011 0.013 0.015 0.020 0.026 0.031 0.038 0.043 0.046 0.045 0.039 0.030 0.021 0.013 0.007 0.004 0.002 0.001 0.000 0.000 0.000 0.000 0.000 0.000 0.000 0.000 0.000 0.000 0.000 0.000 0.000 0.000 0.000 0.000 0.000 0.000 0.000 0.000 0.000 0.000 0.000 0.000 0.000
0.204 0.105 0.059 0.036 0.024 0.020 0.019 0.021 0.024 0.029 0.036 0.042 0.047 0.049 0.049 0.045 0.038 0.028 0.019 0.013 0.009 0.006 0.005 0.005 0.005 0.006 0.008 0.012 0.018 0.023 0.029 0.033 0.037 0.041 0.044 0.049 0.060 0.076 0.090 0.100 0.104 0.099 0.086 0.068 0.051 0.035 0.022 0.013 0.007 0.004 0.002 0.001 0.000 0.000 0.000 0.000 0.000 0.000 0.000 0.000 0.000 0.000 0.000 0.000 0.000 0.000 0.000 0.000 0.000 0.000 0.000 0.000 0.000 0.000 0.000 0.000 0.000
0.035 0.020 0.015 0.014 0.015 0.018 0.021 0.026 0.036 0.049 0.063 0.075 0.083 0.087 0.088 0.083 0.071 0.054 0.038 0.026 0.019 0.015 0.013 0.013 0.015 0.022 0.035 0.056 0.080 0.102 0.121 0.137 0.148 0.157 0.166 0.180 0.201 0.220 0.220 0.200 0.169 0.133 0.101 0.074 0.052 0.035 0.021 0.012 0.007 0.003 0.002 0.001 0.000 0.000 0.000 0.000 0.000 0.000 0.000 0.000 0.000 0.000 0.000 0.000 0.000 0.000 0.000 0.000 0.000 0.000 0.000 0.000 0.000 0.000 0.000 0.000 0.000
0.009 0.008 0.010 0.013 0.017 0.022 0.031 0.046 0.067 0.093 0.116 0.134 0.146 0.153 0.154 0.149 0.134 0.112 0.089 0.066 0.050 0.043 0.041 0.045 0.064 0.102 0.166 0.254 0.336 0.401 0.449 0.477 0.493 0.496 0.488 0.468 0.433 0.379 0.312 0.246 0.186 0.138 0.100 0.071 0.048 0.031 0.019 0.011 0.006 0.003 0.002 0.001 0.000 0.000 0.000 0.000 0.000 0.000 0.000 0.000 0.000 0.000 0.000 0.000 0.000 0.000 0.000 0.000 0.000 0.000 0.000 0.000 0.000 0.000 0.000 0.000 0.000
0.006 0.007 0.010 0.016 0.025 0.038 0.059 0.088 0.127 0.167 0.199 0.222 0.238 0.249 0.262 0.274 0.269 0.255 0.225 0.177 0.144 0.133 0.138 0.181 0.277 0.435 0.663 0.884 1.046 1.135 1.158 1.118 1.042 0.943 0.828 0.697 0.562 0.437 0.332 0.249 0.183 0.132 0.093 0.063 0.041 0.026 0.016 0.009 0.005 0.003 0.001 0.001 0.000 0.000 0.000 0.000 0.000 0.000 0.000 0.000 0.000 0.000 0.000 0.000 0.000 0.000 0.000 0.000 0.000 0.000 0.000 0.000 0.000 0.000 0.000 0.000 0.000
0.006 0.009 0.016 0.027 0.044 0.071 0.108 0.157 0.218 0.273 0.313 0.341 0.363 0.391 0.452 0.525 0.555 0.555 0.520 0.442 0.398 0.402 0.483 0.673 0.968 1.342 1.720 1.962 2.033 1.938 1.745 1.524 1.322 1.135 0.947 0.756 0.581 0.437 0.325 0.238 0.171 0.119 0.081 0.053 0.034 0.021 0.012 0.007 0.004 0.002 0.001 0.000 0.000 0.000 0.000 0.000 0.000 0.000 0.000 0.000 0.000 0.000 0.000 0.000 0.000 0.000 0.000 0.000 0.000 0.000 0.000 0.000 0.000 0.000 0.000 0.000 0.000
0.009 0.016 0.028 0.047 0.077 0.121 0.179 0.254 0.339 0.410 0.461 0.501 0.543 0.624 0.796 0.976 1.055 1.061 1.019 0.947 0.943 1.060 1.330 1.725 2.141 2.468 2.639 2.666 2.540 2.271 1.923 1.615 1.365 1.145 0.938 0.739 0.563 0.418 0.305 0.218 0.152 0.103 0.068 0.044 0.028 0.017 0.010 0.006 0.003 0.001 0.000 0.000 0.000 0.000 0.000 0.000 0.000 0.000 0.000 0.000 0.000 0.000 0.000 0.000 0.000 0.000 0.000 0.000 0.000 0.000 0.000 0.000 0.000 0.000 0.000 0.000 0.000
0.014 0.026 0.045 0.076 0.123 0.188 0.272 0.374 0.487 0.581 0.657 0.728 0.820 0.997 1.296 1.527 1.608 1.619 1.616 1.629 1.744 1.996 2.321 2.636 2.878 3.002 2.993 2.879 2.651 2.324 1.935 1.609 1.344 1.108 0.893 0.695 0.525 0.385 0.276 0.193 0.132 0.089 0.059 0.038 0.024 0.015 0.009 0.005 0.002 0.001 0.000 0.000 0.000 0.000 0.000 0.000 0.000 0.000 0.000 0.000 0.000 0.000 0.000 0.000 0.000 0.000 0.000 0.000 0.000 0.000 0.000 0.000 0.000 0.000 0.000 0.000 0.000
0.017 0.033 0.062 0.110 0.180 0.272 0.385 0.522 0.663 0.787 0.902 1.018 1.164 1.392 1.689 1.883 1.954 1.988 2.034 2.111 2.292 2.559 2.799 2.972 3.069 3.083 3.030 2.887 2.651 2.322 1.924 1.576 1.286 1.040 0.829 0.641 0.478 0.345 0.244 0.169 0.115 0.077 0.051 0.033 0.021 0.013 0.007 0.004 0.002 0.001 0.000 0.000 0.000 0.000 0.000 0.000 0.000 0.000 0.000 0.000 0.000 0.000 0.000 0.000 0.000 0.000 0.000 0.000 0.000 0.000 0.000 0.000 0.000 0.000 0.000 0.000 0.000
0.018 0.038 0.079 0.150 0.253 0.381 0.530 0.688 0.835 0.971 1.106 1.250 1.420 1.645 1.890 2.051 2.140 2.213 2.297 2.397 2.558 2.757 2.908 3.009 3.054 3.049 2.996 2.862 2.632 2.299 1.882 1.503 1.192 0.941 0.739 0.567 0.422 0.304 0.213 0.146 0.099 0.066 0.043 0.028 0.017 0.011 0.006 0.003 0.001 0.000 0.000 0.000 0.000 0.000 0.000 0.000 0.000 0.000 0.000 0.000 0.000 0.000 0.000 0.000 0.000 0.000 0.000 0.000 0.000 0.000 0.000 0.000 0.000 0.000 0.000 0.000 0.000
0.018 0.044 0.105 0.213 0.359 0.518 0.675 0.825 0.966 1.105 1.246 1.395 1.561 1.756 1.959 2.115 2.234 2.340 2.443 2.551 2.681 2.815 2.917 2.978 2.996 2.975 2.914 2.788 2.565 2.233 1.801 1.393 1.073 0.819 0.622 0.471 0.353 0.258 0.182 0.124 0.082 0.054 0.035 0.023 0.014 0.009 0.005 0.002 0.001 0.000 0.000 0.000 0.000 0.000 0.000 0.000 0.000 0.000 0.000 0.000 0.000 0.000 0.000 0.000 0.000 0.000 0.000 0.000 0.000 0.000 0.000 0.000 0.000 0.000 0.000 0.000 0.000
0.020 0.062 0.160 0.319 0.488 0.638 0.780 0.919 1.057 1.193 1.331 1.472 1.622 1.792 1.977 2.138 2.275 2.397 2.512 2.617 2.725 2.821 2.883 2.904 2.889 2.841 2.757 2.622 2.409 2.094 1.673 1.260 0.940 0.693 0.505 0.367 0.268 0.195 0.138 0.095 0.063 0.042 0.027 0.017 0.011 0.007 0.004 0.002 0.001 0.000 0.000 0.000 0.000 0.000 0.000 0.000 0.000 0.000 0.000 0.000 0.000 0.000 0.000 0.000 0.000 0.000 0.000 0.000 0.000 0.000 0.000 0.000 0.000 0.000 0.000 0.000 0.000
0.032 0.104 0.248 0.432 0.583 0.717 0.849 0.982 1.114 1.243 1.371 1.501 1.640 1.797 1.974 2.142 2.286 2.416 2.534 2.634 2.722 2.781 2.798 2.776 2.713 2.601 2.441 2.254 2.042 1.779 1.448 1.098 0.801 0.562 0.379 0.249 0.163 0.110 0.078 0.056 0.039 0.027 0.019 0.012 0.008 0.005 0.002 0.001 0.000 0.000 0.000 0.000 0.000 0.000 0.000 0.000 0.000 0.000 0.000 0.000 0.000 0.000 0.000 0.000 0.000 0.000 0.000 0.000 0.000 0.000 0.000 0.000 0.000 0.000 0.000 0.000 0.000
