RESULTS/r.avaflow_results/13_results/13_ascii/13_hflow_max0059.asc
ncols 506
nrows 317
xllcenter 498237.50
yllcenter 5580050.00
cellsize 12.50
NODATA_value -9999.000
[rows 170 to 203 of 317, columns 308 to 384 of 506]
0.000 0.000 0.000 0.000 0.001 0.001 0.001 0.001 0.001 0.001 0.001 0.001 0.001 0.001 0.001 0.000 0.000 0.000 0.000 0.000 0.000 0.000 0.000 0.000 0.000 0.000 0.000 0.000 0.000 0.000 0.000 0.000 0.000 0.000 0.000 0.000 0.000 0.000 0.000 0.000 0.000 0.000 0.000 0.000 0.000 0.000 0.000 0.000 0.000 0.000 0.000 0.000 0.000 0.000 0.000 0.000 0.000 0.000 0.000 0.000 0.000 0.000 0.000 0.000 0.000 0.000 0.000 0.000 0.000 0.000 0.000 0.000 0.000 0.000 0.000 0.000 0.000
0.000 0.000 0.001 0.002 0.003 0.003 0.003 0.003 0.004 0.004 0.004 0.004 0.003 0.003 0.003 0.002 0.002 0.001 0.001 0.000 0.000 0.000 0.000 0.000 0.000 0.000 0.000 0.000 0.000 0.000 0.000 0.000 0.000 0.000 0.000 0.000 0.000 0.000 0.000 0.000 0.000 0.000 0.000 0.000 0.000 0.000 0.000 0.000 0.000 0.000 0.000 0.000 0.000 0.000 0.000 0.000 0.000 0.000 0.000 0.000 0.000 0.000 0.000 0.000 0.000 0.000 0.000 0.000 0.000 0.000 0.000 0.000 0.000 0.000 0.000 0.000 0.000
0.001 0.002 0.003 0.005 0.007 0.008 0.008 0.009 0.009 0.009 0.009 0.009 0.008 0.008 0.007 0.006 0.005 0.003 0.002 0.002 0.001 0.000 0.000 0.000 0.000 0.000 0.000 0.000 0.000 0.000 0.000 0.000 0.000 0.000 0.000 0.000 0.000 0.000 0.000 0.000 0.000 0.000 0.000 0.000 0.000 0.000 0.000 0.000 0.000 0.000 0.000 0.000 0.000 0.000 0.000 0.000 0.000 0.000 0.000 0.000 0.000 0.000 0.000 0.000 0.000 0.000 0.000 0.000 0.000 0.000 0.000 0.000 0.000 0.000 0.000 0.000 0.000
0.002 0.004 0.007 0.010 0.013 0.015 0.016 0.017 0.017 0.018 0.017 0.017 0.016 0.015 0.014 0.012 0.009 0.007 0.005 0.003 0.002 0.001 0.001 0.000 0.000 0.000 0.000 0.000 0.000 0.000 0.000 0.000 0.000 0.000 0.000 0.000 0.000 0.000 0.000 0.000 0.000 0.000 0.000 0.000 0.000 0.000 0.000 0.000 0.000 0.000 0.000 0.000 0.000 0.000 0.000 0.000 0.000 0.000 0.000 0.000 0.000 0.000 0.000 0.000 0.000 0.000 0.000 0.000 0.000 0.000 0.000 0.000 0.000 0.000 0.000 0.000 0.000
0.005 0.008 0.012 0.017 0.025 0.031 0.033 0.034 0.035 0.034 0.034 0.034 0.032 0.032 0.030 0.025 0.019 0.013 0.009 0.006 0.004 0.003 0.002 0.001 0.000 0.000 0.000 0.000 0.000 0.000 0.000 0.000 0.000 0.000 0.000 0.000 0.000 0.000 0.000 0.000 0.000 0.000 0.000 0.000 0.000 0.000 0.000 0.000 0.000 0.000 0.000 0.000 0.000 0.000 0.000 0.000 0.000 0.000 0.000 0.000 0.000 0.000 0.000 0.000 0.000 0.000 0.000 0.000 0.000 0.000 0.000 0.000 0.000 0.000 0.000 0.000 0.000
0.010 0.014 0.020 0.031 0.053 0.075 0.082 0.083 0.082 0.081 0.080 0.076 0.077 0.077 0.072 0.063 0.045 0.026 0.016 0.011 0.007 0.005 0.003 0.002 0.001 0.001 0.000 0.000 0.000 0.000 0.000 0.000 0.000 0.000 0.000 0.000 0.000 0.000 0.000 0.000 0.000 0.000 0.000 0.000 0.000 0.000 0.000 0.000 0.000 0.000 0.000 0.000 0.000 0.000 0.000 0.000 0.000 0.000 0.000 0.000 0.000 0.000 0.000 0.000 0.000 0.000 0.000 0.000 0.000 0.000 0.000 0.000 0.000 0.000 0.000 0.000 0.000
0.016 0.025 0.042 0.074 0.140 0.219 0.244 0.244 0.234 0.227 0.215 0.199 0.207 0.211 0.205 0.180 0.129 0.070 0.037 0.021 0.014 0.009 0.006 0.004 0.002 0.002 0.001 0.001 0.000 0.000 0.000 0.000 0.000 0.000 0.000 0.000 0.000 0.000 0.000 0.000 0.000 0.000 0.000 0.000 0.000 0.000 0.000 0.000 0.000 0.000 0.000 0.000 0.000 0.000 0.000 0.000 0.000 0.000 0.000 0.000 0.000 0.000 0.000 0.000 0.000 0.000 0.000 0.000 0.000 0.000 0.000 0.000 0.000 0.000 0.000 0.000 0.000
0.033 0.056 0.102 0.194 0.391 0.641 0.739 0.737 0.692 0.659 0.605 0.559 0.586 0.603 0.583 0.513 0.381 0.216 0.109 0.054 0.028 0.016 0.010 0.006 0.004 0.003 0.003 0.002 0.002 0.001 0.001 0.001 0.000 0.000 0.000 0.000 0.000 0.000 0.000 0.000 0.000 0.000 0.000 0.000 0.000 0.000 0.000 0.000 0.000 0.000 0.000 0.000 0.000 0.000 0.000 0.000 0.000 0.000 0.000 0.000 0.000 0.000 0.000 0.000 0.000 0.000 0.000 0.000 0.000 0.000 0.000 0.000 0.000 0.000 0.000 0.000 0.000
0.074 0.135 0.255 0.481 0.979 1.653 1.933 1.915 1.800 1.681 1.549 1.393 1.444 1.476 1.440 1.288 1.010 0.656 0.354 0.169 0.076 0.036 0.019 0.011 0.007 0.006 0.005 0.004 0.004 0.003 0.003 0.002 0.002 0.001 0.001 0.001 0.000 0.000 0.000 0.000 0.000 0.000 0.000 0.000 0.000 0.000 0.000 0.000 0.000 0.000 0.000 0.000 0.000 0.000 0.000 0.000 0.000 0.000 0.000 0.000 0.000 0.000 0.000 0.000 0.000 0.000 0.000 0.000 0.000 0.000 0.000 0.000 0.000 0.000 0.000 0.000 0.000
0.178 0.326 0.598 1.089 2.034 3.157 3.739 3.845 3.663 3.246 3.021 2.842 2.649 2.479 2.403 2.227 1.940 1.537 1.039 0.550 0.236 0.095 0.042 0.020 0.011 0.008 0.008 0.007 0.006 0.006 0.005 0.004 0.004 0.003 0.003 0.002 0.002 0.002 0.002 0.002 0.002 0.002 0.002 0.001 0.001 0.001 0.001 0.000 0.000 0.000 0.000 0.000 0.000 0.000 0.000 0.000 0.000 0.000 0.000 0.000 0.000 0.000 0.000 0.000 0.000 0.000 0.000 0.000 0.000 0.000 0.000 0.000 0.000 0.000 0.000 0.000 0.000
0.420 0.738 1.262 2.004 2.962 3.997 4.725 5.042 5.049 4.803 4.250 3.770 3.530 3.184 2.854 2.725 2.547 2.277 1.891 1.323 0.679 0.268 0.102 0.044 0.021 0.012 0.011 0.011 0.010 0.009 0.009 0.008 0.007 0.006 0.005 0.005 0.004 0.004 0.004 0.004 0.004 0.004 0.004 0.004 0.003 0.003 0.002 0.002 0.001 0.000 0.000 0.000 0.000 0.000 0.000 0.000 0.000 0.000 0.000 0.000 0.000 0.000 0.000 0.000 0.000 0.000 0.000 0.000 0.000 0.000 0.000 0.000 0.000 0.000 0.000 0.000 0.000
0.943 1.540 2.195 2.776 3.378 4.135 4.902 5.415 5.607 5.561 5.253 4.652 3.862 3.578 3.196 2.933 2.803 2.627 2.376 1.983 1.364 0.679 0.265 0.101 0.043 0.019 0.017 0.016 0.015 0.015 0.013 0.012 0.010 0.009 0.009 0.008 0.008 0.008 0.008 0.008 0.008 0.007 0.007 0.007 0.006 0.005 0.004 0.003 0.002 0.002 0.001 0.001 0.000 0.000 0.000 0.000 0.000 0.000 0.000 0.000 0.000 0.000 0.000 0.000 0.000 0.000 0.000 0.000 0.000 0.000 0.000 0.000 0.000 0.000 0.000 0.000 0.000
1.916 2.552 2.975 3.226 3.470 3.900 4.588 5.264 5.633 5.701 5.611 5.261 4.618 3.722 3.379 3.079 2.945 2.824 2.640 2.366 1.939 1.248 0.587 0.236 0.092 0.037 0.025 0.024 0.024 0.023 0.021 0.018 0.016 0.015 0.014 0.013 0.013 0.013 0.013 0.013 0.013 0.012 0.012 0.011 0.010 0.009 0.007 0.006 0.005 0.004 0.003 0.002 0.002 0.001 0.001 0.000 0.000 0.000 0.000 0.000 0.000 0.000 0.000 0.000 0.000 0.000 0.000 0.000 0.000 0.000 0.000 0.000 0.000 0.000 0.000 0.000 0.000
2.846 3.207 3.329 3.349 3.365 3.502 3.908 4.635 5.293 5.608 5.633 5.426 4.905 4.153 3.331 3.113 2.983 2.902 2.774 2.587 2.292 1.743 0.994 0.457 0.189 0.074 0.041 0.041 0.041 0.038 0.034 0.029 0.026 0.024 0.023 0.021 0.020 0.020 0.020 0.020 0.020 0.020 0.019 0.018 0.016 0.013 0.011 0.009 0.008 0.007 0.005 0.004 0.004 0.003 0.002 0.002 0.001 0.001 0.000 0.000 0.000 0.000 0.000 0.000 0.000 0.000 0.000 0.000 0.000 0.000 0.000 0.000 0.000 0.000 0.000 0.000 0.000
3.183 3.336 3.354 3.354 3.236 3.016 3.138 3.725 4.500 5.088 5.321 5.250 4.857 4.210 3.505 2.967 2.889 2.849 2.776 2.669 2.463 2.085 1.417 0.735 0.332 0.137 0.083 0.085 0.083 0.077 0.065 0.053 0.045 0.043 0.042 0.039 0.037 0.035 0.035 0.034 0.035 0.034 0.033 0.030 0.025 0.020 0.017 0.014 0.012 0.010 0.009 0.007 0.006 0.005 0.004 0.004 0.003 0.002 0.002 0.001 0.001 0.000 0.000 0.000 0.000 0.000 0.000 0.000 0.000 0.000 0.000 0.000 0.000 0.000 0.000 0.000 0.000
3.136 3.264 3.300 3.173 2.810 2.500 2.450 2.616 3.232 3.950 4.506 4.669 4.509 4.075 3.500 2.985 2.656 2.696 2.711 2.654 2.543 2.263 1.754 1.069 0.533 0.237 0.211 0.214 0.207 0.185 0.151 0.117 0.098 0.096 0.092 0.086 0.077 0.072 0.071 0.071 0.072 0.072 0.068 0.059 0.043 0.033 0.026 0.022 0.018 0.015 0.013 0.011 0.009 0.008 0.007 0.006 0.005 0.005 0.004 0.003 0.002 0.002 0.001 0.000 0.000 0.000 0.000 0.000 0.000 0.000 0.000 0.000 0.000 0.000 0.000 0.000 0.000
2.961 3.027 2.896 2.591 2.571 2.517 2.418 2.265 2.048 2.479 3.194 3.692 3.856 3.718 3.385 2.987 2.624 2.455 2.560 2.608 2.548 2.376 1.999 1.419 0.812 0.485 0.548 0.555 0.533 0.474 0.396 0.310 0.258 0.254 0.242 0.222 0.193 0.176 0.171 0.171 0.174 0.175 0.165 0.136 0.093 0.063 0.045 0.035 0.028 0.023 0.019 0.016 0.014 0.012 0.011 0.010 0.009 0.008 0.007 0.006 0.005 0.003 0.002 0.002 0.001 0.000 0.000 0.000 0.000 0.000 0.000 0.000 0.000 0.000 0.000 0.000 0.000
2.598 2.582 2.589 2.573 2.522 2.411 2.228 1.971 1.637 1.289 1.896 2.591 3.036 3.188 3.123 2.915 2.635 2.353 2.363 2.490 2.525 2.444 2.200 1.774 1.210 0.859 1.003 1.084 1.087 1.026 0.919 0.788 0.675 0.667 0.640 0.586 0.513 0.463 0.447 0.446 0.450 0.447 0.414 0.337 0.223 0.145 0.095 0.065 0.048 0.037 0.030 0.025 0.021 0.018 0.016 0.015 0.013 0.012 0.011 0.009 0.008 0.006 0.004 0.003 0.002 0.002 0.001 0.001 0.000 0.000 0.000 0.000 0.000 0.000 0.000 0.000 0.000
2.626 2.568 2.504 2.417 2.289 2.088 1.808 1.458 1.096 0.806 1.045 1.689 2.297 2.639 2.745 2.714 2.573 2.353 2.199 2.370 2.464 2.471 2.368 2.106 1.678 1.182 1.213 1.372 1.453 1.470 1.435 1.382 1.388 1.368 1.327 1.257 1.156 1.083 1.059 1.060 1.066 1.051 0.970 0.800 0.549 0.353 0.229 0.149 0.101 0.071 0.053 0.042 0.033 0.028 0.025 0.022 0.020 0.018 0.016 0.014 0.011 0.009 0.007 0.006 0.005 0.004 0.003 0.002 0.002 0.002 0.001 0.001 0.001 0.001 0.001 0.001 0.001
2.609 2.457 2.272 2.063 1.824 1.546 1.244 0.972 0.753 0.592 0.616 1.097 1.682 2.146 2.381 2.445 2.414 2.303 2.138 2.303 2.488 2.570 2.548 2.409 2.136 1.767 1.600 1.605 1.661 1.764 1.823 1.836 1.825 1.822 1.819 1.814 1.782 1.754 1.767 1.813 1.835 1.823 1.719 1.463 1.156 0.827 0.562 0.370 0.241 0.158 0.107 0.078 0.059 0.047 0.040 0.035 0.031 0.028 0.024 0.020 0.017 0.013 0.011 0.009 0.007 0.006 0.005 0.005 0.004 0.004 0.004 0.003 0.003 0.003 0.003 0.003 0.002
2.481 2.222 1.920 1.599 1.305 1.067 0.876 0.718 0.592 0.489 0.407 0.730 1.252 1.712 2.036 2.190 2.226 2.194 2.106 2.158 2.435 2.635 2.697 2.655 2.495 2.227 1.919 1.863 1.897 1.966 1.994 1.979 1.956 1.969 2.030 2.064 2.072 2.089 2.155 2.233 2.259 2.248 2.180 2.036 1.788 1.445 1.127 0.847 0.585 0.382 0.243 0.161 0.114 0.086 0.070 0.060 0.053 0.046 0.039 0.031 0.024 0.019 0.016 0.013 0.011 0.009 0.008 0.008 0.007 0.007 0.007 0.006 0.006 0.006 0.006 0.005 0.005
2.213 1.901 1.566 1.258 1.017 0.835 0.694 0.585 0.498 0.424 0.362 0.518 0.939 1.401 1.719 1.946 2.054 2.078 2.045 2.018 2.244 2.521 2.699 2.722 2.662 2.488 2.229 2.030 1.958 1.998 2.010 2.006 1.969 1.960 2.024 2.073 2.099 2.137 2.226 2.317 2.352 2.354 2.328 2.263 2.150 1.984 1.754 1.453 1.111 0.821 0.561 0.349 0.230 0.168 0.133 0.111 0.095 0.082 0.067 0.050 0.036 0.027 0.022 0.018 0.016 0.014 0.012 0.011 0.011 0.011 0.011 0.011 0.010 0.010 0.010 0.010 0.009
1.926 1.556 1.272 1.029 0.837 0.691 0.589 0.521 0.463 0.404 0.352 0.398 0.724 1.147 1.480 1.713 1.883 1.969 1.979 1.931 2.020 2.295 2.559 2.675 2.677 2.591 2.416 2.202 2.027 1.971 1.993 1.981 1.928 1.902 1.934 1.996 2.032 2.066 2.135 2.244 2.319 2.347 2.344 2.318 2.262 2.179 2.051 1.865 1.619 1.323 0.984 0.700 0.452 0.329 0.259 0.214 0.180 0.152 0.122 0.088 0.061 0.043 0.032 0.026 0.022 0.019 0.018 0.017 0.016 0.016 0.016 0.016 0.016 0.016 0.016 0.016 0.015
1.718 1.431 1.175 0.964 0.808 0.693 0.604 0.531 0.469 0.413 0.388 0.396 0.570 0.933 1.267 1.514 1.702 1.823 1.863 1.842 1.827 1.970 2.258 2.517 2.621 2.590 2.455 2.255 2.065 1.917 1.895 1.872 1.805 1.734 1.710 1.733 1.764 1.811 1.894 2.022 2.128 2.197 2.248 2.277 2.269 2.234 2.157 2.037 1.870 1.675 1.433 1.125 0.826 0.617 0.489 0.407 0.342 0.282 0.225 0.166 0.113 0.076 0.052 0.039 0.032 0.028 0.025 0.024 0.023 0.023 0.023 0.024 0.025 0.025 0.025 0.024 0.023
1.490 1.285 1.107 0.952 0.815 0.706 0.616 0.538 0.470 0.427 0.430 0.457 0.533 0.744 1.059 1.302 1.507 1.633 1.678 1.676 1.636 1.616 1.784 2.056 2.299 2.387 2.344 2.206 2.022 1.863 1.744 1.652 1.574 1.452 1.354 1.325 1.333 1.368 1.439 1.559 1.695 1.820 1.943 2.067 2.152 2.180 2.147 2.077 1.982 1.856 1.709 1.516 1.273 1.032 0.844 0.713 0.606 0.504 0.408 0.318 0.225 0.149 0.097 0.067 0.050 0.042 0.038 0.035 0.034 0.034 0.034 0.036 0.039 0.039 0.039 0.038 0.035
1.237 1.097 0.991 0.898 0.803 0.709 0.623 0.543 0.476 0.474 0.499 0.567 0.666 0.721 0.821 1.076 1.282 1.410 1.461 1.466 1.437 1.369 1.319 1.461 1.721 1.929 1.996 1.956 1.834 1.687 1.556 1.433 1.304 1.163 1.019 0.929 0.916 0.923 0.956 1.021 1.118 1.243 1.400 1.598 1.806 1.961 2.033 2.039 1.998 1.932 1.847 1.731 1.569 1.362 1.154 0.990 0.873 0.785 0.692 0.587 0.458 0.316 0.202 0.132 0.093 0.072 0.063 0.057 0.055 0.054 0.055 0.059 0.063 0.063 0.062 0.059 0.054
0.955 0.862 0.812 0.783 0.749 0.693 0.624 0.554 0.552 0.587 0.694 0.848 0.933 0.968 0.973 0.966 1.043 1.188 1.247 1.255 1.234 1.156 1.052 1.009 1.140 1.341 1.473 1.511 1.476 1.373 1.235 1.091 0.962 0.855 0.760 0.676 0.648 0.639 0.645 0.668 0.710 0.777 0.873 1.018 1.242 1.528 1.779 1.912 1.953 1.935 1.896 1.833 1.728 1.571 1.372 1.171 1.045 0.991 0.967 0.942 0.857 0.669 0.444 0.284 0.194 0.144 0.119 0.108 0.101 0.099 0.099 0.104 0.108 0.109 0.105 0.096 0.085
0.657 0.606 0.595 0.609 0.630 0.629 0.614 0.651 0.734 0.882 1.050 1.131 1.186 1.249 1.275 1.289 1.288 1.258 1.196 1.113 1.047 0.977 0.858 0.792 0.794 0.905 1.010 1.054 1.055 1.016 0.937 0.838 0.744 0.664 0.595 0.534 0.493 0.473 0.463 0.463 0.474 0.502 0.555 0.647 0.805 1.072 1.401 1.688 1.837 1.889 1.888 1.858 1.795 1.687 1.529 1.329 1.161 1.126 1.131 1.174 1.221 1.150 0.902 0.623 0.428 0.318 0.260 0.232 0.216 0.207 0.204 0.204 0.202 0.196 0.181 0.157 0.132
0.461 0.433 0.432 0.453 0.495 0.572 0.679 0.857 1.053 1.201 1.306 1.469 1.556 1.588 1.589 1.562 1.504 1.404 1.299 1.193 1.087 0.976 0.858 0.744 0.648 0.658 0.719 0.755 0.770 0.767 0.743 0.698 0.640 0.581 0.523 0.466 0.417 0.384 0.361 0.349 0.348 0.357 0.387 0.542 0.834 1.124 1.310 1.450 1.662 1.792 1.838 1.838 1.802 1.724 1.603 1.432 1.257 1.212 1.214 1.266 1.393 1.470 1.408 1.190 0.941 0.736 0.606 0.542 0.498 0.470 0.448 0.426 0.396 0.358 0.306 0.251 0.204
0.404 0.375 0.378 0.416 0.487 0.612 0.833 1.127 1.334 1.442 1.577 1.669 1.714 1.725 1.714 1.669 1.600 1.503 1.362 1.217 1.099 0.993 0.887 0.783 0.692 0.609 0.567 0.592 0.619 0.635 0.636 0.624 0.596 0.555 0.503 0.447 0.395 0.351 0.312 0.291 0.287 0.291 0.362 0.586 0.899 1.159 1.334 1.450 1.546 1.669 1.749 1.775 1.768 1.719 1.625 1.489 1.330 1.255 1.249 1.286 1.420 1.595 1.677 1.648 1.547 1.413 1.264 1.154 1.090 1.035 0.974 0.880 0.769 0.638 0.506 0.393 0.308
0.375 0.363 0.380 0.426 0.521 0.845 1.154 1.311 1.487 1.567 1.632 1.694 1.726 1.736 1.734 1.705 1.635 1.525 1.368 1.210 1.099 1.017 0.971 0.916 0.844 0.764 0.665 0.557 0.574 0.597 0.602 0.600 0.586 0.553 0.505 0.451 0.398 0.346 0.303 0.270 0.265 0.276 0.395 0.645 0.937 1.160 1.324 1.434 1.509 1.587 1.660 1.691 1.695 1.674 1.612 1.511 1.379 1.284 1.256 1.279 1.388 1.586 1.758 1.840 1.873 1.865 1.826 1.769 1.717 1.695 1.643 1.532 1.348 1.095 0.823 0.611 0.463
0.362 0.371 0.401 0.520 0.853 1.164 1.327 1.373 1.503 1.568 1.598 1.654 1.695 1.712 1.709 1.679 1.610 1.497 1.345 1.203 1.117 1.092 1.081 1.062 1.023 0.963 0.894 0.796 0.685 0.674 0.691 0.693 0.684 0.654 0.598 0.516 0.429 0.356 0.305 0.268 0.265 0.278 0.414 0.662 0.920 1.108 1.235 1.349 1.421 1.476 1.522 1.532 1.546 1.557 1.543 1.493 1.399 1.293 1.252 1.252 1.299 1.453 1.683 1.860 1.956 2.017 2.047 2.070 2.086 2.070 2.030 1.941 1.785 1.550 1.248 0.946 0.709
0.374 0.405 0.574 0.918 1.216 1.366 1.406 1.387 1.436 1.538 1.577 1.575 1.600 1.608 1.600 1.565 1.495 1.397 1.286 1.191 1.136 1.119 1.119 1.114 1.097 1.066 1.028 0.966 0.904 0.970 0.993 0.993 0.974 0.923 0.832 0.693 0.523 0.398 0.325 0.281 0.279 0.289 0.415 0.639 0.834 0.977 1.104 1.177 1.206 1.222 1.232 1.253 1.281 1.327 1.371 1.394 1.363 1.284 1.222 1.199 1.212 1.281 1.453 1.701 1.877 1.982 2.062 2.131 2.183 2.192 2.159 2.087 1.980 1.807 1.570 1.315 1.068
0.424 0.648 1.036 1.342 1.468 1.484 1.438 1.406 1.362 1.403 1.476 1.497 1.492 1.463 1.402 1.336 1.260 1.190 1.142 1.125 1.226 1.299 1.317 1.316 1.295 1.246 1.222 1.230 1.289 1.352 1.368 1.352 1.298 1.202 1.070 0.901 0.707 0.511 0.379 0.327 0.315 0.319 0.399 0.553 0.690 0.810 0.864 0.877 0.858 0.836 0.829 0.855 0.905 0.977 1.071 1.160 1.205 1.192 1.141 1.094 1.075 1.091 1.182 1.380 1.618 1.795 1.939 2.047 2.141 2.184 2.179 2.133 2.047 1.916 1.748 1.550 1.359
