RESULTS/r.avaflow_results/13_results/13_ascii/13_hflow0004.asc
ncols 506
nrows 317
xllcenter 498237.50
yllcenter 5580050.00
cellsize 12.50
NODATA_value -9999.000
[rows 238 to 271 of 317, columns 77 to 153 of 506]
29.783 30.255 30.510 31.153 32.111 32.818 33.059 33.114 32.414 31.421 30.418 29.464 28.750 27.627 26.228 24.323 21.913 19.670 18.350 17.981 17.987 18.182 18.691 19.312 19.610 19.492 19.077 18.275 17.079 15.529 13.705 12.068 10.830 10.067 9.785 9.855 10.421 11.423 12.137 12.361 12.142 11.209 9.351 6.477 3.675 2.260 1.776 1.708 2.043 3.787 7.018 8.609 8.562 7.673 6.710 5.724 4.550 3.295 2.104 1.158 0.548 0.226 0.083 0.027 0.008 0.002 0.001 0.001 0.001 0.000 0.000 0.000 0.000 0.000 0.000 0.000 0.000
28.897 29.051 29.079 29.335 30.157 30.834 31.111 31.268 30.655 29.578 28.131 26.986 26.134 25.030 23.268 20.900 18.431 16.740 15.962 15.838 15.977 16.374 17.252 18.524 19.540 19.967 19.985 19.514 18.522 17.000 15.125 13.297 11.944 11.169 10.929 11.093 11.966 12.987 13.328 13.227 12.545 11.112 8.780 5.471 3.103 2.089 1.751 1.702 1.834 2.835 6.103 9.034 9.414 8.661 7.337 5.806 4.225 2.747 1.550 0.752 0.314 0.114 0.036 0.010 0.003 0.001 0.001 0.001 0.001 0.000 0.000 0.000 0.000 0.000 0.000 0.000 0.000
27.550 27.390 27.184 27.115 27.571 28.054 28.176 28.252 27.683 26.535 24.709 23.212 21.977 19.985 17.537 15.209 13.790 13.405 13.354 13.518 13.965 14.777 16.015 17.690 19.289 20.149 20.510 20.382 19.992 19.019 17.464 15.427 13.657 12.649 12.341 12.539 13.436 14.170 14.237 13.781 12.632 10.682 7.606 4.473 2.800 2.071 1.822 1.788 1.865 2.332 4.602 8.364 9.616 9.110 7.509 5.378 3.493 2.062 1.055 0.460 0.171 0.054 0.015 0.004 0.001 0.001 0.001 0.001 0.001 0.001 0.000 0.000 0.000 0.000 0.000 0.000 0.000
25.767 25.367 24.819 24.496 24.472 24.656 24.552 24.288 23.432 22.048 19.918 17.370 13.995 10.560 9.016 9.396 10.541 11.294 11.614 11.955 12.587 13.602 15.077 17.034 18.901 19.990 20.590 20.657 20.681 20.361 19.613 18.029 16.021 14.456 13.830 13.866 14.497 14.871 14.677 13.858 12.359 9.716 6.260 3.884 2.725 2.214 2.054 2.025 2.049 2.255 3.445 6.935 9.252 9.058 7.289 4.730 2.787 1.506 0.697 0.269 0.087 0.023 0.005 0.001 0.001 0.001 0.001 0.001 0.001 0.001 0.001 0.000 0.000 0.000 0.000 0.000 0.000
23.362 22.920 22.211 21.632 21.216 20.942 20.573 19.956 18.689 16.582 13.087 8.880 5.385 4.062 4.613 6.532 8.694 9.921 10.625 11.233 12.001 13.108 14.702 16.710 18.504 19.615 20.348 20.575 20.729 20.639 20.322 19.470 17.947 16.024 14.981 14.801 15.013 15.012 14.514 13.346 11.397 8.145 5.225 3.671 2.887 2.576 2.484 2.451 2.441 2.508 3.023 5.273 8.021 8.501 7.090 4.319 2.280 1.094 0.442 0.147 0.040 0.009 0.002 0.001 0.001 0.001 0.001 0.001 0.001 0.001 0.001 0.001 0.000 0.000 0.000 0.000 0.000
20.606 20.219 19.576 18.893 18.211 17.570 16.747 15.376 12.864 9.119 5.343 2.917 2.097 2.348 3.158 4.776 6.914 8.636 9.868 10.870 11.869 13.073 14.684 16.515 18.091 19.072 19.750 19.981 20.152 20.201 20.086 19.718 18.821 17.178 15.878 15.387 15.149 14.683 13.634 11.979 9.475 6.565 4.750 3.741 3.253 3.112 3.077 3.053 3.026 2.981 3.085 4.042 6.287 7.344 6.484 3.879 1.804 0.744 0.253 0.070 0.016 0.003 0.001 0.001 0.001 0.001 0.001 0.001 0.001 0.001 0.001 0.001 0.001 0.000 0.000 0.000 0.000
17.678 17.413 16.844 16.056 15.127 14.052 12.353 9.459 5.945 3.033 1.576 1.262 1.494 1.975 2.649 3.622 5.231 7.225 9.037 10.473 11.762 13.119 14.714 16.274 17.485 18.193 18.544 18.522 18.578 18.745 18.976 19.123 18.753 17.832 16.676 15.827 15.075 13.923 12.228 10.178 7.885 5.938 4.683 3.979 3.718 3.661 3.648 3.642 3.625 3.524 3.301 3.412 4.434 5.344 4.982 3.107 1.277 0.429 0.118 0.026 0.005 0.001 0.001 0.001 0.001 0.001 0.001 0.001 0.001 0.001 0.001 0.001 0.000 0.000 0.000 0.000 0.000
14.782 14.593 13.998 12.913 11.263 8.945 6.181 3.470 1.691 0.978 0.895 1.042 1.384 1.893 2.446 3.015 3.878 5.496 7.610 9.601 11.367 13.026 14.549 15.768 16.525 16.829 16.687 16.403 16.359 16.637 17.202 17.920 18.235 17.965 17.096 16.080 14.786 12.977 10.983 9.014 7.258 5.881 4.905 4.395 4.226 4.184 4.168 4.151 4.103 3.903 3.411 2.960 2.961 3.300 3.157 1.977 0.693 0.184 0.040 0.007 0.001 0.001 0.001 0.001 0.001 0.001 0.001 0.001 0.001 0.001 0.001 0.000 0.000 0.000 0.000 0.000 0.000
11.534 11.049 9.921 8.106 5.796 3.543 1.907 1.012 0.730 0.712 0.783 0.979 1.342 1.876 2.360 2.712 3.041 3.712 5.275 7.638 10.141 12.210 13.671 14.597 14.976 14.936 14.457 14.188 14.271 14.712 15.509 16.728 17.477 17.604 17.129 16.013 14.176 11.991 10.091 8.495 7.236 6.230 5.488 5.064 4.885 4.787 4.708 4.623 4.435 4.026 3.295 2.374 1.839 1.703 1.558 0.918 0.262 0.052 0.008 0.001 0.001 0.001 0.001 0.001 0.001 0.001 0.001 0.001 0.001 0.001 0.001 0.000 0.000 0.000 0.000 0.000 0.000
6.967 6.011 4.794 3.403 2.066 1.178 0.754 0.621 0.605 0.637 0.732 0.940 1.318 1.873 2.315 2.536 2.622 2.670 3.081 4.555 7.218 9.838 11.434 12.310 12.566 12.410 11.936 11.828 12.142 12.920 14.272 16.002 16.946 17.154 16.883 15.678 13.433 11.178 9.572 8.451 7.752 7.190 6.640 6.201 5.894 5.628 5.355 5.020 4.547 3.847 2.798 1.667 0.993 0.728 0.565 0.299 0.067 0.008 0.001 0.001 0.001 0.001 0.001 0.001 0.001 0.001 0.001 0.001 0.001 0.000 0.000 0.000 0.000 0.000 0.000 0.000 0.000
2.650 2.170 1.722 1.272 0.880 0.631 0.525 0.507 0.525 0.578 0.690 0.907 1.284 1.836 2.240 2.389 2.388 2.258 2.039 2.236 3.286 5.257 7.094 8.207 8.604 8.490 8.299 8.697 9.765 11.374 13.447 15.495 16.479 16.636 16.270 15.001 12.788 10.664 9.314 8.621 8.350 8.123 7.818 7.430 6.989 6.503 5.940 5.250 4.398 3.283 2.015 1.031 0.495 0.268 0.157 0.066 0.011 0.001 0.001 0.001 0.001 0.001 0.001 0.001 0.001 0.001 0.001 0.001 0.000 0.000 0.000 0.000 0.000 0.000 0.000 0.000 0.000
0.699 0.695 0.690 0.639 0.524 0.422 0.392 0.402 0.442 0.518 0.650 0.865 1.200 1.685 2.066 2.210 2.213 2.085 1.720 1.442 1.470 1.916 2.701 3.347 3.688 3.879 4.367 5.644 7.655 10.079 12.743 14.952 15.937 16.034 15.665 14.484 12.480 10.440 9.193 8.624 8.451 8.380 8.272 8.023 7.613 7.052 6.310 5.364 4.150 2.675 1.431 0.640 0.245 0.091 0.036 0.011 0.001 0.001 0.001 0.001 0.001 0.001 0.001 0.001 0.001 0.001 0.001 0.000 0.000 0.000 0.000 0.000 0.000 0.000 0.001 0.000 0.000
0.198 0.281 0.334 0.339 0.305 0.260 0.256 0.283 0.346 0.450 0.602 0.805 1.076 1.471 1.856 2.040 2.066 1.967 1.641 1.249 1.071 1.029 1.136 1.313 1.494 1.776 2.460 3.883 6.047 8.777 11.806 14.114 15.154 15.321 15.064 14.103 12.406 10.451 9.170 8.492 8.238 8.191 8.168 8.047 7.751 7.232 6.448 5.366 3.868 2.185 1.015 0.381 0.115 0.030 0.008 0.002 0.001 0.001 0.001 0.000 0.001 0.001 0.001 0.001 0.001 0.001 0.001 0.000 0.000 0.000 0.000 0.000 0.000 0.000 0.001 0.000 0.000
0.058 0.113 0.153 0.161 0.152 0.133 0.131 0.152 0.218 0.343 0.518 0.727 0.990 1.357 1.734 1.932 1.963 1.879 1.609 1.236 1.007 0.867 0.791 0.786 0.840 1.044 1.644 2.888 4.833 7.397 10.391 12.772 14.046 14.497 14.501 13.904 12.617 10.836 9.417 8.358 7.660 7.371 7.345 7.396 7.325 6.983 6.274 5.123 3.395 1.673 0.649 0.194 0.046 0.009 0.002 0.001 0.001 0.001 0.001 0.000 0.000 0.001 0.001 0.001 0.001 0.001 0.001 0.000 0.000 0.000 0.000 0.000 0.000 0.000 0.001 0.000 0.000
0.014 0.037 0.060 0.066 0.063 0.055 0.054 0.064 0.103 0.200 0.374 0.609 0.901 1.287 1.649 1.841 1.876 1.813 1.594 1.269 1.034 0.829 0.665 0.592 0.597 0.746 1.252 2.329 4.053 6.390 9.181 11.516 13.043 13.816 14.089 13.845 13.140 11.818 10.242 8.542 6.928 5.943 5.624 5.684 5.789 5.699 5.236 4.195 2.502 1.043 0.323 0.075 0.014 0.003 0.001 0.001 0.001 0.001 0.001 0.000 0.000 0.000 0.001 0.001 0.001 0.001 0.001 0.001 0.000 0.000 0.000 0.000 0.000 0.000 0.001 0.000 0.000
0.002 0.009 0.019 0.022 0.022 0.019 0.018 0.022 0.039 0.091 0.213 0.437 0.771 1.205 1.561 1.742 1.779 1.737 1.568 1.306 1.068 0.812 0.580 0.464 0.454 0.576 1.024 2.008 3.626 5.863 8.465 10.660 12.261 13.251 13.764 13.835 13.607 12.797 11.171 8.801 6.169 4.273 3.293 3.000 3.014 3.049 2.919 2.328 1.239 0.439 0.112 0.020 0.004 0.002 0.001 0.001 0.001 0.001 0.001 0.000 0.000 0.000 0.001 0.001 0.001 0.001 0.001 0.001 0.001 0.000 0.000 0.000 0.000 0.000 0.001 0.000 0.000
0.001 0.001 0.004 0.006 0.006 0.005 0.005 0.006 0.012 0.034 0.097 0.254 0.567 1.032 1.426 1.629 1.683 1.660 1.530 1.310 1.072 0.788 0.510 0.368 0.347 0.449 0.855 1.796 3.425 5.725 8.252 10.316 11.934 13.063 13.724 13.943 13.842 13.171 11.482 8.749 5.522 3.185 1.948 1.477 1.302 1.190 1.073 0.837 0.413 0.129 0.026 0.005 0.002 0.002 0.001 0.001 0.001 0.001 0.001 0.001 0.000 0.000 0.000 0.001 0.001 0.001 0.000 0.001 0.001 0.000 0.001 0.000 0.000 0.000 0.000 0.000 0.000
0.001 0.001 0.001 0.001 0.002 0.001 0.001 0.002 0.003 0.010 0.035 0.113 0.318 0.721 1.193 1.476 1.579 1.578 1.492 1.309 1.068 0.756 0.451 0.291 0.259 0.338 0.704 1.616 3.293 5.737 8.380 10.455 12.099 13.282 14.048 14.276 14.030 13.185 11.385 8.463 4.937 2.514 1.344 0.903 0.692 0.533 0.394 0.254 0.108 0.030 0.007 0.003 0.002 0.002 0.001 0.001 0.001 0.001 0.001 0.001 0.001 0.000 0.000 0.000 0.000 0.000 0.000 0.000 0.000 0.000 0.000 0.001 0.000 0.000 0.000 0.000 0.000
0.001 0.001 0.001 0.001 0.001 0.001 0.001 0.001 0.001 0.003 0.009 0.037 0.131 0.372 0.815 1.223 1.416 1.459 1.422 1.289 1.055 0.720 0.400 0.225 0.180 0.234 0.552 1.421 3.131 5.751 8.755 11.050 12.704 13.851 14.516 14.603 14.138 13.006 10.956 7.889 4.403 2.124 1.088 0.692 0.477 0.310 0.181 0.088 0.033 0.010 0.004 0.003 0.002 0.002 0.001 0.001 0.001 0.001 0.001 0.001 0.001 0.000 0.000 0.000 0.000 0.001 0.000 0.000 0.000 0.000 0.000 0.000 0.000 0.000 0.000 0.000 0.000
0.001 0.000 0.000 0.000 0.000 0.001 0.001 0.001 0.001 0.001 0.002 0.009 0.041 0.152 0.424 0.851 1.168 1.282 1.288 1.211 1.012 0.678 0.347 0.167 0.111 0.138 0.386 1.160 2.813 5.518 8.890 11.562 13.307 14.299 14.716 14.691 14.052 12.611 10.347 7.326 4.104 1.983 1.005 0.607 0.382 0.221 0.110 0.047 0.018 0.007 0.004 0.003 0.002 0.002 0.002 0.001 0.001 0.001 0.001 0.001 0.001 0.001 0.000 0.000 0.000 0.000 0.000 0.000 0.000 0.000 0.000 0.001 0.000 0.000 0.000 0.000 0.000
0.001 0.000 0.000 0.000 0.000 0.000 0.000 0.001 0.001 0.001 0.001 0.001 0.010 0.052 0.192 0.512 0.878 1.056 1.092 1.057 0.899 0.584 0.271 0.108 0.056 0.064 0.203 0.765 2.172 4.758 8.425 11.583 13.511 14.454 14.727 14.582 13.747 12.138 9.928 7.105 4.050 1.975 0.989 0.561 0.322 0.168 0.076 0.030 0.012 0.006 0.004 0.004 0.003 0.003 0.002 0.002 0.002 0.001 0.001 0.001 0.001 0.001 0.001 0.000 0.000 0.000 0.000 0.000 0.000 0.000 0.000 0.000 0.000 0.000 0.000 0.000 0.000
0.001 0.001 0.000 0.000 0.000 0.000 0.000 0.000 0.000 0.000 0.000 0.000 0.002 0.015 0.078 0.268 0.589 0.784 0.830 0.802 0.656 0.374 0.149 0.050 0.023 0.024 0.074 0.339 1.221 3.317 6.964 10.901 13.356 14.419 14.630 14.342 13.406 11.832 9.747 7.091 4.124 2.044 1.004 0.528 0.272 0.127 0.052 0.019 0.008 0.005 0.004 0.004 0.004 0.004 0.003 0.003 0.003 0.002 0.001 0.001 0.001 0.001 0.001 0.001 0.000 0.000 0.000 0.000 0.000 0.001 0.000 0.000 0.000 0.000 0.000 0.000 0.000
0.001 0.001 0.001 0.000 0.000 0.000 0.000 0.000 0.000 0.000 0.000 0.000 0.000 0.003 0.026 0.120 0.330 0.478 0.505 0.473 0.349 0.162 0.057 0.017 0.008 0.009 0.025 0.123 0.528 1.773 4.692 9.189 12.633 14.109 14.359 14.033 13.098 11.592 9.613 7.124 4.281 2.167 1.027 0.493 0.225 0.092 0.033 0.012 0.006 0.005 0.005 0.005 0.005 0.005 0.006 0.005 0.005 0.003 0.002 0.001 0.001 0.001 0.001 0.001 0.000 0.000 0.000 0.001 0.000 0.001 0.000 0.000 0.000 0.000 0.000 0.000 0.000
0.001 0.001 0.001 0.001 0.000 0.000 0.000 0.000 0.000 0.000 0.000 0.000 0.000 0.001 0.006 0.045 0.155 0.246 0.263 0.241 0.159 0.061 0.019 0.005 0.003 0.004 0.012 0.053 0.237 0.927 2.942 7.106 11.382 13.404 13.765 13.492 12.645 11.249 9.369 7.034 4.322 2.210 1.012 0.445 0.177 0.060 0.019 0.008 0.005 0.005 0.006 0.007 0.008 0.009 0.009 0.009 0.007 0.004 0.002 0.001 0.001 0.001 0.001 0.001 0.001 0.000 0.000 0.000 0.000 0.000 0.000 0.000 0.000 0.000 0.000 0.000 0.000
0.000 0.001 0.001 0.001 0.001 0.000 0.000 0.000 0.000 0.000 0.000 0.000 0.000 0.001 0.002 0.014 0.063 0.110 0.120 0.108 0.065 0.021 0.005 0.001 0.001 0.002 0.007 0.032 0.139 0.570 2.040 5.587 9.980 12.273 12.796 12.623 11.894 10.592 8.822 6.678 4.190 2.162 0.944 0.369 0.122 0.033 0.010 0.006 0.006 0.007 0.009 0.011 0.013 0.013 0.013 0.011 0.008 0.005 0.003 0.002 0.001 0.001 0.001 0.001 0.001 0.000 0.000 0.000 0.000 0.000 0.000 0.000 0.000 0.000 0.000 0.000 0.000
0.000 0.000 0.001 0.001 0.001 0.001 0.000 0.000 0.000 0.000 0.000 0.000 0.000 0.000 0.001 0.004 0.021 0.042 0.046 0.041 0.023 0.006 0.002 0.001 0.001 0.001 0.005 0.022 0.101 0.427 1.620 4.758 8.911 11.080 11.588 11.477 10.810 9.532 7.848 5.907 3.691 1.864 0.754 0.248 0.063 0.015 0.007 0.007 0.008 0.010 0.013 0.016 0.017 0.016 0.015 0.012 0.008 0.005 0.003 0.002 0.001 0.001 0.001 0.001 0.001 0.001 0.000 0.000 0.000 0.000 0.000 0.000 0.000 0.000 0.000 0.000 0.000
0.000 0.000 0.000 0.001 0.000 0.000 0.000 0.000 0.000 0.000 0.000 0.000 0.000 0.000 0.001 0.001 0.006 0.013 0.015 0.013 0.007 0.002 0.001 0.001 0.001 0.001 0.002 0.014 0.073 0.338 1.366 4.247 8.082 9.954 10.271 10.013 9.241 7.977 6.380 4.562 2.639 1.176 0.392 0.100 0.023 0.009 0.008 0.009 0.012 0.016 0.018 0.019 0.018 0.017 0.015 0.011 0.007 0.005 0.003 0.002 0.001 0.001 0.001 0.001 0.001 0.001 0.001 0.000 0.000 0.000 0.000 0.000 0.000 0.000 0.000 0.000 0.000
0.000 0.000 0.000 0.000 0.000 0.000 0.001 0.000 0.000 0.000 0.000 0.000 0.000 0.000 0.000 0.001 0.002 0.003 0.004 0.003 0.002 0.001 0.001 0.001 0.001 0.001 0.001 0.006 0.043 0.242 1.091 3.643 7.035 8.494 8.555 8.002 6.980 5.697 4.235 2.639 1.268 0.453 0.122 0.029 0.011 0.009 0.011 0.015 0.018 0.020 0.020 0.020 0.019 0.017 0.014 0.010 0.006 0.004 0.003 0.002 0.002 0.001 0.001 0.001 0.001 0.001 0.001 0.000 0.000 0.000 0.000 0.000 0.000 0.000 0.000 0.000 0.000
0.000 0.000 0.000 0.000 0.000 0.000 0.001 0.000 0.000 0.000 0.000 0.000 0.000 0.000 0.000 0.001 0.001 0.001 0.001 0.001 0.001 0.001 0.001 0.001 0.001 0.001 0.001 0.002 0.014 0.105 0.619 2.470 5.153 6.198 6.040 5.190 4.004 2.944 1.976 1.062 0.420 0.119 0.029 0.011 0.010 0.012 0.016 0.019 0.021 0.021 0.021 0.020 0.018 0.014 0.011 0.007 0.005 0.004 0.003 0.002 0.002 0.002 0.001 0.001 0.001 0.001 0.001 0.001 0.000 0.000 0.000 0.000 0.000 0.000 0.000 0.000 0.000
0.000 0.000 0.000 0.000 0.000 0.000 0.000 0.000 0.000 0.000 0.000 0.000 0.000 0.000 0.000 0.000 0.001 0.001 0.000 0.000 0.001 0.001 0.001 0.001 0.001 0.001 0.001 0.001 0.003 0.020 0.158 0.915 2.380 2.983 2.866 2.304 1.627 1.115 0.663 0.299 0.094 0.024 0.010 0.009 0.011 0.016 0.019 0.021 0.021 0.021 0.020 0.018 0.014 0.010 0.007 0.005 0.004 0.003 0.003 0.002 0.002 0.002 0.001 0.001 0.001 0.001 0.001 0.001 0.001 0.000 0.000 0.000 0.000 0.000 0.000 0.000 0.000
0.000 0.000 0.000 0.000 0.000 0.000 0.000 0.000 0.000 0.000 0.000 0.000 0.000 0.000 0.000 0.000 0.000 0.000 0.000 0.000 0.000 0.000 0.001 0.001 0.001 0.001 0.001 0.001 0.001 0.002 0.021 0.192 0.701 0.950 0.924 0.734 0.495 0.311 0.156 0.056 0.017 0.008 0.007 0.009 0.013 0.018 0.020 0.021 0.021 0.020 0.017 0.014 0.009 0.006 0.004 0.003 0.002 0.002 0.002 0.002 0.002 0.002 0.001 0.001 0.001 0.001 0.001 0.001 0.001 0.001 0.000 0.000 0.000 0.000 0.000 0.000 0.000
0.000 0.000 0.000 0.000 0.000 0.000 0.000 0.000 0.000 0.000 0.000 0.000 0.000 0.000 0.000 0.000 0.000 0.000 0.000 0.000 0.000 0.000 0.000 0.001 0.001 0.001 0.001 0.001 0.001 0.001 0.002 0.024 0.137 0.212 0.216 0.181 0.118 0.065 0.026 0.009 0.006 0.006 0.007 0.010 0.015 0.018 0.019 0.019 0.019 0.017 0.013 0.009 0.006 0.004 0.003 0.002 0.002 0.002 0.002 0.002 0.002 0.002 0.001 0.001 0.001 0.001 0.001 0.001 0.001 0.001 0.001 0.000 0.000 0.000 0.000 0.000 0.000
0.000 0.000 0.000 0.000 0.000 0.000 0.000 0.000 0.000 0.000 0.000 0.001 0.000 0.000 0.000 0.000 0.000 0.000 0.000 0.000 0.000 0.000 0.000 0.001 0.001 0.001 0.001 0.001 0.001 0.001 0.001 0.002 0.018 0.034 0.038 0.035 0.024 0.012 0.006 0.005 0.005 0.006 0.008 0.012 0.014 0.016 0.016 0.016 0.015 0.013 0.011 0.007 0.005 0.003 0.002 0.001 0.001 0.001 0.001 0.001 0.001 0.001 0.001 0.001 0.001 0.001 0.001 0.001 0.001 0.001 0.001 0.001 0.000 0.000 0.000 0.000 0.000
0.000 0.000 0.000 0.000 0.000 0.000 0.000 0.000 0.000 0.000 0.000 0.000 0.000 0.000 0.000 0.000 0.000 0.000 0.000 0.000 0.000 0.000 0.000 0.001 0.001 0.002 0.002 0.002 0.002 0.002 0.001 0.001 0.002 0.004 0.005 0.006 0.005 0.004 0.004 0.005 0.006 0.008 0.009 0.011 0.012 0.012 0.012 0.012 0.011 0.010 0.009 0.007 0.004 0.003 0.002 0.001 0.001 0.001 0.001 0.001 0.001 0.001 0.001 0.001 0.001 0.001 0.001 0.001 0.001 0.001 0.001 0.001 0.000 0.000 0.000 0.000 0.000
