RESULTS/r.avaflow_results/13_results/13_ascii/13_hflow0016.asc
ncols 506
nrows 317
xllcenter 498237.50
yllcenter 5580050.00
cellsize 12.50
NODATA_value -9999.000
[rows 170 to 203 of 317, columns 154 to 230 of 506]
16.808 15.995 15.390 14.893 14.383 13.866 13.382 12.981 12.645 12.380 12.182 12.027 11.858 11.658 11.358 10.863 10.182 9.383 8.535 7.710 6.918 6.088 5.259 4.592 4.116 3.825 3.709 3.716 3.799 3.958 4.186 4.455 4.627 4.679 4.661 4.577 4.483 4.392 4.279 4.088 3.774 3.367 3.007 2.681 2.337 1.938 1.458 1.000 0.684 0.474 0.334 0.241 0.181 0.143 0.120 0.108 0.102 0.101 0.105 0.113 0.122 0.128 0.133 0.136 0.137 0.139 0.141 0.146 0.156 0.171 0.191 0.215 0.241 0.268 0.297 0.330 0.366
18.125 17.593 17.192 16.970 16.792 16.576 16.350 16.132 15.922 15.738 15.571 15.417 15.235 15.010 14.702 14.181 13.396 12.362 11.170 9.913 8.661 7.436 6.288 5.315 4.580 4.069 3.758 3.610 3.590 3.703 3.959 4.270 4.440 4.475 4.433 4.295 4.055 3.760 3.444 3.067 2.599 2.131 1.749 1.435 1.157 0.887 0.626 0.422 0.284 0.198 0.146 0.114 0.093 0.082 0.077 0.076 0.079 0.085 0.095 0.106 0.115 0.120 0.122 0.123 0.123 0.123 0.124 0.130 0.140 0.156 0.174 0.195 0.217 0.242 0.271 0.304 0.341
19.067 18.880 18.790 18.825 18.946 19.016 19.037 18.997 18.917 18.821 18.696 18.561 18.378 18.132 17.813 17.282 16.458 15.361 14.068 12.611 11.046 9.453 7.915 6.542 5.430 4.584 3.971 3.588 3.392 3.352 3.525 3.828 3.976 3.985 3.887 3.634 3.214 2.705 2.206 1.753 1.348 1.031 0.800 0.628 0.485 0.355 0.246 0.168 0.118 0.089 0.073 0.063 0.057 0.055 0.056 0.060 0.066 0.076 0.090 0.102 0.109 0.112 0.113 0.112 0.112 0.112 0.115 0.121 0.132 0.146 0.160 0.175 0.191 0.211 0.238 0.272 0.305
19.531 19.646 19.874 20.150 20.498 20.905 21.262 21.494 21.602 21.633 21.583 21.493 21.341 21.091 20.754 20.219 19.368 18.212 16.874 15.413 13.806 12.044 10.195 8.419 6.883 5.616 4.607 3.869 3.408 3.159 3.070 3.137 3.173 3.136 2.966 2.564 2.028 1.569 1.209 0.896 0.644 0.463 0.342 0.260 0.196 0.143 0.102 0.075 0.058 0.049 0.045 0.042 0.042 0.043 0.045 0.051 0.059 0.071 0.086 0.097 0.103 0.104 0.104 0.104 0.105 0.107 0.111 0.118 0.129 0.139 0.148 0.157 0.168 0.184 0.207 0.234 0.258
19.530 19.826 20.306 20.867 21.468 22.156 22.876 23.453 23.845 24.058 24.109 24.088 23.993 23.771 23.423 22.913 22.101 20.955 19.580 18.069 16.450 14.684 12.725 10.617 8.619 6.910 5.515 4.433 3.644 3.121 2.797 2.584 2.413 2.225 1.912 1.465 1.077 0.812 0.602 0.427 0.294 0.205 0.149 0.113 0.087 0.067 0.052 0.043 0.037 0.034 0.033 0.034 0.035 0.037 0.040 0.046 0.055 0.067 0.082 0.091 0.096 0.097 0.098 0.099 0.101 0.105 0.110 0.118 0.127 0.133 0.138 0.144 0.153 0.167 0.187 0.206 0.222
19.124 19.493 20.138 20.956 21.863 22.838 23.849 24.759 25.432 25.831 25.985 25.996 25.933 25.756 25.427 24.985 24.309 23.304 21.986 20.417 18.683 16.789 14.661 12.242 9.798 7.710 6.033 4.760 3.822 3.138 2.636 2.249 1.900 1.519 1.090 0.728 0.515 0.382 0.278 0.196 0.137 0.099 0.075 0.059 0.048 0.040 0.034 0.031 0.029 0.028 0.029 0.030 0.032 0.035 0.039 0.044 0.053 0.064 0.078 0.087 0.091 0.093 0.095 0.097 0.100 0.105 0.111 0.119 0.126 0.130 0.135 0.140 0.148 0.161 0.175 0.186 0.196
18.443 18.770 19.455 20.451 21.663 23.030 24.281 25.345 26.172 26.702 26.892 26.899 26.866 26.770 26.496 26.113 25.573 24.748 23.554 21.989 20.131 18.066 15.742 13.081 10.332 8.010 6.185 4.831 3.845 3.085 2.462 1.919 1.399 0.908 0.534 0.326 0.227 0.170 0.127 0.094 0.071 0.056 0.046 0.039 0.033 0.029 0.027 0.026 0.026 0.026 0.027 0.029 0.031 0.034 0.039 0.044 0.052 0.062 0.074 0.084 0.090 0.093 0.095 0.098 0.102 0.108 0.116 0.123 0.128 0.132 0.136 0.141 0.150 0.162 0.171 0.175 0.178
17.749 17.888 18.459 19.487 20.870 22.555 24.182 25.405 26.305 26.894 27.091 27.059 27.018 26.970 26.737 26.368 25.883 25.150 24.054 22.537 20.630 18.456 16.019 13.250 10.396 7.995 6.123 4.730 3.685 2.842 2.104 1.427 0.847 0.446 0.234 0.140 0.100 0.078 0.062 0.051 0.043 0.038 0.034 0.030 0.027 0.025 0.024 0.024 0.024 0.025 0.027 0.029 0.031 0.035 0.039 0.044 0.052 0.060 0.071 0.081 0.090 0.097 0.102 0.106 0.111 0.119 0.128 0.134 0.138 0.142 0.146 0.151 0.158 0.166 0.170 0.169 0.167
17.073 17.056 17.437 18.300 19.693 21.525 23.407 24.795 25.796 26.453 26.687 26.640 26.588 26.502 26.251 25.858 25.376 24.693 23.688 22.241 20.357 18.155 15.665 12.847 10.008 7.610 5.705 4.251 3.128 2.204 1.409 0.783 0.388 0.187 0.099 0.064 0.049 0.042 0.036 0.032 0.030 0.029 0.027 0.026 0.024 0.023 0.023 0.023 0.023 0.025 0.027 0.030 0.032 0.036 0.040 0.045 0.052 0.059 0.068 0.079 0.090 0.103 0.115 0.125 0.133 0.142 0.150 0.155 0.158 0.160 0.162 0.163 0.166 0.169 0.168 0.164 0.158
16.339 16.240 16.456 17.063 18.226 19.985 22.034 23.579 24.598 25.253 25.581 25.634 25.500 25.204 24.796 24.330 23.814 23.172 22.268 20.910 19.067 16.850 14.344 11.587 8.935 6.652 4.734 3.184 2.009 1.169 0.622 0.310 0.151 0.078 0.047 0.035 0.030 0.027 0.025 0.024 0.023 0.023 0.023 0.023 0.023 0.022 0.022 0.022 0.023 0.026 0.028 0.032 0.035 0.038 0.042 0.046 0.052 0.058 0.066 0.076 0.089 0.105 0.124 0.140 0.153 0.162 0.168 0.170 0.170 0.170 0.169 0.169 0.169 0.169 0.165 0.158 0.152
15.495 15.343 15.421 15.822 16.690 18.139 20.143 21.838 22.841 23.508 24.018 24.261 24.067 23.552 22.985 22.439 21.863 21.152 20.176 18.744 16.826 14.545 12.025 9.502 7.188 5.093 3.210 1.762 0.880 0.423 0.206 0.108 0.061 0.039 0.029 0.024 0.022 0.021 0.020 0.020 0.020 0.020 0.020 0.021 0.021 0.022 0.022 0.022 0.024 0.026 0.030 0.034 0.039 0.042 0.045 0.048 0.052 0.057 0.064 0.072 0.085 0.103 0.127 0.147 0.162 0.170 0.174 0.175 0.174 0.171 0.170 0.169 0.168 0.164 0.157 0.151 0.147
14.489 14.291 14.280 14.542 15.210 16.382 18.113 19.932 21.090 21.913 22.562 22.869 22.643 22.070 21.494 20.936 20.281 19.333 17.993 16.203 13.992 11.442 8.876 6.660 4.766 3.051 1.623 0.727 0.294 0.128 0.069 0.044 0.032 0.025 0.021 0.019 0.018 0.018 0.018 0.018 0.018 0.018 0.018 0.019 0.020 0.021 0.022 0.023 0.025 0.027 0.031 0.035 0.041 0.046 0.049 0.051 0.053 0.057 0.062 0.070 0.082 0.100 0.125 0.148 0.163 0.171 0.174 0.174 0.171 0.166 0.164 0.163 0.160 0.153 0.147 0.144 0.143
13.295 13.077 13.005 13.176 13.681 14.638 16.130 17.988 19.394 20.363 21.010 21.223 20.946 20.417 19.873 19.315 18.548 17.339 15.579 13.283 10.471 7.473 4.986 3.308 2.146 1.233 0.568 0.217 0.084 0.045 0.032 0.026 0.022 0.019 0.018 0.017 0.016 0.016 0.016 0.016 0.016 0.016 0.017 0.017 0.019 0.020 0.022 0.024 0.026 0.028 0.032 0.036 0.043 0.049 0.054 0.056 0.057 0.059 0.063 0.069 0.078 0.093 0.117 0.142 0.157 0.164 0.166 0.165 0.157 0.149 0.146 0.145 0.143 0.140 0.138 0.138 0.138
11.950 11.700 11.596 11.683 12.044 12.791 14.024 15.807 17.471 18.453 18.864 18.837 18.499 18.044 17.538 16.928 15.962 14.413 12.101 9.002 5.812 3.331 1.843 1.048 0.593 0.301 0.130 0.056 0.031 0.024 0.020 0.019 0.017 0.016 0.015 0.015 0.014 0.014 0.014 0.014 0.014 0.014 0.015 0.016 0.017 0.019 0.021 0.024 0.026 0.029 0.032 0.037 0.043 0.051 0.057 0.060 0.062 0.063 0.065 0.068 0.073 0.082 0.098 0.119 0.132 0.138 0.139 0.135 0.125 0.118 0.116 0.118 0.123 0.128 0.129 0.130 0.132
10.512 10.210 10.040 10.023 10.256 10.810 11.773 13.249 14.884 15.745 15.879 15.605 15.166 14.671 14.052 13.174 11.733 9.501 6.561 3.760 1.916 0.881 0.401 0.205 0.113 0.063 0.035 0.023 0.019 0.017 0.016 0.015 0.014 0.014 0.013 0.013 0.012 0.012 0.012 0.012 0.012 0.013 0.013 0.014 0.016 0.018 0.020 0.023 0.026 0.029 0.033 0.037 0.043 0.051 0.058 0.062 0.064 0.065 0.065 0.065 0.064 0.063 0.066 0.074 0.081 0.085 0.085 0.082 0.075 0.074 0.077 0.086 0.101 0.113 0.119 0.122 0.124
9.058 8.640 8.348 8.210 8.312 8.662 9.312 10.280 11.472 12.081 12.017 11.502 10.761 9.858 8.778 7.495 5.870 3.862 2.019 0.880 0.347 0.147 0.076 0.047 0.032 0.023 0.018 0.016 0.014 0.014 0.013 0.013 0.012 0.012 0.011 0.011 0.010 0.010 0.010 0.010 0.010 0.010 0.011 0.012 0.014 0.016 0.018 0.021 0.025 0.028 0.033 0.037 0.042 0.050 0.056 0.061 0.063 0.063 0.062 0.056 0.046 0.039 0.036 0.037 0.039 0.041 0.041 0.040 0.039 0.040 0.044 0.054 0.071 0.091 0.103 0.109 0.114
7.636 7.059 6.583 6.240 6.073 6.108 6.371 6.870 7.513 7.777 7.558 6.912 5.895 4.667 3.513 2.596 1.737 0.883 0.351 0.134 0.061 0.036 0.026 0.020 0.017 0.015 0.013 0.012 0.012 0.011 0.011 0.010 0.010 0.010 0.009 0.008 0.008 0.008 0.007 0.007 0.007 0.008 0.008 0.009 0.010 0.012 0.015 0.018 0.022 0.026 0.030 0.035 0.040 0.046 0.051 0.054 0.055 0.054 0.049 0.038 0.026 0.020 0.017 0.017 0.017 0.018 0.018 0.018 0.019 0.020 0.024 0.030 0.042 0.059 0.076 0.089 0.098
6.176 5.386 4.712 4.157 3.701 3.357 3.173 3.174 3.310 3.324 3.125 2.680 2.017 1.336 0.827 0.532 0.304 0.141 0.062 0.034 0.023 0.018 0.015 0.013 0.012 0.011 0.010 0.010 0.009 0.009 0.009 0.008 0.008 0.007 0.007 0.006 0.006 0.006 0.005 0.006 0.006 0.006 0.006 0.007 0.007 0.008 0.010 0.013 0.016 0.020 0.024 0.028 0.032 0.035 0.037 0.038 0.037 0.033 0.027 0.018 0.012 0.009 0.007 0.007 0.007 0.007 0.007 0.008 0.008 0.009 0.012 0.016 0.022 0.032 0.044 0.058 0.072
4.561 3.689 3.025 2.488 1.995 1.552 1.222 1.031 0.943 0.858 0.751 0.603 0.419 0.257 0.158 0.103 0.063 0.037 0.024 0.018 0.014 0.012 0.011 0.010 0.009 0.008 0.008 0.008 0.007 0.007 0.006 0.006 0.006 0.006 0.005 0.005 0.005 0.004 0.005 0.005 0.006 0.006 0.006 0.006 0.006 0.006 0.006 0.007 0.009 0.012 0.014 0.016 0.018 0.019 0.019 0.019 0.018 0.015 0.011 0.007 0.005 0.003 0.003 0.003 0.002 0.003 0.003 0.003 0.003 0.004 0.006 0.008 0.011 0.016 0.022 0.031 0.041
2.881 2.153 1.640 1.246 0.896 0.601 0.395 0.278 0.222 0.189 0.161 0.132 0.102 0.074 0.053 0.039 0.029 0.022 0.017 0.013 0.011 0.010 0.008 0.008 0.007 0.007 0.006 0.006 0.006 0.005 0.005 0.005 0.005 0.005 0.005 0.005 0.005 0.005 0.006 0.007 0.008 0.009 0.009 0.009 0.007 0.005 0.004 0.004 0.005 0.006 0.007 0.008 0.008 0.008 0.008 0.008 0.007 0.006 0.004 0.003 0.002 0.001 0.001 0.001 0.001 0.001 0.001 0.001 0.001 0.002 0.002 0.003 0.005 0.007 0.010 0.015 0.020
1.486 0.965 0.657 0.451 0.293 0.180 0.111 0.076 0.062 0.058 0.057 0.057 0.055 0.048 0.039 0.031 0.026 0.022 0.018 0.014 0.011 0.009 0.008 0.007 0.006 0.006 0.006 0.005 0.005 0.005 0.006 0.006 0.006 0.006 0.007 0.007 0.007 0.009 0.011 0.014 0.017 0.019 0.019 0.015 0.009 0.005 0.003 0.002 0.002 0.003 0.003 0.003 0.003 0.003 0.003 0.003 0.003 0.002 0.001 0.001 0.000 0.000 0.000 0.000 0.000 0.000 0.000 0.000 0.000 0.001 0.001 0.001 0.002 0.003 0.004 0.006 0.008
0.567 0.295 0.174 0.112 0.074 0.050 0.037 0.032 0.033 0.036 0.043 0.049 0.052 0.052 0.047 0.042 0.036 0.030 0.024 0.018 0.014 0.011 0.009 0.008 0.007 0.007 0.007 0.007 0.008 0.009 0.011 0.013 0.014 0.015 0.016 0.017 0.019 0.023 0.031 0.038 0.043 0.042 0.033 0.020 0.011 0.006 0.003 0.002 0.001 0.001 0.001 0.001 0.001 0.001 0.001 0.001 0.001 0.001 0.000 0.000 0.000 0.000 0.000 0.000 0.000 0.000 0.000 0.000 0.000 0.000 0.000 0.000 0.001 0.001 0.002 0.002 0.003
0.160 0.072 0.042 0.031 0.026 0.024 0.025 0.027 0.031 0.037 0.048 0.061 0.071 0.075 0.075 0.070 0.061 0.048 0.036 0.027 0.021 0.016 0.014 0.012 0.012 0.012 0.013 0.017 0.022 0.030 0.036 0.042 0.046 0.048 0.050 0.053 0.061 0.074 0.085 0.091 0.082 0.061 0.038 0.021 0.011 0.006 0.003 0.001 0.000 0.000 0.000 0.000 0.000 0.000 0.000 0.000 0.000 0.000 0.000 0.000 0.000 0.000 0.000 0.000 0.000 0.000 0.000 0.000 0.000 0.000 0.000 0.000 0.000 0.000 0.000 0.001 0.001
0.046 0.022 0.017 0.017 0.019 0.022 0.026 0.032 0.042 0.056 0.075 0.098 0.116 0.126 0.127 0.121 0.104 0.082 0.063 0.049 0.039 0.033 0.029 0.028 0.029 0.034 0.044 0.062 0.087 0.112 0.132 0.147 0.156 0.160 0.163 0.167 0.175 0.181 0.168 0.140 0.102 0.064 0.037 0.020 0.011 0.005 0.002 0.001 0.000 0.000 0.000 0.000 0.000 0.000 0.000 0.000 0.000 0.000 0.000 0.000 0.000 0.000 0.000 0.000 0.000 0.000 0.000 0.000 0.000 0.000 0.000 0.000 0.000 0.000 0.000 0.000 0.000
0.016 0.012 0.013 0.016 0.021 0.028 0.038 0.054 0.075 0.102 0.135 0.169 0.197 0.213 0.217 0.210 0.190 0.162 0.132 0.106 0.091 0.083 0.080 0.084 0.097 0.125 0.175 0.251 0.332 0.396 0.440 0.461 0.464 0.450 0.421 0.380 0.331 0.273 0.212 0.152 0.101 0.061 0.035 0.020 0.011 0.005 0.002 0.001 0.000 0.000 0.000 0.000 0.000 0.000 0.000 0.000 0.000 0.000 0.000 0.000 0.000 0.000 0.000 0.000 0.000 0.000 0.000 0.000 0.000 0.000 0.000 0.000 0.000 0.000 0.000 0.000 0.000
0.009 0.010 0.014 0.020 0.031 0.047 0.069 0.100 0.139 0.184 0.233 0.280 0.317 0.345 0.369 0.387 0.381 0.359 0.315 0.267 0.241 0.234 0.247 0.287 0.358 0.476 0.656 0.847 0.996 1.073 1.071 1.002 0.897 0.778 0.650 0.522 0.403 0.300 0.215 0.146 0.092 0.055 0.032 0.019 0.010 0.005 0.002 0.001 0.000 0.000 0.000 0.000 0.000 0.000 0.000 0.000 0.000 0.000 0.000 0.000 0.000 0.000 0.000 0.000 0.000 0.000 0.000 0.000 0.000 0.000 0.000 0.000 0.000 0.000 0.000 0.000 0.000
0.009 0.012 0.020 0.033 0.053 0.083 0.124 0.176 0.237 0.305 0.371 0.430 0.481 0.538 0.622 0.717 0.765 0.767 0.728 0.675 0.656 0.686 0.776 0.925 1.140 1.425 1.718 1.906 1.945 1.811 1.572 1.324 1.104 0.906 0.721 0.553 0.409 0.292 0.200 0.130 0.082 0.050 0.030 0.018 0.010 0.005 0.002 0.001 0.000 0.000 0.000 0.000 0.000 0.000 0.000 0.000 0.000 0.000 0.000 0.000 0.000 0.000 0.000 0.000 0.000 0.000 0.000 0.000 0.000 0.000 0.000 0.000 0.000 0.000 0.000 0.000 0.000
0.011 0.019 0.033 0.056 0.091 0.141 0.205 0.282 0.371 0.466 0.552 0.630 0.711 0.827 1.026 1.235 1.359 1.406 1.415 1.425 1.494 1.638 1.842 2.087 2.340 2.552 2.662 2.626 2.441 2.104 1.712 1.390 1.130 0.908 0.710 0.534 0.385 0.266 0.178 0.116 0.074 0.046 0.028 0.017 0.010 0.005 0.002 0.001 0.000 0.000 0.000 0.000 0.000 0.000 0.000 0.000 0.000 0.000 0.000 0.000 0.000 0.000 0.000 0.000 0.000 0.000 0.000 0.000 0.000 0.000 0.000 0.000 0.000 0.000 0.000 0.000 0.000
0.016 0.030 0.053 0.090 0.145 0.219 0.312 0.423 0.547 0.672 0.788 0.901 1.031 1.230 1.512 1.737 1.859 1.934 2.003 2.100 2.279 2.492 2.681 2.851 2.995 3.064 3.017 2.836 2.530 2.126 1.710 1.375 1.102 0.868 0.665 0.490 0.347 0.238 0.160 0.106 0.068 0.043 0.027 0.016 0.009 0.005 0.002 0.001 0.000 0.000 0.000 0.000 0.000 0.000 0.000 0.000 0.000 0.000 0.000 0.000 0.000 0.000 0.000 0.000 0.000 0.000 0.000 0.000 0.000 0.000 0.000 0.000 0.000 0.000 0.000 0.000 0.000
0.021 0.041 0.076 0.132 0.213 0.319 0.450 0.601 0.758 0.907 1.049 1.193 1.359 1.587 1.857 2.044 2.146 2.227 2.313 2.433 2.629 2.827 2.970 3.073 3.129 3.125 3.028 2.810 2.490 2.083 1.668 1.324 1.039 0.800 0.602 0.441 0.315 0.219 0.149 0.099 0.064 0.041 0.025 0.015 0.009 0.005 0.002 0.001 0.000 0.000 0.000 0.000 0.000 0.000 0.000 0.000 0.000 0.000 0.000 0.000 0.000 0.000 0.000 0.000 0.000 0.000 0.000 0.000 0.000 0.000 0.000 0.000 0.000 0.000 0.000 0.000 0.000
0.023 0.050 0.101 0.183 0.299 0.447 0.615 0.784 0.944 1.098 1.253 1.412 1.589 1.808 2.035 2.199 2.305 2.393 2.474 2.569 2.696 2.851 2.966 3.034 3.052 3.018 2.903 2.693 2.385 1.991 1.580 1.234 0.949 0.720 0.541 0.401 0.291 0.205 0.140 0.093 0.060 0.039 0.024 0.014 0.008 0.004 0.002 0.001 0.000 0.000 0.000 0.000 0.000 0.000 0.000 0.000 0.000 0.000 0.000 0.000 0.000 0.000 0.000 0.000 0.000 0.000 0.000 0.000 0.000 0.000 0.000 0.000 0.000 0.000 0.000 0.000 0.000
0.026 0.062 0.136 0.254 0.412 0.587 0.758 0.920 1.078 1.232 1.387 1.546 1.715 1.909 2.107 2.269 2.390 2.481 2.555 2.629 2.704 2.802 2.867 2.890 2.878 2.821 2.697 2.498 2.212 1.848 1.456 1.124 0.858 0.648 0.486 0.362 0.266 0.190 0.131 0.087 0.056 0.036 0.022 0.013 0.008 0.004 0.002 0.001 0.000 0.000 0.000 0.000 0.000 0.000 0.000 0.000 0.000 0.000 0.000 0.000 0.000 0.000 0.000 0.000 0.000 0.000 0.000 0.000 0.000 0.000 0.000 0.000 0.000 0.000 0.000 0.000 0.000
0.031 0.085 0.191 0.346 0.519 0.689 0.854 1.010 1.163 1.313 1.461 1.612 1.768 1.943 2.130 2.294 2.422 2.517 2.588 2.644 2.691 2.729 2.741 2.723 2.673 2.584 2.445 2.248 1.989 1.666 1.320 1.023 0.779 0.582 0.429 0.313 0.226 0.160 0.111 0.074 0.048 0.031 0.019 0.012 0.007 0.004 0.002 0.000 0.000 0.000 0.000 0.000 0.000 0.000 0.000 0.000 0.000 0.000 0.000 0.000 0.000 0.000 0.000 0.000 0.000 0.000 0.000 0.000 0.000 0.000 0.000 0.000 0.000 0.000 0.000 0.000 0.000
0.047 0.126 0.258 0.422 0.586 0.746 0.908 1.063 1.210 1.351 1.489 1.632 1.781 1.946 2.128 2.295 2.428 2.526 2.594 2.636 2.654 2.654 2.630 2.573 2.480 2.349 2.180 1.976 1.742 1.475 1.189 0.929 0.700 0.504 0.348 0.234 0.156 0.106 0.073 0.050 0.035 0.023 0.015 0.009 0.005 0.003 0.001 0.000 0.000 0.000 0.000 0.000 0.000 0.000 0.000 0.000 0.000 0.000 0.000 0.000 0.000 0.000 0.000 0.000 0.000 0.000 0.000 0.000 0.000 0.000 0.000 0.000 0.000 0.000 0.000 0.000 0.000
