RESULTS/r.avaflow_results/13_results/13_ascii/13_hflow0032.asc
ncols 506
nrows 317
xllcenter 498237.50
yllcenter 5580050.00
cellsize 12.50
NODATA_value -9999.000
[rows 170 to 203 of 317, columns 77 to 153 of 506]
0.000 0.000 0.001 0.002 0.004 0.008 0.014 0.021 0.027 0.031 0.035 0.043 0.063 0.110 0.200 0.342 0.533 0.765 1.036 1.344 1.678 2.034 2.417 2.846 3.311 3.723 4.071 4.403 4.730 5.080 5.474 5.933 6.474 7.116 7.870 8.748 9.743 10.848 12.036 13.217 14.346 15.492 16.721 17.996 19.264 20.452 21.603 22.809 24.068 25.437 26.752 28.095 29.756 31.253 32.305 32.846 32.993 33.369 33.912 34.473 34.851 35.142 35.194 35.126 34.561 33.743 32.564 31.059 29.595 28.194 26.556 24.762 23.118 21.619 20.216 18.950 17.773
0.000 0.001 0.003 0.006 0.012 0.022 0.035 0.050 0.064 0.079 0.098 0.134 0.205 0.331 0.516 0.755 1.036 1.355 1.706 2.083 2.482 2.903 3.354 3.824 4.298 4.728 5.110 5.471 5.831 6.213 6.640 7.140 7.736 8.448 9.309 10.330 11.477 12.735 14.085 15.382 16.594 17.794 18.999 20.310 21.591 22.710 23.761 24.912 26.388 28.193 29.574 30.712 32.070 33.068 33.772 34.376 34.623 35.019 35.674 36.160 36.402 36.525 36.380 36.064 35.332 34.279 33.031 31.521 30.033 28.424 26.696 25.080 23.553 22.192 20.942 19.897 18.938
0.002 0.004 0.009 0.017 0.029 0.047 0.070 0.096 0.125 0.163 0.218 0.311 0.465 0.687 0.960 1.270 1.623 2.026 2.474 2.955 3.446 3.946 4.457 4.944 5.405 5.833 6.236 6.627 7.019 7.432 7.901 8.453 9.107 9.889 10.825 11.906 13.138 14.498 15.955 17.374 18.688 19.954 21.140 22.545 23.790 24.898 25.994 27.052 28.335 30.232 31.771 32.813 33.666 34.163 34.486 35.043 35.489 36.024 36.685 37.029 37.166 37.261 36.942 36.390 35.730 34.630 33.402 32.065 30.498 28.932 27.211 25.599 24.032 22.717 21.567 20.640 19.885
0.004 0.009 0.017 0.029 0.047 0.072 0.107 0.151 0.207 0.282 0.387 0.541 0.761 1.047 1.392 1.797 2.260 2.787 3.379 3.998 4.594 5.168 5.721 6.207 6.640 7.058 7.469 7.873 8.282 8.731 9.237 9.819 10.486 11.275 12.226 13.325 14.592 16.013 17.534 19.116 20.601 21.985 23.176 24.588 25.826 26.909 28.079 29.210 30.268 31.781 33.279 34.342 34.844 34.987 34.966 35.380 35.924 36.596 37.248 37.468 37.606 37.593 37.147 36.596 35.935 34.818 33.701 32.658 31.180 29.552 27.777 25.988 24.317 22.926 21.803 20.987 20.451
0.006 0.012 0.022 0.036 0.058 0.089 0.132 0.191 0.272 0.381 0.528 0.728 0.998 1.346 1.781 2.305 2.921 3.631 4.421 5.218 5.930 6.563 7.124 7.594 8.006 8.400 8.799 9.204 9.623 10.083 10.581 11.130 11.780 12.553 13.487 14.563 15.850 17.285 18.849 20.482 22.151 23.664 24.922 26.304 27.513 28.538 29.705 30.815 31.781 32.945 34.040 34.894 35.411 35.400 35.136 35.293 35.691 36.293 36.951 37.159 37.270 37.224 36.812 36.347 35.777 34.867 33.892 32.907 31.553 29.841 28.039 26.112 24.385 22.931 21.878 21.111 20.676
0.006 0.013 0.024 0.040 0.064 0.098 0.147 0.215 0.313 0.447 0.630 0.874 1.197 1.615 2.138 2.768 3.513 4.374 5.351 6.370 7.262 8.006 8.602 9.075 9.470 9.840 10.206 10.599 11.010 11.423 11.878 12.396 12.983 13.697 14.592 15.642 16.942 18.307 19.915 21.645 23.394 25.022 26.426 27.806 28.952 29.972 31.059 31.958 32.859 33.771 34.416 34.892 35.471 35.504 35.235 35.207 35.377 35.806 36.568 36.846 36.888 36.950 36.583 36.073 35.684 34.921 33.977 32.945 31.468 29.861 27.963 25.959 24.216 22.772 21.743 20.965 20.544
0.006 0.014 0.025 0.042 0.067 0.102 0.153 0.226 0.332 0.485 0.698 0.986 1.365 1.852 2.458 3.179 4.015 4.976 6.075 7.275 8.359 9.245 9.939 10.467 10.883 11.249 11.599 11.944 12.307 12.693 13.111 13.561 14.109 14.746 15.553 16.532 17.820 19.185 20.766 22.556 24.439 26.205 27.706 29.103 30.232 31.136 32.099 32.835 33.597 34.444 34.760 34.890 35.375 35.467 35.322 35.252 35.167 35.423 36.236 36.604 36.770 36.813 36.415 36.007 35.631 34.901 34.041 32.961 31.346 29.718 27.691 25.668 23.913 22.488 21.418 20.624 20.160
0.006 0.014 0.026 0.043 0.068 0.103 0.154 0.228 0.337 0.500 0.737 1.067 1.504 2.059 2.735 3.525 4.425 5.439 6.595 7.901 9.187 10.271 11.109 11.735 12.197 12.563 12.908 13.243 13.574 13.895 14.260 14.638 15.109 15.660 16.400 17.308 18.500 19.859 21.400 23.105 25.033 26.907 28.564 29.945 31.036 31.867 32.867 33.499 33.944 34.542 34.712 34.687 34.879 34.667 34.498 34.797 34.810 35.020 35.850 36.207 36.388 36.399 36.001 35.623 35.204 34.465 33.592 32.456 30.810 29.025 26.998 25.059 23.415 22.071 20.967 20.169 19.607
0.006 0.013 0.024 0.042 0.067 0.102 0.151 0.224 0.333 0.499 0.749 1.116 1.610 2.229 2.962 3.799 4.737 5.783 6.959 8.299 9.740 11.027 12.063 12.849 13.400 13.821 14.165 14.467 14.771 15.038 15.341 15.655 16.024 16.484 17.100 17.898 18.956 20.208 21.756 23.502 25.477 27.487 29.325 30.677 31.672 32.408 33.356 33.868 34.167 34.726 34.856 34.794 34.887 34.592 34.297 34.342 34.408 34.856 35.707 35.963 36.021 36.045 35.635 35.135 34.685 33.862 32.868 31.695 30.022 28.179 26.141 24.280 22.775 21.460 20.389 19.590 18.989
0.004 0.010 0.021 0.039 0.064 0.096 0.142 0.209 0.312 0.475 0.735 1.126 1.672 2.352 3.130 3.992 4.942 5.980 7.152 8.496 10.026 11.551 12.815 13.785 14.489 14.997 15.339 15.641 15.880 16.111 16.339 16.586 16.886 17.268 17.769 18.464 19.435 20.595 22.047 23.786 25.784 27.905 29.847 31.291 32.272 32.982 33.752 34.157 34.511 34.959 34.966 34.942 34.971 34.584 34.290 34.098 34.064 34.582 35.479 35.513 35.483 35.410 34.965 34.448 33.924 32.976 31.838 30.549 28.847 26.960 25.000 23.256 21.906 20.698 19.693 18.904 18.293
0.002 0.006 0.015 0.031 0.054 0.083 0.120 0.174 0.258 0.403 0.660 1.078 1.669 2.403 3.225 4.107 5.054 6.076 7.230 8.569 10.127 11.810 13.330 14.534 15.411 16.037 16.449 16.786 16.993 17.168 17.323 17.458 17.689 17.900 18.336 18.888 19.762 20.865 22.160 23.874 25.825 28.012 30.022 31.514 32.525 33.217 33.698 34.011 34.366 34.703 34.735 34.731 34.775 34.464 34.147 33.755 33.552 33.676 34.650 34.791 34.712 34.476 33.947 33.465 32.714 31.696 30.513 29.070 27.300 25.428 23.687 22.147 20.919 19.794 18.853 18.131 17.498
0.001 0.003 0.009 0.020 0.038 0.059 0.084 0.116 0.169 0.274 0.492 0.900 1.531 2.337 3.229 4.139 5.074 6.093 7.250 8.587 10.129 11.911 13.668 15.064 16.144 16.932 17.457 17.806 18.012 18.152 18.253 18.316 18.455 18.584 18.907 19.279 20.000 20.940 22.166 23.907 25.864 28.058 30.109 31.617 32.641 33.444 33.803 33.927 34.371 34.576 34.720 34.630 34.798 34.560 34.236 33.935 33.590 33.359 33.888 33.913 34.082 33.761 33.201 32.552 31.575 30.467 29.153 27.641 25.886 24.079 22.476 21.027 19.871 18.822 17.921 17.165 16.536
0.000 0.001 0.005 0.012 0.023 0.036 0.051 0.068 0.096 0.154 0.288 0.597 1.184 2.027 3.029 4.049 5.016 6.022 7.157 8.493 10.047 11.858 13.805 15.454 16.766 17.718 18.357 18.759 18.985 19.109 19.146 19.177 19.210 19.297 19.489 19.756 20.308 21.120 22.252 23.920 25.849 28.084 30.130 31.684 32.835 33.615 33.880 33.941 34.328 34.363 34.533 34.572 34.782 34.493 34.264 34.000 33.506 32.991 33.107 33.026 33.452 33.107 32.559 31.723 30.631 29.415 28.082 26.488 24.676 22.924 21.396 19.992 18.856 17.820 16.907 16.146 15.503
0.000 0.001 0.002 0.006 0.013 0.021 0.031 0.042 0.060 0.095 0.174 0.363 0.779 1.501 2.505 3.636 4.718 5.794 6.955 8.301 9.881 11.772 13.896 15.728 17.176 18.294 19.087 19.567 19.866 19.976 20.028 20.031 19.984 19.972 20.032 20.238 20.649 21.264 22.225 23.768 25.641 27.915 29.931 31.434 32.514 33.279 33.585 33.682 33.894 33.884 33.972 34.195 34.197 34.015 34.065 33.790 33.335 32.710 32.323 32.201 32.417 32.295 31.875 31.051 29.915 28.573 27.154 25.487 23.611 21.857 20.338 18.973 17.849 16.781 15.867 15.068 14.385
0.000 0.000 0.001 0.003 0.007 0.012 0.019 0.029 0.045 0.077 0.139 0.268 0.552 1.089 1.910 2.970 4.130 5.313 6.555 7.949 9.589 11.584 13.799 15.800 17.444 18.718 19.658 20.301 20.693 20.843 20.925 20.885 20.837 20.809 20.751 20.878 21.217 21.673 22.474 23.894 25.617 27.841 29.889 31.311 32.236 33.127 33.494 33.554 33.784 33.711 33.584 33.821 33.763 33.641 33.757 33.511 33.194 32.725 31.953 31.654 31.426 31.535 31.349 30.632 29.412 28.039 26.526 24.764 22.801 20.990 19.382 17.955 16.821 15.751 14.808 13.979 13.262
0.000 0.000 0.000 0.001 0.003 0.007 0.012 0.022 0.039 0.073 0.137 0.256 0.482 0.902 1.579 2.516 3.636 4.862 6.192 7.660 9.331 11.350 13.679 15.814 17.550 18.938 20.034 20.857 21.419 21.710 21.895 21.857 21.734 21.721 21.641 21.639 21.908 22.267 22.889 24.135 25.692 27.798 29.647 30.957 31.867 32.788 33.155 33.223 33.418 33.188 32.999 33.067 33.036 32.965 33.135 32.988 32.800 32.528 31.799 31.234 30.765 30.757 30.689 30.105 28.976 27.646 25.982 24.147 22.052 20.171 18.501 17.010 15.804 14.754 13.796 12.938 12.171
0.000 0.000 0.000 0.000 0.001 0.003 0.008 0.017 0.036 0.074 0.146 0.271 0.487 0.865 1.468 2.319 3.391 4.630 6.004 7.513 9.203 11.132 13.414 15.646 17.507 19.022 20.295 21.297 21.989 22.397 22.648 22.731 22.659 22.687 22.693 22.667 22.874 23.137 23.598 24.603 25.806 27.462 29.172 30.377 31.230 32.031 32.367 32.483 32.558 32.255 32.006 31.787 31.695 31.659 32.033 32.070 31.987 32.024 31.505 30.823 30.224 29.885 29.711 29.374 28.396 27.124 25.391 23.463 21.316 19.406 17.675 16.141 14.855 13.770 12.805 11.916 11.086
0.000 0.000 0.000 0.000 0.001 0.002 0.005 0.013 0.034 0.079 0.166 0.311 0.541 0.909 1.482 2.292 3.331 4.556 5.947 7.468 9.123 10.940 13.064 15.333 17.368 19.005 20.373 21.551 22.448 23.137 23.491 23.649 23.670 23.765 23.792 23.877 24.167 24.436 24.847 25.618 26.410 27.542 28.942 29.975 30.701 31.422 31.639 31.635 31.779 31.520 31.216 30.848 30.613 30.502 30.901 31.124 31.174 31.377 30.962 30.449 29.955 29.239 28.720 28.437 27.697 26.483 24.808 22.830 20.681 18.664 16.895 15.323 13.960 12.795 11.814 10.889 9.960
0.000 0.000 0.000 0.000 0.000 0.001 0.003 0.011 0.033 0.089 0.200 0.383 0.658 1.053 1.613 2.379 3.368 4.562 5.937 7.468 9.112 10.875 12.811 14.926 17.082 18.939 20.413 21.654 22.698 23.509 24.088 24.448 24.566 24.754 24.857 24.959 25.256 25.631 26.024 26.580 27.013 27.735 28.734 29.637 30.307 30.804 30.886 30.902 31.094 30.922 30.640 30.110 29.780 29.551 29.759 29.932 30.119 30.367 30.095 29.747 29.368 28.501 27.851 27.344 26.689 25.563 23.942 22.072 20.022 17.927 16.129 14.502 13.070 11.797 10.688 9.613 8.547
0.000 0.000 0.000 0.000 0.000 0.000 0.002 0.009 0.034 0.103 0.250 0.496 0.849 1.305 1.884 2.623 3.555 4.699 6.046 7.557 9.177 10.874 12.661 14.547 16.664 18.621 20.219 21.629 22.813 23.774 24.599 25.019 25.216 25.482 25.581 25.671 26.000 26.348 26.633 27.109 27.400 27.844 28.475 29.119 29.739 30.122 30.154 30.157 30.309 30.158 29.933 29.546 29.086 28.708 28.742 28.693 28.783 28.975 28.834 28.592 28.264 27.418 26.655 25.856 25.113 24.157 22.699 21.068 19.200 17.134 15.317 13.640 12.124 10.713 9.366 8.060 6.853
0.000 0.000 0.000 0.000 0.000 0.000 0.001 0.008 0.035 0.121 0.322 0.660 1.124 1.668 2.291 3.029 3.923 5.007 6.285 7.732 9.317 10.960 12.649 14.346 16.263 18.234 19.990 21.492 22.742 23.756 24.790 25.400 25.743 26.077 26.158 26.197 26.499 26.742 26.931 27.392 27.611 27.862 28.374 28.874 29.361 29.788 29.824 29.755 29.916 29.788 29.643 29.432 28.834 28.253 28.121 27.888 27.734 27.751 27.517 27.212 26.891 26.135 25.283 24.330 23.372 22.352 21.135 19.666 18.013 16.149 14.377 12.683 11.036 9.420 7.851 6.357 5.003
0.000 0.000 0.000 0.000 0.000 0.000 0.001 0.007 0.032 0.136 0.412 0.889 1.508 2.154 2.838 3.602 4.488 5.527 6.744 8.133 9.646 11.181 12.732 14.299 16.015 17.794 19.543 21.057 22.462 23.707 24.884 25.644 26.113 26.450 26.557 26.558 26.783 26.962 27.183 27.591 27.754 27.920 28.309 28.673 29.147 29.539 29.587 29.583 29.689 29.534 29.394 29.227 28.738 28.133 27.724 27.204 26.786 26.456 26.057 25.610 25.100 24.439 23.555 22.531 21.429 20.250 19.154 17.784 16.290 14.662 12.968 11.183 9.301 7.434 5.691 4.109 2.818
0.000 0.000 0.000 0.000 0.000 0.001 0.001 0.006 0.029 0.139 0.503 1.194 2.025 2.763 3.511 4.324 5.230 6.261 7.437 8.742 10.155 11.560 12.951 14.409 15.959 17.575 19.203 20.720 22.175 23.504 24.673 25.517 26.094 26.439 26.531 26.522 26.696 26.830 27.069 27.411 27.559 27.682 27.945 28.187 28.675 29.027 29.058 29.076 29.164 29.087 28.980 28.801 28.325 27.683 27.058 26.351 25.791 25.183 24.574 24.003 23.313 22.540 21.640 20.595 19.436 18.118 16.835 15.455 13.962 12.296 10.449 8.409 6.283 4.347 2.825 1.742 1.037
0.000 0.000 0.000 0.001 0.001 0.002 0.003 0.006 0.026 0.132 0.547 1.438 2.536 3.412 4.260 5.150 6.126 7.209 8.389 9.649 10.937 12.187 13.408 14.675 16.035 17.546 19.060 20.501 21.886 23.275 24.468 25.369 25.999 26.455 26.546 26.495 26.711 26.829 26.964 27.281 27.359 27.379 27.604 27.797 28.230 28.638 28.715 28.683 28.818 28.738 28.599 28.372 27.815 27.062 26.415 25.616 24.861 24.137 23.324 22.476 21.571 20.667 19.672 18.542 17.300 15.901 14.373 12.744 10.942 8.902 6.721 4.657 2.948 1.705 0.909 0.458 0.226
0.001 0.001 0.001 0.002 0.003 0.004 0.004 0.008 0.025 0.122 0.539 1.520 2.854 3.950 4.972 6.018 7.138 8.349 9.582 10.821 11.983 13.092 14.181 15.254 16.400 17.645 18.984 20.355 21.670 23.009 24.143 25.114 25.745 26.260 26.386 26.377 26.585 26.729 26.783 27.003 26.967 26.939 27.099 27.245 27.665 28.044 28.126 28.146 28.287 28.147 27.921 27.629 27.023 26.167 25.410 24.562 23.717 22.907 21.857 20.841 19.761 18.701 17.541 16.331 15.047 13.570 11.889 9.967 7.872 5.680 3.681 2.112 1.059 0.474 0.200 0.085 0.038
0.002 0.003 0.004 0.004 0.005 0.006 0.007 0.011 0.026 0.107 0.495 1.488 2.977 4.353 5.611 6.891 8.247 9.656 10.990 12.235 13.327 14.287 15.219 16.148 17.095 18.121 19.219 20.479 21.665 22.763 23.765 24.678 25.232 25.711 25.855 25.935 26.158 26.281 26.324 26.441 26.280 26.206 26.347 26.385 26.692 27.060 27.147 27.185 27.257 27.074 26.890 26.563 25.857 24.990 24.089 23.182 22.252 21.301 20.136 18.997 17.805 16.592 15.359 14.023 12.673 11.105 9.337 7.355 5.300 3.365 1.832 0.838 0.324 0.114 0.040 0.016 0.008
0.005 0.006 0.006 0.007 0.008 0.010 0.011 0.014 0.028 0.103 0.469 1.452 3.018 4.666 6.185 7.739 9.388 11.085 12.596 13.863 14.928 15.795 16.586 17.361 18.106 18.888 19.710 20.726 21.742 22.670 23.570 24.326 24.740 25.260 25.394 25.424 25.738 25.797 25.809 25.914 25.717 25.563 25.674 25.615 25.696 25.983 26.047 26.019 26.079 25.873 25.542 25.115 24.403 23.473 22.497 21.410 20.340 19.295 18.089 16.831 15.570 14.288 12.994 11.598 10.145 8.537 6.759 4.861 3.090 1.670 0.740 0.268 0.083 0.025 0.008 0.005 0.004
0.009 0.009 0.010 0.011 0.012 0.014 0.015 0.017 0.030 0.106 0.473 1.467 3.091 4.958 6.768 8.592 10.495 12.434 14.207 15.624 16.777 17.622 18.277 18.840 19.362 19.915 20.426 21.136 21.993 22.775 23.500 24.042 24.395 24.905 25.050 25.044 25.189 25.177 25.184 25.254 25.054 24.858 24.786 24.712 24.653 24.724 24.651 24.556 24.556 24.227 23.779 23.271 22.570 21.592 20.492 19.318 18.113 16.943 15.700 14.377 13.070 11.742 10.341 8.942 7.479 5.864 4.137 2.570 1.369 0.597 0.209 0.062 0.017 0.005 0.003 0.003 0.004
0.016 0.015 0.014 0.015 0.017 0.018 0.018 0.020 0.033 0.116 0.510 1.560 3.260 5.273 7.335 9.440 11.577 13.676 15.577 17.159 18.444 19.315 19.934 20.397 20.769 21.072 21.331 21.754 22.306 22.847 23.329 23.686 24.005 24.358 24.468 24.480 24.484 24.395 24.375 24.383 24.209 24.048 23.837 23.599 23.407 23.338 23.164 22.936 22.784 22.312 21.754 21.137 20.331 19.324 18.105 16.822 15.522 14.272 12.988 11.684 10.347 8.991 7.604 6.203 4.721 3.219 1.907 0.961 0.397 0.133 0.039 0.011 0.003 0.002 0.002 0.003 0.006
0.025 0.022 0.021 0.022 0.023 0.022 0.021 0.022 0.037 0.136 0.601 1.782 3.628 5.756 7.975 10.295 12.578 14.762 16.738 18.431 19.791 20.732 21.360 21.708 22.020 22.142 22.258 22.446 22.730 23.028 23.341 23.485 23.692 23.911 23.887 23.845 23.868 23.719 23.602 23.616 23.452 23.215 22.994 22.611 22.232 21.996 21.554 21.131 20.744 20.123 19.474 18.692 17.737 16.659 15.410 14.089 12.757 11.483 10.247 9.047 7.801 6.501 5.128 3.711 2.374 1.301 0.591 0.219 0.070 0.021 0.006 0.002 0.001 0.001 0.002 0.004 0.007
0.040 0.034 0.031 0.030 0.028 0.025 0.023 0.024 0.044 0.173 0.762 2.188 4.309 6.559 8.814 11.177 13.497 15.641 17.569 19.246 20.621 21.600 22.288 22.657 22.942 22.989 23.000 23.047 23.137 23.225 23.414 23.391 23.422 23.420 23.211 23.063 23.063 22.901 22.779 22.722 22.534 22.309 22.038 21.542 20.971 20.495 19.857 19.257 18.600 17.818 17.012 16.102 15.030 13.857 12.633 11.358 10.132 8.940 7.792 6.691 5.526 4.300 3.001 1.795 0.887 0.351 0.113 0.033 0.010 0.003 0.001 0.001 0.001 0.001 0.002 0.004 0.007
0.062 0.053 0.045 0.038 0.032 0.026 0.024 0.026 0.056 0.241 1.046 2.873 5.380 7.656 9.834 12.072 14.239 16.271 18.115 19.777 21.214 22.278 23.026 23.384 23.554 23.536 23.449 23.434 23.340 23.263 23.335 23.157 23.007 22.704 22.278 21.994 21.914 21.779 21.726 21.587 21.378 21.221 20.908 20.333 19.629 18.917 18.139 17.387 16.582 15.681 14.715 13.639 12.450 11.229 10.026 8.856 7.744 6.648 5.581 4.537 3.457 2.374 1.376 0.640 0.229 0.065 0.017 0.004 0.001 0.001 0.001 0.001 0.001 0.001 0.002 0.003 0.007
0.082 0.070 0.056 0.043 0.033 0.027 0.025 0.028 0.066 0.317 1.403 3.789 6.630 8.779 10.774 12.785 14.759 16.657 18.431 19.993 21.446 22.483 23.216 23.624 23.854 23.866 23.785 23.784 23.602 23.365 23.301 22.938 22.508 21.983 21.304 20.839 20.703 20.529 20.424 20.264 20.054 19.951 19.635 19.052 18.215 17.378 16.514 15.561 14.627 13.611 12.513 11.285 10.011 8.785 7.641 6.577 5.554 4.545 3.533 2.568 1.692 0.963 0.439 0.152 0.041 0.010 0.003 0.001 0.001 0.000 0.000 0.001 0.001 0.001 0.001 0.003 0.008
0.090 0.077 0.060 0.045 0.035 0.029 0.027 0.030 0.070 0.337 1.552 4.348 7.516 9.632 11.461 13.249 15.039 16.811 18.500 19.950 21.343 22.500 23.297 23.695 24.027 24.051 23.975 23.989 23.735 23.441 23.193 22.587 21.879 21.160 20.319 19.698 19.386 19.096 18.900 18.672 18.478 18.417 18.067 17.528 16.707 15.776 14.807 13.758 12.690 11.563 10.340 9.035 7.747 6.548 5.460 4.461 3.508 2.602 1.766 1.074 0.569 0.250 0.088 0.025 0.006 0.001 0.001 0.001 0.000 0.000 0.000 0.000 0.001 0.001 0.001 0.004 0.012
