RESULTS/r.avaflow_results/13_results/13_ascii/13_hflow0044.asc
ncols 506
nrows 317
xllcenter 498237.50
yllcenter 5580050.00
cellsize 12.50
NODATA_value -9999.000
[rows 170 to 203 of 317, columns 77 to 153 of 506]
0.000 0.001 0.003 0.005 0.011 0.020 0.033 0.047 0.058 0.068 0.079 0.098 0.139 0.219 0.351 0.535 0.762 1.021 1.309 1.623 1.955 2.306 2.679 3.092 3.552 3.992 4.396 4.784 5.173 5.586 6.039 6.565 7.188 7.916 8.759 9.721 10.787 11.913 12.981 13.982 14.914 15.844 16.801 17.841 18.982 20.258 21.525 22.788 24.031 25.281 26.539 27.906 29.270 30.651 31.632 32.185 32.616 33.262 33.983 34.614 35.175 35.444 35.553 35.522 35.115 34.508 33.609 32.363 31.100 29.709 28.099 26.376 24.624 22.968 21.406 19.984 18.710
0.002 0.005 0.009 0.017 0.030 0.050 0.075 0.102 0.127 0.154 0.191 0.254 0.365 0.540 0.774 1.052 1.360 1.693 2.051 2.427 2.816 3.222 3.644 4.093 4.567 5.023 5.455 5.872 6.293 6.736 7.230 7.804 8.479 9.270 10.186 11.222 12.362 13.597 14.822 15.929 16.936 17.922 18.940 20.010 21.149 22.437 23.808 25.212 26.705 28.052 29.263 30.439 31.435 32.471 33.264 33.732 34.155 34.833 35.500 36.048 36.535 36.651 36.589 36.406 35.859 35.084 34.016 32.733 31.332 29.868 28.384 26.865 25.195 23.608 22.190 20.941 19.870
0.007 0.013 0.024 0.040 0.064 0.097 0.137 0.181 0.230 0.291 0.378 0.513 0.718 0.992 1.311 1.662 2.044 2.463 2.912 3.368 3.826 4.285 4.747 5.219 5.683 6.139 6.584 7.025 7.473 7.951 8.491 9.111 9.807 10.604 11.528 12.577 13.756 15.062 16.403 17.626 18.769 19.860 20.942 22.077 23.203 24.441 25.755 27.156 28.816 30.288 31.441 32.331 33.015 33.618 34.105 34.483 34.996 35.687 36.344 36.867 37.206 37.193 37.035 36.718 36.083 35.287 34.246 33.051 31.757 30.424 28.919 27.348 25.723 24.138 22.791 21.646 20.757
0.014 0.024 0.040 0.063 0.095 0.138 0.193 0.260 0.344 0.451 0.594 0.791 1.056 1.388 1.782 2.240 2.760 3.330 3.916 4.465 4.993 5.501 6.001 6.470 6.916 7.363 7.809 8.256 8.717 9.219 9.766 10.364 11.046 11.833 12.742 13.784 14.966 16.289 17.715 19.112 20.425 21.659 22.786 23.959 25.097 26.291 27.465 28.762 30.487 32.063 33.175 33.913 34.261 34.469 34.673 34.914 35.429 36.069 36.741 37.227 37.457 37.382 37.251 36.880 36.136 35.351 34.372 33.292 32.106 30.836 29.297 27.683 26.014 24.403 23.129 22.057 21.295
0.018 0.031 0.050 0.077 0.114 0.164 0.231 0.317 0.429 0.573 0.760 1.004 1.320 1.716 2.199 2.769 3.429 4.178 4.980 5.689 6.309 6.870 7.390 7.850 8.279 8.698 9.126 9.566 10.016 10.492 10.992 11.542 12.177 12.915 13.812 14.856 16.021 17.343 18.814 20.321 21.743 23.114 24.399 25.592 26.667 27.867 29.028 30.104 31.579 33.086 34.292 34.887 35.041 35.008 34.914 34.946 35.289 35.924 36.580 37.033 37.234 37.157 37.048 36.720 36.046 35.364 34.547 33.589 32.417 31.073 29.514 27.833 26.066 24.483 23.234 22.229 21.525
0.020 0.034 0.055 0.085 0.125 0.180 0.254 0.352 0.483 0.656 0.881 1.173 1.544 2.009 2.576 3.245 4.019 4.901 5.884 6.801 7.578 8.247 8.803 9.269 9.679 10.067 10.460 10.856 11.261 11.685 12.145 12.659 13.237 13.915 14.751 15.761 16.911 18.207 19.661 21.257 22.903 24.359 25.697 26.940 28.053 29.237 30.292 31.219 32.395 33.336 34.619 35.217 35.390 35.278 35.041 34.993 35.147 35.751 36.317 36.769 37.024 36.936 36.766 36.526 35.991 35.342 34.568 33.598 32.421 31.008 29.432 27.717 25.896 24.371 23.116 22.130 21.478
0.021 0.035 0.057 0.089 0.131 0.188 0.265 0.369 0.512 0.706 0.966 1.304 1.733 2.267 2.913 3.667 4.525 5.494 6.583 7.687 8.645 9.438 10.071 10.573 10.986 11.359 11.718 12.080 12.453 12.847 13.254 13.697 14.208 14.830 15.612 16.557 17.647 18.924 20.369 21.971 23.713 25.307 26.785 28.077 29.135 30.210 31.145 31.931 33.005 33.666 34.673 35.274 35.566 35.472 35.177 34.940 34.888 35.392 35.972 36.542 36.791 36.692 36.558 36.331 35.858 35.322 34.576 33.512 32.268 30.830 29.164 27.392 25.620 24.106 22.830 21.867 21.228
0.020 0.035 0.058 0.090 0.133 0.191 0.268 0.373 0.522 0.731 1.018 1.401 1.889 2.491 3.205 4.022 4.937 5.953 7.086 8.313 9.462 10.417 11.169 11.756 12.200 12.578 12.920 13.258 13.594 13.927 14.283 14.679 15.116 15.670 16.339 17.210 18.241 19.456 20.886 22.530 24.262 25.975 27.553 28.881 29.992 31.036 31.839 32.468 33.344 33.848 34.315 34.741 35.166 35.298 35.140 34.882 34.721 35.103 35.655 36.203 36.412 36.339 36.233 35.960 35.486 34.986 34.211 33.045 31.788 30.352 28.650 26.865 25.132 23.643 22.390 21.452 20.786
0.019 0.033 0.056 0.090 0.134 0.190 0.267 0.372 0.521 0.734 1.040 1.462 2.009 2.673 3.443 4.303 5.247 6.278 7.418 8.694 10.009 11.162 12.086 12.797 13.315 13.730 14.056 14.365 14.672 14.947 15.256 15.583 15.945 16.402 16.971 17.745 18.709 19.846 21.203 22.850 24.660 26.481 28.107 29.418 30.472 31.430 32.196 32.807 33.519 33.924 34.228 34.490 34.664 34.775 34.848 34.818 34.752 35.101 35.468 35.875 36.078 35.977 35.780 35.475 34.979 34.364 33.542 32.373 31.113 29.613 27.880 26.087 24.488 23.070 21.853 20.912 20.234
0.014 0.027 0.050 0.085 0.130 0.185 0.258 0.360 0.505 0.719 1.037 1.488 2.086 2.806 3.615 4.500 5.458 6.488 7.617 8.898 10.311 11.667 12.789 13.677 14.312 14.801 15.153 15.429 15.688 15.911 16.187 16.456 16.762 17.083 17.535 18.195 19.061 20.160 21.466 23.048 24.873 26.793 28.499 29.845 30.871 31.737 32.425 33.115 33.725 34.012 34.272 34.449 34.339 34.212 34.298 34.525 34.695 34.974 35.257 35.545 35.654 35.447 35.188 34.810 34.203 33.445 32.546 31.377 30.043 28.410 26.699 25.027 23.597 22.277 21.162 20.218 19.514
0.008 0.019 0.040 0.073 0.117 0.170 0.236 0.327 0.457 0.662 0.987 1.464 2.098 2.865 3.714 4.615 5.566 6.578 7.693 8.964 10.422 11.976 13.303 14.389 15.174 15.757 16.160 16.453 16.685 16.878 17.092 17.247 17.429 17.677 18.058 18.596 19.308 20.328 21.562 23.069 24.899 26.909 28.680 30.107 31.116 31.936 32.507 33.070 33.644 33.940 34.095 34.283 34.185 34.025 33.926 33.959 34.275 34.702 34.900 35.035 35.016 34.714 34.374 33.868 33.134 32.319 31.291 30.005 28.624 26.991 25.366 23.843 22.557 21.345 20.295 19.379 18.662
0.004 0.011 0.027 0.055 0.094 0.140 0.194 0.263 0.366 0.541 0.845 1.330 2.004 2.824 3.725 4.650 5.596 6.601 7.714 8.981 10.432 12.088 13.649 14.939 15.917 16.618 17.069 17.405 17.628 17.783 17.903 18.014 18.132 18.294 18.575 18.966 19.572 20.472 21.625 23.091 24.933 26.942 28.775 30.204 31.202 32.040 32.551 32.923 33.504 33.823 33.831 33.999 33.964 33.841 33.739 33.669 33.798 34.335 34.508 34.533 34.470 34.102 33.588 32.884 32.001 31.033 29.938 28.661 27.259 25.658 24.123 22.716 21.478 20.352 19.346 18.433 17.691
0.002 0.006 0.016 0.035 0.063 0.097 0.135 0.181 0.251 0.376 0.614 1.048 1.715 2.574 3.561 4.573 5.544 6.548 7.653 8.916 10.393 12.105 13.865 15.359 16.507 17.347 17.923 18.284 18.498 18.636 18.710 18.779 18.839 18.928 19.117 19.374 19.869 20.644 21.677 23.100 24.917 26.933 28.790 30.247 31.338 32.090 32.505 32.843 33.245 33.453 33.608 33.804 33.781 33.769 33.701 33.423 33.292 33.664 33.904 33.859 33.820 33.406 32.813 32.040 31.102 30.056 28.842 27.495 26.079 24.523 23.007 21.640 20.421 19.305 18.306 17.399 16.637
0.001 0.003 0.008 0.020 0.039 0.063 0.090 0.123 0.172 0.259 0.424 0.743 1.294 2.092 3.102 4.207 5.271 6.332 7.469 8.766 10.272 12.034 13.928 15.576 16.922 17.902 18.643 19.082 19.357 19.477 19.526 19.576 19.567 19.583 19.632 19.806 20.186 20.804 21.651 23.010 24.758 26.760 28.642 30.091 31.155 31.861 32.257 32.578 32.858 32.941 33.115 33.298 33.271 33.315 33.325 33.050 32.828 32.875 33.075 33.114 33.101 32.675 32.103 31.324 30.337 29.223 27.969 26.588 25.080 23.490 21.971 20.627 19.384 18.256 17.221 16.314 15.517
0.000 0.001 0.004 0.011 0.022 0.038 0.059 0.086 0.128 0.200 0.331 0.572 0.995 1.645 2.525 3.593 4.741 5.912 7.128 8.474 10.034 11.882 13.911 15.702 17.189 18.320 19.208 19.773 20.144 20.289 20.360 20.395 20.350 20.353 20.310 20.391 20.691 21.150 21.853 23.098 24.723 26.671 28.535 29.912 30.840 31.616 32.033 32.247 32.518 32.547 32.589 32.713 32.689 32.684 32.797 32.686 32.535 32.365 32.283 32.320 32.342 32.018 31.564 30.792 29.801 28.631 27.326 25.855 24.253 22.586 20.994 19.616 18.368 17.250 16.184 15.248 14.416
0.000 0.000 0.002 0.005 0.011 0.021 0.037 0.061 0.102 0.176 0.305 0.518 0.867 1.410 2.177 3.156 4.283 5.502 6.805 8.224 9.821 11.689 13.792 15.689 17.282 18.627 19.639 20.371 20.840 21.090 21.220 21.209 21.120 21.113 21.082 21.106 21.286 21.624 22.219 23.277 24.717 26.591 28.285 29.568 30.443 31.210 31.646 31.857 32.049 31.960 31.906 31.871 31.869 31.854 32.016 31.986 31.944 31.794 31.625 31.563 31.625 31.364 30.966 30.212 29.282 28.110 26.794 25.231 23.500 21.764 20.129 18.672 17.403 16.277 15.209 14.234 13.361
0.000 0.000 0.001 0.002 0.005 0.011 0.022 0.043 0.086 0.167 0.305 0.518 0.848 1.343 2.043 2.958 4.056 5.295 6.646 8.105 9.696 11.506 13.597 15.587 17.266 18.699 19.867 20.793 21.421 21.818 21.990 22.075 22.056 22.074 22.061 22.066 22.197 22.459 22.920 23.743 24.851 26.394 27.903 29.095 29.929 30.612 31.005 31.187 31.298 31.149 31.002 30.792 30.740 30.765 31.026 31.111 31.166 31.184 30.975 30.785 30.877 30.676 30.255 29.594 28.700 27.567 26.205 24.544 22.768 20.989 19.305 17.792 16.482 15.322 14.261 13.284 12.363
0.000 0.000 0.000 0.001 0.002 0.005 0.013 0.032 0.075 0.165 0.318 0.549 0.885 1.368 2.044 2.927 4.001 5.234 6.595 8.068 9.647 11.359 13.334 15.377 17.194 18.730 20.008 21.051 21.843 22.451 22.750 22.950 23.007 23.037 23.062 23.146 23.339 23.566 23.928 24.547 25.303 26.423 27.649 28.685 29.443 30.016 30.264 30.340 30.470 30.354 30.125 29.817 29.702 29.702 29.978 30.153 30.302 30.441 30.210 29.920 29.904 29.809 29.477 28.938 28.081 26.929 25.509 23.867 22.105 20.241 18.541 16.989 15.599 14.383 13.300 12.294 11.291
0.000 0.000 0.000 0.000 0.001 0.002 0.008 0.025 0.071 0.172 0.353 0.626 1.004 1.508 2.168 3.010 4.045 5.259 6.622 8.091 9.646 11.308 13.117 15.072 16.978 18.649 20.014 21.180 22.091 22.829 23.348 23.641 23.784 23.921 24.012 24.115 24.321 24.598 24.909 25.366 25.850 26.614 27.502 28.375 29.036 29.470 29.641 29.694 29.785 29.673 29.492 29.186 28.970 28.831 28.972 29.107 29.284 29.407 29.245 29.049 28.854 28.730 28.545 28.087 27.227 26.091 24.719 23.087 21.360 19.508 17.786 16.191 14.732 13.413 12.212 11.065 9.924
0.000 0.000 0.000 0.000 0.000 0.001 0.006 0.022 0.071 0.194 0.422 0.770 1.230 1.789 2.455 3.260 4.234 5.391 6.717 8.169 9.709 11.315 12.965 14.747 16.625 18.430 19.881 21.191 22.216 23.079 23.767 24.201 24.429 24.600 24.676 24.778 25.013 25.265 25.498 25.908 26.286 26.760 27.334 28.048 28.591 28.944 29.050 29.122 29.184 29.106 29.003 28.713 28.378 28.130 28.156 28.157 28.210 28.271 28.118 27.885 27.497 27.236 27.115 26.805 26.084 24.978 23.640 22.103 20.490 18.719 17.014 15.385 13.844 12.353 10.925 9.535 8.241
0.000 0.000 0.000 0.000 0.000 0.001 0.005 0.021 0.076 0.232 0.539 1.005 1.585 2.218 2.909 3.696 4.621 5.713 6.976 8.376 9.876 11.421 12.964 14.578 16.275 18.106 19.667 21.077 22.202 23.173 23.989 24.540 24.837 25.052 25.109 25.196 25.435 25.626 25.830 26.210 26.489 26.813 27.274 27.849 28.289 28.664 28.747 28.746 28.833 28.781 28.650 28.435 28.069 27.764 27.656 27.452 27.252 27.175 26.904 26.575 26.166 25.696 25.346 24.981 24.452 23.477 22.268 20.826 19.341 17.743 16.142 14.481 12.780 11.057 9.398 7.812 6.363
0.000 0.000 0.000 0.000 0.000 0.001 0.005 0.020 0.082 0.281 0.710 1.363 2.092 2.801 3.527 4.318 5.218 6.259 7.456 8.794 10.208 11.641 13.059 14.527 16.091 17.736 19.282 20.737 22.017 23.089 23.991 24.716 25.115 25.350 25.442 25.492 25.682 25.826 26.032 26.363 26.611 26.866 27.216 27.649 28.070 28.415 28.528 28.565 28.620 28.542 28.467 28.324 27.931 27.502 27.151 26.757 26.330 26.030 25.599 25.162 24.663 24.026 23.444 22.888 22.339 21.484 20.405 19.072 17.695 16.284 14.748 12.996 11.043 9.056 7.227 5.524 4.019
0.000 0.000 0.000 0.000 0.001 0.002 0.005 0.019 0.081 0.320 0.916 1.859 2.764 3.528 4.295 5.118 6.029 7.050 8.188 9.424 10.730 12.030 13.319 14.630 16.034 17.504 18.998 20.415 21.783 23.004 23.947 24.712 25.156 25.424 25.521 25.546 25.678 25.823 26.004 26.275 26.491 26.706 26.959 27.276 27.737 28.058 28.154 28.205 28.263 28.210 28.160 28.030 27.633 27.132 26.646 26.073 25.433 24.922 24.333 23.721 23.075 22.284 21.486 20.656 19.848 19.013 18.054 16.808 15.416 13.928 12.185 10.184 7.969 5.845 4.085 2.727 1.757
0.001 0.001 0.001 0.001 0.002 0.003 0.006 0.019 0.079 0.334 1.049 2.268 3.423 4.316 5.177 6.072 7.040 8.090 9.201 10.355 11.537 12.662 13.782 14.931 16.168 17.485 18.861 20.175 21.516 22.785 23.784 24.630 25.159 25.465 25.532 25.541 25.684 25.852 25.974 26.217 26.364 26.456 26.667 26.933 27.378 27.696 27.782 27.813 27.928 27.859 27.776 27.625 27.177 26.583 26.010 25.299 24.559 23.930 23.124 22.314 21.454 20.495 19.526 18.492 17.435 16.353 15.231 13.887 12.260 10.331 8.096 5.893 3.990 2.560 1.565 0.911 0.505
0.002 0.002 0.002 0.003 0.004 0.005 0.007 0.020 0.079 0.332 1.087 2.446 3.875 5.001 6.075 7.155 8.247 9.364 10.464 11.540 12.580 13.539 14.489 15.460 16.487 17.617 18.840 20.070 21.245 22.413 23.479 24.340 24.936 25.318 25.432 25.466 25.621 25.745 25.862 26.014 26.104 26.110 26.264 26.470 26.851 27.177 27.280 27.317 27.406 27.340 27.219 26.996 26.492 25.827 25.150 24.398 23.580 22.789 21.805 20.813 19.733 18.648 17.481 16.280 15.038 13.675 12.170 10.394 8.284 6.084 4.076 2.503 1.422 0.770 0.405 0.207 0.104
0.004 0.005 0.005 0.006 0.006 0.008 0.011 0.023 0.081 0.324 1.075 2.470 4.144 5.555 6.887 8.237 9.578 10.856 11.974 12.964 13.872 14.701 15.482 16.277 17.099 17.993 18.997 20.132 21.182 22.174 23.221 24.042 24.595 24.946 25.073 25.172 25.336 25.425 25.557 25.615 25.582 25.540 25.658 25.789 26.072 26.399 26.501 26.552 26.589 26.502 26.379 26.108 25.531 24.836 24.018 23.165 22.274 21.323 20.230 19.154 17.951 16.697 15.404 14.061 12.637 11.055 9.289 7.260 5.095 3.172 1.745 0.848 0.384 0.179 0.086 0.042 0.021
0.008 0.008 0.008 0.009 0.010 0.011 0.014 0.027 0.084 0.322 1.070 2.485 4.335 6.030 7.626 9.237 10.820 12.289 13.567 14.607 15.453 16.154 16.760 17.364 17.984 18.655 19.407 20.301 21.209 22.068 22.911 23.626 24.109 24.527 24.686 24.800 24.996 25.052 25.109 25.173 25.072 25.000 25.033 25.034 25.165 25.447 25.572 25.611 25.624 25.476 25.269 24.962 24.354 23.569 22.619 21.616 20.613 19.572 18.382 17.193 15.914 14.556 13.161 11.680 10.140 8.445 6.618 4.678 2.876 1.509 0.670 0.258 0.097 0.039 0.018 0.009 0.007
0.013 0.012 0.012 0.013 0.014 0.015 0.018 0.031 0.088 0.333 1.097 2.552 4.518 6.467 8.311 10.131 11.914 13.585 15.041 16.206 17.152 17.821 18.308 18.748 19.133 19.549 20.016 20.637 21.360 22.093 22.719 23.302 23.688 24.108 24.276 24.336 24.483 24.519 24.536 24.574 24.453 24.345 24.266 24.190 24.219 24.348 24.366 24.313 24.286 24.060 23.754 23.355 22.713 21.857 20.810 19.710 18.584 17.458 16.220 14.965 13.615 12.180 10.702 9.142 7.547 5.824 4.098 2.539 1.345 0.592 0.217 0.071 0.023 0.009 0.005 0.004 0.005
0.020 0.018 0.017 0.017 0.018 0.019 0.022 0.035 0.097 0.367 1.182 2.707 4.761 6.916 8.977 10.956 12.854 14.613 16.198 17.486 18.511 19.207 19.709 20.047 20.308 20.569 20.790 21.134 21.574 22.084 22.576 22.993 23.326 23.618 23.757 23.810 23.853 23.817 23.827 23.817 23.706 23.588 23.415 23.242 23.147 23.103 23.001 22.877 22.749 22.405 21.983 21.484 20.746 19.827 18.755 17.547 16.312 15.101 13.788 12.448 11.022 9.544 8.029 6.453 4.870 3.327 2.009 1.044 0.457 0.170 0.056 0.017 0.006 0.003 0.002 0.003 0.005
0.030 0.026 0.024 0.023 0.023 0.023 0.025 0.039 0.112 0.427 1.344 3.010 5.200 7.474 9.650 11.719 13.662 15.448 17.082 18.456 19.548 20.296 20.775 21.078 21.287 21.401 21.488 21.664 21.869 22.176 22.546 22.773 22.998 23.170 23.195 23.212 23.234 23.139 23.078 23.077 22.972 22.825 22.621 22.277 22.022 21.899 21.651 21.362 21.015 20.528 19.985 19.350 18.504 17.534 16.451 15.206 13.888 12.580 11.197 9.846 8.440 6.997 5.504 3.997 2.605 1.486 0.718 0.292 0.106 0.037 0.012 0.004 0.002 0.002 0.002 0.003 0.006
0.047 0.038 0.033 0.030 0.028 0.027 0.029 0.046 0.136 0.522 1.606 3.524 5.948 8.246 10.422 12.454 14.347 16.097 17.681 19.080 20.193 21.000 21.514 21.804 22.013 22.085 22.043 22.071 22.158 22.306 22.512 22.605 22.682 22.682 22.563 22.486 22.486 22.383 22.302 22.260 22.139 21.980 21.739 21.317 20.901 20.579 20.164 19.710 19.177 18.570 17.896 17.085 16.122 15.085 13.925 12.678 11.320 10.007 8.684 7.406 6.089 4.739 3.360 2.092 1.108 0.486 0.178 0.060 0.021 0.007 0.003 0.001 0.001 0.001 0.002 0.004 0.007
0.071 0.057 0.046 0.038 0.032 0.029 0.031 0.050 0.162 0.655 2.006 4.352 6.999 9.209 11.225 13.080 14.837 16.487 17.999 19.381 20.516 21.381 21.975 22.277 22.421 22.417 22.395 22.360 22.324 22.330 22.413 22.368 22.284 22.057 21.770 21.549 21.503 21.420 21.374 21.273 21.134 21.024 20.767 20.317 19.828 19.318 18.720 18.116 17.433 16.660 15.845 14.877 13.803 12.649 11.417 10.155 8.847 7.601 6.366 5.177 3.972 2.783 1.699 0.867 0.357 0.120 0.037 0.011 0.004 0.001 0.001 0.001 0.001 0.001 0.002 0.004 0.008
0.091 0.074 0.057 0.043 0.034 0.031 0.032 0.052 0.172 0.736 2.363 5.204 7.982 10.033 11.850 13.550 15.172 16.704 18.132 19.466 20.622 21.534 22.122 22.472 22.702 22.681 22.595 22.491 22.421 22.349 22.329 22.146 21.813 21.366 20.921 20.544 20.438 20.307 20.229 20.121 20.016 19.885 19.645 19.190 18.623 18.009 17.297 16.541 15.746 14.862 13.891 12.772 11.547 10.268 8.994 7.752 6.550 5.390 4.242 3.149 2.145 1.292 0.652 0.265 0.088 0.026 0.007 0.002 0.001 0.001 0.001 0.001 0.001 0.001 0.002 0.004 0.011
0.099 0.082 0.061 0.046 0.036 0.032 0.033 0.053 0.173 0.745 2.487 5.652 8.652 10.646 12.282 13.808 15.290 16.759 18.172 19.404 20.486 21.441 22.121 22.464 22.647 22.635 22.614 22.550 22.442 22.325 22.137 21.805 21.236 20.593 19.989 19.482 19.234 19.002 18.881 18.712 18.607 18.489 18.286 17.883 17.351 16.683 15.886 15.019 14.087 13.068 11.940 10.713 9.362 8.005 6.714 5.516 4.395 3.331 2.350 1.514 0.869 0.428 0.175 0.060 0.018 0.005 0.001 0.001 0.000 0.000 0.000 0.000 0.001 0.001 0.002 0.006 0.019
