RESULTS/r.avaflow_results/13_results/13_ascii/13_hflow30025.asc
ncols 506
nrows 317
xllcenter 498237.50
yllcenter 5580050.00
cellsize 12.50
NODATA_value -9999.000
[rows 136 to 169 of 317, columns 154 to 230 of 506]
0.000 0.000 0.000 0.000 0.000 0.000 0.000 0.000 0.000 0.000 0.000 0.000 0.000 0.000 0.000 0.000 0.000 0.000 0.000 0.000 0.000 0.000 0.000 0.000 0.000 0.000 0.000 0.000 0.000 0.000 0.000 0.000 0.000 0.000 0.000 0.000 0.000 0.000 0.000 0.000 0.000 0.000 0.000 0.000 0.000 0.000 0.000 0.000 0.000 0.000 0.000 0.000 0.000 0.000 0.000 0.000 0.000 0.000 0.000 0.000 0.000 0.000 0.000 0.000 0.000 0.000 0.000 0.000 0.000 0.000 0.000 0.000 0.000 0.000 0.000 0.000 0.000
0.000 0.000 0.000 0.000 0.000 0.000 0.000 0.000 0.000 0.000 0.000 0.000 0.000 0.000 0.000 0.000 0.000 0.000 0.000 0.000 0.000 0.000 0.000 0.000 0.000 0.000 0.000 0.000 0.000 0.000 0.000 0.000 0.000 0.000 0.000 0.000 0.000 0.000 0.000 0.000 0.000 0.000 0.000 0.000 0.000 0.000 0.000 0.000 0.000 0.000 0.000 0.000 0.000 0.000 0.000 0.000 0.000 0.000 0.000 0.000 0.000 0.000 0.000 0.000 0.000 0.000 0.000 0.000 0.000 0.000 0.000 0.000 0.000 0.000 0.000 0.000 0.000
0.000 0.000 0.000 0.000 0.000 0.000 0.000 0.000 0.000 0.000 0.000 0.000 0.000 0.000 0.000 0.000 0.000 0.000 0.000 0.000 0.000 0.000 0.000 0.000 0.000 0.000 0.000 0.000 0.000 0.000 0.000 0.000 0.000 0.000 0.000 0.000 0.000 0.000 0.000 0.000 0.000 0.000 0.000 0.000 0.000 0.000 0.000 0.000 0.000 0.000 0.000 0.000 0.000 0.000 0.000 0.000 0.000 0.000 0.000 0.000 0.000 0.000 0.000 0.000 0.000 0.000 0.000 0.000 0.000 0.000 0.000 0.000 0.000 0.000 0.000 0.000 0.000
0.000 0.000 0.000 0.000 0.000 0.000 0.000 0.000 0.000 0.000 0.000 0.000 0.000 0.000 0.000 0.000 0.000 0.000 0.000 0.000 0.000 0.000 0.000 0.000 0.000 0.000 0.000 0.000 0.000 0.000 0.000 0.000 0.000 0.000 0.000 0.000 0.000 0.000 0.000 0.000 0.000 0.000 0.000 0.000 0.000 0.000 0.000 0.000 0.000 0.000 0.000 0.000 0.000 0.000 0.000 0.000 0.000 0.000 0.000 0.000 0.000 0.000 0.000 0.000 0.000 0.000 0.000 0.000 0.000 0.000 0.000 0.000 0.000 0.000 0.000 0.000 0.000
0.000 0.000 0.000 0.000 0.000 0.000 0.000 0.000 0.000 0.000 0.000 0.000 0.000 0.000 0.000 0.000 0.000 0.000 0.000 0.000 0.000 0.000 0.000 0.000 0.000 0.000 0.000 0.000 0.000 0.000 0.000 0.000 0.000 0.000 0.000 0.000 0.000 0.000 0.000 0.000 0.000 0.000 0.000 0.000 0.000 0.000 0.000 0.000 0.000 0.000 0.000 0.000 0.000 0.000 0.000 0.000 0.000 0.000 0.000 0.000 0.000 0.000 0.000 0.000 0.000 0.000 0.000 0.000 0.000 0.000 0.000 0.000 0.000 0.000 0.000 0.000 0.000
0.000 0.000 0.000 0.000 0.000 0.000 0.000 0.000 0.000 0.000 0.000 0.000 0.000 0.000 0.000 0.000 0.000 0.000 0.000 0.000 0.000 0.000 0.000 0.000 0.000 0.000 0.000 0.000 0.000 0.000 0.000 0.000 0.000 0.000 0.000 0.000 0.000 0.000 0.000 0.000 0.000 0.000 0.000 0.000 0.000 0.000 0.000 0.000 0.000 0.000 0.000 0.000 0.000 0.000 0.000 0.000 0.000 0.000 0.000 0.000 0.000 0.000 0.000 0.000 0.000 0.000 0.000 0.000 0.000 0.000 0.000 0.000 0.000 0.000 0.000 0.000 0.000
0.000 0.000 0.000 0.000 0.000 0.000 0.000 0.000 0.000 0.000 0.000 0.000 0.000 0.000 0.000 0.000 0.000 0.000 0.000 0.000 0.000 0.000 0.000 0.000 0.000 0.000 0.000 0.000 0.000 0.000 0.000 0.000 0.000 0.000 0.000 0.000 0.000 0.000 0.000 0.000 0.000 0.000 0.000 0.000 0.000 0.000 0.000 0.000 0.000 0.000 0.000 0.000 0.000 0.000 0.000 0.000 0.000 0.000 0.000 0.000 0.000 0.000 0.000 0.000 0.000 0.000 0.000 0.000 0.000 0.000 0.000 0.000 0.000 0.000 0.000 0.000 0.000
0.000 0.000 0.000 0.000 0.000 0.000 0.000 0.000 0.000 0.000 0.000 0.000 0.000 0.000 0.000 0.000 0.000 0.000 0.000 0.000 0.000 0.000 0.000 0.000 0.000 0.000 0.000 0.000 0.000 0.000 0.000 0.000 0.000 0.000 0.000 0.000 0.000 0.000 0.000 0.000 0.000 0.000 0.000 0.000 0.000 0.000 0.000 0.000 0.000 0.000 0.000 0.000 0.000 0.000 0.000 0.000 0.000 0.000 0.000 0.000 0.000 0.000 0.000 0.000 0.000 0.000 0.000 0.000 0.000 0.000 0.000 0.000 0.000 0.000 0.000 0.000 0.000
0.000 0.000 0.000 0.000 0.000 0.000 0.000 0.000 0.000 0.000 0.000 0.000 0.000 0.000 0.000 0.000 0.000 0.000 0.000 0.000 0.000 0.000 0.000 0.000 0.000 0.000 0.000 0.000 0.000 0.000 0.000 0.000 0.000 0.000 0.000 0.000 0.000 0.000 0.000 0.000 0.000 0.000 0.000 0.000 0.000 0.000 0.000 0.000 0.000 0.000 0.000 0.000 0.000 0.000 0.000 0.000 0.000 0.000 0.000 0.000 0.000 0.000 0.000 0.000 0.000 0.000 0.000 0.000 0.000 0.000 0.000 0.000 0.000 0.000 0.000 0.000 0.000
0.001 0.001 0.001 0.001 0.001 0.001 0.001 0.001 0.001 0.001 0.001 0.001 0.001 0.001 0.001 0.001 0.001 0.001 0.001 0.001 0.001 0.000 0.000 0.000 0.000 0.000 0.000 0.000 0.000 0.000 0.000 0.000 0.000 0.000 0.000 0.000 0.000 0.000 0.000 0.000 0.000 0.000 0.000 0.000 0.000 0.000 0.000 0.000 0.000 0.000 0.000 0.000 0.000 0.000 0.000 0.000 0.000 0.000 0.000 0.000 0.000 0.000 0.000 0.000 0.000 0.000 0.000 0.000 0.000 0.000 0.000 0.000 0.000 0.000 0.000 0.000 0.000
0.001 0.001 0.002 0.002 0.002 0.002 0.002 0.002 0.002 0.002 0.002 0.002 0.002 0.002 0.002 0.002 0.002 0.002 0.002 0.002 0.001 0.001 0.001 0.000 0.000 0.000 0.000 0.000 0.000 0.000 0.000 0.000 0.000 0.000 0.000 0.000 0.000 0.000 0.000 0.000 0.000 0.000 0.000 0.000 0.000 0.000 0.000 0.000 0.000 0.000 0.000 0.000 0.000 0.000 0.000 0.000 0.000 0.000 0.000 0.000 0.000 0.000 0.000 0.000 0.000 0.000 0.000 0.000 0.000 0.000 0.000 0.000 0.000 0.000 0.000 0.000 0.000
0.002 0.003 0.003 0.003 0.003 0.003 0.003 0.003 0.003 0.003 0.003 0.003 0.003 0.003 0.003 0.003 0.003 0.003 0.003 0.003 0.002 0.002 0.001 0.001 0.001 0.001 0.000 0.000 0.000 0.000 0.000 0.000 0.000 0.000 0.000 0.000 0.000 0.000 0.000 0.000 0.000 0.000 0.000 0.000 0.000 0.000 0.000 0.000 0.000 0.000 0.000 0.000 0.000 0.000 0.000 0.000 0.000 0.000 0.000 0.000 0.000 0.000 0.000 0.000 0.000 0.000 0.000 0.000 0.000 0.000 0.000 0.000 0.000 0.000 0.000 0.000 0.000
0.004 0.004 0.004 0.004 0.004 0.004 0.004 0.004 0.004 0.004 0.005 0.005 0.005 0.005 0.005 0.004 0.004 0.004 0.004 0.004 0.003 0.003 0.002 0.002 0.002 0.001 0.001 0.001 0.001 0.001 0.001 0.001 0.001 0.000 0.000 0.000 0.000 0.000 0.000 0.000 0.000 0.000 0.000 0.000 0.001 0.001 0.001 0.001 0.001 0.001 0.001 0.001 0.001 0.001 0.001 0.001 0.001 0.001 0.001 0.001 0.001 0.001 0.001 0.001 0.001 0.001 0.000 0.000 0.000 0.000 0.000 0.000 0.000 0.000 0.000 0.000 0.000
0.005 0.005 0.005 0.005 0.005 0.005 0.005 0.005 0.005 0.005 0.005 0.006 0.006 0.005 0.005 0.005 0.005 0.005 0.005 0.005 0.005 0.004 0.004 0.003 0.003 0.002 0.002 0.002 0.002 0.002 0.002 0.001 0.001 0.001 0.001 0.001 0.001 0.001 0.001 0.001 0.001 0.001 0.001 0.001 0.002 0.002 0.002 0.002 0.002 0.003 0.003 0.003 0.003 0.003 0.003 0.003 0.002 0.002 0.002 0.002 0.002 0.002 0.002 0.002 0.002 0.001 0.001 0.001 0.001 0.001 0.001 0.001 0.001 0.001 0.000 0.000 0.000
0.006 0.006 0.006 0.006 0.006 0.006 0.006 0.006 0.006 0.006 0.006 0.006 0.006 0.006 0.006 0.006 0.006 0.006 0.006 0.006 0.006 0.005 0.005 0.004 0.004 0.004 0.003 0.003 0.003 0.003 0.003 0.003 0.003 0.002 0.002 0.002 0.002 0.002 0.002 0.003 0.003 0.003 0.003 0.003 0.003 0.003 0.004 0.004 0.004 0.005 0.005 0.005 0.005 0.005 0.005 0.004 0.004 0.004 0.004 0.004 0.004 0.003 0.003 0.003 0.003 0.003 0.002 0.002 0.002 0.002 0.002 0.002 0.002 0.001 0.001 0.001 0.001
0.007 0.007 0.007 0.007 0.007 0.007 0.007 0.007 0.007 0.007 0.007 0.007 0.007 0.007 0.007 0.007 0.007 0.007 0.007 0.007 0.007 0.006 0.006 0.006 0.005 0.005 0.005 0.004 0.004 0.004 0.004 0.004 0.004 0.004 0.004 0.004 0.004 0.004 0.004 0.004 0.004 0.005 0.005 0.005 0.005 0.006 0.006 0.006 0.007 0.007 0.007 0.007 0.007 0.007 0.007 0.006 0.006 0.006 0.006 0.006 0.005 0.005 0.005 0.005 0.004 0.004 0.004 0.004 0.004 0.004 0.003 0.003 0.003 0.003 0.003 0.002 0.002
0.008 0.008 0.008 0.008 0.008 0.008 0.008 0.008 0.008 0.008 0.008 0.008 0.008 0.008 0.008 0.008 0.008 0.008 0.008 0.008 0.008 0.007 0.007 0.007 0.007 0.006 0.006 0.006 0.006 0.006 0.006 0.006 0.006 0.006 0.006 0.006 0.006 0.006 0.006 0.006 0.007 0.007 0.007 0.008 0.008 0.008 0.009 0.009 0.010 0.010 0.010 0.010 0.010 0.010 0.009 0.009 0.008 0.008 0.008 0.008 0.007 0.007 0.007 0.007 0.006 0.006 0.006 0.006 0.006 0.005 0.005 0.005 0.005 0.004 0.004 0.004 0.004
0.010 0.009 0.009 0.009 0.009 0.009 0.009 0.009 0.009 0.009 0.009 0.009 0.009 0.009 0.009 0.009 0.009 0.009 0.009 0.009 0.008 0.008 0.008 0.008 0.008 0.008 0.008 0.008 0.008 0.008 0.008 0.008 0.008 0.008 0.008 0.008 0.008 0.008 0.008 0.009 0.009 0.010 0.010 0.010 0.011 0.011 0.012 0.013 0.013 0.014 0.014 0.014 0.013 0.013 0.012 0.011 0.011 0.011 0.010 0.010 0.010 0.009 0.009 0.009 0.009 0.008 0.008 0.008 0.008 0.008 0.008 0.007 0.007 0.007 0.006 0.006 0.006
0.013 0.012 0.011 0.010 0.010 0.010 0.010 0.010 0.010 0.010 0.010 0.010 0.010 0.010 0.010 0.010 0.010 0.010 0.010 0.009 0.009 0.009 0.009 0.009 0.009 0.009 0.009 0.009 0.009 0.009 0.010 0.010 0.010 0.010 0.010 0.010 0.010 0.011 0.011 0.011 0.012 0.012 0.013 0.014 0.014 0.015 0.017 0.018 0.018 0.019 0.018 0.018 0.018 0.017 0.016 0.015 0.014 0.014 0.014 0.013 0.013 0.013 0.012 0.012 0.012 0.012 0.012 0.011 0.011 0.011 0.011 0.010 0.010 0.009 0.009 0.008 0.008
0.019 0.016 0.014 0.013 0.012 0.011 0.011 0.011 0.011 0.011 0.011 0.011 0.011 0.011 0.011 0.011 0.011 0.011 0.011 0.010 0.010 0.010 0.010 0.010 0.010 0.011 0.011 0.011 0.011 0.011 0.012 0.012 0.012 0.012 0.012 0.012 0.012 0.013 0.013 0.014 0.015 0.015 0.016 0.017 0.019 0.020 0.022 0.024 0.025 0.025 0.025 0.025 0.024 0.023 0.022 0.021 0.020 0.020 0.020 0.020 0.019 0.019 0.018 0.017 0.017 0.017 0.017 0.017 0.017 0.016 0.016 0.015 0.015 0.013 0.012 0.011 0.011
0.043 0.030 0.021 0.017 0.015 0.013 0.013 0.012 0.012 0.012 0.012 0.012 0.012 0.012 0.012 0.012 0.012 0.012 0.012 0.012 0.011 0.011 0.012 0.012 0.012 0.012 0.012 0.012 0.013 0.013 0.014 0.014 0.014 0.014 0.014 0.014 0.014 0.015 0.016 0.017 0.018 0.019 0.020 0.021 0.023 0.026 0.030 0.033 0.035 0.035 0.035 0.034 0.033 0.033 0.032 0.032 0.033 0.033 0.033 0.034 0.033 0.033 0.031 0.029 0.028 0.028 0.029 0.028 0.028 0.027 0.026 0.025 0.023 0.020 0.017 0.015 0.014
0.154 0.088 0.050 0.031 0.022 0.018 0.016 0.015 0.014 0.014 0.014 0.014 0.014 0.014 0.014 0.014 0.014 0.013 0.013 0.013 0.013 0.013 0.013 0.013 0.013 0.014 0.014 0.014 0.015 0.015 0.016 0.016 0.016 0.016 0.016 0.016 0.017 0.017 0.018 0.020 0.021 0.022 0.024 0.026 0.029 0.033 0.039 0.045 0.049 0.050 0.051 0.050 0.051 0.052 0.055 0.059 0.062 0.065 0.070 0.072 0.072 0.071 0.067 0.061 0.058 0.057 0.057 0.056 0.055 0.054 0.053 0.050 0.043 0.032 0.024 0.020 0.018
0.660 0.357 0.179 0.090 0.049 0.031 0.023 0.019 0.018 0.017 0.016 0.016 0.016 0.016 0.016 0.016 0.015 0.015 0.015 0.015 0.015 0.015 0.015 0.015 0.015 0.015 0.016 0.016 0.017 0.017 0.018 0.018 0.018 0.018 0.019 0.019 0.019 0.020 0.021 0.022 0.024 0.025 0.028 0.031 0.034 0.039 0.048 0.059 0.067 0.071 0.073 0.076 0.080 0.088 0.100 0.116 0.131 0.144 0.161 0.175 0.180 0.178 0.170 0.156 0.143 0.135 0.131 0.130 0.129 0.129 0.128 0.121 0.100 0.063 0.039 0.029 0.024
2.149 1.299 0.689 0.336 0.162 0.084 0.049 0.034 0.028 0.024 0.023 0.021 0.020 0.020 0.019 0.018 0.018 0.018 0.017 0.017 0.017 0.017 0.017 0.017 0.017 0.017 0.018 0.018 0.019 0.020 0.021 0.021 0.021 0.021 0.022 0.022 0.022 0.023 0.024 0.025 0.027 0.029 0.032 0.036 0.041 0.048 0.058 0.074 0.087 0.097 0.105 0.115 0.130 0.153 0.187 0.231 0.273 0.311 0.349 0.386 0.413 0.425 0.421 0.403 0.370 0.341 0.327 0.324 0.331 0.342 0.343 0.330 0.271 0.160 0.082 0.048 0.035
4.229 3.168 1.975 1.086 0.567 0.290 0.154 0.090 0.061 0.046 0.038 0.034 0.031 0.028 0.025 0.023 0.022 0.022 0.021 0.021 0.021 0.020 0.020 0.020 0.020 0.020 0.020 0.021 0.021 0.022 0.023 0.024 0.024 0.025 0.026 0.026 0.026 0.026 0.027 0.028 0.031 0.034 0.038 0.043 0.050 0.060 0.073 0.091 0.111 0.130 0.152 0.180 0.220 0.276 0.352 0.450 0.547 0.628 0.698 0.769 0.837 0.884 0.904 0.896 0.856 0.804 0.780 0.787 0.839 0.908 0.913 0.874 0.725 0.441 0.206 0.101 0.060
5.423 4.773 3.729 2.548 1.554 0.900 0.509 0.291 0.174 0.114 0.083 0.067 0.057 0.050 0.043 0.037 0.033 0.031 0.029 0.028 0.027 0.025 0.024 0.024 0.024 0.024 0.024 0.024 0.025 0.025 0.026 0.027 0.028 0.029 0.030 0.030 0.030 0.031 0.031 0.034 0.037 0.042 0.049 0.057 0.068 0.082 0.100 0.122 0.150 0.187 0.236 0.303 0.395 0.516 0.673 0.861 1.029 1.150 1.232 1.288 1.334 1.375 1.404 1.415 1.410 1.405 1.428 1.487 1.616 1.844 2.006 1.967 1.706 1.146 0.546 0.244 0.122
5.976 5.631 5.016 4.163 3.110 2.052 1.282 0.791 0.483 0.300 0.200 0.153 0.129 0.111 0.094 0.077 0.065 0.057 0.051 0.046 0.040 0.036 0.033 0.032 0.031 0.031 0.030 0.030 0.030 0.030 0.030 0.031 0.032 0.033 0.034 0.035 0.036 0.037 0.039 0.043 0.049 0.058 0.071 0.088 0.108 0.130 0.156 0.188 0.235 0.306 0.410 0.555 0.744 0.984 1.238 1.433 1.539 1.581 1.591 1.584 1.580 1.589 1.609 1.637 1.671 1.717 1.785 1.874 2.018 2.306 2.718 2.932 2.856 2.318 1.333 0.591 0.273
6.293 6.133 5.775 5.206 4.394 3.363 2.371 1.598 1.054 0.688 0.468 0.357 0.307 0.273 0.240 0.203 0.167 0.139 0.118 0.100 0.082 0.066 0.055 0.049 0.046 0.044 0.042 0.040 0.038 0.036 0.036 0.036 0.037 0.038 0.039 0.040 0.043 0.047 0.053 0.062 0.075 0.095 0.122 0.155 0.191 0.228 0.270 0.326 0.413 0.551 0.758 1.038 1.334 1.578 1.724 1.779 1.772 1.735 1.696 1.656 1.621 1.607 1.613 1.639 1.687 1.752 1.831 1.922 2.059 2.338 2.827 3.253 3.377 3.163 2.361 1.267 0.585
6.450 6.395 6.182 5.764 5.139 4.316 3.386 2.536 1.841 1.322 0.978 0.788 0.701 0.651 0.602 0.538 0.456 0.381 0.318 0.265 0.214 0.164 0.123 0.097 0.083 0.074 0.068 0.061 0.054 0.048 0.046 0.045 0.045 0.046 0.048 0.051 0.056 0.065 0.079 0.102 0.136 0.183 0.239 0.297 0.355 0.414 0.486 0.596 0.765 1.007 1.317 1.602 1.788 1.883 1.905 1.873 1.810 1.736 1.678 1.627 1.574 1.528 1.505 1.500 1.520 1.559 1.608 1.671 1.778 2.012 2.501 3.137 3.434 3.402 2.961 2.011 1.087
6.469 6.448 6.312 6.021 5.592 5.020 4.301 3.506 2.777 2.211 1.817 1.576 1.450 1.372 1.295 1.189 1.053 0.924 0.808 0.700 0.592 0.470 0.339 0.246 0.191 0.158 0.135 0.113 0.093 0.077 0.068 0.064 0.063 0.065 0.069 0.078 0.091 0.111 0.147 0.205 0.285 0.384 0.483 0.572 0.657 0.749 0.881 1.103 1.356 1.570 1.751 1.885 1.947 1.953 1.922 1.848 1.737 1.616 1.523 1.446 1.366 1.287 1.231 1.187 1.142 1.098 1.076 1.084 1.131 1.270 1.636 2.403 3.122 3.300 3.085 2.452 1.607
6.393 6.379 6.314 6.169 5.933 5.594 5.132 4.513 3.867 3.370 3.018 2.780 2.620 2.487 2.338 2.145 1.965 1.813 1.668 1.524 1.361 1.137 0.848 0.625 0.483 0.389 0.317 0.254 0.198 0.155 0.128 0.117 0.115 0.118 0.129 0.149 0.182 0.238 0.329 0.460 0.621 0.792 0.945 1.069 1.184 1.326 1.539 1.754 1.865 1.901 1.924 1.948 1.951 1.918 1.823 1.660 1.453 1.256 1.099 0.983 0.889 0.813 0.757 0.708 0.659 0.602 0.567 0.562 0.579 0.643 0.825 1.337 2.255 2.861 2.898 2.563 1.953
6.256 6.262 6.301 6.320 6.256 6.102 5.848 5.476 5.049 4.714 4.471 4.284 4.116 3.922 3.656 3.329 3.098 2.951 2.823 2.683 2.477 2.135 1.662 1.278 1.031 0.865 0.727 0.600 0.476 0.371 0.302 0.271 0.265 0.271 0.294 0.339 0.417 0.551 0.759 1.015 1.275 1.515 1.710 1.853 1.952 2.025 2.099 2.118 2.069 1.994 1.937 1.896 1.829 1.694 1.462 1.175 0.900 0.699 0.571 0.492 0.441 0.411 0.394 0.381 0.364 0.336 0.317 0.314 0.319 0.348 0.436 0.683 1.290 2.102 2.455 2.393 2.068
6.113 6.232 6.401 6.569 6.646 6.620 6.532 6.396 6.216 6.076 5.979 5.885 5.753 5.533 5.190 4.757 4.425 4.214 4.034 3.823 3.512 3.044 2.445 1.958 1.641 1.463 1.336 1.202 1.045 0.869 0.734 0.668 0.651 0.661 0.704 0.785 0.934 1.218 1.608 1.946 2.171 2.313 2.411 2.464 2.468 2.418 2.324 2.204 2.076 1.944 1.801 1.628 1.395 1.112 0.824 0.601 0.456 0.359 0.299 0.266 0.245 0.232 0.227 0.223 0.218 0.207 0.201 0.200 0.206 0.225 0.271 0.396 0.713 1.338 1.852 2.018 1.953
5.947 6.283 6.674 7.028 7.264 7.391 7.483 7.555 7.590 7.616 7.642 7.642 7.585 7.412 7.096 6.640 6.154 5.712 5.304 4.899 4.426 3.810 3.097 2.517 2.111 1.883 1.783 1.731 1.668 1.565 1.458 1.397 1.394 1.432 1.507 1.624 1.822 2.151 2.475 2.641 2.700 2.706 2.695 2.668 2.608 2.499 2.333 2.119 1.877 1.611 1.306 0.980 0.699 0.501 0.372 0.287 0.231 0.195 0.176 0.167 0.161 0.155 0.150 0.147 0.144 0.140 0.139 0.140 0.148 0.164 0.197 0.268 0.440 0.806 1.284 1.588 1.704
