RESULTS/r.avaflow_results/13_results/13_ascii/13_hflow0047.asc
ncols 506
nrows 317
xllcenter 498237.50
yllcenter 5580050.00
cellsize 12.50
NODATA_value -9999.000
[rows 204 to 237 of 317, columns 308 to 384 of 506]
0.130 0.154 0.174 0.192 0.210 0.236 0.287 0.371 0.464 0.536 0.573 0.581 0.574 0.545 0.509 0.496 0.512 0.566 0.687 0.896 1.080 1.167 1.189 1.186 1.169 1.131 1.107 1.111 1.166 1.256 1.289 1.280 1.229 1.141 1.025 0.890 0.736 0.568 0.431 0.352 0.324 0.321 0.332 0.362 0.404 0.425 0.423 0.402 0.388 0.391 0.405 0.431 0.473 0.528 0.595 0.681 0.761 0.800 0.791 0.736 0.652 0.566 0.490 0.419 0.344 0.243 0.129 0.058 0.022 0.007 0.002 0.001 0.000 0.000 0.000 0.000 0.000
0.221 0.247 0.257 0.244 0.224 0.220 0.233 0.271 0.345 0.439 0.504 0.530 0.533 0.519 0.504 0.515 0.566 0.664 0.815 1.026 1.203 1.302 1.339 1.342 1.325 1.277 1.236 1.229 1.270 1.356 1.389 1.378 1.320 1.221 1.096 0.963 0.833 0.698 0.569 0.470 0.418 0.402 0.401 0.409 0.419 0.409 0.373 0.312 0.271 0.254 0.251 0.259 0.281 0.313 0.352 0.397 0.448 0.487 0.502 0.494 0.451 0.382 0.306 0.234 0.169 0.106 0.055 0.024 0.009 0.003 0.001 0.000 0.000 0.000 0.000 0.000 0.000
0.349 0.355 0.331 0.275 0.221 0.190 0.177 0.182 0.211 0.279 0.358 0.407 0.430 0.442 0.460 0.501 0.575 0.687 0.839 1.029 1.194 1.302 1.355 1.365 1.351 1.301 1.252 1.241 1.272 1.353 1.388 1.379 1.326 1.231 1.113 0.992 0.883 0.782 0.692 0.618 0.564 0.531 0.510 0.489 0.460 0.417 0.347 0.263 0.206 0.176 0.164 0.162 0.168 0.182 0.202 0.224 0.251 0.276 0.289 0.290 0.276 0.237 0.178 0.121 0.077 0.043 0.021 0.009 0.003 0.001 0.000 0.000 0.000 0.000 0.000 0.000 0.000
0.432 0.417 0.364 0.280 0.207 0.160 0.136 0.129 0.133 0.158 0.202 0.244 0.280 0.316 0.363 0.432 0.525 0.637 0.768 0.915 1.057 1.179 1.261 1.291 1.285 1.246 1.198 1.185 1.204 1.263 1.297 1.296 1.266 1.199 1.106 1.001 0.906 0.829 0.771 0.731 0.707 0.690 0.669 0.628 0.557 0.456 0.343 0.246 0.178 0.138 0.117 0.108 0.105 0.109 0.116 0.126 0.138 0.151 0.157 0.158 0.152 0.131 0.093 0.057 0.033 0.017 0.008 0.003 0.001 0.000 0.000 0.000 0.000 0.000 0.000 0.000 0.000
0.457 0.428 0.361 0.264 0.184 0.132 0.104 0.092 0.090 0.096 0.112 0.136 0.163 0.193 0.235 0.298 0.380 0.467 0.552 0.639 0.741 0.870 0.991 1.060 1.085 1.079 1.055 1.040 1.041 1.060 1.080 1.095 1.106 1.097 1.059 0.992 0.913 0.847 0.806 0.788 0.784 0.787 0.787 0.767 0.694 0.546 0.369 0.248 0.172 0.124 0.096 0.081 0.073 0.069 0.069 0.072 0.075 0.080 0.081 0.081 0.076 0.064 0.043 0.024 0.013 0.006 0.003 0.001 0.000 0.000 0.000 0.000 0.000 0.000 0.000 0.000 0.000
0.435 0.391 0.312 0.218 0.147 0.101 0.076 0.066 0.062 0.063 0.067 0.077 0.093 0.113 0.138 0.169 0.208 0.247 0.284 0.326 0.382 0.466 0.574 0.673 0.749 0.798 0.817 0.810 0.797 0.787 0.788 0.804 0.848 0.912 0.954 0.943 0.903 0.848 0.815 0.806 0.810 0.824 0.833 0.829 0.786 0.656 0.444 0.276 0.179 0.124 0.091 0.070 0.058 0.050 0.046 0.043 0.042 0.041 0.040 0.039 0.035 0.028 0.018 0.010 0.005 0.002 0.001 0.000 0.000 0.000 0.000 0.000 0.000 0.000 0.000 0.000 0.000
0.342 0.281 0.206 0.140 0.095 0.069 0.054 0.047 0.044 0.044 0.045 0.049 0.056 0.067 0.079 0.093 0.107 0.121 0.135 0.153 0.180 0.223 0.287 0.362 0.441 0.518 0.570 0.590 0.591 0.585 0.581 0.585 0.613 0.687 0.794 0.852 0.857 0.831 0.807 0.803 0.810 0.829 0.840 0.841 0.818 0.736 0.554 0.340 0.207 0.133 0.092 0.069 0.053 0.043 0.035 0.030 0.026 0.023 0.020 0.018 0.015 0.011 0.007 0.003 0.002 0.001 0.000 0.000 0.000 0.000 0.000 0.000 0.000 0.000 0.000 0.000 0.000
0.191 0.145 0.106 0.077 0.058 0.046 0.038 0.034 0.033 0.032 0.032 0.034 0.037 0.042 0.048 0.054 0.059 0.065 0.071 0.079 0.092 0.115 0.150 0.199 0.259 0.333 0.399 0.436 0.450 0.452 0.451 0.454 0.472 0.525 0.635 0.734 0.775 0.780 0.775 0.778 0.793 0.819 0.834 0.836 0.825 0.781 0.660 0.447 0.266 0.161 0.104 0.072 0.054 0.042 0.032 0.025 0.019 0.014 0.011 0.008 0.006 0.004 0.002 0.001 0.000 0.000 0.000 0.000 0.000 0.000 0.000 0.000 0.000 0.000 0.000 0.000 0.000
0.094 0.073 0.058 0.047 0.038 0.032 0.028 0.026 0.025 0.024 0.024 0.025 0.026 0.029 0.031 0.035 0.037 0.040 0.043 0.048 0.056 0.068 0.089 0.120 0.162 0.219 0.284 0.331 0.355 0.365 0.371 0.378 0.394 0.434 0.515 0.614 0.674 0.701 0.714 0.728 0.753 0.790 0.816 0.829 0.832 0.818 0.753 0.589 0.372 0.221 0.135 0.088 0.061 0.045 0.033 0.024 0.017 0.012 0.008 0.005 0.003 0.002 0.001 0.000 0.000 0.000 0.000 0.000 0.000 0.000 0.000 0.000 0.000 0.000 0.000 0.000 0.000
0.052 0.044 0.037 0.032 0.028 0.024 0.022 0.020 0.019 0.019 0.019 0.019 0.019 0.021 0.022 0.024 0.026 0.028 0.030 0.033 0.038 0.047 0.060 0.080 0.109 0.150 0.205 0.256 0.290 0.308 0.320 0.331 0.347 0.376 0.429 0.504 0.566 0.606 0.634 0.661 0.697 0.743 0.786 0.826 0.861 0.875 0.856 0.759 0.552 0.337 0.204 0.128 0.085 0.058 0.040 0.027 0.018 0.012 0.007 0.004 0.002 0.001 0.000 0.000 0.000 0.000 0.000 0.000 0.000 0.000 0.000 0.000 0.000 0.000 0.000 0.000 0.000
0.034 0.030 0.027 0.024 0.021 0.019 0.017 0.016 0.015 0.015 0.014 0.014 0.015 0.015 0.016 0.017 0.018 0.020 0.022 0.025 0.029 0.035 0.044 0.058 0.078 0.107 0.148 0.198 0.240 0.267 0.283 0.295 0.307 0.327 0.357 0.400 0.449 0.495 0.538 0.582 0.632 0.689 0.750 0.826 0.924 0.992 1.016 0.984 0.833 0.570 0.350 0.220 0.142 0.093 0.060 0.038 0.023 0.014 0.008 0.004 0.002 0.001 0.000 0.000 0.000 0.000 0.000 0.000 0.000 0.000 0.000 0.000 0.000 0.000 0.000 0.000 0.000
0.025 0.023 0.021 0.019 0.017 0.015 0.013 0.012 0.011 0.011 0.011 0.011 0.011 0.011 0.011 0.012 0.013 0.015 0.016 0.019 0.022 0.027 0.034 0.044 0.058 0.079 0.108 0.150 0.197 0.230 0.248 0.259 0.267 0.275 0.287 0.305 0.332 0.369 0.419 0.482 0.554 0.629 0.711 0.819 0.986 1.138 1.214 1.226 1.160 0.944 0.645 0.413 0.268 0.172 0.108 0.065 0.037 0.020 0.010 0.005 0.002 0.001 0.000 0.000 0.000 0.000 0.000 0.000 0.000 0.000 0.000 0.000 0.000 0.000 0.000 0.000 0.000
0.020 0.019 0.017 0.016 0.014 0.012 0.011 0.009 0.009 0.008 0.008 0.008 0.008 0.008 0.008 0.008 0.009 0.010 0.012 0.014 0.016 0.020 0.026 0.033 0.044 0.059 0.080 0.112 0.154 0.189 0.208 0.216 0.217 0.216 0.218 0.223 0.235 0.258 0.295 0.356 0.440 0.539 0.648 0.789 1.005 1.223 1.347 1.387 1.369 1.250 1.015 0.736 0.497 0.323 0.199 0.117 0.064 0.033 0.016 0.008 0.003 0.001 0.000 0.000 0.000 0.000 0.000 0.000 0.000 0.000 0.000 0.000 0.000 0.000 0.000 0.000 0.000
0.017 0.016 0.014 0.013 0.011 0.009 0.008 0.007 0.006 0.006 0.005 0.005 0.005 0.005 0.005 0.006 0.006 0.007 0.008 0.010 0.012 0.015 0.019 0.025 0.033 0.044 0.060 0.083 0.115 0.143 0.158 0.163 0.163 0.160 0.159 0.160 0.165 0.177 0.201 0.239 0.302 0.396 0.524 0.700 0.964 1.242 1.404 1.466 1.466 1.401 1.241 0.998 0.720 0.479 0.298 0.173 0.094 0.047 0.022 0.010 0.004 0.001 0.000 0.000 0.000 0.000 0.000 0.000 0.000 0.000 0.000 0.000 0.000 0.000 0.000 0.000 0.000
0.014 0.013 0.011 0.010 0.008 0.007 0.006 0.005 0.004 0.004 0.003 0.003 0.003 0.003 0.003 0.003 0.004 0.004 0.005 0.006 0.008 0.010 0.014 0.018 0.024 0.033 0.044 0.061 0.085 0.104 0.114 0.117 0.117 0.116 0.114 0.114 0.116 0.122 0.135 0.158 0.195 0.256 0.359 0.534 0.825 1.183 1.398 1.478 1.485 1.445 1.327 1.124 0.844 0.563 0.352 0.204 0.110 0.055 0.025 0.011 0.004 0.001 0.000 0.000 0.000 0.000 0.000 0.000 0.000 0.000 0.000 0.000 0.000 0.000 0.000 0.000 0.000
0.012 0.010 0.009 0.008 0.006 0.005 0.004 0.003 0.003 0.002 0.002 0.002 0.002 0.002 0.002 0.002 0.002 0.002 0.003 0.004 0.005 0.007 0.009 0.012 0.017 0.023 0.032 0.044 0.061 0.074 0.080 0.082 0.083 0.082 0.082 0.082 0.083 0.086 0.092 0.105 0.127 0.165 0.231 0.353 0.592 0.974 1.272 1.407 1.440 1.419 1.328 1.150 0.882 0.587 0.367 0.213 0.115 0.057 0.026 0.011 0.004 0.001 0.000 0.000 0.000 0.000 0.000 0.000 0.000 0.000 0.000 0.000 0.000 0.000 0.000 0.000 0.000
0.009 0.008 0.007 0.005 0.004 0.003 0.003 0.002 0.001 0.001 0.001 0.001 0.000 0.000 0.000 0.001 0.001 0.001 0.001 0.002 0.003 0.004 0.006 0.008 0.011 0.016 0.022 0.030 0.041 0.050 0.054 0.055 0.056 0.057 0.058 0.059 0.059 0.061 0.065 0.072 0.086 0.109 0.150 0.226 0.373 0.645 0.968 1.168 1.246 1.254 1.211 1.084 0.855 0.572 0.358 0.209 0.113 0.056 0.026 0.011 0.004 0.001 0.000 0.000 0.000 0.000 0.000 0.000 0.000 0.000 0.000 0.000 0.000 0.000 0.000 0.000 0.000
0.007 0.006 0.005 0.004 0.003 0.002 0.001 0.001 0.000 0.000 0.000 0.000 0.000 0.000 0.000 0.000 0.000 0.000 0.001 0.001 0.002 0.002 0.004 0.005 0.007 0.010 0.014 0.020 0.027 0.032 0.035 0.036 0.037 0.038 0.039 0.040 0.042 0.043 0.046 0.051 0.060 0.075 0.099 0.145 0.230 0.382 0.607 0.788 0.884 0.913 0.907 0.849 0.706 0.493 0.313 0.186 0.101 0.050 0.023 0.010 0.004 0.001 0.000 0.000 0.000 0.000 0.000 0.000 0.000 0.000 0.000 0.000 0.000 0.000 0.000 0.000 0.000
0.005 0.004 0.003 0.002 0.002 0.001 0.001 0.000 0.000 0.000 0.000 0.000 0.000 0.000 0.000 0.000 0.000 0.000 0.000 0.000 0.001 0.001 0.002 0.003 0.004 0.006 0.009 0.012 0.016 0.019 0.021 0.022 0.023 0.024 0.025 0.026 0.028 0.029 0.032 0.036 0.042 0.051 0.066 0.093 0.142 0.228 0.362 0.479 0.539 0.556 0.551 0.519 0.447 0.334 0.221 0.134 0.074 0.036 0.017 0.007 0.003 0.001 0.000 0.000 0.000 0.000 0.000 0.000 0.000 0.000 0.000 0.000 0.000 0.000 0.000 0.000 0.000
0.003 0.002 0.002 0.001 0.001 0.000 0.000 0.000 0.000 0.000 0.000 0.000 0.000 0.000 0.000 0.000 0.000 0.000 0.000 0.000 0.000 0.000 0.001 0.001 0.002 0.003 0.005 0.007 0.009 0.011 0.012 0.013 0.014 0.015 0.015 0.016 0.017 0.019 0.021 0.024 0.028 0.035 0.044 0.061 0.089 0.137 0.214 0.284 0.318 0.326 0.322 0.299 0.255 0.191 0.127 0.077 0.042 0.020 0.009 0.004 0.001 0.000 0.000 0.000 0.000 0.000 0.000 0.000 0.000 0.000 0.000 0.000 0.000 0.000 0.000 0.000 0.000
0.002 0.001 0.001 0.000 0.000 0.000 0.000 0.000 0.000 0.000 0.000 0.000 0.000 0.000 0.000 0.000 0.000 0.000 0.000 0.000 0.000 0.000 0.000 0.001 0.001 0.002 0.003 0.004 0.005 0.006 0.007 0.007 0.008 0.008 0.009 0.009 0.010 0.011 0.013 0.015 0.018 0.022 0.029 0.039 0.055 0.083 0.125 0.164 0.182 0.187 0.184 0.171 0.145 0.107 0.070 0.041 0.022 0.010 0.005 0.002 0.001 0.000 0.000 0.000 0.000 0.000 0.000 0.000 0.000 0.000 0.000 0.000 0.000 0.000 0.000 0.000 0.000
0.001 0.000 0.000 0.000 0.000 0.000 0.000 0.000 0.000 0.000 0.000 0.000 0.000 0.000 0.000 0.000 0.000 0.000 0.000 0.000 0.000 0.000 0.000 0.000 0.000 0.001 0.001 0.002 0.002 0.003 0.003 0.004 0.004 0.004 0.005 0.005 0.006 0.006 0.007 0.009 0.011 0.014 0.018 0.024 0.034 0.049 0.072 0.092 0.102 0.104 0.103 0.096 0.082 0.059 0.036 0.021 0.011 0.005 0.002 0.001 0.000 0.000 0.000 0.000 0.000 0.000 0.000 0.000 0.000 0.000 0.000 0.000 0.000 0.000 0.000 0.000 0.000
0.000 0.000 0.000 0.000 0.000 0.000 0.000 0.000 0.000 0.000 0.000 0.000 0.000 0.000 0.000 0.000 0.000 0.000 0.000 0.000 0.000 0.000 0.000 0.000 0.000 0.000 0.000 0.001 0.001 0.001 0.001 0.002 0.002 0.002 0.002 0.002 0.003 0.003 0.004 0.005 0.006 0.008 0.011 0.015 0.020 0.029 0.040 0.050 0.054 0.056 0.056 0.053 0.045 0.031 0.018 0.010 0.005 0.002 0.001 0.000 0.000 0.000 0.000 0.000 0.000 0.000 0.000 0.000 0.000 0.000 0.000 0.000 0.000 0.000 0.000 0.000 0.000
0.000 0.000 0.000 0.000 0.000 0.000 0.000 0.000 0.000 0.000 0.000 0.000 0.000 0.000 0.000 0.000 0.000 0.000 0.000 0.000 0.000 0.000 0.000 0.000 0.000 0.000 0.000 0.000 0.000 0.000 0.000 0.001 0.001 0.001 0.001 0.001 0.001 0.001 0.002 0.002 0.003 0.004 0.006 0.008 0.012 0.016 0.022 0.026 0.028 0.029 0.028 0.027 0.022 0.015 0.008 0.004 0.002 0.001 0.000 0.000 0.000 0.000 0.000 0.000 0.000 0.000 0.000 0.000 0.000 0.000 0.000 0.000 0.000 0.000 0.000 0.000 0.000
0.000 0.000 0.000 0.000 0.000 0.000 0.000 0.000 0.000 0.000 0.000 0.000 0.000 0.000 0.000 0.000 0.000 0.000 0.000 0.000 0.000 0.000 0.000 0.000 0.000 0.000 0.000 0.000 0.000 0.000 0.000 0.000 0.000 0.000 0.000 0.000 0.000 0.000 0.001 0.001 0.001 0.002 0.003 0.004 0.006 0.008 0.011 0.013 0.013 0.014 0.013 0.013 0.010 0.007 0.004 0.002 0.001 0.000 0.000 0.000 0.000 0.000 0.000 0.000 0.000 0.000 0.000 0.000 0.000 0.000 0.000 0.000 0.000 0.000 0.000 0.000 0.000
0.000 0.000 0.000 0.000 0.000 0.000 0.000 0.000 0.000 0.000 0.000 0.000 0.000 0.000 0.000 0.000 0.000 0.000 0.000 0.000 0.000 0.000 0.000 0.000 0.000 0.000 0.000 0.000 0.000 0.000 0.000 0.000 0.000 0.000 0.000 0.000 0.000 0.000 0.000 0.000 0.000 0.001 0.001 0.002 0.003 0.004 0.005 0.006 0.006 0.006 0.006 0.005 0.004 0.003 0.001 0.001 0.000 0.000 0.000 0.000 0.000 0.000 0.000 0.000 0.000 0.000 0.000 0.000 0.000 0.000 0.000 0.000 0.000 0.000 0.000 0.000 0.000
0.000 0.000 0.000 0.000 0.000 0.000 0.000 0.000 0.000 0.000 0.000 0.000 0.000 0.000 0.000 0.000 0.000 0.000 0.000 0.000 0.000 0.000 0.000 0.000 0.000 0.000 0.000 0.000 0.000 0.000 0.000 0.000 0.000 0.000 0.000 0.000 0.000 0.000 0.000 0.000 0.000 0.000 0.000 0.001 0.001 0.002 0.002 0.002 0.002 0.002 0.002 0.002 0.002 0.001 0.000 0.000 0.000 0.000 0.000 0.000 0.000 0.000 0.000 0.000 0.000 0.000 0.000 0.000 0.000 0.000 0.000 0.000 0.000 0.000 0.000 0.000 0.000
0.000 0.000 0.000 0.000 0.000 0.000 0.000 0.000 0.000 0.000 0.000 0.000 0.000 0.000 0.000 0.000 0.000 0.000 0.000 0.000 0.000 0.000 0.000 0.000 0.000 0.000 0.000 0.000 0.000 0.000 0.000 0.000 0.000 0.000 0.000 0.000 0.000 0.000 0.000 0.000 0.000 0.000 0.000 0.000 0.000 0.000 0.001 0.001 0.001 0.001 0.001 0.001 0.000 0.000 0.000 0.000 0.000 0.000 0.000 0.000 0.000 0.000 0.000 0.000 0.000 0.000 0.000 0.000 0.000 0.000 0.000 0.000 0.000 0.000 0.000 0.000 0.000
0.000 0.000 0.000 0.000 0.000 0.000 0.000 0.000 0.000 0.000 0.000 0.000 0.000 0.000 0.000 0.000 0.000 0.000 0.000 0.000 0.000 0.000 0.000 0.000 0.000 0.000 0.000 0.000 0.000 0.000 0.000 0.000 0.000 0.000 0.000 0.000 0.000 0.000 0.000 0.000 0.000 0.000 0.000 0.000 0.000 0.000 0.000 0.000 0.000 0.000 0.000 0.000 0.000 0.000 0.000 0.000 0.000 0.000 0.000 0.000 0.000 0.000 0.000 0.000 0.000 0.000 0.000 0.000 0.000 0.000 0.000 0.000 0.000 0.000 0.000 0.000 0.000
0.000 0.000 0.000 0.000 0.000 0.000 0.000 0.000 0.000 0.000 0.000 0.000 0.000 0.000 0.000 0.000 0.000 0.000 0.000 0.000 0.000 0.000 0.000 0.000 0.000 0.000 0.000 0.000 0.000 0.000 0.000 0.000 0.000 0.000 0.000 0.000 0.000 0.000 0.000 0.000 0.000 0.000 0.000 0.000 0.000 0.000 0.000 0.000 0.000 0.000 0.000 0.000 0.000 0.000 0.000 0.000 0.000 0.000 0.000 0.000 0.000 0.000 0.000 0.000 0.000 0.000 0.000 0.000 0.000 0.000 0.000 0.000 0.000 0.000 0.000 0.000 0.000
0.000 0.000 0.000 0.000 0.000 0.000 0.000 0.000 0.000 0.000 0.000 0.000 0.000 0.000 0.000 0.000 0.000 0.000 0.000 0.000 0.000 0.000 0.000 0.000 0.000 0.000 0.000 0.000 0.000 0.000 0.000 0.000 0.000 0.000 0.000 0.000 0.000 0.000 0.000 0.000 0.000 0.000 0.000 0.000 0.000 0.000 0.000 0.000 0.000 0.000 0.000 0.000 0.000 0.000 0.000 0.000 0.000 0.000 0.000 0.000 0.000 0.000 0.000 0.000 0.000 0.000 0.000 0.000 0.000 0.000 0.000 0.000 0.000 0.000 0.000 0.000 0.000
0.000 0.000 0.000 0.000 0.000 0.000 0.000 0.000 0.000 0.000 0.000 0.000 0.000 0.000 0.000 0.000 0.000 0.000 0.000 0.000 0.000 0.000 0.000 0.000 0.000 0.000 0.000 0.000 0.000 0.000 0.000 0.000 0.000 0.000 0.000 0.000 0.000 0.000 0.000 0.000 0.000 0.000 0.000 0.000 0.000 0.000 0.000 0.000 0.000 0.000 0.000 0.000 0.000 0.000 0.000 0.000 0.000 0.000 0.000 0.000 0.000 0.000 0.000 0.000 0.000 0.000 0.000 0.000 0.000 0.000 0.000 0.000 0.000 0.000 0.000 0.000 0.000
0.000 0.000 0.000 0.000 0.000 0.000 0.000 0.000 0.000 0.000 0.000 0.000 0.000 0.000 0.000 0.000 0.000 0.000 0.000 0.000 0.000 0.000 0.000 0.000 0.000 0.000 0.000 0.000 0.000 0.000 0.000 0.000 0.000 0.000 0.000 0.000 0.000 0.000 0.000 0.000 0.000 0.000 0.000 0.000 0.000 0.000 0.000 0.000 0.000 0.000 0.000 0.000 0.000 0.000 0.000 0.000 0.000 0.000 0.000 0.000 0.000 0.000 0.000 0.000 0.000 0.000 0.000 0.000 0.000 0.000 0.000 0.000 0.000 0.000 0.000 0.000 0.000
0.000 0.000 0.000 0.000 0.000 0.000 0.000 0.000 0.000 0.000 0.000 0.000 0.000 0.000 0.000 0.000 0.000 0.000 0.000 0.000 0.000 0.000 0.000 0.000 0.000 0.000 0.000 0.000 0.000 0.000 0.000 0.000 0.000 0.000 0.000 0.000 0.000 0.000 0.000 0.000 0.000 0.000 0.000 0.000 0.000 0.000 0.000 0.000 0.000 0.000 0.000 0.000 0.000 0.000 0.000 0.000 0.000 0.000 0.000 0.000 0.000 0.000 0.000 0.000 0.000 0.000 0.000 0.000 0.000 0.000 0.000 0.000 0.000 0.000 0.000 0.000 0.000
