RESULTS/r.avaflow_results/13_results/13_ascii/13_hflow30042.asc
ncols 506
nrows 317
xllcenter 498237.50
yllcenter 5580050.00
cellsize 12.50
NODATA_value -9999.000
[rows 170 to 203 of 317, columns 154 to 230 of 506]
4.949 5.497 6.126 6.703 7.170 7.551 7.861 8.115 8.305 8.438 8.524 8.567 8.566 8.509 8.347 8.030 7.554 6.961 6.305 5.628 4.934 4.171 3.377 2.703 2.171 1.780 1.528 1.390 1.331 1.311 1.314 1.349 1.404 1.442 1.472 1.505 1.567 1.665 1.714 1.715 1.681 1.616 1.560 1.511 1.452 1.366 1.235 1.059 0.855 0.653 0.471 0.337 0.252 0.199 0.166 0.145 0.132 0.126 0.124 0.125 0.125 0.123 0.119 0.117 0.116 0.117 0.123 0.145 0.207 0.363 0.697 1.060 1.210 1.219 1.115 0.823 0.473
5.071 5.899 6.858 7.744 8.474 9.081 9.580 9.986 10.311 10.559 10.735 10.847 10.898 10.900 10.806 10.513 9.983 9.243 8.354 7.382 6.370 5.329 4.314 3.429 2.719 2.178 1.797 1.566 1.465 1.452 1.480 1.558 1.647 1.682 1.688 1.683 1.692 1.721 1.732 1.712 1.648 1.546 1.450 1.362 1.262 1.121 0.912 0.662 0.440 0.290 0.201 0.147 0.115 0.098 0.089 0.085 0.084 0.087 0.090 0.092 0.092 0.089 0.085 0.081 0.079 0.080 0.085 0.102 0.150 0.264 0.509 0.869 1.092 1.155 1.130 0.976 0.659
5.207 6.338 7.675 8.996 10.095 10.980 11.685 12.238 12.681 13.028 13.285 13.462 13.563 13.592 13.545 13.287 12.730 11.885 10.835 9.651 8.371 7.034 5.710 4.520 3.530 2.746 2.156 1.764 1.560 1.497 1.509 1.589 1.684 1.713 1.708 1.685 1.668 1.658 1.638 1.576 1.442 1.258 1.089 0.933 0.779 0.602 0.416 0.267 0.173 0.118 0.087 0.069 0.059 0.054 0.052 0.054 0.058 0.064 0.068 0.070 0.070 0.067 0.063 0.059 0.058 0.058 0.062 0.075 0.109 0.189 0.361 0.673 0.974 1.110 1.136 1.080 0.873
5.261 6.591 8.176 9.863 11.338 12.556 13.545 14.322 14.930 15.394 15.751 16.018 16.192 16.265 16.248 16.040 15.519 14.675 13.581 12.311 10.902 9.361 7.729 6.156 4.788 3.651 2.751 2.105 1.710 1.529 1.489 1.530 1.596 1.616 1.603 1.558 1.498 1.437 1.362 1.218 0.972 0.716 0.535 0.411 0.313 0.225 0.152 0.102 0.071 0.053 0.043 0.037 0.035 0.034 0.034 0.037 0.042 0.049 0.053 0.054 0.054 0.052 0.048 0.046 0.045 0.045 0.048 0.057 0.080 0.133 0.248 0.482 0.828 1.060 1.131 1.125 1.024
5.219 6.658 8.361 10.275 12.069 13.604 14.899 15.941 16.753 17.363 17.824 18.184 18.441 18.574 18.590 18.446 18.008 17.241 16.195 14.943 13.525 11.930 10.138 8.195 6.371 4.829 3.585 2.639 1.988 1.606 1.433 1.378 1.370 1.355 1.312 1.223 1.111 0.992 0.856 0.671 0.457 0.304 0.213 0.157 0.118 0.086 0.061 0.045 0.035 0.029 0.026 0.024 0.024 0.024 0.025 0.027 0.032 0.038 0.041 0.042 0.042 0.041 0.038 0.037 0.037 0.038 0.040 0.046 0.061 0.094 0.167 0.325 0.640 0.971 1.110 1.129 1.090
5.073 6.587 8.356 10.356 12.351 14.134 15.681 16.967 17.980 18.731 19.270 19.688 20.017 20.226 20.293 20.227 19.933 19.324 18.376 17.122 15.628 13.921 11.966 9.719 7.500 5.641 4.163 3.041 2.234 1.691 1.363 1.176 1.048 0.933 0.807 0.678 0.574 0.489 0.401 0.294 0.193 0.127 0.088 0.066 0.050 0.039 0.031 0.025 0.022 0.020 0.019 0.019 0.019 0.019 0.020 0.022 0.025 0.030 0.033 0.035 0.035 0.034 0.033 0.033 0.033 0.034 0.036 0.040 0.050 0.071 0.118 0.224 0.455 0.819 1.047 1.108 1.099
4.780 6.337 8.180 10.259 12.362 14.261 15.936 17.353 18.489 19.344 19.921 20.346 20.726 21.026 21.163 21.163 21.007 20.568 19.753 18.528 16.955 15.110 12.986 10.518 8.043 5.996 4.395 3.198 2.329 1.715 1.287 0.976 0.729 0.528 0.381 0.293 0.244 0.209 0.172 0.124 0.084 0.058 0.042 0.033 0.027 0.022 0.019 0.017 0.016 0.016 0.015 0.015 0.015 0.016 0.017 0.018 0.021 0.024 0.027 0.029 0.030 0.030 0.030 0.031 0.031 0.032 0.034 0.037 0.044 0.059 0.091 0.162 0.318 0.627 0.924 1.048 1.072
4.342 5.897 7.782 9.961 12.212 14.197 15.896 17.331 18.499 19.387 19.980 20.386 20.777 21.135 21.319 21.346 21.246 20.893 20.171 19.005 17.407 15.475 13.251 10.684 8.128 6.027 4.399 3.191 2.308 1.649 1.140 0.741 0.450 0.267 0.168 0.122 0.101 0.088 0.073 0.055 0.040 0.031 0.025 0.020 0.018 0.016 0.014 0.014 0.013 0.013 0.013 0.013 0.013 0.014 0.015 0.016 0.018 0.020 0.023 0.025 0.027 0.028 0.029 0.029 0.030 0.031 0.033 0.036 0.041 0.052 0.075 0.124 0.230 0.444 0.744 0.939 1.012
3.788 5.287 7.169 9.411 11.787 13.844 15.548 16.960 18.112 18.989 19.586 19.979 20.348 20.695 20.874 20.896 20.802 20.502 19.853 18.749 17.178 15.226 12.957 10.359 7.838 5.769 4.161 2.958 2.060 1.371 0.836 0.453 0.230 0.123 0.075 0.054 0.046 0.040 0.034 0.028 0.023 0.019 0.017 0.015 0.013 0.012 0.012 0.011 0.011 0.011 0.011 0.012 0.012 0.012 0.013 0.014 0.015 0.017 0.019 0.022 0.024 0.026 0.028 0.029 0.030 0.031 0.033 0.035 0.039 0.048 0.065 0.100 0.172 0.313 0.550 0.784 0.914
3.184 4.554 6.347 8.547 10.972 13.053 14.736 16.086 17.147 17.964 18.583 19.016 19.323 19.528 19.607 19.583 19.461 19.177 18.595 17.566 16.041 14.086 11.800 9.295 6.976 5.049 3.504 2.314 1.433 0.812 0.417 0.203 0.101 0.056 0.036 0.028 0.024 0.022 0.019 0.017 0.015 0.013 0.012 0.011 0.011 0.010 0.010 0.010 0.010 0.010 0.010 0.010 0.011 0.011 0.012 0.013 0.014 0.015 0.017 0.019 0.022 0.024 0.026 0.028 0.029 0.031 0.033 0.035 0.039 0.045 0.058 0.084 0.135 0.230 0.392 0.606 0.776
2.598 3.745 5.328 7.359 9.708 11.788 13.448 14.722 15.666 16.423 17.100 17.620 17.865 17.898 17.830 17.720 17.555 17.235 16.614 15.538 13.961 11.948 9.678 7.457 5.490 3.794 2.372 1.309 0.654 0.314 0.152 0.078 0.044 0.028 0.021 0.017 0.016 0.014 0.013 0.012 0.011 0.010 0.009 0.009 0.009 0.008 0.008 0.008 0.008 0.008 0.008 0.009 0.009 0.010 0.011 0.012 0.013 0.014 0.016 0.017 0.020 0.022 0.025 0.027 0.029 0.031 0.033 0.035 0.038 0.044 0.054 0.074 0.111 0.178 0.289 0.450 0.620
2.080 2.976 4.229 5.938 8.088 10.184 11.840 13.072 13.971 14.746 15.492 16.041 16.230 16.189 16.066 15.916 15.677 15.204 14.346 13.000 11.147 8.867 6.659 4.854 3.385 2.132 1.150 0.531 0.225 0.102 0.054 0.033 0.023 0.017 0.014 0.012 0.011 0.010 0.009 0.009 0.008 0.008 0.007 0.007 0.007 0.007 0.007 0.007 0.007 0.007 0.007 0.008 0.008 0.009 0.010 0.011 0.012 0.014 0.015 0.016 0.018 0.021 0.024 0.026 0.029 0.031 0.033 0.035 0.038 0.043 0.052 0.069 0.099 0.148 0.228 0.344 0.489
1.646 2.330 3.280 4.584 6.320 8.315 10.018 11.279 12.219 13.028 13.736 14.183 14.323 14.300 14.204 14.039 13.704 13.000 11.761 9.940 7.541 5.143 3.394 2.249 1.447 0.832 0.398 0.162 0.069 0.037 0.024 0.018 0.014 0.011 0.010 0.009 0.008 0.008 0.007 0.007 0.006 0.006 0.006 0.005 0.005 0.005 0.005 0.005 0.005 0.005 0.006 0.007 0.008 0.009 0.010 0.011 0.012 0.013 0.015 0.016 0.018 0.020 0.022 0.025 0.028 0.031 0.033 0.035 0.038 0.043 0.052 0.068 0.094 0.135 0.196 0.281 0.393
1.289 1.800 2.499 3.440 4.685 6.286 7.950 9.267 10.245 10.978 11.485 11.745 11.839 11.851 11.800 11.590 11.081 10.052 8.271 5.904 3.686 2.145 1.216 0.709 0.408 0.214 0.099 0.046 0.026 0.018 0.014 0.011 0.010 0.008 0.007 0.007 0.006 0.006 0.005 0.005 0.005 0.004 0.004 0.004 0.004 0.004 0.004 0.004 0.004 0.005 0.005 0.006 0.008 0.009 0.010 0.011 0.012 0.013 0.015 0.016 0.018 0.020 0.022 0.025 0.028 0.031 0.033 0.036 0.039 0.045 0.054 0.069 0.095 0.132 0.183 0.249 0.333
0.998 1.372 1.862 2.497 3.317 4.368 5.653 6.836 7.718 8.262 8.519 8.609 8.641 8.609 8.449 8.037 7.223 5.846 4.015 2.319 1.199 0.578 0.286 0.158 0.090 0.051 0.030 0.019 0.014 0.011 0.009 0.008 0.007 0.006 0.005 0.005 0.004 0.004 0.004 0.003 0.003 0.003 0.003 0.003 0.003 0.003 0.003 0.003 0.003 0.004 0.005 0.006 0.008 0.009 0.010 0.012 0.013 0.014 0.015 0.016 0.018 0.020 0.022 0.025 0.028 0.031 0.035 0.039 0.043 0.048 0.058 0.074 0.098 0.133 0.179 0.237 0.307
0.756 1.020 1.349 1.751 2.240 2.842 3.588 4.312 4.845 5.155 5.277 5.286 5.186 4.919 4.520 4.019 3.307 2.287 1.241 0.568 0.243 0.114 0.064 0.040 0.027 0.019 0.014 0.011 0.009 0.008 0.006 0.005 0.005 0.004 0.004 0.003 0.003 0.003 0.003 0.002 0.002 0.002 0.002 0.002 0.002 0.002 0.002 0.003 0.003 0.004 0.005 0.007 0.008 0.010 0.011 0.012 0.013 0.014 0.015 0.017 0.018 0.020 0.023 0.025 0.029 0.033 0.039 0.044 0.050 0.056 0.067 0.083 0.106 0.138 0.181 0.235 0.302
0.554 0.732 0.946 1.187 1.445 1.733 2.075 2.383 2.594 2.700 2.724 2.681 2.512 2.160 1.752 1.394 1.008 0.562 0.244 0.102 0.050 0.031 0.022 0.017 0.014 0.011 0.009 0.007 0.006 0.005 0.004 0.004 0.003 0.003 0.003 0.002 0.002 0.002 0.002 0.002 0.002 0.002 0.002 0.002 0.002 0.002 0.002 0.003 0.003 0.005 0.007 0.009 0.010 0.012 0.013 0.013 0.014 0.015 0.016 0.018 0.020 0.022 0.025 0.029 0.033 0.040 0.048 0.055 0.063 0.071 0.081 0.096 0.117 0.147 0.189 0.246 0.321
0.390 0.508 0.649 0.785 0.900 1.000 1.086 1.131 1.133 1.109 1.068 1.000 0.868 0.648 0.448 0.315 0.199 0.102 0.048 0.027 0.018 0.014 0.012 0.010 0.009 0.007 0.006 0.005 0.004 0.003 0.003 0.003 0.002 0.002 0.002 0.002 0.001 0.001 0.001 0.001 0.001 0.001 0.001 0.001 0.001 0.002 0.002 0.003 0.005 0.007 0.010 0.013 0.014 0.015 0.015 0.015 0.016 0.017 0.019 0.021 0.024 0.027 0.031 0.037 0.045 0.055 0.065 0.072 0.079 0.085 0.092 0.103 0.123 0.156 0.210 0.291 0.404
0.266 0.347 0.434 0.502 0.541 0.550 0.515 0.446 0.377 0.325 0.283 0.245 0.198 0.136 0.092 0.064 0.042 0.026 0.017 0.013 0.010 0.009 0.008 0.007 0.006 0.005 0.004 0.003 0.003 0.002 0.002 0.002 0.002 0.001 0.001 0.001 0.001 0.001 0.001 0.001 0.001 0.001 0.001 0.001 0.001 0.002 0.003 0.005 0.008 0.012 0.015 0.016 0.017 0.017 0.017 0.017 0.018 0.020 0.023 0.026 0.030 0.035 0.041 0.051 0.063 0.073 0.080 0.084 0.088 0.091 0.095 0.105 0.124 0.162 0.240 0.376 0.576
0.175 0.225 0.268 0.293 0.295 0.272 0.215 0.147 0.102 0.076 0.062 0.051 0.041 0.031 0.023 0.018 0.014 0.011 0.009 0.008 0.007 0.006 0.005 0.004 0.004 0.003 0.003 0.002 0.002 0.002 0.001 0.001 0.001 0.001 0.001 0.001 0.001 0.001 0.001 0.001 0.001 0.001 0.001 0.001 0.002 0.003 0.006 0.010 0.014 0.017 0.018 0.018 0.018 0.018 0.018 0.018 0.019 0.022 0.025 0.029 0.034 0.040 0.049 0.061 0.073 0.081 0.085 0.088 0.089 0.090 0.093 0.100 0.118 0.159 0.245 0.413 0.679
0.105 0.127 0.139 0.141 0.131 0.105 0.068 0.039 0.024 0.018 0.015 0.013 0.012 0.010 0.009 0.008 0.007 0.007 0.006 0.005 0.004 0.004 0.003 0.003 0.002 0.002 0.002 0.001 0.001 0.001 0.001 0.001 0.001 0.001 0.001 0.001 0.001 0.001 0.001 0.001 0.001 0.001 0.002 0.003 0.004 0.007 0.012 0.016 0.018 0.019 0.018 0.018 0.018 0.018 0.018 0.018 0.020 0.022 0.026 0.030 0.035 0.042 0.051 0.063 0.074 0.080 0.083 0.084 0.083 0.081 0.081 0.085 0.099 0.136 0.222 0.395 0.674
0.052 0.056 0.056 0.051 0.041 0.028 0.016 0.009 0.006 0.005 0.005 0.005 0.005 0.005 0.005 0.004 0.004 0.004 0.004 0.003 0.003 0.002 0.002 0.002 0.001 0.001 0.001 0.001 0.001 0.001 0.001 0.001 0.001 0.001 0.001 0.001 0.001 0.001 0.002 0.002 0.002 0.003 0.004 0.006 0.008 0.012 0.016 0.018 0.019 0.019 0.019 0.018 0.018 0.018 0.018 0.018 0.020 0.022 0.025 0.029 0.034 0.040 0.048 0.058 0.066 0.070 0.071 0.069 0.065 0.061 0.059 0.059 0.066 0.091 0.157 0.305 0.562
0.019 0.018 0.016 0.013 0.009 0.006 0.004 0.003 0.002 0.002 0.002 0.002 0.003 0.003 0.003 0.003 0.002 0.002 0.002 0.002 0.002 0.002 0.001 0.001 0.001 0.001 0.001 0.001 0.001 0.001 0.001 0.001 0.001 0.001 0.001 0.002 0.002 0.003 0.003 0.004 0.005 0.006 0.007 0.009 0.011 0.015 0.017 0.019 0.019 0.019 0.018 0.018 0.017 0.017 0.017 0.018 0.019 0.021 0.023 0.026 0.029 0.033 0.038 0.043 0.046 0.047 0.047 0.045 0.041 0.038 0.037 0.037 0.039 0.049 0.080 0.160 0.326
0.005 0.004 0.004 0.003 0.002 0.002 0.001 0.001 0.001 0.001 0.001 0.001 0.002 0.002 0.002 0.002 0.002 0.001 0.001 0.001 0.001 0.001 0.001 0.001 0.001 0.001 0.001 0.001 0.001 0.002 0.002 0.002 0.002 0.003 0.003 0.004 0.004 0.005 0.005 0.006 0.007 0.007 0.008 0.010 0.012 0.015 0.017 0.018 0.018 0.018 0.018 0.017 0.016 0.016 0.016 0.016 0.016 0.017 0.017 0.018 0.019 0.021 0.024 0.026 0.027 0.028 0.028 0.027 0.025 0.024 0.024 0.024 0.025 0.028 0.040 0.069 0.134
0.001 0.001 0.001 0.001 0.001 0.001 0.001 0.001 0.001 0.001 0.001 0.001 0.001 0.001 0.001 0.001 0.001 0.001 0.001 0.001 0.001 0.001 0.001 0.001 0.001 0.001 0.002 0.002 0.003 0.003 0.004 0.004 0.005 0.005 0.005 0.006 0.006 0.007 0.007 0.007 0.007 0.008 0.008 0.010 0.012 0.014 0.016 0.016 0.017 0.016 0.015 0.014 0.013 0.012 0.012 0.012 0.012 0.011 0.011 0.011 0.012 0.013 0.015 0.016 0.017 0.018 0.018 0.017 0.017 0.016 0.016 0.016 0.017 0.019 0.023 0.034 0.056
0.001 0.001 0.001 0.001 0.001 0.001 0.001 0.001 0.001 0.001 0.001 0.001 0.001 0.001 0.001 0.001 0.001 0.001 0.001 0.001 0.001 0.001 0.001 0.001 0.002 0.003 0.004 0.005 0.005 0.006 0.006 0.006 0.007 0.007 0.007 0.007 0.007 0.007 0.007 0.007 0.007 0.008 0.008 0.009 0.010 0.011 0.012 0.012 0.012 0.011 0.010 0.009 0.008 0.007 0.007 0.007 0.007 0.007 0.007 0.007 0.008 0.009 0.010 0.010 0.011 0.011 0.011 0.011 0.011 0.011 0.011 0.012 0.012 0.013 0.016 0.020 0.028
0.001 0.001 0.001 0.001 0.001 0.001 0.001 0.001 0.001 0.001 0.001 0.001 0.001 0.001 0.001 0.001 0.001 0.001 0.001 0.001 0.001 0.001 0.002 0.003 0.004 0.005 0.006 0.007 0.007 0.007 0.007 0.007 0.007 0.007 0.008 0.008 0.007 0.007 0.007 0.007 0.007 0.007 0.007 0.007 0.007 0.007 0.006 0.006 0.005 0.005 0.004 0.004 0.004 0.004 0.004 0.004 0.004 0.004 0.005 0.005 0.005 0.005 0.006 0.007 0.007 0.007 0.007 0.007 0.008 0.008 0.008 0.008 0.009 0.010 0.011 0.013 0.017
0.001 0.001 0.001 0.001 0.001 0.001 0.001 0.001 0.001 0.001 0.001 0.001 0.001 0.001 0.001 0.001 0.001 0.001 0.001 0.001 0.002 0.002 0.003 0.005 0.006 0.007 0.007 0.008 0.008 0.007 0.007 0.007 0.007 0.007 0.008 0.008 0.007 0.007 0.007 0.007 0.006 0.006 0.005 0.004 0.003 0.003 0.003 0.002 0.002 0.002 0.002 0.002 0.002 0.002 0.002 0.003 0.003 0.003 0.003 0.003 0.003 0.003 0.004 0.004 0.004 0.004 0.004 0.005 0.005 0.005 0.005 0.006 0.006 0.007 0.008 0.009 0.012
0.000 0.000 0.000 0.000 0.000 0.000 0.000 0.000 0.000 0.000 0.001 0.001 0.001 0.001 0.001 0.001 0.001 0.001 0.001 0.002 0.003 0.003 0.005 0.006 0.007 0.007 0.008 0.008 0.008 0.008 0.007 0.007 0.007 0.007 0.007 0.007 0.007 0.007 0.006 0.005 0.004 0.003 0.003 0.002 0.002 0.001 0.001 0.001 0.001 0.001 0.001 0.001 0.001 0.001 0.001 0.001 0.001 0.001 0.001 0.001 0.001 0.002 0.002 0.002 0.002 0.002 0.002 0.002 0.003 0.003 0.003 0.003 0.004 0.004 0.005 0.006 0.008
0.000 0.000 0.000 0.000 0.000 0.000 0.000 0.000 0.000 0.000 0.000 0.000 0.001 0.001 0.001 0.001 0.001 0.001 0.001 0.002 0.003 0.004 0.005 0.006 0.007 0.007 0.008 0.008 0.008 0.007 0.007 0.007 0.007 0.007 0.007 0.006 0.006 0.006 0.005 0.003 0.002 0.002 0.001 0.001 0.001 0.001 0.001 0.001 0.001 0.001 0.001 0.001 0.001 0.001 0.001 0.001 0.001 0.001 0.000 0.000 0.000 0.000 0.001 0.001 0.001 0.001 0.001 0.001 0.001 0.001 0.002 0.002 0.002 0.003 0.003 0.004 0.005
0.000 0.000 0.000 0.000 0.000 0.000 0.000 0.000 0.000 0.000 0.000 0.000 0.000 0.001 0.001 0.001 0.001 0.001 0.002 0.002 0.003 0.004 0.005 0.006 0.007 0.007 0.007 0.007 0.007 0.007 0.007 0.006 0.006 0.005 0.005 0.005 0.004 0.003 0.002 0.002 0.001 0.001 0.001 0.001 0.001 0.001 0.001 0.001 0.001 0.001 0.001 0.000 0.000 0.000 0.000 0.000 0.000 0.000 0.000 0.000 0.000 0.000 0.000 0.000 0.000 0.000 0.000 0.000 0.000 0.000 0.000 0.001 0.001 0.001 0.002 0.003 0.003
0.000 0.000 0.000 0.000 0.000 0.000 0.000 0.000 0.000 0.000 0.000 0.000 0.000 0.000 0.001 0.001 0.001 0.001 0.002 0.002 0.003 0.004 0.005 0.005 0.006 0.006 0.006 0.006 0.006 0.006 0.006 0.005 0.004 0.004 0.003 0.002 0.002 0.002 0.001 0.001 0.001 0.001 0.001 0.001 0.001 0.001 0.000 0.000 0.000 0.000 0.000 0.000 0.000 0.000 0.000 0.000 0.000 0.000 0.000 0.000 0.000 0.000 0.000 0.000 0.000 0.000 0.000 0.000 0.000 0.000 0.000 0.000 0.000 0.000 0.001 0.001 0.002
0.000 0.000 0.000 0.000 0.000 0.000 0.000 0.000 0.000 0.000 0.000 0.000 0.000 0.000 0.001 0.001 0.001 0.001 0.001 0.002 0.003 0.003 0.004 0.004 0.005 0.005 0.005 0.005 0.005 0.004 0.004 0.003 0.003 0.002 0.002 0.001 0.001 0.001 0.001 0.001 0.001 0.001 0.001 0.000 0.000 0.000 0.000 0.000 0.000 0.000 0.000 0.000 0.000 0.000 0.000 0.000 0.000 0.000 0.000 0.000 0.000 0.000 0.000 0.000 0.000 0.000 0.000 0.000 0.000 0.000 0.000 0.000 0.000 0.000 0.000 0.000 0.001
0.000 0.000 0.000 0.000 0.000 0.000 0.000 0.000 0.000 0.000 0.000 0.000 0.000 0.000 0.000 0.001 0.001 0.001 0.001 0.002 0.002 0.003 0.003 0.003 0.003 0.003 0.003 0.003 0.003 0.002 0.002 0.002 0.002 0.001 0.001 0.001 0.001 0.001 0.001 0.001 0.000 0.000 0.000 0.000 0.000 0.000 0.000 0.000 0.000 0.000 0.000 0.000 0.000 0.000 0.000 0.000 0.000 0.000 0.000 0.000 0.000 0.000 0.000 0.000 0.000 0.000 0.000 0.000 0.000 0.000 0.000 0.000 0.000 0.000 0.000 0.000 0.000
