RESULTS/r.avaflow_results/13_results/13_ascii/13_hflow10050.asc
ncols 506
nrows 317
xllcenter 498237.50
yllcenter 5580050.00
cellsize 12.50
NODATA_value -9999.000
[rows 204 to 237 of 317, columns 77 to 153 of 506]
0.104 0.085 0.065 0.049 0.038 0.034 0.034 0.050 0.161 0.716 2.532 6.024 9.407 11.401 12.717 13.908 15.130 16.444 17.668 18.735 19.742 20.619 21.228 21.605 21.837 21.855 21.834 21.839 21.713 21.550 21.254 20.717 20.151 19.484 18.729 18.197 17.817 17.559 17.327 17.183 17.103 17.029 16.930 16.614 16.150 15.518 14.736 13.854 12.960 11.952 10.838 9.596 8.224 6.757 5.317 3.988 2.817 1.842 1.089 0.565 0.253 0.097 0.033 0.010 0.003 0.001 0.000 0.000 0.000 0.000 0.000 0.001 0.001 0.001 0.003 0.012 0.038
0.100 0.082 0.065 0.051 0.041 0.037 0.037 0.046 0.119 0.536 2.091 5.464 9.206 11.420 12.740 13.873 15.003 16.195 17.286 18.203 19.075 19.851 20.415 20.841 21.071 21.151 21.153 21.157 20.991 20.803 20.485 19.932 19.303 18.571 17.726 17.048 16.529 16.103 15.755 15.573 15.480 15.363 15.285 15.063 14.692 14.113 13.317 12.365 11.350 10.233 9.026 7.683 6.152 4.559 3.147 2.019 1.186 0.628 0.295 0.123 0.046 0.016 0.005 0.002 0.001 0.000 0.000 0.000 0.000 0.000 0.000 0.001 0.001 0.002 0.008 0.024 0.062
0.099 0.081 0.066 0.055 0.048 0.044 0.042 0.044 0.069 0.276 1.341 4.236 8.363 11.077 12.552 13.639 14.653 15.671 16.602 17.376 18.098 18.679 19.077 19.466 19.758 19.898 19.895 19.867 19.661 19.494 19.257 18.791 18.195 17.489 16.604 15.791 15.122 14.546 14.061 13.799 13.687 13.600 13.553 13.382 13.084 12.554 11.812 10.817 9.688 8.431 7.049 5.494 3.881 2.488 1.447 0.749 0.341 0.140 0.054 0.020 0.007 0.002 0.001 0.000 0.000 0.000 0.000 0.000 0.000 0.000 0.000 0.001 0.002 0.005 0.013 0.032 0.075
0.106 0.086 0.073 0.065 0.059 0.053 0.048 0.046 0.052 0.127 0.671 2.747 6.806 10.195 11.969 13.110 14.033 14.859 15.608 16.209 16.717 17.059 17.249 17.507 17.802 18.009 18.048 18.033 17.852 17.687 17.488 17.145 16.716 16.126 15.282 14.365 13.541 12.840 12.275 11.953 11.776 11.681 11.666 11.576 11.364 10.909 10.209 9.173 7.875 6.313 4.652 3.121 1.899 1.020 0.473 0.191 0.070 0.024 0.008 0.003 0.001 0.001 0.000 0.000 0.000 0.000 0.000 0.000 0.000 0.000 0.000 0.001 0.002 0.006 0.015 0.035 0.077
0.134 0.106 0.091 0.082 0.074 0.064 0.055 0.050 0.050 0.073 0.299 1.519 4.796 8.735 10.962 12.251 13.130 13.789 14.327 14.727 15.019 15.104 15.084 15.215 15.481 15.734 15.757 15.719 15.592 15.485 15.365 15.113 14.803 14.347 13.665 12.796 11.898 11.054 10.374 9.946 9.708 9.622 9.644 9.621 9.502 9.131 8.419 7.272 5.667 3.898 2.431 1.377 0.684 0.291 0.108 0.037 0.012 0.004 0.001 0.001 0.000 0.000 0.000 0.000 0.000 0.000 0.000 0.000 0.000 0.000 0.000 0.001 0.002 0.006 0.014 0.033 0.070
0.199 0.154 0.128 0.111 0.095 0.078 0.064 0.056 0.053 0.057 0.132 0.703 2.822 6.611 9.523 11.121 12.064 12.638 12.993 13.160 13.218 12.981 12.674 12.642 12.810 13.078 13.158 13.135 13.013 12.888 12.807 12.681 12.549 12.277 11.770 11.026 10.144 9.200 8.401 7.793 7.390 7.195 7.169 7.179 7.149 6.860 6.105 4.802 3.200 1.871 0.975 0.443 0.176 0.063 0.020 0.006 0.002 0.001 0.001 0.000 0.000 0.000 0.000 0.000 0.000 0.000 0.000 0.000 0.000 0.000 0.000 0.001 0.002 0.005 0.011 0.024 0.047
0.319 0.244 0.194 0.158 0.126 0.099 0.078 0.064 0.058 0.059 0.078 0.271 1.316 4.076 7.548 9.773 10.929 11.478 11.698 11.689 11.473 10.839 10.125 9.825 9.877 10.074 10.225 10.285 10.221 10.100 10.021 9.934 9.857 9.724 9.417 8.889 8.145 7.206 6.262 5.437 4.789 4.353 4.133 4.050 3.986 3.760 3.201 2.302 1.344 0.677 0.292 0.111 0.038 0.012 0.004 0.001 0.001 0.001 0.001 0.000 0.000 0.000 0.000 0.000 0.000 0.000 0.000 0.000 0.000 0.000 0.000 0.000 0.001 0.003 0.005 0.011 0.020
0.504 0.395 0.307 0.239 0.181 0.134 0.101 0.080 0.070 0.067 0.071 0.117 0.474 1.878 4.920 8.030 9.675 10.304 10.431 10.244 9.764 8.976 8.067 7.402 7.161 7.169 7.300 7.517 7.693 7.719 7.658 7.507 7.265 7.012 6.729 6.355 5.820 5.109 4.288 3.483 2.796 2.278 1.942 1.738 1.593 1.433 1.173 0.784 0.415 0.189 0.074 0.026 0.008 0.003 0.001 0.001 0.001 0.001 0.001 0.000 0.000 0.000 0.000 0.000 0.000 0.000 0.000 0.000 0.000 0.000 0.000 0.000 0.001 0.001 0.002 0.003 0.006
0.751 0.620 0.491 0.377 0.278 0.198 0.142 0.109 0.092 0.085 0.083 0.095 0.173 0.674 2.368 5.468 7.910 8.844 8.984 8.793 8.411 7.820 7.022 6.110 5.541 5.372 5.420 5.685 6.084 6.255 6.229 6.026 5.622 5.228 4.920 4.607 4.218 3.711 3.087 2.403 1.764 1.247 0.871 0.620 0.468 0.374 0.293 0.193 0.102 0.046 0.018 0.006 0.002 0.001 0.001 0.001 0.001 0.001 0.001 0.001 0.000 0.000 0.000 0.000 0.000 0.000 0.000 0.000 0.000 0.000 0.000 0.000 0.000 0.000 0.001 0.001 0.002
1.053 0.919 0.760 0.597 0.442 0.312 0.218 0.162 0.133 0.119 0.112 0.111 0.129 0.241 0.874 2.706 5.196 6.784 7.477 7.739 7.751 7.531 6.946 5.955 5.171 4.860 4.854 5.100 5.612 5.869 5.857 5.621 5.124 4.626 4.289 3.984 3.648 3.235 2.730 2.142 1.524 0.961 0.527 0.256 0.127 0.081 0.060 0.041 0.022 0.010 0.004 0.002 0.001 0.001 0.001 0.001 0.001 0.001 0.001 0.001 0.000 0.000 0.000 0.000 0.000 0.000 0.000 0.000 0.000 0.000 0.000 0.000 0.000 0.000 0.000 0.000 0.001
1.410 1.280 1.111 0.913 0.698 0.501 0.351 0.256 0.204 0.177 0.161 0.151 0.150 0.177 0.344 1.115 2.908 5.038 6.585 7.425 7.744 7.828 7.509 6.453 5.396 4.942 4.904 5.138 5.676 5.970 5.961 5.708 5.180 4.614 4.227 3.898 3.561 3.174 2.712 2.165 1.546 0.896 0.397 0.131 0.037 0.016 0.011 0.008 0.005 0.002 0.001 0.001 0.001 0.001 0.001 0.001 0.001 0.001 0.001 0.000 0.000 0.000 0.000 0.000 0.000 0.000 0.000 0.000 0.000 0.000 0.000 0.000 0.000 0.000 0.000 0.000 0.000
1.822 1.698 1.529 1.314 1.053 0.780 0.561 0.410 0.322 0.272 0.241 0.219 0.208 0.212 0.283 0.646 1.867 4.221 6.345 7.606 8.047 8.041 7.614 6.479 5.325 4.782 4.705 4.909 5.436 5.784 5.802 5.551 5.002 4.370 3.922 3.557 3.207 2.838 2.425 1.948 1.389 0.744 0.269 0.060 0.010 0.003 0.002 0.001 0.001 0.001 0.000 0.000 0.000 0.001 0.001 0.001 0.001 0.001 0.001 0.000 0.000 0.000 0.000 0.000 0.000 0.000 0.000 0.000 0.000 0.000 0.000 0.000 0.000 0.000 0.000 0.000 0.000
2.286 2.172 2.009 1.787 1.496 1.151 0.855 0.641 0.507 0.426 0.373 0.338 0.319 0.317 0.366 0.647 1.704 4.055 6.272 7.429 7.686 7.278 6.334 5.086 4.022 3.451 3.311 3.417 3.824 4.219 4.303 4.127 3.634 2.984 2.495 2.122 1.808 1.527 1.262 0.988 0.676 0.323 0.097 0.016 0.002 0.001 0.001 0.001 0.000 0.000 0.000 0.000 0.000 0.001 0.001 0.001 0.001 0.001 0.001 0.000 0.000 0.000 0.000 0.000 0.000 0.000 0.000 0.000 0.000 0.000 0.000 0.000 0.000 0.000 0.000 0.000 0.000
2.801 2.701 2.548 2.323 2.006 1.603 1.235 0.960 0.777 0.664 0.593 0.551 0.536 0.564 0.682 1.010 1.919 3.810 5.253 5.625 5.250 4.386 3.238 2.232 1.619 1.318 1.230 1.251 1.412 1.642 1.720 1.671 1.453 1.106 0.835 0.639 0.494 0.384 0.297 0.219 0.137 0.059 0.016 0.002 0.000 0.000 0.000 0.000 0.000 0.000 0.000 0.000 0.000 0.001 0.001 0.001 0.001 0.001 0.000 0.000 0.000 0.000 0.000 0.000 0.000 0.000 0.000 0.000 0.000 0.000 0.000 0.000 0.000 0.000 0.000 0.000 0.000
3.371 3.285 3.132 2.893 2.550 2.113 1.699 1.378 1.157 1.030 0.971 0.965 1.039 1.219 1.531 1.848 2.226 2.659 2.574 2.257 1.831 1.366 0.930 0.611 0.422 0.329 0.298 0.297 0.331 0.407 0.445 0.443 0.393 0.292 0.205 0.143 0.099 0.069 0.049 0.033 0.018 0.007 0.002 0.001 0.000 0.000 0.000 0.001 0.000 0.000 0.000 0.000 0.000 0.001 0.001 0.001 0.001 0.001 0.000 0.000 0.000 0.000 0.000 0.000 0.000 0.000 0.000 0.000 0.000 0.000 0.000 0.000 0.000 0.000 0.000 0.000 0.000
3.966 3.857 3.672 3.401 3.049 2.635 2.242 1.929 1.723 1.651 1.714 1.884 2.176 2.439 2.495 2.303 1.938 1.416 0.933 0.638 0.463 0.334 0.227 0.146 0.095 0.069 0.058 0.056 0.061 0.079 0.091 0.094 0.087 0.067 0.044 0.028 0.017 0.010 0.007 0.004 0.002 0.001 0.001 0.001 0.001 0.001 0.000 0.000 0.001 0.000 0.000 0.000 0.000 0.001 0.001 0.001 0.001 0.001 0.000 0.000 0.000 0.000 0.000 0.000 0.000 0.000 0.000 0.000 0.000 0.000 0.000 0.000 0.000 0.000 0.000 0.000 0.000
4.509 4.361 4.135 3.833 3.505 3.182 2.897 2.732 2.718 2.863 3.204 3.498 3.538 3.256 2.769 2.185 1.514 0.884 0.501 0.307 0.202 0.135 0.086 0.051 0.028 0.016 0.011 0.009 0.009 0.012 0.015 0.016 0.016 0.013 0.009 0.005 0.003 0.002 0.001 0.001 0.001 0.001 0.001 0.001 0.001 0.001 0.001 0.000 0.000 0.001 0.000 0.000 0.000 0.000 0.001 0.001 0.001 0.001 0.000 0.000 0.000 0.000 0.000 0.000 0.000 0.000 0.000 0.000 0.000 0.000 0.000 0.000 0.000 0.000 0.000 0.000 0.000
4.986 4.801 4.539 4.227 3.958 3.813 3.855 4.149 4.561 4.880 4.994 4.743 4.184 3.420 2.620 1.852 1.181 0.707 0.426 0.268 0.172 0.109 0.066 0.036 0.017 0.007 0.003 0.002 0.001 0.002 0.002 0.002 0.003 0.002 0.002 0.001 0.001 0.001 0.001 0.001 0.001 0.001 0.001 0.001 0.001 0.001 0.001 0.000 0.000 0.000 0.001 0.001 0.000 0.000 0.000 0.001 0.001 0.001 0.000 0.000 0.000 0.000 0.000 0.000 0.000 0.000 0.000 0.000 0.000 0.000 0.000 0.000 0.000 0.000 0.000 0.000 0.000
5.411 5.187 4.903 4.629 4.466 4.626 5.513 6.351 6.646 6.522 6.080 5.355 4.408 3.361 2.424 1.659 1.078 0.679 0.430 0.276 0.177 0.111 0.064 0.033 0.014 0.006 0.002 0.001 0.001 0.001 0.001 0.001 0.001 0.001 0.001 0.000 0.000 0.000 0.000 0.001 0.001 0.001 0.001 0.001 0.001 0.001 0.001 0.000 0.000 0.000 0.000 0.000 0.000 0.000 0.000 0.000 0.001 0.001 0.000 0.000 0.000 0.000 0.000 0.000 0.000 0.000 0.000 0.000 0.000 0.000 0.000 0.000 0.000 0.000 0.000 0.000 0.000
5.780 5.521 5.277 5.125 5.164 5.890 7.378 8.047 7.934 7.468 6.727 5.748 4.539 3.347 2.372 1.624 1.082 0.716 0.478 0.318 0.204 0.123 0.067 0.032 0.013 0.005 0.002 0.001 0.000 0.000 0.000 0.000 0.000 0.000 0.000 0.000 0.000 0.000 0.000 0.001 0.001 0.001 0.001 0.001 0.001 0.001 0.001 0.001 0.000 0.000 0.000 0.000 0.000 0.000 0.000 0.000 0.000 0.001 0.000 0.000 0.000 0.000 0.000 0.000 0.000 0.000 0.000 0.000 0.000 0.000 0.000 0.000 0.000 0.000 0.000 0.000 0.000
6.120 5.851 5.693 5.733 6.366 7.841 8.929 9.044 8.720 8.075 7.169 6.044 4.681 3.399 2.403 1.680 1.185 0.845 0.598 0.407 0.258 0.145 0.070 0.030 0.012 0.004 0.002 0.001 0.000 0.000 0.000 0.000 0.000 0.000 0.000 0.000 0.000 0.000 0.001 0.001 0.001 0.001 0.001 0.001 0.001 0.001 0.001 0.001 0.000 0.000 0.000 0.001 0.001 0.001 0.001 0.000 0.000 0.001 0.000 0.000 0.000 0.000 0.000 0.000 0.000 0.000 0.000 0.000 0.000 0.000 0.000 0.000 0.000 0.000 0.000 0.000 0.000
6.458 6.206 6.116 6.496 8.100 9.596 9.886 9.683 9.182 8.454 7.480 6.275 4.853 3.561 2.587 1.912 1.450 1.102 0.806 0.544 0.321 0.159 0.068 0.027 0.010 0.004 0.001 0.001 0.000 0.000 0.000 0.000 0.000 0.000 0.000 0.000 0.000 0.000 0.001 0.001 0.001 0.001 0.001 0.001 0.001 0.001 0.001 0.001 0.001 0.000 0.000 0.001 0.001 0.001 0.001 0.001 0.000 0.000 0.000 0.000 0.000 0.000 0.000 0.000 0.000 0.000 0.000 0.000 0.000 0.000 0.000 0.000 0.000 0.000 0.000 0.000 0.000
6.811 6.619 6.648 7.548 9.533 10.446 10.393 10.064 9.477 8.708 7.697 6.464 5.065 3.865 2.989 2.375 1.899 1.467 1.047 0.661 0.354 0.158 0.061 0.022 0.007 0.003 0.001 0.000 0.000 0.000 0.000 0.000 0.000 0.000 0.000 0.000 0.000 0.000 0.000 0.001 0.001 0.001 0.001 0.001 0.001 0.001 0.001 0.001 0.001 0.001 0.000 0.001 0.001 0.001 0.001 0.001 0.000 0.000 0.000 0.000 0.000 0.000 0.000 0.000 0.000 0.000 0.000 0.000 0.000 0.000 0.000 0.000 0.000 0.000 0.000 0.000 0.000
7.201 7.141 7.579 9.072 10.452 10.748 10.607 10.232 9.630 8.851 7.858 6.652 5.338 4.286 3.506 2.880 2.304 1.734 1.185 0.707 0.355 0.146 0.051 0.016 0.005 0.002 0.001 0.000 0.000 0.000 0.000 0.000 0.000 0.000 0.000 0.000 0.000 0.000 0.000 0.001 0.001 0.001 0.001 0.001 0.001 0.001 0.001 0.001 0.001 0.001 0.001 0.000 0.001 0.001 0.001 0.001 0.000 0.000 0.000 0.000 0.000 0.000 0.000 0.000 0.000 0.000 0.000 0.000 0.000 0.000 0.000 0.000 0.000 0.000 0.000 0.000 0.000
7.657 7.975 9.205 10.494 10.880 10.862 10.672 10.279 9.699 8.938 8.003 6.878 5.677 4.699 3.903 3.200 2.519 1.841 1.214 0.696 0.329 0.122 0.038 0.011 0.004 0.002 0.001 0.000 0.000 0.000 0.000 0.000 0.000 0.000 0.000 0.000 0.000 0.000 0.001 0.001 0.001 0.001 0.000 0.000 0.001 0.001 0.001 0.001 0.001 0.001 0.001 0.001 0.001 0.001 0.001 0.001 0.001 0.000 0.000 0.000 0.000 0.000 0.000 0.000 0.000 0.000 0.000 0.000 0.000 0.000 0.000 0.000 0.000 0.000 0.000 0.000 0.000
8.257 9.358 10.709 11.135 11.103 10.971 10.708 10.282 9.724 9.003 8.148 7.150 6.042 5.064 4.195 3.389 2.598 1.841 1.163 0.619 0.261 0.085 0.025 0.008 0.003 0.002 0.001 0.000 0.000 0.000 0.000 0.000 0.000 0.000 0.000 0.000 0.000 0.000 0.000 0.000 0.000 0.000 0.000 0.000 0.000 0.001 0.000 0.000 0.000 0.000 0.000 0.000 0.001 0.001 0.001 0.001 0.001 0.001 0.000 0.000 0.000 0.000 0.000 0.000 0.000 0.000 0.000 0.000 0.000 0.000 0.000 0.000 0.000 0.000 0.000 0.000 0.000
9.181 10.668 11.452 11.490 11.357 11.116 10.772 10.326 9.776 9.077 8.268 7.352 6.330 5.352 4.414 3.498 2.607 1.763 1.022 0.478 0.175 0.055 0.018 0.007 0.003 0.002 0.001 0.000 0.000 0.000 0.000 0.000 0.000 0.000 0.000 0.000 0.000 0.000 0.000 0.000 0.000 0.000 0.000 0.000 0.000 0.000 0.000 0.000 0.000 0.000 0.000 0.000 0.000 0.000 0.001 0.001 0.001 0.001 0.001 0.001 0.000 0.000 0.000 0.000 0.000 0.000 0.000 0.000 0.000 0.000 0.000 0.000 0.000 0.000 0.000 0.000 0.000
10.603 11.631 11.848 11.789 11.609 11.315 10.930 10.454 9.895 9.197 8.392 7.494 6.528 5.558 4.562 3.548 2.552 1.620 0.858 0.365 0.127 0.042 0.015 0.006 0.003 0.002 0.001 0.000 0.000 0.000 0.000 0.000 0.000 0.000 0.000 0.000 0.000 0.000 0.000 0.001 0.001 0.001 0.000 0.000 0.000 0.000 0.000 0.000 0.001 0.001 0.001 0.000 0.000 0.000 0.000 0.001 0.001 0.001 0.001 0.001 0.001 0.000 0.000 0.000 0.000 0.000 0.000 0.000 0.000 0.000 0.000 0.000 0.000 0.000 0.000 0.000 0.000
11.795 12.087 12.087 12.020 11.867 11.580 11.179 10.682 10.096 9.363 8.535 7.634 6.686 5.704 4.654 3.558 2.468 1.489 0.746 0.303 0.105 0.036 0.013 0.006 0.003 0.001 0.001 0.000 0.000 0.000 0.000 0.000 0.000 0.000 0.000 0.000 0.000 0.000 0.000 0.001 0.001 0.001 0.001 0.000 0.000 0.000 0.000 0.000 0.001 0.001 0.001 0.001 0.001 0.001 0.001 0.001 0.001 0.001 0.001 0.001 0.001 0.001 0.000 0.000 0.000 0.000 0.000 0.000 0.000 0.000 0.000 0.000 0.000 0.000 0.000 0.000 0.000
12.238 12.263 12.240 12.178 12.062 11.844 11.490 10.984 10.364 9.603 8.745 7.812 6.832 5.806 4.703 3.536 2.373 1.376 0.662 0.261 0.091 0.032 0.012 0.005 0.002 0.001 0.001 0.000 0.000 0.000 0.000 0.000 0.000 0.000 0.000 0.000 0.000 0.000 0.000 0.001 0.001 0.001 0.001 0.000 0.000 0.001 0.000 0.000 0.001 0.001 0.001 0.001 0.001 0.001 0.001 0.001 0.001 0.001 0.001 0.001 0.001 0.001 0.001 0.000 0.000 0.000 0.000 0.000 0.000 0.000 0.000 0.000 0.000 0.000 0.000 0.000 0.000
12.341 12.325 12.296 12.272 12.205 12.033 11.725 11.233 10.595 9.811 8.910 7.937 6.909 5.847 4.720 3.493 2.267 1.263 0.584 0.224 0.079 0.028 0.011 0.004 0.002 0.001 0.001 0.000 0.000 0.000 0.000 0.000 0.000 0.000 0.000 0.000 0.000 0.000 0.001 0.001 0.001 0.001 0.000 0.000 0.000 0.000 0.000 0.000 0.001 0.001 0.001 0.001 0.001 0.001 0.001 0.001 0.001 0.001 0.001 0.001 0.001 0.001 0.001 0.001 0.000 0.000 0.000 0.000 0.000 0.000 0.000 0.000 0.000 0.000 0.000 0.000 0.000
12.325 12.324 12.299 12.289 12.247 12.113 11.841 11.377 10.724 9.919 8.980 7.973 6.929 5.858 4.715 3.424 2.144 1.144 0.504 0.187 0.064 0.022 0.008 0.003 0.001 0.001 0.001 0.000 0.000 0.000 0.000 0.000 0.000 0.000 0.000 0.000 0.000 0.000 0.001 0.001 0.001 0.001 0.000 0.000 0.000 0.000 0.000 0.000 0.001 0.001 0.001 0.001 0.001 0.001 0.001 0.001 0.001 0.001 0.001 0.001 0.001 0.001 0.001 0.001 0.001 0.000 0.000 0.000 0.000 0.000 0.000 0.000 0.000 0.000 0.000 0.000 0.000
12.297 12.284 12.272 12.274 12.262 12.145 11.872 11.433 10.777 9.947 8.997 7.964 6.900 5.811 4.625 3.259 1.956 0.987 0.408 0.141 0.045 0.014 0.004 0.002 0.001 0.001 0.001 0.001 0.000 0.000 0.000 0.000 0.000 0.000 0.000 0.000 0.000 0.000 0.001 0.001 0.001 0.001 0.000 0.000 0.000 0.000 0.001 0.000 0.001 0.001 0.001 0.001 0.001 0.001 0.001 0.001 0.001 0.001 0.001 0.001 0.001 0.001 0.001 0.001 0.001 0.001 0.000 0.000 0.000 0.000 0.000 0.000 0.000 0.000 0.000 0.000 0.000
12.187 12.139 12.131 12.145 12.162 12.086 11.866 11.438 10.776 9.928 8.937 7.845 6.721 5.550 4.252 2.837 1.595 0.731 0.264 0.078 0.021 0.006 0.002 0.001 0.001 0.001 0.001 0.001 0.001 0.000 0.000 0.000 0.000 0.000 0.000 0.000 0.000 0.000 0.000 0.000 0.000 0.000 0.000 0.000 0.000 0.000 0.000 0.000 0.000 0.001 0.001 0.001 0.001 0.001 0.001 0.001 0.001 0.001 0.001 0.001 0.001 0.001 0.001 0.001 0.001 0.001 0.001 0.000 0.000 0.000 0.000 0.000 0.000 0.000 0.000 0.000 0.000
