RESULTS/r.avaflow_results/13_results/13_ascii/13_hflow10016.asc
ncols 506
nrows 317
xllcenter 498237.50
yllcenter 5580050.00
cellsize 12.50
NODATA_value -9999.000
[rows 204 to 237 of 317, columns 77 to 153 of 506]
0.081 0.076 0.068 0.058 0.050 0.045 0.044 0.045 0.050 0.069 0.167 0.762 2.528 5.113 7.131 9.073 11.180 13.550 16.038 18.249 20.123 21.923 23.484 24.391 24.973 25.170 24.991 24.883 24.555 24.033 23.430 22.445 21.247 20.050 18.747 17.613 16.771 15.992 15.280 14.714 14.144 13.654 13.120 12.442 11.577 10.621 9.545 8.508 7.490 6.537 5.578 4.621 3.707 2.866 2.126 1.508 1.006 0.612 0.327 0.151 0.061 0.023 0.008 0.002 0.001 0.001 0.000 0.000 0.000 0.000 0.000 0.000 0.001 0.001 0.002 0.008 0.027
0.090 0.082 0.073 0.064 0.059 0.057 0.058 0.062 0.070 0.084 0.150 0.621 2.317 5.078 7.227 9.142 11.216 13.545 15.942 18.019 19.711 21.278 22.651 23.478 24.009 24.262 24.192 24.169 23.793 23.153 22.488 21.431 20.158 18.822 17.324 16.005 14.929 13.921 13.092 12.443 11.860 11.359 10.836 10.260 9.530 8.659 7.641 6.554 5.543 4.615 3.716 2.847 2.053 1.389 0.881 0.519 0.278 0.134 0.059 0.024 0.009 0.003 0.001 0.001 0.000 0.000 0.000 0.000 0.000 0.000 0.000 0.000 0.001 0.002 0.005 0.016 0.045
0.102 0.091 0.082 0.076 0.074 0.075 0.078 0.085 0.094 0.103 0.125 0.391 1.790 4.630 7.142 9.110 11.166 13.392 15.574 17.474 19.023 20.288 21.296 21.951 22.446 22.777 22.706 22.626 22.213 21.546 20.830 19.712 18.546 17.216 15.689 14.244 12.991 11.815 10.805 10.038 9.445 8.986 8.549 8.116 7.553 6.798 5.856 4.756 3.737 2.826 2.019 1.348 0.829 0.465 0.237 0.111 0.049 0.021 0.008 0.003 0.001 0.001 0.000 0.000 0.000 0.000 0.000 0.000 0.000 0.000 0.000 0.000 0.001 0.003 0.009 0.023 0.056
0.129 0.110 0.100 0.097 0.097 0.100 0.104 0.110 0.118 0.124 0.131 0.208 1.085 3.633 6.637 8.825 10.910 13.004 14.983 16.710 18.090 19.033 19.683 20.178 20.531 20.820 20.711 20.489 19.952 19.226 18.569 17.580 16.536 15.339 13.920 12.424 10.967 9.652 8.512 7.651 6.999 6.557 6.236 5.959 5.586 4.981 4.114 3.045 2.104 1.361 0.809 0.434 0.212 0.097 0.042 0.018 0.007 0.003 0.001 0.001 0.001 0.000 0.000 0.000 0.000 0.000 0.000 0.000 0.000 0.000 0.000 0.000 0.001 0.004 0.010 0.025 0.058
0.186 0.152 0.135 0.130 0.129 0.130 0.133 0.137 0.143 0.148 0.153 0.160 0.497 2.273 5.409 8.059 10.300 12.378 14.208 15.738 16.870 17.487 17.841 18.179 18.477 18.681 18.450 17.928 17.164 16.432 15.815 14.971 14.086 13.055 11.798 10.440 8.906 7.431 6.144 5.146 4.408 3.922 3.657 3.524 3.372 3.002 2.349 1.530 0.890 0.463 0.213 0.089 0.037 0.015 0.006 0.002 0.001 0.001 0.001 0.001 0.000 0.000 0.000 0.000 0.000 0.000 0.000 0.000 0.000 0.000 0.000 0.000 0.001 0.004 0.010 0.024 0.053
0.298 0.236 0.201 0.183 0.173 0.168 0.168 0.170 0.174 0.181 0.189 0.202 0.265 1.069 3.533 6.722 9.326 11.490 13.232 14.559 15.369 15.624 15.539 15.625 15.790 15.765 15.480 14.849 13.973 13.170 12.535 11.811 11.085 10.224 9.169 7.968 6.483 4.961 3.742 2.839 2.177 1.747 1.534 1.464 1.426 1.291 0.963 0.534 0.251 0.104 0.040 0.015 0.006 0.002 0.001 0.001 0.001 0.001 0.001 0.000 0.000 0.000 0.000 0.000 0.000 0.000 0.000 0.000 0.000 0.000 0.000 0.000 0.001 0.003 0.008 0.018 0.036
0.490 0.390 0.317 0.274 0.245 0.226 0.218 0.217 0.221 0.230 0.244 0.264 0.290 0.482 1.703 4.593 7.895 10.374 12.041 12.960 13.273 12.990 12.158 11.558 11.338 11.201 11.033 10.676 10.142 9.428 8.746 8.029 7.313 6.560 5.730 4.787 3.670 2.591 1.773 1.168 0.749 0.502 0.394 0.371 0.371 0.349 0.252 0.120 0.049 0.018 0.006 0.002 0.001 0.001 0.001 0.001 0.001 0.001 0.001 0.001 0.000 0.000 0.000 0.000 0.000 0.000 0.000 0.000 0.000 0.000 0.000 0.000 0.001 0.002 0.004 0.008 0.015
0.773 0.646 0.520 0.434 0.371 0.326 0.300 0.293 0.294 0.303 0.320 0.344 0.376 0.405 0.717 2.183 5.161 8.061 9.636 10.067 9.875 9.308 8.416 7.442 6.619 6.113 5.869 5.740 5.562 5.198 4.722 4.149 3.540 2.986 2.486 2.008 1.476 0.962 0.579 0.324 0.172 0.097 0.070 0.066 0.068 0.067 0.050 0.022 0.008 0.003 0.001 0.001 0.001 0.001 0.001 0.001 0.001 0.001 0.001 0.001 0.000 0.000 0.000 0.000 0.000 0.000 0.000 0.000 0.000 0.000 0.000 0.000 0.000 0.001 0.001 0.002 0.004
1.150 1.021 0.849 0.705 0.590 0.498 0.437 0.410 0.406 0.412 0.427 0.449 0.476 0.503 0.548 0.931 2.250 4.260 5.808 6.689 7.059 7.016 6.668 5.874 4.680 3.654 3.065 2.742 2.512 2.283 1.993 1.619 1.232 0.929 0.708 0.538 0.380 0.237 0.135 0.072 0.036 0.017 0.011 0.010 0.010 0.010 0.008 0.004 0.001 0.001 0.001 0.000 0.000 0.001 0.001 0.001 0.001 0.001 0.001 0.001 0.000 0.000 0.000 0.000 0.000 0.000 0.000 0.000 0.000 0.000 0.000 0.000 0.000 0.000 0.001 0.001 0.001
1.631 1.515 1.330 1.129 0.948 0.782 0.661 0.596 0.574 0.570 0.578 0.591 0.604 0.617 0.647 0.775 1.279 2.421 3.982 5.336 6.227 6.568 6.495 5.836 4.475 3.126 2.252 1.679 1.285 1.003 0.771 0.544 0.356 0.233 0.161 0.114 0.078 0.050 0.030 0.016 0.008 0.003 0.002 0.001 0.001 0.001 0.001 0.001 0.001 0.000 0.000 0.000 0.000 0.000 0.001 0.001 0.001 0.001 0.001 0.001 0.000 0.000 0.000 0.000 0.000 0.000 0.000 0.000 0.000 0.000 0.000 0.000 0.000 0.000 0.000 0.000 0.001
2.222 2.124 1.951 1.724 1.484 1.229 1.018 0.890 0.826 0.796 0.782 0.774 0.769 0.770 0.795 0.915 1.302 2.234 3.864 5.392 6.373 6.862 6.809 5.949 4.374 2.858 1.814 1.140 0.732 0.489 0.329 0.204 0.117 0.066 0.040 0.026 0.017 0.011 0.007 0.004 0.003 0.002 0.001 0.001 0.001 0.001 0.000 0.000 0.000 0.000 0.000 0.000 0.000 0.000 0.001 0.001 0.001 0.001 0.001 0.000 0.000 0.000 0.000 0.000 0.000 0.000 0.000 0.000 0.000 0.000 0.000 0.000 0.000 0.000 0.000 0.000 0.000
2.927 2.847 2.692 2.469 2.203 1.873 1.549 1.331 1.203 1.122 1.064 1.020 0.996 0.991 1.031 1.231 1.841 3.200 4.984 6.359 6.814 6.680 5.981 4.649 3.079 1.817 0.984 0.510 0.283 0.177 0.113 0.066 0.035 0.018 0.010 0.006 0.003 0.002 0.001 0.001 0.002 0.002 0.001 0.001 0.001 0.000 0.000 0.000 0.000 0.000 0.000 0.000 0.000 0.001 0.001 0.001 0.001 0.001 0.001 0.000 0.000 0.000 0.000 0.000 0.000 0.000 0.000 0.000 0.000 0.000 0.000 0.000 0.000 0.000 0.000 0.000 0.000
3.738 3.677 3.539 3.322 3.046 2.667 2.237 1.925 1.724 1.580 1.467 1.386 1.347 1.349 1.474 1.969 3.379 5.263 6.209 6.517 6.092 4.378 2.516 1.425 0.835 0.447 0.221 0.113 0.066 0.043 0.028 0.016 0.009 0.005 0.002 0.001 0.001 0.001 0.002 0.002 0.002 0.002 0.001 0.001 0.001 0.000 0.000 0.000 0.000 0.000 0.000 0.000 0.000 0.001 0.001 0.001 0.001 0.001 0.001 0.000 0.000 0.000 0.000 0.000 0.000 0.000 0.000 0.000 0.000 0.000 0.000 0.000 0.000 0.000 0.000 0.000 0.000
4.652 4.608 4.484 4.264 3.957 3.538 3.032 2.636 2.366 2.179 2.049 1.975 1.953 2.063 2.535 3.730 5.299 6.208 6.209 5.232 3.327 1.620 0.819 0.491 0.296 0.164 0.085 0.045 0.025 0.016 0.011 0.007 0.004 0.003 0.001 0.001 0.001 0.001 0.000 0.000 0.001 0.001 0.001 0.001 0.001 0.000 0.000 0.000 0.000 0.000 0.000 0.000 0.000 0.001 0.001 0.001 0.001 0.001 0.000 0.000 0.000 0.000 0.000 0.000 0.000 0.000 0.000 0.000 0.000 0.000 0.000 0.000 0.000 0.000 0.000 0.000 0.000
5.647 5.606 5.472 5.227 4.873 4.421 3.893 3.449 3.150 2.981 2.909 2.979 3.214 3.773 4.943 5.995 6.357 5.954 4.822 3.063 1.572 0.906 0.593 0.387 0.234 0.127 0.064 0.033 0.019 0.012 0.008 0.006 0.004 0.002 0.001 0.001 0.001 0.001 0.001 0.001 0.001 0.001 0.001 0.001 0.001 0.001 0.000 0.001 0.000 0.000 0.000 0.000 0.000 0.001 0.001 0.001 0.001 0.001 0.000 0.000 0.000 0.000 0.000 0.000 0.000 0.000 0.000 0.000 0.000 0.000 0.000 0.000 0.000 0.000 0.000 0.000 0.000
6.615 6.561 6.412 6.142 5.762 5.300 4.816 4.422 4.198 4.182 4.447 5.009 5.834 6.523 7.004 6.889 6.243 4.935 3.254 1.887 1.157 0.793 0.558 0.370 0.216 0.112 0.055 0.028 0.016 0.011 0.007 0.005 0.003 0.002 0.001 0.001 0.001 0.001 0.001 0.001 0.000 0.001 0.001 0.001 0.001 0.001 0.000 0.000 0.001 0.000 0.000 0.000 0.000 0.001 0.001 0.001 0.001 0.001 0.000 0.000 0.000 0.000 0.000 0.000 0.000 0.000 0.000 0.000 0.000 0.000 0.000 0.000 0.000 0.000 0.000 0.000 0.000
7.531 7.473 7.297 6.978 6.606 6.231 5.908 5.763 5.919 6.409 7.380 8.157 8.436 8.146 7.517 6.640 5.417 3.854 2.468 1.576 1.082 0.779 0.556 0.364 0.205 0.101 0.049 0.025 0.015 0.010 0.007 0.005 0.003 0.002 0.001 0.001 0.001 0.001 0.001 0.001 0.001 0.001 0.002 0.001 0.001 0.001 0.001 0.000 0.000 0.001 0.000 0.000 0.000 0.000 0.001 0.001 0.001 0.001 0.000 0.000 0.000 0.000 0.000 0.000 0.000 0.000 0.000 0.000 0.000 0.000 0.000 0.000 0.000 0.000 0.000 0.000 0.000
8.409 8.348 8.153 7.803 7.499 7.392 7.546 8.028 8.978 9.803 10.302 10.250 9.646 8.590 7.377 6.007 4.568 3.248 2.226 1.538 1.090 0.792 0.563 0.360 0.194 0.092 0.044 0.023 0.014 0.010 0.007 0.004 0.002 0.001 0.001 0.001 0.001 0.000 0.001 0.001 0.001 0.001 0.001 0.001 0.001 0.001 0.001 0.000 0.000 0.000 0.001 0.001 0.000 0.000 0.000 0.001 0.001 0.001 0.000 0.000 0.000 0.000 0.000 0.000 0.000 0.000 0.000 0.000 0.000 0.000 0.000 0.000 0.000 0.000 0.000 0.000 0.000
9.259 9.197 8.986 8.665 8.478 8.822 10.226 11.410 12.096 12.294 12.025 11.319 10.218 8.757 7.128 5.552 4.202 3.081 2.220 1.599 1.157 0.839 0.584 0.357 0.183 0.085 0.041 0.022 0.014 0.009 0.006 0.004 0.002 0.001 0.001 0.001 0.001 0.000 0.001 0.001 0.001 0.001 0.001 0.001 0.001 0.001 0.001 0.000 0.000 0.000 0.000 0.000 0.000 0.000 0.000 0.000 0.001 0.001 0.000 0.000 0.000 0.000 0.000 0.000 0.000 0.000 0.000 0.000 0.000 0.000 0.000 0.000 0.000 0.000 0.000 0.000 0.000
10.103 10.035 9.847 9.673 9.723 10.720 12.801 13.830 13.948 13.730 13.158 12.042 10.541 8.755 6.945 5.388 4.141 3.131 2.367 1.790 1.315 0.928 0.607 0.346 0.170 0.078 0.038 0.021 0.013 0.009 0.006 0.003 0.002 0.001 0.001 0.000 0.000 0.001 0.001 0.001 0.001 0.001 0.001 0.001 0.001 0.001 0.001 0.001 0.000 0.000 0.000 0.000 0.000 0.000 0.000 0.000 0.000 0.001 0.000 0.000 0.000 0.000 0.000 0.000 0.000 0.000 0.000 0.000 0.000 0.000 0.000 0.000 0.000 0.000 0.000 0.000 0.000
10.929 10.823 10.692 10.815 11.653 13.450 14.876 15.207 15.180 14.700 13.877 12.506 10.744 8.744 6.907 5.410 4.279 3.418 2.738 2.152 1.579 1.043 0.616 0.324 0.154 0.071 0.036 0.021 0.013 0.009 0.005 0.003 0.001 0.001 0.000 0.000 0.000 0.000 0.001 0.001 0.001 0.001 0.001 0.001 0.001 0.001 0.001 0.001 0.000 0.000 0.000 0.001 0.001 0.001 0.001 0.000 0.000 0.001 0.000 0.000 0.000 0.000 0.000 0.000 0.000 0.000 0.000 0.000 0.000 0.000 0.000 0.000 0.000 0.000 0.000 0.000 0.000
11.761 11.639 11.549 12.127 14.186 15.857 16.269 16.203 15.986 15.250 14.180 12.714 10.886 8.836 7.056 5.713 4.745 4.005 3.346 2.656 1.846 1.111 0.597 0.292 0.133 0.063 0.033 0.020 0.013 0.008 0.005 0.002 0.001 0.000 0.000 0.000 0.000 0.000 0.001 0.001 0.001 0.001 0.001 0.001 0.001 0.001 0.001 0.001 0.001 0.000 0.000 0.001 0.001 0.001 0.001 0.001 0.000 0.000 0.000 0.000 0.000 0.000 0.000 0.000 0.000 0.000 0.000 0.000 0.000 0.000 0.000 0.000 0.000 0.000 0.000 0.000 0.000
12.546 12.444 12.490 13.605 16.012 17.011 16.996 16.830 16.357 15.436 14.220 12.750 10.947 9.089 7.545 6.437 5.575 4.800 3.981 3.029 1.971 1.113 0.557 0.253 0.112 0.054 0.031 0.019 0.012 0.008 0.004 0.002 0.001 0.000 0.000 0.000 0.000 0.000 0.001 0.001 0.001 0.001 0.001 0.001 0.001 0.001 0.001 0.001 0.001 0.001 0.000 0.001 0.001 0.001 0.001 0.001 0.000 0.000 0.000 0.000 0.000 0.000 0.000 0.000 0.000 0.000 0.000 0.000 0.000 0.000 0.000 0.000 0.000 0.000 0.000 0.000 0.000
13.279 13.295 13.855 15.632 17.250 17.604 17.542 17.243 16.554 15.501 14.267 12.771 11.023 9.480 8.226 7.237 6.312 5.370 4.326 3.145 1.981 1.073 0.501 0.213 0.095 0.050 0.030 0.019 0.012 0.007 0.004 0.002 0.001 0.000 0.000 0.000 0.000 0.000 0.001 0.001 0.001 0.001 0.001 0.001 0.001 0.001 0.001 0.001 0.001 0.001 0.001 0.000 0.001 0.001 0.001 0.001 0.000 0.000 0.000 0.000 0.000 0.000 0.000 0.000 0.000 0.000 0.000 0.000 0.000 0.000 0.000 0.000 0.000 0.000 0.000 0.000 0.000
14.017 14.463 15.867 17.397 17.956 17.938 17.780 17.315 16.470 15.390 14.266 12.848 11.213 9.852 8.712 7.710 6.698 5.602 4.385 3.087 1.891 0.973 0.428 0.178 0.085 0.049 0.031 0.020 0.012 0.007 0.003 0.001 0.001 0.000 0.000 0.000 0.000 0.000 0.000 0.001 0.001 0.001 0.001 0.001 0.001 0.001 0.001 0.001 0.001 0.001 0.001 0.001 0.001 0.001 0.001 0.001 0.001 0.000 0.000 0.000 0.000 0.000 0.000 0.000 0.000 0.000 0.000 0.000 0.000 0.000 0.000 0.000 0.000 0.000 0.000 0.000 0.000
14.906 16.357 17.758 18.234 18.272 18.110 17.733 17.132 16.207 15.198 14.236 13.028 11.562 10.233 9.075 7.984 6.853 5.618 4.247 2.850 1.645 0.792 0.335 0.148 0.081 0.050 0.033 0.021 0.012 0.006 0.003 0.001 0.000 0.000 0.000 0.000 0.000 0.000 0.000 0.001 0.001 0.001 0.001 0.000 0.000 0.001 0.000 0.000 0.000 0.000 0.000 0.000 0.001 0.001 0.001 0.001 0.001 0.001 0.000 0.000 0.000 0.000 0.000 0.000 0.000 0.000 0.000 0.000 0.000 0.000 0.000 0.000 0.000 0.000 0.000 0.000 0.000
16.189 18.013 18.792 18.767 18.658 18.354 17.790 17.102 16.171 15.199 14.267 13.139 11.852 10.606 9.388 8.180 6.891 5.471 3.877 2.392 1.259 0.583 0.264 0.136 0.082 0.053 0.035 0.021 0.012 0.006 0.002 0.001 0.000 0.000 0.000 0.000 0.000 0.000 0.001 0.001 0.001 0.001 0.001 0.000 0.000 0.000 0.000 0.000 0.000 0.000 0.000 0.000 0.000 0.000 0.001 0.001 0.001 0.001 0.001 0.001 0.000 0.000 0.000 0.000 0.000 0.000 0.000 0.000 0.000 0.000 0.000 0.000 0.000 0.000 0.000 0.000 0.000
18.094 19.224 19.438 19.207 18.973 18.498 17.836 17.138 16.227 15.243 14.271 13.175 12.029 10.910 9.668 8.346 6.860 5.186 3.428 1.974 0.998 0.477 0.238 0.135 0.085 0.056 0.036 0.021 0.011 0.005 0.002 0.001 0.000 0.000 0.000 0.000 0.000 0.000 0.001 0.001 0.001 0.001 0.001 0.000 0.000 0.000 0.000 0.000 0.001 0.001 0.001 0.000 0.000 0.000 0.000 0.001 0.001 0.001 0.001 0.001 0.001 0.000 0.000 0.000 0.000 0.000 0.000 0.000 0.000 0.000 0.000 0.000 0.000 0.000 0.000 0.000 0.000
19.617 19.915 19.877 19.675 19.374 18.711 17.942 17.247 16.344 15.323 14.294 13.231 12.167 11.137 9.908 8.482 6.807 4.927 3.128 1.752 0.895 0.448 0.237 0.139 0.088 0.057 0.035 0.019 0.009 0.004 0.001 0.000 0.000 0.000 0.000 0.000 0.000 0.000 0.001 0.001 0.001 0.001 0.001 0.000 0.000 0.000 0.000 0.000 0.001 0.001 0.001 0.001 0.001 0.001 0.001 0.001 0.001 0.001 0.001 0.001 0.001 0.001 0.000 0.000 0.000 0.000 0.000 0.000 0.000 0.000 0.000 0.000 0.000 0.000 0.000 0.000 0.000
20.279 20.327 20.308 20.176 19.964 19.371 18.492 17.620 16.621 15.511 14.431 13.394 12.395 11.352 10.073 8.537 6.711 4.695 2.917 1.640 0.864 0.448 0.245 0.144 0.089 0.055 0.031 0.015 0.006 0.002 0.001 0.000 0.000 0.000 0.000 0.000 0.000 0.000 0.001 0.001 0.001 0.001 0.001 0.000 0.000 0.001 0.000 0.000 0.001 0.001 0.001 0.001 0.001 0.001 0.001 0.001 0.001 0.001 0.001 0.001 0.001 0.001 0.001 0.000 0.000 0.000 0.000 0.000 0.000 0.000 0.000 0.000 0.000 0.000 0.000 0.000 0.000
20.430 20.511 20.498 20.395 20.289 19.897 19.149 18.184 17.008 15.756 14.690 13.643 12.593 11.441 10.106 8.487 6.543 4.469 2.756 1.568 0.847 0.453 0.250 0.144 0.084 0.047 0.024 0.010 0.004 0.001 0.000 0.000 0.000 0.000 0.000 0.000 0.000 0.000 0.001 0.001 0.001 0.001 0.001 0.000 0.000 0.000 0.000 0.000 0.001 0.001 0.001 0.001 0.001 0.001 0.001 0.001 0.001 0.001 0.001 0.001 0.001 0.001 0.001 0.001 0.000 0.000 0.000 0.000 0.000 0.000 0.000 0.000 0.000 0.000 0.000 0.000 0.000
20.377 20.442 20.421 20.376 20.396 20.104 19.510 18.657 17.422 16.052 14.863 13.712 12.594 11.409 9.998 8.296 6.275 4.236 2.611 1.496 0.819 0.445 0.245 0.135 0.072 0.035 0.015 0.006 0.002 0.001 0.000 0.000 0.000 0.000 0.000 0.000 0.000 0.000 0.001 0.001 0.001 0.001 0.001 0.000 0.000 0.000 0.000 0.000 0.001 0.001 0.001 0.001 0.001 0.001 0.001 0.001 0.001 0.001 0.001 0.001 0.001 0.001 0.001 0.001 0.001 0.000 0.000 0.000 0.000 0.000 0.000 0.000 0.000 0.000 0.000 0.000 0.000
20.356 20.392 20.382 20.334 20.347 20.081 19.588 18.878 17.755 16.329 14.953 13.726 12.516 11.253 9.715 7.912 5.844 3.921 2.410 1.372 0.743 0.400 0.215 0.112 0.053 0.022 0.008 0.003 0.001 0.001 0.000 0.000 0.000 0.000 0.000 0.000 0.000 0.000 0.001 0.001 0.001 0.001 0.001 0.000 0.000 0.000 0.001 0.000 0.001 0.001 0.001 0.001 0.001 0.001 0.001 0.001 0.001 0.001 0.001 0.001 0.001 0.001 0.001 0.001 0.001 0.001 0.000 0.000 0.000 0.000 0.000 0.000 0.000 0.000 0.000 0.000 0.000
20.120 20.077 20.057 20.028 20.126 19.974 19.615 18.947 17.861 16.442 14.976 13.574 12.195 10.774 9.097 7.197 5.195 3.437 2.064 1.132 0.582 0.294 0.146 0.068 0.029 0.011 0.004 0.001 0.001 0.000 0.000 0.000 0.000 0.000 0.000 0.000 0.000 0.000 0.001 0.001 0.001 0.001 0.001 0.000 0.000 0.000 0.000 0.000 0.000 0.001 0.001 0.001 0.001 0.001 0.001 0.001 0.001 0.001 0.001 0.001 0.001 0.001 0.001 0.001 0.001 0.001 0.001 0.000 0.000 0.000 0.000 0.000 0.000 0.000 0.000 0.000 0.000
