RESULTS/r.avaflow_results/13_results/13_ascii/13_hflow10036.asc
ncols 506
nrows 317
xllcenter 498237.50
yllcenter 5580050.00
cellsize 12.50
NODATA_value -9999.000
[rows 170 to 203 of 317, columns 77 to 153 of 506]
0.000 0.000 0.001 0.002 0.005 0.010 0.019 0.028 0.035 0.040 0.044 0.052 0.075 0.130 0.234 0.396 0.609 0.858 1.137 1.443 1.771 2.119 2.490 2.905 3.372 3.803 4.170 4.514 4.871 5.244 5.663 6.147 6.724 7.401 8.189 9.103 10.126 11.244 12.406 13.523 14.582 15.608 16.718 17.930 19.187 20.434 21.747 22.923 24.198 25.393 26.532 28.041 29.550 31.066 32.367 32.754 32.878 33.433 33.921 34.466 35.048 35.256 35.298 35.227 34.554 33.736 32.699 30.980 29.213 27.298 25.054 22.794 20.685 18.670 16.762 15.017 13.316
0.001 0.002 0.004 0.009 0.017 0.030 0.048 0.067 0.083 0.099 0.122 0.164 0.248 0.395 0.606 0.865 1.158 1.477 1.823 2.193 2.584 2.994 3.429 3.882 4.363 4.820 5.215 5.599 5.987 6.392 6.844 7.373 7.995 8.747 9.656 10.697 11.843 13.109 14.416 15.615 16.714 17.821 18.949 20.192 21.408 22.592 23.869 25.149 26.719 28.159 29.232 30.533 31.727 32.790 33.832 34.302 34.502 35.189 35.645 36.023 36.616 36.640 36.412 36.116 35.272 34.187 33.039 31.388 29.665 27.879 25.833 23.778 21.766 19.845 17.980 16.280 14.648
0.003 0.006 0.013 0.024 0.040 0.064 0.092 0.124 0.158 0.201 0.266 0.376 0.554 0.803 1.097 1.417 1.772 2.170 2.611 3.079 3.562 4.049 4.540 5.016 5.485 5.934 6.345 6.758 7.176 7.614 8.107 8.687 9.365 10.156 11.086 12.165 13.383 14.732 16.153 17.505 18.767 19.933 21.032 22.344 23.571 24.723 25.944 27.067 28.773 30.631 31.702 32.573 33.327 33.886 34.474 34.956 35.423 36.173 36.691 36.964 37.449 37.282 36.918 36.536 35.685 34.608 33.409 31.866 30.281 28.571 26.680 24.732 22.664 20.750 18.928 17.257 15.686
0.006 0.013 0.023 0.040 0.063 0.094 0.135 0.187 0.252 0.338 0.457 0.628 0.867 1.172 1.534 1.955 2.434 2.972 3.557 4.144 4.720 5.276 5.813 6.291 6.728 7.153 7.574 8.000 8.429 8.899 9.426 10.019 10.696 11.483 12.424 13.521 14.757 16.152 17.635 19.148 20.532 21.832 23.056 24.371 25.560 26.633 27.921 29.056 30.370 32.084 33.324 34.253 34.804 34.878 34.933 35.381 35.929 36.730 37.304 37.528 37.880 37.628 37.276 36.787 35.831 34.792 33.663 32.369 30.979 29.489 27.592 25.525 23.406 21.411 19.567 17.967 16.453
0.008 0.017 0.029 0.049 0.076 0.113 0.164 0.232 0.324 0.445 0.606 0.823 1.110 1.479 1.931 2.470 3.102 3.828 4.619 5.371 6.050 6.670 7.227 7.693 8.102 8.500 8.905 9.327 9.758 10.225 10.728 11.277 11.911 12.674 13.610 14.693 15.886 17.305 18.883 20.524 22.088 23.532 24.727 25.994 27.116 28.138 29.507 30.587 31.405 32.716 34.110 35.097 35.358 35.210 34.912 35.180 35.601 36.256 36.887 37.090 37.381 37.150 36.905 36.455 35.633 34.833 34.005 32.848 31.423 29.915 28.001 25.876 23.802 21.803 19.996 18.414 16.892
0.009 0.018 0.033 0.054 0.084 0.125 0.181 0.260 0.369 0.517 0.714 0.976 1.318 1.756 2.297 2.942 3.695 4.561 5.540 6.511 7.364 8.093 8.679 9.150 9.552 9.928 10.302 10.689 11.100 11.519 11.976 12.495 13.093 13.790 14.643 15.718 16.954 18.323 19.915 21.601 23.350 24.923 26.285 27.528 28.637 29.608 30.883 31.683 32.562 33.468 34.153 35.234 35.473 35.371 35.111 35.133 35.270 35.618 36.452 36.710 36.991 36.824 36.580 36.337 35.701 34.946 34.190 32.999 31.533 30.043 28.137 25.999 23.902 21.923 20.190 18.558 17.063
0.010 0.019 0.034 0.056 0.087 0.130 0.189 0.272 0.391 0.558 0.787 1.092 1.490 1.996 2.621 3.356 4.200 5.160 6.253 7.416 8.456 9.322 9.991 10.513 10.923 11.286 11.631 11.989 12.365 12.735 13.161 13.615 14.132 14.761 15.566 16.549 17.710 19.073 20.657 22.328 24.139 25.844 27.510 28.791 29.922 30.944 32.101 32.566 33.415 34.195 34.571 35.330 35.341 35.444 35.390 35.073 34.962 35.181 36.082 36.521 36.842 36.722 36.466 36.288 35.747 35.088 34.286 33.003 31.545 29.954 27.972 25.901 23.803 21.868 20.204 18.566 17.115
0.010 0.019 0.035 0.057 0.089 0.131 0.190 0.274 0.397 0.576 0.830 1.178 1.632 2.205 2.898 3.701 4.608 5.623 6.772 8.056 9.287 10.316 11.124 11.739 12.206 12.589 12.929 13.259 13.597 13.920 14.281 14.647 15.115 15.676 16.422 17.348 18.410 19.755 21.283 22.925 24.776 26.561 28.214 29.546 30.645 31.663 32.501 32.903 33.719 34.224 34.281 34.777 34.563 34.563 35.016 34.979 34.868 34.875 35.609 36.091 36.297 36.313 36.020 35.782 35.410 34.632 33.737 32.409 30.958 29.311 27.273 25.312 23.396 21.642 20.093 18.520 17.073
0.008 0.018 0.033 0.057 0.089 0.130 0.188 0.271 0.394 0.576 0.847 1.235 1.747 2.381 3.127 3.973 4.915 5.957 7.121 8.439 9.838 11.076 12.072 12.821 13.366 13.780 14.119 14.429 14.739 15.011 15.320 15.605 15.971 16.446 17.093 17.895 18.903 20.139 21.602 23.321 25.214 27.135 28.905 30.253 31.310 32.343 33.002 33.375 34.068 34.343 34.536 34.987 34.670 34.396 34.685 34.626 34.568 34.872 35.514 35.832 35.919 35.986 35.721 35.290 34.930 34.049 33.051 31.789 30.255 28.539 26.496 24.586 22.777 21.137 19.692 18.326 16.932
0.006 0.013 0.029 0.053 0.085 0.124 0.179 0.257 0.374 0.556 0.838 1.255 1.825 2.518 3.300 4.165 5.118 6.154 7.315 8.636 10.122 11.593 12.794 13.740 14.417 14.906 15.278 15.560 15.820 16.046 16.298 16.538 16.839 17.191 17.731 18.415 19.365 20.477 21.814 23.489 25.441 27.516 29.422 30.794 31.811 32.791 33.370 33.879 34.495 34.555 34.640 34.916 34.628 34.364 34.455 34.294 34.385 35.102 35.370 35.516 35.529 35.385 35.122 34.637 34.112 33.173 32.080 30.745 29.165 27.382 25.392 23.677 22.057 20.587 19.229 17.953 16.671
0.003 0.008 0.021 0.044 0.074 0.110 0.156 0.221 0.320 0.485 0.769 1.217 1.834 2.585 3.411 4.285 5.230 6.251 7.401 8.721 10.228 11.849 13.303 14.475 15.312 15.921 16.348 16.655 16.882 17.047 17.231 17.428 17.600 17.829 18.181 18.721 19.558 20.626 21.991 23.565 25.458 27.510 29.505 30.993 31.983 32.811 33.198 33.602 34.231 34.387 34.396 34.615 34.324 34.165 34.182 33.723 33.419 34.324 34.806 34.935 34.837 34.487 34.141 33.679 32.894 31.852 30.733 29.281 27.676 25.873 24.094 22.548 21.161 19.848 18.602 17.405 16.221
0.001 0.004 0.013 0.030 0.054 0.083 0.115 0.157 0.224 0.349 0.599 1.045 1.710 2.534 3.429 4.328 5.254 6.262 7.399 8.695 10.196 11.941 13.646 15.036 16.046 16.811 17.332 17.660 17.884 18.016 18.141 18.236 18.317 18.492 18.744 19.185 19.841 20.801 22.058 23.636 25.517 27.554 29.606 31.085 32.093 33.017 33.355 33.521 34.186 34.361 34.272 34.616 34.470 34.195 34.134 33.692 33.300 33.753 34.064 34.474 34.378 33.919 33.312 32.681 31.755 30.633 29.432 27.898 26.287 24.581 22.947 21.497 20.212 18.984 17.817 16.699 15.601
0.001 0.002 0.007 0.018 0.034 0.053 0.072 0.096 0.133 0.206 0.370 0.728 1.365 2.235 3.243 4.248 5.202 6.196 7.328 8.627 10.141 11.909 13.800 15.428 16.635 17.560 18.202 18.591 18.853 18.919 19.009 19.055 19.077 19.170 19.311 19.635 20.118 20.967 22.026 23.667 25.549 27.618 29.700 31.180 32.318 33.185 33.405 33.565 34.088 34.156 34.230 34.605 34.445 34.303 34.191 33.624 33.115 33.221 33.293 33.795 34.018 33.482 32.631 31.773 30.742 29.570 28.370 26.828 25.159 23.493 21.895 20.511 19.244 18.056 16.939 15.875 14.843
0.000 0.001 0.003 0.010 0.020 0.032 0.045 0.060 0.084 0.130 0.228 0.455 0.925 1.697 2.726 3.847 4.911 5.963 7.112 8.420 9.968 11.815 13.882 15.651 17.046 18.179 18.958 19.419 19.700 19.812 19.858 19.825 19.770 19.790 19.833 20.070 20.406 21.101 22.011 23.525 25.254 27.375 29.456 30.858 31.947 32.767 32.978 33.151 33.525 33.491 33.581 33.938 33.843 33.758 33.749 33.371 32.878 32.603 32.344 32.303 33.003 32.610 31.854 31.068 29.926 28.689 27.396 25.841 24.130 22.408 20.825 19.469 18.245 17.053 15.981 14.948 13.958
0.000 0.000 0.001 0.005 0.011 0.019 0.029 0.042 0.063 0.103 0.180 0.336 0.662 1.250 2.110 3.182 4.333 5.495 6.719 8.081 9.699 11.642 13.821 15.804 17.406 18.636 19.535 20.184 20.503 20.692 20.720 20.691 20.615 20.593 20.528 20.627 20.925 21.449 22.243 23.639 25.269 27.336 29.462 30.747 31.645 32.580 32.859 32.913 33.263 33.228 33.175 33.397 33.280 33.190 33.334 33.166 32.886 32.561 31.932 31.512 32.149 31.886 31.385 30.684 29.561 28.269 26.796 25.185 23.337 21.546 19.928 18.510 17.277 16.093 15.031 14.003 13.037
0.000 0.000 0.001 0.002 0.005 0.010 0.018 0.031 0.053 0.097 0.176 0.317 0.575 1.037 1.756 2.718 3.844 5.061 6.368 7.803 9.446 11.399 13.665 15.725 17.406 18.842 19.936 20.731 21.192 21.483 21.590 21.594 21.532 21.472 21.398 21.404 21.633 22.014 22.685 23.825 25.356 27.269 29.307 30.518 31.356 32.253 32.576 32.688 32.975 32.786 32.570 32.676 32.667 32.598 32.816 32.652 32.556 32.316 31.722 31.130 31.163 31.054 30.825 30.118 29.000 27.757 26.264 24.518 22.592 20.761 19.065 17.551 16.279 15.146 14.101 13.065 12.107
0.000 0.000 0.000 0.001 0.002 0.005 0.011 0.022 0.047 0.096 0.185 0.332 0.577 0.989 1.628 2.509 3.592 4.828 6.189 7.673 9.327 11.222 13.439 15.591 17.434 18.933 20.140 21.120 21.840 22.254 22.427 22.535 22.473 22.401 22.413 22.369 22.540 22.794 23.311 24.265 25.394 26.920 28.689 29.874 30.708 31.478 31.792 31.912 32.156 31.885 31.569 31.473 31.335 31.250 31.697 31.630 31.687 31.687 31.315 30.705 30.461 30.326 30.187 29.655 28.542 27.194 25.684 23.882 21.909 20.010 18.270 16.685 15.350 14.225 13.185 12.178 11.202
0.000 0.000 0.000 0.000 0.001 0.002 0.006 0.017 0.043 0.100 0.205 0.374 0.631 1.031 1.637 2.476 3.529 4.753 6.127 7.634 9.259 11.055 13.152 15.374 17.354 18.915 20.212 21.370 22.283 22.897 23.179 23.391 23.443 23.455 23.531 23.572 23.794 24.031 24.431 25.234 25.906 26.987 28.434 29.500 30.166 30.867 31.082 31.056 31.317 31.070 30.739 30.462 30.207 30.130 30.640 30.727 30.821 31.012 30.773 30.394 30.036 29.563 29.265 28.902 27.926 26.616 25.094 23.242 21.231 19.279 17.480 15.889 14.489 13.289 12.242 11.263 10.229
0.000 0.000 0.000 0.000 0.000 0.001 0.004 0.013 0.040 0.108 0.241 0.451 0.755 1.179 1.769 2.562 3.569 4.773 6.149 7.659 9.273 10.975 12.847 14.930 17.007 18.822 20.256 21.553 22.481 23.250 23.801 24.146 24.297 24.403 24.585 24.679 24.912 25.228 25.570 26.156 26.577 27.253 28.254 29.119 29.805 30.367 30.456 30.433 30.684 30.479 30.146 29.696 29.417 29.188 29.487 29.655 29.853 30.070 29.885 29.616 29.180 28.485 27.956 27.857 27.144 25.788 24.269 22.453 20.537 18.556 16.714 15.098 13.621 12.329 11.150 10.036 8.888
0.000 0.000 0.000 0.000 0.000 0.000 0.002 0.011 0.040 0.124 0.297 0.576 0.961 1.445 2.048 2.807 3.752 4.901 6.241 7.730 9.326 10.998 12.719 14.581 16.585 18.531 20.108 21.557 22.616 23.579 24.297 24.730 24.957 25.136 25.261 25.342 25.645 25.880 26.137 26.699 26.978 27.330 28.003 28.554 29.175 29.647 29.631 29.618 29.881 29.735 29.520 29.146 28.659 28.291 28.435 28.442 28.485 28.680 28.549 28.352 28.019 27.271 26.562 26.258 25.773 24.593 23.195 21.495 19.704 17.727 15.910 14.265 12.710 11.278 9.865 8.517 7.252
0.000 0.000 0.000 0.000 0.000 0.000 0.002 0.009 0.040 0.144 0.381 0.767 1.266 1.830 2.468 3.220 4.128 5.215 6.493 7.931 9.490 11.102 12.693 14.407 16.249 18.142 19.844 21.374 22.647 23.667 24.449 25.052 25.416 25.718 25.813 25.826 26.147 26.325 26.486 26.989 27.256 27.458 28.016 28.453 28.889 29.374 29.357 29.327 29.539 29.424 29.267 29.040 28.458 27.966 27.908 27.652 27.437 27.544 27.307 26.997 26.721 25.918 25.058 24.422 23.852 22.880 21.647 20.148 18.521 16.745 15.023 13.368 11.698 10.047 8.431 6.891 5.496
0.000 0.000 0.000 0.000 0.000 0.000 0.001 0.007 0.036 0.160 0.490 1.044 1.701 2.348 3.033 3.806 4.696 5.740 6.954 8.336 9.827 11.325 12.781 14.315 16.039 17.824 19.470 20.937 22.350 23.502 24.535 25.196 25.656 26.065 26.188 26.168 26.442 26.606 26.804 27.230 27.407 27.512 27.922 28.324 28.681 29.113 29.145 29.170 29.327 29.248 29.105 28.950 28.464 27.839 27.505 27.039 26.554 26.283 25.871 25.424 25.053 24.333 23.439 22.499 21.648 20.749 19.701 18.328 16.835 15.282 13.680 11.956 10.050 8.124 6.342 4.693 3.266
0.000 0.000 0.000 0.000 0.000 0.001 0.002 0.006 0.031 0.163 0.609 1.433 2.287 2.999 3.737 4.549 5.461 6.491 7.660 8.954 10.328 11.697 13.048 14.451 15.932 17.500 19.078 20.603 22.034 23.305 24.444 25.287 25.817 26.117 26.168 26.151 26.377 26.469 26.645 27.036 27.157 27.199 27.500 27.788 28.190 28.601 28.637 28.662 28.877 28.787 28.632 28.525 28.060 27.401 26.926 26.242 25.608 24.958 24.435 23.851 23.201 22.402 21.567 20.497 19.416 18.382 17.258 15.985 14.534 12.934 11.157 9.157 6.974 4.897 3.229 2.007 1.188
0.000 0.000 0.000 0.001 0.001 0.002 0.003 0.006 0.028 0.154 0.672 1.760 2.884 3.713 4.528 5.411 6.400 7.480 8.629 9.856 11.120 12.344 13.510 14.739 16.055 17.514 18.933 20.402 21.794 23.091 24.246 25.219 25.756 26.183 26.207 26.164 26.447 26.505 26.598 26.955 27.040 27.027 27.279 27.462 27.878 28.315 28.355 28.312 28.580 28.422 28.175 28.142 27.615 26.873 26.295 25.503 24.845 23.911 23.227 22.370 21.498 20.609 19.610 18.469 17.234 15.968 14.551 13.074 11.345 9.359 7.159 4.975 3.147 1.821 0.976 0.491 0.235
0.001 0.002 0.002 0.002 0.003 0.004 0.005 0.008 0.027 0.143 0.667 1.874 3.277 4.321 5.316 6.354 7.477 8.666 9.891 11.084 12.198 13.236 14.259 15.323 16.440 17.674 18.952 20.271 21.508 22.663 23.796 24.826 25.502 26.021 26.102 26.094 26.357 26.410 26.507 26.715 26.693 26.582 26.811 26.996 27.350 27.788 27.819 27.801 28.028 27.863 27.582 27.429 26.852 26.080 25.399 24.551 23.781 22.776 21.848 20.802 19.730 18.688 17.563 16.326 15.008 13.543 11.866 10.040 7.894 5.648 3.608 2.005 0.970 0.425 0.181 0.077 0.034
0.004 0.004 0.004 0.005 0.006 0.007 0.008 0.011 0.029 0.129 0.619 1.831 3.459 4.794 6.040 7.328 8.698 10.062 11.345 12.517 13.548 14.454 15.336 16.174 17.041 18.045 19.109 20.374 21.547 22.548 23.591 24.429 25.017 25.471 25.576 25.672 25.916 25.963 26.066 26.174 26.030 25.887 26.059 26.138 26.371 26.807 26.849 26.854 26.949 26.808 26.630 26.327 25.675 24.862 24.010 23.066 22.191 21.258 20.150 19.014 17.816 16.649 15.375 14.051 12.657 11.070 9.301 7.361 5.216 3.192 1.642 0.688 0.242 0.082 0.029 0.012 0.006
0.007 0.007 0.007 0.008 0.009 0.010 0.012 0.015 0.032 0.126 0.591 1.786 3.546 5.174 6.692 8.262 9.937 11.580 12.995 14.204 15.149 15.965 16.664 17.363 18.063 18.827 19.586 20.617 21.657 22.540 23.432 24.049 24.463 25.035 25.166 25.180 25.487 25.538 25.563 25.740 25.539 25.334 25.444 25.416 25.436 25.803 25.791 25.755 25.874 25.734 25.442 25.111 24.392 23.479 22.492 21.439 20.439 19.403 18.193 16.964 15.652 14.380 13.008 11.631 10.173 8.547 6.780 4.876 3.022 1.545 0.625 0.199 0.054 0.015 0.005 0.003 0.003
0.011 0.011 0.011 0.012 0.013 0.014 0.015 0.018 0.034 0.130 0.600 1.811 3.647 5.535 7.330 9.171 11.068 12.889 14.520 15.927 16.961 17.771 18.356 18.862 19.337 19.856 20.345 21.028 21.798 22.444 23.161 23.753 24.133 24.691 24.834 24.800 25.003 24.973 24.972 25.069 24.876 24.705 24.699 24.536 24.433 24.601 24.514 24.461 24.510 24.204 23.772 23.374 22.643 21.672 20.583 19.406 18.266 17.126 15.927 14.606 13.235 11.863 10.450 9.030 7.601 5.977 4.202 2.562 1.308 0.530 0.165 0.043 0.010 0.003 0.002 0.002 0.003
0.017 0.016 0.015 0.016 0.017 0.018 0.019 0.020 0.037 0.143 0.658 1.934 3.836 5.908 7.958 10.067 12.147 14.078 15.860 17.422 18.564 19.374 19.919 20.331 20.612 20.861 21.115 21.649 22.146 22.595 23.154 23.467 23.722 24.118 24.236 24.208 24.289 24.154 24.151 24.201 24.065 23.933 23.779 23.529 23.369 23.291 23.048 22.830 22.697 22.360 21.848 21.247 20.519 19.548 18.363 17.078 15.856 14.588 13.294 11.968 10.607 9.194 7.797 6.372 4.848 3.273 1.888 0.907 0.346 0.105 0.028 0.007 0.002 0.001 0.002 0.003 0.005
0.026 0.023 0.022 0.022 0.023 0.022 0.021 0.023 0.041 0.170 0.781 2.210 4.251 6.442 8.662 10.936 13.128 15.145 16.991 18.581 19.767 20.637 21.148 21.449 21.701 21.844 21.935 22.249 22.519 22.794 23.147 23.236 23.426 23.678 23.655 23.592 23.687 23.511 23.392 23.452 23.326 23.152 22.977 22.573 22.135 21.936 21.621 21.266 20.859 20.320 19.629 18.845 18.009 16.994 15.790 14.487 13.158 11.858 10.583 9.319 8.043 6.708 5.326 3.849 2.419 1.276 0.539 0.179 0.050 0.014 0.004 0.001 0.001 0.001 0.002 0.003 0.006
0.041 0.035 0.032 0.030 0.028 0.025 0.024 0.025 0.049 0.216 0.982 2.690 5.001 7.249 9.504 11.783 13.927 15.889 17.732 19.289 20.587 21.629 22.214 22.518 22.687 22.702 22.629 22.711 22.842 22.970 23.189 23.134 23.170 23.212 22.988 22.830 22.894 22.728 22.609 22.613 22.486 22.299 22.030 21.567 21.022 20.522 20.006 19.459 18.839 18.162 17.375 16.468 15.418 14.290 13.080 11.796 10.513 9.282 8.124 6.957 5.781 4.517 3.164 1.856 0.877 0.316 0.088 0.022 0.006 0.002 0.001 0.001 0.001 0.001 0.002 0.003 0.007
0.065 0.054 0.045 0.038 0.031 0.027 0.025 0.028 0.063 0.298 1.317 3.491 6.101 8.335 10.508 12.618 14.581 16.462 18.211 19.819 21.074 22.019 22.617 22.966 23.155 23.148 23.064 23.061 22.968 22.914 23.059 22.880 22.739 22.492 22.069 21.776 21.759 21.635 21.599 21.501 21.381 21.211 20.986 20.408 19.827 19.094 18.367 17.687 16.929 16.099 15.140 14.121 12.925 11.690 10.492 9.284 8.111 6.998 5.915 4.823 3.706 2.543 1.452 0.645 0.210 0.051 0.012 0.003 0.001 0.001 0.001 0.001 0.001 0.001 0.002 0.003 0.007
0.086 0.072 0.057 0.043 0.033 0.028 0.026 0.029 0.070 0.372 1.704 4.497 7.326 9.387 11.340 13.249 15.070 16.860 18.492 20.033 21.329 22.374 23.044 23.340 23.495 23.441 23.330 23.388 23.217 23.020 23.033 22.683 22.266 21.813 21.191 20.738 20.624 20.462 20.363 20.237 20.166 20.038 19.813 19.162 18.519 17.648 16.853 16.010 15.094 14.105 13.007 11.824 10.520 9.269 8.095 6.994 5.942 4.913 3.848 2.802 1.843 1.030 0.448 0.141 0.033 0.007 0.002 0.001 0.001 0.000 0.001 0.001 0.001 0.001 0.001 0.003 0.007
0.095 0.080 0.061 0.045 0.035 0.029 0.027 0.030 0.072 0.384 1.851 5.075 8.215 10.209 11.961 13.669 15.309 16.944 18.529 19.930 21.247 22.316 23.046 23.357 23.648 23.604 23.517 23.604 23.359 23.124 22.935 22.340 21.662 21.058 20.261 19.666 19.370 19.113 18.906 18.730 18.605 18.554 18.309 17.781 17.065 16.186 15.282 14.253 13.241 12.138 10.914 9.594 8.267 7.038 5.904 4.868 3.863 2.884 1.956 1.176 0.607 0.253 0.081 0.020 0.004 0.001 0.001 0.001 0.000 0.000 0.000 0.000 0.001 0.001 0.001 0.003 0.012
