RESULTS/r.avaflow_results/13_results/13_ascii/13_hflow30055.asc
ncols 506
nrows 317
xllcenter 498237.50
yllcenter 5580050.00
cellsize 12.50
NODATA_value -9999.000
[rows 170 to 203 of 317, columns 154 to 230 of 506]
4.453 5.032 5.697 6.288 6.772 7.167 7.494 7.760 7.963 8.110 8.208 8.257 8.265 8.218 8.079 7.797 7.366 6.816 6.199 5.556 4.892 4.161 3.402 2.745 2.210 1.804 1.535 1.392 1.336 1.321 1.338 1.384 1.433 1.461 1.487 1.523 1.599 1.674 1.692 1.664 1.584 1.486 1.418 1.356 1.282 1.180 1.031 0.840 0.654 0.486 0.349 0.255 0.198 0.162 0.140 0.126 0.119 0.118 0.121 0.124 0.126 0.127 0.127 0.128 0.129 0.132 0.142 0.170 0.248 0.430 0.730 0.933 0.990 0.956 0.785 0.498 0.282
4.642 5.461 6.414 7.288 8.007 8.605 9.096 9.501 9.824 10.071 10.252 10.370 10.429 10.436 10.360 10.103 9.622 8.938 8.107 7.185 6.221 5.228 4.255 3.401 2.703 2.158 1.771 1.543 1.456 1.454 1.501 1.598 1.672 1.694 1.693 1.686 1.697 1.712 1.707 1.655 1.544 1.417 1.317 1.223 1.115 0.964 0.744 0.505 0.324 0.214 0.151 0.115 0.095 0.084 0.079 0.078 0.080 0.085 0.091 0.094 0.094 0.093 0.090 0.088 0.088 0.089 0.096 0.117 0.171 0.296 0.539 0.792 0.908 0.928 0.872 0.690 0.438
4.863 5.944 7.221 8.484 9.540 10.395 11.076 11.630 12.067 12.410 12.672 12.858 12.968 13.006 12.967 12.739 12.226 11.442 10.457 9.332 8.108 6.821 5.542 4.393 3.432 2.662 2.082 1.707 1.528 1.490 1.526 1.631 1.710 1.727 1.716 1.688 1.667 1.648 1.609 1.508 1.328 1.138 0.982 0.835 0.686 0.511 0.332 0.205 0.131 0.091 0.070 0.058 0.051 0.049 0.049 0.052 0.057 0.065 0.070 0.072 0.072 0.070 0.066 0.064 0.063 0.064 0.068 0.083 0.119 0.200 0.368 0.626 0.824 0.900 0.906 0.840 0.650
4.976 6.237 7.727 9.317 10.720 11.892 12.858 13.631 14.234 14.705 15.073 15.354 15.545 15.632 15.621 15.437 14.954 14.158 13.112 11.891 10.524 9.022 7.429 5.899 4.574 3.471 2.603 1.992 1.640 1.506 1.499 1.563 1.626 1.639 1.622 1.569 1.501 1.432 1.335 1.146 0.873 0.638 0.478 0.367 0.275 0.190 0.124 0.082 0.058 0.044 0.037 0.034 0.032 0.032 0.033 0.037 0.043 0.050 0.055 0.056 0.056 0.054 0.051 0.049 0.048 0.049 0.052 0.062 0.084 0.133 0.236 0.439 0.704 0.864 0.906 0.895 0.807
4.995 6.337 7.925 9.717 11.417 12.892 14.142 15.164 15.966 16.582 17.055 17.433 17.714 17.871 17.896 17.778 17.381 16.671 15.681 14.474 13.088 11.519 9.751 7.835 6.050 4.550 3.350 2.453 1.860 1.541 1.419 1.391 1.398 1.393 1.351 1.257 1.137 1.009 0.848 0.626 0.408 0.271 0.190 0.141 0.104 0.074 0.052 0.039 0.031 0.026 0.024 0.023 0.023 0.023 0.025 0.027 0.033 0.039 0.043 0.044 0.044 0.042 0.040 0.040 0.040 0.040 0.043 0.049 0.063 0.091 0.152 0.279 0.531 0.784 0.886 0.897 0.864
4.925 6.314 7.940 9.802 11.691 13.398 14.881 16.125 17.109 17.857 18.403 18.839 19.197 19.441 19.526 19.487 19.232 18.684 17.800 16.600 15.145 13.464 11.526 9.297 7.116 5.306 3.881 2.816 2.067 1.586 1.313 1.165 1.069 0.978 0.864 0.732 0.613 0.509 0.399 0.271 0.173 0.114 0.080 0.060 0.046 0.035 0.028 0.023 0.020 0.019 0.018 0.018 0.018 0.018 0.019 0.022 0.025 0.031 0.034 0.035 0.035 0.035 0.034 0.034 0.035 0.036 0.038 0.042 0.050 0.068 0.104 0.183 0.357 0.635 0.819 0.871 0.864
4.734 6.158 7.831 9.737 11.713 13.525 15.122 16.475 17.573 18.405 18.979 19.428 19.832 20.167 20.337 20.362 20.247 19.872 19.124 17.959 16.432 14.619 12.515 10.065 7.634 5.644 4.104 2.967 2.154 1.591 1.210 0.939 0.726 0.547 0.409 0.318 0.261 0.216 0.167 0.114 0.076 0.053 0.039 0.031 0.025 0.021 0.018 0.016 0.015 0.015 0.014 0.014 0.015 0.015 0.016 0.017 0.020 0.024 0.027 0.029 0.030 0.030 0.031 0.031 0.032 0.033 0.035 0.038 0.044 0.055 0.079 0.129 0.238 0.456 0.689 0.802 0.830
4.402 5.832 7.547 9.526 11.607 13.474 15.088 16.450 17.574 18.433 19.011 19.445 19.861 20.248 20.466 20.515 20.457 20.166 19.511 18.405 16.858 14.964 12.766 10.221 7.717 5.680 4.118 2.971 2.141 1.526 1.056 0.694 0.434 0.268 0.174 0.129 0.106 0.089 0.071 0.051 0.038 0.029 0.023 0.019 0.017 0.015 0.013 0.012 0.012 0.012 0.012 0.012 0.012 0.012 0.013 0.014 0.016 0.019 0.022 0.024 0.026 0.027 0.028 0.029 0.030 0.032 0.034 0.036 0.041 0.049 0.065 0.098 0.167 0.302 0.511 0.679 0.758
3.957 5.357 7.074 9.107 11.282 13.186 14.777 16.102 17.196 18.039 18.618 19.035 19.426 19.796 20.008 20.053 20.008 19.772 19.193 18.146 16.624 14.714 12.474 9.902 7.443 5.444 3.905 2.765 1.918 1.270 0.770 0.419 0.218 0.120 0.075 0.056 0.047 0.040 0.033 0.027 0.022 0.018 0.016 0.014 0.012 0.011 0.010 0.010 0.010 0.010 0.010 0.010 0.010 0.010 0.010 0.011 0.013 0.015 0.017 0.020 0.022 0.025 0.026 0.028 0.029 0.031 0.033 0.035 0.039 0.045 0.057 0.079 0.123 0.207 0.346 0.515 0.642
3.429 4.750 6.414 8.431 10.623 12.507 14.049 15.291 16.279 17.055 17.646 18.088 18.414 18.645 18.751 18.757 18.689 18.471 17.957 16.982 15.502 13.585 11.328 8.863 6.614 4.762 3.287 2.159 1.332 0.751 0.385 0.188 0.095 0.054 0.036 0.029 0.025 0.022 0.019 0.017 0.015 0.013 0.012 0.010 0.009 0.009 0.008 0.008 0.008 0.008 0.008 0.008 0.008 0.008 0.008 0.009 0.011 0.012 0.014 0.017 0.019 0.022 0.025 0.027 0.029 0.031 0.033 0.035 0.038 0.043 0.052 0.069 0.099 0.152 0.239 0.363 0.492
2.869 4.033 5.557 7.450 9.575 11.414 12.895 14.036 14.893 15.596 16.233 16.740 16.988 17.043 17.004 16.939 16.833 16.582 16.022 14.994 13.453 11.467 9.233 7.070 5.176 3.552 2.200 1.201 0.597 0.288 0.140 0.073 0.042 0.028 0.021 0.018 0.016 0.014 0.013 0.012 0.011 0.010 0.009 0.008 0.007 0.007 0.006 0.006 0.006 0.006 0.006 0.006 0.006 0.006 0.007 0.008 0.009 0.010 0.012 0.014 0.017 0.020 0.023 0.026 0.028 0.030 0.032 0.035 0.038 0.042 0.050 0.064 0.087 0.124 0.182 0.265 0.369
2.339 3.267 4.540 6.204 8.191 10.014 11.454 12.518 13.310 14.013 14.702 15.211 15.386 15.361 15.275 15.175 14.997 14.591 13.793 12.488 10.659 8.396 6.238 4.511 3.122 1.945 1.035 0.472 0.200 0.093 0.050 0.032 0.022 0.017 0.014 0.013 0.011 0.010 0.010 0.009 0.008 0.007 0.007 0.006 0.005 0.005 0.005 0.005 0.004 0.004 0.004 0.004 0.005 0.005 0.006 0.007 0.008 0.009 0.011 0.013 0.015 0.018 0.021 0.025 0.027 0.030 0.032 0.035 0.038 0.042 0.050 0.063 0.083 0.114 0.158 0.220 0.300
1.881 2.596 3.570 4.873 6.567 8.372 9.809 10.873 11.681 12.393 13.026 13.425 13.546 13.532 13.465 13.341 13.059 12.412 11.216 9.406 7.037 4.718 3.069 2.015 1.285 0.729 0.344 0.139 0.061 0.034 0.023 0.017 0.014 0.012 0.010 0.009 0.008 0.008 0.007 0.006 0.006 0.005 0.005 0.004 0.004 0.004 0.003 0.003 0.003 0.003 0.003 0.003 0.004 0.005 0.005 0.006 0.007 0.009 0.010 0.012 0.014 0.017 0.020 0.024 0.027 0.030 0.033 0.035 0.038 0.043 0.050 0.063 0.083 0.113 0.154 0.208 0.276
1.500 2.040 2.758 3.702 4.929 6.459 7.902 9.007 9.834 10.457 10.890 11.111 11.181 11.187 11.127 10.923 10.436 9.438 7.685 5.395 3.301 1.880 1.047 0.606 0.347 0.182 0.085 0.040 0.024 0.017 0.014 0.011 0.010 0.009 0.008 0.007 0.006 0.006 0.005 0.005 0.004 0.004 0.003 0.003 0.003 0.003 0.003 0.002 0.002 0.002 0.003 0.003 0.004 0.004 0.005 0.006 0.007 0.009 0.010 0.012 0.014 0.017 0.020 0.023 0.027 0.030 0.033 0.036 0.040 0.045 0.054 0.068 0.089 0.120 0.162 0.214 0.280
1.179 1.579 2.087 2.727 3.532 4.539 5.698 6.714 7.451 7.887 8.077 8.127 8.106 8.020 7.802 7.366 6.575 5.260 3.555 2.018 1.019 0.482 0.238 0.133 0.077 0.045 0.027 0.018 0.014 0.011 0.009 0.008 0.007 0.006 0.006 0.005 0.004 0.004 0.004 0.003 0.003 0.003 0.002 0.002 0.002 0.002 0.002 0.002 0.002 0.002 0.003 0.003 0.004 0.005 0.006 0.007 0.008 0.009 0.010 0.012 0.014 0.017 0.020 0.023 0.027 0.031 0.035 0.040 0.045 0.052 0.063 0.081 0.108 0.145 0.195 0.257 0.333
0.909 1.195 1.541 1.948 2.424 2.991 3.659 4.256 4.675 4.895 4.956 4.922 4.760 4.443 4.021 3.534 2.878 1.954 1.039 0.468 0.199 0.095 0.054 0.035 0.025 0.018 0.014 0.011 0.009 0.008 0.007 0.006 0.005 0.004 0.004 0.003 0.003 0.003 0.003 0.002 0.002 0.002 0.002 0.002 0.001 0.001 0.001 0.002 0.002 0.002 0.003 0.004 0.005 0.006 0.007 0.008 0.009 0.010 0.011 0.013 0.015 0.018 0.021 0.025 0.029 0.034 0.040 0.047 0.055 0.066 0.082 0.108 0.146 0.204 0.283 0.383 0.507
0.677 0.875 1.107 1.353 1.603 1.870 2.155 2.382 2.511 2.554 2.527 2.440 2.230 1.863 1.481 1.160 0.823 0.446 0.193 0.082 0.042 0.027 0.020 0.016 0.013 0.011 0.009 0.008 0.006 0.005 0.005 0.004 0.003 0.003 0.003 0.002 0.002 0.002 0.002 0.002 0.001 0.001 0.001 0.001 0.001 0.001 0.001 0.002 0.002 0.003 0.005 0.007 0.009 0.009 0.010 0.010 0.011 0.012 0.013 0.015 0.018 0.021 0.025 0.030 0.035 0.042 0.052 0.062 0.074 0.088 0.111 0.148 0.211 0.312 0.462 0.659 0.897
0.487 0.622 0.779 0.922 1.033 1.119 1.172 1.166 1.112 1.047 0.971 0.874 0.728 0.522 0.358 0.249 0.154 0.079 0.039 0.023 0.017 0.014 0.012 0.010 0.009 0.007 0.006 0.005 0.004 0.004 0.003 0.003 0.002 0.002 0.002 0.002 0.001 0.001 0.001 0.001 0.001 0.001 0.001 0.001 0.001 0.001 0.001 0.002 0.004 0.007 0.010 0.012 0.013 0.014 0.014 0.014 0.015 0.016 0.018 0.021 0.025 0.030 0.035 0.041 0.049 0.058 0.069 0.080 0.091 0.106 0.130 0.175 0.263 0.430 0.699 1.070 1.462
0.341 0.435 0.535 0.608 0.645 0.643 0.590 0.483 0.379 0.304 0.249 0.203 0.155 0.104 0.072 0.050 0.033 0.021 0.015 0.012 0.010 0.009 0.008 0.007 0.006 0.005 0.004 0.003 0.003 0.002 0.002 0.002 0.002 0.001 0.001 0.001 0.001 0.001 0.001 0.001 0.001 0.001 0.001 0.001 0.001 0.002 0.003 0.005 0.009 0.013 0.015 0.016 0.017 0.017 0.017 0.017 0.018 0.021 0.024 0.029 0.034 0.041 0.048 0.056 0.064 0.073 0.081 0.090 0.099 0.113 0.136 0.182 0.280 0.479 0.821 1.314 1.806
0.229 0.289 0.338 0.365 0.365 0.334 0.258 0.166 0.104 0.071 0.053 0.041 0.032 0.024 0.019 0.016 0.013 0.011 0.009 0.008 0.007 0.006 0.005 0.004 0.004 0.003 0.003 0.002 0.002 0.002 0.001 0.001 0.001 0.001 0.001 0.001 0.001 0.001 0.001 0.001 0.001 0.001 0.001 0.001 0.002 0.004 0.007 0.011 0.015 0.017 0.018 0.018 0.018 0.018 0.018 0.019 0.020 0.023 0.028 0.034 0.040 0.047 0.055 0.064 0.072 0.078 0.085 0.092 0.100 0.112 0.132 0.175 0.271 0.472 0.828 1.355 1.887
0.141 0.167 0.181 0.180 0.166 0.132 0.084 0.045 0.025 0.016 0.013 0.011 0.010 0.009 0.009 0.008 0.007 0.007 0.006 0.005 0.005 0.004 0.003 0.003 0.002 0.002 0.002 0.001 0.001 0.001 0.001 0.001 0.001 0.001 0.001 0.001 0.001 0.001 0.001 0.001 0.001 0.002 0.002 0.004 0.005 0.009 0.014 0.017 0.019 0.019 0.019 0.018 0.018 0.018 0.018 0.019 0.021 0.024 0.029 0.035 0.041 0.048 0.057 0.065 0.072 0.078 0.083 0.088 0.093 0.100 0.113 0.145 0.220 0.390 0.710 1.206 1.756
0.072 0.077 0.074 0.066 0.052 0.034 0.019 0.010 0.006 0.005 0.005 0.005 0.005 0.005 0.005 0.005 0.005 0.004 0.004 0.004 0.003 0.003 0.002 0.002 0.002 0.001 0.001 0.001 0.001 0.001 0.001 0.001 0.001 0.001 0.001 0.001 0.001 0.002 0.002 0.002 0.003 0.004 0.006 0.008 0.010 0.014 0.018 0.020 0.020 0.020 0.019 0.018 0.018 0.018 0.018 0.019 0.021 0.024 0.028 0.034 0.040 0.046 0.054 0.061 0.066 0.070 0.072 0.073 0.073 0.073 0.077 0.089 0.125 0.217 0.422 0.785 1.274
0.027 0.025 0.021 0.016 0.011 0.007 0.004 0.003 0.002 0.002 0.002 0.003 0.003 0.003 0.003 0.003 0.003 0.003 0.003 0.002 0.002 0.002 0.001 0.001 0.001 0.001 0.001 0.001 0.001 0.001 0.001 0.001 0.001 0.002 0.002 0.002 0.003 0.003 0.004 0.005 0.006 0.008 0.009 0.011 0.013 0.017 0.019 0.020 0.020 0.020 0.019 0.018 0.018 0.018 0.018 0.019 0.020 0.022 0.025 0.028 0.032 0.037 0.041 0.045 0.048 0.050 0.049 0.048 0.045 0.044 0.045 0.048 0.059 0.089 0.166 0.327 0.591
0.007 0.006 0.005 0.003 0.003 0.002 0.002 0.001 0.001 0.001 0.001 0.002 0.002 0.002 0.002 0.002 0.002 0.002 0.002 0.002 0.001 0.001 0.001 0.001 0.001 0.001 0.001 0.001 0.002 0.002 0.002 0.003 0.003 0.003 0.004 0.005 0.005 0.006 0.007 0.008 0.008 0.009 0.010 0.012 0.014 0.017 0.019 0.019 0.019 0.019 0.018 0.017 0.017 0.016 0.016 0.016 0.017 0.017 0.017 0.017 0.018 0.020 0.023 0.026 0.028 0.029 0.029 0.028 0.028 0.027 0.028 0.029 0.032 0.042 0.064 0.116 0.213
0.002 0.001 0.001 0.001 0.001 0.001 0.001 0.001 0.001 0.001 0.001 0.001 0.001 0.001 0.001 0.001 0.001 0.001 0.001 0.001 0.001 0.001 0.001 0.001 0.001 0.002 0.002 0.003 0.003 0.004 0.005 0.005 0.006 0.007 0.007 0.008 0.008 0.008 0.009 0.009 0.009 0.010 0.010 0.012 0.014 0.016 0.018 0.018 0.018 0.018 0.017 0.015 0.014 0.013 0.012 0.011 0.010 0.009 0.009 0.009 0.009 0.010 0.013 0.015 0.017 0.018 0.018 0.018 0.018 0.018 0.019 0.020 0.021 0.024 0.032 0.048 0.078
0.001 0.001 0.001 0.001 0.001 0.001 0.001 0.001 0.001 0.001 0.001 0.001 0.001 0.001 0.001 0.001 0.001 0.001 0.001 0.001 0.001 0.001 0.001 0.002 0.002 0.003 0.005 0.006 0.007 0.007 0.008 0.008 0.008 0.009 0.009 0.009 0.009 0.009 0.009 0.009 0.009 0.010 0.010 0.011 0.012 0.013 0.014 0.014 0.013 0.013 0.011 0.010 0.008 0.007 0.006 0.006 0.005 0.005 0.004 0.005 0.005 0.006 0.008 0.009 0.011 0.012 0.012 0.012 0.013 0.013 0.013 0.014 0.015 0.017 0.020 0.026 0.036
0.001 0.001 0.001 0.001 0.001 0.001 0.001 0.001 0.001 0.001 0.001 0.001 0.001 0.001 0.001 0.001 0.001 0.001 0.001 0.001 0.001 0.002 0.002 0.004 0.005 0.007 0.008 0.009 0.009 0.009 0.009 0.009 0.009 0.009 0.009 0.009 0.009 0.009 0.009 0.009 0.009 0.009 0.009 0.009 0.008 0.008 0.008 0.007 0.006 0.006 0.005 0.004 0.004 0.003 0.003 0.003 0.002 0.002 0.003 0.003 0.003 0.004 0.005 0.006 0.007 0.008 0.008 0.008 0.009 0.009 0.010 0.010 0.011 0.012 0.014 0.017 0.021
0.001 0.001 0.001 0.001 0.001 0.001 0.001 0.001 0.001 0.001 0.001 0.001 0.001 0.001 0.001 0.001 0.001 0.001 0.001 0.001 0.002 0.003 0.005 0.006 0.008 0.009 0.010 0.010 0.010 0.010 0.009 0.009 0.009 0.009 0.009 0.009 0.009 0.009 0.009 0.008 0.008 0.007 0.006 0.005 0.004 0.004 0.003 0.003 0.002 0.002 0.002 0.002 0.002 0.001 0.001 0.001 0.001 0.001 0.001 0.002 0.002 0.002 0.003 0.004 0.004 0.005 0.005 0.006 0.006 0.006 0.007 0.007 0.008 0.009 0.010 0.012 0.014
0.001 0.001 0.001 0.001 0.001 0.001 0.001 0.001 0.001 0.001 0.001 0.001 0.001 0.001 0.001 0.001 0.001 0.001 0.002 0.002 0.004 0.005 0.006 0.008 0.009 0.010 0.010 0.010 0.010 0.010 0.009 0.009 0.009 0.009 0.009 0.009 0.009 0.008 0.008 0.007 0.006 0.004 0.003 0.002 0.002 0.001 0.001 0.001 0.001 0.001 0.001 0.001 0.001 0.001 0.001 0.001 0.001 0.001 0.001 0.001 0.001 0.001 0.002 0.002 0.003 0.003 0.003 0.003 0.004 0.004 0.004 0.005 0.005 0.006 0.007 0.008 0.010
0.000 0.000 0.000 0.000 0.000 0.000 0.000 0.001 0.001 0.001 0.001 0.001 0.001 0.001 0.001 0.001 0.001 0.001 0.002 0.003 0.004 0.005 0.007 0.008 0.009 0.010 0.010 0.010 0.010 0.010 0.009 0.009 0.009 0.008 0.008 0.008 0.008 0.007 0.006 0.004 0.003 0.002 0.002 0.001 0.001 0.001 0.001 0.001 0.001 0.001 0.001 0.001 0.001 0.001 0.000 0.000 0.000 0.000 0.000 0.000 0.000 0.000 0.001 0.001 0.001 0.001 0.001 0.002 0.002 0.002 0.002 0.003 0.003 0.004 0.005 0.006 0.007
0.000 0.000 0.000 0.000 0.000 0.000 0.000 0.000 0.000 0.001 0.001 0.001 0.001 0.001 0.001 0.001 0.001 0.002 0.002 0.003 0.004 0.006 0.007 0.008 0.009 0.009 0.009 0.009 0.009 0.009 0.009 0.008 0.008 0.007 0.007 0.006 0.005 0.004 0.003 0.002 0.002 0.001 0.001 0.001 0.001 0.001 0.001 0.001 0.001 0.001 0.000 0.000 0.000 0.000 0.000 0.000 0.000 0.000 0.000 0.000 0.000 0.000 0.000 0.000 0.000 0.000 0.000 0.001 0.001 0.001 0.001 0.001 0.002 0.002 0.003 0.004 0.005
0.000 0.000 0.000 0.000 0.000 0.000 0.000 0.000 0.000 0.000 0.000 0.001 0.001 0.001 0.001 0.001 0.001 0.002 0.002 0.003 0.004 0.005 0.007 0.007 0.008 0.008 0.009 0.009 0.009 0.008 0.008 0.007 0.006 0.005 0.004 0.003 0.002 0.002 0.001 0.001 0.001 0.001 0.001 0.001 0.001 0.001 0.000 0.000 0.000 0.000 0.000 0.000 0.000 0.000 0.000 0.000 0.000 0.000 0.000 0.000 0.000 0.000 0.000 0.000 0.000 0.000 0.000 0.000 0.000 0.000 0.000 0.000 0.001 0.001 0.001 0.002 0.003
0.000 0.000 0.000 0.000 0.000 0.000 0.000 0.000 0.000 0.000 0.000 0.000 0.001 0.001 0.001 0.001 0.001 0.002 0.002 0.003 0.004 0.005 0.006 0.006 0.007 0.007 0.007 0.007 0.007 0.006 0.006 0.005 0.004 0.003 0.002 0.001 0.001 0.001 0.001 0.001 0.001 0.001 0.001 0.000 0.000 0.000 0.000 0.000 0.000 0.000 0.000 0.000 0.000 0.000 0.000 0.000 0.000 0.000 0.000 0.000 0.000 0.000 0.000 0.000 0.000 0.000 0.000 0.000 0.000 0.000 0.000 0.000 0.000 0.000 0.001 0.001 0.002
0.000 0.000 0.000 0.000 0.000 0.000 0.000 0.000 0.000 0.000 0.000 0.000 0.001 0.001 0.001 0.001 0.001 0.002 0.002 0.003 0.004 0.004 0.005 0.005 0.005 0.004 0.004 0.004 0.004 0.003 0.003 0.003 0.002 0.001 0.001 0.001 0.001 0.001 0.001 0.001 0.000 0.000 0.000 0.000 0.000 0.000 0.000 0.000 0.000 0.000 0.000 0.000 0.000 0.000 0.000 0.000 0.000 0.000 0.000 0.000 0.000 0.000 0.000 0.000 0.000 0.000 0.000 0.000 0.000 0.000 0.000 0.000 0.000 0.000 0.000 0.000 0.001
