RESULTS/r.avaflow_results/13_results/13_ascii/13_hflow_max0003.asc
ncols 506
nrows 317
xllcenter 498237.50
yllcenter 5580050.00
cellsize 12.50
NODATA_value -9999.000
[rows 204 to 237 of 317, columns 77 to 153 of 506]
0.000 0.000 0.000 0.000 0.000 0.000 0.000 0.000 0.001 0.003 0.017 0.094 0.456 1.598 3.897 6.542 8.387 9.667 10.556 11.069 11.245 11.299 11.416 11.541 11.695 12.035 12.672 13.477 14.351 15.323 16.435 17.520 18.187 18.453 18.492 18.429 18.183 17.754 17.195 16.491 16.000 15.802 15.706 15.522 15.238 14.515 13.304 11.759 9.864 7.948 6.016 4.576 3.823 3.426 3.208 3.155 3.193 3.392 3.733 3.927 4.003 4.061 4.161 4.358 4.597 4.727 4.740 4.619 4.308 3.865 3.313 2.519 1.661 0.982 0.531 0.270 0.134
0.000 0.000 0.000 0.000 0.000 0.000 0.000 0.001 0.002 0.006 0.019 0.082 0.406 1.590 4.078 6.902 8.874 10.205 11.069 11.519 11.607 11.484 11.393 11.393 11.423 11.862 12.604 13.430 14.320 15.424 16.759 17.992 18.820 19.185 19.298 19.286 19.150 18.717 18.061 17.380 16.814 16.412 16.152 15.871 15.452 14.517 13.008 10.903 8.528 6.548 5.034 4.175 3.743 3.492 3.382 3.377 3.485 3.811 4.281 4.543 4.647 4.727 4.903 5.246 5.459 5.480 5.396 5.245 4.997 4.592 3.883 2.863 1.878 1.144 0.665 0.376 0.213
0.000 0.000 0.000 0.000 0.000 0.000 0.001 0.003 0.006 0.013 0.029 0.092 0.389 1.598 4.319 7.421 9.552 10.929 11.764 12.145 12.193 11.922 11.654 11.609 11.713 12.165 12.930 13.807 14.771 15.945 17.266 18.441 19.499 20.082 20.353 20.321 20.249 19.936 19.308 18.536 17.812 17.190 16.637 16.220 15.565 14.368 12.427 9.909 7.480 5.607 4.471 3.998 3.747 3.633 3.632 3.727 3.999 4.492 5.076 5.443 5.584 5.680 5.917 6.154 6.192 6.090 5.862 5.688 5.429 4.921 4.096 3.018 2.083 1.364 0.862 0.549 0.355
0.000 0.000 0.000 0.000 0.001 0.001 0.003 0.007 0.013 0.026 0.054 0.128 0.414 1.626 4.598 8.095 10.405 11.785 12.514 12.768 12.762 12.488 12.224 12.225 12.480 12.992 13.648 14.386 15.329 16.534 17.795 18.938 20.052 20.931 21.604 21.726 21.595 21.238 20.733 20.029 19.078 18.039 17.296 16.551 15.501 13.922 11.605 8.786 6.422 4.899 4.237 3.970 3.876 3.875 3.947 4.190 4.674 5.412 6.148 6.591 6.744 6.771 6.843 6.830 6.672 6.488 6.277 5.945 5.501 4.881 3.944 2.885 2.074 1.506 1.094 0.797 0.586
0.000 0.000 0.000 0.001 0.002 0.004 0.008 0.015 0.028 0.055 0.105 0.215 0.520 1.707 4.863 8.801 11.294 12.712 13.413 13.687 13.644 13.379 13.231 13.278 13.584 14.086 14.691 15.313 16.190 17.302 18.497 19.676 20.739 21.738 22.596 22.990 23.051 22.793 22.281 21.452 20.319 19.101 17.877 16.754 15.295 13.175 10.350 7.435 5.441 4.496 4.196 4.124 4.136 4.190 4.382 4.824 5.565 6.509 7.286 7.668 7.739 7.674 7.500 7.211 7.008 6.718 6.390 5.954 5.328 4.440 3.428 2.594 2.011 1.586 1.264 1.020 0.828
0.000 0.000 0.001 0.003 0.005 0.009 0.017 0.032 0.060 0.112 0.207 0.386 0.762 1.922 5.166 9.612 12.303 13.827 14.608 14.960 14.969 14.741 14.529 14.610 14.893 15.299 16.009 16.843 17.850 18.770 19.713 20.692 21.740 22.895 23.920 24.347 24.471 24.363 23.939 22.937 21.601 20.093 18.502 16.853 14.814 12.015 8.720 6.116 4.812 4.396 4.344 4.367 4.429 4.567 4.942 5.737 6.791 7.663 8.256 8.526 8.530 8.284 7.949 7.569 7.134 6.701 6.221 5.572 4.588 3.605 2.923 2.437 1.998 1.633 1.357 1.145 0.968
0.001 0.002 0.004 0.007 0.012 0.021 0.037 0.068 0.125 0.226 0.400 0.694 1.203 2.351 5.500 10.350 13.359 15.015 16.013 16.562 16.635 16.509 16.195 16.212 16.418 16.807 17.646 18.844 20.088 20.949 21.693 22.306 23.180 24.290 25.510 25.953 26.080 26.018 25.677 24.577 23.012 21.150 19.162 17.050 14.305 10.619 7.186 5.247 4.592 4.669 4.745 4.780 4.832 5.092 5.764 6.903 7.985 8.610 8.982 9.095 8.944 8.704 8.228 7.651 7.050 6.379 5.479 4.491 3.608 3.080 2.737 2.390 1.980 1.626 1.387 1.206 1.044
0.003 0.006 0.010 0.017 0.029 0.049 0.084 0.148 0.262 0.452 0.756 1.220 1.919 3.117 6.034 10.915 14.241 16.041 17.371 18.297 18.680 18.684 18.444 18.364 18.454 18.820 19.696 21.194 22.683 23.623 24.247 24.688 25.193 25.956 27.096 27.682 27.853 27.856 27.533 26.558 24.927 22.811 20.551 17.665 13.504 9.028 5.993 4.858 4.953 5.196 5.271 5.310 5.451 5.916 6.917 8.087 8.866 9.300 9.441 9.370 9.223 8.821 8.184 7.406 6.476 5.419 4.370 3.629 3.189 2.877 2.608 2.318 1.945 1.617 1.408 1.248 1.089
0.008 0.014 0.024 0.041 0.069 0.115 0.194 0.329 0.552 0.896 1.396 2.085 3.000 4.324 7.001 11.524 15.065 17.137 18.925 20.432 21.469 21.841 21.828 21.636 21.557 21.680 22.553 24.402 26.156 27.179 27.639 27.894 27.848 28.298 29.171 29.738 29.846 29.944 29.688 29.086 27.509 25.305 22.580 18.086 12.109 7.435 5.282 5.063 5.364 5.574 5.624 5.696 6.005 6.772 7.919 8.839 9.336 9.547 9.574 9.543 9.270 8.623 7.612 6.335 5.127 4.260 3.712 3.327 3.042 2.798 2.534 2.237 1.900 1.621 1.428 1.269 1.102
0.018 0.033 0.058 0.100 0.169 0.280 0.455 0.730 1.142 1.723 2.488 3.432 4.555 6.007 8.483 12.486 16.045 18.558 20.896 23.155 25.312 26.366 26.370 25.727 25.262 25.056 25.837 27.968 30.182 31.366 31.755 32.012 31.704 31.866 32.376 32.772 33.012 33.149 32.999 32.570 31.256 28.195 24.220 17.331 10.255 6.292 5.240 5.358 5.624 5.821 5.934 6.094 6.559 7.532 8.647 9.225 9.458 9.550 9.611 9.510 9.043 7.963 6.258 4.825 4.069 3.695 3.410 3.186 2.991 2.768 2.508 2.212 1.898 1.640 1.431 1.254 1.071
0.042 0.076 0.138 0.244 0.419 0.681 1.052 1.567 2.257 3.129 4.167 5.330 6.603 8.141 10.438 13.930 17.576 20.721 23.894 26.178 28.017 29.059 28.762 27.734 26.917 26.631 27.351 29.513 32.174 33.777 34.344 34.464 34.174 34.286 34.681 35.144 35.603 35.889 35.940 35.496 33.854 31.152 25.423 16.034 9.013 5.870 5.623 5.696 5.833 5.991 6.198 6.526 7.120 8.047 8.930 9.347 9.434 9.506 9.474 9.126 8.242 6.679 4.920 3.901 3.539 3.378 3.251 3.116 2.962 2.768 2.519 2.207 1.886 1.626 1.403 1.191 0.964
0.096 0.179 0.333 0.597 1.007 1.565 2.263 3.110 4.121 5.278 6.535 7.829 9.179 10.824 13.182 16.599 20.836 23.882 26.487 28.111 28.268 28.925 28.873 27.846 26.538 25.993 26.083 27.447 30.124 32.456 33.602 33.848 33.553 33.648 33.634 34.108 34.652 34.979 35.153 35.140 34.286 31.693 25.045 15.302 8.658 6.352 6.004 5.891 5.903 6.005 6.280 6.754 7.415 8.231 8.901 9.228 9.405 9.368 9.120 8.386 7.087 5.362 4.027 3.390 3.190 3.153 3.143 3.089 2.975 2.793 2.541 2.208 1.869 1.589 1.341 1.097 0.817
0.228 0.434 0.798 1.377 2.196 3.202 4.307 5.492 6.797 8.233 9.664 11.042 12.502 14.500 17.372 20.750 24.340 26.254 26.656 27.619 27.897 25.883 25.040 25.177 25.013 25.145 25.259 25.585 26.584 28.451 29.277 29.556 28.981 28.462 28.287 28.016 27.881 27.388 27.017 26.852 26.721 26.049 25.000 15.587 9.601 7.281 6.465 6.082 5.942 5.983 6.290 6.847 7.515 8.177 8.602 8.957 9.036 8.837 8.302 7.384 6.147 4.556 3.459 3.025 2.926 2.954 3.036 3.052 3.004 2.847 2.567 2.199 1.862 1.565 1.276 0.968 0.642
0.555 1.024 1.774 2.838 4.189 5.674 7.135 8.601 10.198 11.947 13.670 15.365 17.327 20.288 22.926 24.575 25.422 25.975 26.286 25.709 25.351 25.659 25.404 25.000 25.374 25.000 25.098 25.368 26.522 26.612 27.079 27.189 26.652 26.243 26.544 26.211 25.367 25.306 25.486 25.033 25.228 25.000 25.000 16.860 11.387 8.492 7.227 6.515 6.195 6.184 6.426 6.879 7.414 7.850 8.234 8.357 8.246 7.933 7.438 6.656 5.451 3.960 3.075 2.797 2.765 2.890 3.011 3.033 3.006 2.874 2.570 2.160 1.819 1.514 1.193 0.829 0.493
1.279 2.183 3.455 5.056 6.856 8.682 10.487 12.314 14.278 16.513 18.960 21.646 23.759 25.706 26.753 26.231 25.804 25.213 25.479 25.244 25.612 25.797 25.146 25.108 25.491 25.733 25.473 25.724 26.225 26.584 26.474 26.613 26.514 26.676 26.724 26.376 25.557 25.307 25.127 25.111 25.067 25.000 25.000 17.759 13.848 10.179 8.382 7.454 6.893 6.677 6.713 6.848 7.051 7.423 7.693 7.760 7.663 7.434 6.996 6.181 4.894 3.523 2.841 2.687 2.729 2.902 3.028 3.049 3.023 2.861 2.533 2.104 1.731 1.401 1.055 0.673 0.367
2.596 4.012 5.749 7.684 9.783 11.989 14.290 16.713 19.493 22.881 25.455 27.173 28.085 27.928 27.427 27.072 25.427 25.568 25.420 25.343 25.307 25.887 25.046 25.367 25.336 25.015 25.330 25.130 25.604 25.429 25.629 26.028 26.569 27.045 27.061 26.586 25.499 25.397 25.164 25.000 25.017 25.023 25.000 25.000 17.389 12.653 9.856 8.598 7.817 7.243 6.910 6.812 6.808 6.895 7.176 7.383 7.379 7.154 6.620 5.655 4.289 3.152 2.693 2.622 2.752 2.954 3.056 3.055 3.011 2.802 2.439 2.003 1.609 1.239 0.865 0.518 0.268
4.483 6.283 8.282 10.430 12.886 15.721 18.967 22.698 25.968 28.468 29.738 29.778 29.168 28.840 27.775 26.194 25.041 25.052 25.266 25.000 25.000 25.215 25.020 25.000 25.610 25.121 25.514 25.226 25.706 25.153 25.471 25.723 26.208 27.081 27.141 26.785 26.167 25.567 25.000 25.267 25.000 25.000 25.000 25.000 20.362 15.846 11.749 9.905 8.815 7.903 7.229 6.820 6.627 6.690 7.107 7.193 7.180 6.922 6.247 5.124 3.808 2.909 2.607 2.590 2.796 3.072 3.151 3.103 3.008 2.760 2.356 1.869 1.451 1.069 0.702 0.396 0.193
6.645 8.673 10.880 13.221 16.034 20.308 24.884 28.347 30.385 31.073 31.135 30.766 30.001 28.785 27.450 25.895 25.176 25.305 25.000 25.120 25.609 25.129 25.005 25.400 25.275 25.000 25.000 25.312 25.181 25.000 25.092 25.402 25.823 26.505 27.021 26.850 25.921 25.619 25.498 25.293 25.010 25.000 25.000 25.000 25.000 19.620 14.427 11.508 9.984 8.725 7.594 6.791 6.444 6.704 7.157 7.180 7.075 6.682 5.869 4.595 3.407 2.756 2.565 2.612 2.928 3.223 3.278 3.199 3.035 2.688 2.245 1.755 1.304 0.907 0.562 0.297 0.131
8.840 11.093 13.515 16.109 19.507 25.017 29.595 31.408 32.032 32.086 31.819 31.310 30.449 29.199 27.801 26.271 25.639 25.486 25.064 25.073 25.057 25.081 25.019 25.421 25.448 25.000 25.409 25.318 25.000 25.000 25.722 25.590 25.367 25.893 26.308 26.403 26.114 25.264 25.006 25.304 25.473 25.209 25.058 25.028 25.000 22.754 17.808 13.644 11.261 9.438 7.876 6.780 6.413 6.912 7.352 7.343 7.124 6.569 5.465 4.106 3.122 2.668 2.546 2.700 3.151 3.374 3.365 3.274 3.017 2.562 2.063 1.594 1.149 0.749 0.432 0.210 0.083
11.079 13.424 16.098 19.486 24.452 29.305 32.053 32.825 33.090 33.093 32.868 32.351 31.302 30.132 28.660 27.024 25.146 25.186 25.000 25.143 25.104 25.043 25.020 25.479 25.383 25.042 25.045 25.000 25.097 25.072 25.000 25.628 25.173 25.122 25.852 25.502 25.879 25.335 25.000 25.770 25.000 25.015 25.048 25.382 25.847 25.000 21.131 15.561 12.318 9.976 8.065 6.846 6.784 7.469 7.780 7.639 7.284 6.474 5.058 3.722 2.968 2.625 2.537 2.817 3.354 3.494 3.434 3.311 2.943 2.399 1.860 1.404 0.979 0.604 0.318 0.138 0.048
13.192 15.562 18.627 23.644 29.252 32.282 33.662 34.035 34.366 34.296 33.897 33.430 32.466 31.229 29.577 27.801 26.363 25.494 25.000 25.000 25.071 25.065 25.000 25.001 25.000 25.000 25.000 25.514 25.348 25.107 25.252 25.315 25.235 25.378 25.547 25.023 25.280 25.071 25.139 25.416 25.374 25.497 25.415 25.412 26.040 25.918 23.348 17.378 13.325 10.358 8.193 7.147 7.448 8.110 8.224 7.960 7.424 6.205 4.641 3.516 2.926 2.626 2.631 3.067 3.583 3.647 3.535 3.297 2.787 2.176 1.648 1.204 0.798 0.453 0.214 0.082 0.026
15.224 17.704 21.358 27.422 32.056 33.832 34.774 34.992 35.296 35.412 35.036 34.494 33.392 32.145 30.517 29.455 28.650 28.006 27.094 25.737 25.308 25.582 25.447 25.127 25.174 25.155 25.426 25.308 25.022 25.557 25.885 25.548 25.164 25.249 25.459 25.000 26.275 25.097 25.036 25.074 25.527 25.925 25.243 25.384 25.961 25.986 24.265 19.065 13.887 10.480 8.403 7.738 8.159 8.656 8.634 8.294 7.444 5.846 4.354 3.490 2.977 2.809 2.922 3.492 3.832 3.785 3.628 3.222 2.570 1.922 1.413 0.975 0.596 0.307 0.129 0.044 0.012
17.186 20.219 25.222 30.549 33.561 34.727 35.563 35.808 36.003 36.043 35.765 35.186 34.180 33.174 32.669 32.092 31.306 30.472 29.227 27.623 25.817 25.395 25.000 25.000 25.000 25.000 25.014 25.034 25.162 25.468 25.391 25.454 25.115 25.348 25.268 25.024 25.109 25.447 25.165 25.405 25.164 25.013 25.250 25.234 25.346 25.887 25.000 20.359 14.122 10.458 8.641 8.441 8.926 9.172 8.919 8.491 7.198 5.415 4.251 3.604 3.213 3.126 3.299 3.862 4.017 3.915 3.675 3.131 2.381 1.709 1.179 0.733 0.399 0.184 0.069 0.021 0.005
19.409 24.127 29.550 32.810 34.427 35.765 36.480 36.609 36.850 36.897 36.518 36.055 35.156 34.451 34.299 33.845 32.947 31.940 30.627 29.251 27.222 25.216 25.376 25.348 25.015 25.052 25.000 25.275 25.047 25.000 25.000 25.309 25.016 25.641 25.535 25.143 25.436 25.605 25.549 25.381 25.325 25.101 25.000 25.285 25.072 25.000 25.000 20.754 14.499 10.614 9.248 9.349 9.683 9.585 9.228 8.413 6.706 5.069 4.288 3.838 3.590 3.527 3.744 4.130 4.115 4.001 3.598 2.941 2.167 1.483 0.941 0.518 0.242 0.098 0.033 0.009 0.002
22.529 28.202 31.981 33.891 34.888 36.074 36.767 36.869 37.234 37.436 37.284 36.977 36.136 35.443 35.321 34.810 34.103 33.041 31.556 29.962 27.895 25.566 25.278 25.332 25.119 25.003 25.169 25.086 25.064 25.358 25.680 25.282 25.029 25.197 25.830 25.481 25.971 25.744 25.900 25.613 25.406 25.451 25.295 25.351 25.087 25.091 25.000 25.000 15.767 11.393 10.475 10.472 10.429 9.981 9.320 7.887 6.026 4.891 4.442 4.272 4.114 4.070 4.212 4.314 4.215 3.964 3.415 2.658 1.883 1.224 0.687 0.326 0.133 0.047 0.014 0.003 0.001
25.849 30.910 33.177 34.673 35.704 36.724 37.233 37.286 37.773 38.136 37.956 37.753 37.169 36.506 36.255 35.602 34.843 33.614 31.908 30.097 28.068 26.150 25.000 25.000 25.000 25.000 25.244 25.602 25.363 25.149 25.130 25.354 25.241 25.808 25.942 25.849 26.297 26.107 25.692 25.738 25.411 25.275 25.000 25.000 25.069 25.000 25.000 25.000 17.567 13.068 12.159 11.737 10.985 10.316 8.902 7.006 5.509 4.901 4.868 4.870 4.812 4.722 4.619 4.432 4.255 3.799 3.127 2.339 1.564 0.923 0.451 0.183 0.064 0.020 0.005 0.001 0.000
29.376 32.556 34.273 35.522 36.344 37.291 37.897 38.088 38.581 38.803 38.590 38.492 38.166 37.620 37.265 36.429 35.554 34.091 32.141 30.127 28.093 26.332 25.206 25.169 25.171 25.392 25.632 25.480 25.000 25.053 25.195 25.104 25.418 25.803 25.817 26.049 26.455 25.667 25.201 25.265 25.295 25.061 25.278 25.000 25.000 25.000 25.000 25.000 19.314 16.167 14.322 13.001 11.860 10.304 8.050 6.124 5.274 5.223 5.492 5.616 5.588 5.357 4.931 4.590 4.129 3.524 2.799 1.965 1.193 0.607 0.254 0.091 0.028 0.007 0.002 0.000 0.000
31.979 33.702 35.187 36.381 37.020 37.911 38.629 38.940 39.369 39.469 39.139 39.137 39.066 38.646 38.241 37.179 36.260 34.535 32.309 30.109 28.160 26.597 25.589 25.520 26.325 26.820 26.707 26.135 25.381 25.809 25.796 25.513 25.289 25.551 25.601 25.760 25.910 25.564 25.284 25.611 25.365 25.294 25.000 25.118 25.343 25.000 25.000 25.000 25.000 19.513 16.349 14.429 12.406 9.681 7.093 5.690 5.297 5.682 6.242 6.381 6.274 5.855 5.359 4.673 3.932 3.190 2.374 1.495 0.781 0.336 0.124 0.040 0.011 0.002 0.000 0.000 0.000
33.012 34.233 35.672 36.872 37.528 38.316 38.956 39.290 39.658 39.642 39.510 39.583 39.704 39.495 39.159 38.082 36.915 34.969 32.572 30.267 28.429 27.006 26.308 26.611 27.538 27.833 27.527 26.851 25.894 25.609 25.369 25.864 25.481 25.022 25.148 25.170 25.519 25.370 25.043 25.575 25.058 25.403 25.410 25.108 25.626 25.143 25.000 25.000 25.000 21.762 18.534 15.401 12.194 8.975 6.612 5.596 5.694 6.337 6.916 7.034 6.813 6.345 5.638 4.740 3.803 2.845 1.855 1.001 0.441 0.164 0.053 0.015 0.004 0.001 0.000 0.000 0.000
33.545 34.581 36.084 37.471 38.318 39.146 39.595 39.747 40.119 40.205 40.092 40.466 40.546 40.251 39.785 38.715 37.442 35.389 32.819 30.813 29.070 28.008 27.674 27.949 28.461 28.468 28.047 27.329 26.196 25.758 25.868 25.420 25.465 25.198 25.494 25.430 25.187 25.076 25.190 25.579 25.312 25.883 25.933 25.545 25.139 25.000 25.232 25.000 25.000 25.000 20.229 15.922 11.694 8.392 6.458 6.036 6.433 7.135 7.534 7.545 7.218 6.659 5.753 4.754 3.689 2.491 1.365 0.603 0.221 0.070 0.020 0.005 0.001 0.000 0.000 0.000 0.000
33.661 34.643 36.252 37.816 38.872 39.807 40.286 40.405 40.774 40.858 40.779 41.131 41.229 40.857 40.388 39.134 37.712 35.609 33.139 31.571 30.250 29.544 29.213 29.143 29.164 28.902 28.429 27.536 26.406 26.184 25.574 25.415 25.419 25.242 25.000 25.000 25.000 25.098 26.041 25.510 25.824 26.057 26.544 26.232 25.895 25.133 25.799 25.004 25.000 25.000 20.867 16.301 11.448 8.182 6.699 6.800 7.438 7.991 8.103 7.827 7.500 6.743 5.751 4.637 3.329 1.935 0.875 0.311 0.096 0.026 0.006 0.001 0.000 0.000 0.000 0.000 0.000
33.652 34.606 36.117 37.763 39.014 40.172 40.900 40.972 41.281 41.241 41.132 41.286 41.264 41.303 40.661 39.384 38.042 36.037 33.635 32.114 30.967 30.462 30.281 30.142 29.882 29.413 28.861 27.949 26.708 25.692 25.696 25.841 25.926 25.005 25.016 25.000 25.105 25.513 25.349 25.608 25.947 26.284 26.671 26.688 26.443 25.736 25.126 25.038 25.000 25.000 25.000 17.057 11.555 8.446 7.830 8.020 8.585 8.812 8.543 8.157 7.489 6.616 5.552 4.214 2.597 1.237 0.452 0.137 0.036 0.008 0.002 0.000 0.000 0.000 0.000 0.000 0.000
33.677 34.586 36.152 37.888 39.395 40.799 41.683 41.731 41.949 41.807 41.480 41.491 41.521 41.316 40.632 39.364 37.975 36.194 34.250 32.609 31.556 31.178 30.921 30.898 30.530 30.031 29.361 28.370 27.090 25.504 25.476 25.003 25.769 25.276 25.518 25.000 25.000 25.000 25.000 25.576 25.907 26.200 26.452 26.831 26.444 26.509 25.430 25.298 25.008 25.000 25.000 17.530 12.117 9.701 9.466 9.627 9.834 9.531 8.991 8.238 7.217 6.119 4.886 3.261 1.665 0.637 0.199 0.053 0.013 0.003 0.001 0.000 0.000 0.000 0.000 0.000 0.000
33.539 34.410 35.976 37.690 39.177 40.786 41.782 41.890 42.105 41.753 41.506 41.377 41.174 41.260 40.618 39.381 38.120 36.497 34.638 33.128 32.041 31.481 31.373 31.396 31.083 30.588 29.880 28.931 27.615 25.908 25.295 25.000 25.024 25.000 25.000 25.011 25.000 25.000 25.296 25.414 25.343 25.975 26.064 26.326 26.147 26.271 26.214 25.549 25.021 25.000 25.000 17.236 13.601 11.694 11.389 11.281 10.890 10.180 9.292 8.088 6.835 5.494 3.831 2.089 0.862 0.292 0.082 0.021 0.005 0.001 0.000 0.000 0.000 0.000 0.000 0.000 0.000
