RESULTS/r.avaflow_results/13_results/13_ascii/13_hflow0057.asc
ncols 506
nrows 317
xllcenter 498237.50
yllcenter 5580050.00
cellsize 12.50
NODATA_value -9999.000
[rows 170 to 203 of 317, columns 308 to 384 of 506]
0.000 0.000 0.000 0.000 0.000 0.000 0.000 0.000 0.000 0.000 0.000 0.000 0.000 0.000 0.000 0.000 0.000 0.000 0.000 0.000 0.000 0.000 0.000 0.000 0.000 0.000 0.000 0.000 0.000 0.000 0.000 0.000 0.000 0.000 0.000 0.000 0.000 0.000 0.000 0.000 0.000 0.000 0.000 0.000 0.000 0.000 0.000 0.000 0.000 0.000 0.000 0.000 0.000 0.000 0.000 0.000 0.000 0.000 0.000 0.000 0.000 0.000 0.000 0.000 0.000 0.000 0.000 0.000 0.000 0.000 0.000 0.000 0.000 0.000 0.000 0.000 0.000
0.000 0.000 0.000 0.000 0.001 0.001 0.001 0.001 0.001 0.001 0.001 0.001 0.001 0.001 0.001 0.000 0.000 0.000 0.000 0.000 0.000 0.000 0.000 0.000 0.000 0.000 0.000 0.000 0.000 0.000 0.000 0.000 0.000 0.000 0.000 0.000 0.000 0.000 0.000 0.000 0.000 0.000 0.000 0.000 0.000 0.000 0.000 0.000 0.000 0.000 0.000 0.000 0.000 0.000 0.000 0.000 0.000 0.000 0.000 0.000 0.000 0.000 0.000 0.000 0.000 0.000 0.000 0.000 0.000 0.000 0.000 0.000 0.000 0.000 0.000 0.000 0.000
0.000 0.000 0.001 0.002 0.002 0.002 0.002 0.002 0.002 0.002 0.002 0.002 0.002 0.002 0.002 0.001 0.001 0.001 0.001 0.001 0.000 0.000 0.000 0.000 0.000 0.000 0.000 0.000 0.000 0.000 0.000 0.000 0.000 0.000 0.000 0.000 0.000 0.000 0.000 0.000 0.000 0.000 0.000 0.000 0.000 0.000 0.000 0.000 0.000 0.000 0.000 0.000 0.000 0.000 0.000 0.000 0.000 0.000 0.000 0.000 0.000 0.000 0.000 0.000 0.000 0.000 0.000 0.000 0.000 0.000 0.000 0.000 0.000 0.000 0.000 0.000 0.000
0.001 0.002 0.003 0.004 0.005 0.005 0.005 0.005 0.005 0.005 0.005 0.005 0.004 0.004 0.003 0.003 0.002 0.002 0.002 0.001 0.001 0.001 0.000 0.000 0.000 0.000 0.000 0.000 0.000 0.000 0.000 0.000 0.000 0.000 0.000 0.000 0.000 0.000 0.000 0.000 0.000 0.000 0.000 0.000 0.000 0.000 0.000 0.000 0.000 0.000 0.000 0.000 0.000 0.000 0.000 0.000 0.000 0.000 0.000 0.000 0.000 0.000 0.000 0.000 0.000 0.000 0.000 0.000 0.000 0.000 0.000 0.000 0.000 0.000 0.000 0.000 0.000
0.002 0.004 0.006 0.007 0.008 0.009 0.009 0.009 0.009 0.009 0.008 0.008 0.007 0.007 0.006 0.005 0.004 0.003 0.003 0.002 0.002 0.001 0.001 0.001 0.000 0.000 0.000 0.000 0.000 0.000 0.000 0.000 0.000 0.000 0.000 0.000 0.000 0.000 0.000 0.000 0.000 0.000 0.000 0.000 0.000 0.000 0.000 0.000 0.000 0.000 0.000 0.000 0.000 0.000 0.000 0.000 0.000 0.000 0.000 0.000 0.000 0.000 0.000 0.000 0.000 0.000 0.000 0.000 0.000 0.000 0.000 0.000 0.000 0.000 0.000 0.000 0.000
0.005 0.007 0.010 0.012 0.013 0.014 0.014 0.014 0.014 0.013 0.013 0.012 0.011 0.010 0.009 0.007 0.006 0.005 0.004 0.004 0.003 0.002 0.002 0.001 0.001 0.001 0.000 0.000 0.000 0.000 0.000 0.000 0.000 0.000 0.000 0.000 0.000 0.000 0.000 0.000 0.000 0.000 0.000 0.000 0.000 0.000 0.000 0.000 0.000 0.000 0.000 0.000 0.000 0.000 0.000 0.000 0.000 0.000 0.000 0.000 0.000 0.000 0.000 0.000 0.000 0.000 0.000 0.000 0.000 0.000 0.000 0.000 0.000 0.000 0.000 0.000 0.000
0.009 0.012 0.016 0.020 0.022 0.022 0.022 0.022 0.022 0.021 0.020 0.019 0.017 0.015 0.012 0.010 0.009 0.008 0.007 0.006 0.005 0.004 0.003 0.002 0.002 0.001 0.001 0.001 0.000 0.000 0.000 0.000 0.000 0.000 0.000 0.000 0.000 0.000 0.000 0.000 0.000 0.000 0.000 0.000 0.000 0.000 0.000 0.000 0.000 0.000 0.000 0.000 0.000 0.000 0.000 0.000 0.000 0.000 0.000 0.000 0.000 0.000 0.000 0.000 0.000 0.000 0.000 0.000 0.000 0.000 0.000 0.000 0.000 0.000 0.000 0.000 0.000
0.014 0.018 0.024 0.032 0.037 0.039 0.039 0.039 0.038 0.036 0.033 0.029 0.025 0.021 0.017 0.014 0.012 0.011 0.009 0.008 0.007 0.006 0.005 0.004 0.003 0.003 0.002 0.002 0.001 0.001 0.001 0.000 0.000 0.000 0.000 0.000 0.000 0.000 0.000 0.000 0.000 0.000 0.000 0.000 0.000 0.000 0.000 0.000 0.000 0.000 0.000 0.000 0.000 0.000 0.000 0.000 0.000 0.000 0.000 0.000 0.000 0.000 0.000 0.000 0.000 0.000 0.000 0.000 0.000 0.000 0.000 0.000 0.000 0.000 0.000 0.000 0.000
0.022 0.029 0.040 0.057 0.074 0.080 0.082 0.081 0.079 0.073 0.062 0.049 0.039 0.031 0.025 0.020 0.017 0.015 0.012 0.011 0.009 0.008 0.007 0.006 0.005 0.005 0.004 0.003 0.003 0.002 0.002 0.001 0.001 0.001 0.001 0.000 0.000 0.000 0.000 0.000 0.000 0.000 0.000 0.000 0.000 0.000 0.000 0.000 0.000 0.000 0.000 0.000 0.000 0.000 0.000 0.000 0.000 0.000 0.000 0.000 0.000 0.000 0.000 0.000 0.000 0.000 0.000 0.000 0.000 0.000 0.000 0.000 0.000 0.000 0.000 0.000 0.000
0.037 0.052 0.076 0.117 0.169 0.198 0.207 0.207 0.201 0.183 0.147 0.102 0.071 0.051 0.038 0.030 0.025 0.020 0.017 0.015 0.012 0.011 0.010 0.009 0.008 0.007 0.006 0.006 0.005 0.005 0.004 0.003 0.003 0.002 0.002 0.001 0.001 0.001 0.001 0.001 0.001 0.001 0.001 0.001 0.001 0.001 0.000 0.000 0.000 0.000 0.000 0.000 0.000 0.000 0.000 0.000 0.000 0.000 0.000 0.000 0.000 0.000 0.000 0.000 0.000 0.000 0.000 0.000 0.000 0.000 0.000 0.000 0.000 0.000 0.000 0.000 0.000
0.074 0.110 0.166 0.264 0.406 0.512 0.561 0.572 0.560 0.508 0.400 0.255 0.157 0.100 0.068 0.050 0.038 0.031 0.025 0.020 0.017 0.014 0.013 0.012 0.011 0.010 0.010 0.009 0.008 0.008 0.007 0.006 0.005 0.004 0.004 0.003 0.003 0.003 0.002 0.002 0.002 0.002 0.002 0.002 0.002 0.002 0.001 0.001 0.001 0.000 0.000 0.000 0.000 0.000 0.000 0.000 0.000 0.000 0.000 0.000 0.000 0.000 0.000 0.000 0.000 0.000 0.000 0.000 0.000 0.000 0.000 0.000 0.000 0.000 0.000 0.000 0.000
0.173 0.259 0.385 0.590 0.884 1.145 1.306 1.365 1.357 1.260 1.017 0.664 0.382 0.220 0.135 0.091 0.065 0.049 0.038 0.030 0.024 0.020 0.017 0.016 0.015 0.014 0.014 0.013 0.013 0.012 0.011 0.009 0.008 0.007 0.006 0.006 0.005 0.005 0.005 0.005 0.005 0.004 0.004 0.004 0.004 0.003 0.003 0.002 0.002 0.001 0.001 0.000 0.000 0.000 0.000 0.000 0.000 0.000 0.000 0.000 0.000 0.000 0.000 0.000 0.000 0.000 0.000 0.000 0.000 0.000 0.000 0.000 0.000 0.000 0.000 0.000 0.000
0.438 0.620 0.848 1.177 1.557 1.853 2.048 2.146 2.162 2.089 1.834 1.360 0.832 0.476 0.277 0.175 0.119 0.085 0.062 0.046 0.035 0.028 0.024 0.022 0.021 0.020 0.020 0.019 0.019 0.018 0.016 0.014 0.012 0.011 0.010 0.009 0.009 0.009 0.008 0.008 0.008 0.008 0.007 0.007 0.006 0.006 0.005 0.004 0.003 0.002 0.002 0.001 0.001 0.001 0.000 0.000 0.000 0.000 0.000 0.000 0.000 0.000 0.000 0.000 0.000 0.000 0.000 0.000 0.000 0.000 0.000 0.000 0.000 0.000 0.000 0.000 0.000
1.038 1.343 1.621 1.875 2.072 2.219 2.347 2.446 2.479 2.444 2.254 1.836 1.268 0.822 0.517 0.327 0.218 0.151 0.108 0.078 0.057 0.043 0.036 0.032 0.031 0.030 0.030 0.029 0.029 0.027 0.024 0.021 0.018 0.016 0.015 0.014 0.013 0.013 0.013 0.013 0.012 0.012 0.011 0.011 0.010 0.008 0.007 0.006 0.005 0.004 0.004 0.003 0.002 0.002 0.001 0.001 0.001 0.001 0.000 0.000 0.000 0.000 0.000 0.000 0.000 0.000 0.000 0.000 0.000 0.000 0.000 0.000 0.000 0.000 0.000 0.000 0.000
1.883 2.162 2.289 2.326 2.295 2.302 2.359 2.445 2.482 2.464 2.319 1.977 1.487 1.071 0.766 0.541 0.379 0.269 0.193 0.139 0.100 0.075 0.060 0.054 0.052 0.051 0.052 0.052 0.051 0.047 0.039 0.032 0.027 0.024 0.021 0.020 0.019 0.019 0.019 0.019 0.019 0.018 0.017 0.016 0.014 0.012 0.011 0.009 0.008 0.007 0.006 0.005 0.004 0.004 0.003 0.003 0.002 0.002 0.001 0.001 0.001 0.000 0.000 0.000 0.000 0.000 0.000 0.000 0.000 0.000 0.000 0.000 0.000 0.000 0.000 0.000 0.000
2.331 2.549 2.575 2.484 2.309 2.207 2.174 2.200 2.220 2.212 2.131 1.904 1.538 1.187 0.928 0.728 0.573 0.448 0.343 0.256 0.188 0.142 0.117 0.106 0.104 0.109 0.115 0.116 0.112 0.098 0.074 0.056 0.045 0.038 0.034 0.031 0.029 0.029 0.029 0.029 0.029 0.029 0.027 0.023 0.020 0.017 0.015 0.013 0.011 0.010 0.009 0.008 0.007 0.006 0.005 0.005 0.004 0.004 0.003 0.002 0.002 0.001 0.001 0.000 0.000 0.000 0.000 0.000 0.000 0.000 0.000 0.000 0.000 0.000 0.000 0.000 0.000
2.377 2.569 2.569 2.422 2.130 1.859 1.696 1.617 1.591 1.592 1.601 1.576 1.432 1.206 1.000 0.838 0.702 0.594 0.504 0.423 0.345 0.281 0.244 0.233 0.238 0.268 0.297 0.301 0.286 0.243 0.178 0.127 0.095 0.075 0.062 0.054 0.050 0.049 0.049 0.050 0.051 0.050 0.046 0.037 0.029 0.024 0.021 0.018 0.016 0.014 0.012 0.011 0.010 0.009 0.008 0.007 0.007 0.006 0.005 0.005 0.004 0.003 0.002 0.001 0.001 0.000 0.000 0.000 0.000 0.000 0.000 0.000 0.000 0.000 0.000 0.000 0.000
2.084 2.220 2.197 2.009 1.625 1.224 0.977 0.863 0.831 0.835 0.884 1.009 1.121 1.105 1.003 0.878 0.763 0.668 0.598 0.546 0.505 0.472 0.455 0.459 0.492 0.578 0.675 0.708 0.684 0.599 0.468 0.338 0.244 0.182 0.143 0.117 0.104 0.098 0.098 0.100 0.102 0.101 0.090 0.067 0.048 0.037 0.030 0.025 0.021 0.019 0.016 0.015 0.013 0.012 0.012 0.011 0.010 0.010 0.009 0.008 0.007 0.005 0.004 0.003 0.002 0.001 0.001 0.000 0.000 0.000 0.000 0.000 0.000 0.000 0.000 0.000 0.000
1.319 1.351 1.316 1.172 0.887 0.607 0.457 0.393 0.377 0.383 0.424 0.529 0.706 0.859 0.910 0.863 0.778 0.695 0.638 0.606 0.591 0.587 0.596 0.626 0.692 0.811 0.975 1.089 1.121 1.082 0.972 0.803 0.624 0.470 0.360 0.289 0.247 0.230 0.226 0.229 0.232 0.226 0.194 0.134 0.088 0.062 0.048 0.038 0.031 0.026 0.023 0.020 0.018 0.017 0.016 0.015 0.015 0.014 0.013 0.012 0.010 0.008 0.006 0.005 0.004 0.003 0.002 0.001 0.001 0.001 0.001 0.000 0.000 0.000 0.000 0.000 0.000
0.575 0.556 0.536 0.491 0.388 0.271 0.207 0.180 0.175 0.180 0.203 0.265 0.385 0.561 0.707 0.764 0.744 0.692 0.644 0.620 0.614 0.620 0.642 0.684 0.758 0.879 1.054 1.224 1.318 1.338 1.302 1.205 1.053 0.888 0.750 0.642 0.571 0.537 0.528 0.532 0.532 0.506 0.425 0.291 0.181 0.119 0.085 0.063 0.049 0.039 0.033 0.028 0.025 0.023 0.022 0.021 0.021 0.020 0.019 0.017 0.015 0.012 0.010 0.008 0.006 0.005 0.004 0.003 0.003 0.002 0.002 0.002 0.001 0.001 0.001 0.001 0.001
0.252 0.225 0.209 0.194 0.166 0.127 0.105 0.096 0.095 0.097 0.109 0.143 0.212 0.329 0.474 0.586 0.637 0.638 0.616 0.598 0.594 0.601 0.627 0.671 0.741 0.850 1.010 1.202 1.338 1.393 1.391 1.339 1.224 1.099 1.010 0.943 0.900 0.885 0.899 0.933 0.942 0.916 0.809 0.606 0.391 0.250 0.167 0.117 0.085 0.065 0.051 0.042 0.037 0.033 0.031 0.030 0.029 0.029 0.027 0.025 0.021 0.017 0.014 0.012 0.010 0.008 0.007 0.006 0.005 0.005 0.004 0.004 0.004 0.003 0.003 0.003 0.003
0.132 0.110 0.099 0.091 0.082 0.071 0.065 0.063 0.063 0.064 0.072 0.091 0.131 0.202 0.302 0.403 0.476 0.514 0.523 0.515 0.509 0.514 0.538 0.580 0.637 0.715 0.835 1.018 1.209 1.314 1.339 1.310 1.223 1.132 1.082 1.049 1.033 1.038 1.083 1.146 1.164 1.149 1.074 0.927 0.718 0.512 0.341 0.227 0.157 0.115 0.087 0.069 0.057 0.051 0.047 0.045 0.044 0.043 0.041 0.037 0.031 0.024 0.020 0.016 0.014 0.012 0.010 0.009 0.008 0.008 0.007 0.007 0.007 0.007 0.007 0.007 0.006
0.086 0.069 0.061 0.056 0.053 0.050 0.049 0.049 0.049 0.051 0.057 0.070 0.096 0.140 0.203 0.274 0.329 0.362 0.374 0.372 0.364 0.364 0.377 0.404 0.439 0.479 0.542 0.665 0.860 1.023 1.096 1.108 1.076 1.041 1.030 1.027 1.031 1.052 1.117 1.192 1.219 1.211 1.164 1.074 0.947 0.790 0.603 0.416 0.286 0.206 0.154 0.119 0.097 0.085 0.078 0.074 0.071 0.068 0.064 0.058 0.048 0.036 0.028 0.023 0.019 0.017 0.015 0.014 0.013 0.012 0.012 0.012 0.012 0.012 0.012 0.012 0.011
0.065 0.054 0.048 0.045 0.044 0.043 0.043 0.043 0.044 0.047 0.052 0.062 0.080 0.107 0.145 0.191 0.228 0.247 0.252 0.250 0.240 0.234 0.235 0.244 0.260 0.279 0.305 0.356 0.458 0.586 0.676 0.723 0.748 0.772 0.807 0.849 0.893 0.950 1.044 1.139 1.183 1.189 1.163 1.105 1.029 0.933 0.806 0.642 0.481 0.359 0.273 0.213 0.174 0.149 0.136 0.127 0.121 0.115 0.108 0.098 0.081 0.060 0.043 0.034 0.028 0.024 0.021 0.020 0.019 0.018 0.018 0.018 0.019 0.020 0.020 0.019 0.018
0.054 0.047 0.044 0.042 0.041 0.041 0.041 0.041 0.043 0.046 0.051 0.060 0.072 0.088 0.110 0.137 0.161 0.173 0.175 0.173 0.165 0.157 0.154 0.156 0.161 0.169 0.179 0.196 0.233 0.296 0.352 0.387 0.413 0.438 0.472 0.522 0.592 0.683 0.807 0.934 1.018 1.063 1.081 1.069 1.032 0.984 0.927 0.847 0.732 0.600 0.480 0.388 0.319 0.272 0.241 0.222 0.210 0.201 0.190 0.175 0.150 0.112 0.076 0.054 0.042 0.035 0.031 0.029 0.027 0.027 0.027 0.028 0.030 0.031 0.031 0.030 0.029
0.047 0.044 0.042 0.041 0.040 0.040 0.040 0.041 0.043 0.046 0.052 0.060 0.069 0.078 0.088 0.102 0.118 0.127 0.130 0.129 0.124 0.117 0.114 0.113 0.115 0.117 0.121 0.126 0.136 0.158 0.185 0.204 0.220 0.236 0.256 0.284 0.326 0.388 0.476 0.590 0.701 0.793 0.867 0.924 0.964 0.995 1.013 1.011 0.981 0.912 0.810 0.696 0.585 0.487 0.418 0.377 0.355 0.344 0.336 0.321 0.287 0.227 0.152 0.101 0.073 0.058 0.050 0.045 0.042 0.041 0.041 0.043 0.047 0.049 0.049 0.048 0.045
0.043 0.042 0.042 0.042 0.041 0.041 0.042 0.043 0.046 0.050 0.056 0.062 0.068 0.073 0.078 0.084 0.094 0.103 0.106 0.107 0.105 0.100 0.096 0.095 0.095 0.097 0.097 0.099 0.101 0.108 0.118 0.126 0.133 0.141 0.151 0.166 0.187 0.220 0.269 0.335 0.412 0.490 0.572 0.670 0.801 0.961 1.083 1.151 1.174 1.163 1.122 1.046 0.935 0.790 0.662 0.584 0.548 0.539 0.545 0.557 0.532 0.457 0.332 0.212 0.143 0.108 0.089 0.079 0.073 0.071 0.071 0.073 0.079 0.082 0.081 0.077 0.071
0.042 0.042 0.042 0.043 0.044 0.045 0.047 0.051 0.055 0.060 0.064 0.068 0.070 0.073 0.075 0.079 0.084 0.091 0.096 0.098 0.098 0.096 0.092 0.090 0.091 0.091 0.092 0.092 0.093 0.096 0.101 0.105 0.107 0.109 0.112 0.117 0.125 0.141 0.166 0.203 0.250 0.309 0.386 0.498 0.679 0.936 1.143 1.266 1.321 1.332 1.320 1.272 1.175 1.017 0.855 0.752 0.701 0.689 0.703 0.763 0.824 0.802 0.671 0.466 0.309 0.227 0.184 0.160 0.147 0.141 0.139 0.140 0.144 0.144 0.138 0.124 0.109
0.041 0.042 0.044 0.047 0.051 0.056 0.063 0.071 0.077 0.081 0.083 0.083 0.081 0.078 0.078 0.079 0.083 0.088 0.093 0.098 0.099 0.097 0.094 0.093 0.093 0.093 0.093 0.094 0.095 0.098 0.102 0.105 0.106 0.105 0.103 0.102 0.104 0.110 0.122 0.142 0.173 0.222 0.302 0.435 0.648 0.947 1.196 1.347 1.418 1.437 1.432 1.394 1.301 1.142 0.971 0.859 0.800 0.783 0.793 0.853 0.978 1.056 1.031 0.881 0.667 0.510 0.423 0.368 0.334 0.315 0.303 0.294 0.283 0.263 0.232 0.197 0.166
0.041 0.043 0.046 0.053 0.062 0.077 0.100 0.115 0.123 0.125 0.123 0.117 0.107 0.096 0.089 0.086 0.087 0.089 0.094 0.102 0.108 0.110 0.109 0.109 0.109 0.109 0.109 0.110 0.114 0.120 0.123 0.124 0.122 0.117 0.108 0.102 0.100 0.101 0.106 0.118 0.142 0.189 0.279 0.431 0.668 0.987 1.238 1.387 1.460 1.481 1.476 1.435 1.341 1.188 1.026 0.916 0.852 0.829 0.831 0.875 1.000 1.147 1.214 1.207 1.132 1.031 0.936 0.850 0.773 0.723 0.684 0.636 0.569 0.480 0.385 0.306 0.248
0.042 0.045 0.050 0.061 0.079 0.113 0.164 0.198 0.209 0.209 0.200 0.184 0.162 0.137 0.118 0.106 0.102 0.101 0.105 0.119 0.141 0.154 0.159 0.161 0.161 0.161 0.161 0.165 0.177 0.188 0.191 0.188 0.179 0.161 0.134 0.114 0.105 0.102 0.104 0.112 0.133 0.183 0.282 0.458 0.727 1.030 1.251 1.391 1.460 1.478 1.469 1.420 1.324 1.183 1.037 0.934 0.869 0.838 0.834 0.861 0.961 1.123 1.248 1.325 1.381 1.427 1.464 1.474 1.450 1.412 1.356 1.255 1.087 0.857 0.628 0.469 0.362
0.044 0.049 0.057 0.071 0.098 0.146 0.219 0.277 0.304 0.309 0.303 0.285 0.256 0.215 0.175 0.149 0.137 0.135 0.142 0.176 0.230 0.267 0.286 0.292 0.294 0.293 0.294 0.303 0.328 0.347 0.350 0.341 0.314 0.268 0.205 0.153 0.124 0.111 0.109 0.114 0.134 0.186 0.297 0.489 0.759 1.030 1.221 1.335 1.385 1.392 1.368 1.303 1.211 1.106 1.002 0.921 0.860 0.819 0.801 0.806 0.859 0.985 1.149 1.304 1.431 1.560 1.696 1.808 1.870 1.885 1.863 1.779 1.607 1.333 0.993 0.709 0.527
0.051 0.057 0.067 0.085 0.115 0.164 0.239 0.309 0.350 0.365 0.365 0.354 0.330 0.291 0.249 0.219 0.204 0.204 0.235 0.323 0.430 0.493 0.521 0.529 0.528 0.525 0.526 0.543 0.586 0.618 0.622 0.601 0.547 0.459 0.341 0.234 0.167 0.134 0.124 0.125 0.142 0.195 0.308 0.495 0.752 0.969 1.099 1.159 1.172 1.153 1.105 1.037 0.968 0.914 0.870 0.831 0.793 0.753 0.717 0.700 0.705 0.755 0.888 1.100 1.321 1.521 1.716 1.889 2.009 2.057 2.051 1.991 1.858 1.643 1.352 1.033 0.774
0.064 0.073 0.086 0.103 0.129 0.170 0.234 0.307 0.356 0.379 0.384 0.379 0.359 0.324 0.293 0.278 0.277 0.304 0.390 0.544 0.668 0.722 0.735 0.733 0.722 0.711 0.710 0.731 0.791 0.838 0.844 0.813 0.737 0.622 0.477 0.341 0.238 0.177 0.153 0.149 0.161 0.210 0.313 0.483 0.681 0.808 0.857 0.860 0.829 0.768 0.708 0.663 0.637 0.629 0.630 0.635 0.631 0.614 0.577 0.543 0.531 0.542 0.602 0.748 0.977 1.241 1.523 1.786 1.965 2.047 2.056 2.015 1.913 1.756 1.557 1.323 1.097
