RESULTS/r.avaflow_results/13_results/13_ascii/13_hflow0043.asc
ncols 506
nrows 317
xllcenter 498237.50
yllcenter 5580050.00
cellsize 12.50
NODATA_value -9999.000
[rows 136 to 169 of 317, columns 154 to 230 of 506]
0.000 0.000 0.000 0.000 0.000 0.000 0.000 0.000 0.000 0.000 0.000 0.000 0.000 0.000 0.000 0.000 0.000 0.000 0.000 0.000 0.000 0.000 0.000 0.000 0.000 0.000 0.000 0.000 0.000 0.000 0.000 0.000 0.000 0.000 0.000 0.000 0.000 0.000 0.000 0.000 0.000 0.000 0.000 0.000 0.000 0.000 0.000 0.000 0.000 0.000 0.000 0.000 0.000 0.000 0.000 0.000 0.000 0.000 0.000 0.000 0.000 0.000 0.000 0.000 0.000 0.000 0.000 0.000 0.000 0.000 0.000 0.000 0.000 0.000 0.000 0.000 0.000
0.000 0.000 0.000 0.000 0.000 0.000 0.000 0.000 0.000 0.000 0.000 0.000 0.000 0.000 0.000 0.000 0.000 0.000 0.000 0.000 0.000 0.000 0.000 0.000 0.000 0.000 0.000 0.000 0.000 0.000 0.000 0.000 0.000 0.000 0.000 0.000 0.000 0.000 0.000 0.000 0.000 0.000 0.000 0.000 0.000 0.000 0.000 0.000 0.000 0.000 0.000 0.000 0.000 0.000 0.000 0.000 0.000 0.000 0.000 0.000 0.000 0.000 0.000 0.000 0.000 0.000 0.000 0.000 0.000 0.000 0.000 0.000 0.000 0.000 0.000 0.000 0.000
0.000 0.000 0.000 0.000 0.000 0.000 0.000 0.000 0.000 0.000 0.000 0.000 0.000 0.000 0.000 0.000 0.000 0.000 0.000 0.000 0.000 0.000 0.000 0.000 0.000 0.000 0.000 0.000 0.000 0.000 0.000 0.000 0.000 0.000 0.000 0.000 0.000 0.000 0.000 0.000 0.000 0.000 0.000 0.000 0.000 0.000 0.000 0.000 0.000 0.000 0.000 0.000 0.000 0.000 0.000 0.000 0.000 0.000 0.000 0.000 0.000 0.000 0.000 0.000 0.000 0.000 0.000 0.000 0.000 0.000 0.000 0.000 0.000 0.000 0.000 0.000 0.000
0.000 0.000 0.000 0.000 0.000 0.000 0.000 0.000 0.000 0.000 0.000 0.000 0.000 0.000 0.000 0.000 0.000 0.000 0.000 0.000 0.000 0.000 0.000 0.000 0.000 0.000 0.000 0.000 0.000 0.000 0.000 0.000 0.000 0.000 0.000 0.000 0.000 0.000 0.000 0.000 0.000 0.000 0.000 0.000 0.000 0.000 0.000 0.000 0.000 0.000 0.000 0.000 0.000 0.000 0.000 0.000 0.000 0.000 0.000 0.000 0.000 0.000 0.000 0.000 0.000 0.000 0.000 0.000 0.000 0.000 0.000 0.000 0.000 0.000 0.000 0.000 0.000
0.000 0.000 0.000 0.000 0.000 0.000 0.000 0.000 0.000 0.000 0.000 0.000 0.000 0.000 0.000 0.000 0.000 0.000 0.000 0.000 0.000 0.000 0.000 0.000 0.000 0.000 0.000 0.000 0.000 0.000 0.000 0.000 0.000 0.000 0.000 0.000 0.000 0.000 0.000 0.000 0.000 0.000 0.000 0.000 0.000 0.000 0.000 0.000 0.000 0.000 0.000 0.000 0.000 0.000 0.000 0.000 0.000 0.000 0.000 0.000 0.000 0.000 0.000 0.000 0.000 0.000 0.000 0.000 0.000 0.000 0.000 0.000 0.000 0.000 0.000 0.000 0.000
0.000 0.000 0.000 0.000 0.000 0.000 0.000 0.000 0.000 0.000 0.000 0.000 0.000 0.000 0.000 0.000 0.000 0.000 0.000 0.000 0.000 0.000 0.000 0.000 0.000 0.000 0.000 0.000 0.000 0.000 0.000 0.000 0.000 0.000 0.000 0.000 0.000 0.000 0.000 0.000 0.000 0.000 0.000 0.000 0.000 0.000 0.000 0.000 0.000 0.000 0.000 0.000 0.000 0.000 0.000 0.000 0.000 0.000 0.000 0.000 0.000 0.000 0.000 0.000 0.000 0.000 0.000 0.000 0.000 0.000 0.000 0.000 0.000 0.000 0.000 0.000 0.000
0.000 0.000 0.000 0.000 0.000 0.000 0.000 0.000 0.000 0.000 0.000 0.000 0.000 0.000 0.000 0.000 0.000 0.000 0.000 0.000 0.000 0.000 0.000 0.000 0.000 0.000 0.000 0.000 0.000 0.000 0.000 0.000 0.000 0.000 0.000 0.000 0.000 0.000 0.000 0.000 0.000 0.000 0.000 0.000 0.000 0.000 0.000 0.000 0.000 0.000 0.000 0.000 0.000 0.000 0.000 0.000 0.000 0.000 0.000 0.000 0.000 0.000 0.000 0.000 0.000 0.000 0.000 0.000 0.000 0.000 0.000 0.000 0.000 0.000 0.000 0.000 0.000
0.000 0.000 0.000 0.000 0.000 0.000 0.000 0.000 0.000 0.000 0.000 0.000 0.000 0.000 0.000 0.000 0.000 0.000 0.000 0.000 0.000 0.000 0.000 0.000 0.000 0.000 0.000 0.000 0.000 0.000 0.000 0.000 0.000 0.000 0.000 0.000 0.000 0.000 0.000 0.000 0.000 0.000 0.000 0.000 0.000 0.000 0.000 0.000 0.000 0.000 0.000 0.000 0.000 0.000 0.000 0.000 0.000 0.000 0.000 0.000 0.000 0.000 0.000 0.000 0.000 0.000 0.000 0.000 0.000 0.000 0.000 0.000 0.000 0.000 0.000 0.000 0.000
0.000 0.000 0.000 0.000 0.000 0.000 0.000 0.000 0.000 0.000 0.000 0.000 0.000 0.000 0.000 0.000 0.000 0.000 0.000 0.000 0.000 0.000 0.000 0.000 0.000 0.000 0.000 0.000 0.000 0.000 0.000 0.000 0.000 0.000 0.000 0.000 0.000 0.000 0.000 0.000 0.000 0.000 0.000 0.000 0.000 0.000 0.000 0.000 0.000 0.000 0.000 0.000 0.000 0.000 0.000 0.000 0.000 0.000 0.000 0.000 0.000 0.000 0.000 0.000 0.000 0.000 0.000 0.000 0.000 0.000 0.000 0.000 0.000 0.000 0.000 0.000 0.000
0.000 0.000 0.000 0.000 0.000 0.000 0.000 0.000 0.000 0.000 0.000 0.000 0.000 0.000 0.000 0.000 0.000 0.000 0.000 0.000 0.000 0.000 0.000 0.000 0.000 0.000 0.000 0.000 0.000 0.000 0.000 0.000 0.000 0.000 0.000 0.000 0.000 0.000 0.000 0.000 0.000 0.000 0.000 0.000 0.000 0.000 0.000 0.000 0.000 0.000 0.000 0.000 0.000 0.000 0.000 0.000 0.000 0.000 0.000 0.000 0.000 0.000 0.000 0.000 0.000 0.000 0.000 0.000 0.000 0.000 0.000 0.000 0.000 0.000 0.000 0.000 0.000
0.000 0.000 0.000 0.000 0.000 0.000 0.000 0.000 0.000 0.000 0.000 0.000 0.000 0.000 0.000 0.000 0.000 0.000 0.000 0.000 0.000 0.000 0.000 0.000 0.000 0.000 0.000 0.000 0.000 0.000 0.000 0.000 0.000 0.000 0.000 0.000 0.000 0.000 0.000 0.000 0.000 0.000 0.000 0.000 0.000 0.000 0.000 0.000 0.000 0.000 0.000 0.000 0.000 0.000 0.000 0.000 0.000 0.000 0.000 0.000 0.000 0.000 0.000 0.000 0.000 0.000 0.000 0.000 0.000 0.000 0.000 0.000 0.000 0.000 0.000 0.000 0.000
0.000 0.000 0.000 0.000 0.000 0.000 0.000 0.000 0.000 0.000 0.000 0.000 0.000 0.000 0.000 0.000 0.000 0.000 0.000 0.000 0.000 0.000 0.000 0.000 0.000 0.000 0.000 0.000 0.000 0.000 0.000 0.000 0.000 0.000 0.000 0.000 0.000 0.000 0.000 0.000 0.000 0.000 0.000 0.000 0.000 0.000 0.000 0.000 0.000 0.000 0.000 0.000 0.000 0.000 0.000 0.000 0.000 0.000 0.000 0.000 0.000 0.000 0.000 0.000 0.000 0.000 0.000 0.000 0.000 0.000 0.000 0.000 0.000 0.000 0.000 0.000 0.000
0.000 0.000 0.000 0.000 0.000 0.000 0.000 0.000 0.000 0.000 0.000 0.000 0.000 0.000 0.000 0.000 0.000 0.000 0.000 0.000 0.000 0.000 0.000 0.000 0.000 0.000 0.000 0.000 0.000 0.000 0.000 0.000 0.000 0.000 0.000 0.000 0.000 0.000 0.000 0.000 0.000 0.000 0.000 0.000 0.000 0.000 0.000 0.000 0.000 0.000 0.000 0.000 0.000 0.000 0.000 0.000 0.000 0.000 0.000 0.000 0.000 0.000 0.000 0.000 0.000 0.000 0.000 0.000 0.000 0.000 0.000 0.000 0.000 0.000 0.000 0.000 0.000
0.001 0.001 0.001 0.001 0.001 0.001 0.001 0.001 0.001 0.001 0.001 0.001 0.001 0.001 0.001 0.001 0.001 0.001 0.001 0.001 0.001 0.001 0.001 0.001 0.001 0.001 0.000 0.000 0.000 0.000 0.000 0.000 0.000 0.000 0.000 0.000 0.000 0.000 0.000 0.000 0.000 0.000 0.000 0.000 0.001 0.001 0.001 0.001 0.001 0.001 0.001 0.001 0.001 0.001 0.001 0.001 0.001 0.001 0.001 0.001 0.000 0.000 0.000 0.000 0.000 0.000 0.000 0.000 0.000 0.000 0.000 0.000 0.000 0.000 0.000 0.000 0.000
0.003 0.003 0.002 0.002 0.002 0.002 0.002 0.002 0.003 0.003 0.003 0.003 0.003 0.003 0.003 0.003 0.002 0.002 0.002 0.002 0.002 0.002 0.002 0.002 0.001 0.001 0.001 0.001 0.001 0.001 0.001 0.000 0.000 0.000 0.000 0.000 0.000 0.000 0.000 0.001 0.001 0.001 0.001 0.001 0.001 0.002 0.002 0.002 0.002 0.002 0.002 0.002 0.002 0.002 0.002 0.002 0.002 0.002 0.001 0.001 0.001 0.001 0.001 0.001 0.001 0.001 0.001 0.001 0.001 0.001 0.001 0.001 0.001 0.001 0.000 0.000 0.000
0.005 0.004 0.004 0.004 0.004 0.004 0.004 0.004 0.004 0.004 0.004 0.004 0.004 0.004 0.004 0.004 0.004 0.004 0.004 0.004 0.003 0.003 0.003 0.003 0.002 0.002 0.002 0.002 0.002 0.002 0.001 0.001 0.001 0.001 0.001 0.001 0.001 0.001 0.001 0.001 0.002 0.002 0.002 0.002 0.003 0.003 0.003 0.003 0.003 0.003 0.003 0.003 0.003 0.003 0.003 0.003 0.003 0.003 0.003 0.003 0.003 0.002 0.002 0.002 0.002 0.002 0.002 0.002 0.002 0.002 0.002 0.002 0.002 0.001 0.001 0.001 0.001
0.007 0.006 0.006 0.006 0.006 0.005 0.005 0.005 0.005 0.005 0.005 0.005 0.005 0.005 0.005 0.005 0.005 0.005 0.005 0.005 0.005 0.004 0.004 0.004 0.004 0.003 0.003 0.003 0.003 0.003 0.002 0.002 0.002 0.002 0.002 0.002 0.002 0.002 0.002 0.003 0.003 0.003 0.004 0.004 0.004 0.005 0.005 0.005 0.005 0.005 0.005 0.005 0.005 0.005 0.005 0.005 0.005 0.005 0.005 0.004 0.004 0.004 0.004 0.004 0.004 0.004 0.004 0.004 0.004 0.004 0.004 0.003 0.003 0.003 0.002 0.002 0.002
0.010 0.009 0.008 0.008 0.007 0.007 0.007 0.007 0.007 0.007 0.007 0.006 0.006 0.006 0.006 0.006 0.006 0.006 0.006 0.006 0.006 0.006 0.005 0.005 0.005 0.005 0.005 0.004 0.004 0.004 0.004 0.004 0.004 0.004 0.004 0.004 0.004 0.004 0.004 0.004 0.004 0.005 0.005 0.006 0.006 0.007 0.007 0.008 0.008 0.008 0.008 0.008 0.008 0.008 0.008 0.008 0.007 0.007 0.007 0.007 0.006 0.006 0.006 0.006 0.006 0.006 0.006 0.006 0.006 0.006 0.006 0.005 0.005 0.004 0.004 0.003 0.003
0.017 0.014 0.012 0.011 0.010 0.009 0.009 0.008 0.008 0.008 0.008 0.008 0.008 0.007 0.007 0.007 0.007 0.007 0.007 0.007 0.007 0.007 0.007 0.006 0.006 0.006 0.006 0.006 0.006 0.005 0.005 0.005 0.005 0.005 0.005 0.005 0.005 0.005 0.006 0.006 0.006 0.007 0.007 0.008 0.009 0.010 0.010 0.011 0.011 0.011 0.011 0.011 0.011 0.011 0.011 0.011 0.010 0.010 0.010 0.010 0.009 0.009 0.009 0.009 0.009 0.009 0.009 0.009 0.009 0.009 0.009 0.008 0.007 0.006 0.005 0.005 0.004
0.034 0.025 0.019 0.016 0.014 0.012 0.011 0.011 0.010 0.010 0.010 0.009 0.009 0.009 0.009 0.009 0.008 0.008 0.008 0.008 0.008 0.008 0.008 0.008 0.008 0.007 0.007 0.007 0.007 0.007 0.007 0.007 0.007 0.007 0.007 0.007 0.007 0.007 0.008 0.008 0.009 0.009 0.010 0.011 0.012 0.013 0.014 0.015 0.015 0.016 0.016 0.016 0.015 0.015 0.015 0.015 0.015 0.014 0.014 0.014 0.013 0.013 0.013 0.012 0.013 0.013 0.013 0.013 0.013 0.013 0.012 0.011 0.010 0.008 0.007 0.006 0.006
0.094 0.060 0.039 0.028 0.022 0.018 0.016 0.014 0.014 0.013 0.012 0.012 0.012 0.011 0.011 0.011 0.010 0.010 0.010 0.009 0.009 0.009 0.009 0.009 0.009 0.009 0.009 0.009 0.009 0.009 0.009 0.009 0.009 0.009 0.009 0.009 0.009 0.009 0.010 0.010 0.011 0.012 0.013 0.014 0.015 0.017 0.019 0.020 0.021 0.021 0.021 0.021 0.021 0.021 0.021 0.021 0.021 0.020 0.020 0.020 0.019 0.018 0.018 0.018 0.018 0.018 0.019 0.020 0.020 0.019 0.018 0.016 0.013 0.011 0.010 0.009 0.008
0.352 0.202 0.114 0.068 0.044 0.032 0.025 0.022 0.020 0.019 0.017 0.016 0.016 0.015 0.014 0.013 0.013 0.012 0.012 0.011 0.011 0.011 0.011 0.011 0.011 0.011 0.011 0.011 0.011 0.011 0.011 0.011 0.011 0.011 0.011 0.011 0.011 0.012 0.012 0.013 0.014 0.015 0.016 0.017 0.019 0.021 0.024 0.027 0.028 0.028 0.029 0.029 0.030 0.031 0.031 0.031 0.031 0.031 0.031 0.031 0.030 0.028 0.027 0.026 0.026 0.027 0.030 0.032 0.032 0.031 0.028 0.022 0.018 0.014 0.012 0.011 0.010
1.335 0.783 0.424 0.227 0.128 0.079 0.055 0.043 0.036 0.032 0.028 0.026 0.023 0.021 0.019 0.018 0.017 0.016 0.015 0.014 0.014 0.014 0.014 0.013 0.013 0.013 0.013 0.013 0.013 0.013 0.013 0.013 0.013 0.013 0.013 0.014 0.014 0.014 0.015 0.016 0.017 0.018 0.020 0.021 0.024 0.027 0.031 0.035 0.037 0.038 0.039 0.040 0.041 0.044 0.047 0.049 0.049 0.050 0.052 0.052 0.051 0.048 0.045 0.043 0.043 0.045 0.050 0.056 0.058 0.057 0.048 0.034 0.024 0.019 0.015 0.013 0.012
3.498 2.388 1.419 0.799 0.443 0.256 0.161 0.112 0.086 0.070 0.058 0.048 0.040 0.033 0.028 0.025 0.022 0.021 0.020 0.019 0.018 0.017 0.017 0.016 0.016 0.016 0.016 0.016 0.016 0.016 0.016 0.016 0.016 0.016 0.016 0.016 0.017 0.017 0.018 0.019 0.020 0.022 0.024 0.027 0.029 0.033 0.038 0.044 0.048 0.050 0.052 0.055 0.059 0.067 0.075 0.081 0.085 0.089 0.092 0.094 0.093 0.090 0.085 0.081 0.081 0.083 0.094 0.114 0.124 0.121 0.101 0.061 0.036 0.025 0.019 0.016 0.014
5.768 4.645 3.341 2.139 1.316 0.818 0.524 0.355 0.255 0.192 0.148 0.114 0.087 0.066 0.051 0.041 0.034 0.030 0.027 0.025 0.024 0.022 0.021 0.021 0.020 0.020 0.019 0.019 0.019 0.019 0.019 0.019 0.019 0.019 0.019 0.020 0.020 0.021 0.021 0.023 0.025 0.027 0.030 0.033 0.037 0.042 0.048 0.055 0.060 0.066 0.071 0.079 0.090 0.106 0.125 0.142 0.154 0.164 0.172 0.178 0.181 0.180 0.175 0.170 0.169 0.174 0.203 0.264 0.296 0.293 0.242 0.135 0.066 0.037 0.025 0.020 0.017
7.302 6.345 5.248 4.021 2.877 1.968 1.350 0.952 0.692 0.514 0.386 0.290 0.217 0.159 0.114 0.084 0.065 0.053 0.045 0.040 0.035 0.031 0.029 0.027 0.026 0.025 0.024 0.024 0.023 0.023 0.023 0.023 0.023 0.023 0.023 0.024 0.024 0.025 0.027 0.029 0.032 0.035 0.039 0.044 0.049 0.055 0.062 0.071 0.080 0.091 0.104 0.123 0.149 0.183 0.222 0.256 0.282 0.301 0.318 0.334 0.349 0.359 0.366 0.370 0.376 0.399 0.475 0.633 0.736 0.731 0.609 0.342 0.146 0.065 0.036 0.026 0.021
8.480 7.573 6.635 5.640 4.574 3.504 2.598 1.919 1.434 1.084 0.830 0.650 0.513 0.395 0.291 0.210 0.155 0.119 0.094 0.075 0.061 0.050 0.044 0.040 0.037 0.035 0.032 0.030 0.029 0.028 0.027 0.027 0.028 0.028 0.028 0.029 0.030 0.032 0.034 0.038 0.043 0.048 0.054 0.062 0.070 0.078 0.087 0.099 0.114 0.137 0.167 0.209 0.265 0.337 0.410 0.467 0.509 0.538 0.562 0.584 0.606 0.629 0.650 0.671 0.697 0.744 0.854 1.100 1.400 1.498 1.340 0.853 0.355 0.138 0.060 0.036 0.027
9.611 8.680 7.786 6.878 5.910 4.862 3.864 3.036 2.370 1.852 1.470 1.208 1.015 0.843 0.677 0.525 0.398 0.300 0.227 0.172 0.130 0.099 0.079 0.066 0.058 0.052 0.047 0.042 0.038 0.035 0.034 0.034 0.034 0.034 0.034 0.035 0.038 0.042 0.047 0.054 0.062 0.072 0.083 0.094 0.106 0.118 0.131 0.149 0.178 0.222 0.287 0.378 0.499 0.628 0.727 0.777 0.792 0.790 0.795 0.802 0.808 0.816 0.828 0.848 0.879 0.933 1.039 1.285 1.712 1.975 1.964 1.552 0.804 0.301 0.114 0.054 0.035
10.741 9.751 8.836 7.931 7.000 6.018 5.029 4.134 3.370 2.749 2.276 1.945 1.711 1.506 1.303 1.091 0.883 0.700 0.547 0.420 0.315 0.231 0.170 0.131 0.106 0.089 0.075 0.064 0.054 0.048 0.045 0.043 0.043 0.043 0.045 0.048 0.053 0.060 0.070 0.084 0.102 0.121 0.139 0.156 0.173 0.189 0.210 0.244 0.297 0.381 0.516 0.692 0.853 0.952 0.988 0.971 0.928 0.895 0.887 0.888 0.885 0.879 0.879 0.887 0.911 0.959 1.052 1.275 1.723 2.089 2.177 1.985 1.331 0.582 0.215 0.089 0.050
11.820 10.766 9.802 8.890 8.004 7.110 6.191 5.281 4.459 3.788 3.269 2.887 2.608 2.376 2.148 1.897 1.625 1.363 1.130 0.921 0.728 0.548 0.401 0.293 0.220 0.172 0.137 0.109 0.088 0.073 0.065 0.062 0.061 0.062 0.067 0.074 0.083 0.098 0.121 0.153 0.189 0.223 0.250 0.273 0.294 0.319 0.356 0.421 0.524 0.669 0.847 1.001 1.079 1.097 1.071 1.009 0.935 0.890 0.875 0.874 0.869 0.859 0.856 0.858 0.868 0.893 0.954 1.124 1.536 2.000 2.164 2.103 1.687 0.918 0.368 0.147 0.074
12.836 11.715 10.733 9.835 8.997 8.193 7.384 6.540 5.711 5.038 4.513 4.103 3.769 3.475 3.188 2.882 2.565 2.263 1.978 1.701 1.419 1.116 0.835 0.620 0.466 0.358 0.276 0.212 0.164 0.131 0.113 0.105 0.104 0.107 0.116 0.130 0.152 0.189 0.246 0.312 0.372 0.422 0.459 0.488 0.515 0.553 0.627 0.747 0.871 0.975 1.060 1.114 1.128 1.111 1.056 0.961 0.865 0.801 0.769 0.756 0.749 0.743 0.742 0.743 0.740 0.731 0.743 0.825 1.130 1.668 1.995 2.032 1.820 1.229 0.567 0.232 0.110
13.848 12.664 11.691 10.835 10.034 9.287 8.574 7.854 7.121 6.490 5.981 5.555 5.173 4.803 4.418 4.008 3.636 3.320 3.016 2.698 2.336 1.901 1.458 1.112 0.864 0.687 0.549 0.434 0.340 0.272 0.231 0.214 0.211 0.217 0.233 0.262 0.313 0.408 0.529 0.634 0.712 0.772 0.822 0.862 0.898 0.946 1.021 1.091 1.111 1.107 1.107 1.108 1.092 1.038 0.935 0.800 0.678 0.586 0.533 0.510 0.504 0.507 0.516 0.521 0.515 0.493 0.485 0.519 0.692 1.154 1.646 1.826 1.768 1.409 0.784 0.346 0.164
14.917 13.742 12.784 11.975 11.198 10.459 9.792 9.182 8.583 8.033 7.566 7.154 6.747 6.320 5.850 5.340 4.876 4.495 4.141 3.769 3.325 2.769 2.173 1.693 1.349 1.122 0.958 0.813 0.681 0.575 0.507 0.474 0.467 0.475 0.501 0.552 0.655 0.850 1.042 1.159 1.227 1.263 1.287 1.306 1.314 1.306 1.283 1.232 1.167 1.108 1.058 1.001 0.920 0.798 0.645 0.504 0.402 0.337 0.303 0.292 0.291 0.293 0.299 0.306 0.308 0.304 0.307 0.332 0.438 0.749 1.252 1.541 1.597 1.444 0.971 0.479 0.235
16.105 15.027 14.138 13.378 12.637 11.933 11.312 10.770 10.263 9.785 9.361 8.966 8.567 8.136 7.642 7.083 6.493 5.928 5.390 4.864 4.295 3.616 2.890 2.288 1.831 1.523 1.337 1.219 1.126 1.044 0.981 0.952 0.952 0.970 1.009 1.076 1.210 1.420 1.556 1.604 1.605 1.577 1.557 1.538 1.507 1.447 1.351 1.229 1.106 0.984 0.850 0.700 0.548 0.421 0.328 0.266 0.224 0.198 0.187 0.185 0.185 0.184 0.183 0.186 0.188 0.190 0.196 0.220 0.298 0.515 0.955 1.298 1.396 1.354 1.081 0.628 0.327
