RESULTS/r.avaflow_results/13_results/13_ascii/13_hflow10019.asc
ncols 506
nrows 317
xllcenter 498237.50
yllcenter 5580050.00
cellsize 12.50
NODATA_value -9999.000
[rows 170 to 203 of 317, columns 77 to 153 of 506]
0.000 0.000 0.000 0.000 0.000 0.001 0.002 0.004 0.006 0.007 0.008 0.011 0.018 0.038 0.087 0.178 0.318 0.514 0.770 1.088 1.452 1.844 2.262 2.721 3.172 3.531 3.797 4.031 4.254 4.504 4.776 5.111 5.524 6.030 6.633 7.361 8.219 9.211 10.344 11.599 12.922 14.257 15.715 17.399 18.993 20.252 21.361 22.341 23.308 24.529 25.959 27.512 29.269 30.609 31.447 31.695 31.691 31.822 32.372 32.827 33.175 33.247 33.163 32.941 32.277 31.223 29.895 28.264 26.697 24.971 23.118 21.243 19.322 17.328 15.431 13.615 11.867
0.000 0.000 0.000 0.001 0.002 0.004 0.008 0.012 0.017 0.022 0.029 0.043 0.076 0.148 0.272 0.453 0.691 0.986 1.345 1.759 2.210 2.697 3.205 3.707 4.152 4.531 4.824 5.081 5.329 5.595 5.899 6.270 6.728 7.298 8.017 8.904 9.965 11.187 12.520 13.946 15.444 16.949 18.569 20.266 21.847 23.169 24.349 25.329 26.238 27.322 28.526 30.133 31.579 32.563 33.157 33.324 33.490 33.739 34.266 34.599 34.827 34.792 34.593 34.060 33.228 32.029 30.575 28.923 27.332 25.629 23.797 21.958 20.110 18.337 16.654 15.032 13.479
0.000 0.000 0.001 0.002 0.005 0.010 0.017 0.026 0.038 0.053 0.078 0.123 0.210 0.357 0.564 0.825 1.144 1.536 2.006 2.539 3.115 3.721 4.302 4.812 5.258 5.637 5.948 6.231 6.514 6.810 7.152 7.570 8.084 8.730 9.575 10.610 11.846 13.258 14.797 16.426 18.109 19.736 21.380 22.991 24.438 25.658 26.911 27.929 28.845 29.766 30.578 31.907 33.060 33.855 34.190 34.276 34.654 34.826 35.158 35.456 35.585 35.644 35.409 34.701 33.896 32.603 31.234 29.589 27.876 26.115 24.269 22.490 20.764 19.146 17.574 16.120 14.731
0.000 0.000 0.001 0.004 0.010 0.018 0.031 0.048 0.073 0.108 0.163 0.254 0.402 0.613 0.882 1.215 1.630 2.141 2.749 3.457 4.211 4.920 5.556 6.073 6.505 6.869 7.199 7.512 7.812 8.151 8.540 9.001 9.567 10.280 11.191 12.273 13.579 15.067 16.729 18.571 20.441 22.247 23.877 25.483 26.907 28.100 29.295 30.264 31.058 31.899 32.603 33.277 33.783 34.311 34.831 34.750 35.145 35.575 35.862 36.134 36.184 36.280 35.864 35.042 34.211 32.946 31.576 30.007 28.323 26.533 24.706 22.891 21.130 19.600 18.177 16.868 15.571
0.000 0.000 0.002 0.006 0.013 0.024 0.042 0.069 0.110 0.170 0.257 0.387 0.576 0.836 1.177 1.610 2.152 2.821 3.622 4.557 5.499 6.291 6.959 7.488 7.895 8.244 8.580 8.918 9.244 9.613 10.026 10.506 11.053 11.738 12.622 13.759 15.090 16.612 18.382 20.347 22.339 24.394 26.078 27.612 28.988 30.135 31.204 32.084 32.690 33.520 34.091 34.413 34.551 34.487 34.720 34.895 35.284 35.715 36.069 36.318 36.281 36.237 35.888 35.230 34.364 33.185 31.846 30.241 28.530 26.707 24.857 23.044 21.339 19.879 18.542 17.287 16.091
0.000 0.000 0.002 0.007 0.015 0.028 0.048 0.080 0.131 0.209 0.323 0.488 0.722 1.042 1.468 2.009 2.683 3.516 4.523 5.699 6.832 7.760 8.480 9.020 9.405 9.746 10.075 10.423 10.762 11.094 11.480 11.916 12.448 13.134 14.029 15.178 16.510 18.078 19.793 21.795 23.864 25.979 27.710 29.226 30.606 31.722 32.685 33.437 33.959 34.578 34.776 35.012 34.960 34.660 34.479 34.530 34.945 35.612 36.040 36.160 36.236 36.108 35.847 35.111 34.282 33.126 31.890 30.325 28.596 26.709 24.829 23.056 21.412 19.964 18.652 17.440 16.319
0.000 0.000 0.002 0.007 0.015 0.029 0.050 0.084 0.140 0.229 0.365 0.566 0.848 1.233 1.741 2.381 3.167 4.121 5.273 6.642 7.990 9.075 9.912 10.517 10.938 11.293 11.593 11.912 12.219 12.503 12.844 13.226 13.698 14.335 15.157 16.241 17.575 19.191 21.000 23.084 25.265 27.429 29.184 30.715 32.138 33.224 34.194 34.869 35.260 35.697 35.614 35.728 35.364 34.923 34.669 34.427 34.279 34.953 35.800 35.972 35.993 35.894 35.689 34.903 34.198 33.079 31.850 30.308 28.513 26.555 24.690 22.948 21.369 19.955 18.647 17.460 16.348
0.000 0.000 0.002 0.007 0.015 0.029 0.050 0.085 0.141 0.235 0.386 0.620 0.954 1.407 1.991 2.713 3.579 4.610 5.846 7.314 8.856 10.146 11.132 11.863 12.375 12.767 13.055 13.307 13.565 13.860 14.128 14.485 14.877 15.437 16.199 17.200 18.498 20.102 21.975 23.967 26.082 28.351 30.232 31.773 33.321 34.190 35.051 35.740 35.982 36.403 36.468 36.297 35.675 35.253 34.900 34.272 33.824 34.083 35.049 35.805 35.860 35.713 35.410 34.671 33.948 32.835 31.407 29.958 28.154 26.207 24.306 22.557 21.045 19.702 18.502 17.372 16.296
0.000 0.000 0.002 0.007 0.015 0.027 0.048 0.081 0.136 0.230 0.388 0.646 1.034 1.553 2.203 2.983 3.900 4.974 6.240 7.742 9.435 10.963 12.164 13.055 13.658 14.074 14.383 14.605 14.833 15.088 15.301 15.594 15.957 16.406 17.040 17.937 19.134 20.647 22.519 24.613 26.979 29.423 31.306 32.629 33.896 34.752 35.454 35.981 36.147 36.382 36.468 36.349 35.750 35.405 35.140 34.464 33.850 33.683 34.450 35.305 35.643 35.487 35.195 34.492 33.505 32.411 30.896 29.406 27.387 25.383 23.537 21.924 20.487 19.265 18.165 17.087 16.092
0.000 0.000 0.002 0.006 0.013 0.023 0.041 0.068 0.115 0.201 0.360 0.636 1.070 1.656 2.364 3.181 4.120 5.202 6.457 7.965 9.749 11.494 12.933 13.987 14.762 15.277 15.630 15.894 16.118 16.310 16.496 16.716 16.998 17.333 17.856 18.646 19.757 21.177 22.968 25.071 27.492 29.997 31.971 33.560 34.547 35.156 35.648 36.011 36.319 36.540 36.589 36.524 36.001 35.764 35.396 34.567 33.943 33.740 34.198 34.542 34.852 34.749 34.395 33.791 32.760 31.569 29.882 28.185 26.145 24.279 22.502 20.994 19.698 18.580 17.573 16.616 15.722
0.000 0.000 0.001 0.004 0.009 0.016 0.027 0.044 0.074 0.138 0.277 0.558 1.032 1.682 2.450 3.307 4.256 5.324 6.560 8.045 9.833 11.766 13.478 14.781 15.738 16.392 16.814 17.099 17.277 17.415 17.559 17.711 17.843 18.087 18.528 19.231 20.209 21.620 23.345 25.331 27.743 30.106 32.143 34.013 35.216 35.710 36.040 36.291 36.558 36.816 36.866 36.843 36.508 36.118 35.695 34.958 34.435 33.873 33.859 33.718 33.578 33.691 33.315 32.702 31.692 30.452 28.734 26.821 24.623 22.849 21.228 19.852 18.709 17.710 16.817 15.978 15.174
0.000 0.000 0.001 0.002 0.005 0.008 0.014 0.021 0.035 0.067 0.152 0.377 0.846 1.565 2.432 3.347 4.299 5.353 6.581 8.052 9.809 11.857 13.828 15.421 16.605 17.414 17.897 18.193 18.371 18.499 18.596 18.681 18.754 18.904 19.226 19.862 20.688 21.834 23.518 25.488 27.812 30.208 32.321 34.148 35.427 35.877 36.095 36.322 36.578 36.904 36.807 36.764 36.587 36.232 35.912 34.983 34.419 33.754 33.553 33.171 32.599 32.271 31.949 31.692 30.610 29.232 27.405 25.407 23.276 21.516 19.959 18.672 17.629 16.711 15.896 15.123 14.405
0.000 0.000 0.000 0.001 0.002 0.004 0.007 0.010 0.018 0.033 0.073 0.192 0.531 1.213 2.174 3.242 4.257 5.310 6.534 7.999 9.748 11.826 14.022 15.845 17.209 18.195 18.854 19.224 19.440 19.535 19.591 19.597 19.575 19.672 19.949 20.462 21.210 22.183 23.721 25.560 27.830 30.322 32.379 34.213 35.539 36.112 36.228 36.330 36.541 36.644 36.485 36.601 36.490 36.159 35.965 35.100 34.346 33.643 33.336 32.949 32.302 31.413 30.830 30.679 29.460 28.022 26.302 24.305 22.191 20.382 18.856 17.572 16.509 15.591 14.819 14.119 13.477
0.000 0.000 0.000 0.000 0.001 0.002 0.004 0.007 0.013 0.025 0.051 0.115 0.307 0.787 1.645 2.791 3.952 5.087 6.334 7.811 9.583 11.707 14.043 16.070 17.670 18.838 19.662 20.173 20.398 20.498 20.551 20.565 20.545 20.561 20.692 21.029 21.559 22.439 23.795 25.574 27.774 30.234 32.208 34.029 35.366 36.094 36.409 36.408 36.514 36.558 36.403 36.415 36.270 36.042 35.877 35.199 34.520 33.657 32.912 32.540 31.987 30.964 29.929 29.496 28.468 27.025 25.436 23.464 21.366 19.413 17.861 16.552 15.442 14.487 13.709 13.022 12.386
0.000 0.000 0.000 0.000 0.000 0.001 0.003 0.006 0.012 0.025 0.051 0.106 0.233 0.556 1.197 2.167 3.352 4.608 5.935 7.457 9.286 11.507 13.981 16.225 17.951 19.287 20.307 20.981 21.315 21.447 21.519 21.525 21.452 21.464 21.479 21.666 22.031 22.813 23.989 25.627 27.706 30.203 32.103 33.746 35.006 35.644 36.139 36.356 36.358 36.158 36.046 35.868 35.815 35.819 35.550 35.081 34.395 33.714 32.903 32.197 31.518 30.430 29.275 28.315 27.333 26.187 24.658 22.696 20.628 18.583 16.930 15.552 14.400 13.415 12.586 11.861 11.224
0.000 0.000 0.000 0.000 0.000 0.001 0.002 0.006 0.013 0.028 0.058 0.116 0.233 0.489 0.994 1.809 2.898 4.163 5.572 7.164 9.014 11.239 13.854 16.223 18.043 19.528 20.729 21.655 22.194 22.401 22.490 22.526 22.453 22.519 22.433 22.527 22.805 23.402 24.489 25.946 27.769 30.054 32.005 33.573 34.752 35.384 35.803 35.852 35.884 35.570 35.338 35.008 34.755 34.888 34.674 34.477 34.088 33.415 32.717 31.959 31.202 30.199 28.975 27.702 26.508 25.462 23.957 22.068 19.969 17.861 16.079 14.625 13.405 12.397 11.552 10.780 10.094
0.000 0.000 0.000 0.000 0.000 0.001 0.002 0.006 0.016 0.036 0.076 0.145 0.266 0.503 0.955 1.686 2.699 3.941 5.377 7.015 8.873 11.021 13.602 16.088 18.057 19.674 20.944 22.046 22.758 23.254 23.420 23.543 23.515 23.529 23.501 23.662 23.943 24.464 25.325 26.500 28.143 30.089 31.825 33.184 34.202 34.781 35.148 35.133 35.294 34.890 34.288 33.760 33.439 33.556 33.405 33.579 33.463 33.026 32.584 31.808 30.989 30.045 28.758 27.454 26.023 24.760 23.286 21.438 19.322 17.165 15.306 13.766 12.473 11.431 10.552 9.738 8.955
0.000 0.000 0.000 0.000 0.000 0.000 0.002 0.007 0.019 0.047 0.101 0.195 0.342 0.587 1.014 1.699 2.669 3.889 5.326 6.971 8.799 10.828 13.201 15.746 17.877 19.647 21.048 22.303 23.199 23.859 24.164 24.434 24.505 24.615 24.687 24.900 25.154 25.616 26.349 27.287 28.471 29.954 31.631 32.913 33.767 34.231 34.445 34.389 34.455 33.930 33.479 32.815 32.185 32.188 32.180 32.508 32.547 32.442 32.248 31.401 30.556 29.574 28.297 27.056 25.484 24.020 22.496 20.763 18.656 16.477 14.583 12.970 11.595 10.464 9.523 8.667 7.776
0.000 0.000 0.000 0.000 0.000 0.000 0.002 0.007 0.021 0.058 0.134 0.266 0.466 0.762 1.201 1.846 2.751 3.927 5.340 6.977 8.783 10.735 12.904 15.287 17.533 19.460 21.018 22.315 23.409 24.226 24.778 25.216 25.375 25.555 25.728 25.935 26.294 26.825 27.440 28.155 28.973 30.131 31.432 32.322 32.941 33.391 33.585 33.658 33.651 33.250 32.949 32.176 31.415 31.135 30.982 31.245 31.440 31.335 31.034 30.299 29.683 28.702 27.499 26.345 24.744 23.116 21.503 19.900 17.940 15.794 13.831 12.159 10.709 9.462 8.375 7.352 6.297
0.000 0.000 0.000 0.000 0.000 0.000 0.001 0.006 0.023 0.070 0.177 0.364 0.646 1.025 1.516 2.160 3.014 4.116 5.464 7.052 8.838 10.736 12.746 14.864 17.097 19.236 20.947 22.329 23.546 24.485 25.278 25.827 26.048 26.257 26.380 26.539 26.914 27.443 28.001 28.741 29.314 29.993 30.925 31.713 32.307 32.725 32.817 32.905 32.920 32.685 32.355 31.686 31.066 30.527 29.947 29.892 30.014 29.927 29.664 29.192 28.755 27.746 26.591 25.363 23.811 22.143 20.449 18.777 16.966 15.060 13.025 11.305 9.778 8.380 7.055 5.764 4.547
0.000 0.000 0.000 0.000 0.000 0.000 0.001 0.005 0.021 0.081 0.230 0.498 0.888 1.372 1.949 2.635 3.473 4.514 5.795 7.301 9.020 10.827 12.661 14.616 16.664 18.784 20.604 22.114 23.422 24.510 25.435 26.194 26.563 26.852 27.023 27.141 27.464 27.902 28.383 28.988 29.468 29.966 30.650 31.249 31.740 31.998 31.937 32.035 32.047 31.880 31.677 31.264 30.675 30.070 29.374 29.066 28.857 28.589 28.279 27.786 27.282 26.414 25.291 23.982 22.595 20.936 19.206 17.491 15.723 14.004 12.092 10.323 8.679 7.095 5.542 4.069 2.837
0.000 0.000 0.000 0.000 0.000 0.000 0.001 0.003 0.018 0.083 0.284 0.665 1.200 1.816 2.500 3.258 4.117 5.121 6.317 7.719 9.308 11.003 12.765 14.579 16.432 18.419 20.119 21.710 23.166 24.446 25.607 26.506 27.031 27.306 27.526 27.605 27.832 28.192 28.637 29.099 29.531 29.888 30.336 30.765 31.165 31.442 31.469 31.591 31.627 31.497 31.301 30.865 30.248 29.523 28.811 28.176 27.693 27.193 26.698 26.063 25.420 24.638 23.582 22.347 20.973 19.394 17.767 16.020 14.256 12.556 10.765 8.913 7.056 5.240 3.581 2.254 1.336
0.000 0.000 0.000 0.000 0.000 0.000 0.001 0.003 0.015 0.075 0.309 0.822 1.557 2.345 3.160 4.013 4.913 5.905 7.049 8.378 9.857 11.425 13.036 14.637 16.351 18.198 19.762 21.368 22.917 24.177 25.396 26.390 27.083 27.481 27.680 27.640 27.875 28.126 28.648 29.034 29.343 29.617 29.980 30.370 30.665 31.043 31.114 31.244 31.356 31.277 31.085 30.590 29.881 29.025 28.278 27.324 26.609 25.809 25.116 24.244 23.430 22.516 21.541 20.475 19.088 17.676 16.174 14.471 12.675 10.789 8.849 6.787 4.797 3.081 1.777 0.899 0.405
0.000 0.000 0.000 0.000 0.001 0.001 0.002 0.003 0.012 0.063 0.301 0.911 1.831 2.792 3.759 4.746 5.754 6.814 7.981 9.270 10.654 12.084 13.503 14.933 16.481 18.156 19.639 21.112 22.586 23.931 25.227 26.259 27.044 27.486 27.678 27.714 27.903 28.028 28.490 28.796 28.949 29.124 29.304 29.781 30.177 30.564 30.587 30.720 30.849 30.741 30.565 29.967 29.204 28.332 27.330 26.205 25.371 24.356 23.454 22.484 21.537 20.465 19.392 18.312 17.058 15.778 14.306 12.636 10.777 8.749 6.649 4.615 2.890 1.571 0.710 0.258 0.084
0.000 0.000 0.001 0.001 0.002 0.003 0.004 0.005 0.011 0.051 0.272 0.915 1.961 3.102 4.220 5.372 6.561 7.787 9.074 10.396 11.681 12.949 14.222 15.478 16.802 18.257 19.730 21.130 22.447 23.654 25.026 26.041 26.849 27.162 27.434 27.601 27.722 27.812 28.120 28.382 28.317 28.308 28.336 28.682 29.009 29.306 29.373 29.619 29.778 29.655 29.441 28.833 28.218 27.360 26.224 25.020 23.941 22.671 21.556 20.499 19.412 18.260 17.159 16.081 14.886 13.628 12.162 10.467 8.552 6.473 4.479 2.780 1.490 0.663 0.233 0.066 0.019
0.001 0.001 0.002 0.003 0.004 0.005 0.006 0.008 0.012 0.039 0.213 0.837 1.954 3.269 4.562 5.899 7.322 8.801 10.269 11.706 12.973 14.138 15.257 16.321 17.470 18.661 19.913 21.176 22.346 23.304 24.582 25.515 26.339 26.642 26.879 27.119 27.376 27.416 27.615 27.662 27.528 27.489 27.443 27.632 27.915 28.195 28.288 28.434 28.438 28.288 28.033 27.469 26.669 25.761 24.620 23.311 22.061 20.800 19.517 18.268 17.070 15.884 14.799 13.692 12.515 11.227 9.735 8.000 6.060 4.149 2.527 1.316 0.565 0.196 0.056 0.015 0.006
0.002 0.003 0.004 0.005 0.007 0.008 0.010 0.012 0.015 0.034 0.163 0.716 1.857 3.337 4.824 6.360 8.033 9.869 11.634 13.167 14.468 15.655 16.646 17.515 18.449 19.411 20.374 21.428 22.483 23.382 24.463 25.297 25.744 26.149 26.346 26.515 26.717 26.712 26.892 26.856 26.704 26.606 26.473 26.481 26.609 26.851 26.932 26.942 26.879 26.605 26.155 25.652 24.828 23.828 22.499 21.090 19.762 18.448 17.079 15.744 14.502 13.315 12.199 11.092 9.898 8.584 7.074 5.353 3.620 2.142 1.062 0.424 0.134 0.037 0.011 0.005 0.005
0.005 0.006 0.007 0.008 0.011 0.013 0.015 0.016 0.018 0.033 0.145 0.660 1.790 3.366 5.036 6.788 8.682 10.790 12.914 14.716 16.168 17.318 18.266 19.021 19.729 20.429 21.136 21.992 22.876 23.457 24.097 24.737 25.095 25.563 25.785 25.911 25.928 25.924 26.010 25.928 25.704 25.611 25.315 25.192 25.112 25.157 25.051 25.033 24.896 24.519 24.074 23.456 22.528 21.390 20.037 18.475 17.029 15.641 14.288 13.007 11.795 10.588 9.431 8.316 7.163 5.839 4.323 2.852 1.638 0.777 0.288 0.083 0.022 0.006 0.003 0.003 0.005
0.010 0.010 0.011 0.012 0.016 0.018 0.019 0.018 0.019 0.034 0.143 0.649 1.784 3.427 5.252 7.196 9.319 11.686 14.049 16.101 17.715 18.940 19.947 20.608 21.201 21.677 22.077 22.565 23.144 23.504 23.994 24.385 24.745 25.039 25.179 25.240 25.210 25.103 25.086 24.978 24.695 24.466 23.994 23.747 23.528 23.351 23.139 22.869 22.576 22.021 21.454 20.646 19.647 18.458 17.110 15.555 14.126 12.727 11.473 10.248 9.045 7.887 6.774 5.633 4.407 3.124 1.943 1.052 0.472 0.167 0.047 0.012 0.003 0.002 0.002 0.004 0.008
0.017 0.017 0.017 0.019 0.023 0.024 0.022 0.020 0.020 0.034 0.143 0.664 1.852 3.587 5.541 7.626 9.906 12.444 14.887 17.109 18.942 20.358 21.435 22.055 22.576 23.001 23.125 23.264 23.550 23.759 24.091 24.269 24.567 24.606 24.533 24.534 24.363 24.139 24.045 23.867 23.526 23.224 22.816 22.266 21.826 21.422 20.934 20.421 19.949 19.220 18.504 17.605 16.523 15.287 13.939 12.523 11.217 9.991 8.864 7.750 6.658 5.549 4.400 3.203 2.071 1.163 0.553 0.220 0.075 0.023 0.006 0.002 0.001 0.001 0.002 0.004 0.009
0.028 0.027 0.027 0.029 0.031 0.029 0.024 0.021 0.021 0.034 0.147 0.729 2.073 3.976 6.008 8.140 10.469 13.014 15.529 17.882 19.855 21.392 22.530 23.168 23.614 23.997 24.002 23.977 24.047 24.076 24.156 24.132 24.276 24.022 23.801 23.682 23.339 23.110 22.961 22.774 22.317 21.912 21.452 20.692 20.004 19.342 18.526 17.880 17.191 16.434 15.582 14.633 13.511 12.306 11.039 9.800 8.651 7.571 6.545 5.562 4.567 3.502 2.399 1.398 0.670 0.258 0.085 0.028 0.009 0.003 0.001 0.001 0.001 0.001 0.002 0.004 0.009
0.047 0.044 0.042 0.040 0.037 0.031 0.025 0.023 0.023 0.037 0.171 0.891 2.525 4.676 6.727 8.826 11.084 13.509 15.980 18.344 20.351 22.068 23.432 24.120 24.465 24.651 24.547 24.400 24.337 24.180 24.128 23.983 23.855 23.375 22.911 22.492 22.069 21.910 21.746 21.425 20.884 20.512 19.856 19.030 18.154 17.247 16.369 15.580 14.767 13.871 12.926 11.932 10.801 9.604 8.470 7.411 6.388 5.418 4.499 3.597 2.682 1.773 0.975 0.418 0.134 0.036 0.010 0.003 0.001 0.001 0.001 0.001 0.001 0.001 0.002 0.004 0.008
0.068 0.064 0.057 0.048 0.039 0.031 0.026 0.025 0.025 0.048 0.242 1.211 3.307 5.646 7.585 9.529 11.605 13.868 16.234 18.508 20.537 22.336 23.791 24.501 24.915 25.182 25.066 24.809 24.691 24.407 24.073 23.734 23.286 22.538 21.819 21.160 20.648 20.384 20.206 19.776 19.207 18.821 18.150 17.264 16.309 15.224 14.253 13.357 12.488 11.508 10.492 9.424 8.294 7.188 6.179 5.253 4.372 3.520 2.670 1.866 1.169 0.618 0.253 0.077 0.018 0.004 0.001 0.001 0.000 0.000 0.000 0.000 0.001 0.001 0.001 0.003 0.007
0.078 0.073 0.063 0.050 0.040 0.033 0.029 0.028 0.031 0.060 0.286 1.451 4.005 6.451 8.245 10.038 11.956 14.065 16.432 18.655 20.584 22.366 23.905 24.659 25.011 25.165 24.993 24.746 24.606 24.373 23.885 23.293 22.588 21.634 20.657 19.744 19.098 18.697 18.421 17.895 17.348 16.888 16.227 15.344 14.397 13.291 12.231 11.257 10.301 9.284 8.253 7.179 6.083 5.074 4.171 3.351 2.577 1.847 1.191 0.671 0.320 0.123 0.038 0.010 0.002 0.001 0.001 0.000 0.000 0.000 0.000 0.000 0.000 0.001 0.001 0.003 0.009
