RESULTS/r.avaflow_results/13_results/13_ascii/13_hflow10057.asc
ncols 506
nrows 317
xllcenter 498237.50
yllcenter 5580050.00
cellsize 12.50
NODATA_value -9999.000
[rows 170 to 203 of 317, columns 154 to 230 of 506]
14.087 12.523 11.058 9.744 8.550 7.486 6.545 5.714 4.983 4.336 3.772 3.264 2.819 2.419 2.064 1.748 1.467 1.219 1.002 0.813 0.650 0.510 0.393 0.297 0.221 0.164 0.127 0.104 0.092 0.086 0.084 0.083 0.083 0.083 0.083 0.083 0.085 0.086 0.085 0.081 0.075 0.068 0.064 0.060 0.055 0.050 0.042 0.034 0.026 0.020 0.014 0.010 0.008 0.007 0.006 0.005 0.005 0.005 0.005 0.005 0.005 0.005 0.005 0.005 0.005 0.005 0.005 0.006 0.009 0.016 0.025 0.030 0.031 0.029 0.023 0.015 0.009
15.203 13.625 12.105 10.717 9.445 8.307 7.281 6.370 5.574 4.864 4.242 3.687 3.195 2.752 2.352 1.998 1.682 1.404 1.158 0.942 0.752 0.590 0.453 0.340 0.250 0.182 0.136 0.107 0.093 0.089 0.089 0.091 0.093 0.093 0.092 0.090 0.089 0.087 0.085 0.081 0.073 0.066 0.060 0.055 0.049 0.042 0.032 0.021 0.014 0.009 0.006 0.005 0.004 0.004 0.003 0.003 0.004 0.004 0.004 0.004 0.004 0.004 0.004 0.003 0.003 0.003 0.004 0.004 0.006 0.011 0.019 0.025 0.028 0.028 0.026 0.021 0.013
16.077 14.482 12.938 11.497 10.171 8.984 7.899 6.933 6.084 5.325 4.652 4.054 3.520 3.039 2.605 2.217 1.873 1.568 1.299 1.063 0.856 0.677 0.522 0.392 0.287 0.206 0.148 0.111 0.093 0.088 0.089 0.092 0.094 0.094 0.093 0.090 0.087 0.085 0.081 0.074 0.064 0.054 0.047 0.040 0.033 0.024 0.015 0.009 0.006 0.004 0.003 0.002 0.002 0.002 0.002 0.003 0.003 0.003 0.003 0.004 0.003 0.003 0.003 0.003 0.003 0.003 0.003 0.003 0.004 0.007 0.013 0.020 0.026 0.028 0.028 0.025 0.020
16.684 15.098 13.554 12.078 10.739 9.521 8.405 7.407 6.522 5.719 5.003 4.368 3.800 3.287 2.826 2.410 2.039 1.710 1.419 1.167 0.945 0.753 0.588 0.448 0.331 0.237 0.166 0.120 0.094 0.085 0.084 0.087 0.089 0.089 0.088 0.085 0.080 0.075 0.069 0.058 0.044 0.033 0.025 0.019 0.014 0.009 0.006 0.004 0.002 0.002 0.002 0.002 0.002 0.002 0.002 0.002 0.003 0.003 0.003 0.003 0.003 0.003 0.002 0.002 0.002 0.002 0.002 0.002 0.003 0.005 0.008 0.014 0.022 0.026 0.027 0.027 0.024
17.029 15.443 13.922 12.471 11.150 9.924 8.814 7.801 6.889 6.056 5.309 4.638 4.038 3.499 3.010 2.573 2.180 1.829 1.520 1.252 1.017 0.814 0.640 0.493 0.370 0.270 0.192 0.136 0.100 0.082 0.076 0.076 0.077 0.077 0.075 0.070 0.064 0.057 0.047 0.034 0.022 0.015 0.010 0.007 0.005 0.004 0.002 0.002 0.001 0.001 0.001 0.001 0.001 0.001 0.002 0.002 0.003 0.003 0.003 0.003 0.003 0.002 0.002 0.002 0.002 0.002 0.002 0.002 0.002 0.003 0.005 0.009 0.017 0.024 0.027 0.027 0.026
17.141 15.600 14.116 12.722 11.421 10.216 9.126 8.110 7.182 6.325 5.555 4.856 4.227 3.664 3.155 2.700 2.288 1.921 1.598 1.316 1.070 0.859 0.677 0.524 0.398 0.295 0.215 0.154 0.111 0.085 0.071 0.064 0.060 0.056 0.051 0.044 0.038 0.031 0.023 0.016 0.010 0.006 0.004 0.003 0.002 0.002 0.001 0.001 0.001 0.001 0.001 0.001 0.001 0.001 0.002 0.002 0.003 0.003 0.003 0.003 0.003 0.002 0.002 0.002 0.002 0.002 0.002 0.002 0.002 0.002 0.004 0.006 0.011 0.020 0.025 0.026 0.026
17.172 15.645 14.194 12.854 11.587 10.423 9.337 8.324 7.394 6.533 5.749 5.023 4.369 3.785 3.260 2.785 2.363 1.982 1.648 1.356 1.102 0.885 0.700 0.543 0.414 0.310 0.228 0.166 0.120 0.088 0.068 0.054 0.043 0.034 0.026 0.020 0.017 0.013 0.010 0.007 0.004 0.003 0.002 0.002 0.001 0.001 0.001 0.001 0.001 0.001 0.001 0.001 0.001 0.001 0.002 0.002 0.003 0.003 0.003 0.003 0.003 0.002 0.002 0.002 0.002 0.002 0.002 0.002 0.002 0.002 0.003 0.004 0.008 0.014 0.021 0.024 0.025
17.161 15.641 14.225 12.911 11.692 10.544 9.480 8.480 7.560 6.690 5.892 5.155 4.476 3.873 3.329 2.836 2.404 2.012 1.670 1.372 1.115 0.896 0.709 0.551 0.420 0.315 0.233 0.171 0.124 0.089 0.063 0.043 0.028 0.018 0.011 0.008 0.007 0.005 0.004 0.003 0.002 0.002 0.001 0.001 0.001 0.001 0.001 0.001 0.001 0.001 0.001 0.001 0.001 0.002 0.002 0.002 0.003 0.003 0.003 0.003 0.003 0.002 0.002 0.002 0.002 0.002 0.002 0.002 0.002 0.002 0.002 0.003 0.005 0.009 0.015 0.020 0.022
17.043 15.571 14.193 12.910 11.739 10.614 9.593 8.597 7.687 6.822 6.013 5.269 4.574 3.945 3.380 2.866 2.418 2.019 1.672 1.372 1.116 0.897 0.711 0.553 0.421 0.316 0.233 0.169 0.121 0.083 0.053 0.030 0.016 0.008 0.005 0.003 0.003 0.002 0.002 0.001 0.001 0.001 0.001 0.001 0.001 0.001 0.001 0.001 0.001 0.001 0.001 0.001 0.002 0.002 0.003 0.003 0.003 0.003 0.003 0.003 0.003 0.003 0.002 0.002 0.002 0.002 0.002 0.002 0.002 0.002 0.002 0.003 0.004 0.006 0.010 0.015 0.018
16.830 15.435 14.103 12.865 11.724 10.640 9.659 8.701 7.803 6.949 6.145 5.385 4.676 4.016 3.428 2.893 2.425 2.019 1.666 1.364 1.107 0.890 0.706 0.548 0.416 0.309 0.222 0.153 0.101 0.061 0.032 0.015 0.007 0.004 0.002 0.002 0.001 0.001 0.001 0.001 0.001 0.001 0.001 0.001 0.001 0.001 0.001 0.001 0.001 0.001 0.001 0.002 0.002 0.003 0.003 0.004 0.004 0.004 0.004 0.003 0.003 0.003 0.003 0.002 0.002 0.002 0.002 0.002 0.002 0.002 0.002 0.002 0.003 0.005 0.007 0.011 0.014
16.464 15.158 13.912 12.750 11.673 10.649 9.724 8.814 7.929 7.084 6.278 5.508 4.775 4.097 3.476 2.921 2.433 2.014 1.650 1.343 1.083 0.866 0.684 0.528 0.396 0.283 0.188 0.112 0.059 0.028 0.013 0.006 0.003 0.002 0.001 0.001 0.001 0.001 0.001 0.001 0.001 0.001 0.001 0.001 0.001 0.001 0.001 0.001 0.001 0.001 0.002 0.002 0.003 0.004 0.004 0.004 0.005 0.005 0.004 0.004 0.004 0.003 0.003 0.003 0.002 0.002 0.002 0.002 0.002 0.002 0.002 0.002 0.003 0.004 0.006 0.008 0.011
15.931 14.729 13.594 12.518 11.520 10.590 9.741 8.909 8.070 7.240 6.415 5.622 4.865 4.170 3.530 2.957 2.447 2.005 1.627 1.306 1.036 0.809 0.621 0.465 0.334 0.218 0.120 0.054 0.022 0.009 0.004 0.002 0.002 0.001 0.001 0.001 0.001 0.001 0.001 0.001 0.001 0.001 0.001 0.001 0.001 0.001 0.001 0.001 0.001 0.002 0.002 0.003 0.005 0.005 0.006 0.006 0.006 0.006 0.006 0.005 0.005 0.004 0.004 0.003 0.003 0.002 0.002 0.002 0.002 0.002 0.002 0.002 0.003 0.004 0.005 0.007 0.009
15.252 14.160 13.140 12.192 11.323 10.505 9.729 8.968 8.191 7.385 6.526 5.687 4.917 4.207 3.560 2.975 2.451 1.988 1.584 1.232 0.924 0.661 0.454 0.301 0.188 0.103 0.046 0.017 0.006 0.003 0.002 0.001 0.001 0.001 0.001 0.001 0.001 0.001 0.001 0.001 0.001 0.001 0.001 0.001 0.001 0.001 0.001 0.001 0.002 0.002 0.003 0.005 0.007 0.008 0.009 0.009 0.009 0.008 0.008 0.007 0.006 0.005 0.005 0.004 0.003 0.003 0.002 0.002 0.002 0.002 0.002 0.002 0.003 0.004 0.005 0.007 0.008
14.468 13.454 12.555 11.739 11.012 10.322 9.665 8.986 8.251 7.451 6.574 5.706 4.925 4.213 3.557 2.956 2.399 1.887 1.417 0.998 0.634 0.356 0.189 0.103 0.055 0.027 0.011 0.004 0.002 0.001 0.001 0.001 0.001 0.001 0.001 0.001 0.001 0.001 0.001 0.001 0.001 0.001 0.001 0.001 0.001 0.001 0.001 0.002 0.002 0.003 0.006 0.009 0.012 0.013 0.014 0.014 0.014 0.012 0.011 0.010 0.008 0.007 0.006 0.005 0.004 0.003 0.003 0.003 0.003 0.003 0.003 0.003 0.003 0.004 0.005 0.007 0.009
13.675 12.716 11.869 11.139 10.531 9.996 9.465 8.881 8.209 7.434 6.560 5.659 4.828 4.082 3.391 2.730 2.086 1.476 0.929 0.498 0.232 0.101 0.045 0.022 0.012 0.006 0.003 0.002 0.001 0.001 0.001 0.001 0.001 0.001 0.001 0.001 0.001 0.001 0.001 0.001 0.001 0.001 0.001 0.001 0.001 0.001 0.002 0.002 0.004 0.007 0.012 0.018 0.023 0.025 0.026 0.025 0.022 0.019 0.016 0.014 0.012 0.010 0.008 0.006 0.005 0.004 0.004 0.003 0.003 0.003 0.003 0.004 0.004 0.005 0.007 0.009 0.011
12.881 11.917 11.057 10.324 9.715 9.215 8.756 8.275 7.713 7.033 6.214 5.280 4.308 3.428 2.651 1.924 1.242 0.684 0.318 0.128 0.047 0.019 0.009 0.005 0.003 0.002 0.001 0.001 0.001 0.001 0.001 0.001 0.001 0.001 0.001 0.001 0.001 0.001 0.001 0.001 0.001 0.001 0.001 0.001 0.002 0.002 0.003 0.005 0.010 0.019 0.032 0.044 0.050 0.053 0.051 0.045 0.038 0.031 0.026 0.022 0.018 0.014 0.011 0.009 0.007 0.006 0.005 0.005 0.005 0.005 0.005 0.005 0.006 0.008 0.010 0.013 0.017
12.070 11.057 10.109 9.221 8.426 7.747 7.179 6.669 6.141 5.547 4.828 3.917 2.832 1.884 1.188 0.709 0.379 0.169 0.063 0.022 0.009 0.004 0.003 0.002 0.001 0.001 0.001 0.001 0.001 0.001 0.001 0.001 0.001 0.001 0.001 0.001 0.001 0.001 0.001 0.001 0.001 0.002 0.002 0.002 0.003 0.005 0.008 0.015 0.031 0.057 0.085 0.103 0.110 0.108 0.095 0.078 0.063 0.052 0.044 0.036 0.029 0.023 0.018 0.014 0.011 0.009 0.008 0.007 0.006 0.006 0.006 0.007 0.008 0.010 0.014 0.020 0.027
11.051 9.898 8.818 7.744 6.648 5.584 4.681 3.935 3.305 2.741 2.179 1.583 0.987 0.551 0.293 0.152 0.072 0.029 0.011 0.005 0.003 0.002 0.002 0.001 0.001 0.001 0.001 0.001 0.001 0.001 0.001 0.001 0.001 0.001 0.001 0.002 0.002 0.002 0.002 0.002 0.003 0.004 0.005 0.006 0.009 0.014 0.027 0.053 0.098 0.150 0.189 0.206 0.196 0.168 0.138 0.114 0.096 0.083 0.071 0.059 0.047 0.037 0.028 0.022 0.016 0.013 0.010 0.008 0.007 0.007 0.007 0.007 0.009 0.012 0.017 0.024 0.033
9.713 8.459 7.251 6.037 4.764 3.542 2.518 1.743 1.208 0.844 0.579 0.365 0.206 0.107 0.054 0.028 0.013 0.006 0.003 0.002 0.002 0.002 0.001 0.001 0.001 0.001 0.001 0.001 0.001 0.001 0.002 0.002 0.002 0.002 0.002 0.003 0.003 0.004 0.005 0.007 0.009 0.011 0.015 0.021 0.031 0.052 0.097 0.172 0.252 0.310 0.330 0.302 0.249 0.198 0.161 0.136 0.119 0.105 0.091 0.076 0.060 0.046 0.035 0.026 0.020 0.015 0.011 0.009 0.007 0.007 0.007 0.007 0.009 0.012 0.018 0.026 0.034
8.082 6.779 5.494 4.218 2.998 1.960 1.167 0.648 0.357 0.205 0.121 0.070 0.039 0.021 0.012 0.007 0.004 0.003 0.002 0.002 0.002 0.002 0.001 0.001 0.001 0.002 0.002 0.002 0.002 0.002 0.003 0.003 0.004 0.005 0.006 0.008 0.010 0.013 0.018 0.023 0.031 0.041 0.056 0.078 0.113 0.179 0.296 0.413 0.474 0.476 0.425 0.342 0.266 0.211 0.173 0.148 0.130 0.114 0.099 0.082 0.065 0.050 0.038 0.028 0.021 0.015 0.011 0.009 0.007 0.007 0.007 0.007 0.009 0.012 0.018 0.025 0.034
6.128 4.736 3.427 2.322 1.457 0.820 0.412 0.192 0.091 0.048 0.028 0.018 0.012 0.008 0.006 0.004 0.003 0.003 0.002 0.002 0.002 0.002 0.002 0.002 0.002 0.002 0.003 0.003 0.004 0.006 0.007 0.010 0.013 0.017 0.022 0.028 0.036 0.049 0.066 0.087 0.113 0.148 0.194 0.253 0.338 0.466 0.596 0.655 0.639 0.565 0.452 0.349 0.272 0.218 0.180 0.153 0.133 0.116 0.100 0.083 0.065 0.051 0.038 0.029 0.021 0.015 0.011 0.009 0.007 0.006 0.006 0.006 0.007 0.010 0.016 0.023 0.032
3.661 2.447 1.549 0.909 0.481 0.229 0.103 0.048 0.026 0.017 0.013 0.011 0.009 0.007 0.005 0.004 0.003 0.003 0.002 0.002 0.002 0.002 0.002 0.003 0.004 0.005 0.007 0.010 0.014 0.019 0.026 0.036 0.047 0.061 0.078 0.100 0.133 0.179 0.231 0.287 0.350 0.424 0.502 0.579 0.658 0.738 0.782 0.771 0.704 0.586 0.453 0.350 0.275 0.221 0.183 0.155 0.133 0.115 0.099 0.082 0.065 0.050 0.038 0.028 0.020 0.015 0.011 0.008 0.006 0.005 0.004 0.004 0.005 0.007 0.011 0.018 0.027
1.514 0.874 0.467 0.230 0.106 0.050 0.027 0.018 0.014 0.012 0.011 0.010 0.009 0.007 0.005 0.004 0.003 0.003 0.003 0.002 0.003 0.003 0.004 0.006 0.010 0.016 0.024 0.037 0.054 0.074 0.099 0.131 0.169 0.212 0.262 0.329 0.420 0.521 0.617 0.693 0.745 0.771 0.789 0.806 0.828 0.845 0.839 0.798 0.711 0.586 0.453 0.350 0.275 0.222 0.183 0.155 0.132 0.111 0.092 0.074 0.058 0.044 0.032 0.024 0.017 0.012 0.009 0.006 0.004 0.003 0.003 0.002 0.002 0.003 0.005 0.009 0.016
0.404 0.200 0.097 0.048 0.026 0.019 0.016 0.015 0.014 0.014 0.013 0.013 0.011 0.009 0.007 0.005 0.004 0.004 0.004 0.004 0.005 0.007 0.012 0.021 0.036 0.059 0.094 0.142 0.201 0.269 0.345 0.432 0.525 0.623 0.727 0.850 0.977 1.062 1.089 1.059 0.999 0.937 0.895 0.874 0.865 0.860 0.843 0.796 0.711 0.586 0.453 0.349 0.273 0.218 0.179 0.148 0.120 0.094 0.071 0.052 0.037 0.027 0.020 0.015 0.011 0.008 0.005 0.004 0.003 0.002 0.002 0.001 0.001 0.001 0.002 0.003 0.006
0.078 0.038 0.022 0.016 0.015 0.016 0.017 0.019 0.019 0.020 0.020 0.019 0.017 0.013 0.010 0.008 0.007 0.006 0.007 0.008 0.013 0.023 0.043 0.079 0.136 0.222 0.345 0.496 0.650 0.802 0.956 1.111 1.248 1.360 1.443 1.493 1.495 1.440 1.335 1.200 1.068 0.967 0.905 0.874 0.859 0.846 0.824 0.775 0.689 0.566 0.434 0.330 0.253 0.197 0.155 0.120 0.088 0.059 0.038 0.024 0.017 0.012 0.009 0.007 0.006 0.004 0.003 0.002 0.002 0.001 0.001 0.001 0.001 0.001 0.001 0.001 0.002
0.016 0.011 0.011 0.013 0.016 0.021 0.027 0.032 0.034 0.035 0.035 0.032 0.027 0.021 0.017 0.015 0.014 0.014 0.017 0.025 0.044 0.086 0.165 0.292 0.473 0.720 1.030 1.332 1.569 1.742 1.859 1.928 1.955 1.954 1.920 1.851 1.736 1.581 1.395 1.217 1.070 0.959 0.886 0.841 0.807 0.769 0.723 0.658 0.565 0.449 0.339 0.254 0.189 0.139 0.099 0.067 0.042 0.025 0.015 0.010 0.007 0.006 0.004 0.004 0.003 0.002 0.002 0.001 0.001 0.001 0.001 0.001 0.001 0.001 0.001 0.001 0.001
0.006 0.008 0.011 0.016 0.025 0.037 0.048 0.056 0.060 0.061 0.059 0.054 0.045 0.037 0.034 0.032 0.034 0.040 0.054 0.089 0.166 0.313 0.550 0.875 1.281 1.723 2.119 2.368 2.469 2.485 2.438 2.362 2.279 2.191 2.086 1.956 1.795 1.602 1.395 1.213 1.058 0.928 0.822 0.732 0.649 0.563 0.475 0.390 0.304 0.225 0.164 0.121 0.089 0.063 0.043 0.027 0.016 0.009 0.006 0.004 0.003 0.003 0.002 0.002 0.002 0.001 0.001 0.001 0.001 0.001 0.001 0.001 0.001 0.001 0.001 0.001 0.001
0.006 0.009 0.016 0.027 0.043 0.064 0.082 0.093 0.099 0.099 0.097 0.090 0.079 0.073 0.072 0.078 0.093 0.121 0.181 0.306 0.538 0.905 1.382 1.889 2.342 2.672 2.865 2.935 2.909 2.819 2.676 2.510 2.366 2.236 2.107 1.968 1.802 1.602 1.387 1.187 1.003 0.831 0.666 0.512 0.378 0.277 0.203 0.149 0.108 0.078 0.058 0.043 0.032 0.023 0.015 0.010 0.006 0.003 0.002 0.002 0.002 0.001 0.001 0.001 0.001 0.001 0.001 0.001 0.000 0.000 0.000 0.000 0.000 0.000 0.000 0.001 0.001
0.007 0.014 0.025 0.044 0.071 0.102 0.126 0.143 0.153 0.157 0.156 0.151 0.146 0.148 0.160 0.190 0.243 0.340 0.517 0.826 1.282 1.793 2.264 2.651 2.943 3.108 3.156 3.139 3.075 2.953 2.771 2.555 2.381 2.241 2.110 1.970 1.800 1.588 1.340 1.081 0.839 0.610 0.409 0.260 0.166 0.107 0.072 0.050 0.036 0.027 0.020 0.015 0.011 0.008 0.005 0.003 0.002 0.001 0.001 0.001 0.001 0.001 0.001 0.001 0.001 0.000 0.000 0.000 0.000 0.000 0.000 0.000 0.000 0.000 0.000 0.000 0.000
0.010 0.020 0.039 0.069 0.110 0.151 0.185 0.211 0.229 0.241 0.248 0.254 0.262 0.282 0.324 0.402 0.533 0.745 1.064 1.488 1.952 2.358 2.688 2.952 3.136 3.221 3.233 3.215 3.152 3.020 2.814 2.567 2.370 2.216 2.073 1.916 1.718 1.462 1.150 0.824 0.542 0.330 0.192 0.111 0.066 0.041 0.027 0.019 0.014 0.011 0.008 0.006 0.005 0.003 0.002 0.001 0.001 0.000 0.000 0.000 0.000 0.000 0.000 0.000 0.000 0.000 0.000 0.000 0.000 0.000 0.000 0.000 0.000 0.000 0.000 0.000 0.000
0.013 0.029 0.059 0.107 0.166 0.219 0.265 0.303 0.332 0.355 0.376 0.399 0.428 0.470 0.536 0.648 0.834 1.103 1.452 1.864 2.242 2.548 2.804 3.017 3.168 3.246 3.268 3.257 3.191 3.046 2.821 2.550 2.296 2.067 1.849 1.621 1.367 1.063 0.735 0.454 0.262 0.146 0.081 0.047 0.029 0.019 0.013 0.009 0.007 0.005 0.004 0.003 0.002 0.001 0.001 0.000 0.000 0.000 0.000 0.000 0.000 0.000 0.000 0.000 0.000 0.000 0.000 0.000 0.000 0.000 0.000 0.000 0.000 0.000 0.000 0.000 0.000
0.017 0.044 0.098 0.176 0.253 0.316 0.368 0.408 0.438 0.466 0.493 0.524 0.561 0.609 0.680 0.799 0.996 1.275 1.616 1.992 2.317 2.587 2.821 3.020 3.168 3.254 3.279 3.265 3.189 3.028 2.775 2.447 2.076 1.690 1.326 1.002 0.727 0.493 0.313 0.186 0.106 0.060 0.035 0.022 0.014 0.010 0.007 0.006 0.004 0.003 0.002 0.001 0.001 0.001 0.000 0.000 0.000 0.000 0.000 0.000 0.000 0.000 0.000 0.000 0.000 0.000 0.000 0.000 0.000 0.000 0.000 0.000 0.000 0.000 0.000 0.000 0.000
0.029 0.081 0.177 0.285 0.363 0.415 0.455 0.489 0.519 0.546 0.574 0.605 0.640 0.687 0.757 0.870 1.057 1.326 1.665 2.023 2.331 2.592 2.812 2.983 3.091 3.137 3.117 3.057 2.944 2.755 2.474 2.097 1.613 1.089 0.687 0.432 0.273 0.172 0.108 0.066 0.040 0.025 0.016 0.011 0.008 0.006 0.005 0.004 0.003 0.002 0.001 0.001 0.000 0.000 0.000 0.000 0.000 0.000 0.000 0.000 0.000 0.000 0.000 0.000 0.000 0.000 0.000 0.000 0.000 0.000 0.000 0.000 0.000 0.000 0.000 0.000 0.000
0.059 0.150 0.286 0.391 0.449 0.488 0.520 0.550 0.577 0.601 0.625 0.650 0.680 0.723 0.787 0.893 1.068 1.332 1.677 2.028 2.319 2.549 2.705 2.776 2.757 2.651 2.485 2.316 2.139 1.934 1.681 1.351 0.919 0.529 0.289 0.159 0.091 0.055 0.035 0.023 0.015 0.011 0.008 0.006 0.005 0.004 0.003 0.002 0.002 0.001 0.001 0.000 0.000 0.000 0.000 0.000 0.000 0.000 0.000 0.000 0.000 0.000 0.000 0.000 0.000 0.000 0.000 0.000 0.000 0.000 0.000 0.000 0.000 0.000 0.000 0.000 0.000
