RESULTS/r.avaflow_results/13_results/13_ascii/13_hflow10015.asc
ncols 506
nrows 317
xllcenter 498237.50
yllcenter 5580050.00
cellsize 12.50
NODATA_value -9999.000
[rows 204 to 237 of 317, columns 77 to 153 of 506]
0.080 0.076 0.069 0.060 0.052 0.048 0.047 0.048 0.054 0.068 0.133 0.536 1.941 4.311 6.498 8.547 10.780 13.336 15.972 18.299 20.260 22.067 23.496 24.385 24.959 25.163 25.000 24.863 24.484 23.894 23.218 22.180 21.004 19.784 18.445 17.285 16.384 15.591 14.975 14.445 13.906 13.406 12.873 12.221 11.417 10.432 9.311 8.204 7.200 6.258 5.323 4.388 3.493 2.672 1.959 1.376 0.909 0.548 0.292 0.135 0.055 0.021 0.007 0.002 0.001 0.001 0.000 0.000 0.000 0.000 0.000 0.001 0.001 0.001 0.002 0.008 0.027
0.090 0.083 0.076 0.067 0.062 0.060 0.062 0.066 0.075 0.090 0.130 0.422 1.705 4.173 6.515 8.557 10.774 13.325 15.893 18.056 19.834 21.399 22.679 23.489 23.969 24.213 24.116 23.997 23.560 22.817 22.046 20.995 19.777 18.448 16.957 15.603 14.476 13.424 12.591 11.966 11.426 10.995 10.534 10.015 9.320 8.402 7.283 6.173 5.208 4.330 3.477 2.645 1.888 1.261 0.789 0.460 0.245 0.119 0.053 0.022 0.009 0.004 0.002 0.001 0.001 0.000 0.000 0.000 0.000 0.000 0.000 0.000 0.001 0.002 0.005 0.016 0.044
0.104 0.093 0.085 0.080 0.078 0.079 0.084 0.092 0.103 0.114 0.128 0.255 1.208 3.596 6.298 8.478 10.710 13.174 15.544 17.520 19.081 20.325 21.272 21.972 22.311 22.565 22.478 22.330 21.850 21.065 20.276 19.278 18.073 16.803 15.327 13.802 12.455 11.174 10.149 9.394 8.870 8.525 8.199 7.831 7.282 6.471 5.426 4.352 3.421 2.589 1.845 1.221 0.741 0.409 0.206 0.097 0.043 0.018 0.007 0.003 0.001 0.001 0.001 0.001 0.000 0.000 0.000 0.000 0.000 0.000 0.000 0.000 0.001 0.003 0.008 0.022 0.054
0.132 0.114 0.105 0.102 0.103 0.106 0.112 0.120 0.130 0.138 0.145 0.170 0.642 2.539 5.510 8.045 10.390 12.784 14.947 16.755 18.117 19.013 19.542 20.038 20.386 20.639 20.446 20.101 19.510 18.763 18.019 17.056 15.981 14.822 13.412 11.845 10.280 8.791 7.581 6.676 6.127 5.849 5.704 5.549 5.214 4.576 3.677 2.693 1.868 1.212 0.718 0.383 0.185 0.083 0.036 0.015 0.006 0.002 0.001 0.001 0.001 0.001 0.001 0.000 0.000 0.000 0.000 0.000 0.000 0.000 0.000 0.000 0.001 0.004 0.010 0.024 0.056
0.191 0.157 0.142 0.137 0.138 0.140 0.144 0.151 0.158 0.166 0.175 0.189 0.317 1.356 3.963 7.026 9.653 12.045 14.086 15.726 16.851 17.384 17.551 17.749 18.112 18.298 17.989 17.395 16.604 15.842 15.160 14.232 13.313 12.260 11.008 9.521 7.809 6.185 4.888 3.968 3.395 3.105 3.014 3.000 2.922 2.609 2.023 1.311 0.765 0.400 0.185 0.077 0.032 0.013 0.005 0.002 0.001 0.001 0.001 0.001 0.001 0.001 0.001 0.000 0.000 0.000 0.000 0.000 0.000 0.000 0.000 0.000 0.001 0.004 0.010 0.023 0.051
0.307 0.244 0.210 0.194 0.186 0.183 0.184 0.188 0.195 0.204 0.217 0.234 0.261 0.594 2.144 5.138 8.354 10.941 12.932 14.311 15.043 15.161 14.768 14.517 14.687 14.711 14.421 13.879 13.104 12.337 11.648 10.803 9.925 8.937 7.814 6.464 4.887 3.536 2.550 1.848 1.389 1.153 1.086 1.104 1.134 1.056 0.801 0.445 0.211 0.088 0.034 0.013 0.005 0.002 0.001 0.001 0.001 0.002 0.002 0.001 0.001 0.001 0.000 0.000 0.000 0.000 0.000 0.000 0.000 0.000 0.000 0.000 0.001 0.003 0.008 0.017 0.034
0.504 0.403 0.331 0.289 0.263 0.247 0.241 0.242 0.248 0.260 0.278 0.303 0.336 0.402 0.925 2.743 5.964 9.080 11.062 11.963 12.076 11.600 10.529 9.551 9.161 8.989 8.886 8.756 8.405 7.841 7.141 6.279 5.396 4.617 3.893 3.127 2.253 1.520 0.980 0.604 0.371 0.259 0.230 0.239 0.266 0.265 0.205 0.100 0.041 0.015 0.005 0.002 0.001 0.001 0.001 0.001 0.001 0.001 0.001 0.001 0.001 0.001 0.000 0.000 0.000 0.000 0.000 0.000 0.000 0.000 0.000 0.000 0.001 0.002 0.003 0.007 0.014
0.795 0.668 0.541 0.458 0.399 0.357 0.334 0.327 0.330 0.342 0.363 0.392 0.430 0.471 0.573 1.153 2.824 5.356 7.226 7.938 8.047 7.795 7.168 6.264 5.352 4.701 4.356 4.168 3.965 3.642 3.157 2.510 1.910 1.500 1.218 0.971 0.683 0.432 0.257 0.142 0.076 0.045 0.036 0.037 0.044 0.047 0.039 0.019 0.007 0.002 0.001 0.001 0.001 0.001 0.001 0.001 0.002 0.002 0.002 0.001 0.001 0.000 0.000 0.000 0.000 0.000 0.000 0.000 0.000 0.000 0.000 0.000 0.000 0.001 0.001 0.002 0.004
1.186 1.056 0.883 0.744 0.634 0.545 0.486 0.459 0.456 0.463 0.482 0.508 0.539 0.568 0.611 0.770 1.352 2.655 4.224 5.396 6.069 6.252 6.075 5.474 4.381 3.325 2.640 2.169 1.786 1.437 1.076 0.703 0.430 0.283 0.217 0.177 0.133 0.087 0.053 0.032 0.018 0.010 0.006 0.005 0.006 0.007 0.006 0.003 0.001 0.001 0.001 0.001 0.001 0.001 0.001 0.001 0.001 0.001 0.001 0.001 0.001 0.000 0.000 0.000 0.000 0.000 0.000 0.000 0.000 0.000 0.000 0.000 0.000 0.000 0.001 0.001 0.001
1.684 1.569 1.383 1.187 1.014 0.852 0.729 0.664 0.641 0.637 0.646 0.660 0.675 0.689 0.719 0.831 1.192 2.041 3.477 4.880 5.841 6.262 6.259 5.714 4.458 3.141 2.235 1.586 1.087 0.700 0.413 0.214 0.100 0.049 0.031 0.025 0.020 0.014 0.011 0.010 0.009 0.006 0.003 0.002 0.002 0.002 0.001 0.001 0.001 0.000 0.000 0.000 0.000 0.001 0.001 0.001 0.002 0.002 0.001 0.001 0.001 0.000 0.000 0.000 0.000 0.000 0.000 0.000 0.000 0.000 0.000 0.000 0.000 0.000 0.000 0.000 0.000
2.301 2.205 2.031 1.808 1.579 1.329 1.114 0.982 0.915 0.883 0.867 0.857 0.852 0.854 0.886 1.024 1.409 2.282 3.861 5.413 6.456 6.958 6.849 5.955 4.410 2.934 1.872 1.131 0.638 0.342 0.172 0.076 0.029 0.011 0.005 0.003 0.003 0.003 0.004 0.006 0.008 0.006 0.003 0.001 0.001 0.001 0.001 0.001 0.000 0.000 0.000 0.000 0.000 0.000 0.001 0.001 0.001 0.001 0.001 0.001 0.000 0.000 0.000 0.000 0.000 0.000 0.000 0.000 0.000 0.000 0.000 0.000 0.000 0.000 0.000 0.000 0.000
3.032 2.957 2.803 2.584 2.329 2.009 1.677 1.452 1.320 1.233 1.169 1.121 1.095 1.092 1.143 1.385 2.094 3.616 5.473 6.766 7.135 6.931 6.164 4.714 3.067 1.810 0.981 0.490 0.240 0.121 0.058 0.025 0.010 0.003 0.001 0.001 0.001 0.002 0.002 0.004 0.006 0.006 0.003 0.001 0.001 0.001 0.001 0.001 0.000 0.000 0.000 0.000 0.000 0.000 0.001 0.001 0.002 0.002 0.002 0.001 0.000 0.000 0.000 0.000 0.000 0.000 0.000 0.000 0.000 0.000 0.000 0.000 0.000 0.000 0.000 0.000 0.000
3.879 3.821 3.683 3.470 3.203 2.837 2.399 2.077 1.869 1.717 1.597 1.511 1.472 1.477 1.620 2.168 3.692 5.663 6.606 6.897 6.483 4.777 2.797 1.535 0.859 0.456 0.234 0.124 0.068 0.038 0.020 0.009 0.004 0.002 0.001 0.001 0.001 0.001 0.001 0.002 0.004 0.005 0.003 0.001 0.001 0.001 0.001 0.001 0.000 0.000 0.000 0.000 0.000 0.000 0.001 0.001 0.001 0.001 0.001 0.001 0.000 0.000 0.000 0.000 0.000 0.000 0.000 0.000 0.000 0.000 0.000 0.000 0.000 0.000 0.000 0.000 0.000
4.824 4.783 4.663 4.445 4.143 3.733 3.221 2.814 2.538 2.345 2.211 2.136 2.118 2.243 2.751 4.009 5.642 6.571 6.574 5.599 3.665 1.898 1.003 0.609 0.372 0.214 0.119 0.067 0.039 0.023 0.013 0.007 0.003 0.001 0.001 0.001 0.001 0.001 0.001 0.002 0.004 0.004 0.003 0.001 0.001 0.001 0.001 0.001 0.001 0.000 0.000 0.000 0.000 0.000 0.001 0.001 0.001 0.001 0.001 0.000 0.000 0.000 0.000 0.000 0.000 0.000 0.000 0.000 0.000 0.000 0.000 0.000 0.000 0.000 0.000 0.000 0.000
5.854 5.814 5.677 5.424 5.074 4.630 4.098 3.647 3.347 3.183 3.116 3.198 3.454 4.047 5.258 6.335 6.704 6.299 5.147 3.348 1.796 1.080 0.734 0.497 0.312 0.177 0.096 0.053 0.031 0.019 0.011 0.005 0.002 0.001 0.001 0.001 0.001 0.001 0.001 0.002 0.003 0.004 0.004 0.002 0.001 0.001 0.001 0.001 0.001 0.001 0.000 0.000 0.000 0.001 0.001 0.001 0.001 0.001 0.000 0.000 0.000 0.000 0.000 0.000 0.000 0.000 0.000 0.000 0.000 0.000 0.000 0.000 0.000 0.000 0.000 0.000 0.000
6.839 6.784 6.635 6.356 5.975 5.519 5.036 4.643 4.429 4.434 4.722 5.324 6.172 6.867 7.352 7.234 6.586 5.253 3.521 2.104 1.332 0.944 0.689 0.474 0.289 0.158 0.083 0.046 0.027 0.016 0.009 0.004 0.002 0.001 0.001 0.001 0.001 0.001 0.001 0.002 0.002 0.003 0.004 0.003 0.001 0.001 0.001 0.001 0.000 0.000 0.000 0.000 0.000 0.001 0.001 0.001 0.001 0.001 0.000 0.000 0.000 0.000 0.000 0.000 0.000 0.000 0.000 0.000 0.000 0.000 0.000 0.000 0.000 0.000 0.000 0.000 0.000
7.755 7.705 7.537 7.215 6.847 6.473 6.153 6.022 6.207 6.745 7.750 8.545 8.827 8.528 7.890 7.003 5.759 4.148 2.706 1.767 1.246 0.927 0.685 0.465 0.272 0.142 0.073 0.040 0.024 0.014 0.008 0.004 0.002 0.001 0.001 0.001 0.001 0.001 0.001 0.002 0.002 0.003 0.003 0.003 0.001 0.001 0.001 0.001 0.001 0.000 0.000 0.000 0.000 0.001 0.001 0.001 0.001 0.001 0.000 0.000 0.000 0.000 0.000 0.000 0.000 0.000 0.000 0.000 0.000 0.000 0.000 0.000 0.000 0.000 0.000 0.000 0.000
8.642 8.583 8.392 8.038 7.744 7.650 7.832 8.349 9.355 10.196 10.715 10.668 10.065 8.999 7.772 6.373 4.894 3.522 2.450 1.724 1.254 0.941 0.691 0.457 0.257 0.130 0.066 0.036 0.021 0.013 0.007 0.003 0.001 0.001 0.001 0.001 0.001 0.001 0.001 0.002 0.002 0.002 0.003 0.003 0.002 0.001 0.001 0.001 0.001 0.001 0.001 0.000 0.000 0.001 0.001 0.001 0.001 0.001 0.000 0.000 0.000 0.000 0.000 0.000 0.000 0.000 0.000 0.000 0.000 0.000 0.000 0.000 0.000 0.000 0.000 0.000 0.000
9.498 9.443 9.253 8.939 8.769 9.132 10.539 11.733 12.505 12.695 12.449 11.768 10.667 9.186 7.528 5.912 4.510 3.349 2.443 1.790 1.328 0.992 0.711 0.450 0.241 0.119 0.060 0.033 0.019 0.011 0.006 0.002 0.001 0.001 0.001 0.001 0.001 0.002 0.002 0.002 0.002 0.002 0.002 0.003 0.002 0.001 0.001 0.001 0.001 0.001 0.001 0.001 0.000 0.000 0.000 0.001 0.001 0.001 0.000 0.000 0.000 0.000 0.000 0.000 0.000 0.000 0.000 0.000 0.000 0.000 0.000 0.000 0.000 0.000 0.000 0.000 0.000
10.348 10.284 10.115 9.957 10.046 11.102 13.240 14.275 14.406 14.189 13.570 12.471 10.988 9.189 7.338 5.743 4.448 3.399 2.601 1.999 1.504 1.091 0.735 0.434 0.224 0.109 0.056 0.031 0.018 0.010 0.005 0.002 0.001 0.001 0.001 0.001 0.001 0.001 0.002 0.002 0.002 0.001 0.001 0.002 0.002 0.002 0.001 0.001 0.001 0.001 0.001 0.001 0.000 0.000 0.000 0.000 0.001 0.001 0.000 0.000 0.000 0.000 0.000 0.000 0.000 0.000 0.000 0.000 0.000 0.000 0.000 0.000 0.000 0.000 0.000 0.000 0.000
11.214 11.118 11.004 11.147 12.028 13.843 15.299 15.656 15.585 15.203 14.289 12.921 11.179 9.180 7.307 5.763 4.592 3.698 2.995 2.392 1.799 1.221 0.744 0.406 0.203 0.099 0.051 0.028 0.016 0.009 0.004 0.002 0.001 0.001 0.001 0.001 0.001 0.001 0.002 0.002 0.002 0.001 0.001 0.002 0.002 0.002 0.001 0.001 0.001 0.001 0.001 0.001 0.001 0.001 0.000 0.000 0.001 0.001 0.000 0.000 0.000 0.000 0.000 0.000 0.000 0.000 0.000 0.000 0.000 0.000 0.000 0.000 0.000 0.000 0.000 0.000 0.000
12.087 11.979 11.904 12.506 14.563 16.215 16.716 16.755 16.447 15.765 14.633 13.161 11.331 9.260 7.457 6.074 5.075 4.314 3.643 2.940 2.100 1.298 0.720 0.366 0.176 0.086 0.045 0.025 0.014 0.007 0.003 0.001 0.001 0.000 0.000 0.001 0.001 0.001 0.002 0.002 0.002 0.001 0.001 0.001 0.002 0.002 0.001 0.001 0.001 0.001 0.001 0.001 0.001 0.001 0.001 0.000 0.000 0.001 0.000 0.000 0.000 0.000 0.000 0.000 0.000 0.000 0.000 0.000 0.000 0.000 0.000 0.000 0.000 0.000 0.000 0.000 0.000
12.918 12.829 12.910 14.076 16.484 17.465 17.504 17.375 16.847 15.948 14.699 13.215 11.411 9.504 7.954 6.822 5.937 5.150 4.324 3.356 2.239 1.299 0.672 0.317 0.146 0.072 0.039 0.022 0.012 0.006 0.003 0.001 0.000 0.000 0.000 0.000 0.001 0.001 0.002 0.002 0.002 0.001 0.001 0.001 0.001 0.002 0.002 0.001 0.001 0.001 0.001 0.001 0.001 0.001 0.001 0.000 0.000 0.000 0.000 0.000 0.000 0.000 0.000 0.000 0.000 0.000 0.000 0.000 0.000 0.000 0.000 0.000 0.000 0.000 0.000 0.000 0.000
13.668 13.749 14.367 16.119 17.681 18.075 18.052 17.777 17.030 16.012 14.765 13.256 11.494 9.898 8.646 7.651 6.706 5.750 4.697 3.491 2.248 1.250 0.603 0.267 0.122 0.063 0.035 0.020 0.011 0.005 0.002 0.001 0.000 0.000 0.000 0.000 0.001 0.001 0.002 0.002 0.002 0.001 0.001 0.001 0.001 0.001 0.001 0.001 0.001 0.001 0.001 0.001 0.001 0.001 0.001 0.001 0.001 0.000 0.001 0.000 0.000 0.000 0.000 0.000 0.000 0.000 0.000 0.000 0.000 0.000 0.000 0.000 0.000 0.000 0.000 0.000 0.000
14.444 14.953 16.377 17.880 18.416 18.420 18.206 17.817 16.948 15.884 14.748 13.325 11.673 10.281 9.142 8.136 7.111 6.005 4.773 3.427 2.144 1.134 0.515 0.220 0.105 0.058 0.034 0.020 0.010 0.005 0.002 0.001 0.000 0.000 0.000 0.000 0.001 0.001 0.002 0.002 0.002 0.001 0.001 0.001 0.001 0.002 0.001 0.001 0.001 0.001 0.001 0.001 0.001 0.001 0.001 0.001 0.001 0.000 0.000 0.000 0.000 0.000 0.000 0.000 0.000 0.000 0.000 0.000 0.000 0.000 0.000 0.000 0.000 0.000 0.000 0.000 0.000
15.376 16.849 18.216 18.710 18.801 18.642 18.240 17.629 16.681 15.673 14.687 13.466 11.999 10.668 9.512 8.411 7.276 6.031 4.641 3.169 1.873 0.929 0.406 0.182 0.096 0.057 0.034 0.019 0.010 0.004 0.002 0.001 0.000 0.000 0.000 0.000 0.001 0.001 0.002 0.002 0.002 0.001 0.001 0.001 0.001 0.001 0.001 0.001 0.001 0.001 0.001 0.001 0.001 0.001 0.001 0.001 0.001 0.000 0.000 0.000 0.000 0.000 0.000 0.000 0.000 0.000 0.000 0.000 0.000 0.000 0.000 0.000 0.000 0.000 0.000 0.000 0.000
16.732 18.552 19.295 19.223 19.181 18.818 18.248 17.541 16.600 15.626 14.702 13.581 12.294 11.045 9.834 8.608 7.324 5.880 4.248 2.673 1.450 0.693 0.321 0.162 0.094 0.057 0.033 0.018 0.009 0.003 0.001 0.000 0.000 0.000 0.000 0.000 0.001 0.001 0.002 0.002 0.002 0.001 0.001 0.001 0.001 0.001 0.001 0.001 0.001 0.001 0.001 0.001 0.001 0.001 0.001 0.001 0.001 0.001 0.000 0.001 0.000 0.000 0.000 0.000 0.000 0.000 0.000 0.000 0.000 0.000 0.000 0.000 0.000 0.000 0.000 0.000 0.000
18.638 19.730 19.946 19.725 19.502 18.963 18.296 17.584 16.660 15.664 14.694 13.613 12.475 11.349 10.126 8.786 7.300 5.581 3.759 2.215 1.157 0.569 0.286 0.158 0.094 0.057 0.032 0.017 0.007 0.003 0.001 0.000 0.000 0.000 0.000 0.000 0.001 0.001 0.002 0.002 0.002 0.001 0.001 0.001 0.001 0.001 0.001 0.001 0.001 0.001 0.001 0.001 0.001 0.001 0.001 0.001 0.001 0.001 0.001 0.001 0.001 0.000 0.000 0.000 0.000 0.000 0.000 0.000 0.000 0.000 0.000 0.000 0.000 0.000 0.000 0.000 0.000
20.173 20.476 20.419 20.168 19.853 19.201 18.434 17.722 16.807 15.777 14.728 13.674 12.628 11.597 10.374 8.939 7.256 5.320 3.438 1.973 1.038 0.532 0.281 0.159 0.095 0.056 0.031 0.014 0.006 0.002 0.001 0.000 0.000 0.000 0.000 0.000 0.001 0.001 0.002 0.002 0.001 0.001 0.001 0.001 0.001 0.001 0.001 0.001 0.001 0.001 0.001 0.001 0.001 0.001 0.001 0.001 0.001 0.001 0.001 0.001 0.001 0.001 0.000 0.000 0.000 0.000 0.000 0.000 0.000 0.000 0.000 0.000 0.000 0.000 0.000 0.000 0.000
20.791 20.856 20.835 20.667 20.403 19.805 18.972 18.123 17.105 15.970 14.882 13.882 12.883 11.841 10.530 9.003 7.168 5.086 3.218 1.853 1.003 0.531 0.288 0.163 0.094 0.053 0.027 0.011 0.004 0.001 0.000 0.000 0.000 0.000 0.000 0.000 0.001 0.001 0.002 0.002 0.001 0.001 0.001 0.001 0.001 0.001 0.001 0.001 0.001 0.001 0.001 0.001 0.001 0.001 0.001 0.001 0.001 0.001 0.001 0.001 0.001 0.001 0.001 0.000 0.000 0.000 0.000 0.000 0.000 0.000 0.000 0.000 0.000 0.000 0.000 0.000 0.000
20.963 21.025 21.038 20.956 20.827 20.398 19.649 18.689 17.483 16.226 15.160 14.137 13.063 11.926 10.557 8.962 7.001 4.858 3.057 1.781 0.986 0.535 0.292 0.162 0.088 0.045 0.021 0.008 0.003 0.001 0.000 0.000 0.000 0.000 0.000 0.000 0.001 0.001 0.002 0.002 0.002 0.001 0.001 0.001 0.001 0.001 0.001 0.001 0.001 0.001 0.001 0.001 0.001 0.001 0.001 0.001 0.001 0.001 0.001 0.001 0.001 0.001 0.001 0.001 0.000 0.000 0.000 0.000 0.000 0.000 0.000 0.000 0.000 0.000 0.000 0.000 0.000
20.903 20.988 20.968 20.936 20.954 20.624 20.006 19.151 17.907 16.514 15.300 14.182 13.082 11.904 10.497 8.803 6.748 4.631 2.914 1.710 0.957 0.525 0.286 0.152 0.077 0.035 0.014 0.005 0.001 0.001 0.000 0.000 0.000 0.000 0.000 0.000 0.001 0.001 0.002 0.002 0.001 0.001 0.001 0.001 0.001 0.001 0.001 0.001 0.001 0.001 0.001 0.001 0.001 0.001 0.001 0.001 0.001 0.001 0.001 0.001 0.001 0.001 0.001 0.001 0.001 0.000 0.000 0.000 0.000 0.000 0.000 0.000 0.000 0.000 0.000 0.000 0.000
20.879 20.930 20.941 20.934 21.025 20.787 20.275 19.496 18.308 16.830 15.435 14.203 13.006 11.712 10.218 8.408 6.326 4.320 2.713 1.583 0.876 0.474 0.252 0.126 0.057 0.023 0.008 0.003 0.001 0.001 0.000 0.000 0.000 0.000 0.000 0.000 0.001 0.001 0.002 0.002 0.001 0.001 0.001 0.001 0.001 0.001 0.001 0.001 0.001 0.001 0.001 0.001 0.001 0.001 0.001 0.001 0.001 0.001 0.001 0.001 0.001 0.001 0.001 0.001 0.001 0.001 0.000 0.000 0.000 0.000 0.000 0.000 0.000 0.000 0.000 0.000 0.000
20.674 20.609 20.638 20.616 20.693 20.440 20.090 19.431 18.377 16.955 15.461 14.057 12.699 11.268 9.640 7.703 5.653 3.813 2.352 1.328 0.701 0.357 0.175 0.079 0.032 0.012 0.004 0.001 0.001 0.001 0.000 0.000 0.000 0.000 0.000 0.000 0.001 0.001 0.002 0.002 0.001 0.001 0.001 0.001 0.001 0.001 0.001 0.001 0.001 0.001 0.001 0.001 0.001 0.001 0.001 0.001 0.001 0.001 0.001 0.001 0.001 0.001 0.001 0.001 0.001 0.001 0.001 0.000 0.000 0.000 0.000 0.000 0.000 0.000 0.000 0.000 0.000
