RESULTS/r.avaflow_results/13_results/13_ascii/13_hflow10048.asc
ncols 506
nrows 317
xllcenter 498237.50
yllcenter 5580050.00
cellsize 12.50
NODATA_value -9999.000
[rows 170 to 203 of 317, columns 77 to 153 of 506]
0.001 0.002 0.004 0.007 0.013 0.024 0.040 0.057 0.070 0.081 0.093 0.114 0.161 0.254 0.406 0.615 0.865 1.139 1.436 1.753 2.084 2.431 2.800 3.209 3.666 4.115 4.522 4.920 5.325 5.754 6.228 6.777 7.419 8.169 9.029 9.994 11.037 12.121 13.143 14.094 14.985 15.862 16.775 17.775 18.944 20.329 21.627 22.775 23.922 25.030 26.218 27.700 29.095 30.361 31.389 31.930 32.379 33.123 33.750 34.393 35.009 35.209 35.249 35.259 34.700 33.773 32.735 31.432 30.010 28.416 26.663 24.622 22.523 20.472 18.493 16.602 14.846
0.004 0.007 0.013 0.022 0.038 0.062 0.092 0.123 0.151 0.181 0.223 0.295 0.423 0.624 0.887 1.187 1.504 1.843 2.200 2.573 2.951 3.342 3.755 4.198 4.669 5.138 5.580 6.017 6.456 6.919 7.439 8.040 8.733 9.522 10.421 11.432 12.541 13.747 14.891 15.939 16.925 17.873 18.846 19.904 21.023 22.468 23.904 25.274 26.600 27.727 28.799 30.091 31.126 32.066 32.927 33.391 33.757 34.482 35.101 35.683 36.244 36.312 36.183 36.031 35.443 34.522 33.480 32.109 30.587 29.041 27.383 25.516 23.498 21.475 19.513 17.687 15.968
0.011 0.019 0.031 0.051 0.080 0.118 0.165 0.215 0.271 0.339 0.437 0.590 0.818 1.114 1.450 1.814 2.201 2.619 3.066 3.515 3.956 4.399 4.854 5.321 5.791 6.255 6.715 7.176 7.643 8.143 8.700 9.322 10.010 10.790 11.695 12.723 13.855 15.117 16.423 17.621 18.730 19.772 20.839 21.910 23.017 24.262 25.717 27.284 28.800 30.045 31.042 32.071 32.768 33.306 33.854 34.196 34.622 35.293 35.963 36.529 36.944 36.922 36.748 36.489 35.838 34.954 34.029 32.691 31.244 29.822 28.141 26.313 24.281 22.208 20.283 18.500 16.830
0.019 0.033 0.052 0.079 0.116 0.165 0.227 0.303 0.396 0.514 0.670 0.883 1.165 1.512 1.919 2.386 2.914 3.489 4.069 4.609 5.116 5.613 6.109 6.576 7.027 7.479 7.933 8.392 8.870 9.381 9.927 10.523 11.197 11.971 12.880 13.908 15.039 16.294 17.685 19.055 20.335 21.472 22.655 23.752 24.886 26.029 27.320 28.846 30.522 31.850 32.867 33.781 34.141 34.278 34.452 34.567 34.930 35.582 36.305 36.815 37.234 37.256 37.078 36.766 36.030 35.131 34.255 33.098 31.795 30.423 28.704 26.831 24.786 22.711 20.810 19.066 17.418
0.025 0.041 0.064 0.095 0.138 0.195 0.269 0.365 0.488 0.645 0.845 1.104 1.436 1.847 2.342 2.921 3.588 4.345 5.121 5.819 6.422 6.978 7.492 7.947 8.376 8.799 9.230 9.673 10.125 10.598 11.103 11.659 12.296 13.028 13.876 14.875 16.037 17.311 18.707 20.191 21.628 22.901 24.149 25.264 26.307 27.464 28.686 30.023 31.634 33.007 33.928 34.636 34.728 34.599 34.510 34.562 34.885 35.565 36.237 36.666 37.008 36.941 36.784 36.502 35.863 35.074 34.316 33.304 32.054 30.673 28.995 27.123 25.059 22.978 21.095 19.388 17.752
0.028 0.045 0.070 0.105 0.152 0.214 0.296 0.405 0.549 0.736 0.976 1.282 1.670 2.151 2.730 3.408 4.188 5.072 6.026 6.908 7.665 8.315 8.856 9.312 9.720 10.114 10.506 10.909 11.331 11.765 12.218 12.724 13.301 13.974 14.788 15.757 16.889 18.168 19.587 21.141 22.722 24.136 25.433 26.680 27.844 28.975 29.983 31.025 32.337 33.624 34.555 35.096 35.092 34.968 34.830 34.688 34.798 35.471 36.012 36.403 36.798 36.713 36.519 36.349 35.862 35.180 34.489 33.451 32.162 30.729 29.027 27.089 25.074 23.073 21.221 19.542 17.898
0.028 0.047 0.074 0.110 0.159 0.224 0.310 0.426 0.583 0.793 1.069 1.423 1.868 2.418 3.078 3.841 4.701 5.662 6.731 7.791 8.718 9.478 10.086 10.574 10.983 11.353 11.713 12.083 12.464 12.856 13.284 13.736 14.230 14.839 15.610 16.541 17.620 18.845 20.240 21.861 23.562 25.155 26.540 27.755 28.863 29.949 30.828 31.707 32.774 33.811 34.773 35.258 35.269 35.179 34.981 34.688 34.597 35.190 35.810 36.334 36.674 36.564 36.397 36.289 35.878 35.333 34.638 33.521 32.212 30.761 29.011 27.015 25.017 23.048 21.225 19.555 17.911
0.028 0.047 0.075 0.113 0.163 0.228 0.314 0.432 0.595 0.822 1.129 1.531 2.038 2.656 3.382 4.206 5.119 6.124 7.236 8.427 9.528 10.443 11.162 11.729 12.162 12.525 12.888 13.215 13.556 13.900 14.269 14.663 15.098 15.644 16.309 17.117 18.126 19.379 20.752 22.334 24.033 25.745 27.256 28.505 29.573 30.613 31.343 31.990 32.853 33.541 34.308 35.040 35.113 34.981 34.838 34.553 34.371 34.824 35.381 35.889 36.218 36.151 36.000 35.854 35.437 34.897 34.176 33.045 31.737 30.303 28.600 26.680 24.717 22.850 21.107 19.462 17.881
0.026 0.044 0.073 0.113 0.164 0.228 0.314 0.431 0.595 0.828 1.158 1.606 2.176 2.859 3.638 4.501 5.444 6.467 7.585 8.823 10.081 11.182 12.069 12.740 13.245 13.645 13.968 14.270 14.593 14.896 15.211 15.550 15.923 16.376 16.946 17.691 18.615 19.778 21.105 22.688 24.426 26.273 27.906 29.174 30.182 31.182 31.869 32.441 33.157 33.682 34.179 34.708 34.763 34.712 34.841 34.629 34.519 34.894 35.291 35.673 35.922 35.818 35.628 35.451 34.954 34.307 33.567 32.440 31.103 29.675 27.962 26.075 24.210 22.425 20.765 19.280 17.747
0.020 0.037 0.065 0.107 0.160 0.224 0.306 0.420 0.580 0.816 1.159 1.640 2.270 3.014 3.831 4.711 5.658 6.677 7.796 9.047 10.422 11.717 12.798 13.616 14.230 14.694 15.041 15.333 15.603 15.863 16.121 16.398 16.706 17.071 17.541 18.204 19.017 20.039 21.277 22.797 24.599 26.613 28.321 29.656 30.659 31.594 32.235 32.904 33.557 33.849 34.055 34.301 34.178 34.171 34.641 34.639 34.556 34.854 35.119 35.358 35.547 35.332 35.005 34.769 34.211 33.456 32.663 31.512 30.134 28.643 26.966 25.191 23.490 21.854 20.298 18.945 17.497
0.011 0.025 0.052 0.094 0.147 0.209 0.285 0.387 0.534 0.761 1.114 1.624 2.291 3.087 3.952 4.848 5.786 6.783 7.876 9.111 10.530 12.023 13.318 14.332 15.093 15.643 16.044 16.332 16.585 16.817 16.993 17.192 17.418 17.679 18.074 18.582 19.280 20.262 21.480 22.956 24.635 26.591 28.369 29.738 30.703 31.510 32.064 32.620 33.288 33.614 33.752 33.925 33.800 33.697 33.959 34.255 34.362 34.593 34.768 34.870 34.906 34.597 34.178 33.823 33.136 32.309 31.439 30.215 28.828 27.351 25.685 24.063 22.599 21.126 19.695 18.398 17.035
0.006 0.015 0.036 0.073 0.122 0.177 0.242 0.323 0.443 0.640 0.975 1.496 2.204 3.051 3.971 4.894 5.823 6.810 7.898 9.132 10.549 12.166 13.668 14.911 15.847 16.509 16.972 17.254 17.476 17.658 17.789 17.973 18.097 18.283 18.597 18.978 19.575 20.436 21.528 23.007 24.681 26.621 28.495 29.889 30.911 31.748 32.223 32.603 33.226 33.478 33.485 33.695 33.656 33.632 33.742 33.835 34.075 34.385 34.417 34.398 34.409 34.085 33.463 32.888 32.043 31.078 30.140 28.900 27.526 26.090 24.516 23.013 21.654 20.270 18.947 17.718 16.444
0.002 0.008 0.022 0.048 0.086 0.130 0.177 0.232 0.315 0.463 0.736 1.213 1.917 2.805 3.813 4.821 5.773 6.754 7.845 9.093 10.523 12.194 13.889 15.294 16.374 17.211 17.810 18.166 18.386 18.534 18.627 18.744 18.801 18.915 19.129 19.405 19.869 20.584 21.618 23.016 24.670 26.614 28.539 29.999 31.129 31.994 32.351 32.635 33.100 33.332 33.362 33.620 33.612 33.572 33.606 33.522 33.663 33.980 34.003 33.990 33.943 33.502 32.781 32.030 31.093 30.068 29.065 27.814 26.430 24.971 23.448 21.975 20.648 19.333 18.070 16.886 15.697
0.001 0.004 0.011 0.028 0.054 0.085 0.120 0.161 0.223 0.328 0.523 0.884 1.480 2.318 3.354 4.460 5.504 6.547 7.660 8.934 10.402 12.114 13.968 15.573 16.836 17.817 18.532 18.972 19.240 19.377 19.433 19.469 19.457 19.474 19.583 19.798 20.176 20.693 21.605 22.875 24.462 26.373 28.316 29.757 30.850 31.675 32.045 32.359 32.665 32.757 32.804 33.112 33.106 32.990 33.097 32.920 32.847 33.212 33.251 33.217 33.159 32.690 31.985 31.225 30.232 29.185 28.139 26.872 25.470 23.961 22.368 20.957 19.646 18.366 17.147 15.986 14.869
0.000 0.001 0.005 0.014 0.031 0.053 0.080 0.115 0.168 0.258 0.415 0.692 1.158 1.849 2.761 3.845 4.981 6.131 7.324 8.658 10.186 12.001 13.982 15.725 17.168 18.290 19.109 19.653 19.986 20.188 20.254 20.248 20.231 20.207 20.221 20.337 20.616 21.058 21.816 22.978 24.456 26.328 28.270 29.595 30.557 31.451 31.864 32.087 32.306 32.293 32.290 32.511 32.496 32.374 32.568 32.409 32.231 32.396 32.468 32.514 32.428 31.986 31.377 30.690 29.701 28.621 27.508 26.147 24.621 23.042 21.432 19.989 18.671 17.404 16.204 15.064 14.002
0.000 0.001 0.002 0.006 0.015 0.030 0.051 0.083 0.136 0.228 0.382 0.628 1.016 1.598 2.401 3.405 4.539 5.749 7.033 8.438 10.012 11.861 13.912 15.729 17.228 18.481 19.458 20.172 20.661 20.967 21.056 21.067 21.049 21.017 21.006 21.031 21.217 21.558 22.112 23.167 24.529 26.228 28.041 29.277 30.226 31.119 31.534 31.721 31.913 31.731 31.593 31.679 31.685 31.644 31.844 31.737 31.653 31.647 31.608 31.628 31.644 31.316 30.741 30.086 29.187 28.120 26.917 25.435 23.855 22.191 20.551 19.059 17.741 16.509 15.349 14.225 13.169
0.000 0.000 0.001 0.002 0.006 0.015 0.030 0.058 0.113 0.215 0.381 0.627 0.992 1.523 2.258 3.201 4.314 5.551 6.891 8.331 9.901 11.677 13.708 15.663 17.305 18.654 19.757 20.582 21.225 21.653 21.806 21.875 21.843 21.862 21.878 21.886 22.035 22.266 22.677 23.541 24.659 26.024 27.608 28.735 29.622 30.393 30.764 30.910 31.083 30.827 30.621 30.534 30.417 30.391 30.682 30.734 30.785 30.810 30.772 30.909 30.883 30.593 30.095 29.525 28.596 27.495 26.288 24.760 23.131 21.413 19.736 18.206 16.838 15.629 14.496 13.406 12.340
0.000 0.000 0.000 0.001 0.002 0.006 0.017 0.042 0.098 0.210 0.394 0.660 1.030 1.549 2.258 3.170 4.265 5.505 6.861 8.312 9.860 11.553 13.474 15.451 17.219 18.658 19.898 20.911 21.735 22.234 22.532 22.725 22.764 22.840 22.901 22.973 23.160 23.310 23.638 24.312 25.108 26.099 27.410 28.414 29.155 29.803 30.034 30.063 30.250 30.104 29.860 29.653 29.455 29.371 29.681 29.870 29.960 30.073 29.874 29.990 29.931 29.843 29.295 28.737 27.892 26.833 25.598 24.048 22.408 20.635 18.948 17.408 15.997 14.762 13.634 12.547 11.431
0.000 0.000 0.000 0.000 0.001 0.003 0.010 0.032 0.090 0.218 0.433 0.745 1.161 1.697 2.388 3.260 4.314 5.528 6.868 8.329 9.873 11.492 13.254 15.170 17.036 18.626 19.917 20.957 21.919 22.617 23.104 23.387 23.539 23.654 23.752 23.871 24.125 24.310 24.603 25.152 25.684 26.364 27.310 28.146 28.756 29.268 29.408 29.435 29.609 29.472 29.247 28.991 28.766 28.603 28.810 28.940 29.066 29.214 28.987 28.932 28.805 28.792 28.388 27.925 27.082 26.007 24.769 23.247 21.634 19.897 18.204 16.617 15.146 13.818 12.582 11.383 10.171
0.000 0.000 0.000 0.000 0.000 0.002 0.007 0.027 0.089 0.241 0.513 0.909 1.409 1.997 2.689 3.520 4.515 5.678 6.998 8.431 9.943 11.521 13.130 14.851 16.660 18.397 19.819 21.010 22.026 22.789 23.392 23.807 24.068 24.238 24.338 24.449 24.734 24.915 25.149 25.644 26.030 26.448 27.106 27.784 28.259 28.694 28.778 28.805 28.999 28.862 28.689 28.459 28.140 27.864 27.941 27.941 27.956 28.096 27.981 27.731 27.484 27.350 27.129 26.729 25.934 24.884 23.698 22.259 20.731 19.104 17.445 15.855 14.314 12.808 11.348 9.922 8.575
0.000 0.000 0.000 0.000 0.000 0.001 0.006 0.024 0.093 0.284 0.650 1.180 1.801 2.453 3.162 3.972 4.916 6.015 7.273 8.650 10.112 11.611 13.107 14.698 16.379 18.121 19.614 20.908 21.998 22.927 23.699 24.242 24.569 24.808 24.874 24.935 25.194 25.345 25.520 25.954 26.266 26.552 27.103 27.666 28.055 28.467 28.537 28.534 28.706 28.590 28.458 28.350 27.969 27.634 27.542 27.287 27.102 27.072 26.737 26.390 26.072 25.720 25.464 25.141 24.436 23.446 22.286 20.949 19.547 18.125 16.608 15.001 13.309 11.562 9.875 8.268 6.772
0.000 0.000 0.000 0.000 0.000 0.001 0.005 0.023 0.097 0.342 0.856 1.600 2.355 3.068 3.805 4.614 5.533 6.580 7.755 9.055 10.431 11.841 13.223 14.642 16.197 17.827 19.320 20.691 21.907 22.925 23.845 24.479 24.857 25.117 25.187 25.225 25.437 25.584 25.763 26.130 26.372 26.596 27.039 27.498 27.866 28.261 28.371 28.377 28.490 28.388 28.284 28.204 27.837 27.431 27.151 26.699 26.271 25.970 25.499 24.987 24.555 24.073 23.557 23.157 22.477 21.583 20.524 19.291 17.985 16.730 15.291 13.590 11.635 9.631 7.760 6.003 4.406
0.000 0.000 0.000 0.001 0.001 0.002 0.005 0.021 0.094 0.390 1.110 2.181 3.078 3.832 4.601 5.437 6.359 7.369 8.480 9.692 10.960 12.220 13.463 14.726 16.091 17.561 18.973 20.316 21.557 22.643 23.687 24.391 24.863 25.137 25.202 25.197 25.394 25.535 25.680 26.007 26.220 26.391 26.721 27.062 27.498 27.882 27.959 27.963 28.041 27.966 27.898 27.810 27.449 26.975 26.560 25.947 25.324 24.843 24.257 23.602 22.969 22.256 21.542 20.881 20.136 19.275 18.275 17.098 15.799 14.439 12.772 10.806 8.560 6.379 4.513 3.016 1.914
0.001 0.001 0.002 0.002 0.003 0.004 0.006 0.021 0.092 0.405 1.269 2.653 3.796 4.669 5.519 6.411 7.378 8.403 9.471 10.581 11.720 12.826 13.908 15.016 16.227 17.549 18.837 20.119 21.305 22.444 23.495 24.287 24.822 25.192 25.245 25.217 25.437 25.574 25.682 25.982 26.121 26.165 26.437 26.713 27.155 27.576 27.639 27.611 27.756 27.683 27.533 27.396 27.028 26.441 25.952 25.257 24.520 23.835 23.042 22.210 21.396 20.462 19.541 18.595 17.624 16.652 15.584 14.278 12.732 10.870 8.628 6.363 4.335 2.795 1.709 0.980 0.527
0.003 0.004 0.004 0.004 0.005 0.006 0.008 0.022 0.092 0.401 1.310 2.867 4.303 5.394 6.449 7.523 8.600 9.675 10.736 11.759 12.729 13.663 14.589 15.537 16.533 17.652 18.829 20.022 21.127 22.224 23.236 24.056 24.645 25.090 25.165 25.152 25.352 25.506 25.608 25.818 25.855 25.831 26.054 26.239 26.670 27.081 27.172 27.153 27.316 27.229 27.059 26.841 26.397 25.703 25.157 24.381 23.569 22.729 21.758 20.726 19.710 18.585 17.456 16.310 15.115 13.848 12.429 10.750 8.670 6.388 4.276 2.623 1.489 0.807 0.421 0.209 0.100
0.006 0.006 0.007 0.007 0.008 0.009 0.012 0.026 0.094 0.390 1.291 2.902 4.613 5.978 7.278 8.610 9.914 11.109 12.177 13.134 13.995 14.796 15.558 16.306 17.080 17.957 18.925 19.963 21.012 21.935 22.834 23.597 24.172 24.616 24.746 24.824 25.012 25.157 25.250 25.381 25.299 25.238 25.418 25.504 25.833 26.222 26.328 26.320 26.446 26.351 26.210 25.955 25.438 24.690 23.971 23.128 22.291 21.413 20.317 19.119 17.919 16.649 15.378 14.062 12.665 11.158 9.416 7.392 5.170 3.175 1.714 0.818 0.369 0.171 0.081 0.037 0.018
0.010 0.009 0.010 0.010 0.011 0.012 0.016 0.030 0.097 0.388 1.279 2.904 4.836 6.473 8.018 9.568 11.098 12.522 13.730 14.716 15.522 16.165 16.776 17.361 17.935 18.597 19.293 20.109 21.034 21.841 22.633 23.288 23.821 24.282 24.370 24.415 24.650 24.788 24.823 24.950 24.822 24.712 24.844 24.857 24.954 25.285 25.360 25.354 25.456 25.343 25.148 24.897 24.313 23.487 22.633 21.664 20.645 19.688 18.505 17.254 15.941 14.574 13.159 11.705 10.177 8.545 6.705 4.683 2.795 1.407 0.594 0.221 0.083 0.033 0.014 0.007 0.005
0.014 0.013 0.013 0.014 0.015 0.016 0.019 0.034 0.102 0.399 1.304 2.958 5.050 6.926 8.692 10.448 12.138 13.722 15.088 16.196 17.052 17.689 18.210 18.628 19.001 19.442 19.859 20.442 21.132 21.807 22.494 23.004 23.437 23.924 24.044 24.045 24.229 24.300 24.300 24.399 24.266 24.099 24.132 24.070 24.029 24.231 24.208 24.140 24.166 24.007 23.695 23.396 22.771 21.898 20.981 19.886 18.721 17.665 16.407 15.137 13.714 12.279 10.787 9.259 7.654 5.907 4.107 2.464 1.240 0.510 0.174 0.054 0.017 0.006 0.003 0.003 0.004
0.021 0.019 0.018 0.018 0.019 0.020 0.023 0.037 0.109 0.434 1.390 3.110 5.308 7.388 9.343 11.238 13.037 14.714 16.164 17.402 18.339 19.028 19.515 19.848 20.073 20.305 20.483 20.820 21.225 21.724 22.291 22.704 23.044 23.420 23.534 23.529 23.611 23.596 23.586 23.635 23.511 23.358 23.288 23.098 22.954 22.993 22.878 22.777 22.694 22.426 22.024 21.608 20.919 20.017 19.042 17.856 16.593 15.411 14.064 12.739 11.252 9.744 8.200 6.621 4.962 3.328 1.947 0.961 0.391 0.134 0.041 0.011 0.003 0.002 0.002 0.002 0.004
0.032 0.027 0.025 0.024 0.024 0.025 0.027 0.041 0.123 0.494 1.557 3.419 5.737 7.924 9.987 11.962 13.785 15.504 16.996 18.311 19.292 19.979 20.428 20.740 20.927 21.047 21.121 21.313 21.523 21.841 22.237 22.538 22.759 23.002 23.017 22.991 23.057 22.971 22.889 22.946 22.831 22.637 22.502 22.180 21.894 21.814 21.558 21.294 21.033 20.647 20.176 19.601 18.818 17.867 16.829 15.590 14.268 12.948 11.536 10.168 8.733 7.258 5.704 4.108 2.617 1.436 0.656 0.248 0.083 0.027 0.008 0.002 0.001 0.001 0.002 0.003 0.006
0.048 0.039 0.034 0.032 0.029 0.028 0.029 0.046 0.143 0.584 1.820 3.961 6.449 8.663 10.702 12.637 14.397 16.061 17.514 18.897 19.929 20.679 21.186 21.461 21.579 21.649 21.653 21.713 21.802 21.977 22.228 22.377 22.440 22.543 22.430 22.324 22.366 22.246 22.158 22.195 22.069 21.856 21.646 21.251 20.815 20.537 20.180 19.746 19.298 18.745 18.140 17.417 16.546 15.550 14.447 13.155 11.782 10.434 9.088 7.766 6.413 4.993 3.512 2.134 1.084 0.445 0.150 0.046 0.015 0.005 0.002 0.001 0.001 0.001 0.002 0.003 0.007
0.074 0.059 0.048 0.039 0.033 0.030 0.031 0.048 0.162 0.700 2.213 4.795 7.426 9.533 11.405 13.179 14.843 16.403 17.783 19.108 20.186 21.021 21.554 21.839 22.005 21.979 21.911 21.932 21.906 21.965 22.125 22.094 21.995 21.894 21.609 21.365 21.357 21.260 21.211 21.228 21.083 20.910 20.645 20.188 19.678 19.194 18.749 18.174 17.604 16.956 16.210 15.326 14.309 13.164 11.961 10.688 9.367 8.081 6.802 5.530 4.242 2.949 1.766 0.866 0.334 0.103 0.029 0.008 0.002 0.001 0.001 0.001 0.001 0.001 0.002 0.003 0.008
0.095 0.077 0.059 0.045 0.035 0.032 0.032 0.049 0.167 0.759 2.543 5.616 8.407 10.353 12.020 13.580 15.104 16.576 17.935 19.153 20.258 21.126 21.770 22.093 22.275 22.233 22.147 22.172 22.077 22.004 22.080 21.884 21.548 21.216 20.784 20.447 20.356 20.217 20.114 20.130 19.973 19.812 19.573 19.114 18.562 17.941 17.358 16.680 15.992 15.200 14.303 13.263 12.108 10.856 9.592 8.339 7.092 5.851 4.609 3.401 2.294 1.354 0.659 0.252 0.076 0.020 0.005 0.001 0.001 0.001 0.001 0.001 0.001 0.001 0.002 0.004 0.010
0.103 0.084 0.063 0.047 0.037 0.033 0.033 0.050 0.166 0.757 2.640 6.040 9.100 10.974 12.429 13.823 15.241 16.640 17.995 19.126 20.218 21.084 21.712 22.085 22.325 22.285 22.224 22.276 22.153 22.013 21.937 21.585 21.032 20.478 19.873 19.423 19.231 19.034 18.875 18.836 18.672 18.538 18.331 17.897 17.345 16.679 15.971 15.202 14.396 13.460 12.444 11.260 9.987 8.641 7.334 6.073 4.849 3.666 2.570 1.629 0.912 0.432 0.166 0.053 0.015 0.004 0.001 0.001 0.001 0.001 0.001 0.001 0.001 0.001 0.002 0.006 0.019
