RESULTS/r.avaflow_results/13_results/13_ascii/13_hflow10003.asc
ncols 506
nrows 317
xllcenter 498237.50
yllcenter 5580050.00
cellsize 12.50
NODATA_value -9999.000
[rows 204 to 237 of 317, columns 77 to 153 of 506]
0.000 0.000 0.000 0.000 0.000 0.000 0.000 0.000 0.000 0.001 0.007 0.045 0.237 0.919 2.576 5.195 7.408 8.899 9.982 10.719 11.099 11.299 11.416 11.541 11.695 12.035 12.607 13.323 14.136 14.967 15.937 16.861 17.722 18.106 18.199 18.155 17.946 17.633 17.195 16.491 15.875 15.628 15.590 15.522 15.238 14.515 13.304 11.759 9.864 7.940 6.003 4.576 3.823 3.426 3.208 3.116 3.106 3.185 3.422 3.658 3.760 3.812 3.866 3.948 4.124 4.332 4.429 4.413 4.222 3.865 3.313 2.519 1.661 0.982 0.531 0.270 0.134
0.000 0.000 0.000 0.000 0.000 0.000 0.000 0.000 0.001 0.002 0.008 0.038 0.196 0.872 2.649 5.453 7.792 9.371 10.454 11.144 11.419 11.442 11.393 11.393 11.412 11.668 12.278 13.056 13.901 14.829 15.989 17.281 18.258 18.764 18.922 18.951 18.861 18.528 17.977 17.289 16.671 16.276 16.056 15.871 15.452 14.517 13.008 10.902 8.459 6.455 5.005 4.175 3.743 3.492 3.348 3.287 3.298 3.457 3.836 4.175 4.316 4.384 4.469 4.684 4.991 5.168 5.202 5.163 4.997 4.592 3.883 2.863 1.878 1.144 0.665 0.376 0.213
0.000 0.000 0.000 0.000 0.000 0.000 0.000 0.001 0.003 0.006 0.014 0.043 0.182 0.835 2.734 5.786 8.306 9.981 11.080 11.725 11.962 11.902 11.645 11.524 11.526 11.760 12.391 13.213 14.083 15.095 16.363 17.744 18.769 19.524 19.791 19.857 19.795 19.597 19.062 18.331 17.644 17.058 16.617 16.220 15.565 14.368 12.427 9.769 7.258 5.449 4.455 3.998 3.747 3.595 3.529 3.528 3.632 3.926 4.438 4.877 5.075 5.166 5.302 5.621 5.878 5.928 5.846 5.688 5.429 4.921 4.096 3.018 2.083 1.364 0.862 0.549 0.355
0.000 0.000 0.000 0.000 0.000 0.000 0.001 0.003 0.006 0.013 0.027 0.063 0.199 0.826 2.848 6.257 9.031 10.805 11.885 12.436 12.581 12.465 12.094 11.941 12.026 12.335 12.956 13.740 14.637 15.716 16.943 18.231 19.317 20.303 20.895 21.125 21.038 20.831 20.380 19.710 18.893 18.039 17.296 16.551 15.501 13.905 11.436 8.366 6.046 4.787 4.237 3.970 3.825 3.767 3.770 3.865 4.140 4.643 5.340 5.897 6.184 6.266 6.370 6.565 6.593 6.488 6.277 5.945 5.501 4.881 3.944 2.885 2.074 1.506 1.094 0.797 0.586
0.000 0.000 0.000 0.000 0.001 0.002 0.004 0.007 0.014 0.028 0.054 0.111 0.267 0.872 2.972 6.762 9.858 11.732 12.741 13.199 13.278 13.145 12.865 12.773 12.936 13.354 13.935 14.545 15.283 16.335 17.587 18.798 19.889 20.958 21.873 22.365 22.486 22.268 21.807 21.206 20.319 19.101 17.877 16.754 15.295 12.975 9.632 6.720 5.122 4.468 4.196 4.061 4.016 4.023 4.091 4.315 4.793 5.550 6.445 7.056 7.297 7.324 7.294 7.211 7.008 6.718 6.390 5.954 5.328 4.440 3.428 2.594 2.011 1.586 1.264 1.020 0.828
0.000 0.000 0.000 0.001 0.002 0.005 0.009 0.016 0.031 0.058 0.110 0.210 0.423 1.039 3.147 7.297 10.752 12.711 13.783 14.287 14.427 14.276 14.013 13.978 14.154 14.530 15.076 15.750 16.539 17.501 18.589 19.676 20.747 21.852 22.933 23.476 23.849 23.793 23.453 22.760 21.601 20.093 18.502 16.851 14.616 11.190 7.594 5.502 4.673 4.396 4.275 4.242 4.273 4.335 4.504 4.947 5.740 6.709 7.561 8.073 8.239 8.184 7.949 7.569 7.134 6.701 6.221 5.572 4.588 3.605 2.923 2.437 1.998 1.633 1.357 1.145 0.968
0.000 0.001 0.001 0.003 0.006 0.011 0.019 0.035 0.065 0.121 0.221 0.399 0.719 1.397 3.455 7.842 11.761 13.863 15.103 15.684 15.923 15.850 15.558 15.444 15.590 15.912 16.449 17.390 18.516 19.493 20.331 21.135 21.944 23.086 24.427 24.981 25.344 25.298 25.091 24.422 23.012 21.150 19.162 16.838 13.383 9.114 6.155 4.917 4.562 4.486 4.514 4.546 4.589 4.706 5.046 5.799 6.967 7.904 8.498 8.851 8.903 8.704 8.228 7.651 7.050 6.379 5.479 4.491 3.608 3.080 2.737 2.390 1.980 1.626 1.387 1.206 1.044
0.001 0.002 0.005 0.008 0.014 0.025 0.043 0.077 0.139 0.250 0.437 0.741 1.226 2.033 3.974 8.311 12.613 14.875 16.328 17.248 17.730 17.743 17.522 17.313 17.358 17.642 18.191 19.348 20.821 21.904 22.653 23.306 23.788 24.659 25.873 26.599 27.043 27.009 26.864 26.204 24.764 22.811 20.481 16.894 11.652 7.386 5.363 4.755 4.681 4.849 5.008 5.073 5.112 5.290 5.893 7.004 8.130 8.844 9.206 9.338 9.223 8.821 8.184 7.406 6.476 5.419 4.370 3.629 3.189 2.877 2.608 2.318 1.945 1.617 1.408 1.248 1.089
0.003 0.007 0.012 0.021 0.035 0.059 0.101 0.174 0.302 0.515 0.848 1.340 2.038 3.033 4.893 8.894 13.344 15.857 17.531 18.922 19.860 20.241 20.202 20.035 19.921 20.080 20.545 21.872 23.684 24.942 25.710 26.101 26.293 26.777 27.558 28.416 28.871 28.881 28.799 28.265 27.091 25.130 21.947 16.221 9.863 6.324 5.098 4.879 5.034 5.352 5.469 5.503 5.626 6.038 6.916 8.087 8.921 9.382 9.570 9.543 9.270 8.623 7.612 6.335 5.127 4.260 3.712 3.327 3.042 2.798 2.534 2.237 1.900 1.621 1.428 1.269 1.102
0.009 0.017 0.030 0.051 0.086 0.145 0.241 0.400 0.657 1.048 1.605 2.347 3.283 4.467 6.322 9.870 14.121 16.885 18.967 20.949 22.736 23.982 24.289 24.198 23.694 23.559 23.817 25.289 27.522 28.931 29.698 29.931 29.829 29.957 30.301 30.935 31.325 31.331 31.356 31.000 29.974 27.491 22.742 14.761 8.525 5.870 5.165 5.145 5.361 5.648 5.774 5.847 6.059 6.697 7.825 8.808 9.323 9.550 9.611 9.510 9.043 7.963 6.206 4.745 4.043 3.692 3.410 3.186 2.991 2.768 2.508 2.212 1.898 1.640 1.431 1.254 1.071
0.021 0.039 0.070 0.123 0.214 0.361 0.583 0.913 1.391 2.044 2.884 3.895 5.044 6.371 8.216 11.308 15.229 18.305 21.095 23.660 26.056 27.933 28.226 27.734 26.674 26.285 26.407 27.849 30.434 32.336 33.240 33.533 33.328 33.407 33.496 33.996 34.576 34.728 34.778 34.225 32.757 29.475 22.727 13.628 8.027 5.870 5.438 5.481 5.654 5.863 6.028 6.217 6.590 7.336 8.427 9.169 9.428 9.506 9.474 9.126 8.242 6.599 4.792 3.837 3.510 3.371 3.251 3.116 2.962 2.768 2.519 2.207 1.886 1.626 1.402 1.184 0.950
0.048 0.089 0.165 0.302 0.533 0.881 1.356 1.973 2.759 3.719 4.833 6.052 7.328 8.736 10.601 13.396 17.229 20.739 24.043 26.784 28.022 28.925 28.873 27.846 26.538 25.993 26.083 27.447 30.106 32.428 33.556 33.848 33.553 33.615 33.610 34.077 34.652 34.902 34.926 34.333 32.802 29.396 22.229 13.481 8.301 6.321 5.888 5.824 5.865 5.963 6.148 6.471 6.976 7.741 8.626 9.212 9.405 9.368 9.120 8.381 6.983 5.121 3.837 3.283 3.142 3.141 3.143 3.089 2.975 2.793 2.541 2.208 1.859 1.567 1.311 1.056 0.761
0.111 0.213 0.403 0.735 1.257 1.977 2.847 3.833 4.947 6.197 7.539 8.871 10.202 11.710 13.859 16.798 20.956 24.550 26.254 27.619 27.897 25.883 22.583 20.198 18.734 18.126 18.063 18.762 20.446 22.452 23.783 24.183 24.205 24.468 24.617 24.789 24.829 24.549 24.268 23.891 23.347 22.576 20.227 15.000 9.601 7.281 6.465 6.082 5.942 5.952 6.123 6.551 7.152 7.880 8.567 8.957 9.036 8.837 8.302 7.342 5.957 4.291 3.295 2.955 2.899 2.951 3.036 3.052 3.004 2.847 2.567 2.191 1.839 1.524 1.215 0.892 0.579
0.272 0.522 0.963 1.661 2.650 3.877 5.191 6.512 7.894 9.428 11.018 12.496 13.977 15.938 18.795 21.645 24.269 25.975 26.286 24.834 22.082 18.796 15.916 14.547 13.781 13.377 13.253 13.389 13.901 14.948 16.219 17.229 18.126 19.209 20.077 20.398 20.230 19.450 19.011 18.941 19.075 19.463 19.501 16.860 11.387 8.492 7.227 6.485 6.099 6.027 6.164 6.598 7.190 7.805 8.234 8.341 8.209 7.896 7.403 6.547 5.119 3.599 2.872 2.703 2.713 2.823 2.980 3.028 3.006 2.874 2.569 2.134 1.764 1.438 1.098 0.733 0.433
0.665 1.217 2.086 3.305 4.837 6.521 8.177 9.804 11.489 13.324 15.267 17.385 19.547 22.110 24.773 25.808 25.804 24.645 22.351 19.896 17.424 15.571 14.502 13.804 13.242 12.797 12.596 12.690 13.108 13.881 14.901 15.966 17.113 18.520 19.630 19.970 19.594 18.466 17.970 18.027 18.438 19.086 19.107 17.759 13.848 10.179 8.346 7.314 6.684 6.428 6.471 6.714 7.049 7.390 7.601 7.666 7.581 7.363 6.900 5.929 4.369 3.137 2.679 2.605 2.648 2.794 2.965 3.045 3.023 2.861 2.517 2.029 1.616 1.269 0.917 0.570 0.312
1.500 2.515 3.905 5.615 7.525 9.525 11.547 13.578 15.667 18.244 21.075 23.767 25.915 26.959 27.427 27.072 25.427 22.779 20.090 17.897 16.203 15.101 14.427 13.860 13.286 12.750 12.515 12.622 13.126 13.923 14.797 15.737 16.854 18.292 19.424 19.742 19.253 17.991 17.480 17.594 18.215 19.186 19.942 19.872 17.389 12.653 9.856 8.482 7.655 7.125 6.878 6.794 6.728 6.745 7.014 7.283 7.292 7.043 6.411 5.180 3.658 2.812 2.542 2.521 2.607 2.815 2.991 3.051 3.005 2.784 2.364 1.857 1.443 1.076 0.724 0.425 0.217
2.927 4.429 6.228 8.211 10.371 12.748 15.267 18.120 21.279 24.632 27.422 28.607 29.073 28.840 27.775 26.194 24.372 22.057 19.642 17.533 16.048 15.178 14.640 14.205 13.634 13.029 12.797 12.915 13.539 14.371 15.067 15.815 16.744 18.020 19.095 19.376 18.898 17.767 17.369 17.502 18.237 19.632 21.040 21.608 20.326 15.846 11.737 9.796 8.720 7.874 7.168 6.685 6.425 6.418 6.796 7.074 7.055 6.726 5.859 4.421 3.209 2.636 2.469 2.468 2.600 2.882 3.048 3.070 2.974 2.689 2.204 1.666 1.247 0.885 0.560 0.306 0.143
4.842 6.676 8.706 10.871 13.246 16.220 20.036 24.032 27.512 29.516 30.576 30.766 30.001 28.785 27.450 25.895 24.171 22.120 19.657 17.656 16.492 15.956 15.587 15.280 14.662 13.907 13.637 13.828 14.686 15.491 15.894 16.247 16.773 17.699 18.617 18.894 18.546 17.739 17.480 17.672 18.649 20.305 21.654 22.507 22.327 19.512 14.339 11.433 9.879 8.565 7.369 6.524 6.185 6.269 6.789 7.012 6.889 6.347 5.202 3.766 2.899 2.514 2.410 2.435 2.621 2.974 3.141 3.122 2.932 2.526 1.992 1.488 1.063 0.705 0.415 0.209 0.088
6.913 8.972 11.212 13.574 16.150 20.053 25.599 29.123 31.043 31.746 31.698 31.310 30.449 29.199 27.801 26.271 24.480 22.407 20.106 18.522 17.657 17.342 17.113 16.806 15.984 15.099 14.808 15.129 16.223 16.988 17.197 17.149 17.138 17.517 18.131 18.373 18.175 17.784 17.716 17.911 18.824 20.552 21.996 22.995 23.284 22.015 17.455 13.287 10.878 9.012 7.460 6.444 6.103 6.263 6.834 7.011 6.820 5.994 4.534 3.328 2.720 2.452 2.381 2.435 2.751 3.125 3.215 3.139 2.831 2.282 1.720 1.271 0.869 0.534 0.289 0.132 0.050
9.051 11.287 13.692 16.324 19.612 24.524 29.521 31.756 32.558 32.591 32.521 32.092 31.280 30.132 28.660 27.024 25.146 23.214 21.472 20.359 19.454 18.929 18.443 17.919 17.175 16.473 16.275 16.722 17.795 18.315 18.413 18.218 17.820 17.637 17.880 18.051 17.935 17.729 17.731 17.965 18.734 20.269 21.730 22.872 23.459 23.216 20.178 14.884 11.646 9.313 7.504 6.452 6.182 6.519 7.068 7.151 6.752 5.524 3.984 3.079 2.622 2.402 2.355 2.467 2.921 3.240 3.259 3.098 2.660 2.019 1.474 1.042 0.671 0.381 0.187 0.077 0.026
11.179 13.436 15.942 19.307 24.336 29.453 32.292 33.387 33.804 33.744 33.832 33.430 32.466 31.229 29.577 27.801 26.243 24.893 23.700 22.730 21.615 20.568 19.560 18.785 18.173 17.719 17.594 18.082 18.995 19.335 19.371 19.060 18.506 18.043 17.979 17.954 17.772 17.693 17.749 17.938 18.427 19.433 20.762 22.242 23.258 23.452 21.261 15.998 12.206 9.475 7.546 6.603 6.501 7.046 7.411 7.310 6.542 4.930 3.644 2.980 2.604 2.408 2.366 2.542 3.114 3.342 3.289 2.990 2.405 1.739 1.226 0.813 0.485 0.252 0.112 0.041 0.012
13.257 15.493 18.136 22.591 28.651 32.334 33.692 34.364 34.820 34.772 34.914 34.415 33.392 32.145 30.517 28.942 28.001 27.120 26.330 25.283 23.865 22.210 20.595 19.553 18.850 18.495 18.381 18.782 19.480 19.752 19.868 19.558 18.963 18.404 18.147 17.994 17.841 17.750 17.749 17.766 17.826 18.226 19.415 21.363 22.706 22.810 21.127 16.888 12.504 9.482 7.686 6.959 7.006 7.531 7.646 7.321 6.096 4.416 3.498 2.990 2.654 2.500 2.502 2.807 3.333 3.430 3.274 2.813 2.104 1.463 0.971 0.590 0.321 0.153 0.061 0.020 0.005
15.160 17.512 20.732 26.161 31.327 33.932 34.971 35.436 35.929 35.715 35.765 35.142 34.180 33.143 32.066 31.046 30.528 29.749 28.869 27.623 25.797 23.602 21.546 20.178 19.304 18.910 18.877 19.235 19.750 19.915 19.984 19.814 19.347 18.649 18.287 18.096 18.008 17.900 17.683 17.368 17.121 17.102 17.628 19.064 20.604 21.266 20.606 17.534 12.646 9.439 7.917 7.483 7.603 7.907 7.805 7.085 5.407 4.061 3.477 3.116 2.865 2.749 2.780 3.163 3.499 3.472 3.185 2.604 1.821 1.187 0.721 0.393 0.192 0.083 0.030 0.009 0.002
16.963 19.930 24.743 30.050 33.107 34.919 35.745 36.138 36.586 36.345 36.518 36.055 35.156 34.355 33.858 33.304 32.839 31.830 30.608 29.251 27.222 24.756 22.476 20.783 19.796 19.414 19.434 19.708 20.042 20.200 20.203 19.933 19.355 18.588 18.206 18.037 17.944 17.782 17.366 16.789 16.383 16.245 16.341 16.964 18.106 19.002 19.207 17.446 12.964 9.579 8.307 8.104 8.206 8.147 7.623 6.350 4.686 3.888 3.578 3.371 3.189 3.078 3.114 3.435 3.571 3.421 2.974 2.256 1.486 0.895 0.490 0.238 0.103 0.040 0.013 0.003 0.001
18.942 23.491 28.847 32.299 34.018 35.409 36.208 36.729 37.011 36.940 37.143 36.690 35.826 35.306 35.020 34.552 34.103 33.041 31.556 29.962 27.895 25.566 23.532 21.805 20.911 20.709 20.788 20.888 20.928 20.894 20.741 20.204 19.070 18.071 17.665 17.471 17.254 16.849 16.315 15.929 15.821 15.803 15.780 15.986 16.689 17.467 17.951 17.398 14.212 10.370 9.131 8.925 8.725 8.118 6.912 5.313 4.228 3.867 3.758 3.699 3.591 3.478 3.499 3.628 3.557 3.224 2.588 1.771 1.091 0.610 0.299 0.129 0.049 0.016 0.005 0.001 0.000
21.373 27.235 31.415 33.606 35.024 36.209 36.796 37.226 37.411 37.573 37.949 37.744 36.970 36.365 35.949 35.394 34.821 33.526 31.793 30.003 27.995 25.975 24.487 23.203 22.638 22.622 22.870 22.933 22.701 22.182 21.475 20.379 18.644 17.177 16.578 16.254 15.870 15.424 15.166 15.102 15.218 15.350 15.414 15.519 15.931 16.721 17.692 17.955 15.954 11.994 10.496 9.824 8.967 7.540 5.823 4.549 4.052 3.951 4.037 4.113 4.088 3.982 3.875 3.708 3.390 2.839 2.069 1.310 0.752 0.378 0.164 0.062 0.021 0.006 0.001 0.000 0.000
24.783 30.161 33.041 34.364 35.557 36.603 37.165 37.770 38.119 38.293 38.590 38.370 37.782 37.428 36.917 36.173 35.420 33.975 32.125 30.046 27.944 26.113 24.973 24.106 23.895 24.164 24.487 24.517 24.167 23.285 21.957 20.268 18.136 16.357 15.448 14.975 14.558 14.257 14.219 14.453 14.903 15.242 15.399 15.494 15.778 16.493 17.593 18.076 17.234 14.345 12.135 10.496 8.657 6.569 4.936 4.179 4.003 4.121 4.474 4.661 4.663 4.486 4.107 3.602 3.018 2.316 1.561 0.919 0.469 0.207 0.079 0.026 0.008 0.002 0.001 0.000 0.000
28.986 32.141 34.085 35.281 36.427 37.264 37.813 38.435 38.786 38.743 38.868 38.711 38.439 38.470 37.911 36.915 35.886 34.210 32.069 29.691 27.731 26.075 25.166 24.672 24.907 25.531 25.701 25.487 24.879 23.790 22.209 20.258 17.822 15.651 14.230 13.583 13.293 13.243 13.472 14.089 14.841 15.322 15.594 15.640 15.866 16.575 17.894 18.827 18.693 16.592 13.346 10.753 8.112 5.823 4.514 4.058 4.050 4.418 5.008 5.209 5.157 4.820 4.180 3.374 2.568 1.813 1.116 0.578 0.254 0.097 0.033 0.010 0.003 0.001 0.000 0.000 0.000
31.388 33.333 34.871 35.981 37.086 37.804 38.282 38.997 39.349 39.144 39.231 39.175 38.954 39.072 38.570 37.569 36.402 34.457 31.969 29.320 27.347 25.882 25.322 25.183 25.909 26.718 26.768 26.255 25.235 23.851 22.191 20.185 17.525 15.081 13.366 12.535 12.301 12.454 13.037 13.975 14.831 15.365 15.661 15.681 15.819 16.400 17.688 18.853 19.006 17.436 13.928 10.460 7.469 5.387 4.383 4.126 4.263 4.857 5.467 5.629 5.480 4.941 4.114 3.138 2.191 1.369 0.717 0.312 0.117 0.039 0.012 0.003 0.001 0.000 0.000 0.000 0.000
32.467 33.903 35.300 36.521 37.719 38.464 38.757 39.312 39.540 39.373 39.618 39.729 39.544 39.644 39.064 37.863 36.499 34.426 31.766 29.240 27.525 26.353 25.992 26.049 26.856 27.330 27.103 26.272 25.057 23.574 21.819 19.685 16.947 14.452 12.724 11.857 11.634 11.943 12.853 13.992 14.847 15.350 15.516 15.363 15.106 15.297 16.222 17.482 17.941 17.089 14.173 10.078 7.008 5.224 4.501 4.431 4.759 5.430 5.862 5.909 5.604 4.903 3.942 2.835 1.781 0.931 0.394 0.143 0.046 0.014 0.004 0.001 0.000 0.000 0.000 0.000 0.000
32.779 33.982 35.310 36.696 38.058 38.961 39.204 39.586 39.694 39.520 39.718 39.808 39.737 39.956 39.323 37.896 36.289 33.974 31.441 29.549 28.453 27.770 27.368 27.296 27.565 27.552 27.068 26.103 24.876 23.327 21.406 19.026 16.345 14.032 12.414 11.559 11.386 11.807 12.854 14.013 14.816 15.140 15.091 14.630 13.672 13.193 13.542 14.452 15.285 15.347 13.593 9.929 6.919 5.349 4.896 4.983 5.464 6.015 6.195 6.049 5.536 4.675 3.516 2.258 1.199 0.506 0.179 0.056 0.016 0.005 0.001 0.000 0.000 0.000 0.000 0.000 0.000
33.006 34.162 35.436 36.919 38.445 39.463 39.782 40.192 40.231 39.960 40.127 40.163 39.848 39.827 38.928 37.402 35.730 33.458 31.296 29.868 29.145 28.704 28.380 28.221 28.017 27.615 26.882 25.766 24.373 22.707 20.739 18.313 15.883 13.870 12.372 11.551 11.413 11.856 12.921 14.015 14.642 14.816 14.631 13.796 11.984 10.402 9.917 10.110 11.070 12.249 12.191 10.237 7.299 5.961 5.677 5.800 6.256 6.539 6.427 5.933 5.111 3.977 2.609 1.384 0.605 0.221 0.070 0.020 0.006 0.002 0.001 0.000 0.000 0.000 0.000 0.000 0.000
32.922 34.081 35.224 36.635 38.327 39.523 40.005 40.463 40.452 40.116 40.087 39.842 39.527 39.387 38.280 36.760 35.029 32.908 31.088 29.911 29.299 28.930 28.730 28.572 28.168 27.508 26.613 25.480 24.080 22.289 20.133 17.732 15.636 13.848 12.494 11.800 11.736 12.172 13.175 14.135 14.619 14.686 14.260 12.975 10.564 8.336 7.367 7.336 8.401 10.647 11.584 10.772 8.327 7.135 6.868 6.918 7.117 7.003 6.456 5.504 4.219 2.753 1.498 0.688 0.262 0.085 0.025 0.008 0.003 0.001 0.000 0.000 0.000 0.000 0.000 0.000 0.000
32.572 33.566 34.645 35.958 37.660 39.006 39.633 40.131 40.117 39.664 39.578 39.078 38.714 38.290 37.134 35.626 33.950 31.925 30.283 29.243 28.814 28.646 28.729 28.635 28.238 27.543 26.593 25.403 23.954 22.123 19.913 17.562 15.663 14.055 12.946 12.473 12.496 13.011 13.985 14.667 14.877 14.761 14.040 12.319 9.443 6.876 5.694 5.595 6.608 9.358 11.246 11.245 9.944 8.698 8.305 8.156 7.893 7.229 6.155 4.790 3.202 1.766 0.812 0.314 0.103 0.030 0.009 0.004 0.002 0.001 0.000 0.000 0.000 0.000 0.000 0.000 0.000
