RESULTS/r.avaflow_results/13_results/13_ascii/13_hflow30051.asc
ncols 506
nrows 317
xllcenter 498237.50
yllcenter 5580050.00
cellsize 12.50
NODATA_value -9999.000
[rows 170 to 203 of 317, columns 231 to 307 of 506]
0.186 0.121 0.084 0.065 0.057 0.054 0.055 0.060 0.082 0.137 0.197 0.220 0.220 0.202 0.152 0.086 0.048 0.030 0.021 0.015 0.012 0.010 0.008 0.007 0.006 0.005 0.004 0.003 0.002 0.002 0.001 0.001 0.001 0.000 0.000 0.000 0.000 0.000 0.000 0.000 0.000 0.000 0.000 0.000 0.000 0.000 0.000 0.000 0.000 0.000 0.000 0.000 0.000 0.000 0.000 0.000 0.000 0.000 0.000 0.000 0.000 0.000 0.000 0.000 0.000 0.000 0.000 0.000 0.000 0.000 0.000 0.000 0.000 0.000 0.000 0.000 0.000
0.275 0.169 0.112 0.083 0.072 0.069 0.072 0.091 0.154 0.310 0.475 0.534 0.529 0.472 0.338 0.176 0.086 0.046 0.028 0.019 0.014 0.012 0.010 0.008 0.007 0.006 0.005 0.004 0.003 0.003 0.002 0.001 0.001 0.001 0.000 0.000 0.000 0.000 0.000 0.000 0.000 0.000 0.000 0.000 0.000 0.000 0.000 0.000 0.000 0.000 0.000 0.000 0.000 0.000 0.000 0.000 0.000 0.000 0.000 0.000 0.000 0.000 0.000 0.000 0.000 0.000 0.000 0.000 0.000 0.000 0.000 0.000 0.000 0.000 0.000 0.000 0.000
0.431 0.249 0.153 0.108 0.091 0.088 0.095 0.136 0.274 0.597 0.935 1.060 1.048 0.928 0.670 0.349 0.157 0.073 0.039 0.024 0.017 0.014 0.011 0.010 0.008 0.007 0.006 0.005 0.004 0.003 0.003 0.002 0.002 0.001 0.001 0.000 0.000 0.000 0.000 0.000 0.000 0.000 0.000 0.000 0.000 0.000 0.000 0.000 0.000 0.000 0.000 0.000 0.000 0.000 0.000 0.000 0.000 0.000 0.000 0.000 0.000 0.000 0.000 0.000 0.000 0.000 0.000 0.000 0.000 0.000 0.000 0.000 0.000 0.000 0.000 0.000 0.000
0.634 0.383 0.224 0.146 0.116 0.111 0.120 0.175 0.359 0.792 1.260 1.444 1.435 1.290 0.978 0.552 0.257 0.113 0.054 0.031 0.021 0.016 0.013 0.011 0.009 0.008 0.007 0.006 0.005 0.004 0.004 0.003 0.002 0.002 0.001 0.001 0.001 0.000 0.000 0.000 0.000 0.000 0.000 0.000 0.000 0.000 0.000 0.000 0.000 0.000 0.000 0.000 0.000 0.000 0.000 0.000 0.000 0.000 0.000 0.000 0.000 0.000 0.000 0.000 0.000 0.000 0.000 0.000 0.000 0.000 0.000 0.000 0.000 0.000 0.000 0.000 0.000
0.794 0.573 0.346 0.211 0.153 0.139 0.147 0.205 0.400 0.857 1.363 1.569 1.567 1.425 1.117 0.681 0.345 0.159 0.075 0.040 0.026 0.019 0.015 0.013 0.011 0.010 0.008 0.007 0.006 0.005 0.005 0.004 0.003 0.002 0.002 0.001 0.001 0.001 0.000 0.000 0.000 0.000 0.000 0.000 0.000 0.000 0.000 0.000 0.000 0.000 0.000 0.000 0.000 0.000 0.000 0.000 0.000 0.000 0.000 0.000 0.000 0.000 0.000 0.000 0.000 0.000 0.000 0.000 0.000 0.000 0.000 0.000 0.000 0.000 0.000 0.001 0.001
0.857 0.731 0.519 0.317 0.209 0.176 0.179 0.233 0.420 0.853 1.329 1.530 1.534 1.407 1.129 0.741 0.417 0.212 0.104 0.054 0.032 0.023 0.018 0.015 0.013 0.011 0.010 0.009 0.008 0.007 0.006 0.005 0.004 0.003 0.002 0.002 0.001 0.001 0.000 0.000 0.000 0.000 0.000 0.000 0.000 0.000 0.000 0.000 0.000 0.000 0.000 0.000 0.000 0.000 0.000 0.000 0.000 0.000 0.000 0.000 0.000 0.000 0.000 0.000 0.000 0.000 0.000 0.000 0.000 0.000 0.000 0.000 0.000 0.000 0.001 0.002 0.003
0.859 0.791 0.656 0.450 0.290 0.227 0.222 0.266 0.435 0.800 1.162 1.317 1.329 1.247 1.049 0.757 0.480 0.277 0.146 0.075 0.043 0.028 0.021 0.017 0.015 0.013 0.011 0.010 0.009 0.008 0.007 0.006 0.005 0.004 0.003 0.003 0.002 0.001 0.001 0.000 0.000 0.000 0.000 0.000 0.000 0.000 0.000 0.000 0.000 0.000 0.000 0.000 0.000 0.000 0.000 0.000 0.000 0.000 0.000 0.000 0.000 0.000 0.000 0.000 0.000 0.000 0.000 0.000 0.000 0.000 0.000 0.000 0.001 0.002 0.003 0.004 0.006
0.824 0.794 0.711 0.565 0.392 0.298 0.281 0.314 0.451 0.707 0.896 0.966 0.972 0.943 0.857 0.706 0.522 0.348 0.206 0.111 0.061 0.038 0.027 0.021 0.018 0.015 0.013 0.012 0.010 0.009 0.008 0.007 0.006 0.005 0.004 0.003 0.003 0.002 0.001 0.001 0.000 0.000 0.000 0.000 0.000 0.000 0.000 0.000 0.000 0.000 0.000 0.000 0.000 0.000 0.000 0.000 0.000 0.000 0.000 0.000 0.000 0.000 0.000 0.000 0.000 0.000 0.000 0.000 0.000 0.000 0.001 0.001 0.002 0.004 0.005 0.007 0.010
0.753 0.758 0.720 0.632 0.498 0.396 0.365 0.385 0.489 0.660 0.743 0.760 0.753 0.729 0.687 0.625 0.535 0.416 0.282 0.170 0.097 0.057 0.038 0.028 0.022 0.018 0.016 0.014 0.012 0.011 0.009 0.008 0.007 0.006 0.005 0.004 0.003 0.003 0.002 0.001 0.001 0.000 0.000 0.000 0.000 0.000 0.000 0.000 0.000 0.000 0.000 0.000 0.000 0.000 0.000 0.000 0.000 0.000 0.000 0.000 0.000 0.000 0.000 0.000 0.000 0.000 0.000 0.000 0.001 0.001 0.002 0.003 0.005 0.007 0.009 0.012 0.015
0.647 0.691 0.692 0.654 0.573 0.498 0.470 0.479 0.555 0.663 0.700 0.699 0.682 0.654 0.623 0.591 0.547 0.480 0.379 0.262 0.164 0.098 0.060 0.040 0.030 0.024 0.020 0.017 0.015 0.013 0.011 0.010 0.008 0.007 0.006 0.005 0.004 0.004 0.003 0.002 0.002 0.001 0.001 0.000 0.000 0.000 0.000 0.000 0.000 0.000 0.000 0.000 0.000 0.000 0.000 0.000 0.000 0.000 0.000 0.000 0.000 0.000 0.000 0.000 0.001 0.001 0.001 0.001 0.002 0.003 0.004 0.006 0.008 0.011 0.014 0.018 0.023
0.524 0.604 0.640 0.638 0.604 0.566 0.556 0.577 0.644 0.700 0.710 0.699 0.674 0.644 0.618 0.594 0.575 0.549 0.498 0.406 0.289 0.182 0.109 0.068 0.046 0.034 0.026 0.022 0.018 0.016 0.013 0.011 0.010 0.009 0.008 0.007 0.006 0.005 0.004 0.003 0.002 0.002 0.001 0.001 0.000 0.000 0.000 0.000 0.000 0.000 0.000 0.000 0.000 0.000 0.000 0.000 0.000 0.000 0.000 0.001 0.001 0.001 0.001 0.002 0.002 0.002 0.003 0.004 0.005 0.006 0.008 0.010 0.013 0.017 0.022 0.029 0.038
0.426 0.512 0.570 0.598 0.608 0.613 0.631 0.679 0.754 0.785 0.776 0.742 0.700 0.669 0.649 0.641 0.648 0.665 0.658 0.608 0.496 0.346 0.218 0.135 0.086 0.058 0.041 0.031 0.024 0.020 0.016 0.014 0.012 0.010 0.009 0.008 0.007 0.006 0.005 0.004 0.004 0.003 0.002 0.002 0.001 0.001 0.001 0.001 0.001 0.000 0.000 0.000 0.001 0.001 0.001 0.001 0.001 0.001 0.002 0.002 0.003 0.003 0.003 0.004 0.004 0.005 0.006 0.007 0.008 0.010 0.012 0.016 0.020 0.027 0.036 0.050 0.073
0.369 0.451 0.519 0.572 0.615 0.660 0.720 0.812 0.900 0.930 0.915 0.855 0.793 0.761 0.750 0.756 0.791 0.855 0.884 0.870 0.787 0.626 0.440 0.291 0.188 0.121 0.079 0.053 0.038 0.028 0.021 0.017 0.014 0.012 0.011 0.010 0.009 0.008 0.007 0.006 0.005 0.004 0.004 0.003 0.002 0.002 0.002 0.002 0.002 0.002 0.002 0.002 0.002 0.002 0.002 0.002 0.003 0.003 0.004 0.005 0.005 0.006 0.007 0.007 0.008 0.009 0.010 0.011 0.013 0.015 0.019 0.025 0.033 0.046 0.067 0.103 0.163
0.353 0.436 0.512 0.582 0.659 0.758 0.886 1.026 1.126 1.162 1.146 1.078 1.004 0.969 0.960 0.971 1.023 1.120 1.187 1.200 1.157 1.028 0.830 0.621 0.442 0.298 0.191 0.118 0.073 0.047 0.032 0.023 0.018 0.015 0.013 0.012 0.011 0.010 0.009 0.008 0.007 0.006 0.005 0.005 0.004 0.004 0.003 0.003 0.003 0.003 0.003 0.003 0.003 0.003 0.004 0.004 0.005 0.006 0.007 0.009 0.010 0.010 0.011 0.012 0.012 0.013 0.015 0.017 0.019 0.024 0.030 0.041 0.059 0.088 0.138 0.230 0.393
0.377 0.473 0.580 0.704 0.857 1.044 1.242 1.408 1.511 1.546 1.535 1.480 1.415 1.376 1.350 1.334 1.363 1.440 1.523 1.566 1.578 1.526 1.392 1.188 0.957 0.726 0.504 0.306 0.170 0.093 0.054 0.034 0.025 0.020 0.017 0.015 0.013 0.012 0.011 0.010 0.009 0.008 0.007 0.007 0.006 0.006 0.006 0.005 0.005 0.005 0.005 0.005 0.006 0.006 0.006 0.007 0.008 0.010 0.012 0.014 0.015 0.016 0.017 0.018 0.019 0.020 0.022 0.025 0.030 0.039 0.054 0.079 0.118 0.179 0.283 0.487 0.831
0.513 0.661 0.856 1.106 1.390 1.665 1.886 2.038 2.131 2.170 2.170 2.146 2.112 2.078 2.015 1.898 1.814 1.803 1.838 1.886 1.949 2.006 2.011 1.923 1.736 1.475 1.145 0.749 0.404 0.199 0.101 0.057 0.037 0.027 0.022 0.019 0.017 0.015 0.014 0.013 0.012 0.011 0.010 0.009 0.009 0.008 0.008 0.008 0.008 0.008 0.008 0.008 0.008 0.009 0.010 0.011 0.013 0.015 0.018 0.022 0.025 0.026 0.027 0.028 0.029 0.031 0.035 0.041 0.053 0.074 0.110 0.166 0.244 0.351 0.514 0.768 1.156
0.871 1.137 1.483 1.878 2.249 2.544 2.770 2.925 3.018 3.072 3.096 3.104 3.100 3.061 2.919 2.618 2.319 2.174 2.146 2.182 2.270 2.401 2.537 2.611 2.593 2.453 2.105 1.516 0.836 0.406 0.194 0.102 0.061 0.042 0.032 0.026 0.022 0.020 0.018 0.017 0.016 0.015 0.014 0.013 0.012 0.012 0.011 0.011 0.011 0.011 0.011 0.011 0.012 0.013 0.014 0.016 0.019 0.023 0.029 0.035 0.041 0.044 0.045 0.047 0.049 0.053 0.062 0.079 0.111 0.165 0.247 0.356 0.470 0.584 0.703 0.879 1.213
1.471 1.836 2.215 2.566 2.860 3.120 3.432 3.779 3.988 4.071 4.094 4.081 4.015 3.878 3.621 3.187 2.760 2.522 2.451 2.470 2.569 2.759 3.029 3.237 3.328 3.306 3.052 2.427 1.473 0.739 0.363 0.189 0.108 0.069 0.049 0.037 0.031 0.027 0.025 0.023 0.021 0.020 0.019 0.017 0.016 0.016 0.015 0.015 0.015 0.015 0.015 0.015 0.016 0.018 0.020 0.024 0.030 0.038 0.049 0.064 0.076 0.084 0.088 0.092 0.098 0.109 0.134 0.182 0.265 0.385 0.534 0.676 0.750 0.758 0.775 0.864 1.106
1.881 2.253 2.594 2.894 3.166 3.458 3.900 4.442 4.748 4.833 4.822 4.741 4.586 4.360 4.029 3.571 3.138 2.865 2.758 2.758 2.859 3.128 3.546 3.851 3.984 3.980 3.750 3.130 2.123 1.194 0.630 0.340 0.195 0.120 0.081 0.058 0.046 0.040 0.036 0.034 0.031 0.029 0.027 0.025 0.023 0.021 0.020 0.020 0.020 0.020 0.020 0.021 0.022 0.025 0.030 0.039 0.053 0.072 0.101 0.138 0.167 0.186 0.201 0.214 0.232 0.264 0.331 0.452 0.628 0.808 0.952 1.005 0.942 0.823 0.754 0.736 0.789
1.997 2.363 2.690 2.999 3.318 3.715 4.323 4.938 5.250 5.309 5.239 5.062 4.833 4.561 4.206 3.799 3.447 3.194 3.071 3.058 3.182 3.587 4.161 4.499 4.602 4.544 4.237 3.578 2.591 1.666 1.010 0.593 0.352 0.217 0.142 0.099 0.076 0.065 0.059 0.056 0.052 0.048 0.044 0.039 0.034 0.030 0.028 0.027 0.027 0.027 0.028 0.029 0.032 0.038 0.051 0.073 0.108 0.161 0.245 0.337 0.401 0.446 0.485 0.523 0.573 0.656 0.802 1.015 1.212 1.311 1.306 1.203 1.010 0.807 0.641 0.494 0.406
1.915 2.294 2.643 2.987 3.375 3.917 4.662 5.235 5.481 5.499 5.378 5.143 4.888 4.608 4.252 3.917 3.673 3.499 3.412 3.423 3.655 4.276 4.940 5.211 5.209 5.015 4.551 3.786 2.850 2.064 1.460 0.990 0.640 0.406 0.264 0.182 0.140 0.121 0.114 0.111 0.108 0.101 0.090 0.074 0.059 0.049 0.042 0.040 0.039 0.039 0.040 0.043 0.051 0.068 0.102 0.158 0.242 0.377 0.580 0.764 0.886 0.958 1.015 1.075 1.167 1.307 1.466 1.597 1.654 1.622 1.496 1.271 0.983 0.704 0.463 0.293 0.205
1.524 1.948 2.375 2.818 3.324 4.005 4.805 5.327 5.518 5.511 5.374 5.140 4.890 4.612 4.257 3.981 3.829 3.767 3.785 3.928 4.360 5.087 5.606 5.761 5.692 5.367 4.731 3.825 2.969 2.323 1.813 1.389 1.032 0.735 0.505 0.355 0.282 0.256 0.252 0.264 0.267 0.254 0.221 0.171 0.124 0.092 0.073 0.064 0.061 0.061 0.063 0.072 0.094 0.143 0.229 0.354 0.526 0.799 1.130 1.341 1.426 1.450 1.456 1.485 1.568 1.711 1.827 1.864 1.839 1.737 1.540 1.242 0.862 0.529 0.302 0.179 0.118
0.828 1.249 1.754 2.331 3.006 3.868 4.726 5.250 5.425 5.407 5.286 5.093 4.877 4.607 4.252 4.020 3.940 3.962 4.105 4.405 4.930 5.572 5.933 6.024 5.940 5.553 4.801 3.799 3.005 2.435 1.983 1.603 1.285 1.023 0.812 0.656 0.572 0.552 0.576 0.636 0.658 0.637 0.557 0.429 0.294 0.200 0.143 0.116 0.107 0.107 0.113 0.136 0.199 0.326 0.516 0.743 1.011 1.316 1.557 1.662 1.675 1.631 1.591 1.594 1.659 1.794 1.887 1.900 1.856 1.727 1.483 1.096 0.659 0.356 0.195 0.116 0.079
0.322 0.553 0.918 1.473 2.242 3.239 4.220 4.847 5.111 5.154 5.101 4.991 4.834 4.588 4.242 4.043 4.009 4.087 4.311 4.671 5.169 5.679 5.970 6.043 5.964 5.564 4.739 3.686 2.935 2.415 2.000 1.653 1.367 1.144 0.986 0.892 0.858 0.874 0.967 1.115 1.181 1.175 1.090 0.908 0.666 0.446 0.301 0.231 0.210 0.210 0.228 0.289 0.435 0.709 1.029 1.288 1.485 1.637 1.721 1.736 1.700 1.606 1.531 1.516 1.552 1.651 1.734 1.749 1.710 1.565 1.266 0.815 0.437 0.228 0.127 0.081 0.060
0.115 0.201 0.365 0.667 1.200 2.053 3.101 3.973 4.492 4.737 4.822 4.810 4.733 4.534 4.214 4.047 4.037 4.145 4.381 4.715 5.102 5.436 5.626 5.674 5.577 5.152 4.285 3.248 2.554 2.123 1.811 1.551 1.326 1.146 1.031 0.982 0.979 1.020 1.160 1.362 1.458 1.464 1.403 1.257 1.035 0.780 0.581 0.467 0.430 0.432 0.476 0.595 0.832 1.182 1.479 1.651 1.726 1.748 1.735 1.688 1.573 1.391 1.251 1.186 1.172 1.204 1.266 1.299 1.280 1.147 0.853 0.487 0.259 0.142 0.086 0.060 0.049
0.048 0.075 0.129 0.242 0.475 0.912 1.631 2.558 3.433 4.024 4.352 4.480 4.480 4.364 4.121 4.004 4.017 4.133 4.304 4.460 4.538 4.542 4.519 4.454 4.280 3.833 3.038 2.196 1.671 1.397 1.254 1.155 1.068 0.998 0.964 0.962 0.981 1.040 1.191 1.403 1.510 1.522 1.477 1.367 1.184 0.963 0.807 0.728 0.707 0.720 0.782 0.910 1.115 1.398 1.631 1.749 1.775 1.747 1.650 1.475 1.204 0.925 0.737 0.640 0.608 0.609 0.636 0.662 0.659 0.597 0.440 0.258 0.148 0.090 0.062 0.048 0.043
0.026 0.035 0.052 0.086 0.158 0.315 0.627 1.155 1.928 2.774 3.430 3.776 3.899 3.907 3.822 3.781 3.815 3.874 3.841 3.628 3.245 2.870 2.597 2.376 2.138 1.816 1.364 0.950 0.712 0.609 0.576 0.569 0.587 0.632 0.699 0.772 0.840 0.926 1.078 1.273 1.381 1.407 1.388 1.319 1.184 1.008 0.902 0.863 0.860 0.879 0.934 1.030 1.176 1.389 1.580 1.677 1.690 1.607 1.382 1.033 0.691 0.468 0.348 0.292 0.274 0.273 0.280 0.289 0.289 0.269 0.211 0.136 0.088 0.062 0.049 0.042 0.040
0.017 0.021 0.027 0.038 0.059 0.101 0.193 0.384 0.736 1.289 1.950 2.492 2.822 3.009 3.107 3.154 3.169 3.073 2.732 2.131 1.572 1.229 1.024 0.881 0.753 0.614 0.447 0.314 0.243 0.219 0.217 0.226 0.250 0.291 0.350 0.429 0.518 0.616 0.745 0.888 0.977 1.020 1.039 1.043 1.012 0.944 0.900 0.890 0.894 0.910 0.944 0.996 1.069 1.176 1.289 1.347 1.341 1.203 0.893 0.565 0.362 0.244 0.180 0.149 0.138 0.135 0.135 0.136 0.134 0.125 0.105 0.077 0.058 0.048 0.042 0.040 0.039
0.012 0.014 0.018 0.022 0.029 0.042 0.065 0.112 0.214 0.422 0.764 1.147 1.470 1.727 1.910 1.984 1.945 1.717 1.303 0.852 0.565 0.414 0.333 0.281 0.238 0.192 0.143 0.107 0.090 0.086 0.087 0.093 0.105 0.125 0.156 0.196 0.244 0.298 0.364 0.428 0.472 0.503 0.531 0.570 0.629 0.701 0.767 0.803 0.817 0.819 0.809 0.774 0.725 0.705 0.720 0.736 0.720 0.631 0.460 0.303 0.207 0.147 0.112 0.093 0.084 0.080 0.077 0.075 0.072 0.067 0.060 0.051 0.045 0.041 0.039 0.039 0.039
0.008 0.010 0.012 0.015 0.018 0.023 0.030 0.043 0.067 0.121 0.230 0.400 0.590 0.752 0.852 0.877 0.840 0.702 0.473 0.284 0.186 0.140 0.117 0.102 0.089 0.075 0.060 0.050 0.046 0.045 0.046 0.048 0.053 0.062 0.074 0.091 0.110 0.133 0.158 0.179 0.196 0.211 0.228 0.254 0.297 0.371 0.469 0.530 0.545 0.533 0.485 0.403 0.331 0.303 0.301 0.311 0.315 0.293 0.239 0.179 0.135 0.103 0.081 0.068 0.061 0.056 0.053 0.049 0.047 0.044 0.042 0.040 0.039 0.039 0.039 0.039 0.039
0.006 0.007 0.009 0.011 0.013 0.015 0.019 0.023 0.031 0.045 0.074 0.127 0.204 0.270 0.307 0.314 0.300 0.248 0.163 0.102 0.073 0.060 0.053 0.050 0.046 0.042 0.037 0.033 0.032 0.031 0.032 0.033 0.035 0.038 0.043 0.049 0.057 0.065 0.074 0.081 0.087 0.093 0.101 0.113 0.134 0.169 0.216 0.239 0.241 0.233 0.210 0.173 0.144 0.133 0.132 0.139 0.147 0.148 0.139 0.121 0.102 0.083 0.067 0.056 0.049 0.045 0.041 0.038 0.036 0.036 0.036 0.037 0.038 0.039 0.039 0.039 0.040
0.004 0.005 0.006 0.007 0.009 0.011 0.013 0.015 0.019 0.024 0.033 0.050 0.076 0.099 0.109 0.112 0.108 0.093 0.066 0.047 0.039 0.035 0.033 0.032 0.032 0.031 0.028 0.027 0.026 0.026 0.026 0.026 0.027 0.029 0.031 0.033 0.036 0.039 0.042 0.045 0.047 0.050 0.053 0.058 0.066 0.079 0.094 0.100 0.100 0.098 0.092 0.082 0.073 0.070 0.070 0.074 0.084 0.092 0.094 0.092 0.084 0.072 0.059 0.049 0.042 0.038 0.035 0.033 0.033 0.033 0.034 0.036 0.038 0.039 0.040 0.041 0.043
0.002 0.003 0.004 0.005 0.006 0.008 0.009 0.011 0.013 0.016 0.020 0.026 0.036 0.043 0.047 0.048 0.047 0.043 0.035 0.029 0.026 0.025 0.024 0.025 0.025 0.025 0.024 0.023 0.023 0.023 0.023 0.023 0.023 0.024 0.025 0.026 0.027 0.028 0.029 0.030 0.031 0.033 0.034 0.037 0.040 0.045 0.049 0.050 0.050 0.050 0.049 0.048 0.047 0.047 0.048 0.052 0.060 0.070 0.075 0.076 0.072 0.064 0.053 0.044 0.039 0.035 0.033 0.032 0.031 0.032 0.034 0.037 0.039 0.041 0.043 0.045 0.049
0.001 0.002 0.002 0.003 0.004 0.005 0.006 0.008 0.009 0.011 0.014 0.017 0.021 0.024 0.026 0.026 0.026 0.025 0.023 0.020 0.019 0.019 0.019 0.020 0.021 0.021 0.021 0.020 0.020 0.020 0.020 0.021 0.021 0.021 0.021 0.022 0.023 0.023 0.024 0.024 0.024 0.025 0.026 0.028 0.030 0.032 0.033 0.033 0.034 0.034 0.035 0.036 0.037 0.039 0.041 0.045 0.052 0.061 0.066 0.067 0.064 0.058 0.049 0.042 0.037 0.033 0.032 0.031 0.031 0.032 0.035 0.038 0.041 0.044 0.048 0.054 0.062
