RESULTS/r.avaflow_results/13_results/13_ascii/13_hflow10043.asc
ncols 506
nrows 317
xllcenter 498237.50
yllcenter 5580050.00
cellsize 12.50
NODATA_value -9999.000
[rows 170 to 203 of 317, columns 77 to 153 of 506]
0.000 0.001 0.002 0.005 0.009 0.018 0.030 0.044 0.055 0.063 0.072 0.087 0.122 0.197 0.327 0.514 0.746 1.011 1.302 1.614 1.940 2.279 2.642 3.044 3.498 3.941 4.333 4.711 5.096 5.508 5.964 6.488 7.110 7.843 8.695 9.666 10.738 11.870 12.947 13.954 14.880 15.831 16.785 17.828 19.016 20.294 21.639 22.889 24.102 25.324 26.482 27.874 29.264 30.657 31.659 32.241 32.603 33.310 33.963 34.593 35.118 35.319 35.399 35.338 34.810 34.048 32.999 31.498 29.895 28.163 26.119 23.969 21.757 19.695 17.748 15.905 14.181
0.002 0.004 0.009 0.016 0.028 0.047 0.072 0.097 0.121 0.146 0.179 0.238 0.345 0.519 0.754 1.034 1.343 1.678 2.032 2.399 2.777 3.168 3.586 4.026 4.497 4.967 5.397 5.815 6.235 6.680 7.177 7.754 8.431 9.223 10.142 11.181 12.328 13.574 14.799 15.917 16.921 17.923 18.928 20.006 21.142 22.416 23.857 25.245 26.703 28.050 29.211 30.465 31.523 32.488 33.262 33.684 34.102 34.813 35.464 36.042 36.542 36.619 36.532 36.315 35.635 34.728 33.543 32.053 30.418 28.672 26.840 24.907 22.789 20.769 18.873 17.087 15.401
0.006 0.012 0.022 0.038 0.062 0.093 0.132 0.174 0.220 0.278 0.362 0.497 0.701 0.975 1.290 1.631 2.002 2.417 2.862 3.316 3.771 4.227 4.695 5.166 5.631 6.100 6.549 6.992 7.442 7.921 8.459 9.076 9.776 10.573 11.500 12.563 13.749 15.054 16.401 17.671 18.808 19.904 20.951 22.050 23.208 24.387 25.645 27.188 29.079 30.444 31.485 32.428 33.219 33.741 34.224 34.589 35.124 35.720 36.314 36.884 37.284 37.225 37.016 36.677 35.897 34.937 33.789 32.424 30.978 29.481 27.678 25.696 23.638 21.640 19.747 18.037 16.409
0.012 0.023 0.038 0.061 0.091 0.132 0.185 0.250 0.331 0.436 0.577 0.773 1.037 1.367 1.754 2.200 2.701 3.255 3.845 4.405 4.941 5.468 5.976 6.451 6.896 7.351 7.795 8.239 8.697 9.196 9.741 10.341 11.018 11.800 12.722 13.774 14.960 16.285 17.704 19.118 20.469 21.708 22.862 24.029 25.171 26.348 27.449 28.679 30.484 32.140 33.251 34.064 34.501 34.709 34.878 34.953 35.306 35.945 36.668 37.267 37.567 37.455 37.282 36.878 35.995 35.080 34.038 32.832 31.514 30.124 28.294 26.343 24.329 22.309 20.403 18.687 17.078
0.016 0.029 0.047 0.073 0.109 0.157 0.221 0.304 0.414 0.556 0.740 0.982 1.297 1.692 2.171 2.735 3.389 4.131 4.928 5.642 6.275 6.869 7.397 7.861 8.286 8.708 9.126 9.557 9.998 10.467 10.972 11.530 12.169 12.913 13.801 14.846 16.032 17.374 18.841 20.350 21.863 23.222 24.450 25.663 26.760 27.904 28.992 30.056 31.477 33.135 34.323 35.080 35.231 35.146 35.068 35.124 35.412 36.047 36.593 37.036 37.285 37.168 37.033 36.676 35.920 35.182 34.396 33.333 31.983 30.577 28.786 26.780 24.709 22.635 20.764 19.063 17.476
0.018 0.032 0.052 0.080 0.119 0.172 0.243 0.338 0.467 0.637 0.859 1.147 1.516 1.982 2.549 3.219 3.992 4.873 5.849 6.766 7.564 8.245 8.804 9.267 9.679 10.063 10.447 10.845 11.258 11.674 12.117 12.623 13.210 13.916 14.755 15.775 16.919 18.208 19.667 21.314 22.945 24.424 25.802 27.056 28.151 29.322 30.331 31.264 32.390 33.470 34.548 35.404 35.417 35.253 35.082 35.007 35.146 35.846 36.351 36.752 37.051 36.931 36.715 36.481 35.893 35.226 34.520 33.428 32.068 30.657 28.877 26.874 24.817 22.759 20.957 19.233 17.621
0.018 0.033 0.054 0.084 0.125 0.179 0.253 0.354 0.495 0.686 0.941 1.273 1.698 2.231 2.878 3.635 4.496 5.464 6.551 7.663 8.640 9.440 10.076 10.566 10.978 11.346 11.712 12.076 12.449 12.829 13.233 13.678 14.183 14.812 15.583 16.533 17.676 18.980 20.403 22.058 23.798 25.359 26.834 28.132 29.279 30.465 31.368 32.077 33.047 33.841 34.598 35.547 35.515 35.348 35.148 34.935 34.880 35.486 36.066 36.612 36.876 36.725 36.550 36.309 35.787 35.269 34.553 33.392 31.975 30.477 28.640 26.692 24.700 22.746 20.960 19.269 17.636
0.018 0.033 0.055 0.086 0.127 0.182 0.256 0.359 0.504 0.709 0.991 1.367 1.848 2.446 3.159 3.979 4.897 5.916 7.051 8.285 9.452 10.417 11.182 11.758 12.205 12.566 12.911 13.252 13.565 13.906 14.282 14.674 15.104 15.639 16.335 17.178 18.230 19.496 20.893 22.528 24.272 26.047 27.692 28.997 30.092 31.169 31.999 32.610 33.414 33.959 34.245 34.892 35.050 35.066 35.119 34.915 34.710 35.154 35.699 36.256 36.493 36.358 36.198 35.928 35.415 34.908 34.126 32.888 31.522 30.076 28.218 26.196 24.295 22.510 20.784 19.192 17.596
0.017 0.031 0.053 0.086 0.127 0.181 0.254 0.357 0.503 0.712 1.014 1.430 1.969 2.625 3.387 4.244 5.192 6.233 7.385 8.672 10.002 11.154 12.091 12.802 13.339 13.742 14.077 14.391 14.674 14.952 15.258 15.571 15.930 16.397 16.956 17.742 18.726 19.921 21.275 22.883 24.642 26.507 28.212 29.504 30.537 31.535 32.254 32.859 33.577 34.000 34.264 34.620 34.559 34.590 34.954 34.937 34.746 35.107 35.474 35.920 36.185 36.051 35.809 35.527 34.960 34.315 33.519 32.288 30.875 29.255 27.429 25.525 23.755 22.096 20.470 18.977 17.451
0.012 0.025 0.047 0.081 0.124 0.176 0.246 0.344 0.486 0.697 1.011 1.458 2.052 2.763 3.562 4.438 5.394 6.430 7.573 8.869 10.309 11.673 12.816 13.696 14.333 14.805 15.175 15.466 15.713 15.947 16.178 16.433 16.731 17.073 17.518 18.188 19.061 20.166 21.522 23.101 24.909 26.853 28.583 29.932 30.964 31.875 32.481 33.116 33.743 33.989 34.209 34.474 34.264 34.229 34.467 34.641 34.748 34.999 35.297 35.598 35.731 35.478 35.169 34.841 34.167 33.382 32.511 31.237 29.814 28.211 26.384 24.537 22.905 21.431 19.964 18.580 17.193
0.007 0.017 0.037 0.069 0.111 0.161 0.224 0.310 0.437 0.638 0.959 1.434 2.069 2.831 3.669 4.556 5.506 6.528 7.656 8.950 10.417 11.975 13.331 14.409 15.196 15.781 16.207 16.490 16.709 16.902 17.066 17.255 17.456 17.697 18.062 18.576 19.352 20.394 21.625 23.168 24.954 26.948 28.740 30.208 31.240 32.029 32.500 33.034 33.688 33.937 34.022 34.238 34.076 33.980 33.952 33.850 34.188 34.676 34.943 35.072 35.056 34.677 34.307 33.836 33.045 32.185 31.192 29.850 28.389 26.764 25.046 23.423 21.961 20.604 19.291 17.995 16.729
0.003 0.010 0.024 0.051 0.088 0.131 0.181 0.246 0.344 0.513 0.811 1.294 1.971 2.793 3.687 4.599 5.537 6.547 7.670 8.939 10.413 12.098 13.679 14.968 15.913 16.623 17.136 17.453 17.681 17.827 17.938 18.049 18.158 18.296 18.606 18.971 19.574 20.497 21.628 23.219 24.982 26.959 28.826 30.311 31.338 32.169 32.569 32.862 33.480 33.826 33.895 34.167 34.043 33.888 33.816 33.524 33.596 34.221 34.565 34.558 34.525 34.141 33.617 32.925 31.976 30.956 29.848 28.488 27.053 25.439 23.813 22.353 21.019 19.734 18.524 17.324 16.129
0.001 0.005 0.014 0.032 0.059 0.090 0.123 0.165 0.229 0.345 0.575 1.003 1.671 2.534 3.521 4.526 5.489 6.488 7.607 8.874 10.361 12.087 13.868 15.370 16.515 17.375 17.968 18.324 18.602 18.694 18.760 18.826 18.889 18.962 19.146 19.385 19.824 20.647 21.693 23.217 25.007 27.014 28.880 30.375 31.483 32.237 32.573 32.886 33.429 33.602 33.670 33.930 33.839 33.813 33.807 33.411 33.155 33.441 33.907 34.018 33.958 33.554 32.838 31.984 30.996 29.944 28.765 27.367 25.919 24.340 22.762 21.349 20.048 18.792 17.629 16.494 15.345
0.001 0.002 0.007 0.019 0.036 0.058 0.081 0.110 0.154 0.234 0.387 0.694 1.239 2.041 3.055 4.161 5.220 6.276 7.412 8.712 10.228 12.008 13.926 15.622 16.960 17.960 18.674 19.101 19.413 19.521 19.572 19.597 19.573 19.582 19.663 19.910 20.173 20.766 21.635 23.054 24.822 26.813 28.704 30.178 31.247 31.967 32.305 32.551 33.001 33.104 33.117 33.320 33.296 33.370 33.442 33.147 32.879 32.798 33.007 33.243 33.208 32.785 32.068 31.234 30.206 29.083 27.893 26.454 24.917 23.316 21.753 20.368 19.074 17.821 16.664 15.559 14.479
0.000 0.001 0.003 0.009 0.020 0.036 0.054 0.078 0.116 0.182 0.302 0.528 0.938 1.584 2.468 3.540 4.686 5.847 7.058 8.404 9.974 11.842 13.901 15.701 17.219 18.387 19.218 19.795 20.183 20.337 20.412 20.414 20.379 20.329 20.324 20.439 20.647 21.128 21.846 23.122 24.779 26.695 28.627 30.016 30.929 31.750 32.186 32.404 32.678 32.604 32.629 32.852 32.791 32.799 32.960 32.818 32.606 32.318 32.128 32.285 32.472 32.114 31.553 30.793 29.729 28.517 27.267 25.742 24.097 22.413 20.815 19.398 18.102 16.877 15.721 14.629 13.598
0.000 0.000 0.001 0.004 0.010 0.020 0.035 0.058 0.096 0.164 0.283 0.481 0.813 1.347 2.113 3.096 4.228 5.440 6.735 8.155 9.766 11.650 13.809 15.712 17.332 18.660 19.655 20.388 20.893 21.163 21.256 21.240 21.206 21.144 21.094 21.146 21.249 21.610 22.206 23.276 24.787 26.584 28.369 29.638 30.531 31.328 31.744 31.923 32.145 32.001 31.902 31.983 31.973 31.979 32.159 32.120 32.025 31.844 31.583 31.444 31.686 31.424 30.977 30.277 29.254 28.028 26.696 25.108 23.380 21.616 19.966 18.461 17.139 15.943 14.797 13.716 12.705
0.000 0.000 0.000 0.001 0.004 0.010 0.021 0.042 0.083 0.159 0.287 0.486 0.799 1.280 1.974 2.890 3.993 5.230 6.576 8.039 9.642 11.456 13.582 15.607 17.305 18.749 19.908 20.828 21.478 21.856 22.070 22.145 22.118 22.154 22.128 22.157 22.168 22.430 22.892 23.750 24.890 26.366 27.941 29.105 29.965 30.647 31.025 31.191 31.375 31.191 31.006 30.885 30.761 30.745 31.060 31.134 31.147 31.239 31.003 30.707 30.844 30.672 30.292 29.616 28.646 27.474 26.098 24.465 22.705 20.868 19.151 17.588 16.225 15.021 13.906 12.841 11.801
0.000 0.000 0.000 0.000 0.001 0.004 0.012 0.030 0.073 0.159 0.305 0.523 0.841 1.309 1.975 2.858 3.935 5.168 6.530 7.994 9.569 11.308 13.282 15.359 17.209 18.766 20.063 21.130 21.959 22.510 22.803 23.029 23.094 23.162 23.206 23.268 23.373 23.607 23.963 24.563 25.338 26.434 27.722 28.731 29.429 30.067 30.364 30.432 30.593 30.396 30.173 29.896 29.720 29.684 30.047 30.224 30.336 30.543 30.309 29.950 29.909 29.811 29.583 28.926 28.011 26.848 25.460 23.776 22.005 20.119 18.357 16.776 15.361 14.104 12.999 11.947 10.863
0.000 0.000 0.000 0.000 0.001 0.002 0.007 0.023 0.067 0.167 0.342 0.604 0.966 1.451 2.099 2.939 3.977 5.192 6.556 8.021 9.570 11.235 13.033 15.028 16.965 18.651 20.045 21.179 22.154 22.889 23.368 23.728 23.917 24.011 24.112 24.251 24.458 24.686 24.992 25.397 25.900 26.654 27.603 28.442 29.081 29.564 29.705 29.741 29.904 29.779 29.590 29.183 29.001 28.872 29.050 29.247 29.359 29.503 29.288 29.001 28.758 28.537 28.513 28.037 27.195 26.006 24.657 23.026 21.307 19.357 17.576 15.978 14.486 13.148 11.940 10.759 9.568
0.000 0.000 0.000 0.000 0.000 0.001 0.005 0.019 0.065 0.186 0.411 0.749 1.192 1.729 2.382 3.187 4.166 5.323 6.645 8.100 9.645 11.254 12.917 14.687 16.603 18.418 19.972 21.208 22.302 23.174 23.806 24.170 24.496 24.695 24.785 24.939 25.158 25.315 25.571 25.980 26.338 26.783 27.411 28.053 28.627 29.053 29.116 29.132 29.285 29.167 29.017 28.674 28.368 28.116 28.156 28.230 28.225 28.344 28.139 27.875 27.516 27.164 27.092 26.695 25.893 24.829 23.530 22.017 20.384 18.545 16.789 15.157 13.616 12.138 10.695 9.303 7.979
0.000 0.000 0.000 0.000 0.000 0.001 0.004 0.016 0.066 0.217 0.522 0.981 1.541 2.146 2.822 3.612 4.549 5.652 6.919 8.314 9.817 11.358 12.913 14.513 16.269 18.080 19.738 21.118 22.292 23.267 23.998 24.548 24.932 25.143 25.257 25.354 25.568 25.693 25.870 26.285 26.590 26.891 27.427 27.925 28.384 28.759 28.780 28.803 28.964 28.868 28.756 28.524 28.102 27.748 27.663 27.456 27.288 27.308 27.037 26.707 26.278 25.746 25.281 24.938 24.267 23.345 22.127 20.754 19.214 17.621 15.941 14.293 12.619 10.929 9.275 7.703 6.242
0.000 0.000 0.000 0.000 0.000 0.001 0.003 0.014 0.065 0.252 0.680 1.334 2.038 2.716 3.427 4.226 5.145 6.198 7.393 8.713 10.128 11.571 13.002 14.474 16.047 17.709 19.354 20.864 22.177 23.273 24.172 24.795 25.169 25.445 25.588 25.645 25.809 25.926 26.129 26.495 26.720 26.956 27.365 27.736 28.187 28.488 28.541 28.600 28.714 28.640 28.535 28.355 27.944 27.544 27.238 26.832 26.425 26.138 25.732 25.271 24.728 24.120 23.418 22.869 22.184 21.375 20.274 19.023 17.594 16.232 14.659 12.931 10.988 9.029 7.210 5.504 3.970
0.000 0.000 0.000 0.000 0.001 0.001 0.003 0.013 0.061 0.274 0.866 1.826 2.701 3.431 4.182 5.014 5.947 6.982 8.117 9.351 10.660 11.972 13.254 14.577 16.008 17.497 19.019 20.458 21.891 23.066 24.064 24.721 25.158 25.488 25.605 25.639 25.779 25.872 26.082 26.397 26.587 26.767 27.021 27.335 27.816 28.125 28.191 28.248 28.345 28.290 28.209 28.041 27.610 27.158 26.665 26.077 25.487 24.999 24.385 23.721 23.135 22.350 21.521 20.714 19.851 19.004 17.940 16.713 15.322 13.919 12.187 10.177 7.954 5.819 4.030 2.631 1.630
0.000 0.000 0.001 0.001 0.002 0.003 0.004 0.013 0.057 0.274 0.981 2.239 3.376 4.226 5.061 5.961 6.952 8.022 9.136 10.286 11.462 12.600 13.709 14.864 16.128 17.429 18.821 20.163 21.614 22.853 23.959 24.671 25.168 25.541 25.625 25.609 25.785 25.868 26.028 26.330 26.450 26.533 26.776 27.048 27.421 27.801 27.878 27.895 28.048 27.979 27.846 27.691 27.257 26.637 26.056 25.353 24.639 23.961 23.158 22.311 21.501 20.557 19.625 18.550 17.442 16.321 15.140 13.820 12.225 10.352 8.093 5.827 3.870 2.410 1.414 0.778 0.402
0.002 0.002 0.002 0.003 0.004 0.005 0.006 0.014 0.056 0.267 1.005 2.411 3.840 4.918 5.956 7.026 8.155 9.295 10.411 11.487 12.502 13.485 14.445 15.385 16.433 17.562 18.830 20.120 21.400 22.526 23.624 24.456 25.010 25.398 25.527 25.549 25.730 25.810 25.957 26.157 26.143 26.147 26.307 26.549 26.876 27.277 27.372 27.396 27.528 27.436 27.274 27.050 26.530 25.850 25.170 24.409 23.651 22.770 21.783 20.832 19.756 18.642 17.563 16.346 15.067 13.681 12.139 10.351 8.294 6.078 3.985 2.352 1.257 0.634 0.309 0.146 0.068
0.004 0.005 0.005 0.006 0.006 0.007 0.009 0.017 0.058 0.255 0.981 2.415 4.103 5.470 6.771 8.114 9.489 10.767 11.917 12.933 13.821 14.662 15.468 16.237 17.065 17.966 18.987 20.143 21.258 22.284 23.284 24.033 24.602 24.979 25.125 25.241 25.420 25.493 25.640 25.720 25.604 25.578 25.680 25.792 26.049 26.421 26.565 26.612 26.637 26.514 26.390 26.137 25.514 24.801 23.983 23.131 22.315 21.334 20.167 19.110 17.889 16.661 15.420 14.062 12.636 11.100 9.382 7.397 5.190 3.154 1.652 0.738 0.302 0.127 0.055 0.024 0.012
0.008 0.008 0.008 0.009 0.010 0.011 0.013 0.022 0.061 0.254 0.968 2.408 4.284 5.938 7.517 9.129 10.733 12.236 13.539 14.594 15.450 16.195 16.786 17.386 17.991 18.669 19.414 20.359 21.315 22.156 23.002 23.629 24.093 24.558 24.715 24.776 25.017 25.105 25.153 25.260 25.133 25.030 25.118 25.087 25.189 25.474 25.582 25.594 25.654 25.510 25.253 24.976 24.316 23.498 22.592 21.603 20.630 19.578 18.336 17.136 15.820 14.499 13.121 11.669 10.170 8.553 6.781 4.819 2.917 1.470 0.604 0.207 0.068 0.024 0.010 0.005 0.004
0.013 0.012 0.012 0.013 0.014 0.015 0.017 0.025 0.065 0.263 0.990 2.464 4.459 6.366 8.208 10.069 11.850 13.500 14.982 16.189 17.099 17.867 18.372 18.807 19.141 19.582 20.061 20.709 21.481 22.174 22.833 23.346 23.742 24.214 24.367 24.381 24.524 24.550 24.559 24.633 24.524 24.367 24.316 24.275 24.250 24.366 24.353 24.335 24.336 24.087 23.740 23.387 22.720 21.840 20.815 19.693 18.559 17.445 16.156 14.831 13.477 12.082 10.645 9.167 7.655 5.972 4.192 2.547 1.296 0.531 0.174 0.050 0.014 0.005 0.003 0.003 0.004
0.020 0.018 0.017 0.017 0.018 0.019 0.021 0.029 0.073 0.292 1.072 2.618 4.702 6.815 8.880 10.905 12.829 14.584 16.193 17.542 18.503 19.285 19.736 20.106 20.401 20.590 20.781 21.165 21.658 22.176 22.679 23.038 23.374 23.714 23.845 23.871 23.891 23.829 23.828 23.837 23.749 23.622 23.497 23.389 23.195 23.091 22.953 22.877 22.770 22.393 21.916 21.434 20.734 19.820 18.761 17.542 16.264 15.010 13.688 12.335 10.915 9.465 8.016 6.532 4.937 3.336 1.947 0.956 0.381 0.127 0.038 0.010 0.003 0.001 0.002 0.002 0.004
0.030 0.025 0.023 0.023 0.023 0.023 0.024 0.032 0.084 0.341 1.228 2.932 5.155 7.360 9.546 11.670 13.672 15.461 17.118 18.535 19.590 20.390 20.878 21.161 21.328 21.410 21.481 21.722 21.971 22.277 22.621 22.798 23.039 23.267 23.270 23.288 23.299 23.182 23.100 23.111 23.006 22.851 22.666 22.402 22.131 21.910 21.642 21.348 21.057 20.557 19.965 19.290 18.447 17.473 16.378 15.069 13.729 12.381 11.052 9.763 8.414 7.029 5.570 4.032 2.558 1.385 0.612 0.219 0.069 0.022 0.006 0.002 0.001 0.001 0.002 0.003 0.006
0.045 0.037 0.032 0.030 0.028 0.026 0.026 0.036 0.100 0.415 1.474 3.467 5.913 8.132 10.306 12.384 14.328 16.054 17.671 19.093 20.230 21.083 21.594 21.917 22.126 22.131 22.070 22.159 22.275 22.418 22.622 22.659 22.735 22.771 22.622 22.569 22.539 22.437 22.322 22.294 22.155 22.009 21.788 21.426 20.990 20.579 20.151 19.672 19.170 18.543 17.822 17.000 16.050 14.978 13.788 12.447 11.137 9.852 8.621 7.414 6.158 4.824 3.394 2.043 1.011 0.394 0.122 0.035 0.011 0.003 0.001 0.001 0.001 0.001 0.002 0.003 0.007
0.068 0.055 0.045 0.037 0.031 0.028 0.028 0.038 0.117 0.519 1.854 4.320 6.972 9.120 11.120 13.012 14.830 16.507 18.057 19.424 20.547 21.515 22.091 22.372 22.534 22.513 22.439 22.445 22.417 22.419 22.524 22.428 22.343 22.098 21.799 21.603 21.489 21.445 21.354 21.307 21.152 21.056 20.772 20.412 19.878 19.328 18.704 18.059 17.385 16.613 15.728 14.763 13.649 12.440 11.225 9.972 8.754 7.564 6.404 5.242 4.036 2.805 1.653 0.784 0.284 0.080 0.020 0.005 0.002 0.001 0.001 0.001 0.001 0.001 0.002 0.003 0.007
0.089 0.073 0.056 0.042 0.033 0.029 0.029 0.039 0.122 0.582 2.206 5.234 8.063 10.046 11.801 13.494 15.151 16.720 18.169 19.513 20.682 21.704 22.337 22.667 22.829 22.794 22.686 22.671 22.555 22.459 22.468 22.202 21.883 21.416 20.911 20.572 20.425 20.356 20.193 20.148 20.017 19.908 19.604 19.238 18.690 18.027 17.290 16.507 15.666 14.774 13.740 12.602 11.351 10.080 8.874 7.697 6.564 5.428 4.282 3.162 2.117 1.229 0.575 0.205 0.057 0.014 0.003 0.001 0.001 0.001 0.001 0.001 0.001 0.001 0.001 0.003 0.009
0.098 0.081 0.061 0.045 0.035 0.030 0.030 0.040 0.121 0.586 2.318 5.714 8.856 10.792 12.311 13.797 15.280 16.764 18.191 19.421 20.587 21.541 22.247 22.620 22.789 22.805 22.811 22.780 22.612 22.473 22.295 21.847 21.290 20.658 20.037 19.514 19.187 19.042 18.831 18.734 18.615 18.501 18.306 17.938 17.397 16.677 15.827 14.954 13.973 12.956 11.787 10.531 9.200 7.907 6.691 5.530 4.417 3.327 2.309 1.440 0.783 0.354 0.127 0.037 0.010 0.002 0.001 0.001 0.000 0.000 0.000 0.000 0.001 0.001 0.002 0.005 0.016
