RESULTS/r.avaflow_results/13_results/13_ascii/13_hflow30021.asc
ncols 506
nrows 317
xllcenter 498237.50
yllcenter 5580050.00
cellsize 12.50
NODATA_value -9999.000
[rows 170 to 203 of 317, columns 154 to 230 of 506]
6.067 6.743 7.494 8.167 8.687 9.090 9.420 9.702 9.914 10.066 10.176 10.240 10.255 10.188 9.953 9.479 8.806 8.035 7.249 6.498 5.767 4.975 4.143 3.460 2.964 2.658 2.535 2.523 2.527 2.501 2.439 2.424 2.480 2.515 2.529 2.544 2.589 2.721 2.897 2.992 3.033 3.058 3.101 3.195 3.284 3.301 3.228 3.056 2.821 2.528 2.177 1.772 1.360 1.030 0.815 0.686 0.598 0.537 0.499 0.478 0.464 0.447 0.429 0.405 0.367 0.343 0.347 0.374 0.437 0.557 0.759 1.068 1.517 2.202 3.066 3.657 3.846
5.786 6.734 7.848 9.028 10.028 10.828 11.461 11.965 12.338 12.605 12.790 12.905 12.957 12.938 12.776 12.340 11.601 10.630 9.539 8.408 7.276 6.154 5.071 4.152 3.469 3.004 2.730 2.620 2.611 2.649 2.734 2.909 3.143 3.240 3.244 3.203 3.166 3.186 3.236 3.254 3.238 3.200 3.184 3.213 3.225 3.173 3.002 2.665 2.156 1.594 1.095 0.745 0.528 0.398 0.327 0.294 0.278 0.271 0.275 0.284 0.287 0.285 0.279 0.261 0.220 0.183 0.174 0.179 0.203 0.255 0.355 0.532 0.835 1.335 2.137 2.987 3.457
5.497 6.661 8.053 9.641 11.096 12.272 13.192 13.908 14.447 14.848 15.135 15.334 15.456 15.485 15.399 15.047 14.356 13.377 12.205 10.896 9.488 8.037 6.614 5.343 4.329 3.573 3.036 2.721 2.607 2.621 2.739 2.993 3.314 3.446 3.445 3.369 3.290 3.272 3.275 3.266 3.214 3.109 2.972 2.837 2.691 2.455 2.044 1.483 0.935 0.565 0.364 0.255 0.190 0.152 0.135 0.131 0.134 0.143 0.158 0.172 0.178 0.179 0.176 0.163 0.134 0.107 0.098 0.099 0.108 0.130 0.176 0.265 0.439 0.774 1.384 2.258 2.930
5.191 6.537 8.126 9.939 11.786 13.339 14.610 15.604 16.360 16.923 17.350 17.662 17.881 17.981 17.956 17.681 17.032 16.058 14.894 13.597 12.152 10.549 8.837 7.177 5.745 4.577 3.670 3.038 2.689 2.565 2.612 2.822 3.158 3.350 3.369 3.299 3.208 3.178 3.164 3.126 2.991 2.699 2.249 1.819 1.447 1.090 0.746 0.460 0.277 0.175 0.121 0.092 0.076 0.067 0.065 0.067 0.073 0.084 0.098 0.108 0.112 0.112 0.110 0.101 0.084 0.070 0.066 0.066 0.069 0.079 0.100 0.144 0.241 0.452 0.884 1.625 2.379
4.830 6.314 8.047 9.974 12.067 13.984 15.644 17.009 18.074 18.843 19.421 19.855 20.175 20.348 20.365 20.170 19.604 18.687 17.532 16.230 14.806 13.218 11.421 9.456 7.583 5.979 4.675 3.681 2.993 2.592 2.425 2.439 2.674 2.948 3.004 2.925 2.816 2.767 2.734 2.638 2.337 1.743 1.110 0.711 0.482 0.326 0.211 0.134 0.088 0.063 0.050 0.043 0.039 0.038 0.039 0.041 0.047 0.056 0.067 0.073 0.075 0.074 0.072 0.067 0.058 0.053 0.051 0.051 0.053 0.058 0.068 0.093 0.152 0.288 0.588 1.152 1.885
4.344 5.887 7.729 9.800 12.057 14.229 16.216 17.931 19.300 20.297 21.004 21.509 21.918 22.183 22.264 22.170 21.779 21.037 19.967 18.629 17.107 15.415 13.485 11.250 8.960 7.004 5.434 4.238 3.352 2.720 2.338 2.185 2.206 2.310 2.253 2.067 1.922 1.837 1.749 1.580 1.224 0.736 0.406 0.237 0.150 0.100 0.068 0.049 0.038 0.032 0.029 0.027 0.026 0.027 0.028 0.030 0.035 0.043 0.051 0.055 0.055 0.055 0.053 0.050 0.047 0.045 0.045 0.045 0.046 0.049 0.057 0.074 0.116 0.212 0.424 0.834 1.460
3.708 5.215 7.092 9.288 11.758 14.179 16.340 18.226 19.777 20.952 21.736 22.253 22.724 23.128 23.305 23.296 23.095 22.581 21.671 20.345 18.704 16.849 14.742 12.275 9.675 7.472 5.741 4.452 3.500 2.794 2.303 1.996 1.773 1.491 1.162 0.912 0.799 0.744 0.691 0.605 0.448 0.255 0.139 0.082 0.054 0.040 0.031 0.026 0.023 0.022 0.021 0.021 0.021 0.022 0.023 0.025 0.029 0.034 0.041 0.045 0.046 0.046 0.046 0.044 0.043 0.043 0.043 0.044 0.044 0.047 0.054 0.069 0.103 0.179 0.338 0.639 1.126
2.993 4.376 6.220 8.473 11.103 13.785 16.115 18.085 19.716 20.963 21.771 22.280 22.760 23.261 23.516 23.539 23.421 23.031 22.249 20.987 19.295 17.328 15.102 12.515 9.799 7.514 5.741 4.436 3.478 2.751 2.175 1.666 1.151 0.693 0.413 0.282 0.238 0.223 0.213 0.191 0.143 0.086 0.053 0.036 0.027 0.023 0.020 0.018 0.018 0.018 0.018 0.018 0.019 0.020 0.021 0.023 0.026 0.029 0.034 0.039 0.042 0.044 0.044 0.044 0.043 0.043 0.043 0.043 0.044 0.047 0.054 0.069 0.100 0.164 0.292 0.526 0.905
2.379 3.534 5.186 7.391 10.117 13.006 15.439 17.440 19.116 20.400 21.242 21.772 22.241 22.721 22.975 22.993 22.883 22.556 21.868 20.688 19.023 17.028 14.759 12.134 9.443 7.192 5.431 4.114 3.131 2.350 1.653 0.998 0.504 0.239 0.125 0.085 0.072 0.068 0.066 0.061 0.050 0.036 0.027 0.022 0.019 0.017 0.016 0.015 0.015 0.016 0.017 0.017 0.018 0.019 0.020 0.022 0.024 0.026 0.030 0.035 0.040 0.043 0.044 0.044 0.044 0.044 0.044 0.044 0.045 0.048 0.055 0.070 0.100 0.158 0.267 0.459 0.760
1.870 2.810 4.184 6.139 8.727 11.693 14.238 16.247 17.843 19.069 19.997 20.651 21.063 21.306 21.396 21.345 21.201 20.932 20.372 19.302 17.690 15.690 13.417 10.884 8.439 6.363 4.631 3.236 2.163 1.348 0.750 0.360 0.161 0.077 0.045 0.034 0.030 0.029 0.028 0.026 0.024 0.020 0.018 0.016 0.015 0.014 0.014 0.014 0.014 0.015 0.016 0.017 0.018 0.019 0.020 0.021 0.023 0.025 0.027 0.031 0.037 0.043 0.045 0.046 0.046 0.046 0.046 0.046 0.047 0.050 0.058 0.073 0.102 0.156 0.253 0.415 0.657
1.459 2.205 3.306 4.901 7.120 9.940 12.587 14.591 16.073 17.254 18.337 19.210 19.609 19.644 19.571 19.456 19.265 18.899 18.240 17.099 15.421 13.358 11.102 8.874 6.857 5.008 3.262 1.820 0.904 0.435 0.207 0.101 0.053 0.032 0.023 0.019 0.018 0.017 0.017 0.017 0.016 0.015 0.014 0.014 0.013 0.013 0.013 0.013 0.014 0.015 0.016 0.017 0.018 0.019 0.020 0.021 0.022 0.023 0.025 0.029 0.034 0.041 0.047 0.050 0.051 0.051 0.050 0.049 0.050 0.053 0.061 0.077 0.106 0.157 0.246 0.388 0.592
1.124 1.701 2.567 3.846 5.667 8.095 10.737 12.838 14.399 15.722 16.947 17.872 18.235 18.225 18.136 18.022 17.763 17.171 16.134 14.615 12.643 10.296 8.025 6.179 4.606 3.043 1.612 0.680 0.256 0.108 0.057 0.035 0.024 0.018 0.015 0.014 0.013 0.013 0.013 0.013 0.013 0.012 0.012 0.012 0.012 0.012 0.013 0.013 0.014 0.014 0.016 0.017 0.018 0.019 0.020 0.021 0.022 0.023 0.025 0.027 0.032 0.039 0.047 0.052 0.055 0.056 0.055 0.053 0.053 0.055 0.062 0.079 0.109 0.160 0.245 0.377 0.560
0.858 1.298 1.962 2.959 4.408 6.417 8.898 11.128 12.847 14.272 15.468 16.268 16.569 16.584 16.546 16.442 16.087 15.244 13.801 11.787 9.192 6.384 4.191 2.848 1.917 1.103 0.481 0.164 0.060 0.033 0.023 0.018 0.015 0.013 0.012 0.011 0.011 0.011 0.011 0.011 0.011 0.011 0.011 0.011 0.011 0.012 0.012 0.013 0.014 0.015 0.016 0.017 0.019 0.020 0.021 0.022 0.022 0.023 0.025 0.027 0.030 0.035 0.044 0.052 0.057 0.058 0.058 0.057 0.056 0.058 0.065 0.081 0.113 0.166 0.249 0.373 0.545
0.650 0.979 1.471 2.211 3.297 4.849 6.961 9.242 11.041 12.396 13.326 13.849 14.072 14.143 14.149 14.003 13.477 12.335 10.352 7.556 4.681 2.508 1.314 0.753 0.436 0.215 0.086 0.036 0.022 0.017 0.014 0.013 0.011 0.011 0.010 0.010 0.010 0.009 0.009 0.010 0.010 0.010 0.010 0.010 0.011 0.011 0.012 0.013 0.014 0.015 0.016 0.018 0.020 0.022 0.023 0.023 0.024 0.024 0.025 0.027 0.029 0.033 0.039 0.048 0.056 0.059 0.061 0.060 0.060 0.062 0.069 0.086 0.119 0.174 0.256 0.372 0.532
0.485 0.725 1.073 1.583 2.326 3.405 4.952 6.928 8.578 9.665 10.267 10.554 10.686 10.742 10.643 10.269 9.314 7.548 5.105 2.767 1.287 0.522 0.220 0.120 0.070 0.039 0.023 0.016 0.013 0.012 0.010 0.010 0.009 0.009 0.008 0.008 0.008 0.008 0.008 0.008 0.008 0.009 0.009 0.010 0.010 0.011 0.012 0.013 0.014 0.016 0.017 0.019 0.021 0.023 0.025 0.026 0.026 0.026 0.027 0.028 0.029 0.032 0.037 0.043 0.052 0.059 0.062 0.064 0.065 0.068 0.076 0.095 0.130 0.186 0.265 0.372 0.516
0.351 0.517 0.750 1.077 1.537 2.190 3.112 4.344 5.449 6.155 6.493 6.607 6.557 6.293 5.802 5.147 4.161 2.705 1.320 0.508 0.171 0.069 0.040 0.028 0.021 0.016 0.013 0.011 0.010 0.009 0.008 0.007 0.007 0.007 0.007 0.007 0.007 0.007 0.007 0.007 0.007 0.008 0.008 0.009 0.009 0.010 0.012 0.013 0.014 0.016 0.018 0.020 0.022 0.025 0.026 0.027 0.028 0.029 0.029 0.029 0.030 0.033 0.036 0.042 0.049 0.058 0.065 0.070 0.073 0.078 0.088 0.108 0.141 0.193 0.268 0.370 0.501
0.242 0.350 0.498 0.696 0.948 1.272 1.707 2.275 2.764 3.054 3.168 3.161 2.980 2.505 1.967 1.538 1.064 0.503 0.170 0.057 0.028 0.020 0.016 0.014 0.012 0.010 0.009 0.008 0.007 0.006 0.006 0.006 0.005 0.005 0.005 0.005 0.005 0.005 0.005 0.005 0.006 0.006 0.007 0.007 0.008 0.010 0.011 0.013 0.014 0.016 0.018 0.021 0.023 0.025 0.027 0.029 0.030 0.031 0.032 0.032 0.033 0.035 0.038 0.042 0.049 0.060 0.072 0.081 0.087 0.094 0.104 0.119 0.146 0.191 0.261 0.359 0.486
0.158 0.225 0.317 0.433 0.551 0.665 0.792 0.937 1.038 1.076 1.055 0.998 0.855 0.586 0.372 0.251 0.144 0.060 0.025 0.016 0.013 0.011 0.010 0.009 0.008 0.007 0.006 0.006 0.005 0.005 0.004 0.004 0.004 0.004 0.004 0.004 0.004 0.004 0.004 0.004 0.004 0.004 0.005 0.006 0.007 0.008 0.010 0.012 0.014 0.016 0.019 0.021 0.023 0.025 0.027 0.029 0.031 0.034 0.036 0.037 0.038 0.040 0.042 0.046 0.053 0.066 0.082 0.093 0.101 0.107 0.115 0.125 0.144 0.178 0.239 0.335 0.468
0.098 0.141 0.199 0.262 0.302 0.316 0.303 0.277 0.251 0.228 0.203 0.175 0.137 0.085 0.056 0.038 0.024 0.015 0.011 0.009 0.008 0.007 0.007 0.006 0.006 0.005 0.004 0.004 0.003 0.003 0.003 0.003 0.002 0.002 0.002 0.002 0.002 0.002 0.002 0.002 0.003 0.003 0.003 0.004 0.005 0.006 0.008 0.011 0.014 0.016 0.018 0.021 0.023 0.025 0.027 0.029 0.032 0.036 0.039 0.041 0.042 0.044 0.047 0.052 0.061 0.074 0.090 0.100 0.107 0.112 0.118 0.125 0.139 0.164 0.215 0.307 0.443
0.057 0.082 0.113 0.137 0.142 0.129 0.096 0.064 0.046 0.037 0.031 0.027 0.022 0.016 0.013 0.010 0.008 0.007 0.006 0.006 0.005 0.005 0.004 0.004 0.004 0.003 0.003 0.003 0.002 0.002 0.002 0.002 0.002 0.002 0.002 0.002 0.002 0.002 0.002 0.002 0.002 0.002 0.003 0.003 0.004 0.006 0.008 0.010 0.013 0.015 0.017 0.019 0.022 0.024 0.026 0.028 0.032 0.037 0.040 0.042 0.043 0.045 0.049 0.055 0.064 0.077 0.091 0.101 0.107 0.110 0.113 0.117 0.125 0.144 0.184 0.260 0.375
0.028 0.038 0.048 0.052 0.048 0.037 0.022 0.012 0.008 0.007 0.006 0.006 0.006 0.005 0.005 0.004 0.004 0.004 0.004 0.004 0.003 0.003 0.003 0.003 0.002 0.002 0.002 0.002 0.001 0.001 0.001 0.001 0.001 0.001 0.001 0.001 0.001 0.001 0.001 0.002 0.002 0.002 0.003 0.003 0.004 0.006 0.007 0.010 0.011 0.013 0.015 0.016 0.018 0.020 0.023 0.026 0.030 0.034 0.038 0.040 0.042 0.044 0.047 0.053 0.061 0.072 0.084 0.091 0.093 0.093 0.091 0.091 0.094 0.105 0.133 0.184 0.250
0.010 0.012 0.013 0.012 0.010 0.007 0.004 0.003 0.002 0.002 0.002 0.002 0.002 0.002 0.002 0.002 0.002 0.002 0.002 0.002 0.002 0.002 0.002 0.002 0.002 0.001 0.001 0.001 0.001 0.001 0.001 0.001 0.001 0.001 0.001 0.001 0.001 0.001 0.001 0.002 0.002 0.003 0.003 0.004 0.005 0.006 0.007 0.008 0.009 0.010 0.010 0.012 0.013 0.015 0.017 0.020 0.024 0.027 0.031 0.033 0.034 0.036 0.037 0.040 0.045 0.053 0.058 0.060 0.060 0.057 0.053 0.052 0.053 0.058 0.073 0.104 0.139
0.002 0.002 0.002 0.002 0.002 0.002 0.001 0.001 0.001 0.001 0.001 0.001 0.001 0.001 0.001 0.001 0.001 0.001 0.001 0.001 0.001 0.001 0.001 0.001 0.001 0.001 0.001 0.001 0.001 0.001 0.001 0.001 0.001 0.001 0.001 0.001 0.001 0.002 0.002 0.003 0.003 0.003 0.004 0.004 0.005 0.005 0.006 0.006 0.006 0.006 0.006 0.007 0.008 0.009 0.011 0.012 0.015 0.017 0.018 0.019 0.020 0.020 0.021 0.022 0.024 0.027 0.030 0.030 0.030 0.029 0.028 0.027 0.027 0.029 0.036 0.052 0.069
0.001 0.001 0.001 0.001 0.001 0.001 0.001 0.001 0.001 0.001 0.001 0.001 0.001 0.001 0.001 0.001 0.001 0.001 0.001 0.001 0.001 0.001 0.001 0.001 0.001 0.001 0.001 0.001 0.001 0.001 0.001 0.001 0.001 0.002 0.002 0.002 0.003 0.003 0.003 0.004 0.004 0.004 0.004 0.004 0.004 0.004 0.004 0.004 0.003 0.003 0.004 0.004 0.004 0.005 0.006 0.007 0.008 0.009 0.009 0.010 0.010 0.010 0.010 0.011 0.012 0.013 0.014 0.015 0.015 0.014 0.014 0.014 0.015 0.016 0.019 0.025 0.032
0.001 0.001 0.001 0.001 0.001 0.001 0.001 0.001 0.001 0.001 0.001 0.001 0.001 0.001 0.001 0.001 0.001 0.001 0.001 0.001 0.001 0.001 0.001 0.001 0.001 0.001 0.001 0.001 0.002 0.002 0.002 0.003 0.003 0.003 0.004 0.004 0.004 0.004 0.004 0.004 0.004 0.003 0.003 0.003 0.003 0.003 0.002 0.002 0.002 0.002 0.002 0.002 0.002 0.003 0.003 0.003 0.004 0.004 0.005 0.005 0.005 0.005 0.005 0.005 0.006 0.006 0.007 0.007 0.007 0.007 0.007 0.007 0.008 0.008 0.010 0.013 0.016
0.001 0.001 0.001 0.001 0.001 0.001 0.001 0.001 0.001 0.001 0.001 0.001 0.001 0.001 0.001 0.001 0.001 0.001 0.001 0.001 0.001 0.001 0.001 0.001 0.001 0.002 0.003 0.003 0.004 0.004 0.005 0.005 0.005 0.005 0.005 0.005 0.005 0.004 0.004 0.004 0.003 0.003 0.002 0.002 0.002 0.001 0.001 0.001 0.001 0.001 0.001 0.001 0.001 0.001 0.001 0.001 0.002 0.002 0.002 0.002 0.002 0.002 0.002 0.002 0.002 0.003 0.003 0.003 0.003 0.003 0.003 0.003 0.004 0.004 0.005 0.007 0.008
0.000 0.000 0.000 0.000 0.000 0.000 0.000 0.000 0.000 0.000 0.000 0.001 0.001 0.001 0.001 0.001 0.001 0.001 0.001 0.001 0.001 0.001 0.001 0.002 0.003 0.004 0.005 0.006 0.006 0.006 0.006 0.006 0.005 0.005 0.005 0.005 0.005 0.004 0.003 0.003 0.002 0.002 0.001 0.001 0.001 0.001 0.001 0.001 0.001 0.001 0.000 0.000 0.000 0.000 0.000 0.000 0.001 0.001 0.001 0.001 0.001 0.001 0.001 0.001 0.001 0.001 0.001 0.001 0.001 0.001 0.001 0.001 0.002 0.002 0.002 0.003 0.004
0.000 0.000 0.000 0.000 0.000 0.000 0.000 0.000 0.000 0.000 0.000 0.000 0.000 0.001 0.001 0.001 0.001 0.001 0.001 0.001 0.001 0.001 0.002 0.003 0.004 0.005 0.006 0.006 0.006 0.006 0.006 0.006 0.005 0.005 0.005 0.005 0.004 0.003 0.003 0.002 0.002 0.001 0.001 0.001 0.001 0.000 0.000 0.000 0.000 0.000 0.000 0.000 0.000 0.000 0.000 0.000 0.000 0.000 0.000 0.000 0.000 0.000 0.000 0.000 0.000 0.000 0.000 0.000 0.000 0.000 0.000 0.000 0.000 0.001 0.001 0.001 0.002
0.000 0.000 0.000 0.000 0.000 0.000 0.000 0.000 0.000 0.000 0.000 0.000 0.000 0.000 0.000 0.001 0.001 0.001 0.001 0.001 0.001 0.002 0.002 0.003 0.005 0.006 0.006 0.006 0.006 0.006 0.006 0.005 0.005 0.005 0.004 0.004 0.003 0.002 0.002 0.001 0.001 0.001 0.001 0.000 0.000 0.000 0.000 0.000 0.000 0.000 0.000 0.000 0.000 0.000 0.000 0.000 0.000 0.000 0.000 0.000 0.000 0.000 0.000 0.000 0.000 0.000 0.000 0.000 0.000 0.000 0.000 0.000 0.000 0.000 0.000 0.000 0.000
0.000 0.000 0.000 0.000 0.000 0.000 0.000 0.000 0.000 0.000 0.000 0.000 0.000 0.000 0.000 0.000 0.001 0.001 0.001 0.001 0.001 0.002 0.003 0.004 0.005 0.005 0.006 0.006 0.006 0.005 0.005 0.005 0.004 0.003 0.003 0.002 0.002 0.001 0.001 0.001 0.001 0.000 0.000 0.000 0.000 0.000 0.000 0.000 0.000 0.000 0.000 0.000 0.000 0.000 0.000 0.000 0.000 0.000 0.000 0.000 0.000 0.000 0.000 0.000 0.000 0.000 0.000 0.000 0.000 0.000 0.000 0.000 0.000 0.000 0.000 0.000 0.000
0.000 0.000 0.000 0.000 0.000 0.000 0.000 0.000 0.000 0.000 0.000 0.000 0.000 0.000 0.000 0.000 0.000 0.001 0.001 0.001 0.001 0.002 0.002 0.003 0.004 0.005 0.005 0.005 0.005 0.004 0.004 0.003 0.003 0.002 0.002 0.001 0.001 0.001 0.001 0.000 0.000 0.000 0.000 0.000 0.000 0.000 0.000 0.000 0.000 0.000 0.000 0.000 0.000 0.000 0.000 0.000 0.000 0.000 0.000 0.000 0.000 0.000 0.000 0.000 0.000 0.000 0.000 0.000 0.000 0.000 0.000 0.000 0.000 0.000 0.000 0.000 0.000
0.000 0.000 0.000 0.000 0.000 0.000 0.000 0.000 0.000 0.000 0.000 0.000 0.000 0.000 0.000 0.000 0.000 0.000 0.001 0.001 0.001 0.002 0.002 0.003 0.003 0.003 0.003 0.003 0.003 0.003 0.003 0.002 0.002 0.001 0.001 0.001 0.001 0.001 0.000 0.000 0.000 0.000 0.000 0.000 0.000 0.000 0.000 0.000 0.000 0.000 0.000 0.000 0.000 0.000 0.000 0.000 0.000 0.000 0.000 0.000 0.000 0.000 0.000 0.000 0.000 0.000 0.000 0.000 0.000 0.000 0.000 0.000 0.000 0.000 0.000 0.000 0.000
0.000 0.000 0.000 0.000 0.000 0.000 0.000 0.000 0.000 0.000 0.000 0.000 0.000 0.000 0.000 0.000 0.000 0.000 0.000 0.001 0.001 0.001 0.002 0.002 0.002 0.002 0.002 0.002 0.002 0.002 0.002 0.001 0.001 0.001 0.001 0.001 0.000 0.000 0.000 0.000 0.000 0.000 0.000 0.000 0.000 0.000 0.000 0.000 0.000 0.000 0.000 0.000 0.000 0.000 0.000 0.000 0.000 0.000 0.000 0.000 0.000 0.000 0.000 0.000 0.000 0.000 0.000 0.000 0.000 0.000 0.000 0.000 0.000 0.000 0.000 0.000 0.000
0.000 0.000 0.000 0.000 0.000 0.000 0.000 0.000 0.000 0.000 0.000 0.000 0.000 0.000 0.000 0.000 0.000 0.000 0.000 0.000 0.001 0.001 0.001 0.001 0.001 0.001 0.001 0.001 0.001 0.001 0.001 0.001 0.001 0.001 0.000 0.000 0.000 0.000 0.000 0.000 0.000 0.000 0.000 0.000 0.000 0.000 0.000 0.000 0.000 0.000 0.000 0.000 0.000 0.000 0.000 0.000 0.000 0.000 0.000 0.000 0.000 0.000 0.000 0.000 0.000 0.000 0.000 0.000 0.000 0.000 0.000 0.000 0.000 0.000 0.000 0.000 0.000
