RESULTS/r.avaflow_results/13_results/13_ascii/13_hflow0033.asc
ncols 506
nrows 317
xllcenter 498237.50
yllcenter 5580050.00
cellsize 12.50
NODATA_value -9999.000
[rows 204 to 237 of 317, columns 77 to 153 of 506]
0.090 0.077 0.060 0.046 0.036 0.031 0.030 0.035 0.079 0.359 1.633 4.597 8.048 10.247 11.938 13.598 15.267 16.911 18.493 19.844 21.032 22.080 22.865 23.272 23.608 23.546 23.506 23.490 23.229 22.957 22.536 21.797 21.027 20.122 19.200 18.460 17.976 17.518 17.178 16.948 16.716 16.598 16.425 15.976 15.233 14.345 13.250 12.085 10.894 9.637 8.345 7.012 5.751 4.581 3.523 2.592 1.795 1.144 0.646 0.313 0.129 0.048 0.016 0.004 0.001 0.001 0.000 0.000 0.000 0.000 0.000 0.000 0.001 0.001 0.003 0.009 0.029
0.088 0.074 0.060 0.048 0.040 0.037 0.037 0.040 0.070 0.280 1.355 4.195 7.984 10.439 12.082 13.654 15.221 16.790 18.198 19.382 20.434 21.293 22.039 22.480 22.751 22.689 22.709 22.658 22.353 22.052 21.655 20.905 20.079 19.159 18.073 17.170 16.495 15.828 15.377 15.096 14.841 14.658 14.453 14.064 13.431 12.570 11.468 10.237 8.899 7.555 6.253 4.963 3.755 2.675 1.779 1.094 0.611 0.304 0.133 0.052 0.019 0.007 0.002 0.001 0.001 0.000 0.000 0.000 0.000 0.000 0.000 0.000 0.001 0.002 0.006 0.019 0.052
0.089 0.074 0.062 0.053 0.048 0.047 0.046 0.047 0.054 0.149 0.853 3.268 7.310 10.275 12.027 13.582 15.043 16.491 17.741 18.707 19.559 20.184 20.641 21.011 21.269 21.234 21.216 21.207 20.938 20.640 20.343 19.684 18.895 18.040 16.894 15.822 14.944 14.101 13.487 13.070 12.785 12.555 12.343 12.029 11.480 10.691 9.624 8.329 6.898 5.457 4.128 2.943 1.947 1.171 0.630 0.299 0.127 0.050 0.019 0.007 0.003 0.001 0.001 0.000 0.000 0.000 0.000 0.000 0.000 0.000 0.000 0.000 0.001 0.003 0.010 0.027 0.064
0.100 0.082 0.071 0.065 0.062 0.060 0.056 0.053 0.054 0.078 0.394 2.107 5.982 9.619 11.682 13.242 14.564 15.748 16.756 17.529 18.189 18.556 18.687 18.949 19.151 19.246 19.234 19.184 18.943 18.731 18.453 17.898 17.251 16.489 15.455 14.299 13.221 12.248 11.491 10.981 10.605 10.331 10.084 9.810 9.361 8.673 7.691 6.386 4.815 3.366 2.205 1.324 0.711 0.334 0.138 0.053 0.020 0.007 0.003 0.001 0.001 0.000 0.000 0.000 0.000 0.000 0.000 0.000 0.000 0.000 0.000 0.000 0.001 0.004 0.012 0.030 0.067
0.137 0.108 0.094 0.087 0.081 0.074 0.066 0.060 0.058 0.063 0.168 1.120 4.230 8.386 10.888 12.553 13.835 14.850 15.654 16.184 16.541 16.611 16.475 16.573 16.723 16.951 16.968 16.889 16.611 16.411 16.202 15.765 15.274 14.640 13.756 12.619 11.439 10.328 9.427 8.767 8.274 7.969 7.756 7.533 7.204 6.626 5.673 4.271 2.770 1.638 0.867 0.400 0.162 0.061 0.022 0.008 0.003 0.001 0.001 0.001 0.000 0.000 0.000 0.000 0.000 0.000 0.000 0.000 0.000 0.000 0.000 0.000 0.001 0.004 0.012 0.028 0.061
0.218 0.167 0.140 0.123 0.108 0.092 0.078 0.068 0.064 0.065 0.090 0.484 2.477 6.446 9.632 11.582 12.910 13.837 14.431 14.708 14.808 14.544 14.050 13.968 14.092 14.255 14.238 14.176 13.884 13.612 13.428 13.137 12.799 12.353 11.658 10.653 9.545 8.376 7.339 6.473 5.774 5.287 4.983 4.763 4.542 4.117 3.297 2.151 1.184 0.563 0.226 0.080 0.028 0.009 0.003 0.001 0.001 0.001 0.001 0.001 0.000 0.000 0.000 0.000 0.000 0.000 0.000 0.000 0.000 0.000 0.000 0.000 0.001 0.004 0.009 0.020 0.042
0.363 0.279 0.223 0.183 0.148 0.117 0.095 0.081 0.075 0.073 0.079 0.178 1.118 4.025 7.821 10.436 11.984 12.883 13.320 13.438 13.235 12.556 11.620 11.178 11.191 11.308 11.356 11.350 11.126 10.822 10.566 10.309 10.005 9.662 9.157 8.402 7.424 6.246 5.106 4.133 3.329 2.740 2.378 2.168 2.001 1.761 1.314 0.732 0.334 0.129 0.044 0.014 0.004 0.001 0.001 0.001 0.001 0.001 0.001 0.001 0.000 0.000 0.000 0.000 0.000 0.000 0.000 0.000 0.000 0.000 0.000 0.000 0.001 0.002 0.004 0.009 0.017
0.585 0.467 0.365 0.285 0.217 0.162 0.125 0.104 0.095 0.092 0.094 0.109 0.377 1.854 5.286 8.924 10.964 11.915 12.166 12.049 11.495 10.588 9.448 8.564 8.193 8.123 8.177 8.300 8.353 8.257 8.029 7.676 7.178 6.718 6.269 5.724 5.012 4.111 3.148 2.321 1.648 1.166 0.871 0.704 0.590 0.477 0.318 0.155 0.066 0.024 0.008 0.002 0.001 0.001 0.001 0.001 0.001 0.001 0.001 0.001 0.000 0.000 0.000 0.000 0.000 0.000 0.000 0.000 0.000 0.000 0.000 0.000 0.000 0.001 0.001 0.003 0.005
0.878 0.745 0.597 0.461 0.341 0.244 0.178 0.144 0.130 0.127 0.128 0.133 0.167 0.648 2.687 6.490 9.380 10.559 10.760 10.547 10.038 9.334 8.321 7.136 6.339 6.032 6.016 6.184 6.471 6.577 6.445 6.015 5.321 4.723 4.281 3.841 3.334 2.711 1.998 1.380 0.891 0.549 0.340 0.215 0.142 0.095 0.056 0.027 0.011 0.004 0.001 0.001 0.001 0.001 0.001 0.001 0.001 0.001 0.001 0.001 0.000 0.000 0.000 0.000 0.000 0.000 0.000 0.000 0.000 0.000 0.000 0.000 0.000 0.000 0.001 0.001 0.001
1.241 1.110 0.939 0.747 0.555 0.391 0.278 0.217 0.191 0.183 0.181 0.180 0.190 0.260 0.989 3.436 6.596 8.393 9.145 9.382 9.343 9.067 8.321 7.038 5.963 5.460 5.388 5.535 5.936 6.146 6.049 5.588 4.783 4.057 3.592 3.183 2.755 2.265 1.712 1.203 0.775 0.445 0.220 0.093 0.038 0.017 0.009 0.004 0.002 0.001 0.001 0.000 0.000 0.001 0.001 0.001 0.001 0.001 0.001 0.001 0.000 0.000 0.000 0.000 0.000 0.000 0.000 0.000 0.000 0.000 0.000 0.000 0.000 0.000 0.000 0.000 0.001
1.682 1.557 1.380 1.157 0.895 0.642 0.456 0.347 0.295 0.271 0.259 0.249 0.242 0.258 0.406 1.384 3.765 6.366 8.166 9.109 9.435 9.640 9.345 7.983 6.483 5.713 5.576 5.702 6.123 6.372 6.266 5.778 4.932 4.114 3.587 3.155 2.724 2.265 1.763 1.273 0.830 0.448 0.179 0.050 0.011 0.003 0.001 0.001 0.001 0.000 0.000 0.000 0.000 0.000 0.001 0.001 0.001 0.001 0.001 0.000 0.000 0.000 0.000 0.000 0.000 0.000 0.000 0.000 0.000 0.000 0.000 0.000 0.000 0.000 0.000 0.000 0.000
2.195 2.080 1.908 1.675 1.369 1.020 0.742 0.563 0.466 0.414 0.379 0.352 0.334 0.330 0.389 0.800 2.439 5.546 8.067 9.636 10.172 10.160 9.648 8.206 6.544 5.641 5.435 5.539 5.947 6.244 6.172 5.700 4.831 3.934 3.325 2.845 2.413 1.995 1.572 1.152 0.750 0.381 0.125 0.021 0.003 0.001 0.001 0.000 0.000 0.000 0.000 0.000 0.000 0.001 0.001 0.001 0.001 0.001 0.001 0.000 0.000 0.000 0.000 0.000 0.000 0.000 0.000 0.000 0.000 0.000 0.000 0.000 0.000 0.000 0.000 0.000 0.000
2.785 2.682 2.521 2.287 1.956 1.528 1.147 0.889 0.734 0.641 0.575 0.526 0.497 0.488 0.531 0.842 2.276 5.593 8.324 9.715 9.991 9.354 8.143 6.532 5.014 4.101 3.802 3.827 4.116 4.453 4.490 4.165 3.416 2.547 1.939 1.506 1.174 0.911 0.698 0.506 0.315 0.142 0.037 0.004 0.001 0.001 0.001 0.000 0.000 0.000 0.000 0.000 0.000 0.001 0.001 0.001 0.001 0.001 0.001 0.000 0.000 0.000 0.000 0.000 0.000 0.000 0.000 0.000 0.000 0.000 0.000 0.000 0.000 0.000 0.000 0.000 0.000
3.444 3.360 3.218 2.986 2.628 2.137 1.667 1.330 1.114 0.979 0.891 0.832 0.804 0.837 1.010 1.496 2.834 5.517 7.308 7.663 7.090 5.964 4.502 3.086 2.115 1.579 1.381 1.361 1.452 1.641 1.711 1.617 1.285 0.844 0.554 0.373 0.252 0.173 0.122 0.083 0.047 0.019 0.004 0.001 0.001 0.001 0.001 0.000 0.000 0.000 0.000 0.000 0.000 0.001 0.001 0.001 0.001 0.001 0.000 0.000 0.000 0.000 0.000 0.000 0.000 0.000 0.000 0.000 0.000 0.000 0.000 0.000 0.000 0.000 0.000 0.000 0.000
4.179 4.116 3.976 3.728 3.337 2.805 2.286 1.891 1.625 1.472 1.400 1.400 1.516 1.798 2.358 2.918 3.470 3.967 3.661 3.080 2.448 1.907 1.353 0.877 0.561 0.389 0.321 0.308 0.319 0.373 0.409 0.402 0.329 0.204 0.122 0.073 0.042 0.025 0.016 0.010 0.005 0.002 0.001 0.001 0.001 0.000 0.000 0.001 0.000 0.000 0.000 0.000 0.000 0.001 0.001 0.001 0.001 0.001 0.000 0.000 0.000 0.000 0.000 0.000 0.000 0.000 0.000 0.000 0.000 0.000 0.000 0.000 0.000 0.000 0.000 0.000 0.000
4.959 4.865 4.687 4.397 3.987 3.478 2.994 2.609 2.351 2.270 2.389 2.676 3.182 3.625 3.806 3.614 3.087 2.212 1.346 0.838 0.599 0.457 0.326 0.210 0.126 0.080 0.060 0.055 0.056 0.066 0.078 0.080 0.070 0.044 0.024 0.013 0.006 0.003 0.002 0.001 0.001 0.001 0.001 0.001 0.001 0.001 0.000 0.000 0.001 0.000 0.000 0.000 0.000 0.001 0.001 0.001 0.001 0.001 0.000 0.000 0.000 0.000 0.000 0.000 0.000 0.000 0.000 0.000 0.000 0.000 0.000 0.000 0.000 0.000 0.000 0.000 0.000
5.653 5.529 5.309 4.971 4.583 4.186 3.828 3.626 3.609 3.840 4.449 4.947 5.108 4.783 4.159 3.381 2.435 1.446 0.794 0.465 0.301 0.203 0.132 0.078 0.040 0.020 0.012 0.009 0.008 0.009 0.012 0.013 0.012 0.009 0.004 0.002 0.001 0.001 0.001 0.001 0.001 0.001 0.001 0.001 0.001 0.001 0.001 0.000 0.000 0.001 0.000 0.000 0.000 0.000 0.001 0.001 0.001 0.001 0.000 0.000 0.000 0.000 0.000 0.000 0.000 0.000 0.000 0.000 0.000 0.000 0.000 0.000 0.000 0.000 0.000 0.000 0.000
6.277 6.116 5.861 5.488 5.162 5.000 5.039 5.375 5.953 6.459 6.771 6.585 5.959 4.995 3.938 2.881 1.901 1.153 0.689 0.428 0.273 0.175 0.107 0.059 0.027 0.011 0.005 0.003 0.002 0.001 0.002 0.002 0.002 0.001 0.001 0.001 0.001 0.000 0.001 0.001 0.001 0.001 0.001 0.001 0.001 0.001 0.001 0.000 0.000 0.000 0.001 0.001 0.000 0.000 0.000 0.001 0.001 0.001 0.000 0.000 0.000 0.000 0.000 0.000 0.000 0.000 0.000 0.000 0.000 0.000 0.000 0.000 0.000 0.000 0.000 0.000 0.000
6.865 6.648 6.364 6.022 5.797 5.986 7.156 8.119 8.490 8.481 8.092 7.338 6.260 4.938 3.664 2.580 1.717 1.092 0.692 0.443 0.284 0.179 0.106 0.055 0.024 0.009 0.004 0.002 0.001 0.001 0.000 0.000 0.000 0.000 0.000 0.000 0.000 0.000 0.000 0.001 0.001 0.001 0.001 0.001 0.001 0.001 0.001 0.000 0.000 0.000 0.000 0.000 0.000 0.000 0.000 0.000 0.001 0.001 0.000 0.000 0.000 0.000 0.000 0.000 0.000 0.000 0.000 0.000 0.000 0.000 0.000 0.000 0.000 0.000 0.000 0.000 0.000
7.379 7.128 6.872 6.677 6.664 7.467 9.368 10.177 10.019 9.607 8.893 7.836 6.421 4.885 3.553 2.495 1.703 1.136 0.758 0.506 0.328 0.200 0.111 0.053 0.021 0.008 0.003 0.002 0.001 0.000 0.000 0.000 0.000 0.000 0.000 0.000 0.000 0.000 0.000 0.001 0.001 0.001 0.001 0.001 0.001 0.001 0.001 0.001 0.000 0.000 0.000 0.000 0.000 0.000 0.000 0.000 0.000 0.001 0.000 0.000 0.000 0.000 0.000 0.000 0.000 0.000 0.000 0.000 0.000 0.000 0.000 0.000 0.000 0.000 0.000 0.000 0.000
7.871 7.596 7.418 7.463 8.153 9.808 11.100 11.272 10.998 10.385 9.433 8.165 6.543 4.892 3.551 2.530 1.815 1.305 0.927 0.637 0.410 0.236 0.117 0.050 0.019 0.007 0.003 0.001 0.001 0.000 0.000 0.000 0.000 0.000 0.000 0.000 0.000 0.000 0.001 0.001 0.001 0.001 0.001 0.001 0.001 0.001 0.001 0.001 0.000 0.000 0.000 0.001 0.001 0.001 0.001 0.000 0.000 0.001 0.000 0.000 0.000 0.000 0.000 0.000 0.000 0.000 0.000 0.000 0.000 0.000 0.000 0.000 0.000 0.000 0.000 0.000 0.000
8.344 8.079 7.941 8.369 10.272 11.913 12.194 11.992 11.566 10.790 9.713 8.338 6.654 4.996 3.703 2.778 2.142 1.649 1.221 0.837 0.506 0.259 0.112 0.044 0.016 0.006 0.002 0.001 0.001 0.000 0.000 0.000 0.000 0.000 0.000 0.000 0.000 0.000 0.001 0.001 0.001 0.001 0.001 0.001 0.001 0.001 0.001 0.001 0.001 0.000 0.000 0.001 0.001 0.001 0.001 0.001 0.000 0.000 0.000 0.000 0.000 0.000 0.000 0.000 0.000 0.000 0.000 0.000 0.000 0.000 0.000 0.000 0.000 0.000 0.000 0.000 0.000
8.803 8.598 8.575 9.535 11.874 12.838 12.724 12.426 11.901 11.014 9.861 8.443 6.773 5.254 4.118 3.323 2.708 2.129 1.550 1.005 0.557 0.257 0.101 0.035 0.012 0.004 0.002 0.001 0.000 0.000 0.000 0.000 0.000 0.000 0.000 0.000 0.000 0.000 0.000 0.001 0.001 0.001 0.001 0.001 0.001 0.001 0.001 0.001 0.001 0.001 0.000 0.001 0.001 0.001 0.001 0.001 0.000 0.000 0.000 0.000 0.000 0.000 0.000 0.000 0.000 0.000 0.000 0.000 0.000 0.000 0.000 0.000 0.000 0.000 0.000 0.000 0.000
9.262 9.192 9.649 11.314 12.863 13.160 13.033 12.681 12.067 11.120 9.937 8.495 6.925 5.641 4.679 3.915 3.201 2.465 1.731 1.070 0.562 0.241 0.084 0.026 0.008 0.003 0.002 0.001 0.000 0.000 0.000 0.000 0.000 0.000 0.000 0.000 0.000 0.000 0.000 0.001 0.001 0.001 0.001 0.001 0.001 0.001 0.001 0.001 0.001 0.001 0.001 0.000 0.001 0.001 0.001 0.001 0.000 0.000 0.000 0.000 0.000 0.000 0.000 0.000 0.000 0.000 0.000 0.000 0.000 0.000 0.000 0.000 0.000 0.000 0.000 0.000 0.000
9.756 10.109 11.485 12.903 13.277 13.246 13.080 12.670 11.979 11.069 9.989 8.612 7.181 6.031 5.108 4.280 3.456 2.592 1.767 1.058 0.526 0.205 0.063 0.018 0.006 0.003 0.002 0.001 0.000 0.000 0.000 0.000 0.000 0.000 0.000 0.000 0.000 0.000 0.001 0.001 0.001 0.001 0.000 0.000 0.001 0.001 0.001 0.001 0.001 0.001 0.001 0.001 0.001 0.001 0.001 0.001 0.001 0.000 0.000 0.000 0.000 0.000 0.000 0.000 0.000 0.000 0.000 0.000 0.000 0.000 0.000 0.000 0.000 0.000 0.000 0.000 0.000
10.400 11.739 13.215 13.602 13.565 13.424 13.154 12.663 11.915 11.021 10.038 8.800 7.525 6.421 5.442 4.511 3.558 2.591 1.701 0.952 0.425 0.143 0.040 0.013 0.006 0.003 0.002 0.001 0.000 0.000 0.000 0.000 0.000 0.000 0.000 0.000 0.000 0.000 0.000 0.000 0.000 0.000 0.000 0.000 0.000 0.001 0.000 0.000 0.000 0.000 0.000 0.000 0.001 0.001 0.001 0.001 0.001 0.001 0.000 0.000 0.000 0.000 0.000 0.000 0.000 0.000 0.000 0.000 0.000 0.000 0.000 0.000 0.000 0.000 0.000 0.000 0.000
11.382 13.163 13.974 13.927 13.840 13.561 13.169 12.600 11.848 10.979 10.061 8.955 7.813 6.752 5.716 4.677 3.586 2.500 1.516 0.748 0.287 0.090 0.029 0.011 0.005 0.003 0.002 0.001 0.000 0.000 0.000 0.000 0.000 0.000 0.000 0.000 0.000 0.000 0.000 0.000 0.000 0.000 0.000 0.000 0.000 0.000 0.000 0.000 0.000 0.000 0.000 0.000 0.000 0.000 0.001 0.001 0.001 0.001 0.001 0.001 0.000 0.000 0.000 0.000 0.000 0.000 0.000 0.000 0.000 0.000 0.000 0.000 0.000 0.000 0.000 0.000 0.000
13.065 14.204 14.393 14.279 14.111 13.747 13.251 12.638 11.866 10.998 10.088 9.056 8.002 6.986 5.908 4.765 3.532 2.323 1.286 0.574 0.207 0.069 0.025 0.010 0.005 0.003 0.002 0.001 0.000 0.000 0.000 0.000 0.000 0.000 0.000 0.000 0.000 0.000 0.000 0.001 0.001 0.001 0.000 0.000 0.000 0.000 0.000 0.000 0.001 0.001 0.001 0.000 0.000 0.000 0.000 0.001 0.001 0.001 0.001 0.001 0.001 0.000 0.000 0.000 0.000 0.000 0.000 0.000 0.000 0.000 0.000 0.000 0.000 0.000 0.000 0.000 0.000
14.470 14.745 14.724 14.655 14.468 14.038 13.473 12.848 12.064 11.156 10.174 9.154 8.142 7.120 5.997 4.773 3.427 2.144 1.125 0.480 0.172 0.060 0.023 0.010 0.005 0.003 0.001 0.001 0.000 0.000 0.000 0.000 0.000 0.000 0.000 0.000 0.000 0.000 0.000 0.001 0.001 0.001 0.001 0.000 0.000 0.000 0.000 0.000 0.001 0.001 0.001 0.001 0.001 0.001 0.001 0.001 0.001 0.001 0.001 0.001 0.001 0.001 0.000 0.000 0.000 0.000 0.000 0.000 0.000 0.000 0.000 0.000 0.000 0.000 0.000 0.000 0.000
14.994 14.973 14.963 14.888 14.775 14.427 13.861 13.176 12.320 11.338 10.312 9.307 8.301 7.221 6.035 4.733 3.288 1.980 1.002 0.418 0.152 0.055 0.022 0.009 0.004 0.002 0.001 0.001 0.000 0.000 0.000 0.000 0.000 0.000 0.000 0.000 0.000 0.000 0.000 0.001 0.001 0.001 0.001 0.000 0.000 0.001 0.000 0.000 0.001 0.001 0.001 0.001 0.001 0.001 0.001 0.001 0.001 0.001 0.001 0.001 0.001 0.001 0.001 0.000 0.000 0.000 0.000 0.000 0.000 0.000 0.000 0.000 0.000 0.000 0.000 0.000 0.000
15.097 15.054 15.062 15.007 14.940 14.691 14.234 13.559 12.648 11.587 10.497 9.428 8.357 7.232 6.006 4.629 3.115 1.814 0.892 0.366 0.135 0.050 0.020 0.008 0.004 0.002 0.001 0.000 0.000 0.000 0.000 0.000 0.000 0.000 0.000 0.000 0.000 0.000 0.001 0.001 0.001 0.001 0.000 0.000 0.000 0.000 0.000 0.000 0.001 0.001 0.001 0.001 0.001 0.001 0.001 0.001 0.001 0.001 0.001 0.001 0.001 0.001 0.001 0.001 0.000 0.000 0.000 0.000 0.000 0.000 0.000 0.000 0.000 0.000 0.000 0.000 0.000
15.101 15.060 15.025 15.040 15.005 14.855 14.460 13.829 12.949 11.843 10.654 9.525 8.402 7.217 5.923 4.456 2.908 1.645 0.785 0.314 0.115 0.042 0.016 0.006 0.002 0.001 0.001 0.000 0.000 0.000 0.000 0.000 0.000 0.000 0.000 0.000 0.000 0.000 0.001 0.001 0.001 0.001 0.000 0.000 0.000 0.000 0.000 0.000 0.001 0.001 0.001 0.001 0.001 0.001 0.001 0.001 0.001 0.001 0.001 0.001 0.001 0.001 0.001 0.001 0.001 0.000 0.000 0.000 0.000 0.000 0.000 0.000 0.000 0.000 0.000 0.000 0.000
15.073 15.048 14.989 15.034 15.007 14.897 14.543 13.956 13.077 11.954 10.705 9.478 8.301 7.075 5.730 4.201 2.663 1.454 0.662 0.250 0.085 0.029 0.010 0.003 0.001 0.001 0.001 0.001 0.000 0.000 0.000 0.000 0.000 0.000 0.000 0.000 0.000 0.000 0.001 0.001 0.001 0.001 0.000 0.000 0.000 0.000 0.001 0.000 0.001 0.001 0.001 0.001 0.001 0.001 0.001 0.001 0.001 0.001 0.001 0.001 0.001 0.001 0.001 0.001 0.001 0.001 0.000 0.000 0.000 0.000 0.000 0.000 0.000 0.000 0.000 0.000 0.000
14.979 14.885 14.797 14.831 14.803 14.722 14.457 13.920 13.055 11.928 10.661 9.339 8.056 6.739 5.317 3.754 2.284 1.167 0.480 0.157 0.045 0.013 0.004 0.001 0.001 0.001 0.001 0.001 0.001 0.000 0.000 0.000 0.000 0.000 0.000 0.000 0.000 0.000 0.000 0.000 0.000 0.000 0.000 0.000 0.000 0.000 0.000 0.000 0.000 0.001 0.001 0.001 0.001 0.001 0.001 0.001 0.001 0.001 0.001 0.001 0.001 0.001 0.001 0.001 0.001 0.001 0.001 0.000 0.000 0.000 0.000 0.000 0.000 0.000 0.000 0.000 0.000
