RESULTS/r.avaflow_results/13_results/13_ascii/13_hflow0007.asc
ncols 506
nrows 317
xllcenter 498237.50
yllcenter 5580050.00
cellsize 12.50
NODATA_value -9999.000
[rows 238 to 271 of 317, columns 77 to 153 of 506]
25.576 25.972 26.283 26.491 26.716 26.678 26.533 26.170 25.222 23.905 22.278 20.313 18.271 16.140 13.990 11.916 9.932 8.084 6.371 5.055 4.454 4.405 4.847 5.836 6.741 7.213 7.336 7.264 6.908 6.199 5.167 4.072 3.360 3.076 3.037 3.144 3.376 3.444 3.309 2.871 2.045 1.042 0.453 0.213 0.137 0.113 0.102 0.099 0.101 0.144 0.296 0.417 0.427 0.392 0.334 0.247 0.144 0.070 0.029 0.011 0.004 0.001 0.001 0.001 0.001 0.001 0.001 0.001 0.000 0.000 0.000 0.000 0.000 0.000 0.000 0.000 0.000
24.863 25.071 25.223 25.333 25.470 25.403 25.268 24.909 24.019 22.680 20.955 18.772 16.346 13.875 11.550 9.405 7.373 5.516 3.998 3.108 2.882 3.105 3.883 5.183 6.432 7.152 7.350 7.295 7.023 6.527 5.855 4.849 3.925 3.513 3.427 3.503 3.629 3.586 3.284 2.646 1.636 0.769 0.350 0.192 0.140 0.117 0.106 0.102 0.102 0.116 0.225 0.395 0.431 0.398 0.324 0.206 0.101 0.042 0.016 0.005 0.002 0.001 0.001 0.001 0.001 0.001 0.001 0.001 0.001 0.000 0.000 0.000 0.000 0.000 0.000 0.000 0.000
23.860 23.929 23.901 23.816 23.739 23.586 23.363 22.887 22.048 20.666 18.782 16.371 13.512 10.728 8.299 6.252 4.499 3.062 2.120 1.766 1.810 2.249 3.162 4.509 5.951 6.880 7.167 7.134 6.941 6.652 6.311 5.665 4.727 4.115 3.897 3.842 3.787 3.604 3.140 2.287 1.231 0.575 0.294 0.191 0.149 0.128 0.117 0.112 0.110 0.113 0.157 0.303 0.385 0.367 0.276 0.144 0.061 0.024 0.008 0.003 0.001 0.001 0.001 0.001 0.001 0.001 0.001 0.001 0.001 0.001 0.000 0.000 0.000 0.000 0.000 0.000 0.000
22.484 22.397 22.257 21.994 21.668 21.321 20.889 20.205 19.216 17.763 15.697 12.999 9.920 7.294 5.246 3.615 2.332 1.467 1.081 1.052 1.264 1.793 2.660 3.865 5.227 6.177 6.521 6.546 6.529 6.563 6.483 6.151 5.491 4.809 4.372 4.088 3.834 3.463 2.802 1.777 0.897 0.456 0.274 0.202 0.166 0.147 0.137 0.132 0.130 0.128 0.140 0.209 0.278 0.275 0.197 0.092 0.037 0.013 0.004 0.001 0.001 0.001 0.001 0.001 0.001 0.001 0.001 0.001 0.001 0.001 0.001 0.000 0.000 0.000 0.000 0.000 0.000
20.670 20.499 20.249 19.791 19.218 18.580 17.829 16.870 15.601 13.963 11.783 9.129 6.573 4.521 2.921 1.749 1.007 0.670 0.620 0.747 1.062 1.582 2.324 3.282 4.280 4.971 5.252 5.356 5.602 6.130 6.388 6.306 5.964 5.363 4.722 4.200 3.717 3.104 2.221 1.275 0.685 0.399 0.279 0.223 0.194 0.178 0.170 0.167 0.165 0.162 0.157 0.171 0.193 0.193 0.139 0.060 0.022 0.007 0.002 0.001 0.001 0.001 0.001 0.001 0.001 0.001 0.001 0.001 0.001 0.001 0.001 0.001 0.000 0.000 0.000 0.000 0.000
18.409 18.189 17.778 17.165 16.347 15.384 14.275 13.023 11.612 9.961 7.995 5.828 3.916 2.400 1.326 0.678 0.392 0.340 0.421 0.637 0.992 1.483 2.092 2.709 3.186 3.429 3.496 3.568 4.033 5.163 6.063 6.294 6.176 5.735 4.999 4.244 3.480 2.604 1.704 1.002 0.585 0.382 0.294 0.252 0.231 0.221 0.217 0.216 0.214 0.206 0.181 0.156 0.145 0.135 0.091 0.036 0.012 0.004 0.001 0.001 0.001 0.001 0.001 0.001 0.001 0.001 0.001 0.001 0.001 0.001 0.001 0.001 0.001 0.000 0.000 0.000 0.000
15.777 15.437 14.857 14.058 13.028 11.876 10.675 9.439 8.097 6.577 4.872 3.230 1.915 0.997 0.458 0.219 0.163 0.196 0.326 0.576 0.951 1.424 1.870 2.161 2.267 2.191 2.083 2.101 2.580 3.939 5.444 6.115 6.185 5.895 5.201 4.299 3.294 2.285 1.458 0.889 0.559 0.393 0.317 0.286 0.272 0.266 0.263 0.261 0.255 0.235 0.192 0.143 0.112 0.088 0.051 0.019 0.006 0.002 0.001 0.001 0.001 0.001 0.001 0.001 0.001 0.001 0.001 0.001 0.001 0.001 0.001 0.001 0.000 0.000 0.000 0.000 0.000
12.689 12.207 11.526 10.675 9.670 8.600 7.498 6.316 5.033 3.688 2.407 1.389 0.692 0.295 0.120 0.070 0.073 0.123 0.259 0.513 0.908 1.333 1.584 1.648 1.559 1.333 1.196 1.250 1.748 3.007 4.667 5.656 5.967 5.854 5.291 4.347 3.144 2.090 1.338 0.854 0.574 0.424 0.352 0.323 0.312 0.307 0.302 0.295 0.279 0.245 0.187 0.127 0.084 0.053 0.026 0.009 0.003 0.001 0.001 0.001 0.001 0.001 0.001 0.001 0.001 0.001 0.001 0.001 0.001 0.001 0.001 0.000 0.000 0.000 0.000 0.000 0.000
9.587 9.115 8.474 7.674 6.748 5.730 4.662 3.556 2.479 1.555 0.855 0.406 0.167 0.063 0.029 0.023 0.033 0.075 0.188 0.422 0.801 1.100 1.192 1.153 0.992 0.757 0.671 0.754 1.232 2.343 3.971 5.124 5.591 5.638 5.285 4.358 3.025 1.959 1.276 0.863 0.625 0.489 0.415 0.379 0.362 0.351 0.340 0.323 0.290 0.236 0.164 0.098 0.054 0.027 0.012 0.004 0.001 0.001 0.001 0.001 0.001 0.001 0.001 0.001 0.001 0.001 0.001 0.001 0.001 0.001 0.001 0.000 0.000 0.000 0.000 0.000 0.000
6.870 6.473 5.891 5.118 4.195 3.224 2.311 1.500 0.860 0.433 0.192 0.078 0.030 0.012 0.007 0.007 0.014 0.038 0.106 0.269 0.540 0.699 0.722 0.686 0.551 0.399 0.367 0.470 0.893 1.823 3.365 4.756 5.381 5.463 5.188 4.310 2.941 1.889 1.251 0.893 0.698 0.587 0.519 0.476 0.446 0.420 0.390 0.346 0.281 0.196 0.115 0.059 0.028 0.012 0.004 0.001 0.001 0.001 0.001 0.001 0.001 0.001 0.001 0.001 0.001 0.001 0.001 0.001 0.001 0.000 0.000 0.000 0.000 0.000 0.000 0.000 0.000
4.491 4.165 3.663 2.976 2.158 1.415 0.833 0.424 0.189 0.078 0.032 0.013 0.005 0.002 0.002 0.002 0.005 0.015 0.044 0.115 0.247 0.329 0.349 0.334 0.259 0.191 0.194 0.306 0.659 1.403 2.753 4.360 5.189 5.307 5.026 4.194 2.910 1.875 1.241 0.897 0.724 0.638 0.593 0.564 0.536 0.501 0.447 0.363 0.249 0.142 0.071 0.032 0.013 0.005 0.001 0.001 0.001 0.001 0.001 0.001 0.001 0.001 0.001 0.001 0.001 0.001 0.001 0.001 0.000 0.000 0.000 0.000 0.000 0.000 0.000 0.000 0.000
2.481 2.285 1.944 1.452 0.890 0.469 0.213 0.086 0.032 0.012 0.005 0.002 0.001 0.001 0.001 0.001 0.002 0.005 0.014 0.039 0.087 0.124 0.135 0.130 0.100 0.082 0.100 0.205 0.490 1.075 2.169 3.820 4.896 5.098 4.861 4.139 2.992 1.926 1.233 0.863 0.701 0.636 0.608 0.591 0.575 0.543 0.476 0.362 0.215 0.107 0.047 0.018 0.006 0.002 0.001 0.001 0.000 0.000 0.000 0.001 0.001 0.001 0.001 0.001 0.001 0.001 0.001 0.000 0.000 0.000 0.000 0.000 0.000 0.000 0.001 0.000 0.000
1.086 1.020 0.853 0.584 0.305 0.132 0.049 0.017 0.006 0.002 0.001 0.001 0.001 0.001 0.001 0.001 0.001 0.001 0.004 0.010 0.024 0.037 0.042 0.041 0.033 0.032 0.054 0.143 0.372 0.842 1.705 3.159 4.416 4.819 4.725 4.219 3.274 2.139 1.281 0.796 0.597 0.556 0.558 0.572 0.570 0.546 0.477 0.347 0.183 0.079 0.029 0.009 0.003 0.001 0.001 0.000 0.000 0.000 0.000 0.000 0.001 0.001 0.001 0.001 0.001 0.001 0.001 0.000 0.000 0.000 0.000 0.000 0.000 0.000 0.001 0.000 0.000
0.347 0.347 0.304 0.205 0.097 0.037 0.012 0.004 0.001 0.001 0.001 0.001 0.001 0.001 0.001 0.001 0.001 0.001 0.001 0.002 0.006 0.009 0.010 0.010 0.010 0.014 0.034 0.105 0.294 0.695 1.420 2.638 3.933 4.568 4.649 4.413 3.737 2.575 1.435 0.746 0.435 0.360 0.379 0.443 0.485 0.481 0.427 0.298 0.140 0.051 0.015 0.004 0.001 0.001 0.000 0.000 0.000 0.000 0.000 0.000 0.000 0.001 0.001 0.001 0.001 0.001 0.001 0.000 0.000 0.000 0.000 0.000 0.000 0.000 0.001 0.000 0.000
0.087 0.095 0.092 0.067 0.030 0.011 0.003 0.001 0.001 0.001 0.001 0.001 0.001 0.001 0.001 0.001 0.001 0.001 0.001 0.001 0.001 0.002 0.002 0.002 0.003 0.008 0.025 0.081 0.241 0.607 1.272 2.352 3.625 4.406 4.644 4.562 4.056 2.953 1.585 0.720 0.313 0.175 0.157 0.197 0.260 0.283 0.265 0.184 0.076 0.023 0.006 0.002 0.001 0.001 0.000 0.000 0.000 0.000 0.000 0.000 0.000 0.000 0.001 0.001 0.001 0.001 0.001 0.001 0.000 0.000 0.000 0.000 0.000 0.000 0.001 0.000 0.000
0.017 0.023 0.024 0.020 0.009 0.003 0.001 0.001 0.001 0.001 0.001 0.001 0.001 0.001 0.001 0.001 0.001 0.001 0.001 0.001 0.001 0.001 0.001 0.001 0.002 0.005 0.019 0.066 0.206 0.554 1.206 2.237 3.481 4.320 4.650 4.616 4.180 3.109 1.617 0.668 0.232 0.084 0.053 0.056 0.079 0.092 0.091 0.068 0.027 0.007 0.002 0.001 0.001 0.001 0.000 0.000 0.000 0.000 0.000 0.000 0.000 0.000 0.001 0.001 0.001 0.001 0.001 0.001 0.001 0.000 0.000 0.000 0.000 0.000 0.001 0.000 0.000
0.002 0.004 0.005 0.005 0.003 0.001 0.001 0.001 0.001 0.001 0.001 0.001 0.001 0.001 0.001 0.001 0.001 0.001 0.001 0.001 0.000 0.000 0.001 0.001 0.001 0.004 0.015 0.055 0.182 0.520 1.181 2.218 3.454 4.314 4.677 4.653 4.198 3.098 1.539 0.567 0.163 0.041 0.016 0.014 0.019 0.023 0.024 0.019 0.008 0.002 0.001 0.001 0.001 0.001 0.001 0.000 0.000 0.000 0.000 0.000 0.000 0.000 0.000 0.001 0.001 0.001 0.000 0.001 0.001 0.000 0.001 0.000 0.000 0.000 0.000 0.000 0.000
0.001 0.001 0.001 0.001 0.001 0.001 0.001 0.001 0.001 0.001 0.001 0.001 0.001 0.001 0.001 0.001 0.001 0.001 0.001 0.001 0.000 0.000 0.000 0.000 0.001 0.003 0.012 0.046 0.163 0.491 1.169 2.249 3.492 4.350 4.714 4.673 4.142 2.905 1.325 0.426 0.104 0.022 0.006 0.004 0.004 0.005 0.006 0.005 0.002 0.001 0.001 0.001 0.001 0.001 0.001 0.000 0.000 0.000 0.000 0.000 0.000 0.000 0.000 0.000 0.000 0.000 0.000 0.000 0.000 0.000 0.000 0.001 0.000 0.000 0.000 0.000 0.000
0.001 0.001 0.001 0.001 0.001 0.000 0.000 0.000 0.001 0.001 0.001 0.001 0.001 0.001 0.001 0.001 0.001 0.001 0.001 0.001 0.000 0.000 0.000 0.000 0.001 0.002 0.008 0.037 0.142 0.455 1.143 2.276 3.531 4.360 4.694 4.616 3.964 2.538 1.027 0.293 0.066 0.013 0.002 0.001 0.001 0.002 0.002 0.002 0.001 0.001 0.001 0.001 0.001 0.001 0.001 0.001 0.001 0.000 0.000 0.000 0.000 0.000 0.000 0.000 0.000 0.001 0.000 0.000 0.000 0.000 0.000 0.000 0.000 0.000 0.000 0.000 0.000
0.001 0.000 0.000 0.000 0.000 0.000 0.000 0.000 0.000 0.001 0.001 0.001 0.001 0.001 0.001 0.001 0.001 0.001 0.001 0.001 0.001 0.000 0.000 0.000 0.000 0.001 0.005 0.026 0.113 0.390 1.055 2.228 3.512 4.289 4.546 4.401 3.613 2.068 0.746 0.196 0.042 0.008 0.002 0.001 0.001 0.001 0.001 0.001 0.001 0.001 0.001 0.001 0.001 0.001 0.001 0.001 0.001 0.001 0.000 0.000 0.000 0.000 0.000 0.000 0.000 0.000 0.000 0.000 0.000 0.000 0.000 0.001 0.000 0.000 0.000 0.000 0.000
0.001 0.000 0.000 0.000 0.000 0.000 0.000 0.000 0.000 0.000 0.000 0.001 0.001 0.001 0.001 0.001 0.001 0.001 0.001 0.001 0.001 0.000 0.000 0.000 0.000 0.001 0.002 0.012 0.064 0.267 0.837 1.982 3.306 4.018 4.176 3.941 3.055 1.539 0.505 0.125 0.026 0.005 0.001 0.001 0.001 0.001 0.001 0.001 0.001 0.001 0.001 0.001 0.001 0.001 0.001 0.001 0.001 0.001 0.001 0.000 0.000 0.000 0.000 0.000 0.000 0.000 0.000 0.000 0.000 0.000 0.000 0.000 0.000 0.000 0.000 0.000 0.000
0.001 0.001 0.000 0.000 0.000 0.000 0.000 0.000 0.000 0.000 0.000 0.000 0.001 0.001 0.001 0.001 0.001 0.001 0.001 0.001 0.001 0.001 0.000 0.000 0.000 0.000 0.001 0.003 0.020 0.105 0.452 1.375 2.693 3.392 3.503 3.212 2.318 1.030 0.311 0.073 0.014 0.003 0.001 0.001 0.001 0.001 0.001 0.001 0.001 0.001 0.001 0.001 0.001 0.001 0.001 0.001 0.001 0.001 0.001 0.001 0.000 0.000 0.000 0.000 0.000 0.000 0.000 0.000 0.000 0.001 0.000 0.000 0.000 0.000 0.000 0.000 0.000
0.001 0.001 0.001 0.000 0.000 0.000 0.000 0.000 0.000 0.000 0.000 0.000 0.000 0.001 0.001 0.001 0.001 0.001 0.001 0.001 0.001 0.001 0.000 0.000 0.000 0.000 0.001 0.001 0.004 0.026 0.145 0.610 1.624 2.337 2.470 2.232 1.508 0.607 0.168 0.037 0.007 0.002 0.001 0.001 0.001 0.001 0.001 0.001 0.001 0.001 0.001 0.001 0.001 0.001 0.001 0.001 0.001 0.001 0.001 0.001 0.000 0.000 0.000 0.000 0.000 0.000 0.000 0.001 0.000 0.001 0.000 0.000 0.000 0.000 0.000 0.000 0.000
0.001 0.001 0.001 0.001 0.000 0.000 0.000 0.000 0.000 0.000 0.000 0.000 0.000 0.000 0.001 0.001 0.001 0.001 0.001 0.001 0.001 0.001 0.001 0.000 0.000 0.000 0.000 0.001 0.001 0.005 0.034 0.204 0.744 1.262 1.379 1.257 0.821 0.303 0.077 0.016 0.003 0.001 0.001 0.001 0.001 0.001 0.001 0.001 0.001 0.001 0.002 0.002 0.002 0.002 0.002 0.002 0.002 0.001 0.001 0.001 0.000 0.000 0.000 0.000 0.000 0.000 0.000 0.000 0.000 0.000 0.000 0.000 0.000 0.000 0.000 0.000 0.000
0.000 0.001 0.001 0.001 0.001 0.000 0.000 0.000 0.000 0.000 0.000 0.000 0.000 0.000 0.000 0.000 0.001 0.001 0.001 0.001 0.001 0.001 0.001 0.000 0.000 0.000 0.000 0.000 0.001 0.001 0.007 0.057 0.289 0.580 0.658 0.604 0.380 0.126 0.029 0.006 0.001 0.001 0.001 0.001 0.001 0.001 0.001 0.001 0.001 0.002 0.003 0.003 0.004 0.004 0.004 0.003 0.002 0.001 0.001 0.001 0.001 0.000 0.000 0.000 0.000 0.000 0.000 0.000 0.000 0.000 0.000 0.000 0.000 0.000 0.000 0.000 0.000
0.000 0.000 0.001 0.001 0.001 0.001 0.000 0.000 0.000 0.000 0.000 0.000 0.000 0.000 0.000 0.000 0.000 0.000 0.001 0.001 0.001 0.001 0.000 0.001 0.000 0.000 0.000 0.000 0.000 0.001 0.002 0.016 0.101 0.233 0.273 0.250 0.149 0.044 0.009 0.002 0.001 0.001 0.001 0.001 0.001 0.001 0.001 0.002 0.002 0.003 0.004 0.005 0.005 0.005 0.004 0.003 0.002 0.001 0.001 0.001 0.001 0.000 0.000 0.000 0.000 0.000 0.000 0.000 0.000 0.000 0.000 0.000 0.000 0.000 0.000 0.000 0.000
0.000 0.000 0.000 0.001 0.000 0.000 0.000 0.000 0.000 0.000 0.000 0.000 0.000 0.000 0.000 0.000 0.000 0.000 0.000 0.000 0.001 0.001 0.001 0.000 0.000 0.000 0.000 0.000 0.000 0.000 0.001 0.005 0.035 0.085 0.100 0.089 0.049 0.013 0.003 0.001 0.001 0.001 0.001 0.001 0.001 0.001 0.002 0.003 0.004 0.005 0.006 0.006 0.006 0.005 0.005 0.003 0.002 0.001 0.001 0.001 0.001 0.001 0.000 0.000 0.000 0.000 0.000 0.000 0.000 0.000 0.000 0.000 0.000 0.000 0.000 0.000 0.000
0.000 0.000 0.000 0.000 0.000 0.000 0.001 0.000 0.000 0.000 0.000 0.000 0.000 0.000 0.000 0.000 0.000 0.000 0.000 0.000 0.000 0.000 0.001 0.000 0.000 0.000 0.000 0.000 0.000 0.000 0.001 0.002 0.012 0.028 0.032 0.027 0.013 0.003 0.001 0.001 0.001 0.001 0.001 0.001 0.001 0.002 0.003 0.004 0.005 0.006 0.006 0.006 0.006 0.006 0.005 0.003 0.002 0.001 0.001 0.001 0.001 0.001 0.001 0.000 0.000 0.000 0.000 0.000 0.000 0.000 0.000 0.000 0.000 0.000 0.000 0.000 0.000
0.000 0.000 0.000 0.000 0.000 0.000 0.001 0.000 0.000 0.000 0.000 0.000 0.000 0.000 0.000 0.000 0.000 0.000 0.000 0.000 0.000 0.000 0.000 0.000 0.000 0.000 0.000 0.000 0.000 0.000 0.000 0.001 0.004 0.008 0.009 0.007 0.003 0.001 0.001 0.001 0.001 0.001 0.001 0.001 0.002 0.003 0.005 0.005 0.006 0.006 0.006 0.006 0.006 0.005 0.004 0.003 0.002 0.001 0.001 0.001 0.001 0.001 0.001 0.001 0.000 0.000 0.000 0.000 0.000 0.000 0.000 0.000 0.000 0.000 0.000 0.000 0.000
0.000 0.000 0.000 0.000 0.000 0.000 0.000 0.000 0.000 0.000 0.000 0.000 0.000 0.000 0.000 0.000 0.000 0.000 0.000 0.000 0.000 0.000 0.000 0.000 0.000 0.000 0.000 0.000 0.000 0.000 0.000 0.001 0.001 0.002 0.002 0.002 0.001 0.001 0.001 0.001 0.001 0.001 0.001 0.002 0.003 0.004 0.005 0.006 0.006 0.006 0.006 0.006 0.005 0.004 0.003 0.002 0.001 0.001 0.001 0.001 0.001 0.001 0.001 0.001 0.001 0.000 0.000 0.000 0.000 0.000 0.000 0.000 0.000 0.000 0.000 0.000 0.000
0.000 0.000 0.000 0.000 0.000 0.000 0.000 0.000 0.000 0.000 0.000 0.000 0.000 0.000 0.000 0.000 0.000 0.000 0.000 0.000 0.000 0.000 0.000 0.000 0.000 0.000 0.000 0.000 0.000 0.000 0.000 0.000 0.001 0.001 0.001 0.001 0.001 0.001 0.001 0.001 0.001 0.001 0.001 0.002 0.003 0.005 0.005 0.006 0.006 0.006 0.005 0.005 0.004 0.003 0.002 0.001 0.001 0.001 0.001 0.001 0.001 0.001 0.001 0.001 0.001 0.001 0.000 0.000 0.000 0.000 0.000 0.000 0.000 0.000 0.000 0.000 0.000
0.000 0.000 0.000 0.000 0.000 0.000 0.000 0.000 0.000 0.000 0.000 0.000 0.000 0.000 0.000 0.000 0.000 0.000 0.000 0.000 0.000 0.000 0.000 0.000 0.000 0.000 0.000 0.000 0.000 0.000 0.000 0.000 0.000 0.001 0.001 0.001 0.001 0.001 0.001 0.001 0.001 0.001 0.002 0.003 0.004 0.004 0.005 0.005 0.005 0.005 0.004 0.004 0.003 0.002 0.001 0.001 0.001 0.001 0.001 0.001 0.001 0.001 0.001 0.001 0.001 0.001 0.001 0.000 0.000 0.000 0.000 0.000 0.000 0.000 0.000 0.000 0.000
0.000 0.000 0.000 0.000 0.000 0.000 0.000 0.000 0.000 0.000 0.000 0.001 0.000 0.000 0.000 0.000 0.000 0.000 0.000 0.000 0.000 0.000 0.000 0.000 0.000 0.000 0.000 0.000 0.000 0.000 0.000 0.000 0.000 0.000 0.000 0.001 0.001 0.001 0.001 0.001 0.001 0.002 0.002 0.003 0.004 0.004 0.004 0.004 0.004 0.004 0.003 0.003 0.002 0.002 0.001 0.001 0.001 0.001 0.001 0.001 0.001 0.001 0.001 0.001 0.001 0.001 0.001 0.001 0.000 0.000 0.000 0.000 0.000 0.000 0.000 0.000 0.000
0.000 0.000 0.000 0.000 0.000 0.000 0.000 0.000 0.000 0.000 0.000 0.000 0.000 0.000 0.000 0.000 0.000 0.000 0.000 0.000 0.000 0.000 0.000 0.000 0.000 0.000 0.000 0.000 0.000 0.000 0.000 0.000 0.000 0.000 0.000 0.000 0.001 0.001 0.001 0.002 0.002 0.002 0.003 0.003 0.003 0.003 0.003 0.003 0.003 0.003 0.003 0.003 0.002 0.002 0.001 0.001 0.001 0.001 0.001 0.001 0.001 0.001 0.001 0.001 0.001 0.001 0.001 0.001 0.001 0.000 0.000 0.000 0.000 0.000 0.000 0.000 0.000
