RESULTS/r.avaflow_results/13_results/13_ascii/13_hflow10044.asc
ncols 506
nrows 317
xllcenter 498237.50
yllcenter 5580050.00
cellsize 12.50
NODATA_value -9999.000
[rows 170 to 203 of 317, columns 154 to 230 of 506]
12.695 11.209 9.836 8.589 7.488 6.511 5.652 4.912 4.261 3.689 3.187 2.741 2.347 2.001 1.693 1.422 1.185 0.977 0.795 0.638 0.503 0.388 0.293 0.216 0.157 0.116 0.089 0.073 0.064 0.059 0.057 0.056 0.056 0.056 0.056 0.056 0.057 0.059 0.059 0.058 0.056 0.052 0.050 0.047 0.044 0.041 0.036 0.030 0.024 0.018 0.013 0.009 0.007 0.006 0.005 0.004 0.004 0.004 0.004 0.004 0.004 0.004 0.003 0.003 0.003 0.003 0.004 0.004 0.006 0.010 0.019 0.026 0.028 0.028 0.025 0.018 0.010
13.935 12.420 10.986 9.657 8.462 7.406 6.460 5.634 4.901 4.256 3.689 3.187 2.740 2.345 1.991 1.677 1.400 1.157 0.944 0.759 0.598 0.461 0.347 0.255 0.184 0.132 0.097 0.076 0.065 0.061 0.061 0.062 0.063 0.063 0.062 0.061 0.060 0.060 0.060 0.058 0.054 0.050 0.046 0.043 0.039 0.034 0.027 0.019 0.013 0.008 0.006 0.004 0.003 0.003 0.003 0.002 0.003 0.003 0.003 0.003 0.003 0.003 0.002 0.002 0.002 0.002 0.002 0.003 0.004 0.007 0.014 0.021 0.026 0.027 0.026 0.022 0.015
14.901 13.378 11.891 10.518 9.260 8.142 7.128 6.238 5.446 4.742 4.118 3.571 3.081 2.642 2.250 1.901 1.591 1.321 1.083 0.876 0.697 0.542 0.411 0.302 0.216 0.152 0.107 0.079 0.065 0.060 0.060 0.062 0.063 0.063 0.063 0.061 0.059 0.058 0.056 0.053 0.048 0.041 0.036 0.031 0.025 0.019 0.013 0.008 0.005 0.003 0.003 0.002 0.002 0.002 0.002 0.002 0.002 0.002 0.002 0.002 0.002 0.002 0.002 0.002 0.002 0.002 0.002 0.002 0.003 0.005 0.010 0.017 0.023 0.025 0.026 0.024 0.020
15.567 14.042 12.552 11.167 9.875 8.722 7.688 6.744 5.909 5.154 4.489 3.900 3.370 2.895 2.473 2.094 1.755 1.459 1.198 0.974 0.780 0.613 0.471 0.353 0.256 0.179 0.123 0.087 0.067 0.059 0.057 0.058 0.060 0.060 0.059 0.057 0.054 0.051 0.048 0.042 0.033 0.024 0.018 0.014 0.010 0.007 0.005 0.003 0.002 0.002 0.001 0.001 0.001 0.001 0.001 0.001 0.001 0.002 0.002 0.002 0.002 0.002 0.001 0.001 0.001 0.001 0.001 0.002 0.002 0.004 0.006 0.012 0.020 0.024 0.026 0.025 0.023
15.946 14.424 12.972 11.606 10.335 9.170 8.117 7.154 6.292 5.508 4.800 4.179 3.614 3.105 2.657 2.249 1.887 1.572 1.292 1.053 0.847 0.670 0.520 0.394 0.292 0.209 0.146 0.100 0.073 0.059 0.053 0.051 0.051 0.051 0.049 0.046 0.042 0.037 0.032 0.024 0.016 0.011 0.007 0.005 0.004 0.003 0.002 0.001 0.001 0.001 0.001 0.001 0.001 0.001 0.001 0.001 0.001 0.001 0.001 0.001 0.001 0.001 0.001 0.001 0.001 0.001 0.001 0.001 0.002 0.002 0.004 0.008 0.015 0.022 0.025 0.025 0.024
16.095 14.601 13.196 11.867 10.622 9.484 8.434 7.472 6.585 5.778 5.040 4.389 3.797 3.262 2.795 2.368 1.990 1.658 1.365 1.114 0.897 0.713 0.556 0.425 0.318 0.233 0.166 0.117 0.083 0.063 0.051 0.044 0.040 0.036 0.032 0.027 0.023 0.019 0.015 0.011 0.007 0.005 0.003 0.002 0.002 0.001 0.001 0.001 0.001 0.001 0.001 0.001 0.001 0.001 0.001 0.001 0.001 0.001 0.001 0.001 0.001 0.001 0.001 0.001 0.001 0.001 0.001 0.001 0.001 0.002 0.003 0.005 0.011 0.019 0.023 0.025 0.024
16.131 14.660 13.294 12.009 10.797 9.681 8.640 7.678 6.790 5.974 5.226 4.543 3.931 3.378 2.889 2.447 2.059 1.714 1.411 1.152 0.928 0.739 0.579 0.444 0.334 0.247 0.179 0.128 0.092 0.067 0.050 0.038 0.029 0.022 0.016 0.012 0.010 0.008 0.007 0.005 0.003 0.002 0.002 0.001 0.001 0.001 0.001 0.001 0.001 0.001 0.001 0.001 0.001 0.001 0.001 0.001 0.001 0.001 0.001 0.001 0.001 0.001 0.001 0.001 0.001 0.001 0.001 0.001 0.001 0.001 0.002 0.004 0.007 0.014 0.020 0.023 0.023
16.106 14.687 13.339 12.064 10.892 9.806 8.776 7.813 6.925 6.107 5.349 4.650 4.020 3.451 2.945 2.495 2.095 1.742 1.434 1.169 0.942 0.750 0.589 0.453 0.342 0.253 0.184 0.133 0.095 0.068 0.048 0.032 0.020 0.012 0.007 0.005 0.004 0.004 0.003 0.002 0.002 0.001 0.001 0.001 0.001 0.001 0.001 0.001 0.001 0.001 0.001 0.001 0.001 0.001 0.001 0.001 0.001 0.001 0.001 0.001 0.001 0.001 0.001 0.001 0.001 0.001 0.001 0.001 0.001 0.001 0.002 0.003 0.005 0.010 0.016 0.020 0.022
16.032 14.628 13.307 12.063 10.936 9.869 8.857 7.919 7.027 6.214 5.446 4.735 4.093 3.509 2.986 2.522 2.106 1.748 1.437 1.170 0.944 0.752 0.590 0.455 0.343 0.254 0.184 0.132 0.093 0.063 0.040 0.022 0.011 0.006 0.003 0.002 0.002 0.002 0.001 0.001 0.001 0.001 0.001 0.001 0.001 0.001 0.001 0.001 0.001 0.001 0.001 0.001 0.001 0.001 0.001 0.001 0.001 0.001 0.001 0.001 0.001 0.001 0.001 0.001 0.001 0.001 0.001 0.001 0.001 0.001 0.002 0.002 0.004 0.007 0.012 0.017 0.019
15.857 14.510 13.237 12.024 10.923 9.886 8.914 8.016 7.131 6.323 5.545 4.827 4.174 3.568 3.024 2.543 2.116 1.748 1.433 1.163 0.937 0.747 0.587 0.452 0.340 0.249 0.177 0.120 0.078 0.046 0.024 0.011 0.005 0.003 0.002 0.001 0.001 0.001 0.001 0.001 0.001 0.001 0.001 0.001 0.001 0.001 0.001 0.001 0.001 0.001 0.001 0.001 0.001 0.001 0.002 0.002 0.001 0.001 0.001 0.001 0.001 0.001 0.001 0.001 0.001 0.001 0.001 0.001 0.001 0.001 0.001 0.002 0.003 0.005 0.008 0.013 0.016
15.522 14.257 13.053 11.915 10.860 9.881 8.967 8.102 7.234 6.424 5.651 4.931 4.261 3.632 3.066 2.565 2.122 1.742 1.420 1.146 0.918 0.729 0.571 0.437 0.325 0.231 0.151 0.089 0.045 0.021 0.009 0.004 0.002 0.001 0.001 0.001 0.001 0.001 0.001 0.001 0.001 0.001 0.001 0.001 0.001 0.001 0.001 0.001 0.001 0.001 0.002 0.002 0.002 0.002 0.002 0.002 0.002 0.002 0.001 0.001 0.001 0.001 0.001 0.001 0.001 0.001 0.001 0.001 0.001 0.001 0.001 0.002 0.002 0.004 0.006 0.009 0.013
14.998 13.827 12.736 11.695 10.739 9.841 8.994 8.183 7.371 6.572 5.787 5.039 4.338 3.688 3.100 2.583 2.127 1.734 1.398 1.114 0.878 0.684 0.523 0.390 0.278 0.181 0.099 0.044 0.017 0.007 0.003 0.002 0.001 0.001 0.001 0.001 0.001 0.001 0.001 0.001 0.001 0.001 0.001 0.001 0.001 0.001 0.001 0.001 0.001 0.002 0.002 0.002 0.003 0.003 0.003 0.003 0.002 0.002 0.002 0.001 0.001 0.001 0.001 0.001 0.001 0.001 0.001 0.001 0.001 0.001 0.001 0.001 0.002 0.003 0.005 0.007 0.010
14.327 13.272 12.288 11.371 10.540 9.741 8.985 8.240 7.483 6.706 5.886 5.094 4.365 3.706 3.112 2.586 2.120 1.712 1.359 1.057 0.795 0.570 0.391 0.258 0.160 0.086 0.037 0.014 0.005 0.002 0.001 0.001 0.001 0.001 0.001 0.001 0.001 0.001 0.001 0.001 0.001 0.001 0.001 0.001 0.001 0.001 0.001 0.001 0.002 0.002 0.003 0.003 0.004 0.004 0.004 0.004 0.003 0.003 0.002 0.002 0.001 0.001 0.001 0.001 0.001 0.001 0.001 0.001 0.001 0.001 0.001 0.001 0.002 0.003 0.004 0.006 0.008
13.525 12.575 11.702 10.921 10.234 9.572 8.928 8.255 7.533 6.765 5.918 5.098 4.356 3.698 3.101 2.558 2.069 1.628 1.228 0.872 0.561 0.317 0.166 0.088 0.046 0.022 0.009 0.004 0.002 0.001 0.001 0.001 0.001 0.001 0.001 0.001 0.001 0.001 0.001 0.001 0.001 0.001 0.001 0.001 0.001 0.001 0.001 0.002 0.002 0.003 0.004 0.005 0.006 0.006 0.006 0.006 0.005 0.004 0.003 0.002 0.002 0.001 0.001 0.001 0.001 0.001 0.001 0.001 0.001 0.001 0.001 0.001 0.002 0.003 0.004 0.005 0.007
12.684 11.783 10.992 10.313 9.750 9.233 8.727 8.163 7.491 6.742 5.899 5.044 4.266 3.584 2.960 2.374 1.815 1.297 0.828 0.449 0.209 0.089 0.039 0.019 0.009 0.005 0.002 0.001 0.001 0.001 0.001 0.001 0.001 0.001 0.001 0.001 0.001 0.001 0.001 0.001 0.001 0.001 0.001 0.001 0.001 0.001 0.002 0.002 0.003 0.005 0.008 0.009 0.010 0.010 0.010 0.009 0.007 0.005 0.004 0.003 0.002 0.002 0.001 0.001 0.001 0.001 0.001 0.001 0.001 0.001 0.001 0.001 0.002 0.003 0.004 0.005 0.007
11.830 10.948 10.166 9.491 8.948 8.479 8.047 7.587 7.031 6.382 5.599 4.716 3.820 3.032 2.344 1.707 1.111 0.616 0.286 0.114 0.041 0.016 0.008 0.004 0.003 0.002 0.001 0.001 0.001 0.001 0.001 0.001 0.001 0.001 0.001 0.001 0.001 0.001 0.001 0.001 0.001 0.001 0.001 0.001 0.001 0.002 0.003 0.004 0.007 0.011 0.015 0.018 0.019 0.019 0.017 0.013 0.010 0.007 0.005 0.004 0.003 0.002 0.002 0.001 0.001 0.001 0.001 0.001 0.001 0.001 0.001 0.001 0.002 0.003 0.004 0.005 0.007
10.944 10.024 9.159 8.341 7.618 6.994 6.485 6.020 5.540 5.005 4.348 3.511 2.526 1.682 1.063 0.639 0.345 0.153 0.056 0.019 0.008 0.004 0.002 0.002 0.001 0.001 0.001 0.001 0.001 0.001 0.001 0.001 0.001 0.001 0.001 0.001 0.001 0.001 0.001 0.001 0.001 0.002 0.002 0.002 0.003 0.003 0.005 0.009 0.016 0.026 0.033 0.037 0.038 0.035 0.028 0.021 0.015 0.011 0.008 0.006 0.004 0.003 0.002 0.002 0.001 0.001 0.001 0.001 0.001 0.001 0.001 0.001 0.002 0.003 0.004 0.006 0.009
9.870 8.824 7.827 6.816 5.769 4.807 4.023 3.386 2.861 2.391 1.917 1.401 0.876 0.488 0.259 0.136 0.065 0.027 0.010 0.005 0.003 0.002 0.001 0.001 0.001 0.001 0.001 0.001 0.001 0.001 0.001 0.001 0.001 0.001 0.001 0.001 0.002 0.002 0.002 0.002 0.003 0.003 0.004 0.005 0.006 0.009 0.014 0.026 0.044 0.061 0.071 0.074 0.068 0.054 0.040 0.029 0.022 0.016 0.012 0.009 0.006 0.004 0.003 0.002 0.002 0.001 0.001 0.001 0.001 0.001 0.001 0.001 0.002 0.003 0.005 0.008 0.013
8.487 7.328 6.213 5.082 3.937 2.903 2.051 1.420 0.994 0.705 0.493 0.317 0.181 0.095 0.050 0.026 0.013 0.007 0.004 0.002 0.002 0.001 0.001 0.001 0.001 0.001 0.001 0.001 0.001 0.001 0.001 0.002 0.002 0.002 0.002 0.003 0.003 0.004 0.004 0.005 0.007 0.008 0.010 0.013 0.018 0.026 0.045 0.077 0.107 0.125 0.130 0.114 0.088 0.064 0.047 0.035 0.027 0.021 0.016 0.012 0.008 0.006 0.004 0.003 0.002 0.002 0.001 0.001 0.001 0.001 0.001 0.001 0.002 0.003 0.006 0.010 0.016
6.836 5.634 4.471 3.372 2.381 1.538 0.904 0.502 0.283 0.169 0.105 0.064 0.038 0.022 0.013 0.008 0.005 0.003 0.002 0.002 0.002 0.001 0.001 0.001 0.001 0.001 0.002 0.002 0.002 0.002 0.003 0.003 0.004 0.005 0.006 0.007 0.008 0.010 0.014 0.017 0.022 0.028 0.036 0.046 0.061 0.088 0.138 0.189 0.214 0.207 0.175 0.132 0.095 0.069 0.051 0.039 0.030 0.024 0.018 0.014 0.010 0.007 0.005 0.004 0.002 0.002 0.001 0.001 0.001 0.001 0.001 0.001 0.002 0.003 0.006 0.011 0.017
4.915 3.687 2.638 1.786 1.109 0.615 0.306 0.146 0.074 0.043 0.029 0.021 0.015 0.011 0.007 0.005 0.004 0.003 0.002 0.002 0.002 0.002 0.002 0.002 0.002 0.002 0.003 0.003 0.004 0.005 0.007 0.009 0.012 0.014 0.018 0.022 0.028 0.037 0.049 0.062 0.079 0.099 0.122 0.148 0.184 0.239 0.301 0.328 0.308 0.254 0.188 0.135 0.097 0.071 0.053 0.040 0.032 0.025 0.019 0.014 0.010 0.007 0.005 0.004 0.003 0.002 0.001 0.001 0.001 0.001 0.001 0.001 0.002 0.003 0.006 0.010 0.017
2.738 1.811 1.141 0.665 0.348 0.167 0.079 0.041 0.025 0.019 0.016 0.014 0.012 0.010 0.007 0.005 0.004 0.003 0.003 0.002 0.002 0.002 0.002 0.003 0.003 0.005 0.007 0.010 0.013 0.018 0.024 0.032 0.041 0.051 0.062 0.077 0.101 0.133 0.169 0.207 0.246 0.288 0.324 0.353 0.381 0.408 0.422 0.403 0.344 0.261 0.189 0.136 0.098 0.072 0.054 0.041 0.032 0.025 0.019 0.014 0.010 0.007 0.005 0.004 0.002 0.002 0.001 0.001 0.001 0.001 0.001 0.001 0.001 0.002 0.004 0.008 0.014
1.062 0.609 0.325 0.162 0.078 0.041 0.026 0.020 0.018 0.017 0.016 0.015 0.014 0.012 0.009 0.006 0.005 0.004 0.004 0.003 0.003 0.003 0.004 0.006 0.010 0.015 0.023 0.035 0.050 0.067 0.088 0.113 0.142 0.174 0.210 0.257 0.323 0.394 0.461 0.512 0.542 0.543 0.529 0.513 0.500 0.487 0.465 0.419 0.346 0.259 0.188 0.136 0.098 0.072 0.054 0.041 0.032 0.024 0.018 0.013 0.009 0.006 0.004 0.003 0.002 0.001 0.001 0.001 0.001 0.001 0.001 0.001 0.001 0.001 0.002 0.005 0.009
0.263 0.135 0.069 0.037 0.024 0.020 0.019 0.019 0.020 0.020 0.020 0.020 0.019 0.016 0.013 0.010 0.008 0.006 0.006 0.006 0.006 0.008 0.012 0.020 0.034 0.056 0.088 0.132 0.184 0.241 0.304 0.374 0.445 0.517 0.592 0.681 0.775 0.836 0.845 0.805 0.740 0.667 0.607 0.564 0.532 0.502 0.468 0.416 0.343 0.257 0.187 0.135 0.098 0.071 0.053 0.040 0.030 0.021 0.015 0.010 0.007 0.005 0.003 0.002 0.001 0.001 0.001 0.001 0.001 0.001 0.001 0.001 0.001 0.001 0.001 0.002 0.004
0.052 0.029 0.019 0.016 0.017 0.019 0.023 0.027 0.030 0.032 0.033 0.032 0.030 0.025 0.020 0.017 0.014 0.013 0.013 0.013 0.016 0.024 0.043 0.076 0.130 0.210 0.323 0.459 0.595 0.724 0.848 0.970 1.079 1.163 1.224 1.252 1.233 1.164 1.050 0.920 0.793 0.688 0.615 0.566 0.530 0.495 0.455 0.402 0.328 0.246 0.178 0.127 0.091 0.066 0.048 0.034 0.024 0.016 0.010 0.006 0.004 0.003 0.002 0.001 0.001 0.001 0.001 0.000 0.000 0.000 0.000 0.000 0.000 0.001 0.001 0.001 0.002
0.013 0.011 0.012 0.015 0.020 0.027 0.038 0.048 0.055 0.058 0.058 0.056 0.050 0.042 0.037 0.034 0.033 0.033 0.034 0.039 0.053 0.088 0.161 0.281 0.454 0.685 0.970 1.240 1.450 1.600 1.698 1.747 1.752 1.729 1.674 1.584 1.451 1.281 1.099 0.933 0.793 0.682 0.602 0.546 0.497 0.447 0.394 0.333 0.261 0.192 0.137 0.097 0.069 0.048 0.034 0.023 0.015 0.009 0.006 0.004 0.002 0.002 0.001 0.001 0.001 0.000 0.000 0.000 0.000 0.000 0.000 0.000 0.000 0.000 0.001 0.001 0.001
0.007 0.009 0.013 0.020 0.030 0.047 0.068 0.085 0.095 0.099 0.099 0.095 0.085 0.077 0.075 0.079 0.086 0.093 0.102 0.125 0.188 0.320 0.543 0.856 1.244 1.662 2.038 2.270 2.355 2.352 2.289 2.191 2.081 1.967 1.837 1.684 1.502 1.296 1.098 0.928 0.783 0.662 0.560 0.475 0.397 0.322 0.251 0.188 0.133 0.092 0.065 0.047 0.034 0.025 0.017 0.011 0.007 0.005 0.003 0.002 0.001 0.001 0.001 0.000 0.000 0.000 0.000 0.000 0.000 0.000 0.000 0.000 0.000 0.000 0.000 0.001 0.001
0.007 0.011 0.019 0.032 0.052 0.080 0.113 0.138 0.153 0.159 0.160 0.155 0.148 0.149 0.163 0.192 0.226 0.257 0.301 0.398 0.595 0.930 1.388 1.880 2.319 2.635 2.812 2.869 2.829 2.720 2.555 2.359 2.182 2.021 1.863 1.697 1.509 1.297 1.089 0.907 0.744 0.594 0.457 0.334 0.233 0.158 0.106 0.071 0.048 0.033 0.025 0.019 0.014 0.011 0.008 0.005 0.004 0.002 0.002 0.001 0.001 0.001 0.000 0.000 0.000 0.000 0.000 0.000 0.000 0.000 0.000 0.000 0.000 0.000 0.000 0.000 0.000
0.009 0.016 0.030 0.052 0.084 0.127 0.171 0.207 0.231 0.245 0.252 0.256 0.265 0.290 0.344 0.423 0.510 0.603 0.748 0.998 1.388 1.865 2.317 2.682 2.954 3.102 3.136 3.109 3.030 2.890 2.681 2.424 2.208 2.031 1.868 1.701 1.510 1.286 1.045 0.822 0.621 0.438 0.284 0.174 0.106 0.064 0.040 0.026 0.018 0.013 0.010 0.008 0.006 0.005 0.004 0.003 0.002 0.001 0.001 0.001 0.000 0.000 0.000 0.000 0.000 0.000 0.000 0.000 0.000 0.000 0.000 0.000 0.000 0.000 0.000 0.000 0.000
0.012 0.024 0.045 0.080 0.128 0.187 0.246 0.295 0.334 0.364 0.390 0.417 0.456 0.523 0.630 0.766 0.915 1.088 1.331 1.673 2.087 2.471 2.775 3.012 3.173 3.239 3.243 3.217 3.139 2.986 2.746 2.448 2.205 2.015 1.840 1.656 1.439 1.177 0.887 0.620 0.399 0.238 0.137 0.078 0.046 0.028 0.018 0.012 0.009 0.007 0.005 0.004 0.003 0.002 0.002 0.001 0.001 0.000 0.000 0.000 0.000 0.000 0.000 0.000 0.000 0.000 0.000 0.000 0.000 0.000 0.000 0.000 0.000 0.000 0.000 0.000 0.000
0.015 0.033 0.066 0.120 0.190 0.269 0.344 0.410 0.465 0.515 0.564 0.616 0.680 0.767 0.883 1.026 1.197 1.413 1.693 2.040 2.394 2.678 2.906 3.092 3.224 3.289 3.305 3.288 3.206 3.032 2.766 2.443 2.144 1.885 1.643 1.397 1.132 0.839 0.556 0.337 0.193 0.108 0.061 0.036 0.023 0.015 0.010 0.008 0.006 0.004 0.003 0.002 0.002 0.001 0.001 0.000 0.000 0.000 0.000 0.000 0.000 0.000 0.000 0.000 0.000 0.000 0.000 0.000 0.000 0.000 0.000 0.000 0.000 0.000 0.000 0.000 0.000
0.019 0.048 0.103 0.187 0.284 0.377 0.459 0.527 0.586 0.643 0.700 0.762 0.833 0.920 1.030 1.170 1.345 1.572 1.851 2.179 2.482 2.727 2.934 3.105 3.235 3.310 3.330 3.307 3.213 3.026 2.737 2.364 1.949 1.546 1.178 0.856 0.591 0.383 0.236 0.139 0.081 0.047 0.029 0.019 0.013 0.010 0.007 0.005 0.004 0.003 0.002 0.001 0.001 0.000 0.000 0.000 0.000 0.000 0.000 0.000 0.000 0.000 0.000 0.000 0.000 0.000 0.000 0.000 0.000 0.000 0.000 0.000 0.000 0.000 0.000 0.000 0.000
0.030 0.081 0.175 0.295 0.398 0.480 0.552 0.617 0.676 0.734 0.792 0.854 0.922 1.004 1.107 1.241 1.415 1.639 1.915 2.229 2.509 2.742 2.937 3.088 3.183 3.222 3.198 3.122 2.991 2.777 2.465 2.048 1.526 1.007 0.619 0.374 0.224 0.136 0.083 0.052 0.033 0.022 0.015 0.011 0.009 0.007 0.005 0.004 0.003 0.002 0.001 0.001 0.000 0.000 0.000 0.000 0.000 0.000 0.000 0.000 0.000 0.000 0.000 0.000 0.000 0.000 0.000 0.000 0.000 0.000 0.000 0.000 0.000 0.000 0.000 0.000 0.000
0.056 0.142 0.277 0.402 0.488 0.557 0.621 0.682 0.739 0.793 0.847 0.903 0.964 1.040 1.137 1.267 1.440 1.663 1.940 2.248 2.514 2.727 2.871 2.936 2.913 2.805 2.620 2.425 2.224 1.990 1.705 1.340 0.883 0.502 0.270 0.143 0.078 0.045 0.029 0.019 0.014 0.011 0.009 0.007 0.006 0.005 0.004 0.003 0.002 0.001 0.001 0.000 0.000 0.000 0.000 0.000 0.000 0.000 0.000 0.000 0.000 0.000 0.000 0.000 0.000 0.000 0.000 0.000 0.000 0.000 0.000 0.000 0.000 0.000 0.000 0.000 0.000
