RESULTS/r.avaflow_results/13_results/13_ascii/13_hflow30027.asc
ncols 506
nrows 317
xllcenter 498237.50
yllcenter 5580050.00
cellsize 12.50
NODATA_value -9999.000
[rows 136 to 169 of 317, columns 154 to 230 of 506]
0.000 0.000 0.000 0.000 0.000 0.000 0.000 0.000 0.000 0.000 0.000 0.000 0.000 0.000 0.000 0.000 0.000 0.000 0.000 0.000 0.000 0.000 0.000 0.000 0.000 0.000 0.000 0.000 0.000 0.000 0.000 0.000 0.000 0.000 0.000 0.000 0.000 0.000 0.000 0.000 0.000 0.000 0.000 0.000 0.000 0.000 0.000 0.000 0.000 0.000 0.000 0.000 0.000 0.000 0.000 0.000 0.000 0.000 0.000 0.000 0.000 0.000 0.000 0.000 0.000 0.000 0.000 0.000 0.000 0.000 0.000 0.000 0.000 0.000 0.000 0.000 0.000
0.000 0.000 0.000 0.000 0.000 0.000 0.000 0.000 0.000 0.000 0.000 0.000 0.000 0.000 0.000 0.000 0.000 0.000 0.000 0.000 0.000 0.000 0.000 0.000 0.000 0.000 0.000 0.000 0.000 0.000 0.000 0.000 0.000 0.000 0.000 0.000 0.000 0.000 0.000 0.000 0.000 0.000 0.000 0.000 0.000 0.000 0.000 0.000 0.000 0.000 0.000 0.000 0.000 0.000 0.000 0.000 0.000 0.000 0.000 0.000 0.000 0.000 0.000 0.000 0.000 0.000 0.000 0.000 0.000 0.000 0.000 0.000 0.000 0.000 0.000 0.000 0.000
0.000 0.000 0.000 0.000 0.000 0.000 0.000 0.000 0.000 0.000 0.000 0.000 0.000 0.000 0.000 0.000 0.000 0.000 0.000 0.000 0.000 0.000 0.000 0.000 0.000 0.000 0.000 0.000 0.000 0.000 0.000 0.000 0.000 0.000 0.000 0.000 0.000 0.000 0.000 0.000 0.000 0.000 0.000 0.000 0.000 0.000 0.000 0.000 0.000 0.000 0.000 0.000 0.000 0.000 0.000 0.000 0.000 0.000 0.000 0.000 0.000 0.000 0.000 0.000 0.000 0.000 0.000 0.000 0.000 0.000 0.000 0.000 0.000 0.000 0.000 0.000 0.000
0.000 0.000 0.000 0.000 0.000 0.000 0.000 0.000 0.000 0.000 0.000 0.000 0.000 0.000 0.000 0.000 0.000 0.000 0.000 0.000 0.000 0.000 0.000 0.000 0.000 0.000 0.000 0.000 0.000 0.000 0.000 0.000 0.000 0.000 0.000 0.000 0.000 0.000 0.000 0.000 0.000 0.000 0.000 0.000 0.000 0.000 0.000 0.000 0.000 0.000 0.000 0.000 0.000 0.000 0.000 0.000 0.000 0.000 0.000 0.000 0.000 0.000 0.000 0.000 0.000 0.000 0.000 0.000 0.000 0.000 0.000 0.000 0.000 0.000 0.000 0.000 0.000
0.000 0.000 0.000 0.000 0.000 0.000 0.000 0.000 0.000 0.000 0.000 0.000 0.000 0.000 0.000 0.000 0.000 0.000 0.000 0.000 0.000 0.000 0.000 0.000 0.000 0.000 0.000 0.000 0.000 0.000 0.000 0.000 0.000 0.000 0.000 0.000 0.000 0.000 0.000 0.000 0.000 0.000 0.000 0.000 0.000 0.000 0.000 0.000 0.000 0.000 0.000 0.000 0.000 0.000 0.000 0.000 0.000 0.000 0.000 0.000 0.000 0.000 0.000 0.000 0.000 0.000 0.000 0.000 0.000 0.000 0.000 0.000 0.000 0.000 0.000 0.000 0.000
0.000 0.000 0.000 0.000 0.000 0.000 0.000 0.000 0.000 0.000 0.000 0.000 0.000 0.000 0.000 0.000 0.000 0.000 0.000 0.000 0.000 0.000 0.000 0.000 0.000 0.000 0.000 0.000 0.000 0.000 0.000 0.000 0.000 0.000 0.000 0.000 0.000 0.000 0.000 0.000 0.000 0.000 0.000 0.000 0.000 0.000 0.000 0.000 0.000 0.000 0.000 0.000 0.000 0.000 0.000 0.000 0.000 0.000 0.000 0.000 0.000 0.000 0.000 0.000 0.000 0.000 0.000 0.000 0.000 0.000 0.000 0.000 0.000 0.000 0.000 0.000 0.000
0.000 0.000 0.000 0.000 0.000 0.000 0.000 0.000 0.000 0.000 0.000 0.000 0.000 0.000 0.000 0.000 0.000 0.000 0.000 0.000 0.000 0.000 0.000 0.000 0.000 0.000 0.000 0.000 0.000 0.000 0.000 0.000 0.000 0.000 0.000 0.000 0.000 0.000 0.000 0.000 0.000 0.000 0.000 0.000 0.000 0.000 0.000 0.000 0.000 0.000 0.000 0.000 0.000 0.000 0.000 0.000 0.000 0.000 0.000 0.000 0.000 0.000 0.000 0.000 0.000 0.000 0.000 0.000 0.000 0.000 0.000 0.000 0.000 0.000 0.000 0.000 0.000
0.000 0.000 0.000 0.000 0.000 0.000 0.000 0.000 0.000 0.000 0.000 0.000 0.000 0.000 0.000 0.000 0.000 0.000 0.000 0.000 0.000 0.000 0.000 0.000 0.000 0.000 0.000 0.000 0.000 0.000 0.000 0.000 0.000 0.000 0.000 0.000 0.000 0.000 0.000 0.000 0.000 0.000 0.000 0.000 0.000 0.000 0.000 0.000 0.000 0.000 0.000 0.000 0.000 0.000 0.000 0.000 0.000 0.000 0.000 0.000 0.000 0.000 0.000 0.000 0.000 0.000 0.000 0.000 0.000 0.000 0.000 0.000 0.000 0.000 0.000 0.000 0.000
0.000 0.000 0.000 0.000 0.000 0.000 0.000 0.000 0.000 0.000 0.000 0.000 0.000 0.000 0.000 0.000 0.000 0.000 0.000 0.000 0.000 0.000 0.000 0.000 0.000 0.000 0.000 0.000 0.000 0.000 0.000 0.000 0.000 0.000 0.000 0.000 0.000 0.000 0.000 0.000 0.000 0.000 0.000 0.000 0.000 0.000 0.000 0.000 0.000 0.000 0.000 0.000 0.000 0.000 0.000 0.000 0.000 0.000 0.000 0.000 0.000 0.000 0.000 0.000 0.000 0.000 0.000 0.000 0.000 0.000 0.000 0.000 0.000 0.000 0.000 0.000 0.000
0.000 0.000 0.000 0.000 0.001 0.001 0.001 0.001 0.001 0.001 0.001 0.001 0.001 0.001 0.001 0.001 0.001 0.001 0.001 0.001 0.000 0.000 0.000 0.000 0.000 0.000 0.000 0.000 0.000 0.000 0.000 0.000 0.000 0.000 0.000 0.000 0.000 0.000 0.000 0.000 0.000 0.000 0.000 0.000 0.000 0.000 0.000 0.000 0.000 0.000 0.000 0.000 0.000 0.000 0.000 0.000 0.000 0.000 0.000 0.000 0.000 0.000 0.000 0.000 0.000 0.000 0.000 0.000 0.000 0.000 0.000 0.000 0.000 0.000 0.000 0.000 0.000
0.001 0.001 0.001 0.001 0.001 0.001 0.002 0.002 0.002 0.002 0.002 0.002 0.002 0.002 0.002 0.002 0.002 0.002 0.001 0.001 0.001 0.001 0.001 0.000 0.000 0.000 0.000 0.000 0.000 0.000 0.000 0.000 0.000 0.000 0.000 0.000 0.000 0.000 0.000 0.000 0.000 0.000 0.000 0.000 0.000 0.000 0.000 0.000 0.000 0.000 0.000 0.000 0.000 0.000 0.000 0.000 0.000 0.000 0.000 0.000 0.000 0.000 0.000 0.000 0.000 0.000 0.000 0.000 0.000 0.000 0.000 0.000 0.000 0.000 0.000 0.000 0.000
0.002 0.002 0.002 0.002 0.002 0.003 0.003 0.003 0.003 0.003 0.003 0.003 0.003 0.003 0.003 0.003 0.003 0.003 0.002 0.002 0.002 0.002 0.001 0.001 0.001 0.001 0.000 0.000 0.000 0.000 0.000 0.000 0.000 0.000 0.000 0.000 0.000 0.000 0.000 0.000 0.000 0.000 0.000 0.000 0.000 0.000 0.000 0.000 0.000 0.000 0.000 0.000 0.000 0.000 0.000 0.000 0.000 0.000 0.000 0.000 0.000 0.000 0.000 0.000 0.000 0.000 0.000 0.000 0.000 0.000 0.000 0.000 0.000 0.000 0.000 0.000 0.000
0.003 0.003 0.003 0.004 0.004 0.004 0.004 0.004 0.004 0.004 0.004 0.004 0.004 0.004 0.004 0.004 0.004 0.004 0.004 0.003 0.003 0.003 0.002 0.002 0.001 0.001 0.001 0.001 0.001 0.001 0.001 0.000 0.000 0.000 0.000 0.000 0.000 0.000 0.000 0.000 0.000 0.000 0.000 0.000 0.000 0.000 0.001 0.001 0.001 0.001 0.001 0.001 0.001 0.001 0.001 0.001 0.001 0.001 0.001 0.001 0.001 0.001 0.001 0.001 0.001 0.000 0.000 0.000 0.000 0.000 0.000 0.000 0.000 0.000 0.000 0.000 0.000
0.004 0.005 0.005 0.005 0.005 0.005 0.005 0.005 0.005 0.005 0.005 0.005 0.005 0.005 0.005 0.005 0.005 0.005 0.005 0.004 0.004 0.004 0.003 0.003 0.002 0.002 0.002 0.002 0.002 0.001 0.001 0.001 0.001 0.001 0.001 0.001 0.001 0.001 0.001 0.001 0.001 0.001 0.001 0.001 0.001 0.001 0.002 0.002 0.002 0.002 0.002 0.002 0.002 0.002 0.002 0.002 0.002 0.002 0.002 0.002 0.002 0.002 0.002 0.001 0.001 0.001 0.001 0.001 0.001 0.001 0.001 0.001 0.001 0.000 0.000 0.000 0.000
0.006 0.006 0.006 0.006 0.006 0.006 0.006 0.006 0.006 0.006 0.006 0.006 0.006 0.006 0.006 0.006 0.006 0.006 0.006 0.005 0.005 0.005 0.004 0.004 0.004 0.003 0.003 0.003 0.003 0.003 0.002 0.002 0.002 0.002 0.002 0.002 0.002 0.002 0.002 0.002 0.002 0.002 0.003 0.003 0.003 0.003 0.003 0.003 0.004 0.004 0.004 0.004 0.004 0.004 0.004 0.004 0.004 0.003 0.003 0.003 0.003 0.003 0.003 0.003 0.002 0.002 0.002 0.002 0.002 0.002 0.002 0.002 0.001 0.001 0.001 0.001 0.001
0.007 0.007 0.006 0.006 0.006 0.006 0.006 0.006 0.006 0.007 0.007 0.007 0.007 0.007 0.007 0.007 0.007 0.006 0.006 0.006 0.006 0.006 0.006 0.005 0.005 0.004 0.004 0.004 0.004 0.004 0.004 0.004 0.004 0.004 0.004 0.004 0.004 0.004 0.004 0.004 0.004 0.004 0.004 0.004 0.005 0.005 0.005 0.006 0.006 0.006 0.006 0.006 0.006 0.006 0.006 0.006 0.005 0.005 0.005 0.005 0.005 0.005 0.004 0.004 0.004 0.004 0.004 0.004 0.004 0.003 0.003 0.003 0.003 0.003 0.002 0.002 0.002
0.008 0.007 0.007 0.007 0.007 0.007 0.007 0.007 0.007 0.007 0.007 0.007 0.007 0.007 0.007 0.007 0.007 0.007 0.007 0.007 0.007 0.007 0.007 0.006 0.006 0.006 0.006 0.005 0.005 0.005 0.005 0.005 0.005 0.005 0.005 0.005 0.005 0.005 0.006 0.006 0.006 0.006 0.006 0.007 0.007 0.007 0.008 0.008 0.009 0.009 0.009 0.009 0.009 0.008 0.008 0.008 0.008 0.007 0.007 0.007 0.007 0.007 0.007 0.006 0.006 0.006 0.006 0.006 0.006 0.005 0.005 0.005 0.005 0.004 0.004 0.004 0.003
0.009 0.009 0.008 0.008 0.008 0.008 0.008 0.008 0.008 0.008 0.008 0.008 0.008 0.008 0.008 0.008 0.008 0.008 0.008 0.008 0.008 0.008 0.007 0.007 0.007 0.007 0.007 0.007 0.007 0.007 0.007 0.007 0.007 0.007 0.007 0.007 0.007 0.007 0.008 0.008 0.008 0.009 0.009 0.009 0.010 0.010 0.011 0.012 0.012 0.012 0.012 0.012 0.012 0.012 0.011 0.011 0.010 0.010 0.010 0.010 0.009 0.009 0.009 0.009 0.009 0.008 0.008 0.008 0.008 0.008 0.008 0.007 0.007 0.006 0.006 0.005 0.005
0.012 0.011 0.010 0.010 0.009 0.009 0.009 0.009 0.009 0.009 0.009 0.009 0.009 0.009 0.009 0.009 0.009 0.009 0.009 0.009 0.009 0.009 0.009 0.008 0.008 0.008 0.008 0.009 0.009 0.009 0.009 0.009 0.009 0.009 0.009 0.009 0.009 0.010 0.010 0.010 0.011 0.011 0.012 0.012 0.013 0.014 0.015 0.016 0.016 0.016 0.016 0.016 0.016 0.016 0.015 0.014 0.014 0.013 0.013 0.013 0.013 0.013 0.012 0.012 0.012 0.012 0.012 0.012 0.011 0.011 0.011 0.010 0.010 0.009 0.008 0.008 0.007
0.019 0.016 0.014 0.012 0.011 0.011 0.010 0.010 0.010 0.010 0.010 0.010 0.010 0.010 0.010 0.010 0.010 0.010 0.010 0.010 0.010 0.010 0.010 0.010 0.010 0.010 0.010 0.010 0.010 0.011 0.011 0.011 0.011 0.011 0.011 0.011 0.011 0.012 0.012 0.013 0.013 0.014 0.015 0.015 0.016 0.018 0.020 0.021 0.022 0.022 0.022 0.022 0.022 0.021 0.021 0.020 0.019 0.019 0.019 0.019 0.018 0.018 0.017 0.017 0.017 0.017 0.017 0.017 0.017 0.016 0.016 0.015 0.014 0.012 0.011 0.010 0.010
0.043 0.030 0.022 0.017 0.014 0.013 0.012 0.012 0.011 0.011 0.011 0.011 0.012 0.012 0.012 0.012 0.012 0.011 0.011 0.011 0.011 0.011 0.011 0.011 0.011 0.011 0.011 0.012 0.012 0.012 0.013 0.013 0.013 0.013 0.013 0.013 0.013 0.014 0.014 0.015 0.016 0.017 0.018 0.019 0.021 0.023 0.026 0.029 0.031 0.031 0.031 0.031 0.031 0.031 0.030 0.030 0.029 0.029 0.029 0.029 0.029 0.028 0.027 0.026 0.026 0.026 0.027 0.027 0.026 0.026 0.025 0.023 0.020 0.017 0.015 0.013 0.013
0.157 0.090 0.051 0.032 0.022 0.018 0.015 0.014 0.014 0.013 0.013 0.013 0.013 0.013 0.013 0.013 0.013 0.013 0.013 0.012 0.012 0.012 0.013 0.013 0.013 0.013 0.013 0.013 0.014 0.014 0.015 0.015 0.015 0.015 0.015 0.015 0.015 0.016 0.017 0.018 0.019 0.020 0.021 0.023 0.026 0.029 0.034 0.040 0.043 0.045 0.045 0.045 0.046 0.047 0.048 0.049 0.050 0.050 0.052 0.053 0.053 0.052 0.049 0.046 0.045 0.046 0.047 0.047 0.047 0.046 0.044 0.040 0.032 0.024 0.020 0.017 0.016
0.675 0.369 0.187 0.095 0.052 0.032 0.024 0.020 0.018 0.017 0.016 0.016 0.016 0.016 0.015 0.015 0.015 0.015 0.014 0.014 0.014 0.014 0.014 0.014 0.014 0.015 0.015 0.015 0.016 0.016 0.017 0.017 0.017 0.017 0.017 0.017 0.018 0.018 0.019 0.020 0.022 0.023 0.026 0.028 0.031 0.036 0.043 0.052 0.059 0.063 0.065 0.066 0.069 0.075 0.082 0.089 0.095 0.100 0.107 0.112 0.113 0.111 0.107 0.100 0.095 0.094 0.095 0.096 0.097 0.098 0.095 0.086 0.063 0.039 0.027 0.022 0.020
2.171 1.334 0.717 0.355 0.174 0.091 0.054 0.037 0.029 0.026 0.024 0.022 0.021 0.020 0.019 0.018 0.018 0.017 0.017 0.017 0.017 0.016 0.017 0.017 0.017 0.017 0.017 0.017 0.018 0.019 0.019 0.019 0.020 0.020 0.020 0.020 0.021 0.021 0.022 0.023 0.025 0.028 0.030 0.034 0.038 0.045 0.054 0.067 0.078 0.085 0.091 0.098 0.107 0.121 0.140 0.164 0.186 0.206 0.225 0.242 0.253 0.258 0.254 0.242 0.228 0.220 0.219 0.221 0.232 0.238 0.238 0.219 0.155 0.079 0.044 0.030 0.025
4.185 3.190 2.029 1.134 0.607 0.318 0.172 0.102 0.068 0.052 0.043 0.037 0.033 0.029 0.026 0.024 0.022 0.021 0.021 0.020 0.020 0.020 0.019 0.019 0.019 0.019 0.019 0.020 0.020 0.021 0.022 0.022 0.023 0.023 0.024 0.024 0.024 0.024 0.025 0.027 0.030 0.033 0.037 0.043 0.049 0.058 0.070 0.085 0.100 0.114 0.128 0.144 0.167 0.199 0.242 0.298 0.352 0.399 0.440 0.479 0.521 0.560 0.580 0.578 0.562 0.543 0.539 0.552 0.597 0.629 0.630 0.589 0.425 0.199 0.088 0.048 0.034
5.286 4.698 3.740 2.614 1.629 0.964 0.561 0.329 0.201 0.133 0.097 0.077 0.065 0.055 0.046 0.039 0.034 0.031 0.029 0.028 0.026 0.025 0.024 0.023 0.023 0.023 0.023 0.024 0.024 0.024 0.025 0.025 0.026 0.027 0.028 0.028 0.028 0.029 0.030 0.033 0.037 0.042 0.049 0.058 0.069 0.082 0.096 0.114 0.135 0.159 0.188 0.226 0.277 0.345 0.435 0.548 0.650 0.736 0.811 0.881 0.954 1.033 1.094 1.128 1.141 1.147 1.171 1.232 1.367 1.542 1.572 1.460 1.106 0.543 0.213 0.091 0.051
5.782 5.479 4.926 4.140 3.147 2.133 1.366 0.863 0.544 0.347 0.235 0.179 0.149 0.126 0.104 0.084 0.069 0.059 0.052 0.046 0.040 0.035 0.032 0.031 0.030 0.030 0.030 0.029 0.029 0.028 0.029 0.029 0.030 0.031 0.032 0.032 0.034 0.035 0.038 0.043 0.050 0.059 0.072 0.089 0.107 0.126 0.147 0.170 0.201 0.245 0.304 0.385 0.494 0.639 0.821 1.002 1.134 1.219 1.274 1.315 1.353 1.396 1.442 1.488 1.534 1.591 1.670 1.776 1.962 2.354 2.717 2.755 2.366 1.385 0.534 0.201 0.091
6.066 5.928 5.610 5.090 4.339 3.372 2.427 1.678 1.135 0.763 0.531 0.409 0.349 0.306 0.264 0.220 0.178 0.146 0.121 0.100 0.081 0.065 0.054 0.048 0.045 0.043 0.041 0.039 0.037 0.035 0.035 0.035 0.036 0.036 0.037 0.038 0.041 0.046 0.052 0.062 0.076 0.097 0.123 0.152 0.182 0.210 0.240 0.277 0.330 0.411 0.531 0.699 0.926 1.171 1.368 1.477 1.518 1.521 1.522 1.524 1.522 1.527 1.543 1.579 1.636 1.714 1.810 1.923 2.106 2.536 3.194 3.502 3.411 2.572 1.208 0.438 0.176
6.208 6.163 5.978 5.601 5.027 4.258 3.383 2.578 1.911 1.402 1.058 0.861 0.766 0.704 0.644 0.568 0.477 0.393 0.323 0.264 0.210 0.159 0.119 0.094 0.081 0.073 0.066 0.059 0.052 0.047 0.045 0.044 0.044 0.044 0.046 0.050 0.056 0.065 0.079 0.102 0.136 0.182 0.231 0.277 0.319 0.361 0.407 0.472 0.572 0.722 0.949 1.230 1.475 1.622 1.682 1.678 1.638 1.586 1.561 1.548 1.530 1.512 1.507 1.523 1.562 1.626 1.703 1.798 1.964 2.370 3.142 3.678 3.767 3.350 2.043 0.838 0.331
6.226 6.213 6.098 5.840 5.453 4.924 4.248 3.500 2.809 2.266 1.882 1.643 1.511 1.424 1.337 1.220 1.073 0.932 0.805 0.688 0.573 0.447 0.322 0.235 0.183 0.152 0.129 0.109 0.090 0.075 0.066 0.063 0.063 0.064 0.069 0.078 0.090 0.110 0.145 0.202 0.280 0.367 0.443 0.506 0.563 0.622 0.699 0.825 1.011 1.225 1.448 1.638 1.744 1.775 1.752 1.696 1.615 1.533 1.480 1.446 1.409 1.365 1.334 1.317 1.308 1.304 1.308 1.336 1.436 1.753 2.549 3.447 3.732 3.576 2.695 1.350 0.567
6.155 6.151 6.104 5.986 5.779 5.476 5.045 4.464 3.851 3.376 3.037 2.804 2.642 2.506 2.353 2.157 1.964 1.798 1.638 1.478 1.302 1.072 0.795 0.588 0.455 0.367 0.299 0.240 0.188 0.149 0.125 0.115 0.114 0.117 0.127 0.147 0.178 0.231 0.320 0.446 0.589 0.723 0.829 0.909 0.981 1.066 1.205 1.398 1.555 1.641 1.709 1.768 1.789 1.773 1.710 1.596 1.448 1.310 1.207 1.130 1.064 1.006 0.962 0.920 0.873 0.807 0.756 0.749 0.789 0.966 1.556 2.679 3.374 3.432 2.971 1.846 0.882
6.031 6.053 6.102 6.138 6.091 5.966 5.739 5.398 4.988 4.665 4.428 4.243 4.075 3.883 3.623 3.301 3.061 2.899 2.750 2.588 2.367 2.020 1.559 1.196 0.962 0.806 0.678 0.559 0.445 0.350 0.290 0.262 0.257 0.263 0.284 0.326 0.400 0.528 0.726 0.954 1.164 1.338 1.469 1.561 1.631 1.697 1.778 1.847 1.843 1.796 1.765 1.753 1.722 1.640 1.488 1.272 1.045 0.852 0.715 0.630 0.579 0.546 0.523 0.502 0.479 0.442 0.409 0.403 0.422 0.522 0.860 1.735 2.678 3.006 2.857 2.138 1.199
5.909 6.037 6.207 6.388 6.471 6.469 6.401 6.290 6.120 5.978 5.878 5.781 5.647 5.431 5.101 4.680 4.347 4.125 3.932 3.709 3.390 2.920 2.331 1.857 1.548 1.373 1.250 1.121 0.974 0.815 0.696 0.637 0.622 0.631 0.670 0.745 0.882 1.148 1.498 1.776 1.947 2.046 2.112 2.151 2.161 2.138 2.081 1.996 1.892 1.787 1.689 1.578 1.428 1.217 0.965 0.730 0.561 0.447 0.375 0.335 0.311 0.294 0.282 0.274 0.265 0.248 0.235 0.234 0.249 0.314 0.528 1.104 1.991 2.442 2.497 2.185 1.471
5.772 6.106 6.479 6.841 7.077 7.221 7.321 7.410 7.445 7.465 7.484 7.479 7.417 7.247 6.944 6.505 6.029 5.592 5.183 4.776 4.303 3.689 2.986 2.414 2.012 1.782 1.678 1.622 1.559 1.465 1.371 1.319 1.318 1.352 1.416 1.515 1.689 1.981 2.254 2.386 2.428 2.424 2.410 2.391 2.352 2.271 2.137 1.965 1.777 1.574 1.341 1.072 0.806 0.595 0.449 0.351 0.285 0.240 0.214 0.201 0.192 0.182 0.172 0.164 0.157 0.150 0.147 0.149 0.164 0.216 0.370 0.763 1.486 1.972 2.094 2.010 1.629
