RESULTS/r.avaflow_results/13_results/13_ascii/13_hflow0010.asc
ncols 506
nrows 317
xllcenter 498237.50
yllcenter 5580050.00
cellsize 12.50
NODATA_value -9999.000
[rows 238 to 271 of 317, columns 77 to 153 of 506]
23.369 23.526 23.602 23.729 23.679 23.619 23.481 23.014 22.034 20.663 19.099 17.334 15.583 13.930 12.068 10.048 7.892 5.932 4.251 2.894 1.891 1.224 0.864 0.742 0.755 0.887 1.146 1.344 1.417 1.413 1.306 1.074 0.827 0.655 0.534 0.438 0.347 0.254 0.171 0.104 0.057 0.031 0.019 0.014 0.011 0.010 0.009 0.009 0.009 0.012 0.026 0.038 0.039 0.035 0.029 0.019 0.010 0.005 0.002 0.001 0.001 0.001 0.001 0.001 0.001 0.001 0.001 0.001 0.000 0.000 0.000 0.000 0.000 0.000 0.000 0.000 0.000
22.716 22.762 22.800 22.757 22.793 22.755 22.684 22.274 21.467 20.181 18.510 16.536 14.531 12.631 10.609 8.535 6.522 4.739 3.212 1.976 1.103 0.618 0.428 0.392 0.430 0.597 0.920 1.234 1.396 1.443 1.411 1.267 1.015 0.769 0.594 0.460 0.345 0.239 0.153 0.089 0.049 0.029 0.020 0.015 0.012 0.011 0.010 0.010 0.010 0.011 0.021 0.037 0.041 0.037 0.029 0.017 0.008 0.003 0.001 0.001 0.001 0.001 0.001 0.001 0.001 0.001 0.001 0.001 0.001 0.000 0.000 0.000 0.000 0.000 0.000 0.000 0.000
21.828 21.701 21.629 21.453 21.412 21.308 21.207 20.833 20.123 18.949 17.293 15.248 12.997 10.820 8.675 6.637 4.751 3.108 1.804 0.931 0.460 0.262 0.205 0.202 0.235 0.342 0.583 0.951 1.288 1.445 1.470 1.403 1.208 0.922 0.665 0.477 0.333 0.217 0.131 0.074 0.043 0.028 0.021 0.016 0.014 0.012 0.011 0.011 0.011 0.011 0.016 0.031 0.039 0.036 0.026 0.013 0.005 0.002 0.001 0.001 0.001 0.001 0.001 0.001 0.001 0.001 0.001 0.001 0.001 0.001 0.000 0.000 0.000 0.000 0.000 0.000 0.000
20.585 20.473 20.302 19.966 19.717 19.485 19.218 18.817 18.145 17.055 15.447 13.345 10.911 8.527 6.322 4.375 2.758 1.536 0.737 0.326 0.165 0.118 0.110 0.116 0.134 0.184 0.300 0.565 1.011 1.373 1.483 1.463 1.327 1.059 0.732 0.479 0.307 0.186 0.107 0.061 0.038 0.027 0.022 0.018 0.016 0.014 0.014 0.014 0.014 0.014 0.015 0.023 0.031 0.030 0.020 0.008 0.003 0.001 0.001 0.001 0.001 0.001 0.001 0.001 0.001 0.001 0.001 0.001 0.001 0.001 0.001 0.000 0.000 0.000 0.000 0.000 0.000
19.037 18.924 18.640 18.242 17.776 17.326 16.830 16.261 15.491 14.388 12.833 10.758 8.265 5.892 3.905 2.360 1.256 0.575 0.239 0.111 0.073 0.067 0.069 0.075 0.083 0.099 0.144 0.270 0.604 1.113 1.413 1.456 1.374 1.146 0.781 0.467 0.271 0.152 0.085 0.050 0.034 0.026 0.022 0.020 0.018 0.018 0.017 0.017 0.017 0.018 0.018 0.020 0.023 0.022 0.014 0.006 0.002 0.001 0.001 0.001 0.001 0.001 0.001 0.001 0.001 0.001 0.001 0.001 0.001 0.001 0.001 0.001 0.000 0.000 0.000 0.000 0.000
17.106 16.957 16.644 16.186 15.577 14.925 14.203 13.417 12.459 11.213 9.608 7.573 5.319 3.407 1.962 0.984 0.425 0.169 0.075 0.046 0.041 0.044 0.048 0.051 0.052 0.055 0.069 0.123 0.289 0.697 1.179 1.371 1.357 1.184 0.820 0.456 0.243 0.128 0.070 0.043 0.031 0.026 0.023 0.022 0.022 0.022 0.023 0.023 0.024 0.024 0.023 0.020 0.018 0.016 0.009 0.004 0.001 0.001 0.001 0.001 0.001 0.001 0.001 0.001 0.001 0.001 0.001 0.001 0.001 0.001 0.001 0.001 0.001 0.000 0.000 0.000 0.000
14.900 14.690 14.323 13.785 13.093 12.281 11.384 10.371 9.177 7.784 6.173 4.409 2.777 1.540 0.732 0.297 0.111 0.045 0.025 0.022 0.025 0.030 0.033 0.033 0.031 0.030 0.033 0.057 0.143 0.374 0.830 1.172 1.254 1.161 0.850 0.457 0.225 0.111 0.061 0.039 0.030 0.026 0.025 0.025 0.026 0.028 0.029 0.030 0.030 0.029 0.026 0.019 0.014 0.010 0.005 0.002 0.001 0.001 0.001 0.001 0.001 0.001 0.001 0.001 0.001 0.001 0.001 0.001 0.001 0.001 0.001 0.001 0.000 0.000 0.000 0.000 0.000
12.337 12.051 11.622 11.029 10.284 9.420 8.413 7.267 5.967 4.596 3.223 1.993 1.070 0.488 0.191 0.069 0.026 0.012 0.009 0.010 0.014 0.019 0.020 0.020 0.017 0.015 0.016 0.028 0.077 0.216 0.543 0.923 1.067 1.054 0.853 0.468 0.212 0.099 0.055 0.038 0.031 0.028 0.027 0.028 0.030 0.033 0.034 0.035 0.035 0.032 0.026 0.017 0.011 0.006 0.003 0.001 0.001 0.001 0.001 0.001 0.001 0.001 0.001 0.001 0.001 0.001 0.001 0.001 0.001 0.001 0.001 0.000 0.000 0.000 0.000 0.000 0.000
9.579 9.255 8.793 8.187 7.429 6.515 5.434 4.251 3.068 2.027 1.195 0.612 0.270 0.106 0.040 0.014 0.005 0.003 0.003 0.004 0.007 0.010 0.011 0.011 0.009 0.007 0.007 0.014 0.042 0.132 0.363 0.737 0.927 0.938 0.812 0.474 0.201 0.091 0.052 0.039 0.034 0.032 0.031 0.032 0.035 0.038 0.039 0.040 0.037 0.032 0.023 0.013 0.007 0.003 0.001 0.001 0.001 0.001 0.001 0.001 0.001 0.001 0.001 0.001 0.001 0.001 0.001 0.001 0.001 0.001 0.001 0.000 0.000 0.000 0.000 0.000 0.000
6.973 6.672 6.219 5.586 4.770 3.789 2.783 1.851 1.100 0.581 0.273 0.117 0.048 0.019 0.007 0.003 0.001 0.001 0.001 0.002 0.003 0.005 0.005 0.005 0.004 0.003 0.003 0.007 0.023 0.080 0.243 0.583 0.822 0.854 0.759 0.466 0.193 0.086 0.050 0.040 0.038 0.038 0.040 0.042 0.044 0.046 0.046 0.043 0.037 0.027 0.016 0.008 0.003 0.001 0.001 0.001 0.001 0.001 0.001 0.001 0.001 0.001 0.001 0.001 0.001 0.001 0.001 0.001 0.001 0.000 0.000 0.000 0.000 0.000 0.000 0.000 0.000
4.590 4.325 3.910 3.313 2.537 1.707 1.022 0.531 0.241 0.101 0.042 0.018 0.008 0.003 0.001 0.001 0.001 0.001 0.001 0.001 0.001 0.002 0.002 0.002 0.002 0.001 0.001 0.003 0.012 0.046 0.155 0.437 0.716 0.771 0.700 0.454 0.193 0.084 0.048 0.040 0.039 0.042 0.048 0.054 0.056 0.056 0.054 0.046 0.034 0.019 0.009 0.004 0.002 0.001 0.001 0.000 0.000 0.000 0.001 0.001 0.001 0.001 0.001 0.001 0.001 0.001 0.001 0.001 0.000 0.000 0.000 0.000 0.000 0.000 0.000 0.000 0.000
2.539 2.375 2.080 1.637 1.064 0.569 0.258 0.102 0.038 0.014 0.006 0.003 0.001 0.001 0.001 0.001 0.001 0.001 0.001 0.001 0.001 0.001 0.001 0.001 0.001 0.001 0.001 0.002 0.007 0.025 0.094 0.296 0.585 0.679 0.638 0.456 0.208 0.087 0.045 0.036 0.036 0.041 0.051 0.060 0.063 0.063 0.058 0.047 0.029 0.014 0.006 0.002 0.001 0.000 0.000 0.000 0.000 0.000 0.000 0.001 0.001 0.001 0.001 0.001 0.001 0.001 0.001 0.000 0.000 0.000 0.000 0.000 0.000 0.000 0.001 0.000 0.000
1.104 1.049 0.902 0.658 0.356 0.154 0.055 0.018 0.006 0.002 0.001 0.001 0.001 0.001 0.001 0.001 0.000 0.000 0.000 0.000 0.000 0.000 0.000 0.000 0.001 0.001 0.001 0.001 0.004 0.014 0.055 0.186 0.440 0.577 0.575 0.468 0.247 0.098 0.042 0.027 0.027 0.033 0.047 0.059 0.064 0.064 0.059 0.045 0.024 0.010 0.003 0.001 0.001 0.000 0.000 0.000 0.000 0.000 0.000 0.000 0.001 0.001 0.001 0.001 0.001 0.001 0.001 0.000 0.000 0.000 0.000 0.000 0.000 0.000 0.001 0.000 0.000
0.346 0.348 0.311 0.222 0.107 0.040 0.012 0.004 0.001 0.001 0.001 0.001 0.001 0.001 0.001 0.001 0.001 0.000 0.000 0.000 0.000 0.000 0.000 0.000 0.000 0.000 0.001 0.001 0.003 0.009 0.035 0.121 0.321 0.483 0.512 0.454 0.277 0.111 0.041 0.019 0.015 0.019 0.032 0.049 0.057 0.057 0.052 0.037 0.017 0.006 0.002 0.001 0.000 0.000 0.000 0.000 0.000 0.000 0.000 0.000 0.000 0.001 0.001 0.001 0.001 0.001 0.001 0.000 0.000 0.000 0.000 0.000 0.000 0.000 0.001 0.000 0.000
0.083 0.092 0.090 0.068 0.031 0.010 0.003 0.001 0.001 0.001 0.001 0.001 0.001 0.001 0.001 0.001 0.001 0.000 0.000 0.000 0.000 0.000 0.000 0.000 0.000 0.000 0.000 0.001 0.002 0.007 0.024 0.084 0.236 0.396 0.444 0.418 0.287 0.117 0.040 0.014 0.008 0.007 0.012 0.024 0.032 0.035 0.032 0.021 0.008 0.002 0.001 0.000 0.000 0.000 0.000 0.000 0.000 0.000 0.000 0.000 0.000 0.000 0.001 0.001 0.001 0.001 0.001 0.001 0.000 0.000 0.000 0.000 0.000 0.000 0.001 0.000 0.000
0.015 0.021 0.022 0.018 0.009 0.003 0.001 0.001 0.001 0.001 0.001 0.001 0.001 0.001 0.001 0.001 0.001 0.001 0.000 0.000 0.000 0.000 0.000 0.000 0.000 0.000 0.000 0.001 0.001 0.005 0.017 0.060 0.175 0.316 0.372 0.361 0.270 0.116 0.038 0.011 0.004 0.003 0.003 0.006 0.010 0.011 0.010 0.007 0.003 0.001 0.001 0.000 0.000 0.000 0.000 0.000 0.000 0.000 0.000 0.000 0.000 0.000 0.001 0.001 0.001 0.001 0.001 0.001 0.001 0.000 0.000 0.000 0.000 0.000 0.001 0.000 0.000
0.002 0.004 0.004 0.004 0.002 0.001 0.001 0.001 0.001 0.001 0.001 0.001 0.001 0.001 0.001 0.001 0.001 0.001 0.001 0.000 0.000 0.000 0.000 0.000 0.000 0.000 0.000 0.001 0.001 0.003 0.012 0.042 0.127 0.242 0.294 0.289 0.224 0.099 0.031 0.008 0.002 0.001 0.001 0.001 0.002 0.003 0.003 0.002 0.001 0.001 0.000 0.000 0.000 0.000 0.000 0.000 0.000 0.000 0.000 0.000 0.000 0.000 0.000 0.001 0.001 0.001 0.000 0.001 0.001 0.000 0.001 0.000 0.000 0.000 0.000 0.000 0.000
0.001 0.001 0.001 0.001 0.001 0.001 0.001 0.001 0.001 0.001 0.001 0.001 0.001 0.001 0.001 0.001 0.001 0.001 0.001 0.001 0.000 0.000 0.000 0.000 0.000 0.000 0.000 0.000 0.001 0.002 0.008 0.028 0.085 0.167 0.204 0.199 0.148 0.060 0.016 0.004 0.001 0.001 0.001 0.001 0.001 0.001 0.001 0.001 0.001 0.001 0.000 0.000 0.000 0.000 0.000 0.000 0.000 0.000 0.000 0.000 0.000 0.000 0.000 0.000 0.000 0.000 0.000 0.000 0.000 0.000 0.000 0.001 0.000 0.000 0.000 0.000 0.000
0.001 0.001 0.001 0.001 0.001 0.000 0.000 0.000 0.001 0.001 0.001 0.001 0.001 0.001 0.001 0.001 0.001 0.001 0.001 0.001 0.000 0.000 0.000 0.000 0.000 0.000 0.000 0.000 0.001 0.001 0.005 0.017 0.053 0.101 0.120 0.114 0.076 0.026 0.006 0.001 0.001 0.000 0.000 0.000 0.001 0.001 0.001 0.001 0.001 0.001 0.000 0.000 0.000 0.000 0.000 0.000 0.000 0.000 0.000 0.000 0.000 0.000 0.000 0.000 0.000 0.001 0.000 0.000 0.000 0.000 0.000 0.000 0.000 0.000 0.000 0.000 0.000
0.001 0.000 0.000 0.000 0.000 0.000 0.000 0.000 0.000 0.001 0.001 0.001 0.001 0.001 0.001 0.001 0.001 0.001 0.001 0.001 0.001 0.000 0.000 0.000 0.000 0.000 0.000 0.000 0.000 0.001 0.002 0.009 0.029 0.054 0.061 0.057 0.034 0.010 0.002 0.001 0.001 0.000 0.000 0.000 0.000 0.001 0.001 0.001 0.001 0.001 0.001 0.000 0.000 0.000 0.000 0.000 0.000 0.000 0.000 0.000 0.000 0.000 0.000 0.000 0.000 0.000 0.000 0.000 0.000 0.000 0.000 0.001 0.000 0.000 0.000 0.000 0.000
0.001 0.000 0.000 0.000 0.000 0.000 0.000 0.000 0.000 0.000 0.000 0.001 0.001 0.001 0.001 0.001 0.001 0.001 0.001 0.001 0.001 0.000 0.000 0.000 0.000 0.000 0.000 0.000 0.000 0.001 0.001 0.004 0.015 0.025 0.028 0.025 0.013 0.003 0.001 0.001 0.001 0.000 0.000 0.000 0.000 0.000 0.001 0.001 0.001 0.001 0.001 0.001 0.000 0.000 0.000 0.000 0.000 0.000 0.000 0.000 0.000 0.000 0.000 0.000 0.000 0.000 0.000 0.000 0.000 0.000 0.000 0.000 0.000 0.000 0.000 0.000 0.000
0.001 0.001 0.000 0.000 0.000 0.000 0.000 0.000 0.000 0.000 0.000 0.000 0.001 0.001 0.001 0.001 0.001 0.001 0.001 0.001 0.001 0.001 0.000 0.000 0.000 0.000 0.000 0.000 0.000 0.000 0.001 0.002 0.006 0.010 0.011 0.010 0.004 0.001 0.001 0.001 0.001 0.000 0.001 0.000 0.000 0.000 0.001 0.001 0.001 0.001 0.001 0.001 0.001 0.000 0.000 0.000 0.000 0.000 0.000 0.000 0.000 0.000 0.000 0.000 0.000 0.000 0.000 0.000 0.000 0.001 0.000 0.000 0.000 0.000 0.000 0.000 0.000
0.001 0.001 0.001 0.000 0.000 0.000 0.000 0.000 0.000 0.000 0.000 0.000 0.000 0.001 0.001 0.001 0.001 0.001 0.001 0.001 0.001 0.001 0.000 0.000 0.000 0.000 0.000 0.000 0.000 0.000 0.001 0.001 0.002 0.004 0.004 0.003 0.001 0.001 0.001 0.000 0.000 0.001 0.000 0.000 0.000 0.000 0.001 0.001 0.001 0.001 0.001 0.001 0.001 0.001 0.000 0.000 0.000 0.000 0.000 0.000 0.000 0.000 0.000 0.000 0.000 0.000 0.000 0.001 0.000 0.001 0.000 0.000 0.000 0.000 0.000 0.000 0.000
0.001 0.001 0.001 0.001 0.000 0.000 0.000 0.000 0.000 0.000 0.000 0.000 0.000 0.000 0.001 0.001 0.001 0.001 0.001 0.001 0.001 0.001 0.001 0.000 0.000 0.000 0.000 0.000 0.000 0.000 0.000 0.001 0.001 0.001 0.001 0.001 0.001 0.001 0.001 0.001 0.000 0.000 0.000 0.000 0.000 0.000 0.001 0.001 0.001 0.001 0.001 0.001 0.001 0.001 0.001 0.001 0.001 0.000 0.000 0.000 0.000 0.000 0.000 0.000 0.000 0.000 0.000 0.000 0.000 0.000 0.000 0.000 0.000 0.000 0.000 0.000 0.000
0.000 0.001 0.001 0.001 0.001 0.000 0.000 0.000 0.000 0.000 0.000 0.000 0.000 0.000 0.000 0.000 0.001 0.001 0.001 0.001 0.001 0.001 0.001 0.000 0.000 0.000 0.000 0.000 0.000 0.000 0.000 0.000 0.001 0.001 0.001 0.001 0.001 0.001 0.001 0.001 0.001 0.000 0.000 0.000 0.000 0.000 0.001 0.001 0.001 0.001 0.001 0.001 0.001 0.001 0.001 0.001 0.001 0.000 0.000 0.000 0.000 0.000 0.000 0.000 0.000 0.000 0.000 0.000 0.000 0.000 0.000 0.000 0.000 0.000 0.000 0.000 0.000
0.000 0.000 0.001 0.001 0.001 0.001 0.000 0.000 0.000 0.000 0.000 0.000 0.000 0.000 0.000 0.000 0.000 0.000 0.001 0.001 0.001 0.001 0.000 0.001 0.000 0.000 0.000 0.000 0.000 0.000 0.000 0.000 0.000 0.000 0.000 0.000 0.000 0.000 0.001 0.001 0.000 0.000 0.000 0.000 0.000 0.001 0.001 0.001 0.001 0.001 0.001 0.001 0.001 0.001 0.001 0.001 0.001 0.001 0.000 0.000 0.000 0.000 0.000 0.000 0.000 0.000 0.000 0.000 0.000 0.000 0.000 0.000 0.000 0.000 0.000 0.000 0.000
0.000 0.000 0.000 0.001 0.000 0.000 0.000 0.000 0.000 0.000 0.000 0.000 0.000 0.000 0.000 0.000 0.000 0.000 0.000 0.000 0.001 0.001 0.001 0.000 0.000 0.000 0.000 0.000 0.000 0.000 0.000 0.000 0.000 0.000 0.000 0.000 0.000 0.000 0.000 0.001 0.000 0.000 0.000 0.000 0.000 0.001 0.001 0.001 0.001 0.001 0.002 0.002 0.002 0.002 0.001 0.001 0.001 0.001 0.000 0.000 0.000 0.000 0.000 0.000 0.000 0.000 0.000 0.000 0.000 0.000 0.000 0.000 0.000 0.000 0.000 0.000 0.000
0.000 0.000 0.000 0.000 0.000 0.000 0.001 0.000 0.000 0.000 0.000 0.000 0.000 0.000 0.000 0.000 0.000 0.000 0.000 0.000 0.000 0.000 0.001 0.000 0.000 0.000 0.000 0.000 0.000 0.000 0.000 0.000 0.000 0.000 0.000 0.000 0.000 0.000 0.000 0.000 0.000 0.000 0.000 0.000 0.001 0.001 0.001 0.001 0.001 0.002 0.002 0.002 0.002 0.002 0.001 0.001 0.001 0.001 0.001 0.000 0.000 0.000 0.000 0.000 0.000 0.000 0.000 0.000 0.000 0.000 0.000 0.000 0.000 0.000 0.000 0.000 0.000
0.000 0.000 0.000 0.000 0.000 0.000 0.001 0.000 0.000 0.000 0.000 0.000 0.000 0.000 0.000 0.000 0.000 0.000 0.000 0.000 0.000 0.000 0.000 0.000 0.000 0.000 0.000 0.000 0.000 0.000 0.000 0.000 0.000 0.000 0.000 0.000 0.000 0.000 0.000 0.000 0.000 0.000 0.000 0.000 0.001 0.001 0.001 0.002 0.002 0.002 0.002 0.002 0.002 0.001 0.001 0.001 0.001 0.001 0.001 0.000 0.000 0.000 0.000 0.000 0.000 0.000 0.000 0.000 0.000 0.000 0.000 0.000 0.000 0.000 0.000 0.000 0.000
0.000 0.000 0.000 0.000 0.000 0.000 0.000 0.000 0.000 0.000 0.000 0.000 0.000 0.000 0.000 0.000 0.000 0.000 0.000 0.000 0.000 0.000 0.000 0.000 0.000 0.000 0.000 0.000 0.000 0.000 0.000 0.000 0.000 0.000 0.000 0.000 0.000 0.000 0.000 0.000 0.000 0.000 0.000 0.000 0.001 0.001 0.001 0.002 0.002 0.002 0.002 0.002 0.002 0.001 0.001 0.001 0.001 0.001 0.001 0.001 0.000 0.000 0.000 0.000 0.000 0.000 0.000 0.000 0.000 0.000 0.000 0.000 0.000 0.000 0.000 0.000 0.000
0.000 0.000 0.000 0.000 0.000 0.000 0.000 0.000 0.000 0.000 0.000 0.000 0.000 0.000 0.000 0.000 0.000 0.000 0.000 0.000 0.000 0.000 0.000 0.000 0.000 0.000 0.000 0.000 0.000 0.000 0.000 0.000 0.000 0.000 0.000 0.000 0.000 0.000 0.000 0.000 0.000 0.000 0.000 0.000 0.001 0.001 0.001 0.002 0.002 0.002 0.002 0.001 0.001 0.001 0.001 0.001 0.001 0.001 0.001 0.001 0.001 0.000 0.000 0.000 0.000 0.000 0.000 0.000 0.000 0.000 0.000 0.000 0.000 0.000 0.000 0.000 0.000
0.000 0.000 0.000 0.000 0.000 0.000 0.000 0.000 0.000 0.000 0.000 0.000 0.000 0.000 0.000 0.000 0.000 0.000 0.000 0.000 0.000 0.000 0.000 0.000 0.000 0.000 0.000 0.000 0.000 0.000 0.000 0.000 0.000 0.000 0.000 0.000 0.000 0.000 0.000 0.000 0.000 0.000 0.000 0.000 0.001 0.001 0.001 0.001 0.001 0.001 0.001 0.001 0.001 0.001 0.001 0.001 0.001 0.001 0.001 0.001 0.001 0.001 0.000 0.000 0.000 0.000 0.000 0.000 0.000 0.000 0.000 0.000 0.000 0.000 0.000 0.000 0.000
0.000 0.000 0.000 0.000 0.000 0.000 0.000 0.000 0.000 0.000 0.000 0.001 0.000 0.000 0.000 0.000 0.000 0.000 0.000 0.000 0.000 0.000 0.000 0.000 0.000 0.000 0.000 0.000 0.000 0.000 0.000 0.000 0.000 0.000 0.000 0.000 0.000 0.000 0.000 0.000 0.000 0.000 0.000 0.000 0.001 0.001 0.001 0.001 0.001 0.001 0.001 0.001 0.001 0.001 0.001 0.001 0.001 0.001 0.001 0.001 0.001 0.001 0.000 0.000 0.000 0.000 0.000 0.000 0.000 0.000 0.000 0.000 0.000 0.000 0.000 0.000 0.000
0.000 0.000 0.000 0.000 0.000 0.000 0.000 0.000 0.000 0.000 0.000 0.000 0.000 0.000 0.000 0.000 0.000 0.000 0.000 0.000 0.000 0.000 0.000 0.000 0.000 0.000 0.000 0.000 0.000 0.000 0.000 0.000 0.000 0.000 0.000 0.000 0.000 0.000 0.000 0.000 0.000 0.000 0.000 0.000 0.001 0.001 0.001 0.001 0.001 0.001 0.001 0.001 0.001 0.001 0.001 0.001 0.001 0.001 0.001 0.001 0.001 0.001 0.000 0.000 0.000 0.000 0.000 0.000 0.000 0.000 0.000 0.000 0.000 0.000 0.000 0.000 0.000
