RESULTS/r.avaflow_results/13_results/13_ascii/13_hflow10028.asc
ncols 506
nrows 317
xllcenter 498237.50
yllcenter 5580050.00
cellsize 12.50
NODATA_value -9999.000
[rows 170 to 203 of 317, columns 77 to 153 of 506]
0.000 0.000 0.000 0.001 0.002 0.005 0.010 0.015 0.019 0.023 0.026 0.032 0.048 0.087 0.166 0.293 0.468 0.688 0.950 1.255 1.591 1.953 2.346 2.784 3.242 3.636 3.959 4.262 4.569 4.894 5.261 5.688 6.192 6.798 7.521 8.366 9.323 10.396 11.567 12.802 14.034 15.284 16.606 18.037 19.309 20.475 21.479 22.566 23.842 25.325 26.885 28.355 29.934 31.273 32.207 32.662 32.782 33.061 33.718 34.048 34.462 34.736 34.677 34.569 33.814 32.838 31.562 29.871 28.052 26.098 23.839 21.656 19.622 17.685 15.905 14.158 12.505
0.000 0.001 0.002 0.004 0.008 0.015 0.025 0.036 0.047 0.059 0.075 0.104 0.164 0.273 0.439 0.660 0.926 1.233 1.579 1.962 2.374 2.812 3.279 3.760 4.225 4.634 4.991 5.331 5.669 6.026 6.423 6.886 7.443 8.118 8.945 9.941 11.063 12.330 13.713 15.070 16.368 17.688 19.061 20.436 21.661 22.854 23.831 24.868 26.232 28.038 29.733 31.036 32.289 33.153 33.735 34.232 34.528 34.897 35.571 35.893 36.191 36.336 36.094 35.729 34.676 33.551 32.219 30.468 28.519 26.628 24.554 22.588 20.652 18.815 17.139 15.485 13.921
0.001 0.002 0.005 0.011 0.020 0.033 0.050 0.071 0.095 0.126 0.172 0.249 0.382 0.581 0.831 1.126 1.470 1.863 2.311 2.804 3.322 3.852 4.383 4.876 5.331 5.739 6.119 6.488 6.859 7.250 7.686 8.200 8.821 9.578 10.506 11.576 12.815 14.183 15.661 17.194 18.638 19.944 21.329 22.706 23.935 25.080 26.106 27.102 28.234 29.966 31.739 33.053 33.908 34.281 34.441 34.947 35.483 36.038 36.651 36.844 37.041 37.149 36.691 36.070 35.164 33.891 32.610 31.035 29.223 27.379 25.342 23.367 21.463 19.676 18.055 16.530 15.060
0.001 0.005 0.010 0.020 0.033 0.053 0.080 0.115 0.162 0.225 0.316 0.453 0.653 0.917 1.241 1.623 2.069 2.589 3.180 3.825 4.464 5.077 5.651 6.138 6.568 6.972 7.363 7.748 8.139 8.562 9.040 9.595 10.261 11.059 12.013 13.094 14.371 15.815 17.388 19.045 20.600 21.992 23.393 24.860 26.027 27.201 28.277 29.286 30.171 31.493 32.924 34.087 34.959 35.096 35.038 35.347 35.925 36.616 37.215 37.336 37.503 37.508 36.962 36.299 35.512 34.222 32.988 31.604 29.966 28.205 26.149 24.054 22.140 20.318 18.700 17.237 15.857
0.002 0.006 0.014 0.025 0.042 0.066 0.101 0.151 0.220 0.316 0.447 0.629 0.879 1.205 1.617 2.120 2.718 3.413 4.195 5.040 5.808 6.481 7.063 7.540 7.946 8.334 8.718 9.109 9.512 9.939 10.424 10.978 11.609 12.360 13.284 14.414 15.701 17.165 18.833 20.574 22.250 23.814 25.195 26.593 27.691 28.890 30.024 30.949 31.707 32.799 33.720 34.508 35.411 35.329 35.136 35.255 35.701 36.298 36.898 37.036 37.161 37.139 36.659 36.070 35.378 34.328 33.207 32.031 30.466 28.651 26.481 24.236 22.357 20.617 19.067 17.667 16.344
0.002 0.007 0.015 0.028 0.047 0.074 0.114 0.172 0.256 0.375 0.540 0.766 1.068 1.465 1.966 2.577 3.307 4.161 5.140 6.208 7.152 7.932 8.547 9.028 9.433 9.805 10.160 10.542 10.930 11.328 11.771 12.285 12.861 13.573 14.477 15.588 16.842 18.286 19.980 21.826 23.664 25.326 26.884 28.180 29.331 30.445 31.561 32.358 32.956 33.857 34.359 34.648 35.237 35.272 35.278 35.242 35.473 35.879 36.564 36.767 36.804 36.867 36.457 35.878 35.380 34.457 33.426 32.213 30.556 28.768 26.584 24.334 22.474 20.745 19.231 17.861 16.561
0.002 0.007 0.016 0.029 0.049 0.077 0.118 0.180 0.273 0.409 0.603 0.870 1.227 1.692 2.276 2.982 3.808 4.768 5.880 7.129 8.266 9.199 9.914 10.454 10.867 11.232 11.582 11.938 12.288 12.660 13.068 13.525 14.028 14.658 15.505 16.542 17.782 19.248 20.846 22.669 24.561 26.245 28.027 29.385 30.701 31.696 32.658 33.323 33.885 34.631 34.905 34.965 35.196 35.169 35.217 35.056 35.137 35.477 36.274 36.612 36.727 36.748 36.314 35.785 35.370 34.489 33.620 32.252 30.547 28.734 26.460 24.255 22.432 20.751 19.251 17.899 16.599
0.002 0.007 0.016 0.030 0.049 0.078 0.119 0.182 0.277 0.421 0.637 0.945 1.358 1.890 2.546 3.322 4.217 5.240 6.418 7.766 9.106 10.222 11.079 11.732 12.207 12.594 12.941 13.263 13.582 13.901 14.250 14.626 15.075 15.659 16.403 17.352 18.537 19.933 21.524 23.341 25.384 27.259 29.074 30.404 31.593 32.491 33.369 33.898 34.235 34.785 34.938 34.905 34.998 34.677 34.392 34.183 34.312 34.918 35.828 36.200 36.314 36.278 35.873 35.511 35.032 34.144 33.207 31.726 29.993 28.132 25.955 23.920 22.168 20.590 19.137 17.818 16.572
0.002 0.007 0.016 0.029 0.049 0.076 0.117 0.178 0.272 0.419 0.647 0.987 1.457 2.053 2.767 3.590 4.524 5.578 6.784 8.173 9.666 10.989 12.053 12.860 13.446 13.882 14.221 14.528 14.806 15.078 15.371 15.708 16.056 16.539 17.208 18.036 19.119 20.437 21.986 23.760 25.877 27.935 29.768 31.148 32.213 33.018 33.925 34.381 34.550 35.027 35.079 34.959 35.071 34.803 34.491 34.147 33.871 34.335 35.568 35.889 35.895 35.896 35.474 35.194 34.584 33.625 32.574 31.009 29.195 27.300 25.197 23.281 21.632 20.164 18.808 17.585 16.423
0.001 0.005 0.013 0.026 0.045 0.071 0.108 0.163 0.251 0.394 0.629 0.992 1.511 2.169 2.930 3.782 4.729 5.783 6.975 8.355 9.942 11.521 12.813 13.820 14.554 15.060 15.420 15.705 15.965 16.199 16.405 16.684 16.941 17.296 17.809 18.562 19.567 20.833 22.312 24.095 26.238 28.370 30.309 31.793 32.840 33.557 34.301 34.708 34.964 35.338 35.233 35.175 35.267 34.858 34.485 34.184 33.922 34.046 35.192 35.511 35.497 35.417 34.944 34.550 33.859 32.784 31.637 29.986 28.104 26.069 24.129 22.442 20.927 19.591 18.361 17.234 16.122
0.001 0.003 0.009 0.021 0.037 0.058 0.088 0.130 0.199 0.322 0.550 0.937 1.501 2.212 3.017 3.888 4.838 5.884 7.063 8.437 10.028 11.792 13.338 14.567 15.478 16.112 16.555 16.846 17.089 17.264 17.395 17.597 17.761 18.011 18.456 19.047 19.923 21.143 22.525 24.220 26.257 28.398 30.446 31.973 33.036 33.715 34.127 34.469 34.824 35.103 34.986 35.025 35.134 34.833 34.455 34.115 33.784 33.556 34.161 34.546 34.820 34.615 34.017 33.520 32.658 31.538 30.227 28.497 26.572 24.611 22.843 21.326 20.000 18.822 17.686 16.639 15.668
0.000 0.002 0.005 0.013 0.024 0.039 0.056 0.079 0.119 0.202 0.385 0.751 1.349 2.134 3.016 3.923 4.866 5.901 7.073 8.438 10.039 11.882 13.671 15.139 16.245 17.038 17.572 17.907 18.112 18.255 18.352 18.461 18.561 18.709 19.048 19.482 20.164 21.206 22.627 24.305 26.295 28.463 30.565 32.106 33.179 34.035 34.276 34.428 34.860 35.075 34.943 35.110 35.095 34.856 34.630 34.162 33.758 33.540 33.733 33.660 34.148 33.915 33.210 32.575 31.476 30.295 28.850 27.058 25.130 23.292 21.667 20.277 19.061 17.954 16.921 15.929 15.045
0.000 0.001 0.003 0.007 0.014 0.023 0.032 0.044 0.064 0.107 0.212 0.469 0.999 1.809 2.802 3.830 4.809 5.837 6.995 8.354 9.970 11.841 13.849 15.554 16.859 17.850 18.515 18.902 19.107 19.268 19.311 19.292 19.338 19.375 19.588 19.943 20.519 21.395 22.695 24.367 26.330 28.491 30.607 32.226 33.418 34.305 34.426 34.513 34.857 34.900 34.865 35.176 35.128 34.891 34.868 34.389 33.714 33.287 33.163 32.885 33.231 32.982 32.417 31.690 30.521 29.206 27.696 25.847 23.944 22.145 20.612 19.235 18.047 16.990 16.018 15.077 14.238
0.000 0.000 0.001 0.004 0.008 0.013 0.019 0.027 0.040 0.067 0.127 0.277 0.633 1.300 2.273 3.406 4.506 5.592 6.781 8.159 9.793 11.737 13.918 15.799 17.300 18.421 19.237 19.762 20.042 20.131 20.144 20.138 20.159 20.133 20.220 20.408 20.880 21.625 22.668 24.217 26.094 28.302 30.401 31.967 33.086 33.918 34.131 34.245 34.498 34.444 34.493 34.704 34.633 34.428 34.409 34.070 33.467 32.961 32.490 32.073 32.049 31.877 31.528 30.820 29.664 28.314 26.833 24.985 22.987 21.115 19.563 18.215 17.031 15.968 15.005 14.115 13.296
0.000 0.000 0.001 0.002 0.004 0.007 0.012 0.019 0.032 0.057 0.107 0.210 0.447 0.931 1.710 2.748 3.917 5.117 6.380 7.798 9.499 11.539 13.859 15.904 17.571 18.846 19.886 20.513 20.889 21.059 21.098 21.042 20.972 20.919 20.927 21.061 21.385 22.004 22.870 24.358 26.123 28.281 30.394 31.820 32.803 33.738 34.066 34.089 34.373 34.277 34.199 34.372 34.297 34.129 34.179 33.909 33.529 32.982 32.262 31.759 31.406 31.190 30.934 30.273 29.148 27.739 26.214 24.269 22.182 20.286 18.665 17.230 16.030 14.976 14.023 13.115 12.302
0.000 0.000 0.000 0.001 0.002 0.004 0.008 0.015 0.029 0.056 0.108 0.206 0.399 0.775 1.410 2.317 3.430 4.668 6.015 7.503 9.239 11.295 13.674 15.827 17.616 19.067 20.257 21.093 21.661 21.940 22.015 21.991 21.923 21.893 21.824 21.895 22.057 22.590 23.274 24.588 26.162 28.232 30.176 31.528 32.488 33.425 33.808 33.899 34.149 33.947 33.773 33.758 33.628 33.460 33.615 33.332 33.145 32.849 32.236 31.573 30.850 30.346 29.989 29.424 28.408 27.071 25.527 23.575 21.443 19.472 17.792 16.316 15.080 14.012 13.047 12.131 11.294
0.000 0.000 0.000 0.000 0.001 0.002 0.005 0.013 0.028 0.059 0.118 0.224 0.411 0.752 1.317 2.136 3.193 4.431 5.821 7.352 9.069 11.072 13.411 15.717 17.595 19.170 20.488 21.519 22.225 22.655 22.875 22.955 22.948 22.885 22.839 22.921 23.035 23.493 24.005 25.037 26.248 28.015 29.664 30.962 31.828 32.631 32.992 33.101 33.267 33.023 32.767 32.503 32.287 32.161 32.536 32.391 32.325 32.343 31.879 31.283 30.609 29.768 29.027 28.627 27.755 26.555 24.929 22.950 20.778 18.747 16.982 15.442 14.153 13.059 12.086 11.175 10.281
0.000 0.000 0.000 0.000 0.000 0.001 0.004 0.011 0.028 0.066 0.140 0.266 0.469 0.802 1.338 2.118 3.139 4.364 5.766 7.315 8.993 10.900 13.089 15.418 17.457 19.170 20.523 21.733 22.677 23.330 23.698 23.873 23.981 24.029 24.086 24.200 24.363 24.802 25.202 25.990 26.839 28.118 29.449 30.569 31.363 32.057 32.225 32.241 32.418 32.182 31.856 31.485 31.221 31.124 31.462 31.407 31.518 31.729 31.358 30.927 30.296 29.350 28.395 27.830 26.910 25.795 24.232 22.285 20.093 18.018 16.224 14.627 13.277 12.116 11.120 10.186 9.219
0.000 0.000 0.000 0.000 0.000 0.001 0.002 0.009 0.029 0.076 0.173 0.336 0.584 0.948 1.475 2.211 3.180 4.369 5.755 7.307 8.988 10.811 12.783 14.996 17.176 19.024 20.526 21.823 22.901 23.777 24.347 24.693 24.905 25.060 25.199 25.364 25.631 26.026 26.381 26.998 27.526 28.334 29.294 30.205 30.889 31.404 31.447 31.472 31.641 31.435 31.122 30.597 30.274 30.019 30.188 30.298 30.446 30.641 30.469 30.160 29.513 28.617 27.664 26.800 25.807 24.799 23.317 21.490 19.381 17.286 15.448 13.812 12.392 11.139 10.008 8.930 7.846
0.000 0.000 0.000 0.000 0.000 0.000 0.002 0.008 0.030 0.090 0.220 0.440 0.764 1.192 1.744 2.459 3.374 4.507 5.855 7.386 9.049 10.803 12.629 14.608 16.737 18.729 20.380 21.796 22.972 23.964 24.786 25.339 25.631 25.815 25.914 26.036 26.405 26.732 27.030 27.566 27.871 28.326 28.930 29.649 30.167 30.636 30.630 30.672 30.826 30.642 30.419 29.979 29.479 29.076 29.092 29.042 29.111 29.255 29.130 28.963 28.572 27.747 26.783 25.787 24.576 23.483 22.099 20.442 18.549 16.482 14.632 12.986 11.476 10.063 8.712 7.408 6.195
0.000 0.000 0.000 0.000 0.000 0.000 0.001 0.007 0.029 0.104 0.281 0.586 1.016 1.535 2.142 2.868 3.752 4.829 6.109 7.572 9.186 10.872 12.581 14.374 16.283 18.287 20.096 21.638 22.991 24.035 24.971 25.635 26.014 26.386 26.502 26.549 26.909 27.135 27.359 27.873 28.069 28.340 28.811 29.394 29.843 30.326 30.315 30.356 30.457 30.265 30.102 29.863 29.254 28.715 28.515 28.171 28.041 28.056 27.739 27.430 27.147 26.410 25.429 24.325 23.044 21.833 20.516 19.036 17.363 15.503 13.720 12.027 10.392 8.779 7.219 5.732 4.389
0.000 0.000 0.000 0.000 0.000 0.000 0.001 0.005 0.027 0.113 0.352 0.780 1.356 1.989 2.671 3.434 4.315 5.353 6.579 7.972 9.497 11.076 12.685 14.329 16.066 17.922 19.681 21.222 22.689 23.891 25.070 25.922 26.412 26.784 26.875 26.933 27.200 27.377 27.619 28.076 28.195 28.394 28.727 29.183 29.572 29.966 29.985 30.023 30.113 29.997 29.857 29.647 29.150 28.510 28.072 27.484 27.044 26.789 26.297 25.806 25.332 24.620 23.648 22.556 21.313 19.993 18.578 17.159 15.640 14.020 12.306 10.526 8.651 6.796 5.071 3.540 2.353
0.000 0.000 0.000 0.000 0.000 0.001 0.001 0.005 0.023 0.110 0.413 1.018 1.808 2.560 3.322 4.140 5.049 6.080 7.250 8.570 10.007 11.460 12.897 14.407 16.020 17.708 19.289 20.843 22.445 23.750 24.987 25.849 26.388 26.788 26.839 26.904 27.096 27.253 27.485 27.875 27.978 28.110 28.362 28.680 29.052 29.451 29.463 29.464 29.603 29.489 29.356 29.142 28.684 27.970 27.385 26.665 26.007 25.451 24.821 24.230 23.482 22.697 21.744 20.654 19.335 17.934 16.462 14.935 13.384 11.704 9.819 7.793 5.712 3.835 2.400 1.425 0.814
0.000 0.000 0.000 0.001 0.001 0.002 0.002 0.005 0.020 0.102 0.438 1.200 2.236 3.141 4.025 4.945 5.932 7.015 8.198 9.469 10.787 12.083 13.355 14.659 16.093 17.649 19.180 20.637 22.134 23.392 24.796 25.768 26.326 26.831 26.882 26.876 27.088 27.280 27.417 27.765 27.816 27.800 28.056 28.254 28.574 29.008 29.053 28.988 29.178 29.055 28.922 28.677 28.080 27.318 26.680 25.842 25.052 24.336 23.451 22.595 21.640 20.676 19.668 18.575 17.282 15.850 14.285 12.530 10.667 8.552 6.388 4.375 2.712 1.506 0.754 0.355 0.166
0.000 0.001 0.001 0.002 0.003 0.003 0.004 0.006 0.019 0.091 0.423 1.256 2.487 3.606 4.659 5.742 6.884 8.094 9.361 10.619 11.818 12.957 14.074 15.222 16.470 17.765 19.133 20.487 21.887 23.127 24.545 25.523 26.115 26.644 26.733 26.752 26.975 27.210 27.257 27.457 27.430 27.338 27.535 27.643 27.929 28.309 28.390 28.403 28.540 28.333 28.098 27.799 27.206 26.392 25.632 24.764 23.873 22.992 21.942 20.905 19.770 18.653 17.515 16.347 15.051 13.619 11.957 10.042 7.935 5.753 3.748 2.127 1.037 0.438 0.169 0.066 0.028
0.002 0.002 0.003 0.004 0.005 0.006 0.007 0.009 0.019 0.077 0.374 1.213 2.563 3.935 5.199 6.492 7.864 9.310 10.707 11.972 13.106 14.135 15.125 16.103 17.099 18.197 19.377 20.643 21.884 22.996 24.215 25.008 25.627 26.094 26.197 26.281 26.526 26.698 26.783 26.870 26.707 26.541 26.716 26.738 27.001 27.399 27.437 27.370 27.438 27.265 27.109 26.667 25.964 25.119 24.205 23.230 22.265 21.278 20.160 18.996 17.747 16.519 15.264 14.035 12.690 11.213 9.478 7.508 5.436 3.522 1.955 0.899 0.341 0.112 0.036 0.012 0.006
0.005 0.005 0.006 0.007 0.008 0.009 0.011 0.013 0.022 0.073 0.342 1.159 2.563 4.168 5.692 7.240 8.863 10.620 12.240 13.591 14.724 15.667 16.505 17.319 18.116 18.926 19.822 20.891 22.011 22.971 23.998 24.643 25.142 25.641 25.730 25.732 26.033 26.164 26.200 26.311 26.097 25.890 26.003 25.909 25.948 26.164 26.180 26.135 26.228 25.941 25.596 25.178 24.465 23.519 22.531 21.422 20.356 19.221 17.980 16.692 15.447 14.139 12.826 11.512 10.122 8.602 6.866 4.970 3.202 1.763 0.798 0.291 0.089 0.025 0.008 0.004 0.004
0.009 0.009 0.009 0.010 0.012 0.014 0.015 0.016 0.024 0.074 0.340 1.159 2.604 4.381 6.164 7.971 9.869 11.885 13.755 15.285 16.511 17.455 18.231 18.838 19.371 19.901 20.489 21.285 22.149 23.004 23.848 24.360 24.724 25.203 25.305 25.285 25.461 25.488 25.478 25.546 25.350 25.127 25.087 24.935 24.853 24.901 24.773 24.687 24.658 24.285 23.775 23.318 22.510 21.495 20.411 19.162 17.925 16.722 15.425 14.090 12.812 11.446 10.128 8.771 7.411 5.867 4.195 2.638 1.429 0.631 0.221 0.065 0.018 0.005 0.003 0.003 0.004
0.014 0.014 0.014 0.015 0.017 0.018 0.018 0.018 0.025 0.078 0.360 1.218 2.732 4.629 6.625 8.689 10.856 13.087 15.138 16.871 18.270 19.243 19.962 20.454 20.823 21.090 21.361 21.938 22.511 23.059 23.611 23.946 24.261 24.604 24.692 24.676 24.710 24.619 24.588 24.597 24.422 24.237 24.058 23.783 23.576 23.468 23.165 22.853 22.664 22.192 21.567 20.974 20.113 19.073 17.905 16.580 15.234 13.934 12.618 11.288 10.025 8.706 7.402 6.047 4.642 3.206 1.931 0.993 0.418 0.141 0.041 0.011 0.003 0.002 0.002 0.003 0.006
0.023 0.021 0.020 0.021 0.022 0.022 0.020 0.020 0.028 0.088 0.416 1.380 3.029 5.046 7.184 9.402 11.790 14.164 16.272 18.165 19.610 20.641 21.318 21.737 21.973 22.132 22.262 22.605 22.928 23.249 23.597 23.708 23.912 24.133 24.086 24.026 24.055 23.899 23.775 23.801 23.623 23.355 23.103 22.656 22.156 21.827 21.420 21.000 20.546 19.875 19.164 18.309 17.387 16.277 15.073 13.678 12.372 11.150 9.924 8.705 7.494 6.239 4.930 3.571 2.303 1.280 0.593 0.226 0.073 0.022 0.006 0.002 0.001 0.001 0.002 0.004 0.007
0.037 0.032 0.030 0.029 0.028 0.024 0.022 0.022 0.032 0.109 0.522 1.691 3.605 5.768 7.946 10.243 12.685 15.020 17.156 19.092 20.619 21.733 22.410 22.807 23.041 23.083 23.047 23.154 23.227 23.358 23.615 23.601 23.634 23.638 23.394 23.217 23.213 23.042 22.921 22.889 22.659 22.344 21.977 21.423 20.769 20.250 19.615 18.948 18.280 17.480 16.633 15.634 14.596 13.418 12.239 10.954 9.741 8.604 7.471 6.369 5.249 4.063 2.825 1.685 0.835 0.333 0.110 0.033 0.010 0.003 0.001 0.001 0.001 0.001 0.002 0.004 0.007
0.059 0.051 0.044 0.038 0.032 0.026 0.023 0.024 0.040 0.152 0.720 2.233 4.558 6.810 8.957 11.188 13.510 15.722 17.768 19.650 21.223 22.383 23.208 23.593 23.786 23.743 23.653 23.694 23.620 23.489 23.536 23.364 23.217 22.913 22.453 22.094 22.017 21.876 21.832 21.723 21.430 21.174 20.713 20.076 19.266 18.511 17.747 16.972 16.128 15.187 14.218 13.108 11.952 10.751 9.590 8.447 7.346 6.299 5.267 4.257 3.222 2.184 1.252 0.575 0.204 0.058 0.016 0.004 0.001 0.001 0.001 0.001 0.001 0.001 0.002 0.003 0.007
0.078 0.068 0.055 0.043 0.034 0.027 0.025 0.026 0.049 0.209 1.004 3.026 5.778 7.949 9.962 11.998 14.121 16.186 18.115 19.931 21.484 22.697 23.515 23.936 24.232 24.226 24.164 24.128 23.956 23.720 23.616 23.224 22.750 22.183 21.490 20.913 20.780 20.594 20.504 20.356 20.033 19.829 19.325 18.699 17.809 16.887 15.955 15.043 14.078 13.040 11.914 10.710 9.482 8.303 7.206 6.177 5.192 4.234 3.270 2.353 1.530 0.855 0.381 0.129 0.034 0.008 0.002 0.001 0.001 0.000 0.000 0.000 0.001 0.001 0.001 0.003 0.007
0.086 0.075 0.060 0.045 0.035 0.028 0.026 0.028 0.053 0.226 1.128 3.517 6.664 8.840 10.724 12.614 14.530 16.418 18.235 19.900 21.381 22.691 23.575 24.028 24.337 24.286 24.212 24.165 23.934 23.714 23.450 22.860 22.134 21.371 20.493 19.755 19.457 19.150 18.959 18.694 18.358 18.180 17.739 17.105 16.195 15.212 14.124 13.106 12.036 10.929 9.705 8.444 7.213 6.082 5.058 4.110 3.213 2.361 1.582 0.945 0.489 0.210 0.072 0.020 0.005 0.001 0.001 0.000 0.000 0.000 0.000 0.000 0.000 0.001 0.001 0.003 0.012
