RESULTS/r.avaflow_results/13_results/13_ascii/13_hflow10033.asc
ncols 506
nrows 317
xllcenter 498237.50
yllcenter 5580050.00
cellsize 12.50
NODATA_value -9999.000
[rows 170 to 203 of 317, columns 77 to 153 of 506]
0.000 0.000 0.001 0.002 0.004 0.009 0.016 0.024 0.030 0.034 0.039 0.048 0.071 0.123 0.218 0.364 0.557 0.789 1.060 1.365 1.696 2.049 2.429 2.856 3.319 3.733 4.089 4.426 4.768 5.132 5.532 5.990 6.543 7.199 7.962 8.844 9.840 10.939 12.117 13.272 14.405 15.521 16.693 17.940 19.172 20.388 21.540 22.819 24.116 25.456 26.851 28.111 29.727 31.085 32.040 32.691 32.977 33.393 34.004 34.409 34.862 34.951 35.014 34.955 34.279 33.332 32.164 30.505 28.762 26.807 24.643 22.373 20.282 18.300 16.411 14.665 13.015
0.001 0.002 0.004 0.007 0.014 0.024 0.039 0.054 0.069 0.085 0.107 0.146 0.222 0.352 0.540 0.780 1.060 1.376 1.729 2.104 2.503 2.925 3.370 3.845 4.315 4.744 5.134 5.506 5.876 6.266 6.701 7.209 7.815 8.537 9.402 10.419 11.569 12.832 14.154 15.416 16.633 17.827 19.006 20.257 21.542 22.685 23.892 25.110 26.544 28.091 29.524 30.649 31.993 32.953 33.667 34.244 34.578 34.982 35.714 36.107 36.418 36.428 36.216 35.846 34.981 33.869 32.710 31.057 29.307 27.369 25.462 23.380 21.376 19.472 17.635 15.986 14.396
0.002 0.005 0.010 0.019 0.032 0.051 0.075 0.102 0.133 0.173 0.231 0.328 0.486 0.710 0.982 1.293 1.648 2.055 2.510 2.984 3.477 3.975 4.476 4.971 5.428 5.853 6.263 6.663 7.064 7.484 7.958 8.515 9.169 9.957 10.909 12.001 13.215 14.566 16.011 17.425 18.712 19.942 21.162 22.518 23.782 24.902 26.149 27.233 28.589 30.394 31.878 32.802 33.581 34.060 34.417 34.970 35.463 35.975 36.716 37.012 37.206 37.247 36.862 36.303 35.546 34.412 33.224 31.748 30.064 28.251 26.419 24.305 22.268 20.371 18.591 16.968 15.460
0.005 0.010 0.018 0.032 0.051 0.077 0.113 0.159 0.218 0.296 0.404 0.562 0.785 1.073 1.421 1.828 2.298 2.832 3.427 4.042 4.633 5.202 5.745 6.222 6.662 7.080 7.490 7.901 8.320 8.777 9.287 9.872 10.554 11.350 12.288 13.378 14.627 16.038 17.560 19.121 20.558 21.944 23.166 24.556 25.779 26.861 28.120 29.155 30.227 31.809 33.142 34.231 34.812 34.962 34.963 35.434 35.957 36.617 37.274 37.475 37.632 37.643 37.141 36.576 35.878 34.771 33.545 32.337 30.770 29.049 27.162 24.935 22.847 20.984 19.283 17.695 16.232
0.006 0.013 0.024 0.040 0.062 0.095 0.140 0.201 0.285 0.397 0.548 0.753 1.026 1.379 1.817 2.347 2.965 3.676 4.472 5.270 5.974 6.599 7.150 7.601 8.016 8.420 8.818 9.232 9.655 10.119 10.625 11.186 11.828 12.571 13.485 14.584 15.852 17.286 18.867 20.555 22.181 23.607 24.854 26.285 27.424 28.462 29.727 30.719 31.492 32.659 33.794 34.777 35.460 35.360 35.094 35.318 35.628 36.247 36.908 37.143 37.252 37.232 36.802 36.310 35.708 34.844 33.755 32.683 31.173 29.384 27.447 25.268 23.193 21.345 19.699 18.121 16.668
0.007 0.015 0.027 0.044 0.069 0.105 0.155 0.226 0.327 0.465 0.652 0.902 1.230 1.654 2.180 2.813 3.558 4.419 5.397 6.411 7.296 8.023 8.606 9.073 9.476 9.851 10.225 10.619 11.029 11.444 11.894 12.409 13.006 13.726 14.616 15.657 16.895 18.321 19.903 21.603 23.292 24.949 26.290 27.702 28.868 29.929 31.030 31.931 32.865 33.822 34.362 34.682 35.524 35.514 35.249 35.254 35.399 35.788 36.562 36.829 36.841 36.962 36.634 36.123 35.710 34.941 33.924 32.841 31.294 29.487 27.533 25.301 23.270 21.455 19.849 18.315 16.882
0.007 0.015 0.028 0.046 0.072 0.109 0.162 0.237 0.347 0.503 0.721 1.015 1.401 1.893 2.502 3.225 4.062 5.022 6.120 7.313 8.392 9.266 9.954 10.472 10.897 11.251 11.607 11.959 12.334 12.709 13.114 13.566 14.092 14.738 15.556 16.519 17.732 19.133 20.712 22.526 24.333 26.137 27.572 28.889 30.046 31.082 32.172 32.910 33.600 34.382 34.768 34.916 35.397 35.477 35.342 35.297 35.197 35.440 36.303 36.635 36.796 36.895 36.495 36.060 35.665 34.925 34.068 32.870 31.362 29.505 27.465 25.223 23.213 21.387 19.859 18.336 16.890
0.007 0.015 0.028 0.047 0.073 0.110 0.163 0.239 0.353 0.519 0.761 1.096 1.538 2.099 2.779 3.572 4.472 5.488 6.643 7.940 9.218 10.273 11.110 11.719 12.190 12.558 12.909 13.248 13.568 13.886 14.268 14.650 15.100 15.676 16.421 17.337 18.480 19.816 21.350 23.054 24.943 26.828 28.448 29.654 30.816 31.672 32.663 33.268 33.691 34.325 34.602 34.626 34.718 34.661 34.464 34.778 34.807 34.978 35.847 36.203 36.379 36.428 36.034 35.654 35.185 34.385 33.576 32.312 30.870 28.922 26.892 24.858 22.922 21.197 19.759 18.288 16.877
0.006 0.014 0.027 0.046 0.073 0.109 0.161 0.236 0.349 0.519 0.774 1.144 1.642 2.265 3.003 3.843 4.783 5.826 6.996 8.332 9.760 11.032 12.061 12.826 13.404 13.836 14.176 14.464 14.750 15.020 15.313 15.667 16.049 16.511 17.131 17.937 18.972 20.228 21.728 23.479 25.474 27.400 29.233 30.524 31.589 32.357 33.206 33.770 34.075 34.624 34.751 34.705 34.732 34.537 34.236 34.348 34.467 34.814 35.700 35.961 35.984 36.052 35.666 35.187 34.696 33.873 32.930 31.684 30.156 28.169 26.101 24.145 22.371 20.833 19.469 18.090 16.748
0.004 0.011 0.023 0.043 0.069 0.103 0.151 0.222 0.328 0.496 0.761 1.156 1.703 2.382 3.161 4.027 4.981 6.030 7.202 8.539 10.042 11.542 12.779 13.742 14.456 14.956 15.331 15.625 15.884 16.116 16.332 16.593 16.903 17.285 17.781 18.474 19.406 20.609 21.997 23.788 25.765 27.864 29.743 31.137 32.154 33.043 33.635 34.107 34.397 34.875 34.920 34.971 35.036 34.641 34.282 34.075 34.076 34.518 35.539 35.583 35.495 35.472 35.072 34.522 33.966 33.000 31.852 30.595 28.969 26.939 24.979 23.215 21.640 20.246 18.952 17.699 16.459
0.002 0.007 0.017 0.035 0.059 0.089 0.129 0.187 0.275 0.426 0.690 1.112 1.702 2.432 3.251 4.133 5.087 6.119 7.274 8.607 10.142 11.844 13.310 14.498 15.385 16.008 16.429 16.746 16.987 17.170 17.319 17.471 17.630 17.850 18.264 18.875 19.640 20.850 22.089 23.831 25.723 27.902 29.830 31.306 32.331 33.178 33.531 33.879 34.246 34.576 34.602 34.587 34.738 34.428 34.102 33.762 33.504 33.565 34.683 34.889 34.800 34.564 34.022 33.372 32.780 31.768 30.581 29.210 27.461 25.494 23.727 22.148 20.751 19.480 18.322 17.181 16.032
0.001 0.003 0.010 0.023 0.042 0.065 0.092 0.127 0.185 0.298 0.526 0.941 1.571 2.370 3.255 4.166 5.111 6.135 7.280 8.598 10.134 11.928 13.630 15.051 16.125 16.890 17.412 17.784 18.003 18.113 18.272 18.329 18.396 18.547 18.855 19.310 19.929 21.025 22.150 23.897 25.767 27.978 30.001 31.492 32.520 33.365 33.696 33.821 34.290 34.520 34.546 34.528 34.663 34.470 34.099 33.777 33.449 33.329 33.932 34.057 34.194 33.928 33.272 32.425 31.630 30.490 29.222 27.828 26.022 24.159 22.511 21.075 19.803 18.596 17.547 16.470 15.407
0.000 0.002 0.005 0.013 0.025 0.040 0.056 0.076 0.107 0.172 0.317 0.641 1.235 2.071 3.060 4.079 5.050 6.069 7.223 8.544 10.091 11.895 13.797 15.416 16.717 17.640 18.291 18.693 18.939 19.001 19.156 19.143 19.155 19.233 19.441 19.790 20.282 21.185 22.270 23.926 25.772 28.009 30.026 31.565 32.717 33.548 33.811 33.904 34.313 34.416 34.416 34.643 34.656 34.502 34.217 34.010 33.425 32.954 33.119 33.227 33.447 33.238 32.602 31.658 30.726 29.528 28.150 26.630 24.818 23.049 21.439 20.060 18.822 17.658 16.645 15.607 14.638
0.000 0.001 0.003 0.007 0.015 0.024 0.034 0.047 0.067 0.107 0.193 0.397 0.828 1.555 2.550 3.671 4.753 5.826 6.984 8.325 9.921 11.812 13.909 15.699 17.149 18.216 19.035 19.530 19.802 19.889 19.994 19.996 19.983 19.968 20.014 20.212 20.644 21.290 22.232 23.746 25.582 27.770 29.802 31.291 32.380 33.179 33.408 33.584 33.844 33.866 33.838 34.160 34.089 33.950 33.788 33.634 33.094 32.444 32.263 32.173 32.295 32.323 31.814 30.924 29.985 28.718 27.289 25.618 23.756 21.961 20.377 19.024 17.820 16.690 15.656 14.670 13.750
0.000 0.000 0.001 0.003 0.008 0.014 0.022 0.032 0.050 0.085 0.153 0.292 0.592 1.143 1.966 3.017 4.176 5.364 6.602 8.006 9.649 11.619 13.812 15.783 17.403 18.652 19.596 20.225 20.628 20.787 20.829 20.857 20.826 20.775 20.737 20.817 21.180 21.686 22.485 23.855 25.645 27.769 29.796 31.142 32.079 33.009 33.313 33.387 33.659 33.597 33.423 33.628 33.619 33.571 33.585 33.338 33.051 32.453 32.040 31.631 31.506 31.601 31.268 30.460 29.571 28.232 26.735 24.871 22.927 21.106 19.463 18.052 16.840 15.707 14.671 13.707 12.800
0.000 0.000 0.000 0.001 0.004 0.008 0.014 0.024 0.043 0.080 0.149 0.276 0.514 0.949 1.636 2.574 3.693 4.920 6.234 7.698 9.368 11.363 13.665 15.769 17.489 18.872 19.990 20.833 21.368 21.640 21.684 21.720 21.614 21.590 21.588 21.616 21.833 22.271 22.922 24.029 25.690 27.675 29.588 30.825 31.757 32.682 33.045 33.129 33.338 33.108 32.903 32.951 32.885 32.808 33.057 32.893 32.735 32.387 31.880 31.281 31.013 30.880 30.684 29.944 29.066 27.759 26.239 24.244 22.197 20.293 18.593 17.120 15.862 14.737 13.729 12.745 11.834
0.000 0.000 0.000 0.001 0.002 0.004 0.009 0.019 0.040 0.081 0.157 0.289 0.517 0.908 1.521 2.377 3.449 4.687 6.053 7.557 9.222 11.176 13.436 15.640 17.483 18.977 20.233 21.269 21.980 22.426 22.562 22.693 22.655 22.585 22.602 22.581 22.706 23.071 23.608 24.483 25.770 27.341 29.064 30.210 31.123 31.888 32.221 32.317 32.454 32.181 31.957 31.829 31.652 31.575 31.971 31.968 31.892 31.937 31.477 30.843 30.270 29.841 29.700 29.250 28.377 27.164 25.590 23.555 21.462 19.532 17.783 16.239 14.948 13.797 12.781 11.808 10.873
0.000 0.000 0.000 0.000 0.001 0.002 0.005 0.015 0.037 0.086 0.177 0.328 0.567 0.948 1.532 2.350 3.388 4.612 5.995 7.515 9.154 11.001 13.080 15.346 17.317 18.966 20.362 21.467 22.402 23.047 23.406 23.608 23.744 23.747 23.838 23.863 23.989 24.274 24.664 25.443 26.269 27.402 28.825 29.804 30.546 31.262 31.525 31.518 31.693 31.411 31.060 30.766 30.552 30.445 30.891 31.063 31.150 31.328 30.947 30.565 29.897 29.252 28.868 28.521 27.694 26.523 24.916 22.978 20.772 18.802 17.007 15.413 14.061 12.863 11.837 10.861 9.848
0.000 0.000 0.000 0.000 0.000 0.001 0.004 0.013 0.037 0.096 0.211 0.400 0.682 1.088 1.659 2.433 3.428 4.630 6.010 7.524 9.151 10.897 12.814 14.975 17.068 18.850 20.338 21.555 22.671 23.515 24.054 24.328 24.510 24.644 24.815 24.917 25.178 25.429 25.780 26.443 26.894 27.621 28.650 29.533 30.194 30.715 30.814 30.825 31.028 30.834 30.561 30.068 29.712 29.484 29.731 29.878 30.038 30.276 30.072 29.813 29.242 28.447 27.782 27.362 26.652 25.596 24.065 22.252 20.048 18.066 16.222 14.595 13.153 11.874 10.721 9.617 8.502
0.000 0.000 0.000 0.000 0.000 0.001 0.003 0.011 0.038 0.112 0.264 0.515 0.874 1.338 1.926 2.672 3.607 4.747 6.084 7.589 9.213 10.908 12.703 14.577 16.626 18.588 20.214 21.563 22.706 23.698 24.416 24.905 25.185 25.454 25.521 25.537 25.896 26.125 26.418 26.953 27.265 27.687 28.348 29.000 29.592 30.015 30.041 30.041 30.180 30.022 29.788 29.390 28.951 28.566 28.643 28.618 28.702 28.907 28.801 28.600 28.121 27.387 26.608 26.031 25.248 24.301 22.892 21.250 19.231 17.271 15.389 13.738 12.212 10.785 9.410 8.092 6.860
0.000 0.000 0.000 0.000 0.000 0.000 0.002 0.010 0.039 0.133 0.341 0.686 1.153 1.701 2.333 3.078 3.976 5.060 6.342 7.789 9.359 10.996 12.680 14.394 16.250 18.206 19.956 21.409 22.676 23.780 24.716 25.344 25.684 25.998 26.061 26.090 26.405 26.596 26.792 27.290 27.533 27.748 28.307 28.769 29.199 29.663 29.701 29.623 29.781 29.682 29.480 29.236 28.753 28.295 28.152 27.816 27.682 27.678 27.457 27.228 26.701 26.125 25.131 24.269 23.395 22.530 21.314 19.819 18.089 16.277 14.459 12.771 11.118 9.501 7.923 6.433 5.066
0.000 0.000 0.000 0.000 0.000 0.000 0.002 0.008 0.037 0.151 0.440 0.925 1.544 2.194 2.883 3.653 4.541 5.580 6.789 8.167 9.670 11.218 12.763 14.351 16.040 17.820 19.518 21.057 22.454 23.603 24.628 25.360 25.872 26.268 26.411 26.444 26.709 26.886 27.069 27.510 27.675 27.827 28.268 28.606 29.022 29.437 29.479 29.475 29.599 29.462 29.281 29.119 28.664 28.116 27.724 27.187 26.755 26.354 26.086 25.639 24.949 24.526 23.616 22.539 21.445 20.366 19.282 17.980 16.426 14.806 13.111 11.310 9.413 7.568 5.828 4.246 2.924
0.000 0.000 0.000 0.000 0.000 0.001 0.002 0.007 0.034 0.157 0.543 1.246 2.069 2.809 3.562 4.379 5.287 6.309 7.477 8.783 10.184 11.606 12.987 14.439 15.991 17.623 19.173 20.697 22.129 23.423 24.619 25.471 26.002 26.335 26.401 26.376 26.592 26.733 26.917 27.304 27.437 27.523 27.825 28.075 28.535 28.905 28.928 28.953 29.094 28.958 28.931 28.684 28.205 27.605 27.024 26.366 25.701 25.078 24.618 23.997 23.333 22.708 21.710 20.539 19.390 18.086 16.867 15.565 14.093 12.446 10.625 8.576 6.459 4.516 2.968 1.852 1.113
0.000 0.000 0.000 0.001 0.001 0.002 0.003 0.007 0.031 0.150 0.595 1.506 2.589 3.464 4.317 5.212 6.191 7.272 8.437 9.678 10.968 12.224 13.443 14.716 16.078 17.539 19.020 20.472 21.857 23.165 24.394 25.294 25.852 26.365 26.438 26.387 26.630 26.742 26.857 27.192 27.282 27.274 27.534 27.740 28.103 28.583 28.627 28.610 28.749 28.577 28.604 28.213 27.677 27.084 26.306 25.509 24.820 24.031 23.286 22.477 21.558 20.661 19.658 18.522 17.277 15.862 14.407 12.786 11.030 9.024 6.874 4.794 3.076 1.807 0.980 0.503 0.251
0.001 0.001 0.002 0.002 0.003 0.004 0.005 0.009 0.030 0.140 0.591 1.599 2.919 4.007 5.042 6.108 7.229 8.420 9.657 10.878 12.049 13.126 14.195 15.264 16.440 17.716 19.057 20.429 21.726 22.881 24.040 25.107 25.690 26.214 26.310 26.310 26.532 26.588 26.707 26.935 26.891 26.803 26.989 27.188 27.525 27.989 28.072 28.101 28.145 27.933 27.886 27.463 26.926 26.284 25.365 24.439 23.750 22.772 21.809 20.878 19.769 18.671 17.507 16.328 15.002 13.547 11.878 9.965 7.868 5.692 3.715 2.152 1.095 0.501 0.217 0.095 0.043
0.002 0.003 0.004 0.004 0.005 0.006 0.008 0.012 0.031 0.127 0.552 1.577 3.060 4.422 5.699 7.002 8.348 9.746 11.081 12.272 13.345 14.322 15.261 16.155 17.117 18.101 19.168 20.404 21.617 22.730 23.687 24.542 25.138 25.649 25.794 25.882 26.127 26.131 26.243 26.357 26.203 26.128 26.318 26.335 26.643 26.980 27.122 27.083 27.090 27.003 26.835 26.359 25.798 25.096 24.110 23.096 22.245 21.192 20.124 19.018 17.794 16.568 15.300 14.035 12.663 11.111 9.318 7.323 5.280 3.360 1.829 0.838 0.327 0.119 0.044 0.017 0.009
0.005 0.006 0.006 0.007 0.009 0.010 0.012 0.016 0.033 0.123 0.527 1.550 3.120 4.752 6.303 7.886 9.542 11.212 12.701 13.938 14.978 15.866 16.649 17.312 18.050 18.833 19.664 20.698 21.718 22.630 23.496 24.189 24.675 25.199 25.327 25.383 25.694 25.679 25.701 25.834 25.659 25.483 25.649 25.600 25.710 26.003 26.053 25.990 25.954 25.876 25.540 25.003 24.377 23.558 22.528 21.404 20.361 19.242 18.120 16.834 15.613 14.332 12.980 11.594 10.134 8.526 6.716 4.842 3.102 1.685 0.750 0.273 0.086 0.027 0.009 0.005 0.004
0.010 0.010 0.010 0.011 0.013 0.014 0.015 0.019 0.035 0.126 0.533 1.573 3.211 5.063 6.885 8.760 10.686 12.544 14.258 15.702 16.819 17.671 18.333 18.872 19.439 19.883 20.399 21.142 21.969 22.722 23.444 23.940 24.321 24.859 24.990 24.986 25.155 25.117 25.105 25.196 25.021 24.823 24.789 24.703 24.626 24.780 24.698 24.643 24.451 24.268 23.820 23.279 22.612 21.653 20.557 19.337 18.153 16.908 15.750 14.430 13.109 11.758 10.367 8.932 7.462 5.853 4.137 2.596 1.396 0.619 0.221 0.067 0.019 0.006 0.003 0.003 0.004
0.016 0.015 0.015 0.016 0.017 0.018 0.019 0.021 0.038 0.137 0.579 1.680 3.399 5.403 7.480 9.643 11.810 13.842 15.660 17.239 18.457 19.376 19.958 20.381 20.785 21.011 21.280 21.720 22.227 22.738 23.271 23.596 23.921 24.301 24.403 24.402 24.430 24.337 24.314 24.359 24.163 23.975 23.828 23.612 23.447 23.412 23.179 22.996 22.708 22.370 21.792 21.120 20.340 19.361 18.212 16.928 15.651 14.318 13.076 11.727 10.352 9.005 7.628 6.217 4.735 3.248 1.938 0.987 0.415 0.144 0.044 0.013 0.004 0.002 0.002 0.003 0.005
0.026 0.023 0.022 0.022 0.023 0.022 0.021 0.023 0.043 0.161 0.682 1.919 3.781 5.899 8.132 10.463 12.760 14.895 16.823 18.462 19.727 20.740 21.307 21.697 22.007 22.115 22.157 22.379 22.639 22.932 23.292 23.422 23.631 23.865 23.829 23.770 23.819 23.672 23.549 23.586 23.415 23.133 22.964 22.599 22.220 21.968 21.626 21.236 20.747 20.202 19.524 18.696 17.767 16.733 15.556 14.198 12.876 11.578 10.352 9.080 7.805 6.523 5.165 3.756 2.417 1.342 0.616 0.231 0.076 0.024 0.007 0.002 0.001 0.001 0.002 0.003 0.007
0.041 0.035 0.032 0.030 0.028 0.025 0.024 0.026 0.050 0.203 0.860 2.345 4.479 6.713 9.000 11.381 13.652 15.715 17.602 19.259 20.613 21.625 22.218 22.629 22.844 22.935 22.914 22.988 23.062 23.160 23.363 23.326 23.352 23.373 23.166 23.015 23.039 22.860 22.731 22.723 22.533 22.242 22.013 21.482 20.952 20.439 19.931 19.335 18.703 17.957 17.124 16.196 15.129 13.986 12.771 11.463 10.241 9.019 7.860 6.721 5.554 4.330 3.049 1.849 0.930 0.374 0.122 0.037 0.011 0.003 0.001 0.001 0.001 0.001 0.002 0.003 0.007
0.063 0.053 0.045 0.038 0.031 0.026 0.025 0.029 0.065 0.281 1.164 3.054 5.548 7.817 10.038 12.270 14.397 16.355 18.142 19.752 21.113 22.197 22.854 23.238 23.449 23.417 23.331 23.332 23.237 23.169 23.272 23.089 22.894 22.633 22.231 21.960 21.895 21.731 21.634 21.592 21.392 21.183 20.824 20.329 19.698 18.941 18.239 17.489 16.679 15.790 14.841 13.749 12.559 11.336 10.146 8.938 7.814 6.690 5.618 4.584 3.511 2.427 1.429 0.680 0.250 0.073 0.020 0.005 0.002 0.001 0.001 0.001 0.001 0.001 0.002 0.003 0.007
0.083 0.070 0.056 0.043 0.033 0.028 0.026 0.031 0.077 0.361 1.527 3.969 6.764 8.899 10.919 12.903 14.830 16.683 18.361 19.925 21.293 22.404 23.143 23.463 23.748 23.720 23.622 23.659 23.502 23.280 23.276 22.936 22.415 21.906 21.300 20.855 20.729 20.542 20.384 20.320 20.096 19.952 19.576 19.076 18.316 17.451 16.579 15.698 14.773 13.731 12.639 11.400 10.118 8.869 7.726 6.632 5.613 4.605 3.602 2.642 1.758 1.015 0.473 0.170 0.048 0.012 0.003 0.001 0.001 0.001 0.001 0.001 0.001 0.001 0.001 0.003 0.008
0.090 0.077 0.060 0.045 0.034 0.029 0.028 0.032 0.080 0.380 1.680 4.528 7.631 9.726 11.574 13.375 15.148 16.887 18.517 19.982 21.309 22.403 23.162 23.563 23.926 23.865 23.777 23.837 23.626 23.359 23.150 22.570 21.847 21.111 20.339 19.716 19.417 19.099 18.882 18.753 18.546 18.424 18.139 17.607 16.832 15.945 14.926 13.885 12.845 11.700 10.467 9.149 7.837 6.624 5.533 4.530 3.588 2.681 1.842 1.137 0.613 0.276 0.100 0.030 0.008 0.002 0.001 0.001 0.000 0.000 0.000 0.000 0.001 0.001 0.001 0.004 0.013
