RESULTS/r.avaflow_results/13_results/13_ascii/13_hflow30022.asc
ncols 506
nrows 317
xllcenter 498237.50
yllcenter 5580050.00
cellsize 12.50
NODATA_value -9999.000
[rows 136 to 169 of 317, columns 154 to 230 of 506]
0.000 0.000 0.000 0.000 0.000 0.000 0.000 0.000 0.000 0.000 0.000 0.000 0.000 0.000 0.000 0.000 0.000 0.000 0.000 0.000 0.000 0.000 0.000 0.000 0.000 0.000 0.000 0.000 0.000 0.000 0.000 0.000 0.000 0.000 0.000 0.000 0.000 0.000 0.000 0.000 0.000 0.000 0.000 0.000 0.000 0.000 0.000 0.000 0.000 0.000 0.000 0.000 0.000 0.000 0.000 0.000 0.000 0.000 0.000 0.000 0.000 0.000 0.000 0.000 0.000 0.000 0.000 0.000 0.000 0.000 0.000 0.000 0.000 0.000 0.000 0.000 0.000
0.000 0.000 0.000 0.000 0.000 0.000 0.000 0.000 0.000 0.000 0.000 0.000 0.000 0.000 0.000 0.000 0.000 0.000 0.000 0.000 0.000 0.000 0.000 0.000 0.000 0.000 0.000 0.000 0.000 0.000 0.000 0.000 0.000 0.000 0.000 0.000 0.000 0.000 0.000 0.000 0.000 0.000 0.000 0.000 0.000 0.000 0.000 0.000 0.000 0.000 0.000 0.000 0.000 0.000 0.000 0.000 0.000 0.000 0.000 0.000 0.000 0.000 0.000 0.000 0.000 0.000 0.000 0.000 0.000 0.000 0.000 0.000 0.000 0.000 0.000 0.000 0.000
0.000 0.000 0.000 0.000 0.000 0.000 0.000 0.000 0.000 0.000 0.000 0.000 0.000 0.000 0.000 0.000 0.000 0.000 0.000 0.000 0.000 0.000 0.000 0.000 0.000 0.000 0.000 0.000 0.000 0.000 0.000 0.000 0.000 0.000 0.000 0.000 0.000 0.000 0.000 0.000 0.000 0.000 0.000 0.000 0.000 0.000 0.000 0.000 0.000 0.000 0.000 0.000 0.000 0.000 0.000 0.000 0.000 0.000 0.000 0.000 0.000 0.000 0.000 0.000 0.000 0.000 0.000 0.000 0.000 0.000 0.000 0.000 0.000 0.000 0.000 0.000 0.000
0.000 0.000 0.000 0.000 0.000 0.000 0.000 0.000 0.000 0.000 0.000 0.000 0.000 0.000 0.000 0.000 0.000 0.000 0.000 0.000 0.000 0.000 0.000 0.000 0.000 0.000 0.000 0.000 0.000 0.000 0.000 0.000 0.000 0.000 0.000 0.000 0.000 0.000 0.000 0.000 0.000 0.000 0.000 0.000 0.000 0.000 0.000 0.000 0.000 0.000 0.000 0.000 0.000 0.000 0.000 0.000 0.000 0.000 0.000 0.000 0.000 0.000 0.000 0.000 0.000 0.000 0.000 0.000 0.000 0.000 0.000 0.000 0.000 0.000 0.000 0.000 0.000
0.000 0.000 0.000 0.000 0.000 0.000 0.000 0.000 0.000 0.000 0.000 0.000 0.000 0.000 0.000 0.000 0.000 0.000 0.000 0.000 0.000 0.000 0.000 0.000 0.000 0.000 0.000 0.000 0.000 0.000 0.000 0.000 0.000 0.000 0.000 0.000 0.000 0.000 0.000 0.000 0.000 0.000 0.000 0.000 0.000 0.000 0.000 0.000 0.000 0.000 0.000 0.000 0.000 0.000 0.000 0.000 0.000 0.000 0.000 0.000 0.000 0.000 0.000 0.000 0.000 0.000 0.000 0.000 0.000 0.000 0.000 0.000 0.000 0.000 0.000 0.000 0.000
0.000 0.000 0.000 0.000 0.000 0.000 0.000 0.000 0.000 0.000 0.000 0.000 0.000 0.000 0.000 0.000 0.000 0.000 0.000 0.000 0.000 0.000 0.000 0.000 0.000 0.000 0.000 0.000 0.000 0.000 0.000 0.000 0.000 0.000 0.000 0.000 0.000 0.000 0.000 0.000 0.000 0.000 0.000 0.000 0.000 0.000 0.000 0.000 0.000 0.000 0.000 0.000 0.000 0.000 0.000 0.000 0.000 0.000 0.000 0.000 0.000 0.000 0.000 0.000 0.000 0.000 0.000 0.000 0.000 0.000 0.000 0.000 0.000 0.000 0.000 0.000 0.000
0.000 0.000 0.000 0.000 0.000 0.000 0.000 0.000 0.000 0.000 0.000 0.000 0.000 0.000 0.000 0.000 0.000 0.000 0.000 0.000 0.000 0.000 0.000 0.000 0.000 0.000 0.000 0.000 0.000 0.000 0.000 0.000 0.000 0.000 0.000 0.000 0.000 0.000 0.000 0.000 0.000 0.000 0.000 0.000 0.000 0.000 0.000 0.000 0.000 0.000 0.000 0.000 0.000 0.000 0.000 0.000 0.000 0.000 0.000 0.000 0.000 0.000 0.000 0.000 0.000 0.000 0.000 0.000 0.000 0.000 0.000 0.000 0.000 0.000 0.000 0.000 0.000
0.000 0.000 0.000 0.000 0.000 0.000 0.000 0.000 0.000 0.000 0.000 0.000 0.000 0.000 0.000 0.000 0.000 0.000 0.000 0.000 0.000 0.000 0.000 0.000 0.000 0.000 0.000 0.000 0.000 0.000 0.000 0.000 0.000 0.000 0.000 0.000 0.000 0.000 0.000 0.000 0.000 0.000 0.000 0.000 0.000 0.000 0.000 0.000 0.000 0.000 0.000 0.000 0.000 0.000 0.000 0.000 0.000 0.000 0.000 0.000 0.000 0.000 0.000 0.000 0.000 0.000 0.000 0.000 0.000 0.000 0.000 0.000 0.000 0.000 0.000 0.000 0.000
0.000 0.000 0.000 0.000 0.000 0.000 0.000 0.000 0.000 0.000 0.000 0.000 0.000 0.000 0.000 0.000 0.000 0.000 0.000 0.000 0.000 0.000 0.000 0.000 0.000 0.000 0.000 0.000 0.000 0.000 0.000 0.000 0.000 0.000 0.000 0.000 0.000 0.000 0.000 0.000 0.000 0.000 0.000 0.000 0.000 0.000 0.000 0.000 0.000 0.000 0.000 0.000 0.000 0.000 0.000 0.000 0.000 0.000 0.000 0.000 0.000 0.000 0.000 0.000 0.000 0.000 0.000 0.000 0.000 0.000 0.000 0.000 0.000 0.000 0.000 0.000 0.000
0.001 0.001 0.001 0.001 0.001 0.001 0.001 0.001 0.001 0.001 0.001 0.001 0.001 0.001 0.001 0.001 0.001 0.001 0.001 0.001 0.001 0.000 0.000 0.000 0.000 0.000 0.000 0.000 0.000 0.000 0.000 0.000 0.000 0.000 0.000 0.000 0.000 0.000 0.000 0.000 0.000 0.000 0.000 0.000 0.000 0.000 0.000 0.000 0.000 0.000 0.000 0.000 0.000 0.000 0.000 0.000 0.000 0.000 0.000 0.000 0.000 0.000 0.000 0.000 0.000 0.000 0.000 0.000 0.000 0.000 0.000 0.000 0.000 0.000 0.000 0.000 0.000
0.002 0.002 0.002 0.002 0.002 0.002 0.002 0.002 0.003 0.003 0.003 0.003 0.003 0.003 0.003 0.003 0.003 0.003 0.002 0.002 0.002 0.001 0.001 0.000 0.000 0.000 0.000 0.000 0.000 0.000 0.000 0.000 0.000 0.000 0.000 0.000 0.000 0.000 0.000 0.000 0.000 0.000 0.000 0.000 0.000 0.000 0.000 0.000 0.000 0.000 0.000 0.000 0.000 0.000 0.000 0.000 0.000 0.000 0.000 0.000 0.000 0.000 0.000 0.000 0.000 0.000 0.000 0.000 0.000 0.000 0.000 0.000 0.000 0.000 0.000 0.000 0.000
0.003 0.003 0.003 0.003 0.004 0.004 0.004 0.004 0.004 0.004 0.004 0.004 0.004 0.004 0.004 0.004 0.004 0.004 0.004 0.003 0.003 0.002 0.002 0.001 0.001 0.001 0.001 0.000 0.000 0.000 0.000 0.000 0.000 0.000 0.000 0.000 0.000 0.000 0.000 0.000 0.000 0.000 0.000 0.000 0.000 0.000 0.000 0.000 0.000 0.001 0.001 0.001 0.001 0.001 0.001 0.001 0.001 0.001 0.001 0.001 0.000 0.000 0.000 0.000 0.000 0.000 0.000 0.000 0.000 0.000 0.000 0.000 0.000 0.000 0.000 0.000 0.000
0.004 0.005 0.005 0.005 0.005 0.005 0.005 0.005 0.005 0.005 0.005 0.005 0.005 0.005 0.005 0.005 0.005 0.005 0.005 0.005 0.004 0.004 0.003 0.002 0.002 0.002 0.001 0.001 0.001 0.001 0.001 0.001 0.001 0.001 0.001 0.000 0.000 0.000 0.000 0.000 0.001 0.001 0.001 0.001 0.001 0.001 0.001 0.001 0.001 0.002 0.002 0.002 0.002 0.002 0.002 0.002 0.002 0.002 0.002 0.002 0.001 0.001 0.001 0.001 0.001 0.001 0.001 0.001 0.000 0.000 0.000 0.000 0.000 0.000 0.000 0.000 0.000
0.006 0.006 0.006 0.006 0.006 0.006 0.006 0.006 0.006 0.006 0.006 0.006 0.006 0.006 0.006 0.006 0.006 0.006 0.006 0.006 0.006 0.005 0.004 0.004 0.003 0.003 0.002 0.002 0.002 0.002 0.002 0.002 0.002 0.002 0.001 0.001 0.001 0.001 0.001 0.002 0.002 0.002 0.002 0.002 0.002 0.002 0.002 0.003 0.003 0.004 0.004 0.004 0.004 0.004 0.004 0.004 0.004 0.004 0.003 0.003 0.003 0.003 0.003 0.003 0.002 0.002 0.002 0.002 0.001 0.001 0.001 0.001 0.001 0.001 0.001 0.001 0.000
0.007 0.007 0.007 0.007 0.007 0.007 0.007 0.007 0.007 0.007 0.007 0.007 0.007 0.007 0.007 0.007 0.007 0.007 0.007 0.007 0.007 0.006 0.006 0.005 0.005 0.004 0.004 0.004 0.003 0.003 0.003 0.003 0.003 0.003 0.003 0.003 0.003 0.003 0.003 0.003 0.003 0.003 0.004 0.004 0.004 0.004 0.005 0.005 0.006 0.006 0.007 0.007 0.007 0.007 0.007 0.007 0.006 0.006 0.006 0.005 0.005 0.005 0.004 0.004 0.004 0.004 0.003 0.003 0.003 0.003 0.003 0.002 0.002 0.002 0.002 0.002 0.002
0.008 0.008 0.008 0.008 0.008 0.008 0.008 0.008 0.008 0.008 0.008 0.008 0.008 0.008 0.008 0.008 0.008 0.008 0.008 0.008 0.008 0.007 0.007 0.006 0.006 0.006 0.005 0.005 0.005 0.005 0.005 0.005 0.005 0.005 0.005 0.005 0.005 0.005 0.005 0.005 0.006 0.006 0.006 0.006 0.007 0.007 0.008 0.008 0.009 0.010 0.010 0.010 0.010 0.010 0.010 0.009 0.009 0.008 0.008 0.008 0.007 0.007 0.007 0.006 0.006 0.006 0.005 0.005 0.005 0.005 0.004 0.004 0.004 0.004 0.003 0.003 0.003
0.009 0.009 0.009 0.009 0.009 0.009 0.009 0.009 0.009 0.009 0.009 0.009 0.009 0.009 0.009 0.009 0.009 0.009 0.009 0.009 0.009 0.008 0.008 0.008 0.007 0.007 0.007 0.007 0.007 0.007 0.007 0.007 0.007 0.007 0.007 0.007 0.007 0.007 0.007 0.008 0.008 0.009 0.009 0.009 0.010 0.010 0.011 0.012 0.013 0.014 0.014 0.014 0.014 0.014 0.013 0.012 0.012 0.011 0.011 0.010 0.010 0.009 0.009 0.008 0.008 0.008 0.007 0.007 0.007 0.007 0.006 0.006 0.006 0.006 0.005 0.005 0.005
0.011 0.010 0.010 0.010 0.010 0.010 0.010 0.010 0.010 0.010 0.010 0.010 0.010 0.010 0.010 0.010 0.010 0.010 0.010 0.010 0.009 0.009 0.009 0.009 0.009 0.009 0.009 0.009 0.009 0.009 0.009 0.009 0.009 0.009 0.009 0.009 0.009 0.010 0.010 0.011 0.011 0.012 0.012 0.013 0.013 0.014 0.015 0.017 0.018 0.019 0.019 0.019 0.019 0.018 0.017 0.016 0.015 0.014 0.013 0.013 0.012 0.012 0.011 0.011 0.010 0.010 0.010 0.009 0.009 0.009 0.009 0.009 0.008 0.008 0.008 0.008 0.007
0.013 0.012 0.012 0.011 0.011 0.011 0.011 0.011 0.011 0.011 0.011 0.011 0.011 0.011 0.011 0.011 0.011 0.011 0.011 0.010 0.010 0.010 0.010 0.010 0.010 0.010 0.010 0.010 0.011 0.011 0.011 0.011 0.011 0.011 0.012 0.012 0.012 0.012 0.013 0.014 0.015 0.015 0.016 0.017 0.018 0.019 0.021 0.023 0.025 0.026 0.026 0.026 0.025 0.024 0.023 0.021 0.019 0.017 0.016 0.015 0.015 0.014 0.014 0.013 0.013 0.013 0.012 0.012 0.012 0.012 0.011 0.011 0.011 0.011 0.010 0.010 0.010
0.020 0.017 0.015 0.013 0.013 0.012 0.012 0.012 0.012 0.012 0.012 0.012 0.012 0.012 0.012 0.012 0.012 0.012 0.012 0.011 0.011 0.011 0.011 0.011 0.012 0.012 0.012 0.012 0.012 0.013 0.013 0.014 0.014 0.014 0.014 0.014 0.014 0.015 0.016 0.017 0.018 0.019 0.020 0.022 0.023 0.026 0.029 0.033 0.036 0.038 0.038 0.037 0.035 0.033 0.031 0.027 0.024 0.022 0.021 0.019 0.018 0.017 0.016 0.016 0.016 0.016 0.016 0.016 0.015 0.015 0.015 0.014 0.014 0.014 0.013 0.013 0.013
0.042 0.029 0.021 0.017 0.015 0.014 0.013 0.013 0.013 0.013 0.013 0.013 0.013 0.013 0.014 0.014 0.013 0.013 0.013 0.013 0.013 0.013 0.013 0.013 0.013 0.013 0.014 0.014 0.014 0.015 0.016 0.016 0.016 0.016 0.016 0.016 0.017 0.018 0.019 0.020 0.022 0.023 0.025 0.027 0.031 0.035 0.040 0.049 0.057 0.058 0.058 0.056 0.052 0.048 0.043 0.038 0.033 0.030 0.027 0.025 0.023 0.022 0.020 0.020 0.020 0.020 0.021 0.020 0.020 0.019 0.019 0.019 0.018 0.018 0.017 0.016 0.016
0.147 0.083 0.047 0.030 0.022 0.018 0.016 0.015 0.015 0.015 0.014 0.015 0.015 0.015 0.015 0.015 0.015 0.015 0.014 0.014 0.014 0.014 0.015 0.015 0.015 0.015 0.015 0.016 0.017 0.017 0.018 0.018 0.019 0.019 0.019 0.019 0.020 0.021 0.022 0.024 0.026 0.028 0.030 0.034 0.037 0.043 0.052 0.067 0.085 0.094 0.094 0.090 0.082 0.075 0.066 0.056 0.048 0.042 0.039 0.035 0.032 0.029 0.027 0.026 0.026 0.027 0.028 0.028 0.027 0.027 0.026 0.025 0.024 0.023 0.021 0.020 0.019
0.634 0.335 0.165 0.083 0.046 0.029 0.022 0.019 0.018 0.017 0.017 0.017 0.017 0.017 0.017 0.017 0.017 0.017 0.016 0.016 0.016 0.016 0.017 0.017 0.017 0.017 0.017 0.018 0.019 0.020 0.021 0.021 0.021 0.022 0.022 0.022 0.023 0.024 0.025 0.027 0.029 0.032 0.035 0.039 0.043 0.049 0.060 0.077 0.101 0.119 0.130 0.133 0.128 0.118 0.106 0.090 0.075 0.065 0.059 0.053 0.048 0.043 0.039 0.037 0.037 0.038 0.039 0.040 0.041 0.040 0.039 0.037 0.035 0.032 0.027 0.024 0.024
2.116 1.242 0.643 0.307 0.145 0.075 0.045 0.032 0.026 0.023 0.022 0.021 0.020 0.020 0.020 0.019 0.019 0.019 0.019 0.019 0.019 0.019 0.019 0.019 0.019 0.019 0.019 0.020 0.021 0.023 0.024 0.024 0.025 0.026 0.026 0.027 0.027 0.027 0.029 0.031 0.033 0.036 0.040 0.044 0.048 0.055 0.065 0.081 0.104 0.126 0.145 0.162 0.174 0.177 0.168 0.151 0.128 0.111 0.100 0.092 0.083 0.075 0.069 0.065 0.063 0.063 0.065 0.068 0.071 0.073 0.072 0.070 0.067 0.059 0.044 0.034 0.030
4.298 3.127 1.885 1.011 0.510 0.253 0.132 0.078 0.052 0.040 0.034 0.031 0.029 0.027 0.025 0.024 0.023 0.022 0.022 0.022 0.022 0.022 0.022 0.022 0.022 0.022 0.022 0.023 0.024 0.026 0.027 0.028 0.029 0.031 0.032 0.032 0.032 0.032 0.032 0.034 0.037 0.040 0.044 0.048 0.054 0.060 0.070 0.084 0.104 0.127 0.151 0.179 0.210 0.239 0.257 0.259 0.246 0.227 0.209 0.196 0.186 0.175 0.164 0.152 0.143 0.140 0.142 0.150 0.163 0.172 0.175 0.174 0.168 0.146 0.100 0.062 0.046
5.643 4.884 3.701 2.433 1.438 0.804 0.436 0.241 0.142 0.093 0.068 0.056 0.049 0.045 0.040 0.036 0.033 0.031 0.030 0.029 0.028 0.027 0.026 0.026 0.026 0.026 0.026 0.027 0.028 0.029 0.030 0.032 0.034 0.036 0.037 0.038 0.038 0.037 0.038 0.040 0.042 0.046 0.049 0.054 0.060 0.067 0.077 0.089 0.107 0.130 0.161 0.199 0.249 0.310 0.380 0.447 0.491 0.515 0.525 0.527 0.524 0.514 0.496 0.465 0.434 0.424 0.428 0.447 0.479 0.503 0.509 0.502 0.472 0.405 0.275 0.152 0.091
6.293 5.870 5.147 4.155 3.005 1.913 1.151 0.682 0.401 0.242 0.160 0.123 0.106 0.095 0.084 0.072 0.062 0.056 0.051 0.047 0.043 0.038 0.035 0.034 0.033 0.033 0.033 0.033 0.033 0.033 0.034 0.036 0.038 0.040 0.041 0.042 0.043 0.045 0.046 0.047 0.050 0.053 0.058 0.064 0.071 0.080 0.090 0.104 0.124 0.154 0.196 0.254 0.336 0.451 0.602 0.777 0.946 1.097 1.218 1.297 1.341 1.363 1.361 1.332 1.291 1.281 1.303 1.335 1.378 1.418 1.420 1.371 1.256 1.069 0.755 0.419 0.228
6.671 6.462 6.029 5.360 4.436 3.296 2.240 1.456 0.925 0.582 0.385 0.293 0.256 0.234 0.212 0.186 0.158 0.135 0.118 0.103 0.088 0.072 0.059 0.052 0.048 0.046 0.045 0.043 0.041 0.040 0.040 0.041 0.043 0.044 0.045 0.047 0.049 0.053 0.056 0.059 0.063 0.068 0.076 0.086 0.097 0.109 0.123 0.144 0.177 0.228 0.306 0.418 0.582 0.813 1.097 1.390 1.639 1.825 1.972 2.098 2.203 2.285 2.341 2.382 2.426 2.494 2.548 2.568 2.585 2.625 2.673 2.686 2.589 2.315 1.780 1.074 0.579
6.858 6.776 6.509 6.009 5.286 4.358 3.336 2.429 1.708 1.190 0.860 0.686 0.616 0.582 0.550 0.504 0.439 0.375 0.322 0.277 0.232 0.185 0.137 0.106 0.089 0.079 0.072 0.065 0.058 0.052 0.049 0.048 0.049 0.050 0.052 0.055 0.059 0.065 0.071 0.079 0.089 0.103 0.120 0.139 0.158 0.178 0.205 0.248 0.317 0.424 0.587 0.833 1.189 1.555 1.822 1.963 2.042 2.110 2.204 2.336 2.484 2.608 2.707 2.797 2.899 3.022 3.080 3.095 3.112 3.157 3.242 3.338 3.397 3.317 2.975 2.208 1.306
6.882 6.843 6.662 6.301 5.790 5.134 4.325 3.459 2.688 2.103 1.706 1.472 1.359 1.299 1.242 1.156 1.045 0.937 0.838 0.745 0.650 0.534 0.389 0.276 0.210 0.171 0.144 0.121 0.099 0.080 0.069 0.065 0.064 0.065 0.069 0.075 0.082 0.091 0.106 0.129 0.160 0.196 0.231 0.266 0.300 0.342 0.404 0.503 0.658 0.881 1.217 1.650 2.009 2.173 2.206 2.143 2.094 2.093 2.137 2.240 2.382 2.518 2.644 2.766 2.898 3.028 3.092 3.121 3.160 3.230 3.324 3.452 3.612 3.682 3.579 3.156 2.325
6.801 6.763 6.658 6.456 6.160 5.760 5.227 4.536 3.850 3.330 2.967 2.728 2.577 2.457 2.320 2.146 1.994 1.873 1.759 1.645 1.505 1.292 0.985 0.718 0.546 0.431 0.346 0.275 0.212 0.160 0.126 0.111 0.107 0.109 0.116 0.128 0.144 0.169 0.212 0.274 0.346 0.418 0.486 0.551 0.621 0.713 0.856 1.087 1.403 1.743 2.051 2.282 2.377 2.355 2.271 2.130 2.004 1.920 1.875 1.882 1.945 2.046 2.179 2.341 2.528 2.688 2.786 2.860 2.948 3.068 3.206 3.367 3.582 3.739 3.754 3.572 3.083
6.639 6.614 6.627 6.611 6.508 6.307 5.998 5.565 5.108 4.761 4.511 4.325 4.161 3.972 3.705 3.388 3.182 3.074 2.991 2.896 2.722 2.394 1.905 1.472 1.186 0.984 0.815 0.663 0.518 0.387 0.295 0.249 0.238 0.240 0.253 0.278 0.320 0.392 0.500 0.634 0.764 0.888 1.010 1.142 1.294 1.491 1.771 2.086 2.307 2.409 2.442 2.443 2.411 2.323 2.159 1.940 1.729 1.542 1.382 1.271 1.227 1.247 1.329 1.474 1.674 1.876 2.041 2.198 2.363 2.552 2.777 3.024 3.327 3.634 3.740 3.665 3.389
6.462 6.573 6.720 6.864 6.916 6.859 6.726 6.545 6.344 6.202 6.107 6.019 5.890 5.669 5.319 4.882 4.567 4.387 4.238 4.053 3.765 3.311 2.705 2.192 1.857 1.661 1.514 1.354 1.164 0.941 0.744 0.637 0.604 0.606 0.625 0.670 0.755 0.908 1.136 1.369 1.574 1.764 1.960 2.181 2.400 2.572 2.690 2.728 2.670 2.575 2.471 2.362 2.216 1.998 1.719 1.434 1.189 0.983 0.833 0.751 0.717 0.710 0.727 0.784 0.883 1.016 1.159 1.308 1.486 1.712 1.993 2.331 2.734 3.227 3.543 3.588 3.458
6.246 6.608 6.991 7.333 7.556 7.668 7.727 7.774 7.795 7.822 7.855 7.861 7.805 7.632 7.308 6.839 6.352 5.918 5.522 5.131 4.672 4.066 3.349 2.757 2.344 2.115 2.019 1.963 1.887 1.745 1.558 1.431 1.382 1.384 1.414 1.482 1.615 1.862 2.185 2.416 2.566 2.694 2.835 2.981 3.071 3.091 3.010 2.855 2.670 2.463 2.214 1.899 1.541 1.199 0.929 0.747 0.627 0.541 0.485 0.460 0.452 0.449 0.448 0.459 0.489 0.541 0.616 0.709 0.832 1.000 1.224 1.516 1.904 2.464 3.045 3.331 3.374
