RESULTS/r.avaflow_results/13_results/13_ascii/13_hflow0052.asc
ncols 506
nrows 317
xllcenter 498237.50
yllcenter 5580050.00
cellsize 12.50
NODATA_value -9999.000
[rows 170 to 203 of 317, columns 154 to 230 of 506]
18.146 17.213 16.437 15.720 15.037 14.387 13.796 13.257 12.755 12.275 11.822 11.391 10.963 10.537 10.056 9.467 8.763 7.971 7.140 6.311 5.487 4.620 3.745 2.997 2.393 1.937 1.637 1.475 1.408 1.387 1.398 1.441 1.488 1.516 1.540 1.575 1.650 1.734 1.761 1.739 1.667 1.572 1.506 1.447 1.374 1.272 1.120 0.923 0.724 0.541 0.388 0.282 0.217 0.176 0.151 0.136 0.128 0.125 0.128 0.131 0.132 0.132 0.132 0.132 0.133 0.136 0.145 0.174 0.251 0.434 0.757 0.989 1.058 1.031 0.866 0.560 0.315
19.457 18.734 18.187 17.702 17.184 16.660 16.174 15.688 15.242 14.799 14.364 13.951 13.532 13.112 12.655 12.050 11.265 10.307 9.233 8.095 6.940 5.784 4.673 3.708 2.925 2.317 1.887 1.632 1.529 1.521 1.566 1.661 1.735 1.757 1.755 1.746 1.757 1.777 1.776 1.731 1.627 1.501 1.401 1.306 1.197 1.043 0.815 0.562 0.362 0.237 0.167 0.126 0.103 0.091 0.085 0.083 0.085 0.090 0.095 0.098 0.098 0.096 0.093 0.091 0.090 0.091 0.098 0.119 0.174 0.301 0.553 0.833 0.968 0.994 0.942 0.757 0.483
20.529 20.076 19.825 19.712 19.459 19.136 18.791 18.390 18.006 17.615 17.216 16.822 16.414 15.983 15.529 14.925 14.079 12.995 11.746 10.385 8.954 7.486 6.050 4.769 3.704 2.856 2.218 1.805 1.604 1.557 1.590 1.693 1.773 1.790 1.778 1.748 1.727 1.709 1.675 1.581 1.406 1.211 1.049 0.896 0.740 0.556 0.365 0.227 0.145 0.100 0.076 0.062 0.055 0.053 0.053 0.055 0.061 0.068 0.074 0.075 0.075 0.073 0.069 0.066 0.065 0.066 0.070 0.085 0.122 0.205 0.378 0.655 0.875 0.963 0.972 0.905 0.705
21.241 20.956 20.929 21.135 21.203 21.190 21.088 20.872 20.613 20.304 19.974 19.633 19.268 18.855 18.399 17.812 16.965 15.847 14.521 13.053 11.471 9.781 8.022 6.351 4.908 3.712 2.771 2.108 1.724 1.573 1.559 1.620 1.683 1.696 1.678 1.622 1.554 1.486 1.393 1.209 0.931 0.683 0.513 0.394 0.296 0.206 0.135 0.089 0.063 0.048 0.040 0.036 0.034 0.034 0.036 0.039 0.045 0.053 0.057 0.059 0.058 0.056 0.052 0.050 0.050 0.051 0.054 0.063 0.087 0.138 0.245 0.459 0.746 0.922 0.970 0.959 0.865
21.573 21.370 21.511 21.920 22.322 22.624 22.782 22.820 22.718 22.512 22.266 21.979 21.678 21.308 20.865 20.320 19.537 18.477 17.181 15.713 14.104 12.342 10.406 8.346 6.440 4.840 3.559 2.599 1.961 1.614 1.476 1.441 1.445 1.438 1.394 1.296 1.175 1.046 0.887 0.664 0.435 0.289 0.203 0.151 0.111 0.080 0.057 0.042 0.033 0.028 0.026 0.025 0.025 0.025 0.026 0.030 0.035 0.042 0.045 0.046 0.046 0.044 0.042 0.041 0.041 0.042 0.044 0.051 0.065 0.095 0.159 0.294 0.563 0.837 0.947 0.960 0.924
21.630 21.500 21.727 22.235 22.876 23.422 23.837 24.109 24.173 24.082 23.881 23.628 23.374 23.065 22.658 22.174 21.516 20.603 19.395 17.916 16.225 14.342 12.233 9.856 7.549 5.633 4.122 2.990 2.189 1.671 1.374 1.212 1.107 1.008 0.887 0.749 0.630 0.526 0.417 0.288 0.184 0.121 0.085 0.064 0.049 0.038 0.030 0.025 0.022 0.020 0.019 0.019 0.019 0.020 0.021 0.024 0.028 0.033 0.036 0.038 0.037 0.037 0.036 0.035 0.036 0.037 0.039 0.044 0.052 0.071 0.110 0.194 0.381 0.681 0.877 0.932 0.924
21.445 21.382 21.685 22.294 23.068 23.740 24.283 24.670 24.853 24.866 24.651 24.393 24.165 23.928 23.588 23.157 22.629 21.880 20.798 19.338 17.565 15.542 13.260 10.658 8.094 5.993 4.363 3.155 2.288 1.686 1.276 0.986 0.757 0.565 0.419 0.324 0.267 0.223 0.176 0.121 0.081 0.057 0.042 0.033 0.027 0.022 0.020 0.018 0.017 0.016 0.016 0.016 0.016 0.017 0.018 0.020 0.023 0.026 0.029 0.031 0.032 0.032 0.032 0.033 0.033 0.034 0.036 0.040 0.046 0.058 0.083 0.138 0.256 0.493 0.743 0.860 0.889
21.076 21.049 21.411 22.147 23.075 23.822 24.383 24.798 24.998 25.049 24.827 24.538 24.298 24.098 23.797 23.369 22.887 22.215 21.221 19.815 18.013 15.906 13.528 10.828 8.186 6.035 4.380 3.162 2.278 1.623 1.121 0.735 0.456 0.278 0.179 0.132 0.109 0.092 0.075 0.054 0.040 0.031 0.025 0.021 0.018 0.016 0.015 0.014 0.013 0.013 0.013 0.013 0.014 0.014 0.015 0.017 0.019 0.021 0.024 0.027 0.028 0.029 0.030 0.031 0.032 0.033 0.035 0.038 0.042 0.051 0.069 0.105 0.180 0.330 0.558 0.735 0.816
20.519 20.511 20.902 21.688 22.748 23.590 24.167 24.563 24.749 24.781 24.548 24.230 23.945 23.708 23.381 22.926 22.445 21.820 20.898 19.550 17.775 15.651 13.230 10.502 7.905 5.791 4.160 2.947 2.045 1.355 0.821 0.446 0.230 0.125 0.078 0.058 0.048 0.042 0.035 0.028 0.023 0.020 0.017 0.015 0.014 0.012 0.012 0.011 0.011 0.011 0.011 0.011 0.012 0.012 0.013 0.014 0.016 0.018 0.020 0.023 0.025 0.027 0.028 0.030 0.031 0.033 0.034 0.037 0.041 0.047 0.060 0.085 0.134 0.226 0.382 0.567 0.699
19.800 19.765 20.138 20.960 22.063 22.918 23.492 23.828 23.940 23.896 23.688 23.386 23.020 22.614 22.150 21.634 21.115 20.500 19.635 18.358 16.624 14.497 12.062 9.442 7.057 5.091 3.521 2.315 1.427 0.804 0.411 0.200 0.100 0.057 0.038 0.030 0.026 0.023 0.020 0.018 0.016 0.014 0.013 0.012 0.011 0.010 0.009 0.009 0.009 0.009 0.009 0.010 0.010 0.011 0.012 0.013 0.014 0.016 0.018 0.020 0.022 0.025 0.027 0.029 0.030 0.032 0.034 0.036 0.040 0.045 0.055 0.073 0.106 0.166 0.264 0.405 0.546
18.901 18.767 19.088 19.848 20.939 21.822 22.388 22.650 22.651 22.529 22.390 22.163 21.709 21.094 20.445 19.837 19.262 18.601 17.675 16.339 14.539 12.344 9.932 7.616 5.589 3.849 2.391 1.306 0.645 0.308 0.148 0.077 0.045 0.029 0.022 0.019 0.017 0.015 0.014 0.013 0.012 0.011 0.010 0.009 0.008 0.008 0.008 0.007 0.007 0.008 0.008 0.009 0.009 0.010 0.011 0.012 0.013 0.015 0.016 0.018 0.020 0.023 0.026 0.028 0.030 0.032 0.034 0.036 0.039 0.044 0.052 0.067 0.092 0.134 0.200 0.295 0.412
17.856 17.586 17.749 18.378 19.417 20.365 20.972 21.236 21.230 21.126 21.022 20.774 20.220 19.512 18.795 18.137 17.465 16.620 15.435 13.806 11.708 9.223 6.875 4.989 3.466 2.166 1.149 0.516 0.215 0.098 0.053 0.034 0.024 0.018 0.015 0.014 0.012 0.011 0.011 0.010 0.009 0.008 0.008 0.007 0.007 0.006 0.006 0.006 0.006 0.006 0.007 0.008 0.009 0.010 0.011 0.012 0.014 0.015 0.016 0.017 0.019 0.022 0.024 0.027 0.029 0.032 0.034 0.036 0.039 0.044 0.052 0.065 0.087 0.120 0.169 0.238 0.328
16.722 16.339 16.306 16.717 17.579 18.618 19.323 19.662 19.730 19.656 19.462 19.061 18.437 17.729 17.032 16.343 15.555 14.446 12.840 10.681 7.998 5.393 3.517 2.304 1.461 0.820 0.380 0.151 0.065 0.036 0.025 0.019 0.015 0.013 0.011 0.010 0.009 0.009 0.008 0.007 0.007 0.006 0.006 0.006 0.005 0.005 0.005 0.005 0.005 0.006 0.007 0.009 0.011 0.012 0.013 0.014 0.015 0.016 0.017 0.018 0.019 0.021 0.024 0.027 0.029 0.032 0.034 0.037 0.040 0.044 0.052 0.065 0.087 0.118 0.161 0.218 0.290
15.575 15.107 14.928 15.110 15.626 16.522 17.354 17.823 17.958 17.805 17.373 16.750 16.072 15.384 14.697 13.908 12.879 11.377 9.149 6.419 3.936 2.217 1.212 0.688 0.388 0.200 0.092 0.043 0.026 0.019 0.015 0.013 0.011 0.010 0.009 0.008 0.007 0.007 0.006 0.006 0.005 0.005 0.005 0.004 0.004 0.004 0.004 0.004 0.005 0.006 0.008 0.011 0.014 0.016 0.017 0.018 0.019 0.019 0.019 0.019 0.020 0.022 0.024 0.027 0.029 0.032 0.035 0.038 0.041 0.046 0.055 0.069 0.090 0.121 0.163 0.217 0.284
14.460 13.917 13.591 13.551 13.766 14.277 14.936 15.410 15.515 15.203 14.536 13.699 12.883 12.082 11.204 10.124 8.690 6.750 4.474 2.489 1.221 0.559 0.268 0.147 0.084 0.048 0.029 0.019 0.015 0.012 0.011 0.009 0.008 0.007 0.007 0.006 0.006 0.005 0.005 0.004 0.004 0.004 0.004 0.003 0.003 0.003 0.004 0.005 0.006 0.009 0.014 0.019 0.022 0.025 0.026 0.026 0.025 0.023 0.022 0.022 0.022 0.023 0.025 0.027 0.030 0.033 0.037 0.041 0.046 0.052 0.062 0.079 0.103 0.137 0.183 0.241 0.313
13.393 12.749 12.261 11.967 11.848 11.944 12.176 12.320 12.213 11.782 11.055 10.103 8.990 7.813 6.629 5.431 4.096 2.603 1.320 0.567 0.230 0.106 0.060 0.039 0.027 0.020 0.015 0.012 0.010 0.009 0.008 0.007 0.006 0.006 0.005 0.005 0.004 0.004 0.004 0.003 0.003 0.003 0.003 0.003 0.003 0.004 0.005 0.007 0.011 0.018 0.029 0.037 0.043 0.045 0.044 0.040 0.035 0.031 0.028 0.026 0.026 0.026 0.027 0.030 0.033 0.037 0.042 0.048 0.055 0.064 0.078 0.099 0.130 0.177 0.243 0.329 0.436
12.337 11.549 10.852 10.243 9.716 9.331 9.076 8.816 8.444 7.922 7.205 6.223 4.946 3.648 2.591 1.815 1.163 0.584 0.237 0.096 0.048 0.030 0.023 0.018 0.015 0.012 0.010 0.009 0.008 0.007 0.006 0.005 0.005 0.004 0.004 0.004 0.003 0.003 0.003 0.003 0.003 0.003 0.003 0.004 0.004 0.006 0.008 0.015 0.027 0.048 0.069 0.082 0.088 0.086 0.076 0.063 0.052 0.044 0.039 0.035 0.034 0.033 0.034 0.036 0.040 0.046 0.053 0.062 0.072 0.084 0.101 0.130 0.177 0.255 0.374 0.538 0.741
11.109 10.129 9.230 8.324 7.346 6.402 5.586 4.865 4.206 3.598 2.982 2.322 1.618 1.003 0.604 0.374 0.210 0.100 0.047 0.027 0.019 0.016 0.013 0.012 0.010 0.009 0.007 0.006 0.006 0.005 0.004 0.004 0.004 0.003 0.003 0.003 0.003 0.003 0.003 0.004 0.004 0.005 0.005 0.007 0.009 0.013 0.023 0.044 0.081 0.120 0.150 0.163 0.155 0.132 0.108 0.089 0.075 0.065 0.058 0.052 0.049 0.047 0.047 0.050 0.055 0.062 0.071 0.079 0.088 0.100 0.118 0.151 0.219 0.349 0.569 0.878 1.245
9.610 8.479 7.410 6.306 5.111 3.948 2.912 2.066 1.457 1.040 0.743 0.510 0.325 0.190 0.115 0.072 0.044 0.027 0.018 0.014 0.012 0.011 0.009 0.008 0.007 0.006 0.005 0.005 0.004 0.004 0.004 0.004 0.004 0.004 0.004 0.004 0.005 0.005 0.006 0.007 0.009 0.011 0.015 0.019 0.027 0.043 0.079 0.140 0.204 0.248 0.263 0.239 0.196 0.155 0.126 0.106 0.094 0.084 0.077 0.070 0.065 0.063 0.064 0.068 0.073 0.078 0.083 0.089 0.096 0.106 0.122 0.157 0.232 0.392 0.678 1.100 1.587
7.879 6.666 5.482 4.293 3.143 2.131 1.308 0.734 0.409 0.242 0.152 0.100 0.065 0.042 0.030 0.022 0.017 0.014 0.012 0.010 0.009 0.008 0.007 0.006 0.005 0.005 0.004 0.004 0.004 0.004 0.004 0.005 0.005 0.006 0.007 0.009 0.011 0.014 0.018 0.023 0.029 0.038 0.050 0.067 0.095 0.148 0.243 0.339 0.388 0.384 0.337 0.269 0.209 0.165 0.135 0.115 0.103 0.094 0.086 0.080 0.075 0.073 0.074 0.078 0.081 0.084 0.088 0.092 0.097 0.105 0.119 0.151 0.225 0.388 0.687 1.141 1.673
5.873 4.553 3.333 2.302 1.482 0.858 0.439 0.207 0.102 0.058 0.039 0.029 0.022 0.018 0.015 0.012 0.011 0.010 0.008 0.007 0.007 0.006 0.005 0.005 0.004 0.004 0.005 0.005 0.006 0.007 0.009 0.011 0.014 0.017 0.022 0.027 0.035 0.047 0.062 0.081 0.104 0.134 0.173 0.221 0.288 0.392 0.499 0.547 0.527 0.455 0.358 0.275 0.214 0.170 0.140 0.119 0.105 0.096 0.088 0.082 0.077 0.075 0.076 0.080 0.082 0.084 0.086 0.088 0.091 0.095 0.104 0.127 0.186 0.324 0.594 1.024 1.562
3.413 2.285 1.455 0.862 0.462 0.225 0.105 0.052 0.030 0.022 0.019 0.017 0.015 0.013 0.011 0.009 0.008 0.007 0.007 0.006 0.005 0.005 0.004 0.005 0.005 0.006 0.008 0.011 0.015 0.020 0.027 0.036 0.047 0.059 0.074 0.095 0.126 0.169 0.217 0.268 0.324 0.388 0.450 0.509 0.568 0.630 0.664 0.648 0.578 0.469 0.359 0.276 0.216 0.173 0.142 0.121 0.106 0.095 0.087 0.081 0.076 0.073 0.073 0.074 0.075 0.075 0.075 0.074 0.072 0.071 0.072 0.081 0.110 0.186 0.360 0.679 1.140
1.347 0.774 0.412 0.204 0.097 0.050 0.030 0.021 0.018 0.016 0.015 0.015 0.013 0.012 0.009 0.008 0.007 0.006 0.006 0.005 0.005 0.005 0.006 0.008 0.011 0.017 0.026 0.038 0.054 0.074 0.098 0.128 0.164 0.205 0.252 0.314 0.401 0.495 0.581 0.647 0.690 0.703 0.707 0.710 0.719 0.727 0.715 0.668 0.582 0.468 0.359 0.276 0.216 0.173 0.142 0.121 0.104 0.091 0.080 0.071 0.064 0.060 0.057 0.056 0.056 0.054 0.052 0.049 0.045 0.044 0.044 0.046 0.055 0.080 0.145 0.288 0.533
0.332 0.165 0.082 0.043 0.026 0.020 0.019 0.018 0.017 0.017 0.017 0.017 0.015 0.013 0.010 0.008 0.007 0.006 0.006 0.006 0.006 0.009 0.013 0.022 0.037 0.061 0.095 0.142 0.199 0.265 0.340 0.425 0.514 0.605 0.702 0.816 0.932 1.006 1.021 0.983 0.919 0.850 0.800 0.770 0.753 0.740 0.718 0.666 0.582 0.469 0.359 0.275 0.214 0.170 0.138 0.114 0.094 0.076 0.060 0.048 0.040 0.035 0.034 0.034 0.033 0.032 0.031 0.030 0.028 0.028 0.028 0.029 0.031 0.039 0.059 0.105 0.194
0.061 0.032 0.021 0.017 0.017 0.018 0.020 0.022 0.024 0.025 0.025 0.024 0.022 0.018 0.014 0.011 0.010 0.009 0.009 0.010 0.015 0.025 0.045 0.082 0.139 0.226 0.349 0.497 0.648 0.797 0.947 1.096 1.223 1.323 1.394 1.432 1.421 1.357 1.244 1.108 0.977 0.874 0.807 0.770 0.749 0.729 0.701 0.649 0.565 0.453 0.344 0.260 0.197 0.152 0.119 0.092 0.068 0.048 0.034 0.025 0.020 0.019 0.019 0.020 0.020 0.020 0.020 0.019 0.019 0.019 0.019 0.020 0.021 0.024 0.031 0.045 0.073
0.014 0.011 0.013 0.015 0.019 0.025 0.032 0.038 0.041 0.042 0.042 0.040 0.034 0.028 0.023 0.020 0.019 0.019 0.021 0.029 0.048 0.090 0.170 0.301 0.487 0.737 1.046 1.341 1.569 1.734 1.842 1.900 1.915 1.899 1.851 1.769 1.643 1.478 1.293 1.120 0.976 0.865 0.790 0.742 0.704 0.662 0.613 0.548 0.459 0.357 0.266 0.197 0.145 0.107 0.077 0.053 0.035 0.023 0.016 0.013 0.011 0.011 0.011 0.012 0.013 0.013 0.013 0.013 0.013 0.013 0.014 0.014 0.015 0.017 0.020 0.025 0.035
0.007 0.009 0.013 0.019 0.028 0.042 0.056 0.066 0.072 0.073 0.072 0.067 0.057 0.049 0.045 0.043 0.045 0.051 0.065 0.098 0.176 0.327 0.572 0.907 1.317 1.755 2.140 2.378 2.469 2.473 2.417 2.329 2.230 2.127 2.007 1.864 1.692 1.492 1.291 1.115 0.965 0.839 0.734 0.646 0.564 0.480 0.397 0.317 0.241 0.174 0.126 0.093 0.068 0.049 0.034 0.023 0.015 0.010 0.008 0.007 0.006 0.007 0.007 0.008 0.008 0.009 0.009 0.009 0.009 0.010 0.010 0.010 0.011 0.012 0.014 0.017 0.021
0.007 0.011 0.018 0.030 0.048 0.071 0.093 0.109 0.117 0.119 0.117 0.110 0.100 0.095 0.096 0.105 0.122 0.151 0.210 0.337 0.574 0.950 1.434 1.940 2.383 2.700 2.881 2.941 2.906 2.806 2.654 2.474 2.315 2.171 2.028 1.875 1.697 1.492 1.280 1.090 0.916 0.752 0.596 0.451 0.327 0.234 0.167 0.119 0.084 0.060 0.045 0.034 0.026 0.019 0.014 0.009 0.007 0.005 0.004 0.004 0.004 0.004 0.004 0.005 0.005 0.006 0.006 0.006 0.006 0.006 0.007 0.007 0.008 0.009 0.010 0.012 0.015
0.008 0.016 0.028 0.048 0.077 0.112 0.143 0.165 0.179 0.186 0.187 0.185 0.182 0.189 0.210 0.249 0.310 0.408 0.586 0.897 1.355 1.865 2.325 2.700 2.978 3.130 3.167 3.143 3.072 2.945 2.754 2.524 2.333 2.178 2.033 1.880 1.698 1.480 1.234 0.990 0.764 0.551 0.365 0.229 0.143 0.091 0.059 0.041 0.029 0.022 0.017 0.013 0.010 0.008 0.006 0.004 0.003 0.002 0.002 0.002 0.002 0.002 0.002 0.003 0.003 0.003 0.003 0.004 0.004 0.004 0.004 0.005 0.005 0.006 0.007 0.009 0.010
0.011 0.022 0.043 0.075 0.118 0.166 0.207 0.240 0.265 0.282 0.295 0.306 0.323 0.355 0.414 0.507 0.643 0.850 1.158 1.573 2.033 2.431 2.747 2.998 3.169 3.243 3.249 3.227 3.157 3.019 2.804 2.539 2.325 2.158 2.003 1.835 1.627 1.366 1.058 0.751 0.491 0.296 0.172 0.099 0.058 0.036 0.024 0.017 0.012 0.010 0.008 0.006 0.005 0.003 0.002 0.002 0.001 0.001 0.001 0.001 0.001 0.001 0.001 0.001 0.001 0.002 0.002 0.002 0.002 0.002 0.002 0.003 0.003 0.004 0.005 0.006 0.007
0.014 0.031 0.063 0.114 0.177 0.239 0.294 0.340 0.378 0.409 0.439 0.472 0.513 0.569 0.651 0.772 0.953 1.209 1.543 1.947 2.322 2.618 2.863 3.066 3.209 3.281 3.299 3.284 3.210 3.053 2.816 2.528 2.257 2.017 1.789 1.554 1.295 0.991 0.673 0.412 0.236 0.132 0.073 0.043 0.027 0.018 0.013 0.009 0.007 0.005 0.004 0.003 0.002 0.002 0.001 0.001 0.000 0.000 0.000 0.000 0.000 0.000 0.000 0.000 0.000 0.000 0.001 0.001 0.001 0.001 0.001 0.001 0.002 0.002 0.003 0.004 0.005
0.019 0.047 0.102 0.183 0.267 0.339 0.400 0.449 0.489 0.525 0.563 0.605 0.654 0.716 0.803 0.928 1.117 1.380 1.707 2.080 2.402 2.662 2.886 3.075 3.217 3.300 3.322 3.305 3.219 3.047 2.781 2.438 2.048 1.652 1.284 0.958 0.683 0.456 0.286 0.169 0.097 0.055 0.033 0.021 0.014 0.010 0.008 0.006 0.004 0.003 0.002 0.002 0.001 0.001 0.000 0.000 0.000 0.000 0.000 0.000 0.000 0.000 0.000 0.000 0.000 0.000 0.000 0.000 0.000 0.000 0.000 0.000 0.001 0.001 0.001 0.002 0.003
0.031 0.084 0.182 0.294 0.378 0.439 0.489 0.533 0.572 0.610 0.648 0.690 0.737 0.798 0.883 1.004 1.185 1.442 1.769 2.125 2.427 2.677 2.886 3.050 3.154 3.199 3.176 3.111 2.993 2.793 2.496 2.101 1.597 1.069 0.667 0.413 0.256 0.160 0.100 0.062 0.038 0.024 0.016 0.011 0.009 0.007 0.005 0.004 0.003 0.002 0.001 0.001 0.000 0.000 0.000 0.000 0.000 0.000 0.000 0.000 0.000 0.000 0.000 0.000 0.000 0.000 0.000 0.000 0.000 0.000 0.000 0.000 0.000 0.000 0.001 0.001 0.001
0.061 0.152 0.289 0.399 0.464 0.512 0.555 0.595 0.632 0.666 0.701 0.737 0.780 0.835 0.914 1.031 1.205 1.458 1.795 2.143 2.429 2.654 2.804 2.871 2.843 2.732 2.557 2.381 2.197 1.979 1.709 1.360 0.912 0.521 0.283 0.154 0.087 0.052 0.034 0.022 0.015 0.011 0.008 0.007 0.006 0.005 0.004 0.003 0.002 0.001 0.001 0.000 0.000 0.000 0.000 0.000 0.000 0.000 0.000 0.000 0.000 0.000 0.000 0.000 0.000 0.000 0.000 0.000 0.000 0.000 0.000 0.000 0.000 0.000 0.000 0.000 0.001
