RESULTS/r.avaflow_results/13_results/13_ascii/13_hflow0006.asc
ncols 506
nrows 317
xllcenter 498237.50
yllcenter 5580050.00
cellsize 12.50
NODATA_value -9999.000
[rows 238 to 271 of 317, columns 77 to 153 of 506]
26.536 27.064 27.447 27.723 27.873 27.858 27.698 27.263 26.272 24.838 23.160 21.121 19.105 17.113 15.273 13.558 11.922 9.869 7.911 6.924 6.809 7.328 8.346 9.306 9.903 10.213 10.319 10.211 9.825 9.023 7.773 6.334 5.345 4.893 4.815 4.987 5.496 5.841 5.866 5.567 4.752 3.334 1.715 0.811 0.461 0.354 0.322 0.313 0.326 0.498 1.041 1.427 1.455 1.344 1.178 0.957 0.640 0.342 0.156 0.064 0.024 0.008 0.003 0.001 0.001 0.001 0.001 0.001 0.000 0.000 0.000 0.000 0.000 0.000 0.000 0.000 0.000
25.832 26.150 26.274 26.408 26.506 26.533 26.365 25.975 25.049 23.636 21.775 19.356 16.724 14.117 11.797 9.688 7.610 5.619 4.608 4.555 5.129 6.140 7.407 8.773 9.787 10.391 10.638 10.647 10.420 9.893 8.936 7.465 6.120 5.502 5.398 5.595 6.080 6.270 6.124 5.541 4.441 2.735 1.333 0.680 0.443 0.368 0.336 0.321 0.319 0.375 0.765 1.342 1.461 1.358 1.151 0.825 0.450 0.201 0.080 0.029 0.009 0.003 0.001 0.001 0.001 0.001 0.001 0.001 0.001 0.000 0.000 0.000 0.000 0.000 0.000 0.000 0.000
24.765 24.892 24.893 24.847 24.763 24.624 24.415 23.953 23.026 21.568 19.469 16.698 13.404 10.101 7.273 4.970 3.289 2.488 2.525 3.085 4.011 5.113 6.401 8.003 9.455 10.351 10.699 10.725 10.600 10.290 9.695 8.616 7.145 6.262 6.059 6.181 6.476 6.509 6.194 5.373 3.902 2.117 1.059 0.619 0.463 0.400 0.367 0.348 0.336 0.339 0.490 0.996 1.286 1.241 0.984 0.567 0.255 0.104 0.037 0.012 0.003 0.001 0.001 0.001 0.001 0.001 0.001 0.001 0.001 0.001 0.000 0.000 0.000 0.000 0.000 0.000 0.000
23.301 23.315 23.130 22.867 22.583 22.205 21.804 21.096 20.040 18.417 16.132 12.971 9.296 6.054 3.560 1.910 1.213 1.210 1.634 2.395 3.317 4.364 5.625 7.236 8.924 10.038 10.477 10.530 10.478 10.313 9.993 9.315 8.139 7.150 6.725 6.641 6.664 6.545 6.036 4.934 3.119 1.612 0.896 0.614 0.504 0.448 0.416 0.396 0.379 0.364 0.388 0.605 0.872 0.889 0.676 0.334 0.139 0.051 0.016 0.005 0.001 0.001 0.001 0.001 0.001 0.001 0.001 0.001 0.001 0.001 0.001 0.000 0.000 0.000 0.000 0.000 0.000
21.432 21.305 20.976 20.482 19.886 19.187 18.435 17.424 16.119 14.227 11.771 8.616 5.502 3.035 1.371 0.607 0.491 0.697 1.235 2.001 2.890 3.900 5.096 6.585 8.235 9.322 9.676 9.706 9.766 9.914 9.857 9.488 8.771 7.893 7.257 6.911 6.667 6.301 5.489 4.020 2.293 1.283 0.830 0.651 0.567 0.519 0.488 0.469 0.451 0.419 0.388 0.429 0.546 0.576 0.449 0.205 0.076 0.025 0.007 0.002 0.001 0.001 0.001 0.001 0.001 0.001 0.001 0.001 0.001 0.001 0.001 0.001 0.000 0.000 0.000 0.000 0.000
19.092 18.824 18.328 17.610 16.678 15.585 14.355 12.977 11.459 9.606 7.402 4.902 2.722 1.190 0.400 0.179 0.211 0.446 0.949 1.676 2.555 3.557 4.685 5.987 7.339 8.140 8.291 8.283 8.462 8.976 9.374 9.360 9.081 8.478 7.690 7.038 6.446 5.641 4.429 2.968 1.792 1.134 0.838 0.711 0.647 0.606 0.579 0.557 0.534 0.490 0.414 0.370 0.379 0.384 0.288 0.119 0.040 0.012 0.003 0.001 0.001 0.001 0.001 0.001 0.001 0.001 0.001 0.001 0.001 0.001 0.001 0.001 0.001 0.000 0.000 0.000 0.000
16.294 15.872 15.167 14.173 12.916 11.578 10.223 8.871 7.449 5.842 4.032 2.302 1.033 0.333 0.084 0.054 0.099 0.282 0.691 1.356 2.237 3.265 4.304 5.315 6.134 6.483 6.326 6.147 6.329 7.255 8.511 9.094 9.139 8.800 8.038 7.136 6.164 4.992 3.675 2.478 1.623 1.113 0.874 0.770 0.715 0.680 0.654 0.630 0.599 0.541 0.435 0.340 0.287 0.245 0.161 0.062 0.019 0.005 0.001 0.001 0.001 0.001 0.001 0.001 0.001 0.001 0.001 0.001 0.001 0.001 0.001 0.001 0.000 0.000 0.000 0.000 0.000
12.938 12.345 11.480 10.396 9.163 7.961 6.774 5.575 4.300 2.981 1.736 0.805 0.272 0.062 0.016 0.016 0.048 0.165 0.462 1.036 1.911 2.967 3.833 4.398 4.598 4.370 3.956 3.869 4.360 5.731 7.529 8.602 8.957 8.833 8.206 7.200 5.905 4.511 3.281 2.311 1.604 1.168 0.949 0.841 0.785 0.750 0.721 0.690 0.646 0.563 0.434 0.307 0.218 0.149 0.081 0.029 0.008 0.002 0.001 0.001 0.001 0.001 0.001 0.001 0.001 0.001 0.001 0.001 0.001 0.001 0.001 0.000 0.000 0.000 0.000 0.000 0.000
9.502 8.912 8.112 7.136 6.065 5.026 3.996 2.965 1.977 1.134 0.527 0.186 0.047 0.009 0.003 0.005 0.022 0.084 0.269 0.708 1.519 2.481 3.038 3.170 2.996 2.559 2.290 2.432 3.278 4.926 6.833 8.056 8.589 8.648 8.233 7.199 5.643 4.155 3.065 2.267 1.690 1.318 1.095 0.966 0.889 0.837 0.792 0.742 0.667 0.551 0.396 0.251 0.145 0.078 0.036 0.012 0.003 0.001 0.001 0.001 0.001 0.001 0.001 0.001 0.001 0.001 0.001 0.001 0.001 0.001 0.001 0.000 0.000 0.000 0.000 0.000 0.000
6.614 6.102 5.401 4.533 3.594 2.713 1.908 1.199 0.646 0.287 0.102 0.029 0.006 0.001 0.001 0.002 0.009 0.037 0.131 0.387 0.956 1.612 1.865 1.863 1.677 1.344 1.270 1.565 2.554 4.250 6.280 7.686 8.302 8.396 8.108 7.117 5.423 3.924 2.945 2.302 1.863 1.555 1.338 1.185 1.071 0.977 0.888 0.782 0.644 0.469 0.292 0.159 0.077 0.034 0.013 0.004 0.001 0.001 0.001 0.001 0.001 0.001 0.001 0.001 0.001 0.001 0.001 0.001 0.001 0.000 0.000 0.000 0.000 0.000 0.000 0.000 0.000
4.241 3.835 3.256 2.528 1.785 1.162 0.674 0.333 0.137 0.048 0.015 0.004 0.001 0.001 0.001 0.001 0.003 0.013 0.051 0.166 0.440 0.766 0.893 0.892 0.775 0.643 0.680 1.047 1.969 3.533 5.630 7.255 7.996 8.108 7.810 6.863 5.279 3.823 2.868 2.292 1.928 1.677 1.499 1.364 1.244 1.123 0.981 0.798 0.566 0.340 0.182 0.087 0.037 0.014 0.004 0.001 0.001 0.001 0.001 0.001 0.001 0.001 0.001 0.001 0.001 0.001 0.001 0.001 0.000 0.000 0.000 0.000 0.000 0.000 0.000 0.000 0.000
2.327 2.086 1.698 1.193 0.722 0.382 0.173 0.067 0.023 0.007 0.002 0.001 0.001 0.001 0.001 0.001 0.001 0.004 0.016 0.055 0.158 0.291 0.342 0.340 0.295 0.278 0.373 0.730 1.489 2.774 4.742 6.651 7.628 7.796 7.501 6.658 5.290 3.837 2.809 2.195 1.865 1.666 1.526 1.417 1.316 1.199 1.028 0.784 0.485 0.255 0.119 0.049 0.018 0.005 0.002 0.001 0.000 0.000 0.000 0.001 0.001 0.001 0.001 0.001 0.001 0.001 0.001 0.000 0.000 0.000 0.000 0.000 0.000 0.000 0.001 0.000 0.000
1.025 0.941 0.748 0.473 0.245 0.107 0.040 0.013 0.004 0.001 0.001 0.001 0.001 0.001 0.001 0.001 0.001 0.001 0.004 0.014 0.044 0.087 0.103 0.104 0.097 0.117 0.226 0.531 1.141 2.155 3.747 5.730 7.040 7.419 7.250 6.594 5.457 4.036 2.832 2.013 1.599 1.455 1.399 1.356 1.302 1.203 1.029 0.748 0.413 0.190 0.076 0.026 0.008 0.002 0.001 0.001 0.000 0.000 0.000 0.000 0.001 0.001 0.001 0.001 0.001 0.001 0.001 0.000 0.000 0.000 0.000 0.000 0.000 0.000 0.001 0.000 0.000
0.335 0.331 0.275 0.167 0.077 0.029 0.009 0.003 0.001 0.001 0.001 0.001 0.001 0.001 0.000 0.001 0.001 0.001 0.001 0.003 0.009 0.020 0.025 0.027 0.032 0.058 0.154 0.406 0.917 1.775 3.061 4.825 6.287 6.960 7.013 6.661 5.839 4.560 3.086 1.902 1.218 0.977 0.974 1.041 1.100 1.065 0.928 0.651 0.323 0.127 0.041 0.012 0.003 0.001 0.001 0.001 0.000 0.000 0.000 0.000 0.000 0.001 0.001 0.001 0.001 0.001 0.001 0.000 0.000 0.000 0.000 0.000 0.000 0.000 0.001 0.000 0.000
0.086 0.093 0.086 0.055 0.023 0.008 0.002 0.001 0.001 0.001 0.001 0.001 0.001 0.001 0.001 0.001 0.001 0.001 0.001 0.001 0.002 0.004 0.005 0.007 0.013 0.036 0.112 0.323 0.778 1.564 2.730 4.308 5.790 6.671 6.935 6.835 6.328 5.235 3.544 1.926 0.950 0.531 0.434 0.479 0.590 0.641 0.599 0.428 0.191 0.063 0.017 0.004 0.001 0.001 0.001 0.001 0.000 0.000 0.000 0.000 0.000 0.000 0.001 0.001 0.001 0.001 0.001 0.001 0.000 0.000 0.000 0.000 0.000 0.000 0.001 0.000 0.000
0.017 0.023 0.023 0.017 0.007 0.002 0.001 0.001 0.001 0.001 0.001 0.001 0.001 0.001 0.001 0.001 0.001 0.001 0.001 0.001 0.001 0.001 0.001 0.002 0.007 0.025 0.085 0.264 0.688 1.457 2.608 4.128 5.601 6.587 7.007 7.019 6.648 5.600 3.756 1.867 0.761 0.290 0.160 0.151 0.187 0.219 0.220 0.173 0.076 0.023 0.006 0.001 0.001 0.001 0.001 0.001 0.000 0.000 0.000 0.000 0.000 0.000 0.001 0.001 0.001 0.001 0.001 0.001 0.001 0.000 0.000 0.000 0.000 0.000 0.001 0.000 0.000
0.003 0.004 0.005 0.005 0.002 0.001 0.001 0.001 0.001 0.001 0.001 0.001 0.001 0.001 0.001 0.001 0.001 0.001 0.001 0.001 0.001 0.001 0.001 0.001 0.004 0.018 0.066 0.220 0.623 1.401 2.589 4.123 5.600 6.656 7.167 7.207 6.796 5.680 3.721 1.702 0.583 0.162 0.057 0.043 0.049 0.059 0.061 0.053 0.025 0.007 0.002 0.001 0.001 0.001 0.001 0.001 0.001 0.000 0.000 0.000 0.000 0.000 0.000 0.001 0.001 0.001 0.000 0.001 0.001 0.000 0.001 0.000 0.000 0.000 0.000 0.000 0.000
0.001 0.001 0.001 0.001 0.001 0.001 0.001 0.001 0.001 0.001 0.001 0.001 0.001 0.001 0.001 0.001 0.001 0.001 0.001 0.001 0.000 0.000 0.001 0.001 0.002 0.012 0.050 0.183 0.566 1.362 2.634 4.269 5.773 6.862 7.374 7.364 6.831 5.570 3.447 1.415 0.411 0.095 0.024 0.013 0.012 0.015 0.015 0.014 0.007 0.002 0.001 0.001 0.001 0.001 0.001 0.001 0.001 0.001 0.000 0.000 0.000 0.000 0.000 0.000 0.000 0.000 0.000 0.000 0.000 0.000 0.000 0.001 0.000 0.000 0.000 0.000 0.000
0.001 0.001 0.001 0.001 0.001 0.000 0.000 0.000 0.001 0.001 0.001 0.001 0.001 0.001 0.001 0.001 0.001 0.001 0.001 0.001 0.000 0.000 0.000 0.001 0.001 0.007 0.036 0.147 0.500 1.302 2.663 4.476 6.025 7.039 7.465 7.405 6.755 5.296 2.985 1.109 0.294 0.064 0.014 0.005 0.004 0.004 0.004 0.004 0.003 0.001 0.001 0.001 0.001 0.001 0.001 0.001 0.001 0.001 0.001 0.000 0.000 0.000 0.000 0.000 0.000 0.001 0.000 0.000 0.000 0.000 0.000 0.000 0.000 0.000 0.000 0.000 0.000
0.001 0.000 0.000 0.000 0.000 0.000 0.000 0.000 0.000 0.001 0.001 0.001 0.001 0.001 0.001 0.001 0.001 0.001 0.001 0.001 0.001 0.000 0.000 0.000 0.001 0.003 0.021 0.103 0.399 1.154 2.555 4.521 6.134 7.092 7.441 7.323 6.541 4.898 2.537 0.900 0.232 0.051 0.011 0.004 0.002 0.002 0.002 0.002 0.002 0.001 0.001 0.001 0.001 0.001 0.001 0.001 0.001 0.001 0.001 0.001 0.000 0.000 0.000 0.000 0.000 0.000 0.000 0.000 0.000 0.000 0.000 0.001 0.000 0.000 0.000 0.000 0.000
0.001 0.000 0.000 0.000 0.000 0.000 0.000 0.000 0.000 0.000 0.000 0.001 0.001 0.001 0.001 0.001 0.001 0.001 0.001 0.001 0.001 0.000 0.000 0.000 0.001 0.001 0.008 0.049 0.238 0.845 2.175 4.283 6.095 7.030 7.273 7.053 6.146 4.422 2.188 0.761 0.198 0.045 0.010 0.003 0.002 0.002 0.002 0.002 0.002 0.002 0.001 0.001 0.001 0.001 0.001 0.001 0.001 0.001 0.001 0.001 0.000 0.000 0.000 0.000 0.000 0.000 0.000 0.000 0.000 0.000 0.000 0.000 0.000 0.000 0.000 0.000 0.000
0.001 0.001 0.000 0.000 0.000 0.000 0.000 0.000 0.000 0.000 0.000 0.000 0.001 0.001 0.001 0.001 0.001 0.001 0.001 0.001 0.001 0.001 0.000 0.000 0.000 0.001 0.002 0.015 0.086 0.412 1.424 3.492 5.677 6.728 6.911 6.604 5.638 3.932 1.902 0.654 0.173 0.041 0.010 0.003 0.002 0.001 0.002 0.002 0.002 0.002 0.002 0.001 0.001 0.001 0.001 0.001 0.001 0.001 0.001 0.001 0.001 0.000 0.000 0.000 0.000 0.000 0.000 0.000 0.000 0.001 0.000 0.000 0.000 0.000 0.000 0.000 0.000
0.001 0.001 0.001 0.000 0.000 0.000 0.000 0.000 0.000 0.000 0.000 0.000 0.000 0.001 0.001 0.001 0.001 0.001 0.001 0.001 0.001 0.001 0.000 0.000 0.000 0.001 0.001 0.003 0.022 0.135 0.647 2.226 4.669 6.031 6.271 5.979 5.053 3.426 1.612 0.551 0.151 0.037 0.009 0.003 0.002 0.001 0.001 0.002 0.002 0.002 0.002 0.002 0.002 0.002 0.002 0.002 0.002 0.001 0.001 0.001 0.001 0.000 0.000 0.000 0.000 0.000 0.000 0.001 0.000 0.001 0.000 0.000 0.000 0.000 0.000 0.000 0.000
0.001 0.001 0.001 0.001 0.000 0.000 0.000 0.000 0.000 0.000 0.000 0.000 0.000 0.000 0.001 0.001 0.001 0.001 0.001 0.001 0.001 0.001 0.001 0.000 0.000 0.000 0.001 0.001 0.005 0.037 0.243 1.150 3.252 4.865 5.245 5.044 4.254 2.785 1.252 0.423 0.120 0.031 0.008 0.003 0.002 0.001 0.001 0.002 0.002 0.002 0.002 0.003 0.003 0.003 0.003 0.003 0.003 0.002 0.001 0.001 0.001 0.001 0.000 0.000 0.000 0.000 0.000 0.000 0.000 0.000 0.000 0.000 0.000 0.000 0.000 0.000 0.000
0.000 0.001 0.001 0.001 0.001 0.000 0.000 0.000 0.000 0.000 0.000 0.000 0.000 0.000 0.000 0.000 0.001 0.001 0.001 0.001 0.001 0.001 0.001 0.000 0.000 0.000 0.000 0.001 0.001 0.010 0.085 0.546 1.973 3.404 3.830 3.720 3.092 1.870 0.761 0.242 0.068 0.019 0.005 0.002 0.001 0.001 0.001 0.002 0.002 0.003 0.004 0.005 0.005 0.006 0.005 0.005 0.003 0.002 0.001 0.001 0.001 0.001 0.000 0.000 0.000 0.000 0.000 0.000 0.000 0.000 0.000 0.000 0.000 0.000 0.000 0.000 0.000
0.000 0.000 0.001 0.001 0.001 0.001 0.000 0.000 0.000 0.000 0.000 0.000 0.000 0.000 0.000 0.000 0.000 0.000 0.001 0.001 0.001 0.001 0.000 0.001 0.000 0.000 0.000 0.000 0.001 0.004 0.034 0.252 1.110 2.096 2.382 2.277 1.790 0.941 0.340 0.101 0.027 0.008 0.003 0.002 0.001 0.001 0.002 0.002 0.003 0.005 0.006 0.007 0.007 0.007 0.007 0.005 0.003 0.002 0.001 0.001 0.001 0.001 0.001 0.000 0.000 0.000 0.000 0.000 0.000 0.000 0.000 0.000 0.000 0.000 0.000 0.000 0.000
0.000 0.000 0.000 0.001 0.000 0.000 0.000 0.000 0.000 0.000 0.000 0.000 0.000 0.000 0.000 0.000 0.000 0.000 0.000 0.000 0.001 0.001 0.001 0.000 0.000 0.000 0.000 0.000 0.001 0.002 0.016 0.120 0.580 1.137 1.277 1.182 0.846 0.376 0.123 0.035 0.009 0.003 0.002 0.002 0.002 0.002 0.003 0.004 0.006 0.007 0.008 0.009 0.009 0.008 0.007 0.005 0.003 0.002 0.001 0.001 0.001 0.001 0.001 0.001 0.000 0.000 0.000 0.000 0.000 0.000 0.000 0.000 0.000 0.000 0.000 0.000 0.000
0.000 0.000 0.000 0.000 0.000 0.000 0.001 0.000 0.000 0.000 0.000 0.000 0.000 0.000 0.000 0.000 0.000 0.000 0.000 0.000 0.000 0.000 0.001 0.000 0.000 0.000 0.000 0.000 0.000 0.001 0.007 0.054 0.270 0.524 0.572 0.505 0.317 0.120 0.036 0.010 0.003 0.002 0.001 0.002 0.002 0.003 0.005 0.007 0.008 0.009 0.009 0.009 0.009 0.008 0.007 0.005 0.003 0.002 0.001 0.001 0.001 0.001 0.001 0.001 0.000 0.000 0.000 0.000 0.000 0.000 0.000 0.000 0.000 0.000 0.000 0.000 0.000
0.000 0.000 0.000 0.000 0.000 0.000 0.001 0.000 0.000 0.000 0.000 0.000 0.000 0.000 0.000 0.000 0.000 0.000 0.000 0.000 0.000 0.000 0.000 0.000 0.000 0.000 0.000 0.000 0.000 0.001 0.002 0.019 0.105 0.198 0.209 0.173 0.092 0.030 0.009 0.003 0.002 0.001 0.002 0.002 0.003 0.005 0.007 0.008 0.009 0.009 0.009 0.009 0.009 0.008 0.006 0.004 0.003 0.002 0.001 0.001 0.001 0.001 0.001 0.001 0.001 0.000 0.000 0.000 0.000 0.000 0.000 0.000 0.000 0.000 0.000 0.000 0.000
0.000 0.000 0.000 0.000 0.000 0.000 0.000 0.000 0.000 0.000 0.000 0.000 0.000 0.000 0.000 0.000 0.000 0.000 0.000 0.000 0.000 0.000 0.000 0.000 0.000 0.000 0.000 0.000 0.000 0.001 0.001 0.005 0.032 0.059 0.061 0.047 0.021 0.006 0.002 0.001 0.001 0.001 0.002 0.003 0.004 0.006 0.008 0.009 0.009 0.009 0.009 0.009 0.008 0.006 0.004 0.003 0.002 0.002 0.001 0.001 0.001 0.001 0.001 0.001 0.001 0.001 0.001 0.000 0.000 0.000 0.000 0.000 0.000 0.000 0.000 0.000 0.000
0.000 0.000 0.000 0.000 0.000 0.000 0.000 0.000 0.000 0.000 0.000 0.000 0.000 0.000 0.000 0.000 0.000 0.000 0.000 0.000 0.000 0.000 0.000 0.000 0.000 0.000 0.000 0.000 0.000 0.000 0.001 0.001 0.007 0.014 0.014 0.010 0.004 0.001 0.001 0.001 0.001 0.002 0.002 0.004 0.005 0.007 0.008 0.009 0.009 0.009 0.008 0.007 0.006 0.004 0.003 0.002 0.002 0.001 0.001 0.001 0.001 0.001 0.001 0.001 0.001 0.001 0.001 0.001 0.000 0.000 0.000 0.000 0.000 0.000 0.000 0.000 0.000
0.000 0.000 0.000 0.000 0.000 0.000 0.000 0.000 0.000 0.000 0.000 0.000 0.000 0.000 0.000 0.000 0.000 0.000 0.000 0.000 0.000 0.000 0.000 0.000 0.000 0.000 0.000 0.000 0.000 0.000 0.001 0.001 0.001 0.003 0.003 0.002 0.001 0.001 0.001 0.001 0.001 0.002 0.003 0.004 0.006 0.007 0.008 0.008 0.007 0.007 0.006 0.006 0.004 0.003 0.002 0.001 0.001 0.001 0.001 0.001 0.001 0.001 0.001 0.001 0.001 0.001 0.001 0.001 0.001 0.001 0.000 0.000 0.000 0.000 0.000 0.000 0.000
0.000 0.000 0.000 0.000 0.000 0.000 0.000 0.000 0.000 0.000 0.000 0.001 0.000 0.000 0.000 0.000 0.000 0.000 0.000 0.000 0.000 0.000 0.000 0.000 0.000 0.000 0.000 0.000 0.000 0.001 0.001 0.001 0.001 0.001 0.001 0.001 0.001 0.001 0.001 0.001 0.002 0.003 0.004 0.005 0.006 0.006 0.006 0.006 0.006 0.006 0.005 0.005 0.004 0.002 0.002 0.001 0.001 0.001 0.001 0.001 0.001 0.001 0.001 0.001 0.001 0.001 0.001 0.001 0.001 0.001 0.001 0.001 0.000 0.000 0.000 0.000 0.000
0.000 0.000 0.000 0.000 0.000 0.000 0.000 0.000 0.000 0.000 0.000 0.000 0.000 0.000 0.000 0.000 0.000 0.000 0.000 0.000 0.000 0.000 0.000 0.000 0.000 0.000 0.001 0.001 0.001 0.001 0.001 0.001 0.001 0.001 0.001 0.001 0.001 0.001 0.001 0.002 0.003 0.003 0.004 0.005 0.005 0.005 0.005 0.005 0.005 0.005 0.005 0.004 0.004 0.002 0.001 0.001 0.001 0.001 0.001 0.001 0.001 0.001 0.001 0.001 0.001 0.001 0.001 0.001 0.001 0.001 0.001 0.001 0.001 0.000 0.000 0.000 0.000
