RESULTS/r.avaflow_results/13_results/13_ascii/13_hflow30038.asc
ncols 506
nrows 317
xllcenter 498237.50
yllcenter 5580050.00
cellsize 12.50
NODATA_value -9999.000
[rows 170 to 203 of 317, columns 154 to 230 of 506]
5.083 5.634 6.268 6.835 7.284 7.655 7.965 8.220 8.415 8.561 8.662 8.722 8.738 8.684 8.511 8.165 7.648 7.014 6.324 5.624 4.920 4.151 3.355 2.686 2.166 1.798 1.576 1.466 1.420 1.398 1.396 1.434 1.502 1.549 1.583 1.620 1.683 1.800 1.877 1.890 1.860 1.793 1.746 1.709 1.658 1.570 1.421 1.205 0.952 0.707 0.495 0.342 0.247 0.191 0.158 0.138 0.127 0.121 0.121 0.122 0.123 0.120 0.115 0.110 0.108 0.108 0.111 0.124 0.167 0.285 0.577 1.064 1.342 1.393 1.319 1.034 0.611
5.184 6.017 6.994 7.895 8.626 9.241 9.752 10.168 10.500 10.759 10.946 11.080 11.155 11.167 11.072 10.759 10.184 9.387 8.442 7.417 6.366 5.304 4.276 3.388 2.691 2.171 1.814 1.607 1.522 1.516 1.551 1.653 1.783 1.836 1.843 1.833 1.836 1.871 1.895 1.884 1.821 1.708 1.605 1.514 1.409 1.249 1.000 0.701 0.446 0.285 0.193 0.139 0.108 0.091 0.082 0.080 0.080 0.084 0.089 0.092 0.092 0.089 0.084 0.077 0.075 0.074 0.077 0.089 0.124 0.215 0.430 0.841 1.185 1.301 1.293 1.153 0.813
5.303 6.450 7.821 9.166 10.269 11.174 11.891 12.455 12.894 13.243 13.503 13.707 13.833 13.875 13.829 13.558 12.965 12.075 10.983 9.759 8.438 7.066 5.717 4.508 3.516 2.739 2.156 1.774 1.584 1.531 1.556 1.672 1.818 1.867 1.863 1.830 1.806 1.796 1.781 1.724 1.580 1.358 1.150 0.968 0.797 0.604 0.407 0.254 0.159 0.107 0.079 0.063 0.054 0.049 0.049 0.050 0.055 0.062 0.068 0.071 0.070 0.068 0.062 0.057 0.055 0.055 0.057 0.066 0.093 0.159 0.313 0.629 1.028 1.237 1.284 1.236 1.025
5.338 6.700 8.334 10.057 11.539 12.771 13.769 14.555 15.160 15.629 15.977 16.259 16.446 16.531 16.518 16.293 15.724 14.833 13.708 12.430 11.014 9.457 7.804 6.209 4.827 3.679 2.770 2.117 1.721 1.540 1.505 1.573 1.691 1.735 1.727 1.674 1.601 1.537 1.460 1.307 1.027 0.721 0.510 0.381 0.288 0.205 0.136 0.090 0.062 0.047 0.039 0.034 0.032 0.031 0.032 0.035 0.040 0.048 0.053 0.055 0.054 0.052 0.048 0.045 0.043 0.043 0.045 0.052 0.070 0.114 0.217 0.441 0.840 1.164 1.272 1.272 1.168
5.274 6.758 8.508 10.465 12.289 13.850 15.167 16.244 17.070 17.681 18.136 18.498 18.763 18.906 18.923 18.760 18.264 17.433 16.337 15.069 13.652 12.065 10.279 8.333 6.490 4.927 3.663 2.697 2.025 1.621 1.427 1.369 1.397 1.411 1.375 1.270 1.139 1.014 0.878 0.689 0.455 0.284 0.189 0.136 0.101 0.074 0.053 0.039 0.031 0.027 0.024 0.023 0.022 0.023 0.024 0.026 0.031 0.038 0.042 0.043 0.043 0.041 0.038 0.037 0.036 0.037 0.038 0.043 0.055 0.082 0.147 0.298 0.625 1.047 1.242 1.272 1.230
5.093 6.660 8.483 10.525 12.565 14.401 15.995 17.337 18.398 19.165 19.703 20.106 20.439 20.658 20.722 20.647 20.304 19.639 18.638 17.351 15.846 14.147 12.206 9.964 7.704 5.804 4.294 3.150 2.320 1.747 1.387 1.184 1.053 0.932 0.792 0.649 0.545 0.466 0.387 0.288 0.181 0.113 0.076 0.056 0.043 0.034 0.027 0.023 0.020 0.019 0.018 0.018 0.018 0.018 0.019 0.021 0.025 0.030 0.034 0.035 0.035 0.034 0.033 0.032 0.033 0.033 0.035 0.038 0.046 0.063 0.105 0.204 0.434 0.861 1.164 1.246 1.237
4.750 6.351 8.252 10.394 12.562 14.526 16.263 17.739 18.948 19.834 20.410 20.809 21.180 21.504 21.654 21.653 21.475 21.009 20.156 18.893 17.292 15.442 13.324 10.853 8.310 6.196 4.551 3.327 2.438 1.800 1.350 1.023 0.751 0.519 0.350 0.257 0.214 0.187 0.157 0.116 0.075 0.051 0.037 0.029 0.024 0.020 0.018 0.016 0.016 0.015 0.015 0.015 0.015 0.016 0.017 0.018 0.021 0.025 0.028 0.030 0.031 0.031 0.030 0.031 0.031 0.032 0.033 0.036 0.041 0.053 0.082 0.149 0.308 0.650 1.018 1.175 1.205
4.252 5.841 7.774 10.023 12.353 14.422 16.205 17.699 18.940 19.868 20.455 20.838 21.212 21.607 21.820 21.846 21.740 21.379 20.635 19.434 17.799 15.851 13.624 11.045 8.407 6.231 4.555 3.320 2.421 1.750 1.226 0.797 0.463 0.251 0.145 0.101 0.084 0.075 0.065 0.050 0.036 0.028 0.022 0.019 0.017 0.015 0.014 0.013 0.013 0.013 0.013 0.013 0.014 0.014 0.015 0.016 0.018 0.021 0.023 0.026 0.028 0.029 0.029 0.030 0.030 0.031 0.033 0.035 0.039 0.049 0.069 0.117 0.226 0.460 0.814 1.049 1.137
3.638 5.154 7.077 9.399 11.869 14.011 15.794 17.262 18.466 19.383 19.982 20.361 20.719 21.097 21.299 21.319 21.225 20.929 20.272 19.145 17.538 15.567 13.297 10.682 8.082 5.947 4.291 3.061 2.149 1.448 0.887 0.467 0.220 0.108 0.062 0.045 0.038 0.034 0.031 0.025 0.021 0.018 0.016 0.014 0.013 0.012 0.012 0.012 0.012 0.012 0.012 0.012 0.013 0.013 0.014 0.015 0.016 0.018 0.020 0.023 0.025 0.027 0.028 0.029 0.030 0.031 0.033 0.035 0.038 0.046 0.062 0.097 0.172 0.329 0.603 0.877 1.030
3.016 4.368 6.180 8.442 10.961 13.125 14.879 16.280 17.369 18.207 18.838 19.271 19.573 19.775 19.847 19.803 19.689 19.435 18.870 17.837 16.282 14.310 12.031 9.520 7.155 5.182 3.584 2.343 1.432 0.799 0.400 0.186 0.088 0.047 0.031 0.024 0.021 0.020 0.018 0.016 0.014 0.013 0.012 0.012 0.011 0.010 0.010 0.010 0.010 0.010 0.011 0.011 0.012 0.012 0.013 0.014 0.015 0.016 0.018 0.020 0.023 0.026 0.027 0.029 0.030 0.031 0.033 0.035 0.038 0.044 0.057 0.083 0.137 0.245 0.434 0.685 0.878
2.444 3.550 5.111 7.170 9.610 11.787 13.516 14.813 15.755 16.514 17.248 17.828 18.077 18.065 17.971 17.859 17.699 17.399 16.787 15.692 14.077 12.045 9.793 7.592 5.622 3.884 2.382 1.258 0.593 0.271 0.127 0.065 0.037 0.024 0.018 0.016 0.014 0.013 0.013 0.012 0.011 0.010 0.010 0.010 0.009 0.009 0.009 0.009 0.009 0.009 0.010 0.010 0.011 0.012 0.012 0.013 0.014 0.015 0.016 0.018 0.021 0.024 0.026 0.028 0.030 0.031 0.033 0.035 0.037 0.042 0.053 0.074 0.114 0.190 0.321 0.516 0.711
1.946 2.806 4.031 5.721 7.906 10.111 11.848 13.109 14.033 14.853 15.677 16.302 16.517 16.474 16.362 16.237 16.011 15.499 14.562 13.146 11.232 8.910 6.697 4.911 3.453 2.151 1.104 0.466 0.179 0.078 0.043 0.028 0.020 0.015 0.013 0.011 0.011 0.010 0.009 0.009 0.009 0.008 0.008 0.008 0.008 0.008 0.008 0.008 0.008 0.008 0.008 0.009 0.010 0.011 0.012 0.013 0.014 0.015 0.016 0.017 0.019 0.022 0.025 0.028 0.030 0.032 0.033 0.035 0.037 0.042 0.051 0.069 0.101 0.157 0.253 0.397 0.573
1.534 2.189 3.116 4.406 6.146 8.208 10.014 11.347 12.352 13.239 14.031 14.552 14.718 14.705 14.634 14.505 14.182 13.422 12.073 10.146 7.619 5.084 3.269 2.147 1.377 0.771 0.341 0.123 0.050 0.028 0.020 0.016 0.013 0.011 0.010 0.009 0.008 0.008 0.007 0.007 0.007 0.006 0.006 0.006 0.006 0.006 0.006 0.006 0.006 0.007 0.007 0.008 0.010 0.011 0.012 0.013 0.013 0.014 0.015 0.017 0.018 0.021 0.023 0.026 0.029 0.032 0.033 0.035 0.038 0.042 0.051 0.067 0.095 0.142 0.214 0.322 0.465
1.199 1.690 2.365 3.292 4.544 6.184 7.962 9.391 10.459 11.266 11.832 12.137 12.249 12.276 12.240 12.051 11.530 10.436 8.517 5.975 3.578 1.945 1.032 0.583 0.330 0.166 0.072 0.033 0.020 0.015 0.012 0.010 0.009 0.008 0.007 0.007 0.006 0.006 0.005 0.005 0.005 0.005 0.005 0.005 0.005 0.005 0.005 0.005 0.005 0.006 0.007 0.008 0.009 0.011 0.012 0.013 0.014 0.014 0.015 0.017 0.018 0.020 0.022 0.025 0.029 0.032 0.034 0.036 0.039 0.043 0.052 0.068 0.095 0.137 0.195 0.276 0.381
0.928 1.286 1.757 2.378 3.196 4.265 5.636 6.954 7.946 8.554 8.845 8.949 8.987 8.955 8.777 8.330 7.434 5.914 3.923 2.123 0.999 0.429 0.196 0.107 0.062 0.036 0.022 0.015 0.012 0.010 0.009 0.007 0.007 0.006 0.005 0.005 0.004 0.004 0.004 0.004 0.004 0.004 0.004 0.004 0.004 0.004 0.004 0.004 0.005 0.005 0.006 0.008 0.009 0.011 0.012 0.013 0.014 0.015 0.016 0.017 0.018 0.020 0.022 0.025 0.028 0.032 0.035 0.038 0.042 0.047 0.057 0.073 0.099 0.138 0.188 0.251 0.328
0.701 0.954 1.269 1.659 2.138 2.740 3.515 4.320 4.918 5.267 5.402 5.408 5.280 4.952 4.494 3.954 3.183 2.079 1.034 0.417 0.155 0.069 0.040 0.028 0.020 0.015 0.012 0.010 0.008 0.007 0.006 0.005 0.005 0.004 0.004 0.003 0.003 0.003 0.003 0.003 0.003 0.003 0.002 0.002 0.003 0.003 0.003 0.003 0.004 0.005 0.006 0.008 0.010 0.011 0.013 0.014 0.014 0.015 0.016 0.017 0.019 0.020 0.023 0.026 0.029 0.034 0.039 0.044 0.049 0.055 0.066 0.083 0.107 0.142 0.186 0.240 0.304
0.511 0.681 0.886 1.119 1.366 1.642 1.981 2.308 2.531 2.640 2.658 2.603 2.399 1.981 1.545 1.196 0.827 0.410 0.155 0.059 0.030 0.021 0.016 0.014 0.011 0.010 0.008 0.007 0.006 0.005 0.004 0.004 0.003 0.003 0.003 0.002 0.002 0.002 0.002 0.002 0.002 0.002 0.002 0.002 0.002 0.002 0.002 0.003 0.004 0.005 0.007 0.010 0.012 0.013 0.014 0.014 0.015 0.016 0.017 0.019 0.020 0.022 0.025 0.028 0.033 0.040 0.048 0.055 0.062 0.070 0.080 0.095 0.116 0.145 0.185 0.237 0.299
0.358 0.470 0.606 0.738 0.843 0.928 0.999 1.027 1.017 0.981 0.932 0.857 0.717 0.491 0.317 0.216 0.128 0.059 0.028 0.018 0.014 0.012 0.010 0.009 0.008 0.007 0.006 0.005 0.004 0.003 0.003 0.002 0.002 0.002 0.002 0.002 0.001 0.001 0.001 0.001 0.001 0.001 0.001 0.001 0.002 0.002 0.002 0.003 0.005 0.007 0.011 0.013 0.015 0.015 0.016 0.016 0.017 0.018 0.019 0.021 0.023 0.026 0.030 0.036 0.045 0.057 0.068 0.076 0.082 0.087 0.093 0.103 0.119 0.146 0.187 0.242 0.309
0.243 0.320 0.406 0.471 0.503 0.499 0.449 0.362 0.288 0.237 0.199 0.167 0.129 0.081 0.054 0.038 0.025 0.016 0.012 0.010 0.009 0.008 0.007 0.006 0.005 0.004 0.004 0.003 0.003 0.002 0.002 0.002 0.001 0.001 0.001 0.001 0.001 0.001 0.001 0.001 0.001 0.001 0.001 0.001 0.001 0.002 0.003 0.005 0.008 0.012 0.015 0.017 0.017 0.017 0.017 0.017 0.018 0.020 0.023 0.026 0.029 0.034 0.041 0.052 0.067 0.080 0.088 0.092 0.094 0.095 0.098 0.104 0.119 0.145 0.190 0.259 0.346
0.158 0.206 0.248 0.269 0.268 0.238 0.172 0.103 0.064 0.045 0.035 0.030 0.024 0.018 0.014 0.012 0.010 0.009 0.008 0.007 0.006 0.005 0.005 0.004 0.003 0.003 0.002 0.002 0.002 0.001 0.001 0.001 0.001 0.001 0.001 0.001 0.001 0.001 0.001 0.001 0.001 0.001 0.001 0.001 0.002 0.003 0.005 0.010 0.014 0.017 0.018 0.018 0.018 0.018 0.018 0.018 0.019 0.022 0.025 0.029 0.033 0.040 0.050 0.065 0.080 0.090 0.095 0.096 0.096 0.095 0.095 0.099 0.111 0.137 0.185 0.264 0.380
0.093 0.112 0.123 0.122 0.109 0.081 0.046 0.023 0.013 0.009 0.008 0.008 0.007 0.007 0.006 0.006 0.006 0.005 0.005 0.004 0.004 0.003 0.003 0.003 0.002 0.002 0.002 0.001 0.001 0.001 0.001 0.001 0.001 0.001 0.001 0.001 0.001 0.001 0.001 0.001 0.001 0.001 0.002 0.002 0.004 0.006 0.011 0.016 0.018 0.019 0.018 0.018 0.018 0.018 0.018 0.018 0.020 0.022 0.026 0.030 0.035 0.042 0.052 0.067 0.081 0.089 0.092 0.092 0.089 0.084 0.081 0.082 0.089 0.110 0.155 0.239 0.372
0.043 0.046 0.044 0.038 0.028 0.017 0.009 0.005 0.003 0.003 0.003 0.003 0.003 0.004 0.004 0.003 0.003 0.003 0.003 0.003 0.003 0.002 0.002 0.002 0.001 0.001 0.001 0.001 0.001 0.001 0.001 0.001 0.001 0.001 0.001 0.001 0.001 0.001 0.001 0.002 0.002 0.003 0.004 0.005 0.008 0.011 0.016 0.018 0.019 0.019 0.018 0.018 0.018 0.018 0.018 0.018 0.020 0.022 0.025 0.029 0.034 0.040 0.049 0.061 0.071 0.075 0.076 0.073 0.067 0.059 0.055 0.054 0.056 0.066 0.097 0.167 0.296
0.013 0.012 0.010 0.008 0.005 0.003 0.002 0.002 0.001 0.001 0.001 0.002 0.002 0.002 0.002 0.002 0.002 0.002 0.002 0.002 0.002 0.002 0.001 0.001 0.001 0.001 0.001 0.001 0.001 0.001 0.001 0.001 0.001 0.001 0.001 0.001 0.002 0.002 0.003 0.003 0.004 0.005 0.007 0.008 0.011 0.014 0.017 0.019 0.019 0.019 0.018 0.017 0.017 0.017 0.017 0.017 0.019 0.020 0.022 0.025 0.028 0.032 0.037 0.043 0.046 0.047 0.047 0.044 0.040 0.036 0.034 0.033 0.034 0.037 0.050 0.085 0.165
0.003 0.002 0.002 0.002 0.001 0.001 0.001 0.001 0.001 0.001 0.001 0.001 0.001 0.001 0.001 0.001 0.001 0.001 0.001 0.001 0.001 0.001 0.001 0.001 0.001 0.001 0.001 0.001 0.001 0.001 0.001 0.002 0.002 0.002 0.003 0.003 0.004 0.004 0.005 0.006 0.006 0.007 0.008 0.009 0.011 0.015 0.017 0.018 0.018 0.018 0.017 0.016 0.015 0.015 0.015 0.015 0.016 0.016 0.017 0.017 0.018 0.020 0.022 0.025 0.027 0.027 0.027 0.026 0.024 0.023 0.022 0.022 0.022 0.023 0.028 0.042 0.074
0.001 0.001 0.001 0.001 0.001 0.001 0.001 0.001 0.001 0.001 0.001 0.001 0.001 0.001 0.001 0.001 0.001 0.001 0.001 0.001 0.001 0.001 0.001 0.001 0.001 0.001 0.001 0.002 0.002 0.003 0.003 0.004 0.004 0.005 0.005 0.006 0.006 0.006 0.007 0.007 0.007 0.007 0.008 0.009 0.011 0.014 0.015 0.016 0.016 0.016 0.015 0.013 0.012 0.012 0.011 0.011 0.011 0.011 0.011 0.011 0.012 0.013 0.014 0.016 0.017 0.017 0.017 0.017 0.016 0.016 0.015 0.015 0.016 0.016 0.019 0.024 0.035
0.001 0.001 0.001 0.001 0.001 0.001 0.001 0.001 0.001 0.001 0.001 0.001 0.001 0.001 0.001 0.001 0.001 0.001 0.001 0.001 0.001 0.001 0.001 0.001 0.002 0.002 0.003 0.004 0.005 0.005 0.006 0.006 0.006 0.007 0.007 0.007 0.007 0.007 0.007 0.007 0.007 0.007 0.008 0.008 0.009 0.011 0.011 0.011 0.011 0.010 0.009 0.008 0.007 0.007 0.007 0.007 0.007 0.007 0.007 0.008 0.008 0.009 0.009 0.010 0.011 0.011 0.011 0.011 0.011 0.011 0.011 0.011 0.011 0.012 0.013 0.016 0.021
0.001 0.001 0.001 0.001 0.001 0.001 0.001 0.001 0.001 0.001 0.001 0.001 0.001 0.001 0.001 0.001 0.001 0.001 0.001 0.001 0.001 0.001 0.002 0.002 0.004 0.005 0.006 0.007 0.007 0.007 0.007 0.007 0.007 0.007 0.007 0.007 0.007 0.007 0.007 0.007 0.007 0.007 0.006 0.006 0.006 0.006 0.005 0.005 0.004 0.004 0.004 0.004 0.004 0.004 0.004 0.004 0.005 0.005 0.005 0.005 0.005 0.005 0.006 0.007 0.007 0.007 0.007 0.007 0.007 0.007 0.007 0.008 0.008 0.009 0.010 0.011 0.014
0.000 0.000 0.000 0.000 0.000 0.000 0.001 0.001 0.001 0.001 0.001 0.001 0.001 0.001 0.001 0.001 0.001 0.001 0.001 0.001 0.001 0.002 0.003 0.004 0.006 0.007 0.007 0.007 0.007 0.007 0.007 0.007 0.007 0.007 0.007 0.007 0.007 0.007 0.007 0.006 0.006 0.005 0.004 0.003 0.003 0.002 0.002 0.002 0.002 0.002 0.002 0.002 0.002 0.002 0.003 0.003 0.003 0.003 0.003 0.003 0.003 0.003 0.003 0.004 0.004 0.004 0.004 0.004 0.004 0.005 0.005 0.005 0.005 0.006 0.007 0.008 0.010
0.000 0.000 0.000 0.000 0.000 0.000 0.000 0.000 0.000 0.000 0.000 0.001 0.001 0.001 0.001 0.001 0.001 0.001 0.001 0.002 0.002 0.003 0.004 0.005 0.006 0.007 0.007 0.007 0.007 0.007 0.007 0.007 0.007 0.007 0.007 0.007 0.007 0.006 0.006 0.005 0.004 0.003 0.002 0.002 0.001 0.001 0.001 0.001 0.001 0.001 0.001 0.001 0.001 0.001 0.002 0.001 0.001 0.001 0.001 0.001 0.001 0.002 0.002 0.002 0.002 0.002 0.002 0.002 0.002 0.002 0.003 0.003 0.003 0.004 0.005 0.006 0.007
0.000 0.000 0.000 0.000 0.000 0.000 0.000 0.000 0.000 0.000 0.000 0.000 0.000 0.001 0.001 0.001 0.001 0.001 0.001 0.002 0.003 0.003 0.005 0.006 0.007 0.007 0.007 0.007 0.007 0.007 0.007 0.007 0.006 0.006 0.006 0.006 0.006 0.005 0.004 0.003 0.002 0.001 0.001 0.001 0.001 0.001 0.001 0.001 0.001 0.001 0.001 0.001 0.001 0.001 0.001 0.001 0.001 0.001 0.000 0.000 0.000 0.000 0.001 0.001 0.001 0.001 0.001 0.001 0.001 0.001 0.001 0.001 0.002 0.002 0.003 0.004 0.005
0.000 0.000 0.000 0.000 0.000 0.000 0.000 0.000 0.000 0.000 0.000 0.000 0.000 0.000 0.001 0.001 0.001 0.001 0.001 0.002 0.003 0.003 0.005 0.006 0.006 0.007 0.007 0.007 0.007 0.007 0.006 0.006 0.005 0.005 0.004 0.004 0.003 0.003 0.002 0.001 0.001 0.001 0.001 0.001 0.001 0.001 0.001 0.001 0.001 0.001 0.001 0.001 0.000 0.000 0.000 0.000 0.000 0.000 0.000 0.000 0.000 0.000 0.000 0.000 0.000 0.000 0.000 0.000 0.000 0.000 0.000 0.000 0.001 0.001 0.001 0.002 0.003
0.000 0.000 0.000 0.000 0.000 0.000 0.000 0.000 0.000 0.000 0.000 0.000 0.000 0.000 0.001 0.001 0.001 0.001 0.001 0.002 0.002 0.003 0.004 0.005 0.006 0.006 0.006 0.006 0.006 0.006 0.005 0.005 0.004 0.003 0.002 0.002 0.002 0.001 0.001 0.001 0.001 0.001 0.001 0.001 0.001 0.000 0.000 0.000 0.000 0.000 0.000 0.000 0.000 0.000 0.000 0.000 0.000 0.000 0.000 0.000 0.000 0.000 0.000 0.000 0.000 0.000 0.000 0.000 0.000 0.000 0.000 0.000 0.000 0.000 0.001 0.001 0.002
0.000 0.000 0.000 0.000 0.000 0.000 0.000 0.000 0.000 0.000 0.000 0.000 0.000 0.000 0.000 0.001 0.001 0.001 0.001 0.002 0.002 0.003 0.004 0.004 0.004 0.004 0.004 0.004 0.004 0.004 0.004 0.003 0.002 0.002 0.001 0.001 0.001 0.001 0.001 0.001 0.001 0.001 0.000 0.000 0.000 0.000 0.000 0.000 0.000 0.000 0.000 0.000 0.000 0.000 0.000 0.000 0.000 0.000 0.000 0.000 0.000 0.000 0.000 0.000 0.000 0.000 0.000 0.000 0.000 0.000 0.000 0.000 0.000 0.000 0.000 0.000 0.001
0.000 0.000 0.000 0.000 0.000 0.000 0.000 0.000 0.000 0.000 0.000 0.000 0.000 0.000 0.000 0.000 0.001 0.001 0.001 0.001 0.002 0.002 0.003 0.003 0.003 0.003 0.002 0.002 0.002 0.002 0.002 0.002 0.001 0.001 0.001 0.001 0.001 0.001 0.001 0.000 0.000 0.000 0.000 0.000 0.000 0.000 0.000 0.000 0.000 0.000 0.000 0.000 0.000 0.000 0.000 0.000 0.000 0.000 0.000 0.000 0.000 0.000 0.000 0.000 0.000 0.000 0.000 0.000 0.000 0.000 0.000 0.000 0.000 0.000 0.000 0.000 0.000
