RESULTS/r.avaflow_results/13_results/13_ascii/13_hflow30047.asc
ncols 506
nrows 317
xllcenter 498237.50
yllcenter 5580050.00
cellsize 12.50
NODATA_value -9999.000
[rows 170 to 203 of 317, columns 154 to 230 of 506]
4.775 5.347 5.998 6.577 7.048 7.427 7.738 7.988 8.177 8.309 8.396 8.440 8.442 8.386 8.229 7.925 7.468 6.896 6.259 5.598 4.916 4.165 3.387 2.720 2.184 1.785 1.525 1.386 1.332 1.317 1.332 1.377 1.428 1.458 1.479 1.508 1.570 1.656 1.691 1.681 1.627 1.545 1.485 1.429 1.364 1.269 1.125 0.934 0.731 0.545 0.391 0.283 0.216 0.174 0.149 0.133 0.124 0.121 0.123 0.125 0.126 0.125 0.124 0.123 0.124 0.126 0.134 0.160 0.231 0.403 0.734 1.014 1.107 1.093 0.949 0.637 0.358
4.934 5.771 6.734 7.609 8.330 8.919 9.402 9.793 10.103 10.341 10.514 10.628 10.683 10.685 10.594 10.317 9.809 9.096 8.235 7.288 6.300 5.282 4.289 3.421 2.715 2.169 1.784 1.554 1.460 1.453 1.493 1.584 1.660 1.684 1.682 1.671 1.677 1.699 1.703 1.672 1.587 1.468 1.370 1.278 1.173 1.025 0.805 0.557 0.361 0.238 0.167 0.126 0.102 0.089 0.083 0.081 0.082 0.087 0.091 0.094 0.094 0.092 0.088 0.085 0.085 0.086 0.092 0.111 0.163 0.284 0.534 0.847 1.011 1.049 1.006 0.825 0.534
5.103 6.220 7.531 8.812 9.886 10.748 11.429 11.969 12.393 12.732 12.993 13.176 13.282 13.316 13.271 13.029 12.492 11.677 10.656 9.499 8.249 6.939 5.640 4.472 3.495 2.714 2.126 1.741 1.548 1.496 1.520 1.613 1.693 1.711 1.701 1.670 1.647 1.630 1.601 1.523 1.366 1.174 1.009 0.857 0.707 0.532 0.355 0.224 0.144 0.100 0.075 0.062 0.054 0.051 0.051 0.053 0.058 0.065 0.070 0.072 0.072 0.069 0.065 0.062 0.061 0.062 0.066 0.080 0.116 0.197 0.369 0.663 0.911 1.014 1.027 0.963 0.757
5.177 6.476 8.012 9.642 11.067 12.251 13.216 13.992 14.592 15.061 15.433 15.714 15.899 15.980 15.966 15.772 15.269 14.448 13.373 12.123 10.734 9.214 7.604 6.054 4.705 3.581 2.691 2.059 1.683 1.522 1.497 1.548 1.605 1.616 1.597 1.542 1.473 1.404 1.316 1.150 0.889 0.647 0.483 0.372 0.281 0.198 0.132 0.088 0.062 0.048 0.040 0.035 0.034 0.033 0.034 0.037 0.043 0.050 0.054 0.056 0.055 0.053 0.050 0.048 0.047 0.048 0.051 0.061 0.084 0.135 0.245 0.468 0.776 0.970 1.025 1.015 0.918
5.161 6.550 8.187 10.026 11.762 13.257 14.517 15.555 16.365 16.976 17.457 17.834 18.111 18.260 18.281 18.155 17.740 17.004 15.986 14.754 13.349 11.765 9.983 8.052 6.243 4.716 3.488 2.562 1.936 1.583 1.432 1.387 1.378 1.361 1.310 1.211 1.090 0.962 0.814 0.617 0.409 0.273 0.192 0.143 0.106 0.077 0.055 0.041 0.033 0.028 0.025 0.024 0.024 0.024 0.025 0.028 0.033 0.039 0.043 0.044 0.043 0.042 0.040 0.039 0.039 0.040 0.043 0.049 0.063 0.094 0.162 0.306 0.591 0.884 1.004 1.018 0.982
5.049 6.498 8.185 10.096 12.029 13.759 15.265 16.534 17.542 18.286 18.840 19.271 19.627 19.862 19.942 19.895 19.625 19.051 18.141 16.915 15.440 13.742 11.792 9.551 7.345 5.505 4.048 2.950 2.169 1.654 1.349 1.175 1.053 0.939 0.811 0.675 0.565 0.473 0.378 0.267 0.173 0.115 0.081 0.061 0.047 0.036 0.029 0.024 0.021 0.020 0.019 0.019 0.019 0.019 0.020 0.022 0.026 0.031 0.034 0.035 0.035 0.035 0.034 0.034 0.034 0.035 0.038 0.042 0.051 0.071 0.113 0.205 0.408 0.730 0.937 0.994 0.986
4.800 6.288 8.032 10.011 12.043 13.886 15.512 16.896 18.022 18.858 19.439 19.878 20.285 20.614 20.771 20.789 20.655 20.254 19.479 18.288 16.742 14.913 12.795 10.333 7.876 5.853 4.277 3.105 2.260 1.669 1.258 0.957 0.718 0.523 0.380 0.291 0.240 0.202 0.161 0.113 0.077 0.054 0.040 0.032 0.026 0.022 0.019 0.017 0.016 0.016 0.015 0.015 0.016 0.016 0.017 0.018 0.021 0.025 0.028 0.029 0.030 0.031 0.031 0.031 0.032 0.033 0.035 0.039 0.045 0.058 0.086 0.147 0.279 0.543 0.809 0.928 0.955
4.414 5.906 7.690 9.757 11.909 13.826 15.473 16.877 18.027 18.892 19.478 19.905 20.321 20.702 20.907 20.946 20.869 20.552 19.867 18.736 17.169 15.259 13.046 10.490 7.959 5.886 4.284 3.100 2.237 1.594 1.096 0.709 0.431 0.259 0.165 0.120 0.099 0.085 0.069 0.051 0.038 0.030 0.024 0.020 0.017 0.015 0.014 0.013 0.013 0.013 0.013 0.013 0.013 0.014 0.014 0.015 0.017 0.020 0.023 0.025 0.027 0.028 0.029 0.030 0.031 0.032 0.034 0.037 0.042 0.051 0.071 0.112 0.199 0.372 0.627 0.811 0.887
3.912 5.364 7.154 9.281 11.541 13.509 15.148 16.518 17.640 18.498 19.085 19.502 19.894 20.255 20.453 20.488 20.423 20.161 19.551 18.478 16.934 15.004 12.746 10.160 7.670 5.629 4.045 2.862 1.980 1.305 0.785 0.422 0.217 0.117 0.073 0.054 0.045 0.039 0.033 0.027 0.022 0.019 0.016 0.014 0.013 0.012 0.011 0.011 0.011 0.011 0.011 0.011 0.011 0.012 0.012 0.013 0.015 0.017 0.019 0.021 0.024 0.026 0.027 0.029 0.030 0.031 0.033 0.036 0.040 0.048 0.062 0.091 0.148 0.258 0.443 0.649 0.779
3.346 4.701 6.424 8.524 10.813 12.780 14.381 15.678 16.706 17.505 18.107 18.556 18.878 19.098 19.192 19.188 19.101 18.859 18.313 17.308 15.800 13.856 11.577 9.089 6.801 4.901 3.376 2.202 1.342 0.747 0.380 0.187 0.095 0.054 0.036 0.028 0.025 0.022 0.019 0.017 0.015 0.013 0.012 0.011 0.010 0.010 0.009 0.009 0.009 0.009 0.009 0.009 0.009 0.010 0.010 0.011 0.013 0.014 0.016 0.018 0.021 0.024 0.026 0.027 0.029 0.031 0.033 0.035 0.039 0.045 0.056 0.078 0.117 0.190 0.310 0.479 0.631
2.771 3.938 5.498 7.465 9.694 11.638 13.193 14.390 15.292 16.029 16.689 17.204 17.444 17.487 17.439 17.365 17.238 16.958 16.361 15.295 13.716 11.693 9.425 7.225 5.286 3.612 2.219 1.202 0.592 0.283 0.138 0.072 0.042 0.028 0.021 0.018 0.016 0.014 0.013 0.012 0.011 0.010 0.009 0.009 0.008 0.008 0.007 0.007 0.007 0.007 0.007 0.007 0.008 0.008 0.009 0.010 0.011 0.013 0.015 0.017 0.019 0.022 0.024 0.026 0.029 0.031 0.033 0.035 0.038 0.044 0.053 0.070 0.100 0.150 0.231 0.350 0.486
2.241 3.165 4.443 6.151 8.225 10.169 11.702 12.837 13.685 14.429 15.149 15.672 15.847 15.818 15.726 15.617 15.409 14.956 14.103 12.742 10.856 8.541 6.338 4.569 3.141 1.945 1.032 0.469 0.199 0.092 0.050 0.032 0.022 0.017 0.014 0.013 0.011 0.010 0.010 0.009 0.008 0.008 0.007 0.007 0.006 0.006 0.006 0.006 0.006 0.006 0.006 0.006 0.007 0.007 0.008 0.010 0.011 0.012 0.014 0.016 0.018 0.020 0.023 0.025 0.028 0.030 0.033 0.035 0.038 0.043 0.052 0.067 0.092 0.130 0.190 0.274 0.381
1.789 2.500 3.476 4.798 6.539 8.451 10.009 11.162 12.037 12.796 13.468 13.890 14.020 14.004 13.934 13.795 13.474 12.764 11.493 9.594 7.152 4.788 3.111 2.034 1.289 0.729 0.344 0.141 0.062 0.035 0.023 0.018 0.014 0.012 0.010 0.009 0.008 0.008 0.007 0.007 0.006 0.006 0.005 0.005 0.005 0.004 0.004 0.004 0.004 0.004 0.005 0.005 0.006 0.007 0.008 0.009 0.011 0.012 0.013 0.015 0.017 0.019 0.022 0.025 0.028 0.030 0.033 0.036 0.039 0.044 0.052 0.067 0.090 0.124 0.172 0.236 0.319
1.414 1.950 2.669 3.628 4.888 6.496 8.067 9.278 10.183 10.860 11.329 11.573 11.652 11.657 11.588 11.358 10.818 9.747 7.897 5.515 3.368 1.919 1.069 0.616 0.352 0.185 0.087 0.042 0.025 0.018 0.014 0.012 0.010 0.009 0.008 0.007 0.006 0.006 0.005 0.005 0.004 0.004 0.004 0.004 0.003 0.003 0.003 0.003 0.003 0.003 0.004 0.005 0.005 0.007 0.008 0.009 0.011 0.012 0.013 0.015 0.017 0.019 0.021 0.024 0.027 0.030 0.033 0.036 0.040 0.045 0.054 0.069 0.091 0.124 0.168 0.224 0.293
1.103 1.497 2.004 2.655 3.488 4.550 5.813 6.945 7.768 8.259 8.476 8.536 8.520 8.429 8.190 7.711 6.850 5.452 3.670 2.085 1.057 0.502 0.248 0.137 0.079 0.046 0.027 0.018 0.014 0.011 0.010 0.008 0.007 0.006 0.006 0.005 0.005 0.004 0.004 0.003 0.003 0.003 0.003 0.003 0.002 0.002 0.002 0.002 0.003 0.003 0.004 0.005 0.006 0.007 0.008 0.009 0.011 0.012 0.014 0.015 0.017 0.019 0.021 0.024 0.027 0.031 0.035 0.039 0.043 0.050 0.059 0.075 0.098 0.130 0.173 0.227 0.293
0.841 1.121 1.465 1.879 2.376 2.978 3.707 4.382 4.856 5.111 5.187 5.159 4.999 4.677 4.234 3.712 3.009 2.040 1.093 0.498 0.213 0.101 0.057 0.036 0.025 0.018 0.014 0.011 0.009 0.008 0.007 0.006 0.005 0.004 0.004 0.004 0.003 0.003 0.003 0.002 0.002 0.002 0.002 0.002 0.002 0.002 0.002 0.002 0.002 0.003 0.004 0.005 0.007 0.008 0.009 0.010 0.011 0.013 0.014 0.016 0.017 0.020 0.022 0.025 0.029 0.033 0.039 0.044 0.051 0.059 0.070 0.087 0.112 0.146 0.194 0.257 0.335
0.622 0.813 1.042 1.292 1.553 1.838 2.153 2.416 2.572 2.633 2.617 2.537 2.331 1.963 1.569 1.231 0.875 0.479 0.211 0.091 0.045 0.028 0.021 0.016 0.013 0.011 0.009 0.008 0.007 0.006 0.005 0.004 0.004 0.003 0.003 0.002 0.002 0.002 0.002 0.002 0.002 0.001 0.001 0.001 0.001 0.001 0.002 0.002 0.003 0.004 0.006 0.008 0.009 0.011 0.011 0.012 0.013 0.014 0.015 0.017 0.019 0.022 0.025 0.029 0.034 0.040 0.048 0.056 0.064 0.074 0.087 0.106 0.135 0.181 0.252 0.354 0.483
0.443 0.573 0.727 0.870 0.985 1.078 1.140 1.149 1.112 1.061 0.995 0.907 0.766 0.558 0.386 0.271 0.169 0.087 0.042 0.025 0.017 0.014 0.012 0.010 0.009 0.007 0.006 0.005 0.004 0.004 0.003 0.003 0.002 0.002 0.002 0.002 0.002 0.001 0.001 0.001 0.001 0.001 0.001 0.001 0.001 0.001 0.002 0.003 0.004 0.007 0.010 0.013 0.014 0.014 0.015 0.015 0.015 0.016 0.018 0.021 0.024 0.028 0.032 0.037 0.045 0.054 0.063 0.071 0.079 0.087 0.099 0.119 0.158 0.231 0.361 0.556 0.804
0.307 0.396 0.493 0.565 0.601 0.601 0.551 0.455 0.367 0.304 0.256 0.215 0.169 0.115 0.079 0.055 0.036 0.023 0.016 0.012 0.010 0.009 0.008 0.007 0.006 0.005 0.004 0.003 0.003 0.002 0.002 0.002 0.002 0.001 0.001 0.001 0.001 0.001 0.001 0.001 0.001 0.001 0.001 0.001 0.001 0.002 0.003 0.005 0.009 0.012 0.015 0.016 0.017 0.017 0.017 0.017 0.018 0.020 0.023 0.027 0.031 0.036 0.043 0.052 0.061 0.069 0.076 0.081 0.087 0.093 0.102 0.122 0.165 0.258 0.440 0.729 1.107
0.204 0.259 0.306 0.331 0.330 0.300 0.231 0.149 0.098 0.070 0.055 0.045 0.035 0.026 0.020 0.016 0.013 0.011 0.009 0.008 0.007 0.006 0.005 0.005 0.004 0.003 0.003 0.002 0.002 0.002 0.001 0.001 0.001 0.001 0.001 0.001 0.001 0.001 0.001 0.001 0.001 0.001 0.001 0.001 0.002 0.003 0.006 0.011 0.015 0.017 0.018 0.018 0.018 0.018 0.018 0.018 0.020 0.022 0.026 0.031 0.036 0.042 0.051 0.061 0.069 0.075 0.080 0.084 0.087 0.092 0.100 0.118 0.159 0.256 0.451 0.767 1.196
0.123 0.146 0.159 0.159 0.146 0.115 0.073 0.040 0.023 0.016 0.013 0.012 0.011 0.010 0.009 0.008 0.007 0.007 0.006 0.005 0.005 0.004 0.003 0.003 0.002 0.002 0.002 0.001 0.001 0.001 0.001 0.001 0.001 0.001 0.001 0.001 0.001 0.001 0.001 0.001 0.001 0.002 0.002 0.003 0.005 0.008 0.013 0.017 0.018 0.019 0.019 0.018 0.018 0.018 0.018 0.019 0.020 0.023 0.027 0.032 0.038 0.044 0.052 0.062 0.070 0.075 0.078 0.080 0.082 0.083 0.087 0.100 0.133 0.217 0.397 0.702 1.130
0.060 0.065 0.063 0.056 0.045 0.030 0.017 0.009 0.006 0.005 0.005 0.005 0.005 0.005 0.005 0.005 0.005 0.004 0.004 0.004 0.003 0.003 0.002 0.002 0.002 0.001 0.001 0.001 0.001 0.001 0.001 0.001 0.001 0.001 0.001 0.001 0.001 0.001 0.002 0.002 0.003 0.004 0.005 0.007 0.009 0.013 0.017 0.019 0.019 0.019 0.019 0.018 0.018 0.018 0.018 0.019 0.020 0.023 0.027 0.031 0.037 0.042 0.049 0.057 0.063 0.066 0.067 0.066 0.064 0.062 0.063 0.067 0.084 0.133 0.252 0.484 0.844
0.022 0.021 0.018 0.014 0.010 0.006 0.004 0.003 0.002 0.002 0.002 0.002 0.003 0.003 0.003 0.003 0.003 0.003 0.003 0.002 0.002 0.002 0.001 0.001 0.001 0.001 0.001 0.001 0.001 0.001 0.001 0.001 0.001 0.001 0.002 0.002 0.002 0.003 0.004 0.004 0.005 0.007 0.008 0.010 0.012 0.016 0.018 0.019 0.019 0.019 0.019 0.018 0.018 0.017 0.018 0.018 0.019 0.021 0.024 0.027 0.030 0.034 0.038 0.043 0.045 0.046 0.046 0.044 0.041 0.039 0.039 0.040 0.045 0.062 0.109 0.215 0.408
0.005 0.005 0.004 0.003 0.002 0.002 0.001 0.001 0.001 0.001 0.001 0.002 0.002 0.002 0.002 0.002 0.002 0.002 0.002 0.001 0.001 0.001 0.001 0.001 0.001 0.001 0.001 0.001 0.001 0.002 0.002 0.002 0.003 0.003 0.003 0.004 0.005 0.005 0.006 0.007 0.007 0.008 0.009 0.011 0.013 0.016 0.018 0.019 0.019 0.019 0.018 0.017 0.016 0.016 0.016 0.016 0.017 0.017 0.017 0.018 0.019 0.021 0.023 0.026 0.027 0.028 0.028 0.027 0.026 0.025 0.025 0.026 0.028 0.033 0.048 0.084 0.155
0.001 0.001 0.001 0.001 0.001 0.001 0.001 0.001 0.001 0.001 0.001 0.001 0.001 0.001 0.001 0.001 0.001 0.001 0.001 0.001 0.001 0.001 0.001 0.001 0.001 0.002 0.002 0.003 0.003 0.004 0.004 0.005 0.005 0.006 0.006 0.007 0.007 0.007 0.007 0.008 0.008 0.009 0.009 0.011 0.013 0.015 0.017 0.017 0.017 0.017 0.016 0.015 0.013 0.013 0.012 0.012 0.011 0.011 0.010 0.010 0.011 0.012 0.014 0.016 0.017 0.018 0.018 0.018 0.017 0.017 0.018 0.018 0.019 0.021 0.027 0.038 0.062
0.001 0.001 0.001 0.001 0.001 0.001 0.001 0.001 0.001 0.001 0.001 0.001 0.001 0.001 0.001 0.001 0.001 0.001 0.001 0.001 0.001 0.001 0.001 0.002 0.002 0.003 0.004 0.005 0.006 0.006 0.007 0.007 0.007 0.008 0.008 0.008 0.008 0.008 0.008 0.008 0.008 0.008 0.009 0.010 0.011 0.012 0.013 0.013 0.012 0.012 0.011 0.009 0.008 0.007 0.007 0.006 0.006 0.006 0.006 0.007 0.007 0.008 0.009 0.010 0.011 0.012 0.012 0.012 0.012 0.012 0.013 0.013 0.014 0.015 0.018 0.022 0.031
0.001 0.001 0.001 0.001 0.001 0.001 0.001 0.001 0.001 0.001 0.001 0.001 0.001 0.001 0.001 0.001 0.001 0.001 0.001 0.001 0.001 0.002 0.002 0.003 0.005 0.006 0.007 0.008 0.008 0.008 0.008 0.008 0.008 0.008 0.008 0.008 0.008 0.008 0.008 0.008 0.008 0.008 0.008 0.008 0.007 0.007 0.007 0.006 0.006 0.005 0.005 0.004 0.004 0.004 0.004 0.004 0.004 0.004 0.004 0.004 0.005 0.005 0.006 0.007 0.007 0.008 0.008 0.008 0.008 0.009 0.009 0.009 0.010 0.011 0.012 0.015 0.019
0.001 0.001 0.001 0.001 0.001 0.001 0.001 0.001 0.001 0.001 0.001 0.001 0.001 0.001 0.001 0.001 0.001 0.001 0.001 0.001 0.002 0.003 0.004 0.005 0.007 0.008 0.008 0.009 0.009 0.008 0.008 0.008 0.008 0.008 0.008 0.008 0.008 0.008 0.008 0.007 0.007 0.006 0.005 0.004 0.004 0.003 0.003 0.002 0.002 0.002 0.002 0.002 0.002 0.002 0.002 0.002 0.002 0.002 0.002 0.002 0.003 0.003 0.004 0.004 0.005 0.005 0.005 0.005 0.006 0.006 0.006 0.006 0.007 0.008 0.009 0.011 0.013
0.000 0.000 0.000 0.000 0.000 0.000 0.001 0.001 0.001 0.001 0.001 0.001 0.001 0.001 0.001 0.001 0.001 0.001 0.002 0.002 0.003 0.004 0.005 0.007 0.008 0.008 0.009 0.009 0.009 0.008 0.008 0.008 0.008 0.008 0.008 0.008 0.008 0.007 0.007 0.006 0.005 0.004 0.003 0.002 0.002 0.001 0.001 0.001 0.001 0.001 0.001 0.001 0.001 0.001 0.001 0.001 0.001 0.001 0.001 0.001 0.001 0.002 0.002 0.002 0.003 0.003 0.003 0.003 0.003 0.003 0.004 0.004 0.005 0.005 0.006 0.008 0.009
0.000 0.000 0.000 0.000 0.000 0.000 0.000 0.000 0.000 0.000 0.001 0.001 0.001 0.001 0.001 0.001 0.001 0.001 0.002 0.003 0.004 0.005 0.006 0.007 0.008 0.008 0.008 0.008 0.008 0.008 0.008 0.008 0.007 0.007 0.007 0.007 0.007 0.006 0.005 0.004 0.003 0.002 0.001 0.001 0.001 0.001 0.001 0.001 0.001 0.001 0.001 0.001 0.001 0.001 0.001 0.001 0.001 0.001 0.001 0.000 0.000 0.001 0.001 0.001 0.001 0.001 0.001 0.002 0.002 0.002 0.002 0.002 0.003 0.003 0.004 0.005 0.006
0.000 0.000 0.000 0.000 0.000 0.000 0.000 0.000 0.000 0.000 0.000 0.001 0.001 0.001 0.001 0.001 0.001 0.001 0.002 0.003 0.004 0.005 0.006 0.007 0.007 0.008 0.008 0.008 0.008 0.008 0.007 0.007 0.006 0.006 0.006 0.005 0.004 0.004 0.003 0.002 0.001 0.001 0.001 0.001 0.001 0.001 0.001 0.001 0.001 0.001 0.000 0.000 0.000 0.000 0.000 0.000 0.000 0.000 0.000 0.000 0.000 0.000 0.000 0.000 0.000 0.000 0.000 0.000 0.001 0.001 0.001 0.001 0.001 0.002 0.002 0.003 0.004
0.000 0.000 0.000 0.000 0.000 0.000 0.000 0.000 0.000 0.000 0.000 0.000 0.001 0.001 0.001 0.001 0.001 0.001 0.002 0.003 0.004 0.005 0.005 0.006 0.007 0.007 0.007 0.007 0.007 0.007 0.006 0.006 0.005 0.004 0.003 0.003 0.002 0.002 0.001 0.001 0.001 0.001 0.001 0.001 0.001 0.001 0.000 0.000 0.000 0.000 0.000 0.000 0.000 0.000 0.000 0.000 0.000 0.000 0.000 0.000 0.000 0.000 0.000 0.000 0.000 0.000 0.000 0.000 0.000 0.000 0.000 0.000 0.000 0.001 0.001 0.002 0.003
0.000 0.000 0.000 0.000 0.000 0.000 0.000 0.000 0.000 0.000 0.000 0.000 0.000 0.001 0.001 0.001 0.001 0.001 0.002 0.002 0.003 0.004 0.005 0.005 0.005 0.006 0.006 0.005 0.005 0.005 0.005 0.004 0.003 0.002 0.002 0.001 0.001 0.001 0.001 0.001 0.001 0.001 0.001 0.000 0.000 0.000 0.000 0.000 0.000 0.000 0.000 0.000 0.000 0.000 0.000 0.000 0.000 0.000 0.000 0.000 0.000 0.000 0.000 0.000 0.000 0.000 0.000 0.000 0.000 0.000 0.000 0.000 0.000 0.000 0.000 0.001 0.001
0.000 0.000 0.000 0.000 0.000 0.000 0.000 0.000 0.000 0.000 0.000 0.000 0.000 0.000 0.001 0.001 0.001 0.001 0.002 0.002 0.003 0.003 0.003 0.004 0.004 0.003 0.003 0.003 0.003 0.003 0.002 0.002 0.002 0.001 0.001 0.001 0.001 0.001 0.001 0.001 0.000 0.000 0.000 0.000 0.000 0.000 0.000 0.000 0.000 0.000 0.000 0.000 0.000 0.000 0.000 0.000 0.000 0.000 0.000 0.000 0.000 0.000 0.000 0.000 0.000 0.000 0.000 0.000 0.000 0.000 0.000 0.000 0.000 0.000 0.000 0.000 0.000
