RESULTS/r.avaflow_results/13_results/13_ascii/13_hflow0037.asc
ncols 506
nrows 317
xllcenter 498237.50
yllcenter 5580050.00
cellsize 12.50
NODATA_value -9999.000
[rows 170 to 203 of 317, columns 231 to 307 of 506]
0.376 0.222 0.142 0.100 0.078 0.066 0.061 0.060 0.066 0.087 0.119 0.132 0.132 0.121 0.090 0.053 0.033 0.023 0.018 0.014 0.012 0.010 0.009 0.008 0.007 0.006 0.005 0.004 0.004 0.003 0.002 0.002 0.001 0.001 0.000 0.000 0.000 0.000 0.000 0.000 0.000 0.000 0.000 0.000 0.000 0.000 0.000 0.000 0.000 0.000 0.000 0.000 0.000 0.000 0.000 0.000 0.000 0.000 0.000 0.000 0.000 0.000 0.000 0.000 0.000 0.000 0.000 0.000 0.000 0.000 0.000 0.000 0.000 0.000 0.000 0.000 0.000
0.520 0.304 0.188 0.126 0.096 0.083 0.080 0.084 0.109 0.183 0.284 0.323 0.319 0.281 0.193 0.100 0.053 0.032 0.022 0.017 0.014 0.012 0.011 0.009 0.008 0.007 0.007 0.006 0.005 0.004 0.003 0.002 0.002 0.001 0.001 0.000 0.000 0.000 0.000 0.000 0.000 0.000 0.000 0.000 0.000 0.000 0.000 0.000 0.000 0.000 0.000 0.000 0.000 0.000 0.000 0.000 0.000 0.000 0.000 0.000 0.000 0.000 0.000 0.000 0.000 0.000 0.000 0.000 0.000 0.000 0.000 0.000 0.000 0.000 0.000 0.000 0.000
0.734 0.420 0.249 0.160 0.117 0.101 0.100 0.114 0.177 0.352 0.584 0.679 0.670 0.583 0.397 0.195 0.090 0.047 0.029 0.020 0.016 0.014 0.012 0.011 0.010 0.009 0.008 0.007 0.006 0.005 0.004 0.003 0.003 0.002 0.001 0.001 0.000 0.000 0.000 0.000 0.000 0.000 0.000 0.000 0.000 0.000 0.000 0.000 0.000 0.000 0.000 0.000 0.000 0.000 0.000 0.000 0.000 0.000 0.000 0.000 0.000 0.000 0.000 0.000 0.000 0.000 0.000 0.000 0.000 0.000 0.000 0.000 0.000 0.000 0.000 0.000 0.000
0.965 0.592 0.337 0.206 0.143 0.120 0.118 0.137 0.222 0.465 0.813 0.971 0.969 0.857 0.612 0.321 0.146 0.068 0.037 0.024 0.018 0.015 0.013 0.012 0.011 0.010 0.009 0.008 0.007 0.006 0.005 0.005 0.004 0.003 0.002 0.001 0.001 0.000 0.000 0.000 0.000 0.000 0.000 0.000 0.000 0.000 0.000 0.000 0.000 0.000 0.000 0.000 0.000 0.000 0.000 0.000 0.000 0.000 0.000 0.000 0.000 0.000 0.000 0.000 0.000 0.000 0.000 0.000 0.000 0.000 0.000 0.000 0.000 0.000 0.000 0.000 0.000
1.138 0.819 0.477 0.279 0.180 0.142 0.137 0.154 0.242 0.495 0.880 1.066 1.071 0.959 0.710 0.401 0.197 0.094 0.048 0.030 0.021 0.017 0.015 0.013 0.012 0.011 0.010 0.009 0.008 0.008 0.007 0.006 0.005 0.004 0.003 0.002 0.001 0.001 0.000 0.000 0.000 0.000 0.000 0.000 0.000 0.000 0.000 0.000 0.000 0.000 0.000 0.000 0.000 0.000 0.000 0.000 0.000 0.000 0.000 0.000 0.000 0.000 0.000 0.000 0.000 0.000 0.000 0.000 0.000 0.000 0.000 0.000 0.000 0.000 0.000 0.001 0.001
1.220 1.030 0.700 0.400 0.239 0.172 0.157 0.171 0.249 0.483 0.844 1.027 1.039 0.940 0.714 0.431 0.235 0.122 0.063 0.037 0.025 0.020 0.016 0.014 0.013 0.012 0.011 0.010 0.010 0.009 0.008 0.007 0.006 0.005 0.004 0.003 0.002 0.001 0.001 0.000 0.000 0.000 0.000 0.000 0.000 0.000 0.000 0.000 0.000 0.000 0.000 0.000 0.000 0.000 0.000 0.000 0.000 0.000 0.000 0.000 0.000 0.000 0.000 0.000 0.000 0.000 0.000 0.000 0.000 0.000 0.000 0.000 0.000 0.000 0.001 0.002 0.004
1.234 1.133 0.913 0.586 0.335 0.219 0.185 0.191 0.251 0.429 0.696 0.840 0.861 0.802 0.647 0.430 0.263 0.153 0.084 0.047 0.030 0.023 0.019 0.016 0.015 0.013 0.012 0.012 0.011 0.010 0.009 0.008 0.007 0.006 0.005 0.004 0.003 0.002 0.001 0.001 0.000 0.000 0.000 0.000 0.000 0.000 0.000 0.000 0.000 0.000 0.000 0.000 0.000 0.000 0.000 0.000 0.000 0.000 0.000 0.000 0.000 0.000 0.000 0.000 0.000 0.000 0.000 0.000 0.000 0.000 0.000 0.000 0.001 0.001 0.003 0.005 0.007
1.202 1.155 1.019 0.770 0.478 0.297 0.229 0.223 0.258 0.362 0.491 0.553 0.564 0.545 0.486 0.383 0.273 0.179 0.107 0.062 0.039 0.028 0.022 0.019 0.016 0.015 0.014 0.013 0.012 0.011 0.010 0.009 0.008 0.007 0.006 0.004 0.003 0.002 0.002 0.001 0.001 0.000 0.000 0.000 0.000 0.000 0.000 0.000 0.000 0.000 0.000 0.000 0.000 0.000 0.000 0.000 0.000 0.000 0.000 0.000 0.000 0.000 0.000 0.000 0.000 0.000 0.000 0.000 0.000 0.000 0.001 0.001 0.002 0.004 0.006 0.008 0.012
1.132 1.126 1.053 0.894 0.644 0.417 0.303 0.275 0.287 0.336 0.380 0.390 0.380 0.358 0.331 0.298 0.253 0.194 0.132 0.082 0.052 0.036 0.027 0.022 0.019 0.017 0.015 0.014 0.013 0.013 0.012 0.010 0.009 0.008 0.007 0.005 0.004 0.003 0.002 0.002 0.001 0.001 0.000 0.000 0.000 0.000 0.000 0.000 0.000 0.000 0.000 0.000 0.000 0.000 0.000 0.000 0.000 0.000 0.000 0.000 0.000 0.000 0.000 0.000 0.000 0.000 0.000 0.000 0.001 0.001 0.002 0.003 0.005 0.007 0.010 0.014 0.020
1.025 1.062 1.040 0.954 0.793 0.577 0.421 0.359 0.346 0.352 0.352 0.337 0.309 0.282 0.262 0.247 0.231 0.204 0.160 0.112 0.075 0.052 0.038 0.029 0.024 0.020 0.018 0.016 0.015 0.014 0.013 0.012 0.010 0.009 0.008 0.006 0.005 0.004 0.003 0.003 0.002 0.001 0.001 0.000 0.000 0.000 0.000 0.000 0.000 0.000 0.000 0.000 0.000 0.000 0.000 0.000 0.000 0.000 0.000 0.000 0.000 0.000 0.000 0.000 0.001 0.001 0.001 0.001 0.002 0.003 0.005 0.007 0.009 0.012 0.017 0.024 0.036
0.888 0.979 1.001 0.970 0.876 0.722 0.571 0.485 0.440 0.404 0.367 0.330 0.292 0.262 0.245 0.235 0.228 0.218 0.198 0.163 0.123 0.087 0.060 0.044 0.033 0.027 0.022 0.019 0.017 0.016 0.014 0.013 0.011 0.010 0.009 0.008 0.006 0.005 0.004 0.004 0.003 0.002 0.001 0.001 0.001 0.000 0.000 0.000 0.000 0.000 0.000 0.000 0.000 0.000 0.000 0.000 0.000 0.000 0.000 0.001 0.001 0.001 0.001 0.002 0.002 0.003 0.003 0.004 0.005 0.007 0.009 0.011 0.015 0.020 0.028 0.043 0.071
0.757 0.883 0.945 0.948 0.905 0.809 0.689 0.610 0.555 0.498 0.421 0.346 0.295 0.264 0.249 0.244 0.251 0.266 0.270 0.255 0.218 0.167 0.117 0.081 0.057 0.041 0.031 0.025 0.021 0.018 0.016 0.014 0.012 0.011 0.010 0.009 0.008 0.007 0.006 0.005 0.004 0.003 0.003 0.002 0.002 0.001 0.001 0.001 0.001 0.001 0.001 0.001 0.001 0.001 0.001 0.001 0.001 0.001 0.001 0.002 0.002 0.003 0.003 0.004 0.005 0.006 0.007 0.008 0.009 0.011 0.014 0.018 0.024 0.034 0.052 0.087 0.155
0.637 0.776 0.868 0.902 0.894 0.843 0.759 0.690 0.641 0.588 0.498 0.391 0.324 0.292 0.285 0.295 0.328 0.380 0.408 0.410 0.385 0.328 0.253 0.181 0.124 0.082 0.054 0.038 0.029 0.023 0.019 0.016 0.014 0.012 0.011 0.010 0.009 0.008 0.007 0.006 0.006 0.005 0.004 0.004 0.003 0.003 0.002 0.002 0.002 0.002 0.002 0.002 0.002 0.002 0.002 0.002 0.002 0.002 0.003 0.004 0.005 0.006 0.007 0.008 0.009 0.010 0.012 0.013 0.015 0.018 0.022 0.029 0.042 0.065 0.109 0.192 0.353
0.522 0.656 0.768 0.833 0.852 0.835 0.786 0.732 0.687 0.642 0.565 0.464 0.407 0.390 0.404 0.440 0.504 0.590 0.645 0.662 0.652 0.606 0.524 0.421 0.312 0.210 0.129 0.077 0.049 0.033 0.024 0.019 0.016 0.014 0.013 0.012 0.011 0.010 0.009 0.008 0.007 0.007 0.006 0.005 0.005 0.005 0.004 0.004 0.004 0.004 0.004 0.004 0.004 0.004 0.004 0.004 0.004 0.005 0.006 0.007 0.008 0.009 0.011 0.012 0.014 0.016 0.018 0.021 0.024 0.029 0.038 0.054 0.086 0.143 0.246 0.436 0.798
0.436 0.553 0.670 0.755 0.795 0.802 0.787 0.750 0.715 0.682 0.639 0.598 0.616 0.665 0.719 0.771 0.836 0.919 0.989 1.030 1.044 1.026 0.969 0.866 0.721 0.545 0.358 0.201 0.105 0.058 0.036 0.025 0.020 0.017 0.015 0.014 0.013 0.012 0.011 0.010 0.009 0.009 0.008 0.008 0.008 0.007 0.007 0.007 0.007 0.006 0.006 0.006 0.006 0.006 0.006 0.007 0.007 0.008 0.009 0.010 0.012 0.014 0.017 0.019 0.022 0.025 0.029 0.033 0.040 0.053 0.076 0.121 0.202 0.336 0.555 0.939 1.603
0.391 0.490 0.608 0.711 0.768 0.787 0.784 0.763 0.745 0.749 0.799 0.935 1.143 1.298 1.368 1.387 1.368 1.376 1.420 1.484 1.549 1.588 1.580 1.517 1.381 1.162 0.859 0.508 0.251 0.117 0.060 0.037 0.027 0.022 0.019 0.017 0.015 0.014 0.013 0.013 0.012 0.012 0.011 0.011 0.011 0.010 0.010 0.010 0.010 0.010 0.010 0.009 0.009 0.009 0.010 0.010 0.011 0.012 0.013 0.015 0.018 0.022 0.026 0.031 0.036 0.042 0.051 0.063 0.083 0.119 0.186 0.302 0.490 0.767 1.151 1.640 2.237
0.379 0.470 0.586 0.698 0.764 0.790 0.798 0.804 0.855 1.009 1.311 1.765 2.182 2.408 2.450 2.333 2.084 1.922 1.889 1.932 2.023 2.134 2.232 2.276 2.231 2.050 1.667 1.078 0.542 0.240 0.109 0.059 0.039 0.030 0.025 0.021 0.019 0.018 0.017 0.016 0.015 0.015 0.015 0.015 0.014 0.014 0.014 0.014 0.014 0.014 0.013 0.013 0.013 0.013 0.013 0.014 0.015 0.017 0.019 0.023 0.028 0.036 0.045 0.056 0.069 0.086 0.111 0.147 0.208 0.309 0.473 0.735 1.105 1.495 1.827 2.115 2.442
0.390 0.480 0.592 0.702 0.775 0.823 0.880 1.030 1.360 1.881 2.549 3.206 3.581 3.665 3.523 3.179 2.731 2.440 2.335 2.343 2.432 2.611 2.852 3.018 3.078 3.011 2.658 1.892 0.999 0.458 0.204 0.103 0.062 0.044 0.034 0.029 0.025 0.023 0.022 0.021 0.020 0.020 0.020 0.019 0.019 0.019 0.019 0.019 0.018 0.018 0.018 0.017 0.017 0.017 0.018 0.019 0.021 0.024 0.028 0.035 0.048 0.067 0.094 0.126 0.164 0.214 0.282 0.381 0.537 0.771 1.114 1.532 1.877 2.073 2.182 2.271 2.391
0.442 0.541 0.649 0.758 0.856 0.983 1.257 1.839 2.734 3.593 4.209 4.506 4.556 4.415 4.108 3.669 3.217 2.900 2.756 2.741 2.831 3.099 3.497 3.759 3.857 3.822 3.495 2.686 1.560 0.780 0.371 0.186 0.106 0.069 0.051 0.041 0.035 0.032 0.031 0.030 0.029 0.028 0.027 0.026 0.026 0.025 0.025 0.025 0.025 0.024 0.024 0.023 0.023 0.023 0.024 0.026 0.030 0.035 0.045 0.064 0.099 0.154 0.228 0.316 0.416 0.538 0.695 0.931 1.268 1.632 1.949 2.167 2.271 2.295 2.276 2.243 2.135
0.510 0.658 0.803 0.951 1.151 1.528 2.302 3.498 4.566 5.092 5.231 5.147 4.979 4.723 4.351 3.936 3.579 3.308 3.167 3.146 3.266 3.686 4.252 4.561 4.646 4.555 4.139 3.262 2.075 1.184 0.631 0.337 0.190 0.119 0.083 0.063 0.053 0.049 0.048 0.048 0.048 0.046 0.043 0.041 0.038 0.036 0.034 0.034 0.033 0.033 0.032 0.031 0.031 0.031 0.033 0.037 0.045 0.059 0.087 0.141 0.234 0.371 0.542 0.735 0.962 1.222 1.505 1.829 2.119 2.293 2.373 2.392 2.368 2.316 2.216 2.019 1.614
0.520 0.717 0.958 1.274 1.759 2.579 3.796 4.941 5.557 5.702 5.593 5.351 5.096 4.818 4.442 4.084 3.840 3.670 3.586 3.606 3.849 4.506 5.187 5.458 5.450 5.200 4.594 3.580 2.436 1.590 1.000 0.602 0.357 0.221 0.149 0.111 0.094 0.089 0.090 0.098 0.100 0.097 0.090 0.079 0.067 0.059 0.053 0.050 0.049 0.047 0.046 0.044 0.044 0.045 0.050 0.060 0.080 0.119 0.194 0.329 0.546 0.842 1.150 1.446 1.729 1.999 2.223 2.380 2.458 2.475 2.455 2.412 2.332 2.174 1.903 1.490 0.985
0.451 0.678 0.974 1.420 2.152 3.274 4.589 5.460 5.788 5.790 5.635 5.372 5.123 4.854 4.488 4.185 4.031 3.982 4.027 4.207 4.677 5.439 5.961 6.123 6.060 5.680 4.866 3.681 2.630 1.881 1.342 0.944 0.644 0.429 0.293 0.219 0.190 0.186 0.203 0.247 0.263 0.257 0.232 0.190 0.149 0.119 0.098 0.086 0.078 0.074 0.071 0.070 0.071 0.075 0.088 0.116 0.168 0.261 0.428 0.722 1.136 1.514 1.759 1.929 2.090 2.277 2.411 2.461 2.461 2.433 2.380 2.283 2.082 1.721 1.261 0.838 0.523
0.279 0.495 0.827 1.345 2.165 3.375 4.669 5.455 5.713 5.698 5.560 5.346 5.128 4.873 4.518 4.266 4.184 4.227 4.430 4.789 5.339 5.970 6.308 6.400 6.333 5.915 4.967 3.678 2.697 2.012 1.516 1.148 0.873 0.672 0.528 0.438 0.404 0.410 0.486 0.630 0.694 0.684 0.614 0.499 0.375 0.279 0.211 0.167 0.143 0.130 0.125 0.125 0.131 0.151 0.194 0.270 0.385 0.561 0.869 1.325 1.713 1.909 1.987 2.031 2.098 2.219 2.290 2.289 2.238 2.147 2.020 1.816 1.468 1.025 0.665 0.437 0.293
0.125 0.243 0.492 0.982 1.799 2.982 4.265 5.076 5.390 5.435 5.377 5.262 5.108 4.875 4.529 4.323 4.291 4.404 4.694 5.097 5.584 6.053 6.317 6.390 6.335 5.927 4.911 3.587 2.648 2.005 1.539 1.198 0.954 0.788 0.686 0.639 0.631 0.671 0.822 1.085 1.227 1.246 1.189 1.048 0.849 0.646 0.469 0.348 0.286 0.261 0.255 0.260 0.291 0.361 0.478 0.639 0.840 1.104 1.464 1.803 1.969 2.010 1.999 1.962 1.913 1.875 1.822 1.738 1.607 1.439 1.247 1.019 0.752 0.507 0.341 0.241 0.184
0.054 0.099 0.207 0.469 1.031 1.979 3.182 4.170 4.735 4.992 5.086 5.089 5.023 4.838 4.515 4.340 4.339 4.493 4.782 5.119 5.464 5.738 5.897 5.949 5.887 5.471 4.435 3.153 2.292 1.747 1.378 1.116 0.926 0.796 0.728 0.712 0.728 0.791 0.968 1.280 1.471 1.515 1.489 1.395 1.237 1.032 0.831 0.677 0.589 0.558 0.557 0.593 0.684 0.836 1.045 1.276 1.480 1.671 1.864 1.980 2.010 1.983 1.892 1.719 1.461 1.208 1.021 0.888 0.779 0.676 0.578 0.476 0.357 0.258 0.191 0.152 0.132
0.028 0.043 0.077 0.168 0.394 0.860 1.648 2.661 3.598 4.223 4.580 4.740 4.765 4.667 4.426 4.300 4.327 4.491 4.681 4.808 4.822 4.755 4.685 4.610 4.454 4.002 3.078 2.066 1.435 1.087 0.901 0.793 0.725 0.683 0.675 0.692 0.728 0.802 0.974 1.280 1.488 1.549 1.539 1.483 1.367 1.191 1.034 0.942 0.906 0.911 0.958 1.055 1.185 1.336 1.517 1.705 1.841 1.926 1.971 1.980 1.931 1.797 1.552 1.212 0.881 0.656 0.512 0.419 0.357 0.313 0.273 0.231 0.185 0.150 0.126 0.113 0.108
0.018 0.024 0.034 0.060 0.123 0.277 0.601 1.159 1.975 2.864 3.576 3.972 4.136 4.167 4.098 4.069 4.129 4.221 4.178 3.910 3.413 2.928 2.582 2.332 2.104 1.796 1.304 0.830 0.561 0.431 0.380 0.366 0.376 0.410 0.468 0.537 0.608 0.693 0.836 1.080 1.275 1.362 1.389 1.385 1.327 1.201 1.092 1.054 1.057 1.092 1.173 1.294 1.406 1.509 1.632 1.787 1.892 1.929 1.913 1.835 1.666 1.376 1.025 0.724 0.525 0.392 0.298 0.233 0.191 0.165 0.147 0.129 0.114 0.103 0.098 0.096 0.097
0.012 0.015 0.020 0.028 0.045 0.083 0.171 0.359 0.715 1.276 1.964 2.557 2.948 3.182 3.320 3.403 3.442 3.348 2.960 2.241 1.561 1.155 0.930 0.791 0.678 0.557 0.394 0.254 0.179 0.147 0.139 0.142 0.156 0.183 0.226 0.284 0.353 0.426 0.508 0.635 0.764 0.852 0.919 0.983 1.035 1.046 1.041 1.057 1.085 1.131 1.209 1.306 1.375 1.432 1.504 1.612 1.681 1.685 1.614 1.444 1.192 0.899 0.645 0.464 0.343 0.260 0.196 0.150 0.120 0.103 0.093 0.087 0.084 0.083 0.085 0.088 0.093
0.009 0.011 0.014 0.017 0.023 0.034 0.054 0.097 0.191 0.388 0.715 1.095 1.448 1.755 1.990 2.094 2.055 1.797 1.325 0.816 0.509 0.358 0.283 0.238 0.201 0.163 0.118 0.085 0.067 0.061 0.061 0.063 0.070 0.083 0.103 0.132 0.164 0.196 0.227 0.268 0.316 0.361 0.406 0.463 0.543 0.651 0.777 0.891 0.962 1.007 1.046 1.075 1.064 1.036 1.028 1.055 1.076 1.063 0.993 0.867 0.724 0.575 0.430 0.317 0.240 0.183 0.139 0.107 0.086 0.075 0.071 0.070 0.071 0.075 0.080 0.086 0.093
0.006 0.008 0.010 0.012 0.015 0.019 0.026 0.036 0.057 0.104 0.199 0.345 0.527 0.702 0.814 0.842 0.806 0.669 0.440 0.254 0.160 0.118 0.098 0.085 0.075 0.064 0.051 0.042 0.038 0.037 0.037 0.039 0.042 0.048 0.057 0.068 0.080 0.091 0.101 0.111 0.124 0.140 0.160 0.189 0.232 0.297 0.391 0.509 0.589 0.617 0.611 0.577 0.518 0.467 0.446 0.445 0.459 0.480 0.488 0.470 0.435 0.382 0.303 0.228 0.175 0.136 0.105 0.083 0.069 0.063 0.062 0.063 0.067 0.073 0.080 0.087 0.094
0.004 0.005 0.007 0.008 0.010 0.013 0.016 0.020 0.027 0.038 0.062 0.104 0.169 0.236 0.271 0.278 0.267 0.223 0.145 0.090 0.064 0.052 0.047 0.044 0.042 0.039 0.035 0.031 0.030 0.030 0.030 0.031 0.033 0.036 0.040 0.044 0.048 0.051 0.054 0.057 0.061 0.065 0.073 0.084 0.101 0.128 0.166 0.216 0.245 0.250 0.244 0.229 0.203 0.182 0.176 0.179 0.194 0.227 0.261 0.277 0.279 0.265 0.226 0.173 0.135 0.107 0.085 0.069 0.061 0.059 0.059 0.062 0.067 0.075 0.082 0.089 0.096
0.002 0.003 0.005 0.006 0.007 0.009 0.011 0.014 0.017 0.021 0.029 0.041 0.062 0.084 0.095 0.097 0.095 0.082 0.059 0.043 0.036 0.033 0.032 0.032 0.032 0.031 0.030 0.028 0.028 0.028 0.028 0.029 0.030 0.031 0.033 0.035 0.036 0.036 0.037 0.038 0.039 0.041 0.043 0.048 0.054 0.062 0.073 0.087 0.095 0.097 0.097 0.095 0.090 0.085 0.085 0.090 0.104 0.135 0.174 0.195 0.202 0.198 0.176 0.140 0.109 0.088 0.072 0.062 0.058 0.057 0.059 0.063 0.070 0.079 0.087 0.094 0.100
0.001 0.002 0.003 0.004 0.005 0.006 0.008 0.010 0.012 0.014 0.018 0.023 0.031 0.038 0.042 0.043 0.042 0.039 0.033 0.028 0.026 0.025 0.025 0.026 0.027 0.028 0.028 0.027 0.027 0.027 0.027 0.028 0.028 0.029 0.029 0.030 0.030 0.030 0.030 0.030 0.031 0.032 0.033 0.035 0.037 0.039 0.042 0.045 0.047 0.048 0.050 0.051 0.052 0.054 0.057 0.063 0.077 0.106 0.142 0.161 0.165 0.161 0.146 0.119 0.094 0.077 0.066 0.060 0.058 0.058 0.061 0.067 0.076 0.085 0.093 0.099 0.106
0.000 0.001 0.001 0.002 0.003 0.004 0.005 0.007 0.009 0.010 0.013 0.016 0.019 0.022 0.024 0.025 0.025 0.024 0.023 0.021 0.020 0.020 0.021 0.022 0.024 0.025 0.026 0.026 0.026 0.026 0.027 0.027 0.027 0.027 0.027 0.027 0.027 0.027 0.027 0.027 0.027 0.028 0.029 0.030 0.031 0.031 0.032 0.033 0.033 0.034 0.035 0.038 0.041 0.046 0.051 0.058 0.071 0.098 0.130 0.145 0.147 0.142 0.129 0.108 0.086 0.072 0.064 0.060 0.059 0.060 0.065 0.073 0.082 0.091 0.098 0.105 0.115
