RESULTS/r.avaflow_results/13_results/13_ascii/13_hflow10018.asc
ncols 506
nrows 317
xllcenter 498237.50
yllcenter 5580050.00
cellsize 12.50
NODATA_value -9999.000
[rows 170 to 203 of 317, columns 154 to 230 of 506]
10.183 8.645 7.292 6.110 5.097 4.258 3.565 2.984 2.513 2.116 1.782 1.498 1.256 1.052 0.879 0.735 0.614 0.511 0.422 0.344 0.276 0.215 0.164 0.125 0.098 0.081 0.073 0.069 0.066 0.064 0.064 0.064 0.064 0.063 0.062 0.061 0.060 0.060 0.060 0.058 0.055 0.050 0.045 0.041 0.037 0.033 0.029 0.024 0.018 0.013 0.009 0.006 0.004 0.003 0.002 0.002 0.001 0.001 0.001 0.001 0.001 0.001 0.001 0.001 0.001 0.001 0.001 0.001 0.001 0.001 0.001 0.001 0.001 0.001 0.002 0.003 0.004
11.901 10.404 8.926 7.572 6.376 5.366 4.521 3.801 3.209 2.707 2.284 1.928 1.628 1.369 1.148 0.964 0.803 0.664 0.543 0.437 0.345 0.265 0.198 0.146 0.109 0.085 0.071 0.064 0.062 0.062 0.063 0.065 0.065 0.065 0.064 0.062 0.060 0.058 0.056 0.053 0.048 0.041 0.036 0.032 0.028 0.024 0.019 0.013 0.009 0.006 0.004 0.003 0.002 0.001 0.001 0.001 0.001 0.001 0.001 0.001 0.001 0.001 0.001 0.001 0.001 0.001 0.001 0.001 0.001 0.001 0.001 0.001 0.001 0.001 0.001 0.001 0.002
13.324 11.972 10.541 9.126 7.816 6.654 5.648 4.770 4.036 3.406 2.880 2.438 2.068 1.745 1.463 1.225 1.019 0.841 0.688 0.553 0.435 0.333 0.247 0.178 0.128 0.094 0.073 0.060 0.054 0.053 0.055 0.059 0.062 0.062 0.061 0.058 0.055 0.051 0.046 0.039 0.032 0.025 0.020 0.017 0.014 0.011 0.008 0.005 0.003 0.002 0.002 0.001 0.001 0.001 0.001 0.001 0.001 0.001 0.001 0.001 0.001 0.001 0.001 0.001 0.001 0.001 0.001 0.001 0.001 0.000 0.000 0.000 0.000 0.000 0.000 0.001 0.001
14.343 13.098 11.780 10.390 9.028 7.778 6.674 5.682 4.835 4.115 3.485 2.944 2.491 2.101 1.760 1.467 1.216 1.000 0.815 0.657 0.521 0.404 0.304 0.222 0.157 0.111 0.080 0.062 0.051 0.046 0.044 0.046 0.050 0.051 0.050 0.048 0.043 0.036 0.029 0.022 0.015 0.011 0.008 0.006 0.005 0.004 0.003 0.002 0.001 0.001 0.001 0.001 0.001 0.001 0.001 0.001 0.001 0.001 0.001 0.001 0.001 0.001 0.001 0.001 0.001 0.000 0.000 0.000 0.000 0.000 0.000 0.000 0.000 0.000 0.000 0.000 0.000
14.953 13.764 12.536 11.239 9.906 8.617 7.474 6.436 5.499 4.683 3.978 3.371 2.841 2.387 1.998 1.660 1.373 1.125 0.913 0.735 0.585 0.458 0.349 0.258 0.187 0.132 0.094 0.069 0.054 0.044 0.039 0.037 0.036 0.036 0.034 0.030 0.024 0.019 0.014 0.009 0.006 0.004 0.003 0.002 0.002 0.001 0.001 0.001 0.001 0.001 0.001 0.001 0.001 0.001 0.001 0.001 0.001 0.001 0.001 0.000 0.000 0.000 0.000 0.000 0.000 0.000 0.000 0.000 0.000 0.000 0.000 0.000 0.000 0.000 0.000 0.000 0.000
15.201 14.088 12.946 11.744 10.506 9.248 8.057 6.986 6.000 5.107 4.351 3.687 3.098 2.599 2.168 1.799 1.487 1.213 0.984 0.792 0.631 0.494 0.379 0.284 0.207 0.148 0.107 0.079 0.059 0.046 0.038 0.033 0.029 0.025 0.019 0.014 0.010 0.007 0.005 0.003 0.002 0.002 0.001 0.001 0.001 0.001 0.001 0.001 0.001 0.001 0.001 0.001 0.001 0.001 0.000 0.000 0.000 0.000 0.000 0.000 0.000 0.000 0.000 0.000 0.000 0.000 0.000 0.000 0.000 0.000 0.000 0.000 0.000 0.000 0.000 0.000 0.000
15.281 14.219 13.160 12.053 10.887 9.675 8.466 7.369 6.343 5.407 4.605 3.888 3.270 2.738 2.275 1.889 1.556 1.266 1.027 0.825 0.655 0.514 0.396 0.298 0.219 0.158 0.115 0.086 0.065 0.050 0.039 0.031 0.023 0.016 0.009 0.005 0.004 0.003 0.002 0.001 0.001 0.001 0.001 0.001 0.001 0.001 0.001 0.001 0.001 0.001 0.001 0.000 0.000 0.000 0.000 0.000 0.000 0.000 0.000 0.000 0.000 0.000 0.000 0.000 0.000 0.000 0.000 0.000 0.000 0.000 0.000 0.000 0.000 0.000 0.000 0.000 0.000
15.266 14.246 13.220 12.184 11.080 9.917 8.714 7.584 6.528 5.575 4.744 3.997 3.357 2.810 2.334 1.929 1.587 1.290 1.044 0.837 0.664 0.522 0.403 0.303 0.223 0.162 0.118 0.088 0.067 0.051 0.039 0.028 0.017 0.009 0.004 0.002 0.001 0.001 0.001 0.001 0.001 0.001 0.001 0.001 0.001 0.001 0.001 0.001 0.000 0.000 0.000 0.000 0.000 0.000 0.000 0.000 0.000 0.000 0.000 0.000 0.000 0.000 0.000 0.000 0.000 0.000 0.000 0.000 0.000 0.000 0.000 0.000 0.000 0.000 0.000 0.000 0.000
15.130 14.191 13.192 12.207 11.147 10.029 8.850 7.710 6.643 5.672 4.823 4.065 3.407 2.839 2.354 1.941 1.591 1.295 1.045 0.837 0.664 0.521 0.402 0.303 0.223 0.162 0.118 0.087 0.065 0.049 0.034 0.020 0.010 0.004 0.002 0.001 0.001 0.001 0.001 0.001 0.001 0.001 0.001 0.001 0.001 0.000 0.000 0.000 0.000 0.000 0.000 0.000 0.000 0.000 0.000 0.000 0.000 0.000 0.000 0.000 0.000 0.000 0.000 0.000 0.000 0.000 0.000 0.000 0.000 0.000 0.000 0.000 0.000 0.000 0.000 0.000 0.000
14.856 14.008 13.090 12.171 11.138 10.057 8.919 7.776 6.719 5.743 4.878 4.111 3.441 2.852 2.356 1.937 1.580 1.287 1.034 0.826 0.654 0.511 0.394 0.298 0.220 0.159 0.114 0.081 0.056 0.036 0.020 0.009 0.004 0.002 0.001 0.001 0.001 0.001 0.001 0.001 0.001 0.001 0.001 0.000 0.000 0.000 0.000 0.000 0.000 0.000 0.000 0.000 0.000 0.000 0.000 0.000 0.000 0.000 0.000 0.000 0.000 0.000 0.000 0.000 0.000 0.000 0.000 0.000 0.000 0.000 0.000 0.000 0.000 0.000 0.000 0.000 0.000
14.378 13.615 12.849 12.000 11.044 10.028 8.947 7.831 6.780 5.793 4.910 4.140 3.455 2.858 2.353 1.923 1.562 1.262 1.008 0.801 0.629 0.489 0.376 0.285 0.211 0.151 0.102 0.062 0.033 0.015 0.006 0.003 0.001 0.001 0.001 0.001 0.001 0.001 0.001 0.001 0.001 0.001 0.001 0.000 0.000 0.000 0.000 0.000 0.000 0.000 0.000 0.000 0.000 0.000 0.000 0.000 0.000 0.000 0.000 0.000 0.000 0.000 0.000 0.000 0.000 0.000 0.000 0.000 0.000 0.000 0.000 0.000 0.000 0.000 0.000 0.000 0.000
13.683 13.019 12.363 11.590 10.780 9.893 8.918 7.871 6.835 5.844 4.948 4.160 3.464 2.860 2.344 1.904 1.536 1.229 0.970 0.759 0.588 0.452 0.344 0.258 0.188 0.127 0.072 0.031 0.011 0.004 0.002 0.001 0.001 0.001 0.001 0.001 0.001 0.001 0.001 0.001 0.001 0.001 0.001 0.000 0.000 0.000 0.000 0.000 0.000 0.000 0.000 0.000 0.000 0.000 0.000 0.000 0.000 0.000 0.000 0.000 0.000 0.000 0.000 0.000 0.000 0.000 0.000 0.000 0.000 0.000 0.000 0.000 0.000 0.000 0.000 0.000 0.000
12.806 12.196 11.601 10.971 10.326 9.602 8.781 7.851 6.867 5.874 4.968 4.155 3.451 2.841 2.318 1.870 1.492 1.175 0.913 0.700 0.526 0.380 0.263 0.177 0.115 0.065 0.027 0.008 0.003 0.001 0.001 0.001 0.001 0.001 0.001 0.001 0.001 0.001 0.001 0.001 0.001 0.001 0.001 0.000 0.000 0.000 0.000 0.000 0.000 0.000 0.000 0.000 0.000 0.000 0.000 0.000 0.000 0.000 0.000 0.000 0.000 0.000 0.000 0.000 0.000 0.000 0.000 0.000 0.000 0.000 0.000 0.000 0.000 0.000 0.000 0.000 0.000
11.689 11.156 10.635 10.159 9.647 9.085 8.456 7.710 6.850 5.887 4.959 4.126 3.407 2.787 2.249 1.791 1.405 1.087 0.816 0.586 0.383 0.215 0.108 0.055 0.029 0.013 0.005 0.002 0.001 0.001 0.001 0.001 0.001 0.001 0.001 0.001 0.001 0.001 0.001 0.001 0.001 0.001 0.001 0.000 0.000 0.000 0.000 0.000 0.000 0.000 0.000 0.000 0.000 0.000 0.000 0.000 0.000 0.000 0.000 0.000 0.000 0.000 0.000 0.000 0.000 0.000 0.000 0.000 0.000 0.000 0.000 0.000 0.000 0.000 0.000 0.000 0.000
10.494 9.982 9.481 9.070 8.690 8.332 7.931 7.397 6.693 5.815 4.885 4.028 3.285 2.666 2.127 1.654 1.241 0.884 0.570 0.309 0.139 0.052 0.019 0.008 0.004 0.002 0.001 0.001 0.001 0.001 0.001 0.001 0.001 0.001 0.001 0.001 0.001 0.001 0.001 0.001 0.001 0.001 0.001 0.001 0.000 0.000 0.000 0.000 0.000 0.000 0.000 0.000 0.000 0.000 0.000 0.000 0.000 0.000 0.000 0.000 0.000 0.000 0.000 0.000 0.000 0.000 0.000 0.000 0.000 0.000 0.000 0.000 0.000 0.000 0.000 0.000 0.000
9.290 8.720 8.210 7.787 7.473 7.237 7.007 6.695 6.222 5.545 4.712 3.842 3.031 2.345 1.767 1.264 0.813 0.440 0.195 0.068 0.020 0.006 0.003 0.002 0.001 0.001 0.001 0.001 0.001 0.001 0.001 0.001 0.001 0.001 0.001 0.001 0.001 0.001 0.001 0.001 0.001 0.001 0.001 0.001 0.001 0.001 0.000 0.000 0.000 0.000 0.000 0.000 0.000 0.000 0.000 0.000 0.000 0.000 0.000 0.000 0.000 0.000 0.000 0.000 0.000 0.000 0.000 0.000 0.000 0.000 0.000 0.000 0.000 0.000 0.000 0.000 0.000
8.065 7.396 6.767 6.213 5.794 5.493 5.282 5.097 4.846 4.445 3.854 3.092 2.190 1.397 0.846 0.487 0.246 0.097 0.028 0.007 0.003 0.002 0.001 0.001 0.001 0.001 0.001 0.001 0.001 0.001 0.001 0.001 0.001 0.001 0.001 0.001 0.001 0.001 0.001 0.001 0.001 0.001 0.001 0.001 0.001 0.001 0.001 0.000 0.000 0.000 0.000 0.000 0.000 0.000 0.000 0.000 0.000 0.000 0.000 0.000 0.000 0.000 0.000 0.000 0.000 0.000 0.000 0.000 0.000 0.000 0.000 0.000 0.000 0.000 0.000 0.000 0.000
6.713 5.822 5.035 4.309 3.665 3.111 2.694 2.418 2.218 2.004 1.707 1.271 0.747 0.371 0.175 0.084 0.037 0.013 0.005 0.003 0.002 0.001 0.001 0.001 0.001 0.001 0.001 0.001 0.001 0.001 0.001 0.001 0.001 0.001 0.001 0.001 0.001 0.001 0.001 0.001 0.001 0.001 0.002 0.002 0.002 0.002 0.001 0.001 0.000 0.000 0.000 0.000 0.000 0.000 0.000 0.000 0.000 0.000 0.000 0.000 0.000 0.000 0.000 0.000 0.000 0.000 0.000 0.000 0.000 0.000 0.000 0.000 0.000 0.000 0.000 0.000 0.000
5.098 4.124 3.358 2.696 2.062 1.473 1.023 0.737 0.568 0.452 0.350 0.237 0.124 0.060 0.032 0.018 0.011 0.006 0.004 0.003 0.002 0.002 0.001 0.001 0.001 0.001 0.001 0.001 0.001 0.001 0.001 0.001 0.001 0.001 0.001 0.001 0.001 0.001 0.001 0.001 0.002 0.002 0.003 0.003 0.003 0.003 0.003 0.002 0.001 0.000 0.000 0.000 0.000 0.000 0.000 0.000 0.000 0.000 0.000 0.000 0.000 0.000 0.000 0.000 0.000 0.000 0.000 0.000 0.000 0.000 0.000 0.000 0.000 0.000 0.000 0.000 0.000
3.320 2.524 1.935 1.437 0.977 0.584 0.320 0.180 0.117 0.087 0.067 0.049 0.036 0.027 0.019 0.014 0.010 0.007 0.005 0.004 0.003 0.002 0.002 0.001 0.001 0.001 0.001 0.001 0.001 0.001 0.001 0.001 0.002 0.002 0.002 0.002 0.002 0.002 0.002 0.003 0.003 0.004 0.006 0.006 0.006 0.006 0.005 0.003 0.001 0.001 0.000 0.000 0.000 0.000 0.000 0.000 0.000 0.000 0.000 0.000 0.000 0.000 0.000 0.000 0.000 0.000 0.000 0.000 0.000 0.000 0.000 0.000 0.000 0.000 0.000 0.000 0.000
1.708 1.163 0.812 0.543 0.322 0.167 0.082 0.045 0.034 0.030 0.031 0.031 0.030 0.027 0.022 0.016 0.013 0.010 0.007 0.005 0.004 0.003 0.002 0.002 0.002 0.002 0.002 0.002 0.002 0.002 0.002 0.003 0.003 0.003 0.003 0.004 0.004 0.005 0.006 0.007 0.009 0.012 0.014 0.015 0.014 0.012 0.008 0.004 0.002 0.001 0.000 0.000 0.000 0.000 0.000 0.000 0.000 0.000 0.000 0.000 0.000 0.000 0.000 0.000 0.000 0.000 0.000 0.000 0.000 0.000 0.000 0.000 0.000 0.000 0.000 0.000 0.000
0.603 0.341 0.207 0.123 0.068 0.039 0.026 0.022 0.023 0.025 0.030 0.033 0.035 0.035 0.032 0.027 0.022 0.016 0.012 0.008 0.005 0.004 0.003 0.003 0.002 0.002 0.002 0.003 0.004 0.005 0.006 0.008 0.009 0.009 0.010 0.011 0.013 0.017 0.021 0.025 0.030 0.034 0.037 0.035 0.027 0.018 0.010 0.005 0.002 0.001 0.000 0.000 0.000 0.000 0.000 0.000 0.000 0.000 0.000 0.000 0.000 0.000 0.000 0.000 0.000 0.000 0.000 0.000 0.000 0.000 0.000 0.000 0.000 0.000 0.000 0.000 0.000
0.127 0.063 0.038 0.026 0.020 0.019 0.019 0.021 0.025 0.031 0.040 0.048 0.054 0.056 0.055 0.050 0.040 0.028 0.019 0.013 0.009 0.006 0.005 0.004 0.004 0.005 0.006 0.009 0.015 0.020 0.025 0.030 0.033 0.036 0.039 0.043 0.051 0.063 0.073 0.081 0.085 0.080 0.067 0.050 0.033 0.020 0.011 0.005 0.002 0.001 0.000 0.000 0.000 0.000 0.000 0.000 0.000 0.000 0.000 0.000 0.000 0.000 0.000 0.000 0.000 0.000 0.000 0.000 0.000 0.000 0.000 0.000 0.000 0.000 0.000 0.000 0.000
0.026 0.014 0.012 0.013 0.015 0.018 0.022 0.028 0.038 0.053 0.071 0.085 0.093 0.097 0.097 0.089 0.072 0.051 0.035 0.024 0.017 0.013 0.011 0.010 0.012 0.017 0.027 0.045 0.069 0.089 0.107 0.122 0.133 0.140 0.147 0.158 0.174 0.187 0.185 0.167 0.139 0.107 0.077 0.052 0.033 0.019 0.010 0.005 0.002 0.001 0.000 0.000 0.000 0.000 0.000 0.000 0.000 0.000 0.000 0.000 0.000 0.000 0.000 0.000 0.000 0.000 0.000 0.000 0.000 0.000 0.000 0.000 0.000 0.000 0.000 0.000 0.000
0.008 0.008 0.009 0.013 0.017 0.024 0.034 0.049 0.071 0.101 0.130 0.152 0.164 0.169 0.168 0.157 0.135 0.108 0.081 0.058 0.043 0.036 0.033 0.035 0.048 0.079 0.133 0.217 0.300 0.365 0.413 0.439 0.454 0.456 0.444 0.420 0.379 0.326 0.265 0.206 0.153 0.109 0.075 0.048 0.029 0.016 0.009 0.004 0.002 0.001 0.000 0.000 0.000 0.000 0.000 0.000 0.000 0.000 0.000 0.000 0.000 0.000 0.000 0.000 0.000 0.000 0.000 0.000 0.000 0.000 0.000 0.000 0.000 0.000 0.000 0.000 0.000
0.006 0.007 0.011 0.017 0.027 0.042 0.063 0.093 0.134 0.182 0.223 0.251 0.269 0.278 0.285 0.287 0.276 0.253 0.214 0.162 0.127 0.113 0.114 0.146 0.227 0.368 0.583 0.815 0.989 1.085 1.107 1.061 0.981 0.878 0.759 0.625 0.492 0.376 0.281 0.206 0.147 0.100 0.065 0.040 0.024 0.013 0.007 0.004 0.002 0.001 0.000 0.000 0.000 0.000 0.000 0.000 0.000 0.000 0.000 0.000 0.000 0.000 0.000 0.000 0.000 0.000 0.000 0.000 0.000 0.000 0.000 0.000 0.000 0.000 0.000 0.000 0.000
0.006 0.010 0.017 0.029 0.048 0.076 0.115 0.167 0.231 0.297 0.349 0.384 0.410 0.438 0.495 0.560 0.584 0.577 0.528 0.431 0.369 0.362 0.430 0.605 0.884 1.267 1.671 1.948 2.033 1.917 1.692 1.456 1.247 1.054 0.863 0.673 0.506 0.373 0.270 0.191 0.130 0.085 0.054 0.033 0.020 0.011 0.006 0.003 0.001 0.000 0.000 0.000 0.000 0.000 0.000 0.000 0.000 0.000 0.000 0.000 0.000 0.000 0.000 0.000 0.000 0.000 0.000 0.000 0.000 0.000 0.000 0.000 0.000 0.000 0.000 0.000 0.000
0.010 0.017 0.031 0.052 0.085 0.131 0.192 0.269 0.361 0.446 0.511 0.561 0.610 0.697 0.875 1.057 1.135 1.141 1.088 0.979 0.942 1.048 1.320 1.730 2.188 2.564 2.754 2.768 2.598 2.255 1.858 1.537 1.279 1.055 0.846 0.650 0.482 0.347 0.244 0.166 0.111 0.072 0.046 0.028 0.017 0.010 0.005 0.002 0.001 0.000 0.000 0.000 0.000 0.000 0.000 0.000 0.000 0.000 0.000 0.000 0.000 0.000 0.000 0.000 0.000 0.000 0.000 0.000 0.000 0.000 0.000 0.000 0.000 0.000 0.000 0.000 0.000
0.016 0.029 0.050 0.084 0.134 0.204 0.292 0.399 0.522 0.632 0.723 0.807 0.910 1.097 1.400 1.632 1.718 1.733 1.731 1.729 1.840 2.117 2.468 2.812 3.082 3.216 3.191 3.021 2.708 2.281 1.855 1.518 1.244 1.003 0.787 0.596 0.435 0.309 0.214 0.145 0.097 0.064 0.041 0.025 0.015 0.009 0.005 0.002 0.001 0.000 0.000 0.000 0.000 0.000 0.000 0.000 0.000 0.000 0.000 0.000 0.000 0.000 0.000 0.000 0.000 0.000 0.000 0.000 0.000 0.000 0.000 0.000 0.000 0.000 0.000 0.000 0.000
0.019 0.037 0.069 0.120 0.196 0.294 0.415 0.559 0.713 0.850 0.976 1.102 1.255 1.491 1.792 1.987 2.061 2.095 2.143 2.228 2.430 2.747 3.017 3.209 3.314 3.319 3.229 3.012 2.680 2.244 1.811 1.461 1.167 0.918 0.708 0.531 0.389 0.277 0.193 0.132 0.088 0.057 0.036 0.023 0.014 0.008 0.004 0.002 0.001 0.000 0.000 0.000 0.000 0.000 0.000 0.000 0.000 0.000 0.000 0.000 0.000 0.000 0.000 0.000 0.000 0.000 0.000 0.000 0.000 0.000 0.000 0.000 0.000 0.000 0.000 0.000 0.000
0.020 0.042 0.087 0.163 0.274 0.411 0.569 0.733 0.887 1.033 1.177 1.329 1.506 1.738 1.983 2.145 2.232 2.301 2.381 2.489 2.668 2.919 3.104 3.224 3.266 3.246 3.139 2.921 2.589 2.157 1.722 1.362 1.063 0.820 0.627 0.473 0.351 0.253 0.177 0.119 0.079 0.051 0.032 0.020 0.012 0.007 0.004 0.002 0.001 0.000 0.000 0.000 0.000 0.000 0.000 0.000 0.000 0.000 0.000 0.000 0.000 0.000 0.000 0.000 0.000 0.000 0.000 0.000 0.000 0.000 0.000 0.000 0.000 0.000 0.000 0.000 0.000
0.019 0.048 0.114 0.228 0.384 0.549 0.711 0.867 1.017 1.164 1.311 1.467 1.639 1.842 2.045 2.200 2.318 2.411 2.505 2.611 2.754 2.927 3.054 3.120 3.120 3.072 2.945 2.731 2.417 2.012 1.594 1.241 0.953 0.727 0.552 0.418 0.313 0.228 0.159 0.107 0.069 0.045 0.028 0.018 0.011 0.006 0.003 0.001 0.000 0.000 0.000 0.000 0.000 0.000 0.000 0.000 0.000 0.000 0.000 0.000 0.000 0.000 0.000 0.000 0.000 0.000 0.000 0.000 0.000 0.000 0.000 0.000 0.000 0.000 0.000 0.000 0.000
0.021 0.065 0.169 0.334 0.508 0.661 0.809 0.957 1.102 1.245 1.388 1.536 1.693 1.873 2.060 2.220 2.355 2.462 2.558 2.653 2.771 2.878 2.928 2.932 2.894 2.808 2.664 2.455 2.174 1.824 1.447 1.122 0.854 0.640 0.475 0.350 0.255 0.183 0.128 0.087 0.057 0.037 0.023 0.015 0.009 0.005 0.003 0.001 0.000 0.000 0.000 0.000 0.000 0.000 0.000 0.000 0.000 0.000 0.000 0.000 0.000 0.000 0.000 0.000 0.000 0.000 0.000 0.000 0.000 0.000 0.000 0.000 0.000 0.000 0.000 0.000 0.000
0.032 0.106 0.253 0.439 0.593 0.732 0.872 1.014 1.152 1.288 1.422 1.561 1.706 1.874 2.056 2.223 2.363 2.480 2.575 2.661 2.734 2.767 2.753 2.700 2.606 2.472 2.301 2.101 1.872 1.607 1.301 1.008 0.755 0.541 0.371 0.247 0.161 0.108 0.075 0.053 0.037 0.026 0.017 0.011 0.007 0.004 0.002 0.001 0.000 0.000 0.000 0.000 0.000 0.000 0.000 0.000 0.000 0.000 0.000 0.000 0.000 0.000 0.000 0.000 0.000 0.000 0.000 0.000 0.000 0.000 0.000 0.000 0.000 0.000 0.000 0.000 0.000
