RESULTS/r.avaflow_results/13_results/13_ascii/13_hflow_max0001.asc
ncols 506
nrows 317
xllcenter 498237.50
yllcenter 5580050.00
cellsize 12.50
NODATA_value -9999.000
[rows 238 to 271 of 317, columns 77 to 153 of 506]
27.371 28.018 28.668 29.785 31.284 32.947 33.836 34.145 34.234 33.880 33.340 32.778 32.540 32.345 31.581 30.600 29.571 28.405 27.272 26.260 25.624 25.503 25.693 26.085 26.180 26.023 25.920 25.172 25.207 25.412 25.484 25.000 25.016 25.168 25.075 25.000 25.000 25.000 25.175 25.375 25.636 26.117 26.098 26.507 26.200 25.880 25.850 25.821 25.139 25.000 25.000 25.000 15.248 11.256 9.482 7.970 6.669 5.280 3.538 1.677 0.558 0.133 0.024 0.003 0.000 0.000 0.000 0.000 0.000 0.000 0.000 0.000 0.000 0.000 0.000 0.000 0.000
27.962 28.227 28.663 29.535 31.223 32.833 33.884 34.531 34.468 34.204 33.413 32.663 32.162 31.682 30.856 30.042 29.116 28.107 27.249 26.547 25.882 25.632 25.701 26.164 26.544 26.657 26.686 25.888 25.478 25.608 25.000 25.000 25.000 25.000 25.000 25.038 25.315 25.058 25.906 25.685 26.133 26.557 26.062 25.967 25.447 25.239 25.148 25.031 25.045 25.022 25.000 25.000 18.982 14.878 11.886 9.848 7.952 6.126 4.168 2.158 0.791 0.204 0.038 0.005 0.000 0.000 0.000 0.000 0.000 0.000 0.000 0.000 0.000 0.000 0.000 0.000 0.000
28.036 28.192 28.502 29.018 30.459 32.073 33.315 34.161 34.284 33.951 33.119 32.249 31.462 30.643 29.811 29.082 28.190 27.401 26.765 26.310 25.875 25.607 25.691 26.388 27.015 27.198 27.213 26.646 25.841 25.335 25.185 25.005 25.000 25.060 25.051 25.000 25.354 25.554 26.780 27.016 27.003 26.867 26.214 26.460 25.343 25.381 25.036 25.053 25.036 25.057 25.000 25.000 25.000 18.618 14.384 11.385 8.985 6.856 4.697 2.533 0.959 0.253 0.048 0.007 0.001 0.000 0.000 0.000 0.000 0.000 0.000 0.000 0.000 0.000 0.000 0.000 0.000
27.796 28.062 28.197 28.546 29.143 30.642 31.953 32.844 33.274 33.051 32.398 31.530 30.595 29.593 28.518 27.556 26.799 26.315 25.660 25.371 25.238 25.381 25.934 26.777 27.675 27.769 27.777 27.443 26.835 26.226 25.564 25.316 25.024 25.043 25.000 25.000 25.320 26.878 27.967 28.097 27.868 27.431 26.661 25.923 25.190 25.319 25.000 25.000 25.000 25.000 25.061 25.000 25.000 21.392 16.997 12.920 10.002 7.574 5.190 2.806 1.061 0.281 0.054 0.008 0.001 0.000 0.000 0.000 0.000 0.000 0.000 0.000 0.000 0.000 0.000 0.000 0.000
27.065 27.371 27.578 27.923 28.221 29.109 30.177 31.139 31.571 31.650 31.143 30.415 29.357 28.069 26.664 25.686 25.375 25.373 25.143 25.190 25.436 25.903 26.798 27.758 28.801 28.874 28.905 28.514 27.873 27.259 26.462 25.420 25.034 25.000 25.025 25.090 26.163 27.233 28.162 28.483 28.098 27.354 25.935 25.145 25.000 25.000 25.000 25.000 25.000 25.000 25.000 25.105 25.000 25.000 19.950 14.571 11.056 8.366 5.669 3.024 1.146 0.308 0.061 0.009 0.001 0.000 0.000 0.000 0.000 0.000 0.000 0.000 0.000 0.000 0.000 0.000 0.000
26.347 26.546 26.880 27.097 27.532 28.234 29.173 29.985 30.204 30.107 29.459 28.679 27.361 26.036 25.490 25.007 25.000 25.055 25.611 26.095 26.570 27.409 28.340 29.390 30.313 30.450 30.314 29.705 28.901 28.169 27.396 26.576 25.880 25.360 25.190 25.296 26.686 27.331 27.676 28.032 27.805 26.700 25.854 25.000 25.031 25.000 25.000 25.000 25.000 25.000 25.000 25.068 25.000 25.000 21.977 16.385 12.291 9.197 6.137 3.238 1.253 0.358 0.077 0.013 0.002 0.000 0.000 0.000 0.000 0.000 0.000 0.000 0.000 0.000 0.000 0.000 0.000
25.987 26.005 26.241 26.423 26.984 27.604 28.490 28.964 28.948 28.403 27.360 26.271 25.291 25.085 25.017 25.000 25.964 25.516 26.494 27.233 27.939 28.908 29.760 30.670 31.383 31.413 31.379 30.612 29.720 28.802 28.087 27.671 27.251 26.525 26.048 25.963 26.745 26.913 27.869 27.298 26.911 26.019 25.715 25.232 25.209 25.048 25.030 25.129 25.000 25.000 25.000 25.000 25.000 25.000 23.082 18.800 13.671 9.738 6.363 3.434 1.428 0.455 0.110 0.021 0.003 0.000 0.000 0.000 0.000 0.000 0.000 0.000 0.000 0.000 0.000 0.000 0.000
25.864 26.027 25.846 26.076 26.346 26.978 27.824 27.681 27.350 26.370 25.504 26.098 25.543 25.059 25.297 25.000 25.610 26.347 27.488 28.426 29.346 30.305 31.095 31.413 32.040 31.738 31.784 30.915 29.870 28.859 28.302 28.118 28.054 27.644 27.010 26.650 26.767 26.631 26.854 26.374 25.594 25.762 25.175 25.000 25.000 25.000 25.000 25.000 25.132 25.402 25.491 25.285 25.000 25.842 25.143 21.927 15.398 10.147 6.387 3.486 1.558 0.544 0.145 0.030 0.005 0.001 0.000 0.000 0.000 0.000 0.000 0.000 0.000 0.000 0.000 0.000 0.000
25.595 25.338 25.645 25.975 26.010 26.382 26.906 26.248 25.695 25.847 25.116 25.000 25.029 25.100 25.095 25.646 26.452 27.178 28.273 29.475 30.624 31.548 32.482 32.695 32.994 32.199 31.908 30.817 29.591 28.615 28.125 28.180 28.400 28.413 27.788 27.356 26.850 26.250 25.728 26.153 25.482 25.233 25.000 25.005 25.223 25.000 25.000 25.159 25.227 25.176 25.000 25.447 25.191 25.655 25.968 23.422 16.691 10.342 6.261 3.489 1.642 0.607 0.174 0.039 0.007 0.001 0.000 0.000 0.000 0.000 0.000 0.000 0.000 0.000 0.000 0.000 0.000
25.862 25.316 25.494 25.987 25.535 25.545 26.226 25.474 25.396 25.010 25.000 25.000 25.000 25.415 25.331 26.398 27.124 27.562 28.589 30.099 31.445 32.790 33.752 33.841 33.884 32.996 32.154 30.653 29.316 28.446 28.195 28.701 28.972 28.956 28.524 27.828 26.810 26.009 25.566 25.209 25.304 25.000 25.000 25.000 25.000 25.330 25.377 25.276 25.460 25.289 25.790 26.197 25.341 25.358 25.000 25.000 17.353 10.228 6.080 3.541 1.744 0.672 0.203 0.049 0.009 0.001 0.000 0.000 0.000 0.000 0.000 0.000 0.000 0.000 0.000 0.000 0.000
25.093 25.284 25.056 25.677 25.153 25.110 25.489 25.054 25.000 25.000 25.000 25.014 25.141 25.519 25.992 26.564 27.290 27.729 28.767 30.066 31.603 33.331 34.409 34.691 34.550 33.727 32.579 30.725 29.292 28.544 28.830 29.455 29.679 29.344 28.873 27.950 26.646 25.603 25.285 25.267 25.598 25.000 25.000 25.081 25.082 25.074 25.000 25.047 25.000 25.354 25.494 25.785 25.336 25.304 25.000 25.000 17.330 9.962 6.037 3.615 1.847 0.744 0.237 0.061 0.012 0.002 0.000 0.000 0.000 0.000 0.000 0.000 0.000 0.000 0.000 0.000 0.000
25.399 25.449 25.000 25.597 25.561 25.093 25.000 25.000 25.365 25.183 25.362 25.635 25.151 25.664 25.782 26.759 27.274 27.650 28.201 29.142 30.736 32.812 34.224 35.183 34.618 33.758 32.336 30.549 29.240 28.729 29.166 29.671 30.291 29.920 29.171 27.848 26.338 25.324 25.027 25.153 25.167 25.217 25.157 25.410 25.142 25.406 25.220 25.579 25.305 25.000 25.545 25.560 25.354 25.175 25.000 25.000 16.667 10.253 6.171 3.687 1.941 0.832 0.285 0.079 0.017 0.003 0.001 0.000 0.000 0.000 0.000 0.000 0.000 0.000 0.000 0.000 0.000
25.000 25.216 25.000 25.250 25.311 25.486 25.038 25.046 25.590 25.411 25.065 25.332 25.000 25.215 25.478 25.979 26.647 27.097 27.148 27.589 28.687 30.626 32.903 34.153 33.700 32.378 30.923 29.611 28.715 28.495 28.978 29.513 30.420 30.238 29.499 27.703 26.093 25.288 25.000 25.307 25.369 25.374 25.947 26.644 26.715 26.767 26.256 25.832 25.380 25.030 25.067 25.237 25.029 25.064 25.000 25.000 25.000 12.411 6.761 3.845 2.076 0.956 0.357 0.107 0.025 0.005 0.001 0.000 0.000 0.000 0.000 0.000 0.000 0.000 0.000 0.000 0.000
25.000 25.000 25.079 25.411 25.333 25.012 25.000 25.377 25.198 25.105 25.408 25.177 25.000 25.000 25.584 25.533 26.049 25.734 25.444 25.532 25.287 26.925 29.945 31.450 30.855 29.320 28.303 27.710 27.437 27.671 28.300 29.109 30.020 30.095 29.720 28.403 26.645 25.090 25.120 25.000 25.370 25.449 26.735 27.594 27.907 28.386 27.705 26.890 25.836 25.517 25.346 25.121 25.058 25.384 25.139 25.000 25.000 14.960 8.035 4.245 2.309 1.125 0.445 0.137 0.034 0.007 0.001 0.000 0.000 0.000 0.000 0.000 0.000 0.000 0.000 0.000 0.000
25.000 25.000 25.037 25.122 25.313 25.642 25.564 26.028 25.706 25.655 25.618 25.297 25.000 25.000 25.610 25.482 25.841 25.280 25.189 25.090 25.000 25.562 26.572 27.246 26.801 25.864 25.483 26.348 25.692 26.077 27.083 28.148 29.162 29.909 29.897 29.032 27.430 25.679 25.311 25.179 25.604 25.757 26.633 27.581 28.179 28.689 28.700 28.176 26.906 25.616 25.072 25.000 25.281 25.271 25.295 25.000 25.000 25.000 10.089 4.886 2.447 1.179 0.471 0.146 0.037 0.008 0.001 0.000 0.000 0.000 0.000 0.000 0.000 0.000 0.000 0.000 0.000
9.725 25.000 25.000 25.044 25.734 25.368 25.890 26.627 26.411 26.111 25.408 25.255 25.004 25.000 25.036 25.344 25.598 25.495 25.297 25.000 25.000 25.000 25.823 26.268 25.465 25.884 25.179 25.308 25.042 25.426 26.675 27.779 29.234 30.112 30.270 29.979 28.746 26.992 25.936 25.481 25.504 25.697 25.658 26.456 27.672 28.402 28.459 28.408 27.249 25.845 25.677 25.000 25.000 25.031 25.875 25.094 25.000 25.000 12.181 5.534 2.484 1.123 0.446 0.138 0.035 0.007 0.001 0.000 0.000 0.000 0.000 0.000 0.000 0.000 0.000 0.000 0.000
5.549 10.870 25.000 25.000 25.039 25.388 25.836 26.543 26.763 26.608 26.112 26.427 26.610 26.435 26.271 25.981 25.833 25.119 25.000 25.474 25.542 25.372 25.138 25.552 25.804 25.000 25.493 25.008 25.000 25.779 26.875 28.272 29.877 30.891 31.103 30.717 29.779 28.029 26.553 25.855 25.756 25.051 25.000 25.624 26.267 27.186 27.781 27.999 27.035 25.894 25.000 25.008 25.160 25.059 25.924 25.182 25.000 25.000 25.000 5.950 2.314 0.906 0.331 0.103 0.026 0.006 0.001 0.000 0.000 0.000 0.000 0.000 0.000 0.000 0.000 0.000 0.000
3.168 6.506 12.090 25.000 25.000 25.033 25.701 26.469 26.929 27.025 26.889 28.097 28.370 28.341 27.776 26.706 25.882 25.096 25.000 25.088 25.000 25.000 25.000 25.014 25.000 25.000 25.250 25.042 25.163 26.173 27.508 28.998 30.680 31.771 32.056 31.698 30.608 28.681 26.752 26.354 25.284 25.450 25.069 25.202 25.616 26.615 26.490 26.334 26.622 25.205 25.139 25.000 25.000 25.000 25.089 25.004 25.000 25.000 25.000 5.389 1.762 0.544 0.160 0.050 0.014 0.003 0.001 0.000 0.000 0.000 0.000 0.000 0.000 0.000 0.000 0.000 0.000
1.562 3.515 6.873 12.652 25.000 25.000 25.065 25.880 26.438 26.920 26.811 28.289 29.265 29.464 28.682 27.538 26.266 25.073 25.005 25.287 25.285 25.000 25.000 25.000 25.000 25.000 25.103 25.043 25.776 27.117 28.546 30.228 31.827 32.700 32.841 32.335 31.123 29.123 26.804 25.720 25.080 25.000 25.000 25.561 25.492 26.102 25.784 25.527 25.805 25.063 25.000 25.000 25.000 25.000 25.000 25.000 25.000 25.000 7.867 2.708 0.809 0.225 0.066 0.023 0.007 0.002 0.000 0.000 0.000 0.000 0.000 0.000 0.000 0.000 0.000 0.000 0.000
0.616 1.623 3.391 6.586 12.651 25.000 25.000 25.179 25.390 25.760 25.585 26.521 28.735 29.474 29.308 28.427 27.040 25.768 25.187 25.426 25.383 25.000 25.143 25.100 25.090 25.133 25.427 25.511 26.756 27.678 29.332 31.295 32.643 33.290 33.205 32.879 31.490 29.244 26.873 25.972 25.725 25.000 25.000 25.096 25.352 25.508 25.366 25.031 25.235 25.000 25.000 25.000 25.000 25.000 25.000 25.000 9.353 4.978 2.140 0.755 0.257 0.080 0.028 0.010 0.003 0.001 0.000 0.000 0.000 0.000 0.000 0.000 0.000 0.000 0.000 0.000 0.000
0.197 0.588 1.351 2.908 6.536 13.473 25.000 25.000 25.097 25.145 25.041 25.030 26.718 28.711 29.171 28.756 27.555 26.593 25.838 25.309 25.149 25.048 25.031 25.000 25.072 25.000 25.000 25.917 26.683 27.733 29.549 32.106 33.585 33.934 33.749 33.063 31.445 29.004 26.398 25.588 25.233 25.000 25.000 25.066 25.012 25.627 25.154 25.576 25.097 25.000 25.000 25.000 25.000 10.287 7.182 4.972 2.687 1.208 0.522 0.209 0.076 0.029 0.012 0.004 0.001 0.000 0.000 0.000 0.000 0.000 0.000 0.000 0.000 0.000 0.000 0.000 0.000
0.052 0.175 0.470 1.257 3.161 7.249 14.591 25.000 25.020 25.004 25.000 25.000 25.604 27.387 28.298 28.283 28.069 27.344 26.791 26.214 25.352 25.290 25.277 25.143 25.207 25.054 25.876 25.744 26.323 27.468 28.374 31.715 33.595 34.126 33.789 32.957 31.279 28.774 26.297 25.635 25.621 25.000 25.000 25.159 25.010 25.069 25.140 25.000 25.000 25.000 25.000 10.279 6.689 3.979 2.313 1.338 0.700 0.321 0.138 0.058 0.025 0.011 0.005 0.002 0.000 0.000 0.000 0.000 0.000 0.000 0.000 0.000 0.000 0.000 0.000 0.000 0.000
0.012 0.048 0.156 0.500 1.420 3.489 8.399 25.000 25.000 25.000 25.000 25.000 25.240 26.029 27.403 28.135 28.279 28.133 27.786 26.876 25.949 25.852 25.191 25.745 25.073 25.000 25.000 25.349 25.722 25.902 26.876 31.207 33.744 34.358 34.200 33.068 31.188 28.657 25.887 25.762 25.492 25.192 25.003 25.000 25.000 25.000 25.000 25.000 25.000 10.998 7.098 4.181 2.371 1.347 0.736 0.381 0.186 0.086 0.039 0.019 0.009 0.004 0.002 0.001 0.000 0.000 0.000 0.000 0.000 0.000 0.000 0.000 0.000 0.000 0.000 0.000 0.000
0.003 0.013 0.048 0.173 0.537 1.456 3.485 8.342 25.000 25.000 25.000 25.000 25.152 25.319 26.546 27.934 28.841 29.151 28.564 27.770 26.524 25.840 25.446 25.080 25.000 25.000 25.023 25.054 25.295 25.585 25.337 30.075 33.352 34.074 33.974 32.805 30.876 28.411 26.021 25.563 25.341 25.448 25.000 25.000 25.000 25.000 25.000 25.000 8.523 4.616 2.573 1.471 0.815 0.449 0.239 0.120 0.059 0.029 0.014 0.007 0.003 0.001 0.000 0.000 0.000 0.000 0.000 0.000 0.000 0.000 0.000 0.000 0.000 0.000 0.000 0.000 0.000
0.001 0.003 0.013 0.050 0.175 0.513 1.260 2.904 7.753 25.000 25.000 25.000 25.000 25.054 25.661 27.425 29.080 29.415 29.181 28.468 27.207 26.138 25.877 25.900 25.307 25.043 25.000 25.000 25.000 25.000 25.325 29.284 32.922 33.797 33.517 32.254 30.279 27.715 25.940 25.252 25.159 25.000 25.051 25.000 25.000 25.000 10.213 6.020 3.266 1.679 0.907 0.521 0.297 0.167 0.090 0.046 0.022 0.010 0.005 0.002 0.001 0.000 0.000 0.000 0.000 0.000 0.000 0.000 0.000 0.000 0.000 0.000 0.000 0.000 0.000 0.000 0.000
0.000 0.001 0.003 0.012 0.046 0.141 0.365 0.906 2.372 7.538 25.000 25.000 25.000 25.020 25.116 27.012 28.907 29.588 29.603 29.026 27.715 26.202 25.635 25.396 25.000 25.000 25.000 25.000 25.000 25.000 25.000 28.626 32.148 32.815 32.652 31.487 29.421 26.661 25.255 25.017 25.152 25.037 25.000 25.000 25.000 8.917 4.288 2.114 1.076 0.566 0.316 0.179 0.101 0.055 0.029 0.015 0.007 0.003 0.001 0.001 0.000 0.000 0.000 0.000 0.000 0.000 0.000 0.000 0.000 0.000 0.000 0.000 0.000 0.000 0.000 0.000 0.000
0.000 0.000 0.001 0.003 0.010 0.032 0.090 0.242 0.710 2.181 7.506 25.000 25.000 25.000 25.107 26.563 28.218 29.247 29.330 28.745 27.633 26.152 25.121 25.385 25.000 25.000 25.004 25.143 25.114 25.024 25.394 28.935 31.815 32.283 31.749 30.117 28.058 25.897 25.327 25.052 25.000 25.000 25.000 25.000 8.154 3.796 1.673 0.760 0.377 0.195 0.102 0.055 0.029 0.015 0.008 0.004 0.002 0.001 0.000 0.000 0.000 0.000 0.000 0.000 0.000 0.000 0.000 0.000 0.000 0.000 0.000 0.000 0.000 0.000 0.000 0.000 0.000
0.000 0.000 0.000 0.001 0.002 0.006 0.020 0.062 0.200 0.674 2.202 7.504 25.000 25.000 25.000 25.912 27.056 28.390 28.506 28.276 27.447 26.113 25.532 25.075 25.000 25.000 25.000 25.009 25.081 25.746 25.403 29.195 31.314 31.600 30.480 28.230 25.843 25.025 25.186 25.116 25.000 25.000 10.902 6.503 3.303 1.506 0.683 0.321 0.147 0.067 0.031 0.015 0.007 0.003 0.002 0.001 0.000 0.000 0.000 0.000 0.000 0.000 0.000 0.000 0.000 0.000 0.000 0.000 0.000 0.000 0.000 0.000 0.000 0.000 0.000 0.000 0.000
0.000 0.000 0.000 0.000 0.000 0.001 0.004 0.015 0.056 0.207 0.724 2.607 8.105 25.000 25.000 25.069 25.749 26.975 26.827 26.750 26.840 25.830 25.084 25.085 25.000 25.000 25.000 25.056 25.253 25.375 25.678 27.846 30.311 30.630 28.610 25.739 25.665 25.127 25.000 25.000 25.000 9.293 4.999 2.538 1.267 0.630 0.302 0.134 0.055 0.022 0.009 0.004 0.002 0.001 0.000 0.000 0.000 0.000 0.000 0.000 0.000 0.000 0.000 0.000 0.000 0.000 0.000 0.000 0.000 0.000 0.000 0.000 0.000 0.000 0.000 0.000 0.000
0.000 0.000 0.000 0.000 0.000 0.000 0.001 0.003 0.015 0.063 0.254 0.990 3.222 8.617 25.000 25.000 25.000 25.084 25.191 25.416 26.207 25.904 25.403 25.082 25.057 25.000 25.000 25.000 25.000 25.000 25.000 25.000 27.497 27.820 25.369 25.000 25.000 25.000 25.000 25.000 8.402 4.231 2.006 0.987 0.502 0.252 0.117 0.048 0.018 0.006 0.002 0.001 0.000 0.000 0.000 0.000 0.000 0.000 0.000 0.000 0.000 0.000 0.000 0.000 0.000 0.000 0.000 0.000 0.000 0.000 0.000 0.000 0.000 0.000 0.000 0.000 0.000
0.000 0.000 0.000 0.000 0.000 0.000 0.000 0.001 0.003 0.016 0.084 0.395 1.316 3.360 8.216 25.000 25.000 25.000 25.128 25.211 25.104 25.019 25.000 25.000 25.000 25.000 25.000 25.000 25.000 25.000 25.000 25.000 25.000 25.000 25.000 25.000 25.000 25.000 10.656 6.446 3.470 1.589 0.712 0.348 0.178 0.086 0.037 0.014 0.005 0.002 0.000 0.000 0.000 0.000 0.000 0.000 0.000 0.000 0.000 0.000 0.000 0.000 0.000 0.000 0.000 0.000 0.000 0.000 0.000 0.000 0.000 0.000 0.000 0.000 0.000 0.000 0.000
0.000 0.000 0.000 0.000 0.000 0.000 0.000 0.000 0.001 0.004 0.024 0.138 0.497 1.317 2.893 7.461 25.000 25.000 25.000 25.000 25.000 25.000 25.000 25.000 25.000 10.131 7.371 6.010 5.583 5.300 5.362 5.727 8.802 10.727 25.000 25.000 25.000 8.497 4.240 2.219 1.121 0.509 0.220 0.107 0.054 0.025 0.010 0.004 0.001 0.000 0.000 0.000 0.000 0.000 0.000 0.000 0.000 0.000 0.000 0.000 0.000 0.000 0.000 0.000 0.000 0.000 0.000 0.000 0.000 0.000 0.000 0.000 0.000 0.000 0.000 0.000 0.000
0.000 0.000 0.000 0.000 0.000 0.000 0.000 0.000 0.000 0.001 0.006 0.039 0.156 0.450 0.925 2.128 7.256 25.000 25.000 25.000 25.000 25.000 9.858 7.038 5.398 3.580 2.144 1.405 1.010 0.803 0.747 0.911 1.671 2.517 4.252 5.095 4.506 2.687 1.440 0.718 0.353 0.151 0.062 0.029 0.014 0.006 0.002 0.001 0.000 0.000 0.000 0.000 0.000 0.000 0.000 0.000 0.000 0.000 0.000 0.000 0.000 0.000 0.000 0.000 0.000 0.000 0.000 0.000 0.000 0.000 0.000 0.000 0.000 0.000 0.000 0.000 0.000
0.000 0.000 0.000 0.000 0.000 0.000 0.000 0.000 0.000 0.000 0.001 0.010 0.041 0.118 0.233 0.513 1.641 4.361 5.325 5.682 5.376 4.599 3.093 2.140 1.605 1.110 0.648 0.357 0.205 0.128 0.095 0.101 0.201 0.424 0.665 0.798 0.825 0.717 0.486 0.270 0.121 0.046 0.017 0.007 0.003 0.001 0.000 0.000 0.000 0.000 0.000 0.000 0.000 0.000 0.000 0.000 0.000 0.000 0.000 0.000 0.000 0.000 0.000 0.000 0.000 0.000 0.000 0.000 0.000 0.000 0.000 0.000 0.000 0.000 0.000 0.000 0.000
