RESULTS/r.avaflow_results/13_results/13_ascii/13_hflow30036.asc
ncols 506
nrows 317
xllcenter 498237.50
yllcenter 5580050.00
cellsize 12.50
NODATA_value -9999.000
[rows 136 to 169 of 317, columns 154 to 230 of 506]
0.000 0.000 0.000 0.000 0.000 0.000 0.000 0.000 0.000 0.000 0.000 0.000 0.000 0.000 0.000 0.000 0.000 0.000 0.000 0.000 0.000 0.000 0.000 0.000 0.000 0.000 0.000 0.000 0.000 0.000 0.000 0.000 0.000 0.000 0.000 0.000 0.000 0.000 0.000 0.000 0.000 0.000 0.000 0.000 0.000 0.000 0.000 0.000 0.000 0.000 0.000 0.000 0.000 0.000 0.000 0.000 0.000 0.000 0.000 0.000 0.000 0.000 0.000 0.000 0.000 0.000 0.000 0.000 0.000 0.000 0.000 0.000 0.000 0.000 0.000 0.000 0.000
0.000 0.000 0.000 0.000 0.000 0.000 0.000 0.000 0.000 0.000 0.000 0.000 0.000 0.000 0.000 0.000 0.000 0.000 0.000 0.000 0.000 0.000 0.000 0.000 0.000 0.000 0.000 0.000 0.000 0.000 0.000 0.000 0.000 0.000 0.000 0.000 0.000 0.000 0.000 0.000 0.000 0.000 0.000 0.000 0.000 0.000 0.000 0.000 0.000 0.000 0.000 0.000 0.000 0.000 0.000 0.000 0.000 0.000 0.000 0.000 0.000 0.000 0.000 0.000 0.000 0.000 0.000 0.000 0.000 0.000 0.000 0.000 0.000 0.000 0.000 0.000 0.000
0.000 0.000 0.000 0.000 0.000 0.000 0.000 0.000 0.000 0.000 0.000 0.000 0.000 0.000 0.000 0.000 0.000 0.000 0.000 0.000 0.000 0.000 0.000 0.000 0.000 0.000 0.000 0.000 0.000 0.000 0.000 0.000 0.000 0.000 0.000 0.000 0.000 0.000 0.000 0.000 0.000 0.000 0.000 0.000 0.000 0.000 0.000 0.000 0.000 0.000 0.000 0.000 0.000 0.000 0.000 0.000 0.000 0.000 0.000 0.000 0.000 0.000 0.000 0.000 0.000 0.000 0.000 0.000 0.000 0.000 0.000 0.000 0.000 0.000 0.000 0.000 0.000
0.000 0.000 0.000 0.000 0.000 0.000 0.000 0.000 0.000 0.000 0.000 0.000 0.000 0.000 0.000 0.000 0.000 0.000 0.000 0.000 0.000 0.000 0.000 0.000 0.000 0.000 0.000 0.000 0.000 0.000 0.000 0.000 0.000 0.000 0.000 0.000 0.000 0.000 0.000 0.000 0.000 0.000 0.000 0.000 0.000 0.000 0.000 0.000 0.000 0.000 0.000 0.000 0.000 0.000 0.000 0.000 0.000 0.000 0.000 0.000 0.000 0.000 0.000 0.000 0.000 0.000 0.000 0.000 0.000 0.000 0.000 0.000 0.000 0.000 0.000 0.000 0.000
0.000 0.000 0.000 0.000 0.000 0.000 0.000 0.000 0.000 0.000 0.000 0.000 0.000 0.000 0.000 0.000 0.000 0.000 0.000 0.000 0.000 0.000 0.000 0.000 0.000 0.000 0.000 0.000 0.000 0.000 0.000 0.000 0.000 0.000 0.000 0.000 0.000 0.000 0.000 0.000 0.000 0.000 0.000 0.000 0.000 0.000 0.000 0.000 0.000 0.000 0.000 0.000 0.000 0.000 0.000 0.000 0.000 0.000 0.000 0.000 0.000 0.000 0.000 0.000 0.000 0.000 0.000 0.000 0.000 0.000 0.000 0.000 0.000 0.000 0.000 0.000 0.000
0.000 0.000 0.000 0.000 0.000 0.000 0.000 0.000 0.000 0.000 0.000 0.000 0.000 0.000 0.000 0.000 0.000 0.000 0.000 0.000 0.000 0.000 0.000 0.000 0.000 0.000 0.000 0.000 0.000 0.000 0.000 0.000 0.000 0.000 0.000 0.000 0.000 0.000 0.000 0.000 0.000 0.000 0.000 0.000 0.000 0.000 0.000 0.000 0.000 0.000 0.000 0.000 0.000 0.000 0.000 0.000 0.000 0.000 0.000 0.000 0.000 0.000 0.000 0.000 0.000 0.000 0.000 0.000 0.000 0.000 0.000 0.000 0.000 0.000 0.000 0.000 0.000
0.000 0.000 0.000 0.000 0.000 0.000 0.000 0.000 0.000 0.000 0.000 0.000 0.000 0.000 0.000 0.000 0.000 0.000 0.000 0.000 0.000 0.000 0.000 0.000 0.000 0.000 0.000 0.000 0.000 0.000 0.000 0.000 0.000 0.000 0.000 0.000 0.000 0.000 0.000 0.000 0.000 0.000 0.000 0.000 0.000 0.000 0.000 0.000 0.000 0.000 0.000 0.000 0.000 0.000 0.000 0.000 0.000 0.000 0.000 0.000 0.000 0.000 0.000 0.000 0.000 0.000 0.000 0.000 0.000 0.000 0.000 0.000 0.000 0.000 0.000 0.000 0.000
0.000 0.000 0.000 0.000 0.000 0.000 0.000 0.000 0.000 0.000 0.000 0.000 0.000 0.000 0.000 0.000 0.000 0.000 0.000 0.000 0.000 0.000 0.000 0.000 0.000 0.000 0.000 0.000 0.000 0.000 0.000 0.000 0.000 0.000 0.000 0.000 0.000 0.000 0.000 0.000 0.000 0.000 0.000 0.000 0.000 0.000 0.000 0.000 0.000 0.000 0.000 0.000 0.000 0.000 0.000 0.000 0.000 0.000 0.000 0.000 0.000 0.000 0.000 0.000 0.000 0.000 0.000 0.000 0.000 0.000 0.000 0.000 0.000 0.000 0.000 0.000 0.000
0.000 0.000 0.000 0.000 0.000 0.000 0.000 0.000 0.000 0.000 0.000 0.000 0.000 0.000 0.000 0.000 0.000 0.000 0.000 0.000 0.000 0.000 0.000 0.000 0.000 0.000 0.000 0.000 0.000 0.000 0.000 0.000 0.000 0.000 0.000 0.000 0.000 0.000 0.000 0.000 0.000 0.000 0.000 0.000 0.000 0.000 0.000 0.000 0.000 0.000 0.000 0.000 0.000 0.000 0.000 0.000 0.000 0.000 0.000 0.000 0.000 0.000 0.000 0.000 0.000 0.000 0.000 0.000 0.000 0.000 0.000 0.000 0.000 0.000 0.000 0.000 0.000
0.000 0.000 0.000 0.000 0.000 0.000 0.000 0.000 0.000 0.000 0.000 0.000 0.000 0.000 0.000 0.000 0.000 0.000 0.000 0.000 0.000 0.000 0.000 0.000 0.000 0.000 0.000 0.000 0.000 0.000 0.000 0.000 0.000 0.000 0.000 0.000 0.000 0.000 0.000 0.000 0.000 0.000 0.000 0.000 0.000 0.000 0.000 0.000 0.000 0.000 0.000 0.000 0.000 0.000 0.000 0.000 0.000 0.000 0.000 0.000 0.000 0.000 0.000 0.000 0.000 0.000 0.000 0.000 0.000 0.000 0.000 0.000 0.000 0.000 0.000 0.000 0.000
0.000 0.000 0.000 0.000 0.000 0.000 0.000 0.000 0.000 0.000 0.000 0.000 0.000 0.000 0.000 0.000 0.000 0.000 0.000 0.000 0.000 0.000 0.000 0.000 0.000 0.000 0.000 0.000 0.000 0.000 0.000 0.000 0.000 0.000 0.000 0.000 0.000 0.000 0.000 0.000 0.000 0.000 0.000 0.000 0.000 0.000 0.000 0.000 0.000 0.000 0.000 0.000 0.000 0.000 0.000 0.000 0.000 0.000 0.000 0.000 0.000 0.000 0.000 0.000 0.000 0.000 0.000 0.000 0.000 0.000 0.000 0.000 0.000 0.000 0.000 0.000 0.000
0.000 0.000 0.001 0.001 0.001 0.001 0.001 0.001 0.001 0.001 0.001 0.001 0.001 0.001 0.001 0.001 0.001 0.001 0.001 0.001 0.001 0.001 0.000 0.000 0.000 0.000 0.000 0.000 0.000 0.000 0.000 0.000 0.000 0.000 0.000 0.000 0.000 0.000 0.000 0.000 0.000 0.000 0.000 0.000 0.000 0.000 0.000 0.000 0.000 0.000 0.000 0.000 0.000 0.000 0.000 0.000 0.000 0.000 0.000 0.000 0.000 0.000 0.000 0.000 0.000 0.000 0.000 0.000 0.000 0.000 0.000 0.000 0.000 0.000 0.000 0.000 0.000
0.001 0.001 0.001 0.001 0.002 0.002 0.002 0.002 0.002 0.002 0.002 0.002 0.002 0.002 0.002 0.002 0.002 0.002 0.002 0.002 0.001 0.001 0.001 0.001 0.001 0.001 0.000 0.000 0.000 0.000 0.000 0.000 0.000 0.000 0.000 0.000 0.000 0.000 0.000 0.000 0.000 0.000 0.000 0.000 0.000 0.000 0.000 0.000 0.000 0.000 0.000 0.000 0.000 0.000 0.000 0.000 0.000 0.000 0.000 0.000 0.000 0.000 0.000 0.000 0.000 0.000 0.000 0.000 0.000 0.000 0.000 0.000 0.000 0.000 0.000 0.000 0.000
0.002 0.002 0.002 0.003 0.003 0.003 0.003 0.003 0.003 0.003 0.003 0.003 0.003 0.003 0.003 0.003 0.003 0.003 0.003 0.003 0.003 0.002 0.002 0.002 0.002 0.001 0.001 0.001 0.001 0.001 0.001 0.000 0.000 0.000 0.000 0.000 0.000 0.000 0.000 0.000 0.000 0.001 0.001 0.001 0.001 0.001 0.001 0.001 0.001 0.001 0.001 0.001 0.001 0.001 0.001 0.001 0.001 0.001 0.001 0.001 0.001 0.001 0.001 0.001 0.001 0.001 0.000 0.000 0.000 0.000 0.000 0.000 0.000 0.000 0.000 0.000 0.000
0.004 0.004 0.004 0.004 0.004 0.004 0.004 0.004 0.004 0.004 0.004 0.004 0.004 0.004 0.004 0.004 0.004 0.004 0.004 0.004 0.004 0.003 0.003 0.003 0.003 0.002 0.002 0.002 0.002 0.001 0.001 0.001 0.001 0.001 0.001 0.001 0.001 0.001 0.001 0.001 0.001 0.001 0.002 0.002 0.002 0.002 0.002 0.002 0.002 0.002 0.002 0.002 0.002 0.002 0.002 0.002 0.002 0.002 0.002 0.002 0.002 0.002 0.002 0.001 0.001 0.001 0.001 0.001 0.001 0.001 0.001 0.001 0.001 0.001 0.001 0.001 0.000
0.005 0.005 0.005 0.005 0.005 0.005 0.005 0.005 0.005 0.005 0.005 0.005 0.005 0.005 0.005 0.005 0.005 0.005 0.005 0.005 0.005 0.004 0.004 0.004 0.004 0.003 0.003 0.003 0.003 0.002 0.002 0.002 0.002 0.002 0.002 0.002 0.002 0.002 0.002 0.002 0.002 0.003 0.003 0.003 0.003 0.004 0.004 0.004 0.004 0.004 0.004 0.004 0.004 0.004 0.004 0.004 0.004 0.003 0.003 0.003 0.003 0.003 0.003 0.003 0.003 0.003 0.003 0.002 0.002 0.002 0.002 0.002 0.002 0.002 0.002 0.001 0.001
0.007 0.007 0.006 0.006 0.006 0.006 0.006 0.006 0.006 0.006 0.006 0.006 0.006 0.006 0.006 0.006 0.006 0.006 0.006 0.006 0.005 0.005 0.005 0.005 0.005 0.004 0.004 0.004 0.004 0.004 0.003 0.003 0.003 0.003 0.003 0.003 0.003 0.003 0.003 0.004 0.004 0.004 0.004 0.005 0.005 0.005 0.006 0.006 0.006 0.006 0.006 0.006 0.006 0.006 0.006 0.006 0.005 0.005 0.005 0.005 0.005 0.005 0.005 0.004 0.004 0.004 0.004 0.004 0.004 0.004 0.004 0.004 0.003 0.003 0.003 0.002 0.002
0.009 0.008 0.008 0.007 0.007 0.007 0.007 0.007 0.007 0.007 0.007 0.007 0.007 0.006 0.006 0.006 0.006 0.006 0.006 0.006 0.006 0.006 0.006 0.006 0.006 0.006 0.005 0.005 0.005 0.005 0.005 0.005 0.005 0.005 0.005 0.005 0.005 0.005 0.005 0.005 0.006 0.006 0.006 0.007 0.007 0.008 0.008 0.008 0.009 0.009 0.009 0.009 0.009 0.008 0.008 0.008 0.008 0.007 0.007 0.007 0.007 0.007 0.007 0.007 0.007 0.006 0.006 0.006 0.006 0.006 0.006 0.006 0.005 0.005 0.004 0.004 0.003
0.012 0.011 0.010 0.009 0.008 0.008 0.008 0.007 0.007 0.007 0.007 0.007 0.007 0.007 0.007 0.007 0.007 0.007 0.007 0.007 0.007 0.007 0.007 0.007 0.007 0.007 0.007 0.006 0.006 0.006 0.006 0.006 0.006 0.006 0.006 0.006 0.007 0.007 0.007 0.007 0.008 0.008 0.008 0.009 0.010 0.010 0.011 0.012 0.012 0.012 0.012 0.012 0.012 0.012 0.011 0.011 0.011 0.010 0.010 0.010 0.010 0.009 0.009 0.009 0.009 0.009 0.009 0.009 0.009 0.009 0.009 0.008 0.008 0.007 0.006 0.006 0.005
0.019 0.016 0.013 0.011 0.010 0.009 0.009 0.008 0.008 0.008 0.008 0.008 0.008 0.008 0.008 0.008 0.008 0.008 0.008 0.008 0.008 0.008 0.008 0.008 0.008 0.008 0.008 0.008 0.008 0.008 0.008 0.008 0.008 0.008 0.008 0.008 0.008 0.009 0.009 0.009 0.010 0.010 0.011 0.012 0.012 0.014 0.015 0.016 0.016 0.016 0.016 0.016 0.016 0.016 0.015 0.015 0.015 0.014 0.014 0.014 0.013 0.013 0.013 0.013 0.013 0.013 0.013 0.013 0.013 0.013 0.013 0.012 0.011 0.009 0.008 0.007 0.007
0.045 0.031 0.022 0.017 0.014 0.012 0.011 0.010 0.010 0.010 0.010 0.009 0.009 0.009 0.009 0.009 0.009 0.009 0.009 0.009 0.009 0.009 0.009 0.009 0.009 0.009 0.009 0.009 0.009 0.010 0.010 0.010 0.010 0.010 0.010 0.010 0.010 0.011 0.011 0.011 0.012 0.013 0.013 0.015 0.016 0.018 0.020 0.021 0.022 0.022 0.022 0.022 0.022 0.022 0.022 0.021 0.021 0.020 0.020 0.020 0.019 0.019 0.018 0.018 0.018 0.018 0.019 0.020 0.020 0.020 0.019 0.017 0.014 0.012 0.011 0.010 0.009
0.170 0.096 0.054 0.034 0.024 0.018 0.015 0.014 0.013 0.012 0.012 0.012 0.012 0.011 0.011 0.011 0.011 0.011 0.011 0.010 0.010 0.010 0.010 0.010 0.010 0.011 0.011 0.011 0.011 0.011 0.012 0.012 0.012 0.012 0.012 0.012 0.012 0.013 0.013 0.014 0.015 0.015 0.017 0.018 0.020 0.022 0.025 0.028 0.030 0.030 0.030 0.030 0.030 0.031 0.031 0.031 0.031 0.031 0.032 0.032 0.031 0.030 0.028 0.027 0.027 0.028 0.030 0.032 0.032 0.032 0.030 0.025 0.020 0.016 0.014 0.012 0.011
0.758 0.415 0.209 0.107 0.059 0.037 0.026 0.021 0.019 0.017 0.017 0.016 0.015 0.015 0.014 0.014 0.013 0.013 0.013 0.013 0.012 0.012 0.012 0.012 0.012 0.012 0.013 0.013 0.013 0.013 0.014 0.014 0.014 0.014 0.014 0.014 0.014 0.015 0.016 0.016 0.017 0.019 0.020 0.022 0.024 0.027 0.032 0.037 0.040 0.040 0.041 0.041 0.042 0.045 0.048 0.050 0.051 0.052 0.055 0.056 0.055 0.053 0.050 0.048 0.047 0.049 0.051 0.056 0.060 0.061 0.056 0.042 0.028 0.021 0.017 0.015 0.014
2.344 1.522 0.828 0.422 0.213 0.115 0.069 0.047 0.036 0.031 0.028 0.025 0.023 0.021 0.019 0.018 0.017 0.016 0.016 0.015 0.015 0.015 0.015 0.015 0.015 0.015 0.015 0.015 0.015 0.016 0.016 0.016 0.016 0.016 0.016 0.017 0.017 0.017 0.018 0.019 0.020 0.022 0.024 0.027 0.030 0.034 0.040 0.047 0.051 0.053 0.054 0.056 0.060 0.067 0.077 0.086 0.092 0.098 0.104 0.108 0.109 0.107 0.102 0.097 0.095 0.095 0.100 0.115 0.133 0.137 0.127 0.089 0.049 0.030 0.022 0.018 0.016
4.045 3.277 2.250 1.325 0.744 0.416 0.241 0.149 0.101 0.076 0.061 0.050 0.042 0.035 0.030 0.026 0.023 0.022 0.021 0.020 0.019 0.019 0.018 0.018 0.018 0.018 0.018 0.018 0.018 0.018 0.019 0.019 0.019 0.019 0.020 0.020 0.020 0.020 0.021 0.022 0.024 0.027 0.029 0.033 0.037 0.042 0.049 0.057 0.063 0.068 0.073 0.081 0.091 0.107 0.129 0.154 0.173 0.188 0.202 0.214 0.224 0.229 0.227 0.220 0.215 0.215 0.226 0.272 0.335 0.353 0.332 0.226 0.105 0.051 0.031 0.023 0.020
4.801 4.396 3.705 2.771 1.854 1.170 0.736 0.473 0.315 0.218 0.159 0.121 0.096 0.076 0.059 0.047 0.039 0.034 0.031 0.028 0.026 0.024 0.023 0.023 0.022 0.022 0.022 0.022 0.021 0.022 0.022 0.022 0.022 0.023 0.023 0.024 0.024 0.024 0.025 0.027 0.030 0.033 0.037 0.042 0.048 0.055 0.063 0.073 0.082 0.093 0.107 0.125 0.151 0.187 0.235 0.287 0.328 0.359 0.386 0.412 0.441 0.471 0.492 0.502 0.506 0.517 0.557 0.674 0.865 0.929 0.869 0.610 0.270 0.109 0.051 0.031 0.025
5.103 4.905 4.518 3.939 3.171 2.325 1.601 1.095 0.759 0.534 0.388 0.299 0.240 0.191 0.146 0.110 0.086 0.070 0.058 0.049 0.042 0.036 0.033 0.031 0.030 0.029 0.028 0.027 0.026 0.026 0.026 0.026 0.026 0.027 0.027 0.028 0.029 0.030 0.032 0.035 0.039 0.044 0.051 0.059 0.068 0.078 0.088 0.101 0.118 0.141 0.172 0.215 0.274 0.356 0.457 0.550 0.619 0.667 0.705 0.737 0.771 0.808 0.841 0.871 0.901 0.943 1.015 1.168 1.511 1.835 1.854 1.465 0.734 0.268 0.101 0.049 0.033
5.289 5.211 4.995 4.619 4.049 3.291 2.519 1.884 1.389 1.026 0.778 0.630 0.538 0.457 0.375 0.295 0.228 0.178 0.140 0.110 0.085 0.067 0.055 0.048 0.045 0.042 0.039 0.036 0.034 0.032 0.031 0.031 0.031 0.032 0.032 0.033 0.035 0.039 0.043 0.048 0.056 0.066 0.078 0.092 0.107 0.120 0.135 0.155 0.185 0.231 0.299 0.397 0.537 0.703 0.855 0.948 0.985 0.991 0.997 1.003 1.007 1.015 1.030 1.054 1.091 1.145 1.222 1.365 1.722 2.276 2.514 2.356 1.571 0.632 0.217 0.086 0.048
5.394 5.386 5.269 5.004 4.580 3.987 3.294 2.649 2.097 1.653 1.332 1.134 1.018 0.924 0.823 0.703 0.575 0.460 0.364 0.284 0.215 0.159 0.118 0.093 0.078 0.068 0.061 0.053 0.047 0.042 0.040 0.039 0.039 0.039 0.041 0.043 0.047 0.053 0.061 0.074 0.090 0.112 0.135 0.158 0.178 0.199 0.223 0.259 0.318 0.407 0.549 0.761 0.976 1.124 1.186 1.188 1.151 1.110 1.093 1.087 1.076 1.064 1.062 1.073 1.101 1.149 1.215 1.337 1.661 2.289 2.672 2.696 2.248 1.203 0.436 0.159 0.074
5.407 5.428 5.370 5.205 4.937 4.546 4.027 3.433 2.868 2.414 2.078 1.855 1.719 1.617 1.509 1.364 1.185 1.007 0.847 0.699 0.559 0.421 0.303 0.220 0.167 0.135 0.112 0.092 0.075 0.063 0.057 0.054 0.054 0.055 0.059 0.065 0.072 0.083 0.103 0.133 0.173 0.216 0.254 0.285 0.313 0.344 0.388 0.464 0.580 0.738 0.950 1.159 1.275 1.311 1.288 1.231 1.155 1.094 1.064 1.051 1.036 1.014 1.004 1.002 1.010 1.028 1.056 1.128 1.373 1.986 2.553 2.691 2.500 1.732 0.753 0.276 0.119
5.354 5.386 5.399 5.348 5.232 5.032 4.728 4.280 3.767 3.365 3.071 2.858 2.703 2.570 2.422 2.230 2.019 1.818 1.621 1.424 1.211 0.961 0.707 0.519 0.392 0.306 0.241 0.188 0.146 0.116 0.099 0.092 0.091 0.094 0.102 0.114 0.132 0.162 0.213 0.286 0.361 0.429 0.484 0.525 0.564 0.614 0.706 0.858 1.012 1.132 1.239 1.317 1.342 1.328 1.272 1.172 1.056 0.964 0.904 0.869 0.844 0.825 0.817 0.811 0.800 0.771 0.745 0.757 0.886 1.364 2.114 2.485 2.460 2.019 1.111 0.446 0.188
5.284 5.336 5.432 5.514 5.532 5.476 5.341 5.098 4.761 4.476 4.262 4.090 3.932 3.756 3.524 3.234 2.990 2.800 2.613 2.405 2.139 1.766 1.340 1.013 0.794 0.645 0.525 0.418 0.325 0.255 0.213 0.195 0.192 0.197 0.212 0.237 0.281 0.364 0.490 0.620 0.728 0.817 0.894 0.958 1.015 1.083 1.188 1.291 1.329 1.319 1.315 1.318 1.301 1.241 1.120 0.956 0.797 0.666 0.579 0.529 0.504 0.498 0.499 0.500 0.493 0.467 0.446 0.450 0.516 0.791 1.470 2.068 2.237 2.071 1.433 0.668 0.288
5.233 5.374 5.567 5.785 5.907 5.939 5.928 5.869 5.742 5.607 5.510 5.414 5.288 5.094 4.804 4.431 4.113 3.882 3.672 3.430 3.093 2.615 2.058 1.611 1.303 1.114 0.975 0.840 0.704 0.583 0.502 0.461 0.452 0.460 0.485 0.532 0.624 0.809 1.039 1.208 1.316 1.389 1.447 1.493 1.518 1.526 1.517 1.472 1.405 1.330 1.267 1.193 1.088 0.933 0.743 0.566 0.443 0.362 0.314 0.292 0.283 0.279 0.279 0.282 0.282 0.276 0.270 0.277 0.324 0.494 0.975 1.611 1.888 1.897 1.574 0.898 0.421
5.182 5.506 5.879 6.243 6.494 6.643 6.759 6.854 6.896 6.905 6.917 6.905 6.848 6.700 6.438 6.056 5.625 5.212 4.819 4.428 3.972 3.376 2.710 2.161 1.755 1.500 1.363 1.277 1.195 1.102 1.022 0.981 0.975 0.995 1.038 1.107 1.235 1.461 1.662 1.751 1.776 1.769 1.770 1.769 1.749 1.698 1.600 1.472 1.333 1.185 1.013 0.815 0.619 0.462 0.353 0.281 0.234 0.204 0.189 0.183 0.181 0.177 0.173 0.171 0.170 0.169 0.170 0.180 0.219 0.345 0.685 1.271 1.590 1.644 1.517 1.082 0.578
