RESULTS/r.avaflow_results/13_results/13_ascii/13_hflow_max0044.asc
ncols 506
nrows 317
xllcenter 498237.50
yllcenter 5580050.00
cellsize 12.50
NODATA_value -9999.000
[rows 170 to 203 of 317, columns 231 to 307 of 506]
3.905 3.574 3.200 3.142 3.175 3.215 3.264 3.313 3.354 3.397 3.450 3.482 3.474 3.429 3.329 3.142 2.787 2.235 1.643 1.151 0.799 0.547 0.366 0.240 0.151 0.090 0.051 0.029 0.017 0.010 0.007 0.004 0.003 0.002 0.001 0.000 0.000 0.000 0.000 0.000 0.000 0.000 0.000 0.000 0.000 0.000 0.000 0.000 0.000 0.000 0.000 0.000 0.000 0.000 0.000 0.000 0.000 0.000 0.000 0.000 0.000 0.000 0.000 0.000 0.000 0.000 0.000 0.000 0.000 0.000 0.000 0.000 0.000 0.000 0.000 0.000 0.000
3.714 3.607 3.364 3.125 3.151 3.175 3.211 3.264 3.316 3.388 3.484 3.561 3.614 3.647 3.643 3.596 3.503 3.339 3.028 2.494 1.859 1.301 0.885 0.580 0.364 0.217 0.122 0.065 0.034 0.019 0.011 0.007 0.005 0.003 0.002 0.001 0.000 0.000 0.000 0.000 0.000 0.000 0.000 0.000 0.000 0.000 0.000 0.000 0.000 0.000 0.000 0.000 0.000 0.000 0.000 0.000 0.000 0.000 0.000 0.000 0.000 0.000 0.000 0.000 0.000 0.000 0.000 0.000 0.000 0.000 0.000 0.000 0.000 0.000 0.000 0.000 0.000
3.354 3.434 3.340 3.135 3.110 3.127 3.142 3.175 3.307 3.418 3.452 3.556 3.653 3.724 3.793 3.837 3.854 3.865 3.832 3.663 3.258 2.623 1.911 1.273 0.816 0.494 0.283 0.151 0.077 0.039 0.021 0.012 0.007 0.005 0.003 0.002 0.001 0.000 0.000 0.000 0.000 0.000 0.000 0.000 0.000 0.000 0.000 0.000 0.000 0.000 0.000 0.000 0.000 0.000 0.000 0.000 0.000 0.000 0.000 0.000 0.000 0.000 0.000 0.000 0.000 0.000 0.000 0.000 0.000 0.000 0.000 0.000 0.000 0.000 0.000 0.000 0.000
2.929 3.110 3.145 3.055 3.022 3.041 3.045 3.052 3.255 3.495 3.648 3.674 3.593 3.719 3.833 3.926 4.003 4.068 4.126 4.143 4.041 3.732 3.182 2.413 1.639 1.028 0.607 0.334 0.173 0.087 0.042 0.022 0.012 0.007 0.004 0.003 0.002 0.001 0.000 0.000 0.000 0.000 0.000 0.000 0.000 0.000 0.000 0.000 0.000 0.000 0.000 0.000 0.000 0.000 0.000 0.000 0.000 0.000 0.000 0.000 0.000 0.000 0.000 0.000 0.000 0.000 0.000 0.000 0.000 0.000 0.000 0.000 0.000 0.000 0.000 0.000 0.001
2.589 2.748 2.847 2.862 2.869 2.893 2.903 2.907 3.045 3.451 3.788 3.939 3.927 3.751 3.768 3.905 4.015 4.106 4.196 4.275 4.304 4.213 3.946 3.434 2.684 1.875 1.169 0.676 0.366 0.189 0.091 0.043 0.021 0.012 0.007 0.004 0.003 0.001 0.001 0.000 0.000 0.000 0.000 0.000 0.000 0.000 0.000 0.000 0.000 0.000 0.000 0.000 0.000 0.000 0.000 0.000 0.000 0.000 0.000 0.000 0.000 0.000 0.000 0.000 0.000 0.000 0.000 0.000 0.000 0.000 0.000 0.000 0.000 0.000 0.001 0.002 0.003
2.211 2.448 2.581 2.627 2.615 2.644 2.674 2.701 2.730 3.227 3.795 4.127 4.238 4.182 3.931 3.773 3.915 4.048 4.183 4.291 4.354 4.359 4.251 3.984 3.486 2.778 1.958 1.217 0.706 0.387 0.193 0.091 0.041 0.020 0.011 0.006 0.004 0.002 0.001 0.000 0.000 0.000 0.000 0.000 0.000 0.000 0.000 0.000 0.000 0.000 0.000 0.000 0.000 0.000 0.000 0.000 0.000 0.000 0.000 0.000 0.000 0.000 0.000 0.000 0.000 0.000 0.000 0.000 0.000 0.000 0.000 0.000 0.001 0.001 0.003 0.004 0.006
2.077 2.186 2.347 2.407 2.416 2.380 2.321 2.380 2.446 2.859 3.595 4.181 4.430 4.479 4.360 4.035 3.736 3.888 4.070 4.229 4.333 4.377 4.366 4.248 3.975 3.480 2.775 1.942 1.215 0.719 0.388 0.188 0.084 0.037 0.018 0.010 0.006 0.003 0.002 0.001 0.000 0.000 0.000 0.000 0.000 0.000 0.000 0.000 0.000 0.000 0.000 0.000 0.000 0.000 0.000 0.000 0.000 0.000 0.000 0.000 0.000 0.000 0.000 0.000 0.000 0.000 0.000 0.000 0.000 0.000 0.000 0.001 0.002 0.004 0.005 0.008 0.011
1.969 2.080 2.114 2.198 2.227 2.219 2.166 2.091 2.187 2.537 3.177 4.018 4.481 4.622 4.617 4.441 4.131 4.022 4.060 4.068 4.224 4.331 4.372 4.352 4.234 3.949 3.430 2.683 1.861 1.202 0.711 0.366 0.167 0.071 0.032 0.015 0.008 0.005 0.003 0.002 0.001 0.000 0.000 0.000 0.000 0.000 0.000 0.000 0.000 0.000 0.000 0.000 0.000 0.000 0.000 0.000 0.000 0.000 0.000 0.000 0.000 0.000 0.000 0.000 0.000 0.000 0.000 0.000 0.000 0.001 0.002 0.003 0.005 0.007 0.009 0.013 0.020
1.826 1.981 2.050 2.050 2.052 2.075 2.056 2.003 2.052 2.304 2.763 3.588 4.330 4.633 4.702 4.667 4.487 4.314 4.296 4.267 4.168 4.132 4.273 4.331 4.303 4.185 3.885 3.324 2.542 1.777 1.156 0.653 0.316 0.138 0.058 0.026 0.013 0.007 0.004 0.003 0.001 0.001 0.000 0.000 0.000 0.000 0.000 0.000 0.000 0.000 0.000 0.000 0.000 0.000 0.000 0.000 0.000 0.000 0.000 0.000 0.000 0.000 0.000 0.000 0.000 0.000 0.000 0.001 0.002 0.003 0.004 0.006 0.008 0.012 0.017 0.026 0.043
1.654 1.855 1.967 2.005 1.986 1.950 1.962 1.939 1.990 2.162 2.466 3.060 3.933 4.484 4.683 4.722 4.678 4.533 4.473 4.443 4.347 4.184 4.007 4.141 4.227 4.212 4.085 3.757 3.170 2.400 1.677 1.049 0.552 0.253 0.107 0.045 0.020 0.011 0.006 0.004 0.002 0.001 0.001 0.000 0.000 0.000 0.000 0.000 0.000 0.000 0.000 0.000 0.000 0.000 0.000 0.000 0.000 0.000 0.000 0.000 0.001 0.001 0.001 0.002 0.002 0.002 0.002 0.003 0.004 0.006 0.008 0.010 0.014 0.021 0.033 0.055 0.098
1.476 1.717 1.870 1.950 1.970 1.945 1.898 1.907 1.967 2.084 2.277 2.646 3.368 4.139 4.530 4.691 4.721 4.674 4.600 4.571 4.507 4.363 4.124 3.889 3.959 4.097 4.085 3.927 3.572 2.979 2.225 1.500 0.872 0.433 0.191 0.079 0.033 0.016 0.009 0.005 0.003 0.003 0.002 0.001 0.001 0.001 0.000 0.000 0.000 0.000 0.000 0.000 0.000 0.000 0.000 0.000 0.000 0.001 0.002 0.002 0.003 0.003 0.004 0.004 0.005 0.005 0.006 0.007 0.008 0.010 0.013 0.018 0.026 0.040 0.069 0.124 0.230
1.312 1.570 1.764 1.878 1.937 1.948 1.919 1.922 1.965 2.042 2.166 2.376 2.837 3.626 4.209 4.526 4.658 4.694 4.686 4.656 4.607 4.514 4.282 3.971 3.751 3.791 3.935 3.903 3.713 3.331 2.731 1.963 1.231 0.668 0.317 0.135 0.055 0.024 0.012 0.007 0.005 0.004 0.003 0.003 0.003 0.002 0.002 0.002 0.003 0.003 0.003 0.002 0.002 0.002 0.002 0.002 0.003 0.003 0.004 0.005 0.007 0.008 0.009 0.010 0.011 0.011 0.012 0.012 0.014 0.017 0.022 0.032 0.051 0.086 0.154 0.288 0.535
1.164 1.420 1.639 1.795 1.886 1.928 1.925 1.930 1.972 2.026 2.098 2.219 2.476 3.051 3.740 4.209 4.470 4.621 4.692 4.708 4.673 4.593 4.410 4.098 3.791 3.609 3.607 3.728 3.673 3.464 3.067 2.429 1.624 0.934 0.479 0.217 0.091 0.038 0.018 0.009 0.007 0.006 0.006 0.005 0.005 0.005 0.006 0.006 0.006 0.006 0.006 0.006 0.006 0.006 0.006 0.006 0.006 0.006 0.008 0.010 0.012 0.015 0.018 0.020 0.021 0.023 0.024 0.024 0.025 0.030 0.043 0.067 0.111 0.194 0.350 0.646 1.192
1.031 1.277 1.509 1.695 1.813 1.884 1.908 1.933 1.975 2.012 2.052 2.121 2.249 2.572 3.173 3.745 4.148 4.449 4.640 4.719 4.718 4.628 4.454 4.182 3.847 3.589 3.431 3.418 3.520 3.467 3.274 2.849 2.095 1.237 0.665 0.324 0.142 0.059 0.026 0.013 0.009 0.009 0.009 0.009 0.009 0.010 0.011 0.012 0.012 0.012 0.012 0.011 0.011 0.010 0.010 0.010 0.010 0.012 0.015 0.020 0.026 0.032 0.037 0.042 0.046 0.049 0.052 0.054 0.055 0.061 0.094 0.154 0.260 0.442 0.757 1.348 2.155
0.913 1.155 1.391 1.588 1.725 1.815 1.875 1.923 1.970 2.006 2.033 2.063 2.127 2.269 2.625 3.180 3.705 4.170 4.501 4.672 4.730 4.666 4.479 4.211 3.890 3.587 3.388 3.233 3.301 3.406 3.371 3.164 2.621 1.687 0.889 0.454 0.211 0.090 0.038 0.018 0.013 0.013 0.013 0.015 0.017 0.019 0.021 0.022 0.023 0.023 0.023 0.022 0.020 0.019 0.018 0.017 0.018 0.023 0.032 0.044 0.059 0.077 0.092 0.105 0.116 0.125 0.131 0.136 0.143 0.155 0.226 0.369 0.598 0.947 1.467 2.141 2.779
0.819 1.061 1.299 1.504 1.652 1.759 1.840 1.911 1.966 2.074 2.209 2.358 2.457 2.480 2.396 2.642 3.204 3.770 4.237 4.530 4.675 4.684 4.544 4.252 3.922 3.599 3.367 3.219 3.143 3.347 3.400 3.330 3.010 2.269 1.269 0.620 0.299 0.133 0.057 0.026 0.020 0.021 0.023 0.029 0.035 0.041 0.046 0.049 0.050 0.050 0.049 0.046 0.042 0.036 0.033 0.031 0.034 0.052 0.077 0.111 0.156 0.206 0.251 0.287 0.317 0.340 0.356 0.373 0.399 0.439 0.546 0.856 1.266 1.699 2.123 2.538 2.904
0.759 0.997 1.238 1.452 1.620 1.900 2.282 2.708 3.042 3.266 3.453 3.585 3.653 3.569 3.295 2.832 2.704 3.282 3.854 4.300 4.542 4.648 4.597 4.324 4.342 4.151 3.714 3.229 3.120 3.208 3.341 3.345 3.204 2.756 1.878 0.922 0.421 0.190 0.083 0.037 0.035 0.040 0.053 0.071 0.088 0.102 0.113 0.119 0.122 0.121 0.117 0.106 0.092 0.077 0.066 0.062 0.086 0.136 0.207 0.299 0.414 0.540 0.648 0.732 0.799 0.847 0.884 0.933 0.998 1.089 1.227 1.688 2.037 2.251 2.436 2.624 2.773
1.155 1.488 1.829 2.170 2.519 2.930 3.492 4.007 4.309 4.518 4.579 4.597 4.486 4.245 3.837 3.353 2.865 2.787 3.391 3.975 4.346 4.534 5.423 6.198 6.479 6.427 5.994 5.086 3.805 3.090 3.208 3.291 3.253 3.032 2.470 1.505 0.663 0.279 0.119 0.069 0.077 0.104 0.150 0.201 0.245 0.278 0.298 0.308 0.310 0.303 0.284 0.252 0.212 0.174 0.149 0.139 0.231 0.361 0.537 0.753 1.009 1.271 1.495 1.655 1.761 1.824 1.895 2.006 2.140 2.269 2.390 2.478 2.508 2.525 2.539 2.566 2.632
1.514 1.947 2.364 2.765 3.172 3.686 4.372 5.012 5.332 5.384 5.311 5.119 4.857 4.582 4.213 3.726 3.249 3.020 2.945 3.564 4.047 5.102 6.525 7.537 8.004 8.045 7.716 6.834 5.393 3.841 3.049 3.182 3.219 3.134 2.825 2.137 1.164 0.470 0.183 0.176 0.230 0.333 0.461 0.583 0.681 0.742 0.770 0.776 0.760 0.720 0.658 0.578 0.489 0.410 0.357 0.361 0.584 0.890 1.280 1.726 2.209 2.646 2.963 3.164 3.265 3.298 3.335 3.390 3.419 3.395 3.313 3.201 3.086 2.973 2.868 2.772 2.676
1.595 2.069 2.543 3.015 3.528 4.266 5.094 5.638 5.874 5.829 5.601 5.358 5.060 4.742 4.384 3.988 3.690 3.482 3.476 3.786 4.447 5.712 7.197 8.221 8.781 8.956 8.796 8.100 6.903 5.263 3.696 3.022 3.132 3.124 2.974 2.560 1.765 0.848 0.462 0.535 0.728 1.006 1.269 1.484 1.649 1.731 1.759 1.723 1.638 1.521 1.389 1.239 1.080 0.950 0.855 0.884 1.348 1.961 2.639 3.259 3.712 3.994 4.151 4.234 4.272 4.270 4.244 4.188 4.075 3.903 3.702 3.493 3.309 3.148 2.995 2.862 2.737
1.496 1.997 2.512 3.045 3.770 4.684 5.455 5.917 6.015 5.965 5.769 5.424 5.304 5.095 4.733 4.367 4.146 4.036 4.223 4.566 5.146 6.128 7.493 8.456 9.054 9.332 9.309 8.895 7.997 6.583 5.067 4.001 3.144 3.058 3.000 2.766 2.251 1.392 1.233 1.456 1.976 2.505 2.872 3.088 3.190 3.130 2.957 2.720 2.500 2.325 2.192 2.079 1.969 1.867 1.770 1.901 2.580 3.231 3.751 4.133 4.360 4.463 4.513 4.534 4.543 4.543 4.495 4.392 4.260 4.077 3.865 3.642 3.421 3.209 3.015 2.849 2.686
1.134 1.636 2.217 2.902 3.771 4.760 5.527 5.905 5.996 5.964 5.740 5.751 5.710 5.499 5.111 4.758 4.625 4.756 5.073 5.409 5.861 6.503 7.461 8.397 9.004 9.323 9.410 9.252 8.615 7.595 6.396 5.383 4.503 3.759 3.145 2.854 2.539 2.477 2.621 3.111 3.767 4.124 4.244 4.196 4.052 3.814 3.489 3.149 2.882 2.717 2.615 2.568 2.544 2.524 2.499 3.045 3.465 3.789 4.047 4.249 4.379 4.450 4.498 4.519 4.524 4.524 4.506 4.416 4.247 4.042 3.827 3.609 3.382 3.144 2.909 2.707 2.474
0.663 1.081 1.622 2.401 3.374 4.455 5.268 5.685 5.853 5.897 6.067 6.112 6.079 5.848 5.463 5.117 5.196 5.599 5.912 6.145 6.394 6.735 7.248 8.077 8.729 9.095 9.254 9.163 8.746 8.098 7.295 6.371 5.466 4.696 4.095 3.713 3.598 3.640 3.862 4.246 4.558 4.656 4.598 4.461 4.286 4.040 3.738 3.369 3.056 2.864 2.771 2.759 2.782 2.858 3.313 3.596 3.754 3.872 3.998 4.132 4.257 4.314 4.318 4.288 4.242 4.202 4.163 4.076 3.920 3.730 3.538 3.355 3.284 3.136 2.905 2.618 2.290
0.340 0.566 0.936 1.580 2.445 3.539 4.565 5.218 5.514 5.970 6.218 6.312 6.300 6.128 5.746 5.506 6.001 6.402 6.641 6.726 6.725 6.822 7.120 7.713 8.281 8.702 8.805 8.695 8.358 7.936 7.417 6.758 6.005 5.258 4.623 4.221 4.147 4.172 4.297 4.468 4.576 4.656 4.638 4.493 4.253 3.986 3.696 3.333 3.046 2.892 2.813 2.812 2.939 3.333 3.573 3.695 3.748 3.805 3.872 3.924 3.916 3.852 3.731 3.567 3.405 3.288 3.345 3.387 3.390 3.377 3.356 3.319 3.236 3.055 2.769 2.415 2.047
0.154 0.317 0.548 0.767 1.395 2.386 3.626 4.538 5.195 5.837 6.214 6.364 6.372 6.289 5.954 6.220 6.781 7.127 7.251 7.161 6.912 6.804 6.889 7.223 7.769 8.053 8.068 7.854 7.418 6.991 6.656 6.290 5.811 5.238 4.705 4.370 4.235 4.209 4.243 4.342 4.422 4.427 4.376 4.265 4.071 3.827 3.540 3.192 2.948 2.838 2.811 2.905 3.184 3.396 3.524 3.629 3.676 3.645 3.550 3.390 3.133 3.149 3.151 3.158 3.151 3.154 3.170 3.181 3.169 3.144 3.112 3.065 2.961 2.767 2.473 2.112 1.757
0.064 0.132 0.265 0.481 0.715 1.402 2.552 3.737 4.604 5.304 5.937 6.258 6.358 6.308 6.046 6.865 7.460 7.722 7.697 7.432 7.140 6.770 6.653 6.738 6.971 7.064 6.930 6.562 6.010 5.464 5.057 4.767 4.503 4.265 4.085 4.015 3.985 3.952 3.894 3.875 3.949 4.041 4.056 4.010 3.887 3.679 3.393 3.063 2.854 2.784 2.813 2.978 3.122 3.264 3.379 3.396 3.311 3.254 3.244 3.217 3.166 3.143 3.122 3.069 2.987 2.899 2.824 2.770 2.718 2.663 2.606 2.537 2.426 2.259 2.028 1.745 1.450
0.028 0.052 0.103 0.202 0.383 0.637 1.287 2.323 3.404 4.365 5.238 5.852 6.108 6.133 6.401 7.421 7.933 8.050 7.904 7.629 7.096 6.539 6.172 5.977 5.840 5.682 5.402 4.949 4.429 3.986 3.439 3.032 2.763 2.589 2.723 2.920 3.043 3.101 3.143 3.252 3.497 3.669 3.709 3.710 3.668 3.529 3.290 3.010 2.873 2.882 2.949 3.065 3.139 3.185 3.250 3.383 3.455 3.455 3.403 3.309 3.230 3.128 3.023 2.894 2.745 2.586 2.432 2.296 2.171 2.054 1.938 1.826 1.711 1.586 1.452 1.297 1.112
0.016 0.022 0.040 0.077 0.151 0.293 0.549 0.918 1.650 2.646 3.828 4.800 5.324 5.520 6.675 7.783 8.148 8.118 7.976 7.499 6.762 6.039 5.464 4.982 4.644 4.902 4.985 4.934 4.739 4.417 3.964 3.516 3.152 2.810 2.549 2.573 2.657 2.672 2.630 2.797 3.051 3.181 3.221 3.237 3.243 3.208 3.104 2.969 2.914 2.948 3.031 3.136 3.180 3.216 3.247 3.363 3.462 3.490 3.457 3.368 3.247 3.100 2.930 2.742 2.537 2.336 2.151 1.970 1.793 1.618 1.439 1.264 1.114 1.004 0.920 0.841 0.749
0.011 0.014 0.018 0.031 0.057 0.112 0.225 0.455 0.860 1.442 1.997 3.019 3.808 4.545 6.751 7.847 8.103 8.126 7.828 7.118 6.141 5.279 4.530 4.299 4.731 4.955 5.017 5.010 4.889 4.606 4.236 3.861 3.517 3.213 3.006 2.855 2.744 2.700 2.687 2.604 2.494 2.385 2.266 2.267 2.393 2.539 2.674 2.775 2.840 2.881 2.929 3.005 3.050 3.052 3.062 3.131 3.256 3.319 3.305 3.233 3.122 2.993 2.837 2.641 2.417 2.194 1.991 1.801 1.616 1.417 1.203 1.002 0.851 0.741 0.658 0.591 0.524
0.008 0.010 0.012 0.015 0.023 0.042 0.083 0.171 0.359 0.782 1.463 2.062 2.732 4.407 6.544 7.558 7.938 7.923 7.451 6.479 5.311 4.346 3.779 4.308 4.707 4.895 4.975 4.981 4.875 4.622 4.288 3.966 3.668 3.401 3.191 3.047 2.954 2.868 2.784 2.694 2.602 2.485 2.341 2.202 2.139 2.129 2.155 2.202 2.286 2.386 2.421 2.432 2.408 2.357 2.334 2.358 2.454 2.572 2.664 2.715 2.715 2.680 2.608 2.478 2.292 2.084 1.881 1.693 1.496 1.273 1.040 0.849 0.720 0.629 0.561 0.507 0.455
0.005 0.007 0.008 0.010 0.013 0.018 0.031 0.061 0.132 0.303 0.722 1.396 2.371 4.078 5.860 6.862 7.371 7.304 6.675 5.500 4.370 3.536 3.652 4.205 4.589 4.768 4.844 4.821 4.724 4.526 4.241 3.941 3.665 3.420 3.236 3.112 3.014 2.925 2.837 2.749 2.655 2.502 2.347 2.210 2.138 2.103 2.068 1.994 1.836 1.585 1.360 1.356 1.316 1.239 1.200 1.201 1.250 1.367 1.554 1.778 1.965 2.088 2.136 2.109 2.020 1.881 1.720 1.543 1.340 1.111 0.890 0.730 0.626 0.556 0.505 0.461 0.417
0.003 0.004 0.006 0.007 0.009 0.011 0.014 0.024 0.047 0.107 0.259 0.617 1.545 3.211 4.612 5.774 6.144 5.975 5.156 4.016 3.213 2.716 3.390 3.995 4.358 4.568 4.596 4.524 4.411 4.256 4.030 3.774 3.545 3.343 3.180 3.063 2.970 2.889 2.809 2.782 2.722 2.567 2.332 2.154 2.051 1.943 1.790 1.579 1.343 1.116 0.915 0.754 0.689 0.631 0.572 0.517 0.517 0.592 0.740 0.959 1.172 1.345 1.464 1.514 1.524 1.494 1.410 1.273 1.090 0.896 0.732 0.620 0.547 0.498 0.461 0.426 0.388
0.002 0.003 0.003 0.005 0.006 0.007 0.009 0.011 0.019 0.037 0.087 0.220 0.650 1.704 3.035 3.722 3.847 3.547 2.719 1.986 1.754 2.308 3.079 3.729 4.079 4.280 4.282 4.163 3.993 3.831 3.656 3.467 3.296 3.137 2.994 2.927 2.960 2.938 2.874 2.789 2.743 2.627 2.440 2.212 1.978 1.754 1.544 1.348 1.169 1.016 0.889 0.785 0.698 0.624 0.553 0.486 0.429 0.400 0.419 0.510 0.666 0.801 0.897 0.949 0.969 0.967 0.939 0.866 0.759 0.651 0.565 0.509 0.473 0.443 0.415 0.385 0.363
0.001 0.001 0.002 0.003 0.004 0.005 0.006 0.008 0.010 0.015 0.030 0.073 0.218 0.664 1.228 1.461 1.479 1.304 0.917 0.721 1.163 1.890 2.794 3.501 3.824 3.989 3.983 3.846 3.629 3.437 3.278 3.135 3.002 2.865 2.728 2.820 2.920 2.932 2.888 2.790 2.706 2.634 2.492 2.300 2.084 1.870 1.665 1.466 1.270 1.084 0.920 0.787 0.683 0.599 0.526 0.462 0.408 0.404 0.421 0.433 0.437 0.475 0.542 0.584 0.598 0.593 0.571 0.538 0.502 0.462 0.430 0.408 0.394 0.377 0.359 0.353 0.377
