RESULTS/r.avaflow_results/13_results/13_ascii/13_hflow30031.asc
ncols 506
nrows 317
xllcenter 498237.50
yllcenter 5580050.00
cellsize 12.50
NODATA_value -9999.000
[rows 170 to 203 of 317, columns 231 to 307 of 506]
1.011 0.623 0.374 0.232 0.156 0.115 0.090 0.073 0.063 0.059 0.057 0.057 0.056 0.053 0.047 0.037 0.028 0.022 0.018 0.015 0.013 0.012 0.011 0.010 0.009 0.008 0.007 0.006 0.005 0.004 0.003 0.002 0.002 0.001 0.000 0.000 0.000 0.000 0.000 0.000 0.000 0.000 0.000 0.000 0.000 0.000 0.000 0.000 0.000 0.000 0.000 0.000 0.000 0.000 0.000 0.000 0.000 0.000 0.000 0.000 0.000 0.000 0.000 0.000 0.000 0.000 0.000 0.000 0.000 0.000 0.000 0.000 0.000 0.000 0.000 0.000 0.000
1.206 0.840 0.525 0.326 0.215 0.153 0.119 0.100 0.091 0.090 0.097 0.105 0.106 0.100 0.084 0.060 0.040 0.029 0.022 0.018 0.015 0.014 0.012 0.011 0.010 0.009 0.008 0.007 0.006 0.005 0.004 0.003 0.002 0.002 0.001 0.000 0.000 0.000 0.000 0.000 0.000 0.000 0.000 0.000 0.000 0.000 0.000 0.000 0.000 0.000 0.000 0.000 0.000 0.000 0.000 0.000 0.000 0.000 0.000 0.000 0.000 0.000 0.000 0.000 0.000 0.000 0.000 0.000 0.000 0.000 0.000 0.000 0.000 0.000 0.000 0.000 0.000
1.321 1.029 0.686 0.441 0.289 0.199 0.152 0.132 0.129 0.139 0.174 0.208 0.213 0.200 0.163 0.107 0.064 0.040 0.028 0.021 0.017 0.015 0.014 0.013 0.012 0.011 0.010 0.009 0.008 0.007 0.006 0.005 0.003 0.002 0.002 0.001 0.000 0.000 0.000 0.000 0.000 0.000 0.000 0.000 0.000 0.000 0.000 0.000 0.000 0.000 0.000 0.000 0.000 0.000 0.000 0.000 0.000 0.000 0.000 0.000 0.000 0.000 0.000 0.000 0.000 0.000 0.000 0.000 0.000 0.000 0.000 0.000 0.000 0.000 0.000 0.000 0.000
1.386 1.171 0.845 0.564 0.375 0.254 0.189 0.166 0.166 0.191 0.269 0.362 0.387 0.367 0.304 0.201 0.110 0.060 0.037 0.026 0.020 0.017 0.015 0.014 0.013 0.012 0.011 0.010 0.009 0.008 0.007 0.006 0.005 0.004 0.002 0.002 0.001 0.000 0.000 0.000 0.000 0.000 0.000 0.000 0.000 0.000 0.000 0.000 0.000 0.000 0.000 0.000 0.000 0.000 0.000 0.000 0.000 0.000 0.000 0.000 0.000 0.000 0.000 0.000 0.000 0.000 0.000 0.000 0.000 0.000 0.000 0.000 0.000 0.000 0.000 0.000 0.000
1.418 1.281 1.017 0.705 0.471 0.317 0.231 0.198 0.196 0.224 0.320 0.455 0.509 0.503 0.449 0.334 0.193 0.099 0.053 0.033 0.024 0.019 0.017 0.015 0.014 0.013 0.012 0.011 0.010 0.010 0.009 0.008 0.006 0.005 0.003 0.002 0.002 0.001 0.000 0.000 0.000 0.000 0.000 0.000 0.000 0.000 0.000 0.000 0.000 0.000 0.000 0.000 0.000 0.000 0.000 0.000 0.000 0.000 0.000 0.000 0.000 0.000 0.000 0.000 0.000 0.000 0.000 0.000 0.000 0.000 0.000 0.000 0.000 0.000 0.000 0.000 0.000
1.420 1.356 1.184 0.888 0.587 0.391 0.278 0.232 0.226 0.250 0.335 0.472 0.543 0.549 0.519 0.442 0.313 0.178 0.088 0.046 0.030 0.023 0.019 0.017 0.016 0.015 0.014 0.013 0.012 0.011 0.010 0.009 0.008 0.006 0.005 0.003 0.002 0.001 0.001 0.000 0.000 0.000 0.000 0.000 0.000 0.000 0.000 0.000 0.000 0.000 0.000 0.000 0.000 0.000 0.000 0.000 0.000 0.000 0.000 0.000 0.000 0.000 0.000 0.000 0.000 0.000 0.000 0.000 0.000 0.000 0.000 0.000 0.000 0.000 0.000 0.000 0.000
1.396 1.378 1.281 1.063 0.743 0.484 0.336 0.271 0.259 0.274 0.336 0.447 0.524 0.543 0.530 0.492 0.423 0.304 0.166 0.076 0.040 0.028 0.022 0.019 0.017 0.016 0.015 0.014 0.013 0.013 0.012 0.010 0.009 0.007 0.006 0.004 0.003 0.002 0.001 0.001 0.000 0.000 0.000 0.000 0.000 0.000 0.000 0.000 0.000 0.000 0.000 0.000 0.000 0.000 0.000 0.000 0.000 0.000 0.000 0.000 0.000 0.000 0.000 0.000 0.000 0.000 0.000 0.000 0.000 0.000 0.000 0.000 0.000 0.000 0.000 0.000 0.000
1.343 1.355 1.308 1.167 0.906 0.606 0.414 0.325 0.300 0.303 0.327 0.384 0.449 0.492 0.507 0.499 0.472 0.405 0.271 0.131 0.061 0.036 0.026 0.022 0.019 0.018 0.016 0.015 0.015 0.014 0.013 0.012 0.010 0.008 0.007 0.005 0.004 0.003 0.002 0.001 0.001 0.000 0.000 0.000 0.000 0.000 0.000 0.000 0.000 0.000 0.000 0.000 0.000 0.000 0.000 0.000 0.000 0.000 0.000 0.000 0.000 0.000 0.000 0.000 0.000 0.000 0.000 0.000 0.000 0.000 0.000 0.000 0.000 0.000 0.001 0.001 0.002
1.248 1.300 1.288 1.209 1.037 0.764 0.530 0.408 0.358 0.336 0.326 0.334 0.357 0.397 0.443 0.474 0.475 0.441 0.346 0.197 0.093 0.050 0.033 0.026 0.022 0.020 0.018 0.017 0.016 0.016 0.015 0.013 0.011 0.009 0.008 0.006 0.005 0.004 0.003 0.002 0.001 0.001 0.000 0.000 0.000 0.000 0.000 0.000 0.000 0.000 0.000 0.000 0.000 0.000 0.000 0.000 0.000 0.000 0.000 0.000 0.000 0.000 0.000 0.000 0.000 0.000 0.000 0.000 0.000 0.000 0.000 0.001 0.001 0.001 0.002 0.003 0.005
1.105 1.216 1.243 1.215 1.118 0.933 0.697 0.536 0.447 0.386 0.342 0.320 0.316 0.328 0.364 0.416 0.446 0.437 0.377 0.257 0.136 0.072 0.044 0.032 0.027 0.023 0.021 0.020 0.019 0.018 0.017 0.015 0.013 0.011 0.009 0.007 0.006 0.005 0.004 0.003 0.002 0.001 0.001 0.000 0.000 0.000 0.000 0.000 0.000 0.000 0.000 0.000 0.000 0.000 0.000 0.000 0.000 0.000 0.000 0.000 0.000 0.000 0.000 0.001 0.001 0.001 0.001 0.001 0.001 0.001 0.002 0.002 0.003 0.004 0.005 0.007 0.009
0.941 1.106 1.185 1.192 1.151 1.045 0.872 0.704 0.578 0.471 0.385 0.331 0.308 0.303 0.314 0.349 0.392 0.407 0.385 0.309 0.192 0.105 0.062 0.043 0.034 0.029 0.026 0.024 0.023 0.021 0.019 0.016 0.014 0.012 0.010 0.009 0.007 0.006 0.005 0.004 0.003 0.002 0.001 0.001 0.001 0.000 0.000 0.000 0.000 0.000 0.000 0.000 0.000 0.000 0.000 0.000 0.000 0.000 0.000 0.001 0.001 0.001 0.001 0.002 0.002 0.003 0.003 0.003 0.003 0.004 0.004 0.005 0.007 0.008 0.010 0.013 0.017
0.802 0.991 1.111 1.152 1.144 1.090 0.983 0.851 0.728 0.606 0.476 0.373 0.318 0.297 0.295 0.310 0.352 0.388 0.391 0.354 0.260 0.152 0.090 0.061 0.048 0.041 0.036 0.033 0.030 0.027 0.023 0.019 0.016 0.014 0.012 0.010 0.009 0.007 0.006 0.005 0.004 0.003 0.003 0.002 0.002 0.001 0.001 0.001 0.001 0.001 0.001 0.001 0.001 0.001 0.001 0.001 0.001 0.001 0.002 0.002 0.003 0.003 0.004 0.004 0.005 0.005 0.006 0.006 0.007 0.008 0.008 0.010 0.012 0.014 0.018 0.023 0.031
0.682 0.871 1.017 1.097 1.118 1.097 1.034 0.943 0.845 0.742 0.606 0.450 0.348 0.302 0.290 0.296 0.332 0.387 0.408 0.396 0.332 0.219 0.136 0.095 0.076 0.067 0.060 0.054 0.048 0.040 0.030 0.023 0.019 0.016 0.014 0.012 0.011 0.009 0.008 0.007 0.006 0.005 0.005 0.004 0.004 0.003 0.003 0.003 0.003 0.003 0.003 0.003 0.003 0.003 0.003 0.003 0.004 0.004 0.004 0.005 0.006 0.006 0.007 0.008 0.008 0.009 0.010 0.010 0.011 0.012 0.014 0.016 0.019 0.024 0.031 0.042 0.059
0.574 0.750 0.909 1.020 1.070 1.074 1.044 0.984 0.908 0.819 0.701 0.533 0.394 0.319 0.294 0.296 0.328 0.399 0.444 0.448 0.410 0.311 0.212 0.162 0.141 0.131 0.122 0.111 0.097 0.073 0.047 0.031 0.024 0.020 0.017 0.015 0.013 0.011 0.010 0.009 0.008 0.007 0.007 0.006 0.006 0.006 0.006 0.006 0.007 0.007 0.007 0.007 0.007 0.007 0.007 0.007 0.007 0.007 0.008 0.009 0.010 0.010 0.011 0.012 0.013 0.013 0.014 0.015 0.016 0.018 0.020 0.024 0.031 0.042 0.058 0.084 0.125
0.491 0.642 0.800 0.922 0.993 1.019 1.018 0.987 0.927 0.850 0.748 0.598 0.444 0.351 0.315 0.313 0.342 0.424 0.499 0.521 0.505 0.437 0.348 0.305 0.292 0.291 0.283 0.261 0.220 0.150 0.084 0.049 0.034 0.026 0.022 0.019 0.016 0.014 0.013 0.011 0.011 0.010 0.010 0.009 0.009 0.010 0.010 0.010 0.011 0.011 0.011 0.011 0.011 0.011 0.011 0.011 0.011 0.011 0.012 0.013 0.014 0.015 0.016 0.017 0.017 0.018 0.019 0.020 0.022 0.025 0.031 0.040 0.056 0.081 0.118 0.176 0.275
0.440 0.564 0.710 0.842 0.931 0.975 0.984 0.972 0.930 0.864 0.775 0.649 0.508 0.419 0.384 0.381 0.408 0.483 0.578 0.632 0.647 0.630 0.598 0.595 0.630 0.656 0.651 0.603 0.488 0.301 0.160 0.088 0.054 0.039 0.030 0.025 0.021 0.018 0.016 0.015 0.014 0.013 0.013 0.013 0.013 0.013 0.014 0.015 0.015 0.016 0.016 0.016 0.016 0.016 0.016 0.016 0.016 0.016 0.017 0.018 0.020 0.021 0.021 0.022 0.023 0.024 0.025 0.027 0.031 0.038 0.051 0.074 0.112 0.168 0.250 0.376 0.593
0.421 0.526 0.656 0.798 0.903 0.959 0.975 0.968 0.934 0.877 0.799 0.704 0.618 0.574 0.562 0.565 0.583 0.629 0.712 0.801 0.877 0.939 1.010 1.122 1.282 1.369 1.365 1.251 0.965 0.561 0.298 0.163 0.097 0.063 0.046 0.036 0.029 0.024 0.021 0.019 0.018 0.017 0.017 0.017 0.017 0.018 0.018 0.020 0.021 0.021 0.021 0.021 0.021 0.021 0.021 0.021 0.022 0.022 0.023 0.024 0.026 0.027 0.028 0.028 0.029 0.030 0.033 0.037 0.047 0.065 0.100 0.158 0.244 0.362 0.526 0.770 1.175
0.423 0.521 0.642 0.785 0.894 0.952 0.973 0.971 0.948 0.903 0.856 0.823 0.858 0.941 0.986 0.988 0.955 0.937 0.970 1.061 1.200 1.376 1.607 1.923 2.256 2.426 2.417 2.190 1.646 0.948 0.515 0.291 0.173 0.111 0.076 0.055 0.041 0.033 0.028 0.025 0.023 0.022 0.022 0.022 0.022 0.023 0.024 0.025 0.027 0.027 0.028 0.027 0.027 0.027 0.027 0.028 0.029 0.030 0.030 0.031 0.033 0.035 0.036 0.036 0.037 0.040 0.046 0.059 0.087 0.141 0.228 0.357 0.529 0.750 1.051 1.437 1.822
0.450 0.546 0.659 0.790 0.891 0.944 0.968 0.983 0.998 1.014 1.061 1.189 1.469 1.730 1.821 1.762 1.580 1.440 1.402 1.450 1.615 1.934 2.394 2.886 3.260 3.416 3.379 3.050 2.326 1.409 0.809 0.480 0.297 0.191 0.128 0.089 0.064 0.049 0.039 0.034 0.030 0.028 0.028 0.028 0.028 0.029 0.030 0.032 0.034 0.035 0.035 0.035 0.035 0.035 0.035 0.037 0.039 0.039 0.040 0.041 0.043 0.045 0.047 0.049 0.052 0.060 0.078 0.121 0.204 0.339 0.531 0.779 1.078 1.435 1.810 2.094 2.225
0.503 0.623 0.728 0.827 0.902 0.949 0.985 1.064 1.230 1.463 1.743 2.132 2.561 2.753 2.683 2.460 2.199 2.019 1.946 1.962 2.156 2.652 3.351 3.872 4.145 4.219 4.108 3.672 2.839 1.860 1.169 0.739 0.480 0.320 0.218 0.150 0.104 0.076 0.060 0.050 0.044 0.041 0.040 0.040 0.041 0.041 0.041 0.043 0.045 0.046 0.046 0.045 0.045 0.045 0.046 0.049 0.051 0.052 0.053 0.055 0.058 0.062 0.067 0.074 0.087 0.116 0.179 0.301 0.504 0.790 1.148 1.539 1.928 2.237 2.423 2.486 2.406
0.524 0.691 0.831 0.925 0.992 1.060 1.200 1.550 2.116 2.654 3.039 3.297 3.416 3.353 3.108 2.823 2.626 2.507 2.475 2.563 2.897 3.645 4.480 4.912 5.025 4.953 4.664 4.061 3.175 2.310 1.628 1.121 0.767 0.531 0.371 0.259 0.181 0.131 0.102 0.087 0.078 0.074 0.072 0.072 0.072 0.071 0.068 0.066 0.066 0.066 0.065 0.063 0.062 0.062 0.063 0.066 0.069 0.072 0.077 0.082 0.089 0.098 0.113 0.140 0.191 0.284 0.455 0.741 1.152 1.643 2.123 2.477 2.688 2.782 2.764 2.645 2.434
0.483 0.687 0.882 1.063 1.247 1.506 2.020 2.814 3.503 3.846 3.946 3.917 3.806 3.576 3.232 3.005 2.917 2.914 3.026 3.324 3.941 4.894 5.611 5.864 5.842 5.609 5.077 4.249 3.419 2.783 2.243 1.742 1.293 0.930 0.662 0.468 0.334 0.250 0.205 0.188 0.183 0.180 0.178 0.174 0.168 0.157 0.139 0.123 0.114 0.107 0.102 0.098 0.095 0.094 0.095 0.098 0.103 0.112 0.124 0.139 0.158 0.189 0.240 0.323 0.457 0.682 1.070 1.600 2.133 2.583 2.894 3.062 3.111 3.060 2.893 2.641 2.326
0.335 0.560 0.820 1.095 1.450 2.037 2.959 3.814 4.251 4.360 4.308 4.151 3.918 3.598 3.248 3.091 3.090 3.232 3.587 4.144 4.942 5.829 6.346 6.494 6.436 6.102 5.346 4.332 3.614 3.139 2.750 2.378 2.002 1.619 1.243 0.913 0.676 0.544 0.493 0.489 0.517 0.529 0.522 0.498 0.458 0.404 0.336 0.271 0.228 0.202 0.183 0.172 0.166 0.165 0.168 0.177 0.191 0.211 0.238 0.278 0.337 0.426 0.555 0.738 1.011 1.407 1.924 2.432 2.805 3.068 3.216 3.268 3.251 3.130 2.870 2.491 2.058
0.160 0.312 0.572 0.937 1.424 2.186 3.298 4.114 4.445 4.475 4.381 4.185 3.910 3.541 3.218 3.110 3.165 3.458 3.993 4.672 5.467 6.187 6.607 6.731 6.683 6.328 5.450 4.355 3.694 3.300 2.991 2.706 2.430 2.158 1.891 1.621 1.388 1.254 1.223 1.276 1.381 1.424 1.411 1.336 1.200 1.028 0.821 0.621 0.495 0.421 0.377 0.353 0.348 0.356 0.379 0.413 0.450 0.492 0.551 0.642 0.775 0.956 1.198 1.479 1.767 2.059 2.407 2.765 3.015 3.173 3.251 3.268 3.223 3.036 2.654 2.130 1.653
0.069 0.134 0.270 0.557 1.086 1.952 3.130 3.984 4.347 4.387 4.298 4.092 3.781 3.385 3.122 3.068 3.186 3.580 4.168 4.830 5.518 6.101 6.476 6.603 6.556 6.193 5.292 4.205 3.577 3.244 3.001 2.775 2.557 2.361 2.215 2.114 2.047 2.028 2.081 2.270 2.482 2.548 2.539 2.467 2.313 2.069 1.714 1.328 1.067 0.927 0.861 0.838 0.851 0.904 0.988 1.073 1.142 1.211 1.303 1.451 1.649 1.858 2.036 2.165 2.273 2.381 2.540 2.795 2.982 3.069 3.091 3.057 2.930 2.639 2.128 1.553 1.142
0.031 0.055 0.110 0.238 0.540 1.167 2.161 3.110 3.664 3.854 3.844 3.710 3.428 3.083 2.912 2.917 3.135 3.599 4.127 4.628 5.049 5.370 5.591 5.664 5.580 5.195 4.353 3.429 2.927 2.718 2.620 2.536 2.435 2.335 2.280 2.280 2.316 2.381 2.506 2.783 3.046 3.118 3.108 3.052 2.926 2.708 2.406 2.108 1.911 1.808 1.772 1.799 1.878 1.990 2.123 2.260 2.364 2.434 2.491 2.550 2.582 2.574 2.541 2.501 2.477 2.474 2.525 2.645 2.698 2.651 2.551 2.402 2.161 1.796 1.331 0.943 0.706
0.017 0.025 0.043 0.088 0.199 0.451 0.918 1.564 2.145 2.536 2.723 2.761 2.652 2.496 2.453 2.565 2.901 3.334 3.612 3.743 3.734 3.685 3.634 3.556 3.399 3.064 2.468 1.908 1.657 1.601 1.630 1.712 1.821 1.939 2.071 2.195 2.304 2.426 2.588 2.879 3.137 3.213 3.206 3.159 3.059 2.885 2.674 2.526 2.461 2.459 2.513 2.635 2.770 2.867 2.952 3.078 3.198 3.237 3.220 3.154 3.043 2.896 2.739 2.601 2.505 2.442 2.385 2.292 2.096 1.812 1.549 1.330 1.129 0.914 0.696 0.527 0.415
0.010 0.014 0.020 0.034 0.066 0.144 0.304 0.563 0.868 1.142 1.336 1.429 1.458 1.491 1.593 1.843 2.176 2.346 2.285 2.068 1.803 1.632 1.514 1.412 1.303 1.149 0.905 0.703 0.634 0.634 0.668 0.750 0.885 1.088 1.361 1.652 1.915 2.132 2.346 2.613 2.822 2.900 2.910 2.898 2.874 2.800 2.697 2.655 2.680 2.732 2.818 2.958 3.066 3.116 3.158 3.265 3.393 3.424 3.390 3.286 3.143 2.976 2.793 2.621 2.471 2.324 2.133 1.810 1.372 0.989 0.743 0.600 0.504 0.422 0.346 0.283 0.241
0.007 0.009 0.012 0.017 0.026 0.045 0.086 0.161 0.275 0.412 0.528 0.602 0.648 0.694 0.782 0.955 1.072 1.055 0.939 0.752 0.603 0.520 0.470 0.432 0.395 0.347 0.273 0.220 0.206 0.210 0.229 0.269 0.338 0.444 0.600 0.817 1.088 1.368 1.608 1.801 1.924 1.988 2.028 2.080 2.177 2.299 2.430 2.554 2.654 2.728 2.799 2.890 2.943 2.961 2.983 3.063 3.193 3.252 3.242 3.175 3.069 2.942 2.789 2.616 2.416 2.156 1.772 1.269 0.804 0.500 0.335 0.259 0.223 0.198 0.176 0.159 0.147
0.004 0.006 0.007 0.010 0.013 0.019 0.029 0.046 0.074 0.121 0.172 0.213 0.245 0.280 0.333 0.401 0.407 0.373 0.302 0.221 0.178 0.158 0.148 0.142 0.135 0.123 0.102 0.087 0.083 0.084 0.090 0.104 0.129 0.169 0.234 0.329 0.457 0.616 0.748 0.831 0.882 0.921 0.963 1.021 1.126 1.321 1.611 1.934 2.163 2.281 2.334 2.355 2.344 2.313 2.300 2.331 2.430 2.542 2.626 2.689 2.706 2.676 2.606 2.470 2.233 1.827 1.258 0.756 0.430 0.245 0.160 0.127 0.115 0.109 0.105 0.102 0.100
0.003 0.004 0.005 0.006 0.008 0.011 0.014 0.019 0.026 0.038 0.054 0.069 0.084 0.100 0.125 0.139 0.135 0.121 0.097 0.076 0.067 0.064 0.063 0.064 0.066 0.064 0.058 0.052 0.050 0.050 0.053 0.058 0.067 0.081 0.101 0.131 0.175 0.236 0.284 0.314 0.334 0.352 0.375 0.411 0.468 0.562 0.707 0.924 1.135 1.267 1.318 1.319 1.287 1.221 1.185 1.186 1.236 1.354 1.538 1.773 1.957 2.047 2.066 1.997 1.747 1.254 0.734 0.408 0.221 0.132 0.097 0.084 0.081 0.079 0.079 0.079 0.079
0.001 0.002 0.003 0.004 0.005 0.007 0.009 0.011 0.014 0.018 0.023 0.028 0.033 0.040 0.048 0.051 0.051 0.048 0.042 0.038 0.036 0.037 0.038 0.042 0.045 0.046 0.045 0.043 0.042 0.042 0.043 0.046 0.050 0.055 0.060 0.069 0.081 0.099 0.114 0.124 0.132 0.139 0.148 0.161 0.181 0.213 0.262 0.336 0.424 0.484 0.517 0.530 0.527 0.501 0.483 0.485 0.510 0.584 0.727 0.957 1.147 1.242 1.267 1.236 1.059 0.702 0.392 0.215 0.127 0.091 0.079 0.075 0.073 0.071 0.071 0.071 0.072
0.001 0.001 0.002 0.002 0.003 0.005 0.006 0.007 0.009 0.011 0.013 0.016 0.018 0.021 0.024 0.026 0.026 0.026 0.025 0.025 0.025 0.026 0.029 0.033 0.037 0.039 0.040 0.039 0.039 0.039 0.041 0.042 0.044 0.045 0.046 0.048 0.052 0.056 0.061 0.064 0.066 0.070 0.074 0.079 0.085 0.092 0.103 0.120 0.145 0.167 0.186 0.199 0.206 0.204 0.201 0.204 0.220 0.262 0.353 0.509 0.628 0.681 0.693 0.674 0.573 0.367 0.212 0.131 0.095 0.082 0.077 0.075 0.073 0.071 0.069 0.069 0.071
0.000 0.000 0.001 0.001 0.002 0.003 0.004 0.005 0.006 0.008 0.009 0.011 0.013 0.014 0.016 0.017 0.018 0.018 0.019 0.019 0.020 0.021 0.024 0.028 0.032 0.035 0.036 0.037 0.038 0.038 0.039 0.040 0.040 0.040 0.040 0.041 0.042 0.043 0.044 0.044 0.045 0.047 0.051 0.054 0.055 0.057 0.059 0.062 0.067 0.073 0.081 0.090 0.098 0.104 0.109 0.116 0.127 0.154 0.214 0.303 0.357 0.378 0.382 0.370 0.316 0.211 0.141 0.107 0.090 0.083 0.081 0.081 0.078 0.074 0.072 0.072 0.076
