RESULTS/r.avaflow_results/13_results/13_ascii/13_hflow10037.asc
ncols 506
nrows 317
xllcenter 498237.50
yllcenter 5580050.00
cellsize 12.50
NODATA_value -9999.000
[rows 170 to 203 of 317, columns 154 to 230 of 506]
11.870 10.408 9.102 7.907 6.864 5.940 5.142 4.451 3.850 3.324 2.863 2.458 2.098 1.778 1.497 1.249 1.035 0.848 0.686 0.546 0.427 0.326 0.243 0.177 0.128 0.095 0.075 0.063 0.055 0.051 0.049 0.049 0.050 0.050 0.050 0.050 0.051 0.053 0.054 0.054 0.052 0.050 0.048 0.046 0.044 0.041 0.037 0.031 0.024 0.018 0.012 0.009 0.006 0.005 0.004 0.003 0.003 0.003 0.003 0.003 0.003 0.003 0.003 0.003 0.003 0.003 0.003 0.003 0.004 0.007 0.013 0.023 0.029 0.030 0.028 0.022 0.014
13.234 11.754 10.371 9.076 7.931 6.909 6.005 5.217 4.528 3.917 3.385 2.913 2.498 2.124 1.792 1.501 1.247 1.023 0.828 0.659 0.515 0.393 0.293 0.212 0.152 0.108 0.081 0.064 0.056 0.053 0.052 0.054 0.056 0.057 0.056 0.055 0.055 0.055 0.055 0.054 0.051 0.047 0.044 0.041 0.038 0.033 0.027 0.019 0.012 0.007 0.005 0.004 0.003 0.002 0.002 0.002 0.002 0.002 0.002 0.002 0.002 0.002 0.002 0.002 0.002 0.002 0.002 0.002 0.003 0.005 0.010 0.018 0.025 0.027 0.027 0.025 0.018
14.333 12.851 11.419 10.062 8.823 7.727 6.738 5.873 5.118 4.435 3.840 3.314 2.846 2.427 2.054 1.725 1.436 1.185 0.966 0.777 0.612 0.472 0.353 0.257 0.181 0.126 0.089 0.066 0.055 0.051 0.051 0.054 0.056 0.057 0.056 0.055 0.054 0.053 0.052 0.049 0.045 0.038 0.033 0.028 0.023 0.017 0.011 0.007 0.004 0.003 0.002 0.002 0.001 0.001 0.001 0.001 0.001 0.002 0.002 0.002 0.002 0.002 0.002 0.001 0.001 0.001 0.001 0.002 0.002 0.004 0.007 0.013 0.022 0.026 0.027 0.026 0.022
15.094 13.603 12.155 10.782 9.516 8.380 7.352 6.434 5.614 4.878 4.228 3.656 3.144 2.688 2.284 1.921 1.603 1.325 1.083 0.875 0.697 0.544 0.414 0.307 0.219 0.151 0.103 0.072 0.056 0.049 0.047 0.049 0.052 0.053 0.052 0.051 0.048 0.046 0.043 0.038 0.030 0.021 0.015 0.011 0.008 0.006 0.004 0.003 0.002 0.001 0.001 0.001 0.001 0.001 0.001 0.001 0.001 0.001 0.001 0.001 0.001 0.001 0.001 0.001 0.001 0.001 0.001 0.001 0.002 0.003 0.005 0.009 0.017 0.024 0.026 0.026 0.025
15.520 14.047 12.628 11.272 10.014 8.876 7.818 6.876 6.023 5.244 4.556 3.941 3.392 2.906 2.475 2.084 1.743 1.442 1.182 0.958 0.765 0.602 0.464 0.348 0.255 0.180 0.123 0.084 0.061 0.049 0.044 0.042 0.043 0.043 0.042 0.040 0.036 0.032 0.028 0.021 0.014 0.009 0.006 0.004 0.003 0.002 0.002 0.001 0.001 0.001 0.001 0.001 0.001 0.001 0.001 0.001 0.001 0.001 0.001 0.001 0.001 0.001 0.001 0.001 0.001 0.001 0.001 0.001 0.001 0.002 0.003 0.006 0.013 0.022 0.026 0.026 0.026
15.695 14.259 12.876 11.579 10.351 9.215 8.165 7.229 6.340 5.532 4.812 4.163 3.592 3.075 2.621 2.211 1.852 1.533 1.255 1.019 0.815 0.645 0.500 0.379 0.280 0.203 0.143 0.100 0.071 0.053 0.043 0.037 0.033 0.030 0.026 0.022 0.018 0.015 0.013 0.009 0.006 0.004 0.002 0.002 0.001 0.001 0.001 0.001 0.001 0.001 0.001 0.001 0.001 0.001 0.001 0.001 0.001 0.001 0.001 0.001 0.001 0.001 0.001 0.001 0.001 0.001 0.001 0.001 0.001 0.001 0.002 0.004 0.009 0.018 0.024 0.026 0.025
15.770 14.366 12.993 11.741 10.544 9.417 8.365 7.432 6.552 5.735 4.995 4.321 3.724 3.189 2.718 2.295 1.922 1.593 1.305 1.059 0.848 0.672 0.522 0.397 0.296 0.216 0.155 0.110 0.079 0.058 0.044 0.033 0.025 0.018 0.012 0.009 0.007 0.006 0.005 0.004 0.002 0.002 0.001 0.001 0.001 0.001 0.001 0.001 0.001 0.001 0.001 0.001 0.001 0.001 0.001 0.001 0.001 0.001 0.001 0.001 0.001 0.001 0.001 0.001 0.001 0.001 0.001 0.001 0.001 0.001 0.002 0.003 0.006 0.013 0.021 0.024 0.025
15.740 14.343 13.036 11.811 10.648 9.559 8.523 7.571 6.691 5.867 5.120 4.429 3.816 3.263 2.776 2.341 1.956 1.619 1.327 1.076 0.862 0.683 0.530 0.404 0.301 0.221 0.159 0.115 0.083 0.060 0.042 0.028 0.017 0.009 0.005 0.004 0.003 0.003 0.002 0.002 0.001 0.001 0.001 0.001 0.001 0.001 0.001 0.001 0.001 0.001 0.001 0.001 0.001 0.001 0.001 0.001 0.001 0.001 0.001 0.001 0.001 0.001 0.001 0.001 0.001 0.001 0.001 0.001 0.001 0.001 0.001 0.002 0.005 0.009 0.016 0.021 0.023
15.678 14.313 13.028 11.801 10.659 9.598 8.596 7.662 6.787 5.963 5.217 4.516 3.884 3.312 2.809 2.359 1.966 1.621 1.329 1.077 0.863 0.683 0.531 0.405 0.302 0.221 0.159 0.114 0.081 0.056 0.036 0.020 0.009 0.004 0.002 0.002 0.001 0.001 0.001 0.001 0.001 0.001 0.001 0.001 0.001 0.001 0.001 0.001 0.001 0.001 0.001 0.001 0.001 0.001 0.001 0.001 0.001 0.001 0.001 0.000 0.000 0.000 0.000 0.000 0.000 0.000 0.001 0.001 0.001 0.001 0.001 0.002 0.004 0.007 0.012 0.018 0.021
15.472 14.189 12.948 11.757 10.654 9.622 8.651 7.733 6.864 6.054 5.301 4.598 3.955 3.363 2.836 2.371 1.967 1.622 1.324 1.070 0.856 0.677 0.528 0.403 0.300 0.218 0.154 0.105 0.067 0.040 0.020 0.009 0.004 0.002 0.001 0.001 0.001 0.001 0.001 0.001 0.001 0.001 0.001 0.001 0.001 0.001 0.001 0.001 0.001 0.001 0.001 0.001 0.001 0.001 0.001 0.001 0.001 0.001 0.001 0.000 0.000 0.000 0.000 0.000 0.000 0.000 0.000 0.001 0.001 0.001 0.001 0.002 0.003 0.005 0.009 0.014 0.017
15.122 13.940 12.783 11.643 10.582 9.606 8.686 7.810 6.954 6.148 5.390 4.686 4.035 3.423 2.869 2.390 1.971 1.616 1.310 1.053 0.839 0.662 0.517 0.395 0.293 0.207 0.135 0.077 0.038 0.016 0.007 0.003 0.002 0.001 0.001 0.001 0.001 0.001 0.001 0.001 0.001 0.001 0.001 0.001 0.001 0.001 0.001 0.001 0.001 0.001 0.001 0.001 0.001 0.001 0.001 0.001 0.001 0.001 0.001 0.000 0.000 0.000 0.000 0.000 0.000 0.000 0.000 0.000 0.001 0.001 0.001 0.001 0.002 0.004 0.006 0.010 0.014
14.596 13.498 12.451 11.437 10.454 9.565 8.708 7.907 7.090 6.282 5.505 4.773 4.094 3.463 2.900 2.409 1.978 1.608 1.292 1.026 0.808 0.628 0.482 0.361 0.259 0.168 0.090 0.037 0.013 0.005 0.002 0.001 0.001 0.001 0.001 0.001 0.001 0.001 0.001 0.001 0.001 0.001 0.001 0.001 0.001 0.001 0.001 0.001 0.001 0.001 0.001 0.001 0.001 0.001 0.001 0.001 0.001 0.001 0.001 0.000 0.000 0.000 0.000 0.000 0.000 0.000 0.000 0.000 0.001 0.001 0.001 0.001 0.002 0.003 0.005 0.008 0.011
13.898 12.907 11.965 11.091 10.255 9.475 8.705 7.982 7.224 6.430 5.605 4.819 4.111 3.476 2.911 2.411 1.973 1.589 1.260 0.981 0.740 0.530 0.364 0.241 0.151 0.080 0.032 0.010 0.003 0.002 0.001 0.001 0.001 0.001 0.001 0.001 0.001 0.001 0.001 0.001 0.001 0.001 0.001 0.001 0.001 0.001 0.001 0.001 0.001 0.002 0.002 0.002 0.002 0.002 0.002 0.001 0.001 0.001 0.001 0.000 0.000 0.000 0.000 0.000 0.000 0.000 0.000 0.000 0.001 0.001 0.001 0.001 0.002 0.003 0.004 0.006 0.009
13.083 12.172 11.342 10.607 9.928 9.286 8.649 7.987 7.276 6.491 5.636 4.818 4.096 3.463 2.896 2.387 1.930 1.520 1.148 0.816 0.520 0.287 0.145 0.075 0.039 0.018 0.007 0.002 0.001 0.001 0.001 0.001 0.001 0.001 0.001 0.001 0.001 0.001 0.001 0.001 0.001 0.001 0.001 0.001 0.001 0.001 0.001 0.001 0.002 0.002 0.003 0.003 0.003 0.003 0.003 0.002 0.001 0.001 0.001 0.001 0.000 0.000 0.000 0.000 0.000 0.000 0.000 0.000 0.000 0.001 0.001 0.001 0.002 0.003 0.004 0.005 0.008
12.196 11.349 10.597 9.948 9.407 8.938 8.452 7.901 7.247 6.485 5.630 4.780 4.025 3.377 2.792 2.237 1.706 1.213 0.765 0.403 0.178 0.070 0.028 0.013 0.007 0.003 0.002 0.001 0.001 0.001 0.001 0.001 0.001 0.001 0.001 0.001 0.001 0.001 0.001 0.001 0.001 0.001 0.001 0.001 0.001 0.001 0.001 0.002 0.003 0.004 0.004 0.004 0.004 0.004 0.004 0.003 0.002 0.001 0.001 0.001 0.001 0.000 0.000 0.000 0.000 0.000 0.000 0.000 0.000 0.001 0.001 0.001 0.002 0.002 0.004 0.005 0.006
11.303 10.471 9.713 9.070 8.552 8.147 7.771 7.349 6.830 6.193 5.414 4.546 3.668 2.901 2.236 1.616 1.032 0.551 0.241 0.087 0.028 0.010 0.005 0.003 0.002 0.001 0.001 0.001 0.001 0.001 0.001 0.001 0.001 0.001 0.001 0.001 0.001 0.001 0.001 0.001 0.001 0.001 0.001 0.001 0.001 0.001 0.002 0.003 0.005 0.006 0.008 0.008 0.008 0.007 0.006 0.004 0.003 0.002 0.001 0.001 0.001 0.000 0.000 0.000 0.000 0.000 0.000 0.000 0.000 0.001 0.001 0.001 0.002 0.002 0.003 0.004 0.006
10.396 9.513 8.678 7.893 7.194 6.628 6.176 5.767 5.347 4.859 4.243 3.439 2.447 1.582 0.969 0.563 0.289 0.117 0.037 0.011 0.004 0.002 0.002 0.001 0.001 0.001 0.001 0.001 0.001 0.001 0.001 0.001 0.001 0.001 0.001 0.001 0.001 0.001 0.001 0.001 0.001 0.001 0.001 0.001 0.002 0.002 0.003 0.006 0.009 0.013 0.015 0.015 0.015 0.013 0.009 0.006 0.004 0.003 0.002 0.001 0.001 0.001 0.000 0.000 0.000 0.000 0.000 0.000 0.000 0.001 0.001 0.001 0.001 0.002 0.003 0.004 0.006
9.273 8.258 7.303 6.322 5.305 4.376 3.626 3.038 2.577 2.175 1.767 1.300 0.785 0.407 0.201 0.099 0.044 0.016 0.006 0.003 0.002 0.001 0.001 0.001 0.001 0.001 0.001 0.001 0.001 0.001 0.001 0.001 0.001 0.001 0.001 0.001 0.001 0.001 0.001 0.001 0.001 0.002 0.002 0.003 0.003 0.005 0.008 0.014 0.022 0.028 0.031 0.031 0.027 0.020 0.014 0.009 0.006 0.004 0.003 0.002 0.001 0.001 0.001 0.000 0.000 0.000 0.000 0.000 0.000 0.000 0.001 0.001 0.001 0.002 0.003 0.004 0.006
7.851 6.741 5.688 4.613 3.528 2.531 1.716 1.137 0.773 0.544 0.383 0.246 0.134 0.065 0.032 0.016 0.008 0.004 0.002 0.002 0.001 0.001 0.001 0.001 0.001 0.001 0.001 0.001 0.001 0.001 0.001 0.001 0.001 0.001 0.001 0.002 0.002 0.002 0.002 0.003 0.003 0.004 0.005 0.007 0.009 0.013 0.022 0.039 0.053 0.060 0.060 0.050 0.036 0.025 0.017 0.012 0.008 0.006 0.004 0.003 0.002 0.001 0.001 0.000 0.000 0.000 0.000 0.000 0.000 0.000 0.001 0.001 0.001 0.002 0.003 0.004 0.006
6.181 5.047 3.966 2.954 2.039 1.259 0.690 0.352 0.186 0.109 0.069 0.044 0.027 0.016 0.010 0.006 0.004 0.003 0.002 0.002 0.001 0.001 0.001 0.001 0.001 0.001 0.001 0.001 0.001 0.001 0.002 0.002 0.002 0.003 0.003 0.004 0.004 0.005 0.007 0.009 0.011 0.014 0.018 0.024 0.031 0.044 0.071 0.100 0.113 0.106 0.084 0.059 0.040 0.027 0.019 0.013 0.009 0.007 0.005 0.003 0.002 0.001 0.001 0.001 0.000 0.000 0.000 0.000 0.000 0.000 0.000 0.001 0.001 0.001 0.002 0.004 0.006
4.252 3.123 2.196 1.452 0.863 0.447 0.203 0.089 0.044 0.028 0.021 0.017 0.014 0.011 0.008 0.006 0.004 0.003 0.002 0.002 0.002 0.001 0.001 0.001 0.001 0.001 0.002 0.002 0.002 0.003 0.004 0.005 0.006 0.008 0.010 0.012 0.015 0.020 0.027 0.035 0.044 0.056 0.071 0.086 0.104 0.135 0.173 0.191 0.174 0.133 0.091 0.062 0.042 0.028 0.020 0.014 0.010 0.007 0.005 0.003 0.002 0.001 0.001 0.001 0.000 0.000 0.000 0.000 0.000 0.000 0.000 0.001 0.001 0.001 0.002 0.003 0.006
2.171 1.396 0.847 0.467 0.226 0.100 0.046 0.026 0.018 0.016 0.016 0.015 0.014 0.012 0.009 0.007 0.005 0.004 0.003 0.002 0.002 0.002 0.002 0.002 0.002 0.003 0.004 0.006 0.008 0.011 0.014 0.019 0.024 0.030 0.037 0.046 0.061 0.082 0.106 0.131 0.159 0.190 0.216 0.234 0.248 0.262 0.266 0.245 0.196 0.136 0.093 0.063 0.042 0.029 0.020 0.014 0.010 0.007 0.005 0.003 0.002 0.001 0.001 0.001 0.000 0.000 0.000 0.000 0.000 0.000 0.000 0.000 0.001 0.001 0.001 0.002 0.005
0.730 0.393 0.196 0.092 0.043 0.025 0.018 0.017 0.017 0.017 0.017 0.017 0.017 0.016 0.013 0.010 0.007 0.006 0.004 0.003 0.003 0.003 0.003 0.004 0.006 0.009 0.014 0.021 0.032 0.044 0.058 0.075 0.094 0.115 0.138 0.172 0.223 0.280 0.331 0.372 0.398 0.402 0.387 0.366 0.346 0.325 0.299 0.256 0.194 0.135 0.093 0.063 0.043 0.029 0.020 0.014 0.010 0.007 0.005 0.003 0.002 0.001 0.001 0.000 0.000 0.000 0.000 0.000 0.000 0.000 0.000 0.000 0.000 0.001 0.001 0.001 0.003
0.143 0.069 0.035 0.021 0.016 0.015 0.017 0.019 0.022 0.025 0.026 0.026 0.026 0.025 0.022 0.017 0.012 0.009 0.007 0.006 0.006 0.006 0.008 0.012 0.021 0.035 0.058 0.092 0.134 0.180 0.229 0.282 0.335 0.388 0.447 0.520 0.604 0.663 0.674 0.639 0.581 0.514 0.455 0.408 0.371 0.337 0.300 0.252 0.191 0.134 0.092 0.063 0.042 0.029 0.020 0.014 0.010 0.006 0.004 0.003 0.002 0.001 0.001 0.000 0.000 0.000 0.000 0.000 0.000 0.000 0.000 0.000 0.000 0.000 0.001 0.001 0.001
0.024 0.014 0.011 0.012 0.014 0.017 0.023 0.032 0.040 0.045 0.047 0.047 0.046 0.041 0.035 0.030 0.025 0.020 0.017 0.015 0.015 0.018 0.028 0.050 0.089 0.151 0.247 0.373 0.499 0.616 0.722 0.824 0.916 0.987 1.041 1.071 1.055 0.984 0.872 0.748 0.630 0.532 0.460 0.409 0.369 0.331 0.290 0.241 0.181 0.128 0.088 0.059 0.040 0.027 0.018 0.012 0.008 0.005 0.003 0.002 0.001 0.001 0.001 0.000 0.000 0.000 0.000 0.000 0.000 0.000 0.000 0.000 0.000 0.000 0.000 0.001 0.001
0.006 0.007 0.009 0.013 0.019 0.028 0.042 0.060 0.074 0.081 0.083 0.083 0.077 0.069 0.064 0.063 0.059 0.052 0.047 0.045 0.047 0.065 0.114 0.210 0.358 0.570 0.852 1.132 1.347 1.490 1.581 1.616 1.612 1.585 1.525 1.426 1.281 1.099 0.918 0.760 0.629 0.525 0.447 0.391 0.343 0.294 0.244 0.192 0.139 0.096 0.065 0.044 0.030 0.020 0.014 0.009 0.006 0.003 0.002 0.001 0.001 0.001 0.000 0.000 0.000 0.000 0.000 0.000 0.000 0.000 0.000 0.000 0.000 0.000 0.000 0.000 0.001
0.005 0.007 0.012 0.019 0.032 0.050 0.077 0.107 0.127 0.136 0.138 0.135 0.126 0.122 0.133 0.151 0.154 0.147 0.137 0.137 0.164 0.257 0.447 0.735 1.112 1.543 1.957 2.213 2.301 2.280 2.197 2.079 1.960 1.840 1.702 1.536 1.335 1.112 0.918 0.756 0.620 0.506 0.414 0.336 0.266 0.200 0.143 0.097 0.063 0.043 0.030 0.021 0.015 0.011 0.008 0.005 0.003 0.002 0.001 0.001 0.001 0.000 0.000 0.000 0.000 0.000 0.000 0.000 0.000 0.000 0.000 0.000 0.000 0.000 0.000 0.000 0.000
0.006 0.010 0.019 0.033 0.055 0.086 0.128 0.170 0.198 0.213 0.217 0.215 0.214 0.232 0.294 0.360 0.383 0.382 0.378 0.416 0.553 0.842 1.280 1.780 2.246 2.592 2.785 2.840 2.786 2.652 2.464 2.252 2.067 1.898 1.731 1.553 1.348 1.117 0.912 0.740 0.590 0.456 0.335 0.230 0.148 0.092 0.056 0.034 0.022 0.016 0.012 0.009 0.007 0.006 0.004 0.003 0.002 0.001 0.001 0.000 0.000 0.000 0.000 0.000 0.000 0.000 0.000 0.000 0.000 0.000 0.000 0.000 0.000 0.000 0.000 0.000 0.000
0.009 0.017 0.031 0.054 0.089 0.135 0.194 0.249 0.291 0.318 0.334 0.347 0.373 0.446 0.599 0.736 0.794 0.821 0.875 1.039 1.365 1.823 2.278 2.653 2.938 3.090 3.119 3.081 2.985 2.828 2.602 2.329 2.099 1.912 1.740 1.562 1.354 1.111 0.876 0.669 0.489 0.332 0.204 0.117 0.066 0.038 0.022 0.014 0.010 0.008 0.006 0.005 0.004 0.003 0.002 0.001 0.001 0.001 0.000 0.000 0.000 0.000 0.000 0.000 0.000 0.000 0.000 0.000 0.000 0.000 0.000 0.000 0.000 0.000 0.000 0.000 0.000
0.012 0.024 0.045 0.081 0.132 0.198 0.275 0.348 0.409 0.459 0.504 0.553 0.626 0.759 0.956 1.118 1.217 1.304 1.453 1.721 2.091 2.464 2.758 2.993 3.156 3.222 3.222 3.191 3.106 2.942 2.687 2.364 2.099 1.898 1.715 1.520 1.289 1.011 0.734 0.494 0.304 0.174 0.097 0.054 0.032 0.019 0.013 0.009 0.007 0.005 0.004 0.003 0.002 0.002 0.001 0.001 0.000 0.000 0.000 0.000 0.000 0.000 0.000 0.000 0.000 0.000 0.000 0.000 0.000 0.000 0.000 0.000 0.000 0.000 0.000 0.000 0.000
0.014 0.030 0.063 0.118 0.194 0.284 0.383 0.475 0.555 0.626 0.697 0.775 0.873 1.006 1.176 1.332 1.464 1.600 1.800 2.080 2.397 2.661 2.873 3.054 3.190 3.264 3.285 3.269 3.186 3.004 2.719 2.369 2.044 1.765 1.508 1.250 0.976 0.687 0.436 0.254 0.141 0.079 0.046 0.029 0.019 0.014 0.010 0.007 0.006 0.004 0.003 0.002 0.001 0.001 0.000 0.000 0.000 0.000 0.000 0.000 0.000 0.000 0.000 0.000 0.000 0.000 0.000 0.000 0.000 0.000 0.000 0.000 0.000 0.000 0.000 0.000 0.000
0.015 0.040 0.094 0.181 0.290 0.402 0.508 0.601 0.683 0.761 0.841 0.928 1.027 1.145 1.287 1.438 1.595 1.763 1.969 2.222 2.476 2.695 2.887 3.056 3.194 3.283 3.313 3.299 3.209 3.015 2.707 2.306 1.856 1.420 1.031 0.708 0.462 0.286 0.171 0.100 0.059 0.037 0.025 0.018 0.014 0.011 0.008 0.006 0.005 0.003 0.002 0.001 0.001 0.000 0.000 0.000 0.000 0.000 0.000 0.000 0.000 0.000 0.000 0.000 0.000 0.000 0.000 0.000 0.000 0.000 0.000 0.000 0.000 0.000 0.000 0.000 0.000
0.022 0.066 0.159 0.290 0.412 0.514 0.608 0.696 0.777 0.856 0.936 1.019 1.109 1.216 1.343 1.491 1.660 1.848 2.057 2.286 2.506 2.708 2.885 3.031 3.132 3.182 3.166 3.104 2.982 2.771 2.449 2.008 1.449 0.906 0.516 0.287 0.160 0.093 0.058 0.038 0.026 0.019 0.016 0.013 0.011 0.009 0.007 0.005 0.003 0.002 0.001 0.001 0.000 0.000 0.000 0.000 0.000 0.000 0.000 0.000 0.000 0.000 0.000 0.000 0.000 0.000 0.000 0.000 0.000 0.000 0.000 0.000 0.000 0.000 0.000 0.000 0.000
0.042 0.122 0.263 0.408 0.510 0.597 0.682 0.764 0.842 0.916 0.989 1.064 1.145 1.243 1.362 1.510 1.688 1.889 2.101 2.313 2.513 2.690 2.815 2.874 2.847 2.731 2.543 2.354 2.168 1.949 1.672 1.303 0.829 0.443 0.219 0.105 0.053 0.030 0.020 0.015 0.012 0.011 0.010 0.009 0.008 0.007 0.005 0.004 0.002 0.001 0.001 0.000 0.000 0.000 0.000 0.000 0.000 0.000 0.000 0.000 0.000 0.000 0.000 0.000 0.000 0.000 0.000 0.000 0.000 0.000 0.000 0.000 0.000 0.000 0.000 0.000 0.000
