RESULTS/r.avaflow_results/13_results/13_ascii/13_hflow10009.asc
ncols 506
nrows 317
xllcenter 498237.50
yllcenter 5580050.00
cellsize 12.50
NODATA_value -9999.000
[rows 204 to 237 of 317, columns 77 to 153 of 506]
0.072 0.079 0.080 0.080 0.079 0.080 0.084 0.094 0.114 0.146 0.197 0.267 0.354 0.462 0.616 0.967 1.903 3.958 6.445 8.461 10.410 12.574 14.826 16.785 18.218 19.195 19.755 20.393 20.842 20.970 20.782 20.185 19.299 18.016 16.198 13.965 11.701 9.829 8.297 6.739 5.140 3.661 2.437 1.512 0.902 0.547 0.354 0.247 0.181 0.138 0.107 0.085 0.072 0.066 0.064 0.065 0.074 0.098 0.131 0.145 0.146 0.136 0.114 0.093 0.086 0.085 0.087 0.090 0.094 0.096 0.096 0.091 0.077 0.058 0.038 0.026 0.022
0.091 0.098 0.100 0.101 0.102 0.107 0.118 0.137 0.168 0.211 0.268 0.335 0.415 0.527 0.705 1.069 2.011 3.968 5.718 6.733 7.372 7.829 8.295 8.799 9.386 10.380 11.632 12.917 13.770 14.202 14.220 13.851 13.027 11.712 10.059 8.291 7.110 6.439 5.917 5.200 4.186 3.017 2.025 1.275 0.775 0.482 0.319 0.225 0.165 0.124 0.096 0.077 0.067 0.061 0.060 0.062 0.073 0.100 0.131 0.143 0.142 0.130 0.106 0.088 0.080 0.078 0.079 0.081 0.082 0.080 0.073 0.061 0.044 0.028 0.016 0.010 0.010
0.118 0.122 0.125 0.129 0.135 0.148 0.168 0.198 0.238 0.286 0.339 0.398 0.473 0.591 0.794 1.205 2.259 4.279 5.786 6.594 6.977 7.039 6.826 6.362 6.075 6.133 6.474 7.008 7.478 7.851 8.076 8.148 8.030 7.644 6.911 5.934 5.420 5.181 4.934 4.429 3.628 2.682 1.824 1.145 0.692 0.433 0.292 0.208 0.154 0.114 0.087 0.070 0.061 0.057 0.057 0.061 0.076 0.108 0.135 0.143 0.140 0.125 0.099 0.081 0.074 0.069 0.065 0.062 0.060 0.057 0.050 0.038 0.024 0.013 0.006 0.004 0.005
0.165 0.162 0.165 0.172 0.185 0.206 0.235 0.272 0.315 0.362 0.410 0.463 0.540 0.670 0.896 1.343 2.486 4.579 5.952 6.638 6.944 6.984 6.712 6.092 5.745 5.691 5.721 5.817 5.974 6.179 6.404 6.536 6.560 6.414 5.893 5.075 4.603 4.407 4.244 3.851 3.209 2.476 1.717 1.058 0.628 0.394 0.269 0.194 0.142 0.105 0.080 0.065 0.057 0.054 0.054 0.061 0.082 0.117 0.138 0.142 0.138 0.118 0.090 0.073 0.063 0.056 0.051 0.047 0.044 0.040 0.034 0.023 0.012 0.006 0.003 0.002 0.003
0.251 0.235 0.232 0.239 0.256 0.282 0.315 0.355 0.398 0.443 0.489 0.543 0.630 0.782 1.027 1.481 2.672 4.825 6.137 6.749 6.999 7.014 6.753 6.125 5.760 5.706 5.715 5.748 5.797 5.906 6.102 6.190 6.158 5.877 5.249 4.439 3.951 3.753 3.617 3.326 2.877 2.350 1.678 0.999 0.578 0.362 0.249 0.181 0.132 0.097 0.073 0.060 0.053 0.051 0.053 0.063 0.091 0.124 0.139 0.140 0.131 0.106 0.076 0.059 0.050 0.044 0.040 0.037 0.034 0.030 0.023 0.014 0.007 0.003 0.002 0.001 0.002
0.405 0.362 0.345 0.345 0.358 0.382 0.415 0.455 0.500 0.547 0.598 0.660 0.758 0.922 1.172 1.613 2.824 5.032 6.374 7.003 7.279 7.282 7.002 6.414 6.014 5.879 5.844 5.833 5.831 5.866 5.978 5.994 5.845 5.415 4.721 3.905 3.357 3.127 3.028 2.868 2.621 2.270 1.674 0.959 0.538 0.336 0.234 0.170 0.124 0.090 0.068 0.055 0.050 0.049 0.052 0.067 0.101 0.128 0.136 0.134 0.120 0.087 0.059 0.045 0.038 0.034 0.032 0.029 0.027 0.023 0.015 0.008 0.004 0.002 0.001 0.001 0.001
0.662 0.586 0.532 0.517 0.519 0.532 0.558 0.594 0.639 0.693 0.754 0.827 0.926 1.075 1.302 1.729 2.943 5.153 6.607 7.358 7.743 7.810 7.586 7.082 6.665 6.368 6.137 5.965 5.874 5.865 5.885 5.794 5.457 4.913 4.243 3.464 2.844 2.542 2.476 2.492 2.453 2.235 1.689 0.940 0.513 0.320 0.223 0.161 0.116 0.084 0.063 0.051 0.047 0.047 0.052 0.074 0.108 0.127 0.130 0.125 0.101 0.065 0.044 0.035 0.031 0.028 0.026 0.024 0.022 0.017 0.010 0.005 0.002 0.001 0.001 0.001 0.001
1.054 0.952 0.846 0.800 0.784 0.777 0.782 0.802 0.838 0.890 0.955 1.030 1.121 1.240 1.427 1.837 3.026 5.187 6.766 7.748 8.359 8.531 8.432 8.070 7.622 7.028 6.355 5.944 5.804 5.795 5.784 5.589 5.107 4.487 3.815 3.060 2.394 2.030 1.983 2.175 2.344 2.251 1.769 0.951 0.500 0.311 0.217 0.154 0.109 0.078 0.058 0.048 0.045 0.046 0.055 0.081 0.111 0.122 0.121 0.108 0.075 0.046 0.034 0.028 0.026 0.024 0.022 0.020 0.017 0.012 0.007 0.003 0.002 0.001 0.001 0.001 0.001
1.602 1.498 1.341 1.258 1.210 1.165 1.123 1.108 1.122 1.157 1.209 1.272 1.341 1.426 1.579 1.974 3.114 5.197 6.932 8.180 9.144 9.618 9.691 9.518 8.822 7.534 6.424 5.799 5.565 5.561 5.546 5.284 4.766 4.137 3.470 2.705 1.988 1.603 1.569 1.877 2.264 2.263 1.838 0.967 0.496 0.308 0.212 0.147 0.101 0.071 0.053 0.044 0.042 0.045 0.058 0.087 0.109 0.114 0.109 0.087 0.054 0.035 0.027 0.024 0.022 0.020 0.019 0.017 0.014 0.009 0.005 0.003 0.001 0.001 0.000 0.000 0.000
2.323 2.235 2.057 1.936 1.850 1.745 1.615 1.538 1.512 1.514 1.537 1.571 1.607 1.655 1.797 2.221 3.323 5.331 7.346 8.970 10.461 11.412 11.623 11.156 9.685 7.732 6.348 5.522 5.157 5.095 5.079 4.860 4.407 3.824 3.155 2.357 1.625 1.268 1.244 1.568 2.147 2.234 1.868 1.001 0.504 0.308 0.204 0.135 0.089 0.062 0.047 0.040 0.039 0.044 0.061 0.089 0.101 0.102 0.092 0.065 0.040 0.028 0.022 0.020 0.019 0.018 0.016 0.015 0.011 0.007 0.003 0.002 0.001 0.000 0.000 0.000 0.000
3.224 3.157 2.987 2.848 2.728 2.556 2.308 2.129 2.032 1.977 1.949 1.939 1.942 1.968 2.124 2.637 3.832 5.963 8.524 10.542 12.054 12.947 12.947 11.893 9.818 7.578 5.936 4.933 4.501 4.414 4.443 4.357 4.056 3.535 2.834 1.986 1.317 1.033 1.011 1.264 1.943 2.176 1.882 1.061 0.538 0.314 0.195 0.121 0.075 0.051 0.040 0.037 0.037 0.043 0.064 0.086 0.092 0.090 0.075 0.049 0.032 0.024 0.019 0.017 0.016 0.016 0.014 0.013 0.009 0.005 0.003 0.002 0.001 0.000 0.000 0.000 0.000
4.296 4.246 4.092 3.944 3.807 3.580 3.212 2.903 2.713 2.572 2.469 2.404 2.380 2.403 2.605 3.286 4.917 7.721 10.472 12.257 12.893 12.969 12.209 10.253 7.732 5.541 4.123 3.408 3.194 3.241 3.372 3.398 3.243 2.834 2.172 1.424 0.956 0.791 0.766 0.892 1.461 1.890 1.728 1.145 0.612 0.328 0.187 0.107 0.063 0.043 0.035 0.034 0.035 0.044 0.065 0.081 0.084 0.079 0.060 0.038 0.026 0.020 0.017 0.015 0.015 0.014 0.013 0.011 0.007 0.004 0.002 0.001 0.001 0.000 0.000 0.000 0.000
5.489 5.451 5.312 5.143 4.970 4.690 4.231 3.812 3.540 3.326 3.154 3.044 3.007 3.058 3.419 4.530 7.189 10.246 11.700 12.368 12.157 10.122 7.215 5.096 3.847 3.034 2.572 2.393 2.383 2.491 2.578 2.545 2.357 1.961 1.401 0.927 0.689 0.615 0.604 0.629 0.856 1.371 1.518 1.257 0.694 0.344 0.180 0.095 0.053 0.036 0.031 0.031 0.033 0.044 0.063 0.073 0.073 0.066 0.046 0.031 0.023 0.018 0.015 0.014 0.013 0.012 0.011 0.009 0.006 0.003 0.001 0.001 0.000 0.000 0.000 0.000 0.000
6.645 6.616 6.487 6.297 6.072 5.753 5.269 4.795 4.475 4.244 4.078 3.991 4.000 4.252 5.150 7.137 9.597 11.102 11.460 10.427 8.135 5.778 4.322 3.723 3.292 2.840 2.500 2.355 2.348 2.470 2.557 2.519 2.281 1.785 1.190 0.807 0.647 0.605 0.600 0.624 0.740 1.141 1.403 1.275 0.765 0.366 0.176 0.086 0.047 0.032 0.028 0.029 0.032 0.044 0.060 0.065 0.064 0.054 0.037 0.027 0.020 0.016 0.014 0.012 0.011 0.010 0.009 0.007 0.005 0.003 0.001 0.001 0.000 0.000 0.000 0.000 0.000
7.714 7.698 7.594 7.408 7.152 6.808 6.331 5.854 5.549 5.397 5.349 5.494 5.899 6.799 8.541 10.066 10.700 10.335 9.086 7.139 5.246 4.289 3.875 3.597 3.275 2.820 2.470 2.344 2.362 2.491 2.541 2.473 2.163 1.547 0.985 0.715 0.620 0.600 0.602 0.630 0.707 0.954 1.221 1.194 0.870 0.413 0.178 0.081 0.043 0.030 0.027 0.028 0.032 0.043 0.056 0.059 0.057 0.046 0.031 0.024 0.019 0.015 0.013 0.011 0.010 0.009 0.008 0.006 0.004 0.002 0.001 0.001 0.000 0.000 0.000 0.000 0.000
8.742 8.742 8.664 8.488 8.236 7.882 7.460 7.099 6.916 7.039 7.496 8.320 9.445 10.342 11.057 11.130 10.414 8.872 6.983 5.385 4.444 4.036 3.814 3.599 3.275 2.783 2.444 2.346 2.397 2.521 2.526 2.383 1.946 1.259 0.813 0.649 0.601 0.597 0.614 0.650 0.704 0.833 1.105 1.175 0.950 0.459 0.183 0.078 0.040 0.029 0.027 0.028 0.032 0.043 0.052 0.054 0.051 0.038 0.027 0.021 0.017 0.014 0.011 0.010 0.009 0.008 0.007 0.005 0.003 0.002 0.001 0.000 0.000 0.000 0.000 0.000 0.000
9.719 9.753 9.713 9.557 9.346 9.066 8.816 8.801 9.154 9.992 11.262 12.149 12.473 12.280 11.718 10.845 9.425 7.594 5.963 4.840 4.284 4.033 3.864 3.675 3.328 2.793 2.488 2.427 2.513 2.600 2.557 2.278 1.636 0.979 0.690 0.599 0.582 0.594 0.635 0.679 0.712 0.758 0.946 1.087 0.955 0.514 0.193 0.076 0.039 0.029 0.028 0.028 0.033 0.042 0.048 0.050 0.045 0.033 0.024 0.020 0.016 0.013 0.010 0.009 0.008 0.007 0.006 0.004 0.002 0.001 0.001 0.000 0.000 0.000 0.000 0.000 0.000
10.673 10.769 10.756 10.620 10.505 10.554 10.881 11.655 13.019 14.105 14.669 14.648 14.014 12.966 11.729 10.131 8.397 6.851 5.588 4.766 4.343 4.158 4.032 3.839 3.404 2.852 2.605 2.594 2.706 2.743 2.602 2.120 1.324 0.794 0.608 0.560 0.561 0.597 0.662 0.704 0.723 0.732 0.792 0.911 0.877 0.563 0.205 0.074 0.039 0.031 0.030 0.030 0.034 0.042 0.046 0.046 0.040 0.029 0.023 0.019 0.015 0.012 0.009 0.008 0.007 0.006 0.005 0.003 0.002 0.001 0.000 0.000 0.000 0.000 0.000 0.000 0.000
11.594 11.756 11.795 11.738 11.738 12.337 14.019 15.493 16.548 16.888 16.676 16.019 14.831 13.260 11.376 9.461 7.905 6.607 5.568 4.928 4.594 4.422 4.268 3.965 3.404 2.937 2.776 2.810 2.902 2.862 2.564 1.873 1.075 0.686 0.559 0.534 0.546 0.609 0.695 0.732 0.738 0.718 0.699 0.756 0.774 0.565 0.208 0.072 0.040 0.033 0.033 0.033 0.036 0.041 0.044 0.044 0.036 0.026 0.021 0.018 0.014 0.011 0.009 0.007 0.006 0.005 0.004 0.003 0.001 0.001 0.000 0.000 0.000 0.000 0.000 0.000 0.000
12.503 12.765 12.935 13.059 13.362 14.737 17.133 18.427 18.792 18.690 18.038 16.855 15.246 13.230 11.017 9.197 7.804 6.643 5.816 5.374 5.068 4.806 4.468 3.979 3.444 3.115 3.039 3.100 3.122 2.946 2.444 1.591 0.912 0.625 0.533 0.519 0.540 0.620 0.714 0.748 0.745 0.701 0.626 0.605 0.607 0.492 0.208 0.069 0.041 0.036 0.036 0.036 0.038 0.041 0.043 0.041 0.033 0.025 0.021 0.017 0.013 0.010 0.008 0.006 0.005 0.005 0.003 0.002 0.001 0.001 0.000 0.000 0.000 0.000 0.000 0.000 0.000
13.438 13.823 14.125 14.606 15.870 17.990 19.693 20.207 20.163 19.779 18.859 17.400 15.476 13.168 10.903 9.198 7.950 7.017 6.419 6.096 5.760 5.249 4.558 3.932 3.524 3.329 3.299 3.338 3.272 2.949 2.252 1.343 0.806 0.591 0.522 0.514 0.542 0.634 0.724 0.751 0.745 0.686 0.561 0.496 0.473 0.391 0.180 0.062 0.043 0.040 0.039 0.038 0.039 0.041 0.041 0.038 0.030 0.024 0.020 0.017 0.012 0.009 0.007 0.006 0.005 0.004 0.003 0.001 0.001 0.000 0.000 0.000 0.000 0.000 0.000 0.000 0.000
14.421 14.895 15.344 16.466 18.852 20.608 21.349 21.447 21.133 20.472 19.296 17.729 15.650 13.205 11.031 9.516 8.517 7.833 7.371 6.991 6.433 5.534 4.548 3.894 3.559 3.449 3.451 3.449 3.293 2.825 1.959 1.136 0.736 0.574 0.521 0.518 0.558 0.655 0.730 0.750 0.738 0.662 0.505 0.403 0.361 0.293 0.149 0.063 0.045 0.042 0.041 0.040 0.040 0.040 0.039 0.036 0.029 0.024 0.021 0.017 0.012 0.008 0.006 0.005 0.004 0.003 0.002 0.001 0.000 0.000 0.000 0.000 0.000 0.000 0.000 0.000 0.000
15.506 16.111 16.779 18.393 21.007 22.166 22.304 22.253 21.582 20.686 19.411 17.829 15.746 13.390 11.528 10.342 9.554 8.909 8.325 7.706 6.845 5.622 4.503 3.844 3.565 3.523 3.541 3.482 3.199 2.564 1.640 0.994 0.692 0.567 0.530 0.534 0.584 0.682 0.735 0.744 0.719 0.626 0.453 0.321 0.267 0.222 0.142 0.071 0.047 0.043 0.042 0.042 0.041 0.039 0.037 0.033 0.028 0.025 0.021 0.017 0.011 0.008 0.006 0.005 0.004 0.003 0.001 0.001 0.000 0.000 0.000 0.000 0.000 0.000 0.000 0.000 0.000
16.665 17.478 18.683 20.725 22.465 23.089 22.949 22.722 21.860 20.752 19.481 17.865 15.843 13.766 12.239 11.241 10.409 9.616 8.839 8.011 6.971 5.558 4.393 3.791 3.615 3.620 3.630 3.513 3.123 2.354 1.439 0.906 0.663 0.565 0.540 0.547 0.598 0.692 0.734 0.736 0.700 0.596 0.412 0.257 0.190 0.163 0.133 0.086 0.054 0.046 0.045 0.044 0.041 0.037 0.034 0.031 0.028 0.025 0.021 0.017 0.011 0.007 0.005 0.004 0.003 0.002 0.001 0.000 0.000 0.000 0.000 0.000 0.000 0.000 0.000 0.000 0.000
17.893 19.254 20.965 22.512 23.222 23.472 23.263 22.816 21.873 20.722 19.545 17.970 16.026 14.173 12.746 11.730 10.784 9.856 8.933 7.985 6.806 5.314 4.259 3.822 3.770 3.820 3.805 3.609 3.085 2.158 1.307 0.858 0.648 0.566 0.547 0.554 0.602 0.686 0.720 0.716 0.675 0.566 0.376 0.207 0.131 0.114 0.112 0.100 0.072 0.054 0.050 0.046 0.041 0.035 0.032 0.029 0.027 0.025 0.022 0.016 0.011 0.007 0.005 0.003 0.002 0.001 0.001 0.000 0.000 0.000 0.000 0.000 0.000 0.000 0.000 0.000 0.000
19.350 21.415 22.887 23.478 23.619 23.570 23.244 22.641 21.673 20.607 19.579 18.182 16.357 14.589 13.112 11.962 10.868 9.815 8.733 7.569 6.148 4.795 4.067 3.861 3.902 3.968 3.928 3.669 3.010 1.972 1.229 0.843 0.648 0.568 0.551 0.559 0.603 0.673 0.701 0.695 0.643 0.525 0.335 0.168 0.092 0.078 0.090 0.101 0.087 0.066 0.057 0.049 0.040 0.034 0.030 0.028 0.027 0.025 0.022 0.016 0.010 0.007 0.004 0.003 0.002 0.001 0.000 0.000 0.000 0.000 0.000 0.000 0.000 0.000 0.000 0.000 0.000
20.997 23.082 24.026 24.113 24.151 23.860 23.391 22.732 21.765 20.684 19.621 18.279 16.624 14.960 13.401 12.074 10.789 9.512 8.128 6.608 5.128 4.171 3.831 3.815 3.952 4.015 3.952 3.616 2.811 1.803 1.195 0.858 0.665 0.577 0.555 0.562 0.607 0.675 0.698 0.687 0.622 0.486 0.290 0.136 0.065 0.052 0.067 0.093 0.095 0.081 0.066 0.052 0.041 0.033 0.029 0.028 0.027 0.025 0.021 0.015 0.010 0.006 0.004 0.002 0.001 0.000 0.000 0.000 0.000 0.000 0.000 0.000 0.000 0.000 0.000 0.000 0.000
22.920 24.261 24.750 24.616 24.542 24.114 23.499 22.813 21.849 20.742 19.623 18.268 16.745 15.218 13.628 12.131 10.597 9.021 7.299 5.615 4.366 3.770 3.655 3.744 3.972 4.038 3.931 3.463 2.542 1.691 1.206 0.910 0.716 0.604 0.564 0.567 0.614 0.682 0.699 0.678 0.597 0.442 0.244 0.106 0.046 0.034 0.046 0.085 0.100 0.093 0.073 0.055 0.041 0.033 0.029 0.027 0.026 0.024 0.020 0.015 0.009 0.005 0.003 0.002 0.001 0.000 0.000 0.000 0.000 0.000 0.000 0.000 0.000 0.000 0.000 0.000 0.000
24.229 24.896 25.112 25.030 24.948 24.426 23.727 23.083 22.122 20.932 19.672 18.255 16.829 15.418 13.842 12.208 10.448 8.590 6.703 5.071 4.020 3.619 3.588 3.730 3.981 4.045 3.862 3.252 2.322 1.642 1.247 0.982 0.784 0.654 0.593 0.586 0.625 0.684 0.696 0.662 0.557 0.377 0.189 0.078 0.034 0.024 0.030 0.066 0.097 0.095 0.077 0.057 0.042 0.033 0.029 0.028 0.026 0.024 0.019 0.013 0.008 0.004 0.002 0.001 0.001 0.000 0.000 0.000 0.000 0.000 0.000 0.000 0.000 0.000 0.000 0.000 0.000
24.841 25.242 25.520 25.504 25.480 25.066 24.331 23.511 22.441 21.161 19.816 18.418 17.061 15.688 14.103 12.328 10.321 8.257 6.355 4.841 3.932 3.599 3.578 3.735 3.945 3.948 3.656 2.998 2.199 1.650 1.294 1.036 0.839 0.706 0.641 0.628 0.653 0.693 0.693 0.639 0.504 0.298 0.136 0.056 0.026 0.019 0.020 0.038 0.075 0.089 0.079 0.058 0.042 0.034 0.031 0.029 0.027 0.023 0.017 0.011 0.006 0.003 0.002 0.001 0.000 0.000 0.000 0.000 0.000 0.000 0.000 0.000 0.000 0.000 0.000 0.000 0.000
25.000 25.354 25.714 25.746 25.827 25.543 24.934 24.092 22.915 21.544 20.202 18.878 17.530 16.070 14.378 12.434 10.215 8.061 6.186 4.754 3.909 3.587 3.552 3.662 3.762 3.669 3.325 2.781 2.176 1.707 1.364 1.100 0.898 0.759 0.691 0.678 0.693 0.710 0.689 0.599 0.425 0.220 0.096 0.042 0.023 0.018 0.018 0.023 0.049 0.075 0.075 0.060 0.045 0.037 0.034 0.031 0.028 0.021 0.014 0.008 0.004 0.002 0.001 0.001 0.000 0.000 0.000 0.000 0.000 0.000 0.000 0.000 0.000 0.000 0.000 0.000 0.000
24.948 25.271 25.604 25.684 25.842 25.635 25.152 24.423 23.300 21.927 20.509 19.115 17.711 16.161 14.418 12.392 10.110 7.942 6.097 4.697 3.858 3.499 3.414 3.433 3.437 3.314 3.046 2.685 2.245 1.819 1.459 1.178 0.971 0.831 0.760 0.741 0.739 0.727 0.665 0.527 0.326 0.158 0.070 0.033 0.021 0.018 0.017 0.019 0.032 0.060 0.070 0.065 0.052 0.044 0.039 0.035 0.028 0.019 0.011 0.006 0.003 0.001 0.001 0.001 0.001 0.000 0.000 0.000 0.000 0.000 0.000 0.000 0.000 0.000 0.000 0.000 0.000
24.812 25.210 25.499 25.659 25.859 25.708 25.299 24.619 23.474 22.084 20.590 19.107 17.667 16.064 14.296 12.205 9.909 7.777 5.971 4.573 3.684 3.249 3.093 3.052 3.027 2.957 2.828 2.642 2.370 1.991 1.572 1.263 1.059 0.926 0.853 0.819 0.792 0.738 0.624 0.448 0.251 0.119 0.054 0.029 0.021 0.018 0.017 0.017 0.023 0.046 0.067 0.068 0.059 0.052 0.046 0.038 0.027 0.016 0.008 0.004 0.002 0.001 0.001 0.001 0.001 0.001 0.000 0.000 0.000 0.000 0.000 0.000 0.000 0.000 0.000 0.000 0.000
24.495 24.851 25.098 25.271 25.436 25.403 25.090 24.499 23.461 22.090 20.527 18.911 17.323 15.627 13.783 11.668 9.421 7.384 5.625 4.224 3.281 2.769 2.565 2.518 2.552 2.633 2.651 2.595 2.468 2.211 1.800 1.429 1.197 1.052 0.966 0.907 0.844 0.742 0.580 0.378 0.202 0.095 0.046 0.028 0.022 0.019 0.018 0.017 0.019 0.032 0.058 0.068 0.066 0.061 0.052 0.039 0.024 0.013 0.006 0.002 0.001 0.001 0.001 0.001 0.001 0.001 0.001 0.000 0.000 0.000 0.000 0.000 0.000 0.000 0.000 0.000 0.000
