RESULTS/r.avaflow_results/13_results/13_ascii/13_treach.asc
ncols 506
nrows 317
xllcenter 498237.50
yllcenter 5580050.00
cellsize 12.50
NODATA_value -9999.000
[rows 189 to 215 of 317, columns 248 to 309 of 506]
84.647 85.328 85.572 85.572 85.328 84.872 84.181 83.267 82.082 81.079 80.481 80.294 80.294 80.294 80.481 80.886 81.079 81.464 81.873 82.329 83.029 83.934 85.121 130.531 130.311 130.311 130.311 130.091 130.311 130.311 130.531 130.751 130.971 130.971 131.190 131.190 117.819 115.765 115.322 114.877 114.877 114.877 114.877 115.100 115.765 116.881 118.522 120.125 121.920 123.932 125.916 127.671 129.430 130.751 131.847 132.948 133.828 134.705 135.579 136.232 137.100 137.966
87.956 89.137 90.080 90.080 89.372 87.956 86.539 85.328 83.934 82.598 81.670 81.079 81.079 81.079 81.079 81.268 81.670 81.873 82.329 82.598 83.267 83.934 84.872 127.891 127.891 127.671 127.451 127.012 126.793 126.573 126.354 125.916 121.697 120.576 118.985 115.543 113.985 113.312 113.087 112.862 112.862 112.862 113.087 113.537 114.432 115.543 116.881 118.753 120.801 123.038 125.038 127.012 128.770 130.311 131.409 132.507 133.608 134.486 135.361 136.232 137.100 137.966
92.433 93.373 93.138 92.433 91.255 90.080 88.428 87.014 85.572 84.181 83.029 82.082 81.873 81.873 81.873 81.873 82.082 82.329 82.598 83.029 83.481 83.934 84.872 85.824 124.818 124.154 117.584 117.584 117.584 117.819 117.819 117.819 117.584 116.429 113.985 112.184 111.278 111.052 110.825 110.825 111.052 111.052 111.505 112.184 113.087 114.432 115.765 118.054 120.351 122.814 124.818 127.012 128.770 130.091 131.409 132.507 133.388 134.486 135.361 136.232 137.100 137.966
96.410 95.711 94.780 93.842 92.668 91.255 89.845 88.428 87.014 85.572 84.401 83.267 82.835 82.598 82.598 82.598 82.598 82.835 83.029 83.481 83.722 84.181 84.872 85.572 86.778 113.985 114.432 114.877 115.322 115.543 115.543 115.543 114.655 112.636 110.825 109.692 109.241 109.016 109.016 109.016 109.241 109.692 110.145 111.052 111.958 113.312 115.100 117.584 120.351 122.814 125.038 127.012 128.770 130.311 131.409 132.507 133.608 134.486 135.361 136.449 137.316 138.182
98.284 97.111 95.945 94.780 93.608 92.198 90.785 89.610 88.192 87.014 85.572 84.647 83.934 83.481 83.267 83.267 83.267 83.481 83.722 83.934 84.181 84.647 85.121 85.824 86.539 111.505 112.184 112.862 113.087 113.312 113.312 112.862 111.278 109.466 108.121 107.453 107.231 107.009 107.231 107.453 107.898 108.344 109.016 109.918 111.052 112.410 114.655 117.348 120.576 123.262 125.697 127.671 129.210 130.531 131.629 132.728 133.828 134.705 135.797 136.666 137.533 138.615
99.463 98.284 96.877 95.711 94.312 93.138 91.725 90.551 89.372 88.192 87.014 85.824 84.872 84.401 84.181 83.934 83.934 83.934 84.181 84.401 84.647 84.872 85.328 85.824 86.539 87.484 109.918 110.598 110.825 111.052 110.825 109.918 108.344 106.786 105.653 105.420 105.420 105.420 105.653 106.111 106.562 107.231 108.121 109.016 110.145 111.731 113.985 117.114 120.576 123.709 126.573 128.550 130.091 131.409 132.507 133.388 134.267 135.361 136.232 137.316 138.182 139.264
100.634 99.229 97.814 96.410 95.014 93.842 92.433 91.255 90.316 89.137 88.192 87.014 86.063 85.328 84.872 84.647 84.647 84.647 84.647 84.872 85.121 85.328 85.824 86.063 86.778 87.484 88.428 108.121 108.567 108.567 108.121 107.009 105.653 104.218 103.719 103.499 103.499 103.719 104.218 104.704 105.420 106.111 107.009 108.121 109.466 111.052 113.312 116.429 119.899 123.486 127.232 129.871 131.190 132.287 133.388 134.267 135.142 136.014 137.100 137.966 139.048 140.126
101.577 99.929 98.520 97.111 95.711 94.546 93.373 92.198 91.255 90.316 89.137 88.192 87.249 86.539 85.824 85.572 85.328 85.328 85.328 85.328 85.572 85.824 86.063 86.539 87.014 87.484 88.428 89.372 105.883 105.883 105.184 104.218 102.760 101.813 101.577 101.577 101.813 102.286 103.019 103.719 104.460 105.420 106.337 107.453 108.791 110.371 112.636 115.322 118.522 122.367 127.671 131.190 132.287 133.388 134.267 135.142 136.014 137.100 137.966 139.048 140.126 141.203
102.286 100.634 98.992 97.579 96.410 95.247 94.078 93.138 92.198 91.255 90.316 89.372 88.428 87.484 86.778 86.301 86.063 86.063 86.063 86.063 86.063 86.301 86.539 87.014 87.249 87.720 88.428 89.372 90.316 92.903 101.105 99.929 98.992 98.992 99.229 99.697 100.397 101.105 101.813 102.760 103.499 104.460 105.653 106.786 108.121 109.692 111.731 113.985 116.881 120.576 127.671 132.507 134.048 134.924 135.797 136.449 137.316 138.182 139.264 140.342 141.418 142.492
102.760 101.105 99.697 98.284 97.111 95.945 95.014 94.078 93.138 92.198 91.490 90.551 89.610 88.664 87.956 87.249 87.014 86.778 86.539 86.539 86.778 86.778 87.014 87.249 87.720 88.192 88.664 89.372 90.316 91.255 92.903 94.312 95.480 96.644 97.579 98.520 99.229 100.162 101.105 102.050 103.019 103.975 104.945 106.111 107.453 109.016 110.825 113.087 115.765 119.444 128.111 140.773 146.561 149.509 149.509 149.077 148.012 143.563 143.135 143.135 143.777 144.420
103.240 101.577 100.162 98.992 97.814 96.877 95.945 95.014 94.078 93.373 92.433 91.725 90.785 89.845 89.137 88.428 87.720 87.484 87.249 87.249 87.249 87.249 87.484 87.720 88.192 88.428 88.900 89.610 90.316 91.255 92.198 93.373 94.546 95.711 96.644 97.579 98.520 99.463 100.397 101.341 102.286 103.499 104.460 105.653 107.009 108.567 110.145 112.184 114.877 118.753 137.100 141.633 152.314 153.381 154.020 154.234 154.447 154.660 154.873 155.087 154.660 147.600
103.719 102.286 100.868 99.697 98.756 97.579 96.644 95.945 95.014 94.312 93.608 92.903 91.962 91.020 90.316 89.372 88.900 88.428 87.956 87.956 87.956 87.956 87.956 88.192 88.664 88.900 89.372 89.845 90.316 91.255 91.962 92.903 94.078 95.014 95.945 97.111 98.049 98.992 99.929 100.868 102.050 103.019 104.218 105.420 106.786 108.121 109.692 111.731 114.432 118.288 137.316 141.633 154.234 155.300 156.151 156.790 157.428 158.065 158.703 159.340 159.340 157.853
104.704 103.240 101.813 100.634 99.463 98.520 97.579 96.877 96.178 95.480 94.780 93.842 93.138 92.433 91.490 90.551 89.845 89.372 88.900 88.664 88.664 88.664 88.664 88.664 89.137 89.372 89.845 90.080 90.785 91.255 92.198 92.903 93.842 94.780 95.711 96.877 97.814 98.756 99.697 100.634 101.813 103.019 103.975 105.184 106.562 107.898 109.466 111.505 113.985 117.819 137.316 141.203 155.512 156.577 157.428 158.490 159.340 160.188 161.036 161.456 161.247 158.703
105.653 104.218 102.760 101.577 100.397 99.463 98.520 97.814 97.111 96.410 95.711 95.014 94.312 93.608 92.668 91.962 91.020 90.316 89.845 89.372 89.372 89.137 89.137 89.372 89.610 89.845 90.080 90.551 91.020 91.725 92.198 93.138 93.842 94.780 95.711 96.644 97.579 98.756 99.697 100.634 101.813 102.760 103.975 104.945 106.337 107.676 109.241 111.278 113.761 117.584 136.883 140.342 156.577 157.428 158.278 159.340 160.612 161.667 162.283 162.283 161.456 134.705
107.453 105.420 103.975 102.524 101.577 100.397 99.697 98.756 98.049 97.579 96.877 96.178 95.480 94.780 94.078 93.138 92.433 91.490 90.785 90.316 90.080 89.845 89.845 90.080 90.080 90.316 90.785 91.020 91.490 91.962 92.668 93.138 94.078 94.780 95.711 96.644 97.579 98.756 99.697 100.634 101.813 102.760 103.719 104.945 106.111 107.453 109.016 111.052 113.312 117.114 136.232 138.831 141.848 157.853 158.915 160.188 161.247 162.283 162.679 162.283 133.169 132.067
111.731 107.231 105.420 103.719 102.524 101.577 100.634 99.929 99.229 98.520 98.049 97.345 96.877 96.178 95.480 94.546 93.608 92.903 91.962 91.490 91.020 90.785 90.551 90.785 90.785 91.020 91.255 91.490 91.962 92.433 92.903 93.608 94.312 95.014 95.945 96.877 97.814 98.756 99.697 100.634 101.813 102.760 103.719 104.945 106.111 107.453 109.016 110.825 113.087 116.208 135.142 137.100 139.264 141.418 144.635 160.400 161.456 162.283 162.082 131.847 130.531 130.531
116.429 -9999.000 107.231 105.420 103.719 102.760 101.813 100.868 100.397 99.697 99.229 98.520 98.049 97.345 96.644 95.945 95.014 94.078 93.373 92.668 91.962 91.490 91.490 91.490 91.490 91.490 91.725 92.198 92.433 92.903 93.373 94.078 94.780 95.480 96.178 97.111 97.814 98.756 99.697 100.634 101.813 102.760 103.719 104.945 105.883 107.231 108.791 110.371 112.636 115.322 120.351 135.142 136.883 138.399 139.911 140.988 140.988 133.388 130.091 128.990 128.990 128.990
-9999.000 -9999.000 -9999.000 107.231 105.184 103.975 103.019 102.050 101.577 100.868 100.397 99.929 99.229 98.756 98.049 97.345 96.644 95.711 94.780 93.842 93.138 92.668 92.433 92.198 92.198 92.198 92.433 92.668 93.138 93.373 94.078 94.546 95.247 95.711 96.644 97.345 98.049 98.992 99.929 100.868 101.813 102.760 103.719 104.704 105.883 107.231 108.567 110.145 111.958 114.209 117.348 123.038 132.728 134.267 134.486 132.507 129.651 127.891 127.232 127.232 127.232 127.451
-9999.000 -9999.000 -9999.000 -9999.000 107.231 105.420 104.218 103.499 102.760 102.286 101.577 101.105 100.634 100.162 99.463 98.756 98.049 97.111 96.178 95.247 94.546 93.842 93.373 93.138 93.138 93.138 93.138 93.373 93.608 94.078 94.546 95.014 95.711 96.178 96.877 97.814 98.520 99.229 100.162 100.868 101.813 102.760 103.719 104.945 105.883 107.009 108.344 109.692 111.505 113.312 115.765 118.753 123.038 126.354 126.793 126.354 125.697 125.478 125.478 125.697 125.916 126.573
-9999.000 -9999.000 -9999.000 -9999.000 110.825 107.453 105.883 104.945 104.218 103.499 103.019 102.524 102.050 101.341 100.868 100.397 99.697 98.756 97.814 96.877 95.945 95.247 94.780 94.312 94.078 94.078 94.078 94.078 94.312 94.546 95.014 95.480 96.178 96.644 97.345 98.049 98.756 99.697 100.397 101.341 102.050 103.019 103.975 104.945 105.883 107.009 108.121 109.466 111.052 112.636 114.432 116.650 119.444 121.697 122.591 123.038 123.262 123.486 123.709 124.376 125.038 125.697
-9999.000 -9999.000 -9999.000 -9999.000 -9999.000 -9999.000 108.121 106.786 105.883 105.184 104.460 103.975 103.499 103.019 102.286 101.813 101.341 100.634 99.697 98.756 97.579 96.877 96.178 95.480 95.247 95.014 95.014 95.014 95.014 95.247 95.711 96.178 96.644 97.111 97.814 98.520 99.229 99.929 100.868 101.577 102.524 103.240 104.218 105.184 106.111 107.009 108.121 109.241 110.598 111.958 113.537 115.322 117.114 118.753 119.899 120.576 121.250 121.920 122.591 123.262 124.154 125.038
-9999.000 -9999.000 -9999.000 -9999.000 -9999.000 -9999.000 -9999.000 109.466 107.898 107.009 106.337 105.653 105.184 104.460 103.975 103.499 103.019 102.286 101.577 100.397 99.463 98.520 97.814 97.111 96.410 96.178 95.945 95.945 95.945 96.178 96.410 96.644 97.111 97.814 98.284 98.992 99.697 100.397 101.105 101.813 102.760 103.499 104.460 105.420 106.111 107.231 108.121 109.241 110.371 111.731 112.862 114.209 115.543 116.881 118.054 118.985 119.899 120.801 121.697 122.591 123.486 124.598
-9999.000 -9999.000 -9999.000 -9999.000 -9999.000 -9999.000 -9999.000 -9999.000 -9999.000 109.692 108.567 107.676 107.009 106.337 105.883 105.184 104.704 103.975 103.499 102.524 101.577 100.397 99.463 98.756 98.049 97.579 97.111 96.877 96.877 96.877 97.111 97.345 97.814 98.284 98.756 99.463 100.162 100.868 101.577 102.286 103.019 103.975 104.704 105.653 106.337 107.453 108.344 109.241 110.371 111.505 112.636 113.537 114.877 115.986 117.114 118.054 119.214 120.125 121.025 122.144 123.262 124.376
-9999.000 -9999.000 -9999.000 -9999.000 -9999.000 -9999.000 -9999.000 -9999.000 -9999.000 -9999.000 -9999.000 110.598 109.466 108.567 107.676 107.231 106.562 105.883 105.420 104.704 103.719 102.524 101.577 100.634 99.929 99.229 98.520 98.049 98.049 98.049 98.049 98.049 98.520 98.992 99.463 99.929 100.634 101.105 101.813 102.524 103.499 104.218 104.945 105.883 106.786 107.676 108.567 109.466 110.371 111.505 112.410 113.537 114.432 115.543 116.429 117.584 118.522 119.671 120.801 121.920 123.038 124.376
-9999.000 -9999.000 -9999.000 -9999.000 -9999.000 -9999.000 -9999.000 -9999.000 -9999.000 -9999.000 -9999.000 -9999.000 114.432 111.731 110.371 109.466 108.567 107.898 107.231 106.786 105.883 105.184 103.975 102.760 101.813 101.105 100.397 99.697 99.229 98.992 98.992 98.992 99.229 99.463 99.929 100.634 101.105 101.813 102.286 103.019 103.719 104.704 105.420 106.111 107.009 107.898 108.791 109.466 110.371 111.505 112.410 113.312 114.432 115.322 116.429 117.348 118.522 119.671 120.801 121.920 123.262 124.818
-9999.000 -9999.000 -9999.000 -9999.000 -9999.000 -9999.000 -9999.000 -9999.000 -9999.000 -9999.000 -9999.000 -9999.000 -9999.000 -9999.000 114.655 112.410 111.278 110.145 109.466 108.791 108.344 107.676 106.786 105.653 104.460 103.240 102.286 101.577 100.868 100.397 100.162 100.162 100.162 100.397 100.634 101.105 101.813 102.286 103.019 103.499 104.218 104.945 105.883 106.562 107.453 108.121 109.016 109.918 110.598 111.505 112.410 113.537 114.432 115.322 116.429 117.348 118.522 119.671 120.801 122.144 123.709 127.012
-9999.000 -9999.000 -9999.000 -9999.000 -9999.000 -9999.000 -9999.000 -9999.000 -9999.000 -9999.000 -9999.000 -9999.000 -9999.000 -9999.000 -9999.000 -9999.000 114.877 112.862 111.731 111.052 110.598 110.145 109.692 109.016 107.898 106.111 104.945 103.719 103.019 102.050 101.341 101.341 101.105 101.341 101.577 101.813 102.286 103.019 103.499 104.218 104.945 105.420 106.337 107.009 107.676 108.567 109.466 110.145 111.052 111.958 112.636 113.537 114.655 115.543 116.650 117.584 118.753 119.899 121.473 123.262 143.991 146.980
