RESULTS/r.avaflow_results/13_results/13_ascii/13_vfront.asc
ncols 506
nrows 317
xllcenter 498237.50
yllcenter 5580050.00
cellsize 12.50
NODATA_value -9999.000
[rows 168 to 195 of 317, columns 124 to 185 of 506]
16.759 17.938 19.218 19.173 17.935 16.100 12.863 8.991 5.960 2.496 0.307 0.090 0.051 0.039 0.075 0.091 0.095 0.139 0.138 0.099 0.076 0.104 0.148 0.147 0.043 0.055 0.090 0.100 0.093 0.085 0.092 0.097 0.065 0.062 0.059 0.097 0.157 0.149 0.145 0.148 0.152 0.129 0.123 0.136 0.101 0.077 0.096 0.120 0.273 0.284 0.256 0.757 1.275 2.668 2.427 1.625 1.783 2.467 2.861 3.190 3.470 3.708
18.813 19.808 20.153 18.214 17.516 14.965 9.091 4.855 2.000 0.223 0.047 0.036 0.030 0.042 0.075 0.103 0.148 0.160 0.122 0.075 0.070 0.114 0.127 0.035 0.090 0.121 0.131 0.128 0.111 0.097 0.101 0.077 0.053 0.063 0.092 0.114 0.071 0.065 0.064 0.069 0.099 0.120 0.114 0.081 0.039 0.032 0.066 0.059 0.043 0.068 0.043 0.287 0.769 0.991 1.366 1.946 1.601 1.714 1.970 2.203 2.361 2.487
20.369 21.035 19.559 17.321 16.318 11.359 3.617 1.104 0.189 0.197 0.064 0.013 0.041 0.084 0.115 0.147 0.168 0.128 0.084 0.061 0.075 0.083 0.031 0.106 0.142 0.147 0.142 0.114 0.090 0.080 0.072 0.061 0.049 0.042 0.047 0.018 0.027 0.031 0.032 0.031 0.010 0.012 0.019 0.030 0.040 0.037 0.043 0.026 0.017 0.038 0.040 0.032 0.077 0.618 0.819 0.900 1.833 1.350 1.405 1.685 1.972 2.084
21.863 20.916 18.718 15.514 13.182 5.513 1.837 0.177 0.149 0.166 0.093 0.081 0.097 0.123 0.151 0.152 0.113 0.067 0.051 0.041 0.028 0.035 0.109 0.144 0.133 0.094 0.046 0.030 0.028 0.036 0.042 0.030 0.012 0.006 0.021 0.033 0.037 0.039 0.038 0.038 0.043 0.042 0.037 0.030 0.027 0.024 0.019 0.017 0.023 0.021 0.022 0.012 0.057 0.095 0.258 0.610 0.657 1.003 1.109 1.382 1.770 1.882
22.723 20.671 19.251 15.116 8.703 3.264 1.001 0.100 0.075 0.101 0.123 0.092 0.106 0.126 0.128 0.092 0.054 0.043 0.021 0.023 0.063 0.105 0.111 0.075 0.015 0.051 0.072 0.065 0.072 0.075 0.041 0.019 0.049 0.062 0.067 0.060 0.051 0.042 0.035 0.030 0.027 0.021 0.013 0.011 0.019 0.023 0.021 0.018 0.017 0.014 0.014 0.027 0.010 0.064 0.084 0.078 0.426 0.538 0.842 0.973 1.353 1.669
22.905 21.285 17.449 10.901 4.136 2.372 0.485 0.037 0.041 0.078 0.062 0.067 0.083 0.103 0.090 0.059 0.033 0.014 0.061 0.095 0.089 0.057 0.001 0.051 0.072 0.051 0.031 0.084 0.102 0.060 0.067 0.106 0.106 0.083 0.058 0.038 0.024 0.013 0.006 0.003 0.002 0.004 0.004 0.009 0.021 0.027 0.022 0.017 0.017 0.016 0.016 0.017 0.022 0.041 0.062 0.053 0.072 0.089 0.423 0.646 0.840 1.510
23.634 21.763 17.273 9.456 3.278 1.119 0.301 0.093 0.078 0.075 0.058 0.043 0.063 0.072 0.055 0.023 0.015 0.062 0.073 0.026 0.029 0.063 0.077 0.074 0.061 0.054 0.074 0.075 0.065 0.109 0.130 0.122 0.101 0.088 0.074 0.052 0.035 0.027 0.020 0.019 0.023 0.032 0.036 0.043 0.049 0.044 0.029 0.020 0.020 0.020 0.025 0.034 0.045 0.047 0.044 0.041 0.046 0.055 0.034 0.162 0.404 1.144
24.470 22.222 16.913 8.123 2.109 0.355 0.117 0.125 0.049 0.048 0.048 0.018 0.041 0.053 0.050 0.027 0.046 0.040 0.030 0.085 0.092 0.090 0.084 0.080 0.077 0.088 0.095 0.118 0.132 0.115 0.083 0.057 0.052 0.065 0.068 0.069 0.080 0.087 0.091 0.095 0.103 0.115 0.105 0.093 0.081 0.068 0.055 0.049 0.049 0.055 0.062 0.071 0.083 0.092 0.087 0.074 0.054 0.039 0.025 0.049 0.105 0.733
25.063 22.627 19.864 6.961 1.389 0.168 0.350 0.303 0.106 0.101 0.090 0.044 0.060 0.072 0.045 0.003 0.019 0.042 0.095 0.088 0.072 0.073 0.084 0.088 0.085 0.091 0.086 0.075 0.065 0.050 0.033 0.016 0.015 0.016 0.027 0.032 0.077 0.090 0.100 0.110 0.118 0.120 0.096 0.086 0.087 0.086 0.089 0.099 0.110 0.117 0.116 0.114 0.118 0.110 0.088 0.073 0.059 0.047 0.032 0.086 0.332 0.788
25.661 24.628 19.455 9.694 1.479 0.453 0.401 0.517 0.309 0.119 0.051 0.060 0.081 0.099 0.065 0.048 0.056 0.097 0.094 0.060 0.050 0.059 0.073 0.059 0.043 0.050 0.053 0.043 0.035 0.031 0.017 0.001 0.008 0.012 0.015 0.058 0.063 0.053 0.056 0.069 0.077 0.072 0.065 0.076 0.097 0.101 0.105 0.116 0.122 0.123 0.116 0.110 0.106 0.089 0.074 0.068 0.061 0.050 0.036 0.185 0.744 1.584
26.940 24.864 22.134 17.427 3.737 0.750 0.089 0.463 0.348 0.126 0.041 0.081 0.124 0.121 0.074 0.057 0.059 0.066 0.042 0.026 0.033 0.050 0.046 0.023 0.058 0.084 0.083 0.053 0.035 0.022 0.003 0.014 0.019 0.030 0.062 0.079 0.058 0.058 0.070 0.093 0.080 0.052 0.060 0.093 0.107 0.103 0.100 0.092 0.083 0.084 0.091 0.096 0.093 0.073 0.073 0.075 0.071 0.065 0.212 0.842 1.593 2.983
27.320 26.614 24.811 20.733 9.151 1.205 0.342 0.309 0.333 0.120 0.041 0.110 0.139 0.097 0.032 0.013 0.020 0.031 0.026 0.024 0.025 0.027 0.021 0.078 0.092 0.095 0.058 0.018 0.010 0.013 0.030 0.044 0.051 0.055 0.063 0.040 0.019 0.030 0.060 0.045 0.033 0.055 0.016 0.058 0.030 0.016 0.013 0.008 0.028 0.055 0.068 0.071 0.071 0.060 0.070 0.092 0.118 0.557 1.919 2.600 4.373 4.862
28.305 28.141 26.774 23.471 17.489 2.866 0.696 0.210 0.275 0.106 0.067 0.112 0.108 0.059 0.024 0.013 0.030 0.037 0.031 0.015 0.008 0.027 0.067 0.087 0.082 0.060 0.016 0.023 0.029 0.041 0.055 0.055 0.043 0.023 0.010 0.036 0.049 0.050 0.036 0.084 0.111 0.060 0.056 0.016 0.060 0.063 0.052 0.056 0.078 0.076 0.056 0.051 0.044 0.050 0.129 0.148 0.598 2.690 4.381 5.755 6.544 7.141
28.988 29.178 28.275 25.950 20.453 11.850 1.376 0.262 0.242 0.087 0.072 0.072 0.088 0.058 0.036 0.034 0.032 0.025 0.018 0.025 0.031 0.037 0.061 0.066 0.057 0.013 0.027 0.032 0.037 0.049 0.045 0.018 0.016 0.030 0.034 0.026 0.028 0.048 0.007 0.055 0.030 0.114 0.106 0.053 0.052 0.062 0.094 0.121 0.121 0.084 0.052 0.031 0.050 0.177 0.173 0.760 2.790 5.683 6.204 7.079 7.828 8.254
29.529 29.576 29.287 27.806 26.744 20.296 3.768 0.864 0.153 0.096 0.037 0.057 0.105 0.064 0.029 0.016 0.033 0.054 0.067 0.063 0.048 0.047 0.049 0.053 0.034 0.031 0.035 0.024 0.018 0.011 0.018 0.037 0.034 0.007 0.027 0.054 0.072 0.086 0.067 0.104 0.165 0.176 0.108 0.088 0.106 0.126 0.143 0.136 0.106 0.058 0.004 0.113 0.331 1.536 2.702 4.509 7.630 7.041 7.449 8.108 8.765 10.037
29.576 29.840 29.828 30.058 28.618 23.416 19.721 2.105 0.876 0.179 0.002 0.070 0.095 0.034 0.034 0.053 0.056 0.060 0.059 0.037 0.018 0.031 0.027 0.030 0.035 0.067 0.043 0.010 0.023 0.032 0.030 0.011 0.028 0.071 0.099 0.111 0.121 0.121 0.117 0.151 0.157 0.110 0.054 0.061 0.080 0.099 0.099 0.074 0.023 0.121 0.303 0.509 4.693 7.274 7.770 8.850 8.986 9.092 8.921 9.584 8.984 8.946
30.185 30.292 30.005 30.388 29.471 29.096 27.112 18.407 2.436 1.172 0.409 0.062 0.066 0.049 0.048 0.029 0.022 0.020 0.027 0.039 0.009 0.026 0.004 0.017 0.033 0.026 0.038 0.050 0.029 0.001 0.022 0.060 0.102 0.130 0.129 0.115 0.110 0.089 0.077 0.070 0.048 0.022 0.031 0.048 0.054 0.051 0.033 0.137 0.311 0.582 1.135 10.450 9.665 10.611 10.484 10.499 10.602 10.560 8.711 8.115 8.187 -9999.000
30.827 30.899 30.250 30.481 30.044 29.869 29.107 26.175 16.049 3.027 1.638 0.544 0.081 0.051 0.031 0.014 0.009 0.008 0.030 0.027 0.053 0.071 0.061 0.047 0.093 0.123 0.091 0.057 0.013 0.056 0.094 0.135 0.144 0.116 0.069 0.040 0.033 0.023 0.028 0.021 0.011 0.018 0.019 0.089 0.209 0.271 0.331 0.582 1.162 11.037 11.490 16.885 10.490 10.252 11.289 10.671 9.524 8.655 -9999.000 -9999.000 -9999.000 -9999.000
31.137 31.272 30.598 30.530 30.849 31.116 31.131 30.010 23.857 17.589 3.350 1.767 0.644 0.230 0.052 0.044 0.024 0.011 0.016 0.036 0.474 0.702 0.840 0.912 1.096 1.135 0.207 0.080 0.072 0.091 0.080 0.095 0.106 0.158 0.212 0.252 0.253 0.242 0.223 0.218 0.240 0.277 0.290 0.494 0.890 0.992 1.175 9.934 11.683 16.593 19.475 19.020 9.734 9.253 9.091 -9999.000 -9999.000 -9999.000 -9999.000 -9999.000 -9999.000 -9999.000
31.026 31.137 30.435 30.399 30.383 30.583 30.644 30.118 28.485 24.536 17.866 5.555 2.311 1.435 0.758 0.266 0.043 0.043 0.044 0.741 1.224 1.364 1.713 2.256 2.439 2.430 1.942 0.229 0.185 0.139 0.279 0.530 0.563 0.579 0.591 0.676 0.706 0.729 0.761 0.802 0.885 0.963 1.101 4.120 9.713 10.679 11.842 16.468 19.373 21.201 20.307 17.768 14.440 -9999.000 -9999.000 -9999.000 -9999.000 -9999.000 -9999.000 -9999.000 -9999.000 -9999.000
31.650 30.995 30.725 30.100 30.156 30.117 30.175 30.114 30.329 28.535 27.216 20.952 12.352 3.142 2.551 1.953 1.652 1.864 2.250 2.537 2.615 2.788 3.111 3.492 3.824 4.429 5.164 3.843 2.026 2.139 3.350 4.291 4.253 4.559 4.626 5.432 5.541 6.488 7.221 7.577 8.950 10.334 10.380 14.597 16.841 18.801 20.338 23.636 22.487 21.656 19.567 16.868 14.215 -9999.000 -9999.000 -9999.000 -9999.000 -9999.000 -9999.000 -9999.000 -9999.000 -9999.000
31.154 30.812 30.798 30.536 29.867 29.952 30.343 30.450 30.101 30.078 29.866 29.555 27.173 23.973 18.029 12.158 7.661 5.512 5.569 6.586 9.215 13.985 14.388 14.782 21.032 20.962 14.849 14.088 9.854 9.527 11.085 9.986 11.024 12.118 13.099 13.962 14.965 16.353 18.338 17.392 17.045 20.484 20.482 22.756 22.058 23.292 24.388 24.246 23.238 21.144 18.952 16.948 15.183 13.504 -9999.000 -9999.000 -9999.000 -9999.000 -9999.000 -9999.000 -9999.000 -9999.000
30.622 30.281 30.542 30.519 30.143 29.995 30.084 29.941 30.133 30.563 30.971 31.427 30.874 31.778 30.465 29.851 27.442 25.758 24.745 24.125 24.085 29.783 30.061 30.022 30.017 29.853 29.036 27.429 25.519 23.437 25.731 23.325 24.828 25.894 22.814 23.599 24.544 25.736 24.331 23.621 26.174 26.133 25.692 24.819 23.852 24.506 24.977 24.262 22.871 20.950 19.129 17.713 16.704 15.823 15.346 13.968 -9999.000 -9999.000 -9999.000 -9999.000 -9999.000 -9999.000
30.664 31.038 30.404 30.452 30.472 30.348 30.182 30.346 30.394 31.185 31.908 32.151 32.490 33.469 33.496 34.036 33.026 32.392 32.093 31.917 31.996 32.238 32.542 32.624 35.053 34.625 34.139 33.064 31.674 30.073 31.027 29.102 30.001 30.399 30.445 28.135 28.621 26.833 28.364 28.010 27.869 27.834 27.398 26.246 25.079 25.195 25.086 24.292 22.874 21.151 19.929 18.889 18.080 17.404 16.674 16.132 16.201 -9999.000 -9999.000 -9999.000 -9999.000 -9999.000
31.380 30.808 31.139 30.618 30.693 31.342 31.337 31.068 30.952 31.584 31.890 31.869 33.200 34.093 35.103 34.808 34.308 34.066 35.600 35.668 35.924 36.168 36.247 36.315 36.017 35.352 34.754 34.023 34.578 33.785 33.949 32.804 32.940 32.593 30.702 30.529 30.237 29.110 28.746 28.708 28.677 28.672 28.406 27.382 26.035 25.673 25.159 24.268 23.144 21.862 20.801 19.882 19.227 18.483 17.699 17.046 16.720 16.657 17.280 -9999.000 9.101 8.731
31.256 30.857 31.218 31.551 31.610 31.525 31.601 31.924 31.960 32.378 31.945 33.074 33.573 34.910 35.736 35.773 35.785 35.716 35.865 36.037 36.413 36.654 36.634 37.352 37.284 36.822 35.986 35.343 34.647 34.900 34.035 34.080 33.691 31.955 31.129 30.603 29.630 28.994 28.908 29.083 28.587 28.734 28.541 28.311 27.088 26.060 25.227 24.273 23.278 22.450 21.552 20.450 19.750 19.063 18.378 17.886 17.340 17.011 16.811 17.243 2.957 2.088
31.274 31.891 32.240 31.568 31.725 32.427 32.454 32.839 33.163 33.473 33.941 34.914 35.676 36.226 36.251 36.223 36.060 35.990 36.586 36.922 37.216 37.334 37.256 36.906 36.576 36.214 35.498 34.749 34.890 34.158 33.920 33.423 32.167 31.252 30.133 29.043 28.663 28.620 28.904 28.853 29.166 29.317 28.944 28.648 27.975 26.735 25.673 24.658 23.510 22.633 21.841 20.830 19.988 19.301 18.786 18.313 17.844 17.467 17.067 16.798 16.848 17.833
32.208 31.737 32.275 32.472 32.528 32.600 33.201 33.766 34.433 34.921 36.205 36.498 36.963 36.936 36.687 36.496 36.727 36.557 36.690 36.911 36.888 36.705 36.558 36.202 35.817 35.398 35.472 34.624 33.844 33.636 32.819 32.087 31.227 29.997 28.848 28.081 28.154 28.296 28.441 29.264 29.540 29.682 29.428 29.290 28.786 27.397 25.962 24.835 23.697 22.564 21.837 21.014 20.197 19.506 18.924 18.482 17.934 17.495 16.892 16.297 15.869 15.420
