RESULTS/r.avaflow_results/13_results/13_ascii/13_vhmax.asc
ncols 506
nrows 317
xllcenter 498237.50
yllcenter 5580050.00
cellsize 12.50
NODATA_value -9999.000
[rows 168 to 195 of 317, columns 252 to 314 of 506]
6.786 4.982 3.368 2.093 1.063 0.536 0.282 0.170 0.129 0.127 0.126 0.125 0.124 -nan -nan -9999.000 -9999.000 -9999.000 -9999.000 -9999.000 -9999.000 -9999.000 -9999.000 -9999.000 -9999.000 -9999.000 -9999.000 -9999.000 -9999.000 -9999.000 -9999.000 -9999.000 -9999.000 -9999.000 -9999.000 -9999.000 -9999.000 -9999.000 -9999.000 -9999.000 -9999.000 -9999.000 -9999.000 -9999.000 -9999.000 -9999.000 -9999.000 -9999.000 -9999.000 -9999.000 -9999.000 -9999.000 -9999.000 -9999.000 -9999.000 -9999.000 -9999.000 -9999.000 -9999.000 -9999.000 -9999.000 -9999.000 -9999.000
10.989 8.830 6.813 4.856 3.103 1.657 0.767 0.274 0.184 0.137 0.136 0.136 0.144 0.144 -nan -nan -9999.000 -9999.000 -9999.000 -9999.000 -9999.000 -9999.000 -9999.000 -9999.000 -9999.000 -9999.000 -9999.000 -9999.000 -9999.000 -9999.000 -9999.000 -9999.000 -9999.000 -9999.000 -9999.000 -9999.000 -9999.000 -9999.000 -9999.000 -9999.000 -9999.000 -9999.000 -9999.000 -9999.000 -9999.000 -9999.000 -9999.000 -9999.000 -9999.000 -9999.000 -9999.000 -9999.000 -9999.000 -9999.000 -9999.000 -9999.000 -9999.000 -nan -nan -nan -nan -nan -nan
14.479 12.293 10.295 8.245 6.174 4.200 2.346 1.078 0.357 0.190 0.146 0.154 0.154 0.154 0.163 -nan -nan -9999.000 -9999.000 -9999.000 -9999.000 -9999.000 -9999.000 -9999.000 -9999.000 -9999.000 -9999.000 -9999.000 -9999.000 -9999.000 -9999.000 -9999.000 -9999.000 -9999.000 -9999.000 -9999.000 -9999.000 -9999.000 -9999.000 -9999.000 -9999.000 -9999.000 -9999.000 -9999.000 -9999.000 -9999.000 -9999.000 -9999.000 -9999.000 -9999.000 -9999.000 -9999.000 -9999.000 -9999.000 -9999.000 -nan -nan -nan 0.127 0.130 0.131 0.131 0.129
16.849 14.948 13.133 11.409 9.494 7.422 5.198 3.019 1.416 0.459 0.067 0.163 0.164 0.164 0.170 0.171 -nan -nan -9999.000 -9999.000 -9999.000 -9999.000 -9999.000 -9999.000 -9999.000 -9999.000 -9999.000 -9999.000 -9999.000 -9999.000 -9999.000 -9999.000 -9999.000 -9999.000 -9999.000 -9999.000 -9999.000 -9999.000 -9999.000 -9999.000 -9999.000 -9999.000 -9999.000 -9999.000 -9999.000 -9999.000 -9999.000 -9999.000 -9999.000 -9999.000 -9999.000 -9999.000 -9999.000 -9999.000 -nan -nan 0.136 0.126 0.127 0.130 0.131 0.131 0.129
18.748 16.721 15.255 13.825 12.358 10.532 8.433 5.909 3.624 1.671 0.511 0.067 0.172 0.172 0.177 0.177 0.183 -nan -nan -9999.000 -9999.000 -9999.000 -9999.000 -9999.000 -9999.000 -9999.000 -9999.000 -9999.000 -9999.000 -9999.000 -9999.000 -9999.000 -9999.000 -9999.000 -9999.000 -9999.000 -9999.000 -9999.000 -9999.000 -9999.000 -9999.000 -9999.000 -9999.000 -9999.000 -9999.000 -9999.000 -9999.000 -9999.000 -9999.000 -9999.000 -9999.000 -9999.000 -nan -nan -nan 0.141 0.134 0.125 0.126 0.129 0.131 0.156 0.205
20.872 18.894 17.052 15.559 14.446 13.019 11.357 9.344 6.681 3.894 1.714 0.511 0.055 0.202 0.202 0.201 0.200 0.199 -nan -nan -9999.000 -9999.000 -9999.000 -9999.000 -9999.000 -9999.000 -9999.000 -9999.000 -9999.000 -9999.000 -9999.000 -9999.000 -9999.000 -9999.000 -9999.000 -9999.000 -9999.000 -9999.000 -9999.000 -9999.000 -9999.000 -9999.000 -9999.000 -9999.000 -9999.000 -9999.000 -9999.000 -9999.000 -9999.000 -9999.000 -nan -nan -nan 0.143 0.143 0.141 0.133 0.124 0.125 0.392 0.734 0.963 1.101
22.658 21.078 19.365 17.771 16.177 15.012 13.754 12.299 9.810 6.836 3.898 1.578 0.447 0.211 0.210 0.207 0.205 0.204 0.203 -nan -9999.000 -9999.000 -9999.000 -9999.000 -9999.000 -9999.000 -9999.000 -9999.000 -9999.000 -9999.000 -9999.000 -9999.000 -9999.000 -9999.000 -9999.000 -9999.000 -9999.000 -9999.000 -9999.000 -9999.000 -9999.000 -9999.000 -9999.000 -9999.000 -9999.000 -9999.000 -9999.000 -9999.000 -9999.000 -nan -nan 0.140 0.141 0.142 0.143 0.140 0.132 0.265 0.568 1.124 1.989 2.703 3.001
24.263 22.943 21.634 20.069 18.409 16.771 15.738 14.686 12.545 9.940 6.664 3.587 1.407 0.386 0.210 0.207 0.206 0.203 0.201 -nan -nan -9999.000 -9999.000 -9999.000 -9999.000 -9999.000 -9999.000 -9999.000 -9999.000 -9999.000 -9999.000 -9999.000 -9999.000 -9999.000 -9999.000 -9999.000 -9999.000 -9999.000 -9999.000 -9999.000 -9999.000 -9999.000 -9999.000 -9999.000 -9999.000 -9999.000 -9999.000 -nan -nan -nan 0.139 0.139 0.140 0.141 0.142 0.140 0.352 0.785 1.532 2.609 4.042 4.966 5.537
25.334 24.301 23.238 22.065 20.667 18.996 17.576 16.603 14.915 12.624 9.627 6.302 3.250 1.237 0.316 0.205 0.205 0.202 0.199 0.194 -nan -nan -9999.000 -9999.000 -9999.000 -9999.000 -9999.000 -9999.000 -9999.000 -9999.000 -9999.000 -9999.000 -9999.000 -9999.000 -9999.000 -9999.000 -9999.000 -9999.000 -9999.000 -9999.000 -9999.000 -9999.000 -9999.000 -9999.000 -9999.000 -nan -nan -nan 0.137 0.137 0.138 0.138 0.138 0.139 0.328 0.542 1.182 2.265 3.619 4.842 6.196 7.069 7.152
25.622 24.913 24.153 23.308 22.287 20.930 19.392 18.033 16.858 14.859 12.199 9.132 5.815 2.809 0.917 0.172 0.200 0.198 0.195 0.193 0.191 -nan -nan -9999.000 -9999.000 -9999.000 -9999.000 -9999.000 -9999.000 -9999.000 -9999.000 -9999.000 -9999.000 -9999.000 -9999.000 -9999.000 -9999.000 -9999.000 -9999.000 -9999.000 -nan -nan -nan -nan -nan -nan 0.137 0.137 0.137 0.137 0.137 0.136 0.236 0.467 0.880 1.697 2.937 4.340 5.411 6.328 6.471 6.435 7.334
25.567 25.129 24.521 23.919 23.289 22.419 21.418 20.185 18.630 16.696 14.474 11.943 8.779 5.140 2.245 0.597 0.196 0.195 0.194 0.191 0.189 0.189 -nan -nan -nan -9999.000 -9999.000 -9999.000 -9999.000 -9999.000 -9999.000 -9999.000 -9999.000 -9999.000 -9999.000 -nan -nan -nan -nan -nan -nan 0.135 0.132 0.134 0.135 0.136 0.137 0.136 0.136 0.136 0.141 0.345 0.587 1.160 2.162 3.381 4.734 6.158 7.018 7.191 6.883 5.884 5.866
25.417 24.976 24.561 24.142 23.663 23.136 22.548 21.993 20.718 18.594 16.468 14.281 11.518 7.987 4.259 1.628 0.367 0.192 0.191 0.190 0.188 0.187 0.183 0.181 -nan -nan -nan -nan -nan -nan -nan -nan -nan -nan -nan -nan 0.108 0.112 0.116 0.119 0.123 0.128 0.132 0.133 0.135 0.136 0.136 0.135 0.135 0.264 0.431 0.743 1.472 2.560 3.819 5.229 6.609 7.766 8.415 8.586 7.945 6.784 6.291
20.712 20.531 24.366 24.197 23.677 23.338 23.081 22.882 22.330 20.917 18.535 16.387 13.937 10.750 6.876 3.317 1.017 0.164 0.189 0.189 0.187 0.186 0.185 0.182 0.175 0.164 0.159 0.156 0.154 0.154 0.152 0.148 0.142 0.134 0.127 0.119 0.113 0.111 0.115 0.119 0.123 0.127 0.130 0.133 0.135 0.136 0.141 0.230 0.344 0.529 1.061 1.975 3.165 4.535 5.884 7.030 8.064 9.011 9.736 10.041 9.508 8.281 7.279
20.843 20.692 20.826 23.741 23.440 23.285 23.205 23.232 23.259 22.693 20.959 18.484 16.167 13.264 9.612 5.619 2.167 0.571 0.188 0.188 0.187 0.184 0.184 0.182 0.172 0.163 0.159 0.156 0.154 0.154 0.152 0.148 0.142 0.134 0.127 0.119 0.113 0.111 0.114 0.118 0.099 0.172 0.246 0.325 0.399 0.466 0.491 0.519 0.898 1.602 2.701 4.026 5.481 6.823 7.789 8.406 8.954 9.766 10.592 10.961 10.536 9.361 7.998
21.141 20.778 20.925 21.168 21.416 23.193 23.312 23.467 23.780 23.746 22.881 20.943 18.382 15.848 12.459 8.198 4.101 1.291 0.262 0.188 0.187 0.183 0.184 0.180 0.170 0.162 0.158 0.155 0.154 0.153 0.151 0.147 0.141 0.133 0.126 0.119 0.113 0.136 0.323 0.519 0.727 0.933 1.185 1.466 1.701 1.872 1.981 2.112 2.440 3.687 5.113 6.598 7.894 8.845 9.343 9.457 9.627 10.182 10.883 11.237 10.965 10.130 9.041
21.680 20.987 21.051 21.362 21.748 22.057 23.398 23.808 24.050 24.224 24.034 23.103 20.879 18.228 15.066 10.808 6.331 2.512 0.663 0.307 0.258 0.176 0.138 0.183 0.267 0.344 0.389 0.406 0.414 0.401 0.355 0.289 0.235 0.224 0.240 0.255 0.442 0.833 1.298 1.805 2.335 2.859 3.448 4.012 4.446 4.752 5.053 5.479 5.969 6.296 7.633 8.791 9.743 10.564 10.895 10.614 10.535 10.811 11.230 11.342 11.257 10.908 9.856
22.529 21.420 21.271 21.613 22.008 22.420 22.853 23.889 24.135 24.208 24.210 24.096 23.274 20.873 17.559 13.289 8.657 4.119 1.324 0.450 0.433 0.489 0.693 0.960 1.249 1.465 1.600 1.666 1.686 1.603 1.454 1.267 1.069 0.948 0.886 0.948 1.641 2.547 3.474 4.274 4.964 5.671 6.506 7.319 7.912 8.404 8.916 9.508 10.209 10.882 9.459 10.170 10.978 11.798 12.125 11.861 11.605 11.569 11.518 11.422 11.298 13.987 14.231
23.095 22.128 21.450 21.739 22.199 22.665 23.070 23.321 23.678 23.994 24.109 24.381 24.453 23.449 20.334 15.936 10.994 5.964 2.338 1.055 1.168 1.651 2.267 2.912 3.511 3.948 4.235 4.372 4.345 4.162 3.893 3.568 3.131 2.741 2.489 2.805 3.956 5.192 6.288 6.928 7.420 8.070 8.995 9.888 10.581 11.235 11.880 12.389 12.928 13.367 10.366 10.852 11.580 12.397 12.850 12.756 12.450 11.956 11.718 11.406 14.262 14.291 14.253
23.397 22.807 21.684 21.758 22.266 22.742 23.092 23.222 23.128 23.847 24.113 24.441 24.860 24.816 23.046 18.907 13.666 8.085 3.712 2.530 3.106 4.069 4.982 5.874 6.645 7.219 7.651 7.806 7.726 7.502 7.273 7.012 6.533 5.912 5.335 5.110 6.233 7.435 8.434 8.856 9.189 9.720 10.537 11.378 12.060 12.765 13.408 13.907 14.390 14.701 14.883 15.066 11.926 12.734 13.161 13.367 12.979 14.991 14.808 14.587 14.418 14.345 14.404
23.387 23.170 22.577 21.706 22.231 22.730 22.980 23.058 23.031 23.635 24.042 24.439 24.915 25.124 24.512 21.816 16.859 11.092 5.044 5.346 6.098 6.833 7.706 8.495 9.233 9.895 10.446 10.614 10.634 10.590 10.598 10.630 10.400 9.816 9.046 7.294 8.267 9.238 9.958 10.341 10.599 10.989 11.673 12.374 13.123 13.919 14.412 14.654 14.815 14.885 14.838 14.929 15.125 15.253 15.384 15.351 15.360 15.331 15.109 14.859 14.605 14.448 14.507
23.671 23.500 23.285 22.560 22.171 22.575 22.805 22.954 23.104 23.491 24.205 24.451 24.806 25.157 25.129 23.591 20.125 14.713 8.350 8.316 8.180 8.446 9.141 9.799 10.549 11.383 12.052 12.339 12.665 12.941 13.238 13.540 13.613 13.239 12.520 9.371 10.025 10.584 11.024 11.337 11.790 12.243 12.717 13.171 13.738 14.215 14.326 14.299 14.320 14.388 14.496 14.644 14.739 14.899 14.971 15.221 15.243 15.342 15.340 15.201 14.949 14.624 14.436
23.807 23.690 23.579 23.121 22.187 22.358 22.669 22.856 23.045 23.310 24.112 24.475 24.799 25.140 25.335 24.810 22.747 18.517 10.620 9.524 8.920 9.305 9.983 10.554 11.219 11.977 12.681 13.326 13.990 14.463 14.892 15.341 15.571 15.413 14.986 11.113 11.573 12.036 12.429 12.757 13.074 13.399 13.646 13.814 13.926 14.011 14.039 14.020 14.002 14.069 14.275 14.394 14.503 14.712 14.824 14.897 15.005 15.170 15.327 15.432 15.247 14.682 13.942
24.097 24.074 23.879 23.609 22.838 22.164 22.416 22.612 22.873 23.257 24.029 24.650 24.847 25.151 25.487 25.470 24.540 11.967 11.302 10.162 9.800 10.277 10.893 11.334 11.904 12.618 13.519 14.352 15.016 15.494 15.746 15.962 16.080 15.997 15.883 12.942 13.653 13.998 14.032 13.956 13.939 14.043 14.111 14.154 14.044 13.911 13.956 13.942 13.921 13.948 13.980 14.084 14.240 14.428 14.598 14.446 14.355 14.431 14.624 14.709 14.530 13.742 12.752
24.251 24.143 23.992 23.731 23.375 22.280 22.092 22.396 22.775 23.252 23.800 24.599 24.904 25.277 25.563 25.756 25.497 12.860 12.451 11.586 11.340 11.489 11.677 11.954 12.297 12.932 13.913 14.798 15.389 15.753 15.917 15.935 15.876 15.759 13.967 14.859 15.305 15.221 14.886 14.606 14.461 14.385 14.252 14.253 14.191 14.015 13.791 13.718 13.724 13.753 13.710 13.635 13.723 13.850 13.893 13.708 13.382 13.173 12.950 12.893 12.601 12.162 11.407
23.909 24.141 23.967 23.712 23.573 22.792 21.401 22.207 22.670 23.174 23.703 24.519 25.125 25.372 25.596 25.839 25.905 13.463 13.163 12.854 12.588 12.279 12.213 12.042 12.264 12.622 13.432 14.939 15.506 15.784 15.930 15.935 15.693 15.312 15.653 15.923 16.043 15.766 15.363 14.976 14.767 14.619 14.497 14.371 14.159 13.820 13.434 13.233 13.200 13.160 13.028 12.836 12.677 12.662 12.723 12.466 12.040 11.650 11.390 11.280 11.075 10.742 10.236
9.098 24.095 23.952 23.440 23.478 23.031 22.033 22.005 22.391 22.908 23.425 24.106 24.918 25.322 25.646 25.872 26.046 13.855 13.880 13.744 13.201 12.713 12.428 12.319 12.292 12.617 13.484 14.559 15.297 15.798 16.001 16.625 16.735 16.669 16.574 16.534 16.302 16.175 15.872 15.555 15.216 14.857 14.546 14.230 13.690 12.732 12.352 12.017 11.698 11.301 10.829 10.328 9.954 9.812 9.811 9.727 9.535 9.324 9.160 9.152 9.167 9.135 9.010
9.246 23.165 23.088 22.762 23.012 22.645 22.107 21.303 21.953 22.402 23.009 23.733 24.569 25.229 25.594 25.820 25.870 25.613 14.233 14.189 13.776 13.416 11.682 11.667 12.116 12.680 13.660 14.766 15.436 17.575 17.844 18.041 17.868 17.542 17.016 16.785 16.650 16.600 16.364 15.918 15.402 13.059 12.979 13.007 12.999 12.869 12.548 12.161 11.758 11.283 10.729 10.152 9.684 9.372 9.269 9.417 9.461 9.324 9.165 9.042 9.043 9.001 8.891
8.989 21.576 21.609 21.336 21.904 21.518 21.245 21.067 20.256 21.724 22.316 23.099 23.914 24.749 25.302 25.540 25.533 25.343 15.009 15.122 14.970 11.444 11.374 11.641 12.089 12.800 13.918 14.939 18.635 18.864 18.910 18.885 18.409 18.125 17.823 17.506 17.107 16.715 13.628 13.216 12.870 12.679 12.616 12.666 12.761 12.793 12.667 12.370 11.991 11.535 10.937 10.351 9.778 9.281 9.099 9.261 9.462 9.479 9.369 9.208 9.111 9.021 8.924
