RESULTS/r.avaflow_results/11_results/11_ascii/11_hflow10058.asc
ncols 506
nrows 317
xllcenter 498237.50
yllcenter 5580050.00
cellsize 12.50
NODATA_value -9999.000
[rows 170 to 203 of 317, columns 77 to 153 of 506]
0.000 0.000 0.000 0.000 0.000 0.000 0.000 0.000 0.000 0.001 0.002 0.004 0.008 0.015 0.026 0.037 0.043 0.047 0.050 0.052 0.055 0.062 0.078 0.110 0.161 0.201 0.215 0.215 0.207 0.194 0.175 0.150 0.121 0.092 0.071 0.055 0.044 0.038 0.034 0.033 0.035 0.045 0.073 0.145 0.302 0.566 0.913 1.313 1.774 2.353 3.154 4.269 5.470 6.377 6.878 7.054 7.103 7.115 7.116 7.085 7.020 6.859 6.557 6.107 5.541 4.904 4.308 3.779 3.299 2.866 2.483 2.155 1.874 1.637 1.434 1.261 1.114
0.000 0.000 0.000 0.000 0.000 0.000 0.000 0.001 0.002 0.004 0.008 0.013 0.024 0.041 0.065 0.084 0.095 0.103 0.109 0.115 0.123 0.138 0.168 0.217 0.267 0.293 0.297 0.289 0.275 0.253 0.225 0.189 0.147 0.112 0.086 0.068 0.057 0.052 0.050 0.052 0.062 0.095 0.180 0.378 0.740 1.245 1.822 2.440 3.145 4.002 4.987 5.990 6.787 7.265 7.434 7.439 7.390 7.327 7.266 7.188 7.081 6.877 6.548 6.094 5.530 4.891 4.283 3.740 3.255 2.831 2.465 2.155 1.891 1.668 1.478 1.316 1.177
0.000 0.000 0.000 0.000 0.000 0.000 0.001 0.002 0.005 0.010 0.018 0.030 0.051 0.081 0.118 0.150 0.172 0.187 0.200 0.213 0.230 0.259 0.309 0.361 0.389 0.395 0.387 0.372 0.350 0.319 0.280 0.231 0.177 0.133 0.103 0.084 0.074 0.071 0.072 0.084 0.121 0.222 0.455 0.900 1.562 2.345 3.135 3.959 4.852 5.739 6.534 7.163 7.551 7.691 7.677 7.597 7.484 7.375 7.275 7.172 7.034 6.811 6.480 6.032 5.478 4.843 4.228 3.686 3.211 2.803 2.454 2.156 1.904 1.689 1.507 1.353 1.221
0.000 0.000 0.000 0.000 0.000 0.000 0.001 0.005 0.010 0.018 0.029 0.047 0.074 0.109 0.152 0.198 0.244 0.284 0.314 0.342 0.374 0.418 0.467 0.495 0.502 0.498 0.485 0.463 0.433 0.393 0.342 0.278 0.211 0.158 0.123 0.104 0.097 0.097 0.107 0.146 0.257 0.521 1.036 1.845 2.854 3.849 4.753 5.583 6.350 7.026 7.552 7.865 7.969 7.937 7.826 7.662 7.498 7.360 7.227 7.084 6.908 6.667 6.337 5.903 5.370 4.753 4.148 3.622 3.168 2.777 2.442 2.154 1.908 1.700 1.524 1.374 1.245
0.000 0.000 0.000 0.000 0.000 0.000 0.002 0.006 0.013 0.022 0.036 0.057 0.086 0.124 0.171 0.227 0.292 0.363 0.423 0.473 0.518 0.562 0.594 0.608 0.609 0.603 0.588 0.562 0.525 0.475 0.412 0.332 0.250 0.188 0.149 0.130 0.125 0.131 0.162 0.261 0.521 1.081 2.025 3.293 4.521 5.489 6.247 6.889 7.435 7.863 8.139 8.240 8.220 8.105 7.905 7.676 7.481 7.308 7.129 6.942 6.727 6.462 6.128 5.709 5.201 4.616 4.045 3.547 3.118 2.749 2.427 2.148 1.908 1.704 1.531 1.384 1.255
0.000 0.000 0.000 0.000 0.000 0.000 0.002 0.007 0.014 0.024 0.039 0.061 0.091 0.131 0.182 0.246 0.323 0.417 0.513 0.588 0.643 0.684 0.709 0.717 0.717 0.712 0.696 0.668 0.626 0.567 0.491 0.395 0.297 0.224 0.179 0.159 0.157 0.169 0.232 0.426 0.920 1.901 3.405 4.957 6.085 6.870 7.426 7.847 8.172 8.385 8.476 8.471 8.385 8.199 7.934 7.654 7.423 7.209 6.988 6.759 6.501 6.205 5.858 5.447 4.970 4.433 3.916 3.459 3.058 2.709 2.402 2.135 1.903 1.703 1.534 1.387 1.257
0.000 0.000 0.000 0.000 0.000 0.000 0.002 0.007 0.014 0.025 0.040 0.062 0.093 0.134 0.188 0.255 0.340 0.447 0.575 0.686 0.759 0.803 0.826 0.833 0.833 0.828 0.813 0.784 0.737 0.670 0.582 0.469 0.355 0.268 0.213 0.188 0.184 0.200 0.278 0.534 1.224 2.603 4.607 6.283 7.341 7.961 8.312 8.528 8.676 8.742 8.728 8.645 8.479 8.233 7.931 7.608 7.318 7.059 6.802 6.534 6.236 5.905 5.537 5.127 4.680 4.204 3.752 3.341 2.975 2.648 2.360 2.106 1.886 1.695 1.529 1.384 1.254
0.000 0.000 0.000 0.000 0.000 0.000 0.002 0.007 0.014 0.024 0.040 0.062 0.092 0.134 0.189 0.258 0.346 0.458 0.602 0.759 0.868 0.925 0.952 0.960 0.961 0.956 0.941 0.910 0.860 0.786 0.686 0.559 0.424 0.319 0.250 0.216 0.209 0.222 0.301 0.574 1.359 3.011 5.427 7.274 8.312 8.782 8.961 9.031 9.060 9.023 8.924 8.752 8.515 8.233 7.913 7.554 7.212 6.908 6.614 6.310 5.980 5.613 5.214 4.785 4.354 3.936 3.548 3.188 2.858 2.560 2.293 2.058 1.851 1.670 1.512 1.372 1.245
0.000 0.000 0.000 0.000 0.000 0.000 0.002 0.006 0.013 0.023 0.037 0.059 0.090 0.132 0.188 0.257 0.345 0.459 0.606 0.793 0.962 1.056 1.093 1.105 1.107 1.102 1.085 1.052 0.996 0.914 0.804 0.663 0.506 0.379 0.291 0.243 0.229 0.238 0.310 0.578 1.380 3.172 5.907 7.971 9.012 9.368 9.432 9.419 9.358 9.224 9.036 8.795 8.517 8.216 7.882 7.507 7.134 6.796 6.466 6.126 5.761 5.363 4.932 4.490 4.071 3.682 3.327 3.004 2.711 2.444 2.203 1.989 1.800 1.632 1.484 1.350 1.229
0.000 0.000 0.000 0.000 0.000 0.000 0.002 0.005 0.010 0.018 0.031 0.051 0.081 0.124 0.180 0.250 0.339 0.452 0.600 0.793 1.016 1.185 1.258 1.275 1.276 1.270 1.251 1.211 1.148 1.058 0.936 0.782 0.604 0.450 0.338 0.272 0.248 0.251 0.312 0.567 1.353 3.179 6.098 8.399 9.480 9.764 9.770 9.698 9.548 9.331 9.075 8.795 8.500 8.185 7.843 7.464 7.075 6.712 6.356 5.984 5.589 5.164 4.706 4.259 3.849 3.475 3.138 2.834 2.561 2.317 2.100 1.908 1.737 1.585 1.448 1.323 1.210
0.000 0.000 0.000 0.000 0.000 0.000 0.001 0.003 0.006 0.012 0.021 0.037 0.063 0.102 0.156 0.226 0.314 0.425 0.572 0.766 1.015 1.263 1.417 1.465 1.468 1.461 1.438 1.393 1.319 1.217 1.083 0.916 0.718 0.534 0.394 0.305 0.266 0.262 0.309 0.534 1.271 3.087 6.083 8.569 9.754 10.020 9.985 9.854 9.634 9.366 9.075 8.775 8.466 8.144 7.799 7.424 7.030 6.651 6.277 5.885 5.471 5.023 4.547 4.093 3.682 3.312 2.985 2.693 2.435 2.207 2.005 1.829 1.673 1.534 1.408 1.291 1.186
0.000 0.000 0.000 0.000 0.000 0.000 0.000 0.001 0.003 0.005 0.010 0.019 0.035 0.064 0.108 0.170 0.250 0.351 0.486 0.675 0.940 1.261 1.514 1.632 1.651 1.646 1.624 1.577 1.501 1.390 1.245 1.065 0.850 0.635 0.464 0.347 0.287 0.274 0.302 0.480 1.127 2.849 5.876 8.541 9.849 10.152 10.089 9.909 9.648 9.359 9.045 8.729 8.412 8.088 7.749 7.384 6.996 6.607 6.220 5.820 5.398 4.937 4.446 3.983 3.565 3.193 2.864 2.578 2.329 2.112 1.923 1.757 1.613 1.484 1.366 1.258 1.158
0.000 0.000 0.000 0.000 0.000 0.000 0.000 0.000 0.001 0.002 0.004 0.008 0.015 0.028 0.052 0.089 0.142 0.216 0.320 0.483 0.747 1.141 1.526 1.741 1.802 1.801 1.782 1.738 1.665 1.558 1.412 1.227 1.003 0.761 0.556 0.407 0.320 0.291 0.302 0.422 0.935 2.470 5.426 8.296 9.779 10.170 10.110 9.909 9.621 9.292 8.953 8.632 8.323 8.012 7.688 7.342 6.970 6.581 6.189 5.782 5.356 4.889 4.394 3.924 3.494 3.113 2.777 2.488 2.240 2.028 1.847 1.690 1.553 1.432 1.323 1.224 1.132
0.000 0.000 0.000 0.000 0.000 0.000 0.000 0.000 0.000 0.001 0.001 0.003 0.005 0.010 0.019 0.035 0.059 0.093 0.147 0.247 0.459 0.873 1.416 1.775 1.909 1.923 1.909 1.872 1.808 1.711 1.577 1.400 1.177 0.917 0.678 0.494 0.375 0.323 0.319 0.394 0.769 2.040 4.775 7.790 9.466 10.018 10.020 9.831 9.516 9.139 8.789 8.478 8.189 7.903 7.612 7.294 6.946 6.567 6.174 5.765 5.332 4.866 4.374 3.904 3.466 3.072 2.722 2.422 2.167 1.953 1.773 1.622 1.492 1.379 1.279 1.191 1.110
0.000 0.000 0.000 0.000 0.000 0.000 0.000 0.000 0.000 0.000 0.000 0.001 0.002 0.003 0.006 0.012 0.020 0.034 0.056 0.103 0.227 0.551 1.154 1.702 1.955 2.011 2.006 1.980 1.930 1.852 1.738 1.579 1.368 1.108 0.836 0.617 0.464 0.384 0.365 0.411 0.686 1.682 4.021 7.030 8.858 9.584 9.694 9.575 9.281 8.883 8.506 8.206 7.969 7.747 7.506 7.228 6.915 6.560 6.174 5.763 5.324 4.860 4.373 3.903 3.463 3.059 2.694 2.377 2.109 1.886 1.702 1.551 1.427 1.323 1.235 1.158 1.088
0.000 0.000 0.000 0.000 0.000 0.000 0.000 0.000 0.000 0.000 0.000 0.000 0.001 0.001 0.002 0.005 0.008 0.014 0.023 0.043 0.104 0.301 0.799 1.484 1.909 2.056 2.076 2.065 2.033 1.978 1.890 1.759 1.575 1.329 1.039 0.785 0.600 0.491 0.455 0.476 0.681 1.453 3.313 6.071 7.994 8.874 9.087 9.044 8.834 8.483 8.087 7.779 7.581 7.440 7.294 7.109 6.862 6.547 6.174 5.764 5.324 4.861 4.382 3.915 3.472 3.061 2.685 2.351 2.065 1.827 1.632 1.476 1.354 1.261 1.187 1.123 1.063
0.000 0.000 0.000 0.000 0.000 0.000 0.000 0.000 0.000 0.000 0.000 0.000 0.000 0.001 0.001 0.003 0.005 0.009 0.015 0.025 0.054 0.155 0.468 1.107 1.734 2.034 2.117 2.129 2.118 2.087 2.027 1.927 1.777 1.568 1.288 1.004 0.792 0.659 0.604 0.608 0.755 1.357 2.812 5.106 6.945 7.901 8.203 8.220 8.119 7.881 7.522 7.182 6.988 6.919 6.886 6.839 6.729 6.499 6.162 5.763 5.328 4.876 4.413 3.952 3.502 3.079 2.690 2.340 2.035 1.777 1.565 1.398 1.274 1.187 1.123 1.064 0.998
0.000 0.000 0.000 0.000 0.000 0.000 0.000 0.000 0.000 0.000 0.000 0.000 0.000 0.001 0.001 0.003 0.005 0.009 0.014 0.023 0.040 0.090 0.257 0.700 1.389 1.907 2.121 2.178 2.190 2.179 2.144 2.073 1.956 1.785 1.548 1.265 1.040 0.894 0.825 0.816 0.917 1.375 2.489 4.320 5.930 6.795 7.115 7.181 7.167 7.062 6.818 6.489 6.269 6.228 6.281 6.374 6.414 6.325 6.081 5.729 5.323 4.899 4.466 4.021 3.559 3.116 2.710 2.342 2.016 1.734 1.500 1.317 1.180 1.079 0.996 0.908 0.798
0.000 0.000 0.000 0.000 0.000 0.000 0.000 0.000 0.000 0.000 0.000 0.000 0.000 0.001 0.002 0.004 0.008 0.012 0.018 0.026 0.040 0.069 0.149 0.395 0.944 1.624 2.037 2.197 2.245 2.254 2.239 2.194 2.106 1.968 1.765 1.502 1.274 1.125 1.052 1.040 1.112 1.443 2.264 3.691 5.073 5.839 6.154 6.252 6.266 6.229 6.111 5.894 5.676 5.577 5.596 5.739 5.896 5.931 5.834 5.601 5.276 4.895 4.491 4.060 3.592 3.138 2.726 2.348 2.003 1.695 1.434 1.222 1.046 0.890 0.739 0.588 0.438
0.000 0.000 0.000 0.000 0.000 0.000 0.000 0.000 0.000 0.000 0.000 0.000 0.000 0.002 0.004 0.008 0.014 0.021 0.029 0.037 0.048 0.068 0.110 0.230 0.559 1.190 1.808 2.135 2.266 2.307 2.310 2.287 2.225 2.111 1.934 1.691 1.454 1.292 1.207 1.187 1.233 1.472 2.074 3.158 4.345 5.057 5.381 5.511 5.550 5.548 5.500 5.381 5.212 5.074 5.024 5.076 5.225 5.332 5.341 5.254 5.055 4.757 4.399 3.993 3.545 3.101 2.694 2.317 1.958 1.618 1.312 1.043 0.801 0.583 0.403 0.271 0.177
0.000 0.000 0.000 0.000 0.000 0.000 0.000 0.000 0.000 0.000 0.000 0.000 0.001 0.004 0.009 0.017 0.028 0.041 0.051 0.060 0.068 0.081 0.107 0.169 0.347 0.763 1.396 1.923 2.204 2.322 2.356 2.351 2.307 2.211 2.054 1.833 1.590 1.407 1.298 1.259 1.278 1.439 1.870 2.661 3.680 4.385 4.746 4.909 4.972 4.986 4.971 4.912 4.799 4.662 4.562 4.521 4.540 4.600 4.632 4.616 4.515 4.307 4.003 3.639 3.236 2.827 2.439 2.069 1.707 1.348 1.007 0.701 0.453 0.282 0.175 0.107 0.066
0.000 0.000 0.000 0.000 0.000 0.000 0.000 0.000 0.000 0.000 0.000 0.001 0.003 0.008 0.017 0.032 0.054 0.073 0.087 0.097 0.104 0.111 0.125 0.163 0.264 0.507 0.957 1.533 2.000 2.257 2.362 2.380 2.354 2.270 2.127 1.928 1.689 1.487 1.349 1.279 1.274 1.359 1.630 2.176 3.017 3.753 4.179 4.392 4.482 4.507 4.504 4.473 4.393 4.270 4.141 4.032 3.942 3.871 3.813 3.752 3.656 3.488 3.232 2.907 2.542 2.172 1.809 1.454 1.114 0.795 0.522 0.319 0.187 0.110 0.066 0.041 0.025
0.000 0.000 0.000 0.000 0.000 0.000 0.000 0.000 0.000 0.000 0.000 0.001 0.004 0.012 0.028 0.056 0.092 0.121 0.141 0.154 0.161 0.166 0.171 0.190 0.255 0.405 0.687 1.127 1.653 2.072 2.297 2.374 2.365 2.291 2.158 1.978 1.759 1.546 1.378 1.269 1.219 1.227 1.347 1.698 2.354 3.123 3.634 3.916 4.043 4.077 4.075 4.049 3.981 3.870 3.721 3.557 3.384 3.203 3.014 2.812 2.607 2.390 2.137 1.840 1.517 1.209 0.930 0.683 0.473 0.306 0.187 0.109 0.063 0.038 0.024 0.016 0.010
0.000 0.000 0.000 0.000 0.000 0.000 0.000 0.000 0.000 0.000 0.000 0.001 0.005 0.014 0.034 0.072 0.129 0.182 0.214 0.233 0.244 0.249 0.251 0.259 0.295 0.397 0.590 0.891 1.319 1.791 2.132 2.299 2.332 2.284 2.161 1.994 1.798 1.591 1.398 1.234 1.113 1.056 1.080 1.271 1.724 2.429 3.054 3.433 3.616 3.665 3.661 3.632 3.565 3.451 3.286 3.075 2.826 2.544 2.240 1.945 1.674 1.426 1.188 0.953 0.728 0.532 0.372 0.247 0.156 0.095 0.056 0.034 0.021 0.014 0.010 0.007 0.005
0.000 0.000 0.000 0.000 0.000 0.000 0.000 0.000 0.000 0.000 0.000 0.001 0.005 0.015 0.036 0.077 0.148 0.239 0.304 0.338 0.356 0.366 0.371 0.375 0.393 0.453 0.590 0.814 1.126 1.529 1.900 2.142 2.230 2.219 2.133 1.988 1.811 1.616 1.415 1.217 1.044 0.924 0.883 0.943 1.185 1.673 2.314 2.821 3.097 3.200 3.211 3.184 3.107 2.965 2.747 2.468 2.139 1.777 1.431 1.151 0.925 0.733 0.566 0.421 0.299 0.201 0.129 0.079 0.047 0.028 0.017 0.011 0.008 0.006 0.004 0.003 0.003
0.000 0.000 0.000 0.000 0.000 0.000 0.000 0.000 0.000 0.000 0.000 0.001 0.005 0.014 0.034 0.075 0.150 0.271 0.398 0.471 0.505 0.523 0.533 0.540 0.551 0.582 0.665 0.827 1.064 1.368 1.685 1.928 2.060 2.083 2.045 1.947 1.801 1.623 1.430 1.223 1.022 0.856 0.755 0.729 0.802 1.029 1.441 1.923 2.281 2.462 2.511 2.496 2.405 2.207 1.901 1.548 1.212 0.926 0.705 0.537 0.407 0.305 0.224 0.161 0.109 0.069 0.042 0.024 0.015 0.009 0.006 0.004 0.004 0.003 0.002 0.002 0.002
0.000 0.000 0.000 0.000 0.000 0.000 0.000 0.000 0.000 0.000 0.000 0.001 0.004 0.011 0.029 0.067 0.142 0.276 0.472 0.628 0.697 0.726 0.742 0.753 0.764 0.781 0.824 0.916 1.079 1.302 1.540 1.729 1.852 1.900 1.896 1.851 1.754 1.610 1.435 1.236 1.026 0.836 0.690 0.605 0.579 0.630 0.779 1.018 1.241 1.382 1.439 1.434 1.353 1.177 0.927 0.684 0.497 0.356 0.256 0.186 0.138 0.103 0.077 0.055 0.036 0.022 0.013 0.008 0.005 0.003 0.003 0.002 0.002 0.002 0.001 0.001 0.001
0.000 0.000 0.000 0.000 0.000 0.000 0.000 0.000 0.000 0.000 0.000 0.000 0.002 0.007 0.020 0.051 0.122 0.262 0.499 0.773 0.928 0.983 1.003 1.017 1.027 1.036 1.050 1.082 1.156 1.286 1.448 1.578 1.663 1.707 1.718 1.708 1.659 1.563 1.421 1.246 1.046 0.842 0.670 0.543 0.463 0.425 0.427 0.477 0.545 0.587 0.601 0.593 0.551 0.461 0.336 0.228 0.153 0.104 0.072 0.053 0.041 0.032 0.024 0.017 0.011 0.007 0.004 0.003 0.002 0.002 0.001 0.001 0.001 0.001 0.001 0.001 0.001
0.000 0.000 0.000 0.000 0.000 0.000 0.000 0.000 0.000 0.000 0.000 0.000 0.001 0.004 0.011 0.034 0.094 0.228 0.479 0.846 1.128 1.249 1.283 1.293 1.295 1.286 1.266 1.252 1.266 1.308 1.382 1.452 1.498 1.523 1.535 1.537 1.523 1.474 1.379 1.238 1.062 0.862 0.670 0.516 0.401 0.321 0.267 0.238 0.225 0.215 0.207 0.196 0.176 0.142 0.098 0.064 0.042 0.028 0.019 0.014 0.011 0.009 0.007 0.005 0.003 0.002 0.001 0.001 0.001 0.001 0.001 0.001 0.001 0.001 0.001 0.001 0.001
0.000 0.000 0.000 0.000 0.000 0.000 0.000 0.000 0.000 0.000 0.000 0.001 0.001 0.003 0.007 0.022 0.066 0.182 0.431 0.836 1.234 1.448 1.514 1.522 1.513 1.483 1.426 1.366 1.333 1.320 1.327 1.339 1.342 1.342 1.346 1.355 1.358 1.343 1.293 1.197 1.053 0.870 0.670 0.494 0.358 0.257 0.184 0.135 0.104 0.085 0.072 0.062 0.052 0.040 0.027 0.017 0.011 0.007 0.005 0.004 0.003 0.002 0.002 0.001 0.001 0.001 0.001 0.001 0.001 0.001 0.001 0.001 0.001 0.000 0.000 0.000 0.000
0.001 0.002 0.002 0.002 0.002 0.002 0.002 0.002 0.002 0.001 0.001 0.002 0.002 0.003 0.006 0.014 0.043 0.130 0.349 0.759 1.242 1.546 1.675 1.692 1.674 1.622 1.534 1.438 1.366 1.315 1.274 1.235 1.193 1.157 1.141 1.141 1.147 1.150 1.133 1.081 0.983 0.838 0.653 0.464 0.313 0.204 0.130 0.082 0.053 0.037 0.027 0.020 0.015 0.011 0.007 0.004 0.003 0.002 0.001 0.001 0.001 0.001 0.001 0.001 0.001 0.001 0.001 0.001 0.001 0.001 0.000 0.000 0.000 0.000 0.000 0.000 0.000
0.004 0.005 0.005 0.005 0.004 0.004 0.003 0.003 0.003 0.003 0.003 0.003 0.004 0.005 0.007 0.012 0.026 0.074 0.228 0.582 1.119 1.536 1.735 1.782 1.764 1.699 1.594 1.475 1.378 1.296 1.218 1.138 1.050 0.962 0.894 0.855 0.845 0.850 0.852 0.837 0.790 0.704 0.570 0.401 0.254 0.152 0.087 0.050 0.029 0.017 0.010 0.007 0.004 0.003 0.002 0.001 0.001 0.001 0.000 0.000 0.000 0.000 0.000 0.000 0.000 0.001 0.001 0.001 0.001 0.000 0.000 0.000 0.000 0.000 0.000 0.000 0.000
0.008 0.008 0.008 0.007 0.006 0.005 0.004 0.004 0.004 0.004 0.005 0.006 0.007 0.009 0.010 0.012 0.018 0.036 0.103 0.312 0.769 1.311 1.649 1.776 1.778 1.720 1.614 1.487 1.374 1.267 1.158 1.040 0.903 0.749 0.620 0.538 0.498 0.483 0.476 0.473 0.464 0.439 0.381 0.280 0.169 0.094 0.051 0.028 0.015 0.008 0.004 0.002 0.001 0.001 0.001 0.000 0.000 0.000 0.000 0.000 0.000 0.000 0.000 0.000 0.000 0.000 0.001 0.001 0.001 0.001 0.000 0.000 0.000 0.000 0.000 0.000 0.000
0.011 0.011 0.009 0.008 0.007 0.006 0.005 0.005 0.005 0.006 0.007 0.008 0.009 0.010 0.011 0.012 0.015 0.023 0.045 0.116 0.323 0.755 1.233 1.534 1.642 1.641 1.574 1.463 1.341 1.216 1.077 0.917 0.726 0.536 0.392 0.301 0.250 0.225 0.212 0.204 0.198 0.190 0.173 0.137 0.085 0.048 0.026 0.014 0.007 0.003 0.002 0.001 0.001 0.001 0.000 0.000 0.000 0.000 0.000 0.000 0.000 0.000 0.000 0.000 0.000 0.000 0.001 0.001 0.001 0.000 0.000 0.000 0.000 0.000 0.000 0.000 0.000
