RESULTS/r.avaflow_results/11_results/11_ascii/11_hflow10005.asc
ncols 506
nrows 317
xllcenter 498237.50
yllcenter 5580050.00
cellsize 12.50
NODATA_value -9999.000
[rows 170 to 203 of 317, columns 77 to 153 of 506]
0.000 0.000 0.000 0.000 0.000 0.000 0.000 0.000 0.000 0.000 0.000 0.000 0.000 0.000 0.000 0.000 0.000 0.000 0.000 0.000 0.000 0.000 0.000 0.000 0.000 0.000 0.000 0.000 0.000 0.000 0.000 0.000 0.000 0.000 0.000 0.000 0.000 0.000 0.000 0.000 0.000 0.000 0.000 0.000 0.000 0.001 0.002 0.006 0.012 0.025 0.051 0.080 0.092 0.094 0.086 0.054 0.021 0.007 0.003 0.001 0.000 0.000 0.000 0.000 0.000 0.000 0.000 0.000 0.000 0.000 0.000 0.000 0.000 0.000 0.000 0.000 0.000
0.000 0.000 0.000 0.000 0.000 0.000 0.000 0.000 0.000 0.000 0.000 0.000 0.000 0.000 0.000 0.000 0.000 0.000 0.000 0.000 0.000 0.000 0.000 0.000 0.000 0.000 0.000 0.000 0.000 0.000 0.000 0.000 0.000 0.000 0.000 0.000 0.000 0.000 0.000 0.000 0.000 0.000 0.000 0.000 0.001 0.003 0.008 0.019 0.041 0.082 0.162 0.244 0.282 0.291 0.272 0.187 0.076 0.026 0.009 0.003 0.001 0.000 0.000 0.000 0.000 0.000 0.000 0.000 0.000 0.000 0.000 0.000 0.000 0.000 0.000 0.000 0.000
0.000 0.000 0.000 0.000 0.000 0.000 0.000 0.000 0.000 0.000 0.000 0.000 0.000 0.000 0.000 0.000 0.000 0.000 0.000 0.000 0.000 0.000 0.000 0.000 0.000 0.000 0.000 0.000 0.000 0.000 0.000 0.000 0.000 0.000 0.000 0.000 0.000 0.000 0.000 0.000 0.000 0.000 0.001 0.002 0.005 0.012 0.030 0.064 0.128 0.242 0.444 0.626 0.711 0.731 0.692 0.508 0.227 0.079 0.026 0.009 0.003 0.001 0.000 0.000 0.000 0.000 0.000 0.000 0.000 0.000 0.000 0.000 0.000 0.000 0.000 0.000 0.000
0.000 0.000 0.000 0.000 0.000 0.000 0.000 0.000 0.000 0.000 0.000 0.000 0.000 0.000 0.000 0.000 0.000 0.000 0.000 0.000 0.000 0.000 0.000 0.000 0.000 0.000 0.000 0.000 0.000 0.000 0.000 0.000 0.000 0.000 0.000 0.000 0.000 0.000 0.000 0.000 0.001 0.001 0.003 0.007 0.018 0.043 0.098 0.199 0.365 0.625 1.034 1.353 1.495 1.523 1.437 1.100 0.541 0.201 0.065 0.021 0.007 0.002 0.001 0.000 0.000 0.000 0.000 0.000 0.000 0.000 0.000 0.000 0.000 0.000 0.000 0.000 0.000
0.000 0.000 0.000 0.000 0.000 0.000 0.000 0.000 0.000 0.000 0.000 0.000 0.000 0.000 0.000 0.000 0.000 0.000 0.000 0.000 0.000 0.000 0.000 0.000 0.000 0.000 0.000 0.000 0.000 0.000 0.000 0.000 0.000 0.000 0.000 0.000 0.000 0.000 0.001 0.002 0.003 0.006 0.011 0.025 0.058 0.135 0.289 0.548 0.913 1.394 2.015 2.463 2.659 2.689 2.521 1.971 1.052 0.422 0.143 0.045 0.015 0.005 0.002 0.000 0.000 0.000 0.000 0.000 0.000 0.000 0.000 0.000 0.000 0.000 0.000 0.000 0.000
0.000 0.000 0.000 0.000 0.000 0.000 0.000 0.000 0.000 0.000 0.000 0.000 0.000 0.000 0.000 0.000 0.000 0.000 0.000 0.000 0.000 0.000 0.000 0.000 0.000 0.000 0.000 0.000 0.000 0.000 0.000 0.000 0.000 0.000 0.001 0.001 0.002 0.002 0.004 0.006 0.010 0.017 0.034 0.074 0.168 0.372 0.745 1.299 1.966 2.639 3.299 3.715 3.842 3.803 3.532 2.852 1.684 0.742 0.272 0.089 0.029 0.010 0.003 0.001 0.000 0.000 0.000 0.000 0.000 0.000 0.000 0.000 0.000 0.000 0.000 0.000 0.000
0.000 0.000 0.000 0.000 0.000 0.000 0.000 0.000 0.000 0.000 0.000 0.000 0.000 0.000 0.000 0.000 0.000 0.000 0.000 0.000 0.000 0.000 0.000 0.000 0.000 0.000 0.000 0.000 0.000 0.000 0.000 0.001 0.001 0.002 0.003 0.004 0.005 0.008 0.011 0.017 0.027 0.048 0.093 0.200 0.436 0.897 1.641 2.610 3.557 4.258 4.690 4.879 4.890 4.752 4.368 3.581 2.275 1.124 0.458 0.160 0.053 0.018 0.006 0.002 0.001 0.000 0.000 0.000 0.000 0.000 0.000 0.000 0.000 0.000 0.000 0.000 0.000
0.000 0.000 0.000 0.000 0.000 0.000 0.000 0.000 0.000 0.000 0.000 0.000 0.000 0.000 0.000 0.000 0.000 0.000 0.000 0.000 0.000 0.000 0.000 0.000 0.000 0.000 0.000 0.000 0.000 0.001 0.002 0.003 0.005 0.006 0.008 0.011 0.015 0.020 0.029 0.043 0.068 0.119 0.232 0.483 0.990 1.859 3.093 4.384 5.344 5.876 6.069 6.092 6.011 5.755 5.236 4.309 2.860 1.563 0.713 0.271 0.094 0.032 0.012 0.004 0.002 0.001 0.000 0.000 0.000 0.000 0.000 0.000 0.000 0.000 0.000 0.000 0.000
0.000 0.000 0.000 0.000 0.000 0.000 0.000 0.000 0.000 0.000 0.000 0.000 0.000 0.000 0.000 0.000 0.000 0.000 0.000 0.000 0.000 0.000 0.000 0.000 0.000 0.000 0.000 0.000 0.001 0.003 0.006 0.009 0.013 0.017 0.022 0.028 0.036 0.048 0.067 0.099 0.156 0.272 0.522 1.035 1.959 3.332 4.890 6.101 6.826 7.213 7.329 7.314 7.080 6.642 5.990 5.018 3.573 2.170 1.113 0.467 0.173 0.062 0.024 0.011 0.005 0.003 0.002 0.001 0.000 0.000 0.000 0.000 0.000 0.000 0.000 0.000 0.000
0.000 0.000 0.000 0.000 0.000 0.000 0.000 0.000 0.000 0.000 0.000 0.000 0.000 0.000 0.000 0.000 0.000 0.000 0.000 0.000 0.000 0.000 0.000 0.000 0.000 0.000 0.000 0.002 0.004 0.009 0.015 0.023 0.032 0.042 0.051 0.063 0.080 0.106 0.146 0.214 0.335 0.570 1.051 1.970 3.427 5.143 6.550 7.443 7.952 8.199 8.248 8.146 7.712 7.065 6.289 5.368 4.298 3.138 1.898 0.893 0.371 0.152 0.069 0.038 0.024 0.016 0.010 0.006 0.003 0.001 0.001 0.000 0.000 0.000 0.000 0.000 0.000
0.000 0.000 0.000 0.000 0.000 0.000 0.000 0.000 0.000 0.000 0.000 0.000 0.000 0.000 0.000 0.000 0.000 0.000 0.000 0.000 0.000 0.000 0.000 0.000 0.000 0.000 0.002 0.005 0.011 0.021 0.036 0.055 0.074 0.092 0.111 0.134 0.166 0.217 0.297 0.429 0.657 1.078 1.878 3.341 5.297 6.859 7.807 8.352 8.641 8.756 8.711 8.461 7.886 7.114 6.273 5.310 4.458 3.772 2.941 1.835 0.931 0.470 0.267 0.177 0.129 0.093 0.062 0.037 0.019 0.009 0.004 0.002 0.001 0.000 0.000 0.000 0.000
0.000 0.000 0.000 0.000 0.000 0.000 0.000 0.000 0.000 0.000 0.000 0.000 0.000 0.000 0.000 0.000 0.000 0.000 0.000 0.000 0.000 0.000 0.000 0.000 0.000 0.001 0.005 0.011 0.024 0.047 0.080 0.119 0.154 0.188 0.224 0.266 0.326 0.419 0.566 0.797 1.177 1.838 2.989 4.894 6.925 8.097 8.612 8.821 8.915 8.935 8.808 8.470 7.852 7.001 6.040 4.999 4.198 3.685 3.257 2.696 1.999 1.401 0.998 0.761 0.612 0.482 0.351 0.215 0.110 0.049 0.020 0.008 0.003 0.001 0.000 0.000 0.000
0.000 0.000 0.000 0.000 0.000 0.000 0.000 0.000 0.000 0.000 0.000 0.000 0.000 0.000 0.000 0.000 0.000 0.000 0.000 0.000 0.000 0.000 0.000 0.000 0.001 0.003 0.010 0.023 0.049 0.095 0.161 0.238 0.304 0.365 0.429 0.506 0.613 0.771 1.012 1.377 1.940 2.879 4.431 6.363 7.948 8.733 8.960 8.983 8.959 8.900 8.701 8.265 7.511 6.503 5.385 4.282 3.446 2.996 2.803 2.642 2.446 2.282 2.154 2.020 1.857 1.653 1.365 0.965 0.532 0.240 0.098 0.037 0.014 0.006 0.002 0.001 0.000
0.000 0.000 0.000 0.000 0.000 0.000 0.000 0.000 0.000 0.000 0.000 0.000 0.000 0.000 0.000 0.000 0.000 0.000 0.000 0.000 0.000 0.000 0.000 0.001 0.003 0.008 0.019 0.043 0.089 0.172 0.296 0.442 0.563 0.672 0.785 0.920 1.101 1.356 1.720 2.235 2.991 4.313 6.124 7.534 8.387 8.842 8.978 8.969 8.863 8.627 8.161 7.351 6.188 4.962 3.796 2.812 2.123 1.793 1.766 1.893 2.081 2.223 2.303 2.338 2.330 2.271 2.108 1.792 1.304 0.777 0.372 0.151 0.059 0.023 0.009 0.004 0.001
0.000 0.000 0.000 0.000 0.000 0.000 0.000 0.000 0.000 0.000 0.000 0.000 0.000 0.000 0.000 0.000 0.000 0.000 0.000 0.000 0.000 0.000 0.001 0.002 0.006 0.015 0.034 0.073 0.148 0.287 0.503 0.763 0.985 1.179 1.373 1.595 1.887 2.278 2.791 3.457 4.406 5.919 7.373 8.103 8.443 8.638 8.696 8.592 8.222 7.543 6.383 4.868 3.512 2.604 2.016 1.639 1.432 1.329 1.293 1.316 1.463 1.709 1.933 2.053 2.090 2.077 1.983 1.765 1.438 1.082 0.746 0.429 0.203 0.088 0.037 0.015 0.006
0.000 0.000 0.000 0.000 0.000 0.000 0.000 0.000 0.000 0.000 0.000 0.000 0.000 0.000 0.000 0.000 0.000 0.000 0.000 0.000 0.000 0.000 0.002 0.005 0.011 0.026 0.056 0.114 0.226 0.442 0.797 1.242 1.635 1.971 2.296 2.651 3.091 3.657 4.356 5.142 6.012 7.088 7.858 8.146 8.216 8.031 7.624 6.894 5.922 4.784 3.600 2.592 1.939 1.529 1.286 1.170 1.128 1.122 1.151 1.203 1.292 1.439 1.587 1.666 1.690 1.683 1.620 1.470 1.259 1.052 0.858 0.661 0.453 0.264 0.137 0.064 0.028
0.000 0.000 0.000 0.000 0.000 0.000 0.000 0.000 0.000 0.000 0.000 0.000 0.000 0.000 0.000 0.000 0.000 0.000 0.000 0.000 0.000 0.001 0.004 0.009 0.021 0.044 0.088 0.171 0.324 0.609 1.088 1.720 2.365 2.951 3.507 4.059 4.655 5.344 6.074 6.705 7.177 7.579 7.835 7.787 7.369 6.360 4.939 3.735 3.048 2.576 2.102 1.656 1.315 1.095 0.981 0.940 0.940 0.969 1.041 1.142 1.259 1.381 1.480 1.535 1.551 1.543 1.481 1.352 1.191 1.037 0.898 0.773 0.654 0.519 0.364 0.219 0.114
0.000 0.000 0.000 0.000 0.000 0.000 0.000 0.000 0.000 0.000 0.000 0.000 0.000 0.000 0.000 0.000 0.000 0.000 0.000 0.000 0.001 0.004 0.009 0.019 0.038 0.074 0.138 0.249 0.440 0.763 1.279 1.985 2.793 3.605 4.389 5.127 5.840 6.568 7.194 7.537 7.617 7.563 7.281 6.488 5.146 3.718 2.674 2.139 1.859 1.646 1.429 1.200 1.009 0.875 0.805 0.789 0.803 0.851 0.938 1.062 1.211 1.347 1.435 1.479 1.492 1.477 1.416 1.317 1.199 1.083 0.986 0.899 0.816 0.730 0.630 0.494 0.328
0.000 0.000 0.000 0.000 0.000 0.000 0.000 0.000 0.000 0.000 0.000 0.000 0.000 0.000 0.000 0.000 0.000 0.000 0.000 0.001 0.004 0.009 0.019 0.037 0.069 0.124 0.216 0.364 0.591 0.931 1.425 2.101 2.937 3.867 4.822 5.696 6.455 7.105 7.531 7.634 7.452 6.847 5.549 4.054 2.936 2.265 1.798 1.494 1.321 1.195 1.072 0.944 0.825 0.731 0.684 0.678 0.698 0.757 0.855 0.986 1.133 1.282 1.394 1.433 1.432 1.409 1.353 1.277 1.188 1.091 1.020 0.971 0.924 0.873 0.801 0.697 0.553
0.000 0.000 0.000 0.000 0.000 0.000 0.000 0.000 0.000 0.000 0.000 0.000 0.000 0.000 0.000 0.000 0.000 0.000 0.001 0.003 0.009 0.020 0.040 0.072 0.124 0.210 0.344 0.539 0.802 1.146 1.592 2.188 2.961 3.892 4.920 5.838 6.549 7.015 7.181 6.914 6.076 4.656 3.243 2.454 2.046 1.708 1.378 1.134 0.998 0.916 0.842 0.764 0.684 0.619 0.585 0.580 0.598 0.656 0.769 0.924 1.064 1.169 1.255 1.298 1.294 1.265 1.226 1.183 1.132 1.068 1.011 0.975 0.953 0.940 0.912 0.835 0.697
0.000 0.000 0.000 0.000 0.000 0.000 0.000 0.000 0.000 0.000 0.000 0.000 0.000 0.000 0.000 0.000 0.000 0.001 0.003 0.008 0.020 0.043 0.081 0.139 0.228 0.363 0.555 0.802 1.100 1.445 1.833 2.299 2.942 3.833 4.837 5.624 6.023 6.045 5.532 4.533 3.426 2.565 2.121 1.874 1.649 1.396 1.125 0.919 0.794 0.723 0.672 0.622 0.564 0.520 0.500 0.496 0.511 0.566 0.669 0.825 0.979 1.056 1.078 1.081 1.071 1.031 0.971 0.961 0.977 0.990 0.976 0.959 0.955 0.966 0.969 0.927 0.801
0.000 0.000 0.000 0.000 0.000 0.000 0.000 0.000 0.000 0.000 0.000 0.000 0.000 0.000 0.000 0.000 0.001 0.002 0.007 0.018 0.042 0.087 0.159 0.267 0.422 0.638 0.909 1.205 1.510 1.791 2.052 2.364 2.859 3.634 4.376 4.738 4.568 3.884 3.023 2.371 2.024 1.850 1.727 1.587 1.409 1.176 0.932 0.760 0.656 0.596 0.554 0.512 0.468 0.436 0.422 0.418 0.433 0.495 0.613 0.748 0.873 0.953 0.979 0.977 0.951 0.894 0.840 0.820 0.816 0.845 0.893 0.928 0.958 0.996 1.010 0.986 0.877
0.000 0.000 0.000 0.000 0.000 0.000 0.000 0.000 0.000 0.000 0.000 0.000 0.000 0.000 0.000 0.000 0.001 0.004 0.012 0.034 0.080 0.165 0.302 0.506 0.786 1.129 1.459 1.712 1.895 2.025 2.141 2.324 2.671 3.139 3.381 3.164 2.632 2.081 1.777 1.660 1.610 1.562 1.494 1.387 1.227 1.009 0.797 0.652 0.560 0.503 0.459 0.415 0.374 0.351 0.343 0.344 0.367 0.436 0.565 0.701 0.792 0.845 0.864 0.865 0.850 0.801 0.759 0.747 0.752 0.779 0.838 0.909 0.977 1.034 1.060 1.045 0.949
0.000 0.000 0.000 0.000 0.000 0.000 0.000 0.000 0.000 0.000 0.000 0.000 0.000 0.000 0.000 0.000 0.001 0.004 0.014 0.045 0.121 0.273 0.529 0.904 1.327 1.684 1.908 2.023 2.081 2.105 2.122 2.177 2.292 2.306 2.097 1.760 1.502 1.407 1.410 1.415 1.413 1.396 1.346 1.247 1.085 0.875 0.693 0.564 0.477 0.419 0.377 0.339 0.305 0.284 0.278 0.281 0.305 0.370 0.496 0.630 0.712 0.751 0.767 0.769 0.756 0.717 0.684 0.674 0.685 0.740 0.824 0.902 0.987 1.056 1.082 1.072 0.996
0.000 0.000 0.000 0.000 0.000 0.000 0.000 0.000 0.000 0.000 0.000 0.000 0.000 0.000 0.000 0.000 0.001 0.004 0.014 0.047 0.136 0.332 0.691 1.203 1.647 1.926 2.062 2.105 2.108 2.076 1.987 1.851 1.628 1.376 1.174 1.072 1.116 1.203 1.269 1.292 1.297 1.289 1.245 1.141 0.976 0.782 0.624 0.500 0.414 0.359 0.319 0.287 0.259 0.242 0.236 0.239 0.262 0.323 0.435 0.563 0.642 0.677 0.684 0.680 0.665 0.629 0.603 0.595 0.614 0.694 0.808 0.892 0.977 1.050 1.069 1.052 0.984
0.000 0.000 0.000 0.000 0.000 0.000 0.000 0.000 0.000 0.000 0.000 0.000 0.000 0.000 0.000 0.000 0.001 0.003 0.013 0.046 0.137 0.347 0.739 1.279 1.692 1.934 2.037 2.051 1.990 1.837 1.559 1.195 0.894 0.775 0.784 0.882 1.012 1.122 1.186 1.213 1.221 1.215 1.168 1.049 0.879 0.711 0.563 0.445 0.363 0.311 0.273 0.242 0.219 0.205 0.200 0.203 0.222 0.278 0.383 0.505 0.584 0.620 0.628 0.620 0.589 0.547 0.525 0.524 0.555 0.650 0.774 0.857 0.921 0.968 0.979 0.957 0.902
0.000 0.000 0.000 0.000 0.000 0.000 0.000 0.000 0.000 0.000 0.000 0.000 0.000 0.000 0.000 0.000 0.001 0.004 0.014 0.048 0.143 0.362 0.764 1.253 1.592 1.759 1.795 1.705 1.461 1.139 0.817 0.587 0.511 0.561 0.696 0.859 0.984 1.064 1.112 1.137 1.146 1.137 1.078 0.957 0.808 0.664 0.526 0.414 0.337 0.285 0.247 0.217 0.195 0.182 0.175 0.176 0.194 0.249 0.352 0.470 0.547 0.578 0.581 0.569 0.530 0.490 0.473 0.476 0.519 0.621 0.722 0.776 0.812 0.831 0.828 0.795 0.742
0.000 0.000 0.000 0.000 0.000 0.000 0.000 0.000 0.000 0.000 0.000 0.000 0.000 0.000 0.000 0.001 0.002 0.007 0.022 0.069 0.190 0.452 0.841 1.161 1.313 1.333 1.207 0.939 0.675 0.498 0.397 0.361 0.398 0.524 0.720 0.871 0.969 1.034 1.079 1.107 1.111 1.088 1.008 0.890 0.771 0.640 0.499 0.392 0.318 0.266 0.227 0.196 0.173 0.160 0.156 0.157 0.171 0.221 0.326 0.442 0.513 0.543 0.545 0.527 0.486 0.453 0.439 0.442 0.488 0.601 0.703 0.752 0.774 0.785 0.781 0.745 0.691
0.000 0.000 0.000 0.000 0.000 0.000 0.000 0.000 0.000 0.000 0.000 0.000 0.000 0.000 0.000 0.001 0.003 0.013 0.041 0.120 0.312 0.660 0.952 1.076 1.089 0.989 0.738 0.493 0.365 0.307 0.292 0.315 0.394 0.556 0.763 0.889 0.964 1.017 1.052 1.071 1.075 1.040 0.949 0.843 0.743 0.624 0.481 0.376 0.306 0.257 0.217 0.185 0.161 0.147 0.142 0.143 0.155 0.199 0.298 0.417 0.485 0.510 0.511 0.493 0.455 0.432 0.424 0.431 0.475 0.581 0.683 0.736 0.756 0.761 0.755 0.723 0.680
0.000 0.000 0.000 0.000 0.000 0.000 0.000 0.000 0.000 0.000 0.000 0.000 0.000 0.000 0.001 0.002 0.006 0.023 0.070 0.193 0.464 0.822 0.996 1.031 0.984 0.793 0.515 0.352 0.290 0.273 0.279 0.322 0.431 0.616 0.798 0.912 0.986 1.028 1.052 1.062 1.050 0.993 0.898 0.813 0.723 0.603 0.465 0.366 0.301 0.255 0.215 0.180 0.155 0.140 0.135 0.135 0.145 0.185 0.276 0.392 0.458 0.482 0.484 0.464 0.432 0.419 0.417 0.429 0.475 0.576 0.669 0.718 0.741 0.746 0.737 0.710 0.676
0.000 0.000 0.000 0.000 0.000 0.000 0.000 0.000 0.000 0.000 0.000 0.000 0.000 0.000 0.001 0.003 0.011 0.037 0.110 0.281 0.612 0.909 1.009 1.003 0.889 0.625 0.404 0.310 0.281 0.278 0.295 0.357 0.500 0.705 0.850 0.940 1.009 1.059 1.080 1.080 1.045 0.958 0.874 0.802 0.718 0.595 0.456 0.360 0.298 0.254 0.216 0.181 0.154 0.139 0.133 0.132 0.141 0.176 0.260 0.371 0.436 0.459 0.460 0.442 0.417 0.411 0.413 0.431 0.480 0.577 0.665 0.703 0.719 0.725 0.716 0.691 0.664
0.000 0.000 0.000 0.000 0.000 0.000 0.000 0.000 0.000 0.000 0.000 0.000 0.000 0.000 0.001 0.005 0.019 0.061 0.169 0.408 0.769 0.981 1.025 0.978 0.779 0.506 0.366 0.312 0.296 0.300 0.333 0.426 0.612 0.827 0.939 0.994 1.042 1.087 1.116 1.114 1.057 0.956 0.881 0.816 0.730 0.598 0.456 0.361 0.299 0.255 0.217 0.183 0.154 0.138 0.131 0.129 0.137 0.170 0.248 0.354 0.417 0.439 0.438 0.423 0.408 0.406 0.412 0.440 0.498 0.584 0.658 0.689 0.691 0.684 0.664 0.631 0.601
0.000 0.000 0.000 0.000 0.000 0.000 0.000 0.000 0.000 0.000 0.000 0.000 0.000 0.001 0.002 0.009 0.033 0.101 0.266 0.596 0.936 1.064 1.064 0.949 0.677 0.462 0.371 0.337 0.331 0.340 0.391 0.522 0.764 0.978 1.071 1.111 1.139 1.162 1.174 1.163 1.078 0.974 0.907 0.846 0.763 0.624 0.473 0.378 0.315 0.266 0.222 0.184 0.155 0.137 0.129 0.127 0.134 0.165 0.242 0.344 0.404 0.424 0.422 0.409 0.401 0.403 0.418 0.460 0.527 0.595 0.642 0.662 0.654 0.612 0.550 0.493 0.447
0.000 0.000 0.000 0.000 0.000 0.000 0.000 0.000 0.000 0.000 0.000 0.000 0.000 0.001 0.005 0.018 0.061 0.178 0.447 0.862 1.125 1.189 1.154 0.956 0.649 0.477 0.407 0.386 0.384 0.405 0.483 0.667 0.965 1.178 1.265 1.289 1.300 1.316 1.319 1.266 1.120 1.017 0.959 0.897 0.805 0.649 0.483 0.381 0.318 0.268 0.224 0.186 0.155 0.136 0.127 0.125 0.131 0.161 0.238 0.341 0.397 0.414 0.411 0.397 0.393 0.398 0.423 0.476 0.537 0.581 0.601 0.594 0.557 0.471 0.360 0.280 0.227
