RESULTS/r.avaflow_results/11_results/11_ascii/11_hflow_max0055.asc
ncols 506
nrows 317
xllcenter 498237.50
yllcenter 5580050.00
cellsize 12.50
NODATA_value -9999.000
[rows 170 to 203 of 317, columns 77 to 153 of 506]
0.000 0.000 0.000 0.000 0.000 0.000 0.000 0.001 0.002 0.003 0.006 0.010 0.018 0.032 0.047 0.058 0.066 0.071 0.076 0.080 0.087 0.108 0.142 0.190 0.241 0.280 0.303 0.322 0.344 0.363 0.378 0.389 0.405 0.431 0.467 0.513 0.556 0.592 0.623 0.661 0.699 0.731 0.774 0.879 1.075 1.519 2.032 2.569 3.202 4.028 5.080 6.262 7.292 8.000 8.437 9.492 11.537 14.895 19.260 24.208 28.966 32.439 34.359 34.916 34.558 33.558 32.345 30.877 29.269 27.621 25.866 24.122 22.836 22.074 21.499 21.023 20.534
0.000 0.000 0.000 0.000 0.000 0.000 0.001 0.002 0.005 0.009 0.015 0.026 0.044 0.071 0.098 0.118 0.130 0.141 0.151 0.162 0.178 0.208 0.258 0.309 0.342 0.369 0.393 0.419 0.445 0.466 0.482 0.496 0.521 0.556 0.605 0.673 0.740 0.800 0.863 0.948 1.049 1.154 1.277 1.515 2.050 2.763 3.469 4.224 5.078 5.987 6.903 7.726 8.316 8.656 9.254 11.105 13.354 16.938 21.486 26.280 30.434 33.276 34.960 35.340 34.871 33.991 32.662 30.984 29.245 27.604 26.117 25.021 24.283 23.784 23.479 23.407 23.475
0.000 0.000 0.000 0.000 0.000 0.000 0.002 0.005 0.010 0.018 0.030 0.048 0.076 0.111 0.150 0.187 0.216 0.238 0.258 0.281 0.312 0.361 0.413 0.442 0.448 0.468 0.498 0.532 0.563 0.587 0.606 0.628 0.664 0.709 0.773 0.861 0.959 1.056 1.174 1.340 1.580 1.812 2.055 2.608 3.558 4.436 5.279 6.113 6.920 7.635 8.206 8.644 8.890 8.978 9.630 11.753 14.102 17.567 22.281 27.136 31.230 33.876 34.820 35.152 34.814 33.953 32.540 30.841 29.209 27.847 26.731 25.902 25.272 24.879 24.794 25.147 25.821
0.000 0.000 0.000 0.000 0.000 0.001 0.003 0.008 0.015 0.026 0.041 0.064 0.095 0.135 0.182 0.235 0.292 0.343 0.385 0.424 0.468 0.515 0.546 0.556 0.555 0.581 0.623 0.665 0.700 0.729 0.755 0.790 0.837 0.896 0.974 1.081 1.214 1.370 1.572 2.004 2.582 2.915 3.174 4.376 5.457 6.336 7.081 7.745 8.324 8.786 9.085 9.208 9.196 9.196 9.746 11.521 13.826 17.225 21.963 26.906 31.120 33.810 34.789 34.619 34.330 33.471 32.120 30.574 29.179 28.082 27.164 26.359 25.675 25.421 25.683 26.405 27.396
0.000 0.000 0.000 0.000 0.000 0.001 0.004 0.009 0.018 0.030 0.047 0.071 0.105 0.148 0.202 0.267 0.346 0.430 0.500 0.556 0.605 0.642 0.661 0.666 0.667 0.714 0.769 0.820 0.862 0.899 0.938 0.986 1.046 1.118 1.216 1.348 1.528 1.764 2.090 3.159 4.058 4.519 5.056 6.361 7.323 8.019 8.545 8.973 9.308 9.617 10.143 10.273 9.989 9.682 10.031 10.969 12.908 16.339 21.004 26.005 30.311 33.031 34.071 34.085 33.514 32.630 31.581 30.370 29.214 28.202 27.276 26.347 25.714 25.513 26.034 26.919 27.902
0.000 0.000 0.000 0.000 0.000 0.001 0.004 0.010 0.018 0.031 0.049 0.074 0.109 0.155 0.214 0.287 0.378 0.490 0.597 0.675 0.729 0.764 0.780 0.784 0.805 0.871 0.940 1.009 1.192 1.359 1.452 1.490 1.501 1.498 1.503 1.679 1.927 2.254 2.715 4.110 5.434 6.258 6.698 7.991 8.844 9.366 9.664 9.853 11.168 12.055 12.405 12.438 11.876 10.668 10.347 10.872 12.279 15.187 19.807 24.920 29.170 31.767 32.745 33.054 32.616 31.939 31.024 29.963 28.911 27.932 27.003 26.093 25.342 25.069 25.594 26.576 27.578
0.000 0.000 0.000 0.000 0.000 0.001 0.004 0.010 0.018 0.031 0.049 0.075 0.110 0.158 0.219 0.296 0.394 0.520 0.667 0.784 0.854 0.892 0.909 0.912 0.965 1.054 1.210 1.696 2.087 2.310 2.391 2.391 2.350 2.281 2.177 2.071 2.343 2.736 3.237 4.653 6.366 7.649 8.306 9.258 10.024 10.373 10.903 12.242 13.261 13.839 14.007 13.850 13.110 12.094 10.790 10.896 11.855 14.203 18.764 23.853 27.874 30.126 31.132 31.414 31.023 30.460 29.708 28.767 27.751 26.753 25.744 24.769 24.140 24.131 24.686 25.607 26.631
0.000 0.000 0.000 0.000 0.000 0.001 0.004 0.009 0.018 0.030 0.048 0.073 0.109 0.158 0.219 0.298 0.398 0.529 0.703 0.875 0.981 1.032 1.054 1.059 1.157 1.270 1.679 2.506 3.090 3.371 3.453 3.432 3.317 3.090 2.792 2.550 2.696 3.122 3.675 4.883 6.909 8.627 9.724 10.338 10.888 11.516 13.133 14.329 15.082 15.362 15.306 14.793 14.096 13.030 11.379 10.980 11.649 13.643 17.747 22.719 26.229 27.880 28.962 29.183 28.791 28.236 27.546 26.616 25.555 24.509 23.455 22.502 21.970 22.185 23.000 24.174 25.418
0.000 0.000 0.000 0.000 0.000 0.001 0.003 0.008 0.015 0.027 0.043 0.068 0.105 0.154 0.217 0.295 0.397 0.529 0.709 0.930 1.108 1.195 1.224 1.246 1.383 1.525 2.049 3.085 3.926 4.359 4.478 4.442 4.223 3.810 3.344 3.012 2.975 3.409 3.996 4.958 7.162 9.189 10.746 11.718 12.407 13.095 14.322 15.494 16.116 16.269 16.104 15.610 14.769 13.649 12.162 10.986 11.485 13.208 16.726 20.816 23.545 25.061 25.795 25.967 25.609 25.041 24.362 23.617 22.656 21.570 20.506 19.706 19.454 19.911 20.961 22.335 23.789
0.000 0.000 0.000 0.000 0.000 0.000 0.002 0.006 0.011 0.020 0.034 0.057 0.092 0.140 0.203 0.283 0.384 0.517 0.699 0.942 1.212 1.382 1.437 1.459 1.610 1.832 2.319 3.505 4.601 5.299 5.461 5.388 5.049 4.477 3.890 3.478 3.228 3.610 4.209 5.026 7.168 9.455 11.288 12.585 13.451 14.003 14.585 15.676 16.268 16.425 16.402 16.004 15.161 14.039 12.635 10.931 11.236 12.723 15.675 18.870 20.899 21.976 22.071 21.700 21.734 21.523 21.081 20.345 19.336 18.216 17.266 16.773 16.986 17.784 19.058 20.578 22.177
0.000 0.000 0.000 0.000 0.000 0.000 0.001 0.003 0.006 0.011 0.020 0.036 0.065 0.108 0.167 0.243 0.341 0.471 0.649 0.904 1.235 1.527 1.676 1.704 1.813 2.091 2.587 3.757 5.135 6.110 6.376 6.283 5.872 5.213 4.537 4.050 3.738 3.743 4.325 5.160 6.999 9.389 11.484 12.977 13.881 14.318 14.605 15.062 15.881 16.211 16.198 15.897 15.193 14.101 12.633 10.982 10.840 11.990 14.186 16.458 17.919 18.275 18.016 17.997 18.088 17.964 17.546 16.813 15.822 14.789 14.135 14.126 14.727 15.774 17.187 18.773 20.428
0.000 0.000 0.000 0.000 0.000 0.000 0.000 0.001 0.003 0.005 0.010 0.019 0.035 0.064 0.108 0.171 0.252 0.360 0.527 0.776 1.140 1.567 1.852 1.950 2.004 2.273 2.851 3.858 5.563 6.740 7.205 7.191 6.819 6.160 5.425 4.832 4.426 4.178 4.384 5.200 6.715 9.080 11.287 12.989 13.921 14.238 14.417 14.620 14.860 15.106 15.162 15.053 14.657 13.757 12.403 10.884 10.254 10.864 12.179 13.634 14.509 14.620 14.700 14.490 14.296 14.145 13.782 13.142 12.276 11.508 11.215 11.522 12.282 13.431 14.871 16.460 18.083
0.000 0.000 0.000 0.000 0.000 0.000 0.000 0.000 0.001 0.002 0.004 0.008 0.016 0.030 0.054 0.092 0.150 0.232 0.355 0.561 0.934 1.457 1.919 2.138 2.200 2.377 3.030 3.910 5.800 7.290 7.921 8.106 7.897 7.378 6.671 5.948 5.392 5.032 4.839 5.203 6.455 8.676 10.849 12.624 13.724 14.102 14.182 14.138 14.061 14.021 13.972 13.946 13.756 13.116 11.985 10.607 9.613 9.350 9.786 10.883 11.746 12.119 12.025 11.676 11.179 10.648 10.279 9.719 9.048 8.540 8.465 8.864 9.594 10.654 12.026 13.585 15.164
0.000 0.000 0.000 0.000 0.000 0.000 0.000 0.000 0.000 0.001 0.001 0.003 0.006 0.012 0.022 0.039 0.067 0.110 0.183 0.319 0.645 1.221 1.857 2.240 2.397 2.497 3.119 4.084 5.928 7.758 8.631 8.954 8.981 8.695 8.166 7.479 6.784 6.257 5.947 5.823 6.249 8.304 10.291 12.016 13.139 13.760 13.967 13.950 13.809 13.537 13.228 12.932 12.664 12.207 11.328 10.163 9.067 8.083 8.145 8.904 9.664 9.886 9.751 9.364 8.827 8.272 7.645 6.983 6.374 5.999 5.919 6.216 6.819 7.701 8.938 10.451 11.995
0.000 0.000 0.000 0.000 0.000 0.000 0.000 0.000 0.000 0.000 0.000 0.001 0.002 0.004 0.008 0.014 0.025 0.043 0.077 0.156 0.384 0.898 1.672 2.250 2.536 2.670 3.152 4.203 6.033 8.102 9.313 9.755 9.983 9.929 9.628 9.135 8.568 8.050 7.663 7.409 7.317 7.932 9.758 11.318 12.434 13.185 13.541 13.575 13.389 12.975 12.406 11.829 11.380 10.927 10.257 9.350 8.305 7.453 7.220 7.514 7.943 8.076 7.924 7.583 7.096 6.533 5.895 5.364 5.188 5.052 4.960 4.966 5.057 5.348 5.960 7.328 8.778
0.000 0.000 0.000 0.000 0.000 0.000 0.000 0.000 0.000 0.000 0.000 0.000 0.001 0.001 0.002 0.005 0.009 0.016 0.031 0.075 0.211 0.587 1.335 2.120 2.584 2.816 3.141 4.244 5.970 8.258 9.808 10.508 10.822 11.009 10.908 10.646 10.280 9.886 9.460 8.951 8.498 8.700 9.178 10.583 11.558 12.369 12.767 12.804 12.590 12.060 11.283 10.466 9.772 9.182 8.671 8.036 7.417 7.228 7.012 6.789 6.759 6.732 6.533 6.219 5.786 5.341 5.052 4.786 4.563 4.381 4.231 4.148 4.138 4.235 4.510 5.213 6.084
0.000 0.000 0.000 0.000 0.000 0.000 0.000 0.000 0.000 0.000 0.000 0.000 0.000 0.001 0.001 0.003 0.006 0.010 0.023 0.065 0.162 0.354 0.935 1.806 2.498 2.887 3.177 4.198 5.787 7.978 9.897 10.899 11.396 11.830 11.950 11.844 11.581 11.189 10.625 9.940 9.295 8.989 8.883 9.707 10.673 11.338 11.625 11.606 11.335 10.725 9.938 9.090 8.320 7.683 7.156 7.155 7.137 7.017 6.810 6.565 6.318 6.083 5.823 5.534 5.223 4.904 4.587 4.288 4.022 3.793 3.597 3.444 3.346 3.334 3.414 3.721 4.204
0.000 0.000 0.000 0.000 0.000 0.000 0.000 0.000 0.000 0.000 0.000 0.000 0.000 0.000 0.002 0.003 0.006 0.014 0.045 0.124 0.292 0.590 1.029 1.577 2.245 2.978 3.677 4.196 5.708 7.351 9.412 10.796 11.491 12.050 12.364 12.402 12.234 11.829 11.306 10.604 9.793 9.198 8.634 8.707 9.602 10.059 10.155 10.088 9.783 9.201 8.438 7.604 6.836 6.356 6.444 6.585 6.696 6.699 6.559 6.330 6.073 5.818 5.546 5.230 4.872 4.514 4.170 3.845 3.545 3.276 3.038 2.827 2.651 2.526 2.527 2.580 2.683
0.000 0.000 0.000 0.000 0.000 0.000 0.000 0.000 0.000 0.000 0.000 0.000 0.000 0.001 0.003 0.006 0.010 0.028 0.086 0.226 0.504 0.945 1.491 2.062 2.691 3.463 4.135 4.576 5.354 6.644 8.241 10.010 11.052 11.652 12.162 12.354 12.333 12.061 11.488 10.638 9.630 8.821 7.706 7.673 8.339 8.586 8.580 8.444 8.094 7.550 6.884 6.168 5.749 5.654 5.695 5.869 6.077 6.181 6.166 6.025 5.808 5.552 5.263 4.925 4.531 4.142 3.780 3.437 3.112 2.808 2.527 2.260 2.005 1.917 1.876 1.825 1.761
0.000 0.000 0.000 0.000 0.000 0.000 0.000 0.000 0.000 0.000 0.000 0.000 0.001 0.002 0.006 0.012 0.020 0.052 0.152 0.390 0.833 1.461 2.068 2.623 3.235 3.966 4.502 4.841 5.005 5.894 6.821 8.397 9.998 10.869 11.291 11.408 11.349 10.947 10.148 9.526 8.683 7.334 6.526 6.493 6.924 7.050 7.002 6.794 6.431 5.945 5.568 5.444 5.264 5.120 5.079 5.150 5.328 5.479 5.548 5.528 5.401 5.182 4.895 4.548 4.147 3.748 3.377 3.023 2.677 2.337 2.003 1.673 1.556 1.519 1.479 1.414 1.335
0.000 0.000 0.000 0.000 0.000 0.000 0.000 0.000 0.000 0.000 0.000 0.000 0.002 0.006 0.012 0.023 0.038 0.091 0.255 0.626 1.305 2.127 2.744 3.279 3.910 4.493 4.829 5.003 5.084 5.117 5.902 6.720 7.974 9.034 9.521 9.665 9.489 9.075 8.446 7.549 6.550 6.340 5.959 5.374 5.412 5.476 5.430 5.259 5.020 5.033 5.021 4.960 4.838 4.690 4.590 4.557 4.588 4.670 4.738 4.765 4.712 4.545 4.279 3.943 3.566 3.182 2.813 2.455 2.099 1.736 1.422 1.343 1.273 1.266 1.247 1.216 1.171
0.000 0.000 0.000 0.000 0.000 0.000 0.000 0.000 0.000 0.000 0.000 0.001 0.004 0.011 0.024 0.044 0.069 0.151 0.406 0.952 1.902 2.877 3.521 4.059 4.617 5.031 5.183 5.200 5.163 5.121 5.106 5.535 6.086 6.464 7.006 7.180 6.948 6.404 5.928 5.925 5.886 5.751 5.410 4.841 4.279 3.981 4.289 4.436 4.511 4.538 4.540 4.507 4.421 4.288 4.152 4.043 3.956 3.894 3.848 3.804 3.735 3.590 3.350 3.036 2.681 2.322 1.967 1.620 1.283 1.216 1.184 1.157 1.123 1.146 1.139 1.126 1.092
0.000 0.000 0.000 0.000 0.000 0.000 0.000 0.000 0.000 0.000 0.000 0.001 0.005 0.015 0.036 0.070 0.112 0.242 0.620 1.390 2.636 3.742 4.434 4.936 5.306 5.515 5.533 5.410 5.255 5.128 4.983 4.869 4.923 4.881 4.875 5.103 5.218 5.330 5.405 5.417 5.374 5.215 4.857 4.343 3.839 3.391 3.718 3.945 4.063 4.098 4.100 4.072 3.999 3.879 3.719 3.551 3.374 3.195 3.009 2.812 2.613 2.403 2.157 1.865 1.550 1.344 1.242 1.146 1.099 1.077 1.069 1.073 1.074 1.107 1.112 1.092 1.044
0.000 0.000 0.000 0.000 0.000 0.000 0.000 0.000 0.000 0.000 0.000 0.001 0.005 0.017 0.042 0.087 0.153 0.369 0.907 1.935 3.497 4.732 5.388 5.736 5.908 5.940 5.813 5.600 5.355 5.035 4.714 4.387 4.358 4.327 4.425 4.628 4.797 4.932 4.995 4.991 4.947 4.763 4.388 3.923 3.465 3.027 3.118 3.451 3.628 3.677 3.675 3.645 3.573 3.451 3.275 3.054 2.798 2.512 2.211 1.921 1.657 1.413 1.338 1.338 1.308 1.236 1.125 1.046 1.021 1.038 1.055 1.064 1.081 1.115 1.111 1.089 1.019
0.000 0.000 0.000 0.000 0.000 0.000 0.000 0.000 0.000 0.000 0.000 0.001 0.005 0.017 0.042 0.091 0.197 0.540 1.276 2.592 4.361 5.590 6.156 6.348 6.374 6.257 6.034 5.742 5.322 4.850 4.263 4.020 4.076 3.988 4.075 4.300 4.503 4.647 4.689 4.680 4.601 4.389 4.033 3.592 3.129 2.724 2.380 2.832 3.103 3.205 3.217 3.189 3.107 2.955 2.725 2.433 2.094 1.731 1.394 1.123 1.220 1.266 1.279 1.276 1.244 1.161 1.053 1.003 1.009 1.051 1.086 1.104 1.110 1.139 1.127 1.094 1.004
0.000 0.000 0.000 0.000 0.000 0.000 0.000 0.000 0.000 0.000 0.000 0.001 0.005 0.015 0.039 0.095 0.292 0.771 1.742 3.380 5.191 6.259 6.658 6.726 6.648 6.466 6.176 5.733 5.180 4.431 3.359 3.467 3.553 3.715 3.945 4.113 4.282 4.406 4.447 4.432 4.342 4.135 3.792 3.307 2.848 2.416 1.987 1.933 2.282 2.461 2.510 2.494 2.397 2.190 1.872 1.510 1.172 0.893 0.956 1.092 1.182 1.223 1.238 1.230 1.186 1.098 1.011 1.006 1.051 1.101 1.138 1.160 1.161 1.170 1.149 1.106 1.002
0.000 0.000 0.000 0.000 0.000 0.000 0.000 0.000 0.000 0.000 0.000 0.000 0.003 0.012 0.043 0.147 0.432 1.089 2.340 4.207 5.794 6.610 6.869 6.881 6.791 6.567 6.140 5.554 4.660 3.383 2.625 2.985 3.470 3.754 3.906 3.993 4.087 4.165 4.213 4.212 4.133 3.928 3.566 3.082 2.609 2.156 1.786 1.374 1.246 1.380 1.436 1.429 1.344 1.161 0.905 0.817 0.790 0.813 0.966 1.091 1.168 1.195 1.206 1.193 1.131 1.043 0.993 1.023 1.109 1.185 1.224 1.240 1.229 1.229 1.186 1.124 1.006
0.000 0.000 0.000 0.000 0.000 0.000 0.000 0.000 0.000 0.000 0.000 0.001 0.004 0.018 0.071 0.231 0.638 1.513 3.064 4.952 6.185 6.715 6.869 6.901 6.828 6.496 5.838 4.819 3.293 2.454 2.662 3.119 3.530 3.771 3.891 3.936 3.971 3.999 4.028 4.028 3.950 3.721 3.335 2.904 2.465 2.004 1.620 1.179 1.019 0.992 0.997 1.003 0.993 0.948 0.867 0.805 0.781 0.833 1.000 1.110 1.172 1.188 1.184 1.152 1.083 1.015 1.019 1.082 1.191 1.277 1.329 1.345 1.318 1.298 1.243 1.155 1.027
0.000 0.000 0.000 0.000 0.000 0.000 0.000 0.000 0.000 0.000 0.000 0.001 0.006 0.030 0.113 0.356 0.928 2.042 3.800 5.449 6.365 6.694 6.787 6.816 6.655 6.104 4.943 3.336 2.470 2.390 2.739 3.239 3.565 3.744 3.825 3.880 3.884 3.888 3.890 3.869 3.767 3.511 3.142 2.762 2.304 1.907 1.496 1.063 0.972 0.956 0.970 0.976 0.969 0.927 0.852 0.802 0.784 0.863 1.038 1.146 1.197 1.203 1.184 1.135 1.069 1.039 1.069 1.171 1.308 1.399 1.446 1.456 1.429 1.377 1.299 1.188 1.054
0.001 0.001 0.001 0.001 0.001 0.001 0.001 0.001 0.001 0.001 0.001 0.002 0.012 0.049 0.174 0.523 1.293 2.659 4.435 5.728 6.381 6.603 6.673 6.589 6.230 5.332 3.826 2.710 2.273 2.375 2.815 3.294 3.580 3.691 3.755 3.783 3.793 3.802 3.798 3.738 3.569 3.306 2.981 2.669 2.168 1.802 1.363 1.017 0.953 0.958 0.981 0.981 0.968 0.926 0.851 0.804 0.795 0.899 1.073 1.181 1.226 1.234 1.208 1.147 1.089 1.104 1.165 1.291 1.443 1.537 1.574 1.570 1.527 1.456 1.363 1.232 1.085
0.003 0.003 0.003 0.004 0.003 0.003 0.003 0.003 0.003 0.003 0.003 0.004 0.020 0.079 0.264 0.742 1.722 3.306 4.912 5.868 6.309 6.481 6.523 6.330 5.687 4.452 3.158 2.330 2.168 2.384 2.893 3.339 3.601 3.695 3.701 3.710 3.712 3.738 3.729 3.633 3.418 3.108 2.896 2.566 2.090 1.709 1.235 0.977 0.934 0.952 0.990 0.992 0.979 0.932 0.859 0.816 0.808 0.937 1.110 1.212 1.260 1.259 1.236 1.183 1.151 1.183 1.290 1.453 1.586 1.670 1.702 1.680 1.605 1.529 1.410 1.254 1.091
0.006 0.006 0.006 0.006 0.005 0.005 0.004 0.004 0.004 0.005 0.005 0.009 0.034 0.123 0.383 1.010 2.208 3.901 5.238 5.946 6.219 6.330 6.307 5.984 5.052 3.709 2.657 2.078 2.082 2.393 2.933 3.370 3.622 3.700 3.712 3.693 3.672 3.663 3.628 3.480 3.225 3.003 2.804 2.455 2.017 1.610 1.092 0.948 0.916 0.953 0.991 0.996 0.984 0.931 0.859 0.823 0.820 0.980 1.145 1.243 1.284 1.282 1.254 1.216 1.225 1.296 1.455 1.631 1.741 1.794 1.808 1.769 1.688 1.574 1.421 1.239 1.050
0.009 0.009 0.008 0.007 0.006 0.006 0.006 0.006 0.006 0.007 0.008 0.017 0.056 0.184 0.531 1.305 2.712 4.423 5.477 5.928 6.083 6.163 6.021 5.428 4.258 3.016 2.267 1.964 2.028 2.410 2.961 3.391 3.643 3.738 3.741 3.718 3.674 3.598 3.476 3.269 2.979 2.867 2.653 2.301 1.932 1.501 1.039 0.933 0.912 0.958 0.995 0.996 0.985 0.930 0.859 0.826 0.828 1.018 1.188 1.283 1.321 1.318 1.293 1.276 1.315 1.444 1.642 1.793 1.872 1.893 1.873 1.827 1.743 1.590 1.388 1.156 0.903
0.012 0.011 0.010 0.009 0.008 0.008 0.007 0.008 0.008 0.010 0.011 0.030 0.090 0.266 0.716 1.654 3.238 4.837 5.687 5.946 5.973 5.957 5.665 4.827 3.492 2.486 1.994 1.838 1.966 2.435 3.018 3.439 3.669 3.752 3.761 3.743 3.674 3.557 3.371 3.089 2.903 2.778 2.541 2.169 1.827 1.357 0.998 0.909 0.897 0.958 0.998 1.000 0.985 0.928 0.859 0.830 0.837 1.056 1.249 1.343 1.374 1.372 1.356 1.353 1.422 1.592 1.800 1.916 1.953 1.948 1.914 1.851 1.742 1.554 1.268 0.926 0.596
