RESULTS/r.avaflow_results/11_results/11_ascii/11_hflow0008.asc
ncols 506
nrows 317
xllcenter 498237.50
yllcenter 5580050.00
cellsize 12.50
NODATA_value -9999.000
[rows 204 to 237 of 317, columns 77 to 153 of 506]
0.000 0.000 0.000 0.000 0.000 0.000 0.000 0.000 0.001 0.001 0.003 0.005 0.009 0.018 0.039 0.091 0.221 0.540 1.244 2.119 2.494 2.537 2.368 1.713 0.799 0.397 0.288 0.268 0.275 0.327 0.428 0.475 0.480 0.456 0.363 0.217 0.131 0.091 0.071 0.061 0.053 0.046 0.038 0.027 0.015 0.007 0.004 0.002 0.001 0.000 0.000 0.000 0.000 0.000 0.000 0.000 0.001 0.001 0.003 0.004 0.005 0.005 0.005 0.005 0.004 0.004 0.004 0.005 0.005 0.005 0.005 0.005 0.005 0.004 0.002 0.001 0.001
0.000 0.000 0.000 0.000 0.000 0.000 0.000 0.001 0.002 0.003 0.005 0.008 0.015 0.028 0.056 0.123 0.287 0.672 1.465 2.214 2.448 2.419 2.060 1.177 0.510 0.302 0.254 0.247 0.261 0.326 0.419 0.452 0.451 0.413 0.303 0.176 0.112 0.081 0.065 0.056 0.049 0.042 0.034 0.023 0.012 0.006 0.003 0.002 0.001 0.001 0.000 0.000 0.000 0.000 0.000 0.000 0.001 0.001 0.003 0.004 0.005 0.005 0.005 0.004 0.004 0.004 0.004 0.004 0.005 0.005 0.005 0.004 0.003 0.002 0.001 0.001 0.001
0.000 0.000 0.000 0.000 0.000 0.000 0.001 0.002 0.003 0.005 0.008 0.013 0.022 0.040 0.078 0.164 0.367 0.833 1.685 2.253 2.384 2.287 1.702 0.785 0.372 0.263 0.238 0.237 0.260 0.335 0.410 0.428 0.421 0.369 0.246 0.144 0.096 0.071 0.058 0.050 0.044 0.038 0.030 0.019 0.010 0.005 0.003 0.002 0.002 0.001 0.001 0.000 0.000 0.000 0.000 0.000 0.001 0.002 0.003 0.004 0.005 0.005 0.005 0.004 0.004 0.004 0.004 0.004 0.004 0.004 0.004 0.003 0.002 0.001 0.001 0.000 0.000
0.000 0.000 0.000 0.000 0.001 0.002 0.003 0.004 0.006 0.009 0.013 0.020 0.032 0.056 0.107 0.217 0.469 1.053 1.868 2.233 2.278 2.065 1.273 0.535 0.305 0.246 0.231 0.233 0.263 0.344 0.396 0.404 0.389 0.318 0.197 0.122 0.085 0.064 0.053 0.046 0.040 0.034 0.026 0.016 0.008 0.004 0.002 0.001 0.001 0.001 0.001 0.001 0.001 0.001 0.001 0.001 0.002 0.002 0.004 0.005 0.005 0.005 0.004 0.004 0.003 0.003 0.003 0.003 0.003 0.003 0.003 0.002 0.001 0.001 0.000 0.000 0.000
0.000 0.000 0.001 0.001 0.002 0.004 0.005 0.007 0.010 0.015 0.021 0.030 0.047 0.079 0.143 0.278 0.595 1.301 1.977 2.179 2.145 1.728 0.870 0.396 0.266 0.232 0.225 0.232 0.270 0.345 0.381 0.385 0.358 0.266 0.158 0.104 0.074 0.058 0.048 0.042 0.037 0.031 0.023 0.013 0.007 0.003 0.002 0.001 0.001 0.001 0.001 0.000 0.000 0.000 0.000 0.001 0.001 0.002 0.004 0.005 0.005 0.005 0.004 0.003 0.003 0.003 0.003 0.003 0.003 0.002 0.002 0.001 0.001 0.000 0.000 0.000 0.000
0.001 0.001 0.002 0.004 0.005 0.007 0.009 0.013 0.017 0.023 0.032 0.045 0.068 0.109 0.188 0.352 0.756 1.532 2.010 2.102 1.981 1.355 0.596 0.322 0.246 0.225 0.222 0.234 0.283 0.345 0.366 0.364 0.322 0.217 0.131 0.090 0.066 0.052 0.044 0.038 0.033 0.028 0.020 0.012 0.006 0.003 0.002 0.002 0.002 0.002 0.001 0.001 0.001 0.001 0.001 0.001 0.002 0.003 0.004 0.005 0.005 0.004 0.003 0.003 0.002 0.002 0.002 0.002 0.002 0.002 0.001 0.001 0.001 0.000 0.000 0.000 0.000
0.002 0.004 0.006 0.008 0.010 0.013 0.017 0.021 0.027 0.036 0.049 0.068 0.097 0.147 0.240 0.441 0.959 1.684 1.973 1.992 1.723 0.965 0.438 0.282 0.236 0.221 0.221 0.236 0.290 0.339 0.350 0.341 0.282 0.175 0.110 0.078 0.058 0.047 0.040 0.035 0.030 0.025 0.018 0.010 0.005 0.002 0.001 0.001 0.001 0.001 0.001 0.001 0.001 0.001 0.001 0.001 0.002 0.003 0.004 0.004 0.004 0.004 0.003 0.002 0.002 0.002 0.002 0.002 0.002 0.002 0.001 0.001 0.000 0.000 0.000 0.000 0.000
0.006 0.009 0.013 0.017 0.022 0.025 0.030 0.035 0.044 0.057 0.075 0.100 0.137 0.195 0.299 0.540 1.146 1.730 1.883 1.832 1.381 0.656 0.351 0.263 0.231 0.221 0.220 0.236 0.289 0.327 0.334 0.319 0.245 0.143 0.093 0.068 0.053 0.043 0.036 0.032 0.028 0.023 0.017 0.009 0.004 0.002 0.002 0.002 0.002 0.001 0.001 0.001 0.001 0.001 0.001 0.001 0.002 0.003 0.004 0.004 0.004 0.003 0.002 0.002 0.002 0.002 0.002 0.002 0.002 0.002 0.001 0.001 0.000 0.000 0.000 0.000 0.000
0.012 0.019 0.027 0.037 0.044 0.050 0.055 0.061 0.072 0.088 0.112 0.145 0.192 0.259 0.377 0.658 1.277 1.672 1.736 1.584 0.998 0.468 0.305 0.256 0.232 0.221 0.221 0.238 0.285 0.314 0.318 0.294 0.208 0.121 0.080 0.060 0.047 0.039 0.033 0.029 0.026 0.022 0.016 0.008 0.004 0.002 0.001 0.001 0.001 0.001 0.001 0.001 0.001 0.001 0.002 0.002 0.002 0.003 0.004 0.004 0.003 0.002 0.002 0.002 0.001 0.001 0.001 0.001 0.001 0.001 0.001 0.000 0.000 0.000 0.000 0.000 0.000
0.024 0.036 0.052 0.073 0.089 0.097 0.102 0.108 0.120 0.139 0.169 0.212 0.269 0.348 0.486 0.814 1.348 1.569 1.568 1.287 0.677 0.359 0.281 0.255 0.236 0.226 0.226 0.245 0.286 0.304 0.303 0.270 0.178 0.103 0.071 0.054 0.043 0.036 0.031 0.027 0.024 0.020 0.014 0.007 0.003 0.002 0.001 0.001 0.001 0.001 0.001 0.001 0.001 0.001 0.001 0.001 0.002 0.003 0.003 0.003 0.003 0.002 0.002 0.001 0.002 0.002 0.002 0.002 0.002 0.001 0.001 0.000 0.000 0.000 0.000 0.000 0.000
0.043 0.064 0.094 0.134 0.167 0.184 0.189 0.194 0.203 0.223 0.257 0.308 0.377 0.470 0.629 0.983 1.345 1.439 1.369 0.953 0.457 0.297 0.266 0.256 0.245 0.236 0.236 0.255 0.288 0.298 0.291 0.246 0.150 0.089 0.063 0.049 0.040 0.033 0.029 0.025 0.022 0.018 0.013 0.007 0.003 0.002 0.001 0.001 0.001 0.001 0.001 0.001 0.001 0.001 0.001 0.001 0.002 0.003 0.003 0.003 0.002 0.002 0.001 0.001 0.002 0.002 0.002 0.002 0.001 0.001 0.000 0.000 0.000 0.000 0.000 0.000 0.000
0.074 0.110 0.161 0.232 0.296 0.330 0.339 0.340 0.344 0.360 0.394 0.449 0.523 0.625 0.804 1.124 1.310 1.317 1.126 0.640 0.331 0.258 0.250 0.252 0.248 0.239 0.239 0.257 0.282 0.286 0.273 0.216 0.125 0.077 0.056 0.044 0.036 0.031 0.027 0.024 0.020 0.017 0.012 0.006 0.003 0.001 0.001 0.001 0.001 0.001 0.001 0.001 0.001 0.002 0.002 0.002 0.002 0.003 0.003 0.002 0.002 0.001 0.001 0.001 0.002 0.002 0.002 0.002 0.002 0.001 0.000 0.000 0.000 0.000 0.000 0.000 0.000
0.122 0.181 0.263 0.379 0.492 0.556 0.576 0.574 0.571 0.579 0.606 0.655 0.722 0.821 1.008 1.223 1.283 1.211 0.866 0.420 0.259 0.231 0.234 0.245 0.246 0.240 0.241 0.257 0.272 0.271 0.249 0.184 0.104 0.066 0.050 0.041 0.034 0.029 0.025 0.022 0.019 0.015 0.011 0.006 0.003 0.001 0.001 0.001 0.001 0.001 0.001 0.001 0.001 0.001 0.001 0.002 0.002 0.002 0.002 0.002 0.001 0.001 0.000 0.000 0.001 0.001 0.001 0.001 0.001 0.001 0.000 0.000 0.000 0.000 0.000 0.000 0.000
0.195 0.286 0.414 0.595 0.776 0.884 0.922 0.922 0.909 0.903 0.915 0.946 0.995 1.081 1.218 1.291 1.245 1.041 0.595 0.293 0.218 0.212 0.226 0.245 0.249 0.246 0.246 0.260 0.268 0.262 0.231 0.158 0.088 0.057 0.045 0.038 0.032 0.027 0.024 0.021 0.018 0.014 0.010 0.005 0.003 0.002 0.002 0.001 0.001 0.001 0.001 0.001 0.001 0.001 0.001 0.001 0.002 0.002 0.002 0.002 0.002 0.002 0.001 0.001 0.001 0.001 0.001 0.001 0.001 0.000 0.000 0.000 0.000 0.000 0.000 0.000 0.000
0.300 0.438 0.631 0.900 1.169 1.335 1.402 1.407 1.380 1.344 1.328 1.334 1.362 1.401 1.400 1.315 1.138 0.783 0.392 0.234 0.198 0.198 0.221 0.244 0.249 0.245 0.244 0.257 0.262 0.251 0.209 0.132 0.074 0.049 0.040 0.035 0.030 0.026 0.023 0.020 0.017 0.013 0.009 0.005 0.002 0.001 0.001 0.001 0.001 0.001 0.001 0.001 0.001 0.001 0.002 0.002 0.002 0.002 0.002 0.001 0.001 0.001 0.001 0.001 0.001 0.001 0.001 0.001 0.001 0.000 0.000 0.000 0.000 0.000 0.000 0.000 0.000
0.449 0.649 0.929 1.316 1.695 1.932 2.033 2.046 2.007 1.925 1.858 1.817 1.768 1.660 1.479 1.247 0.936 0.557 0.308 0.210 0.185 0.188 0.215 0.241 0.245 0.241 0.241 0.252 0.254 0.237 0.186 0.108 0.061 0.043 0.036 0.032 0.028 0.025 0.022 0.019 0.016 0.012 0.008 0.005 0.002 0.001 0.001 0.001 0.001 0.001 0.001 0.001 0.001 0.001 0.001 0.001 0.002 0.002 0.001 0.001 0.001 0.001 0.002 0.002 0.002 0.002 0.002 0.001 0.000 0.000 0.000 0.000 0.000 0.000 0.000 0.000 0.000
0.650 0.934 1.329 1.862 2.368 2.686 2.830 2.857 2.810 2.676 2.517 2.325 2.066 1.759 1.433 1.092 0.745 0.447 0.274 0.199 0.177 0.181 0.209 0.239 0.246 0.243 0.245 0.255 0.253 0.227 0.164 0.090 0.051 0.037 0.031 0.029 0.026 0.023 0.021 0.018 0.015 0.012 0.008 0.004 0.002 0.001 0.001 0.001 0.001 0.001 0.001 0.001 0.001 0.001 0.001 0.001 0.002 0.002 0.001 0.001 0.001 0.001 0.002 0.002 0.002 0.002 0.002 0.001 0.000 0.000 0.000 0.000 0.000 0.000 0.000 0.000 0.000
0.914 1.304 1.845 2.555 3.173 3.561 3.732 3.764 3.714 3.517 3.181 2.745 2.235 1.756 1.335 0.965 0.644 0.404 0.263 0.194 0.173 0.176 0.203 0.238 0.249 0.249 0.253 0.260 0.253 0.217 0.143 0.075 0.044 0.032 0.028 0.026 0.024 0.022 0.020 0.018 0.015 0.011 0.007 0.004 0.002 0.001 0.001 0.001 0.001 0.001 0.001 0.001 0.001 0.001 0.001 0.001 0.001 0.001 0.001 0.001 0.001 0.001 0.001 0.002 0.002 0.002 0.001 0.001 0.000 0.000 0.000 0.000 0.000 0.000 0.000 0.000 0.000
1.246 1.761 2.483 3.317 3.942 4.316 4.484 4.514 4.451 4.213 3.749 3.097 2.369 1.770 1.293 0.908 0.605 0.390 0.260 0.193 0.170 0.171 0.195 0.234 0.254 0.259 0.265 0.268 0.253 0.204 0.122 0.064 0.039 0.029 0.025 0.024 0.022 0.021 0.020 0.018 0.014 0.010 0.006 0.003 0.002 0.001 0.001 0.001 0.001 0.002 0.001 0.001 0.001 0.002 0.002 0.002 0.001 0.001 0.001 0.001 0.000 0.000 0.000 0.001 0.001 0.001 0.001 0.000 0.000 0.000 0.000 0.000 0.000 0.000 0.000 0.000 0.000
1.642 2.291 3.156 3.985 4.555 4.886 5.031 5.056 4.982 4.740 4.250 3.479 2.553 1.829 1.292 0.892 0.596 0.389 0.260 0.192 0.168 0.167 0.185 0.227 0.260 0.274 0.282 0.280 0.254 0.189 0.103 0.056 0.035 0.026 0.023 0.022 0.021 0.020 0.019 0.017 0.013 0.009 0.005 0.003 0.002 0.001 0.001 0.001 0.001 0.001 0.001 0.001 0.001 0.001 0.001 0.001 0.000 0.000 0.001 0.001 0.001 0.001 0.001 0.001 0.001 0.001 0.001 0.000 0.000 0.000 0.000 0.000 0.000 0.000 0.000 0.000 0.000
2.093 2.846 3.744 4.495 5.000 5.280 5.382 5.389 5.318 5.089 4.624 3.870 2.850 1.960 1.333 0.900 0.602 0.396 0.262 0.192 0.166 0.163 0.177 0.218 0.263 0.284 0.290 0.284 0.250 0.169 0.088 0.049 0.032 0.025 0.022 0.020 0.019 0.019 0.018 0.016 0.012 0.008 0.004 0.002 0.002 0.001 0.001 0.001 0.001 0.001 0.001 0.001 0.001 0.001 0.002 0.001 0.001 0.001 0.001 0.001 0.001 0.001 0.002 0.001 0.001 0.001 0.000 0.000 0.000 0.000 0.000 0.000 0.000 0.000 0.000 0.000 0.000
2.578 3.374 4.204 4.857 5.292 5.508 5.572 5.564 5.491 5.264 4.824 4.118 3.134 2.161 1.445 0.958 0.633 0.410 0.264 0.188 0.160 0.156 0.170 0.212 0.261 0.285 0.290 0.279 0.233 0.143 0.074 0.043 0.030 0.023 0.021 0.019 0.018 0.018 0.017 0.014 0.011 0.007 0.004 0.002 0.001 0.001 0.001 0.001 0.001 0.001 0.001 0.001 0.001 0.001 0.001 0.001 0.001 0.001 0.001 0.001 0.001 0.000 0.001 0.001 0.001 0.001 0.000 0.000 0.000 0.000 0.000 0.000 0.000 0.000 0.000 0.000 0.000
3.068 3.826 4.534 5.080 5.436 5.603 5.647 5.633 5.551 5.318 4.888 4.218 3.289 2.329 1.591 1.054 0.678 0.422 0.260 0.177 0.147 0.144 0.160 0.207 0.255 0.276 0.278 0.261 0.207 0.119 0.064 0.039 0.028 0.022 0.019 0.018 0.017 0.017 0.015 0.013 0.010 0.006 0.003 0.002 0.001 0.001 0.001 0.001 0.001 0.001 0.001 0.001 0.001 0.001 0.001 0.001 0.001 0.001 0.001 0.001 0.001 0.001 0.001 0.001 0.001 0.000 0.000 0.000 0.000 0.000 0.000 0.000 0.000 0.000 0.000 0.000 0.000
3.496 4.161 4.747 5.194 5.477 5.619 5.656 5.643 5.553 5.317 4.888 4.233 3.335 2.395 1.656 1.096 0.693 0.415 0.242 0.155 0.127 0.126 0.148 0.203 0.250 0.266 0.266 0.245 0.187 0.105 0.057 0.036 0.026 0.020 0.018 0.017 0.016 0.016 0.014 0.012 0.009 0.005 0.003 0.002 0.001 0.001 0.001 0.001 0.001 0.001 0.001 0.001 0.001 0.001 0.001 0.001 0.001 0.001 0.001 0.001 0.001 0.001 0.001 0.001 0.001 0.000 0.000 0.000 0.000 0.000 0.000 0.000 0.000 0.000 0.000 0.000 0.000
3.814 4.373 4.865 5.236 5.474 5.590 5.621 5.605 5.504 5.262 4.834 4.188 3.311 2.387 1.652 1.087 0.672 0.381 0.203 0.120 0.099 0.104 0.136 0.200 0.247 0.261 0.258 0.233 0.171 0.094 0.053 0.033 0.023 0.018 0.016 0.015 0.015 0.014 0.013 0.011 0.008 0.005 0.003 0.001 0.001 0.001 0.001 0.000 0.000 0.000 0.001 0.001 0.001 0.001 0.001 0.001 0.001 0.001 0.001 0.001 0.001 0.001 0.001 0.001 0.000 0.000 0.000 0.000 0.000 0.000 0.000 0.000 0.000 0.000 0.000 0.000 0.000
4.029 4.498 4.907 5.212 5.402 5.492 5.509 5.479 5.361 5.104 4.673 4.037 3.187 2.293 1.574 1.014 0.599 0.312 0.148 0.083 0.071 0.081 0.122 0.194 0.239 0.251 0.247 0.219 0.154 0.084 0.049 0.031 0.021 0.016 0.014 0.013 0.013 0.012 0.011 0.010 0.007 0.004 0.002 0.001 0.001 0.001 0.001 0.000 0.001 0.001 0.001 0.001 0.001 0.001 0.001 0.001 0.001 0.001 0.001 0.001 0.001 0.001 0.001 0.001 0.000 0.000 0.000 0.000 0.000 0.000 0.000 0.000 0.000 0.000 0.000 0.000 0.000
4.142 4.540 4.881 5.126 5.260 5.314 5.317 5.258 5.103 4.815 4.369 3.729 2.901 2.061 1.382 0.857 0.475 0.229 0.102 0.056 0.049 0.061 0.103 0.174 0.215 0.226 0.220 0.193 0.134 0.074 0.044 0.028 0.019 0.014 0.012 0.011 0.011 0.011 0.010 0.009 0.007 0.004 0.002 0.001 0.001 0.001 0.001 0.001 0.001 0.001 0.001 0.001 0.001 0.001 0.001 0.001 0.001 0.001 0.001 0.001 0.001 0.001 0.001 0.000 0.000 0.000 0.000 0.000 0.000 0.000 0.000 0.000 0.000 0.000 0.000 0.000 0.000
4.184 4.523 4.791 4.961 5.038 5.054 5.032 4.937 4.736 4.403 3.914 3.246 2.433 1.684 1.093 0.654 0.351 0.164 0.070 0.038 0.034 0.045 0.082 0.142 0.179 0.187 0.181 0.158 0.111 0.064 0.040 0.026 0.018 0.013 0.011 0.010 0.010 0.010 0.009 0.008 0.006 0.004 0.002 0.001 0.001 0.001 0.001 0.001 0.001 0.001 0.001 0.001 0.001 0.001 0.001 0.001 0.001 0.001 0.001 0.001 0.001 0.001 0.001 0.000 0.000 0.000 0.000 0.000 0.000 0.000 0.000 0.000 0.000 0.000 0.000 0.000 0.000
4.166 4.432 4.616 4.712 4.742 4.731 4.669 4.534 4.283 3.883 3.329 2.623 1.890 1.292 0.829 0.492 0.259 0.116 0.047 0.025 0.024 0.034 0.065 0.117 0.148 0.154 0.149 0.130 0.093 0.055 0.035 0.023 0.016 0.012 0.010 0.009 0.009 0.009 0.009 0.008 0.006 0.003 0.002 0.001 0.001 0.001 0.001 0.001 0.001 0.001 0.001 0.001 0.001 0.001 0.001 0.001 0.001 0.001 0.001 0.001 0.001 0.001 0.000 0.000 0.000 0.000 0.000 0.000 0.000 0.000 0.000 0.000 0.000 0.000 0.000 0.000 0.000
4.069 4.246 4.349 4.390 4.389 4.349 4.252 4.066 3.755 3.308 2.727 2.062 1.470 0.997 0.635 0.371 0.189 0.080 0.030 0.016 0.015 0.024 0.049 0.093 0.119 0.124 0.120 0.107 0.079 0.048 0.031 0.020 0.014 0.011 0.009 0.008 0.008 0.008 0.008 0.007 0.005 0.003 0.002 0.001 0.001 0.001 0.001 0.001 0.001 0.001 0.001 0.001 0.001 0.001 0.001 0.001 0.001 0.001 0.001 0.001 0.001 0.001 0.000 0.000 0.000 0.000 0.000 0.000 0.000 0.000 0.000 0.000 0.000 0.000 0.000 0.000 0.000
3.855 3.956 3.999 4.006 3.990 3.933 3.803 3.575 3.235 2.776 2.204 1.625 1.148 0.772 0.486 0.275 0.132 0.052 0.018 0.009 0.009 0.016 0.034 0.068 0.092 0.098 0.097 0.089 0.070 0.044 0.028 0.018 0.013 0.010 0.008 0.008 0.008 0.008 0.007 0.006 0.004 0.003 0.001 0.001 0.001 0.001 0.001 0.001 0.001 0.001 0.001 0.001 0.001 0.001 0.001 0.001 0.001 0.001 0.001 0.001 0.001 0.000 0.000 0.000 0.000 0.000 0.000 0.000 0.000 0.000 0.000 0.000 0.000 0.000 0.000 0.000 0.000
3.516 3.563 3.575 3.567 3.543 3.472 3.325 3.087 2.743 2.290 1.752 1.271 0.886 0.587 0.359 0.192 0.085 0.030 0.009 0.005 0.005 0.009 0.021 0.044 0.068 0.077 0.078 0.074 0.062 0.040 0.025 0.016 0.011 0.009 0.008 0.007 0.007 0.007 0.007 0.006 0.004 0.002 0.001 0.001 0.001 0.001 0.001 0.001 0.001 0.001 0.001 0.001 0.001 0.001 0.001 0.001 0.002 0.002 0.001 0.001 0.001 0.000 0.000 0.000 0.000 0.000 0.000 0.000 0.000 0.000 0.000 0.000 0.000 0.000 0.000 0.000 0.000
3.068 3.074 3.067 3.058 3.031 2.959 2.820 2.592 2.267 1.840 1.363 0.967 0.659 0.420 0.240 0.117 0.046 0.015 0.004 0.002 0.002 0.004 0.011 0.025 0.045 0.058 0.062 0.060 0.053 0.038 0.023 0.015 0.010 0.008 0.007 0.007 0.007 0.006 0.006 0.005 0.004 0.002 0.001 0.001 0.001 0.001 0.001 0.001 0.001 0.001 0.001 0.001 0.001 0.001 0.001 0.002 0.002 0.001 0.001 0.001 0.000 0.000 0.000 0.000 0.000 0.000 0.000 0.000 0.000 0.000 0.000 0.000 0.000 0.000 0.000 0.000 0.000
2.498 2.479 2.468 2.460 2.439 2.386 2.275 2.083 1.798 1.420 1.015 0.692 0.446 0.263 0.135 0.058 0.020 0.006 0.002 0.001 0.001 0.002 0.005 0.012 0.025 0.040 0.047 0.048 0.045 0.035 0.021 0.013 0.009 0.007 0.006 0.006 0.006 0.006 0.005 0.005 0.003 0.002 0.001 0.001 0.001 0.001 0.001 0.001 0.001 0.001 0.001 0.001 0.001 0.001 0.002 0.002 0.002 0.001 0.001 0.001 0.000 0.000 0.000 0.000 0.000 0.000 0.000 0.000 0.000 0.000 0.000 0.000 0.000 0.000 0.000 0.000 0.000
