RESULTS/r.avaflow_results/11_results/11_ascii/11_hflow10013.asc
ncols 506
nrows 317
xllcenter 498237.50
yllcenter 5580050.00
cellsize 12.50
NODATA_value -9999.000
[rows 170 to 203 of 317, columns 77 to 153 of 506]
0.000 0.000 0.000 0.000 0.000 0.000 0.000 0.000 0.000 0.000 0.000 0.000 0.000 0.000 0.000 0.000 0.000 0.000 0.000 0.000 0.001 0.002 0.007 0.018 0.041 0.072 0.092 0.103 0.108 0.110 0.110 0.109 0.107 0.106 0.109 0.122 0.152 0.204 0.283 0.390 0.483 0.539 0.572 0.602 0.646 0.704 0.767 0.835 0.933 1.108 1.409 1.903 2.684 3.623 4.297 4.625 4.814 4.961 5.047 5.072 5.052 4.955 4.755 4.436 3.988 3.422 2.812 2.273 1.802 1.395 1.061 0.788 0.576 0.423 0.317 0.242 0.188
0.000 0.000 0.000 0.000 0.000 0.000 0.000 0.000 0.000 0.000 0.000 0.000 0.000 0.000 0.000 0.000 0.000 0.000 0.001 0.001 0.003 0.008 0.019 0.040 0.075 0.116 0.143 0.160 0.168 0.172 0.173 0.172 0.171 0.172 0.181 0.205 0.254 0.335 0.455 0.617 0.768 0.870 0.942 1.012 1.120 1.278 1.451 1.637 1.886 2.250 2.760 3.470 4.308 5.001 5.394 5.601 5.728 5.807 5.840 5.815 5.732 5.563 5.282 4.881 4.359 3.729 3.110 2.575 2.107 1.693 1.332 1.030 0.790 0.609 0.480 0.387 0.320
0.000 0.000 0.000 0.000 0.000 0.000 0.000 0.000 0.000 0.000 0.000 0.000 0.000 0.000 0.000 0.000 0.000 0.001 0.003 0.005 0.010 0.021 0.041 0.074 0.123 0.176 0.216 0.241 0.256 0.262 0.265 0.266 0.267 0.272 0.287 0.327 0.401 0.522 0.699 0.936 1.179 1.366 1.520 1.679 1.904 2.195 2.505 2.851 3.300 3.881 4.551 5.229 5.793 6.164 6.374 6.498 6.549 6.535 6.481 6.373 6.212 5.964 5.609 5.139 4.566 3.911 3.308 2.792 2.350 1.968 1.637 1.345 1.088 0.876 0.711 0.593 0.507
0.000 0.000 0.000 0.000 0.000 0.000 0.000 0.000 0.000 0.000 0.000 0.000 0.000 0.000 0.000 0.000 0.001 0.003 0.007 0.013 0.023 0.042 0.073 0.121 0.184 0.259 0.317 0.356 0.378 0.390 0.395 0.399 0.403 0.412 0.438 0.496 0.604 0.779 1.033 1.375 1.757 2.083 2.372 2.671 3.048 3.483 3.948 4.476 5.116 5.810 6.402 6.836 7.117 7.274 7.336 7.320 7.241 7.115 6.960 6.760 6.506 6.191 5.776 5.268 4.664 4.010 3.428 2.934 2.515 2.163 1.863 1.603 1.372 1.167 0.991 0.854 0.748
0.000 0.000 0.000 0.000 0.000 0.000 0.000 0.000 0.000 0.000 0.000 0.000 0.000 0.000 0.000 0.001 0.003 0.007 0.013 0.024 0.041 0.070 0.115 0.178 0.264 0.370 0.456 0.513 0.546 0.563 0.572 0.579 0.587 0.602 0.641 0.723 0.873 1.118 1.480 1.959 2.525 3.062 3.539 4.014 4.548 5.132 5.761 6.436 7.079 7.609 7.984 8.223 8.327 8.331 8.221 8.008 7.769 7.528 7.276 7.000 6.677 6.296 5.841 5.308 4.689 4.053 3.488 3.005 2.600 2.266 1.989 1.753 1.550 1.369 1.208 1.074 0.960
0.000 0.000 0.000 0.000 0.000 0.000 0.000 0.000 0.000 0.000 0.000 0.000 0.000 0.000 0.000 0.002 0.005 0.012 0.022 0.038 0.064 0.105 0.165 0.250 0.368 0.515 0.638 0.721 0.768 0.792 0.804 0.814 0.826 0.846 0.898 1.009 1.214 1.549 2.038 2.682 3.462 4.279 5.000 5.679 6.376 7.062 7.706 8.282 8.756 9.089 9.297 9.392 9.389 9.257 8.962 8.530 8.134 7.805 7.472 7.125 6.750 6.319 5.847 5.305 4.687 4.062 3.504 3.024 2.624 2.297 2.030 1.813 1.632 1.476 1.338 1.213 1.098
0.000 0.000 0.000 0.000 0.000 0.000 0.000 0.000 0.000 0.000 0.000 0.000 0.000 0.000 0.001 0.003 0.008 0.017 0.032 0.056 0.092 0.147 0.227 0.341 0.499 0.701 0.871 0.985 1.050 1.084 1.099 1.109 1.121 1.145 1.209 1.348 1.598 1.986 2.548 3.313 4.281 5.383 6.368 7.222 8.022 8.702 9.273 9.708 10.045 10.247 10.332 10.333 10.240 9.981 9.534 8.923 8.382 7.968 7.570 7.170 6.757 6.305 5.813 5.259 4.643 4.031 3.483 3.007 2.610 2.290 2.030 1.823 1.651 1.509 1.386 1.276 1.172
0.000 0.000 0.000 0.000 0.000 0.000 0.000 0.000 0.000 0.000 0.000 0.000 0.000 0.000 0.001 0.003 0.009 0.021 0.040 0.071 0.120 0.194 0.301 0.453 0.663 0.930 1.156 1.309 1.398 1.442 1.459 1.465 1.470 1.492 1.558 1.695 1.936 2.327 2.920 3.760 4.869 6.197 7.406 8.397 9.241 9.908 10.416 10.752 10.969 11.081 11.104 11.051 10.855 10.486 9.925 9.191 8.539 8.045 7.601 7.167 6.722 6.238 5.709 5.132 4.517 3.923 3.391 2.933 2.553 2.245 1.999 1.804 1.644 1.510 1.393 1.292 1.201
0.000 0.000 0.000 0.000 0.000 0.000 0.000 0.000 0.000 0.000 0.000 0.000 0.000 0.000 0.001 0.003 0.010 0.022 0.044 0.081 0.141 0.233 0.369 0.568 0.845 1.199 1.496 1.693 1.807 1.860 1.877 1.878 1.867 1.869 1.905 2.001 2.204 2.572 3.164 4.041 5.241 6.738 8.138 9.231 10.081 10.714 11.175 11.451 11.587 11.624 11.613 11.520 11.252 10.796 10.155 9.349 8.634 8.073 7.578 7.097 6.598 6.062 5.481 4.867 4.256 3.693 3.192 2.763 2.409 2.126 1.906 1.734 1.597 1.480 1.375 1.284 1.206
0.000 0.000 0.000 0.000 0.000 0.000 0.000 0.000 0.000 0.000 0.000 0.000 0.000 0.000 0.001 0.003 0.009 0.022 0.044 0.084 0.153 0.260 0.421 0.658 0.993 1.444 1.862 2.128 2.272 2.334 2.348 2.342 2.302 2.236 2.219 2.264 2.416 2.745 3.318 4.197 5.437 7.044 8.599 9.765 10.612 11.187 11.599 11.833 11.920 11.933 11.904 11.766 11.451 10.950 10.262 9.421 8.658 8.049 7.486 6.914 6.322 5.711 5.067 4.429 3.841 3.315 2.859 2.474 2.159 1.912 1.728 1.594 1.496 1.413 1.336 1.266 1.204
0.000 0.000 0.000 0.000 0.000 0.000 0.000 0.000 0.000 0.000 0.000 0.000 0.000 0.000 0.001 0.003 0.008 0.020 0.042 0.082 0.155 0.274 0.457 0.723 1.101 1.623 2.185 2.570 2.779 2.861 2.873 2.852 2.758 2.596 2.502 2.493 2.583 2.864 3.408 4.271 5.516 7.180 8.844 10.072 10.916 11.441 11.778 11.973 12.078 12.079 12.017 11.844 11.511 10.994 10.291 9.432 8.625 7.936 7.271 6.586 5.869 5.155 4.458 3.816 3.257 2.775 2.374 2.047 1.788 1.592 1.460 1.378 1.329 1.297 1.269 1.236 1.195
0.000 0.000 0.000 0.000 0.000 0.000 0.000 0.000 0.000 0.000 0.000 0.000 0.000 0.000 0.000 0.002 0.006 0.014 0.032 0.069 0.142 0.271 0.473 0.763 1.171 1.740 2.430 2.957 3.259 3.387 3.411 3.377 3.227 2.968 2.769 2.701 2.735 2.950 3.442 4.281 5.524 7.203 8.903 10.176 11.054 11.560 11.844 11.989 12.086 12.105 12.033 11.842 11.503 10.976 10.266 9.397 8.508 7.695 6.902 6.081 5.231 4.417 3.681 3.049 2.529 2.107 1.773 1.516 1.325 1.196 1.123 1.095 1.093 1.113 1.147 1.161 1.148
0.000 0.000 0.000 0.000 0.000 0.000 0.000 0.000 0.000 0.000 0.000 0.000 0.000 0.000 0.000 0.001 0.002 0.006 0.015 0.041 0.106 0.242 0.466 0.782 1.211 1.805 2.582 3.258 3.672 3.857 3.898 3.866 3.702 3.368 3.047 2.905 2.893 3.033 3.458 4.262 5.494 7.171 8.902 10.189 11.050 11.570 11.844 11.983 12.037 12.055 11.969 11.769 11.404 10.848 10.119 9.240 8.263 7.301 6.352 5.386 4.438 3.588 2.886 2.322 1.877 1.533 1.271 1.077 0.942 0.858 0.819 0.810 0.819 0.862 0.951 1.031 1.060
0.000 0.000 0.000 0.000 0.000 0.000 0.000 0.000 0.000 0.000 0.000 0.000 0.000 0.000 0.000 0.000 0.001 0.002 0.005 0.017 0.060 0.184 0.428 0.779 1.227 1.832 2.648 3.457 3.988 4.247 4.316 4.298 4.152 3.793 3.350 3.121 3.064 3.135 3.465 4.195 5.394 7.083 8.845 10.143 11.007 11.512 11.758 11.872 11.873 11.867 11.762 11.524 11.102 10.526 9.768 8.871 7.851 6.755 5.647 4.575 3.633 2.851 2.230 1.746 1.376 1.099 0.895 0.751 0.656 0.602 0.580 0.577 0.587 0.622 0.703 0.825 0.921
0.000 0.000 0.000 0.000 0.000 0.000 0.000 0.000 0.000 0.000 0.000 0.000 0.000 0.000 0.000 0.000 0.000 0.000 0.001 0.006 0.029 0.121 0.358 0.743 1.226 1.836 2.659 3.557 4.196 4.542 4.655 4.651 4.538 4.213 3.696 3.360 3.254 3.277 3.510 4.121 5.221 6.858 8.628 9.932 10.781 11.284 11.537 11.626 11.586 11.525 11.329 10.997 10.497 9.876 9.103 8.214 7.206 6.052 4.857 3.797 2.930 2.238 1.705 1.300 0.998 0.778 0.621 0.514 0.447 0.411 0.398 0.396 0.405 0.434 0.494 0.597 0.725
0.000 0.000 0.000 0.000 0.000 0.000 0.000 0.000 0.000 0.000 0.000 0.000 0.000 0.000 0.000 0.000 0.000 0.000 0.001 0.003 0.014 0.073 0.272 0.658 1.181 1.814 2.637 3.581 4.298 4.725 4.897 4.916 4.838 4.574 4.070 3.644 3.478 3.467 3.620 4.104 5.058 6.569 8.309 9.569 10.386 10.853 11.076 11.135 11.086 10.948 10.612 10.136 9.501 8.804 8.066 7.244 6.317 5.221 4.058 3.089 2.322 1.732 1.287 0.956 0.715 0.544 0.425 0.346 0.298 0.273 0.264 0.263 0.269 0.291 0.337 0.415 0.525
0.000 0.000 0.000 0.000 0.000 0.000 0.000 0.000 0.000 0.000 0.000 0.000 0.000 0.000 0.000 0.000 0.000 0.000 0.001 0.001 0.007 0.040 0.183 0.525 1.061 1.730 2.562 3.545 4.318 4.807 5.033 5.081 5.038 4.836 4.391 3.947 3.747 3.714 3.797 4.149 4.909 6.204 7.806 8.994 9.763 10.165 10.353 10.387 10.312 10.075 9.615 8.918 8.049 7.269 6.616 5.951 5.205 4.292 3.265 2.434 1.798 1.315 0.957 0.695 0.507 0.376 0.287 0.230 0.196 0.177 0.169 0.167 0.170 0.182 0.213 0.266 0.335
0.000 0.000 0.000 0.000 0.000 0.000 0.000 0.000 0.000 0.000 0.000 0.000 0.000 0.000 0.000 0.000 0.000 0.000 0.000 0.001 0.004 0.020 0.101 0.360 0.860 1.552 2.405 3.432 4.279 4.818 5.082 5.158 5.139 4.984 4.608 4.166 3.945 3.900 3.940 4.188 4.765 5.821 7.198 8.230 8.894 9.227 9.344 9.339 9.227 8.906 8.317 7.405 6.359 5.537 4.944 4.428 3.902 3.268 2.496 1.844 1.348 0.975 0.700 0.498 0.355 0.257 0.192 0.151 0.127 0.113 0.106 0.102 0.101 0.104 0.116 0.141 0.165
0.000 0.000 0.000 0.000 0.000 0.000 0.000 0.000 0.000 0.000 0.000 0.000 0.000 0.000 0.000 0.000 0.000 0.000 0.000 0.000 0.002 0.008 0.045 0.198 0.595 1.261 2.127 3.186 4.134 4.757 5.077 5.179 5.169 5.045 4.726 4.285 4.044 3.979 3.995 4.175 4.603 5.404 6.501 7.329 7.826 8.046 8.096 8.053 7.874 7.471 6.780 5.843 4.922 4.172 3.599 3.157 2.753 2.316 1.801 1.337 0.972 0.698 0.497 0.349 0.243 0.171 0.126 0.098 0.081 0.071 0.064 0.059 0.055 0.052 0.053 0.058 0.060
0.000 0.000 0.000 0.000 0.000 0.000 0.000 0.000 0.000 0.000 0.000 0.000 0.000 0.000 0.000 0.000 0.000 0.000 0.000 0.000 0.001 0.003 0.017 0.086 0.325 0.864 1.697 2.762 3.838 4.597 5.014 5.163 5.165 5.057 4.760 4.326 4.068 3.987 3.992 4.113 4.402 4.948 5.703 6.254 6.552 6.648 6.636 6.536 6.303 5.893 5.271 4.472 3.734 3.130 2.634 2.228 1.881 1.549 1.212 0.908 0.660 0.469 0.329 0.229 0.157 0.109 0.079 0.061 0.050 0.042 0.037 0.032 0.027 0.024 0.021 0.020 0.019
0.000 0.000 0.000 0.000 0.000 0.000 0.000 0.000 0.000 0.000 0.000 0.000 0.000 0.000 0.000 0.000 0.000 0.000 0.000 0.000 0.000 0.001 0.006 0.029 0.135 0.448 1.101 2.112 3.320 4.290 4.868 5.099 5.132 5.038 4.748 4.317 4.044 3.934 3.908 3.956 4.113 4.404 4.800 5.045 5.141 5.152 5.124 5.025 4.824 4.485 3.980 3.336 2.757 2.292 1.911 1.578 1.282 1.012 0.774 0.573 0.412 0.288 0.197 0.134 0.091 0.062 0.044 0.034 0.027 0.023 0.019 0.016 0.013 0.011 0.009 0.008 0.008
0.000 0.000 0.000 0.000 0.000 0.000 0.000 0.000 0.000 0.000 0.000 0.000 0.000 0.000 0.000 0.000 0.000 0.000 0.000 0.000 0.000 0.001 0.002 0.011 0.047 0.177 0.518 1.233 2.412 3.703 4.579 4.992 5.063 4.960 4.665 4.218 3.916 3.762 3.686 3.649 3.662 3.709 3.776 3.803 3.817 3.816 3.791 3.718 3.566 3.306 2.915 2.416 1.973 1.624 1.340 1.093 0.871 0.671 0.496 0.354 0.246 0.167 0.110 0.072 0.047 0.032 0.022 0.017 0.014 0.011 0.009 0.007 0.006 0.005 0.004 0.004 0.004
0.000 0.000 0.000 0.000 0.000 0.000 0.000 0.000 0.000 0.000 0.000 0.000 0.000 0.000 0.000 0.000 0.000 0.000 0.000 0.000 0.000 0.001 0.002 0.008 0.028 0.087 0.234 0.561 1.249 2.462 3.753 4.580 4.840 4.748 4.413 3.938 3.611 3.411 3.268 3.132 2.984 2.825 2.716 2.684 2.681 2.685 2.673 2.628 2.528 2.345 2.061 1.692 1.365 1.111 0.906 0.732 0.578 0.443 0.325 0.228 0.152 0.098 0.062 0.038 0.024 0.015 0.010 0.008 0.006 0.005 0.004 0.003 0.003 0.003 0.002 0.002 0.002
0.000 0.000 0.000 0.000 0.000 0.000 0.000 0.000 0.000 0.000 0.000 0.000 0.000 0.000 0.000 0.000 0.000 0.000 0.000 0.000 0.001 0.001 0.004 0.012 0.035 0.092 0.209 0.368 0.594 1.077 2.072 3.278 4.026 4.114 3.842 3.389 3.051 2.814 2.602 2.366 2.096 1.883 1.780 1.757 1.761 1.779 1.783 1.764 1.706 1.589 1.398 1.143 0.909 0.731 0.590 0.473 0.373 0.286 0.210 0.147 0.098 0.062 0.037 0.022 0.012 0.007 0.005 0.003 0.003 0.002 0.002 0.002 0.001 0.001 0.001 0.001 0.001
0.000 0.000 0.000 0.000 0.000 0.000 0.000 0.000 0.000 0.000 0.000 0.000 0.000 0.000 0.000 0.000 0.000 0.000 0.000 0.000 0.001 0.003 0.010 0.029 0.077 0.180 0.319 0.421 0.470 0.519 0.741 1.372 2.245 2.725 2.718 2.466 2.178 1.951 1.741 1.530 1.310 1.145 1.063 1.049 1.062 1.095 1.115 1.113 1.087 1.021 0.905 0.742 0.584 0.463 0.369 0.295 0.232 0.177 0.130 0.091 0.060 0.037 0.022 0.012 0.006 0.003 0.002 0.001 0.001 0.001 0.001 0.001 0.001 0.001 0.001 0.001 0.001
0.000 0.000 0.000 0.000 0.000 0.000 0.000 0.000 0.000 0.000 0.000 0.000 0.000 0.000 0.000 0.000 0.000 0.000 0.000 0.001 0.002 0.007 0.024 0.070 0.180 0.336 0.444 0.479 0.476 0.423 0.310 0.348 0.705 1.168 1.355 1.356 1.257 1.146 1.034 0.911 0.764 0.640 0.573 0.557 0.565 0.597 0.633 0.647 0.641 0.613 0.554 0.461 0.360 0.280 0.219 0.172 0.133 0.100 0.072 0.050 0.032 0.020 0.011 0.006 0.003 0.001 0.001 0.001 0.001 0.001 0.001 0.001 0.001 0.001 0.001 0.001 0.001
0.000 0.000 0.000 0.000 0.000 0.000 0.000 0.000 0.000 0.000 0.000 0.000 0.000 0.000 0.000 0.000 0.000 0.000 0.000 0.001 0.004 0.016 0.053 0.148 0.312 0.433 0.476 0.482 0.453 0.350 0.184 0.103 0.130 0.328 0.520 0.602 0.620 0.598 0.559 0.500 0.416 0.330 0.276 0.255 0.255 0.270 0.302 0.327 0.334 0.328 0.305 0.261 0.203 0.154 0.116 0.087 0.065 0.046 0.032 0.022 0.014 0.008 0.004 0.002 0.001 0.001 0.001 0.001 0.001 0.001 0.001 0.001 0.001 0.001 0.001 0.001 0.001
0.000 0.000 0.000 0.000 0.000 0.000 0.000 0.000 0.000 0.000 0.000 0.000 0.000 0.000 0.000 0.000 0.000 0.000 0.001 0.002 0.010 0.034 0.100 0.247 0.399 0.459 0.472 0.452 0.358 0.203 0.084 0.036 0.027 0.058 0.144 0.215 0.252 0.265 0.261 0.243 0.206 0.156 0.119 0.100 0.095 0.097 0.111 0.131 0.142 0.144 0.139 0.124 0.097 0.071 0.051 0.036 0.025 0.016 0.011 0.007 0.004 0.002 0.001 0.001 0.001 0.001 0.001 0.001 0.001 0.001 0.001 0.001 0.001 0.001 0.001 0.001 0.000
0.000 0.000 0.000 0.000 0.000 0.000 0.000 0.000 0.000 0.000 0.000 0.000 0.000 0.000 0.000 0.000 0.000 0.001 0.002 0.006 0.021 0.064 0.173 0.332 0.426 0.451 0.439 0.355 0.202 0.084 0.032 0.012 0.007 0.009 0.029 0.060 0.084 0.097 0.102 0.100 0.089 0.067 0.047 0.035 0.030 0.029 0.031 0.039 0.045 0.048 0.048 0.045 0.036 0.025 0.017 0.011 0.007 0.004 0.003 0.002 0.001 0.001 0.001 0.001 0.001 0.001 0.001 0.001 0.001 0.001 0.001 0.001 0.001 0.001 0.001 0.001 0.000
0.000 0.000 0.000 0.000 0.000 0.000 0.000 0.000 0.000 0.000 0.000 0.000 0.000 0.000 0.000 0.000 0.001 0.002 0.005 0.014 0.041 0.113 0.253 0.372 0.416 0.418 0.360 0.213 0.086 0.032 0.011 0.004 0.002 0.002 0.004 0.014 0.024 0.031 0.034 0.035 0.033 0.027 0.018 0.012 0.009 0.008 0.008 0.009 0.011 0.012 0.012 0.012 0.010 0.007 0.004 0.003 0.002 0.001 0.001 0.001 0.001 0.001 0.001 0.001 0.000 0.001 0.001 0.001 0.001 0.001 0.001 0.001 0.001 0.001 0.001 0.001 0.000
0.000 0.000 0.000 0.000 0.000 0.000 0.000 0.000 0.000 0.000 0.000 0.000 0.000 0.000 0.001 0.001 0.003 0.005 0.012 0.029 0.072 0.171 0.307 0.375 0.388 0.357 0.243 0.102 0.037 0.013 0.004 0.001 0.001 0.001 0.001 0.003 0.006 0.009 0.010 0.011 0.011 0.009 0.006 0.004 0.003 0.002 0.002 0.002 0.002 0.003 0.003 0.003 0.002 0.002 0.001 0.001 0.001 0.000 0.000 0.000 0.000 0.000 0.001 0.001 0.001 0.000 0.001 0.001 0.001 0.001 0.001 0.001 0.001 0.000 0.000 0.001 0.000
0.000 0.000 0.000 0.000 0.000 0.000 0.000 0.000 0.000 0.000 0.000 0.000 0.001 0.001 0.002 0.004 0.006 0.012 0.024 0.051 0.111 0.224 0.324 0.355 0.347 0.270 0.133 0.047 0.016 0.005 0.001 0.001 0.001 0.001 0.001 0.001 0.001 0.002 0.003 0.003 0.003 0.003 0.002 0.001 0.001 0.001 0.001 0.001 0.001 0.001 0.001 0.001 0.001 0.001 0.000 0.000 0.000 0.000 0.000 0.000 0.000 0.000 0.000 0.001 0.000 0.000 0.001 0.001 0.001 0.001 0.001 0.001 0.001 0.000 0.000 0.000 0.000
0.000 0.000 0.000 0.000 0.000 0.000 0.000 0.000 0.000 0.000 0.001 0.001 0.002 0.003 0.005 0.008 0.013 0.022 0.040 0.076 0.150 0.258 0.315 0.322 0.288 0.178 0.067 0.022 0.007 0.002 0.001 0.001 0.001 0.001 0.001 0.001 0.001 0.001 0.001 0.001 0.001 0.001 0.001 0.001 0.001 0.001 0.001 0.001 0.001 0.001 0.001 0.000 0.000 0.000 0.000 0.000 0.000 0.000 0.000 0.000 0.000 0.000 0.000 0.000 0.000 0.000 0.001 0.001 0.001 0.001 0.000 0.001 0.000 0.000 0.000 0.000 0.000
0.000 0.000 0.000 0.000 0.000 0.000 0.000 0.000 0.000 0.001 0.002 0.003 0.004 0.007 0.010 0.014 0.020 0.031 0.054 0.101 0.192 0.274 0.298 0.289 0.221 0.101 0.033 0.011 0.004 0.001 0.001 0.001 0.001 0.001 0.001 0.001 0.001 0.000 0.000 0.000 0.001 0.001 0.001 0.001 0.001 0.001 0.001 0.001 0.001 0.001 0.001 0.000 0.000 0.000 0.000 0.000 0.000 0.000 0.000 0.000 0.000 0.000 0.000 0.000 0.000 0.000 0.001 0.001 0.001 0.000 0.000 0.000 0.000 0.000 0.000 0.000 0.000
