RESULTS/r.avaflow_results/11_results/11_ascii/11_hflow0040.asc
ncols 506
nrows 317
xllcenter 498237.50
yllcenter 5580050.00
cellsize 12.50
NODATA_value -9999.000
[rows 170 to 203 of 317, columns 154 to 230 of 506]
9.825 9.582 9.351 9.105 8.842 8.570 8.302 8.048 7.816 7.607 7.413 7.224 7.022 6.761 6.376 5.838 5.161 4.389 3.591 2.847 2.183 1.617 1.170 0.849 0.639 0.515 0.449 0.424 0.422 0.437 0.469 0.497 0.511 0.518 0.526 0.538 0.559 0.579 0.587 0.586 0.578 0.564 0.548 0.531 0.509 0.477 0.431 0.375 0.323 0.274 0.229 0.190 0.160 0.139 0.128 0.123 0.122 0.124 0.130 0.135 0.140 0.144 0.146 0.148 0.149 0.153 0.161 0.183 0.234 0.329 0.426 0.475 0.487 0.471 0.420 0.327 0.230
12.815 12.925 12.928 12.845 12.712 12.506 12.230 11.911 11.586 11.277 10.988 10.710 10.429 10.099 9.636 8.978 8.118 7.089 5.956 4.829 3.782 2.851 2.080 1.498 1.099 0.845 0.696 0.623 0.599 0.598 0.605 0.605 0.597 0.584 0.576 0.575 0.581 0.588 0.589 0.583 0.567 0.544 0.518 0.492 0.459 0.412 0.343 0.266 0.200 0.155 0.126 0.107 0.094 0.087 0.084 0.084 0.087 0.093 0.099 0.104 0.106 0.107 0.107 0.107 0.108 0.110 0.117 0.134 0.171 0.242 0.346 0.427 0.462 0.467 0.452 0.409 0.329
16.005 16.515 16.716 16.695 16.576 16.360 16.056 15.708 15.350 14.998 14.659 14.334 14.012 13.658 13.194 12.509 11.552 10.350 8.971 7.520 6.094 4.754 3.570 2.607 1.891 1.395 1.073 0.883 0.778 0.715 0.673 0.642 0.617 0.595 0.579 0.571 0.567 0.565 0.558 0.539 0.506 0.465 0.424 0.382 0.334 0.271 0.200 0.143 0.107 0.085 0.071 0.063 0.059 0.057 0.058 0.060 0.065 0.071 0.077 0.080 0.081 0.081 0.081 0.080 0.081 0.082 0.087 0.100 0.125 0.173 0.258 0.362 0.431 0.458 0.461 0.446 0.404
18.278 19.134 19.561 19.661 19.596 19.435 19.195 18.915 18.609 18.280 17.932 17.580 17.230 16.861 16.405 15.751 14.833 13.656 12.276 10.739 9.093 7.417 5.774 4.328 3.159 2.272 1.643 1.225 0.957 0.790 0.694 0.639 0.603 0.573 0.548 0.528 0.510 0.493 0.471 0.432 0.373 0.313 0.262 0.218 0.178 0.136 0.100 0.075 0.059 0.050 0.044 0.041 0.040 0.040 0.041 0.044 0.049 0.056 0.060 0.063 0.063 0.063 0.063 0.062 0.063 0.064 0.068 0.077 0.094 0.126 0.181 0.277 0.382 0.439 0.456 0.454 0.435
19.482 20.581 21.262 21.602 21.729 21.735 21.656 21.522 21.331 21.073 20.740 20.356 19.964 19.566 19.109 18.485 17.614 16.489 15.144 13.632 11.983 10.200 8.267 6.311 4.603 3.233 2.214 1.519 1.084 0.827 0.686 0.605 0.550 0.506 0.465 0.429 0.396 0.361 0.320 0.268 0.211 0.167 0.135 0.111 0.089 0.070 0.054 0.044 0.037 0.033 0.030 0.029 0.029 0.030 0.031 0.034 0.038 0.043 0.047 0.049 0.050 0.050 0.050 0.051 0.051 0.053 0.057 0.063 0.074 0.094 0.130 0.195 0.303 0.397 0.439 0.448 0.440
19.785 21.000 21.892 22.511 22.929 23.190 23.324 23.341 23.265 23.095 22.790 22.365 21.924 21.505 21.053 20.473 19.681 18.643 17.354 15.834 14.111 12.192 10.050 7.696 5.560 3.832 2.544 1.676 1.143 0.832 0.651 0.535 0.452 0.383 0.323 0.276 0.240 0.210 0.179 0.144 0.113 0.090 0.073 0.060 0.049 0.040 0.033 0.028 0.025 0.024 0.023 0.023 0.023 0.023 0.024 0.026 0.029 0.034 0.037 0.039 0.040 0.041 0.042 0.043 0.044 0.046 0.049 0.054 0.062 0.075 0.098 0.141 0.219 0.325 0.397 0.426 0.429
19.631 20.902 21.907 22.692 23.324 23.809 24.115 24.240 24.232 24.125 23.850 23.389 22.913 22.500 22.069 21.533 20.819 19.880 18.669 17.159 15.365 13.309 10.981 8.371 5.979 4.063 2.651 1.715 1.147 0.803 0.584 0.433 0.321 0.240 0.186 0.152 0.132 0.115 0.098 0.079 0.064 0.052 0.043 0.036 0.030 0.026 0.022 0.020 0.019 0.018 0.018 0.018 0.018 0.018 0.019 0.021 0.023 0.026 0.029 0.031 0.033 0.034 0.036 0.037 0.039 0.041 0.044 0.048 0.054 0.063 0.079 0.108 0.157 0.240 0.328 0.381 0.401
19.037 20.415 21.583 22.539 23.305 23.878 24.233 24.388 24.399 24.314 24.055 23.580 23.088 22.690 22.277 21.762 21.085 20.206 19.063 17.587 15.764 13.623 11.191 8.476 6.010 4.044 2.609 1.665 1.082 0.717 0.476 0.311 0.204 0.141 0.104 0.085 0.073 0.064 0.055 0.046 0.039 0.033 0.028 0.024 0.020 0.018 0.016 0.015 0.014 0.014 0.014 0.014 0.014 0.015 0.015 0.016 0.018 0.020 0.022 0.025 0.027 0.029 0.031 0.033 0.035 0.038 0.040 0.044 0.048 0.056 0.067 0.087 0.119 0.172 0.245 0.313 0.355
18.019 19.528 20.865 22.005 22.916 23.559 23.928 24.072 24.071 23.982 23.729 23.274 22.771 22.350 21.914 21.385 20.722 19.886 18.797 17.360 15.542 13.368 10.853 8.095 5.656 3.729 2.344 1.446 0.895 0.547 0.325 0.192 0.120 0.081 0.061 0.050 0.043 0.038 0.034 0.029 0.025 0.022 0.019 0.017 0.015 0.013 0.012 0.011 0.011 0.011 0.011 0.011 0.011 0.011 0.012 0.012 0.014 0.015 0.017 0.019 0.022 0.024 0.027 0.029 0.031 0.034 0.037 0.040 0.044 0.050 0.059 0.073 0.096 0.130 0.179 0.237 0.291
16.683 18.293 19.739 20.992 21.994 22.693 23.082 23.206 23.167 23.034 22.774 22.387 21.905 21.389 20.831 20.219 19.531 18.716 17.674 16.270 14.437 12.195 9.593 6.944 4.698 2.972 1.767 1.009 0.568 0.317 0.179 0.107 0.069 0.048 0.038 0.032 0.028 0.025 0.023 0.020 0.018 0.016 0.014 0.012 0.011 0.010 0.009 0.008 0.008 0.008 0.008 0.008 0.008 0.008 0.009 0.009 0.010 0.011 0.013 0.015 0.017 0.020 0.022 0.025 0.028 0.031 0.034 0.037 0.041 0.046 0.053 0.065 0.081 0.105 0.138 0.181 0.227
15.073 16.699 18.177 19.479 20.548 21.319 21.759 21.883 21.808 21.616 21.354 21.058 20.627 19.988 19.229 18.470 17.698 16.832 15.727 14.227 12.258 9.855 7.262 4.927 3.097 1.796 0.968 0.506 0.270 0.150 0.090 0.058 0.041 0.031 0.026 0.022 0.020 0.018 0.016 0.015 0.013 0.012 0.011 0.009 0.008 0.007 0.006 0.006 0.006 0.005 0.005 0.005 0.005 0.006 0.006 0.006 0.007 0.008 0.010 0.011 0.014 0.016 0.018 0.021 0.024 0.027 0.030 0.034 0.038 0.043 0.049 0.059 0.073 0.092 0.116 0.147 0.182
13.197 14.742 16.213 17.571 18.754 19.662 20.213 20.389 20.314 20.108 19.851 19.576 19.127 18.383 17.456 16.528 15.598 14.536 13.151 11.310 8.954 6.424 4.224 2.607 1.515 0.824 0.423 0.216 0.118 0.071 0.048 0.035 0.027 0.022 0.019 0.017 0.015 0.014 0.013 0.011 0.010 0.009 0.008 0.007 0.006 0.005 0.004 0.004 0.003 0.003 0.003 0.003 0.003 0.003 0.004 0.004 0.005 0.006 0.007 0.009 0.010 0.013 0.015 0.018 0.021 0.024 0.027 0.031 0.035 0.040 0.047 0.056 0.068 0.085 0.105 0.128 0.155
11.142 12.540 13.982 15.415 16.740 17.813 18.511 18.791 18.762 18.579 18.290 17.903 17.311 16.458 15.434 14.353 13.192 11.768 9.869 7.506 5.149 3.258 1.925 1.087 0.596 0.317 0.166 0.091 0.056 0.038 0.029 0.023 0.019 0.017 0.015 0.013 0.012 0.011 0.010 0.009 0.008 0.007 0.006 0.005 0.004 0.003 0.003 0.002 0.002 0.002 0.002 0.002 0.002 0.002 0.002 0.003 0.003 0.004 0.005 0.006 0.008 0.010 0.012 0.014 0.017 0.021 0.024 0.028 0.032 0.038 0.045 0.054 0.066 0.082 0.099 0.118 0.140
9.150 10.318 11.610 13.018 14.396 15.553 16.350 16.730 16.760 16.586 16.178 15.545 14.708 13.709 12.597 11.364 9.903 8.034 5.860 3.839 2.323 1.292 0.686 0.371 0.207 0.117 0.069 0.044 0.031 0.024 0.020 0.017 0.015 0.013 0.012 0.011 0.010 0.009 0.008 0.007 0.006 0.005 0.004 0.003 0.002 0.002 0.001 0.001 0.001 0.001 0.001 0.001 0.001 0.001 0.001 0.001 0.002 0.002 0.003 0.004 0.006 0.007 0.009 0.012 0.015 0.018 0.021 0.026 0.030 0.036 0.044 0.053 0.066 0.080 0.096 0.114 0.132
7.230 8.101 9.095 10.213 11.350 12.333 13.054 13.435 13.488 13.311 12.791 11.925 10.790 9.556 8.332 7.038 5.592 4.016 2.568 1.476 0.779 0.398 0.214 0.125 0.077 0.050 0.034 0.026 0.020 0.017 0.015 0.013 0.012 0.011 0.010 0.009 0.008 0.007 0.006 0.005 0.004 0.003 0.003 0.002 0.001 0.001 0.000 0.000 0.000 0.000 0.000 0.000 0.000 0.000 0.000 0.000 0.001 0.001 0.002 0.003 0.004 0.006 0.007 0.010 0.012 0.015 0.019 0.023 0.028 0.035 0.043 0.053 0.065 0.079 0.095 0.112 0.129
5.341 5.785 6.264 6.792 7.349 7.872 8.291 8.526 8.557 8.407 7.919 7.067 5.983 4.934 4.022 3.167 2.298 1.455 0.816 0.421 0.217 0.122 0.075 0.051 0.036 0.027 0.021 0.018 0.015 0.013 0.012 0.011 0.010 0.009 0.008 0.008 0.007 0.006 0.005 0.004 0.003 0.002 0.002 0.001 0.000 0.000 0.000 0.000 0.000 0.000 0.000 0.000 0.000 0.000 0.000 0.000 0.000 0.001 0.001 0.002 0.003 0.004 0.006 0.008 0.010 0.013 0.017 0.021 0.027 0.033 0.041 0.052 0.064 0.078 0.094 0.111 0.129
3.555 3.629 3.699 3.777 3.863 3.959 4.044 4.082 4.064 3.968 3.692 3.200 2.532 1.913 1.436 1.042 0.688 0.402 0.218 0.120 0.072 0.048 0.035 0.027 0.022 0.018 0.016 0.014 0.012 0.011 0.010 0.009 0.008 0.008 0.007 0.006 0.006 0.005 0.004 0.004 0.003 0.002 0.001 0.000 0.000 0.000 0.000 0.000 0.000 0.000 0.000 0.000 0.000 0.000 0.000 0.000 0.000 0.000 0.000 0.001 0.002 0.003 0.004 0.006 0.008 0.011 0.015 0.019 0.025 0.031 0.040 0.050 0.062 0.076 0.093 0.111 0.130
2.027 1.899 1.795 1.713 1.644 1.590 1.551 1.517 1.482 1.425 1.303 1.094 0.813 0.574 0.412 0.290 0.190 0.116 0.071 0.046 0.034 0.027 0.022 0.019 0.016 0.014 0.012 0.011 0.010 0.009 0.008 0.008 0.007 0.007 0.006 0.006 0.005 0.005 0.004 0.003 0.002 0.001 0.001 0.000 0.000 0.000 0.000 0.000 0.000 0.000 0.000 0.000 0.000 0.000 0.000 0.000 0.000 0.000 0.000 0.000 0.001 0.002 0.003 0.004 0.006 0.009 0.012 0.017 0.022 0.029 0.037 0.047 0.059 0.073 0.090 0.111 0.134
0.928 0.809 0.728 0.668 0.617 0.569 0.530 0.499 0.472 0.443 0.399 0.332 0.242 0.171 0.124 0.091 0.064 0.045 0.033 0.026 0.021 0.018 0.016 0.014 0.012 0.011 0.010 0.009 0.008 0.008 0.007 0.007 0.006 0.006 0.006 0.005 0.005 0.005 0.004 0.003 0.002 0.001 0.000 0.000 0.000 0.000 0.000 0.000 0.000 0.000 0.000 0.000 0.000 0.000 0.000 0.000 0.000 0.000 0.000 0.000 0.000 0.001 0.002 0.003 0.005 0.007 0.010 0.014 0.019 0.026 0.033 0.042 0.054 0.069 0.087 0.109 0.135
0.371 0.318 0.283 0.257 0.233 0.209 0.187 0.170 0.157 0.144 0.129 0.110 0.083 0.063 0.049 0.039 0.031 0.025 0.021 0.018 0.016 0.014 0.012 0.011 0.010 0.009 0.008 0.008 0.007 0.007 0.007 0.007 0.006 0.006 0.006 0.006 0.006 0.005 0.005 0.004 0.003 0.002 0.001 0.000 0.000 0.000 0.000 0.000 0.000 0.000 0.000 0.000 0.000 0.000 0.000 0.000 0.000 0.000 0.000 0.000 0.000 0.000 0.001 0.002 0.003 0.005 0.008 0.011 0.016 0.021 0.028 0.036 0.047 0.061 0.080 0.104 0.132
0.148 0.128 0.115 0.104 0.094 0.084 0.074 0.067 0.061 0.057 0.052 0.046 0.039 0.032 0.027 0.023 0.020 0.018 0.015 0.014 0.012 0.011 0.010 0.009 0.008 0.008 0.007 0.007 0.007 0.007 0.007 0.007 0.007 0.007 0.007 0.007 0.007 0.007 0.006 0.005 0.004 0.002 0.001 0.000 0.000 0.000 0.000 0.000 0.000 0.000 0.000 0.000 0.000 0.000 0.000 0.000 0.000 0.000 0.000 0.000 0.000 0.000 0.000 0.001 0.002 0.004 0.006 0.008 0.012 0.016 0.022 0.029 0.038 0.050 0.067 0.090 0.119
0.065 0.057 0.052 0.048 0.044 0.040 0.036 0.033 0.031 0.029 0.028 0.026 0.024 0.021 0.019 0.017 0.015 0.013 0.012 0.011 0.010 0.009 0.008 0.008 0.008 0.007 0.007 0.008 0.008 0.008 0.009 0.010 0.010 0.010 0.010 0.010 0.010 0.010 0.009 0.008 0.005 0.003 0.001 0.000 0.000 0.000 0.000 0.000 0.000 0.000 0.000 0.000 0.000 0.000 0.000 0.000 0.000 0.000 0.000 0.000 0.000 0.000 0.000 0.000 0.001 0.002 0.004 0.006 0.009 0.012 0.016 0.021 0.028 0.036 0.049 0.067 0.093
0.033 0.030 0.028 0.027 0.025 0.023 0.022 0.020 0.020 0.019 0.019 0.018 0.017 0.016 0.014 0.013 0.012 0.011 0.010 0.009 0.008 0.008 0.007 0.007 0.008 0.008 0.009 0.010 0.011 0.012 0.013 0.015 0.015 0.016 0.017 0.017 0.017 0.016 0.014 0.010 0.006 0.003 0.001 0.000 0.000 0.000 0.000 0.000 0.000 0.000 0.000 0.000 0.000 0.000 0.000 0.000 0.000 0.000 0.000 0.000 0.000 0.000 0.000 0.000 0.001 0.001 0.003 0.004 0.006 0.009 0.012 0.015 0.020 0.026 0.033 0.045 0.061
0.020 0.019 0.018 0.017 0.017 0.016 0.015 0.015 0.014 0.014 0.014 0.014 0.013 0.013 0.012 0.011 0.009 0.009 0.008 0.008 0.007 0.007 0.008 0.008 0.010 0.011 0.013 0.015 0.018 0.020 0.023 0.025 0.027 0.028 0.028 0.028 0.025 0.021 0.016 0.011 0.007 0.003 0.001 0.000 0.000 0.000 0.000 0.000 0.000 0.000 0.000 0.000 0.000 0.000 0.000 0.000 0.000 0.000 0.000 0.000 0.000 0.000 0.000 0.000 0.000 0.001 0.002 0.003 0.004 0.006 0.008 0.011 0.014 0.018 0.023 0.030 0.040
0.013 0.013 0.013 0.012 0.012 0.012 0.012 0.012 0.011 0.011 0.011 0.011 0.011 0.010 0.010 0.009 0.008 0.007 0.007 0.007 0.008 0.008 0.010 0.012 0.015 0.018 0.023 0.028 0.034 0.038 0.043 0.046 0.048 0.047 0.044 0.038 0.031 0.024 0.017 0.011 0.007 0.003 0.001 0.000 0.000 0.000 0.000 0.000 0.000 0.000 0.000 0.000 0.000 0.000 0.000 0.000 0.000 0.000 0.000 0.000 0.000 0.000 0.000 0.000 0.000 0.000 0.001 0.002 0.003 0.004 0.006 0.008 0.010 0.013 0.017 0.021 0.027
0.010 0.010 0.010 0.010 0.010 0.010 0.009 0.009 0.009 0.009 0.009 0.009 0.009 0.008 0.008 0.007 0.007 0.007 0.007 0.008 0.009 0.012 0.015 0.020 0.027 0.036 0.047 0.057 0.065 0.071 0.074 0.074 0.070 0.063 0.053 0.043 0.033 0.025 0.017 0.011 0.006 0.003 0.001 0.000 0.000 0.000 0.000 0.000 0.000 0.000 0.000 0.000 0.000 0.000 0.000 0.000 0.000 0.000 0.000 0.000 0.000 0.000 0.000 0.000 0.000 0.000 0.000 0.001 0.002 0.003 0.004 0.005 0.007 0.009 0.012 0.015 0.019
0.008 0.008 0.008 0.008 0.008 0.008 0.008 0.008 0.008 0.008 0.008 0.008 0.007 0.007 0.007 0.007 0.007 0.008 0.009 0.011 0.014 0.019 0.027 0.039 0.054 0.072 0.087 0.098 0.103 0.103 0.099 0.092 0.081 0.069 0.056 0.044 0.033 0.024 0.017 0.011 0.006 0.003 0.001 0.000 0.000 0.000 0.000 0.000 0.000 0.000 0.000 0.000 0.000 0.000 0.000 0.000 0.000 0.000 0.000 0.000 0.000 0.000 0.000 0.000 0.000 0.000 0.000 0.000 0.001 0.001 0.002 0.004 0.005 0.007 0.009 0.011 0.014
0.006 0.006 0.006 0.006 0.007 0.007 0.007 0.007 0.007 0.007 0.007 0.007 0.006 0.006 0.007 0.007 0.008 0.010 0.012 0.017 0.025 0.037 0.054 0.076 0.097 0.113 0.123 0.127 0.126 0.121 0.111 0.098 0.083 0.069 0.056 0.043 0.033 0.023 0.016 0.010 0.006 0.003 0.001 0.000 0.000 0.000 0.000 0.000 0.000 0.000 0.000 0.000 0.000 0.000 0.000 0.000 0.000 0.000 0.000 0.000 0.000 0.000 0.000 0.000 0.000 0.000 0.000 0.000 0.000 0.001 0.001 0.002 0.003 0.004 0.006 0.008 0.010
0.005 0.005 0.005 0.005 0.005 0.005 0.006 0.006 0.006 0.006 0.006 0.006 0.006 0.006 0.007 0.008 0.010 0.014 0.020 0.030 0.046 0.068 0.092 0.113 0.128 0.137 0.140 0.139 0.135 0.127 0.115 0.099 0.083 0.068 0.055 0.042 0.031 0.022 0.015 0.010 0.006 0.003 0.001 0.000 0.000 0.000 0.000 0.000 0.000 0.000 0.000 0.000 0.000 0.000 0.000 0.000 0.000 0.000 0.000 0.000 0.000 0.000 0.000 0.000 0.000 0.000 0.000 0.000 0.000 0.000 0.000 0.001 0.002 0.003 0.004 0.005 0.007
0.004 0.004 0.004 0.004 0.005 0.005 0.005 0.005 0.005 0.005 0.005 0.006 0.006 0.007 0.008 0.011 0.015 0.022 0.034 0.051 0.073 0.097 0.117 0.132 0.141 0.145 0.145 0.143 0.138 0.129 0.115 0.099 0.081 0.066 0.053 0.040 0.030 0.021 0.014 0.009 0.005 0.002 0.001 0.000 0.000 0.000 0.000 0.000 0.000 0.000 0.000 0.000 0.000 0.000 0.000 0.000 0.000 0.000 0.000 0.000 0.000 0.000 0.000 0.000 0.000 0.000 0.000 0.000 0.000 0.000 0.000 0.000 0.001 0.002 0.002 0.004 0.005
0.003 0.003 0.004 0.004 0.004 0.004 0.004 0.004 0.004 0.005 0.005 0.006 0.007 0.008 0.010 0.014 0.021 0.031 0.046 0.067 0.090 0.111 0.126 0.137 0.143 0.146 0.146 0.144 0.139 0.129 0.115 0.096 0.077 0.061 0.048 0.036 0.026 0.018 0.012 0.008 0.004 0.002 0.001 0.000 0.000 0.000 0.000 0.000 0.000 0.000 0.000 0.000 0.000 0.000 0.000 0.000 0.000 0.000 0.000 0.000 0.000 0.000 0.000 0.000 0.000 0.000 0.000 0.000 0.000 0.000 0.000 0.000 0.000 0.001 0.001 0.002 0.003
0.002 0.003 0.003 0.003 0.003 0.004 0.004 0.004 0.004 0.005 0.006 0.007 0.008 0.009 0.012 0.016 0.024 0.036 0.053 0.074 0.097 0.114 0.127 0.137 0.142 0.145 0.145 0.142 0.136 0.126 0.110 0.089 0.068 0.051 0.038 0.027 0.020 0.014 0.009 0.006 0.003 0.002 0.000 0.000 0.000 0.000 0.000 0.000 0.000 0.000 0.000 0.000 0.000 0.000 0.000 0.000 0.000 0.000 0.000 0.000 0.000 0.000 0.000 0.000 0.000 0.000 0.000 0.000 0.000 0.000 0.000 0.000 0.000 0.000 0.000 0.001 0.002
0.001 0.002 0.002 0.003 0.003 0.003 0.004 0.004 0.005 0.006 0.006 0.007 0.008 0.010 0.012 0.017 0.025 0.037 0.054 0.076 0.097 0.113 0.124 0.132 0.135 0.135 0.133 0.129 0.121 0.108 0.091 0.070 0.050 0.035 0.024 0.016 0.011 0.008 0.005 0.003 0.002 0.001 0.000 0.000 0.000 0.000 0.000 0.000 0.000 0.000 0.000 0.000 0.000 0.000 0.000 0.000 0.000 0.000 0.000 0.000 0.000 0.000 0.000 0.000 0.000 0.000 0.000 0.000 0.000 0.000 0.000 0.000 0.000 0.000 0.000 0.000 0.001
0.001 0.001 0.002 0.002 0.003 0.004 0.004 0.005 0.006 0.006 0.007 0.008 0.009 0.010 0.012 0.016 0.024 0.036 0.053 0.073 0.091 0.104 0.111 0.114 0.112 0.108 0.102 0.093 0.083 0.071 0.057 0.041 0.028 0.018 0.012 0.008 0.006 0.004 0.003 0.002 0.001 0.000 0.000 0.000 0.000 0.000 0.000 0.000 0.000 0.000 0.000 0.000 0.000 0.000 0.000 0.000 0.000 0.000 0.000 0.000 0.000 0.000 0.000 0.000 0.000 0.000 0.000 0.000 0.000 0.000 0.000 0.000 0.000 0.000 0.000 0.000 0.000
