RESULTS/r.avaflow_results/11_results/11_ascii/11_hflow30052.asc
ncols 506
nrows 317
xllcenter 498237.50
yllcenter 5580050.00
cellsize 12.50
NODATA_value -9999.000
[rows 170 to 203 of 317, columns 154 to 230 of 506]
8.720 8.575 8.433 8.269 8.077 7.866 7.661 7.470 7.295 7.137 6.991 6.848 6.690 6.466 6.106 5.577 4.897 4.123 3.341 2.617 1.967 1.415 0.986 0.687 0.501 0.394 0.340 0.322 0.322 0.338 0.376 0.417 0.444 0.461 0.477 0.494 0.521 0.545 0.553 0.551 0.537 0.517 0.497 0.478 0.454 0.421 0.373 0.318 0.270 0.225 0.185 0.153 0.129 0.113 0.104 0.101 0.101 0.104 0.109 0.115 0.120 0.122 0.123 0.123 0.124 0.125 0.131 0.150 0.195 0.281 0.369 0.411 0.419 0.399 0.339 0.248 0.168
11.576 11.782 11.883 11.897 11.851 11.729 11.532 11.288 11.029 10.780 10.543 10.314 10.078 9.792 9.363 8.720 7.858 6.821 5.692 4.580 3.542 2.617 1.851 1.281 0.904 0.673 0.543 0.482 0.466 0.477 0.503 0.524 0.532 0.533 0.531 0.534 0.545 0.555 0.557 0.548 0.527 0.497 0.469 0.440 0.407 0.359 0.290 0.217 0.160 0.123 0.100 0.085 0.076 0.071 0.069 0.070 0.074 0.080 0.086 0.090 0.092 0.092 0.091 0.090 0.090 0.091 0.096 0.110 0.143 0.208 0.303 0.374 0.403 0.406 0.388 0.340 0.260
14.789 15.402 15.695 15.757 15.714 15.567 15.322 15.027 14.721 14.420 14.127 13.847 13.570 13.262 12.837 12.181 11.239 10.043 8.676 7.249 5.843 4.508 3.318 2.352 1.646 1.171 0.872 0.702 0.619 0.582 0.567 0.560 0.553 0.544 0.534 0.530 0.530 0.530 0.524 0.502 0.462 0.415 0.373 0.332 0.285 0.225 0.161 0.113 0.084 0.067 0.057 0.051 0.048 0.047 0.048 0.051 0.056 0.063 0.068 0.071 0.071 0.071 0.069 0.068 0.068 0.068 0.072 0.082 0.105 0.148 0.226 0.320 0.381 0.404 0.406 0.390 0.345
17.134 18.097 18.607 18.771 18.765 18.659 18.465 18.228 17.964 17.675 17.366 17.055 16.752 16.430 16.017 15.389 14.479 13.304 11.934 10.425 8.820 7.164 5.519 4.059 2.888 2.016 1.411 1.024 0.792 0.659 0.589 0.557 0.538 0.521 0.501 0.484 0.470 0.455 0.432 0.388 0.323 0.262 0.216 0.179 0.144 0.109 0.079 0.059 0.047 0.040 0.036 0.034 0.033 0.034 0.035 0.038 0.043 0.050 0.054 0.056 0.056 0.056 0.054 0.054 0.054 0.054 0.057 0.064 0.079 0.106 0.156 0.243 0.340 0.392 0.407 0.405 0.385
18.382 19.587 20.349 20.751 20.934 21.000 20.976 20.892 20.746 20.528 20.230 19.881 19.539 19.191 18.776 18.175 17.308 16.179 14.840 13.355 11.747 10.008 8.112 6.156 4.430 3.049 2.033 1.353 0.938 0.703 0.582 0.521 0.482 0.448 0.414 0.380 0.349 0.317 0.279 0.227 0.173 0.134 0.108 0.088 0.071 0.055 0.043 0.035 0.030 0.027 0.026 0.025 0.025 0.026 0.027 0.030 0.034 0.040 0.043 0.045 0.045 0.045 0.044 0.044 0.045 0.046 0.048 0.053 0.062 0.079 0.109 0.167 0.268 0.357 0.396 0.403 0.394
18.685 20.002 20.979 21.668 22.154 22.489 22.700 22.787 22.768 22.645 22.374 21.976 21.584 21.217 20.810 20.256 19.476 18.444 17.162 15.657 13.964 12.091 10.003 7.668 5.490 3.723 2.411 1.537 1.011 0.715 0.550 0.451 0.380 0.321 0.269 0.229 0.201 0.176 0.150 0.119 0.091 0.071 0.057 0.047 0.039 0.032 0.027 0.023 0.021 0.020 0.020 0.020 0.020 0.020 0.022 0.024 0.027 0.032 0.035 0.037 0.038 0.038 0.038 0.038 0.039 0.041 0.043 0.046 0.052 0.063 0.082 0.119 0.189 0.289 0.358 0.384 0.386
18.507 19.879 20.973 21.834 22.546 23.120 23.513 23.719 23.779 23.727 23.488 23.043 22.615 22.262 21.882 21.381 20.692 19.775 18.580 17.080 15.300 13.277 11.001 8.420 5.964 3.989 2.539 1.587 1.022 0.692 0.490 0.355 0.259 0.192 0.149 0.123 0.107 0.095 0.081 0.065 0.051 0.041 0.034 0.029 0.024 0.021 0.019 0.017 0.016 0.016 0.016 0.016 0.016 0.017 0.018 0.019 0.022 0.025 0.028 0.030 0.032 0.033 0.034 0.035 0.036 0.038 0.040 0.043 0.047 0.054 0.067 0.090 0.134 0.208 0.291 0.341 0.361
17.859 19.342 20.610 21.657 22.514 23.178 23.619 23.852 23.937 23.911 23.691 23.227 22.784 22.453 22.099 21.623 20.978 20.129 19.011 17.547 15.732 13.616 11.231 8.543 6.004 3.974 2.499 1.541 0.966 0.618 0.397 0.252 0.162 0.111 0.082 0.067 0.059 0.052 0.046 0.038 0.031 0.026 0.023 0.019 0.017 0.015 0.014 0.013 0.013 0.013 0.013 0.013 0.013 0.014 0.014 0.016 0.017 0.020 0.023 0.025 0.028 0.029 0.031 0.032 0.034 0.036 0.037 0.040 0.043 0.049 0.058 0.073 0.100 0.145 0.211 0.274 0.316
16.795 18.410 19.852 21.095 22.102 22.832 23.276 23.490 23.556 23.525 23.312 22.873 22.419 22.064 21.687 21.199 20.572 19.773 18.717 17.299 15.493 13.343 10.880 8.131 5.627 3.645 2.227 1.325 0.789 0.465 0.267 0.154 0.095 0.064 0.048 0.039 0.035 0.031 0.028 0.024 0.021 0.018 0.016 0.014 0.013 0.011 0.011 0.010 0.010 0.010 0.010 0.010 0.010 0.011 0.011 0.012 0.014 0.016 0.018 0.021 0.024 0.026 0.028 0.030 0.032 0.034 0.036 0.038 0.041 0.045 0.052 0.063 0.081 0.110 0.151 0.203 0.252
15.445 17.156 18.699 20.044 21.132 21.908 22.364 22.549 22.563 22.468 22.242 21.898 21.474 21.007 20.491 19.920 19.275 18.505 17.506 16.133 14.322 12.110 9.559 6.898 4.606 2.848 1.631 0.887 0.478 0.257 0.142 0.084 0.054 0.038 0.030 0.025 0.023 0.021 0.019 0.017 0.015 0.014 0.012 0.011 0.010 0.009 0.008 0.008 0.008 0.008 0.008 0.008 0.008 0.008 0.009 0.010 0.011 0.013 0.015 0.017 0.020 0.023 0.025 0.028 0.030 0.032 0.034 0.036 0.039 0.043 0.048 0.057 0.070 0.090 0.117 0.154 0.194
13.840 15.555 17.111 18.485 19.625 20.472 20.982 21.159 21.117 20.935 20.719 20.514 20.156 19.541 18.794 18.081 17.361 16.546 15.484 14.015 12.070 9.690 7.118 4.769 2.931 1.638 0.840 0.417 0.213 0.116 0.069 0.045 0.032 0.025 0.021 0.018 0.016 0.015 0.014 0.013 0.012 0.011 0.010 0.008 0.007 0.007 0.006 0.005 0.005 0.005 0.005 0.005 0.005 0.006 0.006 0.007 0.008 0.010 0.012 0.014 0.017 0.020 0.023 0.025 0.028 0.030 0.033 0.035 0.038 0.041 0.046 0.054 0.065 0.080 0.100 0.126 0.156
11.972 13.586 15.120 16.543 17.803 18.803 19.444 19.692 19.673 19.509 19.309 19.104 18.708 17.974 17.051 16.184 15.318 14.303 12.940 11.103 8.731 6.195 4.011 2.424 1.366 0.712 0.345 0.168 0.089 0.054 0.037 0.027 0.021 0.018 0.015 0.014 0.013 0.012 0.011 0.010 0.009 0.009 0.008 0.006 0.006 0.005 0.004 0.004 0.003 0.003 0.003 0.003 0.003 0.004 0.004 0.005 0.006 0.008 0.009 0.011 0.014 0.016 0.019 0.023 0.026 0.028 0.031 0.033 0.036 0.039 0.044 0.052 0.062 0.076 0.092 0.112 0.134
9.930 11.379 12.881 14.385 15.812 17.008 17.826 18.200 18.237 18.110 17.876 17.541 16.984 16.148 15.156 14.151 13.069 11.684 9.779 7.356 4.937 3.036 1.736 0.946 0.501 0.256 0.129 0.069 0.042 0.029 0.023 0.018 0.016 0.014 0.012 0.011 0.011 0.010 0.009 0.008 0.008 0.007 0.006 0.005 0.004 0.003 0.003 0.002 0.002 0.002 0.002 0.002 0.002 0.002 0.003 0.004 0.005 0.006 0.007 0.009 0.011 0.014 0.016 0.020 0.023 0.026 0.029 0.032 0.035 0.039 0.044 0.052 0.062 0.075 0.089 0.105 0.123
7.997 9.211 10.552 12.026 13.523 14.818 15.753 16.238 16.338 16.217 15.842 15.227 14.409 13.452 12.415 11.272 9.898 8.048 5.773 3.654 2.122 1.121 0.565 0.294 0.161 0.089 0.051 0.033 0.024 0.019 0.016 0.014 0.012 0.011 0.010 0.009 0.009 0.008 0.008 0.007 0.006 0.006 0.005 0.004 0.003 0.002 0.002 0.001 0.001 0.001 0.001 0.001 0.001 0.001 0.002 0.002 0.003 0.004 0.006 0.007 0.009 0.011 0.014 0.017 0.020 0.023 0.027 0.030 0.034 0.038 0.044 0.052 0.062 0.075 0.089 0.103 0.117
6.145 7.068 8.115 9.287 10.523 11.628 12.478 12.965 13.091 12.966 12.468 11.595 10.457 9.279 8.136 6.916 5.498 3.891 2.395 1.304 0.644 0.308 0.159 0.092 0.057 0.037 0.026 0.020 0.016 0.014 0.012 0.011 0.010 0.009 0.009 0.008 0.008 0.007 0.006 0.006 0.005 0.004 0.004 0.003 0.002 0.001 0.001 0.000 0.000 0.000 0.000 0.000 0.000 0.000 0.001 0.001 0.002 0.003 0.004 0.006 0.007 0.009 0.012 0.015 0.018 0.021 0.025 0.029 0.033 0.038 0.045 0.053 0.063 0.076 0.089 0.102 0.116
4.314 4.813 5.356 5.935 6.551 7.161 7.683 8.011 8.112 8.016 7.561 6.700 5.601 4.603 3.750 2.951 2.120 1.292 0.680 0.325 0.159 0.087 0.054 0.037 0.027 0.021 0.017 0.014 0.012 0.011 0.010 0.009 0.008 0.008 0.007 0.007 0.006 0.006 0.005 0.005 0.004 0.004 0.003 0.002 0.001 0.001 0.000 0.000 0.000 0.000 0.000 0.000 0.000 0.000 0.000 0.000 0.001 0.002 0.003 0.004 0.006 0.008 0.010 0.012 0.016 0.019 0.023 0.027 0.032 0.038 0.045 0.053 0.064 0.076 0.089 0.103 0.117
2.632 2.763 2.907 3.053 3.200 3.359 3.515 3.613 3.641 3.590 3.355 2.883 2.226 1.652 1.227 0.882 0.565 0.312 0.159 0.084 0.051 0.035 0.026 0.021 0.017 0.014 0.012 0.011 0.010 0.009 0.008 0.007 0.007 0.007 0.006 0.006 0.005 0.005 0.004 0.004 0.003 0.003 0.002 0.002 0.001 0.000 0.000 0.000 0.000 0.000 0.000 0.000 0.000 0.000 0.000 0.000 0.000 0.001 0.002 0.003 0.004 0.006 0.008 0.011 0.014 0.017 0.021 0.026 0.031 0.037 0.044 0.053 0.063 0.076 0.089 0.104 0.120
1.346 1.308 1.290 1.275 1.255 1.240 1.239 1.233 1.220 1.185 1.088 0.903 0.646 0.444 0.315 0.218 0.139 0.082 0.050 0.033 0.025 0.020 0.017 0.015 0.013 0.011 0.010 0.009 0.008 0.007 0.007 0.006 0.006 0.005 0.005 0.005 0.004 0.004 0.004 0.003 0.003 0.002 0.002 0.001 0.001 0.000 0.000 0.000 0.000 0.000 0.000 0.000 0.000 0.000 0.000 0.000 0.000 0.000 0.001 0.002 0.003 0.004 0.006 0.009 0.012 0.015 0.019 0.024 0.029 0.036 0.043 0.051 0.062 0.074 0.089 0.107 0.127
0.566 0.511 0.481 0.458 0.435 0.409 0.388 0.370 0.354 0.335 0.303 0.248 0.174 0.122 0.088 0.065 0.046 0.033 0.025 0.020 0.017 0.014 0.013 0.011 0.010 0.009 0.008 0.007 0.006 0.006 0.005 0.005 0.005 0.004 0.004 0.004 0.003 0.003 0.003 0.003 0.002 0.002 0.002 0.001 0.001 0.000 0.000 0.000 0.000 0.000 0.000 0.000 0.000 0.000 0.000 0.000 0.000 0.000 0.000 0.001 0.002 0.003 0.005 0.007 0.009 0.013 0.017 0.022 0.027 0.033 0.040 0.048 0.058 0.070 0.086 0.107 0.131
0.209 0.186 0.174 0.165 0.155 0.141 0.129 0.119 0.110 0.102 0.093 0.078 0.059 0.045 0.035 0.029 0.023 0.019 0.016 0.014 0.012 0.011 0.010 0.009 0.008 0.007 0.006 0.006 0.005 0.005 0.004 0.004 0.004 0.003 0.003 0.003 0.003 0.003 0.003 0.002 0.002 0.002 0.002 0.001 0.001 0.000 0.000 0.000 0.000 0.000 0.000 0.000 0.000 0.000 0.000 0.000 0.000 0.000 0.000 0.000 0.001 0.002 0.003 0.005 0.007 0.010 0.014 0.019 0.024 0.029 0.036 0.043 0.052 0.064 0.081 0.103 0.130
0.079 0.072 0.068 0.065 0.061 0.056 0.051 0.047 0.044 0.041 0.038 0.034 0.029 0.024 0.021 0.018 0.016 0.014 0.012 0.011 0.010 0.009 0.008 0.007 0.006 0.006 0.005 0.005 0.004 0.004 0.004 0.003 0.003 0.003 0.003 0.003 0.003 0.003 0.002 0.002 0.002 0.002 0.002 0.001 0.001 0.000 0.000 0.000 0.000 0.000 0.000 0.000 0.000 0.000 0.000 0.000 0.000 0.000 0.000 0.000 0.000 0.001 0.002 0.003 0.005 0.008 0.011 0.015 0.019 0.024 0.029 0.035 0.042 0.052 0.068 0.089 0.117
0.034 0.033 0.032 0.031 0.030 0.028 0.026 0.024 0.023 0.022 0.021 0.020 0.019 0.017 0.015 0.014 0.012 0.011 0.010 0.009 0.008 0.007 0.006 0.006 0.005 0.005 0.004 0.004 0.004 0.003 0.003 0.003 0.003 0.003 0.003 0.002 0.002 0.002 0.002 0.002 0.002 0.002 0.002 0.001 0.001 0.000 0.000 0.000 0.000 0.000 0.000 0.000 0.000 0.000 0.000 0.000 0.000 0.000 0.000 0.000 0.000 0.000 0.001 0.002 0.003 0.005 0.008 0.011 0.014 0.017 0.021 0.026 0.031 0.038 0.048 0.065 0.090
0.019 0.018 0.018 0.018 0.018 0.017 0.017 0.016 0.016 0.015 0.015 0.014 0.014 0.013 0.012 0.011 0.010 0.009 0.008 0.007 0.006 0.006 0.005 0.005 0.004 0.004 0.004 0.004 0.003 0.003 0.003 0.003 0.003 0.003 0.003 0.003 0.003 0.003 0.003 0.003 0.003 0.003 0.002 0.002 0.001 0.000 0.000 0.000 0.000 0.000 0.000 0.000 0.000 0.000 0.000 0.000 0.000 0.000 0.000 0.000 0.000 0.000 0.000 0.001 0.002 0.003 0.005 0.007 0.010 0.013 0.016 0.019 0.022 0.026 0.032 0.042 0.057
0.012 0.012 0.013 0.013 0.013 0.012 0.012 0.012 0.012 0.012 0.011 0.011 0.011 0.011 0.010 0.009 0.008 0.007 0.006 0.006 0.005 0.005 0.004 0.004 0.004 0.004 0.004 0.004 0.004 0.003 0.003 0.004 0.004 0.004 0.004 0.004 0.005 0.005 0.005 0.004 0.004 0.003 0.002 0.001 0.001 0.000 0.000 0.000 0.000 0.000 0.000 0.000 0.000 0.000 0.000 0.000 0.000 0.000 0.000 0.000 0.000 0.000 0.000 0.000 0.001 0.002 0.003 0.005 0.007 0.009 0.011 0.014 0.016 0.019 0.023 0.028 0.036
0.009 0.009 0.010 0.010 0.010 0.010 0.010 0.010 0.009 0.009 0.009 0.009 0.009 0.009 0.008 0.008 0.007 0.006 0.005 0.005 0.004 0.004 0.004 0.004 0.004 0.004 0.004 0.004 0.004 0.005 0.005 0.005 0.006 0.006 0.006 0.006 0.006 0.006 0.005 0.004 0.004 0.003 0.002 0.001 0.001 0.000 0.000 0.000 0.000 0.000 0.000 0.000 0.000 0.000 0.000 0.000 0.000 0.000 0.000 0.000 0.000 0.000 0.000 0.000 0.000 0.001 0.002 0.003 0.005 0.006 0.008 0.010 0.012 0.014 0.016 0.020 0.025
0.007 0.007 0.008 0.008 0.008 0.008 0.008 0.008 0.008 0.008 0.008 0.008 0.008 0.007 0.007 0.006 0.005 0.005 0.004 0.004 0.004 0.004 0.004 0.004 0.004 0.005 0.005 0.006 0.007 0.007 0.008 0.008 0.008 0.008 0.008 0.007 0.007 0.006 0.005 0.004 0.004 0.003 0.002 0.001 0.001 0.000 0.000 0.000 0.000 0.000 0.000 0.000 0.000 0.000 0.000 0.000 0.000 0.000 0.000 0.000 0.000 0.000 0.000 0.000 0.000 0.000 0.001 0.002 0.003 0.004 0.005 0.007 0.008 0.010 0.012 0.015 0.018
0.006 0.006 0.006 0.006 0.007 0.007 0.007 0.007 0.007 0.007 0.007 0.007 0.006 0.006 0.006 0.005 0.005 0.004 0.004 0.004 0.004 0.004 0.004 0.005 0.005 0.007 0.008 0.009 0.010 0.010 0.010 0.010 0.009 0.009 0.008 0.008 0.007 0.006 0.005 0.004 0.003 0.002 0.002 0.001 0.001 0.000 0.000 0.000 0.000 0.000 0.000 0.000 0.000 0.000 0.000 0.000 0.000 0.000 0.000 0.000 0.000 0.000 0.000 0.000 0.000 0.000 0.000 0.001 0.002 0.002 0.003 0.005 0.006 0.007 0.009 0.011 0.013
0.005 0.005 0.005 0.005 0.006 0.006 0.006 0.006 0.006 0.006 0.006 0.006 0.005 0.005 0.005 0.004 0.004 0.004 0.004 0.004 0.004 0.004 0.005 0.007 0.008 0.010 0.011 0.012 0.012 0.012 0.011 0.010 0.010 0.009 0.008 0.008 0.007 0.006 0.005 0.004 0.003 0.002 0.001 0.001 0.000 0.000 0.000 0.000 0.000 0.000 0.000 0.000 0.000 0.000 0.000 0.000 0.000 0.000 0.000 0.000 0.000 0.000 0.000 0.000 0.000 0.000 0.000 0.000 0.001 0.001 0.002 0.003 0.004 0.005 0.006 0.008 0.010
0.004 0.004 0.004 0.004 0.005 0.005 0.005 0.005 0.005 0.005 0.005 0.005 0.004 0.004 0.004 0.003 0.003 0.003 0.004 0.004 0.005 0.006 0.007 0.009 0.011 0.012 0.012 0.012 0.012 0.012 0.011 0.010 0.010 0.009 0.008 0.007 0.006 0.005 0.004 0.003 0.002 0.001 0.001 0.001 0.000 0.000 0.000 0.000 0.000 0.000 0.000 0.000 0.000 0.000 0.000 0.000 0.000 0.000 0.000 0.000 0.000 0.000 0.000 0.000 0.000 0.000 0.000 0.000 0.000 0.000 0.001 0.002 0.002 0.003 0.004 0.005 0.007
0.003 0.003 0.003 0.004 0.004 0.004 0.004 0.004 0.004 0.004 0.004 0.004 0.004 0.003 0.003 0.003 0.003 0.003 0.004 0.005 0.006 0.007 0.009 0.010 0.012 0.012 0.012 0.012 0.012 0.012 0.011 0.010 0.009 0.008 0.007 0.006 0.005 0.004 0.003 0.002 0.001 0.001 0.001 0.000 0.000 0.000 0.000 0.000 0.000 0.000 0.000 0.000 0.000 0.000 0.000 0.000 0.000 0.000 0.000 0.000 0.000 0.000 0.000 0.000 0.000 0.000 0.000 0.000 0.000 0.000 0.000 0.001 0.001 0.002 0.003 0.004 0.005
0.002 0.002 0.002 0.003 0.003 0.003 0.003 0.003 0.003 0.003 0.003 0.003 0.003 0.003 0.003 0.003 0.003 0.003 0.004 0.005 0.007 0.008 0.009 0.011 0.012 0.012 0.012 0.012 0.012 0.012 0.011 0.010 0.008 0.007 0.006 0.005 0.003 0.002 0.002 0.001 0.001 0.001 0.000 0.000 0.000 0.000 0.000 0.000 0.000 0.000 0.000 0.000 0.000 0.000 0.000 0.000 0.000 0.000 0.000 0.000 0.000 0.000 0.000 0.000 0.000 0.000 0.000 0.000 0.000 0.000 0.000 0.000 0.000 0.001 0.001 0.002 0.003
0.001 0.001 0.002 0.002 0.002 0.002 0.002 0.002 0.003 0.003 0.003 0.003 0.003 0.002 0.002 0.002 0.003 0.003 0.004 0.005 0.007 0.008 0.009 0.010 0.011 0.011 0.012 0.012 0.011 0.011 0.009 0.008 0.006 0.005 0.003 0.003 0.002 0.001 0.001 0.001 0.001 0.000 0.000 0.000 0.000 0.000 0.000 0.000 0.000 0.000 0.000 0.000 0.000 0.000 0.000 0.000 0.000 0.000 0.000 0.000 0.000 0.000 0.000 0.000 0.000 0.000 0.000 0.000 0.000 0.000 0.000 0.000 0.000 0.000 0.001 0.001 0.002
0.001 0.001 0.001 0.001 0.001 0.002 0.002 0.002 0.002 0.002 0.002 0.002 0.002 0.002 0.002 0.002 0.003 0.003 0.004 0.005 0.007 0.008 0.009 0.009 0.010 0.010 0.010 0.009 0.009 0.008 0.007 0.005 0.004 0.003 0.002 0.001 0.001 0.001 0.001 0.000 0.000 0.000 0.000 0.000 0.000 0.000 0.000 0.000 0.000 0.000 0.000 0.000 0.000 0.000 0.000 0.000 0.000 0.000 0.000 0.000 0.000 0.000 0.000 0.000 0.000 0.000 0.000 0.000 0.000 0.000 0.000 0.000 0.000 0.000 0.000 0.000 0.001
0.000 0.000 0.001 0.001 0.001 0.001 0.001 0.001 0.001 0.001 0.002 0.002 0.002 0.002 0.002 0.002 0.002 0.003 0.004 0.005 0.006 0.007 0.007 0.007 0.007 0.007 0.006 0.005 0.005 0.004 0.003 0.003 0.002 0.001 0.001 0.001 0.001 0.001 0.000 0.000 0.000 0.000 0.000 0.000 0.000 0.000 0.000 0.000 0.000 0.000 0.000 0.000 0.000 0.000 0.000 0.000 0.000 0.000 0.000 0.000 0.000 0.000 0.000 0.000 0.000 0.000 0.000 0.000 0.000 0.000 0.000 0.000 0.000 0.000 0.000 0.000 0.000
