RESULTS/r.avaflow_results/11_results/11_ascii/11_hflow30054.asc
ncols 506
nrows 317
xllcenter 498237.50
yllcenter 5580050.00
cellsize 12.50
NODATA_value -9999.000
[rows 170 to 203 of 317, columns 154 to 230 of 506]
8.700 8.555 8.413 8.250 8.059 7.850 7.649 7.462 7.289 7.134 6.991 6.849 6.693 6.470 6.111 5.583 4.904 4.131 3.347 2.622 1.970 1.418 0.988 0.689 0.503 0.395 0.342 0.323 0.323 0.340 0.378 0.417 0.442 0.459 0.474 0.491 0.519 0.543 0.552 0.549 0.537 0.517 0.498 0.479 0.455 0.421 0.371 0.315 0.266 0.221 0.181 0.150 0.126 0.111 0.102 0.099 0.099 0.102 0.108 0.113 0.117 0.119 0.120 0.120 0.120 0.122 0.128 0.147 0.192 0.278 0.363 0.402 0.408 0.388 0.330 0.242 0.165
11.544 11.750 11.852 11.866 11.822 11.703 11.511 11.272 11.017 10.770 10.536 10.309 10.076 9.790 9.363 8.721 7.860 6.824 5.694 4.580 3.540 2.614 1.848 1.279 0.903 0.673 0.542 0.482 0.466 0.477 0.502 0.522 0.530 0.529 0.527 0.530 0.542 0.553 0.555 0.546 0.526 0.497 0.469 0.441 0.408 0.359 0.288 0.214 0.158 0.121 0.098 0.084 0.074 0.070 0.068 0.069 0.073 0.079 0.085 0.089 0.090 0.090 0.089 0.088 0.088 0.089 0.094 0.108 0.141 0.207 0.300 0.368 0.395 0.398 0.381 0.333 0.256
14.752 15.365 15.661 15.725 15.684 15.541 15.301 15.011 14.708 14.410 14.118 13.840 13.564 13.256 12.833 12.177 11.236 10.040 8.673 7.244 5.835 4.498 3.307 2.342 1.638 1.166 0.868 0.699 0.617 0.580 0.565 0.557 0.549 0.540 0.530 0.526 0.527 0.527 0.521 0.500 0.460 0.415 0.373 0.332 0.285 0.225 0.160 0.111 0.083 0.066 0.056 0.051 0.048 0.047 0.048 0.050 0.055 0.062 0.068 0.070 0.070 0.070 0.068 0.067 0.067 0.067 0.071 0.081 0.104 0.147 0.225 0.318 0.376 0.397 0.399 0.384 0.340
17.091 18.056 18.569 18.737 18.734 18.631 18.441 18.208 17.948 17.661 17.353 17.043 16.740 16.419 16.006 15.378 14.469 13.294 11.923 10.414 8.806 7.148 5.501 4.041 2.871 2.002 1.400 1.016 0.785 0.653 0.585 0.553 0.534 0.516 0.497 0.480 0.466 0.452 0.429 0.385 0.321 0.261 0.215 0.178 0.144 0.108 0.078 0.058 0.046 0.039 0.036 0.034 0.033 0.033 0.035 0.038 0.043 0.050 0.054 0.056 0.056 0.055 0.054 0.053 0.053 0.054 0.057 0.064 0.078 0.105 0.155 0.242 0.337 0.387 0.401 0.399 0.380
18.334 19.542 20.308 20.713 20.899 20.968 20.948 20.867 20.724 20.508 20.211 19.863 19.521 19.173 18.759 18.158 17.291 16.162 14.824 13.338 11.729 9.988 8.089 6.130 4.403 3.024 2.012 1.337 0.926 0.694 0.576 0.516 0.477 0.443 0.409 0.376 0.345 0.313 0.276 0.225 0.172 0.133 0.107 0.088 0.071 0.055 0.043 0.035 0.030 0.027 0.025 0.025 0.025 0.025 0.027 0.029 0.034 0.039 0.043 0.045 0.045 0.045 0.044 0.044 0.044 0.045 0.048 0.053 0.062 0.078 0.109 0.167 0.266 0.353 0.390 0.397 0.389
18.635 19.955 20.934 21.627 22.116 22.454 22.667 22.756 22.739 22.618 22.348 21.951 21.560 21.193 20.786 20.232 19.453 18.421 17.140 15.635 13.941 12.065 9.975 7.635 5.454 3.688 2.381 1.514 0.996 0.704 0.543 0.445 0.374 0.316 0.265 0.226 0.198 0.174 0.149 0.118 0.090 0.071 0.057 0.047 0.039 0.032 0.027 0.023 0.021 0.020 0.020 0.019 0.020 0.020 0.021 0.024 0.027 0.031 0.035 0.037 0.037 0.038 0.038 0.038 0.039 0.040 0.043 0.046 0.052 0.062 0.082 0.118 0.188 0.286 0.354 0.379 0.381
18.457 19.832 20.928 21.792 22.506 23.082 23.477 23.684 23.745 23.694 23.455 23.012 22.585 22.232 21.852 21.352 20.664 19.747 18.553 17.053 15.272 13.247 10.968 8.381 5.922 3.949 2.505 1.562 1.005 0.681 0.482 0.349 0.255 0.189 0.146 0.121 0.106 0.094 0.080 0.064 0.051 0.041 0.034 0.029 0.024 0.021 0.019 0.017 0.016 0.016 0.016 0.016 0.016 0.017 0.018 0.019 0.022 0.025 0.028 0.030 0.032 0.033 0.034 0.035 0.036 0.037 0.039 0.042 0.046 0.054 0.066 0.090 0.132 0.206 0.287 0.337 0.355
17.811 19.296 20.566 21.616 22.474 23.139 23.581 23.816 23.900 23.875 23.656 23.193 22.751 22.421 22.066 21.591 20.946 20.098 18.980 17.516 15.701 13.583 11.195 8.501 5.960 3.933 2.464 1.515 0.948 0.605 0.388 0.247 0.159 0.109 0.081 0.066 0.058 0.052 0.045 0.038 0.031 0.026 0.023 0.019 0.017 0.015 0.014 0.013 0.013 0.013 0.013 0.013 0.013 0.014 0.014 0.016 0.017 0.020 0.023 0.025 0.028 0.029 0.031 0.032 0.034 0.035 0.037 0.040 0.043 0.048 0.057 0.073 0.100 0.144 0.208 0.270 0.311
16.749 18.366 19.810 21.054 22.062 22.792 23.236 23.452 23.518 23.487 23.275 22.836 22.384 22.029 21.652 21.165 20.538 19.740 18.684 17.266 15.460 13.308 10.841 8.087 5.582 3.602 2.192 1.300 0.772 0.454 0.260 0.150 0.093 0.063 0.047 0.039 0.035 0.031 0.028 0.024 0.021 0.018 0.016 0.014 0.013 0.011 0.011 0.010 0.010 0.010 0.010 0.010 0.010 0.011 0.011 0.012 0.014 0.016 0.018 0.021 0.024 0.026 0.028 0.030 0.032 0.034 0.036 0.038 0.041 0.045 0.052 0.062 0.080 0.108 0.149 0.200 0.248
15.402 17.114 18.658 20.004 21.091 21.867 22.323 22.508 22.522 22.427 22.202 21.859 21.435 20.968 20.453 19.883 19.238 18.469 17.470 16.096 14.285 12.071 9.515 6.849 4.558 2.805 1.597 0.865 0.464 0.250 0.138 0.082 0.053 0.038 0.030 0.025 0.023 0.021 0.019 0.017 0.015 0.014 0.012 0.011 0.010 0.009 0.008 0.008 0.008 0.008 0.008 0.008 0.008 0.008 0.009 0.010 0.011 0.013 0.015 0.017 0.020 0.023 0.026 0.028 0.030 0.032 0.034 0.036 0.039 0.043 0.048 0.056 0.069 0.089 0.116 0.151 0.191
13.798 15.514 17.070 18.444 19.583 20.428 20.938 21.115 21.073 20.891 20.676 20.471 20.113 19.498 18.752 18.040 17.320 16.505 15.443 13.974 12.026 9.643 7.067 4.718 2.886 1.605 0.819 0.405 0.207 0.113 0.068 0.045 0.032 0.025 0.021 0.018 0.017 0.015 0.014 0.013 0.012 0.011 0.010 0.009 0.007 0.007 0.006 0.006 0.005 0.005 0.005 0.005 0.006 0.006 0.007 0.007 0.009 0.010 0.012 0.014 0.017 0.020 0.023 0.026 0.028 0.030 0.033 0.035 0.037 0.041 0.046 0.053 0.064 0.079 0.099 0.124 0.154
11.931 13.544 15.078 16.500 17.758 18.757 19.396 19.643 19.623 19.460 19.261 19.056 18.660 17.926 17.004 16.137 15.271 14.256 12.892 11.054 8.681 6.145 3.969 2.391 1.342 0.696 0.337 0.163 0.087 0.053 0.036 0.027 0.021 0.018 0.015 0.014 0.013 0.012 0.011 0.010 0.010 0.009 0.008 0.007 0.006 0.005 0.004 0.004 0.003 0.003 0.003 0.003 0.004 0.004 0.005 0.005 0.007 0.008 0.010 0.012 0.014 0.017 0.020 0.023 0.026 0.029 0.031 0.033 0.036 0.039 0.044 0.052 0.062 0.075 0.091 0.110 0.132
9.890 11.337 12.836 14.338 15.763 16.956 17.771 18.143 18.179 18.053 17.820 17.486 16.929 16.094 15.103 14.098 13.015 11.631 9.725 7.305 4.896 3.007 1.715 0.932 0.491 0.251 0.126 0.067 0.041 0.029 0.022 0.018 0.016 0.014 0.012 0.011 0.011 0.010 0.009 0.009 0.008 0.007 0.006 0.005 0.004 0.003 0.003 0.002 0.002 0.002 0.002 0.002 0.002 0.002 0.003 0.004 0.005 0.006 0.008 0.009 0.012 0.014 0.017 0.020 0.023 0.026 0.029 0.032 0.035 0.039 0.044 0.052 0.062 0.074 0.088 0.104 0.121
7.960 9.168 10.504 11.974 13.467 14.759 15.690 16.174 16.272 16.152 15.778 15.164 14.347 13.391 12.355 11.212 9.839 7.991 5.728 3.624 2.103 1.110 0.557 0.289 0.158 0.088 0.051 0.032 0.024 0.019 0.016 0.014 0.012 0.011 0.010 0.010 0.009 0.008 0.008 0.007 0.007 0.006 0.005 0.004 0.003 0.002 0.002 0.001 0.001 0.001 0.001 0.001 0.001 0.001 0.002 0.002 0.003 0.004 0.006 0.007 0.009 0.012 0.014 0.017 0.021 0.024 0.027 0.031 0.034 0.038 0.044 0.052 0.062 0.074 0.088 0.101 0.116
6.110 7.025 8.064 9.229 10.459 11.561 12.407 12.892 13.018 12.893 12.397 11.524 10.386 9.211 8.074 6.860 5.452 3.857 2.374 1.293 0.638 0.305 0.158 0.091 0.056 0.037 0.026 0.020 0.016 0.014 0.012 0.011 0.010 0.009 0.009 0.008 0.008 0.007 0.007 0.006 0.005 0.005 0.004 0.003 0.002 0.002 0.001 0.001 0.000 0.000 0.000 0.000 0.000 0.000 0.001 0.001 0.002 0.003 0.004 0.006 0.007 0.010 0.012 0.015 0.018 0.022 0.025 0.029 0.033 0.038 0.045 0.053 0.063 0.075 0.088 0.101 0.115
4.288 4.776 5.308 5.879 6.489 7.096 7.615 7.942 8.042 7.947 7.494 6.641 5.550 4.560 3.715 2.924 2.100 1.280 0.674 0.323 0.157 0.086 0.054 0.037 0.027 0.021 0.017 0.014 0.012 0.011 0.010 0.009 0.008 0.008 0.007 0.007 0.006 0.006 0.005 0.005 0.004 0.004 0.003 0.002 0.002 0.001 0.001 0.000 0.000 0.000 0.000 0.000 0.000 0.000 0.000 0.000 0.001 0.002 0.003 0.004 0.006 0.008 0.010 0.013 0.016 0.019 0.023 0.028 0.032 0.038 0.045 0.053 0.064 0.076 0.088 0.102 0.115
2.617 2.742 2.880 3.022 3.165 3.323 3.478 3.576 3.604 3.554 3.322 2.854 2.204 1.635 1.215 0.874 0.560 0.310 0.157 0.083 0.050 0.035 0.026 0.021 0.017 0.014 0.012 0.011 0.010 0.009 0.008 0.007 0.007 0.007 0.006 0.006 0.005 0.005 0.004 0.004 0.004 0.003 0.003 0.002 0.001 0.001 0.000 0.000 0.000 0.000 0.000 0.000 0.000 0.000 0.000 0.000 0.000 0.001 0.002 0.003 0.004 0.006 0.008 0.011 0.014 0.018 0.022 0.026 0.032 0.037 0.044 0.053 0.063 0.075 0.089 0.103 0.119
1.339 1.298 1.278 1.261 1.240 1.224 1.225 1.219 1.206 1.172 1.076 0.894 0.639 0.440 0.312 0.216 0.138 0.082 0.049 0.033 0.025 0.020 0.017 0.015 0.013 0.011 0.010 0.009 0.008 0.007 0.007 0.006 0.006 0.005 0.005 0.005 0.004 0.004 0.004 0.003 0.003 0.003 0.002 0.002 0.001 0.001 0.000 0.000 0.000 0.000 0.000 0.000 0.000 0.000 0.000 0.000 0.000 0.000 0.001 0.002 0.003 0.005 0.006 0.009 0.012 0.016 0.020 0.025 0.030 0.036 0.043 0.052 0.062 0.074 0.088 0.106 0.126
0.563 0.508 0.476 0.453 0.429 0.404 0.384 0.366 0.350 0.332 0.300 0.246 0.173 0.120 0.088 0.064 0.046 0.033 0.024 0.020 0.016 0.014 0.013 0.011 0.010 0.009 0.008 0.007 0.006 0.006 0.005 0.005 0.005 0.004 0.004 0.004 0.004 0.003 0.003 0.003 0.003 0.002 0.002 0.002 0.001 0.001 0.000 0.000 0.000 0.000 0.000 0.000 0.000 0.000 0.000 0.000 0.000 0.000 0.000 0.001 0.002 0.003 0.005 0.007 0.010 0.013 0.018 0.022 0.028 0.034 0.041 0.049 0.058 0.070 0.086 0.106 0.130
0.208 0.184 0.172 0.163 0.152 0.139 0.127 0.118 0.109 0.102 0.092 0.077 0.058 0.044 0.035 0.029 0.023 0.019 0.016 0.014 0.012 0.011 0.010 0.009 0.008 0.007 0.006 0.006 0.005 0.005 0.004 0.004 0.004 0.003 0.003 0.003 0.003 0.003 0.003 0.003 0.002 0.002 0.002 0.002 0.001 0.001 0.000 0.000 0.000 0.000 0.000 0.000 0.000 0.000 0.000 0.000 0.000 0.000 0.000 0.000 0.001 0.002 0.003 0.005 0.008 0.011 0.015 0.019 0.025 0.030 0.036 0.043 0.052 0.064 0.080 0.102 0.129
0.078 0.071 0.067 0.064 0.061 0.056 0.050 0.046 0.043 0.040 0.037 0.034 0.029 0.024 0.021 0.018 0.016 0.014 0.012 0.011 0.010 0.009 0.008 0.007 0.006 0.006 0.005 0.005 0.004 0.004 0.004 0.003 0.003 0.003 0.003 0.003 0.003 0.003 0.002 0.002 0.002 0.002 0.002 0.002 0.001 0.001 0.000 0.000 0.000 0.000 0.000 0.000 0.000 0.000 0.000 0.000 0.000 0.000 0.000 0.000 0.000 0.001 0.002 0.004 0.006 0.008 0.011 0.015 0.020 0.024 0.030 0.035 0.043 0.053 0.068 0.089 0.116
0.034 0.032 0.031 0.031 0.030 0.028 0.026 0.024 0.023 0.022 0.021 0.020 0.019 0.017 0.015 0.014 0.012 0.011 0.010 0.009 0.008 0.007 0.006 0.006 0.005 0.005 0.004 0.004 0.004 0.003 0.003 0.003 0.003 0.003 0.003 0.003 0.002 0.002 0.003 0.003 0.003 0.003 0.002 0.002 0.001 0.001 0.000 0.000 0.000 0.000 0.000 0.000 0.000 0.000 0.000 0.000 0.000 0.000 0.000 0.000 0.000 0.001 0.001 0.002 0.004 0.006 0.008 0.011 0.014 0.018 0.022 0.026 0.031 0.038 0.048 0.065 0.089
0.018 0.018 0.018 0.018 0.018 0.017 0.017 0.016 0.016 0.015 0.015 0.014 0.014 0.013 0.012 0.011 0.010 0.009 0.008 0.007 0.006 0.006 0.005 0.005 0.004 0.004 0.004 0.004 0.004 0.003 0.003 0.003 0.003 0.003 0.003 0.003 0.003 0.003 0.004 0.004 0.004 0.003 0.003 0.002 0.001 0.001 0.000 0.000 0.000 0.000 0.000 0.000 0.000 0.000 0.000 0.000 0.000 0.000 0.000 0.000 0.000 0.000 0.001 0.001 0.003 0.004 0.006 0.008 0.010 0.013 0.016 0.019 0.022 0.026 0.033 0.042 0.057
0.012 0.012 0.013 0.013 0.013 0.012 0.012 0.012 0.012 0.012 0.012 0.011 0.011 0.011 0.010 0.009 0.008 0.007 0.006 0.006 0.005 0.005 0.004 0.004 0.004 0.004 0.004 0.004 0.004 0.004 0.004 0.004 0.004 0.004 0.004 0.004 0.005 0.005 0.005 0.005 0.004 0.003 0.003 0.002 0.001 0.001 0.000 0.000 0.000 0.000 0.000 0.000 0.000 0.000 0.000 0.000 0.000 0.000 0.000 0.000 0.000 0.000 0.000 0.001 0.001 0.003 0.004 0.005 0.007 0.009 0.011 0.014 0.016 0.019 0.023 0.028 0.036
0.009 0.009 0.010 0.010 0.010 0.010 0.010 0.010 0.010 0.009 0.009 0.009 0.009 0.009 0.008 0.008 0.007 0.006 0.005 0.005 0.004 0.004 0.004 0.004 0.004 0.004 0.004 0.004 0.004 0.005 0.005 0.005 0.006 0.006 0.006 0.006 0.006 0.006 0.006 0.005 0.004 0.003 0.002 0.002 0.001 0.001 0.000 0.000 0.000 0.000 0.000 0.000 0.000 0.000 0.000 0.000 0.000 0.000 0.000 0.000 0.000 0.000 0.000 0.000 0.001 0.001 0.002 0.003 0.005 0.006 0.008 0.010 0.012 0.014 0.017 0.020 0.025
0.007 0.007 0.008 0.008 0.008 0.008 0.008 0.008 0.008 0.008 0.008 0.008 0.008 0.007 0.007 0.006 0.006 0.005 0.005 0.004 0.004 0.004 0.004 0.004 0.004 0.005 0.005 0.006 0.007 0.007 0.008 0.008 0.008 0.008 0.008 0.008 0.007 0.007 0.006 0.005 0.004 0.003 0.002 0.002 0.001 0.001 0.000 0.000 0.000 0.000 0.000 0.000 0.000 0.000 0.000 0.000 0.000 0.000 0.000 0.000 0.000 0.000 0.000 0.000 0.000 0.001 0.001 0.002 0.003 0.004 0.006 0.007 0.009 0.010 0.012 0.015 0.018
0.006 0.006 0.006 0.006 0.007 0.007 0.007 0.007 0.007 0.007 0.007 0.007 0.006 0.006 0.006 0.005 0.005 0.004 0.004 0.004 0.004 0.004 0.004 0.005 0.006 0.007 0.008 0.009 0.010 0.010 0.010 0.010 0.010 0.009 0.009 0.008 0.007 0.007 0.006 0.005 0.004 0.003 0.002 0.001 0.001 0.000 0.000 0.000 0.000 0.000 0.000 0.000 0.000 0.000 0.000 0.000 0.000 0.000 0.000 0.000 0.000 0.000 0.000 0.000 0.000 0.000 0.000 0.001 0.002 0.003 0.004 0.005 0.006 0.008 0.009 0.011 0.013
0.005 0.005 0.005 0.005 0.005 0.006 0.006 0.006 0.006 0.006 0.006 0.006 0.005 0.005 0.005 0.004 0.004 0.004 0.004 0.004 0.004 0.005 0.005 0.007 0.008 0.010 0.011 0.012 0.012 0.012 0.011 0.011 0.010 0.009 0.009 0.008 0.007 0.006 0.005 0.004 0.003 0.002 0.001 0.001 0.001 0.000 0.000 0.000 0.000 0.000 0.000 0.000 0.000 0.000 0.000 0.000 0.000 0.000 0.000 0.000 0.000 0.000 0.000 0.000 0.000 0.000 0.000 0.000 0.001 0.001 0.002 0.003 0.004 0.005 0.007 0.008 0.010
0.004 0.004 0.004 0.004 0.004 0.005 0.005 0.005 0.005 0.005 0.005 0.005 0.005 0.004 0.004 0.004 0.004 0.004 0.004 0.004 0.005 0.006 0.007 0.009 0.011 0.012 0.013 0.013 0.013 0.012 0.012 0.011 0.010 0.009 0.009 0.008 0.007 0.006 0.004 0.003 0.002 0.002 0.001 0.001 0.000 0.000 0.000 0.000 0.000 0.000 0.000 0.000 0.000 0.000 0.000 0.000 0.000 0.000 0.000 0.000 0.000 0.000 0.000 0.000 0.000 0.000 0.000 0.000 0.000 0.000 0.001 0.002 0.002 0.003 0.004 0.006 0.007
0.003 0.003 0.003 0.003 0.004 0.004 0.004 0.004 0.004 0.004 0.004 0.004 0.004 0.004 0.003 0.003 0.003 0.004 0.004 0.005 0.006 0.007 0.009 0.010 0.012 0.012 0.013 0.013 0.013 0.012 0.011 0.011 0.010 0.009 0.008 0.007 0.006 0.004 0.003 0.002 0.002 0.001 0.001 0.000 0.000 0.000 0.000 0.000 0.000 0.000 0.000 0.000 0.000 0.000 0.000 0.000 0.000 0.000 0.000 0.000 0.000 0.000 0.000 0.000 0.000 0.000 0.000 0.000 0.000 0.000 0.000 0.001 0.001 0.002 0.003 0.004 0.005
0.002 0.002 0.002 0.003 0.003 0.003 0.003 0.003 0.003 0.003 0.003 0.003 0.003 0.003 0.003 0.003 0.003 0.004 0.004 0.005 0.006 0.008 0.009 0.011 0.012 0.012 0.013 0.013 0.012 0.012 0.011 0.010 0.009 0.007 0.006 0.005 0.004 0.003 0.002 0.001 0.001 0.001 0.000 0.000 0.000 0.000 0.000 0.000 0.000 0.000 0.000 0.000 0.000 0.000 0.000 0.000 0.000 0.000 0.000 0.000 0.000 0.000 0.000 0.000 0.000 0.000 0.000 0.000 0.000 0.000 0.000 0.000 0.000 0.001 0.001 0.002 0.003
0.001 0.001 0.002 0.002 0.002 0.002 0.002 0.002 0.002 0.003 0.003 0.003 0.003 0.003 0.002 0.003 0.003 0.003 0.004 0.005 0.007 0.008 0.009 0.010 0.011 0.012 0.012 0.012 0.011 0.011 0.010 0.008 0.007 0.005 0.004 0.003 0.002 0.002 0.001 0.001 0.001 0.000 0.000 0.000 0.000 0.000 0.000 0.000 0.000 0.000 0.000 0.000 0.000 0.000 0.000 0.000 0.000 0.000 0.000 0.000 0.000 0.000 0.000 0.000 0.000 0.000 0.000 0.000 0.000 0.000 0.000 0.000 0.000 0.000 0.001 0.001 0.002
0.001 0.001 0.001 0.001 0.001 0.001 0.002 0.002 0.002 0.002 0.002 0.002 0.002 0.002 0.002 0.002 0.003 0.003 0.004 0.005 0.007 0.008 0.009 0.010 0.010 0.010 0.010 0.010 0.009 0.008 0.007 0.005 0.004 0.003 0.002 0.001 0.001 0.001 0.001 0.001 0.000 0.000 0.000 0.000 0.000 0.000 0.000 0.000 0.000 0.000 0.000 0.000 0.000 0.000 0.000 0.000 0.000 0.000 0.000 0.000 0.000 0.000 0.000 0.000 0.000 0.000 0.000 0.000 0.000 0.000 0.000 0.000 0.000 0.000 0.000 0.000 0.001
0.000 0.000 0.000 0.001 0.001 0.001 0.001 0.001 0.001 0.001 0.001 0.002 0.002 0.002 0.002 0.002 0.002 0.003 0.004 0.005 0.006 0.007 0.007 0.007 0.007 0.007 0.006 0.006 0.005 0.004 0.004 0.003 0.002 0.001 0.001 0.001 0.001 0.001 0.000 0.000 0.000 0.000 0.000 0.000 0.000 0.000 0.000 0.000 0.000 0.000 0.000 0.000 0.000 0.000 0.000 0.000 0.000 0.000 0.000 0.000 0.000 0.000 0.000 0.000 0.000 0.000 0.000 0.000 0.000 0.000 0.000 0.000 0.000 0.000 0.000 0.000 0.000
