RESULTS/r.avaflow_results/11_results/11_ascii/11_hflow0051.asc
ncols 506
nrows 317
xllcenter 498237.50
yllcenter 5580050.00
cellsize 12.50
NODATA_value -9999.000
[rows 170 to 203 of 317, columns 154 to 230 of 506]
9.645 9.400 9.172 8.930 8.666 8.387 8.119 7.871 7.642 7.437 7.248 7.065 6.872 6.616 6.230 5.678 4.979 4.190 3.392 2.656 1.995 1.434 0.999 0.697 0.508 0.400 0.345 0.326 0.326 0.342 0.382 0.424 0.451 0.469 0.484 0.501 0.527 0.549 0.557 0.553 0.539 0.517 0.497 0.478 0.456 0.424 0.378 0.324 0.274 0.229 0.188 0.156 0.132 0.115 0.106 0.102 0.102 0.105 0.110 0.116 0.121 0.123 0.124 0.125 0.125 0.126 0.133 0.151 0.196 0.282 0.371 0.414 0.421 0.401 0.341 0.249 0.169
12.573 12.680 12.690 12.618 12.493 12.296 12.030 11.723 11.406 11.105 10.821 10.551 10.278 9.958 9.501 8.834 7.953 6.900 5.756 4.631 3.582 2.648 1.874 1.298 0.916 0.682 0.550 0.488 0.471 0.482 0.509 0.531 0.540 0.540 0.538 0.541 0.550 0.559 0.560 0.551 0.528 0.497 0.469 0.441 0.408 0.361 0.294 0.221 0.163 0.125 0.102 0.086 0.077 0.072 0.070 0.071 0.074 0.080 0.087 0.091 0.092 0.093 0.092 0.091 0.091 0.092 0.097 0.111 0.144 0.209 0.304 0.375 0.404 0.408 0.390 0.341 0.261
15.829 16.340 16.536 16.508 16.381 16.155 15.840 15.481 15.117 14.764 14.423 14.102 13.787 13.445 12.992 12.311 11.348 10.134 8.752 7.311 5.893 4.548 3.350 2.376 1.664 1.185 0.882 0.710 0.626 0.589 0.574 0.567 0.560 0.551 0.541 0.536 0.535 0.534 0.527 0.504 0.463 0.415 0.374 0.332 0.286 0.227 0.164 0.115 0.085 0.068 0.058 0.052 0.049 0.048 0.048 0.051 0.056 0.063 0.069 0.071 0.072 0.071 0.070 0.069 0.068 0.069 0.073 0.083 0.105 0.149 0.227 0.322 0.383 0.406 0.408 0.393 0.347
18.195 19.055 19.465 19.537 19.445 19.260 18.995 18.694 18.371 18.031 17.674 17.321 16.979 16.624 16.181 15.528 14.598 13.406 12.020 10.497 8.879 7.212 5.557 4.089 2.911 2.034 1.425 1.035 0.800 0.666 0.596 0.563 0.545 0.527 0.508 0.490 0.474 0.458 0.435 0.389 0.323 0.263 0.217 0.179 0.145 0.110 0.080 0.060 0.048 0.040 0.036 0.034 0.034 0.034 0.035 0.038 0.043 0.050 0.055 0.056 0.057 0.056 0.055 0.054 0.054 0.055 0.058 0.065 0.079 0.107 0.156 0.245 0.342 0.395 0.409 0.407 0.388
19.452 20.554 21.217 21.527 21.623 21.611 21.516 21.366 21.161 20.891 20.545 20.154 19.772 19.389 18.944 18.317 17.429 16.283 14.929 13.430 11.810 10.058 8.152 6.188 4.457 3.071 2.051 1.367 0.949 0.711 0.589 0.528 0.488 0.454 0.419 0.385 0.352 0.319 0.280 0.228 0.173 0.135 0.108 0.089 0.072 0.056 0.044 0.035 0.030 0.027 0.026 0.025 0.025 0.026 0.027 0.030 0.034 0.040 0.044 0.045 0.046 0.045 0.045 0.044 0.045 0.046 0.049 0.053 0.063 0.079 0.110 0.169 0.270 0.360 0.398 0.405 0.397
19.759 20.974 21.854 22.453 22.854 23.110 23.248 23.269 23.191 23.015 22.695 22.253 21.822 21.418 20.979 20.398 19.595 18.545 17.248 15.730 14.025 12.140 10.043 7.700 5.519 3.749 2.433 1.553 1.023 0.723 0.557 0.456 0.384 0.325 0.273 0.232 0.203 0.178 0.151 0.120 0.091 0.072 0.058 0.048 0.040 0.033 0.027 0.024 0.021 0.020 0.020 0.020 0.020 0.020 0.022 0.024 0.027 0.032 0.035 0.037 0.038 0.038 0.038 0.039 0.040 0.041 0.043 0.047 0.053 0.063 0.083 0.120 0.191 0.292 0.362 0.387 0.389
19.582 20.854 21.854 22.627 23.256 23.752 24.073 24.213 24.212 24.105 23.816 23.327 22.858 22.467 22.054 21.524 20.812 19.874 18.663 17.149 15.358 13.326 11.040 8.453 5.995 4.018 2.563 1.605 1.034 0.701 0.496 0.359 0.263 0.195 0.151 0.124 0.109 0.096 0.082 0.065 0.052 0.042 0.035 0.029 0.025 0.021 0.019 0.017 0.016 0.016 0.016 0.016 0.016 0.017 0.018 0.019 0.022 0.025 0.028 0.030 0.032 0.033 0.034 0.035 0.036 0.038 0.040 0.043 0.047 0.054 0.067 0.091 0.135 0.210 0.294 0.345 0.365
18.936 20.320 21.495 22.458 23.234 23.822 24.191 24.358 24.381 24.300 24.029 23.520 23.035 22.665 22.275 21.770 21.100 20.230 19.095 17.617 15.791 13.665 11.272 8.579 6.039 4.006 2.525 1.560 0.979 0.626 0.402 0.255 0.165 0.113 0.084 0.068 0.060 0.053 0.046 0.038 0.032 0.027 0.023 0.020 0.017 0.015 0.014 0.013 0.013 0.013 0.013 0.013 0.013 0.014 0.014 0.016 0.017 0.020 0.023 0.025 0.028 0.029 0.031 0.032 0.034 0.036 0.038 0.040 0.044 0.049 0.058 0.074 0.102 0.147 0.214 0.279 0.321
17.869 19.389 20.742 21.903 22.833 23.489 23.862 24.011 24.015 23.929 23.664 23.178 22.681 22.286 21.873 21.355 20.701 19.880 18.805 17.372 15.556 13.397 10.927 8.174 5.669 3.683 2.258 1.347 0.803 0.474 0.272 0.156 0.096 0.065 0.049 0.041 0.036 0.032 0.029 0.025 0.022 0.019 0.017 0.015 0.013 0.012 0.011 0.010 0.010 0.010 0.010 0.010 0.010 0.011 0.011 0.012 0.014 0.016 0.018 0.021 0.024 0.026 0.028 0.030 0.032 0.034 0.036 0.038 0.041 0.046 0.052 0.064 0.082 0.111 0.153 0.207 0.257
16.509 18.130 19.590 20.859 21.873 22.578 22.967 23.088 23.041 22.890 22.612 22.220 21.750 21.243 20.692 20.090 19.418 18.625 17.606 16.218 14.396 12.177 9.620 6.956 4.661 2.894 1.666 0.910 0.491 0.264 0.145 0.086 0.055 0.039 0.031 0.026 0.024 0.022 0.020 0.018 0.016 0.014 0.013 0.011 0.010 0.009 0.008 0.008 0.008 0.008 0.008 0.008 0.008 0.008 0.009 0.010 0.011 0.013 0.015 0.017 0.020 0.023 0.025 0.028 0.030 0.032 0.034 0.037 0.039 0.043 0.049 0.057 0.071 0.091 0.119 0.156 0.198
14.888 16.520 18.000 19.303 20.375 21.154 21.599 21.714 21.613 21.375 21.105 20.848 20.443 19.789 19.007 18.264 17.516 16.677 15.597 14.114 12.160 9.776 7.200 4.845 2.995 1.687 0.870 0.432 0.220 0.120 0.071 0.047 0.033 0.026 0.022 0.019 0.017 0.016 0.015 0.014 0.012 0.011 0.010 0.009 0.008 0.007 0.006 0.006 0.005 0.005 0.005 0.005 0.005 0.006 0.006 0.007 0.008 0.010 0.012 0.014 0.016 0.019 0.022 0.025 0.028 0.030 0.033 0.035 0.038 0.041 0.046 0.054 0.065 0.080 0.101 0.128 0.159
12.999 14.537 16.002 17.359 18.556 19.493 20.071 20.257 20.173 19.948 19.692 19.437 18.998 18.227 17.270 16.372 15.478 14.440 13.061 11.214 8.838 6.295 4.097 2.491 1.414 0.742 0.361 0.175 0.093 0.056 0.038 0.028 0.022 0.019 0.016 0.015 0.014 0.013 0.012 0.011 0.010 0.009 0.008 0.007 0.006 0.005 0.004 0.004 0.003 0.003 0.003 0.003 0.003 0.004 0.004 0.005 0.006 0.008 0.009 0.011 0.014 0.016 0.019 0.023 0.025 0.028 0.031 0.033 0.036 0.040 0.045 0.052 0.063 0.076 0.093 0.113 0.136
10.932 12.313 13.752 15.195 16.562 17.697 18.453 18.764 18.735 18.544 18.254 17.871 17.272 16.400 15.375 14.338 13.229 11.824 9.908 7.475 5.041 3.117 1.794 0.985 0.524 0.269 0.135 0.072 0.044 0.031 0.024 0.019 0.017 0.015 0.013 0.012 0.011 0.011 0.010 0.009 0.008 0.007 0.006 0.005 0.004 0.003 0.003 0.002 0.002 0.002 0.002 0.002 0.002 0.002 0.003 0.004 0.005 0.006 0.007 0.009 0.011 0.014 0.016 0.019 0.023 0.026 0.029 0.032 0.035 0.039 0.044 0.052 0.062 0.075 0.090 0.106 0.124
8.976 10.126 11.407 12.825 14.265 15.502 16.377 16.801 16.835 16.649 16.217 15.556 14.699 13.707 12.636 11.462 10.063 8.193 5.896 3.751 2.192 1.166 0.590 0.308 0.169 0.094 0.054 0.034 0.025 0.020 0.017 0.015 0.013 0.012 0.011 0.010 0.010 0.009 0.008 0.008 0.007 0.006 0.005 0.004 0.003 0.002 0.002 0.001 0.001 0.001 0.001 0.001 0.001 0.001 0.002 0.002 0.003 0.004 0.005 0.007 0.009 0.011 0.014 0.017 0.020 0.023 0.027 0.030 0.034 0.038 0.044 0.052 0.063 0.075 0.089 0.103 0.118
7.101 7.964 8.951 10.066 11.247 12.298 13.090 13.518 13.583 13.393 12.836 11.918 10.744 9.530 8.352 7.099 5.649 4.007 2.477 1.356 0.674 0.324 0.168 0.097 0.060 0.039 0.027 0.021 0.017 0.015 0.013 0.012 0.011 0.010 0.010 0.009 0.008 0.008 0.007 0.007 0.006 0.005 0.004 0.003 0.002 0.001 0.001 0.000 0.000 0.000 0.000 0.000 0.000 0.000 0.001 0.001 0.002 0.003 0.004 0.005 0.007 0.009 0.012 0.014 0.017 0.021 0.025 0.029 0.033 0.038 0.044 0.053 0.064 0.076 0.089 0.103 0.117
5.247 5.681 6.149 6.653 7.206 7.760 8.230 8.506 8.554 8.402 7.888 6.979 5.838 4.798 3.907 3.072 2.207 1.348 0.713 0.343 0.167 0.092 0.057 0.039 0.029 0.022 0.018 0.015 0.013 0.012 0.011 0.010 0.009 0.009 0.008 0.008 0.007 0.007 0.006 0.006 0.005 0.004 0.003 0.003 0.002 0.001 0.000 0.000 0.000 0.000 0.000 0.000 0.000 0.000 0.000 0.000 0.001 0.002 0.003 0.004 0.005 0.007 0.010 0.012 0.015 0.019 0.023 0.027 0.032 0.037 0.044 0.053 0.064 0.076 0.089 0.103 0.118
3.479 3.515 3.552 3.597 3.660 3.758 3.868 3.930 3.923 3.835 3.558 3.045 2.352 1.745 1.295 0.929 0.596 0.330 0.168 0.089 0.053 0.037 0.028 0.022 0.018 0.016 0.013 0.012 0.011 0.010 0.009 0.009 0.008 0.008 0.007 0.007 0.006 0.006 0.005 0.005 0.004 0.004 0.003 0.002 0.002 0.001 0.000 0.000 0.000 0.000 0.000 0.000 0.000 0.000 0.000 0.000 0.000 0.001 0.002 0.003 0.004 0.006 0.008 0.010 0.013 0.017 0.021 0.025 0.031 0.037 0.044 0.053 0.063 0.076 0.090 0.105 0.121
1.947 1.773 1.640 1.539 1.462 1.408 1.381 1.358 1.330 1.281 1.166 0.963 0.690 0.474 0.334 0.232 0.148 0.087 0.052 0.035 0.026 0.021 0.018 0.016 0.014 0.012 0.011 0.010 0.009 0.008 0.008 0.007 0.007 0.007 0.006 0.006 0.006 0.005 0.005 0.005 0.004 0.004 0.003 0.003 0.002 0.001 0.000 0.000 0.000 0.000 0.000 0.000 0.000 0.000 0.000 0.000 0.000 0.000 0.001 0.002 0.003 0.004 0.006 0.008 0.011 0.015 0.019 0.024 0.029 0.035 0.043 0.051 0.062 0.074 0.089 0.107 0.128
0.843 0.704 0.617 0.557 0.509 0.467 0.435 0.410 0.388 0.364 0.326 0.266 0.187 0.130 0.094 0.068 0.049 0.035 0.026 0.021 0.018 0.015 0.014 0.012 0.011 0.010 0.009 0.008 0.008 0.007 0.007 0.006 0.006 0.006 0.006 0.005 0.005 0.005 0.005 0.005 0.005 0.004 0.004 0.003 0.003 0.001 0.000 0.000 0.000 0.000 0.000 0.000 0.000 0.000 0.000 0.000 0.000 0.000 0.000 0.001 0.002 0.003 0.005 0.007 0.009 0.012 0.016 0.021 0.027 0.033 0.040 0.048 0.058 0.070 0.087 0.107 0.132
0.313 0.256 0.224 0.201 0.181 0.161 0.145 0.131 0.121 0.111 0.099 0.083 0.062 0.047 0.037 0.030 0.025 0.021 0.018 0.015 0.013 0.012 0.011 0.010 0.009 0.008 0.008 0.007 0.007 0.006 0.006 0.006 0.006 0.006 0.006 0.006 0.006 0.006 0.006 0.006 0.006 0.006 0.006 0.005 0.004 0.002 0.001 0.000 0.000 0.000 0.000 0.000 0.000 0.000 0.000 0.000 0.000 0.000 0.000 0.000 0.001 0.002 0.003 0.005 0.007 0.010 0.014 0.018 0.023 0.029 0.035 0.042 0.051 0.064 0.081 0.103 0.130
0.117 0.098 0.087 0.078 0.071 0.064 0.057 0.051 0.047 0.043 0.040 0.036 0.030 0.026 0.022 0.019 0.017 0.015 0.013 0.012 0.011 0.010 0.009 0.008 0.008 0.007 0.007 0.007 0.006 0.006 0.006 0.006 0.006 0.006 0.006 0.007 0.007 0.008 0.008 0.009 0.009 0.009 0.009 0.007 0.005 0.002 0.001 0.000 0.000 0.000 0.000 0.000 0.000 0.000 0.000 0.000 0.000 0.000 0.000 0.000 0.000 0.001 0.002 0.003 0.005 0.007 0.010 0.014 0.018 0.023 0.028 0.034 0.042 0.052 0.068 0.089 0.117
0.050 0.043 0.039 0.036 0.034 0.031 0.028 0.026 0.025 0.024 0.022 0.021 0.020 0.018 0.016 0.015 0.013 0.012 0.011 0.010 0.009 0.008 0.008 0.007 0.007 0.007 0.007 0.007 0.007 0.007 0.007 0.008 0.008 0.009 0.009 0.010 0.011 0.013 0.014 0.015 0.015 0.014 0.012 0.009 0.005 0.002 0.001 0.000 0.000 0.000 0.000 0.000 0.000 0.000 0.000 0.000 0.000 0.000 0.000 0.000 0.000 0.000 0.001 0.002 0.003 0.005 0.007 0.010 0.013 0.017 0.021 0.025 0.030 0.037 0.048 0.065 0.090
0.025 0.023 0.022 0.021 0.020 0.019 0.018 0.017 0.017 0.016 0.016 0.015 0.015 0.014 0.013 0.012 0.011 0.010 0.009 0.008 0.008 0.007 0.007 0.007 0.007 0.007 0.008 0.008 0.009 0.010 0.011 0.012 0.013 0.015 0.016 0.018 0.021 0.023 0.025 0.024 0.022 0.019 0.014 0.009 0.005 0.003 0.001 0.000 0.000 0.000 0.000 0.000 0.000 0.000 0.000 0.000 0.000 0.000 0.000 0.000 0.000 0.000 0.000 0.001 0.002 0.003 0.005 0.007 0.010 0.012 0.015 0.018 0.022 0.026 0.032 0.042 0.057
0.016 0.015 0.015 0.014 0.014 0.014 0.013 0.013 0.013 0.013 0.012 0.012 0.012 0.012 0.011 0.010 0.009 0.008 0.008 0.007 0.007 0.007 0.007 0.008 0.008 0.009 0.011 0.013 0.015 0.017 0.019 0.022 0.025 0.029 0.032 0.035 0.038 0.039 0.036 0.032 0.026 0.020 0.014 0.009 0.005 0.002 0.001 0.000 0.000 0.000 0.000 0.000 0.000 0.000 0.000 0.000 0.000 0.000 0.000 0.000 0.000 0.000 0.000 0.000 0.001 0.002 0.003 0.005 0.007 0.009 0.011 0.013 0.016 0.019 0.023 0.028 0.037
0.011 0.011 0.011 0.011 0.011 0.011 0.011 0.010 0.010 0.010 0.010 0.010 0.010 0.010 0.009 0.009 0.008 0.007 0.007 0.007 0.007 0.008 0.008 0.010 0.012 0.015 0.018 0.023 0.028 0.034 0.039 0.045 0.050 0.054 0.057 0.057 0.054 0.049 0.042 0.034 0.026 0.019 0.013 0.009 0.005 0.002 0.001 0.000 0.000 0.000 0.000 0.000 0.000 0.000 0.000 0.000 0.000 0.000 0.000 0.000 0.000 0.000 0.000 0.000 0.000 0.001 0.002 0.003 0.004 0.006 0.008 0.010 0.012 0.014 0.016 0.020 0.025
0.008 0.009 0.009 0.009 0.009 0.009 0.009 0.009 0.009 0.009 0.009 0.009 0.009 0.008 0.008 0.008 0.007 0.007 0.007 0.007 0.008 0.010 0.012 0.015 0.020 0.028 0.038 0.049 0.058 0.067 0.073 0.078 0.080 0.079 0.076 0.070 0.062 0.052 0.042 0.033 0.025 0.018 0.013 0.008 0.005 0.002 0.001 0.000 0.000 0.000 0.000 0.000 0.000 0.000 0.000 0.000 0.000 0.000 0.000 0.000 0.000 0.000 0.000 0.000 0.000 0.000 0.001 0.002 0.003 0.004 0.005 0.007 0.008 0.010 0.012 0.015 0.018
0.007 0.007 0.007 0.007 0.007 0.008 0.008 0.008 0.008 0.008 0.008 0.008 0.007 0.007 0.007 0.007 0.007 0.007 0.008 0.009 0.011 0.015 0.020 0.029 0.042 0.058 0.076 0.089 0.097 0.101 0.102 0.100 0.096 0.090 0.083 0.074 0.063 0.052 0.041 0.032 0.024 0.017 0.011 0.007 0.004 0.002 0.001 0.000 0.000 0.000 0.000 0.000 0.000 0.000 0.000 0.000 0.000 0.000 0.000 0.000 0.000 0.000 0.000 0.000 0.000 0.000 0.000 0.001 0.001 0.002 0.003 0.005 0.006 0.007 0.009 0.011 0.013
0.006 0.006 0.006 0.006 0.006 0.006 0.007 0.007 0.007 0.007 0.007 0.007 0.006 0.006 0.006 0.007 0.007 0.008 0.010 0.013 0.018 0.026 0.039 0.057 0.079 0.098 0.111 0.118 0.119 0.118 0.114 0.108 0.101 0.092 0.083 0.073 0.062 0.050 0.039 0.030 0.022 0.015 0.010 0.006 0.004 0.002 0.001 0.000 0.000 0.000 0.000 0.000 0.000 0.000 0.000 0.000 0.000 0.000 0.000 0.000 0.000 0.000 0.000 0.000 0.000 0.000 0.000 0.000 0.001 0.001 0.002 0.003 0.004 0.005 0.006 0.008 0.010
0.004 0.005 0.005 0.005 0.005 0.006 0.006 0.006 0.006 0.006 0.006 0.006 0.006 0.006 0.006 0.007 0.008 0.011 0.015 0.021 0.032 0.048 0.068 0.090 0.108 0.121 0.127 0.128 0.127 0.124 0.118 0.110 0.101 0.092 0.082 0.072 0.060 0.048 0.036 0.027 0.019 0.013 0.008 0.005 0.003 0.001 0.000 0.000 0.000 0.000 0.000 0.000 0.000 0.000 0.000 0.000 0.000 0.000 0.000 0.000 0.000 0.000 0.000 0.000 0.000 0.000 0.000 0.000 0.000 0.000 0.001 0.001 0.002 0.003 0.004 0.005 0.007
0.003 0.004 0.004 0.004 0.005 0.005 0.005 0.005 0.005 0.005 0.005 0.005 0.005 0.006 0.007 0.008 0.011 0.016 0.023 0.034 0.050 0.068 0.088 0.106 0.120 0.127 0.130 0.130 0.129 0.126 0.119 0.111 0.100 0.089 0.079 0.067 0.055 0.042 0.030 0.021 0.014 0.010 0.006 0.004 0.002 0.001 0.000 0.000 0.000 0.000 0.000 0.000 0.000 0.000 0.000 0.000 0.000 0.000 0.000 0.000 0.000 0.000 0.000 0.000 0.000 0.000 0.000 0.000 0.000 0.000 0.000 0.001 0.001 0.002 0.003 0.004 0.005
0.002 0.003 0.003 0.003 0.004 0.004 0.004 0.004 0.004 0.004 0.004 0.005 0.005 0.006 0.008 0.010 0.014 0.021 0.031 0.044 0.061 0.079 0.096 0.110 0.121 0.128 0.130 0.131 0.130 0.126 0.119 0.109 0.095 0.081 0.068 0.054 0.041 0.030 0.021 0.014 0.009 0.006 0.004 0.002 0.001 0.000 0.000 0.000 0.000 0.000 0.000 0.000 0.000 0.000 0.000 0.000 0.000 0.000 0.000 0.000 0.000 0.000 0.000 0.000 0.000 0.000 0.000 0.000 0.000 0.000 0.000 0.000 0.000 0.001 0.001 0.002 0.003
0.002 0.002 0.002 0.003 0.003 0.003 0.003 0.003 0.004 0.004 0.004 0.004 0.005 0.006 0.008 0.011 0.016 0.024 0.034 0.048 0.065 0.082 0.097 0.110 0.120 0.126 0.128 0.129 0.127 0.122 0.113 0.099 0.081 0.062 0.046 0.033 0.023 0.016 0.011 0.007 0.005 0.003 0.002 0.001 0.000 0.000 0.000 0.000 0.000 0.000 0.000 0.000 0.000 0.000 0.000 0.000 0.000 0.000 0.000 0.000 0.000 0.000 0.000 0.000 0.000 0.000 0.000 0.000 0.000 0.000 0.000 0.000 0.000 0.000 0.000 0.001 0.002
0.001 0.001 0.002 0.002 0.002 0.002 0.003 0.003 0.003 0.003 0.004 0.004 0.005 0.006 0.008 0.011 0.016 0.024 0.035 0.049 0.066 0.082 0.095 0.105 0.112 0.115 0.115 0.114 0.110 0.102 0.091 0.075 0.055 0.036 0.024 0.015 0.010 0.007 0.005 0.004 0.002 0.002 0.001 0.000 0.000 0.000 0.000 0.000 0.000 0.000 0.000 0.000 0.000 0.000 0.000 0.000 0.000 0.000 0.000 0.000 0.000 0.000 0.000 0.000 0.000 0.000 0.000 0.000 0.000 0.000 0.000 0.000 0.000 0.000 0.000 0.000 0.001
0.000 0.001 0.001 0.001 0.001 0.002 0.002 0.002 0.003 0.003 0.003 0.004 0.005 0.006 0.008 0.011 0.016 0.024 0.034 0.048 0.063 0.076 0.085 0.090 0.091 0.087 0.082 0.076 0.069 0.062 0.052 0.041 0.027 0.017 0.010 0.007 0.004 0.003 0.002 0.002 0.001 0.001 0.000 0.000 0.000 0.000 0.000 0.000 0.000 0.000 0.000 0.000 0.000 0.000 0.000 0.000 0.000 0.000 0.000 0.000 0.000 0.000 0.000 0.000 0.000 0.000 0.000 0.000 0.000 0.000 0.000 0.000 0.000 0.000 0.000 0.000 0.000
