RESULTS/r.avaflow_results/11_results/11_ascii/11_hflow10020.asc
ncols 506
nrows 317
xllcenter 498237.50
yllcenter 5580050.00
cellsize 12.50
NODATA_value -9999.000
[rows 170 to 203 of 317, columns 77 to 153 of 506]
0.000 0.000 0.000 0.000 0.000 0.000 0.000 0.000 0.000 0.000 0.000 0.000 0.000 0.000 0.001 0.001 0.002 0.004 0.005 0.007 0.010 0.016 0.029 0.052 0.089 0.133 0.167 0.193 0.218 0.243 0.268 0.295 0.323 0.353 0.386 0.425 0.457 0.475 0.479 0.474 0.449 0.408 0.391 0.414 0.520 0.731 1.015 1.336 1.691 2.123 2.705 3.543 4.520 5.270 5.617 5.679 5.617 5.554 5.501 5.429 5.311 5.105 4.769 4.311 3.764 3.240 2.782 2.384 2.036 1.734 1.473 1.250 1.059 0.894 0.752 0.630 0.527
0.000 0.000 0.000 0.000 0.000 0.000 0.000 0.000 0.000 0.000 0.000 0.000 0.000 0.001 0.002 0.004 0.006 0.009 0.013 0.018 0.026 0.039 0.062 0.099 0.150 0.198 0.234 0.266 0.296 0.327 0.358 0.391 0.425 0.463 0.506 0.560 0.610 0.640 0.649 0.644 0.617 0.591 0.611 0.738 1.030 1.468 1.974 2.502 3.085 3.787 4.615 5.466 6.131 6.486 6.566 6.483 6.330 6.174 6.023 5.849 5.625 5.315 4.898 4.387 3.826 3.313 2.863 2.471 2.129 1.835 1.583 1.368 1.183 1.024 0.884 0.762 0.655
0.000 0.000 0.000 0.000 0.000 0.000 0.000 0.000 0.000 0.000 0.000 0.000 0.001 0.002 0.005 0.008 0.013 0.019 0.027 0.038 0.053 0.076 0.113 0.166 0.225 0.275 0.316 0.355 0.393 0.432 0.471 0.511 0.554 0.599 0.653 0.721 0.791 0.840 0.864 0.870 0.867 0.895 1.036 1.382 1.953 2.663 3.379 4.120 4.930 5.727 6.417 6.931 7.215 7.283 7.212 7.056 6.860 6.639 6.403 6.135 5.817 5.427 4.954 4.406 3.850 3.352 2.913 2.528 2.195 1.910 1.666 1.458 1.280 1.127 0.994 0.877 0.773
0.000 0.000 0.000 0.000 0.000 0.000 0.000 0.000 0.000 0.000 0.000 0.001 0.002 0.005 0.009 0.015 0.023 0.034 0.048 0.066 0.092 0.129 0.181 0.246 0.311 0.366 0.416 0.465 0.513 0.562 0.610 0.660 0.711 0.767 0.830 0.908 0.997 1.074 1.133 1.183 1.253 1.423 1.806 2.473 3.377 4.309 5.155 5.931 6.644 7.243 7.679 7.904 7.943 7.863 7.712 7.507 7.266 6.991 6.686 6.341 5.946 5.490 4.971 4.403 3.857 3.369 2.939 2.563 2.237 1.959 1.721 1.518 1.347 1.200 1.074 0.964 0.865
0.000 0.000 0.000 0.000 0.000 0.000 0.000 0.000 0.000 0.000 0.000 0.001 0.004 0.009 0.016 0.025 0.037 0.054 0.075 0.103 0.141 0.192 0.257 0.334 0.409 0.476 0.540 0.602 0.662 0.721 0.780 0.840 0.902 0.967 1.039 1.124 1.228 1.345 1.468 1.608 1.825 2.257 3.007 4.083 5.224 6.153 6.859 7.434 7.910 8.262 8.461 8.503 8.442 8.304 8.108 7.860 7.570 7.242 6.880 6.477 6.022 5.514 4.962 4.389 3.854 3.373 2.949 2.578 2.257 1.982 1.748 1.551 1.385 1.246 1.127 1.023 0.929
0.000 0.000 0.000 0.000 0.000 0.000 0.000 0.000 0.000 0.000 0.000 0.002 0.006 0.012 0.021 0.035 0.053 0.077 0.107 0.146 0.196 0.261 0.340 0.431 0.524 0.610 0.692 0.771 0.845 0.917 0.988 1.057 1.128 1.200 1.277 1.368 1.486 1.634 1.829 2.106 2.558 3.358 4.575 5.920 6.982 7.731 8.220 8.544 8.774 8.898 8.925 8.881 8.782 8.627 8.409 8.124 7.779 7.402 6.994 6.549 6.053 5.510 4.934 4.364 3.842 3.370 2.949 2.581 2.261 1.987 1.755 1.561 1.401 1.268 1.154 1.055 0.967
0.000 0.000 0.000 0.000 0.000 0.000 0.000 0.000 0.000 0.000 0.000 0.002 0.006 0.014 0.025 0.041 0.064 0.096 0.138 0.192 0.257 0.337 0.432 0.542 0.661 0.773 0.878 0.977 1.069 1.156 1.238 1.316 1.391 1.464 1.537 1.616 1.723 1.881 2.122 2.500 3.152 4.288 5.905 7.375 8.368 8.957 9.228 9.315 9.326 9.283 9.217 9.129 9.012 8.847 8.618 8.311 7.921 7.497 7.052 6.575 6.052 5.482 4.886 4.324 3.813 3.350 2.935 2.571 2.254 1.982 1.753 1.561 1.403 1.272 1.163 1.068 0.985
0.000 0.000 0.000 0.000 0.000 0.000 0.000 0.000 0.000 0.000 0.000 0.002 0.007 0.015 0.027 0.044 0.070 0.108 0.160 0.231 0.318 0.421 0.540 0.676 0.825 0.968 1.102 1.226 1.341 1.445 1.538 1.620 1.691 1.751 1.799 1.846 1.925 2.078 2.346 2.792 3.568 4.931 6.852 8.430 9.383 9.812 9.901 9.824 9.658 9.519 9.406 9.290 9.154 8.979 8.743 8.425 8.015 7.551 7.072 6.569 6.024 5.424 4.816 4.260 3.755 3.300 2.893 2.536 2.226 1.961 1.737 1.551 1.397 1.270 1.162 1.071 0.992
0.000 0.000 0.000 0.000 0.000 0.000 0.000 0.000 0.000 0.000 0.000 0.002 0.007 0.015 0.027 0.045 0.072 0.113 0.173 0.259 0.371 0.508 0.663 0.836 1.022 1.202 1.370 1.526 1.667 1.788 1.889 1.967 2.019 2.044 2.051 2.060 2.103 2.237 2.517 3.014 3.859 5.330 7.449 9.124 10.032 10.326 10.304 10.109 9.833 9.653 9.515 9.379 9.226 9.042 8.801 8.476 8.057 7.574 7.062 6.526 5.944 5.316 4.704 4.151 3.652 3.206 2.811 2.465 2.168 1.914 1.701 1.525 1.379 1.258 1.156 1.069 0.992
0.000 0.000 0.000 0.000 0.000 0.000 0.000 0.000 0.000 0.000 0.000 0.002 0.006 0.014 0.026 0.044 0.072 0.113 0.177 0.272 0.408 0.583 0.788 1.017 1.247 1.463 1.665 1.850 2.015 2.148 2.244 2.303 2.326 2.324 2.294 2.262 2.275 2.381 2.659 3.187 4.069 5.550 7.737 9.498 10.377 10.582 10.500 10.217 9.909 9.712 9.558 9.409 9.249 9.061 8.817 8.487 8.063 7.570 7.026 6.435 5.796 5.141 4.531 3.982 3.492 3.059 2.682 2.353 2.074 1.837 1.641 1.480 1.347 1.236 1.143 1.061 0.989
0.000 0.000 0.000 0.000 0.000 0.000 0.000 0.000 0.000 0.000 0.000 0.002 0.005 0.012 0.023 0.040 0.067 0.107 0.171 0.271 0.421 0.631 0.893 1.181 1.449 1.695 1.922 2.129 2.311 2.455 2.550 2.596 2.604 2.590 2.534 2.460 2.446 2.525 2.795 3.338 4.235 5.667 7.802 9.617 10.514 10.684 10.555 10.227 9.927 9.726 9.564 9.408 9.247 9.058 8.811 8.476 8.042 7.526 6.939 6.283 5.574 4.895 4.287 3.744 3.267 2.853 2.497 2.193 1.939 1.727 1.553 1.412 1.297 1.200 1.117 1.044 0.978
0.000 0.000 0.000 0.000 0.000 0.000 0.000 0.000 0.000 0.000 0.000 0.001 0.003 0.008 0.016 0.029 0.051 0.087 0.145 0.244 0.404 0.642 0.964 1.314 1.618 1.890 2.136 2.358 2.550 2.703 2.806 2.854 2.861 2.845 2.778 2.664 2.624 2.679 2.936 3.484 4.383 5.746 7.755 9.588 10.522 10.698 10.543 10.196 9.909 9.711 9.540 9.380 9.216 9.024 8.768 8.421 7.966 7.413 6.776 6.051 5.284 4.585 3.970 3.434 2.972 2.581 2.254 1.984 1.763 1.583 1.438 1.320 1.225 1.145 1.075 1.012 0.954
0.000 0.000 0.000 0.000 0.000 0.000 0.000 0.000 0.000 0.000 0.000 0.000 0.001 0.003 0.007 0.014 0.027 0.049 0.092 0.177 0.338 0.604 0.987 1.409 1.754 2.050 2.311 2.542 2.741 2.900 3.015 3.078 3.097 3.089 3.031 2.900 2.825 2.854 3.085 3.618 4.504 5.805 7.640 9.405 10.375 10.598 10.457 10.116 9.831 9.632 9.458 9.299 9.129 8.925 8.657 8.292 7.810 7.215 6.523 5.733 4.926 4.210 3.589 3.056 2.609 2.244 1.952 1.723 1.544 1.403 1.291 1.202 1.130 1.068 1.012 0.962 0.914
0.000 0.000 0.000 0.000 0.000 0.000 0.000 0.000 0.000 0.000 0.000 0.000 0.000 0.001 0.002 0.005 0.010 0.019 0.041 0.093 0.227 0.505 0.944 1.453 1.850 2.175 2.454 2.694 2.898 3.062 3.185 3.268 3.309 3.319 3.290 3.186 3.081 3.077 3.254 3.741 4.585 5.825 7.473 9.025 9.969 10.267 10.199 9.937 9.666 9.467 9.290 9.124 8.940 8.724 8.441 8.057 7.550 6.915 6.170 5.327 4.500 3.779 3.161 2.649 2.232 1.897 1.634 1.435 1.290 1.188 1.114 1.056 1.007 0.964 0.926 0.890 0.856
0.000 0.000 0.000 0.000 0.000 0.000 0.000 0.000 0.000 0.000 0.000 0.000 0.000 0.000 0.001 0.002 0.003 0.007 0.015 0.043 0.129 0.369 0.829 1.428 1.900 2.265 2.571 2.826 3.037 3.206 3.334 3.427 3.490 3.524 3.530 3.494 3.419 3.392 3.496 3.893 4.650 5.800 7.246 8.487 9.317 9.683 9.713 9.591 9.382 9.187 9.002 8.813 8.612 8.384 8.081 7.680 7.160 6.507 5.725 4.846 4.024 3.328 2.752 2.283 1.905 1.602 1.364 1.184 1.054 0.966 0.913 0.882 0.857 0.835 0.816 0.797 0.779
0.000 0.000 0.000 0.000 0.000 0.000 0.000 0.000 0.000 0.000 0.000 0.000 0.000 0.000 0.000 0.000 0.001 0.002 0.006 0.020 0.071 0.243 0.658 1.308 1.892 2.315 2.662 2.944 3.168 3.344 3.475 3.571 3.642 3.694 3.726 3.740 3.737 3.752 3.848 4.154 4.755 5.722 6.913 7.845 8.498 8.893 9.031 9.027 8.923 8.760 8.561 8.329 8.068 7.810 7.515 7.131 6.629 5.989 5.200 4.320 3.542 2.900 2.379 1.957 1.619 1.350 1.137 0.974 0.854 0.772 0.720 0.695 0.686 0.684 0.684 0.685 0.685
0.000 0.000 0.000 0.000 0.000 0.000 0.000 0.000 0.000 0.000 0.000 0.000 0.000 0.000 0.000 0.000 0.000 0.001 0.003 0.010 0.039 0.148 0.468 1.077 1.796 2.325 2.724 3.050 3.298 3.483 3.616 3.709 3.777 3.831 3.871 3.907 3.939 3.987 4.100 4.360 4.834 5.596 6.508 7.208 7.698 8.029 8.211 8.264 8.240 8.140 7.940 7.649 7.271 6.945 6.664 6.344 5.926 5.355 4.610 3.775 3.067 2.495 2.032 1.660 1.363 1.126 0.939 0.794 0.685 0.606 0.553 0.522 0.511 0.516 0.531 0.547 0.554
0.000 0.000 0.000 0.000 0.000 0.000 0.000 0.000 0.000 0.000 0.000 0.000 0.000 0.000 0.000 0.000 0.000 0.001 0.002 0.006 0.022 0.083 0.292 0.785 1.555 2.254 2.751 3.139 3.428 3.627 3.760 3.846 3.904 3.945 3.976 4.005 4.036 4.089 4.200 4.425 4.817 5.417 6.077 6.578 6.929 7.162 7.312 7.369 7.369 7.307 7.116 6.766 6.242 5.796 5.514 5.274 4.991 4.571 3.955 3.219 2.596 2.102 1.706 1.384 1.125 0.920 0.759 0.633 0.536 0.463 0.409 0.372 0.350 0.340 0.345 0.352 0.347
0.000 0.000 0.000 0.000 0.000 0.000 0.000 0.000 0.000 0.000 0.000 0.000 0.000 0.000 0.000 0.000 0.000 0.000 0.001 0.003 0.012 0.045 0.163 0.502 1.180 2.039 2.707 3.193 3.555 3.785 3.916 3.990 4.030 4.048 4.052 4.053 4.066 4.108 4.212 4.410 4.726 5.167 5.608 5.929 6.150 6.278 6.349 6.370 6.361 6.290 6.097 5.738 5.201 4.675 4.328 4.082 3.855 3.588 3.187 2.636 2.119 1.713 1.387 1.116 0.894 0.720 0.585 0.481 0.400 0.335 0.283 0.243 0.213 0.193 0.180 0.169 0.156
0.000 0.000 0.000 0.000 0.000 0.000 0.000 0.000 0.000 0.000 0.000 0.000 0.000 0.000 0.000 0.000 0.000 0.000 0.001 0.002 0.006 0.023 0.084 0.284 0.783 1.640 2.538 3.178 3.640 3.942 4.090 4.147 4.162 4.146 4.099 4.065 4.062 4.091 4.169 4.312 4.532 4.822 5.075 5.239 5.334 5.369 5.373 5.358 5.319 5.230 5.055 4.764 4.335 3.826 3.417 3.122 2.869 2.618 2.332 1.971 1.602 1.295 1.042 0.830 0.652 0.513 0.409 0.331 0.269 0.217 0.173 0.139 0.112 0.092 0.078 0.067 0.058
0.000 0.000 0.000 0.000 0.000 0.000 0.000 0.000 0.000 0.000 0.000 0.000 0.000 0.000 0.000 0.000 0.000 0.000 0.000 0.001 0.003 0.011 0.040 0.143 0.451 1.136 2.144 3.035 3.649 4.043 4.246 4.298 4.287 4.226 4.118 4.045 4.011 4.004 4.031 4.099 4.213 4.354 4.446 4.488 4.491 4.488 4.472 4.448 4.394 4.305 4.154 3.924 3.594 3.169 2.754 2.415 2.130 1.871 1.615 1.343 1.081 0.858 0.672 0.520 0.400 0.310 0.244 0.194 0.154 0.120 0.090 0.067 0.050 0.038 0.031 0.025 0.021
0.000 0.000 0.000 0.000 0.000 0.000 0.000 0.000 0.000 0.000 0.000 0.000 0.000 0.000 0.000 0.000 0.000 0.000 0.000 0.001 0.001 0.005 0.018 0.066 0.225 0.652 1.513 2.625 3.503 4.044 4.321 4.401 4.376 4.268 4.104 3.971 3.878 3.811 3.770 3.749 3.750 3.755 3.732 3.710 3.692 3.682 3.664 3.639 3.589 3.512 3.388 3.205 2.948 2.612 2.239 1.899 1.602 1.340 1.099 0.875 0.678 0.514 0.381 0.281 0.209 0.158 0.122 0.095 0.073 0.055 0.040 0.028 0.020 0.015 0.012 0.010 0.009
0.000 0.000 0.000 0.000 0.000 0.000 0.000 0.000 0.000 0.000 0.000 0.000 0.000 0.000 0.000 0.000 0.000 0.000 0.000 0.000 0.001 0.003 0.011 0.034 0.109 0.333 0.883 1.915 3.092 3.866 4.277 4.416 4.399 4.267 4.048 3.828 3.650 3.500 3.372 3.254 3.149 3.064 3.010 2.987 2.975 2.966 2.954 2.935 2.899 2.839 2.740 2.594 2.388 2.118 1.801 1.492 1.217 0.970 0.750 0.558 0.401 0.279 0.191 0.131 0.093 0.068 0.052 0.040 0.030 0.022 0.016 0.012 0.009 0.007 0.006 0.005 0.004
0.000 0.000 0.000 0.000 0.000 0.000 0.000 0.000 0.000 0.000 0.000 0.000 0.000 0.000 0.000 0.000 0.000 0.000 0.000 0.000 0.001 0.003 0.010 0.028 0.074 0.191 0.499 1.211 2.388 3.426 4.026 4.282 4.309 4.182 3.915 3.602 3.323 3.078 2.854 2.657 2.511 2.419 2.371 2.353 2.348 2.345 2.340 2.331 2.310 2.267 2.191 2.074 1.905 1.682 1.413 1.144 0.904 0.688 0.500 0.344 0.225 0.141 0.088 0.057 0.039 0.029 0.022 0.017 0.013 0.009 0.007 0.005 0.004 0.004 0.003 0.003 0.002
0.000 0.000 0.000 0.000 0.000 0.000 0.000 0.000 0.000 0.000 0.000 0.000 0.000 0.000 0.000 0.000 0.000 0.000 0.000 0.001 0.002 0.005 0.014 0.035 0.080 0.166 0.332 0.743 1.607 2.723 3.518 3.902 3.986 3.897 3.637 3.274 2.902 2.578 2.313 2.114 1.973 1.880 1.829 1.811 1.809 1.812 1.816 1.815 1.805 1.778 1.721 1.626 1.485 1.297 1.065 0.833 0.630 0.453 0.306 0.194 0.116 0.067 0.040 0.025 0.017 0.013 0.010 0.007 0.006 0.004 0.004 0.003 0.002 0.002 0.002 0.002 0.001
0.000 0.000 0.000 0.000 0.000 0.000 0.000 0.000 0.000 0.000 0.000 0.000 0.000 0.000 0.000 0.000 0.000 0.000 0.000 0.001 0.003 0.010 0.027 0.065 0.130 0.205 0.295 0.482 0.968 1.861 2.753 3.244 3.386 3.345 3.148 2.814 2.410 2.085 1.847 1.669 1.537 1.444 1.386 1.359 1.354 1.359 1.368 1.371 1.368 1.350 1.306 1.228 1.110 0.951 0.752 0.557 0.394 0.263 0.163 0.094 0.052 0.029 0.017 0.011 0.008 0.006 0.005 0.004 0.003 0.002 0.002 0.002 0.001 0.001 0.001 0.001 0.001
0.000 0.000 0.000 0.000 0.000 0.000 0.000 0.000 0.000 0.000 0.000 0.000 0.000 0.000 0.000 0.000 0.000 0.000 0.001 0.002 0.008 0.023 0.059 0.136 0.217 0.264 0.298 0.357 0.565 1.082 1.832 2.345 2.531 2.536 2.434 2.211 1.905 1.649 1.457 1.308 1.191 1.100 1.036 0.996 0.979 0.976 0.980 0.980 0.976 0.959 0.923 0.860 0.764 0.633 0.472 0.328 0.214 0.130 0.073 0.039 0.021 0.011 0.007 0.004 0.003 0.003 0.002 0.002 0.002 0.001 0.001 0.001 0.001 0.001 0.001 0.001 0.001
0.000 0.000 0.000 0.000 0.000 0.000 0.000 0.000 0.000 0.000 0.000 0.000 0.000 0.000 0.000 0.000 0.000 0.001 0.002 0.005 0.016 0.046 0.118 0.211 0.262 0.279 0.285 0.287 0.343 0.588 1.096 1.541 1.725 1.753 1.719 1.617 1.451 1.276 1.133 1.017 0.919 0.836 0.768 0.716 0.684 0.665 0.653 0.642 0.627 0.605 0.572 0.523 0.452 0.357 0.249 0.161 0.097 0.053 0.028 0.014 0.008 0.004 0.002 0.002 0.001 0.001 0.001 0.001 0.001 0.001 0.001 0.001 0.001 0.001 0.001 0.001 0.001
0.000 0.000 0.000 0.000 0.000 0.000 0.000 0.000 0.000 0.000 0.000 0.000 0.000 0.000 0.000 0.001 0.001 0.002 0.004 0.012 0.032 0.086 0.177 0.245 0.270 0.274 0.255 0.216 0.216 0.324 0.630 0.977 1.143 1.184 1.181 1.145 1.068 0.964 0.866 0.781 0.704 0.632 0.566 0.509 0.464 0.431 0.405 0.380 0.357 0.331 0.301 0.265 0.218 0.161 0.105 0.064 0.036 0.019 0.010 0.005 0.003 0.001 0.001 0.001 0.001 0.001 0.001 0.001 0.001 0.001 0.001 0.001 0.001 0.001 0.001 0.001 0.001
0.000 0.000 0.000 0.000 0.000 0.000 0.000 0.000 0.000 0.000 0.000 0.000 0.000 0.000 0.001 0.001 0.002 0.005 0.010 0.023 0.058 0.132 0.213 0.252 0.263 0.254 0.202 0.137 0.127 0.182 0.358 0.601 0.733 0.778 0.786 0.778 0.750 0.700 0.640 0.583 0.527 0.471 0.415 0.358 0.307 0.267 0.233 0.204 0.179 0.155 0.132 0.108 0.082 0.056 0.035 0.021 0.012 0.006 0.003 0.002 0.001 0.001 0.001 0.000 0.000 0.000 0.001 0.001 0.001 0.001 0.001 0.001 0.001 0.001 0.001 0.001 0.001
0.000 0.000 0.000 0.000 0.000 0.000 0.000 0.000 0.000 0.000 0.000 0.000 0.001 0.001 0.002 0.003 0.006 0.010 0.020 0.042 0.091 0.170 0.224 0.244 0.244 0.216 0.136 0.077 0.070 0.099 0.199 0.356 0.450 0.487 0.498 0.498 0.490 0.471 0.442 0.408 0.373 0.335 0.293 0.246 0.198 0.158 0.127 0.102 0.083 0.066 0.052 0.038 0.027 0.017 0.011 0.006 0.004 0.002 0.001 0.001 0.001 0.000 0.000 0.000 0.000 0.000 0.001 0.001 0.001 0.001 0.001 0.001 0.001 0.000 0.000 0.000 0.001
0.000 0.000 0.000 0.000 0.000 0.000 0.000 0.000 0.000 0.000 0.000 0.001 0.002 0.003 0.005 0.008 0.012 0.020 0.036 0.066 0.122 0.187 0.219 0.227 0.215 0.162 0.081 0.042 0.036 0.051 0.105 0.198 0.258 0.283 0.290 0.290 0.288 0.282 0.270 0.254 0.235 0.215 0.190 0.158 0.122 0.091 0.068 0.051 0.038 0.028 0.019 0.013 0.008 0.005 0.003 0.002 0.001 0.001 0.000 0.000 0.000 0.000 0.000 0.001 0.000 0.000 0.001 0.001 0.001 0.001 0.001 0.001 0.001 0.000 0.000 0.000 0.000
0.000 0.000 0.000 0.000 0.000 0.000 0.000 0.001 0.001 0.001 0.002 0.003 0.005 0.007 0.010 0.015 0.021 0.031 0.050 0.086 0.145 0.190 0.205 0.203 0.176 0.107 0.047 0.023 0.018 0.024 0.050 0.099 0.135 0.149 0.152 0.151 0.149 0.146 0.141 0.133 0.126 0.117 0.107 0.091 0.069 0.049 0.035 0.024 0.017 0.011 0.007 0.004 0.003 0.002 0.001 0.001 0.000 0.000 0.000 0.000 0.000 0.000 0.000 0.000 0.000 0.000 0.001 0.001 0.001 0.001 0.000 0.001 0.000 0.000 0.000 0.000 0.000
0.001 0.001 0.001 0.001 0.001 0.002 0.002 0.002 0.003 0.004 0.005 0.007 0.009 0.012 0.016 0.020 0.027 0.039 0.062 0.107 0.160 0.185 0.190 0.180 0.135 0.068 0.029 0.013 0.009 0.011 0.021 0.043 0.062 0.069 0.070 0.069 0.066 0.064 0.060 0.057 0.054 0.052 0.049 0.044 0.035 0.024 0.016 0.011 0.007 0.004 0.002 0.001 0.001 0.001 0.001 0.000 0.000 0.000 0.000 0.000 0.000 0.000 0.000 0.000 0.000 0.000 0.001 0.001 0.001 0.000 0.000 0.000 0.000 0.000 0.000 0.000 0.000
