RESULTS/r.avaflow_results/11_results/11_ascii/11_hflow3_fin.asc
ncols 506
nrows 317
xllcenter 498237.50
yllcenter 5580050.00
cellsize 12.50
NODATA_value -9999.000
[rows 170 to 203 of 317, columns 231 to 307 of 506]
0.107 0.081 0.065 0.057 0.054 0.053 0.055 0.063 0.084 0.130 0.176 0.194 0.196 0.185 0.153 0.100 0.059 0.037 0.024 0.017 0.012 0.009 0.006 0.004 0.003 0.001 0.001 0.000 0.000 0.000 0.000 0.000 0.000 0.000 0.000 0.000 0.000 0.000 0.000 0.000 0.000 0.000 0.000 0.000 0.000 0.000 0.000 0.000 0.000 0.000 0.000 0.000 0.000 0.000 0.000 0.000 0.000 0.000 0.000 0.000 0.000 0.000 0.000 0.000 0.000 0.000 0.000 0.000 0.000 0.000 0.000 0.000 0.000 0.000 0.000 0.000 0.000
0.160 0.114 0.087 0.073 0.069 0.068 0.073 0.092 0.145 0.257 0.368 0.412 0.414 0.385 0.308 0.187 0.100 0.056 0.034 0.022 0.016 0.011 0.008 0.006 0.004 0.002 0.001 0.000 0.000 0.000 0.000 0.000 0.000 0.000 0.000 0.000 0.000 0.000 0.000 0.000 0.000 0.000 0.000 0.000 0.000 0.000 0.000 0.000 0.000 0.000 0.000 0.000 0.000 0.000 0.000 0.000 0.000 0.000 0.000 0.000 0.000 0.000 0.000 0.000 0.000 0.000 0.000 0.000 0.000 0.000 0.000 0.000 0.000 0.000 0.000 0.000 0.000
0.235 0.163 0.117 0.095 0.087 0.087 0.096 0.132 0.235 0.449 0.665 0.754 0.758 0.701 0.558 0.339 0.173 0.087 0.048 0.029 0.020 0.014 0.010 0.007 0.005 0.003 0.002 0.001 0.000 0.000 0.000 0.000 0.000 0.000 0.000 0.000 0.000 0.000 0.000 0.000 0.000 0.000 0.000 0.000 0.000 0.000 0.000 0.000 0.000 0.000 0.000 0.000 0.000 0.000 0.000 0.000 0.000 0.000 0.000 0.000 0.000 0.000 0.000 0.000 0.000 0.000 0.000 0.000 0.000 0.000 0.000 0.000 0.000 0.000 0.000 0.000 0.000
0.295 0.227 0.160 0.123 0.110 0.109 0.120 0.166 0.299 0.578 0.872 1.003 1.014 0.945 0.770 0.495 0.261 0.130 0.066 0.038 0.024 0.017 0.013 0.009 0.007 0.005 0.003 0.002 0.001 0.000 0.000 0.000 0.000 0.000 0.000 0.000 0.000 0.000 0.000 0.000 0.000 0.000 0.000 0.000 0.000 0.000 0.000 0.000 0.000 0.000 0.000 0.000 0.000 0.000 0.000 0.000 0.000 0.000 0.000 0.000 0.000 0.000 0.000 0.000 0.000 0.000 0.000 0.000 0.000 0.000 0.000 0.000 0.000 0.000 0.000 0.000 0.000
0.322 0.278 0.213 0.161 0.138 0.134 0.144 0.193 0.333 0.628 0.948 1.096 1.113 1.044 0.866 0.581 0.322 0.168 0.087 0.048 0.030 0.020 0.015 0.011 0.008 0.006 0.004 0.003 0.002 0.001 0.000 0.000 0.000 0.000 0.000 0.000 0.000 0.000 0.000 0.000 0.000 0.000 0.000 0.000 0.000 0.000 0.000 0.000 0.000 0.000 0.000 0.000 0.000 0.000 0.000 0.000 0.000 0.000 0.000 0.000 0.000 0.000 0.000 0.000 0.000 0.000 0.000 0.000 0.000 0.000 0.000 0.000 0.000 0.000 0.000 0.000 0.000
0.327 0.301 0.255 0.200 0.170 0.163 0.171 0.217 0.352 0.634 0.941 1.089 1.108 1.046 0.877 0.607 0.354 0.195 0.106 0.060 0.036 0.024 0.018 0.013 0.010 0.008 0.005 0.004 0.002 0.001 0.001 0.000 0.000 0.000 0.000 0.000 0.000 0.000 0.000 0.000 0.000 0.000 0.000 0.000 0.000 0.000 0.000 0.000 0.000 0.000 0.000 0.000 0.000 0.000 0.000 0.000 0.000 0.000 0.000 0.000 0.000 0.000 0.000 0.000 0.000 0.000 0.000 0.000 0.000 0.000 0.000 0.000 0.000 0.000 0.000 0.000 0.000
0.315 0.303 0.273 0.231 0.205 0.197 0.202 0.244 0.366 0.611 0.867 0.993 1.014 0.968 0.830 0.597 0.364 0.211 0.120 0.069 0.042 0.028 0.020 0.015 0.012 0.009 0.007 0.005 0.004 0.002 0.001 0.001 0.000 0.000 0.000 0.000 0.000 0.000 0.000 0.000 0.000 0.000 0.000 0.000 0.000 0.000 0.000 0.000 0.000 0.000 0.000 0.000 0.000 0.000 0.000 0.000 0.000 0.000 0.000 0.000 0.000 0.000 0.000 0.000 0.000 0.000 0.000 0.000 0.000 0.000 0.000 0.000 0.000 0.000 0.000 0.000 0.000
0.289 0.289 0.275 0.248 0.233 0.230 0.238 0.276 0.374 0.552 0.713 0.789 0.805 0.784 0.700 0.541 0.353 0.215 0.127 0.076 0.047 0.032 0.023 0.018 0.014 0.011 0.009 0.007 0.005 0.003 0.002 0.001 0.000 0.000 0.000 0.000 0.000 0.000 0.000 0.000 0.000 0.000 0.000 0.000 0.000 0.000 0.000 0.000 0.000 0.000 0.000 0.000 0.000 0.000 0.000 0.000 0.000 0.000 0.000 0.000 0.000 0.000 0.000 0.000 0.000 0.000 0.000 0.000 0.000 0.000 0.000 0.000 0.000 0.000 0.000 0.000 0.000
0.248 0.262 0.263 0.253 0.248 0.252 0.266 0.302 0.373 0.470 0.535 0.559 0.560 0.541 0.497 0.421 0.310 0.204 0.128 0.080 0.052 0.036 0.027 0.021 0.017 0.013 0.011 0.008 0.006 0.005 0.003 0.002 0.001 0.000 0.000 0.000 0.000 0.000 0.000 0.000 0.000 0.000 0.000 0.000 0.000 0.000 0.000 0.000 0.000 0.000 0.000 0.000 0.000 0.000 0.000 0.000 0.000 0.000 0.000 0.000 0.000 0.000 0.000 0.000 0.000 0.000 0.000 0.000 0.000 0.000 0.000 0.000 0.000 0.000 0.000 0.000 0.000
0.201 0.225 0.239 0.246 0.252 0.263 0.283 0.318 0.366 0.407 0.422 0.418 0.403 0.374 0.336 0.291 0.235 0.173 0.120 0.082 0.057 0.041 0.031 0.025 0.020 0.016 0.013 0.011 0.008 0.006 0.005 0.003 0.002 0.001 0.000 0.000 0.000 0.000 0.000 0.000 0.000 0.000 0.000 0.000 0.000 0.000 0.000 0.000 0.000 0.000 0.000 0.000 0.000 0.000 0.000 0.000 0.000 0.000 0.000 0.000 0.000 0.000 0.000 0.000 0.000 0.000 0.000 0.000 0.000 0.000 0.000 0.000 0.000 0.000 0.000 0.000 0.000
0.167 0.190 0.210 0.228 0.246 0.265 0.291 0.324 0.353 0.364 0.359 0.341 0.311 0.276 0.243 0.211 0.178 0.143 0.111 0.084 0.063 0.047 0.037 0.030 0.024 0.020 0.016 0.013 0.011 0.008 0.006 0.005 0.003 0.002 0.001 0.000 0.000 0.000 0.000 0.000 0.000 0.000 0.000 0.000 0.000 0.000 0.000 0.000 0.000 0.000 0.000 0.000 0.000 0.000 0.000 0.000 0.000 0.000 0.000 0.000 0.000 0.000 0.000 0.000 0.000 0.000 0.000 0.000 0.000 0.000 0.000 0.000 0.000 0.000 0.000 0.000 0.000
0.144 0.164 0.182 0.202 0.227 0.257 0.291 0.320 0.335 0.335 0.324 0.297 0.259 0.222 0.193 0.170 0.150 0.129 0.108 0.087 0.069 0.055 0.045 0.037 0.031 0.025 0.021 0.017 0.014 0.011 0.009 0.006 0.005 0.003 0.002 0.001 0.001 0.000 0.000 0.000 0.000 0.000 0.000 0.000 0.000 0.000 0.000 0.000 0.000 0.000 0.000 0.000 0.000 0.000 0.000 0.000 0.000 0.000 0.000 0.000 0.000 0.000 0.000 0.000 0.000 0.000 0.000 0.000 0.000 0.000 0.000 0.000 0.000 0.000 0.000 0.000 0.000
0.131 0.148 0.165 0.185 0.210 0.245 0.284 0.308 0.318 0.318 0.306 0.277 0.235 0.198 0.172 0.153 0.139 0.125 0.110 0.093 0.079 0.067 0.057 0.049 0.041 0.035 0.028 0.023 0.018 0.015 0.012 0.009 0.007 0.005 0.003 0.002 0.001 0.001 0.000 0.000 0.000 0.000 0.000 0.000 0.000 0.000 0.000 0.000 0.000 0.000 0.000 0.000 0.000 0.000 0.000 0.000 0.000 0.000 0.000 0.000 0.000 0.000 0.000 0.000 0.000 0.000 0.000 0.000 0.000 0.000 0.000 0.000 0.000 0.000 0.000 0.000 0.000
0.126 0.141 0.159 0.180 0.205 0.240 0.277 0.300 0.310 0.310 0.300 0.272 0.231 0.193 0.167 0.150 0.137 0.127 0.116 0.104 0.093 0.083 0.075 0.068 0.060 0.051 0.042 0.033 0.026 0.020 0.015 0.012 0.009 0.007 0.005 0.004 0.003 0.002 0.001 0.000 0.000 0.000 0.000 0.000 0.000 0.000 0.000 0.000 0.000 0.000 0.000 0.000 0.000 0.000 0.000 0.000 0.000 0.000 0.000 0.000 0.000 0.000 0.000 0.000 0.000 0.000 0.000 0.000 0.000 0.000 0.000 0.000 0.000 0.000 0.000 0.000 0.000
0.124 0.140 0.158 0.180 0.205 0.240 0.277 0.300 0.310 0.311 0.303 0.278 0.240 0.199 0.171 0.153 0.141 0.133 0.126 0.119 0.114 0.110 0.107 0.102 0.094 0.084 0.069 0.052 0.038 0.028 0.021 0.016 0.013 0.010 0.008 0.006 0.004 0.003 0.002 0.001 0.000 0.000 0.000 0.000 0.000 0.000 0.000 0.000 0.000 0.000 0.000 0.000 0.000 0.000 0.000 0.000 0.000 0.000 0.000 0.000 0.000 0.000 0.000 0.000 0.000 0.000 0.000 0.000 0.000 0.000 0.000 0.000 0.000 0.000 0.000 0.000 0.000
0.126 0.142 0.162 0.185 0.213 0.248 0.287 0.315 0.329 0.334 0.330 0.313 0.280 0.238 0.200 0.174 0.158 0.150 0.146 0.144 0.147 0.155 0.162 0.163 0.159 0.146 0.123 0.090 0.059 0.040 0.029 0.022 0.017 0.013 0.011 0.008 0.006 0.004 0.003 0.002 0.001 0.000 0.000 0.000 0.000 0.000 0.000 0.000 0.000 0.000 0.000 0.000 0.000 0.000 0.000 0.000 0.000 0.000 0.000 0.000 0.000 0.000 0.000 0.000 0.000 0.000 0.000 0.000 0.000 0.000 0.000 0.000 0.000 0.000 0.000 0.000 0.000
0.133 0.151 0.174 0.201 0.234 0.274 0.326 0.376 0.407 0.422 0.426 0.418 0.395 0.350 0.289 0.234 0.201 0.186 0.183 0.186 0.200 0.228 0.260 0.275 0.277 0.264 0.229 0.165 0.098 0.060 0.040 0.030 0.023 0.018 0.014 0.011 0.009 0.006 0.004 0.003 0.002 0.001 0.000 0.000 0.000 0.000 0.000 0.000 0.000 0.000 0.000 0.000 0.000 0.000 0.000 0.000 0.000 0.000 0.000 0.000 0.000 0.000 0.000 0.000 0.000 0.000 0.000 0.000 0.000 0.000 0.000 0.000 0.000 0.000 0.000 0.000 0.000
0.147 0.171 0.199 0.233 0.275 0.332 0.419 0.532 0.611 0.653 0.667 0.667 0.646 0.587 0.479 0.363 0.292 0.259 0.252 0.259 0.289 0.352 0.430 0.476 0.490 0.479 0.423 0.304 0.170 0.094 0.058 0.040 0.031 0.024 0.019 0.015 0.012 0.009 0.007 0.004 0.003 0.002 0.001 0.000 0.000 0.000 0.000 0.000 0.000 0.000 0.000 0.000 0.000 0.000 0.000 0.000 0.000 0.000 0.000 0.000 0.000 0.000 0.000 0.000 0.000 0.000 0.000 0.000 0.000 0.000 0.000 0.000 0.000 0.000 0.000 0.000 0.000
0.157 0.188 0.226 0.273 0.337 0.434 0.598 0.832 1.000 1.084 1.108 1.105 1.067 0.966 0.785 0.584 0.454 0.392 0.376 0.386 0.440 0.566 0.725 0.820 0.851 0.835 0.742 0.533 0.293 0.152 0.087 0.057 0.042 0.033 0.026 0.021 0.016 0.013 0.009 0.007 0.004 0.003 0.001 0.000 0.000 0.000 0.000 0.000 0.000 0.000 0.000 0.000 0.000 0.000 0.000 0.000 0.000 0.000 0.000 0.000 0.000 0.000 0.000 0.000 0.000 0.000 0.000 0.000 0.000 0.000 0.000 0.000 0.000 0.000 0.000 0.000 0.000
0.159 0.193 0.235 0.295 0.389 0.554 0.837 1.202 1.445 1.547 1.563 1.542 1.470 1.324 1.094 0.858 0.696 0.607 0.581 0.596 0.698 0.936 1.205 1.353 1.390 1.342 1.150 0.789 0.442 0.237 0.133 0.084 0.059 0.045 0.036 0.028 0.022 0.017 0.013 0.009 0.006 0.004 0.002 0.001 0.000 0.000 0.000 0.000 0.000 0.000 0.000 0.000 0.000 0.000 0.000 0.000 0.000 0.000 0.000 0.000 0.000 0.000 0.000 0.000 0.000 0.000 0.000 0.000 0.000 0.000 0.000 0.000 0.000 0.000 0.000 0.000 0.000
0.149 0.187 0.232 0.297 0.410 0.622 0.991 1.431 1.708 1.813 1.822 1.789 1.701 1.534 1.288 1.071 0.939 0.875 0.862 0.913 1.111 1.488 1.810 1.937 1.930 1.786 1.444 0.940 0.543 0.312 0.190 0.123 0.086 0.064 0.050 0.039 0.031 0.024 0.018 0.013 0.009 0.006 0.003 0.002 0.001 0.000 0.000 0.000 0.000 0.000 0.000 0.000 0.000 0.000 0.000 0.000 0.000 0.000 0.000 0.000 0.000 0.000 0.000 0.000 0.000 0.000 0.000 0.000 0.000 0.000 0.000 0.000 0.000 0.000 0.000 0.000 0.000
0.122 0.160 0.210 0.282 0.406 0.638 1.040 1.508 1.796 1.904 1.914 1.883 1.796 1.629 1.386 1.198 1.103 1.076 1.100 1.228 1.525 1.947 2.224 2.309 2.265 2.038 1.583 1.002 0.593 0.358 0.230 0.159 0.116 0.089 0.070 0.056 0.045 0.035 0.026 0.019 0.013 0.008 0.005 0.002 0.001 0.000 0.000 0.000 0.000 0.000 0.000 0.000 0.000 0.000 0.000 0.000 0.000 0.000 0.000 0.000 0.000 0.000 0.000 0.000 0.000 0.000 0.000 0.000 0.000 0.000 0.000 0.000 0.000 0.000 0.000 0.000 0.000
0.080 0.112 0.160 0.235 0.363 0.601 1.006 1.477 1.773 1.892 1.910 1.889 1.811 1.650 1.417 1.256 1.190 1.187 1.247 1.426 1.769 2.167 2.394 2.451 2.389 2.120 1.608 1.009 0.604 0.375 0.249 0.178 0.136 0.108 0.088 0.073 0.059 0.046 0.034 0.023 0.015 0.009 0.005 0.003 0.001 0.000 0.000 0.000 0.000 0.000 0.000 0.000 0.000 0.000 0.000 0.000 0.000 0.000 0.000 0.000 0.000 0.000 0.000 0.000 0.000 0.000 0.000 0.000 0.000 0.000 0.000 0.000 0.000 0.000 0.000 0.000 0.000
0.049 0.067 0.098 0.155 0.265 0.473 0.832 1.289 1.611 1.770 1.822 1.820 1.766 1.628 1.412 1.267 1.218 1.227 1.307 1.504 1.842 2.192 2.382 2.425 2.354 2.073 1.540 0.956 0.580 0.368 0.250 0.183 0.142 0.117 0.098 0.082 0.068 0.053 0.039 0.026 0.017 0.010 0.006 0.003 0.001 0.000 0.000 0.000 0.000 0.000 0.000 0.000 0.000 0.000 0.000 0.000 0.000 0.000 0.000 0.000 0.000 0.000 0.000 0.000 0.000 0.000 0.000 0.000 0.000 0.000 0.000 0.000 0.000 0.000 0.000 0.000 0.000
0.032 0.041 0.057 0.086 0.146 0.272 0.514 0.890 1.255 1.484 1.594 1.626 1.607 1.517 1.353 1.239 1.205 1.219 1.301 1.483 1.767 2.011 2.129 2.147 2.055 1.771 1.269 0.777 0.480 0.319 0.228 0.174 0.140 0.117 0.100 0.085 0.071 0.056 0.040 0.027 0.017 0.011 0.006 0.003 0.001 0.000 0.000 0.000 0.000 0.000 0.000 0.000 0.000 0.000 0.000 0.000 0.000 0.000 0.000 0.000 0.000 0.000 0.000 0.000 0.000 0.000 0.000 0.000 0.000 0.000 0.000 0.000 0.000 0.000 0.000 0.000 0.000
0.022 0.027 0.035 0.049 0.076 0.131 0.243 0.447 0.738 1.009 1.190 1.277 1.299 1.270 1.189 1.124 1.111 1.130 1.192 1.307 1.438 1.509 1.513 1.477 1.362 1.120 0.756 0.458 0.294 0.213 0.169 0.143 0.123 0.109 0.096 0.084 0.071 0.056 0.040 0.027 0.017 0.011 0.006 0.003 0.001 0.000 0.000 0.000 0.000 0.000 0.000 0.000 0.000 0.000 0.000 0.000 0.000 0.000 0.000 0.000 0.000 0.000 0.000 0.000 0.000 0.000 0.000 0.000 0.000 0.000 0.000 0.000 0.000 0.000 0.000 0.000 0.000
0.016 0.019 0.024 0.031 0.043 0.065 0.109 0.194 0.338 0.523 0.683 0.789 0.849 0.876 0.883 0.881 0.887 0.900 0.911 0.902 0.852 0.797 0.747 0.695 0.616 0.489 0.322 0.203 0.140 0.111 0.098 0.092 0.089 0.087 0.082 0.076 0.066 0.054 0.039 0.026 0.017 0.010 0.006 0.003 0.001 0.000 0.000 0.000 0.000 0.000 0.000 0.000 0.000 0.000 0.000 0.000 0.000 0.000 0.000 0.000 0.000 0.000 0.000 0.000 0.000 0.000 0.000 0.000 0.000 0.000 0.000 0.000 0.000 0.000 0.000 0.000 0.000
0.012 0.014 0.017 0.021 0.027 0.037 0.054 0.085 0.140 0.228 0.329 0.405 0.455 0.490 0.516 0.534 0.542 0.537 0.508 0.452 0.388 0.340 0.306 0.274 0.238 0.189 0.130 0.089 0.069 0.060 0.057 0.056 0.057 0.058 0.059 0.058 0.054 0.046 0.035 0.024 0.015 0.010 0.005 0.003 0.001 0.000 0.000 0.000 0.000 0.000 0.000 0.000 0.000 0.000 0.000 0.000 0.000 0.000 0.000 0.000 0.000 0.000 0.000 0.000 0.000 0.000 0.000 0.000 0.000 0.000 0.000 0.000 0.000 0.000 0.000 0.000 0.000
0.009 0.010 0.013 0.015 0.019 0.024 0.031 0.043 0.063 0.097 0.145 0.189 0.221 0.247 0.266 0.276 0.276 0.266 0.239 0.199 0.165 0.143 0.127 0.113 0.099 0.081 0.061 0.047 0.040 0.037 0.036 0.037 0.037 0.038 0.039 0.039 0.037 0.034 0.027 0.019 0.013 0.008 0.005 0.002 0.001 0.000 0.000 0.000 0.000 0.000 0.000 0.000 0.000 0.000 0.000 0.000 0.000 0.000 0.000 0.000 0.000 0.000 0.000 0.000 0.000 0.000 0.000 0.000 0.000 0.000 0.000 0.000 0.000 0.000 0.000 0.000 0.000
0.006 0.008 0.009 0.011 0.014 0.017 0.021 0.026 0.034 0.048 0.068 0.091 0.108 0.122 0.132 0.135 0.134 0.127 0.112 0.092 0.077 0.068 0.062 0.056 0.050 0.044 0.036 0.030 0.027 0.026 0.026 0.026 0.026 0.026 0.026 0.026 0.025 0.023 0.019 0.013 0.009 0.006 0.003 0.002 0.001 0.000 0.000 0.000 0.000 0.000 0.000 0.000 0.000 0.000 0.000 0.000 0.000 0.000 0.000 0.000 0.000 0.000 0.000 0.000 0.000 0.000 0.000 0.000 0.000 0.000 0.000 0.000 0.000 0.000 0.000 0.000 0.000
0.004 0.005 0.007 0.008 0.010 0.012 0.015 0.018 0.022 0.028 0.037 0.049 0.058 0.065 0.069 0.070 0.069 0.065 0.058 0.049 0.043 0.039 0.036 0.034 0.031 0.028 0.025 0.022 0.020 0.019 0.019 0.019 0.018 0.018 0.018 0.018 0.017 0.015 0.012 0.009 0.006 0.004 0.002 0.001 0.000 0.000 0.000 0.000 0.000 0.000 0.000 0.000 0.000 0.000 0.000 0.000 0.000 0.000 0.000 0.000 0.000 0.000 0.000 0.000 0.000 0.000 0.000 0.000 0.000 0.000 0.000 0.000 0.000 0.000 0.000 0.000 0.000
0.002 0.003 0.005 0.006 0.007 0.009 0.011 0.013 0.015 0.019 0.024 0.029 0.034 0.037 0.039 0.040 0.039 0.038 0.035 0.031 0.028 0.026 0.025 0.023 0.022 0.020 0.018 0.016 0.015 0.014 0.014 0.014 0.013 0.013 0.012 0.012 0.011 0.010 0.008 0.006 0.004 0.002 0.001 0.000 0.000 0.000 0.000 0.000 0.000 0.000 0.000 0.000 0.000 0.000 0.000 0.000 0.000 0.000 0.000 0.000 0.000 0.000 0.000 0.000 0.000 0.000 0.000 0.000 0.000 0.000 0.000 0.000 0.000 0.000 0.000 0.000 0.000
0.001 0.002 0.003 0.004 0.005 0.006 0.008 0.009 0.011 0.013 0.016 0.019 0.022 0.023 0.024 0.025 0.024 0.024 0.023 0.021 0.020 0.019 0.018 0.017 0.016 0.015 0.014 0.012 0.011 0.011 0.010 0.010 0.009 0.009 0.008 0.008 0.007 0.006 0.005 0.003 0.002 0.001 0.000 0.000 0.000 0.000 0.000 0.000 0.000 0.000 0.000 0.000 0.000 0.000 0.000 0.000 0.000 0.000 0.000 0.000 0.000 0.000 0.000 0.000 0.000 0.000 0.000 0.000 0.000 0.000 0.000 0.000 0.000 0.000 0.000 0.000 0.000
0.000 0.001 0.002 0.002 0.003 0.004 0.005 0.006 0.008 0.010 0.011 0.013 0.015 0.016 0.016 0.016 0.016 0.016 0.016 0.015 0.014 0.013 0.013 0.012 0.012 0.011 0.010 0.009 0.008 0.007 0.007 0.007 0.006 0.006 0.005 0.005 0.004 0.004 0.003 0.002 0.001 0.000 0.000 0.000 0.000 0.000 0.000 0.000 0.000 0.000 0.000 0.000 0.000 0.000 0.000 0.000 0.000 0.000 0.000 0.000 0.000 0.000 0.000 0.000 0.000 0.000 0.000 0.000 0.000 0.000 0.000 0.000 0.000 0.000 0.000 0.000 0.000
