RESULTS/r.avaflow_results/11_results/11_ascii/11_hflow0025.asc
ncols 506
nrows 317
xllcenter 498237.50
yllcenter 5580050.00
cellsize 12.50
NODATA_value -9999.000
[rows 170 to 203 of 317, columns 77 to 153 of 506]
0.000 0.000 0.000 0.000 0.000 0.000 0.000 0.000 0.000 0.000 0.000 0.000 0.000 0.001 0.002 0.003 0.005 0.007 0.010 0.012 0.017 0.024 0.040 0.070 0.119 0.182 0.231 0.265 0.289 0.304 0.310 0.311 0.308 0.298 0.283 0.274 0.272 0.275 0.281 0.285 0.287 0.291 0.311 0.387 0.565 0.849 1.197 1.573 1.987 2.497 3.194 4.191 5.317 6.217 6.785 7.119 7.367 7.694 8.193 8.886 9.795 10.877 11.982 12.758 13.175 13.402 13.511 13.513 13.367 13.092 12.744 12.270 11.700 11.181 10.789 10.485 10.257
0.000 0.000 0.000 0.000 0.000 0.000 0.000 0.000 0.000 0.000 0.000 0.000 0.001 0.003 0.005 0.009 0.013 0.017 0.022 0.029 0.038 0.054 0.082 0.128 0.194 0.265 0.317 0.354 0.380 0.394 0.399 0.399 0.394 0.379 0.363 0.358 0.359 0.368 0.383 0.400 0.419 0.455 0.552 0.783 1.183 1.707 2.263 2.836 3.470 4.246 5.172 6.130 6.905 7.419 7.707 7.866 7.999 8.236 8.660 9.286 10.123 11.131 12.156 12.859 13.234 13.442 13.524 13.484 13.340 13.126 12.887 12.649 12.463 12.423 12.511 12.672 12.929
0.000 0.000 0.000 0.000 0.000 0.000 0.000 0.000 0.000 0.000 0.000 0.001 0.003 0.007 0.011 0.017 0.024 0.033 0.043 0.056 0.074 0.102 0.146 0.208 0.287 0.360 0.416 0.457 0.484 0.498 0.502 0.502 0.494 0.475 0.460 0.457 0.462 0.479 0.510 0.555 0.624 0.763 1.049 1.555 2.262 3.025 3.757 4.517 5.354 6.192 6.944 7.543 7.938 8.148 8.223 8.249 8.312 8.497 8.850 9.404 10.175 11.142 12.132 12.807 13.168 13.356 13.424 13.430 13.396 13.353 13.370 13.476 13.674 13.939 14.293 14.828 15.631
0.000 0.000 0.000 0.000 0.000 0.000 0.000 0.000 0.000 0.000 0.001 0.003 0.007 0.013 0.020 0.029 0.041 0.055 0.073 0.095 0.125 0.168 0.228 0.306 0.394 0.470 0.532 0.577 0.605 0.619 0.623 0.622 0.612 0.588 0.572 0.570 0.580 0.611 0.671 0.775 0.968 1.331 1.947 2.834 3.843 4.767 5.593 6.362 7.078 7.702 8.184 8.475 8.602 8.598 8.512 8.440 8.461 8.612 8.916 9.417 10.129 11.043 11.974 12.607 12.955 13.156 13.303 13.452 13.626 13.841 14.069 14.317 14.606 14.969 15.490 16.311 17.535
0.000 0.000 0.000 0.000 0.000 0.000 0.000 0.000 0.000 0.000 0.002 0.005 0.011 0.019 0.030 0.045 0.062 0.084 0.110 0.143 0.187 0.246 0.321 0.413 0.513 0.598 0.666 0.715 0.744 0.758 0.761 0.759 0.746 0.717 0.697 0.695 0.708 0.757 0.870 1.088 1.510 2.247 3.351 4.646 5.801 6.679 7.348 7.907 8.383 8.749 8.973 9.048 8.996 8.842 8.651 8.522 8.514 8.637 8.903 9.348 9.978 10.784 11.624 12.223 12.617 12.933 13.224 13.524 13.834 14.134 14.410 14.696 15.025 15.473 16.150 17.167 18.583
0.000 0.000 0.000 0.000 0.000 0.000 0.000 0.000 0.000 0.000 0.002 0.006 0.014 0.024 0.039 0.058 0.083 0.114 0.153 0.199 0.258 0.332 0.424 0.535 0.649 0.746 0.821 0.873 0.903 0.916 0.919 0.915 0.898 0.859 0.822 0.813 0.824 0.884 1.047 1.413 2.155 3.395 5.056 6.531 7.588 8.305 8.769 9.083 9.313 9.451 9.463 9.372 9.186 8.948 8.704 8.534 8.487 8.570 8.793 9.172 9.700 10.361 11.076 11.683 12.200 12.686 13.125 13.512 13.854 14.159 14.438 14.733 15.080 15.578 16.347 17.444 18.874
0.000 0.000 0.000 0.000 0.000 0.000 0.000 0.000 0.000 0.000 0.002 0.007 0.015 0.027 0.044 0.067 0.098 0.139 0.192 0.257 0.334 0.428 0.541 0.675 0.807 0.915 0.996 1.051 1.082 1.095 1.096 1.090 1.065 1.011 0.946 0.922 0.928 0.987 1.169 1.617 2.589 4.253 6.386 7.996 9.013 9.588 9.851 9.948 9.969 9.911 9.751 9.517 9.248 8.970 8.704 8.498 8.396 8.424 8.589 8.888 9.301 9.809 10.389 11.012 11.683 12.305 12.827 13.245 13.582 13.862 14.119 14.402 14.753 15.296 16.136 17.280 18.703
0.000 0.000 0.000 0.000 0.000 0.000 0.000 0.000 0.000 0.000 0.002 0.007 0.015 0.028 0.046 0.071 0.106 0.155 0.221 0.307 0.413 0.536 0.679 0.841 0.989 1.107 1.194 1.251 1.281 1.292 1.293 1.281 1.246 1.172 1.074 1.027 1.024 1.072 1.250 1.718 2.799 4.760 7.287 9.080 10.091 10.524 10.624 10.579 10.426 10.186 9.885 9.561 9.243 8.943 8.662 8.426 8.268 8.224 8.304 8.501 8.789 9.156 9.611 10.207 10.959 11.618 12.128 12.510 12.797 13.022 13.234 13.479 13.817 14.393 15.307 16.532 17.996
0.000 0.000 0.000 0.000 0.000 0.000 0.000 0.000 0.000 0.000 0.002 0.007 0.015 0.028 0.046 0.072 0.109 0.162 0.239 0.345 0.483 0.649 0.841 1.034 1.197 1.324 1.415 1.471 1.499 1.507 1.505 1.488 1.441 1.346 1.208 1.130 1.113 1.145 1.305 1.759 2.856 4.967 7.826 9.815 10.824 11.141 11.144 10.994 10.698 10.312 9.920 9.551 9.206 8.885 8.583 8.314 8.105 7.979 7.954 8.026 8.172 8.394 8.712 9.219 9.927 10.524 10.958 11.256 11.457 11.607 11.758 11.959 12.301 12.936 13.939 15.261 16.810
0.000 0.000 0.000 0.000 0.000 0.000 0.000 0.000 0.000 0.000 0.002 0.006 0.014 0.027 0.045 0.071 0.108 0.163 0.244 0.365 0.533 0.750 1.004 1.236 1.423 1.562 1.655 1.708 1.732 1.737 1.732 1.709 1.650 1.533 1.355 1.235 1.198 1.215 1.350 1.776 2.849 4.992 8.048 10.228 11.258 11.502 11.450 11.206 10.808 10.334 9.900 9.511 9.147 8.805 8.480 8.180 7.929 7.740 7.622 7.570 7.566 7.613 7.733 8.047 8.575 9.030 9.344 9.542 9.667 9.776 9.922 10.166 10.608 11.345 12.408 13.768 15.362
0.000 0.000 0.000 0.000 0.000 0.000 0.000 0.000 0.000 0.000 0.001 0.005 0.012 0.022 0.039 0.064 0.101 0.156 0.238 0.365 0.553 0.816 1.137 1.414 1.629 1.786 1.890 1.948 1.972 1.976 1.969 1.940 1.871 1.735 1.523 1.352 1.285 1.288 1.396 1.784 2.806 4.929 8.050 10.364 11.459 11.673 11.576 11.267 10.816 10.308 9.853 9.447 9.069 8.712 8.372 8.049 7.758 7.510 7.312 7.153 7.019 6.905 6.847 6.951 7.232 7.509 7.713 7.865 8.000 8.157 8.360 8.666 9.172 9.939 10.969 12.252 13.772
0.000 0.000 0.000 0.000 0.000 0.000 0.000 0.000 0.000 0.000 0.001 0.003 0.007 0.015 0.028 0.048 0.080 0.129 0.207 0.335 0.536 0.833 1.225 1.563 1.809 1.988 2.107 2.176 2.206 2.212 2.207 2.176 2.101 1.956 1.722 1.493 1.386 1.372 1.453 1.790 2.720 4.744 7.860 10.306 11.486 11.712 11.589 11.250 10.767 10.235 9.760 9.341 8.960 8.598 8.247 7.906 7.580 7.279 7.009 6.756 6.512 6.263 6.072 6.021 6.117 6.259 6.383 6.503 6.643 6.822 7.054 7.388 7.892 8.603 9.535 10.687 12.046
0.000 0.000 0.000 0.000 0.000 0.000 0.000 0.000 0.000 0.000 0.000 0.001 0.003 0.006 0.013 0.025 0.045 0.079 0.140 0.254 0.460 0.792 1.254 1.672 1.961 2.167 2.306 2.391 2.432 2.443 2.440 2.413 2.341 2.200 1.964 1.688 1.528 1.487 1.540 1.825 2.626 4.439 7.431 10.011 11.327 11.630 11.511 11.150 10.639 10.084 9.604 9.185 8.801 8.435 8.081 7.730 7.378 7.032 6.697 6.367 6.023 5.667 5.385 5.228 5.197 5.240 5.303 5.391 5.516 5.683 5.910 6.231 6.687 7.296 8.075 9.044 10.196
0.000 0.000 0.000 0.000 0.000 0.000 0.000 0.000 0.000 0.000 0.000 0.000 0.001 0.002 0.005 0.009 0.018 0.033 0.066 0.142 0.322 0.671 1.203 1.724 2.076 2.319 2.489 2.595 2.652 2.672 2.672 2.653 2.593 2.470 2.258 1.965 1.750 1.670 1.691 1.908 2.574 4.107 6.812 9.434 10.856 11.275 11.213 10.891 10.386 9.822 9.341 8.926 8.556 8.201 7.855 7.505 7.140 6.760 6.371 5.971 5.539 5.103 4.762 4.538 4.429 4.404 4.416 4.467 4.561 4.697 4.885 5.154 5.528 6.020 6.657 7.463 8.439
0.000 0.000 0.000 0.000 0.000 0.000 0.000 0.000 0.000 0.000 0.000 0.000 0.000 0.001 0.001 0.003 0.006 0.012 0.026 0.067 0.187 0.495 1.057 1.697 2.138 2.439 2.651 2.789 2.868 2.902 2.909 2.899 2.860 2.771 2.608 2.346 2.095 1.969 1.955 2.096 2.630 3.848 6.065 8.554 10.022 10.561 10.595 10.387 9.962 9.430 8.938 8.525 8.183 7.864 7.544 7.206 6.846 6.452 6.023 5.557 5.050 4.564 4.186 3.922 3.769 3.697 3.666 3.679 3.737 3.833 3.966 4.154 4.425 4.805 5.316 5.973 6.765
0.000 0.000 0.000 0.000 0.000 0.000 0.000 0.000 0.000 0.000 0.000 0.000 0.000 0.000 0.000 0.001 0.002 0.004 0.011 0.032 0.103 0.327 0.834 1.563 2.141 2.517 2.787 2.971 3.082 3.138 3.157 3.158 3.143 3.097 2.998 2.815 2.585 2.439 2.395 2.463 2.829 3.721 5.325 7.412 8.851 9.509 9.643 9.556 9.281 8.858 8.377 7.944 7.613 7.345 7.086 6.804 6.481 6.093 5.641 5.127 4.562 4.050 3.654 3.374 3.201 3.100 3.033 3.003 3.017 3.067 3.144 3.251 3.420 3.688 4.074 4.565 5.113
0.000 0.000 0.000 0.000 0.000 0.000 0.000 0.000 0.000 0.000 0.000 0.000 0.000 0.000 0.000 0.000 0.001 0.002 0.005 0.016 0.057 0.200 0.590 1.297 2.043 2.544 2.886 3.131 3.288 3.373 3.411 3.420 3.417 3.394 3.332 3.213 3.065 2.975 2.950 2.986 3.206 3.781 4.836 6.335 7.512 8.164 8.385 8.400 8.298 8.044 7.646 7.178 6.805 6.572 6.400 6.226 6.000 5.666 5.217 4.676 4.078 3.566 3.171 2.886 2.701 2.580 2.489 2.428 2.398 2.394 2.412 2.455 2.536 2.689 2.934 3.234 3.488
0.000 0.000 0.000 0.000 0.000 0.000 0.000 0.000 0.000 0.000 0.000 0.000 0.000 0.000 0.000 0.000 0.000 0.001 0.002 0.009 0.032 0.115 0.373 0.953 1.789 2.480 2.938 3.264 3.479 3.599 3.652 3.667 3.667 3.648 3.592 3.487 3.384 3.337 3.329 3.364 3.518 3.885 4.564 5.557 6.397 6.884 7.072 7.103 7.090 6.987 6.725 6.282 5.830 5.576 5.479 5.419 5.323 5.106 4.719 4.195 3.601 3.107 2.726 2.443 2.245 2.107 2.002 1.922 1.860 1.810 1.776 1.759 1.761 1.799 1.890 1.994 2.025
0.000 0.000 0.000 0.000 0.000 0.000 0.000 0.000 0.000 0.000 0.000 0.000 0.000 0.000 0.000 0.000 0.000 0.001 0.001 0.005 0.018 0.063 0.215 0.619 1.383 2.278 2.913 3.348 3.646 3.809 3.877 3.892 3.889 3.857 3.781 3.659 3.567 3.528 3.522 3.550 3.658 3.915 4.375 5.017 5.541 5.850 5.979 6.009 5.999 5.929 5.751 5.434 5.015 4.680 4.511 4.453 4.428 4.339 4.085 3.657 3.124 2.661 2.304 2.027 1.818 1.665 1.548 1.455 1.374 1.296 1.226 1.161 1.096 1.043 1.014 0.986 0.930
0.000 0.000 0.000 0.000 0.000 0.000 0.000 0.000 0.000 0.000 0.000 0.000 0.000 0.000 0.000 0.000 0.000 0.000 0.001 0.003 0.009 0.034 0.115 0.365 0.949 1.892 2.776 3.366 3.758 3.985 4.074 4.090 4.078 4.021 3.904 3.751 3.649 3.599 3.588 3.605 3.685 3.869 4.172 4.563 4.854 5.018 5.087 5.102 5.091 5.035 4.903 4.678 4.357 4.008 3.751 3.596 3.487 3.393 3.253 2.986 2.588 2.179 1.853 1.594 1.390 1.232 1.110 1.011 0.921 0.837 0.759 0.678 0.590 0.513 0.453 0.401 0.355
0.000 0.000 0.000 0.000 0.000 0.000 0.000 0.000 0.000 0.000 0.000 0.000 0.000 0.000 0.000 0.000 0.000 0.000 0.001 0.001 0.005 0.017 0.058 0.195 0.577 1.372 2.428 3.254 3.780 4.091 4.228 4.249 4.220 4.130 3.965 3.786 3.669 3.609 3.590 3.598 3.647 3.749 3.914 4.110 4.240 4.307 4.333 4.334 4.317 4.267 4.166 4.000 3.764 3.468 3.178 2.934 2.730 2.545 2.359 2.148 1.883 1.569 1.296 1.077 0.907 0.775 0.673 0.593 0.526 0.464 0.404 0.338 0.269 0.216 0.180 0.154 0.133
0.000 0.000 0.000 0.000 0.000 0.000 0.000 0.000 0.000 0.000 0.000 0.000 0.000 0.000 0.000 0.000 0.000 0.000 0.000 0.001 0.002 0.008 0.028 0.096 0.312 0.852 1.836 2.928 3.665 4.095 4.296 4.342 4.303 4.182 3.983 3.789 3.662 3.585 3.540 3.518 3.515 3.532 3.579 3.631 3.657 3.671 3.673 3.664 3.644 3.600 3.520 3.390 3.203 2.965 2.691 2.410 2.142 1.895 1.659 1.427 1.189 0.954 0.754 0.597 0.482 0.399 0.338 0.290 0.250 0.215 0.180 0.144 0.110 0.088 0.074 0.064 0.056
0.000 0.000 0.000 0.000 0.000 0.000 0.000 0.000 0.000 0.000 0.000 0.000 0.000 0.000 0.000 0.000 0.000 0.000 0.000 0.001 0.001 0.004 0.015 0.049 0.160 0.486 1.218 2.362 3.354 3.958 4.262 4.352 4.323 4.190 3.972 3.762 3.611 3.499 3.407 3.330 3.261 3.200 3.153 3.119 3.097 3.089 3.082 3.070 3.051 3.014 2.946 2.836 2.676 2.471 2.223 1.944 1.658 1.389 1.139 0.907 0.699 0.524 0.386 0.285 0.217 0.173 0.143 0.120 0.102 0.087 0.073 0.059 0.047 0.040 0.035 0.031 0.029
0.000 0.000 0.000 0.000 0.000 0.000 0.000 0.000 0.000 0.000 0.000 0.000 0.000 0.000 0.000 0.000 0.000 0.000 0.000 0.001 0.001 0.004 0.012 0.035 0.099 0.287 0.788 1.746 2.872 3.644 4.073 4.245 4.252 4.135 3.911 3.674 3.487 3.325 3.170 3.021 2.880 2.749 2.646 2.587 2.562 2.553 2.547 2.539 2.523 2.491 2.429 2.329 2.184 1.993 1.759 1.489 1.216 0.964 0.736 0.539 0.379 0.260 0.176 0.122 0.089 0.070 0.057 0.049 0.042 0.037 0.032 0.028 0.024 0.022 0.020 0.018 0.017
0.000 0.000 0.000 0.000 0.000 0.000 0.000 0.000 0.000 0.000 0.000 0.000 0.000 0.000 0.000 0.000 0.000 0.000 0.000 0.001 0.002 0.005 0.014 0.037 0.092 0.216 0.541 1.249 2.303 3.183 3.713 3.960 4.005 3.929 3.736 3.494 3.267 3.051 2.829 2.605 2.402 2.241 2.137 2.085 2.066 2.061 2.059 2.056 2.045 2.016 1.958 1.860 1.719 1.525 1.282 1.027 0.795 0.591 0.418 0.282 0.182 0.117 0.076 0.051 0.037 0.030 0.025 0.022 0.020 0.018 0.017 0.016 0.014 0.014 0.013 0.012 0.012
0.000 0.000 0.000 0.000 0.000 0.000 0.000 0.000 0.000 0.000 0.000 0.000 0.000 0.000 0.000 0.000 0.000 0.000 0.000 0.001 0.003 0.009 0.024 0.057 0.117 0.215 0.417 0.890 1.717 2.604 3.179 3.467 3.542 3.508 3.377 3.174 2.937 2.681 2.408 2.158 1.957 1.804 1.701 1.643 1.620 1.615 1.615 1.612 1.601 1.573 1.516 1.419 1.273 1.069 0.827 0.614 0.440 0.301 0.195 0.121 0.075 0.047 0.031 0.021 0.016 0.014 0.012 0.011 0.011 0.010 0.010 0.010 0.009 0.009 0.009 0.009 0.009
0.000 0.000 0.000 0.000 0.000 0.000 0.000 0.000 0.000 0.000 0.000 0.000 0.000 0.000 0.000 0.000 0.000 0.000 0.001 0.002 0.007 0.020 0.051 0.111 0.179 0.248 0.356 0.634 1.187 1.934 2.474 2.754 2.853 2.860 2.808 2.683 2.491 2.242 1.984 1.769 1.591 1.446 1.338 1.267 1.229 1.213 1.205 1.195 1.179 1.146 1.089 0.996 0.856 0.664 0.466 0.312 0.200 0.122 0.072 0.043 0.027 0.017 0.012 0.009 0.007 0.007 0.007 0.007 0.007 0.007 0.006 0.006 0.006 0.006 0.006 0.006 0.006
0.000 0.000 0.000 0.000 0.000 0.000 0.000 0.000 0.000 0.000 0.000 0.000 0.000 0.000 0.000 0.000 0.000 0.001 0.002 0.005 0.016 0.043 0.104 0.175 0.222 0.261 0.315 0.457 0.783 1.320 1.761 1.993 2.089 2.113 2.105 2.057 1.950 1.788 1.605 1.437 1.287 1.155 1.044 0.959 0.903 0.867 0.840 0.814 0.784 0.744 0.688 0.609 0.496 0.352 0.224 0.134 0.076 0.043 0.024 0.015 0.009 0.006 0.004 0.004 0.003 0.003 0.004 0.004 0.004 0.004 0.004 0.004 0.004 0.005 0.005 0.005 0.005
0.000 0.000 0.000 0.000 0.000 0.000 0.000 0.000 0.000 0.000 0.000 0.000 0.000 0.000 0.000 0.001 0.001 0.002 0.005 0.012 0.032 0.084 0.157 0.206 0.231 0.249 0.270 0.328 0.508 0.872 1.217 1.404 1.489 1.519 1.523 1.509 1.462 1.379 1.268 1.147 1.028 0.915 0.809 0.716 0.644 0.590 0.547 0.506 0.466 0.422 0.372 0.312 0.236 0.152 0.090 0.050 0.027 0.015 0.008 0.005 0.003 0.002 0.002 0.002 0.002 0.002 0.002 0.002 0.003 0.003 0.003 0.003 0.003 0.003 0.003 0.004 0.004
0.000 0.000 0.000 0.000 0.000 0.000 0.000 0.000 0.000 0.000 0.000 0.000 0.000 0.001 0.001 0.002 0.003 0.005 0.010 0.024 0.059 0.127 0.184 0.211 0.221 0.218 0.208 0.225 0.333 0.580 0.831 0.971 1.039 1.068 1.077 1.077 1.062 1.024 0.962 0.885 0.799 0.710 0.618 0.527 0.447 0.384 0.332 0.287 0.246 0.208 0.170 0.131 0.090 0.055 0.032 0.017 0.009 0.005 0.003 0.002 0.001 0.001 0.001 0.001 0.001 0.001 0.001 0.001 0.002 0.002 0.002 0.002 0.002 0.002 0.002 0.002 0.003
0.000 0.000 0.000 0.000 0.000 0.000 0.000 0.000 0.000 0.000 0.000 0.000 0.001 0.002 0.003 0.004 0.006 0.011 0.021 0.043 0.089 0.153 0.190 0.202 0.197 0.166 0.138 0.147 0.220 0.387 0.561 0.659 0.708 0.728 0.736 0.737 0.732 0.715 0.683 0.638 0.584 0.522 0.453 0.376 0.301 0.239 0.190 0.151 0.119 0.093 0.069 0.048 0.031 0.019 0.011 0.006 0.003 0.002 0.001 0.001 0.001 0.001 0.000 0.000 0.000 0.000 0.001 0.001 0.001 0.001 0.001 0.001 0.001 0.001 0.001 0.002 0.002
0.000 0.000 0.000 0.000 0.000 0.000 0.000 0.000 0.000 0.000 0.001 0.002 0.003 0.004 0.006 0.009 0.014 0.022 0.036 0.062 0.112 0.161 0.182 0.184 0.166 0.115 0.086 0.092 0.140 0.251 0.370 0.436 0.466 0.476 0.476 0.471 0.462 0.451 0.434 0.411 0.381 0.346 0.303 0.250 0.191 0.142 0.105 0.077 0.056 0.040 0.027 0.017 0.011 0.006 0.003 0.002 0.001 0.001 0.000 0.000 0.000 0.000 0.000 0.001 0.000 0.000 0.001 0.001 0.001 0.001 0.001 0.001 0.001 0.001 0.001 0.001 0.001
0.001 0.001 0.001 0.001 0.002 0.002 0.002 0.002 0.002 0.002 0.003 0.004 0.006 0.009 0.012 0.016 0.021 0.030 0.047 0.079 0.127 0.158 0.167 0.163 0.134 0.077 0.051 0.052 0.081 0.151 0.230 0.274 0.291 0.293 0.288 0.276 0.262 0.251 0.240 0.226 0.212 0.196 0.176 0.147 0.111 0.079 0.055 0.038 0.026 0.017 0.011 0.006 0.004 0.002 0.001 0.001 0.000 0.000 0.000 0.000 0.000 0.000 0.000 0.000 0.000 0.000 0.001 0.001 0.001 0.001 0.000 0.001 0.000 0.000 0.000 0.001 0.001
0.003 0.003 0.004 0.004 0.004 0.004 0.004 0.004 0.004 0.005 0.007 0.008 0.011 0.013 0.016 0.019 0.025 0.036 0.056 0.095 0.135 0.153 0.155 0.145 0.104 0.051 0.029 0.027 0.041 0.080 0.129 0.156 0.166 0.166 0.160 0.146 0.131 0.120 0.111 0.103 0.096 0.091 0.084 0.074 0.058 0.040 0.027 0.018 0.011 0.007 0.004 0.002 0.001 0.001 0.001 0.000 0.000 0.000 0.000 0.000 0.000 0.000 0.000 0.000 0.000 0.000 0.001 0.001 0.001 0.000 0.000 0.000 0.000 0.000 0.000 0.000 0.000
