RESULTS/r.avaflow_results/11_results/11_ascii/11_hflow0026.asc
ncols 506
nrows 317
xllcenter 498237.50
yllcenter 5580050.00
cellsize 12.50
NODATA_value -9999.000
[rows 170 to 203 of 317, columns 77 to 153 of 506]
0.000 0.000 0.000 0.000 0.000 0.000 0.000 0.000 0.000 0.000 0.000 0.000 0.000 0.001 0.002 0.004 0.006 0.008 0.011 0.014 0.019 0.028 0.046 0.080 0.135 0.199 0.244 0.270 0.287 0.295 0.298 0.297 0.292 0.278 0.257 0.243 0.238 0.237 0.239 0.243 0.248 0.256 0.284 0.369 0.559 0.857 1.218 1.603 2.023 2.536 3.238 4.244 5.385 6.305 6.884 7.223 7.464 7.787 8.283 8.976 9.883 10.962 12.056 12.813 13.208 13.417 13.514 13.506 13.357 13.080 12.731 12.260 11.695 11.179 10.787 10.478 10.240
0.000 0.000 0.000 0.000 0.000 0.000 0.000 0.000 0.000 0.000 0.000 0.001 0.002 0.004 0.006 0.010 0.014 0.019 0.025 0.032 0.042 0.060 0.092 0.144 0.218 0.285 0.329 0.357 0.374 0.381 0.382 0.381 0.372 0.351 0.329 0.318 0.316 0.320 0.329 0.344 0.367 0.412 0.523 0.772 1.194 1.737 2.306 2.886 3.526 4.304 5.230 6.193 6.980 7.507 7.798 7.948 8.070 8.306 8.734 9.361 10.200 11.212 12.227 12.910 13.264 13.452 13.523 13.476 13.329 13.110 12.870 12.631 12.446 12.403 12.487 12.641 12.885
0.000 0.000 0.000 0.000 0.000 0.000 0.000 0.000 0.000 0.000 0.000 0.002 0.004 0.008 0.013 0.019 0.027 0.036 0.047 0.062 0.081 0.113 0.162 0.233 0.316 0.381 0.426 0.456 0.473 0.480 0.481 0.478 0.465 0.438 0.415 0.408 0.409 0.420 0.444 0.485 0.561 0.716 1.028 1.565 2.302 3.083 3.823 4.587 5.423 6.257 7.009 7.611 8.009 8.219 8.284 8.290 8.344 8.532 8.892 9.452 10.233 11.210 12.193 12.855 13.195 13.366 13.424 13.422 13.383 13.335 13.348 13.451 13.646 13.909 14.260 14.788 15.582
0.000 0.000 0.000 0.000 0.000 0.000 0.000 0.000 0.000 0.000 0.001 0.004 0.008 0.014 0.023 0.033 0.045 0.060 0.079 0.103 0.136 0.184 0.251 0.339 0.424 0.490 0.538 0.570 0.588 0.595 0.596 0.591 0.574 0.540 0.517 0.512 0.517 0.540 0.592 0.694 0.899 1.293 1.951 2.882 3.918 4.851 5.674 6.434 7.144 7.768 8.252 8.544 8.663 8.645 8.534 8.444 8.460 8.611 8.925 9.436 10.163 11.087 12.019 12.649 12.984 13.172 13.308 13.449 13.616 13.826 14.050 14.294 14.580 14.940 15.454 16.268 17.486
0.000 0.000 0.000 0.000 0.000 0.000 0.000 0.000 0.000 0.000 0.002 0.006 0.012 0.021 0.034 0.049 0.068 0.091 0.119 0.155 0.203 0.267 0.351 0.452 0.543 0.615 0.668 0.702 0.720 0.727 0.727 0.720 0.698 0.658 0.630 0.625 0.633 0.675 0.780 1.000 1.445 2.232 3.401 4.730 5.885 6.756 7.417 7.970 8.445 8.813 9.038 9.109 9.041 8.859 8.639 8.503 8.493 8.617 8.892 9.346 9.991 10.813 11.659 12.263 12.651 12.954 13.237 13.529 13.834 14.127 14.399 14.678 15.002 15.444 16.114 17.125 18.537
0.000 0.000 0.000 0.000 0.000 0.000 0.000 0.000 0.000 0.000 0.002 0.007 0.015 0.027 0.042 0.063 0.090 0.124 0.165 0.215 0.278 0.359 0.460 0.576 0.677 0.757 0.815 0.852 0.870 0.876 0.875 0.866 0.839 0.788 0.744 0.731 0.738 0.790 0.946 1.315 2.087 3.387 5.114 6.600 7.654 8.366 8.827 9.140 9.372 9.511 9.522 9.421 9.211 8.940 8.669 8.498 8.452 8.543 8.773 9.162 9.704 10.383 11.112 11.727 12.242 12.717 13.147 13.524 13.858 14.157 14.430 14.717 15.058 15.549 16.312 17.405 18.831
0.000 0.000 0.000 0.000 0.000 0.000 0.000 0.000 0.000 0.000 0.002 0.008 0.016 0.029 0.048 0.072 0.106 0.150 0.207 0.276 0.360 0.461 0.584 0.717 0.831 0.919 0.981 1.020 1.039 1.044 1.043 1.030 0.995 0.928 0.857 0.828 0.832 0.883 1.057 1.506 2.509 4.236 6.425 8.047 9.065 9.639 9.903 10.001 10.025 9.971 9.808 9.558 9.261 8.947 8.658 8.453 8.357 8.396 8.571 8.880 9.308 9.838 10.437 11.074 11.739 12.353 12.864 13.269 13.597 13.868 14.118 14.391 14.734 15.269 16.103 17.242 18.660
0.000 0.000 0.000 0.000 0.000 0.000 0.000 0.000 0.000 0.000 0.002 0.008 0.017 0.030 0.050 0.077 0.115 0.168 0.239 0.331 0.444 0.576 0.729 0.880 1.005 1.101 1.167 1.207 1.226 1.230 1.227 1.209 1.164 1.078 0.973 0.922 0.917 0.959 1.127 1.591 2.699 4.727 7.308 9.122 10.138 10.572 10.675 10.633 10.486 10.249 9.939 9.596 9.248 8.912 8.613 8.376 8.226 8.194 8.290 8.501 8.810 9.203 9.680 10.295 11.041 11.689 12.186 12.553 12.828 13.042 13.243 13.476 13.803 14.369 15.275 16.493 17.953
0.000 0.000 0.000 0.000 0.000 0.000 0.000 0.000 0.000 0.000 0.002 0.008 0.017 0.030 0.050 0.078 0.118 0.176 0.259 0.373 0.522 0.703 0.896 1.066 1.203 1.305 1.373 1.413 1.429 1.432 1.427 1.404 1.347 1.240 1.098 1.016 0.996 1.024 1.173 1.620 2.739 4.913 7.835 9.853 10.873 11.193 11.201 11.055 10.766 10.383 9.973 9.581 9.206 8.855 8.537 8.267 8.064 7.950 7.940 8.031 8.207 8.458 8.808 9.339 10.040 10.623 11.040 11.323 11.510 11.645 11.782 11.967 12.294 12.915 13.908 15.221 16.764
0.000 0.000 0.000 0.000 0.000 0.000 0.000 0.000 0.000 0.000 0.002 0.007 0.016 0.029 0.049 0.077 0.118 0.177 0.265 0.396 0.578 0.815 1.066 1.268 1.422 1.529 1.597 1.634 1.648 1.650 1.641 1.612 1.544 1.417 1.234 1.112 1.071 1.085 1.209 1.626 2.720 4.922 8.052 10.266 11.311 11.560 11.515 11.277 10.887 10.411 9.955 9.538 9.143 8.774 8.434 8.131 7.883 7.703 7.599 7.566 7.593 7.673 7.834 8.180 8.717 9.158 9.453 9.634 9.743 9.833 9.961 10.185 10.608 11.329 12.377 13.725 15.310
0.000 0.000 0.000 0.000 0.000 0.000 0.000 0.000 0.000 0.000 0.002 0.005 0.013 0.025 0.043 0.071 0.111 0.170 0.260 0.397 0.600 0.887 1.210 1.457 1.636 1.759 1.832 1.867 1.879 1.879 1.868 1.833 1.755 1.610 1.392 1.219 1.148 1.148 1.244 1.617 2.651 4.839 8.049 10.402 11.516 11.738 11.647 11.345 10.899 10.386 9.904 9.465 9.057 8.678 8.321 7.993 7.704 7.463 7.279 7.142 7.038 6.965 6.947 7.078 7.375 7.643 7.833 7.969 8.089 8.228 8.412 8.698 9.182 9.929 10.941 12.208 13.716
0.000 0.000 0.000 0.000 0.000 0.000 0.000 0.000 0.000 0.000 0.001 0.003 0.008 0.016 0.031 0.053 0.088 0.142 0.227 0.365 0.583 0.905 1.308 1.619 1.829 1.972 2.059 2.103 2.116 2.116 2.104 2.065 1.979 1.824 1.581 1.351 1.238 1.220 1.288 1.603 2.531 4.618 7.838 10.339 11.547 11.783 11.663 11.333 10.850 10.304 9.799 9.356 8.950 8.564 8.195 7.846 7.521 7.227 6.973 6.744 6.530 6.327 6.173 6.148 6.261 6.398 6.511 6.618 6.742 6.904 7.118 7.431 7.912 8.601 9.510 10.643 11.986
0.000 0.000 0.000 0.000 0.000 0.000 0.000 0.000 0.000 0.000 0.000 0.001 0.003 0.007 0.014 0.027 0.050 0.087 0.154 0.279 0.501 0.859 1.343 1.740 1.996 2.165 2.272 2.329 2.352 2.355 2.345 2.306 2.219 2.065 1.817 1.534 1.367 1.321 1.362 1.617 2.398 4.261 7.368 10.033 11.393 11.713 11.593 11.236 10.724 10.145 9.633 9.189 8.784 8.402 8.033 7.672 7.319 6.977 6.659 6.353 6.049 5.740 5.491 5.359 5.347 5.388 5.440 5.514 5.623 5.775 5.983 6.284 6.717 7.301 8.053 8.999 10.133
0.000 0.000 0.000 0.000 0.000 0.000 0.000 0.000 0.000 0.000 0.000 0.000 0.001 0.002 0.005 0.010 0.020 0.037 0.073 0.157 0.352 0.727 1.287 1.800 2.126 2.334 2.470 2.548 2.584 2.592 2.586 2.554 2.478 2.336 2.106 1.799 1.574 1.484 1.495 1.684 2.316 3.872 6.692 9.439 10.923 11.364 11.306 10.981 10.473 9.877 9.362 8.930 8.541 8.172 7.814 7.454 7.086 6.712 6.339 5.964 5.575 5.187 4.876 4.677 4.587 4.561 4.563 4.601 4.679 4.798 4.967 5.215 5.566 6.032 6.638 7.415 8.367
0.000 0.000 0.000 0.000 0.000 0.000 0.000 0.000 0.000 0.000 0.000 0.000 0.000 0.001 0.002 0.003 0.006 0.013 0.029 0.073 0.203 0.532 1.128 1.775 2.200 2.471 2.649 2.758 2.813 2.832 2.831 2.811 2.755 2.644 2.455 2.169 1.899 1.758 1.735 1.851 2.344 3.566 5.894 8.538 10.092 10.659 10.694 10.475 10.039 9.478 8.954 8.527 8.170 7.843 7.513 7.169 6.806 6.418 6.005 5.570 5.105 4.659 4.308 4.067 3.931 3.860 3.822 3.823 3.864 3.942 4.056 4.223 4.470 4.823 5.302 5.926 6.685
0.000 0.000 0.000 0.000 0.000 0.000 0.000 0.000 0.000 0.000 0.000 0.000 0.000 0.000 0.000 0.001 0.002 0.005 0.012 0.034 0.110 0.347 0.884 1.639 2.211 2.564 2.802 2.956 3.041 3.078 3.088 3.081 3.054 2.987 2.857 2.638 2.373 2.197 2.140 2.191 2.521 3.406 5.101 7.364 8.911 9.596 9.728 9.636 9.347 8.897 8.386 7.941 7.599 7.330 7.067 6.786 6.466 6.087 5.651 5.166 4.637 4.156 3.782 3.518 3.358 3.256 3.184 3.147 3.149 3.183 3.239 3.325 3.472 3.714 4.071 4.528 5.036
0.000 0.000 0.000 0.000 0.000 0.000 0.000 0.000 0.000 0.000 0.000 0.000 0.000 0.000 0.000 0.000 0.001 0.002 0.005 0.017 0.061 0.211 0.621 1.359 2.113 2.601 2.917 3.133 3.263 3.328 3.352 3.355 3.344 3.305 3.217 3.065 2.876 2.753 2.704 2.717 2.894 3.451 4.566 6.227 7.542 8.237 8.452 8.460 8.345 8.073 7.650 7.167 6.790 6.562 6.397 6.230 6.015 5.694 5.263 4.747 4.178 3.685 3.304 3.029 2.850 2.726 2.630 2.561 2.522 2.507 2.510 2.532 2.593 2.725 2.943 3.213 3.439
0.000 0.000 0.000 0.000 0.000 0.000 0.000 0.000 0.000 0.000 0.000 0.000 0.000 0.000 0.000 0.000 0.000 0.001 0.003 0.009 0.034 0.120 0.389 0.995 1.852 2.538 2.978 3.279 3.469 3.568 3.606 3.613 3.606 3.575 3.497 3.363 3.228 3.154 3.133 3.151 3.271 3.606 4.289 5.383 6.360 6.905 7.104 7.134 7.114 7.000 6.725 6.270 5.821 5.579 5.497 5.452 5.372 5.173 4.804 4.301 3.728 3.241 2.864 2.583 2.387 2.242 2.129 2.041 1.970 1.911 1.865 1.834 1.822 1.843 1.911 1.991 2.005
0.000 0.000 0.000 0.000 0.000 0.000 0.000 0.000 0.000 0.000 0.000 0.000 0.000 0.000 0.000 0.000 0.000 0.001 0.001 0.005 0.019 0.066 0.223 0.640 1.429 2.337 2.960 3.372 3.645 3.787 3.840 3.848 3.839 3.795 3.700 3.554 3.438 3.380 3.367 3.382 3.466 3.690 4.133 4.823 5.462 5.836 5.988 6.022 6.012 5.941 5.761 5.440 5.022 4.699 4.549 4.515 4.513 4.444 4.207 3.796 3.276 2.809 2.447 2.166 1.952 1.788 1.661 1.558 1.466 1.378 1.300 1.224 1.146 1.079 1.033 0.989 0.923
0.000 0.000 0.000 0.000 0.000 0.000 0.000 0.000 0.000 0.000 0.000 0.000 0.000 0.000 0.000 0.000 0.000 0.000 0.001 0.003 0.010 0.035 0.119 0.376 0.978 1.945 2.824 3.395 3.762 3.968 4.042 4.052 4.033 3.963 3.832 3.660 3.542 3.478 3.458 3.467 3.523 3.683 3.977 4.405 4.777 4.995 5.089 5.110 5.102 5.052 4.925 4.701 4.383 4.045 3.806 3.672 3.589 3.523 3.403 3.148 2.756 2.337 1.998 1.729 1.515 1.343 1.208 1.096 0.995 0.900 0.812 0.722 0.624 0.535 0.464 0.404 0.352
0.000 0.000 0.000 0.000 0.000 0.000 0.000 0.000 0.000 0.000 0.000 0.000 0.000 0.000 0.000 0.000 0.000 0.000 0.001 0.001 0.005 0.017 0.060 0.201 0.594 1.411 2.474 3.282 3.784 4.074 4.196 4.211 4.177 4.075 3.901 3.706 3.577 3.501 3.471 3.474 3.513 3.612 3.780 4.011 4.198 4.299 4.341 4.348 4.335 4.292 4.197 4.036 3.806 3.519 3.244 3.017 2.831 2.665 2.499 2.306 2.050 1.726 1.433 1.198 1.012 0.863 0.745 0.651 0.572 0.503 0.435 0.362 0.286 0.226 0.185 0.155 0.132
0.000 0.000 0.000 0.000 0.000 0.000 0.000 0.000 0.000 0.000 0.000 0.000 0.000 0.000 0.000 0.000 0.000 0.000 0.000 0.001 0.002 0.008 0.029 0.099 0.323 0.880 1.882 2.956 3.666 4.075 4.262 4.301 4.259 4.130 3.922 3.715 3.577 3.491 3.444 3.425 3.426 3.452 3.509 3.591 3.652 3.681 3.690 3.688 3.671 3.632 3.558 3.435 3.255 3.026 2.762 2.493 2.237 1.999 1.770 1.543 1.309 1.065 0.847 0.673 0.544 0.448 0.376 0.320 0.274 0.234 0.195 0.154 0.116 0.091 0.076 0.064 0.056
0.000 0.000 0.000 0.000 0.000 0.000 0.000 0.000 0.000 0.000 0.000 0.000 0.000 0.000 0.000 0.000 0.000 0.000 0.000 0.001 0.001 0.004 0.015 0.051 0.168 0.511 1.267 2.404 3.361 3.938 4.226 4.310 4.279 4.141 3.916 3.699 3.546 3.434 3.350 3.283 3.227 3.180 3.146 3.131 3.120 3.115 3.109 3.100 3.084 3.050 2.988 2.885 2.735 2.537 2.293 2.021 1.740 1.472 1.221 0.987 0.773 0.588 0.437 0.324 0.246 0.195 0.158 0.131 0.111 0.094 0.078 0.063 0.049 0.041 0.035 0.031 0.029
0.000 0.000 0.000 0.000 0.000 0.000 0.000 0.000 0.000 0.000 0.000 0.000 0.000 0.000 0.000 0.000 0.000 0.000 0.000 0.001 0.001 0.004 0.012 0.035 0.103 0.306 0.840 1.817 2.903 3.635 4.042 4.206 4.211 4.093 3.866 3.632 3.452 3.301 3.163 3.031 2.905 2.789 2.694 2.632 2.600 2.589 2.582 2.572 2.558 2.527 2.471 2.377 2.241 2.056 1.823 1.554 1.277 1.021 0.789 0.586 0.419 0.292 0.200 0.139 0.101 0.078 0.063 0.052 0.045 0.039 0.034 0.029 0.025 0.022 0.020 0.018 0.017
0.000 0.000 0.000 0.000 0.000 0.000 0.000 0.000 0.000 0.000 0.000 0.000 0.000 0.000 0.000 0.000 0.000 0.000 0.000 0.001 0.001 0.005 0.014 0.037 0.093 0.229 0.591 1.343 2.382 3.202 3.698 3.932 3.975 3.901 3.711 3.477 3.268 3.073 2.876 2.672 2.478 2.312 2.196 2.136 2.111 2.103 2.099 2.092 2.079 2.049 1.993 1.900 1.763 1.572 1.326 1.065 0.826 0.620 0.445 0.304 0.201 0.130 0.085 0.058 0.042 0.033 0.027 0.023 0.021 0.019 0.017 0.016 0.015 0.014 0.013 0.012 0.012
0.000 0.000 0.000 0.000 0.000 0.000 0.000 0.000 0.000 0.000 0.000 0.000 0.000 0.000 0.000 0.000 0.000 0.000 0.000 0.001 0.003 0.009 0.023 0.055 0.115 0.222 0.460 0.988 1.847 2.673 3.195 3.462 3.536 3.504 3.381 3.190 2.975 2.749 2.503 2.251 2.036 1.872 1.758 1.694 1.666 1.658 1.654 1.648 1.633 1.602 1.541 1.439 1.286 1.073 0.830 0.618 0.446 0.308 0.203 0.129 0.081 0.052 0.034 0.024 0.018 0.015 0.013 0.012 0.011 0.011 0.010 0.010 0.010 0.009 0.009 0.009 0.009
0.000 0.000 0.000 0.000 0.000 0.000 0.000 0.000 0.000 0.000 0.000 0.000 0.000 0.000 0.000 0.000 0.000 0.000 0.001 0.002 0.007 0.019 0.048 0.105 0.175 0.251 0.388 0.724 1.335 2.053 2.533 2.787 2.884 2.895 2.848 2.734 2.562 2.344 2.093 1.859 1.666 1.510 1.393 1.315 1.273 1.254 1.242 1.228 1.207 1.168 1.101 0.995 0.839 0.638 0.446 0.300 0.193 0.120 0.073 0.045 0.029 0.019 0.013 0.010 0.008 0.007 0.007 0.007 0.007 0.007 0.007 0.007 0.007 0.007 0.007 0.007 0.007
0.000 0.000 0.000 0.000 0.000 0.000 0.000 0.000 0.000 0.000 0.000 0.000 0.000 0.000 0.000 0.000 0.000 0.001 0.002 0.005 0.015 0.041 0.099 0.167 0.217 0.263 0.339 0.530 0.917 1.459 1.843 2.050 2.142 2.169 2.167 2.131 2.038 1.887 1.702 1.520 1.358 1.215 1.095 1.004 0.943 0.903 0.872 0.842 0.806 0.758 0.691 0.598 0.470 0.322 0.202 0.120 0.070 0.040 0.024 0.015 0.010 0.007 0.005 0.004 0.004 0.004 0.004 0.004 0.004 0.004 0.004 0.005 0.005 0.005 0.005 0.005 0.005
0.000 0.000 0.000 0.000 0.000 0.000 0.000 0.000 0.000 0.000 0.000 0.000 0.000 0.000 0.000 0.001 0.001 0.002 0.005 0.012 0.032 0.082 0.152 0.198 0.226 0.252 0.289 0.383 0.613 0.999 1.299 1.466 1.546 1.578 1.584 1.573 1.534 1.458 1.348 1.221 1.093 0.970 0.855 0.756 0.679 0.621 0.573 0.527 0.481 0.431 0.372 0.301 0.215 0.134 0.077 0.043 0.024 0.013 0.007 0.005 0.003 0.002 0.002 0.002 0.002 0.002 0.002 0.003 0.003 0.003 0.003 0.003 0.003 0.003 0.004 0.004 0.004
0.000 0.000 0.000 0.000 0.000 0.000 0.000 0.000 0.000 0.000 0.000 0.000 0.000 0.001 0.001 0.002 0.003 0.005 0.010 0.024 0.059 0.125 0.179 0.204 0.216 0.222 0.226 0.266 0.411 0.680 0.903 1.029 1.094 1.122 1.132 1.134 1.122 1.087 1.026 0.946 0.855 0.758 0.658 0.560 0.476 0.408 0.351 0.302 0.256 0.213 0.169 0.124 0.081 0.048 0.027 0.015 0.008 0.004 0.002 0.001 0.001 0.001 0.001 0.001 0.001 0.001 0.001 0.002 0.002 0.002 0.002 0.002 0.002 0.002 0.002 0.003 0.003
0.000 0.000 0.000 0.000 0.000 0.000 0.000 0.000 0.000 0.000 0.000 0.000 0.001 0.002 0.003 0.004 0.007 0.011 0.021 0.043 0.088 0.150 0.185 0.196 0.192 0.168 0.155 0.176 0.276 0.463 0.621 0.710 0.755 0.775 0.782 0.784 0.779 0.763 0.732 0.686 0.629 0.562 0.487 0.403 0.322 0.256 0.203 0.160 0.125 0.095 0.069 0.046 0.028 0.016 0.009 0.005 0.003 0.001 0.001 0.001 0.000 0.000 0.000 0.000 0.000 0.001 0.001 0.001 0.001 0.001 0.001 0.001 0.001 0.001 0.001 0.002 0.002
0.000 0.000 0.000 0.000 0.000 0.000 0.000 0.000 0.000 0.001 0.001 0.002 0.003 0.004 0.006 0.009 0.014 0.022 0.036 0.062 0.111 0.158 0.177 0.179 0.160 0.114 0.097 0.112 0.180 0.308 0.418 0.478 0.505 0.514 0.513 0.506 0.497 0.485 0.469 0.444 0.412 0.374 0.327 0.269 0.206 0.153 0.113 0.083 0.060 0.041 0.027 0.017 0.010 0.005 0.003 0.002 0.001 0.001 0.000 0.000 0.000 0.000 0.000 0.001 0.000 0.000 0.001 0.001 0.001 0.001 0.001 0.001 0.001 0.001 0.001 0.001 0.001
0.001 0.001 0.002 0.002 0.002 0.002 0.002 0.002 0.002 0.002 0.003 0.005 0.007 0.009 0.012 0.016 0.021 0.030 0.046 0.078 0.125 0.155 0.163 0.159 0.129 0.076 0.058 0.065 0.108 0.193 0.268 0.307 0.321 0.322 0.315 0.300 0.285 0.273 0.260 0.246 0.230 0.213 0.191 0.160 0.121 0.086 0.060 0.041 0.028 0.018 0.011 0.006 0.003 0.002 0.001 0.001 0.000 0.000 0.000 0.000 0.000 0.000 0.000 0.000 0.000 0.000 0.001 0.001 0.001 0.001 0.000 0.001 0.000 0.000 0.000 0.001 0.001
0.003 0.004 0.004 0.004 0.004 0.004 0.004 0.004 0.005 0.005 0.007 0.009 0.011 0.013 0.016 0.020 0.025 0.035 0.056 0.094 0.132 0.149 0.151 0.141 0.100 0.050 0.032 0.034 0.056 0.107 0.156 0.180 0.187 0.186 0.178 0.161 0.144 0.132 0.121 0.112 0.105 0.099 0.092 0.080 0.062 0.044 0.029 0.019 0.012 0.007 0.004 0.002 0.001 0.001 0.001 0.000 0.000 0.000 0.000 0.000 0.000 0.000 0.000 0.000 0.000 0.000 0.001 0.001 0.001 0.000 0.000 0.000 0.000 0.000 0.000 0.000 0.000
