RESULTS/r.avaflow_results/11_results/11_ascii/11_hflow_max0009.asc
ncols 506
nrows 317
xllcenter 498237.50
yllcenter 5580050.00
cellsize 12.50
NODATA_value -9999.000
[rows 170 to 203 of 317, columns 77 to 153 of 506]
0.000 0.000 0.000 0.000 0.000 0.000 0.000 0.000 0.000 0.000 0.000 0.000 0.000 0.000 0.000 0.000 0.000 0.000 0.000 0.000 0.000 0.000 0.001 0.003 0.007 0.014 0.023 0.035 0.043 0.046 0.046 0.045 0.044 0.045 0.048 0.050 0.051 0.053 0.059 0.071 0.093 0.126 0.175 0.249 0.355 0.492 0.644 0.819 1.035 1.311 1.686 2.237 3.542 5.352 6.974 8.682 11.208 14.859 19.260 24.106 28.454 31.267 32.685 32.847 32.207 31.229 30.146 28.839 27.401 25.918 24.315 22.705 21.536 20.885 20.417 20.041 19.642
0.000 0.000 0.000 0.000 0.000 0.000 0.000 0.000 0.000 0.000 0.000 0.000 0.000 0.000 0.000 0.000 0.000 0.000 0.000 0.000 0.000 0.001 0.004 0.009 0.017 0.031 0.053 0.079 0.095 0.103 0.104 0.103 0.102 0.105 0.115 0.122 0.127 0.133 0.148 0.178 0.230 0.301 0.380 0.486 0.649 0.884 1.187 1.564 2.004 2.477 3.011 4.242 5.537 6.780 8.176 10.659 13.354 16.938 21.486 26.280 30.434 33.059 34.068 34.145 33.330 32.313 31.020 29.428 27.792 26.248 24.840 23.815 23.142 22.711 22.475 22.471 22.603
0.000 0.000 0.000 0.000 0.000 0.000 0.000 0.000 0.000 0.000 0.000 0.000 0.000 0.000 0.000 0.000 0.000 0.000 0.000 0.000 0.001 0.004 0.010 0.020 0.038 0.067 0.113 0.165 0.199 0.215 0.218 0.215 0.213 0.230 0.249 0.268 0.283 0.300 0.336 0.414 0.545 0.688 0.802 0.936 1.160 1.538 2.077 2.768 3.484 4.139 5.112 6.344 7.127 7.803 8.839 11.404 14.102 17.567 22.281 27.136 31.230 33.876 34.768 34.667 33.992 32.963 31.519 29.867 28.290 26.962 25.856 25.023 24.387 24.002 23.937 24.321 25.028
0.000 0.000 0.000 0.000 0.000 0.000 0.000 0.000 0.000 0.000 0.000 0.000 0.000 0.000 0.000 0.000 0.000 0.000 0.000 0.001 0.004 0.009 0.020 0.041 0.077 0.135 0.223 0.322 0.386 0.415 0.420 0.416 0.443 0.473 0.499 0.531 0.565 0.605 0.688 0.878 1.193 1.468 1.614 1.744 2.016 2.571 3.435 4.537 5.526 6.310 6.908 7.693 8.151 8.545 9.213 11.279 13.826 17.225 21.963 26.906 31.120 33.810 34.789 34.619 34.063 33.038 31.657 30.111 28.769 27.736 26.803 25.887 25.130 24.831 25.059 25.767 26.755
0.000 0.000 0.000 0.000 0.000 0.000 0.000 0.000 0.000 0.000 0.000 0.000 0.000 0.000 0.000 0.000 0.000 0.000 0.000 0.003 0.008 0.018 0.039 0.077 0.144 0.251 0.415 0.589 0.697 0.744 0.781 0.828 0.860 0.884 0.909 0.948 1.008 1.090 1.264 1.662 2.316 2.830 3.013 3.110 3.396 4.129 5.381 6.925 8.316 9.342 9.818 9.927 9.686 9.425 9.602 10.567 12.734 16.339 21.004 26.005 30.311 33.031 34.071 34.085 33.514 32.630 31.581 30.370 29.214 28.202 27.276 26.347 25.522 25.216 25.704 26.549 27.489
0.000 0.000 0.000 0.000 0.000 0.000 0.000 0.000 0.000 0.000 0.000 0.000 0.000 0.000 0.000 0.000 0.000 0.000 0.001 0.005 0.013 0.032 0.069 0.136 0.251 0.438 0.720 1.001 1.192 1.359 1.452 1.490 1.501 1.497 1.491 1.512 1.568 1.656 1.838 2.366 3.489 4.662 5.069 5.177 5.475 6.349 7.992 9.630 10.941 11.775 12.081 12.096 11.569 10.489 10.032 10.442 12.019 15.187 19.807 24.920 29.170 31.767 32.745 33.054 32.616 31.939 31.024 29.963 28.911 27.932 27.003 26.093 25.342 25.069 25.515 26.461 27.430
0.000 0.000 0.000 0.000 0.000 0.000 0.000 0.000 0.000 0.000 0.000 0.000 0.000 0.000 0.000 0.000 0.000 0.000 0.001 0.005 0.017 0.042 0.097 0.205 0.397 0.706 1.161 1.696 2.087 2.310 2.391 2.391 2.349 2.281 2.177 2.070 2.048 2.076 2.204 2.703 4.056 6.164 7.408 7.840 8.246 9.107 10.763 12.059 13.029 13.556 13.679 13.498 12.779 11.860 10.589 10.459 11.503 14.077 18.764 23.853 27.874 30.126 31.132 31.414 31.023 30.460 29.708 28.767 27.751 26.753 25.744 24.769 24.140 24.131 24.686 25.607 26.631
0.000 0.000 0.000 0.000 0.000 0.000 0.000 0.000 0.000 0.000 0.000 0.000 0.000 0.000 0.000 0.000 0.000 0.000 0.001 0.006 0.017 0.046 0.111 0.248 0.508 0.958 1.649 2.506 3.089 3.371 3.452 3.432 3.317 3.089 2.792 2.549 2.439 2.419 2.467 2.851 4.170 6.869 9.169 10.091 10.667 11.400 12.990 14.144 14.847 15.073 14.967 14.422 13.731 12.736 11.277 10.520 11.255 13.491 17.747 22.719 26.229 27.880 28.962 29.183 28.791 28.236 27.546 26.616 25.555 24.509 23.455 22.502 21.970 22.185 23.000 24.174 25.418
0.000 0.000 0.000 0.000 0.000 0.000 0.000 0.000 0.000 0.000 0.000 0.000 0.000 0.000 0.000 0.000 0.000 0.000 0.001 0.005 0.017 0.046 0.113 0.262 0.562 1.107 1.993 3.085 3.926 4.359 4.478 4.442 4.222 3.810 3.344 3.011 2.817 2.737 2.736 2.936 4.115 6.889 10.095 11.637 12.332 12.988 14.178 15.307 15.879 15.976 15.755 15.217 14.363 13.289 11.965 10.598 11.078 13.056 16.726 20.816 23.545 25.061 25.795 25.967 25.609 25.041 24.362 23.617 22.656 21.570 20.506 19.706 19.454 19.911 20.961 22.335 23.789
0.000 0.000 0.000 0.000 0.000 0.000 0.000 0.000 0.000 0.000 0.000 0.000 0.000 0.000 0.000 0.000 0.000 0.000 0.001 0.004 0.014 0.041 0.108 0.260 0.573 1.166 2.178 3.505 4.601 5.299 5.461 5.387 5.048 4.476 3.890 3.478 3.227 3.102 3.068 3.105 3.907 6.473 10.261 12.458 13.376 13.896 14.441 15.488 16.029 16.127 16.043 15.589 14.714 13.612 12.340 10.931 10.845 12.585 15.675 18.870 20.899 21.976 22.042 21.670 21.734 21.523 21.081 20.345 19.336 18.216 17.266 16.773 16.986 17.784 19.058 20.578 22.177
0.000 0.000 0.000 0.000 0.000 0.000 0.000 0.000 0.000 0.000 0.000 0.000 0.000 0.000 0.000 0.000 0.000 0.000 0.000 0.002 0.007 0.028 0.088 0.237 0.556 1.167 2.236 3.757 5.135 6.109 6.376 6.283 5.871 5.213 4.536 4.049 3.738 3.559 3.485 3.481 3.605 5.560 9.468 12.599 13.808 14.213 14.463 14.877 15.645 15.916 15.838 15.474 14.721 13.623 12.246 10.890 10.512 11.872 14.186 16.458 17.919 18.272 17.858 17.997 18.088 17.964 17.546 16.813 15.822 14.789 14.135 14.126 14.727 15.774 17.187 18.773 20.428
0.000 0.000 0.000 0.000 0.000 0.000 0.000 0.000 0.000 0.000 0.000 0.000 0.000 0.000 0.000 0.000 0.000 0.000 0.000 0.001 0.005 0.017 0.050 0.176 0.490 1.118 2.213 3.858 5.562 6.740 7.205 7.190 6.819 6.160 5.424 4.831 4.425 4.177 4.053 4.015 4.031 4.548 7.599 11.675 13.703 14.135 14.282 14.444 14.636 14.825 14.817 14.641 14.183 13.251 11.939 10.622 9.997 10.760 12.179 13.634 14.509 14.167 13.978 14.237 14.296 14.145 13.782 13.142 12.276 11.508 11.215 11.522 12.282 13.431 14.871 16.460 18.083
0.000 0.000 0.000 0.000 0.000 0.000 0.000 0.000 0.000 0.000 0.000 0.000 0.000 0.000 0.000 0.000 0.000 0.000 0.001 0.003 0.011 0.033 0.087 0.210 0.457 0.973 2.097 3.802 5.800 7.290 7.921 8.106 7.897 7.378 6.671 5.947 5.392 5.032 4.839 4.757 4.748 4.863 6.188 9.318 12.443 13.764 13.981 13.934 13.850 13.766 13.658 13.566 13.307 12.608 11.460 10.164 9.259 9.170 9.675 10.599 10.795 10.274 10.742 10.897 10.819 10.630 10.279 9.719 9.048 8.540 8.465 8.864 9.594 10.654 12.026 13.585 15.164
0.000 0.000 0.000 0.000 0.000 0.000 0.000 0.000 0.000 0.000 0.000 0.000 0.000 0.000 0.000 0.000 0.000 0.000 0.002 0.007 0.022 0.062 0.156 0.346 0.680 1.188 1.975 3.761 5.928 7.758 8.631 8.954 8.981 8.694 8.165 7.478 6.783 6.257 5.947 5.822 5.862 6.160 7.459 8.366 9.832 12.278 13.078 13.146 13.065 12.923 12.751 12.569 12.272 11.746 10.813 9.601 8.348 7.446 7.099 7.198 7.201 7.430 7.947 8.097 8.008 7.810 7.442 6.915 6.339 5.974 5.919 6.216 6.819 7.701 8.938 10.451 11.995
0.000 0.000 0.000 0.000 0.000 0.000 0.000 0.000 0.000 0.000 0.000 0.000 0.000 0.000 0.000 0.000 0.000 0.001 0.005 0.015 0.044 0.114 0.268 0.550 0.989 1.583 2.288 3.801 6.032 8.102 9.313 9.755 9.983 9.928 9.627 9.135 8.567 8.050 7.662 7.408 7.315 7.552 8.435 8.783 8.907 9.639 11.066 11.519 11.512 11.348 11.104 10.933 10.755 10.414 9.696 8.561 7.130 5.709 4.770 4.410 4.389 5.092 5.632 5.867 5.847 5.665 5.297 4.763 4.259 3.942 3.825 3.887 4.228 4.912 5.949 7.328 8.778
0.000 0.000 0.000 0.000 0.000 0.000 0.000 0.000 0.000 0.000 0.000 0.000 0.000 0.000 0.000 0.000 0.001 0.003 0.011 0.032 0.085 0.204 0.436 0.819 1.365 2.026 2.728 3.828 5.969 8.258 9.808 10.508 10.822 11.008 10.908 10.646 10.280 9.886 9.459 8.951 8.496 8.696 8.822 8.788 8.757 8.473 8.410 9.000 9.129 8.879 8.366 8.111 8.047 7.985 7.649 6.842 5.543 3.988 2.939 2.487 2.895 3.479 3.885 4.121 4.161 4.037 3.704 3.230 2.826 2.556 2.396 2.351 2.485 2.923 3.677 4.922 6.049
0.000 0.000 0.000 0.000 0.000 0.000 0.000 0.000 0.000 0.000 0.000 0.000 0.000 0.000 0.000 0.000 0.002 0.007 0.023 0.065 0.162 0.354 0.682 1.157 1.771 2.492 3.177 3.906 5.733 7.978 9.897 10.898 11.396 11.830 11.950 11.843 11.580 11.188 10.624 9.939 9.293 8.986 8.876 8.607 8.159 7.397 6.882 6.268 6.051 5.556 4.880 4.558 4.522 4.654 4.724 4.442 3.621 2.445 1.650 1.638 2.118 2.520 2.785 2.947 2.989 2.914 2.681 2.344 2.030 1.824 1.673 1.588 1.603 1.821 2.290 3.360 4.036
0.000 0.000 0.000 0.000 0.000 0.000 0.000 0.000 0.000 0.000 0.000 0.000 0.000 0.000 0.000 0.001 0.004 0.014 0.045 0.124 0.292 0.590 1.029 1.577 2.216 2.977 3.677 4.196 5.353 7.351 9.412 10.795 11.491 12.050 12.364 12.402 12.234 11.828 11.305 10.603 9.792 9.195 8.628 7.894 7.032 6.494 5.745 5.014 4.494 4.128 3.787 3.218 2.394 2.176 2.411 2.389 2.012 1.335 1.111 1.318 1.645 1.927 2.104 2.196 2.227 2.179 2.031 1.815 1.609 1.449 1.333 1.252 1.221 1.308 1.571 1.901 2.081
0.000 0.000 0.000 0.000 0.000 0.000 0.000 0.000 0.000 0.000 0.000 0.000 0.000 0.000 0.000 0.002 0.008 0.028 0.086 0.226 0.504 0.945 1.491 2.062 2.691 3.463 4.135 4.576 5.023 6.316 8.240 10.010 11.051 11.652 12.162 12.354 12.332 12.060 11.488 10.637 9.628 8.819 7.701 6.721 6.181 5.511 4.773 4.174 3.735 3.399 3.072 2.566 1.896 1.402 1.136 1.069 0.974 0.973 1.014 1.169 1.367 1.561 1.701 1.769 1.776 1.737 1.638 1.509 1.384 1.260 1.170 1.109 1.081 1.121 1.212 1.314 1.344
0.000 0.000 0.000 0.000 0.000 0.000 0.000 0.000 0.000 0.000 0.000 0.000 0.000 0.000 0.001 0.004 0.015 0.052 0.152 0.390 0.833 1.461 2.068 2.622 3.235 3.966 4.501 4.841 5.005 5.332 6.553 8.397 9.998 10.869 11.291 11.408 11.348 10.946 10.147 9.525 8.682 7.332 6.522 5.964 5.377 4.776 4.140 3.589 3.166 2.780 2.407 1.963 1.545 1.261 1.080 0.976 0.928 0.919 0.962 1.103 1.243 1.350 1.437 1.493 1.499 1.471 1.408 1.312 1.224 1.146 1.079 1.037 1.019 1.080 1.124 1.139 1.114
0.000 0.000 0.000 0.000 0.000 0.000 0.000 0.000 0.000 0.000 0.000 0.000 0.000 0.000 0.002 0.008 0.029 0.091 0.255 0.626 1.305 2.127 2.744 3.279 3.910 4.493 4.829 5.002 5.084 5.117 5.248 6.406 7.974 9.034 9.520 9.665 9.488 9.074 8.445 7.548 6.548 6.338 5.956 5.369 4.768 4.246 3.721 3.170 2.649 2.226 1.928 1.645 1.415 1.233 1.071 0.962 0.906 0.888 0.937 1.069 1.200 1.284 1.323 1.343 1.357 1.342 1.268 1.168 1.104 1.061 1.026 1.001 1.004 1.066 1.100 1.105 1.085
0.000 0.000 0.000 0.000 0.000 0.000 0.000 0.000 0.000 0.000 0.000 0.000 0.000 0.001 0.004 0.015 0.050 0.151 0.406 0.952 1.902 2.877 3.521 4.059 4.617 5.031 5.183 5.200 5.163 5.121 5.106 5.120 5.526 6.464 7.006 7.180 6.947 6.404 5.927 5.924 5.885 5.749 5.408 4.837 4.273 3.785 3.313 2.808 2.311 1.856 1.629 1.465 1.337 1.211 1.066 0.952 0.889 0.868 0.952 1.073 1.189 1.265 1.289 1.298 1.297 1.270 1.190 1.087 1.030 1.004 0.994 1.003 1.013 1.068 1.083 1.085 1.060
0.000 0.000 0.000 0.000 0.000 0.000 0.000 0.000 0.000 0.000 0.000 0.000 0.000 0.001 0.007 0.025 0.083 0.242 0.620 1.390 2.636 3.742 4.434 4.936 5.306 5.515 5.533 5.409 5.255 5.128 4.983 4.869 4.709 4.444 4.875 5.103 5.218 5.330 5.404 5.416 5.374 5.213 4.855 4.340 3.835 3.385 2.915 2.457 1.977 1.585 1.434 1.332 1.248 1.154 1.030 0.933 0.881 0.865 0.971 1.093 1.192 1.256 1.276 1.275 1.265 1.216 1.125 1.041 1.005 0.991 0.995 1.016 1.034 1.077 1.089 1.074 1.029
0.000 0.000 0.000 0.000 0.000 0.000 0.000 0.000 0.000 0.000 0.000 0.000 0.000 0.002 0.011 0.040 0.131 0.369 0.907 1.935 3.497 4.732 5.388 5.736 5.908 5.940 5.813 5.600 5.355 5.035 4.714 4.386 3.954 4.053 4.425 4.628 4.796 4.932 4.994 4.990 4.946 4.762 4.387 3.921 3.463 3.023 2.604 2.143 1.668 1.380 1.290 1.237 1.179 1.086 0.979 0.912 0.876 0.861 0.967 1.096 1.192 1.245 1.264 1.268 1.246 1.182 1.080 1.008 0.986 1.007 1.027 1.042 1.064 1.101 1.099 1.079 1.009
0.000 0.000 0.000 0.000 0.000 0.000 0.000 0.000 0.000 0.000 0.000 0.000 0.001 0.004 0.017 0.062 0.197 0.540 1.276 2.592 4.361 5.590 6.156 6.348 6.374 6.257 6.034 5.741 5.322 4.850 4.263 3.479 3.334 3.789 4.075 4.300 4.503 4.646 4.689 4.679 4.601 4.389 4.032 3.590 3.127 2.722 2.289 1.841 1.397 1.236 1.187 1.161 1.130 1.053 0.946 0.880 0.850 0.837 0.943 1.080 1.179 1.228 1.244 1.246 1.218 1.141 1.037 0.988 0.995 1.037 1.074 1.093 1.100 1.129 1.119 1.085 0.996
0.000 0.000 0.000 0.000 0.000 0.000 0.000 0.000 0.000 0.000 0.000 0.000 0.001 0.007 0.027 0.095 0.292 0.771 1.742 3.380 5.191 6.259 6.658 6.726 6.648 6.466 6.176 5.733 5.179 4.431 3.359 2.899 3.391 3.714 3.944 4.112 4.281 4.406 4.446 4.431 4.341 4.135 3.792 3.306 2.847 2.414 1.985 1.587 1.197 1.125 1.112 1.103 1.076 1.008 0.908 0.838 0.804 0.793 0.938 1.074 1.165 1.207 1.224 1.218 1.176 1.090 1.004 0.999 1.044 1.093 1.130 1.153 1.153 1.163 1.142 1.099 0.994
0.000 0.000 0.000 0.000 0.000 0.000 0.000 0.000 0.000 0.000 0.000 0.000 0.002 0.011 0.043 0.147 0.432 1.089 2.340 4.207 5.794 6.610 6.869 6.881 6.791 6.567 6.140 5.554 4.660 3.383 2.606 2.985 3.470 3.754 3.906 3.992 4.087 4.164 4.213 4.211 4.133 3.928 3.565 3.081 2.608 2.155 1.785 1.373 1.089 1.044 1.043 1.044 1.028 0.975 0.877 0.810 0.783 0.807 0.960 1.085 1.162 1.189 1.202 1.189 1.127 1.039 0.990 1.019 1.105 1.180 1.219 1.235 1.224 1.223 1.180 1.118 1.000
0.000 0.000 0.000 0.000 0.000 0.000 0.000 0.000 0.000 0.000 0.000 0.001 0.004 0.018 0.071 0.231 0.638 1.513 3.064 4.952 6.185 6.715 6.869 6.901 6.828 6.496 5.838 4.819 3.293 2.454 2.662 3.119 3.530 3.771 3.891 3.936 3.971 3.998 4.027 4.028 3.950 3.721 3.335 2.903 2.465 2.003 1.619 1.179 1.018 0.990 0.995 1.001 0.991 0.946 0.865 0.803 0.779 0.831 0.998 1.108 1.170 1.186 1.183 1.150 1.081 1.013 1.017 1.079 1.188 1.274 1.325 1.341 1.314 1.294 1.239 1.150 1.022
0.000 0.000 0.000 0.000 0.000 0.000 0.000 0.000 0.000 0.000 0.000 0.001 0.006 0.030 0.113 0.356 0.928 2.042 3.800 5.449 6.365 6.694 6.787 6.816 6.655 6.104 4.943 3.336 2.470 2.390 2.739 3.239 3.565 3.744 3.825 3.880 3.884 3.888 3.890 3.869 3.767 3.511 3.142 2.762 2.303 1.906 1.495 1.062 0.972 0.955 0.969 0.975 0.968 0.926 0.851 0.801 0.783 0.862 1.037 1.146 1.196 1.202 1.183 1.134 1.068 1.038 1.068 1.169 1.306 1.397 1.443 1.454 1.426 1.375 1.296 1.185 1.050
0.000 0.000 0.000 0.000 0.000 0.000 0.000 0.000 0.000 0.000 0.000 0.002 0.012 0.049 0.174 0.523 1.293 2.659 4.435 5.728 6.381 6.603 6.673 6.589 6.230 5.332 3.826 2.710 2.273 2.375 2.815 3.294 3.579 3.691 3.755 3.783 3.793 3.801 3.797 3.738 3.569 3.306 2.981 2.669 2.168 1.802 1.363 1.016 0.953 0.958 0.980 0.981 0.968 0.926 0.851 0.803 0.795 0.899 1.073 1.181 1.226 1.234 1.207 1.147 1.089 1.103 1.165 1.291 1.442 1.536 1.572 1.569 1.525 1.454 1.360 1.229 1.082
0.000 0.000 0.000 0.000 0.000 0.000 0.000 0.000 0.000 0.000 0.001 0.004 0.020 0.079 0.264 0.742 1.722 3.306 4.912 5.868 6.309 6.481 6.523 6.330 5.687 4.452 3.158 2.330 2.168 2.384 2.893 3.339 3.601 3.695 3.701 3.709 3.712 3.738 3.729 3.633 3.417 3.107 2.896 2.566 2.090 1.709 1.234 0.977 0.934 0.952 0.990 0.992 0.978 0.931 0.858 0.815 0.808 0.937 1.109 1.212 1.259 1.259 1.236 1.183 1.151 1.183 1.290 1.452 1.586 1.670 1.701 1.679 1.603 1.527 1.409 1.252 1.089
0.000 0.000 0.000 0.000 0.000 0.000 0.000 0.000 0.000 0.000 0.002 0.009 0.034 0.123 0.383 1.010 2.208 3.901 5.238 5.945 6.219 6.330 6.307 5.984 5.052 3.709 2.657 2.078 2.082 2.392 2.933 3.370 3.622 3.700 3.712 3.693 3.672 3.662 3.628 3.480 3.225 3.003 2.803 2.455 2.017 1.610 1.092 0.947 0.916 0.952 0.990 0.995 0.983 0.930 0.859 0.823 0.820 0.980 1.145 1.243 1.284 1.282 1.254 1.216 1.225 1.296 1.455 1.630 1.741 1.794 1.808 1.768 1.688 1.574 1.420 1.238 1.049
0.000 0.000 0.000 0.000 0.000 0.000 0.000 0.000 0.000 0.001 0.005 0.017 0.056 0.184 0.531 1.305 2.712 4.423 5.477 5.928 6.083 6.163 6.021 5.428 4.258 3.016 2.267 1.964 2.028 2.410 2.961 3.391 3.643 3.738 3.741 3.718 3.674 3.598 3.476 3.269 2.979 2.867 2.653 2.300 1.932 1.501 1.039 0.933 0.912 0.958 0.995 0.996 0.985 0.930 0.859 0.826 0.828 1.018 1.188 1.283 1.321 1.318 1.293 1.276 1.315 1.444 1.642 1.793 1.872 1.893 1.873 1.827 1.742 1.590 1.387 1.156 0.902
0.000 0.000 0.000 0.000 0.000 0.000 0.000 0.000 0.001 0.003 0.010 0.030 0.090 0.266 0.716 1.654 3.238 4.837 5.687 5.946 5.973 5.957 5.665 4.827 3.492 2.486 1.994 1.838 1.966 2.435 3.018 3.439 3.669 3.752 3.761 3.743 3.674 3.557 3.371 3.089 2.903 2.778 2.541 2.169 1.827 1.356 0.998 0.909 0.897 0.958 0.998 1.000 0.984 0.928 0.859 0.830 0.837 1.056 1.249 1.343 1.374 1.372 1.356 1.353 1.422 1.592 1.800 1.916 1.952 1.948 1.914 1.851 1.742 1.554 1.268 0.926 0.595
