RESULTS/r.avaflow_results/11_results/11_ascii/11_hflow0054.asc
ncols 506
nrows 317
xllcenter 498237.50
yllcenter 5580050.00
cellsize 12.50
NODATA_value -9999.000
[rows 204 to 237 of 317, columns 77 to 153 of 506]
0.014 0.013 0.011 0.009 0.008 0.007 0.007 0.007 0.007 0.008 0.009 0.009 0.010 0.011 0.012 0.013 0.016 0.023 0.037 0.060 0.103 0.224 0.483 0.809 1.078 1.215 1.250 1.207 1.119 0.999 0.847 0.658 0.461 0.310 0.210 0.147 0.112 0.093 0.084 0.079 0.076 0.074 0.071 0.063 0.044 0.026 0.014 0.007 0.004 0.002 0.001 0.001 0.000 0.000 0.000 0.000 0.000 0.000 0.000 0.000 0.000 0.000 0.000 0.000 0.000 0.001 0.001 0.001 0.001 0.000 0.000 0.000 0.000 0.000 0.000 0.000 0.000
0.016 0.015 0.013 0.011 0.009 0.009 0.008 0.009 0.009 0.009 0.009 0.009 0.010 0.011 0.012 0.013 0.017 0.024 0.041 0.063 0.079 0.094 0.145 0.260 0.420 0.573 0.672 0.709 0.697 0.641 0.538 0.393 0.254 0.161 0.101 0.065 0.045 0.035 0.029 0.026 0.025 0.024 0.023 0.022 0.017 0.010 0.006 0.003 0.002 0.001 0.001 0.000 0.000 0.000 0.000 0.001 0.000 0.000 0.000 0.000 0.000 0.000 0.000 0.000 0.001 0.001 0.001 0.001 0.001 0.000 0.000 0.000 0.000 0.000 0.000 0.000 0.000
0.020 0.017 0.014 0.013 0.011 0.011 0.011 0.010 0.010 0.010 0.010 0.010 0.010 0.011 0.012 0.014 0.018 0.029 0.050 0.071 0.079 0.078 0.070 0.074 0.109 0.177 0.237 0.267 0.275 0.267 0.234 0.175 0.112 0.068 0.042 0.026 0.017 0.012 0.009 0.008 0.008 0.007 0.007 0.007 0.006 0.004 0.002 0.001 0.001 0.001 0.001 0.000 0.000 0.000 0.000 0.001 0.000 0.000 0.000 0.000 0.000 0.000 0.000 0.001 0.001 0.001 0.001 0.001 0.000 0.000 0.000 0.000 0.000 0.000 0.000 0.000 0.000
0.024 0.020 0.018 0.016 0.014 0.014 0.013 0.012 0.011 0.010 0.010 0.010 0.010 0.011 0.012 0.015 0.021 0.035 0.061 0.076 0.080 0.075 0.054 0.034 0.030 0.043 0.065 0.078 0.083 0.084 0.078 0.062 0.040 0.025 0.015 0.009 0.006 0.004 0.003 0.002 0.002 0.002 0.002 0.002 0.002 0.001 0.001 0.001 0.001 0.001 0.001 0.000 0.000 0.000 0.000 0.000 0.000 0.000 0.000 0.000 0.000 0.000 0.001 0.001 0.001 0.001 0.001 0.001 0.000 0.000 0.000 0.000 0.000 0.000 0.000 0.000 0.000
0.033 0.027 0.023 0.020 0.018 0.017 0.015 0.014 0.012 0.011 0.011 0.010 0.011 0.011 0.013 0.017 0.025 0.045 0.069 0.079 0.080 0.072 0.045 0.021 0.013 0.012 0.016 0.021 0.022 0.023 0.022 0.019 0.013 0.008 0.005 0.003 0.002 0.001 0.001 0.001 0.001 0.001 0.001 0.001 0.001 0.001 0.001 0.001 0.001 0.001 0.001 0.001 0.000 0.000 0.001 0.000 0.000 0.000 0.000 0.000 0.000 0.000 0.001 0.001 0.001 0.001 0.001 0.000 0.000 0.000 0.000 0.000 0.000 0.000 0.000 0.000 0.000
0.047 0.038 0.032 0.027 0.024 0.021 0.018 0.016 0.014 0.012 0.012 0.011 0.012 0.013 0.015 0.020 0.031 0.055 0.075 0.081 0.080 0.066 0.036 0.016 0.008 0.005 0.005 0.005 0.006 0.006 0.006 0.005 0.004 0.002 0.002 0.001 0.001 0.001 0.001 0.001 0.001 0.001 0.001 0.001 0.001 0.001 0.001 0.001 0.001 0.001 0.001 0.001 0.001 0.001 0.001 0.000 0.000 0.000 0.000 0.000 0.000 0.000 0.001 0.001 0.001 0.001 0.001 0.000 0.000 0.000 0.000 0.000 0.000 0.000 0.000 0.000 0.000
0.070 0.057 0.047 0.039 0.032 0.027 0.022 0.019 0.016 0.014 0.013 0.013 0.014 0.015 0.017 0.023 0.039 0.065 0.079 0.082 0.078 0.057 0.028 0.013 0.007 0.004 0.003 0.002 0.002 0.002 0.001 0.001 0.001 0.001 0.001 0.001 0.001 0.001 0.001 0.000 0.000 0.001 0.001 0.001 0.001 0.001 0.001 0.001 0.001 0.001 0.001 0.001 0.001 0.001 0.000 0.000 0.000 0.000 0.001 0.000 0.000 0.000 0.001 0.001 0.001 0.001 0.000 0.000 0.000 0.000 0.000 0.000 0.000 0.000 0.000 0.000 0.000
0.103 0.087 0.071 0.057 0.046 0.036 0.028 0.023 0.019 0.017 0.016 0.016 0.016 0.017 0.020 0.027 0.048 0.071 0.080 0.081 0.073 0.047 0.022 0.011 0.006 0.004 0.002 0.002 0.001 0.001 0.001 0.001 0.001 0.000 0.000 0.000 0.000 0.000 0.001 0.000 0.000 0.001 0.001 0.001 0.001 0.001 0.001 0.001 0.001 0.001 0.001 0.001 0.001 0.001 0.000 0.000 0.000 0.000 0.001 0.000 0.000 0.000 0.001 0.001 0.001 0.000 0.000 0.000 0.000 0.000 0.000 0.000 0.000 0.000 0.000 0.000 0.000
0.146 0.129 0.108 0.088 0.069 0.052 0.040 0.031 0.025 0.022 0.020 0.019 0.020 0.020 0.023 0.033 0.056 0.075 0.081 0.080 0.066 0.038 0.018 0.010 0.006 0.003 0.002 0.002 0.001 0.001 0.001 0.001 0.001 0.000 0.000 0.000 0.000 0.000 0.001 0.001 0.000 0.001 0.001 0.001 0.001 0.001 0.001 0.001 0.001 0.001 0.001 0.001 0.001 0.000 0.000 0.000 0.000 0.000 0.000 0.000 0.000 0.000 0.001 0.001 0.001 0.000 0.000 0.000 0.000 0.000 0.000 0.000 0.000 0.000 0.000 0.000 0.000
0.197 0.181 0.160 0.134 0.107 0.081 0.060 0.045 0.035 0.029 0.026 0.025 0.024 0.025 0.028 0.040 0.063 0.077 0.080 0.077 0.057 0.030 0.016 0.009 0.005 0.003 0.002 0.002 0.001 0.001 0.001 0.001 0.001 0.001 0.000 0.000 0.000 0.000 0.000 0.000 0.000 0.000 0.000 0.000 0.001 0.001 0.001 0.001 0.001 0.001 0.001 0.001 0.001 0.000 0.000 0.000 0.000 0.000 0.000 0.000 0.000 0.001 0.001 0.001 0.000 0.000 0.000 0.000 0.000 0.000 0.000 0.000 0.000 0.000 0.000 0.000 0.000
0.260 0.245 0.224 0.197 0.164 0.128 0.095 0.069 0.052 0.041 0.035 0.032 0.032 0.032 0.036 0.050 0.070 0.079 0.080 0.072 0.047 0.025 0.014 0.009 0.005 0.003 0.002 0.002 0.001 0.001 0.000 0.001 0.001 0.001 0.001 0.000 0.000 0.000 0.000 0.000 0.000 0.000 0.000 0.000 0.000 0.000 0.001 0.001 0.001 0.001 0.001 0.001 0.001 0.000 0.000 0.000 0.000 0.000 0.000 0.000 0.001 0.001 0.001 0.000 0.000 0.000 0.000 0.000 0.000 0.000 0.000 0.000 0.000 0.000 0.000 0.000 0.000
0.333 0.320 0.300 0.274 0.239 0.196 0.149 0.109 0.080 0.061 0.049 0.044 0.042 0.043 0.048 0.062 0.076 0.080 0.078 0.063 0.038 0.021 0.013 0.008 0.005 0.003 0.002 0.001 0.001 0.000 0.000 0.000 0.001 0.001 0.001 0.000 0.000 0.001 0.000 0.000 0.000 0.001 0.001 0.000 0.000 0.000 0.000 0.001 0.001 0.001 0.001 0.001 0.001 0.000 0.000 0.000 0.000 0.000 0.000 0.000 0.001 0.001 0.001 0.000 0.000 0.000 0.000 0.000 0.000 0.000 0.000 0.000 0.000 0.000 0.000 0.000 0.000
0.418 0.407 0.390 0.364 0.329 0.282 0.226 0.169 0.125 0.093 0.073 0.062 0.058 0.058 0.063 0.076 0.083 0.084 0.076 0.053 0.031 0.019 0.013 0.008 0.005 0.003 0.002 0.001 0.001 0.000 0.000 0.000 0.000 0.001 0.001 0.000 0.000 0.001 0.000 0.000 0.001 0.001 0.001 0.001 0.000 0.000 0.000 0.000 0.001 0.001 0.001 0.001 0.000 0.000 0.000 0.000 0.000 0.000 0.000 0.001 0.001 0.001 0.000 0.000 0.000 0.000 0.000 0.000 0.000 0.000 0.000 0.000 0.000 0.000 0.000 0.000 0.000
0.516 0.508 0.492 0.468 0.434 0.386 0.325 0.255 0.191 0.143 0.110 0.091 0.081 0.079 0.083 0.090 0.092 0.087 0.069 0.043 0.027 0.018 0.013 0.008 0.005 0.003 0.002 0.001 0.001 0.000 0.000 0.000 0.000 0.000 0.001 0.000 0.000 0.001 0.000 0.000 0.000 0.001 0.001 0.001 0.000 0.000 0.000 0.000 0.000 0.001 0.001 0.001 0.000 0.000 0.000 0.000 0.000 0.000 0.001 0.001 0.001 0.001 0.000 0.000 0.000 0.000 0.000 0.000 0.000 0.000 0.000 0.000 0.000 0.000 0.000 0.000 0.000
0.628 0.621 0.608 0.586 0.553 0.506 0.444 0.366 0.284 0.216 0.167 0.134 0.117 0.110 0.108 0.106 0.100 0.085 0.059 0.038 0.026 0.018 0.013 0.009 0.006 0.003 0.002 0.001 0.001 0.000 0.000 0.000 0.000 0.000 0.000 0.000 0.000 0.000 0.000 0.000 0.001 0.001 0.000 0.000 0.000 0.000 0.000 0.000 0.000 0.000 0.000 0.001 0.000 0.000 0.000 0.000 0.000 0.001 0.001 0.001 0.001 0.001 0.000 0.000 0.000 0.000 0.000 0.000 0.000 0.000 0.000 0.000 0.000 0.000 0.000 0.000 0.000
0.754 0.749 0.738 0.718 0.686 0.641 0.580 0.501 0.408 0.318 0.248 0.199 0.170 0.153 0.139 0.125 0.106 0.080 0.054 0.037 0.026 0.019 0.014 0.009 0.006 0.003 0.002 0.001 0.001 0.001 0.000 0.000 0.000 0.000 0.000 0.000 0.000 0.000 0.000 0.001 0.001 0.001 0.000 0.000 0.000 0.000 0.000 0.000 0.000 0.000 0.000 0.000 0.000 0.000 0.000 0.000 0.000 0.000 0.000 0.000 0.000 0.000 0.000 0.000 0.000 0.000 0.000 0.000 0.000 0.000 0.000 0.000 0.000 0.000 0.000 0.000 0.000
0.892 0.888 0.880 0.862 0.834 0.792 0.733 0.657 0.561 0.454 0.361 0.291 0.241 0.206 0.175 0.143 0.111 0.079 0.054 0.038 0.028 0.020 0.015 0.010 0.006 0.003 0.002 0.001 0.001 0.000 0.001 0.000 0.000 0.000 0.000 0.000 0.000 0.000 0.000 0.001 0.001 0.001 0.001 0.000 0.000 0.000 0.000 0.000 0.001 0.000 0.000 0.000 0.000 0.000 0.000 0.000 0.000 0.000 0.000 0.000 0.000 0.000 0.000 0.000 0.000 0.000 0.000 0.000 0.000 0.000 0.000 0.000 0.000 0.000 0.000 0.000 0.000
1.022 1.021 1.015 1.003 0.981 0.947 0.898 0.830 0.740 0.627 0.506 0.407 0.328 0.266 0.212 0.163 0.118 0.083 0.058 0.042 0.031 0.023 0.016 0.010 0.006 0.003 0.001 0.001 0.001 0.000 0.000 0.001 0.000 0.000 0.000 0.000 0.000 0.000 0.000 0.001 0.001 0.001 0.001 0.000 0.000 0.000 0.000 0.000 0.000 0.001 0.000 0.000 0.000 0.000 0.000 0.000 0.000 0.000 0.001 0.001 0.001 0.000 0.000 0.000 0.000 0.000 0.000 0.000 0.000 0.000 0.000 0.000 0.000 0.000 0.000 0.000 0.000
1.138 1.139 1.137 1.130 1.115 1.089 1.052 0.998 0.920 0.814 0.680 0.543 0.429 0.335 0.255 0.189 0.135 0.097 0.070 0.052 0.038 0.028 0.019 0.011 0.006 0.003 0.001 0.001 0.000 0.000 0.000 0.001 0.001 0.001 0.000 0.000 0.000 0.000 0.001 0.001 0.001 0.001 0.001 0.001 0.000 0.000 0.000 0.000 0.000 0.001 0.000 0.000 0.000 0.000 0.000 0.000 0.000 0.001 0.001 0.001 0.001 0.001 0.000 0.000 0.000 0.000 0.000 0.000 0.000 0.000 0.000 0.000 0.000 0.000 0.000 0.000 0.000
1.242 1.246 1.246 1.243 1.234 1.216 1.188 1.144 1.075 0.978 0.853 0.699 0.545 0.417 0.312 0.230 0.169 0.125 0.093 0.069 0.049 0.034 0.021 0.012 0.006 0.003 0.001 0.001 0.000 0.000 0.000 0.000 0.001 0.001 0.000 0.000 0.000 0.000 0.001 0.001 0.001 0.001 0.001 0.001 0.000 0.000 0.000 0.000 0.000 0.000 0.000 0.000 0.000 0.000 0.000 0.000 0.000 0.001 0.001 0.001 0.001 0.001 0.000 0.000 0.000 0.000 0.000 0.000 0.000 0.000 0.000 0.000 0.000 0.000 0.000 0.000 0.000
1.333 1.339 1.341 1.341 1.338 1.327 1.306 1.267 1.205 1.119 1.005 0.858 0.684 0.521 0.392 0.296 0.225 0.173 0.131 0.096 0.066 0.042 0.023 0.012 0.005 0.002 0.001 0.001 0.001 0.000 0.000 0.000 0.000 0.001 0.000 0.000 0.000 0.000 0.001 0.001 0.001 0.001 0.001 0.000 0.000 0.001 0.000 0.000 0.000 0.000 0.000 0.000 0.000 0.000 0.000 0.000 0.001 0.001 0.001 0.001 0.001 0.000 0.000 0.000 0.000 0.000 0.000 0.000 0.000 0.000 0.000 0.000 0.000 0.000 0.000 0.000 0.000
1.413 1.420 1.424 1.426 1.427 1.422 1.404 1.368 1.314 1.239 1.137 1.007 0.843 0.661 0.513 0.402 0.319 0.251 0.191 0.136 0.087 0.049 0.024 0.011 0.005 0.002 0.001 0.001 0.000 0.000 0.000 0.000 0.000 0.000 0.000 0.000 0.000 0.000 0.000 0.000 0.000 0.000 0.000 0.000 0.000 0.000 0.001 0.000 0.000 0.000 0.000 0.000 0.000 0.000 0.000 0.001 0.001 0.001 0.001 0.001 0.001 0.000 0.000 0.000 0.000 0.000 0.000 0.000 0.000 0.000 0.000 0.000 0.000 0.000 0.000 0.000 0.000
1.482 1.491 1.497 1.500 1.501 1.498 1.482 1.453 1.406 1.339 1.250 1.139 1.000 0.835 0.684 0.560 0.455 0.358 0.263 0.175 0.103 0.052 0.023 0.010 0.004 0.002 0.001 0.001 0.000 0.000 0.001 0.000 0.000 0.000 0.000 0.000 0.000 0.000 0.000 0.001 0.001 0.001 0.000 0.000 0.000 0.000 0.001 0.001 0.001 0.000 0.000 0.000 0.000 0.000 0.000 0.001 0.001 0.001 0.001 0.001 0.001 0.000 0.000 0.000 0.000 0.000 0.000 0.000 0.000 0.000 0.000 0.000 0.000 0.000 0.000 0.000 0.000
1.540 1.553 1.561 1.564 1.564 1.560 1.548 1.523 1.482 1.422 1.345 1.249 1.130 0.988 0.841 0.705 0.575 0.443 0.311 0.195 0.107 0.051 0.021 0.008 0.003 0.001 0.001 0.001 0.000 0.000 0.000 0.001 0.000 0.000 0.000 0.000 0.000 0.000 0.000 0.001 0.001 0.001 0.000 0.000 0.000 0.000 0.000 0.001 0.000 0.000 0.000 0.000 0.000 0.000 0.001 0.001 0.000 0.000 0.000 0.000 0.000 0.000 0.000 0.000 0.000 0.000 0.000 0.000 0.000 0.000 0.000 0.000 0.000 0.000 0.000 0.000 0.000
1.590 1.608 1.618 1.621 1.620 1.615 1.604 1.582 1.545 1.493 1.426 1.340 1.229 1.096 0.949 0.800 0.649 0.486 0.326 0.197 0.103 0.046 0.018 0.006 0.002 0.001 0.001 0.001 0.000 0.000 0.000 0.001 0.001 0.000 0.000 0.000 0.000 0.000 0.000 0.001 0.001 0.001 0.000 0.000 0.000 0.000 0.000 0.000 0.000 0.000 0.000 0.000 0.000 0.001 0.001 0.000 0.000 0.000 0.000 0.000 0.000 0.000 0.000 0.000 0.000 0.000 0.000 0.000 0.000 0.000 0.000 0.000 0.000 0.000 0.000 0.000 0.000
1.630 1.655 1.668 1.672 1.670 1.665 1.655 1.635 1.602 1.556 1.494 1.410 1.299 1.165 1.013 0.853 0.681 0.492 0.319 0.182 0.088 0.035 0.012 0.004 0.001 0.001 0.001 0.001 0.001 0.000 0.000 0.000 0.001 0.000 0.000 0.000 0.000 0.000 0.001 0.001 0.001 0.001 0.000 0.000 0.000 0.000 0.000 0.000 0.000 0.000 0.000 0.000 0.000 0.001 0.000 0.000 0.000 0.001 0.001 0.001 0.000 0.000 0.000 0.000 0.000 0.000 0.000 0.000 0.000 0.000 0.000 0.000 0.000 0.000 0.000 0.000 0.000
1.660 1.694 1.712 1.717 1.718 1.714 1.704 1.686 1.656 1.612 1.549 1.460 1.344 1.204 1.045 0.872 0.684 0.473 0.286 0.146 0.061 0.021 0.007 0.002 0.001 0.001 0.001 0.000 0.001 0.001 0.000 0.000 0.000 0.000 0.000 0.000 0.000 0.000 0.001 0.001 0.001 0.001 0.001 0.000 0.000 0.000 0.000 0.000 0.000 0.000 0.000 0.000 0.000 0.000 0.000 0.000 0.000 0.000 0.000 0.000 0.000 0.000 0.000 0.000 0.000 0.000 0.000 0.000 0.000 0.000 0.000 0.000 0.000 0.000 0.000 0.000 0.000
1.680 1.724 1.749 1.760 1.763 1.761 1.753 1.737 1.708 1.661 1.590 1.493 1.368 1.221 1.054 0.873 0.665 0.427 0.230 0.101 0.036 0.012 0.004 0.001 0.001 0.001 0.000 0.000 0.000 0.001 0.001 0.000 0.000 0.000 0.000 0.000 0.000 0.000 0.000 0.000 0.000 0.000 0.000 0.000 0.000 0.000 0.000 0.000 0.000 0.000 0.000 0.000 0.000 0.000 0.000 0.001 0.001 0.001 0.001 0.000 0.000 0.000 0.000 0.000 0.000 0.000 0.000 0.000 0.000 0.000 0.000 0.000 0.000 0.000 0.000 0.000 0.000
1.687 1.743 1.781 1.800 1.806 1.805 1.799 1.783 1.752 1.698 1.618 1.511 1.380 1.226 1.054 0.859 0.619 0.362 0.174 0.068 0.023 0.008 0.003 0.001 0.001 0.001 0.000 0.000 0.000 0.000 0.001 0.001 0.000 0.000 0.000 0.000 0.000 0.000 0.000 0.000 0.001 0.001 0.001 0.001 0.000 0.000 0.000 0.000 0.000 0.000 0.000 0.000 0.000 0.000 0.000 0.000 0.000 0.000 0.001 0.000 0.000 0.000 0.000 0.000 0.000 0.000 0.000 0.000 0.000 0.000 0.000 0.000 0.000 0.000 0.000 0.000 0.000
1.685 1.749 1.801 1.833 1.845 1.846 1.841 1.823 1.786 1.724 1.635 1.519 1.381 1.223 1.043 0.824 0.547 0.292 0.127 0.045 0.015 0.005 0.002 0.001 0.001 0.000 0.000 0.000 0.000 0.000 0.000 0.001 0.000 0.000 0.000 0.000 0.000 0.000 0.000 0.001 0.001 0.001 0.001 0.000 0.001 0.000 0.000 0.000 0.000 0.000 0.000 0.000 0.000 0.000 0.000 0.000 0.000 0.000 0.000 0.000 0.000 0.000 0.000 0.000 0.000 0.000 0.000 0.000 0.000 0.000 0.000 0.000 0.000 0.000 0.000 0.000 0.000
1.671 1.743 1.809 1.857 1.879 1.883 1.877 1.855 1.810 1.739 1.642 1.521 1.379 1.214 1.016 0.757 0.453 0.220 0.086 0.029 0.009 0.003 0.001 0.001 0.001 0.001 0.000 0.000 0.000 0.000 0.000 0.000 0.000 0.000 0.000 0.000 0.000 0.000 0.000 0.001 0.001 0.001 0.001 0.000 0.000 0.001 0.000 0.000 0.000 0.000 0.000 0.000 0.000 0.000 0.000 0.000 0.000 0.000 0.000 0.000 0.000 0.000 0.000 0.000 0.000 0.000 0.000 0.000 0.000 0.000 0.000 0.000 0.000 0.000 0.000 0.000 0.000
1.639 1.721 1.804 1.869 1.904 1.912 1.904 1.877 1.824 1.744 1.641 1.517 1.368 1.187 0.952 0.641 0.342 0.147 0.052 0.017 0.005 0.002 0.001 0.001 0.001 0.001 0.001 0.000 0.000 0.000 0.000 0.000 0.000 0.000 0.000 0.000 0.000 0.000 0.000 0.001 0.001 0.001 0.001 0.000 0.000 0.000 0.001 0.000 0.000 0.000 0.000 0.000 0.000 0.000 0.000 0.000 0.001 0.000 0.000 0.000 0.000 0.000 0.000 0.000 0.000 0.000 0.000 0.000 0.000 0.000 0.000 0.000 0.000 0.000 0.000 0.000 0.000
1.588 1.672 1.770 1.859 1.910 1.924 1.918 1.887 1.829 1.743 1.632 1.492 1.316 1.093 0.801 0.469 0.218 0.083 0.027 0.009 0.003 0.001 0.001 0.001 0.001 0.001 0.001 0.001 0.000 0.000 0.000 0.000 0.000 0.000 0.000 0.000 0.000 0.000 0.001 0.001 0.001 0.001 0.001 0.001 0.000 0.000 0.000 0.001 0.000 0.000 0.000 0.000 0.000 0.000 0.000 0.000 0.000 0.000 0.000 0.000 0.000 0.000 0.000 0.000 0.000 0.000 0.000 0.000 0.000 0.000 0.000 0.000 0.000 0.000 0.000 0.000 0.000
1.504 1.579 1.672 1.778 1.860 1.900 1.904 1.879 1.817 1.719 1.581 1.395 1.158 0.866 0.541 0.268 0.109 0.038 0.012 0.004 0.001 0.001 0.001 0.001 0.001 0.001 0.001 0.001 0.001 0.000 0.000 0.000 0.000 0.000 0.000 0.000 0.000 0.000 0.000 0.000 0.000 0.000 0.000 0.000 0.001 0.000 0.000 0.000 0.000 0.000 0.000 0.000 0.000 0.000 0.000 0.000 0.000 0.000 0.000 0.000 0.000 0.000 0.000 0.000 0.000 0.000 0.000 0.000 0.000 0.000 0.000 0.000 0.000 0.000 0.000 0.000 0.000
