RESULTS/r.avaflow_results/11_results/11_ascii/11_hflow30039.asc
ncols 506
nrows 317
xllcenter 498237.50
yllcenter 5580050.00
cellsize 12.50
NODATA_value -9999.000
[rows 170 to 203 of 317, columns 154 to 230 of 506]
9.085 8.935 8.784 8.609 8.410 8.195 7.979 7.772 7.583 7.414 7.254 7.095 6.920 6.682 6.318 5.797 5.134 4.373 3.583 2.843 2.180 1.614 1.165 0.842 0.632 0.506 0.440 0.414 0.413 0.427 0.462 0.493 0.510 0.520 0.529 0.542 0.564 0.586 0.595 0.595 0.588 0.575 0.561 0.545 0.525 0.493 0.448 0.391 0.336 0.285 0.237 0.197 0.165 0.143 0.130 0.124 0.123 0.125 0.130 0.136 0.141 0.144 0.146 0.148 0.149 0.152 0.161 0.183 0.233 0.326 0.424 0.473 0.484 0.468 0.415 0.321 0.224
12.018 12.220 12.306 12.299 12.236 12.092 11.873 11.605 11.328 11.063 10.812 10.567 10.314 10.009 9.567 8.928 8.084 7.068 5.946 4.826 3.785 2.857 2.084 1.497 1.094 0.838 0.687 0.612 0.589 0.589 0.599 0.602 0.596 0.586 0.579 0.579 0.586 0.595 0.598 0.592 0.578 0.556 0.531 0.505 0.473 0.426 0.358 0.278 0.209 0.161 0.130 0.109 0.096 0.088 0.085 0.085 0.088 0.093 0.099 0.104 0.106 0.107 0.107 0.107 0.108 0.110 0.116 0.133 0.170 0.240 0.343 0.424 0.459 0.464 0.449 0.404 0.323
15.154 15.756 16.044 16.106 16.064 15.918 15.678 15.387 15.081 14.776 14.478 14.187 13.895 13.567 13.125 12.458 11.518 10.331 8.963 7.522 6.105 4.769 3.585 2.617 1.895 1.393 1.068 0.876 0.771 0.709 0.669 0.640 0.616 0.596 0.582 0.575 0.573 0.572 0.566 0.549 0.517 0.476 0.435 0.393 0.344 0.281 0.209 0.149 0.110 0.087 0.073 0.064 0.060 0.058 0.058 0.060 0.065 0.071 0.077 0.080 0.081 0.081 0.081 0.080 0.080 0.082 0.087 0.099 0.125 0.173 0.257 0.360 0.429 0.455 0.458 0.444 0.400
17.387 18.334 18.851 19.038 19.055 18.968 18.796 18.578 18.327 18.047 17.741 17.426 17.107 16.764 16.330 15.696 14.796 13.635 12.268 10.744 9.110 7.440 5.800 4.350 3.175 2.282 1.647 1.225 0.955 0.788 0.691 0.637 0.602 0.574 0.550 0.531 0.515 0.500 0.479 0.440 0.382 0.321 0.269 0.224 0.183 0.141 0.104 0.077 0.061 0.051 0.045 0.042 0.040 0.040 0.041 0.044 0.049 0.055 0.060 0.062 0.063 0.063 0.062 0.062 0.062 0.064 0.068 0.077 0.094 0.125 0.181 0.276 0.381 0.437 0.455 0.453 0.434
18.570 19.758 20.528 20.955 21.164 21.244 21.234 21.161 21.026 20.818 20.529 20.184 19.824 19.453 19.019 18.415 17.564 16.455 15.124 13.624 11.983 10.208 8.280 6.327 4.619 3.247 2.225 1.525 1.086 0.827 0.684 0.604 0.549 0.506 0.466 0.431 0.399 0.365 0.325 0.273 0.215 0.171 0.138 0.113 0.091 0.072 0.056 0.044 0.037 0.033 0.030 0.029 0.029 0.030 0.031 0.033 0.037 0.043 0.047 0.049 0.049 0.050 0.050 0.050 0.051 0.053 0.056 0.062 0.074 0.094 0.130 0.195 0.304 0.397 0.439 0.448 0.440
18.867 20.169 21.145 21.847 22.342 22.675 22.874 22.951 22.930 22.810 22.552 22.168 21.760 21.369 20.941 20.382 19.608 18.586 17.312 15.803 14.089 12.178 10.041 7.695 5.568 3.844 2.556 1.685 1.147 0.833 0.650 0.533 0.450 0.381 0.322 0.276 0.241 0.211 0.181 0.147 0.115 0.091 0.074 0.061 0.050 0.040 0.033 0.028 0.025 0.023 0.023 0.022 0.022 0.023 0.024 0.026 0.029 0.033 0.036 0.038 0.040 0.041 0.041 0.042 0.044 0.046 0.049 0.054 0.061 0.074 0.098 0.142 0.221 0.327 0.399 0.427 0.430
18.716 20.070 21.155 22.016 22.721 23.273 23.641 23.824 23.870 23.813 23.585 23.167 22.725 22.341 21.934 21.419 20.724 19.800 18.602 17.104 15.319 13.272 10.953 8.355 5.979 4.071 2.663 1.724 1.151 0.804 0.582 0.430 0.318 0.237 0.184 0.152 0.131 0.115 0.098 0.080 0.064 0.052 0.043 0.036 0.030 0.026 0.022 0.020 0.019 0.018 0.018 0.018 0.018 0.018 0.019 0.020 0.023 0.025 0.028 0.031 0.032 0.034 0.035 0.037 0.039 0.041 0.044 0.048 0.053 0.063 0.079 0.108 0.159 0.243 0.332 0.385 0.405
18.131 19.591 20.833 21.858 22.690 23.326 23.742 23.953 24.018 23.984 23.773 23.343 22.887 22.518 22.130 21.636 20.978 20.113 18.982 17.517 15.704 13.574 11.154 8.455 6.007 4.051 2.620 1.673 1.086 0.717 0.474 0.308 0.201 0.139 0.103 0.084 0.073 0.064 0.055 0.046 0.039 0.033 0.028 0.024 0.020 0.018 0.016 0.015 0.014 0.014 0.014 0.014 0.014 0.014 0.015 0.016 0.017 0.020 0.022 0.024 0.026 0.028 0.030 0.032 0.035 0.037 0.040 0.043 0.048 0.055 0.067 0.087 0.120 0.174 0.250 0.318 0.361
17.124 18.713 20.121 21.325 22.297 22.999 23.426 23.626 23.679 23.641 23.437 23.028 22.564 22.173 21.764 21.257 20.613 19.792 18.715 17.289 15.481 13.317 10.815 8.075 5.654 3.737 2.354 1.453 0.897 0.547 0.323 0.190 0.119 0.080 0.060 0.049 0.043 0.038 0.033 0.029 0.025 0.022 0.019 0.017 0.015 0.013 0.012 0.011 0.011 0.011 0.011 0.011 0.011 0.011 0.011 0.012 0.013 0.015 0.017 0.019 0.021 0.024 0.026 0.028 0.031 0.033 0.036 0.040 0.044 0.050 0.059 0.073 0.096 0.132 0.182 0.243 0.298
15.797 17.484 19.000 20.315 21.374 22.128 22.571 22.751 22.768 22.688 22.478 22.136 21.694 21.212 20.684 20.097 19.429 18.630 17.600 16.205 14.382 12.151 9.564 6.934 4.702 2.982 1.776 1.014 0.569 0.316 0.178 0.106 0.068 0.047 0.037 0.031 0.027 0.025 0.022 0.020 0.018 0.016 0.014 0.012 0.011 0.010 0.009 0.008 0.008 0.008 0.008 0.008 0.008 0.008 0.008 0.009 0.010 0.011 0.013 0.015 0.017 0.019 0.022 0.024 0.027 0.030 0.033 0.036 0.040 0.046 0.053 0.065 0.082 0.107 0.141 0.185 0.234
14.195 15.896 17.442 18.803 19.926 20.749 21.239 21.416 21.398 21.263 21.053 20.801 20.410 19.809 19.084 18.352 17.601 16.751 15.660 14.172 12.215 9.826 7.251 4.931 3.109 1.808 0.976 0.510 0.270 0.150 0.089 0.057 0.040 0.030 0.025 0.021 0.019 0.017 0.016 0.014 0.013 0.012 0.010 0.009 0.008 0.007 0.006 0.006 0.005 0.005 0.005 0.005 0.005 0.005 0.006 0.006 0.007 0.008 0.009 0.011 0.013 0.015 0.018 0.020 0.023 0.026 0.030 0.033 0.037 0.042 0.049 0.059 0.073 0.093 0.118 0.151 0.188
12.327 13.947 15.483 16.897 18.130 19.084 19.680 19.904 19.886 19.739 19.536 19.308 18.900 18.195 17.305 16.405 15.499 14.455 13.087 11.263 8.926 6.415 4.231 2.621 1.528 0.834 0.428 0.218 0.118 0.071 0.047 0.033 0.026 0.021 0.018 0.016 0.014 0.013 0.012 0.011 0.010 0.009 0.008 0.007 0.006 0.005 0.004 0.004 0.003 0.003 0.003 0.003 0.003 0.003 0.004 0.004 0.005 0.006 0.007 0.008 0.010 0.012 0.014 0.017 0.020 0.023 0.026 0.030 0.034 0.039 0.046 0.056 0.069 0.086 0.107 0.131 0.160
10.284 11.754 13.256 14.741 16.109 17.223 17.960 18.285 18.312 18.189 17.957 17.619 17.071 16.258 15.271 14.220 13.086 11.687 9.813 7.475 5.141 3.265 1.941 1.102 0.606 0.323 0.169 0.092 0.055 0.037 0.028 0.022 0.018 0.016 0.014 0.012 0.011 0.010 0.009 0.008 0.007 0.006 0.005 0.005 0.004 0.003 0.002 0.002 0.002 0.002 0.002 0.002 0.002 0.002 0.002 0.002 0.003 0.004 0.005 0.006 0.007 0.009 0.011 0.014 0.017 0.020 0.023 0.027 0.032 0.037 0.045 0.054 0.067 0.083 0.101 0.121 0.144
8.299 9.533 10.886 12.343 13.759 14.951 15.786 16.209 16.292 16.181 15.834 15.255 14.465 13.507 12.433 11.234 9.807 7.972 5.829 3.833 2.333 1.307 0.699 0.379 0.211 0.119 0.069 0.043 0.030 0.023 0.019 0.016 0.014 0.012 0.011 0.010 0.009 0.008 0.007 0.006 0.005 0.004 0.004 0.003 0.002 0.002 0.001 0.001 0.001 0.001 0.001 0.001 0.001 0.001 0.001 0.001 0.001 0.002 0.003 0.004 0.005 0.007 0.009 0.011 0.014 0.017 0.021 0.025 0.030 0.036 0.043 0.053 0.066 0.081 0.098 0.116 0.136
6.385 7.314 8.368 9.539 10.721 11.746 12.508 12.932 13.036 12.921 12.468 11.661 10.577 9.386 8.202 6.947 5.538 3.992 2.567 1.488 0.792 0.408 0.220 0.127 0.078 0.050 0.034 0.025 0.019 0.016 0.014 0.012 0.011 0.010 0.009 0.008 0.007 0.006 0.006 0.005 0.004 0.003 0.002 0.002 0.001 0.001 0.000 0.000 0.000 0.000 0.000 0.000 0.000 0.000 0.000 0.000 0.001 0.001 0.002 0.003 0.004 0.005 0.007 0.009 0.011 0.014 0.018 0.022 0.028 0.034 0.042 0.052 0.065 0.080 0.097 0.114 0.133
4.515 5.019 5.567 6.167 6.790 7.369 7.838 8.118 8.196 8.101 7.676 6.883 5.849 4.840 3.963 3.137 2.292 1.462 0.826 0.430 0.223 0.125 0.076 0.051 0.036 0.026 0.020 0.017 0.014 0.012 0.011 0.010 0.009 0.008 0.007 0.006 0.006 0.005 0.004 0.003 0.003 0.002 0.001 0.001 0.000 0.000 0.000 0.000 0.000 0.000 0.000 0.000 0.000 0.000 0.000 0.000 0.000 0.000 0.001 0.002 0.002 0.004 0.005 0.007 0.009 0.012 0.016 0.020 0.026 0.032 0.041 0.051 0.064 0.079 0.096 0.113 0.133
2.815 2.974 3.140 3.312 3.483 3.644 3.780 3.857 3.875 3.816 3.583 3.129 2.493 1.894 1.432 1.046 0.695 0.409 0.223 0.122 0.073 0.048 0.035 0.027 0.021 0.017 0.014 0.012 0.011 0.010 0.009 0.008 0.007 0.006 0.006 0.005 0.005 0.004 0.003 0.002 0.002 0.001 0.001 0.000 0.000 0.000 0.000 0.000 0.000 0.000 0.000 0.000 0.000 0.000 0.000 0.000 0.000 0.000 0.000 0.001 0.001 0.002 0.004 0.005 0.007 0.010 0.014 0.018 0.024 0.030 0.039 0.049 0.062 0.077 0.094 0.113 0.134
1.504 1.490 1.487 1.486 1.477 1.466 1.458 1.445 1.427 1.386 1.280 1.084 0.811 0.576 0.415 0.293 0.193 0.118 0.071 0.046 0.033 0.026 0.021 0.017 0.015 0.013 0.011 0.010 0.008 0.008 0.007 0.006 0.006 0.005 0.005 0.004 0.004 0.003 0.002 0.002 0.001 0.001 0.000 0.000 0.000 0.000 0.000 0.000 0.000 0.000 0.000 0.000 0.000 0.000 0.000 0.000 0.000 0.000 0.000 0.000 0.001 0.001 0.002 0.004 0.006 0.008 0.012 0.016 0.021 0.028 0.036 0.046 0.059 0.074 0.092 0.113 0.137
0.679 0.633 0.604 0.581 0.556 0.527 0.500 0.477 0.457 0.434 0.395 0.331 0.243 0.172 0.126 0.091 0.065 0.045 0.032 0.025 0.020 0.017 0.015 0.013 0.011 0.010 0.008 0.007 0.007 0.006 0.005 0.005 0.004 0.004 0.004 0.003 0.003 0.002 0.002 0.001 0.001 0.000 0.000 0.000 0.000 0.000 0.000 0.000 0.000 0.000 0.000 0.000 0.000 0.000 0.000 0.000 0.000 0.000 0.000 0.000 0.000 0.001 0.002 0.003 0.004 0.006 0.009 0.013 0.018 0.024 0.032 0.042 0.054 0.069 0.088 0.112 0.139
0.272 0.250 0.236 0.224 0.210 0.193 0.176 0.163 0.152 0.141 0.128 0.109 0.083 0.063 0.049 0.038 0.030 0.024 0.020 0.017 0.014 0.013 0.011 0.010 0.008 0.007 0.007 0.006 0.005 0.005 0.004 0.004 0.004 0.003 0.003 0.003 0.002 0.002 0.002 0.001 0.001 0.000 0.000 0.000 0.000 0.000 0.000 0.000 0.000 0.000 0.000 0.000 0.000 0.000 0.000 0.000 0.000 0.000 0.000 0.000 0.000 0.000 0.001 0.002 0.003 0.005 0.007 0.010 0.015 0.020 0.027 0.036 0.047 0.061 0.081 0.106 0.136
0.109 0.101 0.096 0.091 0.085 0.078 0.070 0.064 0.059 0.055 0.051 0.045 0.038 0.031 0.026 0.022 0.019 0.016 0.014 0.012 0.011 0.009 0.008 0.007 0.006 0.006 0.005 0.005 0.004 0.004 0.004 0.003 0.003 0.003 0.003 0.003 0.002 0.002 0.002 0.001 0.001 0.000 0.000 0.000 0.000 0.000 0.000 0.000 0.000 0.000 0.000 0.000 0.000 0.000 0.000 0.000 0.000 0.000 0.000 0.000 0.000 0.000 0.000 0.001 0.002 0.003 0.005 0.008 0.011 0.015 0.021 0.028 0.037 0.050 0.068 0.092 0.123
0.048 0.046 0.044 0.042 0.040 0.037 0.034 0.031 0.030 0.028 0.027 0.025 0.023 0.020 0.018 0.015 0.014 0.012 0.011 0.009 0.008 0.007 0.006 0.006 0.005 0.004 0.004 0.004 0.004 0.003 0.003 0.003 0.003 0.003 0.003 0.003 0.002 0.002 0.002 0.001 0.001 0.000 0.000 0.000 0.000 0.000 0.000 0.000 0.000 0.000 0.000 0.000 0.000 0.000 0.000 0.000 0.000 0.000 0.000 0.000 0.000 0.000 0.000 0.000 0.001 0.002 0.003 0.005 0.008 0.011 0.015 0.021 0.027 0.036 0.049 0.069 0.096
0.025 0.025 0.024 0.023 0.023 0.021 0.020 0.019 0.019 0.018 0.017 0.017 0.016 0.015 0.013 0.012 0.010 0.009 0.008 0.007 0.006 0.005 0.005 0.004 0.004 0.004 0.004 0.003 0.003 0.003 0.003 0.003 0.003 0.003 0.003 0.003 0.002 0.002 0.002 0.001 0.001 0.000 0.000 0.000 0.000 0.000 0.000 0.000 0.000 0.000 0.000 0.000 0.000 0.000 0.000 0.000 0.000 0.000 0.000 0.000 0.000 0.000 0.000 0.000 0.000 0.001 0.002 0.004 0.006 0.008 0.011 0.015 0.019 0.025 0.033 0.045 0.063
0.016 0.016 0.015 0.015 0.015 0.015 0.014 0.014 0.013 0.013 0.013 0.012 0.012 0.011 0.010 0.009 0.008 0.007 0.006 0.005 0.005 0.004 0.004 0.004 0.004 0.003 0.003 0.003 0.003 0.003 0.003 0.004 0.004 0.003 0.003 0.003 0.003 0.002 0.002 0.001 0.001 0.000 0.000 0.000 0.000 0.000 0.000 0.000 0.000 0.000 0.000 0.000 0.000 0.000 0.000 0.000 0.000 0.000 0.000 0.000 0.000 0.000 0.000 0.000 0.000 0.000 0.001 0.002 0.004 0.005 0.008 0.011 0.014 0.018 0.023 0.030 0.040
0.011 0.011 0.011 0.011 0.011 0.011 0.011 0.010 0.010 0.010 0.010 0.010 0.009 0.009 0.008 0.007 0.006 0.005 0.005 0.004 0.004 0.004 0.003 0.003 0.003 0.004 0.004 0.004 0.004 0.004 0.004 0.004 0.004 0.004 0.004 0.004 0.003 0.002 0.002 0.001 0.001 0.000 0.000 0.000 0.000 0.000 0.000 0.000 0.000 0.000 0.000 0.000 0.000 0.000 0.000 0.000 0.000 0.000 0.000 0.000 0.000 0.000 0.000 0.000 0.000 0.000 0.000 0.001 0.002 0.004 0.005 0.007 0.010 0.013 0.016 0.021 0.027
0.008 0.008 0.008 0.009 0.008 0.008 0.008 0.008 0.008 0.008 0.008 0.008 0.007 0.007 0.006 0.005 0.005 0.004 0.004 0.003 0.003 0.003 0.003 0.004 0.004 0.004 0.005 0.005 0.006 0.006 0.006 0.006 0.006 0.005 0.004 0.004 0.003 0.002 0.002 0.001 0.001 0.000 0.000 0.000 0.000 0.000 0.000 0.000 0.000 0.000 0.000 0.000 0.000 0.000 0.000 0.000 0.000 0.000 0.000 0.000 0.000 0.000 0.000 0.000 0.000 0.000 0.000 0.001 0.001 0.002 0.003 0.005 0.007 0.009 0.012 0.015 0.019
0.006 0.007 0.007 0.007 0.007 0.007 0.007 0.007 0.007 0.007 0.006 0.006 0.006 0.005 0.005 0.004 0.004 0.003 0.003 0.003 0.003 0.003 0.004 0.004 0.005 0.006 0.007 0.007 0.007 0.007 0.007 0.007 0.006 0.005 0.005 0.004 0.003 0.002 0.001 0.001 0.001 0.000 0.000 0.000 0.000 0.000 0.000 0.000 0.000 0.000 0.000 0.000 0.000 0.000 0.000 0.000 0.000 0.000 0.000 0.000 0.000 0.000 0.000 0.000 0.000 0.000 0.000 0.000 0.000 0.001 0.002 0.003 0.005 0.006 0.008 0.011 0.014
0.005 0.005 0.005 0.005 0.005 0.005 0.005 0.005 0.005 0.005 0.005 0.005 0.005 0.004 0.004 0.003 0.003 0.003 0.003 0.003 0.003 0.004 0.005 0.006 0.007 0.008 0.008 0.008 0.008 0.008 0.007 0.007 0.006 0.005 0.004 0.004 0.003 0.002 0.001 0.001 0.000 0.000 0.000 0.000 0.000 0.000 0.000 0.000 0.000 0.000 0.000 0.000 0.000 0.000 0.000 0.000 0.000 0.000 0.000 0.000 0.000 0.000 0.000 0.000 0.000 0.000 0.000 0.000 0.000 0.000 0.001 0.002 0.003 0.004 0.006 0.008 0.010
0.004 0.004 0.004 0.004 0.004 0.004 0.004 0.004 0.004 0.004 0.004 0.004 0.004 0.003 0.003 0.003 0.003 0.003 0.003 0.003 0.004 0.005 0.006 0.007 0.008 0.009 0.009 0.009 0.009 0.008 0.007 0.007 0.006 0.005 0.004 0.003 0.002 0.002 0.001 0.001 0.000 0.000 0.000 0.000 0.000 0.000 0.000 0.000 0.000 0.000 0.000 0.000 0.000 0.000 0.000 0.000 0.000 0.000 0.000 0.000 0.000 0.000 0.000 0.000 0.000 0.000 0.000 0.000 0.000 0.000 0.000 0.001 0.002 0.003 0.004 0.005 0.007
0.003 0.003 0.003 0.003 0.004 0.004 0.004 0.004 0.003 0.003 0.003 0.003 0.003 0.002 0.002 0.002 0.003 0.003 0.003 0.004 0.005 0.006 0.007 0.008 0.009 0.009 0.009 0.009 0.008 0.008 0.007 0.006 0.005 0.004 0.003 0.002 0.002 0.001 0.001 0.001 0.000 0.000 0.000 0.000 0.000 0.000 0.000 0.000 0.000 0.000 0.000 0.000 0.000 0.000 0.000 0.000 0.000 0.000 0.000 0.000 0.000 0.000 0.000 0.000 0.000 0.000 0.000 0.000 0.000 0.000 0.000 0.000 0.001 0.001 0.002 0.003 0.005
0.002 0.002 0.003 0.003 0.003 0.003 0.003 0.003 0.003 0.003 0.003 0.002 0.002 0.002 0.002 0.002 0.003 0.003 0.004 0.005 0.006 0.007 0.008 0.008 0.009 0.009 0.009 0.009 0.008 0.008 0.007 0.005 0.004 0.003 0.002 0.002 0.001 0.001 0.001 0.000 0.000 0.000 0.000 0.000 0.000 0.000 0.000 0.000 0.000 0.000 0.000 0.000 0.000 0.000 0.000 0.000 0.000 0.000 0.000 0.000 0.000 0.000 0.000 0.000 0.000 0.000 0.000 0.000 0.000 0.000 0.000 0.000 0.000 0.001 0.001 0.002 0.003
0.002 0.002 0.002 0.002 0.002 0.002 0.002 0.002 0.002 0.002 0.002 0.002 0.002 0.002 0.002 0.002 0.002 0.003 0.004 0.005 0.006 0.007 0.007 0.008 0.008 0.008 0.008 0.008 0.007 0.007 0.005 0.004 0.003 0.002 0.002 0.001 0.001 0.001 0.000 0.000 0.000 0.000 0.000 0.000 0.000 0.000 0.000 0.000 0.000 0.000 0.000 0.000 0.000 0.000 0.000 0.000 0.000 0.000 0.000 0.000 0.000 0.000 0.000 0.000 0.000 0.000 0.000 0.000 0.000 0.000 0.000 0.000 0.000 0.000 0.000 0.001 0.002
0.001 0.001 0.001 0.002 0.002 0.002 0.002 0.002 0.002 0.002 0.002 0.002 0.002 0.001 0.002 0.002 0.002 0.003 0.004 0.005 0.006 0.006 0.007 0.007 0.007 0.007 0.007 0.006 0.006 0.005 0.004 0.003 0.002 0.001 0.001 0.001 0.001 0.000 0.000 0.000 0.000 0.000 0.000 0.000 0.000 0.000 0.000 0.000 0.000 0.000 0.000 0.000 0.000 0.000 0.000 0.000 0.000 0.000 0.000 0.000 0.000 0.000 0.000 0.000 0.000 0.000 0.000 0.000 0.000 0.000 0.000 0.000 0.000 0.000 0.000 0.000 0.001
0.001 0.001 0.001 0.001 0.001 0.001 0.001 0.001 0.001 0.001 0.001 0.001 0.001 0.001 0.001 0.002 0.002 0.003 0.004 0.004 0.005 0.005 0.006 0.005 0.005 0.005 0.004 0.004 0.003 0.003 0.002 0.001 0.001 0.001 0.001 0.001 0.000 0.000 0.000 0.000 0.000 0.000 0.000 0.000 0.000 0.000 0.000 0.000 0.000 0.000 0.000 0.000 0.000 0.000 0.000 0.000 0.000 0.000 0.000 0.000 0.000 0.000 0.000 0.000 0.000 0.000 0.000 0.000 0.000 0.000 0.000 0.000 0.000 0.000 0.000 0.000 0.000
