RESULTS/r.avaflow_results/11_results/11_ascii/11_hflow10035.asc
ncols 506
nrows 317
xllcenter 498237.50
yllcenter 5580050.00
cellsize 12.50
NODATA_value -9999.000
[rows 170 to 203 of 317, columns 77 to 153 of 506]
0.000 0.000 0.000 0.000 0.000 0.000 0.000 0.000 0.000 0.000 0.000 0.001 0.003 0.005 0.008 0.012 0.017 0.022 0.027 0.033 0.041 0.053 0.074 0.113 0.167 0.210 0.229 0.232 0.231 0.228 0.220 0.207 0.188 0.161 0.132 0.111 0.097 0.089 0.087 0.088 0.095 0.115 0.165 0.281 0.504 0.835 1.228 1.646 2.097 2.635 3.359 4.359 5.422 6.204 6.609 6.720 6.685 6.612 6.539 6.445 6.312 6.084 5.712 5.186 4.538 3.893 3.348 2.887 2.492 2.152 1.860 1.610 1.397 1.215 1.057 0.920 0.800
0.000 0.000 0.000 0.000 0.000 0.000 0.000 0.000 0.000 0.001 0.002 0.004 0.007 0.012 0.019 0.027 0.036 0.047 0.058 0.071 0.087 0.111 0.150 0.206 0.262 0.295 0.304 0.304 0.301 0.295 0.283 0.264 0.235 0.197 0.164 0.142 0.130 0.126 0.126 0.135 0.162 0.227 0.372 0.663 1.125 1.705 2.310 2.925 3.595 4.384 5.280 6.178 6.861 7.248 7.350 7.262 7.085 6.913 6.755 6.589 6.393 6.113 5.710 5.175 4.528 3.888 3.346 2.886 2.495 2.163 1.882 1.643 1.440 1.266 1.116 0.986 0.872
0.000 0.000 0.000 0.000 0.000 0.000 0.000 0.000 0.001 0.002 0.005 0.009 0.016 0.025 0.037 0.051 0.066 0.085 0.106 0.130 0.161 0.203 0.263 0.327 0.369 0.385 0.387 0.386 0.381 0.371 0.354 0.327 0.287 0.238 0.202 0.181 0.173 0.173 0.183 0.216 0.299 0.480 0.836 1.421 2.202 3.025 3.811 4.606 5.434 6.237 6.937 7.468 7.766 7.839 7.722 7.488 7.232 7.007 6.797 6.592 6.364 6.060 5.650 5.123 4.492 3.867 3.333 2.879 2.495 2.172 1.899 1.668 1.471 1.303 1.159 1.035 0.927
0.000 0.000 0.000 0.000 0.000 0.000 0.000 0.000 0.001 0.004 0.009 0.017 0.028 0.043 0.060 0.081 0.106 0.136 0.171 0.212 0.263 0.328 0.400 0.452 0.475 0.480 0.479 0.476 0.469 0.456 0.434 0.399 0.346 0.287 0.249 0.231 0.228 0.235 0.269 0.360 0.572 0.995 1.700 2.683 3.770 4.750 5.604 6.366 7.052 7.638 8.073 8.299 8.329 8.187 7.903 7.570 7.273 7.018 6.778 6.536 6.269 5.945 5.537 5.029 4.427 3.826 3.309 2.867 2.492 2.176 1.909 1.682 1.490 1.326 1.187 1.068 0.964
0.000 0.000 0.000 0.000 0.000 0.000 0.000 0.000 0.002 0.006 0.013 0.023 0.038 0.058 0.083 0.115 0.154 0.199 0.252 0.314 0.388 0.466 0.529 0.566 0.581 0.583 0.582 0.578 0.569 0.552 0.524 0.480 0.414 0.346 0.305 0.290 0.291 0.314 0.394 0.598 1.046 1.857 3.069 4.449 5.640 6.541 7.227 7.791 8.250 8.588 8.776 8.799 8.662 8.365 7.967 7.592 7.278 6.999 6.724 6.442 6.140 5.794 5.383 4.894 4.326 3.762 3.270 2.847 2.484 2.175 1.911 1.688 1.499 1.339 1.203 1.087 0.984
0.000 0.000 0.000 0.000 0.000 0.000 0.000 0.000 0.002 0.007 0.015 0.027 0.044 0.068 0.100 0.142 0.196 0.263 0.344 0.435 0.523 0.599 0.653 0.682 0.694 0.696 0.696 0.692 0.681 0.660 0.626 0.572 0.494 0.414 0.367 0.352 0.355 0.392 0.522 0.868 1.630 2.935 4.689 6.211 7.288 8.024 8.512 8.849 9.086 9.209 9.216 9.096 8.831 8.437 7.980 7.588 7.258 6.952 6.644 6.331 5.991 5.623 5.205 4.729 4.198 3.679 3.220 2.819 2.469 2.168 1.908 1.687 1.501 1.343 1.209 1.094 0.993
0.000 0.000 0.000 0.000 0.000 0.000 0.000 0.000 0.002 0.007 0.016 0.028 0.047 0.074 0.111 0.160 0.225 0.312 0.422 0.550 0.654 0.731 0.781 0.808 0.820 0.823 0.823 0.819 0.807 0.783 0.742 0.679 0.589 0.493 0.432 0.409 0.411 0.450 0.600 1.024 2.008 3.726 5.930 7.570 8.597 9.184 9.475 9.610 9.670 9.641 9.512 9.263 8.903 8.452 7.979 7.567 7.206 6.874 6.544 6.205 5.839 5.446 5.016 4.545 4.049 3.577 3.152 2.773 2.439 2.148 1.895 1.680 1.497 1.342 1.209 1.095 0.994
0.000 0.000 0.000 0.000 0.000 0.000 0.000 0.000 0.002 0.007 0.016 0.029 0.048 0.076 0.115 0.169 0.241 0.341 0.475 0.643 0.779 0.866 0.920 0.950 0.963 0.967 0.967 0.962 0.948 0.920 0.874 0.802 0.700 0.583 0.501 0.464 0.461 0.495 0.642 1.080 2.166 4.174 6.763 8.581 9.594 10.038 10.164 10.172 10.105 9.948 9.691 9.344 8.919 8.442 7.962 7.526 7.134 6.775 6.426 6.067 5.684 5.269 4.824 4.354 3.890 3.458 3.062 2.705 2.388 2.110 1.868 1.661 1.484 1.333 1.203 1.092 0.993
0.000 0.000 0.000 0.000 0.000 0.000 0.000 0.000 0.002 0.007 0.015 0.028 0.048 0.076 0.116 0.171 0.247 0.352 0.499 0.700 0.895 1.015 1.079 1.113 1.128 1.132 1.131 1.125 1.108 1.075 1.022 0.942 0.828 0.686 0.575 0.518 0.506 0.530 0.661 1.085 2.183 4.333 7.258 9.279 10.293 10.625 10.651 10.581 10.406 10.133 9.778 9.365 8.906 8.413 7.924 7.469 7.053 6.669 6.296 5.916 5.516 5.085 4.624 4.161 3.725 3.322 2.952 2.617 2.317 2.053 1.824 1.627 1.460 1.316 1.192 1.084 0.989
0.000 0.000 0.000 0.000 0.000 0.000 0.000 0.000 0.002 0.006 0.013 0.025 0.044 0.073 0.114 0.169 0.246 0.353 0.504 0.718 0.981 1.175 1.267 1.304 1.319 1.322 1.320 1.309 1.287 1.249 1.189 1.100 0.975 0.808 0.660 0.575 0.548 0.560 0.670 1.065 2.140 4.325 7.457 9.685 10.734 10.999 10.978 10.833 10.568 10.213 9.803 9.352 8.870 8.363 7.867 7.400 6.968 6.559 6.160 5.754 5.331 4.879 4.413 3.965 3.553 3.174 2.826 2.511 2.230 1.982 1.767 1.583 1.426 1.292 1.175 1.072 0.982
0.000 0.000 0.000 0.000 0.000 0.000 0.000 0.000 0.001 0.004 0.010 0.020 0.037 0.063 0.102 0.157 0.234 0.340 0.493 0.710 1.006 1.304 1.478 1.532 1.540 1.541 1.535 1.518 1.489 1.444 1.376 1.279 1.141 0.953 0.762 0.640 0.590 0.591 0.673 1.016 2.027 4.210 7.440 9.830 10.966 11.213 11.153 10.944 10.620 10.226 9.787 9.306 8.806 8.293 7.795 7.320 6.874 6.443 6.017 5.582 5.128 4.653 4.193 3.766 3.376 3.017 2.689 2.393 2.130 1.900 1.701 1.531 1.387 1.262 1.153 1.057 0.971
0.000 0.000 0.000 0.000 0.000 0.000 0.000 0.000 0.001 0.002 0.005 0.011 0.023 0.043 0.076 0.124 0.193 0.292 0.435 0.648 0.957 1.345 1.647 1.779 1.798 1.791 1.777 1.753 1.716 1.663 1.587 1.480 1.331 1.126 0.891 0.722 0.639 0.625 0.676 0.948 1.842 3.935 7.213 9.781 11.025 11.296 11.212 10.963 10.614 10.197 9.724 9.218 8.707 8.200 7.707 7.229 6.768 6.318 5.866 5.404 4.924 4.436 3.981 3.565 3.190 2.850 2.542 2.265 2.020 1.807 1.625 1.471 1.339 1.225 1.124 1.035 0.955
0.000 0.000 0.000 0.000 0.000 0.000 0.000 0.000 0.000 0.001 0.002 0.005 0.010 0.021 0.039 0.070 0.118 0.192 0.308 0.497 0.804 1.258 1.715 1.978 2.056 2.058 2.043 2.012 1.968 1.907 1.824 1.709 1.550 1.333 1.063 0.841 0.712 0.673 0.698 0.895 1.618 3.504 6.721 9.501 10.917 11.273 11.193 10.923 10.543 10.088 9.582 9.064 8.561 8.075 7.597 7.124 6.655 6.186 5.717 5.236 4.734 4.240 3.785 3.373 3.004 2.677 2.387 2.129 1.902 1.707 1.541 1.401 1.282 1.180 1.088 1.007 0.934
0.000 0.000 0.000 0.000 0.000 0.000 0.000 0.000 0.000 0.000 0.001 0.002 0.004 0.008 0.015 0.029 0.051 0.088 0.153 0.283 0.551 1.033 1.648 2.076 2.263 2.302 2.300 2.280 2.240 2.177 2.089 1.968 1.804 1.581 1.291 1.014 0.833 0.756 0.756 0.886 1.428 3.005 6.005 8.944 10.529 11.028 11.005 10.758 10.359 9.868 9.329 8.821 8.351 7.898 7.452 6.998 6.534 6.062 5.582 5.083 4.564 4.065 3.608 3.198 2.833 2.512 2.232 1.988 1.778 1.598 1.447 1.322 1.215 1.124 1.044 0.973 0.908
0.000 0.000 0.000 0.000 0.000 0.000 0.000 0.000 0.000 0.000 0.000 0.001 0.001 0.003 0.005 0.010 0.018 0.033 0.063 0.132 0.310 0.731 1.436 2.056 2.385 2.506 2.533 2.530 2.508 2.462 2.381 2.263 2.099 1.878 1.585 1.264 1.029 0.903 0.874 0.946 1.340 2.575 5.148 8.089 9.802 10.449 10.519 10.356 9.993 9.502 8.944 8.449 8.035 7.647 7.253 6.839 6.403 5.942 5.460 4.948 4.414 3.909 3.451 3.040 2.676 2.358 2.083 1.848 1.649 1.481 1.343 1.229 1.135 1.056 0.990 0.931 0.877
0.000 0.000 0.000 0.000 0.000 0.000 0.000 0.000 0.000 0.000 0.000 0.000 0.000 0.001 0.002 0.003 0.006 0.012 0.025 0.059 0.162 0.458 1.100 1.903 2.412 2.645 2.735 2.760 2.757 2.735 2.683 2.588 2.441 2.233 1.951 1.607 1.325 1.152 1.090 1.117 1.389 2.299 4.271 6.963 8.755 9.538 9.700 9.626 9.366 8.939 8.405 7.908 7.535 7.232 6.934 6.612 6.246 5.818 5.343 4.827 4.282 3.771 3.310 2.898 2.534 2.216 1.942 1.710 1.516 1.356 1.225 1.120 1.037 0.974 0.924 0.879 0.838
0.000 0.000 0.000 0.000 0.000 0.000 0.000 0.000 0.000 0.000 0.000 0.000 0.000 0.000 0.001 0.001 0.002 0.004 0.010 0.028 0.084 0.266 0.745 1.569 2.297 2.699 2.881 2.959 2.983 2.980 2.954 2.892 2.781 2.612 2.368 2.043 1.739 1.533 1.435 1.426 1.570 2.186 3.612 5.781 7.456 8.307 8.554 8.554 8.428 8.137 7.693 7.181 6.809 6.586 6.414 6.235 6.004 5.664 5.220 4.708 4.160 3.648 3.186 2.772 2.405 2.084 1.807 1.574 1.381 1.224 1.096 0.996 0.922 0.872 0.835 0.800 0.759
0.000 0.000 0.000 0.000 0.000 0.000 0.000 0.000 0.000 0.000 0.000 0.000 0.000 0.000 0.000 0.000 0.001 0.002 0.005 0.014 0.044 0.145 0.448 1.117 2.000 2.628 2.953 3.112 3.180 3.196 3.188 3.150 3.068 2.930 2.722 2.443 2.182 2.003 1.901 1.867 1.911 2.266 3.223 4.825 6.243 6.989 7.238 7.274 7.244 7.105 6.807 6.347 5.941 5.750 5.699 5.661 5.585 5.394 5.042 4.571 4.040 3.531 3.073 2.657 2.284 1.958 1.678 1.441 1.245 1.086 0.958 0.859 0.786 0.733 0.688 0.641 0.576
0.000 0.000 0.000 0.000 0.000 0.000 0.000 0.000 0.000 0.000 0.000 0.000 0.000 0.000 0.000 0.000 0.001 0.001 0.002 0.007 0.023 0.076 0.246 0.687 1.517 2.398 2.922 3.195 3.332 3.379 3.383 3.362 3.299 3.177 2.989 2.736 2.512 2.366 2.289 2.266 2.284 2.452 3.019 4.128 5.278 5.911 6.143 6.195 6.190 6.119 5.939 5.622 5.234 4.977 4.899 4.922 4.958 4.909 4.714 4.360 3.897 3.408 2.958 2.545 2.167 1.835 1.550 1.311 1.110 0.945 0.812 0.703 0.611 0.528 0.450 0.376 0.300
0.000 0.000 0.000 0.000 0.000 0.000 0.000 0.000 0.000 0.000 0.000 0.000 0.000 0.000 0.000 0.000 0.000 0.001 0.001 0.004 0.012 0.040 0.130 0.395 1.010 1.964 2.753 3.190 3.413 3.514 3.535 3.523 3.470 3.358 3.177 2.935 2.730 2.600 2.532 2.514 2.523 2.605 2.924 3.640 4.535 5.071 5.283 5.339 5.345 5.310 5.200 4.990 4.681 4.392 4.222 4.166 4.185 4.202 4.143 3.948 3.614 3.193 2.760 2.362 1.996 1.671 1.394 1.158 0.956 0.781 0.631 0.499 0.384 0.293 0.223 0.166 0.121
0.000 0.000 0.000 0.000 0.000 0.000 0.000 0.000 0.000 0.000 0.000 0.000 0.000 0.000 0.000 0.000 0.000 0.000 0.001 0.002 0.006 0.022 0.070 0.221 0.628 1.429 2.394 3.050 3.405 3.576 3.635 3.633 3.586 3.475 3.292 3.053 2.859 2.732 2.660 2.635 2.637 2.675 2.847 3.287 3.947 4.400 4.594 4.648 4.654 4.634 4.562 4.416 4.188 3.915 3.690 3.538 3.443 3.384 3.338 3.243 3.045 2.735 2.351 1.981 1.653 1.363 1.114 0.900 0.709 0.536 0.389 0.275 0.193 0.135 0.094 0.066 0.046
0.000 0.000 0.000 0.000 0.000 0.000 0.000 0.000 0.000 0.000 0.000 0.000 0.000 0.000 0.000 0.000 0.000 0.000 0.001 0.001 0.004 0.013 0.042 0.132 0.395 0.981 1.899 2.736 3.269 3.552 3.667 3.685 3.649 3.535 3.347 3.109 2.921 2.794 2.714 2.675 2.665 2.682 2.765 3.000 3.438 3.819 4.003 4.058 4.065 4.050 3.997 3.884 3.704 3.466 3.220 3.006 2.818 2.651 2.496 2.349 2.188 1.968 1.668 1.354 1.087 0.861 0.671 0.511 0.377 0.268 0.183 0.122 0.080 0.054 0.037 0.026 0.018
0.000 0.000 0.000 0.000 0.000 0.000 0.000 0.000 0.000 0.000 0.000 0.000 0.000 0.000 0.000 0.000 0.000 0.000 0.000 0.001 0.003 0.010 0.031 0.096 0.284 0.727 1.475 2.347 3.004 3.415 3.622 3.684 3.662 3.551 3.359 3.123 2.941 2.814 2.728 2.679 2.654 2.640 2.653 2.737 2.972 3.270 3.451 3.522 3.535 3.523 3.477 3.378 3.222 3.009 2.757 2.503 2.263 2.030 1.805 1.590 1.381 1.168 0.940 0.724 0.548 0.410 0.303 0.220 0.155 0.106 0.070 0.046 0.031 0.021 0.015 0.011 0.008
0.000 0.000 0.000 0.000 0.000 0.000 0.000 0.000 0.000 0.000 0.000 0.000 0.000 0.000 0.000 0.000 0.000 0.000 0.000 0.001 0.003 0.009 0.029 0.088 0.252 0.624 1.244 2.036 2.701 3.180 3.472 3.603 3.616 3.531 3.348 3.118 2.941 2.813 2.723 2.656 2.598 2.533 2.474 2.458 2.534 2.715 2.898 2.996 3.026 3.019 2.977 2.887 2.742 2.538 2.283 1.998 1.721 1.459 1.218 0.999 0.801 0.624 0.467 0.338 0.239 0.167 0.117 0.081 0.056 0.037 0.025 0.017 0.012 0.009 0.007 0.005 0.004
0.000 0.000 0.000 0.000 0.000 0.000 0.000 0.000 0.000 0.000 0.000 0.000 0.000 0.000 0.000 0.000 0.000 0.000 0.000 0.001 0.003 0.010 0.031 0.092 0.258 0.613 1.166 1.835 2.417 2.883 3.218 3.409 3.463 3.421 3.282 3.082 2.913 2.786 2.682 2.587 2.487 2.365 2.222 2.127 2.103 2.157 2.294 2.428 2.490 2.499 2.471 2.391 2.245 2.026 1.737 1.426 1.146 0.913 0.716 0.548 0.408 0.295 0.208 0.144 0.097 0.065 0.044 0.030 0.020 0.014 0.010 0.007 0.006 0.004 0.004 0.003 0.002
0.000 0.000 0.000 0.000 0.000 0.000 0.000 0.000 0.000 0.000 0.000 0.000 0.000 0.000 0.000 0.000 0.000 0.000 0.001 0.001 0.004 0.013 0.040 0.114 0.300 0.653 1.163 1.706 2.163 2.557 2.876 3.093 3.188 3.186 3.113 2.977 2.830 2.703 2.584 2.462 2.324 2.151 1.933 1.764 1.678 1.655 1.687 1.763 1.829 1.854 1.847 1.778 1.618 1.364 1.062 0.807 0.615 0.463 0.342 0.246 0.174 0.122 0.085 0.057 0.038 0.025 0.017 0.011 0.008 0.006 0.005 0.004 0.003 0.003 0.002 0.002 0.001
0.000 0.000 0.000 0.000 0.000 0.000 0.000 0.000 0.000 0.000 0.000 0.000 0.000 0.000 0.000 0.000 0.000 0.000 0.001 0.002 0.007 0.021 0.061 0.166 0.393 0.752 1.195 1.592 1.923 2.220 2.480 2.681 2.800 2.838 2.823 2.760 2.660 2.544 2.420 2.282 2.118 1.912 1.661 1.451 1.311 1.229 1.185 1.162 1.149 1.129 1.096 1.027 0.896 0.703 0.508 0.362 0.258 0.182 0.126 0.089 0.063 0.045 0.032 0.022 0.015 0.010 0.007 0.005 0.004 0.003 0.002 0.002 0.002 0.002 0.001 0.001 0.001
0.000 0.000 0.000 0.000 0.000 0.000 0.000 0.000 0.000 0.000 0.000 0.000 0.000 0.000 0.000 0.000 0.001 0.001 0.002 0.005 0.014 0.037 0.095 0.224 0.466 0.824 1.196 1.469 1.682 1.875 2.055 2.211 2.329 2.402 2.429 2.422 2.380 2.298 2.188 2.050 1.880 1.669 1.417 1.188 1.016 0.891 0.796 0.719 0.654 0.597 0.543 0.479 0.392 0.284 0.191 0.127 0.085 0.057 0.040 0.028 0.021 0.015 0.011 0.008 0.006 0.004 0.003 0.002 0.002 0.002 0.001 0.001 0.001 0.001 0.001 0.001 0.001
0.000 0.000 0.000 0.000 0.000 0.000 0.000 0.000 0.000 0.000 0.000 0.000 0.000 0.000 0.001 0.001 0.001 0.002 0.005 0.011 0.027 0.063 0.130 0.254 0.484 0.838 1.142 1.315 1.432 1.540 1.651 1.756 1.842 1.912 1.962 1.989 1.992 1.959 1.885 1.770 1.616 1.424 1.193 0.964 0.780 0.637 0.520 0.425 0.348 0.286 0.235 0.188 0.140 0.095 0.062 0.040 0.026 0.017 0.012 0.009 0.006 0.005 0.003 0.003 0.002 0.002 0.001 0.001 0.001 0.001 0.001 0.001 0.001 0.001 0.001 0.001 0.001
0.000 0.000 0.000 0.000 0.000 0.000 0.000 0.000 0.000 0.000 0.000 0.000 0.001 0.001 0.002 0.002 0.003 0.006 0.011 0.023 0.050 0.095 0.154 0.258 0.468 0.792 1.021 1.118 1.172 1.227 1.295 1.363 1.417 1.462 1.499 1.526 1.541 1.542 1.516 1.445 1.329 1.172 0.979 0.769 0.591 0.450 0.339 0.252 0.186 0.137 0.100 0.071 0.048 0.031 0.019 0.012 0.007 0.005 0.003 0.002 0.002 0.001 0.001 0.001 0.001 0.001 0.001 0.001 0.001 0.001 0.001 0.001 0.001 0.001 0.001 0.001 0.001
0.000 0.000 0.000 0.000 0.000 0.000 0.000 0.000 0.000 0.000 0.001 0.001 0.002 0.002 0.004 0.005 0.008 0.013 0.022 0.042 0.077 0.118 0.160 0.235 0.393 0.646 0.822 0.883 0.912 0.946 0.992 1.033 1.062 1.084 1.101 1.115 1.123 1.124 1.116 1.085 1.018 0.911 0.766 0.592 0.434 0.311 0.219 0.150 0.101 0.067 0.043 0.027 0.017 0.010 0.006 0.003 0.002 0.001 0.001 0.001 0.001 0.001 0.000 0.000 0.000 0.001 0.001 0.001 0.001 0.001 0.001 0.001 0.001 0.001 0.001 0.001 0.001
0.001 0.001 0.002 0.002 0.002 0.002 0.002 0.002 0.002 0.002 0.002 0.003 0.004 0.006 0.008 0.011 0.015 0.022 0.035 0.059 0.097 0.126 0.146 0.175 0.246 0.391 0.543 0.626 0.670 0.705 0.737 0.759 0.771 0.776 0.771 0.761 0.756 0.752 0.745 0.727 0.691 0.631 0.542 0.421 0.299 0.205 0.136 0.088 0.055 0.033 0.019 0.011 0.006 0.003 0.002 0.001 0.001 0.000 0.000 0.000 0.000 0.000 0.000 0.000 0.000 0.001 0.001 0.001 0.001 0.001 0.000 0.000 0.000 0.000 0.000 0.000 0.001
0.004 0.004 0.004 0.004 0.004 0.004 0.004 0.004 0.004 0.004 0.005 0.006 0.008 0.011 0.013 0.016 0.021 0.029 0.043 0.071 0.106 0.124 0.129 0.129 0.138 0.185 0.288 0.395 0.462 0.501 0.524 0.535 0.537 0.530 0.508 0.478 0.460 0.449 0.438 0.425 0.405 0.376 0.331 0.265 0.187 0.124 0.079 0.049 0.029 0.016 0.009 0.004 0.002 0.001 0.001 0.000 0.000 0.000 0.000 0.000 0.000 0.000 0.000 0.000 0.000 0.000 0.001 0.001 0.001 0.001 0.000 0.000 0.000 0.000 0.000 0.000 0.000
0.007 0.007 0.007 0.007 0.006 0.006 0.006 0.006 0.006 0.007 0.008 0.010 0.012 0.014 0.016 0.019 0.024 0.033 0.051 0.083 0.110 0.119 0.120 0.108 0.088 0.089 0.129 0.213 0.287 0.328 0.347 0.351 0.349 0.338 0.311 0.275 0.250 0.234 0.221 0.210 0.199 0.187 0.169 0.141 0.102 0.067 0.041 0.025 0.014 0.008 0.004 0.002 0.001 0.001 0.000 0.000 0.000 0.000 0.000 0.000 0.000 0.000 0.000 0.000 0.000 0.000 0.001 0.001 0.001 0.000 0.000 0.000 0.000 0.000 0.000 0.000 0.000
