RESULTS/r.avaflow_results/11_results/11_ascii/11_hflow0037.asc
ncols 506
nrows 317
xllcenter 498237.50
yllcenter 5580050.00
cellsize 12.50
NODATA_value -9999.000
[rows 170 to 203 of 317, columns 154 to 230 of 506]
9.830 9.597 9.373 9.130 8.867 8.592 8.320 8.062 7.828 7.619 7.427 7.242 7.044 6.785 6.399 5.853 5.165 4.382 3.580 2.833 2.164 1.593 1.142 0.821 0.615 0.493 0.430 0.406 0.405 0.421 0.460 0.498 0.520 0.534 0.545 0.560 0.586 0.614 0.628 0.630 0.625 0.614 0.602 0.588 0.568 0.537 0.489 0.427 0.365 0.305 0.251 0.206 0.172 0.147 0.132 0.125 0.123 0.125 0.129 0.135 0.140 0.143 0.144 0.145 0.146 0.149 0.157 0.180 0.232 0.330 0.431 0.481 0.492 0.474 0.416 0.313 0.214
12.857 12.977 12.988 12.910 12.781 12.575 12.295 11.970 11.643 11.336 11.048 10.771 10.492 10.163 9.700 9.034 8.161 7.118 5.977 4.848 3.797 2.860 2.078 1.485 1.081 0.826 0.677 0.604 0.582 0.586 0.604 0.614 0.612 0.605 0.599 0.601 0.611 0.625 0.630 0.627 0.614 0.593 0.569 0.544 0.512 0.463 0.389 0.301 0.223 0.169 0.135 0.112 0.098 0.089 0.086 0.085 0.087 0.092 0.098 0.103 0.105 0.105 0.105 0.105 0.105 0.107 0.114 0.131 0.170 0.244 0.353 0.436 0.471 0.478 0.461 0.411 0.320
16.081 16.597 16.798 16.774 16.654 16.433 16.121 15.766 15.405 15.055 14.716 14.393 14.073 13.722 13.260 12.576 11.616 10.409 9.025 7.575 6.151 4.805 3.608 2.628 1.896 1.390 1.063 0.871 0.768 0.711 0.677 0.654 0.634 0.615 0.602 0.596 0.597 0.599 0.595 0.579 0.547 0.505 0.463 0.419 0.368 0.301 0.223 0.157 0.115 0.090 0.074 0.065 0.060 0.058 0.058 0.060 0.064 0.071 0.076 0.079 0.080 0.080 0.079 0.079 0.079 0.080 0.085 0.098 0.124 0.175 0.265 0.374 0.445 0.472 0.476 0.460 0.412
18.387 19.244 19.667 19.758 19.688 19.521 19.273 18.986 18.676 18.343 17.993 17.641 17.294 16.928 16.475 15.821 14.900 13.720 12.340 10.812 9.180 7.508 5.859 4.395 3.206 2.302 1.659 1.232 0.962 0.796 0.702 0.651 0.618 0.591 0.567 0.549 0.535 0.521 0.500 0.462 0.401 0.335 0.280 0.234 0.191 0.148 0.108 0.080 0.062 0.051 0.045 0.041 0.040 0.040 0.041 0.044 0.048 0.055 0.059 0.061 0.062 0.062 0.061 0.061 0.061 0.063 0.067 0.076 0.094 0.126 0.186 0.288 0.399 0.458 0.476 0.475 0.455
19.612 20.710 21.387 21.719 21.839 21.841 21.758 21.620 21.426 21.163 20.825 20.438 20.048 19.654 19.199 18.573 17.697 16.566 15.219 13.712 12.074 10.304 8.383 6.423 4.701 3.312 2.272 1.558 1.107 0.840 0.695 0.615 0.560 0.517 0.477 0.441 0.409 0.374 0.335 0.282 0.222 0.175 0.141 0.116 0.094 0.073 0.056 0.045 0.037 0.033 0.030 0.029 0.029 0.029 0.030 0.033 0.037 0.042 0.046 0.048 0.049 0.049 0.049 0.049 0.050 0.052 0.055 0.062 0.073 0.095 0.133 0.204 0.322 0.422 0.464 0.473 0.466
19.922 21.135 22.024 22.639 23.052 23.311 23.445 23.464 23.388 23.214 22.904 22.472 22.031 21.614 21.164 20.582 19.784 18.742 17.450 15.930 14.213 12.307 10.182 7.839 5.692 3.943 2.629 1.733 1.176 0.850 0.660 0.540 0.454 0.383 0.323 0.276 0.242 0.213 0.184 0.150 0.116 0.092 0.074 0.061 0.050 0.041 0.033 0.028 0.025 0.023 0.022 0.022 0.022 0.022 0.023 0.025 0.028 0.032 0.036 0.038 0.039 0.040 0.040 0.041 0.043 0.045 0.048 0.053 0.061 0.075 0.100 0.148 0.236 0.352 0.429 0.456 0.459
19.763 21.035 22.040 22.822 23.453 23.939 24.246 24.373 24.366 24.258 23.978 23.506 23.028 22.618 22.188 21.651 20.934 19.992 18.779 17.267 15.474 13.427 11.118 8.528 6.126 4.186 2.745 1.777 1.182 0.821 0.591 0.433 0.317 0.236 0.182 0.150 0.130 0.115 0.099 0.081 0.064 0.052 0.043 0.036 0.030 0.026 0.022 0.020 0.018 0.018 0.017 0.017 0.017 0.018 0.018 0.020 0.022 0.025 0.028 0.030 0.031 0.033 0.034 0.036 0.038 0.040 0.043 0.047 0.053 0.063 0.081 0.112 0.169 0.266 0.363 0.417 0.437
19.156 20.539 21.711 22.669 23.435 24.010 24.366 24.521 24.533 24.449 24.184 23.696 23.202 22.808 22.396 21.880 21.201 20.319 19.174 17.696 15.873 13.741 11.329 8.635 6.157 4.167 2.701 1.725 1.116 0.733 0.480 0.309 0.201 0.137 0.101 0.082 0.072 0.064 0.055 0.046 0.039 0.033 0.028 0.024 0.020 0.018 0.016 0.015 0.014 0.014 0.013 0.013 0.013 0.014 0.014 0.015 0.017 0.019 0.021 0.023 0.025 0.027 0.029 0.031 0.033 0.036 0.039 0.042 0.047 0.055 0.068 0.090 0.128 0.191 0.277 0.353 0.397
18.127 19.643 20.986 22.132 23.045 23.689 24.057 24.198 24.197 24.107 23.849 23.381 22.876 22.457 22.023 21.492 20.827 19.991 18.902 17.463 15.646 13.480 10.987 8.246 5.794 3.843 2.426 1.496 0.920 0.557 0.326 0.190 0.118 0.079 0.059 0.048 0.042 0.038 0.033 0.029 0.025 0.022 0.019 0.017 0.015 0.013 0.012 0.011 0.011 0.010 0.010 0.010 0.010 0.010 0.011 0.012 0.013 0.014 0.016 0.018 0.020 0.022 0.025 0.027 0.029 0.032 0.035 0.038 0.043 0.050 0.060 0.076 0.102 0.143 0.203 0.274 0.336
16.785 18.401 19.854 21.111 22.115 22.813 23.199 23.320 23.278 23.139 22.871 22.476 21.993 21.476 20.917 20.303 19.615 18.802 17.762 16.358 14.529 12.297 9.718 7.076 4.816 3.063 1.824 1.037 0.578 0.318 0.178 0.105 0.067 0.047 0.036 0.031 0.027 0.024 0.022 0.020 0.018 0.016 0.014 0.012 0.011 0.010 0.009 0.008 0.008 0.007 0.007 0.007 0.007 0.007 0.008 0.008 0.009 0.010 0.012 0.014 0.016 0.018 0.020 0.023 0.025 0.028 0.031 0.035 0.039 0.045 0.054 0.067 0.087 0.116 0.156 0.210 0.268
15.171 16.802 18.283 19.586 20.654 21.425 21.863 21.984 21.903 21.698 21.428 21.136 20.705 20.060 19.294 18.535 17.765 16.903 15.801 14.304 12.341 9.949 7.370 5.030 3.179 1.850 0.995 0.514 0.270 0.149 0.088 0.057 0.040 0.030 0.025 0.021 0.019 0.017 0.016 0.014 0.013 0.012 0.010 0.009 0.008 0.007 0.006 0.006 0.005 0.005 0.005 0.005 0.005 0.005 0.005 0.006 0.006 0.007 0.008 0.010 0.012 0.014 0.016 0.019 0.021 0.024 0.028 0.031 0.036 0.042 0.050 0.061 0.077 0.100 0.130 0.169 0.215
13.286 14.839 16.310 17.668 18.854 19.766 20.320 20.494 20.416 20.201 19.938 19.664 19.216 18.464 17.528 16.603 15.680 14.622 13.237 11.396 9.038 6.507 4.297 2.665 1.555 0.846 0.430 0.216 0.116 0.069 0.046 0.033 0.026 0.021 0.018 0.016 0.015 0.013 0.012 0.011 0.010 0.009 0.008 0.007 0.006 0.005 0.004 0.004 0.003 0.003 0.003 0.003 0.003 0.003 0.003 0.004 0.004 0.005 0.006 0.007 0.009 0.011 0.013 0.015 0.018 0.021 0.024 0.028 0.033 0.039 0.047 0.057 0.072 0.092 0.116 0.146 0.181
11.220 12.630 14.075 15.512 16.845 17.930 18.636 18.917 18.887 18.697 18.403 18.013 17.417 16.559 15.534 14.461 13.312 11.894 9.992 7.608 5.220 3.303 1.956 1.108 0.607 0.322 0.166 0.090 0.054 0.037 0.028 0.022 0.019 0.016 0.014 0.013 0.012 0.010 0.009 0.008 0.007 0.006 0.005 0.004 0.004 0.003 0.002 0.002 0.002 0.002 0.001 0.001 0.001 0.001 0.002 0.002 0.002 0.003 0.004 0.005 0.006 0.008 0.010 0.012 0.015 0.018 0.021 0.025 0.030 0.036 0.044 0.055 0.070 0.088 0.109 0.133 0.161
9.221 10.405 11.707 13.122 14.513 15.685 16.495 16.879 16.908 16.729 16.311 15.667 14.822 13.824 12.722 11.504 10.062 8.191 5.971 3.897 2.351 1.304 0.690 0.371 0.207 0.116 0.067 0.042 0.030 0.023 0.019 0.016 0.014 0.013 0.012 0.011 0.009 0.008 0.007 0.006 0.005 0.004 0.003 0.003 0.002 0.002 0.001 0.001 0.001 0.000 0.000 0.000 0.000 0.000 0.001 0.001 0.001 0.002 0.002 0.003 0.004 0.006 0.007 0.009 0.012 0.015 0.018 0.023 0.028 0.034 0.043 0.054 0.068 0.086 0.105 0.127 0.150
7.288 8.185 9.197 10.326 11.474 12.472 13.207 13.594 13.647 13.466 12.932 12.052 10.906 9.673 8.455 7.167 5.710 4.099 2.608 1.490 0.780 0.395 0.211 0.122 0.075 0.048 0.033 0.025 0.020 0.017 0.015 0.013 0.012 0.011 0.010 0.009 0.008 0.007 0.006 0.005 0.004 0.003 0.002 0.001 0.001 0.001 0.000 0.000 0.000 0.000 0.000 0.000 0.000 0.000 0.000 0.000 0.000 0.001 0.001 0.002 0.003 0.004 0.005 0.007 0.010 0.012 0.016 0.020 0.026 0.032 0.041 0.053 0.067 0.084 0.103 0.123 0.145
5.368 5.841 6.345 6.885 7.447 7.981 8.414 8.658 8.692 8.540 8.041 7.163 6.052 4.996 4.078 3.218 2.336 1.471 0.816 0.416 0.212 0.118 0.073 0.049 0.035 0.026 0.021 0.017 0.015 0.013 0.012 0.011 0.010 0.009 0.008 0.007 0.006 0.005 0.004 0.003 0.002 0.002 0.001 0.001 0.000 0.000 0.000 0.000 0.000 0.000 0.000 0.000 0.000 0.000 0.000 0.000 0.000 0.000 0.000 0.001 0.002 0.003 0.004 0.006 0.008 0.010 0.014 0.018 0.024 0.030 0.040 0.051 0.065 0.082 0.101 0.122 0.144
3.546 3.635 3.718 3.801 3.891 3.995 4.091 4.137 4.122 4.028 3.746 3.239 2.552 1.924 1.444 1.047 0.687 0.397 0.212 0.115 0.069 0.046 0.034 0.026 0.021 0.018 0.015 0.013 0.012 0.011 0.010 0.009 0.008 0.007 0.007 0.006 0.005 0.004 0.004 0.003 0.002 0.001 0.000 0.000 0.000 0.000 0.000 0.000 0.000 0.000 0.000 0.000 0.000 0.000 0.000 0.000 0.000 0.000 0.000 0.000 0.001 0.002 0.003 0.004 0.006 0.008 0.012 0.016 0.021 0.028 0.037 0.049 0.063 0.079 0.099 0.120 0.145
1.994 1.876 1.779 1.701 1.637 1.586 1.553 1.523 1.490 1.434 1.310 1.096 0.807 0.567 0.406 0.284 0.185 0.112 0.067 0.044 0.032 0.025 0.021 0.018 0.015 0.013 0.012 0.011 0.010 0.009 0.008 0.007 0.007 0.006 0.006 0.005 0.005 0.004 0.003 0.002 0.001 0.001 0.000 0.000 0.000 0.000 0.000 0.000 0.000 0.000 0.000 0.000 0.000 0.000 0.000 0.000 0.000 0.000 0.000 0.000 0.000 0.001 0.002 0.003 0.004 0.006 0.009 0.013 0.019 0.025 0.034 0.045 0.058 0.075 0.095 0.119 0.147
0.895 0.783 0.708 0.652 0.603 0.557 0.520 0.490 0.464 0.436 0.392 0.325 0.235 0.165 0.120 0.087 0.061 0.043 0.032 0.025 0.020 0.017 0.015 0.013 0.012 0.011 0.010 0.009 0.008 0.007 0.007 0.007 0.006 0.006 0.005 0.005 0.004 0.004 0.003 0.002 0.001 0.000 0.000 0.000 0.000 0.000 0.000 0.000 0.000 0.000 0.000 0.000 0.000 0.000 0.000 0.000 0.000 0.000 0.000 0.000 0.000 0.000 0.001 0.002 0.003 0.005 0.007 0.011 0.015 0.022 0.029 0.040 0.052 0.069 0.090 0.117 0.149
0.349 0.301 0.270 0.246 0.224 0.201 0.180 0.164 0.151 0.139 0.124 0.105 0.080 0.060 0.047 0.037 0.030 0.024 0.020 0.017 0.015 0.013 0.012 0.011 0.010 0.009 0.008 0.007 0.007 0.007 0.006 0.006 0.006 0.006 0.005 0.005 0.005 0.004 0.003 0.003 0.001 0.001 0.000 0.000 0.000 0.000 0.000 0.000 0.000 0.000 0.000 0.000 0.000 0.000 0.000 0.000 0.000 0.000 0.000 0.000 0.000 0.000 0.000 0.001 0.002 0.003 0.005 0.008 0.012 0.017 0.024 0.033 0.045 0.061 0.082 0.111 0.146
0.137 0.120 0.108 0.098 0.089 0.080 0.071 0.064 0.058 0.054 0.049 0.044 0.037 0.031 0.026 0.022 0.019 0.017 0.015 0.013 0.012 0.010 0.009 0.009 0.008 0.007 0.007 0.007 0.007 0.007 0.007 0.007 0.007 0.007 0.006 0.006 0.006 0.005 0.005 0.003 0.002 0.001 0.000 0.000 0.000 0.000 0.000 0.000 0.000 0.000 0.000 0.000 0.000 0.000 0.000 0.000 0.000 0.000 0.000 0.000 0.000 0.000 0.000 0.000 0.001 0.002 0.004 0.006 0.009 0.013 0.018 0.025 0.035 0.048 0.068 0.096 0.132
0.060 0.053 0.049 0.045 0.042 0.038 0.034 0.031 0.029 0.028 0.026 0.025 0.023 0.020 0.018 0.016 0.014 0.013 0.011 0.010 0.009 0.008 0.008 0.007 0.007 0.007 0.007 0.007 0.007 0.008 0.008 0.009 0.009 0.009 0.009 0.009 0.008 0.008 0.007 0.005 0.003 0.001 0.000 0.000 0.000 0.000 0.000 0.000 0.000 0.000 0.000 0.000 0.000 0.000 0.000 0.000 0.000 0.000 0.000 0.000 0.000 0.000 0.000 0.000 0.000 0.001 0.002 0.004 0.006 0.009 0.013 0.018 0.025 0.034 0.049 0.071 0.102
0.030 0.028 0.026 0.025 0.024 0.022 0.021 0.019 0.019 0.018 0.018 0.017 0.016 0.015 0.014 0.013 0.011 0.010 0.009 0.008 0.008 0.007 0.007 0.007 0.007 0.008 0.008 0.009 0.010 0.011 0.012 0.013 0.014 0.014 0.014 0.014 0.013 0.012 0.010 0.006 0.003 0.002 0.000 0.000 0.000 0.000 0.000 0.000 0.000 0.000 0.000 0.000 0.000 0.000 0.000 0.000 0.000 0.000 0.000 0.000 0.000 0.000 0.000 0.000 0.000 0.001 0.001 0.003 0.004 0.007 0.009 0.013 0.018 0.024 0.033 0.046 0.066
0.018 0.017 0.017 0.016 0.016 0.015 0.014 0.014 0.014 0.014 0.013 0.013 0.013 0.012 0.011 0.010 0.009 0.008 0.008 0.007 0.007 0.007 0.007 0.008 0.009 0.010 0.012 0.014 0.016 0.019 0.021 0.023 0.024 0.024 0.024 0.023 0.020 0.016 0.011 0.007 0.004 0.002 0.000 0.000 0.000 0.000 0.000 0.000 0.000 0.000 0.000 0.000 0.000 0.000 0.000 0.000 0.000 0.000 0.000 0.000 0.000 0.000 0.000 0.000 0.000 0.000 0.001 0.002 0.003 0.004 0.007 0.009 0.012 0.017 0.022 0.030 0.041
0.013 0.012 0.012 0.012 0.012 0.011 0.011 0.011 0.011 0.011 0.011 0.010 0.010 0.010 0.009 0.008 0.008 0.007 0.007 0.007 0.007 0.008 0.009 0.011 0.014 0.017 0.022 0.027 0.032 0.036 0.039 0.042 0.043 0.041 0.037 0.031 0.024 0.018 0.012 0.007 0.004 0.002 0.000 0.000 0.000 0.000 0.000 0.000 0.000 0.000 0.000 0.000 0.000 0.000 0.000 0.000 0.000 0.000 0.000 0.000 0.000 0.000 0.000 0.000 0.000 0.000 0.000 0.001 0.002 0.003 0.004 0.006 0.009 0.012 0.015 0.020 0.027
0.009 0.009 0.009 0.009 0.009 0.009 0.009 0.009 0.009 0.009 0.009 0.009 0.008 0.008 0.008 0.007 0.007 0.006 0.007 0.007 0.009 0.011 0.014 0.019 0.026 0.035 0.045 0.055 0.062 0.067 0.069 0.068 0.063 0.054 0.045 0.035 0.026 0.018 0.012 0.007 0.004 0.002 0.000 0.000 0.000 0.000 0.000 0.000 0.000 0.000 0.000 0.000 0.000 0.000 0.000 0.000 0.000 0.000 0.000 0.000 0.000 0.000 0.000 0.000 0.000 0.000 0.000 0.000 0.001 0.002 0.003 0.004 0.006 0.008 0.011 0.014 0.018
0.007 0.007 0.007 0.007 0.007 0.007 0.007 0.007 0.007 0.007 0.007 0.007 0.007 0.007 0.006 0.006 0.006 0.007 0.008 0.010 0.014 0.019 0.028 0.040 0.055 0.072 0.087 0.098 0.102 0.101 0.095 0.085 0.072 0.059 0.047 0.035 0.026 0.018 0.011 0.007 0.004 0.002 0.000 0.000 0.000 0.000 0.000 0.000 0.000 0.000 0.000 0.000 0.000 0.000 0.000 0.000 0.000 0.000 0.000 0.000 0.000 0.000 0.000 0.000 0.000 0.000 0.000 0.000 0.000 0.001 0.002 0.003 0.004 0.006 0.008 0.010 0.013
0.006 0.006 0.006 0.006 0.006 0.006 0.006 0.006 0.006 0.006 0.006 0.006 0.006 0.006 0.006 0.006 0.007 0.009 0.012 0.017 0.026 0.039 0.057 0.080 0.101 0.118 0.127 0.130 0.127 0.120 0.107 0.090 0.074 0.059 0.046 0.035 0.025 0.017 0.011 0.006 0.003 0.002 0.000 0.000 0.000 0.000 0.000 0.000 0.000 0.000 0.000 0.000 0.000 0.000 0.000 0.000 0.000 0.000 0.000 0.000 0.000 0.000 0.000 0.000 0.000 0.000 0.000 0.000 0.000 0.000 0.001 0.001 0.002 0.004 0.005 0.007 0.009
0.005 0.005 0.005 0.005 0.005 0.005 0.005 0.005 0.005 0.005 0.005 0.006 0.006 0.006 0.006 0.007 0.010 0.014 0.021 0.033 0.051 0.075 0.100 0.121 0.136 0.144 0.147 0.145 0.138 0.127 0.110 0.091 0.073 0.058 0.045 0.034 0.024 0.016 0.010 0.006 0.003 0.001 0.000 0.000 0.000 0.000 0.000 0.000 0.000 0.000 0.000 0.000 0.000 0.000 0.000 0.000 0.000 0.000 0.000 0.000 0.000 0.000 0.000 0.000 0.000 0.000 0.000 0.000 0.000 0.000 0.000 0.001 0.001 0.002 0.003 0.005 0.006
0.004 0.004 0.004 0.004 0.004 0.004 0.005 0.005 0.005 0.005 0.005 0.006 0.006 0.007 0.008 0.010 0.015 0.024 0.037 0.058 0.084 0.109 0.128 0.143 0.151 0.154 0.153 0.150 0.142 0.129 0.111 0.090 0.072 0.057 0.044 0.032 0.023 0.015 0.010 0.006 0.003 0.001 0.000 0.000 0.000 0.000 0.000 0.000 0.000 0.000 0.000 0.000 0.000 0.000 0.000 0.000 0.000 0.000 0.000 0.000 0.000 0.000 0.000 0.000 0.000 0.000 0.000 0.000 0.000 0.000 0.000 0.000 0.000 0.001 0.002 0.003 0.004
0.003 0.003 0.003 0.004 0.004 0.004 0.004 0.004 0.005 0.005 0.006 0.006 0.007 0.008 0.010 0.015 0.022 0.035 0.054 0.079 0.105 0.125 0.139 0.149 0.154 0.155 0.155 0.151 0.143 0.130 0.111 0.088 0.069 0.053 0.040 0.029 0.021 0.014 0.009 0.005 0.002 0.001 0.000 0.000 0.000 0.000 0.000 0.000 0.000 0.000 0.000 0.000 0.000 0.000 0.000 0.000 0.000 0.000 0.000 0.000 0.000 0.000 0.000 0.000 0.000 0.000 0.000 0.000 0.000 0.000 0.000 0.000 0.000 0.000 0.001 0.002 0.002
0.002 0.002 0.003 0.003 0.003 0.004 0.004 0.005 0.005 0.006 0.007 0.007 0.008 0.010 0.012 0.017 0.027 0.042 0.063 0.090 0.113 0.129 0.141 0.149 0.153 0.154 0.154 0.149 0.141 0.126 0.105 0.081 0.061 0.045 0.033 0.024 0.017 0.011 0.007 0.004 0.002 0.001 0.000 0.000 0.000 0.000 0.000 0.000 0.000 0.000 0.000 0.000 0.000 0.000 0.000 0.000 0.000 0.000 0.000 0.000 0.000 0.000 0.000 0.000 0.000 0.000 0.000 0.000 0.000 0.000 0.000 0.000 0.000 0.000 0.000 0.001 0.001
0.002 0.002 0.002 0.003 0.003 0.004 0.005 0.005 0.006 0.007 0.008 0.008 0.009 0.010 0.013 0.018 0.028 0.044 0.066 0.091 0.113 0.128 0.138 0.144 0.146 0.145 0.142 0.135 0.124 0.108 0.088 0.065 0.047 0.033 0.023 0.016 0.011 0.007 0.005 0.003 0.001 0.000 0.000 0.000 0.000 0.000 0.000 0.000 0.000 0.000 0.000 0.000 0.000 0.000 0.000 0.000 0.000 0.000 0.000 0.000 0.000 0.000 0.000 0.000 0.000 0.000 0.000 0.000 0.000 0.000 0.000 0.000 0.000 0.000 0.000 0.000 0.000
0.001 0.002 0.002 0.003 0.004 0.005 0.005 0.006 0.007 0.008 0.008 0.009 0.009 0.010 0.013 0.018 0.028 0.043 0.065 0.088 0.106 0.118 0.124 0.125 0.123 0.116 0.107 0.096 0.084 0.070 0.054 0.039 0.027 0.018 0.012 0.008 0.006 0.004 0.002 0.001 0.001 0.000 0.000 0.000 0.000 0.000 0.000 0.000 0.000 0.000 0.000 0.000 0.000 0.000 0.000 0.000 0.000 0.000 0.000 0.000 0.000 0.000 0.000 0.000 0.000 0.000 0.000 0.000 0.000 0.000 0.000 0.000 0.000 0.000 0.000 0.000 0.000
