RESULTS/r.avaflow_results/11_results/11_ascii/11_hflow30053.asc
ncols 506
nrows 317
xllcenter 498237.50
yllcenter 5580050.00
cellsize 12.50
NODATA_value -9999.000
[rows 170 to 203 of 317, columns 154 to 230 of 506]
8.717 8.570 8.427 8.263 8.070 7.860 7.657 7.468 7.295 7.139 6.995 6.853 6.695 6.472 6.114 5.587 4.911 4.140 3.356 2.631 1.979 1.425 0.994 0.693 0.505 0.397 0.343 0.323 0.323 0.339 0.376 0.416 0.442 0.459 0.474 0.492 0.519 0.543 0.551 0.549 0.536 0.517 0.497 0.477 0.453 0.419 0.370 0.315 0.267 0.223 0.183 0.151 0.128 0.112 0.103 0.100 0.100 0.103 0.109 0.114 0.118 0.121 0.122 0.122 0.122 0.124 0.130 0.149 0.194 0.280 0.366 0.407 0.414 0.394 0.336 0.246 0.167
11.565 11.769 11.869 11.881 11.836 11.715 11.520 11.279 11.024 10.777 10.542 10.314 10.079 9.793 9.366 8.725 7.867 6.834 5.706 4.593 3.554 2.627 1.861 1.289 0.910 0.677 0.545 0.484 0.467 0.478 0.502 0.522 0.530 0.529 0.528 0.531 0.542 0.552 0.554 0.546 0.526 0.497 0.469 0.441 0.407 0.358 0.288 0.216 0.159 0.122 0.099 0.084 0.075 0.070 0.069 0.070 0.073 0.079 0.085 0.089 0.091 0.091 0.090 0.089 0.089 0.090 0.095 0.110 0.142 0.208 0.302 0.371 0.399 0.402 0.385 0.337 0.259
14.769 15.380 15.674 15.737 15.695 15.552 15.311 15.021 14.719 14.421 14.129 13.851 13.574 13.266 12.842 12.187 11.247 10.053 8.688 7.261 5.854 4.517 3.326 2.359 1.652 1.176 0.875 0.704 0.620 0.583 0.566 0.558 0.550 0.541 0.531 0.526 0.527 0.528 0.521 0.500 0.461 0.416 0.374 0.333 0.286 0.225 0.161 0.112 0.083 0.067 0.057 0.051 0.048 0.047 0.048 0.050 0.056 0.063 0.068 0.070 0.071 0.070 0.069 0.068 0.067 0.068 0.072 0.082 0.105 0.148 0.226 0.319 0.378 0.400 0.402 0.387 0.343
17.104 18.067 18.579 18.746 18.744 18.642 18.453 18.221 17.960 17.675 17.368 17.058 16.755 16.433 16.019 15.391 14.482 13.309 11.941 10.433 8.827 7.170 5.524 4.063 2.891 2.018 1.413 1.025 0.792 0.658 0.587 0.554 0.535 0.517 0.498 0.481 0.467 0.453 0.431 0.387 0.323 0.264 0.217 0.179 0.145 0.109 0.079 0.059 0.047 0.040 0.036 0.034 0.033 0.034 0.035 0.038 0.043 0.050 0.054 0.056 0.056 0.055 0.054 0.053 0.053 0.054 0.057 0.064 0.079 0.106 0.155 0.243 0.339 0.389 0.404 0.402 0.382
18.346 19.552 20.318 20.722 20.910 20.980 20.961 20.880 20.737 20.522 20.226 19.879 19.536 19.188 18.772 18.170 17.303 16.174 14.836 13.351 11.742 10.000 8.101 6.144 4.419 3.040 2.026 1.348 0.935 0.700 0.580 0.519 0.479 0.445 0.411 0.378 0.347 0.316 0.278 0.228 0.174 0.135 0.108 0.089 0.071 0.055 0.043 0.035 0.030 0.027 0.025 0.025 0.025 0.025 0.027 0.029 0.034 0.040 0.043 0.045 0.045 0.045 0.044 0.044 0.044 0.046 0.048 0.053 0.062 0.079 0.109 0.167 0.267 0.355 0.392 0.399 0.391
18.648 19.967 20.946 21.639 22.129 22.467 22.681 22.770 22.753 22.633 22.364 21.966 21.574 21.206 20.797 20.242 19.461 18.428 17.145 15.640 13.944 12.067 9.976 7.638 5.463 3.702 2.396 1.527 1.005 0.711 0.548 0.448 0.378 0.319 0.268 0.229 0.200 0.176 0.151 0.120 0.091 0.071 0.058 0.047 0.039 0.032 0.027 0.023 0.021 0.020 0.020 0.020 0.020 0.020 0.022 0.024 0.027 0.031 0.035 0.037 0.037 0.038 0.038 0.038 0.039 0.041 0.043 0.046 0.052 0.063 0.082 0.119 0.189 0.287 0.356 0.381 0.383
18.470 19.845 20.941 21.805 22.520 23.097 23.492 23.699 23.760 23.709 23.471 23.027 22.599 22.244 21.862 21.359 20.669 19.749 18.553 17.051 15.269 13.243 10.962 8.379 5.929 3.962 2.519 1.575 1.015 0.688 0.487 0.353 0.258 0.192 0.148 0.123 0.107 0.095 0.081 0.065 0.051 0.041 0.034 0.029 0.024 0.021 0.019 0.017 0.016 0.016 0.016 0.016 0.016 0.017 0.018 0.019 0.022 0.025 0.028 0.030 0.032 0.033 0.034 0.035 0.036 0.038 0.040 0.042 0.047 0.054 0.067 0.090 0.133 0.207 0.289 0.338 0.357
17.827 19.311 20.581 21.630 22.489 23.154 23.596 23.831 23.915 23.890 23.671 23.208 22.765 22.432 22.075 21.598 20.950 20.099 18.978 17.512 15.695 13.577 11.188 8.498 5.967 3.946 2.479 1.528 0.958 0.613 0.394 0.251 0.162 0.111 0.082 0.067 0.059 0.053 0.046 0.038 0.031 0.027 0.023 0.020 0.017 0.015 0.014 0.013 0.013 0.013 0.013 0.013 0.013 0.014 0.014 0.016 0.017 0.020 0.023 0.025 0.028 0.029 0.031 0.032 0.034 0.035 0.037 0.040 0.043 0.049 0.058 0.073 0.100 0.145 0.209 0.272 0.313
16.769 18.385 19.828 21.071 22.078 22.808 23.252 23.467 23.533 23.502 23.289 22.851 22.396 22.039 21.660 21.171 20.541 19.740 18.682 17.262 15.454 13.302 10.835 8.086 5.590 3.617 2.208 1.313 0.782 0.462 0.265 0.153 0.094 0.064 0.048 0.040 0.035 0.031 0.028 0.024 0.021 0.018 0.016 0.014 0.013 0.011 0.011 0.010 0.010 0.010 0.010 0.010 0.010 0.011 0.011 0.012 0.014 0.016 0.018 0.021 0.024 0.026 0.028 0.030 0.032 0.034 0.036 0.038 0.041 0.045 0.052 0.063 0.081 0.109 0.150 0.201 0.249
15.425 17.137 18.681 20.025 21.111 21.885 22.340 22.524 22.538 22.443 22.218 21.874 21.448 20.979 20.462 19.890 19.243 18.471 17.471 16.096 14.284 12.070 9.516 6.858 4.575 2.825 1.616 0.879 0.473 0.255 0.141 0.083 0.054 0.038 0.030 0.026 0.023 0.021 0.019 0.017 0.015 0.014 0.012 0.011 0.010 0.009 0.008 0.008 0.008 0.008 0.008 0.008 0.008 0.008 0.009 0.010 0.011 0.013 0.015 0.017 0.020 0.023 0.026 0.028 0.030 0.032 0.034 0.036 0.039 0.043 0.048 0.057 0.070 0.089 0.117 0.152 0.192
13.825 15.541 17.097 18.468 19.605 20.448 20.956 21.132 21.091 20.909 20.693 20.486 20.127 19.511 18.764 18.050 17.328 16.511 15.449 13.980 12.035 9.656 7.085 4.742 2.911 1.626 0.834 0.414 0.212 0.116 0.069 0.045 0.032 0.025 0.021 0.018 0.017 0.015 0.014 0.013 0.012 0.011 0.010 0.008 0.007 0.007 0.006 0.006 0.005 0.005 0.005 0.005 0.006 0.006 0.006 0.007 0.009 0.010 0.012 0.014 0.017 0.020 0.023 0.025 0.028 0.030 0.033 0.035 0.037 0.041 0.046 0.053 0.064 0.079 0.099 0.125 0.155
11.957 13.572 15.107 16.527 17.783 18.778 19.414 19.658 19.637 19.472 19.272 19.068 18.673 17.940 17.018 16.149 15.282 14.266 12.905 11.071 8.705 6.175 3.997 2.415 1.361 0.709 0.344 0.167 0.089 0.054 0.037 0.027 0.021 0.018 0.016 0.014 0.013 0.012 0.011 0.010 0.009 0.009 0.008 0.007 0.006 0.005 0.004 0.004 0.003 0.003 0.003 0.003 0.004 0.004 0.004 0.005 0.006 0.008 0.010 0.012 0.014 0.017 0.020 0.023 0.026 0.028 0.031 0.033 0.036 0.039 0.044 0.052 0.062 0.075 0.092 0.111 0.133
9.913 11.363 12.865 14.367 15.788 16.975 17.786 18.154 18.189 18.061 17.828 17.495 16.941 16.107 15.117 14.111 13.027 11.644 9.744 7.332 4.925 3.032 1.734 0.946 0.500 0.256 0.129 0.069 0.042 0.029 0.023 0.018 0.016 0.014 0.012 0.011 0.011 0.010 0.009 0.009 0.008 0.007 0.006 0.005 0.004 0.003 0.003 0.002 0.002 0.002 0.002 0.002 0.002 0.002 0.003 0.004 0.005 0.006 0.008 0.009 0.011 0.014 0.017 0.020 0.023 0.026 0.029 0.032 0.035 0.039 0.044 0.052 0.062 0.074 0.089 0.104 0.122
7.975 9.188 10.530 12.003 13.491 14.777 15.703 16.184 16.282 16.161 15.788 15.176 14.363 13.409 12.373 11.230 9.856 8.011 5.751 3.646 2.122 1.123 0.566 0.295 0.161 0.089 0.052 0.033 0.024 0.019 0.016 0.014 0.012 0.011 0.010 0.010 0.009 0.008 0.008 0.007 0.006 0.006 0.005 0.004 0.003 0.002 0.002 0.001 0.001 0.001 0.001 0.001 0.001 0.001 0.002 0.002 0.003 0.004 0.006 0.007 0.009 0.012 0.014 0.017 0.020 0.024 0.027 0.030 0.034 0.038 0.044 0.052 0.062 0.075 0.088 0.102 0.116
6.121 7.040 8.084 9.255 10.485 11.584 12.427 12.909 13.035 12.910 12.416 11.548 10.415 9.241 8.102 6.885 5.474 3.876 2.390 1.305 0.646 0.310 0.161 0.093 0.057 0.037 0.026 0.020 0.016 0.014 0.012 0.011 0.010 0.009 0.009 0.008 0.008 0.007 0.007 0.006 0.005 0.005 0.004 0.003 0.002 0.001 0.001 0.000 0.000 0.000 0.000 0.000 0.000 0.000 0.001 0.001 0.002 0.003 0.004 0.006 0.007 0.010 0.012 0.015 0.018 0.021 0.025 0.029 0.033 0.038 0.045 0.053 0.063 0.075 0.088 0.102 0.115
4.298 4.790 5.327 5.904 6.520 7.127 7.646 7.971 8.072 7.977 7.526 6.674 5.584 4.589 3.739 2.944 2.115 1.291 0.681 0.327 0.160 0.088 0.055 0.038 0.027 0.021 0.017 0.014 0.012 0.011 0.010 0.009 0.008 0.008 0.007 0.007 0.006 0.006 0.005 0.005 0.004 0.004 0.003 0.002 0.002 0.001 0.000 0.000 0.000 0.000 0.000 0.000 0.000 0.000 0.000 0.000 0.001 0.002 0.003 0.004 0.006 0.008 0.010 0.013 0.016 0.019 0.023 0.028 0.032 0.038 0.045 0.053 0.064 0.076 0.089 0.102 0.116
2.626 2.756 2.898 3.044 3.192 3.351 3.505 3.603 3.631 3.580 3.348 2.879 2.226 1.653 1.228 0.883 0.566 0.313 0.160 0.085 0.051 0.035 0.027 0.021 0.017 0.014 0.012 0.011 0.010 0.009 0.008 0.007 0.007 0.007 0.006 0.006 0.005 0.005 0.004 0.004 0.003 0.003 0.002 0.002 0.001 0.001 0.000 0.000 0.000 0.000 0.000 0.000 0.000 0.000 0.000 0.000 0.000 0.001 0.002 0.003 0.004 0.006 0.008 0.011 0.014 0.017 0.021 0.026 0.031 0.037 0.044 0.053 0.063 0.075 0.089 0.104 0.120
1.347 1.309 1.291 1.276 1.257 1.242 1.240 1.234 1.221 1.186 1.089 0.905 0.648 0.446 0.316 0.219 0.140 0.083 0.050 0.034 0.025 0.020 0.017 0.015 0.013 0.011 0.010 0.009 0.008 0.007 0.007 0.006 0.006 0.005 0.005 0.005 0.004 0.004 0.004 0.003 0.003 0.003 0.002 0.002 0.001 0.001 0.000 0.000 0.000 0.000 0.000 0.000 0.000 0.000 0.000 0.000 0.000 0.000 0.001 0.002 0.003 0.004 0.006 0.009 0.012 0.015 0.020 0.024 0.030 0.036 0.043 0.052 0.062 0.074 0.088 0.106 0.127
0.568 0.514 0.483 0.461 0.437 0.412 0.391 0.373 0.356 0.337 0.305 0.250 0.176 0.123 0.089 0.065 0.046 0.033 0.025 0.020 0.017 0.014 0.013 0.011 0.010 0.009 0.008 0.007 0.006 0.006 0.005 0.005 0.005 0.004 0.004 0.004 0.004 0.003 0.003 0.003 0.003 0.002 0.002 0.001 0.001 0.001 0.000 0.000 0.000 0.000 0.000 0.000 0.000 0.000 0.000 0.000 0.000 0.000 0.000 0.001 0.002 0.003 0.005 0.007 0.010 0.013 0.017 0.022 0.028 0.034 0.041 0.048 0.058 0.070 0.086 0.106 0.130
0.210 0.188 0.176 0.166 0.156 0.143 0.130 0.120 0.112 0.104 0.094 0.079 0.059 0.045 0.036 0.029 0.024 0.020 0.017 0.014 0.013 0.011 0.010 0.009 0.008 0.007 0.006 0.006 0.005 0.005 0.004 0.004 0.004 0.003 0.003 0.003 0.003 0.003 0.003 0.003 0.002 0.002 0.002 0.001 0.001 0.001 0.000 0.000 0.000 0.000 0.000 0.000 0.000 0.000 0.000 0.000 0.000 0.000 0.000 0.000 0.001 0.002 0.003 0.005 0.008 0.011 0.014 0.019 0.024 0.030 0.036 0.043 0.052 0.064 0.080 0.103 0.129
0.080 0.072 0.069 0.066 0.062 0.057 0.052 0.047 0.044 0.041 0.038 0.034 0.029 0.025 0.021 0.018 0.016 0.014 0.012 0.011 0.010 0.009 0.008 0.007 0.006 0.006 0.005 0.005 0.004 0.004 0.004 0.003 0.003 0.003 0.003 0.003 0.003 0.003 0.002 0.002 0.002 0.002 0.002 0.002 0.001 0.001 0.000 0.000 0.000 0.000 0.000 0.000 0.000 0.000 0.000 0.000 0.000 0.000 0.000 0.000 0.000 0.001 0.002 0.004 0.005 0.008 0.011 0.015 0.019 0.024 0.029 0.035 0.042 0.053 0.068 0.089 0.116
0.035 0.033 0.032 0.031 0.030 0.028 0.026 0.025 0.023 0.022 0.021 0.020 0.019 0.017 0.015 0.014 0.012 0.011 0.010 0.009 0.008 0.007 0.006 0.006 0.005 0.005 0.004 0.004 0.004 0.003 0.003 0.003 0.003 0.003 0.003 0.002 0.002 0.002 0.002 0.003 0.002 0.002 0.002 0.002 0.001 0.001 0.000 0.000 0.000 0.000 0.000 0.000 0.000 0.000 0.000 0.000 0.000 0.000 0.000 0.000 0.000 0.000 0.001 0.002 0.004 0.006 0.008 0.011 0.014 0.018 0.022 0.026 0.031 0.038 0.048 0.065 0.089
0.019 0.018 0.018 0.018 0.018 0.018 0.017 0.016 0.016 0.015 0.015 0.015 0.014 0.013 0.012 0.011 0.010 0.009 0.008 0.007 0.006 0.006 0.005 0.005 0.004 0.004 0.004 0.004 0.003 0.003 0.003 0.003 0.003 0.003 0.003 0.003 0.003 0.003 0.003 0.004 0.003 0.003 0.002 0.002 0.001 0.001 0.000 0.000 0.000 0.000 0.000 0.000 0.000 0.000 0.000 0.000 0.000 0.000 0.000 0.000 0.000 0.000 0.001 0.001 0.002 0.004 0.006 0.008 0.010 0.013 0.016 0.019 0.022 0.026 0.033 0.042 0.057
0.012 0.013 0.013 0.013 0.013 0.013 0.012 0.012 0.012 0.012 0.012 0.011 0.011 0.011 0.010 0.009 0.008 0.007 0.006 0.006 0.005 0.005 0.004 0.004 0.004 0.004 0.004 0.004 0.004 0.004 0.004 0.004 0.004 0.004 0.004 0.004 0.005 0.005 0.005 0.004 0.004 0.003 0.002 0.002 0.001 0.001 0.000 0.000 0.000 0.000 0.000 0.000 0.000 0.000 0.000 0.000 0.000 0.000 0.000 0.000 0.000 0.000 0.000 0.001 0.001 0.002 0.004 0.005 0.007 0.009 0.011 0.014 0.016 0.019 0.023 0.028 0.036
0.009 0.009 0.010 0.010 0.010 0.010 0.010 0.010 0.009 0.009 0.009 0.009 0.009 0.009 0.008 0.008 0.007 0.006 0.005 0.005 0.004 0.004 0.004 0.004 0.004 0.004 0.004 0.004 0.004 0.005 0.005 0.005 0.006 0.006 0.006 0.006 0.006 0.006 0.005 0.005 0.004 0.003 0.002 0.002 0.001 0.000 0.000 0.000 0.000 0.000 0.000 0.000 0.000 0.000 0.000 0.000 0.000 0.000 0.000 0.000 0.000 0.000 0.000 0.000 0.001 0.001 0.002 0.003 0.005 0.006 0.008 0.010 0.012 0.014 0.017 0.020 0.025
0.007 0.007 0.008 0.008 0.008 0.008 0.008 0.008 0.008 0.008 0.008 0.008 0.008 0.007 0.007 0.006 0.006 0.005 0.004 0.004 0.004 0.004 0.004 0.004 0.004 0.005 0.005 0.006 0.007 0.007 0.008 0.008 0.008 0.008 0.008 0.008 0.007 0.006 0.005 0.005 0.004 0.003 0.002 0.001 0.001 0.000 0.000 0.000 0.000 0.000 0.000 0.000 0.000 0.000 0.000 0.000 0.000 0.000 0.000 0.000 0.000 0.000 0.000 0.000 0.000 0.000 0.001 0.002 0.003 0.004 0.006 0.007 0.009 0.010 0.012 0.015 0.018
0.006 0.006 0.006 0.006 0.007 0.007 0.007 0.007 0.007 0.007 0.007 0.007 0.006 0.006 0.006 0.005 0.005 0.004 0.004 0.004 0.004 0.004 0.004 0.005 0.006 0.007 0.008 0.009 0.010 0.010 0.010 0.010 0.010 0.009 0.009 0.008 0.007 0.006 0.005 0.004 0.003 0.002 0.002 0.001 0.001 0.000 0.000 0.000 0.000 0.000 0.000 0.000 0.000 0.000 0.000 0.000 0.000 0.000 0.000 0.000 0.000 0.000 0.000 0.000 0.000 0.000 0.000 0.001 0.002 0.002 0.004 0.005 0.006 0.007 0.009 0.011 0.013
0.005 0.005 0.005 0.005 0.006 0.006 0.006 0.006 0.006 0.006 0.006 0.006 0.005 0.005 0.005 0.004 0.004 0.004 0.004 0.004 0.004 0.004 0.005 0.007 0.008 0.010 0.011 0.012 0.012 0.012 0.011 0.011 0.010 0.009 0.009 0.008 0.007 0.006 0.005 0.004 0.003 0.002 0.001 0.001 0.001 0.000 0.000 0.000 0.000 0.000 0.000 0.000 0.000 0.000 0.000 0.000 0.000 0.000 0.000 0.000 0.000 0.000 0.000 0.000 0.000 0.000 0.000 0.000 0.001 0.001 0.002 0.003 0.004 0.005 0.006 0.008 0.010
0.004 0.004 0.004 0.004 0.005 0.005 0.005 0.005 0.005 0.005 0.005 0.005 0.004 0.004 0.004 0.004 0.004 0.004 0.004 0.004 0.005 0.006 0.007 0.009 0.011 0.012 0.012 0.012 0.012 0.012 0.011 0.011 0.010 0.009 0.008 0.008 0.007 0.005 0.004 0.003 0.002 0.001 0.001 0.001 0.000 0.000 0.000 0.000 0.000 0.000 0.000 0.000 0.000 0.000 0.000 0.000 0.000 0.000 0.000 0.000 0.000 0.000 0.000 0.000 0.000 0.000 0.000 0.000 0.000 0.000 0.001 0.002 0.002 0.003 0.004 0.006 0.007
0.003 0.003 0.003 0.003 0.004 0.004 0.004 0.004 0.004 0.004 0.004 0.004 0.004 0.004 0.003 0.003 0.003 0.003 0.004 0.005 0.006 0.007 0.009 0.010 0.012 0.012 0.013 0.013 0.012 0.012 0.011 0.010 0.009 0.008 0.008 0.007 0.006 0.004 0.003 0.002 0.001 0.001 0.001 0.000 0.000 0.000 0.000 0.000 0.000 0.000 0.000 0.000 0.000 0.000 0.000 0.000 0.000 0.000 0.000 0.000 0.000 0.000 0.000 0.000 0.000 0.000 0.000 0.000 0.000 0.000 0.000 0.001 0.001 0.002 0.003 0.004 0.005
0.002 0.002 0.002 0.003 0.003 0.003 0.003 0.003 0.003 0.003 0.003 0.003 0.003 0.003 0.003 0.003 0.003 0.003 0.004 0.005 0.006 0.008 0.009 0.011 0.012 0.012 0.012 0.012 0.012 0.012 0.011 0.010 0.008 0.007 0.006 0.005 0.004 0.003 0.002 0.001 0.001 0.001 0.000 0.000 0.000 0.000 0.000 0.000 0.000 0.000 0.000 0.000 0.000 0.000 0.000 0.000 0.000 0.000 0.000 0.000 0.000 0.000 0.000 0.000 0.000 0.000 0.000 0.000 0.000 0.000 0.000 0.000 0.000 0.001 0.001 0.002 0.003
0.001 0.001 0.002 0.002 0.002 0.002 0.002 0.002 0.002 0.003 0.003 0.003 0.003 0.002 0.002 0.002 0.003 0.003 0.004 0.005 0.007 0.008 0.009 0.010 0.011 0.012 0.012 0.012 0.011 0.011 0.010 0.008 0.006 0.005 0.004 0.003 0.002 0.001 0.001 0.001 0.001 0.000 0.000 0.000 0.000 0.000 0.000 0.000 0.000 0.000 0.000 0.000 0.000 0.000 0.000 0.000 0.000 0.000 0.000 0.000 0.000 0.000 0.000 0.000 0.000 0.000 0.000 0.000 0.000 0.000 0.000 0.000 0.000 0.000 0.001 0.001 0.002
0.001 0.001 0.001 0.001 0.001 0.002 0.002 0.002 0.002 0.002 0.002 0.002 0.002 0.002 0.002 0.002 0.003 0.003 0.004 0.005 0.007 0.008 0.009 0.009 0.010 0.010 0.010 0.009 0.009 0.008 0.007 0.005 0.004 0.003 0.002 0.001 0.001 0.001 0.001 0.000 0.000 0.000 0.000 0.000 0.000 0.000 0.000 0.000 0.000 0.000 0.000 0.000 0.000 0.000 0.000 0.000 0.000 0.000 0.000 0.000 0.000 0.000 0.000 0.000 0.000 0.000 0.000 0.000 0.000 0.000 0.000 0.000 0.000 0.000 0.000 0.000 0.001
0.000 0.000 0.000 0.001 0.001 0.001 0.001 0.001 0.001 0.001 0.002 0.002 0.002 0.002 0.002 0.002 0.002 0.003 0.004 0.005 0.006 0.007 0.007 0.007 0.007 0.007 0.006 0.005 0.005 0.004 0.004 0.003 0.002 0.001 0.001 0.001 0.001 0.001 0.000 0.000 0.000 0.000 0.000 0.000 0.000 0.000 0.000 0.000 0.000 0.000 0.000 0.000 0.000 0.000 0.000 0.000 0.000 0.000 0.000 0.000 0.000 0.000 0.000 0.000 0.000 0.000 0.000 0.000 0.000 0.000 0.000 0.000 0.000 0.000 0.000 0.000 0.000
