RESULTS/r.avaflow_results/11_results/11_ascii/11_hflow0023.asc
ncols 506
nrows 317
xllcenter 498237.50
yllcenter 5580050.00
cellsize 12.50
NODATA_value -9999.000
[rows 170 to 203 of 317, columns 77 to 153 of 506]
0.000 0.000 0.000 0.000 0.000 0.000 0.000 0.000 0.000 0.000 0.000 0.000 0.000 0.001 0.001 0.002 0.004 0.005 0.007 0.009 0.013 0.019 0.031 0.056 0.095 0.148 0.195 0.235 0.271 0.302 0.324 0.337 0.342 0.342 0.341 0.343 0.353 0.366 0.371 0.369 0.356 0.338 0.336 0.379 0.517 0.761 1.080 1.435 1.835 2.335 3.021 4.013 5.155 6.075 6.640 6.967 7.210 7.546 8.062 8.774 9.708 10.814 11.936 12.723 13.160 13.411 13.551 13.577 13.439 13.160 12.809 12.320 11.719 11.176 10.768 10.449 10.211
0.000 0.000 0.000 0.000 0.000 0.000 0.000 0.000 0.000 0.000 0.000 0.000 0.001 0.002 0.004 0.007 0.010 0.014 0.018 0.023 0.031 0.044 0.068 0.106 0.161 0.223 0.275 0.321 0.362 0.396 0.420 0.433 0.438 0.438 0.438 0.444 0.462 0.487 0.500 0.502 0.498 0.501 0.552 0.727 1.073 1.558 2.097 2.661 3.295 4.079 5.022 5.999 6.793 7.316 7.603 7.763 7.900 8.146 8.580 9.215 10.069 11.093 12.123 12.826 13.226 13.457 13.558 13.525 13.385 13.176 12.935 12.685 12.484 12.437 12.525 12.685 12.939
0.000 0.000 0.000 0.000 0.000 0.000 0.000 0.000 0.000 0.000 0.000 0.001 0.002 0.005 0.009 0.014 0.020 0.027 0.036 0.047 0.063 0.087 0.125 0.179 0.245 0.312 0.370 0.423 0.470 0.507 0.532 0.547 0.552 0.552 0.554 0.563 0.588 0.625 0.655 0.679 0.709 0.787 0.997 1.427 2.079 2.827 3.562 4.329 5.189 6.061 6.842 7.459 7.863 8.079 8.167 8.210 8.286 8.478 8.837 9.394 10.167 11.132 12.112 12.776 13.152 13.354 13.430 13.447 13.427 13.389 13.405 13.510 13.711 13.984 14.342 14.879 15.687
0.000 0.000 0.000 0.000 0.000 0.000 0.000 0.000 0.000 0.000 0.001 0.002 0.005 0.009 0.016 0.024 0.034 0.047 0.062 0.082 0.109 0.147 0.200 0.267 0.342 0.416 0.483 0.544 0.597 0.638 0.666 0.681 0.686 0.687 0.688 0.698 0.728 0.778 0.841 0.918 1.045 1.313 1.822 2.623 3.611 4.552 5.400 6.199 6.955 7.609 8.111 8.417 8.551 8.566 8.512 8.472 8.506 8.660 8.972 9.468 10.164 11.057 11.961 12.564 12.915 13.124 13.283 13.447 13.637 13.868 14.110 14.369 14.669 15.041 15.570 16.400 17.639
0.000 0.000 0.000 0.000 0.000 0.000 0.000 0.000 0.000 0.000 0.001 0.004 0.008 0.015 0.024 0.036 0.052 0.072 0.096 0.126 0.166 0.218 0.285 0.364 0.452 0.539 0.619 0.690 0.749 0.793 0.823 0.838 0.842 0.840 0.839 0.847 0.878 0.945 1.059 1.239 1.562 2.165 3.133 4.385 5.575 6.497 7.200 7.785 8.286 8.672 8.907 8.995 8.962 8.847 8.711 8.615 8.615 8.737 9.002 9.430 10.029 10.800 11.596 12.153 12.545 12.873 13.186 13.509 13.842 14.163 14.457 14.756 15.100 15.564 16.257 17.291 18.727
0.000 0.000 0.000 0.000 0.000 0.000 0.000 0.000 0.000 0.000 0.002 0.005 0.011 0.019 0.031 0.048 0.070 0.099 0.135 0.177 0.230 0.297 0.378 0.472 0.578 0.685 0.780 0.862 0.928 0.975 1.004 1.017 1.019 1.011 0.998 0.999 1.024 1.097 1.261 1.582 2.207 3.290 4.830 6.337 7.433 8.180 8.661 8.987 9.228 9.371 9.386 9.310 9.164 8.986 8.811 8.669 8.620 8.695 8.902 9.251 9.740 10.353 11.011 11.573 12.094 12.600 13.070 13.487 13.857 14.185 14.481 14.792 15.157 15.677 16.469 17.588 19.036
0.000 0.000 0.000 0.000 0.000 0.000 0.000 0.000 0.000 0.000 0.002 0.005 0.012 0.021 0.035 0.056 0.084 0.121 0.169 0.229 0.299 0.382 0.482 0.597 0.728 0.858 0.971 1.065 1.137 1.185 1.211 1.219 1.216 1.197 1.157 1.143 1.158 1.229 1.414 1.820 2.673 4.178 6.223 7.861 8.906 9.500 9.768 9.864 9.876 9.808 9.653 9.453 9.242 9.032 8.836 8.664 8.548 8.551 8.685 8.941 9.307 9.759 10.271 10.857 11.538 12.189 12.745 13.195 13.563 13.867 14.143 14.445 14.818 15.386 16.254 17.424 18.866
0.000 0.000 0.000 0.000 0.000 0.000 0.000 0.000 0.000 0.000 0.002 0.005 0.012 0.022 0.037 0.059 0.091 0.135 0.195 0.273 0.368 0.477 0.601 0.745 0.908 1.064 1.196 1.301 1.375 1.421 1.440 1.443 1.431 1.393 1.319 1.281 1.283 1.343 1.528 1.967 2.940 4.733 7.176 8.974 10.004 10.448 10.545 10.483 10.304 10.047 9.770 9.499 9.245 9.012 8.798 8.598 8.421 8.335 8.369 8.519 8.754 9.057 9.439 10.001 10.763 11.456 12.000 12.415 12.732 12.982 13.215 13.482 13.845 14.451 15.400 16.660 18.152
0.000 0.000 0.000 0.000 0.000 0.000 0.000 0.000 0.000 0.000 0.002 0.005 0.012 0.022 0.038 0.060 0.093 0.141 0.209 0.305 0.428 0.574 0.737 0.922 1.124 1.307 1.457 1.569 1.642 1.679 1.690 1.687 1.664 1.600 1.486 1.412 1.400 1.441 1.615 2.061 3.070 5.008 7.739 9.713 10.732 11.053 11.047 10.869 10.531 10.139 9.797 9.491 9.210 8.952 8.711 8.478 8.258 8.096 8.024 8.041 8.118 8.253 8.487 8.959 9.667 10.298 10.764 11.095 11.324 11.499 11.673 11.897 12.271 12.944 13.993 15.365 16.958
0.000 0.000 0.000 0.000 0.000 0.000 0.000 0.000 0.000 0.000 0.001 0.005 0.011 0.021 0.037 0.059 0.092 0.141 0.213 0.321 0.470 0.660 0.881 1.124 1.360 1.565 1.728 1.844 1.914 1.946 1.952 1.944 1.908 1.818 1.662 1.545 1.511 1.535 1.689 2.124 3.122 5.088 7.973 10.118 11.142 11.384 11.320 11.047 10.603 10.150 9.780 9.454 9.154 8.874 8.610 8.351 8.098 7.880 7.718 7.604 7.520 7.467 7.504 7.763 8.262 8.743 9.085 9.313 9.465 9.602 9.779 10.059 10.543 11.331 12.446 13.860 15.511
0.000 0.000 0.000 0.000 0.000 0.000 0.000 0.000 0.000 0.000 0.001 0.004 0.009 0.018 0.032 0.053 0.086 0.134 0.207 0.319 0.486 0.717 1.005 1.302 1.565 1.789 1.967 2.091 2.164 2.196 2.201 2.191 2.148 2.043 1.854 1.685 1.622 1.633 1.764 2.175 3.137 5.075 7.987 10.247 11.321 11.531 11.421 11.082 10.597 10.127 9.740 9.400 9.088 8.793 8.510 8.228 7.944 7.676 7.432 7.201 6.968 6.745 6.618 6.674 6.918 7.208 7.432 7.609 7.769 7.954 8.187 8.531 9.085 9.909 11.002 12.351 13.933
0.000 0.000 0.000 0.000 0.000 0.000 0.000 0.000 0.000 0.000 0.001 0.002 0.005 0.011 0.022 0.039 0.066 0.108 0.176 0.288 0.467 0.730 1.088 1.446 1.737 1.980 2.172 2.309 2.392 2.429 2.436 2.426 2.382 2.274 2.071 1.847 1.746 1.741 1.850 2.232 3.141 4.981 7.843 10.192 11.338 11.556 11.418 11.049 10.546 10.063 9.662 9.315 8.997 8.691 8.391 8.089 7.775 7.456 7.140 6.807 6.447 6.084 5.835 5.738 5.794 5.939 6.081 6.224 6.389 6.595 6.858 7.231 7.784 8.556 9.558 10.786 12.214
0.000 0.000 0.000 0.000 0.000 0.000 0.000 0.000 0.000 0.000 0.000 0.001 0.002 0.005 0.010 0.019 0.035 0.062 0.113 0.210 0.391 0.689 1.115 1.548 1.876 2.140 2.348 2.501 2.600 2.648 2.660 2.654 2.616 2.516 2.323 2.061 1.911 1.884 1.968 2.320 3.158 4.823 7.513 9.920 11.172 11.461 11.327 10.937 10.417 9.924 9.521 9.174 8.851 8.538 8.231 7.913 7.573 7.207 6.821 6.400 5.931 5.468 5.131 4.930 4.860 4.898 4.978 5.091 5.242 5.437 5.695 6.056 6.561 7.229 8.078 9.127 10.356
0.000 0.000 0.000 0.000 0.000 0.000 0.000 0.000 0.000 0.000 0.000 0.000 0.001 0.002 0.003 0.007 0.013 0.025 0.050 0.111 0.263 0.575 1.067 1.595 1.978 2.271 2.501 2.672 2.789 2.854 2.879 2.879 2.854 2.776 2.614 2.355 2.158 2.098 2.151 2.456 3.210 4.655 7.034 9.388 10.694 11.084 11.013 10.677 10.178 9.679 9.275 8.931 8.615 8.308 8.003 7.678 7.316 6.911 6.461 5.963 5.402 4.880 4.484 4.218 4.073 4.037 4.068 4.147 4.271 4.437 4.658 4.965 5.384 5.931 6.635 7.522 8.585
0.000 0.000 0.000 0.000 0.000 0.000 0.000 0.000 0.000 0.000 0.000 0.000 0.000 0.000 0.001 0.002 0.004 0.008 0.019 0.050 0.148 0.418 0.932 1.568 2.033 2.371 2.634 2.830 2.967 3.053 3.094 3.106 3.098 3.056 2.948 2.746 2.532 2.437 2.453 2.684 3.317 4.506 6.437 8.569 9.873 10.370 10.397 10.189 9.783 9.314 8.901 8.551 8.255 7.973 7.681 7.356 6.988 6.558 6.059 5.490 4.862 4.310 3.887 3.593 3.415 3.337 3.320 3.352 3.436 3.565 3.733 3.956 4.267 4.695 5.269 6.009 6.905
0.000 0.000 0.000 0.000 0.000 0.000 0.000 0.000 0.000 0.000 0.000 0.000 0.000 0.000 0.000 0.001 0.001 0.003 0.008 0.023 0.080 0.272 0.731 1.436 2.027 2.433 2.745 2.978 3.141 3.247 3.306 3.332 3.338 3.325 3.278 3.173 3.024 2.940 2.935 3.086 3.547 4.442 5.852 7.537 8.731 9.327 9.471 9.400 9.153 8.783 8.374 7.990 7.689 7.443 7.196 6.913 6.569 6.136 5.610 4.990 4.326 3.772 3.352 3.055 2.866 2.765 2.713 2.700 2.731 2.803 2.910 3.050 3.254 3.563 4.002 4.572 5.244
0.000 0.000 0.000 0.000 0.000 0.000 0.000 0.000 0.000 0.000 0.000 0.000 0.000 0.000 0.000 0.000 0.000 0.001 0.003 0.012 0.044 0.164 0.515 1.178 1.926 2.450 2.828 3.116 3.315 3.441 3.515 3.551 3.565 3.565 3.549 3.498 3.429 3.401 3.414 3.533 3.853 4.466 5.446 6.628 7.512 8.059 8.286 8.323 8.242 8.029 7.680 7.255 6.883 6.643 6.464 6.272 6.016 5.631 5.107 4.466 3.805 3.274 2.871 2.581 2.389 2.276 2.202 2.158 2.144 2.156 2.194 2.259 2.370 2.557 2.844 3.212 3.562
0.000 0.000 0.000 0.000 0.000 0.000 0.000 0.000 0.000 0.000 0.000 0.000 0.000 0.000 0.000 0.000 0.000 0.001 0.002 0.006 0.024 0.093 0.321 0.856 1.671 2.378 2.866 3.231 3.486 3.640 3.725 3.764 3.777 3.779 3.760 3.715 3.678 3.672 3.691 3.786 4.017 4.455 5.156 5.952 6.522 6.886 7.057 7.106 7.105 7.027 6.791 6.376 5.895 5.602 5.470 5.380 5.248 4.983 4.530 3.921 3.297 2.805 2.431 2.154 1.960 1.836 1.750 1.688 1.643 1.609 1.588 1.586 1.608 1.671 1.794 1.950 2.033
0.000 0.000 0.000 0.000 0.000 0.000 0.000 0.000 0.000 0.000 0.000 0.000 0.000 0.000 0.000 0.000 0.000 0.000 0.001 0.003 0.013 0.050 0.181 0.548 1.272 2.164 2.831 3.305 3.645 3.844 3.937 3.971 3.978 3.964 3.913 3.842 3.801 3.794 3.807 3.879 4.057 4.389 4.879 5.377 5.714 5.910 6.003 6.028 6.019 5.956 5.786 5.472 5.023 4.640 4.426 4.321 4.247 4.117 3.821 3.340 2.789 2.349 2.014 1.754 1.560 1.427 1.332 1.260 1.196 1.134 1.076 1.025 0.976 0.943 0.939 0.942 0.910
0.000 0.000 0.000 0.000 0.000 0.000 0.000 0.000 0.000 0.000 0.000 0.000 0.000 0.000 0.000 0.000 0.000 0.000 0.001 0.002 0.007 0.026 0.094 0.315 0.855 1.766 2.678 3.312 3.754 4.024 4.139 4.168 4.162 4.114 4.013 3.903 3.842 3.825 3.831 3.887 4.019 4.247 4.553 4.820 4.991 5.077 5.108 5.112 5.093 5.030 4.895 4.660 4.317 3.923 3.618 3.418 3.265 3.120 2.934 2.640 2.235 1.863 1.571 1.339 1.158 1.027 0.929 0.854 0.785 0.718 0.652 0.584 0.511 0.450 0.407 0.372 0.339
0.000 0.000 0.000 0.000 0.000 0.000 0.000 0.000 0.000 0.000 0.000 0.000 0.000 0.000 0.000 0.000 0.000 0.000 0.000 0.001 0.003 0.012 0.046 0.162 0.505 1.253 2.307 3.189 3.776 4.138 4.306 4.335 4.313 4.222 4.063 3.921 3.842 3.810 3.806 3.830 3.898 4.014 4.153 4.251 4.309 4.332 4.330 4.320 4.293 4.234 4.123 3.944 3.687 3.357 3.022 2.741 2.507 2.294 2.079 1.839 1.557 1.280 1.047 0.862 0.720 0.619 0.546 0.489 0.438 0.389 0.339 0.283 0.227 0.185 0.159 0.140 0.125
0.000 0.000 0.000 0.000 0.000 0.000 0.000 0.000 0.000 0.000 0.000 0.000 0.000 0.000 0.000 0.000 0.000 0.000 0.000 0.001 0.002 0.006 0.021 0.076 0.260 0.747 1.688 2.824 3.652 4.145 4.384 4.443 4.407 4.277 4.075 3.910 3.804 3.735 3.694 3.667 3.657 3.664 3.670 3.664 3.660 3.652 3.642 3.625 3.595 3.546 3.455 3.312 3.108 2.844 2.534 2.223 1.940 1.683 1.438 1.200 0.968 0.760 0.590 0.461 0.370 0.310 0.268 0.234 0.204 0.176 0.148 0.119 0.092 0.075 0.065 0.058 0.053
0.000 0.000 0.000 0.000 0.000 0.000 0.000 0.000 0.000 0.000 0.000 0.000 0.000 0.000 0.000 0.000 0.000 0.000 0.000 0.000 0.001 0.003 0.011 0.038 0.128 0.399 1.047 2.179 3.300 3.994 4.349 4.458 4.430 4.285 4.056 3.850 3.694 3.571 3.466 3.370 3.278 3.191 3.116 3.069 3.047 3.036 3.026 3.011 2.987 2.947 2.872 2.752 2.579 2.354 2.082 1.783 1.493 1.225 0.978 0.753 0.561 0.407 0.291 0.211 0.160 0.131 0.111 0.095 0.082 0.071 0.061 0.050 0.041 0.035 0.031 0.029 0.027
0.000 0.000 0.000 0.000 0.000 0.000 0.000 0.000 0.000 0.000 0.000 0.000 0.000 0.000 0.000 0.000 0.000 0.000 0.000 0.000 0.001 0.003 0.010 0.029 0.081 0.226 0.627 1.501 2.713 3.630 4.138 4.342 4.352 4.222 3.975 3.711 3.494 3.301 3.117 2.938 2.768 2.624 2.535 2.498 2.483 2.478 2.474 2.466 2.452 2.421 2.357 2.252 2.098 1.893 1.645 1.368 1.100 0.852 0.631 0.445 0.300 0.197 0.130 0.089 0.065 0.053 0.045 0.039 0.035 0.031 0.028 0.024 0.021 0.020 0.018 0.017 0.016
0.000 0.000 0.000 0.000 0.000 0.000 0.000 0.000 0.000 0.000 0.000 0.000 0.000 0.000 0.000 0.000 0.000 0.000 0.000 0.001 0.001 0.004 0.013 0.034 0.081 0.179 0.413 0.993 2.028 3.074 3.718 4.019 4.075 3.987 3.762 3.471 3.189 2.923 2.663 2.426 2.236 2.100 2.019 1.984 1.976 1.976 1.980 1.979 1.972 1.948 1.894 1.799 1.656 1.461 1.220 0.963 0.731 0.529 0.361 0.232 0.143 0.087 0.055 0.037 0.028 0.023 0.020 0.018 0.017 0.016 0.015 0.014 0.013 0.012 0.012 0.012 0.011
0.000 0.000 0.000 0.000 0.000 0.000 0.000 0.000 0.000 0.000 0.000 0.000 0.000 0.000 0.000 0.000 0.000 0.000 0.000 0.001 0.003 0.009 0.025 0.060 0.120 0.205 0.338 0.668 1.371 2.352 3.089 3.456 3.550 3.508 3.346 3.088 2.780 2.464 2.190 1.970 1.796 1.667 1.583 1.539 1.526 1.528 1.535 1.537 1.533 1.513 1.465 1.378 1.245 1.057 0.821 0.599 0.419 0.277 0.171 0.100 0.058 0.035 0.022 0.016 0.012 0.011 0.010 0.010 0.010 0.009 0.009 0.009 0.009 0.008 0.008 0.008 0.008
0.000 0.000 0.000 0.000 0.000 0.000 0.000 0.000 0.000 0.000 0.000 0.000 0.000 0.000 0.000 0.000 0.000 0.000 0.001 0.002 0.007 0.021 0.055 0.125 0.198 0.254 0.316 0.470 0.869 1.582 2.272 2.648 2.772 2.775 2.702 2.534 2.281 2.001 1.776 1.592 1.440 1.317 1.226 1.168 1.139 1.130 1.130 1.127 1.117 1.095 1.050 0.973 0.856 0.689 0.489 0.324 0.202 0.118 0.066 0.036 0.021 0.013 0.009 0.007 0.006 0.006 0.006 0.006 0.006 0.006 0.006 0.006 0.006 0.006 0.006 0.006 0.006
0.000 0.000 0.000 0.000 0.000 0.000 0.000 0.000 0.000 0.000 0.000 0.000 0.000 0.000 0.000 0.000 0.000 0.001 0.002 0.005 0.015 0.044 0.112 0.195 0.243 0.268 0.293 0.349 0.541 0.980 1.532 1.849 1.969 1.992 1.973 1.899 1.763 1.586 1.421 1.277 1.150 1.037 0.943 0.870 0.822 0.793 0.773 0.754 0.732 0.701 0.657 0.594 0.503 0.379 0.247 0.148 0.083 0.044 0.023 0.013 0.007 0.005 0.003 0.003 0.003 0.003 0.003 0.004 0.004 0.004 0.004 0.004 0.004 0.004 0.004 0.004 0.005
0.000 0.000 0.000 0.000 0.000 0.000 0.000 0.000 0.000 0.000 0.000 0.000 0.000 0.000 0.000 0.001 0.001 0.002 0.004 0.011 0.031 0.084 0.168 0.227 0.250 0.258 0.254 0.259 0.340 0.599 1.006 1.260 1.367 1.398 1.399 1.376 1.316 1.222 1.113 1.008 0.907 0.812 0.721 0.640 0.576 0.529 0.492 0.457 0.424 0.388 0.349 0.301 0.241 0.167 0.101 0.057 0.030 0.015 0.008 0.004 0.002 0.002 0.001 0.001 0.001 0.002 0.002 0.002 0.002 0.003 0.003 0.003 0.003 0.003 0.003 0.003 0.003
0.000 0.000 0.000 0.000 0.000 0.000 0.000 0.000 0.000 0.000 0.000 0.000 0.000 0.001 0.001 0.001 0.003 0.005 0.010 0.023 0.058 0.129 0.199 0.231 0.241 0.230 0.190 0.173 0.214 0.377 0.655 0.843 0.928 0.960 0.968 0.965 0.945 0.902 0.840 0.769 0.696 0.621 0.544 0.465 0.394 0.337 0.290 0.251 0.216 0.185 0.154 0.123 0.090 0.058 0.034 0.019 0.010 0.005 0.003 0.001 0.001 0.001 0.001 0.001 0.001 0.001 0.001 0.001 0.002 0.002 0.002 0.002 0.002 0.002 0.002 0.002 0.002
0.000 0.000 0.000 0.000 0.000 0.000 0.000 0.000 0.000 0.000 0.000 0.000 0.001 0.002 0.002 0.004 0.006 0.011 0.021 0.042 0.089 0.160 0.206 0.222 0.219 0.181 0.120 0.105 0.133 0.237 0.421 0.551 0.613 0.637 0.644 0.645 0.638 0.620 0.589 0.549 0.502 0.451 0.394 0.327 0.260 0.205 0.162 0.128 0.101 0.079 0.060 0.044 0.029 0.018 0.011 0.006 0.003 0.002 0.001 0.001 0.001 0.001 0.000 0.000 0.000 0.000 0.001 0.001 0.001 0.001 0.001 0.001 0.001 0.001 0.001 0.001 0.002
0.000 0.000 0.000 0.000 0.000 0.000 0.000 0.000 0.000 0.000 0.001 0.002 0.002 0.004 0.006 0.009 0.013 0.021 0.036 0.063 0.115 0.172 0.199 0.203 0.187 0.129 0.072 0.061 0.077 0.143 0.260 0.348 0.388 0.401 0.402 0.398 0.392 0.382 0.367 0.346 0.321 0.293 0.259 0.214 0.163 0.120 0.088 0.064 0.046 0.033 0.023 0.015 0.009 0.006 0.003 0.002 0.001 0.001 0.000 0.000 0.000 0.000 0.000 0.001 0.000 0.000 0.001 0.001 0.001 0.001 0.001 0.000 0.001 0.001 0.001 0.001 0.001
0.000 0.001 0.001 0.001 0.001 0.001 0.001 0.001 0.002 0.002 0.003 0.004 0.006 0.008 0.012 0.015 0.021 0.030 0.047 0.081 0.134 0.172 0.184 0.180 0.152 0.086 0.042 0.033 0.041 0.078 0.149 0.204 0.228 0.234 0.231 0.224 0.214 0.205 0.195 0.185 0.174 0.162 0.146 0.124 0.093 0.066 0.045 0.031 0.021 0.014 0.008 0.005 0.003 0.002 0.001 0.001 0.000 0.000 0.000 0.000 0.000 0.000 0.000 0.000 0.000 0.000 0.001 0.001 0.001 0.001 0.000 0.001 0.000 0.000 0.000 0.000 0.000
0.002 0.002 0.003 0.003 0.003 0.003 0.003 0.004 0.004 0.005 0.006 0.008 0.010 0.013 0.016 0.020 0.025 0.036 0.058 0.099 0.145 0.167 0.170 0.159 0.116 0.055 0.025 0.017 0.019 0.036 0.074 0.107 0.120 0.123 0.120 0.112 0.101 0.093 0.086 0.080 0.075 0.072 0.068 0.060 0.047 0.033 0.022 0.014 0.009 0.005 0.003 0.002 0.001 0.001 0.001 0.000 0.000 0.000 0.000 0.000 0.000 0.000 0.000 0.000 0.000 0.000 0.001 0.001 0.001 0.000 0.000 0.000 0.000 0.000 0.000 0.000 0.000
