RESULTS/r.avaflow_results/11_results/11_ascii/11_hflow0028.asc
ncols 506
nrows 317
xllcenter 498237.50
yllcenter 5580050.00
cellsize 12.50
NODATA_value -9999.000
[rows 204 to 237 of 317, columns 77 to 153 of 506]
0.007 0.007 0.007 0.007 0.007 0.007 0.007 0.007 0.008 0.009 0.010 0.012 0.013 0.015 0.018 0.022 0.028 0.039 0.064 0.105 0.130 0.137 0.135 0.115 0.067 0.031 0.021 0.023 0.041 0.078 0.107 0.120 0.123 0.120 0.111 0.094 0.077 0.065 0.057 0.050 0.046 0.044 0.042 0.039 0.032 0.023 0.015 0.009 0.005 0.003 0.002 0.001 0.001 0.000 0.000 0.000 0.000 0.000 0.000 0.000 0.000 0.000 0.000 0.000 0.000 0.001 0.001 0.001 0.001 0.000 0.000 0.000 0.000 0.000 0.000 0.000 0.000
0.010 0.010 0.010 0.010 0.010 0.010 0.010 0.010 0.011 0.012 0.012 0.013 0.015 0.016 0.019 0.023 0.031 0.045 0.077 0.117 0.134 0.136 0.127 0.094 0.046 0.020 0.011 0.010 0.014 0.029 0.046 0.055 0.057 0.056 0.052 0.043 0.033 0.026 0.021 0.017 0.015 0.014 0.014 0.014 0.012 0.010 0.006 0.004 0.002 0.001 0.001 0.001 0.000 0.000 0.000 0.001 0.000 0.000 0.000 0.000 0.000 0.000 0.000 0.000 0.001 0.001 0.001 0.001 0.001 0.000 0.000 0.000 0.000 0.000 0.000 0.000 0.000
0.014 0.014 0.013 0.013 0.013 0.013 0.013 0.013 0.013 0.014 0.014 0.015 0.016 0.018 0.021 0.025 0.034 0.053 0.091 0.126 0.137 0.136 0.118 0.073 0.033 0.015 0.007 0.005 0.005 0.009 0.015 0.020 0.022 0.022 0.021 0.018 0.013 0.010 0.007 0.006 0.005 0.004 0.004 0.004 0.004 0.003 0.002 0.001 0.001 0.001 0.001 0.000 0.000 0.000 0.000 0.001 0.000 0.000 0.000 0.000 0.000 0.000 0.000 0.001 0.001 0.001 0.001 0.001 0.000 0.000 0.000 0.000 0.000 0.000 0.000 0.000 0.000
0.020 0.019 0.018 0.017 0.017 0.016 0.016 0.016 0.016 0.016 0.016 0.016 0.017 0.019 0.022 0.029 0.040 0.065 0.107 0.133 0.139 0.134 0.105 0.054 0.024 0.011 0.006 0.003 0.003 0.003 0.005 0.006 0.007 0.008 0.008 0.007 0.005 0.004 0.002 0.002 0.001 0.001 0.001 0.001 0.001 0.001 0.001 0.001 0.001 0.001 0.001 0.000 0.000 0.000 0.000 0.000 0.000 0.000 0.000 0.000 0.000 0.000 0.001 0.001 0.001 0.001 0.001 0.001 0.000 0.000 0.000 0.000 0.000 0.000 0.000 0.000 0.000
0.029 0.026 0.024 0.023 0.022 0.021 0.020 0.019 0.018 0.018 0.018 0.018 0.019 0.021 0.025 0.033 0.048 0.082 0.122 0.138 0.140 0.128 0.086 0.039 0.018 0.009 0.005 0.003 0.002 0.002 0.001 0.002 0.002 0.003 0.003 0.002 0.002 0.001 0.001 0.001 0.001 0.001 0.001 0.001 0.001 0.001 0.001 0.001 0.001 0.001 0.001 0.001 0.000 0.000 0.001 0.000 0.000 0.000 0.000 0.000 0.000 0.000 0.001 0.001 0.001 0.001 0.001 0.000 0.000 0.000 0.000 0.000 0.000 0.000 0.000 0.000 0.000
0.043 0.039 0.036 0.033 0.030 0.027 0.025 0.023 0.021 0.021 0.020 0.021 0.022 0.024 0.029 0.039 0.060 0.101 0.132 0.141 0.139 0.117 0.066 0.029 0.014 0.007 0.004 0.003 0.002 0.001 0.001 0.001 0.001 0.001 0.001 0.001 0.001 0.001 0.001 0.001 0.001 0.001 0.001 0.001 0.001 0.001 0.001 0.001 0.001 0.001 0.001 0.001 0.001 0.001 0.001 0.000 0.000 0.000 0.000 0.000 0.000 0.000 0.001 0.001 0.001 0.001 0.001 0.000 0.000 0.000 0.000 0.000 0.000 0.000 0.000 0.000 0.000
0.066 0.060 0.054 0.049 0.043 0.037 0.032 0.028 0.026 0.025 0.025 0.025 0.026 0.029 0.034 0.046 0.075 0.117 0.138 0.142 0.135 0.101 0.050 0.023 0.011 0.006 0.004 0.002 0.002 0.001 0.001 0.001 0.001 0.000 0.001 0.001 0.001 0.000 0.000 0.000 0.000 0.001 0.001 0.001 0.001 0.001 0.001 0.001 0.001 0.001 0.001 0.001 0.001 0.001 0.000 0.000 0.000 0.000 0.001 0.000 0.000 0.000 0.001 0.001 0.001 0.001 0.000 0.000 0.000 0.000 0.000 0.000 0.000 0.000 0.000 0.000 0.000
0.098 0.092 0.084 0.074 0.064 0.054 0.044 0.038 0.033 0.031 0.031 0.031 0.032 0.034 0.040 0.055 0.092 0.127 0.140 0.141 0.127 0.082 0.038 0.018 0.009 0.005 0.003 0.002 0.002 0.001 0.001 0.001 0.000 0.000 0.000 0.000 0.001 0.000 0.001 0.001 0.000 0.001 0.001 0.001 0.001 0.001 0.001 0.001 0.001 0.001 0.001 0.001 0.001 0.001 0.000 0.000 0.000 0.000 0.001 0.000 0.000 0.000 0.001 0.001 0.001 0.000 0.000 0.000 0.000 0.000 0.000 0.000 0.000 0.000 0.000 0.000 0.000
0.142 0.137 0.128 0.115 0.100 0.082 0.065 0.053 0.045 0.041 0.039 0.039 0.039 0.041 0.048 0.066 0.106 0.133 0.140 0.137 0.114 0.064 0.030 0.015 0.008 0.005 0.003 0.002 0.002 0.001 0.001 0.001 0.001 0.000 0.000 0.000 0.000 0.000 0.001 0.001 0.000 0.001 0.001 0.001 0.001 0.001 0.001 0.001 0.001 0.001 0.001 0.001 0.001 0.000 0.000 0.000 0.000 0.000 0.000 0.000 0.000 0.000 0.001 0.001 0.001 0.000 0.000 0.000 0.000 0.000 0.000 0.000 0.000 0.000 0.000 0.000 0.000
0.200 0.197 0.190 0.176 0.156 0.131 0.102 0.080 0.065 0.056 0.052 0.050 0.050 0.052 0.059 0.081 0.117 0.136 0.139 0.131 0.097 0.050 0.025 0.014 0.008 0.005 0.003 0.002 0.001 0.001 0.001 0.001 0.001 0.001 0.000 0.000 0.000 0.000 0.000 0.000 0.000 0.000 0.000 0.000 0.001 0.001 0.001 0.001 0.001 0.001 0.001 0.001 0.001 0.000 0.000 0.000 0.000 0.000 0.000 0.000 0.000 0.001 0.001 0.001 0.000 0.000 0.000 0.000 0.000 0.000 0.000 0.000 0.000 0.000 0.000 0.000 0.000
0.276 0.275 0.270 0.257 0.236 0.205 0.164 0.126 0.098 0.081 0.071 0.067 0.066 0.067 0.075 0.099 0.127 0.138 0.138 0.121 0.078 0.040 0.021 0.013 0.008 0.005 0.003 0.002 0.001 0.001 0.001 0.001 0.001 0.001 0.001 0.000 0.000 0.000 0.000 0.000 0.000 0.000 0.000 0.000 0.000 0.000 0.001 0.001 0.001 0.001 0.001 0.001 0.001 0.000 0.000 0.000 0.000 0.000 0.000 0.000 0.001 0.001 0.001 0.000 0.000 0.000 0.000 0.000 0.000 0.000 0.000 0.000 0.000 0.000 0.000 0.000 0.000
0.374 0.374 0.371 0.362 0.342 0.308 0.259 0.201 0.153 0.121 0.101 0.091 0.088 0.089 0.097 0.119 0.137 0.140 0.134 0.105 0.060 0.033 0.019 0.012 0.008 0.005 0.003 0.002 0.001 0.001 0.000 0.000 0.001 0.001 0.001 0.000 0.000 0.001 0.000 0.000 0.000 0.001 0.001 0.000 0.000 0.000 0.000 0.001 0.001 0.001 0.001 0.001 0.001 0.000 0.000 0.000 0.000 0.000 0.000 0.000 0.001 0.001 0.001 0.000 0.000 0.000 0.000 0.000 0.000 0.000 0.000 0.000 0.000 0.000 0.000 0.000 0.000
0.497 0.499 0.498 0.491 0.474 0.440 0.387 0.314 0.241 0.186 0.150 0.129 0.120 0.119 0.125 0.141 0.148 0.145 0.126 0.084 0.047 0.028 0.018 0.012 0.008 0.005 0.003 0.002 0.001 0.001 0.000 0.000 0.000 0.001 0.001 0.000 0.000 0.001 0.000 0.000 0.001 0.001 0.001 0.001 0.000 0.000 0.000 0.000 0.001 0.001 0.001 0.001 0.000 0.000 0.000 0.000 0.000 0.000 0.000 0.001 0.001 0.001 0.000 0.000 0.000 0.000 0.000 0.000 0.000 0.000 0.000 0.000 0.000 0.000 0.000 0.000 0.000
0.648 0.654 0.654 0.650 0.635 0.604 0.550 0.470 0.371 0.287 0.227 0.189 0.168 0.160 0.161 0.164 0.161 0.147 0.111 0.066 0.040 0.027 0.018 0.012 0.008 0.005 0.003 0.002 0.001 0.001 0.000 0.000 0.000 0.000 0.001 0.000 0.000 0.001 0.000 0.000 0.000 0.001 0.001 0.001 0.000 0.000 0.000 0.000 0.000 0.001 0.001 0.001 0.000 0.000 0.000 0.000 0.000 0.000 0.001 0.001 0.001 0.001 0.000 0.000 0.000 0.000 0.000 0.000 0.000 0.000 0.000 0.000 0.000 0.000 0.000 0.000 0.000
0.831 0.842 0.844 0.842 0.830 0.801 0.748 0.667 0.553 0.433 0.340 0.277 0.239 0.218 0.205 0.191 0.172 0.137 0.091 0.057 0.038 0.026 0.018 0.012 0.008 0.005 0.003 0.001 0.001 0.001 0.000 0.000 0.000 0.000 0.000 0.000 0.000 0.000 0.000 0.000 0.001 0.001 0.000 0.000 0.000 0.000 0.000 0.000 0.000 0.000 0.000 0.001 0.000 0.000 0.000 0.000 0.000 0.001 0.001 0.001 0.001 0.001 0.000 0.000 0.000 0.000 0.000 0.000 0.000 0.000 0.000 0.000 0.000 0.000 0.000 0.000 0.000
1.049 1.066 1.071 1.070 1.061 1.035 0.986 0.905 0.786 0.636 0.502 0.404 0.339 0.295 0.257 0.219 0.176 0.126 0.082 0.054 0.038 0.027 0.019 0.013 0.008 0.004 0.002 0.001 0.001 0.001 0.000 0.000 0.000 0.000 0.000 0.000 0.000 0.000 0.000 0.001 0.001 0.001 0.000 0.000 0.000 0.000 0.000 0.000 0.000 0.000 0.000 0.000 0.000 0.000 0.000 0.000 0.000 0.000 0.000 0.000 0.000 0.000 0.000 0.000 0.000 0.000 0.000 0.000 0.000 0.000 0.000 0.000 0.000 0.000 0.000 0.000 0.000
1.306 1.331 1.339 1.339 1.333 1.310 1.264 1.186 1.068 0.904 0.723 0.577 0.469 0.386 0.313 0.245 0.181 0.123 0.081 0.055 0.039 0.029 0.020 0.013 0.008 0.004 0.002 0.001 0.001 0.001 0.001 0.000 0.000 0.000 0.000 0.000 0.000 0.000 0.000 0.001 0.001 0.001 0.001 0.000 0.000 0.000 0.000 0.000 0.001 0.000 0.000 0.000 0.000 0.000 0.000 0.000 0.000 0.000 0.000 0.000 0.000 0.000 0.000 0.000 0.000 0.000 0.000 0.000 0.000 0.000 0.000 0.000 0.000 0.000 0.000 0.000 0.000
1.575 1.612 1.627 1.629 1.625 1.608 1.570 1.501 1.391 1.225 1.007 0.791 0.621 0.484 0.369 0.271 0.189 0.127 0.086 0.060 0.044 0.032 0.023 0.014 0.008 0.004 0.002 0.001 0.001 0.000 0.000 0.001 0.000 0.000 0.000 0.000 0.000 0.000 0.000 0.001 0.001 0.001 0.001 0.000 0.000 0.000 0.000 0.000 0.000 0.001 0.000 0.000 0.000 0.000 0.000 0.000 0.000 0.000 0.001 0.001 0.001 0.000 0.000 0.000 0.000 0.000 0.000 0.000 0.000 0.000 0.000 0.000 0.000 0.000 0.000 0.000 0.000
1.805 1.853 1.876 1.883 1.881 1.870 1.841 1.784 1.684 1.527 1.306 1.037 0.789 0.590 0.431 0.305 0.209 0.143 0.100 0.072 0.052 0.038 0.026 0.016 0.008 0.004 0.002 0.001 0.001 0.000 0.000 0.001 0.001 0.001 0.000 0.000 0.000 0.000 0.001 0.001 0.001 0.001 0.001 0.001 0.000 0.000 0.000 0.000 0.000 0.001 0.000 0.000 0.000 0.000 0.000 0.000 0.000 0.001 0.001 0.001 0.001 0.001 0.000 0.000 0.000 0.000 0.000 0.000 0.000 0.000 0.000 0.000 0.000 0.000 0.000 0.000 0.000
1.995 2.050 2.081 2.092 2.093 2.086 2.064 2.016 1.922 1.774 1.566 1.288 0.974 0.712 0.509 0.358 0.250 0.178 0.128 0.093 0.066 0.046 0.029 0.016 0.008 0.004 0.002 0.001 0.001 0.000 0.000 0.000 0.001 0.001 0.000 0.000 0.000 0.000 0.001 0.001 0.001 0.001 0.001 0.001 0.000 0.000 0.000 0.000 0.000 0.000 0.000 0.000 0.000 0.000 0.000 0.000 0.000 0.001 0.001 0.001 0.001 0.001 0.000 0.000 0.000 0.000 0.000 0.000 0.000 0.000 0.000 0.000 0.000 0.000 0.000 0.000 0.000
2.143 2.202 2.238 2.255 2.260 2.257 2.240 2.193 2.108 1.973 1.780 1.517 1.181 0.861 0.618 0.444 0.323 0.239 0.176 0.127 0.088 0.056 0.032 0.016 0.008 0.004 0.002 0.001 0.001 0.000 0.000 0.000 0.000 0.001 0.000 0.000 0.000 0.000 0.001 0.001 0.001 0.001 0.001 0.000 0.000 0.001 0.000 0.000 0.000 0.000 0.000 0.000 0.000 0.000 0.000 0.000 0.001 0.001 0.001 0.001 0.001 0.000 0.000 0.000 0.000 0.000 0.000 0.000 0.000 0.000 0.000 0.000 0.000 0.000 0.000 0.000 0.000
2.255 2.314 2.351 2.374 2.382 2.381 2.365 2.322 2.245 2.124 1.948 1.708 1.394 1.050 0.777 0.581 0.442 0.337 0.251 0.177 0.115 0.066 0.034 0.016 0.007 0.003 0.001 0.001 0.001 0.000 0.000 0.000 0.000 0.000 0.000 0.000 0.000 0.000 0.000 0.000 0.000 0.000 0.000 0.000 0.000 0.000 0.001 0.000 0.000 0.000 0.000 0.000 0.000 0.000 0.000 0.001 0.001 0.001 0.001 0.001 0.001 0.000 0.000 0.000 0.000 0.000 0.000 0.000 0.000 0.000 0.000 0.000 0.000 0.000 0.000 0.000 0.000
2.335 2.394 2.432 2.453 2.462 2.462 2.446 2.409 2.340 2.230 2.071 1.857 1.581 1.261 0.987 0.774 0.605 0.463 0.335 0.224 0.133 0.070 0.033 0.014 0.006 0.003 0.001 0.001 0.001 0.000 0.001 0.000 0.000 0.000 0.000 0.000 0.000 0.000 0.000 0.001 0.001 0.001 0.000 0.000 0.000 0.000 0.001 0.001 0.001 0.000 0.000 0.000 0.000 0.000 0.000 0.001 0.001 0.001 0.001 0.001 0.001 0.000 0.000 0.000 0.000 0.000 0.000 0.000 0.000 0.000 0.000 0.000 0.000 0.000 0.000 0.000 0.000
2.387 2.446 2.483 2.502 2.509 2.507 2.495 2.461 2.398 2.298 2.154 1.963 1.720 1.431 1.161 0.932 0.732 0.551 0.387 0.247 0.140 0.069 0.030 0.012 0.005 0.002 0.001 0.001 0.000 0.000 0.000 0.001 0.000 0.000 0.000 0.000 0.000 0.000 0.000 0.001 0.001 0.001 0.000 0.000 0.000 0.000 0.000 0.001 0.000 0.000 0.000 0.000 0.000 0.000 0.001 0.001 0.000 0.000 0.000 0.000 0.000 0.000 0.000 0.000 0.000 0.000 0.000 0.000 0.000 0.000 0.000 0.000 0.000 0.000 0.000 0.000 0.000
2.417 2.476 2.513 2.531 2.533 2.531 2.518 2.486 2.426 2.333 2.203 2.030 1.810 1.548 1.277 1.030 0.805 0.594 0.405 0.250 0.136 0.063 0.026 0.010 0.003 0.001 0.001 0.001 0.000 0.000 0.000 0.001 0.001 0.000 0.000 0.000 0.000 0.000 0.000 0.001 0.001 0.001 0.000 0.000 0.000 0.000 0.000 0.000 0.000 0.000 0.000 0.000 0.000 0.001 0.001 0.000 0.000 0.000 0.000 0.000 0.000 0.000 0.000 0.000 0.000 0.000 0.000 0.000 0.000 0.000 0.000 0.000 0.000 0.000 0.000 0.000 0.000
2.433 2.493 2.529 2.543 2.544 2.541 2.527 2.494 2.436 2.348 2.226 2.064 1.859 1.615 1.347 1.083 0.833 0.600 0.397 0.235 0.119 0.050 0.019 0.006 0.002 0.001 0.001 0.001 0.001 0.000 0.000 0.000 0.001 0.000 0.000 0.000 0.000 0.000 0.001 0.001 0.001 0.001 0.000 0.000 0.000 0.000 0.000 0.000 0.000 0.000 0.000 0.000 0.000 0.001 0.000 0.000 0.000 0.001 0.001 0.001 0.000 0.000 0.000 0.000 0.000 0.000 0.000 0.000 0.000 0.000 0.000 0.000 0.000 0.000 0.000 0.000 0.000
2.438 2.498 2.533 2.546 2.548 2.544 2.529 2.496 2.439 2.354 2.234 2.076 1.878 1.644 1.381 1.106 0.833 0.580 0.362 0.194 0.086 0.032 0.011 0.004 0.001 0.001 0.001 0.000 0.001 0.001 0.000 0.000 0.000 0.000 0.000 0.000 0.000 0.000 0.001 0.001 0.001 0.001 0.001 0.000 0.000 0.000 0.000 0.000 0.000 0.000 0.000 0.000 0.000 0.000 0.000 0.000 0.000 0.000 0.000 0.000 0.000 0.000 0.000 0.000 0.000 0.000 0.000 0.000 0.000 0.000 0.000 0.000 0.000 0.000 0.000 0.000 0.000
2.436 2.496 2.531 2.545 2.548 2.545 2.529 2.497 2.442 2.356 2.235 2.077 1.881 1.650 1.389 1.108 0.811 0.531 0.300 0.141 0.055 0.020 0.007 0.003 0.001 0.001 0.000 0.000 0.000 0.001 0.001 0.000 0.000 0.000 0.000 0.000 0.000 0.000 0.000 0.000 0.000 0.000 0.000 0.000 0.000 0.000 0.000 0.000 0.000 0.000 0.000 0.000 0.000 0.000 0.000 0.001 0.001 0.001 0.001 0.000 0.000 0.000 0.000 0.000 0.000 0.000 0.000 0.000 0.000 0.000 0.000 0.000 0.000 0.000 0.000 0.000 0.000
2.430 2.489 2.524 2.542 2.546 2.542 2.528 2.496 2.441 2.355 2.233 2.073 1.877 1.646 1.384 1.093 0.764 0.462 0.236 0.100 0.037 0.013 0.005 0.002 0.001 0.001 0.000 0.000 0.000 0.000 0.001 0.001 0.000 0.000 0.000 0.000 0.000 0.000 0.000 0.000 0.001 0.001 0.001 0.001 0.000 0.000 0.000 0.000 0.000 0.000 0.000 0.000 0.000 0.000 0.000 0.000 0.000 0.000 0.001 0.000 0.000 0.000 0.000 0.000 0.000 0.000 0.000 0.000 0.000 0.000 0.000 0.000 0.000 0.000 0.000 0.000 0.000
2.408 2.469 2.508 2.528 2.534 2.532 2.519 2.488 2.432 2.344 2.220 2.058 1.861 1.629 1.362 1.050 0.691 0.387 0.182 0.071 0.026 0.009 0.003 0.001 0.001 0.001 0.000 0.000 0.000 0.000 0.000 0.001 0.000 0.000 0.000 0.000 0.000 0.000 0.000 0.001 0.001 0.001 0.001 0.000 0.001 0.000 0.000 0.000 0.000 0.000 0.000 0.000 0.000 0.000 0.000 0.000 0.000 0.000 0.000 0.000 0.000 0.000 0.000 0.000 0.000 0.000 0.000 0.000 0.000 0.000 0.000 0.000 0.000 0.000 0.000 0.000 0.000
2.359 2.426 2.476 2.503 2.512 2.512 2.501 2.470 2.410 2.318 2.191 2.028 1.829 1.593 1.315 0.971 0.596 0.309 0.133 0.049 0.017 0.006 0.002 0.001 0.001 0.001 0.000 0.000 0.000 0.000 0.000 0.000 0.000 0.000 0.000 0.000 0.000 0.000 0.000 0.001 0.001 0.001 0.001 0.000 0.000 0.001 0.000 0.000 0.000 0.000 0.000 0.000 0.000 0.000 0.000 0.000 0.000 0.000 0.000 0.000 0.000 0.000 0.000 0.000 0.000 0.000 0.000 0.000 0.000 0.000 0.000 0.000 0.000 0.000 0.000 0.000 0.000
2.282 2.358 2.421 2.463 2.479 2.480 2.469 2.435 2.372 2.276 2.144 1.978 1.776 1.532 1.229 0.845 0.478 0.225 0.087 0.030 0.010 0.004 0.001 0.001 0.001 0.001 0.001 0.000 0.000 0.000 0.000 0.000 0.000 0.000 0.000 0.000 0.000 0.000 0.000 0.001 0.001 0.001 0.001 0.000 0.000 0.000 0.001 0.000 0.000 0.000 0.000 0.000 0.000 0.000 0.000 0.000 0.001 0.000 0.000 0.000 0.000 0.000 0.000 0.000 0.000 0.000 0.000 0.000 0.000 0.000 0.000 0.000 0.000 0.000 0.000 0.000 0.000
2.167 2.250 2.330 2.397 2.432 2.437 2.424 2.387 2.318 2.215 2.075 1.898 1.679 1.406 1.056 0.654 0.331 0.137 0.049 0.016 0.005 0.002 0.001 0.001 0.001 0.001 0.001 0.001 0.000 0.000 0.000 0.000 0.000 0.000 0.000 0.000 0.000 0.000 0.001 0.001 0.001 0.001 0.001 0.001 0.000 0.000 0.000 0.001 0.000 0.000 0.000 0.000 0.000 0.000 0.000 0.000 0.000 0.000 0.000 0.000 0.000 0.000 0.000 0.000 0.000 0.000 0.000 0.000 0.000 0.000 0.000 0.000 0.000 0.000 0.000 0.000 0.000
2.009 2.087 2.174 2.266 2.332 2.359 2.355 2.319 2.243 2.126 1.965 1.753 1.482 1.148 0.757 0.404 0.179 0.068 0.023 0.008 0.003 0.001 0.001 0.001 0.001 0.001 0.001 0.001 0.001 0.000 0.000 0.000 0.000 0.000 0.000 0.000 0.000 0.000 0.000 0.000 0.000 0.000 0.000 0.000 0.001 0.000 0.000 0.000 0.000 0.000 0.000 0.000 0.000 0.000 0.000 0.000 0.000 0.000 0.000 0.000 0.000 0.000 0.000 0.000 0.000 0.000 0.000 0.000 0.000 0.000 0.000 0.000 0.000 0.000 0.000 0.000 0.000
