RESULTS/r.avaflow_results/11_results/11_ascii/11_hflow30041.asc
ncols 506
nrows 317
xllcenter 498237.50
yllcenter 5580050.00
cellsize 12.50
NODATA_value -9999.000
[rows 170 to 203 of 317, columns 154 to 230 of 506]
8.895 8.762 8.628 8.473 8.287 8.082 7.878 7.683 7.499 7.330 7.172 7.016 6.843 6.601 6.216 5.655 4.946 4.153 3.366 2.642 1.995 1.450 1.029 0.740 0.562 0.462 0.415 0.402 0.407 0.432 0.475 0.506 0.523 0.532 0.540 0.551 0.575 0.601 0.612 0.611 0.600 0.582 0.566 0.549 0.527 0.492 0.439 0.373 0.313 0.259 0.211 0.173 0.146 0.127 0.117 0.113 0.113 0.117 0.124 0.130 0.135 0.139 0.141 0.142 0.143 0.145 0.152 0.172 0.221 0.318 0.431 0.490 0.504 0.487 0.426 0.318 0.215
11.817 12.047 12.167 12.196 12.161 12.046 11.850 11.601 11.332 11.071 10.824 10.586 10.340 10.039 9.587 8.906 8.003 6.932 5.778 4.649 3.598 2.666 1.904 1.345 0.982 0.762 0.640 0.586 0.574 0.588 0.612 0.623 0.620 0.609 0.598 0.595 0.601 0.611 0.614 0.606 0.586 0.557 0.530 0.502 0.468 0.415 0.335 0.248 0.182 0.139 0.112 0.095 0.085 0.079 0.077 0.079 0.082 0.089 0.097 0.102 0.104 0.104 0.104 0.104 0.104 0.105 0.110 0.126 0.161 0.232 0.346 0.440 0.481 0.488 0.471 0.420 0.326
15.081 15.711 16.014 16.078 16.033 15.875 15.618 15.312 14.992 14.680 14.382 14.101 13.823 13.511 13.076 12.406 11.446 10.223 8.828 7.377 5.949 4.597 3.400 2.438 1.743 1.280 0.988 0.821 0.736 0.695 0.674 0.658 0.641 0.620 0.600 0.589 0.585 0.583 0.575 0.553 0.512 0.462 0.417 0.372 0.321 0.254 0.181 0.126 0.093 0.074 0.063 0.057 0.054 0.053 0.054 0.056 0.062 0.070 0.076 0.080 0.080 0.080 0.079 0.078 0.078 0.078 0.083 0.094 0.118 0.165 0.253 0.368 0.449 0.481 0.485 0.468 0.419
17.474 18.449 18.957 19.112 19.093 18.972 18.762 18.509 18.231 17.930 17.610 17.297 16.995 16.674 16.257 15.619 14.693 13.502 12.117 10.595 8.974 7.305 5.651 4.186 3.017 2.146 1.540 1.147 0.906 0.765 0.690 0.650 0.621 0.591 0.562 0.538 0.519 0.500 0.474 0.426 0.355 0.289 0.238 0.197 0.159 0.120 0.087 0.065 0.052 0.044 0.040 0.038 0.037 0.037 0.039 0.042 0.048 0.055 0.060 0.062 0.063 0.062 0.061 0.061 0.061 0.062 0.065 0.073 0.089 0.118 0.173 0.272 0.392 0.461 0.482 0.480 0.458
18.755 19.969 20.728 21.117 21.281 21.331 21.290 21.193 21.035 20.804 20.494 20.140 19.801 19.456 19.042 18.433 17.553 16.409 15.056 13.560 11.944 10.199 8.299 6.334 4.589 3.190 2.158 1.465 1.041 0.800 0.674 0.604 0.553 0.509 0.465 0.424 0.386 0.349 0.306 0.249 0.189 0.147 0.118 0.096 0.078 0.061 0.047 0.038 0.033 0.030 0.028 0.028 0.028 0.028 0.030 0.032 0.037 0.043 0.047 0.049 0.050 0.050 0.049 0.049 0.050 0.052 0.055 0.060 0.070 0.088 0.121 0.185 0.300 0.413 0.464 0.474 0.465
19.062 20.385 21.360 22.041 22.516 22.841 23.041 23.121 23.094 22.961 22.678 22.269 21.883 21.520 21.115 20.558 19.770 18.727 17.433 15.918 14.217 12.339 10.248 7.896 5.675 3.870 2.530 1.639 1.105 0.802 0.629 0.518 0.436 0.366 0.304 0.255 0.221 0.193 0.164 0.130 0.099 0.078 0.063 0.052 0.043 0.035 0.030 0.026 0.023 0.022 0.022 0.022 0.022 0.022 0.023 0.026 0.029 0.034 0.037 0.039 0.040 0.041 0.041 0.042 0.043 0.045 0.048 0.052 0.059 0.071 0.092 0.131 0.209 0.326 0.414 0.448 0.452
18.864 20.241 21.337 22.194 22.903 23.477 23.871 24.075 24.132 24.074 23.823 23.365 22.941 22.595 22.222 21.722 21.032 20.110 18.909 17.400 15.611 13.580 11.294 8.684 6.164 4.138 2.651 1.682 1.110 0.770 0.555 0.407 0.297 0.219 0.166 0.135 0.117 0.103 0.088 0.071 0.056 0.046 0.038 0.032 0.027 0.023 0.021 0.019 0.018 0.017 0.017 0.017 0.018 0.018 0.019 0.020 0.023 0.026 0.029 0.031 0.033 0.034 0.036 0.037 0.039 0.041 0.044 0.047 0.052 0.060 0.074 0.101 0.148 0.232 0.330 0.394 0.419
18.174 19.659 20.935 21.992 22.857 23.527 23.972 24.206 24.289 24.261 24.029 23.551 23.111 22.791 22.445 21.975 21.333 20.486 19.366 17.896 16.070 13.941 11.539 8.812 6.200 4.113 2.599 1.623 1.038 0.678 0.443 0.285 0.184 0.124 0.091 0.074 0.064 0.057 0.050 0.042 0.035 0.029 0.025 0.022 0.019 0.017 0.015 0.015 0.014 0.014 0.014 0.014 0.014 0.014 0.015 0.016 0.018 0.020 0.022 0.025 0.027 0.029 0.031 0.033 0.035 0.038 0.040 0.043 0.048 0.054 0.064 0.082 0.113 0.163 0.238 0.313 0.364
17.071 18.686 20.135 21.390 22.411 23.153 23.602 23.816 23.881 23.846 23.623 23.168 22.716 22.371 22.005 21.525 20.903 20.110 19.056 17.633 15.818 13.652 11.165 8.361 5.782 3.742 2.290 1.375 0.832 0.499 0.291 0.170 0.105 0.070 0.052 0.043 0.038 0.034 0.030 0.027 0.023 0.021 0.018 0.016 0.014 0.013 0.012 0.011 0.011 0.011 0.011 0.011 0.011 0.011 0.012 0.013 0.014 0.015 0.017 0.020 0.022 0.025 0.027 0.030 0.032 0.034 0.037 0.040 0.044 0.049 0.057 0.070 0.091 0.124 0.171 0.231 0.289
15.702 17.406 18.950 20.303 21.402 22.189 22.650 22.832 22.841 22.735 22.499 22.151 21.728 21.265 20.752 20.187 19.548 18.786 17.791 16.414 14.590 12.353 9.766 7.035 4.677 2.870 1.632 0.890 0.485 0.266 0.151 0.091 0.059 0.042 0.033 0.028 0.025 0.023 0.021 0.019 0.017 0.015 0.014 0.012 0.011 0.010 0.009 0.008 0.008 0.008 0.008 0.008 0.008 0.008 0.009 0.009 0.010 0.012 0.013 0.015 0.018 0.020 0.023 0.026 0.029 0.031 0.034 0.037 0.041 0.046 0.052 0.063 0.078 0.101 0.133 0.175 0.222
14.095 15.795 17.345 18.720 19.868 20.725 21.241 21.415 21.363 21.164 20.940 20.739 20.383 19.761 19.005 18.295 17.580 16.769 15.705 14.222 12.248 9.825 7.189 4.773 2.894 1.594 0.810 0.403 0.210 0.118 0.073 0.049 0.035 0.027 0.023 0.020 0.018 0.017 0.015 0.014 0.013 0.012 0.010 0.009 0.008 0.007 0.006 0.006 0.006 0.005 0.005 0.005 0.006 0.006 0.006 0.007 0.008 0.009 0.010 0.012 0.014 0.016 0.019 0.022 0.025 0.028 0.031 0.034 0.038 0.042 0.049 0.058 0.071 0.089 0.112 0.142 0.177
12.234 13.826 15.348 16.770 18.039 19.053 19.709 19.967 19.947 19.771 19.560 19.345 18.936 18.183 17.246 16.378 15.508 14.483 13.096 11.220 8.789 6.186 3.954 2.349 1.298 0.666 0.322 0.160 0.088 0.056 0.039 0.029 0.023 0.019 0.017 0.015 0.014 0.013 0.012 0.011 0.010 0.009 0.008 0.007 0.006 0.005 0.004 0.004 0.003 0.003 0.003 0.003 0.003 0.004 0.004 0.004 0.005 0.006 0.008 0.009 0.011 0.013 0.016 0.018 0.021 0.025 0.028 0.031 0.035 0.040 0.046 0.055 0.067 0.083 0.102 0.125 0.151
10.206 11.635 13.120 14.620 16.062 17.279 18.121 18.509 18.546 18.408 18.157 17.802 17.220 16.356 15.345 14.327 13.227 11.805 9.838 7.347 4.873 2.945 1.645 0.875 0.456 0.234 0.120 0.066 0.042 0.031 0.024 0.020 0.017 0.015 0.013 0.012 0.011 0.010 0.009 0.008 0.008 0.007 0.006 0.005 0.004 0.003 0.003 0.002 0.002 0.002 0.002 0.002 0.002 0.002 0.002 0.003 0.003 0.004 0.005 0.007 0.008 0.010 0.013 0.015 0.018 0.021 0.025 0.029 0.033 0.038 0.044 0.054 0.065 0.080 0.097 0.116 0.136
8.303 9.508 10.831 12.290 13.794 15.105 16.057 16.554 16.653 16.516 16.108 15.454 14.597 13.606 12.540 11.366 9.943 8.025 5.697 3.551 2.017 1.035 0.509 0.263 0.145 0.083 0.049 0.033 0.025 0.020 0.017 0.015 0.013 0.012 0.011 0.010 0.009 0.008 0.007 0.007 0.006 0.005 0.004 0.003 0.002 0.002 0.001 0.001 0.001 0.001 0.001 0.001 0.001 0.001 0.001 0.001 0.002 0.003 0.004 0.005 0.006 0.008 0.010 0.012 0.015 0.019 0.022 0.026 0.031 0.036 0.044 0.053 0.065 0.080 0.095 0.111 0.128
6.473 7.403 8.436 9.577 10.777 11.865 12.710 13.196 13.318 13.174 12.633 11.703 10.507 9.285 8.106 6.845 5.388 3.762 2.274 1.206 0.578 0.271 0.142 0.084 0.054 0.036 0.026 0.021 0.017 0.015 0.013 0.012 0.011 0.010 0.009 0.008 0.007 0.007 0.006 0.005 0.004 0.003 0.002 0.002 0.001 0.001 0.000 0.000 0.000 0.000 0.000 0.000 0.000 0.000 0.000 0.001 0.001 0.002 0.002 0.003 0.004 0.006 0.008 0.010 0.013 0.016 0.020 0.024 0.029 0.035 0.043 0.053 0.065 0.079 0.094 0.110 0.126
4.602 5.120 5.643 6.163 6.701 7.248 7.737 8.048 8.138 8.025 7.530 6.622 5.482 4.469 3.610 2.809 1.986 1.188 0.610 0.286 0.139 0.078 0.051 0.036 0.027 0.022 0.018 0.015 0.013 0.012 0.010 0.009 0.009 0.008 0.007 0.007 0.006 0.005 0.005 0.004 0.003 0.002 0.001 0.001 0.000 0.000 0.000 0.000 0.000 0.000 0.000 0.000 0.000 0.000 0.000 0.000 0.000 0.001 0.001 0.002 0.003 0.004 0.006 0.008 0.011 0.014 0.018 0.022 0.027 0.034 0.042 0.052 0.065 0.079 0.094 0.110 0.126
2.798 2.916 3.023 3.115 3.198 3.303 3.424 3.504 3.524 3.464 3.214 2.729 2.073 1.520 1.116 0.794 0.503 0.275 0.140 0.075 0.047 0.034 0.026 0.022 0.018 0.016 0.013 0.012 0.011 0.009 0.008 0.008 0.007 0.006 0.006 0.005 0.005 0.004 0.004 0.003 0.002 0.001 0.001 0.000 0.000 0.000 0.000 0.000 0.000 0.000 0.000 0.000 0.000 0.000 0.000 0.000 0.000 0.000 0.000 0.001 0.002 0.003 0.004 0.006 0.009 0.012 0.015 0.020 0.025 0.032 0.040 0.051 0.063 0.077 0.092 0.110 0.128
1.411 1.352 1.307 1.260 1.207 1.169 1.151 1.137 1.122 1.085 0.989 0.810 0.570 0.391 0.277 0.192 0.123 0.074 0.046 0.032 0.025 0.021 0.018 0.016 0.014 0.012 0.011 0.009 0.008 0.008 0.007 0.006 0.006 0.005 0.005 0.004 0.004 0.003 0.003 0.002 0.002 0.001 0.000 0.000 0.000 0.000 0.000 0.000 0.000 0.000 0.000 0.000 0.000 0.000 0.000 0.000 0.000 0.000 0.000 0.000 0.001 0.002 0.003 0.005 0.007 0.010 0.013 0.018 0.023 0.030 0.038 0.048 0.059 0.074 0.090 0.110 0.133
0.577 0.513 0.473 0.442 0.408 0.376 0.351 0.332 0.316 0.298 0.267 0.217 0.153 0.108 0.080 0.059 0.043 0.032 0.025 0.020 0.017 0.015 0.014 0.012 0.011 0.010 0.008 0.007 0.007 0.006 0.005 0.005 0.005 0.004 0.004 0.004 0.003 0.003 0.002 0.002 0.001 0.001 0.000 0.000 0.000 0.000 0.000 0.000 0.000 0.000 0.000 0.000 0.000 0.000 0.000 0.000 0.000 0.000 0.000 0.000 0.000 0.001 0.002 0.003 0.005 0.008 0.011 0.015 0.020 0.026 0.034 0.043 0.054 0.068 0.087 0.109 0.136
0.208 0.185 0.171 0.159 0.147 0.131 0.118 0.108 0.100 0.093 0.084 0.071 0.054 0.042 0.034 0.028 0.024 0.020 0.017 0.015 0.013 0.012 0.011 0.010 0.008 0.008 0.007 0.006 0.005 0.005 0.004 0.004 0.004 0.004 0.003 0.003 0.003 0.002 0.002 0.002 0.001 0.001 0.000 0.000 0.000 0.000 0.000 0.000 0.000 0.000 0.000 0.000 0.000 0.000 0.000 0.000 0.000 0.000 0.000 0.000 0.000 0.000 0.001 0.002 0.004 0.006 0.008 0.012 0.017 0.022 0.029 0.037 0.047 0.061 0.080 0.104 0.133
0.080 0.073 0.069 0.065 0.061 0.055 0.049 0.045 0.042 0.039 0.037 0.033 0.029 0.025 0.022 0.019 0.017 0.015 0.013 0.012 0.011 0.009 0.008 0.007 0.007 0.006 0.005 0.005 0.004 0.004 0.004 0.003 0.003 0.003 0.003 0.003 0.003 0.002 0.002 0.001 0.001 0.001 0.000 0.000 0.000 0.000 0.000 0.000 0.000 0.000 0.000 0.000 0.000 0.000 0.000 0.000 0.000 0.000 0.000 0.000 0.000 0.000 0.001 0.001 0.003 0.004 0.006 0.009 0.013 0.017 0.022 0.029 0.037 0.049 0.066 0.089 0.119
0.037 0.035 0.034 0.033 0.031 0.029 0.027 0.025 0.024 0.023 0.022 0.021 0.020 0.018 0.016 0.014 0.013 0.012 0.010 0.009 0.008 0.007 0.007 0.006 0.005 0.005 0.004 0.004 0.004 0.003 0.003 0.003 0.003 0.003 0.003 0.003 0.002 0.002 0.002 0.001 0.001 0.001 0.000 0.000 0.000 0.000 0.000 0.000 0.000 0.000 0.000 0.000 0.000 0.000 0.000 0.000 0.000 0.000 0.000 0.000 0.000 0.000 0.000 0.001 0.002 0.003 0.004 0.007 0.009 0.013 0.017 0.021 0.027 0.035 0.047 0.065 0.090
0.021 0.020 0.020 0.020 0.020 0.019 0.018 0.017 0.017 0.016 0.016 0.015 0.015 0.014 0.013 0.012 0.010 0.009 0.008 0.007 0.006 0.006 0.005 0.005 0.004 0.004 0.004 0.003 0.003 0.003 0.003 0.003 0.003 0.003 0.003 0.003 0.003 0.003 0.002 0.002 0.001 0.001 0.000 0.000 0.000 0.000 0.000 0.000 0.000 0.000 0.000 0.000 0.000 0.000 0.000 0.000 0.000 0.000 0.000 0.000 0.000 0.000 0.000 0.000 0.001 0.002 0.003 0.005 0.007 0.009 0.012 0.016 0.020 0.025 0.032 0.042 0.058
0.014 0.014 0.014 0.014 0.014 0.014 0.013 0.013 0.013 0.012 0.012 0.012 0.012 0.011 0.010 0.009 0.008 0.007 0.006 0.006 0.005 0.004 0.004 0.004 0.004 0.003 0.003 0.003 0.003 0.003 0.003 0.004 0.004 0.004 0.004 0.004 0.003 0.003 0.002 0.002 0.001 0.001 0.000 0.000 0.000 0.000 0.000 0.000 0.000 0.000 0.000 0.000 0.000 0.000 0.000 0.000 0.000 0.000 0.000 0.000 0.000 0.000 0.000 0.000 0.000 0.001 0.002 0.003 0.005 0.006 0.009 0.011 0.014 0.018 0.022 0.028 0.037
0.010 0.011 0.011 0.011 0.011 0.011 0.010 0.010 0.010 0.010 0.010 0.010 0.009 0.009 0.008 0.007 0.006 0.006 0.005 0.004 0.004 0.004 0.004 0.003 0.003 0.003 0.004 0.004 0.004 0.004 0.005 0.005 0.005 0.005 0.005 0.004 0.004 0.003 0.002 0.002 0.001 0.001 0.000 0.000 0.000 0.000 0.000 0.000 0.000 0.000 0.000 0.000 0.000 0.000 0.000 0.000 0.000 0.000 0.000 0.000 0.000 0.000 0.000 0.000 0.000 0.000 0.001 0.002 0.003 0.004 0.006 0.008 0.010 0.013 0.016 0.020 0.025
0.008 0.008 0.008 0.008 0.008 0.008 0.008 0.008 0.008 0.008 0.008 0.008 0.008 0.007 0.007 0.006 0.005 0.004 0.004 0.004 0.003 0.003 0.003 0.003 0.004 0.004 0.005 0.005 0.006 0.006 0.007 0.007 0.006 0.006 0.005 0.005 0.004 0.003 0.002 0.001 0.001 0.000 0.000 0.000 0.000 0.000 0.000 0.000 0.000 0.000 0.000 0.000 0.000 0.000 0.000 0.000 0.000 0.000 0.000 0.000 0.000 0.000 0.000 0.000 0.000 0.000 0.000 0.001 0.002 0.003 0.004 0.006 0.008 0.010 0.012 0.015 0.018
0.006 0.007 0.007 0.007 0.007 0.007 0.007 0.007 0.007 0.007 0.007 0.006 0.006 0.006 0.005 0.005 0.004 0.004 0.003 0.003 0.003 0.003 0.004 0.004 0.005 0.006 0.007 0.008 0.008 0.008 0.008 0.007 0.007 0.006 0.005 0.005 0.004 0.003 0.002 0.001 0.001 0.000 0.000 0.000 0.000 0.000 0.000 0.000 0.000 0.000 0.000 0.000 0.000 0.000 0.000 0.000 0.000 0.000 0.000 0.000 0.000 0.000 0.000 0.000 0.000 0.000 0.000 0.000 0.001 0.002 0.003 0.004 0.005 0.007 0.009 0.011 0.013
0.005 0.005 0.005 0.006 0.006 0.006 0.006 0.006 0.006 0.006 0.005 0.005 0.005 0.005 0.004 0.004 0.003 0.003 0.003 0.003 0.003 0.004 0.005 0.006 0.007 0.009 0.009 0.009 0.009 0.009 0.008 0.008 0.007 0.006 0.005 0.004 0.003 0.002 0.002 0.001 0.001 0.000 0.000 0.000 0.000 0.000 0.000 0.000 0.000 0.000 0.000 0.000 0.000 0.000 0.000 0.000 0.000 0.000 0.000 0.000 0.000 0.000 0.000 0.000 0.000 0.000 0.000 0.000 0.000 0.001 0.001 0.002 0.003 0.005 0.006 0.008 0.010
0.004 0.004 0.004 0.005 0.005 0.005 0.005 0.005 0.005 0.004 0.004 0.004 0.004 0.004 0.003 0.003 0.003 0.003 0.003 0.004 0.004 0.005 0.007 0.008 0.009 0.010 0.010 0.010 0.010 0.009 0.008 0.007 0.007 0.006 0.005 0.004 0.003 0.002 0.001 0.001 0.001 0.000 0.000 0.000 0.000 0.000 0.000 0.000 0.000 0.000 0.000 0.000 0.000 0.000 0.000 0.000 0.000 0.000 0.000 0.000 0.000 0.000 0.000 0.000 0.000 0.000 0.000 0.000 0.000 0.000 0.001 0.001 0.002 0.003 0.004 0.006 0.007
0.003 0.003 0.004 0.004 0.004 0.004 0.004 0.004 0.004 0.004 0.003 0.003 0.003 0.003 0.003 0.003 0.003 0.003 0.004 0.004 0.006 0.007 0.008 0.009 0.010 0.010 0.010 0.010 0.010 0.009 0.008 0.007 0.006 0.005 0.004 0.003 0.002 0.001 0.001 0.001 0.000 0.000 0.000 0.000 0.000 0.000 0.000 0.000 0.000 0.000 0.000 0.000 0.000 0.000 0.000 0.000 0.000 0.000 0.000 0.000 0.000 0.000 0.000 0.000 0.000 0.000 0.000 0.000 0.000 0.000 0.000 0.000 0.001 0.002 0.003 0.004 0.005
0.002 0.003 0.003 0.003 0.003 0.003 0.003 0.003 0.003 0.003 0.003 0.003 0.002 0.002 0.002 0.002 0.003 0.003 0.004 0.005 0.006 0.007 0.008 0.009 0.009 0.010 0.010 0.010 0.009 0.008 0.007 0.006 0.005 0.004 0.003 0.002 0.001 0.001 0.001 0.000 0.000 0.000 0.000 0.000 0.000 0.000 0.000 0.000 0.000 0.000 0.000 0.000 0.000 0.000 0.000 0.000 0.000 0.000 0.000 0.000 0.000 0.000 0.000 0.000 0.000 0.000 0.000 0.000 0.000 0.000 0.000 0.000 0.000 0.001 0.001 0.002 0.003
0.002 0.002 0.002 0.002 0.002 0.002 0.002 0.002 0.002 0.002 0.002 0.002 0.002 0.002 0.002 0.002 0.003 0.003 0.004 0.005 0.006 0.007 0.008 0.009 0.009 0.009 0.009 0.009 0.008 0.007 0.006 0.005 0.004 0.002 0.002 0.001 0.001 0.001 0.000 0.000 0.000 0.000 0.000 0.000 0.000 0.000 0.000 0.000 0.000 0.000 0.000 0.000 0.000 0.000 0.000 0.000 0.000 0.000 0.000 0.000 0.000 0.000 0.000 0.000 0.000 0.000 0.000 0.000 0.000 0.000 0.000 0.000 0.000 0.000 0.000 0.001 0.002
0.001 0.001 0.001 0.002 0.002 0.002 0.002 0.002 0.002 0.002 0.002 0.002 0.002 0.002 0.002 0.002 0.002 0.003 0.004 0.005 0.006 0.007 0.008 0.008 0.008 0.008 0.007 0.007 0.006 0.005 0.004 0.003 0.002 0.001 0.001 0.001 0.001 0.000 0.000 0.000 0.000 0.000 0.000 0.000 0.000 0.000 0.000 0.000 0.000 0.000 0.000 0.000 0.000 0.000 0.000 0.000 0.000 0.000 0.000 0.000 0.000 0.000 0.000 0.000 0.000 0.000 0.000 0.000 0.000 0.000 0.000 0.000 0.000 0.000 0.000 0.000 0.001
0.001 0.001 0.001 0.001 0.001 0.001 0.001 0.001 0.002 0.002 0.001 0.001 0.001 0.001 0.001 0.002 0.002 0.003 0.004 0.005 0.005 0.006 0.006 0.006 0.005 0.005 0.004 0.004 0.003 0.003 0.002 0.002 0.001 0.001 0.001 0.001 0.000 0.000 0.000 0.000 0.000 0.000 0.000 0.000 0.000 0.000 0.000 0.000 0.000 0.000 0.000 0.000 0.000 0.000 0.000 0.000 0.000 0.000 0.000 0.000 0.000 0.000 0.000 0.000 0.000 0.000 0.000 0.000 0.000 0.000 0.000 0.000 0.000 0.000 0.000 0.000 0.000
