RESULTS/r.avaflow_results/11_results/11_ascii/11_hflow_max0007.asc
ncols 506
nrows 317
xllcenter 498237.50
yllcenter 5580050.00
cellsize 12.50
NODATA_value -9999.000
[rows 170 to 203 of 317, columns 77 to 153 of 506]
0.000 0.000 0.000 0.000 0.000 0.000 0.000 0.000 0.000 0.000 0.000 0.000 0.000 0.000 0.000 0.000 0.000 0.000 0.000 0.000 0.000 0.000 0.000 0.000 0.000 0.000 0.000 0.000 0.000 0.000 0.000 0.000 0.000 0.000 0.000 0.000 0.000 0.000 0.000 0.000 0.001 0.004 0.013 0.039 0.092 0.178 0.295 0.432 0.611 0.935 1.434 2.224 3.542 5.352 6.974 8.682 11.208 14.859 19.260 24.075 28.131 30.504 31.336 31.320 30.843 30.052 29.152 28.008 26.707 25.337 23.821 22.285 21.120 19.931 18.223 16.148 14.249
0.000 0.000 0.000 0.000 0.000 0.000 0.000 0.000 0.000 0.000 0.000 0.000 0.000 0.000 0.000 0.000 0.000 0.000 0.000 0.000 0.000 0.000 0.000 0.000 0.000 0.000 0.000 0.000 0.000 0.000 0.000 0.000 0.000 0.000 0.000 0.000 0.000 0.000 0.000 0.001 0.003 0.011 0.035 0.095 0.208 0.383 0.616 0.897 1.349 2.011 2.971 4.242 5.537 6.780 8.176 10.659 13.354 16.938 21.486 26.280 30.276 32.611 33.011 32.533 31.772 31.024 29.971 28.584 27.115 25.695 24.369 23.389 22.756 22.367 21.885 21.212 20.505
0.000 0.000 0.000 0.000 0.000 0.000 0.000 0.000 0.000 0.000 0.000 0.000 0.000 0.000 0.000 0.000 0.000 0.000 0.000 0.000 0.000 0.000 0.000 0.000 0.000 0.000 0.000 0.000 0.000 0.000 0.000 0.000 0.000 0.000 0.000 0.000 0.000 0.000 0.001 0.003 0.008 0.027 0.083 0.205 0.418 0.733 1.155 1.763 2.642 3.739 5.112 6.344 7.127 7.803 8.839 11.404 14.102 17.567 22.281 27.136 31.221 33.655 34.010 33.257 32.473 31.723 30.555 29.115 27.702 26.493 25.441 24.600 23.966 23.600 23.571 23.983 24.556
0.000 0.000 0.000 0.000 0.000 0.000 0.000 0.000 0.000 0.000 0.000 0.000 0.000 0.000 0.000 0.000 0.000 0.000 0.000 0.000 0.000 0.000 0.000 0.000 0.000 0.000 0.000 0.000 0.000 0.000 0.001 0.001 0.001 0.001 0.001 0.001 0.001 0.002 0.003 0.007 0.020 0.061 0.172 0.392 0.752 1.276 2.031 3.188 4.389 5.558 6.780 7.693 8.151 8.545 9.213 11.279 13.826 17.225 21.963 26.906 31.120 33.767 34.366 33.701 33.055 32.281 31.144 29.801 28.553 27.514 26.535 25.551 24.711 24.380 24.625 25.366 26.397
0.000 0.000 0.000 0.000 0.000 0.000 0.000 0.000 0.000 0.000 0.000 0.000 0.000 0.000 0.000 0.000 0.000 0.000 0.000 0.000 0.000 0.000 0.000 0.000 0.000 0.000 0.000 0.000 0.001 0.002 0.003 0.004 0.004 0.004 0.004 0.004 0.004 0.005 0.008 0.015 0.040 0.120 0.315 0.675 1.239 2.063 3.383 4.851 6.030 7.010 7.879 8.507 8.833 9.084 9.390 10.423 12.734 16.339 21.004 26.005 30.311 33.031 33.918 33.669 33.077 32.431 31.447 30.266 29.133 28.124 27.165 26.143 25.229 24.830 25.252 26.094 27.066
0.000 0.000 0.000 0.000 0.000 0.000 0.000 0.000 0.000 0.000 0.000 0.000 0.000 0.000 0.000 0.000 0.000 0.000 0.000 0.000 0.000 0.000 0.000 0.000 0.000 0.000 0.001 0.002 0.003 0.006 0.009 0.010 0.011 0.011 0.010 0.010 0.010 0.011 0.017 0.029 0.070 0.204 0.517 1.068 1.910 3.128 4.741 6.154 7.307 8.151 8.804 9.120 9.277 9.407 9.573 10.091 11.789 15.187 19.807 24.920 29.170 31.767 32.712 32.832 32.412 31.787 30.931 29.899 28.867 27.904 26.966 26.027 25.182 24.849 25.214 26.087 27.019
0.000 0.000 0.000 0.000 0.000 0.000 0.000 0.000 0.000 0.000 0.000 0.000 0.000 0.000 0.000 0.000 0.000 0.000 0.000 0.000 0.000 0.000 0.000 0.000 0.001 0.002 0.003 0.005 0.009 0.014 0.019 0.022 0.023 0.022 0.022 0.021 0.021 0.026 0.038 0.061 0.111 0.310 0.781 1.608 2.857 4.645 6.718 8.408 9.606 10.240 10.437 10.347 9.944 9.619 9.738 9.890 11.069 14.043 18.764 23.853 27.874 30.126 31.125 31.268 30.901 30.378 29.663 28.745 27.744 26.752 25.743 24.769 24.101 24.032 24.565 25.430 26.384
0.000 0.000 0.000 0.000 0.000 0.000 0.000 0.000 0.000 0.000 0.000 0.000 0.000 0.000 0.000 0.000 0.000 0.000 0.000 0.000 0.000 0.000 0.000 0.001 0.003 0.008 0.013 0.017 0.022 0.029 0.038 0.042 0.044 0.044 0.042 0.041 0.041 0.055 0.080 0.123 0.214 0.440 1.119 2.369 4.294 6.978 9.487 11.193 12.214 12.616 12.564 11.990 10.969 10.100 9.716 9.720 10.630 13.197 17.747 22.719 26.229 27.880 28.962 29.077 28.645 28.123 27.464 26.559 25.535 24.509 23.455 22.502 21.970 22.182 22.998 24.140 25.340
0.000 0.000 0.000 0.000 0.000 0.000 0.000 0.000 0.000 0.000 0.000 0.000 0.000 0.000 0.000 0.000 0.000 0.000 0.000 0.000 0.000 0.000 0.002 0.005 0.014 0.033 0.056 0.067 0.071 0.074 0.078 0.081 0.083 0.082 0.078 0.075 0.081 0.110 0.157 0.237 0.397 0.744 1.554 3.378 6.185 9.359 11.669 13.100 13.895 14.130 13.957 13.289 12.312 10.966 9.530 9.461 10.217 12.434 16.501 20.816 23.545 24.932 25.426 25.548 25.094 24.862 24.362 23.617 22.656 21.570 20.506 19.706 19.454 19.911 20.961 22.335 23.789
0.000 0.000 0.000 0.000 0.000 0.000 0.000 0.000 0.000 0.000 0.000 0.000 0.000 0.000 0.000 0.000 0.000 0.000 0.000 0.000 0.000 0.002 0.006 0.017 0.043 0.108 0.215 0.267 0.273 0.252 0.203 0.171 0.159 0.152 0.143 0.136 0.157 0.210 0.293 0.436 0.703 1.240 2.292 4.385 7.540 10.339 12.260 13.568 14.273 14.468 14.439 13.972 12.992 11.623 10.072 8.959 9.513 11.394 14.644 17.860 19.780 20.877 21.413 21.670 21.734 21.523 21.081 20.345 19.336 18.216 17.266 16.773 16.986 17.784 19.058 20.578 22.177
0.000 0.000 0.000 0.000 0.000 0.000 0.000 0.000 0.000 0.000 0.000 0.000 0.000 0.000 0.000 0.000 0.000 0.000 0.000 0.000 0.001 0.005 0.016 0.044 0.111 0.288 0.665 0.916 0.958 0.891 0.669 0.448 0.345 0.300 0.273 0.260 0.291 0.383 0.526 0.763 1.181 1.952 3.348 5.512 8.130 10.351 12.014 13.252 13.988 14.386 14.322 13.866 13.007 11.747 10.139 8.435 8.183 9.543 11.871 14.158 15.857 17.025 17.672 17.997 18.088 17.964 17.546 16.813 15.822 14.789 14.135 14.126 14.727 15.774 17.187 18.773 20.428
0.000 0.000 0.000 0.000 0.000 0.000 0.000 0.000 0.000 0.000 0.000 0.000 0.000 0.000 0.000 0.000 0.000 0.000 0.000 0.001 0.004 0.013 0.037 0.095 0.233 0.591 1.487 2.490 2.716 2.562 2.050 1.316 0.880 0.678 0.588 0.550 0.545 0.676 0.911 1.278 1.886 2.932 4.641 6.811 8.527 10.184 11.385 12.400 13.211 13.487 13.362 12.917 12.227 11.178 9.684 7.984 6.855 7.191 8.864 10.678 12.370 13.413 13.978 14.237 14.296 14.145 13.782 13.142 12.276 11.508 11.215 11.522 12.282 13.431 14.871 16.460 18.083
0.000 0.000 0.000 0.000 0.000 0.000 0.000 0.000 0.000 0.000 0.000 0.000 0.000 0.000 0.000 0.000 0.000 0.000 0.001 0.003 0.010 0.029 0.076 0.184 0.409 0.850 1.827 3.633 5.032 5.315 4.744 3.444 2.281 1.674 1.397 1.277 1.242 1.269 1.528 2.060 2.903 4.370 6.188 7.734 8.939 9.954 10.585 11.276 11.571 11.358 10.616 9.962 9.532 8.976 8.027 6.736 5.515 4.895 6.063 7.815 9.318 10.274 10.742 10.897 10.819 10.630 10.279 9.719 9.048 8.540 8.465 8.864 9.594 10.654 12.026 13.585 15.164
0.000 0.000 0.000 0.000 0.000 0.000 0.000 0.000 0.000 0.000 0.000 0.000 0.000 0.000 0.000 0.000 0.000 0.000 0.002 0.007 0.021 0.059 0.147 0.327 0.647 1.155 1.975 3.761 5.925 7.334 7.610 6.780 5.108 3.840 3.206 2.895 2.752 2.725 2.841 3.246 4.376 6.107 7.459 8.356 9.122 9.536 9.959 10.031 9.508 8.700 8.192 7.371 6.336 5.236 4.556 4.229 3.526 3.212 3.966 5.236 6.538 7.430 7.947 8.097 8.008 7.810 7.442 6.915 6.339 5.974 5.919 6.216 6.819 7.701 8.938 10.451 11.995
0.000 0.000 0.000 0.000 0.000 0.000 0.000 0.000 0.000 0.000 0.000 0.000 0.000 0.000 0.000 0.000 0.000 0.001 0.005 0.015 0.043 0.113 0.263 0.539 0.971 1.559 2.282 3.801 6.032 8.102 9.225 9.350 8.563 7.351 6.409 5.802 5.418 5.218 5.218 5.517 6.306 7.542 8.428 8.783 8.907 9.169 9.124 8.592 8.253 7.692 6.940 6.007 4.951 3.945 3.107 2.492 2.139 2.121 2.532 3.351 4.318 5.092 5.632 5.867 5.847 5.665 5.297 4.763 4.259 3.942 3.825 3.887 4.228 4.912 5.949 7.328 8.778
0.000 0.000 0.000 0.000 0.000 0.000 0.000 0.000 0.000 0.000 0.000 0.000 0.000 0.000 0.000 0.000 0.001 0.003 0.011 0.032 0.085 0.204 0.435 0.817 1.363 2.024 2.726 3.828 5.969 8.258 9.808 10.508 10.695 10.378 9.894 9.395 8.923 8.526 8.285 8.170 8.316 8.696 8.822 8.788 8.757 8.473 7.883 7.556 7.073 6.473 5.769 4.863 3.820 2.970 2.284 1.789 1.516 1.474 1.706 2.190 2.895 3.479 3.885 4.121 4.161 4.037 3.704 3.230 2.826 2.556 2.396 2.351 2.485 2.923 3.677 4.922 6.049
0.000 0.000 0.000 0.000 0.000 0.000 0.000 0.000 0.000 0.000 0.000 0.000 0.000 0.000 0.000 0.000 0.002 0.007 0.023 0.065 0.162 0.354 0.682 1.157 1.771 2.492 3.177 3.906 5.733 7.978 9.897 10.898 11.396 11.792 11.824 11.637 11.296 10.839 10.325 9.765 9.293 8.986 8.876 8.607 8.159 7.397 6.882 6.254 5.712 5.231 4.690 3.946 3.006 2.229 1.674 1.323 1.167 1.212 1.333 1.638 2.118 2.520 2.785 2.947 2.989 2.914 2.681 2.344 2.030 1.824 1.673 1.588 1.603 1.821 2.290 3.360 4.036
0.000 0.000 0.000 0.000 0.000 0.000 0.000 0.000 0.000 0.000 0.000 0.000 0.000 0.000 0.000 0.001 0.004 0.014 0.045 0.124 0.292 0.590 1.029 1.577 2.216 2.977 3.677 4.196 5.353 7.351 9.412 10.795 11.491 12.050 12.337 12.349 12.147 11.716 11.172 10.475 9.713 9.195 8.628 7.894 7.032 6.494 5.745 5.014 4.494 4.128 3.787 3.218 2.394 1.716 1.311 1.104 1.049 1.060 1.111 1.318 1.645 1.927 2.104 2.196 2.227 2.179 2.031 1.815 1.609 1.449 1.333 1.252 1.221 1.308 1.571 1.901 2.081
0.000 0.000 0.000 0.000 0.000 0.000 0.000 0.000 0.000 0.000 0.000 0.000 0.000 0.000 0.000 0.002 0.008 0.028 0.086 0.226 0.504 0.945 1.491 2.062 2.691 3.463 4.135 4.576 5.023 6.316 8.240 10.010 11.051 11.652 12.162 12.342 12.290 11.979 11.376 10.512 9.628 8.819 7.701 6.720 6.181 5.511 4.773 4.174 3.735 3.399 3.072 2.566 1.896 1.402 1.136 1.012 0.974 0.973 1.014 1.169 1.367 1.561 1.701 1.769 1.776 1.737 1.638 1.509 1.384 1.260 1.170 1.109 1.081 1.121 1.212 1.314 1.344
0.000 0.000 0.000 0.000 0.000 0.000 0.000 0.000 0.000 0.000 0.000 0.000 0.000 0.000 0.001 0.004 0.015 0.052 0.152 0.390 0.833 1.461 2.068 2.622 3.235 3.966 4.501 4.841 4.999 5.332 6.553 8.397 9.998 10.869 11.291 11.408 11.348 10.946 10.147 9.525 8.682 7.332 6.522 5.964 5.377 4.776 4.140 3.589 3.166 2.780 2.407 1.963 1.545 1.261 1.080 0.976 0.928 0.919 0.962 1.103 1.243 1.350 1.437 1.493 1.499 1.471 1.408 1.312 1.224 1.146 1.079 1.037 1.019 1.080 1.124 1.139 1.114
0.000 0.000 0.000 0.000 0.000 0.000 0.000 0.000 0.000 0.000 0.000 0.000 0.000 0.000 0.002 0.008 0.029 0.091 0.255 0.626 1.305 2.127 2.744 3.279 3.910 4.493 4.829 5.002 5.065 5.056 5.248 6.406 7.974 9.034 9.520 9.665 9.488 9.074 8.445 7.548 6.548 6.338 5.956 5.369 4.768 4.246 3.721 3.170 2.649 2.226 1.928 1.645 1.415 1.233 1.071 0.962 0.906 0.888 0.937 1.069 1.200 1.284 1.323 1.343 1.357 1.342 1.268 1.168 1.104 1.061 1.026 1.001 1.004 1.066 1.100 1.105 1.085
0.000 0.000 0.000 0.000 0.000 0.000 0.000 0.000 0.000 0.000 0.000 0.000 0.000 0.001 0.004 0.015 0.050 0.151 0.406 0.952 1.902 2.877 3.521 4.059 4.617 5.031 5.183 5.199 5.108 5.047 4.894 4.752 5.526 6.464 7.006 7.180 6.947 6.404 5.927 5.924 5.885 5.749 5.408 4.837 4.273 3.785 3.313 2.808 2.311 1.856 1.629 1.465 1.337 1.211 1.066 0.952 0.889 0.868 0.952 1.073 1.189 1.265 1.289 1.298 1.297 1.270 1.190 1.087 1.030 1.004 0.994 1.003 1.013 1.068 1.083 1.085 1.060
0.000 0.000 0.000 0.000 0.000 0.000 0.000 0.000 0.000 0.000 0.000 0.000 0.000 0.001 0.007 0.025 0.083 0.242 0.620 1.390 2.636 3.742 4.434 4.936 5.306 5.515 5.533 5.386 5.227 4.978 4.673 4.350 3.958 4.444 4.875 5.103 5.218 5.330 5.404 5.416 5.374 5.213 4.855 4.340 3.835 3.385 2.915 2.457 1.977 1.585 1.434 1.332 1.248 1.154 1.030 0.933 0.881 0.865 0.971 1.093 1.192 1.256 1.276 1.275 1.265 1.216 1.125 1.041 1.005 0.991 0.995 1.016 1.034 1.077 1.089 1.074 1.029
0.000 0.000 0.000 0.000 0.000 0.000 0.000 0.000 0.000 0.000 0.000 0.000 0.000 0.002 0.011 0.040 0.131 0.369 0.907 1.935 3.497 4.732 5.388 5.736 5.908 5.940 5.812 5.594 5.268 4.814 4.275 3.642 3.445 4.053 4.425 4.628 4.796 4.932 4.994 4.990 4.946 4.762 4.387 3.921 3.463 3.023 2.604 2.143 1.668 1.380 1.290 1.237 1.179 1.086 0.979 0.912 0.876 0.861 0.967 1.096 1.192 1.245 1.264 1.268 1.246 1.182 1.080 1.008 0.986 1.007 1.027 1.042 1.064 1.101 1.099 1.079 1.009
0.000 0.000 0.000 0.000 0.000 0.000 0.000 0.000 0.000 0.000 0.000 0.000 0.001 0.004 0.017 0.062 0.197 0.540 1.276 2.592 4.361 5.590 6.156 6.348 6.374 6.257 6.034 5.714 5.185 4.501 3.642 2.841 3.334 3.789 4.075 4.300 4.503 4.646 4.689 4.679 4.601 4.389 4.032 3.590 3.127 2.722 2.289 1.841 1.397 1.236 1.187 1.161 1.129 1.053 0.946 0.880 0.850 0.837 0.943 1.080 1.179 1.228 1.244 1.246 1.218 1.141 1.037 0.988 0.995 1.037 1.074 1.093 1.100 1.129 1.119 1.085 0.996
0.000 0.000 0.000 0.000 0.000 0.000 0.000 0.000 0.000 0.000 0.000 0.000 0.001 0.007 0.027 0.095 0.292 0.771 1.742 3.380 5.191 6.259 6.658 6.726 6.648 6.466 6.176 5.680 4.938 3.948 2.803 2.899 3.391 3.714 3.944 4.112 4.281 4.406 4.446 4.431 4.341 4.135 3.792 3.306 2.847 2.414 1.985 1.587 1.197 1.125 1.112 1.103 1.076 1.008 0.908 0.838 0.804 0.793 0.938 1.074 1.165 1.207 1.224 1.218 1.176 1.090 1.004 0.999 1.044 1.093 1.130 1.153 1.153 1.163 1.142 1.099 0.994
0.000 0.000 0.000 0.000 0.000 0.000 0.000 0.000 0.000 0.000 0.000 0.000 0.002 0.011 0.043 0.147 0.432 1.089 2.340 4.207 5.794 6.610 6.869 6.881 6.791 6.567 6.136 5.414 4.328 3.008 2.606 2.985 3.470 3.754 3.906 3.992 4.087 4.164 4.213 4.211 4.133 3.928 3.565 3.081 2.608 2.155 1.785 1.373 1.089 1.044 1.043 1.044 1.028 0.975 0.877 0.810 0.783 0.807 0.960 1.085 1.162 1.189 1.202 1.189 1.127 1.039 0.990 1.019 1.105 1.180 1.219 1.235 1.224 1.223 1.180 1.118 1.000
0.000 0.000 0.000 0.000 0.000 0.000 0.000 0.000 0.000 0.000 0.000 0.001 0.004 0.018 0.071 0.231 0.638 1.513 3.064 4.952 6.185 6.715 6.869 6.901 6.828 6.496 5.824 4.674 3.128 2.454 2.662 3.119 3.530 3.771 3.891 3.936 3.971 3.998 4.027 4.028 3.950 3.721 3.335 2.903 2.465 2.003 1.619 1.179 1.018 0.990 0.995 1.001 0.991 0.946 0.865 0.803 0.779 0.831 0.998 1.108 1.170 1.186 1.183 1.150 1.081 1.013 1.017 1.079 1.188 1.274 1.325 1.341 1.314 1.294 1.239 1.150 1.022
0.000 0.000 0.000 0.000 0.000 0.000 0.000 0.000 0.000 0.000 0.000 0.001 0.006 0.030 0.113 0.356 0.928 2.042 3.800 5.449 6.365 6.694 6.787 6.816 6.655 6.104 4.943 3.336 2.470 2.390 2.739 3.239 3.565 3.744 3.825 3.880 3.884 3.888 3.890 3.869 3.767 3.511 3.142 2.762 2.303 1.906 1.495 1.062 0.972 0.955 0.969 0.975 0.968 0.926 0.851 0.801 0.783 0.862 1.037 1.146 1.196 1.202 1.183 1.134 1.068 1.038 1.068 1.169 1.306 1.397 1.443 1.454 1.426 1.375 1.296 1.185 1.050
0.000 0.000 0.000 0.000 0.000 0.000 0.000 0.000 0.000 0.000 0.000 0.002 0.012 0.049 0.174 0.523 1.293 2.659 4.435 5.728 6.381 6.603 6.673 6.589 6.230 5.332 3.826 2.710 2.273 2.375 2.815 3.294 3.579 3.691 3.755 3.783 3.793 3.801 3.797 3.738 3.569 3.306 2.981 2.669 2.168 1.802 1.363 1.016 0.953 0.958 0.980 0.981 0.968 0.926 0.850 0.803 0.795 0.899 1.073 1.181 1.226 1.234 1.207 1.147 1.089 1.103 1.165 1.290 1.442 1.536 1.572 1.569 1.525 1.454 1.360 1.229 1.082
0.000 0.000 0.000 0.000 0.000 0.000 0.000 0.000 0.000 0.000 0.001 0.004 0.020 0.079 0.264 0.742 1.722 3.306 4.912 5.868 6.309 6.481 6.523 6.330 5.687 4.452 3.158 2.330 2.168 2.384 2.893 3.339 3.601 3.695 3.701 3.709 3.712 3.738 3.729 3.633 3.417 3.107 2.896 2.566 2.090 1.709 1.234 0.977 0.934 0.952 0.990 0.992 0.978 0.931 0.858 0.815 0.808 0.937 1.109 1.212 1.259 1.259 1.236 1.183 1.151 1.183 1.290 1.452 1.586 1.670 1.701 1.679 1.603 1.527 1.409 1.252 1.089
0.000 0.000 0.000 0.000 0.000 0.000 0.000 0.000 0.000 0.000 0.002 0.009 0.034 0.123 0.383 1.010 2.208 3.901 5.238 5.945 6.219 6.330 6.307 5.984 5.052 3.709 2.657 2.078 2.082 2.392 2.933 3.370 3.622 3.700 3.712 3.693 3.672 3.662 3.628 3.480 3.225 3.003 2.803 2.455 2.017 1.610 1.092 0.947 0.916 0.952 0.990 0.995 0.983 0.930 0.859 0.823 0.820 0.980 1.145 1.242 1.284 1.282 1.254 1.216 1.225 1.296 1.455 1.630 1.741 1.794 1.807 1.768 1.688 1.574 1.420 1.238 1.049
0.000 0.000 0.000 0.000 0.000 0.000 0.000 0.000 0.000 0.001 0.005 0.017 0.056 0.184 0.531 1.305 2.712 4.423 5.477 5.928 6.083 6.163 6.021 5.428 4.258 3.016 2.267 1.964 2.028 2.410 2.961 3.391 3.643 3.738 3.741 3.718 3.674 3.598 3.476 3.269 2.979 2.867 2.653 2.300 1.932 1.501 1.039 0.933 0.912 0.958 0.995 0.996 0.985 0.930 0.859 0.826 0.828 1.018 1.188 1.283 1.321 1.318 1.293 1.276 1.315 1.444 1.642 1.793 1.872 1.893 1.873 1.827 1.742 1.590 1.387 1.156 0.902
0.000 0.000 0.000 0.000 0.000 0.000 0.000 0.000 0.001 0.003 0.010 0.030 0.090 0.266 0.716 1.654 3.238 4.837 5.687 5.946 5.973 5.957 5.665 4.827 3.492 2.486 1.994 1.838 1.966 2.435 3.018 3.439 3.669 3.752 3.761 3.743 3.674 3.557 3.371 3.089 2.903 2.778 2.541 2.169 1.827 1.356 0.998 0.909 0.897 0.958 0.998 1.000 0.984 0.928 0.859 0.830 0.837 1.056 1.249 1.343 1.374 1.372 1.356 1.353 1.422 1.592 1.800 1.916 1.952 1.948 1.914 1.851 1.742 1.554 1.268 0.926 0.595
