RESULTS/r.avaflow_results/11_results/11_ascii/11_hflow30030.asc
ncols 506
nrows 317
xllcenter 498237.50
yllcenter 5580050.00
cellsize 12.50
NODATA_value -9999.000
[rows 170 to 203 of 317, columns 154 to 230 of 506]
9.237 9.120 8.988 8.827 8.637 8.424 8.209 8.008 7.828 7.667 7.515 7.366 7.200 6.965 6.589 6.037 5.330 4.526 3.707 2.943 2.249 1.651 1.177 0.842 0.632 0.513 0.456 0.439 0.441 0.466 0.524 0.584 0.618 0.636 0.647 0.660 0.683 0.706 0.714 0.711 0.696 0.673 0.652 0.632 0.607 0.572 0.520 0.452 0.383 0.318 0.258 0.210 0.175 0.150 0.134 0.125 0.122 0.123 0.126 0.130 0.132 0.134 0.136 0.138 0.141 0.145 0.155 0.181 0.241 0.369 0.589 0.769 0.839 0.839 0.777 0.622 0.417
12.244 12.482 12.592 12.604 12.557 12.423 12.208 11.944 11.674 11.417 11.174 10.939 10.695 10.396 9.949 9.278 8.388 7.327 6.167 5.021 3.947 2.983 2.172 1.554 1.133 0.873 0.726 0.660 0.644 0.662 0.701 0.727 0.735 0.728 0.717 0.711 0.714 0.719 0.719 0.708 0.682 0.648 0.616 0.584 0.547 0.492 0.413 0.317 0.232 0.173 0.136 0.113 0.098 0.089 0.085 0.084 0.086 0.090 0.095 0.097 0.098 0.099 0.099 0.099 0.099 0.102 0.110 0.129 0.173 0.262 0.432 0.643 0.764 0.802 0.793 0.726 0.575
15.451 16.072 16.365 16.421 16.375 16.218 15.965 15.665 15.357 15.055 14.763 14.484 14.205 13.889 13.451 12.785 11.837 10.630 9.246 7.793 6.361 4.998 3.779 2.771 2.013 1.490 1.154 0.961 0.863 0.817 0.794 0.777 0.762 0.742 0.720 0.706 0.697 0.690 0.677 0.650 0.603 0.547 0.496 0.446 0.389 0.316 0.232 0.162 0.116 0.089 0.074 0.064 0.059 0.057 0.057 0.059 0.063 0.069 0.073 0.075 0.075 0.074 0.074 0.073 0.073 0.075 0.081 0.095 0.125 0.186 0.303 0.499 0.680 0.765 0.786 0.769 0.694
17.761 18.717 19.223 19.388 19.386 19.283 19.091 18.857 18.595 18.308 17.999 17.688 17.380 17.051 16.627 15.991 15.079 13.904 12.534 11.026 9.416 7.753 6.103 4.621 3.408 2.480 1.818 1.379 1.101 0.928 0.829 0.776 0.743 0.712 0.678 0.649 0.622 0.596 0.563 0.508 0.428 0.352 0.291 0.242 0.197 0.151 0.109 0.080 0.061 0.050 0.044 0.040 0.039 0.039 0.040 0.043 0.047 0.053 0.056 0.057 0.058 0.057 0.056 0.056 0.056 0.058 0.062 0.072 0.093 0.133 0.211 0.357 0.567 0.717 0.772 0.776 0.747
18.989 20.181 20.939 21.342 21.530 21.598 21.578 21.496 21.354 21.137 20.840 20.489 20.140 19.783 19.360 18.753 17.886 16.758 15.418 13.926 12.311 10.566 8.665 6.711 4.981 3.573 2.508 1.766 1.286 0.993 0.828 0.736 0.673 0.620 0.567 0.517 0.469 0.421 0.367 0.299 0.229 0.179 0.143 0.117 0.094 0.073 0.056 0.044 0.036 0.032 0.029 0.028 0.028 0.028 0.030 0.032 0.036 0.041 0.043 0.044 0.044 0.044 0.044 0.044 0.045 0.047 0.050 0.058 0.071 0.098 0.148 0.247 0.432 0.638 0.740 0.766 0.759
19.289 20.591 21.560 22.248 22.733 23.066 23.272 23.356 23.336 23.213 22.944 22.544 22.143 21.767 21.350 20.790 20.006 18.972 17.687 16.178 14.477 12.593 10.495 8.173 6.025 4.256 2.910 1.975 1.376 1.012 0.793 0.650 0.545 0.456 0.378 0.316 0.270 0.233 0.194 0.153 0.117 0.091 0.073 0.060 0.049 0.040 0.032 0.027 0.024 0.022 0.022 0.021 0.021 0.022 0.023 0.025 0.028 0.031 0.033 0.034 0.034 0.035 0.035 0.036 0.037 0.039 0.042 0.047 0.057 0.075 0.109 0.176 0.306 0.514 0.673 0.735 0.746
19.114 20.471 21.555 22.410 23.116 23.680 24.063 24.261 24.316 24.262 24.023 23.581 23.144 22.778 22.385 21.874 21.176 20.250 19.048 17.544 15.761 13.733 11.451 8.887 6.479 4.516 3.037 2.027 1.387 0.983 0.715 0.524 0.380 0.276 0.207 0.166 0.141 0.121 0.101 0.080 0.063 0.051 0.042 0.035 0.029 0.025 0.022 0.019 0.018 0.017 0.017 0.017 0.017 0.017 0.018 0.019 0.021 0.023 0.025 0.026 0.027 0.027 0.028 0.029 0.030 0.032 0.035 0.040 0.048 0.061 0.086 0.132 0.218 0.375 0.561 0.671 0.712
18.473 19.942 21.198 22.235 23.080 23.731 24.161 24.386 24.463 24.433 24.212 23.754 23.303 22.956 22.584 22.096 21.440 20.577 19.446 17.976 16.160 14.045 11.661 8.995 6.506 4.489 2.985 1.965 1.309 0.878 0.581 0.372 0.236 0.156 0.111 0.088 0.075 0.065 0.055 0.045 0.037 0.031 0.027 0.023 0.020 0.017 0.016 0.014 0.013 0.013 0.013 0.013 0.013 0.013 0.013 0.014 0.015 0.017 0.018 0.019 0.020 0.021 0.022 0.023 0.025 0.027 0.030 0.034 0.041 0.052 0.070 0.103 0.162 0.264 0.422 0.568 0.651
17.415 19.016 20.445 21.673 22.666 23.384 23.820 24.027 24.086 24.050 23.836 23.402 22.941 22.568 22.174 21.673 21.034 20.221 19.151 17.723 15.913 13.762 11.298 8.579 6.114 4.129 2.671 1.696 1.072 0.661 0.388 0.223 0.134 0.086 0.062 0.049 0.042 0.037 0.032 0.028 0.024 0.021 0.019 0.016 0.014 0.013 0.012 0.011 0.010 0.010 0.010 0.009 0.009 0.010 0.010 0.010 0.011 0.012 0.013 0.014 0.015 0.016 0.017 0.018 0.019 0.021 0.024 0.029 0.035 0.045 0.060 0.084 0.125 0.194 0.301 0.440 0.557
16.065 17.762 19.295 20.629 21.705 22.471 22.919 23.097 23.110 23.017 22.792 22.444 22.007 21.529 21.002 20.419 19.761 18.975 17.957 16.568 14.748 12.532 9.985 7.353 5.072 3.278 1.990 1.155 0.655 0.364 0.202 0.117 0.072 0.049 0.037 0.030 0.026 0.024 0.021 0.019 0.017 0.015 0.014 0.012 0.011 0.010 0.009 0.008 0.007 0.007 0.007 0.007 0.006 0.007 0.007 0.007 0.007 0.008 0.009 0.010 0.010 0.011 0.012 0.013 0.015 0.017 0.020 0.024 0.030 0.039 0.052 0.072 0.103 0.151 0.224 0.327 0.444
14.457 16.163 17.713 19.081 20.215 21.051 21.551 21.724 21.687 21.513 21.294 21.068 20.691 20.074 19.326 18.600 17.863 17.028 15.946 14.459 12.505 10.128 7.565 5.218 3.334 1.960 1.062 0.553 0.292 0.161 0.094 0.060 0.041 0.030 0.024 0.021 0.018 0.017 0.015 0.014 0.012 0.011 0.010 0.009 0.008 0.007 0.006 0.005 0.005 0.004 0.004 0.004 0.004 0.004 0.004 0.004 0.005 0.005 0.006 0.006 0.007 0.008 0.008 0.009 0.011 0.013 0.016 0.020 0.025 0.033 0.045 0.063 0.088 0.126 0.179 0.253 0.348
12.584 14.204 15.735 17.156 18.408 19.392 20.012 20.243 20.218 20.052 19.842 19.622 19.216 18.485 17.565 16.678 15.789 14.753 13.373 11.526 9.154 6.608 4.383 2.734 1.605 0.877 0.445 0.222 0.119 0.071 0.047 0.033 0.025 0.020 0.017 0.015 0.014 0.012 0.011 0.010 0.009 0.008 0.007 0.006 0.005 0.005 0.004 0.004 0.003 0.003 0.002 0.002 0.002 0.002 0.002 0.002 0.002 0.003 0.003 0.004 0.004 0.005 0.005 0.006 0.008 0.009 0.012 0.016 0.021 0.029 0.040 0.056 0.078 0.110 0.153 0.210 0.282
10.536 12.013 13.515 15.015 16.423 17.588 18.370 18.715 18.741 18.605 18.359 18.011 17.446 16.610 15.611 14.579 13.465 12.058 10.143 7.711 5.262 3.307 1.951 1.105 0.608 0.322 0.166 0.089 0.053 0.036 0.027 0.021 0.018 0.015 0.013 0.012 0.010 0.009 0.009 0.008 0.007 0.006 0.005 0.004 0.004 0.003 0.002 0.002 0.002 0.001 0.001 0.001 0.001 0.001 0.001 0.001 0.001 0.001 0.002 0.002 0.002 0.003 0.003 0.004 0.005 0.007 0.009 0.012 0.017 0.024 0.035 0.049 0.070 0.098 0.135 0.181 0.238
8.580 9.837 11.196 12.668 14.131 15.383 16.271 16.721 16.806 16.675 16.291 15.671 14.848 13.879 12.816 11.637 10.226 8.345 6.047 3.894 2.315 1.263 0.661 0.356 0.199 0.112 0.065 0.041 0.029 0.022 0.018 0.015 0.013 0.012 0.010 0.009 0.008 0.007 0.006 0.006 0.005 0.004 0.003 0.003 0.002 0.002 0.001 0.001 0.001 0.000 0.000 0.000 0.000 0.000 0.000 0.000 0.000 0.000 0.001 0.001 0.001 0.001 0.002 0.002 0.003 0.005 0.007 0.009 0.014 0.020 0.030 0.044 0.063 0.088 0.120 0.159 0.205
6.686 7.677 8.756 9.934 11.134 12.195 13.000 13.449 13.557 13.420 12.913 12.042 10.904 9.696 8.503 7.230 5.760 4.109 2.573 1.438 0.734 0.364 0.193 0.113 0.070 0.045 0.031 0.023 0.019 0.016 0.014 0.012 0.010 0.009 0.008 0.007 0.006 0.005 0.005 0.004 0.003 0.002 0.002 0.001 0.001 0.001 0.000 0.000 0.000 0.000 0.000 0.000 0.000 0.000 0.000 0.000 0.000 0.000 0.000 0.000 0.000 0.000 0.001 0.001 0.002 0.003 0.005 0.007 0.011 0.016 0.025 0.037 0.055 0.078 0.107 0.141 0.181
4.764 5.351 5.941 6.530 7.125 7.704 8.192 8.490 8.572 8.460 7.985 7.102 5.971 4.923 4.017 3.165 2.286 1.417 0.767 0.380 0.190 0.105 0.065 0.045 0.032 0.025 0.020 0.016 0.014 0.012 0.011 0.010 0.008 0.007 0.006 0.006 0.005 0.004 0.003 0.002 0.002 0.001 0.001 0.000 0.000 0.000 0.000 0.000 0.000 0.000 0.000 0.000 0.000 0.000 0.000 0.000 0.000 0.000 0.000 0.000 0.000 0.000 0.000 0.000 0.001 0.002 0.003 0.005 0.008 0.013 0.020 0.031 0.046 0.067 0.093 0.124 0.162
2.934 3.120 3.290 3.439 3.577 3.722 3.861 3.944 3.962 3.897 3.641 3.142 2.451 1.834 1.369 0.988 0.641 0.362 0.189 0.101 0.061 0.041 0.031 0.024 0.020 0.017 0.014 0.013 0.011 0.010 0.009 0.008 0.007 0.006 0.005 0.004 0.003 0.003 0.002 0.001 0.001 0.000 0.000 0.000 0.000 0.000 0.000 0.000 0.000 0.000 0.000 0.000 0.000 0.000 0.000 0.000 0.000 0.000 0.000 0.000 0.000 0.000 0.000 0.000 0.000 0.001 0.002 0.003 0.006 0.009 0.015 0.023 0.036 0.054 0.078 0.109 0.146
1.519 1.507 1.499 1.483 1.456 1.430 1.419 1.405 1.386 1.343 1.232 1.027 0.744 0.517 0.367 0.256 0.165 0.098 0.059 0.039 0.029 0.023 0.019 0.017 0.014 0.013 0.011 0.010 0.009 0.008 0.007 0.006 0.005 0.005 0.004 0.003 0.002 0.002 0.001 0.001 0.000 0.000 0.000 0.000 0.000 0.000 0.000 0.000 0.000 0.000 0.000 0.000 0.000 0.000 0.000 0.000 0.000 0.000 0.000 0.000 0.000 0.000 0.000 0.000 0.000 0.000 0.001 0.002 0.004 0.006 0.011 0.017 0.028 0.043 0.064 0.094 0.131
0.648 0.603 0.574 0.549 0.520 0.486 0.459 0.435 0.415 0.392 0.355 0.292 0.207 0.145 0.105 0.076 0.054 0.038 0.028 0.022 0.018 0.016 0.014 0.012 0.011 0.010 0.009 0.008 0.007 0.006 0.006 0.005 0.004 0.004 0.003 0.002 0.002 0.001 0.001 0.000 0.000 0.000 0.000 0.000 0.000 0.000 0.000 0.000 0.000 0.000 0.000 0.000 0.000 0.000 0.000 0.000 0.000 0.000 0.000 0.000 0.000 0.000 0.000 0.000 0.000 0.000 0.000 0.001 0.002 0.004 0.007 0.012 0.020 0.033 0.051 0.079 0.115
0.243 0.224 0.212 0.201 0.188 0.171 0.154 0.141 0.131 0.121 0.109 0.092 0.069 0.052 0.041 0.033 0.026 0.022 0.018 0.015 0.014 0.012 0.011 0.010 0.009 0.008 0.007 0.006 0.005 0.005 0.004 0.004 0.003 0.003 0.002 0.002 0.001 0.001 0.000 0.000 0.000 0.000 0.000 0.000 0.000 0.000 0.000 0.000 0.000 0.000 0.000 0.000 0.000 0.000 0.000 0.000 0.000 0.000 0.000 0.000 0.000 0.000 0.000 0.000 0.000 0.000 0.000 0.000 0.001 0.003 0.005 0.008 0.014 0.023 0.038 0.062 0.096
0.094 0.088 0.083 0.079 0.074 0.067 0.060 0.055 0.051 0.047 0.043 0.039 0.033 0.027 0.023 0.020 0.017 0.015 0.013 0.012 0.010 0.009 0.008 0.007 0.006 0.006 0.005 0.005 0.004 0.004 0.003 0.003 0.002 0.002 0.002 0.001 0.001 0.001 0.000 0.000 0.000 0.000 0.000 0.000 0.000 0.000 0.000 0.000 0.000 0.000 0.000 0.000 0.000 0.000 0.000 0.000 0.000 0.000 0.000 0.000 0.000 0.000 0.000 0.000 0.000 0.000 0.000 0.000 0.001 0.001 0.003 0.005 0.009 0.016 0.027 0.044 0.072
0.042 0.040 0.038 0.037 0.035 0.033 0.030 0.027 0.026 0.025 0.023 0.022 0.020 0.018 0.016 0.014 0.013 0.011 0.010 0.009 0.008 0.007 0.006 0.005 0.005 0.004 0.004 0.003 0.003 0.003 0.002 0.002 0.002 0.002 0.002 0.001 0.001 0.001 0.000 0.000 0.000 0.000 0.000 0.000 0.000 0.000 0.000 0.000 0.000 0.000 0.000 0.000 0.000 0.000 0.000 0.000 0.000 0.000 0.000 0.000 0.000 0.000 0.000 0.000 0.000 0.000 0.000 0.000 0.000 0.001 0.002 0.003 0.006 0.010 0.017 0.029 0.047
0.022 0.022 0.021 0.021 0.020 0.019 0.018 0.017 0.017 0.016 0.016 0.015 0.014 0.013 0.012 0.011 0.010 0.009 0.008 0.007 0.006 0.005 0.004 0.004 0.003 0.003 0.003 0.003 0.002 0.002 0.002 0.002 0.002 0.002 0.001 0.001 0.001 0.001 0.000 0.000 0.000 0.000 0.000 0.000 0.000 0.000 0.000 0.000 0.000 0.000 0.000 0.000 0.000 0.000 0.000 0.000 0.000 0.000 0.000 0.000 0.000 0.000 0.000 0.000 0.000 0.000 0.000 0.000 0.000 0.000 0.001 0.002 0.004 0.006 0.011 0.018 0.029
0.014 0.014 0.014 0.014 0.014 0.013 0.013 0.012 0.012 0.012 0.011 0.011 0.011 0.010 0.009 0.008 0.007 0.006 0.006 0.005 0.004 0.004 0.003 0.003 0.003 0.003 0.002 0.002 0.002 0.002 0.002 0.002 0.002 0.002 0.002 0.001 0.001 0.001 0.000 0.000 0.000 0.000 0.000 0.000 0.000 0.000 0.000 0.000 0.000 0.000 0.000 0.000 0.000 0.000 0.000 0.000 0.000 0.000 0.000 0.000 0.000 0.000 0.000 0.000 0.000 0.000 0.000 0.000 0.000 0.000 0.000 0.001 0.002 0.004 0.006 0.010 0.017
0.010 0.010 0.010 0.010 0.010 0.010 0.010 0.009 0.009 0.009 0.009 0.009 0.008 0.008 0.007 0.006 0.006 0.005 0.004 0.003 0.003 0.003 0.002 0.002 0.002 0.003 0.003 0.003 0.003 0.003 0.003 0.003 0.002 0.002 0.002 0.001 0.001 0.001 0.000 0.000 0.000 0.000 0.000 0.000 0.000 0.000 0.000 0.000 0.000 0.000 0.000 0.000 0.000 0.000 0.000 0.000 0.000 0.000 0.000 0.000 0.000 0.000 0.000 0.000 0.000 0.000 0.000 0.000 0.000 0.000 0.000 0.000 0.001 0.002 0.003 0.006 0.010
0.008 0.008 0.008 0.008 0.008 0.008 0.007 0.007 0.007 0.007 0.007 0.007 0.006 0.006 0.005 0.005 0.004 0.003 0.003 0.002 0.002 0.002 0.002 0.002 0.003 0.003 0.003 0.003 0.003 0.004 0.003 0.003 0.003 0.002 0.002 0.001 0.001 0.000 0.000 0.000 0.000 0.000 0.000 0.000 0.000 0.000 0.000 0.000 0.000 0.000 0.000 0.000 0.000 0.000 0.000 0.000 0.000 0.000 0.000 0.000 0.000 0.000 0.000 0.000 0.000 0.000 0.000 0.000 0.000 0.000 0.000 0.000 0.000 0.001 0.002 0.003 0.005
0.006 0.006 0.006 0.006 0.006 0.006 0.006 0.006 0.006 0.005 0.005 0.005 0.005 0.004 0.004 0.003 0.003 0.002 0.002 0.002 0.002 0.002 0.003 0.003 0.003 0.004 0.004 0.005 0.005 0.004 0.004 0.003 0.003 0.002 0.002 0.001 0.001 0.000 0.000 0.000 0.000 0.000 0.000 0.000 0.000 0.000 0.000 0.000 0.000 0.000 0.000 0.000 0.000 0.000 0.000 0.000 0.000 0.000 0.000 0.000 0.000 0.000 0.000 0.000 0.000 0.000 0.000 0.000 0.000 0.000 0.000 0.000 0.000 0.000 0.001 0.001 0.003
0.005 0.005 0.005 0.005 0.005 0.005 0.005 0.004 0.004 0.004 0.004 0.004 0.003 0.003 0.003 0.002 0.002 0.002 0.002 0.002 0.002 0.003 0.003 0.004 0.005 0.005 0.005 0.005 0.005 0.004 0.004 0.003 0.003 0.002 0.002 0.001 0.001 0.000 0.000 0.000 0.000 0.000 0.000 0.000 0.000 0.000 0.000 0.000 0.000 0.000 0.000 0.000 0.000 0.000 0.000 0.000 0.000 0.000 0.000 0.000 0.000 0.000 0.000 0.000 0.000 0.000 0.000 0.000 0.000 0.000 0.000 0.000 0.000 0.000 0.000 0.001 0.001
0.003 0.004 0.004 0.004 0.004 0.004 0.004 0.003 0.003 0.003 0.003 0.003 0.002 0.002 0.002 0.002 0.001 0.002 0.002 0.003 0.003 0.004 0.005 0.005 0.005 0.006 0.006 0.005 0.005 0.004 0.004 0.003 0.002 0.002 0.001 0.001 0.001 0.000 0.000 0.000 0.000 0.000 0.000 0.000 0.000 0.000 0.000 0.000 0.000 0.000 0.000 0.000 0.000 0.000 0.000 0.000 0.000 0.000 0.000 0.000 0.000 0.000 0.000 0.000 0.000 0.000 0.000 0.000 0.000 0.000 0.000 0.000 0.000 0.000 0.000 0.000 0.000
0.003 0.003 0.003 0.003 0.003 0.003 0.003 0.003 0.003 0.002 0.002 0.002 0.002 0.002 0.001 0.001 0.001 0.002 0.003 0.003 0.004 0.005 0.005 0.005 0.006 0.006 0.006 0.005 0.005 0.004 0.003 0.003 0.002 0.001 0.001 0.001 0.000 0.000 0.000 0.000 0.000 0.000 0.000 0.000 0.000 0.000 0.000 0.000 0.000 0.000 0.000 0.000 0.000 0.000 0.000 0.000 0.000 0.000 0.000 0.000 0.000 0.000 0.000 0.000 0.000 0.000 0.000 0.000 0.000 0.000 0.000 0.000 0.000 0.000 0.000 0.000 0.000
0.002 0.002 0.002 0.002 0.002 0.002 0.002 0.002 0.002 0.002 0.002 0.001 0.001 0.001 0.001 0.001 0.002 0.002 0.003 0.004 0.005 0.005 0.005 0.005 0.006 0.005 0.005 0.005 0.004 0.004 0.003 0.002 0.002 0.001 0.001 0.001 0.000 0.000 0.000 0.000 0.000 0.000 0.000 0.000 0.000 0.000 0.000 0.000 0.000 0.000 0.000 0.000 0.000 0.000 0.000 0.000 0.000 0.000 0.000 0.000 0.000 0.000 0.000 0.000 0.000 0.000 0.000 0.000 0.000 0.000 0.000 0.000 0.000 0.000 0.000 0.000 0.000
0.001 0.001 0.001 0.002 0.002 0.002 0.002 0.002 0.001 0.001 0.001 0.001 0.001 0.001 0.001 0.001 0.002 0.002 0.003 0.004 0.005 0.005 0.005 0.005 0.005 0.005 0.005 0.004 0.004 0.003 0.002 0.002 0.001 0.001 0.001 0.000 0.000 0.000 0.000 0.000 0.000 0.000 0.000 0.000 0.000 0.000 0.000 0.000 0.000 0.000 0.000 0.000 0.000 0.000 0.000 0.000 0.000 0.000 0.000 0.000 0.000 0.000 0.000 0.000 0.000 0.000 0.000 0.000 0.000 0.000 0.000 0.000 0.000 0.000 0.000 0.000 0.000
0.001 0.001 0.001 0.001 0.001 0.001 0.001 0.001 0.001 0.001 0.001 0.001 0.001 0.001 0.001 0.001 0.002 0.002 0.003 0.004 0.004 0.005 0.005 0.005 0.004 0.004 0.004 0.003 0.003 0.002 0.001 0.001 0.001 0.001 0.000 0.000 0.000 0.000 0.000 0.000 0.000 0.000 0.000 0.000 0.000 0.000 0.000 0.000 0.000 0.000 0.000 0.000 0.000 0.000 0.000 0.000 0.000 0.000 0.000 0.000 0.000 0.000 0.000 0.000 0.000 0.000 0.000 0.000 0.000 0.000 0.000 0.000 0.000 0.000 0.000 0.000 0.000
0.000 0.001 0.001 0.001 0.001 0.001 0.001 0.001 0.001 0.001 0.001 0.001 0.001 0.001 0.001 0.001 0.002 0.002 0.003 0.003 0.004 0.004 0.004 0.004 0.003 0.003 0.002 0.002 0.001 0.001 0.001 0.001 0.001 0.000 0.000 0.000 0.000 0.000 0.000 0.000 0.000 0.000 0.000 0.000 0.000 0.000 0.000 0.000 0.000 0.000 0.000 0.000 0.000 0.000 0.000 0.000 0.000 0.000 0.000 0.000 0.000 0.000 0.000 0.000 0.000 0.000 0.000 0.000 0.000 0.000 0.000 0.000 0.000 0.000 0.000 0.000 0.000
