RESULTS/r.avaflow_results/11_results/11_ascii/11_hflow30032.asc
ncols 506
nrows 317
xllcenter 498237.50
yllcenter 5580050.00
cellsize 12.50
NODATA_value -9999.000
[rows 170 to 203 of 317, columns 154 to 230 of 506]
9.232 9.117 8.992 8.843 8.666 8.468 8.268 8.078 7.902 7.743 7.593 7.444 7.277 7.039 6.660 6.111 5.413 4.619 3.804 3.036 2.339 1.735 1.251 0.901 0.675 0.543 0.476 0.454 0.455 0.479 0.530 0.580 0.609 0.626 0.640 0.657 0.683 0.710 0.722 0.721 0.710 0.691 0.669 0.645 0.617 0.577 0.520 0.450 0.381 0.317 0.257 0.208 0.171 0.146 0.131 0.124 0.122 0.124 0.128 0.133 0.136 0.139 0.142 0.144 0.146 0.151 0.162 0.190 0.256 0.392 0.578 0.692 0.727 0.716 0.645 0.489 0.319
12.219 12.459 12.574 12.594 12.553 12.430 12.227 11.974 11.707 11.451 11.207 10.970 10.724 10.421 9.972 9.307 8.427 7.376 6.224 5.076 3.998 3.029 2.215 1.592 1.164 0.894 0.738 0.665 0.645 0.656 0.683 0.703 0.709 0.704 0.698 0.699 0.708 0.720 0.723 0.716 0.697 0.666 0.632 0.597 0.556 0.497 0.413 0.316 0.232 0.173 0.136 0.112 0.097 0.088 0.085 0.084 0.086 0.091 0.097 0.101 0.102 0.103 0.103 0.103 0.104 0.107 0.116 0.137 0.185 0.283 0.453 0.614 0.691 0.710 0.693 0.620 0.470
15.411 16.038 16.339 16.401 16.358 16.208 15.963 15.670 15.364 15.062 14.767 14.482 14.197 13.875 13.434 12.770 11.827 10.625 9.245 7.789 6.351 4.983 3.761 2.756 2.001 1.478 1.139 0.940 0.836 0.783 0.756 0.740 0.728 0.713 0.697 0.690 0.687 0.686 0.679 0.658 0.618 0.564 0.511 0.457 0.397 0.320 0.233 0.162 0.117 0.090 0.074 0.065 0.059 0.057 0.057 0.059 0.064 0.070 0.075 0.077 0.078 0.078 0.077 0.077 0.077 0.079 0.085 0.101 0.135 0.202 0.329 0.509 0.643 0.699 0.709 0.687 0.608
17.705 18.666 19.180 19.350 19.352 19.252 19.063 18.830 18.569 18.282 17.970 17.652 17.338 17.003 16.574 15.936 15.025 13.851 12.478 10.961 9.339 7.668 6.016 4.539 3.334 2.411 1.750 1.310 1.033 0.867 0.778 0.734 0.706 0.679 0.651 0.628 0.608 0.589 0.563 0.516 0.444 0.367 0.303 0.250 0.202 0.153 0.111 0.081 0.062 0.051 0.044 0.041 0.039 0.039 0.040 0.043 0.048 0.054 0.058 0.060 0.060 0.060 0.059 0.059 0.059 0.061 0.066 0.077 0.100 0.144 0.228 0.382 0.567 0.675 0.708 0.708 0.676
18.923 20.117 20.879 21.285 21.474 21.543 21.520 21.436 21.291 21.073 20.774 20.420 20.065 19.702 19.272 18.661 17.793 16.665 15.321 13.822 12.197 10.441 8.532 6.568 4.831 3.423 2.365 1.636 1.177 0.909 0.766 0.687 0.631 0.583 0.536 0.492 0.451 0.411 0.366 0.306 0.239 0.187 0.149 0.121 0.096 0.074 0.057 0.045 0.037 0.032 0.030 0.029 0.028 0.029 0.030 0.032 0.036 0.041 0.044 0.046 0.046 0.046 0.046 0.047 0.048 0.050 0.054 0.062 0.077 0.106 0.161 0.267 0.453 0.620 0.692 0.706 0.696
19.221 20.524 21.491 22.177 22.660 22.988 23.187 23.265 23.242 23.115 22.845 22.445 22.040 21.657 21.233 20.669 19.883 18.847 17.560 16.046 14.337 12.440 10.328 7.982 5.815 4.046 2.715 1.806 1.242 0.913 0.719 0.592 0.497 0.417 0.348 0.295 0.258 0.227 0.195 0.159 0.122 0.096 0.077 0.062 0.050 0.041 0.033 0.028 0.025 0.023 0.022 0.022 0.022 0.022 0.023 0.025 0.028 0.031 0.034 0.035 0.036 0.037 0.037 0.038 0.039 0.042 0.045 0.051 0.062 0.082 0.119 0.191 0.331 0.524 0.646 0.687 0.690
19.047 20.403 21.483 22.333 23.031 23.587 23.963 24.154 24.204 24.146 23.907 23.466 23.025 22.652 22.254 21.739 21.039 20.109 18.904 17.397 15.608 13.566 11.264 8.670 6.241 4.280 2.822 1.845 1.244 0.875 0.633 0.462 0.337 0.248 0.191 0.156 0.136 0.120 0.103 0.084 0.066 0.053 0.044 0.036 0.030 0.025 0.022 0.020 0.018 0.017 0.017 0.017 0.017 0.017 0.018 0.019 0.021 0.024 0.026 0.027 0.028 0.029 0.030 0.032 0.033 0.036 0.039 0.044 0.052 0.067 0.093 0.143 0.236 0.401 0.561 0.640 0.665
18.411 19.874 21.122 22.151 22.989 23.633 24.057 24.276 24.348 24.315 24.094 23.637 23.181 22.828 22.452 21.962 21.304 20.438 19.304 17.831 16.010 13.881 11.473 8.773 6.264 4.251 2.768 1.780 1.163 0.768 0.502 0.322 0.208 0.142 0.104 0.084 0.073 0.065 0.056 0.047 0.039 0.033 0.028 0.024 0.020 0.018 0.016 0.014 0.014 0.013 0.013 0.013 0.013 0.013 0.014 0.014 0.016 0.017 0.019 0.021 0.022 0.023 0.025 0.026 0.028 0.030 0.034 0.038 0.045 0.057 0.076 0.111 0.174 0.285 0.439 0.559 0.618
17.353 18.946 20.364 21.582 22.567 23.280 23.711 23.914 23.970 23.933 23.719 23.285 22.820 22.444 22.047 21.546 20.906 20.089 19.016 17.586 15.773 13.609 11.117 8.359 5.874 3.896 2.462 1.522 0.939 0.568 0.332 0.194 0.120 0.080 0.059 0.048 0.042 0.038 0.033 0.029 0.025 0.022 0.019 0.017 0.015 0.013 0.012 0.011 0.010 0.010 0.010 0.010 0.010 0.010 0.010 0.010 0.011 0.012 0.014 0.015 0.017 0.018 0.020 0.021 0.023 0.026 0.029 0.033 0.040 0.049 0.065 0.091 0.135 0.208 0.319 0.448 0.543
15.997 17.684 19.206 20.530 21.599 22.359 22.803 22.980 22.994 22.903 22.679 22.327 21.886 21.409 20.885 20.303 19.642 18.853 17.833 16.444 14.621 12.390 9.808 7.136 4.840 3.063 1.810 1.019 0.564 0.311 0.176 0.104 0.067 0.046 0.036 0.030 0.027 0.024 0.022 0.019 0.017 0.016 0.014 0.012 0.011 0.010 0.009 0.008 0.007 0.007 0.007 0.007 0.007 0.007 0.007 0.007 0.008 0.009 0.010 0.011 0.012 0.013 0.015 0.017 0.019 0.021 0.024 0.029 0.035 0.043 0.056 0.077 0.109 0.161 0.237 0.341 0.446
14.381 16.077 17.617 18.976 20.102 20.929 21.422 21.595 21.562 21.394 21.174 20.940 20.559 19.948 19.209 18.483 17.744 16.908 15.828 14.344 12.385 9.989 7.391 5.016 3.139 1.799 0.952 0.488 0.256 0.142 0.085 0.055 0.039 0.029 0.024 0.021 0.019 0.017 0.015 0.014 0.013 0.011 0.010 0.009 0.008 0.007 0.006 0.005 0.005 0.004 0.004 0.004 0.004 0.004 0.004 0.004 0.005 0.006 0.006 0.007 0.008 0.010 0.011 0.013 0.014 0.017 0.020 0.024 0.030 0.038 0.050 0.067 0.094 0.132 0.188 0.264 0.356
12.501 14.112 15.631 17.039 18.278 19.247 19.857 20.084 20.059 19.894 19.682 19.461 19.059 18.338 17.427 16.538 15.648 14.617 13.248 11.410 9.041 6.490 4.262 2.620 1.508 0.806 0.403 0.201 0.109 0.066 0.044 0.032 0.025 0.020 0.017 0.015 0.014 0.013 0.012 0.011 0.009 0.008 0.007 0.006 0.006 0.005 0.004 0.003 0.003 0.003 0.002 0.002 0.002 0.002 0.002 0.002 0.003 0.003 0.004 0.005 0.006 0.007 0.008 0.009 0.011 0.013 0.017 0.021 0.026 0.034 0.045 0.061 0.083 0.115 0.159 0.216 0.288
10.449 11.912 13.397 14.876 16.266 17.412 18.179 18.518 18.544 18.411 18.169 17.826 17.271 16.445 15.451 14.417 13.306 11.912 10.017 7.613 5.196 3.261 1.910 1.067 0.576 0.300 0.154 0.083 0.051 0.035 0.026 0.021 0.018 0.015 0.013 0.012 0.011 0.010 0.009 0.008 0.007 0.006 0.005 0.004 0.004 0.003 0.002 0.002 0.002 0.001 0.001 0.001 0.001 0.001 0.001 0.001 0.001 0.002 0.002 0.003 0.003 0.004 0.005 0.006 0.008 0.010 0.013 0.017 0.023 0.030 0.041 0.055 0.076 0.104 0.140 0.185 0.239
8.486 9.721 11.056 12.504 13.948 15.181 16.055 16.499 16.585 16.461 16.091 15.485 14.675 13.713 12.653 11.478 10.076 8.223 5.975 3.868 2.310 1.263 0.657 0.348 0.192 0.107 0.062 0.039 0.028 0.022 0.018 0.015 0.013 0.012 0.011 0.009 0.008 0.007 0.007 0.006 0.005 0.004 0.003 0.003 0.002 0.002 0.001 0.001 0.001 0.000 0.000 0.000 0.000 0.000 0.000 0.000 0.000 0.001 0.001 0.001 0.002 0.002 0.003 0.004 0.006 0.008 0.011 0.014 0.020 0.027 0.037 0.051 0.070 0.095 0.126 0.162 0.204
6.587 7.545 8.595 9.747 10.932 11.982 12.776 13.220 13.329 13.201 12.713 11.863 10.742 9.546 8.370 7.119 5.684 4.074 2.572 1.452 0.748 0.372 0.195 0.112 0.069 0.044 0.031 0.023 0.019 0.016 0.014 0.012 0.011 0.009 0.008 0.007 0.006 0.006 0.005 0.004 0.003 0.002 0.002 0.001 0.001 0.001 0.000 0.000 0.000 0.000 0.000 0.000 0.000 0.000 0.000 0.000 0.000 0.000 0.000 0.000 0.001 0.001 0.002 0.003 0.004 0.006 0.008 0.012 0.016 0.023 0.033 0.046 0.064 0.087 0.114 0.145 0.180
4.677 5.226 5.788 6.359 6.945 7.519 8.002 8.297 8.379 8.276 7.821 6.969 5.877 4.858 3.975 3.145 2.286 1.430 0.784 0.392 0.197 0.108 0.066 0.045 0.032 0.024 0.019 0.016 0.014 0.012 0.011 0.010 0.009 0.008 0.007 0.006 0.005 0.004 0.003 0.002 0.002 0.001 0.001 0.000 0.000 0.000 0.000 0.000 0.000 0.000 0.000 0.000 0.000 0.000 0.000 0.000 0.000 0.000 0.000 0.000 0.000 0.000 0.001 0.002 0.003 0.004 0.006 0.009 0.014 0.020 0.029 0.041 0.057 0.078 0.102 0.131 0.164
2.889 3.056 3.213 3.356 3.492 3.638 3.778 3.862 3.881 3.822 3.577 3.098 2.432 1.832 1.376 0.999 0.653 0.373 0.196 0.106 0.063 0.042 0.031 0.024 0.020 0.016 0.014 0.012 0.011 0.010 0.009 0.008 0.007 0.006 0.005 0.005 0.004 0.003 0.002 0.001 0.001 0.000 0.000 0.000 0.000 0.000 0.000 0.000 0.000 0.000 0.000 0.000 0.000 0.000 0.000 0.000 0.000 0.000 0.000 0.000 0.000 0.000 0.000 0.001 0.002 0.003 0.005 0.007 0.011 0.016 0.024 0.035 0.049 0.068 0.091 0.120 0.153
1.507 1.487 1.473 1.454 1.427 1.405 1.397 1.386 1.369 1.329 1.222 1.024 0.749 0.525 0.375 0.263 0.170 0.102 0.061 0.040 0.029 0.023 0.019 0.016 0.014 0.012 0.011 0.010 0.009 0.008 0.007 0.006 0.006 0.005 0.004 0.003 0.003 0.002 0.001 0.001 0.000 0.000 0.000 0.000 0.000 0.000 0.000 0.000 0.000 0.000 0.000 0.000 0.000 0.000 0.000 0.000 0.000 0.000 0.000 0.000 0.000 0.000 0.000 0.000 0.001 0.002 0.003 0.005 0.008 0.013 0.019 0.028 0.041 0.058 0.081 0.110 0.145
0.651 0.602 0.570 0.543 0.513 0.482 0.456 0.435 0.416 0.394 0.357 0.296 0.212 0.149 0.109 0.079 0.056 0.039 0.029 0.022 0.019 0.016 0.014 0.012 0.011 0.010 0.008 0.008 0.007 0.006 0.006 0.005 0.004 0.004 0.003 0.003 0.002 0.001 0.001 0.000 0.000 0.000 0.000 0.000 0.000 0.000 0.000 0.000 0.000 0.000 0.000 0.000 0.000 0.000 0.000 0.000 0.000 0.000 0.000 0.000 0.000 0.000 0.000 0.000 0.000 0.001 0.002 0.003 0.006 0.009 0.015 0.022 0.033 0.048 0.070 0.100 0.137
0.247 0.226 0.213 0.201 0.187 0.170 0.155 0.143 0.133 0.123 0.111 0.094 0.071 0.054 0.042 0.034 0.027 0.022 0.018 0.016 0.013 0.012 0.011 0.009 0.008 0.007 0.006 0.006 0.005 0.005 0.004 0.004 0.003 0.003 0.002 0.002 0.002 0.001 0.001 0.000 0.000 0.000 0.000 0.000 0.000 0.000 0.000 0.000 0.000 0.000 0.000 0.000 0.000 0.000 0.000 0.000 0.000 0.000 0.000 0.000 0.000 0.000 0.000 0.000 0.000 0.000 0.001 0.002 0.004 0.007 0.011 0.017 0.025 0.039 0.059 0.087 0.126
0.096 0.089 0.085 0.080 0.075 0.068 0.061 0.056 0.052 0.048 0.044 0.040 0.033 0.028 0.023 0.020 0.017 0.015 0.013 0.012 0.010 0.009 0.008 0.007 0.006 0.005 0.005 0.004 0.004 0.004 0.003 0.003 0.003 0.002 0.002 0.002 0.001 0.001 0.001 0.000 0.000 0.000 0.000 0.000 0.000 0.000 0.000 0.000 0.000 0.000 0.000 0.000 0.000 0.000 0.000 0.000 0.000 0.000 0.000 0.000 0.000 0.000 0.000 0.000 0.000 0.000 0.000 0.001 0.003 0.005 0.008 0.012 0.019 0.029 0.045 0.070 0.106
0.043 0.041 0.039 0.037 0.036 0.033 0.030 0.028 0.026 0.025 0.024 0.022 0.021 0.018 0.016 0.014 0.013 0.011 0.010 0.009 0.008 0.007 0.006 0.005 0.005 0.004 0.004 0.003 0.003 0.003 0.003 0.002 0.002 0.002 0.002 0.002 0.001 0.001 0.000 0.000 0.000 0.000 0.000 0.000 0.000 0.000 0.000 0.000 0.000 0.000 0.000 0.000 0.000 0.000 0.000 0.000 0.000 0.000 0.000 0.000 0.000 0.000 0.000 0.000 0.000 0.000 0.000 0.001 0.002 0.003 0.005 0.009 0.013 0.020 0.031 0.049 0.076
0.023 0.022 0.022 0.021 0.021 0.020 0.018 0.018 0.017 0.016 0.016 0.015 0.015 0.014 0.012 0.011 0.010 0.009 0.007 0.006 0.006 0.005 0.004 0.004 0.004 0.003 0.003 0.003 0.003 0.003 0.002 0.002 0.002 0.002 0.002 0.001 0.001 0.001 0.000 0.000 0.000 0.000 0.000 0.000 0.000 0.000 0.000 0.000 0.000 0.000 0.000 0.000 0.000 0.000 0.000 0.000 0.000 0.000 0.000 0.000 0.000 0.000 0.000 0.000 0.000 0.000 0.000 0.000 0.001 0.002 0.003 0.006 0.009 0.014 0.021 0.032 0.048
0.015 0.015 0.014 0.014 0.014 0.013 0.013 0.012 0.012 0.012 0.012 0.011 0.011 0.010 0.010 0.009 0.007 0.006 0.005 0.005 0.004 0.004 0.003 0.003 0.003 0.003 0.003 0.003 0.003 0.003 0.002 0.002 0.002 0.002 0.002 0.002 0.001 0.001 0.000 0.000 0.000 0.000 0.000 0.000 0.000 0.000 0.000 0.000 0.000 0.000 0.000 0.000 0.000 0.000 0.000 0.000 0.000 0.000 0.000 0.000 0.000 0.000 0.000 0.000 0.000 0.000 0.000 0.000 0.000 0.001 0.002 0.004 0.006 0.009 0.014 0.020 0.030
0.010 0.010 0.010 0.010 0.010 0.010 0.010 0.010 0.009 0.009 0.009 0.009 0.008 0.008 0.007 0.007 0.006 0.005 0.004 0.003 0.003 0.003 0.003 0.003 0.003 0.003 0.003 0.003 0.003 0.003 0.003 0.003 0.003 0.003 0.002 0.002 0.001 0.001 0.000 0.000 0.000 0.000 0.000 0.000 0.000 0.000 0.000 0.000 0.000 0.000 0.000 0.000 0.000 0.000 0.000 0.000 0.000 0.000 0.000 0.000 0.000 0.000 0.000 0.000 0.000 0.000 0.000 0.000 0.000 0.000 0.001 0.002 0.004 0.006 0.009 0.013 0.019
0.008 0.008 0.008 0.008 0.008 0.008 0.008 0.007 0.007 0.007 0.007 0.007 0.007 0.006 0.006 0.005 0.004 0.003 0.003 0.003 0.002 0.003 0.003 0.003 0.003 0.003 0.004 0.004 0.004 0.004 0.004 0.004 0.003 0.003 0.002 0.002 0.001 0.001 0.000 0.000 0.000 0.000 0.000 0.000 0.000 0.000 0.000 0.000 0.000 0.000 0.000 0.000 0.000 0.000 0.000 0.000 0.000 0.000 0.000 0.000 0.000 0.000 0.000 0.000 0.000 0.000 0.000 0.000 0.000 0.000 0.000 0.001 0.002 0.004 0.006 0.008 0.012
0.006 0.006 0.006 0.006 0.006 0.006 0.006 0.006 0.006 0.006 0.006 0.005 0.005 0.005 0.004 0.003 0.003 0.002 0.002 0.002 0.002 0.003 0.003 0.003 0.004 0.005 0.005 0.005 0.005 0.005 0.005 0.004 0.003 0.003 0.002 0.002 0.001 0.001 0.000 0.000 0.000 0.000 0.000 0.000 0.000 0.000 0.000 0.000 0.000 0.000 0.000 0.000 0.000 0.000 0.000 0.000 0.000 0.000 0.000 0.000 0.000 0.000 0.000 0.000 0.000 0.000 0.000 0.000 0.000 0.000 0.000 0.000 0.001 0.002 0.003 0.005 0.008
0.005 0.005 0.005 0.005 0.005 0.005 0.005 0.005 0.005 0.004 0.004 0.004 0.004 0.003 0.003 0.002 0.002 0.002 0.002 0.002 0.003 0.003 0.004 0.005 0.005 0.006 0.006 0.006 0.006 0.005 0.005 0.004 0.003 0.003 0.002 0.001 0.001 0.001 0.000 0.000 0.000 0.000 0.000 0.000 0.000 0.000 0.000 0.000 0.000 0.000 0.000 0.000 0.000 0.000 0.000 0.000 0.000 0.000 0.000 0.000 0.000 0.000 0.000 0.000 0.000 0.000 0.000 0.000 0.000 0.000 0.000 0.000 0.000 0.001 0.002 0.003 0.005
0.004 0.004 0.004 0.004 0.004 0.004 0.004 0.004 0.004 0.003 0.003 0.003 0.003 0.002 0.002 0.002 0.002 0.002 0.002 0.003 0.003 0.004 0.005 0.006 0.006 0.006 0.006 0.006 0.006 0.005 0.005 0.004 0.003 0.002 0.002 0.001 0.001 0.001 0.000 0.000 0.000 0.000 0.000 0.000 0.000 0.000 0.000 0.000 0.000 0.000 0.000 0.000 0.000 0.000 0.000 0.000 0.000 0.000 0.000 0.000 0.000 0.000 0.000 0.000 0.000 0.000 0.000 0.000 0.000 0.000 0.000 0.000 0.000 0.000 0.001 0.002 0.003
0.003 0.003 0.003 0.003 0.003 0.003 0.003 0.003 0.003 0.003 0.002 0.002 0.002 0.002 0.001 0.001 0.002 0.002 0.003 0.004 0.004 0.005 0.006 0.006 0.006 0.006 0.006 0.006 0.006 0.005 0.004 0.003 0.003 0.002 0.001 0.001 0.001 0.000 0.000 0.000 0.000 0.000 0.000 0.000 0.000 0.000 0.000 0.000 0.000 0.000 0.000 0.000 0.000 0.000 0.000 0.000 0.000 0.000 0.000 0.000 0.000 0.000 0.000 0.000 0.000 0.000 0.000 0.000 0.000 0.000 0.000 0.000 0.000 0.000 0.000 0.001 0.001
0.002 0.002 0.002 0.002 0.002 0.002 0.002 0.002 0.002 0.002 0.002 0.002 0.001 0.001 0.001 0.001 0.002 0.002 0.003 0.004 0.005 0.006 0.006 0.006 0.006 0.006 0.006 0.006 0.005 0.005 0.004 0.003 0.002 0.001 0.001 0.001 0.000 0.000 0.000 0.000 0.000 0.000 0.000 0.000 0.000 0.000 0.000 0.000 0.000 0.000 0.000 0.000 0.000 0.000 0.000 0.000 0.000 0.000 0.000 0.000 0.000 0.000 0.000 0.000 0.000 0.000 0.000 0.000 0.000 0.000 0.000 0.000 0.000 0.000 0.000 0.000 0.000
0.001 0.001 0.002 0.002 0.002 0.002 0.002 0.002 0.002 0.002 0.001 0.001 0.001 0.001 0.001 0.001 0.002 0.003 0.003 0.004 0.005 0.006 0.006 0.006 0.006 0.006 0.006 0.005 0.005 0.004 0.003 0.002 0.001 0.001 0.001 0.001 0.000 0.000 0.000 0.000 0.000 0.000 0.000 0.000 0.000 0.000 0.000 0.000 0.000 0.000 0.000 0.000 0.000 0.000 0.000 0.000 0.000 0.000 0.000 0.000 0.000 0.000 0.000 0.000 0.000 0.000 0.000 0.000 0.000 0.000 0.000 0.000 0.000 0.000 0.000 0.000 0.000
0.001 0.001 0.001 0.001 0.001 0.001 0.001 0.001 0.001 0.001 0.001 0.001 0.001 0.001 0.001 0.001 0.002 0.003 0.003 0.004 0.005 0.005 0.005 0.005 0.005 0.005 0.004 0.004 0.003 0.002 0.002 0.001 0.001 0.001 0.001 0.000 0.000 0.000 0.000 0.000 0.000 0.000 0.000 0.000 0.000 0.000 0.000 0.000 0.000 0.000 0.000 0.000 0.000 0.000 0.000 0.000 0.000 0.000 0.000 0.000 0.000 0.000 0.000 0.000 0.000 0.000 0.000 0.000 0.000 0.000 0.000 0.000 0.000 0.000 0.000 0.000 0.000
0.000 0.001 0.001 0.001 0.001 0.001 0.001 0.001 0.001 0.001 0.001 0.001 0.001 0.001 0.001 0.001 0.002 0.002 0.003 0.004 0.004 0.004 0.004 0.004 0.004 0.003 0.003 0.002 0.002 0.001 0.001 0.001 0.001 0.001 0.000 0.000 0.000 0.000 0.000 0.000 0.000 0.000 0.000 0.000 0.000 0.000 0.000 0.000 0.000 0.000 0.000 0.000 0.000 0.000 0.000 0.000 0.000 0.000 0.000 0.000 0.000 0.000 0.000 0.000 0.000 0.000 0.000 0.000 0.000 0.000 0.000 0.000 0.000 0.000 0.000 0.000 0.000
