RESULTS/r.avaflow_results/11_results/11_ascii/11_hflow10023.asc
ncols 506
nrows 317
xllcenter 498237.50
yllcenter 5580050.00
cellsize 12.50
NODATA_value -9999.000
[rows 204 to 237 of 317, columns 77 to 153 of 506]
0.004 0.004 0.005 0.005 0.005 0.005 0.005 0.006 0.007 0.008 0.009 0.011 0.013 0.015 0.018 0.022 0.029 0.042 0.069 0.118 0.153 0.163 0.161 0.138 0.082 0.035 0.015 0.009 0.008 0.014 0.030 0.048 0.055 0.056 0.055 0.050 0.043 0.037 0.032 0.028 0.026 0.025 0.025 0.024 0.020 0.015 0.009 0.006 0.003 0.002 0.001 0.001 0.000 0.000 0.000 0.000 0.000 0.000 0.000 0.000 0.000 0.000 0.000 0.000 0.000 0.001 0.001 0.001 0.001 0.000 0.000 0.000 0.000 0.000 0.000 0.000 0.000
0.007 0.007 0.007 0.007 0.007 0.008 0.008 0.009 0.009 0.011 0.012 0.013 0.015 0.017 0.020 0.025 0.033 0.049 0.084 0.135 0.158 0.161 0.151 0.112 0.054 0.023 0.010 0.005 0.004 0.005 0.010 0.018 0.021 0.022 0.022 0.020 0.017 0.014 0.011 0.009 0.008 0.008 0.008 0.008 0.007 0.006 0.004 0.002 0.001 0.001 0.001 0.000 0.000 0.000 0.000 0.001 0.000 0.000 0.000 0.000 0.000 0.000 0.000 0.000 0.001 0.001 0.001 0.001 0.001 0.000 0.000 0.000 0.000 0.000 0.000 0.000 0.000
0.010 0.010 0.010 0.010 0.010 0.011 0.011 0.012 0.012 0.013 0.014 0.015 0.016 0.018 0.022 0.028 0.038 0.059 0.103 0.148 0.163 0.162 0.141 0.085 0.037 0.016 0.008 0.004 0.003 0.002 0.003 0.006 0.007 0.008 0.008 0.008 0.006 0.005 0.004 0.003 0.002 0.002 0.002 0.002 0.002 0.002 0.001 0.001 0.001 0.001 0.001 0.000 0.000 0.000 0.000 0.001 0.000 0.000 0.000 0.000 0.000 0.000 0.000 0.001 0.001 0.001 0.001 0.001 0.000 0.000 0.000 0.000 0.000 0.000 0.000 0.000 0.000
0.015 0.015 0.014 0.014 0.014 0.014 0.015 0.015 0.015 0.016 0.016 0.017 0.018 0.020 0.025 0.032 0.045 0.073 0.124 0.157 0.165 0.160 0.124 0.062 0.026 0.012 0.006 0.003 0.002 0.002 0.001 0.002 0.002 0.003 0.003 0.002 0.002 0.002 0.001 0.001 0.001 0.001 0.001 0.001 0.001 0.001 0.001 0.001 0.001 0.001 0.001 0.000 0.000 0.000 0.000 0.000 0.000 0.000 0.000 0.000 0.000 0.000 0.001 0.001 0.001 0.001 0.001 0.001 0.000 0.000 0.000 0.000 0.000 0.000 0.000 0.000 0.000
0.023 0.022 0.021 0.020 0.020 0.020 0.019 0.019 0.018 0.018 0.018 0.019 0.020 0.023 0.028 0.037 0.055 0.094 0.143 0.164 0.166 0.152 0.100 0.044 0.019 0.009 0.005 0.003 0.002 0.001 0.001 0.001 0.001 0.001 0.001 0.001 0.001 0.001 0.001 0.001 0.001 0.001 0.001 0.001 0.001 0.001 0.001 0.001 0.001 0.001 0.001 0.001 0.000 0.000 0.001 0.000 0.000 0.000 0.000 0.000 0.000 0.000 0.001 0.001 0.001 0.001 0.001 0.000 0.000 0.000 0.000 0.000 0.000 0.000 0.000 0.000 0.000
0.036 0.034 0.031 0.030 0.028 0.026 0.024 0.023 0.022 0.022 0.022 0.022 0.023 0.027 0.033 0.044 0.068 0.117 0.156 0.167 0.165 0.137 0.075 0.032 0.014 0.007 0.004 0.003 0.002 0.001 0.001 0.001 0.001 0.001 0.001 0.001 0.001 0.000 0.000 0.001 0.000 0.001 0.001 0.001 0.001 0.001 0.001 0.001 0.001 0.001 0.001 0.001 0.001 0.001 0.001 0.000 0.000 0.000 0.000 0.000 0.000 0.000 0.001 0.001 0.001 0.001 0.001 0.000 0.000 0.000 0.000 0.000 0.000 0.000 0.000 0.000 0.000
0.056 0.053 0.049 0.045 0.041 0.037 0.032 0.029 0.027 0.027 0.027 0.027 0.029 0.032 0.039 0.053 0.087 0.138 0.163 0.168 0.159 0.117 0.055 0.024 0.011 0.006 0.004 0.002 0.002 0.001 0.001 0.001 0.000 0.000 0.000 0.001 0.001 0.000 0.000 0.001 0.000 0.001 0.001 0.001 0.001 0.001 0.001 0.001 0.001 0.001 0.001 0.001 0.001 0.001 0.000 0.000 0.000 0.000 0.001 0.000 0.000 0.000 0.001 0.001 0.001 0.001 0.000 0.000 0.000 0.000 0.000 0.000 0.000 0.000 0.000 0.000 0.000
0.086 0.083 0.077 0.071 0.063 0.054 0.045 0.039 0.036 0.034 0.034 0.034 0.036 0.039 0.046 0.064 0.107 0.150 0.166 0.166 0.148 0.093 0.042 0.019 0.009 0.005 0.003 0.002 0.002 0.001 0.001 0.001 0.000 0.000 0.000 0.000 0.001 0.000 0.001 0.001 0.000 0.001 0.001 0.001 0.001 0.001 0.001 0.001 0.001 0.001 0.001 0.001 0.001 0.001 0.000 0.000 0.000 0.000 0.001 0.000 0.000 0.000 0.001 0.001 0.001 0.000 0.000 0.000 0.000 0.000 0.000 0.000 0.000 0.000 0.000 0.000 0.000
0.128 0.126 0.121 0.112 0.100 0.085 0.069 0.057 0.049 0.045 0.044 0.044 0.045 0.048 0.056 0.077 0.124 0.157 0.165 0.161 0.131 0.071 0.032 0.016 0.008 0.005 0.003 0.002 0.002 0.001 0.001 0.001 0.001 0.000 0.000 0.000 0.000 0.000 0.001 0.001 0.000 0.001 0.001 0.001 0.001 0.001 0.001 0.001 0.001 0.001 0.001 0.001 0.001 0.000 0.000 0.000 0.000 0.000 0.000 0.000 0.000 0.000 0.001 0.001 0.001 0.000 0.000 0.000 0.000 0.000 0.000 0.000 0.000 0.000 0.000 0.000 0.000
0.186 0.186 0.182 0.173 0.158 0.136 0.109 0.086 0.072 0.063 0.059 0.058 0.058 0.061 0.069 0.095 0.139 0.160 0.164 0.153 0.109 0.054 0.026 0.014 0.008 0.005 0.003 0.002 0.001 0.001 0.001 0.001 0.001 0.001 0.000 0.000 0.000 0.000 0.000 0.000 0.000 0.000 0.000 0.000 0.001 0.001 0.001 0.001 0.001 0.001 0.001 0.001 0.001 0.000 0.000 0.000 0.000 0.000 0.000 0.000 0.000 0.001 0.001 0.001 0.000 0.000 0.000 0.000 0.000 0.000 0.000 0.000 0.000 0.000 0.000 0.000 0.000
0.264 0.266 0.264 0.257 0.242 0.216 0.178 0.138 0.110 0.091 0.082 0.078 0.077 0.079 0.089 0.118 0.151 0.162 0.161 0.139 0.085 0.041 0.022 0.013 0.008 0.005 0.003 0.002 0.001 0.001 0.001 0.001 0.001 0.001 0.001 0.000 0.000 0.000 0.000 0.000 0.000 0.000 0.000 0.000 0.000 0.000 0.001 0.001 0.001 0.001 0.001 0.001 0.001 0.000 0.000 0.000 0.000 0.000 0.000 0.000 0.001 0.001 0.001 0.000 0.000 0.000 0.000 0.000 0.000 0.000 0.000 0.000 0.000 0.000 0.000 0.000 0.000
0.366 0.371 0.371 0.367 0.354 0.327 0.282 0.224 0.173 0.139 0.118 0.108 0.105 0.106 0.115 0.142 0.161 0.165 0.155 0.117 0.063 0.033 0.019 0.012 0.008 0.005 0.003 0.002 0.001 0.001 0.000 0.000 0.001 0.001 0.001 0.000 0.000 0.001 0.000 0.000 0.000 0.001 0.001 0.000 0.000 0.000 0.000 0.001 0.001 0.001 0.001 0.001 0.001 0.000 0.000 0.000 0.000 0.000 0.000 0.000 0.001 0.001 0.001 0.000 0.000 0.000 0.000 0.000 0.000 0.000 0.000 0.000 0.000 0.000 0.000 0.000 0.000
0.496 0.506 0.509 0.507 0.497 0.471 0.424 0.354 0.275 0.216 0.177 0.154 0.144 0.142 0.149 0.167 0.175 0.170 0.143 0.090 0.048 0.028 0.018 0.012 0.008 0.005 0.003 0.002 0.001 0.001 0.000 0.000 0.000 0.001 0.001 0.000 0.000 0.001 0.000 0.000 0.001 0.001 0.001 0.001 0.000 0.000 0.000 0.000 0.001 0.001 0.001 0.001 0.000 0.000 0.000 0.000 0.000 0.000 0.000 0.001 0.001 0.001 0.000 0.000 0.000 0.000 0.000 0.000 0.000 0.000 0.000 0.000 0.000 0.000 0.000 0.000 0.000
0.657 0.676 0.683 0.683 0.675 0.652 0.606 0.531 0.429 0.336 0.270 0.226 0.201 0.192 0.192 0.195 0.189 0.169 0.121 0.068 0.041 0.027 0.018 0.012 0.008 0.005 0.003 0.002 0.001 0.001 0.000 0.000 0.000 0.000 0.001 0.000 0.000 0.001 0.000 0.000 0.000 0.001 0.001 0.001 0.000 0.000 0.000 0.000 0.000 0.001 0.001 0.001 0.000 0.000 0.000 0.000 0.000 0.000 0.001 0.001 0.001 0.001 0.000 0.000 0.000 0.000 0.000 0.000 0.000 0.000 0.000 0.000 0.000 0.000 0.000 0.000 0.000
0.854 0.885 0.897 0.900 0.895 0.875 0.832 0.756 0.642 0.511 0.407 0.334 0.287 0.261 0.244 0.225 0.198 0.153 0.096 0.058 0.038 0.026 0.018 0.012 0.008 0.005 0.003 0.001 0.001 0.001 0.000 0.000 0.000 0.000 0.000 0.000 0.000 0.000 0.000 0.000 0.001 0.001 0.000 0.000 0.000 0.000 0.000 0.000 0.000 0.000 0.000 0.001 0.000 0.000 0.000 0.000 0.000 0.001 0.001 0.001 0.001 0.001 0.000 0.000 0.000 0.000 0.000 0.000 0.000 0.000 0.000 0.000 0.000 0.000 0.000 0.000 0.000
1.092 1.136 1.157 1.163 1.160 1.145 1.105 1.032 0.914 0.755 0.601 0.487 0.409 0.352 0.304 0.254 0.198 0.136 0.085 0.055 0.038 0.027 0.019 0.013 0.008 0.004 0.002 0.001 0.001 0.001 0.000 0.000 0.000 0.000 0.000 0.000 0.000 0.000 0.000 0.001 0.001 0.001 0.000 0.000 0.000 0.000 0.000 0.000 0.000 0.000 0.000 0.000 0.000 0.000 0.000 0.000 0.000 0.000 0.000 0.000 0.000 0.000 0.000 0.000 0.000 0.000 0.000 0.000 0.000 0.000 0.000 0.000 0.000 0.000 0.000 0.000 0.000
1.373 1.436 1.468 1.478 1.477 1.466 1.432 1.363 1.246 1.073 0.869 0.694 0.562 0.457 0.364 0.278 0.199 0.131 0.084 0.056 0.039 0.029 0.020 0.013 0.008 0.004 0.002 0.001 0.001 0.001 0.001 0.000 0.000 0.000 0.000 0.000 0.000 0.000 0.000 0.001 0.001 0.001 0.001 0.000 0.000 0.000 0.000 0.000 0.001 0.000 0.000 0.000 0.000 0.000 0.000 0.000 0.000 0.000 0.000 0.000 0.000 0.000 0.000 0.000 0.000 0.000 0.000 0.000 0.000 0.000 0.000 0.000 0.000 0.000 0.000 0.000 0.000
1.692 1.776 1.820 1.836 1.838 1.831 1.802 1.741 1.632 1.456 1.211 0.950 0.737 0.565 0.422 0.301 0.204 0.134 0.089 0.061 0.044 0.032 0.023 0.014 0.008 0.004 0.002 0.001 0.001 0.000 0.000 0.001 0.000 0.000 0.000 0.000 0.000 0.000 0.000 0.001 0.001 0.001 0.001 0.000 0.000 0.000 0.000 0.000 0.000 0.001 0.000 0.000 0.000 0.000 0.000 0.000 0.000 0.000 0.001 0.001 0.001 0.000 0.000 0.000 0.000 0.000 0.000 0.000 0.000 0.000 0.000 0.000 0.000 0.000 0.000 0.000 0.000
1.983 2.080 2.136 2.159 2.164 2.160 2.140 2.088 1.986 1.813 1.559 1.236 0.926 0.679 0.485 0.334 0.223 0.149 0.102 0.073 0.052 0.038 0.026 0.015 0.008 0.004 0.002 0.001 0.001 0.000 0.000 0.001 0.001 0.001 0.000 0.000 0.000 0.000 0.001 0.001 0.001 0.001 0.001 0.001 0.000 0.000 0.000 0.000 0.000 0.001 0.000 0.000 0.000 0.000 0.000 0.000 0.000 0.001 0.001 0.001 0.001 0.001 0.000 0.000 0.000 0.000 0.000 0.000 0.000 0.000 0.000 0.000 0.000 0.000 0.000 0.000 0.000
2.225 2.329 2.393 2.423 2.431 2.429 2.414 2.368 2.268 2.100 1.856 1.521 1.133 0.810 0.566 0.388 0.265 0.184 0.131 0.094 0.067 0.046 0.029 0.016 0.008 0.004 0.002 0.001 0.001 0.000 0.000 0.000 0.001 0.001 0.000 0.000 0.000 0.000 0.001 0.001 0.001 0.001 0.001 0.001 0.000 0.000 0.000 0.000 0.000 0.000 0.000 0.000 0.000 0.000 0.000 0.000 0.000 0.001 0.001 0.001 0.001 0.001 0.000 0.000 0.000 0.000 0.000 0.000 0.000 0.000 0.000 0.000 0.000 0.000 0.000 0.000 0.000
2.416 2.520 2.588 2.625 2.637 2.637 2.624 2.577 2.482 2.325 2.096 1.776 1.362 0.972 0.683 0.479 0.342 0.248 0.181 0.130 0.089 0.057 0.032 0.016 0.008 0.003 0.002 0.001 0.001 0.000 0.000 0.000 0.000 0.001 0.000 0.000 0.000 0.000 0.001 0.001 0.001 0.001 0.001 0.000 0.000 0.001 0.000 0.000 0.000 0.000 0.000 0.000 0.000 0.000 0.000 0.000 0.001 0.001 0.001 0.001 0.001 0.000 0.000 0.000 0.000 0.000 0.000 0.000 0.000 0.000 0.000 0.000 0.000 0.000 0.000 0.000 0.000
2.559 2.660 2.726 2.766 2.784 2.786 2.770 2.723 2.635 2.490 2.276 1.980 1.590 1.177 0.855 0.626 0.468 0.352 0.260 0.182 0.116 0.066 0.033 0.016 0.007 0.003 0.001 0.001 0.001 0.000 0.000 0.000 0.000 0.000 0.000 0.000 0.000 0.000 0.000 0.000 0.000 0.000 0.000 0.000 0.000 0.000 0.001 0.000 0.000 0.000 0.000 0.000 0.000 0.000 0.000 0.001 0.001 0.001 0.001 0.001 0.001 0.000 0.000 0.000 0.000 0.000 0.000 0.000 0.000 0.000 0.000 0.000 0.000 0.000 0.000 0.000 0.000
2.661 2.757 2.820 2.857 2.874 2.875 2.860 2.818 2.735 2.600 2.402 2.130 1.780 1.392 1.074 0.829 0.638 0.481 0.346 0.229 0.135 0.070 0.032 0.014 0.006 0.002 0.001 0.001 0.001 0.000 0.001 0.000 0.000 0.000 0.000 0.000 0.000 0.000 0.000 0.001 0.001 0.001 0.000 0.000 0.000 0.000 0.001 0.001 0.001 0.000 0.000 0.000 0.000 0.000 0.000 0.001 0.001 0.001 0.001 0.001 0.001 0.000 0.000 0.000 0.000 0.000 0.000 0.000 0.000 0.000 0.000 0.000 0.000 0.000 0.000 0.000 0.000
2.725 2.818 2.877 2.909 2.920 2.920 2.908 2.869 2.792 2.666 2.482 2.234 1.917 1.554 1.240 0.980 0.760 0.568 0.397 0.252 0.141 0.069 0.030 0.012 0.005 0.002 0.001 0.001 0.000 0.000 0.000 0.001 0.000 0.000 0.000 0.000 0.000 0.000 0.000 0.001 0.001 0.001 0.000 0.000 0.000 0.000 0.000 0.001 0.000 0.000 0.000 0.000 0.000 0.000 0.001 0.001 0.000 0.000 0.000 0.000 0.000 0.000 0.000 0.000 0.000 0.000 0.000 0.000 0.000 0.000 0.000 0.000 0.000 0.000 0.000 0.000 0.000
2.761 2.849 2.905 2.933 2.940 2.938 2.927 2.890 2.815 2.696 2.525 2.296 2.004 1.660 1.340 1.066 0.825 0.606 0.412 0.254 0.137 0.062 0.025 0.009 0.003 0.001 0.001 0.001 0.000 0.000 0.000 0.001 0.001 0.000 0.000 0.000 0.000 0.000 0.000 0.001 0.001 0.001 0.000 0.000 0.000 0.000 0.000 0.000 0.000 0.000 0.000 0.000 0.000 0.001 0.001 0.000 0.000 0.000 0.000 0.000 0.000 0.000 0.000 0.000 0.000 0.000 0.000 0.000 0.000 0.000 0.000 0.000 0.000 0.000 0.000 0.000 0.000
2.777 2.864 2.917 2.941 2.945 2.943 2.931 2.893 2.820 2.705 2.542 2.323 2.047 1.720 1.395 1.107 0.847 0.609 0.402 0.236 0.118 0.049 0.017 0.006 0.002 0.001 0.001 0.001 0.001 0.000 0.000 0.000 0.001 0.000 0.000 0.000 0.000 0.000 0.001 0.001 0.001 0.001 0.000 0.000 0.000 0.000 0.000 0.000 0.000 0.000 0.000 0.000 0.000 0.001 0.000 0.000 0.000 0.001 0.001 0.001 0.000 0.000 0.000 0.000 0.000 0.000 0.000 0.000 0.000 0.000 0.000 0.000 0.000 0.000 0.000 0.000 0.000
2.780 2.866 2.918 2.940 2.945 2.941 2.929 2.890 2.818 2.704 2.543 2.328 2.061 1.747 1.420 1.119 0.840 0.583 0.361 0.191 0.083 0.030 0.010 0.003 0.001 0.001 0.001 0.000 0.001 0.001 0.000 0.000 0.000 0.000 0.000 0.000 0.000 0.000 0.001 0.001 0.001 0.001 0.001 0.000 0.000 0.000 0.000 0.000 0.000 0.000 0.000 0.000 0.000 0.000 0.000 0.000 0.000 0.000 0.000 0.000 0.000 0.000 0.000 0.000 0.000 0.000 0.000 0.000 0.000 0.000 0.000 0.000 0.000 0.000 0.000 0.000 0.000
2.777 2.860 2.909 2.931 2.937 2.932 2.917 2.878 2.807 2.695 2.535 2.322 2.060 1.755 1.426 1.109 0.804 0.522 0.291 0.133 0.050 0.017 0.006 0.002 0.001 0.001 0.000 0.000 0.000 0.001 0.001 0.000 0.000 0.000 0.000 0.000 0.000 0.000 0.000 0.000 0.000 0.000 0.000 0.000 0.000 0.000 0.000 0.000 0.000 0.000 0.000 0.000 0.000 0.000 0.000 0.001 0.001 0.001 0.001 0.000 0.000 0.000 0.000 0.000 0.000 0.000 0.000 0.000 0.000 0.000 0.000 0.000 0.000 0.000 0.000 0.000 0.000
2.761 2.839 2.885 2.908 2.914 2.908 2.889 2.849 2.780 2.669 2.510 2.301 2.045 1.747 1.417 1.074 0.737 0.441 0.221 0.091 0.032 0.011 0.004 0.001 0.001 0.001 0.000 0.000 0.000 0.000 0.001 0.001 0.000 0.000 0.000 0.000 0.000 0.000 0.000 0.000 0.001 0.001 0.001 0.001 0.000 0.000 0.000 0.000 0.000 0.000 0.000 0.000 0.000 0.000 0.000 0.000 0.000 0.000 0.001 0.000 0.000 0.000 0.000 0.000 0.000 0.000 0.000 0.000 0.000 0.000 0.000 0.000 0.000 0.000 0.000 0.000 0.000
2.720 2.794 2.840 2.863 2.868 2.863 2.845 2.803 2.729 2.618 2.461 2.256 2.006 1.713 1.380 1.011 0.650 0.360 0.166 0.063 0.022 0.007 0.003 0.001 0.001 0.001 0.000 0.000 0.000 0.000 0.000 0.001 0.000 0.000 0.000 0.000 0.000 0.000 0.000 0.001 0.001 0.001 0.001 0.000 0.001 0.000 0.000 0.000 0.000 0.000 0.000 0.000 0.000 0.000 0.000 0.000 0.000 0.000 0.000 0.000 0.000 0.000 0.000 0.000 0.000 0.000 0.000 0.000 0.000 0.000 0.000 0.000 0.000 0.000 0.000 0.000 0.000
2.643 2.715 2.764 2.788 2.794 2.792 2.774 2.729 2.652 2.537 2.381 2.180 1.934 1.645 1.308 0.916 0.550 0.281 0.118 0.042 0.014 0.005 0.002 0.001 0.001 0.001 0.000 0.000 0.000 0.000 0.000 0.000 0.000 0.000 0.000 0.000 0.000 0.000 0.000 0.001 0.001 0.001 0.001 0.000 0.000 0.001 0.000 0.000 0.000 0.000 0.000 0.000 0.000 0.000 0.000 0.000 0.000 0.000 0.000 0.000 0.000 0.000 0.000 0.000 0.000 0.000 0.000 0.000 0.000 0.000 0.000 0.000 0.000 0.000 0.000 0.000 0.000
2.524 2.595 2.648 2.680 2.691 2.689 2.670 2.624 2.544 2.425 2.266 2.067 1.825 1.536 1.189 0.782 0.435 0.201 0.076 0.026 0.008 0.003 0.001 0.001 0.001 0.001 0.001 0.000 0.000 0.000 0.000 0.000 0.000 0.000 0.000 0.000 0.000 0.000 0.000 0.001 0.001 0.001 0.001 0.000 0.000 0.000 0.001 0.000 0.000 0.000 0.000 0.000 0.000 0.000 0.000 0.000 0.001 0.000 0.000 0.000 0.000 0.000 0.000 0.000 0.000 0.000 0.000 0.000 0.000 0.000 0.000 0.000 0.000 0.000 0.000 0.000 0.000
2.357 2.426 2.486 2.532 2.555 2.556 2.539 2.491 2.406 2.282 2.119 1.915 1.667 1.365 0.991 0.595 0.296 0.120 0.042 0.014 0.004 0.002 0.001 0.001 0.001 0.001 0.001 0.001 0.000 0.000 0.000 0.000 0.000 0.000 0.000 0.000 0.000 0.000 0.001 0.001 0.001 0.001 0.001 0.001 0.000 0.000 0.000 0.001 0.000 0.000 0.000 0.000 0.000 0.000 0.000 0.000 0.000 0.000 0.000 0.000 0.000 0.000 0.000 0.000 0.000 0.000 0.000 0.000 0.000 0.000 0.000 0.000 0.000 0.000 0.000 0.000 0.000
2.137 2.195 2.258 2.322 2.367 2.382 2.372 2.326 2.238 2.106 1.930 1.703 1.421 1.075 0.689 0.361 0.157 0.058 0.019 0.006 0.002 0.001 0.001 0.001 0.001 0.001 0.001 0.001 0.001 0.000 0.000 0.000 0.000 0.000 0.000 0.000 0.000 0.000 0.000 0.000 0.000 0.000 0.000 0.000 0.001 0.000 0.000 0.000 0.000 0.000 0.000 0.000 0.000 0.000 0.000 0.000 0.000 0.000 0.000 0.000 0.000 0.000 0.000 0.000 0.000 0.000 0.000 0.000 0.000 0.000 0.000 0.000 0.000 0.000 0.000 0.000 0.000
