RESULTS/r.avaflow_results/11_results/11_ascii/11_hflow0057.asc
ncols 506
nrows 317
xllcenter 498237.50
yllcenter 5580050.00
cellsize 12.50
NODATA_value -9999.000
[rows 204 to 237 of 317, columns 77 to 153 of 506]
0.014 0.013 0.011 0.009 0.008 0.007 0.007 0.007 0.007 0.008 0.008 0.009 0.009 0.010 0.011 0.013 0.016 0.022 0.035 0.060 0.109 0.248 0.537 0.876 1.139 1.268 1.296 1.252 1.165 1.046 0.896 0.709 0.498 0.329 0.218 0.149 0.111 0.090 0.080 0.075 0.071 0.069 0.065 0.056 0.038 0.022 0.012 0.006 0.003 0.002 0.001 0.001 0.000 0.000 0.000 0.000 0.000 0.000 0.000 0.000 0.000 0.000 0.000 0.000 0.000 0.001 0.001 0.001 0.001 0.000 0.000 0.000 0.000 0.000 0.000 0.000 0.000
0.017 0.015 0.012 0.010 0.009 0.008 0.008 0.008 0.009 0.009 0.009 0.009 0.009 0.010 0.011 0.013 0.016 0.023 0.039 0.061 0.075 0.095 0.157 0.289 0.459 0.616 0.716 0.752 0.738 0.681 0.577 0.428 0.276 0.172 0.105 0.067 0.045 0.034 0.028 0.025 0.023 0.022 0.021 0.019 0.015 0.009 0.005 0.002 0.001 0.001 0.001 0.000 0.000 0.000 0.000 0.001 0.000 0.000 0.000 0.000 0.000 0.000 0.000 0.000 0.001 0.001 0.001 0.001 0.001 0.000 0.000 0.000 0.000 0.000 0.000 0.000 0.000
0.020 0.017 0.014 0.012 0.011 0.010 0.010 0.010 0.010 0.009 0.009 0.009 0.009 0.010 0.011 0.013 0.017 0.027 0.048 0.067 0.074 0.075 0.068 0.079 0.122 0.194 0.256 0.287 0.295 0.286 0.253 0.191 0.122 0.073 0.044 0.027 0.017 0.012 0.009 0.008 0.007 0.007 0.007 0.006 0.005 0.003 0.002 0.001 0.001 0.001 0.001 0.000 0.000 0.000 0.000 0.001 0.000 0.000 0.000 0.000 0.000 0.000 0.000 0.001 0.001 0.001 0.001 0.001 0.000 0.000 0.000 0.000 0.000 0.000 0.000 0.000 0.000
0.024 0.020 0.017 0.015 0.014 0.013 0.012 0.012 0.011 0.010 0.009 0.009 0.009 0.010 0.012 0.014 0.020 0.033 0.057 0.072 0.076 0.071 0.051 0.034 0.032 0.048 0.071 0.085 0.090 0.091 0.085 0.068 0.044 0.027 0.016 0.010 0.006 0.004 0.003 0.002 0.002 0.002 0.002 0.002 0.002 0.001 0.001 0.001 0.001 0.001 0.001 0.000 0.000 0.000 0.000 0.000 0.000 0.000 0.000 0.000 0.000 0.000 0.001 0.001 0.001 0.001 0.001 0.001 0.000 0.000 0.000 0.000 0.000 0.000 0.000 0.000 0.000
0.032 0.026 0.022 0.020 0.018 0.016 0.015 0.013 0.012 0.011 0.010 0.010 0.010 0.011 0.013 0.016 0.024 0.042 0.066 0.075 0.076 0.068 0.042 0.020 0.013 0.013 0.018 0.022 0.024 0.025 0.024 0.021 0.015 0.009 0.005 0.003 0.002 0.001 0.001 0.001 0.001 0.001 0.001 0.001 0.001 0.001 0.001 0.001 0.001 0.001 0.001 0.001 0.000 0.000 0.001 0.000 0.000 0.000 0.000 0.000 0.000 0.000 0.001 0.001 0.001 0.001 0.001 0.000 0.000 0.000 0.000 0.000 0.000 0.000 0.000 0.000 0.000
0.046 0.037 0.031 0.027 0.023 0.020 0.017 0.015 0.013 0.012 0.011 0.011 0.011 0.012 0.014 0.019 0.029 0.052 0.071 0.077 0.076 0.063 0.034 0.015 0.008 0.005 0.005 0.006 0.006 0.006 0.006 0.006 0.004 0.003 0.002 0.001 0.001 0.001 0.001 0.001 0.001 0.001 0.001 0.001 0.001 0.001 0.001 0.001 0.001 0.001 0.001 0.001 0.001 0.001 0.001 0.000 0.000 0.000 0.000 0.000 0.000 0.000 0.001 0.001 0.001 0.001 0.001 0.000 0.000 0.000 0.000 0.000 0.000 0.000 0.000 0.000 0.000
0.069 0.056 0.045 0.037 0.031 0.025 0.021 0.018 0.015 0.014 0.013 0.013 0.013 0.014 0.016 0.022 0.037 0.061 0.075 0.078 0.074 0.054 0.026 0.012 0.006 0.004 0.003 0.002 0.002 0.002 0.001 0.001 0.001 0.001 0.001 0.001 0.001 0.001 0.001 0.000 0.000 0.001 0.001 0.001 0.001 0.001 0.001 0.001 0.001 0.001 0.001 0.001 0.001 0.001 0.000 0.000 0.000 0.000 0.001 0.000 0.000 0.000 0.001 0.001 0.001 0.001 0.000 0.000 0.000 0.000 0.000 0.000 0.000 0.000 0.000 0.000 0.000
0.102 0.085 0.069 0.055 0.044 0.034 0.027 0.022 0.018 0.016 0.015 0.015 0.015 0.016 0.019 0.026 0.045 0.068 0.076 0.077 0.069 0.044 0.021 0.010 0.006 0.003 0.002 0.002 0.001 0.001 0.001 0.001 0.001 0.000 0.000 0.000 0.000 0.000 0.001 0.000 0.000 0.001 0.001 0.001 0.001 0.001 0.001 0.001 0.001 0.001 0.001 0.001 0.001 0.001 0.000 0.000 0.000 0.000 0.001 0.000 0.000 0.000 0.001 0.001 0.001 0.000 0.000 0.000 0.000 0.000 0.000 0.000 0.000 0.000 0.000 0.000 0.000
0.143 0.125 0.105 0.085 0.066 0.050 0.038 0.029 0.024 0.021 0.019 0.018 0.018 0.019 0.022 0.031 0.053 0.071 0.077 0.076 0.063 0.036 0.017 0.009 0.005 0.003 0.002 0.001 0.001 0.001 0.001 0.001 0.001 0.000 0.000 0.000 0.000 0.000 0.001 0.001 0.000 0.001 0.001 0.001 0.001 0.001 0.001 0.001 0.001 0.001 0.001 0.001 0.001 0.000 0.000 0.000 0.000 0.000 0.000 0.000 0.000 0.000 0.001 0.001 0.001 0.000 0.000 0.000 0.000 0.000 0.000 0.000 0.000 0.000 0.000 0.000 0.000
0.194 0.177 0.155 0.129 0.103 0.077 0.057 0.043 0.033 0.027 0.024 0.023 0.023 0.024 0.027 0.038 0.060 0.073 0.077 0.073 0.055 0.029 0.015 0.008 0.005 0.003 0.002 0.001 0.001 0.001 0.000 0.001 0.001 0.001 0.000 0.000 0.000 0.000 0.000 0.000 0.000 0.000 0.000 0.000 0.001 0.001 0.001 0.001 0.001 0.001 0.001 0.001 0.001 0.000 0.000 0.000 0.000 0.000 0.000 0.000 0.000 0.001 0.001 0.001 0.000 0.000 0.000 0.000 0.000 0.000 0.000 0.000 0.000 0.000 0.000 0.000 0.000
0.254 0.238 0.217 0.189 0.157 0.122 0.090 0.065 0.049 0.039 0.033 0.030 0.030 0.030 0.034 0.048 0.067 0.075 0.076 0.068 0.045 0.024 0.013 0.008 0.005 0.003 0.002 0.001 0.001 0.001 0.000 0.001 0.001 0.001 0.001 0.000 0.000 0.000 0.000 0.000 0.000 0.000 0.000 0.000 0.000 0.000 0.001 0.001 0.001 0.001 0.001 0.001 0.001 0.000 0.000 0.000 0.000 0.000 0.000 0.000 0.001 0.001 0.001 0.000 0.000 0.000 0.000 0.000 0.000 0.000 0.000 0.000 0.000 0.000 0.000 0.000 0.000
0.325 0.311 0.291 0.263 0.228 0.186 0.141 0.103 0.075 0.057 0.047 0.041 0.040 0.040 0.045 0.059 0.073 0.076 0.074 0.061 0.036 0.020 0.012 0.008 0.005 0.003 0.002 0.001 0.001 0.000 0.000 0.000 0.001 0.001 0.001 0.000 0.000 0.001 0.000 0.000 0.000 0.001 0.001 0.000 0.000 0.000 0.000 0.001 0.001 0.001 0.001 0.001 0.001 0.000 0.000 0.000 0.000 0.000 0.000 0.000 0.001 0.001 0.001 0.000 0.000 0.000 0.000 0.000 0.000 0.000 0.000 0.000 0.000 0.000 0.000 0.000 0.000
0.407 0.395 0.377 0.350 0.315 0.269 0.214 0.160 0.118 0.088 0.069 0.059 0.055 0.055 0.059 0.072 0.079 0.080 0.072 0.051 0.029 0.018 0.012 0.008 0.005 0.003 0.002 0.001 0.001 0.000 0.000 0.000 0.000 0.001 0.001 0.000 0.000 0.001 0.000 0.000 0.001 0.001 0.001 0.001 0.000 0.000 0.000 0.000 0.001 0.001 0.001 0.001 0.000 0.000 0.000 0.000 0.000 0.000 0.000 0.001 0.001 0.001 0.000 0.000 0.000 0.000 0.000 0.000 0.000 0.000 0.000 0.000 0.000 0.000 0.000 0.000 0.000
0.502 0.492 0.475 0.451 0.415 0.368 0.308 0.241 0.181 0.135 0.104 0.086 0.077 0.075 0.078 0.085 0.088 0.083 0.066 0.041 0.026 0.018 0.012 0.008 0.005 0.003 0.002 0.001 0.001 0.000 0.000 0.000 0.000 0.000 0.001 0.000 0.000 0.001 0.000 0.000 0.000 0.001 0.001 0.001 0.000 0.000 0.000 0.000 0.000 0.001 0.001 0.001 0.000 0.000 0.000 0.000 0.000 0.000 0.001 0.001 0.001 0.001 0.000 0.000 0.000 0.000 0.000 0.000 0.000 0.000 0.000 0.000 0.000 0.000 0.000 0.000 0.000
0.609 0.601 0.586 0.564 0.530 0.483 0.422 0.347 0.269 0.204 0.157 0.127 0.111 0.104 0.103 0.101 0.096 0.081 0.056 0.036 0.025 0.018 0.012 0.008 0.005 0.003 0.002 0.001 0.001 0.000 0.000 0.000 0.000 0.000 0.000 0.000 0.000 0.000 0.000 0.000 0.001 0.001 0.000 0.000 0.000 0.000 0.000 0.000 0.000 0.000 0.000 0.001 0.000 0.000 0.000 0.000 0.000 0.001 0.001 0.001 0.001 0.001 0.000 0.000 0.000 0.000 0.000 0.000 0.000 0.000 0.000 0.000 0.000 0.000 0.000 0.000 0.000
0.729 0.723 0.710 0.689 0.658 0.612 0.552 0.475 0.386 0.301 0.235 0.188 0.161 0.145 0.133 0.119 0.101 0.077 0.052 0.035 0.025 0.018 0.013 0.009 0.005 0.003 0.002 0.001 0.001 0.001 0.000 0.000 0.000 0.000 0.000 0.000 0.000 0.000 0.000 0.001 0.001 0.001 0.000 0.000 0.000 0.000 0.000 0.000 0.000 0.000 0.000 0.000 0.000 0.000 0.000 0.000 0.000 0.000 0.000 0.000 0.000 0.000 0.000 0.000 0.000 0.000 0.000 0.000 0.000 0.000 0.000 0.000 0.000 0.000 0.000 0.000 0.000
0.861 0.856 0.846 0.828 0.799 0.756 0.698 0.624 0.531 0.430 0.342 0.275 0.229 0.196 0.166 0.137 0.106 0.075 0.052 0.036 0.026 0.020 0.014 0.009 0.005 0.003 0.001 0.001 0.001 0.000 0.001 0.000 0.000 0.000 0.000 0.000 0.000 0.000 0.000 0.001 0.001 0.001 0.001 0.000 0.000 0.000 0.000 0.000 0.001 0.000 0.000 0.000 0.000 0.000 0.000 0.000 0.000 0.000 0.000 0.000 0.000 0.000 0.000 0.000 0.000 0.000 0.000 0.000 0.000 0.000 0.000 0.000 0.000 0.000 0.000 0.000 0.000
0.985 0.984 0.977 0.964 0.941 0.907 0.857 0.790 0.703 0.594 0.480 0.386 0.312 0.253 0.202 0.155 0.113 0.079 0.056 0.040 0.030 0.022 0.016 0.010 0.005 0.003 0.001 0.001 0.001 0.000 0.000 0.001 0.000 0.000 0.000 0.000 0.000 0.000 0.000 0.001 0.001 0.001 0.001 0.000 0.000 0.000 0.000 0.000 0.000 0.001 0.000 0.000 0.000 0.000 0.000 0.000 0.000 0.000 0.001 0.001 0.001 0.000 0.000 0.000 0.000 0.000 0.000 0.000 0.000 0.000 0.000 0.000 0.000 0.000 0.000 0.000 0.000
1.098 1.098 1.095 1.087 1.071 1.045 1.008 0.954 0.878 0.775 0.645 0.516 0.408 0.319 0.244 0.181 0.130 0.093 0.067 0.050 0.037 0.027 0.018 0.011 0.006 0.003 0.001 0.001 0.000 0.000 0.000 0.001 0.001 0.001 0.000 0.000 0.000 0.000 0.001 0.001 0.001 0.001 0.001 0.001 0.000 0.000 0.000 0.000 0.000 0.001 0.000 0.000 0.000 0.000 0.000 0.000 0.000 0.001 0.001 0.001 0.001 0.001 0.000 0.000 0.000 0.000 0.000 0.000 0.000 0.000 0.000 0.000 0.000 0.000 0.000 0.000 0.000
1.199 1.201 1.201 1.197 1.187 1.169 1.141 1.098 1.030 0.935 0.813 0.665 0.520 0.398 0.298 0.220 0.162 0.120 0.089 0.066 0.047 0.032 0.020 0.011 0.005 0.002 0.001 0.001 0.000 0.000 0.000 0.000 0.001 0.001 0.000 0.000 0.000 0.000 0.001 0.001 0.001 0.001 0.001 0.001 0.000 0.000 0.000 0.000 0.000 0.000 0.000 0.000 0.000 0.000 0.000 0.000 0.000 0.001 0.001 0.001 0.001 0.001 0.000 0.000 0.000 0.000 0.000 0.000 0.000 0.000 0.000 0.000 0.000 0.000 0.000 0.000 0.000
1.288 1.292 1.294 1.293 1.289 1.278 1.257 1.218 1.157 1.073 0.962 0.820 0.654 0.500 0.376 0.284 0.217 0.166 0.126 0.092 0.063 0.040 0.022 0.011 0.005 0.002 0.001 0.001 0.000 0.000 0.000 0.000 0.000 0.001 0.000 0.000 0.000 0.000 0.001 0.001 0.001 0.001 0.001 0.000 0.000 0.001 0.000 0.000 0.000 0.000 0.000 0.000 0.000 0.000 0.000 0.000 0.001 0.001 0.001 0.001 0.001 0.000 0.000 0.000 0.000 0.000 0.000 0.000 0.000 0.000 0.000 0.000 0.000 0.000 0.000 0.000 0.000
1.365 1.371 1.374 1.376 1.376 1.370 1.352 1.317 1.265 1.191 1.093 0.968 0.809 0.635 0.494 0.387 0.306 0.241 0.183 0.130 0.084 0.047 0.023 0.011 0.005 0.002 0.001 0.001 0.000 0.000 0.000 0.000 0.000 0.000 0.000 0.000 0.000 0.000 0.000 0.000 0.000 0.000 0.000 0.000 0.000 0.000 0.001 0.000 0.000 0.000 0.000 0.000 0.000 0.000 0.000 0.001 0.001 0.001 0.001 0.001 0.001 0.000 0.000 0.000 0.000 0.000 0.000 0.000 0.000 0.000 0.000 0.000 0.000 0.000 0.000 0.000 0.000
1.433 1.441 1.445 1.448 1.449 1.445 1.430 1.400 1.355 1.291 1.206 1.098 0.963 0.803 0.658 0.540 0.438 0.344 0.253 0.168 0.098 0.050 0.022 0.010 0.004 0.002 0.001 0.001 0.000 0.000 0.001 0.000 0.000 0.000 0.000 0.000 0.000 0.000 0.000 0.001 0.001 0.001 0.000 0.000 0.000 0.000 0.001 0.001 0.001 0.000 0.000 0.000 0.000 0.000 0.000 0.001 0.001 0.001 0.001 0.001 0.001 0.000 0.000 0.000 0.000 0.000 0.000 0.000 0.000 0.000 0.000 0.000 0.000 0.000 0.000 0.000 0.000
1.490 1.502 1.509 1.511 1.512 1.507 1.495 1.470 1.430 1.374 1.300 1.206 1.090 0.952 0.811 0.680 0.555 0.427 0.299 0.188 0.103 0.049 0.020 0.008 0.003 0.001 0.001 0.001 0.000 0.000 0.000 0.001 0.000 0.000 0.000 0.000 0.000 0.000 0.000 0.001 0.001 0.001 0.000 0.000 0.000 0.000 0.000 0.001 0.000 0.000 0.000 0.000 0.000 0.000 0.001 0.001 0.000 0.000 0.000 0.000 0.000 0.000 0.000 0.000 0.000 0.000 0.000 0.000 0.000 0.000 0.000 0.000 0.000 0.000 0.000 0.000 0.000
1.540 1.556 1.565 1.568 1.567 1.562 1.551 1.529 1.493 1.443 1.378 1.293 1.186 1.058 0.916 0.772 0.626 0.468 0.314 0.189 0.099 0.044 0.017 0.006 0.002 0.001 0.001 0.001 0.000 0.000 0.000 0.001 0.001 0.000 0.000 0.000 0.000 0.000 0.000 0.001 0.001 0.001 0.000 0.000 0.000 0.000 0.000 0.000 0.000 0.000 0.000 0.000 0.000 0.001 0.001 0.000 0.000 0.000 0.000 0.000 0.000 0.000 0.000 0.000 0.000 0.000 0.000 0.000 0.000 0.000 0.000 0.000 0.000 0.000 0.000 0.000 0.000
1.580 1.603 1.616 1.619 1.618 1.613 1.603 1.582 1.550 1.504 1.443 1.362 1.256 1.126 0.979 0.824 0.657 0.474 0.307 0.175 0.084 0.034 0.012 0.004 0.001 0.001 0.001 0.001 0.001 0.000 0.000 0.000 0.001 0.000 0.000 0.000 0.000 0.000 0.001 0.001 0.001 0.001 0.000 0.000 0.000 0.000 0.000 0.000 0.000 0.000 0.000 0.000 0.000 0.001 0.000 0.000 0.000 0.001 0.001 0.001 0.000 0.000 0.000 0.000 0.000 0.000 0.000 0.000 0.000 0.000 0.000 0.000 0.000 0.000 0.000 0.000 0.000
1.609 1.642 1.659 1.665 1.665 1.662 1.653 1.634 1.604 1.561 1.499 1.413 1.301 1.164 1.010 0.843 0.660 0.456 0.275 0.140 0.058 0.020 0.007 0.002 0.001 0.001 0.001 0.000 0.001 0.001 0.000 0.000 0.000 0.000 0.000 0.000 0.000 0.000 0.001 0.001 0.001 0.001 0.001 0.000 0.000 0.000 0.000 0.000 0.000 0.000 0.000 0.000 0.000 0.000 0.000 0.000 0.000 0.000 0.000 0.000 0.000 0.000 0.000 0.000 0.000 0.000 0.000 0.000 0.000 0.000 0.000 0.000 0.000 0.000 0.000 0.000 0.000
1.629 1.672 1.697 1.708 1.710 1.708 1.701 1.685 1.657 1.610 1.541 1.446 1.326 1.182 1.019 0.843 0.641 0.411 0.221 0.096 0.035 0.011 0.004 0.001 0.001 0.001 0.000 0.000 0.000 0.001 0.001 0.000 0.000 0.000 0.000 0.000 0.000 0.000 0.000 0.000 0.000 0.000 0.000 0.000 0.000 0.000 0.000 0.000 0.000 0.000 0.000 0.000 0.000 0.000 0.000 0.001 0.001 0.001 0.001 0.000 0.000 0.000 0.000 0.000 0.000 0.000 0.000 0.000 0.000 0.000 0.000 0.000 0.000 0.000 0.000 0.000 0.000
1.637 1.691 1.728 1.747 1.753 1.751 1.746 1.731 1.700 1.648 1.569 1.464 1.335 1.185 1.019 0.830 0.596 0.348 0.166 0.064 0.022 0.007 0.002 0.001 0.001 0.001 0.000 0.000 0.000 0.000 0.001 0.001 0.000 0.000 0.000 0.000 0.000 0.000 0.000 0.000 0.001 0.001 0.001 0.001 0.000 0.000 0.000 0.000 0.000 0.000 0.000 0.000 0.000 0.000 0.000 0.000 0.000 0.000 0.001 0.000 0.000 0.000 0.000 0.000 0.000 0.000 0.000 0.000 0.000 0.000 0.000 0.000 0.000 0.000 0.000 0.000 0.000
1.635 1.697 1.748 1.779 1.791 1.792 1.787 1.769 1.733 1.672 1.585 1.471 1.336 1.183 1.008 0.795 0.525 0.279 0.120 0.043 0.014 0.005 0.002 0.001 0.001 0.000 0.000 0.000 0.000 0.000 0.000 0.001 0.000 0.000 0.000 0.000 0.000 0.000 0.000 0.001 0.001 0.001 0.001 0.000 0.001 0.000 0.000 0.000 0.000 0.000 0.000 0.000 0.000 0.000 0.000 0.000 0.000 0.000 0.000 0.000 0.000 0.000 0.000 0.000 0.000 0.000 0.000 0.000 0.000 0.000 0.000 0.000 0.000 0.000 0.000 0.000 0.000
1.622 1.692 1.756 1.803 1.824 1.828 1.822 1.800 1.756 1.686 1.591 1.473 1.334 1.174 0.981 0.728 0.433 0.209 0.081 0.027 0.009 0.003 0.001 0.001 0.001 0.001 0.000 0.000 0.000 0.000 0.000 0.000 0.000 0.000 0.000 0.000 0.000 0.000 0.000 0.001 0.001 0.001 0.001 0.000 0.000 0.001 0.000 0.000 0.000 0.000 0.000 0.000 0.000 0.000 0.000 0.000 0.000 0.000 0.000 0.000 0.000 0.000 0.000 0.000 0.000 0.000 0.000 0.000 0.000 0.000 0.000 0.000 0.000 0.000 0.000 0.000 0.000
1.591 1.670 1.751 1.814 1.849 1.856 1.848 1.820 1.768 1.691 1.590 1.469 1.324 1.147 0.917 0.613 0.325 0.139 0.049 0.016 0.005 0.002 0.001 0.001 0.001 0.001 0.001 0.000 0.000 0.000 0.000 0.000 0.000 0.000 0.000 0.000 0.000 0.000 0.000 0.001 0.001 0.001 0.001 0.000 0.000 0.000 0.001 0.000 0.000 0.000 0.000 0.000 0.000 0.000 0.000 0.000 0.001 0.000 0.000 0.000 0.000 0.000 0.000 0.000 0.000 0.000 0.000 0.000 0.000 0.000 0.000 0.000 0.000 0.000 0.000 0.000 0.000
1.540 1.621 1.717 1.804 1.854 1.868 1.861 1.831 1.773 1.689 1.580 1.443 1.272 1.053 0.768 0.446 0.206 0.077 0.025 0.008 0.003 0.001 0.001 0.001 0.001 0.001 0.001 0.001 0.000 0.000 0.000 0.000 0.000 0.000 0.000 0.000 0.000 0.000 0.001 0.001 0.001 0.001 0.001 0.001 0.000 0.000 0.000 0.001 0.000 0.000 0.000 0.000 0.000 0.000 0.000 0.000 0.000 0.000 0.000 0.000 0.000 0.000 0.000 0.000 0.000 0.000 0.000 0.000 0.000 0.000 0.000 0.000 0.000 0.000 0.000 0.000 0.000
1.458 1.531 1.620 1.723 1.803 1.843 1.847 1.822 1.762 1.666 1.530 1.349 1.116 0.829 0.514 0.253 0.102 0.035 0.011 0.004 0.001 0.001 0.001 0.001 0.001 0.001 0.001 0.001 0.001 0.000 0.000 0.000 0.000 0.000 0.000 0.000 0.000 0.000 0.000 0.000 0.000 0.000 0.000 0.000 0.001 0.000 0.000 0.000 0.000 0.000 0.000 0.000 0.000 0.000 0.000 0.000 0.000 0.000 0.000 0.000 0.000 0.000 0.000 0.000 0.000 0.000 0.000 0.000 0.000 0.000 0.000 0.000 0.000 0.000 0.000 0.000 0.000
