RESULTS/r.avaflow_results/11_results/11_ascii/11_hflow10048.asc
ncols 506
nrows 317
xllcenter 498237.50
yllcenter 5580050.00
cellsize 12.50
NODATA_value -9999.000
[rows 204 to 237 of 317, columns 77 to 153 of 506]
0.013 0.012 0.011 0.009 0.008 0.007 0.007 0.007 0.007 0.008 0.009 0.010 0.011 0.012 0.013 0.015 0.018 0.025 0.039 0.064 0.090 0.150 0.309 0.579 0.839 0.997 1.049 1.013 0.927 0.810 0.668 0.506 0.365 0.261 0.187 0.139 0.110 0.095 0.087 0.083 0.082 0.081 0.079 0.071 0.051 0.030 0.016 0.009 0.004 0.002 0.001 0.001 0.000 0.000 0.000 0.000 0.000 0.000 0.000 0.000 0.000 0.000 0.000 0.000 0.000 0.001 0.001 0.001 0.001 0.000 0.000 0.000 0.000 0.000 0.000 0.000 0.000
0.016 0.015 0.013 0.011 0.010 0.009 0.009 0.009 0.009 0.010 0.010 0.010 0.011 0.012 0.013 0.015 0.019 0.028 0.046 0.073 0.087 0.093 0.108 0.166 0.285 0.417 0.508 0.545 0.539 0.491 0.400 0.286 0.196 0.132 0.088 0.060 0.044 0.035 0.030 0.027 0.027 0.026 0.026 0.025 0.020 0.012 0.007 0.003 0.002 0.001 0.001 0.000 0.000 0.000 0.000 0.001 0.000 0.000 0.000 0.000 0.000 0.000 0.000 0.000 0.001 0.001 0.001 0.001 0.001 0.000 0.000 0.000 0.000 0.000 0.000 0.000 0.000
0.020 0.017 0.015 0.013 0.012 0.011 0.011 0.011 0.011 0.011 0.011 0.011 0.011 0.012 0.013 0.016 0.021 0.032 0.057 0.081 0.089 0.088 0.073 0.057 0.071 0.117 0.168 0.195 0.203 0.197 0.171 0.126 0.084 0.055 0.036 0.024 0.016 0.012 0.010 0.008 0.008 0.008 0.008 0.008 0.007 0.005 0.002 0.001 0.001 0.001 0.001 0.000 0.000 0.000 0.000 0.001 0.000 0.000 0.000 0.000 0.000 0.000 0.000 0.001 0.001 0.001 0.001 0.001 0.000 0.000 0.000 0.000 0.000 0.000 0.000 0.000 0.000
0.025 0.021 0.018 0.016 0.015 0.014 0.014 0.013 0.012 0.011 0.011 0.011 0.011 0.012 0.014 0.017 0.024 0.040 0.068 0.086 0.090 0.086 0.061 0.032 0.024 0.029 0.044 0.054 0.059 0.059 0.055 0.044 0.030 0.020 0.013 0.008 0.006 0.004 0.003 0.002 0.002 0.002 0.002 0.002 0.002 0.002 0.001 0.001 0.001 0.001 0.001 0.000 0.000 0.000 0.000 0.000 0.000 0.000 0.000 0.000 0.000 0.000 0.001 0.001 0.001 0.001 0.001 0.001 0.000 0.000 0.000 0.000 0.000 0.000 0.000 0.000 0.000
0.033 0.027 0.024 0.021 0.019 0.018 0.017 0.015 0.014 0.012 0.012 0.012 0.012 0.013 0.015 0.019 0.028 0.050 0.078 0.090 0.091 0.082 0.051 0.023 0.012 0.009 0.011 0.014 0.015 0.015 0.015 0.013 0.010 0.006 0.004 0.003 0.002 0.001 0.001 0.001 0.001 0.001 0.001 0.001 0.001 0.001 0.001 0.001 0.001 0.001 0.001 0.001 0.000 0.000 0.001 0.000 0.000 0.000 0.000 0.000 0.000 0.000 0.001 0.001 0.001 0.001 0.001 0.000 0.000 0.000 0.000 0.000 0.000 0.000 0.000 0.000 0.000
0.048 0.039 0.033 0.029 0.026 0.022 0.020 0.017 0.015 0.014 0.013 0.013 0.013 0.014 0.017 0.022 0.035 0.062 0.085 0.091 0.090 0.074 0.040 0.018 0.009 0.005 0.004 0.004 0.004 0.004 0.004 0.003 0.003 0.002 0.001 0.001 0.001 0.001 0.001 0.001 0.001 0.001 0.001 0.001 0.001 0.001 0.001 0.001 0.001 0.001 0.001 0.001 0.001 0.001 0.001 0.000 0.000 0.000 0.000 0.000 0.000 0.000 0.001 0.001 0.001 0.001 0.001 0.000 0.000 0.000 0.000 0.000 0.000 0.000 0.000 0.000 0.000
0.073 0.060 0.049 0.041 0.035 0.029 0.024 0.020 0.018 0.016 0.015 0.015 0.015 0.017 0.020 0.026 0.044 0.073 0.089 0.092 0.087 0.064 0.031 0.014 0.007 0.004 0.003 0.002 0.002 0.001 0.001 0.001 0.001 0.001 0.001 0.001 0.000 0.001 0.001 0.000 0.000 0.001 0.001 0.001 0.001 0.001 0.001 0.001 0.001 0.001 0.001 0.001 0.001 0.001 0.000 0.000 0.000 0.000 0.001 0.000 0.000 0.000 0.001 0.001 0.001 0.001 0.000 0.000 0.000 0.000 0.000 0.000 0.000 0.000 0.000 0.000 0.000
0.107 0.091 0.075 0.062 0.049 0.039 0.031 0.026 0.022 0.019 0.018 0.018 0.018 0.019 0.022 0.031 0.054 0.080 0.091 0.092 0.082 0.052 0.024 0.012 0.006 0.004 0.003 0.002 0.001 0.001 0.001 0.001 0.001 0.000 0.000 0.000 0.000 0.000 0.001 0.000 0.000 0.001 0.001 0.001 0.001 0.001 0.001 0.001 0.001 0.001 0.001 0.001 0.001 0.001 0.000 0.000 0.000 0.000 0.001 0.000 0.000 0.000 0.001 0.001 0.001 0.000 0.000 0.000 0.000 0.000 0.000 0.000 0.000 0.000 0.000 0.000 0.000
0.150 0.135 0.116 0.095 0.075 0.058 0.044 0.035 0.028 0.025 0.023 0.022 0.022 0.023 0.026 0.037 0.063 0.084 0.091 0.089 0.074 0.042 0.020 0.010 0.006 0.004 0.002 0.002 0.001 0.001 0.001 0.001 0.001 0.000 0.000 0.000 0.000 0.000 0.001 0.001 0.000 0.001 0.001 0.001 0.001 0.001 0.001 0.001 0.001 0.001 0.001 0.001 0.001 0.000 0.000 0.000 0.000 0.000 0.000 0.000 0.000 0.000 0.001 0.001 0.001 0.000 0.000 0.000 0.000 0.000 0.000 0.000 0.000 0.000 0.000 0.000 0.000
0.205 0.190 0.170 0.146 0.118 0.090 0.067 0.050 0.040 0.033 0.029 0.028 0.028 0.029 0.032 0.045 0.071 0.087 0.090 0.086 0.064 0.033 0.017 0.010 0.006 0.004 0.002 0.002 0.001 0.001 0.001 0.001 0.001 0.001 0.000 0.000 0.000 0.000 0.000 0.000 0.000 0.000 0.000 0.000 0.001 0.001 0.001 0.001 0.001 0.001 0.001 0.001 0.001 0.000 0.000 0.000 0.000 0.000 0.000 0.000 0.000 0.001 0.001 0.001 0.000 0.000 0.000 0.000 0.000 0.000 0.000 0.000 0.000 0.000 0.000 0.000 0.000
0.270 0.258 0.239 0.213 0.181 0.142 0.106 0.078 0.059 0.046 0.040 0.037 0.036 0.037 0.041 0.057 0.079 0.088 0.089 0.080 0.053 0.027 0.015 0.009 0.006 0.004 0.002 0.002 0.001 0.001 0.000 0.001 0.001 0.001 0.001 0.000 0.000 0.000 0.000 0.000 0.000 0.000 0.000 0.000 0.000 0.000 0.001 0.001 0.001 0.001 0.001 0.001 0.001 0.000 0.000 0.000 0.000 0.000 0.000 0.000 0.001 0.001 0.001 0.000 0.000 0.000 0.000 0.000 0.000 0.000 0.000 0.000 0.000 0.000 0.000 0.000 0.000
0.349 0.338 0.321 0.296 0.262 0.218 0.168 0.123 0.090 0.069 0.056 0.050 0.048 0.049 0.054 0.070 0.086 0.090 0.087 0.071 0.042 0.023 0.014 0.009 0.006 0.004 0.002 0.002 0.001 0.000 0.000 0.000 0.001 0.001 0.001 0.000 0.000 0.001 0.000 0.000 0.000 0.001 0.001 0.000 0.000 0.000 0.000 0.001 0.001 0.001 0.001 0.001 0.001 0.000 0.000 0.000 0.000 0.000 0.000 0.000 0.001 0.001 0.001 0.000 0.000 0.000 0.000 0.000 0.000 0.000 0.000 0.000 0.000 0.000 0.000 0.000 0.000
0.441 0.432 0.417 0.394 0.360 0.313 0.254 0.192 0.141 0.106 0.083 0.071 0.066 0.066 0.071 0.085 0.094 0.094 0.084 0.058 0.034 0.021 0.014 0.009 0.006 0.004 0.002 0.001 0.001 0.000 0.000 0.000 0.000 0.001 0.001 0.000 0.000 0.001 0.000 0.000 0.001 0.001 0.001 0.001 0.000 0.000 0.000 0.000 0.001 0.001 0.001 0.001 0.000 0.000 0.000 0.000 0.000 0.000 0.000 0.001 0.001 0.001 0.000 0.000 0.000 0.000 0.000 0.000 0.000 0.000 0.000 0.000 0.000 0.000 0.000 0.000 0.000
0.548 0.542 0.529 0.508 0.475 0.428 0.365 0.289 0.217 0.163 0.125 0.103 0.092 0.090 0.093 0.101 0.103 0.097 0.076 0.047 0.029 0.020 0.014 0.009 0.006 0.004 0.002 0.001 0.001 0.000 0.000 0.000 0.000 0.000 0.001 0.000 0.000 0.001 0.000 0.000 0.000 0.001 0.001 0.001 0.000 0.000 0.000 0.000 0.000 0.001 0.001 0.001 0.000 0.000 0.000 0.000 0.000 0.000 0.001 0.001 0.001 0.001 0.000 0.000 0.000 0.000 0.000 0.000 0.000 0.000 0.000 0.000 0.000 0.000 0.000 0.000 0.000
0.672 0.667 0.657 0.638 0.606 0.560 0.496 0.414 0.323 0.246 0.189 0.152 0.132 0.124 0.122 0.119 0.112 0.094 0.065 0.041 0.028 0.020 0.014 0.009 0.006 0.004 0.002 0.001 0.001 0.000 0.000 0.000 0.000 0.000 0.000 0.000 0.000 0.000 0.000 0.000 0.001 0.001 0.000 0.000 0.000 0.000 0.000 0.000 0.000 0.000 0.000 0.001 0.000 0.000 0.000 0.000 0.000 0.001 0.001 0.001 0.001 0.001 0.000 0.000 0.000 0.000 0.000 0.000 0.000 0.000 0.000 0.000 0.000 0.000 0.000 0.000 0.000
0.813 0.809 0.801 0.784 0.755 0.710 0.648 0.565 0.463 0.361 0.281 0.226 0.192 0.172 0.156 0.139 0.118 0.089 0.059 0.040 0.028 0.021 0.015 0.010 0.006 0.003 0.002 0.001 0.001 0.001 0.000 0.000 0.000 0.000 0.000 0.000 0.000 0.000 0.000 0.001 0.001 0.001 0.000 0.000 0.000 0.000 0.000 0.000 0.000 0.000 0.000 0.000 0.000 0.000 0.000 0.000 0.000 0.000 0.000 0.000 0.000 0.000 0.000 0.000 0.000 0.000 0.000 0.000 0.000 0.000 0.000 0.000 0.000 0.000 0.000 0.000 0.000
0.967 0.965 0.959 0.944 0.918 0.877 0.818 0.738 0.635 0.516 0.409 0.328 0.272 0.231 0.195 0.159 0.123 0.087 0.059 0.041 0.030 0.022 0.016 0.010 0.006 0.003 0.002 0.001 0.001 0.000 0.001 0.000 0.000 0.000 0.000 0.000 0.000 0.000 0.000 0.001 0.001 0.001 0.001 0.000 0.000 0.000 0.000 0.000 0.001 0.000 0.000 0.000 0.000 0.000 0.000 0.000 0.000 0.000 0.000 0.000 0.000 0.000 0.000 0.000 0.000 0.000 0.000 0.000 0.000 0.000 0.000 0.000 0.000 0.000 0.000 0.000 0.000
1.110 1.110 1.107 1.097 1.078 1.046 0.997 0.928 0.833 0.708 0.572 0.457 0.368 0.297 0.235 0.180 0.130 0.091 0.064 0.046 0.034 0.025 0.018 0.011 0.006 0.003 0.002 0.001 0.001 0.000 0.000 0.001 0.000 0.000 0.000 0.000 0.000 0.000 0.000 0.001 0.001 0.001 0.001 0.000 0.000 0.000 0.000 0.000 0.000 0.001 0.000 0.000 0.000 0.000 0.000 0.000 0.000 0.000 0.001 0.001 0.001 0.000 0.000 0.000 0.000 0.000 0.000 0.000 0.000 0.000 0.000 0.000 0.000 0.000 0.000 0.000 0.000
1.236 1.239 1.239 1.234 1.221 1.197 1.160 1.105 1.023 0.910 0.763 0.608 0.478 0.371 0.281 0.207 0.148 0.106 0.077 0.057 0.042 0.030 0.020 0.012 0.006 0.003 0.001 0.001 0.000 0.000 0.000 0.001 0.001 0.001 0.000 0.000 0.000 0.000 0.001 0.001 0.001 0.001 0.001 0.001 0.000 0.000 0.000 0.000 0.000 0.001 0.000 0.000 0.000 0.000 0.000 0.000 0.000 0.001 0.001 0.001 0.001 0.001 0.000 0.000 0.000 0.000 0.000 0.000 0.000 0.000 0.000 0.000 0.000 0.000 0.000 0.000 0.000
1.346 1.353 1.355 1.353 1.346 1.329 1.302 1.257 1.185 1.081 0.946 0.776 0.603 0.458 0.342 0.251 0.184 0.136 0.101 0.075 0.054 0.037 0.023 0.013 0.006 0.003 0.001 0.001 0.000 0.000 0.000 0.000 0.001 0.001 0.000 0.000 0.000 0.000 0.001 0.001 0.001 0.001 0.001 0.001 0.000 0.000 0.000 0.000 0.000 0.000 0.000 0.000 0.000 0.000 0.000 0.000 0.000 0.001 0.001 0.001 0.001 0.001 0.000 0.000 0.000 0.000 0.000 0.000 0.000 0.000 0.000 0.000 0.000 0.000 0.000 0.000 0.000
1.440 1.449 1.454 1.456 1.453 1.444 1.424 1.384 1.319 1.227 1.104 0.944 0.751 0.570 0.428 0.322 0.245 0.189 0.143 0.104 0.072 0.046 0.025 0.012 0.006 0.003 0.001 0.001 0.001 0.000 0.000 0.000 0.000 0.001 0.000 0.000 0.000 0.000 0.001 0.001 0.001 0.001 0.001 0.000 0.000 0.001 0.000 0.000 0.000 0.000 0.000 0.000 0.000 0.000 0.000 0.000 0.001 0.001 0.001 0.001 0.001 0.000 0.000 0.000 0.000 0.000 0.000 0.000 0.000 0.000 0.000 0.000 0.000 0.000 0.000 0.000 0.000
1.521 1.531 1.538 1.542 1.544 1.539 1.522 1.486 1.430 1.350 1.240 1.100 0.919 0.719 0.557 0.437 0.346 0.273 0.208 0.148 0.095 0.053 0.026 0.012 0.005 0.002 0.001 0.001 0.000 0.000 0.000 0.000 0.000 0.000 0.000 0.000 0.000 0.000 0.000 0.000 0.000 0.000 0.000 0.000 0.000 0.000 0.001 0.000 0.000 0.000 0.000 0.000 0.000 0.000 0.000 0.001 0.001 0.001 0.001 0.001 0.001 0.000 0.000 0.000 0.000 0.000 0.000 0.000 0.000 0.000 0.000 0.000 0.000 0.000 0.000 0.000 0.000
1.590 1.603 1.611 1.615 1.617 1.615 1.599 1.569 1.521 1.451 1.356 1.235 1.084 0.903 0.740 0.607 0.494 0.390 0.287 0.191 0.112 0.057 0.025 0.011 0.004 0.002 0.001 0.001 0.000 0.000 0.001 0.000 0.000 0.000 0.000 0.000 0.000 0.000 0.000 0.001 0.001 0.001 0.000 0.000 0.000 0.000 0.001 0.001 0.001 0.000 0.000 0.000 0.000 0.000 0.000 0.001 0.001 0.001 0.001 0.001 0.001 0.000 0.000 0.000 0.000 0.000 0.000 0.000 0.000 0.000 0.000 0.000 0.000 0.000 0.000 0.000 0.000
1.648 1.665 1.674 1.678 1.679 1.675 1.662 1.637 1.595 1.533 1.451 1.347 1.218 1.065 0.908 0.763 0.624 0.482 0.339 0.213 0.117 0.055 0.023 0.009 0.003 0.001 0.001 0.001 0.000 0.000 0.000 0.001 0.000 0.000 0.000 0.000 0.000 0.000 0.000 0.001 0.001 0.001 0.000 0.000 0.000 0.000 0.000 0.001 0.000 0.000 0.000 0.000 0.000 0.000 0.001 0.001 0.000 0.000 0.000 0.000 0.000 0.000 0.000 0.000 0.000 0.000 0.000 0.000 0.000 0.000 0.000 0.000 0.000 0.000 0.000 0.000 0.000
1.698 1.719 1.730 1.735 1.733 1.728 1.717 1.695 1.656 1.601 1.529 1.437 1.320 1.179 1.023 0.865 0.704 0.529 0.356 0.215 0.112 0.050 0.019 0.007 0.002 0.001 0.001 0.001 0.000 0.000 0.000 0.001 0.001 0.000 0.000 0.000 0.000 0.000 0.000 0.001 0.001 0.001 0.000 0.000 0.000 0.000 0.000 0.000 0.000 0.000 0.000 0.000 0.000 0.001 0.001 0.000 0.000 0.000 0.000 0.000 0.000 0.000 0.000 0.000 0.000 0.000 0.000 0.000 0.000 0.000 0.000 0.000 0.000 0.000 0.000 0.000 0.000
1.738 1.766 1.780 1.784 1.783 1.778 1.768 1.747 1.712 1.662 1.596 1.508 1.392 1.251 1.091 0.921 0.738 0.536 0.348 0.199 0.096 0.038 0.013 0.004 0.001 0.001 0.001 0.001 0.001 0.000 0.000 0.000 0.001 0.000 0.000 0.000 0.000 0.000 0.001 0.001 0.001 0.001 0.000 0.000 0.000 0.000 0.000 0.000 0.000 0.000 0.000 0.000 0.000 0.001 0.000 0.000 0.000 0.001 0.001 0.001 0.000 0.000 0.000 0.000 0.000 0.000 0.000 0.000 0.000 0.000 0.000 0.000 0.000 0.000 0.000 0.000 0.000
1.768 1.805 1.824 1.830 1.830 1.826 1.816 1.797 1.765 1.719 1.652 1.560 1.439 1.291 1.123 0.941 0.742 0.516 0.312 0.159 0.066 0.023 0.007 0.002 0.001 0.001 0.001 0.000 0.001 0.001 0.000 0.000 0.000 0.000 0.000 0.000 0.000 0.000 0.001 0.001 0.001 0.001 0.001 0.000 0.000 0.000 0.000 0.000 0.000 0.000 0.000 0.000 0.000 0.000 0.000 0.000 0.000 0.000 0.000 0.000 0.000 0.000 0.000 0.000 0.000 0.000 0.000 0.000 0.000 0.000 0.000 0.000 0.000 0.000 0.000 0.000 0.000
1.787 1.834 1.861 1.873 1.876 1.874 1.866 1.849 1.818 1.769 1.697 1.595 1.465 1.309 1.133 0.941 0.721 0.466 0.251 0.110 0.040 0.013 0.004 0.002 0.001 0.001 0.000 0.000 0.000 0.001 0.001 0.000 0.000 0.000 0.000 0.000 0.000 0.000 0.000 0.000 0.000 0.000 0.000 0.000 0.000 0.000 0.000 0.000 0.000 0.000 0.000 0.000 0.000 0.000 0.000 0.001 0.001 0.001 0.001 0.000 0.000 0.000 0.000 0.000 0.000 0.000 0.000 0.000 0.000 0.000 0.000 0.000 0.000 0.000 0.000 0.000 0.000
1.794 1.853 1.893 1.914 1.921 1.919 1.913 1.897 1.865 1.810 1.726 1.615 1.475 1.313 1.132 0.927 0.672 0.395 0.190 0.074 0.025 0.008 0.003 0.001 0.001 0.001 0.000 0.000 0.000 0.000 0.001 0.001 0.000 0.000 0.000 0.000 0.000 0.000 0.000 0.000 0.001 0.001 0.001 0.001 0.000 0.000 0.000 0.000 0.000 0.000 0.000 0.000 0.000 0.000 0.000 0.000 0.000 0.000 0.001 0.000 0.000 0.000 0.000 0.000 0.000 0.000 0.000 0.000 0.000 0.000 0.000 0.000 0.000 0.000 0.000 0.000 0.000
1.791 1.859 1.915 1.948 1.961 1.962 1.957 1.938 1.898 1.834 1.741 1.619 1.475 1.310 1.120 0.889 0.595 0.319 0.139 0.050 0.017 0.005 0.002 0.001 0.001 0.000 0.000 0.000 0.000 0.000 0.000 0.001 0.000 0.000 0.000 0.000 0.000 0.000 0.000 0.001 0.001 0.001 0.001 0.000 0.001 0.000 0.000 0.000 0.000 0.000 0.000 0.000 0.000 0.000 0.000 0.000 0.000 0.000 0.000 0.000 0.000 0.000 0.000 0.000 0.000 0.000 0.000 0.000 0.000 0.000 0.000 0.000 0.000 0.000 0.000 0.000 0.000
1.777 1.854 1.923 1.973 1.996 2.000 1.994 1.971 1.924 1.849 1.747 1.620 1.472 1.300 1.092 0.819 0.494 0.241 0.095 0.032 0.010 0.003 0.001 0.001 0.001 0.001 0.000 0.000 0.000 0.000 0.000 0.000 0.000 0.000 0.000 0.000 0.000 0.000 0.000 0.001 0.001 0.001 0.001 0.000 0.000 0.001 0.000 0.000 0.000 0.000 0.000 0.000 0.000 0.000 0.000 0.000 0.000 0.000 0.000 0.000 0.000 0.000 0.000 0.000 0.000 0.000 0.000 0.000 0.000 0.000 0.000 0.000 0.000 0.000 0.000 0.000 0.000
1.744 1.831 1.918 1.986 2.022 2.030 2.023 1.994 1.939 1.856 1.748 1.616 1.460 1.271 1.025 0.697 0.375 0.163 0.058 0.019 0.006 0.002 0.001 0.001 0.001 0.001 0.001 0.000 0.000 0.000 0.000 0.000 0.000 0.000 0.000 0.000 0.000 0.000 0.000 0.001 0.001 0.001 0.001 0.000 0.000 0.000 0.001 0.000 0.000 0.000 0.000 0.000 0.000 0.000 0.000 0.000 0.001 0.000 0.000 0.000 0.000 0.000 0.000 0.000 0.000 0.000 0.000 0.000 0.000 0.000 0.000 0.000 0.000 0.000 0.000 0.000 0.000
1.688 1.778 1.882 1.976 2.029 2.044 2.037 2.005 1.943 1.855 1.738 1.592 1.409 1.176 0.870 0.516 0.242 0.092 0.031 0.010 0.003 0.001 0.001 0.001 0.001 0.001 0.001 0.001 0.000 0.000 0.000 0.000 0.000 0.000 0.000 0.000 0.000 0.000 0.001 0.001 0.001 0.001 0.001 0.001 0.000 0.000 0.000 0.001 0.000 0.000 0.000 0.000 0.000 0.000 0.000 0.000 0.000 0.000 0.000 0.000 0.000 0.000 0.000 0.000 0.000 0.000 0.000 0.000 0.000 0.000 0.000 0.000 0.000 0.000 0.000 0.000 0.000
1.601 1.682 1.782 1.894 1.979 2.021 2.024 1.998 1.934 1.831 1.687 1.495 1.248 0.942 0.596 0.298 0.122 0.043 0.014 0.004 0.001 0.001 0.001 0.001 0.001 0.001 0.001 0.001 0.001 0.000 0.000 0.000 0.000 0.000 0.000 0.000 0.000 0.000 0.000 0.000 0.000 0.000 0.000 0.000 0.001 0.000 0.000 0.000 0.000 0.000 0.000 0.000 0.000 0.000 0.000 0.000 0.000 0.000 0.000 0.000 0.000 0.000 0.000 0.000 0.000 0.000 0.000 0.000 0.000 0.000 0.000 0.000 0.000 0.000 0.000 0.000 0.000
