RESULTS/r.avaflow_results/11_results/11_ascii/11_hflow3_max.asc
ncols 506
nrows 317
xllcenter 498237.50
yllcenter 5580050.00
cellsize 12.50
NODATA_value -9999.000
[rows 170 to 203 of 317, columns 154 to 230 of 506]
19.069 18.658 18.223 17.726 17.123 16.455 15.781 15.162 14.601 14.070 13.530 12.966 12.381 11.754 11.022 10.136 9.044 8.025 6.976 6.029 5.291 4.525 3.784 3.170 2.687 2.317 2.068 1.939 1.890 1.879 1.872 1.879 1.898 1.901 1.887 1.857 1.824 1.835 1.851 1.840 1.809 1.784 1.758 1.730 1.682 1.602 1.488 1.340 1.169 0.988 0.807 0.637 0.493 0.387 0.314 0.261 0.223 0.195 0.176 0.175 0.174 0.172 0.169 0.166 0.165 0.166 0.171 0.190 0.266 0.425 0.626 0.868 1.032 1.116 1.126 1.074 0.964
22.427 22.314 22.045 21.560 20.866 20.051 19.239 18.496 17.825 17.189 16.558 15.923 15.290 14.636 14.020 13.240 12.217 11.047 9.819 8.574 7.295 6.021 4.872 3.967 3.283 2.741 2.338 2.089 1.971 1.945 1.974 2.022 2.040 2.032 1.991 1.941 1.885 1.853 1.861 1.852 1.819 1.765 1.701 1.631 1.543 1.415 1.235 1.000 0.757 0.553 0.404 0.305 0.237 0.192 0.161 0.139 0.125 0.121 0.122 0.122 0.122 0.120 0.116 0.113 0.112 0.112 0.117 0.137 0.192 0.304 0.490 0.705 0.901 1.008 1.051 1.042 0.982
25.239 25.512 25.391 24.940 24.219 23.351 22.490 21.700 20.974 20.279 19.602 18.939 18.345 17.965 17.383 16.511 15.398 14.150 12.835 11.446 9.931 8.303 6.685 5.336 4.267 3.411 2.750 2.319 2.073 1.977 1.986 2.015 2.040 2.043 2.014 1.953 1.881 1.831 1.824 1.789 1.714 1.600 1.460 1.310 1.143 0.940 0.711 0.496 0.342 0.244 0.182 0.142 0.114 0.096 0.084 0.080 0.081 0.084 0.086 0.087 0.087 0.085 0.082 0.080 0.081 0.082 0.087 0.101 0.139 0.215 0.356 0.549 0.790 0.931 0.995 1.009 0.983
27.054 27.545 27.615 27.337 26.786 26.088 25.367 24.686 24.013 23.327 22.627 21.933 21.411 20.980 20.374 19.486 18.329 16.993 15.584 14.127 12.586 10.916 9.093 7.274 5.723 4.465 3.474 2.756 2.302 2.069 1.984 1.979 1.980 1.966 1.924 1.850 1.772 1.713 1.661 1.569 1.411 1.183 0.946 0.737 0.563 0.415 0.293 0.204 0.145 0.108 0.084 0.069 0.058 0.051 0.051 0.052 0.056 0.060 0.062 0.063 0.063 0.063 0.063 0.062 0.063 0.064 0.068 0.078 0.102 0.152 0.246 0.418 0.663 0.858 0.945 0.978 0.971
27.659 28.279 28.589 28.584 28.354 28.006 27.590 27.128 26.592 25.971 25.273 24.531 23.939 23.466 22.858 22.013 20.911 19.606 18.174 16.648 15.007 13.200 11.188 9.186 7.268 5.681 4.412 3.433 2.727 2.284 2.038 1.906 1.833 1.778 1.715 1.628 1.527 1.419 1.294 1.108 0.854 0.608 0.435 0.315 0.231 0.167 0.121 0.088 0.066 0.052 0.043 0.036 0.034 0.034 0.034 0.036 0.040 0.043 0.047 0.049 0.050 0.050 0.050 0.051 0.052 0.053 0.057 0.063 0.079 0.111 0.174 0.297 0.520 0.761 0.887 0.942 0.951
27.366 28.188 28.661 28.909 28.971 28.912 28.754 28.493 28.112 27.584 26.896 26.124 25.667 25.228 24.688 23.951 22.997 21.814 20.379 18.719 16.926 15.103 13.082 10.886 8.615 6.679 5.132 3.942 3.075 2.477 2.084 1.829 1.669 1.549 1.426 1.259 1.078 0.898 0.722 0.547 0.386 0.267 0.188 0.134 0.097 0.073 0.055 0.043 0.034 0.028 0.026 0.024 0.024 0.024 0.025 0.026 0.029 0.034 0.037 0.039 0.040 0.041 0.042 0.043 0.044 0.046 0.049 0.054 0.064 0.086 0.130 0.213 0.385 0.631 0.801 0.886 0.919
26.439 27.444 28.228 28.692 28.941 29.047 29.028 28.870 28.590 28.185 27.607 26.921 26.447 26.076 25.584 24.945 24.146 23.141 21.872 20.305 18.477 16.504 14.389 12.003 9.411 7.200 5.469 4.170 3.234 2.564 2.096 1.763 1.506 1.256 0.979 0.720 0.539 0.417 0.320 0.234 0.166 0.118 0.084 0.061 0.046 0.036 0.029 0.025 0.022 0.019 0.018 0.018 0.018 0.018 0.019 0.021 0.023 0.026 0.029 0.031 0.033 0.034 0.036 0.038 0.039 0.041 0.044 0.048 0.055 0.071 0.101 0.160 0.281 0.486 0.686 0.805 0.870
25.049 26.261 27.283 28.062 28.570 28.849 28.922 28.814 28.567 28.360 27.988 27.251 26.692 26.343 25.944 25.360 24.597 23.674 22.495 20.952 19.165 17.137 14.891 12.338 9.607 7.289 5.499 4.193 3.248 2.558 2.033 1.594 1.190 0.801 0.499 0.325 0.232 0.177 0.135 0.100 0.074 0.055 0.041 0.032 0.026 0.022 0.019 0.017 0.015 0.014 0.014 0.014 0.014 0.015 0.015 0.016 0.018 0.020 0.023 0.025 0.028 0.030 0.031 0.033 0.035 0.038 0.040 0.044 0.049 0.061 0.083 0.124 0.209 0.354 0.547 0.702 0.799
23.279 24.688 25.895 26.896 27.631 28.056 28.198 28.122 27.928 27.887 27.550 26.850 26.269 25.895 25.478 24.885 24.139 23.267 22.172 20.780 19.013 16.950 14.634 12.061 9.325 7.018 5.257 3.993 3.067 2.342 1.733 1.185 0.720 0.398 0.225 0.141 0.100 0.076 0.059 0.046 0.037 0.029 0.024 0.020 0.017 0.015 0.013 0.012 0.011 0.011 0.011 0.011 0.011 0.011 0.012 0.013 0.014 0.016 0.018 0.021 0.024 0.026 0.028 0.030 0.032 0.034 0.037 0.041 0.045 0.053 0.071 0.099 0.160 0.261 0.414 0.580 0.703
21.489 22.944 24.202 25.260 26.083 26.587 26.796 26.754 26.505 26.366 26.049 25.591 25.068 24.500 23.875 23.240 22.556 21.784 20.822 19.515 17.781 15.716 13.409 10.886 8.331 6.217 4.626 3.423 2.487 1.724 1.098 0.631 0.336 0.177 0.100 0.064 0.047 0.036 0.030 0.025 0.021 0.019 0.016 0.014 0.012 0.011 0.010 0.009 0.008 0.008 0.008 0.008 0.008 0.009 0.009 0.010 0.011 0.013 0.015 0.017 0.020 0.023 0.026 0.028 0.030 0.032 0.035 0.038 0.042 0.048 0.062 0.085 0.126 0.200 0.310 0.456 0.591
19.610 21.071 22.310 23.319 24.143 24.749 25.058 25.042 24.718 24.301 24.094 23.954 23.572 22.778 21.879 21.135 20.427 19.660 18.683 17.369 15.605 13.494 11.178 8.838 6.745 5.020 3.568 2.375 1.468 0.854 0.474 0.256 0.139 0.078 0.047 0.033 0.025 0.020 0.018 0.016 0.014 0.013 0.011 0.010 0.009 0.008 0.007 0.006 0.006 0.006 0.006 0.006 0.006 0.006 0.007 0.008 0.009 0.010 0.012 0.014 0.017 0.020 0.023 0.026 0.028 0.031 0.033 0.036 0.039 0.044 0.056 0.075 0.104 0.158 0.240 0.352 0.483
17.190 18.667 19.972 21.075 22.027 22.827 23.340 23.438 23.083 22.687 22.588 22.538 22.170 21.262 20.303 19.562 18.837 17.913 16.652 14.966 12.876 10.483 8.194 6.298 4.713 3.297 2.059 1.157 0.612 0.321 0.173 0.098 0.059 0.037 0.025 0.019 0.015 0.013 0.012 0.011 0.010 0.009 0.008 0.007 0.006 0.006 0.005 0.004 0.004 0.004 0.004 0.004 0.004 0.004 0.005 0.006 0.007 0.008 0.010 0.012 0.014 0.017 0.020 0.024 0.026 0.029 0.032 0.034 0.037 0.042 0.052 0.069 0.094 0.130 0.192 0.278 0.391
14.185 15.670 17.100 18.482 19.694 20.723 21.472 21.771 21.613 21.492 21.431 21.300 20.798 19.886 19.069 18.355 17.517 16.294 14.519 12.206 9.516 6.848 4.725 3.324 2.322 1.492 0.842 0.426 0.209 0.112 0.065 0.042 0.028 0.020 0.015 0.013 0.011 0.010 0.009 0.009 0.008 0.008 0.007 0.006 0.005 0.004 0.004 0.003 0.003 0.002 0.002 0.002 0.002 0.003 0.003 0.004 0.005 0.006 0.008 0.010 0.012 0.015 0.018 0.021 0.024 0.027 0.030 0.033 0.036 0.041 0.049 0.065 0.087 0.116 0.158 0.225 0.316
11.061 12.444 13.845 15.246 16.632 17.773 19.102 19.909 20.149 20.089 19.810 19.292 18.564 17.801 17.107 16.344 15.277 13.640 11.265 8.301 5.416 3.252 1.957 1.248 0.803 0.477 0.257 0.131 0.071 0.043 0.029 0.021 0.016 0.012 0.011 0.010 0.009 0.008 0.008 0.008 0.007 0.006 0.006 0.005 0.004 0.003 0.003 0.002 0.002 0.001 0.001 0.001 0.001 0.001 0.002 0.003 0.004 0.005 0.006 0.008 0.010 0.013 0.015 0.018 0.022 0.025 0.028 0.032 0.036 0.041 0.048 0.062 0.082 0.107 0.137 0.184 0.256
8.011 9.136 10.195 11.564 13.158 14.690 16.021 16.922 17.270 17.214 16.783 15.971 15.047 14.286 13.523 12.548 11.092 8.980 6.304 3.772 2.060 1.045 0.562 0.339 0.210 0.129 0.076 0.045 0.030 0.022 0.016 0.013 0.011 0.010 0.009 0.008 0.008 0.007 0.007 0.006 0.006 0.005 0.005 0.004 0.003 0.003 0.002 0.001 0.001 0.000 0.000 0.000 0.000 0.001 0.001 0.002 0.002 0.004 0.005 0.007 0.008 0.011 0.013 0.016 0.019 0.023 0.027 0.031 0.036 0.041 0.049 0.059 0.077 0.100 0.127 0.157 0.212
5.402 6.385 7.375 8.343 9.317 10.353 11.414 12.210 12.579 12.597 12.255 11.453 10.317 9.181 8.148 7.027 5.635 3.891 2.239 1.119 0.511 0.244 0.142 0.092 0.063 0.043 0.030 0.022 0.016 0.013 0.011 0.010 0.009 0.008 0.007 0.007 0.007 0.006 0.006 0.005 0.005 0.004 0.004 0.003 0.003 0.002 0.001 0.001 0.000 0.000 0.000 0.000 0.000 0.000 0.000 0.001 0.001 0.002 0.004 0.005 0.007 0.009 0.011 0.014 0.018 0.021 0.026 0.030 0.035 0.042 0.049 0.058 0.073 0.094 0.118 0.147 0.181
3.500 3.978 4.422 4.841 5.271 5.749 6.311 6.767 7.015 7.066 6.886 6.315 5.327 4.196 3.352 2.646 1.900 1.090 0.518 0.228 0.111 0.066 0.046 0.034 0.027 0.021 0.016 0.013 0.011 0.010 0.009 0.008 0.007 0.007 0.006 0.006 0.005 0.005 0.005 0.004 0.004 0.004 0.003 0.003 0.002 0.002 0.001 0.001 0.000 0.000 0.000 0.000 0.000 0.000 0.000 0.000 0.001 0.001 0.002 0.004 0.005 0.007 0.010 0.013 0.016 0.020 0.024 0.029 0.035 0.041 0.049 0.058 0.069 0.088 0.112 0.141 0.177
1.824 2.012 2.182 2.325 2.454 2.587 2.750 2.877 2.930 2.913 2.798 2.486 1.921 1.318 0.937 0.668 0.420 0.218 0.104 0.058 0.037 0.027 0.022 0.018 0.016 0.013 0.011 0.010 0.009 0.008 0.007 0.006 0.006 0.005 0.005 0.005 0.004 0.004 0.004 0.004 0.003 0.003 0.003 0.002 0.002 0.002 0.001 0.001 0.000 0.000 0.000 0.000 0.000 0.000 0.000 0.000 0.000 0.001 0.002 0.003 0.004 0.006 0.008 0.011 0.014 0.018 0.023 0.028 0.034 0.040 0.047 0.056 0.066 0.082 0.107 0.138 0.177
0.775 0.838 0.895 0.936 0.953 0.962 0.960 0.941 0.912 0.869 0.803 0.678 0.474 0.301 0.208 0.143 0.090 0.054 0.034 0.025 0.020 0.017 0.015 0.013 0.011 0.010 0.009 0.008 0.007 0.006 0.006 0.005 0.005 0.004 0.004 0.004 0.004 0.003 0.003 0.003 0.003 0.003 0.003 0.002 0.002 0.002 0.001 0.000 0.000 0.000 0.000 0.000 0.000 0.000 0.000 0.000 0.000 0.000 0.001 0.002 0.003 0.004 0.006 0.009 0.012 0.016 0.021 0.026 0.031 0.037 0.044 0.052 0.062 0.076 0.101 0.134 0.175
0.289 0.315 0.335 0.345 0.345 0.335 0.314 0.288 0.261 0.236 0.209 0.172 0.119 0.081 0.059 0.043 0.031 0.025 0.020 0.017 0.015 0.013 0.011 0.010 0.009 0.008 0.007 0.006 0.005 0.005 0.004 0.004 0.004 0.004 0.003 0.003 0.003 0.003 0.003 0.003 0.003 0.003 0.002 0.002 0.002 0.002 0.001 0.000 0.000 0.000 0.000 0.000 0.000 0.000 0.000 0.000 0.000 0.000 0.000 0.001 0.002 0.003 0.005 0.007 0.010 0.013 0.017 0.022 0.027 0.033 0.038 0.045 0.054 0.067 0.090 0.124 0.167
0.111 0.119 0.125 0.126 0.124 0.118 0.107 0.093 0.081 0.071 0.062 0.052 0.039 0.031 0.026 0.022 0.019 0.017 0.014 0.013 0.011 0.010 0.009 0.008 0.007 0.006 0.005 0.005 0.004 0.004 0.004 0.004 0.003 0.003 0.003 0.003 0.003 0.003 0.003 0.003 0.003 0.003 0.003 0.003 0.002 0.002 0.001 0.000 0.000 0.000 0.000 0.000 0.000 0.000 0.000 0.000 0.000 0.000 0.000 0.000 0.001 0.002 0.003 0.005 0.007 0.010 0.014 0.018 0.022 0.027 0.032 0.037 0.044 0.054 0.071 0.101 0.143
0.049 0.048 0.050 0.050 0.049 0.046 0.041 0.036 0.031 0.028 0.027 0.025 0.023 0.020 0.018 0.016 0.014 0.012 0.011 0.010 0.008 0.007 0.007 0.006 0.005 0.005 0.005 0.004 0.004 0.004 0.003 0.003 0.003 0.003 0.003 0.003 0.003 0.003 0.003 0.004 0.004 0.004 0.003 0.003 0.002 0.002 0.001 0.000 0.000 0.000 0.000 0.000 0.000 0.000 0.000 0.000 0.000 0.000 0.000 0.000 0.000 0.001 0.002 0.003 0.005 0.007 0.010 0.013 0.017 0.020 0.024 0.028 0.033 0.039 0.049 0.071 0.103
0.026 0.025 0.024 0.024 0.023 0.022 0.020 0.019 0.019 0.018 0.018 0.017 0.016 0.015 0.013 0.012 0.011 0.009 0.008 0.007 0.007 0.006 0.005 0.005 0.005 0.004 0.004 0.004 0.004 0.004 0.004 0.004 0.004 0.004 0.004 0.004 0.004 0.005 0.005 0.005 0.005 0.004 0.004 0.003 0.003 0.002 0.001 0.000 0.000 0.000 0.000 0.000 0.000 0.000 0.000 0.000 0.000 0.000 0.000 0.000 0.000 0.000 0.001 0.002 0.003 0.005 0.007 0.009 0.012 0.015 0.017 0.020 0.023 0.027 0.033 0.046 0.066
0.016 0.016 0.016 0.016 0.015 0.015 0.014 0.014 0.013 0.013 0.013 0.013 0.012 0.011 0.011 0.009 0.008 0.008 0.007 0.006 0.006 0.005 0.005 0.004 0.004 0.004 0.004 0.004 0.004 0.004 0.005 0.005 0.005 0.006 0.006 0.006 0.007 0.006 0.006 0.006 0.005 0.005 0.004 0.003 0.002 0.002 0.001 0.000 0.000 0.000 0.000 0.000 0.000 0.000 0.000 0.000 0.000 0.000 0.000 0.000 0.000 0.000 0.000 0.001 0.002 0.003 0.005 0.006 0.008 0.010 0.013 0.015 0.017 0.020 0.023 0.030 0.041
0.011 0.011 0.011 0.011 0.011 0.011 0.011 0.011 0.010 0.010 0.010 0.010 0.010 0.009 0.009 0.008 0.007 0.006 0.006 0.005 0.005 0.005 0.004 0.004 0.004 0.005 0.005 0.005 0.006 0.006 0.007 0.008 0.008 0.008 0.008 0.008 0.008 0.007 0.007 0.006 0.005 0.005 0.004 0.003 0.002 0.001 0.001 0.000 0.000 0.000 0.000 0.000 0.000 0.000 0.000 0.000 0.000 0.000 0.000 0.000 0.000 0.000 0.000 0.000 0.001 0.002 0.003 0.004 0.006 0.007 0.009 0.011 0.013 0.015 0.017 0.021 0.027
0.008 0.009 0.009 0.009 0.009 0.009 0.009 0.008 0.008 0.008 0.008 0.008 0.008 0.008 0.007 0.007 0.006 0.005 0.005 0.005 0.004 0.004 0.004 0.005 0.005 0.006 0.007 0.008 0.009 0.010 0.010 0.010 0.010 0.010 0.009 0.009 0.008 0.008 0.007 0.006 0.005 0.004 0.004 0.003 0.002 0.001 0.001 0.000 0.000 0.000 0.000 0.000 0.000 0.000 0.000 0.000 0.000 0.000 0.000 0.000 0.000 0.000 0.000 0.000 0.000 0.001 0.002 0.003 0.004 0.005 0.006 0.008 0.009 0.011 0.013 0.015 0.019
0.007 0.007 0.007 0.007 0.007 0.007 0.007 0.007 0.007 0.007 0.007 0.007 0.007 0.006 0.006 0.006 0.005 0.005 0.004 0.004 0.004 0.005 0.005 0.006 0.008 0.010 0.011 0.012 0.012 0.012 0.012 0.011 0.011 0.010 0.010 0.009 0.009 0.008 0.007 0.006 0.005 0.004 0.003 0.002 0.002 0.001 0.001 0.000 0.000 0.000 0.000 0.000 0.000 0.000 0.000 0.000 0.000 0.000 0.000 0.000 0.000 0.000 0.000 0.000 0.000 0.000 0.001 0.001 0.002 0.003 0.004 0.005 0.007 0.008 0.009 0.011 0.014
0.005 0.005 0.005 0.006 0.006 0.006 0.006 0.006 0.006 0.006 0.006 0.006 0.006 0.005 0.005 0.005 0.005 0.004 0.004 0.004 0.005 0.006 0.007 0.009 0.011 0.012 0.013 0.013 0.013 0.013 0.012 0.012 0.011 0.010 0.010 0.009 0.009 0.008 0.007 0.005 0.004 0.003 0.002 0.002 0.001 0.001 0.000 0.000 0.000 0.000 0.000 0.000 0.000 0.000 0.000 0.000 0.000 0.000 0.000 0.000 0.000 0.000 0.000 0.000 0.000 0.000 0.000 0.000 0.001 0.002 0.002 0.003 0.004 0.005 0.007 0.008 0.010
0.004 0.004 0.004 0.005 0.005 0.005 0.005 0.005 0.005 0.005 0.005 0.005 0.005 0.005 0.004 0.004 0.004 0.004 0.004 0.005 0.006 0.008 0.009 0.011 0.012 0.013 0.013 0.013 0.013 0.013 0.012 0.012 0.011 0.010 0.010 0.009 0.008 0.007 0.006 0.004 0.003 0.002 0.002 0.001 0.001 0.000 0.000 0.000 0.000 0.000 0.000 0.000 0.000 0.000 0.000 0.000 0.000 0.000 0.000 0.000 0.000 0.000 0.000 0.000 0.000 0.000 0.000 0.000 0.000 0.001 0.001 0.002 0.003 0.004 0.005 0.006 0.007
0.003 0.003 0.004 0.004 0.004 0.004 0.004 0.004 0.004 0.004 0.004 0.004 0.004 0.004 0.004 0.004 0.004 0.004 0.005 0.006 0.007 0.009 0.010 0.012 0.013 0.013 0.013 0.013 0.013 0.013 0.012 0.011 0.011 0.010 0.009 0.008 0.007 0.006 0.004 0.003 0.002 0.001 0.001 0.001 0.000 0.000 0.000 0.000 0.000 0.000 0.000 0.000 0.000 0.000 0.000 0.000 0.000 0.000 0.000 0.000 0.000 0.000 0.000 0.000 0.000 0.000 0.000 0.000 0.000 0.000 0.000 0.001 0.001 0.002 0.003 0.004 0.005
0.002 0.003 0.003 0.003 0.003 0.003 0.003 0.003 0.003 0.003 0.003 0.003 0.003 0.003 0.003 0.003 0.004 0.004 0.005 0.006 0.007 0.009 0.010 0.011 0.012 0.013 0.013 0.013 0.013 0.013 0.012 0.011 0.009 0.008 0.007 0.006 0.005 0.003 0.003 0.002 0.001 0.001 0.001 0.000 0.000 0.000 0.000 0.000 0.000 0.000 0.000 0.000 0.000 0.000 0.000 0.000 0.000 0.000 0.000 0.000 0.000 0.000 0.000 0.000 0.000 0.000 0.000 0.000 0.000 0.000 0.000 0.000 0.000 0.001 0.001 0.002 0.003
0.002 0.002 0.002 0.002 0.002 0.002 0.002 0.003 0.003 0.003 0.003 0.003 0.003 0.003 0.003 0.003 0.003 0.004 0.005 0.006 0.007 0.009 0.010 0.011 0.012 0.012 0.012 0.012 0.012 0.012 0.011 0.009 0.007 0.006 0.004 0.003 0.003 0.002 0.001 0.001 0.001 0.001 0.000 0.000 0.000 0.000 0.000 0.000 0.000 0.000 0.000 0.000 0.000 0.000 0.000 0.000 0.000 0.000 0.000 0.000 0.000 0.000 0.000 0.000 0.000 0.000 0.000 0.000 0.000 0.000 0.000 0.000 0.000 0.000 0.001 0.001 0.002
0.001 0.001 0.002 0.002 0.002 0.002 0.002 0.002 0.002 0.002 0.002 0.002 0.002 0.002 0.002 0.002 0.003 0.004 0.005 0.006 0.007 0.008 0.009 0.010 0.010 0.010 0.010 0.010 0.010 0.009 0.008 0.006 0.004 0.003 0.002 0.002 0.001 0.001 0.001 0.001 0.000 0.000 0.000 0.000 0.000 0.000 0.000 0.000 0.000 0.000 0.000 0.000 0.000 0.000 0.000 0.000 0.000 0.000 0.000 0.000 0.000 0.000 0.000 0.000 0.000 0.000 0.000 0.000 0.000 0.000 0.000 0.000 0.000 0.000 0.000 0.000 0.001
0.001 0.001 0.001 0.001 0.001 0.001 0.002 0.002 0.002 0.002 0.002 0.002 0.002 0.002 0.002 0.002 0.002 0.003 0.004 0.005 0.006 0.007 0.007 0.008 0.007 0.007 0.006 0.006 0.005 0.005 0.004 0.003 0.002 0.002 0.001 0.001 0.001 0.001 0.001 0.000 0.000 0.000 0.000 0.000 0.000 0.000 0.000 0.000 0.000 0.000 0.000 0.000 0.000 0.000 0.000 0.000 0.000 0.000 0.000 0.000 0.000 0.000 0.000 0.000 0.000 0.000 0.000 0.000 0.000 0.000 0.000 0.000 0.000 0.000 0.000 0.000 0.000
