RESULTS/r.avaflow_results/11_results/11_ascii/11_hflow30028.asc
ncols 506
nrows 317
xllcenter 498237.50
yllcenter 5580050.00
cellsize 12.50
NODATA_value -9999.000
[rows 170 to 203 of 317, columns 154 to 230 of 506]
9.328 9.207 9.068 8.896 8.689 8.450 8.198 7.954 7.733 7.533 7.344 7.158 6.958 6.696 6.301 5.742 5.043 4.267 3.496 2.779 2.132 1.578 1.141 0.833 0.638 0.530 0.479 0.466 0.471 0.501 0.558 0.605 0.629 0.640 0.646 0.655 0.675 0.701 0.713 0.712 0.702 0.685 0.670 0.654 0.634 0.601 0.550 0.481 0.402 0.326 0.259 0.210 0.175 0.150 0.133 0.123 0.118 0.119 0.121 0.125 0.127 0.129 0.131 0.133 0.135 0.139 0.148 0.169 0.219 0.325 0.526 0.749 0.861 0.885 0.849 0.720 0.504
12.332 12.568 12.676 12.684 12.628 12.478 12.234 11.936 11.632 11.343 11.069 10.803 10.530 10.206 9.739 9.054 8.157 7.103 5.970 4.859 3.820 2.890 2.113 1.526 1.129 0.886 0.750 0.688 0.673 0.689 0.719 0.734 0.731 0.718 0.702 0.695 0.698 0.706 0.708 0.699 0.676 0.645 0.615 0.585 0.548 0.493 0.409 0.310 0.226 0.169 0.134 0.111 0.097 0.088 0.084 0.082 0.084 0.088 0.092 0.095 0.096 0.096 0.096 0.096 0.097 0.099 0.106 0.122 0.158 0.234 0.378 0.598 0.765 0.830 0.835 0.789 0.658
15.537 16.155 16.442 16.492 16.438 16.264 15.989 15.664 15.331 15.009 14.697 14.399 14.103 13.771 13.321 12.647 11.694 10.484 9.105 7.667 6.254 4.911 3.713 2.730 1.998 1.495 1.172 0.983 0.883 0.831 0.800 0.775 0.751 0.725 0.700 0.683 0.673 0.665 0.652 0.623 0.575 0.519 0.467 0.415 0.358 0.289 0.213 0.152 0.111 0.087 0.072 0.063 0.058 0.056 0.056 0.058 0.062 0.067 0.071 0.073 0.074 0.073 0.072 0.072 0.072 0.074 0.079 0.091 0.117 0.169 0.269 0.447 0.660 0.781 0.818 0.813 0.753
17.848 18.800 19.299 19.455 19.442 19.325 19.114 18.860 18.581 18.278 17.956 17.633 17.316 16.978 16.548 15.908 14.994 13.821 12.453 10.950 9.348 7.693 6.051 4.584 3.391 2.482 1.832 1.396 1.115 0.936 0.829 0.767 0.726 0.687 0.649 0.616 0.586 0.556 0.518 0.457 0.378 0.308 0.255 0.213 0.174 0.135 0.100 0.075 0.059 0.049 0.043 0.040 0.039 0.039 0.040 0.042 0.047 0.052 0.055 0.057 0.057 0.056 0.056 0.055 0.056 0.057 0.061 0.070 0.088 0.123 0.190 0.319 0.535 0.721 0.799 0.812 0.792
19.078 20.265 21.015 21.409 21.584 21.642 21.608 21.514 21.360 21.132 20.825 20.468 20.115 19.756 19.330 18.722 17.855 16.729 15.392 13.909 12.306 10.573 8.685 6.742 5.022 3.621 2.555 1.803 1.307 0.998 0.821 0.718 0.645 0.584 0.526 0.471 0.419 0.369 0.316 0.254 0.196 0.154 0.125 0.103 0.084 0.067 0.052 0.042 0.035 0.031 0.029 0.028 0.028 0.028 0.030 0.032 0.036 0.040 0.043 0.044 0.044 0.043 0.043 0.043 0.044 0.045 0.049 0.055 0.068 0.092 0.138 0.227 0.401 0.630 0.761 0.801 0.799
19.377 20.673 21.635 22.314 22.791 23.116 23.315 23.395 23.370 23.241 22.966 22.564 22.165 21.790 21.374 20.816 20.036 19.006 17.726 16.227 14.541 12.675 10.597 8.289 6.141 4.366 3.001 2.036 1.405 1.016 0.778 0.621 0.505 0.412 0.334 0.276 0.235 0.201 0.167 0.131 0.102 0.081 0.066 0.055 0.045 0.038 0.031 0.027 0.024 0.022 0.022 0.021 0.022 0.022 0.023 0.025 0.028 0.031 0.033 0.033 0.033 0.033 0.034 0.034 0.035 0.036 0.039 0.045 0.054 0.071 0.104 0.168 0.291 0.506 0.690 0.769 0.786
19.197 20.548 21.626 22.474 23.175 23.738 24.122 24.320 24.375 24.319 24.080 23.638 23.205 22.845 22.458 21.954 21.265 20.347 19.155 17.664 15.897 13.888 11.626 9.080 6.660 4.674 3.162 2.104 1.420 0.985 0.695 0.492 0.347 0.248 0.184 0.146 0.124 0.107 0.089 0.071 0.057 0.047 0.039 0.033 0.028 0.024 0.021 0.019 0.018 0.017 0.017 0.017 0.017 0.017 0.018 0.019 0.021 0.023 0.024 0.025 0.025 0.026 0.026 0.026 0.027 0.029 0.032 0.037 0.044 0.058 0.083 0.129 0.217 0.377 0.579 0.705 0.754
18.546 20.010 21.260 22.294 23.139 23.793 24.227 24.456 24.535 24.507 24.289 23.832 23.386 23.049 22.687 22.208 21.562 20.716 19.602 18.148 16.349 14.251 11.881 9.230 6.724 4.677 3.129 2.053 1.347 0.881 0.565 0.351 0.218 0.142 0.101 0.079 0.068 0.059 0.050 0.042 0.035 0.030 0.026 0.022 0.019 0.017 0.016 0.014 0.014 0.013 0.013 0.013 0.013 0.013 0.014 0.014 0.015 0.017 0.018 0.018 0.019 0.019 0.019 0.020 0.021 0.022 0.025 0.030 0.037 0.048 0.069 0.104 0.167 0.277 0.450 0.608 0.697
17.475 19.072 20.499 21.729 22.725 23.449 23.891 24.104 24.168 24.138 23.931 23.501 23.047 22.687 22.306 21.817 21.191 20.390 19.333 17.922 16.134 14.005 11.571 8.864 6.378 4.358 2.842 1.798 1.117 0.672 0.385 0.215 0.126 0.080 0.057 0.046 0.039 0.035 0.030 0.026 0.023 0.021 0.018 0.016 0.014 0.013 0.012 0.011 0.010 0.010 0.010 0.010 0.010 0.010 0.010 0.010 0.011 0.012 0.012 0.013 0.013 0.013 0.014 0.014 0.015 0.017 0.019 0.023 0.030 0.040 0.058 0.086 0.133 0.212 0.336 0.491 0.613
16.114 17.809 19.342 20.681 21.763 22.537 22.995 23.182 23.200 23.115 22.901 22.564 22.142 21.678 21.164 20.596 19.953 19.182 18.179 16.810 15.018 12.836 10.331 7.699 5.388 3.542 2.182 1.266 0.705 0.381 0.204 0.114 0.069 0.046 0.035 0.029 0.025 0.023 0.020 0.018 0.017 0.015 0.014 0.012 0.011 0.010 0.009 0.008 0.007 0.007 0.007 0.007 0.006 0.006 0.007 0.007 0.007 0.008 0.008 0.008 0.009 0.009 0.009 0.010 0.010 0.012 0.014 0.018 0.024 0.033 0.048 0.072 0.110 0.169 0.259 0.383 0.511
14.494 16.200 17.754 19.129 20.270 21.116 21.628 21.811 21.779 21.615 21.412 21.208 20.853 20.252 19.517 18.810 18.094 17.279 16.219 14.759 12.841 10.514 7.991 5.635 3.690 2.227 1.224 0.627 0.320 0.169 0.095 0.059 0.039 0.029 0.023 0.020 0.018 0.016 0.015 0.014 0.012 0.011 0.010 0.009 0.008 0.007 0.006 0.006 0.005 0.005 0.004 0.004 0.004 0.004 0.004 0.004 0.004 0.004 0.005 0.005 0.005 0.005 0.006 0.006 0.007 0.008 0.010 0.013 0.018 0.026 0.039 0.060 0.092 0.140 0.209 0.305 0.419
12.609 14.231 15.766 17.194 18.456 19.455 20.094 20.340 20.323 20.171 19.983 19.790 19.411 18.699 17.797 16.936 16.074 15.065 13.718 11.905 9.581 7.051 4.780 3.063 1.852 1.032 0.523 0.253 0.129 0.074 0.047 0.033 0.025 0.020 0.017 0.015 0.013 0.012 0.011 0.010 0.009 0.008 0.007 0.006 0.006 0.005 0.004 0.004 0.003 0.003 0.002 0.002 0.002 0.002 0.002 0.002 0.002 0.002 0.002 0.002 0.003 0.003 0.003 0.004 0.004 0.005 0.007 0.009 0.013 0.020 0.031 0.049 0.076 0.116 0.173 0.251 0.348
10.550 12.028 13.533 15.038 16.464 17.653 18.464 18.833 18.869 18.752 18.534 18.221 17.689 16.880 15.909 14.911 13.835 12.465 10.605 8.181 5.671 3.619 2.190 1.276 0.715 0.380 0.191 0.097 0.056 0.037 0.027 0.021 0.017 0.015 0.013 0.011 0.010 0.009 0.009 0.008 0.007 0.006 0.005 0.004 0.004 0.003 0.002 0.002 0.002 0.001 0.001 0.001 0.001 0.001 0.001 0.001 0.001 0.001 0.001 0.001 0.001 0.001 0.002 0.002 0.002 0.003 0.004 0.006 0.009 0.015 0.024 0.038 0.061 0.095 0.144 0.208 0.290
8.585 9.842 11.201 12.679 14.172 15.462 16.391 16.874 16.974 16.863 16.512 15.930 15.148 14.219 13.195 12.061 10.700 8.854 6.501 4.239 2.558 1.421 0.756 0.409 0.227 0.127 0.071 0.043 0.029 0.022 0.018 0.015 0.013 0.011 0.010 0.009 0.008 0.007 0.006 0.006 0.005 0.004 0.003 0.003 0.002 0.002 0.001 0.001 0.001 0.000 0.000 0.000 0.000 0.000 0.000 0.000 0.000 0.000 0.000 0.000 0.000 0.000 0.000 0.001 0.001 0.001 0.002 0.004 0.006 0.010 0.017 0.029 0.047 0.075 0.115 0.170 0.240
6.685 7.674 8.756 9.945 11.188 12.300 13.154 13.645 13.775 13.658 13.183 12.350 11.266 10.107 8.938 7.682 6.202 4.478 2.827 1.600 0.829 0.413 0.217 0.125 0.077 0.049 0.033 0.024 0.019 0.016 0.013 0.012 0.010 0.009 0.008 0.007 0.006 0.005 0.004 0.004 0.003 0.002 0.002 0.001 0.001 0.001 0.000 0.000 0.000 0.000 0.000 0.000 0.000 0.000 0.000 0.000 0.000 0.000 0.000 0.000 0.000 0.000 0.000 0.000 0.000 0.001 0.001 0.002 0.004 0.007 0.012 0.020 0.034 0.056 0.088 0.134 0.195
4.759 5.347 5.945 6.553 7.191 7.823 8.363 8.703 8.808 8.715 8.267 7.411 6.289 5.226 4.305 3.431 2.514 1.574 0.857 0.425 0.211 0.115 0.070 0.047 0.034 0.025 0.020 0.016 0.014 0.012 0.011 0.009 0.008 0.007 0.006 0.005 0.004 0.004 0.003 0.002 0.002 0.001 0.001 0.000 0.000 0.000 0.000 0.000 0.000 0.000 0.000 0.000 0.000 0.000 0.000 0.000 0.000 0.000 0.000 0.000 0.000 0.000 0.000 0.000 0.000 0.000 0.000 0.001 0.002 0.004 0.008 0.013 0.023 0.039 0.064 0.100 0.152
2.928 3.117 3.296 3.463 3.627 3.805 3.977 4.083 4.112 4.057 3.812 3.321 2.624 1.980 1.492 1.088 0.712 0.403 0.208 0.110 0.065 0.043 0.032 0.025 0.020 0.017 0.014 0.012 0.011 0.010 0.009 0.007 0.007 0.006 0.005 0.004 0.003 0.002 0.002 0.001 0.001 0.000 0.000 0.000 0.000 0.000 0.000 0.000 0.000 0.000 0.000 0.000 0.000 0.000 0.000 0.000 0.000 0.000 0.000 0.000 0.000 0.000 0.000 0.000 0.000 0.000 0.000 0.000 0.001 0.002 0.004 0.008 0.015 0.025 0.043 0.071 0.113
1.511 1.504 1.502 1.497 1.482 1.469 1.470 1.465 1.450 1.411 1.302 1.094 0.802 0.558 0.399 0.279 0.179 0.106 0.063 0.041 0.030 0.023 0.020 0.017 0.015 0.013 0.011 0.010 0.009 0.008 0.007 0.006 0.005 0.004 0.004 0.003 0.002 0.001 0.001 0.000 0.000 0.000 0.000 0.000 0.000 0.000 0.000 0.000 0.000 0.000 0.000 0.000 0.000 0.000 0.000 0.000 0.000 0.000 0.000 0.000 0.000 0.000 0.000 0.000 0.000 0.000 0.000 0.000 0.000 0.001 0.002 0.005 0.009 0.015 0.027 0.046 0.077
0.641 0.599 0.573 0.552 0.527 0.497 0.471 0.449 0.430 0.408 0.371 0.309 0.221 0.154 0.112 0.081 0.057 0.040 0.029 0.023 0.019 0.016 0.014 0.013 0.011 0.010 0.009 0.008 0.007 0.006 0.005 0.005 0.004 0.003 0.003 0.002 0.001 0.001 0.000 0.000 0.000 0.000 0.000 0.000 0.000 0.000 0.000 0.000 0.000 0.000 0.000 0.000 0.000 0.000 0.000 0.000 0.000 0.000 0.000 0.000 0.000 0.000 0.000 0.000 0.000 0.000 0.000 0.000 0.000 0.000 0.001 0.002 0.005 0.009 0.016 0.028 0.048
0.239 0.221 0.211 0.201 0.190 0.173 0.157 0.144 0.134 0.124 0.113 0.096 0.072 0.054 0.043 0.034 0.027 0.022 0.018 0.016 0.014 0.012 0.011 0.010 0.009 0.008 0.007 0.006 0.005 0.005 0.004 0.003 0.003 0.002 0.002 0.002 0.001 0.001 0.000 0.000 0.000 0.000 0.000 0.000 0.000 0.000 0.000 0.000 0.000 0.000 0.000 0.000 0.000 0.000 0.000 0.000 0.000 0.000 0.000 0.000 0.000 0.000 0.000 0.000 0.000 0.000 0.000 0.000 0.000 0.000 0.000 0.001 0.002 0.005 0.008 0.015 0.027
0.092 0.087 0.083 0.079 0.075 0.068 0.060 0.055 0.051 0.047 0.044 0.039 0.033 0.028 0.023 0.020 0.017 0.015 0.013 0.012 0.010 0.009 0.008 0.007 0.007 0.006 0.005 0.004 0.004 0.003 0.003 0.003 0.002 0.002 0.002 0.001 0.001 0.000 0.000 0.000 0.000 0.000 0.000 0.000 0.000 0.000 0.000 0.000 0.000 0.000 0.000 0.000 0.000 0.000 0.000 0.000 0.000 0.000 0.000 0.000 0.000 0.000 0.000 0.000 0.000 0.000 0.000 0.000 0.000 0.000 0.000 0.000 0.001 0.002 0.004 0.008 0.014
0.041 0.039 0.038 0.037 0.035 0.032 0.029 0.027 0.026 0.025 0.023 0.022 0.020 0.018 0.016 0.014 0.013 0.011 0.010 0.009 0.008 0.007 0.006 0.005 0.005 0.004 0.004 0.003 0.003 0.003 0.002 0.002 0.002 0.002 0.001 0.001 0.001 0.000 0.000 0.000 0.000 0.000 0.000 0.000 0.000 0.000 0.000 0.000 0.000 0.000 0.000 0.000 0.000 0.000 0.000 0.000 0.000 0.000 0.000 0.000 0.000 0.000 0.000 0.000 0.000 0.000 0.000 0.000 0.000 0.000 0.000 0.000 0.000 0.001 0.002 0.004 0.006
0.022 0.022 0.021 0.021 0.020 0.019 0.018 0.017 0.016 0.016 0.015 0.015 0.014 0.013 0.012 0.011 0.010 0.009 0.008 0.007 0.006 0.005 0.004 0.004 0.003 0.003 0.003 0.002 0.002 0.002 0.002 0.002 0.002 0.001 0.001 0.001 0.001 0.000 0.000 0.000 0.000 0.000 0.000 0.000 0.000 0.000 0.000 0.000 0.000 0.000 0.000 0.000 0.000 0.000 0.000 0.000 0.000 0.000 0.000 0.000 0.000 0.000 0.000 0.000 0.000 0.000 0.000 0.000 0.000 0.000 0.000 0.000 0.000 0.000 0.001 0.001 0.003
0.014 0.014 0.014 0.014 0.013 0.013 0.012 0.012 0.012 0.011 0.011 0.011 0.011 0.010 0.009 0.008 0.007 0.006 0.006 0.005 0.004 0.004 0.003 0.003 0.002 0.002 0.002 0.002 0.002 0.002 0.002 0.002 0.002 0.001 0.001 0.001 0.001 0.000 0.000 0.000 0.000 0.000 0.000 0.000 0.000 0.000 0.000 0.000 0.000 0.000 0.000 0.000 0.000 0.000 0.000 0.000 0.000 0.000 0.000 0.000 0.000 0.000 0.000 0.000 0.000 0.000 0.000 0.000 0.000 0.000 0.000 0.000 0.000 0.000 0.000 0.000 0.001
0.010 0.010 0.010 0.010 0.010 0.010 0.009 0.009 0.009 0.009 0.009 0.008 0.008 0.008 0.007 0.006 0.005 0.005 0.004 0.003 0.003 0.002 0.002 0.002 0.002 0.002 0.002 0.002 0.002 0.002 0.002 0.002 0.002 0.002 0.001 0.001 0.001 0.000 0.000 0.000 0.000 0.000 0.000 0.000 0.000 0.000 0.000 0.000 0.000 0.000 0.000 0.000 0.000 0.000 0.000 0.000 0.000 0.000 0.000 0.000 0.000 0.000 0.000 0.000 0.000 0.000 0.000 0.000 0.000 0.000 0.000 0.000 0.000 0.000 0.000 0.000 0.000
0.008 0.008 0.008 0.008 0.007 0.007 0.007 0.007 0.007 0.007 0.007 0.006 0.006 0.006 0.005 0.004 0.004 0.003 0.003 0.002 0.002 0.002 0.002 0.002 0.002 0.002 0.003 0.003 0.003 0.003 0.003 0.003 0.002 0.002 0.001 0.001 0.001 0.000 0.000 0.000 0.000 0.000 0.000 0.000 0.000 0.000 0.000 0.000 0.000 0.000 0.000 0.000 0.000 0.000 0.000 0.000 0.000 0.000 0.000 0.000 0.000 0.000 0.000 0.000 0.000 0.000 0.000 0.000 0.000 0.000 0.000 0.000 0.000 0.000 0.000 0.000 0.000
0.006 0.006 0.006 0.006 0.006 0.006 0.006 0.005 0.005 0.005 0.005 0.005 0.004 0.004 0.004 0.003 0.002 0.002 0.002 0.002 0.002 0.002 0.002 0.003 0.003 0.003 0.004 0.004 0.004 0.004 0.003 0.003 0.002 0.002 0.001 0.001 0.001 0.000 0.000 0.000 0.000 0.000 0.000 0.000 0.000 0.000 0.000 0.000 0.000 0.000 0.000 0.000 0.000 0.000 0.000 0.000 0.000 0.000 0.000 0.000 0.000 0.000 0.000 0.000 0.000 0.000 0.000 0.000 0.000 0.000 0.000 0.000 0.000 0.000 0.000 0.000 0.000
0.004 0.004 0.004 0.004 0.004 0.004 0.004 0.004 0.004 0.004 0.004 0.003 0.003 0.003 0.002 0.002 0.002 0.002 0.002 0.002 0.002 0.003 0.003 0.004 0.004 0.004 0.005 0.004 0.004 0.004 0.003 0.003 0.002 0.002 0.001 0.001 0.000 0.000 0.000 0.000 0.000 0.000 0.000 0.000 0.000 0.000 0.000 0.000 0.000 0.000 0.000 0.000 0.000 0.000 0.000 0.000 0.000 0.000 0.000 0.000 0.000 0.000 0.000 0.000 0.000 0.000 0.000 0.000 0.000 0.000 0.000 0.000 0.000 0.000 0.000 0.000 0.000
0.003 0.003 0.003 0.003 0.003 0.003 0.003 0.003 0.003 0.003 0.003 0.002 0.002 0.002 0.002 0.001 0.001 0.001 0.002 0.002 0.003 0.004 0.004 0.005 0.005 0.005 0.005 0.005 0.004 0.004 0.003 0.003 0.002 0.001 0.001 0.001 0.000 0.000 0.000 0.000 0.000 0.000 0.000 0.000 0.000 0.000 0.000 0.000 0.000 0.000 0.000 0.000 0.000 0.000 0.000 0.000 0.000 0.000 0.000 0.000 0.000 0.000 0.000 0.000 0.000 0.000 0.000 0.000 0.000 0.000 0.000 0.000 0.000 0.000 0.000 0.000 0.000
0.002 0.002 0.003 0.003 0.003 0.003 0.003 0.002 0.002 0.002 0.002 0.002 0.002 0.001 0.001 0.001 0.001 0.002 0.002 0.003 0.004 0.004 0.005 0.005 0.005 0.005 0.005 0.004 0.004 0.003 0.003 0.002 0.002 0.001 0.001 0.000 0.000 0.000 0.000 0.000 0.000 0.000 0.000 0.000 0.000 0.000 0.000 0.000 0.000 0.000 0.000 0.000 0.000 0.000 0.000 0.000 0.000 0.000 0.000 0.000 0.000 0.000 0.000 0.000 0.000 0.000 0.000 0.000 0.000 0.000 0.000 0.000 0.000 0.000 0.000 0.000 0.000
0.002 0.002 0.002 0.002 0.002 0.002 0.002 0.002 0.002 0.002 0.001 0.001 0.001 0.001 0.001 0.001 0.002 0.002 0.003 0.004 0.004 0.004 0.005 0.005 0.005 0.005 0.004 0.004 0.004 0.003 0.002 0.002 0.001 0.001 0.001 0.000 0.000 0.000 0.000 0.000 0.000 0.000 0.000 0.000 0.000 0.000 0.000 0.000 0.000 0.000 0.000 0.000 0.000 0.000 0.000 0.000 0.000 0.000 0.000 0.000 0.000 0.000 0.000 0.000 0.000 0.000 0.000 0.000 0.000 0.000 0.000 0.000 0.000 0.000 0.000 0.000 0.000
0.001 0.001 0.001 0.001 0.001 0.001 0.001 0.001 0.001 0.001 0.001 0.001 0.001 0.001 0.001 0.001 0.002 0.002 0.003 0.004 0.004 0.004 0.005 0.005 0.004 0.004 0.004 0.004 0.003 0.002 0.002 0.001 0.001 0.001 0.000 0.000 0.000 0.000 0.000 0.000 0.000 0.000 0.000 0.000 0.000 0.000 0.000 0.000 0.000 0.000 0.000 0.000 0.000 0.000 0.000 0.000 0.000 0.000 0.000 0.000 0.000 0.000 0.000 0.000 0.000 0.000 0.000 0.000 0.000 0.000 0.000 0.000 0.000 0.000 0.000 0.000 0.000
0.001 0.001 0.001 0.001 0.001 0.001 0.001 0.001 0.001 0.001 0.001 0.001 0.001 0.001 0.001 0.001 0.002 0.002 0.003 0.004 0.004 0.004 0.004 0.004 0.004 0.003 0.003 0.003 0.002 0.001 0.001 0.001 0.001 0.000 0.000 0.000 0.000 0.000 0.000 0.000 0.000 0.000 0.000 0.000 0.000 0.000 0.000 0.000 0.000 0.000 0.000 0.000 0.000 0.000 0.000 0.000 0.000 0.000 0.000 0.000 0.000 0.000 0.000 0.000 0.000 0.000 0.000 0.000 0.000 0.000 0.000 0.000 0.000 0.000 0.000 0.000 0.000
0.000 0.000 0.001 0.001 0.001 0.001 0.001 0.001 0.001 0.001 0.001 0.001 0.001 0.001 0.001 0.001 0.002 0.002 0.003 0.003 0.003 0.003 0.003 0.003 0.003 0.002 0.002 0.001 0.001 0.001 0.001 0.001 0.000 0.000 0.000 0.000 0.000 0.000 0.000 0.000 0.000 0.000 0.000 0.000 0.000 0.000 0.000 0.000 0.000 0.000 0.000 0.000 0.000 0.000 0.000 0.000 0.000 0.000 0.000 0.000 0.000 0.000 0.000 0.000 0.000 0.000 0.000 0.000 0.000 0.000 0.000 0.000 0.000 0.000 0.000 0.000 0.000
