RESULTS/r.avaflow_results/11_results/11_ascii/11_hflow0010.asc
ncols 506
nrows 317
xllcenter 498237.50
yllcenter 5580050.00
cellsize 12.50
NODATA_value -9999.000
[rows 170 to 203 of 317, columns 77 to 153 of 506]
0.000 0.000 0.000 0.000 0.000 0.000 0.000 0.000 0.000 0.000 0.000 0.000 0.000 0.000 0.000 0.000 0.000 0.000 0.000 0.000 0.000 0.001 0.002 0.005 0.011 0.021 0.036 0.049 0.057 0.060 0.061 0.060 0.055 0.046 0.038 0.034 0.033 0.035 0.046 0.084 0.162 0.260 0.349 0.425 0.479 0.517 0.554 0.611 0.722 0.915 1.210 1.655 2.325 3.277 4.228 4.973 5.641 6.361 7.223 8.318 9.738 11.440 13.226 14.680 15.652 16.247 16.620 16.731 16.526 16.062 15.265 14.177 12.989 11.897 10.947 10.182 9.546
0.000 0.000 0.000 0.000 0.000 0.000 0.000 0.000 0.000 0.000 0.000 0.000 0.000 0.000 0.000 0.000 0.000 0.000 0.000 0.000 0.001 0.002 0.006 0.013 0.024 0.042 0.068 0.093 0.108 0.115 0.116 0.114 0.105 0.088 0.075 0.070 0.070 0.078 0.112 0.211 0.390 0.571 0.707 0.805 0.871 0.928 1.011 1.163 1.431 1.824 2.324 2.949 3.741 4.589 5.297 5.922 6.539 7.217 8.061 9.166 10.608 12.322 14.016 15.230 15.874 16.054 15.976 15.703 15.341 14.939 14.457 13.908 13.281 12.740 12.371 12.134 12.025
0.000 0.000 0.000 0.000 0.000 0.000 0.000 0.000 0.000 0.000 0.000 0.000 0.000 0.000 0.000 0.000 0.000 0.000 0.000 0.001 0.002 0.006 0.013 0.026 0.046 0.077 0.123 0.167 0.194 0.206 0.208 0.205 0.189 0.159 0.140 0.134 0.136 0.159 0.246 0.476 0.849 1.151 1.339 1.447 1.516 1.593 1.746 2.048 2.542 3.180 3.842 4.514 5.192 5.784 6.299 6.795 7.313 7.909 8.692 9.763 11.168 12.850 14.347 15.259 15.558 15.415 15.149 14.897 14.687 14.500 14.320 14.157 14.034 14.006 14.063 14.329 14.908
0.000 0.000 0.000 0.000 0.000 0.000 0.000 0.000 0.000 0.000 0.000 0.000 0.000 0.000 0.000 0.000 0.000 0.000 0.001 0.002 0.006 0.013 0.026 0.048 0.082 0.135 0.212 0.288 0.333 0.353 0.357 0.351 0.325 0.275 0.244 0.236 0.243 0.296 0.492 0.969 1.657 2.117 2.336 2.427 2.489 2.594 2.850 3.347 4.104 4.950 5.668 6.250 6.685 7.017 7.297 7.575 7.925 8.405 9.091 10.064 11.359 12.902 14.123 14.739 14.807 14.586 14.391 14.286 14.270 14.308 14.354 14.420 14.510 14.657 14.974 15.649 16.809
0.000 0.000 0.000 0.000 0.000 0.000 0.000 0.000 0.000 0.000 0.000 0.000 0.000 0.000 0.000 0.000 0.000 0.000 0.002 0.005 0.011 0.024 0.045 0.081 0.138 0.226 0.353 0.474 0.546 0.577 0.583 0.574 0.531 0.449 0.400 0.389 0.404 0.511 0.906 1.784 2.889 3.508 3.725 3.794 3.861 4.024 4.412 5.129 6.163 7.086 7.720 8.093 8.265 8.316 8.248 8.205 8.345 8.666 9.193 9.989 11.064 12.339 13.297 13.741 13.775 13.669 13.641 13.700 13.839 14.025 14.213 14.388 14.580 14.848 15.351 16.271 17.686
0.000 0.000 0.000 0.000 0.000 0.000 0.000 0.000 0.000 0.000 0.000 0.000 0.000 0.000 0.000 0.000 0.000 0.001 0.004 0.009 0.020 0.039 0.073 0.130 0.221 0.361 0.561 0.746 0.855 0.901 0.909 0.894 0.829 0.699 0.616 0.599 0.625 0.809 1.418 2.683 4.260 5.132 5.446 5.568 5.702 5.966 6.519 7.459 8.518 9.218 9.581 9.720 9.699 9.476 9.039 8.662 8.561 8.689 8.995 9.522 10.265 11.168 11.942 12.376 12.541 12.632 12.776 12.967 13.206 13.449 13.671 13.896 14.178 14.614 15.323 16.374 17.809
0.000 0.000 0.000 0.000 0.000 0.000 0.000 0.000 0.000 0.000 0.000 0.000 0.000 0.000 0.000 0.000 0.000 0.002 0.005 0.013 0.029 0.059 0.112 0.199 0.339 0.552 0.853 1.120 1.277 1.343 1.353 1.329 1.231 1.035 0.895 0.863 0.899 1.106 1.783 3.225 5.213 6.443 7.095 7.503 7.871 8.311 8.931 9.762 10.465 10.875 11.027 11.024 10.848 10.391 9.664 9.019 8.678 8.594 8.666 8.896 9.290 9.804 10.330 10.753 11.076 11.351 11.605 11.850 12.096 12.318 12.522 12.761 13.093 13.648 14.532 15.732 17.193
0.000 0.000 0.000 0.000 0.000 0.000 0.000 0.000 0.000 0.000 0.000 0.000 0.000 0.000 0.000 0.000 0.000 0.002 0.006 0.016 0.036 0.074 0.145 0.269 0.471 0.785 1.224 1.605 1.819 1.908 1.922 1.885 1.745 1.461 1.231 1.161 1.176 1.340 1.979 3.450 5.726 7.380 8.421 9.130 9.705 10.241 10.827 11.431 11.849 12.048 12.090 11.997 11.665 11.039 10.130 9.298 8.776 8.508 8.396 8.404 8.533 8.735 8.950 9.131 9.328 9.607 9.867 10.090 10.285 10.457 10.638 10.876 11.238 11.864 12.862 14.206 15.787
0.000 0.000 0.000 0.000 0.000 0.000 0.000 0.000 0.000 0.000 0.000 0.000 0.000 0.000 0.000 0.000 0.000 0.002 0.007 0.017 0.039 0.082 0.165 0.313 0.565 0.966 1.557 2.128 2.455 2.583 2.600 2.550 2.364 1.972 1.603 1.441 1.412 1.509 2.050 3.479 5.906 7.991 9.408 10.387 11.108 11.666 12.140 12.506 12.730 12.800 12.778 12.603 12.166 11.444 10.440 9.485 8.836 8.429 8.172 8.003 7.901 7.822 7.736 7.619 7.550 7.586 7.644 7.720 7.812 7.921 8.077 8.322 8.736 9.450 10.562 12.063 13.847
0.000 0.000 0.000 0.000 0.000 0.000 0.000 0.000 0.000 0.000 0.000 0.000 0.000 0.000 0.000 0.000 0.000 0.002 0.007 0.017 0.039 0.085 0.173 0.335 0.617 1.078 1.781 2.556 3.049 3.268 3.313 3.268 3.048 2.551 2.000 1.701 1.604 1.642 2.055 3.367 5.822 8.280 10.024 11.257 12.080 12.602 12.945 13.156 13.241 13.243 13.155 12.878 12.389 11.644 10.621 9.594 8.848 8.332 7.937 7.581 7.259 6.916 6.541 6.158 5.889 5.730 5.625 5.571 5.563 5.606 5.718 5.940 6.355 7.064 8.155 9.685 11.608
0.000 0.000 0.000 0.000 0.000 0.000 0.000 0.000 0.000 0.000 0.000 0.000 0.000 0.000 0.000 0.000 0.000 0.002 0.006 0.016 0.038 0.084 0.174 0.341 0.638 1.132 1.905 2.876 3.551 3.880 3.968 3.930 3.706 3.156 2.423 1.964 1.770 1.753 1.996 3.053 5.396 8.284 10.311 11.755 12.657 13.151 13.393 13.492 13.493 13.423 13.262 12.938 12.439 11.703 10.700 9.640 8.818 8.181 7.611 7.050 6.496 5.890 5.243 4.676 4.276 4.007 3.827 3.724 3.692 3.728 3.838 4.051 4.433 5.066 6.027 7.386 9.197
0.000 0.000 0.000 0.000 0.000 0.000 0.000 0.000 0.000 0.000 0.000 0.000 0.000 0.000 0.000 0.000 0.000 0.001 0.004 0.013 0.034 0.079 0.170 0.339 0.640 1.150 1.960 3.085 3.975 4.438 4.581 4.559 4.343 3.769 2.886 2.253 1.941 1.853 1.930 2.580 4.549 7.785 10.339 11.936 12.923 13.414 13.593 13.626 13.588 13.488 13.261 12.908 12.395 11.672 10.701 9.633 8.716 7.903 7.120 6.337 5.525 4.652 3.829 3.214 2.807 2.539 2.366 2.273 2.248 2.283 2.384 2.570 2.887 3.400 4.177 5.286 6.770
0.000 0.000 0.000 0.000 0.000 0.000 0.000 0.000 0.000 0.000 0.000 0.000 0.000 0.000 0.000 0.000 0.000 0.000 0.002 0.007 0.023 0.064 0.154 0.325 0.630 1.147 1.977 3.197 4.326 4.955 5.178 5.182 4.981 4.393 3.403 2.598 2.155 1.975 1.971 2.249 3.498 6.443 9.906 11.911 12.988 13.486 13.644 13.653 13.583 13.438 13.112 12.717 12.185 11.498 10.590 9.543 8.492 7.468 6.430 5.379 4.320 3.356 2.613 2.096 1.754 1.531 1.392 1.319 1.298 1.324 1.398 1.528 1.746 2.105 2.670 3.514 4.670
0.000 0.000 0.000 0.000 0.000 0.000 0.000 0.000 0.000 0.000 0.000 0.000 0.000 0.000 0.000 0.000 0.000 0.000 0.001 0.003 0.011 0.040 0.121 0.291 0.599 1.122 1.965 3.241 4.601 5.433 5.771 5.813 5.642 5.056 3.992 3.033 2.469 2.187 2.107 2.204 2.805 4.793 8.479 11.436 12.867 13.462 13.612 13.605 13.486 13.226 12.785 12.274 11.676 11.025 10.207 9.230 8.101 6.871 5.528 4.248 3.158 2.324 1.724 1.319 1.055 0.885 0.782 0.728 0.712 0.728 0.775 0.857 0.996 1.227 1.596 2.167 3.013
0.000 0.000 0.000 0.000 0.000 0.000 0.000 0.000 0.000 0.000 0.000 0.000 0.000 0.000 0.000 0.000 0.000 0.000 0.000 0.001 0.004 0.019 0.074 0.227 0.537 1.068 1.924 3.229 4.798 5.857 6.341 6.440 6.325 5.792 4.673 3.582 2.939 2.579 2.417 2.404 2.650 3.709 6.402 9.917 12.130 13.114 13.396 13.387 13.169 12.752 12.138 11.450 10.786 10.136 9.416 8.559 7.479 6.140 4.586 3.250 2.258 1.565 1.102 0.802 0.610 0.490 0.418 0.381 0.369 0.378 0.404 0.449 0.531 0.672 0.901 1.262 1.815
0.000 0.000 0.000 0.000 0.000 0.000 0.000 0.000 0.000 0.000 0.000 0.000 0.000 0.000 0.000 0.000 0.000 0.000 0.000 0.001 0.002 0.008 0.036 0.140 0.421 0.969 1.853 3.183 4.913 6.193 6.840 7.012 6.944 6.503 5.429 4.296 3.633 3.243 3.024 2.930 2.966 3.397 4.805 7.568 10.368 11.965 12.617 12.706 12.470 11.917 11.085 10.180 9.431 8.786 8.153 7.466 6.571 5.337 3.772 2.453 1.575 1.022 0.680 0.469 0.339 0.259 0.212 0.188 0.180 0.183 0.196 0.219 0.262 0.342 0.475 0.689 1.016
0.000 0.000 0.000 0.000 0.000 0.000 0.000 0.000 0.000 0.000 0.000 0.000 0.000 0.000 0.000 0.000 0.000 0.000 0.000 0.001 0.002 0.006 0.021 0.074 0.263 0.766 1.701 3.107 4.954 6.410 7.216 7.473 7.441 7.074 6.157 5.170 4.586 4.245 4.026 3.870 3.757 3.794 4.286 5.656 7.826 9.710 10.739 11.068 10.976 10.467 9.524 8.383 7.528 6.926 6.435 5.961 5.358 4.426 3.022 1.798 1.063 0.645 0.404 0.264 0.180 0.130 0.102 0.087 0.082 0.083 0.089 0.100 0.120 0.159 0.229 0.341 0.505
0.000 0.000 0.000 0.000 0.000 0.000 0.000 0.000 0.000 0.000 0.000 0.000 0.000 0.000 0.000 0.000 0.000 0.000 0.001 0.001 0.003 0.008 0.021 0.057 0.162 0.486 1.316 2.804 4.839 6.488 7.425 7.783 7.789 7.501 6.828 6.097 5.646 5.383 5.199 5.023 4.807 4.567 4.502 4.869 5.827 7.095 7.970 8.363 8.433 8.195 7.417 6.189 5.263 4.739 4.441 4.210 3.919 3.340 2.248 1.246 0.684 0.388 0.230 0.142 0.091 0.062 0.046 0.038 0.035 0.035 0.038 0.042 0.051 0.067 0.098 0.146 0.211
0.000 0.000 0.000 0.000 0.000 0.000 0.000 0.000 0.000 0.000 0.000 0.000 0.000 0.000 0.000 0.000 0.000 0.001 0.001 0.003 0.007 0.015 0.032 0.068 0.153 0.356 0.852 1.999 4.006 6.112 7.365 7.887 7.962 7.792 7.363 6.857 6.509 6.239 6.002 5.754 5.443 5.008 4.666 4.562 4.744 5.162 5.513 5.664 5.672 5.538 5.043 4.128 3.367 2.964 2.801 2.730 2.634 2.300 1.525 0.797 0.412 0.221 0.124 0.073 0.044 0.028 0.019 0.015 0.014 0.014 0.015 0.017 0.020 0.026 0.037 0.053 0.074
0.000 0.000 0.000 0.000 0.000 0.000 0.000 0.000 0.000 0.000 0.000 0.000 0.000 0.000 0.000 0.000 0.000 0.001 0.002 0.006 0.014 0.030 0.059 0.110 0.202 0.388 0.749 1.393 2.544 4.405 6.263 7.454 7.890 7.856 7.604 7.265 6.982 6.661 6.315 5.973 5.593 5.110 4.620 4.284 4.082 3.939 3.776 3.628 3.518 3.378 3.069 2.494 1.967 1.694 1.604 1.596 1.590 1.430 0.936 0.462 0.227 0.116 0.062 0.034 0.019 0.011 0.007 0.005 0.005 0.005 0.005 0.006 0.008 0.010 0.014 0.019 0.025
0.000 0.000 0.000 0.000 0.000 0.000 0.000 0.000 0.000 0.000 0.000 0.000 0.000 0.000 0.000 0.000 0.001 0.001 0.005 0.012 0.027 0.056 0.106 0.189 0.331 0.565 0.911 1.375 1.960 2.790 4.090 5.649 6.925 7.408 7.412 7.235 6.987 6.628 6.189 5.775 5.353 4.873 4.337 3.863 3.436 3.004 2.568 2.219 1.984 1.801 1.601 1.300 1.011 0.862 0.818 0.821 0.832 0.765 0.499 0.239 0.114 0.057 0.029 0.014 0.007 0.004 0.002 0.002 0.002 0.002 0.002 0.003 0.003 0.004 0.006 0.007 0.010
0.000 0.000 0.000 0.000 0.000 0.000 0.000 0.000 0.000 0.000 0.000 0.000 0.000 0.000 0.000 0.000 0.001 0.002 0.006 0.018 0.044 0.092 0.173 0.310 0.542 0.915 1.337 1.690 2.022 2.378 2.850 3.619 4.777 5.695 6.042 6.076 5.903 5.543 5.103 4.694 4.297 3.893 3.449 2.992 2.524 2.030 1.594 1.270 1.035 0.858 0.708 0.559 0.434 0.373 0.358 0.364 0.373 0.348 0.231 0.111 0.053 0.026 0.012 0.006 0.003 0.002 0.001 0.001 0.001 0.001 0.001 0.002 0.002 0.002 0.003 0.003 0.004
0.000 0.000 0.000 0.000 0.000 0.000 0.000 0.000 0.000 0.000 0.000 0.000 0.000 0.000 0.000 0.000 0.001 0.002 0.006 0.020 0.054 0.126 0.254 0.469 0.832 1.339 1.764 2.035 2.227 2.364 2.477 2.644 2.908 3.115 3.127 3.034 2.864 2.650 2.478 2.349 2.214 2.045 1.829 1.574 1.314 1.063 0.833 0.643 0.491 0.371 0.276 0.202 0.154 0.134 0.132 0.141 0.149 0.141 0.098 0.048 0.023 0.011 0.005 0.002 0.001 0.001 0.001 0.001 0.001 0.001 0.001 0.001 0.001 0.001 0.002 0.002 0.002
0.000 0.000 0.000 0.000 0.000 0.000 0.000 0.000 0.000 0.000 0.000 0.000 0.000 0.000 0.000 0.000 0.001 0.001 0.006 0.019 0.058 0.149 0.330 0.651 1.147 1.666 2.002 2.183 2.292 2.331 2.268 2.088 1.772 1.397 1.040 0.779 0.620 0.553 0.555 0.589 0.629 0.641 0.617 0.569 0.505 0.433 0.351 0.273 0.205 0.145 0.098 0.065 0.047 0.041 0.042 0.049 0.055 0.053 0.039 0.020 0.010 0.004 0.002 0.001 0.001 0.001 0.001 0.001 0.001 0.001 0.001 0.001 0.001 0.001 0.001 0.001 0.002
0.000 0.000 0.000 0.000 0.000 0.000 0.000 0.000 0.000 0.000 0.000 0.000 0.000 0.000 0.000 0.000 0.000 0.001 0.004 0.018 0.059 0.167 0.400 0.827 1.402 1.848 2.096 2.215 2.259 2.194 1.943 1.464 0.965 0.603 0.368 0.224 0.139 0.094 0.078 0.080 0.098 0.119 0.133 0.142 0.142 0.134 0.117 0.095 0.072 0.050 0.032 0.020 0.014 0.012 0.013 0.016 0.019 0.019 0.015 0.008 0.004 0.002 0.001 0.001 0.001 0.001 0.001 0.001 0.001 0.001 0.001 0.001 0.001 0.001 0.001 0.001 0.001
0.000 0.000 0.000 0.000 0.000 0.000 0.000 0.000 0.000 0.000 0.000 0.000 0.000 0.000 0.000 0.000 0.000 0.001 0.004 0.017 0.062 0.188 0.476 0.994 1.554 1.908 2.094 2.154 2.072 1.763 1.237 0.730 0.427 0.261 0.171 0.119 0.075 0.042 0.023 0.016 0.014 0.017 0.020 0.024 0.027 0.029 0.029 0.026 0.021 0.014 0.009 0.005 0.004 0.003 0.003 0.005 0.006 0.006 0.005 0.003 0.001 0.001 0.001 0.001 0.001 0.001 0.001 0.001 0.001 0.001 0.001 0.001 0.001 0.001 0.001 0.001 0.001
0.000 0.000 0.000 0.000 0.000 0.000 0.000 0.000 0.000 0.000 0.000 0.000 0.000 0.000 0.000 0.000 0.000 0.001 0.005 0.020 0.074 0.226 0.572 1.136 1.601 1.860 1.954 1.870 1.497 0.951 0.513 0.289 0.186 0.139 0.113 0.090 0.057 0.029 0.016 0.010 0.007 0.005 0.005 0.004 0.004 0.004 0.005 0.005 0.005 0.003 0.002 0.001 0.001 0.001 0.001 0.001 0.002 0.002 0.001 0.001 0.001 0.000 0.000 0.001 0.001 0.001 0.001 0.001 0.001 0.001 0.001 0.001 0.001 0.001 0.001 0.001 0.001
0.000 0.000 0.000 0.000 0.000 0.000 0.000 0.000 0.000 0.000 0.000 0.000 0.000 0.000 0.000 0.000 0.001 0.002 0.007 0.029 0.101 0.294 0.702 1.215 1.529 1.644 1.561 1.208 0.714 0.369 0.205 0.136 0.112 0.104 0.095 0.076 0.044 0.021 0.012 0.008 0.006 0.005 0.003 0.002 0.002 0.001 0.001 0.001 0.001 0.001 0.001 0.001 0.001 0.000 0.000 0.000 0.000 0.000 0.000 0.000 0.000 0.000 0.000 0.001 0.001 0.001 0.001 0.001 0.001 0.001 0.001 0.001 0.001 0.001 0.001 0.001 0.001
0.000 0.000 0.000 0.000 0.000 0.000 0.000 0.000 0.000 0.000 0.000 0.000 0.000 0.000 0.000 0.001 0.001 0.003 0.013 0.048 0.149 0.402 0.836 1.184 1.311 1.269 1.034 0.617 0.306 0.161 0.107 0.093 0.091 0.089 0.082 0.061 0.031 0.015 0.009 0.006 0.005 0.004 0.003 0.002 0.001 0.000 0.001 0.001 0.001 0.001 0.001 0.001 0.000 0.000 0.000 0.000 0.000 0.000 0.000 0.000 0.000 0.000 0.000 0.001 0.001 0.001 0.001 0.001 0.001 0.001 0.001 0.001 0.001 0.001 0.001 0.001 0.000
0.000 0.000 0.000 0.000 0.000 0.000 0.000 0.000 0.000 0.000 0.000 0.000 0.000 0.000 0.000 0.001 0.002 0.007 0.023 0.074 0.213 0.525 0.909 1.077 1.092 0.991 0.678 0.322 0.153 0.094 0.080 0.080 0.081 0.078 0.068 0.045 0.022 0.011 0.007 0.005 0.004 0.003 0.003 0.002 0.001 0.001 0.001 0.001 0.001 0.001 0.001 0.001 0.001 0.001 0.000 0.000 0.000 0.000 0.000 0.000 0.000 0.000 0.000 0.001 0.001 0.001 0.001 0.001 0.001 0.001 0.001 0.001 0.001 0.001 0.001 0.001 0.000
0.000 0.000 0.000 0.000 0.000 0.000 0.000 0.000 0.000 0.000 0.000 0.000 0.000 0.000 0.001 0.002 0.005 0.013 0.039 0.108 0.280 0.621 0.898 0.973 0.947 0.764 0.410 0.172 0.090 0.069 0.068 0.071 0.072 0.069 0.057 0.033 0.016 0.009 0.006 0.004 0.004 0.003 0.003 0.002 0.002 0.001 0.001 0.001 0.001 0.001 0.001 0.001 0.000 0.001 0.000 0.000 0.000 0.000 0.000 0.000 0.000 0.000 0.001 0.001 0.001 0.000 0.001 0.001 0.001 0.001 0.001 0.001 0.001 0.001 0.000 0.001 0.000
0.000 0.000 0.000 0.000 0.000 0.000 0.000 0.000 0.000 0.000 0.000 0.000 0.001 0.001 0.002 0.004 0.009 0.023 0.061 0.153 0.363 0.680 0.848 0.873 0.799 0.525 0.221 0.098 0.063 0.057 0.059 0.064 0.064 0.060 0.046 0.024 0.012 0.007 0.005 0.004 0.003 0.003 0.002 0.001 0.001 0.001 0.001 0.001 0.001 0.001 0.001 0.000 0.000 0.000 0.000 0.000 0.000 0.000 0.000 0.000 0.000 0.000 0.001 0.001 0.000 0.000 0.001 0.001 0.001 0.001 0.001 0.001 0.001 0.000 0.000 0.000 0.001
0.000 0.000 0.000 0.000 0.000 0.000 0.000 0.000 0.000 0.000 0.000 0.001 0.001 0.003 0.004 0.008 0.017 0.038 0.090 0.210 0.452 0.692 0.768 0.753 0.604 0.305 0.122 0.064 0.050 0.049 0.052 0.056 0.056 0.051 0.036 0.017 0.009 0.005 0.004 0.003 0.003 0.003 0.002 0.002 0.001 0.001 0.001 0.001 0.001 0.001 0.001 0.000 0.000 0.000 0.000 0.000 0.000 0.000 0.000 0.000 0.000 0.000 0.000 0.000 0.000 0.000 0.001 0.001 0.001 0.001 0.000 0.001 0.000 0.000 0.000 0.000 0.000
0.000 0.000 0.000 0.000 0.000 0.000 0.000 0.000 0.000 0.001 0.001 0.002 0.003 0.005 0.008 0.015 0.027 0.057 0.126 0.283 0.525 0.669 0.694 0.639 0.421 0.171 0.073 0.047 0.042 0.043 0.048 0.050 0.049 0.043 0.027 0.013 0.007 0.004 0.003 0.003 0.003 0.002 0.002 0.001 0.001 0.001 0.001 0.001 0.001 0.001 0.001 0.000 0.000 0.000 0.000 0.000 0.000 0.000 0.000 0.000 0.000 0.000 0.000 0.000 0.000 0.000 0.001 0.001 0.001 0.000 0.000 0.000 0.000 0.000 0.000 0.000 0.000
