RESULTS/r.avaflow_results/11_results/11_ascii/11_hflow30023.asc
ncols 506
nrows 317
xllcenter 498237.50
yllcenter 5580050.00
cellsize 12.50
NODATA_value -9999.000
[rows 170 to 203 of 317, columns 154 to 230 of 506]
9.531 9.458 9.355 9.223 9.058 8.873 8.693 8.536 8.399 8.276 8.160 8.042 7.899 7.674 7.293 6.716 5.959 5.078 4.161 3.293 2.496 1.802 1.248 0.853 0.605 0.468 0.403 0.381 0.379 0.394 0.445 0.536 0.633 0.707 0.768 0.827 0.897 0.986 1.054 1.095 1.120 1.140 1.158 1.164 1.156 1.128 1.070 0.979 0.864 0.735 0.598 0.466 0.360 0.287 0.238 0.204 0.182 0.169 0.163 0.159 0.155 0.150 0.143 0.136 0.131 0.129 0.129 0.132 0.141 0.160 0.199 0.269 0.378 0.464 0.509 0.524 0.490
12.615 12.889 13.021 13.054 13.023 12.911 12.721 12.490 12.246 12.007 11.778 11.556 11.323 11.033 10.591 9.914 8.995 7.883 6.656 5.422 4.257 3.204 2.313 1.621 1.141 0.844 0.678 0.603 0.585 0.606 0.666 0.755 0.834 0.886 0.925 0.963 1.012 1.076 1.119 1.139 1.146 1.146 1.140 1.125 1.092 1.029 0.923 0.764 0.584 0.421 0.302 0.225 0.177 0.148 0.131 0.121 0.115 0.113 0.111 0.110 0.107 0.103 0.096 0.089 0.085 0.083 0.084 0.085 0.091 0.102 0.123 0.161 0.222 0.276 0.303 0.311 0.304
15.829 16.467 16.772 16.833 16.790 16.639 16.393 16.103 15.803 15.503 15.214 14.942 14.671 14.363 13.929 13.261 12.304 11.081 9.676 8.184 6.697 5.268 3.982 2.906 2.083 1.505 1.134 0.924 0.828 0.798 0.814 0.854 0.903 0.938 0.962 0.987 1.024 1.073 1.101 1.108 1.092 1.053 0.999 0.935 0.854 0.736 0.573 0.403 0.271 0.189 0.139 0.109 0.091 0.081 0.077 0.075 0.076 0.077 0.077 0.077 0.075 0.072 0.066 0.060 0.056 0.055 0.054 0.055 0.058 0.064 0.074 0.093 0.124 0.151 0.163 0.164 0.155
18.154 19.118 19.625 19.787 19.781 19.673 19.479 19.245 18.982 18.690 18.376 18.067 17.765 17.439 17.013 16.368 15.438 14.243 12.858 11.341 9.724 8.041 6.355 4.820 3.550 2.566 1.857 1.389 1.103 0.946 0.882 0.873 0.896 0.923 0.936 0.947 0.966 0.989 0.994 0.974 0.911 0.801 0.674 0.559 0.453 0.348 0.246 0.169 0.118 0.087 0.069 0.057 0.051 0.048 0.048 0.049 0.051 0.053 0.054 0.054 0.053 0.050 0.046 0.041 0.038 0.036 0.035 0.035 0.036 0.038 0.043 0.051 0.065 0.075 0.079 0.078 0.070
19.393 20.586 21.339 21.735 21.914 21.977 21.955 21.874 21.729 21.507 21.200 20.846 20.501 20.145 19.717 19.098 18.211 17.058 15.698 14.194 12.575 10.830 8.924 6.945 5.181 3.732 2.623 1.842 1.337 1.042 0.898 0.847 0.836 0.836 0.827 0.809 0.795 0.782 0.755 0.691 0.574 0.433 0.324 0.250 0.193 0.144 0.104 0.076 0.057 0.046 0.039 0.034 0.032 0.032 0.032 0.033 0.036 0.037 0.037 0.037 0.036 0.034 0.031 0.028 0.025 0.024 0.023 0.022 0.022 0.022 0.024 0.027 0.032 0.035 0.035 0.033 0.028
19.686 20.988 21.951 22.629 23.106 23.435 23.645 23.733 23.715 23.590 23.311 22.901 22.500 22.122 21.699 21.128 20.328 19.272 17.965 16.439 14.728 12.843 10.751 8.427 6.259 4.459 3.070 2.092 1.460 1.082 0.877 0.772 0.709 0.656 0.599 0.543 0.499 0.459 0.417 0.360 0.278 0.198 0.146 0.111 0.085 0.065 0.050 0.039 0.032 0.028 0.025 0.023 0.022 0.022 0.023 0.023 0.025 0.025 0.026 0.025 0.025 0.023 0.021 0.018 0.016 0.015 0.014 0.013 0.013 0.013 0.013 0.013 0.014 0.015 0.014 0.013 0.010
19.494 20.853 21.933 22.779 23.473 24.035 24.421 24.624 24.684 24.632 24.386 23.925 23.483 23.117 22.721 22.200 21.488 20.546 19.324 17.799 16.001 13.969 11.697 9.146 6.723 4.730 3.212 2.158 1.484 1.069 0.813 0.643 0.512 0.403 0.323 0.273 0.243 0.220 0.198 0.168 0.129 0.093 0.070 0.054 0.043 0.034 0.028 0.024 0.021 0.019 0.017 0.016 0.016 0.016 0.016 0.016 0.017 0.017 0.017 0.017 0.016 0.015 0.014 0.012 0.010 0.009 0.008 0.007 0.007 0.007 0.006 0.006 0.006 0.006 0.006 0.005 0.003
18.820 20.292 21.551 22.588 23.429 24.076 24.503 24.730 24.812 24.786 24.558 24.078 23.620 23.275 22.903 22.405 21.735 20.857 19.706 18.214 16.380 14.264 11.897 9.248 6.745 4.697 3.155 2.098 1.417 0.975 0.674 0.456 0.305 0.212 0.157 0.128 0.113 0.103 0.093 0.080 0.062 0.048 0.038 0.031 0.025 0.021 0.018 0.016 0.015 0.013 0.012 0.012 0.011 0.011 0.011 0.011 0.011 0.011 0.011 0.011 0.010 0.010 0.008 0.007 0.006 0.005 0.005 0.004 0.003 0.003 0.003 0.003 0.002 0.002 0.002 0.001 0.001
17.733 19.340 20.775 22.008 22.999 23.711 24.137 24.337 24.397 24.360 24.136 23.683 23.214 22.841 22.444 21.932 21.279 20.458 19.380 17.935 16.107 13.951 11.505 8.804 6.327 4.315 2.823 1.820 1.173 0.742 0.448 0.263 0.161 0.107 0.078 0.064 0.056 0.051 0.046 0.041 0.034 0.028 0.023 0.020 0.017 0.014 0.013 0.011 0.010 0.009 0.009 0.008 0.008 0.007 0.007 0.007 0.007 0.007 0.007 0.007 0.006 0.006 0.005 0.004 0.003 0.003 0.002 0.002 0.002 0.001 0.001 0.001 0.001 0.001 0.001 0.000 0.000
16.380 18.080 19.613 20.945 22.016 22.769 23.200 23.362 23.365 23.254 23.014 22.661 22.221 21.733 21.193 20.598 19.929 19.141 18.122 16.723 14.891 12.674 10.146 7.528 5.239 3.420 2.102 1.238 0.715 0.403 0.225 0.131 0.081 0.056 0.042 0.035 0.032 0.029 0.026 0.024 0.020 0.018 0.015 0.013 0.012 0.010 0.009 0.008 0.007 0.006 0.006 0.005 0.005 0.004 0.004 0.004 0.004 0.004 0.004 0.004 0.003 0.003 0.003 0.002 0.001 0.001 0.001 0.001 0.000 0.000 0.000 0.000 0.000 0.000 0.000 0.000 0.000
14.783 16.487 18.027 19.382 20.504 21.327 21.806 21.957 21.899 21.691 21.460 21.246 20.874 20.233 19.457 18.718 17.975 17.138 16.050 14.552 12.588 10.212 7.666 5.326 3.431 2.033 1.110 0.581 0.308 0.170 0.100 0.063 0.043 0.032 0.026 0.022 0.020 0.019 0.017 0.015 0.014 0.012 0.011 0.009 0.008 0.007 0.006 0.005 0.004 0.004 0.003 0.003 0.003 0.002 0.002 0.002 0.002 0.002 0.002 0.002 0.002 0.001 0.001 0.001 0.000 0.000 0.000 0.000 0.000 0.000 0.000 0.000 0.000 0.000 0.000 0.000 0.000
12.916 14.536 16.050 17.455 18.699 19.676 20.286 20.510 20.478 20.290 20.065 19.836 19.415 18.652 17.700 16.806 15.913 14.865 13.464 11.589 9.187 6.627 4.403 2.759 1.630 0.894 0.453 0.225 0.120 0.072 0.047 0.034 0.026 0.021 0.018 0.016 0.014 0.013 0.012 0.011 0.009 0.008 0.007 0.006 0.005 0.004 0.004 0.003 0.002 0.002 0.002 0.001 0.001 0.001 0.001 0.001 0.001 0.001 0.001 0.001 0.000 0.000 0.000 0.000 0.000 0.000 0.000 0.000 0.000 0.000 0.000 0.000 0.000 0.000 0.000 0.000 0.000
10.871 12.361 13.854 15.340 16.747 17.915 18.698 19.038 19.056 18.902 18.632 18.260 17.667 16.800 15.779 14.746 13.631 12.201 10.244 7.751 5.245 3.268 1.917 1.086 0.600 0.319 0.163 0.086 0.052 0.035 0.026 0.021 0.017 0.015 0.013 0.011 0.010 0.009 0.008 0.007 0.006 0.005 0.005 0.004 0.003 0.003 0.002 0.002 0.001 0.001 0.001 0.000 0.000 0.000 0.000 0.000 0.000 0.000 0.000 0.000 0.000 0.000 0.000 0.000 0.000 0.000 0.000 0.000 0.000 0.000 0.000 0.000 0.000 0.000 0.000 0.000 0.000
8.958 10.253 11.604 13.051 14.505 15.758 16.645 17.084 17.159 17.005 16.581 15.913 15.051 14.058 12.987 11.808 10.392 8.469 6.088 3.865 2.259 1.210 0.625 0.336 0.189 0.107 0.062 0.039 0.027 0.021 0.017 0.015 0.013 0.011 0.010 0.008 0.007 0.007 0.006 0.005 0.004 0.003 0.003 0.002 0.002 0.001 0.001 0.001 0.000 0.000 0.000 0.000 0.000 0.000 0.000 0.000 0.000 0.000 0.000 0.000 0.000 0.000 0.000 0.000 0.000 0.000 0.000 0.000 0.000 0.000 0.000 0.000 0.000 0.000 0.000 0.000 0.000
7.120 8.165 9.248 10.398 11.561 12.602 13.394 13.829 13.926 13.763 13.205 12.267 11.071 9.834 8.621 7.325 5.812 4.106 2.526 1.378 0.684 0.332 0.176 0.104 0.065 0.043 0.030 0.022 0.018 0.015 0.013 0.011 0.010 0.008 0.007 0.006 0.005 0.004 0.004 0.003 0.002 0.002 0.001 0.001 0.001 0.000 0.000 0.000 0.000 0.000 0.000 0.000 0.000 0.000 0.000 0.000 0.000 0.000 0.000 0.000 0.000 0.000 0.000 0.000 0.000 0.000 0.000 0.000 0.000 0.000 0.000 0.000 0.000 0.000 0.000 0.000 0.000
5.218 5.871 6.456 7.000 7.532 8.066 8.532 8.813 8.885 8.750 8.224 7.262 6.040 4.943 4.010 3.136 2.238 1.360 0.715 0.343 0.168 0.093 0.059 0.041 0.030 0.023 0.019 0.016 0.013 0.012 0.010 0.009 0.007 0.006 0.005 0.004 0.004 0.003 0.002 0.002 0.001 0.001 0.000 0.000 0.000 0.000 0.000 0.000 0.000 0.000 0.000 0.000 0.000 0.000 0.000 0.000 0.000 0.000 0.000 0.000 0.000 0.000 0.000 0.000 0.000 0.000 0.000 0.000 0.000 0.000 0.000 0.000 0.000 0.000 0.000 0.000 0.000
3.218 3.432 3.584 3.692 3.781 3.887 4.004 4.072 4.081 4.001 3.714 3.168 2.424 1.787 1.316 0.937 0.596 0.328 0.167 0.088 0.053 0.037 0.028 0.023 0.019 0.016 0.014 0.012 0.011 0.009 0.008 0.007 0.006 0.005 0.004 0.003 0.002 0.002 0.001 0.001 0.000 0.000 0.000 0.000 0.000 0.000 0.000 0.000 0.000 0.000 0.000 0.000 0.000 0.000 0.000 0.000 0.000 0.000 0.000 0.000 0.000 0.000 0.000 0.000 0.000 0.000 0.000 0.000 0.000 0.000 0.000 0.000 0.000 0.000 0.000 0.000 0.000
1.635 1.633 1.616 1.580 1.524 1.472 1.445 1.421 1.395 1.344 1.222 1.002 0.706 0.482 0.337 0.232 0.147 0.086 0.052 0.035 0.026 0.021 0.018 0.016 0.014 0.012 0.011 0.010 0.008 0.007 0.006 0.005 0.004 0.003 0.003 0.002 0.001 0.001 0.000 0.000 0.000 0.000 0.000 0.000 0.000 0.000 0.000 0.000 0.000 0.000 0.000 0.000 0.000 0.000 0.000 0.000 0.000 0.000 0.000 0.000 0.000 0.000 0.000 0.000 0.000 0.000 0.000 0.000 0.000 0.000 0.000 0.000 0.000 0.000 0.000 0.000 0.000
0.676 0.634 0.603 0.572 0.532 0.487 0.452 0.425 0.401 0.376 0.337 0.273 0.189 0.130 0.094 0.068 0.048 0.034 0.025 0.020 0.017 0.015 0.014 0.012 0.011 0.010 0.009 0.008 0.007 0.006 0.005 0.004 0.003 0.002 0.002 0.001 0.001 0.000 0.000 0.000 0.000 0.000 0.000 0.000 0.000 0.000 0.000 0.000 0.000 0.000 0.000 0.000 0.000 0.000 0.000 0.000 0.000 0.000 0.000 0.000 0.000 0.000 0.000 0.000 0.000 0.000 0.000 0.000 0.000 0.000 0.000 0.000 0.000 0.000 0.000 0.000 0.000
0.244 0.228 0.215 0.203 0.188 0.166 0.147 0.133 0.122 0.112 0.100 0.084 0.062 0.047 0.037 0.029 0.024 0.020 0.017 0.015 0.013 0.012 0.011 0.010 0.009 0.008 0.007 0.006 0.005 0.004 0.004 0.003 0.002 0.002 0.001 0.001 0.000 0.000 0.000 0.000 0.000 0.000 0.000 0.000 0.000 0.000 0.000 0.000 0.000 0.000 0.000 0.000 0.000 0.000 0.000 0.000 0.000 0.000 0.000 0.000 0.000 0.000 0.000 0.000 0.000 0.000 0.000 0.000 0.000 0.000 0.000 0.000 0.000 0.000 0.000 0.000 0.000
0.091 0.086 0.082 0.078 0.073 0.064 0.056 0.051 0.046 0.043 0.039 0.035 0.029 0.025 0.021 0.018 0.016 0.014 0.012 0.011 0.010 0.009 0.008 0.007 0.007 0.006 0.005 0.004 0.004 0.003 0.003 0.002 0.002 0.001 0.001 0.000 0.000 0.000 0.000 0.000 0.000 0.000 0.000 0.000 0.000 0.000 0.000 0.000 0.000 0.000 0.000 0.000 0.000 0.000 0.000 0.000 0.000 0.000 0.000 0.000 0.000 0.000 0.000 0.000 0.000 0.000 0.000 0.000 0.000 0.000 0.000 0.000 0.000 0.000 0.000 0.000 0.000
0.040 0.038 0.037 0.036 0.034 0.031 0.028 0.025 0.024 0.023 0.021 0.020 0.018 0.016 0.015 0.013 0.012 0.011 0.010 0.009 0.008 0.007 0.006 0.005 0.005 0.004 0.004 0.003 0.003 0.002 0.002 0.002 0.001 0.001 0.001 0.000 0.000 0.000 0.000 0.000 0.000 0.000 0.000 0.000 0.000 0.000 0.000 0.000 0.000 0.000 0.000 0.000 0.000 0.000 0.000 0.000 0.000 0.000 0.000 0.000 0.000 0.000 0.000 0.000 0.000 0.000 0.000 0.000 0.000 0.000 0.000 0.000 0.000 0.000 0.000 0.000 0.000
0.022 0.021 0.021 0.020 0.019 0.018 0.017 0.016 0.015 0.015 0.014 0.014 0.013 0.012 0.011 0.010 0.009 0.008 0.007 0.006 0.006 0.005 0.004 0.004 0.003 0.003 0.002 0.002 0.002 0.002 0.001 0.001 0.001 0.001 0.001 0.000 0.000 0.000 0.000 0.000 0.000 0.000 0.000 0.000 0.000 0.000 0.000 0.000 0.000 0.000 0.000 0.000 0.000 0.000 0.000 0.000 0.000 0.000 0.000 0.000 0.000 0.000 0.000 0.000 0.000 0.000 0.000 0.000 0.000 0.000 0.000 0.000 0.000 0.000 0.000 0.000 0.000
0.014 0.014 0.013 0.013 0.013 0.012 0.012 0.011 0.011 0.011 0.010 0.010 0.010 0.009 0.008 0.008 0.007 0.006 0.005 0.005 0.004 0.003 0.003 0.002 0.002 0.002 0.002 0.002 0.001 0.001 0.001 0.001 0.001 0.001 0.001 0.000 0.000 0.000 0.000 0.000 0.000 0.000 0.000 0.000 0.000 0.000 0.000 0.000 0.000 0.000 0.000 0.000 0.000 0.000 0.000 0.000 0.000 0.000 0.000 0.000 0.000 0.000 0.000 0.000 0.000 0.000 0.000 0.000 0.000 0.000 0.000 0.000 0.000 0.000 0.000 0.000 0.000
0.010 0.010 0.009 0.009 0.009 0.009 0.009 0.008 0.008 0.008 0.008 0.007 0.007 0.007 0.006 0.006 0.005 0.004 0.004 0.003 0.003 0.002 0.002 0.002 0.002 0.001 0.001 0.001 0.001 0.001 0.001 0.001 0.001 0.001 0.001 0.000 0.000 0.000 0.000 0.000 0.000 0.000 0.000 0.000 0.000 0.000 0.000 0.000 0.000 0.000 0.000 0.000 0.000 0.000 0.000 0.000 0.000 0.000 0.000 0.000 0.000 0.000 0.000 0.000 0.000 0.000 0.000 0.000 0.000 0.000 0.000 0.000 0.000 0.000 0.000 0.000 0.000
0.007 0.007 0.007 0.007 0.007 0.007 0.006 0.006 0.006 0.006 0.006 0.006 0.005 0.005 0.004 0.004 0.003 0.003 0.002 0.002 0.002 0.002 0.001 0.001 0.001 0.002 0.002 0.002 0.002 0.002 0.002 0.002 0.001 0.001 0.000 0.000 0.000 0.000 0.000 0.000 0.000 0.000 0.000 0.000 0.000 0.000 0.000 0.000 0.000 0.000 0.000 0.000 0.000 0.000 0.000 0.000 0.000 0.000 0.000 0.000 0.000 0.000 0.000 0.000 0.000 0.000 0.000 0.000 0.000 0.000 0.000 0.000 0.000 0.000 0.000 0.000 0.000
0.005 0.005 0.005 0.005 0.005 0.005 0.005 0.005 0.005 0.004 0.004 0.004 0.004 0.003 0.003 0.003 0.002 0.002 0.002 0.001 0.001 0.001 0.001 0.002 0.002 0.002 0.002 0.003 0.002 0.002 0.002 0.002 0.001 0.001 0.000 0.000 0.000 0.000 0.000 0.000 0.000 0.000 0.000 0.000 0.000 0.000 0.000 0.000 0.000 0.000 0.000 0.000 0.000 0.000 0.000 0.000 0.000 0.000 0.000 0.000 0.000 0.000 0.000 0.000 0.000 0.000 0.000 0.000 0.000 0.000 0.000 0.000 0.000 0.000 0.000 0.000 0.000
0.004 0.004 0.004 0.004 0.004 0.004 0.004 0.004 0.003 0.003 0.003 0.003 0.003 0.002 0.002 0.002 0.001 0.001 0.001 0.001 0.001 0.002 0.002 0.003 0.003 0.003 0.003 0.003 0.003 0.002 0.002 0.001 0.001 0.001 0.000 0.000 0.000 0.000 0.000 0.000 0.000 0.000 0.000 0.000 0.000 0.000 0.000 0.000 0.000 0.000 0.000 0.000 0.000 0.000 0.000 0.000 0.000 0.000 0.000 0.000 0.000 0.000 0.000 0.000 0.000 0.000 0.000 0.000 0.000 0.000 0.000 0.000 0.000 0.000 0.000 0.000 0.000
0.003 0.003 0.003 0.003 0.003 0.003 0.003 0.003 0.003 0.002 0.002 0.002 0.002 0.002 0.001 0.001 0.001 0.001 0.001 0.002 0.002 0.003 0.003 0.003 0.003 0.003 0.003 0.003 0.003 0.002 0.002 0.001 0.001 0.001 0.000 0.000 0.000 0.000 0.000 0.000 0.000 0.000 0.000 0.000 0.000 0.000 0.000 0.000 0.000 0.000 0.000 0.000 0.000 0.000 0.000 0.000 0.000 0.000 0.000 0.000 0.000 0.000 0.000 0.000 0.000 0.000 0.000 0.000 0.000 0.000 0.000 0.000 0.000 0.000 0.000 0.000 0.000
0.002 0.002 0.002 0.002 0.002 0.002 0.002 0.002 0.002 0.002 0.001 0.001 0.001 0.001 0.001 0.001 0.001 0.002 0.002 0.002 0.003 0.003 0.003 0.003 0.003 0.003 0.003 0.003 0.002 0.002 0.001 0.001 0.001 0.000 0.000 0.000 0.000 0.000 0.000 0.000 0.000 0.000 0.000 0.000 0.000 0.000 0.000 0.000 0.000 0.000 0.000 0.000 0.000 0.000 0.000 0.000 0.000 0.000 0.000 0.000 0.000 0.000 0.000 0.000 0.000 0.000 0.000 0.000 0.000 0.000 0.000 0.000 0.000 0.000 0.000 0.000 0.000
0.001 0.001 0.001 0.001 0.002 0.002 0.001 0.001 0.001 0.001 0.001 0.001 0.001 0.001 0.001 0.001 0.002 0.002 0.002 0.003 0.003 0.003 0.003 0.003 0.003 0.003 0.003 0.002 0.002 0.002 0.001 0.001 0.000 0.000 0.000 0.000 0.000 0.000 0.000 0.000 0.000 0.000 0.000 0.000 0.000 0.000 0.000 0.000 0.000 0.000 0.000 0.000 0.000 0.000 0.000 0.000 0.000 0.000 0.000 0.000 0.000 0.000 0.000 0.000 0.000 0.000 0.000 0.000 0.000 0.000 0.000 0.000 0.000 0.000 0.000 0.000 0.000
0.001 0.001 0.001 0.001 0.001 0.001 0.001 0.001 0.001 0.001 0.001 0.001 0.001 0.001 0.001 0.001 0.002 0.002 0.002 0.003 0.003 0.003 0.003 0.003 0.003 0.003 0.002 0.002 0.001 0.001 0.001 0.001 0.000 0.000 0.000 0.000 0.000 0.000 0.000 0.000 0.000 0.000 0.000 0.000 0.000 0.000 0.000 0.000 0.000 0.000 0.000 0.000 0.000 0.000 0.000 0.000 0.000 0.000 0.000 0.000 0.000 0.000 0.000 0.000 0.000 0.000 0.000 0.000 0.000 0.000 0.000 0.000 0.000 0.000 0.000 0.000 0.000
0.000 0.001 0.001 0.001 0.001 0.001 0.001 0.001 0.001 0.001 0.001 0.001 0.001 0.001 0.001 0.001 0.002 0.002 0.002 0.003 0.003 0.003 0.002 0.002 0.002 0.002 0.002 0.001 0.001 0.001 0.001 0.000 0.000 0.000 0.000 0.000 0.000 0.000 0.000 0.000 0.000 0.000 0.000 0.000 0.000 0.000 0.000 0.000 0.000 0.000 0.000 0.000 0.000 0.000 0.000 0.000 0.000 0.000 0.000 0.000 0.000 0.000 0.000 0.000 0.000 0.000 0.000 0.000 0.000 0.000 0.000 0.000 0.000 0.000 0.000 0.000 0.000
0.000 0.000 0.000 0.000 0.001 0.001 0.001 0.001 0.001 0.001 0.001 0.001 0.001 0.001 0.001 0.001 0.002 0.002 0.002 0.002 0.002 0.002 0.002 0.002 0.001 0.001 0.001 0.001 0.001 0.000 0.000 0.000 0.000 0.000 0.000 0.000 0.000 0.000 0.000 0.000 0.000 0.000 0.000 0.000 0.000 0.000 0.000 0.000 0.000 0.000 0.000 0.000 0.000 0.000 0.000 0.000 0.000 0.000 0.000 0.000 0.000 0.000 0.000 0.000 0.000 0.000 0.000 0.000 0.000 0.000 0.000 0.000 0.000 0.000 0.000 0.000 0.000
