RESULTS/r.avaflow_results/11_results/11_ascii/11_hflow0043.asc
ncols 506
nrows 317
xllcenter 498237.50
yllcenter 5580050.00
cellsize 12.50
NODATA_value -9999.000
[rows 170 to 203 of 317, columns 77 to 153 of 506]
0.000 0.000 0.000 0.000 0.000 0.000 0.000 0.000 0.000 0.000 0.001 0.003 0.005 0.009 0.014 0.021 0.028 0.034 0.038 0.043 0.048 0.057 0.074 0.109 0.161 0.203 0.219 0.220 0.216 0.207 0.193 0.173 0.147 0.118 0.093 0.074 0.062 0.054 0.051 0.050 0.054 0.067 0.104 0.197 0.391 0.695 1.077 1.502 1.982 2.577 3.395 4.544 5.816 6.855 7.548 7.971 8.313 8.725 9.282 9.994 10.882 11.878 12.826 13.449 13.737 13.777 13.727 13.595 13.347 12.997 12.596 12.125 11.603 11.097 10.662 10.292 9.975
0.000 0.000 0.000 0.000 0.000 0.000 0.000 0.000 0.001 0.002 0.004 0.008 0.014 0.023 0.035 0.049 0.062 0.073 0.084 0.095 0.107 0.125 0.159 0.210 0.264 0.293 0.299 0.295 0.286 0.270 0.248 0.219 0.181 0.142 0.113 0.093 0.080 0.075 0.074 0.078 0.094 0.140 0.254 0.504 0.929 1.488 2.103 2.750 3.481 4.364 5.391 6.458 7.350 7.978 8.351 8.590 8.824 9.170 9.678 10.351 11.202 12.153 13.017 13.564 13.797 13.803 13.727 13.570 13.326 13.032 12.754 12.512 12.329 12.251 12.269 12.349 12.508
0.000 0.000 0.000 0.000 0.000 0.000 0.000 0.001 0.002 0.006 0.011 0.019 0.031 0.048 0.069 0.091 0.113 0.135 0.156 0.177 0.201 0.236 0.290 0.347 0.382 0.391 0.388 0.379 0.364 0.341 0.310 0.270 0.219 0.170 0.136 0.115 0.105 0.103 0.107 0.125 0.182 0.321 0.621 1.154 1.900 2.732 3.559 4.417 5.336 6.256 7.098 7.796 8.289 8.580 8.734 8.845 9.016 9.321 9.786 10.427 11.237 12.157 12.982 13.504 13.726 13.725 13.650 13.529 13.393 13.289 13.263 13.331 13.489 13.707 14.001 14.465 15.192
0.000 0.000 0.000 0.000 0.000 0.000 0.000 0.002 0.005 0.011 0.020 0.033 0.052 0.077 0.107 0.141 0.178 0.216 0.252 0.288 0.330 0.384 0.443 0.481 0.493 0.492 0.485 0.471 0.450 0.420 0.380 0.327 0.260 0.203 0.164 0.144 0.137 0.139 0.157 0.217 0.375 0.724 1.352 2.279 3.363 4.391 5.322 6.176 6.960 7.667 8.242 8.630 8.839 8.919 8.920 8.929 9.059 9.334 9.767 10.364 11.123 12.009 12.805 13.311 13.537 13.565 13.564 13.589 13.674 13.811 13.974 14.162 14.399 14.710 15.173 15.936 17.102
0.000 0.000 0.000 0.000 0.000 0.000 0.000 0.002 0.007 0.014 0.026 0.042 0.065 0.095 0.134 0.181 0.237 0.302 0.365 0.421 0.477 0.533 0.575 0.596 0.600 0.598 0.589 0.572 0.545 0.508 0.457 0.391 0.309 0.241 0.199 0.179 0.176 0.187 0.236 0.380 0.735 1.436 2.547 3.916 5.172 6.153 6.929 7.587 8.147 8.602 8.926 9.103 9.159 9.105 8.986 8.942 9.049 9.287 9.668 10.207 10.896 11.711 12.460 12.965 13.251 13.396 13.546 13.728 13.933 14.138 14.334 14.547 14.813 15.202 15.821 16.786 18.155
0.000 0.000 0.000 0.000 0.000 0.000 0.000 0.002 0.008 0.016 0.029 0.047 0.072 0.107 0.151 0.209 0.281 0.370 0.469 0.550 0.615 0.666 0.697 0.710 0.712 0.710 0.700 0.682 0.651 0.606 0.545 0.466 0.368 0.289 0.239 0.220 0.219 0.241 0.332 0.603 1.247 2.418 4.088 5.658 6.797 7.609 8.187 8.622 8.960 9.199 9.338 9.382 9.329 9.180 8.994 8.914 8.972 9.156 9.477 9.946 10.546 11.257 11.957 12.501 12.904 13.210 13.481 13.728 13.963 14.177 14.374 14.593 14.870 15.305 16.016 17.064 18.451
0.000 0.000 0.000 0.000 0.000 0.000 0.000 0.002 0.008 0.016 0.029 0.048 0.075 0.112 0.161 0.225 0.307 0.413 0.545 0.663 0.743 0.795 0.823 0.833 0.835 0.833 0.823 0.803 0.769 0.717 0.647 0.555 0.441 0.346 0.286 0.261 0.259 0.284 0.396 0.743 1.608 3.193 5.346 7.014 8.083 8.739 9.118 9.354 9.514 9.609 9.626 9.558 9.403 9.191 8.970 8.836 8.816 8.931 9.188 9.584 10.095 10.696 11.345 11.960 12.489 12.922 13.264 13.530 13.749 13.931 14.100 14.299 14.572 15.043 15.818 16.907 18.286
0.000 0.000 0.000 0.000 0.000 0.000 0.000 0.002 0.008 0.016 0.029 0.048 0.075 0.113 0.165 0.232 0.319 0.434 0.585 0.751 0.866 0.929 0.961 0.972 0.974 0.972 0.962 0.940 0.902 0.845 0.766 0.661 0.531 0.415 0.338 0.301 0.295 0.318 0.430 0.797 1.770 3.647 6.204 8.028 9.061 9.565 9.781 9.881 9.929 9.917 9.822 9.645 9.413 9.160 8.911 8.716 8.614 8.645 8.826 9.138 9.565 10.077 10.669 11.334 11.925 12.393 12.723 12.946 13.099 13.208 13.314 13.455 13.696 14.184 15.021 16.184 17.603
0.000 0.000 0.000 0.000 0.000 0.000 0.000 0.002 0.007 0.015 0.028 0.046 0.074 0.113 0.165 0.232 0.321 0.439 0.597 0.800 0.978 1.076 1.119 1.135 1.137 1.135 1.123 1.098 1.054 0.990 0.901 0.786 0.640 0.497 0.396 0.342 0.328 0.344 0.445 0.803 1.796 3.827 6.716 8.741 9.762 10.143 10.249 10.271 10.237 10.116 9.919 9.664 9.380 9.093 8.813 8.572 8.408 8.356 8.438 8.647 8.969 9.391 9.930 10.570 11.118 11.520 11.773 11.909 11.960 11.967 11.983 12.048 12.264 12.788 13.698 14.947 16.445
0.000 0.000 0.000 0.000 0.000 0.000 0.000 0.002 0.006 0.012 0.023 0.041 0.068 0.107 0.160 0.228 0.318 0.436 0.595 0.808 1.054 1.232 1.307 1.327 1.331 1.328 1.313 1.281 1.230 1.156 1.057 0.930 0.769 0.596 0.463 0.385 0.358 0.366 0.452 0.787 1.761 3.835 6.924 9.175 10.227 10.526 10.567 10.532 10.413 10.204 9.938 9.636 9.313 8.995 8.688 8.414 8.202 8.078 8.063 8.155 8.344 8.653 9.106 9.628 10.039 10.304 10.431 10.447 10.395 10.326 10.291 10.364 10.655 11.261 12.214 13.487 15.021
0.000 0.000 0.000 0.000 0.000 0.000 0.000 0.001 0.003 0.008 0.016 0.030 0.053 0.090 0.140 0.209 0.298 0.415 0.573 0.788 1.068 1.346 1.511 1.559 1.561 1.553 1.533 1.494 1.432 1.347 1.236 1.095 0.920 0.715 0.545 0.435 0.389 0.387 0.452 0.746 1.663 3.738 6.915 9.344 10.492 10.765 10.759 10.662 10.474 10.216 9.907 9.565 9.210 8.866 8.543 8.245 7.991 7.804 7.700 7.671 7.715 7.880 8.182 8.507 8.734 8.851 8.881 8.859 8.824 8.805 8.828 8.958 9.300 9.918 10.820 12.001 13.450
0.000 0.000 0.000 0.000 0.000 0.000 0.000 0.000 0.001 0.004 0.008 0.016 0.031 0.058 0.100 0.160 0.241 0.349 0.496 0.706 1.004 1.369 1.655 1.786 1.808 1.803 1.781 1.736 1.663 1.564 1.439 1.284 1.093 0.861 0.649 0.500 0.425 0.410 0.449 0.682 1.493 3.481 6.705 9.312 10.576 10.873 10.836 10.688 10.463 10.173 9.826 9.443 9.064 8.709 8.377 8.064 7.776 7.530 7.344 7.213 7.144 7.178 7.317 7.453 7.539 7.576 7.572 7.551 7.540 7.554 7.613 7.771 8.101 8.649 9.433 10.464 11.737
0.000 0.000 0.000 0.000 0.000 0.000 0.000 0.000 0.001 0.001 0.003 0.006 0.013 0.026 0.049 0.086 0.142 0.221 0.338 0.523 0.821 1.263 1.699 1.947 2.021 2.025 2.010 1.972 1.905 1.804 1.668 1.499 1.292 1.041 0.786 0.592 0.479 0.442 0.460 0.621 1.271 3.064 6.235 9.060 10.494 10.871 10.832 10.655 10.392 10.057 9.659 9.249 8.868 8.515 8.183 7.864 7.553 7.262 7.017 6.819 6.669 6.611 6.630 6.637 6.620 6.586 6.542 6.504 6.485 6.495 6.553 6.700 6.976 7.407 8.017 8.841 9.887
0.000 0.000 0.000 0.000 0.000 0.000 0.000 0.000 0.000 0.000 0.001 0.002 0.005 0.009 0.018 0.034 0.059 0.097 0.160 0.281 0.532 1.003 1.609 2.016 2.180 2.207 2.201 2.175 2.124 2.039 1.912 1.740 1.524 1.261 0.968 0.727 0.568 0.498 0.494 0.596 1.077 2.576 5.548 8.543 10.160 10.684 10.695 10.522 10.219 9.833 9.385 8.968 8.604 8.270 7.955 7.644 7.335 7.029 6.747 6.494 6.279 6.153 6.091 6.018 5.929 5.833 5.739 5.661 5.608 5.586 5.606 5.701 5.893 6.198 6.646 7.278 8.111
0.000 0.000 0.000 0.000 0.000 0.000 0.000 0.000 0.000 0.000 0.000 0.001 0.001 0.003 0.006 0.011 0.020 0.035 0.061 0.121 0.279 0.672 1.362 1.965 2.259 2.347 2.358 2.347 2.314 2.253 2.152 1.999 1.790 1.524 1.208 0.918 0.712 0.600 0.573 0.632 0.981 2.160 4.731 7.751 9.514 10.193 10.291 10.184 9.893 9.477 8.988 8.568 8.247 7.966 7.692 7.412 7.123 6.822 6.521 6.231 5.963 5.779 5.659 5.531 5.388 5.238 5.090 4.962 4.863 4.794 4.758 4.772 4.864 5.057 5.373 5.837 6.453
0.000 0.000 0.000 0.000 0.000 0.000 0.000 0.000 0.000 0.000 0.000 0.000 0.000 0.001 0.002 0.003 0.006 0.012 0.022 0.049 0.132 0.390 0.993 1.770 2.241 2.427 2.482 2.490 2.477 2.440 2.369 2.251 2.075 1.831 1.514 1.181 0.930 0.777 0.722 0.747 0.994 1.888 3.912 6.720 8.580 9.397 9.587 9.549 9.334 8.953 8.453 8.013 7.722 7.517 7.331 7.135 6.906 6.630 6.325 6.011 5.702 5.467 5.297 5.122 4.933 4.737 4.539 4.360 4.212 4.094 3.999 3.937 3.934 4.024 4.220 4.517 4.888
0.000 0.000 0.000 0.000 0.000 0.000 0.000 0.000 0.000 0.000 0.000 0.000 0.000 0.000 0.001 0.001 0.002 0.005 0.009 0.022 0.064 0.209 0.626 1.398 2.096 2.442 2.564 2.605 2.612 2.598 2.556 2.473 2.339 2.142 1.866 1.525 1.238 1.050 0.965 0.961 1.114 1.770 3.308 5.647 7.422 8.319 8.586 8.598 8.487 8.212 7.766 7.283 6.983 6.854 6.786 6.724 6.623 6.424 6.137 5.809 5.476 5.198 4.980 4.759 4.526 4.287 4.050 3.828 3.634 3.469 3.326 3.206 3.122 3.112 3.183 3.306 3.417
0.000 0.000 0.000 0.000 0.000 0.000 0.000 0.000 0.000 0.000 0.000 0.000 0.000 0.000 0.000 0.001 0.001 0.003 0.006 0.014 0.036 0.112 0.357 0.946 1.768 2.343 2.595 2.688 2.723 2.727 2.709 2.656 2.558 2.404 2.181 1.888 1.611 1.418 1.315 1.288 1.362 1.807 2.930 4.758 6.309 7.112 7.381 7.428 7.403 7.257 6.936 6.474 6.130 6.022 6.057 6.130 6.167 6.108 5.903 5.600 5.266 4.960 4.702 4.433 4.151 3.869 3.598 3.344 3.113 2.907 2.727 2.562 2.407 2.296 2.231 2.180 2.090
0.000 0.000 0.000 0.000 0.000 0.000 0.000 0.000 0.000 0.000 0.000 0.000 0.000 0.000 0.000 0.000 0.001 0.003 0.006 0.013 0.028 0.069 0.198 0.558 1.285 2.083 2.532 2.724 2.804 2.831 2.828 2.800 2.731 2.611 2.427 2.175 1.923 1.750 1.655 1.626 1.661 1.934 2.696 4.064 5.385 6.092 6.351 6.414 6.415 6.344 6.155 5.821 5.467 5.281 5.274 5.383 5.523 5.581 5.521 5.320 5.037 4.729 4.440 4.128 3.797 3.475 3.173 2.892 2.631 2.396 2.181 1.971 1.748 1.537 1.354 1.182 1.011
0.000 0.000 0.000 0.000 0.000 0.000 0.000 0.000 0.000 0.000 0.000 0.000 0.000 0.000 0.000 0.001 0.002 0.004 0.008 0.015 0.028 0.057 0.128 0.330 0.820 1.634 2.323 2.680 2.838 2.901 2.916 2.905 2.859 2.763 2.605 2.384 2.149 1.979 1.882 1.847 1.858 2.019 2.524 3.509 4.622 5.271 5.532 5.611 5.625 5.597 5.491 5.274 4.972 4.726 4.619 4.629 4.743 4.855 4.897 4.836 4.656 4.393 4.091 3.752 3.397 3.055 2.737 2.440 2.160 1.897 1.641 1.381 1.107 0.857 0.662 0.512 0.396
0.000 0.000 0.000 0.000 0.000 0.000 0.000 0.000 0.000 0.000 0.000 0.000 0.000 0.000 0.000 0.001 0.004 0.007 0.012 0.021 0.035 0.060 0.110 0.227 0.531 1.144 1.926 2.493 2.791 2.926 2.972 2.973 2.942 2.860 2.722 2.523 2.299 2.125 2.012 1.960 1.953 2.034 2.356 3.034 3.953 4.575 4.859 4.960 4.984 4.976 4.919 4.777 4.546 4.291 4.109 4.012 3.984 4.017 4.054 4.058 3.972 3.780 3.499 3.157 2.809 2.480 2.171 1.879 1.599 1.325 1.052 0.788 0.557 0.389 0.275 0.199 0.149
0.000 0.000 0.000 0.000 0.000 0.000 0.000 0.000 0.000 0.000 0.000 0.000 0.000 0.000 0.001 0.003 0.007 0.013 0.021 0.033 0.050 0.074 0.117 0.202 0.395 0.797 1.444 2.133 2.611 2.873 2.983 3.005 2.984 2.910 2.782 2.600 2.388 2.212 2.081 2.001 1.973 1.999 2.171 2.600 3.309 3.930 4.264 4.402 4.443 4.445 4.411 4.309 4.128 3.890 3.668 3.487 3.344 3.231 3.137 3.060 2.973 2.827 2.591 2.276 1.955 1.664 1.395 1.144 0.908 0.690 0.501 0.346 0.227 0.152 0.106 0.078 0.061
0.000 0.000 0.000 0.000 0.000 0.000 0.000 0.000 0.000 0.000 0.000 0.000 0.000 0.001 0.003 0.006 0.013 0.022 0.036 0.055 0.078 0.107 0.148 0.218 0.361 0.634 1.083 1.699 2.295 2.706 2.924 3.000 2.993 2.924 2.799 2.630 2.433 2.258 2.114 2.007 1.940 1.911 1.960 2.189 2.681 3.290 3.690 3.888 3.958 3.966 3.939 3.854 3.702 3.487 3.238 2.992 2.763 2.547 2.337 2.135 1.942 1.745 1.523 1.272 1.032 0.825 0.647 0.495 0.369 0.265 0.185 0.124 0.082 0.058 0.044 0.035 0.029
0.000 0.000 0.000 0.000 0.000 0.000 0.000 0.000 0.000 0.000 0.000 0.000 0.000 0.001 0.004 0.010 0.020 0.036 0.058 0.087 0.123 0.164 0.211 0.275 0.388 0.594 0.918 1.377 1.940 2.439 2.768 2.925 2.956 2.909 2.793 2.632 2.447 2.275 2.123 1.986 1.852 1.750 1.714 1.795 2.087 2.605 3.091 3.371 3.488 3.505 3.481 3.405 3.268 3.064 2.799 2.496 2.191 1.900 1.627 1.380 1.160 0.961 0.777 0.606 0.458 0.339 0.246 0.176 0.125 0.088 0.062 0.044 0.033 0.026 0.022 0.019 0.017
0.000 0.000 0.000 0.000 0.000 0.000 0.000 0.000 0.000 0.000 0.000 0.000 0.000 0.001 0.005 0.012 0.026 0.051 0.086 0.133 0.190 0.249 0.310 0.377 0.471 0.630 0.881 1.227 1.674 2.155 2.531 2.759 2.838 2.825 2.744 2.609 2.443 2.274 2.112 1.941 1.741 1.555 1.451 1.446 1.568 1.890 2.361 2.745 2.941 3.001 2.993 2.931 2.796 2.576 2.267 1.899 1.542 1.228 0.975 0.772 0.602 0.463 0.349 0.257 0.183 0.127 0.087 0.060 0.043 0.031 0.024 0.019 0.016 0.014 0.013 0.012 0.012
0.000 0.000 0.000 0.000 0.000 0.000 0.000 0.000 0.000 0.000 0.000 0.000 0.000 0.001 0.004 0.012 0.028 0.061 0.118 0.197 0.287 0.368 0.445 0.522 0.609 0.732 0.921 1.186 1.522 1.915 2.266 2.513 2.636 2.655 2.620 2.533 2.405 2.249 2.079 1.886 1.658 1.417 1.241 1.159 1.165 1.284 1.549 1.889 2.144 2.267 2.294 2.255 2.117 1.857 1.486 1.115 0.831 0.622 0.465 0.346 0.256 0.189 0.139 0.100 0.069 0.046 0.031 0.022 0.016 0.013 0.011 0.010 0.010 0.009 0.009 0.009 0.009
0.000 0.000 0.000 0.000 0.000 0.000 0.000 0.000 0.000 0.000 0.000 0.000 0.000 0.001 0.004 0.010 0.027 0.064 0.142 0.273 0.423 0.531 0.621 0.704 0.791 0.892 1.022 1.203 1.439 1.726 2.011 2.231 2.367 2.416 2.416 2.381 2.301 2.176 2.016 1.820 1.587 1.325 1.102 0.951 0.879 0.868 0.936 1.076 1.210 1.284 1.306 1.283 1.174 0.970 0.704 0.489 0.340 0.237 0.166 0.120 0.089 0.067 0.050 0.036 0.025 0.017 0.012 0.009 0.008 0.007 0.007 0.007 0.007 0.007 0.007 0.007 0.007
0.000 0.000 0.000 0.000 0.000 0.000 0.000 0.000 0.000 0.000 0.000 0.000 0.000 0.001 0.002 0.008 0.022 0.060 0.149 0.326 0.575 0.748 0.845 0.920 0.987 1.054 1.131 1.232 1.374 1.564 1.774 1.947 2.069 2.135 2.157 2.155 2.121 2.040 1.909 1.733 1.512 1.253 1.010 0.821 0.691 0.610 0.571 0.568 0.581 0.584 0.576 0.551 0.489 0.382 0.255 0.164 0.106 0.071 0.049 0.036 0.028 0.022 0.017 0.012 0.009 0.007 0.005 0.005 0.004 0.004 0.005 0.005 0.005 0.005 0.005 0.005 0.006
0.000 0.000 0.000 0.000 0.000 0.000 0.000 0.000 0.000 0.000 0.000 0.000 0.000 0.001 0.002 0.005 0.017 0.051 0.141 0.338 0.669 0.947 1.073 1.124 1.152 1.174 1.199 1.241 1.312 1.419 1.550 1.668 1.762 1.827 1.863 1.877 1.872 1.833 1.747 1.609 1.420 1.187 0.939 0.733 0.574 0.456 0.371 0.312 0.270 0.241 0.218 0.194 0.163 0.120 0.077 0.048 0.030 0.020 0.014 0.011 0.008 0.007 0.005 0.004 0.003 0.003 0.003 0.003 0.003 0.003 0.003 0.003 0.004 0.004 0.004 0.004 0.005
0.000 0.000 0.000 0.000 0.000 0.000 0.000 0.000 0.000 0.000 0.000 0.000 0.001 0.001 0.002 0.005 0.013 0.039 0.118 0.317 0.682 1.052 1.236 1.284 1.283 1.260 1.232 1.226 1.245 1.287 1.348 1.406 1.455 1.498 1.535 1.563 1.576 1.568 1.528 1.439 1.299 1.107 0.876 0.659 0.487 0.355 0.256 0.185 0.137 0.105 0.083 0.066 0.051 0.035 0.022 0.014 0.008 0.006 0.004 0.003 0.002 0.002 0.002 0.001 0.001 0.001 0.001 0.002 0.002 0.002 0.002 0.002 0.002 0.003 0.003 0.003 0.004
0.001 0.001 0.002 0.002 0.002 0.002 0.002 0.002 0.002 0.002 0.002 0.002 0.002 0.003 0.004 0.006 0.012 0.027 0.081 0.247 0.609 1.053 1.303 1.377 1.367 1.314 1.240 1.193 1.168 1.159 1.163 1.167 1.166 1.165 1.180 1.209 1.241 1.257 1.251 1.213 1.130 0.993 0.802 0.586 0.407 0.274 0.179 0.115 0.074 0.049 0.034 0.023 0.016 0.010 0.006 0.004 0.002 0.002 0.001 0.001 0.001 0.001 0.001 0.001 0.001 0.001 0.001 0.001 0.001 0.001 0.001 0.001 0.002 0.002 0.002 0.002 0.003
0.003 0.004 0.004 0.004 0.004 0.004 0.004 0.004 0.003 0.003 0.004 0.004 0.005 0.007 0.008 0.011 0.014 0.023 0.047 0.137 0.410 0.879 1.242 1.384 1.389 1.331 1.230 1.140 1.075 1.028 0.989 0.950 0.906 0.863 0.836 0.830 0.847 0.875 0.892 0.894 0.869 0.799 0.673 0.493 0.321 0.199 0.119 0.070 0.041 0.024 0.014 0.009 0.005 0.003 0.002 0.001 0.001 0.001 0.000 0.000 0.000 0.000 0.000 0.000 0.000 0.001 0.001 0.001 0.001 0.001 0.001 0.001 0.001 0.001 0.001 0.001 0.002
0.006 0.006 0.007 0.006 0.006 0.005 0.005 0.005 0.005 0.005 0.006 0.007 0.009 0.011 0.013 0.015 0.018 0.024 0.038 0.072 0.184 0.492 0.919 1.212 1.306 1.284 1.189 1.067 0.967 0.888 0.818 0.748 0.675 0.603 0.545 0.511 0.501 0.505 0.511 0.513 0.512 0.497 0.447 0.345 0.217 0.126 0.072 0.040 0.022 0.012 0.006 0.003 0.002 0.001 0.001 0.001 0.000 0.000 0.000 0.000 0.000 0.000 0.000 0.000 0.000 0.000 0.001 0.001 0.001 0.001 0.000 0.000 0.000 0.000 0.001 0.001 0.001
0.009 0.009 0.009 0.008 0.007 0.006 0.006 0.006 0.006 0.007 0.008 0.010 0.011 0.013 0.014 0.016 0.020 0.026 0.040 0.064 0.100 0.193 0.425 0.733 0.967 1.052 1.027 0.941 0.835 0.737 0.643 0.552 0.466 0.389 0.325 0.282 0.258 0.248 0.243 0.240 0.238 0.233 0.217 0.179 0.116 0.067 0.038 0.020 0.011 0.005 0.003 0.001 0.001 0.001 0.001 0.000 0.000 0.000 0.000 0.000 0.000 0.000 0.000 0.000 0.000 0.000 0.001 0.001 0.001 0.000 0.000 0.000 0.000 0.000 0.000 0.000 0.001
