RESULTS/r.avaflow_results/11_results/11_ascii/11_hflow0053.asc
ncols 506
nrows 317
xllcenter 498237.50
yllcenter 5580050.00
cellsize 12.50
NODATA_value -9999.000
[rows 170 to 203 of 317, columns 154 to 230 of 506]
9.644 9.398 9.168 8.926 8.662 8.386 8.121 7.876 7.652 7.449 7.262 7.082 6.891 6.637 6.252 5.702 5.005 4.216 3.416 2.676 2.012 1.448 1.010 0.705 0.514 0.403 0.348 0.328 0.327 0.343 0.380 0.420 0.446 0.463 0.478 0.496 0.523 0.547 0.556 0.553 0.540 0.520 0.500 0.480 0.456 0.421 0.371 0.316 0.268 0.223 0.183 0.151 0.128 0.112 0.103 0.100 0.100 0.103 0.109 0.114 0.118 0.121 0.122 0.122 0.122 0.124 0.130 0.149 0.194 0.280 0.366 0.407 0.414 0.394 0.336 0.246 0.167
12.561 12.666 12.676 12.604 12.479 12.284 12.021 11.718 11.406 11.108 10.828 10.560 10.290 9.972 9.518 8.853 7.974 6.923 5.779 4.651 3.600 2.662 1.886 1.307 0.923 0.687 0.553 0.490 0.472 0.482 0.507 0.527 0.534 0.534 0.532 0.535 0.546 0.557 0.559 0.550 0.530 0.501 0.472 0.443 0.409 0.359 0.289 0.216 0.160 0.123 0.099 0.085 0.075 0.070 0.069 0.070 0.073 0.079 0.085 0.089 0.091 0.091 0.090 0.089 0.089 0.090 0.095 0.110 0.142 0.208 0.302 0.371 0.399 0.402 0.385 0.337 0.259
15.811 16.320 16.519 16.490 16.362 16.140 15.828 15.473 15.113 14.763 14.425 14.106 13.793 13.454 13.002 12.322 11.361 10.149 8.768 7.326 5.906 4.559 3.358 2.383 1.669 1.189 0.884 0.711 0.626 0.588 0.571 0.563 0.555 0.545 0.535 0.531 0.532 0.532 0.526 0.504 0.465 0.419 0.377 0.335 0.287 0.227 0.161 0.113 0.084 0.067 0.057 0.051 0.048 0.047 0.048 0.050 0.056 0.063 0.068 0.070 0.071 0.070 0.069 0.068 0.067 0.068 0.072 0.082 0.105 0.148 0.226 0.319 0.378 0.400 0.402 0.387 0.343
18.172 19.031 19.443 19.516 19.425 19.243 18.981 18.684 18.365 18.027 17.673 17.322 16.982 16.628 16.186 15.533 14.602 13.409 12.024 10.502 8.883 7.215 5.560 4.091 2.912 2.034 1.424 1.033 0.798 0.663 0.592 0.559 0.540 0.522 0.502 0.485 0.471 0.457 0.435 0.391 0.326 0.266 0.219 0.181 0.146 0.110 0.080 0.059 0.047 0.040 0.036 0.034 0.033 0.034 0.035 0.038 0.043 0.050 0.054 0.056 0.056 0.055 0.054 0.053 0.053 0.054 0.057 0.064 0.079 0.106 0.155 0.243 0.339 0.389 0.404 0.402 0.382
19.423 20.526 21.191 21.503 21.603 21.594 21.503 21.355 21.154 20.885 20.542 20.153 19.772 19.390 18.945 18.317 17.427 16.278 14.923 13.422 11.800 10.047 8.139 6.173 4.441 3.057 2.039 1.358 0.942 0.705 0.584 0.523 0.483 0.449 0.415 0.382 0.351 0.319 0.281 0.230 0.175 0.136 0.109 0.089 0.072 0.056 0.044 0.035 0.030 0.027 0.026 0.025 0.025 0.025 0.027 0.029 0.034 0.040 0.043 0.045 0.045 0.045 0.044 0.044 0.044 0.046 0.048 0.053 0.062 0.079 0.109 0.167 0.267 0.355 0.392 0.399 0.391
19.727 20.944 21.826 22.428 22.833 23.094 23.236 23.259 23.182 23.008 22.690 22.249 21.818 21.415 20.976 20.393 19.588 18.535 17.234 15.713 14.004 12.116 10.015 7.668 5.487 3.720 2.409 1.537 1.013 0.717 0.552 0.452 0.381 0.322 0.271 0.231 0.202 0.178 0.152 0.121 0.092 0.072 0.058 0.048 0.040 0.033 0.027 0.024 0.021 0.020 0.020 0.020 0.020 0.020 0.022 0.024 0.027 0.031 0.035 0.037 0.037 0.038 0.038 0.038 0.039 0.041 0.043 0.046 0.052 0.063 0.082 0.119 0.189 0.287 0.356 0.381 0.383
19.549 20.822 21.825 22.601 23.233 23.734 24.058 24.200 24.201 24.095 23.807 23.318 22.850 22.458 22.045 21.514 20.799 19.858 18.643 17.126 15.330 13.292 11.002 8.410 5.953 3.981 2.533 1.585 1.022 0.694 0.492 0.357 0.261 0.194 0.150 0.124 0.108 0.096 0.082 0.066 0.052 0.042 0.035 0.029 0.025 0.021 0.019 0.017 0.016 0.016 0.016 0.016 0.016 0.017 0.018 0.019 0.022 0.025 0.028 0.030 0.032 0.033 0.034 0.035 0.036 0.038 0.040 0.042 0.047 0.054 0.067 0.090 0.133 0.207 0.289 0.338 0.357
18.901 20.286 21.466 22.431 23.210 23.801 24.173 24.342 24.366 24.286 24.015 23.507 23.022 22.652 22.262 21.755 21.082 20.209 19.069 17.587 15.757 13.627 11.228 8.530 5.992 3.965 2.493 1.538 0.966 0.619 0.398 0.253 0.164 0.112 0.083 0.068 0.060 0.054 0.047 0.039 0.032 0.027 0.023 0.020 0.017 0.016 0.014 0.013 0.013 0.013 0.013 0.013 0.013 0.014 0.014 0.016 0.017 0.020 0.023 0.025 0.028 0.029 0.031 0.032 0.034 0.035 0.037 0.040 0.043 0.049 0.058 0.073 0.100 0.145 0.209 0.272 0.313
17.834 19.356 20.713 21.875 22.807 23.464 23.838 23.989 23.993 23.906 23.642 23.156 22.658 22.263 21.850 21.330 20.674 19.851 18.774 17.337 15.516 13.352 10.875 8.118 5.615 3.636 2.222 1.323 0.789 0.466 0.268 0.155 0.096 0.065 0.049 0.041 0.036 0.032 0.029 0.025 0.022 0.019 0.017 0.015 0.013 0.012 0.011 0.010 0.010 0.010 0.010 0.010 0.010 0.011 0.011 0.012 0.014 0.016 0.018 0.021 0.024 0.026 0.028 0.030 0.032 0.034 0.036 0.038 0.041 0.045 0.052 0.063 0.081 0.109 0.150 0.201 0.249
16.479 18.101 19.563 20.831 21.845 22.550 22.937 23.056 23.009 22.856 22.578 22.185 21.715 21.207 20.654 20.051 19.376 18.582 17.562 16.171 14.345 12.120 9.556 6.890 4.599 2.843 1.629 0.887 0.479 0.258 0.143 0.085 0.055 0.039 0.031 0.027 0.024 0.022 0.020 0.018 0.016 0.014 0.013 0.011 0.010 0.009 0.008 0.008 0.008 0.008 0.008 0.008 0.008 0.008 0.009 0.010 0.011 0.013 0.015 0.017 0.020 0.023 0.026 0.028 0.030 0.032 0.034 0.036 0.039 0.043 0.048 0.057 0.070 0.089 0.117 0.152 0.192
14.864 16.496 17.975 19.275 20.344 21.122 21.564 21.676 21.572 21.330 21.060 20.803 20.397 19.741 18.957 18.212 17.462 16.622 15.540 14.054 12.096 9.705 7.124 4.772 2.933 1.641 0.843 0.419 0.214 0.118 0.070 0.046 0.033 0.026 0.022 0.019 0.018 0.016 0.015 0.014 0.013 0.011 0.010 0.009 0.008 0.007 0.006 0.006 0.005 0.005 0.005 0.005 0.006 0.006 0.006 0.007 0.009 0.010 0.012 0.014 0.017 0.020 0.023 0.025 0.028 0.030 0.033 0.035 0.037 0.041 0.046 0.053 0.064 0.079 0.099 0.125 0.155
12.978 14.515 15.978 17.331 18.524 19.459 20.034 20.215 20.130 19.902 19.644 19.388 18.946 18.172 17.213 16.312 15.416 14.376 12.995 11.144 8.763 6.220 4.030 2.438 1.376 0.717 0.348 0.169 0.091 0.055 0.038 0.028 0.022 0.019 0.016 0.015 0.014 0.013 0.012 0.011 0.010 0.009 0.008 0.007 0.006 0.005 0.004 0.004 0.004 0.003 0.003 0.003 0.004 0.004 0.004 0.005 0.006 0.008 0.010 0.012 0.014 0.017 0.020 0.023 0.026 0.028 0.031 0.033 0.036 0.039 0.044 0.052 0.062 0.075 0.092 0.111 0.133
10.915 12.292 13.728 15.168 16.530 17.661 18.413 18.721 18.690 18.495 18.202 17.816 17.215 16.340 15.313 14.274 13.162 11.753 9.831 7.399 4.974 3.065 1.755 0.958 0.507 0.260 0.130 0.070 0.043 0.030 0.024 0.019 0.017 0.015 0.013 0.012 0.012 0.011 0.010 0.009 0.009 0.008 0.007 0.005 0.004 0.004 0.003 0.002 0.002 0.002 0.002 0.002 0.002 0.002 0.003 0.004 0.005 0.006 0.008 0.009 0.011 0.014 0.017 0.020 0.023 0.026 0.029 0.032 0.035 0.039 0.044 0.052 0.062 0.074 0.089 0.104 0.122
8.961 10.106 11.385 12.799 14.233 15.464 16.333 16.753 16.786 16.596 16.160 15.495 14.634 13.639 12.566 11.389 9.985 8.111 5.824 3.696 2.151 1.139 0.574 0.299 0.163 0.091 0.053 0.034 0.025 0.020 0.017 0.015 0.013 0.012 0.011 0.011 0.010 0.009 0.009 0.008 0.007 0.006 0.005 0.004 0.003 0.002 0.002 0.001 0.001 0.001 0.001 0.001 0.001 0.001 0.002 0.002 0.003 0.004 0.006 0.007 0.009 0.012 0.014 0.017 0.020 0.024 0.027 0.030 0.034 0.038 0.044 0.052 0.062 0.075 0.088 0.102 0.116
7.093 7.949 8.929 10.039 11.211 12.253 13.038 13.462 13.524 13.331 12.770 11.845 10.664 9.448 8.272 7.020 5.575 3.945 2.431 1.326 0.656 0.314 0.163 0.094 0.059 0.038 0.027 0.021 0.017 0.015 0.013 0.012 0.011 0.010 0.010 0.009 0.009 0.008 0.007 0.007 0.006 0.005 0.004 0.003 0.003 0.002 0.001 0.001 0.000 0.000 0.000 0.000 0.000 0.000 0.001 0.001 0.002 0.003 0.004 0.006 0.007 0.010 0.012 0.015 0.018 0.021 0.025 0.029 0.033 0.038 0.045 0.053 0.063 0.075 0.088 0.102 0.115
5.249 5.674 6.132 6.626 7.167 7.711 8.171 8.441 8.486 8.331 7.815 6.906 5.768 4.732 3.846 3.019 2.163 1.317 0.694 0.333 0.162 0.089 0.056 0.039 0.028 0.022 0.018 0.015 0.013 0.012 0.011 0.010 0.009 0.009 0.008 0.008 0.007 0.007 0.006 0.006 0.005 0.005 0.004 0.003 0.002 0.001 0.001 0.000 0.000 0.000 0.000 0.000 0.000 0.000 0.000 0.000 0.001 0.002 0.003 0.004 0.006 0.008 0.010 0.013 0.016 0.019 0.023 0.028 0.032 0.038 0.045 0.053 0.064 0.076 0.089 0.102 0.116
3.489 3.517 3.545 3.580 3.635 3.724 3.826 3.883 3.873 3.783 3.506 2.995 2.308 1.708 1.265 0.906 0.579 0.320 0.163 0.086 0.052 0.036 0.027 0.022 0.018 0.015 0.013 0.012 0.011 0.010 0.009 0.009 0.008 0.008 0.007 0.007 0.006 0.006 0.006 0.005 0.005 0.004 0.004 0.003 0.002 0.001 0.000 0.000 0.000 0.000 0.000 0.000 0.000 0.000 0.000 0.000 0.000 0.001 0.002 0.003 0.004 0.006 0.008 0.011 0.014 0.017 0.021 0.026 0.031 0.037 0.044 0.053 0.063 0.075 0.089 0.104 0.120
1.958 1.777 1.636 1.530 1.447 1.389 1.360 1.335 1.306 1.255 1.141 0.941 0.672 0.461 0.325 0.225 0.143 0.085 0.051 0.035 0.026 0.021 0.018 0.016 0.014 0.012 0.011 0.010 0.009 0.008 0.008 0.007 0.007 0.007 0.006 0.006 0.006 0.005 0.005 0.005 0.004 0.004 0.004 0.003 0.002 0.001 0.001 0.000 0.000 0.000 0.000 0.000 0.000 0.000 0.000 0.000 0.000 0.000 0.001 0.002 0.003 0.004 0.006 0.009 0.012 0.015 0.020 0.024 0.030 0.036 0.043 0.052 0.062 0.074 0.088 0.106 0.127
0.849 0.705 0.615 0.554 0.504 0.461 0.428 0.403 0.380 0.356 0.318 0.259 0.182 0.126 0.092 0.067 0.048 0.034 0.026 0.021 0.018 0.015 0.014 0.012 0.011 0.010 0.009 0.008 0.008 0.007 0.007 0.006 0.006 0.006 0.006 0.005 0.005 0.005 0.005 0.005 0.005 0.005 0.005 0.004 0.003 0.002 0.001 0.000 0.000 0.000 0.000 0.000 0.000 0.000 0.000 0.000 0.000 0.000 0.000 0.001 0.002 0.003 0.005 0.007 0.010 0.013 0.017 0.022 0.028 0.034 0.041 0.048 0.058 0.070 0.086 0.106 0.130
0.315 0.257 0.223 0.200 0.179 0.159 0.143 0.129 0.119 0.109 0.097 0.081 0.061 0.046 0.037 0.030 0.025 0.021 0.018 0.015 0.014 0.012 0.011 0.010 0.009 0.008 0.008 0.007 0.007 0.006 0.006 0.006 0.006 0.006 0.006 0.006 0.006 0.006 0.006 0.006 0.007 0.007 0.006 0.006 0.005 0.003 0.001 0.000 0.000 0.000 0.000 0.000 0.000 0.000 0.000 0.000 0.000 0.000 0.000 0.000 0.001 0.002 0.003 0.005 0.008 0.011 0.014 0.019 0.024 0.030 0.036 0.043 0.052 0.064 0.080 0.103 0.129
0.118 0.098 0.087 0.078 0.071 0.063 0.056 0.051 0.047 0.043 0.040 0.035 0.030 0.025 0.022 0.019 0.017 0.015 0.014 0.012 0.011 0.010 0.009 0.008 0.008 0.007 0.007 0.007 0.006 0.006 0.006 0.006 0.006 0.006 0.007 0.007 0.007 0.008 0.009 0.009 0.010 0.010 0.010 0.009 0.006 0.004 0.002 0.001 0.000 0.000 0.000 0.000 0.000 0.000 0.000 0.000 0.000 0.000 0.000 0.000 0.000 0.001 0.002 0.004 0.005 0.008 0.011 0.015 0.019 0.024 0.029 0.035 0.042 0.053 0.068 0.089 0.116
0.050 0.043 0.039 0.036 0.034 0.031 0.028 0.026 0.025 0.023 0.022 0.021 0.020 0.018 0.016 0.015 0.013 0.012 0.011 0.010 0.009 0.008 0.008 0.007 0.007 0.007 0.007 0.007 0.007 0.007 0.007 0.008 0.008 0.009 0.009 0.010 0.011 0.013 0.015 0.016 0.016 0.016 0.014 0.011 0.007 0.004 0.002 0.001 0.000 0.000 0.000 0.000 0.000 0.000 0.000 0.000 0.000 0.000 0.000 0.000 0.000 0.000 0.001 0.002 0.004 0.006 0.008 0.011 0.014 0.018 0.022 0.026 0.031 0.038 0.048 0.065 0.089
0.025 0.023 0.022 0.021 0.020 0.019 0.018 0.017 0.017 0.016 0.016 0.016 0.015 0.014 0.013 0.012 0.011 0.010 0.009 0.008 0.008 0.007 0.007 0.007 0.007 0.007 0.008 0.008 0.009 0.010 0.011 0.012 0.013 0.015 0.016 0.019 0.022 0.024 0.026 0.027 0.025 0.021 0.017 0.011 0.007 0.004 0.002 0.001 0.000 0.000 0.000 0.000 0.000 0.000 0.000 0.000 0.000 0.000 0.000 0.000 0.000 0.000 0.001 0.001 0.002 0.004 0.006 0.008 0.010 0.013 0.016 0.019 0.022 0.026 0.033 0.042 0.057
0.016 0.015 0.015 0.014 0.014 0.014 0.013 0.013 0.013 0.013 0.012 0.012 0.012 0.012 0.011 0.010 0.009 0.009 0.008 0.007 0.007 0.007 0.007 0.008 0.008 0.009 0.011 0.012 0.014 0.017 0.019 0.022 0.025 0.029 0.032 0.036 0.039 0.041 0.039 0.035 0.029 0.023 0.017 0.011 0.007 0.004 0.002 0.001 0.000 0.000 0.000 0.000 0.000 0.000 0.000 0.000 0.000 0.000 0.000 0.000 0.000 0.000 0.000 0.001 0.001 0.002 0.004 0.005 0.007 0.009 0.011 0.014 0.016 0.019 0.023 0.028 0.036
0.011 0.011 0.011 0.011 0.011 0.011 0.011 0.011 0.010 0.010 0.010 0.010 0.010 0.010 0.009 0.009 0.008 0.007 0.007 0.007 0.007 0.008 0.009 0.010 0.012 0.014 0.018 0.023 0.028 0.033 0.039 0.045 0.050 0.055 0.058 0.059 0.057 0.052 0.045 0.038 0.030 0.023 0.016 0.011 0.007 0.004 0.002 0.001 0.000 0.000 0.000 0.000 0.000 0.000 0.000 0.000 0.000 0.000 0.000 0.000 0.000 0.000 0.000 0.000 0.001 0.001 0.002 0.003 0.005 0.006 0.008 0.010 0.012 0.014 0.017 0.020 0.025
0.008 0.009 0.009 0.009 0.009 0.009 0.009 0.009 0.009 0.009 0.009 0.009 0.009 0.008 0.008 0.008 0.007 0.007 0.007 0.007 0.008 0.010 0.012 0.015 0.020 0.027 0.037 0.048 0.057 0.065 0.072 0.077 0.079 0.079 0.077 0.072 0.065 0.056 0.046 0.037 0.029 0.022 0.015 0.010 0.006 0.003 0.001 0.000 0.000 0.000 0.000 0.000 0.000 0.000 0.000 0.000 0.000 0.000 0.000 0.000 0.000 0.000 0.000 0.000 0.000 0.000 0.001 0.002 0.003 0.004 0.006 0.007 0.009 0.010 0.012 0.015 0.018
0.007 0.007 0.007 0.007 0.008 0.008 0.008 0.008 0.008 0.008 0.008 0.008 0.008 0.007 0.007 0.007 0.007 0.007 0.008 0.009 0.011 0.014 0.020 0.028 0.040 0.056 0.073 0.087 0.095 0.098 0.100 0.098 0.095 0.091 0.084 0.076 0.066 0.056 0.045 0.036 0.027 0.020 0.014 0.009 0.005 0.003 0.001 0.000 0.000 0.000 0.000 0.000 0.000 0.000 0.000 0.000 0.000 0.000 0.000 0.000 0.000 0.000 0.000 0.000 0.000 0.000 0.000 0.001 0.002 0.002 0.004 0.005 0.006 0.007 0.009 0.011 0.013
0.005 0.006 0.006 0.006 0.006 0.006 0.007 0.007 0.007 0.007 0.007 0.007 0.007 0.007 0.007 0.007 0.007 0.008 0.010 0.013 0.018 0.025 0.037 0.055 0.076 0.095 0.107 0.114 0.116 0.115 0.112 0.107 0.100 0.093 0.085 0.076 0.066 0.054 0.043 0.034 0.025 0.018 0.012 0.008 0.004 0.002 0.001 0.000 0.000 0.000 0.000 0.000 0.000 0.000 0.000 0.000 0.000 0.000 0.000 0.000 0.000 0.000 0.000 0.000 0.000 0.000 0.000 0.000 0.001 0.001 0.002 0.003 0.004 0.005 0.006 0.008 0.010
0.004 0.005 0.005 0.005 0.005 0.005 0.006 0.006 0.006 0.006 0.006 0.006 0.006 0.006 0.006 0.007 0.009 0.011 0.015 0.021 0.031 0.045 0.064 0.085 0.104 0.117 0.123 0.124 0.123 0.121 0.116 0.109 0.101 0.092 0.084 0.075 0.064 0.052 0.040 0.030 0.021 0.015 0.010 0.006 0.004 0.002 0.001 0.000 0.000 0.000 0.000 0.000 0.000 0.000 0.000 0.000 0.000 0.000 0.000 0.000 0.000 0.000 0.000 0.000 0.000 0.000 0.000 0.000 0.000 0.000 0.001 0.002 0.002 0.003 0.004 0.006 0.007
0.003 0.004 0.004 0.004 0.004 0.005 0.005 0.005 0.005 0.005 0.005 0.005 0.005 0.006 0.007 0.008 0.011 0.015 0.022 0.033 0.047 0.064 0.084 0.101 0.115 0.123 0.126 0.126 0.125 0.123 0.117 0.109 0.100 0.091 0.081 0.070 0.058 0.045 0.033 0.023 0.016 0.011 0.007 0.004 0.002 0.001 0.000 0.000 0.000 0.000 0.000 0.000 0.000 0.000 0.000 0.000 0.000 0.000 0.000 0.000 0.000 0.000 0.000 0.000 0.000 0.000 0.000 0.000 0.000 0.000 0.000 0.001 0.001 0.002 0.003 0.004 0.005
0.002 0.003 0.003 0.003 0.003 0.004 0.004 0.004 0.004 0.004 0.004 0.005 0.005 0.006 0.007 0.010 0.014 0.020 0.029 0.041 0.057 0.074 0.091 0.105 0.116 0.123 0.126 0.127 0.126 0.123 0.117 0.108 0.096 0.082 0.069 0.057 0.044 0.032 0.022 0.015 0.010 0.007 0.004 0.003 0.001 0.001 0.000 0.000 0.000 0.000 0.000 0.000 0.000 0.000 0.000 0.000 0.000 0.000 0.000 0.000 0.000 0.000 0.000 0.000 0.000 0.000 0.000 0.000 0.000 0.000 0.000 0.000 0.000 0.001 0.001 0.002 0.003
0.001 0.002 0.002 0.002 0.003 0.003 0.003 0.003 0.003 0.004 0.004 0.004 0.005 0.006 0.008 0.010 0.015 0.022 0.032 0.045 0.060 0.077 0.092 0.105 0.115 0.121 0.124 0.125 0.123 0.119 0.111 0.098 0.082 0.064 0.048 0.034 0.024 0.017 0.011 0.008 0.005 0.004 0.002 0.001 0.001 0.000 0.000 0.000 0.000 0.000 0.000 0.000 0.000 0.000 0.000 0.000 0.000 0.000 0.000 0.000 0.000 0.000 0.000 0.000 0.000 0.000 0.000 0.000 0.000 0.000 0.000 0.000 0.000 0.000 0.001 0.001 0.002
0.001 0.001 0.001 0.002 0.002 0.002 0.002 0.003 0.003 0.003 0.003 0.004 0.005 0.006 0.008 0.010 0.015 0.023 0.033 0.046 0.061 0.077 0.090 0.101 0.108 0.111 0.112 0.110 0.106 0.100 0.090 0.075 0.055 0.037 0.024 0.016 0.011 0.007 0.005 0.004 0.002 0.002 0.001 0.000 0.000 0.000 0.000 0.000 0.000 0.000 0.000 0.000 0.000 0.000 0.000 0.000 0.000 0.000 0.000 0.000 0.000 0.000 0.000 0.000 0.000 0.000 0.000 0.000 0.000 0.000 0.000 0.000 0.000 0.000 0.000 0.000 0.001
0.000 0.001 0.001 0.001 0.001 0.001 0.002 0.002 0.002 0.003 0.003 0.004 0.004 0.005 0.007 0.010 0.015 0.022 0.032 0.044 0.059 0.072 0.081 0.086 0.087 0.084 0.079 0.073 0.067 0.060 0.051 0.040 0.027 0.017 0.011 0.007 0.005 0.003 0.002 0.002 0.001 0.001 0.000 0.000 0.000 0.000 0.000 0.000 0.000 0.000 0.000 0.000 0.000 0.000 0.000 0.000 0.000 0.000 0.000 0.000 0.000 0.000 0.000 0.000 0.000 0.000 0.000 0.000 0.000 0.000 0.000 0.000 0.000 0.000 0.000 0.000 0.000
