RESULTS/r.avaflow_results/11_results/11_ascii/11_hflow0007.asc
ncols 506
nrows 317
xllcenter 498237.50
yllcenter 5580050.00
cellsize 12.50
NODATA_value -9999.000
[rows 170 to 203 of 317, columns 77 to 153 of 506]
0.000 0.000 0.000 0.000 0.000 0.000 0.000 0.000 0.000 0.000 0.000 0.000 0.000 0.000 0.000 0.000 0.000 0.000 0.000 0.000 0.000 0.000 0.000 0.000 0.000 0.000 0.000 0.000 0.000 0.000 0.000 0.000 0.000 0.000 0.000 0.000 0.000 0.000 0.000 0.000 0.000 0.001 0.005 0.015 0.039 0.086 0.155 0.240 0.335 0.450 0.633 0.967 1.621 2.941 4.638 5.858 6.845 7.940 9.469 11.851 15.125 19.037 22.061 24.090 25.118 25.367 25.248 25.074 24.851 24.345 23.432 22.235 20.898 19.326 17.270 14.830 12.544
0.000 0.000 0.000 0.000 0.000 0.000 0.000 0.000 0.000 0.000 0.000 0.000 0.000 0.000 0.000 0.000 0.000 0.000 0.000 0.000 0.000 0.000 0.000 0.000 0.000 0.000 0.000 0.000 0.000 0.000 0.000 0.000 0.000 0.000 0.000 0.000 0.000 0.000 0.000 0.000 0.001 0.004 0.013 0.039 0.098 0.200 0.346 0.528 0.734 0.979 1.351 1.993 3.052 4.427 5.692 6.670 7.672 8.901 10.506 12.846 15.988 19.552 21.964 23.424 24.143 24.274 24.111 23.877 23.598 23.228 22.819 22.452 22.147 21.743 21.049 19.955 18.590
0.000 0.000 0.000 0.000 0.000 0.000 0.000 0.000 0.000 0.000 0.000 0.000 0.000 0.000 0.000 0.000 0.000 0.000 0.000 0.000 0.000 0.000 0.000 0.000 0.000 0.000 0.000 0.000 0.000 0.000 0.000 0.000 0.000 0.000 0.000 0.000 0.000 0.000 0.000 0.001 0.003 0.010 0.032 0.092 0.214 0.410 0.687 1.037 1.437 1.895 2.551 3.601 4.700 5.537 6.169 6.806 7.705 9.023 10.701 12.933 15.948 19.266 21.167 22.032 22.433 22.472 22.354 22.235 22.179 22.220 22.382 22.576 22.741 22.874 22.948 22.943 22.993
0.000 0.000 0.000 0.000 0.000 0.000 0.000 0.000 0.000 0.000 0.000 0.000 0.000 0.000 0.000 0.000 0.000 0.000 0.000 0.000 0.000 0.000 0.000 0.000 0.000 0.000 0.000 0.000 0.000 0.000 0.000 0.000 0.000 0.000 0.000 0.000 0.000 0.001 0.001 0.003 0.008 0.024 0.074 0.195 0.416 0.758 1.234 1.838 2.515 3.235 4.239 5.430 6.135 6.401 6.483 6.723 7.364 8.528 10.107 12.135 14.938 18.093 19.903 20.535 20.843 20.951 21.009 21.118 21.293 21.599 22.051 22.474 22.779 23.073 23.477 24.145 25.158
0.000 0.000 0.000 0.000 0.000 0.000 0.000 0.000 0.000 0.000 0.000 0.000 0.000 0.000 0.000 0.000 0.000 0.000 0.000 0.000 0.000 0.000 0.000 0.000 0.000 0.000 0.000 0.000 0.000 0.001 0.001 0.002 0.002 0.002 0.002 0.002 0.002 0.003 0.004 0.007 0.017 0.051 0.151 0.364 0.729 1.278 2.041 2.986 3.949 4.886 5.982 6.937 7.277 7.195 6.750 6.545 6.855 7.744 9.204 10.898 13.162 16.014 18.099 18.933 19.460 19.824 20.088 20.328 20.593 20.947 21.357 21.715 22.031 22.542 23.317 24.379 25.744
0.000 0.000 0.000 0.000 0.000 0.000 0.000 0.000 0.000 0.000 0.000 0.000 0.000 0.000 0.000 0.000 0.000 0.000 0.000 0.000 0.000 0.000 0.000 0.000 0.000 0.000 0.000 0.001 0.001 0.003 0.005 0.006 0.007 0.007 0.007 0.007 0.007 0.007 0.009 0.015 0.033 0.095 0.266 0.612 1.174 2.010 3.161 4.505 5.705 6.720 7.626 8.237 8.335 7.975 7.039 6.305 6.233 6.771 8.115 9.708 11.397 13.526 15.632 16.852 17.660 18.238 18.606 18.835 19.041 19.267 19.525 19.867 20.333 21.128 22.334 23.854 25.449
0.000 0.000 0.000 0.000 0.000 0.000 0.000 0.000 0.000 0.000 0.000 0.000 0.000 0.000 0.000 0.000 0.000 0.000 0.000 0.000 0.000 0.000 0.000 0.000 0.000 0.000 0.001 0.002 0.004 0.007 0.012 0.014 0.016 0.016 0.016 0.015 0.015 0.016 0.018 0.028 0.056 0.154 0.422 0.952 1.791 3.033 4.729 6.483 7.872 8.838 9.374 9.566 9.405 8.733 7.405 6.177 5.738 5.926 6.919 8.450 9.803 11.282 12.847 13.976 14.830 15.380 15.621 15.674 15.694 15.748 15.945 16.446 17.296 18.515 20.097 21.910 23.703
0.000 0.000 0.000 0.000 0.000 0.000 0.000 0.000 0.000 0.000 0.000 0.000 0.000 0.000 0.000 0.000 0.000 0.000 0.000 0.000 0.000 0.000 0.000 0.000 0.001 0.003 0.006 0.009 0.012 0.017 0.024 0.029 0.032 0.032 0.031 0.030 0.030 0.030 0.035 0.048 0.090 0.228 0.618 1.414 2.699 4.592 7.041 9.137 10.578 11.374 11.562 11.318 10.611 9.489 7.892 6.323 5.503 5.405 5.896 7.060 8.188 9.192 10.219 10.753 10.930 10.975 10.819 10.559 10.318 10.212 10.447 11.213 12.566 14.388 16.476 18.610 20.661
0.000 0.000 0.000 0.000 0.000 0.000 0.000 0.000 0.000 0.000 0.000 0.000 0.000 0.000 0.000 0.000 0.000 0.000 0.000 0.000 0.000 0.000 0.000 0.002 0.005 0.013 0.027 0.037 0.042 0.046 0.052 0.058 0.061 0.061 0.060 0.056 0.055 0.056 0.063 0.083 0.143 0.329 0.869 2.040 4.039 6.931 9.842 11.794 12.972 13.527 13.572 13.122 12.014 10.449 8.620 6.740 5.502 5.032 5.052 5.579 6.337 6.936 7.488 7.508 7.050 6.567 6.064 5.628 5.334 5.251 5.516 6.280 7.601 9.444 11.807 14.444 17.023
0.000 0.000 0.000 0.000 0.000 0.000 0.000 0.000 0.000 0.000 0.000 0.000 0.000 0.000 0.000 0.000 0.000 0.000 0.000 0.000 0.000 0.000 0.002 0.007 0.018 0.045 0.104 0.152 0.166 0.163 0.144 0.125 0.118 0.115 0.110 0.103 0.101 0.103 0.113 0.145 0.236 0.496 1.212 2.812 5.495 8.771 11.339 13.002 14.013 14.434 14.373 13.848 12.764 11.213 9.338 7.225 5.609 4.694 4.252 4.050 4.043 4.033 3.985 3.616 2.992 2.433 2.007 1.754 1.644 1.675 1.967 2.688 3.866 5.428 7.380 9.810 12.683
0.000 0.000 0.000 0.000 0.000 0.000 0.000 0.000 0.000 0.000 0.000 0.000 0.000 0.000 0.000 0.000 0.000 0.000 0.000 0.000 0.000 0.002 0.006 0.018 0.049 0.125 0.319 0.541 0.613 0.602 0.507 0.349 0.263 0.227 0.208 0.193 0.189 0.192 0.213 0.273 0.425 0.802 1.709 3.573 6.449 9.337 11.446 12.997 13.978 14.363 14.277 13.780 12.842 11.438 9.563 7.357 5.573 4.338 3.479 2.768 2.141 1.644 1.285 0.982 0.746 0.588 0.492 0.449 0.434 0.438 0.509 0.763 1.374 2.436 3.879 5.668 7.900
0.000 0.000 0.000 0.000 0.000 0.000 0.000 0.000 0.000 0.000 0.000 0.000 0.000 0.000 0.000 0.000 0.000 0.000 0.000 0.000 0.001 0.005 0.016 0.043 0.111 0.285 0.771 1.566 1.884 1.865 1.623 1.113 0.709 0.520 0.436 0.396 0.384 0.391 0.435 0.553 0.813 1.358 2.442 4.385 7.101 9.412 11.096 12.398 13.205 13.473 13.334 12.861 12.117 10.964 9.269 7.180 5.295 3.820 2.681 1.747 1.032 0.581 0.360 0.282 0.267 0.264 0.262 0.259 0.251 0.236 0.231 0.260 0.381 0.712 1.394 2.475 3.955
0.000 0.000 0.000 0.000 0.000 0.000 0.000 0.000 0.000 0.000 0.000 0.000 0.000 0.000 0.000 0.000 0.000 0.000 0.000 0.001 0.004 0.012 0.034 0.088 0.214 0.491 1.132 2.571 3.950 4.313 3.980 3.037 1.949 1.329 1.041 0.914 0.869 0.871 0.940 1.142 1.554 2.304 3.562 5.504 7.815 9.492 10.585 11.275 11.568 11.350 10.599 9.929 9.466 8.848 7.773 6.237 4.540 2.986 1.781 0.939 0.448 0.227 0.169 0.182 0.207 0.218 0.220 0.216 0.203 0.181 0.168 0.164 0.169 0.206 0.331 0.639 1.274
0.000 0.000 0.000 0.000 0.000 0.000 0.000 0.000 0.000 0.000 0.000 0.000 0.000 0.000 0.000 0.000 0.000 0.000 0.001 0.003 0.009 0.026 0.069 0.168 0.369 0.735 1.362 2.642 4.781 6.334 6.741 6.124 4.579 3.202 2.494 2.156 2.006 1.962 2.015 2.259 2.803 3.773 5.324 7.096 8.550 9.467 9.899 9.805 9.067 7.221 5.063 4.016 3.993 4.348 4.419 3.961 2.996 1.772 0.892 0.403 0.185 0.128 0.138 0.173 0.197 0.203 0.202 0.192 0.171 0.146 0.129 0.120 0.116 0.116 0.126 0.164 0.272
0.000 0.000 0.000 0.000 0.000 0.000 0.000 0.000 0.000 0.000 0.000 0.000 0.000 0.000 0.000 0.000 0.000 0.000 0.001 0.006 0.018 0.051 0.131 0.298 0.596 1.058 1.693 2.661 4.601 7.064 8.417 8.680 7.914 6.442 5.253 4.583 4.217 4.021 3.978 4.132 4.688 5.852 7.345 8.354 8.865 9.094 8.816 7.673 5.298 2.836 1.427 0.884 0.839 1.108 1.389 1.444 1.218 0.706 0.323 0.150 0.103 0.108 0.137 0.173 0.189 0.192 0.189 0.174 0.149 0.126 0.108 0.097 0.091 0.089 0.090 0.099 0.118
0.000 0.000 0.000 0.000 0.000 0.000 0.000 0.000 0.000 0.000 0.000 0.000 0.000 0.000 0.000 0.000 0.000 0.001 0.004 0.013 0.037 0.098 0.232 0.488 0.900 1.467 2.140 2.912 4.298 6.860 8.995 9.939 10.103 9.634 8.851 8.154 7.589 7.165 6.943 6.910 7.161 7.828 8.537 8.783 8.686 8.145 6.590 4.253 2.161 1.102 0.593 0.339 0.238 0.220 0.278 0.311 0.303 0.200 0.111 0.085 0.087 0.103 0.139 0.170 0.182 0.183 0.178 0.160 0.134 0.114 0.098 0.086 0.079 0.076 0.077 0.082 0.090
0.000 0.000 0.000 0.000 0.000 0.000 0.000 0.000 0.000 0.000 0.000 0.000 0.000 0.000 0.000 0.000 0.001 0.002 0.009 0.028 0.075 0.181 0.391 0.743 1.253 1.902 2.606 3.289 4.161 6.134 8.769 10.252 10.959 11.329 11.253 10.992 10.604 10.161 9.728 9.342 9.032 8.895 8.817 8.542 7.722 5.749 3.339 1.730 0.977 0.596 0.369 0.229 0.149 0.107 0.090 0.084 0.082 0.076 0.068 0.071 0.080 0.101 0.139 0.165 0.175 0.176 0.169 0.147 0.121 0.104 0.091 0.080 0.073 0.070 0.069 0.072 0.076
0.000 0.000 0.000 0.000 0.000 0.000 0.000 0.000 0.000 0.000 0.000 0.000 0.000 0.000 0.000 0.000 0.001 0.005 0.018 0.054 0.142 0.321 0.630 1.081 1.648 2.324 3.071 3.710 4.310 5.376 7.629 9.773 10.974 11.770 12.161 12.223 12.071 11.716 11.172 10.475 9.713 9.045 8.318 7.031 4.859 2.695 1.499 0.937 0.614 0.410 0.272 0.180 0.122 0.087 0.069 0.061 0.057 0.056 0.055 0.059 0.072 0.099 0.137 0.161 0.169 0.169 0.159 0.136 0.111 0.095 0.085 0.076 0.069 0.065 0.063 0.064 0.066
0.000 0.000 0.000 0.000 0.000 0.000 0.000 0.000 0.000 0.000 0.000 0.000 0.000 0.000 0.000 0.000 0.002 0.010 0.035 0.102 0.256 0.542 0.974 1.503 2.084 2.745 3.522 4.155 4.578 5.015 6.077 8.081 10.131 11.444 12.155 12.342 12.290 11.979 11.376 10.512 9.450 8.135 6.120 3.840 2.153 1.358 0.943 0.654 0.453 0.309 0.210 0.143 0.101 0.074 0.059 0.052 0.049 0.048 0.049 0.052 0.064 0.092 0.134 0.155 0.160 0.158 0.145 0.119 0.098 0.085 0.076 0.070 0.064 0.060 0.058 0.057 0.058
0.000 0.000 0.000 0.000 0.000 0.000 0.000 0.000 0.000 0.000 0.000 0.000 0.000 0.000 0.000 0.001 0.005 0.019 0.063 0.181 0.437 0.877 1.445 1.998 2.543 3.177 3.939 4.523 4.850 5.014 5.258 6.039 7.870 9.813 10.835 11.135 11.104 10.764 10.036 8.914 7.219 5.073 3.061 1.867 1.321 1.000 0.731 0.511 0.351 0.241 0.166 0.116 0.084 0.063 0.051 0.044 0.041 0.041 0.042 0.046 0.057 0.080 0.115 0.134 0.136 0.131 0.115 0.089 0.074 0.067 0.062 0.059 0.056 0.054 0.053 0.053 0.052
0.000 0.000 0.000 0.000 0.000 0.000 0.000 0.000 0.000 0.000 0.000 0.000 0.000 0.000 0.000 0.002 0.009 0.033 0.106 0.296 0.699 1.357 2.029 2.562 3.068 3.687 4.348 4.787 5.004 5.056 5.037 5.114 5.609 6.652 7.187 7.096 6.852 6.427 5.703 4.701 3.589 2.559 1.773 1.300 1.026 0.812 0.600 0.414 0.278 0.188 0.130 0.093 0.068 0.052 0.042 0.037 0.034 0.033 0.033 0.036 0.047 0.068 0.090 0.100 0.104 0.103 0.090 0.069 0.059 0.055 0.052 0.050 0.048 0.048 0.049 0.049 0.049
0.000 0.000 0.000 0.000 0.000 0.000 0.000 0.000 0.000 0.000 0.000 0.000 0.000 0.000 0.001 0.004 0.015 0.053 0.166 0.450 1.036 1.941 2.679 3.204 3.720 4.348 4.816 5.035 5.108 5.047 4.894 4.752 4.639 4.474 3.960 3.413 3.130 2.963 2.786 2.551 2.241 1.805 1.336 1.036 0.855 0.689 0.505 0.341 0.225 0.151 0.105 0.075 0.055 0.042 0.034 0.030 0.028 0.027 0.028 0.030 0.038 0.057 0.076 0.085 0.087 0.085 0.074 0.059 0.051 0.048 0.046 0.044 0.043 0.043 0.044 0.045 0.044
0.000 0.000 0.000 0.000 0.000 0.000 0.000 0.000 0.000 0.000 0.000 0.000 0.000 0.000 0.001 0.006 0.024 0.081 0.244 0.642 1.441 2.569 3.385 3.963 4.504 5.030 5.304 5.347 5.227 4.978 4.673 4.350 3.958 3.358 2.749 2.421 2.290 2.221 2.151 2.030 1.791 1.397 1.043 0.850 0.717 0.585 0.420 0.274 0.177 0.117 0.081 0.057 0.042 0.032 0.026 0.024 0.023 0.023 0.023 0.026 0.033 0.050 0.066 0.073 0.074 0.072 0.063 0.051 0.046 0.043 0.041 0.040 0.040 0.040 0.041 0.040 0.039
0.000 0.000 0.000 0.000 0.000 0.000 0.000 0.000 0.000 0.000 0.000 0.000 0.000 0.000 0.002 0.008 0.033 0.112 0.335 0.866 1.907 3.278 4.219 4.847 5.319 5.620 5.718 5.594 5.268 4.814 4.275 3.642 3.001 2.450 2.175 2.073 2.033 1.991 1.911 1.750 1.466 1.100 0.856 0.725 0.619 0.505 0.357 0.228 0.145 0.094 0.064 0.046 0.033 0.025 0.021 0.019 0.018 0.018 0.019 0.022 0.030 0.045 0.058 0.064 0.064 0.062 0.053 0.044 0.040 0.038 0.037 0.037 0.037 0.037 0.037 0.037 0.036
0.000 0.000 0.000 0.000 0.000 0.000 0.000 0.000 0.000 0.000 0.000 0.000 0.000 0.001 0.002 0.011 0.042 0.145 0.432 1.099 2.367 3.999 5.090 5.670 5.974 6.092 6.030 5.714 5.185 4.501 3.642 2.771 2.174 1.936 1.895 1.892 1.881 1.843 1.740 1.522 1.183 0.886 0.723 0.623 0.534 0.429 0.293 0.181 0.112 0.073 0.050 0.036 0.026 0.020 0.017 0.015 0.015 0.015 0.016 0.019 0.027 0.041 0.052 0.056 0.056 0.054 0.045 0.039 0.036 0.035 0.034 0.034 0.034 0.035 0.035 0.034 0.033
0.000 0.000 0.000 0.000 0.000 0.000 0.000 0.000 0.000 0.000 0.000 0.000 0.000 0.001 0.003 0.013 0.051 0.179 0.532 1.341 2.844 4.660 5.786 6.270 6.415 6.402 6.176 5.680 4.938 3.948 2.803 1.993 1.698 1.686 1.751 1.775 1.765 1.708 1.561 1.286 0.955 0.746 0.633 0.551 0.471 0.375 0.245 0.147 0.090 0.058 0.040 0.029 0.021 0.017 0.014 0.013 0.012 0.013 0.014 0.017 0.024 0.037 0.045 0.048 0.048 0.045 0.038 0.034 0.033 0.032 0.032 0.032 0.032 0.032 0.032 0.032 0.032
0.000 0.000 0.000 0.000 0.000 0.000 0.000 0.000 0.000 0.000 0.000 0.000 0.000 0.001 0.004 0.016 0.064 0.223 0.654 1.619 3.340 5.180 6.208 6.578 6.635 6.523 6.136 5.414 4.328 3.008 1.935 1.476 1.451 1.604 1.689 1.697 1.666 1.559 1.352 1.040 0.773 0.631 0.553 0.491 0.421 0.324 0.202 0.118 0.071 0.046 0.031 0.023 0.017 0.014 0.012 0.011 0.011 0.011 0.012 0.016 0.023 0.033 0.040 0.042 0.042 0.038 0.033 0.031 0.031 0.030 0.031 0.031 0.031 0.031 0.030 0.030 0.030
0.000 0.000 0.000 0.000 0.000 0.000 0.000 0.000 0.000 0.000 0.000 0.000 0.000 0.001 0.005 0.023 0.087 0.291 0.826 1.973 3.830 5.461 6.315 6.630 6.667 6.457 5.824 4.674 3.128 1.883 1.328 1.225 1.355 1.584 1.654 1.645 1.583 1.429 1.154 0.839 0.645 0.550 0.493 0.444 0.382 0.283 0.168 0.097 0.058 0.038 0.027 0.020 0.015 0.012 0.011 0.010 0.010 0.010 0.011 0.015 0.022 0.030 0.035 0.036 0.035 0.032 0.029 0.028 0.028 0.029 0.030 0.030 0.030 0.030 0.030 0.030 0.030
0.000 0.000 0.000 0.000 0.000 0.000 0.000 0.000 0.000 0.000 0.000 0.000 0.000 0.001 0.008 0.035 0.126 0.393 1.047 2.355 4.218 5.565 6.235 6.477 6.454 6.040 4.939 3.238 1.855 1.212 1.049 1.125 1.362 1.545 1.597 1.577 1.484 1.284 0.959 0.677 0.542 0.482 0.443 0.403 0.344 0.245 0.141 0.080 0.048 0.031 0.022 0.017 0.013 0.011 0.009 0.009 0.009 0.009 0.011 0.014 0.021 0.028 0.032 0.032 0.031 0.028 0.026 0.026 0.026 0.027 0.029 0.029 0.030 0.030 0.029 0.030 0.031
0.000 0.000 0.000 0.000 0.000 0.000 0.000 0.000 0.000 0.000 0.000 0.000 0.001 0.003 0.013 0.052 0.181 0.528 1.297 2.703 4.402 5.486 5.954 6.046 5.861 5.073 3.465 1.918 1.164 0.927 0.927 1.095 1.366 1.469 1.484 1.467 1.362 1.116 0.778 0.561 0.469 0.431 0.404 0.371 0.311 0.210 0.117 0.066 0.040 0.027 0.020 0.015 0.012 0.010 0.009 0.008 0.008 0.009 0.010 0.014 0.021 0.027 0.029 0.029 0.027 0.025 0.024 0.024 0.024 0.026 0.028 0.029 0.029 0.030 0.030 0.030 0.032
0.000 0.000 0.000 0.000 0.000 0.000 0.000 0.000 0.000 0.000 0.000 0.000 0.002 0.006 0.022 0.079 0.253 0.688 1.571 3.015 4.437 5.228 5.476 5.418 4.955 3.757 2.168 1.214 0.865 0.806 0.880 1.119 1.348 1.411 1.404 1.349 1.196 0.915 0.619 0.466 0.409 0.386 0.367 0.338 0.278 0.178 0.098 0.055 0.034 0.023 0.017 0.013 0.010 0.009 0.008 0.008 0.008 0.008 0.010 0.014 0.021 0.026 0.027 0.027 0.024 0.022 0.022 0.022 0.023 0.025 0.027 0.028 0.029 0.030 0.030 0.031 0.032
0.000 0.000 0.000 0.000 0.000 0.000 0.000 0.000 0.000 0.000 0.000 0.001 0.004 0.012 0.037 0.117 0.341 0.862 1.855 3.254 4.334 4.826 4.915 4.767 4.055 2.591 1.383 0.874 0.738 0.744 0.868 1.149 1.320 1.352 1.336 1.249 1.048 0.734 0.502 0.399 0.365 0.351 0.336 0.308 0.247 0.150 0.081 0.046 0.029 0.020 0.015 0.012 0.010 0.008 0.007 0.007 0.007 0.008 0.010 0.015 0.021 0.025 0.026 0.025 0.022 0.021 0.020 0.021 0.021 0.023 0.026 0.028 0.028 0.029 0.030 0.030 0.030
0.000 0.000 0.000 0.000 0.000 0.000 0.000 0.000 0.000 0.000 0.001 0.003 0.008 0.022 0.061 0.169 0.442 1.043 2.148 3.410 4.171 4.464 4.475 4.165 3.128 1.692 0.948 0.712 0.671 0.710 0.877 1.149 1.278 1.294 1.267 1.157 0.902 0.588 0.415 0.345 0.323 0.315 0.304 0.277 0.216 0.125 0.067 0.039 0.025 0.018 0.013 0.011 0.009 0.007 0.007 0.007 0.007 0.008 0.010 0.016 0.021 0.024 0.024 0.023 0.020 0.019 0.019 0.019 0.020 0.022 0.024 0.026 0.027 0.028 0.028 0.026 0.021
0.000 0.000 0.000 0.000 0.000 0.000 0.000 0.000 0.000 0.001 0.003 0.007 0.016 0.038 0.095 0.234 0.551 1.229 2.444 3.524 4.016 4.158 4.095 3.554 2.222 1.119 0.723 0.626 0.624 0.693 0.901 1.140 1.231 1.245 1.208 1.052 0.745 0.477 0.356 0.310 0.295 0.289 0.279 0.250 0.186 0.104 0.056 0.032 0.021 0.016 0.012 0.010 0.008 0.007 0.006 0.006 0.006 0.008 0.011 0.017 0.021 0.023 0.023 0.021 0.018 0.018 0.018 0.018 0.019 0.020 0.022 0.023 0.024 0.024 0.021 0.017 0.011
