RESULTS/r.avaflow_results/11_results/11_ascii/11_hflow10017.asc
ncols 506
nrows 317
xllcenter 498237.50
yllcenter 5580050.00
cellsize 12.50
NODATA_value -9999.000
[rows 170 to 203 of 317, columns 77 to 153 of 506]
0.000 0.000 0.000 0.000 0.000 0.000 0.000 0.000 0.000 0.000 0.000 0.000 0.000 0.000 0.000 0.000 0.001 0.001 0.002 0.004 0.007 0.012 0.023 0.044 0.079 0.115 0.139 0.156 0.171 0.185 0.200 0.215 0.233 0.254 0.281 0.319 0.374 0.447 0.506 0.534 0.538 0.525 0.512 0.540 0.650 0.843 1.078 1.317 1.565 1.868 2.294 2.934 3.786 4.538 4.931 5.065 5.127 5.182 5.211 5.185 5.100 4.918 4.627 4.242 3.785 3.278 2.793 2.356 1.969 1.628 1.334 1.086 0.885 0.725 0.598 0.498 0.419
0.000 0.000 0.000 0.000 0.000 0.000 0.000 0.000 0.000 0.000 0.000 0.000 0.000 0.000 0.000 0.001 0.002 0.004 0.007 0.011 0.018 0.029 0.050 0.084 0.132 0.172 0.198 0.219 0.239 0.258 0.278 0.298 0.321 0.349 0.387 0.440 0.513 0.611 0.702 0.757 0.780 0.788 0.816 0.941 1.209 1.585 1.988 2.386 2.813 3.325 3.980 4.741 5.417 5.805 5.942 5.954 5.947 5.925 5.866 5.748 5.559 5.281 4.916 4.473 3.963 3.431 2.944 2.509 2.124 1.790 1.505 1.264 1.063 0.896 0.759 0.646 0.552
0.000 0.000 0.000 0.000 0.000 0.000 0.000 0.000 0.000 0.000 0.000 0.000 0.000 0.000 0.001 0.003 0.006 0.010 0.016 0.024 0.037 0.058 0.092 0.142 0.198 0.241 0.273 0.301 0.328 0.354 0.380 0.407 0.438 0.476 0.526 0.595 0.691 0.815 0.951 1.056 1.132 1.204 1.342 1.646 2.131 2.720 3.293 3.871 4.507 5.179 5.806 6.305 6.613 6.734 6.752 6.725 6.662 6.552 6.386 6.161 5.876 5.517 5.088 4.592 4.050 3.519 3.038 2.611 2.237 1.915 1.641 1.411 1.218 1.058 0.923 0.808 0.708
0.000 0.000 0.000 0.000 0.000 0.000 0.000 0.000 0.000 0.000 0.000 0.000 0.000 0.001 0.003 0.006 0.011 0.019 0.029 0.044 0.066 0.099 0.148 0.212 0.276 0.326 0.369 0.407 0.442 0.477 0.512 0.548 0.588 0.637 0.703 0.792 0.914 1.073 1.262 1.452 1.634 1.841 2.175 2.718 3.458 4.245 4.956 5.620 6.243 6.787 7.202 7.444 7.529 7.537 7.497 7.404 7.258 7.047 6.776 6.452 6.079 5.653 5.170 4.638 4.082 3.560 3.090 2.672 2.309 1.997 1.734 1.513 1.330 1.177 1.048 0.938 0.840
0.000 0.000 0.000 0.000 0.000 0.000 0.000 0.000 0.000 0.000 0.000 0.000 0.001 0.003 0.006 0.011 0.019 0.031 0.047 0.070 0.103 0.149 0.212 0.290 0.368 0.435 0.492 0.542 0.588 0.633 0.679 0.725 0.777 0.840 0.923 1.038 1.194 1.400 1.660 1.966 2.306 2.727 3.333 4.157 5.077 5.889 6.550 7.113 7.589 7.958 8.194 8.286 8.295 8.258 8.148 7.964 7.714 7.398 7.036 6.633 6.191 5.710 5.193 4.642 4.088 3.574 3.109 2.699 2.343 2.039 1.784 1.572 1.397 1.254 1.133 1.029 0.936
0.000 0.000 0.000 0.000 0.000 0.000 0.000 0.000 0.000 0.000 0.000 0.000 0.001 0.004 0.010 0.018 0.030 0.047 0.070 0.102 0.147 0.207 0.284 0.380 0.482 0.571 0.647 0.713 0.772 0.830 0.886 0.944 1.008 1.086 1.190 1.335 1.536 1.808 2.164 2.605 3.123 3.771 4.628 5.614 6.506 7.231 7.793 8.232 8.575 8.805 8.922 8.951 8.938 8.854 8.677 8.397 8.036 7.624 7.185 6.725 6.237 5.721 5.189 4.629 4.081 3.572 3.112 2.705 2.352 2.051 1.801 1.595 1.429 1.293 1.181 1.084 0.996
0.000 0.000 0.000 0.000 0.000 0.000 0.000 0.000 0.000 0.000 0.000 0.000 0.002 0.006 0.012 0.022 0.038 0.061 0.094 0.139 0.197 0.273 0.369 0.488 0.623 0.742 0.842 0.926 1.001 1.071 1.140 1.210 1.285 1.378 1.504 1.685 1.942 2.286 2.721 3.247 3.872 4.672 5.714 6.773 7.615 8.252 8.706 9.039 9.279 9.421 9.475 9.478 9.434 9.305 9.067 8.711 8.246 7.748 7.255 6.758 6.240 5.706 5.154 4.589 4.049 3.549 3.096 2.693 2.344 2.048 1.801 1.598 1.436 1.305 1.198 1.108 1.027
0.000 0.000 0.000 0.000 0.000 0.000 0.000 0.000 0.000 0.000 0.000 0.000 0.002 0.006 0.013 0.025 0.043 0.071 0.113 0.172 0.250 0.350 0.472 0.622 0.797 0.953 1.081 1.188 1.279 1.362 1.443 1.524 1.609 1.714 1.859 2.063 2.343 2.714 3.189 3.772 4.474 5.389 6.569 7.647 8.435 8.973 9.336 9.598 9.767 9.853 9.875 9.860 9.782 9.610 9.322 8.910 8.379 7.811 7.277 6.749 6.213 5.649 5.071 4.506 3.974 3.483 3.040 2.648 2.310 2.024 1.785 1.589 1.431 1.304 1.201 1.114 1.040
0.000 0.000 0.000 0.000 0.000 0.000 0.000 0.000 0.000 0.000 0.000 0.000 0.002 0.006 0.013 0.025 0.045 0.075 0.123 0.194 0.293 0.423 0.585 0.782 1.008 1.209 1.372 1.504 1.614 1.709 1.799 1.888 1.982 2.091 2.229 2.412 2.672 3.043 3.543 4.177 4.951 5.942 7.198 8.262 8.984 9.436 9.737 9.949 10.072 10.122 10.130 10.100 9.992 9.784 9.461 9.010 8.446 7.835 7.261 6.693 6.117 5.519 4.922 4.356 3.830 3.352 2.927 2.554 2.234 1.965 1.741 1.560 1.412 1.293 1.196 1.113 1.042
0.000 0.000 0.000 0.000 0.000 0.000 0.000 0.000 0.000 0.000 0.000 0.000 0.002 0.006 0.013 0.025 0.044 0.075 0.125 0.204 0.320 0.479 0.682 0.932 1.228 1.500 1.714 1.879 2.010 2.118 2.213 2.303 2.392 2.482 2.583 2.715 2.931 3.283 3.789 4.461 5.308 6.362 7.599 8.626 9.299 9.695 9.958 10.137 10.232 10.264 10.262 10.216 10.089 9.859 9.512 9.038 8.458 7.824 7.195 6.561 5.923 5.289 4.679 4.115 3.602 3.143 2.743 2.397 2.105 1.862 1.662 1.501 1.372 1.267 1.180 1.105 1.039
0.000 0.000 0.000 0.000 0.000 0.000 0.000 0.000 0.000 0.000 0.000 0.000 0.002 0.005 0.012 0.023 0.041 0.071 0.121 0.202 0.328 0.509 0.750 1.051 1.412 1.758 2.035 2.247 2.407 2.530 2.626 2.705 2.774 2.839 2.908 2.990 3.144 3.454 3.943 4.630 5.538 6.654 7.821 8.783 9.448 9.817 10.053 10.211 10.292 10.314 10.304 10.248 10.114 9.875 9.516 9.030 8.431 7.763 7.057 6.332 5.621 4.952 4.331 3.772 3.275 2.844 2.477 2.169 1.915 1.708 1.541 1.409 1.304 1.219 1.147 1.084 1.026
0.000 0.000 0.000 0.000 0.000 0.000 0.000 0.000 0.000 0.000 0.000 0.000 0.001 0.003 0.008 0.017 0.031 0.057 0.102 0.181 0.312 0.510 0.787 1.137 1.554 1.962 2.292 2.547 2.736 2.873 2.973 3.046 3.104 3.158 3.206 3.253 3.347 3.590 4.036 4.714 5.654 6.828 7.926 8.808 9.469 9.849 10.074 10.215 10.294 10.315 10.305 10.241 10.102 9.853 9.477 8.967 8.333 7.607 6.814 5.995 5.220 4.513 3.879 3.323 2.847 2.449 2.123 1.863 1.658 1.499 1.375 1.278 1.203 1.143 1.090 1.042 0.996
0.000 0.000 0.000 0.000 0.000 0.000 0.000 0.000 0.000 0.000 0.000 0.000 0.000 0.001 0.004 0.008 0.016 0.031 0.063 0.129 0.257 0.476 0.790 1.189 1.655 2.109 2.483 2.775 2.992 3.144 3.250 3.325 3.381 3.431 3.474 3.507 3.558 3.725 4.110 4.753 5.687 6.891 7.967 8.801 9.441 9.838 10.059 10.188 10.255 10.270 10.257 10.184 10.031 9.755 9.352 8.805 8.128 7.335 6.452 5.550 4.723 3.980 3.333 2.787 2.339 1.981 1.702 1.493 1.342 1.237 1.163 1.110 1.068 1.034 1.003 0.974 0.944
0.000 0.000 0.000 0.000 0.000 0.000 0.000 0.000 0.000 0.000 0.000 0.000 0.000 0.000 0.001 0.003 0.006 0.012 0.027 0.066 0.170 0.391 0.747 1.205 1.715 2.201 2.612 2.936 3.178 3.347 3.462 3.543 3.603 3.653 3.699 3.738 3.776 3.880 4.187 4.772 5.670 6.879 7.959 8.747 9.341 9.741 9.971 10.087 10.131 10.134 10.108 10.017 9.830 9.522 9.086 8.503 7.780 6.928 5.966 5.004 4.144 3.399 2.784 2.286 1.888 1.577 1.339 1.165 1.045 0.969 0.928 0.909 0.899 0.892 0.887 0.879 0.868
0.000 0.000 0.000 0.000 0.000 0.000 0.000 0.000 0.000 0.000 0.000 0.000 0.000 0.000 0.000 0.001 0.002 0.004 0.010 0.030 0.096 0.284 0.652 1.172 1.734 2.242 2.687 3.042 3.308 3.495 3.621 3.709 3.774 3.827 3.875 3.924 3.975 4.058 4.284 4.783 5.614 6.792 7.869 8.617 9.153 9.530 9.758 9.863 9.885 9.876 9.821 9.682 9.445 9.105 8.628 8.017 7.270 6.386 5.373 4.390 3.552 2.866 2.312 1.871 1.523 1.254 1.052 0.905 0.807 0.747 0.719 0.710 0.713 0.725 0.745 0.761 0.769
0.000 0.000 0.000 0.000 0.000 0.000 0.000 0.000 0.000 0.000 0.000 0.000 0.000 0.000 0.000 0.000 0.001 0.001 0.004 0.015 0.054 0.191 0.525 1.072 1.710 2.246 2.716 3.106 3.398 3.604 3.742 3.835 3.904 3.957 4.006 4.058 4.118 4.209 4.402 4.812 5.518 6.579 7.623 8.347 8.845 9.185 9.379 9.469 9.477 9.442 9.340 9.130 8.807 8.399 7.907 7.311 6.590 5.722 4.712 3.776 3.009 2.396 1.909 1.525 1.226 0.997 0.826 0.703 0.620 0.570 0.545 0.538 0.540 0.556 0.589 0.625 0.650
0.000 0.000 0.000 0.000 0.000 0.000 0.000 0.000 0.000 0.000 0.000 0.000 0.000 0.000 0.000 0.000 0.000 0.001 0.002 0.008 0.031 0.120 0.386 0.901 1.602 2.217 2.716 3.137 3.462 3.688 3.837 3.934 4.002 4.051 4.093 4.140 4.195 4.287 4.465 4.815 5.401 6.280 7.225 7.910 8.371 8.659 8.804 8.858 8.852 8.796 8.632 8.318 7.845 7.324 6.846 6.330 5.716 4.951 4.025 3.178 2.506 1.977 1.561 1.235 0.983 0.791 0.648 0.545 0.474 0.429 0.402 0.390 0.388 0.398 0.426 0.467 0.491
0.000 0.000 0.000 0.000 0.000 0.000 0.000 0.000 0.000 0.000 0.000 0.000 0.000 0.000 0.000 0.000 0.000 0.001 0.001 0.004 0.018 0.071 0.251 0.679 1.376 2.115 2.683 3.146 3.507 3.761 3.922 4.018 4.079 4.118 4.147 4.177 4.219 4.304 4.471 4.767 5.238 5.926 6.715 7.311 7.703 7.929 8.015 8.035 8.004 7.908 7.670 7.240 6.578 5.922 5.455 5.042 4.597 4.042 3.309 2.588 2.030 1.597 1.257 0.988 0.778 0.620 0.503 0.418 0.358 0.316 0.287 0.268 0.257 0.253 0.260 0.273 0.274
0.000 0.000 0.000 0.000 0.000 0.000 0.000 0.000 0.000 0.000 0.000 0.000 0.000 0.000 0.000 0.000 0.000 0.000 0.001 0.002 0.010 0.039 0.144 0.446 1.053 1.879 2.587 3.125 3.542 3.833 4.006 4.100 4.147 4.171 4.178 4.187 4.213 4.285 4.421 4.646 4.994 5.502 6.099 6.552 6.836 6.980 7.015 7.007 6.946 6.789 6.479 5.981 5.281 4.591 4.110 3.742 3.392 3.012 2.527 2.001 1.575 1.241 0.978 0.765 0.596 0.469 0.377 0.310 0.261 0.223 0.193 0.169 0.151 0.138 0.131 0.126 0.118
0.000 0.000 0.000 0.000 0.000 0.000 0.000 0.000 0.000 0.000 0.000 0.000 0.000 0.000 0.000 0.000 0.000 0.000 0.001 0.001 0.005 0.020 0.074 0.254 0.702 1.482 2.369 3.056 3.562 3.906 4.100 4.187 4.214 4.217 4.192 4.171 4.172 4.208 4.287 4.431 4.654 4.987 5.368 5.636 5.779 5.827 5.826 5.786 5.700 5.523 5.229 4.803 4.229 3.593 3.101 2.739 2.427 2.122 1.789 1.441 1.142 0.899 0.704 0.547 0.423 0.329 0.261 0.212 0.175 0.143 0.117 0.094 0.077 0.064 0.055 0.048 0.042
0.000 0.000 0.000 0.000 0.000 0.000 0.000 0.000 0.000 0.000 0.000 0.000 0.000 0.000 0.000 0.000 0.000 0.000 0.000 0.001 0.002 0.009 0.035 0.126 0.398 1.003 1.939 2.856 3.518 3.955 4.194 4.279 4.283 4.253 4.182 4.108 4.060 4.041 4.047 4.099 4.199 4.359 4.519 4.611 4.649 4.658 4.648 4.607 4.526 4.382 4.149 3.814 3.368 2.842 2.385 2.022 1.723 1.457 1.205 0.969 0.765 0.595 0.457 0.349 0.265 0.203 0.159 0.127 0.102 0.080 0.061 0.046 0.034 0.026 0.021 0.018 0.015
0.000 0.000 0.000 0.000 0.000 0.000 0.000 0.000 0.000 0.000 0.000 0.000 0.000 0.000 0.000 0.000 0.000 0.000 0.000 0.001 0.001 0.004 0.016 0.057 0.194 0.561 1.317 2.380 3.313 3.916 4.235 4.342 4.336 4.267 4.141 3.984 3.854 3.760 3.683 3.636 3.618 3.621 3.634 3.650 3.660 3.660 3.644 3.609 3.542 3.428 3.249 2.992 2.653 2.243 1.854 1.526 1.246 1.008 0.803 0.628 0.483 0.364 0.269 0.197 0.145 0.108 0.083 0.065 0.050 0.038 0.028 0.020 0.015 0.011 0.009 0.008 0.006
0.000 0.000 0.000 0.000 0.000 0.000 0.000 0.000 0.000 0.000 0.000 0.000 0.000 0.000 0.000 0.000 0.000 0.000 0.000 0.000 0.001 0.003 0.009 0.030 0.093 0.275 0.726 1.627 2.792 3.671 4.158 4.341 4.345 4.238 4.038 3.783 3.551 3.358 3.187 3.040 2.923 2.853 2.828 2.823 2.822 2.820 2.807 2.780 2.731 2.647 2.513 2.320 2.063 1.747 1.432 1.162 0.925 0.722 0.551 0.410 0.297 0.210 0.145 0.099 0.069 0.050 0.038 0.029 0.022 0.017 0.012 0.009 0.007 0.005 0.004 0.004 0.003
0.000 0.000 0.000 0.000 0.000 0.000 0.000 0.000 0.000 0.000 0.000 0.000 0.000 0.000 0.000 0.000 0.000 0.000 0.000 0.000 0.001 0.003 0.009 0.025 0.065 0.158 0.385 0.921 1.945 3.093 3.823 4.160 4.215 4.102 3.835 3.484 3.139 2.841 2.582 2.382 2.250 2.172 2.139 2.129 2.126 2.125 2.119 2.104 2.072 2.014 1.919 1.777 1.582 1.336 1.087 0.873 0.686 0.523 0.384 0.270 0.182 0.118 0.074 0.047 0.032 0.022 0.017 0.013 0.010 0.008 0.006 0.004 0.004 0.003 0.002 0.002 0.002
0.000 0.000 0.000 0.000 0.000 0.000 0.000 0.000 0.000 0.000 0.000 0.000 0.000 0.000 0.000 0.000 0.000 0.000 0.000 0.001 0.002 0.005 0.013 0.032 0.073 0.149 0.268 0.517 1.110 2.158 3.144 3.666 3.807 3.732 3.465 3.060 2.623 2.264 1.995 1.809 1.686 1.610 1.572 1.560 1.559 1.561 1.561 1.557 1.541 1.505 1.439 1.334 1.186 0.995 0.799 0.634 0.490 0.364 0.255 0.169 0.106 0.063 0.037 0.023 0.015 0.010 0.008 0.006 0.005 0.004 0.003 0.002 0.002 0.002 0.001 0.001 0.001
0.000 0.000 0.000 0.000 0.000 0.000 0.000 0.000 0.000 0.000 0.000 0.000 0.000 0.000 0.000 0.000 0.000 0.000 0.000 0.001 0.003 0.010 0.026 0.061 0.125 0.196 0.261 0.347 0.590 1.190 2.109 2.815 3.072 3.052 2.855 2.486 2.051 1.726 1.502 1.345 1.237 1.166 1.125 1.107 1.105 1.109 1.115 1.116 1.111 1.090 1.044 0.968 0.855 0.706 0.554 0.428 0.320 0.228 0.152 0.095 0.056 0.031 0.017 0.010 0.007 0.005 0.004 0.003 0.002 0.002 0.002 0.001 0.001 0.001 0.001 0.001 0.001
0.000 0.000 0.000 0.000 0.000 0.000 0.000 0.000 0.000 0.000 0.000 0.000 0.000 0.000 0.000 0.000 0.000 0.000 0.001 0.002 0.007 0.020 0.054 0.126 0.211 0.258 0.277 0.288 0.338 0.570 1.117 1.756 2.076 2.124 2.035 1.813 1.515 1.276 1.105 0.980 0.891 0.827 0.785 0.760 0.751 0.752 0.756 0.757 0.754 0.739 0.706 0.649 0.565 0.454 0.342 0.252 0.179 0.120 0.076 0.045 0.025 0.013 0.007 0.004 0.003 0.002 0.002 0.001 0.001 0.001 0.001 0.001 0.001 0.001 0.001 0.001 0.001
0.000 0.000 0.000 0.000 0.000 0.000 0.000 0.000 0.000 0.000 0.000 0.000 0.000 0.000 0.000 0.000 0.000 0.001 0.002 0.005 0.015 0.040 0.104 0.198 0.259 0.276 0.276 0.254 0.226 0.272 0.511 0.958 1.269 1.357 1.339 1.243 1.082 0.920 0.797 0.704 0.633 0.578 0.536 0.507 0.489 0.480 0.475 0.470 0.461 0.445 0.418 0.378 0.321 0.247 0.177 0.123 0.082 0.051 0.030 0.017 0.009 0.005 0.003 0.002 0.001 0.001 0.001 0.001 0.001 0.001 0.001 0.001 0.001 0.001 0.001 0.001 0.001
0.000 0.000 0.000 0.000 0.000 0.000 0.000 0.000 0.000 0.000 0.000 0.000 0.000 0.000 0.000 0.000 0.001 0.002 0.004 0.010 0.028 0.072 0.160 0.239 0.270 0.275 0.263 0.208 0.146 0.141 0.230 0.479 0.729 0.832 0.844 0.815 0.743 0.649 0.566 0.499 0.446 0.400 0.362 0.330 0.306 0.289 0.276 0.263 0.249 0.232 0.211 0.184 0.148 0.107 0.073 0.048 0.029 0.017 0.010 0.006 0.003 0.002 0.001 0.001 0.001 0.001 0.001 0.001 0.001 0.001 0.001 0.001 0.001 0.001 0.001 0.001 0.001
0.000 0.000 0.000 0.000 0.000 0.000 0.000 0.000 0.000 0.000 0.000 0.000 0.000 0.000 0.001 0.001 0.002 0.004 0.008 0.020 0.050 0.117 0.204 0.252 0.266 0.264 0.229 0.141 0.079 0.071 0.106 0.228 0.395 0.483 0.509 0.508 0.485 0.441 0.392 0.348 0.310 0.275 0.242 0.212 0.186 0.165 0.148 0.132 0.118 0.104 0.089 0.072 0.054 0.037 0.024 0.015 0.009 0.005 0.003 0.002 0.001 0.001 0.001 0.000 0.000 0.000 0.001 0.001 0.001 0.001 0.001 0.001 0.001 0.001 0.000 0.000 0.000
0.000 0.000 0.000 0.000 0.000 0.000 0.000 0.000 0.000 0.000 0.000 0.000 0.001 0.001 0.002 0.003 0.004 0.008 0.017 0.036 0.081 0.161 0.223 0.248 0.253 0.234 0.167 0.079 0.040 0.034 0.048 0.104 0.200 0.262 0.288 0.295 0.292 0.278 0.256 0.232 0.208 0.184 0.159 0.134 0.110 0.091 0.075 0.062 0.052 0.042 0.033 0.025 0.017 0.011 0.007 0.004 0.003 0.002 0.001 0.001 0.000 0.000 0.000 0.000 0.000 0.000 0.001 0.001 0.001 0.001 0.001 0.001 0.001 0.000 0.000 0.000 0.000
0.000 0.000 0.000 0.000 0.000 0.000 0.000 0.000 0.000 0.000 0.000 0.001 0.001 0.002 0.004 0.006 0.010 0.017 0.030 0.059 0.114 0.186 0.225 0.236 0.229 0.184 0.102 0.042 0.020 0.016 0.022 0.046 0.093 0.131 0.149 0.156 0.158 0.156 0.150 0.140 0.128 0.115 0.099 0.081 0.063 0.049 0.037 0.029 0.022 0.017 0.012 0.008 0.005 0.003 0.002 0.001 0.001 0.001 0.000 0.000 0.000 0.000 0.000 0.001 0.000 0.000 0.001 0.001 0.001 0.001 0.001 0.001 0.001 0.000 0.000 0.000 0.000
0.000 0.000 0.000 0.000 0.000 0.000 0.000 0.000 0.000 0.001 0.001 0.002 0.003 0.005 0.008 0.012 0.018 0.028 0.047 0.082 0.143 0.195 0.215 0.216 0.193 0.128 0.057 0.024 0.011 0.008 0.009 0.019 0.040 0.059 0.069 0.074 0.076 0.076 0.075 0.073 0.068 0.063 0.056 0.046 0.034 0.025 0.018 0.013 0.009 0.006 0.004 0.003 0.002 0.001 0.001 0.000 0.000 0.000 0.000 0.000 0.000 0.000 0.000 0.000 0.000 0.000 0.001 0.001 0.001 0.001 0.000 0.001 0.000 0.000 0.000 0.000 0.000
0.000 0.000 0.000 0.000 0.000 0.000 0.001 0.001 0.002 0.002 0.003 0.005 0.007 0.010 0.013 0.018 0.025 0.038 0.062 0.107 0.163 0.193 0.201 0.193 0.151 0.079 0.034 0.014 0.006 0.004 0.004 0.007 0.016 0.025 0.029 0.031 0.031 0.032 0.032 0.031 0.030 0.029 0.027 0.023 0.017 0.012 0.008 0.006 0.004 0.002 0.001 0.001 0.001 0.001 0.000 0.000 0.000 0.000 0.000 0.000 0.000 0.000 0.000 0.000 0.000 0.000 0.001 0.001 0.001 0.000 0.000 0.000 0.000 0.000 0.000 0.000 0.000
