RESULTS/r.avaflow_results/11_results/11_ascii/11_hflow30050.asc
ncols 506
nrows 317
xllcenter 498237.50
yllcenter 5580050.00
cellsize 12.50
NODATA_value -9999.000
[rows 170 to 203 of 317, columns 154 to 230 of 506]
8.753 8.609 8.467 8.303 8.110 7.898 7.691 7.497 7.319 7.156 7.006 6.858 6.695 6.467 6.103 5.569 4.886 4.110 3.329 2.605 1.956 1.405 0.978 0.682 0.499 0.394 0.342 0.325 0.326 0.343 0.384 0.426 0.453 0.470 0.484 0.500 0.525 0.547 0.554 0.551 0.536 0.515 0.498 0.482 0.462 0.432 0.387 0.332 0.281 0.234 0.192 0.158 0.134 0.117 0.107 0.103 0.103 0.106 0.111 0.117 0.122 0.124 0.125 0.125 0.126 0.127 0.133 0.152 0.197 0.284 0.374 0.418 0.425 0.405 0.343 0.251 0.169
11.620 11.827 11.929 11.943 11.898 11.776 11.578 11.332 11.071 10.818 10.578 10.344 10.104 9.813 9.380 8.731 7.863 6.823 5.690 4.576 3.536 2.610 1.844 1.276 0.900 0.672 0.544 0.485 0.470 0.482 0.510 0.533 0.541 0.541 0.538 0.540 0.548 0.556 0.557 0.547 0.524 0.494 0.468 0.443 0.412 0.367 0.300 0.226 0.166 0.127 0.103 0.087 0.078 0.072 0.070 0.071 0.075 0.081 0.087 0.091 0.093 0.093 0.093 0.091 0.091 0.092 0.097 0.111 0.144 0.210 0.306 0.379 0.409 0.413 0.395 0.345 0.263
14.839 15.451 15.744 15.805 15.763 15.613 15.366 15.069 14.762 14.459 14.164 13.882 13.601 13.290 12.862 12.203 11.260 10.061 8.690 7.258 5.848 4.508 3.315 2.347 1.642 1.169 0.872 0.705 0.623 0.588 0.574 0.567 0.561 0.552 0.541 0.535 0.533 0.531 0.523 0.499 0.458 0.411 0.371 0.331 0.286 0.229 0.166 0.116 0.086 0.068 0.058 0.052 0.049 0.048 0.049 0.051 0.056 0.064 0.069 0.072 0.072 0.072 0.070 0.069 0.069 0.069 0.073 0.083 0.106 0.150 0.229 0.325 0.388 0.411 0.414 0.398 0.351
17.189 18.151 18.660 18.822 18.814 18.706 18.508 18.269 18.003 17.713 17.401 17.088 16.782 16.457 16.041 15.411 14.499 13.323 11.952 10.442 8.835 7.174 5.523 4.058 2.886 2.014 1.411 1.026 0.795 0.663 0.595 0.563 0.545 0.527 0.506 0.487 0.471 0.454 0.429 0.383 0.317 0.258 0.213 0.177 0.144 0.110 0.081 0.060 0.048 0.041 0.037 0.035 0.034 0.034 0.035 0.038 0.044 0.050 0.055 0.057 0.057 0.056 0.055 0.054 0.054 0.055 0.058 0.065 0.079 0.107 0.157 0.247 0.346 0.400 0.416 0.414 0.394
18.441 19.645 20.406 20.804 20.983 21.047 21.021 20.935 20.788 20.568 20.267 19.916 19.571 19.220 18.803 18.198 17.328 16.196 14.856 13.370 11.761 10.020 8.121 6.163 4.436 3.055 2.039 1.358 0.943 0.707 0.586 0.525 0.485 0.451 0.416 0.380 0.347 0.314 0.274 0.222 0.169 0.132 0.106 0.087 0.071 0.056 0.044 0.035 0.030 0.027 0.026 0.025 0.025 0.026 0.027 0.030 0.034 0.040 0.044 0.045 0.046 0.045 0.045 0.045 0.045 0.046 0.049 0.054 0.063 0.080 0.111 0.170 0.273 0.365 0.405 0.412 0.404
18.747 20.062 21.036 21.722 22.205 22.538 22.747 22.833 22.814 22.689 22.416 22.014 21.620 21.250 20.839 20.282 19.499 18.465 17.180 15.674 13.980 12.106 10.018 7.682 5.504 3.737 2.423 1.546 1.017 0.719 0.553 0.452 0.379 0.320 0.268 0.228 0.199 0.174 0.148 0.117 0.089 0.070 0.057 0.047 0.039 0.032 0.027 0.024 0.021 0.020 0.020 0.020 0.020 0.021 0.022 0.024 0.027 0.032 0.035 0.037 0.038 0.038 0.038 0.039 0.040 0.041 0.043 0.047 0.053 0.064 0.083 0.121 0.193 0.296 0.368 0.394 0.396
18.567 19.937 21.029 21.887 22.597 23.169 23.563 23.768 23.827 23.774 23.532 23.084 22.653 22.297 21.915 21.411 20.720 19.800 18.603 17.102 15.321 13.298 11.023 8.443 5.987 4.010 2.556 1.598 1.028 0.695 0.491 0.354 0.258 0.191 0.148 0.122 0.106 0.093 0.080 0.064 0.050 0.041 0.034 0.029 0.025 0.021 0.019 0.017 0.016 0.016 0.016 0.016 0.016 0.017 0.018 0.019 0.022 0.025 0.028 0.031 0.032 0.033 0.034 0.035 0.036 0.038 0.040 0.043 0.047 0.054 0.068 0.092 0.136 0.213 0.300 0.352 0.372
17.917 19.397 20.663 21.708 22.563 23.227 23.668 23.901 23.985 23.959 23.736 23.269 22.823 22.491 22.134 21.656 21.009 20.159 19.040 17.575 15.760 13.644 11.259 8.573 6.033 4.000 2.519 1.553 0.973 0.620 0.396 0.251 0.162 0.110 0.082 0.067 0.058 0.052 0.045 0.037 0.031 0.026 0.023 0.020 0.017 0.015 0.014 0.013 0.013 0.013 0.013 0.013 0.013 0.014 0.014 0.016 0.017 0.020 0.023 0.025 0.028 0.029 0.031 0.032 0.034 0.036 0.038 0.040 0.044 0.049 0.058 0.075 0.103 0.149 0.218 0.284 0.327
16.851 18.462 19.902 21.143 22.149 22.879 23.323 23.537 23.603 23.571 23.356 22.914 22.457 22.101 21.723 21.234 20.605 19.805 18.748 17.330 15.525 13.377 10.917 8.170 5.665 3.678 2.252 1.340 0.796 0.468 0.267 0.153 0.094 0.063 0.047 0.039 0.035 0.031 0.027 0.024 0.021 0.018 0.016 0.014 0.013 0.012 0.011 0.010 0.010 0.010 0.010 0.010 0.010 0.011 0.011 0.012 0.014 0.016 0.018 0.021 0.023 0.026 0.028 0.030 0.032 0.034 0.036 0.038 0.041 0.046 0.053 0.064 0.082 0.112 0.156 0.211 0.263
15.500 17.207 18.748 20.091 21.177 21.951 22.406 22.590 22.604 22.508 22.280 21.936 21.509 21.042 20.525 19.955 19.309 18.540 17.542 16.171 14.364 12.157 9.613 6.953 4.658 2.890 1.660 0.903 0.485 0.259 0.142 0.084 0.054 0.038 0.030 0.025 0.023 0.021 0.019 0.017 0.015 0.014 0.012 0.011 0.010 0.009 0.008 0.008 0.008 0.008 0.008 0.008 0.008 0.008 0.009 0.010 0.011 0.013 0.015 0.017 0.020 0.023 0.025 0.028 0.030 0.032 0.034 0.037 0.039 0.043 0.049 0.058 0.071 0.091 0.120 0.159 0.202
13.893 15.605 17.158 18.528 19.664 20.508 21.016 21.192 21.150 20.965 20.750 20.546 20.189 19.574 18.826 18.115 17.397 16.584 15.527 14.064 12.127 9.759 7.194 4.843 2.993 1.683 0.865 0.427 0.217 0.117 0.069 0.045 0.032 0.025 0.021 0.018 0.016 0.015 0.014 0.013 0.012 0.011 0.009 0.008 0.007 0.006 0.006 0.005 0.005 0.005 0.005 0.005 0.005 0.006 0.006 0.007 0.008 0.010 0.012 0.014 0.016 0.019 0.022 0.025 0.028 0.030 0.033 0.035 0.038 0.041 0.046 0.054 0.065 0.081 0.102 0.129 0.161
12.020 13.632 15.162 16.580 17.836 18.833 19.473 19.721 19.701 19.535 19.336 19.134 18.741 18.009 17.087 16.224 15.362 14.352 12.998 11.173 8.815 6.283 4.088 2.485 1.409 0.738 0.357 0.172 0.091 0.054 0.037 0.027 0.021 0.018 0.015 0.014 0.013 0.012 0.011 0.010 0.009 0.008 0.007 0.006 0.005 0.005 0.004 0.004 0.003 0.003 0.003 0.003 0.003 0.004 0.004 0.005 0.006 0.008 0.009 0.011 0.013 0.016 0.019 0.022 0.025 0.028 0.031 0.033 0.036 0.040 0.045 0.052 0.063 0.077 0.094 0.114 0.138
9.971 11.419 12.916 14.415 15.839 17.033 17.851 18.225 18.261 18.134 17.902 17.573 17.022 16.190 15.203 14.204 13.130 11.755 9.865 7.449 5.022 3.101 1.783 0.978 0.519 0.266 0.132 0.070 0.042 0.029 0.023 0.018 0.016 0.014 0.012 0.011 0.010 0.010 0.009 0.008 0.008 0.007 0.006 0.005 0.004 0.003 0.002 0.002 0.002 0.002 0.002 0.002 0.002 0.002 0.003 0.003 0.004 0.006 0.007 0.009 0.011 0.013 0.016 0.019 0.023 0.026 0.029 0.032 0.035 0.039 0.044 0.052 0.063 0.076 0.090 0.107 0.125
8.027 9.241 10.579 12.049 13.544 14.840 15.777 16.266 16.366 16.246 15.874 15.266 14.457 13.509 12.480 11.346 9.986 8.146 5.863 3.723 2.173 1.153 0.583 0.304 0.166 0.092 0.053 0.033 0.024 0.019 0.016 0.014 0.012 0.011 0.010 0.009 0.009 0.008 0.008 0.007 0.006 0.005 0.004 0.003 0.003 0.002 0.001 0.001 0.001 0.001 0.001 0.001 0.001 0.001 0.001 0.002 0.003 0.004 0.005 0.007 0.009 0.011 0.013 0.016 0.020 0.023 0.026 0.030 0.034 0.038 0.044 0.052 0.063 0.076 0.090 0.104 0.120
6.165 7.088 8.134 9.305 10.542 11.653 12.509 13.001 13.130 13.007 12.513 11.649 10.522 9.354 8.217 7.002 5.582 3.963 2.447 1.338 0.663 0.317 0.164 0.095 0.058 0.038 0.026 0.020 0.016 0.014 0.012 0.011 0.010 0.009 0.009 0.008 0.007 0.007 0.006 0.006 0.005 0.004 0.003 0.002 0.002 0.001 0.001 0.000 0.000 0.000 0.000 0.000 0.000 0.000 0.001 0.001 0.002 0.003 0.004 0.005 0.007 0.009 0.011 0.014 0.017 0.020 0.024 0.028 0.033 0.038 0.044 0.053 0.064 0.076 0.090 0.104 0.118
4.327 4.827 5.371 5.951 6.571 7.190 7.721 8.057 8.162 8.069 7.618 6.760 5.663 4.664 3.809 3.005 2.165 1.323 0.698 0.335 0.163 0.089 0.055 0.038 0.028 0.021 0.017 0.014 0.012 0.011 0.010 0.009 0.008 0.008 0.007 0.007 0.006 0.006 0.005 0.005 0.004 0.003 0.003 0.002 0.001 0.001 0.000 0.000 0.000 0.000 0.000 0.000 0.000 0.000 0.000 0.000 0.001 0.002 0.003 0.004 0.005 0.007 0.009 0.012 0.015 0.018 0.022 0.027 0.032 0.037 0.044 0.053 0.064 0.076 0.090 0.104 0.119
2.639 2.772 2.917 3.066 3.216 3.382 3.544 3.649 3.680 3.631 3.398 2.925 2.264 1.683 1.253 0.902 0.579 0.320 0.163 0.086 0.052 0.035 0.027 0.021 0.017 0.014 0.012 0.011 0.010 0.009 0.008 0.007 0.007 0.007 0.006 0.006 0.005 0.005 0.004 0.004 0.003 0.003 0.002 0.001 0.001 0.000 0.000 0.000 0.000 0.000 0.000 0.000 0.000 0.000 0.000 0.000 0.000 0.001 0.002 0.003 0.004 0.006 0.008 0.010 0.013 0.016 0.020 0.025 0.030 0.036 0.044 0.053 0.064 0.076 0.090 0.105 0.122
1.348 1.311 1.294 1.281 1.264 1.251 1.252 1.248 1.236 1.202 1.105 0.919 0.658 0.453 0.321 0.223 0.142 0.084 0.050 0.034 0.025 0.020 0.017 0.015 0.013 0.011 0.010 0.009 0.008 0.007 0.007 0.006 0.006 0.005 0.005 0.005 0.004 0.004 0.003 0.003 0.003 0.002 0.002 0.001 0.001 0.000 0.000 0.000 0.000 0.000 0.000 0.000 0.000 0.000 0.000 0.000 0.000 0.000 0.001 0.002 0.003 0.004 0.006 0.008 0.011 0.014 0.018 0.023 0.029 0.035 0.042 0.051 0.062 0.074 0.089 0.108 0.129
0.565 0.512 0.482 0.460 0.437 0.413 0.392 0.374 0.358 0.339 0.307 0.252 0.177 0.124 0.090 0.066 0.047 0.033 0.025 0.020 0.017 0.014 0.013 0.011 0.010 0.009 0.008 0.007 0.006 0.006 0.005 0.005 0.005 0.004 0.004 0.004 0.003 0.003 0.003 0.003 0.002 0.002 0.002 0.001 0.001 0.000 0.000 0.000 0.000 0.000 0.000 0.000 0.000 0.000 0.000 0.000 0.000 0.000 0.000 0.001 0.002 0.003 0.004 0.006 0.009 0.012 0.016 0.021 0.026 0.032 0.039 0.048 0.058 0.070 0.087 0.108 0.132
0.208 0.186 0.174 0.165 0.155 0.142 0.130 0.120 0.111 0.103 0.093 0.079 0.059 0.045 0.036 0.029 0.024 0.020 0.016 0.014 0.012 0.011 0.010 0.009 0.008 0.007 0.006 0.006 0.005 0.005 0.004 0.004 0.004 0.003 0.003 0.003 0.003 0.003 0.003 0.002 0.002 0.002 0.002 0.001 0.001 0.000 0.000 0.000 0.000 0.000 0.000 0.000 0.000 0.000 0.000 0.000 0.000 0.000 0.000 0.000 0.001 0.002 0.003 0.005 0.007 0.010 0.013 0.018 0.023 0.028 0.035 0.042 0.051 0.063 0.081 0.104 0.131
0.078 0.072 0.068 0.065 0.062 0.057 0.051 0.047 0.044 0.041 0.038 0.034 0.029 0.024 0.021 0.018 0.016 0.014 0.012 0.011 0.010 0.009 0.008 0.007 0.006 0.006 0.005 0.004 0.004 0.004 0.004 0.003 0.003 0.003 0.003 0.003 0.003 0.002 0.002 0.002 0.002 0.002 0.002 0.001 0.001 0.000 0.000 0.000 0.000 0.000 0.000 0.000 0.000 0.000 0.000 0.000 0.000 0.000 0.000 0.000 0.000 0.001 0.002 0.003 0.005 0.007 0.010 0.014 0.018 0.023 0.028 0.034 0.041 0.052 0.067 0.090 0.118
0.034 0.033 0.032 0.031 0.030 0.028 0.026 0.024 0.023 0.022 0.021 0.020 0.019 0.017 0.015 0.014 0.012 0.011 0.010 0.009 0.008 0.007 0.006 0.006 0.005 0.005 0.004 0.004 0.003 0.003 0.003 0.003 0.003 0.003 0.003 0.002 0.002 0.002 0.002 0.002 0.002 0.002 0.002 0.001 0.001 0.000 0.000 0.000 0.000 0.000 0.000 0.000 0.000 0.000 0.000 0.000 0.000 0.000 0.000 0.000 0.000 0.000 0.001 0.002 0.003 0.005 0.007 0.010 0.013 0.017 0.021 0.025 0.030 0.037 0.048 0.065 0.090
0.019 0.018 0.018 0.018 0.018 0.017 0.017 0.016 0.016 0.015 0.015 0.014 0.014 0.013 0.012 0.011 0.010 0.009 0.008 0.007 0.006 0.006 0.005 0.005 0.004 0.004 0.004 0.004 0.003 0.003 0.003 0.003 0.003 0.003 0.003 0.003 0.003 0.003 0.003 0.003 0.003 0.002 0.002 0.001 0.001 0.000 0.000 0.000 0.000 0.000 0.000 0.000 0.000 0.000 0.000 0.000 0.000 0.000 0.000 0.000 0.000 0.000 0.000 0.001 0.002 0.003 0.005 0.007 0.009 0.012 0.015 0.018 0.022 0.026 0.032 0.042 0.057
0.012 0.012 0.013 0.013 0.013 0.012 0.012 0.012 0.012 0.012 0.011 0.011 0.011 0.010 0.010 0.009 0.008 0.007 0.006 0.006 0.005 0.005 0.004 0.004 0.004 0.004 0.004 0.004 0.003 0.003 0.003 0.003 0.004 0.004 0.004 0.004 0.004 0.004 0.004 0.004 0.003 0.002 0.002 0.001 0.001 0.000 0.000 0.000 0.000 0.000 0.000 0.000 0.000 0.000 0.000 0.000 0.000 0.000 0.000 0.000 0.000 0.000 0.000 0.000 0.001 0.002 0.003 0.005 0.006 0.009 0.011 0.013 0.016 0.019 0.022 0.028 0.036
0.009 0.009 0.010 0.010 0.010 0.010 0.010 0.009 0.009 0.009 0.009 0.009 0.009 0.009 0.008 0.007 0.007 0.006 0.005 0.005 0.004 0.004 0.004 0.004 0.004 0.004 0.004 0.004 0.004 0.005 0.005 0.005 0.006 0.006 0.006 0.006 0.006 0.005 0.005 0.004 0.003 0.002 0.002 0.001 0.001 0.000 0.000 0.000 0.000 0.000 0.000 0.000 0.000 0.000 0.000 0.000 0.000 0.000 0.000 0.000 0.000 0.000 0.000 0.000 0.000 0.001 0.002 0.003 0.004 0.006 0.008 0.009 0.011 0.014 0.016 0.020 0.025
0.007 0.007 0.008 0.008 0.008 0.008 0.008 0.008 0.008 0.008 0.008 0.008 0.008 0.007 0.007 0.006 0.005 0.005 0.004 0.004 0.004 0.004 0.004 0.004 0.004 0.004 0.005 0.006 0.007 0.007 0.008 0.008 0.008 0.008 0.008 0.007 0.006 0.006 0.005 0.004 0.003 0.002 0.001 0.001 0.001 0.000 0.000 0.000 0.000 0.000 0.000 0.000 0.000 0.000 0.000 0.000 0.000 0.000 0.000 0.000 0.000 0.000 0.000 0.000 0.000 0.000 0.001 0.002 0.003 0.004 0.005 0.007 0.008 0.010 0.012 0.015 0.018
0.006 0.006 0.006 0.006 0.007 0.007 0.007 0.007 0.007 0.007 0.007 0.007 0.006 0.006 0.006 0.005 0.004 0.004 0.004 0.004 0.004 0.004 0.004 0.005 0.005 0.007 0.008 0.009 0.010 0.010 0.010 0.010 0.009 0.009 0.008 0.007 0.006 0.006 0.005 0.004 0.003 0.002 0.001 0.001 0.000 0.000 0.000 0.000 0.000 0.000 0.000 0.000 0.000 0.000 0.000 0.000 0.000 0.000 0.000 0.000 0.000 0.000 0.000 0.000 0.000 0.000 0.000 0.001 0.001 0.002 0.003 0.004 0.006 0.007 0.009 0.011 0.013
0.005 0.005 0.005 0.005 0.005 0.006 0.006 0.006 0.006 0.006 0.006 0.005 0.005 0.005 0.005 0.004 0.004 0.004 0.004 0.004 0.004 0.004 0.005 0.007 0.008 0.010 0.011 0.011 0.011 0.011 0.011 0.010 0.009 0.009 0.008 0.007 0.006 0.005 0.004 0.003 0.002 0.002 0.001 0.001 0.000 0.000 0.000 0.000 0.000 0.000 0.000 0.000 0.000 0.000 0.000 0.000 0.000 0.000 0.000 0.000 0.000 0.000 0.000 0.000 0.000 0.000 0.000 0.000 0.001 0.001 0.002 0.003 0.004 0.005 0.006 0.008 0.010
0.004 0.004 0.004 0.004 0.005 0.005 0.005 0.005 0.005 0.005 0.005 0.005 0.004 0.004 0.004 0.003 0.003 0.003 0.004 0.004 0.005 0.006 0.007 0.009 0.011 0.012 0.012 0.012 0.012 0.012 0.011 0.010 0.009 0.008 0.008 0.007 0.006 0.005 0.003 0.002 0.002 0.001 0.001 0.000 0.000 0.000 0.000 0.000 0.000 0.000 0.000 0.000 0.000 0.000 0.000 0.000 0.000 0.000 0.000 0.000 0.000 0.000 0.000 0.000 0.000 0.000 0.000 0.000 0.000 0.000 0.001 0.001 0.002 0.003 0.004 0.005 0.007
0.003 0.003 0.003 0.004 0.004 0.004 0.004 0.004 0.004 0.004 0.004 0.004 0.004 0.003 0.003 0.003 0.003 0.003 0.004 0.005 0.006 0.007 0.009 0.010 0.011 0.012 0.012 0.012 0.012 0.012 0.011 0.010 0.009 0.008 0.007 0.006 0.005 0.004 0.002 0.002 0.001 0.001 0.000 0.000 0.000 0.000 0.000 0.000 0.000 0.000 0.000 0.000 0.000 0.000 0.000 0.000 0.000 0.000 0.000 0.000 0.000 0.000 0.000 0.000 0.000 0.000 0.000 0.000 0.000 0.000 0.000 0.001 0.001 0.002 0.003 0.004 0.005
0.002 0.002 0.003 0.003 0.003 0.003 0.003 0.003 0.003 0.003 0.003 0.003 0.003 0.003 0.003 0.003 0.003 0.003 0.004 0.005 0.007 0.008 0.009 0.010 0.011 0.012 0.012 0.012 0.012 0.011 0.010 0.009 0.008 0.006 0.005 0.004 0.003 0.002 0.002 0.001 0.001 0.001 0.000 0.000 0.000 0.000 0.000 0.000 0.000 0.000 0.000 0.000 0.000 0.000 0.000 0.000 0.000 0.000 0.000 0.000 0.000 0.000 0.000 0.000 0.000 0.000 0.000 0.000 0.000 0.000 0.000 0.000 0.000 0.001 0.001 0.002 0.003
0.001 0.002 0.002 0.002 0.002 0.002 0.002 0.003 0.003 0.003 0.003 0.003 0.002 0.002 0.002 0.002 0.003 0.003 0.004 0.005 0.007 0.008 0.009 0.010 0.011 0.011 0.011 0.011 0.011 0.010 0.009 0.007 0.006 0.004 0.003 0.002 0.002 0.001 0.001 0.001 0.000 0.000 0.000 0.000 0.000 0.000 0.000 0.000 0.000 0.000 0.000 0.000 0.000 0.000 0.000 0.000 0.000 0.000 0.000 0.000 0.000 0.000 0.000 0.000 0.000 0.000 0.000 0.000 0.000 0.000 0.000 0.000 0.000 0.000 0.000 0.001 0.002
0.001 0.001 0.001 0.001 0.002 0.002 0.002 0.002 0.002 0.002 0.002 0.002 0.002 0.002 0.002 0.002 0.003 0.003 0.004 0.005 0.007 0.008 0.009 0.009 0.010 0.010 0.009 0.009 0.008 0.007 0.006 0.005 0.003 0.002 0.002 0.001 0.001 0.001 0.001 0.000 0.000 0.000 0.000 0.000 0.000 0.000 0.000 0.000 0.000 0.000 0.000 0.000 0.000 0.000 0.000 0.000 0.000 0.000 0.000 0.000 0.000 0.000 0.000 0.000 0.000 0.000 0.000 0.000 0.000 0.000 0.000 0.000 0.000 0.000 0.000 0.000 0.001
0.000 0.001 0.001 0.001 0.001 0.001 0.001 0.001 0.002 0.002 0.002 0.002 0.002 0.002 0.002 0.002 0.002 0.003 0.004 0.005 0.006 0.007 0.007 0.007 0.007 0.006 0.006 0.005 0.005 0.004 0.003 0.002 0.002 0.001 0.001 0.001 0.001 0.000 0.000 0.000 0.000 0.000 0.000 0.000 0.000 0.000 0.000 0.000 0.000 0.000 0.000 0.000 0.000 0.000 0.000 0.000 0.000 0.000 0.000 0.000 0.000 0.000 0.000 0.000 0.000 0.000 0.000 0.000 0.000 0.000 0.000 0.000 0.000 0.000 0.000 0.000 0.000
