RESULTS/r.avaflow_results/11_results/11_ascii/11_hflow30058.asc
ncols 506
nrows 317
xllcenter 498237.50
yllcenter 5580050.00
cellsize 12.50
NODATA_value -9999.000
[rows 170 to 203 of 317, columns 154 to 230 of 506]
8.661 8.511 8.364 8.196 8.001 7.789 7.584 7.395 7.222 7.067 6.921 6.778 6.619 6.396 6.041 5.519 4.847 4.080 3.301 2.580 1.935 1.389 0.966 0.672 0.489 0.384 0.332 0.314 0.314 0.330 0.367 0.407 0.432 0.450 0.465 0.483 0.511 0.536 0.544 0.542 0.530 0.511 0.492 0.474 0.451 0.417 0.369 0.314 0.265 0.221 0.181 0.149 0.126 0.110 0.101 0.098 0.098 0.101 0.107 0.112 0.115 0.117 0.117 0.116 0.116 0.118 0.124 0.142 0.186 0.265 0.336 0.367 0.370 0.350 0.295 0.217 0.151
11.475 11.674 11.769 11.778 11.731 11.610 11.416 11.177 10.923 10.676 10.442 10.216 9.982 9.698 9.275 8.639 7.787 6.759 5.634 4.525 3.492 2.573 1.815 1.252 0.881 0.655 0.527 0.468 0.453 0.463 0.488 0.509 0.518 0.519 0.518 0.522 0.534 0.545 0.547 0.539 0.519 0.491 0.464 0.437 0.404 0.356 0.286 0.214 0.158 0.121 0.098 0.083 0.074 0.069 0.068 0.069 0.072 0.078 0.084 0.087 0.089 0.088 0.087 0.086 0.086 0.086 0.091 0.105 0.137 0.199 0.283 0.339 0.361 0.363 0.347 0.303 0.234
14.661 15.270 15.564 15.627 15.588 15.447 15.210 14.923 14.622 14.324 14.033 13.756 13.481 13.174 12.753 12.099 11.161 9.969 8.607 7.182 5.778 4.446 3.262 2.303 1.605 1.139 0.845 0.680 0.599 0.564 0.550 0.544 0.537 0.530 0.521 0.517 0.519 0.520 0.514 0.493 0.454 0.409 0.369 0.329 0.282 0.223 0.159 0.111 0.082 0.066 0.056 0.050 0.047 0.047 0.047 0.050 0.055 0.062 0.067 0.069 0.069 0.068 0.067 0.065 0.065 0.066 0.069 0.079 0.101 0.142 0.216 0.298 0.347 0.365 0.367 0.353 0.313
16.984 17.948 18.463 18.634 18.635 18.536 18.350 18.122 17.865 17.581 17.277 16.968 16.666 16.345 15.933 15.308 14.401 13.230 11.861 10.353 8.746 7.090 5.445 3.988 2.825 1.963 1.368 0.989 0.764 0.636 0.570 0.540 0.523 0.506 0.488 0.473 0.459 0.446 0.424 0.380 0.316 0.258 0.213 0.177 0.143 0.108 0.078 0.058 0.046 0.039 0.035 0.034 0.033 0.033 0.034 0.037 0.043 0.049 0.053 0.055 0.055 0.054 0.053 0.052 0.052 0.052 0.055 0.062 0.076 0.102 0.150 0.231 0.315 0.358 0.370 0.368 0.350
18.217 19.428 20.197 20.606 20.798 20.871 20.857 20.779 20.640 20.429 20.136 19.791 19.450 19.102 18.689 18.089 17.225 16.098 14.762 13.278 11.669 9.927 8.027 6.071 4.350 2.978 1.974 1.307 0.903 0.676 0.561 0.504 0.467 0.435 0.403 0.370 0.340 0.309 0.272 0.222 0.169 0.132 0.106 0.087 0.070 0.055 0.043 0.034 0.029 0.027 0.025 0.025 0.025 0.025 0.026 0.029 0.034 0.039 0.043 0.044 0.044 0.044 0.043 0.043 0.043 0.044 0.047 0.052 0.060 0.076 0.106 0.161 0.252 0.329 0.361 0.367 0.359
18.517 19.840 20.823 21.521 22.015 22.358 22.577 22.669 22.656 22.539 22.274 21.880 21.490 21.123 20.717 20.164 19.386 18.356 17.075 15.572 13.878 12.002 9.911 7.572 5.398 3.641 2.343 1.484 0.972 0.686 0.529 0.434 0.367 0.311 0.262 0.224 0.196 0.172 0.147 0.117 0.089 0.070 0.057 0.047 0.039 0.032 0.027 0.023 0.021 0.020 0.019 0.019 0.020 0.020 0.021 0.023 0.027 0.031 0.034 0.036 0.037 0.037 0.037 0.038 0.038 0.040 0.042 0.045 0.051 0.061 0.080 0.115 0.180 0.269 0.329 0.351 0.352
18.340 19.719 20.819 21.688 22.407 22.988 23.389 23.600 23.664 23.617 23.384 22.944 22.518 22.165 21.786 21.285 20.597 19.681 18.487 16.988 15.207 13.183 10.903 8.318 5.867 3.903 2.468 1.533 0.982 0.664 0.470 0.341 0.250 0.186 0.145 0.120 0.105 0.093 0.080 0.064 0.050 0.041 0.034 0.028 0.024 0.021 0.019 0.017 0.016 0.016 0.016 0.016 0.016 0.017 0.018 0.019 0.022 0.025 0.028 0.030 0.032 0.033 0.033 0.034 0.035 0.037 0.039 0.042 0.046 0.053 0.065 0.087 0.128 0.196 0.269 0.313 0.330
17.701 19.190 20.464 21.516 22.378 23.048 23.494 23.734 23.822 23.800 23.586 23.128 22.687 22.356 22.002 21.527 20.882 20.034 18.916 17.452 15.638 13.520 11.132 8.441 5.909 3.891 2.430 1.489 0.929 0.592 0.379 0.241 0.156 0.108 0.080 0.066 0.058 0.052 0.045 0.037 0.031 0.026 0.022 0.019 0.017 0.015 0.014 0.013 0.013 0.013 0.013 0.013 0.013 0.014 0.014 0.016 0.017 0.020 0.023 0.025 0.027 0.029 0.031 0.032 0.033 0.035 0.037 0.039 0.042 0.048 0.056 0.071 0.096 0.138 0.197 0.253 0.289
16.649 18.270 19.716 20.962 21.972 22.705 23.154 23.374 23.443 23.416 23.208 22.775 22.323 21.968 21.592 21.105 20.477 19.679 18.623 17.205 15.400 13.250 10.783 8.033 5.538 3.569 2.167 1.281 0.759 0.446 0.255 0.148 0.092 0.062 0.047 0.039 0.035 0.031 0.028 0.024 0.021 0.018 0.016 0.014 0.013 0.012 0.011 0.010 0.010 0.010 0.010 0.010 0.010 0.011 0.012 0.013 0.014 0.016 0.018 0.021 0.024 0.026 0.028 0.030 0.032 0.033 0.035 0.037 0.040 0.044 0.051 0.061 0.078 0.105 0.143 0.189 0.232
15.311 17.027 18.574 19.921 21.009 21.787 22.247 22.436 22.453 22.363 22.142 21.803 21.380 20.914 20.400 19.830 19.184 18.414 17.415 16.043 14.234 12.022 9.470 6.812 4.531 2.787 1.587 0.859 0.460 0.247 0.137 0.081 0.052 0.037 0.029 0.025 0.023 0.021 0.019 0.017 0.015 0.014 0.012 0.011 0.010 0.009 0.008 0.008 0.008 0.008 0.008 0.008 0.008 0.008 0.009 0.010 0.011 0.013 0.015 0.017 0.020 0.023 0.026 0.028 0.030 0.032 0.034 0.036 0.039 0.042 0.047 0.056 0.068 0.087 0.112 0.145 0.181
13.715 15.435 16.994 18.368 19.507 20.354 20.866 21.047 21.008 20.831 20.621 20.418 20.062 19.450 18.705 17.993 17.272 16.457 15.397 13.931 11.989 9.612 7.043 4.704 2.880 1.603 0.818 0.405 0.206 0.113 0.067 0.044 0.032 0.025 0.020 0.018 0.016 0.015 0.014 0.013 0.012 0.011 0.010 0.009 0.008 0.007 0.006 0.006 0.006 0.006 0.006 0.006 0.006 0.006 0.007 0.008 0.009 0.010 0.012 0.014 0.017 0.020 0.023 0.026 0.028 0.030 0.033 0.035 0.037 0.040 0.045 0.053 0.063 0.078 0.097 0.120 0.148
11.851 13.467 15.005 16.427 17.685 18.683 19.323 19.570 19.552 19.392 19.198 18.999 18.610 17.881 16.961 16.094 15.228 14.215 12.856 11.026 8.663 6.137 3.967 2.392 1.344 0.698 0.338 0.164 0.087 0.053 0.036 0.027 0.021 0.018 0.015 0.014 0.013 0.012 0.011 0.010 0.010 0.009 0.008 0.007 0.006 0.005 0.005 0.004 0.004 0.004 0.004 0.004 0.004 0.004 0.005 0.006 0.007 0.008 0.010 0.012 0.014 0.017 0.020 0.023 0.026 0.029 0.031 0.033 0.036 0.039 0.044 0.051 0.061 0.074 0.090 0.108 0.129
9.810 11.257 12.761 14.265 15.687 16.878 17.692 18.064 18.101 17.978 17.751 17.426 16.878 16.049 15.062 14.057 12.977 11.597 9.702 7.295 4.897 3.012 1.720 0.936 0.494 0.252 0.127 0.068 0.041 0.029 0.022 0.018 0.015 0.014 0.012 0.011 0.011 0.010 0.009 0.009 0.008 0.007 0.007 0.006 0.005 0.004 0.003 0.003 0.002 0.002 0.002 0.002 0.002 0.003 0.003 0.004 0.005 0.006 0.008 0.010 0.012 0.014 0.017 0.020 0.024 0.027 0.029 0.032 0.035 0.039 0.044 0.051 0.061 0.073 0.087 0.102 0.118
7.879 9.083 10.422 11.895 13.387 14.677 15.607 16.093 16.194 16.078 15.712 15.110 14.303 13.354 12.322 11.182 9.812 7.973 5.723 3.628 2.110 1.116 0.561 0.292 0.159 0.088 0.051 0.033 0.024 0.019 0.016 0.014 0.012 0.011 0.010 0.010 0.009 0.008 0.008 0.007 0.007 0.006 0.005 0.005 0.004 0.003 0.002 0.002 0.001 0.001 0.001 0.001 0.001 0.001 0.002 0.003 0.004 0.005 0.006 0.008 0.010 0.012 0.015 0.018 0.021 0.024 0.028 0.031 0.034 0.038 0.044 0.052 0.062 0.074 0.087 0.100 0.114
6.036 6.940 7.976 9.145 10.380 11.485 12.334 12.823 12.952 12.832 12.345 11.486 10.361 9.194 8.060 6.850 5.447 3.857 2.379 1.298 0.642 0.308 0.159 0.092 0.057 0.037 0.026 0.020 0.016 0.014 0.012 0.011 0.010 0.009 0.009 0.008 0.008 0.007 0.007 0.006 0.006 0.005 0.004 0.004 0.003 0.002 0.001 0.001 0.001 0.000 0.000 0.000 0.000 0.000 0.001 0.002 0.002 0.003 0.005 0.006 0.008 0.010 0.012 0.015 0.019 0.022 0.026 0.030 0.034 0.038 0.045 0.053 0.063 0.075 0.087 0.100 0.113
4.235 4.712 5.236 5.810 6.432 7.047 7.572 7.902 8.007 7.916 7.472 6.631 5.553 4.564 3.720 2.929 2.106 1.285 0.678 0.325 0.159 0.087 0.054 0.037 0.027 0.021 0.017 0.014 0.012 0.011 0.010 0.009 0.008 0.008 0.007 0.007 0.007 0.006 0.006 0.005 0.005 0.004 0.004 0.003 0.002 0.002 0.001 0.001 0.000 0.000 0.000 0.000 0.000 0.000 0.000 0.001 0.001 0.002 0.003 0.005 0.006 0.008 0.011 0.013 0.017 0.020 0.024 0.028 0.033 0.038 0.045 0.053 0.064 0.075 0.088 0.101 0.114
2.591 2.712 2.850 2.997 3.148 3.312 3.470 3.571 3.600 3.552 3.324 2.862 2.215 1.644 1.222 0.879 0.563 0.312 0.159 0.084 0.051 0.035 0.026 0.021 0.017 0.014 0.012 0.011 0.010 0.009 0.008 0.007 0.007 0.006 0.006 0.006 0.005 0.005 0.005 0.004 0.004 0.003 0.003 0.003 0.002 0.001 0.001 0.000 0.000 0.000 0.000 0.000 0.000 0.000 0.000 0.000 0.001 0.001 0.002 0.003 0.005 0.007 0.009 0.012 0.015 0.018 0.023 0.027 0.032 0.038 0.045 0.053 0.063 0.075 0.088 0.103 0.118
1.332 1.290 1.271 1.257 1.240 1.228 1.228 1.224 1.211 1.177 1.082 0.900 0.645 0.444 0.314 0.218 0.139 0.083 0.050 0.033 0.025 0.020 0.017 0.015 0.013 0.011 0.010 0.009 0.008 0.007 0.007 0.006 0.006 0.005 0.005 0.005 0.004 0.004 0.004 0.004 0.003 0.003 0.003 0.002 0.002 0.001 0.001 0.000 0.000 0.000 0.000 0.000 0.000 0.000 0.000 0.000 0.000 0.001 0.001 0.002 0.004 0.005 0.007 0.010 0.013 0.017 0.021 0.026 0.031 0.037 0.044 0.052 0.062 0.074 0.088 0.105 0.126
0.564 0.508 0.476 0.454 0.431 0.407 0.387 0.369 0.353 0.335 0.303 0.248 0.175 0.122 0.089 0.065 0.046 0.033 0.025 0.020 0.017 0.014 0.013 0.011 0.010 0.009 0.008 0.007 0.006 0.006 0.005 0.005 0.005 0.004 0.004 0.004 0.004 0.003 0.003 0.003 0.003 0.003 0.002 0.002 0.002 0.001 0.001 0.000 0.000 0.000 0.000 0.000 0.000 0.000 0.000 0.000 0.000 0.000 0.001 0.001 0.002 0.004 0.006 0.008 0.011 0.015 0.019 0.024 0.029 0.035 0.042 0.050 0.059 0.070 0.086 0.106 0.130
0.209 0.185 0.173 0.164 0.154 0.141 0.129 0.119 0.111 0.103 0.093 0.078 0.059 0.045 0.036 0.029 0.023 0.019 0.016 0.014 0.013 0.011 0.010 0.009 0.008 0.007 0.006 0.006 0.005 0.005 0.004 0.004 0.004 0.004 0.003 0.003 0.003 0.003 0.003 0.003 0.003 0.002 0.002 0.002 0.002 0.001 0.001 0.000 0.000 0.000 0.000 0.000 0.000 0.000 0.000 0.000 0.000 0.000 0.000 0.001 0.002 0.003 0.004 0.006 0.009 0.012 0.016 0.021 0.026 0.032 0.038 0.044 0.053 0.064 0.081 0.102 0.128
0.079 0.071 0.067 0.064 0.061 0.056 0.051 0.047 0.044 0.041 0.038 0.034 0.029 0.024 0.021 0.018 0.016 0.014 0.012 0.011 0.010 0.009 0.008 0.007 0.006 0.006 0.005 0.005 0.004 0.004 0.004 0.003 0.003 0.003 0.003 0.003 0.003 0.003 0.003 0.003 0.002 0.002 0.002 0.002 0.002 0.001 0.001 0.000 0.000 0.000 0.000 0.000 0.000 0.000 0.000 0.000 0.000 0.000 0.000 0.000 0.001 0.002 0.003 0.005 0.007 0.010 0.013 0.017 0.021 0.026 0.031 0.037 0.044 0.053 0.068 0.089 0.116
0.034 0.032 0.031 0.031 0.030 0.028 0.026 0.024 0.023 0.022 0.021 0.020 0.019 0.017 0.015 0.014 0.012 0.011 0.010 0.009 0.008 0.007 0.006 0.006 0.005 0.005 0.004 0.004 0.004 0.004 0.003 0.003 0.003 0.003 0.003 0.003 0.003 0.003 0.003 0.003 0.003 0.003 0.003 0.003 0.002 0.001 0.001 0.000 0.000 0.000 0.000 0.000 0.000 0.000 0.000 0.000 0.000 0.000 0.000 0.000 0.000 0.001 0.002 0.003 0.005 0.007 0.009 0.013 0.016 0.020 0.023 0.027 0.032 0.039 0.049 0.066 0.090
0.018 0.018 0.018 0.018 0.018 0.017 0.017 0.016 0.016 0.015 0.015 0.015 0.014 0.013 0.012 0.011 0.010 0.009 0.008 0.007 0.007 0.006 0.005 0.005 0.005 0.004 0.004 0.004 0.004 0.004 0.003 0.003 0.003 0.003 0.003 0.003 0.003 0.004 0.004 0.004 0.004 0.004 0.003 0.003 0.002 0.001 0.001 0.000 0.000 0.000 0.000 0.000 0.000 0.000 0.000 0.000 0.000 0.000 0.000 0.000 0.000 0.000 0.001 0.002 0.003 0.005 0.007 0.009 0.011 0.014 0.017 0.020 0.023 0.027 0.033 0.043 0.058
0.012 0.012 0.012 0.013 0.013 0.012 0.012 0.012 0.012 0.012 0.012 0.011 0.011 0.011 0.010 0.009 0.008 0.007 0.007 0.006 0.005 0.005 0.005 0.004 0.004 0.004 0.004 0.004 0.004 0.004 0.004 0.004 0.004 0.004 0.004 0.005 0.005 0.005 0.005 0.005 0.005 0.004 0.004 0.003 0.002 0.001 0.001 0.000 0.000 0.000 0.000 0.000 0.000 0.000 0.000 0.000 0.000 0.000 0.000 0.000 0.000 0.000 0.000 0.001 0.002 0.003 0.004 0.006 0.008 0.010 0.012 0.014 0.017 0.019 0.023 0.028 0.037
0.009 0.009 0.009 0.010 0.010 0.010 0.010 0.010 0.010 0.009 0.009 0.009 0.009 0.009 0.008 0.008 0.007 0.006 0.006 0.005 0.005 0.004 0.004 0.004 0.004 0.004 0.004 0.004 0.005 0.005 0.005 0.006 0.006 0.007 0.007 0.007 0.007 0.007 0.006 0.006 0.005 0.004 0.003 0.003 0.002 0.001 0.001 0.000 0.000 0.000 0.000 0.000 0.000 0.000 0.000 0.000 0.000 0.000 0.000 0.000 0.000 0.000 0.000 0.000 0.001 0.002 0.003 0.004 0.005 0.007 0.009 0.010 0.012 0.014 0.017 0.020 0.025
0.007 0.007 0.007 0.008 0.008 0.008 0.008 0.008 0.008 0.008 0.008 0.008 0.008 0.008 0.007 0.007 0.006 0.005 0.005 0.004 0.004 0.004 0.004 0.004 0.004 0.005 0.006 0.006 0.007 0.008 0.008 0.009 0.009 0.009 0.009 0.008 0.008 0.007 0.007 0.006 0.005 0.004 0.003 0.002 0.002 0.001 0.001 0.000 0.000 0.000 0.000 0.000 0.000 0.000 0.000 0.000 0.000 0.000 0.000 0.000 0.000 0.000 0.000 0.000 0.000 0.001 0.001 0.002 0.003 0.005 0.006 0.007 0.009 0.011 0.013 0.015 0.018
0.005 0.006 0.006 0.006 0.006 0.007 0.007 0.007 0.007 0.007 0.007 0.007 0.007 0.006 0.006 0.006 0.005 0.005 0.004 0.004 0.004 0.004 0.004 0.005 0.006 0.007 0.009 0.010 0.010 0.011 0.011 0.011 0.010 0.010 0.010 0.009 0.008 0.007 0.006 0.005 0.005 0.004 0.003 0.002 0.001 0.001 0.000 0.000 0.000 0.000 0.000 0.000 0.000 0.000 0.000 0.000 0.000 0.000 0.000 0.000 0.000 0.000 0.000 0.000 0.000 0.000 0.001 0.001 0.002 0.003 0.004 0.005 0.006 0.008 0.009 0.011 0.013
0.004 0.005 0.005 0.005 0.005 0.005 0.006 0.006 0.006 0.006 0.006 0.006 0.006 0.005 0.005 0.005 0.004 0.004 0.004 0.004 0.004 0.005 0.006 0.007 0.009 0.010 0.012 0.012 0.012 0.012 0.012 0.011 0.011 0.010 0.010 0.009 0.008 0.007 0.006 0.005 0.004 0.003 0.002 0.001 0.001 0.001 0.000 0.000 0.000 0.000 0.000 0.000 0.000 0.000 0.000 0.000 0.000 0.000 0.000 0.000 0.000 0.000 0.000 0.000 0.000 0.000 0.000 0.000 0.001 0.001 0.002 0.003 0.004 0.005 0.007 0.008 0.010
0.003 0.004 0.004 0.004 0.004 0.004 0.005 0.005 0.005 0.005 0.005 0.005 0.005 0.005 0.004 0.004 0.004 0.004 0.004 0.004 0.005 0.006 0.008 0.009 0.011 0.012 0.013 0.013 0.013 0.013 0.012 0.011 0.011 0.010 0.009 0.009 0.008 0.007 0.005 0.004 0.003 0.002 0.001 0.001 0.001 0.000 0.000 0.000 0.000 0.000 0.000 0.000 0.000 0.000 0.000 0.000 0.000 0.000 0.000 0.000 0.000 0.000 0.000 0.000 0.000 0.000 0.000 0.000 0.000 0.001 0.001 0.002 0.002 0.003 0.004 0.006 0.007
0.002 0.003 0.003 0.003 0.003 0.003 0.004 0.004 0.004 0.004 0.004 0.004 0.004 0.004 0.004 0.004 0.004 0.004 0.004 0.005 0.006 0.007 0.009 0.011 0.012 0.013 0.013 0.013 0.013 0.013 0.012 0.011 0.010 0.009 0.009 0.008 0.007 0.005 0.004 0.003 0.002 0.001 0.001 0.001 0.000 0.000 0.000 0.000 0.000 0.000 0.000 0.000 0.000 0.000 0.000 0.000 0.000 0.000 0.000 0.000 0.000 0.000 0.000 0.000 0.000 0.000 0.000 0.000 0.000 0.000 0.000 0.001 0.001 0.002 0.003 0.004 0.005
0.002 0.002 0.002 0.002 0.002 0.003 0.003 0.003 0.003 0.003 0.003 0.003 0.003 0.003 0.003 0.003 0.003 0.004 0.004 0.005 0.006 0.008 0.009 0.011 0.012 0.013 0.013 0.013 0.013 0.012 0.012 0.010 0.009 0.008 0.007 0.006 0.004 0.003 0.002 0.002 0.001 0.001 0.001 0.000 0.000 0.000 0.000 0.000 0.000 0.000 0.000 0.000 0.000 0.000 0.000 0.000 0.000 0.000 0.000 0.000 0.000 0.000 0.000 0.000 0.000 0.000 0.000 0.000 0.000 0.000 0.000 0.000 0.000 0.001 0.001 0.002 0.003
0.001 0.001 0.001 0.002 0.002 0.002 0.002 0.002 0.002 0.002 0.002 0.003 0.003 0.003 0.003 0.003 0.003 0.004 0.004 0.005 0.007 0.008 0.009 0.011 0.012 0.012 0.012 0.012 0.012 0.011 0.010 0.009 0.007 0.005 0.004 0.003 0.002 0.002 0.001 0.001 0.001 0.001 0.000 0.000 0.000 0.000 0.000 0.000 0.000 0.000 0.000 0.000 0.000 0.000 0.000 0.000 0.000 0.000 0.000 0.000 0.000 0.000 0.000 0.000 0.000 0.000 0.000 0.000 0.000 0.000 0.000 0.000 0.000 0.000 0.001 0.001 0.002
0.000 0.001 0.001 0.001 0.001 0.001 0.002 0.002 0.002 0.002 0.002 0.002 0.002 0.002 0.002 0.002 0.003 0.003 0.004 0.005 0.007 0.008 0.009 0.010 0.010 0.010 0.010 0.010 0.009 0.009 0.007 0.006 0.004 0.003 0.002 0.002 0.001 0.001 0.001 0.001 0.000 0.000 0.000 0.000 0.000 0.000 0.000 0.000 0.000 0.000 0.000 0.000 0.000 0.000 0.000 0.000 0.000 0.000 0.000 0.000 0.000 0.000 0.000 0.000 0.000 0.000 0.000 0.000 0.000 0.000 0.000 0.000 0.000 0.000 0.000 0.000 0.001
0.000 0.000 0.000 0.000 0.001 0.001 0.001 0.001 0.001 0.001 0.001 0.001 0.002 0.002 0.002 0.002 0.002 0.003 0.004 0.005 0.006 0.007 0.007 0.008 0.007 0.007 0.006 0.006 0.005 0.005 0.004 0.003 0.002 0.002 0.001 0.001 0.001 0.001 0.000 0.000 0.000 0.000 0.000 0.000 0.000 0.000 0.000 0.000 0.000 0.000 0.000 0.000 0.000 0.000 0.000 0.000 0.000 0.000 0.000 0.000 0.000 0.000 0.000 0.000 0.000 0.000 0.000 0.000 0.000 0.000 0.000 0.000 0.000 0.000 0.000 0.000 0.000
