RESULTS/r.avaflow_results/11_results/11_ascii/11_hflow10012.asc
ncols 506
nrows 317
xllcenter 498237.50
yllcenter 5580050.00
cellsize 12.50
NODATA_value -9999.000
[rows 170 to 203 of 317, columns 77 to 153 of 506]
0.000 0.000 0.000 0.000 0.000 0.000 0.000 0.000 0.000 0.000 0.000 0.000 0.000 0.000 0.000 0.000 0.000 0.000 0.000 0.000 0.000 0.001 0.004 0.012 0.029 0.056 0.076 0.088 0.094 0.095 0.095 0.092 0.084 0.075 0.072 0.077 0.096 0.137 0.206 0.306 0.418 0.501 0.557 0.602 0.641 0.669 0.696 0.730 0.800 0.949 1.227 1.710 2.515 3.512 4.238 4.591 4.799 4.965 5.073 5.111 5.107 5.033 4.841 4.513 4.031 3.421 2.783 2.224 1.738 1.328 0.992 0.732 0.543 0.401 0.294 0.215 0.158
0.000 0.000 0.000 0.000 0.000 0.000 0.000 0.000 0.000 0.000 0.000 0.000 0.000 0.000 0.000 0.000 0.000 0.000 0.000 0.001 0.002 0.005 0.013 0.029 0.056 0.094 0.124 0.143 0.153 0.155 0.155 0.150 0.138 0.129 0.129 0.142 0.179 0.252 0.368 0.531 0.709 0.841 0.934 1.013 1.095 1.197 1.314 1.456 1.671 2.012 2.520 3.254 4.152 4.895 5.317 5.551 5.697 5.794 5.844 5.848 5.795 5.653 5.388 4.982 4.432 3.766 3.118 2.551 2.044 1.605 1.247 0.974 0.764 0.598 0.468 0.367 0.289
0.000 0.000 0.000 0.000 0.000 0.000 0.000 0.000 0.000 0.000 0.000 0.000 0.000 0.000 0.000 0.000 0.000 0.000 0.001 0.003 0.007 0.015 0.030 0.057 0.096 0.149 0.195 0.225 0.241 0.246 0.246 0.240 0.224 0.217 0.220 0.245 0.309 0.428 0.611 0.869 1.144 1.354 1.518 1.669 1.836 2.049 2.294 2.591 3.006 3.570 4.280 5.020 5.647 6.052 6.285 6.438 6.511 6.519 6.489 6.425 6.296 6.075 5.736 5.266 4.673 3.983 3.354 2.812 2.340 1.936 1.602 1.329 1.104 0.912 0.750 0.619 0.513
0.000 0.000 0.000 0.000 0.000 0.000 0.000 0.000 0.000 0.000 0.000 0.000 0.000 0.000 0.000 0.000 0.000 0.002 0.004 0.008 0.016 0.031 0.057 0.097 0.152 0.226 0.298 0.345 0.370 0.378 0.379 0.371 0.353 0.347 0.355 0.397 0.497 0.677 0.958 1.351 1.769 2.101 2.377 2.638 2.926 3.268 3.665 4.139 4.748 5.487 6.182 6.691 7.014 7.194 7.268 7.262 7.204 7.108 6.991 6.831 6.615 6.321 5.923 5.409 4.787 4.106 3.505 2.994 2.562 2.200 1.905 1.661 1.450 1.260 1.097 0.960 0.835
0.000 0.000 0.000 0.000 0.000 0.000 0.000 0.000 0.000 0.000 0.000 0.000 0.000 0.000 0.000 0.000 0.001 0.004 0.008 0.016 0.030 0.054 0.092 0.148 0.227 0.334 0.442 0.513 0.550 0.563 0.564 0.554 0.534 0.529 0.544 0.606 0.749 1.013 1.427 2.002 2.621 3.126 3.554 3.961 4.386 4.857 5.408 6.055 6.776 7.430 7.891 8.177 8.301 8.314 8.194 7.966 7.743 7.540 7.332 7.086 6.797 6.438 5.993 5.455 4.824 4.163 3.581 3.091 2.681 2.346 2.074 1.848 1.655 1.486 1.341 1.214 1.091
0.000 0.000 0.000 0.000 0.000 0.000 0.000 0.000 0.000 0.000 0.000 0.000 0.000 0.000 0.000 0.001 0.003 0.007 0.014 0.027 0.048 0.083 0.136 0.215 0.326 0.481 0.637 0.740 0.794 0.812 0.813 0.800 0.777 0.771 0.792 0.875 1.073 1.437 2.003 2.773 3.656 4.423 5.057 5.642 6.226 6.836 7.476 8.112 8.667 9.085 9.342 9.458 9.458 9.315 8.982 8.511 8.125 7.834 7.543 7.232 6.875 6.464 6.000 5.454 4.825 4.174 3.602 3.116 2.715 2.391 2.125 1.908 1.730 1.583 1.456 1.338 1.219
0.000 0.000 0.000 0.000 0.000 0.000 0.000 0.000 0.000 0.000 0.000 0.000 0.000 0.000 0.000 0.001 0.004 0.010 0.021 0.040 0.070 0.118 0.191 0.299 0.456 0.673 0.889 1.033 1.109 1.136 1.137 1.118 1.081 1.072 1.097 1.202 1.442 1.861 2.503 3.393 4.514 5.627 6.545 7.309 8.019 8.696 9.282 9.782 10.146 10.401 10.509 10.515 10.403 10.103 9.591 8.926 8.387 8.007 7.650 7.282 6.889 6.452 5.965 5.407 4.778 4.137 3.574 3.095 2.700 2.376 2.110 1.894 1.724 1.588 1.470 1.359 1.250
0.000 0.000 0.000 0.000 0.000 0.000 0.000 0.000 0.000 0.000 0.000 0.000 0.000 0.000 0.000 0.002 0.005 0.013 0.026 0.050 0.090 0.154 0.252 0.400 0.615 0.910 1.201 1.395 1.499 1.536 1.539 1.512 1.448 1.421 1.443 1.540 1.768 2.191 2.864 3.829 5.098 6.511 7.688 8.613 9.411 10.103 10.629 11.000 11.233 11.361 11.383 11.317 11.085 10.657 10.009 9.218 8.576 8.100 7.687 7.277 6.856 6.381 5.854 5.272 4.637 4.017 3.469 3.004 2.617 2.294 2.030 1.822 1.664 1.542 1.439 1.343 1.251
0.000 0.000 0.000 0.000 0.000 0.000 0.000 0.000 0.000 0.000 0.000 0.000 0.000 0.000 0.000 0.002 0.006 0.013 0.029 0.057 0.105 0.182 0.303 0.489 0.762 1.150 1.552 1.816 1.956 2.007 2.012 1.978 1.879 1.779 1.762 1.821 2.016 2.421 3.098 4.099 5.452 7.082 8.501 9.578 10.396 11.035 11.496 11.789 11.946 11.994 11.979 11.852 11.531 10.996 10.263 9.390 8.682 8.136 7.668 7.203 6.726 6.190 5.612 4.987 4.356 3.765 3.245 2.802 2.431 2.126 1.882 1.694 1.555 1.454 1.377 1.309 1.242
0.000 0.000 0.000 0.000 0.000 0.000 0.000 0.000 0.000 0.000 0.000 0.000 0.000 0.000 0.000 0.002 0.005 0.013 0.029 0.059 0.113 0.202 0.342 0.556 0.876 1.335 1.879 2.262 2.465 2.539 2.545 2.505 2.365 2.139 2.028 2.034 2.180 2.555 3.219 4.230 5.629 7.389 9.005 10.210 11.052 11.634 12.002 12.232 12.349 12.355 12.307 12.129 11.753 11.167 10.389 9.469 8.711 8.113 7.570 7.010 6.432 5.810 5.161 4.505 3.891 3.339 2.865 2.467 2.139 1.875 1.671 1.521 1.417 1.345 1.295 1.257 1.217
0.000 0.000 0.000 0.000 0.000 0.000 0.000 0.000 0.000 0.000 0.000 0.000 0.000 0.000 0.000 0.001 0.005 0.012 0.027 0.057 0.114 0.211 0.367 0.605 0.959 1.471 2.140 2.675 2.980 3.103 3.119 3.068 2.881 2.523 2.254 2.183 2.271 2.606 3.261 4.268 5.677 7.513 9.256 10.543 11.418 11.959 12.246 12.427 12.513 12.513 12.439 12.220 11.816 11.212 10.417 9.486 8.682 7.997 7.339 6.655 5.937 5.201 4.481 3.817 3.229 2.729 2.316 1.988 1.732 1.540 1.400 1.306 1.246 1.210 1.191 1.181 1.168
0.000 0.000 0.000 0.000 0.000 0.000 0.000 0.000 0.000 0.000 0.000 0.000 0.000 0.000 0.000 0.001 0.003 0.008 0.020 0.047 0.103 0.207 0.378 0.635 1.015 1.567 2.329 3.032 3.457 3.643 3.679 3.627 3.409 2.951 2.489 2.302 2.325 2.600 3.240 4.258 5.674 7.520 9.331 10.681 11.588 12.104 12.331 12.472 12.546 12.544 12.461 12.219 11.803 11.197 10.385 9.455 8.563 7.744 6.941 6.104 5.226 4.373 3.605 2.954 2.422 2.000 1.673 1.428 1.251 1.136 1.070 1.038 1.025 1.028 1.045 1.073 1.091
0.000 0.000 0.000 0.000 0.000 0.000 0.000 0.000 0.000 0.000 0.000 0.000 0.000 0.000 0.000 0.000 0.001 0.003 0.009 0.027 0.074 0.180 0.368 0.647 1.047 1.626 2.446 3.313 3.881 4.146 4.209 4.169 3.945 3.429 2.767 2.424 2.375 2.553 3.122 4.146 5.592 7.474 9.319 10.675 11.581 12.106 12.342 12.445 12.497 12.485 12.382 12.120 11.682 11.065 10.238 9.306 8.313 7.331 6.358 5.341 4.340 3.462 2.746 2.181 1.742 1.407 1.158 0.980 0.860 0.788 0.754 0.746 0.755 0.785 0.841 0.918 0.980
0.000 0.000 0.000 0.000 0.000 0.000 0.000 0.000 0.000 0.000 0.000 0.000 0.000 0.000 0.000 0.000 0.000 0.001 0.003 0.010 0.039 0.131 0.329 0.638 1.057 1.649 2.494 3.505 4.228 4.596 4.705 4.685 4.489 3.961 3.122 2.575 2.430 2.512 2.945 3.900 5.372 7.313 9.216 10.621 11.531 12.044 12.278 12.352 12.360 12.298 12.133 11.829 11.338 10.681 9.864 8.927 7.885 6.766 5.612 4.480 3.493 2.690 2.063 1.586 1.230 0.969 0.782 0.654 0.573 0.528 0.511 0.509 0.519 0.550 0.612 0.715 0.830
0.000 0.000 0.000 0.000 0.000 0.000 0.000 0.000 0.000 0.000 0.000 0.000 0.000 0.000 0.000 0.000 0.000 0.000 0.001 0.003 0.018 0.082 0.265 0.595 1.046 1.650 2.499 3.599 4.479 4.970 5.146 5.151 4.998 4.516 3.578 2.787 2.517 2.539 2.854 3.671 5.065 7.026 8.972 10.376 11.292 11.810 12.037 12.097 12.070 11.920 11.636 11.203 10.637 9.945 9.153 8.238 7.218 6.057 4.806 3.688 2.778 2.066 1.531 1.137 0.854 0.654 0.516 0.425 0.370 0.342 0.333 0.333 0.342 0.370 0.426 0.520 0.653
0.000 0.000 0.000 0.000 0.000 0.000 0.000 0.000 0.000 0.000 0.000 0.000 0.000 0.000 0.000 0.000 0.000 0.000 0.000 0.001 0.008 0.045 0.191 0.509 0.989 1.621 2.482 3.615 4.620 5.232 5.491 5.528 5.420 5.014 4.092 3.096 2.676 2.635 2.871 3.582 4.818 6.632 8.561 9.951 10.830 11.322 11.552 11.591 11.532 11.294 10.858 10.220 9.498 8.769 8.028 7.200 6.287 5.207 4.004 2.981 2.174 1.566 1.122 0.805 0.585 0.434 0.334 0.270 0.233 0.215 0.209 0.209 0.215 0.236 0.280 0.356 0.474
0.000 0.000 0.000 0.000 0.000 0.000 0.000 0.000 0.000 0.000 0.000 0.000 0.000 0.000 0.000 0.000 0.000 0.000 0.000 0.001 0.003 0.021 0.115 0.382 0.860 1.521 2.403 3.566 4.659 5.364 5.703 5.779 5.715 5.378 4.557 3.480 2.939 2.846 3.003 3.599 4.666 6.245 8.013 9.319 10.154 10.592 10.764 10.776 10.667 10.338 9.745 8.878 7.926 7.141 6.490 5.818 5.099 4.225 3.197 2.328 1.660 1.165 0.810 0.563 0.395 0.284 0.212 0.168 0.143 0.131 0.126 0.126 0.129 0.140 0.167 0.216 0.289
0.000 0.000 0.000 0.000 0.000 0.000 0.000 0.000 0.000 0.000 0.000 0.000 0.000 0.000 0.000 0.000 0.000 0.000 0.000 0.000 0.001 0.009 0.055 0.238 0.656 1.322 2.223 3.422 4.608 5.390 5.785 5.902 5.868 5.592 4.874 3.845 3.300 3.186 3.281 3.733 4.594 5.883 7.383 8.517 9.226 9.589 9.697 9.673 9.488 9.047 8.279 7.200 6.181 5.411 4.830 4.305 3.773 3.161 2.411 1.740 1.223 0.843 0.574 0.387 0.263 0.182 0.132 0.102 0.086 0.078 0.074 0.073 0.073 0.076 0.086 0.107 0.133
0.000 0.000 0.000 0.000 0.000 0.000 0.000 0.000 0.000 0.000 0.000 0.000 0.000 0.000 0.000 0.000 0.000 0.000 0.000 0.000 0.001 0.003 0.021 0.112 0.407 1.005 1.901 3.121 4.423 5.318 5.785 5.926 5.905 5.682 5.047 4.132 3.669 3.574 3.631 3.947 4.581 5.524 6.666 7.557 8.109 8.346 8.385 8.298 8.009 7.453 6.593 5.543 4.688 4.033 3.516 3.078 2.665 2.232 1.719 1.238 0.862 0.586 0.393 0.260 0.171 0.114 0.080 0.061 0.050 0.045 0.042 0.040 0.038 0.037 0.038 0.042 0.046
0.000 0.000 0.000 0.000 0.000 0.000 0.000 0.000 0.000 0.000 0.000 0.000 0.000 0.000 0.000 0.000 0.000 0.000 0.000 0.000 0.000 0.001 0.006 0.040 0.185 0.601 1.400 2.583 3.995 5.074 5.679 5.886 5.883 5.686 5.119 4.323 3.919 3.807 3.820 4.030 4.503 5.133 5.864 6.453 6.804 6.912 6.885 6.723 6.384 5.844 5.074 4.182 3.474 2.940 2.520 2.165 1.832 1.500 1.151 0.830 0.573 0.383 0.251 0.163 0.104 0.068 0.047 0.035 0.029 0.025 0.023 0.021 0.019 0.017 0.016 0.015 0.015
0.000 0.000 0.000 0.000 0.000 0.000 0.000 0.000 0.000 0.000 0.000 0.000 0.000 0.000 0.000 0.000 0.000 0.000 0.000 0.000 0.000 0.001 0.002 0.012 0.063 0.256 0.757 1.718 3.136 4.514 5.365 5.722 5.766 5.620 5.140 4.415 4.018 3.864 3.844 3.966 4.261 4.590 4.922 5.209 5.380 5.401 5.359 5.214 4.925 4.472 3.830 3.092 2.508 2.079 1.754 1.482 1.231 0.979 0.733 0.520 0.353 0.230 0.146 0.091 0.057 0.037 0.025 0.018 0.015 0.013 0.012 0.010 0.009 0.008 0.007 0.006 0.006
0.000 0.000 0.000 0.000 0.000 0.000 0.000 0.000 0.000 0.000 0.000 0.000 0.000 0.000 0.000 0.000 0.000 0.000 0.000 0.000 0.000 0.001 0.002 0.006 0.026 0.101 0.317 0.818 1.803 3.242 4.540 5.242 5.455 5.398 5.044 4.404 3.984 3.787 3.710 3.707 3.764 3.789 3.772 3.811 3.907 3.972 3.955 3.858 3.652 3.311 2.811 2.219 1.754 1.420 1.174 0.976 0.796 0.622 0.458 0.317 0.208 0.131 0.079 0.047 0.029 0.018 0.012 0.009 0.007 0.006 0.005 0.005 0.004 0.004 0.003 0.003 0.003
0.000 0.000 0.000 0.000 0.000 0.000 0.000 0.000 0.000 0.000 0.000 0.000 0.000 0.000 0.000 0.000 0.000 0.000 0.000 0.000 0.000 0.001 0.003 0.008 0.027 0.082 0.214 0.459 0.868 1.570 2.710 3.885 4.568 4.723 4.538 4.089 3.693 3.460 3.310 3.187 3.036 2.766 2.540 2.491 2.546 2.666 2.718 2.686 2.560 2.330 1.975 1.529 1.176 0.928 0.752 0.615 0.495 0.383 0.280 0.193 0.124 0.075 0.044 0.025 0.014 0.008 0.005 0.004 0.003 0.003 0.002 0.002 0.002 0.002 0.002 0.002 0.002
0.000 0.000 0.000 0.000 0.000 0.000 0.000 0.000 0.000 0.000 0.000 0.000 0.000 0.000 0.000 0.000 0.000 0.000 0.000 0.000 0.001 0.002 0.006 0.019 0.054 0.134 0.294 0.489 0.650 0.802 1.102 1.725 2.504 3.090 3.239 3.098 2.879 2.691 2.532 2.355 2.104 1.749 1.502 1.426 1.442 1.535 1.652 1.699 1.653 1.520 1.297 0.996 0.747 0.575 0.457 0.369 0.295 0.227 0.166 0.114 0.073 0.044 0.025 0.014 0.007 0.004 0.002 0.001 0.001 0.001 0.001 0.001 0.001 0.001 0.001 0.001 0.001
0.000 0.000 0.000 0.000 0.000 0.000 0.000 0.000 0.000 0.000 0.000 0.000 0.000 0.000 0.000 0.000 0.000 0.000 0.000 0.000 0.001 0.004 0.015 0.047 0.126 0.298 0.508 0.634 0.673 0.651 0.550 0.502 0.711 1.133 1.446 1.548 1.555 1.511 1.448 1.358 1.208 0.969 0.772 0.689 0.679 0.714 0.807 0.903 0.933 0.887 0.774 0.603 0.443 0.334 0.261 0.209 0.167 0.128 0.093 0.064 0.041 0.025 0.014 0.007 0.003 0.002 0.001 0.001 0.001 0.001 0.001 0.001 0.001 0.001 0.001 0.001 0.001
0.000 0.000 0.000 0.000 0.000 0.000 0.000 0.000 0.000 0.000 0.000 0.000 0.000 0.000 0.000 0.000 0.000 0.000 0.000 0.001 0.002 0.010 0.035 0.103 0.267 0.491 0.632 0.673 0.665 0.581 0.373 0.185 0.130 0.228 0.421 0.559 0.631 0.661 0.665 0.643 0.582 0.465 0.346 0.281 0.260 0.262 0.295 0.363 0.419 0.432 0.401 0.329 0.241 0.178 0.137 0.109 0.086 0.066 0.048 0.032 0.021 0.012 0.006 0.003 0.001 0.001 0.001 0.001 0.001 0.001 0.001 0.001 0.001 0.001 0.001 0.001 0.001
0.000 0.000 0.000 0.000 0.000 0.000 0.000 0.000 0.000 0.000 0.000 0.000 0.000 0.000 0.000 0.000 0.000 0.000 0.000 0.001 0.005 0.021 0.070 0.200 0.425 0.591 0.651 0.656 0.591 0.409 0.194 0.073 0.033 0.030 0.071 0.139 0.194 0.229 0.244 0.246 0.231 0.193 0.140 0.104 0.086 0.080 0.082 0.101 0.136 0.159 0.163 0.147 0.113 0.083 0.062 0.048 0.037 0.028 0.020 0.013 0.008 0.005 0.002 0.001 0.001 0.001 0.001 0.001 0.001 0.001 0.001 0.001 0.001 0.001 0.001 0.001 0.001
0.000 0.000 0.000 0.000 0.000 0.000 0.000 0.000 0.000 0.000 0.000 0.000 0.000 0.000 0.000 0.000 0.000 0.000 0.001 0.003 0.011 0.042 0.127 0.318 0.523 0.609 0.624 0.572 0.394 0.184 0.070 0.024 0.008 0.005 0.008 0.022 0.043 0.061 0.072 0.076 0.076 0.068 0.052 0.036 0.027 0.023 0.021 0.023 0.030 0.042 0.048 0.048 0.042 0.030 0.022 0.017 0.013 0.009 0.006 0.004 0.002 0.001 0.001 0.001 0.001 0.001 0.001 0.001 0.001 0.001 0.001 0.001 0.001 0.001 0.001 0.001 0.000
0.000 0.000 0.000 0.000 0.000 0.000 0.000 0.000 0.000 0.000 0.000 0.000 0.000 0.000 0.000 0.000 0.000 0.001 0.002 0.007 0.024 0.077 0.212 0.421 0.550 0.582 0.548 0.393 0.185 0.068 0.023 0.007 0.002 0.001 0.001 0.002 0.007 0.013 0.017 0.020 0.021 0.020 0.017 0.011 0.008 0.006 0.005 0.005 0.006 0.008 0.011 0.011 0.011 0.008 0.006 0.004 0.003 0.002 0.002 0.001 0.001 0.001 0.001 0.001 0.001 0.001 0.001 0.001 0.001 0.001 0.001 0.001 0.001 0.001 0.001 0.001 0.000
0.000 0.000 0.000 0.000 0.000 0.000 0.000 0.000 0.000 0.000 0.000 0.000 0.000 0.000 0.000 0.000 0.001 0.002 0.005 0.015 0.047 0.134 0.311 0.471 0.528 0.521 0.414 0.211 0.076 0.025 0.008 0.002 0.001 0.001 0.001 0.001 0.001 0.002 0.003 0.004 0.005 0.005 0.004 0.003 0.002 0.001 0.001 0.001 0.001 0.001 0.002 0.002 0.002 0.002 0.001 0.001 0.001 0.001 0.001 0.000 0.000 0.000 0.000 0.001 0.001 0.001 0.001 0.001 0.001 0.001 0.001 0.001 0.001 0.001 0.001 0.001 0.000
0.000 0.000 0.000 0.000 0.000 0.000 0.000 0.000 0.000 0.000 0.000 0.000 0.000 0.000 0.001 0.001 0.002 0.005 0.012 0.031 0.082 0.205 0.383 0.472 0.483 0.430 0.264 0.098 0.031 0.009 0.002 0.001 0.001 0.001 0.001 0.000 0.000 0.001 0.001 0.001 0.001 0.001 0.001 0.001 0.001 0.001 0.001 0.001 0.001 0.001 0.001 0.001 0.001 0.000 0.000 0.000 0.000 0.000 0.000 0.000 0.000 0.000 0.000 0.001 0.001 0.000 0.001 0.001 0.001 0.001 0.001 0.001 0.001 0.000 0.000 0.001 0.000
0.000 0.000 0.000 0.000 0.000 0.000 0.000 0.000 0.000 0.000 0.000 0.000 0.001 0.001 0.002 0.003 0.006 0.012 0.025 0.056 0.128 0.273 0.408 0.447 0.429 0.317 0.139 0.044 0.012 0.003 0.001 0.001 0.001 0.001 0.001 0.000 0.000 0.000 0.000 0.000 0.000 0.001 0.001 0.001 0.001 0.001 0.001 0.001 0.001 0.001 0.000 0.000 0.000 0.000 0.000 0.000 0.000 0.000 0.000 0.000 0.000 0.000 0.000 0.001 0.000 0.000 0.001 0.001 0.001 0.001 0.001 0.001 0.001 0.000 0.000 0.000 0.000
0.000 0.000 0.000 0.000 0.000 0.000 0.000 0.000 0.000 0.000 0.001 0.001 0.002 0.003 0.005 0.008 0.013 0.023 0.042 0.085 0.177 0.320 0.398 0.406 0.353 0.198 0.066 0.019 0.005 0.001 0.001 0.001 0.001 0.001 0.001 0.000 0.000 0.000 0.000 0.000 0.000 0.001 0.001 0.001 0.001 0.001 0.001 0.001 0.001 0.001 0.001 0.000 0.000 0.000 0.000 0.000 0.000 0.000 0.000 0.000 0.000 0.000 0.000 0.000 0.000 0.000 0.001 0.001 0.001 0.001 0.000 0.001 0.000 0.000 0.000 0.000 0.000
0.000 0.000 0.000 0.000 0.000 0.000 0.000 0.000 0.000 0.001 0.002 0.003 0.004 0.006 0.010 0.014 0.021 0.033 0.059 0.116 0.229 0.342 0.376 0.360 0.261 0.106 0.031 0.008 0.002 0.001 0.001 0.001 0.001 0.001 0.001 0.000 0.000 0.000 0.000 0.000 0.001 0.001 0.001 0.001 0.001 0.001 0.001 0.001 0.001 0.001 0.001 0.000 0.000 0.000 0.000 0.000 0.000 0.000 0.000 0.000 0.000 0.000 0.000 0.000 0.000 0.000 0.001 0.001 0.001 0.000 0.000 0.000 0.000 0.000 0.000 0.000 0.000
