RESULTS/r.avaflow_results/11_results/11_ascii/11_hflow0033.asc
ncols 506
nrows 317
xllcenter 498237.50
yllcenter 5580050.00
cellsize 12.50
NODATA_value -9999.000
[rows 170 to 203 of 317, columns 77 to 153 of 506]
0.000 0.000 0.000 0.000 0.000 0.000 0.000 0.000 0.000 0.000 0.000 0.001 0.002 0.003 0.006 0.009 0.013 0.018 0.023 0.028 0.035 0.048 0.070 0.111 0.168 0.214 0.236 0.241 0.241 0.238 0.233 0.222 0.205 0.179 0.149 0.126 0.112 0.104 0.101 0.102 0.109 0.129 0.179 0.296 0.521 0.855 1.254 1.677 2.135 2.687 3.439 4.495 5.662 6.606 7.224 7.599 7.881 8.235 8.746 9.437 10.326 11.358 12.378 13.067 13.397 13.514 13.539 13.468 13.278 12.982 12.625 12.175 11.656 11.151 10.736 10.392 10.110
0.000 0.000 0.000 0.000 0.000 0.000 0.000 0.000 0.000 0.000 0.001 0.002 0.005 0.009 0.015 0.022 0.030 0.039 0.049 0.061 0.077 0.102 0.142 0.202 0.263 0.300 0.313 0.314 0.313 0.308 0.299 0.283 0.257 0.220 0.185 0.162 0.150 0.146 0.147 0.156 0.184 0.249 0.396 0.690 1.160 1.748 2.360 2.984 3.668 4.484 5.429 6.407 7.212 7.766 8.088 8.264 8.420 8.700 9.151 9.792 10.634 11.617 12.559 13.172 13.454 13.543 13.543 13.452 13.270 13.026 12.784 12.558 12.384 12.324 12.374 12.489 12.691
0.000 0.000 0.000 0.000 0.000 0.000 0.000 0.000 0.000 0.001 0.003 0.006 0.012 0.019 0.029 0.041 0.055 0.071 0.091 0.114 0.144 0.188 0.251 0.321 0.370 0.392 0.396 0.396 0.394 0.388 0.375 0.352 0.316 0.267 0.229 0.208 0.200 0.200 0.211 0.246 0.331 0.516 0.878 1.474 2.267 3.098 3.892 4.699 5.552 6.394 7.154 7.771 8.193 8.427 8.512 8.534 8.624 8.861 9.263 9.862 10.661 11.609 12.516 13.111 13.388 13.472 13.471 13.419 13.341 13.278 13.281 13.368 13.543 13.784 14.107 14.603 15.360
0.000 0.000 0.000 0.000 0.000 0.000 0.000 0.000 0.001 0.003 0.007 0.013 0.021 0.033 0.049 0.067 0.089 0.115 0.148 0.187 0.237 0.304 0.384 0.446 0.477 0.488 0.489 0.489 0.486 0.477 0.459 0.429 0.382 0.322 0.282 0.264 0.262 0.271 0.307 0.402 0.621 1.054 1.774 2.774 3.870 4.854 5.718 6.499 7.214 7.845 8.342 8.657 8.804 8.808 8.705 8.623 8.678 8.883 9.255 9.812 10.558 11.467 12.340 12.918 13.203 13.313 13.387 13.475 13.602 13.775 13.968 14.185 14.447 14.784 15.275 16.058 17.238
0.000 0.000 0.000 0.000 0.000 0.000 0.000 0.000 0.001 0.005 0.010 0.018 0.030 0.047 0.069 0.096 0.130 0.170 0.218 0.277 0.350 0.437 0.513 0.562 0.585 0.592 0.594 0.593 0.588 0.577 0.555 0.517 0.457 0.388 0.346 0.331 0.333 0.359 0.445 0.657 1.119 1.950 3.186 4.580 5.775 6.679 7.377 7.959 8.450 8.833 9.080 9.187 9.152 8.988 8.766 8.645 8.676 8.852 9.182 9.680 10.350 11.177 11.995 12.569 12.908 13.134 13.352 13.584 13.832 14.075 14.308 14.558 14.855 15.270 15.912 16.890 18.268
0.000 0.000 0.000 0.000 0.000 0.000 0.000 0.000 0.002 0.005 0.012 0.021 0.036 0.056 0.084 0.121 0.168 0.228 0.299 0.383 0.478 0.570 0.638 0.680 0.700 0.708 0.710 0.709 0.704 0.690 0.663 0.617 0.545 0.464 0.415 0.399 0.403 0.443 0.579 0.937 1.720 3.055 4.837 6.367 7.451 8.194 8.694 9.049 9.315 9.482 9.539 9.492 9.320 9.052 8.774 8.625 8.623 8.756 9.031 9.459 10.036 10.744 11.488 12.094 12.549 12.937 13.281 13.584 13.860 14.111 14.345 14.600 14.910 15.370 16.097 17.157 18.555
0.000 0.000 0.000 0.000 0.000 0.000 0.000 0.000 0.002 0.006 0.012 0.023 0.038 0.061 0.093 0.137 0.196 0.273 0.373 0.493 0.609 0.701 0.767 0.807 0.828 0.838 0.840 0.840 0.833 0.817 0.785 0.731 0.649 0.551 0.486 0.462 0.463 0.505 0.661 1.098 2.107 3.860 6.093 7.746 8.784 9.383 9.684 9.831 9.918 9.924 9.836 9.648 9.377 9.051 8.755 8.571 8.509 8.584 8.799 9.153 9.632 10.216 10.872 11.525 12.112 12.626 13.042 13.366 13.632 13.855 14.065 14.304 14.612 15.110 15.902 17.004 18.394
0.000 0.000 0.000 0.000 0.000 0.000 0.000 0.000 0.002 0.006 0.012 0.023 0.039 0.063 0.098 0.145 0.211 0.302 0.425 0.585 0.733 0.837 0.907 0.950 0.974 0.984 0.987 0.986 0.979 0.960 0.923 0.862 0.769 0.649 0.561 0.521 0.517 0.553 0.705 1.155 2.267 4.316 6.936 8.772 9.799 10.257 10.394 10.411 10.360 10.226 10.005 9.712 9.374 9.018 8.706 8.481 8.356 8.359 8.500 8.770 9.150 9.624 10.191 10.855 11.512 12.050 12.452 12.738 12.947 13.109 13.266 13.459 13.746 14.269 15.125 16.299 17.724
0.000 0.000 0.000 0.000 0.000 0.000 0.000 0.000 0.002 0.005 0.012 0.022 0.039 0.063 0.098 0.148 0.217 0.315 0.452 0.643 0.847 0.984 1.065 1.114 1.140 1.151 1.153 1.151 1.142 1.119 1.077 1.009 0.904 0.762 0.642 0.580 0.566 0.590 0.726 1.160 2.284 4.476 7.437 9.479 10.508 10.852 10.894 10.828 10.657 10.396 10.071 9.712 9.334 8.952 8.618 8.354 8.176 8.104 8.151 8.317 8.586 8.948 9.415 10.025 10.643 11.113 11.436 11.639 11.756 11.831 11.917 12.052 12.328 12.895 13.826 15.080 16.580
0.000 0.000 0.000 0.000 0.000 0.000 0.000 0.000 0.001 0.005 0.011 0.020 0.036 0.061 0.096 0.146 0.217 0.316 0.459 0.665 0.929 1.140 1.250 1.304 1.330 1.340 1.341 1.338 1.325 1.298 1.250 1.173 1.058 0.894 0.734 0.642 0.611 0.623 0.736 1.140 2.239 4.466 7.639 9.888 10.952 11.226 11.221 11.078 10.810 10.458 10.072 9.671 9.260 8.853 8.494 8.194 7.965 7.820 7.766 7.805 7.935 8.158 8.490 8.984 9.472 9.811 10.008 10.100 10.126 10.141 10.190 10.336 10.688 11.339 12.326 13.617 15.156
0.000 0.000 0.000 0.000 0.000 0.000 0.000 0.000 0.001 0.003 0.008 0.016 0.030 0.053 0.087 0.136 0.206 0.305 0.450 0.660 0.953 1.266 1.457 1.527 1.548 1.554 1.554 1.547 1.529 1.496 1.442 1.357 1.231 1.047 0.845 0.711 0.657 0.657 0.740 1.091 2.122 4.345 7.621 10.032 11.180 11.433 11.386 11.177 10.848 10.454 10.031 9.588 9.145 8.722 8.339 8.004 7.725 7.513 7.374 7.304 7.300 7.366 7.528 7.831 8.131 8.329 8.437 8.487 8.522 8.579 8.680 8.883 9.285 9.951 10.892 12.105 13.574
0.000 0.000 0.000 0.000 0.000 0.000 0.000 0.000 0.000 0.002 0.004 0.009 0.019 0.036 0.064 0.107 0.170 0.262 0.398 0.605 0.910 1.307 1.624 1.770 1.798 1.797 1.792 1.779 1.756 1.717 1.656 1.564 1.426 1.229 0.985 0.801 0.710 0.694 0.745 1.023 1.934 4.064 7.387 9.977 11.230 11.507 11.432 11.179 10.823 10.395 9.925 9.448 8.988 8.558 8.159 7.799 7.483 7.217 7.007 6.848 6.736 6.673 6.703 6.843 6.987 7.079 7.130 7.164 7.211 7.290 7.419 7.646 8.039 8.641 9.470 10.540 11.845
0.000 0.000 0.000 0.000 0.000 0.000 0.000 0.000 0.000 0.001 0.002 0.004 0.008 0.017 0.033 0.060 0.104 0.172 0.282 0.466 0.770 1.224 1.692 1.966 2.054 2.063 2.053 2.034 2.005 1.961 1.894 1.794 1.649 1.442 1.170 0.929 0.790 0.747 0.772 0.973 1.710 3.627 6.884 9.685 11.108 11.471 11.396 11.119 10.723 10.259 9.741 9.247 8.787 8.362 7.964 7.592 7.245 6.931 6.660 6.427 6.224 6.066 6.001 6.029 6.062 6.075 6.079 6.088 6.123 6.193 6.317 6.529 6.870 7.362 8.029 8.903 9.993
0.000 0.000 0.000 0.000 0.000 0.000 0.000 0.000 0.000 0.000 0.001 0.001 0.003 0.006 0.013 0.024 0.044 0.078 0.140 0.267 0.531 1.010 1.628 2.066 2.264 2.313 2.317 2.303 2.274 2.226 2.156 2.054 1.905 1.696 1.411 1.118 0.922 0.838 0.837 0.971 1.525 3.124 6.154 9.108 10.695 11.196 11.177 10.924 10.505 10.002 9.453 8.965 8.529 8.127 7.745 7.372 7.011 6.664 6.341 6.041 5.761 5.536 5.404 5.355 5.314 5.269 5.229 5.204 5.208 5.247 5.333 5.492 5.750 6.122 6.637 7.333 8.221
0.000 0.000 0.000 0.000 0.000 0.000 0.000 0.000 0.000 0.000 0.000 0.000 0.001 0.002 0.004 0.008 0.016 0.029 0.057 0.125 0.301 0.718 1.423 2.051 2.391 2.524 2.561 2.564 2.549 2.511 2.445 2.345 2.201 1.998 1.718 1.387 1.136 1.001 0.968 1.041 1.442 2.692 5.279 8.226 9.936 10.579 10.650 10.484 10.105 9.598 9.036 8.556 8.170 7.819 7.474 7.125 6.771 6.412 6.054 5.701 5.355 5.076 4.889 4.785 4.692 4.602 4.519 4.456 4.422 4.419 4.450 4.532 4.690 4.951 5.338 5.870 6.547
0.000 0.000 0.000 0.000 0.000 0.000 0.000 0.000 0.000 0.000 0.000 0.000 0.000 0.001 0.001 0.003 0.005 0.010 0.023 0.056 0.159 0.455 1.096 1.903 2.423 2.670 2.774 2.809 2.812 2.796 2.753 2.672 2.544 2.358 2.098 1.758 1.461 1.277 1.209 1.235 1.511 2.420 4.381 7.059 8.843 9.620 9.782 9.709 9.442 9.009 8.470 7.985 7.629 7.351 7.088 6.817 6.514 6.168 5.792 5.397 4.999 4.671 4.436 4.284 4.151 4.024 3.905 3.804 3.732 3.685 3.660 3.666 3.731 3.888 4.153 4.516 4.947
0.000 0.000 0.000 0.000 0.000 0.000 0.000 0.000 0.000 0.000 0.000 0.000 0.000 0.000 0.000 0.001 0.002 0.004 0.010 0.027 0.083 0.267 0.749 1.576 2.314 2.730 2.931 3.024 3.057 3.059 3.041 2.989 2.893 2.742 2.522 2.214 1.909 1.698 1.594 1.583 1.722 2.318 3.706 5.832 7.491 8.338 8.584 8.588 8.464 8.177 7.734 7.229 6.867 6.658 6.508 6.364 6.181 5.903 5.534 5.114 4.678 4.310 4.031 3.834 3.661 3.500 3.352 3.221 3.114 3.026 2.953 2.902 2.891 2.945 3.077 3.264 3.429
0.000 0.000 0.000 0.000 0.000 0.000 0.000 0.000 0.000 0.000 0.000 0.000 0.000 0.000 0.000 0.000 0.001 0.002 0.004 0.013 0.044 0.147 0.455 1.131 2.024 2.666 3.012 3.192 3.274 3.297 3.294 3.264 3.191 3.066 2.874 2.607 2.356 2.184 2.091 2.061 2.099 2.424 3.320 4.851 6.236 6.973 7.223 7.263 7.240 7.111 6.820 6.367 5.963 5.774 5.736 5.723 5.680 5.533 5.235 4.829 4.377 3.979 3.666 3.423 3.207 3.013 2.839 2.685 2.549 2.428 2.321 2.228 2.149 2.100 2.095 2.106 2.069
0.000 0.000 0.000 0.000 0.000 0.000 0.000 0.000 0.000 0.000 0.000 0.000 0.000 0.000 0.000 0.000 0.000 0.001 0.002 0.007 0.023 0.079 0.253 0.705 1.548 2.445 2.991 3.289 3.447 3.503 3.510 3.493 3.436 3.321 3.138 2.889 2.677 2.540 2.472 2.454 2.473 2.622 3.129 4.154 5.247 5.863 6.096 6.153 6.154 6.091 5.918 5.609 5.225 4.966 4.890 4.927 4.981 4.961 4.801 4.487 4.075 3.660 3.319 3.039 2.780 2.551 2.354 2.181 2.023 1.879 1.747 1.616 1.472 1.332 1.218 1.111 0.995
0.000 0.000 0.000 0.000 0.000 0.000 0.000 0.000 0.000 0.000 0.000 0.000 0.000 0.000 0.000 0.000 0.000 0.001 0.001 0.004 0.012 0.041 0.134 0.409 1.042 2.021 2.835 3.298 3.545 3.659 3.683 3.673 3.622 3.509 3.322 3.076 2.883 2.760 2.700 2.686 2.698 2.779 3.055 3.689 4.504 5.002 5.208 5.272 5.283 5.253 5.149 4.947 4.646 4.356 4.184 4.131 4.151 4.182 4.143 3.968 3.661 3.279 2.919 2.616 2.338 2.089 1.875 1.689 1.519 1.359 1.202 1.036 0.862 0.706 0.582 0.480 0.396
0.000 0.000 0.000 0.000 0.000 0.000 0.000 0.000 0.000 0.000 0.000 0.000 0.000 0.000 0.000 0.000 0.000 0.000 0.001 0.002 0.006 0.021 0.070 0.224 0.641 1.472 2.478 3.166 3.547 3.736 3.802 3.799 3.749 3.631 3.433 3.184 2.998 2.876 2.811 2.792 2.796 2.842 2.997 3.373 3.939 4.328 4.502 4.558 4.567 4.552 4.484 4.347 4.128 3.861 3.635 3.478 3.378 3.316 3.268 3.181 2.996 2.704 2.359 2.053 1.786 1.547 1.341 1.159 0.992 0.837 0.691 0.552 0.420 0.316 0.242 0.189 0.152
0.000 0.000 0.000 0.000 0.000 0.000 0.000 0.000 0.000 0.000 0.000 0.000 0.000 0.000 0.000 0.000 0.000 0.000 0.000 0.001 0.003 0.011 0.037 0.123 0.382 0.979 1.947 2.848 3.416 3.719 3.843 3.861 3.819 3.693 3.482 3.232 3.048 2.924 2.852 2.822 2.818 2.844 2.927 3.120 3.466 3.759 3.901 3.949 3.956 3.945 3.896 3.792 3.622 3.394 3.151 2.932 2.738 2.565 2.405 2.254 2.090 1.876 1.597 1.328 1.102 0.911 0.750 0.618 0.506 0.410 0.324 0.244 0.174 0.127 0.098 0.078 0.064
0.000 0.000 0.000 0.000 0.000 0.000 0.000 0.000 0.000 0.000 0.000 0.000 0.000 0.000 0.000 0.000 0.000 0.000 0.000 0.001 0.002 0.007 0.023 0.076 0.242 0.674 1.460 2.422 3.144 3.584 3.801 3.862 3.834 3.708 3.490 3.242 3.060 2.935 2.858 2.818 2.802 2.795 2.816 2.881 3.040 3.235 3.351 3.397 3.406 3.397 3.357 3.269 3.122 2.919 2.674 2.420 2.176 1.942 1.718 1.505 1.299 1.091 0.881 0.693 0.542 0.424 0.333 0.264 0.209 0.164 0.127 0.094 0.069 0.053 0.043 0.036 0.032
0.000 0.000 0.000 0.000 0.000 0.000 0.000 0.000 0.000 0.000 0.000 0.000 0.000 0.000 0.000 0.000 0.000 0.000 0.000 0.001 0.002 0.006 0.020 0.062 0.187 0.524 1.172 2.064 2.820 3.341 3.648 3.778 3.786 3.686 3.477 3.233 3.053 2.927 2.841 2.781 2.730 2.677 2.632 2.608 2.640 2.724 2.809 2.865 2.885 2.880 2.844 2.763 2.626 2.432 2.186 1.909 1.636 1.381 1.146 0.933 0.742 0.573 0.431 0.317 0.232 0.171 0.129 0.099 0.078 0.062 0.050 0.039 0.031 0.026 0.023 0.020 0.019
0.000 0.000 0.000 0.000 0.000 0.000 0.000 0.000 0.000 0.000 0.000 0.000 0.000 0.000 0.000 0.000 0.000 0.000 0.000 0.001 0.002 0.007 0.021 0.062 0.179 0.478 1.041 1.823 2.516 3.030 3.381 3.570 3.618 3.564 3.402 3.184 3.011 2.882 2.780 2.688 2.595 2.489 2.370 2.279 2.231 2.222 2.259 2.318 2.354 2.358 2.332 2.257 2.119 1.910 1.633 1.338 1.076 0.855 0.666 0.506 0.373 0.268 0.190 0.134 0.095 0.068 0.050 0.039 0.031 0.026 0.022 0.019 0.017 0.015 0.014 0.013 0.013
0.000 0.000 0.000 0.000 0.000 0.000 0.000 0.000 0.000 0.000 0.000 0.000 0.000 0.000 0.000 0.000 0.000 0.000 0.000 0.001 0.003 0.010 0.028 0.075 0.195 0.482 0.988 1.660 2.235 2.676 3.010 3.227 3.314 3.303 3.212 3.056 2.900 2.771 2.651 2.530 2.398 2.241 2.053 1.897 1.797 1.745 1.723 1.731 1.748 1.754 1.735 1.659 1.503 1.263 0.984 0.751 0.573 0.430 0.315 0.225 0.158 0.110 0.077 0.054 0.038 0.027 0.021 0.017 0.015 0.013 0.012 0.011 0.011 0.010 0.010 0.009 0.009
0.000 0.000 0.000 0.000 0.000 0.000 0.000 0.000 0.000 0.000 0.000 0.000 0.000 0.000 0.000 0.000 0.000 0.000 0.001 0.002 0.006 0.018 0.046 0.109 0.242 0.510 0.956 1.517 1.958 2.294 2.563 2.762 2.876 2.908 2.883 2.807 2.695 2.574 2.448 2.310 2.149 1.952 1.725 1.539 1.406 1.316 1.250 1.197 1.150 1.106 1.053 0.971 0.836 0.650 0.470 0.336 0.238 0.167 0.116 0.080 0.057 0.041 0.029 0.021 0.015 0.012 0.010 0.009 0.008 0.008 0.008 0.007 0.007 0.007 0.007 0.007 0.007
0.000 0.000 0.000 0.000 0.000 0.000 0.000 0.000 0.000 0.000 0.000 0.000 0.000 0.000 0.000 0.000 0.001 0.001 0.002 0.005 0.013 0.034 0.080 0.156 0.283 0.522 0.916 1.361 1.669 1.888 2.071 2.224 2.338 2.406 2.433 2.420 2.372 2.285 2.172 2.034 1.866 1.661 1.432 1.234 1.080 0.960 0.862 0.773 0.692 0.616 0.545 0.467 0.372 0.264 0.177 0.118 0.079 0.053 0.036 0.026 0.019 0.014 0.011 0.008 0.006 0.006 0.005 0.005 0.005 0.005 0.005 0.005 0.005 0.005 0.005 0.005 0.005
0.000 0.000 0.000 0.000 0.000 0.000 0.000 0.000 0.000 0.000 0.000 0.000 0.000 0.000 0.001 0.001 0.001 0.002 0.005 0.011 0.027 0.064 0.120 0.186 0.294 0.502 0.838 1.164 1.360 1.498 1.623 1.730 1.812 1.872 1.912 1.932 1.933 1.901 1.827 1.713 1.563 1.381 1.174 0.978 0.815 0.682 0.568 0.468 0.381 0.308 0.245 0.189 0.135 0.090 0.058 0.037 0.024 0.016 0.011 0.008 0.006 0.005 0.004 0.003 0.003 0.003 0.003 0.003 0.003 0.003 0.003 0.004 0.004 0.004 0.004 0.004 0.004
0.000 0.000 0.000 0.000 0.000 0.000 0.000 0.000 0.000 0.000 0.000 0.000 0.001 0.001 0.001 0.002 0.003 0.006 0.011 0.023 0.053 0.100 0.146 0.194 0.279 0.440 0.694 0.917 1.048 1.151 1.242 1.315 1.371 1.411 1.439 1.457 1.463 1.458 1.427 1.356 1.247 1.106 0.941 0.763 0.604 0.472 0.363 0.274 0.203 0.148 0.105 0.072 0.047 0.030 0.018 0.011 0.007 0.005 0.003 0.002 0.002 0.002 0.001 0.001 0.001 0.001 0.002 0.002 0.002 0.002 0.002 0.002 0.002 0.003 0.003 0.003 0.003
0.000 0.000 0.000 0.000 0.000 0.000 0.000 0.000 0.000 0.000 0.000 0.001 0.002 0.002 0.003 0.005 0.008 0.012 0.022 0.043 0.082 0.124 0.152 0.182 0.229 0.321 0.478 0.651 0.771 0.859 0.928 0.977 1.010 1.031 1.045 1.053 1.056 1.053 1.037 0.998 0.932 0.837 0.718 0.575 0.434 0.319 0.229 0.160 0.109 0.072 0.046 0.029 0.017 0.010 0.006 0.004 0.002 0.001 0.001 0.001 0.001 0.001 0.000 0.000 0.001 0.001 0.001 0.001 0.001 0.001 0.001 0.001 0.001 0.002 0.002 0.002 0.002
0.001 0.001 0.002 0.002 0.002 0.002 0.002 0.002 0.002 0.002 0.002 0.003 0.004 0.005 0.008 0.011 0.015 0.022 0.035 0.059 0.101 0.131 0.145 0.152 0.161 0.192 0.280 0.427 0.546 0.622 0.674 0.705 0.721 0.727 0.723 0.712 0.705 0.698 0.687 0.665 0.629 0.575 0.500 0.403 0.295 0.206 0.140 0.092 0.058 0.035 0.021 0.012 0.006 0.004 0.002 0.001 0.001 0.001 0.000 0.000 0.000 0.000 0.000 0.000 0.000 0.001 0.001 0.001 0.001 0.001 0.001 0.001 0.001 0.001 0.001 0.001 0.002
0.003 0.004 0.004 0.004 0.004 0.004 0.004 0.004 0.004 0.004 0.005 0.006 0.008 0.010 0.013 0.016 0.021 0.029 0.044 0.072 0.110 0.130 0.135 0.129 0.114 0.114 0.156 0.259 0.367 0.433 0.470 0.488 0.493 0.489 0.472 0.444 0.425 0.412 0.400 0.386 0.366 0.340 0.304 0.250 0.182 0.123 0.080 0.050 0.030 0.017 0.009 0.005 0.002 0.001 0.001 0.001 0.000 0.000 0.000 0.000 0.000 0.000 0.000 0.000 0.000 0.000 0.001 0.001 0.001 0.001 0.000 0.000 0.000 0.000 0.000 0.001 0.001
0.006 0.007 0.007 0.006 0.006 0.006 0.006 0.006 0.006 0.007 0.008 0.010 0.012 0.014 0.016 0.019 0.024 0.033 0.052 0.084 0.114 0.125 0.125 0.114 0.081 0.067 0.081 0.139 0.222 0.278 0.306 0.316 0.316 0.308 0.286 0.252 0.228 0.212 0.199 0.188 0.178 0.168 0.154 0.132 0.099 0.066 0.042 0.025 0.015 0.008 0.004 0.002 0.001 0.001 0.001 0.000 0.000 0.000 0.000 0.000 0.000 0.000 0.000 0.000 0.000 0.000 0.001 0.001 0.001 0.000 0.000 0.000 0.000 0.000 0.000 0.000 0.001
