RESULTS/r.avaflow_results/11_results/11_ascii/11_hflow_max0059.asc
ncols 506
nrows 317
xllcenter 498237.50
yllcenter 5580050.00
cellsize 12.50
NODATA_value -9999.000
[rows 170 to 203 of 317, columns 154 to 230 of 506]
20.071 19.556 19.032 18.455 17.778 17.041 16.303 15.624 15.007 14.424 13.838 13.232 12.609 11.946 11.183 10.270 9.154 8.113 7.045 6.082 5.331 4.552 3.803 3.183 2.697 2.325 2.073 1.945 1.895 1.884 1.877 1.884 1.903 1.906 1.892 1.862 1.829 1.840 1.856 1.844 1.814 1.788 1.762 1.734 1.685 1.605 1.491 1.343 1.170 0.990 0.809 0.638 0.494 0.388 0.314 0.261 0.223 0.195 0.176 0.175 0.174 0.172 0.169 0.166 0.165 0.166 0.171 0.190 0.266 0.425 0.626 0.868 1.032 1.116 1.126 1.074 0.964
23.500 23.283 22.922 22.350 21.573 20.681 19.797 18.987 18.256 17.564 16.883 16.204 15.531 14.841 14.194 13.388 12.341 11.149 9.903 8.642 7.347 6.061 4.900 3.987 3.297 2.751 2.346 2.096 1.976 1.950 1.979 2.027 2.045 2.036 1.996 1.946 1.890 1.858 1.865 1.857 1.824 1.769 1.705 1.635 1.546 1.417 1.237 1.002 0.759 0.554 0.405 0.305 0.238 0.192 0.161 0.140 0.125 0.121 0.122 0.122 0.122 0.120 0.116 0.113 0.112 0.112 0.117 0.137 0.192 0.304 0.490 0.705 0.901 1.008 1.051 1.042 0.982
26.358 26.525 26.304 25.759 24.948 23.997 23.060 22.201 21.413 20.661 19.933 19.226 18.592 18.177 17.563 16.664 15.527 14.258 12.925 11.520 9.991 8.350 6.722 5.363 4.286 3.425 2.761 2.327 2.079 1.983 1.992 2.020 2.045 2.048 2.019 1.958 1.885 1.836 1.828 1.794 1.718 1.603 1.463 1.313 1.145 0.942 0.713 0.497 0.343 0.244 0.182 0.142 0.115 0.096 0.084 0.080 0.081 0.084 0.086 0.087 0.087 0.085 0.082 0.080 0.081 0.082 0.087 0.101 0.139 0.215 0.356 0.549 0.790 0.931 0.995 1.009 0.983
28.198 28.581 28.546 28.168 27.526 26.742 25.944 25.193 24.457 23.715 22.965 22.226 21.663 21.197 20.560 19.645 18.463 17.105 15.678 14.205 12.649 10.967 9.133 7.305 5.747 4.482 3.487 2.766 2.309 2.075 1.989 1.984 1.985 1.971 1.928 1.855 1.777 1.717 1.665 1.573 1.414 1.185 0.948 0.739 0.565 0.416 0.294 0.205 0.146 0.109 0.085 0.069 0.058 0.051 0.051 0.053 0.056 0.060 0.062 0.063 0.063 0.063 0.063 0.062 0.063 0.064 0.068 0.078 0.102 0.152 0.246 0.418 0.663 0.858 0.945 0.978 0.971
28.811 29.321 29.527 29.423 29.101 28.668 28.175 27.643 27.044 26.366 25.617 24.830 24.198 23.689 23.049 22.176 21.048 19.721 18.271 16.727 15.072 13.253 11.230 9.218 7.294 5.700 4.426 3.443 2.735 2.290 2.043 1.911 1.837 1.782 1.719 1.631 1.531 1.422 1.296 1.111 0.855 0.610 0.436 0.316 0.232 0.167 0.122 0.089 0.067 0.052 0.043 0.036 0.034 0.034 0.034 0.036 0.040 0.043 0.047 0.049 0.050 0.050 0.050 0.051 0.052 0.053 0.057 0.063 0.079 0.111 0.174 0.297 0.520 0.761 0.887 0.942 0.951
28.518 29.231 29.602 29.754 29.725 29.583 29.348 29.017 28.573 27.988 27.249 26.431 25.933 25.457 24.884 24.117 23.138 21.931 20.477 18.800 16.992 15.157 13.125 10.920 8.642 6.699 5.147 3.953 3.083 2.484 2.089 1.833 1.672 1.553 1.429 1.262 1.080 0.900 0.723 0.548 0.388 0.268 0.188 0.135 0.098 0.073 0.056 0.043 0.035 0.029 0.026 0.024 0.024 0.024 0.025 0.026 0.029 0.034 0.037 0.039 0.040 0.041 0.042 0.043 0.044 0.046 0.049 0.054 0.064 0.086 0.130 0.213 0.385 0.631 0.801 0.886 0.919
27.610 28.486 29.169 29.540 29.701 29.726 29.632 29.405 29.061 28.598 27.968 27.234 26.718 26.309 25.782 25.114 24.289 23.260 21.972 20.387 18.545 16.558 14.433 12.038 9.438 7.220 5.484 4.181 3.242 2.570 2.100 1.767 1.509 1.258 0.981 0.721 0.541 0.418 0.321 0.235 0.167 0.119 0.085 0.062 0.047 0.037 0.030 0.025 0.022 0.020 0.018 0.018 0.018 0.018 0.019 0.021 0.023 0.026 0.029 0.031 0.033 0.034 0.036 0.038 0.039 0.041 0.044 0.048 0.055 0.071 0.101 0.160 0.281 0.486 0.686 0.805 0.870
26.579 27.583 28.403 28.985 29.354 29.536 29.535 29.359 29.048 28.782 28.356 27.570 26.967 26.580 26.146 25.530 24.740 23.794 22.595 21.034 19.233 17.192 14.935 12.373 9.634 7.310 5.515 4.204 3.256 2.563 2.037 1.597 1.192 0.802 0.500 0.326 0.233 0.178 0.136 0.101 0.075 0.056 0.042 0.032 0.027 0.022 0.019 0.017 0.016 0.014 0.014 0.014 0.014 0.015 0.015 0.016 0.018 0.020 0.023 0.025 0.028 0.030 0.031 0.033 0.035 0.038 0.040 0.044 0.049 0.061 0.083 0.124 0.209 0.354 0.547 0.702 0.799
25.209 26.433 27.367 28.067 28.565 28.800 28.820 28.676 28.416 28.317 27.925 27.175 26.549 26.134 25.682 25.056 24.283 23.387 22.272 20.862 19.080 17.005 14.678 12.096 9.353 7.039 5.273 4.003 3.074 2.347 1.736 1.188 0.722 0.399 0.226 0.142 0.101 0.077 0.060 0.047 0.037 0.030 0.025 0.021 0.018 0.016 0.014 0.012 0.011 0.011 0.011 0.011 0.011 0.011 0.012 0.013 0.014 0.016 0.018 0.021 0.024 0.026 0.028 0.030 0.032 0.034 0.037 0.041 0.045 0.053 0.071 0.099 0.160 0.261 0.414 0.580 0.703
23.673 24.981 26.010 26.758 27.252 27.502 27.510 27.330 27.003 26.803 26.431 25.921 25.352 24.742 24.080 23.413 22.700 21.904 20.921 19.597 17.848 15.771 13.453 10.921 8.358 6.236 4.640 3.431 2.492 1.728 1.100 0.633 0.337 0.178 0.101 0.065 0.047 0.037 0.031 0.025 0.022 0.019 0.017 0.015 0.013 0.011 0.010 0.009 0.008 0.008 0.008 0.008 0.008 0.008 0.009 0.010 0.011 0.013 0.015 0.017 0.020 0.023 0.026 0.028 0.030 0.032 0.035 0.038 0.042 0.048 0.062 0.085 0.126 0.200 0.310 0.456 0.591
21.958 23.274 24.342 25.103 25.609 25.873 25.915 25.703 25.243 24.747 24.481 24.289 23.860 23.023 22.086 21.308 20.571 19.779 18.781 17.449 15.671 13.547 11.220 8.870 6.768 5.035 3.577 2.380 1.471 0.856 0.475 0.257 0.140 0.079 0.048 0.034 0.026 0.021 0.019 0.017 0.015 0.014 0.012 0.011 0.009 0.008 0.007 0.006 0.006 0.006 0.006 0.006 0.006 0.006 0.007 0.008 0.009 0.010 0.012 0.014 0.017 0.020 0.023 0.026 0.028 0.031 0.033 0.036 0.039 0.044 0.056 0.075 0.104 0.158 0.240 0.352 0.483
19.635 20.988 22.107 23.004 23.712 24.205 24.389 24.217 23.676 23.143 22.981 22.876 22.460 21.509 20.511 19.736 18.981 18.032 16.749 15.044 12.938 10.532 8.230 6.323 4.729 3.306 2.063 1.159 0.614 0.322 0.174 0.099 0.060 0.038 0.026 0.020 0.016 0.014 0.013 0.012 0.011 0.010 0.009 0.008 0.007 0.006 0.005 0.004 0.004 0.004 0.004 0.004 0.004 0.004 0.005 0.006 0.007 0.008 0.010 0.012 0.014 0.017 0.020 0.024 0.026 0.029 0.032 0.034 0.037 0.042 0.052 0.069 0.094 0.130 0.192 0.278 0.391
16.650 18.018 19.276 20.453 21.463 22.254 22.713 22.713 22.299 21.996 21.826 21.640 21.089 20.134 19.277 18.529 17.661 16.411 14.612 12.277 9.568 6.884 4.746 3.336 2.329 1.496 0.844 0.427 0.210 0.113 0.066 0.043 0.029 0.021 0.016 0.014 0.012 0.011 0.010 0.010 0.009 0.008 0.008 0.007 0.006 0.005 0.004 0.003 0.003 0.002 0.002 0.002 0.002 0.003 0.003 0.004 0.005 0.006 0.008 0.010 0.012 0.015 0.017 0.021 0.024 0.027 0.030 0.033 0.036 0.041 0.049 0.065 0.087 0.116 0.158 0.225 0.316
13.422 14.723 15.957 17.144 18.333 19.302 20.414 20.956 20.933 20.658 20.218 19.629 18.851 18.045 17.312 16.514 15.414 13.746 11.342 8.353 5.447 3.268 1.965 1.253 0.805 0.478 0.258 0.132 0.072 0.044 0.030 0.022 0.017 0.013 0.012 0.011 0.010 0.009 0.009 0.008 0.008 0.007 0.006 0.006 0.005 0.004 0.003 0.002 0.002 0.001 0.001 0.001 0.001 0.001 0.002 0.003 0.004 0.005 0.006 0.008 0.010 0.012 0.015 0.018 0.021 0.025 0.028 0.032 0.036 0.041 0.048 0.062 0.082 0.107 0.137 0.184 0.256
10.080 11.182 12.107 13.274 14.655 15.992 17.187 17.944 18.077 17.812 17.213 16.284 15.310 14.506 13.703 12.691 11.199 9.052 6.347 3.794 2.071 1.050 0.565 0.340 0.211 0.130 0.077 0.046 0.031 0.023 0.018 0.014 0.012 0.011 0.010 0.009 0.009 0.008 0.008 0.007 0.007 0.006 0.005 0.005 0.004 0.003 0.002 0.002 0.001 0.000 0.000 0.000 0.000 0.001 0.001 0.002 0.002 0.003 0.005 0.006 0.008 0.010 0.013 0.016 0.019 0.023 0.027 0.031 0.036 0.041 0.049 0.059 0.077 0.100 0.127 0.157 0.212
7.025 8.019 8.912 9.718 10.511 11.388 12.297 12.951 13.256 13.152 12.669 11.738 10.510 9.331 8.260 7.106 5.685 3.919 2.252 1.126 0.514 0.246 0.143 0.093 0.064 0.044 0.031 0.023 0.018 0.014 0.012 0.011 0.010 0.009 0.009 0.008 0.008 0.007 0.007 0.006 0.006 0.005 0.005 0.004 0.004 0.003 0.002 0.001 0.000 0.000 0.000 0.000 0.000 0.000 0.000 0.001 0.001 0.002 0.003 0.005 0.007 0.009 0.011 0.014 0.017 0.021 0.026 0.030 0.035 0.042 0.049 0.058 0.073 0.094 0.118 0.147 0.181
4.707 5.155 5.508 5.808 6.117 6.485 6.946 7.297 7.432 7.423 7.171 6.511 5.452 4.276 3.402 2.675 1.916 1.097 0.522 0.230 0.112 0.068 0.047 0.035 0.028 0.022 0.017 0.014 0.012 0.011 0.010 0.009 0.008 0.008 0.008 0.007 0.007 0.006 0.006 0.006 0.005 0.005 0.005 0.004 0.004 0.003 0.002 0.001 0.000 0.000 0.000 0.000 0.000 0.000 0.000 0.000 0.001 0.001 0.002 0.004 0.005 0.007 0.010 0.012 0.016 0.020 0.024 0.029 0.035 0.041 0.049 0.058 0.069 0.088 0.112 0.141 0.177
2.828 2.920 2.977 3.015 3.054 3.111 3.196 3.243 3.211 3.113 2.934 2.579 1.985 1.362 0.964 0.682 0.427 0.222 0.105 0.059 0.038 0.029 0.023 0.020 0.017 0.014 0.012 0.011 0.010 0.009 0.009 0.008 0.008 0.007 0.007 0.006 0.006 0.006 0.006 0.006 0.005 0.005 0.005 0.005 0.005 0.004 0.003 0.002 0.001 0.000 0.000 0.000 0.000 0.000 0.000 0.000 0.000 0.001 0.001 0.003 0.004 0.006 0.008 0.011 0.014 0.018 0.023 0.028 0.034 0.040 0.047 0.056 0.066 0.082 0.107 0.138 0.177
1.743 1.706 1.643 1.567 1.487 1.412 1.330 1.231 1.125 1.020 0.909 0.755 0.532 0.345 0.239 0.160 0.098 0.058 0.036 0.026 0.021 0.018 0.016 0.014 0.013 0.011 0.010 0.010 0.009 0.008 0.008 0.007 0.007 0.007 0.006 0.006 0.006 0.006 0.006 0.006 0.007 0.007 0.007 0.007 0.006 0.005 0.004 0.002 0.001 0.000 0.000 0.000 0.000 0.000 0.000 0.000 0.000 0.000 0.001 0.002 0.003 0.004 0.006 0.009 0.012 0.016 0.020 0.025 0.031 0.037 0.044 0.052 0.062 0.075 0.101 0.134 0.175
1.259 1.187 1.074 0.961 0.859 0.763 0.660 0.552 0.453 0.373 0.309 0.249 0.180 0.131 0.096 0.066 0.043 0.030 0.023 0.018 0.016 0.014 0.012 0.011 0.010 0.010 0.009 0.008 0.008 0.008 0.007 0.007 0.007 0.007 0.007 0.007 0.007 0.007 0.008 0.009 0.009 0.010 0.010 0.010 0.009 0.007 0.005 0.003 0.001 0.000 0.000 0.000 0.000 0.000 0.000 0.000 0.000 0.000 0.000 0.001 0.002 0.003 0.005 0.007 0.010 0.013 0.017 0.022 0.027 0.032 0.038 0.045 0.054 0.067 0.090 0.124 0.167
1.080 0.963 0.826 0.700 0.599 0.514 0.427 0.339 0.262 0.204 0.162 0.131 0.105 0.086 0.069 0.050 0.034 0.025 0.019 0.015 0.012 0.011 0.010 0.009 0.009 0.008 0.008 0.008 0.008 0.008 0.008 0.009 0.009 0.009 0.009 0.009 0.010 0.011 0.013 0.014 0.016 0.016 0.016 0.014 0.011 0.009 0.006 0.003 0.001 0.000 0.000 0.000 0.000 0.000 0.000 0.000 0.000 0.000 0.000 0.000 0.001 0.002 0.003 0.005 0.007 0.010 0.013 0.017 0.022 0.027 0.032 0.037 0.044 0.054 0.071 0.101 0.143
1.000 0.859 0.711 0.590 0.499 0.422 0.345 0.273 0.210 0.163 0.132 0.110 0.094 0.080 0.065 0.048 0.033 0.023 0.017 0.013 0.010 0.009 0.009 0.009 0.009 0.009 0.009 0.009 0.010 0.011 0.011 0.012 0.013 0.013 0.013 0.015 0.018 0.021 0.023 0.025 0.026 0.024 0.021 0.018 0.014 0.010 0.006 0.003 0.001 0.000 0.000 0.000 0.000 0.000 0.000 0.000 0.000 0.000 0.000 0.000 0.000 0.001 0.002 0.003 0.005 0.007 0.010 0.013 0.016 0.020 0.024 0.028 0.032 0.039 0.049 0.071 0.103
0.940 0.792 0.652 0.546 0.465 0.393 0.324 0.260 0.205 0.164 0.134 0.113 0.096 0.080 0.065 0.049 0.034 0.023 0.016 0.012 0.010 0.009 0.009 0.009 0.010 0.011 0.012 0.013 0.015 0.016 0.018 0.020 0.021 0.022 0.025 0.029 0.034 0.037 0.038 0.037 0.033 0.029 0.025 0.020 0.015 0.010 0.006 0.003 0.001 0.000 0.000 0.000 0.000 0.000 0.000 0.000 0.000 0.000 0.000 0.000 0.000 0.000 0.001 0.002 0.003 0.005 0.007 0.009 0.012 0.014 0.017 0.020 0.023 0.027 0.033 0.046 0.066
0.893 0.745 0.625 0.533 0.461 0.392 0.327 0.265 0.215 0.176 0.146 0.121 0.100 0.082 0.066 0.051 0.036 0.025 0.017 0.012 0.011 0.011 0.011 0.012 0.014 0.016 0.019 0.023 0.026 0.030 0.033 0.036 0.039 0.043 0.048 0.052 0.053 0.052 0.048 0.043 0.038 0.032 0.026 0.020 0.014 0.009 0.006 0.003 0.001 0.000 0.000 0.000 0.000 0.000 0.000 0.000 0.000 0.000 0.000 0.000 0.000 0.000 0.000 0.001 0.002 0.003 0.005 0.006 0.008 0.010 0.012 0.015 0.017 0.019 0.023 0.030 0.041
0.869 0.731 0.625 0.544 0.476 0.409 0.344 0.284 0.235 0.194 0.159 0.130 0.106 0.085 0.069 0.054 0.041 0.029 0.019 0.016 0.018 0.019 0.020 0.021 0.024 0.030 0.037 0.044 0.051 0.057 0.061 0.065 0.068 0.070 0.070 0.069 0.065 0.059 0.054 0.047 0.039 0.032 0.025 0.019 0.014 0.009 0.005 0.003 0.001 0.000 0.000 0.000 0.000 0.000 0.000 0.000 0.000 0.000 0.000 0.000 0.000 0.000 0.000 0.000 0.001 0.002 0.003 0.004 0.006 0.007 0.009 0.011 0.012 0.014 0.017 0.021 0.027
0.864 0.738 0.642 0.565 0.499 0.433 0.369 0.309 0.257 0.211 0.172 0.139 0.113 0.091 0.074 0.059 0.047 0.035 0.027 0.031 0.035 0.038 0.041 0.044 0.046 0.060 0.073 0.083 0.090 0.093 0.094 0.092 0.089 0.086 0.081 0.076 0.071 0.064 0.056 0.047 0.039 0.031 0.024 0.018 0.012 0.008 0.005 0.002 0.001 0.000 0.000 0.000 0.000 0.000 0.000 0.000 0.000 0.000 0.000 0.000 0.000 0.000 0.000 0.000 0.000 0.001 0.002 0.002 0.004 0.005 0.006 0.008 0.009 0.011 0.013 0.015 0.019
0.871 0.756 0.668 0.590 0.522 0.454 0.387 0.326 0.270 0.223 0.182 0.149 0.122 0.100 0.082 0.067 0.055 0.050 0.058 0.065 0.073 0.078 0.082 0.083 0.090 0.107 0.118 0.122 0.123 0.119 0.112 0.105 0.098 0.092 0.086 0.080 0.073 0.064 0.055 0.046 0.037 0.029 0.022 0.016 0.011 0.007 0.004 0.002 0.001 0.000 0.000 0.000 0.000 0.000 0.000 0.000 0.000 0.000 0.000 0.000 0.000 0.000 0.000 0.000 0.000 0.000 0.001 0.001 0.002 0.003 0.004 0.005 0.006 0.008 0.009 0.011 0.014
0.897 0.789 0.698 0.614 0.536 0.461 0.391 0.329 0.276 0.233 0.196 0.164 0.136 0.113 0.096 0.083 0.085 0.100 0.110 0.117 0.122 0.124 0.124 0.123 0.137 0.144 0.146 0.143 0.139 0.130 0.122 0.111 0.102 0.094 0.087 0.080 0.073 0.064 0.053 0.043 0.034 0.026 0.019 0.013 0.009 0.006 0.003 0.002 0.000 0.000 0.000 0.000 0.000 0.000 0.000 0.000 0.000 0.000 0.000 0.000 0.000 0.000 0.000 0.000 0.000 0.000 0.000 0.000 0.001 0.002 0.002 0.003 0.004 0.005 0.007 0.008 0.010
0.925 0.811 0.710 0.620 0.536 0.460 0.391 0.334 0.289 0.258 0.229 0.198 0.169 0.145 0.127 0.114 0.134 0.145 0.155 0.159 0.155 0.153 0.147 0.157 0.162 0.162 0.158 0.151 0.145 0.138 0.126 0.114 0.103 0.094 0.086 0.080 0.071 0.061 0.049 0.038 0.028 0.021 0.014 0.010 0.006 0.004 0.002 0.001 0.000 0.000 0.000 0.000 0.000 0.000 0.000 0.000 0.000 0.000 0.000 0.000 0.000 0.000 0.000 0.000 0.000 0.000 0.000 0.000 0.000 0.001 0.001 0.002 0.003 0.003 0.004 0.006 0.007
0.940 0.812 0.704 0.611 0.529 0.457 0.395 0.349 0.315 0.287 0.260 0.234 0.210 0.187 0.169 0.157 0.181 0.207 0.221 0.227 0.219 0.196 0.169 0.173 0.173 0.170 0.164 0.157 0.149 0.140 0.128 0.114 0.102 0.092 0.083 0.075 0.066 0.054 0.041 0.029 0.020 0.014 0.009 0.006 0.004 0.002 0.001 0.000 0.000 0.000 0.000 0.000 0.000 0.000 0.000 0.000 0.000 0.000 0.000 0.000 0.000 0.000 0.000 0.000 0.000 0.000 0.000 0.000 0.000 0.000 0.000 0.001 0.001 0.002 0.003 0.004 0.005
0.933 0.793 0.673 0.577 0.502 0.443 0.393 0.356 0.326 0.302 0.278 0.257 0.235 0.219 0.205 0.200 0.238 0.275 0.293 0.294 0.276 0.240 0.197 0.178 0.177 0.175 0.169 0.160 0.150 0.141 0.127 0.111 0.097 0.084 0.072 0.061 0.050 0.037 0.026 0.018 0.012 0.008 0.005 0.003 0.002 0.001 0.000 0.000 0.000 0.000 0.000 0.000 0.000 0.000 0.000 0.000 0.000 0.000 0.000 0.000 0.000 0.000 0.000 0.000 0.000 0.000 0.000 0.000 0.000 0.000 0.000 0.000 0.000 0.001 0.001 0.002 0.003
0.869 0.705 0.574 0.482 0.426 0.391 0.363 0.339 0.319 0.299 0.280 0.264 0.249 0.237 0.233 0.245 0.290 0.322 0.330 0.322 0.305 0.270 0.208 0.179 0.179 0.176 0.169 0.158 0.147 0.137 0.120 0.101 0.083 0.064 0.049 0.037 0.027 0.019 0.013 0.009 0.006 0.004 0.003 0.002 0.001 0.000 0.000 0.000 0.000 0.000 0.000 0.000 0.000 0.000 0.000 0.000 0.000 0.000 0.000 0.000 0.000 0.000 0.000 0.000 0.000 0.000 0.000 0.000 0.000 0.000 0.000 0.000 0.000 0.000 0.001 0.001 0.002
0.664 0.472 0.360 0.303 0.279 0.272 0.273 0.274 0.276 0.274 0.268 0.260 0.250 0.244 0.252 0.269 0.303 0.329 0.334 0.331 0.312 0.268 0.195 0.178 0.175 0.169 0.158 0.144 0.129 0.115 0.097 0.076 0.056 0.038 0.025 0.017 0.012 0.009 0.006 0.004 0.003 0.002 0.001 0.001 0.000 0.000 0.000 0.000 0.000 0.000 0.000 0.000 0.000 0.000 0.000 0.000 0.000 0.000 0.000 0.000 0.000 0.000 0.000 0.000 0.000 0.000 0.000 0.000 0.000 0.000 0.000 0.000 0.000 0.000 0.000 0.000 0.001
0.337 0.204 0.152 0.131 0.126 0.133 0.155 0.186 0.215 0.233 0.242 0.244 0.244 0.243 0.247 0.261 0.286 0.314 0.324 0.318 0.291 0.237 0.169 0.166 0.157 0.143 0.125 0.105 0.087 0.073 0.059 0.043 0.030 0.022 0.015 0.010 0.007 0.004 0.003 0.002 0.001 0.001 0.000 0.000 0.000 0.000 0.000 0.000 0.000 0.000 0.000 0.000 0.000 0.000 0.000 0.000 0.000 0.000 0.000 0.000 0.000 0.000 0.000 0.000 0.000 0.000 0.000 0.000 0.000 0.000 0.000 0.000 0.000 0.000 0.000 0.000 0.000
