RESULTS/r.avaflow_results/11_results/11_ascii/11_hflow0015.asc
ncols 506
nrows 317
xllcenter 498237.50
yllcenter 5580050.00
cellsize 12.50
NODATA_value -9999.000
[rows 170 to 203 of 317, columns 154 to 230 of 506]
8.910 8.835 8.788 8.756 8.732 8.715 8.701 8.699 8.724 8.765 8.781 8.762 8.714 8.586 8.284 7.722 6.884 5.824 4.684 3.646 2.756 2.032 1.480 1.093 0.855 0.736 0.696 0.696 0.723 0.807 0.983 1.244 1.449 1.572 1.648 1.700 1.736 1.740 1.703 1.626 1.512 1.362 1.167 0.904 0.576 0.320 0.158 0.069 0.027 0.009 0.003 0.001 0.000 0.000 0.000 0.000 0.000 0.000 0.000 0.000 0.000 0.000 0.000 0.000 0.000 0.000 0.000 0.000 0.000 0.000 0.000 0.000 0.000 0.000 0.000 0.000 0.000
12.183 12.482 12.644 12.702 12.702 12.669 12.598 12.493 12.381 12.272 12.160 12.044 11.911 11.718 11.368 10.753 9.827 8.628 7.248 5.858 4.598 3.515 2.637 1.972 1.517 1.245 1.111 1.070 1.087 1.173 1.355 1.614 1.790 1.876 1.906 1.911 1.883 1.821 1.736 1.626 1.485 1.308 1.085 0.801 0.499 0.275 0.135 0.059 0.023 0.008 0.002 0.001 0.000 0.000 0.000 0.000 0.000 0.000 0.000 0.000 0.000 0.000 0.000 0.000 0.000 0.000 0.000 0.000 0.000 0.000 0.000 0.000 0.000 0.000 0.000 0.000 0.000
15.350 16.008 16.353 16.461 16.432 16.343 16.198 16.025 15.854 15.693 15.534 15.368 15.189 14.966 14.601 13.968 13.013 11.761 10.288 8.697 7.122 5.661 4.388 3.353 2.577 2.049 1.725 1.558 1.498 1.521 1.616 1.786 1.905 1.951 1.956 1.937 1.880 1.787 1.664 1.511 1.319 1.088 0.829 0.558 0.330 0.176 0.084 0.037 0.015 0.005 0.002 0.000 0.000 0.000 0.000 0.000 0.000 0.000 0.000 0.000 0.000 0.000 0.000 0.000 0.000 0.000 0.000 0.000 0.000 0.000 0.000 0.000 0.000 0.000 0.000 0.000 0.000
17.634 18.604 19.151 19.380 19.424 19.387 19.297 19.176 19.036 18.883 18.712 18.522 18.316 18.077 17.721 17.108 16.177 14.958 13.527 11.942 10.238 8.498 6.814 5.340 4.145 3.248 2.626 2.222 1.979 1.853 1.809 1.846 1.895 1.918 1.905 1.850 1.748 1.604 1.424 1.198 0.932 0.667 0.441 0.272 0.155 0.082 0.040 0.018 0.007 0.003 0.001 0.000 0.000 0.000 0.000 0.000 0.000 0.000 0.000 0.000 0.000 0.000 0.000 0.000 0.000 0.000 0.000 0.000 0.000 0.000 0.000 0.000 0.000 0.000 0.000 0.000 0.000
18.844 20.041 20.836 21.305 21.572 21.734 21.835 21.869 21.824 21.722 21.560 21.344 21.099 20.830 20.476 19.897 19.022 17.865 16.482 14.939 13.267 11.466 9.534 7.633 5.990 4.683 3.716 3.020 2.517 2.169 1.958 1.859 1.814 1.776 1.709 1.584 1.407 1.190 0.946 0.694 0.472 0.308 0.194 0.118 0.068 0.036 0.018 0.009 0.004 0.001 0.000 0.000 0.000 0.000 0.000 0.000 0.000 0.000 0.000 0.000 0.000 0.000 0.000 0.000 0.000 0.000 0.000 0.000 0.000 0.000 0.000 0.000 0.000 0.000 0.000 0.000 0.000
19.142 20.444 21.446 22.197 22.778 23.239 23.597 23.827 23.905 23.858 23.708 23.452 23.153 22.862 22.522 22.007 21.241 20.199 18.889 17.342 15.606 13.703 11.593 9.339 7.336 5.721 4.505 3.605 2.924 2.415 2.058 1.827 1.662 1.506 1.311 1.076 0.841 0.636 0.463 0.320 0.211 0.135 0.085 0.051 0.030 0.016 0.009 0.004 0.002 0.001 0.000 0.000 0.000 0.000 0.000 0.000 0.000 0.000 0.000 0.000 0.000 0.000 0.000 0.000 0.000 0.000 0.000 0.000 0.000 0.000 0.000 0.000 0.000 0.000 0.000 0.000 0.000
18.981 20.349 21.470 22.383 23.179 23.875 24.422 24.796 24.983 24.984 24.844 24.543 24.203 23.924 23.618 23.171 22.514 21.607 20.405 18.881 17.070 15.038 12.771 10.285 8.060 6.265 4.916 3.913 3.141 2.544 2.096 1.745 1.424 1.095 0.782 0.546 0.393 0.286 0.204 0.140 0.093 0.060 0.038 0.023 0.014 0.008 0.004 0.002 0.001 0.000 0.000 0.000 0.000 0.000 0.000 0.000 0.000 0.000 0.000 0.000 0.000 0.000 0.000 0.000 0.000 0.000 0.000 0.000 0.000 0.000 0.000 0.000 0.000 0.000 0.000 0.000 0.000
18.375 19.844 21.138 22.246 23.187 23.965 24.555 24.955 25.176 25.198 25.062 24.739 24.383 24.124 23.842 23.425 22.819 21.999 20.890 19.416 17.579 15.468 13.108 10.540 8.247 6.400 5.015 3.985 3.187 2.552 2.023 1.533 1.058 0.657 0.393 0.247 0.170 0.123 0.088 0.061 0.042 0.028 0.018 0.011 0.007 0.004 0.002 0.001 0.000 0.000 0.000 0.000 0.000 0.000 0.000 0.000 0.000 0.000 0.000 0.000 0.000 0.000 0.000 0.000 0.000 0.000 0.000 0.000 0.000 0.000 0.000 0.000 0.000 0.000 0.000 0.000 0.000
17.393 18.987 20.450 21.745 22.833 23.676 24.264 24.637 24.821 24.826 24.695 24.397 24.040 23.753 23.441 23.008 22.430 21.670 20.627 19.206 17.390 15.264 12.880 10.354 8.110 6.296 4.916 3.869 3.040 2.342 1.711 1.119 0.636 0.335 0.181 0.110 0.075 0.054 0.040 0.028 0.020 0.014 0.009 0.006 0.003 0.002 0.001 0.000 0.000 0.000 0.000 0.000 0.000 0.000 0.000 0.000 0.000 0.000 0.000 0.000 0.000 0.000 0.000 0.000 0.000 0.000 0.000 0.000 0.000 0.000 0.000 0.000 0.000 0.000 0.000 0.000 0.000
16.184 17.862 19.420 20.815 21.982 22.873 23.473 23.794 23.873 23.812 23.695 23.500 23.190 22.791 22.322 21.797 21.212 20.501 19.531 18.177 16.392 14.259 11.896 9.570 7.521 5.826 4.465 3.370 2.479 1.723 1.082 0.600 0.304 0.152 0.082 0.051 0.035 0.026 0.020 0.014 0.010 0.007 0.005 0.003 0.001 0.001 0.000 0.000 0.000 0.000 0.000 0.000 0.000 0.000 0.000 0.000 0.000 0.000 0.000 0.000 0.000 0.000 0.000 0.000 0.000 0.000 0.000 0.000 0.000 0.000 0.000 0.000 0.000 0.000 0.000 0.000 0.000
14.783 16.451 18.010 19.433 20.662 21.637 22.299 22.586 22.554 22.430 22.351 22.284 22.039 21.501 20.798 20.134 19.483 18.732 17.724 16.314 14.461 12.264 10.055 8.079 6.345 4.821 3.485 2.350 1.465 0.854 0.471 0.247 0.126 0.067 0.039 0.026 0.019 0.014 0.011 0.008 0.005 0.004 0.002 0.001 0.001 0.000 0.000 0.000 0.000 0.000 0.000 0.000 0.000 0.000 0.000 0.000 0.000 0.000 0.000 0.000 0.000 0.000 0.000 0.000 0.000 0.000 0.000 0.000 0.000 0.000 0.000 0.000 0.000 0.000 0.000 0.000 0.000
13.158 14.729 16.248 17.723 19.087 20.230 21.032 21.396 21.387 21.263 21.176 21.087 20.786 20.133 19.286 18.492 17.693 16.741 15.474 13.770 11.611 9.297 7.330 5.755 4.396 3.124 1.983 1.130 0.608 0.321 0.172 0.094 0.053 0.032 0.021 0.015 0.011 0.008 0.006 0.004 0.003 0.002 0.001 0.000 0.000 0.000 0.000 0.000 0.000 0.000 0.000 0.000 0.000 0.000 0.000 0.000 0.000 0.000 0.000 0.000 0.000 0.000 0.000 0.000 0.000 0.000 0.000 0.000 0.000 0.000 0.000 0.000 0.000 0.000 0.000 0.000 0.000
11.349 12.831 14.322 15.865 17.396 18.723 19.688 20.167 20.210 20.086 19.922 19.678 19.209 18.470 17.589 16.686 15.680 14.384 12.642 10.360 7.749 5.459 3.895 2.867 2.063 1.356 0.784 0.408 0.208 0.112 0.065 0.039 0.025 0.017 0.012 0.009 0.006 0.005 0.003 0.002 0.001 0.001 0.000 0.000 0.000 0.000 0.000 0.000 0.000 0.000 0.000 0.000 0.000 0.000 0.000 0.000 0.000 0.000 0.000 0.000 0.000 0.000 0.000 0.000 0.000 0.000 0.000 0.000 0.000 0.000 0.000 0.000 0.000 0.000 0.000 0.000 0.000
9.569 10.980 12.391 13.877 15.429 16.812 17.856 18.426 18.532 18.380 18.041 17.515 16.806 15.963 15.042 14.006 12.718 10.971 8.575 5.912 3.715 2.295 1.476 1.004 0.676 0.421 0.238 0.128 0.071 0.043 0.028 0.020 0.014 0.010 0.007 0.005 0.004 0.002 0.002 0.001 0.000 0.000 0.000 0.000 0.000 0.000 0.000 0.000 0.000 0.000 0.000 0.000 0.000 0.000 0.000 0.000 0.000 0.000 0.000 0.000 0.000 0.000 0.000 0.000 0.000 0.000 0.000 0.000 0.000 0.000 0.000 0.000 0.000 0.000 0.000 0.000 0.000
7.824 9.102 10.328 11.568 12.845 14.029 14.976 15.540 15.678 15.515 15.044 14.268 13.275 12.196 11.067 9.762 8.117 6.044 3.917 2.267 1.233 0.690 0.426 0.284 0.189 0.121 0.074 0.046 0.030 0.021 0.015 0.011 0.008 0.006 0.004 0.003 0.002 0.001 0.001 0.000 0.000 0.000 0.000 0.000 0.000 0.000 0.000 0.000 0.000 0.000 0.000 0.000 0.000 0.000 0.000 0.000 0.000 0.000 0.000 0.000 0.000 0.000 0.000 0.000 0.000 0.000 0.000 0.000 0.000 0.000 0.000 0.000 0.000 0.000 0.000 0.000 0.000
6.005 7.015 7.855 8.595 9.304 10.015 10.668 11.099 11.226 11.088 10.577 9.636 8.343 6.974 5.761 4.627 3.420 2.167 1.189 0.601 0.314 0.187 0.124 0.087 0.061 0.043 0.030 0.022 0.016 0.012 0.009 0.007 0.005 0.003 0.002 0.001 0.001 0.000 0.000 0.000 0.000 0.000 0.000 0.000 0.000 0.000 0.000 0.000 0.000 0.000 0.000 0.000 0.000 0.000 0.000 0.000 0.000 0.000 0.000 0.000 0.000 0.000 0.000 0.000 0.000 0.000 0.000 0.000 0.000 0.000 0.000 0.000 0.000 0.000 0.000 0.000 0.000
3.922 4.462 4.831 5.091 5.300 5.504 5.716 5.845 5.855 5.732 5.362 4.674 3.697 2.749 2.055 1.501 0.988 0.558 0.287 0.151 0.090 0.061 0.045 0.035 0.027 0.021 0.016 0.013 0.010 0.007 0.005 0.004 0.003 0.002 0.001 0.001 0.000 0.000 0.000 0.000 0.000 0.000 0.000 0.000 0.000 0.000 0.000 0.000 0.000 0.000 0.000 0.000 0.000 0.000 0.000 0.000 0.000 0.000 0.000 0.000 0.000 0.000 0.000 0.000 0.000 0.000 0.000 0.000 0.000 0.000 0.000 0.000 0.000 0.000 0.000 0.000 0.000
2.069 2.271 2.393 2.445 2.446 2.421 2.391 2.339 2.265 2.153 1.952 1.625 1.178 0.796 0.561 0.392 0.249 0.142 0.081 0.051 0.036 0.028 0.023 0.019 0.016 0.013 0.010 0.008 0.006 0.005 0.003 0.002 0.001 0.001 0.000 0.000 0.000 0.000 0.000 0.000 0.000 0.000 0.000 0.000 0.000 0.000 0.000 0.000 0.000 0.000 0.000 0.000 0.000 0.000 0.000 0.000 0.000 0.000 0.000 0.000 0.000 0.000 0.000 0.000 0.000 0.000 0.000 0.000 0.000 0.000 0.000 0.000 0.000 0.000 0.000 0.000 0.000
0.886 0.948 0.984 0.991 0.975 0.932 0.868 0.797 0.728 0.659 0.576 0.466 0.323 0.217 0.154 0.109 0.073 0.048 0.033 0.025 0.020 0.017 0.015 0.012 0.011 0.009 0.007 0.005 0.004 0.003 0.002 0.001 0.001 0.000 0.000 0.000 0.000 0.000 0.000 0.000 0.000 0.000 0.000 0.000 0.000 0.000 0.000 0.000 0.000 0.000 0.000 0.000 0.000 0.000 0.000 0.000 0.000 0.000 0.000 0.000 0.000 0.000 0.000 0.000 0.000 0.000 0.000 0.000 0.000 0.000 0.000 0.000 0.000 0.000 0.000 0.000 0.000
0.330 0.357 0.373 0.376 0.368 0.346 0.308 0.265 0.230 0.199 0.170 0.136 0.097 0.070 0.053 0.040 0.031 0.024 0.019 0.016 0.013 0.012 0.010 0.009 0.007 0.006 0.005 0.004 0.003 0.002 0.001 0.000 0.000 0.000 0.000 0.000 0.000 0.000 0.000 0.000 0.000 0.000 0.000 0.000 0.000 0.000 0.000 0.000 0.000 0.000 0.000 0.000 0.000 0.000 0.000 0.000 0.000 0.000 0.000 0.000 0.000 0.000 0.000 0.000 0.000 0.000 0.000 0.000 0.000 0.000 0.000 0.000 0.000 0.000 0.000 0.000 0.000
0.124 0.134 0.140 0.141 0.137 0.128 0.111 0.093 0.079 0.069 0.059 0.049 0.039 0.031 0.025 0.021 0.017 0.015 0.013 0.011 0.010 0.008 0.007 0.007 0.006 0.005 0.004 0.003 0.002 0.001 0.001 0.000 0.000 0.000 0.000 0.000 0.000 0.000 0.000 0.000 0.000 0.000 0.000 0.000 0.000 0.000 0.000 0.000 0.000 0.000 0.000 0.000 0.000 0.000 0.000 0.000 0.000 0.000 0.000 0.000 0.000 0.000 0.000 0.000 0.000 0.000 0.000 0.000 0.000 0.000 0.000 0.000 0.000 0.000 0.000 0.000 0.000
0.050 0.054 0.056 0.056 0.054 0.051 0.045 0.038 0.034 0.030 0.027 0.024 0.021 0.018 0.015 0.013 0.012 0.010 0.009 0.008 0.007 0.006 0.006 0.005 0.005 0.004 0.004 0.003 0.002 0.002 0.001 0.000 0.000 0.000 0.000 0.000 0.000 0.000 0.000 0.000 0.000 0.000 0.000 0.000 0.000 0.000 0.000 0.000 0.000 0.000 0.000 0.000 0.000 0.000 0.000 0.000 0.000 0.000 0.000 0.000 0.000 0.000 0.000 0.000 0.000 0.000 0.000 0.000 0.000 0.000 0.000 0.000 0.000 0.000 0.000 0.000 0.000
0.023 0.025 0.025 0.025 0.025 0.024 0.022 0.019 0.018 0.017 0.016 0.014 0.013 0.012 0.010 0.009 0.008 0.008 0.007 0.006 0.006 0.005 0.005 0.005 0.005 0.005 0.005 0.004 0.004 0.003 0.002 0.001 0.000 0.000 0.000 0.000 0.000 0.000 0.000 0.000 0.000 0.000 0.000 0.000 0.000 0.000 0.000 0.000 0.000 0.000 0.000 0.000 0.000 0.000 0.000 0.000 0.000 0.000 0.000 0.000 0.000 0.000 0.000 0.000 0.000 0.000 0.000 0.000 0.000 0.000 0.000 0.000 0.000 0.000 0.000 0.000 0.000
0.012 0.013 0.013 0.013 0.013 0.013 0.012 0.012 0.011 0.011 0.010 0.010 0.009 0.009 0.008 0.007 0.007 0.006 0.006 0.006 0.006 0.006 0.006 0.006 0.007 0.008 0.008 0.008 0.007 0.005 0.003 0.002 0.001 0.000 0.000 0.000 0.000 0.000 0.000 0.000 0.000 0.000 0.000 0.000 0.000 0.000 0.000 0.000 0.000 0.000 0.000 0.000 0.000 0.000 0.000 0.000 0.000 0.000 0.000 0.000 0.000 0.000 0.000 0.000 0.000 0.000 0.000 0.000 0.000 0.000 0.000 0.000 0.000 0.000 0.000 0.000 0.000
0.007 0.007 0.008 0.008 0.008 0.008 0.008 0.008 0.008 0.007 0.007 0.007 0.007 0.007 0.007 0.007 0.007 0.007 0.007 0.007 0.008 0.008 0.009 0.011 0.013 0.015 0.015 0.015 0.013 0.009 0.005 0.003 0.001 0.000 0.000 0.000 0.000 0.000 0.000 0.000 0.000 0.000 0.000 0.000 0.000 0.000 0.000 0.000 0.000 0.000 0.000 0.000 0.000 0.000 0.000 0.000 0.000 0.000 0.000 0.000 0.000 0.000 0.000 0.000 0.000 0.000 0.000 0.000 0.000 0.000 0.000 0.000 0.000 0.000 0.000 0.000 0.000
0.004 0.004 0.005 0.005 0.005 0.005 0.005 0.006 0.006 0.006 0.006 0.006 0.007 0.007 0.007 0.008 0.009 0.011 0.012 0.013 0.014 0.016 0.019 0.023 0.027 0.029 0.030 0.027 0.020 0.013 0.007 0.004 0.002 0.001 0.000 0.000 0.000 0.000 0.000 0.000 0.000 0.000 0.000 0.000 0.000 0.000 0.000 0.000 0.000 0.000 0.000 0.000 0.000 0.000 0.000 0.000 0.000 0.000 0.000 0.000 0.000 0.000 0.000 0.000 0.000 0.000 0.000 0.000 0.000 0.000 0.000 0.000 0.000 0.000 0.000 0.000 0.000
0.002 0.003 0.003 0.003 0.003 0.004 0.004 0.005 0.005 0.006 0.006 0.007 0.008 0.009 0.011 0.015 0.019 0.022 0.025 0.028 0.032 0.036 0.042 0.048 0.053 0.054 0.049 0.037 0.024 0.015 0.009 0.005 0.002 0.001 0.000 0.000 0.000 0.000 0.000 0.000 0.000 0.000 0.000 0.000 0.000 0.000 0.000 0.000 0.000 0.000 0.000 0.000 0.000 0.000 0.000 0.000 0.000 0.000 0.000 0.000 0.000 0.000 0.000 0.000 0.000 0.000 0.000 0.000 0.000 0.000 0.000 0.000 0.000 0.000 0.000 0.000 0.000
0.001 0.002 0.002 0.002 0.003 0.003 0.004 0.005 0.005 0.007 0.008 0.009 0.011 0.015 0.022 0.032 0.042 0.049 0.056 0.063 0.070 0.077 0.083 0.087 0.084 0.076 0.058 0.040 0.026 0.016 0.009 0.005 0.002 0.001 0.000 0.000 0.000 0.000 0.000 0.000 0.000 0.000 0.000 0.000 0.000 0.000 0.000 0.000 0.000 0.000 0.000 0.000 0.000 0.000 0.000 0.000 0.000 0.000 0.000 0.000 0.000 0.000 0.000 0.000 0.000 0.000 0.000 0.000 0.000 0.000 0.000 0.000 0.000 0.000 0.000 0.000 0.000
0.001 0.001 0.001 0.002 0.002 0.003 0.004 0.005 0.007 0.009 0.012 0.015 0.020 0.029 0.045 0.065 0.080 0.092 0.100 0.107 0.113 0.116 0.117 0.112 0.102 0.084 0.060 0.040 0.026 0.016 0.010 0.005 0.002 0.001 0.000 0.000 0.000 0.000 0.000 0.000 0.000 0.000 0.000 0.000 0.000 0.000 0.000 0.000 0.000 0.000 0.000 0.000 0.000 0.000 0.000 0.000 0.000 0.000 0.000 0.000 0.000 0.000 0.000 0.000 0.000 0.000 0.000 0.000 0.000 0.000 0.000 0.000 0.000 0.000 0.000 0.000 0.000
0.000 0.001 0.001 0.002 0.003 0.004 0.005 0.008 0.011 0.014 0.019 0.026 0.036 0.052 0.075 0.097 0.112 0.121 0.128 0.133 0.135 0.134 0.131 0.121 0.106 0.083 0.059 0.040 0.026 0.016 0.010 0.005 0.003 0.001 0.000 0.000 0.000 0.000 0.000 0.000 0.000 0.000 0.000 0.000 0.000 0.000 0.000 0.000 0.000 0.000 0.000 0.000 0.000 0.000 0.000 0.000 0.000 0.000 0.000 0.000 0.000 0.000 0.000 0.000 0.000 0.000 0.000 0.000 0.000 0.000 0.000 0.000 0.000 0.000 0.000 0.000 0.000
0.000 0.000 0.001 0.002 0.003 0.005 0.008 0.012 0.016 0.022 0.030 0.039 0.053 0.072 0.095 0.114 0.126 0.134 0.138 0.140 0.140 0.138 0.132 0.121 0.104 0.081 0.057 0.039 0.026 0.016 0.010 0.005 0.003 0.001 0.000 0.000 0.000 0.000 0.000 0.000 0.000 0.000 0.000 0.000 0.000 0.000 0.000 0.000 0.000 0.000 0.000 0.000 0.000 0.000 0.000 0.000 0.000 0.000 0.000 0.000 0.000 0.000 0.000 0.000 0.000 0.000 0.000 0.000 0.000 0.000 0.000 0.000 0.000 0.000 0.000 0.000 0.000
0.000 0.001 0.001 0.003 0.005 0.008 0.011 0.016 0.022 0.029 0.038 0.049 0.063 0.082 0.104 0.121 0.131 0.137 0.140 0.141 0.140 0.137 0.131 0.119 0.101 0.077 0.055 0.038 0.025 0.016 0.010 0.005 0.003 0.001 0.000 0.000 0.000 0.000 0.000 0.000 0.000 0.000 0.000 0.000 0.000 0.000 0.000 0.000 0.000 0.000 0.000 0.000 0.000 0.000 0.000 0.000 0.000 0.000 0.000 0.000 0.000 0.000 0.000 0.000 0.000 0.000 0.000 0.000 0.000 0.000 0.000 0.000 0.000 0.000 0.000 0.000 0.000
0.000 0.001 0.002 0.004 0.006 0.010 0.014 0.019 0.025 0.033 0.042 0.053 0.068 0.086 0.106 0.122 0.132 0.138 0.140 0.141 0.140 0.136 0.128 0.115 0.095 0.071 0.051 0.036 0.024 0.016 0.010 0.005 0.002 0.001 0.000 0.000 0.000 0.000 0.000 0.000 0.000 0.000 0.000 0.000 0.000 0.000 0.000 0.000 0.000 0.000 0.000 0.000 0.000 0.000 0.000 0.000 0.000 0.000 0.000 0.000 0.000 0.000 0.000 0.000 0.000 0.000 0.000 0.000 0.000 0.000 0.000 0.000 0.000 0.000 0.000 0.000 0.000
0.000 0.001 0.002 0.004 0.007 0.011 0.015 0.020 0.027 0.035 0.044 0.055 0.069 0.087 0.106 0.121 0.132 0.137 0.140 0.140 0.139 0.134 0.125 0.109 0.088 0.065 0.046 0.033 0.022 0.015 0.009 0.005 0.002 0.001 0.000 0.000 0.000 0.000 0.000 0.000 0.000 0.000 0.000 0.000 0.000 0.000 0.000 0.000 0.000 0.000 0.000 0.000 0.000 0.000 0.000 0.000 0.000 0.000 0.000 0.000 0.000 0.000 0.000 0.000 0.000 0.000 0.000 0.000 0.000 0.000 0.000 0.000 0.000 0.000 0.000 0.000 0.000
