RESULTS/r.avaflow_results/11_results/11_ascii/11_hflow30049.asc
ncols 506
nrows 317
xllcenter 498237.50
yllcenter 5580050.00
cellsize 12.50
NODATA_value -9999.000
[rows 170 to 203 of 317, columns 154 to 230 of 506]
8.767 8.627 8.487 8.326 8.134 7.923 7.717 7.523 7.345 7.183 7.033 6.885 6.722 6.493 6.125 5.585 4.897 4.117 3.336 2.612 1.963 1.412 0.984 0.688 0.504 0.399 0.348 0.331 0.332 0.350 0.391 0.433 0.458 0.474 0.488 0.503 0.527 0.549 0.557 0.554 0.540 0.521 0.506 0.492 0.474 0.445 0.401 0.344 0.290 0.240 0.196 0.161 0.136 0.118 0.108 0.104 0.103 0.106 0.112 0.118 0.123 0.125 0.126 0.126 0.126 0.127 0.133 0.152 0.197 0.286 0.379 0.424 0.432 0.412 0.349 0.253 0.170
11.645 11.856 11.961 11.977 11.934 11.812 11.614 11.368 11.107 10.856 10.615 10.382 10.142 9.850 9.414 8.759 7.884 6.837 5.701 4.585 3.542 2.614 1.847 1.279 0.905 0.678 0.550 0.492 0.477 0.490 0.517 0.539 0.546 0.545 0.542 0.543 0.550 0.559 0.560 0.551 0.528 0.499 0.475 0.451 0.422 0.377 0.309 0.232 0.170 0.129 0.104 0.088 0.078 0.073 0.071 0.072 0.075 0.081 0.088 0.092 0.094 0.094 0.093 0.092 0.091 0.092 0.097 0.111 0.144 0.211 0.310 0.385 0.416 0.421 0.402 0.350 0.266
14.875 15.488 15.781 15.841 15.797 15.645 15.394 15.096 14.787 14.484 14.190 13.908 13.628 13.317 12.888 12.228 11.281 10.077 8.702 7.267 5.853 4.510 3.315 2.347 1.644 1.173 0.878 0.711 0.629 0.594 0.580 0.573 0.565 0.556 0.544 0.537 0.535 0.533 0.525 0.501 0.460 0.414 0.374 0.335 0.290 0.233 0.169 0.118 0.087 0.069 0.059 0.053 0.049 0.048 0.049 0.051 0.057 0.064 0.070 0.072 0.073 0.072 0.071 0.069 0.069 0.069 0.073 0.083 0.106 0.150 0.231 0.330 0.395 0.419 0.422 0.406 0.357
17.235 18.195 18.700 18.859 18.847 18.735 18.534 18.292 18.024 17.733 17.421 17.108 16.803 16.479 16.063 15.431 14.517 13.336 11.962 10.449 8.839 7.176 5.522 4.057 2.886 2.017 1.415 1.031 0.800 0.668 0.600 0.567 0.548 0.530 0.508 0.488 0.472 0.455 0.430 0.383 0.316 0.257 0.213 0.177 0.145 0.111 0.081 0.061 0.048 0.041 0.037 0.035 0.034 0.034 0.035 0.038 0.044 0.051 0.055 0.057 0.057 0.057 0.055 0.054 0.054 0.055 0.058 0.065 0.080 0.107 0.159 0.250 0.352 0.408 0.424 0.422 0.401
18.491 19.692 20.448 20.842 21.017 21.077 21.049 20.960 20.811 20.590 20.290 19.938 19.595 19.246 18.829 18.224 17.351 16.216 14.872 13.384 11.774 10.032 8.132 6.173 4.444 3.062 2.044 1.363 0.947 0.710 0.590 0.528 0.487 0.452 0.415 0.379 0.346 0.312 0.273 0.221 0.168 0.131 0.106 0.087 0.071 0.056 0.044 0.036 0.030 0.027 0.026 0.025 0.025 0.026 0.027 0.030 0.034 0.040 0.044 0.046 0.046 0.046 0.045 0.045 0.045 0.046 0.049 0.054 0.063 0.080 0.111 0.171 0.277 0.372 0.413 0.420 0.412
18.796 20.108 21.078 21.759 22.239 22.570 22.778 22.863 22.843 22.718 22.445 22.043 21.651 21.283 20.874 20.317 19.532 18.495 17.208 15.700 14.005 12.130 10.042 7.705 5.521 3.748 2.430 1.550 1.020 0.721 0.554 0.452 0.378 0.318 0.265 0.225 0.197 0.173 0.147 0.116 0.088 0.069 0.056 0.047 0.039 0.032 0.027 0.024 0.022 0.020 0.020 0.020 0.020 0.021 0.022 0.024 0.027 0.032 0.035 0.037 0.038 0.038 0.038 0.039 0.040 0.041 0.043 0.047 0.053 0.064 0.084 0.122 0.195 0.301 0.375 0.402 0.405
18.613 19.979 21.067 21.922 22.629 23.201 23.594 23.800 23.860 23.808 23.566 23.117 22.689 22.336 21.956 21.452 20.761 19.840 18.642 17.138 15.355 13.331 11.055 8.474 6.008 4.023 2.563 1.602 1.030 0.696 0.490 0.353 0.256 0.189 0.146 0.120 0.105 0.093 0.079 0.063 0.050 0.041 0.034 0.029 0.025 0.021 0.019 0.017 0.017 0.016 0.016 0.016 0.016 0.017 0.018 0.019 0.022 0.025 0.028 0.031 0.032 0.033 0.034 0.035 0.036 0.038 0.040 0.043 0.047 0.055 0.068 0.092 0.138 0.216 0.305 0.359 0.380
17.955 19.432 20.696 21.740 22.595 23.258 23.699 23.933 24.018 23.992 23.770 23.302 22.859 22.530 22.176 21.699 21.052 20.202 19.082 17.615 15.797 13.679 11.294 8.605 6.055 4.013 2.525 1.556 0.973 0.619 0.394 0.249 0.160 0.109 0.081 0.066 0.058 0.052 0.045 0.037 0.031 0.026 0.023 0.020 0.017 0.015 0.014 0.013 0.013 0.013 0.013 0.013 0.013 0.014 0.014 0.016 0.017 0.020 0.023 0.025 0.028 0.029 0.031 0.033 0.034 0.036 0.038 0.040 0.044 0.049 0.059 0.075 0.103 0.151 0.222 0.290 0.335
16.880 18.489 19.928 21.169 22.176 22.906 23.350 23.564 23.631 23.600 23.386 22.943 22.489 22.136 21.761 21.273 20.645 19.845 18.788 17.368 15.560 13.410 10.951 8.199 5.683 3.687 2.254 1.338 0.793 0.465 0.264 0.151 0.093 0.062 0.047 0.039 0.034 0.031 0.027 0.024 0.021 0.018 0.016 0.014 0.013 0.012 0.011 0.010 0.010 0.010 0.010 0.010 0.010 0.011 0.011 0.012 0.014 0.016 0.018 0.021 0.023 0.026 0.028 0.030 0.032 0.034 0.036 0.038 0.042 0.046 0.053 0.064 0.083 0.113 0.158 0.215 0.269
15.522 17.227 18.767 20.111 21.197 21.972 22.427 22.610 22.624 22.527 22.300 21.958 21.535 21.068 20.553 19.983 19.339 18.571 17.572 16.199 14.390 12.181 9.636 6.970 4.664 2.888 1.654 0.896 0.478 0.255 0.140 0.082 0.053 0.037 0.029 0.025 0.023 0.021 0.019 0.017 0.015 0.014 0.012 0.011 0.010 0.009 0.008 0.008 0.008 0.008 0.008 0.008 0.008 0.008 0.009 0.010 0.011 0.013 0.015 0.017 0.020 0.023 0.025 0.028 0.030 0.032 0.034 0.037 0.040 0.043 0.049 0.058 0.072 0.092 0.122 0.161 0.206
13.912 15.621 17.172 18.542 19.679 20.523 21.033 21.208 21.164 20.977 20.763 20.564 20.210 19.595 18.844 18.134 17.418 16.606 15.547 14.081 12.139 9.766 7.198 4.840 2.984 1.671 0.855 0.420 0.212 0.115 0.068 0.045 0.032 0.025 0.020 0.018 0.016 0.015 0.014 0.013 0.012 0.011 0.010 0.008 0.007 0.007 0.006 0.006 0.005 0.005 0.005 0.005 0.005 0.006 0.006 0.007 0.008 0.010 0.012 0.014 0.016 0.019 0.022 0.025 0.028 0.030 0.033 0.035 0.038 0.041 0.046 0.054 0.066 0.082 0.103 0.131 0.164
12.039 13.645 15.173 16.590 17.848 18.848 19.491 19.741 19.722 19.556 19.358 19.157 18.765 18.030 17.106 16.244 15.382 14.371 13.012 11.179 8.811 6.272 4.076 2.472 1.398 0.729 0.351 0.168 0.089 0.054 0.036 0.027 0.021 0.018 0.015 0.014 0.013 0.012 0.011 0.010 0.009 0.008 0.007 0.006 0.005 0.005 0.004 0.004 0.003 0.003 0.003 0.003 0.003 0.004 0.004 0.005 0.006 0.007 0.009 0.011 0.013 0.016 0.019 0.022 0.025 0.028 0.031 0.033 0.036 0.040 0.045 0.053 0.063 0.077 0.095 0.116 0.140
9.992 11.435 12.927 14.424 15.852 17.052 17.875 18.253 18.289 18.162 17.930 17.600 17.047 16.213 15.225 14.228 13.155 11.776 9.876 7.447 5.009 3.085 1.769 0.967 0.512 0.261 0.130 0.068 0.042 0.029 0.022 0.018 0.015 0.014 0.012 0.011 0.010 0.010 0.009 0.008 0.008 0.007 0.006 0.005 0.004 0.003 0.002 0.002 0.002 0.002 0.002 0.002 0.002 0.002 0.003 0.003 0.004 0.006 0.007 0.009 0.011 0.013 0.016 0.019 0.022 0.025 0.029 0.032 0.035 0.039 0.044 0.052 0.063 0.076 0.091 0.108 0.127
8.056 9.266 10.597 12.062 13.560 14.862 15.804 16.294 16.395 16.273 15.898 15.285 14.472 13.522 12.495 11.364 10.004 8.158 5.861 3.711 2.158 1.141 0.574 0.298 0.162 0.090 0.051 0.033 0.024 0.019 0.016 0.014 0.012 0.011 0.010 0.009 0.009 0.008 0.008 0.007 0.006 0.005 0.004 0.003 0.002 0.002 0.001 0.001 0.001 0.001 0.001 0.001 0.001 0.001 0.001 0.002 0.003 0.004 0.005 0.007 0.009 0.011 0.013 0.016 0.019 0.023 0.026 0.030 0.034 0.038 0.044 0.052 0.063 0.076 0.090 0.105 0.121
6.196 7.120 8.159 9.323 10.553 11.664 12.523 13.016 13.145 13.020 12.520 11.648 10.513 9.344 8.210 6.998 5.577 3.954 2.434 1.325 0.653 0.311 0.160 0.092 0.057 0.037 0.026 0.020 0.016 0.014 0.012 0.011 0.010 0.009 0.009 0.008 0.007 0.007 0.006 0.006 0.005 0.004 0.003 0.002 0.002 0.001 0.001 0.000 0.000 0.000 0.000 0.000 0.000 0.000 0.001 0.001 0.002 0.003 0.004 0.005 0.007 0.009 0.011 0.014 0.017 0.020 0.024 0.028 0.032 0.038 0.044 0.053 0.064 0.077 0.090 0.105 0.119
4.347 4.848 5.390 5.960 6.565 7.176 7.707 8.043 8.148 8.054 7.598 6.735 5.633 4.638 3.786 2.987 2.151 1.310 0.688 0.328 0.159 0.087 0.054 0.037 0.027 0.021 0.017 0.014 0.012 0.011 0.010 0.009 0.008 0.008 0.007 0.007 0.006 0.006 0.005 0.005 0.004 0.003 0.002 0.002 0.001 0.000 0.000 0.000 0.000 0.000 0.000 0.000 0.000 0.000 0.000 0.000 0.001 0.002 0.002 0.004 0.005 0.007 0.009 0.011 0.014 0.018 0.022 0.026 0.031 0.037 0.044 0.053 0.064 0.077 0.091 0.105 0.120
2.644 2.773 2.913 3.054 3.194 3.353 3.516 3.621 3.652 3.603 3.370 2.896 2.236 1.661 1.235 0.889 0.570 0.314 0.159 0.084 0.050 0.034 0.026 0.021 0.017 0.014 0.012 0.011 0.010 0.009 0.008 0.007 0.007 0.006 0.006 0.006 0.005 0.005 0.004 0.004 0.003 0.003 0.002 0.001 0.001 0.000 0.000 0.000 0.000 0.000 0.000 0.000 0.000 0.000 0.000 0.000 0.000 0.001 0.002 0.002 0.004 0.005 0.007 0.010 0.012 0.016 0.020 0.025 0.030 0.036 0.044 0.053 0.064 0.076 0.090 0.106 0.123
1.343 1.303 1.283 1.265 1.243 1.228 1.231 1.228 1.217 1.184 1.088 0.903 0.645 0.443 0.314 0.218 0.139 0.082 0.049 0.033 0.025 0.020 0.017 0.014 0.013 0.011 0.010 0.009 0.008 0.007 0.007 0.006 0.006 0.005 0.005 0.005 0.004 0.004 0.003 0.003 0.003 0.002 0.002 0.001 0.000 0.000 0.000 0.000 0.000 0.000 0.000 0.000 0.000 0.000 0.000 0.000 0.000 0.000 0.001 0.002 0.003 0.004 0.006 0.008 0.010 0.014 0.018 0.023 0.028 0.035 0.042 0.051 0.062 0.074 0.089 0.108 0.129
0.558 0.504 0.473 0.450 0.426 0.402 0.382 0.365 0.350 0.332 0.300 0.246 0.172 0.120 0.087 0.064 0.045 0.032 0.024 0.019 0.016 0.014 0.013 0.011 0.010 0.009 0.008 0.007 0.006 0.006 0.005 0.005 0.005 0.004 0.004 0.004 0.003 0.003 0.003 0.003 0.002 0.002 0.001 0.001 0.000 0.000 0.000 0.000 0.000 0.000 0.000 0.000 0.000 0.000 0.000 0.000 0.000 0.000 0.000 0.001 0.002 0.003 0.004 0.006 0.008 0.012 0.016 0.020 0.026 0.032 0.039 0.047 0.057 0.070 0.087 0.108 0.133
0.203 0.181 0.170 0.161 0.151 0.138 0.126 0.117 0.109 0.101 0.091 0.077 0.058 0.044 0.035 0.028 0.023 0.019 0.016 0.014 0.012 0.011 0.010 0.009 0.008 0.007 0.006 0.006 0.005 0.005 0.004 0.004 0.004 0.003 0.003 0.003 0.003 0.003 0.003 0.002 0.002 0.002 0.001 0.001 0.000 0.000 0.000 0.000 0.000 0.000 0.000 0.000 0.000 0.000 0.000 0.000 0.000 0.000 0.000 0.000 0.001 0.002 0.003 0.004 0.006 0.009 0.013 0.017 0.022 0.028 0.034 0.041 0.051 0.063 0.081 0.104 0.131
0.076 0.070 0.066 0.063 0.060 0.055 0.050 0.046 0.043 0.040 0.037 0.033 0.028 0.024 0.021 0.018 0.016 0.014 0.012 0.011 0.010 0.009 0.008 0.007 0.006 0.005 0.005 0.004 0.004 0.004 0.004 0.003 0.003 0.003 0.003 0.003 0.003 0.002 0.002 0.002 0.002 0.002 0.001 0.001 0.000 0.000 0.000 0.000 0.000 0.000 0.000 0.000 0.000 0.000 0.000 0.000 0.000 0.000 0.000 0.000 0.000 0.001 0.002 0.003 0.005 0.007 0.010 0.013 0.017 0.022 0.027 0.033 0.041 0.051 0.067 0.090 0.118
0.034 0.032 0.031 0.030 0.029 0.028 0.026 0.024 0.023 0.022 0.021 0.020 0.019 0.017 0.015 0.013 0.012 0.011 0.010 0.009 0.008 0.007 0.006 0.005 0.005 0.004 0.004 0.004 0.003 0.003 0.003 0.003 0.003 0.003 0.003 0.002 0.002 0.002 0.002 0.002 0.002 0.002 0.001 0.001 0.000 0.000 0.000 0.000 0.000 0.000 0.000 0.000 0.000 0.000 0.000 0.000 0.000 0.000 0.000 0.000 0.000 0.000 0.001 0.002 0.003 0.005 0.007 0.010 0.013 0.016 0.020 0.024 0.030 0.037 0.048 0.065 0.090
0.018 0.018 0.018 0.018 0.018 0.017 0.016 0.016 0.015 0.015 0.015 0.014 0.014 0.013 0.012 0.011 0.010 0.009 0.008 0.007 0.006 0.005 0.005 0.004 0.004 0.004 0.004 0.003 0.003 0.003 0.003 0.003 0.003 0.003 0.003 0.003 0.003 0.003 0.003 0.003 0.003 0.002 0.002 0.001 0.000 0.000 0.000 0.000 0.000 0.000 0.000 0.000 0.000 0.000 0.000 0.000 0.000 0.000 0.000 0.000 0.000 0.000 0.000 0.001 0.002 0.003 0.005 0.007 0.009 0.012 0.015 0.018 0.021 0.026 0.032 0.042 0.057
0.012 0.012 0.013 0.013 0.013 0.012 0.012 0.012 0.012 0.012 0.011 0.011 0.011 0.010 0.010 0.009 0.008 0.007 0.006 0.006 0.005 0.004 0.004 0.004 0.004 0.004 0.004 0.003 0.003 0.003 0.003 0.003 0.004 0.004 0.004 0.004 0.004 0.004 0.004 0.004 0.003 0.002 0.002 0.001 0.000 0.000 0.000 0.000 0.000 0.000 0.000 0.000 0.000 0.000 0.000 0.000 0.000 0.000 0.000 0.000 0.000 0.000 0.000 0.000 0.001 0.002 0.003 0.005 0.006 0.008 0.011 0.013 0.015 0.018 0.022 0.028 0.036
0.009 0.009 0.010 0.010 0.010 0.010 0.010 0.009 0.009 0.009 0.009 0.009 0.009 0.009 0.008 0.007 0.007 0.006 0.005 0.005 0.004 0.004 0.004 0.004 0.004 0.004 0.004 0.004 0.004 0.004 0.005 0.005 0.006 0.006 0.006 0.006 0.006 0.005 0.005 0.004 0.003 0.002 0.001 0.001 0.000 0.000 0.000 0.000 0.000 0.000 0.000 0.000 0.000 0.000 0.000 0.000 0.000 0.000 0.000 0.000 0.000 0.000 0.000 0.000 0.000 0.001 0.002 0.003 0.004 0.006 0.007 0.009 0.011 0.013 0.016 0.020 0.025
0.007 0.007 0.008 0.008 0.008 0.008 0.008 0.008 0.008 0.008 0.008 0.008 0.007 0.007 0.007 0.006 0.005 0.005 0.004 0.004 0.004 0.004 0.004 0.004 0.004 0.004 0.005 0.006 0.006 0.007 0.007 0.008 0.008 0.008 0.007 0.007 0.006 0.005 0.005 0.004 0.003 0.002 0.001 0.001 0.000 0.000 0.000 0.000 0.000 0.000 0.000 0.000 0.000 0.000 0.000 0.000 0.000 0.000 0.000 0.000 0.000 0.000 0.000 0.000 0.000 0.000 0.001 0.002 0.003 0.004 0.005 0.006 0.008 0.010 0.012 0.014 0.018
0.006 0.006 0.006 0.006 0.007 0.007 0.007 0.007 0.007 0.007 0.007 0.006 0.006 0.006 0.006 0.005 0.004 0.004 0.004 0.004 0.004 0.004 0.004 0.004 0.005 0.007 0.008 0.009 0.010 0.010 0.010 0.009 0.009 0.008 0.008 0.007 0.006 0.005 0.004 0.003 0.002 0.002 0.001 0.001 0.000 0.000 0.000 0.000 0.000 0.000 0.000 0.000 0.000 0.000 0.000 0.000 0.000 0.000 0.000 0.000 0.000 0.000 0.000 0.000 0.000 0.000 0.000 0.001 0.001 0.002 0.003 0.004 0.006 0.007 0.009 0.011 0.013
0.005 0.005 0.005 0.005 0.005 0.006 0.006 0.006 0.006 0.006 0.006 0.005 0.005 0.005 0.004 0.004 0.004 0.003 0.003 0.004 0.004 0.004 0.005 0.007 0.008 0.010 0.011 0.011 0.011 0.011 0.011 0.010 0.009 0.008 0.008 0.007 0.006 0.005 0.004 0.003 0.002 0.001 0.001 0.001 0.000 0.000 0.000 0.000 0.000 0.000 0.000 0.000 0.000 0.000 0.000 0.000 0.000 0.000 0.000 0.000 0.000 0.000 0.000 0.000 0.000 0.000 0.000 0.000 0.000 0.001 0.002 0.003 0.004 0.005 0.006 0.008 0.010
0.004 0.004 0.004 0.004 0.005 0.005 0.005 0.005 0.005 0.005 0.005 0.004 0.004 0.004 0.004 0.003 0.003 0.003 0.003 0.004 0.005 0.006 0.007 0.009 0.010 0.011 0.012 0.012 0.012 0.011 0.011 0.010 0.009 0.008 0.007 0.007 0.006 0.004 0.003 0.002 0.002 0.001 0.001 0.000 0.000 0.000 0.000 0.000 0.000 0.000 0.000 0.000 0.000 0.000 0.000 0.000 0.000 0.000 0.000 0.000 0.000 0.000 0.000 0.000 0.000 0.000 0.000 0.000 0.000 0.000 0.001 0.001 0.002 0.003 0.004 0.005 0.007
0.003 0.003 0.003 0.004 0.004 0.004 0.004 0.004 0.004 0.004 0.004 0.004 0.004 0.003 0.003 0.003 0.003 0.003 0.004 0.005 0.006 0.007 0.009 0.010 0.011 0.012 0.012 0.012 0.012 0.011 0.011 0.010 0.009 0.008 0.007 0.006 0.005 0.003 0.002 0.002 0.001 0.001 0.000 0.000 0.000 0.000 0.000 0.000 0.000 0.000 0.000 0.000 0.000 0.000 0.000 0.000 0.000 0.000 0.000 0.000 0.000 0.000 0.000 0.000 0.000 0.000 0.000 0.000 0.000 0.000 0.000 0.001 0.001 0.002 0.003 0.004 0.005
0.002 0.002 0.003 0.003 0.003 0.003 0.003 0.003 0.003 0.003 0.003 0.003 0.003 0.003 0.003 0.002 0.003 0.003 0.004 0.005 0.007 0.008 0.009 0.010 0.011 0.012 0.012 0.012 0.012 0.011 0.010 0.009 0.007 0.006 0.005 0.004 0.003 0.002 0.001 0.001 0.001 0.000 0.000 0.000 0.000 0.000 0.000 0.000 0.000 0.000 0.000 0.000 0.000 0.000 0.000 0.000 0.000 0.000 0.000 0.000 0.000 0.000 0.000 0.000 0.000 0.000 0.000 0.000 0.000 0.000 0.000 0.000 0.000 0.001 0.001 0.002 0.003
0.001 0.002 0.002 0.002 0.002 0.002 0.002 0.003 0.003 0.003 0.003 0.003 0.002 0.002 0.002 0.002 0.003 0.003 0.004 0.005 0.007 0.008 0.009 0.010 0.011 0.011 0.011 0.011 0.011 0.010 0.009 0.007 0.006 0.004 0.003 0.002 0.002 0.001 0.001 0.001 0.000 0.000 0.000 0.000 0.000 0.000 0.000 0.000 0.000 0.000 0.000 0.000 0.000 0.000 0.000 0.000 0.000 0.000 0.000 0.000 0.000 0.000 0.000 0.000 0.000 0.000 0.000 0.000 0.000 0.000 0.000 0.000 0.000 0.000 0.000 0.001 0.002
0.001 0.001 0.001 0.002 0.002 0.002 0.002 0.002 0.002 0.002 0.002 0.002 0.002 0.002 0.002 0.002 0.003 0.003 0.004 0.005 0.007 0.008 0.009 0.009 0.009 0.009 0.009 0.009 0.008 0.007 0.006 0.005 0.003 0.002 0.002 0.001 0.001 0.001 0.001 0.000 0.000 0.000 0.000 0.000 0.000 0.000 0.000 0.000 0.000 0.000 0.000 0.000 0.000 0.000 0.000 0.000 0.000 0.000 0.000 0.000 0.000 0.000 0.000 0.000 0.000 0.000 0.000 0.000 0.000 0.000 0.000 0.000 0.000 0.000 0.000 0.000 0.001
0.000 0.001 0.001 0.001 0.001 0.001 0.001 0.002 0.002 0.002 0.002 0.002 0.002 0.002 0.002 0.002 0.002 0.003 0.004 0.005 0.006 0.007 0.007 0.007 0.007 0.006 0.006 0.005 0.004 0.004 0.003 0.002 0.002 0.001 0.001 0.001 0.001 0.000 0.000 0.000 0.000 0.000 0.000 0.000 0.000 0.000 0.000 0.000 0.000 0.000 0.000 0.000 0.000 0.000 0.000 0.000 0.000 0.000 0.000 0.000 0.000 0.000 0.000 0.000 0.000 0.000 0.000 0.000 0.000 0.000 0.000 0.000 0.000 0.000 0.000 0.000 0.000
