RESULTS/r.avaflow_results/11_results/11_ascii/11_hflow30055.asc
ncols 506
nrows 317
xllcenter 498237.50
yllcenter 5580050.00
cellsize 12.50
NODATA_value -9999.000
[rows 170 to 203 of 317, columns 154 to 230 of 506]
8.694 8.548 8.405 8.241 8.049 7.839 7.636 7.449 7.277 7.122 6.978 6.835 6.678 6.455 6.096 5.569 4.891 4.120 3.337 2.613 1.963 1.412 0.983 0.686 0.500 0.393 0.340 0.322 0.322 0.339 0.377 0.416 0.442 0.458 0.473 0.491 0.518 0.542 0.550 0.548 0.535 0.516 0.497 0.478 0.455 0.420 0.371 0.315 0.265 0.221 0.181 0.149 0.126 0.110 0.102 0.098 0.099 0.102 0.107 0.113 0.116 0.118 0.119 0.119 0.119 0.120 0.127 0.146 0.191 0.276 0.357 0.394 0.400 0.379 0.321 0.236 0.161
11.533 11.737 11.837 11.850 11.805 11.684 11.490 11.251 10.996 10.750 10.516 10.289 10.055 9.770 9.344 8.703 7.844 6.810 5.681 4.568 3.530 2.605 1.841 1.274 0.898 0.669 0.540 0.480 0.464 0.475 0.500 0.520 0.528 0.528 0.526 0.529 0.540 0.551 0.553 0.545 0.524 0.496 0.468 0.440 0.407 0.358 0.288 0.214 0.158 0.121 0.098 0.083 0.074 0.069 0.068 0.069 0.072 0.078 0.085 0.088 0.089 0.089 0.089 0.088 0.087 0.088 0.093 0.108 0.141 0.206 0.297 0.362 0.388 0.391 0.373 0.327 0.251
14.733 15.346 15.641 15.704 15.663 15.519 15.279 14.989 14.688 14.389 14.098 13.820 13.545 13.237 12.814 12.159 11.218 10.024 8.659 7.231 5.823 4.487 3.297 2.333 1.630 1.159 0.863 0.695 0.613 0.577 0.562 0.554 0.547 0.538 0.528 0.524 0.525 0.526 0.519 0.497 0.458 0.413 0.372 0.331 0.284 0.224 0.159 0.111 0.082 0.066 0.056 0.050 0.048 0.047 0.047 0.050 0.055 0.062 0.067 0.070 0.070 0.069 0.068 0.066 0.066 0.067 0.070 0.081 0.103 0.147 0.224 0.314 0.370 0.391 0.393 0.378 0.335
17.067 18.031 18.544 18.712 18.710 18.608 18.418 18.186 17.927 17.642 17.335 17.025 16.723 16.401 15.988 15.360 14.451 13.276 11.906 10.398 8.792 7.134 5.487 4.027 2.859 1.992 1.392 1.009 0.780 0.649 0.581 0.550 0.532 0.514 0.495 0.478 0.464 0.450 0.427 0.383 0.319 0.260 0.214 0.177 0.144 0.108 0.078 0.058 0.046 0.039 0.036 0.034 0.033 0.033 0.035 0.038 0.043 0.049 0.054 0.055 0.055 0.055 0.053 0.052 0.052 0.053 0.056 0.063 0.078 0.105 0.154 0.241 0.334 0.382 0.396 0.394 0.374
18.306 19.514 20.280 20.686 20.873 20.944 20.926 20.845 20.704 20.489 20.194 19.847 19.505 19.157 18.742 18.140 17.272 16.142 14.803 13.317 11.709 9.967 8.068 6.110 4.386 3.009 2.000 1.327 0.919 0.689 0.572 0.513 0.474 0.441 0.407 0.374 0.343 0.312 0.274 0.223 0.170 0.133 0.107 0.087 0.070 0.055 0.043 0.035 0.029 0.027 0.025 0.025 0.025 0.025 0.027 0.029 0.034 0.039 0.043 0.044 0.045 0.044 0.044 0.043 0.044 0.045 0.048 0.052 0.062 0.078 0.109 0.166 0.265 0.349 0.385 0.392 0.384
18.606 19.926 20.907 21.600 22.090 22.430 22.646 22.736 22.721 22.601 22.332 21.935 21.544 21.177 20.770 20.215 19.434 18.401 17.118 15.612 13.917 12.041 9.950 7.610 5.433 3.671 2.368 1.504 0.988 0.698 0.538 0.441 0.371 0.313 0.263 0.225 0.197 0.173 0.148 0.117 0.090 0.070 0.057 0.047 0.039 0.032 0.027 0.023 0.021 0.020 0.020 0.019 0.020 0.020 0.021 0.023 0.027 0.031 0.035 0.036 0.037 0.037 0.038 0.038 0.039 0.040 0.042 0.046 0.052 0.062 0.082 0.118 0.188 0.284 0.350 0.374 0.376
18.427 19.802 20.901 21.765 22.481 23.059 23.456 23.665 23.727 23.677 23.440 22.996 22.569 22.216 21.837 21.335 20.646 19.727 18.531 17.030 15.247 13.222 10.941 8.356 5.901 3.932 2.492 1.551 0.997 0.674 0.477 0.345 0.252 0.188 0.145 0.120 0.105 0.093 0.080 0.064 0.051 0.041 0.034 0.028 0.024 0.021 0.019 0.017 0.016 0.016 0.016 0.016 0.016 0.017 0.018 0.019 0.022 0.025 0.028 0.030 0.032 0.033 0.034 0.035 0.036 0.037 0.039 0.042 0.046 0.053 0.066 0.090 0.132 0.205 0.285 0.333 0.352
17.782 19.268 20.539 21.590 22.449 23.116 23.559 23.796 23.882 23.858 23.639 23.177 22.735 22.405 22.050 21.575 20.929 20.079 18.959 17.494 15.677 13.559 11.170 8.477 5.941 3.918 2.452 1.505 0.941 0.600 0.384 0.244 0.158 0.108 0.081 0.066 0.058 0.052 0.045 0.037 0.031 0.026 0.022 0.019 0.017 0.015 0.014 0.013 0.013 0.013 0.013 0.013 0.013 0.014 0.014 0.016 0.017 0.020 0.023 0.025 0.028 0.029 0.031 0.032 0.034 0.035 0.037 0.040 0.043 0.048 0.057 0.073 0.099 0.143 0.207 0.268 0.308
16.723 18.341 19.784 21.029 22.038 22.769 23.214 23.430 23.497 23.468 23.256 22.818 22.366 22.011 21.635 21.147 20.519 19.720 18.664 17.244 15.437 13.286 10.819 8.066 5.566 3.591 2.184 1.293 0.767 0.450 0.258 0.149 0.092 0.062 0.047 0.039 0.035 0.031 0.028 0.024 0.021 0.018 0.016 0.014 0.013 0.011 0.011 0.010 0.010 0.010 0.010 0.010 0.010 0.011 0.011 0.012 0.014 0.016 0.018 0.021 0.024 0.026 0.028 0.030 0.032 0.034 0.036 0.038 0.041 0.045 0.052 0.062 0.080 0.108 0.149 0.199 0.246
15.379 17.092 18.635 19.981 21.068 21.843 22.299 22.484 22.499 22.404 22.180 21.838 21.415 20.948 20.433 19.863 19.218 18.448 17.450 16.076 14.266 12.053 9.499 6.838 4.551 2.801 1.595 0.863 0.462 0.248 0.137 0.081 0.053 0.037 0.030 0.025 0.023 0.021 0.019 0.017 0.015 0.014 0.012 0.011 0.010 0.009 0.008 0.008 0.008 0.008 0.008 0.008 0.008 0.008 0.009 0.010 0.011 0.013 0.015 0.017 0.020 0.023 0.026 0.028 0.030 0.032 0.034 0.036 0.039 0.042 0.048 0.056 0.069 0.089 0.116 0.151 0.190
13.780 15.495 17.050 18.421 19.559 20.403 20.912 21.088 21.047 20.865 20.651 20.448 20.092 19.478 18.731 18.020 17.301 16.487 15.426 13.959 12.015 9.636 7.065 4.720 2.890 1.609 0.820 0.405 0.206 0.113 0.068 0.044 0.032 0.025 0.020 0.018 0.016 0.015 0.014 0.013 0.012 0.011 0.010 0.009 0.008 0.007 0.006 0.006 0.005 0.005 0.005 0.005 0.006 0.006 0.007 0.008 0.009 0.010 0.012 0.014 0.017 0.020 0.023 0.026 0.028 0.030 0.033 0.035 0.037 0.041 0.046 0.053 0.064 0.079 0.099 0.124 0.153
11.913 13.525 15.058 16.477 17.733 18.730 19.369 19.615 19.596 19.432 19.235 19.033 18.640 17.908 16.987 16.122 15.258 14.244 12.884 11.051 8.684 6.153 3.977 2.398 1.348 0.700 0.338 0.164 0.087 0.053 0.036 0.027 0.021 0.018 0.015 0.014 0.013 0.012 0.011 0.010 0.010 0.009 0.008 0.007 0.006 0.005 0.004 0.004 0.004 0.003 0.003 0.003 0.004 0.004 0.005 0.006 0.007 0.008 0.010 0.012 0.014 0.017 0.020 0.023 0.026 0.029 0.031 0.033 0.036 0.039 0.044 0.052 0.062 0.075 0.091 0.110 0.132
9.869 11.316 12.815 14.315 15.737 16.928 17.743 18.115 18.152 18.026 17.796 17.466 16.913 16.080 15.092 14.090 13.011 11.630 9.731 7.316 4.908 3.016 1.722 0.937 0.494 0.252 0.126 0.067 0.041 0.029 0.022 0.018 0.016 0.014 0.012 0.011 0.011 0.010 0.009 0.009 0.008 0.007 0.006 0.005 0.004 0.004 0.003 0.002 0.002 0.002 0.002 0.002 0.002 0.002 0.003 0.004 0.005 0.006 0.008 0.009 0.012 0.014 0.017 0.020 0.024 0.027 0.029 0.032 0.035 0.039 0.044 0.051 0.062 0.074 0.088 0.104 0.120
7.936 9.143 10.480 11.949 13.440 14.730 15.662 16.148 16.248 16.129 15.758 15.149 14.337 13.386 12.354 11.216 9.847 8.004 5.741 3.634 2.111 1.114 0.560 0.291 0.159 0.088 0.051 0.032 0.024 0.019 0.016 0.014 0.012 0.011 0.010 0.010 0.009 0.008 0.008 0.007 0.007 0.006 0.005 0.004 0.003 0.002 0.002 0.001 0.001 0.001 0.001 0.001 0.001 0.001 0.002 0.002 0.003 0.004 0.006 0.007 0.009 0.012 0.014 0.017 0.021 0.024 0.027 0.031 0.034 0.038 0.044 0.052 0.062 0.074 0.088 0.101 0.115
6.088 6.999 8.037 9.203 10.433 11.536 12.385 12.872 13.000 12.877 12.384 11.518 10.387 9.217 8.083 6.872 5.464 3.867 2.381 1.297 0.640 0.306 0.158 0.091 0.057 0.037 0.026 0.020 0.016 0.014 0.012 0.011 0.010 0.009 0.009 0.008 0.008 0.007 0.007 0.006 0.005 0.005 0.004 0.003 0.002 0.002 0.001 0.001 0.000 0.000 0.000 0.000 0.000 0.000 0.001 0.001 0.002 0.003 0.004 0.006 0.008 0.010 0.012 0.015 0.018 0.022 0.025 0.029 0.033 0.038 0.045 0.053 0.063 0.075 0.088 0.101 0.114
4.272 4.757 5.286 5.857 6.469 7.079 7.602 7.931 8.034 7.941 7.492 6.644 5.558 4.568 3.723 2.932 2.106 1.283 0.676 0.323 0.158 0.086 0.054 0.037 0.027 0.021 0.017 0.014 0.012 0.011 0.010 0.009 0.008 0.008 0.007 0.007 0.006 0.006 0.006 0.005 0.004 0.004 0.003 0.003 0.002 0.001 0.001 0.000 0.000 0.000 0.000 0.000 0.000 0.000 0.000 0.001 0.001 0.002 0.003 0.004 0.006 0.008 0.010 0.013 0.016 0.020 0.024 0.028 0.033 0.038 0.045 0.053 0.064 0.075 0.088 0.101 0.115
2.609 2.733 2.870 3.013 3.159 3.318 3.475 3.574 3.603 3.554 3.323 2.858 2.209 1.639 1.218 0.876 0.561 0.310 0.158 0.084 0.050 0.035 0.026 0.021 0.017 0.014 0.012 0.011 0.010 0.009 0.008 0.007 0.007 0.007 0.006 0.006 0.005 0.005 0.005 0.004 0.004 0.003 0.003 0.002 0.001 0.001 0.000 0.000 0.000 0.000 0.000 0.000 0.000 0.000 0.000 0.000 0.000 0.001 0.002 0.003 0.004 0.006 0.008 0.011 0.014 0.018 0.022 0.027 0.032 0.038 0.045 0.053 0.063 0.075 0.088 0.103 0.119
1.336 1.295 1.275 1.259 1.239 1.224 1.225 1.219 1.206 1.172 1.077 0.895 0.640 0.441 0.312 0.216 0.138 0.082 0.049 0.033 0.025 0.020 0.017 0.015 0.013 0.011 0.010 0.009 0.008 0.007 0.007 0.006 0.006 0.005 0.005 0.005 0.004 0.004 0.004 0.003 0.003 0.003 0.002 0.002 0.001 0.001 0.000 0.000 0.000 0.000 0.000 0.000 0.000 0.000 0.000 0.000 0.000 0.000 0.001 0.002 0.003 0.005 0.007 0.009 0.012 0.016 0.020 0.025 0.030 0.037 0.044 0.052 0.062 0.074 0.088 0.106 0.126
0.562 0.506 0.475 0.452 0.429 0.404 0.384 0.367 0.351 0.332 0.300 0.246 0.173 0.121 0.088 0.064 0.046 0.033 0.025 0.020 0.017 0.014 0.013 0.011 0.010 0.009 0.008 0.007 0.006 0.006 0.005 0.005 0.005 0.004 0.004 0.004 0.004 0.003 0.003 0.003 0.003 0.002 0.002 0.002 0.001 0.001 0.000 0.000 0.000 0.000 0.000 0.000 0.000 0.000 0.000 0.000 0.000 0.000 0.000 0.001 0.002 0.003 0.005 0.007 0.010 0.014 0.018 0.023 0.028 0.034 0.041 0.049 0.058 0.070 0.086 0.106 0.130
0.208 0.184 0.172 0.163 0.153 0.140 0.128 0.118 0.110 0.102 0.092 0.077 0.058 0.044 0.035 0.029 0.023 0.019 0.016 0.014 0.012 0.011 0.010 0.009 0.008 0.007 0.006 0.006 0.005 0.005 0.004 0.004 0.004 0.003 0.003 0.003 0.003 0.003 0.003 0.003 0.002 0.002 0.002 0.002 0.001 0.001 0.000 0.000 0.000 0.000 0.000 0.000 0.000 0.000 0.000 0.000 0.000 0.000 0.000 0.000 0.001 0.002 0.004 0.006 0.008 0.011 0.015 0.020 0.025 0.031 0.037 0.044 0.052 0.064 0.080 0.102 0.128
0.078 0.071 0.067 0.064 0.061 0.056 0.051 0.047 0.043 0.040 0.038 0.034 0.029 0.024 0.021 0.018 0.016 0.014 0.012 0.011 0.010 0.009 0.008 0.007 0.006 0.006 0.005 0.005 0.004 0.004 0.004 0.003 0.003 0.003 0.003 0.003 0.003 0.003 0.003 0.002 0.002 0.002 0.002 0.002 0.001 0.001 0.000 0.000 0.000 0.000 0.000 0.000 0.000 0.000 0.000 0.000 0.000 0.000 0.000 0.000 0.001 0.001 0.003 0.004 0.006 0.009 0.012 0.016 0.020 0.025 0.030 0.036 0.043 0.053 0.068 0.089 0.116
0.034 0.032 0.031 0.031 0.030 0.028 0.026 0.024 0.023 0.022 0.021 0.020 0.019 0.017 0.015 0.014 0.012 0.011 0.010 0.009 0.008 0.007 0.006 0.006 0.005 0.005 0.004 0.004 0.004 0.003 0.003 0.003 0.003 0.003 0.003 0.003 0.003 0.003 0.003 0.003 0.003 0.003 0.003 0.002 0.001 0.001 0.000 0.000 0.000 0.000 0.000 0.000 0.000 0.000 0.000 0.000 0.000 0.000 0.000 0.000 0.000 0.001 0.002 0.003 0.004 0.006 0.009 0.012 0.015 0.018 0.022 0.026 0.031 0.038 0.049 0.065 0.089
0.018 0.018 0.018 0.018 0.018 0.017 0.017 0.016 0.016 0.015 0.015 0.015 0.014 0.013 0.012 0.011 0.010 0.009 0.008 0.007 0.006 0.006 0.005 0.005 0.004 0.004 0.004 0.004 0.004 0.003 0.003 0.003 0.003 0.003 0.003 0.003 0.003 0.003 0.004 0.004 0.004 0.003 0.003 0.002 0.001 0.001 0.000 0.000 0.000 0.000 0.000 0.000 0.000 0.000 0.000 0.000 0.000 0.000 0.000 0.000 0.000 0.000 0.001 0.002 0.003 0.004 0.006 0.008 0.011 0.013 0.016 0.019 0.022 0.027 0.033 0.042 0.057
0.012 0.012 0.013 0.013 0.013 0.012 0.012 0.012 0.012 0.012 0.012 0.011 0.011 0.011 0.010 0.009 0.008 0.007 0.006 0.006 0.005 0.005 0.004 0.004 0.004 0.004 0.004 0.004 0.004 0.004 0.004 0.004 0.004 0.004 0.004 0.005 0.005 0.005 0.005 0.005 0.004 0.004 0.003 0.002 0.001 0.001 0.000 0.000 0.000 0.000 0.000 0.000 0.000 0.000 0.000 0.000 0.000 0.000 0.000 0.000 0.000 0.000 0.000 0.001 0.002 0.003 0.004 0.006 0.007 0.010 0.012 0.014 0.016 0.019 0.023 0.028 0.036
0.009 0.009 0.010 0.010 0.010 0.010 0.010 0.010 0.010 0.009 0.009 0.009 0.009 0.009 0.008 0.008 0.007 0.006 0.005 0.005 0.004 0.004 0.004 0.004 0.004 0.004 0.004 0.004 0.005 0.005 0.005 0.006 0.006 0.006 0.007 0.007 0.007 0.006 0.006 0.005 0.004 0.004 0.003 0.002 0.001 0.001 0.000 0.000 0.000 0.000 0.000 0.000 0.000 0.000 0.000 0.000 0.000 0.000 0.000 0.000 0.000 0.000 0.000 0.000 0.001 0.001 0.002 0.004 0.005 0.007 0.008 0.010 0.012 0.014 0.017 0.020 0.025
0.007 0.007 0.008 0.008 0.008 0.008 0.008 0.008 0.008 0.008 0.008 0.008 0.008 0.007 0.007 0.006 0.006 0.005 0.005 0.004 0.004 0.004 0.004 0.004 0.004 0.005 0.005 0.006 0.007 0.007 0.008 0.008 0.009 0.009 0.008 0.008 0.007 0.007 0.006 0.005 0.004 0.003 0.002 0.002 0.001 0.001 0.000 0.000 0.000 0.000 0.000 0.000 0.000 0.000 0.000 0.000 0.000 0.000 0.000 0.000 0.000 0.000 0.000 0.000 0.000 0.001 0.001 0.002 0.003 0.004 0.006 0.007 0.009 0.010 0.012 0.015 0.018
0.006 0.006 0.006 0.006 0.007 0.007 0.007 0.007 0.007 0.007 0.007 0.007 0.007 0.006 0.006 0.005 0.005 0.004 0.004 0.004 0.004 0.004 0.004 0.005 0.006 0.007 0.008 0.010 0.010 0.010 0.010 0.010 0.010 0.009 0.009 0.008 0.008 0.007 0.006 0.005 0.004 0.003 0.002 0.001 0.001 0.001 0.000 0.000 0.000 0.000 0.000 0.000 0.000 0.000 0.000 0.000 0.000 0.000 0.000 0.000 0.000 0.000 0.000 0.000 0.000 0.000 0.000 0.001 0.002 0.003 0.004 0.005 0.006 0.008 0.009 0.011 0.013
0.004 0.005 0.005 0.005 0.005 0.006 0.006 0.006 0.006 0.006 0.006 0.006 0.005 0.005 0.005 0.004 0.004 0.004 0.004 0.004 0.004 0.005 0.005 0.007 0.009 0.010 0.011 0.012 0.012 0.012 0.011 0.011 0.010 0.010 0.009 0.008 0.007 0.006 0.005 0.004 0.003 0.002 0.002 0.001 0.001 0.000 0.000 0.000 0.000 0.000 0.000 0.000 0.000 0.000 0.000 0.000 0.000 0.000 0.000 0.000 0.000 0.000 0.000 0.000 0.000 0.000 0.000 0.000 0.001 0.001 0.002 0.003 0.004 0.005 0.007 0.008 0.010
0.003 0.004 0.004 0.004 0.004 0.005 0.005 0.005 0.005 0.005 0.005 0.005 0.005 0.004 0.004 0.004 0.004 0.004 0.004 0.004 0.005 0.006 0.007 0.009 0.011 0.012 0.013 0.013 0.013 0.012 0.012 0.011 0.010 0.009 0.009 0.008 0.007 0.006 0.005 0.003 0.002 0.002 0.001 0.001 0.000 0.000 0.000 0.000 0.000 0.000 0.000 0.000 0.000 0.000 0.000 0.000 0.000 0.000 0.000 0.000 0.000 0.000 0.000 0.000 0.000 0.000 0.000 0.000 0.000 0.000 0.001 0.002 0.002 0.003 0.004 0.006 0.007
0.002 0.003 0.003 0.003 0.003 0.004 0.004 0.004 0.004 0.004 0.004 0.004 0.004 0.004 0.003 0.003 0.003 0.004 0.004 0.005 0.006 0.007 0.009 0.011 0.012 0.013 0.013 0.013 0.013 0.012 0.012 0.011 0.010 0.009 0.008 0.007 0.006 0.005 0.003 0.002 0.002 0.001 0.001 0.001 0.000 0.000 0.000 0.000 0.000 0.000 0.000 0.000 0.000 0.000 0.000 0.000 0.000 0.000 0.000 0.000 0.000 0.000 0.000 0.000 0.000 0.000 0.000 0.000 0.000 0.000 0.000 0.001 0.001 0.002 0.003 0.004 0.005
0.002 0.002 0.002 0.002 0.003 0.003 0.003 0.003 0.003 0.003 0.003 0.003 0.003 0.003 0.003 0.003 0.003 0.004 0.004 0.005 0.006 0.008 0.009 0.011 0.012 0.012 0.013 0.013 0.012 0.012 0.011 0.010 0.009 0.007 0.006 0.005 0.004 0.003 0.002 0.001 0.001 0.001 0.001 0.000 0.000 0.000 0.000 0.000 0.000 0.000 0.000 0.000 0.000 0.000 0.000 0.000 0.000 0.000 0.000 0.000 0.000 0.000 0.000 0.000 0.000 0.000 0.000 0.000 0.000 0.000 0.000 0.000 0.000 0.001 0.001 0.002 0.003
0.001 0.001 0.001 0.002 0.002 0.002 0.002 0.002 0.002 0.002 0.003 0.003 0.003 0.003 0.003 0.003 0.003 0.004 0.004 0.005 0.007 0.008 0.009 0.011 0.011 0.012 0.012 0.012 0.012 0.011 0.010 0.008 0.007 0.005 0.004 0.003 0.002 0.002 0.001 0.001 0.001 0.000 0.000 0.000 0.000 0.000 0.000 0.000 0.000 0.000 0.000 0.000 0.000 0.000 0.000 0.000 0.000 0.000 0.000 0.000 0.000 0.000 0.000 0.000 0.000 0.000 0.000 0.000 0.000 0.000 0.000 0.000 0.000 0.000 0.001 0.001 0.002
0.001 0.001 0.001 0.001 0.001 0.001 0.002 0.002 0.002 0.002 0.002 0.002 0.002 0.002 0.002 0.002 0.003 0.003 0.004 0.005 0.007 0.008 0.009 0.010 0.010 0.010 0.010 0.010 0.009 0.008 0.007 0.006 0.004 0.003 0.002 0.002 0.001 0.001 0.001 0.001 0.000 0.000 0.000 0.000 0.000 0.000 0.000 0.000 0.000 0.000 0.000 0.000 0.000 0.000 0.000 0.000 0.000 0.000 0.000 0.000 0.000 0.000 0.000 0.000 0.000 0.000 0.000 0.000 0.000 0.000 0.000 0.000 0.000 0.000 0.000 0.000 0.001
0.000 0.000 0.000 0.001 0.001 0.001 0.001 0.001 0.001 0.001 0.001 0.002 0.002 0.002 0.002 0.002 0.002 0.003 0.004 0.005 0.006 0.007 0.007 0.007 0.007 0.007 0.006 0.006 0.005 0.004 0.004 0.003 0.002 0.002 0.001 0.001 0.001 0.001 0.000 0.000 0.000 0.000 0.000 0.000 0.000 0.000 0.000 0.000 0.000 0.000 0.000 0.000 0.000 0.000 0.000 0.000 0.000 0.000 0.000 0.000 0.000 0.000 0.000 0.000 0.000 0.000 0.000 0.000 0.000 0.000 0.000 0.000 0.000 0.000 0.000 0.000 0.000
