RESULTS/r.avaflow_results/11_results/11_ascii/11_hflow0036.asc
ncols 506
nrows 317
xllcenter 498237.50
yllcenter 5580050.00
cellsize 12.50
NODATA_value -9999.000
[rows 170 to 203 of 317, columns 154 to 230 of 506]
9.822 9.594 9.374 9.133 8.872 8.594 8.319 8.057 7.818 7.604 7.406 7.216 7.014 6.751 6.358 5.804 5.108 4.321 3.522 2.783 2.120 1.556 1.113 0.800 0.601 0.485 0.427 0.406 0.406 0.425 0.468 0.509 0.534 0.548 0.561 0.577 0.604 0.636 0.651 0.654 0.649 0.638 0.626 0.612 0.591 0.558 0.508 0.442 0.375 0.312 0.254 0.207 0.171 0.146 0.131 0.123 0.121 0.123 0.128 0.134 0.138 0.141 0.143 0.144 0.145 0.147 0.156 0.179 0.234 0.338 0.446 0.500 0.511 0.493 0.429 0.319 0.216
12.854 12.983 13.000 12.928 12.804 12.599 12.318 11.992 11.661 11.350 11.059 10.779 10.496 10.164 9.695 9.019 8.133 7.080 5.933 4.807 3.757 2.822 2.045 1.458 1.061 0.813 0.670 0.601 0.581 0.589 0.611 0.625 0.627 0.620 0.616 0.617 0.629 0.646 0.653 0.650 0.637 0.615 0.590 0.564 0.530 0.478 0.401 0.308 0.227 0.171 0.135 0.112 0.097 0.088 0.085 0.084 0.086 0.091 0.098 0.102 0.104 0.104 0.104 0.104 0.104 0.106 0.113 0.131 0.171 0.250 0.366 0.455 0.494 0.501 0.483 0.427 0.329
16.103 16.625 16.829 16.805 16.684 16.460 16.144 15.783 15.418 15.065 14.725 14.400 14.078 13.727 13.262 12.575 11.610 10.393 9.002 7.550 6.125 4.779 3.581 2.603 1.875 1.375 1.052 0.864 0.764 0.712 0.683 0.664 0.647 0.630 0.617 0.612 0.614 0.618 0.614 0.598 0.565 0.520 0.476 0.430 0.376 0.307 0.226 0.159 0.115 0.090 0.074 0.065 0.059 0.057 0.057 0.059 0.063 0.070 0.076 0.079 0.079 0.079 0.078 0.078 0.078 0.079 0.084 0.098 0.126 0.179 0.275 0.392 0.469 0.498 0.502 0.486 0.433
18.435 19.297 19.718 19.805 19.729 19.558 19.304 19.011 18.695 18.359 18.005 17.651 17.304 16.939 16.486 15.829 14.903 13.718 12.334 10.804 9.172 7.500 5.849 4.381 3.191 2.288 1.648 1.224 0.958 0.797 0.707 0.660 0.629 0.603 0.579 0.561 0.546 0.532 0.511 0.471 0.407 0.339 0.282 0.235 0.193 0.148 0.108 0.080 0.062 0.051 0.044 0.041 0.040 0.040 0.040 0.043 0.048 0.054 0.059 0.061 0.061 0.061 0.061 0.060 0.061 0.062 0.066 0.076 0.094 0.129 0.192 0.303 0.422 0.486 0.505 0.504 0.483
19.674 20.776 21.451 21.778 21.893 21.892 21.805 21.663 21.466 21.199 20.857 20.467 20.078 19.685 19.231 18.604 17.724 16.588 15.238 13.731 12.096 10.331 8.414 6.451 4.721 3.324 2.279 1.561 1.108 0.842 0.699 0.620 0.566 0.522 0.481 0.445 0.411 0.376 0.336 0.283 0.222 0.175 0.141 0.116 0.093 0.073 0.056 0.044 0.037 0.032 0.030 0.029 0.029 0.029 0.030 0.033 0.037 0.042 0.046 0.048 0.048 0.048 0.048 0.049 0.050 0.051 0.055 0.062 0.074 0.096 0.137 0.214 0.341 0.449 0.495 0.503 0.496
19.984 21.201 22.090 22.704 23.116 23.375 23.509 23.528 23.452 23.276 22.962 22.525 22.085 21.671 21.223 20.640 19.842 18.797 17.503 15.984 14.270 12.370 10.254 7.909 5.746 3.981 2.652 1.744 1.180 0.851 0.661 0.540 0.452 0.380 0.320 0.273 0.239 0.211 0.183 0.149 0.116 0.091 0.074 0.061 0.050 0.040 0.033 0.028 0.025 0.023 0.022 0.022 0.022 0.022 0.023 0.025 0.028 0.032 0.035 0.037 0.038 0.039 0.040 0.041 0.042 0.044 0.048 0.053 0.061 0.076 0.103 0.154 0.250 0.377 0.459 0.488 0.491
19.822 21.097 22.104 22.886 23.519 24.009 24.320 24.450 24.445 24.337 24.053 23.575 23.098 22.692 22.266 21.730 21.015 20.074 18.861 17.351 15.559 13.517 11.215 8.626 6.199 4.237 2.775 1.791 1.187 0.822 0.589 0.428 0.312 0.231 0.179 0.147 0.128 0.113 0.098 0.080 0.064 0.052 0.043 0.036 0.030 0.025 0.022 0.020 0.018 0.017 0.017 0.017 0.017 0.018 0.018 0.020 0.022 0.024 0.027 0.029 0.031 0.032 0.034 0.035 0.037 0.039 0.042 0.046 0.053 0.064 0.082 0.117 0.179 0.286 0.392 0.450 0.470
19.202 20.589 21.767 22.730 23.502 24.081 24.442 24.600 24.615 24.531 24.264 23.769 23.276 22.887 22.481 21.966 21.290 20.412 19.270 17.794 15.971 13.841 11.434 8.740 6.236 4.220 2.732 1.739 1.120 0.731 0.475 0.304 0.197 0.134 0.099 0.081 0.070 0.063 0.055 0.046 0.038 0.032 0.027 0.023 0.020 0.018 0.016 0.015 0.014 0.013 0.013 0.013 0.013 0.014 0.014 0.015 0.016 0.018 0.021 0.023 0.025 0.027 0.029 0.031 0.033 0.035 0.038 0.042 0.047 0.056 0.070 0.094 0.135 0.205 0.302 0.384 0.430
18.157 19.679 21.030 22.185 23.107 23.757 24.128 24.273 24.274 24.185 23.924 23.451 22.947 22.533 22.103 21.575 20.914 20.082 18.996 17.560 15.744 13.581 11.095 8.347 5.869 3.892 2.453 1.506 0.921 0.553 0.322 0.187 0.115 0.077 0.057 0.047 0.041 0.037 0.033 0.028 0.025 0.022 0.019 0.017 0.015 0.013 0.012 0.011 0.010 0.010 0.010 0.010 0.010 0.010 0.010 0.011 0.012 0.014 0.015 0.017 0.020 0.022 0.024 0.026 0.028 0.031 0.034 0.038 0.043 0.050 0.061 0.079 0.108 0.154 0.221 0.301 0.369
16.805 18.427 19.887 21.154 22.166 22.870 23.261 23.384 23.343 23.203 22.933 22.538 22.055 21.539 20.981 20.371 19.688 18.879 17.844 16.445 14.617 12.388 9.815 7.159 4.873 3.097 1.838 1.037 0.573 0.313 0.174 0.102 0.065 0.046 0.035 0.030 0.027 0.024 0.022 0.019 0.017 0.016 0.014 0.012 0.011 0.010 0.009 0.008 0.007 0.007 0.007 0.007 0.007 0.007 0.007 0.008 0.009 0.010 0.011 0.013 0.015 0.017 0.019 0.022 0.024 0.027 0.030 0.034 0.039 0.045 0.055 0.069 0.091 0.123 0.169 0.230 0.297
15.184 16.820 18.306 19.617 20.693 21.472 21.917 22.040 21.957 21.745 21.477 21.191 20.763 20.114 19.344 18.588 17.825 16.968 15.870 14.375 12.413 10.022 7.437 5.079 3.207 1.861 0.994 0.509 0.265 0.145 0.086 0.055 0.039 0.029 0.024 0.021 0.019 0.017 0.016 0.014 0.013 0.012 0.010 0.009 0.008 0.007 0.006 0.006 0.005 0.005 0.005 0.004 0.004 0.005 0.005 0.005 0.006 0.007 0.008 0.010 0.011 0.013 0.015 0.018 0.020 0.023 0.027 0.031 0.035 0.041 0.050 0.063 0.081 0.106 0.140 0.185 0.239
13.296 14.851 16.325 17.690 18.887 19.812 20.376 20.555 20.477 20.261 19.997 19.727 19.281 18.523 17.581 16.661 15.744 14.690 13.305 11.459 9.093 6.548 4.323 2.678 1.558 0.843 0.425 0.211 0.113 0.067 0.045 0.033 0.025 0.021 0.018 0.016 0.014 0.013 0.012 0.011 0.010 0.009 0.008 0.007 0.006 0.005 0.004 0.004 0.003 0.003 0.003 0.003 0.003 0.003 0.003 0.003 0.004 0.005 0.006 0.007 0.008 0.010 0.012 0.014 0.017 0.020 0.023 0.027 0.032 0.038 0.047 0.059 0.075 0.096 0.124 0.159 0.200
11.230 12.639 14.085 15.530 16.880 17.984 18.707 18.998 18.970 18.781 18.485 18.093 17.495 16.632 15.605 14.538 13.395 11.976 10.066 7.661 5.245 3.308 1.953 1.101 0.601 0.317 0.163 0.087 0.053 0.036 0.027 0.022 0.018 0.016 0.014 0.013 0.011 0.010 0.009 0.008 0.007 0.006 0.005 0.004 0.004 0.003 0.002 0.002 0.002 0.001 0.001 0.001 0.001 0.001 0.001 0.002 0.002 0.003 0.004 0.005 0.006 0.007 0.009 0.011 0.014 0.017 0.020 0.024 0.029 0.036 0.044 0.056 0.072 0.092 0.116 0.144 0.176
9.240 10.424 11.725 13.146 14.556 15.750 16.580 16.977 17.009 16.828 16.405 15.753 14.902 13.901 12.802 11.589 10.151 8.271 6.017 3.908 2.345 1.291 0.679 0.363 0.202 0.113 0.065 0.041 0.029 0.023 0.019 0.016 0.014 0.013 0.011 0.010 0.009 0.008 0.007 0.006 0.005 0.004 0.003 0.003 0.002 0.002 0.001 0.001 0.001 0.000 0.000 0.000 0.000 0.000 0.000 0.001 0.001 0.001 0.002 0.003 0.004 0.005 0.007 0.009 0.011 0.014 0.017 0.022 0.027 0.034 0.043 0.054 0.070 0.089 0.111 0.135 0.161
7.315 8.218 9.230 10.359 11.519 12.534 13.286 13.685 13.743 13.559 13.017 12.123 10.965 9.728 8.511 7.221 5.752 4.121 2.607 1.478 0.766 0.385 0.204 0.118 0.073 0.047 0.032 0.024 0.020 0.017 0.015 0.013 0.012 0.011 0.010 0.009 0.008 0.007 0.006 0.005 0.004 0.003 0.002 0.001 0.001 0.001 0.000 0.000 0.000 0.000 0.000 0.000 0.000 0.000 0.000 0.000 0.000 0.001 0.001 0.002 0.002 0.003 0.005 0.006 0.009 0.011 0.015 0.019 0.025 0.032 0.041 0.053 0.068 0.087 0.108 0.130 0.154
5.385 5.867 6.377 6.911 7.470 8.010 8.453 8.706 8.743 8.589 8.082 7.186 6.058 4.997 4.078 3.216 2.330 1.459 0.803 0.404 0.205 0.113 0.070 0.047 0.034 0.026 0.020 0.017 0.015 0.013 0.012 0.011 0.010 0.009 0.008 0.007 0.006 0.005 0.004 0.003 0.002 0.002 0.001 0.001 0.000 0.000 0.000 0.000 0.000 0.000 0.000 0.000 0.000 0.000 0.000 0.000 0.000 0.000 0.000 0.001 0.001 0.002 0.003 0.005 0.007 0.009 0.012 0.017 0.022 0.029 0.039 0.051 0.066 0.084 0.105 0.127 0.152
3.544 3.632 3.713 3.789 3.874 3.976 4.076 4.126 4.113 4.019 3.736 3.222 2.527 1.900 1.423 1.030 0.674 0.386 0.204 0.110 0.066 0.044 0.033 0.026 0.021 0.018 0.015 0.013 0.012 0.011 0.010 0.009 0.008 0.007 0.007 0.006 0.005 0.004 0.003 0.002 0.002 0.001 0.000 0.000 0.000 0.000 0.000 0.000 0.000 0.000 0.000 0.000 0.000 0.000 0.000 0.000 0.000 0.000 0.000 0.000 0.001 0.001 0.002 0.003 0.005 0.007 0.010 0.014 0.020 0.027 0.036 0.048 0.062 0.080 0.101 0.124 0.151
1.977 1.856 1.756 1.676 1.608 1.556 1.526 1.497 1.466 1.411 1.288 1.074 0.786 0.550 0.393 0.275 0.178 0.107 0.064 0.042 0.031 0.025 0.021 0.018 0.015 0.013 0.012 0.011 0.010 0.009 0.008 0.007 0.007 0.006 0.006 0.005 0.004 0.004 0.003 0.002 0.001 0.000 0.000 0.000 0.000 0.000 0.000 0.000 0.000 0.000 0.000 0.000 0.000 0.000 0.000 0.000 0.000 0.000 0.000 0.000 0.000 0.000 0.001 0.002 0.003 0.005 0.008 0.012 0.017 0.023 0.032 0.043 0.057 0.075 0.096 0.122 0.153
0.875 0.763 0.688 0.632 0.584 0.539 0.503 0.474 0.449 0.422 0.380 0.313 0.225 0.158 0.115 0.083 0.059 0.041 0.030 0.024 0.020 0.017 0.015 0.013 0.012 0.011 0.010 0.009 0.008 0.007 0.007 0.007 0.006 0.006 0.005 0.005 0.004 0.003 0.003 0.002 0.001 0.000 0.000 0.000 0.000 0.000 0.000 0.000 0.000 0.000 0.000 0.000 0.000 0.000 0.000 0.000 0.000 0.000 0.000 0.000 0.000 0.000 0.000 0.001 0.002 0.004 0.006 0.009 0.014 0.020 0.027 0.037 0.051 0.068 0.090 0.119 0.154
0.336 0.289 0.259 0.235 0.214 0.192 0.172 0.157 0.144 0.133 0.119 0.100 0.076 0.057 0.045 0.036 0.029 0.023 0.020 0.017 0.015 0.013 0.012 0.011 0.010 0.009 0.008 0.007 0.007 0.007 0.006 0.006 0.006 0.005 0.005 0.005 0.004 0.004 0.003 0.002 0.001 0.000 0.000 0.000 0.000 0.000 0.000 0.000 0.000 0.000 0.000 0.000 0.000 0.000 0.000 0.000 0.000 0.000 0.000 0.000 0.000 0.000 0.000 0.001 0.001 0.003 0.004 0.007 0.010 0.015 0.022 0.030 0.042 0.059 0.081 0.112 0.150
0.131 0.114 0.103 0.094 0.085 0.076 0.067 0.061 0.056 0.052 0.047 0.042 0.035 0.030 0.025 0.022 0.019 0.016 0.015 0.013 0.011 0.010 0.009 0.009 0.008 0.007 0.007 0.007 0.007 0.007 0.007 0.007 0.006 0.006 0.006 0.006 0.005 0.005 0.004 0.003 0.002 0.001 0.000 0.000 0.000 0.000 0.000 0.000 0.000 0.000 0.000 0.000 0.000 0.000 0.000 0.000 0.000 0.000 0.000 0.000 0.000 0.000 0.000 0.000 0.001 0.002 0.003 0.005 0.008 0.011 0.016 0.023 0.032 0.046 0.067 0.096 0.135
0.057 0.051 0.047 0.043 0.040 0.036 0.033 0.030 0.028 0.027 0.026 0.024 0.022 0.020 0.018 0.016 0.014 0.013 0.011 0.010 0.009 0.008 0.008 0.007 0.007 0.007 0.007 0.007 0.007 0.008 0.008 0.008 0.008 0.008 0.008 0.008 0.008 0.007 0.006 0.004 0.002 0.001 0.000 0.000 0.000 0.000 0.000 0.000 0.000 0.000 0.000 0.000 0.000 0.000 0.000 0.000 0.000 0.000 0.000 0.000 0.000 0.000 0.000 0.000 0.000 0.001 0.002 0.003 0.005 0.008 0.012 0.017 0.023 0.033 0.047 0.070 0.103
0.029 0.027 0.026 0.024 0.023 0.021 0.020 0.019 0.018 0.018 0.017 0.017 0.016 0.015 0.014 0.012 0.011 0.010 0.009 0.008 0.008 0.007 0.007 0.007 0.007 0.007 0.008 0.009 0.010 0.011 0.012 0.012 0.013 0.013 0.013 0.013 0.012 0.011 0.009 0.005 0.003 0.001 0.000 0.000 0.000 0.000 0.000 0.000 0.000 0.000 0.000 0.000 0.000 0.000 0.000 0.000 0.000 0.000 0.000 0.000 0.000 0.000 0.000 0.000 0.000 0.000 0.001 0.002 0.003 0.006 0.008 0.012 0.016 0.022 0.031 0.045 0.065
0.018 0.017 0.016 0.016 0.015 0.015 0.014 0.014 0.014 0.013 0.013 0.013 0.012 0.012 0.011 0.010 0.009 0.008 0.007 0.007 0.007 0.007 0.007 0.008 0.009 0.010 0.012 0.014 0.016 0.018 0.020 0.022 0.022 0.023 0.022 0.021 0.018 0.014 0.010 0.006 0.003 0.001 0.000 0.000 0.000 0.000 0.000 0.000 0.000 0.000 0.000 0.000 0.000 0.000 0.000 0.000 0.000 0.000 0.000 0.000 0.000 0.000 0.000 0.000 0.000 0.000 0.000 0.001 0.002 0.004 0.006 0.008 0.011 0.016 0.021 0.029 0.040
0.012 0.012 0.012 0.012 0.012 0.011 0.011 0.011 0.011 0.011 0.010 0.010 0.010 0.010 0.009 0.008 0.007 0.007 0.006 0.006 0.007 0.008 0.009 0.011 0.013 0.017 0.021 0.026 0.031 0.035 0.038 0.040 0.041 0.039 0.035 0.029 0.022 0.016 0.010 0.006 0.003 0.001 0.000 0.000 0.000 0.000 0.000 0.000 0.000 0.000 0.000 0.000 0.000 0.000 0.000 0.000 0.000 0.000 0.000 0.000 0.000 0.000 0.000 0.000 0.000 0.000 0.000 0.000 0.001 0.002 0.004 0.006 0.008 0.011 0.015 0.019 0.026
0.009 0.009 0.009 0.009 0.009 0.009 0.009 0.009 0.009 0.009 0.009 0.008 0.008 0.008 0.007 0.007 0.006 0.006 0.006 0.007 0.009 0.011 0.014 0.019 0.026 0.034 0.045 0.054 0.061 0.065 0.068 0.065 0.060 0.051 0.042 0.032 0.023 0.016 0.010 0.006 0.003 0.001 0.000 0.000 0.000 0.000 0.000 0.000 0.000 0.000 0.000 0.000 0.000 0.000 0.000 0.000 0.000 0.000 0.000 0.000 0.000 0.000 0.000 0.000 0.000 0.000 0.000 0.000 0.000 0.001 0.002 0.003 0.005 0.008 0.010 0.014 0.018
0.007 0.007 0.007 0.007 0.007 0.007 0.007 0.007 0.007 0.007 0.007 0.007 0.007 0.007 0.006 0.006 0.006 0.007 0.008 0.010 0.014 0.019 0.028 0.040 0.055 0.072 0.087 0.097 0.101 0.099 0.093 0.082 0.069 0.055 0.043 0.033 0.023 0.016 0.010 0.006 0.003 0.001 0.000 0.000 0.000 0.000 0.000 0.000 0.000 0.000 0.000 0.000 0.000 0.000 0.000 0.000 0.000 0.000 0.000 0.000 0.000 0.000 0.000 0.000 0.000 0.000 0.000 0.000 0.000 0.000 0.001 0.002 0.003 0.005 0.007 0.009 0.012
0.006 0.006 0.006 0.006 0.006 0.006 0.006 0.006 0.006 0.006 0.006 0.006 0.006 0.006 0.006 0.006 0.007 0.009 0.012 0.017 0.026 0.039 0.058 0.080 0.102 0.119 0.128 0.130 0.127 0.118 0.104 0.087 0.070 0.056 0.043 0.032 0.023 0.015 0.010 0.006 0.003 0.001 0.000 0.000 0.000 0.000 0.000 0.000 0.000 0.000 0.000 0.000 0.000 0.000 0.000 0.000 0.000 0.000 0.000 0.000 0.000 0.000 0.000 0.000 0.000 0.000 0.000 0.000 0.000 0.000 0.000 0.001 0.002 0.003 0.005 0.006 0.009
0.005 0.005 0.005 0.005 0.005 0.005 0.005 0.005 0.005 0.005 0.005 0.005 0.006 0.006 0.006 0.007 0.010 0.014 0.021 0.033 0.052 0.077 0.102 0.124 0.139 0.147 0.148 0.146 0.138 0.125 0.107 0.087 0.070 0.055 0.042 0.031 0.022 0.015 0.009 0.005 0.003 0.001 0.000 0.000 0.000 0.000 0.000 0.000 0.000 0.000 0.000 0.000 0.000 0.000 0.000 0.000 0.000 0.000 0.000 0.000 0.000 0.000 0.000 0.000 0.000 0.000 0.000 0.000 0.000 0.000 0.000 0.000 0.001 0.002 0.003 0.004 0.006
0.004 0.004 0.004 0.004 0.004 0.004 0.004 0.005 0.005 0.005 0.005 0.006 0.006 0.006 0.008 0.010 0.015 0.024 0.039 0.061 0.088 0.113 0.133 0.146 0.154 0.156 0.155 0.151 0.142 0.128 0.108 0.086 0.068 0.053 0.040 0.030 0.021 0.014 0.009 0.005 0.002 0.001 0.000 0.000 0.000 0.000 0.000 0.000 0.000 0.000 0.000 0.000 0.000 0.000 0.000 0.000 0.000 0.000 0.000 0.000 0.000 0.000 0.000 0.000 0.000 0.000 0.000 0.000 0.000 0.000 0.000 0.000 0.000 0.001 0.002 0.003 0.004
0.003 0.003 0.003 0.004 0.004 0.004 0.004 0.004 0.005 0.005 0.006 0.006 0.007 0.008 0.010 0.015 0.023 0.037 0.058 0.085 0.111 0.131 0.144 0.153 0.157 0.158 0.157 0.153 0.143 0.128 0.107 0.085 0.065 0.050 0.037 0.027 0.019 0.013 0.008 0.005 0.002 0.001 0.000 0.000 0.000 0.000 0.000 0.000 0.000 0.000 0.000 0.000 0.000 0.000 0.000 0.000 0.000 0.000 0.000 0.000 0.000 0.000 0.000 0.000 0.000 0.000 0.000 0.000 0.000 0.000 0.000 0.000 0.000 0.000 0.001 0.001 0.002
0.002 0.002 0.003 0.003 0.003 0.004 0.004 0.005 0.006 0.006 0.007 0.008 0.009 0.010 0.012 0.018 0.028 0.045 0.068 0.096 0.119 0.135 0.146 0.153 0.157 0.157 0.156 0.151 0.141 0.125 0.103 0.078 0.058 0.043 0.031 0.022 0.016 0.010 0.007 0.004 0.002 0.001 0.000 0.000 0.000 0.000 0.000 0.000 0.000 0.000 0.000 0.000 0.000 0.000 0.000 0.000 0.000 0.000 0.000 0.000 0.000 0.000 0.000 0.000 0.000 0.000 0.000 0.000 0.000 0.000 0.000 0.000 0.000 0.000 0.000 0.000 0.001
0.002 0.002 0.002 0.003 0.004 0.004 0.005 0.006 0.007 0.008 0.008 0.009 0.009 0.010 0.013 0.019 0.030 0.047 0.071 0.098 0.119 0.134 0.143 0.148 0.150 0.148 0.144 0.136 0.124 0.107 0.086 0.064 0.046 0.032 0.022 0.016 0.011 0.007 0.005 0.003 0.001 0.000 0.000 0.000 0.000 0.000 0.000 0.000 0.000 0.000 0.000 0.000 0.000 0.000 0.000 0.000 0.000 0.000 0.000 0.000 0.000 0.000 0.000 0.000 0.000 0.000 0.000 0.000 0.000 0.000 0.000 0.000 0.000 0.000 0.000 0.000 0.000
0.001 0.002 0.002 0.003 0.004 0.005 0.006 0.007 0.008 0.008 0.009 0.009 0.010 0.011 0.013 0.019 0.030 0.047 0.070 0.094 0.111 0.123 0.128 0.129 0.126 0.119 0.109 0.097 0.084 0.069 0.054 0.039 0.027 0.019 0.013 0.009 0.006 0.004 0.002 0.001 0.001 0.000 0.000 0.000 0.000 0.000 0.000 0.000 0.000 0.000 0.000 0.000 0.000 0.000 0.000 0.000 0.000 0.000 0.000 0.000 0.000 0.000 0.000 0.000 0.000 0.000 0.000 0.000 0.000 0.000 0.000 0.000 0.000 0.000 0.000 0.000 0.000
