RESULTS/r.avaflow_results/11_results/11_ascii/11_hflow0050.asc
ncols 506
nrows 317
xllcenter 498237.50
yllcenter 5580050.00
cellsize 12.50
NODATA_value -9999.000
[rows 170 to 203 of 317, columns 77 to 153 of 506]
0.000 0.000 0.000 0.000 0.000 0.000 0.000 0.000 0.000 0.001 0.002 0.003 0.006 0.012 0.020 0.029 0.036 0.041 0.045 0.048 0.052 0.060 0.076 0.109 0.160 0.202 0.217 0.217 0.210 0.198 0.181 0.158 0.130 0.100 0.077 0.061 0.049 0.043 0.040 0.039 0.042 0.053 0.086 0.170 0.350 0.643 1.017 1.439 1.920 2.520 3.354 4.532 5.844 6.924 7.651 8.096 8.464 8.889 9.450 10.164 11.042 12.033 12.956 13.564 13.856 13.887 13.816 13.657 13.386 13.013 12.590 12.102 11.571 11.060 10.618 10.239 9.911
0.000 0.000 0.000 0.000 0.000 0.000 0.000 0.001 0.001 0.003 0.006 0.011 0.019 0.032 0.050 0.067 0.080 0.090 0.099 0.107 0.116 0.133 0.164 0.213 0.265 0.293 0.298 0.291 0.279 0.259 0.233 0.200 0.159 0.121 0.094 0.075 0.064 0.059 0.058 0.061 0.074 0.114 0.214 0.443 0.846 1.391 2.000 2.644 3.375 4.264 5.299 6.388 7.318 7.979 8.378 8.653 8.929 9.295 9.818 10.502 11.353 12.307 13.149 13.684 13.925 13.921 13.820 13.640 13.374 13.055 12.754 12.492 12.294 12.201 12.198 12.257 12.388
0.000 0.000 0.000 0.000 0.000 0.000 0.001 0.002 0.004 0.008 0.015 0.025 0.041 0.065 0.095 0.124 0.146 0.164 0.181 0.199 0.219 0.250 0.301 0.355 0.386 0.394 0.388 0.375 0.355 0.328 0.292 0.246 0.191 0.145 0.113 0.094 0.084 0.081 0.084 0.099 0.147 0.268 0.538 1.038 1.758 2.578 3.396 4.247 5.166 6.093 6.952 7.677 8.201 8.518 8.713 8.884 9.097 9.427 9.913 10.569 11.385 12.308 13.114 13.624 13.860 13.852 13.755 13.612 13.449 13.319 13.268 13.313 13.449 13.643 13.911 14.350 15.051
0.000 0.000 0.000 0.000 0.000 0.000 0.001 0.004 0.009 0.015 0.025 0.041 0.064 0.095 0.132 0.174 0.218 0.257 0.290 0.321 0.358 0.407 0.460 0.492 0.501 0.498 0.487 0.468 0.441 0.405 0.358 0.297 0.228 0.173 0.137 0.117 0.110 0.111 0.126 0.175 0.311 0.622 1.205 2.090 3.148 4.163 5.082 5.931 6.727 7.452 8.053 8.470 8.706 8.833 8.902 8.969 9.131 9.432 9.885 10.498 11.268 12.161 12.944 13.445 13.687 13.713 13.686 13.683 13.739 13.850 13.984 14.143 14.352 14.633 15.068 15.806 16.953
0.000 0.000 0.000 0.000 0.000 0.000 0.002 0.005 0.011 0.020 0.032 0.051 0.077 0.112 0.155 0.209 0.272 0.342 0.404 0.457 0.507 0.556 0.592 0.608 0.610 0.606 0.593 0.570 0.536 0.491 0.432 0.356 0.272 0.207 0.166 0.146 0.143 0.151 0.192 0.315 0.627 1.270 2.318 3.647 4.885 5.853 6.622 7.286 7.866 8.348 8.702 8.907 9.007 9.029 8.988 8.984 9.115 9.378 9.784 10.340 11.049 11.880 12.624 13.128 13.424 13.562 13.684 13.838 14.010 14.186 14.350 14.529 14.761 15.117 15.708 16.649 18.001
0.000 0.000 0.000 0.000 0.000 0.000 0.002 0.006 0.012 0.022 0.035 0.055 0.083 0.121 0.170 0.232 0.309 0.403 0.502 0.580 0.640 0.686 0.713 0.723 0.724 0.719 0.706 0.681 0.642 0.588 0.517 0.425 0.325 0.248 0.200 0.180 0.178 0.196 0.273 0.507 1.087 2.185 3.797 5.352 6.473 7.266 7.839 8.283 8.645 8.914 9.082 9.171 9.190 9.126 9.014 8.958 9.036 9.248 9.596 10.087 10.718 11.456 12.157 12.699 13.102 13.387 13.624 13.839 14.041 14.225 14.390 14.575 14.817 15.219 15.901 16.925 18.292
0.000 0.000 0.000 0.000 0.000 0.000 0.002 0.006 0.012 0.022 0.036 0.056 0.085 0.125 0.177 0.244 0.330 0.439 0.571 0.687 0.764 0.812 0.837 0.845 0.846 0.842 0.829 0.802 0.759 0.698 0.615 0.507 0.389 0.297 0.239 0.214 0.211 0.231 0.325 0.627 1.414 2.921 5.027 6.693 7.746 8.381 8.755 8.995 9.179 9.302 9.356 9.354 9.283 9.155 9.003 8.890 8.886 9.029 9.318 9.745 10.290 10.930 11.595 12.199 12.711 13.113 13.416 13.646 13.834 13.985 14.121 14.285 14.520 14.956 15.702 16.766 18.122
0.000 0.000 0.000 0.000 0.000 0.000 0.002 0.006 0.012 0.022 0.036 0.056 0.085 0.126 0.180 0.249 0.338 0.454 0.605 0.768 0.881 0.942 0.971 0.982 0.983 0.979 0.965 0.937 0.891 0.821 0.727 0.605 0.466 0.356 0.282 0.247 0.241 0.258 0.352 0.670 1.555 3.343 5.865 7.700 8.731 9.220 9.423 9.522 9.585 9.602 9.559 9.457 9.308 9.139 8.963 8.792 8.704 8.759 8.972 9.327 9.794 10.348 10.974 11.614 12.170 12.601 12.895 13.083 13.203 13.278 13.347 13.448 13.648 14.095 14.899 16.033 17.428
0.000 0.000 0.000 0.000 0.000 0.000 0.002 0.005 0.011 0.020 0.034 0.054 0.083 0.125 0.179 0.249 0.339 0.457 0.612 0.810 0.985 1.083 1.123 1.138 1.140 1.136 1.121 1.090 1.038 0.961 0.856 0.721 0.561 0.426 0.331 0.280 0.267 0.278 0.363 0.674 1.573 3.507 6.357 8.412 9.445 9.818 9.907 9.925 9.893 9.803 9.663 9.488 9.293 9.094 8.891 8.682 8.536 8.511 8.631 8.893 9.271 9.741 10.319 10.921 11.414 11.762 11.972 12.072 12.089 12.059 12.034 12.055 12.223 12.699 13.569 14.787 16.262
0.000 0.000 0.000 0.000 0.000 0.000 0.001 0.004 0.009 0.017 0.028 0.047 0.076 0.118 0.173 0.244 0.334 0.452 0.608 0.813 1.052 1.227 1.302 1.321 1.323 1.318 1.300 1.263 1.204 1.118 1.002 0.853 0.674 0.508 0.387 0.316 0.290 0.295 0.367 0.659 1.539 3.510 6.552 8.849 9.925 10.224 10.254 10.208 10.084 9.903 9.693 9.474 9.249 9.022 8.793 8.559 8.372 8.286 8.322 8.481 8.746 9.106 9.591 10.063 10.416 10.619 10.691 10.658 10.556 10.439 10.355 10.377 10.617 11.176 12.086 13.325 14.834
0.000 0.000 0.000 0.000 0.000 0.000 0.001 0.002 0.005 0.010 0.019 0.034 0.059 0.098 0.151 0.222 0.312 0.428 0.583 0.790 1.057 1.323 1.484 1.533 1.536 1.528 1.506 1.462 1.392 1.294 1.166 1.005 0.807 0.608 0.454 0.357 0.314 0.311 0.365 0.620 1.443 3.406 6.534 9.022 10.205 10.483 10.471 10.358 10.162 9.925 9.673 9.421 9.171 8.923 8.673 8.425 8.204 8.067 8.029 8.087 8.224 8.446 8.757 9.017 9.179 9.223 9.176 9.084 8.989 8.915 8.885 8.967 9.262 9.836 10.697 11.842 13.265
0.000 0.000 0.000 0.000 0.000 0.000 0.000 0.001 0.002 0.005 0.009 0.018 0.034 0.062 0.106 0.169 0.251 0.357 0.501 0.702 0.987 1.333 1.604 1.728 1.748 1.742 1.721 1.675 1.599 1.490 1.349 1.175 0.962 0.730 0.541 0.409 0.343 0.328 0.360 0.559 1.279 3.146 6.313 8.988 10.298 10.611 10.567 10.400 10.163 9.895 9.610 9.326 9.055 8.791 8.531 8.275 8.033 7.848 7.740 7.699 7.712 7.782 7.888 7.951 7.964 7.925 7.852 7.769 7.702 7.663 7.672 7.783 8.069 8.574 9.317 10.312 11.558
0.000 0.000 0.000 0.000 0.000 0.000 0.000 0.000 0.001 0.002 0.004 0.007 0.014 0.027 0.051 0.089 0.145 0.223 0.335 0.511 0.794 1.217 1.630 1.861 1.926 1.926 1.908 1.866 1.796 1.692 1.548 1.364 1.141 0.883 0.654 0.485 0.386 0.352 0.366 0.501 1.069 2.736 5.838 8.730 10.218 10.618 10.576 10.384 10.112 9.800 9.473 9.167 8.885 8.617 8.359 8.104 7.852 7.622 7.443 7.321 7.246 7.214 7.187 7.124 7.033 6.927 6.816 6.718 6.645 6.606 6.618 6.722 6.957 7.348 7.919 8.705 9.723
0.000 0.000 0.000 0.000 0.000 0.000 0.000 0.000 0.000 0.001 0.001 0.003 0.005 0.010 0.019 0.035 0.060 0.096 0.155 0.265 0.497 0.944 1.526 1.911 2.056 2.073 2.061 2.028 1.969 1.879 1.748 1.571 1.345 1.073 0.805 0.595 0.457 0.396 0.391 0.476 0.893 2.273 5.155 8.206 9.883 10.440 10.457 10.273 9.971 9.604 9.233 8.922 8.647 8.391 8.149 7.905 7.652 7.399 7.171 6.991 6.848 6.746 6.643 6.505 6.343 6.174 6.014 5.876 5.772 5.704 5.682 5.738 5.895 6.165 6.579 7.178 7.986
0.000 0.000 0.000 0.000 0.000 0.000 0.000 0.000 0.000 0.000 0.000 0.001 0.002 0.003 0.006 0.011 0.020 0.034 0.058 0.110 0.250 0.609 1.264 1.846 2.118 2.182 2.181 2.161 2.118 2.048 1.941 1.785 1.573 1.303 1.003 0.751 0.573 0.477 0.453 0.503 0.807 1.890 4.365 7.419 9.243 9.964 10.080 9.972 9.678 9.279 8.867 8.545 8.303 8.095 7.890 7.671 7.439 7.192 6.944 6.717 6.515 6.355 6.202 6.017 5.807 5.586 5.372 5.185 5.036 4.925 4.851 4.831 4.892 5.054 5.341 5.778 6.372
0.000 0.000 0.000 0.000 0.000 0.000 0.000 0.000 0.000 0.000 0.000 0.000 0.001 0.001 0.002 0.004 0.007 0.012 0.021 0.044 0.114 0.338 0.892 1.632 2.082 2.242 2.273 2.267 2.244 2.198 2.119 1.995 1.815 1.567 1.257 0.964 0.748 0.618 0.572 0.594 0.816 1.646 3.603 6.418 8.335 9.202 9.410 9.376 9.164 8.805 8.364 8.014 7.794 7.656 7.535 7.397 7.224 7.000 6.747 6.486 6.235 6.020 5.821 5.597 5.353 5.094 4.834 4.599 4.404 4.245 4.115 4.022 3.990 4.053 4.225 4.500 4.853
0.000 0.000 0.000 0.000 0.000 0.000 0.000 0.000 0.000 0.000 0.000 0.000 0.000 0.000 0.001 0.001 0.003 0.006 0.011 0.022 0.056 0.175 0.536 1.245 1.914 2.234 2.331 2.353 2.349 2.326 2.275 2.184 2.042 1.839 1.560 1.243 0.996 0.838 0.768 0.768 0.916 1.545 3.056 5.398 7.221 8.161 8.452 8.473 8.371 8.117 7.716 7.316 7.086 7.014 7.002 6.995 6.946 6.795 6.556 6.276 5.991 5.735 5.493 5.229 4.947 4.655 4.365 4.092 3.853 3.647 3.470 3.318 3.205 3.174 3.224 3.329 3.421
0.000 0.000 0.000 0.000 0.000 0.000 0.000 0.000 0.000 0.000 0.000 0.000 0.000 0.000 0.000 0.001 0.002 0.005 0.009 0.018 0.036 0.096 0.297 0.809 1.568 2.119 2.348 2.417 2.436 2.432 2.405 2.343 2.237 2.075 1.846 1.556 1.306 1.137 1.051 1.034 1.122 1.579 2.711 4.561 6.153 6.994 7.290 7.351 7.337 7.213 6.933 6.543 6.273 6.217 6.291 6.413 6.499 6.481 6.316 6.054 5.762 5.485 5.219 4.917 4.587 4.256 3.939 3.640 3.365 3.118 2.901 2.701 2.517 2.383 2.298 2.228 2.114
0.000 0.000 0.000 0.000 0.000 0.000 0.000 0.000 0.000 0.000 0.000 0.000 0.000 0.000 0.000 0.001 0.003 0.006 0.011 0.019 0.033 0.067 0.167 0.462 1.097 1.843 2.273 2.443 2.503 2.517 2.508 2.471 2.395 2.266 2.075 1.819 1.578 1.415 1.328 1.307 1.361 1.671 2.479 3.898 5.259 6.001 6.287 6.368 6.380 6.331 6.181 5.913 5.635 5.507 5.532 5.683 5.870 5.958 5.926 5.760 5.513 5.237 4.946 4.615 4.242 3.879 3.542 3.222 2.919 2.640 2.382 2.133 1.879 1.641 1.430 1.228 1.027
0.000 0.000 0.000 0.000 0.000 0.000 0.000 0.000 0.000 0.000 0.000 0.000 0.000 0.000 0.001 0.003 0.006 0.010 0.016 0.025 0.038 0.062 0.115 0.268 0.668 1.392 2.048 2.389 2.529 2.578 2.585 2.568 2.515 2.410 2.249 2.019 1.780 1.609 1.513 1.482 1.510 1.718 2.290 3.348 4.510 5.194 5.487 5.591 5.619 5.611 5.539 5.380 5.154 4.971 4.905 4.953 5.105 5.244 5.304 5.268 5.120 4.886 4.590 4.244 3.858 3.484 3.133 2.799 2.476 2.162 1.856 1.550 1.235 0.943 0.711 0.534 0.400
0.000 0.000 0.000 0.000 0.000 0.000 0.000 0.000 0.000 0.000 0.000 0.000 0.000 0.001 0.003 0.006 0.012 0.020 0.030 0.040 0.053 0.071 0.107 0.190 0.420 0.926 1.634 2.185 2.474 2.597 2.634 2.633 2.597 2.509 2.366 2.160 1.922 1.737 1.619 1.567 1.570 1.698 2.092 2.850 3.836 4.506 4.831 4.964 5.007 5.016 4.986 4.896 4.736 4.548 4.415 4.357 4.361 4.423 4.480 4.500 4.434 4.261 3.988 3.650 3.279 2.918 2.571 2.237 1.907 1.575 1.242 0.921 0.638 0.432 0.296 0.206 0.149
0.000 0.000 0.000 0.000 0.000 0.000 0.000 0.000 0.000 0.000 0.000 0.000 0.001 0.002 0.006 0.013 0.023 0.037 0.053 0.068 0.082 0.097 0.122 0.177 0.313 0.624 1.165 1.800 2.278 2.537 2.643 2.663 2.641 2.564 2.430 2.245 2.017 1.818 1.674 1.593 1.574 1.633 1.867 2.374 3.171 3.862 4.249 4.429 4.496 4.511 4.500 4.444 4.325 4.156 3.985 3.845 3.732 3.647 3.578 3.520 3.446 3.306 3.071 2.759 2.410 2.074 1.749 1.435 1.135 0.851 0.602 0.403 0.257 0.166 0.112 0.080 0.060
0.000 0.000 0.000 0.000 0.000 0.000 0.000 0.000 0.000 0.000 0.000 0.000 0.001 0.004 0.011 0.024 0.042 0.065 0.091 0.112 0.129 0.145 0.163 0.201 0.295 0.494 0.848 1.369 1.940 2.360 2.581 2.658 2.651 2.581 2.453 2.281 2.074 1.870 1.701 1.584 1.522 1.513 1.605 1.909 2.509 3.223 3.690 3.938 4.040 4.061 4.054 4.008 3.908 3.755 3.562 3.361 3.158 2.957 2.755 2.552 2.352 2.144 1.907 1.630 1.344 1.085 0.851 0.642 0.465 0.323 0.215 0.138 0.089 0.061 0.045 0.035 0.028
0.000 0.000 0.000 0.000 0.000 0.000 0.000 0.000 0.000 0.000 0.000 0.000 0.001 0.006 0.016 0.035 0.065 0.104 0.143 0.174 0.199 0.219 0.239 0.267 0.331 0.473 0.720 1.088 1.585 2.080 2.420 2.584 2.617 2.570 2.452 2.289 2.098 1.899 1.713 1.545 1.408 1.329 1.329 1.476 1.877 2.523 3.099 3.442 3.598 3.634 3.624 3.579 3.485 3.335 3.126 2.873 2.589 2.286 1.989 1.711 1.461 1.233 1.017 0.809 0.620 0.459 0.328 0.227 0.153 0.102 0.068 0.046 0.033 0.026 0.021 0.018 0.016
0.000 0.000 0.000 0.000 0.000 0.000 0.000 0.000 0.000 0.000 0.000 0.000 0.001 0.006 0.017 0.040 0.082 0.145 0.211 0.260 0.297 0.326 0.352 0.379 0.425 0.521 0.706 0.983 1.353 1.796 2.179 2.422 2.508 2.497 2.414 2.274 2.100 1.908 1.712 1.508 1.309 1.161 1.096 1.130 1.332 1.769 2.357 2.824 3.071 3.158 3.162 3.122 3.022 2.846 2.587 2.264 1.902 1.539 1.229 0.984 0.781 0.612 0.468 0.349 0.250 0.171 0.113 0.074 0.049 0.033 0.024 0.018 0.015 0.014 0.012 0.012 0.011
0.000 0.000 0.000 0.000 0.000 0.000 0.000 0.000 0.000 0.000 0.000 0.000 0.001 0.006 0.016 0.040 0.087 0.171 0.283 0.372 0.428 0.470 0.504 0.537 0.576 0.642 0.767 0.975 1.255 1.599 1.938 2.193 2.325 2.346 2.309 2.215 2.075 1.901 1.707 1.491 1.260 1.061 0.931 0.886 0.936 1.129 1.495 1.932 2.257 2.419 2.460 2.436 2.326 2.098 1.756 1.381 1.047 0.786 0.593 0.447 0.335 0.249 0.184 0.133 0.092 0.060 0.038 0.024 0.017 0.013 0.010 0.009 0.009 0.008 0.008 0.008 0.008
0.000 0.000 0.000 0.000 0.000 0.000 0.000 0.000 0.000 0.000 0.000 0.000 0.001 0.005 0.014 0.036 0.084 0.179 0.338 0.505 0.602 0.658 0.701 0.739 0.778 0.826 0.904 1.036 1.232 1.485 1.748 1.954 2.087 2.138 2.135 2.092 2.001 1.862 1.686 1.478 1.241 1.014 0.839 0.730 0.689 0.721 0.840 1.047 1.242 1.362 1.408 1.397 1.303 1.109 0.843 0.602 0.424 0.298 0.211 0.152 0.113 0.085 0.064 0.046 0.032 0.020 0.013 0.009 0.007 0.006 0.006 0.006 0.006 0.006 0.006 0.006 0.007
0.000 0.000 0.000 0.000 0.000 0.000 0.000 0.000 0.000 0.000 0.000 0.000 0.001 0.003 0.010 0.029 0.074 0.173 0.359 0.624 0.815 0.900 0.948 0.986 1.020 1.053 1.094 1.157 1.263 1.417 1.595 1.743 1.845 1.901 1.918 1.909 1.866 1.774 1.635 1.451 1.231 0.996 0.796 0.646 0.549 0.497 0.481 0.514 0.562 0.591 0.597 0.583 0.532 0.433 0.302 0.199 0.130 0.086 0.060 0.044 0.034 0.027 0.021 0.015 0.011 0.007 0.005 0.004 0.004 0.004 0.004 0.004 0.004 0.004 0.005 0.005 0.005
0.000 0.000 0.000 0.000 0.000 0.000 0.000 0.000 0.000 0.000 0.000 0.000 0.001 0.002 0.006 0.020 0.058 0.153 0.349 0.680 0.999 1.158 1.219 1.245 1.257 1.261 1.258 1.267 1.300 1.366 1.462 1.551 1.616 1.659 1.682 1.688 1.677 1.631 1.538 1.397 1.211 0.990 0.775 0.601 0.470 0.375 0.309 0.269 0.244 0.227 0.213 0.197 0.172 0.134 0.089 0.057 0.036 0.023 0.016 0.012 0.010 0.008 0.006 0.005 0.004 0.003 0.002 0.002 0.002 0.002 0.003 0.003 0.003 0.003 0.004 0.004 0.004
0.000 0.000 0.000 0.000 0.000 0.000 0.000 0.000 0.000 0.000 0.000 0.000 0.001 0.002 0.005 0.013 0.042 0.123 0.315 0.666 1.090 1.348 1.442 1.459 1.454 1.426 1.374 1.332 1.314 1.320 1.344 1.371 1.393 1.412 1.429 1.444 1.451 1.440 1.394 1.303 1.163 0.976 0.761 0.567 0.415 0.301 0.217 0.158 0.119 0.094 0.078 0.064 0.052 0.038 0.025 0.015 0.010 0.006 0.004 0.003 0.003 0.002 0.002 0.002 0.001 0.001 0.001 0.001 0.001 0.002 0.002 0.002 0.002 0.002 0.003 0.003 0.003
0.001 0.002 0.002 0.002 0.002 0.002 0.002 0.002 0.002 0.002 0.002 0.002 0.002 0.003 0.005 0.010 0.028 0.087 0.250 0.592 1.077 1.430 1.588 1.617 1.599 1.544 1.452 1.364 1.307 1.268 1.237 1.207 1.178 1.159 1.158 1.170 1.187 1.198 1.187 1.145 1.058 0.921 0.733 0.528 0.362 0.241 0.156 0.100 0.064 0.043 0.030 0.022 0.016 0.010 0.007 0.004 0.003 0.002 0.001 0.001 0.001 0.001 0.001 0.001 0.001 0.001 0.001 0.001 0.001 0.001 0.001 0.001 0.001 0.001 0.002 0.002 0.002
0.004 0.004 0.004 0.005 0.004 0.004 0.004 0.003 0.003 0.003 0.003 0.004 0.004 0.006 0.007 0.011 0.019 0.048 0.150 0.425 0.921 1.387 1.625 1.690 1.676 1.606 1.493 1.377 1.286 1.207 1.132 1.057 0.978 0.906 0.857 0.837 0.846 0.864 0.878 0.874 0.842 0.768 0.640 0.463 0.299 0.183 0.108 0.062 0.036 0.021 0.013 0.008 0.005 0.003 0.002 0.001 0.001 0.001 0.000 0.000 0.000 0.000 0.000 0.000 0.000 0.001 0.001 0.001 0.001 0.001 0.001 0.001 0.001 0.001 0.001 0.001 0.001
0.007 0.007 0.007 0.007 0.006 0.005 0.005 0.004 0.004 0.005 0.005 0.006 0.008 0.009 0.011 0.013 0.017 0.028 0.067 0.201 0.559 1.088 1.488 1.656 1.674 1.618 1.503 1.371 1.251 1.138 1.027 0.912 0.789 0.671 0.576 0.519 0.497 0.494 0.498 0.501 0.502 0.487 0.438 0.336 0.210 0.120 0.066 0.036 0.019 0.010 0.005 0.003 0.002 0.001 0.001 0.001 0.000 0.000 0.000 0.000 0.000 0.000 0.000 0.000 0.000 0.000 0.001 0.001 0.001 0.001 0.000 0.000 0.000 0.000 0.000 0.001 0.001
0.010 0.010 0.009 0.008 0.007 0.006 0.006 0.006 0.006 0.006 0.007 0.009 0.010 0.011 0.012 0.014 0.017 0.023 0.039 0.082 0.213 0.540 0.993 1.342 1.490 1.506 1.441 1.323 1.190 1.055 0.912 0.757 0.597 0.458 0.354 0.287 0.251 0.235 0.228 0.224 0.223 0.220 0.207 0.172 0.111 0.063 0.035 0.018 0.009 0.005 0.002 0.001 0.001 0.001 0.000 0.000 0.000 0.000 0.000 0.000 0.000 0.000 0.000 0.000 0.000 0.000 0.001 0.001 0.001 0.000 0.000 0.000 0.000 0.000 0.000 0.000 0.000
