RESULTS/r.avaflow_results/11_results/11_ascii/11_hflow10052.asc
ncols 506
nrows 317
xllcenter 498237.50
yllcenter 5580050.00
cellsize 12.50
NODATA_value -9999.000
[rows 170 to 203 of 317, columns 154 to 230 of 506]
0.914 0.816 0.730 0.653 0.581 0.515 0.455 0.399 0.349 0.303 0.261 0.224 0.191 0.161 0.135 0.112 0.092 0.074 0.058 0.045 0.033 0.023 0.016 0.011 0.008 0.006 0.005 0.004 0.004 0.004 0.004 0.004 0.004 0.004 0.004 0.004 0.004 0.004 0.004 0.004 0.004 0.003 0.003 0.002 0.002 0.001 0.001 0.000 0.000 0.000 0.000 0.000 0.000 0.000 0.000 0.000 0.000 0.000 0.000 0.000 0.000 0.000 0.000 0.000 0.000 0.000 0.000 0.000 0.000 0.000 0.000 0.000 0.000 0.000 0.000 0.000 0.000
0.982 0.885 0.795 0.711 0.632 0.559 0.492 0.430 0.375 0.325 0.280 0.241 0.206 0.175 0.149 0.125 0.105 0.087 0.071 0.057 0.045 0.034 0.025 0.018 0.013 0.009 0.007 0.006 0.005 0.005 0.005 0.005 0.005 0.004 0.004 0.004 0.004 0.004 0.004 0.004 0.004 0.003 0.003 0.002 0.002 0.001 0.001 0.000 0.000 0.000 0.000 0.000 0.000 0.000 0.000 0.000 0.000 0.000 0.000 0.000 0.000 0.000 0.000 0.000 0.000 0.000 0.000 0.000 0.000 0.000 0.000 0.000 0.000 0.000 0.000 0.000 0.000
1.029 0.928 0.833 0.742 0.657 0.578 0.508 0.444 0.387 0.336 0.290 0.250 0.215 0.184 0.156 0.133 0.112 0.093 0.078 0.064 0.051 0.041 0.031 0.024 0.018 0.013 0.010 0.007 0.006 0.005 0.005 0.005 0.005 0.005 0.004 0.004 0.004 0.004 0.004 0.004 0.003 0.003 0.002 0.002 0.001 0.001 0.001 0.000 0.000 0.000 0.000 0.000 0.000 0.000 0.000 0.000 0.000 0.000 0.000 0.000 0.000 0.000 0.000 0.000 0.000 0.000 0.000 0.000 0.000 0.000 0.000 0.000 0.000 0.000 0.000 0.000 0.000
1.056 0.952 0.853 0.759 0.672 0.593 0.521 0.456 0.399 0.347 0.300 0.260 0.224 0.192 0.164 0.139 0.117 0.098 0.082 0.067 0.055 0.044 0.035 0.027 0.021 0.015 0.011 0.009 0.007 0.005 0.005 0.005 0.005 0.004 0.004 0.004 0.004 0.004 0.004 0.003 0.003 0.002 0.002 0.001 0.001 0.001 0.000 0.000 0.000 0.000 0.000 0.000 0.000 0.000 0.000 0.000 0.000 0.000 0.000 0.000 0.000 0.000 0.000 0.000 0.000 0.000 0.000 0.000 0.000 0.000 0.000 0.000 0.000 0.000 0.000 0.000 0.000
1.066 0.962 0.864 0.771 0.685 0.606 0.534 0.469 0.411 0.358 0.311 0.270 0.233 0.200 0.170 0.145 0.122 0.102 0.085 0.070 0.057 0.046 0.037 0.029 0.022 0.017 0.013 0.009 0.007 0.006 0.005 0.004 0.004 0.004 0.004 0.003 0.003 0.003 0.003 0.002 0.002 0.001 0.001 0.001 0.001 0.000 0.000 0.000 0.000 0.000 0.000 0.000 0.000 0.000 0.000 0.000 0.000 0.000 0.000 0.000 0.000 0.000 0.000 0.000 0.000 0.000 0.000 0.000 0.000 0.000 0.000 0.000 0.000 0.000 0.000 0.000 0.000
1.068 0.966 0.871 0.781 0.696 0.619 0.548 0.483 0.424 0.370 0.322 0.279 0.241 0.206 0.176 0.149 0.126 0.105 0.087 0.072 0.059 0.048 0.038 0.030 0.023 0.018 0.013 0.010 0.007 0.006 0.005 0.004 0.003 0.003 0.003 0.002 0.002 0.002 0.002 0.001 0.001 0.001 0.001 0.001 0.000 0.000 0.000 0.000 0.000 0.000 0.000 0.000 0.000 0.000 0.000 0.000 0.000 0.000 0.000 0.000 0.000 0.000 0.000 0.000 0.000 0.000 0.000 0.000 0.000 0.000 0.000 0.000 0.000 0.000 0.000 0.000 0.000
1.067 0.967 0.874 0.788 0.706 0.630 0.560 0.495 0.436 0.382 0.332 0.288 0.248 0.212 0.181 0.153 0.128 0.107 0.089 0.073 0.060 0.049 0.039 0.031 0.024 0.018 0.014 0.010 0.008 0.006 0.004 0.003 0.003 0.002 0.002 0.001 0.001 0.001 0.001 0.001 0.001 0.001 0.001 0.001 0.000 0.000 0.000 0.000 0.000 0.000 0.000 0.000 0.000 0.000 0.000 0.000 0.000 0.000 0.000 0.000 0.000 0.000 0.000 0.000 0.000 0.000 0.000 0.000 0.000 0.000 0.000 0.000 0.000 0.000 0.000 0.000 0.000
1.062 0.965 0.876 0.793 0.714 0.640 0.571 0.506 0.447 0.391 0.341 0.295 0.254 0.217 0.184 0.155 0.130 0.109 0.090 0.074 0.061 0.049 0.040 0.031 0.025 0.019 0.014 0.010 0.008 0.005 0.004 0.003 0.002 0.001 0.001 0.001 0.001 0.001 0.001 0.001 0.001 0.001 0.001 0.000 0.000 0.000 0.000 0.000 0.000 0.000 0.000 0.000 0.000 0.000 0.000 0.000 0.000 0.000 0.000 0.000 0.000 0.000 0.000 0.000 0.000 0.000 0.000 0.000 0.000 0.000 0.000 0.000 0.000 0.000 0.000 0.000 0.000
1.055 0.961 0.876 0.796 0.722 0.649 0.581 0.516 0.456 0.400 0.349 0.302 0.259 0.221 0.187 0.157 0.131 0.109 0.090 0.074 0.061 0.049 0.040 0.032 0.025 0.019 0.014 0.010 0.007 0.005 0.003 0.002 0.001 0.001 0.001 0.001 0.001 0.001 0.001 0.001 0.001 0.001 0.001 0.000 0.000 0.000 0.000 0.000 0.000 0.000 0.000 0.000 0.000 0.000 0.000 0.000 0.000 0.000 0.000 0.000 0.000 0.000 0.000 0.000 0.000 0.000 0.000 0.000 0.000 0.000 0.000 0.000 0.000 0.000 0.000 0.000 0.000
1.044 0.955 0.874 0.798 0.727 0.659 0.592 0.527 0.467 0.409 0.356 0.308 0.264 0.224 0.189 0.159 0.132 0.109 0.090 0.074 0.060 0.049 0.040 0.032 0.024 0.018 0.012 0.008 0.005 0.003 0.002 0.001 0.001 0.001 0.001 0.001 0.001 0.001 0.001 0.001 0.001 0.001 0.001 0.000 0.000 0.000 0.000 0.000 0.000 0.000 0.000 0.000 0.000 0.000 0.000 0.000 0.000 0.000 0.000 0.000 0.000 0.000 0.000 0.000 0.000 0.000 0.000 0.000 0.000 0.000 0.000 0.000 0.000 0.000 0.000 0.000 0.000
1.029 0.946 0.869 0.799 0.732 0.667 0.603 0.540 0.477 0.418 0.363 0.313 0.268 0.227 0.192 0.160 0.133 0.109 0.090 0.073 0.060 0.048 0.039 0.030 0.022 0.015 0.009 0.005 0.003 0.002 0.001 0.001 0.001 0.001 0.001 0.001 0.001 0.001 0.001 0.001 0.001 0.001 0.001 0.000 0.000 0.000 0.000 0.000 0.000 0.000 0.000 0.000 0.000 0.000 0.000 0.000 0.000 0.000 0.000 0.000 0.000 0.000 0.000 0.000 0.000 0.000 0.000 0.000 0.000 0.000 0.000 0.000 0.000 0.000 0.000 0.000 0.000
1.011 0.933 0.862 0.797 0.735 0.675 0.615 0.553 0.489 0.426 0.369 0.317 0.271 0.230 0.193 0.161 0.133 0.109 0.089 0.072 0.057 0.045 0.033 0.023 0.015 0.009 0.004 0.002 0.001 0.001 0.001 0.001 0.001 0.001 0.001 0.001 0.001 0.001 0.001 0.001 0.001 0.001 0.001 0.000 0.000 0.000 0.000 0.000 0.000 0.000 0.000 0.000 0.000 0.000 0.000 0.000 0.000 0.000 0.000 0.000 0.000 0.000 0.000 0.000 0.000 0.000 0.000 0.000 0.000 0.000 0.000 0.000 0.000 0.000 0.000 0.000 0.000
0.992 0.920 0.855 0.794 0.736 0.680 0.623 0.563 0.498 0.431 0.371 0.319 0.272 0.231 0.194 0.162 0.133 0.108 0.086 0.066 0.049 0.033 0.021 0.012 0.006 0.003 0.002 0.001 0.001 0.001 0.001 0.001 0.001 0.001 0.001 0.001 0.001 0.001 0.001 0.001 0.001 0.001 0.001 0.000 0.000 0.000 0.000 0.000 0.000 0.000 0.000 0.000 0.000 0.000 0.000 0.000 0.000 0.000 0.000 0.000 0.000 0.000 0.000 0.000 0.000 0.000 0.000 0.000 0.000 0.000 0.000 0.000 0.000 0.000 0.000 0.000 0.000
0.977 0.910 0.847 0.790 0.736 0.681 0.625 0.565 0.501 0.432 0.370 0.316 0.269 0.228 0.191 0.158 0.127 0.099 0.072 0.049 0.029 0.015 0.008 0.004 0.002 0.001 0.001 0.001 0.001 0.001 0.001 0.001 0.001 0.001 0.001 0.001 0.001 0.001 0.001 0.001 0.001 0.001 0.001 0.000 0.000 0.000 0.000 0.000 0.000 0.000 0.000 0.000 0.000 0.000 0.000 0.000 0.000 0.000 0.000 0.000 0.000 0.000 0.000 0.000 0.000 0.000 0.000 0.000 0.000 0.000 0.000 0.000 0.000 0.000 0.000 0.000 0.000
0.963 0.901 0.839 0.778 0.720 0.664 0.607 0.548 0.486 0.417 0.351 0.295 0.247 0.205 0.168 0.134 0.100 0.068 0.041 0.021 0.010 0.004 0.002 0.001 0.001 0.001 0.001 0.001 0.001 0.001 0.001 0.001 0.001 0.001 0.001 0.001 0.001 0.001 0.001 0.001 0.001 0.001 0.001 0.001 0.000 0.000 0.000 0.000 0.000 0.000 0.000 0.000 0.000 0.000 0.000 0.000 0.000 0.000 0.000 0.000 0.000 0.000 0.000 0.000 0.000 0.000 0.000 0.000 0.000 0.000 0.000 0.000 0.000 0.000 0.000 0.000 0.000
0.942 0.877 0.799 0.716 0.642 0.579 0.521 0.466 0.411 0.351 0.287 0.231 0.183 0.141 0.106 0.075 0.047 0.026 0.013 0.006 0.002 0.001 0.001 0.001 0.001 0.001 0.001 0.001 0.001 0.001 0.001 0.001 0.001 0.001 0.001 0.001 0.001 0.001 0.001 0.001 0.001 0.001 0.001 0.001 0.001 0.000 0.000 0.000 0.000 0.000 0.000 0.000 0.000 0.000 0.000 0.000 0.000 0.000 0.000 0.000 0.000 0.000 0.000 0.000 0.000 0.000 0.000 0.000 0.000 0.000 0.000 0.000 0.000 0.000 0.000 0.000 0.000
0.854 0.754 0.642 0.532 0.439 0.369 0.318 0.278 0.241 0.202 0.157 0.115 0.081 0.055 0.037 0.023 0.013 0.006 0.003 0.001 0.001 0.001 0.001 0.001 0.001 0.001 0.001 0.001 0.001 0.001 0.001 0.001 0.001 0.001 0.001 0.001 0.001 0.001 0.001 0.001 0.001 0.001 0.001 0.001 0.001 0.000 0.000 0.000 0.000 0.000 0.000 0.000 0.000 0.000 0.000 0.000 0.000 0.000 0.000 0.000 0.000 0.000 0.000 0.000 0.000 0.000 0.000 0.000 0.000 0.000 0.000 0.000 0.000 0.000 0.000 0.000 0.000
0.603 0.462 0.341 0.251 0.188 0.146 0.118 0.100 0.084 0.068 0.051 0.036 0.023 0.014 0.009 0.005 0.003 0.002 0.001 0.001 0.001 0.001 0.001 0.001 0.001 0.001 0.001 0.001 0.001 0.001 0.001 0.001 0.001 0.001 0.001 0.001 0.001 0.001 0.001 0.001 0.002 0.002 0.002 0.001 0.001 0.001 0.000 0.000 0.000 0.000 0.000 0.000 0.000 0.000 0.000 0.000 0.000 0.000 0.000 0.000 0.000 0.000 0.000 0.000 0.000 0.000 0.000 0.000 0.000 0.000 0.000 0.000 0.000 0.000 0.000 0.000 0.000
0.276 0.188 0.129 0.091 0.065 0.048 0.037 0.030 0.024 0.018 0.013 0.009 0.006 0.004 0.002 0.002 0.001 0.001 0.001 0.001 0.001 0.001 0.001 0.001 0.001 0.001 0.001 0.001 0.001 0.001 0.001 0.001 0.001 0.002 0.002 0.002 0.002 0.002 0.002 0.002 0.002 0.002 0.002 0.002 0.002 0.001 0.000 0.000 0.000 0.000 0.000 0.000 0.000 0.000 0.000 0.000 0.000 0.000 0.000 0.000 0.000 0.000 0.000 0.000 0.000 0.000 0.000 0.000 0.000 0.000 0.000 0.000 0.000 0.000 0.000 0.000 0.000
0.102 0.068 0.047 0.033 0.023 0.016 0.012 0.009 0.007 0.005 0.004 0.003 0.002 0.001 0.001 0.001 0.001 0.001 0.001 0.001 0.001 0.001 0.001 0.001 0.001 0.001 0.001 0.002 0.002 0.002 0.002 0.002 0.002 0.002 0.002 0.002 0.003 0.003 0.003 0.004 0.004 0.004 0.004 0.004 0.003 0.002 0.001 0.000 0.000 0.000 0.000 0.000 0.000 0.000 0.000 0.000 0.000 0.000 0.000 0.000 0.000 0.000 0.000 0.000 0.000 0.000 0.000 0.000 0.000 0.000 0.000 0.000 0.000 0.000 0.000 0.000 0.000
0.038 0.025 0.017 0.012 0.009 0.006 0.004 0.003 0.002 0.002 0.001 0.001 0.001 0.001 0.001 0.001 0.001 0.001 0.001 0.001 0.001 0.001 0.001 0.001 0.002 0.002 0.002 0.002 0.002 0.002 0.003 0.003 0.003 0.003 0.004 0.004 0.005 0.005 0.006 0.007 0.007 0.008 0.008 0.007 0.005 0.002 0.001 0.000 0.000 0.000 0.000 0.000 0.000 0.000 0.000 0.000 0.000 0.000 0.000 0.000 0.000 0.000 0.000 0.000 0.000 0.000 0.000 0.000 0.000 0.000 0.000 0.000 0.000 0.000 0.000 0.000 0.000
0.015 0.010 0.007 0.005 0.004 0.003 0.002 0.001 0.001 0.001 0.001 0.001 0.001 0.001 0.001 0.001 0.001 0.001 0.001 0.001 0.001 0.001 0.002 0.002 0.002 0.002 0.003 0.003 0.003 0.004 0.004 0.005 0.005 0.006 0.007 0.008 0.009 0.010 0.012 0.013 0.013 0.013 0.011 0.008 0.005 0.003 0.001 0.000 0.000 0.000 0.000 0.000 0.000 0.000 0.000 0.000 0.000 0.000 0.000 0.000 0.000 0.000 0.000 0.000 0.000 0.000 0.000 0.000 0.000 0.000 0.000 0.000 0.000 0.000 0.000 0.000 0.000
0.007 0.005 0.003 0.002 0.002 0.001 0.001 0.001 0.001 0.001 0.001 0.001 0.001 0.001 0.001 0.001 0.001 0.001 0.001 0.001 0.002 0.002 0.002 0.002 0.003 0.003 0.004 0.005 0.006 0.007 0.008 0.009 0.010 0.012 0.013 0.016 0.018 0.021 0.022 0.022 0.021 0.017 0.013 0.009 0.005 0.003 0.001 0.000 0.000 0.000 0.000 0.000 0.000 0.000 0.000 0.000 0.000 0.000 0.000 0.000 0.000 0.000 0.000 0.000 0.000 0.000 0.000 0.000 0.000 0.000 0.000 0.000 0.000 0.000 0.000 0.000 0.000
0.003 0.002 0.002 0.001 0.001 0.001 0.001 0.001 0.001 0.001 0.001 0.001 0.001 0.001 0.001 0.001 0.001 0.001 0.001 0.002 0.002 0.002 0.003 0.004 0.004 0.006 0.007 0.009 0.011 0.013 0.016 0.019 0.022 0.025 0.028 0.031 0.034 0.035 0.033 0.029 0.024 0.018 0.013 0.009 0.005 0.002 0.001 0.000 0.000 0.000 0.000 0.000 0.000 0.000 0.000 0.000 0.000 0.000 0.000 0.000 0.000 0.000 0.000 0.000 0.000 0.000 0.000 0.000 0.000 0.000 0.000 0.000 0.000 0.000 0.000 0.000 0.000
0.002 0.002 0.001 0.001 0.001 0.001 0.001 0.001 0.001 0.001 0.001 0.001 0.001 0.001 0.001 0.001 0.001 0.002 0.002 0.002 0.003 0.004 0.005 0.006 0.008 0.011 0.014 0.019 0.024 0.029 0.034 0.039 0.045 0.049 0.051 0.052 0.049 0.045 0.038 0.031 0.024 0.018 0.013 0.008 0.005 0.002 0.001 0.000 0.000 0.000 0.000 0.000 0.000 0.000 0.000 0.000 0.000 0.000 0.000 0.000 0.000 0.000 0.000 0.000 0.000 0.000 0.000 0.000 0.000 0.000 0.000 0.000 0.000 0.000 0.000 0.000 0.000
0.001 0.001 0.001 0.001 0.001 0.001 0.001 0.001 0.001 0.001 0.001 0.001 0.001 0.001 0.001 0.001 0.002 0.002 0.003 0.003 0.004 0.006 0.008 0.011 0.016 0.023 0.032 0.042 0.051 0.059 0.065 0.069 0.072 0.071 0.069 0.064 0.057 0.048 0.039 0.031 0.024 0.017 0.012 0.008 0.005 0.002 0.001 0.000 0.000 0.000 0.000 0.000 0.000 0.000 0.000 0.000 0.000 0.000 0.000 0.000 0.000 0.000 0.000 0.000 0.000 0.000 0.000 0.000 0.000 0.000 0.000 0.000 0.000 0.000 0.000 0.000 0.000
0.001 0.001 0.001 0.001 0.001 0.001 0.001 0.001 0.001 0.001 0.001 0.001 0.001 0.001 0.001 0.002 0.002 0.003 0.004 0.005 0.007 0.011 0.016 0.024 0.035 0.050 0.066 0.079 0.086 0.089 0.091 0.089 0.086 0.082 0.075 0.067 0.058 0.048 0.038 0.030 0.023 0.016 0.011 0.007 0.004 0.002 0.001 0.000 0.000 0.000 0.000 0.000 0.000 0.000 0.000 0.000 0.000 0.000 0.000 0.000 0.000 0.000 0.000 0.000 0.000 0.000 0.000 0.000 0.000 0.000 0.000 0.000 0.000 0.000 0.000 0.000 0.000
0.001 0.001 0.001 0.001 0.001 0.001 0.001 0.001 0.001 0.001 0.001 0.001 0.001 0.001 0.002 0.002 0.003 0.005 0.006 0.009 0.014 0.021 0.033 0.049 0.069 0.087 0.098 0.104 0.106 0.105 0.102 0.097 0.091 0.084 0.076 0.067 0.057 0.047 0.037 0.028 0.021 0.015 0.010 0.006 0.004 0.002 0.001 0.000 0.000 0.000 0.000 0.000 0.000 0.000 0.000 0.000 0.000 0.000 0.000 0.000 0.000 0.000 0.000 0.000 0.000 0.000 0.000 0.000 0.000 0.000 0.000 0.000 0.000 0.000 0.000 0.000 0.000
0.001 0.001 0.001 0.001 0.001 0.001 0.001 0.001 0.001 0.001 0.001 0.001 0.001 0.002 0.002 0.004 0.005 0.007 0.011 0.017 0.026 0.040 0.059 0.078 0.096 0.107 0.113 0.114 0.113 0.111 0.106 0.099 0.092 0.083 0.075 0.066 0.056 0.044 0.034 0.025 0.018 0.013 0.008 0.005 0.003 0.001 0.000 0.000 0.000 0.000 0.000 0.000 0.000 0.000 0.000 0.000 0.000 0.000 0.000 0.000 0.000 0.000 0.000 0.000 0.000 0.000 0.000 0.000 0.000 0.000 0.000 0.000 0.000 0.000 0.000 0.000 0.000
0.001 0.001 0.001 0.001 0.001 0.001 0.001 0.001 0.001 0.001 0.001 0.001 0.002 0.002 0.003 0.005 0.008 0.012 0.019 0.029 0.042 0.059 0.077 0.093 0.106 0.113 0.116 0.116 0.115 0.113 0.107 0.100 0.091 0.082 0.072 0.062 0.051 0.039 0.029 0.020 0.014 0.009 0.006 0.004 0.002 0.001 0.000 0.000 0.000 0.000 0.000 0.000 0.000 0.000 0.000 0.000 0.000 0.000 0.000 0.000 0.000 0.000 0.000 0.000 0.000 0.000 0.000 0.000 0.000 0.000 0.000 0.000 0.000 0.000 0.000 0.000 0.000
0.000 0.001 0.001 0.001 0.001 0.001 0.001 0.001 0.001 0.001 0.001 0.001 0.002 0.003 0.005 0.007 0.011 0.017 0.026 0.037 0.052 0.069 0.084 0.097 0.107 0.113 0.116 0.117 0.116 0.113 0.107 0.099 0.088 0.075 0.063 0.051 0.039 0.028 0.020 0.013 0.009 0.006 0.004 0.002 0.001 0.000 0.000 0.000 0.000 0.000 0.000 0.000 0.000 0.000 0.000 0.000 0.000 0.000 0.000 0.000 0.000 0.000 0.000 0.000 0.000 0.000 0.000 0.000 0.000 0.000 0.000 0.000 0.000 0.000 0.000 0.000 0.000
0.000 0.000 0.000 0.001 0.001 0.001 0.001 0.001 0.001 0.001 0.001 0.002 0.003 0.004 0.006 0.008 0.013 0.020 0.029 0.041 0.056 0.071 0.085 0.097 0.106 0.112 0.115 0.115 0.114 0.110 0.103 0.091 0.075 0.058 0.043 0.031 0.022 0.015 0.010 0.007 0.005 0.003 0.002 0.001 0.000 0.000 0.000 0.000 0.000 0.000 0.000 0.000 0.000 0.000 0.000 0.000 0.000 0.000 0.000 0.000 0.000 0.000 0.000 0.000 0.000 0.000 0.000 0.000 0.000 0.000 0.000 0.000 0.000 0.000 0.000 0.000 0.000
0.000 0.000 0.000 0.000 0.001 0.001 0.001 0.001 0.001 0.001 0.002 0.002 0.003 0.004 0.006 0.009 0.013 0.020 0.030 0.042 0.057 0.072 0.084 0.094 0.100 0.104 0.104 0.103 0.099 0.093 0.084 0.070 0.051 0.034 0.022 0.014 0.009 0.006 0.005 0.003 0.002 0.001 0.001 0.000 0.000 0.000 0.000 0.000 0.000 0.000 0.000 0.000 0.000 0.000 0.000 0.000 0.000 0.000 0.000 0.000 0.000 0.000 0.000 0.000 0.000 0.000 0.000 0.000 0.000 0.000 0.000 0.000 0.000 0.000 0.000 0.000 0.000
0.000 0.000 0.000 0.000 0.000 0.000 0.001 0.001 0.001 0.001 0.002 0.002 0.003 0.004 0.006 0.009 0.013 0.020 0.029 0.041 0.055 0.067 0.076 0.081 0.082 0.079 0.074 0.069 0.064 0.057 0.048 0.038 0.025 0.016 0.009 0.006 0.004 0.003 0.002 0.001 0.001 0.000 0.000 0.000 0.000 0.000 0.000 0.000 0.000 0.000 0.000 0.000 0.000 0.000 0.000 0.000 0.000 0.000 0.000 0.000 0.000 0.000 0.000 0.000 0.000 0.000 0.000 0.000 0.000 0.000 0.000 0.000 0.000 0.000 0.000 0.000 0.000
