RESULTS/r.avaflow_results/11_results/11_ascii/11_hflow0021.asc
ncols 506
nrows 317
xllcenter 498237.50
yllcenter 5580050.00
cellsize 12.50
NODATA_value -9999.000
[rows 170 to 203 of 317, columns 154 to 230 of 506]
10.091 9.906 9.702 9.461 9.176 8.844 8.501 8.176 7.877 7.600 7.339 7.083 6.814 6.486 6.025 5.386 4.594 3.744 2.947 2.247 1.660 1.206 0.893 0.713 0.631 0.606 0.615 0.659 0.741 0.858 0.983 1.078 1.138 1.172 1.193 1.212 1.240 1.278 1.294 1.288 1.263 1.223 1.178 1.135 1.086 1.022 0.932 0.816 0.682 0.548 0.423 0.327 0.261 0.217 0.187 0.165 0.151 0.143 0.139 0.137 0.135 0.132 0.128 0.123 0.117 0.110 0.103 0.092 0.077 0.054 0.029 0.013 0.005 0.002 0.001 0.000 0.000
13.303 13.475 13.515 13.455 13.328 13.097 12.769 12.394 12.014 11.652 11.308 10.974 10.636 10.248 9.712 8.936 7.924 6.748 5.531 4.384 3.353 2.478 1.798 1.334 1.067 0.936 0.885 0.880 0.917 0.998 1.112 1.208 1.262 1.283 1.287 1.284 1.283 1.287 1.280 1.256 1.204 1.132 1.063 0.997 0.923 0.827 0.690 0.524 0.375 0.270 0.202 0.159 0.131 0.115 0.106 0.100 0.097 0.096 0.095 0.095 0.093 0.089 0.084 0.077 0.070 0.063 0.056 0.048 0.037 0.023 0.012 0.005 0.002 0.001 0.000 0.000 0.000
16.620 17.171 17.384 17.360 17.233 16.984 16.630 16.233 15.832 15.445 15.077 14.729 14.386 14.012 13.512 12.773 11.740 10.437 8.955 7.433 5.958 4.599 3.428 2.512 1.874 1.475 1.240 1.113 1.064 1.082 1.142 1.223 1.271 1.284 1.279 1.261 1.235 1.204 1.160 1.092 0.988 0.873 0.770 0.675 0.578 0.465 0.343 0.240 0.169 0.125 0.098 0.081 0.071 0.066 0.064 0.064 0.065 0.066 0.066 0.065 0.063 0.059 0.054 0.048 0.041 0.035 0.029 0.023 0.016 0.009 0.005 0.002 0.001 0.000 0.000 0.000 0.000
19.024 19.913 20.341 20.425 20.342 20.152 19.868 19.545 19.201 18.837 18.462 18.095 17.740 17.366 16.897 16.207 15.238 14.007 12.581 11.016 9.341 7.609 5.899 4.404 3.227 2.371 1.788 1.422 1.222 1.135 1.122 1.160 1.184 1.181 1.159 1.115 1.053 0.978 0.883 0.752 0.604 0.482 0.394 0.325 0.263 0.202 0.147 0.106 0.080 0.063 0.052 0.046 0.042 0.041 0.041 0.042 0.044 0.045 0.045 0.044 0.042 0.039 0.034 0.028 0.023 0.019 0.015 0.011 0.007 0.004 0.002 0.001 0.000 0.000 0.000 0.000 0.000
20.321 21.453 22.141 22.471 22.581 22.573 22.477 22.321 22.106 21.820 21.459 21.058 20.669 20.275 19.811 19.160 18.248 17.077 15.702 14.181 12.536 10.748 8.790 6.785 5.022 3.606 2.553 1.839 1.401 1.163 1.052 1.002 0.970 0.933 0.879 0.802 0.709 0.608 0.502 0.389 0.292 0.224 0.177 0.144 0.115 0.089 0.068 0.053 0.042 0.036 0.032 0.029 0.028 0.028 0.028 0.029 0.030 0.030 0.030 0.029 0.027 0.024 0.020 0.016 0.013 0.010 0.007 0.005 0.003 0.001 0.001 0.000 0.000 0.000 0.000 0.000 0.000
20.653 21.904 22.815 23.441 23.863 24.134 24.284 24.312 24.233 24.052 23.723 23.269 22.830 22.420 21.968 21.373 20.557 19.488 18.172 16.642 14.929 13.033 10.916 8.556 6.336 4.503 3.101 2.124 1.505 1.142 0.925 0.776 0.667 0.580 0.504 0.432 0.367 0.306 0.245 0.185 0.138 0.106 0.084 0.068 0.055 0.045 0.036 0.030 0.026 0.023 0.021 0.020 0.020 0.019 0.019 0.020 0.020 0.020 0.019 0.018 0.017 0.014 0.011 0.009 0.006 0.005 0.003 0.002 0.001 0.000 0.000 0.000 0.000 0.000 0.000 0.000 0.000
20.482 21.798 22.837 23.642 24.300 24.820 25.161 25.313 25.318 25.213 24.924 24.422 23.944 23.549 23.129 22.591 21.871 20.922 19.698 18.180 16.391 14.361 12.076 9.490 6.982 4.910 3.326 2.224 1.521 1.075 0.772 0.564 0.422 0.324 0.254 0.207 0.174 0.146 0.117 0.090 0.070 0.055 0.045 0.037 0.031 0.026 0.023 0.020 0.018 0.017 0.015 0.015 0.014 0.014 0.013 0.013 0.013 0.013 0.012 0.011 0.010 0.008 0.006 0.004 0.003 0.002 0.001 0.001 0.000 0.000 0.000 0.000 0.000 0.000 0.000 0.000 0.000
19.818 21.259 22.487 23.491 24.300 24.916 25.308 25.491 25.523 25.443 25.175 24.656 24.159 23.787 23.392 22.878 22.202 21.332 20.193 18.713 16.890 14.775 12.383 9.691 7.091 4.949 3.321 2.186 1.439 0.938 0.601 0.383 0.251 0.172 0.126 0.100 0.084 0.072 0.059 0.047 0.039 0.032 0.027 0.023 0.020 0.018 0.016 0.014 0.013 0.012 0.011 0.010 0.010 0.009 0.009 0.008 0.008 0.008 0.007 0.006 0.005 0.004 0.003 0.002 0.001 0.001 0.000 0.000 0.000 0.000 0.000 0.000 0.000 0.000 0.000 0.000 0.000
18.728 20.314 21.732 22.947 23.917 24.606 25.006 25.176 25.189 25.103 24.844 24.357 23.848 23.448 23.029 22.503 21.845 21.020 19.936 18.498 16.684 14.540 12.096 9.361 6.779 4.663 3.058 1.934 1.191 0.706 0.402 0.229 0.139 0.091 0.066 0.052 0.044 0.038 0.033 0.028 0.024 0.021 0.018 0.016 0.014 0.013 0.011 0.010 0.009 0.008 0.008 0.007 0.006 0.006 0.005 0.005 0.005 0.004 0.004 0.003 0.003 0.002 0.001 0.001 0.000 0.000 0.000 0.000 0.000 0.000 0.000 0.000 0.000 0.000 0.000 0.000 0.000
17.358 19.049 20.580 21.911 22.973 23.719 24.141 24.283 24.243 24.094 23.826 23.444 22.970 22.453 21.888 21.279 20.608 19.813 18.783 17.388 15.576 13.383 10.880 8.220 5.822 3.874 2.407 1.390 0.757 0.400 0.212 0.120 0.073 0.050 0.037 0.031 0.027 0.023 0.021 0.018 0.016 0.015 0.013 0.012 0.010 0.009 0.008 0.007 0.006 0.006 0.005 0.004 0.004 0.003 0.003 0.003 0.002 0.002 0.002 0.001 0.001 0.001 0.000 0.000 0.000 0.000 0.000 0.000 0.000 0.000 0.000 0.000 0.000 0.000 0.000 0.000 0.000
15.726 17.437 18.992 20.360 21.487 22.317 22.804 22.940 22.843 22.609 22.357 22.120 21.721 21.053 20.248 19.500 18.756 17.914 16.822 15.338 13.408 11.081 8.556 6.166 4.134 2.539 1.401 0.701 0.345 0.176 0.098 0.060 0.040 0.030 0.024 0.020 0.018 0.016 0.014 0.013 0.012 0.010 0.009 0.008 0.007 0.006 0.005 0.005 0.004 0.003 0.003 0.002 0.002 0.002 0.001 0.001 0.001 0.001 0.001 0.000 0.000 0.000 0.000 0.000 0.000 0.000 0.000 0.000 0.000 0.000 0.000 0.000 0.000 0.000 0.000 0.000 0.000
13.807 15.452 17.000 18.431 19.694 20.693 21.324 21.540 21.468 21.253 21.012 20.774 20.340 19.555 18.581 17.683 16.788 15.739 14.352 12.511 10.183 7.620 5.280 3.466 2.137 1.203 0.605 0.280 0.136 0.075 0.047 0.033 0.025 0.020 0.017 0.015 0.013 0.012 0.011 0.009 0.008 0.007 0.006 0.006 0.005 0.004 0.003 0.003 0.002 0.002 0.001 0.001 0.001 0.001 0.000 0.000 0.000 0.000 0.000 0.000 0.000 0.000 0.000 0.000 0.000 0.000 0.000 0.000 0.000 0.000 0.000 0.000 0.000 0.000 0.000 0.000 0.000
11.692 13.220 14.763 16.297 17.739 18.945 19.764 20.113 20.096 19.912 19.631 19.260 18.664 17.788 16.761 15.729 14.614 13.195 11.291 8.809 6.182 3.986 2.456 1.461 0.829 0.438 0.213 0.103 0.057 0.037 0.027 0.021 0.017 0.014 0.012 0.011 0.010 0.009 0.008 0.007 0.006 0.005 0.004 0.004 0.003 0.002 0.002 0.001 0.001 0.001 0.000 0.000 0.000 0.000 0.000 0.000 0.000 0.000 0.000 0.000 0.000 0.000 0.000 0.000 0.000 0.000 0.000 0.000 0.000 0.000 0.000 0.000 0.000 0.000 0.000 0.000 0.000
9.686 11.024 12.443 13.966 15.490 16.804 17.747 18.214 18.261 18.078 17.643 16.982 16.131 15.151 14.088 12.916 11.504 9.594 7.122 4.678 2.819 1.574 0.846 0.459 0.253 0.138 0.075 0.044 0.030 0.022 0.018 0.015 0.013 0.011 0.009 0.008 0.007 0.006 0.005 0.005 0.004 0.003 0.003 0.002 0.001 0.001 0.001 0.000 0.000 0.000 0.000 0.000 0.000 0.000 0.000 0.000 0.000 0.000 0.000 0.000 0.000 0.000 0.000 0.000 0.000 0.000 0.000 0.000 0.000 0.000 0.000 0.000 0.000 0.000 0.000 0.000 0.000
7.742 8.845 10.006 11.256 12.536 13.672 14.542 15.021 15.105 14.914 14.340 13.400 12.239 11.035 9.796 8.454 6.857 4.965 3.119 1.760 0.906 0.448 0.233 0.133 0.081 0.051 0.034 0.024 0.019 0.016 0.013 0.011 0.010 0.008 0.007 0.006 0.005 0.004 0.003 0.003 0.002 0.002 0.001 0.001 0.001 0.000 0.000 0.000 0.000 0.000 0.000 0.000 0.000 0.000 0.000 0.000 0.000 0.000 0.000 0.000 0.000 0.000 0.000 0.000 0.000 0.000 0.000 0.000 0.000 0.000 0.000 0.000 0.000 0.000 0.000 0.000 0.000
5.734 6.454 7.125 7.776 8.431 9.075 9.626 9.960 10.031 9.871 9.315 8.320 7.028 5.824 4.797 3.819 2.787 1.735 0.932 0.453 0.221 0.119 0.073 0.049 0.035 0.026 0.020 0.017 0.014 0.012 0.010 0.009 0.007 0.006 0.005 0.004 0.003 0.003 0.002 0.001 0.001 0.001 0.000 0.000 0.000 0.000 0.000 0.000 0.000 0.000 0.000 0.000 0.000 0.000 0.000 0.000 0.000 0.000 0.000 0.000 0.000 0.000 0.000 0.000 0.000 0.000 0.000 0.000 0.000 0.000 0.000 0.000 0.000 0.000 0.000 0.000 0.000
3.668 3.923 4.122 4.280 4.420 4.578 4.734 4.821 4.819 4.714 4.387 3.785 2.958 2.207 1.650 1.194 0.772 0.428 0.215 0.112 0.065 0.044 0.032 0.026 0.021 0.017 0.015 0.013 0.011 0.010 0.008 0.007 0.006 0.005 0.004 0.003 0.002 0.001 0.001 0.001 0.000 0.000 0.000 0.000 0.000 0.000 0.000 0.000 0.000 0.000 0.000 0.000 0.000 0.000 0.000 0.000 0.000 0.000 0.000 0.000 0.000 0.000 0.000 0.000 0.000 0.000 0.000 0.000 0.000 0.000 0.000 0.000 0.000 0.000 0.000 0.000 0.000
1.920 1.922 1.909 1.880 1.839 1.799 1.776 1.749 1.713 1.647 1.499 1.239 0.887 0.603 0.424 0.294 0.185 0.107 0.062 0.041 0.030 0.024 0.020 0.018 0.015 0.013 0.012 0.010 0.009 0.008 0.007 0.005 0.004 0.003 0.002 0.002 0.001 0.001 0.000 0.000 0.000 0.000 0.000 0.000 0.000 0.000 0.000 0.000 0.000 0.000 0.000 0.000 0.000 0.000 0.000 0.000 0.000 0.000 0.000 0.000 0.000 0.000 0.000 0.000 0.000 0.000 0.000 0.000 0.000 0.000 0.000 0.000 0.000 0.000 0.000 0.000 0.000
0.793 0.748 0.715 0.685 0.649 0.603 0.559 0.523 0.493 0.460 0.411 0.335 0.232 0.159 0.114 0.082 0.057 0.039 0.029 0.023 0.019 0.017 0.015 0.013 0.012 0.011 0.010 0.008 0.007 0.006 0.005 0.004 0.003 0.003 0.002 0.001 0.000 0.000 0.000 0.000 0.000 0.000 0.000 0.000 0.000 0.000 0.000 0.000 0.000 0.000 0.000 0.000 0.000 0.000 0.000 0.000 0.000 0.000 0.000 0.000 0.000 0.000 0.000 0.000 0.000 0.000 0.000 0.000 0.000 0.000 0.000 0.000 0.000 0.000 0.000 0.000 0.000
0.286 0.268 0.255 0.242 0.227 0.205 0.180 0.161 0.147 0.134 0.119 0.099 0.073 0.054 0.042 0.034 0.027 0.022 0.019 0.016 0.014 0.013 0.012 0.011 0.010 0.009 0.008 0.007 0.006 0.005 0.004 0.004 0.003 0.002 0.001 0.001 0.000 0.000 0.000 0.000 0.000 0.000 0.000 0.000 0.000 0.000 0.000 0.000 0.000 0.000 0.000 0.000 0.000 0.000 0.000 0.000 0.000 0.000 0.000 0.000 0.000 0.000 0.000 0.000 0.000 0.000 0.000 0.000 0.000 0.000 0.000 0.000 0.000 0.000 0.000 0.000 0.000
0.107 0.101 0.096 0.092 0.086 0.077 0.067 0.059 0.054 0.049 0.045 0.040 0.033 0.027 0.023 0.020 0.017 0.015 0.014 0.012 0.011 0.010 0.009 0.009 0.008 0.007 0.006 0.006 0.005 0.004 0.004 0.004 0.003 0.002 0.002 0.001 0.000 0.000 0.000 0.000 0.000 0.000 0.000 0.000 0.000 0.000 0.000 0.000 0.000 0.000 0.000 0.000 0.000 0.000 0.000 0.000 0.000 0.000 0.000 0.000 0.000 0.000 0.000 0.000 0.000 0.000 0.000 0.000 0.000 0.000 0.000 0.000 0.000 0.000 0.000 0.000 0.000
0.047 0.045 0.043 0.041 0.039 0.035 0.031 0.029 0.027 0.025 0.024 0.022 0.020 0.018 0.016 0.014 0.013 0.012 0.011 0.010 0.009 0.008 0.007 0.007 0.006 0.006 0.005 0.005 0.005 0.005 0.004 0.004 0.004 0.003 0.002 0.001 0.000 0.000 0.000 0.000 0.000 0.000 0.000 0.000 0.000 0.000 0.000 0.000 0.000 0.000 0.000 0.000 0.000 0.000 0.000 0.000 0.000 0.000 0.000 0.000 0.000 0.000 0.000 0.000 0.000 0.000 0.000 0.000 0.000 0.000 0.000 0.000 0.000 0.000 0.000 0.000 0.000
0.025 0.024 0.023 0.022 0.021 0.020 0.019 0.018 0.017 0.016 0.015 0.015 0.014 0.013 0.012 0.011 0.010 0.009 0.008 0.008 0.007 0.006 0.006 0.005 0.005 0.005 0.005 0.005 0.005 0.006 0.006 0.006 0.006 0.005 0.003 0.002 0.000 0.000 0.000 0.000 0.000 0.000 0.000 0.000 0.000 0.000 0.000 0.000 0.000 0.000 0.000 0.000 0.000 0.000 0.000 0.000 0.000 0.000 0.000 0.000 0.000 0.000 0.000 0.000 0.000 0.000 0.000 0.000 0.000 0.000 0.000 0.000 0.000 0.000 0.000 0.000 0.000
0.015 0.015 0.015 0.014 0.014 0.014 0.013 0.012 0.012 0.012 0.011 0.011 0.011 0.010 0.009 0.009 0.008 0.007 0.007 0.006 0.006 0.005 0.005 0.005 0.005 0.006 0.006 0.007 0.009 0.010 0.010 0.010 0.010 0.008 0.005 0.002 0.001 0.000 0.000 0.000 0.000 0.000 0.000 0.000 0.000 0.000 0.000 0.000 0.000 0.000 0.000 0.000 0.000 0.000 0.000 0.000 0.000 0.000 0.000 0.000 0.000 0.000 0.000 0.000 0.000 0.000 0.000 0.000 0.000 0.000 0.000 0.000 0.000 0.000 0.000 0.000 0.000
0.011 0.011 0.010 0.010 0.010 0.010 0.010 0.009 0.009 0.009 0.009 0.009 0.008 0.008 0.008 0.007 0.006 0.006 0.005 0.005 0.005 0.005 0.006 0.007 0.008 0.010 0.012 0.014 0.017 0.018 0.019 0.018 0.014 0.009 0.005 0.003 0.001 0.000 0.000 0.000 0.000 0.000 0.000 0.000 0.000 0.000 0.000 0.000 0.000 0.000 0.000 0.000 0.000 0.000 0.000 0.000 0.000 0.000 0.000 0.000 0.000 0.000 0.000 0.000 0.000 0.000 0.000 0.000 0.000 0.000 0.000 0.000 0.000 0.000 0.000 0.000 0.000
0.008 0.008 0.008 0.008 0.008 0.008 0.008 0.008 0.007 0.007 0.007 0.007 0.007 0.007 0.006 0.006 0.005 0.005 0.005 0.005 0.006 0.007 0.009 0.012 0.016 0.021 0.027 0.031 0.034 0.035 0.031 0.024 0.017 0.010 0.006 0.003 0.001 0.000 0.000 0.000 0.000 0.000 0.000 0.000 0.000 0.000 0.000 0.000 0.000 0.000 0.000 0.000 0.000 0.000 0.000 0.000 0.000 0.000 0.000 0.000 0.000 0.000 0.000 0.000 0.000 0.000 0.000 0.000 0.000 0.000 0.000 0.000 0.000 0.000 0.000 0.000 0.000
0.006 0.006 0.006 0.006 0.006 0.006 0.006 0.006 0.006 0.007 0.006 0.006 0.006 0.006 0.006 0.006 0.006 0.006 0.007 0.009 0.011 0.016 0.022 0.030 0.039 0.049 0.057 0.061 0.059 0.051 0.039 0.027 0.017 0.011 0.006 0.003 0.001 0.000 0.000 0.000 0.000 0.000 0.000 0.000 0.000 0.000 0.000 0.000 0.000 0.000 0.000 0.000 0.000 0.000 0.000 0.000 0.000 0.000 0.000 0.000 0.000 0.000 0.000 0.000 0.000 0.000 0.000 0.000 0.000 0.000 0.000 0.000 0.000 0.000 0.000 0.000 0.000
0.004 0.004 0.005 0.005 0.005 0.005 0.005 0.006 0.006 0.006 0.006 0.006 0.006 0.006 0.006 0.007 0.008 0.010 0.014 0.019 0.028 0.040 0.054 0.068 0.080 0.088 0.090 0.086 0.073 0.056 0.040 0.027 0.017 0.011 0.006 0.003 0.001 0.000 0.000 0.000 0.000 0.000 0.000 0.000 0.000 0.000 0.000 0.000 0.000 0.000 0.000 0.000 0.000 0.000 0.000 0.000 0.000 0.000 0.000 0.000 0.000 0.000 0.000 0.000 0.000 0.000 0.000 0.000 0.000 0.000 0.000 0.000 0.000 0.000 0.000 0.000 0.000
0.003 0.003 0.004 0.004 0.004 0.005 0.005 0.006 0.006 0.007 0.007 0.008 0.008 0.008 0.009 0.012 0.016 0.022 0.033 0.048 0.067 0.085 0.100 0.110 0.115 0.114 0.108 0.095 0.076 0.056 0.039 0.026 0.017 0.011 0.006 0.003 0.001 0.000 0.000 0.000 0.000 0.000 0.000 0.000 0.000 0.000 0.000 0.000 0.000 0.000 0.000 0.000 0.000 0.000 0.000 0.000 0.000 0.000 0.000 0.000 0.000 0.000 0.000 0.000 0.000 0.000 0.000 0.000 0.000 0.000 0.000 0.000 0.000 0.000 0.000 0.000 0.000
0.002 0.003 0.003 0.003 0.004 0.005 0.006 0.007 0.008 0.009 0.011 0.012 0.013 0.014 0.017 0.023 0.034 0.050 0.071 0.094 0.112 0.124 0.130 0.131 0.129 0.123 0.111 0.095 0.074 0.054 0.038 0.026 0.017 0.010 0.006 0.003 0.001 0.000 0.000 0.000 0.000 0.000 0.000 0.000 0.000 0.000 0.000 0.000 0.000 0.000 0.000 0.000 0.000 0.000 0.000 0.000 0.000 0.000 0.000 0.000 0.000 0.000 0.000 0.000 0.000 0.000 0.000 0.000 0.000 0.000 0.000 0.000 0.000 0.000 0.000 0.000 0.000
0.002 0.002 0.003 0.003 0.004 0.006 0.007 0.009 0.012 0.014 0.017 0.020 0.022 0.026 0.032 0.045 0.063 0.086 0.108 0.124 0.135 0.139 0.139 0.137 0.132 0.123 0.110 0.092 0.070 0.051 0.036 0.024 0.016 0.010 0.006 0.003 0.001 0.000 0.000 0.000 0.000 0.000 0.000 0.000 0.000 0.000 0.000 0.000 0.000 0.000 0.000 0.000 0.000 0.000 0.000 0.000 0.000 0.000 0.000 0.000 0.000 0.000 0.000 0.000 0.000 0.000 0.000 0.000 0.000 0.000 0.000 0.000 0.000 0.000 0.000 0.000 0.000
0.001 0.002 0.002 0.004 0.005 0.008 0.010 0.013 0.017 0.021 0.025 0.029 0.034 0.040 0.049 0.064 0.086 0.108 0.125 0.135 0.140 0.141 0.140 0.136 0.130 0.120 0.105 0.087 0.065 0.048 0.034 0.023 0.015 0.009 0.005 0.003 0.001 0.000 0.000 0.000 0.000 0.000 0.000 0.000 0.000 0.000 0.000 0.000 0.000 0.000 0.000 0.000 0.000 0.000 0.000 0.000 0.000 0.000 0.000 0.000 0.000 0.000 0.000 0.000 0.000 0.000 0.000 0.000 0.000 0.000 0.000 0.000 0.000 0.000 0.000 0.000 0.000
0.001 0.001 0.003 0.004 0.007 0.009 0.012 0.016 0.020 0.024 0.029 0.035 0.041 0.048 0.058 0.075 0.097 0.116 0.128 0.135 0.138 0.139 0.137 0.133 0.125 0.114 0.099 0.079 0.060 0.044 0.031 0.021 0.014 0.009 0.005 0.002 0.001 0.000 0.000 0.000 0.000 0.000 0.000 0.000 0.000 0.000 0.000 0.000 0.000 0.000 0.000 0.000 0.000 0.000 0.000 0.000 0.000 0.000 0.000 0.000 0.000 0.000 0.000 0.000 0.000 0.000 0.000 0.000 0.000 0.000 0.000 0.000 0.000 0.000 0.000 0.000 0.000
0.001 0.001 0.003 0.005 0.007 0.010 0.013 0.017 0.021 0.026 0.031 0.037 0.044 0.052 0.062 0.078 0.099 0.116 0.127 0.133 0.134 0.134 0.132 0.126 0.118 0.105 0.089 0.071 0.053 0.039 0.028 0.019 0.012 0.007 0.004 0.002 0.001 0.000 0.000 0.000 0.000 0.000 0.000 0.000 0.000 0.000 0.000 0.000 0.000 0.000 0.000 0.000 0.000 0.000 0.000 0.000 0.000 0.000 0.000 0.000 0.000 0.000 0.000 0.000 0.000 0.000 0.000 0.000 0.000 0.000 0.000 0.000 0.000 0.000 0.000 0.000 0.000
