RESULTS/r.avaflow_results/11_results/11_ascii/11_hflow0045.asc
ncols 506
nrows 317
xllcenter 498237.50
yllcenter 5580050.00
cellsize 12.50
NODATA_value -9999.000
[rows 170 to 203 of 317, columns 154 to 230 of 506]
9.647 9.409 9.186 8.949 8.689 8.415 8.151 7.906 7.683 7.482 7.297 7.119 6.929 6.674 6.285 5.727 5.022 4.225 3.423 2.681 2.014 1.447 1.007 0.702 0.514 0.406 0.352 0.334 0.334 0.351 0.392 0.439 0.469 0.489 0.505 0.522 0.550 0.579 0.592 0.593 0.586 0.571 0.556 0.541 0.520 0.487 0.437 0.374 0.315 0.260 0.211 0.173 0.144 0.124 0.113 0.108 0.108 0.110 0.116 0.122 0.127 0.129 0.131 0.131 0.132 0.134 0.140 0.160 0.207 0.301 0.405 0.457 0.469 0.450 0.387 0.284 0.190
12.607 12.720 12.735 12.668 12.548 12.355 12.093 11.789 11.480 11.187 10.909 10.643 10.374 10.055 9.596 8.922 8.031 6.967 5.813 4.680 3.622 2.678 1.896 1.314 0.928 0.693 0.560 0.499 0.483 0.495 0.525 0.552 0.563 0.564 0.563 0.565 0.576 0.591 0.595 0.590 0.574 0.550 0.524 0.498 0.465 0.415 0.341 0.256 0.187 0.141 0.112 0.094 0.083 0.076 0.074 0.075 0.078 0.084 0.090 0.095 0.096 0.097 0.096 0.096 0.095 0.096 0.102 0.117 0.152 0.221 0.329 0.414 0.450 0.457 0.439 0.386 0.295
15.879 16.391 16.590 16.564 16.440 16.217 15.905 15.552 15.196 14.852 14.522 14.207 13.898 13.560 13.107 12.423 11.455 10.233 8.840 7.388 5.960 4.604 3.396 2.412 1.691 1.206 0.899 0.726 0.641 0.606 0.594 0.590 0.585 0.577 0.566 0.561 0.562 0.565 0.560 0.541 0.505 0.459 0.417 0.374 0.324 0.260 0.188 0.131 0.095 0.075 0.063 0.055 0.052 0.050 0.051 0.053 0.058 0.066 0.071 0.074 0.075 0.074 0.073 0.072 0.072 0.072 0.076 0.087 0.111 0.158 0.244 0.352 0.425 0.453 0.457 0.441 0.391
18.260 19.118 19.529 19.602 19.513 19.333 19.073 18.780 18.466 18.135 17.788 17.443 17.107 16.756 16.315 15.660 14.726 13.528 12.135 10.604 8.976 7.299 5.632 4.149 2.958 2.069 1.453 1.058 0.823 0.688 0.618 0.587 0.570 0.552 0.532 0.514 0.500 0.485 0.463 0.420 0.355 0.290 0.240 0.199 0.163 0.124 0.090 0.066 0.052 0.043 0.039 0.036 0.035 0.035 0.037 0.040 0.045 0.052 0.057 0.059 0.059 0.058 0.057 0.056 0.056 0.057 0.060 0.068 0.084 0.113 0.168 0.266 0.378 0.440 0.459 0.457 0.436
19.528 20.629 21.294 21.606 21.707 21.701 21.613 21.472 21.276 21.013 20.677 20.293 19.916 19.537 19.094 18.465 17.574 16.421 15.060 13.552 11.921 10.159 8.241 6.266 4.523 3.127 2.096 1.403 0.979 0.737 0.613 0.551 0.511 0.477 0.441 0.406 0.373 0.339 0.299 0.247 0.189 0.147 0.118 0.097 0.079 0.061 0.048 0.038 0.032 0.029 0.027 0.026 0.026 0.027 0.028 0.031 0.035 0.041 0.045 0.047 0.047 0.047 0.046 0.046 0.047 0.048 0.051 0.056 0.066 0.084 0.118 0.182 0.296 0.401 0.446 0.455 0.447
19.840 21.055 21.939 22.544 22.952 23.217 23.365 23.394 23.324 23.156 22.844 22.409 21.980 21.579 21.140 20.557 19.749 18.691 17.384 15.857 14.141 12.246 10.140 7.790 5.600 3.818 2.489 1.598 1.059 0.752 0.582 0.479 0.405 0.344 0.289 0.246 0.215 0.188 0.161 0.129 0.098 0.077 0.062 0.051 0.042 0.035 0.029 0.025 0.022 0.021 0.021 0.020 0.021 0.021 0.022 0.024 0.028 0.032 0.036 0.038 0.039 0.039 0.039 0.040 0.041 0.043 0.045 0.049 0.056 0.067 0.089 0.130 0.209 0.324 0.406 0.436 0.439
19.662 20.934 21.941 22.722 23.362 23.869 24.201 24.351 24.358 24.258 23.976 23.493 23.026 22.635 22.221 21.688 20.968 20.022 18.800 17.275 15.474 13.431 11.139 8.546 6.080 4.090 2.622 1.652 1.071 0.731 0.521 0.380 0.278 0.207 0.159 0.131 0.114 0.101 0.087 0.070 0.055 0.044 0.037 0.031 0.026 0.023 0.020 0.018 0.017 0.017 0.016 0.016 0.017 0.017 0.018 0.020 0.022 0.025 0.028 0.031 0.032 0.034 0.035 0.036 0.037 0.039 0.041 0.045 0.049 0.057 0.072 0.098 0.148 0.234 0.331 0.391 0.413
19.012 20.398 21.583 22.555 23.342 23.941 24.321 24.498 24.530 24.454 24.190 23.687 23.202 22.832 22.440 21.930 21.252 20.373 19.225 17.736 15.899 13.765 11.366 8.668 6.120 4.076 2.582 1.606 1.016 0.655 0.424 0.271 0.174 0.119 0.088 0.072 0.063 0.056 0.049 0.040 0.034 0.028 0.024 0.021 0.018 0.016 0.015 0.014 0.013 0.013 0.013 0.013 0.013 0.014 0.015 0.016 0.018 0.020 0.023 0.025 0.027 0.029 0.031 0.033 0.035 0.037 0.039 0.042 0.045 0.051 0.062 0.079 0.111 0.163 0.242 0.318 0.366
17.943 19.465 20.827 21.998 22.939 23.606 23.990 24.149 24.160 24.078 23.818 23.337 22.839 22.442 22.025 21.502 20.841 20.011 18.926 17.482 15.653 13.484 11.007 8.250 5.739 3.743 2.309 1.388 0.835 0.497 0.287 0.165 0.101 0.068 0.051 0.042 0.037 0.033 0.030 0.026 0.022 0.020 0.017 0.015 0.013 0.012 0.011 0.011 0.010 0.010 0.010 0.010 0.011 0.011 0.011 0.012 0.014 0.016 0.018 0.020 0.023 0.026 0.028 0.030 0.032 0.034 0.037 0.039 0.043 0.048 0.055 0.068 0.088 0.122 0.171 0.235 0.296
16.587 18.209 19.675 20.953 21.978 22.695 23.094 23.222 23.180 23.032 22.758 22.368 21.896 21.384 20.827 20.219 19.539 18.737 17.708 16.308 14.474 12.243 9.678 7.011 4.713 2.939 1.703 0.939 0.511 0.277 0.153 0.090 0.057 0.041 0.032 0.027 0.024 0.022 0.020 0.018 0.016 0.015 0.013 0.011 0.010 0.009 0.008 0.008 0.008 0.008 0.008 0.008 0.008 0.008 0.009 0.010 0.011 0.012 0.014 0.016 0.019 0.022 0.025 0.027 0.030 0.032 0.034 0.037 0.040 0.044 0.051 0.060 0.075 0.098 0.131 0.175 0.226
14.975 16.607 18.090 19.399 20.481 21.273 21.728 21.849 21.750 21.513 21.245 20.987 20.578 19.918 19.127 18.374 17.617 16.768 15.675 14.178 12.210 9.812 7.228 4.872 3.020 1.708 0.887 0.445 0.229 0.125 0.074 0.048 0.035 0.027 0.022 0.020 0.018 0.016 0.015 0.014 0.012 0.011 0.010 0.009 0.008 0.007 0.006 0.006 0.005 0.005 0.005 0.005 0.005 0.006 0.006 0.007 0.008 0.009 0.011 0.013 0.015 0.018 0.021 0.024 0.027 0.030 0.032 0.035 0.038 0.042 0.047 0.056 0.068 0.085 0.109 0.140 0.177
13.097 14.634 16.100 17.464 18.671 19.619 20.206 20.395 20.314 20.087 19.828 19.568 19.122 18.341 17.374 16.463 15.556 14.504 13.108 11.243 8.848 6.294 4.093 2.489 1.416 0.746 0.366 0.179 0.096 0.058 0.039 0.029 0.023 0.019 0.017 0.015 0.014 0.013 0.012 0.011 0.010 0.009 0.008 0.007 0.006 0.005 0.004 0.004 0.003 0.003 0.003 0.003 0.003 0.004 0.004 0.005 0.006 0.007 0.008 0.010 0.012 0.015 0.018 0.021 0.024 0.027 0.030 0.033 0.036 0.040 0.045 0.053 0.065 0.079 0.098 0.121 0.149
11.044 12.425 13.863 15.313 16.689 17.831 18.592 18.904 18.876 18.680 18.381 17.986 17.375 16.490 15.452 14.399 13.271 11.845 9.903 7.453 5.013 3.094 1.778 0.976 0.521 0.269 0.136 0.073 0.045 0.032 0.024 0.020 0.017 0.015 0.014 0.012 0.011 0.011 0.010 0.009 0.008 0.007 0.006 0.005 0.004 0.003 0.003 0.002 0.002 0.002 0.002 0.002 0.002 0.002 0.003 0.003 0.004 0.005 0.006 0.008 0.010 0.012 0.014 0.017 0.021 0.024 0.027 0.031 0.034 0.038 0.044 0.052 0.064 0.077 0.094 0.112 0.133
9.096 10.252 11.537 12.959 14.402 15.638 16.511 16.931 16.964 16.769 16.322 15.642 14.765 13.755 12.667 11.471 10.043 8.145 5.845 3.709 2.160 1.146 0.580 0.305 0.168 0.094 0.055 0.035 0.026 0.020 0.017 0.015 0.013 0.012 0.011 0.010 0.010 0.009 0.008 0.007 0.006 0.005 0.004 0.003 0.003 0.002 0.001 0.001 0.001 0.001 0.001 0.001 0.001 0.001 0.001 0.002 0.003 0.003 0.005 0.006 0.008 0.010 0.012 0.015 0.018 0.021 0.025 0.028 0.033 0.037 0.044 0.052 0.064 0.077 0.092 0.108 0.125
7.218 8.101 9.096 10.212 11.382 12.420 13.202 13.621 13.681 13.482 12.906 11.962 10.759 9.521 8.322 7.047 5.582 3.943 2.429 1.325 0.656 0.316 0.165 0.096 0.060 0.040 0.028 0.021 0.018 0.015 0.013 0.012 0.011 0.010 0.010 0.009 0.008 0.008 0.007 0.006 0.005 0.004 0.003 0.002 0.001 0.001 0.001 0.000 0.000 0.000 0.000 0.000 0.000 0.000 0.000 0.001 0.001 0.002 0.003 0.004 0.006 0.008 0.010 0.012 0.015 0.019 0.022 0.026 0.031 0.037 0.044 0.053 0.064 0.077 0.092 0.107 0.122
5.332 5.794 6.278 6.779 7.309 7.841 8.294 8.557 8.597 8.437 7.905 6.972 5.808 4.754 3.854 3.014 2.152 1.310 0.690 0.332 0.163 0.090 0.057 0.039 0.029 0.023 0.018 0.015 0.013 0.012 0.011 0.010 0.009 0.009 0.008 0.008 0.007 0.006 0.006 0.005 0.004 0.003 0.002 0.001 0.001 0.000 0.000 0.000 0.000 0.000 0.000 0.000 0.000 0.000 0.000 0.000 0.001 0.001 0.002 0.003 0.004 0.006 0.008 0.010 0.013 0.016 0.020 0.025 0.030 0.036 0.043 0.053 0.064 0.077 0.091 0.107 0.123
3.513 3.564 3.608 3.646 3.695 3.778 3.876 3.928 3.917 3.824 3.538 3.015 2.315 1.708 1.260 0.900 0.575 0.318 0.162 0.087 0.053 0.037 0.028 0.023 0.019 0.016 0.014 0.012 0.011 0.010 0.009 0.009 0.008 0.008 0.007 0.007 0.006 0.006 0.005 0.004 0.004 0.003 0.002 0.001 0.000 0.000 0.000 0.000 0.000 0.000 0.000 0.000 0.000 0.000 0.000 0.000 0.000 0.000 0.001 0.002 0.003 0.004 0.006 0.008 0.011 0.014 0.018 0.023 0.028 0.034 0.042 0.052 0.063 0.076 0.091 0.107 0.125
1.945 1.783 1.654 1.550 1.466 1.406 1.375 1.349 1.319 1.267 1.150 0.946 0.672 0.460 0.324 0.224 0.143 0.085 0.051 0.035 0.027 0.022 0.018 0.016 0.014 0.012 0.011 0.010 0.009 0.008 0.008 0.007 0.007 0.007 0.006 0.006 0.005 0.005 0.005 0.004 0.003 0.003 0.002 0.001 0.000 0.000 0.000 0.000 0.000 0.000 0.000 0.000 0.000 0.000 0.000 0.000 0.000 0.000 0.000 0.001 0.002 0.003 0.004 0.006 0.009 0.012 0.016 0.021 0.026 0.032 0.040 0.049 0.060 0.074 0.089 0.108 0.130
0.833 0.701 0.618 0.559 0.509 0.466 0.433 0.407 0.385 0.360 0.322 0.261 0.182 0.127 0.092 0.067 0.048 0.034 0.026 0.021 0.018 0.016 0.014 0.012 0.011 0.010 0.009 0.008 0.008 0.007 0.007 0.007 0.006 0.006 0.006 0.005 0.005 0.005 0.005 0.004 0.004 0.003 0.002 0.001 0.000 0.000 0.000 0.000 0.000 0.000 0.000 0.000 0.000 0.000 0.000 0.000 0.000 0.000 0.000 0.000 0.001 0.002 0.003 0.005 0.007 0.010 0.013 0.018 0.023 0.029 0.037 0.045 0.056 0.069 0.086 0.108 0.133
0.307 0.254 0.224 0.201 0.181 0.161 0.144 0.131 0.120 0.110 0.099 0.082 0.062 0.047 0.037 0.030 0.025 0.021 0.018 0.015 0.014 0.012 0.011 0.010 0.009 0.008 0.008 0.007 0.007 0.006 0.006 0.006 0.006 0.006 0.006 0.006 0.006 0.006 0.005 0.005 0.005 0.004 0.003 0.002 0.001 0.000 0.000 0.000 0.000 0.000 0.000 0.000 0.000 0.000 0.000 0.000 0.000 0.000 0.000 0.000 0.000 0.001 0.002 0.003 0.005 0.008 0.011 0.015 0.020 0.025 0.032 0.039 0.049 0.062 0.079 0.103 0.131
0.115 0.098 0.087 0.079 0.072 0.064 0.057 0.051 0.047 0.044 0.040 0.036 0.030 0.026 0.022 0.019 0.017 0.015 0.014 0.012 0.011 0.010 0.009 0.008 0.008 0.007 0.007 0.007 0.006 0.006 0.007 0.007 0.007 0.007 0.007 0.007 0.007 0.007 0.007 0.007 0.007 0.006 0.004 0.002 0.001 0.000 0.000 0.000 0.000 0.000 0.000 0.000 0.000 0.000 0.000 0.000 0.000 0.000 0.000 0.000 0.000 0.000 0.001 0.002 0.003 0.005 0.008 0.011 0.015 0.020 0.025 0.031 0.039 0.050 0.066 0.088 0.117
0.049 0.043 0.040 0.037 0.034 0.032 0.029 0.027 0.025 0.024 0.023 0.022 0.020 0.018 0.016 0.015 0.013 0.012 0.011 0.010 0.009 0.008 0.008 0.007 0.007 0.007 0.007 0.007 0.007 0.007 0.008 0.008 0.009 0.009 0.010 0.010 0.011 0.011 0.012 0.011 0.011 0.009 0.005 0.003 0.001 0.000 0.000 0.000 0.000 0.000 0.000 0.000 0.000 0.000 0.000 0.000 0.000 0.000 0.000 0.000 0.000 0.000 0.000 0.001 0.002 0.004 0.006 0.008 0.011 0.014 0.018 0.023 0.028 0.036 0.047 0.064 0.089
0.026 0.024 0.022 0.021 0.020 0.019 0.018 0.017 0.017 0.017 0.016 0.016 0.015 0.014 0.013 0.012 0.011 0.010 0.009 0.008 0.008 0.007 0.007 0.007 0.007 0.007 0.008 0.009 0.009 0.010 0.012 0.013 0.014 0.015 0.016 0.017 0.019 0.019 0.019 0.017 0.014 0.010 0.006 0.003 0.001 0.000 0.000 0.000 0.000 0.000 0.000 0.000 0.000 0.000 0.000 0.000 0.000 0.000 0.000 0.000 0.000 0.000 0.000 0.001 0.001 0.002 0.004 0.006 0.008 0.010 0.013 0.017 0.020 0.025 0.032 0.042 0.057
0.016 0.015 0.015 0.015 0.014 0.014 0.013 0.013 0.013 0.013 0.013 0.012 0.012 0.012 0.011 0.010 0.009 0.008 0.008 0.007 0.007 0.007 0.007 0.008 0.008 0.009 0.011 0.013 0.015 0.018 0.020 0.023 0.026 0.028 0.030 0.032 0.032 0.030 0.026 0.021 0.015 0.010 0.006 0.003 0.001 0.000 0.000 0.000 0.000 0.000 0.000 0.000 0.000 0.000 0.000 0.000 0.000 0.000 0.000 0.000 0.000 0.000 0.000 0.000 0.001 0.001 0.002 0.004 0.005 0.007 0.010 0.012 0.015 0.018 0.022 0.028 0.036
0.011 0.011 0.011 0.011 0.011 0.011 0.011 0.011 0.011 0.010 0.010 0.010 0.010 0.010 0.009 0.009 0.008 0.007 0.007 0.007 0.007 0.008 0.009 0.010 0.012 0.015 0.019 0.025 0.030 0.035 0.041 0.046 0.050 0.052 0.052 0.049 0.044 0.037 0.029 0.022 0.015 0.010 0.006 0.003 0.001 0.000 0.000 0.000 0.000 0.000 0.000 0.000 0.000 0.000 0.000 0.000 0.000 0.000 0.000 0.000 0.000 0.000 0.000 0.000 0.000 0.001 0.001 0.002 0.003 0.005 0.007 0.009 0.011 0.013 0.016 0.020 0.025
0.009 0.009 0.009 0.009 0.009 0.009 0.009 0.009 0.009 0.009 0.009 0.009 0.009 0.008 0.008 0.008 0.007 0.007 0.007 0.007 0.008 0.010 0.013 0.016 0.022 0.030 0.041 0.052 0.062 0.070 0.076 0.078 0.078 0.074 0.068 0.059 0.048 0.038 0.029 0.021 0.015 0.009 0.005 0.003 0.001 0.000 0.000 0.000 0.000 0.000 0.000 0.000 0.000 0.000 0.000 0.000 0.000 0.000 0.000 0.000 0.000 0.000 0.000 0.000 0.000 0.000 0.001 0.001 0.002 0.003 0.004 0.006 0.008 0.010 0.012 0.015 0.018
0.007 0.007 0.007 0.007 0.008 0.008 0.008 0.008 0.008 0.008 0.008 0.008 0.007 0.007 0.007 0.007 0.007 0.007 0.008 0.009 0.012 0.016 0.022 0.032 0.046 0.064 0.082 0.096 0.103 0.106 0.104 0.100 0.093 0.084 0.073 0.061 0.048 0.038 0.028 0.020 0.014 0.009 0.005 0.002 0.001 0.000 0.000 0.000 0.000 0.000 0.000 0.000 0.000 0.000 0.000 0.000 0.000 0.000 0.000 0.000 0.000 0.000 0.000 0.000 0.000 0.000 0.000 0.000 0.001 0.002 0.003 0.004 0.005 0.007 0.009 0.011 0.013
0.006 0.006 0.006 0.006 0.006 0.006 0.007 0.007 0.007 0.007 0.007 0.006 0.006 0.006 0.006 0.007 0.007 0.008 0.011 0.014 0.020 0.030 0.045 0.066 0.089 0.108 0.120 0.126 0.127 0.124 0.118 0.108 0.097 0.085 0.073 0.060 0.047 0.036 0.027 0.019 0.013 0.008 0.005 0.002 0.001 0.000 0.000 0.000 0.000 0.000 0.000 0.000 0.000 0.000 0.000 0.000 0.000 0.000 0.000 0.000 0.000 0.000 0.000 0.000 0.000 0.000 0.000 0.000 0.000 0.001 0.002 0.002 0.004 0.005 0.006 0.008 0.010
0.005 0.005 0.005 0.005 0.005 0.006 0.006 0.006 0.006 0.006 0.006 0.006 0.006 0.006 0.006 0.007 0.009 0.012 0.017 0.025 0.038 0.056 0.080 0.103 0.121 0.133 0.138 0.138 0.136 0.130 0.122 0.110 0.097 0.084 0.071 0.058 0.046 0.034 0.025 0.017 0.011 0.007 0.004 0.002 0.001 0.000 0.000 0.000 0.000 0.000 0.000 0.000 0.000 0.000 0.000 0.000 0.000 0.000 0.000 0.000 0.000 0.000 0.000 0.000 0.000 0.000 0.000 0.000 0.000 0.000 0.001 0.001 0.002 0.003 0.004 0.005 0.007
0.004 0.004 0.004 0.004 0.005 0.005 0.005 0.005 0.005 0.005 0.005 0.005 0.005 0.006 0.007 0.009 0.013 0.018 0.027 0.042 0.061 0.082 0.103 0.121 0.133 0.140 0.142 0.141 0.138 0.132 0.123 0.110 0.095 0.081 0.068 0.055 0.042 0.031 0.022 0.015 0.010 0.006 0.003 0.002 0.000 0.000 0.000 0.000 0.000 0.000 0.000 0.000 0.000 0.000 0.000 0.000 0.000 0.000 0.000 0.000 0.000 0.000 0.000 0.000 0.000 0.000 0.000 0.000 0.000 0.000 0.000 0.000 0.001 0.002 0.003 0.004 0.005
0.003 0.003 0.003 0.004 0.004 0.004 0.004 0.004 0.004 0.004 0.005 0.005 0.006 0.007 0.009 0.012 0.017 0.025 0.038 0.055 0.075 0.095 0.112 0.125 0.135 0.140 0.142 0.142 0.139 0.133 0.122 0.108 0.090 0.074 0.059 0.045 0.033 0.024 0.016 0.011 0.007 0.004 0.002 0.001 0.000 0.000 0.000 0.000 0.000 0.000 0.000 0.000 0.000 0.000 0.000 0.000 0.000 0.000 0.000 0.000 0.000 0.000 0.000 0.000 0.000 0.000 0.000 0.000 0.000 0.000 0.000 0.000 0.000 0.001 0.001 0.002 0.003
0.002 0.002 0.003 0.003 0.003 0.003 0.003 0.004 0.004 0.004 0.005 0.005 0.006 0.008 0.010 0.013 0.020 0.029 0.043 0.061 0.081 0.099 0.113 0.125 0.134 0.139 0.140 0.140 0.136 0.129 0.116 0.098 0.076 0.057 0.041 0.029 0.020 0.014 0.010 0.007 0.004 0.003 0.001 0.001 0.000 0.000 0.000 0.000 0.000 0.000 0.000 0.000 0.000 0.000 0.000 0.000 0.000 0.000 0.000 0.000 0.000 0.000 0.000 0.000 0.000 0.000 0.000 0.000 0.000 0.000 0.000 0.000 0.000 0.000 0.000 0.001 0.002
0.001 0.002 0.002 0.002 0.003 0.003 0.003 0.003 0.004 0.004 0.005 0.006 0.007 0.008 0.010 0.014 0.020 0.030 0.045 0.062 0.082 0.098 0.111 0.120 0.126 0.128 0.127 0.124 0.118 0.108 0.094 0.074 0.052 0.034 0.022 0.014 0.010 0.007 0.005 0.003 0.002 0.001 0.001 0.000 0.000 0.000 0.000 0.000 0.000 0.000 0.000 0.000 0.000 0.000 0.000 0.000 0.000 0.000 0.000 0.000 0.000 0.000 0.000 0.000 0.000 0.000 0.000 0.000 0.000 0.000 0.000 0.000 0.000 0.000 0.000 0.000 0.001
0.001 0.001 0.001 0.002 0.002 0.003 0.003 0.003 0.004 0.005 0.005 0.006 0.007 0.008 0.010 0.013 0.020 0.030 0.043 0.061 0.078 0.091 0.100 0.103 0.103 0.098 0.091 0.083 0.075 0.065 0.054 0.040 0.026 0.016 0.010 0.006 0.004 0.003 0.002 0.002 0.001 0.000 0.000 0.000 0.000 0.000 0.000 0.000 0.000 0.000 0.000 0.000 0.000 0.000 0.000 0.000 0.000 0.000 0.000 0.000 0.000 0.000 0.000 0.000 0.000 0.000 0.000 0.000 0.000 0.000 0.000 0.000 0.000 0.000 0.000 0.000 0.000
