RESULTS/r.avaflow_results/11_results/11_ascii/11_hflow0022.asc
ncols 506
nrows 317
xllcenter 498237.50
yllcenter 5580050.00
cellsize 12.50
NODATA_value -9999.000
[rows 170 to 203 of 317, columns 154 to 230 of 506]
10.039 9.868 9.680 9.464 9.218 8.947 8.682 8.447 8.237 8.045 7.863 7.685 7.490 7.224 6.808 6.194 5.399 4.484 3.570 2.743 2.017 1.418 0.968 0.673 0.510 0.435 0.411 0.412 0.435 0.500 0.619 0.756 0.851 0.912 0.960 1.005 1.062 1.138 1.189 1.210 1.215 1.207 1.195 1.178 1.151 1.103 1.027 0.920 0.791 0.654 0.517 0.396 0.306 0.246 0.206 0.178 0.161 0.150 0.145 0.142 0.139 0.134 0.130 0.124 0.119 0.117 0.116 0.117 0.121 0.130 0.135 0.136 0.131 0.112 0.072 0.034 0.013
13.252 13.430 13.474 13.423 13.314 13.119 12.843 12.533 12.216 11.911 11.623 11.345 11.063 10.730 10.247 9.524 8.554 7.391 6.132 4.905 3.775 2.787 1.979 1.381 0.995 0.778 0.675 0.643 0.659 0.721 0.832 0.957 1.039 1.083 1.108 1.131 1.162 1.204 1.226 1.230 1.217 1.189 1.152 1.111 1.057 0.977 0.853 0.681 0.502 0.355 0.254 0.191 0.152 0.128 0.115 0.107 0.103 0.101 0.100 0.099 0.096 0.093 0.088 0.081 0.076 0.074 0.072 0.072 0.073 0.075 0.076 0.074 0.067 0.052 0.030 0.014 0.005
16.577 17.124 17.336 17.314 17.194 16.960 16.629 16.260 15.889 15.528 15.186 14.867 14.554 14.209 13.741 13.036 12.039 10.778 9.333 7.816 6.322 4.915 3.672 2.658 1.908 1.409 1.108 0.952 0.894 0.897 0.946 1.026 1.090 1.122 1.136 1.146 1.162 1.182 1.185 1.166 1.119 1.044 0.959 0.875 0.779 0.653 0.495 0.340 0.229 0.160 0.119 0.094 0.080 0.072 0.069 0.068 0.068 0.069 0.070 0.069 0.068 0.064 0.060 0.054 0.050 0.047 0.045 0.044 0.043 0.042 0.040 0.037 0.031 0.021 0.011 0.005 0.002
18.993 19.871 20.290 20.368 20.280 20.093 19.817 19.506 19.172 18.817 18.450 18.096 17.755 17.396 16.940 16.266 15.311 14.097 12.697 11.166 9.533 7.837 6.145 4.624 3.387 2.455 1.805 1.388 1.145 1.024 0.988 1.015 1.063 1.084 1.086 1.078 1.069 1.054 1.026 0.967 0.857 0.715 0.586 0.480 0.388 0.297 0.210 0.144 0.102 0.076 0.060 0.051 0.046 0.044 0.044 0.045 0.047 0.048 0.049 0.048 0.047 0.044 0.040 0.036 0.032 0.029 0.027 0.026 0.024 0.022 0.020 0.017 0.013 0.008 0.004 0.002 0.001
20.298 21.414 22.087 22.403 22.499 22.484 22.384 22.231 22.018 21.732 21.369 20.969 20.584 20.195 19.738 19.094 18.186 17.022 15.659 14.158 12.543 10.799 8.890 6.913 5.157 3.724 2.634 1.870 1.381 1.103 0.980 0.945 0.945 0.939 0.919 0.881 0.834 0.781 0.713 0.612 0.476 0.354 0.270 0.212 0.165 0.124 0.090 0.066 0.051 0.041 0.035 0.031 0.030 0.029 0.030 0.031 0.032 0.033 0.033 0.033 0.032 0.030 0.026 0.023 0.020 0.018 0.016 0.014 0.013 0.011 0.009 0.007 0.005 0.003 0.001 0.000 0.000
20.629 21.861 22.755 23.362 23.764 24.018 24.156 24.177 24.095 23.907 23.570 23.108 22.667 22.255 21.803 21.209 20.393 19.329 18.022 16.502 14.806 12.940 10.862 8.549 6.378 4.570 3.164 2.164 1.517 1.135 0.927 0.813 0.739 0.676 0.611 0.544 0.483 0.429 0.372 0.302 0.222 0.162 0.122 0.094 0.074 0.057 0.044 0.035 0.029 0.025 0.023 0.021 0.021 0.021 0.021 0.021 0.022 0.023 0.022 0.022 0.021 0.019 0.017 0.014 0.012 0.010 0.009 0.008 0.006 0.005 0.004 0.003 0.002 0.001 0.000 0.000 0.000
20.456 21.752 22.771 23.555 24.187 24.682 25.001 25.138 25.135 25.023 24.718 24.202 23.718 23.316 22.891 22.348 21.624 20.676 19.457 17.943 16.164 14.157 11.909 9.377 6.939 4.917 3.357 2.258 1.548 1.106 0.824 0.630 0.490 0.389 0.315 0.265 0.231 0.203 0.175 0.140 0.103 0.077 0.059 0.047 0.038 0.031 0.026 0.022 0.019 0.017 0.016 0.015 0.015 0.015 0.015 0.015 0.015 0.015 0.015 0.014 0.013 0.012 0.010 0.008 0.007 0.006 0.005 0.004 0.003 0.002 0.001 0.001 0.000 0.000 0.000 0.000 0.000
19.792 21.211 22.416 23.396 24.179 24.767 25.132 25.293 25.312 25.226 24.939 24.401 23.897 23.516 23.113 22.593 21.910 21.031 19.889 18.410 16.595 14.500 12.153 9.527 7.004 4.919 3.326 2.212 1.478 0.992 0.660 0.433 0.289 0.203 0.152 0.123 0.107 0.094 0.082 0.066 0.051 0.041 0.033 0.027 0.023 0.019 0.017 0.015 0.014 0.012 0.012 0.011 0.010 0.010 0.010 0.010 0.010 0.009 0.009 0.009 0.008 0.007 0.006 0.005 0.004 0.003 0.002 0.002 0.001 0.001 0.000 0.000 0.000 0.000 0.000 0.000 0.000
18.707 20.270 21.661 22.846 23.787 24.444 24.814 24.955 24.952 24.854 24.573 24.063 23.545 23.134 22.706 22.171 21.504 20.677 19.598 18.163 16.355 14.227 11.816 9.136 6.638 4.585 3.028 1.944 1.229 0.752 0.439 0.253 0.155 0.103 0.075 0.061 0.053 0.047 0.041 0.035 0.029 0.024 0.021 0.018 0.015 0.013 0.012 0.011 0.010 0.009 0.008 0.007 0.007 0.007 0.006 0.006 0.006 0.006 0.005 0.005 0.004 0.004 0.003 0.002 0.002 0.001 0.001 0.000 0.000 0.000 0.000 0.000 0.000 0.000 0.000 0.000 0.000
17.354 19.016 20.514 21.808 22.836 23.546 23.930 24.039 23.982 23.810 23.514 23.109 22.621 22.090 21.515 20.897 20.216 19.421 18.399 17.008 15.198 13.017 10.536 7.931 5.613 3.736 2.331 1.369 0.769 0.417 0.226 0.128 0.079 0.054 0.041 0.034 0.030 0.027 0.024 0.021 0.018 0.016 0.014 0.012 0.011 0.009 0.008 0.007 0.007 0.006 0.005 0.005 0.004 0.004 0.004 0.004 0.003 0.003 0.003 0.003 0.002 0.002 0.001 0.001 0.001 0.000 0.000 0.000 0.000 0.000 0.000 0.000 0.000 0.000 0.000 0.000 0.000
15.747 17.421 18.935 20.261 21.349 22.140 22.585 22.690 22.574 22.307 22.022 21.762 21.344 20.658 19.842 19.083 18.330 17.486 16.396 14.910 12.977 10.653 8.153 5.815 3.857 2.353 1.302 0.666 0.339 0.179 0.101 0.063 0.042 0.031 0.025 0.022 0.019 0.017 0.016 0.014 0.013 0.011 0.010 0.009 0.007 0.006 0.006 0.005 0.004 0.004 0.003 0.003 0.002 0.002 0.002 0.002 0.002 0.001 0.001 0.001 0.001 0.001 0.000 0.000 0.000 0.000 0.000 0.000 0.000 0.000 0.000 0.000 0.000 0.000 0.000 0.000 0.000
13.854 15.457 16.957 18.345 19.568 20.527 21.115 21.304 21.219 20.972 20.694 20.421 19.956 19.149 18.160 17.250 16.345 15.289 13.892 12.037 9.681 7.134 4.860 3.141 1.917 1.074 0.543 0.259 0.131 0.075 0.048 0.034 0.026 0.020 0.017 0.015 0.014 0.012 0.011 0.010 0.009 0.008 0.007 0.006 0.005 0.004 0.003 0.003 0.002 0.002 0.002 0.001 0.001 0.001 0.001 0.001 0.000 0.000 0.000 0.000 0.000 0.000 0.000 0.000 0.000 0.000 0.000 0.000 0.000 0.000 0.000 0.000 0.000 0.000 0.000 0.000 0.000
11.763 13.253 14.750 16.239 17.639 18.802 19.576 19.890 19.858 19.646 19.322 18.905 18.271 17.366 16.319 15.271 14.144 12.709 10.780 8.284 5.705 3.614 2.179 1.274 0.719 0.383 0.191 0.096 0.055 0.037 0.027 0.021 0.017 0.015 0.013 0.011 0.010 0.009 0.008 0.007 0.006 0.005 0.004 0.004 0.003 0.002 0.002 0.001 0.001 0.001 0.001 0.000 0.000 0.000 0.000 0.000 0.000 0.000 0.000 0.000 0.000 0.000 0.000 0.000 0.000 0.000 0.000 0.000 0.000 0.000 0.000 0.000 0.000 0.000 0.000 0.000 0.000
9.786 11.097 12.475 13.951 15.419 16.680 17.569 17.991 18.019 17.806 17.325 16.611 15.714 14.697 13.606 12.415 10.988 9.052 6.598 4.247 2.519 1.372 0.723 0.392 0.220 0.123 0.069 0.042 0.029 0.022 0.018 0.015 0.013 0.011 0.010 0.008 0.007 0.006 0.005 0.005 0.004 0.003 0.003 0.002 0.001 0.001 0.001 0.000 0.000 0.000 0.000 0.000 0.000 0.000 0.000 0.000 0.000 0.000 0.000 0.000 0.000 0.000 0.000 0.000 0.000 0.000 0.000 0.000 0.000 0.000 0.000 0.000 0.000 0.000 0.000 0.000 0.000
7.876 8.958 10.084 11.286 12.489 13.552 14.356 14.782 14.839 14.622 14.003 13.012 11.794 10.541 9.283 7.936 6.352 4.527 2.803 1.547 0.778 0.380 0.199 0.117 0.073 0.047 0.032 0.024 0.019 0.016 0.013 0.011 0.010 0.008 0.007 0.006 0.005 0.004 0.003 0.003 0.002 0.002 0.001 0.001 0.001 0.000 0.000 0.000 0.000 0.000 0.000 0.000 0.000 0.000 0.000 0.000 0.000 0.000 0.000 0.000 0.000 0.000 0.000 0.000 0.000 0.000 0.000 0.000 0.000 0.000 0.000 0.000 0.000 0.000 0.000 0.000 0.000
5.901 6.604 7.237 7.829 8.398 8.958 9.435 9.710 9.750 9.569 8.979 7.951 6.644 5.450 4.435 3.482 2.499 1.527 0.806 0.387 0.189 0.104 0.065 0.045 0.033 0.025 0.020 0.017 0.014 0.012 0.011 0.009 0.008 0.006 0.005 0.004 0.003 0.003 0.002 0.001 0.001 0.001 0.000 0.000 0.000 0.000 0.000 0.000 0.000 0.000 0.000 0.000 0.000 0.000 0.000 0.000 0.000 0.000 0.000 0.000 0.000 0.000 0.000 0.000 0.000 0.000 0.000 0.000 0.000 0.000 0.000 0.000 0.000 0.000 0.000 0.000 0.000
3.803 4.036 4.196 4.300 4.379 4.478 4.582 4.628 4.607 4.489 4.150 3.542 2.725 2.007 1.480 1.056 0.672 0.369 0.186 0.098 0.058 0.040 0.031 0.025 0.020 0.017 0.015 0.013 0.011 0.010 0.009 0.007 0.006 0.005 0.004 0.003 0.002 0.001 0.001 0.001 0.000 0.000 0.000 0.000 0.000 0.000 0.000 0.000 0.000 0.000 0.000 0.000 0.000 0.000 0.000 0.000 0.000 0.000 0.000 0.000 0.000 0.000 0.000 0.000 0.000 0.000 0.000 0.000 0.000 0.000 0.000 0.000 0.000 0.000 0.000 0.000 0.000
2.006 1.983 1.940 1.880 1.806 1.734 1.687 1.643 1.600 1.530 1.382 1.130 0.797 0.539 0.376 0.258 0.163 0.095 0.056 0.038 0.028 0.023 0.020 0.017 0.015 0.013 0.012 0.011 0.009 0.008 0.007 0.006 0.005 0.004 0.003 0.002 0.001 0.001 0.000 0.000 0.000 0.000 0.000 0.000 0.000 0.000 0.000 0.000 0.000 0.000 0.000 0.000 0.000 0.000 0.000 0.000 0.000 0.000 0.000 0.000 0.000 0.000 0.000 0.000 0.000 0.000 0.000 0.000 0.000 0.000 0.000 0.000 0.000 0.000 0.000 0.000 0.000
0.831 0.772 0.725 0.683 0.634 0.576 0.526 0.488 0.456 0.424 0.377 0.304 0.209 0.143 0.103 0.074 0.052 0.037 0.027 0.022 0.019 0.016 0.015 0.013 0.012 0.011 0.010 0.009 0.008 0.007 0.006 0.005 0.004 0.003 0.002 0.001 0.000 0.000 0.000 0.000 0.000 0.000 0.000 0.000 0.000 0.000 0.000 0.000 0.000 0.000 0.000 0.000 0.000 0.000 0.000 0.000 0.000 0.000 0.000 0.000 0.000 0.000 0.000 0.000 0.000 0.000 0.000 0.000 0.000 0.000 0.000 0.000 0.000 0.000 0.000 0.000 0.000
0.299 0.275 0.258 0.242 0.222 0.196 0.170 0.151 0.137 0.124 0.110 0.091 0.067 0.050 0.039 0.032 0.026 0.021 0.018 0.016 0.014 0.013 0.012 0.011 0.010 0.009 0.008 0.007 0.006 0.005 0.005 0.004 0.003 0.002 0.002 0.001 0.000 0.000 0.000 0.000 0.000 0.000 0.000 0.000 0.000 0.000 0.000 0.000 0.000 0.000 0.000 0.000 0.000 0.000 0.000 0.000 0.000 0.000 0.000 0.000 0.000 0.000 0.000 0.000 0.000 0.000 0.000 0.000 0.000 0.000 0.000 0.000 0.000 0.000 0.000 0.000 0.000
0.111 0.104 0.098 0.092 0.084 0.074 0.064 0.056 0.051 0.047 0.043 0.038 0.031 0.026 0.022 0.019 0.017 0.015 0.014 0.012 0.011 0.010 0.009 0.009 0.008 0.007 0.006 0.006 0.005 0.005 0.004 0.004 0.003 0.003 0.002 0.001 0.000 0.000 0.000 0.000 0.000 0.000 0.000 0.000 0.000 0.000 0.000 0.000 0.000 0.000 0.000 0.000 0.000 0.000 0.000 0.000 0.000 0.000 0.000 0.000 0.000 0.000 0.000 0.000 0.000 0.000 0.000 0.000 0.000 0.000 0.000 0.000 0.000 0.000 0.000 0.000 0.000
0.048 0.045 0.043 0.041 0.038 0.035 0.031 0.028 0.026 0.024 0.023 0.021 0.020 0.018 0.016 0.014 0.013 0.012 0.011 0.010 0.009 0.008 0.007 0.007 0.006 0.006 0.005 0.005 0.005 0.005 0.005 0.004 0.004 0.004 0.003 0.001 0.001 0.000 0.000 0.000 0.000 0.000 0.000 0.000 0.000 0.000 0.000 0.000 0.000 0.000 0.000 0.000 0.000 0.000 0.000 0.000 0.000 0.000 0.000 0.000 0.000 0.000 0.000 0.000 0.000 0.000 0.000 0.000 0.000 0.000 0.000 0.000 0.000 0.000 0.000 0.000 0.000
0.025 0.024 0.023 0.023 0.022 0.020 0.019 0.017 0.017 0.016 0.015 0.015 0.014 0.013 0.012 0.011 0.010 0.009 0.008 0.008 0.007 0.006 0.006 0.006 0.005 0.005 0.005 0.005 0.005 0.006 0.006 0.006 0.006 0.006 0.004 0.002 0.001 0.000 0.000 0.000 0.000 0.000 0.000 0.000 0.000 0.000 0.000 0.000 0.000 0.000 0.000 0.000 0.000 0.000 0.000 0.000 0.000 0.000 0.000 0.000 0.000 0.000 0.000 0.000 0.000 0.000 0.000 0.000 0.000 0.000 0.000 0.000 0.000 0.000 0.000 0.000 0.000
0.016 0.015 0.015 0.015 0.014 0.014 0.013 0.012 0.012 0.012 0.011 0.011 0.011 0.010 0.009 0.009 0.008 0.007 0.007 0.006 0.006 0.005 0.005 0.005 0.005 0.006 0.007 0.007 0.009 0.010 0.010 0.011 0.011 0.009 0.006 0.003 0.001 0.000 0.000 0.000 0.000 0.000 0.000 0.000 0.000 0.000 0.000 0.000 0.000 0.000 0.000 0.000 0.000 0.000 0.000 0.000 0.000 0.000 0.000 0.000 0.000 0.000 0.000 0.000 0.000 0.000 0.000 0.000 0.000 0.000 0.000 0.000 0.000 0.000 0.000 0.000 0.000
0.011 0.011 0.011 0.010 0.010 0.010 0.010 0.009 0.009 0.009 0.009 0.009 0.008 0.008 0.008 0.007 0.006 0.006 0.005 0.005 0.005 0.005 0.006 0.007 0.008 0.010 0.012 0.014 0.017 0.019 0.020 0.019 0.016 0.012 0.007 0.004 0.002 0.001 0.000 0.000 0.000 0.000 0.000 0.000 0.000 0.000 0.000 0.000 0.000 0.000 0.000 0.000 0.000 0.000 0.000 0.000 0.000 0.000 0.000 0.000 0.000 0.000 0.000 0.000 0.000 0.000 0.000 0.000 0.000 0.000 0.000 0.000 0.000 0.000 0.000 0.000 0.000
0.008 0.008 0.008 0.008 0.008 0.008 0.008 0.008 0.008 0.007 0.007 0.007 0.007 0.007 0.006 0.006 0.005 0.005 0.005 0.005 0.006 0.007 0.009 0.012 0.016 0.021 0.027 0.032 0.035 0.037 0.034 0.028 0.020 0.013 0.007 0.004 0.002 0.001 0.000 0.000 0.000 0.000 0.000 0.000 0.000 0.000 0.000 0.000 0.000 0.000 0.000 0.000 0.000 0.000 0.000 0.000 0.000 0.000 0.000 0.000 0.000 0.000 0.000 0.000 0.000 0.000 0.000 0.000 0.000 0.000 0.000 0.000 0.000 0.000 0.000 0.000 0.000
0.006 0.006 0.006 0.006 0.006 0.006 0.006 0.006 0.006 0.006 0.006 0.006 0.006 0.006 0.006 0.005 0.005 0.006 0.007 0.008 0.011 0.015 0.022 0.030 0.039 0.049 0.058 0.062 0.061 0.055 0.043 0.031 0.021 0.013 0.008 0.004 0.002 0.001 0.000 0.000 0.000 0.000 0.000 0.000 0.000 0.000 0.000 0.000 0.000 0.000 0.000 0.000 0.000 0.000 0.000 0.000 0.000 0.000 0.000 0.000 0.000 0.000 0.000 0.000 0.000 0.000 0.000 0.000 0.000 0.000 0.000 0.000 0.000 0.000 0.000 0.000 0.000
0.005 0.005 0.005 0.005 0.005 0.005 0.005 0.006 0.006 0.006 0.006 0.006 0.006 0.006 0.006 0.006 0.007 0.009 0.013 0.018 0.027 0.039 0.053 0.067 0.080 0.089 0.092 0.088 0.077 0.061 0.045 0.031 0.020 0.013 0.008 0.004 0.002 0.001 0.000 0.000 0.000 0.000 0.000 0.000 0.000 0.000 0.000 0.000 0.000 0.000 0.000 0.000 0.000 0.000 0.000 0.000 0.000 0.000 0.000 0.000 0.000 0.000 0.000 0.000 0.000 0.000 0.000 0.000 0.000 0.000 0.000 0.000 0.000 0.000 0.000 0.000 0.000
0.003 0.004 0.004 0.004 0.004 0.005 0.005 0.006 0.006 0.006 0.006 0.007 0.007 0.007 0.008 0.010 0.014 0.020 0.031 0.046 0.064 0.083 0.098 0.108 0.114 0.114 0.109 0.098 0.081 0.061 0.044 0.030 0.020 0.013 0.007 0.004 0.002 0.001 0.000 0.000 0.000 0.000 0.000 0.000 0.000 0.000 0.000 0.000 0.000 0.000 0.000 0.000 0.000 0.000 0.000 0.000 0.000 0.000 0.000 0.000 0.000 0.000 0.000 0.000 0.000 0.000 0.000 0.000 0.000 0.000 0.000 0.000 0.000 0.000 0.000 0.000 0.000
0.003 0.003 0.003 0.003 0.004 0.005 0.005 0.006 0.007 0.008 0.009 0.009 0.010 0.012 0.014 0.020 0.030 0.046 0.067 0.090 0.108 0.120 0.127 0.129 0.128 0.123 0.113 0.098 0.079 0.059 0.043 0.029 0.019 0.012 0.007 0.004 0.002 0.001 0.000 0.000 0.000 0.000 0.000 0.000 0.000 0.000 0.000 0.000 0.000 0.000 0.000 0.000 0.000 0.000 0.000 0.000 0.000 0.000 0.000 0.000 0.000 0.000 0.000 0.000 0.000 0.000 0.000 0.000 0.000 0.000 0.000 0.000 0.000 0.000 0.000 0.000 0.000
0.002 0.002 0.003 0.003 0.004 0.005 0.007 0.008 0.010 0.012 0.014 0.016 0.018 0.021 0.027 0.039 0.058 0.082 0.105 0.121 0.131 0.136 0.136 0.134 0.130 0.123 0.111 0.096 0.076 0.056 0.040 0.028 0.019 0.012 0.007 0.004 0.002 0.001 0.000 0.000 0.000 0.000 0.000 0.000 0.000 0.000 0.000 0.000 0.000 0.000 0.000 0.000 0.000 0.000 0.000 0.000 0.000 0.000 0.000 0.000 0.000 0.000 0.000 0.000 0.000 0.000 0.000 0.000 0.000 0.000 0.000 0.000 0.000 0.000 0.000 0.000 0.000
0.001 0.002 0.002 0.004 0.005 0.007 0.009 0.012 0.015 0.018 0.022 0.025 0.029 0.034 0.043 0.059 0.083 0.107 0.123 0.133 0.137 0.138 0.137 0.134 0.128 0.120 0.108 0.092 0.071 0.053 0.038 0.026 0.018 0.011 0.007 0.004 0.002 0.000 0.000 0.000 0.000 0.000 0.000 0.000 0.000 0.000 0.000 0.000 0.000 0.000 0.000 0.000 0.000 0.000 0.000 0.000 0.000 0.000 0.000 0.000 0.000 0.000 0.000 0.000 0.000 0.000 0.000 0.000 0.000 0.000 0.000 0.000 0.000 0.000 0.000 0.000 0.000
0.001 0.001 0.003 0.004 0.006 0.009 0.012 0.015 0.019 0.023 0.027 0.032 0.036 0.043 0.053 0.071 0.095 0.116 0.129 0.135 0.137 0.137 0.135 0.131 0.125 0.116 0.103 0.086 0.066 0.049 0.035 0.024 0.016 0.010 0.006 0.003 0.001 0.000 0.000 0.000 0.000 0.000 0.000 0.000 0.000 0.000 0.000 0.000 0.000 0.000 0.000 0.000 0.000 0.000 0.000 0.000 0.000 0.000 0.000 0.000 0.000 0.000 0.000 0.000 0.000 0.000 0.000 0.000 0.000 0.000 0.000 0.000 0.000 0.000 0.000 0.000 0.000
0.000 0.001 0.003 0.005 0.007 0.010 0.013 0.016 0.020 0.025 0.029 0.034 0.040 0.047 0.057 0.074 0.098 0.117 0.128 0.133 0.134 0.134 0.131 0.126 0.118 0.107 0.093 0.076 0.059 0.044 0.032 0.022 0.014 0.009 0.005 0.002 0.001 0.000 0.000 0.000 0.000 0.000 0.000 0.000 0.000 0.000 0.000 0.000 0.000 0.000 0.000 0.000 0.000 0.000 0.000 0.000 0.000 0.000 0.000 0.000 0.000 0.000 0.000 0.000 0.000 0.000 0.000 0.000 0.000 0.000 0.000 0.000 0.000 0.000 0.000 0.000 0.000
