RESULTS/r.avaflow_results/11_results/11_ascii/11_hflow_max0026.asc
ncols 506
nrows 317
xllcenter 498237.50
yllcenter 5580050.00
cellsize 12.50
NODATA_value -9999.000
[rows 170 to 203 of 317, columns 154 to 230 of 506]
19.646 19.155 18.650 18.088 17.428 16.711 15.994 15.338 14.745 14.188 13.626 13.044 12.444 11.804 11.061 10.167 9.068 8.043 6.990 6.040 5.300 4.531 3.789 3.173 2.690 2.319 2.069 1.940 1.891 1.879 1.872 1.880 1.898 1.901 1.887 1.857 1.824 1.835 1.851 1.840 1.809 1.784 1.758 1.730 1.682 1.602 1.488 1.340 1.169 0.988 0.807 0.637 0.493 0.387 0.314 0.261 0.223 0.195 0.176 0.175 0.174 0.172 0.169 0.166 0.165 0.166 0.171 0.189 0.238 0.371 0.615 0.868 1.032 1.116 1.126 1.074 0.964
23.094 22.895 22.548 21.992 21.234 20.362 19.499 18.712 18.004 17.335 16.678 16.020 15.368 14.699 14.070 13.280 12.248 11.071 9.837 8.588 7.305 6.029 4.878 3.971 3.286 2.743 2.340 2.091 1.972 1.945 1.975 2.022 2.040 2.032 1.991 1.941 1.885 1.853 1.861 1.852 1.820 1.765 1.701 1.631 1.543 1.415 1.235 1.000 0.757 0.553 0.404 0.305 0.237 0.192 0.161 0.139 0.125 0.121 0.122 0.122 0.122 0.120 0.116 0.113 0.112 0.112 0.117 0.132 0.170 0.265 0.446 0.705 0.901 1.008 1.051 1.042 0.982
25.983 26.168 25.965 25.439 24.647 23.716 22.798 21.959 21.190 20.457 19.748 19.058 18.442 18.043 17.445 16.560 15.436 14.180 12.858 11.464 9.945 8.313 6.693 5.342 4.271 3.414 2.753 2.321 2.074 1.978 1.987 2.016 2.040 2.043 2.014 1.953 1.881 1.831 1.824 1.789 1.714 1.600 1.460 1.310 1.143 0.940 0.711 0.496 0.342 0.244 0.182 0.142 0.114 0.096 0.084 0.080 0.081 0.084 0.086 0.087 0.087 0.085 0.082 0.079 0.079 0.079 0.083 0.095 0.122 0.188 0.316 0.544 0.790 0.931 0.995 1.009 0.983
27.857 28.262 28.248 27.892 27.269 26.503 25.721 24.986 24.265 23.537 22.800 22.075 21.526 21.073 20.449 19.546 18.376 17.030 15.612 14.149 12.603 10.928 9.103 7.281 5.729 4.469 3.477 2.759 2.304 2.070 1.985 1.980 1.981 1.966 1.924 1.851 1.773 1.713 1.661 1.569 1.411 1.183 0.946 0.737 0.563 0.415 0.293 0.204 0.145 0.108 0.084 0.069 0.058 0.051 0.051 0.052 0.056 0.060 0.062 0.063 0.062 0.061 0.059 0.058 0.057 0.058 0.061 0.069 0.088 0.132 0.222 0.396 0.662 0.858 0.945 0.978 0.971
28.632 29.111 29.280 29.187 28.883 28.467 27.987 27.467 26.880 26.212 25.474 24.696 24.074 23.576 22.947 22.084 20.967 19.650 18.209 16.675 15.028 13.216 11.200 9.195 7.275 5.686 4.416 3.435 2.729 2.285 2.039 1.907 1.833 1.778 1.715 1.628 1.527 1.419 1.294 1.108 0.854 0.608 0.435 0.315 0.231 0.167 0.121 0.088 0.066 0.052 0.043 0.036 0.034 0.034 0.034 0.036 0.040 0.043 0.045 0.045 0.045 0.044 0.043 0.042 0.042 0.043 0.045 0.051 0.064 0.094 0.157 0.281 0.514 0.760 0.887 0.942 0.951
28.460 29.152 29.490 29.604 29.579 29.437 29.191 28.868 28.433 27.856 27.124 26.314 25.823 25.355 24.791 24.033 23.063 21.865 20.419 18.751 16.950 15.122 13.096 10.897 8.623 6.684 5.137 3.945 3.077 2.479 2.085 1.830 1.669 1.550 1.426 1.259 1.078 0.898 0.722 0.547 0.386 0.267 0.188 0.134 0.097 0.073 0.055 0.043 0.034 0.028 0.026 0.024 0.024 0.024 0.025 0.026 0.029 0.031 0.032 0.033 0.033 0.032 0.031 0.031 0.031 0.032 0.033 0.038 0.047 0.068 0.112 0.200 0.370 0.621 0.801 0.886 0.919
27.610 28.483 29.156 29.504 29.628 29.653 29.548 29.299 28.940 28.484 27.859 27.131 26.621 26.218 25.698 25.037 24.220 23.199 21.918 20.340 18.504 16.524 14.405 12.015 9.419 7.206 5.473 4.173 3.236 2.565 2.097 1.764 1.507 1.256 0.979 0.720 0.540 0.417 0.320 0.234 0.166 0.118 0.084 0.061 0.046 0.036 0.029 0.025 0.022 0.019 0.018 0.018 0.018 0.018 0.018 0.019 0.021 0.023 0.023 0.023 0.023 0.023 0.022 0.022 0.022 0.023 0.024 0.027 0.034 0.049 0.080 0.142 0.257 0.457 0.674 0.805 0.870
26.579 27.583 28.403 28.985 29.354 29.515 29.504 29.304 28.970 28.689 28.261 27.479 26.881 26.498 26.069 25.460 24.677 23.736 22.544 20.990 19.194 17.159 14.908 12.350 9.616 7.296 5.504 4.196 3.250 2.559 2.034 1.595 1.191 0.801 0.499 0.326 0.232 0.177 0.135 0.100 0.075 0.055 0.041 0.032 0.026 0.022 0.019 0.017 0.015 0.014 0.013 0.013 0.013 0.013 0.013 0.014 0.015 0.016 0.016 0.016 0.016 0.016 0.015 0.015 0.015 0.015 0.016 0.019 0.023 0.034 0.056 0.098 0.176 0.310 0.509 0.688 0.799
25.209 26.433 27.367 28.067 28.565 28.800 28.820 28.658 28.378 28.256 27.846 27.095 26.471 26.060 25.612 24.991 24.223 23.333 22.224 20.820 19.043 16.973 14.651 12.074 9.335 7.025 5.262 3.996 3.070 2.344 1.734 1.186 0.721 0.399 0.225 0.141 0.100 0.076 0.059 0.046 0.037 0.029 0.024 0.020 0.017 0.015 0.013 0.012 0.011 0.010 0.010 0.010 0.009 0.009 0.010 0.010 0.010 0.011 0.011 0.011 0.011 0.011 0.010 0.010 0.010 0.010 0.011 0.012 0.016 0.022 0.037 0.065 0.116 0.205 0.345 0.527 0.687
23.673 24.981 26.010 26.758 27.252 27.502 27.510 27.330 26.997 26.769 26.371 25.848 25.280 24.674 24.015 23.352 22.644 21.853 20.875 19.556 17.812 15.739 13.427 10.899 8.341 6.223 4.631 3.426 2.489 1.726 1.099 0.632 0.337 0.178 0.101 0.064 0.047 0.037 0.030 0.025 0.021 0.019 0.016 0.014 0.012 0.011 0.010 0.009 0.008 0.007 0.007 0.006 0.006 0.006 0.006 0.006 0.007 0.007 0.007 0.007 0.007 0.007 0.006 0.006 0.006 0.006 0.006 0.007 0.010 0.014 0.023 0.041 0.074 0.130 0.221 0.357 0.527
21.958 23.274 24.342 25.103 25.609 25.873 25.915 25.703 25.243 24.732 24.437 24.224 23.793 22.958 22.024 21.250 20.517 19.730 18.736 17.410 15.636 13.517 11.195 8.851 6.754 5.026 3.573 2.378 1.469 0.855 0.474 0.256 0.139 0.078 0.048 0.033 0.025 0.021 0.018 0.016 0.015 0.013 0.011 0.010 0.009 0.008 0.007 0.006 0.005 0.005 0.004 0.004 0.004 0.004 0.004 0.004 0.004 0.004 0.004 0.004 0.004 0.004 0.003 0.003 0.003 0.003 0.004 0.004 0.006 0.008 0.014 0.025 0.044 0.078 0.135 0.224 0.354
19.635 20.988 22.107 23.004 23.712 24.205 24.389 24.217 23.676 23.143 22.946 22.819 22.395 21.446 20.450 19.679 18.928 17.984 16.706 15.006 12.907 10.506 8.211 6.310 4.721 3.302 2.062 1.158 0.614 0.322 0.173 0.099 0.059 0.037 0.025 0.019 0.015 0.014 0.012 0.011 0.010 0.009 0.008 0.007 0.006 0.005 0.004 0.004 0.003 0.003 0.002 0.002 0.002 0.002 0.002 0.002 0.002 0.002 0.002 0.002 0.002 0.002 0.002 0.002 0.002 0.002 0.002 0.002 0.003 0.005 0.008 0.014 0.025 0.045 0.079 0.133 0.214
16.650 18.018 19.276 20.453 21.463 22.254 22.713 22.713 22.299 21.996 21.806 21.585 21.025 20.071 19.217 18.473 17.610 16.365 14.572 12.245 9.545 6.868 4.738 3.332 2.327 1.495 0.843 0.427 0.210 0.113 0.066 0.042 0.029 0.021 0.015 0.012 0.011 0.010 0.009 0.008 0.007 0.006 0.005 0.005 0.004 0.003 0.003 0.002 0.002 0.001 0.001 0.001 0.001 0.001 0.001 0.001 0.001 0.001 0.001 0.001 0.001 0.001 0.001 0.000 0.000 0.000 0.001 0.001 0.001 0.002 0.004 0.007 0.013 0.024 0.043 0.073 0.120
13.422 14.723 15.957 17.144 18.333 19.302 20.414 20.956 20.933 20.658 20.218 19.580 18.790 17.985 17.254 16.461 15.367 13.707 11.313 8.334 5.437 3.263 1.963 1.251 0.805 0.478 0.258 0.132 0.072 0.044 0.030 0.022 0.017 0.013 0.010 0.009 0.008 0.007 0.006 0.006 0.005 0.004 0.003 0.003 0.002 0.002 0.001 0.001 0.001 0.000 0.000 0.000 0.000 0.000 0.000 0.000 0.000 0.000 0.000 0.000 0.000 0.000 0.000 0.000 0.000 0.000 0.000 0.000 0.000 0.001 0.002 0.004 0.007 0.012 0.021 0.037 0.061
10.080 11.182 12.107 13.274 14.655 15.992 17.187 17.944 18.077 17.812 17.213 16.268 15.258 14.456 13.657 12.651 11.168 9.031 6.335 3.789 2.068 1.049 0.564 0.340 0.211 0.130 0.077 0.046 0.031 0.022 0.017 0.014 0.011 0.009 0.008 0.007 0.006 0.005 0.004 0.004 0.003 0.002 0.002 0.001 0.001 0.001 0.000 0.000 0.000 0.000 0.000 0.000 0.000 0.000 0.000 0.000 0.000 0.000 0.000 0.000 0.000 0.000 0.000 0.000 0.000 0.000 0.000 0.000 0.000 0.000 0.001 0.002 0.003 0.005 0.010 0.017 0.028
7.025 8.019 8.912 9.718 10.511 11.388 12.297 12.951 13.256 13.152 12.669 11.738 10.503 9.305 8.239 7.091 5.675 3.914 2.250 1.125 0.513 0.245 0.143 0.093 0.064 0.044 0.031 0.022 0.017 0.014 0.011 0.010 0.008 0.007 0.006 0.005 0.004 0.004 0.003 0.002 0.002 0.001 0.001 0.000 0.000 0.000 0.000 0.000 0.000 0.000 0.000 0.000 0.000 0.000 0.000 0.000 0.000 0.000 0.000 0.000 0.000 0.000 0.000 0.000 0.000 0.000 0.000 0.000 0.000 0.000 0.000 0.000 0.001 0.002 0.004 0.007 0.012
4.707 5.155 5.508 5.808 6.117 6.485 6.946 7.297 7.432 7.423 7.171 6.511 5.452 4.276 3.402 2.675 1.916 1.097 0.522 0.229 0.112 0.067 0.047 0.035 0.028 0.022 0.017 0.014 0.012 0.010 0.009 0.008 0.007 0.006 0.005 0.004 0.003 0.002 0.002 0.001 0.001 0.000 0.000 0.000 0.000 0.000 0.000 0.000 0.000 0.000 0.000 0.000 0.000 0.000 0.000 0.000 0.000 0.000 0.000 0.000 0.000 0.000 0.000 0.000 0.000 0.000 0.000 0.000 0.000 0.000 0.000 0.000 0.000 0.001 0.002 0.003 0.005
2.828 2.920 2.977 3.015 3.054 3.111 3.196 3.243 3.211 3.113 2.934 2.579 1.985 1.362 0.964 0.682 0.427 0.222 0.105 0.059 0.038 0.028 0.023 0.020 0.017 0.014 0.012 0.011 0.010 0.009 0.008 0.007 0.006 0.005 0.004 0.003 0.002 0.001 0.001 0.000 0.000 0.000 0.000 0.000 0.000 0.000 0.000 0.000 0.000 0.000 0.000 0.000 0.000 0.000 0.000 0.000 0.000 0.000 0.000 0.000 0.000 0.000 0.000 0.000 0.000 0.000 0.000 0.000 0.000 0.000 0.000 0.000 0.000 0.000 0.000 0.001 0.002
1.743 1.706 1.643 1.567 1.487 1.412 1.330 1.231 1.125 1.020 0.909 0.755 0.532 0.345 0.239 0.160 0.098 0.058 0.036 0.025 0.020 0.017 0.015 0.014 0.012 0.011 0.010 0.009 0.008 0.007 0.006 0.006 0.005 0.004 0.003 0.003 0.002 0.001 0.000 0.000 0.000 0.000 0.000 0.000 0.000 0.000 0.000 0.000 0.000 0.000 0.000 0.000 0.000 0.000 0.000 0.000 0.000 0.000 0.000 0.000 0.000 0.000 0.000 0.000 0.000 0.000 0.000 0.000 0.000 0.000 0.000 0.000 0.000 0.000 0.000 0.000 0.000
1.259 1.187 1.074 0.961 0.859 0.763 0.660 0.552 0.453 0.373 0.309 0.249 0.180 0.131 0.096 0.066 0.043 0.029 0.021 0.017 0.014 0.013 0.012 0.011 0.010 0.009 0.008 0.008 0.007 0.006 0.006 0.005 0.004 0.004 0.003 0.002 0.002 0.001 0.000 0.000 0.000 0.000 0.000 0.000 0.000 0.000 0.000 0.000 0.000 0.000 0.000 0.000 0.000 0.000 0.000 0.000 0.000 0.000 0.000 0.000 0.000 0.000 0.000 0.000 0.000 0.000 0.000 0.000 0.000 0.000 0.000 0.000 0.000 0.000 0.000 0.000 0.000
1.079 0.963 0.826 0.700 0.599 0.514 0.427 0.339 0.262 0.204 0.162 0.131 0.105 0.085 0.067 0.047 0.032 0.023 0.017 0.014 0.012 0.011 0.010 0.009 0.008 0.008 0.007 0.006 0.006 0.006 0.005 0.005 0.005 0.004 0.004 0.003 0.002 0.001 0.000 0.000 0.000 0.000 0.000 0.000 0.000 0.000 0.000 0.000 0.000 0.000 0.000 0.000 0.000 0.000 0.000 0.000 0.000 0.000 0.000 0.000 0.000 0.000 0.000 0.000 0.000 0.000 0.000 0.000 0.000 0.000 0.000 0.000 0.000 0.000 0.000 0.000 0.000
0.997 0.859 0.711 0.590 0.499 0.422 0.345 0.273 0.210 0.163 0.131 0.108 0.091 0.077 0.062 0.046 0.031 0.022 0.016 0.012 0.010 0.009 0.008 0.008 0.007 0.007 0.007 0.006 0.006 0.006 0.006 0.006 0.006 0.006 0.006 0.005 0.003 0.001 0.000 0.000 0.000 0.000 0.000 0.000 0.000 0.000 0.000 0.000 0.000 0.000 0.000 0.000 0.000 0.000 0.000 0.000 0.000 0.000 0.000 0.000 0.000 0.000 0.000 0.000 0.000 0.000 0.000 0.000 0.000 0.000 0.000 0.000 0.000 0.000 0.000 0.000 0.000
0.937 0.790 0.651 0.545 0.465 0.393 0.324 0.258 0.202 0.161 0.131 0.110 0.093 0.078 0.063 0.047 0.032 0.022 0.015 0.011 0.009 0.008 0.008 0.008 0.008 0.008 0.008 0.008 0.008 0.009 0.010 0.010 0.010 0.010 0.009 0.006 0.004 0.002 0.001 0.000 0.000 0.000 0.000 0.000 0.000 0.000 0.000 0.000 0.000 0.000 0.000 0.000 0.000 0.000 0.000 0.000 0.000 0.000 0.000 0.000 0.000 0.000 0.000 0.000 0.000 0.000 0.000 0.000 0.000 0.000 0.000 0.000 0.000 0.000 0.000 0.000 0.000
0.892 0.743 0.623 0.531 0.459 0.390 0.325 0.263 0.213 0.174 0.144 0.119 0.098 0.080 0.064 0.049 0.035 0.024 0.015 0.010 0.010 0.010 0.010 0.010 0.012 0.013 0.013 0.013 0.014 0.016 0.017 0.018 0.017 0.015 0.012 0.009 0.005 0.003 0.001 0.000 0.000 0.000 0.000 0.000 0.000 0.000 0.000 0.000 0.000 0.000 0.000 0.000 0.000 0.000 0.000 0.000 0.000 0.000 0.000 0.000 0.000 0.000 0.000 0.000 0.000 0.000 0.000 0.000 0.000 0.000 0.000 0.000 0.000 0.000 0.000 0.000 0.000
0.868 0.730 0.624 0.542 0.474 0.407 0.342 0.282 0.233 0.192 0.157 0.128 0.104 0.084 0.067 0.052 0.039 0.027 0.018 0.014 0.016 0.017 0.018 0.019 0.021 0.024 0.025 0.026 0.029 0.031 0.032 0.030 0.025 0.020 0.015 0.010 0.006 0.003 0.001 0.000 0.000 0.000 0.000 0.000 0.000 0.000 0.000 0.000 0.000 0.000 0.000 0.000 0.000 0.000 0.000 0.000 0.000 0.000 0.000 0.000 0.000 0.000 0.000 0.000 0.000 0.000 0.000 0.000 0.000 0.000 0.000 0.000 0.000 0.000 0.000 0.000 0.000
0.863 0.737 0.640 0.563 0.498 0.432 0.367 0.307 0.255 0.209 0.170 0.137 0.111 0.089 0.071 0.057 0.044 0.033 0.025 0.029 0.032 0.036 0.039 0.042 0.042 0.045 0.046 0.052 0.054 0.052 0.046 0.038 0.031 0.023 0.016 0.010 0.006 0.003 0.001 0.000 0.000 0.000 0.000 0.000 0.000 0.000 0.000 0.000 0.000 0.000 0.000 0.000 0.000 0.000 0.000 0.000 0.000 0.000 0.000 0.000 0.000 0.000 0.000 0.000 0.000 0.000 0.000 0.000 0.000 0.000 0.000 0.000 0.000 0.000 0.000 0.000 0.000
0.870 0.755 0.667 0.589 0.520 0.452 0.386 0.324 0.269 0.221 0.180 0.147 0.120 0.097 0.079 0.064 0.052 0.047 0.055 0.062 0.070 0.076 0.079 0.079 0.074 0.075 0.081 0.082 0.076 0.065 0.055 0.044 0.034 0.024 0.016 0.010 0.006 0.003 0.001 0.000 0.000 0.000 0.000 0.000 0.000 0.000 0.000 0.000 0.000 0.000 0.000 0.000 0.000 0.000 0.000 0.000 0.000 0.000 0.000 0.000 0.000 0.000 0.000 0.000 0.000 0.000 0.000 0.000 0.000 0.000 0.000 0.000 0.000 0.000 0.000 0.000 0.000
0.896 0.787 0.697 0.612 0.534 0.460 0.390 0.327 0.274 0.231 0.194 0.162 0.134 0.110 0.093 0.080 0.082 0.097 0.108 0.115 0.119 0.122 0.120 0.111 0.106 0.110 0.107 0.099 0.088 0.075 0.060 0.045 0.034 0.024 0.016 0.010 0.006 0.003 0.001 0.000 0.000 0.000 0.000 0.000 0.000 0.000 0.000 0.000 0.000 0.000 0.000 0.000 0.000 0.000 0.000 0.000 0.000 0.000 0.000 0.000 0.000 0.000 0.000 0.000 0.000 0.000 0.000 0.000 0.000 0.000 0.000 0.000 0.000 0.000 0.000 0.000 0.000
0.924 0.810 0.709 0.618 0.534 0.458 0.390 0.332 0.287 0.256 0.227 0.196 0.166 0.142 0.124 0.111 0.132 0.143 0.153 0.157 0.153 0.149 0.141 0.132 0.133 0.129 0.120 0.110 0.095 0.077 0.059 0.045 0.033 0.023 0.015 0.010 0.006 0.003 0.001 0.000 0.000 0.000 0.000 0.000 0.000 0.000 0.000 0.000 0.000 0.000 0.000 0.000 0.000 0.000 0.000 0.000 0.000 0.000 0.000 0.000 0.000 0.000 0.000 0.000 0.000 0.000 0.000 0.000 0.000 0.000 0.000 0.000 0.000 0.000 0.000 0.000 0.000
0.939 0.811 0.703 0.610 0.528 0.456 0.394 0.348 0.313 0.285 0.258 0.232 0.207 0.185 0.167 0.155 0.179 0.205 0.219 0.224 0.216 0.192 0.151 0.150 0.146 0.138 0.130 0.116 0.097 0.077 0.058 0.043 0.031 0.022 0.015 0.009 0.005 0.003 0.001 0.000 0.000 0.000 0.000 0.000 0.000 0.000 0.000 0.000 0.000 0.000 0.000 0.000 0.000 0.000 0.000 0.000 0.000 0.000 0.000 0.000 0.000 0.000 0.000 0.000 0.000 0.000 0.000 0.000 0.000 0.000 0.000 0.000 0.000 0.000 0.000 0.000 0.000
0.932 0.792 0.672 0.576 0.501 0.441 0.392 0.354 0.325 0.300 0.276 0.255 0.233 0.217 0.203 0.198 0.237 0.273 0.291 0.291 0.273 0.235 0.190 0.159 0.153 0.146 0.135 0.119 0.098 0.075 0.056 0.041 0.030 0.021 0.014 0.009 0.005 0.003 0.001 0.000 0.000 0.000 0.000 0.000 0.000 0.000 0.000 0.000 0.000 0.000 0.000 0.000 0.000 0.000 0.000 0.000 0.000 0.000 0.000 0.000 0.000 0.000 0.000 0.000 0.000 0.000 0.000 0.000 0.000 0.000 0.000 0.000 0.000 0.000 0.000 0.000 0.000
0.868 0.705 0.573 0.481 0.425 0.389 0.362 0.338 0.317 0.298 0.279 0.262 0.247 0.235 0.232 0.243 0.289 0.321 0.329 0.320 0.301 0.265 0.202 0.164 0.159 0.150 0.137 0.120 0.098 0.074 0.054 0.039 0.028 0.019 0.013 0.008 0.005 0.002 0.001 0.000 0.000 0.000 0.000 0.000 0.000 0.000 0.000 0.000 0.000 0.000 0.000 0.000 0.000 0.000 0.000 0.000 0.000 0.000 0.000 0.000 0.000 0.000 0.000 0.000 0.000 0.000 0.000 0.000 0.000 0.000 0.000 0.000 0.000 0.000 0.000 0.000 0.000
0.663 0.471 0.359 0.302 0.278 0.271 0.272 0.273 0.275 0.273 0.267 0.259 0.249 0.243 0.251 0.269 0.302 0.328 0.332 0.329 0.308 0.263 0.189 0.165 0.159 0.148 0.133 0.115 0.092 0.070 0.051 0.037 0.026 0.018 0.012 0.007 0.004 0.002 0.001 0.000 0.000 0.000 0.000 0.000 0.000 0.000 0.000 0.000 0.000 0.000 0.000 0.000 0.000 0.000 0.000 0.000 0.000 0.000 0.000 0.000 0.000 0.000 0.000 0.000 0.000 0.000 0.000 0.000 0.000 0.000 0.000 0.000 0.000 0.000 0.000 0.000 0.000
0.337 0.204 0.152 0.131 0.125 0.133 0.155 0.185 0.215 0.233 0.241 0.244 0.243 0.242 0.247 0.261 0.286 0.313 0.322 0.315 0.288 0.233 0.163 0.159 0.149 0.134 0.116 0.096 0.076 0.058 0.044 0.032 0.022 0.015 0.009 0.006 0.003 0.001 0.000 0.000 0.000 0.000 0.000 0.000 0.000 0.000 0.000 0.000 0.000 0.000 0.000 0.000 0.000 0.000 0.000 0.000 0.000 0.000 0.000 0.000 0.000 0.000 0.000 0.000 0.000 0.000 0.000 0.000 0.000 0.000 0.000 0.000 0.000 0.000 0.000 0.000 0.000
