RESULTS/r.avaflow_results/11_results/11_ascii/11_hflow0059.asc
ncols 506
nrows 317
xllcenter 498237.50
yllcenter 5580050.00
cellsize 12.50
NODATA_value -9999.000
[rows 170 to 203 of 317, columns 77 to 153 of 506]
0.000 0.000 0.000 0.000 0.000 0.000 0.000 0.000 0.000 0.001 0.002 0.004 0.008 0.015 0.027 0.037 0.043 0.047 0.050 0.052 0.055 0.062 0.077 0.110 0.161 0.201 0.216 0.215 0.207 0.194 0.175 0.150 0.120 0.092 0.071 0.055 0.044 0.038 0.034 0.033 0.035 0.044 0.071 0.142 0.299 0.565 0.919 1.331 1.813 2.425 3.282 4.490 5.838 6.955 7.724 8.206 8.609 9.064 9.651 10.379 11.270 12.258 13.137 13.706 13.976 13.990 13.887 13.701 13.408 13.018 12.584 12.099 11.583 11.087 10.645 10.261 9.923
0.000 0.000 0.000 0.000 0.000 0.000 0.000 0.001 0.002 0.004 0.008 0.013 0.024 0.042 0.066 0.085 0.097 0.104 0.110 0.116 0.123 0.137 0.167 0.216 0.267 0.294 0.297 0.290 0.275 0.253 0.224 0.188 0.146 0.111 0.085 0.068 0.057 0.051 0.050 0.051 0.061 0.093 0.176 0.372 0.736 1.249 1.843 2.484 3.225 4.136 5.202 6.322 7.285 7.979 8.411 8.725 9.045 9.450 10.000 10.710 11.578 12.528 13.322 13.822 14.043 14.026 13.893 13.688 13.403 13.072 12.758 12.492 12.297 12.201 12.187 12.231 12.347
0.000 0.000 0.000 0.000 0.000 0.000 0.001 0.002 0.005 0.010 0.018 0.030 0.051 0.082 0.119 0.152 0.175 0.189 0.201 0.214 0.230 0.260 0.309 0.361 0.390 0.395 0.388 0.372 0.349 0.318 0.279 0.230 0.176 0.133 0.102 0.083 0.074 0.070 0.071 0.082 0.118 0.217 0.447 0.892 1.563 2.364 3.179 4.039 4.981 5.937 6.827 7.583 8.137 8.482 8.713 8.933 9.198 9.571 10.088 10.774 11.608 12.528 13.288 13.763 13.978 13.960 13.831 13.664 13.483 13.337 13.270 13.300 13.424 13.606 13.861 14.286 14.974
0.000 0.000 0.000 0.000 0.000 0.000 0.001 0.005 0.010 0.018 0.030 0.047 0.074 0.110 0.154 0.200 0.246 0.286 0.317 0.344 0.375 0.419 0.467 0.496 0.503 0.498 0.485 0.463 0.432 0.392 0.341 0.276 0.209 0.157 0.123 0.103 0.096 0.096 0.105 0.143 0.250 0.511 1.025 1.839 2.864 3.884 4.820 5.692 6.516 7.269 7.899 8.344 8.607 8.767 8.887 9.010 9.226 9.569 10.055 10.697 11.489 12.380 13.118 13.588 13.811 13.829 13.768 13.739 13.768 13.855 13.965 14.106 14.297 14.565 14.988 15.713 16.847
0.000 0.000 0.000 0.000 0.000 0.000 0.002 0.006 0.013 0.023 0.037 0.057 0.086 0.125 0.172 0.228 0.294 0.364 0.425 0.474 0.519 0.562 0.594 0.607 0.608 0.602 0.587 0.561 0.523 0.473 0.410 0.330 0.248 0.187 0.147 0.128 0.124 0.129 0.159 0.255 0.510 1.065 2.009 3.288 4.538 5.535 6.331 7.019 7.626 8.133 8.514 8.744 8.878 8.951 8.973 9.024 9.203 9.506 9.945 10.531 11.265 12.100 12.807 13.285 13.565 13.690 13.772 13.892 14.029 14.178 14.319 14.480 14.693 15.033 15.610 16.535 17.873
0.000 0.000 0.000 0.000 0.000 0.000 0.002 0.007 0.014 0.025 0.040 0.061 0.092 0.132 0.183 0.247 0.324 0.417 0.513 0.587 0.643 0.684 0.708 0.716 0.716 0.710 0.695 0.667 0.624 0.565 0.488 0.392 0.295 0.223 0.177 0.157 0.154 0.167 0.227 0.416 0.902 1.878 3.384 4.953 6.106 6.923 7.518 7.990 8.377 8.670 8.862 8.983 9.051 9.047 9.001 8.997 9.119 9.368 9.752 10.277 10.936 11.689 12.364 12.880 13.260 13.518 13.711 13.886 14.052 14.210 14.355 14.522 14.747 15.130 15.796 16.802 18.155
0.000 0.000 0.000 0.000 0.000 0.000 0.002 0.007 0.014 0.025 0.040 0.062 0.093 0.134 0.188 0.256 0.340 0.446 0.574 0.685 0.757 0.801 0.824 0.831 0.831 0.826 0.810 0.781 0.734 0.667 0.579 0.466 0.352 0.265 0.210 0.186 0.182 0.196 0.272 0.522 1.203 2.578 4.586 6.283 7.362 8.017 8.407 8.677 8.884 9.029 9.114 9.157 9.142 9.078 8.993 8.931 8.970 9.150 9.475 9.937 10.520 11.184 11.840 12.411 12.886 13.245 13.501 13.693 13.851 13.980 14.097 14.242 14.460 14.875 15.601 16.646 17.985
0.000 0.000 0.000 0.000 0.000 0.000 0.002 0.007 0.014 0.025 0.040 0.062 0.093 0.135 0.189 0.258 0.346 0.457 0.600 0.757 0.865 0.922 0.948 0.957 0.958 0.953 0.937 0.906 0.856 0.782 0.682 0.554 0.420 0.316 0.247 0.213 0.205 0.218 0.294 0.561 1.337 2.984 5.406 7.275 8.333 8.839 9.056 9.179 9.266 9.307 9.308 9.261 9.174 9.069 8.961 8.852 8.814 8.915 9.173 9.572 10.083 10.673 11.304 11.885 12.378 12.750 13.002 13.156 13.250 13.306 13.356 13.438 13.617 14.040 14.815 15.925 17.298
0.000 0.000 0.000 0.000 0.000 0.000 0.002 0.006 0.013 0.023 0.037 0.059 0.090 0.133 0.188 0.257 0.345 0.458 0.604 0.790 0.958 1.051 1.088 1.100 1.102 1.097 1.080 1.047 0.991 0.909 0.798 0.657 0.501 0.375 0.287 0.239 0.225 0.234 0.303 0.566 1.357 3.143 5.885 7.973 9.036 9.424 9.529 9.563 9.559 9.504 9.415 9.298 9.166 9.035 8.905 8.768 8.682 8.717 8.897 9.219 9.651 10.167 10.745 11.273 11.692 11.976 12.135 12.196 12.189 12.139 12.095 12.096 12.239 12.683 13.515 14.699 16.145
0.000 0.000 0.000 0.000 0.000 0.000 0.002 0.005 0.010 0.019 0.031 0.051 0.081 0.124 0.180 0.250 0.339 0.452 0.599 0.790 1.012 1.179 1.251 1.268 1.269 1.263 1.244 1.205 1.141 1.050 0.928 0.775 0.597 0.445 0.333 0.268 0.243 0.246 0.305 0.555 1.330 3.149 6.075 8.401 9.507 9.821 9.869 9.839 9.745 9.607 9.448 9.289 9.132 8.980 8.830 8.676 8.556 8.540 8.649 8.880 9.212 9.632 10.099 10.498 10.776 10.919 10.940 10.866 10.732 10.581 10.465 10.453 10.658 11.179 12.050 13.252 14.730
0.000 0.000 0.000 0.000 0.000 0.000 0.001 0.003 0.006 0.012 0.021 0.037 0.063 0.102 0.156 0.226 0.313 0.424 0.570 0.763 1.010 1.257 1.409 1.456 1.460 1.452 1.429 1.383 1.310 1.207 1.074 0.907 0.709 0.527 0.388 0.300 0.261 0.257 0.302 0.522 1.250 3.056 6.058 8.570 9.784 10.079 10.086 9.993 9.829 9.633 9.435 9.248 9.072 8.903 8.739 8.573 8.430 8.369 8.411 8.551 8.773 9.062 9.343 9.537 9.622 9.603 9.497 9.348 9.202 9.083 9.015 9.060 9.316 9.847 10.668 11.777 13.168
0.000 0.000 0.000 0.000 0.000 0.000 0.000 0.001 0.003 0.005 0.010 0.019 0.035 0.063 0.108 0.169 0.249 0.350 0.484 0.671 0.934 1.253 1.504 1.621 1.640 1.634 1.612 1.565 1.488 1.378 1.233 1.053 0.839 0.626 0.457 0.341 0.282 0.268 0.295 0.469 1.106 2.816 5.846 8.539 9.877 10.212 10.188 10.044 9.839 9.612 9.382 9.170 8.978 8.800 8.628 8.456 8.297 8.191 8.169 8.222 8.331 8.462 8.515 8.501 8.436 8.329 8.192 8.053 7.935 7.852 7.821 7.893 8.137 8.598 9.296 10.252 11.467
0.000 0.000 0.000 0.000 0.000 0.000 0.000 0.000 0.001 0.002 0.004 0.008 0.015 0.028 0.051 0.088 0.141 0.214 0.317 0.478 0.739 1.131 1.515 1.728 1.789 1.787 1.767 1.722 1.649 1.542 1.397 1.213 0.989 0.749 0.547 0.399 0.313 0.284 0.295 0.411 0.915 2.435 5.391 8.289 9.802 10.226 10.201 10.033 9.795 9.524 9.265 9.041 8.840 8.658 8.488 8.317 8.149 8.002 7.913 7.881 7.884 7.893 7.814 7.681 7.519 7.346 7.172 7.019 6.896 6.813 6.785 6.849 7.043 7.390 7.918 8.664 9.647
0.000 0.000 0.000 0.000 0.000 0.000 0.000 0.000 0.000 0.001 0.001 0.003 0.005 0.010 0.019 0.034 0.058 0.092 0.145 0.243 0.452 0.862 1.404 1.762 1.894 1.908 1.893 1.854 1.789 1.692 1.558 1.382 1.160 0.901 0.666 0.484 0.367 0.315 0.311 0.384 0.751 2.007 4.736 7.775 9.480 10.063 10.099 9.943 9.668 9.345 9.056 8.829 8.638 8.467 8.310 8.148 7.976 7.803 7.654 7.544 7.471 7.408 7.260 7.061 6.836 6.605 6.382 6.190 6.036 5.925 5.864 5.883 6.001 6.233 6.607 7.168 7.939
0.000 0.000 0.000 0.000 0.000 0.000 0.000 0.000 0.000 0.000 0.000 0.001 0.002 0.003 0.006 0.012 0.020 0.034 0.055 0.101 0.222 0.541 1.140 1.687 1.939 1.994 1.988 1.960 1.909 1.830 1.716 1.557 1.347 1.088 0.820 0.604 0.454 0.374 0.355 0.400 0.668 1.652 3.981 7.007 8.864 9.618 9.756 9.669 9.406 9.054 8.727 8.494 8.338 8.211 8.084 7.939 7.774 7.594 7.413 7.251 7.115 6.994 6.801 6.561 6.297 6.022 5.750 5.509 5.313 5.159 5.047 4.994 5.021 5.150 5.402 5.802 6.359
0.000 0.000 0.000 0.000 0.000 0.000 0.000 0.000 0.000 0.000 0.000 0.000 0.001 0.001 0.002 0.005 0.008 0.014 0.023 0.043 0.101 0.294 0.786 1.468 1.892 2.038 2.056 2.044 2.010 1.954 1.865 1.734 1.549 1.305 1.018 0.767 0.585 0.478 0.441 0.462 0.663 1.425 3.279 6.047 7.991 8.894 9.133 9.119 8.935 8.616 8.260 8.004 7.864 7.796 7.742 7.670 7.555 7.390 7.198 6.999 6.810 6.634 6.404 6.131 5.836 5.529 5.220 4.934 4.693 4.493 4.328 4.202 4.141 4.176 4.317 4.559 4.878
0.000 0.000 0.000 0.000 0.000 0.000 0.000 0.000 0.000 0.000 0.000 0.000 0.000 0.001 0.001 0.003 0.006 0.009 0.015 0.025 0.053 0.151 0.457 1.090 1.716 2.015 2.096 2.107 2.094 2.062 2.000 1.900 1.750 1.540 1.261 0.981 0.771 0.640 0.585 0.589 0.734 1.330 2.783 5.085 6.944 7.921 8.241 8.279 8.203 7.991 7.663 7.364 7.212 7.194 7.230 7.272 7.274 7.173 6.987 6.766 6.541 6.322 6.065 5.764 5.435 5.094 4.758 4.440 4.156 3.911 3.700 3.516 3.374 3.318 3.342 3.419 3.483
0.000 0.000 0.000 0.000 0.000 0.000 0.000 0.000 0.000 0.000 0.000 0.000 0.000 0.001 0.002 0.003 0.006 0.010 0.015 0.023 0.040 0.088 0.250 0.685 1.369 1.886 2.099 2.154 2.165 2.153 2.117 2.045 1.928 1.754 1.518 1.237 1.012 0.867 0.799 0.790 0.891 1.348 2.464 4.304 5.929 6.810 7.145 7.227 7.234 7.148 6.932 6.634 6.449 6.446 6.547 6.708 6.835 6.851 6.732 6.522 6.284 6.044 5.776 5.461 5.091 4.710 4.345 4.001 3.684 3.398 3.145 2.912 2.700 2.543 2.432 2.336 2.194
0.000 0.000 0.000 0.000 0.000 0.000 0.000 0.000 0.000 0.000 0.000 0.000 0.000 0.001 0.002 0.005 0.008 0.013 0.019 0.027 0.040 0.068 0.145 0.385 0.926 1.602 2.015 2.173 2.220 2.228 2.212 2.166 2.078 1.935 1.734 1.472 1.244 1.094 1.021 1.009 1.082 1.415 2.242 3.679 5.072 5.850 6.175 6.287 6.318 6.299 6.201 6.010 5.820 5.752 5.806 5.998 6.219 6.333 6.331 6.205 6.007 5.765 5.485 5.151 4.751 4.339 3.957 3.597 3.255 2.935 2.637 2.354 2.069 1.802 1.559 1.324 1.089
0.000 0.000 0.000 0.000 0.000 0.000 0.000 0.000 0.000 0.000 0.000 0.000 0.000 0.002 0.004 0.009 0.015 0.023 0.030 0.038 0.049 0.068 0.108 0.224 0.545 1.169 1.784 2.111 2.241 2.282 2.284 2.260 2.196 2.078 1.903 1.661 1.422 1.259 1.174 1.155 1.202 1.444 2.052 3.146 4.344 5.065 5.398 5.538 5.592 5.604 5.573 5.475 5.329 5.216 5.194 5.281 5.476 5.638 5.713 5.705 5.594 5.388 5.110 4.768 4.365 3.945 3.556 3.187 2.826 2.469 2.114 1.764 1.410 1.078 0.802 0.589 0.430
0.000 0.000 0.000 0.000 0.000 0.000 0.000 0.000 0.000 0.000 0.000 0.000 0.001 0.004 0.009 0.018 0.031 0.044 0.054 0.062 0.070 0.081 0.106 0.165 0.337 0.744 1.372 1.897 2.179 2.297 2.329 2.324 2.279 2.182 2.025 1.803 1.557 1.374 1.265 1.227 1.247 1.411 1.847 2.647 3.679 4.392 4.760 4.931 5.005 5.030 5.031 4.988 4.893 4.777 4.702 4.686 4.738 4.837 4.913 4.948 4.904 4.748 4.487 4.157 3.778 3.379 2.994 2.620 2.246 1.861 1.472 1.094 0.755 0.505 0.339 0.229 0.161
0.000 0.000 0.000 0.000 0.000 0.000 0.000 0.000 0.000 0.000 0.000 0.001 0.003 0.008 0.018 0.035 0.058 0.078 0.092 0.101 0.107 0.112 0.124 0.161 0.257 0.493 0.934 1.505 1.973 2.231 2.335 2.353 2.327 2.243 2.100 1.898 1.658 1.456 1.317 1.248 1.244 1.330 1.606 2.159 3.013 3.759 4.191 4.411 4.509 4.543 4.553 4.534 4.468 4.363 4.253 4.165 4.099 4.056 4.028 4.000 3.934 3.792 3.553 3.239 2.881 2.509 2.137 1.766 1.403 1.054 0.741 0.488 0.307 0.194 0.128 0.087 0.064
0.000 0.000 0.000 0.000 0.000 0.000 0.000 0.000 0.000 0.000 0.000 0.001 0.005 0.013 0.030 0.060 0.099 0.128 0.147 0.159 0.164 0.167 0.171 0.188 0.250 0.394 0.669 1.102 1.625 2.044 2.270 2.347 2.339 2.265 2.131 1.949 1.729 1.517 1.348 1.239 1.189 1.198 1.321 1.679 2.347 3.127 3.645 3.933 4.067 4.108 4.117 4.098 4.041 3.942 3.808 3.661 3.508 3.347 3.177 2.993 2.802 2.592 2.341 2.042 1.712 1.391 1.094 0.827 0.595 0.406 0.265 0.166 0.104 0.069 0.049 0.037 0.029
0.000 0.000 0.000 0.000 0.000 0.000 0.000 0.000 0.000 0.000 0.000 0.001 0.005 0.015 0.036 0.076 0.137 0.191 0.221 0.239 0.248 0.251 0.252 0.257 0.291 0.388 0.575 0.870 1.292 1.762 2.104 2.272 2.306 2.258 2.134 1.966 1.770 1.562 1.371 1.207 1.085 1.029 1.055 1.250 1.712 2.430 3.063 3.450 3.638 3.693 3.695 3.671 3.611 3.506 3.352 3.154 2.921 2.653 2.358 2.067 1.797 1.545 1.302 1.059 0.822 0.612 0.437 0.298 0.196 0.126 0.081 0.053 0.037 0.027 0.022 0.018 0.016
0.000 0.000 0.000 0.000 0.000 0.000 0.000 0.000 0.000 0.000 0.000 0.001 0.005 0.015 0.037 0.081 0.155 0.249 0.313 0.345 0.362 0.369 0.372 0.374 0.389 0.444 0.577 0.795 1.102 1.500 1.872 2.115 2.204 2.193 2.107 1.961 1.783 1.589 1.389 1.192 1.020 0.901 0.861 0.923 1.169 1.666 2.318 2.834 3.116 3.224 3.239 3.215 3.142 3.004 2.793 2.523 2.206 1.851 1.504 1.220 0.991 0.793 0.620 0.468 0.337 0.231 0.151 0.096 0.060 0.039 0.026 0.019 0.016 0.013 0.012 0.011 0.011
0.000 0.000 0.000 0.000 0.000 0.000 0.000 0.000 0.000 0.000 0.000 0.001 0.005 0.014 0.035 0.079 0.156 0.281 0.409 0.479 0.512 0.527 0.534 0.539 0.547 0.575 0.653 0.810 1.043 1.342 1.659 1.902 2.035 2.058 2.020 1.921 1.775 1.598 1.406 1.200 1.001 0.836 0.736 0.711 0.785 1.016 1.436 1.927 2.292 2.478 2.530 2.517 2.428 2.232 1.928 1.580 1.248 0.961 0.738 0.567 0.435 0.329 0.245 0.178 0.123 0.079 0.049 0.030 0.019 0.014 0.011 0.009 0.008 0.008 0.008 0.008 0.008
0.000 0.000 0.000 0.000 0.000 0.000 0.000 0.000 0.000 0.000 0.000 0.001 0.004 0.011 0.029 0.069 0.147 0.285 0.484 0.638 0.705 0.731 0.744 0.752 0.760 0.775 0.814 0.903 1.061 1.280 1.518 1.706 1.829 1.876 1.873 1.828 1.730 1.586 1.412 1.216 1.008 0.819 0.674 0.590 0.564 0.616 0.767 1.013 1.241 1.386 1.447 1.443 1.363 1.187 0.938 0.696 0.509 0.368 0.266 0.195 0.146 0.111 0.084 0.061 0.041 0.026 0.016 0.010 0.008 0.006 0.006 0.005 0.005 0.005 0.006 0.006 0.006
0.000 0.000 0.000 0.000 0.000 0.000 0.000 0.000 0.000 0.000 0.000 0.000 0.002 0.007 0.020 0.053 0.126 0.270 0.511 0.785 0.937 0.987 1.005 1.015 1.024 1.031 1.043 1.073 1.144 1.270 1.430 1.559 1.644 1.687 1.698 1.688 1.639 1.543 1.402 1.229 1.031 0.827 0.657 0.531 0.451 0.414 0.417 0.469 0.540 0.584 0.600 0.593 0.552 0.463 0.338 0.231 0.156 0.107 0.075 0.055 0.043 0.034 0.026 0.019 0.013 0.009 0.006 0.004 0.004 0.003 0.003 0.003 0.004 0.004 0.004 0.004 0.005
0.000 0.000 0.000 0.000 0.000 0.000 0.000 0.000 0.000 0.000 0.000 0.000 0.001 0.004 0.011 0.034 0.095 0.233 0.490 0.859 1.138 1.254 1.286 1.293 1.294 1.284 1.262 1.246 1.258 1.298 1.371 1.440 1.484 1.509 1.519 1.521 1.507 1.458 1.363 1.223 1.049 0.850 0.659 0.505 0.392 0.312 0.260 0.232 0.221 0.213 0.205 0.195 0.175 0.142 0.099 0.065 0.043 0.028 0.020 0.015 0.012 0.010 0.008 0.006 0.004 0.003 0.002 0.002 0.002 0.002 0.002 0.002 0.002 0.003 0.003 0.003 0.003
0.000 0.000 0.000 0.000 0.000 0.000 0.000 0.000 0.000 0.000 0.000 0.001 0.001 0.003 0.007 0.022 0.067 0.185 0.439 0.849 1.245 1.455 1.519 1.525 1.516 1.484 1.424 1.364 1.330 1.315 1.321 1.332 1.334 1.333 1.337 1.345 1.348 1.333 1.283 1.186 1.042 0.859 0.660 0.486 0.350 0.251 0.179 0.132 0.102 0.083 0.071 0.062 0.052 0.040 0.027 0.017 0.011 0.007 0.005 0.004 0.003 0.003 0.002 0.002 0.002 0.001 0.001 0.001 0.001 0.001 0.001 0.001 0.002 0.002 0.002 0.002 0.002
0.002 0.002 0.002 0.002 0.002 0.002 0.002 0.002 0.002 0.001 0.001 0.002 0.002 0.003 0.006 0.014 0.043 0.132 0.355 0.771 1.253 1.555 1.681 1.698 1.680 1.625 1.536 1.439 1.366 1.314 1.273 1.234 1.191 1.154 1.136 1.135 1.141 1.143 1.126 1.073 0.974 0.829 0.644 0.456 0.307 0.200 0.127 0.080 0.052 0.036 0.026 0.020 0.015 0.011 0.007 0.005 0.003 0.002 0.001 0.001 0.001 0.001 0.001 0.001 0.001 0.001 0.001 0.001 0.001 0.001 0.001 0.001 0.001 0.001 0.001 0.001 0.002
0.004 0.005 0.005 0.005 0.004 0.004 0.003 0.003 0.003 0.003 0.003 0.003 0.004 0.005 0.007 0.012 0.026 0.075 0.231 0.591 1.130 1.545 1.743 1.790 1.771 1.705 1.599 1.479 1.381 1.299 1.221 1.141 1.054 0.963 0.893 0.853 0.842 0.845 0.847 0.831 0.783 0.696 0.562 0.394 0.249 0.148 0.085 0.048 0.028 0.017 0.010 0.007 0.004 0.003 0.002 0.001 0.001 0.001 0.001 0.000 0.000 0.000 0.000 0.000 0.000 0.001 0.001 0.001 0.001 0.001 0.000 0.000 0.000 0.000 0.001 0.001 0.001
0.008 0.008 0.008 0.007 0.006 0.005 0.004 0.004 0.004 0.004 0.005 0.006 0.007 0.008 0.010 0.012 0.017 0.036 0.104 0.317 0.778 1.322 1.659 1.785 1.787 1.728 1.620 1.492 1.379 1.273 1.165 1.048 0.911 0.754 0.622 0.537 0.495 0.479 0.471 0.467 0.458 0.432 0.374 0.274 0.165 0.092 0.050 0.027 0.014 0.008 0.004 0.002 0.002 0.001 0.001 0.001 0.000 0.000 0.000 0.000 0.000 0.000 0.000 0.000 0.000 0.000 0.001 0.001 0.001 0.001 0.000 0.000 0.000 0.000 0.000 0.000 0.000
0.011 0.011 0.010 0.008 0.007 0.006 0.005 0.005 0.005 0.006 0.007 0.008 0.009 0.010 0.011 0.012 0.015 0.023 0.045 0.117 0.328 0.765 1.245 1.545 1.652 1.650 1.582 1.470 1.350 1.225 1.088 0.929 0.738 0.542 0.394 0.300 0.248 0.222 0.208 0.200 0.194 0.185 0.168 0.132 0.082 0.046 0.025 0.013 0.007 0.003 0.002 0.001 0.001 0.001 0.000 0.000 0.000 0.000 0.000 0.000 0.000 0.000 0.000 0.000 0.000 0.000 0.001 0.001 0.001 0.000 0.000 0.000 0.000 0.000 0.000 0.000 0.000
