RESULTS/r.avaflow_results/11_results/11_ascii/11_hflow30018.asc
ncols 506
nrows 317
xllcenter 498237.50
yllcenter 5580050.00
cellsize 12.50
NODATA_value -9999.000
[rows 170 to 203 of 317, columns 154 to 230 of 506]
10.055 10.084 10.081 10.030 9.926 9.773 9.599 9.425 9.270 9.145 9.040 8.936 8.802 8.587 8.237 7.721 7.054 6.343 5.662 5.020 4.394 3.738 3.070 2.490 2.027 1.685 1.464 1.343 1.297 1.291 1.298 1.306 1.311 1.311 1.315 1.325 1.355 1.423 1.483 1.510 1.521 1.528 1.539 1.542 1.531 1.495 1.418 1.297 1.139 0.963 0.788 0.627 0.492 0.382 0.284 0.195 0.121 0.068 0.034 0.015 0.006 0.002 0.001 0.000 0.000 0.000 0.000 0.000 0.000 0.000 0.000 0.000 0.000 0.000 0.000 0.000 0.000
13.285 13.662 13.871 13.934 13.917 13.805 13.598 13.324 13.028 12.757 12.521 12.306 12.090 11.820 11.419 10.814 9.975 8.972 7.925 6.889 5.887 4.926 4.039 3.280 2.673 2.209 1.874 1.653 1.528 1.471 1.446 1.428 1.408 1.382 1.360 1.352 1.363 1.408 1.451 1.464 1.455 1.435 1.412 1.385 1.340 1.259 1.123 0.919 0.696 0.512 0.384 0.298 0.237 0.187 0.141 0.098 0.061 0.034 0.017 0.007 0.003 0.001 0.000 0.000 0.000 0.000 0.000 0.000 0.000 0.000 0.000 0.000 0.000 0.000 0.000 0.000 0.000
16.387 17.121 17.484 17.566 17.521 17.367 17.110 16.788 16.438 16.093 15.771 15.487 15.217 14.916 14.498 13.871 12.978 11.838 10.549 9.203 7.854 6.565 5.386 4.368 3.539 2.879 2.363 1.983 1.726 1.571 1.487 1.440 1.405 1.366 1.328 1.303 1.295 1.305 1.313 1.295 1.245 1.168 1.081 0.990 0.888 0.760 0.596 0.430 0.306 0.225 0.174 0.140 0.114 0.091 0.069 0.048 0.030 0.016 0.008 0.003 0.001 0.000 0.000 0.000 0.000 0.000 0.000 0.000 0.000 0.000 0.000 0.000 0.000 0.000 0.000 0.000 0.000
18.566 19.608 20.165 20.353 20.358 20.251 20.042 19.773 19.467 19.127 18.768 18.436 18.132 17.808 17.376 16.736 15.827 14.669 13.344 11.903 10.380 8.832 7.323 5.952 4.766 3.767 2.946 2.315 1.883 1.621 1.482 1.404 1.339 1.274 1.206 1.147 1.101 1.061 1.013 0.936 0.820 0.687 0.572 0.484 0.406 0.328 0.247 0.180 0.133 0.102 0.083 0.068 0.057 0.045 0.034 0.023 0.014 0.008 0.004 0.002 0.001 0.000 0.000 0.000 0.000 0.000 0.000 0.000 0.000 0.000 0.000 0.000 0.000 0.000 0.000 0.000 0.000
19.677 20.925 21.707 22.122 22.319 22.391 22.357 22.250 22.067 21.804 21.457 21.077 20.734 20.382 19.941 19.314 18.434 17.299 15.980 14.541 12.993 11.325 9.527 7.664 5.955 4.509 3.367 2.533 1.973 1.631 1.427 1.287 1.171 1.061 0.944 0.831 0.736 0.655 0.577 0.495 0.402 0.319 0.258 0.213 0.175 0.139 0.106 0.081 0.063 0.051 0.043 0.036 0.029 0.023 0.017 0.011 0.007 0.003 0.002 0.001 0.000 0.000 0.000 0.000 0.000 0.000 0.000 0.000 0.000 0.000 0.000 0.000 0.000 0.000 0.000 0.000 0.000
19.904 21.240 22.205 22.872 23.346 23.676 23.872 23.943 23.900 23.743 23.436 23.006 22.612 22.239 21.808 21.229 20.431 19.387 18.109 16.629 14.972 13.133 11.078 8.797 6.668 4.907 3.559 2.612 1.990 1.583 1.298 1.077 0.888 0.713 0.559 0.448 0.380 0.332 0.288 0.242 0.192 0.151 0.121 0.099 0.081 0.065 0.052 0.041 0.034 0.028 0.024 0.020 0.016 0.012 0.008 0.005 0.003 0.001 0.001 0.000 0.000 0.000 0.000 0.000 0.000 0.000 0.000 0.000 0.000 0.000 0.000 0.000 0.000 0.000 0.000 0.000 0.000
19.665 21.054 22.132 22.947 23.607 24.143 24.512 24.704 24.753 24.683 24.419 23.950 23.518 23.161 22.768 22.245 21.533 20.594 19.390 17.899 16.140 14.137 11.866 9.310 6.935 5.014 3.580 2.592 1.925 1.450 1.089 0.800 0.573 0.406 0.291 0.225 0.190 0.166 0.144 0.120 0.096 0.077 0.062 0.051 0.042 0.035 0.029 0.024 0.020 0.017 0.014 0.011 0.008 0.006 0.004 0.002 0.001 0.001 0.000 0.000 0.000 0.000 0.000 0.000 0.000 0.000 0.000 0.000 0.000 0.000 0.000 0.000 0.000 0.000 0.000 0.000 0.000
18.919 20.408 21.661 22.680 23.497 24.120 24.534 24.756 24.835 24.803 24.564 24.080 23.634 23.304 22.945 22.456 21.787 20.910 19.770 18.309 16.513 14.419 12.035 9.355 6.886 4.897 3.417 2.397 1.698 1.187 0.796 0.515 0.333 0.219 0.151 0.115 0.097 0.085 0.074 0.063 0.052 0.043 0.036 0.030 0.025 0.021 0.017 0.015 0.012 0.010 0.008 0.006 0.004 0.003 0.002 0.001 0.000 0.000 0.000 0.000 0.000 0.000 0.000 0.000 0.000 0.000 0.000 0.000 0.000 0.000 0.000 0.000 0.000 0.000 0.000 0.000 0.000
17.743 19.352 20.774 21.988 22.964 23.666 24.091 24.297 24.361 24.329 24.110 23.662 23.208 22.857 22.483 21.993 21.353 20.536 19.464 18.050 16.267 14.134 11.648 8.866 6.362 4.362 2.896 1.904 1.235 0.770 0.467 0.285 0.178 0.115 0.080 0.062 0.053 0.047 0.041 0.036 0.031 0.026 0.022 0.019 0.016 0.013 0.011 0.009 0.007 0.006 0.004 0.003 0.002 0.001 0.001 0.000 0.000 0.000 0.000 0.000 0.000 0.000 0.000 0.000 0.000 0.000 0.000 0.000 0.000 0.000 0.000 0.000 0.000 0.000 0.000 0.000 0.000
16.287 17.978 19.491 20.804 21.859 22.603 23.036 23.211 23.225 23.138 22.924 22.592 22.175 21.716 21.209 20.644 19.998 19.222 18.211 16.842 15.054 12.849 10.253 7.502 5.126 3.267 1.947 1.118 0.642 0.378 0.228 0.142 0.091 0.062 0.045 0.037 0.032 0.028 0.025 0.022 0.020 0.017 0.015 0.012 0.010 0.008 0.007 0.005 0.004 0.003 0.002 0.001 0.001 0.000 0.000 0.000 0.000 0.000 0.000 0.000 0.000 0.000 0.000 0.000 0.000 0.000 0.000 0.000 0.000 0.000 0.000 0.000 0.000 0.000 0.000 0.000 0.000
14.583 16.270 17.787 19.118 20.215 21.019 21.500 21.663 21.620 21.451 21.262 21.085 20.750 20.152 19.418 18.712 18.001 17.187 16.122 14.663 12.735 10.348 7.689 5.208 3.237 1.841 0.973 0.506 0.277 0.164 0.105 0.070 0.049 0.036 0.028 0.024 0.021 0.019 0.017 0.015 0.013 0.011 0.010 0.008 0.006 0.005 0.004 0.003 0.002 0.001 0.001 0.000 0.000 0.000 0.000 0.000 0.000 0.000 0.000 0.000 0.000 0.000 0.000 0.000 0.000 0.000 0.000 0.000 0.000 0.000 0.000 0.000 0.000 0.000 0.000 0.000 0.000
12.616 14.220 15.696 17.059 18.262 19.208 19.813 20.051 20.037 19.893 19.726 19.555 19.194 18.492 17.597 16.737 15.875 14.866 13.522 11.718 9.368 6.776 4.472 2.763 1.585 0.833 0.409 0.205 0.115 0.074 0.052 0.038 0.029 0.023 0.019 0.017 0.015 0.013 0.012 0.010 0.009 0.007 0.006 0.005 0.004 0.003 0.002 0.001 0.001 0.000 0.000 0.000 0.000 0.000 0.000 0.000 0.000 0.000 0.000 0.000 0.000 0.000 0.000 0.000 0.000 0.000 0.000 0.000 0.000 0.000 0.000 0.000 0.000 0.000 0.000 0.000 0.000
10.487 11.953 13.379 14.795 16.148 17.281 18.063 18.435 18.482 18.386 18.202 17.929 17.434 16.649 15.693 14.705 13.642 12.286 10.443 8.037 5.551 3.512 2.079 1.164 0.615 0.309 0.154 0.084 0.053 0.038 0.029 0.023 0.019 0.016 0.014 0.012 0.010 0.009 0.008 0.007 0.006 0.004 0.004 0.003 0.002 0.001 0.001 0.000 0.000 0.000 0.000 0.000 0.000 0.000 0.000 0.000 0.000 0.000 0.000 0.000 0.000 0.000 0.000 0.000 0.000 0.000 0.000 0.000 0.000 0.000 0.000 0.000 0.000 0.000 0.000 0.000 0.000
8.492 9.737 11.004 12.359 13.774 15.017 15.931 16.428 16.550 16.470 16.178 15.667 14.948 14.065 13.077 11.983 10.666 8.864 6.538 4.275 2.580 1.424 0.739 0.378 0.197 0.106 0.061 0.039 0.028 0.023 0.019 0.016 0.014 0.012 0.010 0.009 0.007 0.006 0.005 0.004 0.003 0.002 0.002 0.001 0.001 0.000 0.000 0.000 0.000 0.000 0.000 0.000 0.000 0.000 0.000 0.000 0.000 0.000 0.000 0.000 0.000 0.000 0.000 0.000 0.000 0.000 0.000 0.000 0.000 0.000 0.000 0.000 0.000 0.000 0.000 0.000 0.000
6.584 7.545 8.540 9.612 10.773 11.864 12.723 13.239 13.400 13.315 12.903 12.150 11.147 10.066 8.973 7.795 6.379 4.675 2.980 1.705 0.882 0.428 0.212 0.115 0.068 0.043 0.030 0.022 0.018 0.016 0.013 0.011 0.010 0.008 0.007 0.006 0.005 0.004 0.003 0.002 0.002 0.001 0.001 0.000 0.000 0.000 0.000 0.000 0.000 0.000 0.000 0.000 0.000 0.000 0.000 0.000 0.000 0.000 0.000 0.000 0.000 0.000 0.000 0.000 0.000 0.000 0.000 0.000 0.000 0.000 0.000 0.000 0.000 0.000 0.000 0.000 0.000
4.666 5.228 5.770 6.311 6.886 7.512 8.077 8.445 8.578 8.511 8.115 7.329 6.291 5.309 4.451 3.621 2.725 1.754 0.969 0.478 0.229 0.118 0.068 0.044 0.031 0.023 0.019 0.015 0.013 0.011 0.010 0.008 0.007 0.006 0.005 0.004 0.003 0.002 0.002 0.001 0.001 0.000 0.000 0.000 0.000 0.000 0.000 0.000 0.000 0.000 0.000 0.000 0.000 0.000 0.000 0.000 0.000 0.000 0.000 0.000 0.000 0.000 0.000 0.000 0.000 0.000 0.000 0.000 0.000 0.000 0.000 0.000 0.000 0.000 0.000 0.000 0.000
2.855 3.052 3.224 3.382 3.537 3.720 3.915 4.042 4.084 4.045 3.829 3.372 2.712 2.095 1.621 1.214 0.818 0.465 0.235 0.120 0.068 0.043 0.031 0.023 0.019 0.016 0.013 0.012 0.010 0.009 0.007 0.006 0.005 0.004 0.003 0.002 0.002 0.001 0.001 0.000 0.000 0.000 0.000 0.000 0.000 0.000 0.000 0.000 0.000 0.000 0.000 0.000 0.000 0.000 0.000 0.000 0.000 0.000 0.000 0.000 0.000 0.000 0.000 0.000 0.000 0.000 0.000 0.000 0.000 0.000 0.000 0.000 0.000 0.000 0.000 0.000 0.000
1.454 1.471 1.484 1.489 1.483 1.478 1.491 1.494 1.484 1.451 1.350 1.147 0.854 0.606 0.440 0.313 0.202 0.118 0.067 0.042 0.030 0.023 0.019 0.016 0.014 0.012 0.010 0.009 0.008 0.006 0.005 0.004 0.003 0.002 0.002 0.001 0.001 0.000 0.000 0.000 0.000 0.000 0.000 0.000 0.000 0.000 0.000 0.000 0.000 0.000 0.000 0.000 0.000 0.000 0.000 0.000 0.000 0.000 0.000 0.000 0.000 0.000 0.000 0.000 0.000 0.000 0.000 0.000 0.000 0.000 0.000 0.000 0.000 0.000 0.000 0.000 0.000
0.606 0.582 0.567 0.554 0.534 0.507 0.482 0.461 0.442 0.420 0.384 0.321 0.233 0.165 0.121 0.088 0.061 0.041 0.029 0.022 0.018 0.015 0.013 0.012 0.010 0.009 0.008 0.007 0.006 0.005 0.004 0.003 0.002 0.001 0.001 0.000 0.000 0.000 0.000 0.000 0.000 0.000 0.000 0.000 0.000 0.000 0.000 0.000 0.000 0.000 0.000 0.000 0.000 0.000 0.000 0.000 0.000 0.000 0.000 0.000 0.000 0.000 0.000 0.000 0.000 0.000 0.000 0.000 0.000 0.000 0.000 0.000 0.000 0.000 0.000 0.000 0.000
0.225 0.214 0.208 0.201 0.192 0.177 0.160 0.147 0.137 0.127 0.115 0.098 0.074 0.056 0.043 0.034 0.027 0.021 0.017 0.014 0.013 0.011 0.010 0.009 0.008 0.007 0.006 0.005 0.004 0.003 0.003 0.002 0.001 0.001 0.000 0.000 0.000 0.000 0.000 0.000 0.000 0.000 0.000 0.000 0.000 0.000 0.000 0.000 0.000 0.000 0.000 0.000 0.000 0.000 0.000 0.000 0.000 0.000 0.000 0.000 0.000 0.000 0.000 0.000 0.000 0.000 0.000 0.000 0.000 0.000 0.000 0.000 0.000 0.000 0.000 0.000 0.000
0.087 0.084 0.081 0.078 0.074 0.068 0.061 0.055 0.051 0.047 0.043 0.039 0.032 0.026 0.022 0.019 0.016 0.014 0.012 0.010 0.009 0.008 0.008 0.007 0.006 0.005 0.004 0.004 0.003 0.002 0.002 0.001 0.001 0.000 0.000 0.000 0.000 0.000 0.000 0.000 0.000 0.000 0.000 0.000 0.000 0.000 0.000 0.000 0.000 0.000 0.000 0.000 0.000 0.000 0.000 0.000 0.000 0.000 0.000 0.000 0.000 0.000 0.000 0.000 0.000 0.000 0.000 0.000 0.000 0.000 0.000 0.000 0.000 0.000 0.000 0.000 0.000
0.039 0.038 0.037 0.035 0.034 0.031 0.028 0.026 0.025 0.023 0.022 0.020 0.018 0.016 0.014 0.012 0.011 0.010 0.009 0.008 0.007 0.006 0.006 0.005 0.004 0.004 0.003 0.003 0.002 0.002 0.001 0.001 0.000 0.000 0.000 0.000 0.000 0.000 0.000 0.000 0.000 0.000 0.000 0.000 0.000 0.000 0.000 0.000 0.000 0.000 0.000 0.000 0.000 0.000 0.000 0.000 0.000 0.000 0.000 0.000 0.000 0.000 0.000 0.000 0.000 0.000 0.000 0.000 0.000 0.000 0.000 0.000 0.000 0.000 0.000 0.000 0.000
0.021 0.021 0.020 0.019 0.019 0.018 0.016 0.015 0.015 0.014 0.014 0.013 0.012 0.011 0.010 0.008 0.008 0.007 0.006 0.005 0.005 0.004 0.004 0.003 0.003 0.002 0.002 0.002 0.001 0.001 0.001 0.001 0.000 0.000 0.000 0.000 0.000 0.000 0.000 0.000 0.000 0.000 0.000 0.000 0.000 0.000 0.000 0.000 0.000 0.000 0.000 0.000 0.000 0.000 0.000 0.000 0.000 0.000 0.000 0.000 0.000 0.000 0.000 0.000 0.000 0.000 0.000 0.000 0.000 0.000 0.000 0.000 0.000 0.000 0.000 0.000 0.000
0.013 0.013 0.013 0.012 0.012 0.011 0.011 0.010 0.010 0.010 0.009 0.009 0.008 0.007 0.007 0.006 0.005 0.005 0.004 0.004 0.003 0.003 0.002 0.002 0.002 0.002 0.001 0.001 0.001 0.001 0.001 0.001 0.000 0.000 0.000 0.000 0.000 0.000 0.000 0.000 0.000 0.000 0.000 0.000 0.000 0.000 0.000 0.000 0.000 0.000 0.000 0.000 0.000 0.000 0.000 0.000 0.000 0.000 0.000 0.000 0.000 0.000 0.000 0.000 0.000 0.000 0.000 0.000 0.000 0.000 0.000 0.000 0.000 0.000 0.000 0.000 0.000
0.009 0.009 0.008 0.008 0.008 0.008 0.008 0.007 0.007 0.007 0.006 0.006 0.006 0.005 0.005 0.004 0.004 0.003 0.003 0.002 0.002 0.002 0.002 0.001 0.001 0.001 0.001 0.001 0.001 0.001 0.001 0.000 0.000 0.000 0.000 0.000 0.000 0.000 0.000 0.000 0.000 0.000 0.000 0.000 0.000 0.000 0.000 0.000 0.000 0.000 0.000 0.000 0.000 0.000 0.000 0.000 0.000 0.000 0.000 0.000 0.000 0.000 0.000 0.000 0.000 0.000 0.000 0.000 0.000 0.000 0.000 0.000 0.000 0.000 0.000 0.000 0.000
0.006 0.006 0.006 0.006 0.006 0.006 0.005 0.005 0.005 0.005 0.005 0.004 0.004 0.004 0.003 0.003 0.002 0.002 0.002 0.001 0.001 0.001 0.001 0.001 0.001 0.001 0.001 0.001 0.001 0.001 0.001 0.000 0.000 0.000 0.000 0.000 0.000 0.000 0.000 0.000 0.000 0.000 0.000 0.000 0.000 0.000 0.000 0.000 0.000 0.000 0.000 0.000 0.000 0.000 0.000 0.000 0.000 0.000 0.000 0.000 0.000 0.000 0.000 0.000 0.000 0.000 0.000 0.000 0.000 0.000 0.000 0.000 0.000 0.000 0.000 0.000 0.000
0.004 0.004 0.004 0.004 0.004 0.004 0.004 0.004 0.004 0.003 0.003 0.003 0.003 0.002 0.002 0.002 0.002 0.001 0.001 0.001 0.001 0.001 0.001 0.001 0.001 0.001 0.002 0.001 0.001 0.001 0.001 0.000 0.000 0.000 0.000 0.000 0.000 0.000 0.000 0.000 0.000 0.000 0.000 0.000 0.000 0.000 0.000 0.000 0.000 0.000 0.000 0.000 0.000 0.000 0.000 0.000 0.000 0.000 0.000 0.000 0.000 0.000 0.000 0.000 0.000 0.000 0.000 0.000 0.000 0.000 0.000 0.000 0.000 0.000 0.000 0.000 0.000
0.003 0.003 0.003 0.003 0.003 0.003 0.003 0.003 0.002 0.002 0.002 0.002 0.002 0.002 0.002 0.001 0.001 0.001 0.001 0.001 0.001 0.001 0.002 0.002 0.002 0.002 0.002 0.002 0.001 0.001 0.001 0.000 0.000 0.000 0.000 0.000 0.000 0.000 0.000 0.000 0.000 0.000 0.000 0.000 0.000 0.000 0.000 0.000 0.000 0.000 0.000 0.000 0.000 0.000 0.000 0.000 0.000 0.000 0.000 0.000 0.000 0.000 0.000 0.000 0.000 0.000 0.000 0.000 0.000 0.000 0.000 0.000 0.000 0.000 0.000 0.000 0.000
0.002 0.002 0.002 0.002 0.002 0.002 0.002 0.002 0.002 0.002 0.002 0.002 0.002 0.001 0.001 0.001 0.001 0.001 0.001 0.002 0.002 0.002 0.002 0.002 0.002 0.002 0.002 0.001 0.001 0.001 0.000 0.000 0.000 0.000 0.000 0.000 0.000 0.000 0.000 0.000 0.000 0.000 0.000 0.000 0.000 0.000 0.000 0.000 0.000 0.000 0.000 0.000 0.000 0.000 0.000 0.000 0.000 0.000 0.000 0.000 0.000 0.000 0.000 0.000 0.000 0.000 0.000 0.000 0.000 0.000 0.000 0.000 0.000 0.000 0.000 0.000 0.000
0.001 0.001 0.001 0.001 0.001 0.001 0.001 0.001 0.001 0.001 0.001 0.001 0.001 0.001 0.001 0.001 0.001 0.001 0.002 0.002 0.002 0.002 0.002 0.002 0.002 0.002 0.002 0.001 0.001 0.001 0.000 0.000 0.000 0.000 0.000 0.000 0.000 0.000 0.000 0.000 0.000 0.000 0.000 0.000 0.000 0.000 0.000 0.000 0.000 0.000 0.000 0.000 0.000 0.000 0.000 0.000 0.000 0.000 0.000 0.000 0.000 0.000 0.000 0.000 0.000 0.000 0.000 0.000 0.000 0.000 0.000 0.000 0.000 0.000 0.000 0.000 0.000
0.001 0.001 0.001 0.001 0.001 0.001 0.001 0.001 0.001 0.001 0.001 0.001 0.001 0.001 0.001 0.001 0.001 0.001 0.002 0.002 0.002 0.002 0.002 0.002 0.002 0.002 0.001 0.001 0.001 0.000 0.000 0.000 0.000 0.000 0.000 0.000 0.000 0.000 0.000 0.000 0.000 0.000 0.000 0.000 0.000 0.000 0.000 0.000 0.000 0.000 0.000 0.000 0.000 0.000 0.000 0.000 0.000 0.000 0.000 0.000 0.000 0.000 0.000 0.000 0.000 0.000 0.000 0.000 0.000 0.000 0.000 0.000 0.000 0.000 0.000 0.000 0.000
0.000 0.000 0.000 0.001 0.001 0.001 0.001 0.001 0.001 0.001 0.001 0.001 0.001 0.001 0.001 0.001 0.001 0.001 0.001 0.002 0.002 0.002 0.002 0.002 0.001 0.001 0.001 0.001 0.000 0.000 0.000 0.000 0.000 0.000 0.000 0.000 0.000 0.000 0.000 0.000 0.000 0.000 0.000 0.000 0.000 0.000 0.000 0.000 0.000 0.000 0.000 0.000 0.000 0.000 0.000 0.000 0.000 0.000 0.000 0.000 0.000 0.000 0.000 0.000 0.000 0.000 0.000 0.000 0.000 0.000 0.000 0.000 0.000 0.000 0.000 0.000 0.000
0.000 0.000 0.000 0.000 0.000 0.000 0.000 0.000 0.000 0.000 0.000 0.000 0.000 0.000 0.001 0.001 0.001 0.001 0.001 0.001 0.001 0.001 0.001 0.001 0.001 0.001 0.001 0.000 0.000 0.000 0.000 0.000 0.000 0.000 0.000 0.000 0.000 0.000 0.000 0.000 0.000 0.000 0.000 0.000 0.000 0.000 0.000 0.000 0.000 0.000 0.000 0.000 0.000 0.000 0.000 0.000 0.000 0.000 0.000 0.000 0.000 0.000 0.000 0.000 0.000 0.000 0.000 0.000 0.000 0.000 0.000 0.000 0.000 0.000 0.000 0.000 0.000
0.000 0.000 0.000 0.000 0.000 0.000 0.000 0.000 0.000 0.000 0.000 0.000 0.000 0.000 0.000 0.000 0.001 0.001 0.001 0.001 0.001 0.001 0.001 0.001 0.001 0.000 0.000 0.000 0.000 0.000 0.000 0.000 0.000 0.000 0.000 0.000 0.000 0.000 0.000 0.000 0.000 0.000 0.000 0.000 0.000 0.000 0.000 0.000 0.000 0.000 0.000 0.000 0.000 0.000 0.000 0.000 0.000 0.000 0.000 0.000 0.000 0.000 0.000 0.000 0.000 0.000 0.000 0.000 0.000 0.000 0.000 0.000 0.000 0.000 0.000 0.000 0.000
