RESULTS/r.avaflow_results/11_results/11_ascii/11_hflow10043.asc
ncols 506
nrows 317
xllcenter 498237.50
yllcenter 5580050.00
cellsize 12.50
NODATA_value -9999.000
[rows 170 to 203 of 317, columns 77 to 153 of 506]
0.000 0.000 0.000 0.000 0.000 0.000 0.000 0.000 0.000 0.000 0.001 0.003 0.005 0.009 0.014 0.021 0.028 0.034 0.038 0.043 0.048 0.057 0.074 0.109 0.161 0.203 0.219 0.220 0.216 0.207 0.193 0.173 0.147 0.117 0.092 0.074 0.061 0.054 0.050 0.050 0.053 0.066 0.103 0.195 0.386 0.686 1.060 1.474 1.935 2.502 3.273 4.344 5.492 6.350 6.804 6.941 6.943 6.917 6.888 6.829 6.734 6.539 6.192 5.684 5.046 4.364 3.773 3.266 2.822 2.433 2.097 1.812 1.573 1.369 1.195 1.046 0.918
0.000 0.000 0.000 0.000 0.000 0.000 0.000 0.000 0.001 0.002 0.004 0.008 0.014 0.023 0.035 0.049 0.062 0.073 0.084 0.095 0.107 0.125 0.159 0.210 0.264 0.293 0.299 0.295 0.285 0.270 0.248 0.219 0.181 0.142 0.112 0.092 0.080 0.074 0.073 0.077 0.093 0.139 0.252 0.499 0.919 1.468 2.069 2.696 3.397 4.236 5.196 6.164 6.916 7.354 7.485 7.432 7.307 7.190 7.086 6.962 6.811 6.567 6.190 5.673 5.033 4.353 3.759 3.245 2.800 2.419 2.098 1.828 1.601 1.409 1.244 1.103 0.982
0.000 0.000 0.000 0.000 0.000 0.000 0.000 0.001 0.002 0.006 0.011 0.019 0.031 0.048 0.069 0.091 0.113 0.135 0.156 0.177 0.201 0.236 0.290 0.347 0.382 0.391 0.388 0.379 0.363 0.341 0.310 0.270 0.218 0.170 0.136 0.115 0.105 0.102 0.106 0.125 0.181 0.319 0.617 1.143 1.880 2.697 3.504 4.334 5.214 6.078 6.841 7.431 7.780 7.886 7.810 7.635 7.439 7.269 7.115 6.959 6.777 6.509 6.125 5.614 4.984 4.312 3.722 3.212 2.777 2.409 2.101 1.842 1.623 1.437 1.280 1.145 1.028
0.000 0.000 0.000 0.000 0.000 0.000 0.000 0.002 0.005 0.011 0.020 0.033 0.052 0.077 0.107 0.141 0.178 0.216 0.252 0.288 0.330 0.384 0.443 0.481 0.493 0.492 0.485 0.471 0.450 0.420 0.379 0.326 0.260 0.202 0.164 0.143 0.137 0.139 0.156 0.216 0.373 0.719 1.342 2.261 3.332 4.342 5.249 6.070 6.809 7.453 7.944 8.218 8.285 8.189 7.972 7.703 7.468 7.267 7.083 6.890 6.667 6.376 5.990 5.492 4.887 4.237 3.663 3.171 2.754 2.400 2.102 1.849 1.635 1.454 1.301 1.170 1.056
0.000 0.000 0.000 0.000 0.000 0.000 0.000 0.002 0.007 0.014 0.026 0.042 0.065 0.095 0.134 0.181 0.237 0.302 0.365 0.421 0.477 0.533 0.575 0.596 0.600 0.598 0.589 0.572 0.545 0.507 0.457 0.391 0.309 0.241 0.198 0.179 0.175 0.186 0.235 0.379 0.732 1.429 2.533 3.892 5.133 6.094 6.844 7.465 7.977 8.367 8.604 8.668 8.585 8.361 8.032 7.716 7.464 7.231 7.003 6.764 6.498 6.179 5.787 5.307 4.737 4.128 3.588 3.124 2.728 2.389 2.098 1.850 1.640 1.463 1.311 1.183 1.070
0.000 0.000 0.000 0.000 0.000 0.000 0.000 0.002 0.008 0.016 0.029 0.047 0.072 0.107 0.151 0.209 0.281 0.370 0.469 0.550 0.615 0.666 0.697 0.710 0.712 0.710 0.700 0.682 0.651 0.606 0.545 0.466 0.368 0.289 0.239 0.219 0.218 0.240 0.331 0.601 1.243 2.410 4.071 5.630 6.754 7.545 8.094 8.491 8.779 8.952 9.006 8.941 8.751 8.434 8.041 7.699 7.414 7.145 6.874 6.594 6.283 5.935 5.534 5.068 4.539 3.989 3.497 3.066 2.693 2.369 2.087 1.846 1.639 1.464 1.316 1.187 1.074
0.000 0.000 0.000 0.000 0.000 0.000 0.000 0.002 0.008 0.016 0.029 0.048 0.075 0.112 0.161 0.225 0.307 0.413 0.545 0.663 0.743 0.795 0.823 0.833 0.835 0.832 0.823 0.803 0.768 0.717 0.647 0.555 0.441 0.346 0.286 0.260 0.258 0.284 0.395 0.742 1.604 3.184 5.328 6.985 8.037 8.671 9.020 9.219 9.329 9.359 9.293 9.116 8.827 8.450 8.028 7.646 7.310 7.003 6.699 6.383 6.037 5.658 5.243 4.790 4.306 3.824 3.384 2.990 2.640 2.333 2.063 1.831 1.631 1.460 1.313 1.186 1.074
0.000 0.000 0.000 0.000 0.000 0.000 0.000 0.002 0.008 0.016 0.029 0.048 0.075 0.113 0.165 0.232 0.319 0.434 0.585 0.751 0.866 0.929 0.961 0.972 0.974 0.972 0.962 0.940 0.902 0.844 0.765 0.661 0.531 0.415 0.337 0.301 0.295 0.317 0.429 0.795 1.765 3.638 6.187 7.998 9.014 9.495 9.682 9.744 9.743 9.668 9.490 9.208 8.846 8.434 7.992 7.566 7.178 6.827 6.489 6.137 5.763 5.355 4.923 4.486 4.052 3.636 3.245 2.887 2.564 2.275 2.022 1.801 1.609 1.445 1.303 1.179 1.070
0.000 0.000 0.000 0.000 0.000 0.000 0.000 0.002 0.007 0.015 0.028 0.046 0.074 0.113 0.165 0.232 0.321 0.439 0.597 0.800 0.978 1.076 1.119 1.134 1.137 1.135 1.123 1.098 1.054 0.990 0.901 0.786 0.640 0.497 0.395 0.342 0.327 0.343 0.444 0.802 1.792 3.818 6.698 8.711 9.715 10.073 10.149 10.135 10.053 9.869 9.592 9.237 8.830 8.394 7.933 7.478 7.055 6.661 6.278 5.883 5.469 5.035 4.601 4.186 3.794 3.427 3.082 2.759 2.463 2.197 1.961 1.754 1.574 1.419 1.285 1.166 1.061
0.000 0.000 0.000 0.000 0.000 0.000 0.000 0.002 0.006 0.012 0.023 0.041 0.068 0.107 0.160 0.228 0.318 0.436 0.595 0.808 1.054 1.232 1.307 1.327 1.331 1.327 1.312 1.281 1.230 1.156 1.057 0.930 0.769 0.596 0.463 0.385 0.358 0.365 0.451 0.786 1.757 3.826 6.906 9.145 10.180 10.456 10.468 10.398 10.231 9.964 9.623 9.227 8.791 8.334 7.862 7.393 6.946 6.519 6.097 5.662 5.204 4.750 4.319 3.918 3.549 3.210 2.897 2.609 2.343 2.101 1.885 1.695 1.529 1.386 1.260 1.149 1.050
0.000 0.000 0.000 0.000 0.000 0.000 0.000 0.001 0.003 0.008 0.016 0.030 0.053 0.090 0.140 0.209 0.298 0.415 0.573 0.788 1.068 1.346 1.511 1.559 1.561 1.553 1.533 1.494 1.432 1.347 1.236 1.095 0.920 0.715 0.544 0.435 0.389 0.386 0.451 0.745 1.659 3.730 6.899 9.315 10.446 10.697 10.664 10.532 10.301 9.987 9.610 9.184 8.725 8.257 7.786 7.314 6.851 6.398 5.947 5.479 4.988 4.519 4.085 3.689 3.332 3.007 2.714 2.448 2.208 1.993 1.799 1.628 1.479 1.348 1.231 1.127 1.034
0.000 0.000 0.000 0.000 0.000 0.000 0.000 0.000 0.001 0.004 0.008 0.016 0.031 0.058 0.100 0.160 0.241 0.349 0.496 0.706 1.004 1.369 1.655 1.786 1.808 1.803 1.781 1.736 1.663 1.564 1.439 1.284 1.093 0.861 0.648 0.500 0.425 0.409 0.448 0.681 1.490 3.475 6.691 9.286 10.533 10.809 10.746 10.567 10.303 9.964 9.556 9.099 8.629 8.165 7.702 7.237 6.769 6.300 5.829 5.338 4.829 4.345 3.903 3.505 3.149 2.833 2.552 2.302 2.080 1.884 1.710 1.556 1.422 1.304 1.198 1.103 1.016
0.000 0.000 0.000 0.000 0.000 0.000 0.000 0.000 0.001 0.001 0.003 0.006 0.013 0.026 0.049 0.086 0.142 0.221 0.338 0.523 0.821 1.262 1.699 1.947 2.021 2.024 2.010 1.971 1.905 1.804 1.667 1.498 1.292 1.041 0.785 0.592 0.478 0.441 0.459 0.620 1.269 3.059 6.224 9.038 10.457 10.814 10.751 10.547 10.250 9.874 9.425 8.953 8.494 8.049 7.605 7.157 6.695 6.221 5.740 5.239 4.717 4.224 3.774 3.369 3.010 2.694 2.417 2.176 1.965 1.782 1.622 1.484 1.363 1.256 1.160 1.073 0.994
0.000 0.000 0.000 0.000 0.000 0.000 0.000 0.000 0.000 0.000 0.001 0.002 0.005 0.009 0.018 0.034 0.059 0.097 0.160 0.281 0.532 1.003 1.609 2.016 2.180 2.207 2.201 2.175 2.124 2.039 1.912 1.740 1.524 1.261 0.968 0.726 0.568 0.497 0.493 0.596 1.075 2.572 5.540 8.526 10.131 10.638 10.628 10.432 10.102 9.683 9.196 8.729 8.304 7.894 7.487 7.066 6.627 6.163 5.681 5.175 4.648 4.151 3.693 3.281 2.914 2.592 2.312 2.070 1.862 1.685 1.534 1.408 1.298 1.202 1.116 1.039 0.969
0.000 0.000 0.000 0.000 0.000 0.000 0.000 0.000 0.000 0.000 0.000 0.001 0.001 0.003 0.006 0.011 0.020 0.035 0.061 0.121 0.279 0.672 1.362 1.965 2.259 2.347 2.358 2.347 2.314 2.253 2.152 1.999 1.790 1.524 1.208 0.918 0.711 0.600 0.572 0.632 0.980 2.158 4.725 7.738 9.492 10.157 10.240 10.113 9.801 9.360 8.841 8.384 8.017 7.677 7.328 6.954 6.551 6.112 5.640 5.139 4.611 4.113 3.653 3.233 2.856 2.523 2.232 1.982 1.770 1.593 1.445 1.325 1.225 1.141 1.068 1.003 0.943
0.000 0.000 0.000 0.000 0.000 0.000 0.000 0.000 0.000 0.000 0.000 0.000 0.000 0.001 0.002 0.003 0.006 0.012 0.022 0.049 0.132 0.390 0.993 1.770 2.241 2.427 2.482 2.490 2.477 2.440 2.369 2.251 2.075 1.830 1.514 1.181 0.929 0.776 0.722 0.746 0.993 1.886 3.907 6.710 8.563 9.371 9.547 9.494 9.262 8.862 8.340 7.873 7.549 7.300 7.055 6.783 6.455 6.060 5.610 5.118 4.594 4.099 3.639 3.213 2.825 2.478 2.173 1.909 1.687 1.503 1.353 1.234 1.141 1.070 1.012 0.960 0.912
0.000 0.000 0.000 0.000 0.000 0.000 0.000 0.000 0.000 0.000 0.000 0.000 0.000 0.000 0.001 0.001 0.002 0.005 0.009 0.022 0.064 0.209 0.626 1.398 2.095 2.442 2.564 2.605 2.612 2.598 2.556 2.473 2.338 2.141 1.865 1.525 1.237 1.050 0.965 0.960 1.113 1.768 3.304 5.640 7.409 8.299 8.555 8.556 8.432 8.142 7.679 7.176 6.852 6.692 6.581 6.458 6.277 5.978 5.570 5.096 4.587 4.098 3.639 3.210 2.812 2.451 2.129 1.848 1.611 1.415 1.257 1.134 1.044 0.982 0.936 0.893 0.842
0.000 0.000 0.000 0.000 0.000 0.000 0.000 0.000 0.000 0.000 0.000 0.000 0.000 0.000 0.000 0.001 0.001 0.003 0.006 0.014 0.036 0.112 0.357 0.946 1.768 2.343 2.595 2.688 2.723 2.727 2.709 2.656 2.558 2.404 2.181 1.887 1.610 1.418 1.314 1.287 1.361 1.806 2.927 4.752 6.299 7.097 7.358 7.396 7.361 7.203 6.869 6.392 6.031 5.901 5.905 5.933 5.908 5.771 5.470 5.051 4.577 4.104 3.653 3.220 2.809 2.433 2.094 1.797 1.542 1.329 1.159 1.027 0.930 0.859 0.800 0.737 0.655
0.000 0.000 0.000 0.000 0.000 0.000 0.000 0.000 0.000 0.000 0.000 0.000 0.000 0.000 0.000 0.000 0.001 0.003 0.006 0.013 0.028 0.069 0.198 0.558 1.285 2.083 2.532 2.724 2.804 2.831 2.828 2.800 2.731 2.611 2.426 2.175 1.922 1.749 1.654 1.625 1.660 1.932 2.693 4.060 5.377 6.080 6.334 6.390 6.383 6.302 6.103 5.757 5.390 5.189 5.160 5.237 5.333 5.334 5.202 4.915 4.528 4.096 3.663 3.230 2.808 2.416 2.062 1.749 1.475 1.244 1.055 0.903 0.776 0.663 0.555 0.451 0.346
0.000 0.000 0.000 0.000 0.000 0.000 0.000 0.000 0.000 0.000 0.000 0.000 0.000 0.000 0.000 0.001 0.002 0.004 0.008 0.015 0.028 0.057 0.128 0.330 0.820 1.634 2.323 2.680 2.838 2.901 2.916 2.905 2.859 2.762 2.605 2.384 2.148 1.978 1.881 1.846 1.857 2.017 2.521 3.506 4.617 5.262 5.519 5.592 5.600 5.565 5.450 5.224 4.911 4.654 4.531 4.520 4.604 4.677 4.670 4.550 4.300 3.954 3.560 3.141 2.726 2.338 1.986 1.669 1.383 1.128 0.906 0.714 0.542 0.395 0.283 0.200 0.137
0.000 0.000 0.000 0.000 0.000 0.000 0.000 0.000 0.000 0.000 0.000 0.000 0.000 0.000 0.000 0.001 0.004 0.007 0.012 0.021 0.035 0.060 0.110 0.227 0.531 1.144 1.926 2.493 2.791 2.926 2.972 2.973 2.942 2.860 2.722 2.523 2.298 2.124 2.012 1.959 1.952 2.033 2.354 3.031 3.948 4.568 4.849 4.946 4.965 4.951 4.887 4.738 4.499 4.234 4.041 3.930 3.882 3.890 3.896 3.864 3.734 3.493 3.161 2.776 2.395 2.042 1.717 1.419 1.140 0.877 0.636 0.432 0.282 0.183 0.119 0.078 0.051
0.000 0.000 0.000 0.000 0.000 0.000 0.000 0.000 0.000 0.000 0.000 0.000 0.000 0.000 0.001 0.003 0.007 0.013 0.021 0.033 0.050 0.074 0.117 0.202 0.395 0.797 1.444 2.132 2.611 2.873 2.983 3.005 2.984 2.910 2.782 2.600 2.388 2.212 2.081 2.000 1.972 1.998 2.169 2.598 3.306 3.925 4.256 4.392 4.429 4.426 4.387 4.279 4.092 3.846 3.615 3.425 3.269 3.141 3.029 2.931 2.820 2.649 2.389 2.056 1.722 1.424 1.153 0.905 0.677 0.472 0.307 0.191 0.116 0.072 0.046 0.030 0.020
0.000 0.000 0.000 0.000 0.000 0.000 0.000 0.000 0.000 0.000 0.000 0.000 0.000 0.001 0.003 0.006 0.013 0.022 0.036 0.055 0.078 0.107 0.148 0.218 0.361 0.634 1.083 1.699 2.295 2.706 2.924 3.000 2.993 2.924 2.799 2.629 2.432 2.258 2.114 2.007 1.940 1.910 1.959 2.188 2.679 3.286 3.685 3.881 3.948 3.952 3.921 3.831 3.674 3.455 3.199 2.947 2.710 2.484 2.264 2.052 1.848 1.642 1.412 1.157 0.916 0.711 0.538 0.393 0.274 0.180 0.112 0.068 0.041 0.027 0.018 0.012 0.008
0.000 0.000 0.000 0.000 0.000 0.000 0.000 0.000 0.000 0.000 0.000 0.000 0.000 0.001 0.004 0.010 0.020 0.036 0.058 0.087 0.123 0.164 0.211 0.275 0.388 0.594 0.918 1.377 1.940 2.439 2.768 2.925 2.956 2.908 2.792 2.631 2.446 2.275 2.123 1.986 1.852 1.749 1.714 1.793 2.085 2.603 3.087 3.366 3.481 3.495 3.468 3.388 3.248 3.041 2.772 2.465 2.155 1.858 1.581 1.330 1.107 0.907 0.722 0.552 0.407 0.292 0.204 0.139 0.092 0.058 0.037 0.023 0.015 0.011 0.008 0.005 0.004
0.000 0.000 0.000 0.000 0.000 0.000 0.000 0.000 0.000 0.000 0.000 0.000 0.000 0.001 0.005 0.012 0.026 0.051 0.086 0.133 0.190 0.249 0.310 0.377 0.471 0.630 0.881 1.227 1.674 2.155 2.531 2.759 2.838 2.825 2.744 2.609 2.443 2.274 2.112 1.941 1.741 1.554 1.450 1.445 1.567 1.888 2.359 2.742 2.936 2.994 2.985 2.920 2.783 2.561 2.250 1.880 1.520 1.204 0.950 0.745 0.576 0.438 0.325 0.234 0.163 0.109 0.072 0.046 0.030 0.019 0.013 0.009 0.006 0.005 0.004 0.003 0.002
0.000 0.000 0.000 0.000 0.000 0.000 0.000 0.000 0.000 0.000 0.000 0.000 0.000 0.001 0.004 0.012 0.028 0.061 0.118 0.197 0.287 0.368 0.445 0.522 0.609 0.732 0.921 1.186 1.522 1.915 2.266 2.513 2.636 2.655 2.620 2.533 2.405 2.249 2.079 1.886 1.657 1.417 1.240 1.158 1.165 1.282 1.548 1.887 2.141 2.263 2.288 2.248 2.110 1.849 1.477 1.105 0.820 0.611 0.454 0.335 0.245 0.179 0.129 0.091 0.061 0.039 0.025 0.016 0.010 0.007 0.005 0.004 0.003 0.003 0.002 0.002 0.001
0.000 0.000 0.000 0.000 0.000 0.000 0.000 0.000 0.000 0.000 0.000 0.000 0.000 0.001 0.004 0.010 0.027 0.064 0.142 0.273 0.423 0.531 0.621 0.704 0.791 0.892 1.022 1.203 1.439 1.726 2.011 2.231 2.367 2.416 2.416 2.381 2.301 2.176 2.015 1.820 1.587 1.324 1.101 0.951 0.878 0.867 0.935 1.075 1.208 1.282 1.303 1.279 1.170 0.966 0.700 0.485 0.335 0.233 0.162 0.116 0.085 0.063 0.046 0.032 0.021 0.014 0.009 0.006 0.004 0.003 0.002 0.002 0.002 0.002 0.001 0.001 0.001
0.000 0.000 0.000 0.000 0.000 0.000 0.000 0.000 0.000 0.000 0.000 0.000 0.000 0.001 0.002 0.008 0.022 0.060 0.149 0.326 0.575 0.748 0.845 0.920 0.987 1.054 1.131 1.232 1.374 1.564 1.774 1.947 2.069 2.135 2.157 2.155 2.121 2.039 1.909 1.732 1.512 1.253 1.009 0.821 0.691 0.609 0.570 0.567 0.580 0.583 0.575 0.549 0.488 0.380 0.253 0.162 0.105 0.069 0.048 0.035 0.027 0.020 0.015 0.011 0.007 0.005 0.003 0.002 0.002 0.002 0.001 0.001 0.001 0.001 0.001 0.001 0.001
0.000 0.000 0.000 0.000 0.000 0.000 0.000 0.000 0.000 0.000 0.000 0.000 0.000 0.001 0.002 0.005 0.017 0.051 0.141 0.338 0.669 0.947 1.073 1.124 1.152 1.174 1.199 1.241 1.312 1.419 1.550 1.668 1.762 1.827 1.863 1.877 1.872 1.833 1.747 1.608 1.420 1.187 0.939 0.732 0.574 0.455 0.370 0.311 0.270 0.240 0.217 0.193 0.162 0.119 0.076 0.047 0.030 0.019 0.013 0.010 0.008 0.006 0.004 0.003 0.002 0.002 0.001 0.001 0.001 0.001 0.001 0.001 0.001 0.001 0.001 0.001 0.001
0.000 0.000 0.000 0.000 0.000 0.000 0.000 0.000 0.000 0.000 0.000 0.000 0.001 0.001 0.002 0.005 0.013 0.039 0.118 0.317 0.682 1.052 1.236 1.284 1.283 1.260 1.232 1.226 1.245 1.287 1.347 1.406 1.455 1.498 1.535 1.563 1.576 1.568 1.528 1.439 1.298 1.107 0.876 0.659 0.487 0.354 0.255 0.185 0.136 0.105 0.083 0.066 0.050 0.034 0.021 0.013 0.008 0.005 0.003 0.003 0.002 0.002 0.001 0.001 0.001 0.001 0.001 0.001 0.001 0.001 0.001 0.001 0.001 0.001 0.001 0.001 0.001
0.001 0.001 0.002 0.002 0.002 0.002 0.002 0.002 0.002 0.002 0.002 0.002 0.002 0.003 0.004 0.006 0.012 0.027 0.081 0.247 0.609 1.053 1.303 1.377 1.367 1.314 1.240 1.193 1.168 1.159 1.163 1.167 1.166 1.165 1.180 1.209 1.240 1.257 1.251 1.213 1.129 0.993 0.802 0.586 0.407 0.273 0.178 0.115 0.074 0.049 0.033 0.023 0.015 0.010 0.006 0.003 0.002 0.001 0.001 0.001 0.001 0.001 0.000 0.000 0.000 0.001 0.001 0.001 0.001 0.001 0.001 0.001 0.001 0.001 0.001 0.001 0.001
0.003 0.004 0.004 0.004 0.004 0.004 0.004 0.004 0.003 0.003 0.004 0.004 0.005 0.007 0.008 0.011 0.014 0.023 0.047 0.137 0.410 0.879 1.242 1.384 1.389 1.331 1.230 1.140 1.075 1.028 0.989 0.950 0.906 0.863 0.836 0.830 0.847 0.874 0.892 0.894 0.869 0.799 0.673 0.493 0.321 0.199 0.119 0.070 0.041 0.024 0.014 0.008 0.005 0.003 0.002 0.001 0.001 0.000 0.000 0.000 0.000 0.000 0.000 0.000 0.000 0.001 0.001 0.001 0.001 0.001 0.000 0.000 0.000 0.000 0.000 0.000 0.000
0.006 0.006 0.007 0.006 0.006 0.005 0.005 0.005 0.005 0.005 0.006 0.007 0.009 0.011 0.013 0.015 0.018 0.024 0.038 0.072 0.184 0.492 0.919 1.212 1.306 1.284 1.189 1.067 0.967 0.888 0.818 0.748 0.675 0.603 0.545 0.511 0.501 0.505 0.511 0.513 0.512 0.497 0.447 0.345 0.217 0.126 0.071 0.040 0.022 0.011 0.006 0.003 0.002 0.001 0.001 0.000 0.000 0.000 0.000 0.000 0.000 0.000 0.000 0.000 0.000 0.000 0.001 0.001 0.001 0.001 0.000 0.000 0.000 0.000 0.000 0.000 0.000
0.009 0.009 0.009 0.008 0.007 0.006 0.006 0.006 0.006 0.007 0.008 0.010 0.011 0.013 0.014 0.016 0.020 0.026 0.040 0.064 0.100 0.193 0.425 0.733 0.967 1.052 1.027 0.941 0.835 0.737 0.643 0.552 0.466 0.389 0.325 0.282 0.258 0.248 0.243 0.240 0.238 0.233 0.217 0.178 0.116 0.067 0.037 0.020 0.011 0.005 0.002 0.001 0.001 0.001 0.000 0.000 0.000 0.000 0.000 0.000 0.000 0.000 0.000 0.000 0.000 0.000 0.001 0.001 0.001 0.000 0.000 0.000 0.000 0.000 0.000 0.000 0.000
