RESULTS/r.avaflow_results/11_results/11_ascii/11_hflow0016.asc
ncols 506
nrows 317
xllcenter 498237.50
yllcenter 5580050.00
cellsize 12.50
NODATA_value -9999.000
[rows 170 to 203 of 317, columns 154 to 230 of 506]
9.325 9.295 9.294 9.302 9.303 9.308 9.321 9.347 9.392 9.465 9.532 9.551 9.519 9.400 9.106 8.585 7.842 6.933 5.934 4.908 3.905 2.970 2.187 1.594 1.174 0.902 0.751 0.684 0.666 0.671 0.715 0.829 1.014 1.199 1.350 1.487 1.622 1.727 1.780 1.790 1.761 1.699 1.613 1.512 1.387 1.222 0.994 0.697 0.424 0.230 0.110 0.046 0.017 0.006 0.002 0.000 0.000 0.000 0.000 0.000 0.000 0.000 0.000 0.000 0.000 0.000 0.000 0.000 0.000 0.000 0.000 0.000 0.000 0.000 0.000 0.000 0.000
12.630 12.971 13.198 13.324 13.377 13.394 13.385 13.329 13.239 13.133 13.030 12.934 12.824 12.640 12.285 11.676 10.794 9.689 8.437 7.109 5.782 4.529 3.434 2.559 1.909 1.458 1.177 1.033 0.985 0.994 1.061 1.206 1.402 1.548 1.649 1.735 1.805 1.843 1.847 1.825 1.768 1.676 1.560 1.427 1.270 1.068 0.797 0.506 0.287 0.148 0.070 0.030 0.012 0.004 0.001 0.000 0.000 0.000 0.000 0.000 0.000 0.000 0.000 0.000 0.000 0.000 0.000 0.000 0.000 0.000 0.000 0.000 0.000 0.000 0.000 0.000 0.000
15.895 16.628 17.043 17.215 17.233 17.173 17.074 16.928 16.753 16.566 16.379 16.207 16.039 15.822 15.456 14.837 13.902 12.691 11.301 9.804 8.246 6.682 5.231 3.998 3.026 2.302 1.802 1.501 1.358 1.319 1.349 1.441 1.575 1.671 1.732 1.781 1.817 1.829 1.814 1.762 1.661 1.512 1.331 1.141 0.931 0.687 0.438 0.251 0.136 0.070 0.033 0.015 0.006 0.002 0.001 0.000 0.000 0.000 0.000 0.000 0.000 0.000 0.000 0.000 0.000 0.000 0.000 0.000 0.000 0.000 0.000 0.000 0.000 0.000 0.000 0.000 0.000
18.278 19.359 19.975 20.253 20.337 20.325 20.259 20.142 19.985 19.798 19.578 19.346 19.122 18.868 18.487 17.864 16.924 15.704 14.318 12.816 11.203 9.473 7.695 6.046 4.663 3.563 2.741 2.179 1.840 1.662 1.585 1.575 1.619 1.678 1.717 1.737 1.735 1.710 1.655 1.546 1.364 1.111 0.855 0.635 0.451 0.298 0.182 0.106 0.059 0.031 0.016 0.007 0.003 0.001 0.000 0.000 0.000 0.000 0.000 0.000 0.000 0.000 0.000 0.000 0.000 0.000 0.000 0.000 0.000 0.000 0.000 0.000 0.000 0.000 0.000 0.000 0.000
19.563 20.890 21.756 22.271 22.575 22.767 22.881 22.904 22.833 22.698 22.476 22.184 21.885 21.579 21.175 20.560 19.649 18.455 17.083 15.596 13.996 12.250 10.317 8.286 6.468 4.966 3.802 2.961 2.386 2.006 1.773 1.656 1.622 1.630 1.622 1.580 1.509 1.417 1.289 1.093 0.826 0.572 0.393 0.272 0.184 0.120 0.075 0.045 0.026 0.015 0.007 0.003 0.001 0.000 0.000 0.000 0.000 0.000 0.000 0.000 0.000 0.000 0.000 0.000 0.000 0.000 0.000 0.000 0.000 0.000 0.000 0.000 0.000 0.000 0.000 0.000 0.000
19.875 21.316 22.403 23.207 23.830 24.325 24.696 24.908 24.949 24.870 24.659 24.302 23.919 23.565 23.152 22.573 21.745 20.648 19.318 17.800 16.115 14.256 12.176 9.847 7.663 5.853 4.456 3.450 2.743 2.242 1.902 1.699 1.588 1.503 1.393 1.236 1.065 0.895 0.722 0.544 0.377 0.253 0.170 0.115 0.078 0.051 0.033 0.021 0.012 0.007 0.004 0.002 0.001 0.000 0.000 0.000 0.000 0.000 0.000 0.000 0.000 0.000 0.000 0.000 0.000 0.000 0.000 0.000 0.000 0.000 0.000 0.000 0.000 0.000 0.000 0.000 0.000
19.664 21.180 22.405 23.385 24.232 24.960 25.512 25.858 25.999 25.960 25.761 25.343 24.895 24.537 24.147 23.615 22.879 21.905 20.658 19.124 17.342 15.345 13.106 10.574 8.157 6.173 4.670 3.612 2.869 2.329 1.946 1.682 1.463 1.228 0.954 0.698 0.526 0.412 0.319 0.234 0.163 0.111 0.075 0.051 0.035 0.024 0.016 0.010 0.006 0.003 0.002 0.001 0.000 0.000 0.000 0.000 0.000 0.000 0.000 0.000 0.000 0.000 0.000 0.000 0.000 0.000 0.000 0.000 0.000 0.000 0.000 0.000 0.000 0.000 0.000 0.000 0.000
18.938 20.580 22.004 23.207 24.215 25.020 25.600 25.963 26.125 26.102 25.908 25.462 24.982 24.636 24.265 23.753 23.065 22.168 20.985 19.468 17.644 15.571 13.247 10.631 8.150 6.124 4.613 3.566 2.831 2.288 1.868 1.501 1.131 0.759 0.468 0.306 0.223 0.174 0.134 0.100 0.072 0.051 0.036 0.025 0.018 0.012 0.008 0.005 0.003 0.001 0.001 0.000 0.000 0.000 0.000 0.000 0.000 0.000 0.000 0.000 0.000 0.000 0.000 0.000 0.000 0.000 0.000 0.000 0.000 0.000 0.000 0.000 0.000 0.000 0.000 0.000 0.000
17.816 19.602 21.210 22.617 23.776 24.637 25.194 25.512 25.631 25.588 25.389 24.962 24.460 24.059 23.638 23.099 22.432 21.603 20.506 19.050 17.227 15.101 12.705 10.087 7.678 5.718 4.265 3.258 2.546 1.990 1.504 1.041 0.632 0.351 0.202 0.130 0.096 0.075 0.059 0.045 0.034 0.025 0.019 0.013 0.009 0.006 0.004 0.002 0.001 0.001 0.000 0.000 0.000 0.000 0.000 0.000 0.000 0.000 0.000 0.000 0.000 0.000 0.000 0.000 0.000 0.000 0.000 0.000 0.000 0.000 0.000 0.000 0.000 0.000 0.000 0.000 0.000
16.457 18.339 20.044 21.541 22.761 23.650 24.202 24.449 24.464 24.346 24.128 23.787 23.311 22.758 22.149 21.511 20.828 20.035 19.001 17.594 15.769 13.588 11.150 8.709 6.549 4.792 3.459 2.504 1.809 1.259 0.809 0.476 0.267 0.148 0.088 0.060 0.045 0.036 0.029 0.023 0.018 0.014 0.010 0.007 0.005 0.003 0.002 0.001 0.000 0.000 0.000 0.000 0.000 0.000 0.000 0.000 0.000 0.000 0.000 0.000 0.000 0.000 0.000 0.000 0.000 0.000 0.000 0.000 0.000 0.000 0.000 0.000 0.000 0.000 0.000 0.000 0.000
14.879 16.758 18.467 19.977 21.232 22.185 22.782 22.976 22.882 22.666 22.450 22.241 21.826 21.089 20.204 19.415 18.642 17.776 16.653 15.131 13.161 10.816 8.469 6.395 4.631 3.187 2.070 1.288 0.798 0.495 0.300 0.180 0.107 0.065 0.043 0.031 0.025 0.020 0.016 0.013 0.010 0.008 0.005 0.004 0.002 0.001 0.001 0.000 0.000 0.000 0.000 0.000 0.000 0.000 0.000 0.000 0.000 0.000 0.000 0.000 0.000 0.000 0.000 0.000 0.000 0.000 0.000 0.000 0.000 0.000 0.000 0.000 0.000 0.000 0.000 0.000 0.000
13.042 14.818 16.508 18.057 19.426 20.532 21.252 21.509 21.426 21.193 20.948 20.703 20.223 19.348 18.281 17.325 16.368 15.242 13.760 11.816 9.349 6.823 4.793 3.327 2.254 1.431 0.832 0.466 0.273 0.169 0.109 0.072 0.048 0.033 0.024 0.019 0.015 0.012 0.010 0.008 0.006 0.004 0.003 0.002 0.001 0.000 0.000 0.000 0.000 0.000 0.000 0.000 0.000 0.000 0.000 0.000 0.000 0.000 0.000 0.000 0.000 0.000 0.000 0.000 0.000 0.000 0.000 0.000 0.000 0.000 0.000 0.000 0.000 0.000 0.000 0.000 0.000
11.146 12.739 14.361 15.977 17.486 18.751 19.611 19.967 19.920 19.679 19.335 18.894 18.206 17.221 16.095 14.971 13.739 12.168 10.045 7.463 4.964 3.119 1.937 1.239 0.797 0.486 0.274 0.154 0.095 0.065 0.046 0.034 0.026 0.019 0.015 0.012 0.009 0.007 0.006 0.004 0.003 0.002 0.001 0.001 0.000 0.000 0.000 0.000 0.000 0.000 0.000 0.000 0.000 0.000 0.000 0.000 0.000 0.000 0.000 0.000 0.000 0.000 0.000 0.000 0.000 0.000 0.000 0.000 0.000 0.000 0.000 0.000 0.000 0.000 0.000 0.000 0.000
9.434 10.814 12.234 13.740 15.210 16.469 17.357 17.776 17.777 17.499 16.937 16.140 15.142 14.022 12.829 11.506 9.885 7.779 5.427 3.343 1.891 1.021 0.584 0.371 0.242 0.152 0.091 0.058 0.041 0.032 0.025 0.020 0.016 0.012 0.010 0.007 0.006 0.004 0.003 0.002 0.001 0.001 0.000 0.000 0.000 0.000 0.000 0.000 0.000 0.000 0.000 0.000 0.000 0.000 0.000 0.000 0.000 0.000 0.000 0.000 0.000 0.000 0.000 0.000 0.000 0.000 0.000 0.000 0.000 0.000 0.000 0.000 0.000 0.000 0.000 0.000 0.000
7.786 8.894 9.983 11.080 12.118 13.032 13.719 14.070 14.082 13.778 13.041 11.902 10.502 9.144 7.840 6.446 4.910 3.311 1.942 1.008 0.499 0.267 0.167 0.115 0.080 0.056 0.039 0.029 0.023 0.019 0.016 0.013 0.010 0.008 0.006 0.005 0.003 0.002 0.002 0.001 0.000 0.000 0.000 0.000 0.000 0.000 0.000 0.000 0.000 0.000 0.000 0.000 0.000 0.000 0.000 0.000 0.000 0.000 0.000 0.000 0.000 0.000 0.000 0.000 0.000 0.000 0.000 0.000 0.000 0.000 0.000 0.000 0.000 0.000 0.000 0.000 0.000
6.034 6.708 7.197 7.541 7.815 8.092 8.353 8.484 8.455 8.178 7.479 6.404 5.152 4.090 3.208 2.403 1.613 0.925 0.468 0.231 0.127 0.082 0.060 0.046 0.036 0.028 0.023 0.019 0.016 0.013 0.011 0.008 0.007 0.005 0.004 0.003 0.002 0.001 0.001 0.000 0.000 0.000 0.000 0.000 0.000 0.000 0.000 0.000 0.000 0.000 0.000 0.000 0.000 0.000 0.000 0.000 0.000 0.000 0.000 0.000 0.000 0.000 0.000 0.000 0.000 0.000 0.000 0.000 0.000 0.000 0.000 0.000 0.000 0.000 0.000 0.000 0.000
3.857 4.007 4.024 3.933 3.781 3.669 3.622 3.575 3.506 3.340 2.985 2.432 1.773 1.261 0.901 0.621 0.384 0.211 0.113 0.068 0.047 0.036 0.030 0.026 0.022 0.018 0.016 0.013 0.011 0.009 0.007 0.005 0.004 0.003 0.002 0.001 0.001 0.000 0.000 0.000 0.000 0.000 0.000 0.000 0.000 0.000 0.000 0.000 0.000 0.000 0.000 0.000 0.000 0.000 0.000 0.000 0.000 0.000 0.000 0.000 0.000 0.000 0.000 0.000 0.000 0.000 0.000 0.000 0.000 0.000 0.000 0.000 0.000 0.000 0.000 0.000 0.000
1.881 1.826 1.732 1.595 1.421 1.282 1.192 1.127 1.069 0.992 0.868 0.686 0.474 0.322 0.225 0.155 0.100 0.063 0.042 0.032 0.026 0.022 0.020 0.018 0.015 0.013 0.011 0.010 0.008 0.006 0.005 0.003 0.002 0.001 0.001 0.000 0.000 0.000 0.000 0.000 0.000 0.000 0.000 0.000 0.000 0.000 0.000 0.000 0.000 0.000 0.000 0.000 0.000 0.000 0.000 0.000 0.000 0.000 0.000 0.000 0.000 0.000 0.000 0.000 0.000 0.000 0.000 0.000 0.000 0.000 0.000 0.000 0.000 0.000 0.000 0.000 0.000
0.724 0.670 0.616 0.562 0.494 0.424 0.373 0.336 0.305 0.275 0.239 0.189 0.133 0.094 0.069 0.052 0.039 0.030 0.024 0.020 0.018 0.016 0.015 0.013 0.012 0.010 0.008 0.007 0.005 0.004 0.003 0.002 0.001 0.001 0.000 0.000 0.000 0.000 0.000 0.000 0.000 0.000 0.000 0.000 0.000 0.000 0.000 0.000 0.000 0.000 0.000 0.000 0.000 0.000 0.000 0.000 0.000 0.000 0.000 0.000 0.000 0.000 0.000 0.000 0.000 0.000 0.000 0.000 0.000 0.000 0.000 0.000 0.000 0.000 0.000 0.000 0.000
0.255 0.237 0.221 0.205 0.182 0.153 0.129 0.113 0.100 0.089 0.078 0.065 0.050 0.039 0.032 0.027 0.022 0.019 0.017 0.015 0.013 0.012 0.011 0.010 0.009 0.008 0.006 0.005 0.004 0.003 0.002 0.001 0.000 0.000 0.000 0.000 0.000 0.000 0.000 0.000 0.000 0.000 0.000 0.000 0.000 0.000 0.000 0.000 0.000 0.000 0.000 0.000 0.000 0.000 0.000 0.000 0.000 0.000 0.000 0.000 0.000 0.000 0.000 0.000 0.000 0.000 0.000 0.000 0.000 0.000 0.000 0.000 0.000 0.000 0.000 0.000 0.000
0.097 0.093 0.088 0.083 0.075 0.064 0.054 0.048 0.043 0.039 0.035 0.031 0.027 0.023 0.020 0.017 0.015 0.014 0.012 0.011 0.010 0.009 0.009 0.008 0.007 0.006 0.005 0.004 0.003 0.002 0.002 0.001 0.000 0.000 0.000 0.000 0.000 0.000 0.000 0.000 0.000 0.000 0.000 0.000 0.000 0.000 0.000 0.000 0.000 0.000 0.000 0.000 0.000 0.000 0.000 0.000 0.000 0.000 0.000 0.000 0.000 0.000 0.000 0.000 0.000 0.000 0.000 0.000 0.000 0.000 0.000 0.000 0.000 0.000 0.000 0.000 0.000
0.044 0.043 0.041 0.039 0.037 0.033 0.029 0.026 0.024 0.022 0.021 0.019 0.018 0.016 0.014 0.012 0.011 0.010 0.009 0.009 0.008 0.007 0.007 0.006 0.006 0.005 0.005 0.004 0.003 0.003 0.002 0.001 0.000 0.000 0.000 0.000 0.000 0.000 0.000 0.000 0.000 0.000 0.000 0.000 0.000 0.000 0.000 0.000 0.000 0.000 0.000 0.000 0.000 0.000 0.000 0.000 0.000 0.000 0.000 0.000 0.000 0.000 0.000 0.000 0.000 0.000 0.000 0.000 0.000 0.000 0.000 0.000 0.000 0.000 0.000 0.000 0.000
0.023 0.023 0.023 0.022 0.021 0.020 0.018 0.017 0.016 0.015 0.014 0.014 0.013 0.012 0.010 0.009 0.009 0.008 0.007 0.007 0.006 0.006 0.006 0.005 0.005 0.005 0.005 0.005 0.005 0.004 0.003 0.002 0.001 0.000 0.000 0.000 0.000 0.000 0.000 0.000 0.000 0.000 0.000 0.000 0.000 0.000 0.000 0.000 0.000 0.000 0.000 0.000 0.000 0.000 0.000 0.000 0.000 0.000 0.000 0.000 0.000 0.000 0.000 0.000 0.000 0.000 0.000 0.000 0.000 0.000 0.000 0.000 0.000 0.000 0.000 0.000 0.000
0.014 0.014 0.014 0.014 0.014 0.013 0.012 0.012 0.011 0.011 0.010 0.010 0.010 0.009 0.008 0.007 0.007 0.006 0.006 0.006 0.006 0.005 0.006 0.006 0.007 0.008 0.009 0.009 0.009 0.008 0.005 0.003 0.001 0.000 0.000 0.000 0.000 0.000 0.000 0.000 0.000 0.000 0.000 0.000 0.000 0.000 0.000 0.000 0.000 0.000 0.000 0.000 0.000 0.000 0.000 0.000 0.000 0.000 0.000 0.000 0.000 0.000 0.000 0.000 0.000 0.000 0.000 0.000 0.000 0.000 0.000 0.000 0.000 0.000 0.000 0.000 0.000
0.009 0.009 0.009 0.009 0.009 0.009 0.009 0.009 0.008 0.008 0.008 0.008 0.008 0.007 0.007 0.007 0.006 0.006 0.006 0.006 0.006 0.007 0.007 0.009 0.011 0.014 0.016 0.017 0.016 0.013 0.008 0.005 0.002 0.001 0.000 0.000 0.000 0.000 0.000 0.000 0.000 0.000 0.000 0.000 0.000 0.000 0.000 0.000 0.000 0.000 0.000 0.000 0.000 0.000 0.000 0.000 0.000 0.000 0.000 0.000 0.000 0.000 0.000 0.000 0.000 0.000 0.000 0.000 0.000 0.000 0.000 0.000 0.000 0.000 0.000 0.000 0.000
0.006 0.006 0.006 0.006 0.006 0.006 0.006 0.007 0.007 0.007 0.007 0.007 0.007 0.007 0.007 0.007 0.008 0.008 0.009 0.009 0.010 0.012 0.014 0.018 0.024 0.029 0.031 0.031 0.026 0.018 0.011 0.006 0.003 0.001 0.000 0.000 0.000 0.000 0.000 0.000 0.000 0.000 0.000 0.000 0.000 0.000 0.000 0.000 0.000 0.000 0.000 0.000 0.000 0.000 0.000 0.000 0.000 0.000 0.000 0.000 0.000 0.000 0.000 0.000 0.000 0.000 0.000 0.000 0.000 0.000 0.000 0.000 0.000 0.000 0.000 0.000 0.000
0.004 0.004 0.004 0.004 0.005 0.005 0.005 0.006 0.006 0.006 0.007 0.007 0.008 0.008 0.009 0.011 0.013 0.015 0.017 0.019 0.022 0.027 0.034 0.043 0.051 0.056 0.054 0.045 0.031 0.020 0.012 0.006 0.003 0.001 0.000 0.000 0.000 0.000 0.000 0.000 0.000 0.000 0.000 0.000 0.000 0.000 0.000 0.000 0.000 0.000 0.000 0.000 0.000 0.000 0.000 0.000 0.000 0.000 0.000 0.000 0.000 0.000 0.000 0.000 0.000 0.000 0.000 0.000 0.000 0.000 0.000 0.000 0.000 0.000 0.000 0.000 0.000
0.002 0.003 0.003 0.003 0.004 0.004 0.005 0.005 0.006 0.007 0.008 0.009 0.011 0.013 0.017 0.022 0.029 0.034 0.040 0.047 0.056 0.066 0.077 0.085 0.089 0.084 0.070 0.050 0.032 0.020 0.012 0.007 0.003 0.001 0.000 0.000 0.000 0.000 0.000 0.000 0.000 0.000 0.000 0.000 0.000 0.000 0.000 0.000 0.000 0.000 0.000 0.000 0.000 0.000 0.000 0.000 0.000 0.000 0.000 0.000 0.000 0.000 0.000 0.000 0.000 0.000 0.000 0.000 0.000 0.000 0.000 0.000 0.000 0.000 0.000 0.000 0.000
0.002 0.002 0.002 0.003 0.003 0.004 0.005 0.006 0.008 0.010 0.012 0.015 0.019 0.024 0.034 0.048 0.062 0.074 0.086 0.097 0.107 0.115 0.119 0.118 0.112 0.097 0.073 0.049 0.032 0.020 0.012 0.007 0.003 0.001 0.000 0.000 0.000 0.000 0.000 0.000 0.000 0.000 0.000 0.000 0.000 0.000 0.000 0.000 0.000 0.000 0.000 0.000 0.000 0.000 0.000 0.000 0.000 0.000 0.000 0.000 0.000 0.000 0.000 0.000 0.000 0.000 0.000 0.000 0.000 0.000 0.000 0.000 0.000 0.000 0.000 0.000 0.000
0.001 0.001 0.002 0.002 0.003 0.004 0.006 0.008 0.011 0.015 0.020 0.026 0.033 0.045 0.063 0.084 0.100 0.113 0.123 0.132 0.137 0.140 0.138 0.131 0.118 0.097 0.071 0.048 0.031 0.020 0.012 0.007 0.003 0.001 0.000 0.000 0.000 0.000 0.000 0.000 0.000 0.000 0.000 0.000 0.000 0.000 0.000 0.000 0.000 0.000 0.000 0.000 0.000 0.000 0.000 0.000 0.000 0.000 0.000 0.000 0.000 0.000 0.000 0.000 0.000 0.000 0.000 0.000 0.000 0.000 0.000 0.000 0.000 0.000 0.000 0.000 0.000
0.001 0.001 0.002 0.002 0.004 0.006 0.009 0.012 0.017 0.023 0.030 0.038 0.050 0.065 0.085 0.105 0.120 0.131 0.139 0.144 0.146 0.145 0.141 0.131 0.115 0.092 0.066 0.046 0.031 0.020 0.012 0.007 0.003 0.001 0.000 0.000 0.000 0.000 0.000 0.000 0.000 0.000 0.000 0.000 0.000 0.000 0.000 0.000 0.000 0.000 0.000 0.000 0.000 0.000 0.000 0.000 0.000 0.000 0.000 0.000 0.000 0.000 0.000 0.000 0.000 0.000 0.000 0.000 0.000 0.000 0.000 0.000 0.000 0.000 0.000 0.000 0.000
0.000 0.001 0.002 0.003 0.005 0.008 0.012 0.016 0.022 0.028 0.036 0.047 0.059 0.075 0.095 0.112 0.124 0.133 0.140 0.143 0.144 0.142 0.137 0.126 0.108 0.085 0.061 0.043 0.030 0.020 0.012 0.007 0.003 0.001 0.000 0.000 0.000 0.000 0.000 0.000 0.000 0.000 0.000 0.000 0.000 0.000 0.000 0.000 0.000 0.000 0.000 0.000 0.000 0.000 0.000 0.000 0.000 0.000 0.000 0.000 0.000 0.000 0.000 0.000 0.000 0.000 0.000 0.000 0.000 0.000 0.000 0.000 0.000 0.000 0.000 0.000 0.000
0.000 0.001 0.002 0.004 0.007 0.010 0.014 0.019 0.024 0.031 0.040 0.051 0.063 0.079 0.098 0.113 0.124 0.132 0.137 0.138 0.138 0.135 0.129 0.117 0.100 0.077 0.056 0.041 0.028 0.019 0.012 0.007 0.003 0.001 0.000 0.000 0.000 0.000 0.000 0.000 0.000 0.000 0.000 0.000 0.000 0.000 0.000 0.000 0.000 0.000 0.000 0.000 0.000 0.000 0.000 0.000 0.000 0.000 0.000 0.000 0.000 0.000 0.000 0.000 0.000 0.000 0.000 0.000 0.000 0.000 0.000 0.000 0.000 0.000 0.000 0.000 0.000
0.000 0.001 0.003 0.005 0.007 0.011 0.015 0.020 0.026 0.033 0.042 0.052 0.065 0.080 0.098 0.113 0.123 0.130 0.133 0.133 0.132 0.129 0.121 0.109 0.091 0.070 0.052 0.038 0.027 0.018 0.012 0.007 0.003 0.001 0.000 0.000 0.000 0.000 0.000 0.000 0.000 0.000 0.000 0.000 0.000 0.000 0.000 0.000 0.000 0.000 0.000 0.000 0.000 0.000 0.000 0.000 0.000 0.000 0.000 0.000 0.000 0.000 0.000 0.000 0.000 0.000 0.000 0.000 0.000 0.000 0.000 0.000 0.000 0.000 0.000 0.000 0.000
