RESULTS/r.avaflow_results/11_results/11_ascii/11_hflow10024.asc
ncols 506
nrows 317
xllcenter 498237.50
yllcenter 5580050.00
cellsize 12.50
NODATA_value -9999.000
[rows 170 to 203 of 317, columns 77 to 153 of 506]
0.000 0.000 0.000 0.000 0.000 0.000 0.000 0.000 0.000 0.000 0.000 0.000 0.000 0.001 0.001 0.003 0.004 0.006 0.008 0.011 0.015 0.022 0.035 0.062 0.104 0.161 0.214 0.254 0.286 0.309 0.321 0.326 0.325 0.320 0.311 0.308 0.309 0.317 0.325 0.327 0.323 0.317 0.329 0.392 0.550 0.812 1.139 1.496 1.890 2.373 3.026 3.953 4.977 5.730 6.086 6.160 6.088 5.986 5.886 5.768 5.618 5.375 4.989 4.468 3.864 3.319 2.856 2.460 2.120 1.826 1.574 1.359 1.172 1.010 0.867 0.741 0.630
0.000 0.000 0.000 0.000 0.000 0.000 0.000 0.000 0.000 0.000 0.000 0.000 0.001 0.002 0.005 0.008 0.011 0.015 0.020 0.026 0.034 0.049 0.074 0.115 0.172 0.241 0.298 0.344 0.379 0.402 0.414 0.417 0.416 0.408 0.400 0.399 0.405 0.421 0.440 0.452 0.461 0.483 0.562 0.767 1.140 1.635 2.169 2.721 3.333 4.080 4.965 5.854 6.524 6.886 6.968 6.866 6.666 6.450 6.248 6.035 5.790 5.458 5.018 4.477 3.878 3.349 2.896 2.507 2.174 1.889 1.646 1.438 1.258 1.102 0.965 0.843 0.735
0.000 0.000 0.000 0.000 0.000 0.000 0.000 0.000 0.000 0.000 0.000 0.001 0.003 0.006 0.010 0.016 0.022 0.030 0.040 0.051 0.068 0.094 0.133 0.189 0.260 0.334 0.397 0.448 0.487 0.512 0.523 0.526 0.524 0.514 0.506 0.506 0.518 0.543 0.578 0.618 0.671 0.783 1.035 1.504 2.176 2.917 3.635 4.377 5.198 6.014 6.727 7.254 7.542 7.605 7.494 7.269 6.992 6.710 6.434 6.147 5.834 5.461 5.009 4.466 3.877 3.360 2.917 2.538 2.213 1.936 1.700 1.497 1.324 1.173 1.042 0.925 0.821
0.000 0.000 0.000 0.000 0.000 0.000 0.000 0.000 0.000 0.000 0.001 0.003 0.006 0.011 0.018 0.027 0.037 0.051 0.067 0.088 0.116 0.155 0.210 0.281 0.362 0.443 0.513 0.571 0.613 0.639 0.650 0.653 0.649 0.637 0.628 0.629 0.645 0.684 0.748 0.845 1.011 1.331 1.895 2.737 3.724 4.641 5.462 6.225 6.933 7.530 7.964 8.182 8.205 8.070 7.812 7.499 7.177 6.858 6.539 6.206 5.853 5.451 4.985 4.440 3.867 3.361 2.926 2.555 2.238 1.966 1.734 1.536 1.367 1.222 1.096 0.985 0.886
0.000 0.000 0.000 0.000 0.000 0.000 0.000 0.000 0.000 0.000 0.001 0.005 0.010 0.017 0.028 0.041 0.057 0.077 0.102 0.134 0.175 0.230 0.299 0.383 0.478 0.571 0.650 0.714 0.759 0.785 0.797 0.799 0.794 0.777 0.764 0.765 0.784 0.841 0.956 1.161 1.538 2.209 3.246 4.516 5.678 6.568 7.240 7.791 8.249 8.583 8.753 8.754 8.606 8.334 7.988 7.620 7.276 6.941 6.599 6.244 5.862 5.435 4.950 4.401 3.846 3.355 2.929 2.563 2.248 1.980 1.751 1.556 1.391 1.250 1.129 1.024 0.930
0.000 0.000 0.000 0.000 0.000 0.000 0.000 0.000 0.000 0.000 0.002 0.006 0.012 0.022 0.035 0.053 0.077 0.106 0.143 0.187 0.242 0.312 0.397 0.498 0.612 0.720 0.810 0.879 0.927 0.954 0.964 0.965 0.957 0.931 0.903 0.898 0.914 0.980 1.147 1.496 2.181 3.343 4.945 6.433 7.504 8.226 8.683 8.982 9.188 9.287 9.243 9.079 8.809 8.467 8.082 7.686 7.321 6.977 6.626 6.262 5.860 5.413 4.909 4.350 3.815 3.340 2.924 2.562 2.250 1.982 1.754 1.561 1.399 1.262 1.145 1.043 0.953
0.000 0.000 0.000 0.000 0.000 0.000 0.000 0.000 0.000 0.000 0.002 0.006 0.013 0.024 0.040 0.061 0.090 0.129 0.180 0.242 0.315 0.403 0.508 0.632 0.770 0.894 0.995 1.070 1.119 1.145 1.153 1.152 1.137 1.098 1.042 1.022 1.031 1.096 1.283 1.716 2.631 4.216 6.308 7.930 8.955 9.529 9.780 9.856 9.846 9.745 9.529 9.231 8.890 8.522 8.132 7.727 7.342 6.988 6.636 6.264 5.852 5.385 4.854 4.290 3.774 3.313 2.906 2.551 2.242 1.976 1.751 1.560 1.399 1.263 1.148 1.049 0.962
0.000 0.000 0.000 0.000 0.000 0.000 0.000 0.000 0.000 0.000 0.002 0.006 0.014 0.025 0.042 0.065 0.098 0.144 0.207 0.288 0.388 0.503 0.636 0.792 0.956 1.096 1.206 1.286 1.334 1.358 1.363 1.358 1.333 1.274 1.184 1.141 1.140 1.193 1.377 1.835 2.868 4.751 7.239 9.029 10.043 10.469 10.555 10.485 10.298 10.013 9.663 9.294 8.918 8.540 8.155 7.752 7.357 6.991 6.632 6.254 5.829 5.340 4.784 4.218 3.715 3.264 2.867 2.518 2.216 1.955 1.735 1.548 1.391 1.259 1.146 1.049 0.964
0.000 0.000 0.000 0.000 0.000 0.000 0.000 0.000 0.000 0.000 0.002 0.006 0.014 0.025 0.042 0.066 0.100 0.150 0.222 0.322 0.451 0.607 0.785 0.983 1.172 1.329 1.447 1.527 1.572 1.590 1.592 1.582 1.545 1.463 1.333 1.257 1.242 1.278 1.444 1.896 2.957 4.993 7.794 9.765 10.770 11.076 11.067 10.891 10.558 10.133 9.709 9.312 8.924 8.543 8.159 7.761 7.364 6.988 6.614 6.219 5.776 5.265 4.688 4.126 3.628 3.186 2.798 2.460 2.167 1.915 1.702 1.523 1.373 1.246 1.138 1.045 0.963
0.000 0.000 0.000 0.000 0.000 0.000 0.000 0.000 0.000 0.000 0.002 0.006 0.013 0.024 0.041 0.065 0.100 0.151 0.227 0.339 0.497 0.698 0.938 1.186 1.403 1.576 1.703 1.784 1.825 1.838 1.837 1.820 1.770 1.664 1.494 1.375 1.339 1.359 1.502 1.931 2.974 5.045 8.027 10.172 11.186 11.418 11.357 11.094 10.663 10.162 9.716 9.309 8.920 8.538 8.155 7.760 7.360 6.970 6.576 6.153 5.680 5.143 4.550 3.995 3.505 3.074 2.698 2.371 2.090 1.852 1.651 1.484 1.344 1.226 1.125 1.037 0.959
0.000 0.000 0.000 0.000 0.000 0.000 0.000 0.000 0.000 0.000 0.001 0.004 0.010 0.020 0.036 0.059 0.093 0.144 0.221 0.339 0.514 0.758 1.064 1.362 1.606 1.799 1.937 2.024 2.068 2.082 2.080 2.061 2.001 1.878 1.674 1.503 1.438 1.445 1.562 1.958 2.960 5.011 8.036 10.303 11.372 11.576 11.473 11.150 10.680 10.156 9.701 9.289 8.898 8.516 8.132 7.740 7.335 6.927 6.509 6.052 5.539 4.964 4.363 3.819 3.341 2.924 2.563 2.252 1.988 1.766 1.581 1.429 1.303 1.196 1.104 1.022 0.949
0.000 0.000 0.000 0.000 0.000 0.000 0.000 0.000 0.000 0.000 0.001 0.002 0.006 0.013 0.025 0.044 0.073 0.118 0.190 0.309 0.497 0.773 1.147 1.504 1.780 1.993 2.147 2.245 2.297 2.314 2.314 2.295 2.233 2.106 1.882 1.656 1.552 1.543 1.635 1.991 2.918 4.870 7.870 10.248 11.396 11.608 11.483 11.133 10.645 10.108 9.642 9.228 8.839 8.458 8.075 7.682 7.273 6.846 6.400 5.908 5.352 4.733 4.129 3.595 3.132 2.732 2.390 2.101 1.859 1.657 1.492 1.357 1.247 1.153 1.071 0.997 0.930
0.000 0.000 0.000 0.000 0.000 0.000 0.000 0.000 0.000 0.000 0.000 0.001 0.002 0.006 0.012 0.022 0.040 0.071 0.126 0.232 0.423 0.734 1.174 1.605 1.921 2.160 2.334 2.449 2.513 2.538 2.541 2.526 2.469 2.349 2.130 1.861 1.708 1.675 1.741 2.053 2.877 4.633 7.485 9.964 11.235 11.525 11.402 11.036 10.525 9.978 9.510 9.098 8.716 8.342 7.964 7.574 7.159 6.715 6.239 5.711 5.110 4.455 3.851 3.327 2.878 2.498 2.181 1.918 1.701 1.525 1.382 1.267 1.173 1.092 1.022 0.958 0.901
0.000 0.000 0.000 0.000 0.000 0.000 0.000 0.000 0.000 0.000 0.000 0.000 0.001 0.002 0.004 0.008 0.016 0.029 0.058 0.128 0.294 0.621 1.126 1.652 2.025 2.299 2.501 2.638 2.720 2.757 2.766 2.757 2.714 2.612 2.424 2.147 1.945 1.877 1.912 2.168 2.878 4.370 6.919 9.407 10.768 11.170 11.101 10.780 10.284 9.734 9.269 8.870 8.501 8.139 7.778 7.397 6.981 6.524 6.017 5.451 4.808 4.135 3.536 3.022 2.588 2.230 1.940 1.707 1.519 1.369 1.250 1.156 1.079 1.013 0.956 0.906 0.860
0.000 0.000 0.000 0.000 0.000 0.000 0.000 0.000 0.000 0.000 0.000 0.000 0.000 0.001 0.001 0.003 0.005 0.010 0.023 0.060 0.170 0.458 0.989 1.624 2.080 2.405 2.647 2.815 2.921 2.976 2.994 2.992 2.970 2.903 2.767 2.534 2.305 2.198 2.198 2.376 2.959 4.164 6.242 8.559 9.946 10.460 10.486 10.278 9.870 9.355 8.884 8.492 8.153 7.831 7.496 7.131 6.727 6.265 5.738 5.135 4.451 3.779 3.194 2.699 2.290 1.955 1.686 1.476 1.316 1.192 1.096 1.021 0.962 0.913 0.872 0.838 0.806
0.000 0.000 0.000 0.000 0.000 0.000 0.000 0.000 0.000 0.000 0.000 0.000 0.000 0.000 0.000 0.001 0.002 0.004 0.010 0.029 0.094 0.304 0.782 1.492 2.074 2.470 2.769 2.981 3.117 3.195 3.230 3.239 3.235 3.206 3.132 2.987 2.801 2.688 2.663 2.764 3.175 4.066 5.567 7.474 8.801 9.420 9.549 9.468 9.212 8.806 8.346 7.932 7.601 7.328 7.053 6.746 6.382 5.935 5.398 4.769 4.060 3.405 2.851 2.391 2.013 1.703 1.453 1.256 1.107 0.998 0.921 0.863 0.821 0.793 0.772 0.755 0.741
0.000 0.000 0.000 0.000 0.000 0.000 0.000 0.000 0.000 0.000 0.000 0.000 0.000 0.000 0.000 0.000 0.001 0.001 0.004 0.015 0.053 0.186 0.556 1.233 1.975 2.489 2.855 3.128 3.309 3.415 3.467 3.487 3.491 3.479 3.439 3.352 3.248 3.191 3.184 3.258 3.529 4.115 5.117 6.475 7.516 8.109 8.323 8.345 8.256 8.016 7.636 7.188 6.806 6.560 6.370 6.169 5.904 5.518 4.997 4.359 3.652 3.036 2.524 2.100 1.752 1.468 1.238 1.055 0.914 0.808 0.735 0.688 0.662 0.650 0.647 0.646 0.639
0.000 0.000 0.000 0.000 0.000 0.000 0.000 0.000 0.000 0.000 0.000 0.000 0.000 0.000 0.000 0.000 0.000 0.001 0.002 0.008 0.030 0.107 0.353 0.906 1.724 2.421 2.898 3.250 3.490 3.630 3.697 3.721 3.726 3.717 3.679 3.602 3.533 3.508 3.512 3.574 3.765 4.162 4.844 5.752 6.453 6.874 7.049 7.084 7.078 6.981 6.730 6.301 5.835 5.559 5.436 5.348 5.216 4.954 4.508 3.905 3.238 2.672 2.206 1.820 1.502 1.242 1.033 0.867 0.735 0.634 0.560 0.511 0.484 0.474 0.471 0.466 0.447
0.000 0.000 0.000 0.000 0.000 0.000 0.000 0.000 0.000 0.000 0.000 0.000 0.000 0.000 0.000 0.000 0.000 0.001 0.001 0.004 0.016 0.059 0.204 0.590 1.328 2.215 2.866 3.324 3.648 3.833 3.915 3.938 3.938 3.919 3.856 3.755 3.686 3.664 3.666 3.713 3.847 4.139 4.621 5.202 5.619 5.867 5.979 6.003 5.992 5.922 5.747 5.430 5.000 4.642 4.446 4.357 4.296 4.169 3.874 3.393 2.809 2.304 1.892 1.546 1.255 1.019 0.831 0.683 0.565 0.471 0.399 0.346 0.308 0.282 0.260 0.240 0.214
0.000 0.000 0.000 0.000 0.000 0.000 0.000 0.000 0.000 0.000 0.000 0.000 0.000 0.000 0.000 0.000 0.000 0.000 0.001 0.002 0.009 0.031 0.109 0.347 0.908 1.828 2.721 3.334 3.755 4.007 4.111 4.133 4.125 4.077 3.970 3.834 3.748 3.713 3.709 3.743 3.846 4.056 4.369 4.699 4.920 5.038 5.087 5.097 5.080 5.019 4.885 4.655 4.325 3.957 3.675 3.492 3.353 3.222 3.043 2.742 2.314 1.887 1.535 1.238 0.986 0.780 0.619 0.492 0.393 0.314 0.252 0.204 0.168 0.140 0.118 0.099 0.081
0.000 0.000 0.000 0.000 0.000 0.000 0.000 0.000 0.000 0.000 0.000 0.000 0.000 0.000 0.000 0.000 0.000 0.000 0.000 0.001 0.004 0.015 0.054 0.184 0.550 1.319 2.367 3.218 3.776 4.113 4.268 4.294 4.271 4.183 4.025 3.860 3.759 3.712 3.699 3.716 3.774 3.884 4.044 4.188 4.275 4.316 4.328 4.322 4.299 4.243 4.137 3.965 3.719 3.409 3.096 2.831 2.606 2.399 2.188 1.949 1.658 1.342 1.066 0.835 0.645 0.493 0.379 0.295 0.230 0.177 0.135 0.102 0.077 0.059 0.046 0.037 0.030
0.000 0.000 0.000 0.000 0.000 0.000 0.000 0.000 0.000 0.000 0.000 0.000 0.000 0.000 0.000 0.000 0.000 0.000 0.000 0.001 0.002 0.007 0.026 0.090 0.293 0.809 1.770 2.879 3.658 4.119 4.339 4.392 4.358 4.235 4.040 3.857 3.738 3.666 3.622 3.599 3.593 3.603 3.633 3.652 3.659 3.661 3.658 3.644 3.619 3.571 3.484 3.349 3.154 2.903 2.611 2.313 2.033 1.776 1.529 1.286 1.043 0.812 0.617 0.461 0.343 0.256 0.193 0.146 0.111 0.082 0.059 0.042 0.031 0.023 0.018 0.015 0.012
0.000 0.000 0.000 0.000 0.000 0.000 0.000 0.000 0.000 0.000 0.000 0.000 0.000 0.000 0.000 0.000 0.000 0.000 0.000 0.001 0.001 0.004 0.014 0.046 0.149 0.451 1.145 2.283 3.330 3.976 4.304 4.404 4.376 4.243 4.025 3.817 3.661 3.543 3.445 3.359 3.278 3.201 3.139 3.095 3.072 3.063 3.056 3.043 3.022 2.980 2.908 2.794 2.628 2.412 2.152 1.859 1.567 1.296 1.044 0.814 0.611 0.443 0.314 0.219 0.154 0.111 0.081 0.060 0.045 0.032 0.023 0.017 0.013 0.010 0.008 0.006 0.005
0.000 0.000 0.000 0.000 0.000 0.000 0.000 0.000 0.000 0.000 0.000 0.000 0.000 0.000 0.000 0.000 0.000 0.000 0.000 0.001 0.001 0.004 0.012 0.033 0.093 0.261 0.717 1.636 2.802 3.640 4.106 4.293 4.302 4.182 3.954 3.707 3.503 3.323 3.153 2.990 2.831 2.689 2.589 2.541 2.523 2.517 2.513 2.505 2.490 2.456 2.393 2.290 2.140 1.941 1.698 1.422 1.149 0.898 0.673 0.482 0.330 0.218 0.143 0.094 0.064 0.045 0.032 0.024 0.018 0.013 0.010 0.007 0.006 0.005 0.004 0.003 0.003
0.000 0.000 0.000 0.000 0.000 0.000 0.000 0.000 0.000 0.000 0.000 0.000 0.000 0.000 0.000 0.000 0.000 0.000 0.000 0.001 0.002 0.005 0.014 0.037 0.088 0.199 0.480 1.127 2.174 3.134 3.717 3.990 4.040 3.961 3.760 3.498 3.244 2.998 2.753 2.520 2.320 2.171 2.078 2.035 2.022 2.020 2.021 2.019 2.009 1.982 1.925 1.828 1.684 1.490 1.247 0.989 0.756 0.554 0.384 0.252 0.159 0.098 0.061 0.039 0.027 0.019 0.013 0.010 0.008 0.006 0.004 0.004 0.003 0.003 0.002 0.002 0.002
0.000 0.000 0.000 0.000 0.000 0.000 0.000 0.000 0.000 0.000 0.000 0.000 0.000 0.000 0.000 0.000 0.000 0.000 0.000 0.001 0.003 0.009 0.025 0.060 0.119 0.211 0.377 0.779 1.545 2.488 3.138 3.462 3.547 3.511 3.370 3.146 2.877 2.583 2.302 2.066 1.879 1.738 1.644 1.592 1.574 1.573 1.575 1.575 1.566 1.541 1.489 1.397 1.258 1.062 0.822 0.604 0.427 0.287 0.181 0.110 0.065 0.040 0.025 0.016 0.011 0.008 0.006 0.005 0.004 0.003 0.002 0.002 0.002 0.002 0.001 0.001 0.001
0.000 0.000 0.000 0.000 0.000 0.000 0.000 0.000 0.000 0.000 0.000 0.000 0.000 0.000 0.000 0.000 0.000 0.000 0.001 0.002 0.007 0.021 0.054 0.119 0.190 0.250 0.332 0.547 1.025 1.770 2.381 2.704 2.815 2.821 2.763 2.622 2.402 2.128 1.882 1.683 1.517 1.384 1.284 1.219 1.185 1.173 1.167 1.161 1.147 1.120 1.069 0.985 0.858 0.678 0.477 0.319 0.202 0.121 0.069 0.040 0.024 0.015 0.009 0.006 0.005 0.004 0.003 0.002 0.002 0.002 0.001 0.001 0.001 0.001 0.001 0.001 0.001
0.000 0.000 0.000 0.000 0.000 0.000 0.000 0.000 0.000 0.000 0.000 0.000 0.000 0.000 0.000 0.000 0.000 0.001 0.002 0.005 0.016 0.045 0.109 0.186 0.232 0.263 0.301 0.397 0.657 1.157 1.656 1.925 2.032 2.055 2.042 1.982 1.862 1.691 1.513 1.357 1.219 1.098 0.995 0.916 0.864 0.831 0.807 0.784 0.758 0.723 0.674 0.604 0.504 0.369 0.237 0.143 0.081 0.044 0.024 0.014 0.008 0.005 0.003 0.002 0.002 0.002 0.001 0.001 0.001 0.001 0.001 0.001 0.001 0.001 0.001 0.001 0.001
0.000 0.000 0.000 0.000 0.000 0.000 0.000 0.000 0.000 0.000 0.000 0.000 0.000 0.000 0.000 0.001 0.001 0.002 0.005 0.012 0.033 0.085 0.163 0.216 0.240 0.252 0.259 0.289 0.419 0.738 1.118 1.335 1.430 1.460 1.463 1.444 1.391 1.303 1.190 1.076 0.967 0.863 0.765 0.679 0.611 0.560 0.520 0.482 0.446 0.407 0.363 0.311 0.243 0.163 0.098 0.055 0.029 0.015 0.008 0.004 0.002 0.002 0.001 0.001 0.001 0.001 0.001 0.001 0.001 0.001 0.001 0.001 0.001 0.001 0.001 0.001 0.001
0.000 0.000 0.000 0.000 0.000 0.000 0.000 0.000 0.000 0.000 0.000 0.000 0.000 0.001 0.001 0.002 0.003 0.005 0.010 0.024 0.059 0.129 0.191 0.220 0.230 0.222 0.199 0.198 0.270 0.477 0.747 0.908 0.984 1.015 1.023 1.022 1.004 0.963 0.900 0.825 0.746 0.664 0.580 0.495 0.421 0.360 0.311 0.269 0.232 0.198 0.165 0.130 0.093 0.059 0.035 0.019 0.010 0.005 0.003 0.001 0.001 0.001 0.001 0.000 0.000 0.000 0.001 0.001 0.001 0.001 0.001 0.001 0.001 0.001 0.001 0.001 0.001
0.000 0.000 0.000 0.000 0.000 0.000 0.000 0.000 0.000 0.000 0.000 0.000 0.001 0.002 0.003 0.004 0.006 0.011 0.021 0.043 0.090 0.156 0.197 0.211 0.207 0.171 0.129 0.126 0.173 0.310 0.494 0.606 0.660 0.682 0.690 0.691 0.685 0.667 0.635 0.592 0.541 0.485 0.422 0.351 0.280 0.222 0.176 0.140 0.111 0.087 0.066 0.048 0.032 0.020 0.011 0.006 0.003 0.002 0.001 0.001 0.000 0.000 0.000 0.000 0.000 0.000 0.001 0.001 0.001 0.001 0.001 0.001 0.001 0.001 0.001 0.001 0.001
0.000 0.000 0.000 0.000 0.000 0.000 0.000 0.000 0.000 0.000 0.001 0.002 0.003 0.004 0.006 0.009 0.014 0.021 0.036 0.063 0.114 0.166 0.189 0.192 0.175 0.120 0.079 0.076 0.106 0.194 0.317 0.393 0.427 0.438 0.439 0.434 0.427 0.416 0.400 0.377 0.350 0.318 0.280 0.231 0.176 0.131 0.096 0.071 0.052 0.037 0.026 0.017 0.011 0.006 0.004 0.002 0.001 0.001 0.000 0.000 0.000 0.000 0.000 0.001 0.000 0.000 0.001 0.001 0.001 0.001 0.001 0.000 0.000 0.000 0.000 0.000 0.001
0.001 0.001 0.001 0.001 0.001 0.001 0.001 0.002 0.002 0.002 0.003 0.004 0.006 0.009 0.012 0.015 0.021 0.030 0.047 0.080 0.130 0.164 0.174 0.170 0.142 0.081 0.046 0.042 0.059 0.112 0.191 0.239 0.259 0.263 0.260 0.250 0.239 0.229 0.218 0.206 0.193 0.178 0.161 0.135 0.102 0.072 0.050 0.035 0.024 0.016 0.010 0.006 0.003 0.002 0.001 0.001 0.000 0.000 0.000 0.000 0.000 0.000 0.000 0.000 0.000 0.000 0.001 0.001 0.001 0.001 0.000 0.001 0.000 0.000 0.000 0.000 0.000
0.002 0.003 0.003 0.003 0.003 0.003 0.004 0.004 0.004 0.005 0.006 0.008 0.010 0.013 0.016 0.019 0.025 0.036 0.057 0.097 0.139 0.158 0.161 0.151 0.110 0.053 0.027 0.022 0.029 0.056 0.103 0.132 0.143 0.145 0.140 0.130 0.117 0.108 0.099 0.092 0.086 0.082 0.076 0.067 0.052 0.036 0.024 0.016 0.010 0.006 0.004 0.002 0.001 0.001 0.001 0.000 0.000 0.000 0.000 0.000 0.000 0.000 0.000 0.000 0.000 0.000 0.001 0.001 0.001 0.000 0.000 0.000 0.000 0.000 0.000 0.000 0.000
