RESULTS/r.avaflow_results/11_results/11_ascii/11_hflow10037.asc
ncols 506
nrows 317
xllcenter 498237.50
yllcenter 5580050.00
cellsize 12.50
NODATA_value -9999.000
[rows 204 to 237 of 317, columns 77 to 153 of 506]
0.011 0.011 0.010 0.009 0.009 0.008 0.008 0.008 0.009 0.010 0.011 0.012 0.013 0.015 0.017 0.020 0.025 0.036 0.058 0.090 0.107 0.111 0.108 0.089 0.068 0.071 0.105 0.157 0.200 0.223 0.231 0.232 0.227 0.214 0.188 0.154 0.130 0.115 0.104 0.097 0.090 0.085 0.078 0.067 0.050 0.032 0.019 0.011 0.006 0.003 0.002 0.001 0.001 0.000 0.000 0.000 0.000 0.000 0.000 0.000 0.000 0.000 0.000 0.000 0.000 0.001 0.001 0.001 0.001 0.000 0.000 0.000 0.000 0.000 0.000 0.000 0.000
0.015 0.014 0.013 0.012 0.011 0.011 0.011 0.011 0.011 0.012 0.012 0.013 0.014 0.015 0.017 0.021 0.027 0.040 0.067 0.097 0.109 0.110 0.102 0.073 0.041 0.030 0.034 0.055 0.085 0.106 0.116 0.119 0.118 0.110 0.095 0.073 0.057 0.047 0.040 0.036 0.032 0.030 0.028 0.025 0.020 0.014 0.008 0.005 0.002 0.001 0.001 0.001 0.000 0.000 0.000 0.001 0.000 0.000 0.000 0.000 0.000 0.000 0.000 0.000 0.001 0.001 0.001 0.001 0.001 0.000 0.000 0.000 0.000 0.000 0.000 0.000 0.000
0.019 0.018 0.016 0.015 0.014 0.014 0.013 0.013 0.013 0.013 0.013 0.014 0.014 0.016 0.018 0.022 0.030 0.046 0.078 0.103 0.111 0.110 0.095 0.058 0.028 0.016 0.013 0.016 0.027 0.039 0.047 0.050 0.051 0.049 0.042 0.032 0.024 0.018 0.015 0.012 0.011 0.010 0.009 0.009 0.007 0.005 0.003 0.002 0.001 0.001 0.001 0.000 0.000 0.000 0.000 0.001 0.000 0.000 0.000 0.000 0.000 0.000 0.000 0.001 0.001 0.001 0.001 0.001 0.000 0.000 0.000 0.000 0.000 0.000 0.000 0.000 0.000
0.026 0.023 0.020 0.019 0.018 0.017 0.016 0.016 0.015 0.015 0.014 0.015 0.015 0.017 0.019 0.024 0.034 0.056 0.090 0.108 0.112 0.108 0.085 0.045 0.021 0.011 0.007 0.006 0.007 0.012 0.015 0.017 0.018 0.018 0.017 0.014 0.010 0.007 0.005 0.004 0.003 0.003 0.003 0.003 0.002 0.002 0.001 0.001 0.001 0.001 0.001 0.000 0.000 0.000 0.000 0.000 0.000 0.000 0.000 0.000 0.000 0.000 0.001 0.001 0.001 0.001 0.001 0.001 0.000 0.000 0.000 0.000 0.000 0.000 0.000 0.000 0.000
0.035 0.031 0.027 0.025 0.023 0.022 0.020 0.018 0.017 0.016 0.016 0.016 0.016 0.018 0.021 0.028 0.041 0.070 0.100 0.112 0.113 0.103 0.070 0.034 0.016 0.008 0.005 0.003 0.003 0.004 0.004 0.005 0.006 0.006 0.006 0.005 0.004 0.002 0.002 0.001 0.001 0.001 0.001 0.001 0.001 0.001 0.001 0.001 0.001 0.001 0.001 0.001 0.000 0.000 0.001 0.000 0.000 0.000 0.000 0.000 0.000 0.000 0.001 0.001 0.001 0.001 0.001 0.000 0.000 0.000 0.000 0.000 0.000 0.000 0.000 0.000 0.000
0.051 0.044 0.039 0.035 0.031 0.027 0.024 0.022 0.020 0.018 0.018 0.018 0.018 0.020 0.024 0.032 0.050 0.084 0.107 0.114 0.113 0.095 0.055 0.026 0.013 0.007 0.004 0.003 0.002 0.002 0.002 0.002 0.002 0.002 0.002 0.002 0.001 0.001 0.001 0.001 0.001 0.001 0.001 0.001 0.001 0.001 0.001 0.001 0.001 0.001 0.001 0.001 0.001 0.001 0.001 0.000 0.000 0.000 0.000 0.000 0.000 0.000 0.001 0.001 0.001 0.001 0.001 0.000 0.000 0.000 0.000 0.000 0.000 0.000 0.000 0.000 0.000
0.076 0.066 0.057 0.050 0.042 0.036 0.030 0.026 0.023 0.022 0.021 0.021 0.022 0.024 0.028 0.038 0.063 0.096 0.112 0.115 0.110 0.084 0.043 0.021 0.011 0.006 0.004 0.002 0.002 0.001 0.001 0.001 0.001 0.001 0.001 0.001 0.001 0.001 0.001 0.001 0.000 0.001 0.001 0.001 0.001 0.001 0.001 0.001 0.001 0.001 0.001 0.001 0.001 0.001 0.000 0.000 0.000 0.000 0.001 0.000 0.000 0.000 0.001 0.001 0.001 0.001 0.000 0.000 0.000 0.000 0.000 0.000 0.000 0.000 0.000 0.000 0.000
0.110 0.099 0.086 0.074 0.061 0.050 0.041 0.034 0.029 0.027 0.026 0.026 0.026 0.028 0.033 0.046 0.075 0.103 0.113 0.114 0.104 0.070 0.034 0.017 0.009 0.005 0.003 0.002 0.002 0.001 0.001 0.001 0.001 0.000 0.000 0.000 0.000 0.000 0.001 0.001 0.000 0.001 0.001 0.001 0.001 0.001 0.001 0.001 0.001 0.001 0.001 0.001 0.001 0.001 0.000 0.000 0.000 0.000 0.001 0.000 0.000 0.000 0.001 0.001 0.001 0.000 0.000 0.000 0.000 0.000 0.000 0.000 0.000 0.000 0.000 0.000 0.000
0.155 0.145 0.130 0.113 0.093 0.074 0.058 0.047 0.039 0.035 0.032 0.032 0.032 0.034 0.039 0.054 0.086 0.108 0.114 0.112 0.095 0.056 0.028 0.015 0.008 0.005 0.003 0.002 0.002 0.001 0.001 0.001 0.001 0.000 0.000 0.000 0.000 0.000 0.001 0.001 0.000 0.001 0.001 0.001 0.001 0.001 0.001 0.001 0.001 0.001 0.001 0.001 0.001 0.000 0.000 0.000 0.000 0.000 0.000 0.000 0.000 0.000 0.001 0.001 0.001 0.000 0.000 0.000 0.000 0.000 0.000 0.000 0.000 0.000 0.000 0.000 0.000
0.212 0.203 0.189 0.169 0.144 0.115 0.088 0.068 0.055 0.047 0.042 0.040 0.040 0.042 0.047 0.065 0.095 0.110 0.113 0.108 0.083 0.045 0.024 0.013 0.008 0.005 0.003 0.002 0.001 0.001 0.001 0.001 0.001 0.001 0.000 0.000 0.000 0.000 0.000 0.000 0.000 0.000 0.000 0.000 0.001 0.001 0.001 0.001 0.001 0.001 0.001 0.001 0.001 0.000 0.000 0.000 0.000 0.000 0.000 0.000 0.000 0.001 0.001 0.001 0.000 0.000 0.000 0.000 0.000 0.000 0.000 0.000 0.000 0.000 0.000 0.000 0.000
0.283 0.277 0.264 0.244 0.216 0.180 0.139 0.105 0.081 0.066 0.057 0.053 0.052 0.053 0.060 0.080 0.103 0.112 0.112 0.101 0.069 0.037 0.021 0.012 0.008 0.005 0.003 0.002 0.001 0.001 0.001 0.001 0.001 0.001 0.001 0.000 0.000 0.000 0.000 0.000 0.000 0.000 0.000 0.000 0.000 0.000 0.001 0.001 0.001 0.001 0.001 0.001 0.001 0.000 0.000 0.000 0.000 0.000 0.000 0.000 0.001 0.001 0.001 0.000 0.000 0.000 0.000 0.000 0.000 0.000 0.000 0.000 0.000 0.000 0.000 0.000 0.000
0.371 0.366 0.356 0.338 0.310 0.269 0.217 0.165 0.124 0.097 0.080 0.072 0.069 0.070 0.077 0.096 0.110 0.114 0.110 0.090 0.055 0.031 0.019 0.012 0.008 0.005 0.003 0.002 0.001 0.001 0.000 0.000 0.001 0.001 0.001 0.000 0.000 0.001 0.000 0.000 0.000 0.001 0.001 0.000 0.000 0.000 0.000 0.001 0.001 0.001 0.001 0.001 0.001 0.000 0.000 0.000 0.000 0.000 0.000 0.000 0.001 0.001 0.001 0.000 0.000 0.000 0.000 0.000 0.000 0.000 0.000 0.000 0.000 0.000 0.000 0.000 0.000
0.477 0.475 0.467 0.452 0.424 0.383 0.325 0.255 0.192 0.147 0.118 0.101 0.094 0.094 0.099 0.113 0.119 0.118 0.106 0.076 0.044 0.027 0.018 0.012 0.008 0.005 0.003 0.002 0.001 0.001 0.000 0.000 0.000 0.001 0.001 0.000 0.000 0.001 0.000 0.000 0.001 0.001 0.001 0.001 0.000 0.000 0.000 0.000 0.001 0.001 0.001 0.001 0.000 0.000 0.000 0.000 0.000 0.000 0.000 0.001 0.001 0.001 0.000 0.000 0.000 0.000 0.000 0.000 0.000 0.000 0.000 0.000 0.000 0.000 0.000 0.000 0.000
0.606 0.605 0.600 0.587 0.561 0.520 0.460 0.380 0.293 0.224 0.176 0.146 0.131 0.126 0.128 0.132 0.131 0.122 0.096 0.061 0.038 0.026 0.018 0.012 0.008 0.005 0.003 0.002 0.001 0.001 0.000 0.000 0.000 0.000 0.001 0.000 0.000 0.001 0.000 0.000 0.000 0.001 0.001 0.001 0.000 0.000 0.000 0.000 0.000 0.001 0.001 0.001 0.000 0.000 0.000 0.000 0.000 0.000 0.001 0.001 0.001 0.001 0.000 0.000 0.000 0.000 0.000 0.000 0.000 0.000 0.000 0.000 0.000 0.000 0.000 0.000 0.000
0.759 0.759 0.756 0.745 0.722 0.682 0.622 0.538 0.433 0.335 0.262 0.213 0.185 0.171 0.163 0.155 0.142 0.118 0.083 0.053 0.037 0.026 0.018 0.012 0.008 0.005 0.003 0.002 0.001 0.001 0.000 0.000 0.000 0.000 0.000 0.000 0.000 0.000 0.000 0.000 0.001 0.001 0.000 0.000 0.000 0.000 0.000 0.000 0.000 0.000 0.000 0.001 0.000 0.000 0.000 0.000 0.000 0.001 0.001 0.001 0.001 0.001 0.000 0.000 0.000 0.000 0.000 0.000 0.000 0.000 0.000 0.000 0.000 0.000 0.000 0.000 0.000
0.939 0.940 0.938 0.929 0.909 0.871 0.813 0.728 0.616 0.490 0.385 0.311 0.263 0.232 0.206 0.179 0.149 0.112 0.076 0.052 0.036 0.026 0.019 0.013 0.008 0.004 0.002 0.001 0.001 0.001 0.000 0.000 0.000 0.000 0.000 0.000 0.000 0.000 0.000 0.001 0.001 0.001 0.000 0.000 0.000 0.000 0.000 0.000 0.000 0.000 0.000 0.000 0.000 0.000 0.000 0.000 0.000 0.000 0.000 0.000 0.000 0.000 0.000 0.000 0.000 0.000 0.000 0.000 0.000 0.000 0.000 0.000 0.000 0.000 0.000 0.000 0.000
1.143 1.146 1.145 1.139 1.121 1.088 1.032 0.950 0.837 0.694 0.553 0.444 0.365 0.305 0.253 0.204 0.155 0.110 0.075 0.053 0.038 0.028 0.020 0.013 0.008 0.004 0.002 0.001 0.001 0.001 0.001 0.000 0.000 0.000 0.000 0.000 0.000 0.000 0.000 0.001 0.001 0.001 0.001 0.000 0.000 0.000 0.000 0.000 0.001 0.000 0.000 0.000 0.000 0.000 0.000 0.000 0.000 0.000 0.000 0.000 0.000 0.000 0.000 0.000 0.000 0.000 0.000 0.000 0.000 0.000 0.000 0.000 0.000 0.000 0.000 0.000 0.000
1.337 1.346 1.347 1.344 1.332 1.306 1.260 1.189 1.086 0.942 0.768 0.611 0.487 0.388 0.303 0.229 0.165 0.115 0.080 0.058 0.042 0.031 0.022 0.014 0.008 0.004 0.002 0.001 0.001 0.001 0.000 0.001 0.000 0.000 0.000 0.000 0.000 0.000 0.000 0.001 0.001 0.001 0.001 0.000 0.000 0.000 0.000 0.000 0.000 0.001 0.000 0.000 0.000 0.000 0.000 0.000 0.000 0.000 0.001 0.001 0.001 0.000 0.000 0.000 0.000 0.000 0.000 0.000 0.000 0.000 0.000 0.000 0.000 0.000 0.000 0.000 0.000
1.502 1.517 1.522 1.521 1.514 1.494 1.459 1.401 1.311 1.180 1.003 0.803 0.624 0.479 0.360 0.263 0.187 0.132 0.095 0.069 0.051 0.037 0.025 0.015 0.008 0.004 0.002 0.001 0.001 0.000 0.000 0.001 0.001 0.001 0.000 0.000 0.000 0.000 0.001 0.001 0.001 0.001 0.001 0.001 0.000 0.000 0.000 0.000 0.000 0.001 0.000 0.000 0.000 0.000 0.000 0.000 0.000 0.001 0.001 0.001 0.001 0.001 0.000 0.000 0.000 0.000 0.000 0.000 0.000 0.000 0.000 0.000 0.000 0.000 0.000 0.000 0.000
1.639 1.659 1.668 1.670 1.666 1.653 1.627 1.578 1.497 1.376 1.214 1.005 0.778 0.585 0.432 0.314 0.227 0.166 0.122 0.090 0.065 0.045 0.029 0.016 0.008 0.004 0.002 0.001 0.001 0.000 0.000 0.000 0.001 0.001 0.000 0.000 0.000 0.000 0.001 0.001 0.001 0.001 0.001 0.001 0.000 0.000 0.000 0.000 0.000 0.000 0.000 0.000 0.000 0.000 0.000 0.000 0.000 0.001 0.001 0.001 0.001 0.001 0.000 0.000 0.000 0.000 0.000 0.000 0.000 0.000 0.000 0.000 0.000 0.000 0.000 0.000 0.000
1.750 1.773 1.786 1.790 1.790 1.783 1.762 1.719 1.645 1.538 1.390 1.195 0.953 0.716 0.531 0.394 0.296 0.224 0.168 0.123 0.085 0.055 0.032 0.017 0.008 0.004 0.002 0.001 0.001 0.000 0.000 0.000 0.000 0.001 0.000 0.000 0.000 0.000 0.001 0.001 0.001 0.001 0.001 0.000 0.000 0.001 0.000 0.000 0.000 0.000 0.000 0.000 0.000 0.000 0.000 0.000 0.001 0.001 0.001 0.001 0.001 0.000 0.000 0.000 0.000 0.000 0.000 0.000 0.000 0.000 0.000 0.000 0.000 0.000 0.000 0.000 0.000
1.838 1.862 1.876 1.884 1.887 1.883 1.865 1.825 1.761 1.665 1.533 1.360 1.138 0.885 0.676 0.520 0.405 0.315 0.238 0.170 0.111 0.065 0.033 0.016 0.007 0.003 0.002 0.001 0.001 0.000 0.000 0.000 0.000 0.000 0.000 0.000 0.000 0.000 0.000 0.000 0.000 0.000 0.000 0.000 0.000 0.000 0.001 0.000 0.000 0.000 0.000 0.000 0.000 0.000 0.000 0.001 0.001 0.001 0.001 0.001 0.001 0.000 0.000 0.000 0.000 0.000 0.000 0.000 0.000 0.000 0.000 0.000 0.000 0.000 0.000 0.000 0.000
1.905 1.932 1.947 1.955 1.958 1.955 1.939 1.905 1.849 1.764 1.647 1.496 1.307 1.081 0.871 0.700 0.559 0.434 0.319 0.215 0.129 0.069 0.033 0.015 0.007 0.003 0.001 0.001 0.001 0.000 0.001 0.000 0.000 0.000 0.000 0.000 0.000 0.000 0.000 0.001 0.001 0.001 0.000 0.000 0.000 0.000 0.001 0.001 0.001 0.000 0.000 0.000 0.000 0.000 0.000 0.001 0.001 0.001 0.001 0.001 0.001 0.000 0.000 0.000 0.000 0.000 0.000 0.000 0.000 0.000 0.000 0.000 0.000 0.000 0.000 0.000 0.000
1.956 1.985 2.001 2.008 2.010 2.007 1.993 1.964 1.913 1.838 1.735 1.603 1.439 1.245 1.044 0.859 0.687 0.524 0.371 0.238 0.136 0.068 0.030 0.013 0.005 0.002 0.001 0.001 0.000 0.000 0.000 0.001 0.000 0.000 0.000 0.000 0.000 0.000 0.000 0.001 0.001 0.001 0.000 0.000 0.000 0.000 0.000 0.001 0.000 0.000 0.000 0.000 0.000 0.000 0.001 0.001 0.000 0.000 0.000 0.000 0.000 0.000 0.000 0.000 0.000 0.000 0.000 0.000 0.000 0.000 0.000 0.000 0.000 0.000 0.000 0.000 0.000
1.994 2.025 2.043 2.050 2.050 2.045 2.033 2.006 1.960 1.893 1.802 1.683 1.534 1.357 1.161 0.964 0.767 0.570 0.389 0.241 0.133 0.063 0.026 0.010 0.004 0.002 0.001 0.001 0.000 0.000 0.000 0.001 0.001 0.000 0.000 0.000 0.000 0.000 0.000 0.001 0.001 0.001 0.000 0.000 0.000 0.000 0.000 0.000 0.000 0.000 0.000 0.000 0.000 0.001 0.001 0.000 0.000 0.000 0.000 0.000 0.000 0.000 0.000 0.000 0.000 0.000 0.000 0.000 0.000 0.000 0.000 0.000 0.000 0.000 0.000 0.000 0.000
2.019 2.056 2.076 2.082 2.082 2.077 2.066 2.041 1.999 1.937 1.853 1.742 1.598 1.424 1.229 1.022 0.804 0.580 0.385 0.229 0.118 0.052 0.020 0.007 0.003 0.001 0.001 0.001 0.001 0.000 0.000 0.000 0.001 0.000 0.000 0.000 0.000 0.000 0.001 0.001 0.001 0.001 0.000 0.000 0.000 0.000 0.000 0.000 0.000 0.000 0.000 0.000 0.000 0.001 0.000 0.000 0.000 0.001 0.001 0.001 0.000 0.000 0.000 0.000 0.000 0.000 0.000 0.000 0.000 0.000 0.000 0.000 0.000 0.000 0.000 0.000 0.000
2.035 2.078 2.101 2.109 2.111 2.107 2.096 2.073 2.034 1.976 1.894 1.781 1.636 1.460 1.261 1.045 0.810 0.565 0.355 0.194 0.089 0.035 0.013 0.005 0.002 0.001 0.001 0.000 0.001 0.001 0.000 0.000 0.000 0.000 0.000 0.000 0.000 0.000 0.001 0.001 0.001 0.001 0.001 0.000 0.000 0.000 0.000 0.000 0.000 0.000 0.000 0.000 0.000 0.000 0.000 0.000 0.000 0.000 0.000 0.000 0.000 0.000 0.000 0.000 0.000 0.000 0.000 0.000 0.000 0.000 0.000 0.000 0.000 0.000 0.000 0.000 0.000
2.042 2.092 2.121 2.134 2.136 2.134 2.125 2.104 2.067 2.008 1.921 1.803 1.653 1.474 1.270 1.048 0.795 0.524 0.301 0.145 0.059 0.022 0.008 0.003 0.001 0.001 0.000 0.000 0.000 0.001 0.001 0.000 0.000 0.000 0.000 0.000 0.000 0.000 0.000 0.000 0.000 0.000 0.000 0.000 0.000 0.000 0.000 0.000 0.000 0.000 0.000 0.000 0.000 0.000 0.000 0.001 0.001 0.001 0.001 0.000 0.000 0.000 0.000 0.000 0.000 0.000 0.000 0.000 0.000 0.000 0.000 0.000 0.000 0.000 0.000 0.000 0.000
2.043 2.099 2.137 2.156 2.161 2.160 2.153 2.133 2.094 2.031 1.937 1.812 1.657 1.476 1.270 1.036 0.754 0.462 0.240 0.104 0.039 0.015 0.005 0.002 0.001 0.001 0.000 0.000 0.000 0.000 0.001 0.001 0.000 0.000 0.000 0.000 0.000 0.000 0.000 0.000 0.001 0.001 0.001 0.001 0.000 0.000 0.000 0.000 0.000 0.000 0.000 0.000 0.000 0.000 0.000 0.000 0.000 0.000 0.001 0.000 0.000 0.000 0.000 0.000 0.000 0.000 0.000 0.000 0.000 0.000 0.000 0.000 0.000 0.000 0.000 0.000 0.000
2.036 2.097 2.144 2.174 2.184 2.185 2.178 2.157 2.114 2.044 1.943 1.812 1.655 1.472 1.259 1.002 0.683 0.387 0.184 0.074 0.027 0.010 0.004 0.001 0.001 0.001 0.000 0.000 0.000 0.000 0.000 0.001 0.000 0.000 0.000 0.000 0.000 0.000 0.000 0.001 0.001 0.001 0.001 0.000 0.001 0.000 0.000 0.000 0.000 0.000 0.000 0.000 0.000 0.000 0.000 0.000 0.000 0.000 0.000 0.000 0.000 0.000 0.000 0.000 0.000 0.000 0.000 0.000 0.000 0.000 0.000 0.000 0.000 0.000 0.000 0.000 0.000
2.014 2.086 2.145 2.186 2.205 2.208 2.201 2.177 2.128 2.051 1.945 1.811 1.650 1.460 1.230 0.934 0.585 0.306 0.133 0.050 0.018 0.006 0.002 0.001 0.001 0.001 0.000 0.000 0.000 0.000 0.000 0.000 0.000 0.000 0.000 0.000 0.000 0.000 0.000 0.001 0.001 0.001 0.001 0.000 0.000 0.001 0.000 0.000 0.000 0.000 0.000 0.000 0.000 0.000 0.000 0.000 0.000 0.000 0.000 0.000 0.000 0.000 0.000 0.000 0.000 0.000 0.000 0.000 0.000 0.000 0.000 0.000 0.000 0.000 0.000 0.000 0.000
1.972 2.057 2.134 2.191 2.220 2.226 2.218 2.190 2.136 2.053 1.942 1.804 1.635 1.428 1.162 0.813 0.463 0.220 0.087 0.031 0.011 0.004 0.001 0.001 0.001 0.001 0.001 0.000 0.000 0.000 0.000 0.000 0.000 0.000 0.000 0.000 0.000 0.000 0.000 0.001 0.001 0.001 0.001 0.000 0.000 0.000 0.001 0.000 0.000 0.000 0.000 0.000 0.000 0.000 0.000 0.000 0.001 0.000 0.000 0.000 0.000 0.000 0.000 0.000 0.000 0.000 0.000 0.000 0.000 0.000 0.000 0.000 0.000 0.000 0.000 0.000 0.000
1.904 1.997 2.094 2.177 2.222 2.234 2.226 2.195 2.136 2.048 1.928 1.773 1.578 1.329 1.005 0.626 0.317 0.133 0.049 0.017 0.006 0.002 0.001 0.001 0.001 0.001 0.001 0.001 0.000 0.000 0.000 0.000 0.000 0.000 0.000 0.000 0.000 0.000 0.001 0.001 0.001 0.001 0.001 0.001 0.000 0.000 0.000 0.001 0.000 0.000 0.000 0.000 0.000 0.000 0.000 0.000 0.000 0.000 0.000 0.000 0.000 0.000 0.000 0.000 0.000 0.000 0.000 0.000 0.000 0.000 0.000 0.000 0.000 0.000 0.000 0.000 0.000
1.801 1.888 1.989 2.095 2.171 2.207 2.210 2.184 2.122 2.018 1.870 1.670 1.412 1.093 0.722 0.386 0.173 0.067 0.024 0.008 0.003 0.001 0.001 0.001 0.001 0.001 0.001 0.001 0.001 0.000 0.000 0.000 0.000 0.000 0.000 0.000 0.000 0.000 0.000 0.000 0.000 0.000 0.000 0.000 0.001 0.000 0.000 0.000 0.000 0.000 0.000 0.000 0.000 0.000 0.000 0.000 0.000 0.000 0.000 0.000 0.000 0.000 0.000 0.000 0.000 0.000 0.000 0.000 0.000 0.000 0.000 0.000 0.000 0.000 0.000 0.000 0.000
