RESULTS/r.avaflow_results/11_results/11_ascii/11_hflow0020.asc
ncols 506
nrows 317
xllcenter 498237.50
yllcenter 5580050.00
cellsize 12.50
NODATA_value -9999.000
[rows 170 to 203 of 317, columns 77 to 153 of 506]
0.000 0.000 0.000 0.000 0.000 0.000 0.000 0.000 0.000 0.000 0.000 0.000 0.000 0.000 0.001 0.001 0.002 0.004 0.005 0.007 0.010 0.016 0.029 0.052 0.089 0.133 0.167 0.193 0.218 0.243 0.268 0.295 0.323 0.353 0.386 0.425 0.457 0.475 0.479 0.475 0.450 0.409 0.391 0.415 0.522 0.734 1.023 1.350 1.716 2.167 2.785 3.684 4.763 5.668 6.232 6.568 6.848 7.242 7.822 8.601 9.589 10.750 11.898 12.702 13.157 13.412 13.564 13.610 13.482 13.200 12.848 12.370 11.788 11.276 10.902 10.624 10.406
0.000 0.000 0.000 0.000 0.000 0.000 0.000 0.000 0.000 0.000 0.000 0.000 0.000 0.001 0.002 0.004 0.006 0.009 0.013 0.018 0.026 0.039 0.062 0.099 0.150 0.198 0.234 0.266 0.296 0.327 0.358 0.391 0.425 0.463 0.506 0.560 0.610 0.640 0.649 0.644 0.618 0.592 0.612 0.739 1.033 1.475 1.988 2.527 3.127 3.856 4.728 5.649 6.422 6.934 7.226 7.416 7.616 7.934 8.428 9.118 10.011 11.082 12.125 12.838 13.244 13.472 13.566 13.529 13.390 13.199 12.977 12.742 12.569 12.563 12.683 12.873 13.142
0.000 0.000 0.000 0.000 0.000 0.000 0.000 0.000 0.000 0.000 0.000 0.000 0.001 0.002 0.005 0.008 0.013 0.019 0.027 0.038 0.053 0.076 0.113 0.166 0.225 0.275 0.316 0.355 0.393 0.432 0.471 0.511 0.554 0.600 0.653 0.721 0.792 0.840 0.864 0.871 0.867 0.896 1.037 1.385 1.960 2.675 3.399 4.153 4.983 5.812 6.551 7.138 7.529 7.748 7.878 7.993 8.154 8.413 8.822 9.415 10.208 11.194 12.153 12.791 13.161 13.347 13.401 13.407 13.405 13.394 13.427 13.553 13.780 14.080 14.467 15.027 15.852
0.000 0.000 0.000 0.000 0.000 0.000 0.000 0.000 0.000 0.000 0.000 0.001 0.002 0.005 0.009 0.015 0.023 0.034 0.048 0.066 0.092 0.129 0.181 0.246 0.311 0.366 0.416 0.465 0.513 0.562 0.610 0.660 0.711 0.767 0.830 0.908 0.997 1.074 1.133 1.184 1.254 1.424 1.809 2.478 3.385 4.324 5.178 5.969 6.703 7.336 7.822 8.121 8.265 8.329 8.373 8.433 8.548 8.750 9.081 9.578 10.265 11.145 11.994 12.549 12.883 13.070 13.212 13.376 13.577 13.823 14.085 14.366 14.693 15.094 15.650 16.504 17.763
0.000 0.000 0.000 0.000 0.000 0.000 0.000 0.000 0.000 0.000 0.000 0.001 0.004 0.009 0.016 0.025 0.037 0.054 0.075 0.103 0.141 0.192 0.257 0.334 0.409 0.476 0.540 0.602 0.662 0.721 0.780 0.840 0.902 0.967 1.039 1.125 1.228 1.345 1.469 1.609 1.826 2.259 3.010 4.089 5.233 6.168 6.884 7.473 7.971 8.357 8.607 8.722 8.763 8.762 8.750 8.752 8.801 8.931 9.179 9.576 10.136 10.867 11.589 12.090 12.456 12.762 13.070 13.393 13.733 14.072 14.392 14.719 15.093 15.586 16.306 17.362 18.817
0.000 0.000 0.000 0.000 0.000 0.000 0.000 0.000 0.000 0.000 0.000 0.002 0.006 0.012 0.021 0.035 0.053 0.077 0.107 0.146 0.196 0.261 0.340 0.431 0.524 0.610 0.692 0.771 0.845 0.917 0.988 1.057 1.128 1.201 1.277 1.368 1.486 1.635 1.830 2.107 2.559 3.360 4.578 5.925 6.992 7.747 8.245 8.584 8.836 8.994 9.070 9.095 9.092 9.063 9.012 8.950 8.909 8.948 9.099 9.384 9.802 10.353 10.939 11.447 11.937 12.426 12.897 13.332 13.722 14.073 14.399 14.740 15.138 15.689 16.504 17.643 19.110
0.000 0.000 0.000 0.000 0.000 0.000 0.000 0.000 0.000 0.000 0.000 0.002 0.006 0.014 0.025 0.041 0.064 0.096 0.138 0.192 0.257 0.337 0.432 0.542 0.661 0.773 0.878 0.977 1.069 1.156 1.238 1.316 1.391 1.464 1.537 1.616 1.723 1.882 2.122 2.500 3.153 4.290 5.909 7.381 8.377 8.973 9.253 9.355 9.387 9.375 9.354 9.330 9.297 9.242 9.156 9.036 8.897 8.824 8.862 9.021 9.291 9.657 10.111 10.654 11.296 11.941 12.508 12.984 13.383 13.721 14.031 14.367 14.775 15.377 16.275 17.470 18.929
0.000 0.000 0.000 0.000 0.000 0.000 0.000 0.000 0.000 0.000 0.000 0.002 0.007 0.015 0.027 0.044 0.070 0.108 0.160 0.231 0.318 0.421 0.540 0.676 0.825 0.968 1.102 1.226 1.341 1.445 1.538 1.620 1.691 1.751 1.799 1.846 1.925 2.078 2.347 2.793 3.569 4.932 6.855 8.436 9.392 9.828 9.926 9.861 9.715 9.603 9.528 9.465 9.397 9.310 9.188 9.016 8.798 8.606 8.513 8.529 8.641 8.834 9.166 9.704 10.425 11.125 11.692 12.139 12.495 12.784 13.056 13.364 13.768 14.410 15.388 16.673 18.185
0.000 0.000 0.000 0.000 0.000 0.000 0.000 0.000 0.000 0.000 0.000 0.002 0.007 0.015 0.027 0.045 0.072 0.113 0.173 0.259 0.371 0.508 0.663 0.836 1.022 1.202 1.370 1.526 1.667 1.788 1.889 1.967 2.019 2.045 2.051 2.060 2.104 2.237 2.518 3.015 3.860 5.332 7.452 9.129 10.040 10.341 10.326 10.142 9.882 9.723 9.614 9.517 9.415 9.298 9.145 8.934 8.665 8.391 8.175 8.039 7.968 7.973 8.139 8.557 9.221 9.879 10.379 10.747 11.022 11.240 11.461 11.734 12.153 12.862 13.938 15.333 16.949
0.000 0.000 0.000 0.000 0.000 0.000 0.000 0.000 0.000 0.000 0.000 0.002 0.006 0.014 0.026 0.044 0.072 0.113 0.177 0.272 0.408 0.583 0.788 1.017 1.247 1.463 1.665 1.850 2.015 2.148 2.244 2.303 2.326 2.324 2.294 2.262 2.275 2.381 2.659 3.188 4.070 5.551 7.739 9.502 10.384 10.594 10.518 10.243 9.947 9.764 9.632 9.512 9.391 9.254 9.078 8.837 8.530 8.197 7.878 7.590 7.338 7.165 7.151 7.340 7.763 8.255 8.633 8.900 9.100 9.283 9.510 9.836 10.359 11.177 12.323 13.769 15.448
0.000 0.000 0.000 0.000 0.000 0.000 0.000 0.000 0.000 0.000 0.000 0.002 0.005 0.012 0.023 0.040 0.067 0.107 0.171 0.271 0.421 0.631 0.893 1.181 1.449 1.695 1.922 2.129 2.311 2.455 2.550 2.596 2.604 2.590 2.534 2.460 2.447 2.526 2.796 3.338 4.235 5.668 7.804 9.620 10.520 10.692 10.568 10.246 9.954 9.764 9.618 9.484 9.352 9.202 9.007 8.740 8.396 8.002 7.586 7.156 6.738 6.419 6.252 6.251 6.428 6.714 6.961 7.167 7.366 7.588 7.862 8.244 8.829 9.680 10.803 12.184 13.803
0.000 0.000 0.000 0.000 0.000 0.000 0.000 0.000 0.000 0.000 0.000 0.001 0.003 0.008 0.016 0.029 0.051 0.087 0.145 0.244 0.404 0.642 0.964 1.314 1.618 1.890 2.136 2.358 2.550 2.703 2.806 2.854 2.861 2.845 2.778 2.664 2.624 2.679 2.936 3.485 4.384 5.747 7.757 9.590 10.525 10.704 10.553 10.210 9.929 9.739 9.579 9.435 9.294 9.131 8.914 8.619 8.232 7.771 7.260 6.706 6.156 5.724 5.435 5.289 5.290 5.415 5.572 5.742 5.941 6.182 6.481 6.887 7.470 8.267 9.290 10.544 12.012
0.000 0.000 0.000 0.000 0.000 0.000 0.000 0.000 0.000 0.000 0.000 0.000 0.001 0.003 0.007 0.014 0.027 0.049 0.092 0.177 0.338 0.604 0.987 1.409 1.754 2.050 2.311 2.542 2.741 2.900 3.015 3.078 3.097 3.089 3.031 2.900 2.825 2.854 3.085 3.619 4.504 5.806 7.641 9.406 10.378 10.602 10.463 10.126 9.845 9.652 9.486 9.339 9.185 9.003 8.764 8.439 8.008 7.481 6.883 6.220 5.575 5.058 4.676 4.428 4.312 4.320 4.412 4.555 4.744 4.978 5.275 5.672 6.208 6.902 7.772 8.840 10.102
0.000 0.000 0.000 0.000 0.000 0.000 0.000 0.000 0.000 0.000 0.000 0.000 0.000 0.001 0.002 0.005 0.010 0.019 0.041 0.093 0.227 0.505 0.944 1.453 1.850 2.175 2.454 2.694 2.898 3.062 3.185 3.268 3.309 3.319 3.290 3.186 3.081 3.077 3.254 3.741 4.585 5.826 7.474 9.026 9.971 10.270 10.203 9.944 9.676 9.480 9.310 9.152 8.979 8.779 8.518 8.164 7.695 7.113 6.437 5.687 4.979 4.407 3.968 3.666 3.493 3.432 3.465 3.566 3.725 3.938 4.207 4.558 5.012 5.587 6.309 7.210 8.292
0.000 0.000 0.000 0.000 0.000 0.000 0.000 0.000 0.000 0.000 0.000 0.000 0.000 0.000 0.001 0.002 0.003 0.007 0.015 0.043 0.129 0.369 0.829 1.428 1.900 2.265 2.571 2.826 3.037 3.206 3.334 3.427 3.490 3.524 3.530 3.494 3.419 3.392 3.497 3.893 4.650 5.800 7.246 8.487 9.318 9.685 9.716 9.596 9.389 9.196 9.016 8.833 8.640 8.422 8.135 7.757 7.266 6.652 5.922 5.111 4.378 3.792 3.350 3.040 2.844 2.747 2.733 2.785 2.894 3.055 3.269 3.542 3.893 4.350 4.938 5.679 6.571
0.000 0.000 0.000 0.000 0.000 0.000 0.000 0.000 0.000 0.000 0.000 0.000 0.000 0.000 0.000 0.000 0.001 0.002 0.006 0.020 0.071 0.243 0.658 1.308 1.892 2.315 2.662 2.944 3.168 3.344 3.475 3.571 3.642 3.694 3.726 3.740 3.737 3.752 3.848 4.154 4.756 5.722 6.913 7.846 8.499 8.894 9.033 9.030 8.928 8.767 8.570 8.342 8.086 7.837 7.553 7.184 6.704 6.094 5.344 4.515 3.801 3.241 2.820 2.518 2.319 2.206 2.163 2.175 2.234 2.335 2.473 2.651 2.893 3.229 3.681 4.244 4.882
0.000 0.000 0.000 0.000 0.000 0.000 0.000 0.000 0.000 0.000 0.000 0.000 0.000 0.000 0.000 0.000 0.000 0.001 0.003 0.010 0.039 0.148 0.468 1.077 1.796 2.325 2.724 3.050 3.298 3.483 3.616 3.709 3.777 3.831 3.871 3.907 3.940 3.987 4.100 4.360 4.834 5.597 6.509 7.208 7.699 8.030 8.212 8.266 8.243 8.145 7.946 7.658 7.283 6.962 6.689 6.381 5.979 5.430 4.713 3.916 3.256 2.744 2.355 2.074 1.882 1.765 1.708 1.693 1.710 1.754 1.820 1.910 2.042 2.247 2.546 2.908 3.240
0.000 0.000 0.000 0.000 0.000 0.000 0.000 0.000 0.000 0.000 0.000 0.000 0.000 0.000 0.000 0.000 0.000 0.001 0.002 0.006 0.022 0.083 0.292 0.785 1.555 2.254 2.751 3.139 3.428 3.627 3.760 3.846 3.904 3.945 3.976 4.005 4.036 4.089 4.200 4.425 4.818 5.417 6.077 6.578 6.929 7.163 7.313 7.371 7.371 7.310 7.121 6.772 6.251 5.807 5.530 5.298 5.026 4.622 4.027 3.318 2.730 2.280 1.938 1.683 1.503 1.387 1.325 1.295 1.283 1.281 1.288 1.307 1.343 1.415 1.545 1.700 1.788
0.000 0.000 0.000 0.000 0.000 0.000 0.000 0.000 0.000 0.000 0.000 0.000 0.000 0.000 0.000 0.000 0.000 0.000 0.001 0.003 0.012 0.045 0.163 0.502 1.180 2.039 2.707 3.193 3.555 3.785 3.916 3.990 4.030 4.048 4.052 4.053 4.066 4.108 4.212 4.410 4.726 5.167 5.608 5.929 6.151 6.278 6.349 6.371 6.362 6.292 6.100 5.742 5.206 4.682 4.339 4.097 3.878 3.622 3.235 2.703 2.210 1.835 1.547 1.324 1.158 1.047 0.985 0.947 0.916 0.885 0.854 0.824 0.796 0.780 0.788 0.800 0.782
0.000 0.000 0.000 0.000 0.000 0.000 0.000 0.000 0.000 0.000 0.000 0.000 0.000 0.000 0.000 0.000 0.000 0.000 0.001 0.002 0.006 0.023 0.084 0.284 0.783 1.640 2.538 3.178 3.640 3.942 4.090 4.147 4.162 4.146 4.099 4.065 4.062 4.091 4.169 4.312 4.533 4.822 5.075 5.240 5.334 5.369 5.374 5.359 5.320 5.232 5.057 4.766 4.339 3.831 3.424 3.132 2.883 2.639 2.362 2.013 1.659 1.372 1.143 0.961 0.820 0.723 0.666 0.629 0.593 0.551 0.507 0.461 0.410 0.366 0.336 0.313 0.290
0.000 0.000 0.000 0.000 0.000 0.000 0.000 0.000 0.000 0.000 0.000 0.000 0.000 0.000 0.000 0.000 0.000 0.000 0.000 0.001 0.003 0.011 0.040 0.143 0.451 1.136 2.144 3.035 3.649 4.043 4.246 4.298 4.287 4.226 4.118 4.045 4.011 4.004 4.031 4.099 4.213 4.354 4.447 4.488 4.491 4.489 4.473 4.448 4.394 4.305 4.155 3.926 3.596 3.173 2.758 2.421 2.139 1.884 1.632 1.367 1.114 0.902 0.728 0.594 0.494 0.429 0.389 0.359 0.329 0.296 0.261 0.222 0.182 0.152 0.133 0.120 0.109
0.000 0.000 0.000 0.000 0.000 0.000 0.000 0.000 0.000 0.000 0.000 0.000 0.000 0.000 0.000 0.000 0.000 0.000 0.000 0.001 0.001 0.005 0.018 0.066 0.225 0.652 1.513 2.625 3.503 4.044 4.321 4.401 4.376 4.268 4.104 3.971 3.878 3.811 3.770 3.749 3.750 3.755 3.732 3.710 3.692 3.682 3.664 3.640 3.589 3.513 3.389 3.207 2.949 2.614 2.243 1.903 1.608 1.348 1.109 0.888 0.696 0.536 0.409 0.316 0.254 0.216 0.192 0.173 0.154 0.135 0.116 0.095 0.076 0.064 0.057 0.052 0.048
0.000 0.000 0.000 0.000 0.000 0.000 0.000 0.000 0.000 0.000 0.000 0.000 0.000 0.000 0.000 0.000 0.000 0.000 0.000 0.000 0.001 0.003 0.011 0.034 0.109 0.333 0.883 1.915 3.092 3.866 4.277 4.416 4.399 4.267 4.048 3.828 3.650 3.500 3.372 3.254 3.149 3.064 3.010 2.987 2.975 2.966 2.954 2.935 2.899 2.840 2.741 2.595 2.389 2.120 1.803 1.495 1.220 0.975 0.755 0.565 0.409 0.289 0.203 0.146 0.111 0.093 0.082 0.073 0.064 0.057 0.049 0.042 0.036 0.031 0.029 0.027 0.025
0.000 0.000 0.000 0.000 0.000 0.000 0.000 0.000 0.000 0.000 0.000 0.000 0.000 0.000 0.000 0.000 0.000 0.000 0.000 0.000 0.001 0.003 0.010 0.028 0.074 0.191 0.499 1.211 2.388 3.426 4.026 4.282 4.309 4.182 3.915 3.602 3.323 3.078 2.854 2.657 2.511 2.419 2.371 2.353 2.348 2.345 2.340 2.331 2.310 2.268 2.192 2.075 1.906 1.683 1.414 1.146 0.906 0.691 0.503 0.347 0.229 0.146 0.094 0.063 0.047 0.039 0.035 0.032 0.029 0.026 0.024 0.022 0.019 0.018 0.017 0.016 0.016
0.000 0.000 0.000 0.000 0.000 0.000 0.000 0.000 0.000 0.000 0.000 0.000 0.000 0.000 0.000 0.000 0.000 0.000 0.000 0.001 0.002 0.005 0.014 0.035 0.080 0.166 0.332 0.743 1.607 2.723 3.518 3.902 3.986 3.897 3.637 3.274 2.902 2.578 2.313 2.114 1.973 1.880 1.829 1.811 1.809 1.812 1.816 1.815 1.806 1.778 1.721 1.626 1.486 1.297 1.066 0.834 0.631 0.454 0.308 0.196 0.117 0.069 0.042 0.028 0.021 0.018 0.016 0.016 0.015 0.014 0.013 0.013 0.012 0.012 0.011 0.011 0.011
0.000 0.000 0.000 0.000 0.000 0.000 0.000 0.000 0.000 0.000 0.000 0.000 0.000 0.000 0.000 0.000 0.000 0.000 0.000 0.001 0.003 0.010 0.027 0.065 0.130 0.205 0.295 0.482 0.968 1.861 2.753 3.244 3.386 3.345 3.148 2.814 2.410 2.085 1.847 1.669 1.537 1.444 1.386 1.359 1.354 1.359 1.368 1.371 1.368 1.350 1.306 1.228 1.111 0.951 0.753 0.558 0.395 0.264 0.164 0.095 0.053 0.030 0.018 0.012 0.010 0.009 0.008 0.008 0.008 0.008 0.008 0.008 0.008 0.008 0.008 0.008 0.008
0.000 0.000 0.000 0.000 0.000 0.000 0.000 0.000 0.000 0.000 0.000 0.000 0.000 0.000 0.000 0.000 0.000 0.000 0.001 0.002 0.008 0.023 0.059 0.136 0.217 0.264 0.298 0.357 0.565 1.082 1.832 2.345 2.531 2.536 2.434 2.211 1.905 1.649 1.457 1.308 1.191 1.100 1.036 0.996 0.979 0.976 0.980 0.980 0.976 0.959 0.923 0.860 0.765 0.633 0.472 0.328 0.215 0.131 0.074 0.040 0.021 0.012 0.007 0.005 0.004 0.004 0.005 0.005 0.005 0.005 0.005 0.005 0.005 0.005 0.005 0.005 0.005
0.000 0.000 0.000 0.000 0.000 0.000 0.000 0.000 0.000 0.000 0.000 0.000 0.000 0.000 0.000 0.000 0.000 0.001 0.002 0.005 0.016 0.046 0.118 0.211 0.262 0.279 0.285 0.287 0.343 0.588 1.096 1.541 1.725 1.753 1.719 1.617 1.451 1.276 1.133 1.017 0.919 0.836 0.768 0.716 0.684 0.665 0.653 0.642 0.627 0.605 0.572 0.523 0.452 0.357 0.249 0.161 0.097 0.054 0.028 0.015 0.008 0.004 0.003 0.002 0.002 0.002 0.002 0.003 0.003 0.003 0.003 0.003 0.004 0.004 0.004 0.004 0.004
0.000 0.000 0.000 0.000 0.000 0.000 0.000 0.000 0.000 0.000 0.000 0.000 0.000 0.000 0.000 0.001 0.001 0.002 0.004 0.012 0.032 0.086 0.177 0.245 0.270 0.274 0.255 0.216 0.216 0.324 0.630 0.977 1.143 1.184 1.181 1.145 1.068 0.964 0.866 0.781 0.704 0.632 0.567 0.509 0.464 0.431 0.405 0.381 0.357 0.331 0.301 0.265 0.218 0.161 0.105 0.064 0.036 0.019 0.010 0.005 0.003 0.002 0.001 0.001 0.001 0.001 0.001 0.002 0.002 0.002 0.002 0.002 0.002 0.002 0.003 0.003 0.003
0.000 0.000 0.000 0.000 0.000 0.000 0.000 0.000 0.000 0.000 0.000 0.000 0.000 0.000 0.001 0.001 0.002 0.005 0.010 0.023 0.058 0.132 0.213 0.252 0.263 0.254 0.202 0.137 0.127 0.182 0.358 0.601 0.733 0.778 0.786 0.778 0.750 0.700 0.640 0.583 0.527 0.471 0.415 0.358 0.307 0.267 0.233 0.204 0.179 0.155 0.132 0.108 0.083 0.056 0.036 0.021 0.012 0.006 0.003 0.002 0.001 0.001 0.001 0.000 0.000 0.001 0.001 0.001 0.001 0.001 0.001 0.001 0.001 0.001 0.002 0.002 0.002
0.000 0.000 0.000 0.000 0.000 0.000 0.000 0.000 0.000 0.000 0.000 0.000 0.001 0.001 0.002 0.003 0.006 0.010 0.020 0.042 0.091 0.170 0.224 0.244 0.244 0.216 0.136 0.077 0.070 0.099 0.199 0.356 0.450 0.487 0.498 0.498 0.490 0.471 0.442 0.408 0.373 0.335 0.293 0.246 0.198 0.158 0.127 0.102 0.083 0.066 0.052 0.038 0.027 0.018 0.011 0.006 0.004 0.002 0.001 0.001 0.001 0.000 0.000 0.000 0.000 0.000 0.001 0.001 0.001 0.001 0.001 0.001 0.001 0.001 0.001 0.001 0.001
0.000 0.000 0.000 0.000 0.000 0.000 0.000 0.000 0.000 0.000 0.000 0.001 0.002 0.003 0.005 0.008 0.012 0.020 0.036 0.066 0.122 0.187 0.219 0.227 0.215 0.162 0.081 0.042 0.036 0.051 0.105 0.198 0.258 0.283 0.290 0.290 0.288 0.282 0.270 0.254 0.235 0.215 0.190 0.158 0.122 0.091 0.068 0.051 0.038 0.028 0.019 0.013 0.008 0.005 0.003 0.002 0.001 0.001 0.000 0.000 0.000 0.000 0.000 0.001 0.000 0.000 0.001 0.001 0.001 0.001 0.001 0.001 0.001 0.000 0.000 0.001 0.001
0.000 0.000 0.000 0.000 0.000 0.000 0.000 0.001 0.001 0.001 0.002 0.003 0.005 0.007 0.010 0.015 0.021 0.031 0.050 0.086 0.145 0.190 0.205 0.203 0.176 0.107 0.047 0.023 0.018 0.024 0.050 0.099 0.135 0.149 0.152 0.151 0.149 0.146 0.141 0.133 0.126 0.117 0.107 0.091 0.069 0.049 0.035 0.024 0.017 0.011 0.007 0.004 0.003 0.002 0.001 0.001 0.000 0.000 0.000 0.000 0.000 0.000 0.000 0.000 0.000 0.000 0.001 0.001 0.001 0.001 0.000 0.001 0.000 0.000 0.000 0.000 0.000
0.001 0.001 0.001 0.001 0.001 0.002 0.002 0.002 0.003 0.004 0.005 0.007 0.009 0.012 0.016 0.020 0.027 0.039 0.062 0.107 0.160 0.185 0.190 0.180 0.135 0.068 0.029 0.013 0.009 0.011 0.021 0.043 0.062 0.069 0.070 0.069 0.066 0.064 0.060 0.057 0.054 0.052 0.049 0.044 0.035 0.024 0.017 0.011 0.007 0.004 0.002 0.001 0.001 0.001 0.001 0.000 0.000 0.000 0.000 0.000 0.000 0.000 0.000 0.000 0.000 0.000 0.001 0.001 0.001 0.000 0.000 0.000 0.000 0.000 0.000 0.000 0.000
