RESULTS/r.avaflow_results/11_results/11_ascii/11_hflow10027.asc
ncols 506
nrows 317
xllcenter 498237.50
yllcenter 5580050.00
cellsize 12.50
NODATA_value -9999.000
[rows 170 to 203 of 317, columns 77 to 153 of 506]
0.000 0.000 0.000 0.000 0.000 0.000 0.000 0.000 0.000 0.000 0.000 0.000 0.000 0.001 0.002 0.004 0.007 0.009 0.012 0.015 0.020 0.030 0.050 0.088 0.148 0.210 0.250 0.271 0.282 0.286 0.287 0.285 0.277 0.259 0.235 0.217 0.208 0.205 0.204 0.206 0.211 0.222 0.255 0.346 0.542 0.844 1.209 1.594 2.007 2.505 3.175 4.125 5.174 5.952 6.335 6.418 6.338 6.231 6.128 6.009 5.851 5.602 5.206 4.665 4.028 3.451 2.967 2.556 2.204 1.903 1.644 1.424 1.234 1.069 0.925 0.797 0.684
0.000 0.000 0.000 0.000 0.000 0.000 0.000 0.000 0.000 0.000 0.000 0.001 0.002 0.004 0.007 0.011 0.016 0.021 0.027 0.035 0.046 0.066 0.102 0.159 0.235 0.298 0.335 0.355 0.365 0.369 0.368 0.364 0.352 0.327 0.299 0.283 0.278 0.279 0.284 0.297 0.320 0.370 0.488 0.746 1.178 1.728 2.298 2.875 3.503 4.256 5.136 6.027 6.709 7.084 7.170 7.048 6.822 6.604 6.409 6.203 5.964 5.647 5.214 4.661 4.026 3.462 2.986 2.583 2.240 1.947 1.697 1.485 1.303 1.145 1.006 0.883 0.775
0.000 0.000 0.000 0.000 0.000 0.000 0.000 0.000 0.000 0.000 0.001 0.002 0.005 0.009 0.015 0.022 0.030 0.040 0.052 0.067 0.089 0.124 0.179 0.256 0.338 0.395 0.430 0.451 0.461 0.464 0.463 0.456 0.439 0.405 0.376 0.364 0.363 0.369 0.388 0.427 0.505 0.666 0.989 1.541 2.293 3.082 3.822 4.581 5.398 6.197 6.892 7.412 7.699 7.754 7.610 7.334 7.033 6.758 6.496 6.233 5.952 5.610 5.171 4.628 4.010 3.459 2.992 2.598 2.264 1.980 1.738 1.532 1.355 1.202 1.069 0.952 0.848
0.000 0.000 0.000 0.000 0.000 0.000 0.000 0.000 0.000 0.000 0.001 0.004 0.009 0.016 0.025 0.036 0.049 0.066 0.086 0.113 0.149 0.201 0.277 0.369 0.447 0.501 0.538 0.560 0.570 0.573 0.571 0.562 0.539 0.497 0.468 0.459 0.461 0.479 0.527 0.627 0.835 1.239 1.914 2.868 3.924 4.863 5.684 6.432 7.116 7.698 8.122 8.329 8.331 8.152 7.824 7.456 7.120 6.808 6.508 6.209 5.893 5.531 5.095 4.570 3.978 3.446 2.991 2.605 2.279 2.001 1.764 1.562 1.389 1.241 1.113 1.001 0.900
0.000 0.000 0.000 0.000 0.000 0.000 0.000 0.000 0.000 0.000 0.002 0.007 0.014 0.024 0.037 0.054 0.074 0.099 0.129 0.169 0.221 0.292 0.386 0.486 0.565 0.622 0.662 0.685 0.695 0.698 0.695 0.683 0.654 0.604 0.571 0.563 0.569 0.605 0.706 0.925 1.376 2.179 3.376 4.731 5.899 6.771 7.427 7.966 8.413 8.737 8.902 8.884 8.690 8.338 7.902 7.502 7.151 6.821 6.502 6.172 5.825 5.441 5.002 4.490 3.930 3.423 2.984 2.606 2.284 2.010 1.775 1.576 1.406 1.262 1.139 1.031 0.935
0.000 0.000 0.000 0.000 0.000 0.000 0.000 0.000 0.000 0.000 0.002 0.008 0.017 0.029 0.046 0.069 0.098 0.134 0.178 0.233 0.302 0.391 0.502 0.610 0.695 0.759 0.802 0.827 0.838 0.840 0.836 0.820 0.785 0.723 0.674 0.659 0.665 0.713 0.864 1.233 2.012 3.331 5.089 6.597 7.662 8.378 8.834 9.132 9.336 9.432 9.381 9.186 8.845 8.401 7.928 7.514 7.153 6.818 6.488 6.141 5.772 5.366 4.911 4.399 3.870 3.391 2.970 2.602 2.284 2.010 1.777 1.579 1.412 1.271 1.150 1.046 0.953
0.000 0.000 0.000 0.000 0.000 0.000 0.000 0.000 0.000 0.000 0.003 0.008 0.018 0.032 0.052 0.079 0.115 0.163 0.224 0.299 0.389 0.499 0.629 0.748 0.843 0.914 0.960 0.987 0.997 0.999 0.994 0.974 0.930 0.854 0.778 0.748 0.750 0.798 0.967 1.414 2.424 4.172 6.394 8.038 9.067 9.646 9.905 9.988 9.986 9.891 9.664 9.318 8.890 8.409 7.940 7.517 7.142 6.802 6.464 6.109 5.725 5.298 4.823 4.304 3.801 3.347 2.942 2.585 2.273 2.003 1.772 1.577 1.411 1.271 1.152 1.049 0.959
0.000 0.000 0.000 0.000 0.000 0.000 0.000 0.000 0.000 0.000 0.003 0.009 0.018 0.033 0.054 0.084 0.125 0.182 0.259 0.359 0.481 0.623 0.774 0.905 1.010 1.087 1.137 1.164 1.175 1.176 1.169 1.144 1.090 0.994 0.886 0.834 0.827 0.866 1.029 1.490 2.604 4.653 7.270 9.107 10.134 10.573 10.670 10.615 10.446 10.173 9.801 9.362 8.889 8.406 7.943 7.516 7.127 6.774 6.430 6.068 5.674 5.229 4.733 4.211 3.724 3.286 2.894 2.547 2.243 1.980 1.755 1.564 1.402 1.265 1.149 1.048 0.961
0.000 0.000 0.000 0.000 0.000 0.000 0.000 0.000 0.000 0.000 0.003 0.008 0.018 0.033 0.055 0.085 0.129 0.192 0.281 0.405 0.567 0.760 0.938 1.084 1.198 1.280 1.332 1.359 1.369 1.369 1.359 1.329 1.263 1.147 1.001 0.919 0.898 0.923 1.067 1.509 2.634 4.829 7.791 9.837 10.870 11.192 11.192 11.041 10.733 10.320 9.847 9.362 8.875 8.399 7.941 7.509 7.112 6.743 6.383 6.010 5.604 5.146 4.632 4.108 3.632 3.205 2.823 2.487 2.193 1.939 1.722 1.538 1.383 1.252 1.140 1.044 0.959
0.000 0.000 0.000 0.000 0.000 0.000 0.000 0.000 0.000 0.000 0.002 0.008 0.017 0.032 0.053 0.084 0.129 0.193 0.288 0.430 0.628 0.882 1.113 1.284 1.407 1.493 1.544 1.570 1.578 1.577 1.565 1.528 1.452 1.316 1.129 1.007 0.965 0.977 1.096 1.509 2.608 4.831 8.003 10.252 11.313 11.562 11.509 11.272 10.865 10.367 9.848 9.343 8.856 8.385 7.931 7.495 7.090 6.705 6.326 5.931 5.504 5.032 4.504 3.986 3.517 3.099 2.729 2.404 2.121 1.879 1.673 1.500 1.355 1.233 1.127 1.035 0.954
0.000 0.000 0.000 0.000 0.000 0.000 0.000 0.000 0.000 0.000 0.002 0.006 0.014 0.027 0.047 0.077 0.121 0.185 0.283 0.431 0.651 0.961 1.271 1.486 1.630 1.721 1.771 1.794 1.801 1.799 1.784 1.742 1.655 1.502 1.278 1.106 1.034 1.032 1.123 1.489 2.526 4.739 7.996 10.392 11.525 11.747 11.651 11.350 10.893 10.362 9.818 9.304 8.822 8.357 7.905 7.467 7.050 6.648 6.247 5.828 5.375 4.879 4.341 3.833 3.375 2.968 2.610 2.298 2.029 1.800 1.609 1.449 1.317 1.204 1.107 1.021 0.945
0.000 0.000 0.000 0.000 0.000 0.000 0.000 0.000 0.000 0.000 0.001 0.003 0.008 0.018 0.034 0.059 0.097 0.156 0.248 0.398 0.633 0.979 1.382 1.664 1.840 1.948 2.006 2.030 2.035 2.032 2.016 1.969 1.875 1.710 1.460 1.230 1.116 1.095 1.157 1.460 2.385 4.497 7.777 10.332 11.560 11.799 11.678 11.347 10.862 10.302 9.736 9.227 8.757 8.302 7.855 7.414 6.985 6.564 6.139 5.694 5.215 4.689 4.144 3.645 3.200 2.808 2.465 2.170 1.918 1.705 1.530 1.386 1.266 1.165 1.077 0.998 0.928
0.000 0.000 0.000 0.000 0.000 0.000 0.000 0.000 0.000 0.000 0.000 0.001 0.004 0.008 0.016 0.031 0.055 0.097 0.171 0.306 0.546 0.927 1.423 1.800 2.024 2.158 2.234 2.268 2.277 2.275 2.257 2.209 2.112 1.947 1.688 1.403 1.234 1.185 1.218 1.454 2.220 4.111 7.292 10.026 11.413 11.739 11.619 11.262 10.751 10.153 9.585 9.092 8.635 8.195 7.760 7.324 6.885 6.443 5.996 5.526 5.016 4.460 3.913 3.424 2.992 2.616 2.293 2.017 1.784 1.592 1.435 1.307 1.202 1.112 1.034 0.965 0.903
0.000 0.000 0.000 0.000 0.000 0.000 0.000 0.000 0.000 0.000 0.000 0.000 0.001 0.003 0.006 0.012 0.022 0.042 0.082 0.174 0.384 0.782 1.364 1.867 2.169 2.344 2.449 2.501 2.519 2.520 2.506 2.462 2.372 2.216 1.972 1.655 1.427 1.332 1.336 1.506 2.114 3.690 6.594 9.427 10.948 11.402 11.341 11.017 10.508 9.894 9.334 8.858 8.428 8.013 7.602 7.181 6.743 6.287 5.817 5.322 4.777 4.196 3.652 3.172 2.755 2.399 2.096 1.843 1.632 1.460 1.322 1.211 1.120 1.044 0.978 0.921 0.868
0.000 0.000 0.000 0.000 0.000 0.000 0.000 0.000 0.000 0.000 0.000 0.000 0.000 0.001 0.002 0.004 0.007 0.015 0.033 0.081 0.220 0.569 1.194 1.843 2.254 2.497 2.645 2.727 2.761 2.769 2.761 2.728 2.656 2.526 2.317 2.011 1.733 1.586 1.556 1.655 2.118 3.350 5.766 8.514 10.116 10.700 10.734 10.517 10.074 9.497 8.936 8.476 8.090 7.727 7.357 6.965 6.547 6.094 5.605 5.078 4.498 3.904 3.367 2.899 2.498 2.161 1.881 1.651 1.462 1.310 1.189 1.094 1.019 0.958 0.907 0.864 0.824
0.000 0.000 0.000 0.000 0.000 0.000 0.000 0.000 0.000 0.000 0.000 0.000 0.000 0.000 0.001 0.001 0.002 0.005 0.013 0.038 0.119 0.369 0.932 1.704 2.270 2.603 2.814 2.940 3.004 3.026 3.027 3.012 2.967 2.878 2.724 2.474 2.185 1.999 1.935 1.973 2.278 3.166 4.933 7.308 8.930 9.644 9.777 9.682 9.382 8.918 8.375 7.904 7.543 7.250 6.961 6.646 6.284 5.855 5.360 4.805 4.190 3.592 3.069 2.618 2.237 1.919 1.657 1.446 1.278 1.143 1.037 0.955 0.895 0.852 0.820 0.793 0.769
0.000 0.000 0.000 0.000 0.000 0.000 0.000 0.000 0.000 0.000 0.000 0.000 0.000 0.000 0.000 0.001 0.001 0.002 0.006 0.019 0.065 0.223 0.650 1.414 2.170 2.646 2.940 3.130 3.239 3.288 3.302 3.298 3.275 3.218 3.106 2.920 2.701 2.552 2.486 2.487 2.639 3.187 4.351 6.115 7.529 8.273 8.496 8.500 8.376 8.086 7.639 7.137 6.750 6.513 6.335 6.148 5.905 5.548 5.072 4.503 3.868 3.283 2.780 2.351 1.990 1.688 1.441 1.241 1.084 0.962 0.868 0.797 0.750 0.723 0.708 0.694 0.676
0.000 0.000 0.000 0.000 0.000 0.000 0.000 0.000 0.000 0.000 0.000 0.000 0.000 0.000 0.000 0.000 0.001 0.001 0.003 0.010 0.036 0.126 0.406 1.031 1.903 2.584 3.007 3.285 3.454 3.536 3.563 3.565 3.550 3.502 3.402 3.241 3.078 2.984 2.950 2.957 3.051 3.360 4.052 5.223 6.315 6.917 7.128 7.158 7.133 7.008 6.714 6.245 5.797 5.558 5.476 5.424 5.329 5.106 4.706 4.165 3.542 2.981 2.504 2.097 1.752 1.467 1.233 1.045 0.895 0.777 0.688 0.624 0.581 0.556 0.540 0.520 0.485
0.000 0.000 0.000 0.000 0.000 0.000 0.000 0.000 0.000 0.000 0.000 0.000 0.000 0.000 0.000 0.000 0.000 0.001 0.002 0.005 0.019 0.069 0.231 0.660 1.466 2.381 2.992 3.384 3.636 3.761 3.802 3.806 3.790 3.732 3.619 3.450 3.312 3.240 3.218 3.226 3.292 3.485 3.906 4.641 5.397 5.827 5.996 6.035 6.025 5.952 5.764 5.434 5.015 4.700 4.561 4.533 4.530 4.450 4.195 3.758 3.201 2.673 2.229 1.847 1.519 1.248 1.028 0.852 0.710 0.595 0.505 0.437 0.385 0.344 0.309 0.275 0.236
0.000 0.000 0.000 0.000 0.000 0.000 0.000 0.000 0.000 0.000 0.000 0.000 0.000 0.000 0.000 0.000 0.000 0.000 0.001 0.003 0.010 0.036 0.123 0.387 1.002 1.984 2.854 3.407 3.754 3.943 4.006 4.012 3.987 3.906 3.762 3.573 3.435 3.362 3.335 3.338 3.380 3.517 3.795 4.247 4.711 4.980 5.093 5.122 5.117 5.069 4.942 4.716 4.395 4.065 3.839 3.716 3.644 3.585 3.459 3.187 2.770 2.304 1.902 1.558 1.260 1.010 0.810 0.650 0.518 0.411 0.328 0.264 0.215 0.175 0.142 0.115 0.090
0.000 0.000 0.000 0.000 0.000 0.000 0.000 0.000 0.000 0.000 0.000 0.000 0.000 0.000 0.000 0.000 0.000 0.000 0.001 0.001 0.005 0.018 0.062 0.207 0.610 1.441 2.504 3.293 3.774 4.046 4.159 4.169 4.131 4.021 3.839 3.630 3.484 3.399 3.361 3.359 3.388 3.478 3.647 3.905 4.151 4.291 4.351 4.365 4.357 4.318 4.227 4.067 3.836 3.555 3.289 3.072 2.894 2.735 2.576 2.386 2.120 1.769 1.427 1.138 0.894 0.692 0.532 0.408 0.312 0.237 0.179 0.134 0.100 0.075 0.057 0.044 0.033
0.000 0.000 0.000 0.000 0.000 0.000 0.000 0.000 0.000 0.000 0.000 0.000 0.000 0.000 0.000 0.000 0.000 0.000 0.000 0.001 0.002 0.008 0.030 0.104 0.335 0.905 1.916 2.969 3.655 4.046 4.221 4.255 4.213 4.079 3.866 3.644 3.491 3.398 3.349 3.332 3.333 3.363 3.430 3.538 3.634 3.688 3.709 3.712 3.701 3.666 3.597 3.477 3.302 3.073 2.813 2.551 2.300 2.064 1.836 1.610 1.371 1.111 0.863 0.657 0.493 0.368 0.274 0.205 0.153 0.112 0.080 0.057 0.040 0.029 0.022 0.017 0.013
0.000 0.000 0.000 0.000 0.000 0.000 0.000 0.000 0.000 0.000 0.000 0.000 0.000 0.000 0.000 0.000 0.000 0.000 0.000 0.001 0.001 0.005 0.016 0.053 0.177 0.536 1.309 2.433 3.356 3.909 4.184 4.262 4.231 4.091 3.862 3.634 3.474 3.364 3.284 3.227 3.181 3.146 3.127 3.128 3.134 3.139 3.136 3.131 3.119 3.089 3.032 2.934 2.788 2.590 2.346 2.075 1.794 1.526 1.273 1.036 0.816 0.618 0.452 0.322 0.228 0.162 0.117 0.085 0.061 0.044 0.031 0.022 0.016 0.012 0.009 0.007 0.006
0.000 0.000 0.000 0.000 0.000 0.000 0.000 0.000 0.000 0.000 0.000 0.000 0.000 0.000 0.000 0.000 0.000 0.000 0.000 0.001 0.001 0.004 0.012 0.037 0.109 0.330 0.890 1.876 2.920 3.618 4.007 4.162 4.166 4.048 3.819 3.582 3.406 3.264 3.139 3.023 2.914 2.813 2.730 2.671 2.637 2.623 2.615 2.607 2.594 2.567 2.514 2.428 2.293 2.107 1.872 1.600 1.319 1.058 0.824 0.618 0.445 0.309 0.210 0.140 0.094 0.065 0.045 0.032 0.023 0.017 0.012 0.009 0.007 0.006 0.005 0.004 0.003
0.000 0.000 0.000 0.000 0.000 0.000 0.000 0.000 0.000 0.000 0.000 0.000 0.000 0.000 0.000 0.000 0.000 0.000 0.000 0.001 0.001 0.005 0.014 0.037 0.096 0.247 0.646 1.430 2.444 3.210 3.677 3.900 3.942 3.868 3.680 3.451 3.254 3.077 2.902 2.721 2.540 2.379 2.258 2.187 2.155 2.142 2.135 2.126 2.111 2.082 2.029 1.941 1.807 1.613 1.360 1.092 0.849 0.642 0.465 0.322 0.214 0.139 0.090 0.058 0.039 0.026 0.018 0.013 0.010 0.007 0.005 0.004 0.004 0.003 0.003 0.002 0.002
0.000 0.000 0.000 0.000 0.000 0.000 0.000 0.000 0.000 0.000 0.000 0.000 0.000 0.000 0.000 0.000 0.000 0.000 0.000 0.001 0.003 0.008 0.022 0.054 0.116 0.235 0.512 1.088 1.957 2.718 3.198 3.450 3.524 3.495 3.377 3.195 2.997 2.794 2.578 2.339 2.115 1.940 1.817 1.745 1.711 1.698 1.689 1.678 1.659 1.623 1.558 1.454 1.296 1.078 0.833 0.623 0.452 0.317 0.212 0.137 0.087 0.056 0.036 0.024 0.016 0.011 0.008 0.006 0.004 0.003 0.003 0.002 0.002 0.002 0.002 0.001 0.001
0.000 0.000 0.000 0.000 0.000 0.000 0.000 0.000 0.000 0.000 0.000 0.000 0.000 0.000 0.000 0.000 0.000 0.000 0.001 0.002 0.006 0.018 0.046 0.100 0.171 0.258 0.431 0.822 1.478 2.145 2.573 2.809 2.907 2.920 2.877 2.773 2.618 2.422 2.192 1.949 1.742 1.575 1.449 1.365 1.316 1.292 1.274 1.254 1.225 1.177 1.098 0.979 0.815 0.615 0.432 0.293 0.192 0.122 0.076 0.048 0.031 0.020 0.013 0.009 0.007 0.005 0.004 0.003 0.002 0.002 0.002 0.001 0.001 0.001 0.001 0.001 0.001
0.000 0.000 0.000 0.000 0.000 0.000 0.000 0.000 0.000 0.000 0.000 0.000 0.000 0.000 0.000 0.000 0.000 0.001 0.002 0.005 0.015 0.040 0.094 0.159 0.214 0.269 0.372 0.614 1.057 1.571 1.907 2.096 2.187 2.221 2.225 2.196 2.115 1.976 1.795 1.604 1.429 1.275 1.147 1.049 0.982 0.937 0.900 0.862 0.818 0.760 0.680 0.574 0.438 0.296 0.187 0.113 0.067 0.040 0.024 0.015 0.010 0.007 0.005 0.003 0.003 0.002 0.002 0.001 0.001 0.001 0.001 0.001 0.001 0.001 0.001 0.001 0.001
0.000 0.000 0.000 0.000 0.000 0.000 0.000 0.000 0.000 0.000 0.000 0.000 0.000 0.000 0.000 0.001 0.001 0.002 0.005 0.012 0.031 0.080 0.146 0.191 0.223 0.258 0.316 0.448 0.726 1.108 1.369 1.519 1.598 1.632 1.640 1.633 1.600 1.530 1.423 1.293 1.157 1.025 0.902 0.795 0.712 0.649 0.595 0.543 0.489 0.430 0.360 0.280 0.192 0.118 0.069 0.039 0.022 0.012 0.007 0.004 0.003 0.002 0.001 0.001 0.001 0.001 0.001 0.001 0.001 0.001 0.001 0.001 0.001 0.001 0.001 0.001 0.001
0.000 0.000 0.000 0.000 0.000 0.000 0.000 0.000 0.000 0.000 0.000 0.000 0.000 0.001 0.001 0.002 0.003 0.005 0.010 0.024 0.059 0.124 0.174 0.198 0.214 0.228 0.247 0.313 0.493 0.772 0.967 1.082 1.143 1.172 1.184 1.186 1.176 1.144 1.086 1.005 0.909 0.805 0.698 0.593 0.503 0.430 0.369 0.313 0.261 0.211 0.161 0.113 0.071 0.042 0.024 0.013 0.007 0.004 0.002 0.001 0.001 0.001 0.001 0.001 0.001 0.001 0.001 0.001 0.001 0.001 0.001 0.001 0.001 0.001 0.001 0.001 0.001
0.000 0.000 0.000 0.000 0.000 0.000 0.000 0.000 0.000 0.000 0.000 0.001 0.001 0.002 0.003 0.004 0.007 0.011 0.021 0.043 0.088 0.148 0.180 0.191 0.190 0.175 0.171 0.210 0.336 0.535 0.675 0.756 0.799 0.818 0.825 0.827 0.823 0.808 0.778 0.731 0.671 0.599 0.518 0.429 0.343 0.272 0.215 0.168 0.128 0.095 0.066 0.042 0.025 0.014 0.008 0.004 0.002 0.001 0.001 0.000 0.000 0.000 0.000 0.000 0.000 0.000 0.001 0.001 0.001 0.001 0.001 0.001 0.001 0.001 0.001 0.001 0.001
0.000 0.000 0.000 0.000 0.000 0.000 0.000 0.000 0.001 0.001 0.001 0.002 0.003 0.004 0.007 0.010 0.014 0.022 0.036 0.062 0.110 0.155 0.173 0.174 0.155 0.117 0.109 0.136 0.224 0.363 0.461 0.515 0.541 0.548 0.547 0.539 0.529 0.517 0.500 0.475 0.442 0.401 0.351 0.288 0.220 0.164 0.120 0.087 0.061 0.041 0.026 0.016 0.009 0.005 0.002 0.001 0.001 0.000 0.000 0.000 0.000 0.000 0.000 0.001 0.000 0.000 0.001 0.001 0.001 0.001 0.001 0.000 0.000 0.000 0.000 0.000 0.001
0.001 0.002 0.002 0.002 0.002 0.002 0.002 0.002 0.002 0.003 0.004 0.005 0.007 0.009 0.012 0.016 0.021 0.030 0.046 0.077 0.123 0.151 0.159 0.154 0.124 0.078 0.066 0.081 0.138 0.233 0.301 0.336 0.349 0.349 0.340 0.323 0.306 0.293 0.280 0.265 0.248 0.229 0.205 0.172 0.130 0.092 0.064 0.044 0.029 0.018 0.010 0.006 0.003 0.002 0.001 0.001 0.000 0.000 0.000 0.000 0.000 0.000 0.000 0.000 0.000 0.000 0.001 0.001 0.001 0.001 0.000 0.001 0.000 0.000 0.000 0.000 0.000
0.004 0.004 0.004 0.004 0.004 0.004 0.004 0.004 0.005 0.006 0.007 0.009 0.011 0.013 0.016 0.020 0.025 0.035 0.055 0.092 0.129 0.145 0.147 0.137 0.096 0.050 0.036 0.042 0.073 0.133 0.180 0.202 0.207 0.205 0.195 0.175 0.156 0.143 0.132 0.122 0.114 0.107 0.099 0.086 0.067 0.047 0.032 0.020 0.013 0.007 0.004 0.002 0.001 0.001 0.001 0.000 0.000 0.000 0.000 0.000 0.000 0.000 0.000 0.000 0.000 0.000 0.001 0.001 0.001 0.000 0.000 0.000 0.000 0.000 0.000 0.000 0.000
