RESULTS/r.avaflow_results/11_results/11_ascii/11_hflow10040.asc
ncols 506
nrows 317
xllcenter 498237.50
yllcenter 5580050.00
cellsize 12.50
NODATA_value -9999.000
[rows 170 to 203 of 317, columns 77 to 153 of 506]
0.000 0.000 0.000 0.000 0.000 0.000 0.000 0.000 0.000 0.000 0.001 0.003 0.005 0.009 0.014 0.020 0.026 0.033 0.040 0.047 0.055 0.066 0.086 0.121 0.169 0.205 0.219 0.220 0.217 0.209 0.198 0.181 0.157 0.129 0.103 0.085 0.074 0.067 0.065 0.066 0.074 0.097 0.150 0.268 0.489 0.817 1.212 1.642 2.110 2.671 3.421 4.438 5.493 6.258 6.669 6.797 6.799 6.758 6.703 6.621 6.502 6.292 5.940 5.442 4.823 4.169 3.600 3.113 2.692 2.326 2.011 1.742 1.513 1.316 1.147 1.001 0.875
0.000 0.000 0.000 0.000 0.000 0.000 0.000 0.000 0.001 0.002 0.004 0.008 0.013 0.021 0.031 0.043 0.055 0.069 0.082 0.096 0.112 0.134 0.168 0.216 0.262 0.288 0.293 0.291 0.284 0.272 0.254 0.229 0.195 0.157 0.128 0.109 0.098 0.094 0.095 0.104 0.130 0.195 0.338 0.622 1.073 1.643 2.254 2.883 3.573 4.383 5.286 6.180 6.859 7.248 7.366 7.308 7.175 7.034 6.897 6.748 6.574 6.318 5.937 5.429 4.810 4.160 3.592 3.104 2.685 2.325 2.021 1.762 1.543 1.357 1.198 1.061 0.942
0.000 0.000 0.000 0.000 0.000 0.000 0.000 0.001 0.002 0.005 0.010 0.017 0.028 0.042 0.059 0.078 0.098 0.121 0.145 0.170 0.199 0.236 0.287 0.337 0.368 0.377 0.376 0.370 0.359 0.342 0.317 0.283 0.236 0.189 0.157 0.138 0.131 0.130 0.139 0.168 0.246 0.417 0.756 1.321 2.080 2.900 3.701 4.512 5.351 6.162 6.867 7.402 7.711 7.798 7.716 7.532 7.315 7.117 6.931 6.746 6.540 6.259 5.871 5.371 4.767 4.130 3.569 3.087 2.674 2.323 2.027 1.777 1.566 1.386 1.234 1.104 0.992
0.000 0.000 0.000 0.000 0.000 0.000 0.000 0.001 0.005 0.010 0.018 0.029 0.045 0.066 0.092 0.121 0.154 0.190 0.229 0.270 0.316 0.370 0.426 0.461 0.473 0.474 0.469 0.460 0.444 0.422 0.389 0.343 0.283 0.228 0.193 0.176 0.172 0.178 0.206 0.287 0.479 0.870 1.536 2.485 3.559 4.553 5.426 6.204 6.901 7.496 7.941 8.182 8.231 8.129 7.905 7.619 7.354 7.123 6.905 6.684 6.439 6.136 5.748 5.265 4.688 4.074 3.530 3.061 2.660 2.319 2.030 1.785 1.578 1.404 1.256 1.131 1.023
0.000 0.000 0.000 0.000 0.000 0.000 0.000 0.002 0.006 0.013 0.023 0.037 0.057 0.084 0.118 0.160 0.211 0.269 0.331 0.392 0.453 0.511 0.554 0.575 0.580 0.578 0.572 0.560 0.540 0.511 0.470 0.412 0.338 0.275 0.237 0.222 0.222 0.240 0.309 0.488 0.888 1.632 2.774 4.140 5.355 6.281 6.987 7.565 8.039 8.393 8.598 8.643 8.545 8.316 7.986 7.645 7.358 7.098 6.842 6.580 6.295 5.967 5.577 5.112 4.567 3.990 3.474 3.027 2.641 2.311 2.028 1.787 1.583 1.412 1.267 1.145 1.038
0.000 0.000 0.000 0.000 0.000 0.000 0.000 0.002 0.007 0.014 0.026 0.042 0.064 0.095 0.136 0.188 0.255 0.338 0.434 0.519 0.588 0.642 0.676 0.690 0.693 0.691 0.685 0.671 0.648 0.613 0.562 0.492 0.403 0.330 0.287 0.273 0.275 0.307 0.421 0.728 1.418 2.630 4.307 5.849 6.955 7.710 8.218 8.572 8.824 8.970 9.005 8.924 8.723 8.408 8.012 7.644 7.333 7.041 6.750 6.448 6.127 5.771 5.372 4.919 4.409 3.879 3.400 2.980 2.613 2.295 2.019 1.784 1.583 1.414 1.271 1.149 1.042
0.000 0.000 0.000 0.000 0.000 0.000 0.000 0.002 0.007 0.015 0.026 0.043 0.068 0.101 0.146 0.206 0.284 0.385 0.512 0.631 0.715 0.771 0.802 0.815 0.818 0.817 0.811 0.796 0.770 0.729 0.669 0.587 0.482 0.395 0.342 0.323 0.324 0.359 0.493 0.875 1.773 3.374 5.514 7.171 8.220 8.825 9.134 9.289 9.366 9.368 9.284 9.097 8.810 8.438 8.015 7.622 7.273 6.949 6.628 6.295 5.939 5.555 5.142 4.696 4.219 3.742 3.306 2.915 2.568 2.264 1.999 1.772 1.577 1.412 1.271 1.149 1.041
0.000 0.000 0.000 0.000 0.000 0.000 0.000 0.002 0.007 0.015 0.026 0.044 0.068 0.103 0.151 0.214 0.298 0.409 0.558 0.722 0.838 0.904 0.940 0.955 0.959 0.959 0.953 0.937 0.907 0.860 0.791 0.697 0.577 0.470 0.401 0.371 0.369 0.400 0.533 0.932 1.929 3.802 6.328 8.149 9.179 9.644 9.787 9.813 9.769 9.657 9.465 9.187 8.837 8.437 8.003 7.580 7.191 6.832 6.480 6.119 5.734 5.321 4.890 4.450 4.008 3.582 3.186 2.825 2.502 2.215 1.965 1.747 1.561 1.401 1.263 1.144 1.038
0.000 0.000 0.000 0.000 0.000 0.000 0.000 0.002 0.007 0.014 0.025 0.042 0.068 0.103 0.151 0.216 0.302 0.417 0.574 0.777 0.953 1.053 1.098 1.118 1.123 1.122 1.115 1.097 1.063 1.009 0.931 0.826 0.690 0.557 0.465 0.419 0.409 0.432 0.553 0.941 1.953 3.966 6.802 8.820 9.853 10.207 10.249 10.198 10.062 9.843 9.558 9.218 8.834 8.419 7.971 7.519 7.097 6.698 6.309 5.913 5.498 5.058 4.615 4.186 3.782 3.400 3.044 2.714 2.415 2.148 1.913 1.709 1.532 1.380 1.248 1.133 1.031
0.000 0.000 0.000 0.000 0.000 0.000 0.000 0.002 0.005 0.012 0.022 0.038 0.063 0.099 0.148 0.213 0.300 0.417 0.576 0.791 1.038 1.211 1.286 1.308 1.314 1.313 1.302 1.279 1.239 1.177 1.091 0.975 0.825 0.661 0.538 0.469 0.448 0.460 0.563 0.928 1.921 3.972 6.989 9.213 10.283 10.570 10.564 10.446 10.225 9.929 9.586 9.214 8.810 8.378 7.917 7.442 6.990 6.554 6.125 5.690 5.241 4.786 4.349 3.938 3.558 3.207 2.883 2.584 2.311 2.065 1.848 1.659 1.494 1.352 1.227 1.118 1.021
0.000 0.000 0.000 0.000 0.000 0.000 0.000 0.001 0.004 0.008 0.017 0.030 0.052 0.086 0.133 0.198 0.284 0.400 0.559 0.776 1.060 1.333 1.491 1.536 1.538 1.533 1.517 1.487 1.438 1.368 1.272 1.145 0.981 0.786 0.626 0.526 0.487 0.489 0.569 0.890 1.829 3.879 6.978 9.357 10.513 10.785 10.744 10.565 10.288 9.950 9.579 9.182 8.757 8.311 7.841 7.352 6.874 6.413 5.957 5.493 5.018 4.555 4.121 3.719 3.353 3.019 2.717 2.443 2.194 1.971 1.772 1.599 1.448 1.317 1.201 1.098 1.007
0.000 0.000 0.000 0.000 0.000 0.000 0.000 0.001 0.002 0.004 0.009 0.018 0.033 0.060 0.100 0.158 0.237 0.344 0.494 0.707 1.006 1.366 1.645 1.771 1.791 1.783 1.762 1.722 1.664 1.584 1.478 1.340 1.162 0.941 0.737 0.598 0.531 0.521 0.571 0.832 1.669 3.639 6.779 9.320 10.576 10.876 10.811 10.593 10.291 9.932 9.532 9.108 8.667 8.212 7.739 7.249 6.760 6.283 5.810 5.330 4.838 4.367 3.930 3.531 3.170 2.848 2.559 2.302 2.073 1.870 1.689 1.532 1.395 1.276 1.170 1.075 0.989
0.000 0.000 0.000 0.000 0.000 0.000 0.000 0.000 0.001 0.002 0.004 0.008 0.016 0.029 0.053 0.092 0.149 0.232 0.355 0.547 0.847 1.278 1.700 1.945 2.020 2.023 2.007 1.972 1.913 1.826 1.711 1.563 1.373 1.133 0.884 0.699 0.594 0.563 0.589 0.776 1.461 3.248 6.335 9.073 10.486 10.866 10.805 10.572 10.243 9.852 9.421 8.977 8.527 8.075 7.611 7.136 6.651 6.167 5.686 5.196 4.693 4.215 3.773 3.373 3.014 2.697 2.416 2.170 1.954 1.766 1.602 1.460 1.337 1.228 1.132 1.045 0.967
0.000 0.000 0.000 0.000 0.000 0.000 0.000 0.000 0.000 0.001 0.001 0.003 0.006 0.012 0.022 0.039 0.067 0.110 0.182 0.318 0.585 1.050 1.628 2.023 2.194 2.226 2.220 2.197 2.153 2.081 1.969 1.817 1.619 1.368 1.080 0.846 0.695 0.632 0.635 0.758 1.275 2.783 5.677 8.567 10.147 10.666 10.660 10.449 10.098 9.673 9.209 8.757 8.321 7.889 7.455 7.008 6.544 6.071 5.587 5.091 4.580 4.095 3.649 3.246 2.885 2.567 2.289 2.048 1.840 1.662 1.510 1.382 1.271 1.174 1.088 1.011 0.941
0.000 0.000 0.000 0.000 0.000 0.000 0.000 0.000 0.000 0.000 0.000 0.001 0.002 0.004 0.008 0.014 0.025 0.043 0.077 0.150 0.329 0.739 1.412 1.986 2.285 2.385 2.401 2.393 2.368 2.317 2.232 2.096 1.903 1.650 1.340 1.054 0.855 0.751 0.730 0.802 1.183 2.379 4.883 7.786 9.500 10.169 10.253 10.116 9.796 9.363 8.868 8.414 8.019 7.642 7.259 6.856 6.429 5.980 5.507 5.009 4.493 4.003 3.553 3.145 2.781 2.458 2.177 1.935 1.730 1.558 1.413 1.294 1.195 1.110 1.037 0.972 0.912
0.000 0.000 0.000 0.000 0.000 0.000 0.000 0.000 0.000 0.000 0.000 0.000 0.001 0.001 0.002 0.005 0.008 0.016 0.030 0.066 0.169 0.455 1.067 1.820 2.284 2.485 2.549 2.561 2.553 2.525 2.467 2.366 2.208 1.978 1.671 1.342 1.096 0.951 0.902 0.934 1.206 2.114 4.079 6.766 8.562 9.366 9.543 9.484 9.251 8.869 8.381 7.912 7.551 7.254 6.963 6.652 6.296 5.888 5.434 4.944 4.427 3.933 3.479 3.067 2.697 2.367 2.079 1.831 1.624 1.452 1.311 1.197 1.107 1.036 0.978 0.926 0.877
0.000 0.000 0.000 0.000 0.000 0.000 0.000 0.000 0.000 0.000 0.000 0.000 0.000 0.000 0.001 0.001 0.003 0.006 0.012 0.031 0.086 0.259 0.709 1.484 2.160 2.512 2.650 2.698 2.709 2.700 2.668 2.599 2.480 2.300 2.042 1.715 1.435 1.255 1.176 1.177 1.341 2.000 3.482 5.701 7.400 8.276 8.537 8.538 8.416 8.146 7.728 7.238 6.880 6.662 6.492 6.314 6.091 5.771 5.357 4.883 4.371 3.878 3.424 3.007 2.629 2.291 1.993 1.737 1.522 1.345 1.202 1.089 1.005 0.945 0.898 0.853 0.802
0.000 0.000 0.000 0.000 0.000 0.000 0.000 0.000 0.000 0.000 0.000 0.000 0.000 0.000 0.000 0.001 0.001 0.003 0.007 0.017 0.047 0.143 0.426 1.048 1.867 2.428 2.690 2.796 2.836 2.843 2.830 2.788 2.704 2.566 2.360 2.084 1.828 1.652 1.558 1.534 1.610 2.044 3.110 4.822 6.287 7.064 7.330 7.370 7.339 7.199 6.905 6.458 6.073 5.894 5.842 5.801 5.727 5.550 5.230 4.802 4.316 3.831 3.381 2.961 2.573 2.224 1.916 1.649 1.424 1.237 1.088 0.972 0.884 0.818 0.760 0.700 0.623
0.000 0.000 0.000 0.000 0.000 0.000 0.000 0.000 0.000 0.000 0.000 0.000 0.000 0.000 0.000 0.000 0.001 0.002 0.005 0.013 0.032 0.086 0.246 0.654 1.414 2.196 2.640 2.841 2.928 2.956 2.956 2.934 2.876 2.769 2.601 2.367 2.139 1.987 1.906 1.883 1.918 2.174 2.882 4.143 5.372 6.046 6.295 6.348 6.340 6.268 6.089 5.777 5.405 5.172 5.111 5.136 5.173 5.129 4.959 4.644 4.231 3.779 3.337 2.917 2.520 2.161 1.843 1.566 1.328 1.130 0.968 0.837 0.726 0.625 0.528 0.434 0.340
0.000 0.000 0.000 0.000 0.000 0.000 0.000 0.000 0.000 0.000 0.000 0.000 0.000 0.000 0.000 0.000 0.001 0.002 0.005 0.012 0.028 0.065 0.159 0.408 0.959 1.789 2.457 2.808 2.968 3.033 3.049 3.039 2.999 2.913 2.771 2.566 2.357 2.213 2.134 2.107 2.119 2.263 2.720 3.611 4.628 5.229 5.469 5.532 5.538 5.502 5.394 5.187 4.884 4.614 4.467 4.431 4.472 4.501 4.454 4.289 3.998 3.621 3.206 2.795 2.405 2.050 1.734 1.456 1.211 0.996 0.809 0.646 0.499 0.374 0.277 0.202 0.143
0.000 0.000 0.000 0.000 0.000 0.000 0.000 0.000 0.000 0.000 0.000 0.000 0.000 0.000 0.000 0.000 0.001 0.003 0.006 0.014 0.030 0.063 0.130 0.287 0.653 1.325 2.114 2.650 2.933 3.062 3.105 3.106 3.077 3.004 2.876 2.692 2.496 2.353 2.262 2.221 2.216 2.285 2.566 3.168 3.987 4.544 4.792 4.866 4.877 4.858 4.790 4.647 4.421 4.156 3.950 3.822 3.757 3.736 3.719 3.648 3.476 3.200 2.842 2.454 2.096 1.771 1.479 1.217 0.977 0.756 0.557 0.389 0.265 0.180 0.123 0.083 0.057
0.000 0.000 0.000 0.000 0.000 0.000 0.000 0.000 0.000 0.000 0.000 0.000 0.000 0.000 0.000 0.001 0.002 0.004 0.009 0.019 0.037 0.070 0.131 0.249 0.498 0.970 1.675 2.344 2.784 3.020 3.118 3.136 3.116 3.047 2.928 2.757 2.574 2.430 2.326 2.262 2.237 2.258 2.400 2.770 3.384 3.915 4.192 4.292 4.310 4.300 4.251 4.142 3.964 3.726 3.491 3.295 3.134 3.000 2.883 2.777 2.647 2.453 2.174 1.835 1.520 1.242 0.996 0.778 0.583 0.412 0.278 0.181 0.116 0.075 0.050 0.034 0.023
0.000 0.000 0.000 0.000 0.000 0.000 0.000 0.000 0.000 0.000 0.000 0.000 0.000 0.000 0.000 0.001 0.003 0.007 0.015 0.029 0.052 0.089 0.149 0.256 0.450 0.790 1.313 1.961 2.520 2.883 3.070 3.132 3.122 3.057 2.941 2.780 2.608 2.465 2.351 2.268 2.211 2.181 2.214 2.399 2.803 3.296 3.614 3.758 3.797 3.792 3.751 3.658 3.504 3.291 3.041 2.794 2.568 2.352 2.144 1.945 1.751 1.547 1.316 1.063 0.834 0.642 0.483 0.354 0.251 0.169 0.109 0.069 0.044 0.030 0.020 0.014 0.010
0.000 0.000 0.000 0.000 0.000 0.000 0.000 0.000 0.000 0.000 0.000 0.000 0.000 0.000 0.001 0.002 0.005 0.011 0.023 0.045 0.078 0.126 0.193 0.295 0.464 0.734 1.126 1.649 2.219 2.661 2.937 3.064 3.085 3.040 2.933 2.781 2.616 2.474 2.353 2.247 2.138 2.034 1.986 2.036 2.253 2.650 3.019 3.223 3.298 3.302 3.268 3.185 3.043 2.841 2.582 2.290 2.007 1.738 1.490 1.266 1.061 0.870 0.691 0.525 0.386 0.276 0.194 0.134 0.091 0.060 0.039 0.026 0.018 0.012 0.009 0.007 0.005
0.000 0.000 0.000 0.000 0.000 0.000 0.000 0.000 0.000 0.000 0.000 0.000 0.000 0.000 0.001 0.002 0.006 0.016 0.035 0.066 0.115 0.183 0.268 0.377 0.527 0.752 1.068 1.474 1.963 2.404 2.726 2.910 2.971 2.956 2.881 2.756 2.607 2.467 2.333 2.195 2.029 1.838 1.709 1.679 1.758 1.988 2.333 2.610 2.744 2.779 2.763 2.693 2.556 2.339 2.043 1.704 1.388 1.122 0.905 0.722 0.565 0.432 0.321 0.231 0.162 0.110 0.073 0.049 0.032 0.022 0.015 0.010 0.008 0.006 0.005 0.004 0.003
0.000 0.000 0.000 0.000 0.000 0.000 0.000 0.000 0.000 0.000 0.000 0.000 0.000 0.000 0.001 0.002 0.006 0.018 0.045 0.094 0.169 0.268 0.379 0.500 0.641 0.827 1.077 1.394 1.774 2.157 2.465 2.674 2.773 2.786 2.753 2.673 2.558 2.424 2.279 2.114 1.912 1.669 1.472 1.366 1.347 1.422 1.601 1.833 2.002 2.080 2.093 2.047 1.905 1.655 1.319 1.005 0.768 0.590 0.450 0.338 0.251 0.185 0.134 0.094 0.064 0.042 0.027 0.018 0.012 0.009 0.006 0.005 0.004 0.003 0.003 0.002 0.002
0.000 0.000 0.000 0.000 0.000 0.000 0.000 0.000 0.000 0.000 0.000 0.000 0.000 0.000 0.001 0.002 0.006 0.018 0.049 0.119 0.240 0.395 0.532 0.660 0.794 0.944 1.122 1.347 1.626 1.931 2.191 2.384 2.500 2.542 2.541 2.509 2.437 2.326 2.183 2.008 1.792 1.534 1.295 1.126 1.033 1.004 1.038 1.117 1.191 1.225 1.225 1.186 1.075 0.884 0.649 0.465 0.335 0.241 0.174 0.127 0.094 0.070 0.051 0.036 0.024 0.016 0.010 0.007 0.005 0.004 0.003 0.003 0.002 0.002 0.002 0.001 0.001
0.000 0.000 0.000 0.000 0.000 0.000 0.000 0.000 0.000 0.000 0.000 0.000 0.000 0.000 0.001 0.001 0.005 0.016 0.047 0.130 0.298 0.540 0.717 0.833 0.934 1.037 1.155 1.302 1.490 1.710 1.909 2.070 2.180 2.242 2.263 2.262 2.231 2.157 2.037 1.872 1.663 1.411 1.156 0.955 0.812 0.719 0.666 0.638 0.626 0.610 0.587 0.548 0.476 0.367 0.251 0.169 0.114 0.079 0.056 0.042 0.032 0.024 0.018 0.013 0.009 0.006 0.004 0.003 0.002 0.002 0.002 0.002 0.001 0.001 0.001 0.001 0.001
0.000 0.000 0.000 0.000 0.000 0.000 0.000 0.000 0.000 0.000 0.000 0.000 0.000 0.000 0.001 0.002 0.004 0.013 0.042 0.126 0.316 0.622 0.858 0.972 1.036 1.092 1.157 1.245 1.358 1.493 1.625 1.737 1.829 1.897 1.936 1.951 1.947 1.912 1.829 1.696 1.514 1.287 1.037 0.824 0.658 0.533 0.439 0.369 0.317 0.278 0.244 0.211 0.171 0.123 0.082 0.053 0.035 0.024 0.017 0.013 0.010 0.008 0.006 0.004 0.003 0.002 0.002 0.002 0.001 0.001 0.001 0.001 0.001 0.001 0.001 0.001 0.001
0.000 0.000 0.000 0.000 0.000 0.000 0.000 0.000 0.000 0.000 0.000 0.000 0.001 0.001 0.002 0.003 0.005 0.012 0.035 0.109 0.299 0.631 0.922 1.060 1.100 1.116 1.138 1.173 1.224 1.291 1.361 1.421 1.472 1.520 1.563 1.595 1.609 1.601 1.561 1.474 1.336 1.149 0.924 0.710 0.537 0.402 0.300 0.224 0.170 0.131 0.102 0.078 0.057 0.039 0.025 0.016 0.010 0.007 0.005 0.004 0.003 0.002 0.002 0.001 0.001 0.001 0.001 0.001 0.001 0.001 0.001 0.001 0.001 0.001 0.001 0.001 0.001
0.000 0.000 0.000 0.000 0.000 0.000 0.000 0.000 0.000 0.000 0.001 0.001 0.002 0.003 0.004 0.005 0.008 0.014 0.030 0.080 0.236 0.562 0.907 1.081 1.122 1.117 1.100 1.086 1.087 1.102 1.123 1.140 1.153 1.165 1.181 1.205 1.231 1.245 1.239 1.201 1.119 0.986 0.803 0.599 0.429 0.300 0.205 0.140 0.095 0.064 0.044 0.030 0.019 0.012 0.008 0.005 0.003 0.002 0.001 0.001 0.001 0.001 0.001 0.001 0.001 0.001 0.001 0.001 0.001 0.001 0.001 0.001 0.001 0.001 0.001 0.001 0.001
0.002 0.002 0.002 0.002 0.002 0.002 0.002 0.002 0.002 0.002 0.002 0.003 0.004 0.006 0.008 0.011 0.015 0.020 0.033 0.062 0.147 0.384 0.746 1.003 1.092 1.088 1.043 0.982 0.941 0.920 0.906 0.892 0.878 0.860 0.844 0.839 0.847 0.858 0.863 0.861 0.833 0.765 0.644 0.478 0.322 0.211 0.135 0.085 0.053 0.033 0.020 0.012 0.007 0.004 0.002 0.001 0.001 0.001 0.000 0.000 0.000 0.000 0.000 0.000 0.000 0.001 0.001 0.001 0.001 0.001 0.001 0.000 0.000 0.000 0.000 0.000 0.000
0.004 0.005 0.005 0.005 0.005 0.004 0.004 0.004 0.004 0.005 0.005 0.007 0.009 0.011 0.013 0.016 0.020 0.027 0.040 0.062 0.100 0.197 0.431 0.726 0.907 0.953 0.926 0.854 0.783 0.737 0.702 0.672 0.641 0.606 0.566 0.538 0.527 0.524 0.520 0.514 0.501 0.475 0.421 0.323 0.212 0.134 0.082 0.049 0.029 0.016 0.009 0.005 0.003 0.001 0.001 0.001 0.000 0.000 0.000 0.000 0.000 0.000 0.000 0.000 0.000 0.000 0.001 0.001 0.001 0.001 0.000 0.000 0.000 0.000 0.000 0.000 0.000
0.008 0.008 0.008 0.007 0.007 0.007 0.006 0.006 0.007 0.008 0.009 0.010 0.012 0.014 0.016 0.018 0.023 0.032 0.048 0.072 0.093 0.120 0.191 0.345 0.522 0.642 0.681 0.658 0.602 0.548 0.506 0.472 0.438 0.400 0.353 0.316 0.293 0.281 0.271 0.263 0.254 0.241 0.218 0.177 0.119 0.074 0.044 0.026 0.015 0.008 0.004 0.002 0.001 0.001 0.001 0.000 0.000 0.000 0.000 0.000 0.000 0.000 0.000 0.000 0.000 0.000 0.001 0.001 0.001 0.000 0.000 0.000 0.000 0.000 0.000 0.000 0.000
