RESULTS/r.avaflow_results/11_results/11_ascii/11_hflow10041.asc
ncols 506
nrows 317
xllcenter 498237.50
yllcenter 5580050.00
cellsize 12.50
NODATA_value -9999.000
[rows 204 to 237 of 317, columns 77 to 153 of 506]
0.012 0.012 0.011 0.010 0.009 0.009 0.008 0.009 0.009 0.010 0.011 0.012 0.013 0.015 0.016 0.019 0.024 0.033 0.053 0.084 0.102 0.109 0.114 0.148 0.236 0.348 0.436 0.470 0.455 0.414 0.365 0.323 0.283 0.239 0.190 0.151 0.125 0.109 0.099 0.093 0.088 0.085 0.080 0.070 0.050 0.030 0.018 0.010 0.005 0.002 0.001 0.001 0.000 0.000 0.000 0.000 0.000 0.000 0.000 0.000 0.000 0.000 0.000 0.000 0.000 0.001 0.001 0.001 0.001 0.000 0.000 0.000 0.000 0.000 0.000 0.000 0.000
0.016 0.015 0.014 0.012 0.011 0.011 0.011 0.011 0.012 0.012 0.012 0.013 0.014 0.015 0.017 0.020 0.025 0.036 0.061 0.093 0.107 0.108 0.098 0.074 0.068 0.097 0.148 0.185 0.198 0.196 0.184 0.167 0.147 0.122 0.092 0.068 0.052 0.042 0.036 0.032 0.029 0.028 0.026 0.024 0.019 0.012 0.007 0.004 0.002 0.001 0.001 0.000 0.000 0.000 0.000 0.001 0.000 0.000 0.000 0.000 0.000 0.000 0.000 0.000 0.001 0.001 0.001 0.001 0.001 0.000 0.000 0.000 0.000 0.000 0.000 0.000 0.000
0.020 0.019 0.017 0.015 0.014 0.014 0.014 0.014 0.013 0.013 0.013 0.013 0.014 0.015 0.017 0.021 0.027 0.041 0.072 0.100 0.109 0.108 0.091 0.051 0.029 0.025 0.035 0.051 0.062 0.067 0.069 0.066 0.060 0.051 0.039 0.028 0.020 0.015 0.012 0.010 0.009 0.008 0.008 0.007 0.006 0.004 0.002 0.001 0.001 0.001 0.001 0.000 0.000 0.000 0.000 0.001 0.000 0.000 0.000 0.000 0.000 0.000 0.000 0.001 0.001 0.001 0.001 0.001 0.000 0.000 0.000 0.000 0.000 0.000 0.000 0.000 0.000
0.026 0.023 0.021 0.019 0.018 0.017 0.017 0.016 0.015 0.014 0.014 0.014 0.014 0.016 0.018 0.022 0.031 0.050 0.084 0.106 0.111 0.107 0.080 0.039 0.018 0.011 0.010 0.012 0.016 0.018 0.019 0.020 0.020 0.018 0.015 0.011 0.008 0.005 0.004 0.003 0.003 0.002 0.002 0.002 0.002 0.001 0.001 0.001 0.001 0.001 0.001 0.000 0.000 0.000 0.000 0.000 0.000 0.000 0.000 0.000 0.000 0.000 0.001 0.001 0.001 0.001 0.001 0.001 0.000 0.000 0.000 0.000 0.000 0.000 0.000 0.000 0.000
0.036 0.031 0.027 0.025 0.023 0.022 0.020 0.018 0.017 0.016 0.015 0.015 0.015 0.017 0.020 0.025 0.036 0.063 0.096 0.110 0.112 0.101 0.065 0.029 0.014 0.008 0.005 0.004 0.004 0.005 0.005 0.005 0.006 0.006 0.005 0.004 0.003 0.002 0.001 0.001 0.001 0.001 0.001 0.001 0.001 0.001 0.001 0.001 0.001 0.001 0.001 0.001 0.000 0.000 0.001 0.000 0.000 0.000 0.000 0.000 0.000 0.000 0.001 0.001 0.001 0.001 0.001 0.000 0.000 0.000 0.000 0.000 0.000 0.000 0.000 0.000 0.000
0.052 0.043 0.038 0.034 0.030 0.027 0.024 0.021 0.019 0.017 0.017 0.017 0.017 0.019 0.022 0.029 0.044 0.078 0.104 0.112 0.111 0.092 0.050 0.023 0.011 0.006 0.004 0.003 0.002 0.002 0.002 0.002 0.002 0.002 0.002 0.001 0.001 0.001 0.001 0.001 0.001 0.001 0.001 0.001 0.001 0.001 0.001 0.001 0.001 0.001 0.001 0.001 0.001 0.001 0.001 0.000 0.000 0.000 0.000 0.000 0.000 0.000 0.001 0.001 0.001 0.001 0.001 0.000 0.000 0.000 0.000 0.000 0.000 0.000 0.000 0.000 0.000
0.077 0.065 0.056 0.048 0.041 0.034 0.029 0.025 0.022 0.020 0.019 0.019 0.020 0.022 0.026 0.034 0.055 0.090 0.109 0.113 0.108 0.079 0.039 0.018 0.010 0.006 0.004 0.003 0.002 0.001 0.001 0.001 0.001 0.001 0.001 0.001 0.001 0.001 0.001 0.000 0.000 0.001 0.001 0.001 0.001 0.001 0.001 0.001 0.001 0.001 0.001 0.001 0.001 0.001 0.000 0.000 0.000 0.000 0.001 0.000 0.000 0.000 0.001 0.001 0.001 0.001 0.000 0.000 0.000 0.000 0.000 0.000 0.000 0.000 0.000 0.000 0.000
0.111 0.098 0.084 0.070 0.058 0.047 0.038 0.031 0.027 0.025 0.024 0.023 0.024 0.025 0.029 0.040 0.067 0.099 0.111 0.113 0.101 0.065 0.031 0.015 0.008 0.005 0.003 0.002 0.002 0.001 0.001 0.001 0.001 0.000 0.000 0.000 0.000 0.000 0.001 0.000 0.000 0.001 0.001 0.001 0.001 0.001 0.001 0.001 0.001 0.001 0.001 0.001 0.001 0.001 0.000 0.000 0.000 0.000 0.001 0.000 0.000 0.000 0.001 0.001 0.001 0.000 0.000 0.000 0.000 0.000 0.000 0.000 0.000 0.000 0.000 0.000 0.000
0.156 0.144 0.127 0.108 0.087 0.068 0.053 0.042 0.036 0.031 0.029 0.029 0.029 0.030 0.034 0.047 0.078 0.104 0.111 0.110 0.091 0.052 0.025 0.013 0.008 0.005 0.003 0.002 0.002 0.001 0.001 0.001 0.001 0.000 0.000 0.000 0.000 0.000 0.001 0.001 0.000 0.001 0.001 0.001 0.001 0.001 0.001 0.001 0.001 0.001 0.001 0.001 0.001 0.000 0.000 0.000 0.000 0.000 0.000 0.000 0.000 0.000 0.001 0.001 0.001 0.000 0.000 0.000 0.000 0.000 0.000 0.000 0.000 0.000 0.000 0.000 0.000
0.212 0.202 0.185 0.163 0.136 0.106 0.080 0.062 0.049 0.042 0.038 0.036 0.036 0.037 0.041 0.057 0.088 0.106 0.111 0.105 0.079 0.042 0.022 0.013 0.008 0.005 0.003 0.002 0.001 0.001 0.001 0.001 0.001 0.001 0.000 0.000 0.000 0.000 0.000 0.000 0.000 0.000 0.000 0.000 0.001 0.001 0.001 0.001 0.001 0.001 0.001 0.001 0.001 0.000 0.000 0.000 0.000 0.000 0.000 0.000 0.000 0.001 0.001 0.001 0.000 0.000 0.000 0.000 0.000 0.000 0.000 0.000 0.000 0.000 0.000 0.000 0.000
0.281 0.272 0.258 0.235 0.205 0.167 0.127 0.094 0.072 0.058 0.050 0.047 0.046 0.047 0.052 0.071 0.097 0.108 0.109 0.098 0.065 0.034 0.020 0.012 0.008 0.005 0.003 0.002 0.001 0.001 0.001 0.001 0.001 0.001 0.001 0.000 0.000 0.000 0.000 0.000 0.000 0.000 0.000 0.000 0.000 0.000 0.001 0.001 0.001 0.001 0.001 0.001 0.001 0.000 0.000 0.000 0.000 0.000 0.000 0.000 0.001 0.001 0.001 0.000 0.000 0.000 0.000 0.000 0.000 0.000 0.000 0.000 0.000 0.000 0.000 0.000 0.000
0.365 0.358 0.345 0.325 0.294 0.252 0.199 0.149 0.111 0.086 0.071 0.063 0.061 0.062 0.068 0.087 0.105 0.110 0.106 0.086 0.051 0.029 0.018 0.012 0.008 0.005 0.003 0.002 0.001 0.001 0.000 0.000 0.001 0.001 0.001 0.000 0.000 0.001 0.000 0.000 0.000 0.001 0.001 0.000 0.000 0.000 0.000 0.001 0.001 0.001 0.001 0.001 0.001 0.000 0.000 0.000 0.000 0.000 0.000 0.000 0.001 0.001 0.001 0.000 0.000 0.000 0.000 0.000 0.000 0.000 0.000 0.000 0.000 0.000 0.000 0.000 0.000
0.465 0.460 0.450 0.432 0.402 0.359 0.300 0.231 0.172 0.130 0.103 0.089 0.083 0.082 0.088 0.104 0.114 0.114 0.102 0.071 0.041 0.026 0.018 0.012 0.008 0.005 0.003 0.002 0.001 0.001 0.000 0.000 0.000 0.001 0.001 0.000 0.000 0.001 0.000 0.000 0.001 0.001 0.001 0.001 0.000 0.000 0.000 0.000 0.001 0.001 0.001 0.001 0.000 0.000 0.000 0.000 0.000 0.000 0.000 0.001 0.001 0.001 0.000 0.000 0.000 0.000 0.000 0.000 0.000 0.000 0.000 0.000 0.000 0.000 0.000 0.000 0.000
0.584 0.581 0.574 0.558 0.530 0.486 0.425 0.345 0.263 0.199 0.155 0.128 0.115 0.111 0.115 0.123 0.125 0.118 0.092 0.057 0.036 0.025 0.018 0.012 0.008 0.005 0.003 0.002 0.001 0.001 0.000 0.000 0.000 0.000 0.001 0.000 0.000 0.001 0.000 0.000 0.000 0.001 0.001 0.001 0.000 0.000 0.000 0.000 0.000 0.001 0.001 0.001 0.000 0.000 0.000 0.000 0.000 0.000 0.001 0.001 0.001 0.001 0.000 0.000 0.000 0.000 0.000 0.000 0.000 0.000 0.000 0.000 0.000 0.000 0.000 0.000 0.000
0.724 0.723 0.717 0.703 0.677 0.635 0.574 0.490 0.389 0.299 0.232 0.187 0.163 0.152 0.149 0.145 0.135 0.113 0.078 0.050 0.035 0.025 0.018 0.012 0.008 0.005 0.003 0.002 0.001 0.001 0.000 0.000 0.000 0.000 0.000 0.000 0.000 0.000 0.000 0.000 0.001 0.001 0.000 0.000 0.000 0.000 0.000 0.000 0.000 0.000 0.000 0.001 0.000 0.000 0.000 0.000 0.000 0.001 0.001 0.001 0.001 0.001 0.000 0.000 0.000 0.000 0.000 0.000 0.000 0.000 0.000 0.000 0.000 0.000 0.000 0.000 0.000
0.886 0.886 0.881 0.870 0.846 0.806 0.746 0.662 0.554 0.437 0.341 0.275 0.234 0.209 0.189 0.168 0.141 0.105 0.070 0.048 0.035 0.026 0.019 0.013 0.008 0.004 0.002 0.001 0.001 0.001 0.000 0.000 0.000 0.000 0.000 0.000 0.000 0.000 0.000 0.001 0.001 0.001 0.000 0.000 0.000 0.000 0.000 0.000 0.000 0.000 0.000 0.000 0.000 0.000 0.000 0.000 0.000 0.000 0.000 0.000 0.000 0.000 0.000 0.000 0.000 0.000 0.000 0.000 0.000 0.000 0.000 0.000 0.000 0.000 0.000 0.000 0.000
1.068 1.068 1.065 1.055 1.034 0.998 0.941 0.860 0.752 0.619 0.492 0.396 0.328 0.278 0.234 0.190 0.146 0.103 0.070 0.049 0.037 0.028 0.020 0.014 0.008 0.004 0.002 0.001 0.001 0.001 0.001 0.000 0.000 0.000 0.000 0.000 0.000 0.000 0.000 0.001 0.001 0.001 0.001 0.000 0.000 0.000 0.000 0.000 0.001 0.000 0.000 0.000 0.000 0.000 0.000 0.000 0.000 0.000 0.000 0.000 0.000 0.000 0.000 0.000 0.000 0.000 0.000 0.000 0.000 0.000 0.000 0.000 0.000 0.000 0.000 0.000 0.000
1.237 1.240 1.239 1.232 1.217 1.188 1.141 1.072 0.975 0.841 0.686 0.548 0.440 0.353 0.279 0.212 0.153 0.107 0.075 0.055 0.041 0.031 0.022 0.014 0.008 0.004 0.002 0.001 0.001 0.000 0.000 0.001 0.000 0.000 0.000 0.000 0.000 0.000 0.000 0.001 0.001 0.001 0.001 0.000 0.000 0.000 0.000 0.000 0.000 0.001 0.000 0.000 0.000 0.000 0.000 0.000 0.000 0.000 0.001 0.001 0.001 0.000 0.000 0.000 0.000 0.000 0.000 0.000 0.000 0.000 0.000 0.000 0.000 0.000 0.000 0.000 0.000
1.382 1.389 1.391 1.388 1.377 1.355 1.320 1.264 1.180 1.059 0.899 0.722 0.565 0.437 0.330 0.242 0.172 0.122 0.089 0.067 0.050 0.037 0.025 0.015 0.008 0.004 0.002 0.001 0.001 0.000 0.000 0.001 0.001 0.001 0.000 0.000 0.000 0.000 0.001 0.001 0.001 0.001 0.001 0.001 0.000 0.000 0.000 0.000 0.000 0.001 0.000 0.000 0.000 0.000 0.000 0.000 0.000 0.001 0.001 0.001 0.001 0.001 0.000 0.000 0.000 0.000 0.000 0.000 0.000 0.000 0.000 0.000 0.000 0.000 0.000 0.000 0.000
1.505 1.517 1.522 1.522 1.516 1.501 1.474 1.428 1.351 1.241 1.094 0.907 0.706 0.534 0.395 0.288 0.210 0.155 0.116 0.087 0.064 0.044 0.028 0.016 0.008 0.004 0.002 0.001 0.001 0.000 0.000 0.000 0.001 0.001 0.000 0.000 0.000 0.000 0.001 0.001 0.001 0.001 0.001 0.001 0.000 0.000 0.000 0.000 0.000 0.000 0.000 0.000 0.000 0.000 0.000 0.000 0.000 0.001 0.001 0.001 0.001 0.001 0.000 0.000 0.000 0.000 0.000 0.000 0.000 0.000 0.000 0.000 0.000 0.000 0.000 0.000 0.000
1.609 1.623 1.631 1.634 1.632 1.624 1.604 1.562 1.492 1.394 1.261 1.087 0.870 0.656 0.487 0.362 0.274 0.211 0.161 0.120 0.084 0.054 0.030 0.015 0.007 0.003 0.002 0.001 0.001 0.000 0.000 0.000 0.000 0.001 0.000 0.000 0.000 0.000 0.001 0.001 0.001 0.001 0.001 0.000 0.000 0.001 0.000 0.000 0.000 0.000 0.000 0.000 0.000 0.000 0.000 0.000 0.001 0.001 0.001 0.001 0.001 0.000 0.000 0.000 0.000 0.000 0.000 0.000 0.000 0.000 0.000 0.000 0.000 0.000 0.000 0.000 0.000
1.693 1.709 1.719 1.726 1.728 1.724 1.706 1.668 1.607 1.521 1.402 1.246 1.046 0.815 0.624 0.483 0.381 0.301 0.232 0.168 0.110 0.063 0.031 0.014 0.007 0.003 0.001 0.001 0.001 0.000 0.000 0.000 0.000 0.000 0.000 0.000 0.000 0.000 0.000 0.000 0.000 0.000 0.000 0.000 0.000 0.000 0.001 0.000 0.000 0.000 0.000 0.000 0.000 0.000 0.000 0.001 0.001 0.001 0.001 0.001 0.001 0.000 0.000 0.000 0.000 0.000 0.000 0.000 0.000 0.000 0.000 0.000 0.000 0.000 0.000 0.000 0.000
1.762 1.781 1.792 1.799 1.802 1.800 1.783 1.751 1.699 1.622 1.517 1.381 1.211 1.005 0.815 0.662 0.536 0.425 0.318 0.215 0.128 0.066 0.030 0.013 0.006 0.002 0.001 0.001 0.001 0.000 0.001 0.000 0.000 0.000 0.000 0.000 0.000 0.000 0.000 0.001 0.001 0.001 0.000 0.000 0.000 0.000 0.001 0.001 0.001 0.000 0.000 0.000 0.000 0.000 0.000 0.001 0.001 0.001 0.001 0.001 0.001 0.000 0.000 0.000 0.000 0.000 0.000 0.000 0.000 0.000 0.000 0.000 0.000 0.000 0.000 0.000 0.000
1.816 1.839 1.852 1.858 1.860 1.856 1.843 1.817 1.770 1.701 1.609 1.490 1.343 1.167 0.986 0.823 0.673 0.524 0.374 0.239 0.134 0.064 0.027 0.011 0.004 0.002 0.001 0.001 0.000 0.000 0.000 0.001 0.000 0.000 0.000 0.000 0.000 0.000 0.000 0.001 0.001 0.001 0.000 0.000 0.000 0.000 0.000 0.001 0.000 0.000 0.000 0.000 0.000 0.000 0.001 0.001 0.000 0.000 0.000 0.000 0.000 0.000 0.000 0.000 0.000 0.000 0.000 0.000 0.000 0.000 0.000 0.000 0.000 0.000 0.000 0.000 0.000
1.859 1.885 1.901 1.907 1.907 1.901 1.890 1.866 1.824 1.762 1.680 1.574 1.441 1.280 1.103 0.930 0.759 0.577 0.394 0.241 0.128 0.057 0.022 0.008 0.003 0.001 0.001 0.001 0.000 0.000 0.000 0.001 0.001 0.000 0.000 0.000 0.000 0.000 0.000 0.001 0.001 0.001 0.000 0.000 0.000 0.000 0.000 0.000 0.000 0.000 0.000 0.000 0.000 0.001 0.001 0.000 0.000 0.000 0.000 0.000 0.000 0.000 0.000 0.000 0.000 0.000 0.000 0.000 0.000 0.000 0.000 0.000 0.000 0.000 0.000 0.000 0.000
1.890 1.923 1.940 1.946 1.945 1.940 1.929 1.906 1.868 1.812 1.737 1.637 1.508 1.351 1.175 0.992 0.801 0.588 0.386 0.223 0.109 0.044 0.016 0.005 0.002 0.001 0.001 0.001 0.001 0.000 0.000 0.000 0.001 0.000 0.000 0.000 0.000 0.000 0.001 0.001 0.001 0.001 0.000 0.000 0.000 0.000 0.000 0.000 0.000 0.000 0.000 0.000 0.000 0.001 0.000 0.000 0.000 0.001 0.001 0.001 0.000 0.000 0.000 0.000 0.000 0.000 0.000 0.000 0.000 0.000 0.000 0.000 0.000 0.000 0.000 0.000 0.000
1.911 1.950 1.971 1.978 1.979 1.975 1.964 1.942 1.908 1.856 1.783 1.681 1.549 1.391 1.212 1.019 0.808 0.568 0.348 0.180 0.076 0.027 0.009 0.003 0.001 0.001 0.001 0.000 0.001 0.001 0.000 0.000 0.000 0.000 0.000 0.000 0.000 0.000 0.001 0.001 0.001 0.001 0.001 0.000 0.000 0.000 0.000 0.000 0.000 0.000 0.000 0.000 0.000 0.000 0.000 0.000 0.000 0.000 0.000 0.000 0.000 0.000 0.000 0.000 0.000 0.000 0.000 0.000 0.000 0.000 0.000 0.000 0.000 0.000 0.000 0.000 0.000
1.924 1.970 1.997 2.008 2.010 2.008 1.999 1.980 1.946 1.893 1.815 1.708 1.573 1.411 1.226 1.024 0.792 0.519 0.284 0.126 0.046 0.016 0.006 0.002 0.001 0.001 0.000 0.000 0.000 0.001 0.001 0.000 0.000 0.000 0.000 0.000 0.000 0.000 0.000 0.000 0.000 0.000 0.000 0.000 0.000 0.000 0.000 0.000 0.000 0.000 0.000 0.000 0.000 0.000 0.000 0.001 0.001 0.001 0.001 0.000 0.000 0.000 0.000 0.000 0.000 0.000 0.000 0.000 0.000 0.000 0.000 0.000 0.000 0.000 0.000 0.000 0.000
1.928 1.983 2.019 2.037 2.042 2.041 2.033 2.014 1.979 1.922 1.838 1.724 1.583 1.416 1.228 1.014 0.748 0.447 0.219 0.087 0.030 0.010 0.004 0.001 0.001 0.001 0.000 0.000 0.000 0.000 0.001 0.001 0.000 0.000 0.000 0.000 0.000 0.000 0.000 0.000 0.001 0.001 0.001 0.001 0.000 0.000 0.000 0.000 0.000 0.000 0.000 0.000 0.000 0.000 0.000 0.000 0.000 0.000 0.001 0.000 0.000 0.000 0.000 0.000 0.000 0.000 0.000 0.000 0.000 0.000 0.000 0.000 0.000 0.000 0.000 0.000 0.000
1.924 1.987 2.037 2.065 2.074 2.075 2.068 2.048 2.008 1.944 1.854 1.734 1.587 1.417 1.223 0.985 0.674 0.368 0.163 0.059 0.020 0.007 0.002 0.001 0.001 0.001 0.000 0.000 0.000 0.000 0.000 0.001 0.000 0.000 0.000 0.000 0.000 0.000 0.000 0.001 0.001 0.001 0.001 0.000 0.001 0.000 0.000 0.000 0.000 0.000 0.000 0.000 0.000 0.000 0.000 0.000 0.000 0.000 0.000 0.000 0.000 0.000 0.000 0.000 0.000 0.000 0.000 0.000 0.000 0.000 0.000 0.000 0.000 0.000 0.000 0.000 0.000
1.906 1.980 2.047 2.093 2.112 2.114 2.106 2.082 2.037 1.964 1.865 1.740 1.590 1.416 1.205 0.923 0.571 0.283 0.113 0.039 0.013 0.004 0.002 0.001 0.001 0.001 0.000 0.000 0.000 0.000 0.000 0.000 0.000 0.000 0.000 0.000 0.000 0.000 0.000 0.001 0.001 0.001 0.001 0.000 0.000 0.001 0.000 0.000 0.000 0.000 0.000 0.000 0.000 0.000 0.000 0.000 0.000 0.000 0.000 0.000 0.000 0.000 0.000 0.000 0.000 0.000 0.000 0.000 0.000 0.000 0.000 0.000 0.000 0.000 0.000 0.000 0.000
1.869 1.955 2.041 2.112 2.150 2.159 2.150 2.120 2.063 1.980 1.871 1.741 1.587 1.400 1.149 0.803 0.441 0.194 0.069 0.023 0.007 0.002 0.001 0.001 0.001 0.001 0.001 0.000 0.000 0.000 0.000 0.000 0.000 0.000 0.000 0.000 0.000 0.000 0.000 0.001 0.001 0.001 0.001 0.000 0.000 0.000 0.001 0.000 0.000 0.000 0.000 0.000 0.000 0.000 0.000 0.000 0.001 0.000 0.000 0.000 0.000 0.000 0.000 0.000 0.000 0.000 0.000 0.000 0.000 0.000 0.000 0.000 0.000 0.000 0.000 0.000 0.000
1.810 1.903 2.009 2.107 2.166 2.185 2.179 2.146 2.082 1.989 1.871 1.726 1.546 1.312 0.994 0.605 0.288 0.110 0.036 0.012 0.004 0.001 0.001 0.001 0.001 0.001 0.001 0.001 0.000 0.000 0.000 0.000 0.000 0.000 0.000 0.000 0.000 0.000 0.001 0.001 0.001 0.001 0.001 0.001 0.000 0.000 0.000 0.001 0.000 0.000 0.000 0.000 0.000 0.000 0.000 0.000 0.000 0.000 0.000 0.000 0.000 0.000 0.000 0.000 0.000 0.000 0.000 0.000 0.000 0.000 0.000 0.000 0.000 0.000 0.000 0.000 0.000
1.721 1.808 1.915 2.034 2.126 2.171 2.176 2.150 2.084 1.979 1.832 1.636 1.384 1.070 0.696 0.353 0.145 0.050 0.016 0.005 0.002 0.001 0.001 0.001 0.001 0.001 0.001 0.001 0.001 0.000 0.000 0.000 0.000 0.000 0.000 0.000 0.000 0.000 0.000 0.000 0.000 0.000 0.000 0.000 0.001 0.000 0.000 0.000 0.000 0.000 0.000 0.000 0.000 0.000 0.000 0.000 0.000 0.000 0.000 0.000 0.000 0.000 0.000 0.000 0.000 0.000 0.000 0.000 0.000 0.000 0.000 0.000 0.000 0.000 0.000 0.000 0.000
