RESULTS/r.avaflow_results/11_results/11_ascii/11_hflow0039.asc
ncols 506
nrows 317
xllcenter 498237.50
yllcenter 5580050.00
cellsize 12.50
NODATA_value -9999.000
[rows 170 to 203 of 317, columns 154 to 230 of 506]
9.840 9.599 9.368 9.122 8.857 8.583 8.313 8.058 7.828 7.622 7.430 7.243 7.043 6.784 6.402 5.866 5.190 4.418 3.618 2.871 2.202 1.630 1.177 0.851 0.639 0.512 0.445 0.419 0.416 0.431 0.464 0.495 0.511 0.521 0.530 0.543 0.564 0.586 0.596 0.596 0.588 0.575 0.561 0.545 0.525 0.493 0.448 0.391 0.337 0.285 0.237 0.197 0.165 0.143 0.130 0.124 0.123 0.125 0.130 0.136 0.141 0.144 0.146 0.148 0.149 0.152 0.161 0.183 0.233 0.326 0.424 0.473 0.484 0.468 0.415 0.321 0.224
12.844 12.955 12.958 12.874 12.739 12.530 12.251 11.930 11.605 11.300 11.013 10.737 10.457 10.128 9.667 9.010 8.152 7.124 5.991 4.863 3.814 2.879 2.102 1.511 1.104 0.846 0.693 0.618 0.593 0.593 0.602 0.605 0.598 0.587 0.580 0.580 0.587 0.596 0.598 0.593 0.578 0.556 0.531 0.505 0.473 0.426 0.358 0.278 0.209 0.161 0.130 0.109 0.096 0.088 0.085 0.085 0.088 0.093 0.099 0.104 0.106 0.107 0.107 0.107 0.108 0.110 0.116 0.133 0.170 0.240 0.343 0.424 0.459 0.464 0.449 0.404 0.323
16.032 16.541 16.742 16.721 16.603 16.387 16.084 15.737 15.382 15.034 14.697 14.374 14.053 13.700 13.236 12.551 11.595 10.394 9.016 7.565 6.139 4.797 3.606 2.634 1.908 1.403 1.076 0.882 0.776 0.714 0.672 0.642 0.618 0.597 0.583 0.576 0.573 0.572 0.566 0.549 0.517 0.476 0.435 0.393 0.344 0.281 0.209 0.149 0.110 0.087 0.073 0.064 0.060 0.058 0.058 0.060 0.065 0.071 0.077 0.080 0.081 0.081 0.081 0.080 0.080 0.082 0.087 0.099 0.125 0.173 0.257 0.360 0.429 0.455 0.458 0.444 0.400
18.298 19.151 19.579 19.682 19.620 19.462 19.226 18.951 18.649 18.324 17.979 17.628 17.280 16.909 16.453 15.799 14.881 13.706 12.326 10.791 9.148 7.470 5.824 4.370 3.190 2.294 1.656 1.232 0.961 0.792 0.695 0.640 0.605 0.576 0.551 0.532 0.516 0.500 0.479 0.441 0.382 0.321 0.269 0.224 0.183 0.141 0.104 0.077 0.061 0.051 0.045 0.042 0.040 0.040 0.041 0.044 0.049 0.055 0.060 0.062 0.063 0.063 0.062 0.062 0.062 0.064 0.068 0.077 0.094 0.125 0.181 0.276 0.381 0.437 0.455 0.453 0.434
19.498 20.593 21.276 21.619 21.750 21.760 21.687 21.556 21.369 21.114 20.784 20.402 20.010 19.611 19.152 18.527 17.656 16.532 15.187 13.675 12.025 10.241 8.307 6.348 4.636 3.260 2.235 1.533 1.092 0.831 0.688 0.607 0.551 0.507 0.468 0.432 0.399 0.365 0.326 0.273 0.215 0.171 0.138 0.113 0.091 0.072 0.056 0.044 0.037 0.033 0.030 0.029 0.029 0.030 0.031 0.033 0.037 0.043 0.047 0.049 0.049 0.050 0.050 0.050 0.051 0.053 0.056 0.062 0.074 0.094 0.130 0.195 0.304 0.397 0.439 0.448 0.440
19.802 21.014 21.906 22.528 22.948 23.212 23.347 23.366 23.293 23.125 22.823 22.401 21.958 21.537 21.082 20.500 19.707 18.668 17.378 15.858 14.133 12.213 10.070 7.718 5.586 3.858 2.567 1.693 1.153 0.837 0.654 0.536 0.452 0.383 0.324 0.277 0.242 0.212 0.181 0.147 0.115 0.091 0.074 0.061 0.050 0.041 0.033 0.028 0.025 0.023 0.023 0.022 0.022 0.023 0.024 0.026 0.029 0.033 0.036 0.038 0.040 0.041 0.041 0.042 0.044 0.046 0.049 0.054 0.061 0.074 0.098 0.142 0.221 0.327 0.399 0.427 0.430
19.652 20.921 21.926 22.711 23.344 23.828 24.132 24.257 24.250 24.143 23.871 23.413 22.935 22.518 22.083 21.544 20.827 19.885 18.672 17.161 15.365 13.309 10.982 8.379 5.997 4.086 2.673 1.732 1.157 0.809 0.586 0.433 0.320 0.239 0.185 0.153 0.132 0.116 0.099 0.080 0.064 0.052 0.043 0.036 0.030 0.026 0.022 0.020 0.019 0.018 0.018 0.018 0.018 0.018 0.019 0.020 0.023 0.025 0.028 0.031 0.032 0.034 0.035 0.037 0.039 0.041 0.044 0.048 0.053 0.063 0.079 0.108 0.159 0.243 0.332 0.385 0.405
19.066 20.443 21.610 22.563 23.327 23.897 24.250 24.403 24.414 24.329 24.072 23.600 23.107 22.704 22.285 21.766 21.085 20.201 19.054 17.575 15.751 13.612 11.184 8.479 6.025 4.065 2.631 1.681 1.092 0.721 0.477 0.311 0.203 0.140 0.104 0.085 0.073 0.065 0.056 0.047 0.039 0.033 0.028 0.024 0.021 0.018 0.016 0.015 0.014 0.014 0.014 0.014 0.014 0.014 0.015 0.016 0.017 0.020 0.022 0.024 0.026 0.028 0.030 0.032 0.035 0.037 0.040 0.043 0.048 0.055 0.067 0.087 0.120 0.174 0.250 0.318 0.361
18.056 19.566 20.900 22.037 22.944 23.583 23.949 24.091 24.089 24.000 23.748 23.295 22.791 22.365 21.924 21.390 20.723 19.882 18.788 17.348 15.529 13.355 10.845 8.099 5.673 3.751 2.365 1.462 0.903 0.551 0.326 0.192 0.120 0.081 0.060 0.050 0.043 0.038 0.034 0.029 0.025 0.022 0.019 0.017 0.015 0.013 0.012 0.011 0.011 0.011 0.011 0.011 0.011 0.011 0.011 0.012 0.013 0.015 0.017 0.019 0.021 0.024 0.026 0.028 0.031 0.033 0.036 0.040 0.044 0.050 0.059 0.073 0.096 0.132 0.182 0.243 0.298
16.723 18.334 19.780 21.030 22.028 22.723 23.108 23.230 23.191 23.058 22.798 22.411 21.928 21.409 20.849 20.233 19.541 18.720 17.673 16.264 14.430 12.190 9.595 6.958 4.721 2.996 1.786 1.021 0.574 0.319 0.180 0.107 0.069 0.048 0.037 0.032 0.028 0.025 0.022 0.020 0.018 0.016 0.014 0.012 0.011 0.010 0.009 0.008 0.008 0.008 0.008 0.008 0.008 0.008 0.008 0.009 0.010 0.011 0.013 0.015 0.017 0.019 0.022 0.024 0.027 0.030 0.033 0.036 0.040 0.046 0.053 0.065 0.082 0.107 0.141 0.185 0.234
15.112 16.741 18.220 19.520 20.586 21.353 21.788 21.909 21.834 21.643 21.381 21.083 20.648 20.009 19.251 18.489 17.714 16.842 15.733 14.231 12.262 9.864 7.281 4.955 3.126 1.821 0.984 0.515 0.273 0.152 0.090 0.058 0.041 0.031 0.025 0.022 0.020 0.018 0.016 0.015 0.013 0.012 0.010 0.009 0.008 0.007 0.006 0.006 0.005 0.005 0.005 0.005 0.005 0.005 0.006 0.006 0.007 0.008 0.009 0.011 0.013 0.015 0.018 0.020 0.023 0.026 0.030 0.033 0.037 0.042 0.049 0.059 0.073 0.093 0.118 0.151 0.188
13.233 14.783 16.256 17.613 18.792 19.694 20.237 20.408 20.333 20.128 19.870 19.593 19.141 18.398 17.473 16.544 15.612 14.547 13.161 11.322 8.972 6.451 4.258 2.640 1.541 0.842 0.433 0.220 0.120 0.072 0.048 0.034 0.027 0.022 0.019 0.017 0.015 0.014 0.012 0.011 0.010 0.009 0.008 0.007 0.006 0.005 0.004 0.004 0.003 0.003 0.003 0.003 0.003 0.003 0.004 0.004 0.005 0.006 0.007 0.008 0.010 0.012 0.014 0.017 0.020 0.023 0.026 0.030 0.034 0.039 0.046 0.056 0.069 0.086 0.107 0.131 0.160
11.173 12.579 14.023 15.455 16.772 17.836 18.524 18.797 18.766 18.583 18.294 17.905 17.313 16.461 15.440 14.359 13.199 11.778 9.884 7.530 5.181 3.294 1.959 1.113 0.613 0.327 0.171 0.093 0.056 0.038 0.029 0.023 0.019 0.016 0.015 0.013 0.012 0.011 0.010 0.009 0.008 0.006 0.005 0.005 0.004 0.003 0.002 0.002 0.002 0.002 0.002 0.002 0.002 0.002 0.002 0.002 0.003 0.004 0.005 0.006 0.007 0.009 0.011 0.014 0.017 0.020 0.023 0.027 0.032 0.037 0.045 0.054 0.067 0.083 0.101 0.121 0.144
9.169 10.345 11.643 13.050 14.418 15.564 16.350 16.722 16.748 16.575 16.170 15.540 14.705 13.708 12.599 11.370 9.915 8.056 5.891 3.875 2.359 1.322 0.707 0.383 0.214 0.121 0.070 0.044 0.031 0.024 0.020 0.017 0.015 0.013 0.012 0.011 0.010 0.009 0.008 0.007 0.006 0.005 0.004 0.003 0.002 0.002 0.001 0.001 0.001 0.001 0.001 0.001 0.001 0.001 0.001 0.001 0.001 0.002 0.003 0.004 0.005 0.007 0.009 0.011 0.014 0.017 0.021 0.025 0.030 0.036 0.043 0.053 0.066 0.081 0.098 0.116 0.136
7.233 8.109 9.110 10.230 11.363 12.341 13.054 13.427 13.478 13.302 12.786 11.926 10.797 9.568 8.350 7.063 5.625 4.053 2.605 1.509 0.803 0.413 0.222 0.129 0.079 0.051 0.035 0.026 0.020 0.017 0.015 0.013 0.012 0.011 0.010 0.009 0.008 0.007 0.006 0.005 0.004 0.003 0.002 0.002 0.001 0.001 0.000 0.000 0.000 0.000 0.000 0.000 0.000 0.000 0.000 0.000 0.001 0.001 0.002 0.003 0.004 0.005 0.007 0.009 0.011 0.014 0.018 0.022 0.028 0.034 0.042 0.052 0.065 0.080 0.097 0.114 0.133
5.333 5.781 6.264 6.799 7.362 7.888 8.308 8.541 8.571 8.421 7.938 7.092 6.015 4.969 4.059 3.206 2.337 1.488 0.840 0.436 0.226 0.127 0.078 0.052 0.037 0.027 0.021 0.018 0.015 0.013 0.012 0.011 0.010 0.009 0.008 0.007 0.007 0.006 0.005 0.004 0.003 0.002 0.001 0.001 0.000 0.000 0.000 0.000 0.000 0.000 0.000 0.000 0.000 0.000 0.000 0.000 0.000 0.000 0.001 0.002 0.002 0.004 0.005 0.007 0.009 0.012 0.016 0.020 0.026 0.032 0.041 0.051 0.064 0.079 0.096 0.113 0.133
3.543 3.623 3.700 3.786 3.883 3.987 4.078 4.118 4.101 4.006 3.732 3.240 2.572 1.949 1.469 1.070 0.709 0.417 0.226 0.124 0.074 0.049 0.036 0.028 0.022 0.018 0.016 0.013 0.012 0.011 0.010 0.009 0.008 0.008 0.007 0.006 0.006 0.005 0.004 0.003 0.002 0.001 0.001 0.000 0.000 0.000 0.000 0.000 0.000 0.000 0.000 0.000 0.000 0.000 0.000 0.000 0.000 0.000 0.000 0.001 0.001 0.002 0.004 0.005 0.007 0.010 0.014 0.018 0.024 0.030 0.039 0.049 0.062 0.077 0.094 0.113 0.134
2.018 1.898 1.800 1.724 1.663 1.613 1.579 1.547 1.513 1.457 1.333 1.122 0.836 0.593 0.426 0.300 0.197 0.120 0.073 0.047 0.034 0.027 0.022 0.018 0.016 0.014 0.012 0.011 0.010 0.009 0.008 0.008 0.007 0.007 0.006 0.006 0.005 0.004 0.004 0.003 0.002 0.001 0.000 0.000 0.000 0.000 0.000 0.000 0.000 0.000 0.000 0.000 0.000 0.000 0.000 0.000 0.000 0.000 0.000 0.000 0.001 0.001 0.002 0.004 0.006 0.008 0.012 0.016 0.021 0.028 0.036 0.046 0.059 0.074 0.092 0.113 0.137
0.926 0.811 0.733 0.676 0.627 0.580 0.542 0.511 0.484 0.455 0.411 0.342 0.250 0.177 0.129 0.093 0.066 0.046 0.033 0.026 0.021 0.018 0.016 0.014 0.012 0.011 0.010 0.009 0.008 0.008 0.007 0.007 0.006 0.006 0.006 0.005 0.005 0.004 0.004 0.003 0.002 0.001 0.000 0.000 0.000 0.000 0.000 0.000 0.000 0.000 0.000 0.000 0.000 0.000 0.000 0.000 0.000 0.000 0.000 0.000 0.000 0.001 0.002 0.003 0.004 0.006 0.009 0.013 0.018 0.024 0.032 0.042 0.054 0.069 0.088 0.112 0.139
0.371 0.319 0.286 0.260 0.237 0.213 0.191 0.174 0.161 0.148 0.133 0.113 0.086 0.064 0.050 0.039 0.031 0.025 0.021 0.018 0.015 0.014 0.012 0.011 0.010 0.009 0.008 0.008 0.007 0.007 0.007 0.006 0.006 0.006 0.006 0.006 0.005 0.005 0.004 0.003 0.002 0.001 0.000 0.000 0.000 0.000 0.000 0.000 0.000 0.000 0.000 0.000 0.000 0.000 0.000 0.000 0.000 0.000 0.000 0.000 0.000 0.000 0.001 0.002 0.003 0.005 0.007 0.010 0.015 0.020 0.027 0.036 0.047 0.061 0.081 0.106 0.136
0.148 0.129 0.116 0.105 0.095 0.085 0.075 0.068 0.062 0.057 0.053 0.047 0.039 0.032 0.027 0.023 0.020 0.017 0.015 0.013 0.012 0.011 0.010 0.009 0.008 0.008 0.007 0.007 0.007 0.007 0.007 0.007 0.007 0.007 0.007 0.007 0.007 0.006 0.006 0.005 0.003 0.002 0.001 0.000 0.000 0.000 0.000 0.000 0.000 0.000 0.000 0.000 0.000 0.000 0.000 0.000 0.000 0.000 0.000 0.000 0.000 0.000 0.000 0.001 0.002 0.003 0.005 0.008 0.011 0.015 0.021 0.028 0.037 0.050 0.068 0.092 0.123
0.064 0.057 0.052 0.048 0.044 0.040 0.036 0.033 0.031 0.029 0.028 0.026 0.024 0.021 0.019 0.016 0.015 0.013 0.012 0.011 0.010 0.009 0.008 0.008 0.007 0.007 0.007 0.007 0.008 0.008 0.009 0.009 0.010 0.010 0.010 0.010 0.010 0.009 0.009 0.007 0.005 0.002 0.001 0.000 0.000 0.000 0.000 0.000 0.000 0.000 0.000 0.000 0.000 0.000 0.000 0.000 0.000 0.000 0.000 0.000 0.000 0.000 0.000 0.000 0.001 0.002 0.003 0.005 0.008 0.011 0.015 0.021 0.027 0.036 0.049 0.069 0.096
0.033 0.030 0.028 0.026 0.025 0.023 0.022 0.020 0.020 0.019 0.018 0.018 0.017 0.016 0.014 0.013 0.012 0.010 0.009 0.009 0.008 0.007 0.007 0.007 0.008 0.008 0.009 0.010 0.011 0.012 0.013 0.014 0.015 0.015 0.016 0.016 0.015 0.014 0.012 0.009 0.005 0.003 0.001 0.000 0.000 0.000 0.000 0.000 0.000 0.000 0.000 0.000 0.000 0.000 0.000 0.000 0.000 0.000 0.000 0.000 0.000 0.000 0.000 0.000 0.000 0.001 0.002 0.004 0.006 0.008 0.011 0.015 0.019 0.025 0.033 0.045 0.063
0.019 0.018 0.018 0.017 0.016 0.016 0.015 0.015 0.014 0.014 0.014 0.013 0.013 0.012 0.011 0.010 0.009 0.008 0.008 0.007 0.007 0.007 0.008 0.008 0.009 0.011 0.013 0.015 0.017 0.020 0.022 0.025 0.026 0.027 0.027 0.026 0.023 0.019 0.015 0.010 0.006 0.003 0.001 0.000 0.000 0.000 0.000 0.000 0.000 0.000 0.000 0.000 0.000 0.000 0.000 0.000 0.000 0.000 0.000 0.000 0.000 0.000 0.000 0.000 0.000 0.000 0.001 0.002 0.004 0.005 0.008 0.011 0.014 0.018 0.023 0.030 0.040
0.013 0.013 0.013 0.012 0.012 0.012 0.012 0.011 0.011 0.011 0.011 0.011 0.010 0.010 0.009 0.009 0.008 0.007 0.007 0.007 0.007 0.008 0.010 0.012 0.014 0.018 0.023 0.028 0.033 0.038 0.042 0.045 0.046 0.045 0.042 0.036 0.029 0.022 0.015 0.010 0.006 0.003 0.001 0.000 0.000 0.000 0.000 0.000 0.000 0.000 0.000 0.000 0.000 0.000 0.000 0.000 0.000 0.000 0.000 0.000 0.000 0.000 0.000 0.000 0.000 0.000 0.000 0.001 0.002 0.004 0.005 0.007 0.010 0.013 0.016 0.021 0.027
0.010 0.010 0.010 0.010 0.009 0.009 0.009 0.009 0.009 0.009 0.009 0.009 0.009 0.008 0.008 0.007 0.007 0.007 0.007 0.008 0.009 0.011 0.015 0.020 0.027 0.036 0.047 0.056 0.064 0.070 0.073 0.072 0.068 0.060 0.050 0.040 0.031 0.022 0.015 0.010 0.006 0.003 0.001 0.000 0.000 0.000 0.000 0.000 0.000 0.000 0.000 0.000 0.000 0.000 0.000 0.000 0.000 0.000 0.000 0.000 0.000 0.000 0.000 0.000 0.000 0.000 0.000 0.001 0.001 0.002 0.003 0.005 0.007 0.009 0.012 0.015 0.019
0.008 0.008 0.008 0.008 0.008 0.008 0.008 0.008 0.008 0.008 0.008 0.007 0.007 0.007 0.007 0.007 0.007 0.007 0.009 0.011 0.014 0.020 0.028 0.040 0.055 0.072 0.088 0.098 0.102 0.102 0.098 0.090 0.078 0.066 0.053 0.041 0.031 0.022 0.015 0.010 0.006 0.003 0.001 0.000 0.000 0.000 0.000 0.000 0.000 0.000 0.000 0.000 0.000 0.000 0.000 0.000 0.000 0.000 0.000 0.000 0.000 0.000 0.000 0.000 0.000 0.000 0.000 0.000 0.000 0.001 0.002 0.003 0.005 0.006 0.008 0.011 0.014
0.006 0.006 0.006 0.006 0.006 0.006 0.006 0.006 0.006 0.006 0.006 0.006 0.006 0.006 0.006 0.007 0.008 0.009 0.012 0.017 0.025 0.038 0.056 0.077 0.099 0.115 0.124 0.128 0.126 0.121 0.110 0.096 0.081 0.066 0.052 0.040 0.030 0.021 0.015 0.009 0.005 0.003 0.001 0.000 0.000 0.000 0.000 0.000 0.000 0.000 0.000 0.000 0.000 0.000 0.000 0.000 0.000 0.000 0.000 0.000 0.000 0.000 0.000 0.000 0.000 0.000 0.000 0.000 0.000 0.000 0.001 0.002 0.003 0.004 0.006 0.008 0.010
0.005 0.005 0.005 0.005 0.005 0.005 0.005 0.005 0.006 0.006 0.006 0.006 0.006 0.006 0.007 0.008 0.010 0.014 0.021 0.031 0.048 0.070 0.094 0.116 0.131 0.140 0.142 0.141 0.136 0.127 0.114 0.097 0.080 0.065 0.051 0.039 0.029 0.020 0.014 0.009 0.005 0.002 0.001 0.000 0.000 0.000 0.000 0.000 0.000 0.000 0.000 0.000 0.000 0.000 0.000 0.000 0.000 0.000 0.000 0.000 0.000 0.000 0.000 0.000 0.000 0.000 0.000 0.000 0.000 0.000 0.000 0.001 0.002 0.003 0.004 0.005 0.007
0.004 0.004 0.004 0.004 0.004 0.005 0.005 0.005 0.005 0.005 0.005 0.005 0.006 0.007 0.008 0.011 0.015 0.023 0.035 0.053 0.076 0.100 0.120 0.135 0.144 0.148 0.148 0.146 0.140 0.130 0.115 0.097 0.079 0.063 0.050 0.038 0.027 0.019 0.013 0.008 0.005 0.002 0.001 0.000 0.000 0.000 0.000 0.000 0.000 0.000 0.000 0.000 0.000 0.000 0.000 0.000 0.000 0.000 0.000 0.000 0.000 0.000 0.000 0.000 0.000 0.000 0.000 0.000 0.000 0.000 0.000 0.000 0.001 0.001 0.002 0.003 0.005
0.003 0.003 0.003 0.004 0.004 0.004 0.004 0.004 0.005 0.005 0.005 0.006 0.007 0.008 0.010 0.014 0.021 0.032 0.048 0.070 0.095 0.115 0.130 0.141 0.147 0.149 0.149 0.147 0.141 0.130 0.114 0.094 0.075 0.059 0.045 0.034 0.024 0.017 0.011 0.007 0.004 0.002 0.001 0.000 0.000 0.000 0.000 0.000 0.000 0.000 0.000 0.000 0.000 0.000 0.000 0.000 0.000 0.000 0.000 0.000 0.000 0.000 0.000 0.000 0.000 0.000 0.000 0.000 0.000 0.000 0.000 0.000 0.000 0.001 0.001 0.002 0.003
0.002 0.003 0.003 0.003 0.003 0.004 0.004 0.004 0.005 0.005 0.006 0.007 0.008 0.009 0.012 0.016 0.025 0.037 0.056 0.079 0.101 0.119 0.132 0.141 0.146 0.148 0.148 0.145 0.138 0.126 0.109 0.087 0.066 0.049 0.036 0.026 0.019 0.013 0.009 0.005 0.003 0.001 0.000 0.000 0.000 0.000 0.000 0.000 0.000 0.000 0.000 0.000 0.000 0.000 0.000 0.000 0.000 0.000 0.000 0.000 0.000 0.000 0.000 0.000 0.000 0.000 0.000 0.000 0.000 0.000 0.000 0.000 0.000 0.000 0.000 0.001 0.002
0.001 0.002 0.002 0.003 0.003 0.004 0.004 0.005 0.005 0.006 0.007 0.008 0.009 0.010 0.012 0.017 0.026 0.039 0.058 0.080 0.101 0.117 0.129 0.135 0.138 0.138 0.136 0.131 0.122 0.108 0.090 0.069 0.049 0.034 0.023 0.016 0.011 0.008 0.005 0.003 0.002 0.001 0.000 0.000 0.000 0.000 0.000 0.000 0.000 0.000 0.000 0.000 0.000 0.000 0.000 0.000 0.000 0.000 0.000 0.000 0.000 0.000 0.000 0.000 0.000 0.000 0.000 0.000 0.000 0.000 0.000 0.000 0.000 0.000 0.000 0.000 0.001
0.001 0.001 0.002 0.002 0.003 0.004 0.005 0.005 0.006 0.007 0.007 0.008 0.009 0.010 0.012 0.017 0.025 0.038 0.056 0.077 0.095 0.108 0.115 0.117 0.115 0.111 0.103 0.094 0.083 0.071 0.056 0.040 0.027 0.018 0.012 0.008 0.006 0.004 0.003 0.002 0.001 0.000 0.000 0.000 0.000 0.000 0.000 0.000 0.000 0.000 0.000 0.000 0.000 0.000 0.000 0.000 0.000 0.000 0.000 0.000 0.000 0.000 0.000 0.000 0.000 0.000 0.000 0.000 0.000 0.000 0.000 0.000 0.000 0.000 0.000 0.000 0.000
