RESULTS/r.avaflow_results/11_results/11_ascii/11_hflow0006.asc
ncols 506
nrows 317
xllcenter 498237.50
yllcenter 5580050.00
cellsize 12.50
NODATA_value -9999.000
[rows 204 to 237 of 317, columns 77 to 153 of 506]
0.000 0.000 0.000 0.000 0.000 0.000 0.000 0.000 0.001 0.002 0.007 0.022 0.066 0.190 0.514 1.236 2.552 4.216 5.308 5.748 5.797 5.628 5.040 3.718 2.247 1.499 1.191 1.092 1.085 1.167 1.445 1.897 2.160 2.232 2.236 2.211 2.111 1.884 1.520 1.218 1.090 1.039 1.000 0.931 0.783 0.534 0.322 0.212 0.157 0.127 0.104 0.084 0.069 0.061 0.057 0.057 0.060 0.074 0.108 0.155 0.179 0.184 0.179 0.160 0.133 0.117 0.109 0.107 0.105 0.103 0.101 0.097 0.090 0.080 0.064 0.043 0.027
0.000 0.000 0.000 0.000 0.000 0.000 0.000 0.001 0.002 0.005 0.015 0.039 0.104 0.274 0.681 1.531 3.017 4.548 5.399 5.709 5.725 5.441 4.517 2.889 1.713 1.218 1.034 0.985 0.999 1.128 1.488 1.954 2.159 2.199 2.190 2.130 1.980 1.680 1.276 1.050 0.969 0.929 0.884 0.805 0.645 0.414 0.257 0.178 0.136 0.111 0.092 0.076 0.065 0.058 0.056 0.055 0.060 0.078 0.120 0.166 0.184 0.185 0.174 0.151 0.125 0.107 0.096 0.092 0.089 0.086 0.081 0.075 0.068 0.056 0.039 0.023 0.014
0.000 0.000 0.000 0.000 0.000 0.000 0.000 0.002 0.005 0.012 0.028 0.068 0.163 0.390 0.894 1.880 3.465 4.779 5.424 5.629 5.619 5.218 3.910 2.233 1.397 1.068 0.951 0.927 0.963 1.141 1.566 1.980 2.142 2.168 2.136 2.020 1.798 1.449 1.092 0.928 0.877 0.852 0.814 0.726 0.554 0.347 0.222 0.157 0.122 0.099 0.082 0.069 0.059 0.055 0.053 0.053 0.060 0.083 0.130 0.169 0.181 0.180 0.165 0.139 0.113 0.092 0.076 0.068 0.066 0.064 0.062 0.057 0.050 0.037 0.023 0.013 0.007
0.000 0.000 0.000 0.000 0.000 0.000 0.001 0.004 0.010 0.024 0.053 0.116 0.254 0.547 1.138 2.225 3.822 4.919 5.393 5.509 5.432 4.806 3.167 1.754 1.197 0.981 0.900 0.886 0.944 1.180 1.647 1.979 2.092 2.115 2.076 1.927 1.650 1.239 0.944 0.839 0.812 0.797 0.762 0.669 0.490 0.303 0.195 0.139 0.108 0.088 0.073 0.061 0.054 0.050 0.049 0.050 0.059 0.086 0.134 0.167 0.175 0.171 0.153 0.123 0.092 0.070 0.057 0.052 0.051 0.050 0.048 0.044 0.036 0.024 0.014 0.008 0.005
0.000 0.000 0.000 0.000 0.000 0.001 0.004 0.009 0.021 0.046 0.095 0.192 0.382 0.742 1.386 2.530 4.072 4.982 5.332 5.401 5.193 4.170 2.441 1.442 1.065 0.919 0.866 0.864 0.940 1.221 1.691 1.948 2.018 2.011 1.938 1.766 1.459 1.053 0.832 0.771 0.763 0.755 0.719 0.620 0.438 0.265 0.171 0.122 0.095 0.077 0.063 0.052 0.046 0.044 0.043 0.045 0.057 0.086 0.134 0.159 0.164 0.157 0.132 0.094 0.065 0.051 0.044 0.042 0.040 0.040 0.038 0.033 0.025 0.015 0.009 0.005 0.003
0.000 0.000 0.000 0.001 0.002 0.004 0.009 0.019 0.042 0.085 0.167 0.309 0.554 0.964 1.625 2.808 4.262 5.006 5.266 5.287 4.886 3.463 1.912 1.250 0.987 0.878 0.846 0.858 0.963 1.287 1.691 1.851 1.881 1.860 1.758 1.553 1.224 0.888 0.741 0.709 0.710 0.711 0.678 0.572 0.388 0.233 0.150 0.108 0.084 0.067 0.053 0.043 0.038 0.036 0.036 0.040 0.054 0.086 0.127 0.144 0.146 0.133 0.099 0.063 0.045 0.038 0.035 0.034 0.034 0.033 0.030 0.025 0.017 0.010 0.006 0.004 0.002
0.000 0.000 0.001 0.002 0.004 0.009 0.018 0.038 0.078 0.153 0.279 0.478 0.773 1.198 1.841 3.047 4.396 4.997 5.171 5.083 4.334 2.707 1.581 1.137 0.946 0.861 0.842 0.867 1.014 1.379 1.696 1.787 1.791 1.736 1.597 1.364 1.020 0.762 0.671 0.658 0.670 0.674 0.643 0.535 0.347 0.205 0.133 0.096 0.074 0.058 0.044 0.035 0.031 0.030 0.030 0.036 0.053 0.086 0.113 0.121 0.119 0.099 0.064 0.043 0.034 0.031 0.030 0.029 0.029 0.027 0.024 0.019 0.012 0.007 0.004 0.003 0.001
0.000 0.001 0.002 0.005 0.010 0.019 0.038 0.074 0.142 0.260 0.443 0.700 1.031 1.448 2.051 3.240 4.430 4.890 4.969 4.723 3.619 2.102 1.380 1.079 0.927 0.857 0.844 0.881 1.060 1.451 1.697 1.756 1.736 1.626 1.418 1.141 0.842 0.665 0.609 0.607 0.633 0.649 0.622 0.508 0.312 0.183 0.120 0.086 0.065 0.049 0.036 0.028 0.025 0.025 0.026 0.033 0.053 0.082 0.095 0.096 0.088 0.066 0.042 0.032 0.028 0.027 0.026 0.026 0.025 0.023 0.019 0.014 0.009 0.005 0.003 0.002 0.001
0.002 0.003 0.006 0.012 0.022 0.041 0.075 0.139 0.249 0.422 0.667 0.972 1.322 1.721 2.298 3.405 4.318 4.619 4.609 4.148 2.845 1.724 1.267 1.058 0.929 0.867 0.859 0.906 1.105 1.499 1.693 1.720 1.674 1.521 1.266 0.962 0.717 0.595 0.560 0.565 0.601 0.623 0.598 0.478 0.283 0.165 0.108 0.076 0.056 0.041 0.029 0.023 0.021 0.021 0.023 0.032 0.052 0.073 0.078 0.077 0.066 0.044 0.030 0.026 0.025 0.024 0.024 0.023 0.022 0.019 0.015 0.010 0.007 0.004 0.002 0.001 0.001
0.005 0.009 0.015 0.027 0.047 0.083 0.146 0.251 0.417 0.655 0.958 1.302 1.655 2.037 2.621 3.558 4.128 4.294 4.217 3.528 2.224 1.487 1.210 1.060 0.956 0.907 0.905 0.964 1.183 1.532 1.682 1.702 1.630 1.424 1.121 0.826 0.629 0.544 0.525 0.532 0.569 0.591 0.566 0.447 0.259 0.150 0.096 0.065 0.046 0.033 0.024 0.020 0.018 0.019 0.022 0.031 0.051 0.063 0.065 0.062 0.048 0.030 0.024 0.022 0.022 0.022 0.022 0.021 0.020 0.017 0.013 0.008 0.005 0.003 0.002 0.001 0.000
0.011 0.019 0.033 0.057 0.097 0.164 0.270 0.433 0.667 0.972 1.330 1.690 2.041 2.418 2.986 3.635 3.930 3.994 3.791 2.862 1.772 1.340 1.184 1.087 1.015 0.981 0.981 1.044 1.277 1.574 1.683 1.686 1.586 1.329 0.984 0.715 0.565 0.509 0.500 0.509 0.545 0.565 0.540 0.419 0.238 0.135 0.084 0.055 0.037 0.026 0.019 0.017 0.016 0.017 0.021 0.032 0.049 0.055 0.055 0.049 0.033 0.023 0.020 0.019 0.020 0.020 0.020 0.019 0.017 0.014 0.010 0.007 0.004 0.002 0.001 0.001 0.000
0.023 0.040 0.068 0.112 0.186 0.301 0.470 0.705 1.018 1.404 1.799 2.150 2.486 2.870 3.341 3.674 3.792 3.748 3.292 2.225 1.484 1.233 1.153 1.102 1.052 1.023 1.026 1.097 1.331 1.575 1.650 1.634 1.491 1.184 0.841 0.617 0.510 0.475 0.471 0.482 0.513 0.528 0.504 0.390 0.220 0.122 0.072 0.045 0.029 0.020 0.016 0.015 0.014 0.015 0.020 0.033 0.046 0.049 0.047 0.038 0.024 0.018 0.017 0.017 0.018 0.019 0.019 0.018 0.016 0.012 0.009 0.005 0.003 0.002 0.001 0.001 0.000
0.045 0.077 0.128 0.207 0.329 0.509 0.755 1.078 1.490 1.977 2.397 2.727 3.019 3.345 3.645 3.749 3.722 3.524 2.764 1.742 1.294 1.155 1.119 1.102 1.080 1.065 1.072 1.151 1.373 1.557 1.593 1.546 1.352 1.008 0.712 0.543 0.470 0.450 0.448 0.456 0.476 0.484 0.466 0.364 0.205 0.111 0.063 0.037 0.023 0.016 0.013 0.013 0.013 0.014 0.020 0.033 0.041 0.042 0.038 0.028 0.019 0.016 0.015 0.015 0.016 0.017 0.017 0.016 0.014 0.011 0.007 0.004 0.003 0.001 0.001 0.000 0.000
0.085 0.142 0.229 0.359 0.546 0.805 1.144 1.568 2.090 2.681 3.151 3.466 3.670 3.819 3.885 3.801 3.626 3.191 2.210 1.436 1.174 1.116 1.114 1.131 1.137 1.136 1.146 1.229 1.430 1.549 1.564 1.488 1.235 0.854 0.602 0.486 0.444 0.434 0.434 0.441 0.454 0.455 0.433 0.339 0.190 0.100 0.054 0.031 0.019 0.013 0.012 0.011 0.012 0.014 0.020 0.031 0.036 0.036 0.031 0.022 0.016 0.014 0.013 0.013 0.014 0.014 0.014 0.013 0.012 0.009 0.006 0.004 0.002 0.001 0.001 0.000 0.000
0.152 0.247 0.388 0.591 0.864 1.218 1.658 2.179 2.792 3.417 3.891 4.183 4.292 4.265 4.090 3.785 3.400 2.711 1.779 1.284 1.120 1.096 1.126 1.175 1.187 1.180 1.187 1.286 1.467 1.531 1.516 1.391 1.068 0.691 0.507 0.441 0.421 0.419 0.422 0.430 0.436 0.433 0.405 0.316 0.177 0.091 0.048 0.026 0.016 0.012 0.011 0.010 0.011 0.013 0.020 0.030 0.032 0.032 0.025 0.017 0.014 0.012 0.012 0.012 0.012 0.012 0.012 0.011 0.010 0.008 0.005 0.003 0.002 0.001 0.000 0.000 0.000
0.259 0.410 0.629 0.928 1.314 1.780 2.315 2.897 3.498 4.064 4.494 4.717 4.739 4.542 4.157 3.677 3.102 2.312 1.591 1.225 1.097 1.087 1.145 1.217 1.228 1.216 1.230 1.350 1.494 1.518 1.456 1.242 0.849 0.548 0.435 0.403 0.399 0.407 0.415 0.421 0.423 0.415 0.381 0.294 0.162 0.081 0.041 0.023 0.014 0.011 0.010 0.010 0.010 0.013 0.021 0.028 0.030 0.028 0.020 0.015 0.012 0.011 0.011 0.011 0.011 0.011 0.010 0.010 0.008 0.006 0.004 0.002 0.001 0.000 0.000 0.000 0.000
0.422 0.653 0.977 1.406 1.942 2.558 3.164 3.727 4.222 4.655 4.972 5.061 4.923 4.561 4.026 3.437 2.826 2.101 1.523 1.210 1.095 1.094 1.174 1.269 1.289 1.285 1.319 1.456 1.546 1.536 1.405 1.077 0.661 0.446 0.379 0.367 0.375 0.397 0.410 0.415 0.414 0.399 0.357 0.266 0.144 0.071 0.036 0.020 0.013 0.010 0.010 0.010 0.010 0.013 0.021 0.026 0.027 0.024 0.016 0.013 0.011 0.010 0.010 0.010 0.010 0.009 0.009 0.008 0.007 0.005 0.003 0.001 0.001 0.000 0.000 0.000 0.000
0.657 0.996 1.462 2.072 2.831 3.639 4.293 4.736 5.010 5.176 5.260 5.176 4.862 4.310 3.701 3.172 2.647 2.021 1.513 1.220 1.114 1.122 1.222 1.345 1.387 1.402 1.457 1.578 1.616 1.556 1.334 0.903 0.529 0.377 0.337 0.335 0.353 0.389 0.406 0.409 0.406 0.385 0.332 0.232 0.122 0.060 0.031 0.018 0.012 0.010 0.010 0.010 0.011 0.014 0.022 0.025 0.024 0.020 0.014 0.012 0.010 0.010 0.009 0.009 0.009 0.008 0.008 0.007 0.006 0.004 0.002 0.001 0.000 0.000 0.000 0.000 0.000
0.977 1.456 2.114 2.985 4.007 4.888 5.457 5.707 5.741 5.624 5.416 5.114 4.630 3.967 3.420 2.989 2.549 2.003 1.529 1.260 1.164 1.178 1.292 1.442 1.504 1.535 1.599 1.668 1.654 1.525 1.208 0.739 0.444 0.335 0.308 0.311 0.335 0.378 0.399 0.401 0.395 0.366 0.301 0.193 0.099 0.049 0.026 0.016 0.012 0.010 0.010 0.010 0.011 0.015 0.021 0.023 0.022 0.017 0.013 0.011 0.010 0.009 0.008 0.008 0.008 0.007 0.007 0.006 0.004 0.002 0.001 0.001 0.000 0.000 0.000 0.000 0.000
1.378 2.018 2.880 3.965 5.037 5.810 6.239 6.367 6.309 6.032 5.584 5.062 4.420 3.737 3.234 2.855 2.487 2.005 1.553 1.321 1.248 1.262 1.358 1.513 1.605 1.660 1.720 1.743 1.686 1.471 1.050 0.609 0.389 0.309 0.291 0.295 0.322 0.362 0.381 0.383 0.372 0.335 0.257 0.150 0.077 0.040 0.022 0.014 0.011 0.010 0.010 0.010 0.012 0.016 0.021 0.022 0.020 0.015 0.012 0.010 0.009 0.009 0.008 0.007 0.007 0.006 0.006 0.005 0.003 0.002 0.001 0.000 0.000 0.000 0.000 0.000 0.000
1.822 2.560 3.515 4.680 5.683 6.337 6.649 6.715 6.651 6.347 5.785 5.066 4.251 3.567 3.093 2.755 2.440 1.996 1.550 1.342 1.290 1.302 1.375 1.518 1.653 1.740 1.788 1.786 1.686 1.388 0.889 0.517 0.353 0.293 0.280 0.286 0.310 0.345 0.360 0.360 0.344 0.295 0.207 0.115 0.060 0.031 0.018 0.013 0.011 0.010 0.010 0.010 0.012 0.017 0.020 0.020 0.018 0.013 0.011 0.010 0.009 0.008 0.007 0.007 0.006 0.006 0.005 0.004 0.002 0.001 0.001 0.000 0.000 0.000 0.000 0.000 0.000
2.266 3.032 3.996 5.126 6.022 6.566 6.799 6.833 6.759 6.461 5.858 5.005 4.090 3.416 2.979 2.675 2.379 1.930 1.505 1.323 1.285 1.297 1.364 1.500 1.660 1.763 1.800 1.782 1.626 1.231 0.733 0.451 0.329 0.283 0.274 0.279 0.303 0.331 0.341 0.338 0.315 0.258 0.166 0.089 0.046 0.024 0.015 0.011 0.010 0.010 0.010 0.011 0.013 0.017 0.019 0.019 0.016 0.012 0.011 0.010 0.009 0.008 0.007 0.006 0.006 0.005 0.004 0.003 0.001 0.001 0.000 0.000 0.000 0.000 0.000 0.000 0.000
2.715 3.461 4.367 5.367 6.139 6.601 6.799 6.832 6.751 6.451 5.827 4.872 3.907 3.263 2.865 2.572 2.240 1.743 1.380 1.252 1.238 1.271 1.358 1.502 1.661 1.753 1.773 1.713 1.482 1.035 0.620 0.409 0.314 0.277 0.269 0.274 0.297 0.317 0.321 0.314 0.284 0.220 0.132 0.069 0.034 0.018 0.012 0.010 0.009 0.009 0.010 0.011 0.014 0.017 0.018 0.017 0.014 0.012 0.011 0.010 0.009 0.008 0.007 0.006 0.005 0.004 0.003 0.001 0.001 0.000 0.000 0.000 0.000 0.000 0.000 0.000 0.000
3.188 3.862 4.648 5.477 6.125 6.526 6.681 6.698 6.604 6.291 5.662 4.672 3.702 3.079 2.686 2.351 1.918 1.403 1.144 1.093 1.130 1.227 1.362 1.525 1.678 1.750 1.751 1.653 1.371 0.906 0.559 0.384 0.304 0.270 0.262 0.266 0.285 0.299 0.299 0.287 0.251 0.186 0.106 0.054 0.026 0.014 0.010 0.009 0.009 0.009 0.009 0.011 0.014 0.016 0.016 0.015 0.013 0.011 0.011 0.010 0.009 0.008 0.006 0.005 0.005 0.004 0.002 0.001 0.001 0.000 0.000 0.000 0.000 0.000 0.000 0.000 0.000
3.653 4.212 4.860 5.513 5.992 6.268 6.356 6.353 6.232 5.907 5.311 4.386 3.455 2.813 2.351 1.906 1.375 0.964 0.839 0.860 0.977 1.167 1.368 1.562 1.714 1.769 1.751 1.618 1.282 0.819 0.528 0.376 0.295 0.259 0.250 0.253 0.265 0.272 0.270 0.256 0.220 0.157 0.086 0.042 0.020 0.012 0.009 0.009 0.009 0.009 0.009 0.011 0.014 0.014 0.014 0.013 0.012 0.011 0.011 0.010 0.009 0.008 0.006 0.005 0.004 0.002 0.001 0.001 0.000 0.000 0.000 0.000 0.000 0.000 0.000 0.000 0.000
4.028 4.484 4.983 5.432 5.720 5.848 5.866 5.828 5.672 5.338 4.790 3.969 3.087 2.403 1.845 1.334 0.886 0.655 0.616 0.667 0.826 1.073 1.340 1.565 1.716 1.761 1.733 1.568 1.187 0.762 0.517 0.376 0.292 0.250 0.238 0.238 0.244 0.247 0.244 0.228 0.191 0.130 0.069 0.033 0.016 0.010 0.009 0.009 0.009 0.009 0.009 0.011 0.013 0.013 0.013 0.012 0.011 0.011 0.011 0.010 0.009 0.007 0.005 0.004 0.003 0.002 0.001 0.000 0.000 0.000 0.000 0.000 0.000 0.000 0.000 0.000 0.000
4.273 4.644 5.007 5.277 5.429 5.484 5.477 5.400 5.189 4.804 4.221 3.412 2.555 1.867 1.328 0.891 0.583 0.463 0.457 0.520 0.677 0.925 1.232 1.493 1.644 1.678 1.637 1.450 1.081 0.728 0.519 0.382 0.294 0.246 0.228 0.226 0.229 0.230 0.225 0.205 0.165 0.105 0.054 0.026 0.014 0.009 0.008 0.008 0.008 0.009 0.009 0.011 0.012 0.012 0.011 0.010 0.010 0.010 0.010 0.010 0.009 0.007 0.005 0.003 0.002 0.001 0.000 0.000 0.000 0.000 0.000 0.000 0.000 0.000 0.000 0.000 0.000
4.402 4.707 4.959 5.120 5.198 5.213 5.180 5.061 4.799 4.354 3.697 2.822 2.000 1.385 0.928 0.586 0.384 0.324 0.333 0.403 0.544 0.748 1.026 1.296 1.452 1.486 1.442 1.283 0.998 0.717 0.530 0.396 0.304 0.249 0.222 0.215 0.215 0.216 0.207 0.184 0.141 0.083 0.042 0.021 0.012 0.009 0.008 0.008 0.008 0.009 0.009 0.011 0.011 0.011 0.010 0.010 0.010 0.010 0.010 0.010 0.009 0.006 0.004 0.002 0.001 0.001 0.000 0.000 0.000 0.000 0.000 0.000 0.000 0.000 0.000 0.000 0.000
4.438 4.688 4.867 4.958 4.985 4.971 4.905 4.742 4.432 3.926 3.195 2.295 1.546 1.010 0.634 0.377 0.244 0.212 0.228 0.301 0.430 0.602 0.825 1.069 1.229 1.275 1.252 1.148 0.951 0.722 0.550 0.419 0.321 0.256 0.222 0.209 0.205 0.201 0.189 0.162 0.116 0.064 0.032 0.017 0.011 0.008 0.008 0.008 0.008 0.008 0.008 0.010 0.010 0.010 0.009 0.009 0.009 0.010 0.010 0.009 0.008 0.005 0.003 0.001 0.001 0.000 0.000 0.000 0.000 0.000 0.000 0.000 0.000 0.000 0.000 0.000 0.000
4.398 4.590 4.708 4.756 4.759 4.722 4.622 4.417 4.055 3.488 2.689 1.824 1.171 0.723 0.426 0.236 0.144 0.125 0.139 0.204 0.318 0.466 0.653 0.878 1.042 1.103 1.098 1.044 0.920 0.740 0.573 0.440 0.338 0.267 0.227 0.208 0.198 0.188 0.170 0.138 0.091 0.049 0.025 0.014 0.010 0.008 0.007 0.007 0.007 0.007 0.007 0.009 0.009 0.009 0.009 0.009 0.009 0.010 0.009 0.008 0.006 0.004 0.002 0.001 0.001 0.000 0.000 0.000 0.000 0.000 0.000 0.000 0.000 0.000 0.000 0.000 0.000
4.228 4.371 4.448 4.470 4.461 4.411 4.284 4.040 3.629 3.005 2.164 1.397 0.859 0.506 0.280 0.141 0.078 0.065 0.074 0.117 0.200 0.319 0.475 0.681 0.865 0.960 0.983 0.967 0.901 0.773 0.606 0.462 0.354 0.278 0.234 0.210 0.194 0.176 0.151 0.113 0.069 0.037 0.020 0.012 0.009 0.008 0.007 0.007 0.006 0.007 0.007 0.008 0.009 0.009 0.009 0.009 0.009 0.009 0.008 0.007 0.004 0.002 0.001 0.001 0.000 0.000 0.000 0.000 0.000 0.000 0.000 0.000 0.000 0.000 0.000 0.000 0.000
3.869 3.963 4.009 4.022 4.013 3.960 3.817 3.543 3.096 2.425 1.628 1.013 0.604 0.342 0.177 0.080 0.039 0.030 0.034 0.057 0.105 0.184 0.306 0.486 0.696 0.840 0.905 0.915 0.885 0.795 0.640 0.484 0.371 0.293 0.244 0.214 0.190 0.163 0.130 0.091 0.054 0.029 0.016 0.010 0.008 0.007 0.007 0.006 0.006 0.006 0.006 0.007 0.009 0.009 0.009 0.009 0.009 0.009 0.007 0.005 0.003 0.001 0.001 0.000 0.000 0.000 0.000 0.000 0.000 0.000 0.000 0.000 0.000 0.000 0.000 0.000 0.000
3.269 3.315 3.340 3.345 3.336 3.281 3.135 2.857 2.404 1.767 1.137 0.695 0.404 0.219 0.105 0.043 0.018 0.012 0.014 0.024 0.047 0.093 0.176 0.319 0.529 0.723 0.837 0.878 0.873 0.813 0.674 0.508 0.390 0.310 0.257 0.219 0.185 0.150 0.111 0.074 0.044 0.024 0.014 0.010 0.008 0.007 0.007 0.006 0.006 0.006 0.006 0.007 0.009 0.009 0.009 0.009 0.009 0.008 0.006 0.003 0.002 0.001 0.000 0.000 0.000 0.000 0.000 0.000 0.000 0.000 0.000 0.000 0.000 0.000 0.000 0.000 0.000
2.425 2.422 2.426 2.428 2.417 2.366 2.243 2.017 1.664 1.187 0.753 0.451 0.253 0.129 0.056 0.021 0.007 0.005 0.005 0.009 0.019 0.041 0.090 0.188 0.362 0.590 0.762 0.845 0.864 0.837 0.731 0.563 0.425 0.333 0.270 0.223 0.179 0.136 0.096 0.062 0.036 0.021 0.013 0.009 0.008 0.007 0.006 0.006 0.006 0.006 0.006 0.007 0.009 0.009 0.009 0.009 0.008 0.007 0.004 0.002 0.001 0.000 0.000 0.000 0.000 0.000 0.000 0.000 0.000 0.000 0.000 0.000 0.000 0.000 0.000 0.000 0.000
