RESULTS/r.avaflow_results/11_results/11_ascii/11_hflow10018.asc
ncols 506
nrows 317
xllcenter 498237.50
yllcenter 5580050.00
cellsize 12.50
NODATA_value -9999.000
[rows 170 to 203 of 317, columns 77 to 153 of 506]
0.000 0.000 0.000 0.000 0.000 0.000 0.000 0.000 0.000 0.000 0.000 0.000 0.000 0.000 0.000 0.000 0.001 0.002 0.003 0.005 0.009 0.015 0.027 0.049 0.084 0.121 0.148 0.169 0.187 0.206 0.225 0.245 0.267 0.293 0.325 0.368 0.427 0.484 0.514 0.522 0.514 0.487 0.473 0.504 0.622 0.830 1.091 1.368 1.662 2.016 2.497 3.198 4.059 4.767 5.120 5.224 5.253 5.279 5.290 5.252 5.159 4.971 4.669 4.260 3.770 3.250 2.780 2.363 1.996 1.674 1.396 1.159 0.960 0.795 0.661 0.552 0.463
0.000 0.000 0.000 0.000 0.000 0.000 0.000 0.000 0.000 0.000 0.000 0.000 0.000 0.000 0.001 0.002 0.004 0.006 0.009 0.014 0.021 0.034 0.056 0.091 0.139 0.181 0.210 0.235 0.259 0.283 0.308 0.333 0.362 0.395 0.439 0.497 0.576 0.658 0.710 0.730 0.730 0.719 0.746 0.882 1.170 1.575 2.025 2.478 2.967 3.552 4.262 5.027 5.659 6.011 6.117 6.101 6.051 5.991 5.906 5.770 5.568 5.276 4.894 4.428 3.894 3.370 2.902 2.487 2.124 1.809 1.540 1.311 1.118 0.955 0.816 0.697 0.595
0.000 0.000 0.000 0.000 0.000 0.000 0.000 0.000 0.000 0.000 0.000 0.000 0.000 0.001 0.002 0.005 0.008 0.013 0.020 0.030 0.044 0.066 0.102 0.152 0.208 0.252 0.288 0.320 0.351 0.382 0.413 0.447 0.483 0.527 0.583 0.659 0.758 0.872 0.958 1.012 1.047 1.093 1.236 1.565 2.088 2.727 3.366 4.015 4.716 5.422 6.051 6.524 6.801 6.893 6.881 6.821 6.717 6.574 6.386 6.146 5.842 5.467 5.018 4.502 3.951 3.437 2.977 2.571 2.216 1.911 1.651 1.431 1.246 1.089 0.955 0.840 0.737
0.000 0.000 0.000 0.000 0.000 0.000 0.000 0.000 0.000 0.000 0.000 0.000 0.001 0.002 0.005 0.009 0.016 0.024 0.036 0.053 0.076 0.111 0.161 0.225 0.289 0.340 0.385 0.426 0.467 0.507 0.547 0.590 0.637 0.693 0.764 0.859 0.981 1.130 1.271 1.393 1.513 1.691 2.039 2.626 3.426 4.279 5.057 5.765 6.411 6.958 7.359 7.576 7.637 7.620 7.553 7.433 7.260 7.030 6.746 6.409 6.019 5.571 5.071 4.522 3.972 3.469 3.018 2.620 2.274 1.977 1.725 1.513 1.336 1.186 1.060 0.950 0.851
0.000 0.000 0.000 0.000 0.000 0.000 0.000 0.000 0.000 0.000 0.000 0.000 0.001 0.004 0.009 0.016 0.026 0.039 0.058 0.083 0.118 0.166 0.230 0.308 0.384 0.449 0.507 0.561 0.612 0.663 0.715 0.769 0.828 0.898 0.987 1.105 1.258 1.448 1.665 1.895 2.160 2.557 3.190 4.086 5.087 5.950 6.634 7.205 7.677 8.030 8.242 8.309 8.301 8.248 8.125 7.931 7.673 7.356 6.986 6.576 6.117 5.614 5.080 4.519 3.976 3.479 3.033 2.641 2.301 2.010 1.764 1.560 1.390 1.249 1.130 1.026 0.933
0.000 0.000 0.000 0.000 0.000 0.000 0.000 0.000 0.000 0.000 0.000 0.000 0.002 0.006 0.013 0.024 0.038 0.058 0.085 0.120 0.167 0.229 0.307 0.402 0.499 0.584 0.660 0.729 0.794 0.858 0.921 0.988 1.060 1.145 1.255 1.402 1.597 1.849 2.157 2.519 2.968 3.628 4.566 5.648 6.588 7.312 7.846 8.251 8.561 8.761 8.849 8.864 8.843 8.756 8.582 8.315 7.964 7.566 7.125 6.658 6.151 5.619 5.066 4.503 3.969 3.477 3.035 2.645 2.307 2.018 1.777 1.577 1.415 1.280 1.169 1.071 0.984
0.000 0.000 0.000 0.000 0.000 0.000 0.000 0.000 0.000 0.000 0.000 0.000 0.002 0.008 0.016 0.029 0.048 0.075 0.111 0.160 0.222 0.300 0.397 0.513 0.640 0.752 0.849 0.937 1.017 1.095 1.173 1.252 1.337 1.438 1.568 1.748 1.990 2.293 2.662 3.111 3.694 4.556 5.736 6.902 7.760 8.342 8.712 8.969 9.157 9.265 9.299 9.297 9.254 9.131 8.913 8.588 8.160 7.686 7.193 6.685 6.154 5.598 5.024 4.465 3.939 3.456 3.020 2.634 2.300 2.015 1.775 1.579 1.419 1.290 1.183 1.091 1.010
0.000 0.000 0.000 0.000 0.000 0.000 0.000 0.000 0.000 0.000 0.000 0.000 0.003 0.008 0.017 0.032 0.053 0.085 0.131 0.194 0.277 0.379 0.502 0.648 0.812 0.957 1.082 1.191 1.289 1.382 1.474 1.565 1.661 1.773 1.918 2.102 2.339 2.656 3.065 3.578 4.255 5.263 6.628 7.834 8.625 9.057 9.286 9.439 9.551 9.609 9.622 9.605 9.533 9.379 9.125 8.759 8.282 7.749 7.212 6.675 6.122 5.537 4.948 4.390 3.872 3.397 2.971 2.594 2.269 1.993 1.761 1.570 1.415 1.289 1.184 1.096 1.020
0.000 0.000 0.000 0.000 0.000 0.000 0.000 0.000 0.000 0.000 0.000 0.000 0.003 0.008 0.018 0.032 0.055 0.089 0.142 0.218 0.322 0.456 0.618 0.810 1.021 1.206 1.363 1.498 1.617 1.726 1.829 1.930 2.032 2.144 2.268 2.414 2.617 2.926 3.363 3.936 4.686 5.769 7.245 8.471 9.189 9.495 9.632 9.726 9.795 9.821 9.822 9.793 9.699 9.518 9.237 8.840 8.337 7.772 7.198 6.622 6.027 5.414 4.816 4.258 3.747 3.284 2.872 2.511 2.202 1.940 1.722 1.543 1.398 1.278 1.179 1.095 1.022
0.000 0.000 0.000 0.000 0.000 0.000 0.000 0.000 0.000 0.000 0.000 0.000 0.002 0.008 0.017 0.032 0.055 0.090 0.144 0.229 0.351 0.515 0.721 0.970 1.248 1.491 1.690 1.856 1.997 2.122 2.234 2.335 2.426 2.509 2.591 2.685 2.839 3.125 3.575 4.195 5.006 6.117 7.612 8.837 9.497 9.721 9.810 9.872 9.920 9.929 9.923 9.881 9.771 9.574 9.275 8.861 8.344 7.761 7.145 6.505 5.848 5.208 4.604 4.049 3.548 3.102 2.712 2.374 2.088 1.848 1.651 1.492 1.362 1.254 1.164 1.087 1.018
0.000 0.000 0.000 0.000 0.000 0.000 0.000 0.000 0.000 0.000 0.000 0.000 0.002 0.007 0.015 0.029 0.051 0.085 0.140 0.228 0.361 0.550 0.797 1.100 1.442 1.743 1.989 2.188 2.351 2.487 2.603 2.700 2.777 2.837 2.885 2.935 3.036 3.286 3.730 4.373 5.231 6.357 7.784 8.972 9.622 9.818 9.876 9.923 9.957 9.966 9.951 9.901 9.785 9.584 9.276 8.851 8.316 7.699 7.026 6.304 5.581 4.913 4.301 3.751 3.265 2.842 2.480 2.175 1.923 1.715 1.547 1.412 1.302 1.212 1.135 1.067 1.006
0.000 0.000 0.000 0.000 0.000 0.000 0.000 0.000 0.000 0.000 0.000 0.000 0.001 0.005 0.011 0.022 0.040 0.069 0.120 0.207 0.347 0.555 0.842 1.198 1.595 1.943 2.228 2.457 2.638 2.784 2.903 2.999 3.075 3.127 3.158 3.178 3.234 3.433 3.846 4.489 5.381 6.536 7.859 8.964 9.632 9.839 9.881 9.925 9.953 9.964 9.945 9.892 9.770 9.559 9.235 8.789 8.221 7.556 6.816 6.008 5.230 4.531 3.906 3.360 2.892 2.497 2.173 1.911 1.702 1.535 1.403 1.299 1.215 1.145 1.085 1.030 0.979
0.000 0.000 0.000 0.000 0.000 0.000 0.000 0.000 0.000 0.000 0.000 0.000 0.001 0.002 0.005 0.011 0.021 0.041 0.079 0.153 0.294 0.524 0.851 1.263 1.705 2.091 2.410 2.665 2.864 3.018 3.140 3.237 3.316 3.375 3.409 3.420 3.443 3.582 3.944 4.559 5.453 6.634 7.867 8.864 9.543 9.801 9.848 9.887 9.909 9.911 9.891 9.830 9.694 9.463 9.114 8.637 8.029 7.307 6.493 5.614 4.793 4.064 3.428 2.887 2.440 2.080 1.798 1.583 1.424 1.308 1.221 1.152 1.097 1.050 1.008 0.969 0.931
0.000 0.000 0.000 0.000 0.000 0.000 0.000 0.000 0.000 0.000 0.000 0.000 0.000 0.001 0.002 0.004 0.008 0.017 0.036 0.085 0.203 0.442 0.813 1.289 1.770 2.191 2.541 2.820 3.035 3.199 3.324 3.425 3.507 3.575 3.626 3.656 3.674 3.754 4.039 4.601 5.471 6.670 7.831 8.694 9.321 9.640 9.730 9.771 9.784 9.779 9.747 9.665 9.503 9.243 8.866 8.355 7.712 6.938 6.057 5.124 4.277 3.540 2.922 2.420 2.016 1.696 1.449 1.266 1.137 1.054 1.004 0.973 0.948 0.925 0.904 0.883 0.861
0.000 0.000 0.000 0.000 0.000 0.000 0.000 0.000 0.000 0.000 0.000 0.000 0.000 0.000 0.001 0.001 0.003 0.006 0.015 0.041 0.121 0.331 0.722 1.263 1.794 2.245 2.630 2.935 3.168 3.343 3.474 3.577 3.662 3.735 3.799 3.853 3.900 3.966 4.169 4.642 5.451 6.618 7.710 8.451 8.985 9.325 9.479 9.530 9.538 9.523 9.468 9.347 9.146 8.853 8.444 7.905 7.244 6.446 5.518 4.564 3.731 3.038 2.476 2.024 1.664 1.383 1.168 1.010 0.899 0.828 0.790 0.776 0.773 0.772 0.773 0.772 0.767
0.000 0.000 0.000 0.000 0.000 0.000 0.000 0.000 0.000 0.000 0.000 0.000 0.000 0.000 0.000 0.000 0.001 0.002 0.007 0.021 0.071 0.229 0.591 1.165 1.775 2.263 2.680 3.019 3.275 3.465 3.604 3.708 3.793 3.866 3.933 3.997 4.064 4.152 4.333 4.721 5.410 6.453 7.455 8.118 8.578 8.888 9.064 9.132 9.136 9.107 9.014 8.832 8.554 8.204 7.779 7.254 6.611 5.829 4.899 3.978 3.210 2.585 2.084 1.685 1.371 1.127 0.941 0.803 0.706 0.643 0.607 0.593 0.592 0.602 0.622 0.640 0.651
0.000 0.000 0.000 0.000 0.000 0.000 0.000 0.000 0.000 0.000 0.000 0.000 0.000 0.000 0.000 0.000 0.000 0.001 0.003 0.012 0.042 0.148 0.441 0.984 1.674 2.244 2.698 3.076 3.367 3.575 3.721 3.825 3.905 3.972 4.029 4.088 4.154 4.249 4.424 4.761 5.337 6.191 7.062 7.664 8.076 8.340 8.483 8.546 8.543 8.495 8.351 8.081 7.668 7.217 6.799 6.342 5.793 5.097 4.236 3.392 2.712 2.168 1.735 1.391 1.122 0.913 0.753 0.635 0.550 0.492 0.455 0.435 0.429 0.434 0.455 0.484 0.499
0.000 0.000 0.000 0.000 0.000 0.000 0.000 0.000 0.000 0.000 0.000 0.000 0.000 0.000 0.000 0.000 0.000 0.001 0.002 0.007 0.024 0.088 0.290 0.743 1.452 2.155 2.681 3.109 3.446 3.681 3.835 3.935 4.003 4.055 4.093 4.134 4.185 4.271 4.440 4.735 5.204 5.866 6.575 7.089 7.437 7.643 7.730 7.765 7.745 7.661 7.457 7.086 6.506 5.923 5.507 5.135 4.735 4.221 3.529 2.803 2.226 1.775 1.416 1.129 0.901 0.726 0.593 0.494 0.421 0.367 0.329 0.303 0.287 0.281 0.284 0.293 0.293
0.000 0.000 0.000 0.000 0.000 0.000 0.000 0.000 0.000 0.000 0.000 0.000 0.000 0.000 0.000 0.000 0.000 0.000 0.001 0.004 0.014 0.049 0.170 0.493 1.121 1.936 2.609 3.117 3.511 3.784 3.949 4.041 4.091 4.119 4.132 4.148 4.183 4.257 4.400 4.632 4.983 5.471 6.002 6.389 6.636 6.766 6.801 6.801 6.749 6.615 6.350 5.912 5.292 4.664 4.221 3.880 3.554 3.199 2.739 2.198 1.747 1.393 1.111 0.881 0.696 0.554 0.448 0.369 0.309 0.262 0.224 0.195 0.173 0.158 0.149 0.142 0.133
0.000 0.000 0.000 0.000 0.000 0.000 0.000 0.000 0.000 0.000 0.000 0.000 0.000 0.000 0.000 0.000 0.000 0.000 0.001 0.002 0.007 0.026 0.090 0.288 0.759 1.553 2.424 3.073 3.551 3.878 4.061 4.142 4.170 4.171 4.149 4.136 4.148 4.189 4.279 4.429 4.660 4.982 5.320 5.547 5.670 5.712 5.707 5.671 5.590 5.433 5.179 4.807 4.297 3.711 3.244 2.894 2.591 2.293 1.965 1.599 1.280 1.017 0.805 0.633 0.495 0.390 0.312 0.254 0.208 0.169 0.137 0.111 0.091 0.076 0.065 0.057 0.050
0.000 0.000 0.000 0.000 0.000 0.000 0.000 0.000 0.000 0.000 0.000 0.000 0.000 0.000 0.000 0.000 0.000 0.000 0.000 0.001 0.004 0.013 0.044 0.148 0.445 1.082 2.032 2.906 3.527 3.935 4.157 4.233 4.238 4.206 4.143 4.085 4.049 4.034 4.054 4.110 4.221 4.380 4.520 4.590 4.619 4.624 4.611 4.572 4.498 4.369 4.165 3.870 3.474 2.986 2.537 2.177 1.876 1.605 1.344 1.090 0.866 0.678 0.525 0.404 0.311 0.241 0.190 0.152 0.121 0.095 0.073 0.055 0.041 0.032 0.026 0.022 0.019
0.000 0.000 0.000 0.000 0.000 0.000 0.000 0.000 0.000 0.000 0.000 0.000 0.000 0.000 0.000 0.000 0.000 0.000 0.000 0.001 0.002 0.006 0.021 0.071 0.227 0.630 1.430 2.486 3.357 3.911 4.200 4.292 4.282 4.217 4.108 3.976 3.860 3.773 3.709 3.668 3.660 3.664 3.670 3.678 3.682 3.682 3.667 3.635 3.573 3.472 3.314 3.086 2.780 2.397 2.005 1.666 1.376 1.126 0.906 0.713 0.549 0.415 0.308 0.228 0.170 0.129 0.100 0.078 0.060 0.046 0.033 0.024 0.018 0.014 0.011 0.009 0.008
0.000 0.000 0.000 0.000 0.000 0.000 0.000 0.000 0.000 0.000 0.000 0.000 0.000 0.000 0.000 0.000 0.000 0.000 0.000 0.001 0.001 0.004 0.012 0.038 0.113 0.326 0.831 1.783 2.915 3.706 4.137 4.290 4.287 4.191 4.016 3.794 3.578 3.398 3.237 3.099 2.990 2.919 2.893 2.886 2.883 2.880 2.869 2.846 2.800 2.725 2.607 2.432 2.195 1.898 1.571 1.281 1.027 0.807 0.620 0.462 0.334 0.235 0.163 0.113 0.080 0.059 0.045 0.035 0.026 0.020 0.014 0.011 0.008 0.006 0.005 0.004 0.004
0.000 0.000 0.000 0.000 0.000 0.000 0.000 0.000 0.000 0.000 0.000 0.000 0.000 0.000 0.000 0.000 0.000 0.000 0.000 0.001 0.001 0.004 0.011 0.031 0.077 0.188 0.462 1.086 2.166 3.221 3.852 4.132 4.171 4.066 3.830 3.521 3.199 2.915 2.665 2.468 2.337 2.259 2.224 2.213 2.211 2.208 2.203 2.191 2.162 2.109 2.022 1.890 1.707 1.473 1.207 0.969 0.760 0.578 0.423 0.296 0.198 0.128 0.081 0.053 0.036 0.026 0.020 0.015 0.012 0.009 0.007 0.005 0.004 0.003 0.003 0.002 0.002
0.000 0.000 0.000 0.000 0.000 0.000 0.000 0.000 0.000 0.000 0.000 0.000 0.000 0.000 0.000 0.000 0.000 0.000 0.000 0.001 0.002 0.006 0.015 0.037 0.082 0.163 0.306 0.642 1.373 2.432 3.281 3.705 3.807 3.731 3.491 3.134 2.724 2.375 2.105 1.916 1.789 1.710 1.669 1.655 1.653 1.654 1.655 1.651 1.636 1.602 1.539 1.439 1.296 1.111 0.897 0.707 0.541 0.396 0.274 0.180 0.111 0.066 0.040 0.025 0.017 0.012 0.009 0.007 0.005 0.004 0.003 0.003 0.002 0.002 0.002 0.001 0.001
0.000 0.000 0.000 0.000 0.000 0.000 0.000 0.000 0.000 0.000 0.000 0.000 0.000 0.000 0.000 0.000 0.000 0.000 0.001 0.001 0.004 0.011 0.029 0.066 0.130 0.199 0.274 0.411 0.778 1.519 2.416 2.977 3.153 3.121 2.935 2.605 2.188 1.860 1.628 1.463 1.347 1.269 1.224 1.203 1.199 1.202 1.207 1.208 1.201 1.180 1.134 1.058 0.946 0.799 0.629 0.480 0.353 0.246 0.160 0.098 0.057 0.032 0.018 0.011 0.008 0.005 0.004 0.003 0.003 0.002 0.002 0.002 0.001 0.001 0.001 0.001 0.001
0.000 0.000 0.000 0.000 0.000 0.000 0.000 0.000 0.000 0.000 0.000 0.000 0.000 0.000 0.000 0.000 0.000 0.000 0.001 0.003 0.008 0.024 0.060 0.135 0.213 0.255 0.281 0.313 0.436 0.800 1.452 2.012 2.251 2.270 2.175 1.959 1.663 1.417 1.236 1.101 1.001 0.929 0.879 0.850 0.838 0.836 0.838 0.838 0.834 0.817 0.783 0.725 0.639 0.524 0.395 0.288 0.200 0.131 0.080 0.046 0.025 0.014 0.008 0.005 0.003 0.002 0.002 0.002 0.001 0.001 0.001 0.001 0.001 0.001 0.001 0.001 0.001
0.000 0.000 0.000 0.000 0.000 0.000 0.000 0.000 0.000 0.000 0.000 0.000 0.000 0.000 0.000 0.000 0.000 0.001 0.002 0.006 0.017 0.047 0.116 0.207 0.257 0.272 0.273 0.260 0.270 0.397 0.756 1.216 1.458 1.511 1.482 1.384 1.223 1.055 0.922 0.819 0.738 0.673 0.622 0.586 0.563 0.551 0.543 0.535 0.524 0.506 0.478 0.435 0.374 0.293 0.211 0.145 0.095 0.058 0.033 0.018 0.010 0.005 0.003 0.002 0.001 0.001 0.001 0.001 0.001 0.001 0.001 0.001 0.001 0.001 0.001 0.001 0.001
0.000 0.000 0.000 0.000 0.000 0.000 0.000 0.000 0.000 0.000 0.000 0.000 0.000 0.000 0.000 0.001 0.001 0.002 0.005 0.012 0.032 0.083 0.172 0.241 0.267 0.270 0.255 0.204 0.174 0.205 0.374 0.688 0.902 0.972 0.974 0.940 0.866 0.767 0.677 0.602 0.539 0.484 0.437 0.397 0.366 0.345 0.327 0.311 0.294 0.274 0.250 0.220 0.181 0.134 0.091 0.059 0.036 0.021 0.012 0.006 0.004 0.002 0.001 0.001 0.001 0.001 0.001 0.001 0.001 0.001 0.001 0.001 0.001 0.001 0.001 0.001 0.001
0.000 0.000 0.000 0.000 0.000 0.000 0.000 0.000 0.000 0.000 0.000 0.000 0.000 0.000 0.001 0.001 0.002 0.004 0.010 0.023 0.056 0.127 0.209 0.250 0.262 0.257 0.219 0.139 0.099 0.108 0.187 0.371 0.533 0.601 0.616 0.611 0.584 0.537 0.483 0.433 0.388 0.345 0.304 0.265 0.232 0.205 0.183 0.164 0.146 0.128 0.110 0.091 0.069 0.048 0.032 0.020 0.012 0.007 0.004 0.002 0.001 0.001 0.001 0.000 0.000 0.000 0.001 0.001 0.001 0.001 0.001 0.001 0.001 0.001 0.001 0.001 0.001
0.000 0.000 0.000 0.000 0.000 0.000 0.000 0.000 0.000 0.000 0.000 0.000 0.001 0.001 0.002 0.003 0.005 0.009 0.019 0.040 0.088 0.166 0.222 0.244 0.247 0.228 0.159 0.079 0.052 0.055 0.092 0.191 0.297 0.350 0.369 0.372 0.366 0.349 0.324 0.296 0.268 0.238 0.208 0.175 0.144 0.118 0.097 0.081 0.067 0.055 0.043 0.033 0.023 0.015 0.010 0.006 0.004 0.002 0.001 0.001 0.001 0.000 0.000 0.000 0.000 0.000 0.001 0.001 0.001 0.001 0.001 0.001 0.000 0.000 0.000 0.000 0.000
0.000 0.000 0.000 0.000 0.000 0.000 0.000 0.000 0.000 0.000 0.000 0.001 0.002 0.003 0.004 0.007 0.011 0.018 0.034 0.064 0.120 0.186 0.220 0.230 0.223 0.179 0.098 0.044 0.027 0.027 0.044 0.092 0.155 0.189 0.203 0.207 0.207 0.203 0.195 0.182 0.168 0.152 0.133 0.110 0.086 0.066 0.051 0.039 0.030 0.023 0.016 0.011 0.007 0.005 0.003 0.002 0.001 0.001 0.000 0.000 0.000 0.000 0.000 0.001 0.000 0.000 0.001 0.001 0.001 0.001 0.001 0.001 0.001 0.000 0.000 0.000 0.000
0.000 0.000 0.000 0.000 0.000 0.000 0.000 0.000 0.000 0.001 0.001 0.002 0.004 0.006 0.009 0.013 0.019 0.030 0.050 0.086 0.145 0.191 0.208 0.208 0.187 0.124 0.057 0.025 0.014 0.013 0.020 0.041 0.074 0.093 0.101 0.103 0.104 0.103 0.101 0.097 0.091 0.084 0.076 0.064 0.049 0.035 0.026 0.018 0.013 0.009 0.006 0.004 0.002 0.001 0.001 0.001 0.000 0.000 0.000 0.000 0.000 0.000 0.000 0.000 0.000 0.000 0.001 0.001 0.001 0.001 0.000 0.001 0.000 0.000 0.000 0.000 0.000
0.000 0.000 0.000 0.000 0.000 0.001 0.001 0.001 0.002 0.002 0.004 0.005 0.008 0.011 0.014 0.019 0.026 0.039 0.064 0.109 0.161 0.187 0.193 0.185 0.146 0.079 0.034 0.015 0.008 0.006 0.008 0.017 0.032 0.041 0.044 0.045 0.045 0.045 0.044 0.042 0.041 0.039 0.036 0.032 0.025 0.018 0.012 0.008 0.005 0.003 0.002 0.001 0.001 0.001 0.000 0.000 0.000 0.000 0.000 0.000 0.000 0.000 0.000 0.000 0.000 0.000 0.001 0.001 0.001 0.000 0.000 0.000 0.000 0.000 0.000 0.000 0.000
