RESULTS/r.avaflow_results/11_results/11_ascii/11_hflow30051.asc
ncols 506
nrows 317
xllcenter 498237.50
yllcenter 5580050.00
cellsize 12.50
NODATA_value -9999.000
[rows 170 to 203 of 317, columns 154 to 230 of 506]
8.743 8.597 8.454 8.288 8.095 7.882 7.674 7.480 7.302 7.141 6.993 6.847 6.686 6.460 6.099 5.569 4.890 4.118 3.336 2.612 1.963 1.412 0.984 0.686 0.500 0.394 0.340 0.322 0.322 0.338 0.378 0.420 0.447 0.464 0.480 0.497 0.523 0.545 0.553 0.549 0.535 0.514 0.495 0.477 0.454 0.423 0.378 0.324 0.274 0.229 0.188 0.156 0.132 0.115 0.106 0.102 0.102 0.105 0.110 0.116 0.121 0.123 0.124 0.125 0.125 0.126 0.133 0.151 0.196 0.282 0.371 0.414 0.421 0.401 0.341 0.249 0.169
11.603 11.808 11.907 11.919 11.872 11.748 11.548 11.301 11.039 10.787 10.548 10.316 10.077 9.787 9.356 8.712 7.851 6.816 5.686 4.575 3.539 2.615 1.850 1.281 0.904 0.673 0.543 0.482 0.466 0.478 0.504 0.527 0.535 0.535 0.534 0.536 0.546 0.555 0.556 0.547 0.524 0.494 0.466 0.439 0.407 0.361 0.294 0.221 0.163 0.125 0.102 0.086 0.077 0.072 0.070 0.071 0.074 0.080 0.087 0.091 0.092 0.093 0.092 0.091 0.091 0.092 0.097 0.111 0.144 0.209 0.304 0.375 0.404 0.408 0.390 0.341 0.261
14.814 15.424 15.716 15.777 15.734 15.586 15.340 15.044 14.737 14.434 14.139 13.857 13.577 13.265 12.839 12.181 11.239 10.043 8.676 7.249 5.843 4.508 3.319 2.353 1.647 1.172 0.873 0.703 0.620 0.584 0.569 0.563 0.556 0.547 0.537 0.532 0.531 0.530 0.523 0.500 0.459 0.413 0.372 0.331 0.285 0.227 0.163 0.115 0.085 0.068 0.058 0.052 0.049 0.048 0.048 0.051 0.056 0.063 0.069 0.071 0.072 0.071 0.070 0.069 0.068 0.069 0.073 0.083 0.105 0.149 0.227 0.322 0.383 0.406 0.408 0.393 0.347
17.153 18.114 18.623 18.788 18.782 18.676 18.482 18.244 17.979 17.690 17.379 17.066 16.760 16.435 16.020 15.392 14.483 13.310 11.940 10.431 8.825 7.169 5.523 4.062 2.891 2.018 1.413 1.026 0.794 0.661 0.591 0.559 0.541 0.523 0.503 0.486 0.470 0.455 0.431 0.386 0.321 0.261 0.215 0.178 0.145 0.110 0.080 0.060 0.048 0.040 0.036 0.034 0.034 0.034 0.035 0.038 0.043 0.050 0.055 0.056 0.057 0.056 0.055 0.054 0.054 0.055 0.058 0.065 0.079 0.107 0.156 0.245 0.342 0.395 0.409 0.407 0.388
18.398 19.602 20.364 20.765 20.947 21.012 20.988 20.903 20.756 20.537 20.238 19.888 19.543 19.193 18.777 18.175 17.309 16.182 14.846 13.361 11.753 10.013 8.116 6.160 4.435 3.055 2.039 1.358 0.942 0.705 0.584 0.523 0.484 0.450 0.415 0.381 0.349 0.316 0.277 0.226 0.172 0.134 0.108 0.088 0.071 0.056 0.044 0.035 0.030 0.027 0.026 0.025 0.025 0.026 0.027 0.030 0.034 0.040 0.044 0.045 0.046 0.045 0.045 0.044 0.045 0.046 0.049 0.053 0.063 0.079 0.110 0.169 0.270 0.360 0.398 0.405 0.397
18.703 20.018 20.993 21.681 22.166 22.499 22.707 22.792 22.772 22.648 22.377 21.977 21.584 21.215 20.805 20.251 19.472 18.442 17.162 15.659 13.967 12.093 10.005 7.670 5.496 3.731 2.419 1.543 1.016 0.717 0.552 0.452 0.381 0.322 0.270 0.230 0.201 0.176 0.150 0.118 0.090 0.071 0.057 0.047 0.039 0.032 0.027 0.024 0.021 0.020 0.020 0.020 0.020 0.020 0.022 0.024 0.027 0.032 0.035 0.037 0.038 0.038 0.038 0.039 0.040 0.041 0.043 0.047 0.053 0.063 0.083 0.120 0.191 0.292 0.362 0.387 0.389
18.527 19.896 20.988 21.847 22.557 23.129 23.519 23.723 23.781 23.728 23.488 23.043 22.613 22.257 21.875 21.373 20.685 19.768 18.575 17.077 15.299 13.278 11.002 8.423 5.971 4.000 2.549 1.595 1.027 0.695 0.492 0.356 0.260 0.193 0.149 0.123 0.107 0.094 0.081 0.064 0.051 0.041 0.034 0.029 0.025 0.021 0.019 0.017 0.016 0.016 0.016 0.016 0.016 0.017 0.018 0.019 0.022 0.025 0.028 0.030 0.032 0.033 0.034 0.035 0.036 0.038 0.040 0.043 0.047 0.054 0.067 0.091 0.135 0.210 0.294 0.345 0.365
17.884 19.364 20.628 21.673 22.527 23.188 23.626 23.857 23.939 23.913 23.692 23.228 22.784 22.451 22.093 21.617 20.971 20.123 19.006 17.544 15.731 13.617 11.233 8.548 6.015 3.988 2.512 1.550 0.972 0.621 0.398 0.253 0.163 0.111 0.083 0.067 0.059 0.052 0.045 0.038 0.031 0.026 0.023 0.020 0.017 0.015 0.014 0.013 0.013 0.013 0.013 0.013 0.013 0.014 0.014 0.016 0.017 0.020 0.023 0.025 0.028 0.029 0.031 0.032 0.034 0.036 0.038 0.040 0.044 0.049 0.058 0.074 0.102 0.147 0.214 0.279 0.321
16.824 18.436 19.874 21.114 22.118 22.844 23.286 23.499 23.563 23.532 23.318 22.880 22.424 22.067 21.688 21.199 20.571 19.772 18.716 17.300 15.496 13.349 10.888 8.143 5.645 3.664 2.245 1.337 0.796 0.469 0.269 0.154 0.095 0.064 0.048 0.040 0.035 0.031 0.028 0.024 0.021 0.018 0.016 0.014 0.013 0.012 0.011 0.010 0.010 0.010 0.010 0.010 0.010 0.011 0.011 0.012 0.014 0.016 0.018 0.021 0.024 0.026 0.028 0.030 0.032 0.034 0.036 0.038 0.041 0.046 0.052 0.064 0.082 0.111 0.153 0.207 0.257
15.475 17.184 18.725 20.068 21.152 21.925 22.380 22.564 22.579 22.485 22.259 21.915 21.489 21.021 20.504 19.933 19.287 18.517 17.517 16.145 14.337 12.128 9.581 6.925 4.637 2.877 1.654 0.902 0.485 0.261 0.143 0.084 0.054 0.038 0.030 0.026 0.023 0.021 0.019 0.017 0.015 0.014 0.012 0.011 0.010 0.009 0.008 0.008 0.008 0.008 0.008 0.008 0.008 0.008 0.009 0.010 0.011 0.013 0.015 0.017 0.020 0.023 0.025 0.028 0.030 0.032 0.034 0.037 0.039 0.043 0.049 0.057 0.071 0.091 0.119 0.156 0.198
13.868 15.583 17.138 18.511 19.649 20.493 21.001 21.179 21.140 20.960 20.745 20.537 20.178 19.564 18.818 18.106 17.385 16.570 15.508 14.042 12.101 9.728 7.162 4.816 2.974 1.672 0.861 0.427 0.218 0.118 0.070 0.046 0.032 0.025 0.021 0.018 0.016 0.015 0.014 0.013 0.012 0.011 0.009 0.008 0.007 0.006 0.006 0.005 0.005 0.005 0.005 0.005 0.005 0.006 0.006 0.007 0.008 0.010 0.012 0.014 0.016 0.019 0.022 0.025 0.028 0.030 0.033 0.035 0.038 0.041 0.046 0.054 0.065 0.080 0.101 0.128 0.159
11.996 13.611 15.147 16.569 17.827 18.824 19.462 19.708 19.689 19.526 19.327 19.124 18.730 17.999 17.080 16.213 15.347 14.333 12.974 11.144 8.782 6.251 4.064 2.468 1.399 0.733 0.356 0.173 0.091 0.055 0.037 0.027 0.021 0.018 0.015 0.014 0.013 0.012 0.011 0.010 0.009 0.008 0.007 0.006 0.005 0.005 0.004 0.004 0.003 0.003 0.003 0.003 0.003 0.004 0.004 0.005 0.006 0.008 0.009 0.011 0.014 0.016 0.019 0.023 0.025 0.028 0.031 0.033 0.036 0.040 0.045 0.052 0.063 0.076 0.093 0.113 0.136
9.949 11.401 12.904 14.408 15.832 17.024 17.837 18.207 18.243 18.117 17.886 17.556 17.003 16.172 15.184 14.179 13.098 11.718 9.823 7.410 4.993 3.084 1.774 0.973 0.517 0.265 0.133 0.070 0.043 0.030 0.023 0.018 0.016 0.014 0.012 0.011 0.010 0.010 0.009 0.008 0.008 0.007 0.006 0.005 0.004 0.003 0.003 0.002 0.002 0.002 0.002 0.002 0.002 0.002 0.003 0.004 0.005 0.006 0.007 0.009 0.011 0.014 0.016 0.019 0.023 0.026 0.029 0.032 0.035 0.039 0.044 0.052 0.062 0.075 0.090 0.106 0.124
8.008 9.224 10.567 12.043 13.537 14.828 15.758 16.241 16.340 16.221 15.851 15.243 14.433 13.482 12.447 11.306 9.938 8.095 5.825 3.703 2.163 1.150 0.583 0.304 0.166 0.092 0.053 0.034 0.024 0.019 0.016 0.014 0.012 0.011 0.010 0.009 0.009 0.008 0.008 0.007 0.006 0.005 0.005 0.004 0.003 0.002 0.001 0.001 0.001 0.001 0.001 0.001 0.001 0.001 0.002 0.002 0.003 0.004 0.005 0.007 0.009 0.011 0.014 0.017 0.020 0.023 0.027 0.030 0.034 0.038 0.044 0.052 0.063 0.075 0.089 0.103 0.118
6.148 7.072 8.121 9.297 10.535 11.641 12.490 12.976 13.103 12.980 12.488 11.626 10.499 9.327 8.185 6.967 5.549 3.939 2.436 1.335 0.664 0.319 0.165 0.095 0.059 0.038 0.026 0.020 0.016 0.014 0.012 0.011 0.010 0.009 0.009 0.008 0.008 0.007 0.006 0.006 0.005 0.004 0.003 0.003 0.002 0.001 0.001 0.000 0.000 0.000 0.000 0.000 0.000 0.000 0.001 0.001 0.002 0.003 0.004 0.005 0.007 0.009 0.012 0.014 0.017 0.021 0.025 0.029 0.033 0.038 0.044 0.053 0.064 0.076 0.089 0.103 0.117
4.316 4.815 5.360 5.944 6.570 7.187 7.713 8.044 8.146 8.052 7.603 6.749 5.656 4.657 3.801 2.998 2.160 1.322 0.700 0.337 0.165 0.090 0.056 0.038 0.028 0.021 0.017 0.014 0.012 0.011 0.010 0.009 0.008 0.008 0.007 0.007 0.006 0.006 0.005 0.005 0.004 0.003 0.003 0.002 0.001 0.001 0.000 0.000 0.000 0.000 0.000 0.000 0.000 0.000 0.000 0.000 0.001 0.002 0.003 0.004 0.005 0.007 0.010 0.012 0.015 0.019 0.023 0.027 0.032 0.037 0.044 0.053 0.064 0.076 0.089 0.103 0.118
2.636 2.770 2.917 3.070 3.224 3.390 3.550 3.653 3.682 3.632 3.400 2.928 2.270 1.689 1.258 0.906 0.582 0.323 0.165 0.087 0.052 0.036 0.027 0.021 0.017 0.015 0.012 0.011 0.010 0.009 0.008 0.007 0.007 0.007 0.006 0.006 0.005 0.005 0.004 0.004 0.003 0.003 0.002 0.002 0.001 0.000 0.000 0.000 0.000 0.000 0.000 0.000 0.000 0.000 0.000 0.000 0.000 0.001 0.002 0.003 0.004 0.006 0.008 0.010 0.013 0.017 0.021 0.025 0.031 0.037 0.044 0.053 0.063 0.076 0.090 0.105 0.121
1.351 1.315 1.300 1.289 1.273 1.261 1.262 1.258 1.246 1.211 1.114 0.927 0.666 0.459 0.325 0.226 0.144 0.085 0.051 0.034 0.025 0.020 0.017 0.015 0.013 0.011 0.010 0.009 0.008 0.007 0.007 0.006 0.006 0.005 0.005 0.005 0.004 0.004 0.004 0.003 0.003 0.002 0.002 0.001 0.001 0.000 0.000 0.000 0.000 0.000 0.000 0.000 0.000 0.000 0.000 0.000 0.000 0.000 0.001 0.002 0.003 0.004 0.006 0.008 0.011 0.015 0.019 0.024 0.029 0.035 0.043 0.051 0.062 0.074 0.089 0.107 0.128
0.570 0.517 0.487 0.466 0.443 0.419 0.398 0.380 0.364 0.345 0.312 0.257 0.181 0.126 0.091 0.067 0.047 0.034 0.025 0.020 0.017 0.014 0.013 0.011 0.010 0.009 0.008 0.007 0.006 0.006 0.005 0.005 0.005 0.004 0.004 0.004 0.003 0.003 0.003 0.003 0.002 0.002 0.002 0.001 0.001 0.000 0.000 0.000 0.000 0.000 0.000 0.000 0.000 0.000 0.000 0.000 0.000 0.000 0.000 0.001 0.002 0.003 0.005 0.007 0.009 0.012 0.016 0.021 0.027 0.033 0.040 0.048 0.058 0.070 0.087 0.107 0.132
0.211 0.189 0.177 0.168 0.158 0.145 0.132 0.122 0.114 0.105 0.095 0.080 0.060 0.046 0.036 0.029 0.024 0.020 0.017 0.014 0.012 0.011 0.010 0.009 0.008 0.007 0.006 0.006 0.005 0.005 0.004 0.004 0.004 0.003 0.003 0.003 0.003 0.003 0.003 0.002 0.002 0.002 0.002 0.001 0.001 0.000 0.000 0.000 0.000 0.000 0.000 0.000 0.000 0.000 0.000 0.000 0.000 0.000 0.000 0.000 0.001 0.002 0.003 0.005 0.007 0.010 0.014 0.018 0.023 0.029 0.035 0.042 0.051 0.064 0.081 0.103 0.130
0.080 0.073 0.069 0.066 0.063 0.058 0.052 0.048 0.044 0.041 0.038 0.035 0.029 0.025 0.021 0.018 0.016 0.014 0.012 0.011 0.010 0.009 0.008 0.007 0.006 0.006 0.005 0.004 0.004 0.004 0.004 0.003 0.003 0.003 0.003 0.003 0.003 0.002 0.002 0.002 0.002 0.002 0.002 0.001 0.001 0.000 0.000 0.000 0.000 0.000 0.000 0.000 0.000 0.000 0.000 0.000 0.000 0.000 0.000 0.000 0.000 0.001 0.002 0.003 0.005 0.007 0.010 0.014 0.018 0.023 0.028 0.034 0.042 0.052 0.068 0.089 0.117
0.035 0.033 0.032 0.031 0.030 0.029 0.026 0.025 0.024 0.023 0.022 0.020 0.019 0.017 0.015 0.014 0.012 0.011 0.010 0.009 0.008 0.007 0.006 0.006 0.005 0.005 0.004 0.004 0.004 0.003 0.003 0.003 0.003 0.003 0.003 0.002 0.002 0.002 0.002 0.002 0.002 0.002 0.002 0.001 0.001 0.000 0.000 0.000 0.000 0.000 0.000 0.000 0.000 0.000 0.000 0.000 0.000 0.000 0.000 0.000 0.000 0.000 0.001 0.002 0.003 0.005 0.007 0.010 0.013 0.017 0.021 0.025 0.030 0.037 0.048 0.065 0.090
0.019 0.019 0.019 0.018 0.018 0.018 0.017 0.016 0.016 0.015 0.015 0.015 0.014 0.013 0.012 0.011 0.010 0.009 0.008 0.007 0.006 0.006 0.005 0.005 0.004 0.004 0.004 0.004 0.003 0.003 0.003 0.003 0.003 0.003 0.003 0.003 0.003 0.003 0.003 0.003 0.003 0.003 0.002 0.001 0.001 0.000 0.000 0.000 0.000 0.000 0.000 0.000 0.000 0.000 0.000 0.000 0.000 0.000 0.000 0.000 0.000 0.000 0.000 0.001 0.002 0.003 0.005 0.007 0.010 0.012 0.015 0.018 0.022 0.026 0.032 0.042 0.057
0.012 0.013 0.013 0.013 0.013 0.012 0.012 0.012 0.012 0.012 0.011 0.011 0.011 0.011 0.010 0.009 0.008 0.007 0.006 0.006 0.005 0.005 0.004 0.004 0.004 0.004 0.004 0.004 0.003 0.003 0.003 0.003 0.004 0.004 0.004 0.004 0.004 0.005 0.004 0.004 0.003 0.003 0.002 0.001 0.001 0.000 0.000 0.000 0.000 0.000 0.000 0.000 0.000 0.000 0.000 0.000 0.000 0.000 0.000 0.000 0.000 0.000 0.000 0.000 0.001 0.002 0.003 0.005 0.007 0.009 0.011 0.013 0.016 0.019 0.023 0.028 0.037
0.009 0.009 0.010 0.010 0.010 0.010 0.010 0.009 0.009 0.009 0.009 0.009 0.009 0.009 0.008 0.008 0.007 0.006 0.005 0.005 0.004 0.004 0.004 0.004 0.004 0.004 0.004 0.004 0.004 0.005 0.005 0.005 0.006 0.006 0.006 0.006 0.006 0.006 0.005 0.004 0.003 0.003 0.002 0.001 0.001 0.000 0.000 0.000 0.000 0.000 0.000 0.000 0.000 0.000 0.000 0.000 0.000 0.000 0.000 0.000 0.000 0.000 0.000 0.000 0.000 0.001 0.002 0.003 0.004 0.006 0.008 0.010 0.012 0.014 0.016 0.020 0.025
0.007 0.008 0.008 0.008 0.008 0.008 0.008 0.008 0.008 0.008 0.008 0.008 0.008 0.007 0.007 0.006 0.005 0.005 0.004 0.004 0.004 0.004 0.004 0.004 0.004 0.004 0.005 0.006 0.007 0.007 0.008 0.008 0.008 0.008 0.008 0.007 0.007 0.006 0.005 0.004 0.003 0.002 0.002 0.001 0.001 0.000 0.000 0.000 0.000 0.000 0.000 0.000 0.000 0.000 0.000 0.000 0.000 0.000 0.000 0.000 0.000 0.000 0.000 0.000 0.000 0.000 0.001 0.002 0.003 0.004 0.005 0.007 0.008 0.010 0.012 0.015 0.018
0.006 0.006 0.006 0.006 0.007 0.007 0.007 0.007 0.007 0.007 0.007 0.007 0.006 0.006 0.006 0.005 0.004 0.004 0.004 0.004 0.004 0.004 0.004 0.005 0.005 0.007 0.008 0.009 0.010 0.010 0.010 0.010 0.009 0.009 0.008 0.008 0.007 0.006 0.005 0.004 0.003 0.002 0.001 0.001 0.001 0.000 0.000 0.000 0.000 0.000 0.000 0.000 0.000 0.000 0.000 0.000 0.000 0.000 0.000 0.000 0.000 0.000 0.000 0.000 0.000 0.000 0.000 0.001 0.001 0.002 0.003 0.005 0.006 0.007 0.009 0.011 0.013
0.005 0.005 0.005 0.005 0.005 0.006 0.006 0.006 0.006 0.006 0.006 0.006 0.005 0.005 0.005 0.004 0.004 0.004 0.004 0.004 0.004 0.004 0.005 0.007 0.008 0.010 0.011 0.011 0.012 0.011 0.011 0.010 0.010 0.009 0.008 0.007 0.007 0.006 0.004 0.003 0.002 0.002 0.001 0.001 0.000 0.000 0.000 0.000 0.000 0.000 0.000 0.000 0.000 0.000 0.000 0.000 0.000 0.000 0.000 0.000 0.000 0.000 0.000 0.000 0.000 0.000 0.000 0.000 0.001 0.001 0.002 0.003 0.004 0.005 0.006 0.008 0.010
0.004 0.004 0.004 0.004 0.005 0.005 0.005 0.005 0.005 0.005 0.005 0.005 0.004 0.004 0.004 0.003 0.003 0.003 0.004 0.004 0.005 0.006 0.007 0.009 0.011 0.012 0.012 0.012 0.012 0.012 0.011 0.010 0.009 0.009 0.008 0.007 0.006 0.005 0.004 0.003 0.002 0.001 0.001 0.001 0.000 0.000 0.000 0.000 0.000 0.000 0.000 0.000 0.000 0.000 0.000 0.000 0.000 0.000 0.000 0.000 0.000 0.000 0.000 0.000 0.000 0.000 0.000 0.000 0.000 0.000 0.001 0.001 0.002 0.003 0.004 0.005 0.007
0.003 0.003 0.003 0.004 0.004 0.004 0.004 0.004 0.004 0.004 0.004 0.004 0.004 0.003 0.003 0.003 0.003 0.003 0.004 0.005 0.006 0.007 0.009 0.010 0.011 0.012 0.012 0.012 0.012 0.012 0.011 0.010 0.009 0.008 0.007 0.006 0.005 0.004 0.003 0.002 0.001 0.001 0.001 0.000 0.000 0.000 0.000 0.000 0.000 0.000 0.000 0.000 0.000 0.000 0.000 0.000 0.000 0.000 0.000 0.000 0.000 0.000 0.000 0.000 0.000 0.000 0.000 0.000 0.000 0.000 0.000 0.001 0.001 0.002 0.003 0.004 0.005
0.002 0.002 0.003 0.003 0.003 0.003 0.003 0.003 0.003 0.003 0.003 0.003 0.003 0.003 0.003 0.003 0.003 0.003 0.004 0.005 0.007 0.008 0.009 0.010 0.011 0.012 0.012 0.012 0.012 0.011 0.011 0.009 0.008 0.007 0.006 0.004 0.003 0.002 0.002 0.001 0.001 0.001 0.000 0.000 0.000 0.000 0.000 0.000 0.000 0.000 0.000 0.000 0.000 0.000 0.000 0.000 0.000 0.000 0.000 0.000 0.000 0.000 0.000 0.000 0.000 0.000 0.000 0.000 0.000 0.000 0.000 0.000 0.000 0.001 0.001 0.002 0.003
0.001 0.002 0.002 0.002 0.002 0.002 0.002 0.003 0.003 0.003 0.003 0.003 0.003 0.002 0.002 0.002 0.003 0.003 0.004 0.005 0.007 0.008 0.009 0.010 0.011 0.011 0.011 0.011 0.011 0.010 0.009 0.008 0.006 0.004 0.003 0.002 0.002 0.001 0.001 0.001 0.001 0.000 0.000 0.000 0.000 0.000 0.000 0.000 0.000 0.000 0.000 0.000 0.000 0.000 0.000 0.000 0.000 0.000 0.000 0.000 0.000 0.000 0.000 0.000 0.000 0.000 0.000 0.000 0.000 0.000 0.000 0.000 0.000 0.000 0.000 0.001 0.002
0.001 0.001 0.001 0.001 0.002 0.002 0.002 0.002 0.002 0.002 0.002 0.002 0.002 0.002 0.002 0.002 0.003 0.003 0.004 0.005 0.007 0.008 0.009 0.009 0.010 0.010 0.009 0.009 0.009 0.008 0.006 0.005 0.004 0.003 0.002 0.001 0.001 0.001 0.001 0.000 0.000 0.000 0.000 0.000 0.000 0.000 0.000 0.000 0.000 0.000 0.000 0.000 0.000 0.000 0.000 0.000 0.000 0.000 0.000 0.000 0.000 0.000 0.000 0.000 0.000 0.000 0.000 0.000 0.000 0.000 0.000 0.000 0.000 0.000 0.000 0.000 0.001
0.000 0.000 0.001 0.001 0.001 0.001 0.001 0.001 0.001 0.002 0.002 0.002 0.002 0.002 0.002 0.002 0.002 0.003 0.004 0.005 0.006 0.007 0.007 0.007 0.007 0.006 0.006 0.005 0.005 0.004 0.003 0.003 0.002 0.001 0.001 0.001 0.001 0.001 0.000 0.000 0.000 0.000 0.000 0.000 0.000 0.000 0.000 0.000 0.000 0.000 0.000 0.000 0.000 0.000 0.000 0.000 0.000 0.000 0.000 0.000 0.000 0.000 0.000 0.000 0.000 0.000 0.000 0.000 0.000 0.000 0.000 0.000 0.000 0.000 0.000 0.000 0.000
