RESULTS/r.avaflow_results/11_results/11_ascii/11_hflow_max0002.asc
ncols 506
nrows 317
xllcenter 498237.50
yllcenter 5580050.00
cellsize 12.50
NODATA_value -9999.000
[rows 204 to 237 of 317, columns 77 to 153 of 506]
0.000 0.000 0.000 0.000 0.000 0.000 0.000 0.000 0.000 0.000 0.000 0.000 0.003 0.015 0.065 0.219 0.597 1.313 2.125 2.558 2.672 2.637 2.533 2.252 1.864 1.681 1.633 1.657 1.920 2.473 3.100 3.483 3.640 3.681 3.663 3.599 3.421 3.205 3.018 2.822 2.633 2.468 2.308 2.073 1.707 1.196 0.650 0.292 0.113 0.039 0.013 0.007 0.004 0.002 0.001 0.000 0.000 0.000 0.000 0.000 0.000 0.000 0.000 0.000 0.000 0.000 0.000 0.000 0.000 0.000 0.000 0.000 0.000 0.000 0.000 0.000 0.000
0.000 0.000 0.000 0.000 0.000 0.000 0.000 0.000 0.000 0.000 0.000 0.000 0.002 0.015 0.068 0.241 0.685 1.523 2.346 2.751 2.837 2.783 2.631 2.226 1.798 1.619 1.578 1.617 1.947 2.569 3.181 3.513 3.675 3.725 3.730 3.665 3.496 3.265 3.049 2.843 2.642 2.443 2.260 1.982 1.569 1.026 0.519 0.221 0.081 0.027 0.013 0.008 0.005 0.003 0.001 0.000 0.000 0.000 0.000 0.000 0.000 0.000 0.000 0.000 0.000 0.000 0.000 0.000 0.000 0.000 0.000 0.000 0.000 0.000 0.000 0.000 0.000
0.000 0.000 0.000 0.000 0.000 0.000 0.000 0.000 0.000 0.000 0.000 0.000 0.002 0.015 0.072 0.267 0.782 1.728 2.513 2.852 2.907 2.848 2.637 2.149 1.728 1.554 1.519 1.625 2.022 2.711 3.251 3.519 3.657 3.715 3.730 3.654 3.479 3.262 3.045 2.830 2.612 2.433 2.216 1.884 1.419 0.857 0.415 0.167 0.059 0.022 0.015 0.011 0.007 0.004 0.002 0.000 0.000 0.000 0.000 0.000 0.000 0.000 0.000 0.000 0.000 0.000 0.000 0.000 0.000 0.000 0.000 0.000 0.000 0.000 0.000 0.000 0.000
0.000 0.000 0.000 0.000 0.000 0.000 0.000 0.000 0.000 0.000 0.000 0.000 0.002 0.014 0.074 0.293 0.884 1.933 2.662 2.931 2.952 2.895 2.611 2.059 1.697 1.537 1.494 1.651 2.140 2.870 3.346 3.525 3.605 3.672 3.700 3.643 3.471 3.241 3.027 2.802 2.586 2.417 2.165 1.776 1.254 0.709 0.328 0.127 0.045 0.026 0.019 0.014 0.009 0.005 0.003 0.001 0.000 0.000 0.000 0.000 0.000 0.000 0.000 0.000 0.000 0.000 0.000 0.000 0.000 0.000 0.000 0.000 0.000 0.000 0.000 0.000 0.000
0.000 0.000 0.000 0.000 0.000 0.000 0.000 0.000 0.000 0.000 0.000 0.001 0.002 0.014 0.073 0.313 1.005 2.126 2.801 3.035 3.025 2.925 2.586 2.018 1.669 1.518 1.495 1.709 2.301 3.045 3.446 3.547 3.561 3.590 3.590 3.539 3.401 3.194 2.966 2.761 2.572 2.395 2.108 1.666 1.110 0.587 0.253 0.094 0.039 0.032 0.025 0.018 0.012 0.007 0.004 0.002 0.001 0.000 0.000 0.000 0.000 0.000 0.000 0.000 0.000 0.000 0.000 0.000 0.000 0.000 0.000 0.000 0.000 0.000 0.000 0.000 0.000
0.000 0.000 0.000 0.000 0.000 0.000 0.000 0.000 0.000 0.000 0.001 0.002 0.004 0.015 0.073 0.328 1.138 2.289 2.905 3.098 3.074 2.956 2.561 2.014 1.658 1.504 1.515 1.787 2.500 3.231 3.528 3.562 3.547 3.511 3.444 3.363 3.265 3.110 2.910 2.699 2.547 2.386 2.062 1.563 0.958 0.472 0.193 0.072 0.047 0.041 0.033 0.025 0.017 0.010 0.006 0.004 0.002 0.001 0.000 0.000 0.000 0.000 0.000 0.000 0.000 0.000 0.000 0.000 0.000 0.000 0.000 0.000 0.000 0.000 0.000 0.000 0.000
0.000 0.000 0.000 0.000 0.000 0.000 0.000 0.000 0.000 0.001 0.002 0.004 0.008 0.020 0.080 0.357 1.265 2.430 3.009 3.163 3.117 2.970 2.572 2.033 1.678 1.523 1.558 1.882 2.689 3.381 3.635 3.613 3.529 3.388 3.302 3.238 3.153 3.009 2.813 2.631 2.543 2.387 2.039 1.466 0.819 0.376 0.149 0.071 0.065 0.057 0.047 0.037 0.025 0.017 0.012 0.008 0.005 0.003 0.001 0.000 0.000 0.000 0.000 0.000 0.000 0.000 0.000 0.000 0.000 0.000 0.000 0.000 0.000 0.000 0.000 0.000 0.000
0.000 0.000 0.000 0.000 0.000 0.000 0.000 0.000 0.001 0.002 0.005 0.008 0.016 0.033 0.102 0.414 1.381 2.517 3.049 3.181 3.159 2.980 2.597 2.083 1.721 1.582 1.627 2.004 2.860 3.498 3.705 3.676 3.504 3.233 3.126 3.100 3.057 2.917 2.703 2.585 2.551 2.419 2.057 1.382 0.698 0.300 0.117 0.103 0.098 0.090 0.077 0.060 0.046 0.037 0.029 0.021 0.014 0.008 0.004 0.002 0.000 0.000 0.000 0.000 0.000 0.000 0.000 0.000 0.000 0.000 0.000 0.000 0.000 0.000 0.000 0.000 0.000
0.000 0.000 0.000 0.000 0.000 0.000 0.001 0.002 0.003 0.006 0.010 0.017 0.031 0.058 0.146 0.507 1.503 2.563 3.059 3.173 3.161 2.977 2.620 2.160 1.805 1.682 1.751 2.185 2.996 3.564 3.732 3.709 3.438 3.133 3.052 3.028 2.975 2.801 2.580 2.583 2.568 2.463 2.068 1.290 0.592 0.238 0.158 0.157 0.154 0.147 0.132 0.111 0.095 0.082 0.070 0.056 0.038 0.023 0.012 0.005 0.002 0.000 0.000 0.000 0.000 0.000 0.000 0.000 0.000 0.000 0.000 0.000 0.000 0.000 0.000 0.000 0.000
0.000 0.000 0.000 0.000 0.001 0.002 0.003 0.005 0.009 0.014 0.022 0.035 0.057 0.102 0.224 0.652 1.650 2.588 3.043 3.147 3.143 2.961 2.656 2.259 1.920 1.831 1.930 2.399 3.111 3.583 3.735 3.707 3.372 3.083 3.096 3.057 2.957 2.715 2.565 2.602 2.592 2.502 2.061 1.183 0.496 0.244 0.237 0.240 0.243 0.241 0.229 0.208 0.193 0.180 0.163 0.129 0.094 0.056 0.028 0.013 0.005 0.001 0.000 0.000 0.000 0.000 0.000 0.000 0.000 0.000 0.000 0.000 0.000 0.000 0.000 0.000 0.000
0.000 0.000 0.000 0.001 0.003 0.005 0.009 0.014 0.020 0.030 0.045 0.067 0.104 0.177 0.355 0.860 1.836 2.597 2.998 3.102 3.101 2.950 2.692 2.500 2.500 2.500 2.500 2.574 3.164 3.588 3.717 3.677 3.357 3.133 3.169 3.128 3.009 2.694 2.576 2.617 2.620 2.533 2.044 1.086 0.479 0.360 0.355 0.366 0.383 0.395 0.393 0.374 0.346 0.305 0.263 0.212 0.142 0.079 0.038 0.017 0.006 0.002 0.000 0.000 0.000 0.000 0.000 0.000 0.000 0.000 0.000 0.000 0.000 0.000 0.000 0.000 0.000
0.000 0.001 0.002 0.004 0.008 0.014 0.022 0.033 0.046 0.065 0.089 0.125 0.184 0.296 0.559 1.181 2.055 2.610 2.929 3.049 3.056 2.909 2.670 2.500 2.501 2.500 2.500 2.679 3.131 3.475 3.647 3.598 3.288 3.184 3.252 3.197 3.038 2.597 2.553 2.600 2.620 2.532 2.015 1.187 0.670 0.516 0.504 0.514 0.530 0.536 0.521 0.488 0.444 0.390 0.322 0.240 0.153 0.084 0.042 0.019 0.007 0.002 0.000 0.000 0.000 0.000 0.000 0.000 0.000 0.000 0.000 0.000 0.000 0.000 0.000 0.000 0.000
0.001 0.002 0.005 0.010 0.019 0.032 0.051 0.074 0.101 0.134 0.173 0.230 0.322 0.500 0.880 1.585 2.246 2.626 2.811 2.932 2.933 2.804 2.599 2.500 2.500 2.500 2.506 2.726 3.035 3.285 3.450 3.417 3.179 3.261 3.369 3.299 3.047 2.501 2.527 2.555 2.563 2.500 2.500 1.499 0.914 0.707 0.666 0.651 0.642 0.622 0.594 0.550 0.486 0.413 0.332 0.240 0.154 0.088 0.046 0.021 0.009 0.003 0.001 0.000 0.000 0.000 0.000 0.000 0.000 0.000 0.000 0.000 0.000 0.000 0.000 0.000 0.000
0.002 0.005 0.012 0.023 0.041 0.069 0.109 0.158 0.210 0.262 0.326 0.422 0.587 0.890 1.417 2.031 2.500 2.576 2.695 2.751 2.740 2.668 2.547 2.500 2.513 2.512 2.592 2.705 2.887 3.084 3.244 3.218 3.102 3.322 3.457 3.395 3.071 2.500 2.502 2.526 2.536 2.501 2.500 1.845 1.226 0.940 0.854 0.803 0.752 0.695 0.637 0.563 0.486 0.406 0.319 0.231 0.157 0.100 0.058 0.029 0.013 0.005 0.002 0.000 0.000 0.000 0.000 0.000 0.000 0.000 0.000 0.000 0.000 0.000 0.000 0.000 0.000
0.005 0.012 0.025 0.047 0.083 0.138 0.216 0.313 0.403 0.491 0.614 0.839 1.269 1.875 2.500 2.500 2.500 2.521 2.566 2.583 2.579 2.553 2.505 2.500 2.509 2.519 2.527 2.628 2.731 2.859 2.955 2.984 3.028 3.323 3.473 3.453 3.078 2.500 2.500 2.509 2.517 2.558 2.525 2.232 1.651 1.247 1.088 0.977 0.859 0.764 0.655 0.551 0.454 0.362 0.287 0.230 0.184 0.144 0.096 0.052 0.024 0.009 0.003 0.001 0.000 0.000 0.000 0.000 0.000 0.000 0.000 0.000 0.000 0.000 0.000 0.000 0.000
0.012 0.025 0.049 0.089 0.156 0.256 0.399 0.574 0.726 0.924 1.275 1.875 2.500 2.500 2.500 2.501 2.505 2.502 2.504 2.504 2.502 2.500 2.503 2.500 2.500 2.501 2.500 2.508 2.561 2.597 2.647 2.714 2.885 3.267 3.418 3.428 3.050 2.500 2.500 2.500 2.500 2.703 2.755 2.587 2.157 1.648 1.373 1.162 0.998 0.822 0.658 0.521 0.401 0.324 0.291 0.294 0.284 0.247 0.174 0.083 0.032 0.011 0.003 0.001 0.000 0.000 0.000 0.000 0.000 0.000 0.000 0.000 0.000 0.000 0.000 0.000 0.000
0.023 0.047 0.089 0.161 0.275 0.446 0.689 0.964 1.280 1.875 2.500 2.500 2.500 2.500 2.508 2.500 2.501 2.503 2.500 2.500 2.500 2.500 2.500 2.502 2.500 2.500 2.500 2.502 2.509 2.500 2.501 2.535 2.688 3.078 3.333 3.359 2.974 2.500 2.500 2.500 2.500 2.824 2.914 2.829 2.568 2.114 1.702 1.398 1.126 0.871 0.666 0.506 0.395 0.365 0.432 0.474 0.464 0.406 0.245 0.094 0.032 0.010 0.003 0.000 0.000 0.000 0.000 0.000 0.000 0.000 0.000 0.000 0.000 0.000 0.000 0.000 0.000
0.043 0.084 0.155 0.274 0.457 0.728 1.250 1.875 2.500 2.500 2.517 2.521 2.502 2.500 2.502 2.500 2.500 2.502 2.500 2.500 2.500 2.500 2.504 2.501 2.500 2.500 2.500 2.500 2.501 2.500 2.502 2.500 2.508 2.769 3.070 3.128 2.830 2.500 2.500 2.500 2.588 2.963 3.118 3.107 2.927 2.525 2.080 1.634 1.234 0.911 0.676 0.517 0.460 0.551 0.707 0.750 0.686 0.543 0.253 0.088 0.028 0.008 0.002 0.000 0.000 0.000 0.000 0.000 0.000 0.000 0.000 0.000 0.000 0.000 0.000 0.000 0.000
0.074 0.142 0.256 0.439 0.713 1.250 2.500 2.500 2.500 2.519 2.526 2.516 2.500 2.500 2.500 2.500 2.500 2.500 2.500 2.500 2.500 2.500 2.519 2.513 2.500 2.500 2.500 2.500 2.500 2.500 2.500 2.500 2.500 2.543 2.742 2.806 2.653 2.575 2.523 2.500 2.638 3.033 3.233 3.278 3.207 2.938 2.457 1.847 1.324 0.964 0.729 0.633 0.681 0.892 1.057 1.037 0.927 0.580 0.215 0.067 0.019 0.005 0.001 0.000 0.000 0.000 0.000 0.000 0.000 0.000 0.000 0.000 0.000 0.000 0.000 0.000 0.000
0.124 0.229 0.402 0.668 1.052 1.875 2.500 2.510 2.520 2.539 2.531 2.512 2.500 2.500 2.502 2.500 2.500 2.500 2.500 2.500 2.500 2.500 2.505 2.512 2.500 2.500 2.500 2.500 2.500 2.500 2.500 2.500 2.500 2.501 2.580 2.630 2.661 2.659 2.622 2.560 2.685 3.036 3.255 3.337 3.329 3.191 2.746 2.002 1.439 1.086 0.921 0.911 1.037 1.297 1.373 1.288 1.044 0.500 0.157 0.044 0.013 0.005 0.001 0.000 0.000 0.000 0.000 0.000 0.000 0.000 0.000 0.000 0.000 0.000 0.000 0.000 0.000
0.199 0.354 0.600 0.969 1.875 2.500 2.500 2.517 2.529 2.534 2.540 2.536 2.514 2.500 2.502 2.500 2.503 2.500 2.500 2.500 2.500 2.500 2.500 2.505 2.500 2.500 2.500 2.507 2.510 2.543 2.530 2.502 2.513 2.594 2.670 2.734 2.771 2.771 2.733 2.637 2.701 2.966 3.185 3.295 3.343 3.255 2.814 2.065 1.596 1.305 1.214 1.240 1.432 1.605 1.577 1.464 1.000 0.375 0.109 0.034 0.012 0.005 0.002 0.001 0.000 0.000 0.000 0.000 0.000 0.000 0.000 0.000 0.000 0.000 0.000 0.000 0.000
0.306 0.524 0.853 1.311 2.500 2.501 2.517 2.527 2.534 2.538 2.540 2.536 2.526 2.522 2.519 2.519 2.520 2.525 2.520 2.507 2.500 2.500 2.500 2.500 2.501 2.504 2.500 2.500 2.508 2.534 2.559 2.537 2.603 2.706 2.794 2.874 2.912 2.900 2.818 2.708 2.657 2.813 3.015 3.174 3.215 3.123 2.696 1.965 1.629 1.474 1.473 1.553 1.725 1.783 1.721 1.503 0.832 0.269 0.087 0.034 0.015 0.007 0.004 0.002 0.000 0.000 0.000 0.000 0.000 0.000 0.000 0.000 0.000 0.000 0.000 0.000 0.000
0.454 0.747 1.161 1.875 2.500 2.520 2.535 2.536 2.535 2.534 2.538 2.537 2.537 2.510 2.505 2.735 2.989 3.066 3.011 2.766 2.510 2.505 2.500 2.500 2.503 2.500 2.500 2.500 2.504 2.511 2.528 2.554 2.633 2.774 2.891 2.977 3.010 2.992 2.915 2.746 2.607 2.659 2.789 2.929 2.960 2.855 2.500 1.863 1.655 1.621 1.664 1.791 1.878 1.842 1.780 1.392 0.620 0.211 0.088 0.043 0.023 0.013 0.007 0.004 0.002 0.000 0.000 0.000 0.000 0.000 0.000 0.000 0.000 0.000 0.000 0.000 0.000
0.650 1.027 1.875 2.500 2.500 2.540 2.539 2.543 2.537 2.535 2.532 2.524 2.548 2.651 2.930 3.311 3.493 3.490 3.311 3.060 2.763 2.510 2.500 2.500 2.500 2.500 2.500 2.500 2.500 2.500 2.501 2.525 2.612 2.796 2.938 3.023 3.048 3.036 2.954 2.739 2.573 2.693 2.739 2.744 2.683 2.595 2.500 1.874 1.797 1.788 1.882 1.987 1.987 1.912 1.716 1.115 0.451 0.206 0.114 0.069 0.042 0.025 0.014 0.008 0.004 0.001 0.000 0.000 0.000 0.000 0.000 0.000 0.000 0.000 0.000 0.000 0.000
0.901 1.875 2.500 2.500 2.516 2.534 2.536 2.537 2.534 2.535 2.567 2.621 2.731 2.974 3.414 3.758 3.827 3.693 3.528 3.201 2.907 2.602 2.500 2.500 2.500 2.500 2.500 2.515 2.606 2.594 2.516 2.501 2.550 2.772 2.946 3.020 3.038 3.028 2.920 2.672 2.720 2.939 2.989 2.956 2.803 2.565 2.500 2.500 2.027 2.028 2.118 2.156 2.067 1.946 1.537 0.798 0.404 0.260 0.181 0.124 0.080 0.048 0.028 0.016 0.008 0.003 0.001 0.000 0.000 0.000 0.000 0.000 0.000 0.000 0.000 0.000 0.000
1.257 2.500 2.500 2.514 2.510 2.527 2.522 2.518 2.540 2.593 2.680 2.818 3.055 3.471 3.956 4.156 4.072 3.900 3.560 3.148 2.882 2.620 2.500 2.500 2.500 2.502 2.654 2.827 2.854 2.782 2.649 2.513 2.500 2.690 2.888 2.974 2.999 2.953 2.801 2.555 2.855 3.167 3.248 3.204 2.997 2.714 2.516 2.500 2.325 2.311 2.337 2.277 2.159 1.875 1.210 0.622 0.471 0.404 0.320 0.233 0.154 0.095 0.056 0.031 0.015 0.006 0.002 0.000 0.000 0.000 0.000 0.000 0.000 0.000 0.000 0.000 0.000
1.875 2.500 2.505 2.502 2.503 2.513 2.546 2.594 2.668 2.789 2.980 3.271 3.724 4.272 4.601 4.606 4.374 4.011 3.357 2.879 2.690 2.562 2.503 2.500 2.501 2.633 2.928 3.039 3.020 2.909 2.784 2.609 2.500 2.584 2.747 2.879 2.893 2.827 2.679 2.500 2.995 3.398 3.526 3.492 3.290 2.972 2.794 2.722 2.639 2.562 2.497 2.384 2.184 1.671 0.889 0.647 0.668 0.658 0.585 0.445 0.307 0.191 0.111 0.060 0.028 0.012 0.004 0.001 0.000 0.000 0.000 0.000 0.000 0.000 0.000 0.000 0.000
2.500 2.500 2.500 2.513 2.595 2.707 2.825 2.964 3.141 3.382 3.718 4.216 4.876 5.348 5.434 5.163 4.765 4.018 2.926 2.519 2.505 2.502 2.501 2.500 2.509 2.863 3.084 3.136 3.094 3.012 2.854 2.692 2.536 2.505 2.593 2.681 2.718 2.690 2.601 2.570 3.099 3.575 3.749 3.736 3.567 3.273 3.002 2.917 2.824 2.700 2.591 2.441 2.101 1.378 0.748 0.817 0.952 1.017 0.995 0.858 0.627 0.401 0.226 0.112 0.049 0.019 0.006 0.002 0.000 0.000 0.000 0.000 0.000 0.000 0.000 0.000 0.000
2.500 2.503 2.585 2.838 3.119 3.403 3.692 4.000 4.331 4.713 5.210 5.839 6.341 6.459 6.201 5.757 5.024 3.845 2.612 2.500 2.500 2.500 2.500 2.500 2.588 2.950 3.107 3.137 3.124 3.013 2.875 2.752 2.620 2.510 2.502 2.500 2.518 2.565 2.560 2.655 3.164 3.682 3.867 3.852 3.762 3.499 3.158 2.987 2.900 2.772 2.601 2.379 1.909 1.113 0.912 1.105 1.378 1.523 1.552 1.411 1.142 0.697 0.343 0.149 0.058 0.021 0.007 0.002 0.000 0.000 0.000 0.000 0.000 0.000 0.000 0.000 0.000
2.508 2.747 3.171 3.738 4.484 5.142 5.656 6.064 6.406 6.700 6.991 7.221 7.298 7.142 6.789 6.125 5.036 3.600 2.507 2.500 2.504 2.503 2.514 2.510 2.660 2.906 3.026 3.088 3.055 2.966 2.864 2.784 2.675 2.546 2.503 2.500 2.500 2.540 2.573 2.685 3.189 3.692 3.857 3.877 3.805 3.588 3.231 2.981 2.846 2.703 2.498 2.162 1.604 0.945 1.200 1.581 1.982 2.146 2.098 1.890 1.451 0.798 0.369 0.154 0.058 0.020 0.006 0.002 0.000 0.000 0.000 0.000 0.000 0.000 0.000 0.000 0.000
2.988 3.526 4.316 5.453 6.695 7.481 7.824 7.928 7.923 7.801 7.724 7.650 7.600 7.517 7.093 6.197 4.861 3.392 2.500 2.500 2.500 2.500 2.500 2.566 2.672 2.764 2.890 2.919 2.902 2.864 2.819 2.770 2.677 2.553 2.501 2.500 2.500 2.523 2.561 2.657 3.115 3.564 3.764 3.808 3.736 3.563 3.245 2.946 2.754 2.569 2.300 1.901 1.395 1.201 1.692 2.256 2.641 2.690 2.514 2.187 1.500 0.791 0.361 0.147 0.053 0.017 0.005 0.001 0.000 0.000 0.000 0.000 0.000 0.000 0.000 0.000 0.000
3.996 4.733 5.602 6.605 7.703 8.418 8.674 8.642 8.437 8.213 7.915 7.763 7.680 7.556 7.046 6.015 4.567 3.300 2.615 2.500 2.500 2.516 2.680 2.768 2.757 2.703 2.681 2.692 2.689 2.694 2.704 2.685 2.633 2.519 2.500 2.500 2.500 2.501 2.521 2.627 2.990 3.268 3.533 3.581 3.545 3.436 3.207 2.932 2.705 2.500 2.500 1.757 1.353 1.669 2.403 2.952 3.151 3.040 2.822 2.242 1.387 0.694 0.294 0.107 0.034 0.009 0.002 0.000 0.000 0.000 0.000 0.000 0.000 0.000 0.000 0.000 0.000
5.159 5.602 6.072 6.722 7.703 8.488 8.777 8.826 8.662 8.313 7.835 7.547 7.360 7.108 6.452 5.352 4.121 3.281 2.788 2.565 2.603 2.818 3.009 3.029 2.966 2.825 2.662 2.509 2.522 2.526 2.525 2.528 2.527 2.502 2.500 2.500 2.500 2.500 2.500 2.791 3.025 3.070 3.184 3.233 3.236 3.210 3.108 2.916 2.711 2.500 2.500 1.738 1.464 2.317 3.162 3.538 3.555 3.361 2.924 2.026 1.025 0.437 0.165 0.055 0.016 0.004 0.001 0.000 0.000 0.000 0.000 0.000 0.000 0.000 0.000 0.000 0.000
5.745 5.805 5.989 6.403 7.204 8.094 8.628 8.734 8.550 8.068 7.378 6.810 6.356 5.878 5.225 4.462 3.742 3.198 2.858 2.811 2.913 3.179 3.429 3.491 3.439 3.285 2.990 2.593 2.501 2.505 2.500 2.500 2.504 2.501 2.500 2.500 2.500 2.500 2.811 3.126 3.231 3.111 3.021 2.966 2.947 2.951 2.931 2.834 2.696 2.500 2.500 1.854 1.730 3.042 3.820 3.999 3.838 3.566 2.773 1.562 0.684 0.260 0.088 0.026 0.007 0.002 0.000 0.000 0.000 0.000 0.000 0.000 0.000 0.000 0.000 0.000 0.000
