RESULTS/r.avaflow_results/11_results/11_ascii/11_vhmax.asc
ncols 506
nrows 317
xllcenter 498237.50
yllcenter 5580050.00
cellsize 12.50
NODATA_value -9999.000
[rows 196 to 223 of 317, columns 126 to 188 of 506]
41.482 41.595 41.574 41.603 41.935 42.005 42.650 42.766 46.644 46.801 46.314 45.699 45.364 44.801 44.683 44.016 43.353 42.859 42.280 40.650 38.879 37.997 37.705 37.441 37.417 37.195 36.358 34.638 32.372 30.139 28.333 26.039 23.854 21.723 20.023 18.465 17.072 16.014 15.052 14.384 13.993 14.516 14.564 14.431 14.136 13.729 13.555 7.307 7.466 7.090 7.689 6.349 5.758 3.534 4.069 3.342 2.707 2.175 1.734 1.423 1.232 0.909 0.648
42.691 42.592 42.548 42.682 42.551 42.342 42.496 42.813 46.891 46.292 45.907 45.775 45.917 45.808 45.759 44.822 43.515 42.588 41.100 39.667 37.862 36.983 36.578 36.118 37.051 35.914 34.728 32.618 30.402 28.448 26.406 24.749 22.953 21.255 19.675 18.326 17.260 16.132 15.433 15.380 15.681 16.410 16.667 16.653 16.270 15.877 15.498 15.485 6.489 5.635 6.744 5.567 5.014 3.109 2.597 1.954 1.325 0.819 0.469 0.301 0.247 0.195 0.112
42.594 42.691 42.879 43.035 42.900 42.753 42.503 42.506 46.662 45.598 45.075 45.082 45.031 45.776 45.448 44.123 42.964 41.546 39.989 37.910 36.485 35.896 35.440 35.522 35.096 34.330 32.852 30.740 28.972 27.308 25.666 24.002 22.161 20.463 19.029 17.918 17.065 15.980 15.699 15.854 16.431 17.081 17.401 17.213 16.785 16.312 15.903 15.381 14.498 12.523 9.181 3.848 3.284 2.540 1.201 0.598 0.236 0.115 0.044 0.046 0.129 0.298 0.543
41.351 41.286 41.942 42.289 42.043 41.928 42.086 41.532 46.127 45.300 44.566 43.935 44.257 44.500 44.566 43.330 41.091 40.013 38.821 36.674 35.200 34.883 34.400 34.613 33.568 32.406 30.769 28.879 27.708 26.524 25.083 23.156 21.256 19.709 18.549 17.625 16.951 16.285 15.896 15.789 16.008 16.340 16.506 16.241 15.678 14.976 14.098 12.830 10.904 11.825 8.907 6.297 5.306 0.917 4.085 3.426 3.105 0.033 0.109 0.245 0.631 1.295 1.797
41.096 41.159 41.076 41.295 41.588 41.332 40.960 44.804 45.783 45.090 44.124 43.736 43.628 43.411 43.021 41.549 39.884 38.357 36.739 35.557 34.556 33.997 34.161 33.535 32.641 30.986 29.421 28.021 27.054 25.984 24.382 22.638 20.726 19.397 18.431 17.563 16.921 16.284 15.937 15.684 15.650 15.682 15.844 14.776 13.687 12.586 11.372 12.007 10.348 8.190 6.237 5.183 4.508 3.938 0.376 0.521 0.581 0.637 0.740 0.979 1.496 2.229 2.879
40.806 40.929 41.098 41.036 41.278 41.057 40.622 44.942 45.190 44.790 44.358 43.517 43.733 43.239 41.704 39.161 38.200 36.558 34.983 34.053 33.552 33.231 33.085 32.275 31.642 30.315 28.815 27.847 27.029 25.595 24.001 22.315 20.592 19.292 18.240 17.614 16.838 16.136 15.806 15.442 15.107 14.882 14.785 14.415 13.277 12.126 10.935 9.707 8.263 6.464 5.400 4.692 0.996 1.558 1.872 2.044 2.167 2.185 2.029 1.913 2.414 3.438 3.174
40.760 40.873 40.928 40.871 40.810 40.782 40.557 45.475 45.259 44.653 43.844 43.093 43.347 42.491 39.962 38.476 36.566 34.791 33.810 33.460 33.374 33.300 32.599 31.520 30.610 30.088 28.848 28.334 27.598 25.992 24.138 22.329 20.725 19.578 18.542 17.621 16.687 15.767 15.205 14.749 14.471 14.194 13.972 13.161 12.050 10.799 9.723 8.504 7.059 5.637 4.628 1.842 2.322 2.706 3.443 3.677 3.818 2.960 2.791 2.618 2.714 3.653 4.937
41.196 40.847 40.752 40.978 40.892 40.657 40.450 46.435 45.591 43.901 42.870 42.602 42.833 41.395 38.430 37.392 35.291 33.671 33.182 32.790 32.661 32.882 32.395 31.633 30.444 29.837 29.614 29.182 28.837 26.586 24.743 22.647 20.851 19.376 17.460 16.133 14.801 14.188 13.756 13.125 12.887 12.663 12.330 11.573 10.642 9.576 8.445 7.065 5.582 4.440 2.576 2.906 3.369 4.035 3.492 4.593 4.964 5.104 4.898 4.720 4.992 5.532 5.932
41.482 41.006 40.976 40.937 40.841 40.429 40.410 46.433 45.177 43.321 42.224 41.557 41.600 39.899 38.024 36.335 35.174 34.063 32.967 32.681 32.762 32.499 32.132 31.748 31.129 30.993 31.474 31.813 32.395 33.275 25.218 23.128 20.889 18.605 16.973 15.210 12.908 11.319 10.473 10.028 9.673 9.567 9.491 9.427 8.796 7.963 6.848 5.448 4.168 3.557 3.778 3.259 3.774 4.594 5.680 7.066 8.109 8.263 7.891 7.410 7.058 6.698 6.194
41.906 41.243 41.092 40.851 40.457 39.851 39.011 44.908 43.879 41.999 40.332 39.950 40.081 38.717 36.751 36.011 35.431 35.108 33.980 33.284 32.821 32.600 32.362 32.521 32.886 33.290 33.659 34.489 35.383 36.893 37.395 24.345 21.064 18.380 16.536 14.385 11.507 9.302 7.974 7.419 6.900 6.759 6.832 6.884 6.864 6.458 5.785 4.803 4.126 4.302 4.610 4.924 5.430 6.129 6.366 6.139 6.227 5.960 9.102 7.171 6.876 6.558 6.080
41.246 41.060 41.076 40.574 39.955 39.103 38.213 43.772 42.000 39.971 38.623 37.827 38.719 37.368 36.182 35.666 35.457 35.818 35.158 34.347 33.615 33.435 33.906 34.544 34.943 35.659 36.975 38.025 39.805 39.865 40.913 40.331 22.481 18.691 16.169 13.685 10.044 7.851 7.079 6.708 6.253 6.002 5.722 5.273 5.752 6.088 5.930 3.397 4.565 4.457 4.436 4.460 5.006 4.263 4.673 4.742 5.749 7.479 8.475 8.514 8.068 7.168 6.400
40.286 39.923 40.395 39.860 39.034 37.237 37.165 41.808 39.979 38.482 37.455 37.636 36.749 36.103 36.105 35.733 36.447 36.203 36.550 36.571 36.288 35.847 35.970 36.925 37.714 38.847 40.164 42.048 42.062 42.985 42.299 42.155 24.174 4.595 16.302 12.847 8.758 6.595 6.070 5.908 5.570 4.892 3.826 3.377 5.882 4.875 5.254 5.083 4.567 5.557 4.889 4.173 3.230 2.944 3.332 4.208 5.505 7.287 8.803 9.060 8.345 7.143 6.616
39.769 39.618 39.594 38.900 37.607 36.587 35.852 39.824 38.765 37.353 36.350 36.519 35.860 35.417 36.031 37.173 38.852 37.789 38.743 39.479 39.618 38.868 38.995 39.985 41.033 42.001 43.908 44.302 45.436 46.089 44.988 45.012 1.458 3.949 4.490 4.634 7.379 5.633 5.050 5.125 4.608 4.105 1.413 3.772 4.926 7.006 8.172 8.387 7.883 6.642 5.172 5.236 4.145 3.584 3.751 4.650 5.605 6.920 8.229 8.413 8.273 -nan -nan
38.471 38.983 38.755 38.110 35.912 35.612 38.734 38.548 37.980 36.774 36.110 35.958 34.866 35.080 36.077 37.457 39.170 40.757 40.906 40.840 40.945 41.160 41.751 42.652 43.481 45.216 47.127 47.173 48.492 47.698 47.609 3.590 2.778 1.808 0.888 3.859 3.946 3.929 4.418 4.451 4.243 0.545 1.746 2.561 5.105 7.409 9.023 9.879 9.992 9.497 8.525 7.145 6.354 5.528 5.127 5.635 6.370 6.944 7.410 -nan -nan -nan -9999.000
37.170 37.694 37.293 36.501 34.962 34.502 37.918 38.193 37.351 36.622 36.282 35.532 34.817 35.275 37.607 39.324 42.327 42.187 42.557 42.339 42.775 43.524 44.514 45.651 46.639 48.172 49.299 48.508 49.322 48.670 48.401 5.841 4.729 2.829 1.744 0.859 3.821 3.902 3.903 3.810 3.650 1.017 2.163 2.808 4.987 7.226 8.977 9.935 10.413 10.190 9.490 9.330 8.823 7.844 6.864 6.609 6.806 6.932 -nan -nan -9999.000 -9999.000 -9999.000
36.524 36.114 35.801 34.888 34.564 34.235 37.492 37.827 37.217 36.539 36.491 35.798 36.975 38.267 39.900 42.163 43.467 43.990 43.670 44.426 45.229 46.507 46.985 48.436 48.803 49.875 49.696 48.573 49.151 48.369 50.155 7.233 6.780 4.979 2.763 1.596 0.759 0.600 0.669 1.010 1.387 1.854 1.837 3.243 5.055 6.970 8.747 9.879 10.432 10.505 9.902 9.491 9.154 8.563 7.382 6.779 6.908 -nan -nan -9999.000 -9999.000 -9999.000 -9999.000
35.406 35.012 34.852 34.648 34.669 34.418 38.811 38.534 37.951 37.226 36.881 36.609 39.668 41.011 42.970 43.500 44.417 44.809 44.678 45.762 46.995 48.643 49.049 49.682 49.724 50.271 49.660 49.296 48.442 48.438 48.857 7.795 8.243 7.104 4.668 2.864 1.811 1.680 2.038 2.515 3.117 2.101 2.886 3.983 5.160 6.609 8.425 9.811 10.266 10.545 9.924 9.504 9.189 8.768 7.664 6.525 -nan -nan -9999.000 -9999.000 -9999.000 -9999.000 -9999.000
35.497 34.688 34.587 35.089 35.313 35.159 39.164 39.511 39.391 38.532 39.023 40.183 41.514 44.336 44.518 44.355 44.544 44.689 45.337 46.087 47.613 48.898 49.181 49.789 50.221 49.857 49.873 48.419 47.766 48.695 -nan -nan 8.029 7.761 6.193 4.536 3.489 2.674 2.492 3.368 3.272 3.735 4.119 4.462 5.086 6.222 -nan -nan -nan -nan -nan -nan -nan -nan -nan -nan -nan -9999.000 -9999.000 -9999.000 -9999.000 -9999.000 -9999.000
35.802 34.670 35.337 35.839 36.124 36.223 40.185 40.470 40.104 40.206 41.182 42.777 43.932 45.619 45.333 44.765 44.555 44.612 45.373 46.705 47.941 48.264 49.102 49.445 49.801 49.878 49.181 48.667 47.325 48.023 -nan -nan -nan 7.702 6.709 5.087 4.634 4.462 4.426 4.548 4.665 4.662 4.361 4.447 -nan -nan -nan -9999.000 -9999.000 -9999.000 -9999.000 -9999.000 -9999.000 -9999.000 -9999.000 -9999.000 -9999.000 -9999.000 -9999.000 -9999.000 -9999.000 -9999.000 -9999.000
36.731 35.880 36.696 36.946 37.325 37.776 42.101 42.175 42.622 41.848 42.870 44.579 47.312 47.691 46.983 46.194 45.314 44.887 45.207 45.897 47.163 47.606 48.130 48.800 48.872 49.572 48.727 47.652 48.876 -nan -nan -9999.000 -nan -nan -nan -nan -nan -nan -nan -nan -nan -nan -nan -nan -nan -9999.000 -9999.000 -9999.000 -9999.000 -9999.000 -9999.000 -9999.000 -9999.000 -9999.000 -9999.000 -9999.000 -9999.000 -9999.000 -9999.000 -9999.000 -9999.000 -9999.000 -9999.000
38.523 38.289 37.689 38.564 38.843 39.308 40.112 40.551 39.337 44.368 45.571 46.837 48.951 49.628 48.513 47.947 46.749 46.297 45.731 45.449 45.826 46.769 47.216 47.467 47.713 47.969 48.360 48.079 48.145 -nan -9999.000 -9999.000 -9999.000 -9999.000 -9999.000 -9999.000 -9999.000 -9999.000 -9999.000 -9999.000 -9999.000 -9999.000 -9999.000 -9999.000 -9999.000 -9999.000 -9999.000 -9999.000 -9999.000 -9999.000 -9999.000 -9999.000 -9999.000 -9999.000 -9999.000 -9999.000 -9999.000 -9999.000 -9999.000 -9999.000 -9999.000 -9999.000 -9999.000
39.806 40.573 40.360 40.764 40.609 40.982 41.807 42.103 41.397 46.638 46.925 47.802 49.523 49.565 48.785 48.475 48.183 47.482 46.435 45.516 45.413 46.100 47.196 47.160 47.196 47.010 47.230 46.772 48.698 -nan -9999.000 -9999.000 -9999.000 -9999.000 -9999.000 -9999.000 -9999.000 -9999.000 -9999.000 -9999.000 -9999.000 -9999.000 -9999.000 -9999.000 -9999.000 -9999.000 -9999.000 -9999.000 -9999.000 -9999.000 -9999.000 -9999.000 -9999.000 -9999.000 -9999.000 -9999.000 -9999.000 -9999.000 -9999.000 -9999.000 -9999.000 -9999.000 -9999.000
38.378 40.791 41.751 41.992 42.342 42.358 42.472 42.251 42.450 47.810 47.999 49.367 49.712 49.487 48.898 48.605 48.110 47.505 46.625 46.039 45.928 46.439 47.073 47.173 47.674 47.367 47.970 47.556 -nan -nan -9999.000 -9999.000 -9999.000 -9999.000 -9999.000 -9999.000 -9999.000 -9999.000 -9999.000 -9999.000 -9999.000 -9999.000 -9999.000 -9999.000 -9999.000 -9999.000 -9999.000 -9999.000 -9999.000 -9999.000 -9999.000 -9999.000 -9999.000 -9999.000 -9999.000 -9999.000 -9999.000 -9999.000 -9999.000 -9999.000 -9999.000 -9999.000 -9999.000
37.384 40.214 41.899 42.726 42.839 43.000 43.289 42.827 49.139 49.473 49.460 49.677 49.960 49.576 49.236 48.489 47.691 47.457 47.348 46.917 46.874 46.620 47.412 47.480 47.201 47.920 47.494 48.493 -nan -9999.000 -9999.000 -9999.000 -9999.000 -9999.000 -9999.000 -9999.000 -9999.000 -9999.000 -9999.000 -9999.000 -9999.000 -9999.000 -9999.000 -9999.000 -9999.000 -9999.000 -9999.000 -9999.000 -9999.000 -9999.000 -9999.000 -9999.000 -9999.000 -9999.000 -9999.000 -9999.000 -9999.000 -9999.000 -9999.000 -9999.000 -9999.000 -9999.000 -9999.000
35.381 38.659 40.891 41.204 42.510 42.848 43.191 43.452 50.254 50.525 50.298 50.014 49.819 49.272 49.144 48.121 47.298 47.144 47.199 46.918 46.499 46.007 46.941 47.343 46.924 46.931 47.230 -nan -nan -9999.000 -9999.000 -9999.000 -9999.000 -9999.000 -9999.000 -9999.000 -9999.000 -9999.000 -9999.000 -9999.000 -9999.000 -9999.000 -9999.000 -9999.000 -9999.000 -9999.000 -9999.000 -9999.000 -9999.000 -9999.000 -9999.000 -9999.000 -9999.000 -9999.000 -9999.000 -9999.000 -9999.000 -9999.000 -9999.000 -9999.000 -9999.000 -9999.000 -9999.000
33.054 36.350 38.890 40.142 41.522 41.793 42.792 50.520 50.940 51.057 50.699 50.283 49.721 49.565 48.582 47.807 47.224 46.568 46.404 46.219 46.197 45.770 46.001 46.313 45.965 45.470 48.001 -nan -9999.000 -9999.000 -9999.000 -9999.000 -9999.000 -9999.000 -9999.000 -9999.000 -9999.000 -9999.000 -9999.000 -9999.000 -9999.000 -9999.000 -9999.000 -9999.000 -9999.000 -9999.000 -9999.000 -9999.000 -9999.000 -9999.000 -9999.000 -9999.000 -9999.000 -9999.000 -9999.000 -9999.000 -9999.000 -9999.000 -9999.000 -9999.000 -9999.000 -9999.000 -9999.000
30.998 34.044 35.945 38.237 39.952 40.645 41.381 49.443 50.153 50.514 50.805 50.613 50.044 49.444 48.241 47.054 46.606 46.475 46.151 45.619 46.007 45.542 45.739 45.245 45.580 44.556 -nan -nan -9999.000 -9999.000 -9999.000 -9999.000 -9999.000 -9999.000 -9999.000 -9999.000 -9999.000 -9999.000 -9999.000 -9999.000 -9999.000 -9999.000 -9999.000 -9999.000 -9999.000 -9999.000 -9999.000 -9999.000 -9999.000 -9999.000 -9999.000 -9999.000 -9999.000 -9999.000 -9999.000 -9999.000 -9999.000 -9999.000 -9999.000 -9999.000 -9999.000 -9999.000 -9999.000
28.916 32.199 34.091 36.129 37.681 38.339 47.035 48.085 48.840 49.735 50.421 50.278 50.322 49.589 48.236 47.100 46.337 45.969 45.590 45.225 45.509 45.051 44.248 43.786 43.333 44.291 -nan -9999.000 -9999.000 -9999.000 -9999.000 -9999.000 -9999.000 -9999.000 -9999.000 -9999.000 -9999.000 -9999.000 -9999.000 -9999.000 -9999.000 -9999.000 -9999.000 -9999.000 -9999.000 -9999.000 -9999.000 -9999.000 -9999.000 -9999.000 -9999.000 -9999.000 -9999.000 -9999.000 -9999.000 -9999.000 -9999.000 -9999.000 -9999.000 -9999.000 -9999.000 -9999.000 -9999.000
