RESULTS/r.avaflow_results/11_results/11_ascii/11_vfront.asc
ncols 506
nrows 317
xllcenter 498237.50
yllcenter 5580050.00
cellsize 12.50
NODATA_value -9999.000
[rows 189 to 215 of 317, columns 122 to 182 of 506]
24.603 24.617 24.571 24.523 23.743 22.734 22.135 22.137 22.893 22.444 22.317 26.580 28.273 27.171 21.462 10.877 5.738 4.364 4.375 4.398 4.367 4.449 7.815 11.919 16.231 14.539 16.319 16.895 16.890 16.535 13.583 14.209 12.027 13.633 11.946 13.902 15.625 16.382 16.055 14.885 16.865 18.146 19.140 10.477 10.748 -9999.000 -9999.000 -9999.000 -9999.000 -9999.000 -9999.000 -9999.000 -9999.000 -9999.000 -9999.000 -9999.000 -9999.000 -9999.000 -9999.000 -9999.000 -9999.000
24.882 24.743 24.465 24.237 23.972 23.278 22.412 22.880 23.269 22.188 26.485 29.663 31.546 31.364 28.143 26.381 21.486 21.794 17.565 18.532 19.676 20.653 21.254 26.379 24.996 26.793 27.211 27.141 26.463 25.958 26.002 23.693 25.916 24.298 26.900 24.639 25.928 25.739 26.377 26.239 25.258 23.501 21.717 -9999.000 -9999.000 -9999.000 -9999.000 -9999.000 -9999.000 -9999.000 -9999.000 -9999.000 -9999.000 -9999.000 -9999.000 -9999.000 -9999.000 -9999.000 -9999.000 -9999.000 -9999.000
25.081 25.031 24.949 24.731 24.403 23.827 23.554 24.627 23.507 26.921 29.672 32.011 32.525 32.315 31.865 31.537 28.687 29.156 26.320 27.383 28.438 29.079 29.328 28.975 31.164 31.867 31.533 31.188 30.597 30.227 30.403 28.900 27.422 29.335 27.943 29.460 29.861 29.065 28.897 26.960 24.934 22.431 20.134 -9999.000 -9999.000 -9999.000 -9999.000 -9999.000 -9999.000 -9999.000 -9999.000 -9999.000 -9999.000 -9999.000 -9999.000 -9999.000 -9999.000 -9999.000 -9999.000 -9999.000 -9999.000
24.897 24.885 25.341 25.112 25.019 24.593 25.410 25.790 27.810 30.307 31.715 32.556 32.498 32.106 32.089 32.276 32.548 30.948 31.699 32.619 33.254 33.634 33.788 33.546 34.260 34.339 33.880 33.218 32.757 32.441 31.219 31.897 30.936 30.117 30.910 31.388 30.790 29.568 27.984 25.554 23.172 20.718 18.501 -9999.000 -9999.000 -9999.000 -9999.000 -9999.000 -9999.000 -9999.000 -9999.000 -9999.000 -9999.000 -9999.000 -9999.000 -9999.000 -9999.000 -9999.000 -9999.000 -9999.000 -9999.000
25.301 25.228 25.787 25.782 25.793 25.406 26.737 26.547 30.768 32.716 33.292 32.924 32.746 32.697 32.582 32.837 33.196 33.648 32.787 33.243 33.764 34.185 34.367 35.507 34.793 34.651 34.415 34.136 33.193 32.443 32.383 31.674 32.314 31.543 31.762 30.211 29.729 28.277 26.253 23.966 21.366 19.205 17.092 15.019 -9999.000 -9999.000 -9999.000 -9999.000 -9999.000 -9999.000 -9999.000 -9999.000 -9999.000 -9999.000 -9999.000 -9999.000 -9999.000 -9999.000 -9999.000 -9999.000 -9999.000
25.637 25.779 26.460 26.473 26.429 27.033 28.212 31.658 33.406 34.041 34.331 34.221 34.083 34.389 34.346 34.346 33.901 34.168 34.436 34.568 33.914 34.368 35.646 35.496 35.472 34.876 34.347 33.747 32.829 32.204 31.612 31.624 31.030 30.117 29.875 29.411 28.175 26.278 24.130 22.103 20.017 17.887 16.259 14.600 -9999.000 -9999.000 -9999.000 -9999.000 -9999.000 -9999.000 -9999.000 -9999.000 -9999.000 -9999.000 -9999.000 -9999.000 -9999.000 -9999.000 -9999.000 -9999.000 -9999.000
25.822 26.125 27.012 27.483 27.478 27.939 28.922 33.929 34.603 35.040 35.495 35.446 35.767 35.664 35.436 35.149 35.181 34.554 34.599 34.724 35.124 35.433 35.297 35.525 34.689 34.103 33.449 33.102 32.438 31.470 31.130 30.459 29.687 29.387 28.066 27.424 26.168 24.249 22.275 20.406 18.616 17.345 16.160 15.111 13.418 -9999.000 -9999.000 -9999.000 -9999.000 -9999.000 -9999.000 -9999.000 -9999.000 -9999.000 -9999.000 -9999.000 -9999.000 -9999.000 -9999.000 -9999.000 -9999.000
25.822 26.243 26.980 27.460 27.983 29.350 34.504 34.970 35.202 35.393 35.920 35.826 35.981 35.850 35.684 35.448 35.324 35.447 34.882 34.980 35.057 35.025 34.570 34.506 33.891 33.204 32.588 31.933 31.187 30.550 29.783 29.088 28.331 27.926 26.570 25.934 24.598 22.784 21.110 19.664 18.471 17.488 16.563 15.602 14.693 -9999.000 -9999.000 -9999.000 -9999.000 -9999.000 -9999.000 -9999.000 -9999.000 -9999.000 -9999.000 -9999.000 -9999.000 -9999.000 -9999.000 -9999.000 2.518
25.448 26.555 26.590 27.082 28.086 30.334 35.365 35.535 35.629 35.830 35.719 35.684 35.733 35.386 35.287 35.313 35.295 35.424 35.720 34.811 34.658 34.269 34.541 33.384 32.603 31.735 30.920 30.332 29.729 29.111 28.400 27.792 26.935 26.499 25.282 24.541 23.383 22.037 20.742 19.723 18.793 17.626 16.680 16.034 15.750 15.634 -9999.000 -9999.000 -9999.000 -9999.000 -9999.000 -9999.000 -9999.000 -9999.000 -9999.000 -9999.000 3.437 2.939 2.372 1.689 1.059
25.039 25.898 26.548 27.308 28.515 31.547 35.553 35.567 35.459 35.819 35.536 35.598 35.256 34.854 34.566 34.530 34.645 34.869 34.967 34.915 34.596 33.948 33.097 31.828 31.047 30.189 29.390 28.587 28.055 27.809 27.244 26.747 26.139 25.676 24.807 24.108 23.095 21.778 20.675 19.796 18.706 17.411 16.649 16.302 16.256 16.819 17.566 -9999.000 -9999.000 1.855 2.643 3.022 2.484 1.651 0.394 0.329 1.419 2.058 1.498 0.649 0.241
24.568 25.304 25.683 26.439 28.467 34.706 35.060 34.845 34.679 35.037 34.942 34.959 34.492 34.100 33.756 33.600 33.620 33.592 33.608 33.608 33.023 32.203 31.330 30.274 29.411 28.584 27.825 27.120 26.579 26.528 26.299 25.830 25.490 25.145 25.181 24.509 23.029 21.721 20.531 19.504 18.417 17.354 16.703 16.473 16.475 16.805 17.090 16.967 16.560 15.984 15.431 9.546 9.801 9.000 6.749 2.649 0.295 0.517 0.304 0.036 0.005
24.099 24.618 25.020 25.818 28.884 33.942 33.582 33.785 33.929 34.211 33.901 34.011 33.760 33.370 33.046 32.738 32.563 32.411 32.330 32.050 31.518 30.668 29.718 28.765 28.044 27.117 26.372 26.416 25.899 25.952 25.961 25.827 25.981 26.088 26.220 24.869 22.958 21.422 20.302 19.089 18.125 17.353 16.818 16.472 16.436 16.646 16.682 16.427 15.947 15.242 14.398 13.350 11.945 9.967 7.421 3.871 0.067 0.058 0.029 0.011 0.005
23.497 24.036 24.966 26.324 29.134 33.661 33.342 33.355 33.506 33.841 33.401 33.289 32.908 32.690 32.461 32.198 31.872 31.609 31.235 30.652 29.268 29.147 28.206 27.236 26.604 25.912 25.594 25.303 25.438 26.145 26.168 26.824 27.476 28.183 26.818 25.135 23.046 21.127 19.798 18.687 17.703 17.023 16.611 16.247 16.038 16.128 16.207 16.015 15.479 14.670 13.713 12.421 10.860 9.002 6.487 2.754 0.006 0.016 0.002 0.247 0.609
23.792 24.193 24.705 27.026 33.054 33.286 33.046 33.059 32.962 33.386 33.073 32.498 32.276 32.041 31.885 31.641 31.159 30.728 30.204 28.814 28.065 27.289 27.008 26.035 25.397 24.846 24.950 24.917 25.915 26.740 27.045 28.343 30.064 29.521 27.748 25.266 22.260 20.385 19.084 17.951 17.117 16.235 15.796 15.282 15.138 15.202 15.231 15.099 14.621 13.760 12.683 11.339 9.712 7.562 4.894 0.470 0.040 0.124 0.257 1.391 2.283
22.678 23.782 24.805 27.788 33.128 33.095 32.740 32.685 32.551 32.966 32.617 32.042 31.872 31.377 31.071 30.755 30.320 29.764 28.595 27.995 27.302 26.569 25.493 25.206 24.793 24.967 24.897 25.420 26.652 27.622 28.959 31.494 31.554 30.337 26.446 23.105 20.772 19.323 18.237 17.357 16.414 15.322 14.457 13.700 13.443 13.497 13.697 13.641 13.173 12.294 11.095 9.600 7.875 5.419 2.173 0.136 0.094 0.044 1.469 3.593 -9999.000
23.083 23.506 24.630 28.790 33.788 33.123 32.535 32.243 32.059 32.392 32.036 31.590 31.409 30.670 30.123 29.706 29.391 28.359 27.823 27.326 26.857 26.053 25.152 24.979 24.825 25.164 25.610 27.157 28.235 30.282 32.309 33.554 32.645 -9999.000 -9999.000 -9999.000 -9999.000 -9999.000 -9999.000 -9999.000 14.689 14.484 13.623 12.590 11.872 11.621 11.804 11.861 11.357 10.315 9.031 7.202 5.206 2.749 0.131 0.092 0.041 1.454 -9999.000 -9999.000 -9999.000
22.584 23.016 26.197 34.203 33.821 33.173 32.759 31.703 31.877 31.547 31.081 30.587 29.914 29.091 28.385 27.915 27.728 27.584 27.397 26.468 26.059 25.631 25.989 25.907 25.367 26.008 27.482 29.922 31.107 32.685 35.321 34.662 -9999.000 -9999.000 -9999.000 -9999.000 -9999.000 -9999.000 -9999.000 -9999.000 -9999.000 9.025 9.141 9.067 8.698 8.487 8.533 8.517 8.458 7.501 6.524 4.958 3.111 0.583 0.120 0.190 -9999.000 -9999.000 -9999.000 -9999.000 -9999.000
22.002 22.326 26.717 33.525 33.144 32.693 32.224 31.445 30.911 30.491 29.767 28.971 28.198 27.556 26.923 26.344 26.429 26.783 26.252 26.179 25.969 26.975 27.504 27.041 26.977 27.956 30.728 33.184 34.221 36.265 37.589 -9999.000 -9999.000 -9999.000 -9999.000 -9999.000 -9999.000 -9999.000 -9999.000 -9999.000 -9999.000 -9999.000 -9999.000 0.184 -9999.000 -9999.000 -9999.000 0.841 1.828 2.229 2.117 1.697 1.220 0.890 0.864 -9999.000 -9999.000 -9999.000 -9999.000 -9999.000 -9999.000
21.247 23.351 27.377 32.912 32.410 31.633 31.067 30.272 29.675 29.195 28.377 27.430 26.706 25.544 24.943 24.624 24.838 25.688 26.062 26.132 26.594 27.899 28.453 28.401 30.092 32.570 34.339 35.661 37.647 39.534 39.141 -9999.000 -9999.000 -9999.000 -9999.000 -9999.000 -9999.000 -9999.000 -9999.000 -9999.000 -9999.000 -9999.000 -9999.000 -9999.000 -9999.000 -9999.000 -9999.000 -9999.000 -9999.000 -9999.000 -9999.000 -9999.000 -9999.000 -9999.000 -9999.000 -9999.000 -9999.000 -9999.000 -9999.000 -9999.000 -9999.000
20.538 22.734 32.904 32.237 31.454 30.542 29.860 29.073 28.471 27.380 26.521 25.716 25.004 24.454 24.041 23.867 24.409 25.385 26.078 26.849 28.881 29.429 29.449 31.829 34.141 36.736 37.717 38.163 39.668 41.419 -9999.000 -9999.000 -9999.000 -9999.000 -9999.000 -9999.000 -9999.000 -9999.000 -9999.000 -9999.000 -9999.000 -9999.000 -9999.000 -9999.000 -9999.000 -9999.000 -9999.000 -9999.000 -9999.000 -9999.000 -9999.000 -9999.000 -9999.000 -9999.000 -9999.000 -9999.000 -9999.000 -9999.000 -9999.000 -9999.000 -9999.000
19.643 23.701 32.100 31.457 30.453 29.436 28.694 28.053 26.978 26.267 25.538 24.693 23.795 23.421 23.099 23.042 24.237 25.488 26.260 28.248 30.501 30.972 33.791 35.473 37.762 38.926 39.667 40.798 43.516 43.509 -9999.000 -9999.000 -9999.000 -9999.000 -9999.000 -9999.000 -9999.000 -9999.000 -9999.000 -9999.000 -9999.000 -9999.000 -9999.000 -9999.000 -9999.000 -9999.000 -9999.000 -9999.000 -9999.000 -9999.000 -9999.000 -9999.000 -9999.000 -9999.000 -9999.000 -9999.000 -9999.000 -9999.000 -9999.000 -9999.000 -9999.000
18.356 23.821 30.974 29.807 28.907 27.884 27.216 26.472 26.180 25.329 24.495 24.034 23.387 23.104 23.330 23.494 25.128 26.014 27.648 30.992 31.490 34.644 36.868 38.831 40.308 40.981 41.290 43.547 45.507 -9999.000 -9999.000 -9999.000 -9999.000 -9999.000 -9999.000 -9999.000 -9999.000 -9999.000 -9999.000 -9999.000 -9999.000 -9999.000 -9999.000 -9999.000 -9999.000 -9999.000 -9999.000 -9999.000 -9999.000 -9999.000 -9999.000 -9999.000 -9999.000 -9999.000 -9999.000 -9999.000 -9999.000 -9999.000 -9999.000 -9999.000 -9999.000
17.293 24.258 29.455 28.062 26.762 25.988 25.154 25.232 25.062 24.453 24.085 23.600 23.186 22.889 23.811 25.095 26.384 28.654 31.837 31.894 34.507 36.975 39.575 41.336 42.114 42.879 43.743 45.809 47.332 -9999.000 -9999.000 -9999.000 -9999.000 -9999.000 -9999.000 -9999.000 -9999.000 -9999.000 -9999.000 -9999.000 -9999.000 -9999.000 -9999.000 -9999.000 -9999.000 -9999.000 -9999.000 -9999.000 -9999.000 -9999.000 -9999.000 -9999.000 -9999.000 -9999.000 -9999.000 -9999.000 -9999.000 -9999.000 -9999.000 -9999.000 -9999.000
18.156 29.052 28.081 26.833 25.543 24.685 24.244 24.757 24.362 24.336 24.037 23.865 24.196 24.462 25.851 26.626 28.973 31.967 33.262 34.502 37.547 39.508 41.156 41.680 42.705 44.320 45.517 47.124 -9999.000 -9999.000 -9999.000 -9999.000 -9999.000 -9999.000 -9999.000 -9999.000 -9999.000 -9999.000 -9999.000 -9999.000 -9999.000 -9999.000 -9999.000 -9999.000 -9999.000 -9999.000 -9999.000 -9999.000 -9999.000 -9999.000 -9999.000 -9999.000 -9999.000 -9999.000 -9999.000 -9999.000 -9999.000 -9999.000 -9999.000 -9999.000 -9999.000
18.491 28.014 27.245 26.425 25.282 24.530 24.212 25.031 24.817 24.686 24.457 25.126 25.670 26.456 28.274 30.495 31.818 34.379 35.184 37.851 38.688 40.043 41.161 42.157 43.275 44.408 46.220 48.036 -9999.000 -9999.000 -9999.000 -9999.000 -9999.000 -9999.000 -9999.000 -9999.000 -9999.000 -9999.000 -9999.000 -9999.000 -9999.000 -9999.000 -9999.000 -9999.000 -9999.000 -9999.000 -9999.000 -9999.000 -9999.000 -9999.000 -9999.000 -9999.000 -9999.000 -9999.000 -9999.000 -9999.000 -9999.000 -9999.000 -9999.000 -9999.000 -9999.000
18.469 27.126 26.591 25.854 25.341 24.817 24.497 25.351 25.428 25.147 25.501 26.022 27.094 28.703 30.718 33.043 34.514 36.001 38.971 39.326 39.708 40.255 41.206 42.564 43.553 44.467 46.207 48.493 -9999.000 -9999.000 -9999.000 -9999.000 -9999.000 -9999.000 -9999.000 -9999.000 -9999.000 -9999.000 -9999.000 -9999.000 -9999.000 -9999.000 -9999.000 -9999.000 -9999.000 -9999.000 -9999.000 -9999.000 -9999.000 -9999.000 -9999.000 -9999.000 -9999.000 -9999.000 -9999.000 -9999.000 -9999.000 -9999.000 -9999.000 -9999.000 -9999.000
18.976 25.759 25.868 25.817 25.658 25.529 25.357 26.151 26.177 26.145 26.860 28.374 29.055 30.607 32.978 34.291 37.287 38.622 40.715 40.632 40.793 40.259 40.767 41.737 43.252 44.185 45.755 -9999.000 -9999.000 -9999.000 -9999.000 -9999.000 -9999.000 -9999.000 -9999.000 -9999.000 -9999.000 -9999.000 -9999.000 -9999.000 -9999.000 -9999.000 -9999.000 -9999.000 -9999.000 -9999.000 -9999.000 -9999.000 -9999.000 -9999.000 -9999.000 -9999.000 -9999.000 -9999.000 -9999.000 -9999.000 -9999.000 -9999.000 -9999.000 -9999.000 -9999.000
