RESULTS/r.avaflow_results/33_results/33_ascii/33_hflow10022.asc
ncols 506
nrows 317
xllcenter 498237.50
yllcenter 5580050.00
cellsize 12.50
NODATA_value -9999.000
[rows 170 to 203 of 317, columns 77 to 153 of 506]
0.000 0.000 0.000 0.000 0.000 0.000 0.000 0.000 0.000 0.000 0.000 0.000 0.000 0.000 0.000 0.000 0.000 0.001 0.001 0.001 0.002 0.002 0.005 0.014 0.035 0.063 0.079 0.087 0.093 0.099 0.105 0.110 0.114 0.119 0.127 0.148 0.189 0.256 0.335 0.381 0.396 0.392 0.380 0.386 0.437 0.528 0.621 0.711 0.827 1.027 1.384 2.015 3.083 4.229 4.835 4.970 4.986 5.068 5.223 5.309 5.335 5.299 5.150 4.859 4.409 3.800 3.074 2.418 1.879 1.441 1.088 0.817 0.610 0.451 0.330 0.240 0.172
0.000 0.000 0.000 0.000 0.000 0.000 0.000 0.000 0.000 0.000 0.000 0.000 0.000 0.000 0.000 0.001 0.001 0.003 0.004 0.005 0.007 0.010 0.020 0.041 0.076 0.105 0.119 0.128 0.135 0.143 0.150 0.157 0.164 0.172 0.188 0.221 0.279 0.366 0.464 0.529 0.562 0.569 0.568 0.597 0.717 0.938 1.200 1.469 1.803 2.270 2.927 3.831 4.801 5.430 5.659 5.688 5.701 5.748 5.843 5.884 5.878 5.805 5.603 5.239 4.708 4.014 3.236 2.551 1.988 1.531 1.167 0.883 0.661 0.490 0.359 0.261 0.188
0.000 0.000 0.000 0.000 0.000 0.000 0.000 0.000 0.000 0.000 0.000 0.000 0.000 0.000 0.001 0.003 0.005 0.008 0.011 0.016 0.022 0.033 0.057 0.095 0.134 0.157 0.170 0.181 0.191 0.201 0.211 0.222 0.233 0.247 0.272 0.319 0.393 0.497 0.616 0.719 0.792 0.840 0.883 0.992 1.266 1.694 2.174 2.686 3.320 4.073 4.818 5.485 5.969 6.193 6.250 6.284 6.309 6.330 6.357 6.359 6.320 6.193 5.927 5.499 4.910 4.154 3.347 2.651 2.079 1.612 1.235 0.935 0.700 0.518 0.379 0.276 0.199
0.000 0.000 0.000 0.000 0.000 0.000 0.000 0.000 0.000 0.000 0.000 0.000 0.000 0.001 0.003 0.006 0.011 0.017 0.025 0.035 0.051 0.077 0.120 0.169 0.202 0.223 0.238 0.252 0.266 0.280 0.294 0.309 0.326 0.348 0.384 0.444 0.536 0.658 0.805 0.960 1.109 1.249 1.397 1.667 2.159 2.824 3.551 4.307 5.077 5.779 6.333 6.694 6.854 6.888 6.853 6.839 6.837 6.827 6.811 6.769 6.678 6.494 6.163 5.671 5.023 4.226 3.416 2.722 2.145 1.669 1.281 0.970 0.725 0.535 0.392 0.285 0.206
0.000 0.000 0.000 0.000 0.000 0.000 0.000 0.000 0.000 0.000 0.000 0.000 0.001 0.003 0.006 0.012 0.020 0.030 0.045 0.066 0.096 0.141 0.201 0.251 0.284 0.307 0.328 0.346 0.365 0.384 0.402 0.423 0.447 0.478 0.527 0.604 0.713 0.860 1.049 1.275 1.532 1.820 2.150 2.643 3.357 4.250 5.123 5.900 6.556 7.076 7.449 7.644 7.683 7.634 7.485 7.343 7.283 7.229 7.172 7.095 6.955 6.710 6.324 5.772 5.079 4.261 3.454 2.763 2.182 1.700 1.308 0.989 0.739 0.546 0.400 0.291 0.210
0.000 0.000 0.000 0.000 0.000 0.000 0.000 0.000 0.000 0.000 0.000 0.000 0.002 0.005 0.012 0.020 0.033 0.050 0.075 0.109 0.157 0.223 0.295 0.349 0.388 0.419 0.445 0.470 0.494 0.518 0.543 0.569 0.599 0.641 0.704 0.799 0.934 1.119 1.367 1.684 2.070 2.542 3.101 3.845 4.775 5.736 6.539 7.223 7.751 8.126 8.348 8.447 8.448 8.343 8.111 7.825 7.667 7.584 7.499 7.378 7.172 6.859 6.406 5.804 5.089 4.274 3.474 2.785 2.200 1.712 1.315 0.995 0.745 0.551 0.405 0.293 0.211
0.000 0.000 0.000 0.000 0.000 0.000 0.000 0.000 0.000 0.000 0.000 0.001 0.003 0.008 0.017 0.031 0.051 0.078 0.115 0.168 0.238 0.328 0.413 0.476 0.526 0.566 0.600 0.631 0.661 0.691 0.722 0.754 0.788 0.840 0.918 1.035 1.205 1.444 1.769 2.194 2.725 3.389 4.198 5.180 6.164 7.022 7.725 8.295 8.703 8.986 9.111 9.144 9.108 8.972 8.694 8.305 8.026 7.893 7.770 7.597 7.333 6.957 6.441 5.809 5.088 4.271 3.473 2.781 2.195 1.708 1.310 0.992 0.742 0.549 0.404 0.293 0.211
0.000 0.000 0.000 0.000 0.000 0.000 0.000 0.000 0.000 0.000 0.000 0.001 0.003 0.009 0.020 0.038 0.066 0.108 0.168 0.246 0.349 0.468 0.569 0.649 0.710 0.759 0.800 0.838 0.874 0.909 0.946 0.982 1.022 1.081 1.173 1.314 1.530 1.842 2.264 2.805 3.482 4.340 5.360 6.426 7.331 8.064 8.667 9.126 9.448 9.659 9.742 9.747 9.674 9.505 9.208 8.783 8.411 8.189 7.998 7.762 7.433 6.997 6.442 5.799 5.063 4.231 3.440 2.748 2.167 1.684 1.290 0.976 0.730 0.541 0.397 0.289 0.209
0.000 0.000 0.000 0.000 0.000 0.000 0.000 0.000 0.000 0.000 0.000 0.001 0.004 0.010 0.021 0.041 0.073 0.127 0.214 0.340 0.499 0.655 0.782 0.881 0.956 1.013 1.060 1.103 1.142 1.180 1.219 1.260 1.307 1.372 1.471 1.633 1.895 2.279 2.800 3.469 4.295 5.287 6.394 7.431 8.256 8.874 9.377 9.757 10.013 10.158 10.213 10.211 10.115 9.930 9.637 9.201 8.760 8.458 8.189 7.872 7.464 6.979 6.406 5.736 4.975 4.136 3.357 2.680 2.110 1.636 1.252 0.946 0.707 0.524 0.387 0.282 0.205
0.000 0.000 0.000 0.000 0.000 0.000 0.000 0.000 0.000 0.000 0.000 0.001 0.003 0.009 0.021 0.041 0.074 0.133 0.235 0.411 0.668 0.907 1.067 1.188 1.277 1.342 1.392 1.433 1.473 1.512 1.552 1.597 1.650 1.713 1.805 1.960 2.228 2.647 3.239 4.016 4.984 6.110 7.247 8.228 8.974 9.491 9.904 10.207 10.406 10.515 10.545 10.534 10.443 10.270 9.979 9.545 9.051 8.665 8.305 7.911 7.433 6.902 6.292 5.590 4.806 3.981 3.228 2.575 2.023 1.565 1.196 0.904 0.677 0.503 0.372 0.272 0.198
0.000 0.000 0.000 0.000 0.000 0.000 0.000 0.000 0.000 0.000 0.000 0.001 0.002 0.007 0.017 0.036 0.069 0.126 0.232 0.425 0.758 1.177 1.441 1.583 1.685 1.755 1.804 1.843 1.879 1.918 1.956 1.998 2.042 2.092 2.168 2.286 2.510 2.928 3.558 4.418 5.534 6.793 7.895 8.806 9.497 9.959 10.271 10.499 10.637 10.717 10.730 10.715 10.640 10.486 10.213 9.791 9.264 8.795 8.358 7.895 7.352 6.766 6.086 5.349 4.545 3.761 3.047 2.428 1.904 1.472 1.124 0.851 0.641 0.478 0.354 0.259 0.187
0.000 0.000 0.000 0.000 0.000 0.000 0.000 0.000 0.000 0.000 0.000 0.000 0.001 0.004 0.010 0.022 0.047 0.094 0.187 0.377 0.737 1.319 1.833 2.071 2.189 2.265 2.313 2.346 2.376 2.407 2.437 2.461 2.482 2.508 2.559 2.626 2.783 3.152 3.774 4.684 5.905 7.284 8.367 9.210 9.839 10.272 10.501 10.660 10.764 10.824 10.821 10.793 10.737 10.600 10.341 9.943 9.420 8.881 8.378 7.842 7.239 6.568 5.806 5.002 4.198 3.461 2.804 2.235 1.756 1.361 1.043 0.793 0.599 0.448 0.331 0.243 0.176
0.000 0.000 0.000 0.000 0.000 0.000 0.000 0.000 0.000 0.000 0.000 0.000 0.000 0.001 0.003 0.008 0.018 0.039 0.092 0.237 0.587 1.256 2.096 2.581 2.785 2.877 2.919 2.946 2.969 2.986 2.993 2.988 2.976 2.977 2.991 3.019 3.105 3.385 3.963 4.860 6.098 7.562 8.696 9.477 10.048 10.428 10.641 10.731 10.805 10.833 10.827 10.805 10.752 10.616 10.382 10.018 9.509 8.917 8.345 7.731 7.082 6.308 5.449 4.581 3.793 3.104 2.508 2.002 1.580 1.234 0.953 0.730 0.553 0.413 0.305 0.222 0.160
0.000 0.000 0.000 0.000 0.000 0.000 0.000 0.000 0.000 0.000 0.000 0.000 0.000 0.000 0.001 0.002 0.005 0.012 0.028 0.094 0.349 1.042 2.178 2.986 3.352 3.541 3.624 3.644 3.649 3.641 3.621 3.586 3.539 3.509 3.501 3.512 3.543 3.709 4.192 5.029 6.214 7.709 8.889 9.614 10.128 10.447 10.686 10.782 10.811 10.822 10.816 10.784 10.722 10.598 10.390 10.035 9.537 8.923 8.284 7.589 6.851 5.986 5.060 4.201 3.448 2.794 2.237 1.774 1.397 1.095 0.852 0.658 0.500 0.374 0.274 0.198 0.142
0.000 0.000 0.000 0.000 0.000 0.000 0.000 0.000 0.000 0.000 0.000 0.000 0.000 0.000 0.001 0.002 0.003 0.006 0.013 0.038 0.178 0.752 2.010 3.197 3.784 4.098 4.289 4.374 4.389 4.371 4.326 4.257 4.186 4.141 4.124 4.123 4.136 4.212 4.534 5.237 6.309 7.753 8.953 9.660 10.142 10.428 10.656 10.789 10.818 10.785 10.720 10.625 10.550 10.472 10.311 9.985 9.523 8.905 8.215 7.426 6.569 5.642 4.719 3.891 3.169 2.544 2.015 1.581 1.233 0.959 0.744 0.576 0.439 0.330 0.243 0.176 0.126
0.000 0.000 0.000 0.000 0.000 0.000 0.000 0.000 0.000 0.000 0.000 0.000 0.000 0.000 0.001 0.002 0.004 0.007 0.012 0.028 0.105 0.507 1.672 3.161 4.021 4.499 4.810 5.008 5.106 5.135 5.109 5.026 4.944 4.901 4.883 4.882 4.895 4.944 5.136 5.648 6.519 7.761 8.924 9.648 10.126 10.403 10.612 10.692 10.713 10.657 10.499 10.263 10.115 10.075 9.999 9.799 9.426 8.854 8.139 7.277 6.320 5.340 4.435 3.633 2.936 2.336 1.830 1.417 1.088 0.833 0.635 0.485 0.372 0.285 0.213 0.156 0.111
0.000 0.000 0.000 0.000 0.000 0.000 0.000 0.000 0.000 0.000 0.000 0.000 0.000 0.001 0.002 0.004 0.007 0.011 0.017 0.033 0.089 0.351 1.277 2.873 4.068 4.727 5.181 5.522 5.755 5.866 5.887 5.856 5.805 5.784 5.786 5.804 5.842 5.909 6.041 6.347 6.938 7.856 8.875 9.596 10.061 10.325 10.467 10.507 10.509 10.416 10.115 9.672 9.392 9.348 9.347 9.315 9.128 8.691 8.007 7.126 6.100 5.089 4.199 3.415 2.738 2.158 1.671 1.275 0.962 0.719 0.533 0.395 0.298 0.232 0.178 0.131 0.091
0.000 0.000 0.000 0.000 0.000 0.000 0.000 0.000 0.000 0.000 0.000 0.000 0.001 0.002 0.004 0.008 0.014 0.022 0.034 0.055 0.107 0.287 0.932 2.336 3.880 4.806 5.390 5.866 6.236 6.481 6.592 6.616 6.617 6.632 6.660 6.702 6.763 6.856 7.000 7.221 7.577 8.135 8.911 9.540 9.920 10.140 10.221 10.218 10.156 9.995 9.627 9.007 8.500 8.331 8.398 8.493 8.485 8.263 7.702 6.870 5.856 4.857 3.999 3.237 2.565 1.997 1.526 1.147 0.848 0.614 0.437 0.307 0.216 0.156 0.115 0.081 0.050
0.000 0.000 0.000 0.000 0.000 0.000 0.000 0.000 0.000 0.000 0.000 0.000 0.001 0.004 0.009 0.018 0.032 0.050 0.073 0.106 0.163 0.309 0.746 1.787 3.409 4.706 5.481 6.091 6.600 6.958 7.176 7.277 7.315 7.343 7.379 7.427 7.500 7.573 7.697 7.881 8.125 8.463 8.934 9.425 9.737 9.875 9.912 9.867 9.764 9.536 9.142 8.534 7.891 7.493 7.398 7.460 7.515 7.459 7.099 6.413 5.518 4.600 3.808 3.079 2.407 1.841 1.385 1.023 0.737 0.513 0.343 0.216 0.128 0.075 0.045 0.026 0.014
0.000 0.000 0.000 0.000 0.000 0.000 0.000 0.000 0.000 0.000 0.000 0.001 0.003 0.008 0.021 0.043 0.074 0.110 0.152 0.202 0.270 0.391 0.699 1.453 2.845 4.402 5.438 6.191 6.834 7.318 7.641 7.815 7.893 7.926 7.952 7.989 8.052 8.097 8.177 8.331 8.496 8.692 8.981 9.312 9.494 9.550 9.548 9.485 9.337 9.103 8.715 8.157 7.485 6.952 6.640 6.511 6.426 6.331 6.116 5.656 4.971 4.181 3.466 2.805 2.189 1.653 1.222 0.882 0.611 0.395 0.231 0.121 0.060 0.029 0.014 0.007 0.003
0.000 0.000 0.000 0.000 0.000 0.000 0.000 0.000 0.000 0.000 0.001 0.002 0.006 0.019 0.049 0.101 0.162 0.224 0.288 0.358 0.441 0.554 0.781 1.345 2.471 4.023 5.248 6.156 6.912 7.526 7.949 8.211 8.342 8.386 8.394 8.406 8.435 8.460 8.492 8.589 8.679 8.777 8.921 9.126 9.224 9.230 9.216 9.117 8.940 8.703 8.317 7.787 7.166 6.569 6.119 5.786 5.486 5.192 4.877 4.503 4.015 3.395 2.748 2.178 1.682 1.247 0.886 0.603 0.383 0.217 0.109 0.050 0.022 0.010 0.005 0.002 0.001
0.000 0.000 0.000 0.000 0.000 0.000 0.000 0.000 0.000 0.000 0.001 0.004 0.013 0.043 0.112 0.215 0.315 0.405 0.494 0.590 0.694 0.813 0.993 1.424 2.334 3.700 4.986 6.040 6.920 7.654 8.194 8.518 8.666 8.705 8.699 8.682 8.677 8.676 8.689 8.705 8.728 8.779 8.836 8.902 8.948 8.936 8.885 8.766 8.563 8.300 7.917 7.420 6.837 6.208 5.663 5.196 4.741 4.291 3.828 3.329 2.800 2.253 1.704 1.241 0.877 0.599 0.393 0.244 0.141 0.074 0.035 0.016 0.007 0.004 0.002 0.001 0.001
0.000 0.000 0.000 0.000 0.000 0.000 0.000 0.000 0.000 0.000 0.002 0.008 0.029 0.094 0.226 0.397 0.532 0.655 0.781 0.915 1.054 1.197 1.369 1.697 2.415 3.553 4.820 5.923 6.867 7.663 8.275 8.669 8.875 8.905 8.901 8.854 8.822 8.786 8.772 8.732 8.723 8.710 8.683 8.639 8.651 8.627 8.526 8.344 8.125 7.860 7.481 7.020 6.452 5.804 5.180 4.618 4.084 3.560 3.025 2.443 1.850 1.319 0.884 0.558 0.335 0.197 0.116 0.066 0.036 0.019 0.010 0.005 0.003 0.002 0.001 0.001 0.001
0.000 0.000 0.000 0.000 0.000 0.000 0.000 0.000 0.000 0.001 0.002 0.011 0.045 0.149 0.349 0.603 0.796 0.971 1.154 1.342 1.533 1.723 1.922 2.201 2.731 3.614 4.765 5.878 6.831 7.636 8.283 8.708 8.951 8.991 9.011 8.922 8.863 8.806 8.766 8.720 8.641 8.538 8.431 8.348 8.308 8.232 8.112 7.914 7.683 7.384 6.984 6.518 5.967 5.306 4.624 4.008 3.437 2.879 2.308 1.698 1.132 0.694 0.395 0.212 0.108 0.056 0.030 0.016 0.009 0.005 0.003 0.002 0.001 0.001 0.001 0.001 0.000
0.000 0.000 0.000 0.000 0.000 0.000 0.000 0.000 0.000 0.001 0.002 0.011 0.050 0.172 0.416 0.748 1.056 1.335 1.607 1.873 2.126 2.373 2.621 2.908 3.318 3.958 4.870 5.916 6.846 7.634 8.261 8.713 8.965 9.011 9.053 8.965 8.897 8.829 8.746 8.631 8.477 8.252 8.060 7.958 7.860 7.733 7.578 7.381 7.111 6.787 6.389 5.906 5.359 4.701 3.978 3.319 2.724 2.134 1.528 0.978 0.565 0.296 0.145 0.069 0.032 0.015 0.008 0.005 0.003 0.002 0.001 0.001 0.001 0.001 0.000 0.000 0.000
0.000 0.000 0.000 0.000 0.000 0.000 0.000 0.000 0.000 0.000 0.002 0.010 0.047 0.171 0.437 0.833 1.281 1.724 2.133 2.508 2.846 3.157 3.457 3.762 4.111 4.583 5.243 6.092 6.948 7.683 8.269 8.687 8.932 9.009 9.031 8.957 8.882 8.780 8.638 8.437 8.190 7.874 7.605 7.442 7.291 7.120 6.925 6.686 6.379 6.035 5.632 5.161 4.608 3.961 3.226 2.501 1.842 1.250 0.763 0.413 0.200 0.091 0.041 0.019 0.009 0.004 0.002 0.002 0.001 0.001 0.001 0.001 0.000 0.000 0.000 0.000 0.000
0.000 0.000 0.000 0.000 0.000 0.000 0.000 0.000 0.000 0.000 0.001 0.007 0.037 0.152 0.429 0.883 1.464 2.111 2.724 3.246 3.693 4.079 4.421 4.749 5.087 5.457 5.916 6.529 7.225 7.839 8.347 8.710 8.932 9.003 9.001 8.921 8.819 8.662 8.453 8.180 7.833 7.429 7.052 6.780 6.526 6.278 6.046 5.749 5.430 5.080 4.679 4.238 3.715 3.093 2.365 1.654 1.061 0.601 0.292 0.123 0.049 0.021 0.010 0.004 0.002 0.001 0.001 0.001 0.000 0.000 0.000 0.000 0.000 0.000 0.000 0.000 0.000
0.000 0.000 0.000 0.000 0.000 0.000 0.000 0.000 0.000 0.000 0.001 0.004 0.023 0.116 0.397 0.916 1.624 2.453 3.336 4.091 4.682 5.162 5.555 5.898 6.213 6.504 6.810 7.196 7.691 8.139 8.511 8.768 8.934 8.980 8.975 8.862 8.688 8.471 8.185 7.816 7.414 6.902 6.401 6.010 5.640 5.295 4.984 4.642 4.306 3.941 3.562 3.164 2.698 2.122 1.478 0.916 0.496 0.227 0.087 0.030 0.011 0.004 0.002 0.001 0.001 0.000 0.000 0.000 0.000 0.000 0.000 0.000 0.000 0.000 0.000 0.000 0.000
0.000 0.000 0.000 0.000 0.000 0.000 0.000 0.000 0.000 0.000 0.001 0.002 0.015 0.087 0.357 0.932 1.766 2.738 3.839 4.926 5.788 6.406 6.851 7.202 7.470 7.679 7.873 8.091 8.370 8.609 8.816 8.940 9.054 9.026 8.945 8.781 8.515 8.203 7.824 7.384 6.909 6.313 5.724 5.240 4.807 4.410 4.042 3.658 3.285 2.894 2.500 2.103 1.672 1.194 0.735 0.390 0.173 0.065 0.022 0.007 0.002 0.001 0.001 0.000 0.000 0.000 0.000 0.000 0.000 0.000 0.000 0.000 0.000 0.000 0.000 0.000 0.000
0.000 0.000 0.000 0.000 0.000 0.000 0.000 0.000 0.000 0.000 0.001 0.002 0.014 0.078 0.343 0.956 1.882 2.955 4.179 5.551 6.753 7.630 8.233 8.635 8.894 9.021 9.075 9.130 9.194 9.227 9.226 9.188 9.141 8.986 8.809 8.603 8.260 7.862 7.392 6.898 6.382 5.780 5.142 4.585 4.096 3.658 3.254 2.849 2.453 2.054 1.652 1.256 0.879 0.538 0.277 0.119 0.044 0.015 0.005 0.001 0.001 0.000 0.000 0.000 0.000 0.000 0.000 0.000 0.000 0.000 0.000 0.000 0.000 0.000 0.000 0.000 0.000
0.000 0.000 0.000 0.000 0.000 0.000 0.000 0.000 0.000 0.000 0.001 0.002 0.014 0.080 0.360 1.007 1.972 3.080 4.366 5.909 7.467 8.657 9.481 9.963 10.201 10.288 10.314 10.232 10.086 9.899 9.636 9.412 9.144 8.840 8.503 8.191 7.811 7.399 6.914 6.396 5.866 5.292 4.648 4.025 3.485 3.019 2.597 2.186 1.787 1.401 1.028 0.683 0.397 0.195 0.080 0.029 0.010 0.003 0.001 0.000 0.000 0.000 0.000 0.000 0.000 0.000 0.000 0.000 0.000 0.000 0.000 0.000 0.000 0.000 0.000 0.000 0.000
0.000 0.000 0.000 0.000 0.000 0.000 0.000 0.000 0.000 0.000 0.001 0.003 0.016 0.095 0.416 1.087 2.027 3.119 4.437 6.062 7.908 9.410 10.436 11.031 11.302 11.358 11.331 11.125 10.810 10.419 9.955 9.540 9.052 8.533 7.959 7.469 7.057 6.659 6.238 5.759 5.277 4.774 4.181 3.515 2.937 2.454 2.033 1.638 1.261 0.909 0.595 0.339 0.161 0.063 0.022 0.007 0.002 0.001 0.000 0.000 0.000 0.000 0.000 0.000 0.000 0.000 0.000 0.000 0.000 0.000 0.000 0.000 0.000 0.000 0.000 0.000 0.000
0.000 0.000 0.000 0.001 0.001 0.001 0.001 0.001 0.002 0.002 0.002 0.005 0.021 0.118 0.468 1.139 2.038 3.119 4.452 6.098 8.075 9.867 11.138 11.839 12.095 12.088 11.995 11.699 11.240 10.680 10.082 9.476 8.809 8.045 7.204 6.511 6.011 5.603 5.209 4.800 4.413 4.038 3.600 3.006 2.406 1.921 1.516 1.162 0.837 0.546 0.311 0.149 0.059 0.019 0.006 0.002 0.001 0.000 0.000 0.000 0.000 0.000 0.000 0.000 0.000 0.000 0.000 0.000 0.000 0.000 0.000 0.000 0.000 0.000 0.000 0.000 0.000
0.001 0.001 0.002 0.002 0.002 0.002 0.002 0.003 0.003 0.004 0.005 0.008 0.024 0.124 0.479 1.139 2.006 3.063 4.395 6.056 8.056 9.964 11.376 12.178 12.490 12.467 12.339 11.954 11.417 10.789 10.042 9.199 8.343 7.373 6.322 5.416 4.729 4.212 3.766 3.387 3.100 2.898 2.691 2.335 1.845 1.384 1.013 0.720 0.476 0.277 0.135 0.054 0.018 0.005 0.001 0.001 0.000 0.000 0.000 0.000 0.000 0.000 0.000 0.000 0.000 0.000 0.000 0.000 0.000 0.000 0.000 0.000 0.000 0.000 0.000 0.000 0.000
