RESULTS/r.avaflow_results/33_results/33_ascii/33_hflow10025.asc
ncols 506
nrows 317
xllcenter 498237.50
yllcenter 5580050.00
cellsize 12.50
NODATA_value -9999.000
[rows 170 to 203 of 317, columns 77 to 153 of 506]
0.000 0.000 0.000 0.000 0.000 0.000 0.000 0.000 0.000 0.000 0.000 0.000 0.000 0.000 0.000 0.000 0.001 0.001 0.002 0.003 0.003 0.005 0.008 0.019 0.043 0.073 0.090 0.100 0.108 0.116 0.124 0.133 0.141 0.150 0.164 0.191 0.238 0.304 0.347 0.360 0.357 0.333 0.299 0.293 0.324 0.415 0.551 0.708 0.893 1.155 1.565 2.245 3.327 4.408 4.961 5.092 5.113 5.184 5.295 5.358 5.371 5.325 5.162 4.875 4.431 3.849 3.150 2.506 1.973 1.532 1.177 0.898 0.681 0.513 0.383 0.284 0.209
0.000 0.000 0.000 0.000 0.000 0.000 0.000 0.000 0.000 0.000 0.000 0.000 0.000 0.000 0.001 0.002 0.004 0.005 0.007 0.009 0.012 0.017 0.029 0.053 0.090 0.120 0.135 0.146 0.156 0.166 0.177 0.188 0.199 0.213 0.236 0.277 0.345 0.433 0.492 0.515 0.516 0.494 0.468 0.485 0.605 0.851 1.166 1.509 1.917 2.444 3.141 4.050 4.975 5.551 5.759 5.780 5.793 5.828 5.891 5.913 5.894 5.807 5.594 5.237 4.718 4.051 3.292 2.624 2.072 1.618 1.252 0.963 0.734 0.554 0.415 0.308 0.227
0.000 0.000 0.000 0.000 0.000 0.000 0.000 0.000 0.000 0.000 0.000 0.000 0.000 0.001 0.003 0.006 0.009 0.013 0.019 0.025 0.033 0.048 0.075 0.116 0.154 0.179 0.193 0.206 0.219 0.232 0.246 0.261 0.277 0.298 0.332 0.388 0.475 0.584 0.671 0.724 0.747 0.749 0.760 0.872 1.176 1.648 2.186 2.762 3.457 4.237 4.983 5.636 6.084 6.287 6.343 6.363 6.383 6.385 6.390 6.376 6.321 6.183 5.914 5.491 4.905 4.170 3.384 2.709 2.151 1.689 1.316 1.014 0.773 0.583 0.437 0.325 0.240
0.000 0.000 0.000 0.000 0.000 0.000 0.000 0.000 0.000 0.000 0.000 0.000 0.001 0.003 0.007 0.011 0.018 0.027 0.038 0.053 0.073 0.104 0.151 0.199 0.232 0.252 0.269 0.285 0.302 0.319 0.337 0.357 0.379 0.409 0.455 0.526 0.629 0.760 0.891 1.000 1.086 1.158 1.271 1.568 2.112 2.823 3.595 4.389 5.183 5.877 6.421 6.775 6.923 6.949 6.927 6.897 6.882 6.851 6.814 6.769 6.669 6.477 6.147 5.659 5.012 4.228 3.442 2.770 2.209 1.741 1.360 1.047 0.798 0.603 0.451 0.336 0.249
0.000 0.000 0.000 0.000 0.000 0.000 0.000 0.000 0.000 0.000 0.000 0.001 0.003 0.007 0.013 0.021 0.032 0.047 0.068 0.095 0.133 0.185 0.246 0.294 0.324 0.347 0.368 0.389 0.409 0.431 0.453 0.479 0.509 0.549 0.608 0.695 0.817 0.974 1.162 1.357 1.555 1.765 2.069 2.606 3.378 4.283 5.163 5.938 6.604 7.121 7.484 7.659 7.692 7.642 7.510 7.377 7.306 7.240 7.171 7.074 6.934 6.688 6.302 5.759 5.062 4.251 3.473 2.806 2.242 1.772 1.382 1.065 0.812 0.614 0.460 0.343 0.253
0.000 0.000 0.000 0.000 0.000 0.000 0.000 0.000 0.000 0.000 0.000 0.002 0.006 0.012 0.021 0.034 0.052 0.076 0.109 0.153 0.213 0.288 0.357 0.406 0.441 0.470 0.496 0.522 0.548 0.574 0.602 0.633 0.670 0.721 0.794 0.901 1.050 1.248 1.503 1.811 2.162 2.568 3.125 3.918 4.861 5.777 6.564 7.206 7.730 8.101 8.327 8.413 8.406 8.312 8.090 7.826 7.669 7.572 7.479 7.344 7.150 6.837 6.389 5.796 5.073 4.255 3.484 2.818 2.254 1.780 1.387 1.070 0.817 0.618 0.464 0.346 0.255
0.000 0.000 0.000 0.000 0.000 0.000 0.000 0.000 0.000 0.000 0.000 0.002 0.007 0.016 0.030 0.049 0.077 0.115 0.165 0.232 0.320 0.416 0.493 0.549 0.593 0.629 0.661 0.692 0.723 0.755 0.789 0.825 0.868 0.929 1.018 1.148 1.336 1.595 1.938 2.372 2.902 3.539 4.376 5.379 6.309 7.076 7.724 8.234 8.633 8.901 9.031 9.062 9.027 8.899 8.644 8.282 8.019 7.874 7.741 7.569 7.317 6.935 6.428 5.801 5.071 4.249 3.479 2.814 2.250 1.774 1.383 1.067 0.813 0.617 0.463 0.345 0.254
0.000 0.000 0.000 0.000 0.000 0.000 0.000 0.000 0.000 0.000 0.000 0.002 0.008 0.018 0.035 0.060 0.099 0.156 0.235 0.336 0.462 0.580 0.671 0.740 0.792 0.834 0.872 0.909 0.945 0.981 1.020 1.061 1.109 1.178 1.282 1.440 1.680 2.019 2.466 3.028 3.710 4.537 5.619 6.719 7.559 8.155 8.655 9.043 9.336 9.526 9.603 9.605 9.547 9.399 9.131 8.740 8.389 8.161 7.958 7.729 7.412 6.969 6.428 5.787 5.039 4.208 3.441 2.782 2.220 1.749 1.362 1.049 0.800 0.607 0.457 0.341 0.252
0.000 0.000 0.000 0.000 0.000 0.000 0.000 0.000 0.000 0.000 0.000 0.002 0.008 0.019 0.036 0.064 0.109 0.181 0.293 0.454 0.644 0.792 0.907 0.991 1.053 1.101 1.142 1.181 1.219 1.257 1.298 1.344 1.398 1.473 1.586 1.756 2.024 2.416 2.941 3.605 4.407 5.389 6.664 7.825 8.576 9.005 9.367 9.659 9.867 9.988 10.033 10.030 9.953 9.793 9.530 9.143 8.743 8.428 8.131 7.819 7.440 6.956 6.386 5.726 4.944 4.111 3.361 2.713 2.163 1.701 1.322 1.017 0.776 0.591 0.446 0.334 0.247
0.000 0.000 0.000 0.000 0.000 0.000 0.000 0.000 0.000 0.000 0.000 0.002 0.008 0.018 0.036 0.064 0.111 0.190 0.321 0.535 0.832 1.070 1.215 1.318 1.390 1.442 1.483 1.520 1.556 1.594 1.634 1.682 1.740 1.814 1.916 2.063 2.315 2.728 3.299 4.045 4.965 6.089 7.447 8.645 9.338 9.650 9.887 10.085 10.222 10.297 10.324 10.309 10.232 10.082 9.833 9.458 9.018 8.629 8.260 7.860 7.412 6.887 6.273 5.579 4.773 3.956 3.234 2.607 2.074 1.628 1.263 0.972 0.745 0.569 0.431 0.323 0.240
0.000 0.000 0.000 0.000 0.000 0.000 0.000 0.000 0.000 0.000 0.000 0.002 0.006 0.015 0.031 0.059 0.106 0.184 0.319 0.553 0.931 1.365 1.613 1.733 1.814 1.867 1.905 1.935 1.965 2.000 2.038 2.081 2.131 2.191 2.269 2.373 2.573 2.968 3.558 4.363 5.393 6.639 7.973 9.151 9.864 10.105 10.229 10.343 10.441 10.481 10.490 10.476 10.408 10.270 10.036 9.676 9.218 8.766 8.327 7.858 7.336 6.747 6.074 5.330 4.518 3.741 3.056 2.462 1.956 1.534 1.190 0.919 0.707 0.542 0.411 0.308 0.229
0.000 0.000 0.000 0.000 0.000 0.000 0.000 0.000 0.000 0.000 0.000 0.001 0.003 0.008 0.019 0.041 0.080 0.148 0.273 0.506 0.912 1.525 2.024 2.242 2.332 2.384 2.416 2.439 2.460 2.485 2.514 2.540 2.568 2.600 2.649 2.703 2.834 3.173 3.749 4.584 5.703 7.059 8.314 9.378 10.133 10.398 10.426 10.469 10.540 10.564 10.559 10.534 10.481 10.365 10.147 9.806 9.350 8.852 8.351 7.813 7.233 6.559 5.802 4.979 4.175 3.454 2.823 2.275 1.809 1.421 1.107 0.858 0.663 0.508 0.385 0.288 0.214
0.000 0.000 0.000 0.000 0.000 0.000 0.000 0.000 0.000 0.000 0.000 0.000 0.001 0.003 0.007 0.016 0.035 0.073 0.157 0.351 0.760 1.473 2.293 2.754 2.932 3.003 3.026 3.037 3.046 3.054 3.061 3.058 3.052 3.056 3.069 3.088 3.149 3.395 3.929 4.760 5.921 7.359 8.579 9.501 10.171 10.502 10.523 10.538 10.570 10.576 10.565 10.547 10.500 10.375 10.175 9.863 9.416 8.880 8.326 7.732 7.090 6.325 5.457 4.583 3.810 3.132 2.552 2.054 1.638 1.295 1.015 0.792 0.614 0.471 0.357 0.268 0.199
0.000 0.000 0.000 0.000 0.000 0.000 0.000 0.000 0.000 0.000 0.000 0.000 0.000 0.001 0.002 0.005 0.011 0.023 0.056 0.158 0.484 1.251 2.381 3.145 3.488 3.654 3.718 3.721 3.714 3.702 3.676 3.640 3.596 3.568 3.558 3.563 3.576 3.709 4.150 4.933 6.063 7.526 8.737 9.546 10.114 10.470 10.549 10.573 10.584 10.570 10.543 10.509 10.460 10.359 10.182 9.867 9.432 8.887 8.283 7.619 6.895 6.036 5.116 4.264 3.520 2.872 2.321 1.858 1.474 1.164 0.915 0.719 0.560 0.432 0.331 0.251 0.188
0.000 0.000 0.000 0.000 0.000 0.000 0.000 0.000 0.000 0.000 0.000 0.000 0.000 0.000 0.001 0.002 0.005 0.010 0.021 0.065 0.259 0.921 2.214 3.338 3.896 4.189 4.355 4.425 4.434 4.410 4.359 4.286 4.216 4.170 4.151 4.146 4.146 4.197 4.487 5.151 6.198 7.615 8.810 9.539 10.026 10.353 10.516 10.581 10.559 10.512 10.433 10.343 10.303 10.250 10.114 9.831 9.420 8.877 8.230 7.487 6.666 5.747 4.835 4.014 3.291 2.667 2.134 1.691 1.329 1.039 0.811 0.635 0.498 0.392 0.307 0.237 0.180
0.000 0.000 0.000 0.000 0.000 0.000 0.000 0.000 0.000 0.000 0.000 0.000 0.000 0.000 0.001 0.002 0.005 0.009 0.017 0.042 0.152 0.633 1.860 3.293 4.114 4.568 4.861 5.042 5.125 5.139 5.103 5.017 4.932 4.884 4.862 4.859 4.866 4.899 5.072 5.556 6.410 7.630 8.777 9.488 9.922 10.220 10.388 10.495 10.472 10.400 10.208 9.990 9.907 9.884 9.830 9.651 9.318 8.815 8.160 7.373 6.472 5.505 4.603 3.803 3.101 2.494 1.976 1.546 1.198 0.921 0.704 0.542 0.426 0.345 0.281 0.223 0.172
0.000 0.000 0.000 0.000 0.000 0.000 0.000 0.000 0.000 0.000 0.000 0.000 0.000 0.001 0.002 0.004 0.007 0.011 0.020 0.043 0.120 0.445 1.440 3.012 4.157 4.790 5.216 5.524 5.733 5.833 5.849 5.807 5.746 5.717 5.710 5.723 5.757 5.820 5.951 6.251 6.834 7.741 8.716 9.392 9.804 10.058 10.208 10.274 10.252 10.137 9.845 9.432 9.226 9.196 9.224 9.200 9.034 8.651 8.039 7.245 6.298 5.301 4.406 3.620 2.931 2.338 1.835 1.418 1.081 0.813 0.603 0.448 0.342 0.278 0.233 0.191 0.147
0.000 0.000 0.000 0.000 0.000 0.000 0.000 0.000 0.000 0.000 0.000 0.000 0.001 0.002 0.004 0.008 0.014 0.022 0.035 0.061 0.131 0.358 1.063 2.481 3.969 4.868 5.428 5.867 6.206 6.416 6.511 6.536 6.531 6.537 6.554 6.586 6.641 6.730 6.869 7.088 7.448 8.014 8.728 9.286 9.653 9.836 9.949 9.935 9.898 9.732 9.374 8.799 8.384 8.268 8.353 8.451 8.447 8.252 7.752 7.019 6.092 5.106 4.232 3.459 2.774 2.191 1.702 1.299 0.972 0.711 0.509 0.358 0.251 0.185 0.146 0.114 0.080
0.000 0.000 0.000 0.000 0.000 0.000 0.000 0.000 0.000 0.000 0.000 0.001 0.002 0.004 0.009 0.018 0.031 0.048 0.073 0.109 0.179 0.357 0.846 1.918 3.504 4.757 5.511 6.099 6.572 6.895 7.082 7.167 7.205 7.231 7.258 7.292 7.350 7.435 7.554 7.730 7.981 8.324 8.770 9.190 9.462 9.557 9.622 9.568 9.469 9.268 8.908 8.338 7.787 7.472 7.407 7.485 7.557 7.515 7.199 6.598 5.783 4.876 4.056 3.307 2.623 2.044 1.570 1.182 0.866 0.613 0.416 0.268 0.162 0.098 0.062 0.039 0.023
0.000 0.000 0.000 0.000 0.000 0.000 0.000 0.000 0.000 0.000 0.000 0.001 0.003 0.009 0.021 0.041 0.070 0.106 0.149 0.203 0.280 0.427 0.779 1.564 2.944 4.455 5.459 6.184 6.789 7.240 7.540 7.707 7.779 7.807 7.829 7.859 7.903 7.956 8.036 8.167 8.335 8.534 8.781 9.067 9.244 9.281 9.280 9.195 9.066 8.846 8.472 7.969 7.381 6.935 6.692 6.596 6.545 6.480 6.298 5.890 5.255 4.483 3.732 3.047 2.416 1.868 1.416 1.047 0.744 0.497 0.304 0.168 0.085 0.043 0.022 0.012 0.006
0.000 0.000 0.000 0.000 0.000 0.000 0.000 0.000 0.000 0.000 0.001 0.002 0.006 0.019 0.046 0.091 0.149 0.213 0.281 0.357 0.450 0.583 0.848 1.445 2.561 4.071 5.274 6.161 6.898 7.482 7.892 8.127 8.235 8.274 8.283 8.285 8.303 8.327 8.366 8.438 8.518 8.608 8.747 8.898 8.978 8.998 8.973 8.871 8.700 8.445 8.079 7.631 7.050 6.541 6.168 5.887 5.642 5.396 5.136 4.807 4.344 3.728 3.055 2.463 1.943 1.485 1.095 0.774 0.511 0.304 0.160 0.076 0.034 0.016 0.008 0.004 0.002
0.000 0.000 0.000 0.000 0.000 0.000 0.000 0.000 0.000 0.000 0.001 0.004 0.013 0.040 0.098 0.185 0.286 0.384 0.484 0.590 0.706 0.842 1.050 1.511 2.422 3.757 5.021 6.046 6.917 7.610 8.123 8.429 8.576 8.619 8.623 8.606 8.576 8.567 8.568 8.575 8.585 8.599 8.663 8.706 8.745 8.739 8.669 8.531 8.338 8.070 7.720 7.281 6.730 6.177 5.706 5.291 4.896 4.504 4.095 3.646 3.150 2.605 2.039 1.552 1.151 0.821 0.556 0.356 0.212 0.114 0.056 0.025 0.012 0.006 0.003 0.002 0.001
0.000 0.000 0.000 0.000 0.000 0.000 0.000 0.000 0.000 0.000 0.002 0.008 0.027 0.081 0.187 0.334 0.484 0.627 0.771 0.919 1.070 1.228 1.419 1.771 2.493 3.610 4.852 5.943 6.880 7.651 8.243 8.621 8.805 8.858 8.857 8.821 8.747 8.689 8.653 8.624 8.590 8.543 8.510 8.479 8.475 8.456 8.355 8.178 7.964 7.688 7.340 6.897 6.362 5.773 5.221 4.712 4.225 3.756 3.264 2.726 2.150 1.607 1.143 0.776 0.504 0.315 0.190 0.110 0.060 0.031 0.015 0.008 0.004 0.003 0.002 0.001 0.001
0.000 0.000 0.000 0.000 0.000 0.000 0.000 0.000 0.000 0.000 0.003 0.012 0.046 0.140 0.307 0.525 0.735 0.940 1.149 1.353 1.553 1.754 1.966 2.263 2.796 3.668 4.798 5.902 6.856 7.655 8.275 8.711 8.940 8.999 8.981 8.942 8.864 8.783 8.688 8.610 8.519 8.409 8.296 8.215 8.155 8.088 7.968 7.789 7.552 7.263 6.895 6.440 5.901 5.271 4.658 4.100 3.572 3.053 2.511 1.928 1.362 0.900 0.562 0.331 0.184 0.099 0.053 0.029 0.016 0.009 0.005 0.003 0.002 0.001 0.001 0.001 0.001
0.000 0.000 0.000 0.000 0.000 0.000 0.000 0.000 0.000 0.000 0.003 0.013 0.054 0.174 0.397 0.698 1.010 1.317 1.618 1.901 2.165 2.419 2.673 2.964 3.373 4.005 4.901 5.933 6.868 7.660 8.280 8.729 8.984 9.049 9.025 9.001 8.919 8.803 8.700 8.565 8.372 8.171 8.010 7.885 7.790 7.668 7.515 7.314 7.047 6.732 6.351 5.880 5.329 4.671 3.996 3.395 2.845 2.276 1.689 1.144 0.715 0.415 0.227 0.119 0.059 0.029 0.014 0.008 0.004 0.003 0.002 0.001 0.001 0.001 0.001 0.000 0.000
0.000 0.000 0.000 0.000 0.000 0.000 0.000 0.000 0.000 0.000 0.002 0.012 0.053 0.181 0.444 0.826 1.273 1.741 2.177 2.569 2.913 3.225 3.524 3.830 4.177 4.635 5.276 6.113 6.979 7.720 8.305 8.740 8.985 9.070 9.047 9.023 8.934 8.794 8.650 8.425 8.148 7.849 7.617 7.424 7.275 7.109 6.927 6.684 6.400 6.051 5.661 5.181 4.617 3.954 3.214 2.517 1.894 1.328 0.853 0.501 0.272 0.140 0.071 0.036 0.017 0.008 0.004 0.002 0.001 0.001 0.001 0.001 0.001 0.000 0.000 0.000 0.000
0.000 0.000 0.000 0.000 0.000 0.000 0.000 0.000 0.000 0.000 0.002 0.010 0.045 0.172 0.459 0.920 1.505 2.174 2.814 3.352 3.806 4.190 4.530 4.845 5.160 5.513 5.959 6.547 7.247 7.891 8.398 8.791 9.011 9.112 9.076 9.015 8.909 8.738 8.527 8.237 7.881 7.473 7.133 6.867 6.632 6.392 6.150 5.859 5.549 5.183 4.782 4.309 3.759 3.106 2.347 1.647 1.074 0.630 0.328 0.154 0.072 0.036 0.018 0.009 0.004 0.002 0.001 0.001 0.001 0.000 0.000 0.000 0.000 0.000 0.000 0.000 0.000
0.000 0.000 0.000 0.000 0.000 0.000 0.000 0.000 0.000 0.000 0.001 0.006 0.033 0.146 0.451 0.990 1.713 2.566 3.488 4.272 4.870 5.335 5.716 6.035 6.327 6.591 6.871 7.244 7.728 8.215 8.596 8.874 9.028 9.118 9.105 9.001 8.841 8.630 8.344 7.980 7.559 7.066 6.602 6.224 5.878 5.535 5.209 4.863 4.512 4.124 3.718 3.275 2.766 2.151 1.490 0.934 0.516 0.246 0.102 0.040 0.017 0.008 0.004 0.002 0.001 0.001 0.000 0.000 0.000 0.000 0.000 0.000 0.000 0.000 0.000 0.000 0.000
0.000 0.000 0.000 0.000 0.000 0.000 0.000 0.000 0.000 0.000 0.001 0.004 0.025 0.121 0.434 1.043 1.894 2.889 4.025 5.143 6.025 6.645 7.069 7.392 7.636 7.811 7.974 8.180 8.429 8.697 8.916 9.091 9.157 9.159 9.112 8.954 8.724 8.430 8.076 7.655 7.185 6.618 6.053 5.570 5.128 4.708 4.305 3.904 3.499 3.078 2.647 2.212 1.750 1.246 0.778 0.423 0.197 0.079 0.029 0.010 0.004 0.002 0.001 0.001 0.000 0.000 0.000 0.000 0.000 0.000 0.000 0.000 0.000 0.000 0.000 0.000 0.000
0.000 0.000 0.000 0.000 0.000 0.000 0.000 0.000 0.000 0.000 0.001 0.004 0.023 0.114 0.433 1.093 2.042 3.131 4.372 5.763 6.962 7.839 8.432 8.813 9.052 9.173 9.217 9.270 9.314 9.338 9.330 9.351 9.268 9.128 9.005 8.800 8.512 8.158 7.733 7.254 6.739 6.152 5.542 4.982 4.469 3.995 3.543 3.102 2.664 2.228 1.792 1.367 0.964 0.601 0.321 0.146 0.058 0.022 0.007 0.002 0.001 0.000 0.000 0.000 0.000 0.000 0.000 0.000 0.000 0.000 0.000 0.000 0.000 0.000 0.000 0.000 0.000
0.000 0.000 0.000 0.000 0.000 0.000 0.000 0.000 0.000 0.000 0.001 0.004 0.023 0.120 0.463 1.167 2.158 3.278 4.572 6.116 7.626 8.794 9.596 10.072 10.310 10.384 10.383 10.342 10.212 10.021 9.774 9.560 9.298 9.002 8.723 8.435 8.100 7.738 7.287 6.802 6.271 5.700 5.070 4.450 3.884 3.374 2.896 2.434 1.989 1.563 1.156 0.783 0.470 0.243 0.107 0.042 0.015 0.005 0.002 0.001 0.000 0.000 0.000 0.000 0.000 0.000 0.000 0.000 0.000 0.000 0.000 0.000 0.000 0.000 0.000 0.000 0.000
0.000 0.000 0.000 0.000 0.000 0.000 0.000 0.000 0.000 0.000 0.001 0.005 0.027 0.148 0.540 1.269 2.232 3.332 4.648 6.255 8.032 9.481 10.491 11.054 11.328 11.388 11.333 11.213 10.921 10.536 10.104 9.674 9.231 8.717 8.219 7.780 7.401 7.051 6.636 6.198 5.716 5.202 4.605 3.949 3.344 2.812 2.331 1.879 1.450 1.055 0.704 0.414 0.208 0.088 0.033 0.011 0.004 0.001 0.000 0.000 0.000 0.000 0.000 0.000 0.000 0.000 0.000 0.000 0.000 0.000 0.000 0.000 0.000 0.000 0.000 0.000 0.000
0.000 0.001 0.001 0.001 0.002 0.002 0.002 0.002 0.002 0.002 0.003 0.008 0.038 0.188 0.616 1.341 2.250 3.328 4.652 6.277 8.187 9.878 11.086 11.755 12.022 12.061 11.991 11.766 11.327 10.808 10.234 9.626 9.020 8.270 7.522 6.906 6.436 6.044 5.668 5.285 4.906 4.511 4.042 3.444 2.820 2.279 1.807 1.387 1.005 0.667 0.392 0.197 0.083 0.030 0.010 0.003 0.001 0.000 0.000 0.000 0.000 0.000 0.000 0.000 0.000 0.000 0.000 0.000 0.000 0.000 0.000 0.000 0.000 0.000 0.000 0.000 0.000
0.001 0.002 0.003 0.003 0.003 0.003 0.003 0.003 0.003 0.004 0.005 0.011 0.043 0.203 0.641 1.353 2.230 3.293 4.618 6.248 8.178 9.968 11.304 12.085 12.410 12.430 12.338 12.028 11.519 10.930 10.215 9.419 8.599 7.660 6.682 5.867 5.234 4.745 4.347 3.993 3.717 3.478 3.214 2.815 2.278 1.744 1.289 0.916 0.609 0.361 0.184 0.078 0.028 0.009 0.003 0.001 0.000 0.000 0.000 0.000 0.000 0.000 0.000 0.000 0.000 0.000 0.000 0.000 0.000 0.000 0.000 0.000 0.000 0.000 0.000 0.000 0.000
