RESULTS/r.avaflow_results/33_results/33_ascii/33_hflow30032.asc
ncols 506
nrows 317
xllcenter 498237.50
yllcenter 5580050.00
cellsize 12.50
NODATA_value -9999.000
[rows 170 to 203 of 317, columns 154 to 230 of 506]
9.291 9.229 9.142 9.027 8.855 8.633 8.430 8.253 8.084 7.916 7.759 7.607 7.429 7.152 6.689 6.019 5.207 4.371 3.572 2.806 2.080 1.439 0.948 0.638 0.473 0.398 0.375 0.377 0.396 0.438 0.502 0.590 0.674 0.728 0.764 0.794 0.835 0.898 0.931 0.935 0.921 0.890 0.855 0.823 0.785 0.729 0.641 0.518 0.398 0.292 0.205 0.144 0.107 0.086 0.075 0.070 0.069 0.070 0.074 0.077 0.079 0.080 0.080 0.081 0.081 0.083 0.090 0.111 0.168 0.293 0.441 0.507 0.511 0.453 0.311 0.182 0.117
12.598 12.861 13.010 13.062 13.032 12.886 12.643 12.371 12.096 11.806 11.522 11.255 10.987 10.670 10.201 9.485 8.508 7.349 6.140 4.937 3.772 2.717 1.848 1.229 0.859 0.662 0.568 0.533 0.529 0.553 0.609 0.692 0.769 0.809 0.824 0.835 0.855 0.890 0.907 0.903 0.873 0.820 0.770 0.726 0.674 0.597 0.472 0.321 0.204 0.133 0.094 0.071 0.058 0.051 0.049 0.049 0.051 0.054 0.059 0.061 0.061 0.061 0.060 0.059 0.059 0.060 0.066 0.083 0.125 0.220 0.371 0.480 0.517 0.508 0.429 0.290 0.179
16.153 16.746 16.995 17.017 16.896 16.619 16.254 15.881 15.517 15.142 14.777 14.446 14.134 13.803 13.356 12.670 11.700 10.499 9.144 7.687 6.186 4.712 3.393 2.336 1.601 1.144 0.875 0.729 0.661 0.640 0.655 0.703 0.764 0.792 0.797 0.792 0.788 0.790 0.781 0.749 0.678 0.590 0.517 0.456 0.393 0.311 0.211 0.131 0.085 0.060 0.047 0.039 0.035 0.033 0.033 0.035 0.038 0.043 0.046 0.048 0.048 0.047 0.045 0.044 0.044 0.045 0.050 0.062 0.092 0.156 0.281 0.430 0.515 0.543 0.529 0.443 0.300
18.923 19.833 20.210 20.230 20.073 19.761 19.382 19.011 18.643 18.253 17.846 17.477 17.142 16.799 16.360 15.678 14.691 13.458 12.096 10.647 9.083 7.384 5.655 4.105 2.884 2.005 1.417 1.050 0.836 0.720 0.673 0.671 0.690 0.694 0.678 0.642 0.601 0.561 0.516 0.449 0.356 0.277 0.225 0.188 0.155 0.118 0.080 0.055 0.040 0.031 0.027 0.024 0.023 0.023 0.024 0.026 0.029 0.033 0.036 0.037 0.036 0.036 0.035 0.034 0.034 0.036 0.039 0.048 0.066 0.106 0.188 0.337 0.485 0.554 0.570 0.547 0.450
20.480 21.617 22.229 22.424 22.412 22.264 22.057 21.828 21.561 21.219 20.801 20.385 20.016 19.642 19.188 18.511 17.541 16.313 14.926 13.451 11.893 10.203 8.332 6.366 4.595 3.181 2.145 1.457 1.032 0.782 0.650 0.579 0.530 0.489 0.438 0.376 0.327 0.290 0.255 0.209 0.155 0.117 0.093 0.077 0.063 0.049 0.036 0.028 0.022 0.019 0.018 0.017 0.017 0.017 0.017 0.019 0.022 0.025 0.027 0.027 0.027 0.027 0.027 0.027 0.027 0.029 0.032 0.038 0.050 0.073 0.122 0.226 0.398 0.532 0.576 0.577 0.540
20.839 22.086 22.942 23.449 23.745 23.920 24.008 23.993 23.889 23.647 23.238 22.730 22.304 21.903 21.450 20.823 19.956 18.837 17.484 15.941 14.258 12.434 10.409 8.101 5.841 3.992 2.613 1.695 1.134 0.800 0.595 0.457 0.359 0.284 0.222 0.180 0.157 0.140 0.123 0.098 0.072 0.055 0.045 0.037 0.031 0.025 0.020 0.017 0.015 0.013 0.013 0.012 0.012 0.012 0.013 0.014 0.016 0.018 0.019 0.020 0.020 0.020 0.021 0.021 0.022 0.024 0.026 0.031 0.039 0.054 0.084 0.147 0.282 0.464 0.557 0.575 0.563
20.534 21.851 22.864 23.583 24.160 24.646 24.963 25.092 25.102 24.971 24.588 23.979 23.505 23.136 22.729 22.172 21.429 20.470 19.228 17.668 15.849 13.837 11.609 9.044 6.445 4.332 2.775 1.757 1.146 0.769 0.519 0.351 0.238 0.161 0.113 0.089 0.078 0.070 0.062 0.050 0.038 0.030 0.025 0.021 0.018 0.015 0.013 0.011 0.010 0.009 0.009 0.009 0.009 0.009 0.009 0.010 0.011 0.013 0.014 0.014 0.015 0.015 0.016 0.016 0.017 0.019 0.022 0.026 0.033 0.044 0.064 0.105 0.191 0.356 0.497 0.549 0.554
19.606 21.064 22.311 23.307 24.107 24.720 25.090 25.247 25.288 25.218 24.859 24.202 23.707 23.390 23.035 22.511 21.820 20.962 19.827 18.308 16.430 14.298 11.937 9.245 6.523 4.324 2.721 1.683 1.058 0.665 0.406 0.240 0.142 0.088 0.060 0.047 0.042 0.038 0.033 0.028 0.023 0.019 0.016 0.014 0.012 0.010 0.009 0.008 0.007 0.006 0.006 0.006 0.006 0.006 0.006 0.007 0.008 0.009 0.009 0.010 0.010 0.011 0.012 0.012 0.014 0.015 0.018 0.022 0.028 0.037 0.053 0.081 0.137 0.249 0.399 0.491 0.525
18.325 19.931 21.375 22.617 23.616 24.309 24.668 24.794 24.815 24.729 24.385 23.757 23.239 22.898 22.526 21.996 21.328 20.528 19.474 18.026 16.168 14.002 11.577 8.820 6.103 3.928 2.363 1.373 0.798 0.453 0.246 0.132 0.076 0.048 0.034 0.028 0.024 0.022 0.020 0.017 0.014 0.013 0.011 0.009 0.008 0.007 0.006 0.005 0.005 0.004 0.004 0.004 0.004 0.004 0.004 0.004 0.005 0.005 0.006 0.007 0.007 0.008 0.008 0.009 0.010 0.012 0.015 0.019 0.025 0.033 0.045 0.067 0.105 0.177 0.293 0.405 0.472
16.921 18.604 20.118 21.435 22.485 23.205 23.575 23.668 23.593 23.337 22.986 22.555 22.079 21.535 20.939 20.325 19.676 18.961 18.021 16.663 14.841 12.647 10.167 7.458 4.949 2.980 1.606 0.795 0.394 0.204 0.111 0.064 0.040 0.028 0.021 0.018 0.016 0.014 0.013 0.011 0.010 0.009 0.007 0.006 0.005 0.004 0.004 0.003 0.003 0.002 0.002 0.002 0.002 0.002 0.002 0.002 0.003 0.003 0.004 0.004 0.004 0.005 0.005 0.006 0.008 0.010 0.012 0.016 0.022 0.029 0.040 0.057 0.086 0.135 0.213 0.312 0.395
15.330 16.963 18.443 19.739 20.798 21.586 22.060 22.195 22.053 21.657 21.398 21.222 20.830 20.028 19.144 18.408 17.686 16.892 15.864 14.410 12.480 10.155 7.603 5.135 3.097 1.640 0.750 0.315 0.144 0.079 0.049 0.033 0.023 0.018 0.014 0.012 0.011 0.010 0.009 0.008 0.007 0.006 0.005 0.004 0.003 0.003 0.002 0.002 0.001 0.001 0.001 0.001 0.001 0.001 0.001 0.001 0.001 0.001 0.002 0.002 0.002 0.003 0.004 0.004 0.006 0.008 0.010 0.014 0.019 0.026 0.036 0.051 0.074 0.110 0.166 0.242 0.322
13.404 14.889 16.332 17.707 18.949 20.013 20.755 21.028 20.920 20.542 20.322 20.163 19.714 18.768 17.779 16.967 16.118 15.041 13.587 11.688 9.303 6.663 4.278 2.533 1.375 0.659 0.272 0.109 0.055 0.035 0.025 0.019 0.015 0.012 0.010 0.009 0.008 0.007 0.006 0.005 0.004 0.004 0.003 0.002 0.002 0.001 0.001 0.001 0.000 0.000 0.000 0.000 0.000 0.000 0.000 0.000 0.000 0.000 0.001 0.001 0.001 0.001 0.002 0.003 0.004 0.006 0.008 0.012 0.017 0.023 0.033 0.047 0.068 0.098 0.141 0.200 0.271
11.254 12.619 14.064 15.589 17.109 18.459 19.445 19.873 19.843 19.540 19.215 18.851 18.216 17.239 16.266 15.384 14.376 12.962 10.966 8.334 5.522 3.199 1.702 0.864 0.424 0.196 0.085 0.041 0.026 0.019 0.016 0.013 0.010 0.009 0.007 0.006 0.005 0.004 0.004 0.003 0.003 0.002 0.002 0.001 0.001 0.000 0.000 0.000 0.000 0.000 0.000 0.000 0.000 0.000 0.000 0.000 0.000 0.000 0.000 0.000 0.000 0.001 0.001 0.002 0.003 0.004 0.007 0.010 0.015 0.022 0.031 0.045 0.065 0.093 0.130 0.177 0.235
9.319 10.580 11.925 13.419 15.011 16.449 17.549 18.108 18.176 17.895 17.292 16.488 15.583 14.649 13.724 12.725 11.445 9.583 6.962 4.239 2.219 1.012 0.426 0.196 0.102 0.055 0.031 0.020 0.015 0.013 0.011 0.009 0.007 0.006 0.005 0.004 0.003 0.003 0.002 0.002 0.001 0.001 0.001 0.000 0.000 0.000 0.000 0.000 0.000 0.000 0.000 0.000 0.000 0.000 0.000 0.000 0.000 0.000 0.000 0.000 0.000 0.000 0.000 0.001 0.002 0.003 0.006 0.009 0.014 0.021 0.030 0.044 0.064 0.091 0.125 0.164 0.209
7.504 8.596 9.702 10.868 12.073 13.216 14.216 14.812 14.944 14.692 13.929 12.759 11.539 10.459 9.361 8.131 6.588 4.641 2.662 1.268 0.508 0.187 0.083 0.049 0.032 0.022 0.016 0.013 0.010 0.009 0.007 0.006 0.005 0.004 0.003 0.003 0.002 0.001 0.001 0.001 0.000 0.000 0.000 0.000 0.000 0.000 0.000 0.000 0.000 0.000 0.000 0.000 0.000 0.000 0.000 0.000 0.000 0.000 0.000 0.000 0.000 0.000 0.000 0.000 0.001 0.002 0.005 0.008 0.012 0.019 0.029 0.044 0.064 0.091 0.122 0.157 0.194
5.564 6.289 6.830 7.267 7.694 8.212 8.880 9.397 9.572 9.437 8.796 7.611 6.206 5.059 4.117 3.239 2.283 1.279 0.561 0.205 0.079 0.041 0.027 0.021 0.016 0.013 0.011 0.009 0.007 0.006 0.005 0.004 0.003 0.003 0.002 0.001 0.001 0.001 0.000 0.000 0.000 0.000 0.000 0.000 0.000 0.000 0.000 0.000 0.000 0.000 0.000 0.000 0.000 0.000 0.000 0.000 0.000 0.000 0.000 0.000 0.000 0.000 0.000 0.000 0.001 0.002 0.004 0.007 0.011 0.018 0.028 0.043 0.063 0.089 0.120 0.152 0.187
3.096 3.274 3.330 3.324 3.327 3.413 3.653 3.903 4.000 3.958 3.665 3.050 2.210 1.536 1.085 0.754 0.447 0.204 0.083 0.040 0.025 0.019 0.015 0.013 0.011 0.009 0.008 0.006 0.005 0.004 0.003 0.003 0.002 0.001 0.001 0.000 0.000 0.000 0.000 0.000 0.000 0.000 0.000 0.000 0.000 0.000 0.000 0.000 0.000 0.000 0.000 0.000 0.000 0.000 0.000 0.000 0.000 0.000 0.000 0.000 0.000 0.000 0.000 0.000 0.000 0.001 0.003 0.005 0.010 0.016 0.026 0.040 0.060 0.085 0.115 0.149 0.185
1.202 1.156 1.108 1.044 0.984 0.959 0.989 1.043 1.059 1.040 0.947 0.747 0.471 0.287 0.193 0.130 0.076 0.041 0.025 0.018 0.014 0.012 0.010 0.009 0.007 0.006 0.005 0.004 0.003 0.003 0.002 0.001 0.001 0.000 0.000 0.000 0.000 0.000 0.000 0.000 0.000 0.000 0.000 0.000 0.000 0.000 0.000 0.000 0.000 0.000 0.000 0.000 0.000 0.000 0.000 0.000 0.000 0.000 0.000 0.000 0.000 0.000 0.000 0.000 0.000 0.001 0.002 0.004 0.008 0.014 0.023 0.036 0.054 0.079 0.109 0.148 0.190
0.336 0.298 0.279 0.264 0.246 0.232 0.227 0.226 0.222 0.212 0.190 0.146 0.091 0.061 0.045 0.034 0.024 0.018 0.014 0.012 0.010 0.008 0.007 0.006 0.005 0.004 0.003 0.003 0.002 0.001 0.001 0.000 0.000 0.000 0.000 0.000 0.000 0.000 0.000 0.000 0.000 0.000 0.000 0.000 0.000 0.000 0.000 0.000 0.000 0.000 0.000 0.000 0.000 0.000 0.000 0.000 0.000 0.000 0.000 0.000 0.000 0.000 0.000 0.000 0.000 0.000 0.001 0.003 0.006 0.011 0.018 0.030 0.046 0.070 0.104 0.150 0.208
0.093 0.084 0.081 0.079 0.075 0.069 0.065 0.062 0.058 0.055 0.049 0.040 0.030 0.024 0.020 0.016 0.014 0.011 0.009 0.008 0.007 0.006 0.005 0.004 0.003 0.003 0.002 0.001 0.001 0.000 0.000 0.000 0.000 0.000 0.000 0.000 0.000 0.000 0.000 0.000 0.000 0.000 0.000 0.000 0.000 0.000 0.000 0.000 0.000 0.000 0.000 0.000 0.000 0.000 0.000 0.000 0.000 0.000 0.000 0.000 0.000 0.000 0.000 0.000 0.000 0.000 0.001 0.002 0.004 0.007 0.013 0.022 0.037 0.060 0.096 0.150 0.225
0.035 0.033 0.033 0.032 0.032 0.030 0.028 0.026 0.024 0.023 0.021 0.019 0.016 0.014 0.012 0.011 0.009 0.008 0.007 0.005 0.005 0.004 0.003 0.002 0.002 0.001 0.001 0.000 0.000 0.000 0.000 0.000 0.000 0.000 0.000 0.000 0.000 0.000 0.000 0.000 0.000 0.000 0.000 0.000 0.000 0.000 0.000 0.000 0.000 0.000 0.000 0.000 0.000 0.000 0.000 0.000 0.000 0.000 0.000 0.000 0.000 0.000 0.000 0.000 0.000 0.000 0.000 0.001 0.002 0.005 0.009 0.015 0.026 0.046 0.081 0.138 0.221
0.018 0.018 0.018 0.018 0.017 0.016 0.015 0.015 0.014 0.013 0.013 0.012 0.011 0.010 0.008 0.007 0.006 0.005 0.004 0.003 0.003 0.002 0.002 0.001 0.001 0.000 0.000 0.000 0.000 0.000 0.000 0.000 0.000 0.000 0.000 0.000 0.000 0.000 0.000 0.000 0.000 0.000 0.000 0.000 0.000 0.000 0.000 0.000 0.000 0.000 0.000 0.000 0.000 0.000 0.000 0.000 0.000 0.000 0.000 0.000 0.000 0.000 0.000 0.000 0.000 0.000 0.000 0.000 0.001 0.003 0.006 0.010 0.017 0.030 0.055 0.103 0.183
0.012 0.011 0.011 0.011 0.011 0.010 0.010 0.009 0.009 0.008 0.008 0.008 0.007 0.006 0.006 0.005 0.004 0.003 0.003 0.002 0.001 0.001 0.001 0.000 0.000 0.000 0.000 0.000 0.000 0.000 0.000 0.000 0.000 0.000 0.000 0.000 0.000 0.000 0.000 0.000 0.000 0.000 0.000 0.000 0.000 0.000 0.000 0.000 0.000 0.000 0.000 0.000 0.000 0.000 0.000 0.000 0.000 0.000 0.000 0.000 0.000 0.000 0.000 0.000 0.000 0.000 0.000 0.000 0.001 0.002 0.004 0.006 0.011 0.018 0.031 0.057 0.108
0.008 0.007 0.007 0.007 0.007 0.006 0.006 0.006 0.006 0.005 0.005 0.005 0.005 0.004 0.004 0.003 0.002 0.002 0.001 0.001 0.001 0.000 0.000 0.000 0.000 0.000 0.000 0.000 0.000 0.000 0.000 0.000 0.000 0.000 0.000 0.000 0.000 0.000 0.000 0.000 0.000 0.000 0.000 0.000 0.000 0.000 0.000 0.000 0.000 0.000 0.000 0.000 0.000 0.000 0.000 0.000 0.000 0.000 0.000 0.000 0.000 0.000 0.000 0.000 0.000 0.000 0.000 0.000 0.000 0.001 0.002 0.004 0.007 0.011 0.018 0.030 0.051
0.005 0.005 0.005 0.004 0.004 0.004 0.004 0.003 0.003 0.003 0.003 0.003 0.003 0.002 0.002 0.001 0.001 0.001 0.000 0.000 0.000 0.000 0.000 0.000 0.000 0.000 0.000 0.000 0.000 0.000 0.000 0.000 0.000 0.000 0.000 0.000 0.000 0.000 0.000 0.000 0.000 0.000 0.000 0.000 0.000 0.000 0.000 0.000 0.000 0.000 0.000 0.000 0.000 0.000 0.000 0.000 0.000 0.000 0.000 0.000 0.000 0.000 0.000 0.000 0.000 0.000 0.000 0.000 0.000 0.000 0.001 0.002 0.004 0.007 0.011 0.017 0.026
0.003 0.003 0.003 0.002 0.002 0.002 0.002 0.002 0.002 0.002 0.001 0.001 0.001 0.001 0.001 0.001 0.000 0.000 0.000 0.000 0.000 0.000 0.000 0.000 0.000 0.000 0.000 0.000 0.000 0.000 0.000 0.000 0.000 0.000 0.000 0.000 0.000 0.000 0.000 0.000 0.000 0.000 0.000 0.000 0.000 0.000 0.000 0.000 0.000 0.000 0.000 0.000 0.000 0.000 0.000 0.000 0.000 0.000 0.000 0.000 0.000 0.000 0.000 0.000 0.000 0.000 0.000 0.000 0.000 0.000 0.000 0.001 0.002 0.004 0.006 0.010 0.015
0.001 0.001 0.001 0.001 0.001 0.001 0.001 0.001 0.001 0.000 0.000 0.000 0.000 0.000 0.000 0.000 0.000 0.000 0.000 0.000 0.000 0.000 0.000 0.000 0.000 0.000 0.000 0.000 0.000 0.000 0.000 0.000 0.000 0.000 0.000 0.000 0.000 0.000 0.000 0.000 0.000 0.000 0.000 0.000 0.000 0.000 0.000 0.000 0.000 0.000 0.000 0.000 0.000 0.000 0.000 0.000 0.000 0.000 0.000 0.000 0.000 0.000 0.000 0.000 0.000 0.000 0.000 0.000 0.000 0.000 0.000 0.000 0.001 0.002 0.004 0.006 0.009
0.000 0.000 0.000 0.000 0.000 0.000 0.000 0.000 0.000 0.000 0.000 0.000 0.000 0.000 0.000 0.000 0.000 0.000 0.000 0.000 0.000 0.000 0.000 0.000 0.000 0.000 0.000 0.000 0.000 0.000 0.000 0.000 0.000 0.000 0.000 0.000 0.000 0.000 0.000 0.000 0.000 0.000 0.000 0.000 0.000 0.000 0.000 0.000 0.000 0.000 0.000 0.000 0.000 0.000 0.000 0.000 0.000 0.000 0.000 0.000 0.000 0.000 0.000 0.000 0.000 0.000 0.000 0.000 0.000 0.000 0.000 0.000 0.000 0.001 0.002 0.003 0.005
0.000 0.000 0.000 0.000 0.000 0.000 0.000 0.000 0.000 0.000 0.000 0.000 0.000 0.000 0.000 0.000 0.000 0.000 0.000 0.000 0.000 0.000 0.000 0.000 0.000 0.000 0.000 0.000 0.000 0.000 0.000 0.000 0.000 0.000 0.000 0.000 0.000 0.000 0.000 0.000 0.000 0.000 0.000 0.000 0.000 0.000 0.000 0.000 0.000 0.000 0.000 0.000 0.000 0.000 0.000 0.000 0.000 0.000 0.000 0.000 0.000 0.000 0.000 0.000 0.000 0.000 0.000 0.000 0.000 0.000 0.000 0.000 0.000 0.000 0.001 0.002 0.003
0.000 0.000 0.000 0.000 0.000 0.000 0.000 0.000 0.000 0.000 0.000 0.000 0.000 0.000 0.000 0.000 0.000 0.000 0.000 0.000 0.000 0.000 0.000 0.000 0.000 0.000 0.000 0.000 0.000 0.000 0.000 0.000 0.000 0.000 0.000 0.000 0.000 0.000 0.000 0.000 0.000 0.000 0.000 0.000 0.000 0.000 0.000 0.000 0.000 0.000 0.000 0.000 0.000 0.000 0.000 0.000 0.000 0.000 0.000 0.000 0.000 0.000 0.000 0.000 0.000 0.000 0.000 0.000 0.000 0.000 0.000 0.000 0.000 0.000 0.000 0.001 0.001
0.000 0.000 0.000 0.000 0.000 0.000 0.000 0.000 0.000 0.000 0.000 0.000 0.000 0.000 0.000 0.000 0.000 0.000 0.000 0.000 0.000 0.000 0.000 0.000 0.000 0.000 0.000 0.000 0.000 0.000 0.000 0.000 0.000 0.000 0.000 0.000 0.000 0.000 0.000 0.000 0.000 0.000 0.000 0.000 0.000 0.000 0.000 0.000 0.000 0.000 0.000 0.000 0.000 0.000 0.000 0.000 0.000 0.000 0.000 0.000 0.000 0.000 0.000 0.000 0.000 0.000 0.000 0.000 0.000 0.000 0.000 0.000 0.000 0.000 0.000 0.000 0.000
0.000 0.000 0.000 0.000 0.000 0.000 0.000 0.000 0.000 0.000 0.000 0.000 0.000 0.000 0.000 0.000 0.000 0.000 0.000 0.000 0.000 0.000 0.000 0.000 0.000 0.000 0.000 0.000 0.000 0.000 0.000 0.000 0.000 0.000 0.000 0.000 0.000 0.000 0.000 0.000 0.000 0.000 0.000 0.000 0.000 0.000 0.000 0.000 0.000 0.000 0.000 0.000 0.000 0.000 0.000 0.000 0.000 0.000 0.000 0.000 0.000 0.000 0.000 0.000 0.000 0.000 0.000 0.000 0.000 0.000 0.000 0.000 0.000 0.000 0.000 0.000 0.000
0.000 0.000 0.000 0.000 0.000 0.000 0.000 0.000 0.000 0.000 0.000 0.000 0.000 0.000 0.000 0.000 0.000 0.000 0.000 0.000 0.000 0.000 0.000 0.000 0.000 0.000 0.000 0.000 0.000 0.000 0.000 0.000 0.000 0.000 0.000 0.000 0.000 0.000 0.000 0.000 0.000 0.000 0.000 0.000 0.000 0.000 0.000 0.000 0.000 0.000 0.000 0.000 0.000 0.000 0.000 0.000 0.000 0.000 0.000 0.000 0.000 0.000 0.000 0.000 0.000 0.000 0.000 0.000 0.000 0.000 0.000 0.000 0.000 0.000 0.000 0.000 0.000
0.000 0.000 0.000 0.000 0.000 0.000 0.000 0.000 0.000 0.000 0.000 0.000 0.000 0.000 0.000 0.000 0.000 0.000 0.000 0.000 0.000 0.000 0.000 0.000 0.000 0.000 0.000 0.000 0.000 0.000 0.000 0.000 0.000 0.000 0.000 0.000 0.000 0.000 0.000 0.000 0.000 0.000 0.000 0.000 0.000 0.000 0.000 0.000 0.000 0.000 0.000 0.000 0.000 0.000 0.000 0.000 0.000 0.000 0.000 0.000 0.000 0.000 0.000 0.000 0.000 0.000 0.000 0.000 0.000 0.000 0.000 0.000 0.000 0.000 0.000 0.000 0.000
