RESULTS/r.avaflow_results/33_results/33_ascii/33_hflow30049.asc
ncols 506
nrows 317
xllcenter 498237.50
yllcenter 5580050.00
cellsize 12.50
NODATA_value -9999.000
[rows 170 to 203 of 317, columns 154 to 230 of 506]
8.758 8.671 8.570 8.447 8.281 8.083 7.905 7.763 7.634 7.503 7.376 7.251 7.102 6.854 6.427 5.801 5.021 4.198 3.400 2.643 1.941 1.331 0.863 0.560 0.393 0.309 0.273 0.264 0.266 0.282 0.322 0.377 0.420 0.445 0.463 0.479 0.505 0.549 0.576 0.582 0.576 0.562 0.559 0.560 0.554 0.533 0.489 0.421 0.340 0.263 0.198 0.152 0.122 0.102 0.090 0.084 0.082 0.083 0.087 0.092 0.095 0.096 0.096 0.096 0.095 0.096 0.100 0.114 0.152 0.235 0.336 0.384 0.390 0.356 0.263 0.164 0.109
11.967 12.234 12.389 12.451 12.440 12.342 12.161 11.937 11.703 11.456 11.206 10.969 10.728 10.433 9.975 9.267 8.307 7.168 5.969 4.781 3.649 2.630 1.786 1.170 0.786 0.570 0.457 0.407 0.394 0.408 0.444 0.491 0.518 0.527 0.527 0.528 0.537 0.562 0.578 0.577 0.561 0.535 0.520 0.506 0.485 0.444 0.366 0.265 0.178 0.124 0.094 0.076 0.065 0.059 0.057 0.057 0.059 0.063 0.068 0.071 0.072 0.071 0.070 0.068 0.067 0.068 0.071 0.083 0.111 0.172 0.272 0.349 0.378 0.379 0.346 0.264 0.178
15.501 16.128 16.420 16.472 16.393 16.174 15.862 15.530 15.206 14.876 14.545 14.241 13.951 13.639 13.209 12.540 11.586 10.389 9.029 7.576 6.097 4.659 3.373 2.329 1.577 1.088 0.789 0.622 0.541 0.511 0.510 0.524 0.533 0.534 0.525 0.515 0.516 0.525 0.526 0.510 0.468 0.418 0.378 0.341 0.301 0.245 0.174 0.115 0.079 0.059 0.049 0.042 0.039 0.038 0.038 0.040 0.044 0.050 0.054 0.056 0.056 0.055 0.053 0.051 0.050 0.050 0.053 0.061 0.080 0.121 0.199 0.298 0.363 0.388 0.388 0.359 0.285
18.231 19.193 19.636 19.707 19.606 19.361 19.041 18.716 18.390 18.043 17.671 17.327 17.012 16.687 16.268 15.607 14.643 13.427 12.070 10.620 9.060 7.388 5.693 4.161 2.926 2.012 1.383 0.983 0.745 0.609 0.539 0.513 0.503 0.491 0.470 0.445 0.430 0.416 0.396 0.352 0.283 0.222 0.182 0.154 0.129 0.101 0.072 0.052 0.039 0.033 0.029 0.027 0.026 0.026 0.027 0.029 0.033 0.038 0.042 0.043 0.043 0.042 0.041 0.040 0.039 0.040 0.042 0.048 0.060 0.083 0.129 0.217 0.323 0.383 0.399 0.395 0.361
19.774 20.974 21.659 21.920 21.968 21.878 21.729 21.550 21.326 21.026 20.646 20.253 19.902 19.545 19.113 18.458 17.512 16.307 14.937 13.472 11.922 10.246 8.400 6.459 4.694 3.262 2.187 1.448 0.976 0.694 0.541 0.463 0.417 0.380 0.340 0.300 0.271 0.245 0.219 0.181 0.133 0.101 0.081 0.069 0.057 0.046 0.035 0.028 0.024 0.021 0.020 0.019 0.019 0.019 0.020 0.022 0.025 0.029 0.032 0.033 0.034 0.033 0.032 0.032 0.033 0.034 0.035 0.039 0.046 0.060 0.085 0.138 0.242 0.348 0.392 0.397 0.385
20.162 21.471 22.395 22.972 23.331 23.554 23.689 23.718 23.647 23.445 23.078 22.598 22.186 21.800 21.365 20.757 19.908 18.808 17.475 15.950 14.280 12.470 10.468 8.198 5.973 4.128 2.714 1.729 1.103 0.727 0.511 0.381 0.295 0.234 0.186 0.155 0.138 0.125 0.111 0.089 0.066 0.051 0.042 0.035 0.030 0.025 0.021 0.018 0.016 0.015 0.014 0.014 0.014 0.015 0.015 0.017 0.019 0.022 0.025 0.026 0.026 0.027 0.027 0.027 0.028 0.029 0.031 0.034 0.039 0.047 0.062 0.093 0.159 0.271 0.355 0.382 0.381
19.894 21.267 22.340 23.128 23.766 24.300 24.662 24.832 24.865 24.767 24.426 23.852 23.386 23.024 22.628 22.085 21.353 20.405 19.176 17.635 15.835 13.843 11.644 9.130 6.587 4.490 2.901 1.808 1.126 0.712 0.458 0.299 0.201 0.137 0.099 0.080 0.072 0.066 0.059 0.048 0.037 0.030 0.025 0.021 0.018 0.016 0.014 0.012 0.011 0.011 0.011 0.011 0.011 0.011 0.012 0.013 0.014 0.017 0.019 0.020 0.021 0.022 0.023 0.024 0.025 0.027 0.028 0.031 0.034 0.040 0.050 0.069 0.108 0.183 0.278 0.337 0.358
19.041 20.544 21.836 22.880 23.724 24.382 24.797 24.993 25.058 25.013 24.697 24.076 23.583 23.269 22.921 22.412 21.733 20.880 19.752 18.248 16.391 14.281 11.956 9.321 6.663 4.486 2.854 1.747 1.059 0.636 0.374 0.215 0.125 0.078 0.055 0.044 0.040 0.036 0.033 0.028 0.023 0.019 0.016 0.014 0.012 0.011 0.010 0.009 0.008 0.008 0.008 0.008 0.008 0.008 0.009 0.009 0.011 0.012 0.014 0.016 0.017 0.018 0.020 0.021 0.022 0.024 0.026 0.028 0.031 0.036 0.043 0.056 0.080 0.123 0.191 0.262 0.311
17.809 19.457 20.942 22.223 23.258 23.989 24.389 24.551 24.595 24.534 24.227 23.634 23.120 22.781 22.415 21.896 21.239 20.445 19.399 17.962 16.125 13.982 11.589 8.888 6.241 4.095 2.511 1.464 0.836 0.463 0.243 0.126 0.070 0.044 0.032 0.027 0.024 0.022 0.020 0.017 0.015 0.013 0.011 0.010 0.009 0.007 0.007 0.006 0.006 0.005 0.005 0.005 0.005 0.006 0.006 0.007 0.008 0.009 0.010 0.012 0.013 0.015 0.017 0.018 0.020 0.022 0.024 0.026 0.029 0.033 0.039 0.048 0.064 0.090 0.131 0.185 0.242
16.420 18.151 19.712 21.072 22.163 22.920 23.326 23.450 23.404 23.188 22.860 22.444 21.977 21.456 20.878 20.276 19.636 18.916 17.970 16.620 14.817 12.643 10.189 7.531 5.085 3.147 1.761 0.899 0.445 0.221 0.114 0.063 0.038 0.026 0.021 0.018 0.016 0.014 0.013 0.011 0.010 0.009 0.008 0.007 0.006 0.005 0.004 0.004 0.003 0.003 0.003 0.003 0.003 0.003 0.004 0.004 0.005 0.006 0.007 0.009 0.010 0.012 0.014 0.015 0.017 0.019 0.021 0.024 0.026 0.030 0.035 0.043 0.055 0.073 0.100 0.136 0.180
14.830 16.527 18.057 19.398 20.502 21.325 21.811 21.953 21.835 21.480 21.218 21.039 20.661 19.902 19.035 18.303 17.587 16.810 15.804 14.369 12.459 10.151 7.628 5.202 3.199 1.751 0.840 0.365 0.165 0.085 0.050 0.032 0.023 0.017 0.014 0.012 0.011 0.010 0.009 0.008 0.007 0.006 0.005 0.004 0.004 0.003 0.002 0.002 0.002 0.002 0.002 0.002 0.002 0.002 0.002 0.003 0.003 0.004 0.005 0.006 0.008 0.009 0.011 0.013 0.015 0.017 0.019 0.022 0.024 0.028 0.033 0.040 0.051 0.065 0.084 0.110 0.142
12.919 14.486 15.973 17.367 18.625 19.692 20.431 20.712 20.624 20.281 20.050 19.883 19.453 18.554 17.572 16.754 15.908 14.860 13.453 11.592 9.224 6.622 4.290 2.572 1.424 0.707 0.306 0.125 0.061 0.037 0.025 0.019 0.015 0.012 0.010 0.009 0.008 0.007 0.006 0.005 0.005 0.004 0.003 0.003 0.002 0.002 0.001 0.001 0.001 0.001 0.001 0.001 0.001 0.001 0.001 0.001 0.002 0.003 0.003 0.004 0.006 0.007 0.009 0.011 0.013 0.015 0.017 0.020 0.023 0.026 0.032 0.039 0.049 0.062 0.078 0.098 0.122
10.764 12.204 13.689 15.217 16.727 18.067 19.041 19.472 19.456 19.180 18.861 18.502 17.889 16.941 15.960 15.064 14.058 12.675 10.722 8.129 5.401 3.175 1.721 0.890 0.448 0.215 0.096 0.046 0.028 0.020 0.016 0.013 0.010 0.009 0.007 0.006 0.005 0.005 0.004 0.003 0.003 0.002 0.002 0.001 0.001 0.001 0.000 0.000 0.000 0.000 0.000 0.000 0.000 0.000 0.000 0.000 0.001 0.001 0.002 0.003 0.004 0.005 0.007 0.009 0.011 0.013 0.015 0.018 0.021 0.025 0.031 0.038 0.049 0.062 0.076 0.092 0.110
8.797 10.117 11.491 12.988 14.573 16.005 17.093 17.649 17.726 17.475 16.908 16.130 15.231 14.291 13.345 12.334 11.061 9.223 6.666 4.075 2.180 1.024 0.446 0.212 0.113 0.062 0.034 0.022 0.016 0.013 0.011 0.009 0.007 0.006 0.005 0.004 0.003 0.003 0.002 0.002 0.001 0.001 0.001 0.000 0.000 0.000 0.000 0.000 0.000 0.000 0.000 0.000 0.000 0.000 0.000 0.000 0.000 0.001 0.001 0.002 0.003 0.004 0.005 0.007 0.009 0.011 0.014 0.017 0.020 0.025 0.031 0.039 0.049 0.062 0.076 0.090 0.104
6.953 8.078 9.212 10.395 11.610 12.758 13.739 14.324 14.461 14.237 13.514 12.379 11.138 10.028 8.932 7.731 6.248 4.408 2.546 1.241 0.518 0.202 0.093 0.055 0.036 0.024 0.017 0.013 0.011 0.009 0.007 0.006 0.005 0.004 0.003 0.003 0.002 0.001 0.001 0.001 0.000 0.000 0.000 0.000 0.000 0.000 0.000 0.000 0.000 0.000 0.000 0.000 0.000 0.000 0.000 0.000 0.000 0.000 0.000 0.001 0.002 0.003 0.004 0.005 0.007 0.010 0.012 0.016 0.019 0.024 0.031 0.039 0.050 0.063 0.077 0.090 0.103
5.027 5.763 6.343 6.833 7.301 7.839 8.475 8.941 9.093 8.964 8.352 7.216 5.876 4.791 3.890 3.056 2.165 1.231 0.555 0.214 0.087 0.046 0.030 0.023 0.018 0.014 0.011 0.009 0.008 0.006 0.005 0.004 0.003 0.003 0.002 0.001 0.001 0.001 0.000 0.000 0.000 0.000 0.000 0.000 0.000 0.000 0.000 0.000 0.000 0.000 0.000 0.000 0.000 0.000 0.000 0.000 0.000 0.000 0.000 0.000 0.001 0.002 0.003 0.004 0.006 0.008 0.011 0.014 0.019 0.024 0.030 0.039 0.050 0.063 0.077 0.090 0.103
2.837 3.031 3.122 3.154 3.190 3.288 3.507 3.704 3.774 3.729 3.454 2.877 2.092 1.466 1.039 0.725 0.438 0.209 0.089 0.044 0.027 0.020 0.016 0.014 0.011 0.010 0.008 0.006 0.005 0.004 0.003 0.003 0.002 0.001 0.001 0.000 0.000 0.000 0.000 0.000 0.000 0.000 0.000 0.000 0.000 0.000 0.000 0.000 0.000 0.000 0.000 0.000 0.000 0.000 0.000 0.000 0.000 0.000 0.000 0.000 0.000 0.001 0.002 0.003 0.005 0.007 0.010 0.013 0.018 0.023 0.030 0.038 0.049 0.062 0.076 0.091 0.106
1.200 1.147 1.098 1.036 0.978 0.951 0.972 1.008 1.016 0.997 0.908 0.720 0.462 0.291 0.198 0.134 0.080 0.044 0.027 0.019 0.015 0.013 0.011 0.009 0.008 0.007 0.005 0.004 0.003 0.003 0.002 0.001 0.001 0.000 0.000 0.000 0.000 0.000 0.000 0.000 0.000 0.000 0.000 0.000 0.000 0.000 0.000 0.000 0.000 0.000 0.000 0.000 0.000 0.000 0.000 0.000 0.000 0.000 0.000 0.000 0.000 0.000 0.001 0.002 0.004 0.006 0.009 0.012 0.016 0.022 0.028 0.036 0.047 0.059 0.074 0.094 0.115
0.379 0.328 0.301 0.279 0.257 0.240 0.232 0.229 0.224 0.215 0.193 0.150 0.096 0.065 0.048 0.036 0.026 0.019 0.015 0.012 0.011 0.009 0.008 0.007 0.005 0.004 0.003 0.003 0.002 0.001 0.001 0.000 0.000 0.000 0.000 0.000 0.000 0.000 0.000 0.000 0.000 0.000 0.000 0.000 0.000 0.000 0.000 0.000 0.000 0.000 0.000 0.000 0.000 0.000 0.000 0.000 0.000 0.000 0.000 0.000 0.000 0.000 0.001 0.001 0.003 0.005 0.007 0.010 0.014 0.020 0.026 0.033 0.043 0.055 0.072 0.095 0.123
0.108 0.096 0.090 0.085 0.080 0.073 0.068 0.065 0.061 0.058 0.053 0.043 0.032 0.025 0.021 0.018 0.015 0.012 0.010 0.009 0.007 0.006 0.005 0.004 0.003 0.003 0.002 0.001 0.001 0.000 0.000 0.000 0.000 0.000 0.000 0.000 0.000 0.000 0.000 0.000 0.000 0.000 0.000 0.000 0.000 0.000 0.000 0.000 0.000 0.000 0.000 0.000 0.000 0.000 0.000 0.000 0.000 0.000 0.000 0.000 0.000 0.000 0.000 0.001 0.002 0.003 0.006 0.008 0.012 0.017 0.022 0.028 0.037 0.049 0.067 0.092 0.124
0.038 0.036 0.035 0.034 0.033 0.031 0.029 0.027 0.026 0.024 0.023 0.020 0.018 0.015 0.013 0.011 0.010 0.008 0.007 0.006 0.005 0.004 0.003 0.003 0.002 0.001 0.001 0.001 0.000 0.000 0.000 0.000 0.000 0.000 0.000 0.000 0.000 0.000 0.000 0.000 0.000 0.000 0.000 0.000 0.000 0.000 0.000 0.000 0.000 0.000 0.000 0.000 0.000 0.000 0.000 0.000 0.000 0.000 0.000 0.000 0.000 0.000 0.000 0.000 0.001 0.002 0.004 0.006 0.009 0.013 0.017 0.022 0.029 0.039 0.055 0.079 0.112
0.018 0.018 0.018 0.018 0.018 0.018 0.017 0.016 0.015 0.014 0.014 0.013 0.011 0.010 0.009 0.008 0.007 0.006 0.005 0.004 0.003 0.002 0.002 0.001 0.001 0.001 0.000 0.000 0.000 0.000 0.000 0.000 0.000 0.000 0.000 0.000 0.000 0.000 0.000 0.000 0.000 0.000 0.000 0.000 0.000 0.000 0.000 0.000 0.000 0.000 0.000 0.000 0.000 0.000 0.000 0.000 0.000 0.000 0.000 0.000 0.000 0.000 0.000 0.000 0.001 0.001 0.003 0.004 0.007 0.009 0.012 0.016 0.021 0.027 0.037 0.055 0.082
0.011 0.011 0.011 0.011 0.011 0.011 0.011 0.010 0.010 0.009 0.009 0.008 0.008 0.007 0.006 0.005 0.004 0.004 0.003 0.002 0.002 0.001 0.001 0.000 0.000 0.000 0.000 0.000 0.000 0.000 0.000 0.000 0.000 0.000 0.000 0.000 0.000 0.000 0.000 0.000 0.000 0.000 0.000 0.000 0.000 0.000 0.000 0.000 0.000 0.000 0.000 0.000 0.000 0.000 0.000 0.000 0.000 0.000 0.000 0.000 0.000 0.000 0.000 0.000 0.000 0.001 0.002 0.003 0.004 0.006 0.009 0.012 0.015 0.019 0.024 0.033 0.048
0.007 0.007 0.007 0.007 0.007 0.007 0.007 0.007 0.006 0.006 0.006 0.005 0.005 0.004 0.004 0.003 0.003 0.002 0.001 0.001 0.001 0.000 0.000 0.000 0.000 0.000 0.000 0.000 0.000 0.000 0.000 0.000 0.000 0.000 0.000 0.000 0.000 0.000 0.000 0.000 0.000 0.000 0.000 0.000 0.000 0.000 0.000 0.000 0.000 0.000 0.000 0.000 0.000 0.000 0.000 0.000 0.000 0.000 0.000 0.000 0.000 0.000 0.000 0.000 0.000 0.000 0.001 0.002 0.003 0.004 0.006 0.008 0.011 0.013 0.017 0.021 0.029
0.005 0.005 0.005 0.005 0.005 0.005 0.005 0.004 0.004 0.004 0.003 0.003 0.003 0.003 0.002 0.002 0.001 0.001 0.001 0.000 0.000 0.000 0.000 0.000 0.000 0.000 0.000 0.000 0.000 0.000 0.000 0.000 0.000 0.000 0.000 0.000 0.000 0.000 0.000 0.000 0.000 0.000 0.000 0.000 0.000 0.000 0.000 0.000 0.000 0.000 0.000 0.000 0.000 0.000 0.000 0.000 0.000 0.000 0.000 0.000 0.000 0.000 0.000 0.000 0.000 0.000 0.000 0.001 0.002 0.003 0.004 0.006 0.007 0.009 0.012 0.015 0.019
0.003 0.003 0.003 0.003 0.003 0.003 0.003 0.002 0.002 0.002 0.002 0.002 0.001 0.001 0.001 0.001 0.000 0.000 0.000 0.000 0.000 0.000 0.000 0.000 0.000 0.000 0.000 0.000 0.000 0.000 0.000 0.000 0.000 0.000 0.000 0.000 0.000 0.000 0.000 0.000 0.000 0.000 0.000 0.000 0.000 0.000 0.000 0.000 0.000 0.000 0.000 0.000 0.000 0.000 0.000 0.000 0.000 0.000 0.000 0.000 0.000 0.000 0.000 0.000 0.000 0.000 0.000 0.000 0.001 0.001 0.002 0.004 0.005 0.007 0.008 0.011 0.013
0.001 0.001 0.001 0.001 0.001 0.001 0.001 0.001 0.001 0.001 0.001 0.001 0.000 0.000 0.000 0.000 0.000 0.000 0.000 0.000 0.000 0.000 0.000 0.000 0.000 0.000 0.000 0.000 0.000 0.000 0.000 0.000 0.000 0.000 0.000 0.000 0.000 0.000 0.000 0.000 0.000 0.000 0.000 0.000 0.000 0.000 0.000 0.000 0.000 0.000 0.000 0.000 0.000 0.000 0.000 0.000 0.000 0.000 0.000 0.000 0.000 0.000 0.000 0.000 0.000 0.000 0.000 0.000 0.000 0.001 0.001 0.002 0.003 0.004 0.006 0.007 0.009
0.000 0.000 0.000 0.000 0.000 0.000 0.000 0.000 0.000 0.000 0.000 0.000 0.000 0.000 0.000 0.000 0.000 0.000 0.000 0.000 0.000 0.000 0.000 0.000 0.000 0.000 0.000 0.000 0.000 0.000 0.000 0.000 0.000 0.000 0.000 0.000 0.000 0.000 0.000 0.000 0.000 0.000 0.000 0.000 0.000 0.000 0.000 0.000 0.000 0.000 0.000 0.000 0.000 0.000 0.000 0.000 0.000 0.000 0.000 0.000 0.000 0.000 0.000 0.000 0.000 0.000 0.000 0.000 0.000 0.000 0.000 0.001 0.002 0.003 0.004 0.005 0.006
0.000 0.000 0.000 0.000 0.000 0.000 0.000 0.000 0.000 0.000 0.000 0.000 0.000 0.000 0.000 0.000 0.000 0.000 0.000 0.000 0.000 0.000 0.000 0.000 0.000 0.000 0.000 0.000 0.000 0.000 0.000 0.000 0.000 0.000 0.000 0.000 0.000 0.000 0.000 0.000 0.000 0.000 0.000 0.000 0.000 0.000 0.000 0.000 0.000 0.000 0.000 0.000 0.000 0.000 0.000 0.000 0.000 0.000 0.000 0.000 0.000 0.000 0.000 0.000 0.000 0.000 0.000 0.000 0.000 0.000 0.000 0.000 0.001 0.001 0.002 0.003 0.004
0.000 0.000 0.000 0.000 0.000 0.000 0.000 0.000 0.000 0.000 0.000 0.000 0.000 0.000 0.000 0.000 0.000 0.000 0.000 0.000 0.000 0.000 0.000 0.000 0.000 0.000 0.000 0.000 0.000 0.000 0.000 0.000 0.000 0.000 0.000 0.000 0.000 0.000 0.000 0.000 0.000 0.000 0.000 0.000 0.000 0.000 0.000 0.000 0.000 0.000 0.000 0.000 0.000 0.000 0.000 0.000 0.000 0.000 0.000 0.000 0.000 0.000 0.000 0.000 0.000 0.000 0.000 0.000 0.000 0.000 0.000 0.000 0.000 0.000 0.001 0.002 0.003
0.000 0.000 0.000 0.000 0.000 0.000 0.000 0.000 0.000 0.000 0.000 0.000 0.000 0.000 0.000 0.000 0.000 0.000 0.000 0.000 0.000 0.000 0.000 0.000 0.000 0.000 0.000 0.000 0.000 0.000 0.000 0.000 0.000 0.000 0.000 0.000 0.000 0.000 0.000 0.000 0.000 0.000 0.000 0.000 0.000 0.000 0.000 0.000 0.000 0.000 0.000 0.000 0.000 0.000 0.000 0.000 0.000 0.000 0.000 0.000 0.000 0.000 0.000 0.000 0.000 0.000 0.000 0.000 0.000 0.000 0.000 0.000 0.000 0.000 0.000 0.001 0.001
0.000 0.000 0.000 0.000 0.000 0.000 0.000 0.000 0.000 0.000 0.000 0.000 0.000 0.000 0.000 0.000 0.000 0.000 0.000 0.000 0.000 0.000 0.000 0.000 0.000 0.000 0.000 0.000 0.000 0.000 0.000 0.000 0.000 0.000 0.000 0.000 0.000 0.000 0.000 0.000 0.000 0.000 0.000 0.000 0.000 0.000 0.000 0.000 0.000 0.000 0.000 0.000 0.000 0.000 0.000 0.000 0.000 0.000 0.000 0.000 0.000 0.000 0.000 0.000 0.000 0.000 0.000 0.000 0.000 0.000 0.000 0.000 0.000 0.000 0.000 0.000 0.000
0.000 0.000 0.000 0.000 0.000 0.000 0.000 0.000 0.000 0.000 0.000 0.000 0.000 0.000 0.000 0.000 0.000 0.000 0.000 0.000 0.000 0.000 0.000 0.000 0.000 0.000 0.000 0.000 0.000 0.000 0.000 0.000 0.000 0.000 0.000 0.000 0.000 0.000 0.000 0.000 0.000 0.000 0.000 0.000 0.000 0.000 0.000 0.000 0.000 0.000 0.000 0.000 0.000 0.000 0.000 0.000 0.000 0.000 0.000 0.000 0.000 0.000 0.000 0.000 0.000 0.000 0.000 0.000 0.000 0.000 0.000 0.000 0.000 0.000 0.000 0.000 0.000
0.000 0.000 0.000 0.000 0.000 0.000 0.000 0.000 0.000 0.000 0.000 0.000 0.000 0.000 0.000 0.000 0.000 0.000 0.000 0.000 0.000 0.000 0.000 0.000 0.000 0.000 0.000 0.000 0.000 0.000 0.000 0.000 0.000 0.000 0.000 0.000 0.000 0.000 0.000 0.000 0.000 0.000 0.000 0.000 0.000 0.000 0.000 0.000 0.000 0.000 0.000 0.000 0.000 0.000 0.000 0.000 0.000 0.000 0.000 0.000 0.000 0.000 0.000 0.000 0.000 0.000 0.000 0.000 0.000 0.000 0.000 0.000 0.000 0.000 0.000 0.000 0.000
