RESULTS/r.avaflow_results/33_results/33_ascii/33_hflow10036.asc
ncols 506
nrows 317
xllcenter 498237.50
yllcenter 5580050.00
cellsize 12.50
NODATA_value -9999.000
[rows 170 to 203 of 317, columns 77 to 153 of 506]
0.000 0.000 0.000 0.000 0.000 0.000 0.000 0.000 0.000 0.000 0.000 0.000 0.000 0.001 0.002 0.004 0.006 0.008 0.010 0.011 0.013 0.015 0.021 0.040 0.080 0.129 0.158 0.174 0.189 0.204 0.217 0.227 0.233 0.237 0.244 0.261 0.294 0.324 0.336 0.334 0.309 0.253 0.213 0.208 0.253 0.379 0.566 0.776 1.019 1.353 1.860 2.685 3.892 5.007 5.566 5.688 5.688 5.723 5.788 5.815 5.798 5.687 5.445 5.081 4.600 4.005 3.353 2.762 2.254 1.823 1.461 1.165 0.926 0.733 0.579 0.455 0.357
0.000 0.000 0.000 0.000 0.000 0.000 0.000 0.000 0.000 0.000 0.000 0.001 0.002 0.005 0.008 0.013 0.019 0.024 0.029 0.034 0.038 0.047 0.066 0.105 0.163 0.209 0.232 0.246 0.261 0.276 0.290 0.300 0.308 0.316 0.329 0.359 0.412 0.456 0.472 0.466 0.430 0.371 0.349 0.404 0.603 0.944 1.333 1.731 2.197 2.808 3.618 4.600 5.551 6.126 6.319 6.308 6.259 6.241 6.241 6.216 6.145 5.987 5.711 5.310 4.786 4.136 3.448 2.842 2.325 1.887 1.523 1.223 0.978 0.776 0.614 0.483 0.379
0.000 0.000 0.000 0.000 0.000 0.000 0.000 0.000 0.000 0.000 0.001 0.003 0.007 0.012 0.020 0.030 0.041 0.053 0.065 0.079 0.094 0.117 0.160 0.219 0.273 0.303 0.320 0.334 0.349 0.365 0.380 0.393 0.405 0.416 0.436 0.479 0.551 0.613 0.639 0.639 0.614 0.589 0.654 0.906 1.394 2.005 2.587 3.178 3.898 4.730 5.519 6.173 6.608 6.788 6.813 6.774 6.710 6.650 6.590 6.522 6.405 6.210 5.903 5.463 4.902 4.214 3.513 2.902 2.385 1.945 1.578 1.271 1.017 0.806 0.638 0.502 0.393
0.000 0.000 0.000 0.000 0.000 0.000 0.000 0.000 0.000 0.002 0.004 0.008 0.015 0.025 0.038 0.053 0.072 0.094 0.120 0.149 0.184 0.233 0.299 0.360 0.396 0.414 0.428 0.443 0.458 0.475 0.493 0.508 0.523 0.539 0.564 0.615 0.700 0.787 0.845 0.886 0.925 1.028 1.328 1.917 2.748 3.555 4.272 4.991 5.725 6.394 6.921 7.237 7.350 7.341 7.262 7.160 7.071 6.981 6.882 6.781 6.628 6.394 6.048 5.570 4.968 4.248 3.548 2.945 2.430 1.990 1.617 1.302 1.042 0.826 0.653 0.514 0.403
0.000 0.000 0.000 0.000 0.000 0.000 0.000 0.000 0.001 0.003 0.008 0.015 0.025 0.040 0.060 0.084 0.113 0.150 0.193 0.245 0.308 0.385 0.459 0.507 0.531 0.546 0.562 0.577 0.594 0.612 0.630 0.647 0.665 0.682 0.710 0.766 0.857 0.976 1.103 1.243 1.435 1.820 2.527 3.537 4.585 5.443 6.121 6.696 7.201 7.612 7.886 7.990 7.981 7.876 7.670 7.485 7.364 7.255 7.132 7.002 6.814 6.542 6.151 5.632 4.994 4.261 3.570 2.972 2.457 2.015 1.637 1.319 1.054 0.837 0.662 0.521 0.408
0.000 0.000 0.000 0.000 0.000 0.000 0.000 0.000 0.001 0.005 0.010 0.019 0.034 0.055 0.084 0.121 0.166 0.221 0.289 0.370 0.464 0.557 0.626 0.667 0.690 0.708 0.726 0.744 0.762 0.780 0.797 0.812 0.828 0.845 0.868 0.915 1.009 1.163 1.390 1.704 2.166 2.988 4.255 5.575 6.583 7.295 7.762 8.101 8.362 8.548 8.627 8.614 8.533 8.339 8.039 7.769 7.599 7.472 7.347 7.195 6.975 6.661 6.223 5.659 4.995 4.258 3.578 2.984 2.466 2.020 1.641 1.324 1.058 0.841 0.666 0.524 0.409
0.000 0.000 0.000 0.000 0.000 0.000 0.000 0.000 0.002 0.005 0.011 0.022 0.039 0.066 0.104 0.155 0.223 0.309 0.411 0.532 0.652 0.750 0.816 0.858 0.885 0.908 0.928 0.948 0.967 0.984 0.997 1.006 1.013 1.021 1.028 1.053 1.138 1.317 1.616 2.077 2.819 4.112 5.924 7.373 8.312 8.877 9.130 9.248 9.310 9.310 9.254 9.145 8.975 8.725 8.385 8.044 7.815 7.664 7.527 7.355 7.107 6.750 6.261 5.665 4.989 4.253 3.573 2.979 2.460 2.015 1.635 1.319 1.055 0.839 0.665 0.523 0.408
0.000 0.000 0.000 0.000 0.000 0.000 0.000 0.000 0.002 0.005 0.011 0.022 0.041 0.071 0.115 0.176 0.263 0.382 0.541 0.725 0.871 0.978 1.051 1.099 1.131 1.155 1.176 1.196 1.212 1.225 1.232 1.231 1.223 1.206 1.182 1.182 1.247 1.430 1.772 2.326 3.247 4.887 7.159 8.791 9.724 10.136 10.213 10.173 10.064 9.909 9.746 9.555 9.318 9.036 8.692 8.329 8.054 7.858 7.684 7.476 7.188 6.787 6.264 5.654 4.956 4.215 3.540 2.946 2.431 1.989 1.613 1.299 1.039 0.827 0.656 0.516 0.404
0.000 0.000 0.000 0.000 0.000 0.000 0.000 0.000 0.001 0.005 0.011 0.021 0.041 0.072 0.118 0.185 0.282 0.423 0.626 0.898 1.125 1.262 1.351 1.406 1.440 1.463 1.481 1.495 1.504 1.508 1.504 1.491 1.462 1.407 1.330 1.304 1.340 1.507 1.868 2.484 3.505 5.340 7.983 9.856 10.786 11.064 11.037 10.870 10.603 10.327 10.092 9.855 9.584 9.290 8.958 8.588 8.279 8.041 7.816 7.559 7.216 6.781 6.239 5.602 4.879 4.132 3.467 2.882 2.375 1.940 1.571 1.265 1.012 0.807 0.641 0.505 0.396
0.000 0.000 0.000 0.000 0.000 0.000 0.000 0.000 0.001 0.003 0.008 0.018 0.037 0.068 0.116 0.186 0.286 0.436 0.660 0.992 1.379 1.623 1.734 1.794 1.825 1.842 1.850 1.852 1.848 1.839 1.822 1.792 1.737 1.631 1.487 1.417 1.426 1.565 1.926 2.575 3.645 5.539 8.395 10.550 11.502 11.684 11.599 11.328 10.930 10.586 10.312 10.052 9.775 9.490 9.176 8.813 8.471 8.187 7.916 7.597 7.206 6.729 6.157 5.486 4.737 4.004 3.352 2.784 2.290 1.869 1.513 1.219 0.978 0.782 0.621 0.490 0.385
0.000 0.000 0.000 0.000 0.000 0.000 0.000 0.000 0.000 0.002 0.005 0.012 0.027 0.055 0.102 0.172 0.276 0.427 0.657 1.006 1.513 1.991 2.218 2.276 2.292 2.296 2.290 2.275 2.254 2.228 2.194 2.140 2.049 1.889 1.669 1.534 1.512 1.620 1.968 2.630 3.726 5.591 8.464 10.840 11.919 12.075 11.912 11.565 11.092 10.723 10.415 10.147 9.894 9.634 9.343 8.999 8.634 8.305 7.979 7.606 7.174 6.639 6.010 5.297 4.527 3.826 3.197 2.653 2.181 1.779 1.443 1.166 0.940 0.753 0.598 0.472 0.369
0.000 0.000 0.000 0.000 0.000 0.000 0.000 0.000 0.000 0.001 0.002 0.005 0.012 0.030 0.066 0.127 0.222 0.364 0.585 0.937 1.478 2.181 2.681 2.842 2.849 2.835 2.809 2.774 2.731 2.684 2.627 2.542 2.409 2.199 1.906 1.687 1.620 1.689 2.009 2.683 3.799 5.580 8.339 10.835 12.062 12.271 12.059 11.644 11.128 10.746 10.441 10.186 9.960 9.725 9.457 9.140 8.773 8.393 8.007 7.588 7.102 6.508 5.812 5.025 4.255 3.586 2.994 2.487 2.049 1.678 1.368 1.111 0.899 0.722 0.574 0.453 0.355
0.000 0.000 0.000 0.000 0.000 0.000 0.000 0.000 0.000 0.000 0.000 0.001 0.004 0.010 0.025 0.057 0.114 0.211 0.381 0.694 1.250 2.110 2.958 3.377 3.458 3.446 3.406 3.348 3.283 3.211 3.123 3.003 2.829 2.578 2.233 1.930 1.798 1.821 2.092 2.761 3.894 5.571 8.069 10.615 11.983 12.288 12.098 11.656 11.128 10.740 10.439 10.187 9.970 9.751 9.523 9.233 8.873 8.456 8.012 7.552 7.013 6.354 5.581 4.748 3.994 3.347 2.784 2.309 1.905 1.569 1.289 1.055 0.858 0.693 0.554 0.440 0.347
0.000 0.000 0.000 0.000 0.000 0.000 0.000 0.000 0.000 0.000 0.000 0.000 0.001 0.003 0.007 0.017 0.038 0.075 0.153 0.343 0.821 1.792 3.037 3.771 4.008 4.045 4.031 3.981 3.900 3.802 3.683 3.532 3.328 3.050 2.680 2.319 2.118 2.087 2.284 2.900 4.002 5.579 7.740 10.161 11.628 12.093 11.997 11.602 11.078 10.651 10.355 10.133 9.950 9.751 9.542 9.276 8.926 8.500 8.015 7.498 6.900 6.194 5.386 4.550 3.810 3.171 2.621 2.161 1.777 1.462 1.206 0.994 0.816 0.665 0.538 0.432 0.345
0.000 0.000 0.000 0.000 0.000 0.000 0.000 0.000 0.000 0.000 0.000 0.000 0.001 0.001 0.003 0.006 0.013 0.026 0.055 0.142 0.448 1.321 2.830 3.958 4.426 4.563 4.598 4.582 4.531 4.443 4.310 4.137 3.917 3.632 3.269 2.902 2.657 2.572 2.677 3.165 4.148 5.594 7.419 9.479 10.925 11.566 11.646 11.420 10.984 10.507 10.160 9.945 9.820 9.698 9.531 9.276 8.943 8.521 8.020 7.454 6.806 6.074 5.248 4.424 3.692 3.053 2.504 2.045 1.668 1.363 1.121 0.926 0.768 0.637 0.526 0.430 0.346
0.000 0.000 0.000 0.000 0.000 0.000 0.000 0.000 0.000 0.000 0.000 0.000 0.000 0.001 0.002 0.005 0.010 0.018 0.034 0.079 0.259 0.914 2.389 3.882 4.641 4.954 5.092 5.146 5.142 5.099 4.998 4.829 4.608 4.342 4.023 3.710 3.479 3.367 3.398 3.717 4.464 5.661 7.165 8.735 9.984 10.746 11.003 10.952 10.704 10.252 9.818 9.554 9.440 9.397 9.341 9.193 8.931 8.528 8.024 7.432 6.754 5.998 5.161 4.355 3.624 2.983 2.429 1.963 1.583 1.278 1.037 0.851 0.711 0.605 0.514 0.429 0.348
0.000 0.000 0.000 0.000 0.000 0.000 0.000 0.000 0.000 0.000 0.000 0.000 0.001 0.001 0.003 0.006 0.011 0.019 0.035 0.074 0.195 0.648 1.859 3.550 4.659 5.196 5.479 5.641 5.720 5.731 5.687 5.579 5.404 5.185 4.950 4.745 4.595 4.513 4.503 4.651 5.092 5.911 7.077 8.267 9.206 9.869 10.155 10.198 10.131 9.829 9.358 8.961 8.788 8.784 8.849 8.873 8.781 8.483 8.007 7.409 6.724 5.955 5.127 4.328 3.595 2.949 2.388 1.914 1.523 1.208 0.962 0.775 0.644 0.556 0.485 0.413 0.331
0.000 0.000 0.000 0.000 0.000 0.000 0.000 0.000 0.000 0.000 0.000 0.000 0.001 0.003 0.006 0.011 0.019 0.031 0.050 0.091 0.198 0.516 1.378 2.953 4.443 5.276 5.715 6.010 6.208 6.305 6.321 6.279 6.184 6.050 5.912 5.809 5.746 5.723 5.732 5.805 6.019 6.458 7.212 8.082 8.702 9.153 9.385 9.434 9.417 9.240 8.855 8.340 8.007 7.954 8.079 8.262 8.346 8.231 7.875 7.331 6.676 5.924 5.128 4.331 3.587 2.935 2.370 1.888 1.483 1.153 0.894 0.700 0.563 0.469 0.395 0.320 0.231
0.000 0.000 0.000 0.000 0.000 0.000 0.000 0.000 0.000 0.000 0.000 0.001 0.002 0.006 0.013 0.024 0.041 0.063 0.094 0.144 0.244 0.490 1.097 2.306 3.947 5.158 5.818 6.269 6.602 6.805 6.896 6.909 6.874 6.809 6.732 6.682 6.660 6.661 6.676 6.737 6.880 7.129 7.523 8.058 8.460 8.697 8.830 8.875 8.863 8.722 8.412 7.903 7.461 7.255 7.262 7.439 7.628 7.651 7.488 7.096 6.539 5.870 5.137 4.351 3.588 2.925 2.359 1.872 1.454 1.103 0.826 0.615 0.452 0.323 0.222 0.145 0.084
0.000 0.000 0.000 0.000 0.000 0.000 0.000 0.000 0.000 0.000 0.000 0.001 0.004 0.012 0.027 0.053 0.089 0.132 0.185 0.253 0.358 0.560 0.999 1.882 3.347 4.834 5.766 6.390 6.881 7.214 7.394 7.465 7.479 7.460 7.419 7.386 7.367 7.356 7.364 7.411 7.486 7.598 7.792 8.082 8.322 8.442 8.481 8.488 8.447 8.307 8.026 7.561 7.095 6.778 6.638 6.647 6.747 6.802 6.779 6.582 6.184 5.631 4.976 4.242 3.514 2.867 2.310 1.828 1.402 1.028 0.719 0.474 0.285 0.158 0.086 0.046 0.023
0.000 0.000 0.000 0.000 0.000 0.000 0.000 0.000 0.000 0.000 0.001 0.002 0.008 0.025 0.060 0.115 0.184 0.259 0.340 0.434 0.553 0.729 1.061 1.733 2.919 4.436 5.569 6.364 7.006 7.499 7.805 7.954 8.000 8.002 7.978 7.939 7.899 7.864 7.851 7.858 7.866 7.895 7.967 8.095 8.215 8.262 8.243 8.210 8.129 7.958 7.675 7.256 6.789 6.436 6.200 6.058 5.966 5.890 5.822 5.706 5.446 5.002 4.401 3.726 3.093 2.519 2.004 1.549 1.144 0.783 0.480 0.257 0.124 0.060 0.029 0.015 0.007
0.000 0.000 0.000 0.000 0.000 0.000 0.000 0.000 0.000 0.000 0.001 0.005 0.017 0.052 0.123 0.229 0.345 0.459 0.575 0.702 0.844 1.014 1.269 1.787 2.746 4.100 5.298 6.244 7.031 7.666 8.105 8.345 8.426 8.443 8.425 8.376 8.306 8.246 8.202 8.156 8.093 8.039 8.031 8.065 8.109 8.113 8.062 7.973 7.838 7.644 7.342 6.952 6.492 6.121 5.832 5.589 5.364 5.150 4.933 4.687 4.385 3.962 3.382 2.751 2.193 1.702 1.269 0.898 0.591 0.352 0.186 0.088 0.039 0.019 0.010 0.005 0.003
0.000 0.000 0.000 0.000 0.000 0.000 0.000 0.000 0.000 0.001 0.002 0.010 0.034 0.103 0.233 0.408 0.578 0.740 0.906 1.076 1.252 1.437 1.658 2.041 2.798 3.935 5.121 6.124 6.982 7.709 8.260 8.611 8.752 8.770 8.738 8.678 8.605 8.528 8.446 8.350 8.215 8.088 8.031 8.010 7.996 7.968 7.875 7.747 7.561 7.323 7.008 6.619 6.168 5.776 5.444 5.148 4.853 4.550 4.200 3.777 3.273 2.708 2.123 1.581 1.133 0.778 0.509 0.314 0.181 0.097 0.048 0.023 0.011 0.006 0.004 0.002 0.002
0.000 0.000 0.000 0.000 0.000 0.000 0.000 0.000 0.000 0.001 0.004 0.017 0.063 0.183 0.390 0.649 0.880 1.108 1.340 1.567 1.789 2.008 2.234 2.540 3.085 3.965 5.060 6.078 6.958 7.713 8.307 8.713 8.933 8.985 8.962 8.908 8.831 8.742 8.627 8.460 8.248 8.077 7.988 7.928 7.880 7.810 7.683 7.507 7.290 7.000 6.643 6.242 5.779 5.352 5.000 4.694 4.372 3.995 3.516 2.913 2.244 1.637 1.144 0.757 0.470 0.275 0.154 0.083 0.044 0.022 0.011 0.006 0.004 0.003 0.002 0.001 0.001
0.000 0.000 0.000 0.000 0.000 0.000 0.000 0.000 0.000 0.001 0.004 0.019 0.078 0.241 0.529 0.900 1.241 1.563 1.882 2.178 2.451 2.710 2.968 3.255 3.654 4.270 5.137 6.102 6.964 7.702 8.315 8.755 9.026 9.107 9.095 9.054 8.991 8.875 8.718 8.511 8.251 8.024 7.890 7.797 7.719 7.613 7.460 7.252 6.988 6.641 6.235 5.800 5.306 4.827 4.431 4.077 3.698 3.223 2.594 1.872 1.241 0.799 0.495 0.290 0.159 0.082 0.041 0.020 0.010 0.006 0.003 0.002 0.002 0.001 0.001 0.001 0.001
0.000 0.000 0.000 0.000 0.000 0.000 0.000 0.000 0.000 0.001 0.004 0.018 0.078 0.262 0.611 1.093 1.612 2.099 2.535 2.923 3.262 3.565 3.851 4.140 4.464 4.897 5.506 6.282 7.079 7.773 8.368 8.796 9.076 9.171 9.182 9.152 9.074 8.932 8.755 8.524 8.227 7.936 7.731 7.591 7.474 7.341 7.163 6.925 6.613 6.219 5.768 5.267 4.704 4.100 3.498 2.951 2.420 1.852 1.270 0.792 0.476 0.276 0.156 0.086 0.045 0.021 0.010 0.005 0.003 0.002 0.001 0.001 0.001 0.001 0.001 0.000 0.000
0.000 0.000 0.000 0.000 0.000 0.000 0.000 0.000 0.000 0.000 0.003 0.016 0.072 0.258 0.650 1.236 1.938 2.672 3.300 3.810 4.234 4.587 4.895 5.184 5.464 5.768 6.163 6.695 7.337 7.955 8.475 8.857 9.137 9.236 9.242 9.213 9.107 8.968 8.767 8.511 8.183 7.828 7.526 7.294 7.111 6.925 6.725 6.457 6.129 5.714 5.221 4.649 3.987 3.179 2.332 1.646 1.112 0.695 0.395 0.214 0.117 0.066 0.038 0.021 0.011 0.005 0.002 0.001 0.001 0.001 0.001 0.000 0.000 0.000 0.000 0.000 0.000
0.000 0.000 0.000 0.000 0.000 0.000 0.000 0.000 0.000 0.000 0.002 0.011 0.059 0.239 0.663 1.349 2.208 3.172 4.075 4.807 5.364 5.777 6.099 6.370 6.606 6.832 7.075 7.390 7.812 8.272 8.676 8.983 9.206 9.300 9.312 9.261 9.123 8.958 8.729 8.464 8.121 7.691 7.280 6.944 6.661 6.378 6.104 5.789 5.438 5.007 4.491 3.881 3.134 2.231 1.414 0.826 0.439 0.213 0.098 0.046 0.024 0.013 0.008 0.004 0.002 0.001 0.001 0.000 0.000 0.000 0.000 0.000 0.000 0.000 0.000 0.000 0.000
0.000 0.000 0.000 0.000 0.000 0.000 0.000 0.000 0.000 0.001 0.002 0.009 0.047 0.211 0.659 1.438 2.440 3.555 4.694 5.692 6.468 7.021 7.417 7.697 7.898 8.046 8.165 8.284 8.484 8.747 9.001 9.206 9.328 9.361 9.345 9.238 9.082 8.911 8.667 8.366 8.001 7.534 7.017 6.552 6.139 5.744 5.355 4.943 4.508 4.016 3.454 2.819 2.081 1.330 0.750 0.368 0.159 0.063 0.024 0.010 0.005 0.002 0.001 0.001 0.000 0.000 0.000 0.000 0.000 0.000 0.000 0.000 0.000 0.000 0.000 0.000 0.000
0.000 0.000 0.000 0.000 0.001 0.001 0.001 0.001 0.001 0.001 0.002 0.009 0.045 0.202 0.669 1.520 2.634 3.831 5.097 6.334 7.357 8.095 8.607 8.931 9.135 9.245 9.298 9.317 9.355 9.381 9.437 9.488 9.461 9.378 9.312 9.192 9.012 8.793 8.518 8.202 7.825 7.335 6.756 6.173 5.633 5.136 4.645 4.143 3.618 3.062 2.456 1.821 1.202 0.687 0.333 0.139 0.052 0.018 0.006 0.002 0.001 0.001 0.000 0.000 0.000 0.000 0.000 0.000 0.000 0.000 0.000 0.000 0.000 0.000 0.000 0.000 0.000
0.000 0.000 0.001 0.001 0.002 0.002 0.002 0.002 0.002 0.002 0.003 0.009 0.046 0.216 0.721 1.632 2.790 3.999 5.289 6.692 7.965 8.945 9.606 9.991 10.205 10.288 10.301 10.249 10.174 10.022 9.870 9.696 9.496 9.283 9.114 8.944 8.757 8.564 8.282 7.955 7.567 7.077 6.476 5.807 5.167 4.592 4.034 3.478 2.907 2.320 1.714 1.134 0.651 0.315 0.129 0.047 0.016 0.005 0.002 0.001 0.000 0.000 0.000 0.000 0.000 0.000 0.000 0.000 0.000 0.000 0.000 0.000 0.000 0.000 0.000 0.000 0.000
0.001 0.002 0.002 0.003 0.003 0.003 0.003 0.003 0.003 0.003 0.004 0.011 0.055 0.268 0.841 1.779 2.893 4.065 5.355 6.830 8.340 9.551 10.384 10.873 11.089 11.129 11.119 11.003 10.787 10.484 10.165 9.826 9.459 9.058 8.707 8.421 8.205 8.041 7.803 7.519 7.156 6.706 6.131 5.435 4.720 4.081 3.483 2.899 2.307 1.714 1.150 0.674 0.331 0.135 0.047 0.015 0.005 0.001 0.000 0.000 0.000 0.000 0.000 0.000 0.000 0.000 0.000 0.000 0.000 0.000 0.000 0.000 0.000 0.000 0.000 0.000 0.000
0.003 0.004 0.004 0.004 0.004 0.004 0.004 0.003 0.003 0.004 0.005 0.016 0.080 0.348 0.969 1.885 2.925 4.072 5.367 6.852 8.492 9.898 10.889 11.447 11.667 11.701 11.671 11.506 11.195 10.773 10.298 9.815 9.293 8.693 8.130 7.702 7.416 7.200 6.977 6.719 6.424 6.065 5.595 4.969 4.255 3.575 2.946 2.347 1.756 1.191 0.709 0.358 0.149 0.052 0.016 0.005 0.001 0.000 0.000 0.000 0.000 0.000 0.000 0.000 0.000 0.000 0.000 0.000 0.000 0.000 0.000 0.000 0.000 0.000 0.000 0.000 0.000
0.006 0.006 0.006 0.006 0.005 0.005 0.004 0.004 0.005 0.005 0.008 0.021 0.094 0.390 1.025 1.913 2.912 4.036 5.324 6.800 8.456 9.953 11.073 11.713 11.980 12.006 11.932 11.727 11.350 10.877 10.310 9.670 8.979 8.199 7.438 6.848 6.415 6.093 5.829 5.564 5.334 5.080 4.770 4.310 3.703 3.044 2.384 1.768 1.199 0.716 0.365 0.154 0.054 0.016 0.004 0.001 0.000 0.000 0.000 0.000 0.000 0.000 0.000 0.000 0.000 0.000 0.000 0.000 0.000 0.000 0.000 0.000 0.000 0.000 0.000 0.000 0.000
