RESULTS/r.avaflow_results/33_results/33_ascii/33_hflow10011.asc
ncols 506
nrows 317
xllcenter 498237.50
yllcenter 5580050.00
cellsize 12.50
NODATA_value -9999.000
[rows 170 to 203 of 317, columns 77 to 153 of 506]
0.000 0.000 0.000 0.000 0.000 0.000 0.000 0.000 0.000 0.000 0.000 0.000 0.000 0.000 0.000 0.000 0.000 0.000 0.000 0.000 0.000 0.000 0.001 0.002 0.006 0.014 0.023 0.029 0.033 0.034 0.035 0.034 0.032 0.026 0.023 0.022 0.025 0.035 0.055 0.086 0.132 0.202 0.308 0.476 0.713 0.888 0.967 0.975 0.938 0.920 1.008 1.284 1.919 2.970 3.889 4.419 4.849 5.250 5.521 5.637 5.660 5.619 5.428 5.008 4.280 3.290 2.347 1.640 1.121 0.743 0.479 0.307 0.201 0.135 0.092 0.062 0.041
0.000 0.000 0.000 0.000 0.000 0.000 0.000 0.000 0.000 0.000 0.000 0.000 0.000 0.000 0.000 0.000 0.000 0.000 0.000 0.000 0.000 0.001 0.002 0.006 0.014 0.026 0.040 0.050 0.057 0.059 0.060 0.059 0.054 0.045 0.041 0.042 0.048 0.067 0.101 0.151 0.225 0.334 0.499 0.746 1.087 1.371 1.529 1.596 1.661 1.804 2.080 2.578 3.370 4.204 4.751 5.175 5.616 6.049 6.334 6.456 6.475 6.420 6.184 5.672 4.838 3.714 2.650 1.847 1.264 0.841 0.556 0.374 0.258 0.181 0.126 0.085 0.054
0.000 0.000 0.000 0.000 0.000 0.000 0.000 0.000 0.000 0.000 0.000 0.000 0.000 0.000 0.000 0.000 0.000 0.000 0.000 0.000 0.001 0.003 0.007 0.016 0.028 0.045 0.066 0.083 0.094 0.098 0.099 0.097 0.089 0.076 0.071 0.073 0.087 0.119 0.174 0.252 0.367 0.535 0.781 1.136 1.609 2.047 2.347 2.565 2.834 3.188 3.629 4.160 4.710 5.127 5.464 5.806 6.198 6.614 6.893 7.009 7.022 6.954 6.692 6.147 5.274 4.074 2.918 2.046 1.416 0.966 0.662 0.460 0.323 0.223 0.150 0.097 0.060
0.000 0.000 0.000 0.000 0.000 0.000 0.000 0.000 0.000 0.000 0.000 0.000 0.000 0.000 0.000 0.000 0.000 0.000 0.001 0.002 0.004 0.008 0.017 0.030 0.049 0.074 0.107 0.134 0.150 0.157 0.158 0.155 0.142 0.123 0.117 0.122 0.145 0.197 0.282 0.405 0.580 0.832 1.188 1.677 2.322 2.971 3.492 3.945 4.437 4.934 5.387 5.714 5.926 6.049 6.175 6.366 6.651 7.000 7.256 7.352 7.364 7.295 7.024 6.470 5.591 4.354 3.143 2.221 1.550 1.077 0.748 0.522 0.360 0.244 0.159 0.102 0.063
0.000 0.000 0.000 0.000 0.000 0.000 0.000 0.000 0.000 0.000 0.000 0.000 0.000 0.000 0.000 0.000 0.000 0.001 0.002 0.005 0.009 0.017 0.031 0.051 0.080 0.119 0.169 0.209 0.233 0.243 0.244 0.239 0.221 0.194 0.186 0.193 0.229 0.309 0.440 0.626 0.887 1.253 1.752 2.422 3.285 4.194 4.994 5.710 6.324 6.744 7.020 7.135 7.146 7.006 6.863 6.878 7.013 7.266 7.493 7.561 7.566 7.500 7.225 6.669 5.790 4.553 3.300 2.344 1.639 1.141 0.790 0.546 0.373 0.250 0.162 0.102 0.063
0.000 0.000 0.000 0.000 0.000 0.000 0.000 0.000 0.000 0.000 0.000 0.000 0.000 0.000 0.000 0.000 0.001 0.002 0.005 0.009 0.018 0.031 0.051 0.082 0.125 0.184 0.260 0.319 0.353 0.367 0.368 0.361 0.335 0.296 0.281 0.292 0.346 0.463 0.657 0.929 1.300 1.811 2.500 3.412 4.540 5.720 6.732 7.512 8.052 8.345 8.463 8.462 8.335 7.951 7.520 7.338 7.338 7.469 7.649 7.706 7.716 7.633 7.337 6.765 5.886 4.671 3.393 2.408 1.679 1.162 0.798 0.547 0.373 0.249 0.162 0.102 0.063
0.000 0.000 0.000 0.000 0.000 0.000 0.000 0.000 0.000 0.000 0.000 0.000 0.000 0.000 0.000 0.000 0.001 0.004 0.009 0.017 0.030 0.050 0.081 0.126 0.191 0.281 0.390 0.473 0.521 0.540 0.543 0.532 0.493 0.435 0.408 0.422 0.500 0.671 0.943 1.318 1.827 2.518 3.451 4.664 6.084 7.364 8.345 9.031 9.475 9.695 9.732 9.661 9.414 8.852 8.174 7.764 7.638 7.671 7.799 7.845 7.839 7.716 7.384 6.799 5.916 4.710 3.422 2.419 1.684 1.160 0.793 0.538 0.362 0.240 0.156 0.098 0.061
0.000 0.000 0.000 0.000 0.000 0.000 0.000 0.000 0.000 0.000 0.000 0.000 0.000 0.000 0.000 0.000 0.002 0.007 0.015 0.028 0.048 0.079 0.125 0.192 0.288 0.420 0.572 0.685 0.749 0.776 0.780 0.763 0.708 0.617 0.573 0.586 0.693 0.934 1.306 1.803 2.470 3.380 4.591 6.103 7.616 8.807 9.682 10.266 10.617 10.777 10.797 10.673 10.352 9.672 8.815 8.218 7.948 7.905 7.956 7.953 7.902 7.729 7.382 6.797 5.913 4.699 3.412 2.407 1.670 1.142 0.772 0.516 0.342 0.224 0.144 0.091 0.057
0.000 0.000 0.000 0.000 0.000 0.000 0.000 0.000 0.000 0.000 0.000 0.000 0.000 0.000 0.000 0.000 0.003 0.009 0.021 0.043 0.075 0.121 0.190 0.288 0.427 0.616 0.820 0.967 1.051 1.083 1.087 1.066 0.993 0.854 0.772 0.777 0.895 1.186 1.661 2.303 3.140 4.261 5.744 7.410 8.855 9.965 10.738 11.244 11.513 11.620 11.639 11.513 11.127 10.384 9.422 8.684 8.299 8.160 8.096 8.023 7.917 7.693 7.327 6.730 5.837 4.624 3.350 2.361 1.631 1.106 0.738 0.487 0.318 0.206 0.132 0.084 0.052
0.000 0.000 0.000 0.000 0.000 0.000 0.000 0.000 0.000 0.000 0.000 0.000 0.000 0.000 0.000 0.000 0.003 0.009 0.023 0.053 0.106 0.180 0.282 0.424 0.622 0.888 1.152 1.334 1.438 1.478 1.481 1.455 1.359 1.155 1.001 0.975 1.071 1.378 1.930 2.700 3.688 4.978 6.686 8.482 9.856 10.848 11.537 11.955 12.167 12.243 12.246 12.124 11.707 10.971 9.953 9.098 8.609 8.363 8.198 8.042 7.854 7.570 7.158 6.541 5.646 4.459 3.219 2.262 1.553 1.045 0.692 0.453 0.294 0.189 0.120 0.075 0.047
0.000 0.000 0.000 0.000 0.000 0.000 0.000 0.000 0.000 0.000 0.000 0.000 0.000 0.000 0.000 0.000 0.002 0.008 0.021 0.052 0.120 0.242 0.405 0.610 0.887 1.247 1.578 1.800 1.924 1.973 1.977 1.940 1.808 1.527 1.267 1.179 1.235 1.524 2.114 2.988 4.105 5.537 7.420 9.304 10.668 11.559 12.112 12.440 12.600 12.641 12.620 12.479 12.036 11.351 10.353 9.408 8.833 8.491 8.231 7.980 7.701 7.341 6.863 6.221 5.321 4.168 3.000 2.096 1.428 0.954 0.629 0.411 0.266 0.170 0.107 0.066 0.040
0.000 0.000 0.000 0.000 0.000 0.000 0.000 0.000 0.000 0.000 0.000 0.000 0.000 0.000 0.000 0.000 0.001 0.004 0.013 0.039 0.110 0.267 0.526 0.847 1.238 1.709 2.110 2.379 2.523 2.577 2.580 2.522 2.340 1.982 1.596 1.414 1.420 1.660 2.241 3.180 4.409 5.953 7.932 9.841 11.194 12.032 12.509 12.779 12.868 12.919 12.808 12.582 12.202 11.569 10.614 9.634 8.967 8.540 8.196 7.864 7.498 7.038 6.470 5.768 4.849 3.728 2.672 1.855 1.254 0.834 0.550 0.360 0.232 0.147 0.091 0.055 0.033
0.000 0.000 0.000 0.000 0.000 0.000 0.000 0.000 0.000 0.000 0.000 0.000 0.000 0.000 0.000 0.000 0.001 0.002 0.005 0.018 0.074 0.246 0.597 1.091 1.676 2.283 2.749 3.063 3.234 3.289 3.283 3.199 2.966 2.531 2.026 1.739 1.684 1.845 2.372 3.317 4.616 6.251 8.312 10.204 11.519 12.316 12.739 12.956 12.970 13.031 12.883 12.593 12.244 11.641 10.749 9.772 9.026 8.506 8.087 7.680 7.224 6.660 5.991 5.194 4.220 3.154 2.243 1.545 1.036 0.687 0.455 0.301 0.196 0.124 0.076 0.045 0.026
0.000 0.000 0.000 0.000 0.000 0.000 0.000 0.000 0.000 0.000 0.000 0.000 0.000 0.000 0.000 0.000 0.001 0.002 0.004 0.009 0.039 0.193 0.610 1.272 2.072 2.879 3.480 3.843 4.025 4.082 4.068 3.965 3.693 3.194 2.590 2.217 2.095 2.167 2.582 3.464 4.779 6.490 8.585 10.402 11.665 12.454 12.855 13.023 13.015 13.037 12.868 12.557 12.167 11.590 10.767 9.837 9.045 8.435 7.920 7.394 6.846 6.189 5.424 4.526 3.520 2.580 1.819 1.241 0.826 0.543 0.360 0.243 0.162 0.103 0.062 0.036 0.021
0.000 0.000 0.000 0.000 0.000 0.000 0.000 0.000 0.000 0.000 0.000 0.000 0.000 0.000 0.000 0.001 0.002 0.003 0.005 0.008 0.024 0.138 0.565 1.359 2.334 3.329 4.122 4.632 4.875 4.938 4.921 4.805 4.516 3.983 3.308 2.877 2.710 2.717 2.983 3.701 4.943 6.675 8.756 10.495 11.705 12.458 12.881 13.038 13.016 13.002 12.791 12.390 11.859 11.345 10.662 9.834 9.029 8.335 7.691 7.025 6.356 5.618 4.780 3.838 2.905 2.111 1.474 0.995 0.654 0.423 0.274 0.183 0.123 0.079 0.048 0.028 0.016
0.000 0.000 0.000 0.000 0.000 0.000 0.000 0.000 0.000 0.000 0.000 0.000 0.000 0.000 0.001 0.002 0.004 0.007 0.009 0.012 0.024 0.099 0.481 1.331 2.451 3.611 4.604 5.322 5.734 5.873 5.862 5.737 5.451 4.929 4.229 3.764 3.564 3.536 3.684 4.206 5.255 6.888 8.932 10.597 11.693 12.420 12.850 12.972 12.965 12.888 12.552 12.015 11.292 10.772 10.254 9.640 8.937 8.180 7.396 6.594 5.790 4.974 4.099 3.202 2.393 1.719 1.187 0.792 0.513 0.324 0.201 0.124 0.078 0.050 0.032 0.020 0.011
0.000 0.000 0.000 0.000 0.000 0.000 0.000 0.000 0.000 0.000 0.000 0.000 0.000 0.001 0.003 0.005 0.008 0.013 0.017 0.023 0.034 0.085 0.382 1.204 2.427 3.719 4.903 5.835 6.445 6.741 6.809 6.738 6.498 6.036 5.385 4.910 4.687 4.642 4.719 5.069 5.855 7.197 8.992 10.553 11.629 12.309 12.657 12.745 12.719 12.571 12.113 11.433 10.466 9.815 9.448 9.084 8.605 7.931 7.066 6.137 5.206 4.321 3.455 2.648 1.952 1.384 0.945 0.622 0.396 0.244 0.142 0.078 0.042 0.025 0.017 0.011 0.007
0.000 0.000 0.000 0.000 0.000 0.000 0.000 0.000 0.000 0.000 0.000 0.000 0.001 0.003 0.006 0.011 0.017 0.025 0.036 0.048 0.064 0.106 0.307 1.002 2.262 3.701 5.026 6.167 7.016 7.525 7.705 7.713 7.580 7.255 6.729 6.274 6.061 6.011 6.043 6.249 6.772 7.749 9.182 10.581 11.531 12.068 12.314 12.374 12.333 12.088 11.551 10.725 9.640 8.796 8.365 8.142 7.866 7.381 6.569 5.583 4.574 3.668 2.863 2.156 1.561 1.089 0.732 0.476 0.297 0.176 0.096 0.047 0.022 0.011 0.007 0.005 0.003
0.000 0.000 0.000 0.000 0.000 0.000 0.000 0.000 0.000 0.000 0.000 0.001 0.002 0.006 0.013 0.024 0.039 0.056 0.077 0.100 0.123 0.159 0.292 0.805 1.957 3.534 4.998 6.299 7.342 8.046 8.432 8.542 8.498 8.333 7.987 7.604 7.393 7.344 7.376 7.510 7.858 8.514 9.474 10.514 11.284 11.700 11.812 11.802 11.749 11.482 10.932 10.094 9.041 8.061 7.395 7.024 6.764 6.403 5.750 4.833 3.834 2.986 2.290 1.698 1.200 0.815 0.536 0.341 0.207 0.116 0.058 0.026 0.011 0.005 0.002 0.002 0.001
0.000 0.000 0.000 0.000 0.000 0.000 0.000 0.000 0.000 0.000 0.000 0.001 0.005 0.013 0.030 0.057 0.090 0.126 0.164 0.197 0.225 0.254 0.344 0.715 1.664 3.203 4.855 6.306 7.513 8.405 8.996 9.221 9.277 9.203 9.003 8.699 8.497 8.387 8.381 8.476 8.687 9.069 9.660 10.400 10.957 11.199 11.216 11.199 11.115 10.867 10.342 9.561 8.541 7.507 6.667 6.017 5.521 5.067 4.526 3.799 2.952 2.235 1.668 1.208 0.831 0.543 0.344 0.211 0.122 0.064 0.029 0.012 0.005 0.002 0.001 0.001 0.001
0.000 0.000 0.000 0.000 0.000 0.000 0.000 0.000 0.000 0.000 0.000 0.002 0.010 0.029 0.070 0.132 0.200 0.263 0.318 0.357 0.383 0.405 0.460 0.738 1.527 2.889 4.545 6.165 7.522 8.551 9.318 9.702 9.845 9.854 9.767 9.545 9.308 9.138 9.083 9.112 9.188 9.374 9.733 10.223 10.591 10.731 10.722 10.666 10.542 10.284 9.777 9.052 8.081 7.024 6.074 5.250 4.511 3.856 3.229 2.599 1.980 1.450 1.022 0.697 0.457 0.285 0.171 0.099 0.054 0.027 0.012 0.005 0.002 0.001 0.001 0.001 0.000
0.000 0.000 0.000 0.000 0.000 0.000 0.000 0.000 0.000 0.000 0.001 0.005 0.020 0.064 0.152 0.277 0.394 0.487 0.558 0.603 0.623 0.634 0.662 0.862 1.515 2.703 4.197 5.859 7.379 8.568 9.456 10.021 10.247 10.286 10.222 10.064 9.834 9.632 9.511 9.435 9.410 9.466 9.661 9.940 10.162 10.245 10.225 10.152 9.996 9.728 9.236 8.527 7.609 6.533 5.496 4.577 3.738 2.988 2.314 1.732 1.252 0.865 0.561 0.343 0.200 0.112 0.062 0.034 0.018 0.009 0.004 0.002 0.001 0.001 0.000 0.000 0.000
0.000 0.000 0.000 0.000 0.000 0.000 0.000 0.000 0.000 0.000 0.002 0.010 0.041 0.127 0.285 0.499 0.681 0.813 0.908 0.963 0.984 0.990 1.004 1.142 1.647 2.641 3.975 5.557 7.179 8.510 9.472 10.108 10.454 10.520 10.500 10.363 10.125 9.886 9.696 9.526 9.436 9.404 9.480 9.595 9.714 9.756 9.719 9.606 9.435 9.156 8.667 7.949 7.060 5.958 4.859 3.902 3.076 2.357 1.734 1.214 0.811 0.511 0.299 0.159 0.079 0.039 0.020 0.011 0.006 0.003 0.002 0.001 0.001 0.000 0.000 0.000 0.000
0.000 0.000 0.000 0.000 0.000 0.000 0.000 0.000 0.000 0.000 0.002 0.013 0.057 0.179 0.400 0.702 1.017 1.241 1.374 1.455 1.496 1.516 1.536 1.633 1.993 2.755 3.915 5.388 6.971 8.365 9.400 10.120 10.505 10.598 10.576 10.473 10.284 10.044 9.767 9.536 9.342 9.187 9.132 9.133 9.200 9.189 9.133 9.005 8.795 8.483 7.986 7.276 6.384 5.245 4.136 3.218 2.456 1.830 1.309 0.883 0.554 0.320 0.168 0.080 0.035 0.015 0.008 0.004 0.003 0.002 0.001 0.001 0.000 0.000 0.000 0.000 0.000
0.000 0.000 0.000 0.000 0.000 0.000 0.000 0.000 0.000 0.000 0.002 0.013 0.059 0.196 0.454 0.816 1.264 1.684 1.944 2.084 2.163 2.212 2.260 2.348 2.593 3.132 4.050 5.347 6.857 8.208 9.269 10.036 10.430 10.592 10.569 10.459 10.259 10.034 9.731 9.427 9.061 8.770 8.605 8.530 8.525 8.490 8.415 8.286 8.028 7.679 7.159 6.443 5.513 4.372 3.322 2.499 1.848 1.340 0.933 0.610 0.365 0.195 0.093 0.039 0.016 0.007 0.003 0.002 0.001 0.001 0.001 0.000 0.000 0.000 0.000 0.000 0.000
0.000 0.000 0.000 0.000 0.000 0.000 0.000 0.000 0.000 0.000 0.002 0.011 0.053 0.189 0.459 0.862 1.387 2.014 2.533 2.829 2.985 3.079 3.156 3.252 3.427 3.792 4.465 5.507 6.849 8.110 9.117 9.864 10.294 10.465 10.482 10.403 10.217 9.950 9.580 9.135 8.601 8.182 7.921 7.751 7.632 7.568 7.466 7.302 7.029 6.627 6.105 5.370 4.408 3.328 2.434 1.767 1.263 0.868 0.567 0.347 0.194 0.097 0.042 0.017 0.006 0.003 0.001 0.001 0.001 0.000 0.000 0.000 0.000 0.000 0.000 0.000 0.000
0.000 0.000 0.000 0.000 0.000 0.000 0.000 0.000 0.000 0.000 0.001 0.006 0.037 0.156 0.428 0.858 1.432 2.185 3.024 3.621 3.938 4.107 4.224 4.328 4.466 4.707 5.150 5.907 6.988 8.100 8.983 9.650 10.076 10.234 10.245 10.184 9.989 9.663 9.217 8.640 7.983 7.431 7.053 6.769 6.559 6.410 6.238 6.015 5.704 5.262 4.711 3.988 3.110 2.270 1.612 1.104 0.719 0.437 0.248 0.134 0.068 0.031 0.013 0.005 0.002 0.001 0.001 0.000 0.000 0.000 0.000 0.000 0.000 0.000 0.000 0.000 0.000
0.000 0.000 0.000 0.000 0.000 0.000 0.000 0.000 0.000 0.000 0.000 0.002 0.018 0.103 0.354 0.811 1.439 2.249 3.310 4.332 4.983 5.301 5.457 5.563 5.680 5.834 6.105 6.592 7.325 8.170 8.910 9.456 9.795 9.945 9.928 9.822 9.536 9.122 8.603 7.938 7.213 6.536 6.018 5.639 5.336 5.045 4.723 4.417 4.050 3.616 3.126 2.573 1.953 1.382 0.913 0.555 0.305 0.151 0.068 0.030 0.014 0.006 0.003 0.001 0.001 0.000 0.000 0.000 0.000 0.000 0.000 0.000 0.000 0.000 0.000 0.000 0.000
0.000 0.000 0.000 0.000 0.000 0.000 0.000 0.000 0.000 0.000 0.000 0.001 0.009 0.058 0.257 0.712 1.402 2.265 3.397 4.778 5.903 6.551 6.836 6.963 7.054 7.118 7.227 7.454 7.851 8.345 8.845 9.260 9.503 9.578 9.531 9.270 8.851 8.271 7.648 6.962 6.247 5.533 4.902 4.394 3.956 3.594 3.248 2.927 2.591 2.239 1.865 1.467 1.051 0.681 0.394 0.199 0.086 0.033 0.012 0.005 0.002 0.001 0.001 0.000 0.000 0.000 0.000 0.000 0.000 0.000 0.000 0.000 0.000 0.000 0.000 0.000 0.000
0.000 0.000 0.000 0.000 0.000 0.000 0.000 0.000 0.000 0.000 0.000 0.001 0.005 0.034 0.176 0.585 1.300 2.224 3.392 4.938 6.510 7.584 8.151 8.388 8.447 8.397 8.226 8.110 8.208 8.429 8.743 9.019 9.142 9.059 8.858 8.391 7.790 7.031 6.348 5.699 5.071 4.412 3.721 3.107 2.639 2.308 2.028 1.767 1.507 1.250 0.982 0.701 0.446 0.248 0.118 0.048 0.017 0.006 0.002 0.001 0.000 0.000 0.000 0.000 0.000 0.000 0.000 0.000 0.000 0.000 0.000 0.000 0.000 0.000 0.000 0.000 0.000
0.000 0.000 0.000 0.000 0.000 0.000 0.000 0.000 0.000 0.000 0.000 0.001 0.002 0.019 0.116 0.454 1.132 2.083 3.295 4.894 6.790 8.309 9.213 9.594 9.648 9.470 8.987 8.499 8.304 8.302 8.413 8.468 8.383 8.071 7.579 6.873 6.134 5.354 4.682 4.097 3.575 3.036 2.428 1.883 1.492 1.233 1.047 0.886 0.735 0.587 0.431 0.271 0.145 0.066 0.026 0.009 0.003 0.001 0.000 0.000 0.000 0.000 0.000 0.000 0.000 0.000 0.000 0.000 0.000 0.000 0.000 0.000 0.000 0.000 0.000 0.000 0.000
0.000 0.000 0.000 0.000 0.000 0.000 0.000 0.000 0.000 0.000 0.000 0.001 0.001 0.009 0.065 0.311 0.892 1.803 3.022 4.672 6.786 8.678 9.898 10.393 10.414 10.096 9.417 8.666 8.174 7.912 7.755 7.516 7.117 6.457 5.498 4.491 3.684 3.049 2.534 2.131 1.817 1.524 1.204 0.888 0.644 0.488 0.395 0.329 0.270 0.212 0.147 0.083 0.038 0.015 0.005 0.002 0.001 0.000 0.000 0.000 0.000 0.000 0.000 0.000 0.000 0.000 0.000 0.000 0.000 0.000 0.000 0.000 0.000 0.000 0.000 0.000 0.000
0.000 0.000 0.000 0.000 0.000 0.000 0.000 0.000 0.000 0.000 0.000 0.001 0.002 0.005 0.028 0.152 0.541 1.304 2.472 4.156 6.445 8.607 9.989 10.534 10.535 10.163 9.423 8.528 7.755 7.135 6.563 5.884 4.996 3.899 2.767 1.931 1.419 1.106 0.888 0.725 0.608 0.511 0.409 0.291 0.191 0.130 0.099 0.083 0.071 0.057 0.039 0.021 0.009 0.003 0.001 0.000 0.000 0.000 0.000 0.000 0.000 0.000 0.000 0.000 0.000 0.000 0.000 0.000 0.000 0.000 0.000 0.000 0.000 0.000 0.000 0.000 0.000
0.000 0.000 0.000 0.000 0.000 0.000 0.000 0.000 0.000 0.000 0.001 0.002 0.004 0.006 0.012 0.045 0.183 0.561 1.328 2.602 4.480 6.542 8.067 8.797 8.907 8.660 8.034 7.149 6.212 5.217 4.117 3.042 2.114 1.381 0.833 0.484 0.301 0.217 0.170 0.136 0.115 0.101 0.087 0.067 0.044 0.028 0.020 0.017 0.015 0.013 0.009 0.005 0.002 0.001 0.000 0.000 0.000 0.000 0.000 0.000 0.000 0.000 0.000 0.000 0.000 0.000 0.000 0.000 0.000 0.000 0.000 0.000 0.000 0.000 0.000 0.000 0.000
