RESULTS/r.avaflow_results/33_results/33_ascii/33_hflow_max0012.asc
ncols 506
nrows 317
xllcenter 498237.50
yllcenter 5580050.00
cellsize 12.50
NODATA_value -9999.000
[rows 170 to 203 of 317, columns 77 to 153 of 506]
0.000 0.000 0.000 0.000 0.000 0.000 0.000 0.000 0.000 0.000 0.000 0.000 0.000 0.000 0.000 0.000 0.000 0.000 0.000 0.000 0.000 0.001 0.003 0.008 0.019 0.032 0.041 0.046 0.049 0.050 0.049 0.047 0.042 0.038 0.038 0.042 0.056 0.083 0.125 0.184 0.268 0.390 0.572 0.830 1.046 1.185 1.327 1.451 1.552 1.669 1.997 2.485 3.464 4.872 6.688 8.694 11.714 15.826 20.323 24.200 27.114 28.777 29.333 28.986 28.238 27.234 25.891 24.432 23.008 21.624 20.047 18.370 16.978 16.379 16.001 15.658 15.336
0.000 0.000 0.000 0.000 0.000 0.000 0.000 0.000 0.000 0.000 0.000 0.000 0.000 0.000 0.000 0.000 0.000 0.000 0.000 0.001 0.002 0.004 0.009 0.019 0.035 0.054 0.068 0.077 0.081 0.082 0.082 0.078 0.070 0.065 0.066 0.076 0.100 0.143 0.206 0.294 0.419 0.600 0.860 1.219 1.555 1.828 2.120 2.428 2.753 3.261 3.838 4.495 5.339 6.415 7.823 10.349 13.415 18.117 22.666 26.593 29.287 30.567 30.685 29.781 28.871 27.817 26.369 24.701 23.046 21.481 20.058 19.213 18.790 18.482 18.249 18.210 18.339
0.000 0.000 0.000 0.000 0.000 0.000 0.000 0.000 0.000 0.000 0.000 0.000 0.000 0.000 0.000 0.000 0.000 0.000 0.001 0.002 0.005 0.011 0.021 0.037 0.059 0.086 0.108 0.122 0.129 0.131 0.130 0.125 0.113 0.108 0.111 0.136 0.180 0.238 0.325 0.455 0.641 0.901 1.264 1.748 2.252 2.726 3.249 3.865 4.654 5.526 6.206 6.680 7.117 7.621 8.460 10.901 13.790 18.742 23.567 27.364 30.005 31.315 31.255 30.159 29.173 27.994 26.422 24.712 23.180 22.132 21.402 20.845 20.354 19.943 19.815 20.199 21.006
0.000 0.000 0.000 0.000 0.000 0.000 0.000 0.000 0.000 0.000 0.000 0.000 0.000 0.000 0.000 0.000 0.000 0.001 0.003 0.006 0.012 0.023 0.039 0.063 0.094 0.134 0.168 0.189 0.200 0.202 0.201 0.193 0.177 0.179 0.230 0.295 0.377 0.478 0.601 0.749 0.956 1.326 1.821 2.461 3.188 3.954 4.817 5.830 6.815 7.619 8.207 8.465 8.569 8.633 8.899 10.599 13.323 18.224 23.326 26.942 29.600 31.120 31.223 30.217 29.084 27.810 26.303 24.947 24.003 23.205 22.479 21.818 21.255 20.922 21.031 21.801 22.995
0.000 0.000 0.000 0.000 0.000 0.000 0.000 0.000 0.000 0.000 0.000 0.000 0.000 0.000 0.000 0.000 0.001 0.003 0.007 0.013 0.024 0.040 0.065 0.099 0.145 0.205 0.255 0.286 0.301 0.304 0.302 0.291 0.305 0.378 0.466 0.575 0.704 0.859 1.036 1.212 1.385 1.897 2.571 3.422 4.447 5.615 6.745 7.772 8.604 9.228 9.653 9.831 9.767 9.487 9.387 10.431 12.895 16.848 22.059 25.893 28.368 30.010 30.649 29.945 28.656 27.495 26.323 25.326 24.443 23.643 22.911 22.236 21.640 21.457 21.846 22.683 23.812
0.000 0.000 0.000 0.000 0.000 0.000 0.000 0.000 0.000 0.000 0.000 0.000 0.000 0.000 0.000 0.001 0.003 0.007 0.013 0.024 0.040 0.065 0.101 0.151 0.220 0.307 0.378 0.422 0.442 0.453 0.461 0.504 0.606 0.712 0.833 0.989 1.154 1.303 1.441 1.565 1.938 2.634 3.636 4.911 6.210 7.423 8.470 9.349 10.063 10.486 10.701 10.766 10.652 10.262 9.884 10.356 12.326 15.803 20.463 24.568 26.940 28.577 29.476 29.249 28.001 27.044 26.185 25.340 24.507 23.682 22.898 22.199 21.637 21.380 21.857 22.677 23.712
0.000 0.000 0.000 0.000 0.000 0.000 0.000 0.000 0.000 0.000 0.000 0.000 0.000 0.000 0.000 0.002 0.006 0.012 0.022 0.038 0.063 0.100 0.152 0.226 0.327 0.450 0.547 0.607 0.652 0.715 0.809 0.949 1.068 1.186 1.317 1.456 1.571 1.663 1.747 1.925 2.625 3.553 4.755 6.307 7.701 8.961 9.943 10.699 11.247 11.510 11.627 11.522 11.325 10.954 10.384 10.295 11.836 14.895 19.105 23.345 25.741 27.146 28.136 28.199 27.213 26.159 25.396 24.567 23.765 22.942 22.098 21.337 20.797 20.657 21.064 21.846 22.796
0.000 0.000 0.000 0.000 0.000 0.000 0.000 0.000 0.000 0.000 0.000 0.000 0.000 0.000 0.001 0.003 0.008 0.018 0.034 0.060 0.097 0.151 0.228 0.335 0.480 0.648 0.777 0.862 0.993 1.177 1.432 1.588 1.684 1.758 1.817 1.868 1.922 1.975 2.033 2.530 3.419 4.599 6.070 7.581 9.031 10.246 11.202 11.879 12.262 12.430 12.501 12.255 11.898 11.505 10.872 10.350 11.625 14.342 18.029 22.056 24.428 25.798 26.712 26.871 25.966 24.588 23.643 22.744 21.877 21.006 20.089 19.229 18.638 18.568 19.098 20.105 21.264
0.000 0.000 0.000 0.000 0.000 0.000 0.000 0.000 0.000 0.000 0.000 0.000 0.000 0.000 0.001 0.003 0.009 0.020 0.044 0.085 0.143 0.223 0.335 0.489 0.696 0.917 1.080 1.239 1.545 1.942 2.219 2.350 2.375 2.328 2.276 2.260 2.271 2.295 2.339 3.080 4.130 5.510 7.202 8.749 10.226 11.406 12.291 12.877 13.174 13.276 13.279 13.025 12.458 11.980 11.348 10.483 11.454 13.880 17.062 20.491 22.580 24.148 24.804 24.879 23.974 22.305 21.162 20.111 19.116 18.125 17.126 16.238 15.792 15.880 16.621 17.904 19.421
0.000 0.000 0.000 0.000 0.000 0.000 0.000 0.000 0.000 0.000 0.000 0.000 0.000 0.000 0.000 0.003 0.008 0.020 0.045 0.100 0.194 0.321 0.484 0.702 0.988 1.270 1.470 1.838 2.435 2.872 3.071 3.107 3.032 2.880 2.729 2.660 2.649 2.657 2.688 3.515 4.707 6.243 8.091 9.771 11.355 12.424 13.150 13.625 13.897 13.941 13.862 13.622 13.094 12.465 11.724 10.721 11.281 13.356 16.108 18.603 20.564 21.803 22.283 22.091 21.137 19.478 18.218 17.074 16.012 14.988 14.064 13.438 13.356 13.784 14.760 16.146 17.848
0.000 0.000 0.000 0.000 0.000 0.000 0.000 0.000 0.000 0.000 0.000 0.000 0.000 0.000 0.000 0.002 0.006 0.015 0.039 0.096 0.218 0.420 0.677 0.989 1.375 1.720 1.968 2.804 3.502 3.837 3.919 3.859 3.686 3.431 3.198 3.079 3.056 3.069 3.103 3.832 5.138 6.791 8.739 10.733 12.448 13.315 13.835 14.154 14.340 14.339 14.223 14.002 13.592 12.903 12.099 11.105 11.001 12.557 14.668 16.595 18.263 19.038 19.246 18.776 17.698 16.259 14.952 13.837 12.938 12.111 11.421 11.129 11.294 11.999 13.132 14.533 16.137
0.000 0.000 0.000 0.000 0.000 0.000 0.000 0.000 0.000 0.000 0.000 0.000 0.000 0.000 0.000 0.001 0.002 0.007 0.022 0.071 0.202 0.471 0.872 1.355 1.865 2.277 2.609 3.688 4.424 4.703 4.732 4.610 4.353 4.029 3.768 3.608 3.550 3.553 3.597 4.063 5.458 7.199 9.259 11.534 13.329 14.041 14.325 14.434 14.550 14.507 14.422 14.229 13.871 13.235 12.364 11.336 10.582 11.566 13.018 14.569 15.789 16.237 16.069 15.234 13.979 12.717 11.608 10.676 10.027 9.461 9.151 9.143 9.528 10.376 11.557 12.891 14.334
0.000 0.000 0.000 0.000 0.000 0.000 0.000 0.000 0.000 0.000 0.000 0.000 0.000 0.000 0.000 0.000 0.001 0.004 0.009 0.037 0.153 0.466 1.014 1.719 2.424 2.946 3.328 4.386 5.223 5.526 5.528 5.385 5.095 4.765 4.518 4.337 4.228 4.197 4.234 4.342 5.688 7.501 9.708 12.042 13.842 14.528 14.650 14.668 14.625 14.556 14.503 14.288 13.900 13.269 12.390 11.322 10.175 10.439 11.360 12.326 13.324 13.483 12.960 11.962 10.690 9.505 8.610 7.858 7.377 7.115 7.112 7.370 7.947 8.830 9.896 11.062 12.270
0.000 0.000 0.000 0.000 0.000 0.000 0.000 0.000 0.000 0.000 0.000 0.000 0.000 0.000 0.000 0.001 0.002 0.004 0.007 0.020 0.101 0.418 1.076 1.971 2.882 3.596 4.074 5.021 5.943 6.340 6.374 6.225 5.982 5.690 5.449 5.293 5.168 5.098 5.100 5.189 5.870 7.715 10.052 12.309 13.975 14.702 14.822 14.745 14.656 14.564 14.367 14.095 13.621 13.027 12.178 11.155 10.003 9.522 9.842 10.358 10.733 10.827 10.279 9.235 7.980 6.982 6.203 5.543 5.150 5.033 5.195 5.677 6.422 7.233 8.119 9.118 10.181
0.000 0.000 0.000 0.000 0.000 0.000 0.000 0.000 0.000 0.000 0.000 0.000 0.000 0.000 0.001 0.002 0.004 0.006 0.009 0.018 0.069 0.345 1.044 2.085 3.170 4.078 4.739 5.616 6.696 7.237 7.337 7.180 7.020 6.827 6.599 6.485 6.409 6.356 6.356 6.427 6.726 7.877 10.268 12.417 13.905 14.643 14.822 14.804 14.633 14.338 14.056 13.483 12.938 12.390 11.652 10.773 9.689 8.943 8.730 8.716 8.699 8.558 8.024 7.064 5.864 5.076 4.366 3.760 3.395 3.293 3.412 3.866 4.629 5.447 6.304 7.288 8.345
0.000 0.000 0.000 0.000 0.000 0.000 0.000 0.000 0.000 0.000 0.000 0.000 0.000 0.001 0.003 0.005 0.008 0.011 0.016 0.041 0.094 0.272 0.943 2.064 3.289 4.374 5.245 6.162 7.414 8.207 8.489 8.402 8.160 8.046 7.942 7.911 7.912 7.965 8.045 8.102 8.227 8.713 10.345 12.336 13.649 14.328 14.650 14.615 14.346 13.914 13.303 12.510 11.753 11.217 10.655 10.000 9.273 8.557 7.976 7.526 7.249 6.859 6.227 5.264 4.306 3.607 2.971 2.433 2.114 2.009 2.043 2.215 2.641 3.389 4.459 5.637 6.881
0.000 0.000 0.000 0.000 0.000 0.000 0.000 0.000 0.000 0.000 0.000 0.000 0.001 0.003 0.006 0.010 0.016 0.022 0.038 0.092 0.198 0.381 0.788 1.909 3.273 4.484 5.556 6.581 8.017 9.114 9.645 9.716 9.479 9.234 9.191 9.219 9.319 9.432 9.512 9.552 9.573 9.736 10.418 12.080 13.198 13.835 14.126 14.075 13.735 13.161 12.365 11.505 10.602 9.916 9.518 9.217 8.812 8.208 7.427 6.784 6.217 5.559 4.749 3.757 3.111 2.523 1.965 1.557 1.380 1.268 1.208 1.203 1.334 1.759 2.820 4.316 5.608
0.000 0.000 0.000 0.000 0.000 0.000 0.000 0.000 0.000 0.000 0.000 0.001 0.003 0.007 0.013 0.022 0.033 0.047 0.085 0.198 0.397 0.692 1.064 1.631 3.108 4.471 5.682 6.862 8.354 9.749 10.585 10.866 10.722 10.564 10.418 10.481 10.583 10.673 10.740 10.756 10.685 10.550 10.508 11.784 12.653 13.210 13.407 13.248 12.911 12.314 11.620 10.763 9.704 8.937 8.425 8.256 8.053 7.638 6.861 6.104 5.353 4.483 3.535 2.786 2.216 1.726 1.349 1.111 0.930 0.791 0.682 0.619 0.623 0.795 1.444 2.716 3.446
0.000 0.000 0.000 0.000 0.000 0.000 0.000 0.000 0.000 0.000 0.000 0.002 0.006 0.015 0.030 0.051 0.075 0.101 0.182 0.404 0.758 1.182 1.596 2.009 2.756 4.328 5.689 7.017 8.537 10.030 11.157 11.758 11.830 11.676 11.619 11.584 11.642 11.663 11.700 11.664 11.500 11.056 10.727 11.435 12.067 12.503 12.558 12.436 12.094 11.599 10.980 10.119 9.070 8.159 7.502 7.054 6.903 6.635 6.030 5.148 4.305 3.365 2.627 2.063 1.563 1.218 0.951 0.748 0.597 0.468 0.350 0.278 0.255 0.301 0.559 1.068 1.302
0.000 0.000 0.000 0.000 0.000 0.000 0.000 0.000 0.000 0.000 0.001 0.004 0.013 0.034 0.071 0.118 0.164 0.218 0.364 0.771 1.360 1.860 2.243 2.604 3.023 4.023 5.546 7.011 8.544 10.149 11.396 12.213 12.588 12.590 12.480 12.495 12.481 12.411 12.424 12.379 12.082 11.573 11.007 11.048 11.558 11.890 11.884 11.725 11.450 11.010 10.391 9.565 8.555 7.556 6.739 6.074 5.604 5.245 4.776 4.056 3.197 2.489 1.921 1.450 1.089 0.802 0.592 0.444 0.339 0.250 0.161 0.112 0.096 0.100 0.162 0.295 0.346
0.000 0.000 0.000 0.000 0.000 0.000 0.000 0.000 0.000 0.000 0.002 0.009 0.029 0.077 0.157 0.250 0.326 0.421 0.671 1.358 2.166 2.693 3.018 3.323 3.733 4.431 5.272 6.842 8.472 10.068 11.476 12.431 12.904 13.107 13.060 12.904 12.819 12.771 12.778 12.702 12.467 11.907 11.119 10.652 11.072 11.318 11.331 11.185 10.918 10.505 9.871 9.076 8.094 7.036 6.090 5.260 4.564 3.981 3.405 2.787 2.157 1.622 1.180 0.838 0.594 0.413 0.289 0.207 0.153 0.109 0.069 0.046 0.039 0.039 0.050 0.075 0.084
0.000 0.000 0.000 0.000 0.000 0.000 0.000 0.000 0.000 0.001 0.004 0.019 0.062 0.159 0.313 0.466 0.589 0.746 1.129 2.157 3.109 3.641 3.955 4.236 4.669 5.369 5.973 6.559 8.274 9.874 11.392 12.483 13.014 13.205 13.212 13.109 12.910 12.821 12.823 12.817 12.581 11.961 11.047 10.405 10.612 10.756 10.767 10.669 10.458 10.081 9.515 8.790 7.825 6.608 5.503 4.584 3.805 3.094 2.445 1.861 1.369 0.967 0.647 0.412 0.256 0.161 0.106 0.074 0.054 0.041 0.029 0.022 0.020 0.019 0.021 0.026 0.028
0.000 0.000 0.000 0.000 0.000 0.000 0.000 0.000 0.000 0.001 0.006 0.030 0.104 0.260 0.500 0.748 0.954 1.224 1.735 3.109 4.201 4.788 5.117 5.428 5.858 6.493 6.985 7.461 7.988 9.609 11.081 12.235 12.845 13.112 13.154 13.046 12.842 12.726 12.723 12.712 12.472 11.766 10.741 9.939 10.105 10.237 10.214 10.137 9.973 9.665 9.135 8.418 7.553 6.442 5.120 3.980 3.178 2.470 1.844 1.311 0.890 0.572 0.343 0.191 0.102 0.058 0.036 0.026 0.020 0.017 0.015 0.013 0.012 0.012 0.012 0.013 0.013
0.000 0.000 0.000 0.000 0.000 0.000 0.000 0.000 0.000 0.001 0.007 0.034 0.124 0.316 0.615 0.976 1.343 1.792 2.503 4.154 5.492 6.244 6.636 6.972 7.348 7.744 8.090 8.394 8.697 9.213 10.570 11.667 12.378 12.758 12.795 12.629 12.485 12.379 12.328 12.245 11.936 11.149 9.997 9.220 9.467 9.635 9.636 9.527 9.367 9.079 8.570 7.865 6.953 5.838 4.442 3.333 2.583 1.947 1.406 0.956 0.606 0.354 0.189 0.093 0.045 0.024 0.016 0.012 0.010 0.009 0.008 0.008 0.007 0.007 0.007 0.007 0.007
0.000 0.000 0.000 0.000 0.000 0.000 0.000 0.000 0.000 0.001 0.006 0.032 0.123 0.329 0.663 1.097 1.613 2.228 3.340 5.241 6.896 7.835 8.291 8.548 8.756 8.919 9.068 9.207 9.350 9.462 9.959 10.934 11.662 12.012 12.058 11.866 11.778 11.763 11.690 11.456 10.966 10.086 8.901 8.563 8.599 8.765 8.796 8.732 8.540 8.204 7.639 6.898 5.940 4.749 3.435 2.624 1.972 1.442 1.011 0.661 0.394 0.211 0.101 0.045 0.020 0.011 0.007 0.006 0.005 0.005 0.005 0.004 0.004 0.004 0.004 0.004 0.004
0.000 0.000 0.000 0.000 0.000 0.000 0.000 0.000 0.000 0.000 0.005 0.026 0.108 0.313 0.662 1.142 1.753 2.541 4.054 6.363 8.195 9.216 9.696 9.905 9.990 9.960 9.875 9.817 9.815 9.804 9.782 10.188 10.851 11.048 11.035 10.919 10.684 10.620 10.555 10.283 9.671 8.711 7.953 7.786 7.660 7.660 7.677 7.580 7.378 6.976 6.354 5.536 4.505 3.403 2.540 1.875 1.358 0.945 0.622 0.381 0.211 0.104 0.046 0.019 0.008 0.005 0.003 0.003 0.003 0.003 0.002 0.002 0.002 0.002 0.002 0.002 0.002
0.000 0.000 0.000 0.000 0.000 0.000 0.000 0.000 0.000 0.000 0.002 0.014 0.075 0.262 0.623 1.149 1.820 3.009 5.105 7.365 9.219 10.367 10.835 10.975 10.960 10.762 10.451 10.236 10.097 9.990 9.903 9.835 10.209 10.417 10.437 10.327 10.100 9.754 9.306 8.766 8.026 7.499 7.117 6.833 6.603 6.418 6.308 6.175 5.857 5.407 4.767 3.992 3.162 2.356 1.701 1.186 0.788 0.491 0.285 0.155 0.078 0.036 0.015 0.006 0.003 0.002 0.001 0.001 0.001 0.001 0.001 0.001 0.001 0.001 0.001 0.001 0.001
0.000 0.000 0.000 0.000 0.000 0.000 0.000 0.000 0.000 0.001 0.005 0.019 0.064 0.187 0.536 1.108 2.225 3.948 6.033 7.951 9.927 11.356 11.854 11.952 11.844 11.487 10.985 10.628 10.319 10.123 9.983 9.822 9.837 10.043 10.082 9.903 9.596 9.156 8.603 7.950 7.255 6.756 6.491 6.219 5.917 5.569 5.168 4.699 4.140 3.643 3.142 2.631 2.046 1.465 0.986 0.614 0.350 0.182 0.086 0.039 0.018 0.008 0.004 0.002 0.001 0.001 0.000 0.000 0.000 0.000 0.000 0.000 0.000 0.000 0.000 0.000 0.000
0.000 0.000 0.000 0.000 0.000 0.000 0.000 0.000 0.000 0.001 0.007 0.029 0.099 0.291 0.745 1.638 3.080 4.819 6.573 8.114 9.897 11.597 12.290 12.491 12.413 12.031 11.468 10.952 10.571 10.224 9.952 9.747 9.542 9.622 9.567 9.284 8.862 8.307 7.700 7.129 6.940 6.724 6.461 6.168 5.842 5.463 5.013 4.497 3.900 3.190 2.362 1.571 1.146 0.755 0.448 0.236 0.109 0.044 0.017 0.007 0.003 0.001 0.001 0.000 0.000 0.000 0.000 0.000 0.000 0.000 0.000 0.000 0.000 0.000 0.000 0.000 0.000
0.000 0.000 0.000 0.000 0.000 0.000 0.000 0.000 0.000 0.001 0.008 0.035 0.128 0.392 1.021 2.241 3.904 5.394 6.772 8.053 9.250 10.786 11.985 12.451 12.542 12.352 11.779 11.109 10.658 10.261 9.903 9.591 9.197 9.094 8.876 8.452 7.921 7.574 7.332 7.106 6.879 6.663 6.422 6.125 5.758 5.348 4.901 4.375 3.746 2.968 2.042 1.153 0.538 0.302 0.149 0.064 0.024 0.009 0.003 0.001 0.001 0.000 0.000 0.000 0.000 0.000 0.000 0.000 0.000 0.000 0.000 0.000 0.000 0.000 0.000 0.000 0.000
0.000 0.000 0.000 0.000 0.000 0.000 0.000 0.000 0.000 0.001 0.008 0.037 0.144 0.468 1.279 2.750 4.494 5.759 6.840 7.828 8.665 10.316 11.044 11.727 12.109 12.017 11.545 10.887 10.340 9.865 9.395 9.137 9.129 8.995 8.682 8.204 7.815 7.579 7.368 7.113 6.843 6.600 6.365 6.085 5.720 5.288 4.809 4.268 3.599 2.739 1.696 0.849 0.355 0.125 0.038 0.014 0.005 0.002 0.001 0.000 0.000 0.000 0.000 0.000 0.000 0.000 0.000 0.000 0.000 0.000 0.000 0.000 0.000 0.000 0.000 0.000 0.000
0.000 0.000 0.000 0.000 0.000 0.000 0.000 0.000 0.000 0.001 0.008 0.038 0.149 0.557 1.508 3.143 4.895 6.064 6.905 7.639 8.206 9.669 10.474 10.860 10.807 10.508 9.995 9.446 9.031 9.003 9.163 9.163 9.133 8.986 8.664 8.161 7.803 7.596 7.394 7.087 6.789 6.552 6.322 6.052 5.685 5.226 4.723 4.110 3.331 2.314 1.265 0.563 0.213 0.068 0.019 0.004 0.001 0.000 0.000 0.000 0.000 0.000 0.000 0.000 0.000 0.000 0.000 0.000 0.000 0.000 0.000 0.000 0.000 0.000 0.000 0.000 0.000
0.000 0.000 0.000 0.000 0.000 0.000 0.000 0.000 0.000 0.001 0.008 0.037 0.158 0.620 1.705 3.443 5.176 6.377 7.079 7.521 7.872 9.284 10.378 10.730 10.808 10.638 10.165 9.518 8.968 8.993 9.132 9.146 9.160 9.015 8.711 8.262 7.918 7.691 7.419 7.010 6.667 6.458 6.244 5.986 5.641 5.184 4.637 3.963 3.060 1.803 0.840 0.337 0.117 0.035 0.009 0.002 0.000 0.000 0.000 0.000 0.000 0.000 0.000 0.000 0.000 0.000 0.000 0.000 0.000 0.000 0.000 0.000 0.000 0.000 0.000 0.000 0.000
0.000 0.000 0.000 0.000 0.000 0.000 0.000 0.001 0.001 0.002 0.006 0.032 0.154 0.652 1.864 3.753 5.451 6.660 7.380 7.656 7.777 7.859 9.271 10.076 10.257 10.094 9.595 8.886 8.591 8.935 9.111 9.196 9.208 9.171 8.970 8.627 8.258 7.911 7.537 7.001 6.603 6.399 6.226 5.943 5.548 5.055 4.430 3.634 2.556 1.337 0.529 0.189 0.060 0.017 0.004 0.001 0.000 0.000 0.000 0.000 0.000 0.000 0.000 0.000 0.000 0.000 0.000 0.000 0.000 0.000 0.000 0.000 0.000 0.000 0.000 0.000 0.000
