RESULTS/r.avaflow_results/33_results/33_ascii/33_hflow10039.asc
ncols 506
nrows 317
xllcenter 498237.50
yllcenter 5580050.00
cellsize 12.50
NODATA_value -9999.000
[rows 170 to 203 of 317, columns 77 to 153 of 506]
0.000 0.000 0.000 0.000 0.000 0.000 0.000 0.000 0.000 0.000 0.000 0.000 0.001 0.002 0.004 0.007 0.010 0.013 0.016 0.018 0.020 0.024 0.034 0.057 0.100 0.149 0.180 0.199 0.214 0.225 0.231 0.234 0.233 0.231 0.231 0.238 0.260 0.289 0.303 0.303 0.291 0.259 0.241 0.253 0.330 0.491 0.706 0.943 1.212 1.569 2.095 2.925 4.053 5.043 5.548 5.695 5.742 5.801 5.848 5.859 5.832 5.713 5.474 5.113 4.644 4.069 3.425 2.837 2.331 1.899 1.535 1.236 0.991 0.791 0.629 0.499 0.396
0.000 0.000 0.000 0.000 0.000 0.000 0.000 0.000 0.000 0.000 0.001 0.002 0.004 0.007 0.012 0.019 0.026 0.033 0.040 0.047 0.055 0.067 0.091 0.132 0.188 0.235 0.261 0.279 0.294 0.304 0.309 0.310 0.309 0.307 0.309 0.325 0.362 0.409 0.432 0.436 0.423 0.403 0.414 0.515 0.762 1.129 1.530 1.940 2.413 3.019 3.816 4.757 5.618 6.130 6.311 6.323 6.305 6.297 6.279 6.242 6.161 5.996 5.724 5.333 4.820 4.196 3.513 2.912 2.398 1.961 1.595 1.291 1.040 0.833 0.664 0.528 0.419
0.000 0.000 0.000 0.000 0.000 0.000 0.000 0.000 0.000 0.001 0.003 0.006 0.011 0.018 0.028 0.039 0.053 0.068 0.084 0.101 0.121 0.149 0.194 0.251 0.304 0.337 0.359 0.376 0.390 0.399 0.403 0.404 0.403 0.401 0.406 0.430 0.483 0.549 0.594 0.616 0.630 0.663 0.791 1.109 1.630 2.230 2.806 3.393 4.094 4.891 5.648 6.261 6.659 6.819 6.839 6.801 6.744 6.678 6.602 6.522 6.400 6.208 5.905 5.480 4.931 4.266 3.571 2.967 2.451 2.013 1.644 1.335 1.076 0.863 0.688 0.548 0.434
0.000 0.000 0.000 0.000 0.000 0.000 0.000 0.000 0.001 0.003 0.007 0.012 0.022 0.034 0.050 0.068 0.091 0.118 0.148 0.183 0.223 0.276 0.340 0.399 0.436 0.459 0.477 0.493 0.506 0.514 0.517 0.517 0.516 0.515 0.522 0.552 0.616 0.706 0.793 0.873 0.973 1.164 1.552 2.195 3.016 3.789 4.496 5.206 5.910 6.538 7.027 7.317 7.417 7.390 7.294 7.182 7.082 6.981 6.871 6.752 6.600 6.374 6.040 5.580 4.993 4.294 3.602 3.004 2.490 2.051 1.677 1.363 1.099 0.881 0.703 0.559 0.444
0.000 0.000 0.000 0.000 0.000 0.000 0.000 0.000 0.002 0.005 0.012 0.021 0.035 0.054 0.077 0.106 0.141 0.184 0.234 0.293 0.362 0.438 0.509 0.557 0.585 0.604 0.621 0.635 0.646 0.652 0.653 0.653 0.650 0.648 0.655 0.689 0.763 0.883 1.043 1.238 1.523 2.026 2.820 3.844 4.853 5.686 6.356 6.922 7.400 7.773 8.017 8.097 8.056 7.908 7.668 7.474 7.338 7.220 7.094 6.950 6.763 6.503 6.132 5.636 5.017 4.303 3.617 3.023 2.511 2.071 1.694 1.377 1.111 0.892 0.712 0.566 0.449
0.000 0.000 0.000 0.000 0.000 0.000 0.000 0.000 0.002 0.007 0.015 0.027 0.045 0.072 0.106 0.151 0.205 0.270 0.347 0.437 0.534 0.625 0.693 0.735 0.761 0.780 0.795 0.807 0.815 0.818 0.817 0.814 0.804 0.796 0.797 0.822 0.896 1.045 1.296 1.678 2.277 3.242 4.577 5.859 6.824 7.518 7.989 8.333 8.592 8.749 8.806 8.752 8.605 8.339 7.994 7.732 7.557 7.418 7.281 7.125 6.904 6.604 6.190 5.661 5.019 4.300 3.621 3.031 2.517 2.076 1.699 1.380 1.114 0.895 0.716 0.568 0.451
0.000 0.000 0.000 0.000 0.000 0.000 0.000 0.000 0.002 0.007 0.016 0.030 0.051 0.083 0.127 0.188 0.267 0.369 0.491 0.621 0.740 0.837 0.903 0.945 0.972 0.991 1.004 1.013 1.017 1.017 1.013 1.001 0.978 0.949 0.933 0.942 1.006 1.166 1.472 1.993 2.893 4.366 6.208 7.607 8.510 9.049 9.333 9.479 9.561 9.556 9.466 9.286 9.032 8.694 8.302 7.979 7.754 7.595 7.445 7.264 7.012 6.673 6.218 5.663 5.011 4.289 3.613 3.025 2.510 2.071 1.694 1.376 1.111 0.893 0.715 0.567 0.450
0.000 0.000 0.000 0.000 0.000 0.000 0.000 0.000 0.002 0.007 0.016 0.030 0.053 0.088 0.139 0.210 0.309 0.444 0.626 0.826 0.976 1.083 1.156 1.202 1.230 1.246 1.256 1.261 1.260 1.255 1.243 1.217 1.172 1.109 1.062 1.054 1.097 1.247 1.573 2.169 3.258 5.126 7.407 8.987 9.878 10.267 10.384 10.394 10.329 10.183 9.960 9.684 9.363 8.994 8.588 8.238 7.972 7.770 7.587 7.370 7.083 6.701 6.221 5.646 4.977 4.248 3.577 2.994 2.483 2.046 1.673 1.358 1.097 0.882 0.707 0.562 0.445
0.000 0.000 0.000 0.000 0.000 0.000 0.000 0.000 0.002 0.007 0.015 0.029 0.053 0.089 0.142 0.218 0.328 0.485 0.709 1.000 1.237 1.377 1.465 1.516 1.544 1.557 1.561 1.560 1.553 1.536 1.509 1.464 1.392 1.285 1.191 1.158 1.178 1.301 1.620 2.247 3.425 5.526 8.219 10.031 10.913 11.175 11.179 11.087 10.893 10.612 10.304 9.974 9.616 9.245 8.852 8.482 8.181 7.935 7.704 7.440 7.111 6.697 6.194 5.592 4.894 4.164 3.504 2.931 2.430 2.000 1.634 1.326 1.071 0.863 0.692 0.551 0.436
0.000 0.000 0.000 0.000 0.000 0.000 0.000 0.000 0.002 0.005 0.012 0.025 0.049 0.086 0.140 0.219 0.332 0.498 0.741 1.093 1.491 1.736 1.847 1.903 1.926 1.933 1.930 1.919 1.899 1.867 1.819 1.750 1.645 1.485 1.330 1.258 1.256 1.348 1.642 2.271 3.469 5.647 8.642 10.717 11.622 11.793 11.740 11.541 11.229 10.836 10.471 10.138 9.796 9.446 9.081 8.702 8.369 8.081 7.799 7.479 7.105 6.654 6.117 5.478 4.751 4.031 3.390 2.833 2.348 1.931 1.578 1.282 1.039 0.838 0.672 0.537 0.425
0.000 0.000 0.000 0.000 0.000 0.000 0.000 0.000 0.001 0.003 0.008 0.018 0.037 0.072 0.126 0.206 0.322 0.490 0.739 1.106 1.623 2.091 2.314 2.372 2.386 2.383 2.371 2.345 2.305 2.253 2.182 2.083 1.938 1.721 1.495 1.367 1.338 1.400 1.663 2.275 3.459 5.631 8.730 11.012 12.037 12.181 12.066 11.779 11.375 10.931 10.554 10.224 9.905 9.584 9.246 8.884 8.524 8.193 7.866 7.495 7.072 6.566 5.978 5.288 4.540 3.846 3.233 2.699 2.238 1.843 1.509 1.231 1.000 0.809 0.650 0.519 0.411
0.000 0.000 0.000 0.000 0.000 0.000 0.000 0.000 0.000 0.001 0.003 0.008 0.019 0.044 0.088 0.161 0.270 0.431 0.674 1.049 1.600 2.284 2.760 2.918 2.926 2.915 2.888 2.843 2.780 2.702 2.604 2.470 2.280 2.014 1.712 1.511 1.444 1.476 1.701 2.282 3.418 5.500 8.589 11.016 12.185 12.373 12.211 11.865 11.406 10.948 10.571 10.254 9.959 9.663 9.355 9.019 8.652 8.278 7.905 7.491 7.015 6.448 5.784 5.026 4.273 3.609 3.031 2.532 2.102 1.739 1.432 1.175 0.959 0.780 0.629 0.504 0.401
0.000 0.000 0.000 0.000 0.000 0.000 0.000 0.000 0.000 0.000 0.001 0.003 0.007 0.017 0.039 0.083 0.158 0.281 0.484 0.832 1.407 2.250 3.041 3.436 3.520 3.512 3.475 3.411 3.325 3.220 3.089 2.918 2.689 2.382 2.012 1.738 1.614 1.615 1.793 2.332 3.400 5.293 8.233 10.796 12.120 12.395 12.239 11.867 11.388 10.928 10.550 10.236 9.960 9.694 9.416 9.103 8.744 8.347 7.929 7.470 6.944 6.320 5.597 4.798 4.056 3.407 2.850 2.373 1.969 1.634 1.352 1.118 0.918 0.752 0.610 0.492 0.395
0.000 0.000 0.000 0.000 0.000 0.000 0.000 0.000 0.000 0.000 0.000 0.001 0.002 0.005 0.013 0.030 0.062 0.119 0.232 0.479 1.016 1.988 3.134 3.816 4.052 4.097 4.084 4.028 3.930 3.800 3.640 3.439 3.180 2.842 2.430 2.101 1.913 1.873 1.994 2.470 3.458 5.128 7.742 10.326 11.769 12.205 12.135 11.806 11.318 10.834 10.472 10.185 9.928 9.676 9.418 9.131 8.796 8.397 7.949 7.445 6.878 6.217 5.467 4.655 3.918 3.272 2.721 2.252 1.861 1.540 1.276 1.060 0.877 0.725 0.595 0.485 0.393
0.000 0.000 0.000 0.000 0.000 0.000 0.000 0.000 0.000 0.000 0.000 0.000 0.001 0.002 0.005 0.012 0.024 0.047 0.098 0.231 0.613 1.540 2.962 3.995 4.449 4.597 4.635 4.616 4.547 4.428 4.258 4.039 3.764 3.416 2.998 2.643 2.410 2.324 2.384 2.759 3.615 5.053 7.194 9.593 11.109 11.721 11.776 11.570 11.149 10.653 10.260 9.987 9.791 9.614 9.407 9.139 8.814 8.424 7.964 7.429 6.832 6.148 5.388 4.576 3.841 3.194 2.636 2.165 1.776 1.459 1.203 0.999 0.834 0.698 0.583 0.482 0.393
0.000 0.000 0.000 0.000 0.000 0.000 0.000 0.000 0.000 0.000 0.000 0.000 0.001 0.002 0.004 0.009 0.017 0.031 0.059 0.135 0.383 1.119 2.563 3.931 4.654 4.974 5.107 5.154 5.139 5.074 4.939 4.730 4.461 4.127 3.736 3.403 3.168 3.052 3.065 3.317 3.977 5.137 6.782 8.718 10.133 10.890 11.109 11.049 10.782 10.352 9.896 9.590 9.419 9.330 9.226 9.062 8.801 8.429 7.970 7.424 6.805 6.109 5.347 4.541 3.805 3.153 2.586 2.105 1.709 1.388 1.132 0.934 0.783 0.668 0.570 0.479 0.394
0.000 0.000 0.000 0.000 0.000 0.000 0.000 0.000 0.000 0.000 0.000 0.000 0.001 0.002 0.005 0.010 0.017 0.031 0.057 0.118 0.289 0.823 2.049 3.635 4.674 5.206 5.484 5.634 5.693 5.687 5.625 5.486 5.266 4.980 4.655 4.389 4.207 4.109 4.095 4.221 4.633 5.423 6.615 8.075 9.227 9.930 10.203 10.232 10.130 9.851 9.390 8.986 8.801 8.770 8.779 8.772 8.662 8.382 7.953 7.416 6.784 6.091 5.332 4.531 3.792 3.133 2.559 2.068 1.659 1.328 1.066 0.866 0.721 0.620 0.538 0.458 0.372
0.000 0.000 0.000 0.000 0.000 0.000 0.000 0.000 0.000 0.000 0.000 0.000 0.002 0.004 0.008 0.015 0.026 0.042 0.071 0.130 0.275 0.662 1.567 3.085 4.477 5.285 5.725 6.014 6.190 6.258 6.254 6.197 6.076 5.898 5.681 5.508 5.403 5.358 5.354 5.395 5.582 6.011 6.770 7.787 8.613 9.152 9.379 9.412 9.374 9.207 8.844 8.361 8.059 8.004 8.097 8.225 8.270 8.156 7.830 7.348 6.750 6.078 5.333 4.540 3.787 3.122 2.543 2.044 1.622 1.275 1.002 0.795 0.644 0.537 0.450 0.364 0.269
0.000 0.000 0.000 0.000 0.000 0.000 0.000 0.000 0.000 0.000 0.000 0.001 0.003 0.008 0.017 0.031 0.050 0.077 0.116 0.182 0.315 0.615 1.275 2.474 4.024 5.174 5.826 6.267 6.580 6.764 6.838 6.837 6.789 6.698 6.570 6.460 6.395 6.372 6.377 6.412 6.523 6.748 7.143 7.748 8.282 8.619 8.787 8.821 8.802 8.676 8.389 7.920 7.519 7.330 7.333 7.472 7.626 7.644 7.494 7.147 6.647 6.033 5.334 4.559 3.784 3.110 2.529 2.025 1.591 1.226 0.935 0.711 0.535 0.394 0.279 0.185 0.112
0.000 0.000 0.000 0.000 0.000 0.000 0.000 0.000 0.000 0.000 0.001 0.002 0.007 0.017 0.037 0.066 0.104 0.152 0.211 0.292 0.423 0.671 1.163 2.063 3.474 4.881 5.783 6.389 6.860 7.169 7.334 7.397 7.402 7.368 7.301 7.232 7.172 7.128 7.115 7.138 7.200 7.316 7.518 7.838 8.141 8.311 8.398 8.420 8.395 8.271 8.006 7.579 7.148 6.863 6.743 6.742 6.831 6.888 6.869 6.691 6.331 5.810 5.179 4.452 3.708 3.048 2.477 1.979 1.539 1.153 0.831 0.573 0.367 0.217 0.123 0.068 0.036
0.000 0.000 0.000 0.000 0.000 0.000 0.000 0.000 0.000 0.000 0.001 0.005 0.014 0.035 0.076 0.134 0.206 0.285 0.373 0.477 0.615 0.825 1.208 1.912 3.069 4.505 5.601 6.380 6.990 7.446 7.733 7.874 7.921 7.917 7.878 7.815 7.764 7.712 7.668 7.649 7.651 7.686 7.763 7.902 8.057 8.135 8.158 8.141 8.080 7.934 7.666 7.274 6.844 6.521 6.313 6.176 6.101 6.053 6.012 5.906 5.655 5.228 4.649 3.978 3.320 2.726 2.197 1.726 1.303 0.922 0.595 0.342 0.179 0.091 0.047 0.024 0.013
0.000 0.000 0.000 0.000 0.000 0.000 0.000 0.000 0.000 0.001 0.003 0.009 0.027 0.070 0.147 0.253 0.373 0.494 0.618 0.753 0.907 1.100 1.395 1.951 2.904 4.203 5.367 6.285 7.036 7.615 8.023 8.248 8.331 8.345 8.337 8.275 8.205 8.138 8.077 8.005 7.925 7.886 7.876 7.916 7.979 7.998 7.973 7.915 7.805 7.634 7.354 6.976 6.550 6.205 5.943 5.713 5.512 5.323 5.134 4.930 4.665 4.261 3.708 3.082 2.504 1.989 1.525 1.116 0.765 0.476 0.265 0.134 0.064 0.032 0.017 0.009 0.005
0.000 0.000 0.000 0.000 0.000 0.000 0.000 0.000 0.000 0.001 0.005 0.017 0.052 0.132 0.264 0.435 0.613 0.786 0.958 1.134 1.317 1.516 1.766 2.184 2.948 4.054 5.215 6.198 7.023 7.683 8.184 8.500 8.645 8.666 8.660 8.610 8.548 8.464 8.368 8.243 8.091 7.984 7.920 7.906 7.907 7.888 7.812 7.701 7.542 7.341 7.045 6.663 6.237 5.870 5.564 5.279 5.001 4.705 4.373 3.987 3.540 3.030 2.464 1.905 1.429 1.037 0.715 0.462 0.278 0.155 0.080 0.039 0.020 0.011 0.006 0.004 0.002
0.000 0.000 0.000 0.000 0.000 0.000 0.000 0.000 0.000 0.001 0.007 0.028 0.090 0.223 0.428 0.680 0.927 1.168 1.405 1.632 1.856 2.082 2.326 2.657 3.215 4.087 5.160 6.164 7.019 7.717 8.264 8.624 8.825 8.880 8.879 8.845 8.789 8.697 8.564 8.381 8.174 8.010 7.918 7.879 7.837 7.772 7.654 7.492 7.294 7.041 6.712 6.314 5.878 5.489 5.158 4.846 4.512 4.121 3.648 3.083 2.474 1.906 1.413 1.001 0.674 0.428 0.256 0.145 0.078 0.041 0.021 0.011 0.007 0.004 0.003 0.002 0.001
0.000 0.000 0.000 0.000 0.000 0.000 0.000 0.000 0.000 0.001 0.008 0.032 0.112 0.295 0.586 0.948 1.306 1.642 1.961 2.255 2.525 2.784 3.047 3.345 3.757 4.378 5.236 6.190 7.043 7.755 8.329 8.710 8.937 9.012 9.019 9.005 8.950 8.847 8.691 8.462 8.211 8.006 7.873 7.793 7.712 7.612 7.476 7.281 7.028 6.709 6.337 5.913 5.462 5.025 4.629 4.249 3.840 3.345 2.727 2.045 1.450 1.009 0.680 0.436 0.262 0.148 0.078 0.040 0.020 0.011 0.006 0.004 0.002 0.002 0.001 0.001 0.001
0.000 0.000 0.000 0.000 0.000 0.000 0.000 0.000 0.000 0.001 0.007 0.032 0.116 0.327 0.687 1.167 1.701 2.202 2.635 3.015 3.348 3.644 3.924 4.210 4.536 4.968 5.575 6.357 7.159 7.840 8.384 8.771 9.010 9.105 9.125 9.099 9.036 8.927 8.751 8.497 8.224 7.976 7.790 7.655 7.529 7.400 7.239 7.012 6.715 6.343 5.908 5.414 4.884 4.302 3.705 3.154 2.606 2.027 1.442 0.964 0.632 0.405 0.251 0.150 0.085 0.044 0.021 0.010 0.005 0.003 0.002 0.001 0.001 0.001 0.001 0.001 0.000
0.000 0.000 0.000 0.000 0.000 0.000 0.000 0.000 0.000 0.001 0.006 0.028 0.110 0.332 0.744 1.330 2.038 2.793 3.429 3.928 4.333 4.670 4.960 5.233 5.505 5.815 6.220 6.764 7.418 8.023 8.509 8.874 9.092 9.183 9.198 9.161 9.078 8.944 8.764 8.510 8.209 7.899 7.645 7.435 7.243 7.066 6.866 6.614 6.293 5.885 5.385 4.790 4.088 3.242 2.428 1.783 1.264 0.838 0.520 0.314 0.191 0.116 0.071 0.042 0.023 0.011 0.005 0.002 0.001 0.001 0.001 0.001 0.000 0.000 0.000 0.000 0.000
0.000 0.000 0.000 0.000 0.000 0.000 0.000 0.000 0.000 0.001 0.005 0.023 0.095 0.317 0.769 1.456 2.311 3.290 4.202 4.927 5.475 5.877 6.174 6.416 6.642 6.859 7.096 7.422 7.868 8.344 8.729 9.009 9.181 9.251 9.258 9.196 9.091 8.934 8.740 8.495 8.169 7.795 7.456 7.147 6.863 6.595 6.312 6.005 5.649 5.202 4.648 3.971 3.113 2.181 1.436 0.894 0.520 0.283 0.149 0.081 0.047 0.029 0.018 0.010 0.005 0.003 0.001 0.001 0.000 0.000 0.000 0.000 0.000 0.000 0.000 0.000 0.000
0.000 0.000 0.000 0.000 0.000 0.000 0.000 0.000 0.000 0.001 0.004 0.019 0.080 0.294 0.778 1.552 2.534 3.653 4.801 5.784 6.547 7.091 7.459 7.721 7.919 8.059 8.176 8.311 8.516 8.786 9.023 9.193 9.284 9.298 9.284 9.194 9.072 8.902 8.686 8.429 8.086 7.671 7.234 6.806 6.407 6.015 5.614 5.198 4.752 4.225 3.607 2.879 2.070 1.335 0.782 0.416 0.203 0.094 0.043 0.021 0.011 0.006 0.004 0.002 0.001 0.001 0.000 0.000 0.000 0.000 0.000 0.000 0.000 0.000 0.000 0.000 0.000
0.000 0.000 0.000 0.001 0.001 0.001 0.001 0.001 0.001 0.002 0.005 0.018 0.077 0.287 0.796 1.638 2.712 3.897 5.173 6.401 7.394 8.107 8.593 8.909 9.106 9.217 9.279 9.315 9.346 9.391 9.429 9.436 9.376 9.296 9.243 9.136 8.989 8.796 8.555 8.270 7.919 7.485 6.982 6.434 5.910 5.406 4.899 4.382 3.841 3.246 2.593 1.903 1.257 0.738 0.383 0.178 0.077 0.031 0.013 0.005 0.002 0.001 0.001 0.000 0.000 0.000 0.000 0.000 0.000 0.000 0.000 0.000 0.000 0.000 0.000 0.000 0.000
0.000 0.001 0.001 0.002 0.002 0.002 0.002 0.002 0.002 0.003 0.005 0.019 0.079 0.304 0.850 1.742 2.847 4.033 5.340 6.744 7.971 8.895 9.521 9.905 10.107 10.189 10.208 10.187 10.114 9.986 9.817 9.630 9.409 9.212 9.066 8.919 8.752 8.564 8.329 8.027 7.672 7.228 6.691 6.058 5.426 4.841 4.266 3.691 3.093 2.468 1.831 1.226 0.728 0.378 0.173 0.072 0.028 0.010 0.004 0.001 0.001 0.000 0.000 0.000 0.000 0.000 0.000 0.000 0.000 0.000 0.000 0.000 0.000 0.000 0.000 0.000 0.000
0.002 0.002 0.003 0.003 0.003 0.003 0.003 0.003 0.003 0.003 0.006 0.021 0.093 0.360 0.957 1.860 2.923 4.080 5.388 6.877 8.307 9.437 10.219 10.676 10.879 10.938 10.926 10.839 10.661 10.391 10.066 9.725 9.354 8.998 8.695 8.460 8.259 8.079 7.874 7.608 7.269 6.846 6.308 5.655 4.957 4.304 3.685 3.074 2.453 1.834 1.254 0.763 0.402 0.182 0.074 0.028 0.010 0.003 0.001 0.000 0.000 0.000 0.000 0.000 0.000 0.000 0.000 0.000 0.000 0.000 0.000 0.000 0.000 0.000 0.000 0.000 0.000
0.004 0.004 0.005 0.005 0.004 0.004 0.004 0.004 0.004 0.004 0.008 0.028 0.122 0.435 1.061 1.936 2.941 4.081 5.394 6.892 8.438 9.736 10.655 11.177 11.397 11.427 11.393 11.262 11.009 10.636 10.197 9.720 9.203 8.649 8.161 7.794 7.518 7.297 7.085 6.851 6.564 6.218 5.756 5.154 4.460 3.763 3.112 2.489 1.877 1.300 0.806 0.435 0.200 0.079 0.029 0.010 0.003 0.001 0.000 0.000 0.000 0.000 0.000 0.000 0.000 0.000 0.000 0.000 0.000 0.000 0.000 0.000 0.000 0.000 0.000 0.000 0.000
0.006 0.007 0.006 0.006 0.005 0.005 0.005 0.005 0.005 0.006 0.011 0.034 0.138 0.472 1.103 1.952 2.920 4.038 5.338 6.832 8.412 9.789 10.799 11.375 11.640 11.661 11.598 11.426 11.130 10.702 10.202 9.588 8.914 8.179 7.501 6.964 6.556 6.246 5.990 5.750 5.519 5.262 4.940 4.476 3.877 3.207 2.524 1.890 1.312 0.822 0.450 0.210 0.084 0.029 0.009 0.003 0.001 0.000 0.000 0.000 0.000 0.000 0.000 0.000 0.000 0.000 0.000 0.000 0.000 0.000 0.000 0.000 0.000 0.000 0.000 0.000 0.000
