RESULTS/r.avaflow_results/33_results/33_ascii/33_hflow30039.asc
ncols 506
nrows 317
xllcenter 498237.50
yllcenter 5580050.00
cellsize 12.50
NODATA_value -9999.000
[rows 170 to 203 of 317, columns 154 to 230 of 506]
9.048 8.954 8.843 8.709 8.532 8.321 8.125 7.960 7.809 7.659 7.518 7.379 7.218 6.971 6.560 5.958 5.209 4.413 3.635 2.888 2.183 1.556 1.054 0.709 0.502 0.389 0.335 0.317 0.316 0.332 0.372 0.424 0.457 0.473 0.481 0.488 0.502 0.525 0.536 0.534 0.519 0.503 0.499 0.497 0.492 0.474 0.438 0.383 0.315 0.249 0.192 0.150 0.123 0.105 0.093 0.087 0.085 0.086 0.089 0.092 0.093 0.094 0.095 0.095 0.096 0.098 0.102 0.113 0.141 0.204 0.323 0.436 0.478 0.476 0.424 0.301 0.181
12.341 12.592 12.722 12.759 12.724 12.590 12.375 12.124 11.869 11.605 11.349 11.103 10.854 10.547 10.080 9.378 8.439 7.334 6.171 5.010 3.896 2.881 2.022 1.374 0.949 0.693 0.551 0.484 0.464 0.473 0.504 0.538 0.551 0.550 0.539 0.530 0.530 0.537 0.539 0.530 0.505 0.480 0.464 0.450 0.431 0.394 0.328 0.244 0.169 0.121 0.094 0.077 0.067 0.061 0.059 0.059 0.061 0.065 0.069 0.071 0.071 0.070 0.069 0.068 0.068 0.068 0.071 0.081 0.101 0.145 0.230 0.347 0.420 0.441 0.429 0.370 0.261
15.864 16.462 16.715 16.742 16.643 16.405 16.081 15.741 15.409 15.074 14.743 14.439 14.145 13.826 13.387 12.713 11.760 10.563 9.206 7.769 6.314 4.897 3.618 2.563 1.783 1.256 0.922 0.728 0.631 0.590 0.575 0.571 0.565 0.555 0.535 0.517 0.510 0.505 0.497 0.471 0.424 0.379 0.343 0.310 0.273 0.223 0.161 0.110 0.078 0.060 0.049 0.043 0.040 0.039 0.039 0.041 0.045 0.050 0.054 0.055 0.055 0.054 0.052 0.051 0.050 0.050 0.053 0.059 0.074 0.102 0.157 0.255 0.360 0.412 0.421 0.402 0.338
18.528 19.447 19.855 19.912 19.807 19.564 19.253 18.936 18.616 18.272 17.905 17.562 17.242 16.909 16.479 15.812 14.851 13.641 12.283 10.827 9.267 7.605 5.923 4.396 3.153 2.215 1.554 1.123 0.858 0.699 0.608 0.562 0.537 0.513 0.482 0.452 0.430 0.410 0.382 0.331 0.263 0.208 0.172 0.147 0.123 0.097 0.070 0.051 0.040 0.033 0.029 0.027 0.027 0.027 0.028 0.030 0.034 0.038 0.041 0.042 0.042 0.041 0.040 0.039 0.039 0.039 0.041 0.046 0.055 0.072 0.106 0.170 0.280 0.372 0.406 0.404 0.372
19.996 21.148 21.805 22.061 22.117 22.044 21.911 21.747 21.532 21.239 20.864 20.468 20.110 19.746 19.304 18.648 17.707 16.511 15.145 13.676 12.113 10.420 8.556 6.603 4.841 3.409 2.329 1.578 1.087 0.782 0.609 0.515 0.456 0.408 0.359 0.314 0.281 0.250 0.217 0.173 0.128 0.098 0.080 0.068 0.057 0.045 0.035 0.028 0.024 0.021 0.020 0.019 0.019 0.019 0.020 0.022 0.025 0.029 0.031 0.032 0.032 0.032 0.031 0.031 0.031 0.032 0.034 0.037 0.043 0.053 0.073 0.112 0.191 0.301 0.369 0.386 0.373
20.332 21.601 22.501 23.076 23.442 23.677 23.815 23.845 23.776 23.576 23.209 22.728 22.313 21.923 21.483 20.875 20.031 18.940 17.612 16.083 14.399 12.564 10.527 8.231 6.025 4.206 2.815 1.840 1.205 0.813 0.578 0.432 0.333 0.259 0.203 0.167 0.146 0.129 0.111 0.087 0.065 0.051 0.042 0.036 0.030 0.025 0.021 0.018 0.016 0.015 0.014 0.014 0.014 0.014 0.015 0.016 0.018 0.021 0.023 0.024 0.025 0.025 0.025 0.025 0.026 0.027 0.029 0.031 0.035 0.042 0.054 0.078 0.125 0.211 0.299 0.342 0.351
20.073 21.411 22.457 23.235 23.869 24.392 24.734 24.889 24.915 24.812 24.466 23.896 23.438 23.074 22.674 22.128 21.395 20.446 19.214 17.667 15.859 13.849 11.615 9.073 6.573 4.529 2.983 1.911 1.224 0.794 0.519 0.341 0.227 0.153 0.109 0.087 0.076 0.068 0.059 0.046 0.036 0.030 0.025 0.022 0.019 0.016 0.014 0.012 0.011 0.011 0.010 0.010 0.010 0.010 0.011 0.012 0.013 0.015 0.017 0.018 0.019 0.020 0.020 0.021 0.022 0.023 0.025 0.027 0.030 0.035 0.044 0.059 0.087 0.138 0.208 0.268 0.302
19.248 20.720 21.983 23.006 23.832 24.461 24.847 25.025 25.076 25.018 24.691 24.082 23.606 23.282 22.922 22.406 21.723 20.857 19.717 18.209 16.350 14.228 11.878 9.227 6.627 4.516 2.935 1.849 1.151 0.707 0.422 0.244 0.141 0.087 0.060 0.047 0.042 0.037 0.033 0.027 0.023 0.019 0.017 0.014 0.012 0.011 0.010 0.009 0.008 0.007 0.007 0.007 0.007 0.007 0.008 0.008 0.009 0.011 0.012 0.013 0.014 0.015 0.016 0.017 0.018 0.020 0.022 0.024 0.027 0.031 0.037 0.048 0.066 0.095 0.139 0.188 0.235
18.046 19.664 21.119 22.368 23.368 24.060 24.434 24.581 24.610 24.531 24.214 23.640 23.148 22.796 22.412 21.886 21.226 20.424 19.366 17.921 16.080 13.926 11.508 8.798 6.219 4.139 2.600 1.563 0.915 0.517 0.275 0.143 0.079 0.049 0.034 0.028 0.025 0.022 0.020 0.017 0.015 0.013 0.011 0.010 0.009 0.008 0.007 0.006 0.005 0.005 0.005 0.005 0.005 0.005 0.005 0.006 0.006 0.007 0.008 0.009 0.011 0.012 0.013 0.014 0.015 0.017 0.019 0.021 0.024 0.028 0.033 0.041 0.053 0.072 0.099 0.133 0.171
16.664 18.366 19.897 21.223 22.279 23.003 23.383 23.493 23.439 23.218 22.898 22.502 22.049 21.519 20.931 20.328 19.687 18.955 17.986 16.618 14.803 12.616 10.141 7.501 5.117 3.232 1.869 0.991 0.504 0.255 0.131 0.071 0.042 0.028 0.022 0.018 0.016 0.014 0.013 0.011 0.010 0.009 0.008 0.007 0.006 0.005 0.004 0.004 0.003 0.003 0.003 0.003 0.003 0.003 0.003 0.003 0.004 0.005 0.005 0.006 0.008 0.009 0.010 0.011 0.013 0.014 0.016 0.019 0.022 0.025 0.030 0.037 0.047 0.060 0.079 0.102 0.129
15.058 16.728 18.231 19.549 20.635 21.436 21.895 22.014 21.894 21.558 21.309 21.117 20.724 19.971 19.122 18.397 17.686 16.904 15.876 14.421 12.497 10.179 7.669 5.288 3.320 1.871 0.935 0.425 0.196 0.100 0.057 0.035 0.024 0.018 0.015 0.012 0.011 0.010 0.009 0.008 0.007 0.006 0.005 0.004 0.004 0.003 0.002 0.002 0.002 0.002 0.001 0.001 0.001 0.001 0.002 0.002 0.002 0.003 0.003 0.004 0.005 0.006 0.007 0.009 0.010 0.012 0.014 0.017 0.020 0.023 0.028 0.035 0.044 0.055 0.069 0.087 0.107
13.134 14.678 16.144 17.525 18.772 19.808 20.500 20.747 20.661 20.344 20.116 19.920 19.463 18.578 17.623 16.806 15.958 14.912 13.512 11.658 9.302 6.726 4.428 2.724 1.558 0.801 0.360 0.151 0.072 0.042 0.028 0.020 0.015 0.012 0.010 0.009 0.008 0.007 0.006 0.005 0.004 0.004 0.003 0.003 0.002 0.002 0.001 0.001 0.001 0.000 0.000 0.000 0.000 0.000 0.000 0.001 0.001 0.001 0.002 0.003 0.003 0.004 0.005 0.007 0.008 0.010 0.013 0.015 0.018 0.022 0.027 0.034 0.043 0.054 0.066 0.080 0.096
10.983 12.399 13.861 15.372 16.861 18.159 19.075 19.464 19.445 19.189 18.871 18.487 17.856 16.927 15.964 15.064 14.051 12.668 10.736 8.190 5.515 3.325 1.872 1.012 0.528 0.258 0.116 0.054 0.031 0.022 0.016 0.013 0.010 0.009 0.007 0.006 0.005 0.005 0.004 0.003 0.003 0.002 0.002 0.001 0.001 0.001 0.000 0.000 0.000 0.000 0.000 0.000 0.000 0.000 0.000 0.000 0.000 0.000 0.001 0.001 0.002 0.003 0.004 0.005 0.007 0.009 0.011 0.014 0.017 0.021 0.027 0.034 0.043 0.054 0.065 0.078 0.090
8.995 10.282 11.630 13.108 14.665 16.054 17.085 17.599 17.663 17.421 16.871 16.104 15.210 14.283 13.342 12.327 11.054 9.232 6.719 4.183 2.314 1.146 0.533 0.262 0.138 0.074 0.040 0.024 0.017 0.013 0.011 0.009 0.007 0.006 0.005 0.004 0.003 0.003 0.002 0.002 0.001 0.001 0.001 0.000 0.000 0.000 0.000 0.000 0.000 0.000 0.000 0.000 0.000 0.000 0.000 0.000 0.000 0.000 0.000 0.000 0.001 0.002 0.003 0.004 0.005 0.007 0.010 0.013 0.016 0.021 0.027 0.034 0.044 0.055 0.066 0.077 0.088
7.102 8.189 9.289 10.445 11.637 12.762 13.703 14.251 14.372 14.156 13.470 12.391 11.186 10.093 9.006 7.815 6.348 4.524 2.670 1.354 0.603 0.254 0.119 0.068 0.043 0.028 0.019 0.014 0.011 0.009 0.007 0.006 0.005 0.004 0.003 0.003 0.002 0.001 0.001 0.001 0.000 0.000 0.000 0.000 0.000 0.000 0.000 0.000 0.000 0.000 0.000 0.000 0.000 0.000 0.000 0.000 0.000 0.000 0.000 0.000 0.000 0.001 0.002 0.003 0.004 0.006 0.009 0.012 0.016 0.020 0.027 0.035 0.045 0.056 0.067 0.077 0.088
5.089 5.778 6.331 6.818 7.302 7.862 8.498 8.941 9.082 8.962 8.391 7.329 6.043 4.969 4.067 3.223 2.316 1.354 0.641 0.265 0.113 0.059 0.037 0.026 0.020 0.015 0.012 0.009 0.008 0.006 0.005 0.004 0.003 0.002 0.002 0.001 0.001 0.001 0.000 0.000 0.000 0.000 0.000 0.000 0.000 0.000 0.000 0.000 0.000 0.000 0.000 0.000 0.000 0.000 0.000 0.000 0.000 0.000 0.000 0.000 0.000 0.000 0.001 0.002 0.003 0.005 0.008 0.011 0.015 0.020 0.026 0.035 0.045 0.056 0.068 0.080 0.091
2.845 3.035 3.133 3.196 3.271 3.403 3.645 3.843 3.913 3.870 3.606 3.051 2.274 1.630 1.183 0.840 0.522 0.259 0.114 0.056 0.033 0.023 0.018 0.015 0.012 0.010 0.008 0.006 0.005 0.004 0.003 0.002 0.002 0.001 0.001 0.000 0.000 0.000 0.000 0.000 0.000 0.000 0.000 0.000 0.000 0.000 0.000 0.000 0.000 0.000 0.000 0.000 0.000 0.000 0.000 0.000 0.000 0.000 0.000 0.000 0.000 0.000 0.000 0.001 0.003 0.004 0.007 0.010 0.014 0.019 0.026 0.034 0.044 0.056 0.070 0.084 0.100
1.202 1.171 1.138 1.100 1.067 1.057 1.093 1.136 1.146 1.126 1.033 0.836 0.558 0.358 0.246 0.169 0.103 0.057 0.033 0.022 0.017 0.014 0.011 0.010 0.008 0.007 0.005 0.004 0.003 0.003 0.002 0.001 0.001 0.000 0.000 0.000 0.000 0.000 0.000 0.000 0.000 0.000 0.000 0.000 0.000 0.000 0.000 0.000 0.000 0.000 0.000 0.000 0.000 0.000 0.000 0.000 0.000 0.000 0.000 0.000 0.000 0.000 0.000 0.001 0.002 0.004 0.006 0.009 0.013 0.018 0.025 0.033 0.043 0.055 0.072 0.093 0.119
0.388 0.350 0.329 0.314 0.298 0.287 0.282 0.279 0.273 0.262 0.237 0.189 0.123 0.083 0.061 0.045 0.031 0.022 0.017 0.013 0.011 0.009 0.008 0.007 0.005 0.004 0.003 0.003 0.002 0.001 0.001 0.000 0.000 0.000 0.000 0.000 0.000 0.000 0.000 0.000 0.000 0.000 0.000 0.000 0.000 0.000 0.000 0.000 0.000 0.000 0.000 0.000 0.000 0.000 0.000 0.000 0.000 0.000 0.000 0.000 0.000 0.000 0.000 0.000 0.001 0.003 0.005 0.008 0.012 0.017 0.023 0.031 0.041 0.054 0.072 0.099 0.133
0.117 0.107 0.102 0.098 0.094 0.088 0.084 0.079 0.075 0.071 0.064 0.053 0.039 0.030 0.024 0.020 0.016 0.013 0.011 0.009 0.007 0.006 0.005 0.004 0.003 0.003 0.002 0.001 0.001 0.000 0.000 0.000 0.000 0.000 0.000 0.000 0.000 0.000 0.000 0.000 0.000 0.000 0.000 0.000 0.000 0.000 0.000 0.000 0.000 0.000 0.000 0.000 0.000 0.000 0.000 0.000 0.000 0.000 0.000 0.000 0.000 0.000 0.000 0.000 0.001 0.002 0.004 0.007 0.010 0.015 0.020 0.028 0.037 0.050 0.070 0.098 0.136
0.043 0.040 0.040 0.039 0.037 0.036 0.033 0.031 0.029 0.028 0.026 0.023 0.019 0.016 0.014 0.012 0.010 0.008 0.007 0.006 0.005 0.004 0.003 0.002 0.002 0.001 0.001 0.000 0.000 0.000 0.000 0.000 0.000 0.000 0.000 0.000 0.000 0.000 0.000 0.000 0.000 0.000 0.000 0.000 0.000 0.000 0.000 0.000 0.000 0.000 0.000 0.000 0.000 0.000 0.000 0.000 0.000 0.000 0.000 0.000 0.000 0.000 0.000 0.000 0.000 0.001 0.003 0.005 0.008 0.012 0.017 0.023 0.031 0.042 0.060 0.088 0.126
0.020 0.020 0.020 0.020 0.019 0.019 0.018 0.017 0.016 0.015 0.014 0.013 0.012 0.010 0.009 0.008 0.007 0.006 0.005 0.004 0.003 0.002 0.002 0.001 0.001 0.000 0.000 0.000 0.000 0.000 0.000 0.000 0.000 0.000 0.000 0.000 0.000 0.000 0.000 0.000 0.000 0.000 0.000 0.000 0.000 0.000 0.000 0.000 0.000 0.000 0.000 0.000 0.000 0.000 0.000 0.000 0.000 0.000 0.000 0.000 0.000 0.000 0.000 0.000 0.000 0.001 0.002 0.003 0.006 0.008 0.012 0.017 0.022 0.030 0.043 0.063 0.093
0.012 0.012 0.012 0.012 0.012 0.011 0.011 0.010 0.010 0.009 0.009 0.008 0.008 0.007 0.006 0.005 0.004 0.003 0.003 0.002 0.001 0.001 0.001 0.000 0.000 0.000 0.000 0.000 0.000 0.000 0.000 0.000 0.000 0.000 0.000 0.000 0.000 0.000 0.000 0.000 0.000 0.000 0.000 0.000 0.000 0.000 0.000 0.000 0.000 0.000 0.000 0.000 0.000 0.000 0.000 0.000 0.000 0.000 0.000 0.000 0.000 0.000 0.000 0.000 0.000 0.000 0.001 0.002 0.004 0.006 0.008 0.012 0.015 0.020 0.027 0.038 0.054
0.008 0.008 0.008 0.008 0.007 0.007 0.007 0.006 0.006 0.006 0.006 0.005 0.005 0.004 0.004 0.003 0.002 0.002 0.001 0.001 0.001 0.000 0.000 0.000 0.000 0.000 0.000 0.000 0.000 0.000 0.000 0.000 0.000 0.000 0.000 0.000 0.000 0.000 0.000 0.000 0.000 0.000 0.000 0.000 0.000 0.000 0.000 0.000 0.000 0.000 0.000 0.000 0.000 0.000 0.000 0.000 0.000 0.000 0.000 0.000 0.000 0.000 0.000 0.000 0.000 0.000 0.000 0.001 0.002 0.004 0.006 0.008 0.011 0.014 0.018 0.023 0.031
0.005 0.005 0.005 0.005 0.005 0.005 0.004 0.004 0.004 0.003 0.003 0.003 0.003 0.002 0.002 0.002 0.001 0.001 0.000 0.000 0.000 0.000 0.000 0.000 0.000 0.000 0.000 0.000 0.000 0.000 0.000 0.000 0.000 0.000 0.000 0.000 0.000 0.000 0.000 0.000 0.000 0.000 0.000 0.000 0.000 0.000 0.000 0.000 0.000 0.000 0.000 0.000 0.000 0.000 0.000 0.000 0.000 0.000 0.000 0.000 0.000 0.000 0.000 0.000 0.000 0.000 0.000 0.000 0.001 0.002 0.003 0.005 0.007 0.010 0.012 0.016 0.020
0.003 0.003 0.003 0.003 0.003 0.003 0.002 0.002 0.002 0.002 0.002 0.001 0.001 0.001 0.001 0.001 0.000 0.000 0.000 0.000 0.000 0.000 0.000 0.000 0.000 0.000 0.000 0.000 0.000 0.000 0.000 0.000 0.000 0.000 0.000 0.000 0.000 0.000 0.000 0.000 0.000 0.000 0.000 0.000 0.000 0.000 0.000 0.000 0.000 0.000 0.000 0.000 0.000 0.000 0.000 0.000 0.000 0.000 0.000 0.000 0.000 0.000 0.000 0.000 0.000 0.000 0.000 0.000 0.000 0.001 0.002 0.003 0.005 0.007 0.009 0.011 0.014
0.001 0.001 0.001 0.001 0.001 0.001 0.001 0.001 0.001 0.001 0.001 0.000 0.000 0.000 0.000 0.000 0.000 0.000 0.000 0.000 0.000 0.000 0.000 0.000 0.000 0.000 0.000 0.000 0.000 0.000 0.000 0.000 0.000 0.000 0.000 0.000 0.000 0.000 0.000 0.000 0.000 0.000 0.000 0.000 0.000 0.000 0.000 0.000 0.000 0.000 0.000 0.000 0.000 0.000 0.000 0.000 0.000 0.000 0.000 0.000 0.000 0.000 0.000 0.000 0.000 0.000 0.000 0.000 0.000 0.000 0.001 0.002 0.003 0.004 0.006 0.008 0.010
0.000 0.000 0.000 0.000 0.000 0.000 0.000 0.000 0.000 0.000 0.000 0.000 0.000 0.000 0.000 0.000 0.000 0.000 0.000 0.000 0.000 0.000 0.000 0.000 0.000 0.000 0.000 0.000 0.000 0.000 0.000 0.000 0.000 0.000 0.000 0.000 0.000 0.000 0.000 0.000 0.000 0.000 0.000 0.000 0.000 0.000 0.000 0.000 0.000 0.000 0.000 0.000 0.000 0.000 0.000 0.000 0.000 0.000 0.000 0.000 0.000 0.000 0.000 0.000 0.000 0.000 0.000 0.000 0.000 0.000 0.000 0.001 0.002 0.003 0.004 0.005 0.007
0.000 0.000 0.000 0.000 0.000 0.000 0.000 0.000 0.000 0.000 0.000 0.000 0.000 0.000 0.000 0.000 0.000 0.000 0.000 0.000 0.000 0.000 0.000 0.000 0.000 0.000 0.000 0.000 0.000 0.000 0.000 0.000 0.000 0.000 0.000 0.000 0.000 0.000 0.000 0.000 0.000 0.000 0.000 0.000 0.000 0.000 0.000 0.000 0.000 0.000 0.000 0.000 0.000 0.000 0.000 0.000 0.000 0.000 0.000 0.000 0.000 0.000 0.000 0.000 0.000 0.000 0.000 0.000 0.000 0.000 0.000 0.000 0.001 0.001 0.002 0.003 0.004
0.000 0.000 0.000 0.000 0.000 0.000 0.000 0.000 0.000 0.000 0.000 0.000 0.000 0.000 0.000 0.000 0.000 0.000 0.000 0.000 0.000 0.000 0.000 0.000 0.000 0.000 0.000 0.000 0.000 0.000 0.000 0.000 0.000 0.000 0.000 0.000 0.000 0.000 0.000 0.000 0.000 0.000 0.000 0.000 0.000 0.000 0.000 0.000 0.000 0.000 0.000 0.000 0.000 0.000 0.000 0.000 0.000 0.000 0.000 0.000 0.000 0.000 0.000 0.000 0.000 0.000 0.000 0.000 0.000 0.000 0.000 0.000 0.000 0.000 0.001 0.002 0.003
0.000 0.000 0.000 0.000 0.000 0.000 0.000 0.000 0.000 0.000 0.000 0.000 0.000 0.000 0.000 0.000 0.000 0.000 0.000 0.000 0.000 0.000 0.000 0.000 0.000 0.000 0.000 0.000 0.000 0.000 0.000 0.000 0.000 0.000 0.000 0.000 0.000 0.000 0.000 0.000 0.000 0.000 0.000 0.000 0.000 0.000 0.000 0.000 0.000 0.000 0.000 0.000 0.000 0.000 0.000 0.000 0.000 0.000 0.000 0.000 0.000 0.000 0.000 0.000 0.000 0.000 0.000 0.000 0.000 0.000 0.000 0.000 0.000 0.000 0.000 0.001 0.001
0.000 0.000 0.000 0.000 0.000 0.000 0.000 0.000 0.000 0.000 0.000 0.000 0.000 0.000 0.000 0.000 0.000 0.000 0.000 0.000 0.000 0.000 0.000 0.000 0.000 0.000 0.000 0.000 0.000 0.000 0.000 0.000 0.000 0.000 0.000 0.000 0.000 0.000 0.000 0.000 0.000 0.000 0.000 0.000 0.000 0.000 0.000 0.000 0.000 0.000 0.000 0.000 0.000 0.000 0.000 0.000 0.000 0.000 0.000 0.000 0.000 0.000 0.000 0.000 0.000 0.000 0.000 0.000 0.000 0.000 0.000 0.000 0.000 0.000 0.000 0.000 0.000
0.000 0.000 0.000 0.000 0.000 0.000 0.000 0.000 0.000 0.000 0.000 0.000 0.000 0.000 0.000 0.000 0.000 0.000 0.000 0.000 0.000 0.000 0.000 0.000 0.000 0.000 0.000 0.000 0.000 0.000 0.000 0.000 0.000 0.000 0.000 0.000 0.000 0.000 0.000 0.000 0.000 0.000 0.000 0.000 0.000 0.000 0.000 0.000 0.000 0.000 0.000 0.000 0.000 0.000 0.000 0.000 0.000 0.000 0.000 0.000 0.000 0.000 0.000 0.000 0.000 0.000 0.000 0.000 0.000 0.000 0.000 0.000 0.000 0.000 0.000 0.000 0.000
0.000 0.000 0.000 0.000 0.000 0.000 0.000 0.000 0.000 0.000 0.000 0.000 0.000 0.000 0.000 0.000 0.000 0.000 0.000 0.000 0.000 0.000 0.000 0.000 0.000 0.000 0.000 0.000 0.000 0.000 0.000 0.000 0.000 0.000 0.000 0.000 0.000 0.000 0.000 0.000 0.000 0.000 0.000 0.000 0.000 0.000 0.000 0.000 0.000 0.000 0.000 0.000 0.000 0.000 0.000 0.000 0.000 0.000 0.000 0.000 0.000 0.000 0.000 0.000 0.000 0.000 0.000 0.000 0.000 0.000 0.000 0.000 0.000 0.000 0.000 0.000 0.000
