RESULTS/r.avaflow_results/33_results/33_ascii/33_hflow_max0058.asc
ncols 506
nrows 317
xllcenter 498237.50
yllcenter 5580050.00
cellsize 12.50
NODATA_value -9999.000
[rows 170 to 203 of 317, columns 77 to 153 of 506]
0.000 0.000 0.000 0.000 0.000 0.000 0.000 0.000 0.001 0.002 0.003 0.005 0.010 0.017 0.028 0.041 0.053 0.062 0.069 0.075 0.082 0.097 0.132 0.200 0.280 0.320 0.325 0.319 0.305 0.283 0.269 0.270 0.273 0.281 0.300 0.339 0.387 0.413 0.432 0.472 0.539 0.658 0.824 0.960 1.062 1.264 1.698 2.139 2.656 3.348 4.330 5.552 6.685 7.434 8.118 9.339 11.731 15.826 20.323 24.200 27.114 28.777 29.333 29.426 29.104 28.357 27.279 25.959 24.557 23.115 21.420 19.598 18.053 17.304 16.787 16.322 15.899
0.000 0.000 0.000 0.000 0.000 0.000 0.001 0.002 0.004 0.006 0.010 0.018 0.030 0.048 0.071 0.095 0.118 0.138 0.155 0.172 0.192 0.228 0.291 0.373 0.432 0.449 0.444 0.431 0.408 0.375 0.354 0.355 0.360 0.375 0.407 0.467 0.535 0.573 0.599 0.650 0.742 0.907 1.142 1.361 1.855 2.500 3.101 3.743 4.515 5.391 6.297 7.136 7.750 8.212 9.037 10.994 13.415 18.117 22.666 26.593 29.287 30.567 30.685 29.781 29.240 28.554 27.477 26.024 24.453 22.875 21.372 20.409 19.852 19.407 19.045 18.893 18.926
0.000 0.000 0.000 0.000 0.000 0.000 0.002 0.005 0.009 0.016 0.025 0.042 0.067 0.099 0.134 0.172 0.211 0.251 0.289 0.325 0.368 0.433 0.517 0.579 0.600 0.598 0.585 0.563 0.530 0.483 0.459 0.459 0.469 0.492 0.536 0.614 0.707 0.773 0.823 0.891 1.022 1.244 1.589 2.482 3.406 4.171 4.896 5.662 6.443 7.160 7.767 8.194 8.436 8.853 9.596 11.720 14.038 18.742 23.567 27.364 30.005 31.315 31.255 30.159 29.173 28.411 27.293 25.860 24.461 23.438 22.661 22.011 21.403 20.869 20.624 20.902 21.615
0.000 0.000 0.000 0.000 0.000 0.001 0.004 0.009 0.017 0.028 0.045 0.071 0.108 0.154 0.206 0.264 0.328 0.395 0.460 0.527 0.600 0.685 0.756 0.783 0.784 0.773 0.753 0.720 0.675 0.613 0.584 0.585 0.601 0.631 0.690 0.782 0.901 1.015 1.121 1.238 1.420 2.052 3.152 4.325 5.322 6.102 6.781 7.408 7.968 8.445 8.781 8.942 9.040 9.273 9.918 11.627 13.954 18.224 23.326 26.942 29.600 31.120 31.223 30.217 29.084 27.986 26.985 25.959 25.192 24.454 23.704 22.968 22.301 21.854 21.852 22.519 23.617
0.000 0.000 0.000 0.000 0.000 0.001 0.004 0.011 0.021 0.036 0.058 0.090 0.135 0.196 0.271 0.363 0.467 0.572 0.670 0.766 0.862 0.942 0.985 0.995 0.992 0.977 0.950 0.907 0.848 0.767 0.733 0.735 0.757 0.794 0.867 0.975 1.123 1.305 1.506 1.731 2.317 3.715 5.168 6.325 7.202 7.866 8.381 8.805 9.149 9.392 9.754 9.886 9.767 9.595 10.008 11.176 13.337 16.868 22.059 25.893 28.368 30.010 30.649 29.945 28.656 27.503 26.877 26.251 25.574 24.857 24.116 23.378 22.687 22.397 22.678 23.411 24.443
0.000 0.000 0.000 0.000 0.000 0.001 0.005 0.012 0.023 0.039 0.064 0.100 0.152 0.224 0.319 0.441 0.593 0.768 0.919 1.040 1.139 1.204 1.230 1.234 1.230 1.214 1.180 1.128 1.054 0.953 0.910 0.912 0.935 0.984 1.067 1.202 1.400 1.664 1.993 2.379 3.307 5.319 6.930 8.036 8.824 9.360 9.688 9.921 10.152 10.590 10.803 10.825 10.652 10.262 10.005 10.811 12.583 15.877 20.463 24.568 26.940 28.577 29.476 29.249 28.001 27.044 26.665 26.217 25.608 24.876 24.094 23.338 22.686 22.324 22.694 23.410 24.346
0.000 0.000 0.000 0.000 0.000 0.001 0.005 0.012 0.023 0.040 0.065 0.103 0.160 0.241 0.349 0.492 0.679 0.919 1.159 1.326 1.431 1.489 1.512 1.515 1.510 1.491 1.452 1.389 1.298 1.177 1.117 1.118 1.143 1.200 1.317 1.469 1.732 2.086 2.534 3.075 3.915 6.464 8.334 9.503 10.208 10.579 10.747 10.830 11.338 11.620 11.742 11.605 11.325 10.954 10.384 10.762 12.152 15.030 19.105 23.345 25.741 27.146 28.136 28.199 27.213 26.159 25.849 25.427 24.856 24.128 23.290 22.474 21.847 21.604 21.904 22.580 23.430
0.000 0.000 0.000 0.000 0.000 0.001 0.005 0.011 0.022 0.038 0.064 0.103 0.162 0.247 0.362 0.517 0.724 1.000 1.336 1.601 1.746 1.817 1.846 1.851 1.844 1.820 1.772 1.695 1.585 1.439 1.432 1.588 1.684 1.758 1.817 1.868 2.055 2.480 3.027 3.695 4.511 7.191 9.455 10.737 11.351 11.545 11.586 11.951 12.357 12.547 12.631 12.374 11.951 11.505 10.872 10.828 11.950 14.471 18.029 22.056 24.428 25.798 26.712 26.871 25.966 24.588 24.072 23.581 22.949 22.179 21.270 20.359 19.683 19.512 19.936 20.839 21.898
0.000 0.000 0.000 0.000 0.000 0.001 0.004 0.010 0.019 0.033 0.057 0.097 0.159 0.247 0.365 0.524 0.738 1.029 1.423 1.841 2.097 2.206 2.246 2.252 2.245 2.214 2.151 2.053 1.919 1.942 2.219 2.350 2.375 2.328 2.277 2.260 2.362 2.840 3.476 4.275 5.235 7.531 10.280 11.701 12.215 12.294 12.343 12.950 13.270 13.397 13.422 13.176 12.579 11.982 11.348 10.962 11.843 14.087 17.112 20.491 22.580 24.148 24.804 24.879 23.974 22.305 21.575 20.926 20.164 19.279 18.295 17.358 16.831 16.822 17.461 18.640 20.056
0.000 0.000 0.000 0.000 0.000 0.000 0.002 0.006 0.012 0.023 0.043 0.079 0.140 0.232 0.356 0.519 0.737 1.032 1.436 1.967 2.437 2.670 2.731 2.737 2.722 2.677 2.593 2.469 2.435 2.872 3.071 3.107 3.033 2.880 2.729 2.660 2.649 3.152 3.863 4.784 5.907 7.589 10.713 12.369 12.835 12.842 13.201 13.696 13.991 14.062 14.011 13.787 13.248 12.543 11.724 11.024 11.683 13.590 16.169 18.603 20.564 21.803 22.283 22.091 21.137 19.478 18.647 17.887 17.051 16.131 15.225 14.557 14.401 14.736 15.609 16.889 18.488
0.000 0.000 0.000 0.000 0.000 0.000 0.001 0.003 0.006 0.012 0.023 0.047 0.098 0.182 0.307 0.477 0.701 0.999 1.408 1.960 2.622 3.114 3.298 3.311 3.282 3.216 3.105 2.948 3.502 3.837 3.919 3.859 3.686 3.431 3.198 3.080 3.057 3.386 4.130 5.144 6.426 7.669 10.765 12.661 13.254 13.348 13.881 14.219 14.427 14.451 14.363 14.163 13.753 13.013 12.099 11.105 11.412 12.814 14.759 16.595 18.263 19.038 19.246 18.776 17.698 16.271 15.495 14.719 14.019 13.283 12.603 12.266 12.356 12.966 13.994 15.286 16.786
0.000 0.000 0.000 0.000 0.000 0.000 0.000 0.001 0.002 0.005 0.010 0.021 0.046 0.100 0.197 0.351 0.562 0.845 1.243 1.809 2.582 3.365 3.810 3.913 3.894 3.819 3.685 3.688 4.424 4.703 4.732 4.610 4.353 4.029 3.768 3.608 3.550 3.579 4.310 5.366 6.755 8.064 10.511 12.652 13.396 14.069 14.365 14.489 14.623 14.603 14.542 14.371 14.023 13.360 12.379 11.336 11.011 11.870 13.155 14.569 15.789 16.237 16.069 15.234 13.979 13.083 12.401 11.728 11.223 10.706 10.381 10.313 10.614 11.362 12.432 13.655 14.991
0.000 0.000 0.000 0.000 0.000 0.000 0.000 0.000 0.001 0.002 0.003 0.007 0.016 0.040 0.091 0.187 0.339 0.557 0.868 1.402 2.285 3.394 4.157 4.437 4.449 4.391 4.270 4.386 5.223 5.526 5.529 5.385 5.095 4.765 4.518 4.338 4.228 4.197 4.479 5.511 6.928 8.327 9.973 12.340 13.856 14.550 14.681 14.711 14.682 14.631 14.598 14.404 14.033 13.403 12.477 11.322 10.491 10.786 11.570 12.375 13.324 13.483 12.960 11.962 11.061 10.415 9.786 9.180 8.753 8.474 8.410 8.582 9.060 9.834 10.785 11.838 12.936
0.000 0.000 0.000 0.000 0.000 0.000 0.000 0.000 0.000 0.000 0.001 0.002 0.005 0.013 0.031 0.070 0.141 0.257 0.453 0.830 1.716 3.128 4.302 4.832 4.922 4.891 4.799 5.021 5.943 6.340 6.374 6.225 5.982 5.690 5.449 5.294 5.168 5.098 5.101 5.644 7.006 8.427 10.055 12.315 13.985 14.718 14.846 14.778 14.700 14.622 14.441 14.188 13.733 13.154 12.303 11.224 10.085 9.928 10.177 10.587 10.827 10.827 10.383 9.820 9.126 8.444 7.784 7.155 6.725 6.521 6.572 6.933 7.561 8.255 9.024 9.908 10.862
0.000 0.000 0.000 0.000 0.000 0.000 0.000 0.000 0.000 0.000 0.000 0.001 0.003 0.007 0.015 0.028 0.053 0.101 0.193 0.448 1.143 2.591 4.176 5.028 5.297 5.315 5.265 5.616 6.696 7.237 7.337 7.180 7.021 6.827 6.599 6.485 6.410 6.356 6.357 6.428 7.075 8.440 10.270 12.421 13.912 14.655 14.839 14.829 14.666 14.382 14.113 13.555 13.027 12.498 11.775 10.893 9.887 9.431 9.232 9.448 9.477 9.283 8.900 8.376 7.705 6.995 6.290 5.620 5.141 4.894 4.862 5.165 5.790 6.484 7.225 8.100 9.049
0.000 0.000 0.000 0.000 0.000 0.000 0.000 0.000 0.000 0.000 0.000 0.001 0.003 0.007 0.014 0.025 0.042 0.072 0.134 0.294 0.785 2.006 3.780 4.979 5.513 5.668 5.679 6.162 7.414 8.207 8.490 8.402 8.160 8.046 7.942 7.911 7.912 7.966 8.046 8.103 8.228 8.714 10.347 12.340 13.654 14.337 14.663 14.634 14.371 13.947 13.346 12.564 11.820 11.301 10.758 10.174 9.723 9.174 8.820 8.780 8.631 8.330 7.919 7.372 6.697 5.948 5.293 4.842 4.459 4.139 3.878 3.745 3.946 4.556 5.480 6.467 7.603
0.000 0.000 0.000 0.000 0.000 0.000 0.000 0.000 0.000 0.000 0.000 0.002 0.005 0.010 0.018 0.029 0.047 0.076 0.133 0.263 0.611 1.509 3.137 4.692 5.556 5.913 6.033 6.581 8.017 9.114 9.645 9.716 9.479 9.234 9.192 9.219 9.320 9.432 9.512 9.553 9.573 9.737 10.419 12.083 13.202 13.842 14.135 14.089 13.754 13.186 12.397 11.545 10.652 9.979 9.771 9.599 9.343 8.967 8.708 8.407 8.150 7.783 7.315 6.745 6.149 5.555 4.997 4.489 4.046 3.667 3.345 3.084 2.896 3.271 4.166 5.147 6.318
0.000 0.000 0.000 0.000 0.000 0.000 0.000 0.000 0.000 0.000 0.001 0.003 0.009 0.018 0.031 0.050 0.073 0.108 0.167 0.288 0.565 1.209 2.452 4.108 5.364 6.005 6.290 6.862 8.354 9.749 10.585 10.866 10.722 10.564 10.418 10.481 10.584 10.674 10.740 10.756 10.686 10.551 10.509 11.786 12.656 13.215 13.414 13.258 12.924 12.332 11.644 10.794 9.742 8.984 8.677 8.652 8.781 8.795 8.620 8.327 7.975 7.579 7.134 6.632 6.019 5.365 4.766 4.218 3.720 3.279 2.905 2.591 2.326 2.127 2.569 3.442 4.010
0.000 0.000 0.000 0.000 0.000 0.000 0.000 0.000 0.000 0.000 0.002 0.007 0.017 0.036 0.064 0.099 0.139 0.188 0.260 0.404 0.758 1.182 1.974 3.394 4.927 5.898 6.404 7.018 8.537 10.030 11.157 11.758 11.830 11.677 11.619 11.584 11.643 11.664 11.700 11.664 11.501 11.057 10.728 11.436 12.069 12.506 12.563 12.443 12.104 11.613 10.998 10.142 9.098 8.195 7.705 7.926 8.238 8.403 8.385 8.197 7.882 7.486 7.037 6.511 5.844 5.141 4.525 3.963 3.440 2.954 2.530 2.160 1.816 1.496 1.261 1.508 1.574
0.000 0.000 0.000 0.000 0.000 0.000 0.000 0.000 0.000 0.001 0.004 0.013 0.034 0.074 0.133 0.200 0.268 0.341 0.431 0.771 1.360 1.860 2.243 2.866 4.377 5.612 6.345 7.011 8.544 10.149 11.396 12.213 12.588 12.590 12.480 12.495 12.481 12.411 12.425 12.380 12.082 11.574 11.008 11.049 11.560 11.893 11.888 11.730 11.458 11.020 10.404 9.582 8.576 7.583 7.332 7.403 7.618 7.811 7.884 7.838 7.625 7.258 6.804 6.266 5.598 4.883 4.256 3.688 3.154 2.640 2.151 1.696 1.265 0.874 0.570 0.470 0.436
0.000 0.000 0.000 0.000 0.000 0.000 0.000 0.000 0.000 0.002 0.008 0.025 0.068 0.151 0.266 0.377 0.478 0.581 0.695 1.358 2.166 2.693 3.018 3.323 3.923 5.223 6.135 6.842 8.472 10.068 11.476 12.432 12.904 13.107 13.060 12.904 12.820 12.771 12.778 12.702 12.467 11.907 11.120 10.653 11.073 11.320 11.334 11.189 10.923 10.512 9.880 9.089 8.110 7.419 7.187 7.094 7.103 7.151 7.173 7.149 6.998 6.685 6.225 5.679 5.055 4.391 3.780 3.211 2.666 2.122 1.584 1.082 0.661 0.375 0.212 0.136 0.114
0.000 0.000 0.000 0.000 0.000 0.000 0.000 0.000 0.001 0.004 0.015 0.049 0.136 0.292 0.484 0.643 0.781 0.918 1.129 2.157 3.109 3.641 3.955 4.236 4.669 5.369 5.973 6.704 8.274 9.874 11.392 12.483 13.015 13.205 13.212 13.109 12.910 12.821 12.823 12.818 12.582 11.961 11.048 10.406 10.613 10.757 10.770 10.672 10.462 10.086 9.523 8.800 7.837 7.465 7.152 6.915 6.731 6.571 6.417 6.262 6.053 5.730 5.261 4.692 4.074 3.456 2.867 2.291 1.738 1.223 0.776 0.443 0.234 0.123 0.069 0.046 0.038
0.000 0.000 0.000 0.000 0.000 0.000 0.000 0.000 0.001 0.005 0.025 0.087 0.240 0.500 0.786 0.994 1.176 1.359 1.735 3.109 4.201 4.788 5.117 5.428 5.858 6.493 6.985 7.461 7.988 9.609 11.081 12.235 12.845 13.112 13.154 13.046 12.843 12.726 12.723 12.712 12.472 11.767 10.741 9.940 10.106 10.238 10.216 10.139 9.976 9.668 9.140 8.425 7.886 7.527 7.148 6.793 6.444 6.090 5.720 5.334 4.939 4.506 3.972 3.335 2.690 2.096 1.554 1.084 0.705 0.420 0.231 0.121 0.063 0.038 0.027 0.021 0.018
0.000 0.000 0.000 0.000 0.000 0.000 0.000 0.000 0.001 0.006 0.028 0.107 0.309 0.657 1.077 1.399 1.659 1.904 2.503 4.154 5.492 6.244 6.636 6.972 7.348 7.744 8.091 8.394 8.697 9.213 10.570 11.667 12.378 12.759 12.795 12.629 12.485 12.379 12.328 12.245 11.936 11.149 9.998 9.220 9.467 9.636 9.637 9.528 9.369 9.082 8.574 8.193 7.907 7.540 7.111 6.667 6.182 5.639 5.044 4.406 3.770 3.146 2.530 1.940 1.413 0.969 0.618 0.364 0.199 0.104 0.054 0.032 0.021 0.016 0.013 0.011 0.010
0.000 0.000 0.000 0.000 0.000 0.000 0.000 0.000 0.001 0.006 0.028 0.108 0.329 0.726 1.258 1.772 2.199 2.546 3.340 5.241 6.896 7.835 8.291 8.548 8.756 8.919 9.068 9.207 9.350 9.462 9.959 10.934 11.662 12.012 12.058 11.866 11.778 11.764 11.691 11.456 10.967 10.086 8.901 8.564 8.600 8.766 8.797 8.733 8.541 8.369 8.312 8.144 7.831 7.383 6.806 6.215 5.599 4.890 4.080 3.226 2.440 1.808 1.322 0.922 0.596 0.352 0.190 0.096 0.048 0.026 0.016 0.011 0.009 0.008 0.007 0.006 0.006
0.000 0.000 0.000 0.000 0.000 0.000 0.000 0.000 0.001 0.006 0.024 0.098 0.318 0.740 1.343 2.035 2.703 3.252 4.054 6.363 8.195 9.216 9.696 9.905 9.990 9.960 9.875 9.817 9.815 9.804 9.782 10.188 10.851 11.048 11.035 10.919 10.684 10.620 10.555 10.283 9.672 8.711 7.956 7.790 7.660 7.660 7.726 7.825 7.896 7.910 7.863 7.659 7.248 6.614 5.761 4.923 4.109 3.240 2.375 1.643 1.122 0.769 0.515 0.326 0.190 0.101 0.049 0.023 0.012 0.008 0.006 0.005 0.004 0.004 0.004 0.004 0.003
0.000 0.000 0.000 0.000 0.000 0.001 0.001 0.001 0.002 0.004 0.017 0.076 0.277 0.711 1.377 2.199 3.093 3.895 5.105 7.365 9.219 10.367 10.835 10.975 10.960 10.762 10.451 10.236 10.097 9.990 9.903 9.835 10.209 10.417 10.437 10.327 10.101 9.754 9.306 8.766 8.231 7.931 7.712 7.556 7.457 7.393 7.330 7.259 7.144 6.965 6.739 6.393 5.830 4.948 3.809 2.794 1.991 1.346 0.858 0.539 0.343 0.219 0.139 0.085 0.049 0.024 0.011 0.005 0.003 0.003 0.002 0.002 0.002 0.002 0.002 0.002 0.002
0.000 0.000 0.000 0.001 0.001 0.002 0.002 0.002 0.002 0.004 0.012 0.051 0.214 0.639 1.365 2.308 3.364 4.384 6.033 7.951 9.927 11.356 11.854 11.952 11.844 11.487 10.985 10.628 10.319 10.123 9.983 9.822 9.837 10.043 10.082 9.903 9.596 9.156 8.809 8.549 8.236 7.897 7.603 7.355 7.154 6.986 6.794 6.536 6.189 5.711 5.164 4.544 3.809 2.896 1.954 1.235 0.740 0.421 0.232 0.131 0.079 0.050 0.032 0.019 0.011 0.005 0.002 0.001 0.001 0.001 0.001 0.001 0.001 0.001 0.001 0.001 0.001
0.000 0.001 0.001 0.002 0.003 0.003 0.003 0.003 0.003 0.004 0.010 0.041 0.176 0.581 1.344 2.381 3.533 4.819 6.573 8.114 9.897 11.597 12.290 12.491 12.413 12.031 11.468 10.952 10.571 10.224 9.952 9.747 9.542 9.622 9.567 9.284 9.136 8.973 8.771 8.516 8.206 7.860 7.474 7.103 6.780 6.466 6.106 5.686 5.181 4.557 3.869 3.123 2.351 1.582 0.952 0.519 0.262 0.126 0.061 0.031 0.017 0.011 0.007 0.004 0.002 0.001 0.001 0.000 0.000 0.000 0.000 0.000 0.000 0.000 0.000 0.000 0.000
0.002 0.002 0.003 0.004 0.004 0.004 0.004 0.003 0.003 0.004 0.010 0.039 0.167 0.571 1.352 2.447 3.904 5.394 6.772 8.053 9.250 10.786 11.985 12.451 12.542 12.352 11.779 11.109 10.658 10.261 9.903 9.591 9.477 9.390 9.315 9.207 9.102 8.901 8.686 8.439 8.123 7.758 7.341 6.862 6.372 5.903 5.411 4.881 4.283 3.622 2.891 2.132 1.437 0.861 0.454 0.214 0.094 0.039 0.016 0.007 0.004 0.002 0.001 0.001 0.001 0.000 0.000 0.000 0.000 0.000 0.000 0.000 0.000 0.000 0.000 0.000 0.000
0.004 0.005 0.005 0.006 0.005 0.005 0.004 0.004 0.004 0.004 0.010 0.040 0.174 0.599 1.407 2.750 4.494 5.759 6.840 7.828 8.810 10.316 11.044 11.727 12.109 12.017 11.545 10.887 10.519 10.250 10.003 9.752 9.527 9.289 9.126 8.995 8.871 8.695 8.498 8.266 7.977 7.618 7.158 6.592 5.977 5.382 4.809 4.268 3.599 2.863 2.132 1.437 0.863 0.451 0.206 0.085 0.033 0.012 0.005 0.002 0.001 0.001 0.000 0.000 0.000 0.000 0.000 0.000 0.000 0.000 0.000 0.000 0.000 0.000 0.000 0.000 0.000
0.008 0.008 0.008 0.007 0.006 0.005 0.005 0.004 0.004 0.005 0.012 0.050 0.215 0.684 1.533 3.143 4.895 6.064 6.905 7.724 9.161 10.385 11.251 11.672 11.813 11.796 11.670 11.396 10.984 10.605 10.242 9.875 9.486 9.070 8.793 8.565 8.383 8.238 8.095 7.928 7.666 7.331 6.860 6.261 5.685 5.226 4.724 4.110 3.331 2.314 1.518 0.926 0.487 0.218 0.086 0.032 0.011 0.004 0.001 0.001 0.000 0.000 0.000 0.000 0.000 0.000 0.000 0.000 0.000 0.000 0.000 0.000 0.000 0.000 0.000 0.000 0.000
0.011 0.011 0.009 0.008 0.007 0.006 0.005 0.005 0.005 0.007 0.016 0.064 0.259 0.769 1.705 3.443 5.176 6.377 7.079 7.723 9.297 10.713 11.775 12.263 12.398 12.341 12.119 11.798 11.384 10.904 10.375 9.864 9.309 9.015 8.711 8.262 7.918 7.691 7.419 7.225 7.015 6.747 6.346 5.986 5.641 5.184 4.637 3.963 3.061 1.803 1.007 0.538 0.241 0.092 0.032 0.010 0.003 0.001 0.001 0.000 0.000 0.000 0.000 0.000 0.000 0.000 0.000 0.000 0.000 0.000 0.000 0.000 0.000 0.000 0.000 0.000 0.000
0.013 0.012 0.011 0.009 0.008 0.006 0.006 0.006 0.007 0.009 0.019 0.067 0.273 0.795 1.864 3.753 5.451 6.660 7.380 7.656 9.236 10.728 11.885 12.393 12.589 12.517 12.395 12.042 11.563 11.029 10.391 9.688 9.208 9.171 8.970 8.627 8.258 7.911 7.537 7.001 6.603 6.399 6.226 5.943 5.548 5.055 4.430 3.634 2.557 1.337 0.575 0.259 0.097 0.032 0.010 0.003 0.001 0.000 0.000 0.000 0.000 0.000 0.000 0.000 0.000 0.000 0.000 0.000 0.000 0.000 0.000 0.000 0.000 0.000 0.000 0.000 0.000
