RESULTS/r.avaflow_results/33_results/33_ascii/33_hflow0043.asc
ncols 506
nrows 317
xllcenter 498237.50
yllcenter 5580050.00
cellsize 12.50
NODATA_value -9999.000
[rows 170 to 203 of 317, columns 77 to 153 of 506]
0.000 0.000 0.000 0.000 0.000 0.000 0.000 0.000 0.000 0.000 0.000 0.000 0.001 0.002 0.005 0.008 0.012 0.016 0.019 0.021 0.024 0.028 0.038 0.066 0.122 0.183 0.215 0.226 0.230 0.232 0.232 0.229 0.220 0.206 0.197 0.197 0.206 0.229 0.247 0.251 0.246 0.226 0.214 0.231 0.321 0.506 0.749 1.007 1.296 1.681 2.257 3.180 4.460 5.654 6.376 6.715 6.967 7.359 7.919 8.647 9.580 10.662 11.837 12.893 13.585 13.934 14.019 13.979 13.749 13.334 12.793 12.074 11.276 10.620 10.144 9.770 9.473
0.000 0.000 0.000 0.000 0.000 0.000 0.000 0.000 0.000 0.000 0.001 0.002 0.005 0.010 0.016 0.024 0.033 0.042 0.050 0.058 0.066 0.079 0.107 0.159 0.231 0.284 0.304 0.310 0.312 0.312 0.310 0.303 0.289 0.272 0.266 0.271 0.291 0.330 0.362 0.373 0.371 0.362 0.384 0.506 0.796 1.218 1.657 2.098 2.602 3.258 4.122 5.151 6.144 6.822 7.171 7.355 7.552 7.913 8.438 9.145 10.048 11.097 12.249 13.216 13.812 14.079 14.101 13.979 13.710 13.339 12.922 12.504 12.200 12.088 12.108 12.182 12.322
0.000 0.000 0.000 0.000 0.000 0.000 0.000 0.000 0.001 0.002 0.004 0.008 0.014 0.024 0.037 0.053 0.069 0.087 0.106 0.125 0.147 0.179 0.233 0.306 0.368 0.399 0.408 0.411 0.411 0.410 0.405 0.394 0.374 0.356 0.352 0.361 0.395 0.450 0.502 0.538 0.567 0.622 0.786 1.165 1.770 2.436 3.043 3.662 4.399 5.237 6.044 6.731 7.232 7.509 7.643 7.767 7.961 8.283 8.753 9.417 10.276 11.293 12.408 13.309 13.855 14.068 14.053 13.959 13.805 13.640 13.547 13.572 13.716 13.911 14.156 14.577 15.290
0.000 0.000 0.000 0.000 0.000 0.000 0.000 0.001 0.002 0.005 0.010 0.018 0.030 0.047 0.067 0.091 0.119 0.151 0.187 0.227 0.272 0.332 0.411 0.481 0.517 0.528 0.532 0.532 0.531 0.528 0.520 0.504 0.478 0.459 0.455 0.469 0.513 0.586 0.673 0.771 0.903 1.157 1.635 2.389 3.300 4.116 4.838 5.561 6.277 6.935 7.474 7.825 7.997 8.038 8.018 8.072 8.247 8.536 8.973 9.591 10.403 11.377 12.422 13.245 13.744 13.944 14.009 14.085 14.207 14.387 14.567 14.734 14.925 15.170 15.564 16.309 17.537
0.000 0.000 0.000 0.000 0.000 0.000 0.000 0.001 0.004 0.009 0.017 0.029 0.047 0.072 0.103 0.139 0.182 0.233 0.292 0.359 0.436 0.524 0.607 0.657 0.676 0.680 0.681 0.680 0.677 0.671 0.657 0.635 0.600 0.574 0.569 0.582 0.629 0.727 0.885 1.105 1.465 2.106 3.072 4.207 5.261 6.095 6.760 7.320 7.803 8.201 8.483 8.610 8.610 8.482 8.315 8.308 8.440 8.708 9.114 9.681 10.428 11.310 12.242 13.002 13.518 13.834 14.094 14.385 14.685 14.946 15.140 15.300 15.508 15.850 16.455 17.450 18.897
0.000 0.000 0.000 0.000 0.000 0.000 0.000 0.002 0.005 0.011 0.021 0.036 0.059 0.092 0.136 0.192 0.259 0.337 0.427 0.528 0.635 0.736 0.808 0.845 0.857 0.861 0.861 0.858 0.853 0.841 0.821 0.789 0.743 0.698 0.676 0.680 0.722 0.839 1.076 1.495 2.231 3.433 4.963 6.263 7.216 7.914 8.407 8.746 9.013 9.182 9.265 9.238 9.101 8.833 8.567 8.473 8.552 8.788 9.159 9.674 10.332 11.079 11.863 12.593 13.235 13.738 14.141 14.493 14.805 15.051 15.227 15.387 15.612 16.030 16.786 17.899 19.320
0.000 0.000 0.000 0.000 0.000 0.000 0.000 0.002 0.006 0.012 0.023 0.040 0.066 0.105 0.159 0.233 0.329 0.449 0.594 0.739 0.866 0.967 1.030 1.062 1.075 1.078 1.077 1.073 1.063 1.045 1.016 0.971 0.905 0.827 0.776 0.766 0.796 0.914 1.190 1.741 2.799 4.561 6.564 7.968 8.871 9.429 9.745 9.887 9.985 9.985 9.912 9.727 9.463 9.112 8.793 8.620 8.618 8.791 9.114 9.568 10.130 10.741 11.394 12.099 12.871 13.509 13.966 14.300 14.557 14.734 14.849 14.980 15.200 15.677 16.525 17.688 19.078
0.000 0.000 0.000 0.000 0.000 0.000 0.000 0.002 0.006 0.012 0.023 0.040 0.068 0.111 0.172 0.257 0.373 0.530 0.739 0.962 1.123 1.229 1.294 1.327 1.339 1.341 1.338 1.330 1.314 1.286 1.244 1.181 1.088 0.967 0.876 0.845 0.860 0.962 1.238 1.839 3.092 5.289 7.740 9.337 10.229 10.638 10.786 10.802 10.758 10.614 10.396 10.091 9.737 9.346 9.001 8.770 8.686 8.776 9.014 9.377 9.822 10.318 10.867 11.525 12.308 12.921 13.313 13.555 13.688 13.739 13.746 13.792 13.959 14.448 15.382 16.669 18.146
0.000 0.000 0.000 0.000 0.000 0.000 0.000 0.002 0.005 0.011 0.021 0.039 0.067 0.112 0.176 0.266 0.393 0.571 0.822 1.143 1.396 1.536 1.615 1.651 1.662 1.663 1.656 1.640 1.611 1.567 1.506 1.420 1.297 1.127 0.984 0.920 0.918 0.993 1.248 1.852 3.179 5.634 8.542 10.392 11.277 11.551 11.576 11.493 11.312 11.025 10.688 10.327 9.941 9.545 9.191 8.918 8.767 8.761 8.882 9.109 9.413 9.779 10.219 10.772 11.423 11.866 12.106 12.196 12.164 12.050 11.922 11.873 12.028 12.585 13.630 15.071 16.732
0.000 0.000 0.000 0.000 0.000 0.000 0.000 0.001 0.004 0.008 0.017 0.033 0.062 0.107 0.174 0.266 0.397 0.583 0.852 1.237 1.657 1.905 2.006 2.047 2.057 2.054 2.040 2.009 1.961 1.896 1.810 1.698 1.540 1.317 1.108 0.997 0.974 1.023 1.249 1.838 3.167 5.705 8.960 11.104 12.017 12.190 12.147 11.954 11.637 11.238 10.837 10.455 10.077 9.708 9.355 9.048 8.840 8.749 8.760 8.836 8.963 9.142 9.393 9.753 10.161 10.369 10.417 10.342 10.180 10.004 9.889 9.913 10.232 10.963 12.097 13.549 15.232
0.000 0.000 0.000 0.000 0.000 0.000 0.000 0.000 0.002 0.004 0.010 0.022 0.046 0.089 0.156 0.251 0.386 0.576 0.851 1.250 1.798 2.273 2.488 2.532 2.534 2.523 2.494 2.443 2.370 2.279 2.165 2.021 1.821 1.546 1.263 1.089 1.033 1.060 1.248 1.798 3.088 5.621 9.044 11.414 12.470 12.610 12.489 12.189 11.772 11.303 10.872 10.502 10.153 9.818 9.483 9.160 8.899 8.735 8.648 8.594 8.563 8.549 8.569 8.650 8.767 8.776 8.702 8.571 8.425 8.310 8.262 8.375 8.795 9.588 10.712 12.098 13.693
0.000 0.000 0.000 0.000 0.000 0.000 0.000 0.000 0.001 0.002 0.004 0.010 0.023 0.053 0.108 0.197 0.326 0.511 0.782 1.187 1.770 2.475 2.951 3.098 3.096 3.070 3.023 2.948 2.847 2.725 2.579 2.396 2.154 1.830 1.470 1.220 1.115 1.119 1.269 1.760 2.940 5.356 8.852 11.405 12.631 12.826 12.638 12.257 11.784 11.294 10.854 10.487 10.159 9.859 9.561 9.252 8.953 8.713 8.529 8.378 8.221 8.048 7.874 7.713 7.598 7.458 7.298 7.137 7.009 6.937 6.946 7.108 7.537 8.277 9.306 10.567 11.987
0.000 0.000 0.000 0.000 0.000 0.000 0.000 0.000 0.000 0.000 0.001 0.003 0.008 0.020 0.047 0.100 0.192 0.336 0.565 0.942 1.554 2.438 3.242 3.631 3.694 3.673 3.616 3.521 3.393 3.239 3.056 2.833 2.550 2.188 1.760 1.433 1.262 1.233 1.342 1.782 2.828 4.972 8.362 11.137 12.559 12.856 12.667 12.253 11.742 11.228 10.803 10.451 10.135 9.856 9.586 9.306 8.998 8.700 8.428 8.191 7.938 7.652 7.341 7.020 6.743 6.482 6.242 6.039 5.890 5.812 5.822 5.978 6.345 6.948 7.794 8.851 10.049
0.000 0.000 0.000 0.000 0.000 0.000 0.000 0.000 0.000 0.000 0.000 0.001 0.002 0.006 0.015 0.035 0.073 0.139 0.265 0.533 1.109 2.145 3.339 4.025 4.225 4.234 4.202 4.122 3.991 3.816 3.601 3.344 3.029 2.637 2.168 1.776 1.532 1.456 1.517 1.883 2.807 4.633 7.706 10.596 12.179 12.647 12.550 12.165 11.644 11.089 10.670 10.348 10.072 9.816 9.573 9.308 9.012 8.690 8.354 8.040 7.704 7.343 6.946 6.538 6.157 5.803 5.482 5.216 5.016 4.890 4.846 4.929 5.177 5.604 6.243 7.115 8.179
0.000 0.000 0.000 0.000 0.000 0.000 0.000 0.000 0.000 0.000 0.000 0.000 0.001 0.002 0.006 0.013 0.027 0.052 0.105 0.244 0.647 1.640 3.154 4.215 4.639 4.727 4.729 4.688 4.592 4.435 4.213 3.936 3.603 3.201 2.724 2.292 1.992 1.857 1.868 2.136 2.920 4.445 7.002 9.789 11.460 12.112 12.162 11.908 11.436 10.866 10.421 10.104 9.902 9.720 9.518 9.270 8.987 8.670 8.309 7.933 7.523 7.102 6.655 6.194 5.746 5.318 4.922 4.585 4.323 4.132 4.010 3.978 4.078 4.345 4.820 5.537 6.470
0.000 0.000 0.000 0.000 0.000 0.000 0.000 0.000 0.000 0.000 0.000 0.000 0.001 0.002 0.005 0.009 0.018 0.032 0.061 0.137 0.390 1.172 2.724 4.148 4.859 5.123 5.202 5.214 5.170 5.064 4.882 4.618 4.291 3.900 3.441 3.018 2.701 2.523 2.493 2.669 3.266 4.457 6.379 8.758 10.405 11.223 11.432 11.340 11.013 10.508 10.003 9.651 9.484 9.396 9.307 9.169 8.945 8.634 8.264 7.852 7.394 6.916 6.428 5.923 5.421 4.941 4.487 4.087 3.762 3.507 3.306 3.170 3.136 3.256 3.565 4.080 4.793
0.000 0.000 0.000 0.000 0.000 0.000 0.000 0.000 0.000 0.000 0.000 0.000 0.001 0.002 0.005 0.010 0.019 0.032 0.058 0.119 0.291 0.852 2.168 3.839 4.882 5.373 5.588 5.684 5.712 5.678 5.576 5.382 5.097 4.744 4.338 3.970 3.692 3.520 3.466 3.555 3.926 4.735 6.093 7.904 9.320 10.132 10.413 10.421 10.284 9.939 9.423 8.978 8.776 8.761 8.814 8.849 8.792 8.562 8.201 7.772 7.294 6.781 6.250 5.705 5.149 4.622 4.130 3.687 3.306 2.992 2.730 2.523 2.391 2.370 2.494 2.749 3.047
0.000 0.000 0.000 0.000 0.000 0.000 0.000 0.000 0.000 0.000 0.000 0.000 0.002 0.005 0.009 0.017 0.028 0.045 0.074 0.134 0.280 0.682 1.646 3.253 4.668 5.461 5.851 6.080 6.209 6.246 6.214 6.112 5.933 5.688 5.384 5.104 4.906 4.794 4.750 4.762 4.917 5.350 6.204 7.439 8.544 9.217 9.464 9.492 9.440 9.232 8.838 8.335 8.012 7.955 8.078 8.271 8.392 8.333 8.070 7.670 7.194 6.672 6.132 5.559 4.934 4.354 3.828 3.354 2.934 2.569 2.263 2.007 1.794 1.651 1.598 1.599 1.561
0.000 0.000 0.000 0.000 0.000 0.000 0.000 0.000 0.000 0.000 0.000 0.001 0.004 0.009 0.019 0.035 0.056 0.083 0.124 0.191 0.326 0.635 1.324 2.584 4.181 5.339 5.962 6.353 6.617 6.755 6.794 6.762 6.677 6.536 6.339 6.138 5.998 5.925 5.910 5.922 5.998 6.194 6.597 7.302 8.083 8.578 8.778 8.822 8.810 8.680 8.389 7.911 7.493 7.299 7.320 7.509 7.745 7.828 7.736 7.466 7.058 6.560 6.021 5.421 4.731 4.102 3.556 3.065 2.618 2.216 1.871 1.570 1.286 1.042 0.858 0.708 0.576
0.000 0.000 0.000 0.000 0.000 0.000 0.000 0.000 0.000 0.000 0.001 0.002 0.008 0.019 0.041 0.074 0.116 0.166 0.227 0.311 0.445 0.697 1.200 2.126 3.583 5.016 5.911 6.476 6.904 7.176 7.305 7.336 7.313 7.251 7.135 6.985 6.867 6.793 6.763 6.765 6.803 6.904 7.100 7.446 7.891 8.201 8.350 8.386 8.374 8.273 8.030 7.611 7.170 6.883 6.771 6.812 6.965 7.082 7.111 7.005 6.726 6.295 5.775 5.172 4.483 3.840 3.281 2.782 2.320 1.887 1.493 1.136 0.804 0.535 0.354 0.241 0.172
0.000 0.000 0.000 0.000 0.000 0.000 0.000 0.000 0.000 0.000 0.001 0.005 0.015 0.040 0.087 0.153 0.231 0.313 0.402 0.509 0.650 0.862 1.246 1.955 3.138 4.614 5.715 6.461 7.043 7.472 7.725 7.838 7.858 7.841 7.763 7.652 7.537 7.461 7.394 7.365 7.360 7.392 7.468 7.619 7.844 7.998 8.079 8.102 8.075 7.965 7.733 7.362 6.933 6.617 6.407 6.305 6.266 6.264 6.262 6.213 6.029 5.671 5.165 4.569 3.941 3.348 2.807 2.315 1.853 1.412 1.002 0.646 0.376 0.212 0.126 0.081 0.057
0.000 0.000 0.000 0.000 0.000 0.000 0.000 0.000 0.000 0.001 0.003 0.010 0.030 0.082 0.173 0.294 0.419 0.540 0.663 0.799 0.954 1.148 1.438 1.987 2.947 4.274 5.443 6.342 7.074 7.638 8.029 8.236 8.305 8.313 8.261 8.167 8.059 7.964 7.864 7.783 7.713 7.678 7.686 7.739 7.832 7.895 7.915 7.910 7.853 7.715 7.473 7.122 6.712 6.385 6.123 5.914 5.729 5.564 5.404 5.235 5.015 4.663 4.154 3.555 2.981 2.448 1.947 1.485 1.073 0.717 0.436 0.241 0.126 0.070 0.044 0.031 0.025
0.000 0.000 0.000 0.000 0.000 0.000 0.000 0.000 0.000 0.001 0.005 0.019 0.061 0.157 0.315 0.509 0.685 0.855 1.025 1.198 1.379 1.574 1.814 2.218 2.980 4.104 5.252 6.212 7.029 7.691 8.190 8.502 8.621 8.634 8.622 8.535 8.432 8.326 8.213 8.081 7.942 7.842 7.789 7.794 7.823 7.841 7.808 7.747 7.646 7.474 7.217 6.876 6.475 6.134 5.834 5.559 5.283 4.993 4.665 4.289 3.870 3.394 2.835 2.247 1.728 1.289 0.917 0.611 0.380 0.220 0.121 0.065 0.037 0.024 0.018 0.015 0.014
0.000 0.000 0.000 0.000 0.000 0.000 0.000 0.000 0.000 0.001 0.007 0.030 0.105 0.266 0.513 0.788 1.026 1.263 1.494 1.716 1.933 2.149 2.380 2.694 3.240 4.115 5.182 6.158 7.006 7.701 8.251 8.639 8.829 8.866 8.870 8.800 8.720 8.608 8.474 8.289 8.066 7.915 7.817 7.797 7.791 7.768 7.706 7.601 7.451 7.246 6.959 6.618 6.222 5.850 5.522 5.208 4.869 4.467 3.977 3.392 2.767 2.180 1.650 1.194 0.819 0.530 0.321 0.182 0.100 0.054 0.030 0.018 0.013 0.010 0.009 0.009 0.008
0.000 0.000 0.000 0.000 0.000 0.000 0.000 0.000 0.000 0.001 0.008 0.034 0.127 0.342 0.680 1.079 1.434 1.762 2.073 2.359 2.619 2.864 3.111 3.390 3.780 4.389 5.243 6.176 7.018 7.721 8.293 8.709 8.935 9.007 9.018 8.987 8.928 8.809 8.654 8.421 8.140 7.935 7.817 7.774 7.745 7.703 7.595 7.439 7.228 6.981 6.687 6.333 5.921 5.486 5.062 4.666 4.239 3.718 3.066 2.325 1.658 1.162 0.794 0.516 0.313 0.176 0.093 0.047 0.024 0.014 0.009 0.007 0.006 0.006 0.006 0.005 0.005
0.000 0.000 0.000 0.000 0.000 0.000 0.000 0.000 0.000 0.001 0.007 0.033 0.127 0.370 0.777 1.300 1.849 2.345 2.767 3.134 3.448 3.726 3.990 4.258 4.564 4.979 5.572 6.331 7.111 7.786 8.335 8.750 8.999 9.109 9.113 9.094 9.035 8.918 8.747 8.500 8.195 7.937 7.788 7.688 7.613 7.551 7.422 7.239 6.977 6.643 6.269 5.851 5.361 4.769 4.108 3.510 2.913 2.281 1.628 1.081 0.708 0.454 0.282 0.169 0.096 0.050 0.024 0.011 0.006 0.005 0.004 0.003 0.003 0.003 0.003 0.003 0.003
0.000 0.000 0.000 0.000 0.000 0.000 0.000 0.000 0.000 0.001 0.006 0.028 0.117 0.366 0.823 1.456 2.191 2.943 3.567 4.050 4.435 4.753 5.026 5.280 5.535 5.825 6.202 6.724 7.358 7.960 8.452 8.832 9.064 9.183 9.187 9.157 9.102 8.975 8.786 8.534 8.218 7.916 7.701 7.520 7.382 7.257 7.096 6.879 6.579 6.174 5.678 5.095 4.395 3.526 2.631 1.918 1.353 0.892 0.548 0.328 0.198 0.120 0.074 0.044 0.025 0.012 0.006 0.003 0.002 0.002 0.002 0.002 0.002 0.002 0.002 0.002 0.002
0.000 0.000 0.000 0.000 0.000 0.000 0.000 0.000 0.001 0.001 0.004 0.021 0.095 0.340 0.837 1.573 2.459 3.441 4.334 5.046 5.579 5.958 6.243 6.477 6.684 6.866 7.082 7.384 7.802 8.265 8.650 8.944 9.133 9.252 9.262 9.208 9.117 8.983 8.796 8.543 8.221 7.872 7.561 7.280 7.044 6.808 6.558 6.273 5.920 5.452 4.857 4.113 3.196 2.241 1.460 0.891 0.508 0.273 0.142 0.077 0.044 0.027 0.017 0.010 0.006 0.003 0.001 0.001 0.001 0.001 0.001 0.001 0.001 0.001 0.001 0.000 0.000
0.000 0.000 0.000 0.000 0.001 0.001 0.001 0.002 0.002 0.002 0.004 0.016 0.076 0.300 0.826 1.657 2.676 3.803 4.922 5.886 6.634 7.154 7.510 7.761 7.939 8.053 8.151 8.268 8.463 8.713 8.962 9.146 9.248 9.295 9.264 9.207 9.107 8.958 8.762 8.507 8.185 7.805 7.398 6.993 6.623 6.249 5.865 5.453 4.990 4.422 3.737 2.933 2.073 1.318 0.751 0.386 0.183 0.083 0.037 0.018 0.010 0.006 0.004 0.002 0.001 0.001 0.000 0.000 0.000 0.000 0.000 0.000 0.000 0.000 0.000 0.000 0.000
0.000 0.000 0.001 0.001 0.002 0.002 0.002 0.002 0.002 0.002 0.004 0.016 0.069 0.285 0.829 1.727 2.846 4.043 5.296 6.493 7.457 8.136 8.592 8.893 9.075 9.181 9.242 9.278 9.305 9.326 9.368 9.369 9.330 9.293 9.232 9.163 9.047 8.885 8.685 8.413 8.071 7.667 7.194 6.667 6.151 5.653 5.153 4.624 4.054 3.415 2.696 1.937 1.249 0.710 0.353 0.157 0.065 0.026 0.010 0.004 0.002 0.001 0.001 0.001 0.000 0.000 0.000 0.000 0.000 0.000 0.000 0.000 0.000 0.000 0.000 0.000 0.000
0.001 0.001 0.002 0.003 0.003 0.003 0.003 0.003 0.003 0.003 0.005 0.016 0.070 0.296 0.872 1.820 2.975 4.172 5.458 6.826 8.004 8.880 9.468 9.832 10.020 10.095 10.109 10.084 10.011 9.886 9.736 9.554 9.371 9.216 9.073 8.953 8.825 8.672 8.472 8.217 7.880 7.463 6.951 6.341 5.703 5.103 4.520 3.922 3.298 2.627 1.923 1.259 0.724 0.359 0.155 0.061 0.023 0.008 0.003 0.001 0.001 0.000 0.000 0.000 0.000 0.000 0.000 0.000 0.000 0.000 0.000 0.000 0.000 0.000 0.000 0.000 0.000
0.002 0.003 0.004 0.004 0.004 0.004 0.004 0.003 0.003 0.003 0.005 0.017 0.080 0.347 0.980 1.944 3.050 4.205 5.490 6.950 8.311 9.380 10.114 10.542 10.736 10.793 10.781 10.705 10.522 10.255 9.952 9.618 9.303 9.004 8.726 8.507 8.352 8.209 8.046 7.829 7.512 7.113 6.599 5.960 5.251 4.571 3.933 3.297 2.648 1.978 1.335 0.793 0.401 0.171 0.065 0.023 0.008 0.003 0.001 0.001 0.000 0.000 0.000 0.000 0.000 0.000 0.000 0.000 0.000 0.000 0.000 0.000 0.000 0.000 0.000 0.000 0.000
0.005 0.006 0.006 0.006 0.005 0.005 0.004 0.004 0.004 0.004 0.007 0.023 0.108 0.429 1.101 2.033 3.065 4.194 5.480 6.946 8.405 9.619 10.487 10.995 11.206 11.248 11.220 11.089 10.826 10.465 10.058 9.616 9.153 8.664 8.216 7.876 7.635 7.448 7.284 7.088 6.828 6.500 6.060 5.463 4.759 4.034 3.355 2.704 2.056 1.421 0.867 0.453 0.197 0.073 0.024 0.008 0.002 0.001 0.000 0.000 0.000 0.000 0.000 0.000 0.000 0.000 0.000 0.000 0.000 0.000 0.000 0.000 0.000 0.000 0.000 0.000 0.000
0.008 0.008 0.008 0.007 0.006 0.005 0.005 0.005 0.005 0.006 0.010 0.029 0.125 0.473 1.155 2.055 3.036 4.135 5.411 6.875 8.361 9.653 10.624 11.189 11.442 11.471 11.412 11.232 10.928 10.535 10.042 9.477 8.857 8.181 7.547 7.052 6.680 6.414 6.201 5.990 5.780 5.545 5.241 4.775 4.165 3.472 2.760 2.091 1.460 0.905 0.483 0.214 0.079 0.025 0.007 0.002 0.001 0.000 0.000 0.000 0.000 0.000 0.000 0.000 0.000 0.000 0.000 0.000 0.000 0.000 0.000 0.000 0.000 0.000 0.000 0.000 0.000
