RESULTS/r.avaflow_results/33_results/33_ascii/33_hflow0054.asc
ncols 506
nrows 317
xllcenter 498237.50
yllcenter 5580050.00
cellsize 12.50
NODATA_value -9999.000
[rows 170 to 203 of 317, columns 154 to 230 of 506]
9.185 9.027 8.868 8.697 8.494 8.269 8.071 7.908 7.760 7.614 7.475 7.342 7.186 6.932 6.499 5.865 5.077 4.241 3.430 2.660 1.949 1.334 0.863 0.560 0.393 0.310 0.274 0.265 0.268 0.285 0.328 0.388 0.433 0.459 0.477 0.494 0.519 0.555 0.573 0.573 0.558 0.535 0.524 0.516 0.504 0.478 0.431 0.363 0.290 0.225 0.171 0.133 0.108 0.091 0.082 0.078 0.077 0.079 0.084 0.088 0.092 0.093 0.094 0.094 0.094 0.095 0.099 0.113 0.153 0.242 0.368 0.439 0.453 0.423 0.323 0.202 0.128
12.418 12.608 12.698 12.703 12.645 12.512 12.301 12.049 11.789 11.521 11.257 11.009 10.761 10.461 10.001 9.293 8.332 7.190 5.986 4.793 3.656 2.633 1.787 1.171 0.787 0.572 0.459 0.409 0.398 0.413 0.453 0.504 0.533 0.543 0.543 0.542 0.549 0.567 0.575 0.568 0.542 0.509 0.487 0.467 0.441 0.397 0.320 0.227 0.153 0.108 0.083 0.068 0.059 0.055 0.053 0.054 0.056 0.061 0.067 0.070 0.071 0.070 0.069 0.068 0.067 0.067 0.071 0.082 0.111 0.174 0.288 0.389 0.431 0.435 0.401 0.311 0.207
15.973 16.518 16.739 16.729 16.599 16.339 15.992 15.625 15.271 14.917 14.569 14.253 13.954 13.636 13.201 12.532 11.580 10.384 9.023 7.570 6.093 4.656 3.370 2.327 1.576 1.088 0.791 0.625 0.546 0.518 0.519 0.536 0.548 0.549 0.541 0.529 0.526 0.528 0.524 0.501 0.449 0.395 0.353 0.315 0.274 0.219 0.153 0.101 0.070 0.054 0.045 0.040 0.037 0.036 0.037 0.039 0.043 0.049 0.053 0.055 0.055 0.054 0.052 0.051 0.050 0.050 0.053 0.061 0.080 0.121 0.204 0.320 0.405 0.437 0.438 0.407 0.323
18.692 19.565 19.937 19.948 19.798 19.513 19.157 18.798 18.443 18.071 17.681 17.323 16.997 16.664 16.239 15.579 14.621 13.410 12.055 10.605 9.047 7.378 5.686 4.154 2.920 2.008 1.382 0.985 0.750 0.617 0.549 0.525 0.516 0.505 0.485 0.457 0.436 0.418 0.392 0.341 0.268 0.209 0.171 0.144 0.119 0.092 0.065 0.047 0.036 0.031 0.027 0.026 0.025 0.025 0.026 0.029 0.033 0.038 0.042 0.043 0.043 0.042 0.041 0.040 0.040 0.040 0.042 0.047 0.059 0.084 0.132 0.228 0.351 0.426 0.447 0.442 0.404
20.213 21.319 21.929 22.134 22.135 22.007 21.822 21.610 21.357 21.034 20.636 20.229 19.867 19.501 19.062 18.411 17.475 16.280 14.916 13.456 11.909 10.237 8.392 6.447 4.678 3.246 2.175 1.441 0.976 0.698 0.549 0.473 0.427 0.391 0.349 0.307 0.274 0.245 0.215 0.173 0.126 0.096 0.077 0.065 0.054 0.043 0.033 0.026 0.022 0.020 0.019 0.019 0.019 0.019 0.020 0.022 0.025 0.030 0.033 0.034 0.034 0.034 0.033 0.033 0.033 0.034 0.036 0.039 0.046 0.060 0.087 0.143 0.257 0.382 0.436 0.443 0.428
20.591 21.803 22.647 23.162 23.471 23.653 23.748 23.742 23.643 23.420 23.036 22.543 22.121 21.727 21.288 20.684 19.845 18.757 17.434 15.920 14.259 12.454 10.452 8.178 5.945 4.098 2.688 1.713 1.097 0.730 0.518 0.388 0.301 0.240 0.191 0.158 0.140 0.125 0.109 0.086 0.063 0.049 0.040 0.034 0.029 0.024 0.020 0.017 0.015 0.015 0.014 0.014 0.014 0.014 0.015 0.017 0.019 0.023 0.025 0.027 0.027 0.027 0.028 0.028 0.029 0.030 0.032 0.034 0.039 0.046 0.062 0.095 0.165 0.290 0.389 0.423 0.422
20.331 21.606 22.594 23.312 23.892 24.376 24.695 24.828 24.832 24.711 24.355 23.772 23.296 22.925 22.525 21.984 21.261 20.322 19.105 17.580 15.795 13.812 11.615 9.097 6.548 4.450 2.867 1.788 1.118 0.713 0.462 0.303 0.204 0.140 0.101 0.081 0.072 0.065 0.057 0.046 0.036 0.029 0.024 0.021 0.018 0.015 0.013 0.012 0.011 0.011 0.011 0.011 0.011 0.011 0.012 0.013 0.015 0.017 0.019 0.021 0.022 0.023 0.024 0.025 0.026 0.027 0.029 0.031 0.034 0.039 0.049 0.069 0.110 0.190 0.295 0.366 0.391
19.485 20.889 22.094 23.065 23.849 24.454 24.826 24.987 25.022 24.954 24.621 23.994 23.493 23.167 22.811 22.303 21.629 20.782 19.665 18.177 16.338 14.241 11.919 9.283 6.620 4.442 2.818 1.724 1.048 0.633 0.374 0.216 0.126 0.079 0.055 0.045 0.040 0.036 0.032 0.027 0.022 0.019 0.016 0.014 0.012 0.010 0.009 0.009 0.008 0.008 0.008 0.008 0.008 0.008 0.009 0.010 0.011 0.013 0.015 0.017 0.018 0.020 0.021 0.022 0.023 0.025 0.027 0.029 0.031 0.035 0.042 0.055 0.079 0.123 0.194 0.272 0.329
18.245 19.794 21.197 22.408 23.385 24.067 24.429 24.559 24.576 24.493 24.170 23.569 23.048 22.697 22.324 21.805 21.153 20.363 19.322 17.898 16.077 13.945 11.555 8.851 6.198 4.050 2.472 1.437 0.821 0.456 0.241 0.126 0.071 0.045 0.032 0.027 0.024 0.022 0.019 0.017 0.015 0.013 0.011 0.010 0.008 0.007 0.006 0.006 0.006 0.005 0.005 0.005 0.005 0.006 0.006 0.007 0.008 0.009 0.011 0.013 0.015 0.016 0.018 0.020 0.021 0.023 0.025 0.027 0.029 0.032 0.038 0.047 0.062 0.088 0.129 0.185 0.245
16.829 18.469 19.956 21.256 22.297 23.011 23.382 23.478 23.411 23.179 22.835 22.407 21.931 21.404 20.824 20.222 19.585 18.866 17.919 16.575 14.782 12.613 10.157 7.493 5.038 3.098 1.721 0.874 0.432 0.217 0.113 0.063 0.039 0.027 0.021 0.018 0.016 0.014 0.013 0.011 0.010 0.009 0.008 0.007 0.006 0.005 0.004 0.004 0.003 0.003 0.003 0.003 0.003 0.004 0.004 0.005 0.006 0.007 0.008 0.010 0.011 0.013 0.015 0.017 0.019 0.021 0.023 0.025 0.027 0.030 0.035 0.042 0.053 0.070 0.096 0.131 0.174
15.212 16.826 18.290 19.581 20.643 21.427 21.880 21.994 21.858 21.495 21.214 21.013 20.621 19.862 18.998 18.266 17.550 16.774 15.767 14.333 12.424 10.113 7.583 5.151 3.150 1.712 0.817 0.355 0.162 0.084 0.050 0.032 0.023 0.017 0.014 0.012 0.011 0.010 0.009 0.008 0.007 0.006 0.005 0.004 0.004 0.003 0.002 0.002 0.002 0.002 0.002 0.002 0.002 0.002 0.002 0.003 0.004 0.005 0.006 0.007 0.009 0.010 0.012 0.014 0.016 0.018 0.020 0.023 0.025 0.028 0.032 0.039 0.048 0.061 0.079 0.103 0.133
13.288 14.778 16.203 17.551 18.767 19.794 20.498 20.751 20.647 20.300 20.048 19.856 19.411 18.515 17.535 16.713 15.862 14.810 13.402 11.539 9.162 6.561 4.242 2.538 1.398 0.691 0.299 0.123 0.060 0.037 0.026 0.019 0.015 0.012 0.010 0.009 0.008 0.007 0.006 0.005 0.004 0.004 0.003 0.003 0.002 0.002 0.001 0.001 0.001 0.001 0.001 0.001 0.001 0.001 0.001 0.001 0.002 0.003 0.004 0.005 0.007 0.008 0.010 0.012 0.014 0.016 0.018 0.021 0.023 0.027 0.031 0.037 0.046 0.058 0.072 0.090 0.111
11.131 12.494 13.917 15.396 16.865 18.168 19.107 19.509 19.475 19.194 18.860 18.481 17.855 16.907 15.922 15.016 13.999 12.606 10.647 8.048 5.334 3.141 1.706 0.884 0.444 0.213 0.095 0.046 0.028 0.020 0.016 0.013 0.010 0.009 0.007 0.006 0.005 0.005 0.004 0.003 0.003 0.002 0.002 0.001 0.001 0.001 0.000 0.000 0.000 0.000 0.000 0.000 0.000 0.000 0.000 0.001 0.001 0.002 0.003 0.004 0.005 0.006 0.008 0.010 0.012 0.014 0.017 0.019 0.022 0.026 0.030 0.037 0.046 0.057 0.070 0.083 0.098
9.164 10.399 11.711 13.160 14.707 16.106 17.160 17.686 17.741 17.482 16.912 16.126 15.212 14.260 13.301 12.277 10.992 9.144 6.590 4.024 2.163 1.024 0.451 0.215 0.114 0.062 0.034 0.022 0.016 0.013 0.011 0.009 0.007 0.006 0.005 0.004 0.003 0.003 0.002 0.002 0.001 0.001 0.001 0.000 0.000 0.000 0.000 0.000 0.000 0.000 0.000 0.000 0.000 0.000 0.000 0.000 0.000 0.001 0.001 0.002 0.003 0.005 0.006 0.008 0.010 0.012 0.015 0.018 0.021 0.025 0.030 0.037 0.047 0.058 0.069 0.080 0.092
7.322 8.356 9.422 10.553 11.734 12.855 13.804 14.358 14.469 14.234 13.508 12.366 11.104 9.975 8.870 7.667 6.192 4.372 2.534 1.245 0.527 0.208 0.096 0.056 0.036 0.025 0.018 0.014 0.011 0.009 0.007 0.006 0.005 0.004 0.003 0.003 0.002 0.001 0.001 0.001 0.000 0.000 0.000 0.000 0.000 0.000 0.000 0.000 0.000 0.000 0.000 0.000 0.000 0.000 0.000 0.000 0.000 0.000 0.001 0.001 0.002 0.003 0.005 0.006 0.008 0.011 0.014 0.017 0.020 0.025 0.030 0.038 0.047 0.058 0.069 0.079 0.089
5.402 6.035 6.540 6.977 7.412 7.926 8.533 8.966 9.090 8.942 8.318 7.170 5.833 4.760 3.868 3.042 2.163 1.243 0.569 0.224 0.092 0.048 0.031 0.023 0.018 0.014 0.011 0.009 0.008 0.006 0.005 0.004 0.003 0.003 0.002 0.001 0.001 0.001 0.000 0.000 0.000 0.000 0.000 0.000 0.000 0.000 0.000 0.000 0.000 0.000 0.000 0.000 0.000 0.000 0.000 0.000 0.000 0.000 0.000 0.001 0.001 0.002 0.004 0.005 0.007 0.009 0.012 0.016 0.019 0.024 0.030 0.038 0.047 0.058 0.069 0.079 0.090
3.257 3.333 3.335 3.306 3.302 3.374 3.572 3.747 3.799 3.740 3.453 2.867 2.087 1.473 1.051 0.737 0.450 0.218 0.094 0.046 0.028 0.021 0.017 0.014 0.012 0.010 0.008 0.007 0.005 0.004 0.003 0.003 0.002 0.001 0.001 0.000 0.000 0.000 0.000 0.000 0.000 0.000 0.000 0.000 0.000 0.000 0.000 0.000 0.000 0.000 0.000 0.000 0.000 0.000 0.000 0.000 0.000 0.000 0.000 0.000 0.001 0.001 0.003 0.004 0.006 0.008 0.011 0.014 0.019 0.023 0.029 0.037 0.046 0.057 0.069 0.080 0.093
1.521 1.350 1.222 1.116 1.033 0.991 1.005 1.035 1.038 1.015 0.920 0.727 0.470 0.298 0.204 0.138 0.084 0.046 0.028 0.020 0.016 0.013 0.011 0.010 0.008 0.007 0.005 0.004 0.003 0.003 0.002 0.001 0.001 0.000 0.000 0.000 0.000 0.000 0.000 0.000 0.000 0.000 0.000 0.000 0.000 0.000 0.000 0.000 0.000 0.000 0.000 0.000 0.000 0.000 0.000 0.000 0.000 0.000 0.000 0.000 0.000 0.001 0.002 0.003 0.005 0.007 0.010 0.013 0.017 0.022 0.028 0.035 0.044 0.054 0.067 0.083 0.101
0.509 0.399 0.342 0.305 0.273 0.251 0.241 0.235 0.230 0.220 0.197 0.153 0.099 0.067 0.050 0.037 0.027 0.020 0.016 0.013 0.011 0.009 0.008 0.007 0.006 0.005 0.004 0.003 0.002 0.001 0.001 0.000 0.000 0.000 0.000 0.000 0.000 0.000 0.000 0.000 0.000 0.000 0.000 0.000 0.000 0.000 0.000 0.000 0.000 0.000 0.000 0.000 0.000 0.000 0.000 0.000 0.000 0.000 0.000 0.000 0.000 0.000 0.001 0.002 0.003 0.006 0.008 0.012 0.016 0.020 0.026 0.033 0.041 0.051 0.066 0.085 0.109
0.148 0.117 0.102 0.093 0.084 0.076 0.070 0.066 0.062 0.059 0.053 0.044 0.033 0.026 0.022 0.018 0.015 0.012 0.011 0.009 0.008 0.006 0.005 0.004 0.004 0.003 0.002 0.001 0.001 0.000 0.000 0.000 0.000 0.000 0.000 0.000 0.000 0.000 0.000 0.000 0.000 0.000 0.000 0.000 0.000 0.000 0.000 0.000 0.000 0.000 0.000 0.000 0.000 0.000 0.000 0.000 0.000 0.000 0.000 0.000 0.000 0.000 0.000 0.001 0.002 0.004 0.007 0.010 0.013 0.018 0.023 0.028 0.036 0.046 0.061 0.083 0.109
0.050 0.042 0.039 0.037 0.035 0.032 0.029 0.028 0.026 0.025 0.023 0.021 0.018 0.015 0.013 0.012 0.010 0.009 0.007 0.006 0.005 0.004 0.003 0.003 0.002 0.001 0.001 0.001 0.000 0.000 0.000 0.000 0.000 0.000 0.000 0.000 0.000 0.000 0.000 0.000 0.000 0.000 0.000 0.000 0.000 0.000 0.000 0.000 0.000 0.000 0.000 0.000 0.000 0.000 0.000 0.000 0.000 0.000 0.000 0.000 0.000 0.000 0.000 0.001 0.001 0.003 0.005 0.007 0.010 0.014 0.018 0.023 0.029 0.038 0.051 0.071 0.098
0.023 0.021 0.020 0.019 0.019 0.018 0.017 0.016 0.015 0.015 0.014 0.013 0.012 0.010 0.009 0.008 0.007 0.006 0.005 0.004 0.003 0.003 0.002 0.001 0.001 0.001 0.000 0.000 0.000 0.000 0.000 0.000 0.000 0.000 0.000 0.000 0.000 0.000 0.000 0.000 0.000 0.000 0.000 0.000 0.000 0.000 0.000 0.000 0.000 0.000 0.000 0.000 0.000 0.000 0.000 0.000 0.000 0.000 0.000 0.000 0.000 0.000 0.000 0.000 0.001 0.002 0.003 0.005 0.007 0.010 0.013 0.017 0.021 0.027 0.036 0.050 0.072
0.013 0.012 0.012 0.012 0.012 0.011 0.011 0.010 0.010 0.009 0.009 0.009 0.008 0.007 0.006 0.005 0.004 0.004 0.003 0.002 0.002 0.001 0.001 0.001 0.000 0.000 0.000 0.000 0.000 0.000 0.000 0.000 0.000 0.000 0.000 0.000 0.000 0.000 0.000 0.000 0.000 0.000 0.000 0.000 0.000 0.000 0.000 0.000 0.000 0.000 0.000 0.000 0.000 0.000 0.000 0.000 0.000 0.000 0.000 0.000 0.000 0.000 0.000 0.000 0.000 0.001 0.002 0.003 0.005 0.007 0.009 0.012 0.015 0.019 0.024 0.031 0.043
0.008 0.008 0.008 0.008 0.008 0.008 0.007 0.007 0.007 0.006 0.006 0.006 0.005 0.005 0.004 0.003 0.003 0.002 0.001 0.001 0.001 0.000 0.000 0.000 0.000 0.000 0.000 0.000 0.000 0.000 0.000 0.000 0.000 0.000 0.000 0.000 0.000 0.000 0.000 0.000 0.000 0.000 0.000 0.000 0.000 0.000 0.000 0.000 0.000 0.000 0.000 0.000 0.000 0.000 0.000 0.000 0.000 0.000 0.000 0.000 0.000 0.000 0.000 0.000 0.000 0.000 0.001 0.002 0.003 0.005 0.007 0.009 0.011 0.013 0.016 0.021 0.027
0.005 0.005 0.005 0.005 0.005 0.005 0.005 0.004 0.004 0.004 0.004 0.003 0.003 0.003 0.002 0.002 0.001 0.001 0.001 0.000 0.000 0.000 0.000 0.000 0.000 0.000 0.000 0.000 0.000 0.000 0.000 0.000 0.000 0.000 0.000 0.000 0.000 0.000 0.000 0.000 0.000 0.000 0.000 0.000 0.000 0.000 0.000 0.000 0.000 0.000 0.000 0.000 0.000 0.000 0.000 0.000 0.000 0.000 0.000 0.000 0.000 0.000 0.000 0.000 0.000 0.000 0.000 0.001 0.002 0.003 0.004 0.006 0.008 0.010 0.012 0.014 0.018
0.003 0.003 0.003 0.003 0.003 0.003 0.003 0.003 0.002 0.002 0.002 0.002 0.001 0.001 0.001 0.001 0.000 0.000 0.000 0.000 0.000 0.000 0.000 0.000 0.000 0.000 0.000 0.000 0.000 0.000 0.000 0.000 0.000 0.000 0.000 0.000 0.000 0.000 0.000 0.000 0.000 0.000 0.000 0.000 0.000 0.000 0.000 0.000 0.000 0.000 0.000 0.000 0.000 0.000 0.000 0.000 0.000 0.000 0.000 0.000 0.000 0.000 0.000 0.000 0.000 0.000 0.000 0.000 0.001 0.002 0.003 0.004 0.005 0.007 0.008 0.010 0.013
0.002 0.001 0.001 0.001 0.001 0.001 0.001 0.001 0.001 0.001 0.001 0.001 0.000 0.000 0.000 0.000 0.000 0.000 0.000 0.000 0.000 0.000 0.000 0.000 0.000 0.000 0.000 0.000 0.000 0.000 0.000 0.000 0.000 0.000 0.000 0.000 0.000 0.000 0.000 0.000 0.000 0.000 0.000 0.000 0.000 0.000 0.000 0.000 0.000 0.000 0.000 0.000 0.000 0.000 0.000 0.000 0.000 0.000 0.000 0.000 0.000 0.000 0.000 0.000 0.000 0.000 0.000 0.000 0.000 0.001 0.001 0.002 0.003 0.004 0.006 0.007 0.009
0.000 0.000 0.000 0.000 0.000 0.000 0.000 0.000 0.000 0.000 0.000 0.000 0.000 0.000 0.000 0.000 0.000 0.000 0.000 0.000 0.000 0.000 0.000 0.000 0.000 0.000 0.000 0.000 0.000 0.000 0.000 0.000 0.000 0.000 0.000 0.000 0.000 0.000 0.000 0.000 0.000 0.000 0.000 0.000 0.000 0.000 0.000 0.000 0.000 0.000 0.000 0.000 0.000 0.000 0.000 0.000 0.000 0.000 0.000 0.000 0.000 0.000 0.000 0.000 0.000 0.000 0.000 0.000 0.000 0.000 0.001 0.001 0.002 0.003 0.004 0.005 0.006
0.000 0.000 0.000 0.000 0.000 0.000 0.000 0.000 0.000 0.000 0.000 0.000 0.000 0.000 0.000 0.000 0.000 0.000 0.000 0.000 0.000 0.000 0.000 0.000 0.000 0.000 0.000 0.000 0.000 0.000 0.000 0.000 0.000 0.000 0.000 0.000 0.000 0.000 0.000 0.000 0.000 0.000 0.000 0.000 0.000 0.000 0.000 0.000 0.000 0.000 0.000 0.000 0.000 0.000 0.000 0.000 0.000 0.000 0.000 0.000 0.000 0.000 0.000 0.000 0.000 0.000 0.000 0.000 0.000 0.000 0.000 0.000 0.001 0.001 0.002 0.003 0.004
0.000 0.000 0.000 0.000 0.000 0.000 0.000 0.000 0.000 0.000 0.000 0.000 0.000 0.000 0.000 0.000 0.000 0.000 0.000 0.000 0.000 0.000 0.000 0.000 0.000 0.000 0.000 0.000 0.000 0.000 0.000 0.000 0.000 0.000 0.000 0.000 0.000 0.000 0.000 0.000 0.000 0.000 0.000 0.000 0.000 0.000 0.000 0.000 0.000 0.000 0.000 0.000 0.000 0.000 0.000 0.000 0.000 0.000 0.000 0.000 0.000 0.000 0.000 0.000 0.000 0.000 0.000 0.000 0.000 0.000 0.000 0.000 0.000 0.001 0.001 0.002 0.003
0.000 0.000 0.000 0.000 0.000 0.000 0.000 0.000 0.000 0.000 0.000 0.000 0.000 0.000 0.000 0.000 0.000 0.000 0.000 0.000 0.000 0.000 0.000 0.000 0.000 0.000 0.000 0.000 0.000 0.000 0.000 0.000 0.000 0.000 0.000 0.000 0.000 0.000 0.000 0.000 0.000 0.000 0.000 0.000 0.000 0.000 0.000 0.000 0.000 0.000 0.000 0.000 0.000 0.000 0.000 0.000 0.000 0.000 0.000 0.000 0.000 0.000 0.000 0.000 0.000 0.000 0.000 0.000 0.000 0.000 0.000 0.000 0.000 0.000 0.000 0.001 0.001
0.000 0.000 0.000 0.000 0.000 0.000 0.000 0.000 0.000 0.000 0.000 0.000 0.000 0.000 0.000 0.000 0.000 0.000 0.000 0.000 0.000 0.000 0.000 0.000 0.000 0.000 0.000 0.000 0.000 0.000 0.000 0.000 0.000 0.000 0.000 0.000 0.000 0.000 0.000 0.000 0.000 0.000 0.000 0.000 0.000 0.000 0.000 0.000 0.000 0.000 0.000 0.000 0.000 0.000 0.000 0.000 0.000 0.000 0.000 0.000 0.000 0.000 0.000 0.000 0.000 0.000 0.000 0.000 0.000 0.000 0.000 0.000 0.000 0.000 0.000 0.000 0.000
0.000 0.000 0.000 0.000 0.000 0.000 0.000 0.000 0.000 0.000 0.000 0.000 0.000 0.000 0.000 0.000 0.000 0.000 0.000 0.000 0.000 0.000 0.000 0.000 0.000 0.000 0.000 0.000 0.000 0.000 0.000 0.000 0.000 0.000 0.000 0.000 0.000 0.000 0.000 0.000 0.000 0.000 0.000 0.000 0.000 0.000 0.000 0.000 0.000 0.000 0.000 0.000 0.000 0.000 0.000 0.000 0.000 0.000 0.000 0.000 0.000 0.000 0.000 0.000 0.000 0.000 0.000 0.000 0.000 0.000 0.000 0.000 0.000 0.000 0.000 0.000 0.000
0.000 0.000 0.000 0.000 0.000 0.000 0.000 0.000 0.000 0.000 0.000 0.000 0.000 0.000 0.000 0.000 0.000 0.000 0.000 0.000 0.000 0.000 0.000 0.000 0.000 0.000 0.000 0.000 0.000 0.000 0.000 0.000 0.000 0.000 0.000 0.000 0.000 0.000 0.000 0.000 0.000 0.000 0.000 0.000 0.000 0.000 0.000 0.000 0.000 0.000 0.000 0.000 0.000 0.000 0.000 0.000 0.000 0.000 0.000 0.000 0.000 0.000 0.000 0.000 0.000 0.000 0.000 0.000 0.000 0.000 0.000 0.000 0.000 0.000 0.000 0.000 0.000
