RESULTS/r.avaflow_results/33_results/33_ascii/33_hflow0005.asc
ncols 506
nrows 317
xllcenter 498237.50
yllcenter 5580050.00
cellsize 12.50
NODATA_value -9999.000
[rows 170 to 203 of 317, columns 77 to 153 of 506]
0.000 0.000 0.000 0.000 0.000 0.000 0.000 0.000 0.000 0.000 0.000 0.000 0.000 0.000 0.000 0.000 0.000 0.000 0.000 0.000 0.000 0.000 0.000 0.000 0.000 0.000 0.000 0.000 0.000 0.000 0.001 0.001 0.002 0.004 0.006 0.008 0.012 0.016 0.023 0.031 0.036 0.040 0.044 0.047 0.054 0.068 0.095 0.149 0.248 0.413 0.647 0.956 1.423 2.420 4.055 5.117 6.022 7.991 11.964 15.288 16.640 16.787 16.515 16.273 16.064 15.754 15.334 14.877 14.386 13.682 12.649 11.422 10.350 9.595 9.050 8.626 8.299
0.000 0.000 0.000 0.000 0.000 0.000 0.000 0.000 0.000 0.000 0.000 0.000 0.000 0.000 0.000 0.000 0.000 0.000 0.000 0.000 0.000 0.000 0.000 0.000 0.000 0.000 0.000 0.000 0.001 0.002 0.003 0.006 0.009 0.013 0.019 0.026 0.035 0.048 0.066 0.085 0.099 0.109 0.118 0.130 0.150 0.190 0.270 0.424 0.701 1.119 1.644 2.244 3.062 4.208 5.355 6.074 6.977 9.031 13.212 17.670 19.749 20.239 19.628 18.313 17.187 16.350 15.631 14.976 14.326 13.586 12.730 11.996 11.578 11.400 11.354 11.378 11.511
0.000 0.000 0.000 0.000 0.000 0.000 0.000 0.000 0.000 0.000 0.000 0.000 0.000 0.000 0.000 0.000 0.000 0.000 0.000 0.000 0.000 0.000 0.000 0.000 0.000 0.000 0.000 0.001 0.003 0.007 0.012 0.019 0.028 0.039 0.053 0.071 0.095 0.127 0.165 0.208 0.241 0.266 0.289 0.319 0.371 0.474 0.673 1.049 1.673 2.514 3.442 4.296 5.092 5.682 6.013 6.352 7.097 9.026 13.160 18.477 20.967 21.900 21.558 19.867 17.905 16.617 15.727 15.042 14.456 13.946 13.562 13.419 13.433 13.458 13.535 13.858 14.543
0.000 0.000 0.000 0.000 0.000 0.000 0.000 0.000 0.000 0.000 0.000 0.000 0.000 0.000 0.000 0.000 0.000 0.000 0.000 0.000 0.000 0.000 0.000 0.000 0.000 0.001 0.002 0.006 0.012 0.022 0.036 0.054 0.075 0.101 0.133 0.173 0.225 0.289 0.363 0.446 0.521 0.579 0.632 0.697 0.805 1.021 1.453 2.214 3.331 4.562 5.605 6.257 6.619 6.731 6.580 6.466 6.756 8.076 11.716 17.758 21.098 22.236 22.149 20.851 18.504 16.883 15.924 15.395 15.145 15.050 14.993 14.909 14.855 14.852 15.042 15.687 16.875
0.000 0.000 0.000 0.000 0.000 0.000 0.000 0.000 0.000 0.000 0.000 0.000 0.000 0.000 0.000 0.000 0.000 0.000 0.000 0.000 0.000 0.000 0.000 0.000 0.001 0.003 0.007 0.017 0.034 0.059 0.094 0.135 0.182 0.234 0.296 0.372 0.464 0.573 0.700 0.843 0.984 1.102 1.206 1.320 1.500 1.893 2.696 3.971 5.296 6.364 7.157 7.590 7.674 7.565 7.161 6.585 6.468 7.114 9.648 15.373 20.145 21.746 21.941 21.218 19.207 17.490 16.606 16.226 16.074 15.966 15.823 15.641 15.568 15.658 16.082 16.974 18.335
0.000 0.000 0.000 0.000 0.000 0.000 0.000 0.000 0.000 0.000 0.000 0.000 0.000 0.000 0.000 0.000 0.000 0.000 0.000 0.000 0.000 0.000 0.000 0.001 0.003 0.008 0.020 0.044 0.086 0.149 0.229 0.311 0.394 0.480 0.576 0.696 0.841 0.995 1.161 1.313 1.446 1.582 1.747 1.974 2.331 3.037 4.271 5.675 6.821 7.676 8.240 8.486 8.501 8.305 7.753 6.762 6.234 6.466 8.059 12.514 18.260 20.558 21.200 20.937 19.870 18.321 17.267 16.675 16.369 16.157 15.937 15.749 15.700 15.895 16.511 17.516 18.801
0.000 0.000 0.000 0.000 0.000 0.000 0.000 0.000 0.000 0.000 0.000 0.000 0.000 0.000 0.000 0.000 0.000 0.000 0.000 0.000 0.000 0.000 0.000 0.002 0.007 0.020 0.049 0.106 0.202 0.346 0.508 0.642 0.755 0.867 0.989 1.141 1.305 1.436 1.548 1.650 1.750 1.881 2.091 2.439 3.039 4.167 5.674 6.890 7.896 8.652 9.081 9.183 9.168 8.949 8.333 7.108 6.132 6.122 7.166 10.393 16.038 19.155 20.180 20.365 19.941 18.595 17.268 16.483 16.035 15.694 15.387 15.197 15.177 15.475 16.219 17.287 18.539
0.000 0.000 0.000 0.000 0.000 0.000 0.000 0.000 0.000 0.000 0.000 0.000 0.000 0.000 0.000 0.000 0.000 0.000 0.000 0.000 0.000 0.000 0.001 0.004 0.016 0.045 0.110 0.234 0.437 0.725 0.994 1.173 1.292 1.395 1.501 1.606 1.699 1.779 1.850 1.920 2.000 2.138 2.393 2.850 3.696 5.167 6.720 7.788 8.686 9.387 9.796 9.848 9.789 9.540 8.853 7.588 6.249 5.979 6.614 8.885 13.649 17.533 18.885 19.396 19.273 18.298 16.614 15.529 14.847 14.327 13.922 13.699 13.685 14.041 14.927 16.171 17.556
0.000 0.000 0.000 0.000 0.000 0.000 0.000 0.000 0.000 0.000 0.000 0.000 0.000 0.000 0.000 0.000 0.000 0.000 0.000 0.000 0.000 0.000 0.002 0.009 0.032 0.093 0.228 0.476 0.870 1.338 1.690 1.889 1.979 2.013 2.002 2.006 2.034 2.074 2.119 2.176 2.247 2.393 2.705 3.281 4.384 6.098 7.514 8.509 9.328 9.999 10.404 10.448 10.319 9.948 9.198 7.944 6.460 5.950 6.227 7.660 11.139 15.273 17.048 17.761 17.774 17.062 15.271 13.845 12.896 12.157 11.650 11.433 11.474 11.979 13.048 14.508 16.133
0.000 0.000 0.000 0.000 0.000 0.000 0.000 0.000 0.000 0.000 0.000 0.000 0.000 0.000 0.000 0.000 0.000 0.000 0.000 0.000 0.000 0.001 0.004 0.017 0.058 0.175 0.436 0.895 1.566 2.177 2.539 2.692 2.707 2.614 2.464 2.379 2.357 2.366 2.384 2.428 2.507 2.672 3.052 3.788 5.185 6.987 8.200 9.098 9.866 10.482 10.824 10.851 10.691 10.242 9.460 8.200 6.587 5.876 5.900 6.689 8.801 12.224 14.408 15.315 15.465 14.988 13.433 11.706 10.535 9.736 9.332 9.267 9.547 10.337 11.556 13.040 14.692
0.000 0.000 0.000 0.000 0.000 0.000 0.000 0.000 0.000 0.000 0.000 0.000 0.000 0.000 0.000 0.000 0.000 0.000 0.000 0.000 0.000 0.001 0.006 0.025 0.090 0.290 0.760 1.559 2.507 3.168 3.457 3.503 3.418 3.194 2.925 2.752 2.682 2.671 2.671 2.699 2.790 3.001 3.451 4.359 6.127 7.894 8.857 9.574 10.289 10.796 11.002 11.008 10.842 10.363 9.549 8.369 6.668 5.705 5.488 5.835 7.009 9.260 11.375 12.268 12.560 12.331 11.228 9.450 8.335 7.730 7.508 7.561 8.029 8.962 10.211 11.636 13.201
0.000 0.000 0.000 0.000 0.000 0.000 0.000 0.000 0.000 0.000 0.000 0.000 0.000 0.000 0.000 0.000 0.000 0.000 0.000 0.000 0.001 0.002 0.009 0.033 0.111 0.362 1.037 2.246 3.421 4.082 4.310 4.298 4.122 3.773 3.401 3.145 3.021 2.997 3.003 3.033 3.130 3.386 3.905 4.899 6.927 8.744 9.546 10.041 10.595 10.930 11.020 11.013 10.847 10.389 9.565 8.449 6.762 5.471 4.917 4.944 5.526 6.885 8.619 9.283 9.452 9.291 8.660 7.256 6.390 6.029 5.966 6.140 6.708 7.650 8.832 10.127 11.498
0.000 0.000 0.000 0.000 0.000 0.000 0.000 0.000 0.000 0.000 0.000 0.000 0.000 0.000 0.000 0.000 0.000 0.000 0.000 0.000 0.002 0.005 0.015 0.045 0.133 0.391 1.134 2.614 4.076 4.835 5.090 5.072 4.844 4.401 3.962 3.650 3.461 3.392 3.398 3.454 3.572 3.867 4.479 5.541 7.592 9.374 10.145 10.514 10.819 10.947 10.961 10.908 10.649 10.180 9.427 8.379 6.859 5.354 4.486 4.152 4.288 5.011 6.242 6.816 6.836 6.659 6.257 5.285 4.681 4.502 4.535 4.817 5.428 6.301 7.322 8.421 9.561
0.000 0.000 0.000 0.000 0.000 0.000 0.000 0.000 0.000 0.000 0.000 0.000 0.000 0.000 0.000 0.000 0.000 0.000 0.000 0.001 0.004 0.011 0.028 0.072 0.182 0.445 1.156 2.702 4.501 5.472 5.833 5.860 5.658 5.190 4.700 4.364 4.128 3.992 3.961 4.005 4.151 4.536 5.325 6.542 8.293 9.754 10.518 10.860 10.990 10.955 10.784 10.548 10.023 9.434 8.752 7.891 6.721 5.280 4.256 3.668 3.415 3.576 4.299 4.908 4.855 4.665 4.338 3.651 3.229 3.124 3.166 3.456 4.044 4.809 5.660 6.589 7.600
0.000 0.000 0.000 0.000 0.000 0.000 0.000 0.000 0.000 0.000 0.000 0.000 0.000 0.000 0.000 0.000 0.000 0.000 0.001 0.004 0.009 0.023 0.057 0.132 0.286 0.579 1.222 2.657 4.717 6.058 6.611 6.702 6.580 6.202 5.698 5.342 5.099 4.928 4.848 4.847 4.977 5.474 6.505 7.804 8.983 9.952 10.661 11.037 11.082 10.929 10.497 9.873 8.895 8.039 7.324 6.692 6.002 5.053 4.104 3.387 2.867 2.584 2.738 3.233 3.291 3.142 2.876 2.377 2.052 1.949 1.947 2.084 2.454 3.046 3.799 4.688 5.682
0.000 0.000 0.000 0.000 0.000 0.000 0.000 0.000 0.000 0.000 0.000 0.000 0.000 0.000 0.000 0.000 0.000 0.001 0.003 0.009 0.022 0.051 0.114 0.238 0.456 0.805 1.381 2.585 4.650 6.481 7.401 7.690 7.656 7.412 6.991 6.657 6.435 6.276 6.192 6.179 6.258 6.757 7.800 8.824 9.527 10.104 10.630 10.962 11.019 10.799 10.160 9.236 7.912 6.828 6.040 5.502 5.082 4.595 3.922 3.168 2.462 1.911 1.624 1.791 1.969 1.926 1.758 1.425 1.168 1.058 1.019 1.039 1.187 1.536 2.103 2.855 3.688
0.000 0.000 0.000 0.000 0.000 0.000 0.000 0.000 0.000 0.000 0.000 0.000 0.000 0.000 0.000 0.000 0.001 0.003 0.009 0.023 0.053 0.112 0.221 0.403 0.682 1.083 1.618 2.530 4.352 6.624 7.976 8.636 8.789 8.668 8.405 8.153 7.998 7.921 7.903 7.955 8.038 8.394 9.122 9.658 9.970 10.157 10.360 10.547 10.597 10.438 9.760 8.712 7.319 6.186 5.420 4.871 4.444 4.048 3.566 2.877 2.052 1.353 0.923 0.891 1.030 1.038 0.957 0.771 0.590 0.495 0.447 0.432 0.461 0.604 0.920 1.390 1.822
0.000 0.000 0.000 0.000 0.000 0.000 0.000 0.000 0.000 0.000 0.000 0.000 0.000 0.000 0.000 0.001 0.002 0.008 0.022 0.056 0.122 0.235 0.406 0.641 0.953 1.365 1.880 2.600 3.999 6.330 8.180 9.253 9.811 9.911 9.799 9.599 9.461 9.439 9.489 9.599 9.694 9.806 10.060 10.226 10.232 10.095 9.964 9.911 9.896 9.794 9.202 8.208 6.964 5.840 5.046 4.446 3.919 3.423 2.908 2.264 1.465 0.818 0.472 0.411 0.482 0.492 0.460 0.381 0.280 0.218 0.186 0.174 0.174 0.205 0.313 0.501 0.631
0.000 0.000 0.000 0.000 0.000 0.000 0.000 0.000 0.000 0.000 0.000 0.000 0.000 0.000 0.000 0.002 0.006 0.019 0.054 0.130 0.265 0.463 0.698 0.958 1.260 1.648 2.150 2.800 3.825 5.725 7.930 9.410 10.427 10.942 11.042 10.972 10.909 10.872 10.920 11.045 11.088 10.926 10.661 10.525 10.344 9.978 9.602 9.397 9.324 9.209 8.711 7.831 6.786 5.704 4.802 4.063 3.404 2.742 2.037 1.351 0.771 0.392 0.209 0.176 0.206 0.210 0.201 0.176 0.132 0.100 0.084 0.077 0.076 0.081 0.105 0.149 0.167
0.000 0.000 0.000 0.000 0.000 0.000 0.000 0.000 0.000 0.000 0.000 0.000 0.000 0.000 0.001 0.004 0.016 0.047 0.124 0.282 0.545 0.845 1.108 1.346 1.601 1.947 2.445 3.102 3.949 5.257 7.270 9.186 10.596 11.560 11.952 12.073 12.102 12.044 12.036 12.082 11.967 11.556 10.951 10.611 10.301 9.778 9.239 8.905 8.749 8.610 8.205 7.454 6.595 5.625 4.628 3.697 2.850 2.030 1.281 0.712 0.350 0.160 0.082 0.073 0.086 0.088 0.085 0.080 0.065 0.051 0.043 0.040 0.039 0.040 0.045 0.053 0.055
0.000 0.000 0.000 0.000 0.000 0.000 0.000 0.000 0.000 0.000 0.000 0.000 0.000 0.001 0.003 0.012 0.038 0.107 0.264 0.564 1.016 1.392 1.633 1.817 2.017 2.327 2.815 3.449 4.196 5.182 6.720 8.744 10.440 11.716 12.367 12.631 12.700 12.646 12.603 12.617 12.420 11.859 11.065 10.527 10.102 9.450 8.847 8.449 8.215 7.996 7.653 7.043 6.295 5.430 4.398 3.257 2.199 1.311 0.690 0.326 0.140 0.059 0.032 0.033 0.039 0.040 0.040 0.038 0.034 0.028 0.025 0.023 0.023 0.023 0.024 0.026 0.027
0.000 0.000 0.000 0.000 0.000 0.000 0.000 0.000 0.000 0.000 0.000 0.000 0.000 0.002 0.008 0.029 0.086 0.225 0.516 1.037 1.674 2.079 2.279 2.410 2.575 2.874 3.327 3.884 4.535 5.352 6.573 8.434 10.173 11.549 12.396 12.697 12.745 12.703 12.673 12.671 12.484 11.906 11.000 10.243 9.658 8.948 8.391 7.975 7.643 7.334 7.001 6.505 5.777 4.849 3.729 2.463 1.384 0.680 0.306 0.126 0.049 0.021 0.015 0.018 0.021 0.021 0.021 0.021 0.019 0.017 0.015 0.015 0.014 0.014 0.015 0.015 0.016
0.000 0.000 0.000 0.000 0.000 0.000 0.000 0.000 0.000 0.000 0.000 0.000 0.001 0.005 0.020 0.064 0.178 0.434 0.925 1.734 2.522 2.936 3.099 3.202 3.353 3.643 4.053 4.503 5.051 5.780 6.753 8.260 9.869 11.140 12.090 12.435 12.472 12.452 12.439 12.389 12.149 11.531 10.591 9.746 9.006 8.261 7.617 7.099 6.667 6.271 5.861 5.343 4.547 3.433 2.257 1.261 0.613 0.271 0.109 0.041 0.016 0.009 0.008 0.011 0.012 0.012 0.012 0.012 0.011 0.010 0.009 0.009 0.009 0.009 0.009 0.009 0.010
0.000 0.000 0.000 0.000 0.000 0.000 0.000 0.000 0.000 0.000 0.000 0.000 0.001 0.006 0.028 0.103 0.308 0.745 1.516 2.653 3.588 4.048 4.203 4.294 4.433 4.692 5.048 5.412 5.846 6.466 7.248 8.331 9.586 10.541 11.371 11.740 11.811 11.812 11.770 11.605 11.199 10.438 9.372 8.443 7.552 6.746 6.034 5.454 4.982 4.513 3.998 3.340 2.456 1.546 0.874 0.444 0.202 0.082 0.031 0.012 0.006 0.005 0.005 0.006 0.007 0.007 0.007 0.007 0.006 0.006 0.005 0.005 0.005 0.005 0.005 0.005 0.005
0.000 0.000 0.000 0.000 0.000 0.000 0.000 0.000 0.000 0.000 0.000 0.000 0.001 0.006 0.028 0.113 0.375 1.000 2.131 3.681 4.825 5.426 5.678 5.794 5.915 6.120 6.411 6.716 7.041 7.478 8.024 8.684 9.455 10.034 10.500 10.733 10.816 10.846 10.746 10.387 9.668 8.563 7.324 6.343 5.548 4.896 4.381 3.955 3.575 3.177 2.673 1.986 1.216 0.640 0.302 0.131 0.052 0.019 0.007 0.003 0.002 0.002 0.003 0.003 0.003 0.003 0.003 0.003 0.003 0.003 0.002 0.002 0.002 0.002 0.002 0.003 0.003
0.000 0.000 0.000 0.000 0.000 0.000 0.000 0.000 0.000 0.000 0.000 0.000 0.001 0.005 0.024 0.104 0.373 1.099 2.543 4.612 6.185 7.031 7.456 7.674 7.812 7.951 8.104 8.228 8.354 8.553 8.793 9.131 9.495 9.751 9.909 9.967 9.910 9.797 9.467 8.788 7.728 6.584 5.645 4.874 4.266 3.792 3.403 3.056 2.716 2.337 1.823 1.156 0.598 0.265 0.102 0.035 0.011 0.004 0.001 0.001 0.001 0.001 0.001 0.001 0.001 0.001 0.001 0.001 0.001 0.001 0.001 0.001 0.001 0.001 0.001 0.001 0.001
0.000 0.000 0.000 0.000 0.000 0.000 0.000 0.000 0.000 0.000 0.000 0.000 0.001 0.002 0.016 0.081 0.330 1.070 2.701 5.262 7.480 8.671 9.186 9.409 9.531 9.576 9.524 9.434 9.332 9.289 9.290 9.383 9.537 9.628 9.586 9.448 9.142 8.732 7.955 6.975 5.989 5.178 4.530 3.960 3.468 3.079 2.760 2.450 2.127 1.716 1.162 0.625 0.285 0.109 0.035 0.010 0.002 0.001 0.001 0.000 0.000 0.000 0.000 0.000 0.000 0.000 0.000 0.000 0.000 0.000 0.000 0.000 0.000 0.000 0.000 0.000 0.000
0.000 0.000 0.000 0.000 0.000 0.000 0.000 0.000 0.000 0.000 0.000 0.000 0.000 0.001 0.009 0.052 0.252 0.933 2.609 5.485 8.383 10.079 10.723 10.882 10.891 10.758 10.443 10.128 9.825 9.544 9.416 9.434 9.480 9.516 9.377 9.033 8.391 7.529 6.350 5.407 4.740 4.183 3.689 3.260 2.897 2.572 2.280 1.997 1.664 1.207 0.689 0.328 0.131 0.043 0.012 0.003 0.001 0.001 0.000 0.000 0.000 0.000 0.000 0.000 0.000 0.000 0.000 0.000 0.000 0.000 0.000 0.000 0.000 0.000 0.000 0.000 0.000
0.000 0.000 0.000 0.000 0.000 0.000 0.000 0.000 0.000 0.000 0.000 0.000 0.000 0.001 0.007 0.036 0.165 0.671 2.151 5.106 8.572 10.791 11.731 11.961 11.934 11.669 11.140 10.587 10.108 9.678 9.447 9.392 9.312 9.248 8.982 8.397 7.324 6.022 4.905 4.256 3.804 3.412 3.052 2.717 2.429 2.168 1.908 1.626 1.265 0.786 0.390 0.165 0.058 0.017 0.004 0.001 0.001 0.000 0.000 0.000 0.000 0.000 0.000 0.000 0.000 0.000 0.000 0.000 0.000 0.000 0.000 0.000 0.000 0.000 0.000 0.000 0.000
0.000 0.000 0.000 0.000 0.000 0.000 0.000 0.000 0.000 0.000 0.000 0.000 0.000 0.001 0.007 0.033 0.134 0.462 1.424 3.796 7.502 10.474 11.887 12.370 12.431 12.187 11.530 10.741 10.145 9.664 9.327 9.143 8.937 8.552 7.858 6.776 5.456 4.437 3.850 3.431 3.077 2.791 2.535 2.285 2.044 1.814 1.577 1.293 0.899 0.480 0.214 0.079 0.024 0.006 0.001 0.000 0.000 0.000 0.000 0.000 0.000 0.000 0.000 0.000 0.000 0.000 0.000 0.000 0.000 0.000 0.000 0.000 0.000 0.000 0.000 0.000 0.000
0.000 0.000 0.000 0.000 0.000 0.000 0.000 0.000 0.000 0.000 0.000 0.000 0.000 0.001 0.007 0.034 0.137 0.431 1.097 2.433 4.958 8.150 10.538 11.709 12.089 12.008 11.492 10.683 9.986 9.411 8.921 8.478 7.886 6.857 5.578 4.505 3.841 3.445 3.125 2.796 2.510 2.288 2.097 1.905 1.705 1.500 1.271 0.965 0.576 0.273 0.109 0.036 0.009 0.002 0.001 0.000 0.000 0.000 0.000 0.000 0.000 0.000 0.000 0.000 0.000 0.000 0.000 0.000 0.000 0.000 0.000 0.000 0.000 0.000 0.000 0.000 0.000
0.000 0.000 0.000 0.000 0.000 0.000 0.000 0.000 0.000 0.000 0.000 0.000 0.001 0.001 0.008 0.038 0.147 0.457 1.114 2.135 3.470 5.202 7.127 8.646 9.495 9.760 9.661 9.202 8.583 7.981 7.333 6.513 5.487 4.468 3.775 3.341 3.051 2.807 2.557 2.264 2.025 1.857 1.709 1.562 1.397 1.208 0.975 0.652 0.333 0.141 0.050 0.014 0.003 0.001 0.000 0.000 0.000 0.000 0.000 0.000 0.000 0.000 0.000 0.000 0.000 0.000 0.000 0.000 0.000 0.000 0.000 0.000 0.000 0.000 0.000 0.000 0.000
0.000 0.000 0.000 0.000 0.000 0.000 0.000 0.000 0.000 0.000 0.000 0.000 0.001 0.002 0.010 0.044 0.164 0.496 1.194 2.243 3.268 4.146 4.916 5.466 5.715 5.643 5.524 5.425 5.156 4.731 4.280 3.859 3.494 3.202 2.984 2.776 2.561 2.331 2.079 1.821 1.623 1.490 1.372 1.252 1.115 0.938 0.690 0.394 0.179 0.067 0.020 0.005 0.001 0.001 0.000 0.000 0.000 0.000 0.000 0.000 0.000 0.000 0.000 0.000 0.000 0.000 0.000 0.000 0.000 0.000 0.000 0.000 0.000 0.000 0.000 0.000 0.000
0.000 0.000 0.000 0.000 0.000 0.000 0.000 0.000 0.000 0.000 0.000 0.001 0.002 0.005 0.016 0.056 0.190 0.559 1.323 2.415 3.305 3.920 4.272 4.381 4.248 3.858 3.529 3.350 3.205 3.024 2.857 2.763 2.710 2.647 2.542 2.377 2.154 1.908 1.674 1.460 1.300 1.190 1.093 0.989 0.864 0.692 0.444 0.217 0.088 0.029 0.007 0.002 0.000 0.000 0.000 0.000 0.000 0.000 0.000 0.000 0.000 0.000 0.000 0.000 0.000 0.000 0.000 0.000 0.000 0.000 0.000 0.000 0.000 0.000 0.000 0.000 0.000
