RESULTS/r.avaflow_results/33_results/33_ascii/33_hflow30046.asc
ncols 506
nrows 317
xllcenter 498237.50
yllcenter 5580050.00
cellsize 12.50
NODATA_value -9999.000
[rows 170 to 203 of 317, columns 154 to 230 of 506]
8.829 8.752 8.656 8.534 8.369 8.174 8.002 7.856 7.717 7.578 7.445 7.314 7.158 6.899 6.454 5.804 5.007 4.172 3.367 2.601 1.890 1.278 0.815 0.524 0.369 0.296 0.269 0.264 0.270 0.294 0.343 0.412 0.467 0.499 0.521 0.540 0.568 0.614 0.643 0.649 0.640 0.621 0.613 0.609 0.600 0.574 0.522 0.442 0.350 0.266 0.197 0.149 0.118 0.098 0.086 0.080 0.078 0.080 0.084 0.088 0.091 0.092 0.091 0.091 0.090 0.091 0.095 0.112 0.156 0.255 0.375 0.432 0.438 0.396 0.283 0.169 0.110
12.127 12.411 12.572 12.632 12.620 12.513 12.311 12.064 11.814 11.554 11.297 11.054 10.808 10.506 10.047 9.335 8.360 7.201 5.988 4.785 3.629 2.592 1.741 1.129 0.753 0.549 0.446 0.405 0.397 0.416 0.462 0.527 0.570 0.587 0.591 0.593 0.602 0.628 0.643 0.642 0.621 0.589 0.567 0.547 0.521 0.473 0.385 0.273 0.180 0.123 0.092 0.074 0.063 0.057 0.054 0.055 0.057 0.061 0.066 0.069 0.070 0.069 0.067 0.065 0.065 0.065 0.069 0.082 0.115 0.188 0.308 0.401 0.435 0.434 0.384 0.277 0.176
15.716 16.344 16.625 16.665 16.577 16.343 16.014 15.664 15.324 14.979 14.639 14.330 14.035 13.717 13.280 12.607 11.650 10.453 9.092 7.631 6.130 4.661 3.351 2.296 1.542 1.057 0.769 0.611 0.538 0.513 0.524 0.554 0.582 0.591 0.586 0.577 0.575 0.582 0.582 0.562 0.512 0.451 0.403 0.360 0.314 0.253 0.177 0.115 0.078 0.058 0.047 0.041 0.038 0.036 0.037 0.039 0.043 0.048 0.052 0.054 0.054 0.053 0.051 0.049 0.049 0.049 0.052 0.061 0.083 0.131 0.227 0.347 0.424 0.451 0.448 0.402 0.299
18.443 19.389 19.817 19.881 19.778 19.527 19.199 18.865 18.529 18.168 17.786 17.435 17.113 16.781 16.354 15.691 14.728 13.514 12.156 10.707 9.143 7.448 5.722 4.157 2.901 1.978 1.352 0.959 0.731 0.606 0.551 0.538 0.541 0.536 0.519 0.491 0.471 0.452 0.426 0.376 0.298 0.231 0.188 0.158 0.131 0.102 0.072 0.051 0.039 0.032 0.028 0.026 0.025 0.025 0.026 0.028 0.032 0.038 0.041 0.042 0.042 0.041 0.039 0.039 0.038 0.039 0.042 0.048 0.061 0.090 0.147 0.256 0.382 0.450 0.468 0.461 0.411
19.955 21.131 21.801 22.061 22.112 22.023 21.873 21.688 21.457 21.147 20.756 20.356 19.999 19.637 19.200 18.549 17.613 16.417 15.053 13.590 12.038 10.352 8.488 6.514 4.708 3.249 2.160 1.419 0.955 0.685 0.545 0.477 0.435 0.401 0.361 0.318 0.284 0.256 0.228 0.187 0.137 0.102 0.082 0.069 0.057 0.045 0.035 0.027 0.023 0.020 0.019 0.018 0.018 0.019 0.019 0.021 0.025 0.029 0.031 0.033 0.033 0.032 0.032 0.032 0.032 0.033 0.035 0.039 0.048 0.063 0.095 0.161 0.290 0.417 0.467 0.472 0.456
20.324 21.609 22.515 23.089 23.448 23.667 23.793 23.810 23.731 23.520 23.144 22.659 22.247 21.860 21.425 20.826 19.990 18.903 17.582 16.067 14.401 12.586 10.571 8.278 6.003 4.119 2.684 1.693 1.074 0.714 0.508 0.382 0.298 0.238 0.191 0.159 0.141 0.128 0.113 0.091 0.067 0.051 0.041 0.035 0.029 0.024 0.020 0.017 0.015 0.014 0.014 0.014 0.014 0.014 0.015 0.016 0.019 0.022 0.024 0.025 0.026 0.026 0.026 0.027 0.028 0.029 0.031 0.034 0.039 0.049 0.068 0.107 0.193 0.333 0.432 0.462 0.459
20.062 21.414 22.467 23.245 23.872 24.388 24.728 24.876 24.896 24.789 24.441 23.868 23.406 23.043 22.648 22.112 21.392 20.455 19.239 17.712 15.923 13.931 11.724 9.195 6.605 4.468 2.859 1.764 1.092 0.694 0.449 0.296 0.199 0.137 0.099 0.080 0.072 0.066 0.059 0.048 0.037 0.029 0.024 0.021 0.018 0.015 0.013 0.012 0.011 0.011 0.010 0.010 0.011 0.011 0.011 0.012 0.014 0.016 0.018 0.020 0.021 0.021 0.022 0.023 0.024 0.026 0.028 0.031 0.035 0.041 0.054 0.079 0.130 0.231 0.353 0.420 0.441
19.216 20.706 21.981 23.007 23.832 24.465 24.855 25.027 25.076 25.021 24.698 24.083 23.595 23.276 22.925 22.420 21.749 20.900 19.779 18.287 16.442 14.337 12.011 9.370 6.668 4.451 2.801 1.693 1.016 0.609 0.359 0.207 0.121 0.077 0.054 0.044 0.039 0.036 0.033 0.027 0.022 0.019 0.016 0.014 0.012 0.011 0.009 0.009 0.008 0.008 0.008 0.008 0.008 0.008 0.008 0.009 0.010 0.012 0.013 0.015 0.016 0.018 0.019 0.020 0.022 0.023 0.025 0.028 0.031 0.037 0.046 0.063 0.095 0.156 0.253 0.344 0.396
17.978 19.619 21.092 22.357 23.371 24.078 24.456 24.599 24.630 24.560 24.248 23.662 23.153 22.807 22.436 21.919 21.268 20.477 19.431 18.001 16.171 14.030 11.633 8.920 6.224 4.037 2.435 1.391 0.779 0.426 0.224 0.118 0.067 0.043 0.032 0.026 0.024 0.022 0.020 0.017 0.015 0.013 0.011 0.010 0.008 0.007 0.006 0.006 0.005 0.005 0.005 0.005 0.005 0.005 0.006 0.006 0.007 0.008 0.010 0.011 0.013 0.014 0.016 0.017 0.019 0.021 0.023 0.025 0.029 0.034 0.041 0.054 0.076 0.113 0.174 0.253 0.324
16.566 18.292 19.848 21.201 22.280 23.021 23.408 23.519 23.470 23.253 22.925 22.513 22.047 21.522 20.940 20.338 19.701 18.980 18.026 16.671 14.862 12.679 10.211 7.523 5.021 3.043 1.653 0.817 0.395 0.197 0.104 0.059 0.037 0.026 0.020 0.017 0.016 0.014 0.013 0.011 0.010 0.009 0.008 0.007 0.006 0.005 0.004 0.004 0.003 0.003 0.003 0.003 0.003 0.003 0.004 0.004 0.005 0.006 0.007 0.008 0.010 0.011 0.013 0.014 0.016 0.018 0.020 0.023 0.026 0.031 0.038 0.048 0.064 0.090 0.130 0.184 0.247
14.956 16.645 18.176 19.521 20.626 21.439 21.911 22.044 21.932 21.589 21.322 21.127 20.738 19.981 19.119 18.389 17.671 16.888 15.867 14.414 12.479 10.141 7.583 5.114 3.082 1.640 0.764 0.324 0.146 0.077 0.046 0.031 0.022 0.017 0.014 0.012 0.011 0.010 0.009 0.008 0.007 0.006 0.005 0.004 0.004 0.003 0.002 0.002 0.002 0.002 0.002 0.002 0.002 0.002 0.002 0.002 0.003 0.004 0.005 0.006 0.007 0.009 0.010 0.012 0.014 0.016 0.018 0.021 0.024 0.028 0.035 0.044 0.058 0.078 0.108 0.147 0.196
13.032 14.590 16.084 17.490 18.752 19.810 20.532 20.801 20.719 20.390 20.148 19.961 19.517 18.621 17.647 16.830 15.979 14.917 13.491 11.599 9.182 6.545 4.207 2.493 1.352 0.653 0.276 0.112 0.055 0.034 0.024 0.018 0.015 0.012 0.010 0.009 0.008 0.007 0.006 0.005 0.005 0.004 0.003 0.003 0.002 0.002 0.001 0.001 0.001 0.001 0.001 0.001 0.001 0.001 0.001 0.001 0.001 0.002 0.003 0.004 0.005 0.006 0.008 0.010 0.011 0.014 0.016 0.019 0.022 0.026 0.033 0.042 0.055 0.073 0.097 0.129 0.167
10.884 12.320 13.807 15.339 16.852 18.181 19.133 19.544 19.528 19.259 18.928 18.547 17.920 16.978 16.007 15.111 14.096 12.694 10.717 8.085 5.337 3.129 1.688 0.865 0.427 0.200 0.088 0.042 0.026 0.019 0.015 0.012 0.010 0.009 0.007 0.006 0.005 0.005 0.004 0.003 0.003 0.002 0.002 0.001 0.001 0.001 0.000 0.000 0.000 0.000 0.000 0.000 0.000 0.000 0.000 0.000 0.001 0.001 0.002 0.002 0.003 0.005 0.006 0.008 0.009 0.012 0.014 0.017 0.021 0.025 0.031 0.041 0.054 0.071 0.093 0.118 0.148
8.937 10.245 11.613 13.103 14.677 16.089 17.148 17.675 17.743 17.490 16.916 16.123 15.215 14.276 13.336 12.326 11.044 9.190 6.626 4.044 2.170 1.025 0.448 0.209 0.108 0.058 0.032 0.020 0.015 0.012 0.010 0.009 0.007 0.006 0.005 0.004 0.003 0.003 0.002 0.002 0.001 0.001 0.001 0.000 0.000 0.000 0.000 0.000 0.000 0.000 0.000 0.000 0.000 0.000 0.000 0.000 0.000 0.000 0.001 0.001 0.002 0.003 0.004 0.006 0.008 0.010 0.013 0.016 0.019 0.024 0.031 0.040 0.053 0.070 0.090 0.111 0.134
7.100 8.204 9.314 10.466 11.649 12.769 13.727 14.284 14.407 14.175 13.442 12.289 11.036 9.925 8.842 7.655 6.191 4.384 2.553 1.261 0.535 0.210 0.094 0.053 0.034 0.023 0.016 0.013 0.010 0.009 0.007 0.006 0.005 0.004 0.003 0.003 0.002 0.001 0.001 0.001 0.000 0.000 0.000 0.000 0.000 0.000 0.000 0.000 0.000 0.000 0.000 0.000 0.000 0.000 0.000 0.000 0.000 0.000 0.000 0.001 0.001 0.002 0.003 0.005 0.006 0.009 0.011 0.014 0.018 0.024 0.031 0.040 0.053 0.069 0.088 0.106 0.125
5.147 5.842 6.372 6.812 7.239 7.749 8.375 8.830 8.970 8.832 8.211 7.061 5.753 4.714 3.843 3.032 2.168 1.256 0.582 0.230 0.092 0.046 0.029 0.022 0.017 0.013 0.011 0.009 0.007 0.006 0.005 0.004 0.003 0.003 0.002 0.001 0.001 0.001 0.000 0.000 0.000 0.000 0.000 0.000 0.000 0.000 0.000 0.000 0.000 0.000 0.000 0.000 0.000 0.000 0.000 0.000 0.000 0.000 0.000 0.000 0.001 0.001 0.002 0.003 0.005 0.007 0.010 0.013 0.017 0.023 0.030 0.040 0.052 0.068 0.085 0.102 0.121
2.861 3.031 3.092 3.097 3.120 3.216 3.440 3.644 3.714 3.670 3.398 2.823 2.062 1.465 1.052 0.741 0.455 0.222 0.096 0.045 0.027 0.019 0.016 0.013 0.011 0.009 0.008 0.006 0.005 0.004 0.003 0.003 0.002 0.001 0.001 0.000 0.000 0.000 0.000 0.000 0.000 0.000 0.000 0.000 0.000 0.000 0.000 0.000 0.000 0.000 0.000 0.000 0.000 0.000 0.000 0.000 0.000 0.000 0.000 0.000 0.000 0.001 0.001 0.003 0.004 0.006 0.009 0.012 0.016 0.022 0.028 0.038 0.049 0.064 0.080 0.099 0.120
1.179 1.125 1.068 0.998 0.943 0.922 0.952 0.998 1.011 0.994 0.908 0.721 0.467 0.298 0.203 0.138 0.083 0.045 0.027 0.019 0.015 0.012 0.011 0.009 0.008 0.006 0.005 0.004 0.003 0.003 0.002 0.001 0.001 0.000 0.000 0.000 0.000 0.000 0.000 0.000 0.000 0.000 0.000 0.000 0.000 0.000 0.000 0.000 0.000 0.000 0.000 0.000 0.000 0.000 0.000 0.000 0.000 0.000 0.000 0.000 0.000 0.000 0.001 0.002 0.003 0.005 0.008 0.011 0.015 0.020 0.026 0.034 0.045 0.058 0.075 0.096 0.122
0.362 0.314 0.286 0.262 0.240 0.226 0.222 0.223 0.220 0.213 0.192 0.149 0.096 0.065 0.048 0.035 0.025 0.019 0.014 0.012 0.010 0.009 0.008 0.006 0.005 0.004 0.003 0.003 0.002 0.001 0.001 0.000 0.000 0.000 0.000 0.000 0.000 0.000 0.000 0.000 0.000 0.000 0.000 0.000 0.000 0.000 0.000 0.000 0.000 0.000 0.000 0.000 0.000 0.000 0.000 0.000 0.000 0.000 0.000 0.000 0.000 0.000 0.000 0.001 0.002 0.004 0.006 0.009 0.013 0.018 0.023 0.030 0.039 0.052 0.069 0.094 0.126
0.101 0.089 0.083 0.078 0.072 0.067 0.063 0.060 0.058 0.055 0.050 0.041 0.031 0.024 0.020 0.017 0.014 0.012 0.010 0.008 0.007 0.006 0.005 0.004 0.003 0.003 0.002 0.001 0.001 0.000 0.000 0.000 0.000 0.000 0.000 0.000 0.000 0.000 0.000 0.000 0.000 0.000 0.000 0.000 0.000 0.000 0.000 0.000 0.000 0.000 0.000 0.000 0.000 0.000 0.000 0.000 0.000 0.000 0.000 0.000 0.000 0.000 0.000 0.001 0.002 0.003 0.005 0.008 0.011 0.015 0.020 0.025 0.033 0.044 0.062 0.089 0.123
0.035 0.033 0.033 0.032 0.030 0.029 0.027 0.025 0.024 0.023 0.021 0.019 0.016 0.014 0.012 0.011 0.009 0.008 0.007 0.006 0.005 0.004 0.003 0.003 0.002 0.001 0.001 0.001 0.000 0.000 0.000 0.000 0.000 0.000 0.000 0.000 0.000 0.000 0.000 0.000 0.000 0.000 0.000 0.000 0.000 0.000 0.000 0.000 0.000 0.000 0.000 0.000 0.000 0.000 0.000 0.000 0.000 0.000 0.000 0.000 0.000 0.000 0.000 0.000 0.001 0.002 0.004 0.006 0.008 0.012 0.016 0.020 0.026 0.035 0.050 0.073 0.107
0.017 0.017 0.017 0.017 0.017 0.016 0.016 0.015 0.014 0.013 0.013 0.012 0.011 0.010 0.009 0.008 0.006 0.006 0.005 0.004 0.003 0.002 0.002 0.001 0.001 0.001 0.000 0.000 0.000 0.000 0.000 0.000 0.000 0.000 0.000 0.000 0.000 0.000 0.000 0.000 0.000 0.000 0.000 0.000 0.000 0.000 0.000 0.000 0.000 0.000 0.000 0.000 0.000 0.000 0.000 0.000 0.000 0.000 0.000 0.000 0.000 0.000 0.000 0.000 0.000 0.001 0.002 0.004 0.006 0.009 0.012 0.015 0.019 0.025 0.034 0.049 0.074
0.010 0.011 0.011 0.011 0.011 0.011 0.010 0.010 0.009 0.009 0.008 0.008 0.007 0.007 0.006 0.005 0.004 0.004 0.003 0.002 0.002 0.001 0.001 0.000 0.000 0.000 0.000 0.000 0.000 0.000 0.000 0.000 0.000 0.000 0.000 0.000 0.000 0.000 0.000 0.000 0.000 0.000 0.000 0.000 0.000 0.000 0.000 0.000 0.000 0.000 0.000 0.000 0.000 0.000 0.000 0.000 0.000 0.000 0.000 0.000 0.000 0.000 0.000 0.000 0.000 0.001 0.001 0.003 0.004 0.006 0.009 0.011 0.014 0.017 0.022 0.030 0.043
0.007 0.007 0.007 0.007 0.007 0.007 0.007 0.007 0.006 0.006 0.006 0.005 0.005 0.004 0.004 0.003 0.003 0.002 0.001 0.001 0.001 0.000 0.000 0.000 0.000 0.000 0.000 0.000 0.000 0.000 0.000 0.000 0.000 0.000 0.000 0.000 0.000 0.000 0.000 0.000 0.000 0.000 0.000 0.000 0.000 0.000 0.000 0.000 0.000 0.000 0.000 0.000 0.000 0.000 0.000 0.000 0.000 0.000 0.000 0.000 0.000 0.000 0.000 0.000 0.000 0.000 0.001 0.002 0.003 0.004 0.006 0.008 0.010 0.013 0.016 0.020 0.026
0.005 0.005 0.005 0.005 0.005 0.005 0.005 0.004 0.004 0.004 0.003 0.003 0.003 0.003 0.002 0.002 0.001 0.001 0.001 0.000 0.000 0.000 0.000 0.000 0.000 0.000 0.000 0.000 0.000 0.000 0.000 0.000 0.000 0.000 0.000 0.000 0.000 0.000 0.000 0.000 0.000 0.000 0.000 0.000 0.000 0.000 0.000 0.000 0.000 0.000 0.000 0.000 0.000 0.000 0.000 0.000 0.000 0.000 0.000 0.000 0.000 0.000 0.000 0.000 0.000 0.000 0.000 0.001 0.002 0.003 0.004 0.006 0.007 0.009 0.011 0.014 0.017
0.003 0.003 0.003 0.003 0.003 0.003 0.003 0.002 0.002 0.002 0.002 0.002 0.001 0.001 0.001 0.001 0.000 0.000 0.000 0.000 0.000 0.000 0.000 0.000 0.000 0.000 0.000 0.000 0.000 0.000 0.000 0.000 0.000 0.000 0.000 0.000 0.000 0.000 0.000 0.000 0.000 0.000 0.000 0.000 0.000 0.000 0.000 0.000 0.000 0.000 0.000 0.000 0.000 0.000 0.000 0.000 0.000 0.000 0.000 0.000 0.000 0.000 0.000 0.000 0.000 0.000 0.000 0.000 0.001 0.001 0.002 0.004 0.005 0.006 0.008 0.010 0.012
0.001 0.001 0.001 0.001 0.001 0.001 0.001 0.001 0.001 0.001 0.001 0.001 0.000 0.000 0.000 0.000 0.000 0.000 0.000 0.000 0.000 0.000 0.000 0.000 0.000 0.000 0.000 0.000 0.000 0.000 0.000 0.000 0.000 0.000 0.000 0.000 0.000 0.000 0.000 0.000 0.000 0.000 0.000 0.000 0.000 0.000 0.000 0.000 0.000 0.000 0.000 0.000 0.000 0.000 0.000 0.000 0.000 0.000 0.000 0.000 0.000 0.000 0.000 0.000 0.000 0.000 0.000 0.000 0.000 0.001 0.001 0.002 0.003 0.004 0.006 0.007 0.009
0.000 0.000 0.000 0.000 0.000 0.000 0.000 0.000 0.000 0.000 0.000 0.000 0.000 0.000 0.000 0.000 0.000 0.000 0.000 0.000 0.000 0.000 0.000 0.000 0.000 0.000 0.000 0.000 0.000 0.000 0.000 0.000 0.000 0.000 0.000 0.000 0.000 0.000 0.000 0.000 0.000 0.000 0.000 0.000 0.000 0.000 0.000 0.000 0.000 0.000 0.000 0.000 0.000 0.000 0.000 0.000 0.000 0.000 0.000 0.000 0.000 0.000 0.000 0.000 0.000 0.000 0.000 0.000 0.000 0.000 0.000 0.001 0.002 0.003 0.004 0.005 0.006
0.000 0.000 0.000 0.000 0.000 0.000 0.000 0.000 0.000 0.000 0.000 0.000 0.000 0.000 0.000 0.000 0.000 0.000 0.000 0.000 0.000 0.000 0.000 0.000 0.000 0.000 0.000 0.000 0.000 0.000 0.000 0.000 0.000 0.000 0.000 0.000 0.000 0.000 0.000 0.000 0.000 0.000 0.000 0.000 0.000 0.000 0.000 0.000 0.000 0.000 0.000 0.000 0.000 0.000 0.000 0.000 0.000 0.000 0.000 0.000 0.000 0.000 0.000 0.000 0.000 0.000 0.000 0.000 0.000 0.000 0.000 0.000 0.001 0.001 0.002 0.003 0.004
0.000 0.000 0.000 0.000 0.000 0.000 0.000 0.000 0.000 0.000 0.000 0.000 0.000 0.000 0.000 0.000 0.000 0.000 0.000 0.000 0.000 0.000 0.000 0.000 0.000 0.000 0.000 0.000 0.000 0.000 0.000 0.000 0.000 0.000 0.000 0.000 0.000 0.000 0.000 0.000 0.000 0.000 0.000 0.000 0.000 0.000 0.000 0.000 0.000 0.000 0.000 0.000 0.000 0.000 0.000 0.000 0.000 0.000 0.000 0.000 0.000 0.000 0.000 0.000 0.000 0.000 0.000 0.000 0.000 0.000 0.000 0.000 0.000 0.000 0.001 0.002 0.002
0.000 0.000 0.000 0.000 0.000 0.000 0.000 0.000 0.000 0.000 0.000 0.000 0.000 0.000 0.000 0.000 0.000 0.000 0.000 0.000 0.000 0.000 0.000 0.000 0.000 0.000 0.000 0.000 0.000 0.000 0.000 0.000 0.000 0.000 0.000 0.000 0.000 0.000 0.000 0.000 0.000 0.000 0.000 0.000 0.000 0.000 0.000 0.000 0.000 0.000 0.000 0.000 0.000 0.000 0.000 0.000 0.000 0.000 0.000 0.000 0.000 0.000 0.000 0.000 0.000 0.000 0.000 0.000 0.000 0.000 0.000 0.000 0.000 0.000 0.000 0.001 0.001
0.000 0.000 0.000 0.000 0.000 0.000 0.000 0.000 0.000 0.000 0.000 0.000 0.000 0.000 0.000 0.000 0.000 0.000 0.000 0.000 0.000 0.000 0.000 0.000 0.000 0.000 0.000 0.000 0.000 0.000 0.000 0.000 0.000 0.000 0.000 0.000 0.000 0.000 0.000 0.000 0.000 0.000 0.000 0.000 0.000 0.000 0.000 0.000 0.000 0.000 0.000 0.000 0.000 0.000 0.000 0.000 0.000 0.000 0.000 0.000 0.000 0.000 0.000 0.000 0.000 0.000 0.000 0.000 0.000 0.000 0.000 0.000 0.000 0.000 0.000 0.000 0.000
0.000 0.000 0.000 0.000 0.000 0.000 0.000 0.000 0.000 0.000 0.000 0.000 0.000 0.000 0.000 0.000 0.000 0.000 0.000 0.000 0.000 0.000 0.000 0.000 0.000 0.000 0.000 0.000 0.000 0.000 0.000 0.000 0.000 0.000 0.000 0.000 0.000 0.000 0.000 0.000 0.000 0.000 0.000 0.000 0.000 0.000 0.000 0.000 0.000 0.000 0.000 0.000 0.000 0.000 0.000 0.000 0.000 0.000 0.000 0.000 0.000 0.000 0.000 0.000 0.000 0.000 0.000 0.000 0.000 0.000 0.000 0.000 0.000 0.000 0.000 0.000 0.000
0.000 0.000 0.000 0.000 0.000 0.000 0.000 0.000 0.000 0.000 0.000 0.000 0.000 0.000 0.000 0.000 0.000 0.000 0.000 0.000 0.000 0.000 0.000 0.000 0.000 0.000 0.000 0.000 0.000 0.000 0.000 0.000 0.000 0.000 0.000 0.000 0.000 0.000 0.000 0.000 0.000 0.000 0.000 0.000 0.000 0.000 0.000 0.000 0.000 0.000 0.000 0.000 0.000 0.000 0.000 0.000 0.000 0.000 0.000 0.000 0.000 0.000 0.000 0.000 0.000 0.000 0.000 0.000 0.000 0.000 0.000 0.000 0.000 0.000 0.000 0.000 0.000
