RESULTS/r.avaflow_results/33_results/33_ascii/33_hflow0053.asc
ncols 506
nrows 317
xllcenter 498237.50
yllcenter 5580050.00
cellsize 12.50
NODATA_value -9999.000
[rows 170 to 203 of 317, columns 77 to 153 of 506]
0.000 0.000 0.000 0.000 0.000 0.000 0.000 0.000 0.000 0.000 0.001 0.001 0.002 0.005 0.009 0.015 0.021 0.027 0.031 0.034 0.037 0.042 0.055 0.089 0.156 0.224 0.253 0.257 0.252 0.243 0.228 0.206 0.176 0.141 0.115 0.100 0.095 0.095 0.098 0.106 0.114 0.122 0.138 0.193 0.342 0.601 0.911 1.225 1.564 1.998 2.634 3.637 4.982 6.205 6.959 7.337 7.590 7.957 8.489 9.194 10.099 11.143 12.245 13.166 13.752 14.010 14.050 13.964 13.706 13.286 12.748 12.039 11.242 10.579 10.092 9.705 9.395
0.000 0.000 0.000 0.000 0.000 0.000 0.000 0.000 0.001 0.002 0.003 0.005 0.010 0.017 0.029 0.043 0.057 0.070 0.081 0.091 0.100 0.115 0.148 0.210 0.292 0.347 0.360 0.357 0.347 0.330 0.305 0.271 0.225 0.181 0.153 0.140 0.138 0.141 0.153 0.172 0.197 0.235 0.318 0.528 0.926 1.448 1.956 2.455 3.012 3.722 4.634 5.682 6.684 7.387 7.759 7.955 8.135 8.466 8.966 9.651 10.527 11.540 12.616 13.446 13.945 14.132 14.111 13.959 13.670 13.288 12.862 12.436 12.113 11.979 11.978 12.041 12.179
0.000 0.000 0.000 0.000 0.000 0.000 0.000 0.001 0.003 0.005 0.009 0.016 0.027 0.044 0.066 0.091 0.116 0.142 0.168 0.192 0.218 0.254 0.316 0.397 0.462 0.485 0.485 0.476 0.459 0.434 0.398 0.349 0.285 0.233 0.203 0.194 0.194 0.206 0.233 0.281 0.360 0.505 0.793 1.314 2.063 2.817 3.477 4.150 4.927 5.764 6.566 7.257 7.771 8.062 8.202 8.305 8.460 8.751 9.198 9.836 10.670 11.665 12.713 13.487 13.949 14.105 14.065 13.943 13.761 13.574 13.457 13.455 13.577 13.764 14.007 14.428 15.143
0.000 0.000 0.000 0.000 0.000 0.000 0.001 0.003 0.007 0.012 0.021 0.035 0.056 0.085 0.118 0.155 0.196 0.242 0.290 0.340 0.392 0.459 0.545 0.614 0.641 0.642 0.633 0.617 0.593 0.558 0.509 0.443 0.360 0.299 0.269 0.261 0.267 0.293 0.354 0.471 0.697 1.113 1.784 2.722 3.751 4.620 5.368 6.089 6.796 7.445 7.981 8.338 8.520 8.562 8.522 8.528 8.657 8.914 9.319 9.916 10.711 11.675 12.674 13.400 13.830 13.993 14.033 14.071 14.156 14.295 14.444 14.594 14.776 15.018 15.413 16.156 17.374
0.000 0.000 0.000 0.000 0.000 0.000 0.002 0.005 0.011 0.020 0.033 0.053 0.082 0.122 0.171 0.229 0.293 0.366 0.445 0.526 0.611 0.702 0.781 0.820 0.827 0.822 0.809 0.786 0.752 0.706 0.641 0.555 0.453 0.380 0.347 0.341 0.353 0.405 0.531 0.794 1.318 2.200 3.423 4.690 5.768 6.592 7.243 7.803 8.291 8.690 8.974 9.107 9.099 8.961 8.749 8.677 8.775 9.007 9.380 9.935 10.672 11.555 12.465 13.158 13.622 13.900 14.119 14.361 14.616 14.839 15.005 15.149 15.344 15.675 16.271 17.261 18.698
0.000 0.000 0.000 0.000 0.000 0.000 0.002 0.006 0.013 0.023 0.039 0.063 0.098 0.147 0.213 0.297 0.399 0.517 0.638 0.751 0.862 0.956 1.014 1.035 1.036 1.030 1.014 0.985 0.943 0.882 0.801 0.693 0.568 0.475 0.427 0.416 0.431 0.504 0.711 1.190 2.146 3.657 5.349 6.649 7.606 8.318 8.821 9.182 9.465 9.649 9.737 9.717 9.563 9.254 8.921 8.773 8.815 9.016 9.363 9.874 10.530 11.300 12.093 12.787 13.372 13.821 14.171 14.470 14.736 14.945 15.092 15.234 15.439 15.838 16.571 17.675 19.104
0.000 0.000 0.000 0.000 0.000 0.000 0.002 0.006 0.013 0.024 0.041 0.067 0.106 0.163 0.242 0.345 0.480 0.651 0.849 1.012 1.134 1.221 1.266 1.280 1.282 1.275 1.256 1.221 1.168 1.093 0.994 0.863 0.708 0.582 0.506 0.482 0.493 0.569 0.809 1.419 2.702 4.776 6.862 8.254 9.174 9.769 10.106 10.286 10.401 10.443 10.373 10.199 9.890 9.462 9.068 8.848 8.816 8.968 9.277 9.736 10.307 10.955 11.629 12.325 13.043 13.617 14.015 14.299 14.515 14.655 14.743 14.851 15.047 15.498 16.319 17.475 18.882
0.000 0.000 0.000 0.000 0.000 0.000 0.002 0.006 0.013 0.024 0.041 0.067 0.109 0.170 0.256 0.373 0.529 0.737 1.007 1.258 1.420 1.512 1.558 1.574 1.575 1.567 1.543 1.500 1.435 1.343 1.223 1.068 0.875 0.703 0.589 0.544 0.546 0.611 0.845 1.490 2.956 5.459 7.993 9.580 10.490 10.944 11.120 11.180 11.168 11.072 10.853 10.542 10.118 9.622 9.198 8.923 8.819 8.903 9.149 9.532 10.004 10.539 11.119 11.781 12.527 13.080 13.413 13.606 13.704 13.715 13.697 13.716 13.860 14.320 15.224 16.496 17.983
0.000 0.000 0.000 0.000 0.000 0.000 0.002 0.005 0.012 0.022 0.038 0.065 0.107 0.171 0.261 0.383 0.549 0.776 1.086 1.453 1.715 1.846 1.908 1.928 1.930 1.919 1.887 1.831 1.748 1.635 1.490 1.306 1.076 0.846 0.683 0.605 0.592 0.638 0.850 1.483 3.005 5.755 8.775 10.631 11.527 11.847 11.903 11.884 11.750 11.499 11.146 10.741 10.265 9.757 9.320 9.003 8.843 8.848 8.996 9.266 9.610 10.029 10.496 11.065 11.689 12.086 12.273 12.311 12.242 12.091 11.936 11.855 11.977 12.494 13.500 14.918 16.576
0.000 0.000 0.000 0.000 0.000 0.000 0.001 0.004 0.009 0.017 0.031 0.055 0.098 0.164 0.258 0.383 0.553 0.785 1.108 1.551 1.994 2.242 2.331 2.357 2.358 2.341 2.297 2.221 2.114 1.974 1.799 1.584 1.316 1.020 0.796 0.671 0.636 0.661 0.840 1.430 2.944 5.784 9.190 11.369 12.299 12.515 12.498 12.382 12.106 11.730 11.289 10.838 10.371 9.896 9.448 9.100 8.892 8.816 8.850 8.977 9.154 9.397 9.693 10.092 10.478 10.644 10.642 10.514 10.310 10.095 9.941 9.926 10.194 10.867 11.955 13.379 15.061
0.000 0.000 0.000 0.000 0.000 0.000 0.001 0.002 0.004 0.009 0.018 0.037 0.073 0.136 0.231 0.362 0.538 0.775 1.102 1.557 2.144 2.629 2.843 2.878 2.871 2.840 2.777 2.676 2.538 2.366 2.158 1.907 1.598 1.235 0.938 0.752 0.681 0.687 0.819 1.329 2.762 5.627 9.276 11.717 12.795 12.974 12.879 12.644 12.262 11.796 11.314 10.861 10.428 10.004 9.579 9.212 8.951 8.801 8.738 8.733 8.757 8.803 8.877 9.012 9.117 9.084 8.958 8.782 8.596 8.442 8.358 8.425 8.783 9.506 10.570 11.923 13.515
0.000 0.000 0.000 0.000 0.000 0.000 0.000 0.001 0.002 0.003 0.007 0.016 0.037 0.081 0.163 0.288 0.462 0.697 1.021 1.480 2.112 2.841 3.320 3.471 3.467 3.421 3.333 3.201 3.027 2.817 2.573 2.283 1.930 1.508 1.129 0.868 0.744 0.726 0.813 1.213 2.463 5.223 9.072 11.732 12.989 13.221 13.068 12.734 12.282 11.784 11.288 10.831 10.429 10.052 9.675 9.318 9.020 8.796 8.645 8.539 8.445 8.351 8.251 8.164 8.037 7.851 7.637 7.428 7.252 7.135 7.098 7.205 7.561 8.219 9.176 10.395 11.812
0.000 0.000 0.000 0.000 0.000 0.000 0.000 0.000 0.001 0.001 0.002 0.005 0.012 0.031 0.072 0.153 0.285 0.479 0.765 1.202 1.874 2.806 3.615 4.003 4.061 4.028 3.939 3.788 3.583 3.335 3.050 2.719 2.326 1.854 1.395 1.052 0.858 0.803 0.852 1.159 2.168 4.644 8.543 11.494 12.952 13.267 13.109 12.738 12.238 11.698 11.198 10.768 10.385 10.039 9.719 9.397 9.086 8.802 8.571 8.381 8.200 8.006 7.787 7.550 7.260 6.954 6.662 6.406 6.206 6.078 6.037 6.132 6.421 6.934 7.692 8.692 9.878
0.000 0.000 0.000 0.000 0.000 0.000 0.000 0.000 0.000 0.000 0.001 0.001 0.004 0.009 0.024 0.055 0.113 0.211 0.381 0.712 1.371 2.494 3.707 4.388 4.574 4.565 4.498 4.366 4.165 3.903 3.590 3.227 2.799 2.293 1.770 1.349 1.073 0.962 0.973 1.203 2.013 4.101 7.780 10.970 12.613 13.089 13.000 12.639 12.105 11.514 11.019 10.633 10.295 9.988 9.706 9.424 9.132 8.827 8.539 8.268 8.009 7.735 7.433 7.109 6.721 6.330 5.965 5.648 5.395 5.217 5.124 5.150 5.327 5.673 6.224 7.015 8.031
0.000 0.000 0.000 0.000 0.000 0.000 0.000 0.000 0.000 0.000 0.000 0.001 0.001 0.004 0.009 0.020 0.041 0.080 0.155 0.337 0.817 1.925 3.511 4.568 4.971 5.023 4.986 4.892 4.733 4.502 4.191 3.810 3.365 2.846 2.281 1.798 1.448 1.267 1.235 1.376 2.014 3.698 6.911 10.147 11.909 12.551 12.598 12.356 11.850 11.215 10.685 10.323 10.071 9.864 9.645 9.400 9.136 8.850 8.540 8.207 7.872 7.526 7.161 6.778 6.328 5.873 5.448 5.069 4.755 4.515 4.348 4.268 4.311 4.507 4.894 5.514 6.357
0.000 0.000 0.000 0.000 0.000 0.000 0.000 0.000 0.000 0.000 0.000 0.000 0.001 0.003 0.007 0.014 0.026 0.046 0.085 0.184 0.495 1.384 3.047 4.487 5.180 5.397 5.420 5.381 5.280 5.107 4.844 4.484 4.043 3.528 2.952 2.439 2.040 1.794 1.718 1.787 2.240 3.516 6.035 9.006 10.854 11.661 11.831 11.724 11.360 10.766 10.168 9.791 9.599 9.510 9.419 9.294 9.102 8.843 8.538 8.185 7.795 7.388 6.969 6.534 6.035 5.526 5.044 4.610 4.240 3.935 3.691 3.516 3.437 3.498 3.728 4.138 4.720
0.000 0.000 0.000 0.000 0.000 0.000 0.000 0.000 0.000 0.000 0.000 0.000 0.001 0.004 0.008 0.015 0.026 0.044 0.077 0.152 0.363 1.009 2.436 4.155 5.183 5.639 5.792 5.822 5.787 5.695 5.520 5.232 4.836 4.353 3.802 3.294 2.890 2.616 2.500 2.518 2.796 3.687 5.474 7.890 9.618 10.487 10.735 10.717 10.528 10.092 9.480 9.010 8.815 8.815 8.901 8.982 8.958 8.785 8.496 8.148 7.754 7.325 6.867 6.386 5.839 5.270 4.733 4.246 3.821 3.457 3.150 2.904 2.731 2.666 2.727 2.892 3.088
0.000 0.000 0.000 0.000 0.000 0.000 0.000 0.000 0.000 0.000 0.000 0.001 0.003 0.007 0.014 0.024 0.038 0.058 0.093 0.165 0.339 0.801 1.856 3.538 4.950 5.714 6.051 6.206 6.261 6.239 6.154 5.971 5.687 5.306 4.836 4.371 4.007 3.753 3.613 3.583 3.701 4.179 5.298 7.114 8.623 9.418 9.665 9.679 9.595 9.347 8.894 8.367 8.053 8.004 8.145 8.406 8.595 8.593 8.402 8.076 7.694 7.276 6.821 6.315 5.704 5.069 4.490 3.963 3.485 3.064 2.706 2.406 2.152 1.966 1.858 1.787 1.681
0.000 0.000 0.000 0.000 0.000 0.000 0.000 0.000 0.000 0.000 0.001 0.002 0.006 0.014 0.028 0.048 0.073 0.105 0.150 0.227 0.384 0.736 1.487 2.816 4.438 5.573 6.156 6.478 6.665 6.732 6.720 6.632 6.463 6.220 5.894 5.521 5.226 5.025 4.918 4.882 4.891 5.036 5.582 6.739 7.973 8.673 8.920 8.966 8.940 8.806 8.504 8.034 7.623 7.442 7.479 7.705 8.013 8.163 8.132 7.926 7.592 7.180 6.722 6.194 5.526 4.840 4.242 3.701 3.197 2.733 2.328 1.972 1.638 1.337 1.084 0.864 0.667
0.000 0.000 0.000 0.000 0.000 0.000 0.000 0.000 0.000 0.000 0.001 0.004 0.012 0.029 0.059 0.101 0.150 0.203 0.268 0.359 0.509 0.793 1.338 2.307 3.799 5.219 6.083 6.597 6.956 7.161 7.227 7.210 7.137 6.991 6.775 6.488 6.241 6.067 5.975 5.948 5.952 5.998 6.174 6.720 7.609 8.216 8.464 8.531 8.527 8.454 8.248 7.894 7.473 7.174 7.063 7.133 7.344 7.527 7.595 7.538 7.315 6.942 6.481 5.943 5.273 4.577 3.967 3.419 2.904 2.410 1.944 1.510 1.101 0.744 0.482 0.311 0.205
0.000 0.000 0.000 0.000 0.000 0.000 0.000 0.000 0.000 0.000 0.002 0.008 0.024 0.060 0.124 0.208 0.292 0.375 0.466 0.578 0.728 0.958 1.371 2.106 3.304 4.773 5.845 6.552 7.083 7.465 7.658 7.717 7.703 7.623 7.481 7.261 7.040 6.868 6.764 6.716 6.707 6.725 6.795 7.000 7.487 7.985 8.229 8.305 8.302 8.254 8.104 7.837 7.452 7.104 6.879 6.784 6.782 6.824 6.845 6.821 6.671 6.352 5.891 5.345 4.721 4.078 3.485 2.938 2.414 1.894 1.389 0.928 0.553 0.309 0.174 0.102 0.066
0.000 0.000 0.000 0.000 0.000 0.000 0.000 0.000 0.000 0.001 0.004 0.016 0.048 0.123 0.248 0.393 0.518 0.636 0.758 0.894 1.051 1.249 1.551 2.116 3.081 4.390 5.519 6.385 7.080 7.608 7.960 8.129 8.156 8.121 8.020 7.853 7.653 7.479 7.353 7.261 7.213 7.207 7.231 7.318 7.538 7.875 8.103 8.188 8.188 8.151 8.036 7.807 7.467 7.097 6.801 6.568 6.382 6.222 6.066 5.908 5.701 5.372 4.902 4.332 3.727 3.136 2.569 2.023 1.510 1.043 0.651 0.365 0.190 0.099 0.057 0.036 0.026
0.000 0.000 0.000 0.000 0.000 0.000 0.000 0.000 0.000 0.002 0.008 0.030 0.096 0.237 0.453 0.663 0.833 0.993 1.156 1.322 1.496 1.685 1.919 2.321 3.080 4.182 5.286 6.217 7.004 7.642 8.100 8.385 8.484 8.475 8.409 8.287 8.124 7.960 7.815 7.670 7.550 7.497 7.490 7.528 7.630 7.820 8.010 8.117 8.135 8.104 7.996 7.780 7.474 7.096 6.739 6.401 6.068 5.728 5.366 4.975 4.570 4.124 3.581 2.955 2.348 1.800 1.316 0.906 0.581 0.342 0.187 0.097 0.051 0.030 0.020 0.016 0.013
0.000 0.000 0.000 0.000 0.000 0.000 0.000 0.000 0.000 0.002 0.011 0.045 0.150 0.372 0.704 1.004 1.231 1.450 1.665 1.872 2.072 2.271 2.482 2.777 3.307 4.168 5.197 6.137 6.947 7.630 8.147 8.504 8.671 8.691 8.658 8.575 8.451 8.311 8.154 7.960 7.764 7.649 7.606 7.614 7.671 7.787 7.927 8.041 8.092 8.067 7.964 7.756 7.458 7.071 6.649 6.220 5.768 5.263 4.693 4.059 3.410 2.787 2.196 1.651 1.180 0.794 0.497 0.289 0.158 0.083 0.043 0.024 0.015 0.011 0.009 0.008 0.008
0.000 0.000 0.000 0.000 0.000 0.000 0.000 0.000 0.000 0.002 0.011 0.048 0.172 0.446 0.869 1.324 1.689 2.000 2.284 2.544 2.779 2.997 3.214 3.462 3.825 4.410 5.236 6.138 6.937 7.618 8.162 8.553 8.763 8.819 8.817 8.772 8.681 8.573 8.406 8.187 7.917 7.728 7.644 7.638 7.684 7.751 7.817 7.877 7.939 7.950 7.872 7.671 7.344 6.874 6.304 5.741 5.165 4.510 3.739 2.905 2.140 1.548 1.104 0.751 0.475 0.276 0.147 0.074 0.036 0.019 0.011 0.008 0.006 0.006 0.005 0.005 0.005
0.000 0.000 0.000 0.000 0.000 0.000 0.000 0.000 0.000 0.002 0.010 0.046 0.170 0.465 0.945 1.541 2.123 2.616 3.013 3.344 3.624 3.866 4.092 4.321 4.590 4.970 5.534 6.267 7.012 7.654 8.177 8.577 8.814 8.902 8.916 8.883 8.820 8.723 8.547 8.332 8.026 7.777 7.650 7.604 7.614 7.642 7.641 7.611 7.564 7.519 7.429 7.199 6.758 6.097 5.253 4.458 3.693 2.898 2.099 1.423 0.950 0.633 0.412 0.255 0.147 0.077 0.037 0.017 0.008 0.005 0.004 0.003 0.003 0.003 0.003 0.003 0.003
0.000 0.000 0.000 0.000 0.000 0.000 0.000 0.000 0.001 0.002 0.008 0.038 0.152 0.449 0.970 1.666 2.453 3.204 3.814 4.276 4.620 4.889 5.117 5.326 5.541 5.790 6.135 6.626 7.227 7.804 8.270 8.631 8.858 8.963 8.986 8.959 8.899 8.792 8.621 8.409 8.102 7.806 7.605 7.494 7.432 7.384 7.304 7.182 6.985 6.738 6.435 6.026 5.394 4.473 3.377 2.452 1.731 1.158 0.729 0.449 0.278 0.174 0.109 0.066 0.037 0.018 0.008 0.004 0.002 0.002 0.002 0.002 0.002 0.001 0.001 0.001 0.002
0.000 0.000 0.000 0.000 0.000 0.001 0.001 0.001 0.002 0.002 0.006 0.025 0.116 0.398 0.948 1.742 2.684 3.669 4.526 5.203 5.700 6.046 6.287 6.477 6.641 6.787 6.968 7.239 7.629 8.069 8.439 8.727 8.922 9.022 9.034 8.999 8.920 8.806 8.650 8.436 8.137 7.818 7.542 7.324 7.144 6.974 6.769 6.524 6.172 5.684 5.072 4.371 3.561 2.627 1.739 1.077 0.630 0.350 0.189 0.105 0.062 0.038 0.024 0.015 0.008 0.004 0.002 0.001 0.001 0.001 0.001 0.000 0.000 0.000 0.000 0.000 0.000
0.000 0.000 0.000 0.001 0.001 0.002 0.002 0.002 0.002 0.003 0.005 0.019 0.086 0.336 0.903 1.786 2.850 3.990 5.058 5.957 6.648 7.121 7.433 7.651 7.801 7.895 7.967 8.061 8.234 8.480 8.716 8.889 9.003 9.051 9.050 9.016 8.928 8.802 8.641 8.431 8.139 7.806 7.447 7.092 6.764 6.443 6.085 5.674 5.168 4.543 3.812 3.021 2.217 1.450 0.846 0.446 0.218 0.102 0.048 0.024 0.013 0.008 0.005 0.003 0.002 0.001 0.001 0.000 0.000 0.000 0.000 0.000 0.000 0.000 0.000 0.000 0.000
0.001 0.001 0.001 0.002 0.003 0.003 0.003 0.003 0.003 0.003 0.005 0.017 0.077 0.311 0.885 1.820 2.967 4.173 5.383 6.493 7.385 8.010 8.419 8.679 8.833 8.907 8.945 8.973 9.005 9.043 9.087 9.097 9.089 9.055 9.015 8.972 8.885 8.750 8.581 8.373 8.094 7.751 7.335 6.855 6.353 5.875 5.388 4.859 4.264 3.586 2.820 2.038 1.337 0.776 0.393 0.179 0.075 0.030 0.012 0.005 0.003 0.002 0.001 0.001 0.000 0.000 0.000 0.000 0.000 0.000 0.000 0.000 0.000 0.000 0.000 0.000 0.000
0.002 0.003 0.003 0.004 0.005 0.004 0.004 0.003 0.003 0.003 0.005 0.017 0.076 0.315 0.909 1.878 3.052 4.252 5.508 6.781 7.868 8.687 9.226 9.541 9.699 9.760 9.776 9.756 9.687 9.582 9.441 9.264 9.103 8.965 8.862 8.792 8.704 8.585 8.436 8.234 7.960 7.612 7.149 6.584 5.959 5.362 4.775 4.169 3.521 2.814 2.060 1.359 0.792 0.399 0.175 0.069 0.026 0.009 0.003 0.001 0.001 0.000 0.000 0.000 0.000 0.000 0.000 0.000 0.000 0.000 0.000 0.000 0.000 0.000 0.000 0.000 0.000
0.005 0.005 0.006 0.006 0.006 0.005 0.004 0.004 0.004 0.004 0.005 0.018 0.084 0.355 0.993 1.975 3.103 4.264 5.520 6.871 8.123 9.131 9.812 10.211 10.387 10.431 10.426 10.359 10.190 9.950 9.676 9.365 9.065 8.779 8.545 8.381 8.273 8.166 8.050 7.882 7.639 7.317 6.850 6.253 5.555 4.861 4.206 3.552 2.877 2.159 1.459 0.869 0.443 0.191 0.073 0.025 0.008 0.003 0.001 0.001 0.000 0.000 0.000 0.000 0.000 0.000 0.000 0.000 0.000 0.000 0.000 0.000 0.000 0.000 0.000 0.000 0.000
0.008 0.008 0.008 0.008 0.006 0.005 0.005 0.004 0.004 0.005 0.007 0.024 0.110 0.431 1.106 2.056 3.109 4.239 5.486 6.855 8.188 9.319 10.141 10.628 10.836 10.881 10.839 10.708 10.475 10.156 9.774 9.354 8.925 8.454 8.055 7.772 7.592 7.459 7.349 7.198 6.999 6.734 6.332 5.780 5.093 4.355 3.646 2.963 2.272 1.575 0.961 0.500 0.217 0.080 0.027 0.008 0.003 0.001 0.001 0.000 0.000 0.000 0.000 0.000 0.000 0.000 0.000 0.000 0.000 0.000 0.000 0.000 0.000 0.000 0.000 0.000 0.000
0.011 0.011 0.010 0.009 0.007 0.006 0.005 0.005 0.005 0.006 0.010 0.030 0.128 0.475 1.157 2.072 3.069 4.158 5.381 6.750 8.126 9.337 10.245 10.800 11.039 11.078 11.018 10.854 10.587 10.219 9.768 9.243 8.663 8.021 7.431 6.994 6.693 6.484 6.324 6.161 5.996 5.809 5.533 5.101 4.505 3.804 3.070 2.350 1.651 1.022 0.541 0.237 0.087 0.028 0.008 0.002 0.001 0.000 0.000 0.000 0.000 0.000 0.000 0.000 0.000 0.000 0.000 0.000 0.000 0.000 0.000 0.000 0.000 0.000 0.000 0.000 0.000
