RESULTS/r.avaflow_results/33_results/33_ascii/33_hflow0040.asc
ncols 506
nrows 317
xllcenter 498237.50
yllcenter 5580050.00
cellsize 12.50
NODATA_value -9999.000
[rows 170 to 203 of 317, columns 77 to 153 of 506]
0.000 0.000 0.000 0.000 0.000 0.000 0.000 0.000 0.000 0.000 0.000 0.000 0.001 0.002 0.004 0.007 0.010 0.013 0.016 0.018 0.020 0.024 0.033 0.058 0.106 0.162 0.194 0.210 0.221 0.228 0.232 0.233 0.231 0.225 0.223 0.228 0.246 0.276 0.292 0.293 0.281 0.249 0.229 0.237 0.315 0.485 0.715 0.959 1.230 1.594 2.148 3.052 4.319 5.494 6.197 6.532 6.786 7.178 7.736 8.463 9.394 10.479 11.674 12.762 13.488 13.878 13.996 13.964 13.736 13.324 12.788 12.064 11.245 10.579 10.105 9.742 9.463
0.000 0.000 0.000 0.000 0.000 0.000 0.000 0.000 0.000 0.000 0.001 0.002 0.004 0.008 0.013 0.020 0.028 0.035 0.042 0.049 0.056 0.068 0.093 0.138 0.202 0.252 0.277 0.290 0.300 0.306 0.308 0.308 0.304 0.299 0.299 0.312 0.346 0.394 0.419 0.422 0.409 0.386 0.393 0.493 0.758 1.159 1.583 2.006 2.491 3.124 3.970 4.984 5.964 6.624 6.963 7.158 7.373 7.731 8.256 8.963 9.863 10.918 12.092 13.100 13.740 14.042 14.085 13.970 13.706 13.336 12.919 12.494 12.175 12.060 12.083 12.172 12.341
0.000 0.000 0.000 0.000 0.000 0.000 0.000 0.000 0.000 0.001 0.003 0.006 0.012 0.020 0.031 0.043 0.058 0.073 0.090 0.107 0.127 0.156 0.204 0.267 0.325 0.358 0.375 0.387 0.397 0.401 0.402 0.402 0.397 0.392 0.394 0.415 0.464 0.531 0.576 0.597 0.607 0.638 0.768 1.107 1.679 2.325 2.917 3.517 4.235 5.054 5.849 6.528 7.018 7.288 7.441 7.589 7.795 8.121 8.603 9.267 10.122 11.145 12.274 13.215 13.799 14.041 14.052 13.971 13.818 13.652 13.556 13.576 13.711 13.905 14.155 14.597 15.342
0.000 0.000 0.000 0.000 0.000 0.000 0.000 0.000 0.001 0.003 0.007 0.014 0.024 0.038 0.055 0.075 0.099 0.127 0.159 0.195 0.236 0.291 0.361 0.424 0.461 0.480 0.494 0.505 0.513 0.517 0.518 0.516 0.510 0.505 0.509 0.535 0.595 0.683 0.767 0.844 0.943 1.145 1.562 2.263 3.147 3.946 4.650 5.355 6.064 6.712 7.241 7.588 7.760 7.823 7.852 7.932 8.119 8.418 8.862 9.482 10.286 11.256 12.306 13.166 13.698 13.929 14.025 14.118 14.246 14.420 14.588 14.745 14.929 15.173 15.577 16.341 17.596
0.000 0.000 0.000 0.000 0.000 0.000 0.000 0.000 0.002 0.006 0.013 0.023 0.038 0.059 0.084 0.115 0.151 0.196 0.249 0.311 0.381 0.461 0.537 0.586 0.610 0.626 0.639 0.649 0.654 0.657 0.656 0.652 0.643 0.635 0.639 0.667 0.733 0.845 1.000 1.195 1.494 2.043 2.916 4.005 5.043 5.863 6.508 7.061 7.550 7.950 8.230 8.364 8.389 8.321 8.203 8.208 8.356 8.627 9.035 9.606 10.337 11.207 12.130 12.922 13.478 13.833 14.124 14.428 14.728 14.980 15.159 15.307 15.506 15.848 16.461 17.472 18.936
0.000 0.000 0.000 0.000 0.000 0.000 0.000 0.000 0.002 0.008 0.016 0.029 0.049 0.077 0.114 0.161 0.217 0.285 0.365 0.458 0.558 0.652 0.721 0.762 0.786 0.802 0.814 0.821 0.825 0.825 0.821 0.812 0.795 0.778 0.773 0.789 0.851 0.986 1.225 1.609 2.249 3.315 4.754 6.039 6.987 7.667 8.120 8.459 8.728 8.913 9.003 9.008 8.929 8.741 8.510 8.425 8.510 8.749 9.116 9.627 10.265 11.002 11.774 12.521 13.197 13.738 14.170 14.536 14.847 15.082 15.241 15.387 15.602 16.017 16.776 17.899 19.335
0.000 0.000 0.000 0.000 0.000 0.000 0.000 0.000 0.002 0.008 0.017 0.032 0.055 0.089 0.136 0.199 0.282 0.386 0.512 0.644 0.766 0.864 0.930 0.972 0.998 1.014 1.024 1.029 1.029 1.026 1.017 0.998 0.966 0.925 0.898 0.899 0.949 1.091 1.377 1.893 2.838 4.436 6.368 7.764 8.655 9.196 9.452 9.591 9.678 9.694 9.650 9.535 9.344 9.077 8.789 8.622 8.619 8.789 9.108 9.543 10.079 10.679 11.320 12.027 12.831 13.501 13.985 14.335 14.591 14.757 14.853 14.967 15.173 15.646 16.499 17.676 19.087
0.000 0.000 0.000 0.000 0.000 0.000 0.000 0.000 0.002 0.008 0.017 0.033 0.057 0.095 0.148 0.223 0.326 0.466 0.653 0.854 1.004 1.113 1.185 1.231 1.257 1.271 1.276 1.278 1.275 1.265 1.246 1.213 1.157 1.081 1.017 1.000 1.031 1.161 1.461 2.041 3.167 5.167 7.549 9.147 10.035 10.429 10.517 10.504 10.434 10.300 10.138 9.925 9.654 9.344 9.030 8.809 8.726 8.805 9.030 9.365 9.785 10.261 10.798 11.453 12.262 12.908 13.323 13.576 13.706 13.743 13.728 13.753 13.904 14.389 15.331 16.636 18.141
0.000 0.000 0.000 0.000 0.000 0.000 0.000 0.000 0.002 0.007 0.016 0.032 0.057 0.096 0.153 0.233 0.347 0.510 0.741 1.039 1.275 1.413 1.500 1.550 1.574 1.583 1.584 1.579 1.567 1.545 1.511 1.457 1.375 1.254 1.140 1.095 1.104 1.206 1.495 2.099 3.297 5.520 8.346 10.210 11.112 11.372 11.345 11.204 10.974 10.708 10.448 10.176 9.872 9.554 9.233 8.973 8.824 8.807 8.911 9.112 9.386 9.732 10.149 10.692 11.360 11.839 12.099 12.196 12.157 12.025 11.876 11.807 11.949 12.502 13.555 15.015 16.702
0.000 0.000 0.000 0.000 0.000 0.000 0.000 0.000 0.002 0.006 0.013 0.027 0.052 0.092 0.151 0.234 0.352 0.524 0.776 1.141 1.545 1.786 1.891 1.941 1.959 1.962 1.956 1.939 1.913 1.874 1.818 1.741 1.626 1.453 1.276 1.186 1.173 1.245 1.509 2.111 3.319 5.601 8.755 10.914 11.861 12.027 11.930 11.667 11.295 10.937 10.617 10.315 10.007 9.701 9.392 9.100 8.892 8.791 8.785 8.841 8.941 9.100 9.323 9.657 10.080 10.321 10.388 10.321 10.157 9.973 9.847 9.860 10.167 10.888 12.018 13.477 15.174
0.000 0.000 0.000 0.000 0.000 0.000 0.000 0.000 0.001 0.003 0.008 0.018 0.039 0.076 0.135 0.220 0.342 0.517 0.775 1.156 1.690 2.162 2.375 2.420 2.425 2.417 2.397 2.363 2.317 2.257 2.179 2.072 1.916 1.689 1.439 1.287 1.245 1.290 1.522 2.104 3.293 5.560 8.827 11.214 12.308 12.455 12.285 11.903 11.438 11.026 10.681 10.371 10.074 9.787 9.500 9.203 8.946 8.772 8.666 8.599 8.546 8.514 8.512 8.563 8.691 8.727 8.667 8.545 8.402 8.285 8.236 8.342 8.749 9.525 10.636 12.018 13.615
0.000 0.000 0.000 0.000 0.000 0.000 0.000 0.000 0.000 0.001 0.003 0.008 0.019 0.045 0.092 0.169 0.285 0.453 0.705 1.092 1.661 2.364 2.841 2.984 2.979 2.952 2.912 2.858 2.789 2.704 2.599 2.456 2.257 1.980 1.655 1.428 1.340 1.358 1.549 2.090 3.215 5.376 8.642 11.209 12.465 12.666 12.441 11.980 11.464 11.038 10.667 10.367 10.095 9.831 9.561 9.277 8.986 8.732 8.537 8.377 8.207 8.014 7.803 7.610 7.502 7.390 7.248 7.101 6.979 6.910 6.920 7.080 7.500 8.225 9.238 10.490 11.905
0.000 0.000 0.000 0.000 0.000 0.000 0.000 0.000 0.000 0.000 0.001 0.002 0.006 0.016 0.039 0.083 0.161 0.286 0.492 0.846 1.439 2.315 3.130 3.524 3.584 3.555 3.498 3.421 3.331 3.220 3.082 2.902 2.662 2.345 1.957 1.653 1.502 1.486 1.630 2.124 3.164 5.095 8.207 10.955 12.386 12.688 12.475 11.983 11.434 11.002 10.631 10.342 10.076 9.824 9.580 9.316 9.014 8.701 8.428 8.180 7.905 7.581 7.227 6.869 6.605 6.371 6.154 5.968 5.832 5.762 5.778 5.937 6.306 6.910 7.749 8.798 9.994
0.000 0.000 0.000 0.000 0.000 0.000 0.000 0.000 0.000 0.000 0.000 0.001 0.002 0.005 0.012 0.028 0.059 0.113 0.220 0.458 0.998 2.012 3.222 3.925 4.131 4.140 4.108 4.036 3.931 3.798 3.630 3.419 3.148 2.801 2.379 2.017 1.794 1.731 1.822 2.249 3.204 4.885 7.640 10.430 11.995 12.469 12.366 11.934 11.365 10.887 10.530 10.252 10.017 9.788 9.564 9.312 9.015 8.681 8.342 8.010 7.642 7.231 6.792 6.338 5.972 5.639 5.346 5.101 4.920 4.808 4.775 4.866 5.124 5.565 6.217 7.098 8.166
0.000 0.000 0.000 0.000 0.000 0.000 0.000 0.000 0.000 0.000 0.000 0.000 0.001 0.002 0.005 0.011 0.022 0.043 0.086 0.206 0.571 1.519 3.028 4.114 4.552 4.648 4.658 4.626 4.548 4.421 4.245 4.015 3.730 3.374 2.947 2.559 2.287 2.170 2.204 2.532 3.351 4.795 7.047 9.639 11.283 11.942 11.990 11.712 11.210 10.688 10.301 10.030 9.861 9.706 9.520 9.276 8.988 8.660 8.278 7.878 7.442 6.969 6.469 5.958 5.518 5.107 4.740 4.429 4.190 4.019 3.912 3.894 4.009 4.295 4.793 5.530 6.471
0.000 0.000 0.000 0.000 0.000 0.000 0.000 0.000 0.000 0.000 0.000 0.000 0.001 0.002 0.004 0.008 0.015 0.028 0.053 0.118 0.343 1.074 2.592 4.042 4.773 5.050 5.142 5.165 5.141 5.063 4.918 4.699 4.418 4.078 3.680 3.317 3.042 2.891 2.881 3.101 3.728 4.881 6.582 8.682 10.241 11.052 11.273 11.178 10.855 10.368 9.916 9.609 9.457 9.390 9.317 9.179 8.945 8.618 8.227 7.784 7.297 6.774 6.226 5.670 5.171 4.703 4.274 3.903 3.605 3.372 3.191 3.072 3.054 3.190 3.516 4.046 4.774
0.000 0.000 0.000 0.000 0.000 0.000 0.000 0.000 0.000 0.000 0.000 0.000 0.001 0.002 0.005 0.010 0.017 0.029 0.052 0.106 0.261 0.779 2.049 3.721 4.789 5.300 5.529 5.639 5.687 5.674 5.603 5.455 5.224 4.927 4.590 4.301 4.083 3.951 3.917 4.026 4.414 5.192 6.404 7.971 9.256 10.015 10.299 10.320 10.200 9.878 9.399 8.983 8.801 8.790 8.838 8.864 8.791 8.539 8.154 7.693 7.177 6.619 6.037 5.439 4.888 4.375 3.906 3.491 3.141 2.851 2.610 2.420 2.297 2.284 2.412 2.665 2.961
0.000 0.000 0.000 0.000 0.000 0.000 0.000 0.000 0.000 0.000 0.000 0.000 0.002 0.004 0.009 0.016 0.026 0.041 0.068 0.122 0.256 0.627 1.546 3.131 4.572 5.383 5.783 6.034 6.187 6.245 6.235 6.169 6.033 5.843 5.614 5.424 5.295 5.229 5.210 5.235 5.399 5.811 6.569 7.642 8.575 9.171 9.417 9.451 9.402 9.216 8.844 8.348 8.035 7.982 8.104 8.283 8.380 8.299 8.008 7.573 7.059 6.491 5.896 5.267 4.651 4.095 3.599 3.158 2.768 2.429 2.144 1.903 1.694 1.551 1.493 1.489 1.450
0.000 0.000 0.000 0.000 0.000 0.000 0.000 0.000 0.000 0.000 0.000 0.001 0.003 0.008 0.018 0.032 0.052 0.078 0.116 0.178 0.302 0.591 1.248 2.478 4.082 5.259 5.893 6.296 6.586 6.753 6.807 6.794 6.737 6.644 6.511 6.387 6.304 6.265 6.262 6.296 6.399 6.610 6.978 7.597 8.206 8.602 8.794 8.830 8.809 8.680 8.392 7.916 7.499 7.305 7.322 7.503 7.709 7.767 7.651 7.344 6.899 6.364 5.777 5.129 4.449 3.848 3.331 2.871 2.452 2.075 1.751 1.462 1.182 0.939 0.761 0.624 0.508
0.000 0.000 0.000 0.000 0.000 0.000 0.000 0.000 0.000 0.000 0.001 0.002 0.007 0.017 0.038 0.068 0.108 0.155 0.214 0.294 0.420 0.658 1.140 2.047 3.496 4.942 5.848 6.427 6.877 7.170 7.319 7.366 7.359 7.321 7.249 7.164 7.096 7.055 7.046 7.061 7.113 7.224 7.406 7.719 8.062 8.274 8.383 8.401 8.387 8.270 8.013 7.585 7.145 6.855 6.731 6.753 6.881 6.977 6.989 6.854 6.542 6.082 5.525 4.890 4.207 3.591 3.059 2.586 2.147 1.737 1.364 1.024 0.707 0.460 0.302 0.207 0.150
0.000 0.000 0.000 0.000 0.000 0.000 0.000 0.000 0.000 0.000 0.001 0.004 0.013 0.035 0.078 0.140 0.214 0.293 0.381 0.486 0.623 0.827 1.196 1.893 3.072 4.553 5.660 6.417 7.015 7.469 7.739 7.853 7.884 7.882 7.842 7.781 7.713 7.651 7.612 7.600 7.587 7.619 7.685 7.833 8.007 8.089 8.130 8.125 8.072 7.931 7.681 7.291 6.861 6.542 6.320 6.197 6.137 6.111 6.090 6.024 5.823 5.447 4.918 4.302 3.680 3.106 2.586 2.113 1.671 1.257 0.876 0.551 0.313 0.176 0.106 0.070 0.051
0.000 0.000 0.000 0.000 0.000 0.000 0.000 0.000 0.000 0.001 0.002 0.008 0.026 0.071 0.154 0.268 0.389 0.507 0.631 0.767 0.923 1.115 1.399 1.939 2.896 4.228 5.409 6.311 7.050 7.628 8.034 8.249 8.320 8.327 8.307 8.251 8.172 8.097 8.030 7.959 7.875 7.842 7.839 7.876 7.944 7.972 7.955 7.904 7.812 7.641 7.380 7.007 6.588 6.253 5.989 5.764 5.570 5.394 5.221 5.034 4.798 4.438 3.922 3.317 2.746 2.221 1.738 1.300 0.918 0.600 0.359 0.197 0.103 0.059 0.039 0.029 0.024
0.000 0.000 0.000 0.000 0.000 0.000 0.000 0.000 0.000 0.001 0.004 0.015 0.050 0.136 0.281 0.464 0.638 0.806 0.977 1.155 1.340 1.540 1.782 2.184 2.942 4.067 5.232 6.199 7.019 7.692 8.192 8.512 8.634 8.649 8.639 8.583 8.506 8.417 8.325 8.207 8.063 7.950 7.887 7.873 7.892 7.877 7.816 7.705 7.548 7.356 7.074 6.708 6.293 5.942 5.646 5.370 5.097 4.813 4.491 4.114 3.682 3.190 2.630 2.050 1.547 1.127 0.780 0.507 0.309 0.178 0.098 0.053 0.031 0.022 0.017 0.015 0.014
0.000 0.000 0.000 0.000 0.000 0.000 0.000 0.000 0.000 0.001 0.006 0.025 0.088 0.233 0.461 0.726 0.960 1.194 1.429 1.658 1.884 2.110 2.350 2.669 3.217 4.094 5.170 6.158 7.001 7.718 8.259 8.646 8.834 8.876 8.871 8.818 8.757 8.660 8.545 8.369 8.145 7.980 7.891 7.856 7.835 7.776 7.673 7.523 7.313 7.069 6.746 6.373 5.954 5.585 5.270 4.975 4.656 4.276 3.804 3.232 2.604 2.013 1.495 1.058 0.706 0.443 0.261 0.146 0.079 0.044 0.025 0.016 0.012 0.010 0.009 0.009 0.008
0.000 0.000 0.000 0.000 0.000 0.000 0.000 0.000 0.000 0.001 0.006 0.028 0.108 0.303 0.622 1.006 1.351 1.675 1.991 2.285 2.557 2.817 3.078 3.368 3.768 4.383 5.240 6.180 7.019 7.744 8.304 8.706 8.938 9.016 9.031 8.983 8.926 8.824 8.681 8.461 8.182 7.979 7.849 7.784 7.731 7.646 7.509 7.310 7.058 6.756 6.385 5.990 5.563 5.146 4.761 4.396 4.000 3.507 2.878 2.161 1.515 1.040 0.693 0.439 0.259 0.142 0.073 0.037 0.020 0.012 0.008 0.007 0.006 0.006 0.006 0.006 0.006
0.000 0.000 0.000 0.000 0.000 0.000 0.000 0.000 0.000 0.001 0.006 0.027 0.108 0.329 0.717 1.226 1.757 2.243 2.668 3.046 3.376 3.671 3.951 4.236 4.557 4.981 5.581 6.353 7.140 7.822 8.365 8.768 9.000 9.098 9.126 9.088 9.023 8.906 8.742 8.507 8.202 7.955 7.769 7.648 7.554 7.452 7.297 7.071 6.771 6.402 5.965 5.502 4.998 4.418 3.805 3.243 2.685 2.091 1.479 0.969 0.621 0.388 0.235 0.138 0.077 0.039 0.019 0.009 0.006 0.004 0.004 0.003 0.003 0.003 0.003 0.003 0.003
0.000 0.000 0.000 0.000 0.000 0.000 0.000 0.000 0.000 0.001 0.005 0.024 0.100 0.327 0.765 1.385 2.105 2.840 3.461 3.953 4.351 4.686 4.980 5.255 5.529 5.834 6.225 6.755 7.397 8.008 8.489 8.860 9.078 9.178 9.196 9.147 9.060 8.937 8.751 8.510 8.196 7.889 7.645 7.445 7.269 7.117 6.930 6.682 6.359 5.950 5.447 4.853 4.157 3.298 2.448 1.776 1.240 0.807 0.487 0.284 0.167 0.099 0.060 0.036 0.019 0.010 0.005 0.003 0.002 0.002 0.002 0.002 0.002 0.002 0.002 0.002 0.002
0.000 0.000 0.000 0.000 0.000 0.000 0.000 0.000 0.000 0.001 0.003 0.018 0.082 0.304 0.781 1.505 2.380 3.342 4.234 4.948 5.485 5.882 6.183 6.439 6.666 6.877 7.117 7.436 7.856 8.318 8.701 8.992 9.161 9.241 9.260 9.194 9.082 8.953 8.755 8.500 8.182 7.809 7.460 7.168 6.899 6.646 6.370 6.068 5.712 5.257 4.694 4.003 3.133 2.181 1.412 0.855 0.481 0.251 0.126 0.066 0.037 0.022 0.014 0.008 0.004 0.002 0.001 0.001 0.001 0.001 0.001 0.001 0.001 0.001 0.001 0.001 0.001
0.000 0.000 0.000 0.000 0.000 0.000 0.000 0.000 0.000 0.001 0.003 0.014 0.066 0.271 0.775 1.594 2.607 3.714 4.830 5.796 6.548 7.086 7.459 7.734 7.926 8.054 8.154 8.298 8.513 8.757 8.987 9.175 9.272 9.301 9.280 9.194 9.063 8.905 8.693 8.437 8.111 7.702 7.257 6.839 6.447 6.067 5.670 5.248 4.795 4.257 3.626 2.886 2.065 1.314 0.749 0.383 0.178 0.078 0.034 0.015 0.008 0.005 0.003 0.002 0.001 0.001 0.000 0.000 0.000 0.000 0.000 0.000 0.000 0.000 0.000 0.000 0.000
0.000 0.000 0.000 0.001 0.001 0.001 0.002 0.002 0.002 0.002 0.004 0.013 0.062 0.260 0.783 1.672 2.789 3.969 5.202 6.401 7.386 8.096 8.566 8.876 9.070 9.186 9.242 9.279 9.322 9.372 9.415 9.437 9.388 9.320 9.241 9.144 9.002 8.821 8.588 8.313 7.970 7.534 7.029 6.490 5.969 5.464 4.958 4.434 3.884 3.285 2.622 1.915 1.249 0.715 0.356 0.157 0.064 0.025 0.009 0.004 0.002 0.001 0.001 0.000 0.000 0.000 0.000 0.000 0.000 0.000 0.000 0.000 0.000 0.000 0.000 0.000 0.000
0.000 0.001 0.001 0.002 0.002 0.003 0.002 0.002 0.002 0.002 0.004 0.014 0.063 0.274 0.834 1.775 2.930 4.114 5.370 6.742 7.969 8.881 9.497 9.868 10.063 10.147 10.162 10.140 10.059 9.941 9.793 9.628 9.422 9.233 9.072 8.925 8.786 8.605 8.378 8.097 7.740 7.291 6.750 6.127 5.493 4.902 4.325 3.750 3.152 2.530 1.874 1.243 0.723 0.361 0.156 0.061 0.022 0.008 0.003 0.001 0.001 0.000 0.000 0.000 0.000 0.000 0.000 0.000 0.000 0.000 0.000 0.000 0.000 0.000 0.000 0.000 0.000
0.002 0.002 0.003 0.003 0.004 0.003 0.003 0.003 0.003 0.003 0.005 0.015 0.074 0.328 0.949 1.911 3.017 4.159 5.415 6.874 8.304 9.440 10.217 10.657 10.856 10.906 10.894 10.807 10.624 10.367 10.059 9.734 9.381 9.022 8.714 8.469 8.297 8.135 7.941 7.688 7.351 6.931 6.388 5.736 5.030 4.371 3.753 3.148 2.532 1.908 1.299 0.778 0.397 0.171 0.064 0.022 0.007 0.002 0.001 0.001 0.000 0.000 0.000 0.000 0.000 0.000 0.000 0.000 0.000 0.000 0.000 0.000 0.000 0.000 0.000 0.000 0.000
0.004 0.005 0.005 0.005 0.005 0.004 0.004 0.004 0.004 0.004 0.006 0.022 0.102 0.410 1.073 2.010 3.043 4.158 5.419 6.886 8.444 9.741 10.657 11.175 11.397 11.445 11.399 11.250 10.982 10.623 10.193 9.734 9.245 8.685 8.188 7.816 7.552 7.360 7.162 6.945 6.659 6.317 5.852 5.244 4.540 3.840 3.194 2.578 1.965 1.365 0.836 0.439 0.192 0.071 0.024 0.007 0.002 0.001 0.000 0.000 0.000 0.000 0.000 0.000 0.000 0.000 0.000 0.000 0.000 0.000 0.000 0.000 0.000 0.000 0.000 0.000 0.000
0.007 0.007 0.007 0.006 0.006 0.005 0.005 0.005 0.005 0.006 0.009 0.027 0.118 0.453 1.127 2.034 3.023 4.117 5.374 6.830 8.420 9.804 10.831 11.423 11.683 11.715 11.646 11.476 11.149 10.732 10.206 9.604 8.956 8.224 7.539 6.997 6.597 6.314 6.069 5.847 5.619 5.375 5.053 4.583 3.973 3.299 2.623 1.988 1.386 0.857 0.456 0.202 0.075 0.024 0.007 0.002 0.001 0.000 0.000 0.000 0.000 0.000 0.000 0.000 0.000 0.000 0.000 0.000 0.000 0.000 0.000 0.000 0.000 0.000 0.000 0.000 0.000
