RESULTS/r.avaflow_results/33_results/33_ascii/33_hflow30033.asc
ncols 506
nrows 317
xllcenter 498237.50
yllcenter 5580050.00
cellsize 12.50
NODATA_value -9999.000
[rows 170 to 203 of 317, columns 154 to 230 of 506]
9.184 9.098 8.989 8.853 8.663 8.428 8.213 8.024 7.843 7.660 7.485 7.315 7.121 6.828 6.353 5.682 4.873 4.044 3.251 2.498 1.805 1.216 0.781 0.519 0.386 0.329 0.312 0.316 0.337 0.378 0.439 0.520 0.593 0.642 0.676 0.706 0.745 0.814 0.869 0.886 0.884 0.873 0.865 0.857 0.841 0.804 0.735 0.629 0.499 0.374 0.265 0.186 0.135 0.105 0.087 0.078 0.075 0.075 0.077 0.080 0.081 0.081 0.081 0.080 0.080 0.081 0.087 0.107 0.160 0.271 0.389 0.439 0.440 0.386 0.264 0.159 0.106
12.501 12.757 12.897 12.943 12.908 12.758 12.512 12.236 11.960 11.667 11.375 11.098 10.819 10.488 10.000 9.260 8.264 7.093 5.874 4.667 3.513 2.486 1.655 1.075 0.736 0.562 0.481 0.454 0.455 0.480 0.533 0.611 0.680 0.717 0.733 0.745 0.767 0.812 0.847 0.854 0.838 0.805 0.777 0.751 0.716 0.655 0.545 0.393 0.256 0.167 0.116 0.086 0.068 0.058 0.054 0.053 0.054 0.057 0.060 0.062 0.062 0.061 0.060 0.059 0.058 0.059 0.064 0.080 0.119 0.204 0.332 0.419 0.450 0.442 0.376 0.261 0.166
16.061 16.655 16.904 16.926 16.811 16.543 16.185 15.815 15.456 15.089 14.722 14.386 14.067 13.728 13.273 12.578 11.601 10.388 9.014 7.536 6.019 4.540 3.229 2.188 1.466 1.021 0.766 0.632 0.571 0.552 0.569 0.618 0.677 0.704 0.709 0.707 0.710 0.723 0.726 0.707 0.653 0.579 0.518 0.466 0.412 0.340 0.245 0.157 0.102 0.072 0.055 0.044 0.039 0.036 0.036 0.037 0.040 0.044 0.047 0.048 0.048 0.047 0.045 0.044 0.044 0.045 0.049 0.060 0.087 0.143 0.252 0.377 0.450 0.474 0.465 0.399 0.282
18.821 19.736 20.121 20.150 20.010 19.718 19.357 19.000 18.644 18.266 17.864 17.494 17.155 16.809 16.367 15.682 14.694 13.459 12.088 10.629 9.050 7.331 5.582 4.009 2.769 1.879 1.289 0.928 0.725 0.621 0.581 0.584 0.605 0.610 0.597 0.568 0.540 0.511 0.477 0.424 0.345 0.273 0.225 0.192 0.163 0.131 0.092 0.063 0.045 0.035 0.030 0.026 0.025 0.025 0.025 0.027 0.030 0.034 0.036 0.037 0.037 0.036 0.035 0.034 0.035 0.036 0.039 0.046 0.063 0.097 0.167 0.293 0.421 0.483 0.499 0.484 0.414
20.378 21.526 22.154 22.364 22.373 22.245 22.062 21.854 21.605 21.278 20.870 20.455 20.083 19.707 19.253 18.575 17.604 16.378 14.990 13.510 11.945 10.244 8.356 6.363 4.554 3.110 2.054 1.349 0.920 0.678 0.555 0.492 0.451 0.418 0.377 0.329 0.292 0.265 0.238 0.201 0.152 0.115 0.093 0.079 0.067 0.053 0.040 0.030 0.025 0.021 0.019 0.018 0.017 0.017 0.018 0.019 0.022 0.025 0.027 0.028 0.028 0.027 0.027 0.027 0.028 0.029 0.032 0.037 0.047 0.068 0.108 0.193 0.339 0.460 0.503 0.506 0.482
20.750 22.013 22.890 23.423 23.744 23.938 24.046 24.050 23.961 23.735 23.340 22.838 22.409 22.004 21.549 20.918 20.048 18.927 17.572 16.026 14.338 12.507 10.474 8.161 5.874 3.992 2.573 1.612 1.029 0.695 0.501 0.379 0.297 0.238 0.190 0.159 0.142 0.130 0.116 0.096 0.072 0.055 0.045 0.038 0.032 0.027 0.022 0.018 0.016 0.014 0.013 0.013 0.013 0.013 0.013 0.014 0.016 0.018 0.020 0.020 0.021 0.021 0.021 0.021 0.022 0.024 0.027 0.031 0.038 0.051 0.075 0.127 0.236 0.390 0.480 0.502 0.496
20.464 21.798 22.834 23.586 24.194 24.703 25.038 25.184 25.203 25.087 24.719 24.120 23.642 23.266 22.853 22.289 21.538 20.570 19.319 17.751 15.926 13.911 11.682 9.129 6.515 4.366 2.762 1.688 1.045 0.668 0.434 0.288 0.195 0.135 0.098 0.080 0.072 0.066 0.060 0.049 0.038 0.031 0.026 0.022 0.019 0.016 0.014 0.012 0.011 0.010 0.009 0.009 0.009 0.009 0.010 0.010 0.011 0.013 0.014 0.015 0.015 0.016 0.016 0.017 0.018 0.020 0.022 0.026 0.032 0.041 0.058 0.091 0.159 0.292 0.418 0.472 0.484
19.576 21.053 22.322 23.341 24.163 24.795 25.181 25.352 25.402 25.343 25.000 24.352 23.851 23.526 23.162 22.630 21.931 21.060 19.912 18.381 16.496 14.360 12.004 9.332 6.602 4.370 2.721 1.629 0.974 0.582 0.343 0.199 0.118 0.075 0.053 0.044 0.039 0.036 0.033 0.028 0.023 0.019 0.016 0.014 0.012 0.011 0.009 0.008 0.007 0.007 0.006 0.006 0.006 0.006 0.006 0.007 0.008 0.009 0.010 0.010 0.011 0.012 0.012 0.013 0.014 0.016 0.019 0.023 0.028 0.036 0.049 0.072 0.115 0.200 0.322 0.411 0.452
18.334 19.963 21.430 22.691 23.703 24.405 24.775 24.913 24.943 24.865 24.534 23.917 23.393 23.042 22.659 22.118 21.440 20.627 19.559 18.098 16.232 14.062 11.644 8.910 6.192 3.993 2.389 1.351 0.750 0.408 0.214 0.113 0.066 0.043 0.031 0.026 0.024 0.022 0.020 0.017 0.015 0.013 0.011 0.010 0.008 0.007 0.006 0.005 0.005 0.004 0.004 0.004 0.004 0.004 0.004 0.004 0.005 0.006 0.006 0.007 0.007 0.008 0.009 0.010 0.011 0.013 0.016 0.020 0.025 0.032 0.042 0.060 0.090 0.143 0.229 0.326 0.394
16.963 18.672 20.211 21.545 22.605 23.332 23.711 23.813 23.746 23.500 23.159 22.736 22.255 21.707 21.102 20.476 19.815 19.082 18.120 16.747 14.918 12.720 10.247 7.557 5.050 3.066 1.663 0.811 0.385 0.190 0.100 0.057 0.036 0.026 0.020 0.017 0.016 0.014 0.013 0.011 0.010 0.009 0.008 0.006 0.005 0.005 0.004 0.003 0.003 0.002 0.002 0.002 0.002 0.002 0.002 0.002 0.003 0.003 0.004 0.004 0.005 0.005 0.006 0.007 0.009 0.011 0.013 0.017 0.022 0.028 0.038 0.052 0.074 0.111 0.168 0.245 0.318
15.399 17.066 18.569 19.880 20.950 21.743 22.210 22.338 22.200 21.813 21.556 21.378 20.981 20.183 19.292 18.545 17.810 17.005 15.965 14.502 12.566 10.239 7.696 5.239 3.193 1.712 0.792 0.328 0.144 0.075 0.045 0.030 0.022 0.017 0.014 0.012 0.011 0.010 0.009 0.008 0.007 0.006 0.005 0.004 0.003 0.003 0.002 0.002 0.001 0.001 0.001 0.001 0.001 0.001 0.001 0.001 0.001 0.002 0.002 0.002 0.003 0.003 0.004 0.005 0.007 0.008 0.011 0.015 0.019 0.025 0.034 0.047 0.065 0.093 0.134 0.190 0.254
13.498 15.029 16.497 17.874 19.109 20.156 20.876 21.135 21.028 20.655 20.430 20.262 19.811 18.873 17.878 17.053 16.191 15.110 13.661 11.767 9.382 6.744 4.363 2.608 1.432 0.696 0.290 0.113 0.055 0.034 0.024 0.018 0.015 0.012 0.010 0.009 0.008 0.007 0.006 0.005 0.004 0.004 0.003 0.002 0.002 0.001 0.001 0.001 0.000 0.000 0.000 0.000 0.000 0.000 0.000 0.000 0.000 0.001 0.001 0.001 0.001 0.002 0.003 0.004 0.005 0.007 0.009 0.013 0.017 0.023 0.032 0.044 0.061 0.085 0.117 0.161 0.213
11.355 12.767 14.240 15.763 17.256 18.574 19.524 19.927 19.892 19.587 19.253 18.877 18.241 17.274 16.296 15.402 14.382 12.969 10.985 8.369 5.574 3.261 1.758 0.904 0.448 0.209 0.090 0.042 0.026 0.019 0.015 0.012 0.010 0.009 0.007 0.006 0.005 0.005 0.004 0.003 0.003 0.002 0.002 0.001 0.001 0.000 0.000 0.000 0.000 0.000 0.000 0.000 0.000 0.000 0.000 0.000 0.000 0.000 0.000 0.000 0.001 0.001 0.002 0.002 0.004 0.005 0.008 0.011 0.016 0.022 0.030 0.042 0.059 0.082 0.110 0.145 0.187
9.414 10.715 12.079 13.571 15.128 16.525 17.582 18.106 18.161 17.875 17.265 16.454 15.552 14.622 13.694 12.687 11.401 9.542 6.943 4.258 2.260 1.051 0.452 0.210 0.109 0.058 0.032 0.021 0.015 0.012 0.010 0.009 0.007 0.006 0.005 0.004 0.003 0.003 0.002 0.002 0.001 0.001 0.001 0.000 0.000 0.000 0.000 0.000 0.000 0.000 0.000 0.000 0.000 0.000 0.000 0.000 0.000 0.000 0.000 0.000 0.000 0.000 0.001 0.002 0.003 0.004 0.007 0.010 0.015 0.021 0.030 0.042 0.059 0.082 0.108 0.137 0.170
7.587 8.705 9.818 10.977 12.156 13.265 14.225 14.784 14.898 14.638 13.868 12.698 11.483 10.403 9.305 8.075 6.539 4.617 2.670 1.292 0.531 0.202 0.090 0.052 0.034 0.023 0.017 0.013 0.010 0.009 0.007 0.006 0.005 0.004 0.003 0.003 0.002 0.001 0.001 0.001 0.000 0.000 0.000 0.000 0.000 0.000 0.000 0.000 0.000 0.000 0.000 0.000 0.000 0.000 0.000 0.000 0.000 0.000 0.000 0.000 0.000 0.000 0.000 0.001 0.002 0.003 0.006 0.009 0.014 0.020 0.029 0.042 0.060 0.082 0.107 0.134 0.162
5.630 6.366 6.906 7.337 7.751 8.254 8.899 9.388 9.548 9.406 8.764 7.587 6.199 5.057 4.111 3.231 2.281 1.289 0.576 0.217 0.085 0.044 0.029 0.021 0.017 0.013 0.011 0.009 0.007 0.006 0.005 0.004 0.003 0.003 0.002 0.001 0.001 0.001 0.000 0.000 0.000 0.000 0.000 0.000 0.000 0.000 0.000 0.000 0.000 0.000 0.000 0.000 0.000 0.000 0.000 0.000 0.000 0.000 0.000 0.000 0.000 0.000 0.000 0.000 0.001 0.002 0.005 0.008 0.012 0.019 0.029 0.042 0.059 0.081 0.106 0.133 0.161
3.150 3.334 3.390 3.380 3.378 3.460 3.696 3.938 4.031 3.989 3.699 3.088 2.247 1.565 1.104 0.767 0.457 0.213 0.088 0.042 0.026 0.019 0.016 0.013 0.011 0.009 0.008 0.006 0.005 0.004 0.003 0.003 0.002 0.001 0.001 0.000 0.000 0.000 0.000 0.000 0.000 0.000 0.000 0.000 0.000 0.000 0.000 0.000 0.000 0.000 0.000 0.000 0.000 0.000 0.000 0.000 0.000 0.000 0.000 0.000 0.000 0.000 0.000 0.000 0.001 0.002 0.004 0.007 0.011 0.018 0.027 0.040 0.057 0.079 0.104 0.132 0.162
1.243 1.197 1.147 1.080 1.017 0.991 1.021 1.076 1.093 1.075 0.982 0.779 0.495 0.302 0.202 0.135 0.080 0.043 0.026 0.018 0.015 0.012 0.010 0.009 0.008 0.006 0.005 0.004 0.003 0.003 0.002 0.001 0.001 0.000 0.000 0.000 0.000 0.000 0.000 0.000 0.000 0.000 0.000 0.000 0.000 0.000 0.000 0.000 0.000 0.000 0.000 0.000 0.000 0.000 0.000 0.000 0.000 0.000 0.000 0.000 0.000 0.000 0.000 0.000 0.000 0.001 0.003 0.005 0.010 0.016 0.025 0.037 0.053 0.075 0.102 0.135 0.173
0.356 0.315 0.294 0.276 0.257 0.243 0.238 0.238 0.233 0.223 0.200 0.156 0.098 0.064 0.047 0.035 0.025 0.018 0.014 0.012 0.010 0.008 0.007 0.006 0.005 0.004 0.003 0.003 0.002 0.001 0.001 0.000 0.000 0.000 0.000 0.000 0.000 0.000 0.000 0.000 0.000 0.000 0.000 0.000 0.000 0.000 0.000 0.000 0.000 0.000 0.000 0.000 0.000 0.000 0.000 0.000 0.000 0.000 0.000 0.000 0.000 0.000 0.000 0.000 0.000 0.001 0.002 0.004 0.008 0.013 0.021 0.032 0.047 0.069 0.099 0.143 0.199
0.098 0.089 0.085 0.082 0.078 0.072 0.068 0.065 0.061 0.057 0.052 0.042 0.031 0.024 0.020 0.017 0.014 0.011 0.010 0.008 0.007 0.006 0.005 0.004 0.003 0.003 0.002 0.001 0.001 0.000 0.000 0.000 0.000 0.000 0.000 0.000 0.000 0.000 0.000 0.000 0.000 0.000 0.000 0.000 0.000 0.000 0.000 0.000 0.000 0.000 0.000 0.000 0.000 0.000 0.000 0.000 0.000 0.000 0.000 0.000 0.000 0.000 0.000 0.000 0.000 0.000 0.001 0.003 0.005 0.010 0.016 0.025 0.039 0.061 0.095 0.145 0.215
0.036 0.034 0.034 0.033 0.032 0.030 0.028 0.027 0.025 0.024 0.022 0.020 0.017 0.014 0.012 0.011 0.009 0.008 0.007 0.005 0.005 0.004 0.003 0.002 0.002 0.001 0.001 0.000 0.000 0.000 0.000 0.000 0.000 0.000 0.000 0.000 0.000 0.000 0.000 0.000 0.000 0.000 0.000 0.000 0.000 0.000 0.000 0.000 0.000 0.000 0.000 0.000 0.000 0.000 0.000 0.000 0.000 0.000 0.000 0.000 0.000 0.000 0.000 0.000 0.000 0.000 0.001 0.002 0.004 0.007 0.011 0.018 0.030 0.048 0.080 0.132 0.208
0.019 0.018 0.018 0.018 0.018 0.017 0.016 0.015 0.014 0.013 0.013 0.012 0.011 0.010 0.008 0.007 0.006 0.005 0.004 0.003 0.003 0.002 0.002 0.001 0.001 0.000 0.000 0.000 0.000 0.000 0.000 0.000 0.000 0.000 0.000 0.000 0.000 0.000 0.000 0.000 0.000 0.000 0.000 0.000 0.000 0.000 0.000 0.000 0.000 0.000 0.000 0.000 0.000 0.000 0.000 0.000 0.000 0.000 0.000 0.000 0.000 0.000 0.000 0.000 0.000 0.000 0.000 0.001 0.002 0.004 0.008 0.012 0.020 0.032 0.055 0.097 0.166
0.012 0.012 0.011 0.011 0.011 0.010 0.010 0.009 0.009 0.009 0.008 0.008 0.007 0.007 0.006 0.005 0.004 0.003 0.003 0.002 0.001 0.001 0.001 0.000 0.000 0.000 0.000 0.000 0.000 0.000 0.000 0.000 0.000 0.000 0.000 0.000 0.000 0.000 0.000 0.000 0.000 0.000 0.000 0.000 0.000 0.000 0.000 0.000 0.000 0.000 0.000 0.000 0.000 0.000 0.000 0.000 0.000 0.000 0.000 0.000 0.000 0.000 0.000 0.000 0.000 0.000 0.000 0.000 0.001 0.003 0.005 0.008 0.013 0.020 0.032 0.054 0.094
0.008 0.007 0.007 0.007 0.007 0.007 0.006 0.006 0.006 0.005 0.005 0.005 0.005 0.004 0.004 0.003 0.002 0.002 0.001 0.001 0.001 0.000 0.000 0.000 0.000 0.000 0.000 0.000 0.000 0.000 0.000 0.000 0.000 0.000 0.000 0.000 0.000 0.000 0.000 0.000 0.000 0.000 0.000 0.000 0.000 0.000 0.000 0.000 0.000 0.000 0.000 0.000 0.000 0.000 0.000 0.000 0.000 0.000 0.000 0.000 0.000 0.000 0.000 0.000 0.000 0.000 0.000 0.000 0.001 0.001 0.003 0.005 0.008 0.012 0.019 0.029 0.046
0.005 0.005 0.005 0.004 0.004 0.004 0.004 0.004 0.003 0.003 0.003 0.003 0.003 0.002 0.002 0.001 0.001 0.001 0.000 0.000 0.000 0.000 0.000 0.000 0.000 0.000 0.000 0.000 0.000 0.000 0.000 0.000 0.000 0.000 0.000 0.000 0.000 0.000 0.000 0.000 0.000 0.000 0.000 0.000 0.000 0.000 0.000 0.000 0.000 0.000 0.000 0.000 0.000 0.000 0.000 0.000 0.000 0.000 0.000 0.000 0.000 0.000 0.000 0.000 0.000 0.000 0.000 0.000 0.000 0.001 0.002 0.003 0.005 0.008 0.012 0.017 0.025
0.003 0.003 0.003 0.002 0.002 0.002 0.002 0.002 0.002 0.002 0.001 0.001 0.001 0.001 0.001 0.001 0.000 0.000 0.000 0.000 0.000 0.000 0.000 0.000 0.000 0.000 0.000 0.000 0.000 0.000 0.000 0.000 0.000 0.000 0.000 0.000 0.000 0.000 0.000 0.000 0.000 0.000 0.000 0.000 0.000 0.000 0.000 0.000 0.000 0.000 0.000 0.000 0.000 0.000 0.000 0.000 0.000 0.000 0.000 0.000 0.000 0.000 0.000 0.000 0.000 0.000 0.000 0.000 0.000 0.000 0.001 0.002 0.003 0.005 0.007 0.011 0.015
0.001 0.001 0.001 0.001 0.001 0.001 0.001 0.001 0.001 0.001 0.000 0.000 0.000 0.000 0.000 0.000 0.000 0.000 0.000 0.000 0.000 0.000 0.000 0.000 0.000 0.000 0.000 0.000 0.000 0.000 0.000 0.000 0.000 0.000 0.000 0.000 0.000 0.000 0.000 0.000 0.000 0.000 0.000 0.000 0.000 0.000 0.000 0.000 0.000 0.000 0.000 0.000 0.000 0.000 0.000 0.000 0.000 0.000 0.000 0.000 0.000 0.000 0.000 0.000 0.000 0.000 0.000 0.000 0.000 0.000 0.000 0.001 0.002 0.003 0.005 0.007 0.009
0.000 0.000 0.000 0.000 0.000 0.000 0.000 0.000 0.000 0.000 0.000 0.000 0.000 0.000 0.000 0.000 0.000 0.000 0.000 0.000 0.000 0.000 0.000 0.000 0.000 0.000 0.000 0.000 0.000 0.000 0.000 0.000 0.000 0.000 0.000 0.000 0.000 0.000 0.000 0.000 0.000 0.000 0.000 0.000 0.000 0.000 0.000 0.000 0.000 0.000 0.000 0.000 0.000 0.000 0.000 0.000 0.000 0.000 0.000 0.000 0.000 0.000 0.000 0.000 0.000 0.000 0.000 0.000 0.000 0.000 0.000 0.000 0.001 0.001 0.003 0.004 0.006
0.000 0.000 0.000 0.000 0.000 0.000 0.000 0.000 0.000 0.000 0.000 0.000 0.000 0.000 0.000 0.000 0.000 0.000 0.000 0.000 0.000 0.000 0.000 0.000 0.000 0.000 0.000 0.000 0.000 0.000 0.000 0.000 0.000 0.000 0.000 0.000 0.000 0.000 0.000 0.000 0.000 0.000 0.000 0.000 0.000 0.000 0.000 0.000 0.000 0.000 0.000 0.000 0.000 0.000 0.000 0.000 0.000 0.000 0.000 0.000 0.000 0.000 0.000 0.000 0.000 0.000 0.000 0.000 0.000 0.000 0.000 0.000 0.000 0.001 0.001 0.002 0.003
0.000 0.000 0.000 0.000 0.000 0.000 0.000 0.000 0.000 0.000 0.000 0.000 0.000 0.000 0.000 0.000 0.000 0.000 0.000 0.000 0.000 0.000 0.000 0.000 0.000 0.000 0.000 0.000 0.000 0.000 0.000 0.000 0.000 0.000 0.000 0.000 0.000 0.000 0.000 0.000 0.000 0.000 0.000 0.000 0.000 0.000 0.000 0.000 0.000 0.000 0.000 0.000 0.000 0.000 0.000 0.000 0.000 0.000 0.000 0.000 0.000 0.000 0.000 0.000 0.000 0.000 0.000 0.000 0.000 0.000 0.000 0.000 0.000 0.000 0.000 0.001 0.002
0.000 0.000 0.000 0.000 0.000 0.000 0.000 0.000 0.000 0.000 0.000 0.000 0.000 0.000 0.000 0.000 0.000 0.000 0.000 0.000 0.000 0.000 0.000 0.000 0.000 0.000 0.000 0.000 0.000 0.000 0.000 0.000 0.000 0.000 0.000 0.000 0.000 0.000 0.000 0.000 0.000 0.000 0.000 0.000 0.000 0.000 0.000 0.000 0.000 0.000 0.000 0.000 0.000 0.000 0.000 0.000 0.000 0.000 0.000 0.000 0.000 0.000 0.000 0.000 0.000 0.000 0.000 0.000 0.000 0.000 0.000 0.000 0.000 0.000 0.000 0.000 0.001
0.000 0.000 0.000 0.000 0.000 0.000 0.000 0.000 0.000 0.000 0.000 0.000 0.000 0.000 0.000 0.000 0.000 0.000 0.000 0.000 0.000 0.000 0.000 0.000 0.000 0.000 0.000 0.000 0.000 0.000 0.000 0.000 0.000 0.000 0.000 0.000 0.000 0.000 0.000 0.000 0.000 0.000 0.000 0.000 0.000 0.000 0.000 0.000 0.000 0.000 0.000 0.000 0.000 0.000 0.000 0.000 0.000 0.000 0.000 0.000 0.000 0.000 0.000 0.000 0.000 0.000 0.000 0.000 0.000 0.000 0.000 0.000 0.000 0.000 0.000 0.000 0.000
0.000 0.000 0.000 0.000 0.000 0.000 0.000 0.000 0.000 0.000 0.000 0.000 0.000 0.000 0.000 0.000 0.000 0.000 0.000 0.000 0.000 0.000 0.000 0.000 0.000 0.000 0.000 0.000 0.000 0.000 0.000 0.000 0.000 0.000 0.000 0.000 0.000 0.000 0.000 0.000 0.000 0.000 0.000 0.000 0.000 0.000 0.000 0.000 0.000 0.000 0.000 0.000 0.000 0.000 0.000 0.000 0.000 0.000 0.000 0.000 0.000 0.000 0.000 0.000 0.000 0.000 0.000 0.000 0.000 0.000 0.000 0.000 0.000 0.000 0.000 0.000 0.000
0.000 0.000 0.000 0.000 0.000 0.000 0.000 0.000 0.000 0.000 0.000 0.000 0.000 0.000 0.000 0.000 0.000 0.000 0.000 0.000 0.000 0.000 0.000 0.000 0.000 0.000 0.000 0.000 0.000 0.000 0.000 0.000 0.000 0.000 0.000 0.000 0.000 0.000 0.000 0.000 0.000 0.000 0.000 0.000 0.000 0.000 0.000 0.000 0.000 0.000 0.000 0.000 0.000 0.000 0.000 0.000 0.000 0.000 0.000 0.000 0.000 0.000 0.000 0.000 0.000 0.000 0.000 0.000 0.000 0.000 0.000 0.000 0.000 0.000 0.000 0.000 0.000
