RESULTS/r.avaflow_results/33_results/33_ascii/33_hflow0048.asc
ncols 506
nrows 317
xllcenter 498237.50
yllcenter 5580050.00
cellsize 12.50
NODATA_value -9999.000
[rows 170 to 203 of 317, columns 154 to 230 of 506]
9.222 9.066 8.906 8.736 8.531 8.302 8.100 7.936 7.787 7.638 7.495 7.359 7.201 6.945 6.512 5.879 5.093 4.260 3.450 2.681 1.970 1.353 0.878 0.570 0.400 0.313 0.275 0.264 0.266 0.282 0.321 0.379 0.425 0.454 0.474 0.494 0.522 0.570 0.597 0.603 0.596 0.581 0.577 0.575 0.568 0.547 0.501 0.432 0.349 0.270 0.203 0.155 0.123 0.103 0.091 0.084 0.082 0.083 0.087 0.091 0.094 0.095 0.095 0.094 0.094 0.094 0.098 0.113 0.153 0.241 0.342 0.389 0.393 0.358 0.262 0.162 0.108
12.472 12.658 12.744 12.747 12.687 12.545 12.324 12.064 11.802 11.531 11.262 11.010 10.758 10.456 9.996 9.290 8.333 7.196 5.996 4.807 3.673 2.651 1.803 1.184 0.795 0.576 0.460 0.407 0.393 0.406 0.441 0.490 0.522 0.534 0.538 0.541 0.553 0.582 0.598 0.597 0.580 0.553 0.535 0.520 0.498 0.455 0.376 0.273 0.184 0.127 0.096 0.077 0.066 0.059 0.057 0.057 0.059 0.063 0.068 0.071 0.071 0.071 0.069 0.067 0.066 0.067 0.070 0.082 0.112 0.177 0.280 0.357 0.386 0.385 0.349 0.263 0.176
16.020 16.554 16.766 16.751 16.616 16.346 15.989 15.618 15.262 14.904 14.553 14.234 13.932 13.612 13.180 12.512 11.563 10.372 9.018 7.573 6.102 4.669 3.385 2.340 1.585 1.093 0.791 0.621 0.537 0.506 0.504 0.521 0.536 0.540 0.534 0.527 0.530 0.541 0.543 0.527 0.484 0.431 0.388 0.350 0.308 0.251 0.179 0.118 0.081 0.060 0.049 0.043 0.039 0.038 0.038 0.040 0.044 0.049 0.054 0.055 0.055 0.054 0.052 0.050 0.050 0.050 0.053 0.061 0.082 0.124 0.206 0.308 0.373 0.397 0.397 0.365 0.286
18.749 19.611 19.968 19.967 19.808 19.506 19.138 18.773 18.414 18.039 17.646 17.286 16.959 16.626 16.204 15.545 14.587 13.380 12.032 10.591 9.043 7.381 5.694 4.163 2.929 2.013 1.381 0.977 0.736 0.600 0.532 0.509 0.504 0.495 0.477 0.454 0.439 0.426 0.406 0.362 0.291 0.228 0.187 0.158 0.132 0.104 0.074 0.053 0.040 0.033 0.029 0.027 0.026 0.026 0.027 0.029 0.033 0.038 0.042 0.043 0.043 0.042 0.040 0.039 0.039 0.040 0.042 0.048 0.060 0.085 0.135 0.227 0.335 0.394 0.410 0.406 0.370
20.285 21.380 21.975 22.161 22.149 22.004 21.808 21.589 21.333 21.006 20.605 20.196 19.834 19.469 19.033 18.381 17.442 16.246 14.886 13.433 11.895 10.231 8.394 6.457 4.690 3.256 2.178 1.434 0.961 0.680 0.531 0.457 0.414 0.380 0.341 0.302 0.273 0.248 0.222 0.185 0.136 0.103 0.083 0.070 0.058 0.046 0.036 0.028 0.024 0.021 0.020 0.019 0.019 0.019 0.020 0.022 0.025 0.029 0.032 0.033 0.033 0.033 0.032 0.032 0.032 0.033 0.035 0.039 0.047 0.061 0.089 0.145 0.254 0.362 0.406 0.411 0.398
20.667 21.869 22.700 23.201 23.497 23.666 23.757 23.748 23.648 23.421 23.033 22.538 22.116 21.722 21.284 20.678 19.836 18.745 17.421 15.908 14.252 12.454 10.460 8.197 5.967 4.118 2.700 1.711 1.084 0.712 0.500 0.372 0.290 0.231 0.185 0.155 0.139 0.127 0.112 0.091 0.067 0.052 0.042 0.036 0.030 0.025 0.021 0.018 0.016 0.015 0.014 0.014 0.014 0.014 0.015 0.017 0.019 0.022 0.024 0.026 0.026 0.026 0.027 0.027 0.028 0.029 0.031 0.034 0.039 0.047 0.064 0.098 0.169 0.286 0.371 0.397 0.396
20.397 21.662 22.642 23.354 23.928 24.410 24.729 24.862 24.868 24.748 24.387 23.799 23.323 22.954 22.555 22.012 21.285 20.343 19.124 17.595 15.809 13.830 11.638 9.131 6.584 4.481 2.887 1.790 1.106 0.696 0.446 0.291 0.196 0.135 0.098 0.080 0.072 0.066 0.059 0.048 0.037 0.030 0.025 0.021 0.018 0.016 0.014 0.012 0.011 0.011 0.011 0.011 0.011 0.011 0.012 0.012 0.014 0.016 0.018 0.020 0.021 0.022 0.023 0.024 0.025 0.026 0.028 0.031 0.034 0.040 0.051 0.072 0.115 0.197 0.296 0.355 0.376
19.536 20.932 22.135 23.104 23.887 24.495 24.869 25.031 25.068 25.003 24.667 24.034 23.532 23.209 22.857 22.346 21.670 20.823 19.706 18.214 16.370 14.272 11.953 9.326 6.665 4.480 2.843 1.731 1.041 0.620 0.363 0.208 0.122 0.077 0.054 0.044 0.040 0.037 0.033 0.028 0.023 0.019 0.016 0.014 0.012 0.011 0.010 0.009 0.008 0.008 0.008 0.008 0.008 0.008 0.008 0.009 0.010 0.012 0.014 0.015 0.017 0.018 0.019 0.021 0.022 0.024 0.026 0.028 0.031 0.036 0.044 0.058 0.084 0.132 0.207 0.283 0.332
18.293 19.837 21.238 22.449 23.425 24.108 24.470 24.601 24.620 24.540 24.215 23.610 23.087 22.740 22.369 21.848 21.192 20.402 19.361 17.936 16.111 13.978 11.594 8.902 6.251 4.098 2.508 1.454 0.822 0.451 0.236 0.122 0.069 0.044 0.032 0.027 0.024 0.022 0.020 0.017 0.015 0.013 0.011 0.010 0.009 0.007 0.007 0.006 0.006 0.005 0.005 0.005 0.005 0.005 0.006 0.006 0.007 0.009 0.010 0.012 0.013 0.015 0.016 0.018 0.020 0.021 0.023 0.026 0.029 0.033 0.039 0.050 0.067 0.096 0.142 0.203 0.263
16.894 18.528 20.009 21.303 22.339 23.052 23.422 23.518 23.451 23.217 22.874 22.447 21.973 21.444 20.860 20.255 19.613 18.894 17.951 16.609 14.817 12.653 10.208 7.558 5.108 3.163 1.770 0.899 0.440 0.217 0.112 0.062 0.038 0.026 0.020 0.018 0.016 0.014 0.013 0.012 0.010 0.009 0.008 0.007 0.006 0.005 0.004 0.004 0.003 0.003 0.003 0.003 0.003 0.003 0.004 0.004 0.005 0.006 0.007 0.009 0.010 0.012 0.013 0.015 0.017 0.019 0.021 0.023 0.026 0.030 0.036 0.044 0.057 0.077 0.107 0.147 0.196
15.298 16.903 18.357 19.637 20.691 21.472 21.925 22.039 21.901 21.530 21.254 21.063 20.678 19.913 19.040 18.304 17.585 16.807 15.803 14.375 12.475 10.180 7.667 5.246 3.237 1.776 0.853 0.369 0.165 0.084 0.049 0.032 0.022 0.017 0.014 0.012 0.011 0.010 0.009 0.008 0.007 0.006 0.005 0.004 0.004 0.003 0.002 0.002 0.002 0.002 0.002 0.002 0.002 0.002 0.002 0.003 0.003 0.004 0.005 0.006 0.008 0.009 0.011 0.012 0.014 0.017 0.019 0.021 0.024 0.028 0.033 0.041 0.052 0.068 0.090 0.118 0.154
13.384 14.863 16.278 17.616 18.827 19.852 20.557 20.811 20.704 20.347 20.103 19.925 19.487 18.583 17.595 16.772 15.923 14.872 13.466 11.612 9.259 6.667 4.335 2.613 1.453 0.724 0.313 0.127 0.061 0.037 0.025 0.019 0.015 0.012 0.010 0.009 0.008 0.007 0.006 0.005 0.005 0.004 0.003 0.003 0.002 0.002 0.001 0.001 0.001 0.001 0.001 0.001 0.001 0.001 0.001 0.001 0.002 0.002 0.003 0.004 0.005 0.007 0.008 0.010 0.012 0.014 0.017 0.019 0.023 0.026 0.032 0.040 0.050 0.064 0.082 0.104 0.131
11.229 12.581 13.998 15.472 16.938 18.240 19.181 19.585 19.549 19.260 18.929 18.561 17.941 16.988 16.001 15.099 14.089 12.701 10.749 8.165 5.442 3.211 1.751 0.913 0.462 0.221 0.098 0.046 0.028 0.020 0.016 0.013 0.010 0.009 0.007 0.006 0.005 0.005 0.004 0.003 0.003 0.002 0.002 0.001 0.001 0.001 0.000 0.000 0.000 0.000 0.000 0.000 0.000 0.000 0.000 0.000 0.001 0.001 0.002 0.003 0.004 0.005 0.007 0.008 0.010 0.012 0.015 0.018 0.021 0.025 0.031 0.039 0.050 0.064 0.080 0.098 0.118
9.265 10.498 11.805 13.251 14.796 16.192 17.249 17.778 17.834 17.568 16.991 16.205 15.300 14.355 13.404 12.388 11.111 9.270 6.711 4.113 2.208 1.044 0.459 0.219 0.117 0.063 0.035 0.022 0.016 0.013 0.011 0.009 0.007 0.006 0.005 0.004 0.003 0.003 0.002 0.002 0.001 0.001 0.001 0.000 0.000 0.000 0.000 0.000 0.000 0.000 0.000 0.000 0.000 0.000 0.000 0.000 0.000 0.000 0.001 0.002 0.003 0.004 0.005 0.007 0.009 0.011 0.013 0.016 0.020 0.025 0.031 0.039 0.050 0.064 0.079 0.095 0.111
7.428 8.466 9.531 10.663 11.841 12.957 13.909 14.468 14.584 14.344 13.610 12.467 11.222 10.109 9.007 7.800 6.310 4.457 2.581 1.262 0.529 0.208 0.096 0.056 0.037 0.025 0.018 0.014 0.011 0.009 0.007 0.006 0.005 0.004 0.003 0.003 0.002 0.001 0.001 0.001 0.000 0.000 0.000 0.000 0.000 0.000 0.000 0.000 0.000 0.000 0.000 0.000 0.000 0.000 0.000 0.000 0.000 0.000 0.000 0.001 0.002 0.002 0.004 0.005 0.007 0.009 0.012 0.015 0.019 0.024 0.031 0.040 0.051 0.065 0.080 0.094 0.109
5.508 6.155 6.661 7.094 7.522 8.030 8.643 9.087 9.220 9.076 8.452 7.306 5.954 4.858 3.950 3.106 2.203 1.255 0.568 0.220 0.090 0.048 0.031 0.023 0.018 0.014 0.011 0.009 0.008 0.006 0.005 0.004 0.003 0.003 0.002 0.001 0.001 0.001 0.000 0.000 0.000 0.000 0.000 0.000 0.000 0.000 0.000 0.000 0.000 0.000 0.000 0.000 0.000 0.000 0.000 0.000 0.000 0.000 0.000 0.000 0.001 0.002 0.003 0.004 0.006 0.008 0.011 0.014 0.018 0.024 0.031 0.040 0.051 0.065 0.080 0.095 0.109
3.277 3.372 3.382 3.353 3.346 3.417 3.620 3.805 3.863 3.808 3.523 2.936 2.138 1.502 1.067 0.745 0.450 0.215 0.092 0.045 0.028 0.021 0.017 0.014 0.012 0.010 0.008 0.007 0.005 0.004 0.003 0.003 0.002 0.001 0.001 0.000 0.000 0.000 0.000 0.000 0.000 0.000 0.000 0.000 0.000 0.000 0.000 0.000 0.000 0.000 0.000 0.000 0.000 0.000 0.000 0.000 0.000 0.000 0.000 0.000 0.000 0.001 0.002 0.003 0.005 0.007 0.010 0.013 0.017 0.023 0.030 0.039 0.050 0.064 0.079 0.095 0.112
1.485 1.335 1.220 1.120 1.040 1.000 1.015 1.048 1.053 1.031 0.936 0.742 0.477 0.300 0.204 0.138 0.083 0.046 0.028 0.020 0.016 0.013 0.011 0.010 0.008 0.007 0.005 0.004 0.003 0.003 0.002 0.001 0.001 0.000 0.000 0.000 0.000 0.000 0.000 0.000 0.000 0.000 0.000 0.000 0.000 0.000 0.000 0.000 0.000 0.000 0.000 0.000 0.000 0.000 0.000 0.000 0.000 0.000 0.000 0.000 0.000 0.000 0.001 0.002 0.004 0.006 0.008 0.012 0.016 0.021 0.028 0.037 0.047 0.060 0.077 0.097 0.119
0.482 0.386 0.336 0.303 0.274 0.253 0.244 0.239 0.233 0.224 0.200 0.155 0.100 0.067 0.050 0.037 0.027 0.020 0.016 0.013 0.011 0.009 0.008 0.007 0.006 0.004 0.004 0.003 0.002 0.001 0.001 0.000 0.000 0.000 0.000 0.000 0.000 0.000 0.000 0.000 0.000 0.000 0.000 0.000 0.000 0.000 0.000 0.000 0.000 0.000 0.000 0.000 0.000 0.000 0.000 0.000 0.000 0.000 0.000 0.000 0.000 0.000 0.000 0.001 0.003 0.004 0.007 0.010 0.014 0.019 0.025 0.033 0.043 0.056 0.073 0.097 0.126
0.139 0.113 0.100 0.092 0.085 0.077 0.071 0.067 0.064 0.060 0.054 0.045 0.033 0.026 0.022 0.018 0.015 0.013 0.011 0.009 0.008 0.006 0.005 0.004 0.004 0.003 0.002 0.001 0.001 0.000 0.000 0.000 0.000 0.000 0.000 0.000 0.000 0.000 0.000 0.000 0.000 0.000 0.000 0.000 0.000 0.000 0.000 0.000 0.000 0.000 0.000 0.000 0.000 0.000 0.000 0.000 0.000 0.000 0.000 0.000 0.000 0.000 0.000 0.001 0.002 0.003 0.005 0.008 0.012 0.016 0.021 0.028 0.036 0.049 0.067 0.094 0.126
0.048 0.042 0.039 0.037 0.035 0.033 0.030 0.028 0.027 0.025 0.024 0.021 0.018 0.016 0.013 0.012 0.010 0.009 0.007 0.006 0.005 0.004 0.003 0.003 0.002 0.001 0.001 0.001 0.000 0.000 0.000 0.000 0.000 0.000 0.000 0.000 0.000 0.000 0.000 0.000 0.000 0.000 0.000 0.000 0.000 0.000 0.000 0.000 0.000 0.000 0.000 0.000 0.000 0.000 0.000 0.000 0.000 0.000 0.000 0.000 0.000 0.000 0.000 0.000 0.001 0.002 0.004 0.006 0.009 0.012 0.016 0.021 0.028 0.038 0.054 0.079 0.113
0.022 0.021 0.020 0.020 0.019 0.018 0.017 0.016 0.015 0.015 0.014 0.013 0.012 0.011 0.009 0.008 0.007 0.006 0.005 0.004 0.003 0.003 0.002 0.001 0.001 0.001 0.000 0.000 0.000 0.000 0.000 0.000 0.000 0.000 0.000 0.000 0.000 0.000 0.000 0.000 0.000 0.000 0.000 0.000 0.000 0.000 0.000 0.000 0.000 0.000 0.000 0.000 0.000 0.000 0.000 0.000 0.000 0.000 0.000 0.000 0.000 0.000 0.000 0.000 0.000 0.001 0.002 0.004 0.006 0.009 0.012 0.016 0.020 0.026 0.037 0.054 0.082
0.013 0.012 0.012 0.012 0.012 0.012 0.011 0.011 0.010 0.010 0.009 0.009 0.008 0.007 0.006 0.005 0.004 0.004 0.003 0.002 0.002 0.001 0.001 0.000 0.000 0.000 0.000 0.000 0.000 0.000 0.000 0.000 0.000 0.000 0.000 0.000 0.000 0.000 0.000 0.000 0.000 0.000 0.000 0.000 0.000 0.000 0.000 0.000 0.000 0.000 0.000 0.000 0.000 0.000 0.000 0.000 0.000 0.000 0.000 0.000 0.000 0.000 0.000 0.000 0.000 0.001 0.001 0.003 0.004 0.006 0.009 0.011 0.014 0.018 0.024 0.033 0.048
0.008 0.008 0.008 0.008 0.008 0.008 0.007 0.007 0.007 0.006 0.006 0.006 0.005 0.005 0.004 0.003 0.003 0.002 0.001 0.001 0.001 0.000 0.000 0.000 0.000 0.000 0.000 0.000 0.000 0.000 0.000 0.000 0.000 0.000 0.000 0.000 0.000 0.000 0.000 0.000 0.000 0.000 0.000 0.000 0.000 0.000 0.000 0.000 0.000 0.000 0.000 0.000 0.000 0.000 0.000 0.000 0.000 0.000 0.000 0.000 0.000 0.000 0.000 0.000 0.000 0.000 0.001 0.002 0.003 0.004 0.006 0.008 0.010 0.013 0.016 0.021 0.029
0.005 0.005 0.005 0.005 0.005 0.005 0.005 0.004 0.004 0.004 0.004 0.003 0.003 0.003 0.002 0.002 0.001 0.001 0.001 0.000 0.000 0.000 0.000 0.000 0.000 0.000 0.000 0.000 0.000 0.000 0.000 0.000 0.000 0.000 0.000 0.000 0.000 0.000 0.000 0.000 0.000 0.000 0.000 0.000 0.000 0.000 0.000 0.000 0.000 0.000 0.000 0.000 0.000 0.000 0.000 0.000 0.000 0.000 0.000 0.000 0.000 0.000 0.000 0.000 0.000 0.000 0.000 0.001 0.002 0.003 0.004 0.006 0.007 0.009 0.012 0.015 0.019
0.003 0.003 0.003 0.003 0.003 0.003 0.003 0.003 0.002 0.002 0.002 0.002 0.001 0.001 0.001 0.001 0.000 0.000 0.000 0.000 0.000 0.000 0.000 0.000 0.000 0.000 0.000 0.000 0.000 0.000 0.000 0.000 0.000 0.000 0.000 0.000 0.000 0.000 0.000 0.000 0.000 0.000 0.000 0.000 0.000 0.000 0.000 0.000 0.000 0.000 0.000 0.000 0.000 0.000 0.000 0.000 0.000 0.000 0.000 0.000 0.000 0.000 0.000 0.000 0.000 0.000 0.000 0.000 0.001 0.001 0.002 0.004 0.005 0.006 0.008 0.010 0.013
0.002 0.002 0.001 0.001 0.001 0.001 0.001 0.001 0.001 0.001 0.001 0.001 0.000 0.000 0.000 0.000 0.000 0.000 0.000 0.000 0.000 0.000 0.000 0.000 0.000 0.000 0.000 0.000 0.000 0.000 0.000 0.000 0.000 0.000 0.000 0.000 0.000 0.000 0.000 0.000 0.000 0.000 0.000 0.000 0.000 0.000 0.000 0.000 0.000 0.000 0.000 0.000 0.000 0.000 0.000 0.000 0.000 0.000 0.000 0.000 0.000 0.000 0.000 0.000 0.000 0.000 0.000 0.000 0.000 0.001 0.001 0.002 0.003 0.004 0.006 0.007 0.009
0.000 0.000 0.000 0.000 0.000 0.000 0.000 0.000 0.000 0.000 0.000 0.000 0.000 0.000 0.000 0.000 0.000 0.000 0.000 0.000 0.000 0.000 0.000 0.000 0.000 0.000 0.000 0.000 0.000 0.000 0.000 0.000 0.000 0.000 0.000 0.000 0.000 0.000 0.000 0.000 0.000 0.000 0.000 0.000 0.000 0.000 0.000 0.000 0.000 0.000 0.000 0.000 0.000 0.000 0.000 0.000 0.000 0.000 0.000 0.000 0.000 0.000 0.000 0.000 0.000 0.000 0.000 0.000 0.000 0.000 0.000 0.001 0.002 0.003 0.004 0.005 0.006
0.000 0.000 0.000 0.000 0.000 0.000 0.000 0.000 0.000 0.000 0.000 0.000 0.000 0.000 0.000 0.000 0.000 0.000 0.000 0.000 0.000 0.000 0.000 0.000 0.000 0.000 0.000 0.000 0.000 0.000 0.000 0.000 0.000 0.000 0.000 0.000 0.000 0.000 0.000 0.000 0.000 0.000 0.000 0.000 0.000 0.000 0.000 0.000 0.000 0.000 0.000 0.000 0.000 0.000 0.000 0.000 0.000 0.000 0.000 0.000 0.000 0.000 0.000 0.000 0.000 0.000 0.000 0.000 0.000 0.000 0.000 0.000 0.001 0.001 0.002 0.003 0.004
0.000 0.000 0.000 0.000 0.000 0.000 0.000 0.000 0.000 0.000 0.000 0.000 0.000 0.000 0.000 0.000 0.000 0.000 0.000 0.000 0.000 0.000 0.000 0.000 0.000 0.000 0.000 0.000 0.000 0.000 0.000 0.000 0.000 0.000 0.000 0.000 0.000 0.000 0.000 0.000 0.000 0.000 0.000 0.000 0.000 0.000 0.000 0.000 0.000 0.000 0.000 0.000 0.000 0.000 0.000 0.000 0.000 0.000 0.000 0.000 0.000 0.000 0.000 0.000 0.000 0.000 0.000 0.000 0.000 0.000 0.000 0.000 0.000 0.000 0.001 0.002 0.002
0.000 0.000 0.000 0.000 0.000 0.000 0.000 0.000 0.000 0.000 0.000 0.000 0.000 0.000 0.000 0.000 0.000 0.000 0.000 0.000 0.000 0.000 0.000 0.000 0.000 0.000 0.000 0.000 0.000 0.000 0.000 0.000 0.000 0.000 0.000 0.000 0.000 0.000 0.000 0.000 0.000 0.000 0.000 0.000 0.000 0.000 0.000 0.000 0.000 0.000 0.000 0.000 0.000 0.000 0.000 0.000 0.000 0.000 0.000 0.000 0.000 0.000 0.000 0.000 0.000 0.000 0.000 0.000 0.000 0.000 0.000 0.000 0.000 0.000 0.000 0.001 0.001
0.000 0.000 0.000 0.000 0.000 0.000 0.000 0.000 0.000 0.000 0.000 0.000 0.000 0.000 0.000 0.000 0.000 0.000 0.000 0.000 0.000 0.000 0.000 0.000 0.000 0.000 0.000 0.000 0.000 0.000 0.000 0.000 0.000 0.000 0.000 0.000 0.000 0.000 0.000 0.000 0.000 0.000 0.000 0.000 0.000 0.000 0.000 0.000 0.000 0.000 0.000 0.000 0.000 0.000 0.000 0.000 0.000 0.000 0.000 0.000 0.000 0.000 0.000 0.000 0.000 0.000 0.000 0.000 0.000 0.000 0.000 0.000 0.000 0.000 0.000 0.000 0.000
0.000 0.000 0.000 0.000 0.000 0.000 0.000 0.000 0.000 0.000 0.000 0.000 0.000 0.000 0.000 0.000 0.000 0.000 0.000 0.000 0.000 0.000 0.000 0.000 0.000 0.000 0.000 0.000 0.000 0.000 0.000 0.000 0.000 0.000 0.000 0.000 0.000 0.000 0.000 0.000 0.000 0.000 0.000 0.000 0.000 0.000 0.000 0.000 0.000 0.000 0.000 0.000 0.000 0.000 0.000 0.000 0.000 0.000 0.000 0.000 0.000 0.000 0.000 0.000 0.000 0.000 0.000 0.000 0.000 0.000 0.000 0.000 0.000 0.000 0.000 0.000 0.000
0.000 0.000 0.000 0.000 0.000 0.000 0.000 0.000 0.000 0.000 0.000 0.000 0.000 0.000 0.000 0.000 0.000 0.000 0.000 0.000 0.000 0.000 0.000 0.000 0.000 0.000 0.000 0.000 0.000 0.000 0.000 0.000 0.000 0.000 0.000 0.000 0.000 0.000 0.000 0.000 0.000 0.000 0.000 0.000 0.000 0.000 0.000 0.000 0.000 0.000 0.000 0.000 0.000 0.000 0.000 0.000 0.000 0.000 0.000 0.000 0.000 0.000 0.000 0.000 0.000 0.000 0.000 0.000 0.000 0.000 0.000 0.000 0.000 0.000 0.000 0.000 0.000
