RESULTS/r.avaflow_results/33_results/33_ascii/33_hflow0021.asc
ncols 506
nrows 317
xllcenter 498237.50
yllcenter 5580050.00
cellsize 12.50
NODATA_value -9999.000
[rows 170 to 203 of 317, columns 77 to 153 of 506]
0.000 0.000 0.000 0.000 0.000 0.000 0.000 0.000 0.000 0.000 0.000 0.000 0.000 0.000 0.000 0.000 0.000 0.000 0.001 0.001 0.001 0.002 0.004 0.012 0.033 0.061 0.076 0.083 0.088 0.093 0.098 0.102 0.106 0.109 0.117 0.135 0.172 0.231 0.312 0.377 0.412 0.423 0.424 0.442 0.505 0.587 0.657 0.722 0.815 1.000 1.347 1.978 3.081 4.334 5.081 5.373 5.574 5.937 6.513 7.206 8.077 9.180 10.483 11.925 13.142 13.917 14.328 14.536 14.424 13.999 13.375 12.506 11.583 10.903 10.456 10.125 9.874
0.000 0.000 0.000 0.000 0.000 0.000 0.000 0.000 0.000 0.000 0.000 0.000 0.000 0.000 0.000 0.001 0.001 0.002 0.003 0.004 0.006 0.009 0.018 0.038 0.073 0.101 0.114 0.122 0.128 0.135 0.141 0.147 0.153 0.160 0.174 0.204 0.257 0.334 0.433 0.520 0.578 0.606 0.623 0.664 0.789 1.000 1.234 1.472 1.781 2.236 2.893 3.817 4.837 5.564 5.914 6.091 6.307 6.670 7.205 7.868 8.726 9.793 11.035 12.381 13.488 14.158 14.446 14.489 14.286 13.923 13.477 13.009 12.721 12.654 12.707 12.793 12.946
0.000 0.000 0.000 0.000 0.000 0.000 0.000 0.000 0.000 0.000 0.000 0.000 0.000 0.000 0.001 0.002 0.004 0.006 0.009 0.013 0.019 0.030 0.052 0.090 0.128 0.151 0.163 0.173 0.182 0.191 0.201 0.210 0.220 0.233 0.255 0.298 0.368 0.463 0.579 0.701 0.802 0.878 0.946 1.066 1.338 1.751 2.202 2.677 3.288 4.039 4.798 5.496 6.022 6.324 6.507 6.684 6.940 7.278 7.745 8.374 9.198 10.207 11.355 12.580 13.583 14.157 14.372 14.450 14.395 14.278 14.220 14.298 14.471 14.644 14.850 15.260 16.002
0.000 0.000 0.000 0.000 0.000 0.000 0.000 0.000 0.000 0.000 0.000 0.000 0.000 0.001 0.002 0.005 0.009 0.014 0.021 0.031 0.045 0.070 0.111 0.160 0.193 0.213 0.228 0.242 0.255 0.268 0.281 0.295 0.310 0.330 0.363 0.420 0.507 0.623 0.766 0.933 1.108 1.280 1.458 1.733 2.220 2.863 3.556 4.276 5.042 5.751 6.322 6.717 6.921 7.019 7.106 7.246 7.476 7.770 8.194 8.773 9.525 10.440 11.452 12.508 13.427 13.989 14.325 14.618 14.908 15.233 15.496 15.678 15.828 16.009 16.356 17.120 18.419
0.000 0.000 0.000 0.000 0.000 0.000 0.000 0.000 0.000 0.000 0.000 0.000 0.001 0.002 0.005 0.010 0.016 0.026 0.039 0.058 0.086 0.128 0.186 0.237 0.270 0.295 0.315 0.333 0.351 0.369 0.387 0.405 0.428 0.457 0.503 0.576 0.681 0.824 1.011 1.242 1.516 1.830 2.187 2.678 3.386 4.253 5.112 5.873 6.532 7.053 7.451 7.682 7.770 7.779 7.732 7.751 7.899 8.147 8.510 9.017 9.670 10.456 11.324 12.215 13.105 13.864 14.468 15.042 15.571 15.984 16.229 16.365 16.535 16.861 17.479 18.510 19.988
0.000 0.000 0.000 0.000 0.000 0.000 0.000 0.000 0.000 0.000 0.000 0.000 0.001 0.004 0.010 0.017 0.028 0.043 0.065 0.096 0.140 0.201 0.273 0.330 0.370 0.403 0.430 0.455 0.478 0.501 0.524 0.548 0.577 0.616 0.675 0.766 0.898 1.078 1.324 1.643 2.037 2.521 3.101 3.836 4.759 5.724 6.550 7.213 7.743 8.125 8.382 8.510 8.563 8.523 8.373 8.228 8.240 8.418 8.720 9.131 9.665 10.290 10.991 11.768 12.697 13.740 14.559 15.215 15.752 16.130 16.338 16.478 16.688 17.145 17.978 19.123 20.489
0.000 0.000 0.000 0.000 0.000 0.000 0.000 0.000 0.000 0.000 0.000 0.000 0.002 0.007 0.014 0.026 0.043 0.067 0.100 0.147 0.212 0.296 0.383 0.451 0.504 0.547 0.582 0.613 0.643 0.672 0.701 0.730 0.762 0.811 0.885 0.997 1.162 1.394 1.714 2.137 2.671 3.339 4.164 5.146 6.145 7.022 7.743 8.301 8.728 9.018 9.168 9.229 9.238 9.154 8.952 8.673 8.525 8.600 8.815 9.129 9.528 9.994 10.545 11.252 12.229 13.432 14.325 14.965 15.425 15.711 15.844 15.957 16.184 16.724 17.670 18.872 20.181
0.000 0.000 0.000 0.000 0.000 0.000 0.000 0.000 0.000 0.000 0.000 0.000 0.002 0.008 0.017 0.032 0.057 0.094 0.146 0.217 0.310 0.424 0.531 0.617 0.684 0.736 0.780 0.818 0.853 0.888 0.923 0.956 0.993 1.048 1.135 1.271 1.477 1.778 2.189 2.726 3.410 4.268 5.293 6.369 7.316 8.079 8.695 9.162 9.500 9.720 9.820 9.841 9.797 9.670 9.445 9.105 8.831 8.773 8.849 9.025 9.272 9.593 10.026 10.656 11.585 12.716 13.498 14.014 14.315 14.447 14.456 14.486 14.660 15.211 16.257 17.636 19.088
0.000 0.000 0.000 0.000 0.000 0.000 0.000 0.000 0.000 0.000 0.000 0.000 0.002 0.008 0.018 0.035 0.064 0.112 0.190 0.303 0.446 0.600 0.735 0.842 0.924 0.987 1.037 1.080 1.119 1.156 1.193 1.232 1.275 1.335 1.430 1.584 1.836 2.212 2.724 3.384 4.201 5.191 6.330 7.389 8.253 8.908 9.423 9.822 10.090 10.242 10.308 10.319 10.249 10.089 9.838 9.469 9.106 8.920 8.859 8.860 8.927 9.080 9.362 9.836 10.562 11.440 12.035 12.367 12.468 12.395 12.277 12.254 12.490 13.194 14.408 15.955 17.629
0.000 0.000 0.000 0.000 0.000 0.000 0.000 0.000 0.000 0.000 0.000 0.000 0.002 0.008 0.018 0.035 0.065 0.117 0.211 0.372 0.610 0.843 1.009 1.140 1.238 1.311 1.365 1.408 1.448 1.487 1.525 1.567 1.615 1.675 1.763 1.910 2.171 2.587 3.175 3.947 4.908 6.029 7.174 8.170 8.970 9.537 9.950 10.275 10.486 10.603 10.645 10.638 10.556 10.404 10.147 9.757 9.327 9.038 8.842 8.670 8.577 8.515 8.555 8.761 9.154 9.710 10.080 10.225 10.207 10.108 10.069 10.215 10.730 11.699 13.052 14.605 16.279
0.000 0.000 0.000 0.000 0.000 0.000 0.000 0.000 0.000 0.000 0.000 0.000 0.002 0.006 0.015 0.031 0.060 0.111 0.207 0.386 0.702 1.108 1.374 1.524 1.637 1.717 1.773 1.815 1.854 1.892 1.929 1.966 2.007 2.055 2.125 2.236 2.455 2.874 3.506 4.364 5.464 6.726 7.866 8.793 9.486 9.990 10.310 10.558 10.731 10.825 10.833 10.821 10.749 10.605 10.353 9.961 9.482 9.092 8.784 8.490 8.241 7.994 7.804 7.731 7.779 8.013 8.187 8.245 8.248 8.256 8.350 8.656 9.349 10.452 11.828 13.300 14.858
0.000 0.000 0.000 0.000 0.000 0.000 0.000 0.000 0.000 0.000 0.000 0.000 0.001 0.003 0.008 0.019 0.039 0.080 0.163 0.338 0.680 1.250 1.761 2.003 2.131 2.220 2.277 2.317 2.350 2.383 2.411 2.432 2.449 2.474 2.516 2.580 2.733 3.104 3.730 4.637 5.847 7.235 8.364 9.227 9.831 10.290 10.558 10.710 10.841 10.921 10.914 10.899 10.852 10.710 10.460 10.081 9.587 9.105 8.701 8.317 7.920 7.521 7.126 6.813 6.607 6.592 6.618 6.620 6.647 6.742 6.955 7.388 8.154 9.254 10.547 11.860 13.178
0.000 0.000 0.000 0.000 0.000 0.000 0.000 0.000 0.000 0.000 0.000 0.000 0.000 0.001 0.002 0.006 0.014 0.031 0.075 0.202 0.529 1.184 2.027 2.512 2.719 2.825 2.881 2.917 2.946 2.963 2.971 2.964 2.947 2.946 2.954 2.983 3.065 3.346 3.928 4.824 6.064 7.558 8.711 9.509 10.042 10.447 10.697 10.823 10.905 10.941 10.937 10.921 10.870 10.736 10.498 10.133 9.641 9.085 8.585 8.118 7.607 7.062 6.487 5.981 5.612 5.437 5.350 5.304 5.326 5.439 5.704 6.209 6.997 8.015 9.115 10.187 11.255
0.000 0.000 0.000 0.000 0.000 0.000 0.000 0.000 0.000 0.000 0.000 0.000 0.000 0.000 0.001 0.002 0.005 0.010 0.022 0.075 0.300 0.966 2.113 2.931 3.293 3.489 3.585 3.615 3.624 3.622 3.604 3.570 3.521 3.484 3.475 3.488 3.520 3.681 4.163 4.999 6.185 7.699 8.897 9.668 10.154 10.506 10.724 10.866 10.908 10.909 10.904 10.883 10.827 10.687 10.475 10.132 9.640 9.050 8.473 7.882 7.261 6.576 5.876 5.289 4.855 4.578 4.388 4.270 4.240 4.312 4.537 5.016 5.770 6.678 7.612 8.575 9.573
0.000 0.000 0.000 0.000 0.000 0.000 0.000 0.000 0.000 0.000 0.000 0.000 0.000 0.000 0.001 0.002 0.004 0.006 0.012 0.030 0.146 0.682 1.940 3.155 3.739 4.046 4.245 4.342 4.366 4.357 4.317 4.250 4.178 4.130 4.117 4.118 4.130 4.203 4.528 5.230 6.315 7.751 8.955 9.702 10.177 10.502 10.716 10.876 10.904 10.873 10.818 10.715 10.658 10.571 10.410 10.072 9.610 9.006 8.345 7.617 6.878 6.073 5.337 4.735 4.276 3.932 3.657 3.462 3.359 3.357 3.472 3.775 4.355 5.170 6.105 7.104 8.080
0.000 0.000 0.000 0.000 0.000 0.000 0.000 0.000 0.000 0.000 0.000 0.000 0.000 0.000 0.001 0.002 0.004 0.007 0.012 0.025 0.087 0.450 1.600 3.124 3.993 4.459 4.772 4.986 5.098 5.132 5.111 5.034 4.954 4.912 4.895 4.896 4.911 4.958 5.149 5.658 6.535 7.773 8.945 9.693 10.179 10.508 10.679 10.789 10.797 10.747 10.600 10.352 10.229 10.158 10.093 9.859 9.497 8.920 8.219 7.393 6.526 5.635 4.885 4.269 3.796 3.411 3.078 2.818 2.648 2.568 2.565 2.665 2.977 3.611 4.563 5.633 6.528
0.000 0.000 0.000 0.000 0.000 0.000 0.000 0.000 0.000 0.000 0.000 0.000 0.000 0.001 0.002 0.005 0.008 0.012 0.018 0.032 0.079 0.312 1.208 2.830 4.047 4.704 5.155 5.504 5.748 5.876 5.905 5.878 5.835 5.816 5.817 5.835 5.874 5.944 6.077 6.387 6.984 7.894 8.914 9.661 10.128 10.418 10.567 10.610 10.577 10.468 10.218 9.754 9.449 9.393 9.430 9.360 9.180 8.735 8.050 7.178 6.212 5.274 4.505 3.874 3.380 2.964 2.602 2.306 2.087 1.940 1.845 1.808 1.892 2.227 2.955 3.838 4.326
0.000 0.000 0.000 0.000 0.000 0.000 0.000 0.000 0.000 0.000 0.000 0.000 0.001 0.002 0.005 0.009 0.016 0.024 0.036 0.055 0.101 0.260 0.874 2.285 3.859 4.792 5.369 5.840 6.220 6.482 6.614 6.653 6.659 6.674 6.705 6.747 6.807 6.898 7.037 7.248 7.600 8.166 8.925 9.586 10.012 10.245 10.352 10.322 10.275 10.068 9.722 9.118 8.555 8.382 8.447 8.521 8.516 8.294 7.719 6.876 5.884 4.944 4.179 3.541 3.014 2.568 2.191 1.885 1.640 1.447 1.294 1.167 1.087 1.135 1.412 1.735 1.770
0.000 0.000 0.000 0.000 0.000 0.000 0.000 0.000 0.000 0.000 0.000 0.001 0.002 0.005 0.010 0.020 0.035 0.053 0.077 0.109 0.162 0.293 0.704 1.736 3.383 4.696 5.469 6.087 6.605 6.978 7.206 7.315 7.362 7.395 7.433 7.477 7.542 7.632 7.749 7.921 8.171 8.527 9.007 9.513 9.843 9.980 10.019 9.996 9.909 9.663 9.260 8.635 7.936 7.531 7.417 7.473 7.518 7.463 7.086 6.382 5.475 4.596 3.880 3.248 2.683 2.205 1.821 1.512 1.258 1.047 0.863 0.682 0.528 0.449 0.459 0.485 0.451
0.000 0.000 0.000 0.000 0.000 0.000 0.000 0.000 0.000 0.000 0.000 0.001 0.003 0.009 0.023 0.047 0.079 0.115 0.157 0.208 0.274 0.386 0.675 1.413 2.821 4.399 5.428 6.187 6.829 7.325 7.654 7.833 7.928 7.982 8.021 8.055 8.110 8.174 8.243 8.368 8.531 8.727 9.026 9.377 9.579 9.655 9.636 9.591 9.480 9.248 8.818 8.226 7.533 6.975 6.647 6.500 6.395 6.291 6.062 5.580 4.880 4.118 3.464 2.871 2.324 1.844 1.459 1.154 0.904 0.691 0.501 0.331 0.211 0.150 0.125 0.115 0.104
0.000 0.000 0.000 0.000 0.000 0.000 0.000 0.000 0.000 0.000 0.001 0.002 0.006 0.020 0.054 0.108 0.170 0.232 0.296 0.367 0.448 0.555 0.766 1.315 2.446 4.020 5.248 6.163 6.935 7.549 7.976 8.250 8.381 8.426 8.425 8.439 8.474 8.507 8.548 8.638 8.723 8.821 8.995 9.190 9.307 9.351 9.320 9.204 9.048 8.804 8.407 7.863 7.200 6.584 6.121 5.762 5.440 5.120 4.787 4.386 3.897 3.297 2.690 2.164 1.709 1.305 0.971 0.710 0.505 0.343 0.218 0.125 0.074 0.052 0.044 0.040 0.036
0.000 0.000 0.000 0.000 0.000 0.000 0.000 0.000 0.000 0.000 0.001 0.004 0.014 0.046 0.121 0.230 0.328 0.416 0.504 0.599 0.702 0.817 0.987 1.403 2.313 3.702 4.997 6.037 6.936 7.655 8.194 8.527 8.683 8.740 8.726 8.714 8.714 8.718 8.728 8.763 8.777 8.829 8.894 8.967 9.041 9.035 8.977 8.823 8.635 8.365 7.986 7.483 6.869 6.223 5.662 5.164 4.687 4.211 3.729 3.214 2.692 2.158 1.632 1.193 0.853 0.596 0.407 0.271 0.177 0.113 0.070 0.041 0.028 0.023 0.022 0.021 0.020
0.000 0.000 0.000 0.000 0.000 0.000 0.000 0.000 0.000 0.000 0.002 0.008 0.030 0.100 0.244 0.419 0.550 0.668 0.791 0.923 1.061 1.203 1.368 1.688 2.402 3.547 4.829 5.937 6.896 7.669 8.284 8.699 8.889 8.928 8.920 8.873 8.841 8.814 8.795 8.796 8.783 8.752 8.718 8.727 8.732 8.675 8.589 8.420 8.193 7.911 7.541 7.055 6.474 5.813 5.162 4.581 4.027 3.490 2.943 2.363 1.787 1.269 0.843 0.526 0.314 0.186 0.114 0.071 0.046 0.031 0.023 0.017 0.015 0.014 0.013 0.013 0.013
0.000 0.000 0.000 0.000 0.000 0.000 0.000 0.000 0.000 0.000 0.002 0.011 0.046 0.156 0.371 0.629 0.815 0.983 1.160 1.345 1.533 1.722 1.921 2.200 2.727 3.611 4.776 5.893 6.857 7.657 8.283 8.727 8.952 9.016 9.009 8.937 8.893 8.844 8.806 8.767 8.700 8.569 8.460 8.400 8.360 8.267 8.152 7.952 7.720 7.409 7.020 6.542 5.965 5.305 4.586 3.966 3.385 2.828 2.259 1.659 1.103 0.669 0.374 0.196 0.099 0.051 0.029 0.019 0.014 0.012 0.010 0.009 0.009 0.009 0.009 0.009 0.008
0.000 0.000 0.000 0.000 0.000 0.000 0.000 0.000 0.000 0.000 0.002 0.011 0.049 0.178 0.436 0.777 1.076 1.345 1.609 1.870 2.123 2.370 2.620 2.907 3.318 3.957 4.874 5.928 6.862 7.643 8.256 8.706 8.966 9.038 9.021 8.958 8.888 8.843 8.763 8.678 8.495 8.264 8.100 7.983 7.885 7.740 7.597 7.382 7.138 6.797 6.397 5.918 5.344 4.684 3.941 3.280 2.685 2.108 1.512 0.965 0.550 0.282 0.135 0.063 0.029 0.015 0.009 0.007 0.007 0.006 0.006 0.006 0.006 0.006 0.006 0.005 0.005
0.000 0.000 0.000 0.000 0.000 0.000 0.000 0.000 0.000 0.000 0.002 0.009 0.046 0.174 0.452 0.859 1.300 1.727 2.124 2.493 2.828 3.138 3.440 3.755 4.114 4.593 5.266 6.132 6.986 7.684 8.239 8.654 8.925 9.007 8.995 8.948 8.878 8.786 8.637 8.484 8.206 7.883 7.635 7.419 7.271 7.112 6.911 6.659 6.373 6.028 5.620 5.144 4.584 3.939 3.204 2.499 1.846 1.252 0.758 0.404 0.190 0.084 0.038 0.018 0.008 0.005 0.004 0.003 0.004 0.004 0.004 0.004 0.003 0.003 0.003 0.003 0.003
0.000 0.000 0.000 0.000 0.000 0.000 0.000 0.000 0.000 0.000 0.001 0.006 0.034 0.151 0.436 0.900 1.477 2.103 2.700 3.210 3.654 4.043 4.395 4.727 5.066 5.444 5.910 6.530 7.240 7.850 8.330 8.679 8.893 8.965 8.943 8.878 8.775 8.642 8.444 8.181 7.826 7.404 7.061 6.747 6.488 6.265 6.012 5.717 5.393 5.048 4.644 4.200 3.682 3.079 2.371 1.676 1.078 0.607 0.290 0.118 0.045 0.019 0.009 0.004 0.002 0.002 0.002 0.002 0.002 0.002 0.002 0.002 0.002 0.002 0.001 0.001 0.001
0.000 0.000 0.000 0.000 0.000 0.000 0.000 0.000 0.000 0.000 0.001 0.003 0.019 0.108 0.391 0.918 1.626 2.430 3.288 4.035 4.623 5.098 5.495 5.846 6.170 6.459 6.785 7.201 7.707 8.145 8.482 8.723 8.860 8.939 8.897 8.796 8.618 8.419 8.142 7.783 7.365 6.868 6.384 5.965 5.579 5.253 4.911 4.584 4.242 3.885 3.509 3.123 2.675 2.125 1.494 0.929 0.502 0.226 0.084 0.028 0.010 0.004 0.002 0.001 0.001 0.001 0.001 0.001 0.001 0.001 0.001 0.001 0.001 0.000 0.000 0.000 0.000
0.000 0.000 0.000 0.000 0.000 0.000 0.000 0.000 0.000 0.000 0.000 0.002 0.012 0.077 0.338 0.917 1.754 2.703 3.761 4.833 5.691 6.304 6.754 7.123 7.409 7.621 7.826 8.062 8.338 8.581 8.735 8.886 8.939 8.944 8.843 8.654 8.389 8.080 7.712 7.292 6.802 6.238 5.652 5.152 4.707 4.329 3.948 3.580 3.214 2.836 2.455 2.073 1.659 1.193 0.736 0.388 0.169 0.061 0.020 0.006 0.002 0.001 0.001 0.001 0.000 0.000 0.000 0.000 0.000 0.000 0.000 0.000 0.000 0.000 0.000 0.000 0.000
0.000 0.000 0.000 0.000 0.000 0.000 0.000 0.000 0.000 0.000 0.000 0.002 0.011 0.067 0.318 0.929 1.857 2.907 4.087 5.437 6.656 7.551 8.130 8.526 8.790 8.936 9.021 9.073 9.120 9.157 9.123 9.111 9.013 8.879 8.705 8.442 8.089 7.690 7.236 6.747 6.205 5.617 4.990 4.440 3.962 3.544 3.142 2.760 2.382 2.002 1.616 1.233 0.867 0.530 0.270 0.113 0.040 0.013 0.004 0.001 0.001 0.000 0.000 0.000 0.000 0.000 0.000 0.000 0.000 0.000 0.000 0.000 0.000 0.000 0.000 0.000 0.000
0.000 0.000 0.000 0.000 0.000 0.000 0.000 0.000 0.000 0.000 0.000 0.002 0.011 0.067 0.328 0.968 1.934 3.022 4.272 5.802 7.372 8.580 9.387 9.875 10.118 10.208 10.241 10.170 10.017 9.817 9.576 9.326 9.024 8.722 8.376 8.007 7.613 7.177 6.704 6.186 5.641 5.069 4.428 3.826 3.316 2.878 2.476 2.095 1.722 1.360 1.003 0.667 0.387 0.188 0.075 0.026 0.009 0.003 0.001 0.001 0.000 0.000 0.000 0.000 0.000 0.000 0.000 0.000 0.000 0.000 0.000 0.000 0.000 0.000 0.000 0.000 0.000
0.000 0.000 0.000 0.000 0.000 0.000 0.000 0.000 0.000 0.000 0.001 0.002 0.012 0.077 0.374 1.039 1.984 3.054 4.341 5.962 7.826 9.377 10.434 11.009 11.267 11.309 11.276 11.085 10.763 10.338 9.885 9.458 8.944 8.409 7.821 7.296 6.863 6.447 6.011 5.525 5.031 4.524 3.927 3.284 2.745 2.305 1.919 1.560 1.212 0.881 0.579 0.329 0.155 0.060 0.020 0.006 0.002 0.001 0.000 0.000 0.000 0.000 0.000 0.000 0.000 0.000 0.000 0.000 0.000 0.000 0.000 0.000 0.000 0.000 0.000 0.000 0.000
0.000 0.000 0.000 0.000 0.000 0.001 0.001 0.001 0.001 0.002 0.002 0.004 0.016 0.094 0.420 1.089 1.994 3.049 4.354 6.002 8.008 9.807 11.084 11.808 12.081 12.069 11.971 11.648 11.202 10.676 10.040 9.423 8.712 7.917 7.066 6.346 5.819 5.400 4.992 4.568 4.170 3.795 3.349 2.763 2.211 1.779 1.419 1.102 0.804 0.528 0.302 0.143 0.055 0.017 0.005 0.001 0.001 0.000 0.000 0.000 0.000 0.000 0.000 0.000 0.000 0.000 0.000 0.000 0.000 0.000 0.000 0.000 0.000 0.000 0.000 0.000 0.000
0.001 0.001 0.001 0.002 0.002 0.002 0.002 0.002 0.003 0.003 0.005 0.007 0.019 0.098 0.425 1.084 1.957 2.993 4.302 5.970 8.013 9.948 11.359 12.183 12.517 12.500 12.372 11.962 11.389 10.770 10.000 9.178 8.271 7.270 6.193 5.265 4.556 4.024 3.567 3.166 2.866 2.665 2.461 2.112 1.661 1.258 0.936 0.676 0.452 0.264 0.128 0.051 0.016 0.004 0.001 0.000 0.000 0.000 0.000 0.000 0.000 0.000 0.000 0.000 0.000 0.000 0.000 0.000 0.000 0.000 0.000 0.000 0.000 0.000 0.000 0.000 0.000
