RESULTS/r.avaflow_results/33_results/33_ascii/33_hflow_max0008.asc
ncols 506
nrows 317
xllcenter 498237.50
yllcenter 5580050.00
cellsize 12.50
NODATA_value -9999.000
[rows 170 to 203 of 317, columns 77 to 153 of 506]
0.000 0.000 0.000 0.000 0.000 0.000 0.000 0.000 0.000 0.000 0.000 0.000 0.000 0.000 0.000 0.000 0.000 0.000 0.000 0.000 0.000 0.000 0.000 0.001 0.003 0.007 0.012 0.020 0.026 0.029 0.030 0.030 0.028 0.023 0.017 0.022 0.030 0.042 0.060 0.080 0.094 0.106 0.180 0.353 0.596 0.911 1.234 1.443 1.552 1.669 1.997 2.485 3.355 4.872 6.688 8.694 11.714 15.826 20.323 24.200 27.114 28.777 29.333 28.986 27.762 26.437 25.160 23.848 22.575 21.310 19.815 18.197 16.846 16.273 15.913 15.587 15.282
0.000 0.000 0.000 0.000 0.000 0.000 0.000 0.000 0.000 0.000 0.000 0.000 0.000 0.000 0.000 0.000 0.000 0.000 0.000 0.000 0.000 0.001 0.002 0.004 0.008 0.015 0.025 0.039 0.049 0.055 0.057 0.056 0.053 0.044 0.043 0.057 0.078 0.105 0.143 0.185 0.217 0.245 0.409 0.702 1.085 1.566 2.062 2.428 2.753 3.261 3.838 4.495 5.339 6.415 7.823 10.349 13.415 18.117 22.666 26.593 29.287 30.567 30.685 29.781 28.341 26.913 25.530 24.005 22.513 21.089 19.770 18.994 18.617 18.340 18.134 18.123 18.277
0.000 0.000 0.000 0.000 0.000 0.000 0.000 0.000 0.000 0.000 0.000 0.000 0.000 0.000 0.000 0.000 0.000 0.000 0.000 0.000 0.001 0.002 0.005 0.009 0.017 0.029 0.048 0.072 0.090 0.099 0.102 0.101 0.095 0.079 0.103 0.136 0.180 0.238 0.309 0.392 0.463 0.523 0.813 1.267 1.841 2.540 3.237 3.865 4.654 5.526 6.206 6.680 7.117 7.621 8.460 10.901 13.790 18.742 23.567 27.364 30.005 31.315 31.255 30.154 28.703 27.079 25.539 23.954 22.587 21.688 21.072 20.594 20.156 19.784 19.692 20.109 20.945
0.000 0.000 0.000 0.000 0.000 0.000 0.000 0.000 0.000 0.000 0.000 0.000 0.000 0.000 0.000 0.000 0.000 0.000 0.000 0.001 0.002 0.005 0.010 0.018 0.032 0.054 0.087 0.127 0.156 0.171 0.175 0.174 0.163 0.179 0.230 0.295 0.377 0.478 0.601 0.749 0.891 1.014 1.437 2.109 2.934 3.891 4.817 5.830 6.815 7.619 8.207 8.465 8.569 8.633 8.899 10.591 13.219 18.224 23.326 26.942 29.600 31.120 31.223 30.217 28.766 27.004 25.467 24.210 23.416 22.763 22.146 21.562 21.052 20.762 20.909 21.714 22.935
0.000 0.000 0.000 0.000 0.000 0.000 0.000 0.000 0.000 0.000 0.000 0.000 0.000 0.000 0.000 0.000 0.000 0.000 0.000 0.002 0.004 0.009 0.019 0.034 0.058 0.096 0.152 0.216 0.260 0.282 0.289 0.287 0.305 0.378 0.466 0.575 0.704 0.859 1.036 1.212 1.379 1.551 2.377 3.339 4.447 5.615 6.745 7.772 8.604 9.228 9.653 9.831 9.767 9.487 9.387 10.121 12.296 16.808 22.059 25.893 28.368 30.010 30.649 29.945 28.526 26.913 25.619 24.656 23.880 23.205 22.574 21.976 21.438 21.300 21.727 22.598 23.754
0.000 0.000 0.000 0.000 0.000 0.000 0.000 0.000 0.000 0.000 0.000 0.000 0.000 0.000 0.000 0.000 0.000 0.000 0.001 0.004 0.009 0.017 0.033 0.059 0.100 0.162 0.255 0.355 0.419 0.451 0.461 0.504 0.606 0.712 0.833 0.989 1.154 1.303 1.441 1.565 1.696 2.408 3.636 4.911 6.210 7.423 8.470 9.349 10.063 10.486 10.701 10.766 10.652 10.262 9.884 9.847 11.382 15.368 20.463 24.568 26.940 28.577 29.476 29.249 27.976 26.645 25.584 24.716 23.954 23.236 22.555 21.936 21.435 21.226 21.741 22.594 23.655
0.000 0.000 0.000 0.000 0.000 0.000 0.000 0.000 0.000 0.000 0.000 0.000 0.000 0.000 0.000 0.000 0.000 0.001 0.003 0.007 0.015 0.030 0.056 0.098 0.165 0.266 0.413 0.559 0.651 0.715 0.809 0.949 1.068 1.186 1.317 1.456 1.571 1.663 1.747 1.830 2.097 3.199 4.753 6.307 7.701 8.961 9.943 10.699 11.247 11.510 11.627 11.522 11.325 10.954 10.384 9.776 10.639 14.128 19.105 23.345 25.741 27.146 28.136 28.199 27.213 25.871 24.859 23.969 23.215 22.489 21.748 21.070 20.595 20.505 20.952 21.765 22.740
0.000 0.000 0.000 0.000 0.000 0.000 0.000 0.000 0.000 0.000 0.000 0.000 0.000 0.000 0.000 0.000 0.000 0.002 0.006 0.013 0.026 0.050 0.091 0.157 0.263 0.422 0.644 0.848 0.993 1.177 1.432 1.588 1.684 1.758 1.817 1.868 1.922 1.975 2.033 2.098 2.593 3.953 5.730 7.522 9.025 10.246 11.202 11.879 12.262 12.430 12.501 12.255 11.898 11.505 10.872 10.005 10.240 13.359 18.029 22.056 24.428 25.798 26.712 26.871 25.966 24.356 23.132 22.153 21.325 20.540 19.724 18.956 18.438 18.422 18.991 20.030 21.212
0.000 0.000 0.000 0.000 0.000 0.000 0.000 0.000 0.000 0.000 0.000 0.000 0.000 0.000 0.000 0.000 0.001 0.003 0.009 0.021 0.043 0.080 0.142 0.245 0.405 0.645 0.966 1.239 1.545 1.942 2.219 2.350 2.375 2.328 2.276 2.260 2.271 2.295 2.339 2.407 3.010 4.631 6.691 8.663 10.226 11.406 12.291 12.877 13.174 13.276 13.279 13.025 12.458 11.980 11.348 10.356 10.206 12.866 16.968 20.491 22.580 24.148 24.804 24.879 23.974 22.130 20.682 19.527 18.554 17.641 16.748 15.960 15.596 15.743 16.523 17.835 19.373
0.000 0.000 0.000 0.000 0.000 0.000 0.000 0.000 0.000 0.000 0.000 0.000 0.000 0.000 0.000 0.000 0.001 0.003 0.010 0.028 0.063 0.122 0.215 0.366 0.602 0.951 1.394 1.838 2.435 2.872 3.071 3.107 3.032 2.880 2.729 2.660 2.649 2.657 2.688 2.760 3.345 5.252 7.610 9.727 11.355 12.424 13.150 13.625 13.897 13.941 13.862 13.622 13.094 12.465 11.724 10.721 10.276 12.472 15.936 18.603 20.564 21.803 22.283 22.091 21.137 19.330 17.761 16.499 15.445 14.496 13.679 13.159 13.166 13.655 14.670 16.083 17.805
0.000 0.000 0.000 0.000 0.000 0.000 0.000 0.000 0.000 0.000 0.000 0.000 0.000 0.000 0.000 0.000 0.000 0.003 0.009 0.028 0.075 0.168 0.311 0.526 0.859 1.352 1.934 2.804 3.502 3.837 3.919 3.859 3.686 3.431 3.198 3.079 3.056 3.069 3.103 3.180 3.574 5.795 8.409 10.733 12.448 13.315 13.835 14.154 14.340 14.339 14.223 14.002 13.592 12.903 12.099 11.105 10.299 11.790 14.375 16.595 18.263 19.038 19.246 18.776 17.698 16.081 14.505 13.276 12.383 11.632 11.048 10.864 11.118 11.882 13.052 14.477 16.099
0.000 0.000 0.000 0.000 0.000 0.000 0.000 0.000 0.000 0.000 0.000 0.000 0.000 0.000 0.000 0.000 0.000 0.001 0.006 0.022 0.072 0.195 0.411 0.726 1.186 1.854 2.609 3.688 4.424 4.703 4.732 4.610 4.353 4.029 3.768 3.608 3.550 3.553 3.597 3.694 3.896 6.290 9.094 11.534 13.329 14.041 14.325 14.434 14.550 14.507 14.422 14.229 13.871 13.235 12.364 11.336 10.315 10.917 12.627 14.569 15.789 16.237 16.069 15.234 13.945 12.485 11.163 10.144 9.511 9.018 8.809 8.904 9.370 10.271 11.486 12.842 14.301
0.000 0.000 0.000 0.000 0.000 0.000 0.000 0.000 0.000 0.000 0.000 0.000 0.000 0.000 0.000 0.000 0.000 0.001 0.003 0.013 0.057 0.196 0.485 0.923 1.536 2.404 3.315 4.386 5.223 5.526 5.528 5.385 5.095 4.765 4.518 4.337 4.228 4.197 4.234 4.342 4.586 6.776 9.661 12.042 13.842 14.528 14.650 14.668 14.625 14.556 14.503 14.288 13.900 13.269 12.390 11.322 10.175 9.925 11.035 12.326 13.324 13.483 12.960 11.962 10.597 9.234 8.176 7.379 6.927 6.734 6.818 7.164 7.810 8.738 9.833 11.020 12.242
0.000 0.000 0.000 0.000 0.000 0.000 0.000 0.000 0.000 0.000 0.000 0.000 0.000 0.000 0.000 0.000 0.000 0.001 0.003 0.008 0.038 0.174 0.517 1.071 1.818 2.850 3.979 5.021 5.943 6.340 6.374 6.225 5.982 5.690 5.449 5.293 5.168 5.098 5.100 5.189 5.497 7.200 10.052 12.309 13.975 14.702 14.822 14.745 14.656 14.564 14.367 14.095 13.621 13.027 12.178 11.155 10.003 9.111 9.567 10.275 10.733 10.827 10.279 9.235 7.914 6.721 5.811 5.130 4.777 4.724 4.958 5.507 6.305 7.154 8.065 9.082 10.158
0.000 0.000 0.000 0.000 0.000 0.000 0.000 0.000 0.000 0.000 0.000 0.000 0.000 0.000 0.000 0.000 0.001 0.002 0.007 0.018 0.043 0.138 0.496 1.145 2.011 3.150 4.503 5.616 6.696 7.237 7.337 7.180 7.020 6.827 6.599 6.485 6.409 6.356 6.356 6.427 6.726 7.498 10.268 12.417 13.905 14.643 14.822 14.804 14.633 14.338 14.056 13.483 12.938 12.390 11.652 10.773 9.689 8.649 8.496 8.660 8.699 8.558 8.024 7.064 5.811 4.792 3.992 3.388 3.075 3.041 3.225 3.732 4.534 5.380 6.259 7.259 8.299
0.000 0.000 0.000 0.000 0.000 0.000 0.000 0.000 0.000 0.000 0.000 0.000 0.000 0.000 0.001 0.002 0.004 0.006 0.016 0.041 0.094 0.199 0.433 1.129 2.103 3.321 4.838 6.162 7.414 8.207 8.489 8.402 8.160 8.046 7.942 7.911 7.912 7.965 8.045 8.102 8.227 8.713 10.337 12.336 13.649 14.328 14.650 14.615 14.346 13.914 13.303 12.510 11.753 11.217 10.655 10.000 9.273 8.401 7.769 7.526 7.249 6.859 6.227 5.264 4.148 3.283 2.597 2.085 1.830 1.798 1.897 2.117 2.575 3.343 4.410 5.479 6.353
0.000 0.000 0.000 0.000 0.000 0.000 0.000 0.000 0.000 0.000 0.000 0.000 0.000 0.001 0.002 0.005 0.009 0.015 0.038 0.092 0.198 0.381 0.663 1.047 2.104 3.403 4.998 6.581 8.017 9.114 9.645 9.716 9.479 9.234 9.191 9.219 9.319 9.432 9.512 9.552 9.573 9.736 10.365 12.080 13.198 13.835 14.126 14.075 13.735 13.161 12.287 11.166 10.300 9.767 9.369 9.027 8.570 8.017 7.321 6.784 6.217 5.559 4.749 3.757 2.848 2.153 1.586 1.200 1.100 1.067 1.071 1.115 1.268 1.666 2.430 3.232 3.683
0.000 0.000 0.000 0.000 0.000 0.000 0.000 0.000 0.000 0.000 0.000 0.000 0.001 0.003 0.006 0.012 0.022 0.037 0.085 0.198 0.397 0.692 1.064 1.494 1.990 3.401 5.062 6.804 8.354 9.749 10.585 10.866 10.722 10.564 10.418 10.481 10.583 10.673 10.740 10.756 10.685 10.550 10.467 11.784 12.653 13.210 13.407 13.248 12.911 12.281 11.326 10.077 9.025 8.391 8.084 7.898 7.678 7.320 6.763 6.104 5.353 4.483 3.535 2.582 1.863 1.324 0.921 0.735 0.641 0.584 0.540 0.517 0.539 0.670 1.012 1.340 1.434
0.000 0.000 0.000 0.000 0.000 0.000 0.000 0.000 0.000 0.000 0.000 0.001 0.003 0.007 0.016 0.031 0.054 0.091 0.182 0.404 0.758 1.182 1.596 2.009 2.477 3.279 5.033 6.887 8.537 10.030 11.157 11.758 11.830 11.676 11.619 11.584 11.642 11.663 11.700 11.664 11.500 11.056 10.727 11.416 12.067 12.503 12.558 12.436 12.081 11.518 10.681 9.540 8.275 7.467 7.018 6.758 6.559 6.304 5.826 5.148 4.305 3.365 2.455 1.696 1.134 0.748 0.524 0.413 0.343 0.291 0.238 0.204 0.196 0.220 0.315 0.388 0.389
0.000 0.000 0.000 0.000 0.000 0.000 0.000 0.000 0.000 0.000 0.000 0.002 0.007 0.018 0.039 0.074 0.128 0.206 0.364 0.771 1.360 1.860 2.243 2.604 3.023 3.679 4.874 6.823 8.544 10.149 11.396 12.213 12.588 12.590 12.480 12.495 12.481 12.411 12.424 12.379 12.082 11.573 11.007 10.851 11.558 11.890 11.884 11.725 11.418 10.950 10.217 9.256 7.952 6.964 6.299 5.835 5.409 4.981 4.459 3.724 2.882 2.075 1.428 0.947 0.600 0.375 0.265 0.201 0.161 0.128 0.094 0.073 0.066 0.067 0.081 0.098 0.106
0.000 0.000 0.000 0.000 0.000 0.000 0.000 0.000 0.000 0.000 0.001 0.005 0.015 0.041 0.089 0.164 0.274 0.414 0.671 1.358 2.166 2.693 3.018 3.323 3.733 4.431 5.167 6.601 8.451 10.068 11.476 12.431 12.904 13.107 13.060 12.904 12.819 12.771 12.778 12.702 12.467 11.907 11.119 10.642 11.004 11.318 11.331 11.185 10.911 10.475 9.858 9.059 7.907 6.688 5.823 5.095 4.406 3.727 3.016 2.273 1.587 1.058 0.675 0.419 0.255 0.157 0.107 0.080 0.064 0.052 0.039 0.030 0.027 0.028 0.032 0.038 0.039
0.000 0.000 0.000 0.000 0.000 0.000 0.000 0.000 0.000 0.000 0.002 0.010 0.033 0.085 0.178 0.316 0.517 0.745 1.129 2.157 3.109 3.641 3.955 4.236 4.669 5.369 5.973 6.559 8.199 9.874 11.392 12.483 13.014 13.205 13.212 13.109 12.910 12.821 12.823 12.817 12.581 11.961 11.047 10.405 10.019 10.678 10.763 10.669 10.452 10.081 9.515 8.790 7.825 6.608 5.438 4.445 3.541 2.714 1.974 1.333 0.833 0.489 0.275 0.153 0.088 0.056 0.040 0.031 0.026 0.023 0.019 0.016 0.015 0.015 0.016 0.018 0.018
0.000 0.000 0.000 0.000 0.000 0.000 0.000 0.000 0.000 0.000 0.004 0.018 0.060 0.151 0.304 0.532 0.865 1.224 1.735 3.109 4.201 4.788 5.117 5.428 5.858 6.493 6.985 7.461 7.917 9.582 11.081 12.235 12.845 13.112 13.154 13.046 12.842 12.726 12.723 12.712 12.472 11.766 10.741 9.939 9.433 9.620 10.039 10.111 9.967 9.664 9.135 8.418 7.553 6.442 5.120 3.829 2.766 1.918 1.263 0.780 0.444 0.233 0.115 0.058 0.033 0.023 0.018 0.015 0.013 0.012 0.011 0.010 0.009 0.009 0.009 0.010 0.010
0.000 0.000 0.000 0.000 0.000 0.000 0.000 0.000 0.000 0.001 0.004 0.021 0.074 0.193 0.398 0.713 1.195 1.792 2.503 4.154 5.492 6.244 6.636 6.972 7.348 7.744 8.090 8.394 8.697 8.993 10.558 11.667 12.378 12.758 12.795 12.629 12.485 12.379 12.328 12.245 11.936 11.149 9.997 9.191 8.674 8.258 8.770 9.148 9.249 9.074 8.570 7.865 6.953 5.838 4.442 3.085 2.029 1.286 0.778 0.445 0.238 0.117 0.053 0.025 0.014 0.011 0.009 0.008 0.008 0.007 0.007 0.006 0.006 0.006 0.005 0.005 0.005
0.000 0.000 0.000 0.000 0.000 0.000 0.000 0.000 0.000 0.000 0.004 0.020 0.075 0.205 0.440 0.811 1.390 2.225 3.340 5.241 6.896 7.835 8.291 8.548 8.756 8.919 9.068 9.207 9.350 9.462 9.576 10.825 11.662 12.012 12.058 11.866 11.778 11.763 11.690 11.456 10.966 10.086 8.901 8.036 7.423 6.822 6.975 7.577 7.901 7.917 7.583 6.898 5.940 4.749 3.349 2.161 1.326 0.787 0.446 0.239 0.121 0.056 0.024 0.011 0.007 0.005 0.005 0.004 0.004 0.004 0.004 0.003 0.003 0.003 0.003 0.003 0.003
0.000 0.000 0.000 0.000 0.000 0.000 0.000 0.000 0.000 0.000 0.003 0.017 0.067 0.198 0.443 0.843 1.475 2.455 4.054 6.363 8.195 9.216 9.696 9.905 9.990 9.960 9.875 9.817 9.815 9.804 9.782 9.794 10.652 11.032 11.035 10.919 10.684 10.620 10.555 10.283 9.671 8.711 7.487 6.339 6.108 5.986 5.794 5.491 5.469 5.710 5.688 5.278 4.441 3.290 2.107 1.273 0.740 0.411 0.218 0.110 0.052 0.023 0.010 0.005 0.003 0.002 0.002 0.002 0.002 0.002 0.002 0.002 0.001 0.001 0.001 0.001 0.001
0.000 0.000 0.000 0.000 0.000 0.000 0.000 0.000 0.000 0.000 0.002 0.011 0.049 0.169 0.419 0.838 1.565 3.009 5.105 7.365 9.219 10.367 10.835 10.975 10.960 10.762 10.451 10.236 10.097 9.990 9.903 9.835 9.795 9.793 9.927 9.795 9.659 9.374 8.971 8.456 7.776 6.786 6.510 6.241 5.980 5.739 5.438 5.013 4.485 3.857 3.167 2.829 2.479 1.809 1.098 0.615 0.325 0.163 0.078 0.037 0.016 0.007 0.003 0.002 0.001 0.001 0.001 0.001 0.001 0.001 0.001 0.001 0.000 0.000 0.000 0.000 0.000
0.000 0.000 0.000 0.000 0.000 0.000 0.000 0.000 0.000 0.001 0.005 0.019 0.064 0.187 0.482 1.099 2.225 3.948 6.033 7.951 9.927 11.356 11.854 11.952 11.844 11.487 10.985 10.628 10.319 10.123 9.983 9.822 9.698 9.595 9.413 9.033 8.459 8.000 7.451 7.223 7.000 6.756 6.491 6.219 5.917 5.569 5.168 4.699 4.140 3.483 2.738 1.912 1.080 0.747 0.442 0.223 0.103 0.044 0.019 0.008 0.003 0.002 0.001 0.001 0.000 0.000 0.000 0.000 0.000 0.000 0.000 0.000 0.000 0.000 0.000 0.000 0.000
0.000 0.000 0.000 0.000 0.000 0.000 0.000 0.000 0.000 0.001 0.007 0.029 0.099 0.291 0.745 1.638 3.080 4.819 6.573 8.114 9.897 11.597 12.290 12.491 12.413 12.031 11.468 10.952 10.571 10.224 9.952 9.747 9.542 9.308 9.004 8.598 8.070 7.625 7.339 7.129 6.940 6.724 6.461 6.168 5.842 5.463 5.013 4.497 3.900 3.190 2.362 1.498 0.774 0.328 0.123 0.056 0.023 0.009 0.004 0.002 0.001 0.000 0.000 0.000 0.000 0.000 0.000 0.000 0.000 0.000 0.000 0.000 0.000 0.000 0.000 0.000 0.000
0.000 0.000 0.000 0.000 0.000 0.000 0.000 0.000 0.000 0.001 0.008 0.035 0.128 0.392 1.021 2.241 3.904 5.394 6.772 8.053 9.250 10.786 11.985 12.451 12.542 12.352 11.779 11.109 10.658 10.261 9.903 9.591 9.197 9.005 8.812 8.441 7.921 7.574 7.332 7.106 6.879 6.663 6.422 6.125 5.758 5.348 4.901 4.375 3.746 2.968 2.042 1.153 0.538 0.210 0.069 0.019 0.005 0.002 0.001 0.000 0.000 0.000 0.000 0.000 0.000 0.000 0.000 0.000 0.000 0.000 0.000 0.000 0.000 0.000 0.000 0.000 0.000
0.000 0.000 0.000 0.000 0.000 0.000 0.000 0.000 0.000 0.001 0.008 0.037 0.144 0.468 1.279 2.750 4.494 5.759 6.840 7.828 8.665 10.316 11.044 11.727 12.109 12.017 11.545 10.887 10.340 9.865 9.395 9.137 9.129 8.995 8.682 8.204 7.815 7.579 7.368 7.113 6.843 6.600 6.365 6.085 5.720 5.288 4.809 4.268 3.599 2.739 1.696 0.849 0.355 0.125 0.037 0.010 0.002 0.000 0.000 0.000 0.000 0.000 0.000 0.000 0.000 0.000 0.000 0.000 0.000 0.000 0.000 0.000 0.000 0.000 0.000 0.000 0.000
0.000 0.000 0.000 0.000 0.000 0.000 0.000 0.000 0.000 0.001 0.008 0.038 0.149 0.557 1.508 3.143 4.895 6.064 6.905 7.639 8.206 9.303 10.474 10.860 10.807 10.508 9.901 9.264 8.820 9.003 9.163 9.163 9.133 8.986 8.664 8.161 7.803 7.596 7.394 7.087 6.789 6.552 6.322 6.052 5.685 5.226 4.723 4.110 3.331 2.314 1.265 0.563 0.213 0.068 0.019 0.004 0.001 0.000 0.000 0.000 0.000 0.000 0.000 0.000 0.000 0.000 0.000 0.000 0.000 0.000 0.000 0.000 0.000 0.000 0.000 0.000 0.000
0.000 0.000 0.000 0.000 0.000 0.000 0.000 0.000 0.000 0.001 0.008 0.037 0.158 0.620 1.705 3.443 5.176 6.377 7.079 7.521 7.872 8.193 8.360 8.890 9.067 8.844 8.339 8.374 8.664 8.993 9.132 9.146 9.160 9.015 8.711 8.262 7.918 7.691 7.419 7.010 6.667 6.458 6.244 5.986 5.641 5.184 4.637 3.963 3.060 1.803 0.840 0.337 0.117 0.035 0.009 0.002 0.000 0.000 0.000 0.000 0.000 0.000 0.000 0.000 0.000 0.000 0.000 0.000 0.000 0.000 0.000 0.000 0.000 0.000 0.000 0.000 0.000
0.000 0.000 0.000 0.000 0.000 0.000 0.000 0.000 0.000 0.001 0.006 0.032 0.154 0.652 1.864 3.753 5.451 6.660 7.380 7.656 7.777 7.859 7.874 7.758 7.689 7.652 7.710 8.045 8.591 8.935 9.111 9.196 9.208 9.171 8.970 8.627 8.258 7.911 7.537 7.001 6.603 6.399 6.226 5.943 5.548 5.055 4.430 3.634 2.556 1.337 0.529 0.189 0.060 0.017 0.004 0.001 0.000 0.000 0.000 0.000 0.000 0.000 0.000 0.000 0.000 0.000 0.000 0.000 0.000 0.000 0.000 0.000 0.000 0.000 0.000 0.000 0.000
