RESULTS/r.avaflow_results/33_results/33_ascii/33_hflow0050.asc
ncols 506
nrows 317
xllcenter 498237.50
yllcenter 5580050.00
cellsize 12.50
NODATA_value -9999.000
[rows 170 to 203 of 317, columns 77 to 153 of 506]
0.000 0.000 0.000 0.000 0.000 0.000 0.000 0.000 0.000 0.000 0.000 0.001 0.002 0.004 0.008 0.013 0.018 0.023 0.027 0.030 0.034 0.039 0.051 0.083 0.148 0.215 0.244 0.248 0.245 0.239 0.227 0.210 0.185 0.155 0.134 0.124 0.122 0.126 0.136 0.147 0.153 0.155 0.164 0.208 0.342 0.582 0.876 1.175 1.498 1.914 2.525 3.499 4.827 6.051 6.801 7.173 7.425 7.794 8.337 9.050 9.956 11.009 12.120 13.066 13.682 13.974 14.031 13.959 13.715 13.297 12.763 12.056 11.262 10.592 10.098 9.710 9.401
0.000 0.000 0.000 0.000 0.000 0.000 0.000 0.000 0.000 0.001 0.002 0.004 0.008 0.015 0.025 0.037 0.050 0.062 0.072 0.082 0.091 0.106 0.138 0.197 0.277 0.331 0.345 0.343 0.336 0.324 0.305 0.278 0.239 0.202 0.180 0.173 0.175 0.185 0.206 0.230 0.251 0.278 0.344 0.531 0.903 1.401 1.891 2.370 2.907 3.594 4.483 5.525 6.533 7.231 7.597 7.793 7.977 8.312 8.819 9.507 10.377 11.391 12.485 13.351 13.884 14.103 14.102 13.962 13.681 13.300 12.881 12.457 12.134 11.994 11.989 12.052 12.192
0.000 0.000 0.000 0.000 0.000 0.000 0.000 0.001 0.002 0.004 0.007 0.013 0.023 0.038 0.057 0.079 0.102 0.126 0.150 0.174 0.199 0.235 0.296 0.374 0.438 0.462 0.463 0.457 0.445 0.426 0.398 0.359 0.306 0.263 0.242 0.237 0.243 0.264 0.302 0.354 0.424 0.548 0.806 1.294 2.011 2.742 3.381 4.032 4.789 5.618 6.416 7.111 7.621 7.907 8.044 8.149 8.316 8.609 9.065 9.705 10.537 11.529 12.596 13.407 13.903 14.084 14.060 13.948 13.771 13.587 13.474 13.476 13.596 13.776 14.013 14.431 15.144
0.000 0.000 0.000 0.000 0.000 0.000 0.001 0.002 0.005 0.010 0.017 0.029 0.048 0.073 0.102 0.135 0.172 0.214 0.260 0.308 0.360 0.426 0.510 0.580 0.608 0.610 0.605 0.593 0.575 0.548 0.510 0.456 0.389 0.340 0.318 0.316 0.328 0.365 0.435 0.552 0.761 1.143 1.772 2.673 3.675 4.526 5.254 5.964 6.662 7.305 7.842 8.203 8.375 8.412 8.379 8.389 8.537 8.795 9.218 9.809 10.600 11.560 12.579 13.333 13.789 13.970 14.022 14.070 14.158 14.303 14.457 14.608 14.786 15.020 15.409 16.148 17.368
0.000 0.000 0.000 0.000 0.000 0.000 0.001 0.003 0.008 0.015 0.027 0.045 0.072 0.107 0.151 0.201 0.259 0.326 0.400 0.479 0.565 0.656 0.736 0.777 0.785 0.782 0.773 0.756 0.730 0.694 0.644 0.575 0.491 0.432 0.406 0.404 0.421 0.482 0.617 0.872 1.364 2.202 3.381 4.626 5.697 6.510 7.147 7.693 8.167 8.558 8.844 8.981 8.973 8.823 8.620 8.558 8.667 8.905 9.292 9.843 10.579 11.460 12.385 13.097 13.579 13.876 14.104 14.356 14.620 14.850 15.018 15.164 15.357 15.683 16.278 17.266 18.705
0.000 0.000 0.000 0.000 0.000 0.000 0.001 0.004 0.009 0.018 0.032 0.054 0.086 0.131 0.191 0.266 0.357 0.463 0.577 0.690 0.802 0.898 0.960 0.983 0.986 0.982 0.971 0.950 0.916 0.869 0.804 0.720 0.616 0.535 0.491 0.482 0.499 0.577 0.786 1.248 2.167 3.634 5.312 6.621 7.578 8.270 8.748 9.086 9.353 9.530 9.617 9.592 9.435 9.128 8.813 8.678 8.725 8.933 9.285 9.797 10.454 11.219 12.014 12.717 13.320 13.792 14.153 14.465 14.741 14.959 15.108 15.252 15.458 15.856 16.596 17.701 19.124
0.000 0.000 0.000 0.000 0.000 0.000 0.001 0.004 0.010 0.019 0.034 0.058 0.094 0.146 0.218 0.312 0.436 0.593 0.778 0.938 1.063 1.153 1.202 1.220 1.222 1.219 1.206 1.180 1.138 1.078 0.997 0.893 0.762 0.646 0.573 0.550 0.562 0.641 0.880 1.466 2.706 4.733 6.832 8.252 9.176 9.745 10.054 10.209 10.310 10.330 10.253 10.071 9.772 9.358 8.984 8.774 8.739 8.897 9.214 9.669 10.233 10.871 11.547 12.248 12.986 13.583 13.992 14.288 14.513 14.666 14.759 14.870 15.069 15.523 16.349 17.503 18.899
0.000 0.000 0.000 0.000 0.000 0.000 0.001 0.004 0.009 0.019 0.034 0.059 0.097 0.153 0.232 0.339 0.484 0.678 0.933 1.178 1.339 1.435 1.485 1.504 1.506 1.502 1.485 1.453 1.401 1.326 1.227 1.097 0.932 0.770 0.659 0.614 0.616 0.684 0.916 1.535 2.952 5.401 7.955 9.584 10.513 10.941 11.087 11.125 11.084 10.959 10.731 10.412 10.004 9.539 9.137 8.869 8.761 8.838 9.086 9.463 9.925 10.451 11.028 11.695 12.459 13.031 13.377 13.585 13.693 13.723 13.712 13.736 13.882 14.345 15.252 16.523 18.000
0.000 0.000 0.000 0.000 0.000 0.000 0.001 0.004 0.009 0.017 0.032 0.056 0.096 0.154 0.237 0.350 0.505 0.719 1.013 1.369 1.627 1.760 1.825 1.848 1.851 1.844 1.821 1.777 1.709 1.615 1.492 1.335 1.133 0.915 0.755 0.678 0.665 0.713 0.924 1.531 2.999 5.689 8.727 10.627 11.553 11.851 11.884 11.833 11.658 11.380 11.029 10.631 10.178 9.699 9.280 8.969 8.806 8.801 8.934 9.192 9.527 9.930 10.395 10.969 11.611 12.022 12.222 12.285 12.233 12.101 11.958 11.885 12.010 12.529 13.538 14.956 16.609
0.000 0.000 0.000 0.000 0.000 0.000 0.001 0.003 0.006 0.013 0.026 0.048 0.087 0.148 0.234 0.350 0.509 0.729 1.037 1.466 1.902 2.148 2.239 2.268 2.271 2.258 2.222 2.159 2.069 1.950 1.799 1.610 1.372 1.090 0.869 0.746 0.711 0.738 0.916 1.485 2.943 5.718 9.134 11.352 12.312 12.513 12.483 12.314 12.010 11.598 11.155 10.725 10.284 9.841 9.422 9.077 8.858 8.777 8.797 8.902 9.066 9.290 9.583 9.980 10.390 10.573 10.590 10.489 10.304 10.100 9.956 9.948 10.222 10.899 11.991 13.419 15.105
0.000 0.000 0.000 0.000 0.000 0.000 0.000 0.001 0.003 0.007 0.015 0.032 0.066 0.124 0.211 0.332 0.496 0.721 1.034 1.474 2.050 2.532 2.745 2.781 2.775 2.748 2.693 2.605 2.485 2.336 2.155 1.932 1.653 1.307 1.013 0.829 0.759 0.767 0.899 1.394 2.773 5.572 9.215 11.683 12.782 12.954 12.854 12.564 12.159 11.666 11.189 10.755 10.341 9.944 9.548 9.188 8.922 8.764 8.689 8.666 8.671 8.702 8.765 8.895 9.013 9.000 8.896 8.737 8.568 8.426 8.352 8.428 8.794 9.527 10.599 11.955 13.552
0.000 0.000 0.000 0.000 0.000 0.000 0.000 0.000 0.001 0.003 0.006 0.014 0.033 0.074 0.149 0.264 0.426 0.647 0.956 1.401 2.018 2.740 3.220 3.369 3.365 3.320 3.239 3.121 2.967 2.783 2.568 2.307 1.983 1.582 1.208 0.949 0.827 0.811 0.902 1.298 2.506 5.199 9.009 11.688 12.954 13.178 13.013 12.649 12.182 11.654 11.154 10.720 10.343 9.986 9.630 9.280 8.974 8.747 8.590 8.473 8.361 8.250 8.132 8.032 7.910 7.741 7.549 7.356 7.199 7.095 7.070 7.187 7.554 8.227 9.194 10.418 11.835
0.000 0.000 0.000 0.000 0.000 0.000 0.000 0.000 0.000 0.001 0.002 0.005 0.011 0.028 0.066 0.140 0.261 0.442 0.712 1.131 1.783 2.699 3.511 3.900 3.960 3.926 3.842 3.701 3.514 3.295 3.042 2.742 2.378 1.932 1.479 1.141 0.949 0.896 0.949 1.266 2.258 4.663 8.483 11.432 12.898 13.211 13.044 12.646 12.130 11.576 11.082 10.670 10.304 9.971 9.660 9.346 9.028 8.740 8.507 8.316 8.114 7.897 7.654 7.403 7.115 6.820 6.546 6.307 6.126 6.012 5.985 6.094 6.399 6.930 7.703 8.714 9.904
0.000 0.000 0.000 0.000 0.000 0.000 0.000 0.000 0.000 0.000 0.001 0.001 0.003 0.009 0.022 0.050 0.103 0.193 0.350 0.662 1.295 2.389 3.603 4.291 4.479 4.471 4.410 4.285 4.101 3.862 3.579 3.248 2.852 2.374 1.861 1.448 1.178 1.071 1.087 1.329 2.144 4.175 7.749 10.892 12.537 13.010 12.921 12.551 12.012 11.409 10.930 10.539 10.215 9.920 9.645 9.362 9.060 8.752 8.457 8.185 7.909 7.614 7.294 6.956 6.565 6.181 5.827 5.524 5.289 5.127 5.050 5.091 5.286 5.653 6.224 7.035 8.063
0.000 0.000 0.000 0.000 0.000 0.000 0.000 0.000 0.000 0.000 0.000 0.001 0.001 0.003 0.008 0.019 0.038 0.073 0.143 0.312 0.767 1.839 3.408 4.475 4.883 4.942 4.913 4.826 4.682 4.468 4.181 3.833 3.420 2.929 2.381 1.912 1.574 1.402 1.377 1.537 2.203 3.848 6.920 10.062 11.815 12.458 12.514 12.268 11.764 11.124 10.622 10.259 10.012 9.805 9.582 9.328 9.052 8.770 8.441 8.100 7.752 7.388 7.013 6.622 6.165 5.717 5.297 4.927 4.630 4.405 4.253 4.189 4.249 4.465 4.875 5.519 6.384
0.000 0.000 0.000 0.000 0.000 0.000 0.000 0.000 0.000 0.000 0.000 0.000 0.001 0.003 0.007 0.013 0.024 0.043 0.080 0.172 0.464 1.320 2.951 4.397 5.096 5.322 5.359 5.327 5.236 5.077 4.835 4.505 4.098 3.615 3.063 2.571 2.194 1.968 1.904 1.993 2.477 3.723 6.078 8.919 10.739 11.555 11.742 11.641 11.292 10.707 10.130 9.750 9.546 9.451 9.358 9.221 9.011 8.749 8.421 8.056 7.649 7.226 6.799 6.362 5.855 5.353 4.881 4.456 4.100 3.811 3.583 3.421 3.357 3.436 3.687 4.125 4.742
0.000 0.000 0.000 0.000 0.000 0.000 0.000 0.000 0.000 0.000 0.000 0.000 0.001 0.004 0.008 0.014 0.025 0.042 0.074 0.145 0.344 0.962 2.354 4.068 5.106 5.570 5.732 5.776 5.754 5.674 5.516 5.255 4.891 4.442 3.924 3.447 3.078 2.835 2.738 2.771 3.075 3.936 5.585 7.843 9.523 10.395 10.652 10.640 10.478 10.056 9.474 9.008 8.797 8.790 8.857 8.908 8.867 8.684 8.371 8.005 7.588 7.134 6.661 6.178 5.626 5.069 4.550 4.078 3.670 3.323 3.032 2.801 2.641 2.588 2.669 2.862 3.089
0.000 0.000 0.000 0.000 0.000 0.000 0.000 0.000 0.000 0.000 0.000 0.001 0.003 0.006 0.013 0.023 0.036 0.056 0.090 0.159 0.325 0.768 1.793 3.457 4.879 5.654 5.997 6.163 6.227 6.224 6.157 5.999 5.744 5.397 4.966 4.546 4.226 4.011 3.902 3.882 4.006 4.474 5.495 7.124 8.571 9.358 9.607 9.622 9.552 9.311 8.877 8.358 8.035 7.978 8.110 8.338 8.499 8.479 8.260 7.915 7.508 7.068 6.594 6.076 5.464 4.846 4.286 3.778 3.322 2.921 2.582 2.298 2.058 1.885 1.793 1.746 1.662
0.000 0.000 0.000 0.000 0.000 0.000 0.000 0.000 0.000 0.000 0.000 0.002 0.006 0.013 0.026 0.045 0.069 0.100 0.145 0.220 0.371 0.711 1.444 2.751 4.370 5.518 6.108 6.437 6.634 6.720 6.724 6.662 6.520 6.306 6.005 5.676 5.421 5.260 5.185 5.167 5.182 5.327 5.807 6.808 7.956 8.620 8.862 8.908 8.885 8.751 8.456 7.991 7.580 7.392 7.420 7.623 7.899 8.028 7.975 7.754 7.405 6.973 6.494 5.951 5.281 4.612 4.034 3.511 3.029 2.585 2.200 1.864 1.548 1.263 1.029 0.829 0.650
0.000 0.000 0.000 0.000 0.000 0.000 0.000 0.000 0.000 0.000 0.001 0.004 0.011 0.027 0.055 0.095 0.142 0.194 0.259 0.349 0.495 0.771 1.305 2.262 3.745 5.174 6.042 6.560 6.933 7.155 7.238 7.237 7.183 7.067 6.864 6.619 6.401 6.259 6.185 6.172 6.181 6.245 6.408 6.864 7.631 8.175 8.402 8.457 8.451 8.371 8.160 7.799 7.374 7.076 6.963 7.019 7.202 7.364 7.421 7.357 7.124 6.740 6.264 5.706 5.035 4.353 3.762 3.233 2.737 2.264 1.821 1.412 1.028 0.694 0.452 0.296 0.199
0.000 0.000 0.000 0.000 0.000 0.000 0.000 0.000 0.000 0.000 0.002 0.007 0.022 0.055 0.114 0.194 0.277 0.360 0.451 0.562 0.711 0.938 1.343 2.073 3.268 4.743 5.822 6.527 7.062 7.453 7.676 7.748 7.744 7.690 7.556 7.371 7.171 7.026 6.931 6.891 6.882 6.904 6.983 7.155 7.531 7.944 8.138 8.196 8.195 8.136 7.967 7.680 7.282 6.945 6.723 6.622 6.606 6.638 6.657 6.633 6.479 6.156 5.682 5.118 4.491 3.864 3.288 2.761 2.258 1.763 1.287 0.856 0.510 0.286 0.164 0.098 0.065
0.000 0.000 0.000 0.000 0.000 0.000 0.000 0.000 0.000 0.001 0.004 0.014 0.043 0.112 0.227 0.366 0.492 0.612 0.735 0.871 1.030 1.229 1.529 2.091 3.056 4.374 5.523 6.391 7.081 7.613 7.968 8.147 8.186 8.173 8.080 7.945 7.769 7.627 7.501 7.408 7.355 7.338 7.360 7.441 7.613 7.856 8.001 8.048 8.038 7.981 7.840 7.588 7.224 6.864 6.580 6.355 6.171 6.014 5.864 5.712 5.509 5.181 4.702 4.122 3.520 2.949 2.401 1.878 1.394 0.958 0.595 0.335 0.175 0.093 0.055 0.036 0.027
0.000 0.000 0.000 0.000 0.000 0.000 0.000 0.000 0.000 0.001 0.007 0.027 0.086 0.214 0.413 0.620 0.793 0.957 1.123 1.293 1.471 1.664 1.903 2.307 3.071 4.180 5.304 6.245 7.026 7.665 8.128 8.420 8.516 8.513 8.457 8.356 8.213 8.084 7.936 7.790 7.664 7.601 7.583 7.605 7.684 7.808 7.900 7.938 7.934 7.884 7.747 7.504 7.164 6.789 6.454 6.139 5.825 5.503 5.159 4.782 4.385 3.940 3.397 2.783 2.192 1.669 1.213 0.831 0.529 0.310 0.170 0.090 0.048 0.029 0.020 0.016 0.014
0.000 0.000 0.000 0.000 0.000 0.000 0.000 0.000 0.000 0.002 0.010 0.041 0.138 0.344 0.653 0.945 1.174 1.401 1.622 1.835 2.043 2.250 2.470 2.773 3.310 4.174 5.220 6.174 6.987 7.666 8.186 8.540 8.707 8.735 8.720 8.639 8.539 8.419 8.263 8.060 7.856 7.732 7.678 7.678 7.725 7.784 7.821 7.845 7.848 7.799 7.658 7.420 7.094 6.704 6.306 5.919 5.500 5.027 4.482 3.869 3.235 2.632 2.063 1.541 1.091 0.728 0.454 0.262 0.143 0.075 0.040 0.023 0.015 0.011 0.010 0.009 0.008
0.000 0.000 0.000 0.000 0.000 0.000 0.000 0.000 0.000 0.002 0.010 0.044 0.161 0.421 0.822 1.264 1.624 1.939 2.233 2.501 2.745 2.975 3.203 3.463 3.835 4.428 5.265 6.180 6.988 7.661 8.200 8.586 8.805 8.865 8.874 8.832 8.753 8.637 8.493 8.253 7.992 7.794 7.698 7.681 7.719 7.737 7.729 7.710 7.693 7.659 7.525 7.287 6.939 6.470 5.930 5.424 4.894 4.281 3.545 2.745 2.016 1.454 1.030 0.694 0.435 0.251 0.134 0.067 0.034 0.018 0.011 0.008 0.006 0.006 0.005 0.005 0.005
0.000 0.000 0.000 0.000 0.000 0.000 0.000 0.000 0.000 0.001 0.009 0.042 0.160 0.443 0.906 1.485 2.062 2.556 2.957 3.298 3.589 3.846 4.081 4.324 4.605 4.999 5.572 6.318 7.071 7.712 8.240 8.626 8.868 8.953 8.962 8.944 8.888 8.778 8.632 8.381 8.079 7.829 7.698 7.640 7.631 7.625 7.590 7.507 7.381 7.254 7.083 6.809 6.364 5.711 4.901 4.167 3.455 2.713 1.962 1.331 0.890 0.591 0.381 0.234 0.135 0.071 0.034 0.016 0.008 0.005 0.004 0.003 0.003 0.003 0.003 0.003 0.003
0.000 0.000 0.000 0.000 0.000 0.000 0.000 0.000 0.000 0.001 0.007 0.035 0.144 0.431 0.938 1.622 2.401 3.156 3.766 4.229 4.585 4.872 5.109 5.330 5.562 5.828 6.185 6.690 7.296 7.861 8.332 8.690 8.917 9.022 9.026 9.006 8.949 8.834 8.686 8.455 8.146 7.853 7.656 7.523 7.430 7.360 7.271 7.123 6.877 6.560 6.181 5.725 5.071 4.145 3.106 2.257 1.595 1.066 0.671 0.415 0.258 0.161 0.101 0.061 0.034 0.017 0.008 0.004 0.002 0.002 0.002 0.002 0.002 0.002 0.002 0.002 0.002
0.000 0.000 0.000 0.000 0.000 0.000 0.001 0.001 0.001 0.002 0.005 0.025 0.112 0.387 0.928 1.711 2.643 3.634 4.500 5.182 5.689 6.048 6.293 6.490 6.665 6.830 7.026 7.310 7.706 8.141 8.510 8.803 8.979 9.088 9.096 9.056 8.985 8.867 8.699 8.466 8.167 7.847 7.569 7.333 7.129 6.938 6.733 6.485 6.130 5.641 5.001 4.246 3.380 2.440 1.600 0.985 0.573 0.318 0.173 0.097 0.058 0.036 0.023 0.014 0.008 0.004 0.002 0.001 0.001 0.001 0.001 0.000 0.000 0.000 0.000 0.000 0.000
0.000 0.000 0.000 0.001 0.001 0.002 0.002 0.002 0.002 0.002 0.005 0.019 0.085 0.330 0.892 1.766 2.821 3.968 5.047 5.960 6.658 7.135 7.455 7.689 7.847 7.946 8.032 8.143 8.318 8.561 8.790 8.976 9.068 9.114 9.104 9.060 8.969 8.841 8.678 8.448 8.157 7.820 7.457 7.089 6.745 6.408 6.047 5.640 5.145 4.525 3.779 2.955 2.122 1.366 0.786 0.409 0.199 0.094 0.044 0.022 0.012 0.008 0.005 0.003 0.002 0.001 0.001 0.000 0.000 0.000 0.000 0.000 0.000 0.000 0.000 0.000 0.000
0.000 0.001 0.001 0.002 0.003 0.003 0.003 0.003 0.003 0.003 0.005 0.017 0.076 0.307 0.876 1.806 2.950 4.162 5.381 6.501 7.397 8.023 8.448 8.730 8.898 8.986 9.035 9.058 9.084 9.119 9.157 9.189 9.155 9.109 9.072 9.030 8.931 8.790 8.616 8.383 8.090 7.736 7.309 6.820 6.322 5.843 5.352 4.823 4.230 3.553 2.783 1.990 1.290 0.739 0.371 0.167 0.070 0.028 0.012 0.005 0.003 0.002 0.001 0.001 0.000 0.000 0.000 0.000 0.000 0.000 0.000 0.000 0.000 0.000 0.000 0.000 0.000
0.002 0.002 0.003 0.004 0.004 0.004 0.004 0.003 0.003 0.003 0.005 0.017 0.075 0.312 0.905 1.872 3.046 4.253 5.521 6.808 7.899 8.722 9.271 9.598 9.776 9.852 9.869 9.837 9.770 9.663 9.508 9.351 9.171 9.021 8.920 8.840 8.744 8.619 8.459 8.236 7.941 7.576 7.106 6.539 5.917 5.319 4.734 4.129 3.482 2.775 2.024 1.328 0.770 0.386 0.168 0.066 0.025 0.009 0.003 0.001 0.001 0.000 0.000 0.000 0.000 0.000 0.000 0.000 0.000 0.000 0.000 0.000 0.000 0.000 0.000 0.000 0.000
0.004 0.005 0.005 0.005 0.005 0.005 0.004 0.004 0.004 0.004 0.005 0.018 0.083 0.354 0.994 1.975 3.104 4.270 5.533 6.905 8.167 9.180 9.878 10.282 10.472 10.525 10.514 10.448 10.284 10.052 9.766 9.457 9.130 8.830 8.604 8.435 8.314 8.198 8.073 7.889 7.620 7.274 6.797 6.193 5.506 4.816 4.161 3.509 2.835 2.125 1.435 0.855 0.435 0.188 0.071 0.025 0.008 0.003 0.001 0.001 0.000 0.000 0.000 0.000 0.000 0.000 0.000 0.000 0.000 0.000 0.000 0.000 0.000 0.000 0.000 0.000 0.000
0.007 0.008 0.007 0.007 0.006 0.005 0.005 0.004 0.004 0.005 0.007 0.024 0.110 0.433 1.110 2.058 3.112 4.250 5.508 6.897 8.254 9.412 10.250 10.734 10.940 10.980 10.947 10.823 10.586 10.253 9.874 9.450 8.996 8.522 8.119 7.826 7.630 7.488 7.364 7.201 6.976 6.687 6.279 5.715 5.033 4.300 3.597 2.920 2.237 1.553 0.951 0.498 0.217 0.081 0.027 0.008 0.003 0.001 0.001 0.000 0.000 0.000 0.000 0.000 0.000 0.000 0.000 0.000 0.000 0.000 0.000 0.000 0.000 0.000 0.000 0.000 0.000
0.010 0.010 0.009 0.008 0.007 0.006 0.005 0.005 0.005 0.006 0.010 0.030 0.129 0.480 1.164 2.076 3.075 4.179 5.421 6.807 8.207 9.435 10.371 10.926 11.178 11.212 11.159 10.983 10.711 10.336 9.887 9.337 8.730 8.081 7.494 7.054 6.734 6.515 6.338 6.162 5.973 5.766 5.480 5.038 4.444 3.753 3.022 2.312 1.627 1.013 0.542 0.240 0.088 0.029 0.008 0.002 0.001 0.000 0.000 0.000 0.000 0.000 0.000 0.000 0.000 0.000 0.000 0.000 0.000 0.000 0.000 0.000 0.000 0.000 0.000 0.000 0.000
