RESULTS/r.avaflow_results/33_results/33_ascii/33_hflow_max0053.asc
ncols 506
nrows 317
xllcenter 498237.50
yllcenter 5580050.00
cellsize 12.50
NODATA_value -9999.000
[rows 170 to 203 of 317, columns 77 to 153 of 506]
0.000 0.000 0.000 0.000 0.000 0.000 0.000 0.000 0.000 0.001 0.002 0.004 0.007 0.013 0.021 0.031 0.041 0.048 0.054 0.060 0.066 0.080 0.113 0.177 0.257 0.299 0.306 0.302 0.292 0.276 0.269 0.270 0.273 0.281 0.300 0.339 0.387 0.413 0.432 0.472 0.539 0.658 0.824 0.960 1.061 1.191 1.573 1.988 2.481 3.148 4.102 5.320 6.497 7.265 7.939 9.135 11.714 15.826 20.323 24.200 27.114 28.777 29.333 29.285 28.978 28.242 27.164 25.842 24.443 23.006 21.318 19.503 17.966 17.225 16.714 16.256 15.839
0.000 0.000 0.000 0.000 0.000 0.000 0.000 0.001 0.002 0.004 0.007 0.013 0.022 0.037 0.054 0.074 0.093 0.111 0.128 0.143 0.162 0.196 0.257 0.339 0.400 0.419 0.418 0.408 0.391 0.366 0.354 0.355 0.359 0.375 0.407 0.467 0.535 0.573 0.599 0.650 0.742 0.907 1.141 1.360 1.754 2.374 2.951 3.570 4.326 5.203 6.106 6.944 7.565 8.051 8.867 10.807 13.415 18.117 22.666 26.593 29.287 30.567 30.685 29.781 29.135 28.451 27.373 25.917 24.348 22.775 21.278 20.319 19.768 19.327 18.971 18.824 18.863
0.000 0.000 0.000 0.000 0.000 0.000 0.001 0.003 0.006 0.011 0.019 0.031 0.051 0.077 0.106 0.137 0.171 0.207 0.243 0.279 0.321 0.385 0.470 0.535 0.559 0.559 0.551 0.534 0.509 0.474 0.459 0.459 0.469 0.492 0.536 0.614 0.707 0.773 0.823 0.891 1.021 1.244 1.561 2.388 3.303 4.039 4.747 5.509 6.295 7.018 7.619 8.039 8.293 8.703 9.430 11.551 13.874 18.742 23.567 27.364 30.005 31.315 31.255 30.159 29.173 28.315 27.194 25.761 24.365 23.344 22.570 21.923 21.319 20.789 20.547 20.831 21.549
0.000 0.000 0.000 0.000 0.000 0.000 0.002 0.006 0.012 0.021 0.035 0.056 0.086 0.125 0.168 0.216 0.271 0.331 0.395 0.461 0.535 0.623 0.697 0.728 0.731 0.724 0.709 0.685 0.650 0.603 0.584 0.585 0.601 0.631 0.690 0.782 0.901 1.015 1.121 1.238 1.419 2.024 3.081 4.249 5.236 5.995 6.672 7.296 7.862 8.336 8.664 8.812 8.909 9.120 9.756 11.462 13.793 18.224 23.326 26.942 29.600 31.120 31.223 30.217 29.084 27.892 26.891 25.865 25.100 24.362 23.614 22.880 22.216 21.773 21.775 22.447 23.549
0.000 0.000 0.000 0.000 0.000 0.001 0.003 0.008 0.016 0.028 0.046 0.073 0.112 0.163 0.228 0.305 0.392 0.488 0.584 0.683 0.782 0.867 0.915 0.928 0.926 0.916 0.896 0.864 0.819 0.756 0.733 0.735 0.757 0.794 0.867 0.975 1.123 1.305 1.506 1.731 2.316 3.694 5.136 6.278 7.144 7.806 8.313 8.735 9.069 9.317 9.738 9.866 9.767 9.487 9.853 11.022 13.197 16.848 22.059 25.893 28.368 30.010 30.649 29.945 28.656 27.496 26.785 26.160 25.483 24.765 24.026 23.289 22.602 22.315 22.599 23.338 24.374
0.000 0.000 0.000 0.000 0.000 0.001 0.004 0.009 0.018 0.031 0.052 0.082 0.127 0.190 0.273 0.380 0.513 0.669 0.815 0.939 1.045 1.116 1.147 1.154 1.152 1.140 1.116 1.077 1.019 0.941 0.910 0.912 0.935 0.984 1.067 1.202 1.400 1.664 1.993 2.379 3.304 5.315 6.921 8.018 8.800 9.334 9.652 9.875 10.141 10.577 10.787 10.805 10.652 10.262 9.884 10.756 12.583 15.877 20.463 24.568 26.940 28.577 29.476 29.249 28.001 27.044 26.575 26.125 25.517 24.785 24.004 23.249 22.599 22.242 22.615 23.335 24.276
0.000 0.000 0.000 0.000 0.000 0.001 0.004 0.009 0.018 0.032 0.053 0.085 0.135 0.206 0.302 0.430 0.598 0.816 1.047 1.214 1.324 1.388 1.416 1.422 1.419 1.406 1.376 1.328 1.257 1.162 1.117 1.118 1.143 1.200 1.317 1.469 1.732 2.086 2.533 3.075 3.914 6.463 8.333 9.500 10.204 10.574 10.724 10.799 11.328 11.607 11.725 11.584 11.325 10.954 10.384 10.762 12.152 15.030 19.105 23.345 25.741 27.146 28.136 28.199 27.213 26.159 25.758 25.336 24.764 24.036 23.199 22.384 21.758 21.520 21.825 22.505 23.360
0.000 0.000 0.000 0.000 0.000 0.001 0.004 0.009 0.017 0.031 0.052 0.085 0.137 0.212 0.315 0.454 0.643 0.898 1.218 1.479 1.628 1.704 1.737 1.744 1.741 1.723 1.686 1.625 1.538 1.422 1.432 1.588 1.684 1.758 1.817 1.868 2.055 2.480 3.027 3.695 4.510 7.190 9.453 10.734 11.347 11.540 11.577 11.943 12.346 12.533 12.614 12.352 11.924 11.505 10.872 10.828 11.950 14.471 18.029 22.056 24.428 25.798 26.712 26.871 25.966 24.588 23.982 23.489 22.856 22.086 21.177 20.268 19.594 19.427 19.857 20.765 21.827
0.000 0.000 0.000 0.000 0.000 0.001 0.003 0.007 0.015 0.026 0.046 0.080 0.134 0.212 0.318 0.461 0.658 0.929 1.301 1.712 1.968 2.081 2.125 2.134 2.129 2.105 2.054 1.975 1.865 1.942 2.219 2.350 2.375 2.328 2.277 2.260 2.362 2.840 3.476 4.275 5.235 7.530 10.279 11.698 12.212 12.289 12.337 12.941 13.258 13.383 13.404 13.153 12.550 11.980 11.348 10.962 11.843 14.087 17.112 20.491 22.580 24.148 24.804 24.879 23.974 22.305 21.481 20.829 20.068 19.183 18.200 17.265 16.740 16.734 17.376 18.561 19.983
0.000 0.000 0.000 0.000 0.000 0.000 0.002 0.005 0.009 0.018 0.034 0.064 0.117 0.197 0.308 0.457 0.657 0.933 1.315 1.833 2.300 2.534 2.598 2.607 2.595 2.558 2.488 2.383 2.435 2.872 3.071 3.107 3.033 2.880 2.729 2.660 2.649 3.152 3.863 4.784 5.906 7.588 10.712 12.367 12.831 12.837 13.195 13.687 13.979 14.048 13.992 13.763 13.218 12.504 11.724 11.024 11.683 13.590 16.169 18.603 20.564 21.803 22.283 22.091 21.137 19.478 18.546 17.784 16.945 16.028 15.123 14.457 14.303 14.641 15.520 16.806 18.412
0.000 0.000 0.000 0.000 0.000 0.000 0.001 0.002 0.004 0.009 0.018 0.037 0.079 0.153 0.263 0.416 0.621 0.899 1.287 1.823 2.480 2.972 3.156 3.169 3.145 3.088 2.993 2.856 3.502 3.837 3.919 3.859 3.686 3.431 3.198 3.080 3.057 3.386 4.130 5.144 6.426 7.668 10.764 12.659 13.250 13.343 13.875 14.210 14.415 14.436 14.343 14.138 13.721 12.974 12.099 11.105 11.412 12.814 14.759 16.595 18.263 19.038 19.246 18.776 17.698 16.259 15.360 14.590 13.895 13.163 12.488 12.157 12.252 12.866 13.900 15.200 16.707
0.000 0.000 0.000 0.000 0.000 0.000 0.000 0.001 0.002 0.003 0.007 0.016 0.037 0.081 0.163 0.298 0.488 0.749 1.123 1.670 2.433 3.222 3.671 3.775 3.758 3.689 3.569 3.688 4.424 4.703 4.732 4.610 4.353 4.029 3.768 3.608 3.550 3.579 4.310 5.366 6.755 8.064 10.510 12.650 13.393 14.065 14.358 14.480 14.612 14.588 14.523 14.347 13.993 13.325 12.364 11.336 11.011 11.870 13.155 14.569 15.789 16.237 16.069 15.234 13.979 12.910 12.234 11.572 11.076 10.570 10.254 10.195 10.503 11.256 12.335 13.566 14.911
0.000 0.000 0.000 0.000 0.000 0.000 0.000 0.000 0.001 0.001 0.002 0.005 0.013 0.031 0.072 0.153 0.285 0.479 0.765 1.268 2.131 3.246 4.032 4.306 4.324 4.274 4.165 4.386 5.223 5.526 5.529 5.385 5.095 4.765 4.518 4.338 4.228 4.197 4.479 5.511 6.928 8.327 9.973 12.338 13.854 14.546 14.675 14.703 14.673 14.619 14.583 14.385 14.010 13.375 12.444 11.322 10.491 10.786 11.570 12.375 13.324 13.483 12.960 11.962 10.861 10.218 9.597 9.004 8.589 8.324 8.272 8.456 8.942 9.724 10.686 11.747 12.855
0.000 0.000 0.000 0.000 0.000 0.000 0.000 0.000 0.000 0.000 0.001 0.001 0.004 0.010 0.024 0.055 0.113 0.211 0.381 0.726 1.570 2.971 4.195 4.727 4.810 4.785 4.704 5.021 5.943 6.340 6.374 6.225 5.982 5.690 5.449 5.294 5.168 5.098 5.101 5.644 7.006 8.426 10.054 12.314 13.983 14.715 14.841 14.772 14.693 14.612 14.429 14.173 13.715 13.132 12.276 11.193 10.085 9.928 10.177 10.587 10.733 10.827 10.279 9.631 8.918 8.236 7.582 6.964 6.547 6.358 6.424 6.800 7.438 8.142 8.922 9.816 10.778
0.000 0.000 0.000 0.000 0.000 0.000 0.000 0.000 0.000 0.000 0.000 0.001 0.002 0.005 0.011 0.022 0.041 0.080 0.159 0.388 1.036 2.438 4.069 4.944 5.204 5.223 5.185 5.616 6.696 7.237 7.337 7.180 7.021 6.827 6.599 6.485 6.410 6.356 6.357 6.428 7.074 8.440 10.270 12.420 13.911 14.653 14.836 14.824 14.660 14.374 14.104 13.543 13.013 12.480 11.754 10.868 9.859 9.431 9.232 9.298 9.314 9.110 8.707 8.166 7.484 6.778 6.082 5.421 4.952 4.722 4.706 5.025 5.664 6.369 7.121 8.005 8.963
0.000 0.000 0.000 0.000 0.000 0.000 0.000 0.000 0.000 0.000 0.000 0.001 0.002 0.005 0.010 0.019 0.033 0.059 0.111 0.254 0.709 1.872 3.656 4.906 5.446 5.598 5.619 6.162 7.414 8.207 8.490 8.402 8.160 8.046 7.942 7.911 7.912 7.966 8.046 8.103 8.228 8.714 10.346 12.339 13.653 14.335 14.661 14.630 14.366 13.942 13.338 12.555 11.809 11.288 10.743 10.155 9.701 9.149 8.656 8.590 8.428 8.115 7.689 7.127 6.450 5.714 5.044 4.610 4.240 3.938 3.695 3.599 3.817 4.440 5.375 6.372 7.516
0.000 0.000 0.000 0.000 0.000 0.000 0.000 0.000 0.000 0.000 0.000 0.001 0.003 0.007 0.014 0.024 0.038 0.063 0.113 0.230 0.553 1.405 3.012 4.612 5.501 5.862 5.993 6.581 8.017 9.114 9.645 9.716 9.479 9.234 9.191 9.219 9.320 9.432 9.512 9.553 9.573 9.737 10.419 12.082 13.201 13.841 14.133 14.087 13.750 13.181 12.392 11.539 10.644 9.969 9.759 9.585 9.326 8.912 8.498 8.188 7.911 7.533 7.050 6.466 5.839 5.271 4.733 4.246 3.823 3.461 3.154 2.909 2.742 3.153 4.059 5.051 6.233
0.000 0.000 0.000 0.000 0.000 0.000 0.000 0.000 0.000 0.000 0.001 0.003 0.007 0.014 0.026 0.042 0.063 0.094 0.147 0.256 0.514 1.128 2.339 4.008 5.315 5.968 6.263 6.862 8.354 9.749 10.585 10.866 10.722 10.564 10.418 10.481 10.584 10.674 10.740 10.756 10.686 10.551 10.509 11.786 12.656 13.214 13.413 13.256 12.922 12.329 11.640 10.789 9.736 8.977 8.669 8.642 8.617 8.600 8.402 8.076 7.694 7.278 6.823 6.315 5.704 5.070 4.490 3.964 3.488 3.067 2.710 2.410 2.153 2.003 2.462 3.350 3.931
0.000 0.000 0.000 0.000 0.000 0.000 0.000 0.000 0.000 0.000 0.002 0.005 0.013 0.029 0.054 0.086 0.124 0.171 0.236 0.404 0.758 1.182 1.885 3.297 4.862 5.868 6.379 7.018 8.537 10.030 11.157 11.758 11.830 11.677 11.619 11.584 11.642 11.664 11.700 11.664 11.500 11.057 10.728 11.436 12.069 12.505 12.562 12.442 12.102 11.610 10.995 10.138 9.094 8.190 7.561 7.705 8.013 8.167 8.135 7.928 7.593 7.182 6.728 6.199 5.528 4.841 4.243 3.704 3.202 2.739 2.333 1.977 1.642 1.337 1.162 1.433 1.524
0.000 0.000 0.000 0.000 0.000 0.000 0.000 0.000 0.000 0.001 0.003 0.010 0.027 0.061 0.114 0.178 0.244 0.315 0.402 0.771 1.360 1.860 2.243 2.781 4.308 5.584 6.330 7.011 8.544 10.149 11.396 12.213 12.588 12.590 12.480 12.495 12.481 12.411 12.424 12.380 12.082 11.574 11.008 11.049 11.560 11.892 11.887 11.729 11.456 11.018 10.402 9.580 8.573 7.579 7.063 7.133 7.344 7.528 7.597 7.539 7.317 6.943 6.486 5.948 5.278 4.579 3.970 3.426 2.914 2.421 1.953 1.516 1.103 0.745 0.485 0.434 0.416
0.000 0.000 0.000 0.000 0.000 0.000 0.000 0.000 0.000 0.002 0.006 0.020 0.056 0.127 0.233 0.343 0.444 0.545 0.671 1.358 2.166 2.693 3.018 3.323 3.862 5.200 6.115 6.842 8.472 10.068 11.476 12.432 12.904 13.107 13.060 12.904 12.820 12.771 12.778 12.702 12.467 11.907 11.120 10.653 11.073 11.319 11.333 11.188 10.922 10.511 9.879 9.087 8.108 7.104 6.879 6.784 6.782 6.824 6.845 6.821 6.671 6.352 5.891 5.345 4.721 4.081 3.489 2.945 2.424 1.905 1.396 0.928 0.553 0.310 0.177 0.122 0.107
0.000 0.000 0.000 0.000 0.000 0.000 0.000 0.000 0.000 0.003 0.012 0.040 0.112 0.250 0.433 0.593 0.733 0.872 1.129 2.157 3.109 3.641 3.955 4.236 4.669 5.369 5.973 6.704 8.274 9.874 11.392 12.483 13.015 13.205 13.212 13.109 12.910 12.821 12.823 12.818 12.582 11.961 11.047 10.406 10.613 10.757 10.769 10.672 10.461 10.085 9.521 8.798 7.835 7.097 6.801 6.568 6.382 6.222 6.066 5.908 5.701 5.372 4.902 4.332 3.727 3.136 2.569 2.023 1.510 1.044 0.651 0.366 0.191 0.102 0.059 0.042 0.036
0.000 0.000 0.000 0.000 0.000 0.000 0.000 0.000 0.001 0.005 0.021 0.073 0.204 0.439 0.717 0.927 1.116 1.303 1.735 3.109 4.201 4.788 5.117 5.428 5.858 6.493 6.985 7.461 7.988 9.609 11.081 12.235 12.845 13.112 13.154 13.046 12.842 12.726 12.723 12.712 12.472 11.767 10.741 9.940 10.105 10.238 10.216 10.139 9.975 9.668 9.139 8.423 7.560 7.096 6.739 6.401 6.068 5.728 5.366 4.975 4.570 4.124 3.581 2.955 2.348 1.800 1.316 0.906 0.581 0.343 0.189 0.100 0.053 0.033 0.024 0.020 0.017
0.000 0.000 0.000 0.000 0.000 0.000 0.000 0.000 0.001 0.005 0.024 0.092 0.273 0.597 1.002 1.321 1.586 1.839 2.503 4.154 5.492 6.244 6.636 6.972 7.348 7.744 8.091 8.394 8.697 9.213 10.570 11.667 12.378 12.759 12.795 12.629 12.485 12.379 12.328 12.245 11.936 11.149 9.998 9.220 9.467 9.636 9.637 9.528 9.368 9.081 8.573 7.869 7.458 7.072 6.649 6.228 5.779 5.272 4.700 4.063 3.413 2.789 2.196 1.651 1.180 0.794 0.497 0.291 0.161 0.085 0.046 0.028 0.019 0.015 0.012 0.011 0.010
0.000 0.000 0.000 0.000 0.000 0.000 0.000 0.000 0.001 0.005 0.024 0.094 0.294 0.672 1.189 1.691 2.118 2.475 3.340 5.241 6.896 7.835 8.291 8.548 8.756 8.919 9.068 9.207 9.350 9.462 9.959 10.934 11.662 12.012 12.058 11.866 11.778 11.764 11.691 11.456 10.967 10.086 8.901 8.564 8.600 8.766 8.797 8.733 8.541 8.206 7.872 7.678 7.344 6.878 6.307 5.758 5.193 4.538 3.766 2.926 2.154 1.552 1.104 0.751 0.475 0.276 0.150 0.077 0.039 0.022 0.014 0.010 0.009 0.008 0.007 0.006 0.006
0.000 0.000 0.000 0.000 0.000 0.000 0.000 0.000 0.001 0.005 0.021 0.087 0.286 0.691 1.282 1.958 2.626 3.182 4.054 6.363 8.195 9.216 9.696 9.905 9.990 9.960 9.875 9.817 9.815 9.804 9.782 10.188 10.851 11.048 11.035 10.919 10.684 10.620 10.555 10.283 9.672 8.711 7.956 7.789 7.660 7.660 7.678 7.611 7.565 7.524 7.439 7.209 6.762 6.100 5.253 4.458 3.696 2.899 2.099 1.423 0.950 0.634 0.412 0.256 0.149 0.079 0.039 0.019 0.010 0.007 0.005 0.005 0.004 0.004 0.004 0.003 0.003
0.000 0.000 0.000 0.000 0.000 0.000 0.001 0.001 0.002 0.004 0.016 0.069 0.253 0.667 1.325 2.136 3.033 3.847 5.105 7.365 9.219 10.367 10.835 10.975 10.960 10.762 10.451 10.236 10.097 9.990 9.903 9.835 10.209 10.417 10.437 10.327 10.101 9.754 9.306 8.766 8.231 7.931 7.712 7.556 7.457 7.393 7.319 7.183 6.985 6.738 6.435 6.026 5.394 4.473 3.377 2.452 1.731 1.158 0.731 0.455 0.284 0.178 0.112 0.068 0.039 0.019 0.009 0.004 0.003 0.002 0.002 0.002 0.002 0.002 0.002 0.002 0.002
0.000 0.000 0.000 0.000 0.001 0.002 0.002 0.002 0.002 0.003 0.011 0.049 0.202 0.607 1.324 2.269 3.327 4.362 6.033 7.951 9.927 11.356 11.854 11.952 11.844 11.487 10.985 10.628 10.319 10.123 9.983 9.822 9.837 10.043 10.082 9.903 9.596 9.156 8.809 8.549 8.235 7.897 7.603 7.355 7.154 6.974 6.776 6.527 6.176 5.685 5.072 4.371 3.561 2.627 1.739 1.078 0.630 0.354 0.194 0.110 0.066 0.041 0.026 0.016 0.009 0.004 0.002 0.001 0.001 0.001 0.001 0.001 0.001 0.001 0.001 0.001 0.001
0.000 0.000 0.001 0.002 0.003 0.003 0.003 0.003 0.003 0.004 0.010 0.040 0.171 0.562 1.314 2.368 3.522 4.819 6.573 8.114 9.897 11.597 12.290 12.491 12.413 12.031 11.468 10.952 10.571 10.224 9.952 9.747 9.542 9.622 9.567 9.284 9.136 8.973 8.771 8.516 8.206 7.860 7.474 7.103 6.771 6.443 6.085 5.674 5.171 4.543 3.819 3.021 2.217 1.450 0.846 0.473 0.240 0.111 0.051 0.026 0.015 0.009 0.005 0.003 0.002 0.001 0.001 0.000 0.000 0.000 0.000 0.000 0.000 0.000 0.000 0.000 0.000
0.002 0.002 0.003 0.003 0.004 0.004 0.003 0.003 0.003 0.004 0.009 0.039 0.165 0.557 1.332 2.447 3.904 5.394 6.772 8.053 9.250 10.786 11.985 12.451 12.542 12.352 11.779 11.109 10.658 10.261 9.903 9.591 9.477 9.390 9.315 9.207 9.102 8.901 8.686 8.438 8.123 7.758 7.341 6.855 6.357 5.876 5.388 4.859 4.265 3.590 2.827 2.038 1.337 0.776 0.393 0.194 0.089 0.038 0.015 0.006 0.003 0.002 0.001 0.001 0.001 0.000 0.000 0.000 0.000 0.000 0.000 0.000 0.000 0.000 0.000 0.000 0.000
0.004 0.004 0.005 0.005 0.005 0.004 0.004 0.003 0.003 0.004 0.010 0.040 0.174 0.594 1.404 2.750 4.494 5.759 6.840 7.828 8.810 10.316 11.044 11.727 12.109 12.017 11.545 10.887 10.519 10.250 10.003 9.752 9.527 9.289 9.126 8.995 8.871 8.695 8.498 8.266 7.977 7.618 7.158 6.586 5.959 5.362 4.809 4.268 3.599 2.819 2.061 1.359 0.792 0.399 0.175 0.072 0.030 0.012 0.005 0.002 0.001 0.001 0.000 0.000 0.000 0.000 0.000 0.000 0.000 0.000 0.000 0.000 0.000 0.000 0.000 0.000 0.000
0.007 0.007 0.007 0.007 0.006 0.005 0.004 0.004 0.004 0.005 0.012 0.050 0.215 0.683 1.533 3.143 4.895 6.064 6.905 7.724 9.161 10.385 11.251 11.672 11.813 11.796 11.670 11.396 10.984 10.605 10.242 9.875 9.486 9.070 8.793 8.565 8.383 8.238 8.095 7.928 7.666 7.331 6.860 6.255 5.685 5.226 4.723 4.110 3.331 2.314 1.462 0.869 0.443 0.193 0.074 0.028 0.010 0.003 0.001 0.001 0.000 0.000 0.000 0.000 0.000 0.000 0.000 0.000 0.000 0.000 0.000 0.000 0.000 0.000 0.000 0.000 0.000
0.010 0.010 0.009 0.008 0.007 0.005 0.005 0.005 0.005 0.007 0.016 0.064 0.259 0.769 1.705 3.443 5.176 6.377 7.079 7.723 9.297 10.713 11.775 12.263 12.398 12.341 12.119 11.798 11.384 10.904 10.375 9.864 9.309 9.015 8.711 8.262 7.918 7.691 7.419 7.225 7.015 6.747 6.346 5.986 5.641 5.184 4.637 3.963 3.061 1.803 0.970 0.502 0.221 0.083 0.029 0.010 0.003 0.001 0.001 0.000 0.000 0.000 0.000 0.000 0.000 0.000 0.000 0.000 0.000 0.000 0.000 0.000 0.000 0.000 0.000 0.000 0.000
0.012 0.011 0.010 0.009 0.007 0.006 0.006 0.006 0.007 0.009 0.019 0.067 0.273 0.795 1.864 3.753 5.451 6.660 7.380 7.656 9.236 10.728 11.885 12.393 12.589 12.517 12.395 12.042 11.563 11.029 10.391 9.688 9.208 9.171 8.970 8.627 8.258 7.911 7.537 7.001 6.603 6.399 6.226 5.943 5.548 5.055 4.430 3.634 2.557 1.337 0.548 0.244 0.091 0.030 0.010 0.003 0.001 0.000 0.000 0.000 0.000 0.000 0.000 0.000 0.000 0.000 0.000 0.000 0.000 0.000 0.000 0.000 0.000 0.000 0.000 0.000 0.000
