RESULTS/r.avaflow_results/33_results/33_ascii/33_hflow0044.asc
ncols 506
nrows 317
xllcenter 498237.50
yllcenter 5580050.00
cellsize 12.50
NODATA_value -9999.000
[rows 170 to 203 of 317, columns 154 to 230 of 506]
9.245 9.096 8.944 8.780 8.581 8.353 8.153 7.991 7.841 7.691 7.547 7.409 7.247 6.984 6.543 5.903 5.113 4.276 3.463 2.691 1.975 1.355 0.881 0.578 0.413 0.332 0.300 0.293 0.298 0.320 0.368 0.435 0.487 0.517 0.537 0.555 0.582 0.625 0.649 0.652 0.640 0.615 0.599 0.586 0.568 0.536 0.481 0.403 0.321 0.247 0.185 0.141 0.112 0.093 0.082 0.077 0.076 0.078 0.082 0.086 0.089 0.090 0.091 0.091 0.091 0.093 0.099 0.119 0.171 0.286 0.430 0.499 0.508 0.463 0.336 0.197 0.124
12.516 12.708 12.800 12.808 12.752 12.611 12.388 12.127 11.865 11.593 11.322 11.067 10.811 10.503 10.037 9.324 8.359 7.215 6.010 4.815 3.674 2.648 1.799 1.185 0.806 0.597 0.490 0.445 0.435 0.453 0.497 0.556 0.592 0.606 0.607 0.607 0.615 0.638 0.649 0.645 0.622 0.586 0.557 0.531 0.499 0.448 0.361 0.256 0.171 0.119 0.089 0.071 0.061 0.055 0.053 0.053 0.056 0.060 0.065 0.068 0.068 0.068 0.067 0.066 0.065 0.066 0.071 0.087 0.126 0.212 0.354 0.462 0.501 0.499 0.442 0.313 0.192
16.065 16.605 16.817 16.805 16.672 16.404 16.051 15.683 15.330 14.974 14.621 14.300 13.994 13.670 13.231 12.556 11.599 10.400 9.038 7.585 6.105 4.664 3.376 2.335 1.590 1.111 0.823 0.663 0.586 0.560 0.565 0.588 0.606 0.611 0.603 0.591 0.588 0.592 0.589 0.568 0.517 0.456 0.406 0.361 0.312 0.249 0.173 0.112 0.076 0.057 0.046 0.040 0.037 0.036 0.036 0.038 0.042 0.047 0.052 0.053 0.053 0.052 0.051 0.049 0.049 0.050 0.054 0.065 0.092 0.150 0.264 0.405 0.489 0.518 0.512 0.449 0.319
18.795 19.658 20.015 20.017 19.860 19.564 19.203 18.844 18.490 18.118 17.725 17.364 17.033 16.696 16.268 15.601 14.636 13.422 12.068 10.618 9.057 7.383 5.685 4.155 2.928 2.026 1.412 1.024 0.793 0.661 0.596 0.574 0.570 0.560 0.539 0.509 0.487 0.466 0.439 0.387 0.308 0.240 0.196 0.163 0.134 0.102 0.071 0.051 0.038 0.032 0.028 0.026 0.025 0.025 0.026 0.028 0.032 0.037 0.040 0.042 0.041 0.041 0.039 0.039 0.039 0.040 0.043 0.050 0.068 0.103 0.175 0.308 0.451 0.520 0.537 0.523 0.452
20.329 21.424 22.021 22.211 22.204 22.066 21.878 21.666 21.415 21.092 20.693 20.282 19.915 19.546 19.105 18.446 17.499 16.297 14.931 13.471 11.923 10.246 8.395 6.449 4.689 3.266 2.207 1.485 1.024 0.747 0.596 0.519 0.471 0.433 0.388 0.340 0.303 0.271 0.238 0.195 0.143 0.107 0.086 0.071 0.059 0.046 0.035 0.027 0.023 0.020 0.019 0.018 0.018 0.018 0.019 0.021 0.024 0.028 0.031 0.032 0.032 0.032 0.032 0.031 0.032 0.033 0.036 0.041 0.052 0.072 0.115 0.204 0.362 0.492 0.538 0.541 0.515
20.707 21.911 22.748 23.256 23.559 23.736 23.833 23.830 23.735 23.511 23.124 22.628 22.201 21.802 21.357 20.743 19.893 18.794 17.464 15.943 14.278 12.470 10.463 8.187 5.964 4.126 2.726 1.762 1.150 0.781 0.563 0.426 0.334 0.265 0.210 0.173 0.152 0.136 0.119 0.094 0.069 0.053 0.043 0.036 0.030 0.025 0.020 0.017 0.015 0.014 0.014 0.014 0.014 0.014 0.015 0.016 0.018 0.021 0.024 0.025 0.025 0.026 0.026 0.026 0.027 0.029 0.031 0.035 0.042 0.055 0.081 0.136 0.253 0.419 0.513 0.535 0.527
20.437 21.706 22.694 23.415 23.999 24.489 24.813 24.951 24.960 24.842 24.481 23.893 23.413 23.037 22.630 22.078 21.340 20.389 19.159 17.619 15.824 13.836 11.634 9.113 6.572 4.483 2.909 1.839 1.172 0.763 0.503 0.334 0.225 0.154 0.109 0.087 0.077 0.070 0.061 0.049 0.038 0.030 0.025 0.021 0.018 0.016 0.013 0.012 0.011 0.011 0.010 0.010 0.010 0.011 0.011 0.012 0.014 0.016 0.018 0.019 0.020 0.021 0.022 0.023 0.024 0.025 0.028 0.031 0.036 0.045 0.062 0.098 0.171 0.315 0.447 0.502 0.513
19.576 20.980 22.191 23.170 23.963 24.577 24.955 25.121 25.161 25.097 24.761 24.126 23.621 23.291 22.929 22.409 21.721 20.862 19.731 18.226 16.372 14.266 11.940 9.300 6.645 4.477 2.861 1.776 1.101 0.678 0.407 0.237 0.139 0.086 0.059 0.047 0.042 0.038 0.034 0.028 0.023 0.019 0.016 0.014 0.012 0.011 0.009 0.008 0.008 0.008 0.008 0.007 0.008 0.008 0.008 0.009 0.010 0.011 0.013 0.015 0.016 0.017 0.018 0.020 0.021 0.022 0.025 0.027 0.032 0.039 0.051 0.076 0.123 0.215 0.345 0.437 0.477
18.337 19.892 21.301 22.521 23.504 24.192 24.557 24.692 24.713 24.633 24.307 23.701 23.175 22.819 22.438 21.906 21.239 20.436 19.382 17.943 16.107 13.966 11.571 8.865 6.223 4.085 2.514 1.484 0.864 0.488 0.261 0.137 0.077 0.048 0.034 0.028 0.025 0.022 0.020 0.017 0.015 0.013 0.011 0.010 0.008 0.007 0.006 0.006 0.005 0.005 0.005 0.005 0.005 0.005 0.006 0.006 0.007 0.008 0.009 0.011 0.012 0.014 0.015 0.016 0.018 0.020 0.022 0.024 0.028 0.034 0.044 0.061 0.093 0.151 0.244 0.346 0.417
16.942 18.586 20.077 21.379 22.420 23.137 23.511 23.609 23.545 23.310 22.966 22.539 22.061 21.524 20.930 20.312 19.658 18.925 17.966 16.608 14.803 12.627 10.168 7.507 5.065 3.133 1.756 0.904 0.455 0.231 0.121 0.067 0.041 0.028 0.021 0.018 0.016 0.015 0.013 0.011 0.010 0.009 0.008 0.007 0.006 0.005 0.004 0.004 0.003 0.003 0.003 0.003 0.003 0.003 0.003 0.004 0.005 0.005 0.007 0.008 0.009 0.011 0.012 0.014 0.015 0.017 0.019 0.022 0.025 0.030 0.038 0.052 0.075 0.114 0.175 0.258 0.336
15.352 16.967 18.432 19.719 20.778 21.562 22.016 22.130 21.992 21.621 21.345 21.150 20.757 19.984 19.103 18.354 17.621 16.829 15.808 14.362 12.444 10.129 7.600 5.175 3.179 1.738 0.835 0.367 0.169 0.089 0.052 0.034 0.024 0.018 0.015 0.013 0.011 0.010 0.009 0.008 0.007 0.006 0.005 0.004 0.004 0.003 0.002 0.002 0.002 0.002 0.002 0.002 0.002 0.002 0.002 0.002 0.003 0.003 0.004 0.005 0.007 0.008 0.009 0.011 0.013 0.015 0.017 0.019 0.023 0.027 0.034 0.045 0.063 0.092 0.135 0.195 0.264
13.442 14.931 16.360 17.705 18.919 19.943 20.642 20.892 20.785 20.426 20.179 19.994 19.548 18.637 17.640 16.803 15.939 14.872 13.450 11.578 9.197 6.590 4.263 2.555 1.414 0.702 0.305 0.126 0.062 0.038 0.026 0.020 0.015 0.012 0.010 0.009 0.008 0.007 0.006 0.005 0.004 0.004 0.003 0.003 0.002 0.002 0.001 0.001 0.001 0.001 0.001 0.000 0.001 0.001 0.001 0.001 0.001 0.002 0.003 0.004 0.005 0.006 0.007 0.009 0.011 0.013 0.015 0.017 0.021 0.025 0.031 0.041 0.056 0.079 0.111 0.156 0.210
11.292 12.656 14.084 15.567 17.031 18.324 19.255 19.652 19.614 19.320 18.983 18.606 17.977 17.019 16.023 15.106 14.079 12.674 10.705 8.100 5.372 3.157 1.711 0.887 0.447 0.215 0.096 0.047 0.028 0.021 0.016 0.013 0.011 0.009 0.007 0.006 0.005 0.005 0.004 0.003 0.003 0.002 0.002 0.001 0.001 0.001 0.000 0.000 0.000 0.000 0.000 0.000 0.000 0.000 0.000 0.000 0.001 0.001 0.001 0.002 0.003 0.004 0.005 0.007 0.009 0.011 0.013 0.016 0.019 0.023 0.030 0.039 0.052 0.071 0.097 0.129 0.170
9.336 10.577 11.891 13.342 14.878 16.261 17.303 17.821 17.873 17.602 17.017 16.224 15.313 14.362 13.400 12.369 11.075 9.216 6.645 4.056 2.172 1.022 0.448 0.213 0.114 0.062 0.035 0.022 0.016 0.013 0.011 0.009 0.007 0.006 0.005 0.004 0.003 0.003 0.002 0.002 0.001 0.001 0.001 0.000 0.000 0.000 0.000 0.000 0.000 0.000 0.000 0.000 0.000 0.000 0.000 0.000 0.000 0.000 0.001 0.001 0.002 0.003 0.004 0.005 0.007 0.009 0.012 0.015 0.018 0.023 0.029 0.038 0.050 0.067 0.087 0.111 0.139
7.505 8.546 9.609 10.735 11.898 12.998 13.937 14.485 14.597 14.352 13.610 12.461 11.211 10.089 8.979 7.761 6.263 4.411 2.546 1.244 0.522 0.205 0.094 0.056 0.036 0.025 0.018 0.014 0.011 0.009 0.008 0.006 0.005 0.004 0.003 0.003 0.002 0.001 0.001 0.001 0.000 0.000 0.000 0.000 0.000 0.000 0.000 0.000 0.000 0.000 0.000 0.000 0.000 0.000 0.000 0.000 0.000 0.000 0.000 0.000 0.001 0.002 0.003 0.004 0.006 0.008 0.010 0.013 0.017 0.022 0.028 0.037 0.048 0.063 0.079 0.098 0.119
5.577 6.219 6.712 7.128 7.539 8.035 8.641 9.080 9.211 9.064 8.436 7.287 5.936 4.841 3.930 3.084 2.183 1.242 0.563 0.219 0.090 0.047 0.031 0.023 0.018 0.014 0.011 0.009 0.008 0.006 0.005 0.004 0.003 0.003 0.002 0.001 0.001 0.001 0.000 0.000 0.000 0.000 0.000 0.000 0.000 0.000 0.000 0.000 0.000 0.000 0.000 0.000 0.000 0.000 0.000 0.000 0.000 0.000 0.000 0.000 0.000 0.001 0.002 0.003 0.005 0.007 0.009 0.012 0.016 0.021 0.027 0.035 0.046 0.059 0.073 0.090 0.109
3.282 3.377 3.383 3.346 3.334 3.404 3.609 3.795 3.854 3.799 3.515 2.928 2.132 1.498 1.064 0.742 0.448 0.214 0.092 0.045 0.028 0.021 0.017 0.014 0.012 0.010 0.008 0.007 0.005 0.004 0.003 0.003 0.002 0.001 0.001 0.000 0.000 0.000 0.000 0.000 0.000 0.000 0.000 0.000 0.000 0.000 0.000 0.000 0.000 0.000 0.000 0.000 0.000 0.000 0.000 0.000 0.000 0.000 0.000 0.000 0.000 0.000 0.001 0.002 0.004 0.006 0.008 0.011 0.015 0.020 0.026 0.033 0.043 0.054 0.068 0.086 0.107
1.454 1.315 1.207 1.107 1.029 0.992 1.011 1.046 1.052 1.030 0.936 0.743 0.478 0.301 0.204 0.138 0.083 0.046 0.028 0.020 0.016 0.013 0.011 0.010 0.008 0.007 0.005 0.004 0.003 0.003 0.002 0.001 0.001 0.000 0.000 0.000 0.000 0.000 0.000 0.000 0.000 0.000 0.000 0.000 0.000 0.000 0.000 0.000 0.000 0.000 0.000 0.000 0.000 0.000 0.000 0.000 0.000 0.000 0.000 0.000 0.000 0.000 0.001 0.001 0.003 0.005 0.007 0.010 0.014 0.019 0.024 0.031 0.040 0.050 0.065 0.084 0.107
0.462 0.375 0.330 0.298 0.270 0.251 0.243 0.239 0.234 0.224 0.201 0.156 0.100 0.068 0.050 0.037 0.027 0.020 0.016 0.013 0.011 0.009 0.008 0.007 0.006 0.004 0.004 0.003 0.002 0.001 0.001 0.000 0.000 0.000 0.000 0.000 0.000 0.000 0.000 0.000 0.000 0.000 0.000 0.000 0.000 0.000 0.000 0.000 0.000 0.000 0.000 0.000 0.000 0.000 0.000 0.000 0.000 0.000 0.000 0.000 0.000 0.000 0.000 0.001 0.002 0.004 0.006 0.009 0.013 0.017 0.022 0.028 0.036 0.047 0.062 0.083 0.109
0.132 0.110 0.099 0.091 0.084 0.077 0.071 0.067 0.064 0.060 0.055 0.045 0.033 0.026 0.022 0.018 0.015 0.013 0.011 0.009 0.008 0.006 0.005 0.004 0.004 0.003 0.002 0.001 0.001 0.000 0.000 0.000 0.000 0.000 0.000 0.000 0.000 0.000 0.000 0.000 0.000 0.000 0.000 0.000 0.000 0.000 0.000 0.000 0.000 0.000 0.000 0.000 0.000 0.000 0.000 0.000 0.000 0.000 0.000 0.000 0.000 0.000 0.000 0.000 0.001 0.003 0.005 0.007 0.011 0.015 0.020 0.025 0.032 0.042 0.057 0.079 0.107
0.046 0.041 0.039 0.037 0.035 0.033 0.030 0.028 0.027 0.025 0.024 0.021 0.018 0.016 0.014 0.012 0.010 0.009 0.007 0.006 0.005 0.004 0.003 0.003 0.002 0.001 0.001 0.001 0.000 0.000 0.000 0.000 0.000 0.000 0.000 0.000 0.000 0.000 0.000 0.000 0.000 0.000 0.000 0.000 0.000 0.000 0.000 0.000 0.000 0.000 0.000 0.000 0.000 0.000 0.000 0.000 0.000 0.000 0.000 0.000 0.000 0.000 0.000 0.000 0.001 0.002 0.003 0.006 0.009 0.012 0.016 0.021 0.027 0.035 0.048 0.067 0.094
0.022 0.021 0.020 0.020 0.019 0.018 0.017 0.016 0.015 0.015 0.014 0.013 0.012 0.011 0.009 0.008 0.007 0.006 0.005 0.004 0.003 0.003 0.002 0.001 0.001 0.001 0.000 0.000 0.000 0.000 0.000 0.000 0.000 0.000 0.000 0.000 0.000 0.000 0.000 0.000 0.000 0.000 0.000 0.000 0.000 0.000 0.000 0.000 0.000 0.000 0.000 0.000 0.000 0.000 0.000 0.000 0.000 0.000 0.000 0.000 0.000 0.000 0.000 0.000 0.000 0.001 0.002 0.004 0.006 0.009 0.012 0.016 0.020 0.026 0.034 0.047 0.067
0.013 0.013 0.012 0.012 0.012 0.012 0.011 0.011 0.010 0.010 0.009 0.009 0.008 0.007 0.006 0.005 0.004 0.004 0.003 0.002 0.002 0.001 0.001 0.000 0.000 0.000 0.000 0.000 0.000 0.000 0.000 0.000 0.000 0.000 0.000 0.000 0.000 0.000 0.000 0.000 0.000 0.000 0.000 0.000 0.000 0.000 0.000 0.000 0.000 0.000 0.000 0.000 0.000 0.000 0.000 0.000 0.000 0.000 0.000 0.000 0.000 0.000 0.000 0.000 0.000 0.001 0.001 0.003 0.004 0.006 0.009 0.012 0.015 0.018 0.023 0.030 0.041
0.008 0.008 0.008 0.008 0.008 0.008 0.007 0.007 0.007 0.006 0.006 0.006 0.005 0.005 0.004 0.003 0.003 0.002 0.001 0.001 0.001 0.000 0.000 0.000 0.000 0.000 0.000 0.000 0.000 0.000 0.000 0.000 0.000 0.000 0.000 0.000 0.000 0.000 0.000 0.000 0.000 0.000 0.000 0.000 0.000 0.000 0.000 0.000 0.000 0.000 0.000 0.000 0.000 0.000 0.000 0.000 0.000 0.000 0.000 0.000 0.000 0.000 0.000 0.000 0.000 0.000 0.001 0.002 0.003 0.004 0.006 0.008 0.010 0.013 0.016 0.020 0.026
0.005 0.005 0.005 0.005 0.005 0.005 0.005 0.004 0.004 0.004 0.004 0.003 0.003 0.003 0.002 0.002 0.001 0.001 0.001 0.000 0.000 0.000 0.000 0.000 0.000 0.000 0.000 0.000 0.000 0.000 0.000 0.000 0.000 0.000 0.000 0.000 0.000 0.000 0.000 0.000 0.000 0.000 0.000 0.000 0.000 0.000 0.000 0.000 0.000 0.000 0.000 0.000 0.000 0.000 0.000 0.000 0.000 0.000 0.000 0.000 0.000 0.000 0.000 0.000 0.000 0.000 0.000 0.001 0.002 0.003 0.004 0.006 0.007 0.009 0.011 0.014 0.018
0.003 0.003 0.003 0.003 0.003 0.003 0.003 0.003 0.002 0.002 0.002 0.002 0.001 0.001 0.001 0.001 0.000 0.000 0.000 0.000 0.000 0.000 0.000 0.000 0.000 0.000 0.000 0.000 0.000 0.000 0.000 0.000 0.000 0.000 0.000 0.000 0.000 0.000 0.000 0.000 0.000 0.000 0.000 0.000 0.000 0.000 0.000 0.000 0.000 0.000 0.000 0.000 0.000 0.000 0.000 0.000 0.000 0.000 0.000 0.000 0.000 0.000 0.000 0.000 0.000 0.000 0.000 0.000 0.001 0.001 0.002 0.004 0.005 0.006 0.008 0.010 0.013
0.002 0.002 0.002 0.001 0.001 0.001 0.001 0.001 0.001 0.001 0.001 0.001 0.000 0.000 0.000 0.000 0.000 0.000 0.000 0.000 0.000 0.000 0.000 0.000 0.000 0.000 0.000 0.000 0.000 0.000 0.000 0.000 0.000 0.000 0.000 0.000 0.000 0.000 0.000 0.000 0.000 0.000 0.000 0.000 0.000 0.000 0.000 0.000 0.000 0.000 0.000 0.000 0.000 0.000 0.000 0.000 0.000 0.000 0.000 0.000 0.000 0.000 0.000 0.000 0.000 0.000 0.000 0.000 0.000 0.001 0.001 0.002 0.003 0.004 0.006 0.007 0.009
0.000 0.000 0.000 0.000 0.000 0.000 0.000 0.000 0.000 0.000 0.000 0.000 0.000 0.000 0.000 0.000 0.000 0.000 0.000 0.000 0.000 0.000 0.000 0.000 0.000 0.000 0.000 0.000 0.000 0.000 0.000 0.000 0.000 0.000 0.000 0.000 0.000 0.000 0.000 0.000 0.000 0.000 0.000 0.000 0.000 0.000 0.000 0.000 0.000 0.000 0.000 0.000 0.000 0.000 0.000 0.000 0.000 0.000 0.000 0.000 0.000 0.000 0.000 0.000 0.000 0.000 0.000 0.000 0.000 0.000 0.000 0.001 0.002 0.003 0.004 0.005 0.006
0.000 0.000 0.000 0.000 0.000 0.000 0.000 0.000 0.000 0.000 0.000 0.000 0.000 0.000 0.000 0.000 0.000 0.000 0.000 0.000 0.000 0.000 0.000 0.000 0.000 0.000 0.000 0.000 0.000 0.000 0.000 0.000 0.000 0.000 0.000 0.000 0.000 0.000 0.000 0.000 0.000 0.000 0.000 0.000 0.000 0.000 0.000 0.000 0.000 0.000 0.000 0.000 0.000 0.000 0.000 0.000 0.000 0.000 0.000 0.000 0.000 0.000 0.000 0.000 0.000 0.000 0.000 0.000 0.000 0.000 0.000 0.000 0.001 0.001 0.002 0.003 0.004
0.000 0.000 0.000 0.000 0.000 0.000 0.000 0.000 0.000 0.000 0.000 0.000 0.000 0.000 0.000 0.000 0.000 0.000 0.000 0.000 0.000 0.000 0.000 0.000 0.000 0.000 0.000 0.000 0.000 0.000 0.000 0.000 0.000 0.000 0.000 0.000 0.000 0.000 0.000 0.000 0.000 0.000 0.000 0.000 0.000 0.000 0.000 0.000 0.000 0.000 0.000 0.000 0.000 0.000 0.000 0.000 0.000 0.000 0.000 0.000 0.000 0.000 0.000 0.000 0.000 0.000 0.000 0.000 0.000 0.000 0.000 0.000 0.000 0.000 0.001 0.002 0.002
0.000 0.000 0.000 0.000 0.000 0.000 0.000 0.000 0.000 0.000 0.000 0.000 0.000 0.000 0.000 0.000 0.000 0.000 0.000 0.000 0.000 0.000 0.000 0.000 0.000 0.000 0.000 0.000 0.000 0.000 0.000 0.000 0.000 0.000 0.000 0.000 0.000 0.000 0.000 0.000 0.000 0.000 0.000 0.000 0.000 0.000 0.000 0.000 0.000 0.000 0.000 0.000 0.000 0.000 0.000 0.000 0.000 0.000 0.000 0.000 0.000 0.000 0.000 0.000 0.000 0.000 0.000 0.000 0.000 0.000 0.000 0.000 0.000 0.000 0.000 0.001 0.001
0.000 0.000 0.000 0.000 0.000 0.000 0.000 0.000 0.000 0.000 0.000 0.000 0.000 0.000 0.000 0.000 0.000 0.000 0.000 0.000 0.000 0.000 0.000 0.000 0.000 0.000 0.000 0.000 0.000 0.000 0.000 0.000 0.000 0.000 0.000 0.000 0.000 0.000 0.000 0.000 0.000 0.000 0.000 0.000 0.000 0.000 0.000 0.000 0.000 0.000 0.000 0.000 0.000 0.000 0.000 0.000 0.000 0.000 0.000 0.000 0.000 0.000 0.000 0.000 0.000 0.000 0.000 0.000 0.000 0.000 0.000 0.000 0.000 0.000 0.000 0.000 0.000
0.000 0.000 0.000 0.000 0.000 0.000 0.000 0.000 0.000 0.000 0.000 0.000 0.000 0.000 0.000 0.000 0.000 0.000 0.000 0.000 0.000 0.000 0.000 0.000 0.000 0.000 0.000 0.000 0.000 0.000 0.000 0.000 0.000 0.000 0.000 0.000 0.000 0.000 0.000 0.000 0.000 0.000 0.000 0.000 0.000 0.000 0.000 0.000 0.000 0.000 0.000 0.000 0.000 0.000 0.000 0.000 0.000 0.000 0.000 0.000 0.000 0.000 0.000 0.000 0.000 0.000 0.000 0.000 0.000 0.000 0.000 0.000 0.000 0.000 0.000 0.000 0.000
0.000 0.000 0.000 0.000 0.000 0.000 0.000 0.000 0.000 0.000 0.000 0.000 0.000 0.000 0.000 0.000 0.000 0.000 0.000 0.000 0.000 0.000 0.000 0.000 0.000 0.000 0.000 0.000 0.000 0.000 0.000 0.000 0.000 0.000 0.000 0.000 0.000 0.000 0.000 0.000 0.000 0.000 0.000 0.000 0.000 0.000 0.000 0.000 0.000 0.000 0.000 0.000 0.000 0.000 0.000 0.000 0.000 0.000 0.000 0.000 0.000 0.000 0.000 0.000 0.000 0.000 0.000 0.000 0.000 0.000 0.000 0.000 0.000 0.000 0.000 0.000 0.000
