RESULTS/r.avaflow_results/33_results/33_ascii/33_hflow10038.asc
ncols 506
nrows 317
xllcenter 498237.50
yllcenter 5580050.00
cellsize 12.50
NODATA_value -9999.000
[rows 170 to 203 of 317, columns 77 to 153 of 506]
0.000 0.000 0.000 0.000 0.000 0.000 0.000 0.000 0.000 0.000 0.000 0.000 0.001 0.001 0.003 0.005 0.008 0.011 0.013 0.015 0.017 0.019 0.027 0.048 0.090 0.140 0.171 0.190 0.205 0.219 0.229 0.234 0.234 0.234 0.235 0.245 0.271 0.301 0.314 0.314 0.296 0.252 0.224 0.225 0.287 0.435 0.643 0.868 1.124 1.468 1.987 2.825 4.006 5.069 5.606 5.733 5.735 5.773 5.820 5.839 5.817 5.708 5.475 5.115 4.639 4.055 3.401 2.811 2.304 1.872 1.508 1.209 0.967 0.770 0.611 0.484 0.382
0.000 0.000 0.000 0.000 0.000 0.000 0.000 0.000 0.000 0.000 0.000 0.001 0.003 0.006 0.011 0.016 0.023 0.029 0.036 0.041 0.047 0.057 0.079 0.119 0.177 0.225 0.250 0.267 0.283 0.296 0.305 0.309 0.310 0.310 0.315 0.335 0.379 0.426 0.446 0.444 0.421 0.383 0.376 0.454 0.685 1.052 1.452 1.857 2.322 2.928 3.732 4.698 5.613 6.165 6.349 6.339 6.301 6.279 6.269 6.236 6.159 6.000 5.735 5.340 4.817 4.178 3.491 2.886 2.370 1.933 1.568 1.266 1.017 0.814 0.647 0.513 0.404
0.000 0.000 0.000 0.000 0.000 0.000 0.000 0.000 0.000 0.001 0.002 0.005 0.009 0.016 0.025 0.036 0.048 0.062 0.077 0.092 0.109 0.136 0.179 0.238 0.293 0.325 0.343 0.360 0.376 0.389 0.398 0.403 0.405 0.406 0.414 0.445 0.505 0.572 0.608 0.619 0.615 0.621 0.717 1.012 1.536 2.153 2.731 3.315 4.018 4.826 5.597 6.235 6.657 6.826 6.844 6.800 6.741 6.676 6.612 6.530 6.413 6.221 5.921 5.488 4.929 4.248 3.548 2.944 2.427 1.990 1.620 1.313 1.055 0.844 0.671 0.532 0.420
0.000 0.000 0.000 0.000 0.000 0.000 0.000 0.000 0.001 0.002 0.006 0.011 0.019 0.031 0.045 0.063 0.084 0.109 0.138 0.171 0.209 0.259 0.326 0.386 0.422 0.442 0.458 0.475 0.490 0.503 0.512 0.517 0.520 0.523 0.534 0.571 0.642 0.733 0.808 0.870 0.941 1.094 1.449 2.085 2.934 3.726 4.429 5.134 5.844 6.488 6.995 7.298 7.405 7.378 7.281 7.173 7.081 6.993 6.891 6.768 6.616 6.391 6.055 5.588 4.994 4.280 3.583 2.983 2.468 2.029 1.656 1.343 1.079 0.863 0.686 0.544 0.430
0.000 0.000 0.000 0.000 0.000 0.000 0.000 0.000 0.002 0.005 0.010 0.019 0.032 0.049 0.071 0.098 0.131 0.171 0.220 0.276 0.343 0.420 0.494 0.542 0.566 0.583 0.599 0.615 0.629 0.641 0.649 0.654 0.657 0.659 0.670 0.710 0.789 0.909 1.059 1.233 1.475 1.933 2.706 3.749 4.789 5.630 6.296 6.856 7.341 7.731 7.989 8.073 8.035 7.894 7.663 7.478 7.352 7.241 7.119 6.973 6.795 6.533 6.154 5.645 5.015 4.287 3.602 3.007 2.493 2.052 1.676 1.358 1.092 0.873 0.695 0.551 0.435
0.000 0.000 0.000 0.000 0.000 0.000 0.000 0.000 0.002 0.006 0.013 0.025 0.041 0.066 0.098 0.140 0.191 0.253 0.326 0.414 0.510 0.603 0.671 0.712 0.736 0.754 0.770 0.785 0.798 0.808 0.813 0.815 0.813 0.811 0.815 0.844 0.924 1.077 1.326 1.689 2.230 3.137 4.462 5.777 6.762 7.464 7.946 8.277 8.536 8.702 8.766 8.713 8.579 8.335 8.003 7.737 7.564 7.437 7.308 7.148 6.942 6.636 6.214 5.670 5.017 4.287 3.608 3.015 2.501 2.058 1.681 1.361 1.096 0.877 0.699 0.553 0.436
0.000 0.000 0.000 0.000 0.000 0.000 0.000 0.000 0.002 0.007 0.014 0.027 0.047 0.077 0.119 0.176 0.251 0.347 0.463 0.590 0.710 0.808 0.874 0.916 0.942 0.962 0.978 0.992 1.002 1.007 1.009 1.004 0.991 0.972 0.957 0.968 1.038 1.207 1.518 2.028 2.860 4.258 6.109 7.538 8.460 9.014 9.298 9.423 9.501 9.500 9.415 9.248 9.012 8.701 8.320 7.990 7.759 7.611 7.477 7.298 7.064 6.713 6.245 5.673 5.009 4.278 3.604 3.011 2.495 2.053 1.675 1.357 1.093 0.875 0.698 0.552 0.435
0.000 0.000 0.000 0.000 0.000 0.000 0.000 0.000 0.002 0.007 0.014 0.027 0.049 0.082 0.130 0.197 0.292 0.422 0.596 0.791 0.940 1.047 1.120 1.167 1.197 1.216 1.230 1.240 1.245 1.245 1.240 1.223 1.191 1.139 1.092 1.084 1.132 1.294 1.632 2.223 3.242 5.027 7.333 8.942 9.852 10.254 10.358 10.347 10.272 10.109 9.902 9.648 9.346 9.004 8.614 8.249 7.976 7.788 7.621 7.414 7.138 6.742 6.246 5.657 4.977 4.240 3.569 2.980 2.466 2.029 1.653 1.339 1.078 0.864 0.689 0.546 0.430
0.000 0.000 0.000 0.000 0.000 0.000 0.000 0.000 0.002 0.006 0.014 0.026 0.048 0.083 0.134 0.206 0.311 0.462 0.679 0.964 1.197 1.337 1.427 1.480 1.511 1.527 1.536 1.540 1.537 1.526 1.508 1.474 1.416 1.323 1.226 1.192 1.214 1.350 1.686 2.317 3.431 5.445 8.162 10.008 10.912 11.178 11.161 11.037 10.820 10.524 10.238 9.935 9.604 9.253 8.879 8.500 8.196 7.964 7.746 7.492 7.164 6.736 6.219 5.602 4.896 4.157 3.496 2.916 2.411 1.981 1.612 1.305 1.051 0.843 0.673 0.535 0.422
0.000 0.000 0.000 0.000 0.000 0.000 0.000 0.000 0.001 0.005 0.011 0.023 0.044 0.079 0.132 0.207 0.315 0.475 0.712 1.059 1.453 1.695 1.807 1.866 1.894 1.905 1.906 1.899 1.883 1.858 1.820 1.764 1.676 1.530 1.370 1.294 1.293 1.397 1.714 2.357 3.501 5.584 8.579 10.708 11.643 11.812 11.732 11.503 11.145 10.763 10.431 10.111 9.788 9.458 9.110 8.728 8.390 8.112 7.847 7.534 7.152 6.690 6.134 5.486 4.752 4.024 3.380 2.817 2.328 1.909 1.554 1.259 1.016 0.817 0.654 0.519 0.410
0.000 0.000 0.000 0.000 0.000 0.000 0.000 0.000 0.001 0.002 0.006 0.015 0.033 0.065 0.117 0.194 0.305 0.468 0.711 1.073 1.590 2.060 2.280 2.338 2.355 2.356 2.347 2.325 2.291 2.247 2.187 2.103 1.973 1.773 1.539 1.402 1.374 1.447 1.740 2.374 3.517 5.584 8.651 11.006 12.077 12.220 12.055 11.737 11.284 10.874 10.519 10.211 9.908 9.604 9.282 8.919 8.554 8.226 7.903 7.548 7.115 6.600 5.987 5.292 4.538 3.838 3.220 2.682 2.217 1.819 1.484 1.206 0.977 0.788 0.632 0.502 0.396
0.000 0.000 0.000 0.000 0.000 0.000 0.000 0.000 0.000 0.001 0.002 0.006 0.016 0.038 0.079 0.148 0.253 0.408 0.644 1.013 1.564 2.258 2.739 2.892 2.898 2.886 2.863 2.824 2.769 2.700 2.613 2.495 2.321 2.071 1.760 1.547 1.476 1.518 1.777 2.395 3.519 5.488 8.499 11.000 12.225 12.422 12.209 11.817 11.312 10.894 10.537 10.240 9.966 9.692 9.398 9.065 8.690 8.312 7.940 7.533 7.052 6.473 5.784 5.017 4.262 3.594 3.015 2.511 2.081 1.715 1.407 1.150 0.937 0.758 0.609 0.485 0.384
0.000 0.000 0.000 0.000 0.000 0.000 0.000 0.000 0.000 0.000 0.001 0.002 0.005 0.014 0.033 0.072 0.140 0.254 0.446 0.782 1.356 2.214 3.027 3.425 3.501 3.491 3.454 3.395 3.318 3.223 3.104 2.947 2.733 2.441 2.067 1.777 1.645 1.652 1.865 2.454 3.545 5.336 8.137 10.769 12.155 12.449 12.254 11.820 11.297 10.861 10.517 10.235 9.974 9.718 9.459 9.157 8.792 8.385 7.961 7.494 6.968 6.326 5.578 4.768 4.025 3.377 2.821 2.345 1.944 1.608 1.328 1.094 0.897 0.730 0.589 0.473 0.378
0.000 0.000 0.000 0.000 0.000 0.000 0.000 0.000 0.000 0.000 0.000 0.001 0.001 0.004 0.010 0.024 0.050 0.098 0.196 0.420 0.940 1.925 3.120 3.820 4.047 4.084 4.069 4.017 3.928 3.809 3.660 3.471 3.224 2.901 2.496 2.150 1.950 1.912 2.062 2.594 3.621 5.242 7.692 10.288 11.783 12.245 12.151 11.767 11.238 10.775 10.433 10.172 9.947 9.721 9.482 9.199 8.851 8.432 7.972 7.466 6.889 6.207 5.429 4.608 3.871 3.231 2.681 2.216 1.829 1.511 1.251 1.037 0.856 0.704 0.575 0.467 0.376
0.000 0.000 0.000 0.000 0.000 0.000 0.000 0.000 0.000 0.000 0.000 0.000 0.001 0.002 0.004 0.009 0.018 0.036 0.075 0.186 0.535 1.451 2.930 4.008 4.462 4.599 4.631 4.612 4.550 4.442 4.281 4.072 3.810 3.478 3.074 2.708 2.465 2.376 2.453 2.875 3.783 5.220 7.212 9.529 11.073 11.712 11.780 11.557 11.093 10.597 10.227 9.973 9.800 9.653 9.468 9.205 8.869 8.464 7.986 7.443 6.829 6.126 5.336 4.519 3.786 3.143 2.588 2.121 1.737 1.425 1.174 0.974 0.811 0.677 0.563 0.464 0.378
0.000 0.000 0.000 0.000 0.000 0.000 0.000 0.000 0.000 0.000 0.000 0.000 0.000 0.001 0.003 0.007 0.013 0.023 0.045 0.104 0.317 1.022 2.503 3.940 4.678 4.988 5.114 5.159 5.142 5.083 4.962 4.763 4.506 4.190 3.818 3.489 3.252 3.135 3.153 3.434 4.132 5.308 6.883 8.691 10.081 10.861 11.105 11.042 10.771 10.320 9.862 9.579 9.426 9.361 9.279 9.125 8.857 8.466 7.990 7.434 6.801 6.084 5.291 4.480 3.746 3.095 2.531 2.055 1.664 1.349 1.099 0.904 0.757 0.646 0.551 0.464 0.380
0.000 0.000 0.000 0.000 0.000 0.000 0.000 0.000 0.000 0.000 0.000 0.000 0.001 0.002 0.004 0.008 0.014 0.024 0.044 0.093 0.238 0.735 1.973 3.627 4.701 5.231 5.498 5.647 5.710 5.707 5.652 5.520 5.311 5.040 4.740 4.498 4.327 4.236 4.219 4.354 4.785 5.586 6.762 8.118 9.206 9.916 10.207 10.236 10.146 9.846 9.373 8.964 8.778 8.761 8.801 8.814 8.718 8.427 7.979 7.419 6.777 6.064 5.280 4.471 3.732 3.074 2.501 2.014 1.611 1.285 1.029 0.833 0.693 0.597 0.521 0.445 0.361
0.000 0.000 0.000 0.000 0.000 0.000 0.000 0.000 0.000 0.000 0.000 0.000 0.001 0.003 0.007 0.013 0.022 0.036 0.059 0.108 0.232 0.585 1.480 3.045 4.491 5.311 5.740 6.024 6.207 6.288 6.295 6.238 6.122 5.948 5.751 5.601 5.513 5.480 5.481 5.534 5.734 6.166 6.918 7.878 8.638 9.169 9.393 9.430 9.396 9.211 8.836 8.331 8.013 7.952 8.064 8.234 8.309 8.194 7.852 7.345 6.732 6.037 5.283 4.484 3.729 3.065 2.488 1.993 1.575 1.234 0.964 0.761 0.615 0.513 0.431 0.350 0.256
0.000 0.000 0.000 0.000 0.000 0.000 0.000 0.000 0.000 0.000 0.000 0.001 0.003 0.007 0.015 0.027 0.045 0.069 0.104 0.161 0.276 0.549 1.187 2.402 4.004 5.188 5.841 6.276 6.600 6.790 6.869 6.868 6.827 6.742 6.626 6.533 6.482 6.468 6.479 6.530 6.653 6.884 7.269 7.841 8.328 8.649 8.804 8.849 8.824 8.689 8.385 7.889 7.471 7.273 7.285 7.451 7.633 7.662 7.506 7.142 6.621 5.991 5.286 4.507 3.730 3.055 2.478 1.979 1.549 1.187 0.899 0.678 0.506 0.367 0.256 0.168 0.099
0.000 0.000 0.000 0.000 0.000 0.000 0.000 0.000 0.000 0.000 0.000 0.002 0.006 0.014 0.032 0.060 0.096 0.141 0.197 0.272 0.389 0.614 1.080 1.975 3.419 4.870 5.790 6.396 6.875 7.197 7.366 7.435 7.443 7.414 7.353 7.285 7.238 7.212 7.207 7.235 7.304 7.424 7.620 7.919 8.200 8.349 8.412 8.436 8.406 8.284 8.003 7.552 7.107 6.807 6.680 6.690 6.797 6.862 6.844 6.661 6.291 5.765 5.129 4.403 3.658 2.998 2.431 1.939 1.503 1.118 0.797 0.541 0.338 0.193 0.106 0.057 0.029
0.000 0.000 0.000 0.000 0.000 0.000 0.000 0.000 0.000 0.000 0.001 0.003 0.011 0.030 0.068 0.125 0.195 0.272 0.357 0.457 0.585 0.778 1.134 1.822 2.997 4.481 5.599 6.375 7.003 7.483 7.785 7.916 7.959 7.964 7.929 7.880 7.829 7.776 7.741 7.728 7.735 7.764 7.829 7.959 8.099 8.161 8.174 8.155 8.088 7.942 7.665 7.254 6.809 6.478 6.252 6.120 6.041 5.986 5.938 5.833 5.586 5.162 4.578 3.908 3.257 2.669 2.144 1.679 1.258 0.881 0.558 0.310 0.155 0.076 0.038 0.019 0.010
0.000 0.000 0.000 0.000 0.000 0.000 0.000 0.000 0.000 0.000 0.002 0.007 0.022 0.062 0.137 0.242 0.360 0.478 0.599 0.731 0.879 1.061 1.334 1.868 2.823 4.157 5.348 6.269 7.041 7.633 8.070 8.301 8.393 8.401 8.372 8.325 8.256 8.186 8.125 8.058 7.985 7.940 7.938 7.975 8.030 8.030 8.004 7.926 7.806 7.633 7.348 6.960 6.524 6.168 5.890 5.661 5.452 5.254 5.055 4.834 4.560 4.160 3.600 2.972 2.401 1.894 1.438 1.038 0.700 0.426 0.230 0.112 0.052 0.025 0.013 0.007 0.004
0.000 0.000 0.000 0.000 0.000 0.000 0.000 0.000 0.000 0.001 0.003 0.013 0.044 0.120 0.251 0.424 0.598 0.767 0.937 1.111 1.290 1.481 1.715 2.113 2.870 3.997 5.171 6.154 7.003 7.696 8.224 8.554 8.699 8.715 8.709 8.662 8.585 8.499 8.406 8.289 8.134 8.022 7.970 7.951 7.940 7.908 7.845 7.719 7.544 7.329 7.028 6.643 6.211 5.832 5.520 5.233 4.954 4.656 4.317 3.913 3.443 2.911 2.338 1.785 1.318 0.936 0.629 0.396 0.232 0.125 0.063 0.030 0.015 0.008 0.005 0.003 0.002
0.000 0.000 0.000 0.000 0.000 0.000 0.000 0.000 0.000 0.001 0.005 0.022 0.078 0.207 0.415 0.668 0.907 1.145 1.379 1.606 1.827 2.048 2.283 2.599 3.147 4.026 5.112 6.117 6.986 7.714 8.283 8.678 8.885 8.927 8.925 8.884 8.814 8.727 8.596 8.427 8.200 8.037 7.947 7.909 7.862 7.797 7.686 7.522 7.301 7.024 6.683 6.289 5.838 5.440 5.112 4.807 4.485 4.102 3.623 3.034 2.396 1.808 1.310 0.905 0.589 0.360 0.207 0.113 0.059 0.030 0.015 0.008 0.005 0.003 0.002 0.001 0.001
0.000 0.000 0.000 0.000 0.000 0.000 0.000 0.000 0.000 0.001 0.005 0.025 0.096 0.274 0.568 0.932 1.281 1.612 1.931 2.227 2.498 2.757 3.015 3.303 3.705 4.323 5.186 6.142 7.008 7.744 8.332 8.746 8.984 9.057 9.073 9.046 8.970 8.871 8.721 8.499 8.220 8.016 7.877 7.809 7.736 7.636 7.485 7.289 7.035 6.701 6.304 5.870 5.400 4.956 4.572 4.214 3.823 3.337 2.710 1.999 1.375 0.924 0.600 0.370 0.213 0.115 0.058 0.028 0.014 0.007 0.004 0.003 0.002 0.001 0.001 0.001 0.001
0.000 0.000 0.000 0.000 0.000 0.000 0.000 0.000 0.000 0.001 0.005 0.024 0.097 0.300 0.662 1.144 1.667 2.161 2.595 2.981 3.317 3.615 3.896 4.180 4.503 4.932 5.536 6.313 7.115 7.805 8.375 8.788 9.052 9.146 9.160 9.132 9.068 8.963 8.784 8.532 8.218 7.959 7.771 7.646 7.527 7.405 7.236 7.004 6.708 6.320 5.867 5.358 4.815 4.231 3.633 3.087 2.550 1.975 1.383 0.894 0.563 0.344 0.204 0.117 0.063 0.031 0.014 0.007 0.003 0.002 0.001 0.001 0.001 0.001 0.001 0.000 0.000
0.000 0.000 0.000 0.000 0.000 0.000 0.000 0.000 0.000 0.001 0.004 0.021 0.090 0.300 0.710 1.302 2.002 2.742 3.378 3.884 4.296 4.638 4.938 5.213 5.490 5.801 6.197 6.734 7.386 7.999 8.505 8.864 9.116 9.216 9.225 9.196 9.104 8.969 8.783 8.536 8.208 7.872 7.601 7.389 7.201 7.035 6.834 6.584 6.265 5.853 5.348 4.753 4.055 3.215 2.378 1.714 1.190 0.769 0.458 0.263 0.152 0.089 0.052 0.030 0.016 0.007 0.003 0.002 0.001 0.001 0.001 0.000 0.000 0.000 0.000 0.000 0.000
0.000 0.000 0.000 0.000 0.000 0.000 0.000 0.000 0.000 0.000 0.003 0.016 0.075 0.280 0.729 1.424 2.279 3.244 4.157 4.891 5.448 5.858 6.172 6.425 6.659 6.869 7.097 7.412 7.850 8.327 8.719 8.999 9.195 9.283 9.288 9.236 9.123 8.970 8.770 8.508 8.179 7.772 7.391 7.078 6.794 6.532 6.251 5.954 5.602 5.163 4.625 3.968 3.141 2.199 1.413 0.849 0.472 0.243 0.120 0.062 0.034 0.020 0.012 0.007 0.003 0.001 0.001 0.000 0.000 0.000 0.000 0.000 0.000 0.000 0.000 0.000 0.000
0.000 0.000 0.000 0.000 0.000 0.000 0.000 0.000 0.000 0.001 0.003 0.013 0.060 0.250 0.726 1.517 2.512 3.621 4.766 5.766 6.545 7.102 7.482 7.742 7.942 8.080 8.186 8.312 8.512 8.778 9.021 9.214 9.310 9.333 9.310 9.221 9.088 8.922 8.708 8.428 8.087 7.646 7.162 6.721 6.315 5.930 5.534 5.125 4.685 4.171 3.577 2.884 2.089 1.328 0.756 0.384 0.176 0.075 0.032 0.014 0.007 0.004 0.002 0.001 0.001 0.000 0.000 0.000 0.000 0.000 0.000 0.000 0.000 0.000 0.000 0.000 0.000
0.000 0.000 0.000 0.001 0.001 0.001 0.001 0.001 0.002 0.002 0.003 0.012 0.056 0.240 0.737 1.598 2.699 3.885 5.152 6.387 7.399 8.129 8.620 8.941 9.139 9.237 9.285 9.328 9.362 9.397 9.423 9.459 9.399 9.326 9.256 9.150 8.998 8.808 8.563 8.274 7.925 7.464 6.915 6.347 5.820 5.318 4.816 4.306 3.770 3.189 2.554 1.882 1.234 0.709 0.352 0.154 0.061 0.023 0.008 0.003 0.001 0.001 0.001 0.000 0.000 0.000 0.000 0.000 0.000 0.000 0.000 0.000 0.000 0.000 0.000 0.000 0.000
0.000 0.001 0.001 0.002 0.002 0.002 0.002 0.002 0.002 0.002 0.004 0.012 0.057 0.254 0.788 1.703 2.843 4.035 5.326 6.734 7.993 8.930 9.551 9.925 10.122 10.206 10.227 10.203 10.132 10.001 9.823 9.657 9.448 9.239 9.071 8.909 8.740 8.573 8.325 8.029 7.666 7.201 6.626 5.978 5.343 4.761 4.191 3.621 3.033 2.421 1.793 1.190 0.692 0.344 0.147 0.057 0.020 0.007 0.002 0.001 0.000 0.000 0.000 0.000 0.000 0.000 0.000 0.000 0.000 0.000 0.000 0.000 0.000 0.000 0.000 0.000 0.000
0.001 0.002 0.003 0.003 0.003 0.003 0.003 0.003 0.003 0.003 0.004 0.014 0.068 0.307 0.901 1.836 2.930 4.085 5.372 6.850 8.312 9.479 10.280 10.726 10.925 10.988 10.976 10.888 10.696 10.417 10.085 9.727 9.386 9.023 8.705 8.441 8.237 8.076 7.854 7.594 7.254 6.821 6.254 5.580 4.872 4.225 3.612 3.013 2.405 1.794 1.216 0.724 0.367 0.157 0.058 0.020 0.006 0.002 0.001 0.000 0.000 0.000 0.000 0.000 0.000 0.000 0.000 0.000 0.000 0.000 0.000 0.000 0.000 0.000 0.000 0.000 0.000
0.004 0.004 0.004 0.005 0.004 0.004 0.004 0.004 0.004 0.004 0.006 0.020 0.095 0.386 1.021 1.931 2.954 4.085 5.375 6.859 8.437 9.774 10.722 11.269 11.484 11.514 11.477 11.339 11.046 10.665 10.215 9.719 9.224 8.665 8.154 7.755 7.480 7.263 7.051 6.815 6.539 6.187 5.716 5.099 4.387 3.693 3.049 2.438 1.836 1.261 0.766 0.398 0.173 0.064 0.021 0.006 0.002 0.001 0.000 0.000 0.000 0.000 0.000 0.000 0.000 0.000 0.000 0.000 0.000 0.000 0.000 0.000 0.000 0.000 0.000 0.000 0.000
0.006 0.006 0.006 0.006 0.005 0.005 0.004 0.004 0.005 0.005 0.009 0.025 0.110 0.428 1.074 1.955 2.936 4.043 5.323 6.798 8.398 9.821 10.892 11.505 11.764 11.791 11.720 11.537 11.176 10.745 10.195 9.586 8.925 8.176 7.466 6.901 6.494 6.184 5.936 5.693 5.472 5.217 4.899 4.430 3.819 3.143 2.468 1.845 1.270 0.778 0.411 0.181 0.067 0.021 0.006 0.002 0.001 0.000 0.000 0.000 0.000 0.000 0.000 0.000 0.000 0.000 0.000 0.000 0.000 0.000 0.000 0.000 0.000 0.000 0.000 0.000 0.000
