RESULTS/r.avaflow_results/33_results/33_ascii/33_hflow10007.asc
ncols 506
nrows 317
xllcenter 498237.50
yllcenter 5580050.00
cellsize 12.50
NODATA_value -9999.000
[rows 170 to 203 of 317, columns 77 to 153 of 506]
0.000 0.000 0.000 0.000 0.000 0.000 0.000 0.000 0.000 0.000 0.000 0.000 0.000 0.000 0.000 0.000 0.000 0.000 0.000 0.000 0.000 0.000 0.000 0.000 0.000 0.001 0.003 0.005 0.009 0.013 0.015 0.015 0.015 0.014 0.011 0.009 0.008 0.008 0.009 0.011 0.015 0.019 0.025 0.051 0.144 0.320 0.551 0.823 1.032 1.134 1.152 1.175 1.366 2.062 3.252 4.154 4.804 5.583 6.458 6.952 7.070 6.958 6.430 5.198 3.530 2.272 1.407 0.838 0.475 0.254 0.129 0.063 0.031 0.015 0.008 0.005 0.003
0.000 0.000 0.000 0.000 0.000 0.000 0.000 0.000 0.000 0.000 0.000 0.000 0.000 0.000 0.000 0.000 0.000 0.000 0.000 0.000 0.000 0.000 0.000 0.001 0.002 0.004 0.007 0.013 0.021 0.028 0.032 0.033 0.032 0.029 0.024 0.021 0.020 0.020 0.022 0.027 0.036 0.047 0.072 0.172 0.404 0.740 1.126 1.573 1.940 2.157 2.250 2.354 2.695 3.419 4.366 5.106 5.810 6.759 7.786 8.334 8.425 8.223 7.449 5.870 3.953 2.565 1.602 0.956 0.543 0.292 0.150 0.075 0.037 0.019 0.011 0.006 0.003
0.000 0.000 0.000 0.000 0.000 0.000 0.000 0.000 0.000 0.000 0.000 0.000 0.000 0.000 0.000 0.000 0.000 0.000 0.000 0.000 0.000 0.000 0.001 0.002 0.004 0.009 0.016 0.027 0.043 0.056 0.063 0.065 0.063 0.057 0.048 0.044 0.042 0.043 0.049 0.062 0.081 0.116 0.222 0.495 0.942 1.466 2.052 2.725 3.312 3.701 3.918 4.079 4.338 4.638 4.959 5.423 6.169 7.312 8.512 9.168 9.277 9.036 8.163 6.450 4.382 2.853 1.794 1.080 0.622 0.343 0.181 0.093 0.047 0.025 0.014 0.008 0.004
0.000 0.000 0.000 0.000 0.000 0.000 0.000 0.000 0.000 0.000 0.000 0.000 0.000 0.000 0.000 0.000 0.000 0.000 0.000 0.000 0.000 0.001 0.002 0.005 0.010 0.019 0.033 0.054 0.084 0.107 0.118 0.121 0.118 0.107 0.091 0.084 0.083 0.086 0.100 0.129 0.180 0.303 0.609 1.154 1.831 2.569 3.403 4.341 5.161 5.728 6.035 6.144 6.119 5.822 5.441 5.511 6.151 7.344 8.708 9.491 9.655 9.461 8.674 7.022 4.848 3.181 2.030 1.249 0.741 0.422 0.229 0.120 0.061 0.031 0.017 0.009 0.005
0.000 0.000 0.000 0.000 0.000 0.000 0.000 0.000 0.000 0.000 0.000 0.000 0.000 0.000 0.000 0.000 0.000 0.000 0.000 0.000 0.001 0.002 0.005 0.010 0.020 0.037 0.063 0.104 0.155 0.192 0.210 0.214 0.210 0.190 0.162 0.149 0.147 0.154 0.181 0.240 0.365 0.688 1.334 2.190 3.092 4.079 5.192 6.296 7.149 7.655 7.860 7.875 7.647 6.924 5.884 5.482 5.824 6.926 8.504 9.505 9.741 9.613 8.993 7.588 5.468 3.627 2.355 1.476 0.884 0.507 0.277 0.144 0.072 0.036 0.018 0.010 0.005
0.000 0.000 0.000 0.000 0.000 0.000 0.000 0.000 0.000 0.000 0.000 0.000 0.000 0.000 0.000 0.000 0.000 0.000 0.000 0.000 0.001 0.004 0.010 0.020 0.039 0.069 0.117 0.189 0.274 0.329 0.355 0.361 0.355 0.322 0.269 0.245 0.242 0.252 0.296 0.401 0.649 1.282 2.398 3.547 4.697 5.906 7.097 8.112 8.852 9.251 9.359 9.294 8.903 7.928 6.380 5.413 5.311 6.062 7.767 9.267 9.721 9.639 9.179 8.012 6.077 4.084 2.631 1.620 0.958 0.547 0.298 0.154 0.076 0.037 0.019 0.010 0.005
0.000 0.000 0.000 0.000 0.000 0.000 0.000 0.000 0.000 0.000 0.000 0.000 0.000 0.000 0.000 0.000 0.000 0.000 0.000 0.001 0.003 0.009 0.019 0.038 0.070 0.123 0.206 0.330 0.460 0.541 0.577 0.583 0.569 0.515 0.422 0.377 0.371 0.385 0.443 0.570 0.898 1.835 3.458 4.903 6.277 7.581 8.719 9.635 10.270 10.570 10.621 10.490 9.976 8.835 6.998 5.550 5.141 5.571 7.074 8.882 9.625 9.624 9.235 8.214 6.441 4.331 2.730 1.659 0.977 0.555 0.301 0.155 0.076 0.037 0.018 0.009 0.005
0.000 0.000 0.000 0.000 0.000 0.000 0.000 0.000 0.000 0.000 0.000 0.000 0.000 0.000 0.000 0.000 0.000 0.000 0.001 0.003 0.007 0.016 0.034 0.066 0.120 0.210 0.349 0.550 0.736 0.848 0.894 0.899 0.873 0.784 0.629 0.550 0.535 0.550 0.602 0.708 1.041 2.185 4.277 6.065 7.636 8.994 10.122 10.985 11.510 11.737 11.758 11.575 10.985 9.738 7.724 5.929 5.261 5.530 6.816 8.619 9.484 9.555 9.202 8.264 6.564 4.409 2.746 1.649 0.961 0.543 0.293 0.151 0.074 0.035 0.017 0.008 0.004
0.000 0.000 0.000 0.000 0.000 0.000 0.000 0.000 0.000 0.000 0.000 0.000 0.000 0.000 0.000 0.000 0.000 0.000 0.001 0.005 0.013 0.028 0.057 0.109 0.199 0.344 0.568 0.872 1.124 1.268 1.324 1.328 1.286 1.141 0.898 0.760 0.719 0.719 0.745 0.820 1.113 2.351 4.905 7.148 8.866 10.265 11.340 12.112 12.529 12.687 12.690 12.517 11.901 10.652 8.548 6.511 5.669 5.802 6.831 8.445 9.231 9.307 8.980 8.128 6.530 4.385 2.695 1.600 0.922 0.514 0.275 0.141 0.068 0.032 0.015 0.007 0.003
0.000 0.000 0.000 0.000 0.000 0.000 0.000 0.000 0.000 0.000 0.000 0.000 0.000 0.000 0.000 0.000 0.000 0.000 0.002 0.007 0.020 0.044 0.090 0.172 0.313 0.540 0.884 1.315 1.638 1.816 1.878 1.880 1.813 1.591 1.228 0.994 0.894 0.868 0.874 0.921 1.156 2.363 5.286 8.132 10.026 11.384 12.355 13.038 13.404 13.521 13.498 13.310 12.715 11.562 9.519 7.275 6.343 6.427 7.136 8.340 8.914 8.919 8.566 7.746 6.261 4.234 2.584 1.514 0.860 0.472 0.250 0.128 0.062 0.028 0.013 0.006 0.003
0.000 0.000 0.000 0.000 0.000 0.000 0.000 0.000 0.000 0.000 0.000 0.000 0.000 0.000 0.000 0.000 0.000 0.000 0.002 0.007 0.023 0.062 0.134 0.258 0.467 0.805 1.313 1.886 2.283 2.493 2.561 2.554 2.440 2.122 1.615 1.244 1.066 1.008 0.999 1.022 1.189 2.282 5.399 9.004 11.162 12.447 13.223 13.721 13.962 14.051 14.040 13.842 13.338 12.343 10.541 8.238 7.091 7.046 7.429 8.190 8.564 8.482 8.027 7.168 5.731 3.874 2.371 1.381 0.777 0.424 0.225 0.115 0.055 0.025 0.011 0.005 0.002
0.000 0.000 0.000 0.000 0.000 0.000 0.000 0.000 0.000 0.000 0.000 0.000 0.000 0.000 0.000 0.000 0.000 0.000 0.001 0.006 0.022 0.069 0.175 0.360 0.662 1.140 1.852 2.581 3.050 3.285 3.353 3.326 3.149 2.727 2.062 1.534 1.257 1.152 1.130 1.141 1.252 2.080 5.070 9.583 12.194 13.385 13.921 14.239 14.371 14.420 14.325 14.088 13.658 12.836 11.391 9.253 7.746 7.396 7.524 7.925 8.128 7.963 7.364 6.363 4.902 3.286 2.040 1.200 0.676 0.371 0.199 0.103 0.049 0.022 0.009 0.004 0.002
0.000 0.000 0.000 0.000 0.000 0.000 0.000 0.000 0.000 0.000 0.000 0.000 0.000 0.000 0.000 0.000 0.000 0.000 0.001 0.003 0.016 0.063 0.194 0.452 0.869 1.516 2.455 3.359 3.905 4.155 4.217 4.170 3.936 3.404 2.584 1.902 1.513 1.344 1.304 1.315 1.402 1.926 4.386 9.343 12.777 14.066 14.444 14.497 14.492 14.485 14.359 14.178 13.750 13.010 11.841 10.108 8.403 7.577 7.384 7.474 7.549 7.343 6.664 5.534 4.038 2.644 1.637 0.968 0.554 0.311 0.171 0.089 0.043 0.019 0.008 0.003 0.001
0.000 0.000 0.000 0.000 0.000 0.000 0.000 0.000 0.000 0.000 0.000 0.000 0.000 0.000 0.000 0.000 0.000 0.000 0.001 0.002 0.008 0.046 0.185 0.507 1.040 1.840 2.984 4.093 4.762 5.055 5.120 5.068 4.797 4.172 3.209 2.386 1.896 1.658 1.590 1.601 1.700 2.096 3.897 8.348 12.495 14.238 14.710 14.731 14.647 14.562 14.338 14.027 13.556 12.914 11.915 10.544 8.952 7.768 7.174 6.918 6.799 6.557 5.939 4.838 3.391 2.151 1.295 0.748 0.423 0.240 0.135 0.072 0.034 0.014 0.005 0.002 0.001
0.000 0.000 0.000 0.000 0.000 0.000 0.000 0.000 0.000 0.000 0.000 0.000 0.000 0.000 0.000 0.000 0.000 0.000 0.001 0.003 0.007 0.029 0.152 0.515 1.159 2.090 3.398 4.738 5.588 5.969 6.055 6.003 5.729 5.065 3.988 3.032 2.465 2.181 2.086 2.093 2.225 2.632 4.030 7.371 11.205 13.490 14.477 14.652 14.502 14.260 13.947 13.437 12.891 12.363 11.581 10.524 9.227 8.000 7.112 6.497 6.087 5.709 5.143 4.143 2.798 1.713 0.996 0.556 0.305 0.170 0.094 0.049 0.023 0.009 0.003 0.001 0.000
0.000 0.000 0.000 0.000 0.000 0.000 0.000 0.000 0.000 0.000 0.000 0.000 0.000 0.000 0.000 0.000 0.001 0.002 0.003 0.006 0.010 0.026 0.113 0.465 1.203 2.258 3.672 5.254 6.368 6.911 7.051 7.011 6.749 6.108 4.980 3.923 3.308 3.014 2.924 2.940 3.106 3.582 4.705 7.027 10.029 12.239 13.534 13.932 13.820 13.429 12.921 12.146 11.489 11.097 10.578 9.948 9.122 8.122 7.148 6.257 5.552 4.962 4.331 3.407 2.209 1.299 0.726 0.390 0.205 0.108 0.057 0.028 0.013 0.005 0.002 0.001 0.000
0.000 0.000 0.000 0.000 0.000 0.000 0.000 0.000 0.000 0.000 0.000 0.000 0.000 0.000 0.000 0.001 0.002 0.004 0.008 0.014 0.023 0.039 0.093 0.372 1.130 2.318 3.816 5.599 7.022 7.831 8.111 8.109 7.900 7.314 6.206 5.092 4.461 4.196 4.142 4.182 4.365 4.849 5.745 7.288 9.426 11.268 12.352 12.691 12.588 12.221 11.683 10.723 9.708 9.223 9.017 8.784 8.448 7.862 7.041 6.032 5.050 4.232 3.482 2.603 1.625 0.918 0.491 0.252 0.126 0.063 0.031 0.014 0.006 0.002 0.001 0.000 0.000
0.000 0.000 0.000 0.000 0.000 0.000 0.000 0.000 0.000 0.000 0.000 0.000 0.000 0.000 0.001 0.003 0.006 0.012 0.022 0.037 0.058 0.081 0.123 0.296 0.956 2.239 3.864 5.765 7.460 8.614 9.158 9.253 9.122 8.640 7.601 6.499 5.917 5.716 5.696 5.752 5.930 6.345 6.944 7.793 9.112 10.572 11.463 11.747 11.670 11.365 10.882 9.877 8.553 7.692 7.371 7.274 7.271 7.073 6.514 5.567 4.422 3.415 2.578 1.783 1.075 0.583 0.298 0.147 0.070 0.032 0.014 0.006 0.003 0.001 0.000 0.000 0.000
0.000 0.000 0.000 0.000 0.000 0.000 0.000 0.000 0.000 0.000 0.000 0.000 0.000 0.001 0.003 0.008 0.016 0.032 0.057 0.094 0.132 0.165 0.200 0.284 0.735 1.967 3.793 5.790 7.658 9.126 9.987 10.271 10.222 9.867 8.929 7.961 7.519 7.386 7.401 7.492 7.573 7.736 7.999 8.316 8.976 9.991 10.720 11.073 11.112 10.868 10.387 9.493 8.110 6.878 6.222 5.930 5.835 5.729 5.357 4.571 3.428 2.355 1.593 1.018 0.583 0.305 0.151 0.072 0.033 0.014 0.006 0.002 0.001 0.000 0.000 0.000 0.000
0.000 0.000 0.000 0.000 0.000 0.000 0.000 0.000 0.000 0.000 0.000 0.000 0.001 0.003 0.009 0.022 0.045 0.082 0.141 0.215 0.272 0.305 0.323 0.353 0.567 1.540 3.490 5.737 7.662 9.337 10.532 11.089 11.191 10.971 10.135 9.265 8.917 8.779 8.772 8.872 8.878 8.782 8.746 8.734 8.923 9.496 10.061 10.410 10.557 10.450 9.971 9.176 7.921 6.567 5.651 5.066 4.623 4.225 3.794 3.104 2.101 1.263 0.756 0.438 0.235 0.119 0.058 0.027 0.012 0.005 0.002 0.001 0.000 0.000 0.000 0.000 0.000
0.000 0.000 0.000 0.000 0.000 0.000 0.000 0.000 0.000 0.000 0.000 0.001 0.003 0.009 0.025 0.056 0.110 0.193 0.315 0.433 0.502 0.523 0.513 0.504 0.591 1.153 2.817 5.342 7.525 9.299 10.761 11.671 11.991 11.905 11.230 10.397 10.020 9.851 9.825 9.871 9.775 9.414 9.095 8.923 8.866 9.045 9.355 9.712 9.960 9.934 9.575 8.881 7.824 6.518 5.427 4.524 3.729 3.010 2.362 1.706 1.043 0.568 0.291 0.145 0.072 0.036 0.018 0.009 0.004 0.002 0.001 0.000 0.000 0.000 0.000 0.000 0.000
0.000 0.000 0.000 0.000 0.000 0.000 0.000 0.000 0.000 0.000 0.000 0.001 0.006 0.022 0.058 0.126 0.234 0.399 0.621 0.785 0.851 0.852 0.796 0.744 0.764 1.043 2.046 4.220 6.923 9.057 10.769 11.969 12.580 12.609 12.156 11.292 10.782 10.572 10.514 10.488 10.268 9.638 9.089 8.870 8.713 8.653 8.721 8.924 9.170 9.265 9.096 8.559 7.702 6.536 5.314 4.088 3.004 2.083 1.361 0.824 0.455 0.228 0.107 0.049 0.023 0.012 0.006 0.003 0.002 0.001 0.000 0.000 0.000 0.000 0.000 0.000 0.000
0.000 0.000 0.000 0.000 0.000 0.000 0.000 0.000 0.000 0.000 0.001 0.003 0.014 0.046 0.118 0.243 0.436 0.735 1.093 1.312 1.379 1.358 1.231 1.122 1.117 1.250 1.790 3.073 5.390 8.035 10.312 11.850 12.729 12.897 12.639 11.837 11.238 11.016 10.895 10.724 10.341 9.532 8.759 8.461 8.262 8.048 7.917 7.959 8.122 8.281 8.288 7.976 7.271 6.242 4.974 3.554 2.319 1.381 0.763 0.396 0.194 0.089 0.039 0.018 0.008 0.004 0.002 0.001 0.001 0.000 0.000 0.000 0.000 0.000 0.000 0.000 0.000
0.000 0.000 0.000 0.000 0.000 0.000 0.000 0.000 0.000 0.000 0.001 0.005 0.021 0.071 0.181 0.376 0.695 1.195 1.740 2.043 2.141 2.115 1.922 1.725 1.698 1.776 2.067 2.790 4.106 6.116 8.643 10.938 12.265 12.758 12.616 12.001 11.388 11.150 10.988 10.770 10.241 9.148 8.041 7.582 7.380 7.140 6.915 6.822 6.834 6.855 6.821 6.666 6.177 5.252 3.973 2.610 1.517 0.800 0.397 0.186 0.082 0.034 0.014 0.007 0.003 0.002 0.001 0.001 0.000 0.000 0.000 0.000 0.000 0.000 0.000 0.000 0.000
0.000 0.000 0.000 0.000 0.000 0.000 0.000 0.000 0.000 0.000 0.001 0.005 0.023 0.080 0.211 0.454 0.870 1.557 2.443 2.974 3.138 3.131 2.925 2.646 2.585 2.653 2.867 3.258 3.974 5.055 6.638 8.860 10.796 11.799 12.023 11.776 11.291 11.043 10.837 10.484 9.727 8.418 7.137 6.465 6.118 5.830 5.593 5.398 5.197 4.863 4.592 4.432 4.143 3.409 2.296 1.360 0.746 0.374 0.174 0.076 0.031 0.013 0.005 0.002 0.001 0.001 0.000 0.000 0.000 0.000 0.000 0.000 0.000 0.000 0.000 0.000 0.000
0.000 0.000 0.000 0.000 0.000 0.000 0.000 0.000 0.000 0.000 0.001 0.005 0.022 0.079 0.215 0.479 0.944 1.732 2.930 3.929 4.327 4.363 4.201 3.896 3.820 3.886 4.102 4.369 4.630 5.090 5.866 7.079 8.655 9.849 10.581 10.823 10.684 10.483 10.207 9.701 8.786 7.434 6.148 5.287 4.741 4.321 3.904 3.440 2.865 2.223 1.873 1.810 1.793 1.523 0.969 0.536 0.279 0.134 0.060 0.025 0.010 0.004 0.002 0.001 0.001 0.000 0.000 0.000 0.000 0.000 0.000 0.000 0.000 0.000 0.000 0.000 0.000
0.000 0.000 0.000 0.000 0.000 0.000 0.000 0.000 0.000 0.000 0.001 0.003 0.017 0.068 0.202 0.473 0.954 1.778 3.124 4.685 5.572 5.805 5.706 5.410 5.297 5.330 5.472 5.670 5.769 5.825 6.011 6.464 7.255 8.068 8.713 9.162 9.368 9.275 8.919 8.262 7.332 6.139 4.969 4.028 3.241 2.567 1.983 1.451 0.970 0.582 0.403 0.397 0.456 0.445 0.296 0.154 0.078 0.037 0.016 0.007 0.003 0.001 0.001 0.000 0.000 0.000 0.000 0.000 0.000 0.000 0.000 0.000 0.000 0.000 0.000 0.000 0.000
0.000 0.000 0.000 0.000 0.000 0.000 0.000 0.000 0.000 0.000 0.000 0.002 0.010 0.047 0.163 0.428 0.921 1.759 3.134 5.105 6.654 7.302 7.352 7.162 7.014 6.904 6.767 6.744 6.700 6.530 6.393 6.421 6.665 7.082 7.403 7.545 7.555 7.378 6.908 6.202 5.349 4.356 3.355 2.483 1.752 1.189 0.759 0.447 0.235 0.109 0.057 0.051 0.068 0.079 0.065 0.034 0.017 0.008 0.003 0.001 0.001 0.000 0.000 0.000 0.000 0.000 0.000 0.000 0.000 0.000 0.000 0.000 0.000 0.000 0.000 0.000 0.000
0.000 0.000 0.000 0.000 0.000 0.000 0.000 0.000 0.000 0.000 0.000 0.001 0.004 0.022 0.101 0.328 0.807 1.652 3.052 5.202 7.381 8.574 8.886 8.858 8.750 8.518 8.129 7.778 7.439 6.973 6.624 6.487 6.437 6.456 6.409 6.136 5.612 4.787 3.875 3.104 2.514 1.992 1.493 1.053 0.689 0.419 0.233 0.117 0.051 0.019 0.007 0.005 0.008 0.011 0.011 0.007 0.003 0.001 0.001 0.000 0.000 0.000 0.000 0.000 0.000 0.000 0.000 0.000 0.000 0.000 0.000 0.000 0.000 0.000 0.000 0.000 0.000
0.000 0.000 0.000 0.000 0.000 0.000 0.000 0.000 0.000 0.000 0.000 0.000 0.001 0.007 0.042 0.184 0.577 1.383 2.787 5.017 7.722 9.498 10.199 10.309 10.231 9.900 9.263 8.511 7.843 7.190 6.696 6.419 6.191 5.868 5.375 4.545 3.296 2.058 1.266 0.835 0.639 0.532 0.427 0.309 0.201 0.123 0.072 0.037 0.016 0.006 0.002 0.001 0.001 0.001 0.001 0.001 0.001 0.000 0.000 0.000 0.000 0.000 0.000 0.000 0.000 0.000 0.000 0.000 0.000 0.000 0.000 0.000 0.000 0.000 0.000 0.000 0.000
0.000 0.000 0.000 0.000 0.000 0.000 0.000 0.000 0.000 0.000 0.000 0.000 0.001 0.002 0.013 0.066 0.278 0.892 2.206 4.486 7.571 9.789 10.829 11.140 11.083 10.714 9.966 8.926 7.971 7.198 6.608 6.155 5.668 4.926 3.695 2.300 1.184 0.590 0.304 0.171 0.120 0.106 0.098 0.083 0.063 0.048 0.035 0.019 0.008 0.002 0.001 0.001 0.000 0.000 0.000 0.000 0.000 0.000 0.000 0.000 0.000 0.000 0.000 0.000 0.000 0.000 0.000 0.000 0.000 0.000 0.000 0.000 0.000 0.000 0.000 0.000 0.000
0.000 0.000 0.000 0.000 0.000 0.000 0.000 0.000 0.000 0.000 0.000 0.000 0.001 0.001 0.004 0.017 0.079 0.318 1.056 2.714 5.475 8.223 9.881 10.609 10.753 10.499 9.828 8.801 7.737 6.854 6.063 5.246 4.164 2.797 1.498 0.702 0.311 0.140 0.069 0.040 0.032 0.032 0.037 0.038 0.036 0.032 0.025 0.012 0.004 0.002 0.001 0.000 0.000 0.000 0.000 0.000 0.000 0.000 0.000 0.000 0.000 0.000 0.000 0.000 0.000 0.000 0.000 0.000 0.000 0.000 0.000 0.000 0.000 0.000 0.000 0.000 0.000
0.000 0.000 0.000 0.000 0.000 0.000 0.000 0.000 0.000 0.000 0.000 0.000 0.001 0.002 0.004 0.010 0.034 0.123 0.406 1.069 2.241 3.865 5.411 6.559 7.131 7.255 7.059 6.537 5.731 4.833 3.837 2.762 1.735 0.945 0.461 0.210 0.089 0.040 0.023 0.018 0.019 0.022 0.028 0.029 0.029 0.026 0.018 0.007 0.003 0.001 0.000 0.000 0.000 0.000 0.000 0.000 0.000 0.000 0.000 0.000 0.000 0.000 0.000 0.000 0.000 0.000 0.000 0.000 0.000 0.000 0.000 0.000 0.000 0.000 0.000 0.000 0.000
0.000 0.000 0.000 0.000 0.000 0.000 0.000 0.000 0.000 0.000 0.000 0.001 0.002 0.004 0.008 0.016 0.044 0.140 0.407 0.956 1.722 2.430 2.950 3.252 3.356 3.242 3.060 2.860 2.559 2.137 1.617 1.115 0.709 0.409 0.205 0.091 0.039 0.020 0.015 0.015 0.017 0.021 0.025 0.025 0.025 0.021 0.012 0.004 0.001 0.001 0.000 0.000 0.000 0.000 0.000 0.000 0.000 0.000 0.000 0.000 0.000 0.000 0.000 0.000 0.000 0.000 0.000 0.000 0.000 0.000 0.000 0.000 0.000 0.000 0.000 0.000 0.000
