RESULTS/r.avaflow_results/33_results/33_ascii/33_hflow0030.asc
ncols 506
nrows 317
xllcenter 498237.50
yllcenter 5580050.00
cellsize 12.50
NODATA_value -9999.000
[rows 170 to 203 of 317, columns 77 to 153 of 506]
0.000 0.000 0.000 0.000 0.000 0.000 0.000 0.000 0.000 0.000 0.000 0.000 0.000 0.000 0.001 0.002 0.003 0.004 0.005 0.006 0.007 0.008 0.013 0.027 0.060 0.099 0.122 0.133 0.144 0.155 0.167 0.180 0.193 0.207 0.225 0.253 0.297 0.334 0.350 0.350 0.330 0.277 0.228 0.215 0.242 0.339 0.497 0.684 0.906 1.219 1.705 2.507 3.741 4.960 5.666 5.969 6.191 6.565 7.142 7.890 8.843 9.992 11.305 12.557 13.410 13.891 14.075 14.100 13.895 13.466 12.883 12.082 11.205 10.544 10.110 9.792 9.563
0.000 0.000 0.000 0.000 0.000 0.000 0.000 0.000 0.000 0.000 0.000 0.000 0.001 0.002 0.004 0.006 0.009 0.013 0.016 0.019 0.023 0.029 0.044 0.076 0.123 0.161 0.179 0.191 0.203 0.215 0.230 0.246 0.263 0.283 0.311 0.357 0.423 0.474 0.494 0.492 0.466 0.401 0.363 0.381 0.523 0.811 1.174 1.558 2.015 2.619 3.421 4.426 5.451 6.130 6.459 6.636 6.855 7.210 7.750 8.469 9.392 10.507 11.785 12.943 13.697 14.077 14.167 14.074 13.807 13.435 12.999 12.544 12.240 12.167 12.236 12.355 12.556
0.000 0.000 0.000 0.000 0.000 0.000 0.000 0.000 0.000 0.000 0.000 0.001 0.002 0.005 0.009 0.015 0.021 0.029 0.038 0.047 0.059 0.078 0.113 0.162 0.208 0.235 0.250 0.263 0.278 0.293 0.311 0.332 0.355 0.383 0.423 0.485 0.574 0.646 0.680 0.686 0.664 0.620 0.628 0.781 1.166 1.726 2.311 2.914 3.653 4.502 5.316 6.023 6.539 6.825 6.991 7.158 7.389 7.721 8.213 8.884 9.754 10.816 12.024 13.096 13.770 14.065 14.106 14.049 13.916 13.763 13.679 13.724 13.894 14.107 14.367 14.827 15.607
0.000 0.000 0.000 0.000 0.000 0.000 0.000 0.000 0.000 0.000 0.001 0.002 0.006 0.011 0.018 0.027 0.039 0.054 0.072 0.094 0.122 0.162 0.219 0.273 0.305 0.324 0.339 0.356 0.373 0.393 0.415 0.441 0.472 0.509 0.560 0.637 0.743 0.848 0.919 0.961 0.983 1.018 1.176 1.595 2.293 3.094 3.852 4.618 5.401 6.121 6.710 7.108 7.317 7.425 7.518 7.632 7.839 8.144 8.590 9.203 10.005 10.981 12.074 13.042 13.644 13.924 14.070 14.205 14.381 14.611 14.826 15.008 15.198 15.441 15.850 16.647 17.950
0.000 0.000 0.000 0.000 0.000 0.000 0.000 0.000 0.000 0.000 0.002 0.005 0.011 0.019 0.030 0.045 0.064 0.089 0.121 0.160 0.211 0.276 0.344 0.390 0.415 0.435 0.454 0.474 0.495 0.519 0.545 0.577 0.615 0.661 0.724 0.814 0.935 1.079 1.221 1.351 1.483 1.691 2.140 2.903 3.866 4.767 5.527 6.193 6.792 7.298 7.675 7.889 7.985 8.039 8.043 8.050 8.198 8.462 8.860 9.407 10.109 10.957 11.889 12.748 13.386 13.822 14.189 14.568 14.948 15.264 15.476 15.634 15.838 16.196 16.842 17.891 19.385
0.000 0.000 0.000 0.000 0.000 0.000 0.000 0.000 0.000 0.001 0.003 0.008 0.016 0.029 0.046 0.069 0.098 0.137 0.186 0.248 0.327 0.411 0.478 0.520 0.549 0.574 0.598 0.623 0.649 0.677 0.707 0.744 0.787 0.841 0.913 1.016 1.162 1.356 1.599 1.876 2.194 2.682 3.532 4.655 5.679 6.459 7.027 7.487 7.889 8.208 8.422 8.538 8.599 8.600 8.524 8.417 8.467 8.673 9.007 9.473 10.066 10.764 11.520 12.292 13.060 13.721 14.258 14.707 15.095 15.386 15.569 15.724 15.952 16.402 17.217 18.380 19.814
0.000 0.000 0.000 0.000 0.000 0.000 0.000 0.000 0.000 0.001 0.003 0.009 0.019 0.036 0.061 0.094 0.140 0.199 0.273 0.365 0.473 0.568 0.637 0.684 0.720 0.751 0.780 0.810 0.840 0.872 0.908 0.946 0.991 1.049 1.127 1.238 1.414 1.668 2.006 2.430 2.968 3.795 5.081 6.427 7.361 7.957 8.306 8.553 8.767 8.936 9.042 9.098 9.117 9.071 8.946 8.760 8.681 8.800 9.060 9.433 9.900 10.437 11.044 11.763 12.649 13.471 14.061 14.487 14.807 15.014 15.126 15.248 15.476 15.998 16.916 18.136 19.531
0.000 0.000 0.000 0.000 0.000 0.000 0.000 0.000 0.000 0.001 0.004 0.009 0.021 0.040 0.069 0.111 0.172 0.258 0.374 0.517 0.655 0.765 0.842 0.898 0.941 0.976 1.008 1.042 1.075 1.111 1.149 1.189 1.231 1.285 1.355 1.451 1.628 1.921 2.334 2.866 3.569 4.669 6.340 7.861 8.779 9.204 9.343 9.405 9.457 9.511 9.545 9.553 9.514 9.425 9.280 9.066 8.885 8.879 9.023 9.282 9.625 10.030 10.508 11.168 12.035 12.827 13.328 13.642 13.816 13.874 13.863 13.891 14.065 14.604 15.621 16.988 18.492
0.000 0.000 0.000 0.000 0.000 0.000 0.000 0.000 0.000 0.001 0.003 0.009 0.021 0.041 0.072 0.118 0.188 0.293 0.451 0.672 0.880 1.017 1.112 1.179 1.226 1.262 1.295 1.328 1.362 1.396 1.435 1.474 1.512 1.549 1.590 1.649 1.799 2.104 2.570 3.191 4.019 5.277 7.239 8.963 9.870 10.148 10.147 10.056 9.980 9.940 9.916 9.882 9.802 9.683 9.527 9.302 9.068 8.962 8.975 9.070 9.240 9.498 9.846 10.374 11.073 11.665 11.987 12.132 12.113 11.980 11.829 11.774 11.964 12.601 13.748 15.283 17.001
0.000 0.000 0.000 0.000 0.000 0.000 0.000 0.000 0.000 0.001 0.003 0.008 0.019 0.039 0.071 0.118 0.191 0.305 0.484 0.763 1.109 1.344 1.464 1.539 1.587 1.621 1.650 1.677 1.705 1.737 1.773 1.809 1.834 1.843 1.834 1.843 1.946 2.239 2.732 3.416 4.349 5.677 7.775 9.711 10.610 10.784 10.702 10.498 10.333 10.232 10.160 10.086 9.988 9.866 9.707 9.477 9.199 9.009 8.913 8.855 8.841 8.889 9.018 9.297 9.723 10.043 10.158 10.132 9.988 9.820 9.710 9.769 10.172 11.020 12.280 13.818 15.530
0.000 0.000 0.000 0.000 0.000 0.000 0.000 0.000 0.000 0.000 0.001 0.005 0.014 0.032 0.062 0.109 0.183 0.298 0.482 0.778 1.232 1.690 1.919 1.995 2.036 2.061 2.080 2.097 2.115 2.141 2.172 2.192 2.193 2.165 2.094 2.045 2.093 2.350 2.847 3.584 4.606 5.966 7.997 10.056 11.045 11.192 11.029 10.742 10.519 10.388 10.289 10.190 10.094 9.984 9.826 9.591 9.295 9.030 8.824 8.644 8.483 8.329 8.223 8.198 8.317 8.406 8.380 8.286 8.161 8.068 8.053 8.226 8.752 9.682 10.944 12.411 14.024
0.000 0.000 0.000 0.000 0.000 0.000 0.000 0.000 0.000 0.000 0.001 0.002 0.006 0.017 0.038 0.077 0.142 0.245 0.418 0.715 1.201 1.872 2.370 2.546 2.579 2.590 2.596 2.599 2.602 2.615 2.629 2.625 2.596 2.529 2.398 2.276 2.269 2.461 2.943 3.724 4.821 6.228 8.131 10.120 11.203 11.395 11.191 10.846 10.588 10.433 10.320 10.225 10.151 10.047 9.891 9.658 9.347 9.018 8.724 8.441 8.162 7.839 7.521 7.242 7.119 7.036 6.914 6.787 6.684 6.645 6.705 6.954 7.506 8.395 9.566 10.899 12.311
0.000 0.000 0.000 0.000 0.000 0.000 0.000 0.000 0.000 0.000 0.000 0.001 0.002 0.005 0.014 0.031 0.066 0.128 0.250 0.501 0.991 1.801 2.646 3.076 3.185 3.201 3.194 3.180 3.171 3.162 3.147 3.116 3.054 2.952 2.776 2.587 2.524 2.635 3.069 3.864 5.004 6.442 8.235 10.036 11.168 11.421 11.250 10.880 10.614 10.431 10.308 10.219 10.137 10.044 9.908 9.681 9.361 8.977 8.605 8.248 7.855 7.394 6.888 6.432 6.152 5.937 5.740 5.582 5.478 5.447 5.525 5.789 6.304 7.077 8.062 9.174 10.343
0.000 0.000 0.000 0.000 0.000 0.000 0.000 0.000 0.000 0.000 0.000 0.000 0.000 0.001 0.004 0.009 0.020 0.041 0.089 0.224 0.619 1.506 2.727 3.475 3.742 3.827 3.852 3.836 3.808 3.772 3.728 3.669 3.580 3.449 3.261 3.040 2.916 2.949 3.286 4.031 5.168 6.650 8.318 9.802 10.894 11.268 11.194 10.880 10.584 10.379 10.258 10.181 10.107 10.020 9.890 9.668 9.346 8.936 8.489 8.049 7.547 6.966 6.337 5.811 5.441 5.130 4.859 4.648 4.505 4.437 4.466 4.656 5.062 5.678 6.475 7.438 8.523
0.000 0.000 0.000 0.000 0.000 0.000 0.000 0.000 0.000 0.000 0.000 0.000 0.000 0.001 0.001 0.004 0.008 0.015 0.031 0.088 0.321 1.087 2.526 3.671 4.166 4.360 4.460 4.493 4.477 4.437 4.373 4.289 4.183 4.046 3.870 3.661 3.513 3.483 3.681 4.280 5.319 6.782 8.272 9.441 10.372 10.864 10.963 10.815 10.559 10.298 10.105 10.015 9.977 9.947 9.846 9.627 9.304 8.888 8.400 7.853 7.244 6.580 5.889 5.333 4.905 4.527 4.190 3.918 3.721 3.595 3.540 3.592 3.815 4.259 4.941 5.842 6.876
0.000 0.000 0.000 0.000 0.000 0.000 0.000 0.000 0.000 0.000 0.000 0.000 0.000 0.001 0.001 0.003 0.006 0.012 0.022 0.052 0.182 0.734 2.110 3.608 4.394 4.751 4.951 5.078 5.128 5.125 5.083 4.992 4.878 4.756 4.619 4.473 4.360 4.311 4.396 4.798 5.616 6.882 8.168 9.085 9.789 10.299 10.558 10.557 10.416 10.136 9.849 9.669 9.609 9.617 9.594 9.479 9.223 8.819 8.301 7.688 7.008 6.262 5.531 4.947 4.477 4.050 3.662 3.335 3.085 2.898 2.761 2.689 2.742 3.000 3.514 4.295 5.194
0.000 0.000 0.000 0.000 0.000 0.000 0.000 0.000 0.000 0.000 0.000 0.000 0.000 0.001 0.002 0.005 0.008 0.014 0.025 0.052 0.141 0.511 1.618 3.289 4.427 4.994 5.320 5.548 5.702 5.771 5.775 5.735 5.659 5.575 5.504 5.449 5.415 5.409 5.454 5.672 6.184 7.064 8.117 8.877 9.383 9.748 9.999 10.099 10.061 9.853 9.498 9.125 8.970 8.980 9.049 9.083 8.988 8.689 8.180 7.533 6.805 6.005 5.250 4.634 4.121 3.653 3.232 2.868 2.572 2.333 2.137 1.984 1.909 1.975 2.237 2.703 3.139
0.000 0.000 0.000 0.000 0.000 0.000 0.000 0.000 0.000 0.000 0.000 0.000 0.001 0.002 0.005 0.009 0.015 0.025 0.040 0.071 0.151 0.409 1.183 2.705 4.219 5.080 5.557 5.912 6.188 6.356 6.420 6.425 6.397 6.364 6.346 6.342 6.358 6.400 6.485 6.651 6.958 7.462 8.173 8.759 9.117 9.350 9.482 9.554 9.541 9.410 9.061 8.538 8.184 8.115 8.237 8.403 8.464 8.336 7.929 7.315 6.591 5.792 5.035 4.382 3.816 3.311 2.866 2.482 2.154 1.877 1.646 1.442 1.272 1.183 1.206 1.322 1.348
0.000 0.000 0.000 0.000 0.000 0.000 0.000 0.000 0.000 0.000 0.000 0.001 0.002 0.004 0.010 0.020 0.034 0.053 0.081 0.123 0.203 0.404 0.939 2.086 3.724 4.966 5.661 6.165 6.563 6.824 6.971 7.028 7.042 7.043 7.049 7.064 7.100 7.155 7.236 7.373 7.584 7.881 8.287 8.681 8.932 9.037 9.087 9.089 9.056 8.932 8.622 8.108 7.627 7.376 7.363 7.504 7.648 7.656 7.433 6.956 6.310 5.571 4.840 4.166 3.546 3.003 2.541 2.142 1.793 1.495 1.239 1.001 0.766 0.597 0.501 0.453 0.396
0.000 0.000 0.000 0.000 0.000 0.000 0.000 0.000 0.000 0.000 0.000 0.001 0.003 0.009 0.022 0.044 0.075 0.114 0.162 0.224 0.313 0.479 0.864 1.696 3.137 4.652 5.614 6.270 6.808 7.203 7.451 7.568 7.608 7.625 7.636 7.646 7.676 7.714 7.767 7.867 8.002 8.157 8.359 8.599 8.754 8.794 8.799 8.738 8.659 8.517 8.224 7.750 7.243 6.869 6.689 6.648 6.684 6.694 6.605 6.313 5.821 5.192 4.508 3.855 3.243 2.690 2.216 1.810 1.451 1.138 0.859 0.602 0.382 0.244 0.171 0.131 0.105
0.000 0.000 0.000 0.000 0.000 0.000 0.000 0.000 0.000 0.000 0.001 0.002 0.006 0.018 0.047 0.096 0.159 0.228 0.303 0.389 0.496 0.647 0.937 1.566 2.730 4.259 5.428 6.259 6.937 7.467 7.814 8.016 8.095 8.112 8.113 8.114 8.126 8.129 8.148 8.200 8.254 8.291 8.367 8.500 8.588 8.596 8.562 8.471 8.333 8.147 7.855 7.418 6.912 6.493 6.192 5.985 5.821 5.665 5.508 5.295 4.949 4.442 3.812 3.204 2.661 2.162 1.717 1.334 1.001 0.710 0.463 0.270 0.147 0.086 0.059 0.046 0.038
0.000 0.000 0.000 0.000 0.000 0.000 0.000 0.000 0.000 0.000 0.001 0.003 0.012 0.039 0.100 0.194 0.302 0.409 0.518 0.637 0.769 0.923 1.151 1.634 2.574 3.934 5.166 6.147 6.964 7.616 8.082 8.359 8.462 8.503 8.497 8.466 8.442 8.416 8.400 8.389 8.367 8.333 8.332 8.381 8.408 8.391 8.330 8.193 8.021 7.793 7.492 7.080 6.591 6.131 5.753 5.432 5.126 4.823 4.515 4.170 3.775 3.297 2.712 2.160 1.690 1.287 0.942 0.660 0.440 0.277 0.162 0.087 0.048 0.032 0.025 0.022 0.020
0.000 0.000 0.000 0.000 0.000 0.000 0.000 0.000 0.000 0.000 0.002 0.007 0.025 0.080 0.191 0.349 0.510 0.664 0.820 0.984 1.153 1.330 1.539 1.904 2.643 3.778 4.995 6.031 6.918 7.674 8.226 8.601 8.755 8.790 8.768 8.722 8.668 8.623 8.572 8.496 8.402 8.319 8.254 8.215 8.204 8.172 8.067 7.906 7.710 7.442 7.114 6.704 6.227 5.724 5.288 4.898 4.520 4.139 3.730 3.256 2.705 2.130 1.584 1.131 0.776 0.514 0.330 0.205 0.124 0.073 0.043 0.026 0.018 0.015 0.014 0.013 0.012
0.000 0.000 0.000 0.000 0.000 0.000 0.000 0.000 0.000 0.000 0.002 0.012 0.046 0.144 0.323 0.557 0.778 0.995 1.219 1.442 1.662 1.880 2.106 2.410 2.950 3.827 4.941 5.991 6.890 7.669 8.263 8.696 8.917 8.978 8.959 8.907 8.834 8.753 8.644 8.511 8.380 8.244 8.131 8.049 7.992 7.902 7.765 7.596 7.360 7.060 6.689 6.263 5.767 5.234 4.760 4.345 3.940 3.508 3.011 2.414 1.777 1.225 0.804 0.499 0.291 0.163 0.090 0.051 0.030 0.019 0.014 0.011 0.009 0.009 0.009 0.008 0.008
0.000 0.000 0.000 0.000 0.000 0.000 0.000 0.000 0.000 0.000 0.003 0.013 0.057 0.190 0.439 0.771 1.093 1.403 1.717 2.014 2.293 2.560 2.828 3.124 3.532 4.157 5.034 6.024 6.913 7.683 8.297 8.745 8.998 9.066 9.048 9.012 8.939 8.832 8.696 8.505 8.294 8.089 7.921 7.795 7.710 7.581 7.418 7.215 6.935 6.613 6.211 5.752 5.221 4.640 4.126 3.681 3.239 2.739 2.125 1.469 0.930 0.563 0.324 0.177 0.092 0.046 0.023 0.013 0.009 0.007 0.007 0.006 0.006 0.006 0.006 0.005 0.005
0.000 0.000 0.000 0.000 0.000 0.000 0.000 0.000 0.000 0.000 0.002 0.012 0.057 0.204 0.505 0.935 1.412 1.880 2.315 2.712 3.065 3.386 3.691 4.001 4.345 4.793 5.415 6.212 7.023 7.742 8.351 8.775 9.032 9.120 9.120 9.082 8.989 8.849 8.681 8.446 8.163 7.871 7.649 7.465 7.323 7.152 6.962 6.709 6.393 6.046 5.628 5.144 4.577 3.921 3.256 2.671 2.118 1.553 1.012 0.600 0.334 0.179 0.095 0.050 0.025 0.012 0.007 0.004 0.004 0.004 0.003 0.003 0.003 0.003 0.003 0.003 0.003
0.000 0.000 0.000 0.000 0.000 0.000 0.000 0.000 0.000 0.000 0.002 0.010 0.051 0.198 0.535 1.061 1.702 2.390 3.015 3.543 3.993 4.373 4.706 5.018 5.328 5.669 6.092 6.659 7.318 7.938 8.460 8.844 9.090 9.183 9.185 9.121 9.012 8.852 8.660 8.380 8.022 7.627 7.304 7.049 6.825 6.590 6.351 6.061 5.727 5.350 4.911 4.413 3.827 3.123 2.326 1.634 1.074 0.637 0.334 0.162 0.079 0.041 0.022 0.012 0.006 0.003 0.002 0.002 0.002 0.002 0.002 0.002 0.002 0.002 0.002 0.002 0.001
0.000 0.000 0.000 0.000 0.000 0.000 0.000 0.000 0.000 0.000 0.001 0.007 0.040 0.178 0.541 1.162 1.958 2.855 3.753 4.501 5.076 5.523 5.889 6.204 6.479 6.733 7.010 7.363 7.804 8.276 8.670 8.966 9.156 9.247 9.273 9.174 9.004 8.808 8.563 8.247 7.850 7.364 6.913 6.556 6.226 5.905 5.596 5.264 4.914 4.510 4.058 3.556 2.971 2.250 1.490 0.893 0.476 0.222 0.092 0.037 0.017 0.008 0.005 0.003 0.002 0.001 0.001 0.001 0.001 0.001 0.001 0.001 0.001 0.001 0.001 0.000 0.000
0.000 0.000 0.000 0.000 0.000 0.000 0.000 0.000 0.000 0.000 0.001 0.005 0.031 0.154 0.535 1.245 2.187 3.236 4.359 5.406 6.227 6.811 7.234 7.554 7.783 7.938 8.091 8.271 8.496 8.763 8.996 9.197 9.310 9.323 9.300 9.157 8.961 8.731 8.423 8.059 7.629 7.097 6.534 6.044 5.607 5.192 4.791 4.371 3.947 3.495 3.016 2.506 1.940 1.325 0.782 0.401 0.177 0.069 0.025 0.009 0.004 0.002 0.001 0.001 0.001 0.000 0.000 0.000 0.000 0.000 0.000 0.000 0.000 0.000 0.000 0.000 0.000
0.000 0.000 0.000 0.000 0.000 0.000 0.000 0.000 0.000 0.000 0.001 0.005 0.030 0.147 0.543 1.325 2.383 3.527 4.765 6.080 7.186 7.987 8.531 8.897 9.120 9.225 9.291 9.325 9.365 9.421 9.453 9.488 9.447 9.336 9.249 9.078 8.848 8.567 8.214 7.806 7.351 6.804 6.187 5.591 5.057 4.561 4.083 3.597 3.108 2.612 2.100 1.584 1.088 0.648 0.325 0.139 0.053 0.019 0.006 0.002 0.001 0.001 0.001 0.000 0.000 0.000 0.000 0.000 0.000 0.000 0.000 0.000 0.000 0.000 0.000 0.000 0.000
0.000 0.000 0.000 0.000 0.000 0.000 0.000 0.000 0.000 0.001 0.001 0.006 0.031 0.158 0.593 1.435 2.541 3.707 4.986 6.467 7.858 8.919 9.643 10.082 10.302 10.379 10.399 10.354 10.243 10.093 9.913 9.725 9.505 9.252 9.036 8.802 8.550 8.275 7.915 7.494 7.029 6.489 5.861 5.183 4.562 4.003 3.474 2.950 2.432 1.923 1.419 0.947 0.551 0.270 0.111 0.041 0.014 0.005 0.002 0.001 0.000 0.000 0.000 0.000 0.000 0.000 0.000 0.000 0.000 0.000 0.000 0.000 0.000 0.000 0.000 0.000 0.000
0.000 0.001 0.001 0.001 0.002 0.002 0.002 0.002 0.002 0.002 0.002 0.007 0.037 0.203 0.706 1.582 2.646 3.779 5.073 6.624 8.274 9.603 10.511 11.043 11.266 11.328 11.305 11.172 10.913 10.580 10.234 9.854 9.461 9.017 8.596 8.245 7.951 7.696 7.377 7.011 6.580 6.096 5.500 4.790 4.102 3.490 2.935 2.402 1.881 1.378 0.917 0.532 0.258 0.104 0.036 0.012 0.004 0.001 0.001 0.000 0.000 0.000 0.000 0.000 0.000 0.000 0.000 0.000 0.000 0.000 0.000 0.000 0.000 0.000 0.000 0.000 0.000
0.001 0.002 0.003 0.003 0.003 0.003 0.003 0.003 0.003 0.003 0.004 0.011 0.055 0.268 0.824 1.689 2.682 3.788 5.092 6.657 8.439 9.976 11.054 11.667 11.910 11.951 11.902 11.698 11.342 10.875 10.362 9.823 9.280 8.632 7.959 7.448 7.071 6.777 6.482 6.165 5.820 5.445 4.973 4.336 3.634 2.991 2.419 1.891 1.388 0.924 0.539 0.265 0.107 0.036 0.011 0.003 0.001 0.001 0.000 0.000 0.000 0.000 0.000 0.000 0.000 0.000 0.000 0.000 0.000 0.000 0.000 0.000 0.000 0.000 0.000 0.000 0.000
0.003 0.004 0.004 0.004 0.004 0.004 0.004 0.004 0.004 0.005 0.007 0.015 0.064 0.298 0.870 1.716 2.670 3.756 5.057 6.620 8.423 10.057 11.269 11.967 12.259 12.278 12.202 11.919 11.493 10.984 10.361 9.658 8.923 8.090 7.209 6.507 5.976 5.578 5.247 4.935 4.672 4.425 4.141 3.698 3.098 2.471 1.881 1.357 0.896 0.523 0.259 0.106 0.036 0.011 0.003 0.001 0.001 0.000 0.000 0.000 0.000 0.000 0.000 0.000 0.000 0.000 0.000 0.000 0.000 0.000 0.000 0.000 0.000 0.000 0.000 0.000 0.000
