RESULTS/r.avaflow_results/33_results/33_ascii/33_hflow0027.asc
ncols 506
nrows 317
xllcenter 498237.50
yllcenter 5580050.00
cellsize 12.50
NODATA_value -9999.000
[rows 170 to 203 of 317, columns 154 to 230 of 506]
9.147 8.947 8.755 8.550 8.323 8.084 7.874 7.704 7.550 7.402 7.264 7.129 6.973 6.731 6.330 5.736 4.984 4.193 3.448 2.748 2.095 1.518 1.059 0.743 0.550 0.442 0.386 0.365 0.363 0.377 0.416 0.467 0.498 0.511 0.516 0.512 0.509 0.508 0.498 0.468 0.424 0.399 0.389 0.383 0.378 0.366 0.341 0.301 0.252 0.202 0.159 0.128 0.107 0.093 0.084 0.079 0.077 0.079 0.082 0.084 0.085 0.085 0.083 0.082 0.081 0.081 0.085 0.100 0.142 0.250 0.496 0.841 1.009 1.030 0.953 0.712 0.414
12.564 12.740 12.808 12.794 12.716 12.543 12.291 12.019 11.756 11.489 11.238 11.003 10.765 10.477 10.034 9.350 8.414 7.297 6.138 5.003 3.919 2.936 2.108 1.484 1.065 0.802 0.646 0.564 0.533 0.533 0.558 0.591 0.604 0.600 0.586 0.561 0.538 0.519 0.498 0.457 0.402 0.369 0.351 0.338 0.322 0.294 0.245 0.183 0.131 0.099 0.079 0.066 0.058 0.054 0.053 0.053 0.056 0.060 0.064 0.066 0.066 0.064 0.061 0.058 0.057 0.058 0.061 0.074 0.108 0.192 0.377 0.693 0.918 0.984 0.965 0.831 0.561
16.181 16.701 16.884 16.866 16.730 16.455 16.092 15.730 15.387 15.045 14.721 14.430 14.151 13.850 13.435 12.791 11.869 10.701 9.369 7.949 6.508 5.101 3.832 2.786 2.003 1.453 1.083 0.854 0.727 0.665 0.639 0.631 0.622 0.608 0.585 0.549 0.515 0.484 0.446 0.384 0.315 0.269 0.240 0.217 0.193 0.160 0.119 0.084 0.062 0.050 0.042 0.038 0.036 0.035 0.036 0.038 0.041 0.046 0.049 0.050 0.050 0.049 0.045 0.043 0.042 0.042 0.045 0.055 0.081 0.143 0.281 0.543 0.824 0.954 0.975 0.921 0.732
18.904 19.732 20.074 20.095 19.964 19.696 19.355 19.021 18.695 18.347 17.984 17.657 17.352 17.035 16.623 15.989 15.066 13.886 12.553 11.134 9.614 7.975 6.304 4.767 3.504 2.529 1.812 1.317 0.999 0.807 0.693 0.630 0.594 0.562 0.522 0.472 0.424 0.376 0.315 0.239 0.175 0.138 0.117 0.102 0.089 0.073 0.055 0.041 0.033 0.028 0.026 0.024 0.024 0.024 0.025 0.027 0.031 0.035 0.037 0.038 0.037 0.036 0.033 0.032 0.031 0.031 0.033 0.040 0.059 0.102 0.200 0.401 0.710 0.918 0.980 0.970 0.869
20.398 21.456 22.049 22.271 22.307 22.219 22.070 21.895 21.682 21.393 21.024 20.644 20.300 19.952 19.530 18.912 18.021 16.867 15.528 14.086 12.561 10.913 9.088 7.157 5.383 3.915 2.770 1.926 1.338 0.954 0.722 0.591 0.508 0.439 0.372 0.311 0.260 0.215 0.168 0.120 0.087 0.068 0.057 0.050 0.043 0.036 0.029 0.024 0.020 0.019 0.018 0.017 0.017 0.017 0.018 0.020 0.023 0.025 0.027 0.027 0.027 0.026 0.024 0.023 0.023 0.023 0.025 0.030 0.042 0.072 0.138 0.282 0.566 0.854 0.971 0.985 0.941
20.774 21.951 22.780 23.312 23.651 23.865 23.984 24.006 23.938 23.748 23.398 22.936 22.538 22.170 21.758 21.193 20.401 19.353 18.064 16.574 14.935 13.149 11.161 8.918 6.712 4.860 3.400 2.313 1.546 1.033 0.714 0.516 0.380 0.278 0.206 0.162 0.134 0.110 0.085 0.063 0.047 0.038 0.032 0.028 0.025 0.021 0.018 0.016 0.014 0.013 0.013 0.013 0.013 0.013 0.013 0.014 0.016 0.018 0.019 0.019 0.019 0.018 0.017 0.016 0.016 0.016 0.018 0.021 0.031 0.051 0.097 0.200 0.421 0.747 0.932 0.977 0.963
20.565 21.812 22.783 23.515 24.114 24.598 24.912 25.055 25.076 24.980 24.657 24.119 23.679 23.330 22.956 22.452 21.764 20.853 19.668 18.179 16.427 14.472 12.295 9.825 7.336 5.255 3.635 2.442 1.604 1.043 0.674 0.430 0.269 0.168 0.111 0.083 0.069 0.058 0.046 0.036 0.028 0.024 0.020 0.018 0.016 0.014 0.012 0.011 0.010 0.009 0.009 0.009 0.009 0.009 0.010 0.010 0.011 0.012 0.013 0.013 0.013 0.012 0.011 0.011 0.011 0.011 0.012 0.015 0.022 0.038 0.071 0.145 0.306 0.604 0.852 0.943 0.952
19.783 21.177 22.368 23.331 24.106 24.694 25.057 25.227 25.270 25.213 24.909 24.339 23.881 23.560 23.213 22.735 22.089 21.259 20.166 18.719 16.920 14.861 12.573 10.002 7.423 5.274 3.613 2.400 1.551 0.970 0.578 0.325 0.174 0.096 0.060 0.045 0.038 0.032 0.027 0.022 0.019 0.016 0.014 0.012 0.011 0.010 0.009 0.008 0.007 0.007 0.006 0.006 0.006 0.006 0.006 0.007 0.007 0.008 0.008 0.008 0.008 0.008 0.007 0.007 0.007 0.007 0.008 0.010 0.016 0.028 0.053 0.108 0.225 0.454 0.729 0.875 0.919
18.561 20.117 21.520 22.725 23.684 24.348 24.714 24.864 24.893 24.819 24.522 23.984 23.510 23.158 22.784 22.291 21.665 20.891 19.867 18.474 16.686 14.594 12.249 9.633 7.073 4.941 3.296 2.107 1.290 0.747 0.399 0.197 0.097 0.053 0.034 0.026 0.022 0.020 0.017 0.015 0.013 0.011 0.010 0.009 0.008 0.007 0.006 0.005 0.005 0.004 0.004 0.004 0.004 0.004 0.004 0.004 0.004 0.005 0.005 0.005 0.005 0.004 0.004 0.004 0.004 0.004 0.005 0.007 0.011 0.020 0.040 0.081 0.166 0.329 0.579 0.772 0.862
17.140 18.790 20.290 21.598 22.641 23.358 23.738 23.850 23.809 23.610 23.306 22.926 22.490 21.984 21.416 20.838 20.223 19.514 18.574 17.248 15.480 13.349 10.953 8.405 6.030 4.049 2.521 1.447 0.771 0.389 0.189 0.093 0.049 0.029 0.021 0.017 0.015 0.013 0.011 0.010 0.009 0.008 0.007 0.006 0.005 0.005 0.004 0.003 0.003 0.002 0.002 0.002 0.002 0.002 0.002 0.002 0.002 0.002 0.002 0.002 0.002 0.002 0.002 0.002 0.002 0.002 0.003 0.004 0.007 0.014 0.029 0.060 0.123 0.240 0.432 0.642 0.774
15.542 17.164 18.646 19.956 21.042 21.842 22.291 22.402 22.299 22.001 21.750 21.542 21.157 20.451 19.628 18.920 18.232 17.475 16.479 15.072 13.201 10.943 8.516 6.208 4.198 2.570 1.396 0.680 0.315 0.149 0.075 0.041 0.025 0.018 0.014 0.011 0.010 0.009 0.008 0.007 0.006 0.006 0.005 0.004 0.003 0.003 0.002 0.002 0.001 0.001 0.001 0.001 0.001 0.001 0.001 0.001 0.001 0.001 0.001 0.001 0.001 0.001 0.001 0.001 0.001 0.001 0.001 0.002 0.004 0.009 0.020 0.043 0.088 0.173 0.315 0.505 0.662
13.659 15.160 16.604 17.966 19.197 20.216 20.883 21.117 21.052 20.776 20.532 20.312 19.870 19.036 18.102 17.299 16.467 15.443 14.083 12.287 10.003 7.447 5.130 3.376 2.102 1.181 0.578 0.252 0.110 0.055 0.032 0.021 0.015 0.012 0.009 0.008 0.007 0.006 0.006 0.005 0.004 0.004 0.003 0.002 0.002 0.001 0.001 0.001 0.000 0.000 0.000 0.000 0.000 0.000 0.000 0.000 0.000 0.000 0.000 0.000 0.000 0.000 0.000 0.000 0.000 0.000 0.000 0.001 0.002 0.006 0.013 0.029 0.061 0.122 0.226 0.377 0.544
11.546 12.930 14.361 15.835 17.292 18.565 19.451 19.816 19.809 19.584 19.255 18.859 18.252 17.363 16.416 15.531 14.532 13.180 11.295 8.799 6.083 3.795 2.269 1.336 0.766 0.403 0.188 0.081 0.040 0.024 0.017 0.013 0.010 0.008 0.007 0.006 0.005 0.004 0.004 0.003 0.002 0.002 0.002 0.001 0.001 0.000 0.000 0.000 0.000 0.000 0.000 0.000 0.000 0.000 0.000 0.000 0.000 0.000 0.000 0.000 0.000 0.000 0.000 0.000 0.000 0.000 0.000 0.000 0.001 0.003 0.008 0.018 0.039 0.081 0.156 0.271 0.426
9.582 10.850 12.165 13.599 15.120 16.486 17.487 17.965 18.023 17.804 17.271 16.512 15.640 14.731 13.804 12.805 11.546 9.757 7.276 4.671 2.660 1.392 0.703 0.371 0.203 0.109 0.055 0.029 0.018 0.013 0.010 0.008 0.007 0.006 0.005 0.004 0.003 0.003 0.002 0.002 0.001 0.001 0.001 0.000 0.000 0.000 0.000 0.000 0.000 0.000 0.000 0.000 0.000 0.000 0.000 0.000 0.000 0.000 0.000 0.000 0.000 0.000 0.000 0.000 0.000 0.000 0.000 0.000 0.000 0.002 0.004 0.010 0.023 0.050 0.100 0.184 0.310
7.701 8.780 9.845 10.965 12.139 13.258 14.193 14.716 14.820 14.611 13.937 12.848 11.646 10.565 9.479 8.279 6.799 4.951 3.047 1.628 0.769 0.341 0.161 0.089 0.054 0.033 0.021 0.014 0.011 0.009 0.007 0.006 0.005 0.004 0.003 0.002 0.002 0.001 0.001 0.001 0.000 0.000 0.000 0.000 0.000 0.000 0.000 0.000 0.000 0.000 0.000 0.000 0.000 0.000 0.000 0.000 0.000 0.000 0.000 0.000 0.000 0.000 0.000 0.000 0.000 0.000 0.000 0.000 0.000 0.001 0.002 0.005 0.012 0.027 0.058 0.114 0.205
5.660 6.359 6.879 7.325 7.772 8.311 8.967 9.441 9.585 9.462 8.883 7.779 6.437 5.338 4.416 3.543 2.602 1.601 0.819 0.363 0.154 0.073 0.042 0.028 0.020 0.015 0.012 0.009 0.007 0.006 0.005 0.004 0.003 0.002 0.002 0.001 0.001 0.000 0.000 0.000 0.000 0.000 0.000 0.000 0.000 0.000 0.000 0.000 0.000 0.000 0.000 0.000 0.000 0.000 0.000 0.000 0.000 0.000 0.000 0.000 0.000 0.000 0.000 0.000 0.000 0.000 0.000 0.000 0.000 0.000 0.001 0.002 0.006 0.014 0.031 0.064 0.124
3.182 3.391 3.472 3.501 3.540 3.652 3.920 4.177 4.270 4.232 3.965 3.379 2.555 1.877 1.395 1.010 0.650 0.343 0.157 0.071 0.037 0.024 0.017 0.014 0.011 0.009 0.007 0.006 0.005 0.004 0.003 0.002 0.002 0.001 0.001 0.000 0.000 0.000 0.000 0.000 0.000 0.000 0.000 0.000 0.000 0.000 0.000 0.000 0.000 0.000 0.000 0.000 0.000 0.000 0.000 0.000 0.000 0.000 0.000 0.000 0.000 0.000 0.000 0.000 0.000 0.000 0.000 0.000 0.000 0.000 0.000 0.001 0.002 0.006 0.014 0.032 0.066
1.327 1.317 1.281 1.234 1.193 1.184 1.238 1.319 1.345 1.329 1.235 1.014 0.688 0.449 0.309 0.211 0.128 0.069 0.036 0.022 0.016 0.013 0.010 0.009 0.007 0.006 0.005 0.004 0.003 0.002 0.002 0.001 0.001 0.000 0.000 0.000 0.000 0.000 0.000 0.000 0.000 0.000 0.000 0.000 0.000 0.000 0.000 0.000 0.000 0.000 0.000 0.000 0.000 0.000 0.000 0.000 0.000 0.000 0.000 0.000 0.000 0.000 0.000 0.000 0.000 0.000 0.000 0.000 0.000 0.000 0.000 0.000 0.001 0.002 0.006 0.014 0.031
0.412 0.385 0.364 0.344 0.326 0.317 0.317 0.323 0.321 0.311 0.285 0.230 0.148 0.097 0.068 0.048 0.033 0.022 0.015 0.012 0.010 0.008 0.007 0.006 0.005 0.004 0.003 0.002 0.002 0.001 0.001 0.000 0.000 0.000 0.000 0.000 0.000 0.000 0.000 0.000 0.000 0.000 0.000 0.000 0.000 0.000 0.000 0.000 0.000 0.000 0.000 0.000 0.000 0.000 0.000 0.000 0.000 0.000 0.000 0.000 0.000 0.000 0.000 0.000 0.000 0.000 0.000 0.000 0.000 0.000 0.000 0.000 0.000 0.001 0.002 0.006 0.013
0.118 0.109 0.104 0.099 0.094 0.090 0.087 0.084 0.080 0.076 0.069 0.057 0.040 0.030 0.023 0.018 0.015 0.012 0.009 0.008 0.006 0.005 0.004 0.004 0.003 0.002 0.002 0.001 0.001 0.000 0.000 0.000 0.000 0.000 0.000 0.000 0.000 0.000 0.000 0.000 0.000 0.000 0.000 0.000 0.000 0.000 0.000 0.000 0.000 0.000 0.000 0.000 0.000 0.000 0.000 0.000 0.000 0.000 0.000 0.000 0.000 0.000 0.000 0.000 0.000 0.000 0.000 0.000 0.000 0.000 0.000 0.000 0.000 0.000 0.001 0.002 0.005
0.041 0.039 0.038 0.037 0.036 0.034 0.032 0.030 0.028 0.026 0.024 0.022 0.018 0.015 0.013 0.011 0.009 0.007 0.006 0.005 0.004 0.003 0.003 0.002 0.002 0.001 0.001 0.000 0.000 0.000 0.000 0.000 0.000 0.000 0.000 0.000 0.000 0.000 0.000 0.000 0.000 0.000 0.000 0.000 0.000 0.000 0.000 0.000 0.000 0.000 0.000 0.000 0.000 0.000 0.000 0.000 0.000 0.000 0.000 0.000 0.000 0.000 0.000 0.000 0.000 0.000 0.000 0.000 0.000 0.000 0.000 0.000 0.000 0.000 0.000 0.001 0.001
0.020 0.019 0.019 0.018 0.018 0.017 0.016 0.015 0.014 0.014 0.013 0.012 0.011 0.009 0.008 0.007 0.006 0.005 0.004 0.003 0.002 0.002 0.001 0.001 0.001 0.000 0.000 0.000 0.000 0.000 0.000 0.000 0.000 0.000 0.000 0.000 0.000 0.000 0.000 0.000 0.000 0.000 0.000 0.000 0.000 0.000 0.000 0.000 0.000 0.000 0.000 0.000 0.000 0.000 0.000 0.000 0.000 0.000 0.000 0.000 0.000 0.000 0.000 0.000 0.000 0.000 0.000 0.000 0.000 0.000 0.000 0.000 0.000 0.000 0.000 0.000 0.000
0.012 0.012 0.011 0.011 0.011 0.010 0.010 0.009 0.009 0.008 0.008 0.007 0.007 0.006 0.005 0.004 0.004 0.003 0.002 0.002 0.001 0.001 0.000 0.000 0.000 0.000 0.000 0.000 0.000 0.000 0.000 0.000 0.000 0.000 0.000 0.000 0.000 0.000 0.000 0.000 0.000 0.000 0.000 0.000 0.000 0.000 0.000 0.000 0.000 0.000 0.000 0.000 0.000 0.000 0.000 0.000 0.000 0.000 0.000 0.000 0.000 0.000 0.000 0.000 0.000 0.000 0.000 0.000 0.000 0.000 0.000 0.000 0.000 0.000 0.000 0.000 0.000
0.008 0.007 0.007 0.007 0.006 0.006 0.006 0.006 0.005 0.005 0.005 0.005 0.004 0.004 0.003 0.003 0.002 0.001 0.001 0.001 0.000 0.000 0.000 0.000 0.000 0.000 0.000 0.000 0.000 0.000 0.000 0.000 0.000 0.000 0.000 0.000 0.000 0.000 0.000 0.000 0.000 0.000 0.000 0.000 0.000 0.000 0.000 0.000 0.000 0.000 0.000 0.000 0.000 0.000 0.000 0.000 0.000 0.000 0.000 0.000 0.000 0.000 0.000 0.000 0.000 0.000 0.000 0.000 0.000 0.000 0.000 0.000 0.000 0.000 0.000 0.000 0.000
0.005 0.004 0.004 0.004 0.004 0.004 0.003 0.003 0.003 0.003 0.003 0.003 0.002 0.002 0.002 0.001 0.001 0.001 0.000 0.000 0.000 0.000 0.000 0.000 0.000 0.000 0.000 0.000 0.000 0.000 0.000 0.000 0.000 0.000 0.000 0.000 0.000 0.000 0.000 0.000 0.000 0.000 0.000 0.000 0.000 0.000 0.000 0.000 0.000 0.000 0.000 0.000 0.000 0.000 0.000 0.000 0.000 0.000 0.000 0.000 0.000 0.000 0.000 0.000 0.000 0.000 0.000 0.000 0.000 0.000 0.000 0.000 0.000 0.000 0.000 0.000 0.000
0.003 0.002 0.002 0.002 0.002 0.002 0.002 0.002 0.002 0.001 0.001 0.001 0.001 0.001 0.001 0.000 0.000 0.000 0.000 0.000 0.000 0.000 0.000 0.000 0.000 0.000 0.000 0.000 0.000 0.000 0.000 0.000 0.000 0.000 0.000 0.000 0.000 0.000 0.000 0.000 0.000 0.000 0.000 0.000 0.000 0.000 0.000 0.000 0.000 0.000 0.000 0.000 0.000 0.000 0.000 0.000 0.000 0.000 0.000 0.000 0.000 0.000 0.000 0.000 0.000 0.000 0.000 0.000 0.000 0.000 0.000 0.000 0.000 0.000 0.000 0.000 0.000
0.001 0.001 0.001 0.001 0.001 0.001 0.001 0.001 0.000 0.000 0.000 0.000 0.000 0.000 0.000 0.000 0.000 0.000 0.000 0.000 0.000 0.000 0.000 0.000 0.000 0.000 0.000 0.000 0.000 0.000 0.000 0.000 0.000 0.000 0.000 0.000 0.000 0.000 0.000 0.000 0.000 0.000 0.000 0.000 0.000 0.000 0.000 0.000 0.000 0.000 0.000 0.000 0.000 0.000 0.000 0.000 0.000 0.000 0.000 0.000 0.000 0.000 0.000 0.000 0.000 0.000 0.000 0.000 0.000 0.000 0.000 0.000 0.000 0.000 0.000 0.000 0.000
0.000 0.000 0.000 0.000 0.000 0.000 0.000 0.000 0.000 0.000 0.000 0.000 0.000 0.000 0.000 0.000 0.000 0.000 0.000 0.000 0.000 0.000 0.000 0.000 0.000 0.000 0.000 0.000 0.000 0.000 0.000 0.000 0.000 0.000 0.000 0.000 0.000 0.000 0.000 0.000 0.000 0.000 0.000 0.000 0.000 0.000 0.000 0.000 0.000 0.000 0.000 0.000 0.000 0.000 0.000 0.000 0.000 0.000 0.000 0.000 0.000 0.000 0.000 0.000 0.000 0.000 0.000 0.000 0.000 0.000 0.000 0.000 0.000 0.000 0.000 0.000 0.000
0.000 0.000 0.000 0.000 0.000 0.000 0.000 0.000 0.000 0.000 0.000 0.000 0.000 0.000 0.000 0.000 0.000 0.000 0.000 0.000 0.000 0.000 0.000 0.000 0.000 0.000 0.000 0.000 0.000 0.000 0.000 0.000 0.000 0.000 0.000 0.000 0.000 0.000 0.000 0.000 0.000 0.000 0.000 0.000 0.000 0.000 0.000 0.000 0.000 0.000 0.000 0.000 0.000 0.000 0.000 0.000 0.000 0.000 0.000 0.000 0.000 0.000 0.000 0.000 0.000 0.000 0.000 0.000 0.000 0.000 0.000 0.000 0.000 0.000 0.000 0.000 0.000
0.000 0.000 0.000 0.000 0.000 0.000 0.000 0.000 0.000 0.000 0.000 0.000 0.000 0.000 0.000 0.000 0.000 0.000 0.000 0.000 0.000 0.000 0.000 0.000 0.000 0.000 0.000 0.000 0.000 0.000 0.000 0.000 0.000 0.000 0.000 0.000 0.000 0.000 0.000 0.000 0.000 0.000 0.000 0.000 0.000 0.000 0.000 0.000 0.000 0.000 0.000 0.000 0.000 0.000 0.000 0.000 0.000 0.000 0.000 0.000 0.000 0.000 0.000 0.000 0.000 0.000 0.000 0.000 0.000 0.000 0.000 0.000 0.000 0.000 0.000 0.000 0.000
0.000 0.000 0.000 0.000 0.000 0.000 0.000 0.000 0.000 0.000 0.000 0.000 0.000 0.000 0.000 0.000 0.000 0.000 0.000 0.000 0.000 0.000 0.000 0.000 0.000 0.000 0.000 0.000 0.000 0.000 0.000 0.000 0.000 0.000 0.000 0.000 0.000 0.000 0.000 0.000 0.000 0.000 0.000 0.000 0.000 0.000 0.000 0.000 0.000 0.000 0.000 0.000 0.000 0.000 0.000 0.000 0.000 0.000 0.000 0.000 0.000 0.000 0.000 0.000 0.000 0.000 0.000 0.000 0.000 0.000 0.000 0.000 0.000 0.000 0.000 0.000 0.000
0.000 0.000 0.000 0.000 0.000 0.000 0.000 0.000 0.000 0.000 0.000 0.000 0.000 0.000 0.000 0.000 0.000 0.000 0.000 0.000 0.000 0.000 0.000 0.000 0.000 0.000 0.000 0.000 0.000 0.000 0.000 0.000 0.000 0.000 0.000 0.000 0.000 0.000 0.000 0.000 0.000 0.000 0.000 0.000 0.000 0.000 0.000 0.000 0.000 0.000 0.000 0.000 0.000 0.000 0.000 0.000 0.000 0.000 0.000 0.000 0.000 0.000 0.000 0.000 0.000 0.000 0.000 0.000 0.000 0.000 0.000 0.000 0.000 0.000 0.000 0.000 0.000
0.000 0.000 0.000 0.000 0.000 0.000 0.000 0.000 0.000 0.000 0.000 0.000 0.000 0.000 0.000 0.000 0.000 0.000 0.000 0.000 0.000 0.000 0.000 0.000 0.000 0.000 0.000 0.000 0.000 0.000 0.000 0.000 0.000 0.000 0.000 0.000 0.000 0.000 0.000 0.000 0.000 0.000 0.000 0.000 0.000 0.000 0.000 0.000 0.000 0.000 0.000 0.000 0.000 0.000 0.000 0.000 0.000 0.000 0.000 0.000 0.000 0.000 0.000 0.000 0.000 0.000 0.000 0.000 0.000 0.000 0.000 0.000 0.000 0.000 0.000 0.000 0.000
0.000 0.000 0.000 0.000 0.000 0.000 0.000 0.000 0.000 0.000 0.000 0.000 0.000 0.000 0.000 0.000 0.000 0.000 0.000 0.000 0.000 0.000 0.000 0.000 0.000 0.000 0.000 0.000 0.000 0.000 0.000 0.000 0.000 0.000 0.000 0.000 0.000 0.000 0.000 0.000 0.000 0.000 0.000 0.000 0.000 0.000 0.000 0.000 0.000 0.000 0.000 0.000 0.000 0.000 0.000 0.000 0.000 0.000 0.000 0.000 0.000 0.000 0.000 0.000 0.000 0.000 0.000 0.000 0.000 0.000 0.000 0.000 0.000 0.000 0.000 0.000 0.000
