RESULTS/r.avaflow_results/33_results/33_ascii/33_hflow0041.asc
ncols 506
nrows 317
xllcenter 498237.50
yllcenter 5580050.00
cellsize 12.50
NODATA_value -9999.000
[rows 170 to 203 of 317, columns 77 to 153 of 506]
0.000 0.000 0.000 0.000 0.000 0.000 0.000 0.000 0.000 0.000 0.000 0.000 0.001 0.002 0.004 0.007 0.011 0.014 0.016 0.018 0.020 0.024 0.033 0.059 0.111 0.171 0.204 0.218 0.226 0.231 0.233 0.233 0.229 0.220 0.216 0.218 0.233 0.261 0.278 0.280 0.270 0.240 0.220 0.227 0.303 0.476 0.710 0.958 1.236 1.606 2.165 3.074 4.362 5.578 6.304 6.633 6.876 7.265 7.836 8.572 9.508 10.596 11.777 12.823 13.525 13.893 13.999 13.970 13.752 13.334 12.787 12.060 11.252 10.593 10.117 9.745 9.452
0.000 0.000 0.000 0.000 0.000 0.000 0.000 0.000 0.000 0.000 0.001 0.002 0.004 0.008 0.014 0.022 0.030 0.037 0.045 0.051 0.058 0.070 0.095 0.144 0.213 0.267 0.290 0.300 0.306 0.309 0.309 0.308 0.301 0.291 0.289 0.298 0.327 0.374 0.401 0.406 0.395 0.373 0.380 0.479 0.749 1.164 1.597 2.029 2.524 3.169 4.018 5.043 6.046 6.721 7.069 7.251 7.453 7.815 8.347 9.057 9.957 11.009 12.174 13.144 13.762 14.045 14.084 13.965 13.698 13.324 12.904 12.486 12.182 12.072 12.092 12.168 12.316
0.000 0.000 0.000 0.000 0.000 0.000 0.000 0.000 0.000 0.001 0.003 0.006 0.012 0.021 0.033 0.047 0.062 0.078 0.095 0.113 0.132 0.162 0.213 0.282 0.343 0.376 0.390 0.398 0.403 0.404 0.404 0.401 0.391 0.382 0.381 0.397 0.441 0.505 0.552 0.576 0.588 0.621 0.754 1.103 1.696 2.362 2.962 3.571 4.306 5.137 5.935 6.625 7.123 7.386 7.526 7.661 7.860 8.182 8.662 9.330 10.188 11.214 12.336 13.246 13.812 14.034 14.035 13.949 13.790 13.623 13.533 13.562 13.706 13.898 14.136 14.562 15.289
0.000 0.000 0.000 0.000 0.000 0.000 0.000 0.000 0.001 0.004 0.008 0.015 0.026 0.041 0.059 0.081 0.106 0.135 0.168 0.205 0.248 0.304 0.379 0.447 0.484 0.500 0.510 0.516 0.519 0.520 0.519 0.513 0.501 0.491 0.492 0.513 0.568 0.650 0.734 0.814 0.917 1.129 1.565 2.294 3.206 4.023 4.729 5.441 6.157 6.813 7.356 7.708 7.871 7.917 7.913 7.986 8.165 8.455 8.900 9.523 10.330 11.306 12.349 13.188 13.701 13.914 13.996 14.084 14.204 14.387 14.569 14.733 14.915 15.150 15.539 16.296 17.548
0.000 0.000 0.000 0.000 0.000 0.000 0.000 0.000 0.002 0.006 0.014 0.025 0.042 0.064 0.091 0.123 0.162 0.208 0.263 0.326 0.399 0.482 0.563 0.614 0.636 0.648 0.656 0.659 0.661 0.661 0.657 0.648 0.631 0.617 0.617 0.639 0.696 0.801 0.953 1.150 1.461 2.044 2.962 4.087 5.147 5.979 6.620 7.170 7.651 8.050 8.342 8.475 8.485 8.390 8.244 8.240 8.384 8.650 9.064 9.635 10.362 11.240 12.160 12.940 13.479 13.816 14.097 14.395 14.695 14.964 15.153 15.305 15.502 15.840 16.451 17.464 18.931
0.000 0.000 0.000 0.000 0.000 0.000 0.000 0.000 0.003 0.008 0.017 0.031 0.053 0.083 0.122 0.172 0.232 0.302 0.385 0.480 0.583 0.680 0.752 0.793 0.813 0.824 0.830 0.833 0.833 0.831 0.823 0.807 0.781 0.753 0.741 0.751 0.803 0.925 1.154 1.538 2.203 3.333 4.839 6.152 7.114 7.809 8.260 8.575 8.836 9.006 9.094 9.089 8.993 8.785 8.539 8.441 8.524 8.754 9.121 9.635 10.274 11.022 11.797 12.536 13.199 13.726 14.151 14.510 14.824 15.075 15.240 15.393 15.607 16.031 16.803 17.932 19.362
0.000 0.000 0.000 0.000 0.000 0.000 0.000 0.000 0.003 0.009 0.019 0.034 0.059 0.095 0.145 0.211 0.298 0.408 0.539 0.675 0.799 0.900 0.966 1.005 1.026 1.037 1.041 1.042 1.040 1.033 1.019 0.993 0.950 0.896 0.856 0.851 0.890 1.016 1.286 1.794 2.764 4.441 6.447 7.879 8.800 9.365 9.621 9.724 9.797 9.799 9.712 9.576 9.378 9.107 8.805 8.620 8.610 8.783 9.101 9.547 10.089 10.698 11.338 12.045 12.835 13.496 13.974 14.315 14.570 14.748 14.849 14.970 15.178 15.665 16.531 17.712 19.108
0.000 0.000 0.000 0.000 0.000 0.000 0.000 0.000 0.003 0.009 0.019 0.035 0.061 0.101 0.157 0.235 0.343 0.489 0.683 0.891 1.045 1.153 1.224 1.265 1.286 1.294 1.295 1.294 1.287 1.273 1.248 1.206 1.139 1.047 0.968 0.943 0.965 1.078 1.356 1.920 3.067 5.154 7.618 9.259 10.185 10.608 10.700 10.664 10.566 10.404 10.176 9.939 9.669 9.360 9.034 8.799 8.706 8.787 9.022 9.374 9.797 10.284 10.819 11.478 12.273 12.903 13.309 13.557 13.687 13.730 13.720 13.751 13.903 14.400 15.353 16.665 18.158
0.000 0.000 0.000 0.000 0.000 0.000 0.000 0.000 0.002 0.008 0.017 0.034 0.060 0.102 0.162 0.245 0.364 0.532 0.770 1.076 1.318 1.457 1.542 1.586 1.605 1.609 1.607 1.598 1.581 1.553 1.511 1.448 1.354 1.217 1.086 1.029 1.032 1.118 1.383 1.965 3.179 5.488 8.410 10.320 11.246 11.535 11.523 11.379 11.122 10.805 10.500 10.203 9.884 9.555 9.225 8.952 8.798 8.786 8.901 9.115 9.396 9.756 10.176 10.724 11.388 11.850 12.094 12.190 12.150 12.020 11.873 11.809 11.954 12.519 13.586 15.060 16.750
0.000 0.000 0.000 0.000 0.000 0.000 0.000 0.000 0.002 0.006 0.014 0.029 0.055 0.098 0.160 0.246 0.369 0.546 0.803 1.176 1.588 1.833 1.936 1.981 1.995 1.994 1.984 1.961 1.927 1.880 1.816 1.728 1.602 1.413 1.218 1.115 1.096 1.154 1.392 1.969 3.191 5.559 8.817 11.029 11.994 12.172 12.094 11.837 11.452 11.031 10.672 10.347 10.025 9.706 9.383 9.077 8.863 8.770 8.776 8.839 8.956 9.119 9.351 9.697 10.117 10.345 10.402 10.333 10.161 9.972 9.843 9.857 10.173 10.916 12.071 13.553 15.273
0.000 0.000 0.000 0.000 0.000 0.000 0.000 0.000 0.001 0.003 0.008 0.019 0.041 0.081 0.142 0.232 0.358 0.539 0.803 1.191 1.732 2.210 2.426 2.467 2.469 2.457 2.431 2.388 2.330 2.261 2.172 2.056 1.890 1.647 1.379 1.212 1.161 1.195 1.401 1.953 3.152 5.504 8.884 11.332 12.447 12.593 12.440 12.063 11.588 11.116 10.724 10.393 10.091 9.797 9.496 9.183 8.917 8.745 8.651 8.589 8.556 8.530 8.534 8.598 8.728 8.756 8.689 8.559 8.408 8.284 8.226 8.331 8.749 9.550 10.690 12.106 13.741
0.000 0.000 0.000 0.000 0.000 0.000 0.000 0.000 0.000 0.001 0.003 0.008 0.020 0.046 0.097 0.178 0.299 0.474 0.732 1.125 1.702 2.412 2.895 3.037 3.032 3.002 2.955 2.888 2.802 2.703 2.588 2.437 2.228 1.938 1.594 1.349 1.248 1.257 1.424 1.931 3.050 5.285 8.682 11.319 12.607 12.803 12.582 12.131 11.602 11.114 10.724 10.393 10.109 9.834 9.557 9.262 8.964 8.716 8.533 8.365 8.204 8.023 7.825 7.639 7.537 7.413 7.268 7.113 6.984 6.909 6.911 7.070 7.498 8.243 9.283 10.568 12.018
0.000 0.000 0.000 0.000 0.000 0.000 0.000 0.000 0.000 0.000 0.001 0.002 0.006 0.017 0.040 0.087 0.169 0.299 0.511 0.871 1.472 2.358 3.184 3.578 3.636 3.610 3.548 3.455 3.343 3.216 3.067 2.879 2.630 2.302 1.895 1.570 1.401 1.375 1.498 1.958 2.974 4.953 8.214 11.056 12.532 12.831 12.617 12.129 11.566 11.075 10.686 10.368 10.089 9.826 9.576 9.306 9.003 8.695 8.424 8.169 7.903 7.597 7.259 6.909 6.644 6.399 6.177 5.984 5.842 5.766 5.778 5.938 6.308 6.917 7.768 8.838 10.056
0.000 0.000 0.000 0.000 0.000 0.000 0.000 0.000 0.000 0.000 0.000 0.001 0.002 0.005 0.012 0.029 0.061 0.117 0.225 0.466 1.013 2.045 3.277 3.982 4.178 4.187 4.153 4.073 3.947 3.793 3.612 3.392 3.113 2.756 2.316 1.929 1.685 1.608 1.679 2.068 2.993 4.713 7.623 10.525 12.131 12.600 12.490 12.065 11.487 10.962 10.572 10.276 10.034 9.800 9.567 9.307 9.012 8.678 8.342 8.015 7.655 7.261 6.838 6.396 6.024 5.685 5.382 5.131 4.943 4.825 4.789 4.880 5.135 5.571 6.216 7.097 8.175
0.000 0.000 0.000 0.000 0.000 0.000 0.000 0.000 0.000 0.000 0.000 0.000 0.001 0.002 0.005 0.011 0.022 0.043 0.086 0.204 0.570 1.536 3.079 4.178 4.602 4.686 4.686 4.645 4.560 4.421 4.225 3.984 3.691 3.326 2.883 2.466 2.167 2.030 2.045 2.335 3.126 4.599 6.990 9.719 11.398 12.046 12.084 11.829 11.325 10.751 10.343 10.055 9.869 9.719 9.527 9.278 8.995 8.661 8.284 7.888 7.462 7.011 6.530 6.032 5.590 5.175 4.796 4.478 4.232 4.054 3.941 3.917 4.025 4.302 4.786 5.514 6.458
0.000 0.000 0.000 0.000 0.000 0.000 0.000 0.000 0.000 0.000 0.000 0.000 0.001 0.002 0.004 0.008 0.016 0.028 0.052 0.115 0.336 1.079 2.635 4.107 4.830 5.092 5.168 5.179 5.141 5.055 4.900 4.666 4.375 4.026 3.610 3.215 2.910 2.733 2.705 2.898 3.505 4.676 6.462 8.704 10.323 11.134 11.351 11.268 10.950 10.430 9.946 9.623 9.456 9.398 9.319 9.182 8.949 8.622 8.237 7.804 7.327 6.822 6.296 5.756 5.258 4.787 4.350 3.968 3.662 3.421 3.231 3.101 3.073 3.201 3.520 4.044 4.767
0.000 0.000 0.000 0.000 0.000 0.000 0.000 0.000 0.000 0.000 0.000 0.000 0.001 0.002 0.005 0.010 0.017 0.029 0.052 0.104 0.254 0.776 2.077 3.780 4.851 5.349 5.562 5.662 5.694 5.669 5.587 5.423 5.178 4.869 4.511 4.186 3.937 3.778 3.729 3.826 4.202 4.986 6.247 7.916 9.266 10.059 10.353 10.372 10.248 9.908 9.405 8.980 8.788 8.780 8.827 8.864 8.794 8.551 8.170 7.713 7.213 6.678 6.113 5.531 4.981 4.466 3.992 3.566 3.204 2.904 2.653 2.453 2.320 2.304 2.434 2.692 2.986
0.000 0.000 0.000 0.000 0.000 0.000 0.000 0.000 0.000 0.000 0.000 0.000 0.002 0.004 0.009 0.016 0.026 0.042 0.068 0.121 0.252 0.622 1.559 3.174 4.630 5.439 5.822 6.050 6.188 6.242 6.221 6.139 5.991 5.789 5.542 5.318 5.162 5.074 5.040 5.055 5.210 5.620 6.413 7.544 8.539 9.182 9.435 9.471 9.423 9.229 8.842 8.338 8.014 7.961 8.086 8.278 8.388 8.317 8.032 7.608 7.116 6.563 5.988 5.378 4.758 4.195 3.689 3.236 2.833 2.482 2.187 1.937 1.723 1.579 1.526 1.525 1.481
0.000 0.000 0.000 0.000 0.000 0.000 0.000 0.000 0.000 0.000 0.000 0.001 0.003 0.009 0.018 0.033 0.053 0.079 0.117 0.179 0.301 0.587 1.252 2.502 4.128 5.315 5.938 6.328 6.598 6.744 6.800 6.788 6.718 6.606 6.453 6.301 6.200 6.152 6.144 6.164 6.251 6.448 6.828 7.473 8.143 8.588 8.783 8.830 8.813 8.685 8.389 7.908 7.487 7.286 7.308 7.498 7.723 7.792 7.683 7.386 6.964 6.446 5.886 5.259 4.569 3.955 3.426 2.952 2.519 2.130 1.795 1.500 1.215 0.970 0.787 0.643 0.519
0.000 0.000 0.000 0.000 0.000 0.000 0.000 0.000 0.000 0.000 0.001 0.002 0.007 0.017 0.038 0.070 0.111 0.159 0.218 0.298 0.422 0.657 1.139 2.056 3.527 4.987 5.887 6.458 6.889 7.169 7.310 7.354 7.343 7.292 7.203 7.102 7.030 6.976 6.956 6.969 7.008 7.106 7.298 7.624 8.002 8.247 8.364 8.399 8.380 8.274 8.015 7.586 7.149 6.845 6.723 6.762 6.907 7.017 7.035 6.915 6.621 6.179 5.643 5.021 4.330 3.700 3.156 2.671 2.221 1.799 1.414 1.064 0.738 0.480 0.312 0.211 0.150
0.000 0.000 0.000 0.000 0.000 0.000 0.000 0.000 0.000 0.000 0.001 0.004 0.013 0.036 0.080 0.145 0.222 0.302 0.389 0.493 0.628 0.830 1.195 1.895 3.091 4.588 5.692 6.440 7.028 7.470 7.729 7.848 7.876 7.863 7.811 7.731 7.654 7.585 7.546 7.528 7.508 7.535 7.603 7.750 7.948 8.060 8.106 8.125 8.076 7.946 7.696 7.305 6.879 6.550 6.335 6.225 6.175 6.166 6.151 6.097 5.903 5.542 5.025 4.417 3.791 3.209 2.678 2.197 1.746 1.319 0.923 0.582 0.330 0.183 0.108 0.070 0.051
0.000 0.000 0.000 0.000 0.000 0.000 0.000 0.000 0.000 0.000 0.002 0.008 0.026 0.073 0.161 0.281 0.404 0.522 0.644 0.779 0.932 1.121 1.399 1.938 2.904 4.251 5.424 6.320 7.056 7.639 8.046 8.259 8.317 8.319 8.292 8.216 8.135 8.056 7.987 7.913 7.821 7.791 7.781 7.826 7.907 7.943 7.934 7.900 7.822 7.668 7.409 7.034 6.620 6.288 6.022 5.810 5.622 5.450 5.278 5.103 4.876 4.523 4.010 3.405 2.830 2.301 1.809 1.362 0.969 0.636 0.380 0.206 0.106 0.059 0.039 0.029 0.023
0.000 0.000 0.000 0.000 0.000 0.000 0.000 0.000 0.000 0.001 0.004 0.015 0.051 0.141 0.295 0.487 0.661 0.827 0.997 1.172 1.355 1.551 1.788 2.185 2.948 4.077 5.234 6.201 7.021 7.695 8.194 8.521 8.644 8.660 8.630 8.567 8.473 8.381 8.285 8.171 8.016 7.909 7.855 7.856 7.876 7.867 7.809 7.703 7.575 7.395 7.118 6.749 6.343 6.004 5.706 5.436 5.167 4.876 4.548 4.170 3.743 3.257 2.697 2.110 1.597 1.169 0.813 0.530 0.323 0.185 0.101 0.054 0.031 0.021 0.017 0.015 0.013
0.000 0.000 0.000 0.000 0.000 0.000 0.000 0.000 0.000 0.001 0.006 0.025 0.090 0.243 0.485 0.758 0.990 1.223 1.455 1.682 1.905 2.128 2.362 2.676 3.223 4.096 5.167 6.154 6.996 7.715 8.256 8.653 8.845 8.886 8.846 8.814 8.730 8.641 8.515 8.342 8.124 7.952 7.859 7.830 7.809 7.770 7.689 7.544 7.347 7.112 6.807 6.436 6.033 5.678 5.369 5.072 4.750 4.356 3.872 3.288 2.656 2.064 1.538 1.091 0.729 0.457 0.269 0.150 0.081 0.044 0.025 0.016 0.012 0.010 0.009 0.009 0.008
0.000 0.000 0.000 0.000 0.000 0.000 0.000 0.000 0.000 0.001 0.006 0.028 0.110 0.314 0.646 1.041 1.387 1.710 2.023 2.315 2.584 2.839 3.095 3.380 3.777 4.388 5.238 6.177 7.010 7.738 8.305 8.720 8.943 9.019 9.011 8.986 8.904 8.806 8.663 8.440 8.176 7.958 7.838 7.792 7.741 7.667 7.544 7.358 7.107 6.807 6.458 6.083 5.679 5.275 4.886 4.513 4.106 3.601 2.959 2.224 1.560 1.071 0.714 0.452 0.266 0.146 0.075 0.037 0.020 0.012 0.008 0.007 0.006 0.006 0.006 0.006 0.005
0.000 0.000 0.000 0.000 0.000 0.000 0.000 0.000 0.000 0.001 0.005 0.027 0.109 0.339 0.738 1.257 1.795 2.282 2.703 3.076 3.402 3.693 3.971 4.252 4.568 4.989 5.584 6.346 7.118 7.792 8.336 8.763 9.003 9.098 9.110 9.074 9.018 8.916 8.741 8.487 8.201 7.943 7.764 7.664 7.574 7.480 7.344 7.133 6.836 6.470 6.052 5.613 5.128 4.548 3.915 3.337 2.766 2.157 1.525 0.996 0.637 0.397 0.241 0.141 0.078 0.040 0.019 0.009 0.006 0.004 0.004 0.003 0.003 0.003 0.003 0.003 0.003
0.000 0.000 0.000 0.000 0.000 0.000 0.000 0.000 0.000 0.001 0.004 0.023 0.100 0.334 0.783 1.412 2.139 2.878 3.495 3.986 4.386 4.715 5.001 5.266 5.536 5.834 6.216 6.747 7.382 7.975 8.463 8.848 9.082 9.178 9.192 9.145 9.066 8.942 8.753 8.507 8.204 7.900 7.649 7.466 7.304 7.156 6.983 6.750 6.444 6.038 5.533 4.940 4.238 3.362 2.490 1.805 1.259 0.816 0.488 0.283 0.166 0.099 0.060 0.036 0.020 0.009 0.004 0.003 0.002 0.002 0.002 0.002 0.002 0.002 0.002 0.002 0.002
0.000 0.000 0.000 0.000 0.000 0.000 0.000 0.000 0.000 0.001 0.003 0.017 0.081 0.309 0.796 1.530 2.411 3.381 4.264 4.970 5.502 5.896 6.200 6.443 6.667 6.871 7.096 7.411 7.834 8.286 8.669 8.961 9.154 9.243 9.267 9.206 9.102 8.969 8.762 8.502 8.188 7.827 7.480 7.198 6.938 6.696 6.429 6.137 5.789 5.333 4.759 4.046 3.146 2.185 1.411 0.851 0.474 0.245 0.122 0.063 0.036 0.022 0.013 0.008 0.004 0.002 0.001 0.001 0.001 0.001 0.001 0.001 0.001 0.001 0.001 0.001 0.001
0.000 0.000 0.000 0.000 0.000 0.000 0.000 0.000 0.001 0.001 0.003 0.013 0.064 0.272 0.786 1.618 2.636 3.755 4.861 5.817 6.562 7.095 7.447 7.709 7.908 8.049 8.148 8.274 8.477 8.729 8.963 9.156 9.264 9.298 9.293 9.203 9.073 8.921 8.713 8.460 8.143 7.740 7.295 6.886 6.494 6.118 5.728 5.314 4.859 4.316 3.666 2.900 2.055 1.299 0.734 0.371 0.171 0.074 0.032 0.015 0.008 0.004 0.003 0.002 0.001 0.001 0.000 0.000 0.000 0.000 0.000 0.000 0.000 0.000 0.000 0.000 0.000
0.000 0.000 0.000 0.001 0.001 0.002 0.002 0.002 0.002 0.002 0.003 0.013 0.059 0.258 0.791 1.693 2.815 4.007 5.244 6.435 7.415 8.120 8.567 8.885 9.082 9.177 9.228 9.264 9.299 9.336 9.378 9.410 9.384 9.320 9.259 9.168 9.033 8.850 8.612 8.341 8.015 7.594 7.086 6.550 6.018 5.517 5.014 4.495 3.941 3.333 2.647 1.914 1.234 0.697 0.341 0.148 0.060 0.023 0.009 0.003 0.002 0.001 0.001 0.000 0.000 0.000 0.000 0.000 0.000 0.000 0.000 0.000 0.000 0.000 0.000 0.000 0.000
0.001 0.001 0.001 0.002 0.003 0.003 0.003 0.003 0.002 0.003 0.004 0.013 0.060 0.271 0.840 1.794 2.952 4.144 5.422 6.789 7.986 8.897 9.494 9.868 10.065 10.137 10.157 10.126 10.064 9.938 9.793 9.613 9.404 9.227 9.103 8.972 8.831 8.642 8.406 8.140 7.806 7.373 6.833 6.218 5.570 4.976 4.396 3.811 3.206 2.567 1.891 1.241 0.712 0.349 0.148 0.057 0.021 0.007 0.002 0.001 0.001 0.000 0.000 0.000 0.000 0.000 0.000 0.000 0.000 0.000 0.000 0.000 0.000 0.000 0.000 0.000 0.000
0.002 0.003 0.003 0.004 0.004 0.004 0.003 0.003 0.003 0.003 0.005 0.014 0.070 0.326 0.956 1.926 3.031 4.186 5.471 6.932 8.334 9.438 10.199 10.648 10.846 10.896 10.891 10.788 10.618 10.362 10.073 9.738 9.383 9.041 8.763 8.548 8.363 8.185 7.992 7.753 7.437 7.028 6.494 5.844 5.125 4.455 3.829 3.210 2.582 1.937 1.312 0.778 0.390 0.164 0.061 0.021 0.007 0.002 0.001 0.001 0.000 0.000 0.000 0.000 0.000 0.000 0.000 0.000 0.000 0.000 0.000 0.000 0.000 0.000 0.000 0.000 0.000
0.005 0.005 0.005 0.005 0.005 0.004 0.004 0.004 0.004 0.004 0.006 0.020 0.098 0.411 1.085 2.022 3.051 4.184 5.470 6.932 8.457 9.743 10.654 11.167 11.388 11.423 11.387 11.237 10.971 10.612 10.194 9.736 9.261 8.722 8.227 7.875 7.615 7.420 7.238 7.017 6.744 6.412 5.962 5.360 4.648 3.937 3.275 2.643 2.012 1.393 0.848 0.440 0.189 0.068 0.022 0.007 0.002 0.001 0.000 0.000 0.000 0.000 0.000 0.000 0.000 0.000 0.000 0.000 0.000 0.000 0.000 0.000 0.000 0.000 0.000 0.000 0.000
0.007 0.007 0.007 0.007 0.006 0.005 0.005 0.005 0.005 0.006 0.009 0.026 0.115 0.458 1.143 2.046 3.029 4.138 5.421 6.885 8.435 9.798 10.818 11.404 11.668 11.685 11.620 11.439 11.119 10.723 10.204 9.607 8.974 8.256 7.573 7.058 6.664 6.387 6.158 5.925 5.693 5.453 5.145 4.683 4.073 3.397 2.705 2.052 1.431 0.882 0.465 0.203 0.073 0.023 0.007 0.002 0.001 0.000 0.000 0.000 0.000 0.000 0.000 0.000 0.000 0.000 0.000 0.000 0.000 0.000 0.000 0.000 0.000 0.000 0.000 0.000 0.000
