RESULTS/r.avaflow_results/33_results/33_ascii/33_hflow0003.asc
ncols 506
nrows 317
xllcenter 498237.50
yllcenter 5580050.00
cellsize 12.50
NODATA_value -9999.000
[rows 170 to 203 of 317, columns 77 to 153 of 506]
0.000 0.000 0.000 0.000 0.000 0.000 0.000 0.000 0.000 0.000 0.000 0.000 0.000 0.000 0.000 0.000 0.000 0.000 0.000 0.000 0.000 0.000 0.000 0.000 0.000 0.000 0.000 0.000 0.000 0.000 0.000 0.000 0.000 0.000 0.000 0.000 0.000 0.000 0.000 0.000 0.000 0.000 0.000 0.000 0.000 0.000 0.000 0.000 0.002 0.005 0.009 0.017 0.034 0.081 0.208 0.521 1.205 2.557 4.749 7.604 10.414 12.627 14.219 15.159 15.515 15.537 15.341 14.967 14.489 13.844 12.944 11.827 10.789 10.030 9.465 9.005 8.622
0.000 0.000 0.000 0.000 0.000 0.000 0.000 0.000 0.000 0.000 0.000 0.000 0.000 0.000 0.000 0.000 0.000 0.000 0.000 0.000 0.000 0.000 0.000 0.000 0.000 0.000 0.000 0.000 0.000 0.000 0.000 0.000 0.000 0.000 0.000 0.000 0.000 0.000 0.000 0.000 0.000 0.000 0.000 0.000 0.000 0.000 0.000 0.001 0.003 0.008 0.015 0.030 0.071 0.190 0.507 1.213 2.521 4.536 7.207 10.099 12.505 14.298 15.452 15.998 16.094 15.954 15.578 15.043 14.447 13.776 12.996 12.262 11.792 11.564 11.477 11.469 11.563
0.000 0.000 0.000 0.000 0.000 0.000 0.000 0.000 0.000 0.000 0.000 0.000 0.000 0.000 0.000 0.000 0.000 0.000 0.000 0.000 0.000 0.000 0.000 0.000 0.000 0.000 0.000 0.000 0.000 0.000 0.000 0.000 0.000 0.000 0.000 0.000 0.000 0.000 0.000 0.000 0.000 0.000 0.000 0.000 0.000 0.000 0.001 0.002 0.006 0.012 0.025 0.055 0.138 0.349 0.825 1.795 3.442 5.767 8.630 11.361 13.517 15.025 15.877 16.188 16.194 16.006 15.598 15.069 14.553 14.068 13.661 13.464 13.438 13.462 13.556 13.878 14.516
0.000 0.000 0.000 0.000 0.000 0.000 0.000 0.000 0.000 0.000 0.000 0.000 0.000 0.000 0.000 0.000 0.000 0.000 0.000 0.000 0.000 0.000 0.000 0.000 0.000 0.000 0.000 0.000 0.000 0.000 0.000 0.000 0.000 0.000 0.000 0.000 0.000 0.000 0.000 0.000 0.000 0.000 0.000 0.000 0.000 0.000 0.001 0.003 0.009 0.019 0.040 0.090 0.205 0.457 0.979 2.013 3.749 6.172 9.099 11.715 13.737 15.117 15.858 16.113 16.114 15.955 15.629 15.302 15.097 14.960 14.848 14.755 14.716 14.739 14.965 15.589 16.686
0.000 0.000 0.000 0.000 0.000 0.000 0.000 0.000 0.000 0.000 0.000 0.000 0.000 0.000 0.000 0.000 0.000 0.000 0.000 0.000 0.000 0.000 0.000 0.000 0.000 0.000 0.000 0.000 0.000 0.000 0.000 0.000 0.000 0.000 0.000 0.000 0.000 0.000 0.000 0.000 0.000 0.000 0.000 0.000 0.000 0.000 0.001 0.004 0.010 0.023 0.052 0.113 0.243 0.502 1.012 2.002 3.686 6.090 9.043 11.627 13.557 14.825 15.507 15.802 15.903 15.908 15.836 15.774 15.733 15.663 15.514 15.350 15.297 15.391 15.800 16.649 17.950
0.000 0.000 0.000 0.000 0.000 0.000 0.000 0.000 0.000 0.000 0.000 0.000 0.000 0.000 0.000 0.000 0.000 0.000 0.000 0.000 0.000 0.000 0.000 0.000 0.000 0.000 0.000 0.000 0.000 0.000 0.000 0.000 0.000 0.000 0.000 0.000 0.000 0.000 0.000 0.000 0.000 0.000 0.000 0.000 0.000 0.000 0.002 0.005 0.011 0.026 0.056 0.122 0.253 0.504 0.966 1.806 3.275 5.546 8.527 11.145 12.974 14.127 14.814 15.269 15.614 15.850 15.934 15.932 15.891 15.788 15.590 15.414 15.376 15.540 16.075 17.027 18.331
0.000 0.000 0.000 0.000 0.000 0.000 0.000 0.000 0.000 0.000 0.000 0.000 0.000 0.000 0.000 0.000 0.000 0.000 0.000 0.000 0.000 0.000 0.000 0.000 0.000 0.000 0.000 0.000 0.000 0.000 0.000 0.000 0.000 0.000 0.000 0.000 0.000 0.000 0.000 0.000 0.000 0.000 0.000 0.001 0.002 0.003 0.004 0.007 0.014 0.027 0.058 0.121 0.244 0.460 0.816 1.420 2.544 4.554 7.535 10.306 12.125 13.226 13.972 14.613 15.175 15.547 15.671 15.656 15.556 15.366 15.090 14.912 14.896 15.140 15.785 16.813 18.121
0.000 0.000 0.000 0.000 0.000 0.000 0.000 0.000 0.000 0.000 0.000 0.000 0.000 0.000 0.000 0.000 0.000 0.000 0.000 0.000 0.000 0.000 0.000 0.000 0.000 0.000 0.000 0.000 0.000 0.000 0.000 0.000 0.000 0.000 0.000 0.000 0.000 0.000 0.001 0.001 0.002 0.003 0.004 0.006 0.009 0.011 0.013 0.016 0.022 0.034 0.058 0.109 0.203 0.362 0.631 1.104 2.014 3.770 6.604 9.390 11.188 12.279 13.073 13.783 14.355 14.668 14.733 14.663 14.459 14.115 13.739 13.544 13.543 13.850 14.636 15.838 17.281
0.000 0.000 0.000 0.000 0.000 0.000 0.000 0.000 0.000 0.000 0.000 0.000 0.000 0.000 0.000 0.000 0.000 0.000 0.000 0.000 0.000 0.000 0.000 0.000 0.000 0.000 0.000 0.000 0.000 0.000 0.000 0.000 0.000 0.000 0.001 0.001 0.002 0.004 0.005 0.007 0.009 0.013 0.017 0.026 0.035 0.041 0.043 0.047 0.051 0.057 0.068 0.098 0.161 0.280 0.498 0.904 1.699 3.274 5.889 8.498 10.159 11.183 11.942 12.562 12.978 13.135 13.118 12.951 12.593 12.033 11.573 11.388 11.433 11.874 12.849 14.277 15.943
0.000 0.000 0.000 0.000 0.000 0.000 0.000 0.000 0.000 0.000 0.000 0.000 0.000 0.000 0.000 0.000 0.000 0.000 0.000 0.000 0.000 0.000 0.000 0.000 0.000 0.000 0.000 0.000 0.000 0.000 0.000 0.001 0.002 0.003 0.005 0.008 0.011 0.016 0.022 0.028 0.036 0.047 0.063 0.090 0.113 0.124 0.128 0.129 0.126 0.118 0.109 0.114 0.151 0.237 0.412 0.758 1.463 2.880 5.241 7.527 8.915 9.757 10.375 10.829 11.067 11.109 11.017 10.733 10.217 9.625 9.297 9.244 9.471 10.144 11.268 12.742 14.442
0.000 0.000 0.000 0.000 0.000 0.000 0.000 0.000 0.000 0.000 0.000 0.000 0.000 0.000 0.000 0.000 0.000 0.000 0.000 0.000 0.000 0.000 0.000 0.000 0.000 0.000 0.000 0.001 0.001 0.002 0.003 0.005 0.008 0.013 0.020 0.030 0.043 0.058 0.075 0.094 0.117 0.145 0.189 0.259 0.303 0.321 0.326 0.321 0.297 0.257 0.212 0.176 0.176 0.227 0.360 0.643 1.248 2.492 4.555 6.434 7.467 8.013 8.385 8.646 8.767 8.775 8.674 8.419 8.007 7.646 7.502 7.562 7.954 8.757 9.918 11.327 12.908
0.000 0.000 0.000 0.000 0.000 0.000 0.000 0.000 0.000 0.000 0.000 0.000 0.000 0.000 0.000 0.000 0.000 0.000 0.000 0.000 0.000 0.000 0.000 0.000 0.001 0.002 0.003 0.004 0.006 0.009 0.013 0.020 0.031 0.047 0.070 0.100 0.136 0.175 0.218 0.263 0.315 0.380 0.479 0.611 0.687 0.710 0.710 0.684 0.619 0.524 0.420 0.319 0.254 0.251 0.331 0.544 1.024 2.033 3.726 5.218 5.961 6.256 6.400 6.495 6.546 6.555 6.508 6.357 6.113 5.965 5.959 6.145 6.646 7.476 8.584 9.871 11.261
0.000 0.000 0.000 0.000 0.000 0.000 0.000 0.000 0.000 0.000 0.000 0.000 0.000 0.000 0.000 0.000 0.000 0.000 0.000 0.000 0.000 0.000 0.001 0.002 0.005 0.008 0.013 0.019 0.026 0.036 0.050 0.071 0.103 0.149 0.212 0.288 0.369 0.450 0.534 0.622 0.717 0.842 1.023 1.204 1.310 1.341 1.328 1.250 1.109 0.940 0.767 0.584 0.414 0.315 0.319 0.447 0.762 1.440 2.663 3.857 4.477 4.689 4.729 4.731 4.720 4.704 4.667 4.578 4.471 4.443 4.525 4.823 5.385 6.191 7.185 8.301 9.476
0.000 0.000 0.000 0.000 0.000 0.000 0.000 0.000 0.000 0.000 0.000 0.000 0.000 0.000 0.000 0.000 0.000 0.000 0.000 0.000 0.000 0.002 0.004 0.009 0.018 0.030 0.045 0.064 0.088 0.118 0.158 0.217 0.298 0.408 0.550 0.711 0.857 0.989 1.118 1.250 1.393 1.597 1.854 2.028 2.120 2.146 2.090 1.942 1.726 1.487 1.242 0.977 0.692 0.463 0.338 0.345 0.509 0.896 1.637 2.525 3.076 3.299 3.343 3.334 3.305 3.264 3.201 3.116 3.070 3.075 3.177 3.493 4.055 4.803 5.672 6.639 7.685
0.000 0.000 0.000 0.000 0.000 0.000 0.000 0.000 0.000 0.000 0.000 0.000 0.000 0.000 0.000 0.000 0.000 0.000 0.000 0.001 0.002 0.007 0.016 0.032 0.056 0.091 0.134 0.187 0.252 0.332 0.431 0.563 0.739 0.960 1.223 1.483 1.703 1.881 2.034 2.177 2.338 2.593 2.832 2.922 2.918 2.836 2.693 2.513 2.294 2.051 1.777 1.455 1.075 0.717 0.459 0.329 0.348 0.533 0.928 1.493 1.921 2.151 2.236 2.249 2.231 2.181 2.085 1.977 1.930 1.929 1.990 2.189 2.589 3.198 3.976 4.901 5.922
0.000 0.000 0.000 0.000 0.000 0.000 0.000 0.000 0.000 0.000 0.000 0.000 0.000 0.000 0.000 0.000 0.000 0.000 0.001 0.003 0.009 0.022 0.047 0.089 0.152 0.234 0.337 0.464 0.617 0.791 0.996 1.250 1.566 1.944 2.335 2.670 2.945 3.155 3.300 3.401 3.484 3.614 3.695 3.665 3.551 3.360 3.164 2.972 2.773 2.556 2.297 1.964 1.524 1.042 0.666 0.417 0.299 0.326 0.500 0.802 1.091 1.287 1.389 1.421 1.418 1.375 1.271 1.150 1.089 1.075 1.092 1.176 1.390 1.787 2.382 3.168 4.053
0.000 0.000 0.000 0.000 0.000 0.000 0.000 0.000 0.000 0.000 0.000 0.000 0.000 0.000 0.000 0.000 0.000 0.001 0.004 0.011 0.027 0.061 0.122 0.218 0.349 0.517 0.723 0.978 1.272 1.583 1.935 2.350 2.836 3.365 3.829 4.173 4.407 4.539 4.594 4.608 4.560 4.494 4.414 4.257 4.030 3.789 3.577 3.392 3.218 3.042 2.820 2.492 2.011 1.406 0.895 0.528 0.300 0.214 0.257 0.394 0.563 0.699 0.785 0.821 0.823 0.792 0.710 0.607 0.548 0.524 0.520 0.540 0.625 0.834 1.202 1.723 2.220
0.000 0.000 0.000 0.000 0.000 0.000 0.000 0.000 0.000 0.000 0.000 0.000 0.000 0.000 0.000 0.000 0.001 0.004 0.011 0.031 0.073 0.153 0.283 0.465 0.696 0.983 1.338 1.754 2.191 2.650 3.148 3.707 4.261 4.777 5.184 5.457 5.614 5.682 5.677 5.602 5.459 5.254 4.996 4.701 4.408 4.157 3.953 3.795 3.657 3.516 3.317 2.972 2.439 1.721 1.063 0.596 0.306 0.161 0.131 0.178 0.264 0.342 0.399 0.425 0.427 0.407 0.356 0.290 0.249 0.228 0.220 0.221 0.244 0.323 0.491 0.746 0.929
0.000 0.000 0.000 0.000 0.000 0.000 0.000 0.000 0.000 0.000 0.000 0.000 0.000 0.000 0.000 0.001 0.003 0.011 0.031 0.081 0.180 0.347 0.584 0.873 1.211 1.631 2.155 2.693 3.162 3.640 4.207 4.876 5.457 5.936 6.294 6.503 6.588 6.593 6.548 6.408 6.182 5.854 5.412 5.031 4.751 4.513 4.319 4.188 4.080 3.949 3.723 3.327 2.727 1.910 1.144 0.620 0.304 0.142 0.080 0.082 0.117 0.154 0.181 0.194 0.194 0.184 0.159 0.129 0.109 0.097 0.092 0.090 0.095 0.117 0.171 0.253 0.294
0.000 0.000 0.000 0.000 0.000 0.000 0.000 0.000 0.000 0.000 0.000 0.000 0.000 0.000 0.001 0.002 0.009 0.028 0.079 0.191 0.401 0.714 1.083 1.464 1.876 2.405 3.020 3.567 4.040 4.511 5.109 5.889 6.502 6.915 7.187 7.317 7.345 7.283 7.156 6.976 6.710 6.297 5.715 5.296 5.045 4.860 4.686 4.545 4.422 4.265 3.988 3.538 2.885 1.993 1.166 0.617 0.294 0.128 0.059 0.042 0.053 0.067 0.077 0.081 0.081 0.077 0.068 0.057 0.049 0.043 0.040 0.040 0.041 0.046 0.062 0.082 0.089
0.000 0.000 0.000 0.000 0.000 0.000 0.000 0.000 0.000 0.000 0.000 0.000 0.000 0.000 0.001 0.007 0.023 0.067 0.177 0.408 0.812 1.335 1.806 2.224 2.668 3.265 3.861 4.359 4.825 5.296 5.892 6.710 7.335 7.671 7.837 7.882 7.857 7.733 7.523 7.281 6.976 6.525 5.920 5.535 5.320 5.165 5.028 4.871 4.685 4.448 4.127 3.648 2.955 2.017 1.161 0.597 0.271 0.110 0.044 0.024 0.025 0.030 0.034 0.035 0.035 0.034 0.030 0.026 0.023 0.021 0.019 0.019 0.019 0.021 0.026 0.031 0.032
0.000 0.000 0.000 0.000 0.000 0.000 0.000 0.000 0.000 0.000 0.000 0.000 0.000 0.001 0.004 0.017 0.052 0.146 0.362 0.789 1.485 2.219 2.733 3.139 3.587 4.215 4.735 5.162 5.592 6.045 6.605 7.373 7.943 8.194 8.271 8.252 8.164 7.986 7.723 7.416 7.067 6.580 6.040 5.719 5.546 5.399 5.255 5.069 4.839 4.548 4.176 3.674 2.970 2.008 1.129 0.552 0.231 0.083 0.027 0.012 0.012 0.014 0.016 0.016 0.016 0.016 0.015 0.013 0.011 0.010 0.010 0.010 0.010 0.011 0.013 0.014 0.014
0.000 0.000 0.000 0.000 0.000 0.000 0.000 0.000 0.000 0.000 0.000 0.000 0.001 0.003 0.011 0.037 0.109 0.288 0.672 1.384 2.442 3.319 3.848 4.241 4.672 5.266 5.728 6.081 6.428 6.777 7.185 7.816 8.320 8.486 8.507 8.469 8.335 8.087 7.768 7.439 7.074 6.567 6.106 5.869 5.729 5.581 5.391 5.156 4.890 4.578 4.175 3.629 2.890 1.897 1.015 0.456 0.168 0.051 0.014 0.006 0.006 0.007 0.007 0.008 0.008 0.007 0.007 0.006 0.005 0.005 0.005 0.005 0.005 0.005 0.006 0.007 0.007
0.000 0.000 0.000 0.000 0.000 0.000 0.000 0.000 0.000 0.000 0.000 0.000 0.001 0.006 0.022 0.072 0.206 0.516 1.137 2.207 3.646 4.664 5.212 5.598 6.007 6.474 6.834 7.068 7.262 7.447 7.672 8.095 8.509 8.643 8.637 8.596 8.427 8.117 7.736 7.387 7.027 6.552 6.160 5.975 5.832 5.658 5.435 5.177 4.896 4.549 4.100 3.491 2.646 1.579 0.760 0.299 0.097 0.028 0.007 0.003 0.003 0.003 0.003 0.003 0.003 0.003 0.003 0.003 0.002 0.002 0.002 0.002 0.002 0.002 0.003 0.003 0.003
0.000 0.000 0.000 0.000 0.000 0.000 0.000 0.000 0.000 0.000 0.000 0.001 0.003 0.012 0.043 0.131 0.355 0.843 1.757 3.222 5.010 6.234 6.873 7.218 7.483 7.706 7.855 7.934 7.984 8.027 8.112 8.346 8.629 8.725 8.723 8.651 8.440 8.084 7.687 7.338 6.980 6.565 6.226 6.027 5.866 5.658 5.418 5.137 4.820 4.426 3.901 3.194 2.210 1.154 0.493 0.180 0.056 0.015 0.003 0.001 0.001 0.001 0.001 0.001 0.001 0.001 0.001 0.001 0.001 0.001 0.001 0.001 0.001 0.001 0.001 0.001 0.001
0.000 0.000 0.000 0.000 0.000 0.000 0.000 0.000 0.000 0.000 0.000 0.001 0.006 0.023 0.076 0.221 0.567 1.279 2.523 4.391 6.371 7.650 8.302 8.580 8.688 8.717 8.653 8.573 8.527 8.490 8.496 8.598 8.762 8.804 8.791 8.674 8.400 7.983 7.599 7.272 6.956 6.645 6.359 6.089 5.863 5.619 5.327 5.005 4.631 4.169 3.574 2.741 1.672 0.800 0.325 0.111 0.032 0.007 0.002 0.000 0.000 0.000 0.000 0.000 0.000 0.000 0.000 0.000 0.000 0.000 0.000 0.000 0.000 0.000 0.000 0.000 0.000
0.000 0.000 0.000 0.000 0.000 0.000 0.000 0.000 0.000 0.000 0.000 0.002 0.011 0.041 0.130 0.358 0.868 1.847 3.459 5.626 7.559 8.771 9.349 9.519 9.518 9.406 9.184 8.988 8.868 8.803 8.794 8.816 8.900 8.922 8.839 8.635 8.230 7.753 7.438 7.190 6.942 6.687 6.434 6.160 5.870 5.572 5.234 4.831 4.369 3.803 3.106 2.202 1.228 0.565 0.214 0.067 0.018 0.004 0.001 0.000 0.000 0.000 0.000 0.000 0.000 0.000 0.000 0.000 0.000 0.000 0.000 0.000 0.000 0.000 0.000 0.000 0.000
0.000 0.000 0.000 0.000 0.000 0.000 0.000 0.000 0.000 0.000 0.001 0.005 0.021 0.074 0.222 0.577 1.301 2.583 4.495 6.662 8.354 9.422 9.924 10.063 10.038 9.854 9.533 9.267 9.072 8.975 8.940 8.942 8.966 8.989 8.892 8.597 8.086 7.631 7.347 7.143 6.940 6.713 6.456 6.185 5.879 5.523 5.121 4.670 4.134 3.481 2.691 1.748 0.916 0.393 0.138 0.040 0.009 0.002 0.000 0.000 0.000 0.000 0.000 0.000 0.000 0.000 0.000 0.000 0.000 0.000 0.000 0.000 0.000 0.000 0.000 0.000 0.000
0.000 0.000 0.000 0.000 0.000 0.000 0.000 0.000 0.000 0.000 0.002 0.010 0.040 0.131 0.375 0.918 1.909 3.419 5.358 7.241 8.679 9.608 10.033 10.181 10.181 10.033 9.718 9.405 9.175 9.059 9.004 9.022 9.014 8.994 8.899 8.561 8.003 7.595 7.324 7.116 6.926 6.708 6.452 6.164 5.838 5.462 5.013 4.495 3.897 3.181 2.325 1.387 0.674 0.264 0.084 0.022 0.005 0.001 0.000 0.000 0.000 0.000 0.000 0.000 0.000 0.000 0.000 0.000 0.000 0.000 0.000 0.000 0.000 0.000 0.000 0.000 0.000
0.000 0.000 0.000 0.000 0.000 0.000 0.000 0.000 0.000 0.000 0.003 0.015 0.061 0.202 0.561 1.304 2.526 4.129 5.846 7.419 8.685 9.556 9.971 10.119 10.129 10.006 9.723 9.391 9.182 9.078 9.013 9.017 9.020 8.961 8.812 8.433 7.921 7.574 7.329 7.102 6.874 6.661 6.418 6.111 5.733 5.321 4.874 4.345 3.716 2.954 2.009 1.085 0.476 0.168 0.048 0.011 0.002 0.000 0.000 0.000 0.000 0.000 0.000 0.000 0.000 0.000 0.000 0.000 0.000 0.000 0.000 0.000 0.000 0.000 0.000 0.000 0.000
0.000 0.000 0.000 0.000 0.000 0.000 0.000 0.000 0.000 0.000 0.003 0.017 0.072 0.245 0.682 1.570 2.980 4.592 6.026 7.352 8.473 9.260 9.698 9.859 9.871 9.793 9.563 9.257 9.097 9.041 8.999 8.978 8.950 8.840 8.582 8.152 7.768 7.531 7.315 7.069 6.805 6.554 6.308 6.010 5.634 5.198 4.724 4.183 3.533 2.712 1.676 0.806 0.312 0.099 0.026 0.005 0.001 0.000 0.000 0.000 0.000 0.000 0.000 0.000 0.000 0.000 0.000 0.000 0.000 0.000 0.000 0.000 0.000 0.000 0.000 0.000 0.000
0.000 0.000 0.000 0.000 0.000 0.000 0.000 0.000 0.000 0.000 0.003 0.017 0.075 0.263 0.743 1.719 3.269 4.843 6.045 7.083 7.977 8.651 9.072 9.259 9.290 9.237 9.072 8.885 8.812 8.871 8.910 8.899 8.811 8.651 8.374 7.935 7.597 7.406 7.223 6.924 6.610 6.356 6.108 5.846 5.495 5.059 4.566 3.976 3.255 2.312 1.254 0.535 0.185 0.053 0.012 0.002 0.000 0.000 0.000 0.000 0.000 0.000 0.000 0.000 0.000 0.000 0.000 0.000 0.000 0.000 0.000 0.000 0.000 0.000 0.000 0.000 0.000
0.000 0.000 0.000 0.000 0.000 0.000 0.000 0.000 0.000 0.000 0.003 0.017 0.075 0.265 0.761 1.770 3.384 4.959 6.030 6.802 7.425 7.886 8.131 8.223 8.198 8.153 8.105 8.125 8.233 8.430 8.555 8.571 8.514 8.375 8.161 7.827 7.497 7.246 6.966 6.563 6.215 6.005 5.799 5.576 5.286 4.883 4.381 3.752 2.912 1.783 0.836 0.321 0.102 0.027 0.006 0.001 0.000 0.000 0.000 0.000 0.000 0.000 0.000 0.000 0.000 0.000 0.000 0.000 0.000 0.000 0.000 0.000 0.000 0.000 0.000 0.000 0.000
0.000 0.000 0.000 0.000 0.000 0.000 0.000 0.000 0.000 0.000 0.002 0.016 0.072 0.260 0.754 1.767 3.390 5.005 6.081 6.723 7.119 7.351 7.406 7.263 7.082 7.001 7.007 7.122 7.393 7.695 7.883 8.009 8.111 8.120 8.014 7.753 7.451 7.188 6.868 6.384 5.978 5.743 5.532 5.276 4.970 4.599 4.101 3.400 2.390 1.242 0.519 0.182 0.053 0.013 0.003 0.000 0.000 0.000 0.000 0.000 0.000 0.000 0.000 0.000 0.000 0.000 0.000 0.000 0.000 0.000 0.000 0.000 0.000 0.000 0.000 0.000 0.000
