RESULTS/r.avaflow_results/33_results/33_ascii/33_hflow30035.asc
ncols 506
nrows 317
xllcenter 498237.50
yllcenter 5580050.00
cellsize 12.50
NODATA_value -9999.000
[rows 170 to 203 of 317, columns 154 to 230 of 506]
9.100 9.022 8.925 8.804 8.638 8.448 8.284 8.143 8.008 7.860 7.711 7.566 7.398 7.129 6.668 6.000 5.179 4.300 3.445 2.644 1.915 1.291 0.819 0.521 0.361 0.285 0.255 0.250 0.255 0.276 0.321 0.385 0.443 0.481 0.509 0.535 0.568 0.628 0.682 0.705 0.709 0.709 0.721 0.744 0.753 0.745 0.709 0.639 0.539 0.427 0.317 0.230 0.175 0.140 0.118 0.104 0.097 0.094 0.095 0.096 0.097 0.096 0.093 0.089 0.086 0.085 0.089 0.105 0.148 0.236 0.318 0.350 0.348 0.303 0.211 0.134 0.095
12.448 12.715 12.865 12.917 12.896 12.767 12.549 12.300 12.046 11.773 11.494 11.232 10.970 10.658 10.190 9.471 8.491 7.322 6.085 4.856 3.684 2.639 1.778 1.151 0.759 0.542 0.432 0.386 0.375 0.391 0.432 0.491 0.539 0.563 0.574 0.584 0.601 0.643 0.682 0.694 0.688 0.672 0.666 0.667 0.656 0.621 0.541 0.412 0.282 0.191 0.136 0.104 0.084 0.073 0.067 0.065 0.066 0.068 0.070 0.071 0.071 0.069 0.066 0.062 0.061 0.061 0.065 0.078 0.110 0.178 0.273 0.335 0.356 0.350 0.306 0.226 0.152
16.018 16.623 16.882 16.910 16.800 16.538 16.189 15.828 15.475 15.114 14.755 14.430 14.123 13.799 13.360 12.679 11.713 10.518 9.167 7.707 6.204 4.736 3.421 2.350 1.576 1.069 0.761 0.591 0.510 0.482 0.488 0.516 0.550 0.565 0.567 0.565 0.572 0.596 0.612 0.604 0.567 0.515 0.473 0.437 0.397 0.338 0.254 0.168 0.112 0.080 0.063 0.052 0.046 0.043 0.042 0.044 0.046 0.050 0.053 0.053 0.053 0.051 0.048 0.046 0.045 0.046 0.049 0.058 0.080 0.124 0.208 0.300 0.354 0.374 0.371 0.336 0.258
18.794 19.719 20.109 20.138 19.995 19.694 19.328 18.969 18.609 18.229 17.828 17.465 17.139 16.806 16.382 15.711 14.734 13.515 12.165 10.735 9.193 7.518 5.805 4.233 2.961 2.015 1.360 0.943 0.700 0.569 0.511 0.498 0.507 0.508 0.496 0.475 0.464 0.458 0.443 0.404 0.332 0.262 0.217 0.186 0.160 0.132 0.096 0.067 0.050 0.039 0.033 0.030 0.028 0.028 0.028 0.030 0.033 0.037 0.039 0.040 0.039 0.038 0.036 0.036 0.035 0.036 0.039 0.045 0.058 0.085 0.137 0.229 0.327 0.378 0.393 0.388 0.351
20.376 21.530 22.155 22.357 22.351 22.206 22.008 21.792 21.533 21.198 20.786 20.378 20.018 19.655 19.215 18.550 17.591 16.379 15.011 13.557 12.024 10.365 8.526 6.563 4.760 3.297 2.190 1.420 0.933 0.649 0.504 0.435 0.397 0.370 0.337 0.301 0.275 0.256 0.235 0.201 0.151 0.114 0.092 0.078 0.067 0.055 0.042 0.033 0.027 0.023 0.021 0.020 0.019 0.019 0.020 0.021 0.024 0.027 0.029 0.029 0.029 0.029 0.028 0.028 0.028 0.030 0.032 0.036 0.044 0.060 0.089 0.148 0.256 0.354 0.392 0.397 0.386
20.752 22.014 22.885 23.404 23.705 23.882 23.977 23.970 23.873 23.638 23.234 22.731 22.312 21.918 21.475 20.858 20.001 18.898 17.564 16.042 14.383 12.586 10.594 8.324 6.064 4.186 2.738 1.716 1.064 0.682 0.469 0.346 0.269 0.217 0.175 0.149 0.136 0.127 0.116 0.097 0.072 0.055 0.045 0.039 0.033 0.028 0.023 0.019 0.017 0.015 0.014 0.014 0.014 0.014 0.014 0.015 0.017 0.019 0.021 0.022 0.022 0.022 0.022 0.023 0.023 0.025 0.027 0.030 0.036 0.046 0.063 0.099 0.173 0.288 0.366 0.388 0.387
20.448 21.780 22.808 23.541 24.127 24.623 24.948 25.081 25.095 24.972 24.594 23.983 23.510 23.147 22.748 22.197 21.464 20.522 19.295 17.750 15.950 13.967 11.777 9.268 6.691 4.557 2.932 1.800 1.089 0.668 0.419 0.270 0.181 0.125 0.091 0.076 0.069 0.065 0.060 0.050 0.039 0.031 0.026 0.023 0.020 0.017 0.015 0.013 0.011 0.011 0.010 0.010 0.010 0.010 0.010 0.011 0.012 0.014 0.015 0.016 0.016 0.017 0.017 0.018 0.019 0.021 0.023 0.026 0.031 0.038 0.050 0.073 0.118 0.205 0.303 0.354 0.371
19.541 21.009 22.268 23.272 24.078 24.698 25.071 25.227 25.271 25.209 24.856 24.193 23.694 23.386 23.039 22.521 21.843 20.998 19.873 18.364 16.502 14.397 12.082 9.456 6.764 4.548 2.882 1.739 1.024 0.597 0.342 0.193 0.112 0.071 0.050 0.042 0.038 0.036 0.033 0.028 0.023 0.020 0.017 0.015 0.013 0.011 0.010 0.009 0.008 0.007 0.007 0.007 0.007 0.007 0.007 0.007 0.008 0.009 0.010 0.011 0.012 0.013 0.014 0.015 0.016 0.018 0.020 0.023 0.027 0.033 0.043 0.059 0.088 0.140 0.220 0.292 0.335
18.300 19.913 21.362 22.604 23.600 24.288 24.639 24.758 24.778 24.695 24.354 23.723 23.198 22.863 22.497 21.969 21.309 20.525 19.487 18.049 16.208 14.069 11.687 8.998 6.324 4.147 2.535 1.457 0.808 0.434 0.222 0.113 0.063 0.040 0.030 0.025 0.023 0.021 0.020 0.017 0.015 0.013 0.011 0.010 0.009 0.008 0.007 0.006 0.005 0.005 0.004 0.004 0.004 0.004 0.004 0.005 0.005 0.006 0.007 0.008 0.009 0.009 0.010 0.011 0.013 0.015 0.017 0.020 0.024 0.030 0.038 0.050 0.070 0.103 0.154 0.218 0.277
16.947 18.632 20.142 21.448 22.485 23.192 23.549 23.636 23.554 23.290 22.938 22.505 22.021 21.476 20.884 20.273 19.629 18.924 17.996 16.650 14.849 12.684 10.252 7.613 5.152 3.193 1.784 0.894 0.426 0.205 0.103 0.057 0.035 0.025 0.020 0.017 0.015 0.014 0.013 0.011 0.010 0.009 0.008 0.007 0.006 0.005 0.004 0.004 0.003 0.003 0.002 0.002 0.002 0.002 0.002 0.002 0.003 0.004 0.004 0.005 0.006 0.007 0.008 0.009 0.010 0.012 0.015 0.018 0.022 0.027 0.034 0.044 0.060 0.083 0.116 0.162 0.213
15.389 17.023 18.490 19.768 20.809 21.581 22.034 22.155 22.001 21.582 21.319 21.148 20.754 19.946 19.062 18.331 17.616 16.831 15.815 14.378 12.471 10.179 7.685 5.278 3.262 1.785 0.848 0.357 0.154 0.078 0.045 0.030 0.021 0.016 0.014 0.012 0.011 0.010 0.009 0.008 0.007 0.006 0.005 0.004 0.004 0.003 0.002 0.002 0.002 0.001 0.001 0.001 0.001 0.001 0.001 0.001 0.001 0.002 0.002 0.003 0.004 0.004 0.005 0.007 0.008 0.010 0.012 0.016 0.020 0.025 0.031 0.041 0.054 0.072 0.097 0.130 0.170
13.487 14.973 16.400 17.751 18.966 20.001 20.714 20.967 20.843 20.436 20.208 20.051 19.602 18.649 17.660 16.852 16.009 14.948 13.517 11.640 9.277 6.671 4.326 2.602 1.445 0.714 0.302 0.118 0.056 0.034 0.024 0.018 0.014 0.012 0.010 0.009 0.008 0.007 0.006 0.005 0.005 0.004 0.003 0.003 0.002 0.001 0.001 0.001 0.001 0.000 0.000 0.000 0.000 0.000 0.000 0.000 0.000 0.001 0.001 0.001 0.002 0.003 0.004 0.005 0.006 0.008 0.011 0.014 0.018 0.023 0.030 0.039 0.052 0.069 0.089 0.115 0.146
11.351 12.719 14.148 15.643 17.119 18.425 19.371 19.772 19.723 19.390 19.048 18.673 18.030 17.050 16.078 15.199 14.196 12.795 10.820 8.212 5.443 3.165 1.693 0.870 0.439 0.209 0.091 0.043 0.026 0.019 0.015 0.012 0.010 0.008 0.007 0.006 0.005 0.005 0.004 0.003 0.003 0.002 0.002 0.001 0.001 0.001 0.000 0.000 0.000 0.000 0.000 0.000 0.000 0.000 0.000 0.000 0.000 0.000 0.000 0.001 0.001 0.002 0.002 0.003 0.005 0.007 0.009 0.013 0.017 0.022 0.029 0.039 0.052 0.068 0.087 0.109 0.133
9.433 10.689 12.009 13.464 14.994 16.372 17.421 17.945 17.994 17.686 17.053 16.226 15.310 14.371 13.447 12.448 11.170 9.312 6.716 4.072 2.133 0.971 0.411 0.195 0.106 0.058 0.032 0.021 0.016 0.012 0.010 0.009 0.007 0.006 0.005 0.004 0.003 0.003 0.002 0.002 0.001 0.001 0.001 0.000 0.000 0.000 0.000 0.000 0.000 0.000 0.000 0.000 0.000 0.000 0.000 0.000 0.000 0.000 0.000 0.000 0.000 0.001 0.001 0.002 0.004 0.006 0.008 0.011 0.016 0.021 0.029 0.039 0.052 0.069 0.087 0.106 0.126
7.633 8.707 9.776 10.890 12.024 13.095 14.035 14.587 14.700 14.423 13.627 12.435 11.203 10.110 9.014 7.796 6.275 4.383 2.482 1.166 0.464 0.174 0.081 0.050 0.034 0.023 0.017 0.013 0.011 0.009 0.007 0.006 0.005 0.004 0.003 0.003 0.002 0.001 0.001 0.001 0.000 0.000 0.000 0.000 0.000 0.000 0.000 0.000 0.000 0.000 0.000 0.000 0.000 0.000 0.000 0.000 0.000 0.000 0.000 0.000 0.000 0.000 0.001 0.002 0.003 0.005 0.007 0.010 0.015 0.021 0.029 0.039 0.053 0.070 0.088 0.106 0.124
5.714 6.412 6.912 7.287 7.643 8.094 8.697 9.155 9.300 9.145 8.485 7.297 5.919 4.795 3.868 3.014 2.099 1.153 0.494 0.179 0.073 0.041 0.028 0.022 0.017 0.014 0.011 0.009 0.007 0.006 0.005 0.004 0.003 0.002 0.002 0.001 0.001 0.001 0.000 0.000 0.000 0.000 0.000 0.000 0.000 0.000 0.000 0.000 0.000 0.000 0.000 0.000 0.000 0.000 0.000 0.000 0.000 0.000 0.000 0.000 0.000 0.000 0.000 0.001 0.002 0.004 0.006 0.009 0.014 0.020 0.028 0.039 0.053 0.070 0.088 0.107 0.126
3.248 3.391 3.398 3.340 3.292 3.342 3.537 3.740 3.811 3.761 3.467 2.863 2.049 1.402 0.972 0.668 0.391 0.178 0.074 0.038 0.025 0.019 0.016 0.013 0.011 0.009 0.008 0.006 0.005 0.004 0.003 0.002 0.002 0.001 0.001 0.000 0.000 0.000 0.000 0.000 0.000 0.000 0.000 0.000 0.000 0.000 0.000 0.000 0.000 0.000 0.000 0.000 0.000 0.000 0.000 0.000 0.000 0.000 0.000 0.000 0.000 0.000 0.000 0.000 0.001 0.003 0.005 0.008 0.013 0.019 0.027 0.038 0.052 0.069 0.088 0.110 0.132
1.286 1.216 1.137 1.044 0.959 0.921 0.933 0.967 0.974 0.953 0.862 0.674 0.421 0.257 0.174 0.117 0.069 0.039 0.025 0.018 0.015 0.012 0.011 0.009 0.008 0.006 0.005 0.004 0.003 0.003 0.002 0.001 0.001 0.000 0.000 0.000 0.000 0.000 0.000 0.000 0.000 0.000 0.000 0.000 0.000 0.000 0.000 0.000 0.000 0.000 0.000 0.000 0.000 0.000 0.000 0.000 0.000 0.000 0.000 0.000 0.000 0.000 0.000 0.000 0.001 0.002 0.004 0.007 0.012 0.018 0.026 0.036 0.050 0.067 0.089 0.118 0.152
0.368 0.317 0.289 0.266 0.241 0.223 0.216 0.210 0.205 0.196 0.174 0.134 0.085 0.058 0.043 0.033 0.024 0.018 0.014 0.012 0.010 0.009 0.007 0.006 0.005 0.004 0.003 0.003 0.002 0.001 0.001 0.000 0.000 0.000 0.000 0.000 0.000 0.000 0.000 0.000 0.000 0.000 0.000 0.000 0.000 0.000 0.000 0.000 0.000 0.000 0.000 0.000 0.000 0.000 0.000 0.000 0.000 0.000 0.000 0.000 0.000 0.000 0.000 0.000 0.000 0.001 0.003 0.006 0.010 0.016 0.023 0.033 0.046 0.064 0.090 0.128 0.179
0.101 0.090 0.085 0.081 0.075 0.069 0.064 0.060 0.057 0.053 0.048 0.040 0.030 0.024 0.020 0.017 0.014 0.012 0.010 0.008 0.007 0.006 0.005 0.004 0.003 0.003 0.002 0.001 0.001 0.000 0.000 0.000 0.000 0.000 0.000 0.000 0.000 0.000 0.000 0.000 0.000 0.000 0.000 0.000 0.000 0.000 0.000 0.000 0.000 0.000 0.000 0.000 0.000 0.000 0.000 0.000 0.000 0.000 0.000 0.000 0.000 0.000 0.000 0.000 0.000 0.001 0.002 0.005 0.008 0.013 0.019 0.028 0.040 0.058 0.086 0.128 0.187
0.037 0.035 0.035 0.034 0.032 0.030 0.028 0.026 0.025 0.023 0.022 0.019 0.017 0.015 0.013 0.011 0.009 0.008 0.007 0.006 0.005 0.004 0.003 0.002 0.002 0.001 0.001 0.000 0.000 0.000 0.000 0.000 0.000 0.000 0.000 0.000 0.000 0.000 0.000 0.000 0.000 0.000 0.000 0.000 0.000 0.000 0.000 0.000 0.000 0.000 0.000 0.000 0.000 0.000 0.000 0.000 0.000 0.000 0.000 0.000 0.000 0.000 0.000 0.000 0.000 0.000 0.001 0.003 0.006 0.009 0.014 0.022 0.032 0.048 0.073 0.114 0.175
0.019 0.019 0.019 0.019 0.018 0.017 0.016 0.015 0.014 0.014 0.013 0.012 0.011 0.010 0.009 0.007 0.006 0.005 0.004 0.004 0.003 0.002 0.002 0.001 0.001 0.000 0.000 0.000 0.000 0.000 0.000 0.000 0.000 0.000 0.000 0.000 0.000 0.000 0.000 0.000 0.000 0.000 0.000 0.000 0.000 0.000 0.000 0.000 0.000 0.000 0.000 0.000 0.000 0.000 0.000 0.000 0.000 0.000 0.000 0.000 0.000 0.000 0.000 0.000 0.000 0.000 0.001 0.002 0.004 0.006 0.010 0.015 0.022 0.032 0.049 0.080 0.130
0.012 0.012 0.012 0.012 0.011 0.011 0.010 0.010 0.009 0.009 0.008 0.008 0.007 0.007 0.006 0.005 0.004 0.003 0.003 0.002 0.001 0.001 0.001 0.000 0.000 0.000 0.000 0.000 0.000 0.000 0.000 0.000 0.000 0.000 0.000 0.000 0.000 0.000 0.000 0.000 0.000 0.000 0.000 0.000 0.000 0.000 0.000 0.000 0.000 0.000 0.000 0.000 0.000 0.000 0.000 0.000 0.000 0.000 0.000 0.000 0.000 0.000 0.000 0.000 0.000 0.000 0.000 0.001 0.002 0.004 0.007 0.010 0.014 0.020 0.029 0.044 0.070
0.008 0.008 0.008 0.008 0.007 0.007 0.006 0.006 0.006 0.006 0.005 0.005 0.005 0.004 0.004 0.003 0.002 0.002 0.001 0.001 0.001 0.000 0.000 0.000 0.000 0.000 0.000 0.000 0.000 0.000 0.000 0.000 0.000 0.000 0.000 0.000 0.000 0.000 0.000 0.000 0.000 0.000 0.000 0.000 0.000 0.000 0.000 0.000 0.000 0.000 0.000 0.000 0.000 0.000 0.000 0.000 0.000 0.000 0.000 0.000 0.000 0.000 0.000 0.000 0.000 0.000 0.000 0.000 0.001 0.003 0.004 0.007 0.010 0.013 0.018 0.026 0.037
0.005 0.005 0.005 0.005 0.005 0.004 0.004 0.004 0.004 0.003 0.003 0.003 0.003 0.002 0.002 0.002 0.001 0.001 0.000 0.000 0.000 0.000 0.000 0.000 0.000 0.000 0.000 0.000 0.000 0.000 0.000 0.000 0.000 0.000 0.000 0.000 0.000 0.000 0.000 0.000 0.000 0.000 0.000 0.000 0.000 0.000 0.000 0.000 0.000 0.000 0.000 0.000 0.000 0.000 0.000 0.000 0.000 0.000 0.000 0.000 0.000 0.000 0.000 0.000 0.000 0.000 0.000 0.000 0.001 0.001 0.003 0.004 0.006 0.009 0.012 0.016 0.022
0.003 0.003 0.003 0.003 0.003 0.002 0.002 0.002 0.002 0.002 0.002 0.001 0.001 0.001 0.001 0.001 0.000 0.000 0.000 0.000 0.000 0.000 0.000 0.000 0.000 0.000 0.000 0.000 0.000 0.000 0.000 0.000 0.000 0.000 0.000 0.000 0.000 0.000 0.000 0.000 0.000 0.000 0.000 0.000 0.000 0.000 0.000 0.000 0.000 0.000 0.000 0.000 0.000 0.000 0.000 0.000 0.000 0.000 0.000 0.000 0.000 0.000 0.000 0.000 0.000 0.000 0.000 0.000 0.000 0.001 0.001 0.003 0.004 0.006 0.008 0.011 0.014
0.001 0.001 0.001 0.001 0.001 0.001 0.001 0.001 0.001 0.001 0.000 0.000 0.000 0.000 0.000 0.000 0.000 0.000 0.000 0.000 0.000 0.000 0.000 0.000 0.000 0.000 0.000 0.000 0.000 0.000 0.000 0.000 0.000 0.000 0.000 0.000 0.000 0.000 0.000 0.000 0.000 0.000 0.000 0.000 0.000 0.000 0.000 0.000 0.000 0.000 0.000 0.000 0.000 0.000 0.000 0.000 0.000 0.000 0.000 0.000 0.000 0.000 0.000 0.000 0.000 0.000 0.000 0.000 0.000 0.000 0.001 0.001 0.002 0.004 0.005 0.007 0.010
0.000 0.000 0.000 0.000 0.000 0.000 0.000 0.000 0.000 0.000 0.000 0.000 0.000 0.000 0.000 0.000 0.000 0.000 0.000 0.000 0.000 0.000 0.000 0.000 0.000 0.000 0.000 0.000 0.000 0.000 0.000 0.000 0.000 0.000 0.000 0.000 0.000 0.000 0.000 0.000 0.000 0.000 0.000 0.000 0.000 0.000 0.000 0.000 0.000 0.000 0.000 0.000 0.000 0.000 0.000 0.000 0.000 0.000 0.000 0.000 0.000 0.000 0.000 0.000 0.000 0.000 0.000 0.000 0.000 0.000 0.000 0.001 0.001 0.002 0.003 0.005 0.006
0.000 0.000 0.000 0.000 0.000 0.000 0.000 0.000 0.000 0.000 0.000 0.000 0.000 0.000 0.000 0.000 0.000 0.000 0.000 0.000 0.000 0.000 0.000 0.000 0.000 0.000 0.000 0.000 0.000 0.000 0.000 0.000 0.000 0.000 0.000 0.000 0.000 0.000 0.000 0.000 0.000 0.000 0.000 0.000 0.000 0.000 0.000 0.000 0.000 0.000 0.000 0.000 0.000 0.000 0.000 0.000 0.000 0.000 0.000 0.000 0.000 0.000 0.000 0.000 0.000 0.000 0.000 0.000 0.000 0.000 0.000 0.000 0.000 0.001 0.002 0.003 0.004
0.000 0.000 0.000 0.000 0.000 0.000 0.000 0.000 0.000 0.000 0.000 0.000 0.000 0.000 0.000 0.000 0.000 0.000 0.000 0.000 0.000 0.000 0.000 0.000 0.000 0.000 0.000 0.000 0.000 0.000 0.000 0.000 0.000 0.000 0.000 0.000 0.000 0.000 0.000 0.000 0.000 0.000 0.000 0.000 0.000 0.000 0.000 0.000 0.000 0.000 0.000 0.000 0.000 0.000 0.000 0.000 0.000 0.000 0.000 0.000 0.000 0.000 0.000 0.000 0.000 0.000 0.000 0.000 0.000 0.000 0.000 0.000 0.000 0.000 0.001 0.001 0.002
0.000 0.000 0.000 0.000 0.000 0.000 0.000 0.000 0.000 0.000 0.000 0.000 0.000 0.000 0.000 0.000 0.000 0.000 0.000 0.000 0.000 0.000 0.000 0.000 0.000 0.000 0.000 0.000 0.000 0.000 0.000 0.000 0.000 0.000 0.000 0.000 0.000 0.000 0.000 0.000 0.000 0.000 0.000 0.000 0.000 0.000 0.000 0.000 0.000 0.000 0.000 0.000 0.000 0.000 0.000 0.000 0.000 0.000 0.000 0.000 0.000 0.000 0.000 0.000 0.000 0.000 0.000 0.000 0.000 0.000 0.000 0.000 0.000 0.000 0.000 0.001 0.001
0.000 0.000 0.000 0.000 0.000 0.000 0.000 0.000 0.000 0.000 0.000 0.000 0.000 0.000 0.000 0.000 0.000 0.000 0.000 0.000 0.000 0.000 0.000 0.000 0.000 0.000 0.000 0.000 0.000 0.000 0.000 0.000 0.000 0.000 0.000 0.000 0.000 0.000 0.000 0.000 0.000 0.000 0.000 0.000 0.000 0.000 0.000 0.000 0.000 0.000 0.000 0.000 0.000 0.000 0.000 0.000 0.000 0.000 0.000 0.000 0.000 0.000 0.000 0.000 0.000 0.000 0.000 0.000 0.000 0.000 0.000 0.000 0.000 0.000 0.000 0.000 0.000
0.000 0.000 0.000 0.000 0.000 0.000 0.000 0.000 0.000 0.000 0.000 0.000 0.000 0.000 0.000 0.000 0.000 0.000 0.000 0.000 0.000 0.000 0.000 0.000 0.000 0.000 0.000 0.000 0.000 0.000 0.000 0.000 0.000 0.000 0.000 0.000 0.000 0.000 0.000 0.000 0.000 0.000 0.000 0.000 0.000 0.000 0.000 0.000 0.000 0.000 0.000 0.000 0.000 0.000 0.000 0.000 0.000 0.000 0.000 0.000 0.000 0.000 0.000 0.000 0.000 0.000 0.000 0.000 0.000 0.000 0.000 0.000 0.000 0.000 0.000 0.000 0.000
0.000 0.000 0.000 0.000 0.000 0.000 0.000 0.000 0.000 0.000 0.000 0.000 0.000 0.000 0.000 0.000 0.000 0.000 0.000 0.000 0.000 0.000 0.000 0.000 0.000 0.000 0.000 0.000 0.000 0.000 0.000 0.000 0.000 0.000 0.000 0.000 0.000 0.000 0.000 0.000 0.000 0.000 0.000 0.000 0.000 0.000 0.000 0.000 0.000 0.000 0.000 0.000 0.000 0.000 0.000 0.000 0.000 0.000 0.000 0.000 0.000 0.000 0.000 0.000 0.000 0.000 0.000 0.000 0.000 0.000 0.000 0.000 0.000 0.000 0.000 0.000 0.000
