RESULTS/r.avaflow_results/33_results/33_ascii/33_hflow30057.asc
ncols 506
nrows 317
xllcenter 498237.50
yllcenter 5580050.00
cellsize 12.50
NODATA_value -9999.000
[rows 170 to 203 of 317, columns 231 to 307 of 506]
0.086 0.065 0.052 0.044 0.041 0.041 0.042 0.046 0.063 0.104 0.151 0.168 0.169 0.155 0.116 0.067 0.038 0.024 0.016 0.011 0.008 0.005 0.003 0.002 0.001 0.000 0.000 0.000 0.000 0.000 0.000 0.000 0.000 0.000 0.000 0.000 0.000 0.000 0.000 0.000 0.000 0.000 0.000 0.000 0.000 0.000 0.000 0.000 0.000 0.000 0.000 0.000 0.000 0.000 0.000 0.000 0.000 0.000 0.000 0.000 0.000 0.000 0.000 0.000 0.000 0.000 0.000 0.000 0.000 0.000 0.000 0.000 0.000 0.000 0.000 0.000 0.000
0.130 0.092 0.068 0.057 0.052 0.052 0.055 0.069 0.116 0.234 0.367 0.417 0.414 0.368 0.258 0.134 0.067 0.037 0.023 0.015 0.010 0.007 0.005 0.003 0.002 0.001 0.000 0.000 0.000 0.000 0.000 0.000 0.000 0.000 0.000 0.000 0.000 0.000 0.000 0.000 0.000 0.000 0.000 0.000 0.000 0.000 0.000 0.000 0.000 0.000 0.000 0.000 0.000 0.000 0.000 0.000 0.000 0.000 0.000 0.000 0.000 0.000 0.000 0.000 0.000 0.000 0.000 0.000 0.000 0.000 0.000 0.000 0.000 0.000 0.000 0.000 0.000
0.211 0.136 0.094 0.073 0.066 0.065 0.072 0.103 0.206 0.460 0.751 0.867 0.859 0.755 0.528 0.270 0.123 0.059 0.032 0.020 0.013 0.009 0.006 0.004 0.003 0.001 0.001 0.000 0.000 0.000 0.000 0.000 0.000 0.000 0.000 0.000 0.000 0.000 0.000 0.000 0.000 0.000 0.000 0.000 0.000 0.000 0.000 0.000 0.000 0.000 0.000 0.000 0.000 0.000 0.000 0.000 0.000 0.000 0.000 0.000 0.000 0.000 0.000 0.000 0.000 0.000 0.000 0.000 0.000 0.000 0.000 0.000 0.000 0.000 0.000 0.000 0.000
0.312 0.212 0.137 0.099 0.084 0.082 0.090 0.131 0.270 0.616 1.039 1.222 1.219 1.084 0.781 0.419 0.196 0.090 0.045 0.025 0.017 0.011 0.008 0.006 0.004 0.002 0.001 0.000 0.000 0.000 0.000 0.000 0.000 0.000 0.000 0.000 0.000 0.000 0.000 0.000 0.000 0.000 0.000 0.000 0.000 0.000 0.000 0.000 0.000 0.000 0.000 0.000 0.000 0.000 0.000 0.000 0.000 0.000 0.000 0.000 0.000 0.000 0.000 0.000 0.000 0.000 0.000 0.000 0.000 0.000 0.000 0.000 0.000 0.000 0.000 0.000 0.000
0.381 0.303 0.209 0.140 0.109 0.102 0.109 0.151 0.296 0.662 1.128 1.340 1.345 1.205 0.886 0.494 0.241 0.115 0.058 0.032 0.020 0.014 0.010 0.007 0.005 0.003 0.002 0.001 0.000 0.000 0.000 0.000 0.000 0.000 0.000 0.000 0.000 0.000 0.000 0.000 0.000 0.000 0.000 0.000 0.000 0.000 0.000 0.000 0.000 0.000 0.000 0.000 0.000 0.000 0.000 0.000 0.000 0.000 0.000 0.000 0.000 0.000 0.000 0.000 0.000 0.000 0.000 0.000 0.000 0.000 0.000 0.000 0.000 0.000 0.000 0.000 0.000
0.402 0.361 0.290 0.202 0.144 0.127 0.131 0.168 0.304 0.649 1.090 1.298 1.311 1.183 0.886 0.509 0.261 0.132 0.069 0.039 0.024 0.017 0.012 0.009 0.006 0.004 0.003 0.002 0.001 0.000 0.000 0.000 0.000 0.000 0.000 0.000 0.000 0.000 0.000 0.000 0.000 0.000 0.000 0.000 0.000 0.000 0.000 0.000 0.000 0.000 0.000 0.000 0.000 0.000 0.000 0.000 0.000 0.000 0.000 0.000 0.000 0.000 0.000 0.000 0.000 0.000 0.000 0.000 0.000 0.000 0.000 0.000 0.000 0.000 0.000 0.000 0.000
0.396 0.376 0.335 0.262 0.191 0.160 0.159 0.188 0.302 0.580 0.916 1.080 1.099 1.014 0.794 0.484 0.263 0.140 0.077 0.045 0.028 0.019 0.014 0.010 0.008 0.006 0.004 0.003 0.002 0.001 0.000 0.000 0.000 0.000 0.000 0.000 0.000 0.000 0.000 0.000 0.000 0.000 0.000 0.000 0.000 0.000 0.000 0.000 0.000 0.000 0.000 0.000 0.000 0.000 0.000 0.000 0.000 0.000 0.000 0.000 0.000 0.000 0.000 0.000 0.000 0.000 0.000 0.000 0.000 0.000 0.000 0.000 0.000 0.000 0.000 0.000 0.000
0.368 0.365 0.344 0.300 0.242 0.207 0.200 0.218 0.295 0.464 0.634 0.711 0.723 0.686 0.576 0.396 0.241 0.140 0.080 0.048 0.031 0.022 0.016 0.012 0.009 0.007 0.005 0.004 0.003 0.002 0.001 0.000 0.000 0.000 0.000 0.000 0.000 0.000 0.000 0.000 0.000 0.000 0.000 0.000 0.000 0.000 0.000 0.000 0.000 0.000 0.000 0.000 0.000 0.000 0.000 0.000 0.000 0.000 0.000 0.000 0.000 0.000 0.000 0.000 0.000 0.000 0.000 0.000 0.000 0.000 0.000 0.000 0.000 0.000 0.000 0.000 0.000
0.317 0.334 0.332 0.313 0.282 0.263 0.258 0.267 0.312 0.396 0.451 0.464 0.449 0.408 0.343 0.261 0.184 0.123 0.078 0.050 0.034 0.025 0.019 0.015 0.011 0.009 0.007 0.005 0.004 0.003 0.002 0.001 0.000 0.000 0.000 0.000 0.000 0.000 0.000 0.000 0.000 0.000 0.000 0.000 0.000 0.000 0.000 0.000 0.000 0.000 0.000 0.000 0.000 0.000 0.000 0.000 0.000 0.000 0.000 0.000 0.000 0.000 0.000 0.000 0.000 0.000 0.000 0.000 0.000 0.000 0.000 0.000 0.000 0.000 0.000 0.000 0.000
0.250 0.287 0.304 0.306 0.299 0.297 0.302 0.316 0.342 0.369 0.374 0.356 0.316 0.264 0.214 0.169 0.130 0.098 0.071 0.051 0.037 0.028 0.022 0.017 0.014 0.011 0.009 0.007 0.005 0.004 0.003 0.002 0.001 0.000 0.000 0.000 0.000 0.000 0.000 0.000 0.000 0.000 0.000 0.000 0.000 0.000 0.000 0.000 0.000 0.000 0.000 0.000 0.000 0.000 0.000 0.000 0.000 0.000 0.000 0.000 0.000 0.000 0.000 0.000 0.000 0.000 0.000 0.000 0.000 0.000 0.000 0.000 0.000 0.000 0.000 0.000 0.000
0.194 0.236 0.267 0.286 0.297 0.307 0.321 0.341 0.358 0.361 0.347 0.306 0.246 0.193 0.154 0.125 0.103 0.084 0.067 0.052 0.041 0.032 0.026 0.021 0.017 0.014 0.012 0.009 0.007 0.006 0.004 0.003 0.002 0.001 0.000 0.000 0.000 0.000 0.000 0.000 0.000 0.000 0.000 0.000 0.000 0.000 0.000 0.000 0.000 0.000 0.000 0.000 0.000 0.000 0.000 0.000 0.000 0.000 0.000 0.000 0.000 0.000 0.000 0.000 0.000 0.000 0.000 0.000 0.000 0.000 0.000 0.000 0.000 0.000 0.000 0.000 0.000
0.156 0.190 0.222 0.252 0.278 0.303 0.325 0.347 0.359 0.358 0.333 0.277 0.208 0.159 0.127 0.106 0.092 0.080 0.068 0.055 0.045 0.038 0.031 0.026 0.022 0.019 0.015 0.012 0.010 0.008 0.006 0.004 0.003 0.002 0.001 0.001 0.000 0.000 0.000 0.000 0.000 0.000 0.000 0.000 0.000 0.000 0.000 0.000 0.000 0.000 0.000 0.000 0.000 0.000 0.000 0.000 0.000 0.000 0.000 0.000 0.000 0.000 0.000 0.000 0.000 0.000 0.000 0.000 0.000 0.000 0.000 0.000 0.000 0.000 0.000 0.000 0.000
0.131 0.155 0.181 0.209 0.240 0.278 0.314 0.340 0.352 0.349 0.320 0.260 0.192 0.145 0.116 0.100 0.089 0.080 0.071 0.061 0.053 0.046 0.040 0.035 0.030 0.026 0.021 0.017 0.013 0.010 0.008 0.006 0.004 0.003 0.002 0.001 0.001 0.000 0.000 0.000 0.000 0.000 0.000 0.000 0.000 0.000 0.000 0.000 0.000 0.000 0.000 0.000 0.000 0.000 0.000 0.000 0.000 0.000 0.000 0.000 0.000 0.000 0.000 0.000 0.000 0.000 0.000 0.000 0.000 0.000 0.000 0.000 0.000 0.000 0.000 0.000 0.000
0.116 0.136 0.159 0.184 0.213 0.250 0.292 0.320 0.332 0.331 0.308 0.254 0.189 0.143 0.115 0.099 0.090 0.083 0.077 0.070 0.063 0.058 0.054 0.050 0.045 0.039 0.032 0.024 0.019 0.014 0.011 0.009 0.007 0.005 0.004 0.003 0.002 0.001 0.001 0.000 0.000 0.000 0.000 0.000 0.000 0.000 0.000 0.000 0.000 0.000 0.000 0.000 0.000 0.000 0.000 0.000 0.000 0.000 0.000 0.000 0.000 0.000 0.000 0.000 0.000 0.000 0.000 0.000 0.000 0.000 0.000 0.000 0.000 0.000 0.000 0.000 0.000
0.110 0.129 0.151 0.177 0.206 0.241 0.282 0.310 0.322 0.322 0.305 0.260 0.197 0.151 0.122 0.104 0.095 0.090 0.086 0.082 0.079 0.078 0.079 0.078 0.074 0.067 0.055 0.039 0.028 0.020 0.015 0.012 0.009 0.007 0.006 0.004 0.003 0.002 0.002 0.001 0.001 0.000 0.000 0.000 0.000 0.000 0.000 0.000 0.000 0.000 0.000 0.000 0.000 0.000 0.000 0.000 0.000 0.000 0.000 0.000 0.000 0.000 0.000 0.000 0.000 0.000 0.000 0.000 0.000 0.000 0.000 0.000 0.000 0.000 0.000 0.000 0.000
0.109 0.128 0.151 0.178 0.208 0.242 0.284 0.315 0.329 0.332 0.323 0.291 0.241 0.193 0.155 0.128 0.112 0.104 0.100 0.100 0.103 0.113 0.129 0.136 0.135 0.126 0.105 0.071 0.044 0.029 0.021 0.016 0.013 0.010 0.008 0.007 0.005 0.004 0.003 0.002 0.002 0.001 0.000 0.000 0.000 0.000 0.000 0.000 0.000 0.000 0.000 0.000 0.000 0.000 0.000 0.000 0.000 0.000 0.000 0.000 0.000 0.000 0.000 0.000 0.000 0.000 0.000 0.000 0.000 0.000 0.000 0.000 0.000 0.000 0.000 0.000 0.000
0.112 0.132 0.156 0.186 0.220 0.258 0.307 0.359 0.391 0.406 0.409 0.396 0.366 0.320 0.258 0.193 0.152 0.132 0.127 0.129 0.141 0.172 0.220 0.251 0.260 0.250 0.213 0.141 0.076 0.044 0.029 0.022 0.017 0.014 0.011 0.009 0.008 0.007 0.005 0.004 0.003 0.002 0.001 0.001 0.000 0.000 0.000 0.000 0.000 0.000 0.000 0.000 0.000 0.000 0.000 0.000 0.000 0.000 0.000 0.000 0.000 0.000 0.000 0.000 0.000 0.000 0.000 0.000 0.000 0.000 0.000 0.000 0.000 0.000 0.000 0.000 0.000
0.123 0.146 0.174 0.208 0.249 0.301 0.382 0.503 0.597 0.649 0.672 0.677 0.663 0.607 0.489 0.337 0.238 0.190 0.178 0.182 0.208 0.275 0.387 0.470 0.502 0.495 0.431 0.284 0.138 0.069 0.041 0.029 0.023 0.018 0.015 0.013 0.011 0.010 0.008 0.007 0.005 0.004 0.003 0.002 0.001 0.000 0.000 0.000 0.000 0.000 0.000 0.000 0.000 0.000 0.000 0.000 0.000 0.000 0.000 0.000 0.000 0.000 0.000 0.000 0.000 0.000 0.000 0.000 0.000 0.000 0.000 0.000 0.000 0.000 0.000 0.000 0.000
0.135 0.164 0.200 0.243 0.300 0.389 0.556 0.831 1.053 1.161 1.196 1.200 1.164 1.056 0.847 0.580 0.395 0.304 0.276 0.280 0.328 0.465 0.691 0.854 0.919 0.909 0.798 0.532 0.256 0.117 0.062 0.040 0.030 0.024 0.021 0.018 0.016 0.014 0.012 0.011 0.009 0.007 0.005 0.003 0.002 0.001 0.000 0.000 0.000 0.000 0.000 0.000 0.000 0.000 0.000 0.000 0.000 0.000 0.000 0.000 0.000 0.000 0.000 0.000 0.000 0.000 0.000 0.000 0.000 0.000 0.000 0.000 0.000 0.000 0.000 0.000 0.000
0.137 0.170 0.210 0.266 0.358 0.528 0.852 1.310 1.617 1.727 1.729 1.684 1.582 1.407 1.140 0.844 0.624 0.491 0.445 0.451 0.546 0.821 1.217 1.461 1.542 1.507 1.291 0.846 0.425 0.197 0.098 0.059 0.041 0.033 0.028 0.024 0.022 0.020 0.018 0.016 0.014 0.011 0.008 0.005 0.003 0.002 0.001 0.000 0.000 0.000 0.000 0.000 0.000 0.000 0.000 0.000 0.000 0.000 0.000 0.000 0.000 0.000 0.000 0.000 0.000 0.000 0.000 0.000 0.000 0.000 0.000 0.000 0.000 0.000 0.000 0.000 0.000
0.128 0.163 0.206 0.268 0.386 0.629 1.086 1.631 1.941 2.025 2.004 1.922 1.785 1.579 1.290 1.022 0.843 0.740 0.701 0.733 0.944 1.443 1.979 2.223 2.238 2.080 1.670 1.043 0.553 0.283 0.153 0.090 0.060 0.045 0.037 0.033 0.030 0.028 0.026 0.024 0.021 0.017 0.012 0.008 0.005 0.003 0.002 0.001 0.000 0.000 0.000 0.000 0.000 0.000 0.000 0.000 0.000 0.000 0.000 0.000 0.000 0.000 0.000 0.000 0.000 0.000 0.000 0.000 0.000 0.000 0.000 0.000 0.000 0.000 0.000 0.000 0.000
0.100 0.134 0.180 0.251 0.383 0.659 1.171 1.738 2.035 2.101 2.074 1.986 1.844 1.633 1.344 1.114 0.989 0.945 0.965 1.105 1.478 2.105 2.582 2.751 2.710 2.434 1.860 1.124 0.618 0.341 0.200 0.127 0.087 0.065 0.053 0.047 0.044 0.043 0.041 0.039 0.034 0.026 0.018 0.013 0.008 0.005 0.003 0.001 0.000 0.000 0.000 0.000 0.000 0.000 0.000 0.000 0.000 0.000 0.000 0.000 0.000 0.000 0.000 0.000 0.000 0.000 0.000 0.000 0.000 0.000 0.000 0.000 0.000 0.000 0.000 0.000 0.000
0.060 0.085 0.126 0.197 0.334 0.616 1.128 1.690 1.987 2.058 2.041 1.970 1.841 1.636 1.349 1.146 1.063 1.059 1.137 1.371 1.836 2.456 2.843 2.966 2.905 2.572 1.906 1.136 0.636 0.365 0.223 0.148 0.107 0.085 0.073 0.067 0.065 0.064 0.064 0.062 0.054 0.040 0.027 0.017 0.011 0.007 0.004 0.002 0.001 0.000 0.000 0.000 0.000 0.000 0.000 0.000 0.000 0.000 0.000 0.000 0.000 0.000 0.000 0.000 0.000 0.000 0.000 0.000 0.000 0.000 0.000 0.000 0.000 0.000 0.000 0.000 0.000
0.035 0.048 0.070 0.117 0.221 0.452 0.884 1.417 1.744 1.868 1.893 1.865 1.775 1.596 1.328 1.146 1.084 1.099 1.214 1.487 1.960 2.511 2.844 2.945 2.883 2.539 1.836 1.075 0.608 0.358 0.225 0.153 0.115 0.095 0.085 0.081 0.080 0.080 0.081 0.078 0.068 0.050 0.032 0.021 0.013 0.008 0.004 0.002 0.001 0.000 0.000 0.000 0.000 0.000 0.000 0.000 0.000 0.000 0.000 0.000 0.000 0.000 0.000 0.000 0.000 0.000 0.000 0.000 0.000 0.000 0.000 0.000 0.000 0.000 0.000 0.000 0.000
0.023 0.029 0.039 0.060 0.107 0.220 0.467 0.873 1.257 1.488 1.594 1.621 1.586 1.462 1.250 1.108 1.069 1.094 1.215 1.474 1.882 2.281 2.509 2.574 2.501 2.160 1.498 0.851 0.484 0.298 0.199 0.144 0.113 0.096 0.089 0.086 0.086 0.086 0.086 0.083 0.073 0.054 0.035 0.022 0.014 0.008 0.004 0.002 0.001 0.000 0.000 0.000 0.000 0.000 0.000 0.000 0.000 0.000 0.000 0.000 0.000 0.000 0.000 0.000 0.000 0.000 0.000 0.000 0.000 0.000 0.000 0.000 0.000 0.000 0.000 0.000 0.000
0.016 0.019 0.025 0.034 0.052 0.093 0.188 0.377 0.652 0.919 1.109 1.204 1.226 1.180 1.066 0.986 0.974 1.010 1.109 1.277 1.468 1.595 1.643 1.634 1.544 1.275 0.822 0.447 0.259 0.174 0.133 0.110 0.096 0.089 0.086 0.085 0.085 0.085 0.085 0.082 0.072 0.054 0.035 0.023 0.014 0.008 0.005 0.002 0.001 0.000 0.000 0.000 0.000 0.000 0.000 0.000 0.000 0.000 0.000 0.000 0.000 0.000 0.000 0.000 0.000 0.000 0.000 0.000 0.000 0.000 0.000 0.000 0.000 0.000 0.000 0.000 0.000
0.011 0.014 0.017 0.021 0.029 0.044 0.075 0.141 0.261 0.429 0.582 0.680 0.727 0.744 0.738 0.733 0.749 0.779 0.806 0.808 0.769 0.725 0.691 0.656 0.598 0.479 0.298 0.167 0.107 0.081 0.070 0.066 0.066 0.069 0.073 0.075 0.076 0.076 0.075 0.072 0.064 0.050 0.034 0.022 0.014 0.008 0.004 0.002 0.001 0.000 0.000 0.000 0.000 0.000 0.000 0.000 0.000 0.000 0.000 0.000 0.000 0.000 0.000 0.000 0.000 0.000 0.000 0.000 0.000 0.000 0.000 0.000 0.000 0.000 0.000 0.000 0.000
0.008 0.010 0.012 0.015 0.019 0.025 0.036 0.056 0.095 0.164 0.249 0.313 0.351 0.375 0.393 0.408 0.419 0.422 0.402 0.353 0.298 0.261 0.237 0.217 0.193 0.156 0.102 0.066 0.049 0.042 0.040 0.040 0.041 0.045 0.051 0.055 0.056 0.056 0.055 0.053 0.048 0.040 0.029 0.019 0.012 0.007 0.004 0.002 0.001 0.000 0.000 0.000 0.000 0.000 0.000 0.000 0.000 0.000 0.000 0.000 0.000 0.000 0.000 0.000 0.000 0.000 0.000 0.000 0.000 0.000 0.000 0.000 0.000 0.000 0.000 0.000 0.000
0.006 0.007 0.009 0.011 0.013 0.017 0.021 0.029 0.041 0.063 0.099 0.130 0.152 0.170 0.185 0.194 0.195 0.187 0.168 0.137 0.112 0.097 0.088 0.080 0.071 0.060 0.044 0.033 0.029 0.027 0.026 0.027 0.028 0.030 0.033 0.035 0.036 0.036 0.035 0.034 0.031 0.027 0.021 0.015 0.010 0.006 0.003 0.002 0.000 0.000 0.000 0.000 0.000 0.000 0.000 0.000 0.000 0.000 0.000 0.000 0.000 0.000 0.000 0.000 0.000 0.000 0.000 0.000 0.000 0.000 0.000 0.000 0.000 0.000 0.000 0.000 0.000
0.004 0.005 0.006 0.008 0.009 0.012 0.014 0.018 0.023 0.031 0.044 0.059 0.071 0.080 0.087 0.090 0.089 0.084 0.074 0.060 0.050 0.045 0.041 0.038 0.035 0.031 0.026 0.022 0.020 0.019 0.019 0.019 0.019 0.021 0.022 0.023 0.024 0.024 0.023 0.022 0.020 0.018 0.014 0.010 0.007 0.004 0.002 0.001 0.000 0.000 0.000 0.000 0.000 0.000 0.000 0.000 0.000 0.000 0.000 0.000 0.000 0.000 0.000 0.000 0.000 0.000 0.000 0.000 0.000 0.000 0.000 0.000 0.000 0.000 0.000 0.000 0.000
0.002 0.003 0.004 0.005 0.007 0.008 0.010 0.012 0.015 0.019 0.025 0.032 0.038 0.043 0.046 0.046 0.046 0.043 0.039 0.033 0.029 0.027 0.025 0.024 0.022 0.020 0.018 0.015 0.014 0.014 0.014 0.014 0.014 0.015 0.015 0.016 0.016 0.016 0.016 0.015 0.014 0.012 0.010 0.007 0.004 0.003 0.001 0.000 0.000 0.000 0.000 0.000 0.000 0.000 0.000 0.000 0.000 0.000 0.000 0.000 0.000 0.000 0.000 0.000 0.000 0.000 0.000 0.000 0.000 0.000 0.000 0.000 0.000 0.000 0.000 0.000 0.000
0.001 0.002 0.002 0.003 0.004 0.006 0.007 0.009 0.011 0.013 0.016 0.020 0.023 0.025 0.027 0.027 0.027 0.026 0.024 0.021 0.020 0.018 0.017 0.016 0.015 0.014 0.012 0.011 0.010 0.010 0.010 0.010 0.010 0.010 0.010 0.011 0.011 0.011 0.010 0.010 0.009 0.008 0.006 0.004 0.003 0.001 0.001 0.000 0.000 0.000 0.000 0.000 0.000 0.000 0.000 0.000 0.000 0.000 0.000 0.000 0.000 0.000 0.000 0.000 0.000 0.000 0.000 0.000 0.000 0.000 0.000 0.000 0.000 0.000 0.000 0.000 0.000
0.000 0.001 0.001 0.002 0.003 0.004 0.005 0.006 0.007 0.009 0.011 0.013 0.015 0.016 0.017 0.017 0.017 0.017 0.016 0.015 0.014 0.013 0.012 0.012 0.011 0.010 0.009 0.008 0.007 0.007 0.007 0.006 0.006 0.007 0.007 0.007 0.007 0.007 0.007 0.006 0.006 0.005 0.004 0.003 0.001 0.001 0.000 0.000 0.000 0.000 0.000 0.000 0.000 0.000 0.000 0.000 0.000 0.000 0.000 0.000 0.000 0.000 0.000 0.000 0.000 0.000 0.000 0.000 0.000 0.000 0.000 0.000 0.000 0.000 0.000 0.000 0.000
0.000 0.000 0.000 0.001 0.001 0.002 0.003 0.004 0.005 0.006 0.008 0.009 0.010 0.011 0.011 0.011 0.011 0.011 0.011 0.010 0.010 0.009 0.008 0.008 0.007 0.007 0.006 0.005 0.004 0.004 0.004 0.004 0.004 0.004 0.004 0.004 0.004 0.004 0.004 0.004 0.003 0.003 0.002 0.001 0.001 0.000 0.000 0.000 0.000 0.000 0.000 0.000 0.000 0.000 0.000 0.000 0.000 0.000 0.000 0.000 0.000 0.000 0.000 0.000 0.000 0.000 0.000 0.000 0.000 0.000 0.000 0.000 0.000 0.000 0.000 0.000 0.000
