RESULTS/r.avaflow_results/33_results/33_ascii/33_hflow0010.asc
ncols 506
nrows 317
xllcenter 498237.50
yllcenter 5580050.00
cellsize 12.50
NODATA_value -9999.000
[rows 170 to 203 of 317, columns 77 to 153 of 506]
0.000 0.000 0.000 0.000 0.000 0.000 0.000 0.000 0.000 0.000 0.000 0.000 0.000 0.000 0.000 0.000 0.000 0.000 0.000 0.000 0.000 0.000 0.000 0.002 0.004 0.010 0.017 0.024 0.028 0.030 0.031 0.031 0.029 0.024 0.019 0.016 0.017 0.021 0.034 0.056 0.092 0.148 0.238 0.383 0.609 0.847 0.987 1.031 1.017 0.988 1.051 1.284 1.831 2.798 3.764 4.424 5.056 5.750 6.432 7.125 7.979 9.133 10.531 12.089 13.581 14.469 15.090 15.452 15.352 14.831 13.794 12.409 11.039 9.894 9.059 8.498 8.199
0.000 0.000 0.000 0.000 0.000 0.000 0.000 0.000 0.000 0.000 0.000 0.000 0.000 0.000 0.000 0.000 0.000 0.000 0.000 0.000 0.000 0.001 0.002 0.005 0.010 0.019 0.031 0.043 0.050 0.054 0.055 0.055 0.051 0.042 0.034 0.032 0.034 0.044 0.068 0.108 0.170 0.265 0.412 0.637 0.969 1.333 1.577 1.692 1.765 1.882 2.112 2.543 3.251 4.064 4.687 5.224 5.869 6.607 7.327 8.046 8.924 10.068 11.405 12.808 14.017 14.549 14.792 14.772 14.472 14.046 13.418 12.549 11.823 11.398 11.207 11.197 11.368
0.000 0.000 0.000 0.000 0.000 0.000 0.000 0.000 0.000 0.000 0.000 0.000 0.000 0.000 0.000 0.000 0.000 0.000 0.000 0.000 0.001 0.002 0.005 0.012 0.021 0.035 0.054 0.073 0.085 0.092 0.093 0.092 0.087 0.072 0.059 0.057 0.063 0.084 0.127 0.194 0.297 0.451 0.682 1.020 1.489 2.022 2.418 2.686 2.941 3.257 3.640 4.108 4.609 5.044 5.427 5.857 6.456 7.189 7.905 8.630 9.509 10.632 11.892 13.147 14.027 14.185 14.162 14.160 14.137 14.006 13.778 13.572 13.564 13.599 13.680 14.002 14.680
0.000 0.000 0.000 0.000 0.000 0.000 0.000 0.000 0.000 0.000 0.000 0.000 0.000 0.000 0.000 0.000 0.000 0.000 0.000 0.001 0.003 0.006 0.012 0.023 0.038 0.059 0.090 0.120 0.140 0.150 0.152 0.151 0.141 0.117 0.100 0.098 0.110 0.147 0.220 0.331 0.495 0.736 1.084 1.569 2.221 2.965 3.569 4.070 4.537 4.990 5.392 5.684 5.860 5.998 6.144 6.400 6.854 7.512 8.215 8.930 9.780 10.852 12.004 13.074 13.731 13.818 13.858 14.032 14.270 14.539 14.784 14.925 14.975 15.005 15.197 15.856 17.072
0.000 0.000 0.000 0.000 0.000 0.000 0.000 0.000 0.000 0.000 0.000 0.000 0.000 0.000 0.000 0.000 0.000 0.000 0.001 0.003 0.006 0.013 0.023 0.040 0.064 0.098 0.146 0.193 0.223 0.237 0.240 0.238 0.223 0.187 0.162 0.160 0.180 0.242 0.360 0.537 0.788 1.149 1.649 2.330 3.218 4.210 5.068 5.807 6.421 6.810 7.038 7.137 7.113 6.938 6.803 6.880 7.156 7.674 8.333 9.003 9.774 10.732 11.755 12.661 13.304 13.627 13.850 14.169 14.585 15.021 15.317 15.442 15.521 15.714 16.211 17.165 18.584
0.000 0.000 0.000 0.000 0.000 0.000 0.000 0.000 0.000 0.000 0.000 0.000 0.000 0.000 0.000 0.000 0.000 0.001 0.003 0.006 0.012 0.023 0.039 0.065 0.102 0.156 0.231 0.301 0.345 0.365 0.369 0.364 0.341 0.289 0.249 0.247 0.280 0.376 0.559 0.827 1.190 1.698 2.396 3.335 4.521 5.783 6.831 7.608 8.148 8.424 8.519 8.506 8.323 7.851 7.409 7.276 7.383 7.731 8.296 8.883 9.545 10.359 11.230 12.060 12.802 13.427 13.832 14.254 14.643 14.983 15.203 15.337 15.502 15.887 16.657 17.754 19.079
0.000 0.000 0.000 0.000 0.000 0.000 0.000 0.000 0.000 0.000 0.000 0.000 0.000 0.000 0.000 0.000 0.001 0.002 0.006 0.012 0.022 0.038 0.064 0.103 0.160 0.244 0.356 0.456 0.518 0.546 0.552 0.544 0.508 0.431 0.367 0.361 0.414 0.563 0.829 1.201 1.700 2.387 3.335 4.589 6.095 7.458 8.470 9.162 9.603 9.809 9.831 9.737 9.409 8.733 8.012 7.638 7.587 7.781 8.219 8.699 9.233 9.905 10.647 11.422 12.242 13.060 13.513 13.859 14.108 14.272 14.345 14.443 14.664 15.234 16.227 17.433 18.713
0.000 0.000 0.000 0.000 0.000 0.000 0.000 0.000 0.000 0.000 0.000 0.000 0.000 0.000 0.000 0.000 0.001 0.005 0.010 0.020 0.036 0.061 0.100 0.159 0.246 0.370 0.532 0.671 0.755 0.794 0.802 0.790 0.738 0.621 0.520 0.507 0.582 0.798 1.167 1.662 2.318 3.219 4.444 6.003 7.618 8.912 9.853 10.448 10.767 10.900 10.927 10.813 10.371 9.580 8.635 8.042 7.832 7.898 8.197 8.555 8.968 9.501 10.100 10.787 11.578 12.346 12.643 12.764 12.778 12.705 12.593 12.562 12.720 13.326 14.487 15.947 17.431
0.000 0.000 0.000 0.000 0.000 0.000 0.000 0.000 0.000 0.000 0.000 0.000 0.000 0.000 0.000 0.000 0.002 0.006 0.015 0.031 0.057 0.096 0.155 0.242 0.370 0.550 0.778 0.960 1.071 1.119 1.129 1.115 1.043 0.873 0.708 0.673 0.746 0.998 1.469 2.125 2.960 4.079 5.573 7.324 8.894 10.089 10.956 11.482 11.716 11.794 11.809 11.686 11.191 10.352 9.265 8.494 8.142 8.113 8.257 8.449 8.714 9.098 9.515 10.030 10.652 11.179 11.217 11.068 10.800 10.465 10.180 10.065 10.312 11.112 12.465 14.141 15.898
0.000 0.000 0.000 0.000 0.000 0.000 0.000 0.000 0.000 0.000 0.000 0.000 0.000 0.000 0.000 0.000 0.002 0.006 0.017 0.040 0.083 0.145 0.233 0.361 0.545 0.802 1.108 1.338 1.478 1.539 1.549 1.531 1.436 1.199 0.932 0.841 0.886 1.141 1.680 2.485 3.492 4.800 6.546 8.446 9.972 11.047 11.816 12.274 12.454 12.508 12.487 12.293 11.796 10.975 9.828 8.926 8.449 8.299 8.295 8.348 8.457 8.663 8.875 9.144 9.464 9.659 9.440 9.093 8.678 8.266 7.990 7.982 8.460 9.516 11.035 12.778 14.608
0.000 0.000 0.000 0.000 0.000 0.000 0.000 0.000 0.000 0.000 0.000 0.000 0.000 0.000 0.000 0.000 0.001 0.005 0.015 0.039 0.095 0.198 0.341 0.526 0.783 1.138 1.533 1.819 1.988 2.063 2.077 2.048 1.915 1.604 1.204 1.016 1.022 1.250 1.815 2.725 3.888 5.372 7.330 9.327 10.809 11.781 12.406 12.753 12.939 12.985 12.921 12.660 12.185 11.422 10.284 9.294 8.702 8.422 8.294 8.216 8.173 8.177 8.194 8.227 8.260 8.185 7.803 7.364 6.928 6.565 6.365 6.470 7.096 8.269 9.812 11.514 13.300
0.000 0.000 0.000 0.000 0.000 0.000 0.000 0.000 0.000 0.000 0.000 0.000 0.000 0.000 0.000 0.000 0.001 0.003 0.009 0.030 0.087 0.220 0.448 0.737 1.096 1.572 2.065 2.413 2.614 2.699 2.714 2.664 2.482 2.094 1.545 1.231 1.181 1.361 1.910 2.881 4.174 5.802 7.918 9.962 11.415 12.314 12.802 13.071 13.242 13.247 13.128 12.828 12.330 11.631 10.578 9.544 8.851 8.470 8.235 8.038 7.846 7.664 7.486 7.294 7.071 6.777 6.326 5.877 5.499 5.246 5.164 5.377 6.042 7.155 8.570 10.129 11.742
0.000 0.000 0.000 0.000 0.000 0.000 0.000 0.000 0.000 0.000 0.000 0.000 0.000 0.000 0.000 0.000 0.001 0.001 0.004 0.014 0.058 0.201 0.510 0.955 1.485 2.123 2.711 3.120 3.352 3.441 3.445 3.370 3.141 2.672 1.989 1.538 1.413 1.528 2.019 2.991 4.359 6.090 8.298 10.324 11.758 12.633 13.070 13.265 13.342 13.328 13.195 12.898 12.407 11.706 10.717 9.696 8.943 8.439 8.100 7.810 7.471 7.123 6.750 6.344 5.890 5.434 4.988 4.588 4.293 4.136 4.153 4.451 5.104 6.085 7.278 8.617 10.062
0.000 0.000 0.000 0.000 0.000 0.000 0.000 0.000 0.000 0.000 0.000 0.000 0.000 0.000 0.000 0.000 0.001 0.002 0.003 0.007 0.029 0.155 0.519 1.120 1.846 2.689 3.426 3.914 4.171 4.256 4.253 4.163 3.896 3.357 2.565 1.996 1.785 1.827 2.210 3.110 4.498 6.319 8.624 10.594 11.937 12.735 13.165 13.345 13.377 13.342 13.179 12.849 12.319 11.608 10.726 9.753 8.979 8.384 7.913 7.485 7.018 6.525 5.980 5.388 4.761 4.262 3.853 3.516 3.285 3.176 3.217 3.524 4.139 5.007 6.078 7.354 8.781
0.000 0.000 0.000 0.000 0.000 0.000 0.000 0.000 0.000 0.000 0.000 0.000 0.000 0.000 0.000 0.001 0.002 0.003 0.004 0.007 0.018 0.107 0.476 1.198 2.094 3.099 4.027 4.673 5.012 5.122 5.117 5.011 4.731 4.162 3.297 2.642 2.363 2.342 2.588 3.323 4.637 6.505 8.814 10.694 11.967 12.741 13.186 13.365 13.388 13.300 13.033 12.624 12.028 11.330 10.578 9.735 8.954 8.258 7.645 7.068 6.483 5.860 5.189 4.469 3.801 3.333 2.951 2.653 2.453 2.347 2.335 2.510 2.993 3.814 4.938 6.329 7.789
0.000 0.000 0.000 0.000 0.000 0.000 0.000 0.000 0.000 0.000 0.000 0.000 0.000 0.000 0.001 0.002 0.004 0.006 0.008 0.011 0.020 0.077 0.397 1.165 2.207 3.355 4.478 5.336 5.855 6.054 6.064 5.958 5.672 5.113 4.243 3.531 3.202 3.142 3.274 3.816 4.950 6.725 8.975 10.769 11.979 12.701 13.114 13.291 13.265 13.155 12.782 12.224 11.487 10.749 10.137 9.506 8.815 8.082 7.349 6.634 5.906 5.161 4.396 3.631 3.010 2.577 2.226 1.956 1.771 1.651 1.571 1.569 1.813 2.527 3.768 5.370 6.775
0.000 0.000 0.000 0.000 0.000 0.000 0.000 0.000 0.000 0.000 0.000 0.000 0.000 0.001 0.002 0.005 0.008 0.012 0.017 0.023 0.032 0.071 0.308 1.037 2.182 3.452 4.740 5.812 6.557 6.938 7.048 6.983 6.729 6.216 5.400 4.668 4.308 4.221 4.287 4.660 5.538 7.064 9.114 10.777 11.940 12.586 12.918 13.018 12.957 12.813 12.275 11.479 10.599 9.859 9.373 8.929 8.428 7.763 6.991 6.173 5.315 4.454 3.638 2.906 2.346 1.951 1.643 1.406 1.234 1.107 0.986 0.892 0.946 1.397 2.532 4.126 5.161
0.000 0.000 0.000 0.000 0.000 0.000 0.000 0.000 0.000 0.000 0.000 0.000 0.001 0.002 0.005 0.010 0.016 0.025 0.036 0.049 0.063 0.095 0.250 0.851 2.022 3.434 4.863 6.156 7.137 7.723 7.949 7.942 7.790 7.417 6.740 6.050 5.693 5.593 5.626 5.862 6.491 7.668 9.321 10.793 11.778 12.307 12.542 12.581 12.484 12.210 11.583 10.645 9.680 8.894 8.419 8.060 7.707 7.168 6.452 5.587 4.653 3.735 2.936 2.277 1.778 1.429 1.168 0.974 0.827 0.709 0.577 0.459 0.428 0.584 1.194 2.107 2.447
0.000 0.000 0.000 0.000 0.000 0.000 0.000 0.000 0.000 0.000 0.000 0.000 0.002 0.006 0.012 0.023 0.036 0.055 0.079 0.102 0.123 0.151 0.251 0.684 1.742 3.270 4.837 6.305 7.493 8.277 8.707 8.800 8.735 8.512 8.029 7.452 7.142 7.049 7.068 7.238 7.684 8.470 9.595 10.761 11.530 11.884 11.974 11.996 11.886 11.561 10.943 10.028 9.002 8.132 7.500 7.015 6.650 6.216 5.603 4.777 3.841 2.966 2.259 1.704 1.284 0.989 0.779 0.629 0.516 0.417 0.303 0.209 0.174 0.191 0.350 0.593 0.643
0.000 0.000 0.000 0.000 0.000 0.000 0.000 0.000 0.000 0.000 0.000 0.001 0.004 0.012 0.028 0.053 0.086 0.126 0.168 0.202 0.224 0.245 0.306 0.612 1.487 2.978 4.684 6.299 7.653 8.640 9.245 9.485 9.533 9.417 9.093 8.626 8.336 8.212 8.199 8.302 8.588 9.082 9.802 10.634 11.167 11.406 11.419 11.356 11.242 10.953 10.369 9.510 8.487 7.532 6.737 6.060 5.480 4.951 4.386 3.676 2.854 2.125 1.565 1.146 0.836 0.614 0.458 0.352 0.276 0.209 0.137 0.088 0.070 0.070 0.096 0.141 0.152
0.000 0.000 0.000 0.000 0.000 0.000 0.000 0.000 0.000 0.000 0.000 0.002 0.009 0.027 0.064 0.121 0.193 0.265 0.327 0.366 0.384 0.393 0.424 0.647 1.372 2.701 4.370 6.134 7.640 8.800 9.588 10.012 10.146 10.095 9.883 9.504 9.229 9.062 9.008 9.040 9.190 9.425 9.834 10.395 10.743 10.915 10.917 10.842 10.688 10.391 9.837 9.037 8.054 7.013 6.088 5.250 4.485 3.788 3.130 2.489 1.874 1.352 0.942 0.646 0.445 0.307 0.214 0.155 0.116 0.086 0.057 0.038 0.033 0.032 0.037 0.046 0.049
0.000 0.000 0.000 0.000 0.000 0.000 0.000 0.000 0.000 0.000 0.001 0.005 0.019 0.058 0.137 0.252 0.384 0.496 0.576 0.617 0.625 0.618 0.624 0.777 1.374 2.529 4.026 5.797 7.496 8.809 9.721 10.315 10.543 10.563 10.424 10.146 9.856 9.643 9.533 9.492 9.491 9.549 9.741 10.098 10.331 10.431 10.388 10.330 10.158 9.857 9.331 8.559 7.604 6.508 5.455 4.513 3.663 2.902 2.222 1.637 1.162 0.788 0.506 0.311 0.190 0.118 0.077 0.054 0.041 0.033 0.025 0.020 0.019 0.018 0.020 0.022 0.023
0.000 0.000 0.000 0.000 0.000 0.000 0.000 0.000 0.000 0.000 0.002 0.009 0.038 0.115 0.258 0.457 0.670 0.834 0.940 0.986 0.991 0.973 0.961 1.055 1.506 2.466 3.802 5.422 7.226 8.719 9.748 10.452 10.741 10.805 10.712 10.469 10.225 10.006 9.821 9.660 9.524 9.509 9.545 9.694 9.821 9.900 9.860 9.784 9.611 9.304 8.771 8.032 7.080 5.956 4.794 3.800 2.951 2.229 1.617 1.116 0.731 0.453 0.263 0.142 0.074 0.040 0.026 0.020 0.017 0.015 0.013 0.012 0.012 0.011 0.012 0.013 0.013
0.000 0.000 0.000 0.000 0.000 0.000 0.000 0.000 0.000 0.000 0.002 0.012 0.052 0.165 0.371 0.658 1.001 1.277 1.430 1.502 1.519 1.506 1.490 1.539 1.843 2.575 3.737 5.234 6.993 8.539 9.663 10.420 10.777 10.850 10.836 10.635 10.396 10.161 9.919 9.691 9.448 9.267 9.179 9.198 9.275 9.312 9.260 9.163 8.986 8.676 8.131 7.405 6.429 5.262 4.067 3.092 2.305 1.677 1.177 0.783 0.485 0.279 0.147 0.071 0.033 0.017 0.012 0.010 0.009 0.008 0.008 0.007 0.007 0.007 0.007 0.007 0.007
0.000 0.000 0.000 0.000 0.000 0.000 0.000 0.000 0.000 0.000 0.002 0.011 0.054 0.181 0.424 0.774 1.230 1.726 2.033 2.169 2.218 2.222 2.219 2.250 2.435 2.933 3.852 5.206 6.835 8.305 9.451 10.275 10.721 10.828 10.815 10.639 10.408 10.163 9.894 9.577 9.166 8.776 8.581 8.540 8.558 8.539 8.527 8.434 8.232 7.881 7.320 6.560 5.572 4.378 3.245 2.368 1.698 1.199 0.816 0.526 0.314 0.171 0.083 0.036 0.016 0.008 0.006 0.005 0.005 0.005 0.004 0.004 0.004 0.004 0.004 0.004 0.004
0.000 0.000 0.000 0.000 0.000 0.000 0.000 0.000 0.000 0.000 0.001 0.010 0.048 0.174 0.429 0.819 1.343 2.030 2.638 2.962 3.085 3.119 3.129 3.154 3.260 3.582 4.266 5.386 6.805 8.077 9.160 10.020 10.507 10.669 10.693 10.584 10.348 10.061 9.724 9.315 8.704 8.128 7.815 7.672 7.611 7.574 7.561 7.440 7.208 6.825 6.226 5.438 4.425 3.294 2.340 1.648 1.141 0.765 0.489 0.296 0.168 0.086 0.039 0.016 0.007 0.004 0.003 0.003 0.002 0.002 0.002 0.002 0.002 0.002 0.002 0.002 0.002
0.000 0.000 0.000 0.000 0.000 0.000 0.000 0.000 0.000 0.000 0.001 0.005 0.033 0.143 0.400 0.815 1.386 2.169 3.101 3.772 4.081 4.187 4.218 4.231 4.287 4.480 4.949 5.814 6.958 7.969 8.865 9.636 10.209 10.403 10.429 10.313 10.052 9.718 9.291 8.758 8.011 7.293 6.839 6.575 6.443 6.367 6.279 6.116 5.839 5.407 4.756 3.962 3.044 2.187 1.512 1.010 0.641 0.381 0.213 0.115 0.060 0.029 0.013 0.005 0.003 0.002 0.001 0.001 0.001 0.001 0.001 0.001 0.001 0.001 0.001 0.001 0.001
0.000 0.000 0.000 0.000 0.000 0.000 0.000 0.000 0.000 0.000 0.000 0.002 0.016 0.093 0.329 0.768 1.385 2.212 3.351 4.478 5.147 5.408 5.457 5.464 5.484 5.584 5.907 6.551 7.344 7.971 8.571 9.209 9.762 9.976 10.022 9.824 9.467 8.998 8.449 7.814 7.064 6.252 5.659 5.285 5.077 4.920 4.751 4.507 4.133 3.637 3.057 2.461 1.840 1.286 0.835 0.498 0.269 0.131 0.058 0.026 0.012 0.006 0.003 0.001 0.001 0.001 0.000 0.000 0.000 0.000 0.000 0.000 0.000 0.000 0.000 0.000 0.000
0.000 0.000 0.000 0.000 0.000 0.000 0.000 0.000 0.000 0.000 0.000 0.001 0.008 0.051 0.236 0.668 1.340 2.213 3.412 4.920 6.090 6.675 6.831 6.839 6.814 6.769 6.831 7.116 7.547 7.868 8.187 8.678 9.121 9.273 9.272 8.970 8.459 7.789 7.107 6.443 5.760 5.010 4.289 3.723 3.356 3.131 2.949 2.734 2.442 2.083 1.698 1.309 0.932 0.602 0.347 0.175 0.076 0.029 0.011 0.004 0.002 0.001 0.001 0.000 0.000 0.000 0.000 0.000 0.000 0.000 0.000 0.000 0.000 0.000 0.000 0.000 0.000
0.000 0.000 0.000 0.000 0.000 0.000 0.000 0.000 0.000 0.000 0.000 0.001 0.004 0.028 0.154 0.534 1.223 2.154 3.386 5.074 6.731 7.760 8.191 8.262 8.190 7.967 7.652 7.462 7.482 7.547 7.656 7.966 8.195 8.173 7.997 7.555 6.918 6.132 5.376 4.733 4.116 3.481 2.824 2.242 1.795 1.516 1.368 1.263 1.132 0.961 0.761 0.547 0.353 0.200 0.097 0.041 0.015 0.005 0.002 0.001 0.000 0.000 0.000 0.000 0.000 0.000 0.000 0.000 0.000 0.000 0.000 0.000 0.000 0.000 0.000 0.000 0.000
0.000 0.000 0.000 0.000 0.000 0.000 0.000 0.000 0.000 0.000 0.000 0.001 0.002 0.014 0.093 0.389 1.027 1.975 3.244 4.991 7.030 8.517 9.296 9.512 9.416 9.033 8.414 7.773 7.340 7.105 7.027 7.071 6.989 6.670 6.113 5.304 4.493 3.758 3.131 2.628 2.224 1.861 1.501 1.125 0.779 0.544 0.431 0.387 0.356 0.314 0.250 0.166 0.093 0.046 0.020 0.008 0.003 0.001 0.000 0.000 0.000 0.000 0.000 0.000 0.000 0.000 0.000 0.000 0.000 0.000 0.000 0.000 0.000 0.000 0.000 0.000 0.000
0.000 0.000 0.000 0.000 0.000 0.000 0.000 0.000 0.000 0.000 0.000 0.001 0.001 0.007 0.045 0.235 0.745 1.628 2.895 4.695 7.014 8.853 9.908 10.241 10.143 9.663 8.894 7.985 7.226 6.681 6.286 5.904 5.344 4.427 3.322 2.336 1.699 1.321 1.089 0.925 0.799 0.684 0.564 0.420 0.263 0.152 0.096 0.076 0.071 0.067 0.058 0.039 0.020 0.009 0.004 0.001 0.001 0.000 0.000 0.000 0.000 0.000 0.000 0.000 0.000 0.000 0.000 0.000 0.000 0.000 0.000 0.000 0.000 0.000 0.000 0.000 0.000
0.000 0.000 0.000 0.000 0.000 0.000 0.000 0.000 0.000 0.000 0.000 0.001 0.001 0.004 0.018 0.095 0.377 1.030 2.169 3.936 6.397 8.501 9.710 10.126 10.053 9.593 8.792 7.801 6.831 5.948 5.068 4.050 2.898 1.817 1.027 0.555 0.323 0.226 0.187 0.169 0.157 0.147 0.135 0.113 0.075 0.041 0.021 0.014 0.012 0.011 0.011 0.008 0.004 0.002 0.001 0.000 0.000 0.000 0.000 0.000 0.000 0.000 0.000 0.000 0.000 0.000 0.000 0.000 0.000 0.000 0.000 0.000 0.000 0.000 0.000 0.000 0.000
0.000 0.000 0.000 0.000 0.000 0.000 0.000 0.000 0.000 0.000 0.001 0.002 0.003 0.005 0.010 0.027 0.106 0.344 0.899 1.955 3.606 5.302 6.534 7.192 7.391 7.229 6.686 5.879 4.936 3.889 2.725 1.666 0.920 0.465 0.216 0.099 0.046 0.025 0.019 0.019 0.020 0.022 0.023 0.023 0.018 0.010 0.005 0.002 0.002 0.002 0.002 0.001 0.001 0.000 0.000 0.000 0.000 0.000 0.000 0.000 0.000 0.000 0.000 0.000 0.000 0.000 0.000 0.000 0.000 0.000 0.000 0.000 0.000 0.000 0.000 0.000 0.000
