RESULTS/r.avaflow_results/33_results/33_ascii/33_hflow_max0059.asc
ncols 506
nrows 317
xllcenter 498237.50
yllcenter 5580050.00
cellsize 12.50
NODATA_value -9999.000
[rows 170 to 203 of 317, columns 231 to 307 of 506]
1.241 1.235 1.192 1.109 0.991 0.841 0.660 0.468 0.290 0.208 0.265 0.277 0.265 0.220 0.135 0.070 0.040 0.025 0.017 0.012 0.008 0.006 0.004 0.002 0.001 0.000 0.000 0.000 0.000 0.000 0.000 0.000 0.000 0.000 0.000 0.000 0.000 0.000 0.000 0.000 0.000 0.000 0.000 0.000 0.000 0.000 0.000 0.000 0.000 0.000 0.000 0.000 0.000 0.000 0.000 0.000 0.000 0.000 0.000 0.000 0.000 0.000 0.000 0.000 0.000 0.000 0.000 0.000 0.000 0.000 0.000 0.000 0.000 0.000 0.000 0.000 0.000
1.170 1.175 1.178 1.130 1.045 0.931 0.796 0.643 0.485 0.472 0.621 0.649 0.611 0.490 0.288 0.139 0.069 0.038 0.023 0.015 0.011 0.007 0.005 0.003 0.002 0.001 0.000 0.000 0.000 0.000 0.000 0.000 0.000 0.000 0.000 0.000 0.000 0.000 0.000 0.000 0.000 0.000 0.000 0.000 0.000 0.000 0.000 0.000 0.000 0.000 0.000 0.000 0.000 0.000 0.000 0.000 0.000 0.000 0.000 0.000 0.000 0.000 0.000 0.000 0.000 0.000 0.000 0.000 0.000 0.000 0.000 0.000 0.000 0.000 0.000 0.000 0.000
1.119 1.111 1.130 1.119 1.063 0.976 0.867 0.748 0.625 0.781 1.061 1.121 1.061 0.861 0.550 0.282 0.129 0.061 0.033 0.020 0.014 0.009 0.007 0.004 0.003 0.001 0.001 0.000 0.000 0.000 0.000 0.000 0.000 0.000 0.000 0.000 0.000 0.000 0.000 0.000 0.000 0.000 0.000 0.000 0.000 0.000 0.000 0.000 0.000 0.000 0.000 0.000 0.000 0.000 0.000 0.000 0.000 0.000 0.000 0.000 0.000 0.000 0.000 0.000 0.000 0.000 0.000 0.000 0.000 0.000 0.000 0.000 0.000 0.000 0.000 0.000 0.000
1.084 1.055 1.059 1.073 1.053 0.990 0.901 0.804 0.710 0.926 1.284 1.369 1.306 1.126 0.818 0.441 0.206 0.094 0.046 0.026 0.017 0.012 0.008 0.006 0.004 0.002 0.001 0.000 0.000 0.000 0.000 0.000 0.000 0.000 0.000 0.000 0.000 0.000 0.000 0.000 0.000 0.000 0.000 0.000 0.000 0.000 0.000 0.000 0.000 0.000 0.000 0.000 0.000 0.000 0.000 0.000 0.000 0.000 0.000 0.000 0.000 0.000 0.000 0.000 0.000 0.000 0.000 0.000 0.000 0.000 0.000 0.000 0.000 0.000 0.000 0.000 0.000
1.059 1.027 0.995 1.011 1.016 0.983 0.911 0.829 0.751 0.941 1.310 1.406 1.398 1.255 0.932 0.523 0.256 0.121 0.060 0.033 0.021 0.014 0.010 0.007 0.005 0.003 0.002 0.001 0.000 0.000 0.000 0.000 0.000 0.000 0.000 0.000 0.000 0.000 0.000 0.000 0.000 0.000 0.000 0.000 0.000 0.000 0.000 0.000 0.000 0.000 0.000 0.000 0.000 0.000 0.000 0.000 0.000 0.000 0.000 0.000 0.000 0.000 0.000 0.000 0.000 0.000 0.000 0.000 0.000 0.000 0.000 0.000 0.000 0.000 0.000 0.000 0.000
1.041 1.017 0.974 0.945 0.958 0.948 0.903 0.835 0.769 0.867 1.189 1.350 1.364 1.234 0.934 0.541 0.281 0.195 0.119 0.060 0.030 0.017 0.012 0.009 0.007 0.005 0.003 0.002 0.001 0.000 0.000 0.000 0.000 0.000 0.000 0.000 0.000 0.000 0.000 0.000 0.000 0.000 0.000 0.000 0.000 0.000 0.000 0.000 0.000 0.000 0.000 0.000 0.000 0.000 0.000 0.000 0.000 0.000 0.000 0.000 0.000 0.000 0.000 0.000 0.000 0.000 0.000 0.000 0.000 0.000 0.000 0.000 0.000 0.000 0.000 0.000 0.000
1.017 1.005 0.974 0.910 0.892 0.895 0.874 0.827 0.776 0.734 0.951 1.125 1.146 1.061 0.839 0.518 0.375 0.309 0.216 0.122 0.058 0.027 0.014 0.011 0.008 0.006 0.004 0.003 0.002 0.001 0.000 0.000 0.000 0.000 0.000 0.000 0.000 0.000 0.000 0.000 0.000 0.000 0.000 0.000 0.000 0.000 0.000 0.000 0.000 0.000 0.000 0.000 0.000 0.000 0.000 0.000 0.000 0.000 0.000 0.000 0.000 0.000 0.000 0.000 0.000 0.000 0.000 0.000 0.000 0.000 0.000 0.000 0.000 0.000 0.000 0.000 0.000
0.978 0.982 0.962 0.911 0.839 0.837 0.832 0.809 0.776 0.746 0.718 0.743 0.758 0.724 0.615 0.500 0.431 0.371 0.308 0.204 0.105 0.047 0.022 0.013 0.010 0.007 0.006 0.004 0.003 0.002 0.001 0.000 0.000 0.000 0.000 0.000 0.000 0.000 0.000 0.000 0.000 0.000 0.000 0.000 0.000 0.000 0.000 0.000 0.000 0.000 0.000 0.000 0.000 0.000 0.000 0.000 0.000 0.000 0.000 0.000 0.000 0.000 0.000 0.000 0.000 0.000 0.000 0.000 0.000 0.000 0.000 0.000 0.000 0.000 0.000 0.000 0.000
0.923 0.940 0.935 0.904 0.836 0.788 0.790 0.785 0.769 0.750 0.725 0.694 0.658 0.617 0.567 0.509 0.448 0.395 0.344 0.261 0.156 0.075 0.035 0.017 0.012 0.009 0.007 0.005 0.004 0.003 0.002 0.001 0.000 0.000 0.000 0.000 0.000 0.000 0.000 0.000 0.000 0.000 0.000 0.000 0.000 0.000 0.000 0.000 0.000 0.000 0.000 0.000 0.000 0.000 0.000 0.000 0.000 0.000 0.000 0.000 0.000 0.000 0.000 0.000 0.000 0.000 0.000 0.000 0.000 0.000 0.000 0.000 0.000 0.000 0.000 0.000 0.000
0.847 0.885 0.898 0.887 0.850 0.773 0.756 0.758 0.757 0.747 0.726 0.691 0.648 0.602 0.553 0.501 0.447 0.396 0.347 0.283 0.202 0.107 0.051 0.025 0.015 0.012 0.009 0.007 0.006 0.004 0.003 0.002 0.001 0.000 0.000 0.000 0.000 0.000 0.000 0.000 0.000 0.000 0.000 0.000 0.000 0.000 0.000 0.000 0.000 0.000 0.000 0.000 0.000 0.000 0.000 0.000 0.000 0.000 0.000 0.000 0.000 0.000 0.000 0.000 0.000 0.000 0.000 0.000 0.000 0.000 0.000 0.000 0.000 0.000 0.000 0.000 0.000
0.761 0.823 0.857 0.864 0.848 0.805 0.743 0.739 0.741 0.737 0.719 0.685 0.639 0.588 0.537 0.485 0.434 0.386 0.339 0.286 0.233 0.144 0.073 0.036 0.019 0.015 0.012 0.010 0.008 0.006 0.004 0.003 0.002 0.001 0.000 0.000 0.000 0.000 0.000 0.000 0.000 0.000 0.000 0.000 0.000 0.000 0.000 0.000 0.000 0.000 0.000 0.000 0.000 0.000 0.000 0.000 0.000 0.000 0.000 0.000 0.000 0.000 0.000 0.000 0.000 0.000 0.000 0.000 0.000 0.000 0.000 0.000 0.000 0.000 0.000 0.000 0.000
0.683 0.759 0.811 0.833 0.835 0.813 0.767 0.736 0.730 0.725 0.710 0.677 0.631 0.578 0.523 0.470 0.418 0.370 0.325 0.283 0.246 0.175 0.095 0.048 0.025 0.020 0.017 0.013 0.011 0.008 0.006 0.005 0.003 0.002 0.001 0.001 0.000 0.000 0.000 0.000 0.000 0.000 0.000 0.000 0.000 0.000 0.000 0.000 0.000 0.000 0.000 0.000 0.000 0.000 0.000 0.000 0.000 0.000 0.000 0.000 0.000 0.000 0.000 0.000 0.000 0.000 0.000 0.000 0.000 0.000 0.000 0.000 0.000 0.000 0.000 0.000 0.000
0.614 0.692 0.758 0.797 0.812 0.807 0.781 0.751 0.736 0.724 0.705 0.671 0.622 0.566 0.509 0.452 0.399 0.352 0.307 0.278 0.249 0.196 0.116 0.061 0.036 0.030 0.024 0.018 0.015 0.011 0.009 0.007 0.005 0.004 0.003 0.002 0.001 0.000 0.000 0.000 0.000 0.000 0.000 0.000 0.000 0.000 0.000 0.000 0.000 0.000 0.000 0.000 0.000 0.000 0.000 0.000 0.000 0.000 0.000 0.000 0.000 0.000 0.000 0.000 0.000 0.000 0.000 0.000 0.000 0.000 0.000 0.000 0.000 0.000 0.000 0.000 0.000
0.549 0.633 0.698 0.751 0.779 0.787 0.778 0.761 0.745 0.731 0.705 0.665 0.613 0.553 0.490 0.430 0.377 0.330 0.293 0.274 0.249 0.208 0.139 0.078 0.057 0.049 0.037 0.029 0.021 0.016 0.012 0.009 0.007 0.006 0.004 0.003 0.002 0.001 0.001 0.000 0.000 0.000 0.000 0.000 0.000 0.000 0.000 0.000 0.000 0.000 0.000 0.000 0.000 0.000 0.000 0.000 0.000 0.000 0.000 0.000 0.000 0.000 0.000 0.000 0.000 0.000 0.000 0.000 0.000 0.000 0.000 0.000 0.000 0.000 0.000 0.000 0.000
0.488 0.579 0.649 0.698 0.738 0.758 0.763 0.757 0.745 0.729 0.704 0.660 0.604 0.540 0.474 0.410 0.353 0.306 0.281 0.264 0.245 0.214 0.161 0.107 0.102 0.089 0.067 0.052 0.035 0.022 0.016 0.013 0.010 0.008 0.007 0.005 0.004 0.003 0.002 0.001 0.001 0.000 0.000 0.000 0.000 0.000 0.000 0.000 0.000 0.000 0.000 0.000 0.000 0.000 0.000 0.000 0.000 0.000 0.000 0.000 0.000 0.000 0.000 0.000 0.000 0.000 0.000 0.000 0.000 0.000 0.000 0.000 0.000 0.000 0.000 0.000 0.000
0.433 0.532 0.612 0.663 0.695 0.725 0.739 0.742 0.734 0.722 0.699 0.659 0.604 0.540 0.473 0.405 0.344 0.298 0.269 0.249 0.234 0.213 0.189 0.197 0.194 0.174 0.132 0.100 0.062 0.036 0.023 0.017 0.014 0.011 0.009 0.008 0.006 0.005 0.004 0.003 0.002 0.001 0.001 0.000 0.000 0.000 0.000 0.000 0.000 0.000 0.000 0.000 0.000 0.000 0.000 0.000 0.000 0.000 0.000 0.000 0.000 0.000 0.000 0.000 0.000 0.000 0.000 0.000 0.000 0.000 0.000 0.000 0.000 0.000 0.000 0.000 0.000
0.383 0.490 0.582 0.643 0.677 0.696 0.714 0.723 0.721 0.710 0.691 0.659 0.612 0.554 0.486 0.420 0.356 0.299 0.255 0.230 0.219 0.268 0.341 0.375 0.378 0.350 0.271 0.198 0.118 0.063 0.036 0.023 0.018 0.015 0.013 0.011 0.009 0.008 0.007 0.005 0.004 0.003 0.002 0.001 0.000 0.000 0.000 0.000 0.000 0.000 0.000 0.000 0.000 0.000 0.000 0.000 0.000 0.000 0.000 0.000 0.000 0.000 0.000 0.000 0.000 0.000 0.000 0.000 0.000 0.000 0.000 0.000 0.000 0.000 0.000 0.000 0.000
0.350 0.457 0.559 0.625 0.661 0.681 0.697 0.729 0.839 0.889 0.908 0.910 0.871 0.757 0.556 0.452 0.379 0.303 0.244 0.238 0.311 0.458 0.614 0.697 0.713 0.672 0.529 0.389 0.229 0.116 0.061 0.035 0.024 0.020 0.017 0.015 0.013 0.012 0.010 0.009 0.007 0.005 0.004 0.002 0.001 0.001 0.000 0.000 0.000 0.000 0.000 0.000 0.000 0.000 0.000 0.000 0.000 0.000 0.000 0.000 0.000 0.000 0.000 0.000 0.000 0.000 0.000 0.000 0.000 0.000 0.000 0.000 0.000 0.000 0.000 0.000 0.000
0.344 0.437 0.537 0.602 0.634 0.660 0.894 1.239 1.431 1.490 1.490 1.446 1.342 1.152 0.870 0.606 0.439 0.365 0.350 0.378 0.518 0.804 1.078 1.214 1.239 1.168 0.919 0.690 0.428 0.220 0.108 0.058 0.034 0.027 0.023 0.021 0.018 0.017 0.015 0.013 0.011 0.008 0.006 0.004 0.002 0.001 0.001 0.000 0.000 0.000 0.000 0.000 0.000 0.000 0.000 0.000 0.000 0.000 0.000 0.000 0.000 0.000 0.000 0.000 0.000 0.000 0.000 0.000 0.000 0.000 0.000 0.000 0.000 0.000 0.000 0.000 0.000
0.373 0.448 0.513 0.570 0.604 0.796 1.299 1.730 1.921 1.944 1.898 1.790 1.619 1.410 1.151 0.855 0.678 0.585 0.565 0.630 0.902 1.405 1.792 1.932 1.915 1.719 1.319 0.959 0.669 0.364 0.187 0.098 0.055 0.037 0.031 0.028 0.026 0.024 0.022 0.020 0.017 0.013 0.009 0.006 0.004 0.003 0.001 0.001 0.000 0.000 0.000 0.000 0.000 0.000 0.000 0.000 0.000 0.000 0.000 0.000 0.000 0.000 0.000 0.000 0.000 0.000 0.000 0.000 0.000 0.000 0.000 0.000 0.000 0.000 0.000 0.000 0.000
0.375 0.458 0.509 0.534 0.566 0.922 1.526 1.970 2.139 2.145 2.079 1.960 1.806 1.598 1.325 1.047 0.908 0.861 0.876 1.053 1.529 2.160 2.511 2.577 2.459 2.105 1.693 1.193 0.807 0.471 0.268 0.152 0.087 0.052 0.044 0.040 0.038 0.036 0.034 0.031 0.026 0.019 0.014 0.010 0.007 0.004 0.002 0.001 0.000 0.000 0.000 0.000 0.000 0.000 0.000 0.000 0.000 0.000 0.000 0.000 0.000 0.000 0.000 0.000 0.000 0.000 0.000 0.000 0.000 0.000 0.000 0.000 0.000 0.000 0.000 0.000 0.000
0.317 0.424 0.495 0.534 0.570 0.938 1.568 2.009 2.167 2.183 2.150 2.048 1.890 1.716 1.441 1.179 1.097 1.087 1.177 1.482 2.073 2.648 2.915 2.940 2.757 2.460 1.880 1.281 0.857 0.533 0.329 0.201 0.124 0.079 0.064 0.059 0.058 0.057 0.056 0.052 0.043 0.030 0.021 0.014 0.010 0.006 0.004 0.002 0.001 0.000 0.000 0.000 0.000 0.000 0.000 0.000 0.000 0.000 0.000 0.000 0.000 0.000 0.000 0.000 0.000 0.000 0.000 0.000 0.000 0.000 0.000 0.000 0.000 0.000 0.000 0.000 0.000
0.199 0.315 0.420 0.492 0.549 0.828 1.431 1.881 2.088 2.152 2.128 2.044 1.933 1.774 1.522 1.386 1.334 1.328 1.388 1.722 2.317 2.806 3.017 3.029 2.955 2.606 1.926 1.286 0.863 0.561 0.367 0.239 0.157 0.110 0.084 0.081 0.081 0.081 0.081 0.075 0.062 0.045 0.030 0.020 0.014 0.009 0.005 0.002 0.001 0.000 0.000 0.000 0.000 0.000 0.000 0.000 0.000 0.000 0.000 0.000 0.000 0.000 0.000 0.000 0.000 0.000 0.000 0.000 0.000 0.000 0.000 0.000 0.000 0.000 0.000 0.000 0.000
0.095 0.164 0.256 0.358 0.455 0.555 1.040 1.552 1.880 2.021 2.046 2.018 1.932 1.839 1.713 1.586 1.530 1.495 1.472 1.775 2.307 2.708 2.930 3.017 2.943 2.581 1.861 1.214 0.820 0.554 0.373 0.251 0.177 0.129 0.101 0.093 0.093 0.094 0.093 0.087 0.077 0.057 0.038 0.025 0.016 0.010 0.006 0.003 0.001 0.000 0.000 0.000 0.000 0.000 0.000 0.000 0.000 0.000 0.000 0.000 0.000 0.000 0.000 0.000 0.000 0.000 0.000 0.000 0.000 0.000 0.000 0.000 0.000 0.000 0.000 0.000 0.000
0.043 0.071 0.115 0.176 0.265 0.390 0.580 1.054 1.502 1.762 1.881 1.906 1.951 1.941 1.858 1.730 1.653 1.575 1.509 1.659 1.974 2.377 2.601 2.657 2.571 2.211 1.527 0.966 0.658 0.466 0.334 0.239 0.177 0.132 0.107 0.096 0.096 0.096 0.096 0.093 0.083 0.062 0.041 0.027 0.017 0.010 0.006 0.003 0.001 0.000 0.000 0.000 0.000 0.000 0.000 0.000 0.000 0.000 0.000 0.000 0.000 0.000 0.000 0.000 0.000 0.000 0.000 0.000 0.000 0.000 0.000 0.000 0.000 0.000 0.000 0.000 0.000
0.021 0.032 0.049 0.076 0.118 0.188 0.330 0.606 0.951 1.283 1.582 1.806 1.919 1.959 1.922 1.820 1.724 1.638 1.524 1.431 1.553 1.683 1.729 1.715 1.610 1.320 0.849 0.523 0.361 0.282 0.230 0.186 0.151 0.122 0.103 0.094 0.094 0.094 0.094 0.092 0.082 0.062 0.042 0.027 0.017 0.011 0.006 0.003 0.001 0.000 0.000 0.000 0.000 0.000 0.000 0.000 0.000 0.000 0.000 0.000 0.000 0.000 0.000 0.000 0.000 0.000 0.000 0.000 0.000 0.000 0.000 0.000 0.000 0.000 0.000 0.000 0.000
0.013 0.017 0.024 0.034 0.051 0.081 0.145 0.295 0.595 0.961 1.334 1.611 1.796 1.878 1.875 1.815 1.724 1.617 1.451 1.152 0.840 0.774 0.738 0.699 0.632 0.502 0.310 0.208 0.150 0.126 0.113 0.102 0.097 0.091 0.085 0.083 0.084 0.084 0.083 0.080 0.072 0.057 0.040 0.027 0.017 0.010 0.006 0.003 0.001 0.000 0.000 0.000 0.000 0.000 0.000 0.000 0.000 0.000 0.000 0.000 0.000 0.000 0.000 0.000 0.000 0.000 0.000 0.000 0.000 0.000 0.000 0.000 0.000 0.000 0.000 0.000 0.000
0.008 0.011 0.014 0.018 0.025 0.036 0.060 0.117 0.250 0.531 0.923 1.290 1.517 1.638 1.691 1.675 1.610 1.475 1.207 0.757 0.368 0.280 0.254 0.231 0.204 0.164 0.105 0.081 0.063 0.056 0.053 0.051 0.052 0.053 0.055 0.059 0.061 0.061 0.060 0.058 0.053 0.045 0.034 0.024 0.016 0.010 0.005 0.003 0.001 0.000 0.000 0.000 0.000 0.000 0.000 0.000 0.000 0.000 0.000 0.000 0.000 0.000 0.000 0.000 0.000 0.000 0.000 0.000 0.000 0.000 0.000 0.000 0.000 0.000 0.000 0.000 0.000
0.006 0.007 0.009 0.011 0.014 0.019 0.027 0.046 0.091 0.202 0.438 0.755 1.035 1.223 1.322 1.355 1.310 1.142 0.775 0.370 0.157 0.103 0.093 0.084 0.075 0.062 0.045 0.037 0.031 0.029 0.028 0.029 0.030 0.031 0.035 0.038 0.038 0.038 0.038 0.036 0.034 0.030 0.024 0.018 0.013 0.008 0.005 0.002 0.001 0.000 0.000 0.000 0.000 0.000 0.000 0.000 0.000 0.000 0.000 0.000 0.000 0.000 0.000 0.000 0.000 0.000 0.000 0.000 0.000 0.000 0.000 0.000 0.000 0.000 0.000 0.000 0.000
0.004 0.005 0.006 0.008 0.010 0.012 0.015 0.021 0.035 0.071 0.157 0.311 0.490 0.659 0.781 0.832 0.815 0.657 0.361 0.153 0.067 0.047 0.043 0.040 0.036 0.032 0.026 0.022 0.020 0.020 0.020 0.020 0.020 0.022 0.023 0.024 0.025 0.025 0.024 0.024 0.022 0.020 0.017 0.013 0.009 0.006 0.003 0.002 0.001 0.000 0.000 0.000 0.000 0.000 0.000 0.000 0.000 0.000 0.000 0.000 0.000 0.000 0.000 0.000 0.000 0.000 0.000 0.000 0.000 0.000 0.000 0.000 0.000 0.000 0.000 0.000 0.000
0.002 0.003 0.004 0.005 0.007 0.008 0.010 0.013 0.017 0.028 0.054 0.109 0.187 0.273 0.333 0.356 0.345 0.270 0.141 0.065 0.033 0.027 0.026 0.024 0.023 0.021 0.018 0.016 0.015 0.014 0.014 0.014 0.014 0.015 0.016 0.016 0.017 0.016 0.016 0.016 0.015 0.013 0.011 0.009 0.006 0.004 0.002 0.001 0.000 0.000 0.000 0.000 0.000 0.000 0.000 0.000 0.000 0.000 0.000 0.000 0.000 0.000 0.000 0.000 0.000 0.000 0.000 0.000 0.000 0.000 0.000 0.000 0.000 0.000 0.000 0.000 0.000
0.001 0.002 0.002 0.003 0.004 0.006 0.007 0.009 0.011 0.014 0.022 0.038 0.066 0.099 0.119 0.126 0.123 0.099 0.058 0.031 0.020 0.019 0.018 0.017 0.016 0.015 0.013 0.012 0.011 0.010 0.010 0.010 0.010 0.010 0.011 0.011 0.011 0.011 0.011 0.010 0.010 0.009 0.007 0.005 0.004 0.002 0.001 0.000 0.000 0.000 0.000 0.000 0.000 0.000 0.000 0.000 0.000 0.000 0.000 0.000 0.000 0.000 0.000 0.000 0.000 0.000 0.000 0.000 0.000 0.000 0.000 0.000 0.000 0.000 0.000 0.000 0.000
0.000 0.001 0.001 0.002 0.003 0.004 0.005 0.006 0.008 0.009 0.012 0.017 0.026 0.038 0.044 0.046 0.045 0.039 0.027 0.017 0.014 0.013 0.012 0.012 0.011 0.010 0.009 0.008 0.007 0.007 0.007 0.007 0.007 0.007 0.007 0.007 0.007 0.007 0.007 0.007 0.006 0.006 0.005 0.003 0.002 0.001 0.000 0.000 0.000 0.000 0.000 0.000 0.000 0.000 0.000 0.000 0.000 0.000 0.000 0.000 0.000 0.000 0.000 0.000 0.000 0.000 0.000 0.000 0.000 0.000 0.000 0.000 0.000 0.000 0.000 0.000 0.000
0.000 0.000 0.000 0.001 0.001 0.002 0.003 0.004 0.005 0.006 0.008 0.010 0.013 0.017 0.019 0.020 0.019 0.018 0.015 0.011 0.010 0.009 0.009 0.008 0.008 0.007 0.006 0.005 0.005 0.004 0.004 0.004 0.004 0.004 0.004 0.004 0.004 0.004 0.004 0.004 0.004 0.003 0.003 0.002 0.001 0.000 0.000 0.000 0.000 0.000 0.000 0.000 0.000 0.000 0.000 0.000 0.000 0.000 0.000 0.000 0.000 0.000 0.000 0.000 0.000 0.000 0.000 0.000 0.000 0.000 0.000 0.000 0.000 0.000 0.000 0.000 0.000
