RESULTS/r.avaflow_results/33_results/33_ascii/33_hflow0031.asc
ncols 506
nrows 317
xllcenter 498237.50
yllcenter 5580050.00
cellsize 12.50
NODATA_value -9999.000
[rows 170 to 203 of 317, columns 154 to 230 of 506]
9.612 9.506 9.397 9.268 9.095 8.886 8.695 8.522 8.358 8.196 8.045 7.897 7.725 7.456 7.010 6.357 5.548 4.700 3.878 3.080 2.311 1.620 1.078 0.726 0.535 0.447 0.417 0.416 0.432 0.472 0.538 0.634 0.726 0.783 0.817 0.843 0.875 0.906 0.917 0.910 0.875 0.815 0.764 0.719 0.670 0.606 0.512 0.401 0.306 0.225 0.160 0.117 0.091 0.076 0.068 0.065 0.066 0.068 0.073 0.077 0.079 0.080 0.081 0.081 0.082 0.084 0.091 0.114 0.174 0.313 0.498 0.589 0.598 0.538 0.373 0.210 0.129
13.010 13.221 13.328 13.347 13.292 13.125 12.867 12.584 12.303 12.010 11.730 11.466 11.202 10.891 10.436 9.745 8.794 7.652 6.446 5.234 4.047 2.960 2.049 1.385 0.977 0.754 0.643 0.599 0.591 0.614 0.672 0.763 0.842 0.880 0.892 0.897 0.903 0.908 0.905 0.887 0.836 0.761 0.698 0.643 0.583 0.499 0.375 0.248 0.159 0.106 0.077 0.060 0.051 0.047 0.045 0.046 0.049 0.054 0.059 0.061 0.061 0.061 0.060 0.059 0.059 0.060 0.066 0.084 0.130 0.234 0.414 0.551 0.598 0.588 0.496 0.325 0.193
16.560 17.089 17.282 17.262 17.111 16.817 16.443 16.063 15.695 15.321 14.960 14.631 14.321 13.991 13.550 12.878 11.927 10.748 9.410 7.962 6.461 4.978 3.644 2.562 1.792 1.301 1.005 0.839 0.757 0.729 0.743 0.788 0.844 0.869 0.871 0.862 0.845 0.825 0.799 0.748 0.657 0.560 0.484 0.418 0.349 0.263 0.170 0.106 0.070 0.051 0.041 0.035 0.032 0.031 0.032 0.034 0.038 0.043 0.047 0.048 0.048 0.047 0.045 0.044 0.044 0.045 0.050 0.063 0.095 0.167 0.313 0.492 0.594 0.624 0.603 0.491 0.318
19.285 20.122 20.445 20.428 20.251 19.927 19.544 19.174 18.808 18.423 18.021 17.652 17.316 16.972 16.534 15.861 14.889 13.673 12.325 10.887 9.333 7.644 5.928 4.380 3.142 2.237 1.620 1.224 0.982 0.842 0.778 0.766 0.780 0.779 0.761 0.720 0.668 0.613 0.549 0.458 0.350 0.269 0.217 0.177 0.141 0.102 0.068 0.047 0.035 0.028 0.025 0.023 0.022 0.022 0.023 0.025 0.029 0.033 0.036 0.037 0.036 0.036 0.035 0.034 0.034 0.035 0.039 0.048 0.069 0.115 0.211 0.387 0.560 0.637 0.652 0.615 0.484
20.794 21.854 22.414 22.577 22.552 22.397 22.190 21.964 21.701 21.365 20.953 20.535 20.163 19.786 19.334 18.663 17.704 16.488 15.112 13.643 12.088 10.401 8.535 6.575 4.812 3.399 2.364 1.666 1.216 0.933 0.774 0.690 0.633 0.582 0.519 0.444 0.377 0.323 0.273 0.212 0.152 0.114 0.090 0.073 0.058 0.043 0.032 0.025 0.020 0.018 0.017 0.016 0.016 0.016 0.017 0.019 0.022 0.025 0.027 0.027 0.027 0.027 0.026 0.026 0.027 0.028 0.031 0.038 0.051 0.079 0.137 0.263 0.467 0.616 0.662 0.659 0.602
21.133 22.301 23.101 23.576 23.856 24.019 24.101 24.082 23.977 23.738 23.333 22.828 22.398 21.993 21.539 20.914 20.052 18.941 17.595 16.055 14.372 12.544 10.511 8.204 5.977 4.158 2.808 1.905 1.329 0.964 0.730 0.569 0.449 0.351 0.269 0.211 0.178 0.154 0.128 0.097 0.070 0.053 0.043 0.035 0.029 0.023 0.019 0.016 0.014 0.013 0.012 0.012 0.012 0.012 0.013 0.014 0.016 0.018 0.019 0.020 0.020 0.020 0.020 0.020 0.021 0.023 0.026 0.031 0.040 0.057 0.093 0.171 0.337 0.547 0.645 0.660 0.640
20.833 22.073 23.026 23.706 24.256 24.719 25.018 25.136 25.138 25.005 24.624 24.022 23.544 23.166 22.753 22.190 21.442 20.481 19.237 17.675 15.854 13.841 11.606 9.044 6.503 4.448 2.941 1.955 1.338 0.932 0.648 0.445 0.301 0.200 0.135 0.102 0.086 0.075 0.063 0.048 0.037 0.029 0.024 0.020 0.017 0.014 0.012 0.011 0.010 0.009 0.009 0.009 0.009 0.009 0.009 0.010 0.011 0.013 0.014 0.014 0.014 0.015 0.015 0.016 0.017 0.018 0.021 0.026 0.033 0.045 0.069 0.119 0.227 0.430 0.587 0.637 0.637
19.922 21.304 22.489 23.437 24.199 24.780 25.126 25.268 25.298 25.222 24.862 24.212 23.714 23.383 23.017 22.485 21.787 20.913 19.760 18.234 16.357 14.227 11.871 9.193 6.540 4.409 2.862 1.859 1.229 0.806 0.508 0.303 0.177 0.107 0.069 0.052 0.044 0.039 0.033 0.027 0.022 0.018 0.015 0.013 0.011 0.010 0.008 0.007 0.007 0.006 0.006 0.006 0.006 0.006 0.006 0.007 0.008 0.008 0.009 0.010 0.010 0.010 0.011 0.011 0.013 0.014 0.017 0.022 0.028 0.038 0.056 0.091 0.161 0.305 0.485 0.583 0.611
18.651 20.183 21.566 22.753 23.706 24.360 24.692 24.798 24.807 24.710 24.362 23.741 23.222 22.866 22.480 21.940 21.263 20.452 19.387 17.929 16.072 13.907 11.478 8.728 6.077 3.963 2.451 1.493 0.911 0.538 0.300 0.162 0.091 0.055 0.037 0.029 0.025 0.022 0.019 0.016 0.014 0.012 0.010 0.009 0.008 0.007 0.006 0.005 0.005 0.004 0.004 0.004 0.004 0.004 0.004 0.004 0.005 0.005 0.006 0.006 0.006 0.007 0.007 0.008 0.009 0.011 0.014 0.018 0.024 0.033 0.048 0.074 0.122 0.215 0.367 0.498 0.563
17.244 18.856 20.312 21.575 22.577 23.251 23.585 23.657 23.568 23.305 22.950 22.515 22.035 21.488 20.888 20.266 19.607 18.877 17.920 16.552 14.727 12.528 10.034 7.329 4.868 2.942 1.610 0.832 0.436 0.236 0.131 0.075 0.046 0.030 0.022 0.018 0.016 0.014 0.012 0.011 0.009 0.008 0.007 0.006 0.005 0.004 0.004 0.003 0.003 0.002 0.002 0.002 0.002 0.002 0.002 0.002 0.002 0.003 0.003 0.004 0.004 0.004 0.005 0.006 0.007 0.009 0.011 0.015 0.021 0.029 0.042 0.063 0.099 0.162 0.268 0.396 0.488
15.638 17.207 18.630 19.871 20.880 21.616 22.033 22.132 21.974 21.572 21.300 21.105 20.705 19.913 19.032 18.287 17.556 16.758 15.724 14.267 12.330 9.988 7.422 4.967 2.973 1.572 0.733 0.324 0.158 0.088 0.055 0.036 0.025 0.019 0.015 0.013 0.011 0.010 0.008 0.007 0.006 0.006 0.005 0.004 0.003 0.003 0.002 0.002 0.001 0.001 0.001 0.001 0.001 0.001 0.001 0.001 0.001 0.001 0.002 0.002 0.002 0.002 0.003 0.004 0.005 0.006 0.009 0.013 0.018 0.026 0.038 0.056 0.084 0.131 0.206 0.310 0.406
13.697 15.126 16.512 17.819 18.991 19.979 20.649 20.877 20.752 20.364 20.122 19.939 19.484 18.555 17.570 16.748 15.892 14.814 13.371 11.482 9.088 6.463 4.132 2.438 1.319 0.633 0.266 0.112 0.058 0.037 0.027 0.020 0.016 0.012 0.010 0.009 0.008 0.007 0.006 0.005 0.004 0.004 0.003 0.002 0.002 0.001 0.001 0.001 0.000 0.000 0.000 0.000 0.000 0.000 0.000 0.000 0.000 0.000 0.000 0.001 0.001 0.001 0.001 0.002 0.003 0.005 0.007 0.011 0.016 0.023 0.034 0.051 0.076 0.115 0.173 0.254 0.344
11.523 12.824 14.210 15.661 17.088 18.346 19.245 19.616 19.564 19.245 18.904 18.527 17.894 16.933 15.959 15.068 14.055 12.647 10.674 8.074 5.342 3.118 1.670 0.851 0.418 0.193 0.085 0.042 0.027 0.020 0.016 0.013 0.011 0.009 0.007 0.006 0.005 0.004 0.004 0.003 0.002 0.002 0.002 0.001 0.001 0.000 0.000 0.000 0.000 0.000 0.000 0.000 0.000 0.000 0.000 0.000 0.000 0.000 0.000 0.000 0.000 0.000 0.001 0.001 0.002 0.003 0.006 0.009 0.014 0.021 0.032 0.048 0.072 0.107 0.156 0.220 0.298
9.557 10.735 12.005 13.421 14.916 16.261 17.274 17.771 17.811 17.518 16.914 16.117 15.222 14.294 13.367 12.365 11.086 9.240 6.688 4.092 2.183 1.019 0.438 0.202 0.104 0.055 0.031 0.020 0.016 0.013 0.011 0.009 0.007 0.006 0.005 0.004 0.003 0.003 0.002 0.002 0.001 0.001 0.001 0.000 0.000 0.000 0.000 0.000 0.000 0.000 0.000 0.000 0.000 0.000 0.000 0.000 0.000 0.000 0.000 0.000 0.000 0.000 0.000 0.001 0.001 0.002 0.004 0.008 0.012 0.020 0.030 0.046 0.070 0.104 0.147 0.201 0.263
7.700 8.687 9.703 10.786 11.907 12.974 13.896 14.433 14.538 14.275 13.510 12.355 11.141 10.061 8.985 7.791 6.306 4.463 2.595 1.271 0.529 0.202 0.088 0.051 0.033 0.022 0.016 0.013 0.010 0.009 0.007 0.006 0.005 0.004 0.003 0.003 0.002 0.001 0.001 0.001 0.000 0.000 0.000 0.000 0.000 0.000 0.000 0.000 0.000 0.000 0.000 0.000 0.000 0.000 0.000 0.000 0.000 0.000 0.000 0.000 0.000 0.000 0.000 0.000 0.001 0.002 0.003 0.006 0.011 0.018 0.029 0.045 0.069 0.101 0.142 0.188 0.239
5.711 6.308 6.750 7.119 7.494 7.968 8.579 9.035 9.178 9.035 8.406 7.260 5.941 4.872 3.975 3.135 2.231 1.280 0.583 0.223 0.087 0.044 0.028 0.021 0.016 0.013 0.011 0.009 0.007 0.006 0.005 0.004 0.003 0.003 0.002 0.001 0.001 0.000 0.000 0.000 0.000 0.000 0.000 0.000 0.000 0.000 0.000 0.000 0.000 0.000 0.000 0.000 0.000 0.000 0.000 0.000 0.000 0.000 0.000 0.000 0.000 0.000 0.000 0.000 0.000 0.001 0.002 0.005 0.009 0.016 0.027 0.043 0.067 0.098 0.137 0.179 0.224
3.215 3.310 3.306 3.265 3.258 3.338 3.563 3.782 3.862 3.822 3.551 2.973 2.179 1.540 1.100 0.769 0.464 0.220 0.091 0.043 0.026 0.019 0.015 0.013 0.011 0.009 0.007 0.006 0.005 0.004 0.003 0.003 0.002 0.001 0.001 0.000 0.000 0.000 0.000 0.000 0.000 0.000 0.000 0.000 0.000 0.000 0.000 0.000 0.000 0.000 0.000 0.000 0.000 0.000 0.000 0.000 0.000 0.000 0.000 0.000 0.000 0.000 0.000 0.000 0.000 0.001 0.002 0.004 0.007 0.014 0.024 0.039 0.062 0.092 0.129 0.171 0.217
1.297 1.205 1.122 1.040 0.983 0.962 0.994 1.049 1.066 1.051 0.965 0.770 0.495 0.306 0.205 0.138 0.082 0.044 0.026 0.018 0.014 0.012 0.010 0.009 0.007 0.006 0.005 0.004 0.003 0.003 0.002 0.001 0.001 0.000 0.000 0.000 0.000 0.000 0.000 0.000 0.000 0.000 0.000 0.000 0.000 0.000 0.000 0.000 0.000 0.000 0.000 0.000 0.000 0.000 0.000 0.000 0.000 0.000 0.000 0.000 0.000 0.000 0.000 0.000 0.000 0.000 0.001 0.003 0.005 0.011 0.019 0.033 0.053 0.082 0.119 0.164 0.215
0.375 0.320 0.288 0.266 0.247 0.235 0.232 0.233 0.229 0.221 0.199 0.156 0.099 0.065 0.048 0.035 0.025 0.018 0.014 0.011 0.010 0.008 0.007 0.006 0.005 0.004 0.003 0.003 0.002 0.001 0.001 0.000 0.000 0.000 0.000 0.000 0.000 0.000 0.000 0.000 0.000 0.000 0.000 0.000 0.000 0.000 0.000 0.000 0.000 0.000 0.000 0.000 0.000 0.000 0.000 0.000 0.000 0.000 0.000 0.000 0.000 0.000 0.000 0.000 0.000 0.000 0.000 0.002 0.004 0.007 0.014 0.025 0.042 0.069 0.107 0.158 0.220
0.104 0.090 0.083 0.079 0.074 0.069 0.066 0.063 0.060 0.057 0.051 0.042 0.031 0.024 0.020 0.016 0.014 0.011 0.009 0.008 0.007 0.006 0.005 0.004 0.003 0.003 0.002 0.001 0.001 0.000 0.000 0.000 0.000 0.000 0.000 0.000 0.000 0.000 0.000 0.000 0.000 0.000 0.000 0.000 0.000 0.000 0.000 0.000 0.000 0.000 0.000 0.000 0.000 0.000 0.000 0.000 0.000 0.000 0.000 0.000 0.000 0.000 0.000 0.000 0.000 0.000 0.000 0.001 0.002 0.005 0.009 0.017 0.031 0.054 0.092 0.149 0.225
0.038 0.035 0.033 0.032 0.031 0.029 0.027 0.026 0.024 0.023 0.021 0.019 0.016 0.014 0.012 0.010 0.009 0.008 0.006 0.005 0.004 0.004 0.003 0.002 0.002 0.001 0.001 0.000 0.000 0.000 0.000 0.000 0.000 0.000 0.000 0.000 0.000 0.000 0.000 0.000 0.000 0.000 0.000 0.000 0.000 0.000 0.000 0.000 0.000 0.000 0.000 0.000 0.000 0.000 0.000 0.000 0.000 0.000 0.000 0.000 0.000 0.000 0.000 0.000 0.000 0.000 0.000 0.000 0.001 0.003 0.006 0.011 0.021 0.038 0.072 0.130 0.215
0.020 0.019 0.018 0.018 0.017 0.016 0.015 0.014 0.014 0.013 0.012 0.012 0.010 0.009 0.008 0.007 0.006 0.005 0.004 0.003 0.003 0.002 0.002 0.001 0.001 0.000 0.000 0.000 0.000 0.000 0.000 0.000 0.000 0.000 0.000 0.000 0.000 0.000 0.000 0.000 0.000 0.000 0.000 0.000 0.000 0.000 0.000 0.000 0.000 0.000 0.000 0.000 0.000 0.000 0.000 0.000 0.000 0.000 0.000 0.000 0.000 0.000 0.000 0.000 0.000 0.000 0.000 0.000 0.001 0.002 0.004 0.007 0.013 0.024 0.047 0.093 0.175
0.012 0.012 0.012 0.011 0.011 0.010 0.009 0.009 0.009 0.008 0.008 0.008 0.007 0.006 0.006 0.005 0.004 0.003 0.002 0.002 0.001 0.001 0.001 0.000 0.000 0.000 0.000 0.000 0.000 0.000 0.000 0.000 0.000 0.000 0.000 0.000 0.000 0.000 0.000 0.000 0.000 0.000 0.000 0.000 0.000 0.000 0.000 0.000 0.000 0.000 0.000 0.000 0.000 0.000 0.000 0.000 0.000 0.000 0.000 0.000 0.000 0.000 0.000 0.000 0.000 0.000 0.000 0.000 0.000 0.001 0.002 0.004 0.008 0.014 0.027 0.052 0.105
0.008 0.008 0.008 0.007 0.007 0.006 0.006 0.006 0.006 0.005 0.005 0.005 0.005 0.004 0.004 0.003 0.002 0.002 0.001 0.001 0.000 0.000 0.000 0.000 0.000 0.000 0.000 0.000 0.000 0.000 0.000 0.000 0.000 0.000 0.000 0.000 0.000 0.000 0.000 0.000 0.000 0.000 0.000 0.000 0.000 0.000 0.000 0.000 0.000 0.000 0.000 0.000 0.000 0.000 0.000 0.000 0.000 0.000 0.000 0.000 0.000 0.000 0.000 0.000 0.000 0.000 0.000 0.000 0.000 0.000 0.001 0.002 0.005 0.008 0.015 0.027 0.051
0.005 0.005 0.005 0.004 0.004 0.004 0.004 0.003 0.003 0.003 0.003 0.003 0.003 0.002 0.002 0.001 0.001 0.001 0.000 0.000 0.000 0.000 0.000 0.000 0.000 0.000 0.000 0.000 0.000 0.000 0.000 0.000 0.000 0.000 0.000 0.000 0.000 0.000 0.000 0.000 0.000 0.000 0.000 0.000 0.000 0.000 0.000 0.000 0.000 0.000 0.000 0.000 0.000 0.000 0.000 0.000 0.000 0.000 0.000 0.000 0.000 0.000 0.000 0.000 0.000 0.000 0.000 0.000 0.000 0.000 0.000 0.001 0.002 0.005 0.008 0.014 0.024
0.003 0.003 0.003 0.002 0.002 0.002 0.002 0.002 0.002 0.002 0.001 0.001 0.001 0.001 0.001 0.001 0.000 0.000 0.000 0.000 0.000 0.000 0.000 0.000 0.000 0.000 0.000 0.000 0.000 0.000 0.000 0.000 0.000 0.000 0.000 0.000 0.000 0.000 0.000 0.000 0.000 0.000 0.000 0.000 0.000 0.000 0.000 0.000 0.000 0.000 0.000 0.000 0.000 0.000 0.000 0.000 0.000 0.000 0.000 0.000 0.000 0.000 0.000 0.000 0.000 0.000 0.000 0.000 0.000 0.000 0.000 0.000 0.001 0.002 0.004 0.008 0.013
0.001 0.001 0.001 0.001 0.001 0.001 0.001 0.001 0.001 0.001 0.000 0.000 0.000 0.000 0.000 0.000 0.000 0.000 0.000 0.000 0.000 0.000 0.000 0.000 0.000 0.000 0.000 0.000 0.000 0.000 0.000 0.000 0.000 0.000 0.000 0.000 0.000 0.000 0.000 0.000 0.000 0.000 0.000 0.000 0.000 0.000 0.000 0.000 0.000 0.000 0.000 0.000 0.000 0.000 0.000 0.000 0.000 0.000 0.000 0.000 0.000 0.000 0.000 0.000 0.000 0.000 0.000 0.000 0.000 0.000 0.000 0.000 0.000 0.001 0.002 0.004 0.007
0.000 0.000 0.000 0.000 0.000 0.000 0.000 0.000 0.000 0.000 0.000 0.000 0.000 0.000 0.000 0.000 0.000 0.000 0.000 0.000 0.000 0.000 0.000 0.000 0.000 0.000 0.000 0.000 0.000 0.000 0.000 0.000 0.000 0.000 0.000 0.000 0.000 0.000 0.000 0.000 0.000 0.000 0.000 0.000 0.000 0.000 0.000 0.000 0.000 0.000 0.000 0.000 0.000 0.000 0.000 0.000 0.000 0.000 0.000 0.000 0.000 0.000 0.000 0.000 0.000 0.000 0.000 0.000 0.000 0.000 0.000 0.000 0.000 0.000 0.001 0.002 0.003
0.000 0.000 0.000 0.000 0.000 0.000 0.000 0.000 0.000 0.000 0.000 0.000 0.000 0.000 0.000 0.000 0.000 0.000 0.000 0.000 0.000 0.000 0.000 0.000 0.000 0.000 0.000 0.000 0.000 0.000 0.000 0.000 0.000 0.000 0.000 0.000 0.000 0.000 0.000 0.000 0.000 0.000 0.000 0.000 0.000 0.000 0.000 0.000 0.000 0.000 0.000 0.000 0.000 0.000 0.000 0.000 0.000 0.000 0.000 0.000 0.000 0.000 0.000 0.000 0.000 0.000 0.000 0.000 0.000 0.000 0.000 0.000 0.000 0.000 0.000 0.001 0.002
0.000 0.000 0.000 0.000 0.000 0.000 0.000 0.000 0.000 0.000 0.000 0.000 0.000 0.000 0.000 0.000 0.000 0.000 0.000 0.000 0.000 0.000 0.000 0.000 0.000 0.000 0.000 0.000 0.000 0.000 0.000 0.000 0.000 0.000 0.000 0.000 0.000 0.000 0.000 0.000 0.000 0.000 0.000 0.000 0.000 0.000 0.000 0.000 0.000 0.000 0.000 0.000 0.000 0.000 0.000 0.000 0.000 0.000 0.000 0.000 0.000 0.000 0.000 0.000 0.000 0.000 0.000 0.000 0.000 0.000 0.000 0.000 0.000 0.000 0.000 0.000 0.001
0.000 0.000 0.000 0.000 0.000 0.000 0.000 0.000 0.000 0.000 0.000 0.000 0.000 0.000 0.000 0.000 0.000 0.000 0.000 0.000 0.000 0.000 0.000 0.000 0.000 0.000 0.000 0.000 0.000 0.000 0.000 0.000 0.000 0.000 0.000 0.000 0.000 0.000 0.000 0.000 0.000 0.000 0.000 0.000 0.000 0.000 0.000 0.000 0.000 0.000 0.000 0.000 0.000 0.000 0.000 0.000 0.000 0.000 0.000 0.000 0.000 0.000 0.000 0.000 0.000 0.000 0.000 0.000 0.000 0.000 0.000 0.000 0.000 0.000 0.000 0.000 0.000
0.000 0.000 0.000 0.000 0.000 0.000 0.000 0.000 0.000 0.000 0.000 0.000 0.000 0.000 0.000 0.000 0.000 0.000 0.000 0.000 0.000 0.000 0.000 0.000 0.000 0.000 0.000 0.000 0.000 0.000 0.000 0.000 0.000 0.000 0.000 0.000 0.000 0.000 0.000 0.000 0.000 0.000 0.000 0.000 0.000 0.000 0.000 0.000 0.000 0.000 0.000 0.000 0.000 0.000 0.000 0.000 0.000 0.000 0.000 0.000 0.000 0.000 0.000 0.000 0.000 0.000 0.000 0.000 0.000 0.000 0.000 0.000 0.000 0.000 0.000 0.000 0.000
0.000 0.000 0.000 0.000 0.000 0.000 0.000 0.000 0.000 0.000 0.000 0.000 0.000 0.000 0.000 0.000 0.000 0.000 0.000 0.000 0.000 0.000 0.000 0.000 0.000 0.000 0.000 0.000 0.000 0.000 0.000 0.000 0.000 0.000 0.000 0.000 0.000 0.000 0.000 0.000 0.000 0.000 0.000 0.000 0.000 0.000 0.000 0.000 0.000 0.000 0.000 0.000 0.000 0.000 0.000 0.000 0.000 0.000 0.000 0.000 0.000 0.000 0.000 0.000 0.000 0.000 0.000 0.000 0.000 0.000 0.000 0.000 0.000 0.000 0.000 0.000 0.000
0.000 0.000 0.000 0.000 0.000 0.000 0.000 0.000 0.000 0.000 0.000 0.000 0.000 0.000 0.000 0.000 0.000 0.000 0.000 0.000 0.000 0.000 0.000 0.000 0.000 0.000 0.000 0.000 0.000 0.000 0.000 0.000 0.000 0.000 0.000 0.000 0.000 0.000 0.000 0.000 0.000 0.000 0.000 0.000 0.000 0.000 0.000 0.000 0.000 0.000 0.000 0.000 0.000 0.000 0.000 0.000 0.000 0.000 0.000 0.000 0.000 0.000 0.000 0.000 0.000 0.000 0.000 0.000 0.000 0.000 0.000 0.000 0.000 0.000 0.000 0.000 0.000
