RESULTS/r.avaflow_results/33_results/33_ascii/33_hflow0035.asc
ncols 506
nrows 317
xllcenter 498237.50
yllcenter 5580050.00
cellsize 12.50
NODATA_value -9999.000
[rows 170 to 203 of 317, columns 154 to 230 of 506]
9.372 9.236 9.092 8.934 8.738 8.524 8.340 8.184 8.037 7.881 7.725 7.576 7.405 7.134 6.671 6.002 5.181 4.301 3.446 2.645 1.916 1.292 0.820 0.521 0.362 0.285 0.255 0.250 0.255 0.276 0.321 0.385 0.443 0.481 0.509 0.535 0.568 0.628 0.682 0.705 0.709 0.709 0.721 0.744 0.753 0.745 0.709 0.639 0.539 0.427 0.317 0.230 0.175 0.140 0.118 0.104 0.097 0.094 0.095 0.096 0.097 0.096 0.093 0.089 0.086 0.085 0.089 0.105 0.148 0.236 0.318 0.350 0.348 0.303 0.211 0.134 0.095
12.734 12.939 13.038 13.050 12.997 12.843 12.605 12.341 12.076 11.794 11.510 11.243 10.977 10.663 10.194 9.474 8.492 7.323 6.086 4.857 3.685 2.639 1.778 1.151 0.759 0.542 0.432 0.386 0.375 0.391 0.432 0.491 0.539 0.563 0.574 0.584 0.601 0.643 0.682 0.694 0.688 0.672 0.666 0.667 0.656 0.621 0.541 0.412 0.282 0.191 0.136 0.104 0.084 0.073 0.067 0.065 0.066 0.068 0.070 0.071 0.071 0.069 0.066 0.062 0.061 0.061 0.065 0.078 0.110 0.178 0.273 0.335 0.356 0.350 0.306 0.226 0.152
16.314 16.853 17.059 17.045 16.902 16.614 16.246 15.869 15.505 15.136 14.771 14.441 14.131 13.804 13.364 12.682 11.715 10.519 9.168 7.708 6.205 4.737 3.421 2.351 1.576 1.069 0.761 0.591 0.510 0.482 0.488 0.516 0.550 0.565 0.567 0.565 0.572 0.596 0.612 0.604 0.567 0.515 0.473 0.437 0.397 0.338 0.254 0.168 0.112 0.080 0.063 0.052 0.046 0.043 0.042 0.044 0.046 0.050 0.053 0.053 0.053 0.051 0.048 0.046 0.045 0.046 0.049 0.058 0.080 0.124 0.208 0.300 0.354 0.374 0.371 0.336 0.258
19.097 19.953 20.289 20.275 20.098 19.771 19.385 19.011 18.640 18.251 17.844 17.477 17.147 16.812 16.386 15.714 14.737 13.516 12.166 10.736 9.194 7.518 5.806 4.234 2.962 2.015 1.360 0.943 0.700 0.570 0.511 0.498 0.507 0.508 0.496 0.475 0.464 0.458 0.443 0.404 0.332 0.262 0.217 0.186 0.160 0.132 0.096 0.067 0.050 0.039 0.033 0.030 0.028 0.028 0.028 0.030 0.033 0.037 0.039 0.040 0.039 0.038 0.036 0.036 0.035 0.036 0.039 0.045 0.058 0.085 0.137 0.229 0.327 0.378 0.393 0.388 0.351
20.682 21.766 22.336 22.494 22.454 22.283 22.065 21.834 21.565 21.221 20.802 20.389 20.027 19.661 19.219 18.553 17.593 16.381 15.013 13.558 12.025 10.365 8.526 6.564 4.761 3.297 2.190 1.420 0.933 0.649 0.504 0.435 0.397 0.370 0.337 0.301 0.275 0.256 0.235 0.201 0.151 0.114 0.092 0.078 0.067 0.055 0.042 0.033 0.027 0.023 0.021 0.020 0.019 0.019 0.020 0.021 0.024 0.027 0.029 0.029 0.029 0.029 0.028 0.028 0.028 0.030 0.032 0.036 0.044 0.060 0.089 0.148 0.256 0.354 0.392 0.397 0.386
21.059 22.250 23.066 23.541 23.809 23.960 24.034 24.013 23.904 23.661 23.250 22.743 22.320 21.924 21.480 20.861 20.003 18.899 17.565 16.043 14.383 12.587 10.595 8.324 6.064 4.186 2.738 1.716 1.064 0.682 0.469 0.346 0.269 0.217 0.175 0.149 0.136 0.127 0.116 0.097 0.072 0.055 0.045 0.039 0.033 0.028 0.023 0.019 0.017 0.015 0.014 0.014 0.014 0.014 0.014 0.015 0.017 0.019 0.021 0.022 0.022 0.022 0.022 0.023 0.023 0.025 0.027 0.030 0.036 0.046 0.063 0.099 0.173 0.288 0.366 0.388 0.387
20.754 22.015 22.988 23.678 24.230 24.700 25.006 25.124 25.126 24.995 24.610 23.995 23.518 23.153 22.752 22.200 21.466 20.523 19.296 17.751 15.951 13.968 11.777 9.268 6.691 4.557 2.932 1.800 1.089 0.668 0.419 0.270 0.181 0.125 0.091 0.076 0.069 0.065 0.060 0.050 0.039 0.031 0.026 0.023 0.020 0.017 0.015 0.013 0.011 0.011 0.010 0.010 0.010 0.010 0.010 0.011 0.012 0.014 0.015 0.016 0.016 0.017 0.017 0.018 0.019 0.021 0.023 0.026 0.031 0.038 0.050 0.073 0.118 0.205 0.303 0.354 0.371
19.843 21.242 22.446 23.408 24.180 24.775 25.129 25.270 25.302 25.232 24.873 24.205 23.703 23.392 23.043 22.524 21.845 20.999 19.874 18.365 16.503 14.397 12.082 9.457 6.765 4.548 2.882 1.739 1.024 0.597 0.342 0.193 0.112 0.071 0.050 0.042 0.038 0.036 0.033 0.028 0.023 0.020 0.017 0.015 0.013 0.011 0.010 0.009 0.008 0.007 0.007 0.007 0.007 0.007 0.007 0.007 0.008 0.009 0.010 0.011 0.012 0.013 0.014 0.015 0.016 0.018 0.020 0.023 0.027 0.033 0.043 0.059 0.088 0.140 0.220 0.292 0.335
18.597 20.142 21.538 22.738 23.702 24.364 24.696 24.800 24.809 24.717 24.371 23.735 23.207 22.869 22.501 21.972 21.312 20.527 19.488 18.050 16.209 14.070 11.688 8.998 6.324 4.147 2.535 1.457 0.808 0.434 0.222 0.113 0.063 0.040 0.030 0.025 0.023 0.021 0.020 0.017 0.015 0.013 0.011 0.010 0.009 0.008 0.007 0.006 0.005 0.005 0.004 0.004 0.004 0.004 0.004 0.005 0.005 0.006 0.007 0.008 0.009 0.009 0.010 0.011 0.013 0.015 0.017 0.020 0.024 0.030 0.038 0.050 0.070 0.103 0.154 0.218 0.277
17.236 18.855 20.313 21.578 22.584 23.266 23.605 23.677 23.584 23.312 22.954 22.517 22.030 21.482 20.888 20.276 19.632 18.925 17.997 16.651 14.850 12.684 10.252 7.613 5.153 3.193 1.784 0.895 0.426 0.205 0.103 0.057 0.035 0.025 0.020 0.017 0.015 0.014 0.013 0.011 0.010 0.009 0.008 0.007 0.006 0.005 0.004 0.004 0.003 0.003 0.002 0.002 0.002 0.002 0.002 0.002 0.003 0.004 0.004 0.005 0.006 0.007 0.008 0.009 0.010 0.012 0.015 0.018 0.022 0.027 0.034 0.044 0.060 0.083 0.116 0.162 0.213
15.667 17.237 18.655 19.894 20.905 21.653 22.088 22.195 22.030 21.604 21.335 21.159 20.762 19.952 19.066 18.334 17.618 16.833 15.816 14.379 12.471 10.179 7.686 5.278 3.262 1.785 0.848 0.357 0.154 0.078 0.045 0.030 0.021 0.016 0.014 0.012 0.011 0.010 0.009 0.008 0.007 0.006 0.005 0.004 0.004 0.003 0.002 0.002 0.002 0.001 0.001 0.001 0.001 0.001 0.001 0.001 0.001 0.002 0.002 0.003 0.004 0.004 0.005 0.007 0.008 0.010 0.012 0.016 0.020 0.025 0.031 0.041 0.054 0.072 0.097 0.130 0.170
13.753 15.179 16.559 17.872 19.059 20.070 20.766 21.005 20.871 20.457 20.223 20.062 19.610 18.655 17.663 16.855 16.012 14.949 13.518 11.641 9.277 6.672 4.327 2.602 1.445 0.714 0.303 0.118 0.056 0.034 0.024 0.018 0.014 0.012 0.010 0.009 0.008 0.007 0.006 0.005 0.005 0.004 0.003 0.003 0.002 0.001 0.001 0.001 0.001 0.000 0.000 0.000 0.000 0.000 0.000 0.000 0.000 0.001 0.001 0.001 0.002 0.003 0.004 0.005 0.006 0.008 0.011 0.014 0.018 0.023 0.030 0.039 0.052 0.069 0.089 0.115 0.146
11.610 12.919 14.302 15.761 17.209 18.492 19.421 19.809 19.750 19.409 19.062 18.683 18.037 17.055 16.082 15.202 14.198 12.797 10.821 8.213 5.444 3.165 1.694 0.871 0.439 0.209 0.091 0.043 0.026 0.019 0.015 0.012 0.010 0.008 0.007 0.006 0.005 0.005 0.004 0.003 0.003 0.002 0.002 0.001 0.001 0.001 0.000 0.000 0.000 0.000 0.000 0.000 0.000 0.000 0.000 0.000 0.000 0.000 0.000 0.001 0.001 0.002 0.002 0.003 0.005 0.007 0.009 0.013 0.017 0.022 0.029 0.039 0.052 0.068 0.087 0.109 0.133
9.688 10.888 12.162 13.580 15.082 16.437 17.469 17.980 18.019 17.704 17.066 16.236 15.317 14.376 13.450 12.450 11.172 9.313 6.717 4.072 2.134 0.971 0.411 0.195 0.106 0.058 0.032 0.021 0.016 0.012 0.010 0.009 0.007 0.006 0.005 0.004 0.003 0.003 0.002 0.002 0.001 0.001 0.001 0.000 0.000 0.000 0.000 0.000 0.000 0.000 0.000 0.000 0.000 0.000 0.000 0.000 0.000 0.000 0.000 0.000 0.000 0.001 0.001 0.002 0.004 0.006 0.008 0.011 0.016 0.021 0.029 0.039 0.052 0.069 0.087 0.106 0.126
7.889 8.905 9.928 11.005 12.110 13.159 14.081 14.621 14.723 14.440 13.639 12.444 11.209 10.115 9.017 7.798 6.277 4.384 2.482 1.167 0.464 0.174 0.082 0.050 0.034 0.023 0.017 0.013 0.011 0.009 0.007 0.006 0.005 0.004 0.003 0.003 0.002 0.001 0.001 0.001 0.000 0.000 0.000 0.000 0.000 0.000 0.000 0.000 0.000 0.000 0.000 0.000 0.000 0.000 0.000 0.000 0.000 0.000 0.000 0.000 0.000 0.000 0.001 0.002 0.003 0.005 0.007 0.010 0.015 0.021 0.029 0.039 0.053 0.070 0.088 0.106 0.124
5.971 6.610 7.061 7.397 7.724 8.153 8.740 9.186 9.322 9.161 8.496 7.304 5.924 4.799 3.870 3.015 2.100 1.154 0.494 0.180 0.073 0.041 0.028 0.022 0.017 0.014 0.011 0.009 0.007 0.006 0.005 0.004 0.003 0.002 0.002 0.001 0.001 0.001 0.000 0.000 0.000 0.000 0.000 0.000 0.000 0.000 0.000 0.000 0.000 0.000 0.000 0.000 0.000 0.000 0.000 0.000 0.000 0.000 0.000 0.000 0.000 0.000 0.000 0.001 0.002 0.004 0.006 0.009 0.014 0.020 0.028 0.039 0.053 0.070 0.088 0.107 0.126
3.483 3.561 3.518 3.423 3.349 3.383 3.567 3.762 3.828 3.773 3.475 2.869 2.052 1.404 0.974 0.669 0.392 0.178 0.074 0.038 0.025 0.019 0.016 0.013 0.011 0.009 0.008 0.006 0.005 0.004 0.003 0.002 0.002 0.001 0.001 0.000 0.000 0.000 0.000 0.000 0.000 0.000 0.000 0.000 0.000 0.000 0.000 0.000 0.000 0.000 0.000 0.000 0.000 0.000 0.000 0.000 0.000 0.000 0.000 0.000 0.000 0.000 0.000 0.000 0.001 0.003 0.005 0.008 0.013 0.019 0.027 0.038 0.052 0.069 0.088 0.110 0.132
1.428 1.302 1.189 1.075 0.979 0.934 0.943 0.974 0.980 0.957 0.865 0.676 0.422 0.258 0.174 0.117 0.070 0.039 0.025 0.018 0.015 0.013 0.011 0.009 0.008 0.006 0.005 0.004 0.003 0.003 0.002 0.001 0.001 0.000 0.000 0.000 0.000 0.000 0.000 0.000 0.000 0.000 0.000 0.000 0.000 0.000 0.000 0.000 0.000 0.000 0.000 0.000 0.000 0.000 0.000 0.000 0.000 0.000 0.000 0.000 0.000 0.000 0.000 0.000 0.001 0.002 0.004 0.007 0.012 0.018 0.026 0.036 0.050 0.067 0.089 0.118 0.152
0.411 0.340 0.302 0.273 0.246 0.226 0.218 0.212 0.206 0.197 0.175 0.134 0.086 0.058 0.044 0.033 0.024 0.018 0.015 0.012 0.010 0.009 0.008 0.006 0.005 0.004 0.003 0.003 0.002 0.001 0.001 0.000 0.000 0.000 0.000 0.000 0.000 0.000 0.000 0.000 0.000 0.000 0.000 0.000 0.000 0.000 0.000 0.000 0.000 0.000 0.000 0.000 0.000 0.000 0.000 0.000 0.000 0.000 0.000 0.000 0.000 0.000 0.000 0.000 0.000 0.001 0.003 0.006 0.010 0.016 0.023 0.033 0.046 0.064 0.090 0.128 0.179
0.113 0.097 0.089 0.083 0.077 0.070 0.065 0.061 0.058 0.054 0.049 0.040 0.030 0.024 0.020 0.017 0.014 0.012 0.010 0.008 0.007 0.006 0.005 0.004 0.003 0.003 0.002 0.001 0.001 0.000 0.000 0.000 0.000 0.000 0.000 0.000 0.000 0.000 0.000 0.000 0.000 0.000 0.000 0.000 0.000 0.000 0.000 0.000 0.000 0.000 0.000 0.000 0.000 0.000 0.000 0.000 0.000 0.000 0.000 0.000 0.000 0.000 0.000 0.000 0.000 0.001 0.002 0.005 0.008 0.013 0.019 0.028 0.040 0.058 0.086 0.128 0.187
0.041 0.038 0.036 0.035 0.033 0.031 0.029 0.027 0.025 0.024 0.022 0.020 0.017 0.015 0.013 0.011 0.010 0.008 0.007 0.006 0.005 0.004 0.003 0.002 0.002 0.001 0.001 0.000 0.000 0.000 0.000 0.000 0.000 0.000 0.000 0.000 0.000 0.000 0.000 0.000 0.000 0.000 0.000 0.000 0.000 0.000 0.000 0.000 0.000 0.000 0.000 0.000 0.000 0.000 0.000 0.000 0.000 0.000 0.000 0.000 0.000 0.000 0.000 0.000 0.000 0.000 0.001 0.003 0.006 0.009 0.014 0.022 0.032 0.048 0.073 0.114 0.175
0.021 0.020 0.020 0.019 0.019 0.018 0.016 0.016 0.015 0.014 0.013 0.012 0.011 0.010 0.009 0.008 0.007 0.005 0.005 0.004 0.003 0.002 0.002 0.001 0.001 0.000 0.000 0.000 0.000 0.000 0.000 0.000 0.000 0.000 0.000 0.000 0.000 0.000 0.000 0.000 0.000 0.000 0.000 0.000 0.000 0.000 0.000 0.000 0.000 0.000 0.000 0.000 0.000 0.000 0.000 0.000 0.000 0.000 0.000 0.000 0.000 0.000 0.000 0.000 0.000 0.000 0.001 0.002 0.004 0.006 0.010 0.015 0.022 0.032 0.049 0.080 0.130
0.013 0.013 0.012 0.012 0.012 0.011 0.010 0.010 0.009 0.009 0.009 0.008 0.008 0.007 0.006 0.005 0.004 0.003 0.003 0.002 0.001 0.001 0.001 0.000 0.000 0.000 0.000 0.000 0.000 0.000 0.000 0.000 0.000 0.000 0.000 0.000 0.000 0.000 0.000 0.000 0.000 0.000 0.000 0.000 0.000 0.000 0.000 0.000 0.000 0.000 0.000 0.000 0.000 0.000 0.000 0.000 0.000 0.000 0.000 0.000 0.000 0.000 0.000 0.000 0.000 0.000 0.000 0.001 0.002 0.004 0.007 0.010 0.014 0.020 0.029 0.044 0.070
0.008 0.008 0.008 0.008 0.008 0.007 0.007 0.006 0.006 0.006 0.006 0.005 0.005 0.004 0.004 0.003 0.002 0.002 0.001 0.001 0.001 0.000 0.000 0.000 0.000 0.000 0.000 0.000 0.000 0.000 0.000 0.000 0.000 0.000 0.000 0.000 0.000 0.000 0.000 0.000 0.000 0.000 0.000 0.000 0.000 0.000 0.000 0.000 0.000 0.000 0.000 0.000 0.000 0.000 0.000 0.000 0.000 0.000 0.000 0.000 0.000 0.000 0.000 0.000 0.000 0.000 0.000 0.000 0.001 0.003 0.004 0.007 0.010 0.013 0.018 0.026 0.037
0.005 0.005 0.005 0.005 0.005 0.004 0.004 0.004 0.004 0.003 0.003 0.003 0.003 0.003 0.002 0.002 0.001 0.001 0.000 0.000 0.000 0.000 0.000 0.000 0.000 0.000 0.000 0.000 0.000 0.000 0.000 0.000 0.000 0.000 0.000 0.000 0.000 0.000 0.000 0.000 0.000 0.000 0.000 0.000 0.000 0.000 0.000 0.000 0.000 0.000 0.000 0.000 0.000 0.000 0.000 0.000 0.000 0.000 0.000 0.000 0.000 0.000 0.000 0.000 0.000 0.000 0.000 0.000 0.001 0.001 0.003 0.004 0.006 0.009 0.012 0.016 0.022
0.003 0.003 0.003 0.003 0.003 0.003 0.002 0.002 0.002 0.002 0.002 0.001 0.001 0.001 0.001 0.001 0.000 0.000 0.000 0.000 0.000 0.000 0.000 0.000 0.000 0.000 0.000 0.000 0.000 0.000 0.000 0.000 0.000 0.000 0.000 0.000 0.000 0.000 0.000 0.000 0.000 0.000 0.000 0.000 0.000 0.000 0.000 0.000 0.000 0.000 0.000 0.000 0.000 0.000 0.000 0.000 0.000 0.000 0.000 0.000 0.000 0.000 0.000 0.000 0.000 0.000 0.000 0.000 0.000 0.001 0.001 0.003 0.004 0.006 0.008 0.011 0.014
0.001 0.001 0.001 0.001 0.001 0.001 0.001 0.001 0.001 0.001 0.001 0.000 0.000 0.000 0.000 0.000 0.000 0.000 0.000 0.000 0.000 0.000 0.000 0.000 0.000 0.000 0.000 0.000 0.000 0.000 0.000 0.000 0.000 0.000 0.000 0.000 0.000 0.000 0.000 0.000 0.000 0.000 0.000 0.000 0.000 0.000 0.000 0.000 0.000 0.000 0.000 0.000 0.000 0.000 0.000 0.000 0.000 0.000 0.000 0.000 0.000 0.000 0.000 0.000 0.000 0.000 0.000 0.000 0.000 0.000 0.001 0.001 0.002 0.004 0.005 0.007 0.010
0.000 0.000 0.000 0.000 0.000 0.000 0.000 0.000 0.000 0.000 0.000 0.000 0.000 0.000 0.000 0.000 0.000 0.000 0.000 0.000 0.000 0.000 0.000 0.000 0.000 0.000 0.000 0.000 0.000 0.000 0.000 0.000 0.000 0.000 0.000 0.000 0.000 0.000 0.000 0.000 0.000 0.000 0.000 0.000 0.000 0.000 0.000 0.000 0.000 0.000 0.000 0.000 0.000 0.000 0.000 0.000 0.000 0.000 0.000 0.000 0.000 0.000 0.000 0.000 0.000 0.000 0.000 0.000 0.000 0.000 0.000 0.001 0.001 0.002 0.003 0.005 0.006
0.000 0.000 0.000 0.000 0.000 0.000 0.000 0.000 0.000 0.000 0.000 0.000 0.000 0.000 0.000 0.000 0.000 0.000 0.000 0.000 0.000 0.000 0.000 0.000 0.000 0.000 0.000 0.000 0.000 0.000 0.000 0.000 0.000 0.000 0.000 0.000 0.000 0.000 0.000 0.000 0.000 0.000 0.000 0.000 0.000 0.000 0.000 0.000 0.000 0.000 0.000 0.000 0.000 0.000 0.000 0.000 0.000 0.000 0.000 0.000 0.000 0.000 0.000 0.000 0.000 0.000 0.000 0.000 0.000 0.000 0.000 0.000 0.000 0.001 0.002 0.003 0.004
0.000 0.000 0.000 0.000 0.000 0.000 0.000 0.000 0.000 0.000 0.000 0.000 0.000 0.000 0.000 0.000 0.000 0.000 0.000 0.000 0.000 0.000 0.000 0.000 0.000 0.000 0.000 0.000 0.000 0.000 0.000 0.000 0.000 0.000 0.000 0.000 0.000 0.000 0.000 0.000 0.000 0.000 0.000 0.000 0.000 0.000 0.000 0.000 0.000 0.000 0.000 0.000 0.000 0.000 0.000 0.000 0.000 0.000 0.000 0.000 0.000 0.000 0.000 0.000 0.000 0.000 0.000 0.000 0.000 0.000 0.000 0.000 0.000 0.000 0.001 0.001 0.002
0.000 0.000 0.000 0.000 0.000 0.000 0.000 0.000 0.000 0.000 0.000 0.000 0.000 0.000 0.000 0.000 0.000 0.000 0.000 0.000 0.000 0.000 0.000 0.000 0.000 0.000 0.000 0.000 0.000 0.000 0.000 0.000 0.000 0.000 0.000 0.000 0.000 0.000 0.000 0.000 0.000 0.000 0.000 0.000 0.000 0.000 0.000 0.000 0.000 0.000 0.000 0.000 0.000 0.000 0.000 0.000 0.000 0.000 0.000 0.000 0.000 0.000 0.000 0.000 0.000 0.000 0.000 0.000 0.000 0.000 0.000 0.000 0.000 0.000 0.000 0.001 0.001
0.000 0.000 0.000 0.000 0.000 0.000 0.000 0.000 0.000 0.000 0.000 0.000 0.000 0.000 0.000 0.000 0.000 0.000 0.000 0.000 0.000 0.000 0.000 0.000 0.000 0.000 0.000 0.000 0.000 0.000 0.000 0.000 0.000 0.000 0.000 0.000 0.000 0.000 0.000 0.000 0.000 0.000 0.000 0.000 0.000 0.000 0.000 0.000 0.000 0.000 0.000 0.000 0.000 0.000 0.000 0.000 0.000 0.000 0.000 0.000 0.000 0.000 0.000 0.000 0.000 0.000 0.000 0.000 0.000 0.000 0.000 0.000 0.000 0.000 0.000 0.000 0.000
0.000 0.000 0.000 0.000 0.000 0.000 0.000 0.000 0.000 0.000 0.000 0.000 0.000 0.000 0.000 0.000 0.000 0.000 0.000 0.000 0.000 0.000 0.000 0.000 0.000 0.000 0.000 0.000 0.000 0.000 0.000 0.000 0.000 0.000 0.000 0.000 0.000 0.000 0.000 0.000 0.000 0.000 0.000 0.000 0.000 0.000 0.000 0.000 0.000 0.000 0.000 0.000 0.000 0.000 0.000 0.000 0.000 0.000 0.000 0.000 0.000 0.000 0.000 0.000 0.000 0.000 0.000 0.000 0.000 0.000 0.000 0.000 0.000 0.000 0.000 0.000 0.000
0.000 0.000 0.000 0.000 0.000 0.000 0.000 0.000 0.000 0.000 0.000 0.000 0.000 0.000 0.000 0.000 0.000 0.000 0.000 0.000 0.000 0.000 0.000 0.000 0.000 0.000 0.000 0.000 0.000 0.000 0.000 0.000 0.000 0.000 0.000 0.000 0.000 0.000 0.000 0.000 0.000 0.000 0.000 0.000 0.000 0.000 0.000 0.000 0.000 0.000 0.000 0.000 0.000 0.000 0.000 0.000 0.000 0.000 0.000 0.000 0.000 0.000 0.000 0.000 0.000 0.000 0.000 0.000 0.000 0.000 0.000 0.000 0.000 0.000 0.000 0.000 0.000
