RESULTS/r.avaflow_results/33_results/33_ascii/33_hflow10034.asc
ncols 506
nrows 317
xllcenter 498237.50
yllcenter 5580050.00
cellsize 12.50
NODATA_value -9999.000
[rows 170 to 203 of 317, columns 77 to 153 of 506]
0.000 0.000 0.000 0.000 0.000 0.000 0.000 0.000 0.000 0.000 0.000 0.000 0.000 0.001 0.002 0.004 0.006 0.007 0.009 0.011 0.012 0.015 0.022 0.040 0.076 0.119 0.144 0.159 0.173 0.187 0.201 0.213 0.224 0.234 0.246 0.268 0.304 0.335 0.346 0.344 0.321 0.268 0.230 0.225 0.271 0.394 0.578 0.786 1.029 1.359 1.858 2.658 3.801 4.849 5.382 5.514 5.537 5.597 5.664 5.695 5.680 5.577 5.357 5.008 4.543 3.966 3.314 2.719 2.211 1.780 1.419 1.126 0.889 0.699 0.547 0.426 0.332
0.000 0.000 0.000 0.000 0.000 0.000 0.000 0.000 0.000 0.000 0.000 0.001 0.002 0.004 0.007 0.011 0.016 0.021 0.026 0.031 0.036 0.045 0.064 0.100 0.150 0.191 0.212 0.226 0.241 0.256 0.271 0.286 0.300 0.314 0.335 0.371 0.427 0.472 0.488 0.484 0.452 0.396 0.374 0.425 0.613 0.936 1.314 1.704 2.159 2.753 3.542 4.499 5.409 5.961 6.145 6.151 6.135 6.140 6.147 6.128 6.064 5.915 5.653 5.265 4.748 4.110 3.418 2.806 2.286 1.847 1.482 1.184 0.940 0.741 0.581 0.453 0.353
0.000 0.000 0.000 0.000 0.000 0.000 0.000 0.000 0.000 0.000 0.001 0.002 0.006 0.010 0.017 0.025 0.034 0.045 0.057 0.070 0.085 0.108 0.147 0.200 0.249 0.278 0.295 0.310 0.326 0.342 0.360 0.378 0.397 0.417 0.446 0.496 0.572 0.638 0.668 0.672 0.650 0.624 0.678 0.905 1.352 1.933 2.501 3.080 3.782 4.599 5.383 6.034 6.465 6.650 6.680 6.667 6.633 6.589 6.533 6.469 6.358 6.170 5.873 5.445 4.879 4.192 3.482 2.866 2.345 1.905 1.536 1.230 0.977 0.771 0.605 0.472 0.367
0.000 0.000 0.000 0.000 0.000 0.000 0.000 0.000 0.000 0.001 0.003 0.006 0.012 0.020 0.031 0.044 0.060 0.080 0.104 0.132 0.165 0.210 0.271 0.327 0.361 0.381 0.398 0.414 0.432 0.451 0.471 0.493 0.516 0.541 0.578 0.640 0.731 0.827 0.894 0.939 0.975 1.059 1.315 1.839 2.600 3.387 4.097 4.818 5.549 6.223 6.761 7.092 7.223 7.240 7.192 7.114 7.040 6.955 6.863 6.760 6.607 6.379 6.036 5.565 4.953 4.230 3.521 2.909 2.389 1.947 1.573 1.260 1.001 0.790 0.619 0.484 0.376
0.000 0.000 0.000 0.000 0.000 0.000 0.000 0.000 0.000 0.002 0.005 0.011 0.021 0.033 0.049 0.070 0.096 0.129 0.169 0.217 0.276 0.347 0.416 0.463 0.489 0.508 0.526 0.545 0.564 0.585 0.608 0.632 0.659 0.689 0.732 0.802 0.906 1.038 1.178 1.320 1.493 1.814 2.417 3.315 4.311 5.174 5.874 6.476 7.003 7.431 7.730 7.861 7.876 7.813 7.658 7.493 7.373 7.255 7.142 7.005 6.811 6.545 6.152 5.634 4.983 4.241 3.541 2.934 2.415 1.970 1.592 1.276 1.014 0.801 0.628 0.490 0.381
0.000 0.000 0.000 0.000 0.000 0.000 0.000 0.000 0.000 0.002 0.007 0.016 0.028 0.047 0.072 0.103 0.143 0.193 0.255 0.330 0.418 0.506 0.572 0.615 0.641 0.664 0.685 0.706 0.728 0.751 0.774 0.799 0.826 0.859 0.902 0.974 1.096 1.273 1.515 1.821 2.232 2.921 4.000 5.229 6.239 6.969 7.473 7.845 8.157 8.375 8.477 8.502 8.459 8.322 8.085 7.820 7.640 7.505 7.371 7.210 6.979 6.666 6.223 5.658 4.987 4.242 3.550 2.944 2.422 1.976 1.597 1.280 1.018 0.805 0.632 0.493 0.382
0.000 0.000 0.000 0.000 0.000 0.000 0.000 0.000 0.000 0.002 0.008 0.018 0.033 0.056 0.089 0.135 0.195 0.273 0.366 0.478 0.593 0.688 0.755 0.800 0.831 0.857 0.881 0.905 0.929 0.953 0.976 0.997 1.019 1.047 1.081 1.139 1.262 1.477 1.800 2.258 2.930 4.038 5.623 7.025 7.954 8.514 8.808 8.970 9.085 9.146 9.109 9.047 8.932 8.741 8.466 8.141 7.901 7.734 7.575 7.384 7.121 6.754 6.262 5.663 4.980 4.233 3.544 2.939 2.417 1.970 1.592 1.276 1.015 0.803 0.631 0.492 0.381
0.000 0.000 0.000 0.000 0.000 0.000 0.000 0.000 0.000 0.002 0.008 0.018 0.035 0.061 0.099 0.154 0.232 0.340 0.486 0.659 0.801 0.907 0.982 1.034 1.069 1.097 1.123 1.149 1.173 1.196 1.216 1.229 1.240 1.252 1.264 1.293 1.399 1.628 2.006 2.562 3.408 4.842 6.873 8.446 9.358 9.761 9.865 9.871 9.821 9.741 9.618 9.477 9.299 9.076 8.794 8.454 8.160 7.939 7.742 7.516 7.207 6.792 6.264 5.646 4.945 4.194 3.509 2.909 2.390 1.946 1.571 1.258 1.001 0.793 0.623 0.487 0.378
0.000 0.000 0.000 0.000 0.000 0.000 0.000 0.000 0.000 0.002 0.008 0.017 0.034 0.062 0.102 0.162 0.249 0.378 0.566 0.822 1.042 1.179 1.271 1.331 1.369 1.397 1.422 1.445 1.466 1.482 1.492 1.496 1.491 1.474 1.445 1.444 1.515 1.734 2.139 2.763 3.715 5.343 7.732 9.521 10.420 10.686 10.671 10.554 10.360 10.158 9.978 9.792 9.575 9.334 9.058 8.728 8.404 8.135 7.882 7.602 7.240 6.788 6.236 5.595 4.864 4.108 3.436 2.846 2.337 1.900 1.532 1.226 0.976 0.773 0.609 0.477 0.370
0.000 0.000 0.000 0.000 0.000 0.000 0.000 0.000 0.000 0.002 0.006 0.015 0.032 0.059 0.101 0.162 0.253 0.391 0.599 0.912 1.282 1.522 1.638 1.704 1.743 1.768 1.786 1.800 1.811 1.817 1.815 1.805 1.779 1.718 1.628 1.591 1.626 1.816 2.224 2.887 3.906 5.593 8.176 10.225 11.150 11.317 11.235 11.011 10.695 10.428 10.205 9.992 9.766 9.532 9.269 8.954 8.607 8.295 7.993 7.647 7.238 6.740 6.156 5.479 4.724 3.983 3.325 2.749 2.254 1.831 1.476 1.182 0.943 0.749 0.591 0.463 0.360
0.000 0.000 0.000 0.000 0.000 0.000 0.000 0.000 0.000 0.001 0.004 0.010 0.024 0.049 0.089 0.152 0.245 0.384 0.598 0.927 1.410 1.874 2.102 2.171 2.200 2.214 2.221 2.222 2.218 2.209 2.193 2.164 2.104 1.993 1.831 1.739 1.740 1.894 2.293 2.974 4.032 5.691 8.272 10.529 11.569 11.718 11.572 11.258 10.862 10.560 10.312 10.095 9.881 9.664 9.420 9.120 8.764 8.411 8.062 7.668 7.202 6.648 6.014 5.285 4.515 3.800 3.168 2.618 2.144 1.743 1.406 1.130 0.905 0.721 0.569 0.445 0.346
0.000 0.000 0.000 0.000 0.000 0.000 0.000 0.000 0.000 0.000 0.001 0.004 0.012 0.028 0.060 0.114 0.199 0.330 0.536 0.869 1.384 2.060 2.552 2.723 2.744 2.744 2.737 2.721 2.696 2.668 2.632 2.575 2.476 2.314 2.083 1.918 1.880 1.986 2.362 3.060 4.141 5.736 8.182 10.538 11.714 11.917 11.724 11.342 10.916 10.607 10.347 10.134 9.944 9.743 9.512 9.229 8.876 8.491 8.091 7.658 7.140 6.525 5.814 5.013 4.240 3.561 2.965 2.451 2.012 1.640 1.330 1.073 0.864 0.690 0.544 0.426 0.331
0.000 0.000 0.000 0.000 0.000 0.000 0.000 0.000 0.000 0.000 0.000 0.001 0.004 0.010 0.024 0.053 0.106 0.197 0.358 0.656 1.186 2.007 2.827 3.246 3.344 3.348 3.330 3.295 3.252 3.200 3.135 3.044 2.906 2.703 2.417 2.180 2.090 2.144 2.470 3.166 4.269 5.816 8.030 10.365 11.652 11.943 11.763 11.359 10.919 10.584 10.338 10.139 9.949 9.760 9.560 9.294 8.946 8.534 8.098 7.621 7.052 6.369 5.573 4.726 3.969 3.314 2.749 2.268 1.864 1.528 1.247 1.013 0.820 0.657 0.521 0.409 0.319
0.000 0.000 0.000 0.000 0.000 0.000 0.000 0.000 0.000 0.000 0.000 0.000 0.001 0.003 0.007 0.017 0.037 0.074 0.151 0.340 0.805 1.729 2.915 3.630 3.886 3.952 3.963 3.935 3.877 3.800 3.703 3.580 3.411 3.178 2.868 2.588 2.436 2.434 2.678 3.325 4.406 5.897 7.850 9.995 11.338 11.770 11.678 11.333 10.896 10.529 10.278 10.093 9.929 9.760 9.571 9.317 8.975 8.560 8.085 7.554 6.934 6.194 5.355 4.511 3.770 3.128 2.579 2.115 1.731 1.417 1.160 0.949 0.773 0.625 0.501 0.398 0.313
0.000 0.000 0.000 0.000 0.000 0.000 0.000 0.000 0.000 0.000 0.000 0.000 0.000 0.001 0.003 0.007 0.014 0.027 0.058 0.149 0.454 1.296 2.728 3.813 4.291 4.467 4.540 4.551 4.518 4.446 4.336 4.190 4.005 3.764 3.462 3.178 2.994 2.941 3.078 3.597 4.570 5.962 7.656 9.430 10.710 11.309 11.383 11.192 10.806 10.402 10.112 9.926 9.809 9.709 9.548 9.311 8.977 8.569 8.061 7.486 6.817 6.043 5.186 4.358 3.631 2.996 2.450 1.993 1.617 1.314 1.071 0.878 0.722 0.593 0.484 0.390 0.310
0.000 0.000 0.000 0.000 0.000 0.000 0.000 0.000 0.000 0.000 0.000 0.000 0.000 0.001 0.002 0.005 0.010 0.019 0.037 0.087 0.271 0.911 2.318 3.748 4.502 4.847 5.024 5.114 5.138 5.111 5.030 4.888 4.699 4.472 4.212 3.979 3.815 3.744 3.794 4.140 4.889 6.060 7.488 8.826 9.880 10.566 10.821 10.786 10.561 10.183 9.813 9.574 9.457 9.423 9.359 9.213 8.948 8.558 8.045 7.436 6.729 5.931 5.061 4.251 3.534 2.902 2.355 1.896 1.521 1.220 0.983 0.800 0.662 0.557 0.467 0.385 0.309
0.000 0.000 0.000 0.000 0.000 0.000 0.000 0.000 0.000 0.000 0.000 0.000 0.000 0.001 0.003 0.006 0.012 0.020 0.038 0.081 0.207 0.656 1.820 3.440 4.525 5.079 5.389 5.590 5.704 5.738 5.711 5.629 5.491 5.311 5.131 4.992 4.901 4.862 4.869 5.038 5.493 6.312 7.436 8.455 9.224 9.780 10.072 10.123 10.065 9.807 9.395 9.030 8.855 8.845 8.887 8.888 8.784 8.481 7.995 7.374 6.658 5.850 4.981 4.180 3.465 2.833 2.285 1.822 1.442 1.137 0.899 0.719 0.592 0.505 0.436 0.367 0.292
0.000 0.000 0.000 0.000 0.000 0.000 0.000 0.000 0.000 0.000 0.000 0.000 0.001 0.003 0.006 0.011 0.019 0.032 0.052 0.096 0.207 0.526 1.365 2.877 4.323 5.162 5.628 5.960 6.192 6.318 6.353 6.328 6.260 6.158 6.063 6.003 5.978 5.981 6.009 6.117 6.366 6.833 7.574 8.314 8.836 9.190 9.391 9.437 9.417 9.256 8.904 8.430 8.109 8.054 8.158 8.292 8.340 8.209 7.825 7.252 6.567 5.781 4.939 4.137 3.413 2.778 2.230 1.765 1.377 1.063 0.819 0.637 0.508 0.420 0.351 0.282 0.205
0.000 0.000 0.000 0.000 0.000 0.000 0.000 0.000 0.000 0.000 0.000 0.001 0.002 0.006 0.013 0.024 0.040 0.062 0.095 0.147 0.250 0.498 1.097 2.268 3.854 5.048 5.723 6.200 6.566 6.802 6.915 6.944 6.928 6.889 6.845 6.825 6.825 6.839 6.873 6.970 7.137 7.405 7.808 8.282 8.608 8.795 8.888 8.922 8.906 8.765 8.464 7.984 7.552 7.346 7.339 7.477 7.621 7.625 7.425 6.995 6.401 5.687 4.906 4.108 3.367 2.725 2.180 1.714 1.320 0.994 0.738 0.545 0.397 0.282 0.195 0.129 0.077
0.000 0.000 0.000 0.000 0.000 0.000 0.000 0.000 0.000 0.000 0.000 0.001 0.005 0.012 0.028 0.052 0.086 0.129 0.181 0.251 0.358 0.564 1.003 1.871 3.291 4.749 5.684 6.321 6.830 7.187 7.400 7.496 7.520 7.512 7.491 7.479 7.483 7.488 7.498 7.563 7.662 7.799 7.994 8.271 8.458 8.553 8.562 8.550 8.510 8.359 8.080 7.626 7.160 6.850 6.696 6.676 6.741 6.770 6.706 6.456 6.013 5.415 4.716 3.965 3.259 2.634 2.100 1.643 1.245 0.905 0.629 0.411 0.247 0.139 0.078 0.042 0.022
0.000 0.000 0.000 0.000 0.000 0.000 0.000 0.000 0.000 0.000 0.001 0.003 0.009 0.025 0.058 0.110 0.175 0.249 0.330 0.425 0.546 0.726 1.063 1.731 2.889 4.371 5.507 6.314 6.965 7.467 7.787 7.953 8.017 8.032 8.019 7.997 7.975 7.963 7.960 7.969 7.991 8.028 8.096 8.231 8.322 8.349 8.332 8.266 8.176 8.000 7.715 7.301 6.827 6.472 6.216 6.051 5.935 5.834 5.733 5.569 5.261 4.778 4.142 3.461 2.846 2.295 1.806 1.379 1.007 0.682 0.416 0.224 0.111 0.054 0.027 0.014 0.007
0.000 0.000 0.000 0.000 0.000 0.000 0.000 0.000 0.000 0.000 0.001 0.005 0.017 0.051 0.117 0.213 0.325 0.439 0.557 0.684 0.827 1.002 1.265 1.785 2.731 4.062 5.263 6.215 7.003 7.629 8.073 8.322 8.413 8.434 8.422 8.398 8.359 8.314 8.272 8.227 8.167 8.124 8.127 8.164 8.180 8.181 8.129 8.016 7.873 7.659 7.364 6.977 6.505 6.111 5.797 5.529 5.282 5.042 4.798 4.524 4.192 3.743 3.151 2.539 2.009 1.548 1.146 0.805 0.528 0.314 0.167 0.080 0.037 0.018 0.010 0.005 0.003
0.000 0.000 0.000 0.000 0.000 0.000 0.000 0.000 0.000 0.001 0.003 0.010 0.035 0.099 0.215 0.373 0.543 0.709 0.876 1.047 1.225 1.414 1.645 2.038 2.789 3.912 5.103 6.114 6.975 7.686 8.210 8.564 8.710 8.727 8.725 8.679 8.632 8.562 8.497 8.398 8.266 8.164 8.104 8.073 8.041 8.010 7.910 7.768 7.580 7.332 7.016 6.629 6.156 5.724 5.362 5.035 4.715 4.385 4.022 3.595 3.091 2.535 1.970 1.464 1.047 0.719 0.471 0.292 0.170 0.092 0.046 0.022 0.012 0.007 0.004 0.002 0.002
0.000 0.000 0.000 0.000 0.000 0.000 0.000 0.000 0.000 0.001 0.004 0.018 0.063 0.173 0.356 0.589 0.826 1.062 1.296 1.523 1.746 1.971 2.209 2.528 3.078 3.953 5.051 6.074 6.959 7.709 8.277 8.682 8.881 8.924 8.930 8.878 8.820 8.741 8.629 8.468 8.285 8.132 8.031 7.967 7.900 7.809 7.674 7.502 7.275 6.988 6.631 6.228 5.739 5.274 4.884 4.532 4.176 3.777 3.300 2.725 2.100 1.532 1.072 0.713 0.445 0.263 0.149 0.082 0.044 0.023 0.012 0.007 0.004 0.003 0.002 0.001 0.001
0.000 0.000 0.000 0.000 0.000 0.000 0.000 0.000 0.000 0.001 0.005 0.021 0.080 0.233 0.494 0.829 1.170 1.501 1.821 2.120 2.399 2.666 2.933 3.230 3.641 4.266 5.137 6.107 6.981 7.729 8.316 8.739 8.976 9.050 9.052 9.021 8.954 8.861 8.701 8.511 8.263 8.048 7.891 7.784 7.684 7.563 7.404 7.200 6.939 6.610 6.210 5.759 5.236 4.722 4.286 3.893 3.485 3.000 2.394 1.731 1.165 0.761 0.476 0.282 0.157 0.083 0.042 0.021 0.011 0.006 0.004 0.002 0.002 0.001 0.001 0.001 0.001
0.000 0.000 0.000 0.000 0.000 0.000 0.000 0.000 0.000 0.001 0.004 0.020 0.081 0.258 0.583 1.029 1.530 2.018 2.457 2.849 3.196 3.507 3.804 4.104 4.440 4.879 5.495 6.283 7.097 7.804 8.376 8.785 9.036 9.132 9.138 9.115 9.037 8.917 8.726 8.499 8.210 7.936 7.711 7.551 7.400 7.250 7.063 6.816 6.511 6.131 5.697 5.199 4.623 3.997 3.390 2.841 2.308 1.749 1.195 0.757 0.463 0.274 0.158 0.089 0.047 0.023 0.011 0.005 0.003 0.002 0.001 0.001 0.001 0.001 0.001 0.000 0.000
0.000 0.000 0.000 0.000 0.000 0.000 0.000 0.000 0.000 0.001 0.003 0.018 0.076 0.260 0.632 1.184 1.852 2.575 3.211 3.728 4.157 4.519 4.835 5.128 5.424 5.753 6.163 6.714 7.375 7.996 8.508 8.880 9.113 9.214 9.219 9.177 9.073 8.925 8.721 8.460 8.137 7.788 7.477 7.231 7.014 6.809 6.590 6.315 5.977 5.564 5.090 4.543 3.903 3.128 2.324 1.660 1.129 0.707 0.403 0.220 0.122 0.070 0.041 0.023 0.012 0.005 0.002 0.001 0.001 0.001 0.001 0.000 0.000 0.000 0.000 0.000 0.000
0.000 0.000 0.000 0.000 0.000 0.000 0.000 0.000 0.000 0.000 0.002 0.013 0.064 0.245 0.653 1.304 2.124 3.063 3.980 4.720 5.282 5.703 6.037 6.325 6.577 6.810 7.064 7.408 7.845 8.319 8.714 9.007 9.186 9.277 9.285 9.211 9.068 8.907 8.680 8.396 8.033 7.610 7.197 6.849 6.537 6.248 5.950 5.629 5.264 4.832 4.333 3.754 3.062 2.226 1.455 0.878 0.483 0.240 0.111 0.052 0.027 0.016 0.009 0.005 0.003 0.001 0.001 0.000 0.000 0.000 0.000 0.000 0.000 0.000 0.000 0.000 0.000
0.000 0.000 0.000 0.000 0.000 0.000 0.000 0.000 0.000 0.000 0.002 0.011 0.053 0.221 0.657 1.399 2.359 3.440 4.588 5.608 6.403 6.974 7.378 7.671 7.878 8.026 8.151 8.305 8.522 8.792 9.028 9.217 9.310 9.342 9.313 9.202 9.034 8.841 8.584 8.267 7.876 7.403 6.897 6.429 5.996 5.599 5.194 4.781 4.342 3.854 3.313 2.715 2.042 1.350 0.794 0.412 0.188 0.078 0.031 0.013 0.006 0.003 0.002 0.001 0.001 0.000 0.000 0.000 0.000 0.000 0.000 0.000 0.000 0.000 0.000 0.000 0.000
0.000 0.000 0.000 0.000 0.000 0.000 0.000 0.000 0.000 0.001 0.002 0.011 0.050 0.214 0.672 1.487 2.552 3.714 4.979 6.255 7.307 8.072 8.590 8.927 9.139 9.253 9.297 9.336 9.383 9.430 9.463 9.486 9.432 9.350 9.269 9.132 8.943 8.701 8.401 8.060 7.653 7.157 6.588 6.006 5.470 4.974 4.480 3.980 3.460 2.915 2.342 1.757 1.193 0.712 0.366 0.163 0.065 0.025 0.009 0.003 0.001 0.001 0.000 0.000 0.000 0.000 0.000 0.000 0.000 0.000 0.000 0.000 0.000 0.000 0.000 0.000 0.000
0.000 0.000 0.000 0.001 0.001 0.001 0.001 0.001 0.001 0.001 0.003 0.011 0.052 0.231 0.728 1.598 2.703 3.878 5.173 6.617 7.923 8.920 9.601 10.006 10.220 10.306 10.321 10.297 10.210 10.068 9.888 9.710 9.479 9.257 9.070 8.880 8.667 8.429 8.133 7.780 7.354 6.855 6.256 5.607 4.984 4.414 3.860 3.305 2.744 2.180 1.620 1.092 0.649 0.332 0.145 0.057 0.021 0.007 0.002 0.001 0.001 0.000 0.000 0.000 0.000 0.000 0.000 0.000 0.000 0.000 0.000 0.000 0.000 0.000 0.000 0.000 0.000
0.001 0.001 0.002 0.002 0.002 0.002 0.002 0.002 0.002 0.002 0.004 0.013 0.063 0.284 0.843 1.735 2.795 3.939 5.241 6.766 8.306 9.536 10.377 10.869 11.094 11.147 11.135 11.041 10.830 10.536 10.173 9.835 9.437 9.026 8.672 8.376 8.133 7.903 7.629 7.310 6.912 6.459 5.877 5.200 4.509 3.881 3.293 2.719 2.148 1.593 1.080 0.648 0.332 0.144 0.055 0.019 0.006 0.002 0.001 0.000 0.000 0.000 0.000 0.000 0.000 0.000 0.000 0.000 0.000 0.000 0.000 0.000 0.000 0.000 0.000 0.000 0.000
0.002 0.003 0.004 0.004 0.004 0.003 0.003 0.003 0.003 0.004 0.006 0.018 0.087 0.357 0.957 1.828 2.822 3.945 5.253 6.786 8.459 9.877 10.866 11.428 11.673 11.714 11.670 11.523 11.211 10.805 10.295 9.815 9.277 8.664 8.109 7.661 7.333 7.064 6.790 6.515 6.183 5.816 5.340 4.717 4.022 3.358 2.745 2.170 1.617 1.103 0.668 0.348 0.153 0.057 0.019 0.006 0.002 0.001 0.000 0.000 0.000 0.000 0.000 0.000 0.000 0.000 0.000 0.000 0.000 0.000 0.000 0.000 0.000 0.000 0.000 0.000 0.000
0.005 0.005 0.005 0.005 0.005 0.004 0.004 0.004 0.005 0.005 0.008 0.023 0.099 0.393 1.004 1.851 2.807 3.911 5.216 6.743 8.444 9.947 11.044 11.692 11.963 12.001 11.914 11.726 11.365 10.903 10.306 9.665 8.953 8.165 7.407 6.768 6.300 5.942 5.630 5.360 5.100 4.843 4.529 4.066 3.467 2.820 2.184 1.608 1.094 0.666 0.351 0.155 0.058 0.019 0.006 0.002 0.001 0.000 0.000 0.000 0.000 0.000 0.000 0.000 0.000 0.000 0.000 0.000 0.000 0.000 0.000 0.000 0.000 0.000 0.000 0.000 0.000
