RESULTS/r.avaflow_results/33_results/33_ascii/33_hflow0046.asc
ncols 506
nrows 317
xllcenter 498237.50
yllcenter 5580050.00
cellsize 12.50
NODATA_value -9999.000
[rows 170 to 203 of 317, columns 77 to 153 of 506]
0.000 0.000 0.000 0.000 0.000 0.000 0.000 0.000 0.000 0.000 0.000 0.001 0.001 0.003 0.006 0.010 0.014 0.018 0.021 0.023 0.026 0.030 0.041 0.071 0.132 0.199 0.230 0.238 0.238 0.236 0.231 0.221 0.204 0.182 0.167 0.164 0.169 0.185 0.204 0.210 0.207 0.194 0.188 0.212 0.313 0.514 0.776 1.051 1.352 1.746 2.335 3.291 4.620 5.850 6.596 6.956 7.211 7.592 8.146 8.866 9.799 10.873 12.012 12.997 13.634 13.954 14.032 13.980 13.741 13.323 12.784 12.062 11.244 10.567 10.083 9.707 9.419
0.000 0.000 0.000 0.000 0.000 0.000 0.000 0.000 0.000 0.001 0.001 0.003 0.006 0.011 0.019 0.029 0.039 0.049 0.057 0.065 0.073 0.087 0.117 0.174 0.253 0.309 0.326 0.327 0.324 0.318 0.308 0.291 0.265 0.239 0.227 0.227 0.240 0.271 0.304 0.320 0.324 0.326 0.359 0.500 0.814 1.267 1.734 2.197 2.720 3.396 4.281 5.330 6.345 7.041 7.401 7.586 7.776 8.119 8.636 9.333 10.232 11.280 12.401 13.301 13.853 14.091 14.105 13.976 13.701 13.326 12.906 12.478 12.148 12.012 12.023 12.107 12.281
0.000 0.000 0.000 0.000 0.000 0.000 0.000 0.000 0.001 0.003 0.005 0.010 0.018 0.029 0.045 0.062 0.081 0.102 0.122 0.143 0.166 0.201 0.261 0.339 0.405 0.432 0.436 0.433 0.427 0.417 0.401 0.377 0.341 0.313 0.304 0.308 0.332 0.378 0.431 0.474 0.516 0.590 0.782 1.197 1.847 2.552 3.188 3.836 4.594 5.430 6.235 6.932 7.435 7.719 7.848 7.953 8.127 8.436 8.902 9.557 10.411 11.432 12.528 13.372 13.882 14.076 14.063 13.965 13.803 13.630 13.524 13.532 13.658 13.849 14.103 14.549 15.299
0.000 0.000 0.000 0.000 0.000 0.000 0.000 0.001 0.003 0.007 0.013 0.022 0.037 0.057 0.081 0.109 0.140 0.176 0.217 0.260 0.310 0.376 0.461 0.533 0.564 0.569 0.567 0.561 0.551 0.536 0.515 0.482 0.437 0.407 0.399 0.407 0.441 0.504 0.591 0.698 0.856 1.152 1.682 2.494 3.458 4.311 5.049 5.772 6.483 7.131 7.666 8.023 8.186 8.224 8.185 8.211 8.365 8.642 9.074 9.691 10.504 11.485 12.520 13.299 13.768 13.958 14.029 14.107 14.218 14.382 14.544 14.699 14.883 15.127 15.536 16.302 17.548
0.000 0.000 0.000 0.000 0.000 0.000 0.000 0.002 0.006 0.012 0.022 0.036 0.058 0.087 0.123 0.165 0.214 0.271 0.337 0.412 0.496 0.589 0.672 0.718 0.729 0.728 0.723 0.714 0.700 0.680 0.651 0.608 0.552 0.513 0.502 0.509 0.544 0.632 0.788 1.029 1.440 2.155 3.205 4.394 5.471 6.308 6.961 7.516 7.997 8.389 8.671 8.801 8.786 8.641 8.443 8.401 8.523 8.774 9.180 9.753 10.500 11.392 12.321 13.052 13.549 13.864 14.123 14.413 14.697 14.942 15.115 15.262 15.459 15.798 16.411 17.419 18.873
0.000 0.000 0.000 0.000 0.000 0.000 0.000 0.002 0.007 0.014 0.026 0.044 0.071 0.109 0.160 0.223 0.300 0.389 0.490 0.600 0.714 0.816 0.882 0.910 0.915 0.914 0.909 0.898 0.880 0.853 0.814 0.759 0.687 0.626 0.595 0.594 0.626 0.728 0.957 1.398 2.217 3.535 5.123 6.426 7.384 8.092 8.587 8.925 9.193 9.367 9.445 9.415 9.262 8.966 8.663 8.542 8.603 8.825 9.197 9.723 10.390 11.160 11.942 12.649 13.274 13.777 14.172 14.525 14.820 15.046 15.198 15.344 15.554 15.967 16.721 17.840 19.275
0.000 0.000 0.000 0.000 0.000 0.000 0.000 0.002 0.007 0.015 0.028 0.048 0.079 0.123 0.185 0.267 0.374 0.510 0.672 0.828 0.957 1.055 1.110 1.133 1.138 1.138 1.132 1.118 1.095 1.059 1.009 0.938 0.843 0.745 0.683 0.667 0.690 0.791 1.049 1.614 2.755 4.635 6.686 8.099 9.019 9.599 9.914 10.061 10.157 10.170 10.087 9.897 9.605 9.216 8.858 8.661 8.642 8.811 9.141 9.600 10.167 10.806 11.465 12.161 12.916 13.557 14.003 14.337 14.578 14.731 14.823 14.936 15.139 15.611 16.456 17.630 19.042
0.000 0.000 0.000 0.000 0.000 0.000 0.000 0.002 0.007 0.015 0.028 0.049 0.081 0.130 0.199 0.294 0.423 0.595 0.826 1.061 1.222 1.323 1.379 1.404 1.410 1.409 1.401 1.382 1.351 1.303 1.237 1.145 1.020 0.875 0.772 0.734 0.743 0.829 1.083 1.687 3.012 5.323 7.841 9.464 10.388 10.821 10.960 10.990 10.938 10.797 10.561 10.240 9.862 9.422 9.036 8.782 8.691 8.776 9.030 9.400 9.862 10.374 10.940 11.601 12.377 12.989 13.370 13.601 13.718 13.741 13.724 13.749 13.900 14.387 15.322 16.625 18.131
0.000 0.000 0.000 0.000 0.000 0.000 0.000 0.002 0.006 0.014 0.026 0.047 0.080 0.131 0.204 0.304 0.444 0.639 0.911 1.250 1.504 1.638 1.709 1.738 1.744 1.742 1.727 1.698 1.652 1.587 1.500 1.383 1.225 1.026 0.869 0.797 0.790 0.853 1.086 1.688 3.073 5.630 8.634 10.535 11.463 11.760 11.782 11.713 11.508 11.211 10.847 10.459 10.044 9.601 9.203 8.905 8.754 8.753 8.893 9.141 9.467 9.849 10.298 10.853 11.506 11.947 12.182 12.249 12.195 12.050 11.894 11.823 11.967 12.521 13.573 15.035 16.725
0.000 0.000 0.000 0.000 0.000 0.000 0.000 0.001 0.005 0.010 0.021 0.039 0.073 0.125 0.201 0.305 0.449 0.651 0.939 1.348 1.778 2.023 2.116 2.149 2.154 2.146 2.120 2.073 2.005 1.917 1.803 1.657 1.464 1.209 0.984 0.863 0.833 0.871 1.072 1.651 3.034 5.672 9.049 11.270 12.236 12.433 12.392 12.203 11.851 11.416 10.989 10.582 10.170 9.761 9.363 9.030 8.817 8.733 8.760 8.861 9.012 9.211 9.473 9.838 10.253 10.462 10.499 10.398 10.212 10.011 9.871 9.874 10.177 10.896 12.029 13.497 15.207
0.000 0.000 0.000 0.000 0.000 0.000 0.000 0.001 0.002 0.005 0.012 0.026 0.054 0.103 0.179 0.287 0.436 0.642 0.936 1.357 1.924 2.408 2.620 2.656 2.652 2.630 2.584 2.512 2.415 2.299 2.156 1.979 1.745 1.432 1.131 0.944 0.878 0.893 1.049 1.569 2.897 5.548 9.132 11.601 12.713 12.884 12.766 12.457 12.000 11.473 11.018 10.616 10.236 9.867 9.492 9.139 8.873 8.712 8.637 8.610 8.610 8.612 8.641 8.731 8.846 8.859 8.776 8.629 8.465 8.331 8.266 8.361 8.760 9.533 10.646 12.036 13.649
0.000 0.000 0.000 0.000 0.000 0.000 0.000 0.000 0.001 0.002 0.004 0.011 0.026 0.059 0.122 0.222 0.367 0.568 0.856 1.281 1.888 2.613 3.097 3.244 3.238 3.196 3.123 3.021 2.892 2.742 2.568 2.353 2.076 1.713 1.330 1.063 0.943 0.934 1.049 1.485 2.671 5.221 8.923 11.602 12.881 13.108 12.938 12.541 12.013 11.464 10.998 10.605 10.248 9.913 9.581 9.242 8.930 8.697 8.533 8.402 8.275 8.131 7.973 7.827 7.704 7.564 7.392 7.219 7.073 6.986 6.976 7.120 7.524 8.240 9.249 10.504 11.931
0.000 0.000 0.000 0.000 0.000 0.000 0.000 0.000 0.000 0.001 0.001 0.003 0.008 0.021 0.052 0.111 0.213 0.369 0.613 1.007 1.644 2.558 3.386 3.786 3.847 3.812 3.729 3.598 3.437 3.254 3.042 2.789 2.472 2.070 1.612 1.261 1.069 1.024 1.097 1.462 2.468 4.740 8.396 11.340 12.814 13.137 12.971 12.542 11.970 11.400 10.938 10.558 10.221 9.913 9.619 9.314 8.991 8.685 8.439 8.225 8.004 7.755 7.470 7.168 6.883 6.614 6.358 6.140 5.977 5.882 5.875 6.012 6.353 6.934 7.757 8.800 10.001
0.000 0.000 0.000 0.000 0.000 0.000 0.000 0.000 0.000 0.000 0.000 0.001 0.002 0.006 0.016 0.038 0.079 0.151 0.282 0.559 1.154 2.233 3.472 4.181 4.380 4.376 4.316 4.199 4.032 3.825 3.583 3.298 2.948 2.518 2.012 1.587 1.314 1.214 1.245 1.533 2.387 4.313 7.686 10.795 12.436 12.925 12.839 12.455 11.858 11.246 10.790 10.444 10.151 9.872 9.611 9.334 9.026 8.699 8.382 8.082 7.780 7.455 7.097 6.710 6.321 5.953 5.616 5.333 5.118 4.976 4.919 4.985 5.214 5.626 6.253 7.116 8.177
0.000 0.000 0.000 0.000 0.000 0.000 0.000 0.000 0.000 0.000 0.000 0.000 0.001 0.002 0.006 0.014 0.028 0.055 0.109 0.251 0.664 1.693 3.266 4.364 4.794 4.863 4.839 4.763 4.631 4.440 4.190 3.886 3.520 3.078 2.558 2.081 1.740 1.577 1.564 1.765 2.482 4.072 6.912 9.945 11.683 12.349 12.412 12.170 11.626 10.991 10.509 10.175 9.960 9.767 9.559 9.308 9.022 8.711 8.364 7.992 7.607 7.225 6.818 6.376 5.921 5.482 5.074 4.721 4.442 4.235 4.102 4.060 4.148 4.406 4.873 5.582 6.501
0.000 0.000 0.000 0.000 0.000 0.000 0.000 0.000 0.000 0.000 0.000 0.000 0.001 0.002 0.005 0.010 0.018 0.033 0.062 0.137 0.395 1.199 2.803 4.282 5.010 5.257 5.303 5.276 5.200 5.067 4.858 4.563 4.199 3.768 3.264 2.783 2.411 2.195 2.145 2.273 2.816 4.039 6.167 8.817 10.589 11.432 11.636 11.546 11.176 10.611 10.055 9.688 9.509 9.428 9.341 9.210 8.982 8.687 8.333 7.930 7.486 7.048 6.594 6.110 5.607 5.116 4.657 4.247 3.906 3.632 3.420 3.276 3.235 3.345 3.642 4.141 4.832
0.000 0.000 0.000 0.000 0.000 0.000 0.000 0.000 0.000 0.000 0.000 0.000 0.001 0.003 0.006 0.011 0.019 0.033 0.058 0.118 0.292 0.866 2.219 3.945 5.015 5.504 5.687 5.740 5.734 5.676 5.544 5.319 4.999 4.604 4.146 3.709 3.363 3.139 3.061 3.125 3.471 4.302 5.776 7.838 9.415 10.268 10.549 10.556 10.398 10.009 9.435 8.974 8.771 8.768 8.827 8.890 8.834 8.623 8.273 7.867 7.410 6.930 6.432 5.915 5.361 4.821 4.320 3.869 3.477 3.145 2.868 2.650 2.505 2.472 2.577 2.804 3.072
0.000 0.000 0.000 0.000 0.000 0.000 0.000 0.000 0.000 0.000 0.000 0.000 0.002 0.005 0.010 0.018 0.030 0.047 0.075 0.134 0.281 0.689 1.675 3.331 4.785 5.580 5.942 6.128 6.219 6.235 6.185 6.058 5.843 5.549 5.189 4.839 4.572 4.401 4.321 4.318 4.457 4.903 5.817 7.241 8.529 9.269 9.529 9.552 9.496 9.271 8.845 8.317 7.987 7.930 8.062 8.292 8.439 8.402 8.156 7.770 7.327 6.848 6.348 5.807 5.190 4.592 4.053 3.567 3.131 2.747 2.421 2.146 1.913 1.749 1.671 1.641 1.575
0.000 0.000 0.000 0.000 0.000 0.000 0.000 0.000 0.000 0.000 0.000 0.001 0.004 0.010 0.021 0.038 0.060 0.088 0.128 0.194 0.328 0.640 1.343 2.636 4.273 5.444 6.052 6.409 6.638 6.746 6.770 6.720 6.603 6.424 6.185 5.928 5.737 5.617 5.568 5.565 5.611 5.780 6.200 7.018 7.978 8.573 8.807 8.852 8.837 8.703 8.405 7.920 7.492 7.294 7.316 7.517 7.790 7.906 7.837 7.589 7.209 6.744 6.249 5.686 5.012 4.364 3.805 3.302 2.836 2.410 2.038 1.709 1.396 1.122 0.907 0.732 0.580
0.000 0.000 0.000 0.000 0.000 0.000 0.000 0.000 0.000 0.000 0.001 0.003 0.008 0.021 0.045 0.082 0.126 0.176 0.237 0.319 0.452 0.705 1.214 2.160 3.649 5.098 5.988 6.534 6.934 7.179 7.290 7.301 7.262 7.170 7.011 6.816 6.667 6.561 6.501 6.498 6.521 6.599 6.776 7.159 7.745 8.171 8.355 8.394 8.392 8.306 8.072 7.669 7.221 6.916 6.797 6.845 7.022 7.178 7.228 7.151 6.906 6.499 6.011 5.440 4.766 4.104 3.531 3.017 2.537 2.078 1.649 1.254 0.886 0.582 0.376 0.248 0.170
0.000 0.000 0.000 0.000 0.000 0.000 0.000 0.000 0.000 0.000 0.001 0.005 0.016 0.044 0.096 0.170 0.251 0.332 0.421 0.526 0.665 0.876 1.261 1.980 3.181 4.668 5.769 6.506 7.072 7.491 7.730 7.809 7.821 7.785 7.686 7.528 7.392 7.289 7.202 7.166 7.153 7.171 7.239 7.398 7.685 7.953 8.086 8.116 8.105 8.027 7.822 7.481 7.049 6.709 6.489 6.387 6.365 6.390 6.400 6.380 6.228 5.891 5.411 4.840 4.214 3.601 3.040 2.527 2.040 1.565 1.115 0.719 0.415 0.229 0.131 0.081 0.055
0.000 0.000 0.000 0.000 0.000 0.000 0.000 0.000 0.000 0.001 0.003 0.010 0.033 0.091 0.194 0.328 0.453 0.572 0.693 0.828 0.981 1.171 1.458 2.010 2.977 4.309 5.476 6.367 7.084 7.644 8.023 8.224 8.281 8.259 8.207 8.082 7.951 7.828 7.715 7.632 7.563 7.531 7.544 7.600 7.734 7.858 7.929 7.945 7.915 7.818 7.623 7.311 6.904 6.552 6.281 6.069 5.897 5.749 5.599 5.444 5.237 4.901 4.414 3.825 3.230 2.666 2.130 1.633 1.184 0.793 0.482 0.266 0.136 0.073 0.044 0.030 0.024
0.000 0.000 0.000 0.000 0.000 0.000 0.000 0.000 0.000 0.001 0.005 0.020 0.067 0.178 0.360 0.565 0.737 0.902 1.069 1.241 1.419 1.609 1.841 2.240 3.003 4.125 5.265 6.216 7.032 7.699 8.176 8.491 8.607 8.602 8.576 8.468 8.360 8.249 8.123 7.976 7.825 7.738 7.710 7.715 7.769 7.808 7.812 7.794 7.749 7.641 7.438 7.130 6.749 6.383 6.078 5.801 5.527 5.235 4.908 4.529 4.113 3.647 3.088 2.474 1.905 1.418 1.007 0.671 0.417 0.242 0.132 0.069 0.038 0.024 0.017 0.014 0.013
0.000 0.000 0.000 0.000 0.000 0.000 0.000 0.000 0.000 0.001 0.007 0.032 0.112 0.295 0.583 0.872 1.100 1.327 1.554 1.774 1.986 2.196 2.416 2.720 3.257 4.129 5.192 6.153 6.991 7.704 8.245 8.622 8.804 8.833 8.816 8.745 8.654 8.540 8.399 8.209 7.994 7.843 7.764 7.762 7.780 7.781 7.746 7.680 7.595 7.467 7.244 6.941 6.577 6.194 5.858 5.532 5.179 4.757 4.246 3.638 2.981 2.363 1.802 1.310 0.899 0.580 0.351 0.199 0.108 0.058 0.031 0.018 0.012 0.010 0.009 0.008 0.008
0.000 0.000 0.000 0.000 0.000 0.000 0.000 0.000 0.000 0.001 0.008 0.035 0.132 0.366 0.745 1.179 1.532 1.848 2.152 2.431 2.684 2.922 3.157 3.422 3.799 4.397 5.243 6.165 6.992 7.702 8.268 8.666 8.896 8.955 8.965 8.926 8.854 8.744 8.594 8.372 8.094 7.886 7.776 7.752 7.752 7.736 7.667 7.549 7.395 7.233 7.019 6.723 6.349 5.897 5.433 5.007 4.550 3.997 3.306 2.517 1.792 1.254 0.859 0.559 0.338 0.189 0.099 0.049 0.025 0.014 0.009 0.007 0.006 0.006 0.005 0.005 0.005
0.000 0.000 0.000 0.000 0.000 0.000 0.000 0.000 0.000 0.001 0.007 0.033 0.131 0.387 0.827 1.396 1.964 2.452 2.862 3.218 3.522 3.791 4.043 4.296 4.585 4.984 5.567 6.313 7.081 7.755 8.315 8.708 8.959 9.042 9.059 9.029 8.976 8.864 8.711 8.477 8.163 7.907 7.762 7.689 7.652 7.617 7.528 7.371 7.141 6.866 6.584 6.253 5.789 5.162 4.429 3.773 3.126 2.450 1.753 1.161 0.756 0.483 0.300 0.179 0.100 0.051 0.024 0.011 0.006 0.004 0.004 0.003 0.003 0.003 0.003 0.003 0.003
0.000 0.000 0.000 0.000 0.000 0.000 0.000 0.000 0.000 0.001 0.006 0.028 0.119 0.377 0.859 1.533 2.310 3.061 3.672 4.143 4.513 4.817 5.079 5.319 5.560 5.829 6.195 6.701 7.315 7.908 8.408 8.772 9.020 9.115 9.130 9.099 9.040 8.912 8.748 8.517 8.207 7.900 7.695 7.545 7.434 7.336 7.211 7.014 6.726 6.337 5.876 5.356 4.683 3.780 2.800 2.019 1.415 0.934 0.577 0.346 0.208 0.125 0.076 0.045 0.025 0.012 0.005 0.003 0.002 0.002 0.002 0.002 0.002 0.002 0.002 0.002 0.002
0.000 0.000 0.000 0.000 0.000 0.000 0.001 0.001 0.001 0.002 0.004 0.020 0.093 0.340 0.854 1.629 2.564 3.559 4.433 5.128 5.637 5.997 6.268 6.490 6.682 6.855 7.062 7.355 7.752 8.201 8.593 8.881 9.082 9.179 9.194 9.148 9.062 8.928 8.756 8.525 8.227 7.885 7.584 7.329 7.110 6.895 6.668 6.393 6.037 5.550 4.924 4.168 3.267 2.303 1.482 0.893 0.507 0.274 0.144 0.079 0.045 0.027 0.016 0.010 0.005 0.003 0.001 0.001 0.001 0.001 0.000 0.000 0.000 0.000 0.000 0.000 0.000
0.000 0.000 0.000 0.000 0.001 0.001 0.002 0.002 0.002 0.002 0.004 0.015 0.071 0.293 0.829 1.693 2.758 3.917 5.012 5.936 6.636 7.130 7.463 7.709 7.886 8.000 8.091 8.206 8.386 8.636 8.874 9.061 9.187 9.222 9.210 9.153 9.049 8.911 8.738 8.505 8.205 7.845 7.459 7.067 6.706 6.344 5.967 5.550 5.078 4.484 3.757 2.935 2.081 1.311 0.733 0.370 0.173 0.078 0.035 0.017 0.009 0.005 0.003 0.002 0.001 0.001 0.000 0.000 0.000 0.000 0.000 0.000 0.000 0.000 0.000 0.000 0.000
0.000 0.000 0.001 0.001 0.002 0.002 0.003 0.002 0.002 0.002 0.004 0.014 0.065 0.276 0.823 1.747 2.907 4.138 5.375 6.515 7.434 8.092 8.523 8.809 8.987 9.076 9.119 9.148 9.180 9.224 9.271 9.282 9.285 9.233 9.184 9.122 9.006 8.847 8.660 8.426 8.122 7.738 7.282 6.769 6.261 5.761 5.257 4.722 4.148 3.499 2.754 1.964 1.254 0.702 0.340 0.147 0.059 0.023 0.009 0.004 0.002 0.001 0.001 0.001 0.000 0.000 0.000 0.000 0.000 0.000 0.000 0.000 0.000 0.000 0.000 0.000 0.000
0.001 0.002 0.002 0.003 0.003 0.004 0.003 0.003 0.003 0.003 0.004 0.014 0.065 0.285 0.860 1.828 3.023 4.251 5.525 6.833 7.967 8.829 9.412 9.759 9.933 10.000 10.018 9.977 9.912 9.793 9.660 9.487 9.332 9.160 9.023 8.923 8.807 8.663 8.481 8.253 7.950 7.559 7.054 6.458 5.824 5.220 4.632 4.032 3.406 2.727 1.991 1.292 0.733 0.356 0.149 0.057 0.020 0.007 0.002 0.001 0.001 0.000 0.000 0.000 0.000 0.000 0.000 0.000 0.000 0.000 0.000 0.000 0.000 0.000 0.000 0.000 0.000
0.003 0.004 0.004 0.005 0.005 0.004 0.004 0.003 0.003 0.003 0.005 0.015 0.075 0.332 0.962 1.951 3.100 4.282 5.546 6.944 8.274 9.349 10.082 10.511 10.697 10.731 10.723 10.640 10.464 10.209 9.920 9.583 9.272 8.958 8.685 8.493 8.353 8.220 8.072 7.881 7.604 7.235 6.726 6.089 5.382 4.703 4.060 3.421 2.767 2.076 1.393 0.817 0.406 0.169 0.061 0.020 0.006 0.002 0.001 0.000 0.000 0.000 0.000 0.000 0.000 0.000 0.000 0.000 0.000 0.000 0.000 0.000 0.000 0.000 0.000 0.000 0.000
0.006 0.007 0.007 0.006 0.006 0.005 0.004 0.004 0.004 0.004 0.007 0.022 0.103 0.414 1.085 2.045 3.121 4.273 5.533 6.941 8.383 9.613 10.497 11.004 11.203 11.238 11.203 11.067 10.801 10.454 10.054 9.605 9.140 8.624 8.173 7.859 7.658 7.488 7.334 7.161 6.936 6.633 6.200 5.608 4.905 4.181 3.498 2.838 2.171 1.498 0.905 0.464 0.197 0.071 0.022 0.007 0.002 0.001 0.000 0.000 0.000 0.000 0.000 0.000 0.000 0.000 0.000 0.000 0.000 0.000 0.000 0.000 0.000 0.000 0.000 0.000 0.000
0.009 0.009 0.008 0.008 0.006 0.006 0.005 0.005 0.005 0.006 0.010 0.028 0.121 0.460 1.139 2.068 3.095 4.216 5.462 6.861 8.341 9.644 10.621 11.192 11.443 11.472 11.409 11.241 10.927 10.524 10.046 9.483 8.863 8.172 7.545 7.073 6.735 6.485 6.284 6.093 5.908 5.693 5.395 4.935 4.325 3.633 2.921 2.230 1.557 0.955 0.500 0.216 0.078 0.024 0.007 0.002 0.001 0.000 0.000 0.000 0.000 0.000 0.000 0.000 0.000 0.000 0.000 0.000 0.000 0.000 0.000 0.000 0.000 0.000 0.000 0.000 0.000
