RESULTS/r.avaflow_results/33_results/33_ascii/33_hflow10052.asc
ncols 506
nrows 317
xllcenter 498237.50
yllcenter 5580050.00
cellsize 12.50
NODATA_value -9999.000
[rows 170 to 203 of 317, columns 77 to 153 of 506]
0.000 0.000 0.000 0.000 0.000 0.000 0.000 0.000 0.000 0.000 0.000 0.001 0.002 0.004 0.007 0.013 0.019 0.024 0.027 0.030 0.033 0.037 0.048 0.081 0.151 0.224 0.253 0.256 0.251 0.242 0.227 0.207 0.179 0.145 0.119 0.105 0.101 0.101 0.107 0.116 0.122 0.125 0.133 0.174 0.308 0.559 0.862 1.166 1.488 1.902 2.506 3.471 4.780 5.913 6.467 6.574 6.515 6.498 6.510 6.498 6.455 6.304 5.996 5.553 5.016 4.381 3.727 3.145 2.634 2.186 1.800 1.476 1.212 0.996 0.819 0.673 0.554
0.000 0.000 0.000 0.000 0.000 0.000 0.000 0.000 0.001 0.001 0.002 0.005 0.008 0.016 0.026 0.040 0.054 0.066 0.076 0.085 0.093 0.107 0.139 0.202 0.290 0.346 0.358 0.354 0.343 0.327 0.304 0.273 0.229 0.186 0.159 0.147 0.146 0.151 0.165 0.185 0.206 0.232 0.297 0.485 0.879 1.406 1.908 2.392 2.932 3.619 4.489 5.488 6.425 6.988 7.152 7.088 6.957 6.882 6.826 6.752 6.637 6.425 6.094 5.643 5.090 4.439 3.773 3.181 2.666 2.218 1.839 1.524 1.264 1.045 0.862 0.709 0.584
0.000 0.000 0.000 0.000 0.000 0.000 0.000 0.001 0.002 0.005 0.008 0.014 0.025 0.042 0.063 0.087 0.112 0.137 0.162 0.185 0.209 0.245 0.310 0.395 0.461 0.482 0.480 0.470 0.454 0.430 0.397 0.352 0.291 0.240 0.212 0.204 0.206 0.219 0.248 0.294 0.363 0.487 0.750 1.263 2.034 2.794 3.436 4.087 4.844 5.652 6.407 7.038 7.452 7.594 7.543 7.399 7.246 7.118 6.998 6.871 6.707 6.472 6.134 5.676 5.121 4.466 3.802 3.214 2.704 2.264 1.892 1.575 1.308 1.080 0.892 0.734 0.605
0.000 0.000 0.000 0.000 0.000 0.000 0.001 0.003 0.006 0.012 0.020 0.032 0.053 0.081 0.114 0.149 0.189 0.234 0.282 0.330 0.382 0.450 0.540 0.611 0.635 0.634 0.625 0.609 0.586 0.554 0.509 0.447 0.369 0.310 0.281 0.274 0.281 0.308 0.369 0.479 0.689 1.085 1.746 2.700 3.752 4.612 5.329 6.023 6.704 7.322 7.811 8.094 8.166 8.067 7.842 7.616 7.440 7.272 7.119 6.951 6.757 6.501 6.150 5.689 5.132 4.478 3.822 3.244 2.741 2.307 1.932 1.609 1.335 1.103 0.911 0.751 0.619
0.000 0.000 0.000 0.000 0.000 0.000 0.001 0.005 0.010 0.018 0.031 0.050 0.078 0.117 0.165 0.220 0.283 0.353 0.431 0.511 0.597 0.691 0.771 0.809 0.815 0.810 0.796 0.775 0.744 0.701 0.642 0.563 0.466 0.395 0.362 0.356 0.368 0.418 0.542 0.794 1.303 2.187 3.428 4.705 5.770 6.571 7.201 7.738 8.196 8.560 8.787 8.847 8.737 8.456 8.064 7.772 7.569 7.389 7.216 7.024 6.805 6.525 6.157 5.691 5.130 4.483 3.837 3.266 2.765 2.331 1.953 1.627 1.350 1.117 0.922 0.760 0.626
0.000 0.000 0.000 0.000 0.000 0.000 0.002 0.006 0.012 0.022 0.037 0.060 0.094 0.142 0.205 0.286 0.385 0.498 0.617 0.731 0.842 0.938 0.997 1.018 1.019 1.014 0.999 0.972 0.933 0.877 0.802 0.704 0.586 0.493 0.442 0.430 0.442 0.511 0.709 1.171 2.123 3.661 5.376 6.666 7.604 8.301 8.786 9.119 9.371 9.514 9.546 9.454 9.189 8.747 8.250 7.890 7.643 7.461 7.285 7.086 6.845 6.548 6.163 5.684 5.120 4.484 3.843 3.273 2.773 2.338 1.957 1.631 1.354 1.122 0.927 0.764 0.628
0.000 0.000 0.000 0.000 0.000 0.000 0.002 0.006 0.012 0.023 0.039 0.064 0.102 0.157 0.234 0.334 0.465 0.631 0.824 0.987 1.110 1.198 1.244 1.259 1.261 1.255 1.238 1.206 1.157 1.088 0.996 0.876 0.729 0.601 0.522 0.495 0.503 0.574 0.799 1.383 2.662 4.779 6.887 8.273 9.182 9.770 10.076 10.224 10.308 10.290 10.178 9.932 9.525 8.974 8.422 8.003 7.715 7.525 7.352 7.154 6.906 6.584 6.170 5.677 5.108 4.472 3.836 3.267 2.766 2.330 1.950 1.626 1.350 1.119 0.925 0.762 0.626
0.000 0.000 0.000 0.000 0.000 0.000 0.002 0.006 0.012 0.023 0.039 0.064 0.104 0.165 0.249 0.362 0.514 0.716 0.981 1.230 1.392 1.486 1.533 1.550 1.552 1.544 1.523 1.484 1.423 1.337 1.225 1.080 0.898 0.724 0.607 0.557 0.556 0.615 0.833 1.443 2.895 5.449 8.019 9.603 10.512 10.958 11.096 11.125 11.077 10.911 10.649 10.269 9.763 9.159 8.588 8.131 7.808 7.598 7.419 7.216 6.950 6.603 6.167 5.658 5.075 4.426 3.794 3.230 2.732 2.299 1.921 1.601 1.329 1.102 0.913 0.754 0.620
0.000 0.000 0.000 0.000 0.000 0.000 0.002 0.005 0.011 0.021 0.036 0.062 0.103 0.166 0.255 0.374 0.536 0.758 1.063 1.426 1.686 1.817 1.881 1.902 1.904 1.894 1.865 1.813 1.735 1.628 1.491 1.318 1.099 0.868 0.702 0.619 0.603 0.643 0.839 1.435 2.929 5.726 8.815 10.680 11.576 11.880 11.904 11.830 11.653 11.336 10.956 10.490 9.939 9.334 8.763 8.288 7.948 7.712 7.499 7.262 6.972 6.593 6.141 5.607 4.999 4.333 3.708 3.156 2.667 2.240 1.871 1.558 1.297 1.078 0.896 0.742 0.612
0.000 0.000 0.000 0.000 0.000 0.000 0.001 0.004 0.008 0.016 0.029 0.052 0.094 0.160 0.252 0.375 0.541 0.770 1.089 1.529 1.970 2.215 2.304 2.331 2.332 2.315 2.273 2.199 2.097 1.965 1.799 1.594 1.338 1.043 0.815 0.685 0.646 0.666 0.828 1.379 2.854 5.737 9.244 11.452 12.370 12.556 12.514 12.325 12.008 11.571 11.094 10.594 10.071 9.514 8.956 8.477 8.114 7.842 7.589 7.305 6.974 6.552 6.067 5.506 4.865 4.199 3.586 3.047 2.573 2.159 1.805 1.509 1.265 1.058 0.883 0.734 0.606
0.000 0.000 0.000 0.000 0.000 0.000 0.001 0.002 0.004 0.008 0.016 0.034 0.069 0.132 0.226 0.356 0.529 0.762 1.086 1.539 2.127 2.615 2.822 2.853 2.847 2.815 2.750 2.651 2.518 2.354 2.157 1.918 1.618 1.260 0.958 0.766 0.690 0.691 0.806 1.273 2.654 5.556 9.328 11.824 12.902 13.041 12.914 12.607 12.159 11.653 11.138 10.647 10.163 9.674 9.162 8.686 8.300 7.985 7.682 7.353 6.975 6.507 5.971 5.369 4.691 4.032 3.438 2.919 2.467 2.078 1.747 1.471 1.239 1.043 0.875 0.728 0.603
0.000 0.000 0.000 0.000 0.000 0.000 0.000 0.001 0.001 0.003 0.006 0.014 0.033 0.076 0.157 0.282 0.454 0.686 1.006 1.463 2.096 2.835 3.315 3.452 3.443 3.393 3.303 3.172 3.003 2.804 2.572 2.294 1.950 1.534 1.152 0.883 0.751 0.728 0.800 1.158 2.344 5.118 9.094 11.843 13.120 13.311 13.108 12.712 12.192 11.643 11.131 10.650 10.206 9.776 9.328 8.880 8.468 8.111 7.770 7.407 6.988 6.489 5.917 5.266 4.558 3.903 3.320 2.814 2.382 2.013 1.702 1.441 1.220 1.031 0.867 0.724 0.602
0.000 0.000 0.000 0.000 0.000 0.000 0.000 0.000 0.000 0.001 0.002 0.004 0.010 0.027 0.066 0.144 0.273 0.461 0.741 1.170 1.842 2.791 3.620 4.001 4.047 4.006 3.908 3.754 3.556 3.320 3.049 2.729 2.344 1.881 1.423 1.071 0.865 0.802 0.839 1.113 2.060 4.517 8.520 11.581 13.076 13.359 13.160 12.722 12.156 11.577 11.079 10.630 10.224 9.836 9.447 9.041 8.624 8.229 7.845 7.462 7.015 6.491 5.892 5.213 4.490 3.831 3.247 2.744 2.318 1.960 1.664 1.414 1.202 1.020 0.862 0.723 0.602
0.000 0.000 0.000 0.000 0.000 0.000 0.000 0.000 0.000 0.000 0.001 0.001 0.003 0.007 0.020 0.048 0.101 0.190 0.345 0.656 1.303 2.451 3.719 4.406 4.569 4.547 4.471 4.340 4.146 3.891 3.586 3.233 2.815 2.320 1.804 1.377 1.086 0.961 0.963 1.164 1.925 3.983 7.739 11.027 12.702 13.158 13.049 12.645 12.045 11.430 10.928 10.520 10.165 9.822 9.498 9.148 8.761 8.357 7.937 7.515 7.042 6.501 5.884 5.200 4.474 3.809 3.218 2.706 2.274 1.917 1.626 1.386 1.183 1.009 0.858 0.724 0.607
0.000 0.000 0.000 0.000 0.000 0.000 0.000 0.000 0.000 0.000 0.000 0.001 0.001 0.003 0.007 0.017 0.035 0.068 0.131 0.288 0.738 1.853 3.511 4.602 4.986 5.019 4.976 4.880 4.719 4.488 4.185 3.815 3.380 2.872 2.319 1.836 1.472 1.273 1.231 1.354 1.963 3.615 6.859 10.181 11.984 12.626 12.649 12.371 11.808 11.156 10.611 10.231 9.983 9.755 9.498 9.193 8.853 8.477 8.050 7.582 7.075 6.519 5.893 5.210 4.483 3.813 3.215 2.692 2.248 1.882 1.588 1.351 1.156 0.995 0.857 0.734 0.624
0.000 0.000 0.000 0.000 0.000 0.000 0.000 0.000 0.000 0.000 0.000 0.000 0.001 0.003 0.006 0.012 0.022 0.040 0.072 0.153 0.429 1.302 3.026 4.521 5.209 5.402 5.409 5.361 5.262 5.095 4.839 4.486 4.055 3.554 2.994 2.488 2.081 1.819 1.731 1.792 2.227 3.469 5.967 8.985 10.867 11.696 11.871 11.752 11.339 10.723 10.103 9.711 9.511 9.413 9.310 9.148 8.892 8.556 8.152 7.675 7.138 6.562 5.931 5.256 4.526 3.841 3.228 2.693 2.236 1.854 1.546 1.305 1.118 0.974 0.856 0.748 0.642
0.000 0.000 0.000 0.000 0.000 0.000 0.000 0.000 0.000 0.000 0.000 0.000 0.001 0.003 0.007 0.014 0.024 0.039 0.068 0.131 0.316 0.933 2.392 4.173 5.217 5.659 5.789 5.805 5.770 5.688 5.522 5.240 4.849 4.378 3.847 3.355 2.954 2.670 2.541 2.556 2.826 3.684 5.427 7.846 9.605 10.503 10.757 10.731 10.516 10.064 9.442 8.947 8.734 8.734 8.805 8.872 8.802 8.569 8.197 7.743 7.222 6.652 6.018 5.350 4.619 3.908 3.271 2.714 2.239 1.839 1.511 1.256 1.069 0.939 0.839 0.739 0.626
0.000 0.000 0.000 0.000 0.000 0.000 0.000 0.000 0.000 0.000 0.000 0.001 0.003 0.006 0.013 0.023 0.036 0.054 0.085 0.149 0.305 0.740 1.796 3.524 4.975 5.742 6.058 6.197 6.255 6.240 6.157 5.983 5.703 5.328 4.878 4.440 4.090 3.839 3.698 3.663 3.773 4.231 5.305 7.079 8.607 9.416 9.661 9.669 9.581 9.325 8.873 8.320 7.975 7.912 8.050 8.312 8.477 8.430 8.167 7.754 7.279 6.757 6.168 5.513 4.761 4.014 3.352 2.770 2.265 1.837 1.486 1.211 1.009 0.866 0.749 0.628 0.477
0.000 0.000 0.000 0.000 0.000 0.000 0.000 0.000 0.000 0.000 0.000 0.002 0.006 0.013 0.026 0.046 0.070 0.100 0.143 0.214 0.357 0.687 1.426 2.774 4.442 5.599 6.169 6.476 6.663 6.731 6.724 6.645 6.481 6.240 5.921 5.575 5.301 5.114 5.013 4.978 4.986 5.117 5.618 6.712 7.944 8.647 8.894 8.939 8.911 8.776 8.470 7.989 7.553 7.352 7.378 7.603 7.908 8.030 7.951 7.681 7.284 6.797 6.247 5.613 4.843 4.073 3.416 2.839 2.318 1.855 1.467 1.160 0.913 0.706 0.518 0.348 0.204
0.000 0.000 0.000 0.000 0.000 0.000 0.000 0.000 0.000 0.000 0.001 0.004 0.011 0.027 0.056 0.097 0.145 0.197 0.261 0.350 0.492 0.757 1.283 2.254 3.784 5.239 6.098 6.599 6.960 7.162 7.235 7.226 7.154 7.011 6.792 6.522 6.291 6.127 6.045 6.026 6.034 6.078 6.234 6.735 7.594 8.188 8.431 8.495 8.482 8.414 8.203 7.840 7.400 7.083 6.965 7.030 7.233 7.396 7.440 7.347 7.083 6.667 6.142 5.533 4.802 4.054 3.413 2.848 2.328 1.841 1.401 1.023 0.699 0.429 0.237 0.123 0.060
0.000 0.000 0.000 0.000 0.000 0.000 0.000 0.000 0.000 0.000 0.002 0.007 0.021 0.056 0.119 0.202 0.285 0.368 0.458 0.570 0.717 0.935 1.327 2.054 3.279 4.788 5.856 6.546 7.076 7.465 7.677 7.734 7.719 7.655 7.506 7.290 7.082 6.924 6.827 6.782 6.769 6.789 6.859 7.035 7.483 7.964 8.194 8.259 8.251 8.196 8.043 7.770 7.372 7.014 6.781 6.674 6.658 6.681 6.691 6.655 6.484 6.142 5.641 5.055 4.407 3.747 3.146 2.599 2.082 1.573 1.090 0.672 0.361 0.175 0.083 0.039 0.019
0.000 0.000 0.000 0.000 0.000 0.000 0.000 0.000 0.000 0.001 0.003 0.013 0.043 0.116 0.242 0.386 0.510 0.627 0.749 0.886 1.043 1.235 1.520 2.072 3.052 4.400 5.528 6.378 7.065 7.607 7.974 8.152 8.176 8.149 8.048 7.881 7.699 7.540 7.417 7.326 7.268 7.251 7.270 7.349 7.551 7.859 8.070 8.137 8.133 8.087 7.958 7.722 7.379 7.007 6.704 6.464 6.267 6.092 5.925 5.761 5.549 5.209 4.717 4.128 3.516 2.928 2.359 1.815 1.312 0.862 0.496 0.250 0.115 0.053 0.026 0.013 0.007
0.000 0.000 0.000 0.000 0.000 0.000 0.000 0.000 0.000 0.001 0.006 0.026 0.087 0.228 0.448 0.656 0.822 0.982 1.145 1.313 1.489 1.675 1.901 2.291 3.053 4.181 5.289 6.219 6.998 7.644 8.108 8.415 8.513 8.511 8.437 8.303 8.147 8.002 7.859 7.718 7.599 7.531 7.516 7.544 7.634 7.812 7.986 8.072 8.081 8.039 7.914 7.690 7.377 7.007 6.654 6.322 5.988 5.646 5.278 4.877 4.461 4.013 3.466 2.830 2.213 1.661 1.176 0.776 0.469 0.256 0.127 0.060 0.028 0.015 0.008 0.005 0.003
0.000 0.000 0.000 0.000 0.000 0.000 0.000 0.000 0.000 0.001 0.008 0.038 0.139 0.364 0.703 0.996 1.217 1.435 1.651 1.860 2.064 2.264 2.474 2.762 3.291 4.164 5.200 6.143 6.944 7.629 8.152 8.531 8.702 8.728 8.693 8.599 8.474 8.344 8.188 7.987 7.796 7.668 7.625 7.639 7.686 7.782 7.891 7.993 8.039 8.003 7.878 7.664 7.364 6.982 6.578 6.177 5.741 5.244 4.671 4.025 3.364 2.730 2.129 1.572 1.092 0.705 0.418 0.228 0.115 0.055 0.026 0.013 0.007 0.005 0.003 0.002 0.002
0.000 0.000 0.000 0.000 0.000 0.000 0.000 0.000 0.000 0.001 0.009 0.040 0.158 0.438 0.874 1.320 1.673 1.982 2.270 2.534 2.772 2.993 3.213 3.461 3.822 4.410 5.243 6.149 6.947 7.623 8.162 8.570 8.800 8.863 8.846 8.803 8.712 8.588 8.429 8.205 7.938 7.743 7.653 7.652 7.689 7.741 7.781 7.824 7.875 7.885 7.795 7.585 7.259 6.791 6.241 5.714 5.165 4.519 3.747 2.898 2.110 1.496 1.044 0.690 0.419 0.229 0.114 0.053 0.024 0.011 0.006 0.004 0.003 0.002 0.001 0.001 0.001
0.000 0.000 0.000 0.000 0.000 0.000 0.000 0.000 0.000 0.001 0.008 0.037 0.155 0.453 0.947 1.541 2.108 2.598 3.000 3.336 3.620 3.864 4.093 4.323 4.592 4.974 5.543 6.283 7.021 7.655 8.188 8.597 8.843 8.933 8.928 8.905 8.834 8.734 8.575 8.353 8.043 7.793 7.654 7.608 7.620 7.638 7.625 7.565 7.504 7.455 7.351 7.110 6.672 6.004 5.160 4.382 3.628 2.837 2.039 1.360 0.886 0.575 0.363 0.217 0.119 0.058 0.025 0.010 0.005 0.003 0.002 0.001 0.001 0.001 0.001 0.001 0.001
0.000 0.000 0.000 0.000 0.000 0.000 0.000 0.001 0.001 0.002 0.006 0.029 0.133 0.431 0.966 1.671 2.445 3.188 3.797 4.261 4.609 4.885 5.122 5.337 5.555 5.810 6.158 6.651 7.252 7.812 8.278 8.641 8.895 9.002 9.000 8.973 8.911 8.801 8.641 8.425 8.114 7.817 7.620 7.499 7.435 7.374 7.294 7.149 6.944 6.678 6.355 5.929 5.279 4.336 3.233 2.322 1.614 1.054 0.645 0.385 0.232 0.141 0.086 0.051 0.027 0.012 0.005 0.002 0.001 0.001 0.001 0.001 0.001 0.000 0.000 0.000 0.000
0.000 0.000 0.000 0.000 0.000 0.001 0.001 0.001 0.002 0.002 0.004 0.018 0.096 0.370 0.934 1.748 2.688 3.662 4.517 5.199 5.702 6.049 6.294 6.492 6.664 6.818 7.002 7.278 7.670 8.097 8.462 8.743 8.931 9.041 9.058 9.027 8.956 8.830 8.670 8.451 8.154 7.825 7.544 7.315 7.136 6.956 6.752 6.501 6.148 5.654 5.035 4.314 3.479 2.526 1.637 0.986 0.556 0.294 0.151 0.081 0.046 0.028 0.017 0.010 0.005 0.002 0.001 0.001 0.000 0.000 0.000 0.000 0.000 0.000 0.000 0.000 0.000
0.000 0.000 0.000 0.001 0.001 0.002 0.002 0.002 0.002 0.002 0.004 0.013 0.068 0.300 0.877 1.790 2.866 3.994 5.056 5.959 6.646 7.123 7.442 7.658 7.816 7.913 7.984 8.088 8.267 8.506 8.728 8.914 9.026 9.093 9.070 9.024 8.953 8.818 8.645 8.427 8.144 7.810 7.445 7.078 6.749 6.423 6.059 5.651 5.148 4.525 3.791 2.988 2.170 1.393 0.788 0.398 0.184 0.081 0.035 0.016 0.008 0.005 0.003 0.002 0.001 0.000 0.000 0.000 0.000 0.000 0.000 0.000 0.000 0.000 0.000 0.000 0.000
0.000 0.001 0.001 0.002 0.003 0.003 0.003 0.003 0.003 0.003 0.004 0.012 0.059 0.273 0.853 1.824 2.995 4.191 5.387 6.496 7.390 8.020 8.434 8.684 8.835 8.912 8.955 8.991 9.022 9.058 9.108 9.137 9.126 9.095 9.036 8.991 8.909 8.767 8.597 8.387 8.097 7.749 7.322 6.833 6.343 5.858 5.361 4.834 4.242 3.569 2.805 2.013 1.305 0.739 0.360 0.155 0.061 0.023 0.008 0.003 0.002 0.001 0.001 0.000 0.000 0.000 0.000 0.000 0.000 0.000 0.000 0.000 0.000 0.000 0.000 0.000 0.000
0.002 0.002 0.003 0.004 0.004 0.004 0.004 0.003 0.003 0.003 0.004 0.012 0.059 0.277 0.878 1.887 3.088 4.277 5.509 6.780 7.872 8.684 9.228 9.548 9.709 9.772 9.786 9.762 9.696 9.578 9.454 9.305 9.164 9.011 8.874 8.796 8.715 8.603 8.454 8.259 7.973 7.613 7.140 6.560 5.941 5.337 4.750 4.149 3.506 2.806 2.054 1.344 0.769 0.375 0.156 0.058 0.020 0.006 0.002 0.001 0.001 0.000 0.000 0.000 0.000 0.000 0.000 0.000 0.000 0.000 0.000 0.000 0.000 0.000 0.000 0.000 0.000
0.005 0.005 0.005 0.006 0.006 0.005 0.004 0.004 0.004 0.004 0.004 0.013 0.065 0.316 0.970 1.995 3.143 4.294 5.525 6.878 8.142 9.153 9.845 10.238 10.411 10.459 10.444 10.364 10.198 9.951 9.695 9.402 9.129 8.821 8.552 8.389 8.283 8.186 8.081 7.920 7.662 7.326 6.851 6.234 5.541 4.843 4.191 3.542 2.873 2.166 1.462 0.861 0.426 0.175 0.062 0.020 0.006 0.002 0.001 0.000 0.000 0.000 0.000 0.000 0.000 0.000 0.000 0.000 0.000 0.000 0.000 0.000 0.000 0.000 0.000 0.000 0.000
0.008 0.008 0.008 0.007 0.006 0.005 0.005 0.004 0.004 0.004 0.006 0.018 0.090 0.400 1.103 2.089 3.150 4.267 5.499 6.866 8.226 9.393 10.237 10.734 10.934 10.962 10.921 10.787 10.539 10.202 9.810 9.378 8.963 8.495 8.075 7.784 7.606 7.474 7.368 7.217 7.013 6.744 6.340 5.772 5.078 4.338 3.643 2.973 2.291 1.594 0.965 0.490 0.203 0.070 0.021 0.006 0.002 0.001 0.000 0.000 0.000 0.000 0.000 0.000 0.000 0.000 0.000 0.000 0.000 0.000 0.000 0.000 0.000 0.000 0.000 0.000 0.000
0.011 0.011 0.010 0.009 0.007 0.006 0.005 0.005 0.005 0.006 0.009 0.024 0.109 0.453 1.166 2.112 3.111 4.188 5.404 6.762 8.159 9.417 10.343 10.934 11.178 11.209 11.142 10.960 10.668 10.294 9.813 9.267 8.685 8.050 7.457 7.012 6.707 6.494 6.334 6.167 6.002 5.815 5.544 5.106 4.502 3.802 3.078 2.376 1.681 1.035 0.534 0.223 0.075 0.022 0.006 0.002 0.000 0.000 0.000 0.000 0.000 0.000 0.000 0.000 0.000 0.000 0.000 0.000 0.000 0.000 0.000 0.000 0.000 0.000 0.000 0.000 0.000
