RESULTS/r.avaflow_results/33_results/33_ascii/33_hflow_max0002.asc
ncols 506
nrows 317
xllcenter 498237.50
yllcenter 5580050.00
cellsize 12.50
NODATA_value -9999.000
[rows 204 to 237 of 317, columns 77 to 153 of 506]
0.000 0.000 0.000 0.000 0.000 0.000 0.000 0.000 0.000 0.000 0.001 0.018 0.139 0.653 1.963 3.982 5.654 6.784 7.493 7.767 7.764 7.609 7.396 7.070 6.963 7.003 7.346 7.887 8.441 8.849 9.144 9.244 9.225 9.103 8.859 8.536 8.127 7.636 7.139 6.556 6.051 5.732 5.467 5.163 4.825 4.399 3.857 3.091 1.994 0.934 0.347 0.104 0.026 0.006 0.001 0.000 0.000 0.000 0.000 0.000 0.000 0.000 0.000 0.000 0.000 0.000 0.000 0.000 0.000 0.000 0.000 0.000 0.000 0.000 0.000 0.000 0.000
0.000 0.000 0.000 0.000 0.000 0.000 0.000 0.000 0.000 0.000 0.001 0.013 0.118 0.657 2.146 4.412 6.113 7.214 7.871 8.125 8.098 7.846 7.394 6.903 6.758 6.984 7.462 7.980 8.473 8.927 9.327 9.528 9.547 9.518 9.299 8.964 8.606 8.127 7.577 7.027 6.530 6.110 5.741 5.343 4.915 4.400 3.747 2.770 1.516 0.644 0.224 0.065 0.017 0.004 0.001 0.000 0.000 0.000 0.000 0.000 0.000 0.000 0.000 0.000 0.000 0.000 0.000 0.000 0.000 0.000 0.000 0.000 0.000 0.000 0.000 0.000 0.000
0.000 0.000 0.000 0.000 0.000 0.000 0.000 0.000 0.000 0.001 0.003 0.013 0.100 0.640 2.322 4.844 6.578 7.629 8.247 8.513 8.500 8.171 7.483 6.898 6.992 7.313 7.807 8.290 8.769 9.193 9.547 9.792 9.890 9.954 9.770 9.426 8.988 8.546 8.000 7.422 6.931 6.462 5.974 5.438 4.885 4.276 3.480 2.342 1.151 0.451 0.147 0.042 0.011 0.003 0.001 0.000 0.000 0.000 0.000 0.000 0.000 0.000 0.000 0.000 0.000 0.000 0.000 0.000 0.000 0.000 0.000 0.000 0.000 0.000 0.000 0.000 0.000
0.000 0.000 0.000 0.000 0.000 0.000 0.000 0.000 0.001 0.002 0.006 0.019 0.096 0.618 2.488 5.290 7.137 8.205 8.768 8.956 8.907 8.536 7.735 7.258 7.465 7.897 8.353 8.728 9.161 9.619 9.887 10.118 10.247 10.316 10.209 9.953 9.535 9.047 8.503 7.945 7.414 6.799 6.081 5.411 4.741 4.045 3.155 1.902 0.844 0.313 0.100 0.029 0.008 0.002 0.000 0.000 0.000 0.000 0.000 0.000 0.000 0.000 0.000 0.000 0.000 0.000 0.000 0.000 0.000 0.000 0.000 0.000 0.000 0.000 0.000 0.000 0.000
0.000 0.000 0.000 0.000 0.000 0.000 0.000 0.001 0.002 0.006 0.014 0.036 0.116 0.607 2.637 5.806 7.779 8.855 9.374 9.546 9.453 8.970 8.173 7.716 7.886 8.342 8.913 9.376 9.759 10.213 10.491 10.681 10.767 10.700 10.536 10.319 10.022 9.585 9.032 8.459 7.830 6.974 6.034 5.290 4.605 3.811 2.730 1.436 0.596 0.212 0.069 0.021 0.006 0.002 0.000 0.000 0.000 0.000 0.000 0.000 0.000 0.000 0.000 0.000 0.000 0.000 0.000 0.000 0.000 0.000 0.000 0.000 0.000 0.000 0.000 0.000 0.000
0.000 0.000 0.000 0.000 0.000 0.000 0.001 0.002 0.006 0.014 0.032 0.072 0.175 0.650 2.749 6.312 8.369 9.443 9.968 10.132 10.105 9.613 8.736 8.390 8.502 8.942 9.618 10.332 10.766 11.070 11.257 11.301 11.298 11.193 11.060 10.787 10.434 10.014 9.487 8.869 8.050 7.051 6.068 5.245 4.476 3.507 2.190 1.033 0.412 0.147 0.049 0.015 0.005 0.001 0.000 0.000 0.000 0.000 0.000 0.000 0.000 0.000 0.000 0.000 0.000 0.000 0.000 0.000 0.000 0.000 0.000 0.000 0.000 0.000 0.000 0.000 0.000
0.000 0.000 0.000 0.000 0.000 0.001 0.002 0.006 0.014 0.031 0.066 0.137 0.289 0.772 2.839 6.626 8.831 9.885 10.604 10.884 10.935 10.555 9.710 9.308 9.388 9.828 10.587 11.464 11.975 12.214 12.278 12.141 11.955 11.743 11.642 11.388 11.023 10.550 9.963 9.277 8.363 7.312 6.316 5.422 4.446 3.068 1.657 0.738 0.287 0.103 0.035 0.011 0.003 0.001 0.000 0.000 0.000 0.000 0.000 0.000 0.000 0.000 0.000 0.000 0.000 0.000 0.000 0.000 0.000 0.000 0.000 0.000 0.000 0.000 0.000 0.000 0.000
0.000 0.000 0.000 0.000 0.001 0.003 0.007 0.015 0.032 0.066 0.131 0.249 0.479 1.025 3.001 6.746 9.057 10.263 11.172 11.805 12.007 11.814 11.217 10.779 10.756 11.120 11.869 12.777 13.514 13.741 13.709 13.454 13.017 12.632 12.405 12.188 11.873 11.333 10.587 9.795 9.004 8.075 7.033 5.824 4.248 2.518 1.225 0.520 0.203 0.073 0.024 0.007 0.002 0.000 0.000 0.000 0.000 0.000 0.000 0.000 0.000 0.000 0.000 0.000 0.000 0.000 0.000 0.000 0.000 0.000 0.000 0.000 0.000 0.000 0.000 0.000 0.000
0.000 0.000 0.001 0.002 0.004 0.009 0.017 0.035 0.070 0.135 0.248 0.437 0.766 1.418 3.340 6.864 9.305 10.746 12.000 12.998 13.691 13.866 13.692 13.362 13.082 13.257 13.948 14.769 15.660 16.066 15.885 15.495 14.846 14.260 13.853 13.560 13.122 12.557 11.887 11.297 10.577 9.496 8.075 6.163 3.743 1.941 0.885 0.364 0.141 0.050 0.016 0.004 0.001 0.000 0.000 0.000 0.000 0.000 0.000 0.000 0.000 0.000 0.000 0.000 0.000 0.000 0.000 0.000 0.000 0.000 0.000 0.000 0.000 0.000 0.000 0.000 0.000
0.000 0.001 0.003 0.006 0.012 0.023 0.043 0.081 0.149 0.267 0.452 0.735 1.176 1.950 3.843 7.137 9.685 11.535 13.207 14.795 16.583 17.711 17.872 17.538 16.868 16.928 17.589 18.576 19.517 19.947 19.763 19.287 18.213 17.338 16.781 16.376 15.822 15.502 15.175 14.622 13.524 11.597 9.349 5.980 3.123 1.439 0.612 0.238 0.086 0.028 0.008 0.002 0.000 0.000 0.000 0.000 0.000 0.000 0.000 0.000 0.000 0.000 0.000 0.000 0.000 0.000 0.000 0.000 0.000 0.000 0.000 0.000 0.000 0.000 0.000 0.000 0.000
0.001 0.003 0.008 0.017 0.033 0.059 0.103 0.180 0.309 0.506 0.783 1.166 1.723 2.632 4.479 7.632 10.516 13.018 15.617 17.834 19.685 20.902 20.842 20.131 20.000 20.000 20.249 21.417 22.455 23.071 22.811 22.165 20.704 20.000 20.000 20.000 20.000 20.000 20.000 20.000 20.000 20.000 10.499 5.607 2.555 1.045 0.400 0.137 0.043 0.012 0.003 0.001 0.000 0.000 0.000 0.000 0.000 0.000 0.000 0.000 0.000 0.000 0.000 0.000 0.000 0.000 0.000 0.000 0.000 0.000 0.000 0.000 0.000 0.000 0.000 0.000 0.000
0.004 0.010 0.021 0.043 0.082 0.142 0.235 0.384 0.613 0.920 1.302 1.783 2.460 3.558 5.479 8.738 12.988 16.105 18.744 20.686 20.925 20.967 21.159 20.652 20.120 20.000 20.265 20.960 22.252 22.962 23.190 22.729 21.432 20.399 20.049 20.127 20.648 20.798 20.312 20.661 20.000 20.000 11.217 5.425 2.158 0.740 0.231 0.064 0.016 0.004 0.001 0.000 0.000 0.000 0.000 0.000 0.000 0.000 0.000 0.000 0.000 0.000 0.000 0.000 0.000 0.000 0.000 0.000 0.000 0.000 0.000 0.000 0.000 0.000 0.000 0.000 0.000
0.010 0.024 0.051 0.101 0.185 0.313 0.501 0.772 1.141 1.585 2.102 2.721 3.591 5.048 7.496 11.426 16.365 20.000 20.000 20.609 21.039 20.663 20.000 20.000 20.000 20.073 20.171 20.354 20.994 21.563 21.658 21.344 20.437 20.000 20.000 20.056 20.000 20.000 20.005 20.071 20.000 20.000 20.000 5.304 1.709 0.460 0.102 0.021 0.005 0.001 0.000 0.000 0.000 0.000 0.000 0.000 0.000 0.000 0.000 0.000 0.000 0.000 0.000 0.000 0.000 0.000 0.000 0.000 0.000 0.000 0.000 0.000 0.000 0.000 0.000 0.000 0.000
0.025 0.055 0.114 0.218 0.390 0.646 0.995 1.442 1.982 2.607 3.355 4.313 5.706 8.220 11.714 15.446 20.000 20.282 20.262 20.492 20.250 20.525 20.265 20.000 20.362 20.000 20.000 20.378 21.058 21.271 21.297 20.984 20.364 20.335 20.004 20.379 20.340 20.132 20.114 20.083 20.000 20.000 20.000 4.333 1.016 0.184 0.032 0.006 0.001 0.000 0.000 0.000 0.000 0.000 0.000 0.000 0.000 0.000 0.000 0.000 0.000 0.000 0.000 0.000 0.000 0.000 0.000 0.000 0.000 0.000 0.000 0.000 0.000 0.000 0.000 0.000 0.000
0.056 0.119 0.238 0.444 0.771 1.240 1.839 2.532 3.306 4.263 5.480 7.541 10.340 15.000 20.000 20.000 20.000 20.246 20.272 20.205 20.209 20.616 20.214 20.000 20.200 20.179 20.171 20.570 21.085 21.154 21.211 21.031 20.492 20.456 20.241 20.064 20.000 20.000 20.000 20.000 20.000 20.000 6.338 1.747 0.316 0.048 0.008 0.001 0.000 0.000 0.000 0.000 0.000 0.000 0.000 0.000 0.000 0.000 0.000 0.000 0.000 0.000 0.000 0.000 0.000 0.000 0.000 0.000 0.000 0.000 0.000 0.000 0.000 0.000 0.000 0.000 0.000
0.119 0.243 0.469 0.850 1.429 2.211 3.182 4.273 5.476 7.361 10.234 15.000 20.000 20.000 20.000 20.000 20.168 20.097 20.322 20.256 20.103 20.432 20.215 20.046 20.290 20.004 20.000 20.375 20.605 20.676 20.551 21.021 20.658 20.392 20.011 20.596 20.166 20.000 20.000 20.000 20.000 5.878 1.733 0.390 0.069 0.010 0.001 0.000 0.000 0.000 0.000 0.000 0.000 0.000 0.000 0.000 0.000 0.000 0.000 0.000 0.000 0.000 0.000 0.000 0.000 0.000 0.000 0.000 0.000 0.000 0.000 0.000 0.000 0.000 0.000 0.000 0.000
0.237 0.466 0.867 1.516 2.468 3.712 5.240 7.139 10.190 15.000 20.000 20.000 20.000 20.261 20.375 20.494 20.386 20.071 20.137 20.000 20.000 20.184 20.021 20.000 20.555 20.000 20.350 20.128 20.644 20.192 20.333 20.787 20.439 20.508 20.190 20.076 20.000 20.000 20.000 7.530 3.537 1.344 0.383 0.082 0.014 0.002 0.000 0.000 0.000 0.000 0.000 0.000 0.000 0.000 0.000 0.000 0.000 0.000 0.000 0.000 0.000 0.000 0.000 0.000 0.000 0.000 0.000 0.000 0.000 0.000 0.000 0.000 0.000 0.000 0.000 0.000 0.000
0.447 0.846 1.509 2.521 3.964 5.986 10.000 15.000 20.000 20.000 20.000 20.310 20.237 20.031 20.045 20.000 20.109 20.233 20.089 20.000 20.337 20.086 20.005 20.023 20.245 20.000 20.019 20.047 20.098 20.000 20.130 20.162 20.000 20.064 20.000 20.000 20.000 20.000 6.023 2.220 0.803 0.276 0.079 0.017 0.003 0.000 0.000 0.000 0.000 0.000 0.000 0.000 0.000 0.000 0.000 0.000 0.000 0.000 0.000 0.000 0.000 0.000 0.000 0.000 0.000 0.000 0.000 0.000 0.000 0.000 0.000 0.000 0.000 0.000 0.000 0.000 0.000
0.798 1.450 2.460 3.928 5.959 10.000 20.000 20.000 20.000 20.180 20.228 20.158 20.488 20.244 20.127 20.078 20.080 20.451 20.000 20.000 20.000 20.029 20.025 20.241 20.238 20.000 20.154 20.194 20.000 20.000 20.168 20.014 20.000 20.000 20.000 20.000 7.712 4.121 1.788 0.627 0.203 0.062 0.017 0.004 0.001 0.000 0.000 0.000 0.000 0.000 0.000 0.000 0.000 0.000 0.000 0.000 0.000 0.000 0.000 0.000 0.000 0.000 0.000 0.000 0.000 0.000 0.000 0.000 0.000 0.000 0.000 0.000 0.000 0.000 0.000 0.000 0.000
1.345 2.319 3.753 5.780 8.689 15.000 20.000 20.242 20.167 20.320 20.472 20.260 20.493 20.000 20.483 20.015 20.018 20.142 20.000 20.100 20.000 20.000 20.029 20.201 20.315 20.000 20.000 20.000 20.000 20.000 20.000 20.000 20.000 20.000 7.981 4.793 2.559 1.171 0.474 0.164 0.050 0.014 0.004 0.001 0.000 0.000 0.000 0.000 0.000 0.000 0.000 0.000 0.000 0.000 0.000 0.000 0.000 0.000 0.000 0.000 0.000 0.000 0.000 0.000 0.000 0.000 0.000 0.000 0.000 0.000 0.000 0.000 0.000 0.000 0.000 0.000 0.000
2.116 3.431 5.324 8.174 15.000 20.000 20.081 20.218 20.153 20.118 20.178 20.390 20.125 20.392 20.108 20.000 20.000 20.009 20.000 20.000 20.000 20.000 20.000 20.008 20.000 20.000 20.000 20.000 20.000 20.000 20.000 20.000 20.000 6.378 2.815 1.420 0.698 0.296 0.109 0.036 0.011 0.003 0.001 0.000 0.000 0.000 0.000 0.000 0.000 0.000 0.000 0.000 0.000 0.000 0.000 0.000 0.000 0.000 0.000 0.000 0.000 0.000 0.000 0.000 0.000 0.000 0.000 0.000 0.000 0.000 0.000 0.000 0.000 0.000 0.000 0.000 0.000
3.089 4.745 7.101 10.699 20.000 20.000 20.297 20.294 20.290 20.385 20.343 20.454 20.373 20.426 20.149 20.048 20.210 20.197 20.171 20.171 20.010 20.382 20.029 20.094 20.097 20.222 20.202 20.145 20.000 20.000 20.000 8.464 4.522 2.079 0.882 0.385 0.161 0.062 0.022 0.007 0.002 0.001 0.000 0.000 0.000 0.000 0.000 0.000 0.000 0.000 0.000 0.000 0.000 0.000 0.000 0.000 0.000 0.000 0.000 0.000 0.000 0.000 0.000 0.000 0.000 0.000 0.000 0.000 0.000 0.000 0.000 0.000 0.000 0.000 0.000 0.000 0.000
4.226 6.243 9.195 15.000 20.000 20.358 20.235 20.334 20.421 20.388 20.427 20.220 20.385 20.266 20.564 20.056 20.297 20.189 20.157 20.576 20.467 20.179 20.055 20.000 20.000 20.000 20.000 20.000 20.000 20.000 6.895 3.331 1.516 0.655 0.256 0.095 0.034 0.012 0.004 0.001 0.001 0.000 0.000 0.000 0.000 0.000 0.000 0.000 0.000 0.000 0.000 0.000 0.000 0.000 0.000 0.000 0.000 0.000 0.000 0.000 0.000 0.000 0.000 0.000 0.000 0.000 0.000 0.000 0.000 0.000 0.000 0.000 0.000 0.000 0.000 0.000 0.000
5.538 8.147 15.000 20.000 20.000 20.247 20.266 20.523 20.652 20.484 20.375 20.225 20.417 20.063 20.129 20.183 20.204 20.279 20.519 20.176 20.000 20.029 20.000 20.000 20.000 20.000 20.000 20.000 7.780 4.646 2.452 1.156 0.504 0.198 0.071 0.023 0.008 0.002 0.001 0.000 0.000 0.000 0.000 0.000 0.000 0.000 0.000 0.000 0.000 0.000 0.000 0.000 0.000 0.000 0.000 0.000 0.000 0.000 0.000 0.000 0.000 0.000 0.000 0.000 0.000 0.000 0.000 0.000 0.000 0.000 0.000 0.000 0.000 0.000 0.000 0.000 0.000
7.252 15.000 20.000 20.000 20.166 20.112 20.344 20.412 20.383 20.314 20.366 20.334 20.477 20.071 20.142 20.333 20.398 20.148 20.313 20.225 20.155 20.153 20.000 20.000 20.000 20.000 8.347 4.923 2.802 1.516 0.777 0.361 0.151 0.056 0.019 0.006 0.002 0.001 0.000 0.000 0.000 0.000 0.000 0.000 0.000 0.000 0.000 0.000 0.000 0.000 0.000 0.000 0.000 0.000 0.000 0.000 0.000 0.000 0.000 0.000 0.000 0.000 0.000 0.000 0.000 0.000 0.000 0.000 0.000 0.000 0.000 0.000 0.000 0.000 0.000 0.000 0.000
10.000 20.000 20.000 20.326 20.213 20.194 20.091 20.295 20.302 20.256 20.352 20.201 20.351 20.244 20.129 20.278 20.225 20.121 20.173 20.117 20.296 20.180 20.000 20.000 20.000 6.708 3.475 1.838 0.973 0.489 0.230 0.101 0.040 0.014 0.005 0.001 0.000 0.000 0.000 0.000 0.000 0.000 0.000 0.000 0.000 0.000 0.000 0.000 0.000 0.000 0.000 0.000 0.000 0.000 0.000 0.000 0.000 0.000 0.000 0.000 0.000 0.000 0.000 0.000 0.000 0.000 0.000 0.000 0.000 0.000 0.000 0.000 0.000 0.000 0.000 0.000 0.000
15.000 20.000 20.331 20.197 20.102 20.258 20.236 20.236 20.276 20.261 20.350 20.088 20.155 20.287 20.141 20.345 20.200 20.113 20.000 20.030 20.000 20.000 20.000 8.539 5.193 2.853 1.473 0.750 0.363 0.166 0.070 0.027 0.010 0.003 0.001 0.000 0.000 0.000 0.000 0.000 0.000 0.000 0.000 0.000 0.000 0.000 0.000 0.000 0.000 0.000 0.000 0.000 0.000 0.000 0.000 0.000 0.000 0.000 0.000 0.000 0.000 0.000 0.000 0.000 0.000 0.000 0.000 0.000 0.000 0.000 0.000 0.000 0.000 0.000 0.000 0.000 0.000
20.000 20.158 20.296 20.236 20.055 20.178 20.166 20.515 20.205 20.226 20.223 20.125 20.093 20.061 20.079 20.294 20.000 20.075 20.000 20.000 20.000 20.000 7.183 4.051 2.222 1.237 0.663 0.330 0.152 0.063 0.024 0.008 0.003 0.001 0.000 0.000 0.000 0.000 0.000 0.000 0.000 0.000 0.000 0.000 0.000 0.000 0.000 0.000 0.000 0.000 0.000 0.000 0.000 0.000 0.000 0.000 0.000 0.000 0.000 0.000 0.000 0.000 0.000 0.000 0.000 0.000 0.000 0.000 0.000 0.000 0.000 0.000 0.000 0.000 0.000 0.000 0.000
20.000 20.240 20.000 20.000 20.237 20.069 20.482 20.456 20.151 20.068 20.280 20.192 20.000 20.026 20.026 20.135 20.070 20.000 20.000 20.000 8.053 5.455 3.299 1.844 1.035 0.584 0.315 0.154 0.068 0.027 0.009 0.003 0.001 0.000 0.000 0.000 0.000 0.000 0.000 0.000 0.000 0.000 0.000 0.000 0.000 0.000 0.000 0.000 0.000 0.000 0.000 0.000 0.000 0.000 0.000 0.000 0.000 0.000 0.000 0.000 0.000 0.000 0.000 0.000 0.000 0.000 0.000 0.000 0.000 0.000 0.000 0.000 0.000 0.000 0.000 0.000 0.000
20.360 20.221 20.140 20.289 20.291 20.341 20.173 20.198 20.300 20.000 20.506 20.379 20.000 20.000 20.000 20.000 20.000 20.000 9.154 6.280 4.043 2.495 1.511 0.883 0.507 0.286 0.151 0.071 0.030 0.011 0.004 0.001 0.000 0.000 0.000 0.000 0.000 0.000 0.000 0.000 0.000 0.000 0.000 0.000 0.000 0.000 0.000 0.000 0.000 0.000 0.000 0.000 0.000 0.000 0.000 0.000 0.000 0.000 0.000 0.000 0.000 0.000 0.000 0.000 0.000 0.000 0.000 0.000 0.000 0.000 0.000 0.000 0.000 0.000 0.000 0.000 0.000
20.000 20.140 20.278 20.429 20.410 20.491 20.347 20.190 20.109 20.000 20.040 20.279 20.155 20.127 20.000 20.000 20.000 8.111 5.134 3.229 2.034 1.257 0.756 0.443 0.253 0.138 0.070 0.031 0.012 0.004 0.001 0.000 0.000 0.000 0.000 0.000 0.000 0.000 0.000 0.000 0.000 0.000 0.000 0.000 0.000 0.000 0.000 0.000 0.000 0.000 0.000 0.000 0.000 0.000 0.000 0.000 0.000 0.000 0.000 0.000 0.000 0.000 0.000 0.000 0.000 0.000 0.000 0.000 0.000 0.000 0.000 0.000 0.000 0.000 0.000 0.000 0.000
20.064 20.361 20.185 20.361 20.474 20.487 20.350 20.192 20.183 20.076 20.087 20.000 20.000 20.000 20.000 9.512 6.897 4.564 2.870 1.785 1.106 0.680 0.408 0.235 0.128 0.065 0.030 0.012 0.005 0.001 0.000 0.000 0.000 0.000 0.000 0.000 0.000 0.000 0.000 0.000 0.000 0.000 0.000 0.000 0.000 0.000 0.000 0.000 0.000 0.000 0.000 0.000 0.000 0.000 0.000 0.000 0.000 0.000 0.000 0.000 0.000 0.000 0.000 0.000 0.000 0.000 0.000 0.000 0.000 0.000 0.000 0.000 0.000 0.000 0.000 0.000 0.000
20.093 20.347 20.115 20.303 20.612 20.559 20.416 20.109 20.162 20.025 20.000 20.000 20.000 20.000 8.224 5.669 3.814 2.505 1.595 0.986 0.601 0.363 0.213 0.118 0.060 0.028 0.012 0.004 0.001 0.000 0.000 0.000 0.000 0.000 0.000 0.000 0.000 0.000 0.000 0.000 0.000 0.000 0.000 0.000 0.000 0.000 0.000 0.000 0.000 0.000 0.000 0.000 0.000 0.000 0.000 0.000 0.000 0.000 0.000 0.000 0.000 0.000 0.000 0.000 0.000 0.000 0.000 0.000 0.000 0.000 0.000 0.000 0.000 0.000 0.000 0.000 0.000
20.000 20.232 20.462 20.324 20.349 20.327 20.151 20.062 20.000 20.000 20.000 20.000 8.958 6.719 4.712 3.170 2.084 1.322 0.813 0.487 0.289 0.170 0.098 0.053 0.026 0.011 0.004 0.001 0.000 0.000 0.000 0.000 0.000 0.000 0.000 0.000 0.000 0.000 0.000 0.000 0.000 0.000 0.000 0.000 0.000 0.000 0.000 0.000 0.000 0.000 0.000 0.000 0.000 0.000 0.000 0.000 0.000 0.000 0.000 0.000 0.000 0.000 0.000 0.000 0.000 0.000 0.000 0.000 0.000 0.000 0.000 0.000 0.000 0.000 0.000 0.000 0.000
