RESULTS/r.avaflow_results/33_results/33_ascii/33_hflow0038.asc
ncols 506
nrows 317
xllcenter 498237.50
yllcenter 5580050.00
cellsize 12.50
NODATA_value -9999.000
[rows 170 to 203 of 317, columns 77 to 153 of 506]
0.000 0.000 0.000 0.000 0.000 0.000 0.000 0.000 0.000 0.000 0.000 0.000 0.001 0.001 0.003 0.005 0.008 0.011 0.013 0.015 0.017 0.019 0.027 0.048 0.090 0.140 0.171 0.190 0.205 0.219 0.229 0.234 0.235 0.234 0.235 0.245 0.271 0.301 0.315 0.314 0.296 0.252 0.224 0.225 0.288 0.437 0.646 0.875 1.136 1.491 2.031 2.910 4.164 5.345 6.052 6.391 6.654 7.050 7.611 8.341 9.272 10.371 11.607 12.747 13.516 13.935 14.069 14.052 13.830 13.417 12.874 12.137 11.309 10.642 10.171 9.813 9.540
0.000 0.000 0.000 0.000 0.000 0.000 0.000 0.000 0.000 0.000 0.000 0.001 0.003 0.006 0.011 0.016 0.023 0.029 0.036 0.041 0.047 0.057 0.079 0.119 0.177 0.225 0.250 0.267 0.283 0.296 0.305 0.309 0.310 0.310 0.315 0.335 0.379 0.426 0.446 0.445 0.422 0.384 0.377 0.455 0.687 1.056 1.460 1.871 2.348 2.974 3.809 4.827 5.823 6.496 6.845 7.046 7.285 7.644 8.171 8.877 9.777 10.851 12.062 13.111 13.780 14.103 14.161 14.058 13.795 13.428 13.010 12.584 12.267 12.156 12.184 12.270 12.437
0.000 0.000 0.000 0.000 0.000 0.000 0.000 0.000 0.000 0.001 0.002 0.005 0.009 0.016 0.025 0.036 0.048 0.062 0.077 0.092 0.109 0.136 0.179 0.238 0.293 0.325 0.344 0.360 0.376 0.389 0.398 0.403 0.405 0.406 0.415 0.445 0.506 0.572 0.609 0.620 0.616 0.622 0.718 1.014 1.540 2.162 2.746 3.340 4.058 4.891 5.699 6.393 6.897 7.181 7.353 7.518 7.744 8.072 8.551 9.210 10.072 11.112 12.268 13.238 13.849 14.104 14.127 14.059 13.912 13.754 13.662 13.690 13.825 14.015 14.255 14.685 15.421
0.000 0.000 0.000 0.000 0.000 0.000 0.000 0.000 0.001 0.002 0.006 0.011 0.019 0.031 0.045 0.063 0.084 0.109 0.138 0.171 0.209 0.259 0.326 0.386 0.422 0.442 0.458 0.475 0.490 0.503 0.512 0.517 0.520 0.523 0.534 0.571 0.643 0.733 0.809 0.870 0.941 1.095 1.451 2.089 2.941 3.738 4.449 5.165 5.893 6.563 7.110 7.472 7.659 7.742 7.792 7.889 8.083 8.389 8.828 9.441 10.255 11.238 12.309 13.197 13.751 13.989 14.098 14.209 14.348 14.540 14.716 14.876 15.052 15.285 15.675 16.425 17.664
0.000 0.000 0.000 0.000 0.000 0.000 0.000 0.000 0.002 0.005 0.010 0.019 0.032 0.049 0.071 0.098 0.131 0.171 0.220 0.276 0.343 0.420 0.494 0.542 0.566 0.583 0.599 0.615 0.629 0.641 0.649 0.654 0.657 0.659 0.670 0.710 0.789 0.910 1.060 1.234 1.476 1.935 2.708 3.754 4.798 5.644 6.318 6.891 7.394 7.811 8.110 8.252 8.293 8.259 8.170 8.182 8.335 8.608 9.015 9.579 10.325 11.205 12.140 12.950 13.519 13.885 14.200 14.526 14.845 15.114 15.298 15.445 15.637 15.968 16.568 17.561 19.000
0.000 0.000 0.000 0.000 0.000 0.000 0.000 0.000 0.002 0.006 0.013 0.025 0.041 0.066 0.098 0.140 0.191 0.253 0.326 0.414 0.510 0.603 0.671 0.712 0.736 0.754 0.770 0.785 0.798 0.808 0.813 0.815 0.814 0.811 0.815 0.844 0.925 1.078 1.326 1.689 2.231 3.139 4.466 5.783 6.771 7.479 7.969 8.313 8.590 8.784 8.888 8.892 8.837 8.695 8.497 8.413 8.496 8.729 9.100 9.606 10.255 10.990 11.772 12.532 13.222 13.785 14.245 14.633 14.966 15.217 15.380 15.525 15.736 16.143 16.890 17.990 19.392
0.000 0.000 0.000 0.000 0.000 0.000 0.000 0.000 0.002 0.007 0.014 0.027 0.047 0.077 0.119 0.176 0.251 0.347 0.463 0.590 0.710 0.808 0.874 0.916 0.942 0.962 0.978 0.992 1.002 1.007 1.009 1.004 0.991 0.972 0.957 0.968 1.038 1.207 1.518 2.028 2.861 4.260 6.112 7.543 8.469 9.029 9.321 9.459 9.556 9.582 9.536 9.424 9.262 9.047 8.790 8.621 8.610 8.779 9.098 9.527 10.072 10.665 11.305 12.018 12.833 13.540 14.058 14.424 14.699 14.880 14.981 15.095 15.301 15.769 16.611 17.765 19.137
0.000 0.000 0.000 0.000 0.000 0.000 0.000 0.000 0.002 0.007 0.014 0.027 0.049 0.082 0.130 0.197 0.292 0.422 0.596 0.791 0.940 1.047 1.120 1.167 1.197 1.216 1.230 1.241 1.245 1.245 1.240 1.223 1.191 1.140 1.092 1.084 1.132 1.294 1.632 2.223 3.243 5.029 7.336 8.947 9.862 10.269 10.382 10.382 10.326 10.189 10.018 9.815 9.580 9.324 9.044 8.818 8.725 8.798 9.020 9.352 9.772 10.231 10.765 11.423 12.239 12.922 13.371 13.641 13.788 13.839 13.831 13.860 14.013 14.497 15.431 16.714 18.181
0.000 0.000 0.000 0.000 0.000 0.000 0.000 0.000 0.002 0.006 0.014 0.026 0.048 0.083 0.134 0.206 0.311 0.462 0.679 0.964 1.197 1.337 1.427 1.480 1.511 1.527 1.536 1.540 1.537 1.526 1.508 1.474 1.416 1.323 1.226 1.192 1.215 1.350 1.686 2.318 3.432 5.447 8.165 10.013 10.921 11.193 11.183 11.072 10.871 10.599 10.346 10.088 9.814 9.537 9.256 8.991 8.834 8.811 8.908 9.100 9.364 9.688 10.101 10.636 11.311 11.819 12.110 12.223 12.199 12.079 11.940 11.881 12.031 12.592 13.644 15.088 16.745
0.000 0.000 0.000 0.000 0.000 0.000 0.000 0.000 0.001 0.005 0.011 0.023 0.044 0.079 0.132 0.207 0.315 0.475 0.712 1.059 1.453 1.695 1.807 1.866 1.894 1.905 1.906 1.899 1.883 1.858 1.820 1.764 1.676 1.530 1.370 1.294 1.293 1.397 1.714 2.357 3.502 5.586 8.582 10.713 11.652 11.826 11.753 11.535 11.191 10.830 10.526 10.243 9.966 9.696 9.423 9.135 8.920 8.815 8.805 8.846 8.930 9.063 9.264 9.581 10.000 10.262 10.354 10.305 10.156 9.987 9.877 9.906 10.231 10.973 12.114 13.560 15.231
0.000 0.000 0.000 0.000 0.000 0.000 0.000 0.000 0.001 0.002 0.006 0.015 0.033 0.065 0.117 0.194 0.305 0.468 0.711 1.073 1.590 2.060 2.280 2.338 2.355 2.356 2.347 2.325 2.291 2.247 2.187 2.103 1.973 1.773 1.539 1.402 1.374 1.447 1.740 2.374 3.518 5.585 8.653 11.010 12.085 12.232 12.074 11.764 11.324 10.929 10.597 10.317 10.052 9.797 9.536 9.253 8.990 8.804 8.687 8.614 8.546 8.493 8.454 8.486 8.600 8.650 8.607 8.500 8.371 8.271 8.240 8.367 8.800 9.605 10.732 12.105 13.680
0.000 0.000 0.000 0.000 0.000 0.000 0.000 0.000 0.000 0.001 0.002 0.006 0.016 0.038 0.079 0.148 0.253 0.408 0.644 1.013 1.564 2.258 2.739 2.892 2.898 2.886 2.863 2.824 2.769 2.700 2.613 2.495 2.321 2.071 1.760 1.547 1.476 1.518 1.778 2.395 3.520 5.489 8.501 11.004 12.231 12.432 12.223 11.838 11.343 10.937 10.597 10.322 10.079 9.845 9.603 9.336 9.045 8.783 8.575 8.393 8.204 7.988 7.741 7.521 7.406 7.299 7.170 7.034 6.927 6.875 6.905 7.092 7.543 8.299 9.329 10.572 11.964
0.000 0.000 0.000 0.000 0.000 0.000 0.000 0.000 0.000 0.000 0.001 0.002 0.005 0.014 0.033 0.072 0.140 0.254 0.446 0.782 1.356 2.214 3.027 3.425 3.501 3.491 3.454 3.395 3.318 3.223 3.104 2.947 2.733 2.441 2.067 1.777 1.646 1.652 1.866 2.455 3.545 5.337 8.138 10.772 12.159 12.456 12.265 11.836 11.319 10.893 10.562 10.298 10.060 9.837 9.620 9.373 9.078 8.764 8.471 8.183 7.892 7.539 7.142 6.755 6.490 6.259 6.054 5.880 5.762 5.709 5.747 5.937 6.340 6.977 7.831 8.869 10.036
0.000 0.000 0.000 0.000 0.000 0.000 0.000 0.000 0.000 0.000 0.000 0.001 0.001 0.004 0.010 0.024 0.050 0.098 0.196 0.420 0.940 1.925 3.120 3.820 4.047 4.084 4.069 4.017 3.928 3.809 3.660 3.471 3.225 2.901 2.496 2.150 1.950 1.912 2.063 2.594 3.621 5.243 7.693 10.290 11.786 12.250 12.159 11.778 11.255 10.799 10.466 10.218 10.012 9.811 9.606 9.367 9.078 8.734 8.378 8.015 7.625 7.177 6.685 6.210 5.843 5.518 5.234 5.003 4.838 4.742 4.730 4.849 5.137 5.609 6.279 7.157 8.205
0.000 0.000 0.000 0.000 0.000 0.000 0.000 0.000 0.000 0.000 0.000 0.000 0.001 0.002 0.004 0.009 0.018 0.036 0.075 0.186 0.535 1.451 2.930 4.008 4.462 4.599 4.631 4.612 4.550 4.442 4.281 4.072 3.810 3.478 3.074 2.709 2.465 2.377 2.454 2.876 3.784 5.221 7.213 9.531 11.076 11.716 11.786 11.566 11.106 10.614 10.251 10.007 9.846 9.718 9.560 9.333 9.044 8.703 8.309 7.878 7.411 6.897 6.344 5.816 5.380 4.980 4.622 4.325 4.100 3.944 3.853 3.853 3.991 4.304 4.827 5.579 6.518
0.000 0.000 0.000 0.000 0.000 0.000 0.000 0.000 0.000 0.000 0.000 0.000 0.000 0.001 0.003 0.007 0.013 0.023 0.045 0.104 0.317 1.022 2.503 3.940 4.678 4.988 5.114 5.159 5.142 5.083 4.962 4.763 4.506 4.190 3.818 3.489 3.252 3.135 3.153 3.434 4.133 5.309 6.884 8.692 10.083 10.864 11.109 11.048 10.780 10.332 9.880 9.603 9.459 9.407 9.345 9.218 8.989 8.650 8.241 7.775 7.259 6.692 6.091 5.518 5.025 4.567 4.149 3.791 3.506 3.285 3.116 3.009 3.006 3.164 3.519 4.081 4.829
0.000 0.000 0.000 0.000 0.000 0.000 0.000 0.000 0.000 0.000 0.000 0.000 0.001 0.002 0.004 0.008 0.014 0.024 0.044 0.093 0.238 0.735 1.973 3.627 4.701 5.231 5.498 5.647 5.710 5.707 5.652 5.520 5.311 5.040 4.741 4.498 4.328 4.236 4.219 4.354 4.785 5.586 6.763 8.119 9.207 9.918 10.210 10.241 10.152 9.855 9.386 8.981 8.802 8.794 8.847 8.881 8.815 8.565 8.170 7.681 7.129 6.534 5.901 5.282 4.735 4.230 3.770 3.366 3.027 2.748 2.517 2.337 2.227 2.231 2.385 2.676 2.989
0.000 0.000 0.000 0.000 0.000 0.000 0.000 0.000 0.000 0.000 0.000 0.000 0.001 0.003 0.007 0.013 0.022 0.036 0.059 0.108 0.232 0.585 1.480 3.045 4.491 5.311 5.740 6.024 6.207 6.288 6.295 6.238 6.122 5.948 5.751 5.602 5.513 5.480 5.481 5.534 5.734 6.166 6.918 7.879 8.639 9.170 9.395 9.433 9.400 9.217 8.845 8.343 8.030 7.975 8.097 8.282 8.379 8.294 7.992 7.538 6.993 6.388 5.750 5.097 4.487 3.939 3.449 3.016 2.636 2.308 2.035 1.805 1.611 1.485 1.451 1.474 1.447
0.000 0.000 0.000 0.000 0.000 0.000 0.000 0.000 0.000 0.000 0.000 0.001 0.003 0.007 0.015 0.027 0.045 0.069 0.104 0.161 0.276 0.549 1.187 2.402 4.004 5.188 5.841 6.276 6.600 6.790 6.869 6.868 6.827 6.742 6.626 6.533 6.482 6.468 6.479 6.530 6.653 6.885 7.269 7.841 8.329 8.650 8.806 8.851 8.827 8.694 8.392 7.898 7.484 7.290 7.308 7.484 7.682 7.733 7.605 7.279 6.806 6.239 5.619 4.946 4.270 3.678 3.164 2.710 2.301 1.939 1.631 1.359 1.097 0.877 0.721 0.605 0.500
0.000 0.000 0.000 0.000 0.000 0.000 0.000 0.000 0.000 0.000 0.000 0.002 0.006 0.014 0.032 0.060 0.096 0.141 0.197 0.272 0.389 0.614 1.080 1.975 3.419 4.870 5.790 6.396 6.875 7.197 7.366 7.435 7.443 7.414 7.353 7.285 7.238 7.212 7.207 7.235 7.304 7.424 7.621 7.920 8.201 8.350 8.413 8.438 8.408 8.288 8.008 7.559 7.116 6.819 6.697 6.714 6.831 6.911 6.912 6.754 6.416 5.931 5.349 4.691 4.013 3.405 2.877 2.411 1.984 1.594 1.245 0.930 0.639 0.418 0.281 0.197 0.146
0.000 0.000 0.000 0.000 0.000 0.000 0.000 0.000 0.000 0.000 0.001 0.003 0.011 0.030 0.068 0.125 0.195 0.272 0.357 0.457 0.585 0.778 1.134 1.822 2.997 4.481 5.599 6.375 7.003 7.483 7.785 7.916 7.959 7.964 7.929 7.880 7.829 7.776 7.741 7.728 7.735 7.765 7.829 7.959 8.099 8.162 8.175 8.156 8.090 7.945 7.668 7.259 6.816 6.487 6.264 6.137 6.065 6.020 5.984 5.894 5.667 5.268 4.715 4.083 3.468 2.906 2.398 1.940 1.520 1.133 0.784 0.489 0.278 0.159 0.098 0.067 0.050
0.000 0.000 0.000 0.000 0.000 0.000 0.000 0.000 0.000 0.000 0.002 0.007 0.022 0.062 0.137 0.242 0.360 0.478 0.599 0.731 0.879 1.061 1.334 1.868 2.823 4.157 5.348 6.269 7.041 7.633 8.070 8.301 8.393 8.401 8.372 8.325 8.256 8.186 8.125 8.058 7.985 7.940 7.939 7.976 8.030 8.031 8.005 7.927 7.807 7.635 7.350 6.964 6.529 6.174 5.899 5.673 5.469 5.277 5.086 4.875 4.612 4.226 3.682 3.072 2.516 2.017 1.564 1.161 0.815 0.530 0.317 0.175 0.092 0.054 0.036 0.028 0.023
0.000 0.000 0.000 0.000 0.000 0.000 0.000 0.000 0.000 0.001 0.003 0.013 0.044 0.120 0.251 0.424 0.598 0.767 0.937 1.111 1.290 1.481 1.715 2.113 2.870 3.997 5.171 6.154 7.003 7.696 8.224 8.554 8.699 8.715 8.709 8.662 8.585 8.500 8.406 8.289 8.134 8.022 7.970 7.951 7.941 7.908 7.846 7.720 7.545 7.330 7.030 6.646 6.214 5.836 5.526 5.242 4.966 4.672 4.337 3.939 3.475 2.951 2.385 1.837 1.373 0.991 0.680 0.441 0.270 0.157 0.087 0.048 0.029 0.020 0.016 0.014 0.013
0.000 0.000 0.000 0.000 0.000 0.000 0.000 0.000 0.000 0.001 0.005 0.022 0.078 0.207 0.415 0.668 0.907 1.145 1.379 1.606 1.827 2.048 2.283 2.599 3.147 4.026 5.112 6.117 6.986 7.714 8.283 8.678 8.885 8.927 8.925 8.884 8.814 8.727 8.596 8.427 8.200 8.037 7.947 7.909 7.862 7.798 7.687 7.522 7.302 7.025 6.684 6.291 5.840 5.444 5.116 4.813 4.492 4.112 3.636 3.051 2.416 1.829 1.333 0.929 0.612 0.380 0.223 0.125 0.070 0.039 0.023 0.015 0.011 0.010 0.009 0.009 0.008
0.000 0.000 0.000 0.000 0.000 0.000 0.000 0.000 0.000 0.001 0.005 0.025 0.096 0.274 0.568 0.932 1.281 1.612 1.931 2.227 2.498 2.757 3.015 3.303 3.705 4.323 5.186 6.142 7.008 7.744 8.332 8.746 8.984 9.057 9.073 9.046 8.970 8.871 8.721 8.499 8.221 8.016 7.877 7.809 7.736 7.636 7.485 7.289 7.036 6.702 6.305 5.872 5.402 4.958 4.575 4.217 3.827 3.342 2.717 2.008 1.385 0.934 0.610 0.379 0.221 0.121 0.062 0.032 0.017 0.011 0.008 0.007 0.006 0.006 0.006 0.005 0.005
0.000 0.000 0.000 0.000 0.000 0.000 0.000 0.000 0.000 0.001 0.005 0.024 0.097 0.300 0.662 1.144 1.667 2.161 2.595 2.981 3.317 3.615 3.896 4.180 4.503 4.932 5.536 6.313 7.115 7.805 8.375 8.788 9.052 9.146 9.160 9.132 9.068 8.963 8.784 8.532 8.218 7.959 7.771 7.647 7.528 7.405 7.236 7.004 6.709 6.320 5.868 5.359 4.816 4.232 3.635 3.089 2.552 1.977 1.386 0.897 0.567 0.348 0.207 0.120 0.066 0.033 0.016 0.008 0.005 0.004 0.004 0.003 0.003 0.003 0.003 0.003 0.003
0.000 0.000 0.000 0.000 0.000 0.000 0.000 0.000 0.000 0.001 0.004 0.021 0.090 0.300 0.710 1.302 2.002 2.742 3.378 3.884 4.296 4.638 4.938 5.213 5.490 5.801 6.197 6.734 7.386 7.999 8.505 8.864 9.116 9.216 9.225 9.196 9.104 8.969 8.783 8.536 8.208 7.872 7.601 7.389 7.201 7.035 6.834 6.585 6.266 5.854 5.348 4.754 4.056 3.216 2.379 1.715 1.191 0.770 0.459 0.264 0.153 0.090 0.053 0.031 0.017 0.008 0.004 0.002 0.002 0.002 0.002 0.002 0.002 0.002 0.002 0.002 0.002
0.000 0.000 0.000 0.000 0.000 0.000 0.000 0.000 0.000 0.000 0.003 0.016 0.075 0.280 0.729 1.424 2.279 3.244 4.157 4.891 5.448 5.858 6.172 6.425 6.659 6.869 7.097 7.412 7.850 8.327 8.719 8.999 9.195 9.283 9.288 9.236 9.123 8.970 8.770 8.508 8.179 7.772 7.391 7.078 6.794 6.532 6.251 5.954 5.602 5.163 4.625 3.968 3.141 2.200 1.414 0.849 0.473 0.244 0.121 0.062 0.034 0.020 0.012 0.007 0.004 0.002 0.001 0.001 0.001 0.001 0.001 0.001 0.001 0.001 0.001 0.000 0.000
0.000 0.000 0.000 0.000 0.000 0.000 0.000 0.000 0.000 0.001 0.003 0.013 0.060 0.250 0.726 1.517 2.512 3.621 4.766 5.766 6.545 7.102 7.482 7.742 7.942 8.080 8.186 8.312 8.512 8.778 9.021 9.214 9.310 9.333 9.310 9.221 9.088 8.922 8.708 8.428 8.087 7.646 7.162 6.721 6.315 5.930 5.534 5.125 4.685 4.172 3.578 2.885 2.089 1.329 0.757 0.384 0.176 0.076 0.032 0.015 0.007 0.004 0.003 0.002 0.001 0.001 0.000 0.000 0.000 0.000 0.000 0.000 0.000 0.000 0.000 0.000 0.000
0.000 0.000 0.000 0.001 0.001 0.001 0.001 0.001 0.002 0.002 0.003 0.012 0.056 0.240 0.737 1.598 2.699 3.885 5.152 6.387 7.399 8.129 8.620 8.941 9.139 9.237 9.285 9.328 9.362 9.397 9.423 9.459 9.399 9.326 9.256 9.150 8.998 8.808 8.563 8.274 7.925 7.464 6.915 6.347 5.820 5.318 4.816 4.306 3.770 3.189 2.554 1.882 1.235 0.710 0.352 0.154 0.062 0.023 0.009 0.004 0.002 0.001 0.001 0.000 0.000 0.000 0.000 0.000 0.000 0.000 0.000 0.000 0.000 0.000 0.000 0.000 0.000
0.000 0.001 0.001 0.002 0.002 0.002 0.002 0.002 0.002 0.002 0.004 0.012 0.057 0.254 0.788 1.703 2.843 4.035 5.326 6.734 7.993 8.930 9.551 9.925 10.122 10.206 10.227 10.203 10.132 10.001 9.823 9.657 9.448 9.239 9.071 8.909 8.740 8.573 8.325 8.029 7.666 7.201 6.626 5.978 5.343 4.761 4.191 3.621 3.033 2.422 1.793 1.190 0.692 0.345 0.148 0.057 0.021 0.007 0.003 0.001 0.001 0.000 0.000 0.000 0.000 0.000 0.000 0.000 0.000 0.000 0.000 0.000 0.000 0.000 0.000 0.000 0.000
0.001 0.002 0.003 0.003 0.003 0.003 0.003 0.003 0.003 0.003 0.004 0.014 0.068 0.307 0.901 1.836 2.930 4.085 5.372 6.850 8.312 9.479 10.280 10.726 10.925 10.988 10.976 10.888 10.696 10.417 10.085 9.727 9.386 9.023 8.705 8.441 8.237 8.076 7.854 7.595 7.254 6.821 6.254 5.580 4.872 4.225 3.612 3.013 2.405 1.794 1.216 0.725 0.367 0.157 0.059 0.020 0.007 0.002 0.001 0.000 0.000 0.000 0.000 0.000 0.000 0.000 0.000 0.000 0.000 0.000 0.000 0.000 0.000 0.000 0.000 0.000 0.000
0.004 0.004 0.004 0.005 0.004 0.004 0.004 0.004 0.004 0.004 0.006 0.020 0.095 0.386 1.021 1.931 2.954 4.085 5.375 6.859 8.437 9.774 10.722 11.269 11.484 11.514 11.477 11.339 11.046 10.665 10.215 9.719 9.224 8.665 8.154 7.755 7.480 7.263 7.051 6.815 6.539 6.187 5.716 5.099 4.387 3.693 3.049 2.438 1.836 1.261 0.766 0.399 0.173 0.064 0.021 0.006 0.002 0.001 0.000 0.000 0.000 0.000 0.000 0.000 0.000 0.000 0.000 0.000 0.000 0.000 0.000 0.000 0.000 0.000 0.000 0.000 0.000
0.006 0.006 0.006 0.006 0.005 0.005 0.004 0.004 0.005 0.005 0.009 0.025 0.110 0.428 1.074 1.955 2.936 4.043 5.323 6.798 8.398 9.821 10.892 11.505 11.764 11.791 11.720 11.537 11.176 10.745 10.195 9.586 8.925 8.176 7.466 6.901 6.494 6.184 5.936 5.693 5.472 5.217 4.899 4.430 3.819 3.143 2.468 1.845 1.270 0.778 0.411 0.181 0.067 0.022 0.006 0.002 0.001 0.000 0.000 0.000 0.000 0.000 0.000 0.000 0.000 0.000 0.000 0.000 0.000 0.000 0.000 0.000 0.000 0.000 0.000 0.000 0.000
