RESULTS/r.avaflow_results/33_results/33_ascii/33_hflow10037.asc
ncols 506
nrows 317
xllcenter 498237.50
yllcenter 5580050.00
cellsize 12.50
NODATA_value -9999.000
[rows 170 to 203 of 317, columns 77 to 153 of 506]
0.000 0.000 0.000 0.000 0.000 0.000 0.000 0.000 0.000 0.000 0.000 0.000 0.001 0.001 0.003 0.005 0.007 0.010 0.012 0.014 0.015 0.018 0.025 0.045 0.086 0.133 0.163 0.181 0.197 0.211 0.223 0.231 0.235 0.237 0.241 0.255 0.284 0.313 0.325 0.323 0.302 0.253 0.221 0.220 0.276 0.415 0.611 0.830 1.082 1.427 1.947 2.780 3.947 4.999 5.527 5.663 5.679 5.730 5.793 5.817 5.796 5.690 5.457 5.099 4.620 4.028 3.372 2.785 2.279 1.848 1.485 1.188 0.947 0.753 0.595 0.469 0.370
0.000 0.000 0.000 0.000 0.000 0.000 0.000 0.000 0.000 0.000 0.000 0.001 0.003 0.005 0.010 0.015 0.021 0.027 0.033 0.038 0.044 0.053 0.074 0.114 0.170 0.215 0.239 0.256 0.272 0.287 0.298 0.306 0.311 0.316 0.324 0.349 0.397 0.441 0.458 0.454 0.426 0.380 0.368 0.437 0.654 1.005 1.396 1.795 2.261 2.871 3.681 4.650 5.560 6.110 6.294 6.298 6.263 6.253 6.251 6.221 6.147 5.992 5.726 5.327 4.801 4.156 3.466 2.863 2.347 1.911 1.546 1.245 0.998 0.796 0.630 0.498 0.392
0.000 0.000 0.000 0.000 0.000 0.000 0.000 0.000 0.000 0.001 0.002 0.004 0.008 0.014 0.022 0.033 0.044 0.057 0.071 0.085 0.102 0.128 0.170 0.228 0.281 0.312 0.330 0.347 0.363 0.378 0.390 0.400 0.407 0.414 0.428 0.464 0.528 0.591 0.622 0.628 0.616 0.611 0.694 0.970 1.472 2.077 2.650 3.234 3.945 4.766 5.548 6.191 6.612 6.789 6.814 6.776 6.725 6.665 6.601 6.526 6.410 6.217 5.914 5.478 4.912 4.227 3.529 2.924 2.405 1.968 1.599 1.292 1.036 0.825 0.654 0.517 0.408
0.000 0.000 0.000 0.000 0.000 0.000 0.000 0.000 0.001 0.002 0.005 0.010 0.017 0.027 0.041 0.057 0.077 0.101 0.129 0.160 0.196 0.246 0.311 0.371 0.407 0.426 0.442 0.459 0.475 0.490 0.503 0.514 0.523 0.533 0.551 0.594 0.670 0.757 0.824 0.876 0.935 1.068 1.398 2.006 2.835 3.624 4.332 5.047 5.771 6.425 6.941 7.253 7.366 7.354 7.272 7.168 7.084 6.989 6.891 6.775 6.626 6.399 6.058 5.581 4.978 4.261 3.564 2.964 2.448 2.010 1.637 1.322 1.060 0.844 0.669 0.529 0.417
0.000 0.000 0.000 0.000 0.000 0.000 0.000 0.000 0.001 0.004 0.009 0.017 0.029 0.045 0.065 0.090 0.122 0.160 0.206 0.260 0.325 0.401 0.474 0.522 0.547 0.564 0.580 0.596 0.612 0.627 0.640 0.651 0.662 0.672 0.691 0.737 0.820 0.938 1.076 1.234 1.454 1.880 2.618 3.636 4.671 5.521 6.202 6.777 7.271 7.665 7.927 8.022 8.000 7.880 7.665 7.482 7.357 7.248 7.132 6.992 6.803 6.540 6.159 5.641 5.003 4.272 3.585 2.989 2.475 2.033 1.656 1.338 1.073 0.856 0.679 0.536 0.422
0.000 0.000 0.000 0.000 0.000 0.000 0.000 0.000 0.002 0.006 0.012 0.022 0.038 0.061 0.091 0.131 0.179 0.238 0.308 0.392 0.487 0.579 0.648 0.689 0.713 0.731 0.748 0.765 0.780 0.794 0.805 0.814 0.822 0.830 0.842 0.878 0.963 1.114 1.351 1.690 2.196 3.066 4.358 5.670 6.665 7.384 7.861 8.200 8.464 8.630 8.696 8.662 8.551 8.330 8.017 7.752 7.584 7.459 7.329 7.178 6.958 6.655 6.222 5.669 5.007 4.273 3.591 2.997 2.483 2.039 1.660 1.341 1.077 0.860 0.682 0.538 0.423
0.000 0.000 0.000 0.000 0.000 0.000 0.000 0.000 0.002 0.006 0.013 0.025 0.043 0.071 0.111 0.166 0.238 0.330 0.440 0.564 0.683 0.780 0.847 0.889 0.915 0.936 0.954 0.970 0.984 0.996 1.003 1.006 1.003 0.998 0.992 1.008 1.083 1.255 1.559 2.049 2.844 4.200 6.030 7.459 8.384 8.955 9.223 9.351 9.420 9.412 9.339 9.196 8.986 8.701 8.344 8.018 7.793 7.648 7.504 7.325 7.078 6.734 6.258 5.670 4.998 4.263 3.588 2.992 2.477 2.033 1.655 1.337 1.074 0.858 0.681 0.537 0.422
0.000 0.000 0.000 0.000 0.000 0.000 0.000 0.000 0.002 0.006 0.013 0.025 0.045 0.076 0.122 0.186 0.277 0.402 0.570 0.761 0.910 1.017 1.090 1.137 1.166 1.187 1.204 1.219 1.229 1.235 1.236 1.228 1.208 1.173 1.135 1.130 1.184 1.354 1.695 2.272 3.247 4.979 7.267 8.869 9.778 10.193 10.287 10.273 10.186 10.027 9.830 9.598 9.326 9.012 8.647 8.289 8.016 7.824 7.649 7.439 7.156 6.769 6.260 5.657 4.970 4.224 3.554 2.961 2.449 2.008 1.634 1.319 1.059 0.846 0.672 0.531 0.417
0.000 0.000 0.000 0.000 0.000 0.000 0.000 0.000 0.002 0.005 0.012 0.024 0.044 0.077 0.125 0.194 0.295 0.441 0.651 0.930 1.163 1.303 1.393 1.446 1.478 1.497 1.510 1.518 1.521 1.517 1.506 1.483 1.439 1.363 1.275 1.244 1.272 1.421 1.772 2.401 3.473 5.421 8.101 9.928 10.819 11.090 11.082 10.960 10.733 10.446 10.172 9.894 9.590 9.267 8.917 8.545 8.240 8.000 7.777 7.519 7.185 6.761 6.230 5.605 4.888 4.142 3.480 2.898 2.394 1.960 1.593 1.286 1.032 0.825 0.657 0.520 0.409
0.000 0.000 0.000 0.000 0.000 0.000 0.000 0.000 0.001 0.004 0.010 0.021 0.041 0.074 0.123 0.195 0.299 0.453 0.683 1.021 1.412 1.657 1.771 1.831 1.861 1.876 1.880 1.877 1.867 1.849 1.821 1.777 1.705 1.577 1.424 1.351 1.355 1.477 1.818 2.472 3.594 5.603 8.515 10.614 11.529 11.696 11.629 11.405 11.061 10.691 10.379 10.086 9.784 9.473 9.144 8.774 8.435 8.147 7.873 7.560 7.174 6.711 6.146 5.490 4.746 4.013 3.366 2.801 2.311 1.890 1.535 1.240 0.998 0.799 0.638 0.505 0.397
0.000 0.000 0.000 0.000 0.000 0.000 0.000 0.000 0.001 0.002 0.006 0.013 0.030 0.060 0.109 0.182 0.289 0.445 0.681 1.034 1.543 2.014 2.240 2.304 2.324 2.328 2.322 2.303 2.274 2.238 2.189 2.119 2.007 1.827 1.599 1.464 1.440 1.533 1.858 2.514 3.652 5.635 8.583 10.897 11.940 12.079 11.951 11.629 11.201 10.795 10.471 10.181 9.898 9.619 9.315 8.966 8.601 8.267 7.942 7.577 7.135 6.617 6.001 5.298 4.537 3.833 3.210 2.668 2.200 1.801 1.465 1.187 0.959 0.771 0.615 0.486 0.382
0.000 0.000 0.000 0.000 0.000 0.000 0.000 0.000 0.000 0.001 0.002 0.006 0.014 0.034 0.073 0.138 0.237 0.385 0.614 0.974 1.516 2.206 2.691 2.854 2.868 2.860 2.841 2.806 2.754 2.691 2.616 2.514 2.359 2.130 1.826 1.613 1.547 1.606 1.902 2.553 3.689 5.580 8.459 10.899 12.091 12.277 12.095 11.708 11.229 10.819 10.490 10.214 9.962 9.702 9.425 9.105 8.736 8.356 7.980 7.565 7.069 6.491 5.799 5.024 4.262 3.590 3.004 2.498 2.065 1.697 1.388 1.130 0.919 0.741 0.592 0.470 0.370
0.000 0.000 0.000 0.000 0.000 0.000 0.000 0.000 0.000 0.000 0.001 0.002 0.005 0.012 0.030 0.065 0.129 0.236 0.420 0.748 1.312 2.160 2.971 3.375 3.465 3.464 3.435 3.381 3.306 3.216 3.108 2.969 2.775 2.505 2.141 1.850 1.724 1.742 1.991 2.627 3.745 5.490 8.157 10.691 12.031 12.311 12.132 11.720 11.215 10.798 10.478 10.212 9.964 9.726 9.480 9.191 8.834 8.421 7.998 7.530 6.980 6.335 5.574 4.754 4.007 3.354 2.798 2.321 1.922 1.586 1.307 1.073 0.879 0.712 0.572 0.457 0.362
0.000 0.000 0.000 0.000 0.000 0.000 0.000 0.000 0.000 0.000 0.000 0.000 0.001 0.003 0.009 0.021 0.046 0.090 0.182 0.399 0.908 1.878 3.063 3.761 4.002 4.057 4.053 4.006 3.921 3.807 3.667 3.496 3.271 2.969 2.576 2.229 2.036 2.006 2.187 2.772 3.840 5.440 7.766 10.225 11.665 12.112 12.022 11.670 11.162 10.714 10.397 10.158 9.942 9.724 9.500 9.228 8.887 8.467 8.004 7.482 6.887 6.195 5.400 4.572 3.837 3.193 2.647 2.183 1.800 1.484 1.227 1.014 0.837 0.685 0.556 0.449 0.359
0.000 0.000 0.000 0.000 0.000 0.000 0.000 0.000 0.000 0.000 0.000 0.000 0.000 0.001 0.003 0.008 0.016 0.033 0.069 0.177 0.518 1.419 2.878 3.945 4.408 4.567 4.613 4.602 4.549 4.447 4.294 4.100 3.859 3.550 3.159 2.796 2.562 2.482 2.580 3.045 3.990 5.425 7.339 9.504 10.987 11.614 11.672 11.465 11.027 10.557 10.203 9.951 9.802 9.659 9.479 9.228 8.904 8.490 8.006 7.453 6.822 6.101 5.287 4.467 3.737 3.096 2.546 2.083 1.703 1.394 1.148 0.950 0.790 0.657 0.543 0.445 0.359
0.000 0.000 0.000 0.000 0.000 0.000 0.000 0.000 0.000 0.000 0.000 0.000 0.000 0.001 0.003 0.006 0.011 0.021 0.042 0.100 0.308 1.003 2.462 3.882 4.621 4.953 5.101 5.156 5.150 5.098 4.981 4.793 4.552 4.259 3.907 3.586 3.362 3.259 3.289 3.598 4.318 5.498 7.044 8.723 10.023 10.769 11.015 10.976 10.719 10.290 9.861 9.572 9.433 9.366 9.291 9.139 8.883 8.499 8.013 7.443 6.785 6.044 5.225 4.417 3.688 3.043 2.484 2.013 1.627 1.316 1.070 0.879 0.735 0.624 0.530 0.443 0.361
0.000 0.000 0.000 0.000 0.000 0.000 0.000 0.000 0.000 0.000 0.000 0.000 0.001 0.002 0.004 0.007 0.013 0.022 0.042 0.089 0.231 0.722 1.944 3.578 4.647 5.189 5.478 5.636 5.705 5.712 5.665 5.545 5.353 5.108 4.833 4.607 4.454 4.378 4.368 4.513 4.951 5.762 6.937 8.206 9.211 9.860 10.144 10.195 10.124 9.842 9.376 8.978 8.794 8.776 8.818 8.825 8.729 8.446 7.994 7.427 6.762 6.016 5.209 4.401 3.668 3.017 2.450 1.968 1.570 1.249 0.997 0.806 0.669 0.575 0.500 0.425 0.342
0.000 0.000 0.000 0.000 0.000 0.000 0.000 0.000 0.000 0.000 0.000 0.000 0.001 0.003 0.006 0.012 0.021 0.034 0.056 0.104 0.226 0.574 1.460 3.006 4.443 5.266 5.712 6.016 6.210 6.299 6.309 6.261 6.154 6.000 5.827 5.698 5.625 5.600 5.606 5.670 5.881 6.325 7.078 7.995 8.687 9.151 9.377 9.419 9.393 9.218 8.843 8.348 8.027 7.971 8.082 8.241 8.308 8.196 7.853 7.344 6.711 5.993 5.213 4.409 3.661 3.003 2.430 1.940 1.528 1.191 0.928 0.730 0.589 0.491 0.412 0.333 0.243
0.000 0.000 0.000 0.000 0.000 0.000 0.000 0.000 0.000 0.000 0.000 0.001 0.002 0.006 0.014 0.026 0.043 0.067 0.101 0.156 0.268 0.537 1.169 2.374 3.966 5.149 5.808 6.265 6.602 6.800 6.880 6.891 6.856 6.781 6.681 6.603 6.565 6.558 6.572 6.631 6.765 7.013 7.404 7.962 8.404 8.673 8.814 8.853 8.838 8.698 8.391 7.898 7.474 7.275 7.285 7.446 7.620 7.645 7.482 7.115 6.587 5.945 5.221 4.429 3.657 2.988 2.413 1.918 1.492 1.137 0.857 0.644 0.479 0.347 0.242 0.159 0.094
0.000 0.000 0.000 0.000 0.000 0.000 0.000 0.000 0.000 0.000 0.000 0.002 0.005 0.013 0.030 0.057 0.093 0.137 0.192 0.265 0.379 0.599 1.061 1.951 3.387 4.836 5.757 6.376 6.859 7.198 7.391 7.463 7.472 7.448 7.392 7.330 7.297 7.277 7.284 7.322 7.391 7.515 7.718 8.014 8.261 8.397 8.448 8.454 8.425 8.293 8.007 7.554 7.100 6.801 6.670 6.677 6.776 6.833 6.809 6.618 6.241 5.706 5.057 4.319 3.579 2.923 2.358 1.869 1.438 1.061 0.751 0.506 0.313 0.179 0.099 0.053 0.027
0.000 0.000 0.000 0.000 0.000 0.000 0.000 0.000 0.000 0.000 0.001 0.003 0.010 0.028 0.064 0.120 0.189 0.266 0.349 0.446 0.571 0.760 1.113 1.799 2.969 4.447 5.569 6.364 7.003 7.491 7.791 7.940 7.992 7.998 7.958 7.906 7.865 7.824 7.797 7.790 7.794 7.825 7.895 8.031 8.156 8.207 8.211 8.182 8.110 7.952 7.669 7.248 6.794 6.460 6.233 6.097 6.013 5.947 5.889 5.776 5.523 5.086 4.489 3.809 3.165 2.583 2.063 1.604 1.193 0.828 0.519 0.286 0.143 0.070 0.035 0.018 0.009
0.000 0.000 0.000 0.000 0.000 0.000 0.000 0.000 0.000 0.000 0.002 0.006 0.020 0.058 0.130 0.234 0.352 0.468 0.588 0.716 0.861 1.039 1.310 1.843 2.798 4.128 5.318 6.253 7.030 7.648 8.082 8.323 8.404 8.428 8.402 8.344 8.281 8.223 8.168 8.114 8.035 7.992 7.986 8.022 8.066 8.071 8.037 7.947 7.821 7.638 7.353 6.946 6.503 6.143 5.863 5.628 5.410 5.202 4.994 4.763 4.476 4.059 3.482 2.849 2.290 1.796 1.358 0.976 0.654 0.396 0.214 0.104 0.048 0.023 0.012 0.007 0.004
0.000 0.000 0.000 0.000 0.000 0.000 0.000 0.000 0.000 0.001 0.003 0.012 0.041 0.113 0.240 0.410 0.586 0.754 0.922 1.093 1.269 1.457 1.689 2.086 2.846 3.971 5.149 6.149 7.002 7.697 8.216 8.562 8.708 8.738 8.721 8.676 8.606 8.524 8.421 8.311 8.166 8.059 8.000 7.986 7.970 7.944 7.867 7.731 7.554 7.324 7.025 6.625 6.181 5.797 5.478 5.184 4.892 4.585 4.240 3.830 3.344 2.795 2.219 1.680 1.230 0.868 0.582 0.367 0.216 0.117 0.059 0.028 0.014 0.008 0.005 0.003 0.002
0.000 0.000 0.000 0.000 0.000 0.000 0.000 0.000 0.000 0.001 0.005 0.021 0.073 0.196 0.397 0.647 0.889 1.128 1.361 1.586 1.806 2.025 2.257 2.573 3.124 4.003 5.091 6.108 6.985 7.719 8.288 8.685 8.897 8.953 8.941 8.902 8.825 8.741 8.615 8.436 8.222 8.060 7.967 7.915 7.871 7.812 7.683 7.508 7.290 7.005 6.667 6.266 5.798 5.385 5.046 4.729 4.401 4.013 3.536 2.947 2.305 1.717 1.229 0.839 0.540 0.329 0.189 0.104 0.055 0.029 0.015 0.008 0.005 0.003 0.002 0.001 0.001
0.000 0.000 0.000 0.000 0.000 0.000 0.000 0.000 0.000 0.001 0.005 0.024 0.092 0.262 0.544 0.901 1.254 1.589 1.908 2.202 2.471 2.729 2.986 3.277 3.682 4.301 5.166 6.132 6.999 7.739 8.326 8.748 8.995 9.077 9.076 9.061 8.993 8.899 8.738 8.511 8.239 8.023 7.894 7.806 7.729 7.628 7.465 7.257 7.002 6.662 6.272 5.836 5.340 4.879 4.487 4.124 3.735 3.250 2.626 1.921 1.309 0.870 0.558 0.341 0.195 0.105 0.053 0.027 0.013 0.007 0.004 0.003 0.002 0.001 0.001 0.001 0.001
0.000 0.000 0.000 0.000 0.000 0.000 0.000 0.000 0.000 0.001 0.005 0.023 0.093 0.288 0.637 1.107 1.629 2.128 2.566 2.951 3.287 3.586 3.869 4.156 4.479 4.912 5.519 6.299 7.104 7.811 8.386 8.806 9.059 9.165 9.163 9.149 9.071 8.955 8.780 8.529 8.222 7.956 7.765 7.618 7.490 7.368 7.189 6.948 6.647 6.264 5.823 5.320 4.755 4.154 3.561 3.020 2.488 1.918 1.333 0.855 0.533 0.322 0.189 0.108 0.058 0.029 0.013 0.006 0.003 0.002 0.001 0.001 0.001 0.001 0.001 0.000 0.000
0.000 0.000 0.000 0.000 0.000 0.000 0.000 0.000 0.000 0.001 0.004 0.021 0.087 0.289 0.686 1.262 1.956 2.701 3.336 3.843 4.258 4.604 4.904 5.184 5.463 5.772 6.169 6.711 7.366 7.990 8.501 8.886 9.132 9.231 9.232 9.203 9.116 8.978 8.788 8.528 8.201 7.858 7.577 7.349 7.150 6.981 6.774 6.519 6.191 5.781 5.289 4.710 4.021 3.186 2.355 1.693 1.170 0.752 0.443 0.251 0.143 0.083 0.049 0.028 0.015 0.007 0.003 0.001 0.001 0.001 0.001 0.000 0.000 0.000 0.000 0.000 0.000
0.000 0.000 0.000 0.000 0.000 0.000 0.000 0.000 0.000 0.000 0.003 0.016 0.073 0.272 0.707 1.385 2.227 3.196 4.112 4.844 5.395 5.804 6.122 6.386 6.615 6.828 7.067 7.387 7.816 8.298 8.703 9.007 9.209 9.302 9.301 9.240 9.123 8.978 8.766 8.489 8.147 7.742 7.354 7.026 6.735 6.466 6.184 5.884 5.530 5.092 4.565 3.929 3.137 2.210 1.418 0.850 0.471 0.241 0.118 0.059 0.032 0.019 0.011 0.006 0.003 0.001 0.001 0.000 0.000 0.000 0.000 0.000 0.000 0.000 0.000 0.000 0.000
0.000 0.000 0.000 0.000 0.000 0.000 0.000 0.000 0.000 0.001 0.003 0.013 0.060 0.246 0.709 1.480 2.461 3.571 4.727 5.731 6.508 7.069 7.461 7.736 7.931 8.054 8.160 8.294 8.492 8.761 9.013 9.224 9.327 9.358 9.326 9.236 9.091 8.926 8.696 8.411 8.047 7.602 7.106 6.651 6.245 5.855 5.462 5.056 4.617 4.110 3.527 2.854 2.082 1.331 0.761 0.386 0.177 0.075 0.031 0.014 0.007 0.004 0.002 0.001 0.001 0.000 0.000 0.000 0.000 0.000 0.000 0.000 0.000 0.000 0.000 0.000 0.000
0.000 0.000 0.000 0.000 0.001 0.001 0.001 0.001 0.001 0.002 0.003 0.012 0.056 0.237 0.723 1.565 2.650 3.836 5.122 6.375 7.401 8.145 8.643 8.971 9.177 9.277 9.309 9.339 9.363 9.415 9.447 9.478 9.430 9.361 9.292 9.179 9.017 8.824 8.557 8.248 7.863 7.391 6.840 6.263 5.737 5.243 4.747 4.245 3.710 3.133 2.506 1.851 1.219 0.704 0.351 0.153 0.061 0.023 0.008 0.003 0.001 0.001 0.001 0.000 0.000 0.000 0.000 0.000 0.000 0.000 0.000 0.000 0.000 0.000 0.000 0.000 0.000
0.000 0.001 0.001 0.002 0.002 0.002 0.002 0.002 0.002 0.002 0.004 0.012 0.058 0.253 0.778 1.674 2.797 3.991 5.305 6.735 8.002 8.963 9.619 10.011 10.211 10.282 10.285 10.263 10.167 10.028 9.850 9.686 9.487 9.272 9.102 8.936 8.759 8.579 8.311 8.007 7.623 7.137 6.558 5.902 5.273 4.692 4.126 3.561 2.974 2.366 1.748 1.160 0.675 0.336 0.144 0.056 0.020 0.007 0.002 0.001 0.000 0.000 0.000 0.000 0.000 0.000 0.000 0.000 0.000 0.000 0.000 0.000 0.000 0.000 0.000 0.000 0.000
0.001 0.002 0.003 0.003 0.003 0.003 0.003 0.003 0.003 0.003 0.004 0.014 0.069 0.308 0.893 1.807 2.884 4.045 5.359 6.870 8.356 9.534 10.335 10.797 11.019 11.074 11.054 10.955 10.757 10.471 10.125 9.785 9.423 9.043 8.725 8.460 8.244 8.064 7.831 7.563 7.213 6.765 6.194 5.514 4.810 4.161 3.553 2.957 2.349 1.743 1.177 0.699 0.354 0.151 0.056 0.019 0.006 0.002 0.001 0.000 0.000 0.000 0.000 0.000 0.000 0.000 0.000 0.000 0.000 0.000 0.000 0.000 0.000 0.000 0.000 0.000 0.000
0.003 0.004 0.004 0.004 0.004 0.004 0.004 0.004 0.004 0.004 0.006 0.020 0.095 0.385 1.010 1.898 2.907 4.047 5.366 6.882 8.471 9.811 10.769 11.319 11.536 11.567 11.537 11.395 11.115 10.722 10.242 9.772 9.261 8.681 8.160 7.748 7.469 7.244 7.022 6.773 6.487 6.127 5.650 5.031 4.326 3.632 2.991 2.381 1.783 1.218 0.736 0.382 0.165 0.061 0.020 0.006 0.002 0.001 0.000 0.000 0.000 0.000 0.000 0.000 0.000 0.000 0.000 0.000 0.000 0.000 0.000 0.000 0.000 0.000 0.000 0.000 0.000
0.006 0.006 0.006 0.006 0.005 0.005 0.004 0.004 0.005 0.005 0.009 0.025 0.110 0.425 1.060 1.920 2.889 4.005 5.313 6.821 8.440 9.860 10.925 11.539 11.802 11.829 11.758 11.566 11.231 10.793 10.248 9.623 8.942 8.186 7.469 6.892 6.470 6.147 5.885 5.628 5.397 5.137 4.820 4.354 3.749 3.081 2.407 1.787 1.223 0.746 0.392 0.172 0.064 0.021 0.006 0.002 0.001 0.000 0.000 0.000 0.000 0.000 0.000 0.000 0.000 0.000 0.000 0.000 0.000 0.000 0.000 0.000 0.000 0.000 0.000 0.000 0.000
