RESULTS/r.avaflow_results/33_results/33_ascii/33_hflow10051.asc
ncols 506
nrows 317
xllcenter 498237.50
yllcenter 5580050.00
cellsize 12.50
NODATA_value -9999.000
[rows 170 to 203 of 317, columns 77 to 153 of 506]
0.000 0.000 0.000 0.000 0.000 0.000 0.000 0.000 0.000 0.000 0.000 0.001 0.002 0.004 0.008 0.013 0.019 0.024 0.028 0.031 0.035 0.039 0.052 0.085 0.151 0.220 0.248 0.251 0.248 0.240 0.227 0.209 0.182 0.150 0.126 0.114 0.111 0.113 0.120 0.131 0.137 0.141 0.151 0.196 0.335 0.584 0.883 1.183 1.501 1.907 2.499 3.434 4.693 5.800 6.365 6.487 6.443 6.430 6.442 6.425 6.383 6.236 5.943 5.513 4.981 4.352 3.703 3.121 2.612 2.167 1.783 1.462 1.198 0.983 0.807 0.661 0.543
0.000 0.000 0.000 0.000 0.000 0.000 0.000 0.000 0.001 0.001 0.002 0.005 0.009 0.016 0.026 0.039 0.052 0.065 0.075 0.085 0.094 0.109 0.141 0.202 0.284 0.338 0.351 0.348 0.339 0.325 0.305 0.275 0.234 0.194 0.169 0.160 0.160 0.167 0.183 0.206 0.229 0.257 0.326 0.519 0.906 1.418 1.908 2.381 2.907 3.575 4.428 5.411 6.331 6.899 7.072 7.020 6.891 6.820 6.766 6.691 6.579 6.372 6.048 5.610 5.066 4.420 3.755 3.164 2.651 2.205 1.826 1.511 1.250 1.031 0.848 0.696 0.572
0.000 0.000 0.000 0.000 0.000 0.000 0.000 0.001 0.002 0.005 0.008 0.014 0.025 0.040 0.061 0.083 0.107 0.132 0.157 0.181 0.206 0.242 0.304 0.384 0.448 0.471 0.470 0.463 0.449 0.428 0.398 0.355 0.299 0.252 0.227 0.220 0.224 0.240 0.273 0.323 0.394 0.523 0.789 1.294 2.035 2.773 3.401 4.037 4.778 5.580 6.331 6.958 7.374 7.526 7.479 7.344 7.195 7.071 6.946 6.816 6.656 6.430 6.100 5.653 5.101 4.450 3.784 3.198 2.690 2.250 1.876 1.559 1.291 1.065 0.876 0.720 0.592
0.000 0.000 0.000 0.000 0.000 0.000 0.001 0.003 0.006 0.011 0.018 0.031 0.050 0.077 0.108 0.142 0.181 0.224 0.271 0.320 0.372 0.439 0.524 0.593 0.620 0.621 0.614 0.601 0.580 0.551 0.510 0.452 0.379 0.325 0.299 0.295 0.303 0.335 0.400 0.515 0.728 1.123 1.771 2.694 3.714 4.561 5.268 5.961 6.639 7.251 7.739 8.028 8.109 8.010 7.789 7.575 7.408 7.245 7.080 6.905 6.717 6.473 6.132 5.673 5.114 4.464 3.805 3.227 2.722 2.287 1.913 1.591 1.317 1.087 0.893 0.736 0.605
0.000 0.000 0.000 0.000 0.000 0.000 0.001 0.004 0.009 0.017 0.029 0.047 0.075 0.112 0.158 0.211 0.271 0.340 0.416 0.495 0.581 0.672 0.752 0.792 0.799 0.795 0.784 0.766 0.737 0.697 0.643 0.569 0.479 0.413 0.384 0.380 0.394 0.450 0.579 0.833 1.339 2.203 3.408 4.663 5.728 6.530 7.151 7.686 8.137 8.493 8.730 8.797 8.690 8.408 8.026 7.753 7.547 7.367 7.184 6.989 6.777 6.502 6.146 5.680 5.117 4.468 3.817 3.244 2.743 2.310 1.932 1.607 1.331 1.099 0.904 0.745 0.612
0.000 0.000 0.000 0.000 0.000 0.000 0.002 0.005 0.011 0.020 0.035 0.057 0.090 0.136 0.198 0.276 0.371 0.481 0.598 0.711 0.821 0.917 0.978 1.000 1.002 0.998 0.985 0.962 0.925 0.873 0.802 0.712 0.600 0.514 0.467 0.456 0.471 0.544 0.748 1.213 2.152 3.649 5.341 6.640 7.580 8.264 8.749 9.076 9.321 9.458 9.496 9.403 9.146 8.705 8.223 7.879 7.634 7.450 7.265 7.067 6.832 6.531 6.152 5.675 5.112 4.468 3.821 3.250 2.749 2.314 1.936 1.611 1.335 1.104 0.910 0.748 0.614
0.000 0.000 0.000 0.000 0.000 0.000 0.002 0.005 0.011 0.021 0.037 0.061 0.098 0.151 0.226 0.323 0.451 0.613 0.803 0.964 1.086 1.176 1.223 1.240 1.242 1.238 1.223 1.194 1.148 1.083 0.996 0.883 0.745 0.624 0.548 0.524 0.534 0.609 0.842 1.431 2.694 4.754 6.851 8.257 9.170 9.731 10.050 10.189 10.268 10.258 10.134 9.876 9.480 8.939 8.404 7.997 7.712 7.514 7.339 7.138 6.888 6.570 6.161 5.666 5.095 4.454 3.813 3.243 2.743 2.307 1.929 1.605 1.331 1.101 0.909 0.747 0.612
0.000 0.000 0.000 0.000 0.000 0.000 0.002 0.005 0.011 0.021 0.036 0.061 0.100 0.159 0.240 0.350 0.499 0.698 0.958 1.205 1.366 1.461 1.509 1.527 1.529 1.524 1.504 1.469 1.412 1.332 1.226 1.087 0.913 0.747 0.634 0.588 0.588 0.652 0.879 1.497 2.936 5.423 7.970 9.573 10.493 10.921 11.079 11.095 11.036 10.880 10.607 10.220 9.722 9.129 8.582 8.138 7.817 7.596 7.411 7.199 6.929 6.587 6.157 5.647 5.062 4.407 3.773 3.207 2.710 2.278 1.902 1.582 1.313 1.087 0.899 0.740 0.606
0.000 0.000 0.000 0.000 0.000 0.000 0.001 0.005 0.010 0.019 0.034 0.059 0.099 0.160 0.245 0.361 0.520 0.738 1.038 1.396 1.655 1.788 1.852 1.875 1.878 1.869 1.843 1.795 1.723 1.622 1.491 1.325 1.114 0.889 0.730 0.651 0.637 0.682 0.887 1.491 2.978 5.707 8.745 10.621 11.538 11.835 11.867 11.801 11.609 11.311 10.910 10.449 9.905 9.311 8.766 8.304 7.956 7.707 7.490 7.251 6.948 6.578 6.126 5.597 4.986 4.314 3.690 3.136 2.648 2.223 1.854 1.543 1.282 1.063 0.881 0.727 0.598
0.000 0.000 0.000 0.000 0.000 0.000 0.001 0.003 0.008 0.015 0.027 0.050 0.091 0.154 0.243 0.362 0.524 0.749 1.062 1.495 1.932 2.178 2.269 2.297 2.299 2.285 2.247 2.180 2.084 1.958 1.798 1.602 1.352 1.064 0.844 0.719 0.683 0.707 0.880 1.444 2.915 5.730 9.158 11.368 12.317 12.506 12.459 12.296 11.954 11.539 11.049 10.559 10.042 9.498 8.967 8.499 8.127 7.844 7.586 7.304 6.950 6.535 6.052 5.494 4.852 4.177 3.567 3.030 2.556 2.144 1.790 1.494 1.247 1.041 0.867 0.717 0.591
0.000 0.000 0.000 0.000 0.000 0.000 0.001 0.002 0.004 0.008 0.016 0.034 0.068 0.129 0.219 0.344 0.512 0.741 1.059 1.505 2.084 2.566 2.778 2.812 2.806 2.778 2.720 2.628 2.502 2.345 2.155 1.924 1.633 1.281 0.987 0.802 0.731 0.737 0.865 1.351 2.735 5.572 9.242 11.720 12.816 12.965 12.828 12.556 12.111 11.612 11.094 10.602 10.134 9.656 9.166 8.701 8.303 7.980 7.683 7.353 6.955 6.490 5.954 5.350 4.677 4.009 3.417 2.899 2.448 2.059 1.729 1.452 1.221 1.025 0.856 0.711 0.588
0.000 0.000 0.000 0.000 0.000 0.000 0.000 0.001 0.001 0.003 0.006 0.015 0.034 0.077 0.155 0.275 0.441 0.667 0.982 1.432 2.054 2.778 3.258 3.404 3.396 3.351 3.269 3.147 2.985 2.793 2.569 2.298 1.964 1.555 1.181 0.921 0.796 0.779 0.865 1.248 2.449 5.176 9.030 11.728 13.007 13.217 13.011 12.651 12.141 11.609 11.089 10.611 10.177 9.755 9.322 8.883 8.469 8.107 7.765 7.393 6.969 6.471 5.895 5.242 4.536 3.876 3.294 2.790 2.358 1.991 1.682 1.420 1.200 1.011 0.848 0.707 0.586
0.000 0.000 0.000 0.000 0.000 0.000 0.000 0.000 0.000 0.001 0.002 0.005 0.011 0.029 0.068 0.145 0.271 0.457 0.733 1.157 1.817 2.740 3.554 3.941 3.993 3.958 3.870 3.727 3.536 3.307 3.043 2.734 2.358 1.902 1.451 1.111 0.916 0.860 0.908 1.208 2.179 4.610 8.493 11.477 12.963 13.268 13.066 12.651 12.106 11.544 11.035 10.590 10.182 9.796 9.421 9.029 8.622 8.217 7.834 7.445 6.995 6.469 5.864 5.183 4.461 3.798 3.216 2.714 2.290 1.935 1.640 1.391 1.180 0.998 0.841 0.704 0.586
0.000 0.000 0.000 0.000 0.000 0.000 0.000 0.000 0.000 0.000 0.001 0.001 0.003 0.009 0.022 0.051 0.106 0.198 0.358 0.675 1.316 2.425 3.648 4.334 4.510 4.499 4.433 4.309 4.123 3.877 3.582 3.240 2.831 2.342 1.832 1.417 1.142 1.029 1.039 1.263 2.049 4.095 7.746 10.948 12.604 13.074 12.955 12.556 12.003 11.391 10.886 10.490 10.134 9.791 9.456 9.113 8.740 8.338 7.929 7.499 7.018 6.471 5.854 5.164 4.440 3.771 3.181 2.671 2.242 1.889 1.599 1.361 1.159 0.986 0.836 0.705 0.589
0.000 0.000 0.000 0.000 0.000 0.000 0.000 0.000 0.000 0.000 0.000 0.001 0.001 0.004 0.009 0.019 0.039 0.074 0.144 0.313 0.771 1.860 3.452 4.523 4.918 4.963 4.930 4.845 4.698 4.480 4.185 3.824 3.400 2.898 2.348 1.878 1.534 1.352 1.318 1.459 2.093 3.742 6.896 10.115 11.873 12.513 12.551 12.281 11.768 11.130 10.588 10.218 9.946 9.712 9.451 9.147 8.811 8.436 8.020 7.552 7.041 6.483 5.861 5.169 4.444 3.773 3.174 2.653 2.212 1.852 1.560 1.325 1.132 0.971 0.833 0.712 0.601
0.000 0.000 0.000 0.000 0.000 0.000 0.000 0.000 0.000 0.000 0.000 0.000 0.001 0.003 0.007 0.013 0.025 0.044 0.081 0.171 0.461 1.329 2.991 4.446 5.136 5.345 5.376 5.342 5.250 5.092 4.843 4.497 4.077 3.583 3.024 2.531 2.147 1.908 1.832 1.904 2.358 3.601 6.030 8.952 10.789 11.602 11.776 11.655 11.290 10.702 10.110 9.718 9.506 9.397 9.276 9.095 8.845 8.504 8.103 7.636 7.103 6.519 5.896 5.205 4.478 3.794 3.184 2.651 2.196 1.820 1.518 1.279 1.094 0.950 0.829 0.719 0.613
0.000 0.000 0.000 0.000 0.000 0.000 0.000 0.000 0.000 0.000 0.000 0.000 0.001 0.004 0.008 0.015 0.026 0.043 0.075 0.145 0.341 0.965 2.384 4.114 5.148 5.598 5.748 5.786 5.763 5.681 5.520 5.249 4.872 4.411 3.881 3.400 3.022 2.766 2.654 2.677 2.957 3.815 5.515 7.859 9.565 10.429 10.679 10.658 10.478 10.061 9.465 8.977 8.759 8.741 8.792 8.827 8.754 8.511 8.134 7.688 7.176 6.600 5.973 5.286 4.556 3.849 3.218 2.665 2.193 1.799 1.479 1.229 1.043 0.912 0.808 0.708 0.596
0.000 0.000 0.000 0.000 0.000 0.000 0.000 0.000 0.000 0.000 0.000 0.001 0.003 0.007 0.013 0.023 0.037 0.057 0.091 0.160 0.325 0.770 1.812 3.493 4.917 5.687 6.019 6.171 6.227 6.215 6.144 5.985 5.724 5.365 4.917 4.484 4.155 3.933 3.814 3.786 3.895 4.353 5.405 7.115 8.587 9.370 9.620 9.636 9.555 9.312 8.872 8.340 8.008 7.944 8.070 8.289 8.431 8.371 8.097 7.692 7.211 6.680 6.088 5.422 4.670 3.933 3.282 2.707 2.209 1.789 1.447 1.179 0.980 0.837 0.721 0.603 0.461
0.000 0.000 0.000 0.000 0.000 0.000 0.000 0.000 0.000 0.000 0.001 0.002 0.006 0.014 0.027 0.046 0.071 0.102 0.147 0.223 0.374 0.714 1.454 2.774 4.400 5.549 6.131 6.447 6.640 6.716 6.715 6.647 6.498 6.270 5.962 5.621 5.358 5.185 5.104 5.077 5.088 5.222 5.711 6.766 7.953 8.625 8.866 8.915 8.894 8.755 8.458 7.992 7.575 7.375 7.397 7.592 7.862 7.970 7.882 7.610 7.209 6.710 6.150 5.506 4.732 3.973 3.325 2.753 2.242 1.791 1.416 1.120 0.882 0.683 0.505 0.344 0.207
0.000 0.000 0.000 0.000 0.000 0.000 0.000 0.000 0.000 0.000 0.001 0.004 0.012 0.028 0.057 0.097 0.144 0.197 0.263 0.354 0.501 0.777 1.311 2.274 3.766 5.199 6.064 6.568 6.930 7.145 7.225 7.225 7.165 7.034 6.834 6.573 6.343 6.181 6.110 6.100 6.106 6.163 6.322 6.797 7.610 8.180 8.410 8.470 8.468 8.382 8.173 7.817 7.388 7.079 6.964 7.020 7.199 7.343 7.378 7.279 7.015 6.585 6.053 5.435 4.694 3.952 3.316 2.755 2.245 1.769 1.344 0.983 0.676 0.422 0.239 0.127 0.064
0.000 0.000 0.000 0.000 0.000 0.000 0.000 0.000 0.000 0.000 0.002 0.008 0.022 0.057 0.118 0.199 0.282 0.366 0.457 0.569 0.720 0.946 1.350 2.079 3.282 4.765 5.842 6.538 7.068 7.457 7.660 7.722 7.718 7.660 7.520 7.328 7.131 6.978 6.880 6.838 6.825 6.845 6.924 7.101 7.511 7.950 8.156 8.217 8.212 8.157 8.000 7.716 7.328 6.981 6.751 6.645 6.627 6.644 6.648 6.600 6.425 6.072 5.564 4.970 4.308 3.649 3.053 2.513 2.007 1.514 1.052 0.656 0.359 0.180 0.088 0.043 0.021
0.000 0.000 0.000 0.000 0.000 0.000 0.000 0.000 0.000 0.001 0.004 0.014 0.044 0.116 0.235 0.376 0.502 0.621 0.744 0.881 1.040 1.239 1.537 2.096 3.064 4.392 5.532 6.389 7.071 7.608 7.965 8.134 8.164 8.143 8.047 7.905 7.728 7.575 7.455 7.367 7.316 7.294 7.317 7.400 7.589 7.857 8.026 8.080 8.077 8.025 7.892 7.647 7.299 6.929 6.637 6.402 6.209 6.040 5.881 5.714 5.495 5.148 4.652 4.057 3.442 2.858 2.303 1.776 1.290 0.855 0.500 0.258 0.122 0.057 0.028 0.015 0.008
0.000 0.000 0.000 0.000 0.000 0.000 0.000 0.000 0.000 0.001 0.007 0.028 0.088 0.222 0.428 0.636 0.807 0.970 1.135 1.305 1.483 1.675 1.911 2.312 3.076 4.192 5.306 6.230 7.008 7.654 8.110 8.404 8.500 8.492 8.431 8.322 8.177 8.033 7.900 7.750 7.623 7.565 7.550 7.578 7.669 7.819 7.934 7.990 7.992 7.950 7.825 7.594 7.266 6.885 6.539 6.211 5.882 5.546 5.190 4.804 4.400 3.950 3.400 2.775 2.175 1.643 1.177 0.789 0.486 0.271 0.138 0.066 0.032 0.017 0.010 0.006 0.003
0.000 0.000 0.000 0.000 0.000 0.000 0.000 0.000 0.000 0.002 0.010 0.041 0.142 0.356 0.674 0.966 1.193 1.418 1.638 1.850 2.057 2.261 2.479 2.779 3.314 4.179 5.224 6.161 6.970 7.660 8.168 8.528 8.697 8.718 8.686 8.609 8.508 8.377 8.218 8.034 7.829 7.706 7.651 7.661 7.707 7.782 7.848 7.907 7.927 7.890 7.764 7.536 7.216 6.828 6.416 6.017 5.584 5.096 4.541 3.918 3.282 2.670 2.089 1.553 1.092 0.718 0.437 0.245 0.127 0.063 0.031 0.016 0.009 0.006 0.004 0.002 0.002
0.000 0.000 0.000 0.000 0.000 0.000 0.000 0.000 0.000 0.002 0.010 0.045 0.165 0.434 0.845 1.288 1.646 1.960 2.251 2.518 2.761 2.986 3.212 3.469 3.841 4.432 5.267 6.168 6.975 7.658 8.188 8.572 8.788 8.847 8.842 8.796 8.723 8.616 8.446 8.226 7.965 7.779 7.672 7.668 7.706 7.747 7.755 7.765 7.778 7.768 7.658 7.430 7.089 6.623 6.064 5.542 4.999 4.367 3.619 2.807 2.064 1.484 1.048 0.702 0.434 0.245 0.127 0.061 0.029 0.014 0.007 0.004 0.003 0.002 0.002 0.001 0.001
0.000 0.000 0.000 0.000 0.000 0.000 0.000 0.000 0.000 0.002 0.009 0.042 0.163 0.455 0.929 1.511 2.085 2.577 2.978 3.316 3.603 3.853 4.088 4.327 4.607 4.999 5.574 6.310 7.053 7.693 8.217 8.614 8.846 8.930 8.944 8.908 8.852 8.756 8.586 8.355 8.064 7.814 7.672 7.622 7.619 7.627 7.596 7.522 7.428 7.347 7.219 6.951 6.510 5.856 5.025 4.273 3.543 2.776 2.006 1.357 0.903 0.597 0.383 0.233 0.131 0.067 0.031 0.013 0.006 0.003 0.002 0.002 0.001 0.001 0.001 0.001 0.001
0.000 0.000 0.000 0.000 0.000 0.000 0.000 0.000 0.001 0.002 0.007 0.035 0.145 0.440 0.960 1.646 2.420 3.170 3.782 4.247 4.595 4.875 5.114 5.334 5.559 5.819 6.177 6.681 7.284 7.849 8.315 8.683 8.911 9.002 9.018 8.978 8.920 8.817 8.666 8.433 8.128 7.835 7.635 7.510 7.434 7.364 7.280 7.124 6.899 6.612 6.268 5.820 5.172 4.250 3.190 2.315 1.628 1.079 0.672 0.411 0.254 0.157 0.098 0.059 0.032 0.015 0.006 0.003 0.001 0.001 0.001 0.001 0.001 0.000 0.000 0.000 0.000
0.000 0.000 0.000 0.000 0.000 0.001 0.001 0.001 0.002 0.002 0.005 0.023 0.110 0.391 0.944 1.733 2.659 3.641 4.505 5.188 5.685 6.037 6.293 6.495 6.662 6.819 7.011 7.295 7.690 8.126 8.485 8.763 8.954 9.045 9.073 9.025 8.963 8.837 8.676 8.453 8.156 7.833 7.549 7.314 7.128 6.937 6.745 6.489 6.142 5.652 5.019 4.278 3.433 2.496 1.638 1.005 0.580 0.316 0.168 0.093 0.055 0.034 0.021 0.013 0.007 0.003 0.001 0.001 0.000 0.000 0.000 0.000 0.000 0.000 0.000 0.000 0.000
0.000 0.000 0.000 0.001 0.001 0.002 0.002 0.002 0.002 0.002 0.005 0.017 0.081 0.328 0.900 1.785 2.838 3.968 5.048 5.962 6.653 7.130 7.455 7.670 7.838 7.938 8.012 8.119 8.303 8.548 8.776 8.944 9.055 9.090 9.092 9.028 8.958 8.824 8.656 8.443 8.156 7.814 7.446 7.076 6.740 6.402 6.054 5.644 5.152 4.532 3.786 2.973 2.153 1.393 0.802 0.416 0.200 0.092 0.042 0.021 0.011 0.007 0.004 0.002 0.001 0.001 0.000 0.000 0.000 0.000 0.000 0.000 0.000 0.000 0.000 0.000 0.000
0.000 0.001 0.001 0.002 0.003 0.003 0.003 0.003 0.003 0.003 0.005 0.016 0.071 0.301 0.880 1.823 2.968 4.165 5.382 6.499 7.394 8.022 8.440 8.707 8.880 8.949 8.996 9.025 9.062 9.104 9.144 9.157 9.143 9.094 9.060 8.996 8.911 8.770 8.593 8.375 8.092 7.745 7.313 6.823 6.325 5.846 5.360 4.830 4.240 3.565 2.794 2.004 1.304 0.749 0.375 0.167 0.070 0.028 0.011 0.005 0.002 0.001 0.001 0.001 0.000 0.000 0.000 0.000 0.000 0.000 0.000 0.000 0.000 0.000 0.000 0.000 0.000
0.002 0.002 0.003 0.004 0.004 0.004 0.004 0.003 0.003 0.003 0.005 0.016 0.071 0.306 0.907 1.886 3.061 4.254 5.514 6.791 7.882 8.689 9.236 9.561 9.729 9.798 9.824 9.796 9.731 9.627 9.485 9.309 9.151 9.013 8.901 8.818 8.724 8.600 8.439 8.228 7.950 7.591 7.118 6.558 5.931 5.329 4.743 4.138 3.493 2.789 2.039 1.340 0.777 0.388 0.168 0.066 0.024 0.008 0.003 0.001 0.001 0.000 0.000 0.000 0.000 0.000 0.000 0.000 0.000 0.000 0.000 0.000 0.000 0.000 0.000 0.000 0.000
0.004 0.005 0.005 0.006 0.005 0.005 0.004 0.004 0.004 0.004 0.005 0.016 0.078 0.346 0.996 1.989 3.115 4.268 5.524 6.891 8.152 9.159 9.850 10.236 10.417 10.465 10.456 10.380 10.235 10.003 9.733 9.414 9.107 8.838 8.593 8.428 8.298 8.190 8.073 7.896 7.638 7.299 6.820 6.225 5.532 4.831 4.176 3.522 2.849 2.139 1.449 0.863 0.438 0.187 0.070 0.024 0.008 0.002 0.001 0.000 0.000 0.000 0.000 0.000 0.000 0.000 0.000 0.000 0.000 0.000 0.000 0.000 0.000 0.000 0.000 0.000 0.000
0.008 0.008 0.008 0.007 0.006 0.005 0.005 0.004 0.004 0.005 0.007 0.022 0.104 0.427 1.116 2.072 3.120 4.245 5.498 6.881 8.222 9.366 10.208 10.700 10.906 10.936 10.913 10.769 10.530 10.202 9.815 9.400 8.968 8.517 8.107 7.829 7.629 7.486 7.369 7.209 6.996 6.720 6.308 5.745 5.062 4.322 3.619 2.941 2.257 1.570 0.962 0.501 0.216 0.079 0.026 0.008 0.002 0.001 0.000 0.000 0.000 0.000 0.000 0.000 0.000 0.000 0.000 0.000 0.000 0.000 0.000 0.000 0.000 0.000 0.000 0.000 0.000
0.011 0.010 0.010 0.008 0.007 0.006 0.005 0.005 0.005 0.006 0.010 0.028 0.123 0.476 1.173 2.090 3.080 4.169 5.405 6.786 8.172 9.395 10.329 10.893 11.139 11.164 11.104 10.949 10.673 10.307 9.824 9.286 8.703 8.076 7.492 7.043 6.719 6.509 6.338 6.162 5.984 5.789 5.505 5.064 4.471 3.775 3.047 2.339 1.652 1.029 0.547 0.239 0.086 0.027 0.008 0.002 0.001 0.000 0.000 0.000 0.000 0.000 0.000 0.000 0.000 0.000 0.000 0.000 0.000 0.000 0.000 0.000 0.000 0.000 0.000 0.000 0.000
