RESULTS/r.avaflow_results/33_results/33_ascii/33_hflow_max0001.asc
ncols 506
nrows 317
xllcenter 498237.50
yllcenter 5580050.00
cellsize 12.50
NODATA_value -9999.000
[rows 204 to 237 of 317, columns 77 to 153 of 506]
0.000 0.000 0.000 0.000 0.000 0.000 0.000 0.000 0.000 0.000 0.000 0.000 0.000 0.000 0.000 0.001 0.004 0.010 0.020 0.037 0.061 0.091 0.125 0.163 0.217 0.291 0.344 0.370 0.380 0.381 0.381 0.385 0.400 0.431 0.461 0.476 0.477 0.461 0.422 0.362 0.285 0.195 0.118 0.064 0.030 0.012 0.004 0.001 0.000 0.000 0.000 0.000 0.000 0.000 0.000 0.000 0.000 0.000 0.000 0.000 0.000 0.000 0.000 0.000 0.000 0.000 0.000 0.000 0.000 0.000 0.000 0.000 0.000 0.000 0.000 0.000 0.000
0.000 0.000 0.000 0.000 0.000 0.000 0.000 0.000 0.000 0.000 0.000 0.000 0.000 0.001 0.005 0.016 0.040 0.082 0.142 0.222 0.311 0.390 0.463 0.544 0.682 0.889 1.046 1.144 1.210 1.261 1.300 1.327 1.354 1.389 1.422 1.445 1.449 1.422 1.339 1.203 1.005 0.738 0.496 0.299 0.159 0.072 0.026 0.007 0.001 0.000 0.000 0.000 0.000 0.000 0.000 0.000 0.000 0.000 0.000 0.000 0.000 0.000 0.000 0.000 0.000 0.000 0.000 0.000 0.000 0.000 0.000 0.000 0.000 0.000 0.000 0.000 0.000
0.000 0.000 0.000 0.000 0.000 0.000 0.000 0.000 0.000 0.000 0.000 0.000 0.001 0.009 0.040 0.119 0.259 0.445 0.656 0.873 1.042 1.129 1.182 1.274 1.516 1.904 2.197 2.415 2.602 2.733 2.817 2.871 2.915 2.925 2.911 2.913 2.904 2.854 2.732 2.551 2.275 1.846 1.393 0.940 0.574 0.297 0.119 0.035 0.007 0.001 0.000 0.000 0.000 0.000 0.000 0.000 0.000 0.000 0.000 0.000 0.000 0.000 0.000 0.000 0.000 0.000 0.000 0.000 0.000 0.000 0.000 0.000 0.000 0.000 0.000 0.000 0.000
0.000 0.000 0.000 0.000 0.000 0.000 0.000 0.000 0.000 0.000 0.000 0.001 0.006 0.043 0.192 0.543 1.055 1.526 1.937 2.238 2.366 2.351 2.273 2.301 2.585 3.097 3.499 3.806 4.090 4.285 4.362 4.392 4.405 4.373 4.327 4.312 4.277 4.201 4.042 3.811 3.434 2.986 2.448 1.870 1.316 0.777 0.338 0.102 0.021 0.003 0.000 0.000 0.000 0.000 0.000 0.000 0.000 0.000 0.000 0.000 0.000 0.000 0.000 0.000 0.000 0.000 0.000 0.000 0.000 0.000 0.000 0.000 0.000 0.000 0.000 0.000 0.000
0.000 0.000 0.000 0.000 0.000 0.000 0.000 0.000 0.000 0.000 0.000 0.002 0.019 0.123 0.553 1.486 2.521 3.211 3.724 4.016 4.045 3.849 3.571 3.515 3.745 4.287 4.843 5.290 5.636 5.874 5.944 5.929 5.860 5.773 5.676 5.644 5.601 5.514 5.294 4.951 4.419 3.857 3.203 2.560 1.919 1.175 0.509 0.149 0.032 0.006 0.001 0.000 0.000 0.000 0.000 0.000 0.000 0.000 0.000 0.000 0.000 0.000 0.000 0.000 0.000 0.000 0.000 0.000 0.000 0.000 0.000 0.000 0.000 0.000 0.000 0.000 0.000
0.000 0.000 0.000 0.000 0.000 0.000 0.000 0.000 0.000 0.000 0.001 0.007 0.040 0.239 1.083 2.840 4.294 5.017 5.515 5.763 5.777 5.463 4.975 4.860 5.021 5.537 6.261 6.922 7.332 7.543 7.569 7.455 7.268 7.193 7.119 7.044 6.951 6.848 6.613 6.176 5.521 4.785 3.997 3.223 2.408 1.409 0.584 0.177 0.042 0.008 0.001 0.000 0.000 0.000 0.000 0.000 0.000 0.000 0.000 0.000 0.000 0.000 0.000 0.000 0.000 0.000 0.000 0.000 0.000 0.000 0.000 0.000 0.000 0.000 0.000 0.000 0.000
0.000 0.000 0.000 0.000 0.000 0.000 0.000 0.000 0.000 0.001 0.005 0.018 0.077 0.357 1.564 4.032 5.784 6.580 7.218 7.560 7.572 7.218 6.595 6.364 6.460 6.944 7.761 8.604 9.097 9.346 9.320 9.103 8.723 8.569 8.535 8.472 8.300 8.124 7.827 7.304 6.459 5.590 4.753 3.922 2.911 1.630 0.671 0.214 0.056 0.012 0.002 0.000 0.000 0.000 0.000 0.000 0.000 0.000 0.000 0.000 0.000 0.000 0.000 0.000 0.000 0.000 0.000 0.000 0.000 0.000 0.000 0.000 0.000 0.000 0.000 0.000 0.000
0.000 0.000 0.000 0.000 0.000 0.000 0.000 0.000 0.001 0.005 0.017 0.054 0.165 0.549 2.042 4.973 7.019 7.995 8.826 9.350 9.473 9.206 8.650 8.323 8.325 8.732 9.585 10.540 11.175 11.525 11.386 11.101 10.553 10.213 10.143 10.085 9.950 9.782 9.434 8.904 8.011 7.055 5.924 4.857 3.376 1.759 0.728 0.248 0.071 0.017 0.003 0.000 0.000 0.000 0.000 0.000 0.000 0.000 0.000 0.000 0.000 0.000 0.000 0.000 0.000 0.000 0.000 0.000 0.000 0.000 0.000 0.000 0.000 0.000 0.000 0.000 0.000
0.000 0.000 0.000 0.000 0.000 0.000 0.001 0.002 0.007 0.021 0.059 0.153 0.369 0.924 2.662 5.836 8.088 9.346 10.476 11.308 11.862 11.981 11.727 11.325 11.089 11.313 12.145 13.186 14.011 14.493 14.357 13.830 13.179 12.722 12.500 12.384 12.164 11.906 11.517 11.029 10.145 9.030 7.441 5.690 3.455 1.700 0.709 0.252 0.076 0.019 0.004 0.001 0.000 0.000 0.000 0.000 0.000 0.000 0.000 0.000 0.000 0.000 0.000 0.000 0.000 0.000 0.000 0.000 0.000 0.000 0.000 0.000 0.000 0.000 0.000 0.000 0.000
0.000 0.000 0.000 0.000 0.000 0.001 0.004 0.011 0.030 0.075 0.177 0.384 0.772 1.536 3.422 6.619 9.062 10.800 12.306 13.657 15.405 16.584 16.695 16.274 15.785 15.886 16.738 17.889 18.778 19.183 18.977 18.201 17.330 16.751 16.333 16.172 15.794 15.502 15.175 14.622 13.524 11.579 9.218 5.942 3.111 1.432 0.597 0.220 0.069 0.017 0.003 0.000 0.000 0.000 0.000 0.000 0.000 0.000 0.000 0.000 0.000 0.000 0.000 0.000 0.000 0.000 0.000 0.000 0.000 0.000 0.000 0.000 0.000 0.000 0.000 0.000 0.000
0.000 0.000 0.000 0.000 0.002 0.006 0.017 0.043 0.104 0.227 0.452 0.820 1.403 2.367 4.281 7.428 10.316 12.682 15.300 17.522 19.369 20.462 20.294 20.000 20.000 20.000 20.000 21.236 22.200 22.839 22.474 21.641 20.502 20.000 20.000 20.000 20.000 20.000 20.000 20.000 20.000 20.000 10.499 5.607 2.555 1.045 0.400 0.137 0.043 0.011 0.002 0.000 0.000 0.000 0.000 0.000 0.000 0.000 0.000 0.000 0.000 0.000 0.000 0.000 0.000 0.000 0.000 0.000 0.000 0.000 0.000 0.000 0.000 0.000 0.000 0.000 0.000
0.000 0.000 0.001 0.003 0.009 0.025 0.063 0.146 0.306 0.575 0.971 1.507 2.260 3.443 5.414 8.688 12.988 16.101 18.744 20.686 20.898 20.898 20.977 20.524 20.120 20.000 20.265 20.960 22.158 22.962 23.030 22.444 21.393 20.399 20.049 20.127 20.648 20.798 20.312 20.661 20.000 20.000 11.217 5.425 2.158 0.740 0.231 0.064 0.016 0.004 0.001 0.000 0.000 0.000 0.000 0.000 0.000 0.000 0.000 0.000 0.000 0.000 0.000 0.000 0.000 0.000 0.000 0.000 0.000 0.000 0.000 0.000 0.000 0.000 0.000 0.000 0.000
0.000 0.001 0.003 0.012 0.035 0.089 0.200 0.406 0.738 1.209 1.808 2.533 3.498 5.023 7.488 11.426 16.365 20.000 20.000 20.609 21.039 20.663 20.000 20.000 20.000 20.073 20.171 20.354 20.994 21.563 21.658 21.344 20.437 20.000 20.000 20.056 20.000 20.000 20.005 20.071 20.000 20.000 20.000 5.304 1.709 0.460 0.102 0.021 0.005 0.001 0.000 0.000 0.000 0.000 0.000 0.000 0.000 0.000 0.000 0.000 0.000 0.000 0.000 0.000 0.000 0.000 0.000 0.000 0.000 0.000 0.000 0.000 0.000 0.000 0.000 0.000 0.000
0.001 0.003 0.013 0.042 0.115 0.265 0.529 0.934 1.499 2.229 3.129 4.239 5.696 8.220 11.714 15.446 20.000 20.282 20.262 20.492 20.250 20.525 20.265 20.000 20.362 20.000 20.000 20.378 21.058 21.271 21.297 20.984 20.364 20.335 20.004 20.379 20.340 20.132 20.114 20.083 20.000 20.000 20.000 4.333 1.016 0.184 0.032 0.006 0.001 0.000 0.000 0.000 0.000 0.000 0.000 0.000 0.000 0.000 0.000 0.000 0.000 0.000 0.000 0.000 0.000 0.000 0.000 0.000 0.000 0.000 0.000 0.000 0.000 0.000 0.000 0.000 0.000
0.003 0.013 0.045 0.132 0.321 0.667 1.193 1.894 2.813 3.982 5.393 7.541 10.340 15.000 20.000 20.000 20.000 20.246 20.272 20.205 20.209 20.616 20.214 20.000 20.200 20.179 20.171 20.570 21.085 21.154 21.211 21.031 20.492 20.456 20.241 20.064 20.000 20.000 20.000 20.000 20.000 20.000 6.338 1.747 0.316 0.048 0.008 0.001 0.000 0.000 0.000 0.000 0.000 0.000 0.000 0.000 0.000 0.000 0.000 0.000 0.000 0.000 0.000 0.000 0.000 0.000 0.000 0.000 0.000 0.000 0.000 0.000 0.000 0.000 0.000 0.000 0.000
0.011 0.040 0.129 0.348 0.769 1.443 2.422 3.676 5.180 7.348 10.234 15.000 20.000 20.000 20.000 20.000 20.168 20.097 20.322 20.256 20.103 20.432 20.215 20.046 20.290 20.004 20.000 20.375 20.605 20.676 20.551 21.021 20.658 20.392 20.011 20.596 20.166 20.000 20.000 20.000 20.000 5.878 1.733 0.390 0.069 0.010 0.001 0.000 0.000 0.000 0.000 0.000 0.000 0.000 0.000 0.000 0.000 0.000 0.000 0.000 0.000 0.000 0.000 0.000 0.000 0.000 0.000 0.000 0.000 0.000 0.000 0.000 0.000 0.000 0.000 0.000 0.000
0.034 0.113 0.322 0.784 1.623 2.882 4.632 7.078 10.190 15.000 20.000 20.000 20.000 20.261 20.375 20.494 20.386 20.071 20.137 20.000 20.000 20.184 20.021 20.000 20.555 20.000 20.350 20.128 20.644 20.192 20.333 20.787 20.439 20.508 20.190 20.076 20.000 20.000 20.000 7.530 3.537 1.344 0.383 0.082 0.014 0.002 0.000 0.000 0.000 0.000 0.000 0.000 0.000 0.000 0.000 0.000 0.000 0.000 0.000 0.000 0.000 0.000 0.000 0.000 0.000 0.000 0.000 0.000 0.000 0.000 0.000 0.000 0.000 0.000 0.000 0.000 0.000
0.099 0.288 0.713 1.543 3.008 5.419 10.000 15.000 20.000 20.000 20.000 20.310 20.237 20.031 20.045 20.000 20.109 20.233 20.089 20.000 20.337 20.086 20.005 20.023 20.245 20.000 20.019 20.047 20.098 20.000 20.130 20.162 20.000 20.064 20.000 20.000 20.000 20.000 6.023 2.220 0.803 0.276 0.079 0.017 0.003 0.000 0.000 0.000 0.000 0.000 0.000 0.000 0.000 0.000 0.000 0.000 0.000 0.000 0.000 0.000 0.000 0.000 0.000 0.000 0.000 0.000 0.000 0.000 0.000 0.000 0.000 0.000 0.000 0.000 0.000 0.000 0.000
0.258 0.658 1.423 2.770 5.031 10.000 20.000 20.000 20.000 20.180 20.228 20.158 20.488 20.244 20.127 20.078 20.080 20.451 20.000 20.000 20.000 20.029 20.025 20.241 20.238 20.000 20.154 20.194 20.000 20.000 20.168 20.014 20.000 20.000 20.000 20.000 7.712 4.121 1.788 0.627 0.203 0.062 0.017 0.004 0.001 0.000 0.000 0.000 0.000 0.000 0.000 0.000 0.000 0.000 0.000 0.000 0.000 0.000 0.000 0.000 0.000 0.000 0.000 0.000 0.000 0.000 0.000 0.000 0.000 0.000 0.000 0.000 0.000 0.000 0.000 0.000 0.000
0.575 1.290 2.555 4.663 8.158 15.000 20.000 20.242 20.167 20.320 20.472 20.260 20.493 20.000 20.483 20.015 20.018 20.142 20.000 20.100 20.000 20.000 20.029 20.201 20.315 20.000 20.000 20.000 20.000 20.000 20.000 20.000 20.000 20.000 7.981 4.793 2.559 1.171 0.474 0.164 0.050 0.014 0.004 0.001 0.000 0.000 0.000 0.000 0.000 0.000 0.000 0.000 0.000 0.000 0.000 0.000 0.000 0.000 0.000 0.000 0.000 0.000 0.000 0.000 0.000 0.000 0.000 0.000 0.000 0.000 0.000 0.000 0.000 0.000 0.000 0.000 0.000
1.089 2.168 4.055 7.444 15.000 20.000 20.081 20.218 20.153 20.118 20.178 20.390 20.125 20.392 20.108 20.000 20.000 20.009 20.000 20.000 20.000 20.000 20.000 20.008 20.000 20.000 20.000 20.000 20.000 20.000 20.000 20.000 20.000 6.378 2.815 1.420 0.698 0.296 0.109 0.036 0.011 0.003 0.001 0.000 0.000 0.000 0.000 0.000 0.000 0.000 0.000 0.000 0.000 0.000 0.000 0.000 0.000 0.000 0.000 0.000 0.000 0.000 0.000 0.000 0.000 0.000 0.000 0.000 0.000 0.000 0.000 0.000 0.000 0.000 0.000 0.000 0.000
1.819 3.321 5.885 10.442 20.000 20.000 20.297 20.294 20.290 20.385 20.343 20.454 20.373 20.426 20.149 20.048 20.210 20.197 20.171 20.171 20.010 20.382 20.029 20.094 20.097 20.222 20.202 20.145 20.000 20.000 20.000 8.464 4.522 2.079 0.882 0.385 0.161 0.062 0.022 0.007 0.002 0.001 0.000 0.000 0.000 0.000 0.000 0.000 0.000 0.000 0.000 0.000 0.000 0.000 0.000 0.000 0.000 0.000 0.000 0.000 0.000 0.000 0.000 0.000 0.000 0.000 0.000 0.000 0.000 0.000 0.000 0.000 0.000 0.000 0.000 0.000 0.000
2.837 4.922 8.464 15.000 20.000 20.358 20.235 20.334 20.421 20.388 20.427 20.220 20.385 20.266 20.564 20.056 20.297 20.189 20.157 20.576 20.467 20.179 20.055 20.000 20.000 20.000 20.000 20.000 20.000 20.000 6.895 3.331 1.516 0.655 0.256 0.095 0.034 0.012 0.004 0.001 0.001 0.000 0.000 0.000 0.000 0.000 0.000 0.000 0.000 0.000 0.000 0.000 0.000 0.000 0.000 0.000 0.000 0.000 0.000 0.000 0.000 0.000 0.000 0.000 0.000 0.000 0.000 0.000 0.000 0.000 0.000 0.000 0.000 0.000 0.000 0.000 0.000
4.311 7.517 15.000 20.000 20.000 20.247 20.266 20.523 20.652 20.484 20.375 20.225 20.417 20.063 20.129 20.183 20.204 20.279 20.519 20.176 20.000 20.029 20.000 20.000 20.000 20.000 20.000 20.000 7.780 4.646 2.452 1.156 0.504 0.198 0.071 0.023 0.008 0.002 0.001 0.000 0.000 0.000 0.000 0.000 0.000 0.000 0.000 0.000 0.000 0.000 0.000 0.000 0.000 0.000 0.000 0.000 0.000 0.000 0.000 0.000 0.000 0.000 0.000 0.000 0.000 0.000 0.000 0.000 0.000 0.000 0.000 0.000 0.000 0.000 0.000 0.000 0.000
6.599 15.000 20.000 20.000 20.166 20.112 20.344 20.412 20.383 20.314 20.366 20.334 20.477 20.071 20.142 20.333 20.398 20.148 20.313 20.225 20.155 20.153 20.000 20.000 20.000 20.000 8.347 4.923 2.802 1.516 0.777 0.361 0.151 0.056 0.019 0.006 0.002 0.001 0.000 0.000 0.000 0.000 0.000 0.000 0.000 0.000 0.000 0.000 0.000 0.000 0.000 0.000 0.000 0.000 0.000 0.000 0.000 0.000 0.000 0.000 0.000 0.000 0.000 0.000 0.000 0.000 0.000 0.000 0.000 0.000 0.000 0.000 0.000 0.000 0.000 0.000 0.000
10.000 20.000 20.000 20.326 20.213 20.194 20.091 20.295 20.302 20.256 20.352 20.201 20.351 20.244 20.129 20.278 20.225 20.121 20.173 20.117 20.296 20.180 20.000 20.000 20.000 6.708 3.475 1.838 0.973 0.489 0.230 0.101 0.040 0.014 0.004 0.001 0.000 0.000 0.000 0.000 0.000 0.000 0.000 0.000 0.000 0.000 0.000 0.000 0.000 0.000 0.000 0.000 0.000 0.000 0.000 0.000 0.000 0.000 0.000 0.000 0.000 0.000 0.000 0.000 0.000 0.000 0.000 0.000 0.000 0.000 0.000 0.000 0.000 0.000 0.000 0.000 0.000
15.000 20.000 20.331 20.197 20.102 20.258 20.236 20.236 20.276 20.261 20.350 20.088 20.155 20.287 20.141 20.345 20.200 20.113 20.000 20.030 20.000 20.000 20.000 8.539 5.193 2.853 1.473 0.750 0.361 0.163 0.068 0.026 0.009 0.003 0.001 0.000 0.000 0.000 0.000 0.000 0.000 0.000 0.000 0.000 0.000 0.000 0.000 0.000 0.000 0.000 0.000 0.000 0.000 0.000 0.000 0.000 0.000 0.000 0.000 0.000 0.000 0.000 0.000 0.000 0.000 0.000 0.000 0.000 0.000 0.000 0.000 0.000 0.000 0.000 0.000 0.000 0.000
20.000 20.158 20.296 20.236 20.055 20.178 20.166 20.515 20.205 20.226 20.223 20.125 20.093 20.061 20.079 20.294 20.000 20.075 20.000 20.000 20.000 20.000 7.183 4.051 2.222 1.228 0.636 0.297 0.127 0.050 0.018 0.006 0.002 0.001 0.000 0.000 0.000 0.000 0.000 0.000 0.000 0.000 0.000 0.000 0.000 0.000 0.000 0.000 0.000 0.000 0.000 0.000 0.000 0.000 0.000 0.000 0.000 0.000 0.000 0.000 0.000 0.000 0.000 0.000 0.000 0.000 0.000 0.000 0.000 0.000 0.000 0.000 0.000 0.000 0.000 0.000 0.000
20.000 20.240 20.000 20.000 20.237 20.069 20.482 20.456 20.151 20.068 20.280 20.192 20.000 20.026 20.026 20.135 20.070 20.000 20.000 20.000 8.032 5.402 3.246 1.779 0.956 0.494 0.236 0.101 0.038 0.013 0.004 0.001 0.000 0.000 0.000 0.000 0.000 0.000 0.000 0.000 0.000 0.000 0.000 0.000 0.000 0.000 0.000 0.000 0.000 0.000 0.000 0.000 0.000 0.000 0.000 0.000 0.000 0.000 0.000 0.000 0.000 0.000 0.000 0.000 0.000 0.000 0.000 0.000 0.000 0.000 0.000 0.000 0.000 0.000 0.000 0.000 0.000
20.360 20.221 20.140 20.289 20.291 20.341 20.173 20.198 20.300 20.000 20.506 20.379 20.000 20.000 20.000 20.000 20.000 20.000 8.946 5.976 3.776 2.254 1.304 0.706 0.356 0.169 0.073 0.028 0.010 0.003 0.001 0.000 0.000 0.000 0.000 0.000 0.000 0.000 0.000 0.000 0.000 0.000 0.000 0.000 0.000 0.000 0.000 0.000 0.000 0.000 0.000 0.000 0.000 0.000 0.000 0.000 0.000 0.000 0.000 0.000 0.000 0.000 0.000 0.000 0.000 0.000 0.000 0.000 0.000 0.000 0.000 0.000 0.000 0.000 0.000 0.000 0.000
20.000 20.140 20.278 20.429 20.410 20.491 20.347 20.190 20.109 20.000 20.040 20.279 20.155 20.127 20.000 20.000 20.000 7.360 4.462 2.654 1.565 0.889 0.478 0.241 0.113 0.049 0.019 0.007 0.002 0.001 0.000 0.000 0.000 0.000 0.000 0.000 0.000 0.000 0.000 0.000 0.000 0.000 0.000 0.000 0.000 0.000 0.000 0.000 0.000 0.000 0.000 0.000 0.000 0.000 0.000 0.000 0.000 0.000 0.000 0.000 0.000 0.000 0.000 0.000 0.000 0.000 0.000 0.000 0.000 0.000 0.000 0.000 0.000 0.000 0.000 0.000 0.000
20.064 20.361 20.185 20.361 20.474 20.487 20.350 20.192 20.183 20.076 20.087 20.000 20.000 20.000 20.000 9.115 5.918 3.513 1.964 1.085 0.588 0.309 0.154 0.071 0.030 0.012 0.004 0.001 0.000 0.000 0.000 0.000 0.000 0.000 0.000 0.000 0.000 0.000 0.000 0.000 0.000 0.000 0.000 0.000 0.000 0.000 0.000 0.000 0.000 0.000 0.000 0.000 0.000 0.000 0.000 0.000 0.000 0.000 0.000 0.000 0.000 0.000 0.000 0.000 0.000 0.000 0.000 0.000 0.000 0.000 0.000 0.000 0.000 0.000 0.000 0.000 0.000
20.093 20.347 20.115 20.303 20.612 20.559 20.416 20.109 20.162 20.025 20.000 20.000 20.000 20.000 7.615 4.652 2.703 1.492 0.781 0.394 0.193 0.092 0.042 0.018 0.007 0.002 0.001 0.000 0.000 0.000 0.000 0.000 0.000 0.000 0.000 0.000 0.000 0.000 0.000 0.000 0.000 0.000 0.000 0.000 0.000 0.000 0.000 0.000 0.000 0.000 0.000 0.000 0.000 0.000 0.000 0.000 0.000 0.000 0.000 0.000 0.000 0.000 0.000 0.000 0.000 0.000 0.000 0.000 0.000 0.000 0.000 0.000 0.000 0.000 0.000 0.000 0.000
20.000 20.232 20.462 20.324 20.349 20.327 20.151 20.062 20.000 20.000 20.000 20.000 8.484 5.856 3.634 2.075 1.121 0.562 0.266 0.120 0.053 0.023 0.010 0.004 0.001 0.000 0.000 0.000 0.000 0.000 0.000 0.000 0.000 0.000 0.000 0.000 0.000 0.000 0.000 0.000 0.000 0.000 0.000 0.000 0.000 0.000 0.000 0.000 0.000 0.000 0.000 0.000 0.000 0.000 0.000 0.000 0.000 0.000 0.000 0.000 0.000 0.000 0.000 0.000 0.000 0.000 0.000 0.000 0.000 0.000 0.000 0.000 0.000 0.000 0.000 0.000 0.000
