RESULTS/r.avaflow_results/33_results/33_ascii/33_hflow0056.asc
ncols 506
nrows 317
xllcenter 498237.50
yllcenter 5580050.00
cellsize 12.50
NODATA_value -9999.000
[rows 170 to 203 of 317, columns 231 to 307 of 506]
0.088 0.066 0.052 0.044 0.041 0.041 0.041 0.046 0.062 0.103 0.149 0.166 0.166 0.152 0.114 0.065 0.038 0.024 0.016 0.011 0.008 0.005 0.003 0.002 0.001 0.000 0.000 0.000 0.000 0.000 0.000 0.000 0.000 0.000 0.000 0.000 0.000 0.000 0.000 0.000 0.000 0.000 0.000 0.000 0.000 0.000 0.000 0.000 0.000 0.000 0.000 0.000 0.000 0.000 0.000 0.000 0.000 0.000 0.000 0.000 0.000 0.000 0.000 0.000 0.000 0.000 0.000 0.000 0.000 0.000 0.000 0.000 0.000 0.000 0.000 0.000 0.000
0.133 0.093 0.069 0.057 0.052 0.052 0.054 0.069 0.115 0.231 0.362 0.411 0.408 0.361 0.253 0.130 0.065 0.037 0.023 0.015 0.010 0.007 0.005 0.003 0.002 0.001 0.000 0.000 0.000 0.000 0.000 0.000 0.000 0.000 0.000 0.000 0.000 0.000 0.000 0.000 0.000 0.000 0.000 0.000 0.000 0.000 0.000 0.000 0.000 0.000 0.000 0.000 0.000 0.000 0.000 0.000 0.000 0.000 0.000 0.000 0.000 0.000 0.000 0.000 0.000 0.000 0.000 0.000 0.000 0.000 0.000 0.000 0.000 0.000 0.000 0.000 0.000
0.214 0.138 0.095 0.074 0.066 0.065 0.071 0.102 0.204 0.453 0.740 0.854 0.845 0.741 0.516 0.263 0.120 0.058 0.032 0.019 0.013 0.009 0.006 0.004 0.003 0.001 0.000 0.000 0.000 0.000 0.000 0.000 0.000 0.000 0.000 0.000 0.000 0.000 0.000 0.000 0.000 0.000 0.000 0.000 0.000 0.000 0.000 0.000 0.000 0.000 0.000 0.000 0.000 0.000 0.000 0.000 0.000 0.000 0.000 0.000 0.000 0.000 0.000 0.000 0.000 0.000 0.000 0.000 0.000 0.000 0.000 0.000 0.000 0.000 0.000 0.000 0.000
0.317 0.214 0.138 0.099 0.084 0.082 0.090 0.130 0.266 0.607 1.023 1.202 1.198 1.062 0.762 0.407 0.190 0.088 0.044 0.025 0.016 0.011 0.008 0.006 0.004 0.002 0.001 0.000 0.000 0.000 0.000 0.000 0.000 0.000 0.000 0.000 0.000 0.000 0.000 0.000 0.000 0.000 0.000 0.000 0.000 0.000 0.000 0.000 0.000 0.000 0.000 0.000 0.000 0.000 0.000 0.000 0.000 0.000 0.000 0.000 0.000 0.000 0.000 0.000 0.000 0.000 0.000 0.000 0.000 0.000 0.000 0.000 0.000 0.000 0.000 0.000 0.000
0.385 0.306 0.211 0.141 0.110 0.102 0.109 0.150 0.293 0.652 1.110 1.317 1.321 1.180 0.863 0.479 0.234 0.112 0.056 0.032 0.020 0.014 0.010 0.007 0.005 0.003 0.002 0.001 0.000 0.000 0.000 0.000 0.000 0.000 0.000 0.000 0.000 0.000 0.000 0.000 0.000 0.000 0.000 0.000 0.000 0.000 0.000 0.000 0.000 0.000 0.000 0.000 0.000 0.000 0.000 0.000 0.000 0.000 0.000 0.000 0.000 0.000 0.000 0.000 0.000 0.000 0.000 0.000 0.000 0.000 0.000 0.000 0.000 0.000 0.000 0.000 0.000
0.406 0.364 0.293 0.203 0.145 0.128 0.131 0.167 0.300 0.639 1.071 1.274 1.285 1.157 0.862 0.493 0.252 0.128 0.068 0.038 0.024 0.016 0.012 0.009 0.006 0.004 0.003 0.002 0.001 0.000 0.000 0.000 0.000 0.000 0.000 0.000 0.000 0.000 0.000 0.000 0.000 0.000 0.000 0.000 0.000 0.000 0.000 0.000 0.000 0.000 0.000 0.000 0.000 0.000 0.000 0.000 0.000 0.000 0.000 0.000 0.000 0.000 0.000 0.000 0.000 0.000 0.000 0.000 0.000 0.000 0.000 0.000 0.000 0.000 0.000 0.000 0.000
0.399 0.379 0.337 0.264 0.192 0.161 0.159 0.187 0.299 0.571 0.898 1.057 1.074 0.988 0.770 0.468 0.254 0.136 0.075 0.044 0.028 0.019 0.014 0.010 0.008 0.006 0.004 0.003 0.002 0.001 0.000 0.000 0.000 0.000 0.000 0.000 0.000 0.000 0.000 0.000 0.000 0.000 0.000 0.000 0.000 0.000 0.000 0.000 0.000 0.000 0.000 0.000 0.000 0.000 0.000 0.000 0.000 0.000 0.000 0.000 0.000 0.000 0.000 0.000 0.000 0.000 0.000 0.000 0.000 0.000 0.000 0.000 0.000 0.000 0.000 0.000 0.000
0.370 0.367 0.345 0.301 0.243 0.208 0.201 0.218 0.293 0.457 0.620 0.691 0.702 0.665 0.556 0.382 0.233 0.136 0.079 0.047 0.031 0.022 0.016 0.012 0.009 0.007 0.005 0.004 0.002 0.001 0.001 0.000 0.000 0.000 0.000 0.000 0.000 0.000 0.000 0.000 0.000 0.000 0.000 0.000 0.000 0.000 0.000 0.000 0.000 0.000 0.000 0.000 0.000 0.000 0.000 0.000 0.000 0.000 0.000 0.000 0.000 0.000 0.000 0.000 0.000 0.000 0.000 0.000 0.000 0.000 0.000 0.000 0.000 0.000 0.000 0.000 0.000
0.316 0.334 0.332 0.313 0.282 0.263 0.259 0.268 0.311 0.390 0.440 0.451 0.435 0.393 0.331 0.252 0.178 0.120 0.077 0.049 0.033 0.024 0.018 0.014 0.011 0.009 0.007 0.005 0.004 0.002 0.001 0.001 0.000 0.000 0.000 0.000 0.000 0.000 0.000 0.000 0.000 0.000 0.000 0.000 0.000 0.000 0.000 0.000 0.000 0.000 0.000 0.000 0.000 0.000 0.000 0.000 0.000 0.000 0.000 0.000 0.000 0.000 0.000 0.000 0.000 0.000 0.000 0.000 0.000 0.000 0.000 0.000 0.000 0.000 0.000 0.000 0.000
0.247 0.285 0.303 0.305 0.298 0.295 0.300 0.314 0.339 0.363 0.366 0.346 0.304 0.254 0.207 0.164 0.127 0.096 0.070 0.050 0.036 0.027 0.021 0.017 0.014 0.011 0.009 0.007 0.005 0.004 0.003 0.002 0.001 0.000 0.000 0.000 0.000 0.000 0.000 0.000 0.000 0.000 0.000 0.000 0.000 0.000 0.000 0.000 0.000 0.000 0.000 0.000 0.000 0.000 0.000 0.000 0.000 0.000 0.000 0.000 0.000 0.000 0.000 0.000 0.000 0.000 0.000 0.000 0.000 0.000 0.000 0.000 0.000 0.000 0.000 0.000 0.000
0.190 0.232 0.264 0.283 0.295 0.305 0.318 0.336 0.352 0.354 0.338 0.295 0.236 0.186 0.149 0.122 0.101 0.083 0.066 0.052 0.040 0.032 0.025 0.021 0.017 0.014 0.011 0.009 0.007 0.005 0.004 0.003 0.002 0.001 0.000 0.000 0.000 0.000 0.000 0.000 0.000 0.000 0.000 0.000 0.000 0.000 0.000 0.000 0.000 0.000 0.000 0.000 0.000 0.000 0.000 0.000 0.000 0.000 0.000 0.000 0.000 0.000 0.000 0.000 0.000 0.000 0.000 0.000 0.000 0.000 0.000 0.000 0.000 0.000 0.000 0.000 0.000
0.152 0.184 0.217 0.247 0.274 0.299 0.320 0.341 0.352 0.350 0.323 0.265 0.200 0.153 0.123 0.104 0.091 0.079 0.067 0.055 0.045 0.037 0.031 0.026 0.022 0.018 0.015 0.012 0.009 0.007 0.006 0.004 0.003 0.002 0.001 0.000 0.000 0.000 0.000 0.000 0.000 0.000 0.000 0.000 0.000 0.000 0.000 0.000 0.000 0.000 0.000 0.000 0.000 0.000 0.000 0.000 0.000 0.000 0.000 0.000 0.000 0.000 0.000 0.000 0.000 0.000 0.000 0.000 0.000 0.000 0.000 0.000 0.000 0.000 0.000 0.000 0.000
0.127 0.150 0.176 0.203 0.234 0.271 0.308 0.332 0.343 0.339 0.309 0.248 0.184 0.140 0.113 0.098 0.088 0.080 0.071 0.061 0.052 0.045 0.039 0.034 0.029 0.025 0.020 0.016 0.013 0.010 0.008 0.006 0.004 0.003 0.002 0.001 0.001 0.000 0.000 0.000 0.000 0.000 0.000 0.000 0.000 0.000 0.000 0.000 0.000 0.000 0.000 0.000 0.000 0.000 0.000 0.000 0.000 0.000 0.000 0.000 0.000 0.000 0.000 0.000 0.000 0.000 0.000 0.000 0.000 0.000 0.000 0.000 0.000 0.000 0.000 0.000 0.000
0.113 0.132 0.154 0.179 0.206 0.242 0.282 0.309 0.321 0.319 0.296 0.243 0.181 0.138 0.112 0.097 0.089 0.083 0.077 0.069 0.062 0.056 0.052 0.048 0.043 0.037 0.030 0.023 0.018 0.014 0.011 0.008 0.006 0.005 0.003 0.002 0.002 0.001 0.001 0.000 0.000 0.000 0.000 0.000 0.000 0.000 0.000 0.000 0.000 0.000 0.000 0.000 0.000 0.000 0.000 0.000 0.000 0.000 0.000 0.000 0.000 0.000 0.000 0.000 0.000 0.000 0.000 0.000 0.000 0.000 0.000 0.000 0.000 0.000 0.000 0.000 0.000
0.107 0.125 0.146 0.171 0.199 0.232 0.272 0.299 0.310 0.310 0.293 0.249 0.190 0.147 0.119 0.103 0.094 0.089 0.085 0.081 0.077 0.076 0.076 0.074 0.071 0.063 0.052 0.037 0.027 0.020 0.015 0.011 0.009 0.007 0.005 0.004 0.003 0.002 0.002 0.001 0.000 0.000 0.000 0.000 0.000 0.000 0.000 0.000 0.000 0.000 0.000 0.000 0.000 0.000 0.000 0.000 0.000 0.000 0.000 0.000 0.000 0.000 0.000 0.000 0.000 0.000 0.000 0.000 0.000 0.000 0.000 0.000 0.000 0.000 0.000 0.000 0.000
0.106 0.124 0.146 0.172 0.200 0.234 0.273 0.303 0.318 0.320 0.311 0.281 0.234 0.189 0.153 0.126 0.111 0.103 0.099 0.098 0.100 0.109 0.122 0.129 0.127 0.119 0.098 0.067 0.042 0.028 0.020 0.016 0.012 0.010 0.008 0.006 0.005 0.004 0.003 0.002 0.001 0.001 0.000 0.000 0.000 0.000 0.000 0.000 0.000 0.000 0.000 0.000 0.000 0.000 0.000 0.000 0.000 0.000 0.000 0.000 0.000 0.000 0.000 0.000 0.000 0.000 0.000 0.000 0.000 0.000 0.000 0.000 0.000 0.000 0.000 0.000 0.000
0.110 0.128 0.151 0.180 0.212 0.249 0.296 0.347 0.380 0.397 0.400 0.389 0.361 0.318 0.258 0.193 0.151 0.131 0.125 0.127 0.138 0.165 0.208 0.237 0.244 0.235 0.199 0.131 0.071 0.042 0.028 0.021 0.016 0.013 0.011 0.009 0.008 0.006 0.005 0.004 0.003 0.002 0.001 0.001 0.000 0.000 0.000 0.000 0.000 0.000 0.000 0.000 0.000 0.000 0.000 0.000 0.000 0.000 0.000 0.000 0.000 0.000 0.000 0.000 0.000 0.000 0.000 0.000 0.000 0.000 0.000 0.000 0.000 0.000 0.000 0.000 0.000
0.121 0.143 0.170 0.202 0.241 0.291 0.370 0.490 0.588 0.641 0.666 0.672 0.660 0.607 0.491 0.339 0.239 0.191 0.177 0.180 0.203 0.264 0.367 0.444 0.474 0.467 0.404 0.263 0.129 0.065 0.039 0.028 0.022 0.018 0.015 0.013 0.011 0.009 0.008 0.007 0.005 0.004 0.002 0.001 0.001 0.000 0.000 0.000 0.000 0.000 0.000 0.000 0.000 0.000 0.000 0.000 0.000 0.000 0.000 0.000 0.000 0.000 0.000 0.000 0.000 0.000 0.000 0.000 0.000 0.000 0.000 0.000 0.000 0.000 0.000 0.000 0.000
0.133 0.162 0.195 0.237 0.291 0.377 0.541 0.816 1.041 1.153 1.189 1.194 1.161 1.056 0.851 0.585 0.399 0.306 0.276 0.278 0.321 0.449 0.662 0.815 0.876 0.864 0.752 0.494 0.237 0.109 0.059 0.039 0.029 0.024 0.020 0.017 0.015 0.014 0.012 0.010 0.008 0.006 0.004 0.003 0.002 0.001 0.000 0.000 0.000 0.000 0.000 0.000 0.000 0.000 0.000 0.000 0.000 0.000 0.000 0.000 0.000 0.000 0.000 0.000 0.000 0.000 0.000 0.000 0.000 0.000 0.000 0.000 0.000 0.000 0.000 0.000 0.000
0.136 0.167 0.205 0.258 0.347 0.511 0.828 1.285 1.596 1.708 1.713 1.672 1.576 1.410 1.150 0.854 0.632 0.497 0.448 0.452 0.538 0.799 1.179 1.411 1.487 1.450 1.234 0.799 0.398 0.184 0.092 0.056 0.040 0.032 0.027 0.024 0.021 0.019 0.017 0.015 0.013 0.010 0.007 0.005 0.003 0.002 0.001 0.000 0.000 0.000 0.000 0.000 0.000 0.000 0.000 0.000 0.000 0.000 0.000 0.000 0.000 0.000 0.000 0.000 0.000 0.000 0.000 0.000 0.000 0.000 0.000 0.000 0.000 0.000 0.000 0.000 0.000
0.127 0.161 0.201 0.260 0.372 0.606 1.051 1.595 1.908 1.995 1.977 1.902 1.774 1.583 1.306 1.038 0.857 0.750 0.708 0.735 0.933 1.415 1.937 2.177 2.192 2.031 1.617 0.997 0.523 0.265 0.143 0.084 0.057 0.043 0.036 0.032 0.030 0.028 0.026 0.023 0.020 0.016 0.011 0.008 0.005 0.003 0.001 0.000 0.000 0.000 0.000 0.000 0.000 0.000 0.000 0.000 0.000 0.000 0.000 0.000 0.000 0.000 0.000 0.000 0.000 0.000 0.000 0.000 0.000 0.000 0.000 0.000 0.000 0.000 0.000 0.000 0.000
0.099 0.132 0.176 0.243 0.369 0.633 1.131 1.693 1.994 2.063 2.040 1.960 1.830 1.636 1.362 1.133 1.007 0.961 0.978 1.110 1.471 2.081 2.549 2.715 2.674 2.393 1.810 1.081 0.587 0.320 0.186 0.118 0.082 0.062 0.051 0.045 0.043 0.042 0.040 0.038 0.033 0.025 0.017 0.012 0.008 0.004 0.002 0.001 0.000 0.000 0.000 0.000 0.000 0.000 0.000 0.000 0.000 0.000 0.000 0.000 0.000 0.000 0.000 0.000 0.000 0.000 0.000 0.000 0.000 0.000 0.000 0.000 0.000 0.000 0.000 0.000 0.000
0.060 0.084 0.123 0.191 0.321 0.591 1.085 1.642 1.941 2.017 2.004 1.942 1.826 1.638 1.368 1.167 1.083 1.079 1.153 1.380 1.832 2.436 2.814 2.934 2.872 2.535 1.858 1.094 0.604 0.342 0.208 0.138 0.100 0.080 0.069 0.064 0.062 0.062 0.062 0.059 0.051 0.038 0.025 0.016 0.010 0.006 0.003 0.001 0.000 0.000 0.000 0.000 0.000 0.000 0.000 0.000 0.000 0.000 0.000 0.000 0.000 0.000 0.000 0.000 0.000 0.000 0.000 0.000 0.000 0.000 0.000 0.000 0.000 0.000 0.000 0.000 0.000
0.035 0.047 0.069 0.113 0.211 0.430 0.844 1.366 1.696 1.826 1.856 1.836 1.760 1.598 1.347 1.167 1.106 1.120 1.232 1.498 1.957 2.491 2.815 2.913 2.851 2.502 1.792 1.036 0.578 0.336 0.209 0.142 0.107 0.090 0.081 0.078 0.077 0.077 0.077 0.074 0.064 0.047 0.030 0.019 0.012 0.007 0.003 0.001 0.000 0.000 0.000 0.000 0.000 0.000 0.000 0.000 0.000 0.000 0.000 0.000 0.000 0.000 0.000 0.000 0.000 0.000 0.000 0.000 0.000 0.000 0.000 0.000 0.000 0.000 0.000 0.000 0.000
0.023 0.029 0.039 0.058 0.102 0.208 0.440 0.830 1.212 1.450 1.563 1.598 1.573 1.466 1.269 1.130 1.091 1.116 1.234 1.485 1.878 2.261 2.481 2.544 2.469 2.126 1.461 0.821 0.461 0.280 0.186 0.134 0.105 0.091 0.085 0.083 0.083 0.083 0.083 0.079 0.069 0.050 0.032 0.020 0.012 0.007 0.003 0.001 0.000 0.000 0.000 0.000 0.000 0.000 0.000 0.000 0.000 0.000 0.000 0.000 0.000 0.000 0.000 0.000 0.000 0.000 0.000 0.000 0.000 0.000 0.000 0.000 0.000 0.000 0.000 0.000 0.000
0.016 0.019 0.024 0.033 0.050 0.088 0.177 0.355 0.621 0.889 1.088 1.194 1.223 1.187 1.086 1.009 0.998 1.033 1.129 1.288 1.465 1.580 1.620 1.609 1.518 1.250 0.800 0.431 0.247 0.164 0.125 0.103 0.091 0.084 0.082 0.082 0.082 0.082 0.081 0.078 0.068 0.050 0.033 0.021 0.012 0.007 0.003 0.001 0.000 0.000 0.000 0.000 0.000 0.000 0.000 0.000 0.000 0.000 0.000 0.000 0.000 0.000 0.000 0.000 0.000 0.000 0.000 0.000 0.000 0.000 0.000 0.000 0.000 0.000 0.000 0.000 0.000
0.011 0.014 0.017 0.021 0.028 0.042 0.071 0.133 0.246 0.411 0.568 0.674 0.730 0.755 0.757 0.757 0.773 0.803 0.827 0.819 0.767 0.716 0.678 0.641 0.584 0.467 0.288 0.161 0.102 0.077 0.067 0.063 0.063 0.066 0.071 0.073 0.073 0.073 0.072 0.069 0.061 0.047 0.031 0.020 0.012 0.007 0.003 0.001 0.000 0.000 0.000 0.000 0.000 0.000 0.000 0.000 0.000 0.000 0.000 0.000 0.000 0.000 0.000 0.000 0.000 0.000 0.000 0.000 0.000 0.000 0.000 0.000 0.000 0.000 0.000 0.000 0.000
0.008 0.010 0.012 0.015 0.019 0.025 0.035 0.054 0.090 0.156 0.241 0.309 0.352 0.380 0.403 0.422 0.435 0.436 0.414 0.358 0.297 0.258 0.233 0.212 0.188 0.152 0.099 0.064 0.048 0.041 0.039 0.039 0.040 0.044 0.050 0.054 0.055 0.055 0.054 0.051 0.046 0.037 0.027 0.018 0.011 0.006 0.003 0.001 0.000 0.000 0.000 0.000 0.000 0.000 0.000 0.000 0.000 0.000 0.000 0.000 0.000 0.000 0.000 0.000 0.000 0.000 0.000 0.000 0.000 0.000 0.000 0.000 0.000 0.000 0.000 0.000 0.000
0.006 0.007 0.009 0.011 0.013 0.016 0.021 0.028 0.040 0.061 0.095 0.128 0.152 0.172 0.189 0.199 0.201 0.193 0.171 0.138 0.111 0.096 0.087 0.078 0.070 0.058 0.043 0.033 0.028 0.026 0.026 0.026 0.027 0.029 0.033 0.035 0.035 0.035 0.035 0.033 0.030 0.025 0.019 0.014 0.009 0.005 0.003 0.001 0.000 0.000 0.000 0.000 0.000 0.000 0.000 0.000 0.000 0.000 0.000 0.000 0.000 0.000 0.000 0.000 0.000 0.000 0.000 0.000 0.000 0.000 0.000 0.000 0.000 0.000 0.000 0.000 0.000
0.004 0.005 0.006 0.008 0.009 0.012 0.014 0.018 0.023 0.030 0.043 0.058 0.071 0.082 0.089 0.092 0.091 0.086 0.075 0.060 0.050 0.045 0.041 0.038 0.035 0.031 0.025 0.021 0.019 0.019 0.018 0.019 0.019 0.020 0.022 0.023 0.023 0.023 0.023 0.022 0.020 0.017 0.013 0.009 0.006 0.003 0.002 0.001 0.000 0.000 0.000 0.000 0.000 0.000 0.000 0.000 0.000 0.000 0.000 0.000 0.000 0.000 0.000 0.000 0.000 0.000 0.000 0.000 0.000 0.000 0.000 0.000 0.000 0.000 0.000 0.000 0.000
0.002 0.003 0.004 0.005 0.007 0.008 0.010 0.012 0.015 0.019 0.024 0.031 0.038 0.043 0.046 0.047 0.047 0.044 0.039 0.033 0.029 0.027 0.025 0.023 0.022 0.020 0.017 0.015 0.014 0.014 0.013 0.014 0.014 0.014 0.015 0.016 0.016 0.016 0.015 0.015 0.013 0.011 0.009 0.006 0.004 0.002 0.001 0.000 0.000 0.000 0.000 0.000 0.000 0.000 0.000 0.000 0.000 0.000 0.000 0.000 0.000 0.000 0.000 0.000 0.000 0.000 0.000 0.000 0.000 0.000 0.000 0.000 0.000 0.000 0.000 0.000 0.000
0.001 0.002 0.002 0.003 0.004 0.006 0.007 0.009 0.010 0.013 0.016 0.020 0.023 0.026 0.027 0.027 0.027 0.026 0.024 0.021 0.020 0.018 0.017 0.016 0.015 0.014 0.012 0.011 0.010 0.010 0.010 0.010 0.010 0.010 0.010 0.010 0.010 0.010 0.010 0.010 0.009 0.007 0.006 0.004 0.002 0.001 0.000 0.000 0.000 0.000 0.000 0.000 0.000 0.000 0.000 0.000 0.000 0.000 0.000 0.000 0.000 0.000 0.000 0.000 0.000 0.000 0.000 0.000 0.000 0.000 0.000 0.000 0.000 0.000 0.000 0.000 0.000
0.000 0.001 0.001 0.002 0.003 0.004 0.005 0.006 0.007 0.009 0.011 0.013 0.015 0.016 0.017 0.017 0.017 0.017 0.016 0.015 0.014 0.013 0.012 0.011 0.011 0.010 0.008 0.008 0.007 0.007 0.006 0.006 0.006 0.006 0.007 0.007 0.007 0.007 0.006 0.006 0.006 0.005 0.003 0.002 0.001 0.000 0.000 0.000 0.000 0.000 0.000 0.000 0.000 0.000 0.000 0.000 0.000 0.000 0.000 0.000 0.000 0.000 0.000 0.000 0.000 0.000 0.000 0.000 0.000 0.000 0.000 0.000 0.000 0.000 0.000 0.000 0.000
0.000 0.000 0.000 0.001 0.001 0.002 0.003 0.004 0.005 0.006 0.007 0.009 0.010 0.011 0.011 0.011 0.011 0.011 0.011 0.010 0.010 0.009 0.008 0.008 0.007 0.006 0.006 0.005 0.004 0.004 0.004 0.004 0.004 0.004 0.004 0.004 0.004 0.004 0.004 0.004 0.003 0.003 0.002 0.001 0.000 0.000 0.000 0.000 0.000 0.000 0.000 0.000 0.000 0.000 0.000 0.000 0.000 0.000 0.000 0.000 0.000 0.000 0.000 0.000 0.000 0.000 0.000 0.000 0.000 0.000 0.000 0.000 0.000 0.000 0.000 0.000 0.000
