RESULTS/r.avaflow_results/33_results/33_ascii/33_hflow30058.asc
ncols 506
nrows 317
xllcenter 498237.50
yllcenter 5580050.00
cellsize 12.50
NODATA_value -9999.000
[rows 170 to 203 of 317, columns 154 to 230 of 506]
8.695 8.608 8.505 8.381 8.216 8.022 7.843 7.695 7.564 7.430 7.301 7.175 7.024 6.779 6.362 5.746 4.976 4.155 3.354 2.597 1.902 1.303 0.846 0.551 0.387 0.304 0.269 0.260 0.262 0.280 0.323 0.381 0.424 0.449 0.466 0.482 0.508 0.544 0.562 0.563 0.551 0.532 0.524 0.518 0.507 0.483 0.437 0.370 0.298 0.232 0.178 0.139 0.112 0.095 0.085 0.080 0.079 0.081 0.085 0.090 0.093 0.094 0.094 0.093 0.093 0.094 0.098 0.114 0.157 0.249 0.359 0.412 0.419 0.384 0.287 0.180 0.118
11.864 12.134 12.289 12.351 12.339 12.245 12.069 11.848 11.611 11.362 11.115 10.880 10.642 10.348 9.890 9.185 8.232 7.102 5.907 4.724 3.601 2.593 1.761 1.155 0.776 0.562 0.450 0.401 0.390 0.405 0.445 0.493 0.520 0.529 0.529 0.529 0.537 0.556 0.564 0.559 0.536 0.507 0.488 0.470 0.446 0.403 0.327 0.235 0.159 0.113 0.087 0.071 0.062 0.056 0.055 0.055 0.058 0.062 0.067 0.070 0.071 0.070 0.069 0.067 0.067 0.067 0.071 0.084 0.115 0.182 0.292 0.376 0.408 0.408 0.374 0.287 0.192
15.378 16.015 16.313 16.369 16.296 16.085 15.779 15.446 15.120 14.791 14.464 14.164 13.878 13.568 13.141 12.475 11.526 10.331 8.969 7.517 6.045 4.617 3.341 2.305 1.559 1.073 0.777 0.613 0.534 0.507 0.509 0.524 0.534 0.535 0.527 0.517 0.515 0.519 0.516 0.495 0.448 0.398 0.358 0.321 0.281 0.226 0.159 0.105 0.073 0.056 0.046 0.041 0.038 0.037 0.037 0.039 0.043 0.049 0.054 0.055 0.055 0.054 0.052 0.051 0.050 0.050 0.053 0.062 0.083 0.128 0.213 0.321 0.392 0.418 0.418 0.386 0.306
18.066 19.040 19.498 19.582 19.493 19.262 18.952 18.631 18.307 17.962 17.594 17.254 16.941 16.618 16.200 15.545 14.589 13.382 12.028 10.578 9.020 7.352 5.663 4.131 2.898 1.986 1.360 0.964 0.731 0.601 0.536 0.513 0.504 0.493 0.474 0.448 0.430 0.415 0.391 0.344 0.273 0.215 0.177 0.149 0.124 0.096 0.068 0.049 0.038 0.032 0.028 0.026 0.026 0.026 0.027 0.029 0.033 0.038 0.042 0.043 0.043 0.042 0.041 0.040 0.040 0.040 0.043 0.049 0.062 0.088 0.139 0.236 0.351 0.413 0.430 0.425 0.388
19.568 20.779 21.481 21.764 21.830 21.759 21.621 21.450 21.231 20.936 20.561 20.170 19.821 19.465 19.034 18.387 17.452 16.258 14.895 13.434 11.886 10.210 8.362 6.414 4.642 3.208 2.135 1.403 0.943 0.674 0.533 0.462 0.419 0.385 0.346 0.306 0.275 0.247 0.218 0.177 0.130 0.099 0.080 0.068 0.056 0.044 0.034 0.027 0.023 0.021 0.019 0.019 0.019 0.019 0.020 0.022 0.025 0.030 0.033 0.034 0.034 0.034 0.033 0.033 0.033 0.034 0.036 0.040 0.048 0.063 0.092 0.151 0.266 0.379 0.424 0.428 0.415
19.939 21.260 22.196 22.791 23.170 23.410 23.553 23.589 23.521 23.325 22.963 22.487 22.078 21.695 21.263 20.663 19.825 18.736 17.412 15.893 14.227 12.415 10.406 8.128 5.893 4.045 2.636 1.663 1.056 0.701 0.500 0.377 0.295 0.237 0.191 0.160 0.142 0.127 0.111 0.088 0.065 0.051 0.042 0.035 0.030 0.025 0.021 0.018 0.016 0.015 0.014 0.014 0.014 0.015 0.015 0.017 0.019 0.023 0.025 0.027 0.028 0.028 0.028 0.028 0.029 0.030 0.032 0.035 0.040 0.049 0.066 0.102 0.177 0.299 0.386 0.414 0.412
19.684 21.066 22.146 22.945 23.596 24.138 24.505 24.678 24.712 24.617 24.282 23.716 23.254 22.894 22.501 21.965 21.241 20.299 19.078 17.546 15.753 13.762 11.557 9.034 6.485 4.390 2.810 1.734 1.074 0.682 0.443 0.293 0.198 0.138 0.101 0.082 0.073 0.067 0.059 0.047 0.037 0.030 0.025 0.021 0.018 0.016 0.014 0.012 0.011 0.011 0.011 0.011 0.011 0.011 0.012 0.013 0.015 0.017 0.020 0.021 0.023 0.023 0.024 0.025 0.026 0.028 0.029 0.032 0.035 0.041 0.053 0.075 0.119 0.204 0.307 0.369 0.389
18.852 20.360 21.655 22.703 23.553 24.214 24.634 24.835 24.900 24.855 24.544 23.935 23.449 23.132 22.783 22.279 21.606 20.756 19.633 18.139 16.292 14.186 11.857 9.215 6.554 4.381 2.761 1.673 1.007 0.604 0.357 0.207 0.123 0.078 0.056 0.045 0.040 0.037 0.033 0.028 0.023 0.019 0.016 0.014 0.012 0.011 0.010 0.009 0.008 0.008 0.008 0.008 0.008 0.008 0.009 0.010 0.011 0.013 0.015 0.017 0.019 0.020 0.021 0.023 0.024 0.026 0.027 0.030 0.033 0.037 0.045 0.060 0.087 0.135 0.213 0.291 0.341
17.627 19.279 20.768 22.052 23.089 23.824 24.231 24.400 24.445 24.385 24.084 23.505 22.998 22.657 22.288 21.774 21.124 20.333 19.289 17.860 16.032 13.892 11.493 8.784 6.135 3.993 2.423 1.396 0.790 0.436 0.230 0.121 0.069 0.045 0.033 0.027 0.024 0.022 0.020 0.017 0.015 0.013 0.011 0.010 0.008 0.007 0.007 0.006 0.006 0.006 0.005 0.005 0.006 0.006 0.006 0.007 0.008 0.010 0.012 0.013 0.015 0.017 0.019 0.020 0.022 0.024 0.025 0.028 0.030 0.034 0.040 0.051 0.068 0.098 0.144 0.207 0.268
16.221 17.963 19.535 20.904 22.003 22.767 23.180 23.310 23.271 23.066 22.746 22.339 21.879 21.364 20.791 20.194 19.561 18.840 17.890 16.541 14.743 12.567 10.103 7.436 4.988 3.058 1.692 0.854 0.420 0.210 0.110 0.062 0.038 0.027 0.021 0.018 0.016 0.015 0.013 0.012 0.010 0.009 0.008 0.007 0.006 0.005 0.004 0.004 0.003 0.003 0.003 0.003 0.004 0.004 0.004 0.005 0.006 0.007 0.009 0.010 0.012 0.014 0.016 0.018 0.020 0.022 0.024 0.026 0.028 0.032 0.037 0.045 0.057 0.077 0.107 0.148 0.198
14.605 16.325 17.873 19.230 20.350 21.183 21.674 21.817 21.708 21.374 21.117 20.933 20.557 19.813 18.957 18.230 17.518 16.745 15.741 14.307 12.398 10.084 7.551 5.120 3.125 1.696 0.808 0.351 0.160 0.083 0.049 0.032 0.023 0.018 0.014 0.013 0.011 0.010 0.009 0.008 0.007 0.006 0.005 0.004 0.004 0.003 0.002 0.002 0.002 0.002 0.002 0.002 0.002 0.002 0.003 0.003 0.004 0.005 0.006 0.008 0.009 0.011 0.013 0.015 0.017 0.019 0.022 0.024 0.026 0.029 0.034 0.041 0.052 0.067 0.088 0.117 0.153
12.677 14.280 15.787 17.197 18.468 19.539 20.275 20.558 20.482 20.164 19.935 19.759 19.329 18.450 17.479 16.660 15.814 14.769 13.372 11.519 9.152 6.559 4.242 2.536 1.396 0.689 0.298 0.123 0.061 0.037 0.026 0.019 0.015 0.012 0.010 0.009 0.008 0.007 0.006 0.005 0.005 0.004 0.003 0.003 0.002 0.002 0.001 0.001 0.001 0.001 0.001 0.001 0.001 0.001 0.001 0.002 0.003 0.003 0.004 0.006 0.007 0.009 0.011 0.013 0.015 0.017 0.020 0.022 0.025 0.028 0.032 0.039 0.049 0.062 0.079 0.100 0.126
10.509 11.985 13.492 15.031 16.549 17.892 18.865 19.298 19.293 19.040 18.731 18.373 17.765 16.832 15.854 14.952 13.942 12.559 10.614 8.034 5.340 3.154 1.719 0.892 0.448 0.214 0.096 0.046 0.028 0.020 0.016 0.013 0.010 0.009 0.007 0.006 0.005 0.005 0.004 0.003 0.003 0.002 0.002 0.001 0.001 0.001 0.000 0.000 0.000 0.000 0.000 0.000 0.000 0.000 0.000 0.001 0.001 0.002 0.003 0.004 0.005 0.007 0.009 0.011 0.013 0.015 0.018 0.020 0.023 0.027 0.032 0.039 0.048 0.061 0.075 0.091 0.110
8.520 9.859 11.258 12.773 14.373 15.816 16.908 17.468 17.552 17.322 16.780 16.020 15.125 14.187 13.236 12.220 10.944 9.107 6.568 4.022 2.174 1.036 0.460 0.219 0.116 0.063 0.035 0.022 0.016 0.013 0.011 0.009 0.007 0.006 0.005 0.004 0.003 0.003 0.002 0.002 0.001 0.001 0.001 0.000 0.000 0.000 0.000 0.000 0.000 0.000 0.000 0.000 0.000 0.000 0.000 0.000 0.001 0.001 0.002 0.003 0.004 0.005 0.007 0.009 0.011 0.013 0.016 0.019 0.022 0.026 0.031 0.039 0.048 0.060 0.073 0.087 0.101
6.647 7.783 8.942 10.152 11.396 12.571 13.556 14.142 14.282 14.076 13.381 12.272 11.031 9.916 8.825 7.634 6.170 4.358 2.528 1.249 0.534 0.214 0.099 0.058 0.037 0.025 0.018 0.014 0.011 0.009 0.008 0.006 0.005 0.004 0.003 0.003 0.002 0.001 0.001 0.001 0.000 0.000 0.000 0.000 0.000 0.000 0.000 0.000 0.000 0.000 0.000 0.000 0.000 0.000 0.000 0.000 0.000 0.000 0.001 0.002 0.003 0.004 0.005 0.007 0.009 0.012 0.014 0.018 0.021 0.026 0.031 0.039 0.049 0.060 0.073 0.085 0.097
4.718 5.453 6.066 6.602 7.119 7.695 8.335 8.788 8.936 8.813 8.218 7.107 5.796 4.739 3.856 3.035 2.161 1.241 0.570 0.226 0.094 0.050 0.032 0.024 0.018 0.014 0.011 0.009 0.008 0.006 0.005 0.004 0.003 0.003 0.002 0.001 0.001 0.001 0.000 0.000 0.000 0.000 0.000 0.000 0.000 0.000 0.000 0.000 0.000 0.000 0.000 0.000 0.000 0.000 0.000 0.000 0.000 0.000 0.000 0.001 0.002 0.003 0.004 0.006 0.008 0.010 0.013 0.016 0.020 0.025 0.031 0.039 0.049 0.060 0.072 0.084 0.097
2.687 2.883 2.998 3.071 3.143 3.262 3.484 3.668 3.731 3.685 3.414 2.847 2.081 1.473 1.054 0.741 0.452 0.220 0.095 0.047 0.029 0.021 0.017 0.014 0.012 0.010 0.008 0.007 0.005 0.004 0.003 0.003 0.002 0.001 0.001 0.000 0.000 0.000 0.000 0.000 0.000 0.000 0.000 0.000 0.000 0.000 0.000 0.000 0.000 0.000 0.000 0.000 0.000 0.000 0.000 0.000 0.000 0.000 0.000 0.000 0.001 0.002 0.003 0.004 0.006 0.009 0.012 0.015 0.019 0.024 0.030 0.038 0.047 0.058 0.070 0.084 0.098
1.178 1.132 1.090 1.043 0.996 0.971 0.993 1.024 1.030 1.010 0.919 0.730 0.474 0.303 0.208 0.141 0.086 0.047 0.029 0.020 0.016 0.013 0.011 0.010 0.008 0.007 0.005 0.004 0.003 0.003 0.002 0.001 0.001 0.000 0.000 0.000 0.000 0.000 0.000 0.000 0.000 0.000 0.000 0.000 0.000 0.000 0.000 0.000 0.000 0.000 0.000 0.000 0.000 0.000 0.000 0.000 0.000 0.000 0.000 0.000 0.000 0.001 0.002 0.003 0.005 0.008 0.010 0.014 0.018 0.023 0.029 0.036 0.045 0.055 0.068 0.085 0.104
0.393 0.341 0.313 0.292 0.270 0.252 0.244 0.239 0.234 0.224 0.201 0.157 0.102 0.069 0.051 0.038 0.027 0.020 0.016 0.013 0.011 0.009 0.008 0.007 0.006 0.004 0.004 0.003 0.002 0.001 0.001 0.000 0.000 0.000 0.000 0.000 0.000 0.000 0.000 0.000 0.000 0.000 0.000 0.000 0.000 0.000 0.000 0.000 0.000 0.000 0.000 0.000 0.000 0.000 0.000 0.000 0.000 0.000 0.000 0.000 0.000 0.000 0.001 0.002 0.004 0.006 0.009 0.012 0.016 0.021 0.026 0.033 0.041 0.051 0.066 0.085 0.110
0.116 0.102 0.095 0.090 0.084 0.077 0.072 0.068 0.064 0.061 0.055 0.045 0.034 0.027 0.022 0.018 0.015 0.013 0.011 0.009 0.008 0.006 0.005 0.004 0.004 0.003 0.002 0.001 0.001 0.000 0.000 0.000 0.000 0.000 0.000 0.000 0.000 0.000 0.000 0.000 0.000 0.000 0.000 0.000 0.000 0.000 0.000 0.000 0.000 0.000 0.000 0.000 0.000 0.000 0.000 0.000 0.000 0.000 0.000 0.000 0.000 0.000 0.001 0.001 0.003 0.005 0.007 0.010 0.014 0.018 0.023 0.029 0.036 0.046 0.061 0.082 0.109
0.040 0.037 0.036 0.036 0.034 0.032 0.030 0.028 0.027 0.025 0.024 0.021 0.018 0.016 0.013 0.012 0.010 0.009 0.007 0.006 0.005 0.004 0.003 0.003 0.002 0.001 0.001 0.001 0.000 0.000 0.000 0.000 0.000 0.000 0.000 0.000 0.000 0.000 0.000 0.000 0.000 0.000 0.000 0.000 0.000 0.000 0.000 0.000 0.000 0.000 0.000 0.000 0.000 0.000 0.000 0.000 0.000 0.000 0.000 0.000 0.000 0.000 0.000 0.001 0.002 0.003 0.005 0.008 0.011 0.014 0.018 0.023 0.029 0.037 0.051 0.071 0.098
0.018 0.018 0.018 0.019 0.018 0.018 0.017 0.016 0.015 0.015 0.014 0.013 0.012 0.010 0.009 0.008 0.007 0.006 0.005 0.004 0.003 0.003 0.002 0.001 0.001 0.001 0.000 0.000 0.000 0.000 0.000 0.000 0.000 0.000 0.000 0.000 0.000 0.000 0.000 0.000 0.000 0.000 0.000 0.000 0.000 0.000 0.000 0.000 0.000 0.000 0.000 0.000 0.000 0.000 0.000 0.000 0.000 0.000 0.000 0.000 0.000 0.000 0.000 0.000 0.001 0.002 0.003 0.005 0.008 0.010 0.013 0.017 0.021 0.027 0.035 0.050 0.072
0.010 0.011 0.011 0.011 0.011 0.011 0.011 0.010 0.010 0.009 0.009 0.008 0.008 0.007 0.006 0.005 0.004 0.004 0.003 0.002 0.002 0.001 0.001 0.000 0.000 0.000 0.000 0.000 0.000 0.000 0.000 0.000 0.000 0.000 0.000 0.000 0.000 0.000 0.000 0.000 0.000 0.000 0.000 0.000 0.000 0.000 0.000 0.000 0.000 0.000 0.000 0.000 0.000 0.000 0.000 0.000 0.000 0.000 0.000 0.000 0.000 0.000 0.000 0.000 0.000 0.001 0.002 0.003 0.005 0.007 0.010 0.012 0.015 0.019 0.024 0.031 0.044
0.007 0.007 0.007 0.007 0.007 0.007 0.007 0.007 0.006 0.006 0.006 0.006 0.005 0.005 0.004 0.003 0.003 0.002 0.002 0.001 0.001 0.000 0.000 0.000 0.000 0.000 0.000 0.000 0.000 0.000 0.000 0.000 0.000 0.000 0.000 0.000 0.000 0.000 0.000 0.000 0.000 0.000 0.000 0.000 0.000 0.000 0.000 0.000 0.000 0.000 0.000 0.000 0.000 0.000 0.000 0.000 0.000 0.000 0.000 0.000 0.000 0.000 0.000 0.000 0.000 0.000 0.001 0.002 0.003 0.005 0.007 0.009 0.011 0.013 0.016 0.021 0.027
0.004 0.005 0.005 0.005 0.005 0.005 0.005 0.004 0.004 0.004 0.004 0.003 0.003 0.003 0.002 0.002 0.001 0.001 0.001 0.000 0.000 0.000 0.000 0.000 0.000 0.000 0.000 0.000 0.000 0.000 0.000 0.000 0.000 0.000 0.000 0.000 0.000 0.000 0.000 0.000 0.000 0.000 0.000 0.000 0.000 0.000 0.000 0.000 0.000 0.000 0.000 0.000 0.000 0.000 0.000 0.000 0.000 0.000 0.000 0.000 0.000 0.000 0.000 0.000 0.000 0.000 0.000 0.001 0.002 0.003 0.004 0.006 0.008 0.010 0.012 0.015 0.018
0.003 0.003 0.003 0.003 0.003 0.003 0.003 0.003 0.002 0.002 0.002 0.002 0.001 0.001 0.001 0.001 0.000 0.000 0.000 0.000 0.000 0.000 0.000 0.000 0.000 0.000 0.000 0.000 0.000 0.000 0.000 0.000 0.000 0.000 0.000 0.000 0.000 0.000 0.000 0.000 0.000 0.000 0.000 0.000 0.000 0.000 0.000 0.000 0.000 0.000 0.000 0.000 0.000 0.000 0.000 0.000 0.000 0.000 0.000 0.000 0.000 0.000 0.000 0.000 0.000 0.000 0.000 0.000 0.001 0.002 0.003 0.004 0.005 0.007 0.009 0.011 0.013
0.001 0.001 0.001 0.001 0.001 0.001 0.001 0.001 0.001 0.001 0.001 0.001 0.000 0.000 0.000 0.000 0.000 0.000 0.000 0.000 0.000 0.000 0.000 0.000 0.000 0.000 0.000 0.000 0.000 0.000 0.000 0.000 0.000 0.000 0.000 0.000 0.000 0.000 0.000 0.000 0.000 0.000 0.000 0.000 0.000 0.000 0.000 0.000 0.000 0.000 0.000 0.000 0.000 0.000 0.000 0.000 0.000 0.000 0.000 0.000 0.000 0.000 0.000 0.000 0.000 0.000 0.000 0.000 0.000 0.001 0.002 0.002 0.003 0.005 0.006 0.007 0.009
0.000 0.000 0.000 0.000 0.000 0.000 0.000 0.000 0.000 0.000 0.000 0.000 0.000 0.000 0.000 0.000 0.000 0.000 0.000 0.000 0.000 0.000 0.000 0.000 0.000 0.000 0.000 0.000 0.000 0.000 0.000 0.000 0.000 0.000 0.000 0.000 0.000 0.000 0.000 0.000 0.000 0.000 0.000 0.000 0.000 0.000 0.000 0.000 0.000 0.000 0.000 0.000 0.000 0.000 0.000 0.000 0.000 0.000 0.000 0.000 0.000 0.000 0.000 0.000 0.000 0.000 0.000 0.000 0.000 0.000 0.001 0.001 0.002 0.003 0.004 0.005 0.006
0.000 0.000 0.000 0.000 0.000 0.000 0.000 0.000 0.000 0.000 0.000 0.000 0.000 0.000 0.000 0.000 0.000 0.000 0.000 0.000 0.000 0.000 0.000 0.000 0.000 0.000 0.000 0.000 0.000 0.000 0.000 0.000 0.000 0.000 0.000 0.000 0.000 0.000 0.000 0.000 0.000 0.000 0.000 0.000 0.000 0.000 0.000 0.000 0.000 0.000 0.000 0.000 0.000 0.000 0.000 0.000 0.000 0.000 0.000 0.000 0.000 0.000 0.000 0.000 0.000 0.000 0.000 0.000 0.000 0.000 0.000 0.000 0.001 0.002 0.002 0.003 0.004
0.000 0.000 0.000 0.000 0.000 0.000 0.000 0.000 0.000 0.000 0.000 0.000 0.000 0.000 0.000 0.000 0.000 0.000 0.000 0.000 0.000 0.000 0.000 0.000 0.000 0.000 0.000 0.000 0.000 0.000 0.000 0.000 0.000 0.000 0.000 0.000 0.000 0.000 0.000 0.000 0.000 0.000 0.000 0.000 0.000 0.000 0.000 0.000 0.000 0.000 0.000 0.000 0.000 0.000 0.000 0.000 0.000 0.000 0.000 0.000 0.000 0.000 0.000 0.000 0.000 0.000 0.000 0.000 0.000 0.000 0.000 0.000 0.000 0.001 0.001 0.002 0.003
0.000 0.000 0.000 0.000 0.000 0.000 0.000 0.000 0.000 0.000 0.000 0.000 0.000 0.000 0.000 0.000 0.000 0.000 0.000 0.000 0.000 0.000 0.000 0.000 0.000 0.000 0.000 0.000 0.000 0.000 0.000 0.000 0.000 0.000 0.000 0.000 0.000 0.000 0.000 0.000 0.000 0.000 0.000 0.000 0.000 0.000 0.000 0.000 0.000 0.000 0.000 0.000 0.000 0.000 0.000 0.000 0.000 0.000 0.000 0.000 0.000 0.000 0.000 0.000 0.000 0.000 0.000 0.000 0.000 0.000 0.000 0.000 0.000 0.000 0.000 0.001 0.001
0.000 0.000 0.000 0.000 0.000 0.000 0.000 0.000 0.000 0.000 0.000 0.000 0.000 0.000 0.000 0.000 0.000 0.000 0.000 0.000 0.000 0.000 0.000 0.000 0.000 0.000 0.000 0.000 0.000 0.000 0.000 0.000 0.000 0.000 0.000 0.000 0.000 0.000 0.000 0.000 0.000 0.000 0.000 0.000 0.000 0.000 0.000 0.000 0.000 0.000 0.000 0.000 0.000 0.000 0.000 0.000 0.000 0.000 0.000 0.000 0.000 0.000 0.000 0.000 0.000 0.000 0.000 0.000 0.000 0.000 0.000 0.000 0.000 0.000 0.000 0.000 0.000
0.000 0.000 0.000 0.000 0.000 0.000 0.000 0.000 0.000 0.000 0.000 0.000 0.000 0.000 0.000 0.000 0.000 0.000 0.000 0.000 0.000 0.000 0.000 0.000 0.000 0.000 0.000 0.000 0.000 0.000 0.000 0.000 0.000 0.000 0.000 0.000 0.000 0.000 0.000 0.000 0.000 0.000 0.000 0.000 0.000 0.000 0.000 0.000 0.000 0.000 0.000 0.000 0.000 0.000 0.000 0.000 0.000 0.000 0.000 0.000 0.000 0.000 0.000 0.000 0.000 0.000 0.000 0.000 0.000 0.000 0.000 0.000 0.000 0.000 0.000 0.000 0.000
0.000 0.000 0.000 0.000 0.000 0.000 0.000 0.000 0.000 0.000 0.000 0.000 0.000 0.000 0.000 0.000 0.000 0.000 0.000 0.000 0.000 0.000 0.000 0.000 0.000 0.000 0.000 0.000 0.000 0.000 0.000 0.000 0.000 0.000 0.000 0.000 0.000 0.000 0.000 0.000 0.000 0.000 0.000 0.000 0.000 0.000 0.000 0.000 0.000 0.000 0.000 0.000 0.000 0.000 0.000 0.000 0.000 0.000 0.000 0.000 0.000 0.000 0.000 0.000 0.000 0.000 0.000 0.000 0.000 0.000 0.000 0.000 0.000 0.000 0.000 0.000 0.000
