RESULTS/r.avaflow_results/33_results/33_ascii/33_hflow_max0026.asc
ncols 506
nrows 317
xllcenter 498237.50
yllcenter 5580050.00
cellsize 12.50
NODATA_value -9999.000
[rows 170 to 203 of 317, columns 77 to 153 of 506]
0.000 0.000 0.000 0.000 0.000 0.000 0.000 0.000 0.000 0.000 0.000 0.000 0.000 0.000 0.001 0.002 0.003 0.004 0.006 0.007 0.009 0.013 0.025 0.051 0.086 0.110 0.123 0.132 0.142 0.152 0.162 0.173 0.185 0.201 0.227 0.273 0.343 0.400 0.432 0.471 0.538 0.657 0.823 0.959 1.058 1.186 1.329 1.454 1.556 2.036 2.759 3.820 4.954 5.796 6.688 8.694 11.714 15.826 20.323 24.200 27.114 28.777 29.333 28.986 28.377 27.698 26.588 25.212 23.790 22.361 20.703 18.932 17.441 16.747 16.282 15.870 15.497
0.000 0.000 0.000 0.000 0.000 0.000 0.000 0.000 0.000 0.000 0.000 0.000 0.001 0.002 0.003 0.006 0.009 0.012 0.016 0.021 0.028 0.042 0.069 0.108 0.144 0.164 0.177 0.189 0.201 0.213 0.227 0.242 0.259 0.282 0.322 0.386 0.478 0.557 0.599 0.649 0.742 0.906 1.140 1.357 1.562 1.831 2.125 2.435 3.014 3.778 4.608 5.458 6.152 6.752 7.823 10.349 13.415 18.117 22.666 26.593 29.287 30.567 30.685 29.781 28.871 28.048 26.888 25.362 23.758 22.180 20.699 19.766 19.246 18.843 18.529 18.427 18.507
0.000 0.000 0.000 0.000 0.000 0.000 0.000 0.000 0.000 0.000 0.000 0.001 0.002 0.004 0.008 0.013 0.019 0.027 0.037 0.049 0.067 0.098 0.144 0.187 0.214 0.232 0.247 0.262 0.277 0.294 0.311 0.331 0.355 0.389 0.442 0.524 0.636 0.745 0.822 0.890 1.021 1.243 1.558 1.901 2.260 2.732 3.256 3.990 4.805 5.547 6.206 6.680 7.117 7.621 8.460 10.901 13.790 18.742 23.567 27.364 30.005 31.315 31.255 30.159 29.173 28.057 26.770 25.259 23.817 22.779 22.003 21.372 20.793 20.299 20.098 20.424 21.185
0.000 0.000 0.000 0.000 0.000 0.000 0.000 0.000 0.000 0.000 0.000 0.002 0.004 0.009 0.015 0.023 0.035 0.050 0.069 0.095 0.131 0.183 0.238 0.276 0.300 0.320 0.339 0.357 0.376 0.398 0.420 0.446 0.478 0.523 0.591 0.689 0.821 0.971 1.111 1.237 1.418 1.727 2.133 2.641 3.200 4.008 4.848 5.840 6.823 7.619 8.207 8.465 8.569 8.633 9.063 10.939 13.413 18.224 23.326 26.942 29.600 31.120 31.223 30.217 29.084 27.827 26.501 25.391 24.570 23.805 23.050 22.329 21.689 21.279 21.321 22.035 23.181
0.000 0.000 0.000 0.000 0.000 0.000 0.000 0.000 0.000 0.000 0.001 0.003 0.008 0.015 0.025 0.039 0.057 0.082 0.115 0.160 0.219 0.287 0.344 0.382 0.409 0.433 0.457 0.480 0.504 0.530 0.557 0.590 0.631 0.688 0.772 0.891 1.049 1.247 1.476 1.718 1.991 2.389 2.944 3.709 4.656 5.622 6.754 7.781 8.611 9.228 9.653 9.831 9.767 9.487 9.451 10.766 13.065 16.848 22.059 25.893 28.368 30.010 30.649 29.945 28.656 27.496 26.418 25.700 24.964 24.214 23.466 22.738 22.073 21.819 22.143 22.923 24.003
0.000 0.000 0.000 0.000 0.000 0.000 0.000 0.000 0.000 0.000 0.002 0.005 0.012 0.023 0.038 0.060 0.088 0.127 0.178 0.246 0.331 0.412 0.472 0.515 0.549 0.579 0.608 0.637 0.666 0.697 0.730 0.768 0.817 0.887 0.989 1.135 1.335 1.600 1.935 2.333 2.800 3.403 4.272 5.263 6.215 7.430 8.479 9.359 10.071 10.486 10.701 10.766 10.652 10.262 9.884 10.756 12.583 15.877 20.463 24.568 26.940 28.577 29.476 29.249 28.001 27.044 26.247 25.671 25.003 24.237 23.445 22.698 22.071 21.746 22.158 22.921 23.905
0.000 0.000 0.000 0.000 0.000 0.000 0.000 0.000 0.000 0.000 0.002 0.006 0.014 0.028 0.049 0.081 0.125 0.185 0.263 0.362 0.474 0.567 0.637 0.689 0.731 0.767 0.801 0.835 0.869 0.905 0.944 0.985 1.068 1.186 1.317 1.456 1.691 2.045 2.496 3.049 3.715 4.585 5.723 6.739 7.706 8.968 9.952 10.710 11.257 11.510 11.627 11.522 11.325 10.954 10.384 10.762 12.152 15.030 19.105 23.345 25.741 27.146 28.136 28.199 27.213 26.159 25.445 24.883 24.252 23.491 22.642 21.836 21.231 21.026 21.368 22.092 22.990
0.000 0.000 0.000 0.000 0.000 0.000 0.000 0.000 0.000 0.000 0.002 0.006 0.015 0.030 0.055 0.093 0.151 0.239 0.361 0.513 0.657 0.771 0.855 0.919 0.967 1.007 1.046 1.083 1.120 1.177 1.432 1.588 1.684 1.758 1.817 1.868 2.052 2.480 3.026 3.694 4.504 5.590 6.958 7.979 9.035 10.253 11.211 11.891 12.273 12.433 12.501 12.255 11.898 11.505 10.872 10.828 11.950 14.471 18.029 22.056 24.428 25.798 26.712 26.871 25.966 24.588 23.683 23.038 22.346 21.544 20.625 19.724 19.072 18.939 19.404 20.353 21.460
0.000 0.000 0.000 0.000 0.000 0.000 0.000 0.000 0.000 0.000 0.002 0.006 0.015 0.031 0.056 0.097 0.162 0.268 0.435 0.673 0.892 1.037 1.142 1.217 1.272 1.315 1.353 1.390 1.545 1.942 2.219 2.350 2.375 2.328 2.276 2.260 2.361 2.839 3.476 4.274 5.233 6.401 7.906 8.961 10.230 11.412 12.300 12.889 13.186 13.283 13.279 13.025 12.458 11.980 11.348 10.962 11.843 14.087 17.112 20.491 22.580 24.148 24.804 24.879 23.974 22.305 21.199 20.384 19.564 18.647 17.654 16.729 16.227 16.252 16.930 18.154 19.619
0.000 0.000 0.000 0.000 0.000 0.000 0.000 0.000 0.000 0.000 0.002 0.005 0.013 0.028 0.054 0.095 0.162 0.274 0.462 0.765 1.140 1.385 1.512 1.599 1.657 1.699 1.732 1.838 2.435 2.872 3.071 3.107 3.032 2.880 2.729 2.660 2.649 3.151 3.862 4.783 5.905 7.097 8.518 9.773 11.358 12.429 13.158 13.635 13.908 13.950 13.862 13.622 13.094 12.465 11.724 11.024 11.683 13.590 16.169 18.603 20.564 21.803 22.283 22.091 21.137 19.478 18.251 17.340 16.447 15.498 14.583 13.924 13.789 14.156 15.069 16.396 18.045
0.000 0.000 0.000 0.000 0.000 0.000 0.000 0.000 0.000 0.000 0.001 0.003 0.009 0.021 0.043 0.081 0.145 0.254 0.444 0.767 1.272 1.751 1.980 2.073 2.131 2.168 2.196 2.804 3.502 3.837 3.919 3.859 3.686 3.431 3.198 3.079 3.056 3.386 4.130 5.143 6.425 7.665 8.870 10.734 12.450 13.319 13.840 14.162 14.350 14.348 14.227 14.002 13.592 12.903 12.099 11.105 11.412 12.814 14.759 16.595 18.263 19.038 19.246 18.776 17.698 16.259 14.994 14.124 13.379 12.618 11.932 11.608 11.723 12.367 13.438 14.778 16.330
0.000 0.000 0.000 0.000 0.000 0.000 0.000 0.000 0.000 0.000 0.000 0.001 0.003 0.009 0.023 0.048 0.092 0.178 0.345 0.666 1.223 1.961 2.454 2.640 2.704 2.733 2.749 3.688 4.424 4.703 4.732 4.610 4.353 4.029 3.768 3.608 3.550 3.578 4.310 5.365 6.754 8.062 9.260 11.535 13.330 14.044 14.329 14.440 14.558 14.516 14.428 14.229 13.871 13.235 12.364 11.336 11.011 11.870 13.155 14.569 15.789 16.237 16.069 15.234 13.979 12.717 11.718 11.021 10.497 9.976 9.659 9.615 9.949 10.736 11.854 13.128 14.519
0.000 0.000 0.000 0.000 0.000 0.000 0.000 0.000 0.000 0.000 0.000 0.000 0.001 0.003 0.008 0.019 0.041 0.085 0.177 0.428 1.004 1.961 2.796 3.185 3.336 3.390 3.394 4.386 5.223 5.526 5.528 5.385 5.095 4.765 4.518 4.337 4.228 4.197 4.479 5.511 6.927 8.325 9.709 12.043 13.843 14.530 14.653 14.672 14.631 14.563 14.510 14.291 13.900 13.269 12.390 11.322 10.491 10.786 11.570 12.375 13.324 13.483 12.960 11.962 10.690 9.509 8.886 8.302 7.903 7.654 7.623 7.835 8.356 9.178 10.181 11.290 12.448
0.000 0.000 0.000 0.000 0.000 0.000 0.000 0.000 0.000 0.000 0.000 0.000 0.000 0.001 0.002 0.006 0.013 0.027 0.063 0.201 0.679 1.740 2.950 3.596 3.881 4.030 4.089 5.021 5.943 6.340 6.374 6.225 5.982 5.690 5.449 5.293 5.168 5.098 5.100 5.643 7.006 8.425 10.052 12.310 13.976 14.703 14.824 14.748 14.661 14.570 14.374 14.102 13.623 13.027 12.178 11.155 10.085 9.928 10.177 10.575 10.733 10.827 10.279 9.235 7.980 7.289 6.675 6.104 5.739 5.599 5.712 6.133 6.816 7.568 8.396 9.341 10.357
0.000 0.000 0.000 0.000 0.000 0.000 0.000 0.000 0.000 0.000 0.000 0.000 0.000 0.001 0.002 0.004 0.007 0.013 0.030 0.100 0.414 1.375 2.844 3.806 4.278 4.550 4.739 5.616 6.696 7.237 7.337 7.180 7.020 6.827 6.599 6.485 6.409 6.356 6.356 6.427 7.074 8.439 10.268 12.417 13.906 14.644 14.823 14.806 14.636 14.342 14.062 13.490 12.944 12.392 11.652 10.773 9.824 9.431 9.232 9.180 8.893 8.558 8.024 7.064 6.290 5.628 4.994 4.409 4.023 3.868 3.922 4.305 5.005 5.768 6.574 7.509 8.519
0.000 0.000 0.000 0.000 0.000 0.000 0.000 0.000 0.000 0.000 0.000 0.000 0.001 0.002 0.005 0.008 0.012 0.018 0.031 0.075 0.272 1.015 2.505 3.804 4.503 4.914 5.245 6.162 7.414 8.207 8.489 8.402 8.160 8.046 7.942 7.911 7.912 7.965 8.045 8.102 8.227 8.714 10.345 12.337 13.649 14.329 14.651 14.617 14.348 13.918 13.307 12.516 11.759 11.224 10.660 10.053 9.602 9.107 8.652 8.262 7.747 7.061 6.363 5.679 5.024 4.363 3.725 3.171 2.950 2.815 2.762 2.827 3.121 3.813 4.807 5.857 7.055
0.000 0.000 0.000 0.000 0.000 0.000 0.000 0.000 0.000 0.000 0.000 0.001 0.002 0.005 0.010 0.016 0.023 0.031 0.045 0.092 0.218 0.737 1.995 3.568 4.566 5.135 5.556 6.581 8.017 9.114 9.645 9.716 9.479 9.234 9.191 9.219 9.319 9.432 9.512 9.552 9.573 9.736 10.418 12.080 13.199 13.836 14.126 14.077 13.737 13.163 12.369 11.510 10.608 9.923 9.699 9.506 9.223 8.804 8.262 7.674 6.973 6.174 5.424 4.730 4.078 3.448 2.996 2.667 2.393 2.184 2.031 1.947 2.009 2.495 3.466 4.519 5.767
0.000 0.000 0.000 0.000 0.000 0.000 0.000 0.000 0.000 0.000 0.000 0.002 0.005 0.011 0.020 0.031 0.045 0.060 0.085 0.198 0.397 0.692 1.498 3.046 4.417 5.217 5.766 6.862 8.354 9.749 10.585 10.866 10.722 10.564 10.418 10.481 10.583 10.673 10.740 10.756 10.685 10.551 10.508 11.784 12.653 13.210 13.408 13.249 12.912 12.315 11.623 10.767 9.709 8.943 8.626 8.584 8.541 8.330 7.862 7.218 6.436 5.564 4.786 4.070 3.431 2.979 2.582 2.236 1.932 1.678 1.467 1.288 1.167 1.325 1.867 2.845 3.539
0.000 0.000 0.000 0.000 0.000 0.000 0.000 0.000 0.000 0.000 0.001 0.004 0.010 0.022 0.041 0.065 0.090 0.118 0.182 0.404 0.758 1.182 1.596 2.446 4.029 5.140 5.856 7.017 8.537 10.030 11.157 11.758 11.830 11.676 11.619 11.584 11.642 11.663 11.700 11.664 11.500 11.056 10.727 11.435 12.067 12.503 12.558 12.437 12.095 11.600 10.982 10.122 9.074 8.165 7.529 7.510 7.592 7.568 7.285 6.722 5.974 5.127 4.360 3.693 3.111 2.621 2.208 1.852 1.542 1.274 1.034 0.805 0.602 0.545 0.698 1.113 1.329
0.000 0.000 0.000 0.000 0.000 0.000 0.000 0.000 0.000 0.001 0.002 0.008 0.021 0.046 0.086 0.132 0.176 0.221 0.364 0.771 1.360 1.860 2.243 2.604 3.553 4.913 5.825 7.011 8.544 10.149 11.396 12.213 12.588 12.590 12.480 12.495 12.481 12.411 12.424 12.380 12.082 11.573 11.007 11.048 11.558 11.890 11.884 11.725 11.451 11.010 10.392 9.567 8.557 7.560 6.745 6.621 6.590 6.542 6.387 6.004 5.415 4.681 3.971 3.338 2.768 2.268 1.846 1.490 1.181 0.911 0.670 0.450 0.272 0.195 0.209 0.309 0.353
0.000 0.000 0.000 0.000 0.000 0.000 0.000 0.000 0.000 0.001 0.005 0.015 0.042 0.095 0.178 0.257 0.327 0.421 0.671 1.358 2.166 2.693 3.018 3.323 3.733 4.599 5.672 6.842 8.472 10.068 11.476 12.431 12.904 13.107 13.060 12.904 12.819 12.771 12.778 12.702 12.467 11.907 11.119 10.652 11.072 11.318 11.331 11.185 10.918 10.505 9.872 9.078 8.096 7.039 6.186 5.922 5.691 5.466 5.232 4.929 4.498 3.912 3.258 2.688 2.192 1.747 1.359 1.031 0.754 0.522 0.336 0.194 0.106 0.072 0.068 0.080 0.087
0.000 0.000 0.000 0.000 0.000 0.000 0.000 0.000 0.000 0.002 0.009 0.030 0.082 0.187 0.338 0.467 0.589 0.746 1.129 2.157 3.109 3.641 3.955 4.236 4.669 5.369 5.973 6.559 8.274 9.874 11.392 12.483 13.014 13.205 13.212 13.109 12.910 12.821 12.823 12.817 12.581 11.961 11.047 10.405 10.612 10.756 10.768 10.670 10.459 10.081 9.516 8.791 7.827 6.610 5.722 5.328 4.952 4.580 4.199 3.775 3.307 2.779 2.213 1.722 1.315 0.975 0.694 0.474 0.312 0.197 0.117 0.064 0.042 0.032 0.028 0.028 0.029
0.000 0.000 0.000 0.000 0.000 0.000 0.000 0.000 0.000 0.003 0.013 0.044 0.126 0.292 0.533 0.748 0.954 1.224 1.735 3.109 4.201 4.788 5.117 5.428 5.858 6.493 6.985 7.461 7.988 9.609 11.081 12.235 12.845 13.112 13.154 13.046 12.842 12.726 12.723 12.712 12.472 11.766 10.741 9.939 10.105 10.237 10.215 10.137 9.973 9.665 9.135 8.419 7.554 6.443 5.232 4.747 4.288 3.839 3.374 2.856 2.287 1.736 1.257 0.874 0.584 0.378 0.238 0.147 0.090 0.056 0.036 0.025 0.020 0.017 0.016 0.015 0.014
0.000 0.000 0.000 0.000 0.000 0.000 0.000 0.000 0.000 0.003 0.014 0.049 0.146 0.349 0.652 0.977 1.343 1.792 2.503 4.154 5.492 6.244 6.636 6.972 7.348 7.744 8.090 8.394 8.697 9.213 10.570 11.667 12.378 12.758 12.795 12.629 12.485 12.379 12.328 12.245 11.936 11.149 9.997 9.220 9.467 9.635 9.636 9.527 9.367 9.079 8.571 7.866 6.954 5.839 4.672 4.141 3.642 3.147 2.623 2.041 1.461 0.982 0.625 0.377 0.215 0.120 0.067 0.040 0.026 0.019 0.015 0.012 0.011 0.010 0.009 0.009 0.009
0.000 0.000 0.000 0.000 0.000 0.000 0.000 0.000 0.000 0.003 0.013 0.048 0.147 0.361 0.698 1.108 1.613 2.228 3.340 5.241 6.896 7.835 8.291 8.548 8.756 8.919 9.068 9.207 9.350 9.462 9.959 10.934 11.662 12.012 12.058 11.866 11.778 11.763 11.690 11.456 10.966 10.086 8.901 8.563 8.599 8.766 8.797 8.732 8.540 8.204 7.639 6.899 5.941 4.749 4.012 3.444 2.918 2.371 1.783 1.215 0.766 0.452 0.253 0.136 0.070 0.036 0.020 0.012 0.010 0.008 0.007 0.007 0.006 0.006 0.006 0.005 0.005
0.000 0.000 0.000 0.000 0.000 0.000 0.000 0.000 0.000 0.002 0.011 0.041 0.135 0.345 0.702 1.175 1.753 2.541 4.054 6.363 8.195 9.216 9.696 9.905 9.990 9.960 9.875 9.817 9.815 9.804 9.782 10.188 10.851 11.048 11.035 10.919 10.684 10.620 10.555 10.283 9.671 8.711 7.956 7.789 7.660 7.660 7.677 7.581 7.378 6.976 6.354 5.536 4.632 3.976 3.235 2.541 1.933 1.368 0.881 0.520 0.286 0.150 0.079 0.041 0.021 0.011 0.006 0.005 0.004 0.004 0.004 0.004 0.004 0.003 0.003 0.003 0.003
0.000 0.000 0.000 0.000 0.000 0.000 0.000 0.000 0.000 0.001 0.006 0.029 0.105 0.304 0.706 1.306 2.028 3.009 5.105 7.365 9.219 10.367 10.835 10.975 10.960 10.762 10.451 10.236 10.097 9.990 9.903 9.835 10.209 10.417 10.437 10.327 10.100 9.754 9.306 8.766 8.026 7.537 7.183 6.915 6.659 6.418 6.308 6.175 5.857 5.408 4.789 4.320 3.767 3.111 2.375 1.676 1.113 0.683 0.387 0.203 0.097 0.044 0.020 0.011 0.005 0.003 0.002 0.002 0.002 0.002 0.002 0.002 0.002 0.002 0.002 0.001 0.001
0.000 0.000 0.000 0.000 0.000 0.000 0.000 0.000 0.000 0.001 0.005 0.019 0.070 0.268 0.727 1.440 2.312 3.948 6.033 7.951 9.927 11.356 11.854 11.952 11.844 11.487 10.985 10.628 10.319 10.123 9.983 9.822 9.837 10.043 10.082 9.903 9.596 9.156 8.603 8.043 7.613 7.127 6.682 6.308 5.953 5.610 5.283 4.943 4.586 4.198 3.775 3.321 2.800 2.171 1.496 0.951 0.565 0.302 0.151 0.070 0.031 0.014 0.006 0.003 0.001 0.001 0.001 0.001 0.001 0.001 0.001 0.001 0.001 0.001 0.000 0.000 0.000
0.000 0.000 0.000 0.000 0.000 0.000 0.000 0.000 0.000 0.001 0.007 0.029 0.099 0.291 0.745 1.638 3.080 4.819 6.573 8.114 9.897 11.597 12.290 12.491 12.413 12.031 11.468 10.952 10.571 10.224 9.952 9.747 9.542 9.622 9.567 9.284 8.862 8.510 8.155 7.740 7.266 6.724 6.461 6.168 5.842 5.463 5.013 4.497 3.900 3.190 2.714 2.267 1.789 1.267 0.784 0.437 0.227 0.104 0.045 0.020 0.009 0.004 0.002 0.001 0.000 0.000 0.000 0.000 0.000 0.000 0.000 0.000 0.000 0.000 0.000 0.000 0.000
0.000 0.000 0.000 0.000 0.000 0.000 0.000 0.000 0.000 0.001 0.008 0.035 0.128 0.392 1.021 2.241 3.904 5.394 6.772 8.053 9.250 10.786 11.985 12.451 12.542 12.352 11.779 11.109 10.658 10.261 9.903 9.591 9.318 9.185 9.047 8.845 8.575 8.241 7.840 7.380 6.879 6.663 6.422 6.125 5.758 5.348 4.901 4.375 3.746 2.968 2.042 1.416 0.997 0.618 0.328 0.158 0.071 0.030 0.012 0.005 0.002 0.001 0.000 0.000 0.000 0.000 0.000 0.000 0.000 0.000 0.000 0.000 0.000 0.000 0.000 0.000 0.000
0.000 0.000 0.000 0.000 0.000 0.000 0.000 0.000 0.000 0.001 0.008 0.037 0.144 0.468 1.279 2.750 4.494 5.759 6.840 7.828 8.665 10.316 11.044 11.727 12.109 12.017 11.545 10.887 10.481 10.206 9.893 9.630 9.358 9.069 8.790 8.495 8.188 7.828 7.420 7.113 6.843 6.600 6.365 6.085 5.720 5.288 4.809 4.268 3.599 2.739 1.696 0.849 0.494 0.255 0.112 0.047 0.020 0.008 0.003 0.001 0.001 0.000 0.000 0.000 0.000 0.000 0.000 0.000 0.000 0.000 0.000 0.000 0.000 0.000 0.000 0.000 0.000
0.000 0.000 0.001 0.001 0.001 0.001 0.001 0.001 0.001 0.001 0.008 0.038 0.149 0.557 1.508 3.143 4.895 6.064 6.905 7.639 9.017 10.362 11.251 11.672 11.813 11.796 11.670 11.390 10.968 10.569 10.174 9.751 9.289 8.986 8.664 8.161 7.803 7.596 7.394 7.087 6.789 6.552 6.322 6.052 5.685 5.226 4.723 4.110 3.331 2.314 1.265 0.563 0.223 0.095 0.035 0.014 0.005 0.002 0.001 0.000 0.000 0.000 0.000 0.000 0.000 0.000 0.000 0.000 0.000 0.000 0.000 0.000 0.000 0.000 0.000 0.000 0.000
0.001 0.002 0.002 0.002 0.002 0.002 0.002 0.002 0.003 0.003 0.008 0.037 0.158 0.620 1.705 3.443 5.176 6.377 7.079 7.521 9.170 10.713 11.775 12.263 12.398 12.341 12.119 11.785 11.368 10.857 10.289 9.700 9.160 9.015 8.711 8.262 7.918 7.691 7.419 7.010 6.667 6.458 6.244 5.986 5.641 5.184 4.637 3.963 3.061 1.803 0.840 0.337 0.117 0.035 0.011 0.004 0.001 0.001 0.000 0.000 0.000 0.000 0.000 0.000 0.000 0.000 0.000 0.000 0.000 0.000 0.000 0.000 0.000 0.000 0.000 0.000 0.000
0.003 0.003 0.004 0.004 0.004 0.004 0.004 0.004 0.005 0.006 0.009 0.032 0.154 0.652 1.864 3.753 5.451 6.660 7.380 7.656 9.120 10.728 11.885 12.393 12.589 12.517 12.395 12.039 11.548 10.971 10.274 9.495 9.208 9.171 8.970 8.627 8.258 7.911 7.537 7.001 6.603 6.399 6.226 5.943 5.548 5.055 4.430 3.634 2.556 1.337 0.529 0.189 0.060 0.017 0.004 0.001 0.001 0.000 0.000 0.000 0.000 0.000 0.000 0.000 0.000 0.000 0.000 0.000 0.000 0.000 0.000 0.000 0.000 0.000 0.000 0.000 0.000
