RESULTS/r.avaflow_results/33_results/33_ascii/33_hflow3_max.asc
ncols 506
nrows 317
xllcenter 498237.50
yllcenter 5580050.00
cellsize 12.50
NODATA_value -9999.000
[rows 170 to 203 of 317, columns 154 to 230 of 506]
15.017 14.835 14.685 14.513 14.305 14.095 13.830 13.529 13.208 12.881 12.583 12.262 11.899 11.758 11.437 10.802 9.863 8.755 7.631 6.630 5.804 5.054 4.338 3.745 3.292 2.934 2.699 2.566 2.514 2.546 2.612 2.693 2.802 2.893 2.969 3.065 3.150 3.192 3.186 3.170 3.095 2.970 2.823 2.689 2.563 2.426 2.249 2.013 1.718 1.412 1.126 0.859 0.652 0.503 0.395 0.314 0.257 0.218 0.190 0.168 0.153 0.138 0.122 0.107 0.101 0.103 0.108 0.123 0.207 0.398 0.678 0.898 1.079 1.211 1.302 1.336 1.296
18.433 18.509 18.491 18.362 18.106 17.745 17.318 16.877 16.450 16.010 15.610 15.171 14.809 14.647 14.266 13.574 12.599 11.460 10.223 8.972 7.819 6.724 5.636 4.759 4.075 3.508 3.064 2.765 2.603 2.553 2.598 2.702 2.844 2.953 3.024 3.084 3.139 3.171 3.165 3.105 2.973 2.770 2.533 2.303 2.086 1.852 1.565 1.235 0.926 0.660 0.474 0.351 0.268 0.209 0.166 0.136 0.119 0.108 0.101 0.096 0.092 0.085 0.078 0.070 0.069 0.070 0.073 0.091 0.155 0.297 0.552 0.785 0.972 1.097 1.177 1.216 1.207
21.645 21.992 22.037 21.843 21.463 20.960 20.405 19.864 19.359 18.873 18.396 17.891 17.669 17.493 17.105 16.393 15.403 14.296 13.166 11.943 10.576 9.120 7.636 6.344 5.309 4.429 3.698 3.154 2.807 2.626 2.558 2.602 2.711 2.860 2.941 2.993 3.014 2.993 2.912 2.749 2.475 2.093 1.692 1.345 1.059 0.855 0.675 0.498 0.350 0.246 0.180 0.137 0.107 0.086 0.070 0.061 0.060 0.059 0.059 0.060 0.059 0.056 0.053 0.051 0.051 0.051 0.054 0.068 0.112 0.211 0.417 0.685 0.888 1.037 1.108 1.145 1.145
23.978 24.576 24.735 24.599 24.238 23.755 23.234 22.726 22.222 21.700 21.209 20.797 20.624 20.418 20.034 19.360 18.420 17.317 16.123 14.847 13.459 11.909 10.203 8.515 7.035 5.778 4.730 3.898 3.283 2.856 2.622 2.505 2.493 2.641 2.738 2.744 2.686 2.561 2.333 1.968 1.491 1.027 0.694 0.486 0.397 0.317 0.241 0.175 0.125 0.091 0.069 0.055 0.044 0.036 0.033 0.033 0.035 0.039 0.042 0.044 0.044 0.043 0.041 0.040 0.040 0.040 0.043 0.051 0.080 0.145 0.285 0.548 0.796 0.987 1.074 1.104 1.105
24.854 25.653 26.089 26.234 26.158 25.966 25.724 25.430 25.044 24.550 23.999 23.684 23.470 23.233 22.858 22.253 21.369 20.255 18.971 17.574 16.064 14.417 12.546 10.518 8.689 7.107 5.795 4.735 3.906 3.279 2.810 2.492 2.399 2.430 2.446 2.359 2.139 1.786 1.374 0.968 0.629 0.393 0.246 0.182 0.146 0.115 0.087 0.065 0.048 0.037 0.030 0.024 0.021 0.019 0.020 0.022 0.026 0.030 0.033 0.034 0.034 0.034 0.033 0.033 0.033 0.034 0.036 0.041 0.058 0.100 0.191 0.393 0.692 0.921 1.036 1.074 1.079
24.743 25.679 26.330 26.724 26.980 27.159 27.252 27.205 27.002 26.623 26.213 25.799 25.548 25.306 24.954 24.422 23.678 22.676 21.384 19.840 18.126 16.347 14.492 12.363 10.098 8.141 6.563 5.320 4.357 3.617 3.047 2.620 2.432 2.324 2.162 1.832 1.346 0.865 0.577 0.380 0.241 0.148 0.093 0.072 0.058 0.045 0.035 0.027 0.022 0.017 0.015 0.014 0.014 0.015 0.016 0.017 0.020 0.023 0.026 0.027 0.028 0.028 0.028 0.028 0.029 0.030 0.032 0.035 0.045 0.073 0.135 0.276 0.556 0.816 0.974 1.036 1.051
23.845 24.992 25.938 26.597 27.086 27.452 27.664 27.694 27.638 27.549 27.119 26.593 26.375 26.218 25.917 25.427 24.823 24.004 22.916 21.466 19.740 17.852 15.772 13.392 10.815 8.597 6.866 5.541 4.535 3.766 3.180 2.770 2.474 2.187 1.714 1.089 0.581 0.333 0.220 0.143 0.091 0.057 0.041 0.033 0.026 0.021 0.017 0.014 0.012 0.011 0.011 0.011 0.011 0.011 0.012 0.013 0.015 0.018 0.020 0.022 0.023 0.024 0.024 0.025 0.026 0.028 0.030 0.032 0.037 0.057 0.103 0.205 0.421 0.704 0.881 0.973 1.008
22.492 23.809 25.050 26.052 26.801 27.257 27.547 27.656 27.631 27.632 27.414 26.833 26.460 26.332 26.157 25.763 25.244 24.584 23.599 22.160 20.334 18.300 16.083 13.587 10.906 8.619 6.859 5.531 4.536 3.769 3.182 2.708 2.238 1.636 0.935 0.427 0.204 0.125 0.083 0.055 0.036 0.027 0.021 0.017 0.014 0.011 0.010 0.009 0.008 0.008 0.008 0.008 0.008 0.008 0.009 0.010 0.011 0.013 0.015 0.017 0.019 0.020 0.022 0.023 0.024 0.026 0.028 0.030 0.033 0.047 0.082 0.156 0.310 0.566 0.758 0.885 0.951
21.016 22.563 23.931 25.103 26.078 26.722 27.024 27.077 27.009 26.982 26.778 26.234 25.826 25.679 25.483 25.089 24.586 23.978 23.074 21.708 19.911 17.846 15.572 13.039 10.429 8.246 6.532 5.226 4.243 3.455 2.799 2.124 1.394 0.726 0.317 0.139 0.075 0.049 0.034 0.023 0.018 0.015 0.012 0.010 0.009 0.008 0.007 0.006 0.006 0.006 0.006 0.006 0.006 0.006 0.006 0.007 0.009 0.010 0.012 0.014 0.015 0.017 0.019 0.021 0.022 0.024 0.026 0.028 0.031 0.040 0.067 0.123 0.234 0.430 0.638 0.778 0.875
19.524 21.112 22.590 23.827 24.809 25.433 25.703 25.714 25.515 25.273 25.056 24.760 24.409 24.007 23.546 23.065 22.565 22.023 21.232 19.974 18.248 16.193 13.927 11.494 9.207 7.291 5.692 4.368 3.289 2.385 1.610 0.942 0.467 0.214 0.097 0.051 0.032 0.022 0.016 0.013 0.011 0.009 0.008 0.007 0.006 0.005 0.004 0.004 0.004 0.003 0.003 0.003 0.004 0.004 0.004 0.005 0.006 0.007 0.009 0.011 0.012 0.014 0.016 0.018 0.020 0.022 0.024 0.026 0.029 0.035 0.057 0.102 0.185 0.329 0.519 0.667 0.776
17.813 19.444 20.843 22.005 22.950 23.578 23.928 24.039 23.830 23.291 23.134 23.154 22.931 22.233 21.475 20.923 20.384 19.738 18.828 17.480 15.652 13.486 11.208 9.085 7.288 5.727 4.238 2.801 1.662 0.922 0.498 0.252 0.125 0.064 0.037 0.024 0.016 0.012 0.009 0.008 0.007 0.006 0.005 0.004 0.004 0.003 0.002 0.002 0.002 0.002 0.002 0.002 0.002 0.002 0.003 0.003 0.004 0.005 0.007 0.008 0.010 0.012 0.014 0.016 0.018 0.020 0.022 0.025 0.027 0.031 0.050 0.086 0.151 0.261 0.417 0.561 0.672
15.808 17.266 18.586 19.810 20.899 21.813 22.519 22.833 22.736 22.243 21.934 21.984 21.744 20.864 20.044 19.491 18.880 17.989 16.682 14.919 12.760 10.268 7.750 5.985 4.776 3.579 2.246 1.156 0.534 0.242 0.123 0.066 0.041 0.027 0.018 0.013 0.009 0.007 0.006 0.005 0.005 0.004 0.003 0.003 0.002 0.002 0.001 0.001 0.001 0.001 0.001 0.001 0.001 0.001 0.001 0.002 0.003 0.004 0.005 0.006 0.007 0.009 0.011 0.013 0.016 0.018 0.020 0.023 0.026 0.030 0.044 0.074 0.128 0.217 0.343 0.474 0.587
13.474 14.751 16.103 17.521 18.916 20.209 21.237 21.764 21.743 21.345 21.107 20.875 20.281 19.343 18.593 17.999 17.275 16.143 14.447 12.216 9.502 6.449 3.841 2.726 2.012 1.347 0.715 0.312 0.130 0.063 0.037 0.026 0.019 0.014 0.010 0.007 0.006 0.005 0.004 0.003 0.003 0.002 0.002 0.001 0.001 0.001 0.000 0.000 0.000 0.000 0.000 0.000 0.000 0.000 0.001 0.001 0.001 0.002 0.003 0.004 0.006 0.007 0.009 0.011 0.013 0.016 0.019 0.022 0.025 0.029 0.039 0.066 0.112 0.185 0.289 0.405 0.516
11.285 12.481 13.782 15.267 16.833 18.297 19.501 20.181 20.288 19.992 19.375 18.575 17.628 16.839 16.188 15.509 14.605 13.210 11.056 8.055 4.911 2.435 1.193 0.746 0.490 0.290 0.144 0.067 0.036 0.023 0.017 0.014 0.011 0.008 0.006 0.005 0.004 0.003 0.002 0.002 0.001 0.001 0.001 0.000 0.000 0.000 0.000 0.000 0.000 0.000 0.000 0.000 0.000 0.000 0.000 0.000 0.001 0.001 0.002 0.003 0.004 0.005 0.007 0.009 0.012 0.014 0.017 0.020 0.024 0.029 0.037 0.060 0.100 0.162 0.247 0.348 0.450
9.399 10.497 11.702 13.022 14.285 15.470 16.520 17.195 17.368 17.131 16.369 15.247 14.172 13.400 12.646 11.746 10.445 8.401 5.617 2.940 1.280 0.471 0.225 0.136 0.090 0.057 0.035 0.022 0.015 0.012 0.010 0.008 0.006 0.005 0.004 0.003 0.002 0.001 0.001 0.001 0.000 0.000 0.000 0.000 0.000 0.000 0.000 0.000 0.000 0.000 0.000 0.000 0.000 0.000 0.000 0.000 0.000 0.000 0.001 0.002 0.003 0.004 0.006 0.008 0.010 0.013 0.016 0.019 0.023 0.029 0.036 0.056 0.091 0.143 0.214 0.298 0.390
8.056 9.122 9.954 10.541 11.016 11.532 12.228 12.852 13.112 13.027 12.457 11.439 10.242 8.853 7.505 6.214 4.749 2.958 1.401 0.504 0.181 0.088 0.050 0.034 0.026 0.020 0.015 0.012 0.009 0.008 0.006 0.005 0.004 0.003 0.002 0.001 0.001 0.001 0.000 0.000 0.000 0.000 0.000 0.000 0.000 0.000 0.000 0.000 0.000 0.000 0.000 0.000 0.000 0.000 0.000 0.000 0.000 0.000 0.000 0.001 0.002 0.003 0.004 0.006 0.009 0.011 0.015 0.018 0.023 0.028 0.035 0.052 0.082 0.127 0.186 0.256 0.336
6.436 6.910 7.039 6.852 6.582 6.499 6.723 7.164 7.448 7.496 7.216 6.499 5.251 3.636 2.485 1.715 1.085 0.490 0.185 0.086 0.045 0.028 0.020 0.016 0.013 0.011 0.009 0.007 0.006 0.005 0.004 0.003 0.002 0.002 0.001 0.001 0.000 0.000 0.000 0.000 0.000 0.000 0.000 0.000 0.000 0.000 0.000 0.000 0.000 0.000 0.000 0.000 0.000 0.000 0.000 0.000 0.000 0.000 0.000 0.000 0.001 0.002 0.003 0.005 0.007 0.010 0.013 0.017 0.022 0.027 0.034 0.047 0.072 0.110 0.161 0.223 0.294
3.573 3.450 3.280 3.042 2.745 2.526 2.451 2.508 2.556 2.532 2.395 2.070 1.488 0.805 0.425 0.260 0.155 0.084 0.045 0.027 0.018 0.014 0.012 0.010 0.008 0.007 0.006 0.005 0.004 0.003 0.002 0.002 0.001 0.001 0.000 0.000 0.000 0.000 0.000 0.000 0.000 0.000 0.000 0.000 0.000 0.000 0.000 0.000 0.000 0.000 0.000 0.000 0.000 0.000 0.000 0.000 0.000 0.000 0.000 0.000 0.000 0.001 0.002 0.004 0.006 0.008 0.012 0.015 0.020 0.025 0.032 0.042 0.062 0.093 0.140 0.200 0.268
1.304 1.215 1.090 0.970 0.829 0.677 0.580 0.529 0.503 0.476 0.431 0.353 0.226 0.119 0.083 0.059 0.040 0.026 0.018 0.014 0.011 0.009 0.008 0.007 0.006 0.005 0.004 0.003 0.002 0.002 0.001 0.001 0.000 0.000 0.000 0.000 0.000 0.000 0.000 0.000 0.000 0.000 0.000 0.000 0.000 0.000 0.000 0.000 0.000 0.000 0.000 0.000 0.000 0.000 0.000 0.000 0.000 0.000 0.000 0.000 0.000 0.001 0.002 0.003 0.005 0.007 0.010 0.013 0.018 0.023 0.028 0.036 0.053 0.081 0.126 0.187 0.263
0.346 0.320 0.280 0.247 0.211 0.160 0.122 0.108 0.104 0.098 0.089 0.071 0.049 0.035 0.028 0.022 0.017 0.013 0.011 0.009 0.008 0.006 0.005 0.004 0.004 0.003 0.002 0.001 0.001 0.001 0.000 0.000 0.000 0.000 0.000 0.000 0.000 0.000 0.000 0.000 0.000 0.000 0.000 0.000 0.000 0.000 0.000 0.000 0.000 0.000 0.000 0.000 0.000 0.000 0.000 0.000 0.000 0.000 0.000 0.000 0.000 0.000 0.001 0.002 0.003 0.005 0.008 0.011 0.014 0.019 0.024 0.030 0.045 0.070 0.115 0.183 0.276
0.084 0.080 0.073 0.065 0.057 0.044 0.038 0.036 0.034 0.032 0.029 0.025 0.020 0.017 0.014 0.012 0.010 0.009 0.007 0.006 0.005 0.004 0.003 0.003 0.002 0.001 0.001 0.001 0.000 0.000 0.000 0.000 0.000 0.000 0.000 0.000 0.000 0.000 0.000 0.000 0.000 0.000 0.000 0.000 0.000 0.000 0.000 0.000 0.000 0.000 0.000 0.000 0.000 0.000 0.000 0.000 0.000 0.000 0.000 0.000 0.000 0.000 0.000 0.001 0.002 0.003 0.005 0.008 0.011 0.014 0.018 0.023 0.033 0.052 0.092 0.161 0.262
0.027 0.027 0.025 0.023 0.021 0.019 0.018 0.017 0.016 0.015 0.014 0.013 0.012 0.011 0.009 0.008 0.007 0.006 0.005 0.004 0.003 0.003 0.002 0.001 0.001 0.001 0.000 0.000 0.000 0.000 0.000 0.000 0.000 0.000 0.000 0.000 0.000 0.000 0.000 0.000 0.000 0.000 0.000 0.000 0.000 0.000 0.000 0.000 0.000 0.000 0.000 0.000 0.000 0.000 0.000 0.000 0.000 0.000 0.000 0.000 0.000 0.000 0.000 0.000 0.001 0.002 0.003 0.005 0.008 0.010 0.014 0.017 0.022 0.032 0.057 0.109 0.199
0.013 0.013 0.013 0.012 0.012 0.011 0.011 0.010 0.010 0.009 0.009 0.009 0.008 0.007 0.006 0.005 0.004 0.004 0.003 0.002 0.002 0.001 0.001 0.001 0.000 0.000 0.000 0.000 0.000 0.000 0.000 0.000 0.000 0.000 0.000 0.000 0.000 0.000 0.000 0.000 0.000 0.000 0.000 0.000 0.000 0.000 0.000 0.000 0.000 0.000 0.000 0.000 0.000 0.000 0.000 0.000 0.000 0.000 0.000 0.000 0.000 0.000 0.000 0.000 0.000 0.001 0.002 0.003 0.005 0.007 0.010 0.012 0.015 0.020 0.032 0.057 0.110
0.008 0.008 0.008 0.008 0.008 0.007 0.007 0.007 0.007 0.006 0.006 0.006 0.005 0.005 0.004 0.003 0.003 0.002 0.002 0.001 0.001 0.000 0.000 0.000 0.000 0.000 0.000 0.000 0.000 0.000 0.000 0.000 0.000 0.000 0.000 0.000 0.000 0.000 0.000 0.000 0.000 0.000 0.000 0.000 0.000 0.000 0.000 0.000 0.000 0.000 0.000 0.000 0.000 0.000 0.000 0.000 0.000 0.000 0.000 0.000 0.000 0.000 0.000 0.000 0.000 0.000 0.001 0.002 0.003 0.005 0.007 0.009 0.011 0.014 0.019 0.030 0.053
0.005 0.005 0.005 0.005 0.005 0.005 0.005 0.004 0.004 0.004 0.004 0.003 0.003 0.003 0.002 0.002 0.001 0.001 0.001 0.000 0.000 0.000 0.000 0.000 0.000 0.000 0.000 0.000 0.000 0.000 0.000 0.000 0.000 0.000 0.000 0.000 0.000 0.000 0.000 0.000 0.000 0.000 0.000 0.000 0.000 0.000 0.000 0.000 0.000 0.000 0.000 0.000 0.000 0.000 0.000 0.000 0.000 0.000 0.000 0.000 0.000 0.000 0.000 0.000 0.000 0.000 0.000 0.001 0.002 0.003 0.005 0.006 0.008 0.010 0.012 0.017 0.026
0.003 0.003 0.003 0.003 0.003 0.003 0.003 0.003 0.002 0.002 0.002 0.002 0.001 0.001 0.001 0.001 0.000 0.000 0.000 0.000 0.000 0.000 0.000 0.000 0.000 0.000 0.000 0.000 0.000 0.000 0.000 0.000 0.000 0.000 0.000 0.000 0.000 0.000 0.000 0.000 0.000 0.000 0.000 0.000 0.000 0.000 0.000 0.000 0.000 0.000 0.000 0.000 0.000 0.000 0.000 0.000 0.000 0.000 0.000 0.000 0.000 0.000 0.000 0.000 0.000 0.000 0.000 0.000 0.001 0.002 0.003 0.004 0.005 0.007 0.009 0.011 0.015
0.001 0.001 0.001 0.001 0.001 0.001 0.001 0.001 0.001 0.001 0.001 0.001 0.000 0.000 0.000 0.000 0.000 0.000 0.000 0.000 0.000 0.000 0.000 0.000 0.000 0.000 0.000 0.000 0.000 0.000 0.000 0.000 0.000 0.000 0.000 0.000 0.000 0.000 0.000 0.000 0.000 0.000 0.000 0.000 0.000 0.000 0.000 0.000 0.000 0.000 0.000 0.000 0.000 0.000 0.000 0.000 0.000 0.000 0.000 0.000 0.000 0.000 0.000 0.000 0.000 0.000 0.000 0.000 0.000 0.001 0.002 0.002 0.003 0.005 0.006 0.008 0.010
0.000 0.000 0.000 0.000 0.000 0.000 0.000 0.000 0.000 0.000 0.000 0.000 0.000 0.000 0.000 0.000 0.000 0.000 0.000 0.000 0.000 0.000 0.000 0.000 0.000 0.000 0.000 0.000 0.000 0.000 0.000 0.000 0.000 0.000 0.000 0.000 0.000 0.000 0.000 0.000 0.000 0.000 0.000 0.000 0.000 0.000 0.000 0.000 0.000 0.000 0.000 0.000 0.000 0.000 0.000 0.000 0.000 0.000 0.000 0.000 0.000 0.000 0.000 0.000 0.000 0.000 0.000 0.000 0.000 0.000 0.001 0.001 0.002 0.003 0.004 0.005 0.007
0.000 0.000 0.000 0.000 0.000 0.000 0.000 0.000 0.000 0.000 0.000 0.000 0.000 0.000 0.000 0.000 0.000 0.000 0.000 0.000 0.000 0.000 0.000 0.000 0.000 0.000 0.000 0.000 0.000 0.000 0.000 0.000 0.000 0.000 0.000 0.000 0.000 0.000 0.000 0.000 0.000 0.000 0.000 0.000 0.000 0.000 0.000 0.000 0.000 0.000 0.000 0.000 0.000 0.000 0.000 0.000 0.000 0.000 0.000 0.000 0.000 0.000 0.000 0.000 0.000 0.000 0.000 0.000 0.000 0.000 0.000 0.000 0.001 0.002 0.002 0.003 0.004
0.000 0.000 0.000 0.000 0.000 0.000 0.000 0.000 0.000 0.000 0.000 0.000 0.000 0.000 0.000 0.000 0.000 0.000 0.000 0.000 0.000 0.000 0.000 0.000 0.000 0.000 0.000 0.000 0.000 0.000 0.000 0.000 0.000 0.000 0.000 0.000 0.000 0.000 0.000 0.000 0.000 0.000 0.000 0.000 0.000 0.000 0.000 0.000 0.000 0.000 0.000 0.000 0.000 0.000 0.000 0.000 0.000 0.000 0.000 0.000 0.000 0.000 0.000 0.000 0.000 0.000 0.000 0.000 0.000 0.000 0.000 0.000 0.000 0.001 0.001 0.002 0.003
0.000 0.000 0.000 0.000 0.000 0.000 0.000 0.000 0.000 0.000 0.000 0.000 0.000 0.000 0.000 0.000 0.000 0.000 0.000 0.000 0.000 0.000 0.000 0.000 0.000 0.000 0.000 0.000 0.000 0.000 0.000 0.000 0.000 0.000 0.000 0.000 0.000 0.000 0.000 0.000 0.000 0.000 0.000 0.000 0.000 0.000 0.000 0.000 0.000 0.000 0.000 0.000 0.000 0.000 0.000 0.000 0.000 0.000 0.000 0.000 0.000 0.000 0.000 0.000 0.000 0.000 0.000 0.000 0.000 0.000 0.000 0.000 0.000 0.000 0.000 0.001 0.001
0.000 0.000 0.000 0.000 0.000 0.000 0.000 0.000 0.000 0.000 0.000 0.000 0.000 0.000 0.000 0.000 0.000 0.000 0.000 0.000 0.000 0.000 0.000 0.000 0.000 0.000 0.000 0.000 0.000 0.000 0.000 0.000 0.000 0.000 0.000 0.000 0.000 0.000 0.000 0.000 0.000 0.000 0.000 0.000 0.000 0.000 0.000 0.000 0.000 0.000 0.000 0.000 0.000 0.000 0.000 0.000 0.000 0.000 0.000 0.000 0.000 0.000 0.000 0.000 0.000 0.000 0.000 0.000 0.000 0.000 0.000 0.000 0.000 0.000 0.000 0.000 0.001
0.000 0.000 0.000 0.000 0.000 0.000 0.000 0.000 0.000 0.000 0.000 0.000 0.000 0.000 0.000 0.000 0.000 0.000 0.000 0.000 0.000 0.000 0.000 0.000 0.000 0.000 0.000 0.000 0.000 0.000 0.000 0.000 0.000 0.000 0.000 0.000 0.000 0.000 0.000 0.000 0.000 0.000 0.000 0.000 0.000 0.000 0.000 0.000 0.000 0.000 0.000 0.000 0.000 0.000 0.000 0.000 0.000 0.000 0.000 0.000 0.000 0.000 0.000 0.000 0.000 0.000 0.000 0.000 0.000 0.000 0.000 0.000 0.000 0.000 0.000 0.000 0.000
0.000 0.000 0.000 0.000 0.000 0.000 0.000 0.000 0.000 0.000 0.000 0.000 0.000 0.000 0.000 0.000 0.000 0.000 0.000 0.000 0.000 0.000 0.000 0.000 0.000 0.000 0.000 0.000 0.000 0.000 0.000 0.000 0.000 0.000 0.000 0.000 0.000 0.000 0.000 0.000 0.000 0.000 0.000 0.000 0.000 0.000 0.000 0.000 0.000 0.000 0.000 0.000 0.000 0.000 0.000 0.000 0.000 0.000 0.000 0.000 0.000 0.000 0.000 0.000 0.000 0.000 0.000 0.000 0.000 0.000 0.000 0.000 0.000 0.000 0.000 0.000 0.000
