RESULTS/r.avaflow_results/33_results/33_ascii/33_hflow30027.asc
ncols 506
nrows 317
xllcenter 498237.50
yllcenter 5580050.00
cellsize 12.50
NODATA_value -9999.000
[rows 170 to 203 of 317, columns 154 to 230 of 506]
8.966 8.810 8.653 8.475 8.269 8.045 7.848 7.686 7.538 7.394 7.259 7.125 6.970 6.730 6.329 5.735 4.983 4.193 3.448 2.747 2.095 1.518 1.059 0.743 0.550 0.442 0.386 0.365 0.363 0.377 0.416 0.467 0.498 0.511 0.516 0.512 0.509 0.508 0.498 0.468 0.424 0.399 0.389 0.383 0.378 0.366 0.341 0.301 0.252 0.202 0.159 0.128 0.107 0.093 0.084 0.079 0.077 0.079 0.082 0.084 0.085 0.085 0.083 0.082 0.081 0.081 0.085 0.100 0.142 0.250 0.496 0.841 1.009 1.030 0.953 0.712 0.414
12.370 12.596 12.701 12.717 12.660 12.504 12.264 12.000 11.743 11.480 11.232 10.999 10.762 10.475 10.033 9.349 8.413 7.297 6.138 5.003 3.919 2.936 2.108 1.484 1.065 0.802 0.646 0.564 0.533 0.533 0.558 0.591 0.604 0.600 0.586 0.561 0.538 0.519 0.498 0.457 0.402 0.369 0.351 0.338 0.322 0.294 0.245 0.183 0.131 0.099 0.079 0.066 0.058 0.054 0.053 0.053 0.056 0.060 0.064 0.066 0.066 0.064 0.061 0.058 0.057 0.058 0.061 0.074 0.108 0.192 0.377 0.693 0.918 0.984 0.965 0.831 0.561
15.978 16.551 16.774 16.787 16.673 16.414 16.064 15.710 15.374 15.035 14.715 14.426 14.149 13.848 13.434 12.790 11.868 10.700 9.369 7.949 6.508 5.101 3.832 2.786 2.003 1.453 1.083 0.854 0.727 0.665 0.639 0.631 0.622 0.608 0.585 0.549 0.515 0.484 0.446 0.384 0.315 0.269 0.240 0.217 0.193 0.160 0.119 0.084 0.062 0.050 0.042 0.038 0.036 0.035 0.036 0.038 0.041 0.046 0.049 0.050 0.050 0.049 0.045 0.043 0.042 0.042 0.045 0.055 0.081 0.143 0.281 0.543 0.824 0.954 0.975 0.921 0.732
18.696 19.578 19.961 20.013 19.906 19.654 19.326 19.001 18.681 18.337 17.978 17.652 17.349 17.033 16.621 15.987 15.065 13.885 12.553 11.134 9.614 7.975 6.304 4.767 3.504 2.529 1.812 1.317 0.999 0.807 0.693 0.630 0.594 0.562 0.522 0.472 0.424 0.376 0.315 0.239 0.175 0.138 0.117 0.102 0.089 0.073 0.055 0.041 0.033 0.028 0.026 0.024 0.024 0.024 0.025 0.027 0.031 0.035 0.037 0.038 0.037 0.036 0.033 0.032 0.031 0.031 0.033 0.040 0.059 0.102 0.200 0.401 0.710 0.918 0.980 0.970 0.869
20.188 21.301 21.936 22.189 22.248 22.177 22.041 21.874 21.668 21.383 21.017 20.639 20.297 19.950 19.529 18.911 18.020 16.866 15.528 14.085 12.561 10.913 9.088 7.156 5.382 3.915 2.770 1.926 1.338 0.954 0.722 0.591 0.508 0.439 0.372 0.311 0.260 0.215 0.168 0.120 0.087 0.068 0.057 0.050 0.043 0.036 0.029 0.024 0.020 0.019 0.018 0.017 0.017 0.017 0.018 0.020 0.023 0.025 0.027 0.027 0.027 0.026 0.024 0.023 0.023 0.023 0.025 0.030 0.042 0.072 0.138 0.282 0.566 0.854 0.971 0.985 0.941
20.563 21.795 22.667 23.230 23.592 23.822 23.954 23.984 23.923 23.737 23.391 22.931 22.535 22.167 21.756 21.192 20.400 19.352 18.063 16.574 14.934 13.148 11.161 8.918 6.712 4.860 3.400 2.313 1.546 1.033 0.714 0.516 0.380 0.278 0.206 0.162 0.134 0.110 0.085 0.063 0.047 0.038 0.032 0.028 0.025 0.021 0.018 0.016 0.014 0.013 0.013 0.013 0.013 0.013 0.013 0.014 0.016 0.018 0.019 0.019 0.019 0.018 0.017 0.016 0.016 0.016 0.018 0.021 0.031 0.051 0.097 0.200 0.421 0.747 0.932 0.977 0.963
20.354 21.657 22.669 23.433 24.055 24.555 24.882 25.034 25.062 24.969 24.650 24.115 23.676 23.328 22.954 22.451 21.763 20.852 19.667 18.178 16.426 14.472 12.295 9.825 7.336 5.255 3.634 2.442 1.604 1.043 0.674 0.430 0.269 0.168 0.111 0.083 0.069 0.058 0.046 0.036 0.028 0.024 0.020 0.018 0.016 0.014 0.012 0.011 0.010 0.009 0.009 0.009 0.009 0.009 0.010 0.010 0.011 0.012 0.013 0.013 0.013 0.012 0.011 0.011 0.011 0.011 0.012 0.015 0.022 0.038 0.071 0.145 0.306 0.604 0.852 0.943 0.952
19.574 21.023 22.255 23.249 24.047 24.651 25.027 25.205 25.255 25.202 24.902 24.335 23.878 23.558 23.212 22.734 22.088 21.258 20.165 18.718 16.920 14.861 12.573 10.002 7.423 5.274 3.613 2.400 1.551 0.970 0.578 0.325 0.174 0.096 0.060 0.045 0.038 0.032 0.027 0.022 0.019 0.016 0.014 0.012 0.011 0.010 0.009 0.008 0.007 0.007 0.006 0.006 0.006 0.006 0.006 0.007 0.007 0.008 0.008 0.008 0.008 0.008 0.007 0.007 0.007 0.007 0.008 0.010 0.016 0.028 0.053 0.108 0.225 0.454 0.729 0.875 0.919
18.355 19.965 21.409 22.644 23.625 24.306 24.685 24.843 24.878 24.808 24.515 23.979 23.507 23.156 22.783 22.290 21.664 20.890 19.866 18.473 16.686 14.594 12.249 9.633 7.073 4.941 3.296 2.107 1.290 0.747 0.399 0.197 0.097 0.053 0.034 0.026 0.022 0.020 0.017 0.015 0.013 0.011 0.010 0.009 0.008 0.007 0.006 0.005 0.005 0.004 0.004 0.004 0.004 0.004 0.004 0.004 0.004 0.005 0.005 0.005 0.005 0.004 0.004 0.004 0.004 0.004 0.005 0.007 0.011 0.020 0.040 0.081 0.166 0.329 0.579 0.772 0.862
16.940 18.642 20.182 21.519 22.584 23.317 23.709 23.830 23.795 23.600 23.299 22.921 22.487 21.982 21.414 20.837 20.222 19.513 18.573 17.247 15.479 13.349 10.953 8.404 6.030 4.049 2.520 1.447 0.771 0.389 0.189 0.093 0.049 0.029 0.021 0.017 0.015 0.013 0.011 0.010 0.009 0.008 0.007 0.006 0.005 0.005 0.004 0.003 0.003 0.002 0.002 0.002 0.002 0.002 0.002 0.002 0.002 0.002 0.002 0.002 0.002 0.002 0.002 0.002 0.002 0.002 0.003 0.004 0.007 0.014 0.029 0.060 0.123 0.240 0.432 0.642 0.774
15.352 17.023 18.543 19.881 20.987 21.802 22.263 22.382 22.286 21.992 21.743 21.537 21.154 20.448 19.627 18.919 18.231 17.474 16.479 15.072 13.201 10.943 8.516 6.208 4.197 2.570 1.396 0.680 0.315 0.149 0.075 0.041 0.025 0.018 0.014 0.011 0.010 0.009 0.008 0.007 0.006 0.006 0.005 0.004 0.003 0.003 0.002 0.002 0.001 0.001 0.001 0.001 0.001 0.001 0.001 0.001 0.001 0.001 0.001 0.001 0.001 0.001 0.001 0.001 0.001 0.001 0.001 0.002 0.004 0.009 0.020 0.043 0.088 0.173 0.315 0.505 0.662
13.480 15.028 16.506 17.894 19.145 20.179 20.857 21.099 21.039 20.768 20.526 20.308 19.867 19.034 18.100 17.298 16.466 15.442 14.083 12.286 10.002 7.447 5.130 3.375 2.102 1.181 0.578 0.252 0.110 0.055 0.032 0.021 0.015 0.012 0.009 0.008 0.007 0.006 0.006 0.005 0.004 0.004 0.003 0.002 0.002 0.001 0.001 0.001 0.000 0.000 0.000 0.000 0.000 0.000 0.000 0.000 0.000 0.000 0.000 0.000 0.000 0.000 0.000 0.000 0.000 0.000 0.000 0.001 0.002 0.006 0.013 0.029 0.061 0.122 0.226 0.377 0.544
11.377 12.804 14.269 15.769 17.244 18.531 19.427 19.799 19.797 19.576 19.250 18.855 18.250 17.361 16.415 15.530 14.531 13.179 11.295 8.799 6.082 3.795 2.269 1.336 0.765 0.403 0.188 0.081 0.040 0.024 0.017 0.013 0.010 0.008 0.007 0.006 0.005 0.004 0.004 0.003 0.002 0.002 0.002 0.001 0.001 0.000 0.000 0.000 0.000 0.000 0.000 0.000 0.000 0.000 0.000 0.000 0.000 0.000 0.000 0.000 0.000 0.000 0.000 0.000 0.000 0.000 0.000 0.000 0.001 0.003 0.008 0.018 0.039 0.081 0.156 0.271 0.426
9.421 10.731 12.079 13.536 15.076 16.455 17.465 17.950 18.013 17.797 17.266 16.509 15.638 14.730 13.803 12.804 11.545 9.756 7.276 4.670 2.660 1.392 0.703 0.371 0.203 0.109 0.055 0.029 0.018 0.013 0.010 0.008 0.007 0.006 0.005 0.004 0.003 0.003 0.002 0.002 0.001 0.001 0.001 0.000 0.000 0.000 0.000 0.000 0.000 0.000 0.000 0.000 0.000 0.000 0.000 0.000 0.000 0.000 0.000 0.000 0.000 0.000 0.000 0.000 0.000 0.000 0.000 0.000 0.000 0.002 0.004 0.010 0.023 0.050 0.100 0.184 0.310
7.547 8.667 9.764 10.907 12.098 13.230 14.174 14.703 14.811 14.605 13.933 12.845 11.644 10.564 9.478 8.278 6.799 4.951 3.046 1.627 0.769 0.341 0.161 0.089 0.054 0.033 0.021 0.014 0.011 0.009 0.007 0.006 0.005 0.004 0.003 0.002 0.002 0.001 0.001 0.001 0.000 0.000 0.000 0.000 0.000 0.000 0.000 0.000 0.000 0.000 0.000 0.000 0.000 0.000 0.000 0.000 0.000 0.000 0.000 0.000 0.000 0.000 0.000 0.000 0.000 0.000 0.000 0.000 0.000 0.001 0.002 0.005 0.012 0.027 0.058 0.114 0.205
5.513 6.252 6.804 7.273 7.737 8.287 8.951 9.430 9.578 9.457 8.880 7.776 6.436 5.336 4.415 3.542 2.601 1.601 0.819 0.363 0.154 0.073 0.042 0.028 0.020 0.015 0.012 0.009 0.007 0.006 0.005 0.004 0.003 0.002 0.002 0.001 0.001 0.000 0.000 0.000 0.000 0.000 0.000 0.000 0.000 0.000 0.000 0.000 0.000 0.000 0.000 0.000 0.000 0.000 0.000 0.000 0.000 0.000 0.000 0.000 0.000 0.000 0.000 0.000 0.000 0.000 0.000 0.000 0.000 0.000 0.001 0.002 0.006 0.014 0.031 0.064 0.124
3.057 3.303 3.413 3.462 3.514 3.635 3.908 4.169 4.265 4.228 3.963 3.378 2.554 1.877 1.394 1.010 0.649 0.343 0.157 0.071 0.037 0.024 0.017 0.014 0.011 0.009 0.007 0.006 0.005 0.004 0.003 0.002 0.002 0.001 0.001 0.000 0.000 0.000 0.000 0.000 0.000 0.000 0.000 0.000 0.000 0.000 0.000 0.000 0.000 0.000 0.000 0.000 0.000 0.000 0.000 0.000 0.000 0.000 0.000 0.000 0.000 0.000 0.000 0.000 0.000 0.000 0.000 0.000 0.000 0.000 0.000 0.001 0.002 0.006 0.014 0.032 0.066
1.255 1.272 1.254 1.217 1.183 1.177 1.233 1.316 1.343 1.328 1.234 1.013 0.687 0.448 0.308 0.210 0.128 0.069 0.036 0.022 0.016 0.013 0.010 0.009 0.007 0.006 0.005 0.004 0.003 0.002 0.002 0.001 0.001 0.000 0.000 0.000 0.000 0.000 0.000 0.000 0.000 0.000 0.000 0.000 0.000 0.000 0.000 0.000 0.000 0.000 0.000 0.000 0.000 0.000 0.000 0.000 0.000 0.000 0.000 0.000 0.000 0.000 0.000 0.000 0.000 0.000 0.000 0.000 0.000 0.000 0.000 0.000 0.001 0.002 0.006 0.014 0.031
0.388 0.372 0.356 0.339 0.323 0.315 0.315 0.322 0.320 0.310 0.284 0.229 0.148 0.096 0.068 0.048 0.033 0.022 0.015 0.012 0.010 0.008 0.007 0.006 0.005 0.004 0.003 0.002 0.002 0.001 0.001 0.000 0.000 0.000 0.000 0.000 0.000 0.000 0.000 0.000 0.000 0.000 0.000 0.000 0.000 0.000 0.000 0.000 0.000 0.000 0.000 0.000 0.000 0.000 0.000 0.000 0.000 0.000 0.000 0.000 0.000 0.000 0.000 0.000 0.000 0.000 0.000 0.000 0.000 0.000 0.000 0.000 0.000 0.001 0.002 0.006 0.013
0.112 0.105 0.101 0.098 0.093 0.089 0.086 0.083 0.080 0.075 0.069 0.057 0.040 0.029 0.023 0.018 0.015 0.012 0.009 0.008 0.006 0.005 0.004 0.004 0.003 0.002 0.002 0.001 0.001 0.000 0.000 0.000 0.000 0.000 0.000 0.000 0.000 0.000 0.000 0.000 0.000 0.000 0.000 0.000 0.000 0.000 0.000 0.000 0.000 0.000 0.000 0.000 0.000 0.000 0.000 0.000 0.000 0.000 0.000 0.000 0.000 0.000 0.000 0.000 0.000 0.000 0.000 0.000 0.000 0.000 0.000 0.000 0.000 0.000 0.001 0.002 0.005
0.039 0.037 0.037 0.036 0.035 0.033 0.031 0.029 0.028 0.026 0.024 0.021 0.018 0.015 0.012 0.011 0.009 0.007 0.006 0.005 0.004 0.003 0.003 0.002 0.002 0.001 0.001 0.000 0.000 0.000 0.000 0.000 0.000 0.000 0.000 0.000 0.000 0.000 0.000 0.000 0.000 0.000 0.000 0.000 0.000 0.000 0.000 0.000 0.000 0.000 0.000 0.000 0.000 0.000 0.000 0.000 0.000 0.000 0.000 0.000 0.000 0.000 0.000 0.000 0.000 0.000 0.000 0.000 0.000 0.000 0.000 0.000 0.000 0.000 0.000 0.001 0.001
0.019 0.018 0.018 0.018 0.017 0.017 0.016 0.015 0.014 0.013 0.013 0.012 0.011 0.009 0.008 0.007 0.006 0.005 0.004 0.003 0.002 0.002 0.001 0.001 0.001 0.000 0.000 0.000 0.000 0.000 0.000 0.000 0.000 0.000 0.000 0.000 0.000 0.000 0.000 0.000 0.000 0.000 0.000 0.000 0.000 0.000 0.000 0.000 0.000 0.000 0.000 0.000 0.000 0.000 0.000 0.000 0.000 0.000 0.000 0.000 0.000 0.000 0.000 0.000 0.000 0.000 0.000 0.000 0.000 0.000 0.000 0.000 0.000 0.000 0.000 0.000 0.000
0.011 0.011 0.011 0.011 0.010 0.010 0.009 0.009 0.008 0.008 0.008 0.007 0.007 0.006 0.005 0.004 0.004 0.003 0.002 0.002 0.001 0.001 0.000 0.000 0.000 0.000 0.000 0.000 0.000 0.000 0.000 0.000 0.000 0.000 0.000 0.000 0.000 0.000 0.000 0.000 0.000 0.000 0.000 0.000 0.000 0.000 0.000 0.000 0.000 0.000 0.000 0.000 0.000 0.000 0.000 0.000 0.000 0.000 0.000 0.000 0.000 0.000 0.000 0.000 0.000 0.000 0.000 0.000 0.000 0.000 0.000 0.000 0.000 0.000 0.000 0.000 0.000
0.007 0.007 0.007 0.006 0.006 0.006 0.006 0.005 0.005 0.005 0.005 0.005 0.004 0.004 0.003 0.003 0.002 0.001 0.001 0.001 0.000 0.000 0.000 0.000 0.000 0.000 0.000 0.000 0.000 0.000 0.000 0.000 0.000 0.000 0.000 0.000 0.000 0.000 0.000 0.000 0.000 0.000 0.000 0.000 0.000 0.000 0.000 0.000 0.000 0.000 0.000 0.000 0.000 0.000 0.000 0.000 0.000 0.000 0.000 0.000 0.000 0.000 0.000 0.000 0.000 0.000 0.000 0.000 0.000 0.000 0.000 0.000 0.000 0.000 0.000 0.000 0.000
0.004 0.004 0.004 0.004 0.004 0.004 0.003 0.003 0.003 0.003 0.003 0.003 0.002 0.002 0.002 0.001 0.001 0.001 0.000 0.000 0.000 0.000 0.000 0.000 0.000 0.000 0.000 0.000 0.000 0.000 0.000 0.000 0.000 0.000 0.000 0.000 0.000 0.000 0.000 0.000 0.000 0.000 0.000 0.000 0.000 0.000 0.000 0.000 0.000 0.000 0.000 0.000 0.000 0.000 0.000 0.000 0.000 0.000 0.000 0.000 0.000 0.000 0.000 0.000 0.000 0.000 0.000 0.000 0.000 0.000 0.000 0.000 0.000 0.000 0.000 0.000 0.000
0.002 0.002 0.002 0.002 0.002 0.002 0.002 0.002 0.002 0.001 0.001 0.001 0.001 0.001 0.001 0.000 0.000 0.000 0.000 0.000 0.000 0.000 0.000 0.000 0.000 0.000 0.000 0.000 0.000 0.000 0.000 0.000 0.000 0.000 0.000 0.000 0.000 0.000 0.000 0.000 0.000 0.000 0.000 0.000 0.000 0.000 0.000 0.000 0.000 0.000 0.000 0.000 0.000 0.000 0.000 0.000 0.000 0.000 0.000 0.000 0.000 0.000 0.000 0.000 0.000 0.000 0.000 0.000 0.000 0.000 0.000 0.000 0.000 0.000 0.000 0.000 0.000
0.001 0.001 0.001 0.001 0.001 0.001 0.001 0.001 0.000 0.000 0.000 0.000 0.000 0.000 0.000 0.000 0.000 0.000 0.000 0.000 0.000 0.000 0.000 0.000 0.000 0.000 0.000 0.000 0.000 0.000 0.000 0.000 0.000 0.000 0.000 0.000 0.000 0.000 0.000 0.000 0.000 0.000 0.000 0.000 0.000 0.000 0.000 0.000 0.000 0.000 0.000 0.000 0.000 0.000 0.000 0.000 0.000 0.000 0.000 0.000 0.000 0.000 0.000 0.000 0.000 0.000 0.000 0.000 0.000 0.000 0.000 0.000 0.000 0.000 0.000 0.000 0.000
0.000 0.000 0.000 0.000 0.000 0.000 0.000 0.000 0.000 0.000 0.000 0.000 0.000 0.000 0.000 0.000 0.000 0.000 0.000 0.000 0.000 0.000 0.000 0.000 0.000 0.000 0.000 0.000 0.000 0.000 0.000 0.000 0.000 0.000 0.000 0.000 0.000 0.000 0.000 0.000 0.000 0.000 0.000 0.000 0.000 0.000 0.000 0.000 0.000 0.000 0.000 0.000 0.000 0.000 0.000 0.000 0.000 0.000 0.000 0.000 0.000 0.000 0.000 0.000 0.000 0.000 0.000 0.000 0.000 0.000 0.000 0.000 0.000 0.000 0.000 0.000 0.000
0.000 0.000 0.000 0.000 0.000 0.000 0.000 0.000 0.000 0.000 0.000 0.000 0.000 0.000 0.000 0.000 0.000 0.000 0.000 0.000 0.000 0.000 0.000 0.000 0.000 0.000 0.000 0.000 0.000 0.000 0.000 0.000 0.000 0.000 0.000 0.000 0.000 0.000 0.000 0.000 0.000 0.000 0.000 0.000 0.000 0.000 0.000 0.000 0.000 0.000 0.000 0.000 0.000 0.000 0.000 0.000 0.000 0.000 0.000 0.000 0.000 0.000 0.000 0.000 0.000 0.000 0.000 0.000 0.000 0.000 0.000 0.000 0.000 0.000 0.000 0.000 0.000
0.000 0.000 0.000 0.000 0.000 0.000 0.000 0.000 0.000 0.000 0.000 0.000 0.000 0.000 0.000 0.000 0.000 0.000 0.000 0.000 0.000 0.000 0.000 0.000 0.000 0.000 0.000 0.000 0.000 0.000 0.000 0.000 0.000 0.000 0.000 0.000 0.000 0.000 0.000 0.000 0.000 0.000 0.000 0.000 0.000 0.000 0.000 0.000 0.000 0.000 0.000 0.000 0.000 0.000 0.000 0.000 0.000 0.000 0.000 0.000 0.000 0.000 0.000 0.000 0.000 0.000 0.000 0.000 0.000 0.000 0.000 0.000 0.000 0.000 0.000 0.000 0.000
0.000 0.000 0.000 0.000 0.000 0.000 0.000 0.000 0.000 0.000 0.000 0.000 0.000 0.000 0.000 0.000 0.000 0.000 0.000 0.000 0.000 0.000 0.000 0.000 0.000 0.000 0.000 0.000 0.000 0.000 0.000 0.000 0.000 0.000 0.000 0.000 0.000 0.000 0.000 0.000 0.000 0.000 0.000 0.000 0.000 0.000 0.000 0.000 0.000 0.000 0.000 0.000 0.000 0.000 0.000 0.000 0.000 0.000 0.000 0.000 0.000 0.000 0.000 0.000 0.000 0.000 0.000 0.000 0.000 0.000 0.000 0.000 0.000 0.000 0.000 0.000 0.000
0.000 0.000 0.000 0.000 0.000 0.000 0.000 0.000 0.000 0.000 0.000 0.000 0.000 0.000 0.000 0.000 0.000 0.000 0.000 0.000 0.000 0.000 0.000 0.000 0.000 0.000 0.000 0.000 0.000 0.000 0.000 0.000 0.000 0.000 0.000 0.000 0.000 0.000 0.000 0.000 0.000 0.000 0.000 0.000 0.000 0.000 0.000 0.000 0.000 0.000 0.000 0.000 0.000 0.000 0.000 0.000 0.000 0.000 0.000 0.000 0.000 0.000 0.000 0.000 0.000 0.000 0.000 0.000 0.000 0.000 0.000 0.000 0.000 0.000 0.000 0.000 0.000
0.000 0.000 0.000 0.000 0.000 0.000 0.000 0.000 0.000 0.000 0.000 0.000 0.000 0.000 0.000 0.000 0.000 0.000 0.000 0.000 0.000 0.000 0.000 0.000 0.000 0.000 0.000 0.000 0.000 0.000 0.000 0.000 0.000 0.000 0.000 0.000 0.000 0.000 0.000 0.000 0.000 0.000 0.000 0.000 0.000 0.000 0.000 0.000 0.000 0.000 0.000 0.000 0.000 0.000 0.000 0.000 0.000 0.000 0.000 0.000 0.000 0.000 0.000 0.000 0.000 0.000 0.000 0.000 0.000 0.000 0.000 0.000 0.000 0.000 0.000 0.000 0.000
0.000 0.000 0.000 0.000 0.000 0.000 0.000 0.000 0.000 0.000 0.000 0.000 0.000 0.000 0.000 0.000 0.000 0.000 0.000 0.000 0.000 0.000 0.000 0.000 0.000 0.000 0.000 0.000 0.000 0.000 0.000 0.000 0.000 0.000 0.000 0.000 0.000 0.000 0.000 0.000 0.000 0.000 0.000 0.000 0.000 0.000 0.000 0.000 0.000 0.000 0.000 0.000 0.000 0.000 0.000 0.000 0.000 0.000 0.000 0.000 0.000 0.000 0.000 0.000 0.000 0.000 0.000 0.000 0.000 0.000 0.000 0.000 0.000 0.000 0.000 0.000 0.000
