RESULTS/r.avaflow_results/33_results/33_ascii/33_hflow10042.asc
ncols 506
nrows 317
xllcenter 498237.50
yllcenter 5580050.00
cellsize 12.50
NODATA_value -9999.000
[rows 170 to 203 of 317, columns 77 to 153 of 506]
0.000 0.000 0.000 0.000 0.000 0.000 0.000 0.000 0.000 0.000 0.000 0.000 0.001 0.002 0.004 0.007 0.011 0.014 0.017 0.019 0.021 0.024 0.034 0.060 0.115 0.176 0.209 0.222 0.229 0.233 0.234 0.232 0.225 0.213 0.206 0.208 0.220 0.246 0.263 0.265 0.256 0.228 0.211 0.220 0.295 0.462 0.688 0.932 1.208 1.574 2.121 3.002 4.231 5.314 5.848 5.974 5.969 6.001 6.048 6.065 6.040 5.916 5.652 5.249 4.740 4.132 3.482 2.903 2.399 1.964 1.595 1.289 1.040 0.838 0.674 0.541 0.435
0.000 0.000 0.000 0.000 0.000 0.000 0.000 0.000 0.000 0.000 0.001 0.002 0.004 0.009 0.015 0.022 0.031 0.039 0.046 0.052 0.059 0.071 0.098 0.149 0.221 0.276 0.299 0.307 0.310 0.311 0.310 0.306 0.295 0.281 0.277 0.284 0.310 0.354 0.381 0.387 0.378 0.360 0.373 0.476 0.739 1.139 1.568 2.000 2.495 3.137 3.977 4.966 5.888 6.431 6.594 6.560 6.483 6.454 6.433 6.392 6.308 6.129 5.838 5.419 4.882 4.237 3.563 2.970 2.458 2.020 1.652 1.346 1.092 0.883 0.712 0.572 0.459
0.000 0.000 0.000 0.000 0.000 0.000 0.000 0.000 0.000 0.001 0.003 0.007 0.013 0.022 0.035 0.049 0.065 0.081 0.098 0.116 0.136 0.167 0.220 0.292 0.357 0.389 0.401 0.406 0.408 0.407 0.404 0.397 0.381 0.367 0.365 0.378 0.418 0.480 0.526 0.551 0.568 0.610 0.753 1.103 1.683 2.340 2.948 3.566 4.302 5.127 5.908 6.540 6.945 7.087 7.052 6.956 6.858 6.780 6.703 6.611 6.479 6.274 5.964 5.526 4.967 4.299 3.615 3.022 2.511 2.074 1.705 1.393 1.132 0.915 0.737 0.593 0.475
0.000 0.000 0.000 0.000 0.000 0.000 0.000 0.001 0.002 0.004 0.009 0.016 0.027 0.043 0.063 0.085 0.112 0.142 0.176 0.213 0.257 0.316 0.394 0.465 0.503 0.518 0.523 0.525 0.525 0.524 0.519 0.508 0.488 0.473 0.472 0.490 0.541 0.618 0.700 0.783 0.896 1.123 1.573 2.304 3.211 4.035 4.757 5.472 6.180 6.819 7.324 7.610 7.685 7.600 7.425 7.264 7.143 7.033 6.922 6.791 6.625 6.393 6.058 5.598 5.014 4.325 3.647 3.059 2.551 2.113 1.742 1.424 1.157 0.935 0.753 0.605 0.485
0.000 0.000 0.000 0.000 0.000 0.000 0.000 0.001 0.004 0.008 0.015 0.026 0.044 0.068 0.097 0.131 0.171 0.220 0.276 0.341 0.417 0.504 0.588 0.640 0.660 0.667 0.669 0.669 0.668 0.665 0.657 0.642 0.615 0.594 0.591 0.607 0.657 0.757 0.909 1.113 1.442 2.046 2.987 4.126 5.198 6.038 6.683 7.227 7.695 8.066 8.309 8.374 8.277 8.042 7.731 7.509 7.364 7.229 7.106 6.949 6.757 6.495 6.128 5.637 5.029 4.332 3.664 3.080 2.573 2.136 1.760 1.440 1.170 0.947 0.763 0.612 0.491
0.000 0.000 0.000 0.000 0.000 0.000 0.000 0.001 0.004 0.010 0.019 0.033 0.055 0.087 0.129 0.182 0.245 0.318 0.404 0.503 0.610 0.712 0.785 0.823 0.839 0.843 0.845 0.844 0.842 0.836 0.822 0.800 0.763 0.723 0.704 0.710 0.754 0.870 1.098 1.494 2.188 3.353 4.886 6.208 7.183 7.884 8.341 8.654 8.894 9.034 9.071 8.981 8.765 8.411 8.007 7.712 7.527 7.383 7.257 7.088 6.878 6.585 6.178 5.654 5.029 4.333 3.669 3.087 2.580 2.141 1.764 1.443 1.174 0.951 0.767 0.615 0.492
0.000 0.000 0.000 0.000 0.000 0.000 0.000 0.001 0.005 0.010 0.020 0.036 0.062 0.100 0.153 0.223 0.313 0.428 0.564 0.705 0.833 0.936 1.002 1.036 1.052 1.056 1.057 1.055 1.050 1.039 1.019 0.984 0.929 0.859 0.809 0.800 0.832 0.950 1.218 1.742 2.754 4.476 6.498 7.926 8.858 9.428 9.703 9.807 9.870 9.832 9.695 9.457 9.140 8.720 8.265 7.913 7.678 7.525 7.387 7.212 6.977 6.647 6.203 5.653 5.019 4.323 3.663 3.082 2.574 2.134 1.758 1.438 1.171 0.948 0.765 0.614 0.490
0.000 0.000 0.000 0.000 0.000 0.000 0.000 0.001 0.005 0.010 0.020 0.037 0.064 0.106 0.166 0.248 0.359 0.510 0.712 0.927 1.084 1.193 1.260 1.297 1.312 1.315 1.315 1.310 1.300 1.279 1.247 1.196 1.116 1.005 0.914 0.883 0.899 1.002 1.274 1.856 3.058 5.200 7.678 9.311 10.240 10.660 10.775 10.748 10.649 10.439 10.156 9.815 9.427 8.981 8.513 8.129 7.854 7.672 7.512 7.315 7.044 6.675 6.202 5.636 4.986 4.282 3.627 3.049 2.544 2.107 1.734 1.418 1.154 0.936 0.756 0.608 0.485
0.000 0.000 0.000 0.000 0.000 0.000 0.000 0.001 0.004 0.009 0.019 0.035 0.063 0.107 0.170 0.257 0.380 0.554 0.800 1.114 1.360 1.499 1.580 1.620 1.633 1.635 1.631 1.618 1.595 1.560 1.510 1.436 1.328 1.171 1.025 0.961 0.959 1.036 1.291 1.886 3.163 5.545 8.479 10.377 11.302 11.582 11.587 11.468 11.204 10.838 10.462 10.072 9.656 9.217 8.759 8.358 8.054 7.828 7.617 7.380 7.069 6.669 6.171 5.581 4.904 4.196 3.550 2.982 2.486 2.057 1.691 1.382 1.126 0.914 0.740 0.595 0.476
0.000 0.000 0.000 0.000 0.000 0.000 0.000 0.001 0.003 0.007 0.015 0.030 0.057 0.102 0.167 0.257 0.384 0.567 0.831 1.212 1.632 1.878 1.978 2.019 2.029 2.027 2.013 1.985 1.943 1.887 1.813 1.714 1.573 1.364 1.152 1.039 1.015 1.066 1.295 1.882 3.168 5.616 8.892 11.088 12.043 12.226 12.166 11.935 11.533 11.061 10.634 10.235 9.834 9.422 8.986 8.572 8.237 7.968 7.709 7.417 7.058 6.619 6.087 5.463 4.758 4.057 3.430 2.879 2.398 1.983 1.630 1.335 1.090 0.888 0.720 0.580 0.464
0.000 0.000 0.000 0.000 0.000 0.000 0.000 0.000 0.001 0.003 0.008 0.019 0.042 0.083 0.147 0.240 0.372 0.558 0.828 1.223 1.773 2.255 2.471 2.512 2.513 2.499 2.467 2.416 2.349 2.268 2.168 2.039 1.859 1.598 1.308 1.129 1.073 1.101 1.295 1.853 3.113 5.548 8.968 11.399 12.489 12.645 12.503 12.164 11.664 11.146 10.708 10.319 9.950 9.581 9.185 8.769 8.397 8.080 7.776 7.431 7.021 6.530 5.944 5.269 4.542 3.867 3.268 2.742 2.283 1.890 1.557 1.281 1.052 0.861 0.700 0.566 0.454
0.000 0.000 0.000 0.000 0.000 0.000 0.000 0.000 0.000 0.001 0.003 0.008 0.020 0.047 0.098 0.183 0.307 0.486 0.750 1.150 1.737 2.454 2.938 3.086 3.083 3.052 2.997 2.920 2.822 2.711 2.581 2.417 2.194 1.887 1.519 1.259 1.151 1.155 1.312 1.815 2.988 5.318 8.772 11.395 12.636 12.843 12.656 12.245 11.682 11.160 10.724 10.350 10.011 9.676 9.325 8.941 8.546 8.175 7.815 7.425 6.967 6.415 5.763 5.028 4.292 3.640 3.069 2.574 2.149 1.787 1.483 1.230 1.016 0.836 0.683 0.555 0.448
0.000 0.000 0.000 0.000 0.000 0.000 0.000 0.000 0.000 0.000 0.001 0.002 0.006 0.017 0.040 0.088 0.171 0.304 0.521 0.888 1.500 2.396 3.223 3.623 3.690 3.665 3.598 3.494 3.367 3.223 3.058 2.857 2.595 2.250 1.818 1.473 1.295 1.265 1.377 1.829 2.881 4.968 8.300 11.136 12.566 12.865 12.690 12.246 11.651 11.120 10.703 10.343 10.019 9.714 9.408 9.068 8.678 8.263 7.848 7.414 6.910 6.316 5.627 4.856 4.119 3.471 2.911 2.432 2.029 1.693 1.414 1.181 0.983 0.814 0.670 0.548 0.446
0.000 0.000 0.000 0.000 0.000 0.000 0.000 0.000 0.000 0.000 0.000 0.001 0.002 0.005 0.012 0.029 0.061 0.119 0.231 0.479 1.037 2.080 3.313 4.019 4.228 4.237 4.198 4.107 3.968 3.798 3.602 3.369 3.076 2.704 2.239 1.822 1.565 1.485 1.548 1.923 2.862 4.666 7.664 10.598 12.190 12.651 12.567 12.169 11.572 11.003 10.595 10.265 9.984 9.716 9.442 9.132 8.768 8.345 7.888 7.408 6.867 6.248 5.546 4.768 4.029 3.376 2.810 2.331 1.934 1.609 1.347 1.130 0.948 0.793 0.660 0.546 0.446
0.000 0.000 0.000 0.000 0.000 0.000 0.000 0.000 0.000 0.000 0.000 0.000 0.001 0.002 0.005 0.011 0.022 0.043 0.088 0.213 0.594 1.572 3.113 4.205 4.641 4.735 4.734 4.685 4.582 4.426 4.216 3.960 3.650 3.271 2.806 2.351 2.032 1.892 1.904 2.182 2.983 4.510 6.988 9.752 11.428 12.090 12.160 11.910 11.386 10.787 10.354 10.038 9.828 9.640 9.425 9.150 8.811 8.411 7.942 7.420 6.847 6.214 5.511 4.741 4.000 3.339 2.760 2.269 1.865 1.539 1.280 1.075 0.908 0.770 0.652 0.548 0.453
0.000 0.000 0.000 0.000 0.000 0.000 0.000 0.000 0.000 0.000 0.000 0.000 0.001 0.002 0.004 0.008 0.015 0.027 0.052 0.118 0.354 1.112 2.666 4.131 4.860 5.133 5.211 5.215 5.169 5.064 4.890 4.642 4.337 3.972 3.534 3.095 2.760 2.575 2.549 2.736 3.348 4.549 6.407 8.712 10.352 11.186 11.411 11.328 10.994 10.451 9.943 9.601 9.430 9.344 9.244 9.082 8.817 8.441 7.984 7.445 6.848 6.206 5.503 4.743 3.999 3.333 2.745 2.240 1.821 1.484 1.218 1.013 0.860 0.743 0.644 0.550 0.458
0.000 0.000 0.000 0.000 0.000 0.000 0.000 0.000 0.000 0.000 0.000 0.000 0.001 0.002 0.005 0.009 0.016 0.028 0.050 0.104 0.264 0.802 2.104 3.807 4.877 5.381 5.598 5.688 5.717 5.681 5.581 5.399 5.135 4.812 4.435 4.068 3.783 3.606 3.559 3.656 4.033 4.841 6.159 7.902 9.291 10.102 10.393 10.407 10.274 9.917 9.384 8.933 8.742 8.724 8.768 8.789 8.696 8.423 7.992 7.461 6.863 6.214 5.516 4.766 4.018 3.343 2.749 2.235 1.800 1.446 1.165 0.952 0.801 0.698 0.615 0.532 0.437
0.000 0.000 0.000 0.000 0.000 0.000 0.000 0.000 0.000 0.000 0.000 0.000 0.001 0.004 0.008 0.015 0.026 0.041 0.066 0.120 0.255 0.638 1.581 3.202 4.658 5.461 5.854 6.080 6.207 6.250 6.221 6.126 5.964 5.743 5.468 5.211 5.025 4.917 4.880 4.893 5.046 5.467 6.297 7.487 8.535 9.195 9.451 9.484 9.433 9.227 8.816 8.289 7.965 7.904 8.025 8.216 8.313 8.222 7.909 7.432 6.866 6.244 5.575 4.842 4.073 3.380 2.774 2.248 1.797 1.421 1.120 0.892 0.728 0.613 0.520 0.427 0.317
0.000 0.000 0.000 0.000 0.000 0.000 0.000 0.000 0.000 0.000 0.000 0.001 0.003 0.008 0.018 0.032 0.052 0.079 0.116 0.177 0.301 0.594 1.267 2.527 4.158 5.332 5.958 6.351 6.617 6.758 6.804 6.781 6.702 6.572 6.397 6.223 6.102 6.040 6.030 6.047 6.123 6.311 6.695 7.382 8.117 8.587 8.790 8.834 8.814 8.678 8.366 7.871 7.440 7.242 7.255 7.440 7.669 7.730 7.605 7.279 6.813 6.248 5.614 4.904 4.114 3.406 2.801 2.271 1.804 1.401 1.073 0.819 0.619 0.457 0.324 0.214 0.127
0.000 0.000 0.000 0.000 0.000 0.000 0.000 0.000 0.000 0.000 0.000 0.002 0.006 0.017 0.038 0.070 0.112 0.160 0.219 0.297 0.421 0.659 1.148 2.073 3.550 4.999 5.896 6.471 6.903 7.179 7.315 7.355 7.341 7.282 7.175 7.042 6.945 6.887 6.868 6.878 6.918 7.009 7.189 7.522 7.942 8.224 8.355 8.386 8.376 8.271 8.008 7.573 7.118 6.820 6.698 6.732 6.876 6.984 6.992 6.858 6.542 6.068 5.489 4.816 4.059 3.368 2.773 2.251 1.779 1.349 0.979 0.677 0.432 0.251 0.139 0.074 0.038
0.000 0.000 0.000 0.000 0.000 0.000 0.000 0.000 0.000 0.000 0.001 0.004 0.013 0.036 0.081 0.148 0.225 0.306 0.392 0.494 0.628 0.828 1.199 1.906 3.101 4.589 5.692 6.453 7.050 7.492 7.756 7.867 7.887 7.872 7.808 7.695 7.596 7.523 7.474 7.449 7.446 7.467 7.536 7.679 7.888 8.021 8.089 8.105 8.068 7.948 7.709 7.320 6.879 6.551 6.336 6.226 6.177 6.163 6.142 6.082 5.883 5.501 4.963 4.329 3.659 3.037 2.480 1.980 1.517 1.087 0.707 0.405 0.207 0.101 0.049 0.024 0.012
0.000 0.000 0.000 0.000 0.000 0.000 0.000 0.000 0.000 0.000 0.002 0.008 0.026 0.074 0.164 0.288 0.412 0.530 0.651 0.784 0.934 1.119 1.399 1.944 2.912 4.247 5.419 6.330 7.077 7.655 8.062 8.270 8.330 8.339 8.298 8.196 8.086 7.996 7.922 7.846 7.778 7.738 7.742 7.782 7.875 7.917 7.919 7.894 7.830 7.686 7.440 7.076 6.652 6.314 6.055 5.846 5.663 5.492 5.317 5.129 4.891 4.521 3.993 3.372 2.771 2.218 1.713 1.261 0.869 0.541 0.299 0.148 0.068 0.032 0.016 0.009 0.005
0.000 0.000 0.000 0.000 0.000 0.000 0.000 0.000 0.000 0.001 0.004 0.016 0.054 0.146 0.306 0.503 0.677 0.842 1.009 1.181 1.360 1.550 1.783 2.183 2.948 4.074 5.227 6.194 7.031 7.705 8.214 8.532 8.658 8.671 8.639 8.562 8.464 8.352 8.246 8.117 7.970 7.868 7.828 7.827 7.849 7.849 7.811 7.729 7.611 7.433 7.175 6.819 6.412 6.064 5.777 5.513 5.245 4.952 4.613 4.217 3.770 3.264 2.686 2.084 1.560 1.127 0.772 0.495 0.294 0.161 0.081 0.039 0.019 0.010 0.006 0.004 0.002
0.000 0.000 0.000 0.000 0.000 0.000 0.000 0.000 0.000 0.001 0.006 0.026 0.093 0.249 0.504 0.785 1.017 1.246 1.475 1.698 1.915 2.131 2.359 2.668 3.214 4.090 5.158 6.138 6.991 7.709 8.275 8.658 8.854 8.898 8.878 8.819 8.736 8.629 8.492 8.309 8.081 7.922 7.848 7.824 7.817 7.786 7.709 7.572 7.395 7.176 6.889 6.533 6.135 5.780 5.473 5.175 4.847 4.444 3.940 3.329 2.668 2.055 1.521 1.070 0.709 0.442 0.259 0.143 0.075 0.038 0.019 0.010 0.006 0.004 0.002 0.002 0.001
0.000 0.000 0.000 0.000 0.000 0.000 0.000 0.000 0.000 0.001 0.006 0.029 0.111 0.316 0.658 1.069 1.421 1.742 2.052 2.339 2.602 2.850 3.096 3.373 3.762 4.368 5.220 6.158 6.996 7.721 8.307 8.723 8.954 9.028 9.018 8.988 8.914 8.813 8.659 8.440 8.153 7.938 7.831 7.783 7.758 7.696 7.588 7.413 7.174 6.891 6.563 6.206 5.809 5.398 4.994 4.611 4.194 3.673 3.007 2.243 1.558 1.061 0.703 0.442 0.259 0.141 0.072 0.035 0.017 0.009 0.005 0.003 0.002 0.002 0.001 0.001 0.001
0.000 0.000 0.000 0.000 0.000 0.000 0.000 0.000 0.000 0.001 0.006 0.028 0.112 0.338 0.740 1.276 1.832 2.321 2.742 3.112 3.430 3.713 3.980 4.250 4.556 4.968 5.556 6.318 7.093 7.776 8.340 8.757 9.025 9.130 9.130 9.108 9.044 8.931 8.759 8.509 8.190 7.926 7.775 7.681 7.617 7.538 7.413 7.206 6.920 6.571 6.161 5.731 5.250 4.661 4.004 3.407 2.819 2.197 1.554 1.012 0.645 0.399 0.240 0.139 0.076 0.038 0.017 0.008 0.004 0.002 0.002 0.001 0.001 0.001 0.001 0.001 0.000
0.000 0.000 0.000 0.000 0.000 0.000 0.000 0.000 0.000 0.001 0.005 0.024 0.102 0.332 0.778 1.418 2.174 2.919 3.537 4.022 4.410 4.735 5.014 5.271 5.527 5.815 6.193 6.720 7.351 7.950 8.451 8.842 9.094 9.200 9.217 9.176 9.103 8.958 8.784 8.539 8.222 7.899 7.666 7.487 7.353 7.224 7.069 6.843 6.532 6.128 5.621 5.026 4.315 3.424 2.528 1.827 1.279 0.839 0.512 0.301 0.177 0.104 0.061 0.035 0.018 0.009 0.004 0.002 0.001 0.001 0.001 0.001 0.000 0.000 0.000 0.000 0.000
0.000 0.000 0.000 0.000 0.000 0.000 0.000 0.000 0.000 0.001 0.004 0.018 0.083 0.306 0.786 1.526 2.438 3.425 4.311 5.016 5.536 5.915 6.208 6.450 6.658 6.860 7.083 7.384 7.797 8.259 8.647 8.966 9.174 9.271 9.291 9.232 9.132 8.975 8.782 8.532 8.212 7.848 7.520 7.234 6.992 6.754 6.507 6.223 5.872 5.409 4.821 4.082 3.158 2.183 1.402 0.845 0.478 0.254 0.131 0.069 0.038 0.022 0.013 0.007 0.004 0.002 0.001 0.000 0.000 0.000 0.000 0.000 0.000 0.000 0.000 0.000 0.000
0.000 0.000 0.000 0.000 0.000 0.001 0.001 0.001 0.001 0.002 0.003 0.014 0.066 0.271 0.776 1.608 2.651 3.798 4.915 5.865 6.591 7.114 7.482 7.728 7.896 8.030 8.135 8.262 8.455 8.706 8.945 9.150 9.267 9.321 9.303 9.240 9.128 8.962 8.745 8.495 8.171 7.775 7.347 6.928 6.545 6.170 5.785 5.377 4.925 4.374 3.707 2.914 2.047 1.279 0.715 0.360 0.168 0.074 0.033 0.015 0.008 0.004 0.002 0.001 0.001 0.000 0.000 0.000 0.000 0.000 0.000 0.000 0.000 0.000 0.000 0.000 0.000
0.000 0.000 0.000 0.001 0.001 0.002 0.002 0.002 0.002 0.002 0.004 0.013 0.061 0.260 0.783 1.681 2.824 4.046 5.298 6.479 7.428 8.127 8.604 8.893 9.077 9.170 9.212 9.249 9.280 9.316 9.360 9.391 9.370 9.338 9.278 9.206 9.087 8.900 8.665 8.398 8.062 7.645 7.150 6.609 6.078 5.576 5.075 4.555 4.002 3.383 2.680 1.922 1.222 0.679 0.327 0.141 0.057 0.022 0.008 0.003 0.001 0.001 0.001 0.000 0.000 0.000 0.000 0.000 0.000 0.000 0.000 0.000 0.000 0.000 0.000 0.000 0.000
0.001 0.001 0.002 0.002 0.003 0.003 0.003 0.003 0.003 0.003 0.004 0.013 0.063 0.273 0.830 1.781 2.962 4.187 5.476 6.832 8.018 8.916 9.525 9.877 10.067 10.139 10.150 10.126 10.043 9.918 9.772 9.612 9.410 9.240 9.110 8.989 8.867 8.689 8.473 8.206 7.864 7.437 6.906 6.282 5.637 5.040 4.461 3.874 3.266 2.613 1.911 1.238 0.697 0.335 0.139 0.052 0.018 0.006 0.002 0.001 0.000 0.000 0.000 0.000 0.000 0.000 0.000 0.000 0.000 0.000 0.000 0.000 0.000 0.000 0.000 0.000 0.000
0.002 0.003 0.004 0.004 0.004 0.004 0.003 0.003 0.003 0.003 0.005 0.015 0.074 0.327 0.944 1.914 3.050 4.238 5.524 6.961 8.359 9.467 10.227 10.665 10.853 10.904 10.891 10.807 10.605 10.336 10.035 9.719 9.384 9.044 8.756 8.538 8.376 8.217 8.045 7.812 7.496 7.100 6.572 5.917 5.202 4.527 3.897 3.273 2.638 1.970 1.317 0.767 0.377 0.155 0.056 0.018 0.006 0.002 0.001 0.000 0.000 0.000 0.000 0.000 0.000 0.000 0.000 0.000 0.000 0.000 0.000 0.000 0.000 0.000 0.000 0.000 0.000
0.005 0.006 0.006 0.006 0.005 0.005 0.004 0.004 0.004 0.004 0.007 0.022 0.103 0.410 1.068 2.009 3.072 4.231 5.514 6.956 8.456 9.730 10.654 11.186 11.394 11.422 11.371 11.228 10.953 10.581 10.164 9.723 9.251 8.707 8.231 7.884 7.637 7.446 7.275 7.070 6.809 6.486 6.040 5.435 4.729 4.012 3.343 2.696 2.048 1.402 0.840 0.427 0.180 0.064 0.020 0.006 0.002 0.001 0.000 0.000 0.000 0.000 0.000 0.000 0.000 0.000 0.000 0.000 0.000 0.000 0.000 0.000 0.000 0.000 0.000 0.000 0.000
0.008 0.008 0.008 0.007 0.006 0.005 0.005 0.005 0.005 0.006 0.010 0.028 0.120 0.453 1.121 2.031 3.049 4.182 5.460 6.899 8.433 9.776 10.779 11.368 11.626 11.641 11.567 11.379 11.063 10.640 10.147 9.574 8.950 8.244 7.584 7.068 6.688 6.413 6.187 5.970 5.754 5.523 5.215 4.757 4.152 3.466 2.766 2.089 1.442 0.875 0.454 0.195 0.070 0.022 0.006 0.002 0.000 0.000 0.000 0.000 0.000 0.000 0.000 0.000 0.000 0.000 0.000 0.000 0.000 0.000 0.000 0.000 0.000 0.000 0.000 0.000 0.000
