RESULTS/r.avaflow_results/33_results/33_ascii/33_hflow_max0029.asc
ncols 506
nrows 317
xllcenter 498237.50
yllcenter 5580050.00
cellsize 12.50
NODATA_value -9999.000
[rows 170 to 203 of 317, columns 154 to 230 of 506]
15.224 14.992 14.804 14.601 14.370 14.142 13.863 13.552 13.224 12.891 12.590 12.267 11.902 11.760 11.439 10.803 9.864 8.755 7.632 6.630 5.804 5.054 4.338 3.745 3.292 2.934 2.699 2.566 2.514 2.546 2.612 2.693 2.802 2.893 2.969 3.065 3.150 3.192 3.186 3.170 3.095 2.970 2.823 2.689 2.563 2.426 2.249 2.013 1.718 1.412 1.126 0.859 0.652 0.503 0.395 0.314 0.257 0.218 0.190 0.168 0.153 0.138 0.122 0.107 0.095 0.086 0.092 0.118 0.201 0.392 0.678 0.898 1.079 1.211 1.302 1.336 1.296
18.653 18.675 18.615 18.454 18.173 17.793 17.352 16.901 16.467 16.021 15.618 15.176 14.813 14.650 14.268 13.575 12.600 11.461 10.223 8.972 7.819 6.724 5.636 4.759 4.075 3.508 3.064 2.765 2.603 2.553 2.598 2.702 2.844 2.953 3.024 3.084 3.139 3.171 3.165 3.105 2.973 2.770 2.533 2.303 2.086 1.852 1.565 1.235 0.926 0.660 0.474 0.351 0.268 0.209 0.166 0.136 0.119 0.108 0.101 0.096 0.092 0.085 0.078 0.068 0.059 0.061 0.067 0.089 0.152 0.294 0.552 0.785 0.972 1.097 1.177 1.216 1.207
21.873 22.164 22.164 21.937 21.531 21.009 20.440 19.889 19.377 18.885 18.405 17.897 17.673 17.496 17.107 16.394 15.404 14.297 13.166 11.944 10.576 9.120 7.636 6.345 5.309 4.429 3.698 3.154 2.807 2.626 2.558 2.602 2.711 2.860 2.941 2.993 3.014 2.993 2.912 2.749 2.475 2.093 1.692 1.345 1.059 0.855 0.675 0.498 0.350 0.246 0.180 0.137 0.107 0.086 0.070 0.061 0.060 0.059 0.059 0.060 0.059 0.056 0.052 0.045 0.044 0.045 0.050 0.067 0.111 0.211 0.417 0.685 0.888 1.037 1.108 1.145 1.145
24.212 24.751 24.865 24.695 24.308 23.805 23.270 22.752 22.240 21.712 21.218 20.803 20.628 20.421 20.036 19.361 18.421 17.317 16.124 14.848 13.459 11.910 10.203 8.515 7.035 5.778 4.730 3.898 3.283 2.856 2.622 2.505 2.493 2.641 2.738 2.744 2.686 2.561 2.333 1.968 1.491 1.027 0.694 0.486 0.397 0.317 0.241 0.175 0.125 0.091 0.069 0.055 0.044 0.036 0.033 0.033 0.035 0.038 0.040 0.040 0.040 0.038 0.035 0.034 0.034 0.035 0.039 0.050 0.079 0.145 0.285 0.548 0.796 0.987 1.074 1.104 1.105
25.091 25.829 26.220 26.330 26.228 26.016 25.760 25.455 25.062 24.563 24.008 23.690 23.474 23.236 22.860 22.254 21.370 20.256 18.971 17.575 16.064 14.417 12.547 10.518 8.689 7.107 5.795 4.735 3.906 3.279 2.810 2.492 2.399 2.430 2.446 2.359 2.139 1.786 1.374 0.968 0.629 0.393 0.246 0.182 0.146 0.115 0.087 0.065 0.048 0.037 0.030 0.024 0.021 0.019 0.019 0.020 0.023 0.026 0.027 0.027 0.027 0.026 0.026 0.026 0.026 0.027 0.030 0.039 0.058 0.100 0.191 0.393 0.692 0.921 1.036 1.074 1.079
24.980 25.856 26.460 26.821 27.050 27.210 27.288 27.231 27.021 26.636 26.222 25.806 25.552 25.309 24.956 24.424 23.679 22.677 21.385 19.841 18.127 16.347 14.492 12.363 10.098 8.142 6.563 5.320 4.357 3.617 3.047 2.620 2.432 2.324 2.162 1.832 1.346 0.865 0.577 0.380 0.241 0.148 0.093 0.072 0.058 0.045 0.035 0.027 0.022 0.017 0.015 0.014 0.013 0.013 0.013 0.015 0.017 0.018 0.019 0.019 0.019 0.019 0.019 0.019 0.020 0.021 0.024 0.031 0.044 0.073 0.135 0.276 0.556 0.816 0.974 1.036 1.051
24.080 25.169 26.069 26.693 27.156 27.503 27.700 27.720 27.656 27.562 27.128 26.600 26.379 26.221 25.919 25.429 24.824 24.005 22.917 21.467 19.740 17.853 15.772 13.392 10.815 8.597 6.866 5.541 4.535 3.766 3.180 2.770 2.474 2.187 1.714 1.089 0.581 0.333 0.220 0.143 0.091 0.057 0.041 0.033 0.026 0.021 0.017 0.014 0.012 0.011 0.010 0.009 0.009 0.009 0.010 0.010 0.012 0.013 0.013 0.013 0.013 0.013 0.013 0.014 0.014 0.016 0.019 0.025 0.036 0.057 0.103 0.205 0.421 0.704 0.881 0.973 1.008
22.726 23.984 25.180 26.148 26.871 27.307 27.584 27.682 27.650 27.645 27.423 26.839 26.464 26.335 26.159 25.764 25.245 24.585 23.600 22.160 20.335 18.300 16.083 13.587 10.906 8.619 6.859 5.531 4.536 3.769 3.182 2.708 2.238 1.636 0.935 0.427 0.204 0.125 0.083 0.055 0.036 0.027 0.021 0.017 0.014 0.011 0.010 0.009 0.008 0.007 0.006 0.006 0.006 0.006 0.006 0.007 0.008 0.008 0.009 0.009 0.009 0.009 0.009 0.009 0.010 0.012 0.014 0.020 0.030 0.047 0.082 0.156 0.310 0.566 0.758 0.885 0.951
21.246 22.734 24.058 25.197 26.147 26.772 27.060 27.103 27.027 26.994 26.787 26.240 25.830 25.682 25.486 25.091 24.587 23.979 23.075 21.709 19.912 17.846 15.572 13.039 10.430 8.246 6.532 5.226 4.243 3.455 2.799 2.124 1.394 0.726 0.317 0.139 0.075 0.049 0.034 0.023 0.018 0.015 0.012 0.010 0.009 0.007 0.006 0.006 0.005 0.004 0.004 0.004 0.004 0.004 0.004 0.004 0.004 0.005 0.005 0.005 0.005 0.005 0.006 0.006 0.007 0.008 0.011 0.016 0.025 0.040 0.067 0.123 0.234 0.430 0.638 0.778 0.875
19.747 21.279 22.714 23.918 24.876 25.482 25.738 25.739 25.532 25.286 25.065 24.766 24.413 24.010 23.548 23.066 22.566 22.024 21.233 19.975 18.248 16.193 13.928 11.494 9.207 7.291 5.692 4.368 3.289 2.385 1.610 0.942 0.467 0.214 0.097 0.051 0.032 0.022 0.016 0.013 0.011 0.009 0.008 0.007 0.006 0.005 0.004 0.004 0.003 0.003 0.002 0.002 0.002 0.002 0.002 0.002 0.002 0.002 0.002 0.003 0.003 0.003 0.003 0.004 0.004 0.006 0.008 0.013 0.021 0.034 0.057 0.102 0.185 0.329 0.519 0.667 0.776
18.027 19.604 20.962 22.093 23.014 23.625 23.962 24.064 23.847 23.303 23.142 23.160 22.935 22.236 21.477 20.924 20.385 19.739 18.828 17.481 15.652 13.487 11.208 9.085 7.288 5.727 4.238 2.801 1.662 0.922 0.498 0.252 0.125 0.064 0.037 0.024 0.016 0.012 0.009 0.008 0.007 0.006 0.005 0.004 0.004 0.003 0.002 0.002 0.002 0.001 0.001 0.001 0.001 0.001 0.001 0.001 0.001 0.001 0.001 0.001 0.001 0.001 0.002 0.002 0.003 0.004 0.006 0.010 0.018 0.029 0.050 0.086 0.151 0.261 0.417 0.561 0.672
16.010 17.418 18.699 19.893 20.960 21.857 22.551 22.856 22.752 22.255 21.942 21.990 21.748 20.867 20.046 19.492 18.881 17.990 16.682 14.919 12.760 10.268 7.750 5.985 4.776 3.579 2.246 1.156 0.535 0.242 0.123 0.066 0.041 0.027 0.018 0.013 0.009 0.007 0.006 0.005 0.005 0.004 0.003 0.003 0.002 0.001 0.001 0.001 0.001 0.000 0.000 0.000 0.000 0.000 0.000 0.000 0.000 0.000 0.000 0.000 0.000 0.000 0.001 0.001 0.001 0.002 0.004 0.008 0.014 0.025 0.043 0.074 0.128 0.217 0.343 0.474 0.587
13.665 14.894 16.210 17.599 18.974 20.251 21.267 21.785 21.758 21.355 21.115 20.880 20.285 19.345 18.595 18.000 17.276 16.143 14.447 12.216 9.502 6.449 3.841 2.726 2.012 1.347 0.715 0.312 0.130 0.063 0.037 0.026 0.019 0.014 0.010 0.007 0.006 0.005 0.004 0.003 0.003 0.002 0.002 0.001 0.001 0.001 0.000 0.000 0.000 0.000 0.000 0.000 0.000 0.000 0.000 0.000 0.000 0.000 0.000 0.000 0.000 0.000 0.000 0.000 0.001 0.001 0.003 0.006 0.011 0.021 0.037 0.066 0.112 0.185 0.289 0.405 0.516
11.468 12.618 13.883 15.342 16.887 18.336 19.529 20.200 20.302 20.002 19.382 18.579 17.631 16.842 16.190 15.510 14.606 13.210 11.056 8.055 4.911 2.435 1.194 0.746 0.490 0.290 0.144 0.067 0.036 0.023 0.017 0.014 0.011 0.008 0.006 0.005 0.004 0.003 0.002 0.002 0.001 0.001 0.001 0.000 0.000 0.000 0.000 0.000 0.000 0.000 0.000 0.000 0.000 0.000 0.000 0.000 0.000 0.000 0.000 0.000 0.000 0.000 0.000 0.000 0.000 0.001 0.002 0.004 0.008 0.017 0.032 0.057 0.099 0.162 0.247 0.348 0.450
9.577 10.630 11.799 13.092 14.335 15.506 16.545 17.213 17.380 17.139 16.375 15.251 14.175 13.402 12.647 11.747 10.446 8.401 5.617 2.940 1.280 0.471 0.225 0.136 0.090 0.057 0.035 0.022 0.015 0.012 0.010 0.008 0.006 0.005 0.004 0.003 0.002 0.001 0.001 0.001 0.000 0.000 0.000 0.000 0.000 0.000 0.000 0.000 0.000 0.000 0.000 0.000 0.000 0.000 0.000 0.000 0.000 0.000 0.000 0.000 0.000 0.000 0.000 0.000 0.000 0.000 0.001 0.003 0.006 0.012 0.025 0.048 0.085 0.141 0.214 0.298 0.390
8.228 9.249 10.046 10.606 11.062 11.564 12.250 12.867 13.122 13.034 12.462 11.442 10.244 8.854 7.506 6.215 4.750 2.959 1.401 0.504 0.181 0.088 0.050 0.034 0.026 0.020 0.015 0.012 0.009 0.008 0.006 0.005 0.004 0.003 0.002 0.001 0.001 0.001 0.000 0.000 0.000 0.000 0.000 0.000 0.000 0.000 0.000 0.000 0.000 0.000 0.000 0.000 0.000 0.000 0.000 0.000 0.000 0.000 0.000 0.000 0.000 0.000 0.000 0.000 0.000 0.000 0.000 0.002 0.004 0.008 0.017 0.035 0.066 0.113 0.177 0.254 0.336
6.587 7.015 7.110 6.900 6.614 6.520 6.738 7.174 7.455 7.501 7.219 6.501 5.252 3.636 2.486 1.716 1.085 0.491 0.185 0.087 0.045 0.028 0.020 0.016 0.013 0.011 0.009 0.007 0.006 0.005 0.004 0.003 0.002 0.002 0.001 0.001 0.000 0.000 0.000 0.000 0.000 0.000 0.000 0.000 0.000 0.000 0.000 0.000 0.000 0.000 0.000 0.000 0.000 0.000 0.000 0.000 0.000 0.000 0.000 0.000 0.000 0.000 0.000 0.000 0.000 0.000 0.000 0.001 0.002 0.005 0.011 0.023 0.045 0.081 0.137 0.209 0.292
3.655 3.498 3.309 3.061 2.757 2.534 2.457 2.512 2.558 2.534 2.396 2.071 1.489 0.806 0.425 0.260 0.155 0.084 0.045 0.027 0.019 0.014 0.012 0.010 0.008 0.007 0.006 0.005 0.004 0.003 0.002 0.002 0.001 0.001 0.000 0.000 0.000 0.000 0.000 0.000 0.000 0.000 0.000 0.000 0.000 0.000 0.000 0.000 0.000 0.000 0.000 0.000 0.000 0.000 0.000 0.000 0.000 0.000 0.000 0.000 0.000 0.000 0.000 0.000 0.000 0.000 0.000 0.000 0.001 0.003 0.007 0.014 0.029 0.056 0.102 0.169 0.252
1.330 1.230 1.099 0.976 0.833 0.679 0.581 0.530 0.504 0.477 0.432 0.354 0.227 0.119 0.084 0.059 0.040 0.026 0.018 0.014 0.011 0.009 0.008 0.006 0.005 0.004 0.004 0.003 0.002 0.002 0.001 0.001 0.000 0.000 0.000 0.000 0.000 0.000 0.000 0.000 0.000 0.000 0.000 0.000 0.000 0.000 0.000 0.000 0.000 0.000 0.000 0.000 0.000 0.000 0.000 0.000 0.000 0.000 0.000 0.000 0.000 0.000 0.000 0.000 0.000 0.000 0.000 0.000 0.000 0.001 0.004 0.008 0.017 0.036 0.071 0.129 0.211
0.354 0.325 0.282 0.249 0.213 0.161 0.123 0.109 0.104 0.099 0.089 0.072 0.049 0.036 0.028 0.022 0.017 0.013 0.011 0.009 0.007 0.006 0.005 0.004 0.003 0.003 0.002 0.001 0.001 0.001 0.000 0.000 0.000 0.000 0.000 0.000 0.000 0.000 0.000 0.000 0.000 0.000 0.000 0.000 0.000 0.000 0.000 0.000 0.000 0.000 0.000 0.000 0.000 0.000 0.000 0.000 0.000 0.000 0.000 0.000 0.000 0.000 0.000 0.000 0.000 0.000 0.000 0.000 0.000 0.001 0.002 0.004 0.010 0.021 0.044 0.089 0.164
0.087 0.082 0.074 0.066 0.057 0.045 0.038 0.036 0.034 0.032 0.030 0.025 0.021 0.017 0.014 0.012 0.010 0.008 0.007 0.006 0.005 0.004 0.003 0.002 0.002 0.001 0.001 0.001 0.000 0.000 0.000 0.000 0.000 0.000 0.000 0.000 0.000 0.000 0.000 0.000 0.000 0.000 0.000 0.000 0.000 0.000 0.000 0.000 0.000 0.000 0.000 0.000 0.000 0.000 0.000 0.000 0.000 0.000 0.000 0.000 0.000 0.000 0.000 0.000 0.000 0.000 0.000 0.000 0.000 0.000 0.001 0.002 0.005 0.011 0.025 0.053 0.108
0.029 0.027 0.026 0.024 0.021 0.019 0.018 0.017 0.016 0.015 0.015 0.013 0.012 0.010 0.009 0.008 0.006 0.005 0.004 0.003 0.003 0.002 0.002 0.001 0.001 0.000 0.000 0.000 0.000 0.000 0.000 0.000 0.000 0.000 0.000 0.000 0.000 0.000 0.000 0.000 0.000 0.000 0.000 0.000 0.000 0.000 0.000 0.000 0.000 0.000 0.000 0.000 0.000 0.000 0.000 0.000 0.000 0.000 0.000 0.000 0.000 0.000 0.000 0.000 0.000 0.000 0.000 0.000 0.000 0.000 0.000 0.001 0.002 0.006 0.012 0.027 0.057
0.014 0.014 0.013 0.012 0.012 0.011 0.011 0.010 0.010 0.009 0.009 0.008 0.008 0.007 0.006 0.005 0.004 0.003 0.003 0.002 0.001 0.001 0.001 0.000 0.000 0.000 0.000 0.000 0.000 0.000 0.000 0.000 0.000 0.000 0.000 0.000 0.000 0.000 0.000 0.000 0.000 0.000 0.000 0.000 0.000 0.000 0.000 0.000 0.000 0.000 0.000 0.000 0.000 0.000 0.000 0.000 0.000 0.000 0.000 0.000 0.000 0.000 0.000 0.000 0.000 0.000 0.000 0.000 0.000 0.000 0.000 0.000 0.001 0.003 0.006 0.013 0.028
0.008 0.008 0.008 0.007 0.007 0.007 0.006 0.006 0.006 0.006 0.005 0.005 0.005 0.004 0.004 0.003 0.002 0.002 0.001 0.001 0.001 0.000 0.000 0.000 0.000 0.000 0.000 0.000 0.000 0.000 0.000 0.000 0.000 0.000 0.000 0.000 0.000 0.000 0.000 0.000 0.000 0.000 0.000 0.000 0.000 0.000 0.000 0.000 0.000 0.000 0.000 0.000 0.000 0.000 0.000 0.000 0.000 0.000 0.000 0.000 0.000 0.000 0.000 0.000 0.000 0.000 0.000 0.000 0.000 0.000 0.000 0.000 0.000 0.001 0.003 0.006 0.013
0.005 0.005 0.005 0.004 0.004 0.004 0.004 0.004 0.003 0.003 0.003 0.003 0.003 0.002 0.002 0.001 0.001 0.001 0.000 0.000 0.000 0.000 0.000 0.000 0.000 0.000 0.000 0.000 0.000 0.000 0.000 0.000 0.000 0.000 0.000 0.000 0.000 0.000 0.000 0.000 0.000 0.000 0.000 0.000 0.000 0.000 0.000 0.000 0.000 0.000 0.000 0.000 0.000 0.000 0.000 0.000 0.000 0.000 0.000 0.000 0.000 0.000 0.000 0.000 0.000 0.000 0.000 0.000 0.000 0.000 0.000 0.000 0.000 0.000 0.001 0.003 0.005
0.003 0.003 0.003 0.002 0.002 0.002 0.002 0.002 0.002 0.002 0.002 0.001 0.001 0.001 0.001 0.001 0.000 0.000 0.000 0.000 0.000 0.000 0.000 0.000 0.000 0.000 0.000 0.000 0.000 0.000 0.000 0.000 0.000 0.000 0.000 0.000 0.000 0.000 0.000 0.000 0.000 0.000 0.000 0.000 0.000 0.000 0.000 0.000 0.000 0.000 0.000 0.000 0.000 0.000 0.000 0.000 0.000 0.000 0.000 0.000 0.000 0.000 0.000 0.000 0.000 0.000 0.000 0.000 0.000 0.000 0.000 0.000 0.000 0.000 0.000 0.001 0.002
0.001 0.001 0.001 0.001 0.001 0.001 0.001 0.001 0.001 0.001 0.000 0.000 0.000 0.000 0.000 0.000 0.000 0.000 0.000 0.000 0.000 0.000 0.000 0.000 0.000 0.000 0.000 0.000 0.000 0.000 0.000 0.000 0.000 0.000 0.000 0.000 0.000 0.000 0.000 0.000 0.000 0.000 0.000 0.000 0.000 0.000 0.000 0.000 0.000 0.000 0.000 0.000 0.000 0.000 0.000 0.000 0.000 0.000 0.000 0.000 0.000 0.000 0.000 0.000 0.000 0.000 0.000 0.000 0.000 0.000 0.000 0.000 0.000 0.000 0.000 0.000 0.001
0.000 0.000 0.000 0.000 0.000 0.000 0.000 0.000 0.000 0.000 0.000 0.000 0.000 0.000 0.000 0.000 0.000 0.000 0.000 0.000 0.000 0.000 0.000 0.000 0.000 0.000 0.000 0.000 0.000 0.000 0.000 0.000 0.000 0.000 0.000 0.000 0.000 0.000 0.000 0.000 0.000 0.000 0.000 0.000 0.000 0.000 0.000 0.000 0.000 0.000 0.000 0.000 0.000 0.000 0.000 0.000 0.000 0.000 0.000 0.000 0.000 0.000 0.000 0.000 0.000 0.000 0.000 0.000 0.000 0.000 0.000 0.000 0.000 0.000 0.000 0.000 0.000
0.000 0.000 0.000 0.000 0.000 0.000 0.000 0.000 0.000 0.000 0.000 0.000 0.000 0.000 0.000 0.000 0.000 0.000 0.000 0.000 0.000 0.000 0.000 0.000 0.000 0.000 0.000 0.000 0.000 0.000 0.000 0.000 0.000 0.000 0.000 0.000 0.000 0.000 0.000 0.000 0.000 0.000 0.000 0.000 0.000 0.000 0.000 0.000 0.000 0.000 0.000 0.000 0.000 0.000 0.000 0.000 0.000 0.000 0.000 0.000 0.000 0.000 0.000 0.000 0.000 0.000 0.000 0.000 0.000 0.000 0.000 0.000 0.000 0.000 0.000 0.000 0.000
0.000 0.000 0.000 0.000 0.000 0.000 0.000 0.000 0.000 0.000 0.000 0.000 0.000 0.000 0.000 0.000 0.000 0.000 0.000 0.000 0.000 0.000 0.000 0.000 0.000 0.000 0.000 0.000 0.000 0.000 0.000 0.000 0.000 0.000 0.000 0.000 0.000 0.000 0.000 0.000 0.000 0.000 0.000 0.000 0.000 0.000 0.000 0.000 0.000 0.000 0.000 0.000 0.000 0.000 0.000 0.000 0.000 0.000 0.000 0.000 0.000 0.000 0.000 0.000 0.000 0.000 0.000 0.000 0.000 0.000 0.000 0.000 0.000 0.000 0.000 0.000 0.000
0.000 0.000 0.000 0.000 0.000 0.000 0.000 0.000 0.000 0.000 0.000 0.000 0.000 0.000 0.000 0.000 0.000 0.000 0.000 0.000 0.000 0.000 0.000 0.000 0.000 0.000 0.000 0.000 0.000 0.000 0.000 0.000 0.000 0.000 0.000 0.000 0.000 0.000 0.000 0.000 0.000 0.000 0.000 0.000 0.000 0.000 0.000 0.000 0.000 0.000 0.000 0.000 0.000 0.000 0.000 0.000 0.000 0.000 0.000 0.000 0.000 0.000 0.000 0.000 0.000 0.000 0.000 0.000 0.000 0.000 0.000 0.000 0.000 0.000 0.000 0.000 0.000
0.000 0.000 0.000 0.000 0.000 0.000 0.000 0.000 0.000 0.000 0.000 0.000 0.000 0.000 0.000 0.000 0.000 0.000 0.000 0.000 0.000 0.000 0.000 0.000 0.000 0.000 0.000 0.000 0.000 0.000 0.000 0.000 0.000 0.000 0.000 0.000 0.000 0.000 0.000 0.000 0.000 0.000 0.000 0.000 0.000 0.000 0.000 0.000 0.000 0.000 0.000 0.000 0.000 0.000 0.000 0.000 0.000 0.000 0.000 0.000 0.000 0.000 0.000 0.000 0.000 0.000 0.000 0.000 0.000 0.000 0.000 0.000 0.000 0.000 0.000 0.000 0.000
0.000 0.000 0.000 0.000 0.000 0.000 0.000 0.000 0.000 0.000 0.000 0.000 0.000 0.000 0.000 0.000 0.000 0.000 0.000 0.000 0.000 0.000 0.000 0.000 0.000 0.000 0.000 0.000 0.000 0.000 0.000 0.000 0.000 0.000 0.000 0.000 0.000 0.000 0.000 0.000 0.000 0.000 0.000 0.000 0.000 0.000 0.000 0.000 0.000 0.000 0.000 0.000 0.000 0.000 0.000 0.000 0.000 0.000 0.000 0.000 0.000 0.000 0.000 0.000 0.000 0.000 0.000 0.000 0.000 0.000 0.000 0.000 0.000 0.000 0.000 0.000 0.000
0.000 0.000 0.000 0.000 0.000 0.000 0.000 0.000 0.000 0.000 0.000 0.000 0.000 0.000 0.000 0.000 0.000 0.000 0.000 0.000 0.000 0.000 0.000 0.000 0.000 0.000 0.000 0.000 0.000 0.000 0.000 0.000 0.000 0.000 0.000 0.000 0.000 0.000 0.000 0.000 0.000 0.000 0.000 0.000 0.000 0.000 0.000 0.000 0.000 0.000 0.000 0.000 0.000 0.000 0.000 0.000 0.000 0.000 0.000 0.000 0.000 0.000 0.000 0.000 0.000 0.000 0.000 0.000 0.000 0.000 0.000 0.000 0.000 0.000 0.000 0.000 0.000
