RESULTS/r.avaflow_results/33_results/33_ascii/33_hflow10009.asc
ncols 506
nrows 317
xllcenter 498237.50
yllcenter 5580050.00
cellsize 12.50
NODATA_value -9999.000
[rows 170 to 203 of 317, columns 77 to 153 of 506]
0.000 0.000 0.000 0.000 0.000 0.000 0.000 0.000 0.000 0.000 0.000 0.000 0.000 0.000 0.000 0.000 0.000 0.000 0.000 0.000 0.000 0.000 0.000 0.001 0.003 0.006 0.011 0.018 0.023 0.025 0.026 0.026 0.026 0.022 0.017 0.012 0.011 0.011 0.015 0.026 0.050 0.092 0.164 0.287 0.478 0.737 0.954 1.068 1.097 1.090 1.131 1.303 1.712 2.469 3.327 4.022 4.694 5.371 5.847 6.091 6.137 6.080 5.785 5.124 4.056 2.857 1.965 1.334 0.892 0.583 0.374 0.237 0.149 0.093 0.056 0.033 0.018
0.000 0.000 0.000 0.000 0.000 0.000 0.000 0.000 0.000 0.000 0.000 0.000 0.000 0.000 0.000 0.000 0.000 0.000 0.000 0.000 0.000 0.000 0.001 0.003 0.007 0.013 0.022 0.034 0.042 0.047 0.049 0.049 0.047 0.041 0.031 0.024 0.022 0.024 0.035 0.061 0.110 0.190 0.320 0.523 0.821 1.213 1.560 1.773 1.887 1.991 2.170 2.503 3.065 3.765 4.367 4.913 5.545 6.268 6.773 7.034 7.078 7.002 6.647 5.879 4.645 3.257 2.226 1.494 0.988 0.643 0.415 0.269 0.175 0.112 0.070 0.041 0.024
0.000 0.000 0.000 0.000 0.000 0.000 0.000 0.000 0.000 0.000 0.000 0.000 0.000 0.000 0.000 0.000 0.000 0.000 0.000 0.000 0.000 0.001 0.003 0.008 0.015 0.025 0.041 0.060 0.075 0.083 0.086 0.086 0.082 0.071 0.054 0.045 0.044 0.050 0.075 0.128 0.219 0.361 0.579 0.900 1.343 1.912 2.430 2.799 3.076 3.345 3.656 4.030 4.450 4.844 5.194 5.586 6.116 6.798 7.334 7.623 7.680 7.600 7.238 6.448 5.161 3.648 2.496 1.672 1.103 0.722 0.475 0.316 0.211 0.137 0.086 0.051 0.030
0.000 0.000 0.000 0.000 0.000 0.000 0.000 0.000 0.000 0.000 0.000 0.000 0.000 0.000 0.000 0.000 0.000 0.000 0.000 0.000 0.001 0.004 0.008 0.016 0.028 0.046 0.071 0.104 0.128 0.141 0.145 0.145 0.139 0.120 0.093 0.080 0.080 0.096 0.146 0.245 0.403 0.638 0.981 1.461 2.103 2.896 3.621 4.198 4.680 5.101 5.432 5.654 5.780 5.841 5.940 6.133 6.492 7.053 7.621 7.934 8.010 7.948 7.615 6.850 5.589 4.009 2.758 1.860 1.237 0.816 0.541 0.360 0.238 0.155 0.097 0.059 0.035
0.000 0.000 0.000 0.000 0.000 0.000 0.000 0.000 0.000 0.000 0.000 0.000 0.000 0.000 0.000 0.000 0.000 0.000 0.000 0.001 0.004 0.008 0.016 0.029 0.049 0.078 0.121 0.172 0.209 0.229 0.235 0.234 0.224 0.194 0.152 0.134 0.135 0.168 0.262 0.433 0.686 1.050 1.561 2.254 3.154 4.212 5.165 5.943 6.553 6.948 7.140 7.181 7.083 6.792 6.580 6.582 6.764 7.172 7.726 8.064 8.159 8.113 7.821 7.111 5.904 4.311 2.974 2.008 1.335 0.881 0.579 0.381 0.251 0.164 0.104 0.063 0.037
0.000 0.000 0.000 0.000 0.000 0.000 0.000 0.000 0.000 0.000 0.000 0.000 0.000 0.000 0.000 0.000 0.000 0.000 0.001 0.003 0.008 0.016 0.029 0.049 0.081 0.129 0.198 0.277 0.332 0.360 0.369 0.367 0.351 0.305 0.237 0.210 0.216 0.275 0.433 0.704 1.081 1.606 2.331 3.303 4.531 5.851 6.958 7.772 8.290 8.551 8.639 8.582 8.299 7.691 7.157 6.964 6.991 7.247 7.747 8.111 8.221 8.184 7.918 7.250 6.102 4.519 3.107 2.092 1.382 0.907 0.591 0.386 0.254 0.167 0.107 0.065 0.038
0.000 0.000 0.000 0.000 0.000 0.000 0.000 0.000 0.000 0.000 0.000 0.000 0.000 0.000 0.000 0.000 0.000 0.001 0.003 0.007 0.014 0.027 0.048 0.080 0.131 0.206 0.315 0.431 0.509 0.549 0.561 0.558 0.532 0.461 0.356 0.314 0.326 0.425 0.666 1.056 1.579 2.295 3.278 4.582 6.137 7.551 8.606 9.329 9.759 9.935 9.955 9.844 9.419 8.563 7.728 7.313 7.217 7.341 7.746 8.116 8.232 8.194 7.948 7.307 6.188 4.609 3.158 2.114 1.393 0.909 0.589 0.383 0.252 0.166 0.106 0.065 0.038
0.000 0.000 0.000 0.000 0.000 0.000 0.000 0.000 0.000 0.000 0.000 0.000 0.000 0.000 0.000 0.000 0.000 0.002 0.006 0.013 0.025 0.044 0.076 0.127 0.206 0.321 0.485 0.650 0.757 0.811 0.827 0.821 0.781 0.673 0.512 0.446 0.463 0.602 0.932 1.457 2.146 3.081 4.346 5.954 7.630 9.006 9.984 10.648 11.000 11.104 11.079 10.898 10.413 9.436 8.317 7.677 7.458 7.493 7.782 8.121 8.225 8.193 7.937 7.316 6.203 4.621 3.156 2.107 1.383 0.896 0.575 0.371 0.242 0.160 0.102 0.063 0.037
0.000 0.000 0.000 0.000 0.000 0.000 0.000 0.000 0.000 0.000 0.000 0.000 0.000 0.000 0.000 0.000 0.001 0.003 0.009 0.021 0.040 0.071 0.120 0.197 0.314 0.487 0.724 0.948 1.090 1.160 1.180 1.172 1.114 0.957 0.715 0.601 0.603 0.744 1.135 1.807 2.687 3.837 5.375 7.223 8.898 10.211 11.131 11.721 12.013 12.084 12.032 11.821 11.279 10.280 8.951 8.092 7.729 7.692 7.852 8.094 8.171 8.127 7.864 7.253 6.146 4.573 3.115 2.070 1.344 0.860 0.543 0.346 0.226 0.149 0.095 0.058 0.034
0.000 0.000 0.000 0.000 0.000 0.000 0.000 0.000 0.000 0.000 0.000 0.000 0.000 0.000 0.000 0.000 0.001 0.003 0.011 0.028 0.061 0.110 0.183 0.296 0.468 0.718 1.051 1.339 1.522 1.611 1.634 1.623 1.541 1.323 0.971 0.766 0.731 0.848 1.265 2.064 3.149 4.511 6.320 8.353 9.991 11.183 12.012 12.519 12.778 12.841 12.769 12.509 11.964 11.001 9.619 8.590 8.073 7.941 7.977 8.033 8.045 7.954 7.663 7.048 5.961 4.424 3.004 1.981 1.269 0.796 0.493 0.312 0.203 0.133 0.085 0.051 0.030
0.000 0.000 0.000 0.000 0.000 0.000 0.000 0.000 0.000 0.000 0.000 0.000 0.000 0.000 0.000 0.000 0.000 0.003 0.010 0.029 0.072 0.153 0.270 0.434 0.676 1.025 1.476 1.838 2.062 2.170 2.198 2.179 2.061 1.770 1.290 0.951 0.855 0.936 1.344 2.225 3.504 5.084 7.149 9.313 10.936 12.020 12.701 13.105 13.313 13.340 13.236 12.935 12.383 11.490 10.205 9.072 8.427 8.150 8.045 7.956 7.853 7.674 7.320 6.676 5.607 4.142 2.800 1.828 1.155 0.710 0.432 0.271 0.177 0.115 0.072 0.043 0.025
0.000 0.000 0.000 0.000 0.000 0.000 0.000 0.000 0.000 0.000 0.000 0.000 0.000 0.000 0.000 0.000 0.000 0.001 0.007 0.023 0.068 0.176 0.362 0.613 0.949 1.423 2.008 2.452 2.721 2.845 2.874 2.836 2.672 2.299 1.683 1.180 0.994 1.033 1.410 2.329 3.755 5.535 7.796 9.991 11.587 12.604 13.154 13.463 13.589 13.601 13.472 13.167 12.601 11.740 10.581 9.428 8.683 8.279 8.041 7.831 7.602 7.305 6.856 6.146 5.075 3.690 2.484 1.609 1.003 0.609 0.368 0.231 0.149 0.095 0.058 0.034 0.019
0.000 0.000 0.000 0.000 0.000 0.000 0.000 0.000 0.000 0.000 0.000 0.000 0.000 0.000 0.000 0.000 0.000 0.001 0.003 0.012 0.050 0.166 0.421 0.805 1.289 1.927 2.653 3.179 3.489 3.620 3.640 3.584 3.372 2.916 2.162 1.485 1.192 1.183 1.510 2.431 3.942 5.874 8.292 10.476 12.009 12.963 13.437 13.661 13.719 13.715 13.537 13.200 12.654 11.797 10.757 9.633 8.820 8.310 7.966 7.637 7.292 6.861 6.285 5.481 4.365 3.083 2.063 1.327 0.822 0.497 0.302 0.190 0.122 0.076 0.045 0.025 0.014
0.000 0.000 0.000 0.000 0.000 0.000 0.000 0.000 0.000 0.000 0.000 0.000 0.000 0.000 0.000 0.000 0.000 0.001 0.002 0.006 0.028 0.135 0.438 0.954 1.605 2.418 3.324 3.974 4.331 4.462 4.475 4.409 4.163 3.632 2.744 1.901 1.499 1.442 1.706 2.575 4.106 6.134 8.649 10.775 12.226 13.124 13.567 13.733 13.748 13.742 13.521 13.122 12.567 11.709 10.739 9.707 8.883 8.290 7.820 7.356 6.895 6.331 5.635 4.725 3.581 2.482 1.647 1.052 0.650 0.393 0.239 0.149 0.094 0.058 0.033 0.018 0.010
0.000 0.000 0.000 0.000 0.000 0.000 0.000 0.000 0.000 0.000 0.000 0.000 0.000 0.000 0.000 0.000 0.001 0.002 0.003 0.006 0.018 0.098 0.407 1.024 1.829 2.777 3.867 4.702 5.175 5.350 5.364 5.291 5.033 4.458 3.468 2.472 1.977 1.882 2.070 2.827 4.300 6.364 8.898 10.937 12.300 13.142 13.588 13.739 13.729 13.682 13.360 12.886 12.246 11.459 10.556 9.671 8.868 8.201 7.599 7.005 6.410 5.728 4.937 3.967 2.898 1.989 1.304 0.822 0.503 0.302 0.181 0.111 0.069 0.042 0.024 0.013 0.007
0.000 0.000 0.000 0.000 0.000 0.000 0.000 0.000 0.000 0.000 0.000 0.000 0.000 0.000 0.001 0.002 0.003 0.005 0.007 0.010 0.020 0.073 0.344 1.000 1.938 3.006 4.245 5.305 5.974 6.266 6.316 6.243 5.986 5.412 4.383 3.284 2.720 2.594 2.715 3.334 4.648 6.644 9.081 10.977 12.266 13.084 13.517 13.646 13.601 13.448 12.995 12.352 11.584 10.843 10.082 9.412 8.716 8.035 7.324 6.613 5.881 5.092 4.226 3.254 2.323 1.572 1.014 0.628 0.379 0.224 0.132 0.078 0.048 0.029 0.017 0.009 0.004
0.000 0.000 0.000 0.000 0.000 0.000 0.000 0.000 0.000 0.000 0.000 0.000 0.000 0.001 0.002 0.004 0.007 0.011 0.016 0.022 0.033 0.070 0.273 0.898 1.924 3.115 4.467 5.760 6.684 7.169 7.316 7.282 7.056 6.512 5.520 4.400 3.805 3.647 3.723 4.194 5.274 7.057 9.296 11.044 12.236 12.947 13.272 13.353 13.266 12.964 12.331 11.392 10.528 9.868 9.310 8.823 8.302 7.710 6.982 6.189 5.342 4.442 3.522 2.614 1.827 1.211 0.766 0.466 0.276 0.160 0.092 0.052 0.031 0.019 0.011 0.006 0.003
0.000 0.000 0.000 0.000 0.000 0.000 0.000 0.000 0.000 0.000 0.000 0.000 0.001 0.002 0.005 0.009 0.015 0.023 0.035 0.049 0.064 0.093 0.226 0.741 1.791 3.113 4.551 6.055 7.238 7.961 8.253 8.270 8.121 7.687 6.834 5.800 5.226 5.050 5.085 5.414 6.251 7.679 9.525 11.030 12.056 12.620 12.826 12.859 12.698 12.286 11.527 10.439 9.464 8.799 8.340 7.965 7.569 7.097 6.440 5.635 4.725 3.746 2.833 2.034 1.382 0.895 0.555 0.332 0.192 0.108 0.059 0.031 0.017 0.010 0.006 0.003 0.002
0.000 0.000 0.000 0.000 0.000 0.000 0.000 0.000 0.000 0.000 0.000 0.000 0.002 0.005 0.011 0.020 0.033 0.053 0.081 0.106 0.125 0.150 0.233 0.595 1.540 2.978 4.539 6.173 7.578 8.551 9.045 9.156 9.078 8.783 8.123 7.242 6.737 6.590 6.612 6.855 7.463 8.482 9.810 10.998 11.777 12.127 12.194 12.173 11.993 11.583 10.850 9.794 8.745 7.986 7.432 6.988 6.575 6.140 5.570 4.816 3.900 2.938 2.129 1.483 0.981 0.619 0.375 0.220 0.124 0.066 0.033 0.016 0.008 0.005 0.003 0.002 0.001
0.000 0.000 0.000 0.000 0.000 0.000 0.000 0.000 0.000 0.000 0.000 0.001 0.004 0.011 0.025 0.047 0.079 0.123 0.174 0.211 0.231 0.246 0.290 0.533 1.305 2.713 4.407 6.160 7.732 8.909 9.618 9.891 9.888 9.696 9.172 8.418 7.990 7.857 7.873 8.072 8.476 9.132 9.965 10.832 11.344 11.571 11.592 11.523 11.347 10.980 10.321 9.347 8.264 7.381 6.659 6.050 5.466 4.909 4.333 3.638 2.804 2.016 1.410 0.956 0.617 0.377 0.222 0.126 0.068 0.034 0.015 0.007 0.003 0.002 0.001 0.001 0.000
0.000 0.000 0.000 0.000 0.000 0.000 0.000 0.000 0.000 0.000 0.000 0.002 0.008 0.024 0.056 0.107 0.176 0.264 0.341 0.386 0.400 0.397 0.407 0.570 1.198 2.460 4.141 5.995 7.707 9.050 9.980 10.445 10.516 10.422 10.022 9.366 8.969 8.829 8.829 8.945 9.172 9.522 9.994 10.582 10.920 11.072 11.087 11.016 10.818 10.461 9.852 8.979 7.917 6.909 6.020 5.217 4.462 3.749 3.070 2.409 1.768 1.226 0.810 0.516 0.316 0.184 0.103 0.056 0.029 0.014 0.006 0.003 0.001 0.001 0.000 0.000 0.000
0.000 0.000 0.000 0.000 0.000 0.000 0.000 0.000 0.000 0.000 0.001 0.005 0.018 0.052 0.118 0.219 0.353 0.500 0.605 0.654 0.659 0.628 0.601 0.693 1.199 2.305 3.836 5.638 7.544 9.042 10.120 10.773 10.960 10.928 10.611 10.017 9.648 9.533 9.525 9.537 9.586 9.680 9.870 10.204 10.478 10.583 10.587 10.510 10.317 9.965 9.405 8.600 7.588 6.473 5.424 4.463 3.592 2.820 2.134 1.539 1.055 0.682 0.412 0.236 0.129 0.069 0.037 0.019 0.010 0.005 0.002 0.001 0.001 0.000 0.000 0.000 0.000
0.000 0.000 0.000 0.000 0.000 0.000 0.000 0.000 0.000 0.000 0.002 0.009 0.035 0.102 0.223 0.396 0.620 0.849 0.995 1.053 1.053 0.996 0.911 0.945 1.319 2.257 3.640 5.297 7.227 8.893 10.125 10.901 11.209 11.207 10.944 10.371 10.058 9.947 9.879 9.804 9.669 9.581 9.624 9.790 9.990 10.087 10.075 9.983 9.799 9.441 8.913 8.147 7.166 6.006 4.798 3.745 2.831 2.082 1.475 0.991 0.626 0.369 0.201 0.101 0.048 0.023 0.012 0.007 0.004 0.002 0.001 0.001 0.000 0.000 0.000 0.000 0.000
0.000 0.000 0.000 0.000 0.000 0.000 0.000 0.000 0.000 0.000 0.002 0.012 0.049 0.147 0.325 0.582 0.930 1.304 1.526 1.617 1.626 1.561 1.410 1.379 1.621 2.364 3.594 5.118 6.917 8.629 9.970 10.882 11.292 11.325 11.080 10.523 10.251 10.172 10.058 9.903 9.621 9.294 9.135 9.187 9.400 9.511 9.484 9.415 9.207 8.851 8.306 7.541 6.574 5.373 4.084 3.010 2.147 1.492 1.001 0.639 0.381 0.209 0.104 0.047 0.020 0.009 0.005 0.003 0.001 0.001 0.001 0.000 0.000 0.000 0.000 0.000 0.000
0.000 0.000 0.000 0.000 0.000 0.000 0.000 0.000 0.000 0.000 0.002 0.012 0.051 0.163 0.376 0.695 1.140 1.724 2.161 2.345 2.382 2.332 2.150 2.036 2.151 2.679 3.701 5.075 6.706 8.282 9.611 10.652 11.204 11.286 11.040 10.474 10.221 10.135 9.970 9.681 9.160 8.551 8.245 8.280 8.542 8.755 8.756 8.669 8.438 8.057 7.480 6.694 5.711 4.475 3.232 2.244 1.520 1.011 0.650 0.397 0.227 0.119 0.056 0.023 0.009 0.004 0.002 0.001 0.001 0.000 0.000 0.000 0.000 0.000 0.000 0.000 0.000
0.000 0.000 0.000 0.000 0.000 0.000 0.000 0.000 0.000 0.000 0.002 0.010 0.046 0.158 0.384 0.740 1.248 1.979 2.763 3.191 3.312 3.295 3.132 2.926 2.931 3.256 4.052 5.224 6.643 7.966 9.098 10.122 10.796 10.926 10.673 10.094 9.824 9.661 9.405 8.944 8.188 7.351 6.904 6.859 7.093 7.472 7.634 7.580 7.352 6.939 6.334 5.516 4.476 3.287 2.246 1.495 0.975 0.616 0.372 0.215 0.117 0.059 0.026 0.010 0.004 0.002 0.001 0.000 0.000 0.000 0.000 0.000 0.000 0.000 0.000 0.000 0.000
0.000 0.000 0.000 0.000 0.000 0.000 0.000 0.000 0.000 0.000 0.001 0.006 0.034 0.134 0.362 0.738 1.285 2.083 3.167 4.035 4.402 4.453 4.348 4.062 3.932 4.079 4.602 5.485 6.578 7.627 8.545 9.386 10.024 10.194 9.987 9.477 9.149 8.863 8.491 7.930 7.123 6.130 5.419 5.085 5.063 5.365 5.745 5.887 5.752 5.364 4.749 3.937 2.970 2.068 1.373 0.872 0.527 0.300 0.163 0.086 0.044 0.021 0.009 0.004 0.001 0.001 0.000 0.000 0.000 0.000 0.000 0.000 0.000 0.000 0.000 0.000 0.000
0.000 0.000 0.000 0.000 0.000 0.000 0.000 0.000 0.000 0.000 0.000 0.003 0.018 0.092 0.304 0.699 1.281 2.108 3.324 4.685 5.508 5.766 5.726 5.453 5.160 5.078 5.251 5.718 6.388 7.085 7.777 8.477 9.027 9.259 9.193 8.835 8.413 7.971 7.457 6.847 6.074 5.048 4.170 3.566 3.198 3.033 3.118 3.289 3.356 3.188 2.790 2.262 1.670 1.131 0.710 0.410 0.217 0.105 0.048 0.022 0.010 0.005 0.002 0.001 0.000 0.000 0.000 0.000 0.000 0.000 0.000 0.000 0.000 0.000 0.000 0.000 0.000
0.000 0.000 0.000 0.000 0.000 0.000 0.000 0.000 0.000 0.000 0.000 0.001 0.008 0.051 0.219 0.607 1.229 2.094 3.336 5.033 6.416 7.066 7.179 6.996 6.621 6.259 6.017 6.008 6.209 6.469 6.827 7.402 7.946 8.203 8.220 7.971 7.464 6.794 6.099 5.457 4.754 3.880 3.030 2.380 1.876 1.494 1.266 1.204 1.235 1.238 1.156 0.985 0.741 0.477 0.273 0.138 0.061 0.024 0.010 0.004 0.002 0.001 0.000 0.000 0.000 0.000 0.000 0.000 0.000 0.000 0.000 0.000 0.000 0.000 0.000 0.000 0.000
0.000 0.000 0.000 0.000 0.000 0.000 0.000 0.000 0.000 0.000 0.000 0.001 0.004 0.026 0.137 0.470 1.096 2.001 3.278 5.112 7.016 8.165 8.549 8.511 8.231 7.735 7.113 6.605 6.343 6.233 6.254 6.478 6.761 6.853 6.726 6.361 5.740 4.898 4.085 3.445 2.909 2.377 1.844 1.381 0.981 0.651 0.418 0.303 0.276 0.290 0.300 0.280 0.224 0.138 0.070 0.031 0.012 0.005 0.002 0.001 0.000 0.000 0.000 0.000 0.000 0.000 0.000 0.000 0.000 0.000 0.000 0.000 0.000 0.000 0.000 0.000 0.000
0.000 0.000 0.000 0.000 0.000 0.000 0.000 0.000 0.000 0.000 0.000 0.001 0.002 0.012 0.072 0.312 0.867 1.771 3.073 4.967 7.260 8.890 9.660 9.805 9.638 9.147 8.366 7.471 6.769 6.268 5.947 5.738 5.504 5.094 4.350 3.491 2.718 2.095 1.662 1.372 1.167 0.987 0.811 0.625 0.428 0.260 0.142 0.075 0.048 0.043 0.047 0.049 0.044 0.028 0.013 0.006 0.002 0.001 0.000 0.000 0.000 0.000 0.000 0.000 0.000 0.000 0.000 0.000 0.000 0.000 0.000 0.000 0.000 0.000 0.000 0.000 0.000
0.000 0.000 0.000 0.000 0.000 0.000 0.000 0.000 0.000 0.000 0.000 0.000 0.001 0.005 0.030 0.154 0.545 1.340 2.621 4.570 7.164 9.103 10.127 10.433 10.331 9.832 8.970 7.883 6.956 6.231 5.602 4.951 4.121 2.975 1.826 1.041 0.621 0.432 0.348 0.301 0.276 0.258 0.237 0.204 0.149 0.088 0.045 0.020 0.009 0.006 0.006 0.007 0.006 0.005 0.002 0.001 0.000 0.000 0.000 0.000 0.000 0.000 0.000 0.000 0.000 0.000 0.000 0.000 0.000 0.000 0.000 0.000 0.000 0.000 0.000 0.000 0.000
0.000 0.000 0.000 0.000 0.000 0.000 0.000 0.000 0.000 0.000 0.000 0.001 0.001 0.003 0.012 0.052 0.212 0.669 1.647 3.367 5.883 8.065 9.337 9.828 9.814 9.435 8.631 7.567 6.536 5.589 4.613 3.479 2.231 1.143 0.522 0.222 0.098 0.052 0.040 0.038 0.039 0.044 0.048 0.048 0.041 0.025 0.012 0.005 0.002 0.001 0.001 0.001 0.001 0.001 0.001 0.000 0.000 0.000 0.000 0.000 0.000 0.000 0.000 0.000 0.000 0.000 0.000 0.000 0.000 0.000 0.000 0.000 0.000 0.000 0.000 0.000 0.000
0.000 0.000 0.000 0.000 0.000 0.000 0.000 0.000 0.000 0.000 0.001 0.002 0.003 0.005 0.008 0.019 0.057 0.189 0.549 1.306 2.578 4.041 5.196 5.854 6.055 5.994 5.602 4.954 4.163 3.282 2.289 1.387 0.753 0.360 0.159 0.063 0.023 0.009 0.005 0.005 0.005 0.007 0.009 0.009 0.009 0.007 0.003 0.001 0.001 0.000 0.000 0.000 0.000 0.000 0.000 0.000 0.000 0.000 0.000 0.000 0.000 0.000 0.000 0.000 0.000 0.000 0.000 0.000 0.000 0.000 0.000 0.000 0.000 0.000 0.000 0.000 0.000
