RESULTS/r.avaflow_results/33_results/33_ascii/33_hflow0058.asc
ncols 506
nrows 317
xllcenter 498237.50
yllcenter 5580050.00
cellsize 12.50
NODATA_value -9999.000
[rows 170 to 203 of 317, columns 154 to 230 of 506]
9.220 9.051 8.879 8.695 8.478 8.238 8.019 7.837 7.677 7.520 7.371 7.229 7.065 6.810 6.385 5.763 4.989 4.164 3.361 2.602 1.905 1.305 0.847 0.552 0.388 0.305 0.270 0.260 0.263 0.280 0.323 0.381 0.424 0.449 0.466 0.482 0.508 0.544 0.562 0.563 0.551 0.532 0.524 0.518 0.507 0.483 0.437 0.370 0.298 0.232 0.178 0.139 0.112 0.095 0.085 0.080 0.079 0.081 0.085 0.090 0.093 0.094 0.094 0.093 0.093 0.094 0.098 0.114 0.157 0.249 0.359 0.412 0.419 0.384 0.287 0.180 0.118
12.417 12.597 12.677 12.674 12.607 12.465 12.248 11.992 11.726 11.452 11.185 10.934 10.683 10.379 9.913 9.202 8.245 7.111 5.914 4.730 3.605 2.596 1.763 1.156 0.777 0.563 0.451 0.402 0.390 0.405 0.445 0.493 0.520 0.529 0.529 0.529 0.537 0.556 0.564 0.559 0.536 0.507 0.488 0.470 0.446 0.403 0.327 0.235 0.159 0.113 0.087 0.071 0.062 0.056 0.055 0.055 0.058 0.062 0.067 0.070 0.071 0.070 0.069 0.067 0.067 0.067 0.071 0.084 0.115 0.182 0.292 0.376 0.408 0.408 0.374 0.287 0.192
15.949 16.490 16.708 16.695 16.564 16.304 15.957 15.589 15.234 14.880 14.533 14.218 13.919 13.600 13.164 12.493 11.540 10.341 8.976 7.523 6.049 4.620 3.343 2.307 1.560 1.073 0.777 0.613 0.535 0.507 0.509 0.524 0.534 0.535 0.527 0.517 0.515 0.519 0.516 0.495 0.448 0.398 0.358 0.321 0.281 0.226 0.159 0.105 0.073 0.056 0.046 0.041 0.038 0.037 0.037 0.039 0.043 0.049 0.054 0.055 0.055 0.054 0.052 0.051 0.050 0.050 0.053 0.062 0.083 0.128 0.213 0.321 0.392 0.418 0.418 0.386 0.306
18.649 19.524 19.897 19.909 19.761 19.480 19.128 18.771 18.419 18.050 17.663 17.307 16.982 16.649 16.224 15.563 14.603 13.392 12.036 10.584 9.024 7.355 5.665 4.133 2.899 1.987 1.361 0.964 0.731 0.601 0.536 0.513 0.504 0.494 0.474 0.448 0.431 0.415 0.391 0.344 0.273 0.215 0.177 0.149 0.124 0.096 0.068 0.049 0.038 0.032 0.028 0.026 0.026 0.026 0.027 0.029 0.033 0.038 0.042 0.043 0.043 0.042 0.041 0.040 0.040 0.040 0.043 0.049 0.062 0.088 0.139 0.236 0.351 0.413 0.430 0.425 0.388
20.156 21.266 21.882 22.092 22.097 21.976 21.796 21.590 21.342 21.024 20.629 20.223 19.862 19.497 19.058 18.405 17.466 16.268 14.903 13.440 11.890 10.213 8.364 6.416 4.644 3.209 2.136 1.403 0.944 0.674 0.533 0.462 0.419 0.385 0.346 0.306 0.275 0.247 0.218 0.177 0.131 0.099 0.080 0.068 0.056 0.044 0.034 0.027 0.023 0.021 0.019 0.019 0.019 0.019 0.020 0.022 0.025 0.030 0.033 0.034 0.034 0.034 0.033 0.033 0.033 0.034 0.036 0.040 0.048 0.063 0.092 0.151 0.266 0.379 0.424 0.428 0.415
20.529 21.748 22.598 23.120 23.437 23.626 23.727 23.728 23.632 23.412 23.032 22.540 22.120 21.726 21.287 20.681 19.839 18.746 17.419 15.899 14.231 12.418 10.409 8.130 5.895 4.046 2.636 1.664 1.056 0.701 0.500 0.377 0.296 0.237 0.191 0.160 0.142 0.127 0.111 0.088 0.066 0.051 0.042 0.035 0.030 0.025 0.021 0.018 0.016 0.015 0.014 0.014 0.014 0.015 0.015 0.017 0.019 0.023 0.025 0.027 0.028 0.028 0.028 0.028 0.029 0.030 0.032 0.035 0.040 0.049 0.066 0.102 0.177 0.299 0.386 0.414 0.412
20.272 21.553 22.547 23.273 23.863 24.354 24.679 24.817 24.823 24.704 24.350 23.770 23.296 22.926 22.526 21.984 21.255 20.310 19.086 17.552 15.758 13.765 11.559 9.036 6.486 4.391 2.810 1.735 1.075 0.683 0.443 0.293 0.198 0.138 0.101 0.082 0.073 0.067 0.059 0.047 0.037 0.030 0.025 0.021 0.018 0.016 0.014 0.012 0.011 0.011 0.011 0.011 0.011 0.011 0.012 0.013 0.015 0.017 0.020 0.021 0.023 0.023 0.024 0.025 0.026 0.028 0.029 0.032 0.035 0.041 0.053 0.075 0.119 0.204 0.307 0.369 0.389
19.437 20.845 22.055 23.031 23.820 24.430 24.808 24.974 25.010 24.942 24.612 23.989 23.490 23.164 22.808 22.298 21.621 20.767 19.642 18.145 16.297 14.189 11.859 9.217 6.556 4.382 2.761 1.673 1.007 0.605 0.357 0.207 0.123 0.078 0.056 0.045 0.041 0.037 0.033 0.028 0.023 0.019 0.016 0.014 0.012 0.011 0.010 0.009 0.008 0.008 0.008 0.008 0.008 0.008 0.009 0.010 0.011 0.013 0.015 0.017 0.019 0.020 0.021 0.023 0.024 0.026 0.027 0.030 0.033 0.037 0.045 0.060 0.087 0.135 0.213 0.291 0.341
18.209 19.762 21.166 22.379 23.356 24.040 24.405 24.539 24.556 24.472 24.152 23.558 23.039 22.688 22.313 21.793 21.138 20.344 19.297 17.866 16.036 13.895 11.496 8.785 6.136 3.994 2.424 1.397 0.790 0.436 0.230 0.121 0.069 0.045 0.033 0.027 0.024 0.022 0.020 0.017 0.015 0.013 0.011 0.010 0.008 0.007 0.007 0.006 0.006 0.006 0.005 0.005 0.006 0.006 0.006 0.007 0.008 0.010 0.012 0.013 0.015 0.017 0.019 0.020 0.022 0.024 0.025 0.028 0.030 0.034 0.040 0.051 0.068 0.098 0.144 0.207 0.268
16.803 18.446 19.934 21.231 22.270 22.983 23.354 23.449 23.381 23.152 22.814 22.392 21.920 21.396 20.815 20.213 19.575 18.851 17.897 16.547 14.747 12.571 10.106 7.437 4.989 3.059 1.693 0.855 0.420 0.210 0.110 0.062 0.038 0.027 0.021 0.018 0.016 0.015 0.013 0.012 0.010 0.009 0.008 0.007 0.006 0.005 0.004 0.004 0.003 0.003 0.003 0.003 0.004 0.004 0.004 0.005 0.006 0.007 0.009 0.010 0.012 0.014 0.016 0.018 0.020 0.022 0.024 0.026 0.028 0.032 0.037 0.045 0.057 0.077 0.107 0.148 0.198
15.187 16.809 18.273 19.558 20.618 21.400 21.849 21.956 21.818 21.461 21.184 20.986 20.597 19.845 18.982 18.248 17.532 16.756 15.749 14.313 12.402 10.087 7.553 5.122 3.127 1.697 0.809 0.352 0.160 0.083 0.049 0.032 0.023 0.018 0.014 0.013 0.011 0.010 0.009 0.008 0.007 0.006 0.005 0.004 0.004 0.003 0.002 0.002 0.002 0.002 0.002 0.002 0.002 0.002 0.003 0.003 0.004 0.005 0.006 0.008 0.009 0.011 0.013 0.015 0.017 0.019 0.022 0.024 0.026 0.029 0.034 0.041 0.052 0.067 0.088 0.117 0.153
13.260 14.765 16.188 17.527 18.739 19.759 20.452 20.698 20.593 20.251 20.003 19.811 19.370 18.481 17.503 16.678 15.827 14.780 13.380 11.525 9.156 6.562 4.244 2.538 1.397 0.690 0.299 0.124 0.061 0.037 0.026 0.019 0.015 0.012 0.010 0.009 0.008 0.007 0.006 0.005 0.005 0.004 0.003 0.003 0.002 0.002 0.001 0.001 0.001 0.001 0.001 0.001 0.001 0.001 0.001 0.002 0.003 0.003 0.004 0.006 0.007 0.009 0.011 0.013 0.015 0.017 0.020 0.022 0.025 0.028 0.032 0.039 0.049 0.062 0.079 0.100 0.126
11.095 12.473 13.897 15.366 16.824 18.117 19.045 19.441 19.405 19.128 18.799 18.425 17.805 16.863 15.877 14.970 13.956 12.569 10.621 8.040 5.344 3.157 1.721 0.893 0.449 0.215 0.097 0.047 0.028 0.020 0.016 0.013 0.011 0.009 0.007 0.006 0.005 0.005 0.004 0.003 0.003 0.002 0.002 0.001 0.001 0.001 0.000 0.000 0.000 0.000 0.000 0.000 0.000 0.000 0.000 0.001 0.001 0.002 0.003 0.004 0.005 0.007 0.009 0.011 0.013 0.015 0.018 0.020 0.023 0.027 0.032 0.039 0.048 0.061 0.075 0.091 0.110
9.116 10.357 11.671 13.114 14.652 16.044 17.091 17.613 17.666 17.410 16.848 16.072 15.165 14.218 13.260 12.238 10.958 9.117 6.575 4.027 2.177 1.038 0.461 0.220 0.117 0.064 0.035 0.023 0.017 0.013 0.011 0.009 0.007 0.006 0.005 0.004 0.003 0.003 0.002 0.002 0.001 0.001 0.001 0.000 0.000 0.000 0.000 0.000 0.000 0.000 0.000 0.000 0.000 0.000 0.000 0.000 0.001 0.001 0.002 0.003 0.004 0.005 0.007 0.009 0.011 0.013 0.016 0.019 0.022 0.026 0.031 0.039 0.048 0.060 0.073 0.087 0.101
7.260 8.292 9.361 10.494 11.676 12.797 13.739 14.287 14.396 14.163 13.448 12.324 11.070 9.946 8.848 7.651 6.182 4.366 2.533 1.252 0.535 0.215 0.100 0.058 0.038 0.025 0.018 0.014 0.011 0.009 0.008 0.006 0.005 0.004 0.003 0.003 0.002 0.001 0.001 0.001 0.000 0.000 0.000 0.000 0.000 0.000 0.000 0.000 0.000 0.000 0.000 0.000 0.000 0.000 0.000 0.000 0.000 0.000 0.001 0.002 0.003 0.004 0.005 0.007 0.009 0.012 0.014 0.018 0.021 0.026 0.031 0.039 0.049 0.060 0.073 0.085 0.097
5.338 5.963 6.477 6.930 7.379 7.902 8.501 8.921 9.042 8.895 8.280 7.154 5.831 4.764 3.874 3.048 2.168 1.246 0.572 0.227 0.095 0.050 0.033 0.024 0.019 0.015 0.012 0.010 0.008 0.006 0.005 0.004 0.003 0.003 0.002 0.001 0.001 0.001 0.000 0.000 0.000 0.000 0.000 0.000 0.000 0.000 0.000 0.000 0.000 0.000 0.000 0.000 0.000 0.000 0.000 0.000 0.000 0.000 0.000 0.001 0.002 0.003 0.004 0.006 0.008 0.010 0.013 0.016 0.020 0.025 0.031 0.039 0.049 0.060 0.072 0.084 0.097
3.264 3.331 3.335 3.318 3.323 3.398 3.590 3.753 3.800 3.739 3.454 2.876 2.100 1.485 1.062 0.745 0.455 0.221 0.096 0.048 0.030 0.022 0.017 0.014 0.012 0.010 0.008 0.007 0.005 0.004 0.003 0.003 0.002 0.001 0.001 0.000 0.000 0.000 0.000 0.000 0.000 0.000 0.000 0.000 0.000 0.000 0.000 0.000 0.000 0.000 0.000 0.000 0.000 0.000 0.000 0.000 0.000 0.000 0.000 0.000 0.001 0.002 0.003 0.004 0.006 0.009 0.012 0.015 0.019 0.024 0.030 0.038 0.047 0.058 0.070 0.084 0.098
1.570 1.385 1.250 1.143 1.062 1.017 1.027 1.051 1.051 1.026 0.931 0.738 0.479 0.306 0.209 0.142 0.086 0.048 0.029 0.021 0.016 0.014 0.012 0.010 0.008 0.007 0.006 0.004 0.004 0.003 0.002 0.001 0.001 0.000 0.000 0.000 0.000 0.000 0.000 0.000 0.000 0.000 0.000 0.000 0.000 0.000 0.000 0.000 0.000 0.000 0.000 0.000 0.000 0.000 0.000 0.000 0.000 0.000 0.000 0.000 0.000 0.001 0.002 0.003 0.005 0.008 0.010 0.014 0.018 0.023 0.029 0.036 0.045 0.055 0.068 0.085 0.104
0.544 0.423 0.360 0.320 0.288 0.264 0.252 0.245 0.238 0.228 0.204 0.158 0.103 0.070 0.052 0.039 0.028 0.021 0.016 0.013 0.011 0.010 0.008 0.007 0.006 0.005 0.004 0.003 0.002 0.001 0.001 0.000 0.000 0.000 0.000 0.000 0.000 0.000 0.000 0.000 0.000 0.000 0.000 0.000 0.000 0.000 0.000 0.000 0.000 0.000 0.000 0.000 0.000 0.000 0.000 0.000 0.000 0.000 0.000 0.000 0.000 0.000 0.001 0.002 0.004 0.006 0.009 0.012 0.016 0.021 0.026 0.033 0.041 0.051 0.066 0.085 0.110
0.162 0.126 0.109 0.099 0.090 0.081 0.074 0.069 0.066 0.062 0.056 0.046 0.035 0.027 0.023 0.019 0.016 0.013 0.011 0.009 0.008 0.007 0.006 0.005 0.004 0.003 0.002 0.001 0.001 0.001 0.000 0.000 0.000 0.000 0.000 0.000 0.000 0.000 0.000 0.000 0.000 0.000 0.000 0.000 0.000 0.000 0.000 0.000 0.000 0.000 0.000 0.000 0.000 0.000 0.000 0.000 0.000 0.000 0.000 0.000 0.000 0.000 0.001 0.001 0.003 0.005 0.007 0.010 0.014 0.018 0.023 0.029 0.036 0.046 0.061 0.082 0.109
0.055 0.046 0.042 0.039 0.036 0.034 0.031 0.029 0.027 0.026 0.024 0.022 0.019 0.016 0.014 0.012 0.010 0.009 0.008 0.006 0.005 0.004 0.004 0.003 0.002 0.001 0.001 0.001 0.000 0.000 0.000 0.000 0.000 0.000 0.000 0.000 0.000 0.000 0.000 0.000 0.000 0.000 0.000 0.000 0.000 0.000 0.000 0.000 0.000 0.000 0.000 0.000 0.000 0.000 0.000 0.000 0.000 0.000 0.000 0.000 0.000 0.000 0.000 0.001 0.002 0.003 0.005 0.008 0.011 0.014 0.018 0.023 0.029 0.037 0.051 0.071 0.098
0.024 0.022 0.021 0.020 0.019 0.019 0.018 0.017 0.016 0.015 0.014 0.013 0.012 0.011 0.009 0.008 0.007 0.006 0.005 0.004 0.003 0.003 0.002 0.001 0.001 0.001 0.000 0.000 0.000 0.000 0.000 0.000 0.000 0.000 0.000 0.000 0.000 0.000 0.000 0.000 0.000 0.000 0.000 0.000 0.000 0.000 0.000 0.000 0.000 0.000 0.000 0.000 0.000 0.000 0.000 0.000 0.000 0.000 0.000 0.000 0.000 0.000 0.000 0.000 0.001 0.002 0.003 0.005 0.008 0.010 0.013 0.017 0.021 0.027 0.035 0.050 0.072
0.013 0.013 0.012 0.012 0.012 0.012 0.011 0.011 0.010 0.010 0.009 0.009 0.008 0.007 0.006 0.005 0.005 0.004 0.003 0.002 0.002 0.001 0.001 0.001 0.000 0.000 0.000 0.000 0.000 0.000 0.000 0.000 0.000 0.000 0.000 0.000 0.000 0.000 0.000 0.000 0.000 0.000 0.000 0.000 0.000 0.000 0.000 0.000 0.000 0.000 0.000 0.000 0.000 0.000 0.000 0.000 0.000 0.000 0.000 0.000 0.000 0.000 0.000 0.000 0.000 0.001 0.002 0.003 0.005 0.007 0.010 0.012 0.015 0.019 0.024 0.031 0.044
0.008 0.008 0.008 0.008 0.008 0.008 0.007 0.007 0.007 0.006 0.006 0.006 0.005 0.005 0.004 0.003 0.003 0.002 0.002 0.001 0.001 0.000 0.000 0.000 0.000 0.000 0.000 0.000 0.000 0.000 0.000 0.000 0.000 0.000 0.000 0.000 0.000 0.000 0.000 0.000 0.000 0.000 0.000 0.000 0.000 0.000 0.000 0.000 0.000 0.000 0.000 0.000 0.000 0.000 0.000 0.000 0.000 0.000 0.000 0.000 0.000 0.000 0.000 0.000 0.000 0.000 0.001 0.002 0.003 0.005 0.007 0.009 0.011 0.013 0.016 0.021 0.027
0.005 0.005 0.005 0.005 0.005 0.005 0.005 0.005 0.004 0.004 0.004 0.003 0.003 0.003 0.002 0.002 0.001 0.001 0.001 0.000 0.000 0.000 0.000 0.000 0.000 0.000 0.000 0.000 0.000 0.000 0.000 0.000 0.000 0.000 0.000 0.000 0.000 0.000 0.000 0.000 0.000 0.000 0.000 0.000 0.000 0.000 0.000 0.000 0.000 0.000 0.000 0.000 0.000 0.000 0.000 0.000 0.000 0.000 0.000 0.000 0.000 0.000 0.000 0.000 0.000 0.000 0.000 0.001 0.002 0.003 0.004 0.006 0.008 0.010 0.012 0.015 0.018
0.003 0.003 0.003 0.003 0.003 0.003 0.003 0.003 0.002 0.002 0.002 0.002 0.001 0.001 0.001 0.001 0.000 0.000 0.000 0.000 0.000 0.000 0.000 0.000 0.000 0.000 0.000 0.000 0.000 0.000 0.000 0.000 0.000 0.000 0.000 0.000 0.000 0.000 0.000 0.000 0.000 0.000 0.000 0.000 0.000 0.000 0.000 0.000 0.000 0.000 0.000 0.000 0.000 0.000 0.000 0.000 0.000 0.000 0.000 0.000 0.000 0.000 0.000 0.000 0.000 0.000 0.000 0.000 0.001 0.002 0.003 0.004 0.005 0.007 0.009 0.011 0.013
0.002 0.002 0.001 0.001 0.001 0.001 0.001 0.001 0.001 0.001 0.001 0.001 0.000 0.000 0.000 0.000 0.000 0.000 0.000 0.000 0.000 0.000 0.000 0.000 0.000 0.000 0.000 0.000 0.000 0.000 0.000 0.000 0.000 0.000 0.000 0.000 0.000 0.000 0.000 0.000 0.000 0.000 0.000 0.000 0.000 0.000 0.000 0.000 0.000 0.000 0.000 0.000 0.000 0.000 0.000 0.000 0.000 0.000 0.000 0.000 0.000 0.000 0.000 0.000 0.000 0.000 0.000 0.000 0.000 0.001 0.002 0.002 0.003 0.005 0.006 0.007 0.009
0.000 0.000 0.000 0.000 0.000 0.000 0.000 0.000 0.000 0.000 0.000 0.000 0.000 0.000 0.000 0.000 0.000 0.000 0.000 0.000 0.000 0.000 0.000 0.000 0.000 0.000 0.000 0.000 0.000 0.000 0.000 0.000 0.000 0.000 0.000 0.000 0.000 0.000 0.000 0.000 0.000 0.000 0.000 0.000 0.000 0.000 0.000 0.000 0.000 0.000 0.000 0.000 0.000 0.000 0.000 0.000 0.000 0.000 0.000 0.000 0.000 0.000 0.000 0.000 0.000 0.000 0.000 0.000 0.000 0.000 0.001 0.001 0.002 0.003 0.004 0.005 0.006
0.000 0.000 0.000 0.000 0.000 0.000 0.000 0.000 0.000 0.000 0.000 0.000 0.000 0.000 0.000 0.000 0.000 0.000 0.000 0.000 0.000 0.000 0.000 0.000 0.000 0.000 0.000 0.000 0.000 0.000 0.000 0.000 0.000 0.000 0.000 0.000 0.000 0.000 0.000 0.000 0.000 0.000 0.000 0.000 0.000 0.000 0.000 0.000 0.000 0.000 0.000 0.000 0.000 0.000 0.000 0.000 0.000 0.000 0.000 0.000 0.000 0.000 0.000 0.000 0.000 0.000 0.000 0.000 0.000 0.000 0.000 0.000 0.001 0.002 0.002 0.003 0.004
0.000 0.000 0.000 0.000 0.000 0.000 0.000 0.000 0.000 0.000 0.000 0.000 0.000 0.000 0.000 0.000 0.000 0.000 0.000 0.000 0.000 0.000 0.000 0.000 0.000 0.000 0.000 0.000 0.000 0.000 0.000 0.000 0.000 0.000 0.000 0.000 0.000 0.000 0.000 0.000 0.000 0.000 0.000 0.000 0.000 0.000 0.000 0.000 0.000 0.000 0.000 0.000 0.000 0.000 0.000 0.000 0.000 0.000 0.000 0.000 0.000 0.000 0.000 0.000 0.000 0.000 0.000 0.000 0.000 0.000 0.000 0.000 0.000 0.001 0.001 0.002 0.003
0.000 0.000 0.000 0.000 0.000 0.000 0.000 0.000 0.000 0.000 0.000 0.000 0.000 0.000 0.000 0.000 0.000 0.000 0.000 0.000 0.000 0.000 0.000 0.000 0.000 0.000 0.000 0.000 0.000 0.000 0.000 0.000 0.000 0.000 0.000 0.000 0.000 0.000 0.000 0.000 0.000 0.000 0.000 0.000 0.000 0.000 0.000 0.000 0.000 0.000 0.000 0.000 0.000 0.000 0.000 0.000 0.000 0.000 0.000 0.000 0.000 0.000 0.000 0.000 0.000 0.000 0.000 0.000 0.000 0.000 0.000 0.000 0.000 0.000 0.000 0.001 0.001
0.000 0.000 0.000 0.000 0.000 0.000 0.000 0.000 0.000 0.000 0.000 0.000 0.000 0.000 0.000 0.000 0.000 0.000 0.000 0.000 0.000 0.000 0.000 0.000 0.000 0.000 0.000 0.000 0.000 0.000 0.000 0.000 0.000 0.000 0.000 0.000 0.000 0.000 0.000 0.000 0.000 0.000 0.000 0.000 0.000 0.000 0.000 0.000 0.000 0.000 0.000 0.000 0.000 0.000 0.000 0.000 0.000 0.000 0.000 0.000 0.000 0.000 0.000 0.000 0.000 0.000 0.000 0.000 0.000 0.000 0.000 0.000 0.000 0.000 0.000 0.000 0.000
0.000 0.000 0.000 0.000 0.000 0.000 0.000 0.000 0.000 0.000 0.000 0.000 0.000 0.000 0.000 0.000 0.000 0.000 0.000 0.000 0.000 0.000 0.000 0.000 0.000 0.000 0.000 0.000 0.000 0.000 0.000 0.000 0.000 0.000 0.000 0.000 0.000 0.000 0.000 0.000 0.000 0.000 0.000 0.000 0.000 0.000 0.000 0.000 0.000 0.000 0.000 0.000 0.000 0.000 0.000 0.000 0.000 0.000 0.000 0.000 0.000 0.000 0.000 0.000 0.000 0.000 0.000 0.000 0.000 0.000 0.000 0.000 0.000 0.000 0.000 0.000 0.000
0.000 0.000 0.000 0.000 0.000 0.000 0.000 0.000 0.000 0.000 0.000 0.000 0.000 0.000 0.000 0.000 0.000 0.000 0.000 0.000 0.000 0.000 0.000 0.000 0.000 0.000 0.000 0.000 0.000 0.000 0.000 0.000 0.000 0.000 0.000 0.000 0.000 0.000 0.000 0.000 0.000 0.000 0.000 0.000 0.000 0.000 0.000 0.000 0.000 0.000 0.000 0.000 0.000 0.000 0.000 0.000 0.000 0.000 0.000 0.000 0.000 0.000 0.000 0.000 0.000 0.000 0.000 0.000 0.000 0.000 0.000 0.000 0.000 0.000 0.000 0.000 0.000
