RESULTS/r.avaflow_results/33_results/33_ascii/33_hflow10056.asc
ncols 506
nrows 317
xllcenter 498237.50
yllcenter 5580050.00
cellsize 12.50
NODATA_value -9999.000
[rows 170 to 203 of 317, columns 77 to 153 of 506]
0.000 0.000 0.000 0.000 0.000 0.000 0.000 0.000 0.000 0.000 0.001 0.002 0.003 0.006 0.011 0.018 0.026 0.032 0.036 0.040 0.043 0.049 0.063 0.098 0.168 0.237 0.264 0.265 0.259 0.248 0.230 0.204 0.170 0.134 0.107 0.090 0.082 0.080 0.082 0.087 0.095 0.105 0.127 0.192 0.360 0.642 0.970 1.298 1.643 2.076 2.698 3.669 4.931 6.013 6.573 6.701 6.671 6.653 6.655 6.626 6.572 6.414 6.106 5.664 5.109 4.475 3.819 3.236 2.724 2.275 1.884 1.554 1.283 1.061 0.878 0.726 0.602
0.000 0.000 0.000 0.000 0.000 0.000 0.000 0.000 0.001 0.002 0.004 0.007 0.012 0.021 0.034 0.051 0.067 0.082 0.094 0.104 0.114 0.130 0.164 0.228 0.310 0.363 0.374 0.369 0.356 0.336 0.307 0.267 0.216 0.170 0.140 0.125 0.120 0.121 0.129 0.145 0.172 0.216 0.312 0.545 0.972 1.516 2.034 2.537 3.090 3.782 4.654 5.635 6.532 7.088 7.262 7.219 7.105 7.021 6.952 6.862 6.734 6.512 6.176 5.729 5.173 4.524 3.858 3.268 2.751 2.301 1.917 1.598 1.332 1.110 0.922 0.765 0.635
0.000 0.000 0.000 0.000 0.000 0.000 0.001 0.002 0.004 0.007 0.012 0.019 0.033 0.053 0.078 0.106 0.135 0.163 0.190 0.216 0.242 0.279 0.343 0.423 0.485 0.506 0.503 0.492 0.471 0.441 0.399 0.342 0.273 0.218 0.185 0.172 0.171 0.178 0.201 0.248 0.332 0.491 0.803 1.355 2.131 2.893 3.551 4.216 4.977 5.770 6.510 7.131 7.545 7.700 7.661 7.530 7.376 7.236 7.104 6.962 6.785 6.544 6.205 5.750 5.194 4.545 3.882 3.295 2.782 2.340 1.965 1.647 1.376 1.146 0.953 0.791 0.658
0.000 0.000 0.000 0.000 0.000 0.000 0.001 0.004 0.009 0.015 0.025 0.041 0.065 0.098 0.136 0.177 0.223 0.273 0.324 0.374 0.427 0.494 0.579 0.645 0.669 0.668 0.657 0.638 0.608 0.566 0.509 0.431 0.343 0.279 0.244 0.234 0.236 0.258 0.314 0.433 0.674 1.116 1.816 2.779 3.817 4.683 5.415 6.117 6.797 7.399 7.879 8.165 8.249 8.173 7.973 7.743 7.553 7.374 7.207 7.025 6.818 6.560 6.211 5.755 5.202 4.553 3.897 3.319 2.815 2.379 2.003 1.680 1.404 1.169 0.972 0.809 0.672
0.000 0.000 0.000 0.000 0.000 0.000 0.002 0.006 0.013 0.023 0.038 0.060 0.093 0.138 0.193 0.257 0.330 0.409 0.490 0.572 0.656 0.745 0.821 0.857 0.862 0.856 0.840 0.812 0.772 0.716 0.640 0.539 0.431 0.354 0.316 0.308 0.316 0.362 0.485 0.757 1.309 2.225 3.471 4.739 5.802 6.610 7.243 7.786 8.249 8.615 8.849 8.911 8.823 8.569 8.198 7.896 7.670 7.470 7.283 7.075 6.846 6.568 6.209 5.750 5.198 4.554 3.905 3.334 2.835 2.400 2.022 1.697 1.418 1.182 0.985 0.819 0.680
0.000 0.000 0.000 0.000 0.000 0.000 0.002 0.007 0.015 0.027 0.045 0.071 0.110 0.165 0.236 0.328 0.439 0.569 0.696 0.809 0.916 1.007 1.061 1.080 1.080 1.072 1.053 1.018 0.967 0.894 0.798 0.673 0.540 0.445 0.394 0.382 0.394 0.462 0.665 1.158 2.145 3.683 5.385 6.671 7.606 8.298 8.790 9.132 9.394 9.555 9.604 9.519 9.287 8.866 8.376 8.008 7.750 7.548 7.346 7.128 6.882 6.584 6.209 5.738 5.183 4.550 3.911 3.341 2.842 2.405 2.027 1.700 1.422 1.187 0.990 0.823 0.682
0.000 0.000 0.000 0.000 0.000 0.000 0.002 0.007 0.015 0.028 0.047 0.076 0.119 0.181 0.266 0.377 0.522 0.706 0.914 1.078 1.197 1.280 1.322 1.334 1.335 1.326 1.303 1.261 1.197 1.108 0.990 0.839 0.674 0.548 0.473 0.448 0.457 0.530 0.767 1.389 2.697 4.791 6.879 8.264 9.159 9.728 10.055 10.222 10.310 10.328 10.236 10.007 9.625 9.086 8.535 8.115 7.821 7.603 7.399 7.185 6.927 6.605 6.205 5.723 5.161 4.534 3.900 3.334 2.835 2.399 2.020 1.694 1.418 1.185 0.988 0.822 0.681
0.000 0.000 0.000 0.000 0.000 0.000 0.002 0.007 0.015 0.028 0.047 0.076 0.122 0.188 0.281 0.405 0.571 0.791 1.074 1.329 1.489 1.579 1.622 1.637 1.636 1.626 1.597 1.547 1.469 1.361 1.220 1.040 0.834 0.666 0.556 0.511 0.512 0.576 0.807 1.458 2.943 5.460 7.995 9.579 10.473 10.900 11.064 11.114 11.066 10.954 10.717 10.352 9.856 9.256 8.688 8.236 7.907 7.673 7.465 7.240 6.964 6.621 6.201 5.701 5.126 4.490 3.858 3.299 2.803 2.370 1.994 1.672 1.399 1.170 0.978 0.815 0.676
0.000 0.000 0.000 0.000 0.000 0.000 0.002 0.006 0.014 0.026 0.044 0.073 0.120 0.190 0.286 0.415 0.591 0.830 1.153 1.528 1.790 1.920 1.979 1.998 1.998 1.985 1.948 1.884 1.788 1.657 1.489 1.279 1.028 0.805 0.649 0.574 0.561 0.606 0.815 1.447 2.983 5.745 8.769 10.627 11.517 11.806 11.850 11.813 11.650 11.386 11.021 10.574 10.028 9.418 8.846 8.374 8.020 7.760 7.533 7.284 6.987 6.617 6.176 5.653 5.055 4.404 3.778 3.229 2.742 2.316 1.948 1.634 1.370 1.149 0.963 0.805 0.670
0.000 0.000 0.000 0.000 0.000 0.000 0.002 0.005 0.011 0.020 0.036 0.063 0.110 0.182 0.283 0.416 0.595 0.839 1.174 1.629 2.074 2.321 2.409 2.433 2.432 2.413 2.364 2.279 2.158 2.001 1.802 1.559 1.264 0.973 0.759 0.640 0.606 0.631 0.804 1.386 2.911 5.769 9.183 11.367 12.293 12.481 12.458 12.313 12.021 11.632 11.170 10.690 10.153 9.583 9.018 8.536 8.168 7.878 7.616 7.325 6.999 6.590 6.115 5.566 4.938 4.275 3.662 3.125 2.652 2.240 1.888 1.592 1.344 1.133 0.954 0.800 0.667
0.000 0.000 0.000 0.000 0.000 0.000 0.001 0.002 0.005 0.011 0.021 0.043 0.084 0.153 0.256 0.395 0.581 0.830 1.169 1.637 2.229 2.715 2.927 2.960 2.951 2.917 2.848 2.737 2.586 2.396 2.166 1.887 1.547 1.182 0.899 0.721 0.653 0.658 0.782 1.277 2.713 5.607 9.267 11.716 12.787 12.935 12.848 12.593 12.191 11.728 11.214 10.729 10.236 9.733 9.209 8.726 8.334 8.014 7.713 7.382 7.011 6.565 6.049 5.462 4.802 4.136 3.541 3.017 2.562 2.172 1.839 1.560 1.324 1.123 0.949 0.797 0.666
0.000 0.000 0.000 0.000 0.000 0.000 0.000 0.001 0.002 0.004 0.009 0.019 0.043 0.094 0.184 0.319 0.504 0.752 1.089 1.562 2.201 2.931 3.409 3.556 3.550 3.500 3.406 3.264 3.078 2.852 2.586 2.268 1.883 1.448 1.086 0.835 0.715 0.697 0.776 1.158 2.404 5.198 9.063 11.731 12.992 13.204 13.043 12.690 12.229 11.731 11.203 10.722 10.271 9.830 9.375 8.923 8.511 8.153 7.814 7.451 7.038 6.562 6.017 5.396 4.708 4.041 3.452 2.937 2.496 2.121 1.803 1.536 1.309 1.114 0.944 0.796 0.666
0.000 0.000 0.000 0.000 0.000 0.000 0.000 0.000 0.001 0.001 0.003 0.006 0.015 0.037 0.084 0.175 0.320 0.529 0.830 1.281 1.965 2.901 3.706 4.089 4.140 4.103 4.009 3.849 3.633 3.371 3.066 2.709 2.283 1.788 1.346 1.016 0.827 0.772 0.815 1.106 2.106 4.614 8.535 11.484 12.950 13.260 13.089 12.704 12.213 11.662 11.142 10.692 10.274 9.876 9.486 9.087 8.680 8.285 7.914 7.523 7.085 6.582 6.009 5.367 4.661 3.993 3.400 2.886 2.448 2.081 1.772 1.516 1.295 1.106 0.941 0.796 0.668
0.000 0.000 0.000 0.000 0.000 0.000 0.000 0.000 0.000 0.000 0.001 0.002 0.005 0.012 0.029 0.065 0.131 0.240 0.427 0.779 1.458 2.593 3.800 4.474 4.648 4.633 4.560 4.419 4.211 3.939 3.607 3.219 2.760 2.225 1.711 1.304 1.036 0.925 0.933 1.149 1.944 4.062 7.778 10.960 12.609 13.092 12.990 12.631 12.109 11.509 10.999 10.575 10.208 9.868 9.539 9.193 8.819 8.428 8.030 7.607 7.139 6.613 6.020 5.364 4.653 3.982 3.384 2.862 2.418 2.049 1.743 1.493 1.280 1.098 0.939 0.799 0.675
0.000 0.000 0.000 0.000 0.000 0.000 0.000 0.000 0.000 0.000 0.000 0.001 0.002 0.005 0.011 0.024 0.049 0.094 0.179 0.377 0.882 2.016 3.607 4.655 5.044 5.082 5.040 4.942 4.777 4.534 4.206 3.805 3.331 2.776 2.209 1.737 1.396 1.217 1.183 1.312 1.931 3.639 6.906 10.145 11.909 12.566 12.614 12.373 11.868 11.224 10.683 10.297 10.019 9.785 9.528 9.235 8.906 8.554 8.152 7.706 7.206 6.661 6.056 5.389 4.670 3.992 3.388 2.856 2.402 2.023 1.714 1.464 1.259 1.087 0.939 0.809 0.691
0.000 0.000 0.000 0.000 0.000 0.000 0.000 0.000 0.000 0.000 0.000 0.001 0.002 0.004 0.009 0.017 0.031 0.054 0.099 0.208 0.539 1.459 3.143 4.572 5.251 5.449 5.461 5.415 5.307 5.127 4.854 4.475 4.008 3.458 2.864 2.354 1.962 1.720 1.641 1.701 2.140 3.433 6.017 9.024 10.882 11.699 11.876 11.764 11.385 10.792 10.188 9.783 9.568 9.466 9.357 9.192 8.949 8.638 8.261 7.822 7.315 6.749 6.132 5.458 4.731 4.036 3.412 2.865 2.396 2.002 1.681 1.426 1.225 1.068 0.937 0.817 0.702
0.000 0.000 0.000 0.000 0.000 0.000 0.000 0.000 0.000 0.000 0.000 0.001 0.002 0.005 0.010 0.018 0.031 0.052 0.089 0.172 0.395 1.067 2.521 4.232 5.249 5.690 5.826 5.850 5.809 5.705 5.518 5.214 4.795 4.281 3.698 3.179 2.774 2.502 2.381 2.393 2.661 3.562 5.411 7.897 9.654 10.545 10.802 10.777 10.576 10.136 9.523 9.044 8.830 8.822 8.889 8.941 8.878 8.657 8.317 7.902 7.420 6.866 6.257 5.585 4.850 4.125 3.471 2.896 2.404 1.989 1.649 1.381 1.179 1.033 0.917 0.805 0.683
0.000 0.000 0.000 0.000 0.000 0.000 0.000 0.000 0.000 0.000 0.000 0.001 0.004 0.008 0.016 0.028 0.043 0.066 0.105 0.184 0.368 0.848 1.927 3.607 5.009 5.764 6.079 6.211 6.255 6.229 6.131 5.942 5.643 5.230 4.716 4.220 3.840 3.581 3.438 3.404 3.518 4.007 5.188 7.103 8.672 9.490 9.737 9.751 9.668 9.408 8.964 8.448 8.120 8.062 8.191 8.424 8.582 8.539 8.301 7.922 7.481 6.971 6.396 5.739 4.985 4.230 3.557 2.958 2.434 1.988 1.622 1.334 1.118 0.959 0.827 0.694 0.536
0.000 0.000 0.000 0.000 0.000 0.000 0.000 0.000 0.000 0.000 0.001 0.003 0.007 0.016 0.032 0.054 0.080 0.114 0.162 0.245 0.412 0.778 1.545 2.878 4.490 5.619 6.187 6.485 6.649 6.700 6.684 6.595 6.413 6.140 5.775 5.369 5.048 4.832 4.712 4.662 4.664 4.818 5.422 6.689 8.010 8.751 9.001 9.050 9.029 8.893 8.600 8.146 7.740 7.550 7.577 7.780 8.059 8.181 8.117 7.868 7.485 7.007 6.459 5.819 5.052 4.277 3.607 3.010 2.474 1.997 1.596 1.276 1.017 0.797 0.597 0.413 0.253
0.000 0.000 0.000 0.000 0.000 0.000 0.000 0.000 0.000 0.000 0.001 0.005 0.014 0.034 0.067 0.111 0.161 0.215 0.283 0.379 0.537 0.833 1.389 2.363 3.849 5.261 6.114 6.605 6.939 7.115 7.174 7.160 7.077 6.915 6.670 6.353 6.076 5.877 5.772 5.744 5.746 5.780 5.968 6.605 7.613 8.294 8.563 8.638 8.634 8.557 8.362 8.027 7.622 7.318 7.200 7.260 7.453 7.610 7.650 7.563 7.303 6.883 6.362 5.749 5.016 4.257 3.599 3.013 2.477 1.976 1.523 1.133 0.797 0.512 0.298 0.162 0.083
0.000 0.000 0.000 0.000 0.000 0.000 0.000 0.000 0.000 0.001 0.003 0.010 0.028 0.069 0.138 0.225 0.310 0.394 0.486 0.600 0.757 0.995 1.417 2.157 3.352 4.811 5.870 6.551 7.055 7.413 7.603 7.653 7.627 7.545 7.389 7.143 6.902 6.710 6.590 6.543 6.531 6.545 6.609 6.854 7.460 8.060 8.337 8.421 8.424 8.380 8.249 7.994 7.626 7.275 7.041 6.937 6.928 6.958 6.962 6.913 6.732 6.382 5.885 5.298 4.638 3.957 3.337 2.769 2.235 1.711 1.214 0.778 0.439 0.226 0.113 0.055 0.027
0.000 0.000 0.000 0.000 0.000 0.000 0.000 0.000 0.000 0.001 0.005 0.018 0.055 0.139 0.273 0.419 0.544 0.662 0.784 0.920 1.081 1.284 1.592 2.161 3.124 4.424 5.544 6.384 7.051 7.557 7.893 8.048 8.074 8.042 7.932 7.753 7.534 7.359 7.214 7.112 7.067 7.062 7.089 7.190 7.488 7.943 8.229 8.335 8.341 8.309 8.205 7.988 7.662 7.294 6.985 6.740 6.547 6.378 6.214 6.049 5.826 5.483 4.992 4.405 3.775 3.161 2.578 2.019 1.489 1.007 0.603 0.319 0.156 0.074 0.037 0.019 0.010
0.000 0.000 0.000 0.000 0.000 0.000 0.000 0.000 0.000 0.002 0.009 0.035 0.109 0.264 0.492 0.700 0.867 1.026 1.186 1.352 1.527 1.718 1.956 2.360 3.119 4.210 5.307 6.217 6.984 7.597 8.042 8.311 8.395 8.389 8.316 8.195 8.008 7.849 7.686 7.534 7.424 7.361 7.365 7.415 7.573 7.878 8.156 8.290 8.319 8.295 8.200 7.998 7.692 7.320 6.946 6.591 6.241 5.892 5.525 5.139 4.735 4.294 3.751 3.113 2.479 1.903 1.385 0.945 0.596 0.340 0.176 0.086 0.041 0.021 0.012 0.007 0.004
0.000 0.000 0.000 0.000 0.000 0.000 0.000 0.000 0.000 0.002 0.012 0.050 0.167 0.404 0.750 1.051 1.274 1.489 1.701 1.904 2.104 2.303 2.515 2.810 3.340 4.191 5.216 6.136 6.926 7.590 8.097 8.439 8.590 8.612 8.578 8.485 8.353 8.218 8.051 7.854 7.665 7.531 7.498 7.519 7.623 7.812 8.074 8.261 8.319 8.299 8.198 8.001 7.699 7.313 6.878 6.432 5.954 5.437 4.861 4.236 3.598 2.974 2.366 1.792 1.287 0.868 0.542 0.312 0.166 0.083 0.041 0.020 0.011 0.007 0.004 0.003 0.002
0.000 0.000 0.000 0.000 0.000 0.000 0.000 0.000 0.000 0.002 0.012 0.053 0.188 0.478 0.915 1.374 1.739 2.047 2.325 2.578 2.808 3.024 3.239 3.486 3.848 4.428 5.249 6.139 6.924 7.586 8.112 8.485 8.674 8.727 8.739 8.681 8.599 8.468 8.302 8.086 7.823 7.626 7.540 7.541 7.618 7.739 7.925 8.107 8.206 8.222 8.138 7.937 7.604 7.129 6.549 5.973 5.374 4.701 3.919 3.086 2.309 1.692 1.222 0.841 0.535 0.310 0.164 0.081 0.039 0.019 0.009 0.005 0.004 0.003 0.002 0.001 0.001
0.000 0.000 0.000 0.000 0.000 0.000 0.000 0.000 0.001 0.002 0.012 0.050 0.185 0.495 0.988 1.588 2.172 2.667 3.059 3.380 3.652 3.888 4.108 4.333 4.599 4.981 5.541 6.266 6.995 7.619 8.125 8.501 8.723 8.810 8.826 8.784 8.735 8.628 8.469 8.242 7.943 7.693 7.554 7.521 7.552 7.604 7.686 7.739 7.761 7.772 7.704 7.473 7.036 6.381 5.532 4.717 3.927 3.095 2.263 1.554 1.050 0.711 0.469 0.292 0.168 0.088 0.042 0.018 0.008 0.004 0.003 0.002 0.001 0.001 0.001 0.001 0.001
0.000 0.000 0.000 0.000 0.000 0.000 0.000 0.001 0.001 0.003 0.009 0.041 0.164 0.476 1.010 1.710 2.495 3.246 3.851 4.305 4.642 4.907 5.130 5.325 5.532 5.778 6.121 6.616 7.206 7.758 8.210 8.555 8.768 8.863 8.884 8.854 8.812 8.707 8.551 8.332 8.035 7.736 7.528 7.424 7.375 7.333 7.303 7.211 7.063 6.884 6.634 6.269 5.676 4.788 3.670 2.690 1.912 1.287 0.813 0.503 0.315 0.199 0.125 0.076 0.042 0.021 0.009 0.004 0.002 0.001 0.001 0.001 0.001 0.000 0.000 0.000 0.000
0.000 0.000 0.000 0.000 0.000 0.001 0.001 0.002 0.002 0.003 0.006 0.027 0.123 0.418 0.983 1.782 2.720 3.699 4.543 5.207 5.698 6.045 6.289 6.463 6.612 6.760 6.938 7.202 7.585 8.012 8.367 8.645 8.827 8.914 8.938 8.894 8.834 8.714 8.557 8.345 8.068 7.751 7.476 7.266 7.097 6.915 6.737 6.491 6.144 5.689 5.138 4.512 3.762 2.848 1.924 1.219 0.727 0.408 0.220 0.121 0.072 0.044 0.028 0.017 0.009 0.004 0.002 0.001 0.000 0.000 0.000 0.000 0.000 0.000 0.000 0.000 0.000
0.000 0.000 0.000 0.001 0.002 0.002 0.002 0.002 0.002 0.003 0.005 0.020 0.090 0.349 0.930 1.819 2.877 4.007 5.057 5.939 6.612 7.080 7.392 7.607 7.739 7.836 7.913 8.006 8.169 8.397 8.620 8.800 8.906 8.948 8.948 8.905 8.838 8.717 8.557 8.343 8.072 7.748 7.403 7.054 6.734 6.407 6.059 5.636 5.134 4.541 3.857 3.119 2.351 1.579 0.948 0.517 0.261 0.125 0.059 0.029 0.015 0.009 0.005 0.003 0.002 0.001 0.000 0.000 0.000 0.000 0.000 0.000 0.000 0.000 0.000 0.000 0.000
0.001 0.001 0.002 0.002 0.003 0.004 0.003 0.003 0.003 0.003 0.005 0.018 0.080 0.320 0.905 1.845 2.983 4.176 5.365 6.444 7.302 7.918 8.322 8.580 8.726 8.802 8.844 8.876 8.910 8.927 8.975 8.982 8.972 8.942 8.905 8.872 8.796 8.667 8.506 8.302 8.031 7.689 7.285 6.815 6.334 5.865 5.386 4.861 4.275 3.617 2.884 2.130 1.437 0.859 0.452 0.213 0.093 0.039 0.016 0.007 0.003 0.002 0.001 0.001 0.000 0.000 0.000 0.000 0.000 0.000 0.000 0.000 0.000 0.000 0.000 0.000 0.000
0.002 0.003 0.004 0.004 0.005 0.005 0.004 0.003 0.003 0.003 0.005 0.018 0.079 0.323 0.924 1.893 3.059 4.246 5.483 6.721 7.770 8.559 9.087 9.405 9.554 9.618 9.640 9.618 9.549 9.432 9.320 9.149 8.992 8.856 8.753 8.691 8.613 8.504 8.364 8.176 7.914 7.564 7.119 6.569 5.961 5.368 4.787 4.186 3.546 2.855 2.124 1.435 0.862 0.451 0.205 0.084 0.033 0.012 0.004 0.002 0.001 0.000 0.000 0.000 0.000 0.000 0.000 0.000 0.000 0.000 0.000 0.000 0.000 0.000 0.000 0.000 0.000
0.005 0.006 0.006 0.006 0.006 0.005 0.004 0.004 0.004 0.004 0.006 0.019 0.085 0.358 1.000 1.980 3.102 4.253 5.488 6.813 8.023 8.986 9.648 10.037 10.214 10.258 10.242 10.178 10.023 9.795 9.531 9.224 8.940 8.666 8.444 8.293 8.199 8.108 8.005 7.850 7.608 7.285 6.830 6.248 5.575 4.883 4.227 3.574 2.902 2.198 1.512 0.924 0.486 0.218 0.086 0.031 0.011 0.003 0.001 0.000 0.000 0.000 0.000 0.000 0.000 0.000 0.000 0.000 0.000 0.000 0.000 0.000 0.000 0.000 0.000 0.000 0.000
0.009 0.009 0.009 0.008 0.007 0.006 0.005 0.004 0.004 0.005 0.007 0.024 0.110 0.432 1.107 2.051 3.099 4.223 5.450 6.788 8.084 9.192 9.997 10.464 10.651 10.692 10.662 10.542 10.324 10.014 9.654 9.231 8.809 8.351 7.965 7.695 7.527 7.405 7.309 7.171 6.975 6.715 6.324 5.779 5.111 4.381 3.673 2.990 2.301 1.614 1.002 0.535 0.240 0.092 0.032 0.010 0.003 0.001 0.000 0.000 0.000 0.000 0.000 0.000 0.000 0.000 0.000 0.000 0.000 0.000 0.000 0.000 0.000 0.000 0.000 0.000 0.000
0.012 0.012 0.011 0.009 0.007 0.006 0.006 0.005 0.006 0.006 0.010 0.030 0.129 0.478 1.157 2.063 3.053 4.138 5.350 6.692 8.029 9.212 10.092 10.643 10.878 10.920 10.859 10.699 10.451 10.088 9.655 9.130 8.563 7.930 7.353 6.926 6.634 6.441 6.298 6.145 5.985 5.804 5.535 5.105 4.520 3.833 3.100 2.381 1.686 1.058 0.571 0.257 0.096 0.032 0.010 0.003 0.001 0.000 0.000 0.000 0.000 0.000 0.000 0.000 0.000 0.000 0.000 0.000 0.000 0.000 0.000 0.000 0.000 0.000 0.000 0.000 0.000
