RESULTS/r.avaflow_results/33_results/33_ascii/33_hflow10008.asc
ncols 506
nrows 317
xllcenter 498237.50
yllcenter 5580050.00
cellsize 12.50
NODATA_value -9999.000
[rows 170 to 203 of 317, columns 77 to 153 of 506]
0.000 0.000 0.000 0.000 0.000 0.000 0.000 0.000 0.000 0.000 0.000 0.000 0.000 0.000 0.000 0.000 0.000 0.000 0.000 0.000 0.000 0.000 0.000 0.000 0.001 0.003 0.006 0.011 0.016 0.020 0.021 0.021 0.021 0.018 0.014 0.010 0.008 0.007 0.007 0.008 0.012 0.028 0.074 0.173 0.332 0.550 0.819 1.022 1.118 1.139 1.150 1.248 1.561 2.213 3.072 3.858 4.643 5.534 6.234 6.572 6.630 6.522 6.091 5.187 3.823 2.599 1.744 1.171 0.787 0.513 0.319 0.191 0.110 0.061 0.033 0.017 0.009
0.000 0.000 0.000 0.000 0.000 0.000 0.000 0.000 0.000 0.000 0.000 0.000 0.000 0.000 0.000 0.000 0.000 0.000 0.000 0.000 0.000 0.000 0.001 0.002 0.004 0.008 0.014 0.023 0.033 0.039 0.041 0.042 0.041 0.036 0.028 0.022 0.018 0.017 0.017 0.020 0.037 0.087 0.197 0.384 0.654 1.000 1.424 1.763 1.966 2.073 2.191 2.428 2.887 3.553 4.230 4.849 5.569 6.488 7.243 7.606 7.673 7.536 7.011 5.919 4.318 2.923 1.950 1.290 0.852 0.554 0.351 0.217 0.129 0.073 0.040 0.022 0.012
0.000 0.000 0.000 0.000 0.000 0.000 0.000 0.000 0.000 0.000 0.000 0.000 0.000 0.000 0.000 0.000 0.000 0.000 0.000 0.000 0.000 0.001 0.002 0.004 0.009 0.016 0.028 0.044 0.061 0.072 0.076 0.077 0.075 0.067 0.052 0.042 0.037 0.036 0.038 0.053 0.107 0.230 0.445 0.762 1.180 1.706 2.324 2.842 3.214 3.476 3.715 4.009 4.363 4.741 5.089 5.494 6.077 6.927 7.766 8.205 8.313 8.198 7.666 6.525 4.810 3.251 2.165 1.427 0.944 0.627 0.412 0.264 0.161 0.092 0.051 0.028 0.015
0.000 0.000 0.000 0.000 0.000 0.000 0.000 0.000 0.000 0.000 0.000 0.000 0.000 0.000 0.000 0.000 0.000 0.000 0.000 0.000 0.001 0.002 0.005 0.010 0.018 0.031 0.052 0.081 0.109 0.126 0.134 0.135 0.131 0.117 0.093 0.076 0.070 0.069 0.079 0.128 0.263 0.509 0.871 1.357 1.981 2.745 3.588 4.311 4.880 5.312 5.608 5.785 5.847 5.799 5.790 5.943 6.328 7.023 7.941 8.488 8.647 8.568 8.099 7.026 5.306 3.609 2.417 1.607 1.076 0.726 0.481 0.308 0.188 0.109 0.060 0.033 0.018
0.000 0.000 0.000 0.000 0.000 0.000 0.000 0.000 0.000 0.000 0.000 0.000 0.000 0.000 0.000 0.000 0.000 0.000 0.000 0.000 0.002 0.005 0.010 0.019 0.034 0.057 0.092 0.143 0.187 0.214 0.225 0.226 0.220 0.197 0.156 0.130 0.120 0.121 0.152 0.272 0.537 0.949 1.506 2.224 3.114 4.165 5.238 6.139 6.802 7.210 7.396 7.417 7.224 6.740 6.333 6.266 6.454 7.007 7.939 8.570 8.779 8.740 8.360 7.398 5.778 4.000 2.686 1.777 1.178 0.785 0.516 0.330 0.202 0.118 0.066 0.035 0.019
0.000 0.000 0.000 0.000 0.000 0.000 0.000 0.000 0.000 0.000 0.000 0.000 0.000 0.000 0.000 0.000 0.000 0.000 0.000 0.001 0.004 0.009 0.018 0.034 0.059 0.099 0.159 0.241 0.309 0.348 0.364 0.365 0.356 0.319 0.251 0.207 0.193 0.199 0.268 0.498 0.937 1.551 2.357 3.373 4.597 5.916 7.080 7.960 8.539 8.825 8.895 8.809 8.451 7.626 6.809 6.505 6.538 6.933 7.816 8.564 8.808 8.794 8.480 7.623 6.120 4.276 2.865 1.879 1.225 0.802 0.523 0.334 0.206 0.121 0.068 0.037 0.020
0.000 0.000 0.000 0.000 0.000 0.000 0.000 0.000 0.000 0.000 0.000 0.000 0.000 0.000 0.000 0.000 0.000 0.000 0.001 0.003 0.008 0.017 0.032 0.058 0.100 0.166 0.264 0.393 0.493 0.548 0.569 0.570 0.551 0.493 0.385 0.313 0.293 0.306 0.429 0.788 1.424 2.268 3.361 4.726 6.226 7.608 8.721 9.526 10.017 10.206 10.222 10.039 9.523 8.472 7.294 6.715 6.617 6.852 7.639 8.482 8.793 8.794 8.512 7.731 6.306 4.426 2.949 1.914 1.232 0.796 0.515 0.327 0.202 0.120 0.067 0.036 0.019
0.000 0.000 0.000 0.000 0.000 0.000 0.000 0.000 0.000 0.000 0.000 0.000 0.000 0.000 0.000 0.000 0.000 0.001 0.003 0.007 0.015 0.029 0.054 0.096 0.163 0.268 0.422 0.614 0.754 0.830 0.857 0.856 0.824 0.733 0.565 0.450 0.419 0.438 0.593 1.044 1.858 2.935 4.324 6.012 7.653 9.037 10.098 10.820 11.239 11.387 11.396 11.179 10.562 9.343 7.831 6.973 6.747 6.883 7.532 8.368 8.722 8.748 8.499 7.740 6.351 4.470 2.959 1.910 1.218 0.769 0.486 0.307 0.191 0.115 0.065 0.035 0.018
0.000 0.000 0.000 0.000 0.000 0.000 0.000 0.000 0.000 0.000 0.000 0.000 0.000 0.000 0.000 0.000 0.000 0.001 0.005 0.012 0.025 0.047 0.086 0.152 0.257 0.418 0.654 0.923 1.111 1.210 1.243 1.240 1.192 1.051 0.801 0.621 0.559 0.567 0.716 1.229 2.209 3.520 5.211 7.187 8.889 10.255 11.274 11.923 12.295 12.387 12.373 12.154 11.503 10.225 8.486 7.365 6.991 7.032 7.516 8.268 8.591 8.617 8.390 7.664 6.305 4.455 2.928 1.871 1.171 0.717 0.440 0.273 0.171 0.104 0.059 0.032 0.016
0.000 0.000 0.000 0.000 0.000 0.000 0.000 0.000 0.000 0.000 0.000 0.000 0.000 0.000 0.000 0.000 0.000 0.002 0.006 0.017 0.038 0.074 0.134 0.232 0.390 0.631 0.977 1.334 1.575 1.701 1.740 1.736 1.664 1.457 1.099 0.818 0.697 0.680 0.799 1.334 2.471 4.031 6.014 8.247 10.004 11.317 12.240 12.809 13.091 13.151 13.136 12.922 12.273 11.082 9.328 7.951 7.404 7.343 7.627 8.162 8.380 8.374 8.131 7.422 6.106 4.315 2.821 1.780 1.090 0.648 0.383 0.234 0.147 0.090 0.051 0.027 0.014
0.000 0.000 0.000 0.000 0.000 0.000 0.000 0.000 0.000 0.000 0.000 0.000 0.000 0.000 0.000 0.000 0.000 0.001 0.006 0.017 0.047 0.106 0.199 0.342 0.569 0.914 1.400 1.860 2.157 2.310 2.355 2.345 2.233 1.948 1.462 1.041 0.834 0.783 0.863 1.376 2.630 4.472 6.767 9.192 11.000 12.231 12.979 13.432 13.651 13.713 13.639 13.356 12.768 11.732 10.156 8.696 7.934 7.718 7.786 8.023 8.104 8.032 7.714 6.981 5.703 4.002 2.607 1.628 0.978 0.569 0.330 0.201 0.127 0.077 0.044 0.023 0.011
0.000 0.000 0.000 0.000 0.000 0.000 0.000 0.000 0.000 0.000 0.000 0.000 0.000 0.000 0.000 0.000 0.000 0.001 0.004 0.015 0.046 0.123 0.267 0.483 0.802 1.280 1.933 2.504 2.860 3.034 3.080 3.054 2.895 2.523 1.898 1.311 0.990 0.886 0.928 1.391 2.709 4.819 7.420 9.968 11.813 12.938 13.558 13.894 14.016 14.033 13.899 13.560 12.990 12.079 10.723 9.295 8.362 7.958 7.856 7.853 7.787 7.603 7.168 6.364 5.074 3.511 2.278 1.415 0.842 0.486 0.282 0.173 0.110 0.066 0.036 0.019 0.009
0.000 0.000 0.000 0.000 0.000 0.000 0.000 0.000 0.000 0.000 0.000 0.000 0.000 0.000 0.000 0.000 0.000 0.000 0.002 0.008 0.035 0.120 0.312 0.629 1.078 1.723 2.571 3.254 3.666 3.853 3.891 3.846 3.640 3.182 2.419 1.662 1.207 1.018 1.018 1.416 2.758 5.134 8.042 10.588 12.370 13.431 13.940 14.135 14.183 14.157 13.965 13.604 13.029 12.186 10.998 9.657 8.656 8.077 7.812 7.634 7.420 7.091 6.528 5.610 4.274 2.889 1.864 1.153 0.686 0.398 0.235 0.147 0.093 0.055 0.029 0.014 0.007
0.000 0.000 0.000 0.000 0.000 0.000 0.000 0.000 0.000 0.000 0.000 0.000 0.000 0.000 0.000 0.000 0.000 0.000 0.001 0.005 0.021 0.100 0.327 0.741 1.324 2.133 3.190 4.042 4.531 4.728 4.761 4.710 4.469 3.933 3.047 2.127 1.533 1.239 1.186 1.491 2.810 5.449 8.544 11.011 12.664 13.661 14.126 14.258 14.233 14.143 13.924 13.512 12.907 12.110 11.041 9.787 8.799 8.123 7.685 7.338 6.964 6.491 5.815 4.824 3.519 2.340 1.489 0.911 0.539 0.314 0.187 0.118 0.074 0.043 0.022 0.010 0.005
0.000 0.000 0.000 0.000 0.000 0.000 0.000 0.000 0.000 0.000 0.000 0.000 0.000 0.000 0.000 0.000 0.000 0.001 0.002 0.005 0.014 0.073 0.305 0.796 1.504 2.437 3.669 4.752 5.387 5.640 5.680 5.623 5.369 4.801 3.817 2.742 2.022 1.629 1.516 1.719 2.940 5.711 8.886 11.244 12.786 13.695 14.132 14.252 14.234 14.069 13.705 13.136 12.508 11.790 10.869 9.767 8.822 8.091 7.499 6.982 6.447 5.846 5.092 4.067 2.860 1.874 1.171 0.702 0.409 0.236 0.139 0.086 0.053 0.030 0.015 0.007 0.003
0.000 0.000 0.000 0.000 0.000 0.000 0.000 0.000 0.000 0.000 0.000 0.000 0.000 0.000 0.000 0.001 0.002 0.003 0.005 0.008 0.016 0.055 0.257 0.777 1.591 2.627 3.979 5.321 6.181 6.571 6.654 6.594 6.344 5.789 4.769 3.573 2.749 2.283 2.127 2.265 3.295 5.895 9.081 11.321 12.805 13.634 14.036 14.129 14.052 13.758 13.185 12.360 11.638 11.015 10.305 9.501 8.720 7.985 7.284 6.637 5.966 5.233 4.384 3.337 2.278 1.463 0.892 0.521 0.297 0.167 0.095 0.056 0.033 0.019 0.009 0.004 0.002
0.000 0.000 0.000 0.000 0.000 0.000 0.000 0.000 0.000 0.000 0.000 0.000 0.000 0.000 0.001 0.002 0.004 0.008 0.012 0.019 0.028 0.057 0.205 0.697 1.583 2.716 4.133 5.696 6.840 7.463 7.662 7.643 7.434 6.916 5.944 4.667 3.772 3.276 3.113 3.230 4.036 6.175 9.194 11.298 12.697 13.448 13.766 13.773 13.588 13.126 12.286 11.144 10.297 9.760 9.320 8.880 8.360 7.727 7.032 6.290 5.494 4.627 3.675 2.656 1.763 1.099 0.649 0.368 0.203 0.111 0.061 0.033 0.019 0.010 0.005 0.002 0.001
0.000 0.000 0.000 0.000 0.000 0.000 0.000 0.000 0.000 0.000 0.000 0.000 0.000 0.001 0.003 0.006 0.011 0.018 0.031 0.046 0.060 0.084 0.176 0.574 1.472 2.722 4.194 5.911 7.341 8.238 8.628 8.695 8.564 8.139 7.278 5.984 5.067 4.587 4.458 4.585 5.188 6.730 9.278 11.225 12.407 13.032 13.208 13.171 12.911 12.281 11.325 10.076 9.024 8.388 8.078 7.886 7.624 7.175 6.587 5.818 4.936 3.958 2.955 2.038 1.302 0.780 0.445 0.244 0.131 0.069 0.035 0.018 0.010 0.005 0.003 0.001 0.000
0.000 0.000 0.000 0.000 0.000 0.000 0.000 0.000 0.000 0.000 0.000 0.000 0.001 0.003 0.007 0.014 0.026 0.045 0.075 0.104 0.125 0.145 0.200 0.461 1.254 2.598 4.184 5.988 7.637 8.819 9.463 9.643 9.574 9.273 8.549 7.353 6.527 6.111 6.047 6.247 6.679 7.567 9.296 11.063 12.001 12.403 12.461 12.381 12.080 11.505 10.675 9.494 8.275 7.466 7.015 6.752 6.549 6.245 5.741 5.014 4.101 3.108 2.199 1.448 0.881 0.505 0.278 0.148 0.077 0.038 0.018 0.008 0.004 0.002 0.001 0.000 0.000
0.000 0.000 0.000 0.000 0.000 0.000 0.000 0.000 0.000 0.000 0.000 0.001 0.002 0.007 0.018 0.036 0.065 0.109 0.170 0.218 0.242 0.252 0.270 0.414 1.027 2.337 4.053 5.940 7.738 9.137 10.044 10.446 10.478 10.279 9.634 8.529 7.787 7.419 7.375 7.590 7.845 8.241 9.169 10.634 11.554 11.831 11.848 11.707 11.414 10.926 10.211 9.162 7.924 6.963 6.298 5.833 5.401 4.972 4.419 3.693 2.826 1.998 1.337 0.844 0.496 0.275 0.147 0.076 0.038 0.017 0.007 0.003 0.001 0.001 0.000 0.000 0.000
0.000 0.000 0.000 0.000 0.000 0.000 0.000 0.000 0.000 0.000 0.000 0.001 0.006 0.017 0.042 0.084 0.148 0.243 0.346 0.411 0.433 0.425 0.401 0.463 0.899 2.051 3.786 5.755 7.668 9.241 10.385 11.026 11.188 11.085 10.519 9.482 8.811 8.477 8.406 8.522 8.556 8.567 8.914 9.909 11.004 11.299 11.293 11.169 10.911 10.474 9.835 8.928 7.772 6.687 5.822 5.094 4.399 3.723 3.006 2.260 1.565 1.025 0.636 0.375 0.211 0.113 0.059 0.030 0.014 0.006 0.003 0.001 0.001 0.000 0.000 0.000 0.000
0.000 0.000 0.000 0.000 0.000 0.000 0.000 0.000 0.000 0.000 0.001 0.003 0.013 0.038 0.090 0.176 0.301 0.476 0.633 0.714 0.730 0.699 0.612 0.602 0.873 1.800 3.423 5.389 7.424 9.174 10.511 11.383 11.689 11.664 11.226 10.217 9.569 9.286 9.170 9.116 8.923 8.620 8.600 8.994 10.019 10.678 10.763 10.669 10.443 10.064 9.476 8.677 7.646 6.496 5.409 4.430 3.539 2.712 1.970 1.327 0.822 0.474 0.256 0.132 0.067 0.035 0.018 0.010 0.005 0.002 0.001 0.001 0.000 0.000 0.000 0.000 0.000
0.000 0.000 0.000 0.000 0.000 0.000 0.000 0.000 0.000 0.000 0.001 0.007 0.027 0.077 0.173 0.324 0.539 0.833 1.062 1.168 1.185 1.133 0.966 0.866 0.992 1.656 3.048 4.939 7.023 8.933 10.460 11.499 11.983 12.018 11.646 10.691 10.079 9.814 9.620 9.397 9.013 8.413 8.113 8.130 8.717 9.620 10.039 10.111 9.967 9.654 9.087 8.345 7.400 6.240 4.948 3.768 2.761 1.917 1.261 0.777 0.439 0.225 0.106 0.047 0.021 0.011 0.006 0.003 0.002 0.001 0.001 0.000 0.000 0.000 0.000 0.000 0.000
0.000 0.000 0.000 0.000 0.000 0.000 0.000 0.000 0.000 0.000 0.002 0.010 0.039 0.115 0.259 0.485 0.822 1.290 1.649 1.809 1.842 1.787 1.555 1.322 1.323 1.728 2.806 4.500 6.493 8.455 10.145 11.372 12.026 12.120 11.773 10.879 10.297 10.033 9.808 9.494 8.894 7.954 7.376 7.225 7.426 8.085 8.770 9.148 9.249 9.067 8.547 7.816 6.878 5.699 4.307 3.037 2.028 1.285 0.777 0.444 0.235 0.113 0.048 0.019 0.008 0.004 0.002 0.001 0.001 0.000 0.000 0.000 0.000 0.000 0.000 0.000 0.000
0.000 0.000 0.000 0.000 0.000 0.000 0.000 0.000 0.000 0.000 0.002 0.010 0.042 0.129 0.303 0.583 1.014 1.669 2.309 2.625 2.703 2.666 2.432 2.065 1.946 2.099 2.808 4.144 5.851 7.683 9.398 10.802 11.647 11.852 11.600 10.839 10.297 10.045 9.797 9.389 8.610 7.396 6.520 6.169 6.120 6.373 6.975 7.577 7.901 7.917 7.583 6.898 5.936 4.725 3.335 2.161 1.325 0.786 0.445 0.238 0.119 0.054 0.022 0.008 0.003 0.002 0.001 0.001 0.000 0.000 0.000 0.000 0.000 0.000 0.000 0.000 0.000
0.000 0.000 0.000 0.000 0.000 0.000 0.000 0.000 0.000 0.000 0.001 0.009 0.039 0.127 0.311 0.621 1.108 1.873 2.860 3.525 3.756 3.759 3.573 3.150 2.924 2.925 3.217 4.031 5.244 6.653 8.172 9.640 10.652 11.032 10.955 10.510 10.079 9.826 9.559 9.056 8.129 6.770 5.683 5.049 4.714 4.589 4.734 5.097 5.469 5.710 5.688 5.278 4.441 3.290 2.107 1.273 0.740 0.411 0.217 0.109 0.052 0.022 0.009 0.003 0.001 0.001 0.000 0.000 0.000 0.000 0.000 0.000 0.000 0.000 0.000 0.000 0.000
0.000 0.000 0.000 0.000 0.000 0.000 0.000 0.000 0.000 0.000 0.001 0.006 0.030 0.111 0.296 0.620 1.134 1.944 3.166 4.340 4.921 5.036 4.930 4.549 4.245 4.142 4.149 4.415 5.042 5.895 6.857 7.978 9.113 9.793 9.927 9.781 9.492 9.168 8.791 8.203 7.272 5.949 4.812 4.036 3.491 3.075 2.772 2.583 2.577 2.696 2.834 2.829 2.479 1.809 1.098 0.615 0.325 0.163 0.078 0.036 0.016 0.007 0.003 0.001 0.001 0.000 0.000 0.000 0.000 0.000 0.000 0.000 0.000 0.000 0.000 0.000 0.000
0.000 0.000 0.000 0.000 0.000 0.000 0.000 0.000 0.000 0.000 0.000 0.003 0.017 0.079 0.251 0.585 1.123 1.953 3.254 4.904 6.030 6.440 6.448 6.184 5.844 5.613 5.441 5.358 5.418 5.689 6.111 6.674 7.484 8.268 8.661 8.667 8.459 8.000 7.403 6.686 5.840 4.762 3.789 3.035 2.427 1.903 1.436 1.054 0.820 0.759 0.832 0.938 0.933 0.746 0.442 0.222 0.102 0.044 0.019 0.008 0.003 0.001 0.001 0.000 0.000 0.000 0.000 0.000 0.000 0.000 0.000 0.000 0.000 0.000 0.000 0.000 0.000
0.000 0.000 0.000 0.000 0.000 0.000 0.000 0.000 0.000 0.000 0.000 0.001 0.007 0.043 0.178 0.497 1.054 1.910 3.227 5.142 6.876 7.762 7.960 7.830 7.550 7.222 6.858 6.552 6.237 5.950 5.888 6.082 6.415 6.803 7.068 7.059 6.770 6.127 5.302 4.501 3.800 3.096 2.453 1.896 1.424 1.020 0.663 0.385 0.208 0.129 0.118 0.165 0.202 0.194 0.123 0.056 0.023 0.009 0.004 0.001 0.001 0.000 0.000 0.000 0.000 0.000 0.000 0.000 0.000 0.000 0.000 0.000 0.000 0.000 0.000 0.000 0.000
0.000 0.000 0.000 0.000 0.000 0.000 0.000 0.000 0.000 0.000 0.000 0.001 0.003 0.019 0.100 0.355 0.888 1.759 3.091 5.093 7.358 8.782 9.295 9.322 9.150 8.765 8.170 7.513 6.923 6.364 5.967 5.801 5.725 5.571 5.261 4.687 3.930 3.121 2.408 1.926 1.601 1.332 1.092 0.869 0.647 0.435 0.255 0.129 0.057 0.024 0.014 0.016 0.027 0.031 0.025 0.012 0.005 0.002 0.001 0.000 0.000 0.000 0.000 0.000 0.000 0.000 0.000 0.000 0.000 0.000 0.000 0.000 0.000 0.000 0.000 0.000 0.000
0.000 0.000 0.000 0.000 0.000 0.000 0.000 0.000 0.000 0.000 0.000 0.000 0.001 0.007 0.043 0.194 0.613 1.432 2.770 4.847 7.503 9.352 10.249 10.464 10.355 9.911 9.123 8.113 7.239 6.524 5.975 5.546 5.082 4.406 3.288 2.118 1.273 0.797 0.552 0.440 0.386 0.354 0.322 0.281 0.221 0.145 0.077 0.034 0.013 0.004 0.002 0.001 0.003 0.004 0.004 0.002 0.001 0.000 0.000 0.000 0.000 0.000 0.000 0.000 0.000 0.000 0.000 0.000 0.000 0.000 0.000 0.000 0.000 0.000 0.000 0.000 0.000
0.000 0.000 0.000 0.000 0.000 0.000 0.000 0.000 0.000 0.000 0.000 0.000 0.001 0.003 0.015 0.073 0.288 0.872 2.085 4.149 7.038 9.263 10.407 10.774 10.695 10.243 9.400 8.268 7.235 6.416 5.699 4.959 4.007 2.714 1.423 0.652 0.282 0.135 0.078 0.059 0.058 0.062 0.066 0.066 0.059 0.041 0.020 0.008 0.003 0.001 0.000 0.000 0.000 0.001 0.001 0.000 0.000 0.000 0.000 0.000 0.000 0.000 0.000 0.000 0.000 0.000 0.000 0.000 0.000 0.000 0.000 0.000 0.000 0.000 0.000 0.000 0.000
0.000 0.000 0.000 0.000 0.000 0.000 0.000 0.000 0.000 0.000 0.000 0.001 0.001 0.003 0.007 0.022 0.083 0.293 0.878 2.154 4.306 6.568 8.100 8.890 9.067 8.832 8.208 7.264 6.244 5.264 4.220 3.089 1.944 0.984 0.435 0.179 0.068 0.027 0.013 0.010 0.010 0.012 0.015 0.016 0.016 0.013 0.007 0.002 0.001 0.000 0.000 0.000 0.000 0.000 0.000 0.000 0.000 0.000 0.000 0.000 0.000 0.000 0.000 0.000 0.000 0.000 0.000 0.000 0.000 0.000 0.000 0.000 0.000 0.000 0.000 0.000 0.000
0.000 0.000 0.000 0.000 0.000 0.000 0.000 0.000 0.000 0.000 0.001 0.001 0.002 0.004 0.007 0.015 0.037 0.111 0.343 0.875 1.752 2.792 3.614 4.105 4.284 4.270 4.070 3.700 3.158 2.490 1.768 1.123 0.646 0.334 0.153 0.061 0.023 0.010 0.006 0.005 0.006 0.007 0.008 0.009 0.008 0.007 0.003 0.001 0.001 0.000 0.000 0.000 0.000 0.000 0.000 0.000 0.000 0.000 0.000 0.000 0.000 0.000 0.000 0.000 0.000 0.000 0.000 0.000 0.000 0.000 0.000 0.000 0.000 0.000 0.000 0.000 0.000
