RESULTS/r.avaflow_results/33_results/33_ascii/33_hflow30052.asc
ncols 506
nrows 317
xllcenter 498237.50
yllcenter 5580050.00
cellsize 12.50
NODATA_value -9999.000
[rows 170 to 203 of 317, columns 231 to 307 of 506]
0.085 0.064 0.051 0.043 0.040 0.039 0.040 0.043 0.055 0.087 0.126 0.141 0.141 0.129 0.095 0.055 0.033 0.022 0.015 0.011 0.007 0.005 0.003 0.002 0.001 0.000 0.000 0.000 0.000 0.000 0.000 0.000 0.000 0.000 0.000 0.000 0.000 0.000 0.000 0.000 0.000 0.000 0.000 0.000 0.000 0.000 0.000 0.000 0.000 0.000 0.000 0.000 0.000 0.000 0.000 0.000 0.000 0.000 0.000 0.000 0.000 0.000 0.000 0.000 0.000 0.000 0.000 0.000 0.000 0.000 0.000 0.000 0.000 0.000 0.000 0.000 0.000
0.129 0.090 0.067 0.055 0.050 0.049 0.051 0.062 0.098 0.195 0.314 0.359 0.355 0.311 0.211 0.107 0.055 0.032 0.021 0.014 0.010 0.007 0.004 0.003 0.002 0.001 0.000 0.000 0.000 0.000 0.000 0.000 0.000 0.000 0.000 0.000 0.000 0.000 0.000 0.000 0.000 0.000 0.000 0.000 0.000 0.000 0.000 0.000 0.000 0.000 0.000 0.000 0.000 0.000 0.000 0.000 0.000 0.000 0.000 0.000 0.000 0.000 0.000 0.000 0.000 0.000 0.000 0.000 0.000 0.000 0.000 0.000 0.000 0.000 0.000 0.000 0.000
0.209 0.134 0.092 0.071 0.063 0.062 0.066 0.090 0.174 0.396 0.675 0.786 0.775 0.669 0.448 0.219 0.100 0.050 0.028 0.018 0.012 0.009 0.006 0.004 0.002 0.001 0.000 0.000 0.000 0.000 0.000 0.000 0.000 0.000 0.000 0.000 0.000 0.000 0.000 0.000 0.000 0.000 0.000 0.000 0.000 0.000 0.000 0.000 0.000 0.000 0.000 0.000 0.000 0.000 0.000 0.000 0.000 0.000 0.000 0.000 0.000 0.000 0.000 0.000 0.000 0.000 0.000 0.000 0.000 0.000 0.000 0.000 0.000 0.000 0.000 0.000 0.000
0.305 0.207 0.134 0.095 0.080 0.077 0.082 0.114 0.229 0.542 0.964 1.148 1.142 0.998 0.690 0.354 0.162 0.075 0.038 0.023 0.015 0.011 0.008 0.005 0.003 0.002 0.001 0.000 0.000 0.000 0.000 0.000 0.000 0.000 0.000 0.000 0.000 0.000 0.000 0.000 0.000 0.000 0.000 0.000 0.000 0.000 0.000 0.000 0.000 0.000 0.000 0.000 0.000 0.000 0.000 0.000 0.000 0.000 0.000 0.000 0.000 0.000 0.000 0.000 0.000 0.000 0.000 0.000 0.000 0.000 0.000 0.000 0.000 0.000 0.000 0.000 0.000
0.366 0.293 0.206 0.136 0.103 0.095 0.098 0.131 0.252 0.583 1.051 1.266 1.268 1.120 0.793 0.426 0.204 0.097 0.049 0.028 0.019 0.013 0.009 0.007 0.005 0.003 0.002 0.001 0.000 0.000 0.000 0.000 0.000 0.000 0.000 0.000 0.000 0.000 0.000 0.000 0.000 0.000 0.000 0.000 0.000 0.000 0.000 0.000 0.000 0.000 0.000 0.000 0.000 0.000 0.000 0.000 0.000 0.000 0.000 0.000 0.000 0.000 0.000 0.000 0.000 0.000 0.000 0.000 0.000 0.000 0.000 0.000 0.000 0.000 0.000 0.000 0.000
0.380 0.342 0.279 0.196 0.137 0.117 0.118 0.146 0.259 0.569 1.008 1.219 1.229 1.096 0.794 0.442 0.224 0.114 0.061 0.035 0.022 0.015 0.011 0.008 0.006 0.004 0.003 0.001 0.001 0.000 0.000 0.000 0.000 0.000 0.000 0.000 0.000 0.000 0.000 0.000 0.000 0.000 0.000 0.000 0.000 0.000 0.000 0.000 0.000 0.000 0.000 0.000 0.000 0.000 0.000 0.000 0.000 0.000 0.000 0.000 0.000 0.000 0.000 0.000 0.000 0.000 0.000 0.000 0.000 0.000 0.000 0.000 0.000 0.000 0.000 0.000 0.000
0.366 0.350 0.313 0.249 0.180 0.147 0.143 0.164 0.257 0.500 0.821 0.983 1.003 0.919 0.705 0.422 0.229 0.124 0.069 0.040 0.026 0.018 0.013 0.010 0.007 0.005 0.004 0.002 0.001 0.001 0.000 0.000 0.000 0.000 0.000 0.000 0.000 0.000 0.000 0.000 0.000 0.000 0.000 0.000 0.000 0.000 0.000 0.000 0.000 0.000 0.000 0.000 0.000 0.000 0.000 0.000 0.000 0.000 0.000 0.000 0.000 0.000 0.000 0.000 0.000 0.000 0.000 0.000 0.000 0.000 0.000 0.000 0.000 0.000 0.000 0.000 0.000
0.327 0.332 0.315 0.277 0.225 0.190 0.181 0.194 0.256 0.398 0.549 0.616 0.625 0.593 0.498 0.344 0.212 0.125 0.073 0.044 0.029 0.020 0.015 0.012 0.009 0.007 0.005 0.003 0.002 0.001 0.000 0.000 0.000 0.000 0.000 0.000 0.000 0.000 0.000 0.000 0.000 0.000 0.000 0.000 0.000 0.000 0.000 0.000 0.000 0.000 0.000 0.000 0.000 0.000 0.000 0.000 0.000 0.000 0.000 0.000 0.000 0.000 0.000 0.000 0.000 0.000 0.000 0.000 0.000 0.000 0.000 0.000 0.000 0.000 0.000 0.000 0.000
0.264 0.290 0.296 0.283 0.257 0.239 0.235 0.242 0.277 0.345 0.390 0.401 0.387 0.352 0.298 0.230 0.166 0.113 0.073 0.047 0.032 0.023 0.018 0.014 0.011 0.008 0.006 0.005 0.003 0.002 0.001 0.000 0.000 0.000 0.000 0.000 0.000 0.000 0.000 0.000 0.000 0.000 0.000 0.000 0.000 0.000 0.000 0.000 0.000 0.000 0.000 0.000 0.000 0.000 0.000 0.000 0.000 0.000 0.000 0.000 0.000 0.000 0.000 0.000 0.000 0.000 0.000 0.000 0.000 0.000 0.000 0.000 0.000 0.000 0.000 0.000 0.000
0.199 0.237 0.262 0.270 0.267 0.267 0.273 0.287 0.310 0.330 0.332 0.316 0.282 0.238 0.195 0.156 0.122 0.093 0.068 0.048 0.035 0.026 0.020 0.016 0.013 0.010 0.008 0.006 0.004 0.003 0.002 0.001 0.000 0.000 0.000 0.000 0.000 0.000 0.000 0.000 0.000 0.000 0.000 0.000 0.000 0.000 0.000 0.000 0.000 0.000 0.000 0.000 0.000 0.000 0.000 0.000 0.000 0.000 0.000 0.000 0.000 0.000 0.000 0.000 0.000 0.000 0.000 0.000 0.000 0.000 0.000 0.000 0.000 0.000 0.000 0.000 0.000
0.156 0.191 0.222 0.245 0.260 0.273 0.288 0.309 0.326 0.329 0.316 0.282 0.231 0.184 0.148 0.121 0.101 0.082 0.065 0.050 0.039 0.030 0.024 0.019 0.016 0.013 0.010 0.008 0.006 0.005 0.003 0.002 0.001 0.001 0.000 0.000 0.000 0.000 0.000 0.000 0.000 0.000 0.000 0.000 0.000 0.000 0.000 0.000 0.000 0.000 0.000 0.000 0.000 0.000 0.000 0.000 0.000 0.000 0.000 0.000 0.000 0.000 0.000 0.000 0.000 0.000 0.000 0.000 0.000 0.000 0.000 0.000 0.000 0.000 0.000 0.000 0.000
0.130 0.156 0.182 0.208 0.235 0.262 0.289 0.314 0.328 0.328 0.308 0.261 0.201 0.156 0.125 0.106 0.092 0.080 0.067 0.054 0.044 0.035 0.029 0.024 0.020 0.016 0.013 0.011 0.008 0.007 0.005 0.004 0.002 0.001 0.001 0.000 0.000 0.000 0.000 0.000 0.000 0.000 0.000 0.000 0.000 0.000 0.000 0.000 0.000 0.000 0.000 0.000 0.000 0.000 0.000 0.000 0.000 0.000 0.000 0.000 0.000 0.000 0.000 0.000 0.000 0.000 0.000 0.000 0.000 0.000 0.000 0.000 0.000 0.000 0.000 0.000 0.000
0.114 0.132 0.153 0.174 0.199 0.231 0.272 0.305 0.321 0.321 0.298 0.247 0.186 0.143 0.115 0.099 0.089 0.081 0.071 0.060 0.050 0.042 0.035 0.030 0.026 0.021 0.018 0.014 0.011 0.009 0.007 0.005 0.004 0.003 0.002 0.001 0.000 0.000 0.000 0.000 0.000 0.000 0.000 0.000 0.000 0.000 0.000 0.000 0.000 0.000 0.000 0.000 0.000 0.000 0.000 0.000 0.000 0.000 0.000 0.000 0.000 0.000 0.000 0.000 0.000 0.000 0.000 0.000 0.000 0.000 0.000 0.000 0.000 0.000 0.000 0.000 0.000
0.105 0.121 0.139 0.160 0.181 0.208 0.247 0.281 0.298 0.299 0.282 0.239 0.182 0.139 0.112 0.098 0.090 0.084 0.077 0.068 0.059 0.051 0.045 0.040 0.035 0.030 0.025 0.020 0.016 0.013 0.010 0.008 0.006 0.004 0.003 0.002 0.001 0.001 0.000 0.000 0.000 0.000 0.000 0.000 0.000 0.000 0.000 0.000 0.000 0.000 0.000 0.000 0.000 0.000 0.000 0.000 0.000 0.000 0.000 0.000 0.000 0.000 0.000 0.000 0.000 0.000 0.000 0.000 0.000 0.000 0.000 0.000 0.000 0.000 0.000 0.000 0.000
0.102 0.118 0.136 0.157 0.178 0.203 0.237 0.266 0.280 0.282 0.273 0.239 0.185 0.141 0.114 0.099 0.092 0.088 0.084 0.077 0.070 0.066 0.062 0.059 0.054 0.048 0.039 0.029 0.022 0.017 0.013 0.010 0.008 0.006 0.005 0.004 0.003 0.002 0.001 0.001 0.000 0.000 0.000 0.000 0.000 0.000 0.000 0.000 0.000 0.000 0.000 0.000 0.000 0.000 0.000 0.000 0.000 0.000 0.000 0.000 0.000 0.000 0.000 0.000 0.000 0.000 0.000 0.000 0.000 0.000 0.000 0.000 0.000 0.000 0.000 0.000 0.000
0.103 0.118 0.138 0.160 0.182 0.206 0.238 0.266 0.280 0.283 0.277 0.253 0.209 0.163 0.130 0.111 0.100 0.095 0.091 0.088 0.086 0.088 0.093 0.094 0.092 0.084 0.069 0.048 0.032 0.024 0.018 0.014 0.011 0.009 0.007 0.006 0.004 0.003 0.002 0.001 0.001 0.000 0.000 0.000 0.000 0.000 0.000 0.000 0.000 0.000 0.000 0.000 0.000 0.000 0.000 0.000 0.000 0.000 0.000 0.000 0.000 0.000 0.000 0.000 0.000 0.000 0.000 0.000 0.000 0.000 0.000 0.000 0.000 0.000 0.000 0.000 0.000
0.109 0.125 0.147 0.172 0.197 0.222 0.253 0.290 0.313 0.323 0.323 0.312 0.283 0.238 0.186 0.145 0.121 0.109 0.105 0.105 0.110 0.125 0.150 0.165 0.168 0.159 0.132 0.086 0.050 0.032 0.024 0.019 0.015 0.012 0.010 0.008 0.007 0.005 0.004 0.003 0.002 0.001 0.000 0.000 0.000 0.000 0.000 0.000 0.000 0.000 0.000 0.000 0.000 0.000 0.000 0.000 0.000 0.000 0.000 0.000 0.000 0.000 0.000 0.000 0.000 0.000 0.000 0.000 0.000 0.000 0.000 0.000 0.000 0.000 0.000 0.000 0.000
0.125 0.145 0.170 0.197 0.225 0.256 0.303 0.384 0.455 0.490 0.503 0.503 0.486 0.432 0.331 0.232 0.173 0.144 0.135 0.137 0.152 0.191 0.259 0.308 0.324 0.316 0.266 0.166 0.084 0.047 0.032 0.024 0.020 0.017 0.014 0.012 0.010 0.008 0.006 0.005 0.003 0.002 0.001 0.001 0.000 0.000 0.000 0.000 0.000 0.000 0.000 0.000 0.000 0.000 0.000 0.000 0.000 0.000 0.000 0.000 0.000 0.000 0.000 0.000 0.000 0.000 0.000 0.000 0.000 0.000 0.000 0.000 0.000 0.000 0.000 0.000 0.000
0.142 0.170 0.199 0.232 0.267 0.317 0.423 0.632 0.820 0.907 0.933 0.934 0.901 0.800 0.610 0.409 0.285 0.222 0.202 0.204 0.232 0.322 0.479 0.589 0.629 0.616 0.519 0.317 0.148 0.072 0.044 0.032 0.026 0.022 0.019 0.016 0.014 0.012 0.010 0.008 0.006 0.004 0.002 0.001 0.001 0.000 0.000 0.000 0.000 0.000 0.000 0.000 0.000 0.000 0.000 0.000 0.000 0.000 0.000 0.000 0.000 0.000 0.000 0.000 0.000 0.000 0.000 0.000 0.000 0.000 0.000 0.000 0.000 0.000 0.000 0.000 0.000
0.146 0.178 0.211 0.251 0.313 0.424 0.665 1.088 1.418 1.543 1.551 1.510 1.419 1.256 0.984 0.684 0.482 0.374 0.336 0.336 0.397 0.600 0.910 1.094 1.143 1.102 0.906 0.539 0.254 0.118 0.064 0.044 0.034 0.029 0.025 0.022 0.019 0.017 0.015 0.012 0.010 0.007 0.004 0.003 0.001 0.001 0.000 0.000 0.000 0.000 0.000 0.000 0.000 0.000 0.000 0.000 0.000 0.000 0.000 0.000 0.000 0.000 0.000 0.000 0.000 0.000 0.000 0.000 0.000 0.000 0.000 0.000 0.000 0.000 0.000 0.000 0.000
0.137 0.171 0.207 0.252 0.335 0.519 0.909 1.478 1.837 1.945 1.933 1.863 1.744 1.558 1.267 0.961 0.748 0.618 0.569 0.583 0.735 1.150 1.631 1.852 1.864 1.692 1.267 0.714 0.351 0.175 0.097 0.063 0.047 0.038 0.033 0.030 0.027 0.025 0.022 0.019 0.016 0.011 0.007 0.005 0.003 0.001 0.000 0.000 0.000 0.000 0.000 0.000 0.000 0.000 0.000 0.000 0.000 0.000 0.000 0.000 0.000 0.000 0.000 0.000 0.000 0.000 0.000 0.000 0.000 0.000 0.000 0.000 0.000 0.000 0.000 0.000 0.000
0.104 0.138 0.177 0.231 0.329 0.547 1.003 1.619 1.976 2.072 2.060 1.998 1.890 1.713 1.427 1.150 0.986 0.912 0.902 0.987 1.300 1.881 2.340 2.487 2.425 2.097 1.460 0.798 0.407 0.219 0.132 0.090 0.067 0.054 0.046 0.042 0.039 0.037 0.035 0.031 0.025 0.017 0.011 0.007 0.004 0.002 0.001 0.000 0.000 0.000 0.000 0.000 0.000 0.000 0.000 0.000 0.000 0.000 0.000 0.000 0.000 0.000 0.000 0.000 0.000 0.000 0.000 0.000 0.000 0.000 0.000 0.000 0.000 0.000 0.000 0.000 0.000
0.061 0.084 0.118 0.174 0.279 0.506 0.967 1.583 1.944 2.052 2.054 2.016 1.931 1.772 1.501 1.260 1.148 1.128 1.182 1.370 1.771 2.331 2.677 2.766 2.674 2.267 1.516 0.816 0.426 0.240 0.152 0.108 0.085 0.072 0.064 0.059 0.057 0.056 0.055 0.050 0.040 0.026 0.016 0.010 0.005 0.003 0.001 0.000 0.000 0.000 0.000 0.000 0.000 0.000 0.000 0.000 0.000 0.000 0.000 0.000 0.000 0.000 0.000 0.000 0.000 0.000 0.000 0.000 0.000 0.000 0.000 0.000 0.000 0.000 0.000 0.000 0.000
0.035 0.046 0.064 0.098 0.175 0.360 0.750 1.319 1.721 1.902 1.964 1.967 1.918 1.777 1.519 1.311 1.239 1.248 1.342 1.568 1.959 2.427 2.705 2.771 2.671 2.246 1.466 0.781 0.413 0.238 0.154 0.113 0.092 0.081 0.076 0.073 0.072 0.072 0.070 0.064 0.050 0.032 0.019 0.011 0.006 0.003 0.001 0.000 0.000 0.000 0.000 0.000 0.000 0.000 0.000 0.000 0.000 0.000 0.000 0.000 0.000 0.000 0.000 0.000 0.000 0.000 0.000 0.000 0.000 0.000 0.000 0.000 0.000 0.000 0.000 0.000 0.000
0.022 0.028 0.036 0.051 0.085 0.170 0.383 0.788 1.242 1.563 1.739 1.811 1.810 1.720 1.501 1.318 1.267 1.287 1.386 1.594 1.913 2.223 2.394 2.429 2.308 1.890 1.179 0.616 0.331 0.202 0.140 0.108 0.091 0.083 0.080 0.079 0.079 0.078 0.075 0.068 0.053 0.034 0.021 0.012 0.007 0.003 0.001 0.000 0.000 0.000 0.000 0.000 0.000 0.000 0.000 0.000 0.000 0.000 0.000 0.000 0.000 0.000 0.000 0.000 0.000 0.000 0.000 0.000 0.000 0.000 0.000 0.000 0.000 0.000 0.000 0.000 0.000
0.016 0.019 0.023 0.030 0.043 0.073 0.150 0.324 0.628 0.991 1.303 1.478 1.536 1.511 1.386 1.263 1.236 1.257 1.329 1.430 1.533 1.561 1.544 1.497 1.361 1.049 0.603 0.307 0.173 0.120 0.097 0.086 0.080 0.078 0.078 0.078 0.078 0.077 0.074 0.067 0.053 0.034 0.021 0.012 0.007 0.003 0.001 0.000 0.000 0.000 0.000 0.000 0.000 0.000 0.000 0.000 0.000 0.000 0.000 0.000 0.000 0.000 0.000 0.000 0.000 0.000 0.000 0.000 0.000 0.000 0.000 0.000 0.000 0.000 0.000 0.000 0.000
0.011 0.014 0.016 0.020 0.026 0.037 0.061 0.117 0.234 0.435 0.698 0.914 1.038 1.090 1.087 1.061 1.061 1.070 1.059 0.966 0.819 0.692 0.618 0.558 0.483 0.358 0.203 0.112 0.074 0.060 0.055 0.055 0.057 0.063 0.068 0.070 0.070 0.069 0.066 0.060 0.048 0.032 0.020 0.012 0.006 0.003 0.001 0.000 0.000 0.000 0.000 0.000 0.000 0.000 0.000 0.000 0.000 0.000 0.000 0.000 0.000 0.000 0.000 0.000 0.000 0.000 0.000 0.000 0.000 0.000 0.000 0.000 0.000 0.000 0.000 0.000 0.000
0.008 0.010 0.012 0.015 0.018 0.023 0.032 0.048 0.082 0.152 0.273 0.405 0.501 0.570 0.626 0.666 0.679 0.658 0.572 0.427 0.307 0.240 0.203 0.176 0.148 0.111 0.071 0.047 0.038 0.035 0.034 0.035 0.037 0.042 0.048 0.052 0.052 0.052 0.050 0.045 0.037 0.026 0.017 0.010 0.006 0.003 0.001 0.000 0.000 0.000 0.000 0.000 0.000 0.000 0.000 0.000 0.000 0.000 0.000 0.000 0.000 0.000 0.000 0.000 0.000 0.000 0.000 0.000 0.000 0.000 0.000 0.000 0.000 0.000 0.000 0.000 0.000
0.006 0.007 0.009 0.011 0.013 0.016 0.020 0.026 0.037 0.057 0.097 0.153 0.204 0.248 0.284 0.304 0.304 0.282 0.227 0.154 0.110 0.087 0.075 0.065 0.056 0.045 0.034 0.027 0.024 0.024 0.024 0.024 0.025 0.028 0.031 0.033 0.034 0.033 0.032 0.029 0.024 0.018 0.012 0.008 0.004 0.002 0.001 0.000 0.000 0.000 0.000 0.000 0.000 0.000 0.000 0.000 0.000 0.000 0.000 0.000 0.000 0.000 0.000 0.000 0.000 0.000 0.000 0.000 0.000 0.000 0.000 0.000 0.000 0.000 0.000 0.000 0.000
0.004 0.005 0.006 0.008 0.009 0.011 0.014 0.017 0.022 0.029 0.042 0.063 0.086 0.107 0.121 0.126 0.125 0.113 0.089 0.063 0.049 0.041 0.037 0.033 0.030 0.026 0.022 0.019 0.018 0.017 0.017 0.018 0.018 0.020 0.021 0.022 0.022 0.022 0.021 0.019 0.016 0.012 0.008 0.005 0.003 0.001 0.000 0.000 0.000 0.000 0.000 0.000 0.000 0.000 0.000 0.000 0.000 0.000 0.000 0.000 0.000 0.000 0.000 0.000 0.000 0.000 0.000 0.000 0.000 0.000 0.000 0.000 0.000 0.000 0.000 0.000 0.000
0.002 0.003 0.004 0.005 0.007 0.008 0.010 0.012 0.015 0.019 0.024 0.033 0.043 0.052 0.057 0.058 0.057 0.052 0.043 0.033 0.028 0.025 0.023 0.022 0.020 0.018 0.016 0.014 0.013 0.013 0.013 0.013 0.013 0.014 0.015 0.015 0.015 0.015 0.014 0.013 0.011 0.008 0.005 0.003 0.002 0.001 0.000 0.000 0.000 0.000 0.000 0.000 0.000 0.000 0.000 0.000 0.000 0.000 0.000 0.000 0.000 0.000 0.000 0.000 0.000 0.000 0.000 0.000 0.000 0.000 0.000 0.000 0.000 0.000 0.000 0.000 0.000
0.001 0.002 0.002 0.003 0.004 0.006 0.007 0.009 0.011 0.013 0.016 0.020 0.025 0.029 0.031 0.031 0.031 0.029 0.025 0.021 0.019 0.018 0.016 0.015 0.014 0.013 0.011 0.010 0.010 0.009 0.009 0.009 0.009 0.010 0.010 0.010 0.010 0.010 0.009 0.008 0.007 0.005 0.003 0.002 0.001 0.000 0.000 0.000 0.000 0.000 0.000 0.000 0.000 0.000 0.000 0.000 0.000 0.000 0.000 0.000 0.000 0.000 0.000 0.000 0.000 0.000 0.000 0.000 0.000 0.000 0.000 0.000 0.000 0.000 0.000 0.000 0.000
0.000 0.001 0.001 0.002 0.003 0.004 0.005 0.006 0.007 0.009 0.011 0.014 0.016 0.018 0.018 0.019 0.019 0.018 0.017 0.015 0.014 0.013 0.012 0.011 0.010 0.009 0.008 0.007 0.007 0.006 0.006 0.006 0.006 0.006 0.006 0.006 0.006 0.006 0.006 0.005 0.004 0.003 0.002 0.001 0.000 0.000 0.000 0.000 0.000 0.000 0.000 0.000 0.000 0.000 0.000 0.000 0.000 0.000 0.000 0.000 0.000 0.000 0.000 0.000 0.000 0.000 0.000 0.000 0.000 0.000 0.000 0.000 0.000 0.000 0.000 0.000 0.000
0.000 0.000 0.000 0.001 0.001 0.002 0.003 0.004 0.005 0.006 0.008 0.009 0.011 0.011 0.012 0.012 0.012 0.012 0.011 0.010 0.009 0.009 0.008 0.007 0.007 0.006 0.005 0.005 0.004 0.004 0.004 0.004 0.004 0.004 0.004 0.004 0.004 0.004 0.003 0.003 0.002 0.001 0.001 0.000 0.000 0.000 0.000 0.000 0.000 0.000 0.000 0.000 0.000 0.000 0.000 0.000 0.000 0.000 0.000 0.000 0.000 0.000 0.000 0.000 0.000 0.000 0.000 0.000 0.000 0.000 0.000 0.000 0.000 0.000 0.000 0.000 0.000
