RESULTS/r.avaflow_results/33_results/33_ascii/33_hflow10033.asc
ncols 506
nrows 317
xllcenter 498237.50
yllcenter 5580050.00
cellsize 12.50
NODATA_value -9999.000
[rows 170 to 203 of 317, columns 77 to 153 of 506]
0.000 0.000 0.000 0.000 0.000 0.000 0.000 0.000 0.000 0.000 0.000 0.000 0.000 0.001 0.002 0.003 0.005 0.007 0.008 0.009 0.011 0.013 0.019 0.036 0.071 0.113 0.138 0.152 0.165 0.178 0.192 0.206 0.218 0.229 0.243 0.267 0.305 0.336 0.348 0.346 0.323 0.270 0.230 0.224 0.265 0.383 0.560 0.763 1.000 1.324 1.815 2.607 3.753 4.814 5.353 5.483 5.497 5.551 5.621 5.651 5.638 5.543 5.326 4.984 4.529 3.953 3.296 2.697 2.186 1.755 1.394 1.104 0.869 0.681 0.531 0.411 0.318
0.000 0.000 0.000 0.000 0.000 0.000 0.000 0.000 0.000 0.000 0.000 0.000 0.001 0.003 0.006 0.010 0.014 0.019 0.023 0.027 0.032 0.040 0.059 0.093 0.143 0.182 0.203 0.217 0.231 0.246 0.261 0.277 0.293 0.309 0.332 0.371 0.430 0.475 0.491 0.486 0.455 0.398 0.372 0.415 0.592 0.907 1.280 1.665 2.116 2.704 3.487 4.444 5.362 5.926 6.119 6.122 6.105 6.107 6.117 6.101 6.041 5.898 5.643 5.255 4.740 4.097 3.399 2.785 2.262 1.823 1.459 1.162 0.920 0.723 0.564 0.438 0.339
0.000 0.000 0.000 0.000 0.000 0.000 0.000 0.000 0.000 0.000 0.001 0.002 0.005 0.009 0.015 0.022 0.030 0.040 0.052 0.064 0.078 0.100 0.138 0.190 0.238 0.266 0.283 0.298 0.314 0.330 0.348 0.368 0.389 0.412 0.444 0.498 0.578 0.643 0.672 0.675 0.653 0.623 0.664 0.873 1.307 1.882 2.448 3.024 3.725 4.542 5.324 5.980 6.416 6.613 6.651 6.639 6.609 6.565 6.519 6.462 6.359 6.174 5.874 5.440 4.874 4.183 3.467 2.848 2.325 1.883 1.515 1.208 0.958 0.753 0.588 0.457 0.354
0.000 0.000 0.000 0.000 0.000 0.000 0.000 0.000 0.000 0.001 0.002 0.005 0.010 0.018 0.027 0.039 0.055 0.073 0.096 0.122 0.154 0.197 0.257 0.312 0.346 0.366 0.383 0.400 0.417 0.437 0.458 0.482 0.507 0.537 0.579 0.645 0.740 0.836 0.901 0.943 0.974 1.043 1.274 1.776 2.527 3.314 4.025 4.741 5.479 6.160 6.702 7.044 7.186 7.211 7.167 7.092 7.024 6.946 6.862 6.764 6.621 6.396 6.046 5.561 4.948 4.219 3.508 2.894 2.370 1.926 1.553 1.239 0.982 0.771 0.602 0.468 0.362
0.000 0.000 0.000 0.000 0.000 0.000 0.000 0.000 0.000 0.001 0.005 0.010 0.018 0.030 0.044 0.063 0.088 0.118 0.156 0.203 0.259 0.329 0.397 0.444 0.470 0.489 0.508 0.527 0.547 0.570 0.594 0.621 0.651 0.686 0.736 0.811 0.919 1.052 1.190 1.327 1.485 1.771 2.338 3.216 4.212 5.079 5.778 6.380 6.916 7.360 7.674 7.821 7.847 7.796 7.652 7.487 7.371 7.260 7.150 7.015 6.829 6.559 6.166 5.635 4.982 4.233 3.530 2.920 2.397 1.950 1.572 1.255 0.994 0.782 0.611 0.475 0.368
0.000 0.000 0.000 0.000 0.000 0.000 0.000 0.000 0.000 0.002 0.006 0.014 0.025 0.042 0.065 0.094 0.131 0.178 0.237 0.309 0.395 0.482 0.549 0.591 0.618 0.641 0.664 0.686 0.709 0.734 0.760 0.789 0.821 0.860 0.911 0.992 1.119 1.300 1.542 1.841 2.220 2.846 3.877 5.104 6.129 6.867 7.362 7.744 8.065 8.298 8.432 8.474 8.443 8.319 8.096 7.839 7.659 7.531 7.393 7.226 7.002 6.683 6.243 5.667 4.987 4.231 3.538 2.929 2.405 1.956 1.577 1.260 0.998 0.785 0.614 0.477 0.369
0.000 0.000 0.000 0.000 0.000 0.000 0.000 0.000 0.000 0.002 0.007 0.016 0.030 0.051 0.081 0.124 0.181 0.254 0.342 0.450 0.563 0.659 0.726 0.771 0.804 0.831 0.856 0.882 0.908 0.934 0.962 0.989 1.018 1.054 1.100 1.170 1.304 1.527 1.856 2.309 2.938 3.960 5.483 6.902 7.845 8.410 8.690 8.866 8.986 9.052 9.066 9.028 8.931 8.753 8.491 8.177 7.926 7.760 7.601 7.407 7.146 6.776 6.281 5.673 4.977 4.221 3.531 2.924 2.400 1.951 1.572 1.256 0.995 0.784 0.613 0.476 0.368
0.000 0.000 0.000 0.000 0.000 0.000 0.000 0.000 0.000 0.002 0.007 0.016 0.031 0.055 0.091 0.142 0.216 0.319 0.458 0.624 0.765 0.872 0.948 1.001 1.038 1.067 1.094 1.122 1.150 1.177 1.203 1.224 1.243 1.267 1.294 1.337 1.456 1.699 2.084 2.637 3.440 4.777 6.731 8.322 9.246 9.651 9.750 9.775 9.720 9.651 9.572 9.465 9.309 9.098 8.828 8.502 8.203 7.980 7.781 7.539 7.221 6.803 6.282 5.660 4.944 4.187 3.497 2.893 2.373 1.927 1.551 1.238 0.981 0.772 0.606 0.471 0.364
0.000 0.000 0.000 0.000 0.000 0.000 0.000 0.000 0.000 0.002 0.007 0.016 0.031 0.056 0.094 0.150 0.233 0.357 0.537 0.784 1.001 1.138 1.232 1.293 1.333 1.363 1.390 1.416 1.442 1.464 1.483 1.495 1.501 1.501 1.488 1.498 1.585 1.821 2.237 2.857 3.768 5.291 7.591 9.396 10.309 10.576 10.555 10.456 10.256 10.084 9.935 9.780 9.589 9.369 9.104 8.784 8.455 8.182 7.923 7.629 7.266 6.807 6.256 5.603 4.860 4.102 3.423 2.831 2.318 1.880 1.511 1.205 0.955 0.753 0.592 0.462 0.358
0.000 0.000 0.000 0.000 0.000 0.000 0.000 0.000 0.000 0.002 0.006 0.014 0.029 0.054 0.093 0.151 0.237 0.369 0.570 0.874 1.238 1.477 1.594 1.663 1.704 1.731 1.752 1.771 1.788 1.802 1.809 1.810 1.797 1.756 1.685 1.658 1.706 1.918 2.342 3.003 3.988 5.572 8.055 10.103 11.036 11.203 11.110 10.902 10.590 10.362 10.170 9.985 9.782 9.566 9.317 9.011 8.663 8.351 8.034 7.679 7.256 6.759 6.167 5.482 4.717 3.971 3.310 2.733 2.235 1.810 1.454 1.161 0.923 0.730 0.575 0.448 0.347
0.000 0.000 0.000 0.000 0.000 0.000 0.000 0.000 0.000 0.001 0.003 0.009 0.022 0.044 0.082 0.140 0.228 0.362 0.569 0.889 1.364 1.827 2.055 2.126 2.158 2.175 2.186 2.193 2.196 2.197 2.191 2.174 2.130 2.040 1.900 1.820 1.831 2.007 2.428 3.115 4.153 5.725 8.188 10.415 11.458 11.606 11.437 11.139 10.762 10.498 10.281 10.089 9.902 9.706 9.471 9.176 8.825 8.469 8.102 7.696 7.219 6.665 6.017 5.283 4.508 3.789 3.153 2.600 2.124 1.721 1.384 1.108 0.884 0.702 0.553 0.431 0.334
0.000 0.000 0.000 0.000 0.000 0.000 0.000 0.000 0.000 0.000 0.001 0.004 0.010 0.025 0.054 0.105 0.185 0.309 0.507 0.831 1.337 2.011 2.504 2.678 2.702 2.705 2.702 2.692 2.677 2.659 2.635 2.591 2.508 2.369 2.162 2.011 1.982 2.109 2.511 3.224 4.299 5.826 8.128 10.433 11.597 11.796 11.590 11.223 10.825 10.549 10.324 10.140 9.966 9.782 9.565 9.287 8.934 8.541 8.137 7.676 7.156 6.533 5.814 5.003 4.230 3.544 2.947 2.431 1.990 1.617 1.307 1.051 0.842 0.671 0.527 0.410 0.317
0.000 0.000 0.000 0.000 0.000 0.000 0.000 0.000 0.000 0.000 0.000 0.001 0.003 0.009 0.022 0.048 0.096 0.181 0.333 0.621 1.140 1.954 2.779 3.203 3.305 3.310 3.295 3.269 3.236 3.195 3.142 3.065 2.944 2.763 2.503 2.284 2.204 2.275 2.629 3.351 4.464 5.962 8.028 10.283 11.537 11.815 11.631 11.236 10.828 10.541 10.317 10.143 9.978 9.808 9.610 9.349 9.004 8.587 8.138 7.637 7.063 6.369 5.562 4.706 3.950 3.291 2.725 2.244 1.840 1.503 1.224 0.991 0.798 0.637 0.502 0.393 0.305
0.000 0.000 0.000 0.000 0.000 0.000 0.000 0.000 0.000 0.000 0.000 0.000 0.001 0.002 0.006 0.015 0.033 0.066 0.137 0.314 0.763 1.677 2.866 3.589 3.851 3.924 3.938 3.910 3.859 3.794 3.712 3.605 3.454 3.241 2.958 2.701 2.563 2.572 2.843 3.517 4.604 6.079 7.932 9.941 11.233 11.650 11.561 11.216 10.801 10.485 10.253 10.101 9.952 9.798 9.622 9.373 9.032 8.602 8.117 7.577 6.934 6.184 5.327 4.483 3.742 3.098 2.549 2.087 1.704 1.390 1.135 0.925 0.751 0.605 0.482 0.381 0.298
0.000 0.000 0.000 0.000 0.000 0.000 0.000 0.000 0.000 0.000 0.000 0.000 0.000 0.001 0.002 0.006 0.012 0.024 0.051 0.135 0.425 1.250 2.677 3.773 4.260 4.445 4.529 4.546 4.518 4.451 4.348 4.217 4.047 3.827 3.553 3.297 3.131 3.088 3.242 3.785 4.772 6.168 7.810 9.429 10.612 11.181 11.265 11.084 10.734 10.371 10.093 9.935 9.836 9.745 9.603 9.363 9.034 8.610 8.097 7.501 6.808 6.022 5.145 4.322 3.593 2.958 2.415 1.959 1.586 1.285 1.044 0.852 0.698 0.572 0.465 0.374 0.296
0.000 0.000 0.000 0.000 0.000 0.000 0.000 0.000 0.000 0.000 0.000 0.000 0.000 0.001 0.002 0.005 0.009 0.017 0.033 0.079 0.251 0.873 2.266 3.706 4.471 4.825 5.014 5.114 5.143 5.119 5.048 4.917 4.744 4.537 4.305 4.102 3.958 3.897 3.956 4.316 5.078 6.256 7.670 8.902 9.860 10.499 10.734 10.716 10.504 10.167 9.806 9.586 9.482 9.450 9.402 9.260 8.995 8.592 8.075 7.446 6.715 5.898 5.014 4.204 3.486 2.855 2.312 1.857 1.485 1.187 0.953 0.772 0.637 0.534 0.448 0.369 0.295
0.000 0.000 0.000 0.000 0.000 0.000 0.000 0.000 0.000 0.000 0.000 0.000 0.000 0.001 0.003 0.006 0.011 0.019 0.034 0.074 0.192 0.624 1.772 3.395 4.493 5.053 5.373 5.585 5.710 5.752 5.733 5.660 5.534 5.372 5.220 5.108 5.037 5.007 5.027 5.208 5.679 6.507 7.624 8.573 9.255 9.758 10.035 10.100 10.035 9.811 9.402 9.047 8.876 8.871 8.915 8.921 8.810 8.504 8.008 7.372 6.629 5.800 4.922 4.119 3.406 2.777 2.234 1.776 1.401 1.100 0.866 0.689 0.564 0.481 0.414 0.348 0.276
0.000 0.000 0.000 0.000 0.000 0.000 0.000 0.000 0.000 0.000 0.000 0.000 0.001 0.003 0.006 0.011 0.018 0.029 0.049 0.089 0.194 0.500 1.323 2.831 4.289 5.132 5.607 5.954 6.199 6.333 6.374 6.355 6.294 6.207 6.133 6.090 6.075 6.086 6.134 6.261 6.534 7.013 7.739 8.438 8.899 9.195 9.395 9.446 9.423 9.284 8.926 8.446 8.123 8.067 8.169 8.310 8.352 8.217 7.828 7.242 6.523 5.717 4.864 4.062 3.341 2.712 2.170 1.712 1.331 1.023 0.783 0.605 0.479 0.393 0.327 0.262 0.188
0.000 0.000 0.000 0.000 0.000 0.000 0.000 0.000 0.000 0.000 0.000 0.001 0.002 0.006 0.012 0.023 0.038 0.060 0.090 0.140 0.238 0.476 1.062 2.224 3.816 5.018 5.702 6.188 6.566 6.812 6.935 6.968 6.958 6.929 6.900 6.889 6.894 6.914 6.964 7.069 7.254 7.536 7.953 8.405 8.705 8.849 8.930 8.955 8.924 8.792 8.489 8.003 7.562 7.352 7.347 7.482 7.614 7.615 7.406 6.962 6.342 5.608 4.811 4.016 3.283 2.648 2.111 1.654 1.268 0.950 0.701 0.512 0.367 0.257 0.175 0.115 0.068
0.000 0.000 0.000 0.000 0.000 0.000 0.000 0.000 0.000 0.000 0.000 0.001 0.004 0.011 0.026 0.050 0.083 0.124 0.175 0.242 0.345 0.543 0.971 1.831 3.251 4.716 5.657 6.304 6.826 7.190 7.409 7.515 7.550 7.551 7.537 7.529 7.530 7.541 7.568 7.640 7.745 7.889 8.096 8.347 8.536 8.606 8.611 8.587 8.532 8.384 8.098 7.643 7.173 6.849 6.696 6.672 6.721 6.739 6.667 6.404 5.943 5.326 4.609 3.861 3.164 2.548 2.023 1.575 1.188 0.858 0.590 0.380 0.224 0.124 0.069 0.037 0.019
0.000 0.000 0.000 0.000 0.000 0.000 0.000 0.000 0.000 0.000 0.001 0.003 0.008 0.024 0.055 0.105 0.169 0.241 0.321 0.413 0.531 0.705 1.033 1.694 2.852 4.340 5.476 6.287 6.952 7.464 7.795 7.970 8.052 8.057 8.048 8.034 8.020 8.006 8.007 8.029 8.048 8.089 8.170 8.292 8.385 8.396 8.383 8.320 8.219 8.035 7.736 7.311 6.843 6.472 6.211 6.037 5.908 5.788 5.671 5.491 5.171 4.675 4.027 3.351 2.747 2.205 1.725 1.309 0.949 0.636 0.382 0.203 0.099 0.048 0.024 0.012 0.007
0.000 0.000 0.000 0.000 0.000 0.000 0.000 0.000 0.000 0.000 0.001 0.005 0.016 0.048 0.112 0.206 0.316 0.428 0.544 0.669 0.810 0.981 1.237 1.750 2.694 4.032 5.240 6.185 6.984 7.611 8.065 8.322 8.437 8.453 8.454 8.420 8.384 8.345 8.306 8.270 8.216 8.175 8.176 8.206 8.233 8.228 8.182 8.074 7.914 7.691 7.393 6.987 6.517 6.114 5.787 5.506 5.243 4.984 4.723 4.432 4.083 3.626 3.029 2.427 1.909 1.461 1.072 0.746 0.484 0.285 0.150 0.072 0.033 0.016 0.009 0.005 0.003
0.000 0.000 0.000 0.000 0.000 0.000 0.000 0.000 0.000 0.001 0.002 0.010 0.033 0.094 0.207 0.362 0.528 0.692 0.858 1.028 1.204 1.391 1.617 2.004 2.754 3.881 5.082 6.094 6.966 7.672 8.220 8.567 8.725 8.748 8.744 8.702 8.655 8.598 8.514 8.413 8.283 8.198 8.139 8.113 8.085 8.038 7.945 7.805 7.616 7.354 7.038 6.640 6.163 5.721 5.340 4.993 4.658 4.317 3.943 3.506 2.992 2.432 1.873 1.378 0.976 0.663 0.430 0.264 0.152 0.082 0.041 0.020 0.010 0.006 0.004 0.002 0.001
0.000 0.000 0.000 0.000 0.000 0.000 0.000 0.000 0.000 0.001 0.004 0.017 0.059 0.165 0.344 0.573 0.806 1.039 1.272 1.499 1.723 1.946 2.182 2.497 3.045 3.923 5.028 6.062 6.957 7.699 8.277 8.677 8.894 8.944 8.939 8.895 8.842 8.764 8.645 8.489 8.293 8.161 8.043 7.970 7.910 7.834 7.707 7.527 7.298 7.010 6.647 6.229 5.744 5.252 4.836 4.466 4.098 3.695 3.218 2.644 2.021 1.458 1.008 0.661 0.407 0.237 0.133 0.072 0.039 0.020 0.011 0.006 0.004 0.003 0.002 0.001 0.001
0.000 0.000 0.000 0.000 0.000 0.000 0.000 0.000 0.000 0.001 0.004 0.019 0.074 0.222 0.477 0.805 1.142 1.470 1.792 2.092 2.371 2.637 2.903 3.200 3.611 4.236 5.113 6.096 6.977 7.714 8.308 8.744 8.992 9.056 9.063 9.033 8.978 8.868 8.713 8.516 8.264 8.055 7.899 7.792 7.693 7.578 7.411 7.201 6.939 6.611 6.203 5.748 5.233 4.685 4.226 3.822 3.409 2.926 2.323 1.667 1.110 0.715 0.440 0.257 0.142 0.073 0.037 0.019 0.010 0.005 0.003 0.002 0.002 0.001 0.001 0.001 0.001
0.000 0.000 0.000 0.000 0.000 0.000 0.000 0.000 0.000 0.001 0.004 0.018 0.075 0.244 0.561 1.000 1.494 1.980 2.421 2.815 3.165 3.478 3.776 4.077 4.415 4.859 5.478 6.282 7.104 7.797 8.371 8.785 9.044 9.128 9.146 9.116 9.047 8.911 8.737 8.500 8.200 7.918 7.704 7.527 7.379 7.227 7.035 6.792 6.492 6.121 5.678 5.180 4.611 3.965 3.347 2.795 2.260 1.704 1.156 0.724 0.435 0.253 0.144 0.080 0.042 0.020 0.009 0.005 0.003 0.002 0.001 0.001 0.001 0.001 0.001 0.000 0.000
0.000 0.000 0.000 0.000 0.000 0.000 0.000 0.000 0.000 0.001 0.003 0.016 0.070 0.244 0.607 1.151 1.812 2.529 3.166 3.688 4.122 4.488 4.808 5.106 5.399 5.727 6.143 6.701 7.371 7.991 8.490 8.862 9.109 9.202 9.209 9.175 9.065 8.904 8.708 8.447 8.119 7.755 7.445 7.189 6.967 6.753 6.532 6.254 5.924 5.521 5.049 4.509 3.880 3.127 2.330 1.661 1.123 0.697 0.392 0.209 0.113 0.063 0.037 0.021 0.010 0.005 0.002 0.001 0.001 0.001 0.001 0.000 0.000 0.000 0.000 0.000 0.000
0.000 0.000 0.000 0.000 0.000 0.000 0.000 0.000 0.000 0.000 0.002 0.012 0.058 0.229 0.626 1.269 2.084 3.018 3.935 4.681 5.252 5.686 6.027 6.312 6.563 6.795 7.048 7.385 7.839 8.317 8.705 8.985 9.171 9.270 9.270 9.198 9.062 8.889 8.664 8.368 8.002 7.563 7.139 6.789 6.473 6.173 5.872 5.552 5.191 4.766 4.271 3.706 3.036 2.232 1.470 0.892 0.488 0.240 0.108 0.049 0.025 0.014 0.008 0.004 0.002 0.001 0.001 0.000 0.000 0.000 0.000 0.000 0.000 0.000 0.000 0.000 0.000
0.000 0.000 0.000 0.000 0.000 0.000 0.000 0.000 0.000 0.000 0.002 0.009 0.048 0.205 0.628 1.362 2.318 3.397 4.543 5.571 6.378 6.957 7.360 7.659 7.873 8.022 8.148 8.300 8.530 8.793 9.042 9.217 9.306 9.328 9.292 9.186 9.024 8.815 8.544 8.212 7.825 7.350 6.821 6.345 5.917 5.511 5.105 4.695 4.260 3.781 3.248 2.665 2.015 1.343 0.796 0.415 0.189 0.078 0.030 0.012 0.005 0.003 0.002 0.001 0.001 0.000 0.000 0.000 0.000 0.000 0.000 0.000 0.000 0.000 0.000 0.000 0.000
0.000 0.000 0.000 0.000 0.000 0.000 0.000 0.000 0.000 0.000 0.002 0.009 0.045 0.199 0.642 1.447 2.511 3.672 4.935 6.215 7.270 8.041 8.566 8.915 9.133 9.257 9.316 9.345 9.379 9.426 9.477 9.498 9.440 9.352 9.245 9.102 8.907 8.666 8.368 8.003 7.581 7.079 6.498 5.917 5.386 4.881 4.389 3.892 3.380 2.846 2.284 1.715 1.167 0.697 0.358 0.159 0.064 0.024 0.008 0.003 0.001 0.001 0.001 0.000 0.000 0.000 0.000 0.000 0.000 0.000 0.000 0.000 0.000 0.000 0.000 0.000 0.000
0.000 0.000 0.000 0.000 0.000 0.000 0.000 0.000 0.000 0.001 0.002 0.009 0.047 0.214 0.696 1.558 2.662 3.838 5.132 6.584 7.906 8.909 9.590 10.003 10.221 10.307 10.323 10.291 10.194 10.043 9.880 9.700 9.474 9.242 9.034 8.837 8.620 8.376 8.074 7.702 7.277 6.767 6.162 5.505 4.887 4.316 3.766 3.219 2.666 2.114 1.567 1.053 0.624 0.317 0.138 0.054 0.020 0.007 0.002 0.001 0.000 0.000 0.000 0.000 0.000 0.000 0.000 0.000 0.000 0.000 0.000 0.000 0.000 0.000 0.000 0.000 0.000
0.001 0.001 0.001 0.002 0.002 0.002 0.002 0.002 0.002 0.002 0.003 0.011 0.057 0.265 0.810 1.695 2.755 3.899 5.200 6.727 8.290 9.537 10.399 10.896 11.120 11.178 11.164 11.065 10.834 10.514 10.180 9.814 9.447 9.023 8.640 8.326 8.063 7.825 7.553 7.221 6.828 6.360 5.775 5.092 4.406 3.780 3.199 2.634 2.073 1.532 1.034 0.616 0.313 0.134 0.050 0.018 0.006 0.002 0.001 0.000 0.000 0.000 0.000 0.000 0.000 0.000 0.000 0.000 0.000 0.000 0.000 0.000 0.000 0.000 0.000 0.000 0.000
0.002 0.003 0.003 0.003 0.003 0.003 0.003 0.003 0.003 0.003 0.005 0.017 0.080 0.337 0.924 1.790 2.784 3.906 5.213 6.745 8.443 9.892 10.917 11.488 11.719 11.756 11.710 11.562 11.236 10.807 10.313 9.793 9.276 8.650 8.053 7.603 7.261 6.979 6.709 6.412 6.086 5.713 5.235 4.614 3.922 3.258 2.654 2.090 1.549 1.049 0.631 0.325 0.141 0.052 0.017 0.005 0.002 0.001 0.000 0.000 0.000 0.000 0.000 0.000 0.000 0.000 0.000 0.000 0.000 0.000 0.000 0.000 0.000 0.000 0.000 0.000 0.000
0.004 0.005 0.005 0.005 0.005 0.004 0.004 0.004 0.004 0.005 0.008 0.021 0.092 0.373 0.972 1.813 2.769 3.872 5.177 6.707 8.433 9.972 11.118 11.774 12.043 12.075 11.998 11.793 11.394 10.913 10.318 9.651 8.952 8.150 7.339 6.707 6.216 5.846 5.542 5.248 4.992 4.731 4.420 3.964 3.368 2.723 2.096 1.533 1.036 0.626 0.326 0.142 0.052 0.017 0.005 0.001 0.000 0.000 0.000 0.000 0.000 0.000 0.000 0.000 0.000 0.000 0.000 0.000 0.000 0.000 0.000 0.000 0.000 0.000 0.000 0.000 0.000
