RESULTS/r.avaflow_results/33_results/33_ascii/33_hflow_max0023.asc
ncols 506
nrows 317
xllcenter 498237.50
yllcenter 5580050.00
cellsize 12.50
NODATA_value -9999.000
[rows 170 to 203 of 317, columns 77 to 153 of 506]
0.000 0.000 0.000 0.000 0.000 0.000 0.000 0.000 0.000 0.000 0.000 0.000 0.000 0.000 0.000 0.001 0.001 0.002 0.003 0.004 0.005 0.008 0.017 0.039 0.072 0.095 0.106 0.114 0.122 0.129 0.136 0.143 0.150 0.159 0.180 0.220 0.289 0.376 0.432 0.471 0.538 0.657 0.823 0.959 1.058 1.186 1.328 1.452 1.553 1.870 2.550 3.599 4.775 5.662 6.688 8.694 11.714 15.826 20.323 24.200 27.114 28.777 29.333 28.986 28.366 27.658 26.516 25.123 23.697 22.268 20.614 18.850 17.369 16.683 16.228 15.823 15.456
0.000 0.000 0.000 0.000 0.000 0.000 0.000 0.000 0.000 0.000 0.000 0.000 0.000 0.000 0.001 0.003 0.005 0.007 0.010 0.013 0.017 0.028 0.052 0.089 0.124 0.143 0.154 0.164 0.173 0.183 0.192 0.202 0.213 0.230 0.261 0.318 0.406 0.513 0.593 0.649 0.742 0.906 1.140 1.357 1.561 1.830 2.123 2.432 2.869 3.608 4.442 5.312 6.021 6.643 7.823 10.349 13.415 18.117 22.666 26.593 29.287 30.567 30.685 29.781 28.871 28.021 26.830 25.290 23.674 22.094 20.615 19.687 19.173 18.778 18.471 18.377 18.465
0.000 0.000 0.000 0.000 0.000 0.000 0.000 0.000 0.000 0.000 0.000 0.000 0.001 0.002 0.004 0.007 0.011 0.017 0.024 0.033 0.047 0.073 0.115 0.158 0.186 0.203 0.217 0.229 0.242 0.255 0.269 0.283 0.300 0.325 0.369 0.441 0.545 0.672 0.793 0.890 1.021 1.243 1.558 1.901 2.259 2.730 3.254 3.876 4.690 5.526 6.206 6.680 7.117 7.621 8.460 10.901 13.790 18.742 23.567 27.364 30.005 31.315 31.255 30.159 29.173 28.057 26.729 25.198 23.742 22.698 21.922 21.292 20.718 20.232 20.039 20.373 21.142
0.000 0.000 0.000 0.000 0.000 0.000 0.000 0.000 0.000 0.000 0.000 0.000 0.002 0.004 0.008 0.013 0.021 0.032 0.047 0.067 0.096 0.142 0.197 0.237 0.262 0.282 0.299 0.316 0.333 0.350 0.368 0.389 0.413 0.449 0.506 0.594 0.715 0.869 1.044 1.221 1.418 1.726 2.133 2.640 3.199 3.958 4.822 5.835 6.817 7.619 8.207 8.465 8.569 8.633 9.014 10.902 13.391 18.224 23.326 26.942 29.600 31.120 31.223 30.217 29.084 27.827 26.474 25.341 24.507 23.732 22.972 22.250 21.613 21.212 21.261 21.983 23.137
0.000 0.000 0.000 0.000 0.000 0.000 0.000 0.000 0.000 0.000 0.000 0.001 0.004 0.008 0.014 0.024 0.037 0.055 0.080 0.116 0.165 0.231 0.291 0.331 0.360 0.385 0.408 0.429 0.451 0.473 0.497 0.524 0.556 0.604 0.677 0.784 0.929 1.123 1.367 1.652 1.977 2.389 2.943 3.630 4.547 5.620 6.751 7.777 8.605 9.228 9.653 9.831 9.767 9.487 9.438 10.750 13.065 16.848 22.059 25.893 28.368 30.010 30.649 29.945 28.656 27.496 26.418 25.660 24.907 24.144 23.389 22.660 21.998 21.751 22.082 22.871 23.959
0.000 0.000 0.000 0.000 0.000 0.000 0.000 0.000 0.000 0.000 0.000 0.002 0.006 0.013 0.023 0.038 0.059 0.087 0.127 0.182 0.255 0.338 0.403 0.451 0.488 0.520 0.548 0.576 0.604 0.632 0.661 0.693 0.734 0.795 0.884 1.016 1.200 1.450 1.780 2.190 2.686 3.295 4.070 5.028 6.213 7.427 8.476 9.354 10.065 10.486 10.701 10.766 10.652 10.262 9.884 10.756 12.583 15.877 20.463 24.568 26.940 28.577 29.476 29.249 28.001 27.044 26.247 25.634 24.949 24.170 23.371 22.622 21.997 21.677 22.096 22.868 23.861
0.000 0.000 0.000 0.000 0.000 0.000 0.000 0.000 0.000 0.000 0.001 0.003 0.008 0.017 0.031 0.053 0.085 0.130 0.191 0.271 0.373 0.473 0.551 0.610 0.657 0.695 0.731 0.765 0.798 0.833 0.868 0.949 1.068 1.186 1.317 1.456 1.571 1.861 2.291 2.837 3.519 4.360 5.354 6.357 7.704 8.966 9.949 10.706 11.250 11.510 11.627 11.522 11.325 10.954 10.384 10.762 12.152 15.030 19.105 23.345 25.741 27.146 28.136 28.199 27.213 26.159 25.445 24.849 24.198 23.425 22.568 21.760 21.158 20.957 21.307 22.039 22.946
0.000 0.000 0.000 0.000 0.000 0.000 0.000 0.000 0.000 0.000 0.001 0.003 0.009 0.018 0.034 0.061 0.104 0.171 0.267 0.390 0.530 0.654 0.750 0.823 0.879 0.924 0.965 1.004 1.041 1.177 1.432 1.588 1.684 1.758 1.817 1.868 1.929 2.347 2.892 3.577 4.416 5.424 6.513 7.583 9.034 10.251 11.208 11.886 12.266 12.430 12.501 12.255 11.898 11.505 10.872 10.828 11.950 14.471 18.029 22.056 24.428 25.798 26.712 26.871 25.966 24.588 23.683 23.005 22.293 21.479 20.552 19.650 18.999 18.870 19.343 20.301 21.416
0.000 0.000 0.000 0.000 0.000 0.000 0.000 0.000 0.000 0.000 0.001 0.003 0.008 0.018 0.035 0.063 0.112 0.194 0.328 0.526 0.738 0.895 1.016 1.105 1.170 1.221 1.264 1.304 1.545 1.942 2.219 2.350 2.375 2.328 2.276 2.260 2.307 2.790 3.433 4.243 5.217 6.350 7.446 8.751 10.228 11.410 12.297 12.884 13.179 13.276 13.279 13.025 12.458 11.980 11.348 10.962 11.843 14.087 17.112 20.491 22.580 24.148 24.804 24.879 23.974 22.305 21.199 20.350 19.511 18.583 17.583 16.655 16.154 16.184 16.869 18.103 19.575
0.000 0.000 0.000 0.000 0.000 0.000 0.000 0.000 0.000 0.000 0.000 0.003 0.007 0.017 0.033 0.062 0.111 0.198 0.350 0.610 0.960 1.217 1.363 1.469 1.543 1.595 1.636 1.838 2.435 2.872 3.071 3.107 3.032 2.880 2.729 2.660 2.649 3.131 3.846 4.775 5.902 7.094 8.147 9.773 11.357 12.427 13.155 13.631 13.902 13.942 13.862 13.622 13.094 12.465 11.724 11.024 11.683 13.590 16.169 18.603 20.564 21.803 22.283 22.091 21.137 19.478 18.251 17.304 16.395 15.434 14.513 13.850 13.717 14.088 15.009 16.344 18.002
0.000 0.000 0.000 0.000 0.000 0.000 0.000 0.000 0.000 0.000 0.000 0.001 0.005 0.012 0.026 0.051 0.096 0.178 0.332 0.612 1.075 1.557 1.806 1.925 2.006 2.059 2.095 2.804 3.502 3.837 3.919 3.859 3.686 3.431 3.198 3.079 3.056 3.371 4.120 5.143 6.425 7.665 8.740 10.734 12.449 13.318 13.838 14.159 14.345 14.342 14.223 14.002 13.592 12.903 12.099 11.105 11.412 12.814 14.759 16.595 18.263 19.038 19.246 18.776 17.698 16.259 14.994 14.086 13.326 12.554 11.863 11.535 11.652 12.301 13.379 14.729 16.289
0.000 0.000 0.000 0.000 0.000 0.000 0.000 0.000 0.000 0.000 0.000 0.001 0.002 0.005 0.013 0.028 0.056 0.113 0.242 0.515 1.026 1.754 2.265 2.475 2.569 2.621 2.651 3.688 4.424 4.703 4.732 4.610 4.353 4.029 3.768 3.608 3.550 3.566 4.305 5.365 6.754 8.061 9.260 11.535 13.330 14.043 14.327 14.437 14.554 14.511 14.422 14.229 13.871 13.235 12.364 11.336 11.011 11.870 13.155 14.569 15.789 16.237 16.069 15.234 13.979 12.717 11.692 10.976 10.442 9.912 9.590 9.544 9.879 10.671 11.797 13.081 14.480
0.000 0.000 0.000 0.000 0.000 0.000 0.000 0.000 0.000 0.000 0.000 0.000 0.001 0.001 0.004 0.010 0.022 0.048 0.110 0.307 0.821 1.747 2.611 3.028 3.209 3.286 3.328 4.386 5.223 5.526 5.528 5.385 5.095 4.765 4.518 4.337 4.228 4.197 4.474 5.511 6.927 8.325 9.709 12.043 13.843 14.529 14.651 14.671 14.629 14.560 14.506 14.288 13.900 13.269 12.390 11.322 10.491 10.786 11.570 12.367 13.324 13.483 12.960 11.962 10.690 9.509 8.830 8.242 7.840 7.589 7.556 7.767 8.288 9.113 10.124 11.241 12.406
0.000 0.000 0.000 0.000 0.000 0.000 0.000 0.000 0.000 0.000 0.000 0.000 0.000 0.001 0.001 0.003 0.007 0.015 0.039 0.135 0.538 1.536 2.775 3.453 3.775 3.955 4.074 5.021 5.943 6.340 6.374 6.225 5.982 5.690 5.449 5.293 5.168 5.098 5.100 5.643 7.006 8.425 10.052 12.309 13.975 14.703 14.823 14.747 14.659 14.568 14.371 14.097 13.621 13.027 12.178 11.155 10.085 9.928 10.175 10.558 10.733 10.827 10.279 9.235 7.980 7.191 6.582 6.019 5.661 5.529 5.645 6.067 6.750 7.501 8.333 9.285 10.308
0.000 0.000 0.000 0.000 0.000 0.000 0.000 0.000 0.000 0.000 0.000 0.000 0.000 0.001 0.002 0.004 0.007 0.013 0.029 0.087 0.320 1.201 2.675 3.680 4.187 4.495 4.739 5.616 6.696 7.237 7.337 7.180 7.020 6.827 6.599 6.485 6.409 6.356 6.356 6.427 7.074 8.439 10.268 12.417 13.905 14.644 14.823 14.805 14.635 14.341 14.060 13.486 12.940 12.390 11.652 10.773 9.824 9.431 9.223 9.135 8.806 8.558 8.024 7.064 6.151 5.495 4.872 4.303 3.932 3.792 3.855 4.242 4.940 5.699 6.506 7.446 8.465
0.000 0.000 0.000 0.000 0.000 0.000 0.000 0.000 0.000 0.000 0.000 0.000 0.001 0.002 0.005 0.008 0.012 0.018 0.031 0.075 0.239 0.876 2.343 3.693 4.422 4.866 5.245 6.162 7.414 8.207 8.489 8.402 8.160 8.046 7.942 7.911 7.912 7.965 8.045 8.102 8.227 8.714 10.345 12.337 13.649 14.329 14.651 14.616 14.347 13.916 13.306 12.513 11.756 11.219 10.655 10.053 9.602 9.106 8.637 8.194 7.619 6.892 6.227 5.508 4.856 4.205 3.582 3.024 2.823 2.732 2.695 2.767 3.060 3.747 4.736 5.788 6.995
0.000 0.000 0.000 0.000 0.000 0.000 0.000 0.000 0.000 0.000 0.000 0.001 0.002 0.005 0.010 0.016 0.023 0.031 0.045 0.092 0.208 0.624 1.845 3.455 4.490 5.088 5.556 6.581 8.017 9.114 9.645 9.716 9.479 9.234 9.191 9.219 9.319 9.432 9.512 9.552 9.573 9.736 10.418 12.080 13.198 13.836 14.126 14.076 13.736 13.163 12.367 11.508 10.605 9.919 9.695 9.500 9.221 8.799 8.243 7.581 6.810 5.982 5.230 4.537 3.891 3.274 2.762 2.475 2.259 2.094 1.962 1.890 1.956 2.439 3.404 4.453 5.707
0.000 0.000 0.000 0.000 0.000 0.000 0.000 0.000 0.000 0.000 0.000 0.002 0.005 0.011 0.020 0.031 0.045 0.060 0.085 0.198 0.397 0.692 1.363 2.924 4.342 5.168 5.755 6.862 8.354 9.749 10.585 10.866 10.722 10.564 10.418 10.481 10.583 10.673 10.740 10.756 10.685 10.550 10.508 11.784 12.653 13.210 13.408 13.249 12.911 12.315 11.622 10.766 9.708 8.941 8.622 8.580 8.535 8.322 7.820 7.100 6.243 5.354 4.576 3.867 3.206 2.736 2.356 2.046 1.792 1.577 1.395 1.232 1.121 1.283 1.825 2.800 3.500
0.000 0.000 0.000 0.000 0.000 0.000 0.000 0.000 0.000 0.000 0.001 0.004 0.010 0.022 0.041 0.065 0.090 0.118 0.182 0.404 0.758 1.182 1.596 2.321 3.947 5.089 5.837 7.017 8.537 10.030 11.157 11.758 11.830 11.676 11.619 11.584 11.642 11.663 11.700 11.664 11.500 11.056 10.727 11.435 12.067 12.503 12.558 12.437 12.095 11.600 10.982 10.121 9.073 8.163 7.526 7.485 7.556 7.522 7.190 6.564 5.748 4.887 4.129 3.465 2.878 2.383 1.984 1.659 1.387 1.154 0.950 0.746 0.560 0.515 0.674 1.094 1.316
0.000 0.000 0.000 0.000 0.000 0.000 0.000 0.000 0.000 0.001 0.002 0.008 0.021 0.046 0.086 0.132 0.176 0.221 0.364 0.771 1.360 1.860 2.243 2.604 3.466 4.860 5.804 7.011 8.544 10.149 11.396 12.213 12.588 12.590 12.480 12.495 12.481 12.411 12.424 12.380 12.082 11.573 11.007 11.048 11.558 11.890 11.884 11.725 11.451 11.010 10.392 9.567 8.556 7.558 6.743 6.543 6.480 6.409 6.219 5.794 5.146 4.393 3.705 3.087 2.520 2.023 1.618 1.290 1.015 0.780 0.571 0.383 0.237 0.178 0.198 0.302 0.349
0.000 0.000 0.000 0.000 0.000 0.000 0.000 0.000 0.000 0.001 0.005 0.015 0.042 0.095 0.178 0.257 0.327 0.421 0.671 1.358 2.166 2.693 3.018 3.323 3.733 4.542 5.640 6.842 8.472 10.068 11.476 12.431 12.904 13.107 13.060 12.904 12.819 12.771 12.778 12.702 12.467 11.907 11.119 10.652 11.072 11.318 11.331 11.185 10.918 10.505 9.871 9.077 8.095 7.038 6.136 5.828 5.548 5.278 4.989 4.636 4.170 3.567 2.929 2.375 1.899 1.479 1.121 0.830 0.595 0.407 0.261 0.151 0.088 0.064 0.063 0.077 0.085
0.000 0.000 0.000 0.000 0.000 0.000 0.000 0.000 0.000 0.002 0.009 0.030 0.082 0.187 0.338 0.467 0.589 0.746 1.129 2.157 3.109 3.641 3.955 4.236 4.669 5.369 5.973 6.559 8.274 9.874 11.392 12.483 13.014 13.205 13.212 13.109 12.910 12.821 12.823 12.817 12.581 11.961 11.047 10.405 10.612 10.756 10.768 10.670 10.458 10.081 9.516 8.791 7.826 6.610 5.682 5.236 4.802 4.372 3.931 3.446 2.928 2.380 1.830 1.368 1.005 0.719 0.501 0.339 0.222 0.142 0.087 0.053 0.037 0.030 0.027 0.027 0.028
0.000 0.000 0.000 0.000 0.000 0.000 0.000 0.000 0.000 0.003 0.013 0.044 0.126 0.292 0.533 0.748 0.954 1.224 1.735 3.109 4.201 4.788 5.117 5.428 5.858 6.493 6.985 7.461 7.988 9.609 11.081 12.235 12.845 13.112 13.154 13.046 12.842 12.726 12.723 12.712 12.472 11.766 10.741 9.939 10.105 10.237 10.215 10.137 9.973 9.665 9.135 8.418 7.554 6.443 5.202 4.656 4.138 3.630 3.110 2.539 1.947 1.410 0.965 0.630 0.395 0.245 0.154 0.098 0.063 0.043 0.030 0.022 0.018 0.016 0.015 0.014 0.014
0.000 0.000 0.000 0.000 0.000 0.000 0.000 0.000 0.000 0.003 0.014 0.049 0.146 0.349 0.652 0.977 1.343 1.792 2.503 4.154 5.492 6.244 6.636 6.972 7.348 7.744 8.090 8.394 8.697 9.213 10.570 11.667 12.378 12.758 12.795 12.629 12.485 12.379 12.328 12.245 11.936 11.149 9.997 9.220 9.467 9.635 9.636 9.527 9.367 9.079 8.570 7.866 6.954 5.839 4.644 4.043 3.484 2.937 2.374 1.770 1.201 0.755 0.443 0.246 0.132 0.071 0.041 0.027 0.019 0.016 0.013 0.011 0.010 0.010 0.009 0.009 0.009
0.000 0.000 0.000 0.000 0.000 0.000 0.000 0.000 0.000 0.003 0.013 0.048 0.147 0.361 0.698 1.108 1.613 2.228 3.340 5.241 6.896 7.835 8.291 8.548 8.756 8.919 9.068 9.207 9.350 9.462 9.959 10.934 11.662 12.012 12.058 11.866 11.778 11.763 11.690 11.456 10.966 10.086 8.901 8.563 8.599 8.766 8.797 8.732 8.540 8.204 7.639 6.899 5.941 4.749 3.992 3.348 2.763 2.176 1.573 1.024 0.606 0.328 0.167 0.083 0.041 0.022 0.014 0.010 0.008 0.008 0.007 0.007 0.006 0.006 0.006 0.005 0.005
0.000 0.000 0.000 0.000 0.000 0.000 0.000 0.000 0.000 0.002 0.011 0.041 0.135 0.345 0.702 1.175 1.753 2.541 4.054 6.363 8.195 9.216 9.696 9.905 9.990 9.960 9.875 9.817 9.815 9.804 9.782 10.188 10.851 11.048 11.035 10.919 10.684 10.620 10.555 10.283 9.671 8.711 7.956 7.789 7.660 7.660 7.677 7.580 7.378 6.976 6.354 5.536 4.626 3.970 3.231 2.505 1.853 1.268 0.794 0.461 0.245 0.120 0.057 0.027 0.014 0.008 0.005 0.004 0.004 0.004 0.004 0.004 0.004 0.003 0.003 0.003 0.003
0.000 0.000 0.000 0.000 0.000 0.000 0.000 0.000 0.000 0.001 0.006 0.029 0.105 0.304 0.674 1.222 1.922 3.009 5.105 7.365 9.219 10.367 10.835 10.975 10.960 10.762 10.451 10.236 10.097 9.990 9.903 9.835 10.209 10.417 10.437 10.327 10.100 9.754 9.306 8.766 8.026 7.537 7.152 6.842 6.604 6.418 6.308 6.175 5.857 5.408 4.767 4.269 3.736 3.103 2.375 1.676 1.113 0.683 0.387 0.203 0.097 0.044 0.020 0.009 0.004 0.002 0.002 0.002 0.002 0.002 0.002 0.002 0.002 0.002 0.001 0.001 0.001
0.000 0.000 0.000 0.000 0.000 0.000 0.000 0.000 0.000 0.001 0.005 0.019 0.070 0.239 0.636 1.318 2.225 3.948 6.033 7.951 9.927 11.356 11.854 11.952 11.844 11.487 10.985 10.628 10.319 10.123 9.983 9.822 9.837 10.043 10.082 9.903 9.596 9.156 8.603 7.960 7.448 6.933 6.491 6.219 5.917 5.569 5.168 4.725 4.369 3.998 3.609 3.196 2.716 2.130 1.494 0.951 0.565 0.302 0.151 0.069 0.031 0.014 0.006 0.003 0.001 0.001 0.001 0.001 0.001 0.001 0.001 0.001 0.001 0.001 0.000 0.000 0.000
0.000 0.000 0.000 0.000 0.000 0.000 0.000 0.000 0.000 0.001 0.007 0.029 0.099 0.291 0.745 1.638 3.080 4.819 6.573 8.114 9.897 11.597 12.290 12.491 12.413 12.031 11.468 10.952 10.571 10.224 9.952 9.747 9.542 9.622 9.567 9.284 8.862 8.312 7.938 7.504 6.991 6.724 6.461 6.168 5.842 5.463 5.013 4.497 3.900 3.190 2.539 2.129 1.691 1.205 0.750 0.437 0.226 0.104 0.045 0.020 0.008 0.004 0.002 0.001 0.000 0.000 0.000 0.000 0.000 0.000 0.000 0.000 0.000 0.000 0.000 0.000 0.000
0.000 0.000 0.000 0.000 0.000 0.000 0.000 0.000 0.000 0.001 0.008 0.035 0.128 0.392 1.021 2.241 3.904 5.394 6.772 8.053 9.250 10.786 11.985 12.451 12.542 12.352 11.779 11.109 10.658 10.261 9.903 9.591 9.197 9.094 8.914 8.681 8.356 7.982 7.543 7.106 6.879 6.663 6.422 6.125 5.758 5.348 4.901 4.375 3.746 2.968 2.042 1.282 0.899 0.551 0.313 0.158 0.071 0.030 0.012 0.005 0.002 0.001 0.000 0.000 0.000 0.000 0.000 0.000 0.000 0.000 0.000 0.000 0.000 0.000 0.000 0.000 0.000
0.000 0.000 0.000 0.000 0.000 0.000 0.000 0.000 0.000 0.001 0.008 0.037 0.144 0.468 1.279 2.750 4.494 5.759 6.840 7.828 8.665 10.316 11.044 11.727 12.109 12.017 11.545 10.887 10.346 10.026 9.719 9.478 9.211 8.995 8.682 8.279 7.915 7.579 7.368 7.113 6.843 6.600 6.365 6.085 5.720 5.288 4.809 4.268 3.599 2.739 1.696 0.849 0.413 0.221 0.107 0.047 0.020 0.008 0.003 0.001 0.001 0.000 0.000 0.000 0.000 0.000 0.000 0.000 0.000 0.000 0.000 0.000 0.000 0.000 0.000 0.000 0.000
0.000 0.000 0.000 0.001 0.001 0.001 0.001 0.001 0.001 0.001 0.008 0.038 0.149 0.557 1.508 3.143 4.895 6.064 6.905 7.639 8.941 10.359 11.251 11.672 11.787 11.775 11.626 11.312 10.827 10.440 9.996 9.578 9.133 8.986 8.664 8.161 7.803 7.596 7.394 7.087 6.789 6.552 6.322 6.052 5.685 5.226 4.723 4.110 3.331 2.314 1.265 0.563 0.213 0.080 0.034 0.013 0.005 0.002 0.001 0.000 0.000 0.000 0.000 0.000 0.000 0.000 0.000 0.000 0.000 0.000 0.000 0.000 0.000 0.000 0.000 0.000 0.000
0.000 0.001 0.002 0.002 0.002 0.002 0.002 0.002 0.002 0.003 0.008 0.037 0.158 0.620 1.705 3.443 5.176 6.377 7.079 7.521 9.081 10.709 11.775 12.263 12.398 12.333 12.099 11.732 11.253 10.696 10.119 9.503 9.160 9.015 8.711 8.262 7.918 7.691 7.419 7.010 6.667 6.458 6.244 5.986 5.641 5.184 4.637 3.963 3.060 1.803 0.840 0.337 0.117 0.035 0.010 0.004 0.001 0.001 0.000 0.000 0.000 0.000 0.000 0.000 0.000 0.000 0.000 0.000 0.000 0.000 0.000 0.000 0.000 0.000 0.000 0.000 0.000
0.002 0.003 0.003 0.003 0.003 0.003 0.003 0.003 0.004 0.005 0.007 0.032 0.154 0.652 1.864 3.753 5.451 6.660 7.380 7.656 9.024 10.728 11.885 12.393 12.589 12.517 12.384 12.011 11.454 10.826 10.076 9.257 9.208 9.171 8.970 8.627 8.258 7.911 7.537 7.001 6.603 6.399 6.226 5.943 5.548 5.055 4.430 3.634 2.556 1.337 0.529 0.189 0.060 0.017 0.004 0.001 0.000 0.000 0.000 0.000 0.000 0.000 0.000 0.000 0.000 0.000 0.000 0.000 0.000 0.000 0.000 0.000 0.000 0.000 0.000 0.000 0.000
