RESULTS/r.avaflow_results/33_results/33_ascii/33_hflow0015.asc
ncols 506
nrows 317
xllcenter 498237.50
yllcenter 5580050.00
cellsize 12.50
NODATA_value -9999.000
[rows 170 to 203 of 317, columns 77 to 153 of 506]
0.000 0.000 0.000 0.000 0.000 0.000 0.000 0.000 0.000 0.000 0.000 0.000 0.000 0.000 0.000 0.000 0.000 0.000 0.000 0.000 0.000 0.001 0.003 0.008 0.020 0.036 0.046 0.050 0.052 0.053 0.053 0.053 0.052 0.052 0.053 0.060 0.078 0.111 0.161 0.227 0.312 0.425 0.576 0.738 0.835 0.866 0.852 0.814 0.823 0.918 1.151 1.619 2.498 3.631 4.465 4.929 5.307 5.757 6.292 6.950 7.806 8.914 10.257 11.714 12.813 13.416 13.594 13.580 13.330 12.882 12.249 11.346 10.431 9.852 9.540 9.397 9.354
0.000 0.000 0.000 0.000 0.000 0.000 0.000 0.000 0.000 0.000 0.000 0.000 0.000 0.000 0.000 0.000 0.000 0.000 0.000 0.001 0.002 0.004 0.009 0.021 0.041 0.061 0.072 0.079 0.082 0.084 0.085 0.085 0.084 0.084 0.087 0.100 0.129 0.178 0.247 0.337 0.454 0.610 0.816 1.049 1.212 1.299 1.353 1.427 1.591 1.889 2.360 3.100 4.040 4.834 5.326 5.683 6.046 6.477 6.997 7.643 8.500 9.603 10.902 12.278 13.280 13.781 13.845 13.688 13.350 12.914 12.402 11.870 11.569 11.567 11.713 11.948 12.285
0.000 0.000 0.000 0.000 0.000 0.000 0.000 0.000 0.000 0.000 0.000 0.000 0.000 0.000 0.000 0.000 0.000 0.001 0.002 0.003 0.006 0.012 0.023 0.043 0.071 0.094 0.109 0.119 0.126 0.129 0.130 0.131 0.131 0.132 0.139 0.160 0.203 0.270 0.363 0.484 0.646 0.858 1.133 1.456 1.733 1.950 2.163 2.429 2.821 3.363 4.022 4.701 5.284 5.695 6.007 6.327 6.672 7.071 7.557 8.179 9.020 10.082 11.299 12.563 13.483 13.911 13.919 13.784 13.555 13.316 13.160 13.154 13.297 13.518 13.825 14.371 15.265
0.000 0.000 0.000 0.000 0.000 0.000 0.000 0.000 0.000 0.000 0.000 0.000 0.000 0.000 0.000 0.000 0.001 0.003 0.005 0.009 0.016 0.027 0.047 0.076 0.111 0.141 0.163 0.177 0.187 0.192 0.195 0.197 0.198 0.201 0.213 0.244 0.302 0.391 0.515 0.681 0.903 1.193 1.559 1.998 2.452 2.880 3.335 3.843 4.461 5.118 5.691 6.098 6.364 6.533 6.699 6.920 7.208 7.562 8.003 8.589 9.371 10.340 11.417 12.525 13.401 13.849 13.977 14.061 14.158 14.281 14.387 14.481 14.616 14.841 15.291 16.170 17.579
0.000 0.000 0.000 0.000 0.000 0.000 0.000 0.000 0.000 0.000 0.000 0.000 0.000 0.000 0.000 0.001 0.003 0.006 0.011 0.019 0.031 0.050 0.079 0.118 0.165 0.206 0.237 0.259 0.272 0.280 0.284 0.288 0.292 0.298 0.316 0.357 0.431 0.547 0.714 0.941 1.246 1.642 2.135 2.734 3.412 4.125 4.855 5.574 6.220 6.730 7.095 7.322 7.421 7.434 7.409 7.457 7.643 7.930 8.315 8.845 9.518 10.345 11.261 12.206 13.084 13.753 14.159 14.513 14.806 14.987 15.065 15.112 15.240 15.571 16.261 17.405 19.009
0.000 0.000 0.000 0.000 0.000 0.000 0.000 0.000 0.000 0.000 0.000 0.000 0.000 0.000 0.001 0.003 0.006 0.011 0.020 0.033 0.052 0.081 0.121 0.173 0.238 0.297 0.341 0.371 0.390 0.400 0.406 0.411 0.416 0.427 0.450 0.502 0.596 0.745 0.967 1.276 1.687 2.219 2.885 3.700 4.654 5.663 6.531 7.233 7.754 8.107 8.322 8.423 8.436 8.341 8.124 7.968 8.000 8.197 8.502 8.941 9.487 10.147 10.889 11.711 12.632 13.603 14.234 14.672 14.975 15.124 15.163 15.195 15.332 15.751 16.609 17.879 19.430
0.000 0.000 0.000 0.000 0.000 0.000 0.000 0.000 0.000 0.000 0.000 0.000 0.000 0.000 0.002 0.005 0.011 0.019 0.032 0.052 0.081 0.122 0.178 0.251 0.340 0.421 0.481 0.522 0.547 0.561 0.569 0.574 0.580 0.593 0.622 0.685 0.803 0.997 1.288 1.696 2.238 2.937 3.820 4.906 6.092 7.165 7.993 8.593 9.012 9.265 9.376 9.389 9.331 9.136 8.783 8.446 8.317 8.396 8.589 8.893 9.298 9.787 10.376 11.127 12.103 13.269 14.022 14.463 14.701 14.761 14.709 14.685 14.807 15.295 16.265 17.612 19.137
0.000 0.000 0.000 0.000 0.000 0.000 0.000 0.000 0.000 0.000 0.000 0.000 0.000 0.000 0.002 0.007 0.015 0.028 0.049 0.079 0.121 0.180 0.258 0.361 0.484 0.591 0.669 0.722 0.754 0.772 0.781 0.785 0.789 0.803 0.835 0.907 1.056 1.310 1.689 2.212 2.905 3.803 4.935 6.217 7.398 8.381 9.143 9.671 10.008 10.190 10.236 10.209 10.082 9.807 9.362 8.901 8.640 8.579 8.636 8.783 9.010 9.332 9.802 10.464 11.405 12.554 13.269 13.620 13.711 13.606 13.402 13.254 13.298 13.789 14.862 16.395 18.087
0.000 0.000 0.000 0.000 0.000 0.000 0.000 0.000 0.000 0.000 0.000 0.000 0.000 0.000 0.002 0.007 0.017 0.034 0.064 0.112 0.177 0.262 0.374 0.518 0.683 0.819 0.917 0.983 1.022 1.041 1.050 1.052 1.054 1.062 1.089 1.166 1.347 1.674 2.159 2.812 3.648 4.707 6.027 7.367 8.451 9.326 10.010 10.489 10.761 10.891 10.916 10.869 10.692 10.357 9.856 9.301 8.932 8.741 8.655 8.642 8.704 8.853 9.143 9.623 10.381 11.329 11.894 12.090 11.985 11.666 11.302 11.050 11.104 11.708 12.933 14.653 16.602
0.000 0.000 0.000 0.000 0.000 0.000 0.000 0.000 0.000 0.000 0.000 0.000 0.000 0.000 0.002 0.007 0.017 0.035 0.070 0.137 0.242 0.376 0.538 0.740 0.951 1.119 1.239 1.316 1.359 1.380 1.386 1.386 1.380 1.373 1.385 1.447 1.630 1.993 2.556 3.324 4.295 5.497 6.940 8.278 9.291 10.055 10.649 11.060 11.301 11.394 11.396 11.334 11.137 10.786 10.263 9.626 9.154 8.861 8.655 8.498 8.401 8.380 8.443 8.637 9.037 9.628 9.995 10.047 9.841 9.505 9.214 9.097 9.367 10.177 11.508 13.227 15.172
0.000 0.000 0.000 0.000 0.000 0.000 0.000 0.000 0.000 0.000 0.000 0.000 0.000 0.000 0.002 0.006 0.014 0.031 0.066 0.140 0.281 0.500 0.765 1.039 1.300 1.504 1.645 1.732 1.779 1.799 1.803 1.797 1.770 1.731 1.717 1.745 1.891 2.250 2.853 3.710 4.809 6.138 7.646 8.970 9.939 10.598 11.071 11.410 11.628 11.704 11.702 11.629 11.432 11.088 10.560 9.878 9.304 8.909 8.602 8.338 8.099 7.915 7.770 7.706 7.752 7.942 8.104 8.102 7.965 7.775 7.649 7.693 8.113 9.009 10.314 11.909 13.713
0.000 0.000 0.000 0.000 0.000 0.000 0.000 0.000 0.000 0.000 0.000 0.000 0.000 0.000 0.001 0.003 0.008 0.020 0.048 0.118 0.273 0.570 1.008 1.418 1.738 1.983 2.148 2.246 2.294 2.312 2.312 2.291 2.229 2.140 2.090 2.080 2.165 2.481 3.080 3.987 5.186 6.633 8.162 9.448 10.399 11.004 11.368 11.615 11.794 11.863 11.846 11.769 11.578 11.244 10.744 10.068 9.410 8.922 8.522 8.157 7.797 7.456 7.123 6.835 6.606 6.493 6.497 6.462 6.396 6.358 6.406 6.610 7.118 7.981 9.137 10.503 12.015
0.000 0.000 0.000 0.000 0.000 0.000 0.000 0.000 0.000 0.000 0.000 0.000 0.000 0.000 0.000 0.001 0.004 0.009 0.022 0.070 0.217 0.562 1.169 1.812 2.264 2.570 2.760 2.867 2.916 2.928 2.919 2.872 2.769 2.624 2.526 2.485 2.514 2.750 3.307 4.210 5.452 6.988 8.520 9.761 10.672 11.255 11.567 11.732 11.839 11.881 11.879 11.815 11.623 11.294 10.824 10.187 9.476 8.893 8.400 7.936 7.462 6.979 6.480 6.000 5.555 5.254 5.145 5.079 5.058 5.117 5.286 5.622 6.188 6.980 7.937 9.025 10.242
0.000 0.000 0.000 0.000 0.000 0.000 0.000 0.000 0.000 0.000 0.000 0.000 0.000 0.000 0.000 0.001 0.003 0.006 0.011 0.033 0.139 0.490 1.218 2.113 2.756 3.206 3.473 3.594 3.638 3.644 3.621 3.546 3.401 3.205 3.070 3.008 3.000 3.137 3.594 4.435 5.659 7.225 8.762 9.946 10.807 11.366 11.672 11.803 11.861 11.868 11.863 11.782 11.593 11.279 10.826 10.228 9.511 8.843 8.236 7.653 7.058 6.451 5.808 5.175 4.636 4.269 4.067 3.952 3.924 3.999 4.206 4.609 5.217 5.961 6.794 7.736 8.792
0.000 0.000 0.000 0.000 0.000 0.000 0.000 0.000 0.000 0.000 0.000 0.000 0.000 0.000 0.001 0.002 0.004 0.006 0.010 0.022 0.085 0.383 1.148 2.263 3.108 3.718 4.140 4.371 4.446 4.448 4.415 4.318 4.144 3.915 3.758 3.682 3.663 3.723 4.034 4.728 5.857 7.379 8.898 10.030 10.868 11.395 11.696 11.805 11.838 11.814 11.759 11.613 11.411 11.152 10.751 10.200 9.507 8.778 8.050 7.329 6.592 5.856 5.117 4.446 3.910 3.516 3.243 3.068 2.994 3.025 3.176 3.515 4.089 4.836 5.686 6.607 7.542
0.000 0.000 0.000 0.000 0.000 0.000 0.000 0.000 0.000 0.000 0.000 0.000 0.000 0.001 0.002 0.004 0.007 0.009 0.013 0.023 0.064 0.285 1.001 2.226 3.289 4.064 4.659 5.061 5.273 5.333 5.304 5.204 5.021 4.786 4.624 4.548 4.529 4.556 4.743 5.248 6.169 7.510 8.968 10.072 10.863 11.385 11.672 11.777 11.775 11.676 11.495 11.176 10.896 10.683 10.415 10.012 9.431 8.698 7.871 6.983 6.092 5.251 4.484 3.831 3.310 2.910 2.596 2.373 2.246 2.215 2.275 2.454 2.851 3.554 4.518 5.458 6.207
0.000 0.000 0.000 0.000 0.000 0.000 0.000 0.000 0.000 0.000 0.000 0.000 0.001 0.002 0.005 0.008 0.013 0.017 0.023 0.033 0.069 0.226 0.813 2.027 3.315 4.240 5.004 5.591 5.975 6.170 6.219 6.172 6.041 5.844 5.698 5.634 5.623 5.646 5.762 6.081 6.723 7.743 9.030 10.096 10.829 11.328 11.560 11.627 11.618 11.450 11.081 10.475 9.998 9.804 9.675 9.474 9.132 8.523 7.657 6.623 5.595 4.704 3.937 3.301 2.797 2.397 2.072 1.827 1.663 1.575 1.549 1.593 1.776 2.250 3.138 3.926 4.248
0.000 0.000 0.000 0.000 0.000 0.000 0.000 0.000 0.000 0.000 0.000 0.001 0.002 0.005 0.010 0.016 0.024 0.033 0.044 0.060 0.094 0.210 0.638 1.683 3.145 4.279 5.171 5.925 6.496 6.857 7.022 7.064 7.027 6.934 6.849 6.814 6.812 6.840 6.933 7.133 7.519 8.179 9.141 10.094 10.761 11.163 11.313 11.346 11.314 11.105 10.606 9.793 8.965 8.615 8.556 8.519 8.412 8.047 7.282 6.208 5.096 4.185 3.443 2.832 2.342 1.945 1.629 1.388 1.211 1.085 0.997 0.942 0.954 1.126 1.547 1.841 1.829
0.000 0.000 0.000 0.000 0.000 0.000 0.000 0.000 0.000 0.000 0.000 0.001 0.004 0.010 0.020 0.034 0.050 0.067 0.088 0.114 0.153 0.249 0.553 1.342 2.751 4.173 5.213 6.116 6.858 7.380 7.686 7.814 7.846 7.834 7.803 7.790 7.796 7.814 7.869 8.003 8.262 8.686 9.302 10.048 10.577 10.884 10.972 10.976 10.915 10.661 10.145 9.326 8.297 7.634 7.379 7.298 7.269 7.100 6.560 5.627 4.541 3.662 2.970 2.399 1.921 1.533 1.235 1.011 0.840 0.704 0.589 0.488 0.426 0.430 0.519 0.559 0.531
0.000 0.000 0.000 0.000 0.000 0.000 0.000 0.000 0.000 0.000 0.001 0.002 0.008 0.020 0.042 0.072 0.104 0.136 0.171 0.211 0.260 0.344 0.572 1.166 2.333 3.886 5.145 6.174 7.046 7.718 8.165 8.415 8.517 8.539 8.537 8.528 8.517 8.512 8.535 8.619 8.770 9.006 9.391 9.947 10.319 10.516 10.561 10.538 10.447 10.172 9.687 8.925 7.906 7.026 6.503 6.204 5.966 5.735 5.371 4.717 3.832 3.056 2.436 1.922 1.487 1.130 0.863 0.667 0.518 0.402 0.303 0.216 0.165 0.146 0.149 0.149 0.141
0.000 0.000 0.000 0.000 0.000 0.000 0.000 0.000 0.000 0.000 0.001 0.005 0.016 0.042 0.091 0.154 0.209 0.260 0.312 0.368 0.428 0.507 0.672 1.131 2.094 3.553 4.969 6.129 7.118 7.922 8.489 8.826 9.007 9.070 9.067 9.043 9.018 8.984 8.964 8.991 9.054 9.161 9.388 9.751 9.998 10.092 10.108 10.069 9.935 9.654 9.201 8.533 7.596 6.645 5.925 5.383 4.904 4.442 3.961 3.426 2.809 2.206 1.688 1.265 0.927 0.662 0.470 0.339 0.250 0.185 0.130 0.085 0.062 0.054 0.051 0.050 0.048
0.000 0.000 0.000 0.000 0.000 0.000 0.000 0.000 0.000 0.000 0.002 0.009 0.031 0.087 0.189 0.299 0.383 0.456 0.528 0.602 0.676 0.757 0.887 1.238 2.037 3.307 4.733 6.001 7.091 7.984 8.671 9.091 9.309 9.383 9.391 9.366 9.323 9.268 9.192 9.156 9.142 9.190 9.301 9.499 9.626 9.661 9.647 9.567 9.404 9.124 8.685 8.077 7.251 6.292 5.453 4.751 4.114 3.507 2.922 2.364 1.836 1.362 0.961 0.648 0.425 0.277 0.185 0.128 0.092 0.068 0.049 0.034 0.027 0.025 0.024 0.024 0.024
0.000 0.000 0.000 0.000 0.000 0.000 0.000 0.000 0.000 0.001 0.004 0.017 0.058 0.161 0.340 0.517 0.633 0.733 0.833 0.933 1.030 1.129 1.254 1.527 2.159 3.227 4.569 5.887 7.047 8.002 8.727 9.211 9.475 9.566 9.577 9.544 9.481 9.398 9.295 9.212 9.148 9.134 9.131 9.192 9.233 9.224 9.152 9.032 8.847 8.559 8.132 7.555 6.808 5.874 4.965 4.179 3.481 2.837 2.232 1.682 1.205 0.809 0.504 0.292 0.161 0.092 0.058 0.040 0.031 0.025 0.020 0.016 0.015 0.014 0.014 0.014 0.014
0.000 0.000 0.000 0.000 0.000 0.000 0.000 0.000 0.000 0.001 0.004 0.020 0.074 0.213 0.455 0.736 0.937 1.092 1.234 1.372 1.507 1.642 1.792 2.029 2.507 3.348 4.525 5.849 7.019 7.984 8.729 9.242 9.523 9.629 9.641 9.605 9.533 9.433 9.312 9.183 9.060 8.944 8.850 8.800 8.754 8.701 8.602 8.432 8.217 7.907 7.463 6.909 6.203 5.310 4.396 3.589 2.887 2.268 1.705 1.205 0.785 0.466 0.252 0.125 0.060 0.031 0.019 0.014 0.012 0.011 0.010 0.009 0.009 0.009 0.008 0.008 0.008
0.000 0.000 0.000 0.000 0.000 0.000 0.000 0.000 0.000 0.001 0.004 0.020 0.077 0.229 0.501 0.863 1.212 1.497 1.723 1.922 2.110 2.295 2.487 2.728 3.104 3.726 4.657 5.856 7.019 7.966 8.695 9.215 9.500 9.613 9.647 9.605 9.516 9.413 9.279 9.076 8.845 8.598 8.420 8.282 8.197 8.076 7.912 7.714 7.457 7.115 6.657 6.113 5.424 4.581 3.707 2.942 2.286 1.721 1.221 0.796 0.467 0.245 0.116 0.051 0.023 0.012 0.008 0.007 0.006 0.006 0.006 0.005 0.005 0.005 0.005 0.005 0.005
0.000 0.000 0.000 0.000 0.000 0.000 0.000 0.000 0.000 0.001 0.003 0.017 0.070 0.220 0.504 0.911 1.387 1.869 2.266 2.573 2.835 3.078 3.320 3.582 3.906 4.371 5.063 6.022 7.084 7.975 8.655 9.144 9.420 9.520 9.568 9.524 9.450 9.322 9.131 8.836 8.485 8.117 7.850 7.620 7.452 7.268 7.052 6.813 6.507 6.143 5.681 5.134 4.467 3.680 2.892 2.222 1.654 1.161 0.750 0.438 0.228 0.105 0.045 0.019 0.008 0.005 0.004 0.003 0.003 0.003 0.003 0.003 0.003 0.003 0.002 0.002 0.002
0.000 0.000 0.000 0.000 0.000 0.000 0.000 0.000 0.000 0.000 0.002 0.010 0.051 0.185 0.473 0.917 1.481 2.131 2.777 3.290 3.677 3.999 4.291 4.569 4.867 5.232 5.725 6.409 7.264 8.039 8.621 9.031 9.267 9.348 9.378 9.327 9.237 9.069 8.817 8.450 7.972 7.488 7.103 6.778 6.504 6.236 5.952 5.666 5.319 4.932 4.477 3.959 3.361 2.675 2.016 1.462 0.999 0.626 0.354 0.179 0.081 0.034 0.014 0.006 0.003 0.002 0.002 0.002 0.002 0.002 0.001 0.001 0.001 0.001 0.001 0.001 0.001
0.000 0.000 0.000 0.000 0.000 0.000 0.000 0.000 0.000 0.000 0.001 0.005 0.027 0.126 0.396 0.876 1.527 2.296 3.166 3.982 4.595 5.034 5.382 5.690 5.977 6.259 6.584 7.018 7.604 8.184 8.610 8.899 9.053 9.105 9.099 9.030 8.877 8.639 8.316 7.869 7.310 6.719 6.198 5.745 5.353 4.989 4.640 4.311 3.955 3.591 3.203 2.786 2.302 1.745 1.225 0.798 0.473 0.251 0.117 0.049 0.020 0.009 0.004 0.002 0.001 0.001 0.001 0.001 0.001 0.000 0.000 0.000 0.000 0.000 0.000 0.000 0.000
0.000 0.000 0.000 0.000 0.000 0.000 0.000 0.000 0.000 0.000 0.000 0.003 0.015 0.078 0.302 0.792 1.522 2.395 3.404 4.522 5.463 6.126 6.579 6.917 7.177 7.375 7.564 7.792 8.093 8.394 8.607 8.745 8.793 8.784 8.709 8.573 8.329 7.991 7.601 7.085 6.469 5.764 5.121 4.578 4.142 3.772 3.439 3.126 2.807 2.484 2.150 1.789 1.381 0.958 0.600 0.335 0.163 0.070 0.027 0.010 0.004 0.002 0.001 0.001 0.000 0.000 0.000 0.000 0.000 0.000 0.000 0.000 0.000 0.000 0.000 0.000 0.000
0.000 0.000 0.000 0.000 0.000 0.000 0.000 0.000 0.000 0.000 0.000 0.002 0.011 0.056 0.243 0.713 1.481 2.431 3.531 4.873 6.187 7.142 7.783 8.186 8.435 8.573 8.642 8.699 8.734 8.729 8.673 8.599 8.511 8.373 8.169 7.924 7.580 7.157 6.683 6.118 5.450 4.696 4.042 3.519 3.110 2.774 2.480 2.203 1.927 1.648 1.352 1.027 0.704 0.428 0.225 0.102 0.041 0.015 0.006 0.002 0.001 0.001 0.000 0.000 0.000 0.000 0.000 0.000 0.000 0.000 0.000 0.000 0.000 0.000 0.000 0.000 0.000
0.000 0.000 0.000 0.000 0.000 0.000 0.000 0.000 0.000 0.000 0.000 0.001 0.008 0.046 0.211 0.654 1.422 2.409 3.575 5.046 6.726 8.038 8.917 9.398 9.629 9.701 9.684 9.584 9.372 9.085 8.761 8.452 8.165 7.837 7.451 7.047 6.598 6.113 5.581 4.998 4.350 3.693 3.118 2.647 2.282 1.991 1.744 1.510 1.278 1.043 0.790 0.530 0.311 0.157 0.068 0.026 0.009 0.003 0.001 0.001 0.000 0.000 0.000 0.000 0.000 0.000 0.000 0.000 0.000 0.000 0.000 0.000 0.000 0.000 0.000 0.000 0.000
0.000 0.000 0.000 0.000 0.000 0.000 0.000 0.000 0.000 0.000 0.000 0.001 0.007 0.039 0.185 0.599 1.343 2.336 3.550 5.111 7.079 8.776 9.882 10.449 10.653 10.678 10.599 10.349 9.916 9.384 8.835 8.300 7.762 7.188 6.562 5.962 5.405 4.875 4.336 3.796 3.275 2.792 2.334 1.939 1.631 1.391 1.193 1.006 0.819 0.623 0.425 0.251 0.125 0.053 0.019 0.007 0.002 0.001 0.000 0.000 0.000 0.000 0.000 0.000 0.000 0.000 0.000 0.000 0.000 0.000 0.000 0.000 0.000 0.000 0.000 0.000 0.000
0.000 0.000 0.000 0.000 0.000 0.000 0.000 0.000 0.000 0.000 0.001 0.002 0.007 0.032 0.155 0.521 1.208 2.180 3.424 5.062 7.216 9.235 10.574 11.230 11.438 11.431 11.243 10.856 10.257 9.554 8.852 8.111 7.320 6.461 5.552 4.738 4.060 3.493 2.983 2.542 2.190 1.897 1.612 1.338 1.110 0.929 0.779 0.637 0.494 0.344 0.208 0.107 0.046 0.017 0.005 0.002 0.001 0.000 0.000 0.000 0.000 0.000 0.000 0.000 0.000 0.000 0.000 0.000 0.000 0.000 0.000 0.000 0.000 0.000 0.000 0.000 0.000
0.000 0.000 0.000 0.000 0.000 0.000 0.000 0.000 0.001 0.001 0.002 0.004 0.007 0.022 0.099 0.369 0.942 1.858 3.129 4.854 7.141 9.319 10.794 11.522 11.755 11.724 11.465 11.004 10.340 9.561 8.729 7.785 6.768 5.655 4.529 3.562 2.792 2.205 1.751 1.407 1.179 1.038 0.922 0.798 0.676 0.563 0.458 0.358 0.259 0.164 0.088 0.039 0.015 0.005 0.001 0.000 0.000 0.000 0.000 0.000 0.000 0.000 0.000 0.000 0.000 0.000 0.000 0.000 0.000 0.000 0.000 0.000 0.000 0.000 0.000 0.000 0.000
