RESULTS/r.avaflow_results/33_results/33_ascii/33_hflow10045.asc
ncols 506
nrows 317
xllcenter 498237.50
yllcenter 5580050.00
cellsize 12.50
NODATA_value -9999.000
[rows 170 to 203 of 317, columns 77 to 153 of 506]
0.000 0.000 0.000 0.000 0.000 0.000 0.000 0.000 0.000 0.000 0.000 0.001 0.001 0.003 0.005 0.009 0.013 0.017 0.021 0.023 0.026 0.030 0.041 0.071 0.131 0.196 0.227 0.234 0.235 0.234 0.231 0.223 0.209 0.190 0.177 0.175 0.181 0.198 0.218 0.224 0.221 0.207 0.199 0.221 0.323 0.527 0.787 1.055 1.344 1.720 2.274 3.163 4.387 5.481 6.042 6.157 6.126 6.136 6.162 6.158 6.124 5.994 5.720 5.316 4.809 4.214 3.564 2.980 2.473 2.034 1.661 1.350 1.097 0.890 0.721 0.582 0.471
0.000 0.000 0.000 0.000 0.000 0.000 0.000 0.000 0.000 0.001 0.001 0.003 0.006 0.011 0.018 0.027 0.037 0.047 0.056 0.064 0.073 0.086 0.116 0.172 0.248 0.302 0.319 0.320 0.319 0.316 0.309 0.296 0.273 0.250 0.240 0.242 0.257 0.290 0.324 0.340 0.343 0.341 0.370 0.509 0.825 1.277 1.731 2.174 2.670 3.306 4.133 5.108 6.026 6.585 6.758 6.710 6.608 6.561 6.523 6.467 6.372 6.185 5.884 5.466 4.938 4.306 3.633 3.039 2.526 2.084 1.713 1.405 1.149 0.935 0.759 0.614 0.497
0.000 0.000 0.000 0.000 0.000 0.000 0.000 0.000 0.001 0.002 0.005 0.009 0.017 0.028 0.043 0.059 0.078 0.097 0.118 0.139 0.163 0.197 0.255 0.331 0.394 0.421 0.425 0.424 0.421 0.415 0.403 0.384 0.353 0.328 0.321 0.326 0.353 0.402 0.457 0.500 0.537 0.605 0.789 1.200 1.847 2.538 3.146 3.759 4.477 5.279 6.036 6.663 7.079 7.225 7.188 7.072 6.957 6.853 6.755 6.654 6.516 6.304 5.990 5.558 5.010 4.355 3.676 3.082 2.572 2.135 1.763 1.451 1.187 0.966 0.784 0.635 0.514
0.000 0.000 0.000 0.000 0.000 0.000 0.000 0.001 0.003 0.007 0.012 0.021 0.035 0.054 0.077 0.103 0.133 0.168 0.208 0.251 0.300 0.364 0.446 0.516 0.548 0.554 0.553 0.550 0.544 0.534 0.517 0.490 0.451 0.425 0.419 0.428 0.467 0.535 0.624 0.730 0.879 1.162 1.678 2.476 3.425 4.250 4.958 5.652 6.334 6.960 7.453 7.736 7.811 7.723 7.537 7.354 7.216 7.073 6.939 6.805 6.637 6.401 6.065 5.613 5.046 4.375 3.699 3.111 2.606 2.172 1.798 1.481 1.212 0.986 0.800 0.648 0.525
0.000 0.000 0.000 0.000 0.000 0.000 0.000 0.002 0.005 0.011 0.020 0.034 0.055 0.082 0.116 0.156 0.203 0.258 0.323 0.395 0.477 0.568 0.651 0.697 0.710 0.710 0.707 0.702 0.693 0.677 0.654 0.617 0.568 0.535 0.527 0.536 0.577 0.672 0.831 1.066 1.460 2.150 3.170 4.335 5.397 6.219 6.856 7.385 7.842 8.214 8.453 8.512 8.407 8.152 7.815 7.577 7.400 7.248 7.094 6.939 6.749 6.483 6.121 5.642 5.055 4.378 3.712 3.134 2.631 2.194 1.817 1.496 1.224 0.997 0.811 0.656 0.531
0.000 0.000 0.000 0.000 0.000 0.000 0.000 0.002 0.006 0.014 0.025 0.042 0.068 0.104 0.151 0.212 0.286 0.371 0.469 0.577 0.688 0.789 0.858 0.888 0.895 0.895 0.892 0.885 0.872 0.849 0.817 0.769 0.705 0.651 0.625 0.627 0.664 0.773 1.007 1.440 2.230 3.505 5.068 6.364 7.320 8.015 8.480 8.803 9.045 9.192 9.229 9.130 8.897 8.495 8.059 7.748 7.536 7.381 7.227 7.050 6.835 6.546 6.154 5.650 5.054 4.376 3.717 3.140 2.635 2.199 1.821 1.499 1.228 1.002 0.815 0.660 0.532
0.000 0.000 0.000 0.000 0.000 0.000 0.000 0.002 0.007 0.014 0.027 0.046 0.075 0.117 0.176 0.255 0.359 0.489 0.646 0.799 0.927 1.026 1.084 1.109 1.116 1.117 1.113 1.103 1.085 1.055 1.011 0.948 0.861 0.773 0.717 0.705 0.731 0.840 1.105 1.660 2.769 4.599 6.633 8.044 8.964 9.534 9.813 9.952 10.014 10.000 9.864 9.616 9.261 8.777 8.293 7.922 7.672 7.498 7.337 7.152 6.918 6.601 6.176 5.649 5.043 4.363 3.711 3.133 2.630 2.192 1.816 1.494 1.224 0.999 0.814 0.659 0.531
0.000 0.000 0.000 0.000 0.000 0.000 0.000 0.002 0.007 0.014 0.027 0.046 0.077 0.124 0.190 0.281 0.405 0.572 0.797 1.027 1.189 1.292 1.351 1.378 1.386 1.386 1.379 1.365 1.339 1.298 1.240 1.156 1.039 0.905 0.810 0.776 0.788 0.880 1.141 1.736 3.026 5.287 7.786 9.408 10.335 10.758 10.876 10.884 10.794 10.634 10.341 9.976 9.531 9.012 8.518 8.113 7.815 7.610 7.439 7.239 6.976 6.620 6.174 5.629 5.007 4.317 3.671 3.096 2.598 2.165 1.791 1.473 1.207 0.986 0.804 0.652 0.526
0.000 0.000 0.000 0.000 0.000 0.000 0.000 0.002 0.006 0.013 0.025 0.044 0.076 0.125 0.195 0.291 0.426 0.615 0.881 1.212 1.466 1.602 1.676 1.708 1.716 1.714 1.703 1.679 1.639 1.581 1.502 1.394 1.245 1.057 0.911 0.843 0.838 0.906 1.145 1.737 3.085 5.594 8.576 10.477 11.407 11.688 11.700 11.597 11.366 11.043 10.644 10.214 9.741 9.233 8.747 8.321 7.996 7.759 7.550 7.304 6.999 6.609 6.142 5.573 4.921 4.223 3.588 3.027 2.538 2.112 1.747 1.437 1.178 0.965 0.787 0.640 0.517
0.000 0.000 0.000 0.000 0.000 0.000 0.000 0.001 0.004 0.010 0.020 0.038 0.070 0.120 0.193 0.292 0.431 0.628 0.910 1.310 1.735 1.980 2.076 2.112 2.119 2.113 2.091 2.050 1.990 1.910 1.805 1.669 1.486 1.241 1.028 0.913 0.886 0.927 1.134 1.702 3.047 5.639 8.990 11.210 12.168 12.343 12.300 12.080 11.711 11.259 10.798 10.362 9.907 9.436 8.967 8.535 8.180 7.901 7.646 7.346 6.993 6.568 6.060 5.458 4.774 4.081 3.464 2.922 2.449 2.037 1.686 1.390 1.143 0.939 0.769 0.625 0.506
0.000 0.000 0.000 0.000 0.000 0.000 0.000 0.001 0.002 0.005 0.012 0.025 0.053 0.100 0.173 0.276 0.420 0.621 0.908 1.323 1.881 2.360 2.572 2.609 2.607 2.589 2.549 2.486 2.399 2.292 2.160 1.991 1.768 1.466 1.177 0.998 0.936 0.954 1.116 1.630 2.920 5.524 9.070 11.534 12.642 12.787 12.663 12.328 11.849 11.330 10.855 10.419 10.006 9.588 9.159 8.726 8.343 8.019 7.714 7.369 6.965 6.491 5.925 5.277 4.562 3.896 3.306 2.786 2.333 1.944 1.613 1.337 1.108 0.914 0.751 0.613 0.497
0.000 0.000 0.000 0.000 0.000 0.000 0.000 0.000 0.001 0.002 0.005 0.011 0.026 0.059 0.121 0.218 0.357 0.554 0.836 1.255 1.851 2.566 3.046 3.191 3.185 3.147 3.083 2.992 2.875 2.736 2.572 2.366 2.100 1.748 1.379 1.122 1.008 1.002 1.125 1.564 2.719 5.216 8.862 11.530 12.820 13.017 12.823 12.405 11.879 11.336 10.857 10.429 10.055 9.680 9.297 8.892 8.490 8.125 7.773 7.384 6.936 6.409 5.788 5.089 4.355 3.704 3.131 2.637 2.213 1.853 1.548 1.291 1.076 0.893 0.736 0.603 0.492
0.000 0.000 0.000 0.000 0.000 0.000 0.000 0.000 0.000 0.001 0.001 0.003 0.009 0.022 0.052 0.112 0.212 0.366 0.606 0.994 1.619 2.518 3.337 3.730 3.788 3.756 3.683 3.566 3.418 3.246 3.046 2.803 2.495 2.103 1.664 1.327 1.143 1.102 1.181 1.557 2.548 4.767 8.348 11.259 12.745 13.050 12.862 12.404 11.840 11.289 10.814 10.419 10.057 9.711 9.375 9.017 8.619 8.213 7.817 7.400 6.915 6.351 5.701 4.966 4.226 3.574 3.006 2.523 2.115 1.774 1.489 1.249 1.047 0.873 0.724 0.598 0.490
0.000 0.000 0.000 0.000 0.000 0.000 0.000 0.000 0.000 0.000 0.000 0.001 0.002 0.006 0.016 0.038 0.080 0.152 0.283 0.558 1.146 2.206 3.430 4.129 4.320 4.314 4.266 4.166 4.012 3.816 3.586 3.313 2.974 2.553 2.067 1.661 1.399 1.305 1.339 1.637 2.494 4.378 7.668 10.727 12.375 12.842 12.732 12.330 11.742 11.156 10.695 10.340 10.023 9.715 9.416 9.087 8.713 8.306 7.874 7.420 6.899 6.312 5.655 4.911 4.168 3.508 2.933 2.446 2.040 1.705 1.432 1.206 1.016 0.854 0.716 0.596 0.491
0.000 0.000 0.000 0.000 0.000 0.000 0.000 0.000 0.000 0.000 0.000 0.000 0.001 0.003 0.006 0.014 0.029 0.056 0.111 0.252 0.660 1.677 3.234 4.321 4.737 4.804 4.787 4.726 4.611 4.436 4.196 3.902 3.547 3.116 2.612 2.164 1.841 1.682 1.671 1.880 2.603 4.164 6.932 9.900 11.625 12.272 12.316 12.056 11.533 10.920 10.441 10.093 9.857 9.653 9.410 9.115 8.763 8.382 7.936 7.448 6.905 6.302 5.639 4.901 4.157 3.489 2.901 2.400 1.984 1.647 1.375 1.158 0.981 0.834 0.709 0.598 0.497
0.000 0.000 0.000 0.000 0.000 0.000 0.000 0.000 0.000 0.000 0.000 0.000 0.001 0.002 0.005 0.010 0.019 0.035 0.064 0.140 0.393 1.190 2.784 4.246 4.959 5.200 5.254 5.240 5.180 5.065 4.869 4.582 4.227 3.807 3.318 2.871 2.527 2.320 2.271 2.402 2.951 4.154 6.236 8.819 10.547 11.360 11.555 11.448 11.109 10.560 10.018 9.640 9.437 9.342 9.230 9.056 8.778 8.416 7.982 7.487 6.926 6.304 5.637 4.909 4.163 3.491 2.894 2.379 1.947 1.599 1.320 1.103 0.937 0.809 0.702 0.602 0.506
0.000 0.000 0.000 0.000 0.000 0.000 0.000 0.000 0.000 0.000 0.000 0.000 0.001 0.003 0.006 0.012 0.021 0.035 0.062 0.122 0.294 0.862 2.209 3.918 4.976 5.457 5.645 5.717 5.725 5.675 5.553 5.336 5.028 4.644 4.202 3.800 3.488 3.284 3.210 3.271 3.614 4.429 5.869 7.863 9.399 10.229 10.496 10.491 10.342 9.972 9.431 8.966 8.745 8.724 8.765 8.774 8.683 8.409 7.996 7.502 6.947 6.328 5.659 4.938 4.192 3.508 2.902 2.376 1.929 1.563 1.271 1.046 0.882 0.768 0.678 0.589 0.490
0.000 0.000 0.000 0.000 0.000 0.000 0.000 0.000 0.000 0.000 0.000 0.001 0.002 0.005 0.011 0.019 0.031 0.048 0.078 0.138 0.285 0.690 1.673 3.312 4.752 5.545 5.910 6.106 6.206 6.231 6.187 6.072 5.871 5.590 5.246 4.927 4.691 4.544 4.475 4.471 4.604 5.035 5.926 7.290 8.538 9.252 9.494 9.519 9.461 9.254 8.840 8.328 7.987 7.927 8.045 8.223 8.329 8.240 7.936 7.486 6.954 6.363 5.720 5.015 4.252 3.549 2.930 2.390 1.927 1.540 1.228 0.989 0.814 0.690 0.590 0.489 0.367
0.000 0.000 0.000 0.000 0.000 0.000 0.000 0.000 0.000 0.000 0.000 0.001 0.004 0.010 0.022 0.038 0.060 0.088 0.129 0.198 0.333 0.645 1.345 2.624 4.245 5.415 6.023 6.382 6.617 6.737 6.767 6.724 6.618 6.453 6.228 5.994 5.822 5.719 5.687 5.687 5.738 5.904 6.313 7.093 8.016 8.580 8.794 8.839 8.817 8.696 8.396 7.921 7.490 7.288 7.300 7.483 7.718 7.788 7.671 7.363 6.921 6.375 5.765 5.078 4.295 3.573 2.958 2.417 1.940 1.525 1.186 0.922 0.713 0.539 0.390 0.261 0.155
0.000 0.000 0.000 0.000 0.000 0.000 0.000 0.000 0.000 0.000 0.001 0.003 0.009 0.022 0.046 0.081 0.124 0.175 0.236 0.321 0.457 0.712 1.219 2.156 3.629 5.075 5.963 6.509 6.910 7.157 7.273 7.300 7.270 7.180 7.044 6.879 6.730 6.629 6.588 6.590 6.616 6.702 6.879 7.237 7.780 8.173 8.340 8.385 8.376 8.289 8.053 7.646 7.202 6.902 6.778 6.815 6.968 7.086 7.102 6.979 6.678 6.220 5.657 5.001 4.253 3.546 2.942 2.411 1.931 1.490 1.105 0.787 0.523 0.315 0.175 0.093 0.047
0.000 0.000 0.000 0.000 0.000 0.000 0.000 0.000 0.000 0.000 0.002 0.005 0.017 0.044 0.095 0.166 0.246 0.328 0.417 0.525 0.668 0.882 1.267 1.981 3.175 4.662 5.755 6.486 7.051 7.471 7.715 7.812 7.815 7.784 7.699 7.572 7.442 7.335 7.268 7.232 7.213 7.230 7.309 7.472 7.735 7.968 8.082 8.112 8.090 7.993 7.780 7.433 7.000 6.670 6.451 6.342 6.302 6.304 6.301 6.247 6.050 5.683 5.153 4.529 3.870 3.240 2.673 2.164 1.691 1.241 0.833 0.499 0.265 0.131 0.064 0.031 0.016
0.000 0.000 0.000 0.000 0.000 0.000 0.000 0.000 0.000 0.001 0.003 0.010 0.033 0.090 0.189 0.318 0.443 0.562 0.686 0.822 0.979 1.174 1.463 2.012 2.977 4.315 5.469 6.357 7.072 7.632 8.015 8.213 8.255 8.258 8.205 8.102 7.985 7.870 7.773 7.672 7.612 7.576 7.585 7.647 7.767 7.871 7.916 7.928 7.882 7.775 7.553 7.230 6.820 6.478 6.212 5.994 5.807 5.643 5.484 5.316 5.096 4.746 4.232 3.617 3.020 2.463 1.940 1.458 1.029 0.661 0.375 0.189 0.088 0.042 0.021 0.011 0.006
0.000 0.000 0.000 0.000 0.000 0.000 0.000 0.000 0.000 0.001 0.005 0.020 0.066 0.173 0.346 0.546 0.719 0.887 1.056 1.229 1.411 1.608 1.846 2.246 3.009 4.135 5.272 6.234 7.034 7.695 8.175 8.478 8.597 8.610 8.569 8.486 8.383 8.276 8.161 8.003 7.865 7.772 7.731 7.742 7.783 7.813 7.799 7.772 7.706 7.572 7.340 7.024 6.635 6.272 5.969 5.691 5.409 5.113 4.785 4.406 3.994 3.531 2.976 2.367 1.811 1.335 0.935 0.610 0.366 0.200 0.101 0.049 0.024 0.013 0.008 0.005 0.003
0.000 0.000 0.000 0.000 0.000 0.000 0.000 0.000 0.000 0.001 0.007 0.032 0.112 0.289 0.561 0.841 1.072 1.305 1.534 1.756 1.973 2.190 2.419 2.727 3.268 4.141 5.202 6.174 7.009 7.706 8.240 8.608 8.788 8.832 8.821 8.761 8.680 8.578 8.435 8.235 8.016 7.868 7.781 7.767 7.773 7.769 7.727 7.646 7.533 7.372 7.126 6.810 6.438 6.055 5.715 5.395 5.048 4.632 4.132 3.536 2.902 2.305 1.758 1.274 0.870 0.556 0.330 0.182 0.094 0.047 0.024 0.012 0.007 0.005 0.003 0.002 0.001
0.000 0.000 0.000 0.000 0.000 0.000 0.000 0.000 0.000 0.001 0.008 0.035 0.133 0.365 0.729 1.144 1.495 1.817 2.123 2.406 2.666 2.910 3.154 3.430 3.813 4.412 5.259 6.188 7.013 7.710 8.271 8.675 8.903 8.969 8.980 8.926 8.863 8.765 8.615 8.393 8.110 7.908 7.793 7.756 7.749 7.716 7.634 7.507 7.329 7.140 6.898 6.577 6.193 5.738 5.294 4.884 4.443 3.901 3.228 2.463 1.765 1.240 0.851 0.552 0.332 0.184 0.095 0.046 0.022 0.011 0.006 0.004 0.003 0.002 0.001 0.001 0.001
0.000 0.000 0.000 0.000 0.000 0.000 0.000 0.000 0.000 0.001 0.007 0.033 0.133 0.390 0.821 1.367 1.924 2.413 2.827 3.189 3.502 3.777 4.034 4.294 4.594 5.003 5.589 6.345 7.109 7.771 8.315 8.711 8.966 9.059 9.079 9.036 8.979 8.882 8.715 8.471 8.160 7.919 7.778 7.685 7.642 7.588 7.478 7.313 7.066 6.782 6.476 6.100 5.632 5.016 4.320 3.692 3.067 2.404 1.721 1.144 0.748 0.481 0.300 0.179 0.100 0.051 0.023 0.010 0.005 0.003 0.002 0.001 0.001 0.001 0.001 0.001 0.000
0.000 0.000 0.000 0.000 0.000 0.000 0.000 0.000 0.000 0.001 0.006 0.028 0.120 0.382 0.861 1.516 2.271 3.020 3.640 4.123 4.502 4.808 5.070 5.317 5.566 5.848 6.219 6.737 7.363 7.949 8.428 8.782 9.024 9.126 9.142 9.106 9.032 8.923 8.750 8.516 8.199 7.909 7.711 7.539 7.409 7.294 7.155 6.961 6.665 6.278 5.802 5.248 4.576 3.696 2.753 1.993 1.395 0.914 0.559 0.335 0.202 0.123 0.076 0.046 0.025 0.012 0.005 0.002 0.001 0.001 0.001 0.001 0.000 0.000 0.000 0.000 0.000
0.000 0.000 0.000 0.000 0.000 0.000 0.000 0.000 0.001 0.001 0.004 0.020 0.095 0.349 0.867 1.626 2.532 3.515 4.396 5.104 5.625 5.991 6.259 6.486 6.686 6.867 7.080 7.381 7.792 8.243 8.616 8.896 9.089 9.185 9.206 9.155 9.063 8.939 8.751 8.523 8.213 7.879 7.591 7.325 7.094 6.856 6.623 6.353 5.995 5.523 4.906 4.153 3.251 2.297 1.487 0.896 0.503 0.266 0.138 0.075 0.043 0.026 0.017 0.010 0.005 0.002 0.001 0.001 0.000 0.000 0.000 0.000 0.000 0.000 0.000 0.000 0.000
0.000 0.000 0.000 0.000 0.001 0.001 0.001 0.002 0.002 0.002 0.004 0.016 0.074 0.303 0.846 1.702 2.738 3.874 4.975 5.917 6.637 7.141 7.471 7.727 7.908 8.020 8.121 8.240 8.423 8.675 8.891 9.069 9.177 9.217 9.214 9.144 9.048 8.917 8.724 8.487 8.179 7.826 7.442 7.047 6.686 6.315 5.943 5.527 5.049 4.470 3.759 2.945 2.098 1.333 0.753 0.381 0.177 0.079 0.035 0.016 0.009 0.005 0.003 0.002 0.001 0.001 0.000 0.000 0.000 0.000 0.000 0.000 0.000 0.000 0.000 0.000 0.000
0.000 0.000 0.001 0.001 0.002 0.002 0.002 0.002 0.002 0.002 0.004 0.015 0.067 0.285 0.841 1.760 2.894 4.100 5.340 6.502 7.436 8.097 8.526 8.816 9.000 9.093 9.138 9.179 9.203 9.244 9.283 9.313 9.276 9.227 9.184 9.112 9.010 8.846 8.640 8.400 8.084 7.703 7.246 6.735 6.224 5.730 5.229 4.701 4.119 3.473 2.740 1.967 1.271 0.722 0.356 0.156 0.063 0.024 0.009 0.004 0.002 0.001 0.001 0.000 0.000 0.000 0.000 0.000 0.000 0.000 0.000 0.000 0.000 0.000 0.000 0.000 0.000
0.001 0.001 0.002 0.003 0.003 0.003 0.003 0.003 0.003 0.003 0.004 0.015 0.067 0.293 0.879 1.844 3.012 4.214 5.490 6.821 7.964 8.822 9.396 9.749 9.937 10.015 10.015 9.993 9.918 9.804 9.659 9.499 9.297 9.135 9.008 8.911 8.799 8.656 8.462 8.213 7.891 7.504 7.007 6.422 5.787 5.189 4.598 4.000 3.365 2.691 1.973 1.294 0.746 0.370 0.159 0.061 0.022 0.007 0.002 0.001 0.001 0.000 0.000 0.000 0.000 0.000 0.000 0.000 0.000 0.000 0.000 0.000 0.000 0.000 0.000 0.000 0.000
0.003 0.004 0.004 0.004 0.004 0.004 0.004 0.003 0.003 0.003 0.005 0.016 0.076 0.341 0.981 1.962 3.081 4.242 5.513 6.936 8.280 9.339 10.061 10.478 10.657 10.716 10.710 10.642 10.458 10.198 9.917 9.597 9.261 8.952 8.671 8.477 8.336 8.211 8.061 7.849 7.543 7.166 6.663 6.042 5.338 4.656 4.013 3.376 2.720 2.041 1.382 0.823 0.417 0.178 0.066 0.023 0.007 0.002 0.001 0.000 0.000 0.000 0.000 0.000 0.000 0.000 0.000 0.000 0.000 0.000 0.000 0.000 0.000 0.000 0.000 0.000 0.000
0.006 0.006 0.006 0.006 0.005 0.005 0.004 0.004 0.004 0.004 0.007 0.022 0.103 0.424 1.105 2.053 3.096 4.231 5.504 6.931 8.378 9.601 10.483 10.983 11.186 11.216 11.176 11.037 10.785 10.436 10.044 9.584 9.105 8.615 8.175 7.853 7.632 7.467 7.319 7.126 6.872 6.559 6.125 5.545 4.852 4.126 3.442 2.788 2.131 1.480 0.907 0.474 0.205 0.075 0.025 0.007 0.002 0.001 0.000 0.000 0.000 0.000 0.000 0.000 0.000 0.000 0.000 0.000 0.000 0.000 0.000 0.000 0.000 0.000 0.000 0.000 0.000
0.008 0.009 0.008 0.007 0.006 0.006 0.005 0.005 0.005 0.006 0.010 0.028 0.122 0.473 1.164 2.075 3.068 4.175 5.435 6.858 8.336 9.640 10.632 11.200 11.450 11.475 11.414 11.221 10.920 10.521 10.046 9.469 8.848 8.169 7.554 7.072 6.713 6.464 6.262 6.057 5.847 5.623 5.319 4.867 4.259 3.571 2.861 2.183 1.534 0.954 0.509 0.224 0.082 0.026 0.007 0.002 0.001 0.000 0.000 0.000 0.000 0.000 0.000 0.000 0.000 0.000 0.000 0.000 0.000 0.000 0.000 0.000 0.000 0.000 0.000 0.000 0.000
