RESULTS/r.avaflow_results/33_results/33_ascii/33_hflow0009.asc
ncols 506
nrows 317
xllcenter 498237.50
yllcenter 5580050.00
cellsize 12.50
NODATA_value -9999.000
[rows 170 to 203 of 317, columns 77 to 153 of 506]
0.000 0.000 0.000 0.000 0.000 0.000 0.000 0.000 0.000 0.000 0.000 0.000 0.000 0.000 0.000 0.000 0.000 0.000 0.000 0.000 0.000 0.000 0.000 0.001 0.003 0.006 0.011 0.018 0.023 0.025 0.026 0.026 0.026 0.022 0.017 0.012 0.011 0.011 0.015 0.026 0.050 0.092 0.164 0.287 0.478 0.738 0.955 1.068 1.097 1.091 1.133 1.308 1.724 2.499 3.393 4.148 4.924 5.788 6.595 7.390 8.302 9.511 10.929 12.369 13.233 13.535 13.777 13.901 13.716 13.269 12.521 11.550 10.773 10.249 9.976 9.949 10.059
0.000 0.000 0.000 0.000 0.000 0.000 0.000 0.000 0.000 0.000 0.000 0.000 0.000 0.000 0.000 0.000 0.000 0.000 0.000 0.000 0.000 0.000 0.001 0.003 0.007 0.013 0.022 0.034 0.042 0.047 0.049 0.049 0.047 0.041 0.031 0.024 0.022 0.024 0.035 0.061 0.110 0.190 0.320 0.523 0.821 1.213 1.561 1.774 1.888 1.992 2.173 2.509 3.079 3.797 4.433 5.039 5.780 6.697 7.541 8.370 9.300 10.505 11.864 13.182 13.838 13.882 13.769 13.465 13.052 12.622 12.087 11.480 11.115 11.084 11.360 11.863 12.484
0.000 0.000 0.000 0.000 0.000 0.000 0.000 0.000 0.000 0.000 0.000 0.000 0.000 0.000 0.000 0.000 0.000 0.000 0.000 0.000 0.000 0.001 0.003 0.008 0.015 0.025 0.041 0.060 0.075 0.083 0.086 0.086 0.082 0.071 0.054 0.045 0.044 0.050 0.075 0.128 0.219 0.361 0.579 0.900 1.343 1.912 2.430 2.800 3.077 3.347 3.659 4.036 4.464 4.875 5.257 5.709 6.350 7.226 8.102 8.956 9.896 11.084 12.395 13.614 14.138 13.938 13.609 13.263 12.940 12.621 12.304 12.107 12.208 12.551 13.106 13.967 15.196
0.000 0.000 0.000 0.000 0.000 0.000 0.000 0.000 0.000 0.000 0.000 0.000 0.000 0.000 0.000 0.000 0.000 0.000 0.000 0.000 0.001 0.004 0.008 0.016 0.028 0.046 0.071 0.104 0.128 0.141 0.145 0.145 0.139 0.120 0.093 0.080 0.080 0.096 0.146 0.245 0.403 0.638 0.981 1.461 2.103 2.896 3.621 4.198 4.681 5.102 5.435 5.660 5.793 5.869 5.997 6.247 6.712 7.463 8.358 9.212 10.132 11.271 12.501 13.593 14.059 13.823 13.570 13.376 13.237 13.185 13.206 13.261 13.386 13.667 14.301 15.493 17.277
0.000 0.000 0.000 0.000 0.000 0.000 0.000 0.000 0.000 0.000 0.000 0.000 0.000 0.000 0.000 0.000 0.000 0.000 0.000 0.001 0.004 0.008 0.016 0.029 0.049 0.078 0.121 0.172 0.209 0.229 0.235 0.234 0.224 0.194 0.152 0.134 0.135 0.168 0.262 0.433 0.686 1.051 1.561 2.254 3.154 4.212 5.165 5.943 6.554 6.949 7.143 7.186 7.093 6.814 6.625 6.676 6.950 7.527 8.374 9.194 10.038 11.061 12.164 13.125 13.688 13.738 13.715 13.741 13.819 13.900 13.915 13.898 13.962 14.332 15.221 16.679 18.631
0.000 0.000 0.000 0.000 0.000 0.000 0.000 0.000 0.000 0.000 0.000 0.000 0.000 0.000 0.000 0.000 0.000 0.000 0.001 0.003 0.008 0.016 0.029 0.049 0.081 0.129 0.198 0.277 0.332 0.360 0.369 0.367 0.351 0.305 0.237 0.210 0.216 0.275 0.433 0.704 1.081 1.607 2.331 3.303 4.532 5.851 6.959 7.772 8.291 8.552 8.641 8.586 8.306 7.705 7.187 7.028 7.123 7.508 8.237 8.988 9.709 10.565 11.513 12.393 13.153 13.609 13.813 13.946 14.019 14.039 13.991 13.953 14.039 14.547 15.666 17.250 19.085
0.000 0.000 0.000 0.000 0.000 0.000 0.000 0.000 0.000 0.000 0.000 0.000 0.000 0.000 0.000 0.000 0.000 0.001 0.003 0.007 0.014 0.027 0.048 0.080 0.131 0.206 0.315 0.431 0.509 0.549 0.561 0.558 0.532 0.461 0.356 0.314 0.326 0.425 0.666 1.056 1.579 2.295 3.278 4.582 6.137 7.551 8.606 9.329 9.760 9.936 9.956 9.846 9.423 8.573 7.747 7.354 7.303 7.514 8.085 8.746 9.342 10.044 10.868 11.698 12.548 13.273 13.595 13.709 13.702 13.607 13.462 13.371 13.476 14.112 15.384 17.043 18.798
0.000 0.000 0.000 0.000 0.000 0.000 0.000 0.000 0.000 0.000 0.000 0.000 0.000 0.000 0.000 0.000 0.000 0.002 0.006 0.013 0.025 0.044 0.076 0.127 0.206 0.321 0.485 0.650 0.757 0.811 0.827 0.821 0.781 0.673 0.512 0.446 0.463 0.602 0.932 1.457 2.146 3.081 4.346 5.954 7.630 9.006 9.985 10.648 11.000 11.104 11.080 10.899 10.416 9.442 8.330 7.704 7.515 7.611 8.019 8.577 9.054 9.624 10.285 11.017 11.831 12.574 12.826 12.819 12.649 12.379 12.092 11.891 11.939 12.607 14.019 15.879 17.729
0.000 0.000 0.000 0.000 0.000 0.000 0.000 0.000 0.000 0.000 0.000 0.000 0.000 0.000 0.000 0.000 0.001 0.003 0.009 0.021 0.040 0.071 0.120 0.197 0.314 0.487 0.724 0.948 1.090 1.160 1.180 1.172 1.114 0.957 0.715 0.601 0.603 0.744 1.136 1.807 2.687 3.837 5.375 7.223 8.899 10.212 11.132 11.721 12.014 12.085 12.032 11.822 11.281 10.284 8.959 8.110 7.768 7.773 8.020 8.424 8.786 9.215 9.702 10.254 10.890 11.452 11.519 11.315 10.912 10.451 10.008 9.746 9.855 10.678 12.243 14.246 16.282
0.000 0.000 0.000 0.000 0.000 0.000 0.000 0.000 0.000 0.000 0.000 0.000 0.000 0.000 0.000 0.000 0.001 0.003 0.011 0.028 0.061 0.110 0.183 0.296 0.468 0.718 1.051 1.339 1.522 1.611 1.634 1.623 1.541 1.323 0.971 0.766 0.732 0.848 1.265 2.064 3.149 4.511 6.320 8.353 9.991 11.183 12.012 12.519 12.778 12.841 12.770 12.510 11.965 11.004 9.624 8.602 8.099 7.998 8.097 8.273 8.498 8.768 9.064 9.375 9.704 9.966 9.820 9.440 8.912 8.407 7.980 7.836 8.204 9.303 10.999 12.976 14.991
0.000 0.000 0.000 0.000 0.000 0.000 0.000 0.000 0.000 0.000 0.000 0.000 0.000 0.000 0.000 0.000 0.000 0.003 0.010 0.029 0.072 0.153 0.270 0.434 0.676 1.025 1.476 1.838 2.062 2.170 2.198 2.179 2.061 1.770 1.290 0.951 0.855 0.936 1.344 2.225 3.504 5.085 7.149 9.313 10.936 12.021 12.701 13.105 13.313 13.341 13.237 12.935 12.384 11.491 10.208 9.080 8.445 8.190 8.131 8.130 8.187 8.281 8.375 8.444 8.463 8.436 8.142 7.720 7.232 6.793 6.482 6.458 7.011 8.255 9.962 11.811 13.676
0.000 0.000 0.000 0.000 0.000 0.000 0.000 0.000 0.000 0.000 0.000 0.000 0.000 0.000 0.000 0.000 0.000 0.001 0.007 0.023 0.068 0.176 0.362 0.613 0.949 1.423 2.008 2.452 2.721 2.845 2.874 2.836 2.672 2.299 1.683 1.180 0.994 1.033 1.410 2.329 3.755 5.535 7.796 9.991 11.587 12.605 13.154 13.463 13.589 13.601 13.472 13.168 12.602 11.742 10.584 9.434 8.696 8.307 8.102 7.957 7.847 7.755 7.646 7.472 7.220 6.937 6.581 6.188 5.804 5.507 5.352 5.467 6.097 7.300 8.884 10.524 12.121
0.000 0.000 0.000 0.000 0.000 0.000 0.000 0.000 0.000 0.000 0.000 0.000 0.000 0.000 0.000 0.000 0.000 0.001 0.003 0.012 0.050 0.166 0.421 0.805 1.289 1.927 2.653 3.179 3.489 3.620 3.640 3.584 3.372 2.916 2.162 1.485 1.192 1.183 1.510 2.432 3.942 5.874 8.292 10.477 12.009 12.963 13.437 13.662 13.719 13.715 13.537 13.201 12.655 11.798 10.759 9.637 8.828 8.330 8.009 7.727 7.470 7.192 6.871 6.469 5.961 5.498 5.138 4.813 4.549 4.397 4.387 4.622 5.265 6.330 7.659 8.998 10.312
0.000 0.000 0.000 0.000 0.000 0.000 0.000 0.000 0.000 0.000 0.000 0.000 0.000 0.000 0.000 0.000 0.000 0.001 0.002 0.006 0.028 0.135 0.438 0.954 1.605 2.418 3.324 3.974 4.331 4.462 4.475 4.409 4.163 3.632 2.744 1.901 1.499 1.442 1.706 2.575 4.106 6.134 8.649 10.775 12.226 13.124 13.567 13.733 13.748 13.742 13.521 13.122 12.568 11.709 10.740 9.710 8.889 8.304 7.850 7.419 7.021 6.570 6.064 5.455 4.764 4.261 3.910 3.641 3.468 3.408 3.477 3.769 4.385 5.290 6.370 7.535 8.789
0.000 0.000 0.000 0.000 0.000 0.000 0.000 0.000 0.000 0.000 0.000 0.000 0.000 0.000 0.000 0.000 0.001 0.002 0.003 0.006 0.018 0.098 0.407 1.024 1.829 2.777 3.867 4.702 5.175 5.350 5.364 5.291 5.033 4.458 3.468 2.472 1.977 1.882 2.070 2.827 4.300 6.364 8.898 10.937 12.300 13.142 13.588 13.739 13.729 13.683 13.360 12.886 12.246 11.459 10.557 9.673 8.872 8.210 7.619 7.048 6.498 5.897 5.245 4.498 3.763 3.280 2.928 2.682 2.550 2.520 2.585 2.815 3.313 4.090 5.099 6.309 7.653
0.000 0.000 0.000 0.000 0.000 0.000 0.000 0.000 0.000 0.000 0.000 0.000 0.000 0.000 0.001 0.002 0.003 0.005 0.007 0.010 0.020 0.073 0.344 1.000 1.938 3.006 4.245 5.305 5.974 6.266 6.316 6.243 5.986 5.412 4.383 3.284 2.720 2.594 2.715 3.334 4.648 6.644 9.081 10.977 12.266 13.084 13.517 13.646 13.602 13.449 12.995 12.352 11.585 10.843 10.082 9.413 8.718 8.041 7.337 6.642 5.941 5.208 4.441 3.630 2.940 2.484 2.145 1.913 1.789 1.748 1.760 1.843 2.119 2.753 3.829 5.258 6.683
0.000 0.000 0.000 0.000 0.000 0.000 0.000 0.000 0.000 0.000 0.000 0.000 0.000 0.001 0.002 0.004 0.007 0.011 0.016 0.022 0.033 0.070 0.273 0.898 1.924 3.115 4.467 5.760 6.684 7.169 7.316 7.282 7.056 6.512 5.520 4.400 3.805 3.647 3.723 4.194 5.274 7.057 9.296 11.044 12.236 12.947 13.272 13.353 13.266 12.964 12.331 11.392 10.528 9.869 9.311 8.824 8.304 7.714 6.991 6.208 5.381 4.519 3.667 2.870 2.251 1.832 1.528 1.321 1.199 1.134 1.097 1.093 1.199 1.614 2.623 4.215 5.517
0.000 0.000 0.000 0.000 0.000 0.000 0.000 0.000 0.000 0.000 0.000 0.000 0.001 0.002 0.005 0.009 0.015 0.023 0.035 0.049 0.064 0.093 0.226 0.741 1.791 3.113 4.551 6.055 7.238 7.961 8.253 8.270 8.121 7.687 6.834 5.800 5.226 5.050 5.085 5.415 6.251 7.679 9.525 11.030 12.056 12.620 12.826 12.859 12.698 12.286 11.527 10.439 9.465 8.800 8.341 7.965 7.570 7.100 6.445 5.647 4.749 3.795 2.926 2.201 1.660 1.296 1.044 0.875 0.764 0.686 0.620 0.576 0.591 0.777 1.435 2.656 3.380
0.000 0.000 0.000 0.000 0.000 0.000 0.000 0.000 0.000 0.000 0.000 0.000 0.002 0.005 0.011 0.020 0.033 0.053 0.081 0.106 0.125 0.150 0.233 0.595 1.540 2.978 4.539 6.173 7.578 8.551 9.045 9.156 9.078 8.783 8.123 7.242 6.737 6.590 6.612 6.855 7.463 8.482 9.810 10.998 11.777 12.127 12.195 12.173 11.993 11.583 10.850 9.794 8.745 7.987 7.433 6.989 6.576 6.142 5.573 4.823 3.914 2.967 2.185 1.585 1.151 0.860 0.665 0.537 0.449 0.378 0.306 0.257 0.244 0.294 0.547 1.049 1.269
0.000 0.000 0.000 0.000 0.000 0.000 0.000 0.000 0.000 0.000 0.000 0.001 0.004 0.011 0.025 0.047 0.079 0.123 0.174 0.211 0.231 0.246 0.290 0.533 1.305 2.713 4.407 6.160 7.732 8.909 9.618 9.891 9.888 9.696 9.172 8.418 7.990 7.857 7.873 8.072 8.476 9.132 9.965 10.832 11.344 11.571 11.592 11.523 11.347 10.980 10.321 9.347 8.264 7.381 6.659 6.050 5.467 4.910 4.335 3.642 2.812 2.031 1.440 1.010 0.708 0.505 0.373 0.287 0.228 0.181 0.131 0.100 0.090 0.095 0.156 0.283 0.330
0.000 0.000 0.000 0.000 0.000 0.000 0.000 0.000 0.000 0.000 0.000 0.002 0.008 0.024 0.056 0.107 0.176 0.264 0.341 0.386 0.400 0.397 0.407 0.570 1.198 2.460 4.141 5.995 7.707 9.050 9.980 10.445 10.516 10.422 10.022 9.366 8.969 8.829 8.829 8.945 9.172 9.522 9.994 10.582 10.920 11.072 11.087 11.016 10.818 10.461 9.852 8.980 7.917 6.909 6.021 5.218 4.463 3.750 3.071 2.412 1.772 1.233 0.823 0.540 0.357 0.241 0.168 0.123 0.095 0.074 0.053 0.041 0.036 0.037 0.048 0.071 0.078
0.000 0.000 0.000 0.000 0.000 0.000 0.000 0.000 0.000 0.000 0.001 0.005 0.018 0.052 0.118 0.219 0.353 0.500 0.605 0.654 0.659 0.628 0.601 0.693 1.199 2.305 3.836 5.638 7.544 9.042 10.120 10.773 10.960 10.928 10.611 10.017 9.648 9.533 9.525 9.537 9.586 9.680 9.870 10.204 10.478 10.583 10.587 10.510 10.317 9.965 9.405 8.600 7.588 6.474 5.424 4.464 3.592 2.821 2.135 1.540 1.057 0.685 0.418 0.245 0.143 0.089 0.060 0.044 0.036 0.030 0.024 0.020 0.019 0.019 0.021 0.024 0.025
0.000 0.000 0.000 0.000 0.000 0.000 0.000 0.000 0.000 0.000 0.002 0.009 0.035 0.102 0.223 0.396 0.620 0.849 0.995 1.053 1.053 0.996 0.911 0.945 1.319 2.257 3.640 5.297 7.227 8.893 10.125 10.901 11.209 11.207 10.944 10.371 10.058 9.947 9.879 9.804 9.669 9.581 9.624 9.790 9.990 10.087 10.075 9.983 9.799 9.441 8.913 8.147 7.166 6.006 4.798 3.745 2.832 2.083 1.476 0.992 0.627 0.370 0.203 0.104 0.052 0.030 0.021 0.018 0.016 0.014 0.013 0.012 0.011 0.011 0.011 0.012 0.012
0.000 0.000 0.000 0.000 0.000 0.000 0.000 0.000 0.000 0.000 0.002 0.012 0.049 0.147 0.325 0.582 0.930 1.304 1.526 1.617 1.626 1.561 1.410 1.379 1.621 2.364 3.594 5.118 6.917 8.629 9.970 10.882 11.292 11.325 11.080 10.523 10.251 10.172 10.058 9.903 9.621 9.294 9.135 9.187 9.400 9.511 9.484 9.415 9.207 8.851 8.306 7.541 6.574 5.373 4.084 3.010 2.148 1.492 1.002 0.640 0.382 0.210 0.106 0.049 0.022 0.013 0.010 0.009 0.008 0.008 0.007 0.007 0.006 0.006 0.006 0.006 0.006
0.000 0.000 0.000 0.000 0.000 0.000 0.000 0.000 0.000 0.000 0.002 0.012 0.051 0.163 0.376 0.695 1.140 1.724 2.161 2.345 2.382 2.332 2.150 2.036 2.151 2.679 3.701 5.075 6.706 8.282 9.611 10.652 11.204 11.286 11.040 10.474 10.221 10.135 9.970 9.681 9.160 8.551 8.245 8.280 8.542 8.755 8.756 8.669 8.438 8.058 7.480 6.694 5.711 4.475 3.232 2.244 1.521 1.012 0.650 0.398 0.227 0.120 0.057 0.025 0.011 0.006 0.005 0.005 0.005 0.004 0.004 0.004 0.004 0.003 0.003 0.003 0.003
0.000 0.000 0.000 0.000 0.000 0.000 0.000 0.000 0.000 0.000 0.002 0.010 0.046 0.158 0.384 0.740 1.248 1.979 2.763 3.191 3.312 3.295 3.132 2.926 2.931 3.256 4.052 5.224 6.643 7.966 9.098 10.122 10.796 10.926 10.673 10.094 9.824 9.661 9.405 8.944 8.188 7.351 6.904 6.859 7.093 7.472 7.634 7.580 7.352 6.939 6.334 5.516 4.476 3.287 2.246 1.495 0.975 0.616 0.372 0.215 0.118 0.059 0.027 0.011 0.005 0.003 0.003 0.002 0.002 0.002 0.002 0.002 0.002 0.002 0.002 0.001 0.001
0.000 0.000 0.000 0.000 0.000 0.000 0.000 0.000 0.000 0.000 0.001 0.006 0.034 0.134 0.362 0.738 1.285 2.083 3.167 4.035 4.402 4.453 4.348 4.062 3.932 4.079 4.602 5.485 6.578 7.627 8.545 9.386 10.024 10.194 9.987 9.477 9.149 8.863 8.491 7.930 7.123 6.130 5.419 5.085 5.063 5.365 5.745 5.887 5.752 5.364 4.749 3.937 2.970 2.068 1.373 0.872 0.528 0.301 0.163 0.086 0.044 0.022 0.010 0.004 0.002 0.001 0.001 0.001 0.001 0.001 0.001 0.001 0.001 0.000 0.000 0.000 0.000
0.000 0.000 0.000 0.000 0.000 0.000 0.000 0.000 0.000 0.000 0.000 0.003 0.018 0.092 0.304 0.699 1.281 2.108 3.324 4.685 5.508 5.766 5.726 5.453 5.160 5.078 5.251 5.718 6.388 7.085 7.777 8.477 9.027 9.259 9.193 8.835 8.413 7.971 7.457 6.847 6.074 5.048 4.170 3.566 3.198 3.033 3.118 3.289 3.356 3.188 2.790 2.262 1.670 1.131 0.710 0.411 0.217 0.105 0.048 0.022 0.011 0.005 0.002 0.001 0.001 0.000 0.000 0.000 0.000 0.000 0.000 0.000 0.000 0.000 0.000 0.000 0.000
0.000 0.000 0.000 0.000 0.000 0.000 0.000 0.000 0.000 0.000 0.000 0.001 0.008 0.051 0.219 0.607 1.229 2.094 3.336 5.033 6.416 7.066 7.179 6.996 6.621 6.259 6.017 6.008 6.209 6.469 6.827 7.402 7.946 8.203 8.220 7.971 7.464 6.794 6.099 5.457 4.754 3.880 3.030 2.380 1.876 1.494 1.266 1.204 1.235 1.238 1.156 0.985 0.741 0.477 0.273 0.138 0.061 0.025 0.010 0.004 0.002 0.001 0.001 0.000 0.000 0.000 0.000 0.000 0.000 0.000 0.000 0.000 0.000 0.000 0.000 0.000 0.000
0.000 0.000 0.000 0.000 0.000 0.000 0.000 0.000 0.000 0.000 0.000 0.001 0.004 0.026 0.137 0.470 1.096 2.001 3.278 5.112 7.016 8.165 8.549 8.511 8.231 7.735 7.113 6.605 6.343 6.233 6.254 6.478 6.761 6.853 6.726 6.361 5.740 4.898 4.085 3.445 2.909 2.377 1.844 1.381 0.981 0.651 0.418 0.303 0.276 0.290 0.300 0.280 0.224 0.138 0.070 0.031 0.012 0.005 0.002 0.001 0.000 0.000 0.000 0.000 0.000 0.000 0.000 0.000 0.000 0.000 0.000 0.000 0.000 0.000 0.000 0.000 0.000
0.000 0.000 0.000 0.000 0.000 0.000 0.000 0.000 0.000 0.000 0.000 0.001 0.002 0.012 0.072 0.312 0.867 1.771 3.073 4.967 7.260 8.890 9.660 9.805 9.638 9.147 8.366 7.471 6.769 6.268 5.947 5.738 5.504 5.094 4.350 3.491 2.718 2.095 1.662 1.372 1.167 0.987 0.811 0.625 0.428 0.260 0.142 0.075 0.048 0.043 0.047 0.049 0.044 0.028 0.013 0.006 0.002 0.001 0.000 0.000 0.000 0.000 0.000 0.000 0.000 0.000 0.000 0.000 0.000 0.000 0.000 0.000 0.000 0.000 0.000 0.000 0.000
0.000 0.000 0.000 0.000 0.000 0.000 0.000 0.000 0.000 0.000 0.000 0.000 0.001 0.005 0.030 0.154 0.545 1.340 2.621 4.570 7.164 9.103 10.127 10.433 10.331 9.832 8.970 7.883 6.956 6.231 5.602 4.951 4.121 2.975 1.826 1.041 0.621 0.432 0.348 0.301 0.276 0.258 0.237 0.204 0.149 0.088 0.045 0.020 0.009 0.006 0.006 0.007 0.006 0.005 0.002 0.001 0.000 0.000 0.000 0.000 0.000 0.000 0.000 0.000 0.000 0.000 0.000 0.000 0.000 0.000 0.000 0.000 0.000 0.000 0.000 0.000 0.000
0.000 0.000 0.000 0.000 0.000 0.000 0.000 0.000 0.000 0.000 0.000 0.001 0.001 0.003 0.012 0.052 0.212 0.669 1.647 3.367 5.883 8.065 9.337 9.828 9.814 9.435 8.631 7.567 6.536 5.589 4.613 3.479 2.231 1.143 0.522 0.222 0.098 0.052 0.040 0.038 0.039 0.044 0.048 0.048 0.041 0.025 0.012 0.005 0.002 0.001 0.001 0.001 0.001 0.001 0.001 0.000 0.000 0.000 0.000 0.000 0.000 0.000 0.000 0.000 0.000 0.000 0.000 0.000 0.000 0.000 0.000 0.000 0.000 0.000 0.000 0.000 0.000
0.000 0.000 0.000 0.000 0.000 0.000 0.000 0.000 0.000 0.000 0.001 0.002 0.003 0.005 0.008 0.019 0.057 0.189 0.549 1.306 2.578 4.041 5.196 5.854 6.055 5.994 5.602 4.954 4.163 3.282 2.289 1.387 0.753 0.360 0.159 0.063 0.023 0.009 0.005 0.005 0.005 0.007 0.009 0.009 0.009 0.007 0.003 0.001 0.001 0.000 0.000 0.000 0.000 0.000 0.000 0.000 0.000 0.000 0.000 0.000 0.000 0.000 0.000 0.000 0.000 0.000 0.000 0.000 0.000 0.000 0.000 0.000 0.000 0.000 0.000 0.000 0.000
