RESULTS/r.avaflow_results/33_results/33_ascii/33_hflow0034.asc
ncols 506
nrows 317
xllcenter 498237.50
yllcenter 5580050.00
cellsize 12.50
NODATA_value -9999.000
[rows 170 to 203 of 317, columns 77 to 153 of 506]
0.000 0.000 0.000 0.000 0.000 0.000 0.000 0.000 0.000 0.000 0.000 0.000 0.000 0.001 0.002 0.004 0.006 0.007 0.009 0.011 0.012 0.015 0.022 0.040 0.076 0.119 0.144 0.159 0.173 0.187 0.201 0.213 0.224 0.234 0.246 0.268 0.305 0.335 0.346 0.344 0.321 0.269 0.231 0.226 0.272 0.396 0.581 0.792 1.039 1.379 1.896 2.734 3.945 5.102 5.794 6.128 6.402 6.812 7.383 8.118 9.050 10.154 11.406 12.588 13.410 13.874 14.052 14.064 13.865 13.458 12.917 12.183 11.354 10.687 10.214 9.850 9.564
0.000 0.000 0.000 0.000 0.000 0.000 0.000 0.000 0.000 0.000 0.000 0.001 0.002 0.004 0.007 0.011 0.016 0.021 0.026 0.031 0.036 0.045 0.064 0.100 0.150 0.191 0.212 0.226 0.241 0.256 0.271 0.286 0.300 0.315 0.335 0.371 0.427 0.472 0.489 0.484 0.453 0.397 0.375 0.426 0.615 0.940 1.321 1.716 2.181 2.793 3.611 4.614 5.598 6.261 6.600 6.808 7.056 7.432 7.964 8.671 9.573 10.651 11.870 12.966 13.688 14.057 14.155 14.075 13.828 13.466 13.052 12.630 12.321 12.211 12.237 12.319 12.476
0.000 0.000 0.000 0.000 0.000 0.000 0.000 0.000 0.000 0.000 0.001 0.002 0.006 0.010 0.017 0.025 0.034 0.045 0.057 0.070 0.085 0.108 0.147 0.200 0.249 0.278 0.295 0.310 0.326 0.342 0.360 0.378 0.397 0.417 0.446 0.496 0.573 0.638 0.669 0.673 0.651 0.625 0.679 0.907 1.356 1.940 2.514 3.101 3.816 4.655 5.472 6.173 6.679 6.969 7.145 7.330 7.570 7.907 8.381 9.043 9.897 10.932 12.097 13.121 13.774 14.065 14.119 14.069 13.940 13.791 13.712 13.745 13.890 14.081 14.320 14.748 15.482
0.000 0.000 0.000 0.000 0.000 0.000 0.000 0.000 0.000 0.001 0.003 0.006 0.012 0.020 0.031 0.044 0.060 0.080 0.104 0.132 0.165 0.210 0.271 0.327 0.361 0.381 0.398 0.414 0.432 0.451 0.471 0.493 0.516 0.542 0.579 0.640 0.732 0.828 0.895 0.939 0.976 1.060 1.317 1.842 2.606 3.397 4.113 4.844 5.591 6.287 6.861 7.244 7.449 7.566 7.657 7.774 7.975 8.272 8.707 9.324 10.123 11.089 12.154 13.089 13.674 13.946 14.090 14.218 14.383 14.588 14.779 14.944 15.127 15.364 15.757 16.514 17.764
0.000 0.000 0.000 0.000 0.000 0.000 0.000 0.000 0.000 0.002 0.005 0.011 0.021 0.033 0.049 0.070 0.096 0.129 0.169 0.217 0.276 0.347 0.416 0.463 0.489 0.508 0.526 0.545 0.564 0.585 0.608 0.632 0.659 0.689 0.732 0.802 0.906 1.039 1.178 1.321 1.494 1.815 2.419 3.319 4.318 5.186 5.892 6.505 7.047 7.499 7.834 8.017 8.103 8.139 8.118 8.140 8.286 8.540 8.940 9.498 10.211 11.074 11.995 12.837 13.440 13.840 14.186 14.536 14.883 15.169 15.367 15.523 15.725 16.067 16.679 17.690 19.150
0.000 0.000 0.000 0.000 0.000 0.000 0.000 0.000 0.000 0.002 0.007 0.016 0.028 0.047 0.072 0.103 0.143 0.193 0.255 0.330 0.418 0.506 0.572 0.615 0.641 0.664 0.685 0.706 0.728 0.751 0.774 0.799 0.826 0.859 0.902 0.975 1.096 1.274 1.515 1.821 2.233 2.923 4.003 5.233 6.246 6.981 7.492 7.874 8.202 8.444 8.581 8.658 8.685 8.642 8.530 8.437 8.499 8.712 9.060 9.550 10.158 10.879 11.639 12.402 13.126 13.733 14.230 14.647 15.005 15.274 15.450 15.607 15.829 16.254 17.024 18.152 19.578
0.000 0.000 0.000 0.000 0.000 0.000 0.000 0.000 0.000 0.002 0.008 0.018 0.033 0.056 0.089 0.135 0.195 0.273 0.366 0.478 0.593 0.688 0.755 0.800 0.831 0.857 0.881 0.905 0.929 0.953 0.976 0.998 1.019 1.048 1.082 1.139 1.262 1.477 1.801 2.259 2.931 4.039 5.625 7.029 7.962 8.526 8.827 9.000 9.131 9.215 9.212 9.199 9.150 9.046 8.884 8.710 8.677 8.813 9.090 9.492 9.992 10.561 11.178 11.880 12.718 13.476 14.030 14.432 14.731 14.928 15.044 15.172 15.393 15.886 16.753 17.936 19.332
0.000 0.000 0.000 0.000 0.000 0.000 0.000 0.000 0.000 0.002 0.008 0.018 0.035 0.061 0.099 0.154 0.232 0.340 0.486 0.659 0.801 0.907 0.982 1.034 1.069 1.097 1.123 1.149 1.173 1.196 1.216 1.229 1.240 1.252 1.264 1.293 1.399 1.629 2.007 2.563 3.409 4.843 6.875 8.450 9.365 9.773 9.884 9.900 9.866 9.807 9.717 9.620 9.500 9.354 9.172 8.958 8.832 8.858 9.033 9.330 9.703 10.134 10.635 11.275 12.108 12.842 13.327 13.631 13.805 13.867 13.877 13.923 14.098 14.611 15.576 16.896 18.392
0.000 0.000 0.000 0.000 0.000 0.000 0.000 0.000 0.000 0.002 0.008 0.017 0.034 0.062 0.102 0.162 0.249 0.378 0.566 0.822 1.042 1.179 1.271 1.331 1.369 1.397 1.422 1.445 1.466 1.482 1.492 1.496 1.491 1.474 1.445 1.444 1.516 1.734 2.139 2.764 3.716 5.345 7.735 9.525 10.427 10.698 10.690 10.582 10.402 10.220 10.068 9.920 9.751 9.575 9.381 9.154 8.966 8.897 8.944 9.093 9.306 9.593 9.968 10.485 11.165 11.718 12.046 12.190 12.195 12.086 11.967 11.928 12.108 12.704 13.796 15.288 16.984
0.000 0.000 0.000 0.000 0.000 0.000 0.000 0.000 0.000 0.002 0.006 0.015 0.032 0.059 0.101 0.162 0.253 0.391 0.599 0.912 1.282 1.522 1.638 1.704 1.743 1.768 1.786 1.801 1.811 1.817 1.815 1.805 1.779 1.718 1.628 1.591 1.626 1.816 2.225 2.888 3.907 5.594 8.178 10.229 11.157 11.328 11.251 11.036 10.732 10.482 10.282 10.099 9.913 9.730 9.532 9.304 9.070 8.922 8.862 8.855 8.897 8.980 9.144 9.430 9.849 10.152 10.275 10.247 10.122 9.967 9.877 9.933 10.298 11.086 12.282 13.789 15.512
0.000 0.000 0.000 0.000 0.000 0.000 0.000 0.000 0.000 0.001 0.004 0.010 0.024 0.049 0.089 0.152 0.245 0.384 0.598 0.927 1.410 1.874 2.102 2.171 2.200 2.214 2.221 2.222 2.218 2.209 2.193 2.164 2.104 1.993 1.831 1.739 1.740 1.894 2.293 2.975 4.033 5.692 8.274 10.532 11.575 11.727 11.586 11.278 10.892 10.604 10.373 10.179 9.998 9.823 9.633 9.404 9.142 8.923 8.768 8.642 8.529 8.424 8.357 8.350 8.459 8.536 8.512 8.420 8.306 8.222 8.212 8.370 8.850 9.711 10.906 12.354 13.994
0.000 0.000 0.000 0.000 0.000 0.000 0.000 0.000 0.000 0.000 0.001 0.004 0.012 0.028 0.060 0.114 0.199 0.330 0.536 0.869 1.384 2.060 2.552 2.723 2.744 2.744 2.737 2.721 2.696 2.668 2.632 2.575 2.476 2.314 2.083 1.918 1.880 1.987 2.363 3.060 4.142 5.737 8.184 10.540 11.718 11.924 11.735 11.357 10.939 10.640 10.394 10.199 10.035 9.868 9.682 9.458 9.183 8.904 8.659 8.439 8.201 7.937 7.662 7.402 7.276 7.186 7.063 6.936 6.838 6.800 6.849 7.067 7.569 8.389 9.501 10.831 12.291
0.000 0.000 0.000 0.000 0.000 0.000 0.000 0.000 0.000 0.000 0.000 0.001 0.004 0.010 0.024 0.053 0.106 0.197 0.358 0.656 1.186 2.007 2.827 3.246 3.344 3.348 3.330 3.295 3.252 3.200 3.135 3.044 2.906 2.703 2.418 2.180 2.090 2.144 2.470 3.167 4.270 5.817 8.031 10.367 11.655 11.948 11.771 11.370 10.935 10.609 10.372 10.188 10.018 9.857 9.693 9.476 9.191 8.864 8.550 8.243 7.897 7.493 7.042 6.612 6.337 6.118 5.917 5.751 5.643 5.605 5.662 5.882 6.334 7.042 7.992 9.125 10.360
0.000 0.000 0.000 0.000 0.000 0.000 0.000 0.000 0.000 0.000 0.000 0.000 0.001 0.003 0.007 0.017 0.037 0.074 0.151 0.340 0.805 1.729 2.915 3.630 3.886 3.952 3.963 3.935 3.877 3.800 3.703 3.580 3.411 3.178 2.868 2.588 2.436 2.434 2.679 3.326 4.407 5.898 7.851 9.996 11.340 11.774 11.684 11.342 10.909 10.547 10.303 10.129 9.980 9.833 9.673 9.459 9.168 8.822 8.444 8.046 7.603 7.089 6.529 6.023 5.657 5.339 5.063 4.841 4.688 4.607 4.612 4.758 5.093 5.638 6.400 7.373 8.506
0.000 0.000 0.000 0.000 0.000 0.000 0.000 0.000 0.000 0.000 0.000 0.000 0.000 0.001 0.003 0.007 0.014 0.027 0.058 0.149 0.454 1.296 2.728 3.813 4.291 4.467 4.540 4.551 4.518 4.446 4.336 4.190 4.005 3.764 3.462 3.179 2.994 2.941 3.079 3.597 4.570 5.963 7.657 9.431 10.712 11.311 11.387 11.198 10.815 10.415 10.130 9.952 9.846 9.762 9.624 9.417 9.126 8.775 8.344 7.873 7.344 6.752 6.125 5.577 5.150 4.762 4.418 4.134 3.923 3.781 3.706 3.728 3.902 4.277 4.886 5.744 6.798
0.000 0.000 0.000 0.000 0.000 0.000 0.000 0.000 0.000 0.000 0.000 0.000 0.000 0.001 0.002 0.005 0.010 0.019 0.037 0.087 0.271 0.911 2.318 3.748 4.502 4.847 5.024 5.114 5.138 5.111 5.030 4.888 4.699 4.472 4.212 3.979 3.815 3.744 3.794 4.140 4.890 6.060 7.489 8.827 9.882 10.568 10.824 10.790 10.567 10.192 9.826 9.592 9.483 9.460 9.413 9.291 9.060 8.716 8.265 7.738 7.141 6.487 5.802 5.224 4.748 4.311 3.912 3.571 3.303 3.099 2.946 2.856 2.880 3.085 3.514 4.190 5.084
0.000 0.000 0.000 0.000 0.000 0.000 0.000 0.000 0.000 0.000 0.000 0.000 0.000 0.001 0.003 0.006 0.012 0.020 0.038 0.081 0.207 0.656 1.820 3.440 4.525 5.079 5.389 5.590 5.704 5.738 5.711 5.629 5.491 5.311 5.131 4.992 4.901 4.862 4.869 5.039 5.493 6.312 7.437 8.455 9.225 9.782 10.074 10.126 10.070 9.813 9.404 9.043 8.873 8.871 8.925 8.944 8.865 8.599 8.161 7.604 6.974 6.278 5.555 4.939 4.415 3.935 3.499 3.118 2.800 2.542 2.330 2.166 2.077 2.116 2.325 2.708 3.152
0.000 0.000 0.000 0.000 0.000 0.000 0.000 0.000 0.000 0.000 0.000 0.000 0.001 0.003 0.006 0.011 0.019 0.032 0.052 0.096 0.207 0.526 1.365 2.877 4.323 5.162 5.628 5.960 6.192 6.318 6.353 6.328 6.260 6.158 6.063 6.003 5.978 5.981 6.009 6.117 6.367 6.834 7.574 8.314 8.836 9.191 9.393 9.439 9.420 9.261 8.911 8.440 8.122 8.072 8.184 8.331 8.399 8.294 7.946 7.421 6.801 6.100 5.369 4.710 4.129 3.609 3.146 2.739 2.386 2.086 1.836 1.625 1.451 1.355 1.358 1.449 1.491
0.000 0.000 0.000 0.000 0.000 0.000 0.000 0.000 0.000 0.000 0.000 0.001 0.002 0.006 0.013 0.024 0.040 0.062 0.095 0.147 0.250 0.498 1.097 2.268 3.854 5.048 5.723 6.200 6.566 6.802 6.915 6.945 6.928 6.889 6.845 6.825 6.826 6.839 6.873 6.970 7.137 7.406 7.808 8.283 8.608 8.796 8.889 8.923 8.909 8.768 8.469 7.991 7.561 7.359 7.357 7.505 7.661 7.685 7.510 7.114 6.566 5.912 5.212 4.517 3.877 3.315 2.831 2.406 2.030 1.703 1.426 1.179 0.941 0.758 0.640 0.572 0.500
0.000 0.000 0.000 0.000 0.000 0.000 0.000 0.000 0.000 0.000 0.000 0.001 0.005 0.012 0.028 0.052 0.086 0.129 0.181 0.251 0.358 0.564 1.003 1.871 3.291 4.749 5.684 6.321 6.830 7.187 7.400 7.496 7.520 7.512 7.491 7.480 7.483 7.488 7.498 7.563 7.662 7.799 7.994 8.271 8.458 8.554 8.563 8.552 8.511 8.361 8.083 7.631 7.167 6.860 6.709 6.696 6.769 6.811 6.764 6.537 6.123 5.564 4.917 4.233 3.592 3.017 2.520 2.086 1.697 1.351 1.045 0.767 0.517 0.342 0.241 0.181 0.144
0.000 0.000 0.000 0.000 0.000 0.000 0.000 0.000 0.000 0.000 0.001 0.003 0.009 0.025 0.058 0.110 0.175 0.249 0.330 0.425 0.546 0.726 1.063 1.731 2.889 4.371 5.507 6.314 6.965 7.467 7.787 7.953 8.017 8.032 8.019 7.997 7.975 7.963 7.960 7.969 7.991 8.029 8.096 8.231 8.322 8.350 8.333 8.267 8.177 8.002 7.718 7.305 6.832 6.479 6.226 6.065 5.955 5.862 5.772 5.621 5.332 4.872 4.265 3.621 3.041 2.515 2.041 1.622 1.249 0.916 0.624 0.386 0.219 0.129 0.085 0.062 0.049
0.000 0.000 0.000 0.000 0.000 0.000 0.000 0.000 0.000 0.000 0.001 0.005 0.017 0.051 0.117 0.213 0.325 0.439 0.557 0.684 0.827 1.002 1.265 1.785 2.731 4.062 5.263 6.215 7.003 7.629 8.073 8.322 8.413 8.434 8.422 8.398 8.359 8.314 8.272 8.227 8.167 8.125 8.127 8.164 8.180 8.181 8.129 8.017 7.874 7.661 7.366 6.979 6.509 6.116 5.804 5.539 5.296 5.061 4.824 4.559 4.236 3.801 3.223 2.628 2.112 1.659 1.259 0.916 0.633 0.409 0.247 0.136 0.074 0.046 0.033 0.027 0.023
0.000 0.000 0.000 0.000 0.000 0.000 0.000 0.000 0.000 0.001 0.003 0.010 0.035 0.099 0.215 0.373 0.543 0.709 0.876 1.047 1.225 1.414 1.645 2.038 2.789 3.912 5.103 6.114 6.975 7.686 8.210 8.564 8.710 8.727 8.725 8.679 8.632 8.562 8.497 8.398 8.266 8.164 8.104 8.074 8.041 8.011 7.911 7.768 7.580 7.333 7.018 6.631 6.159 5.727 5.367 5.041 4.724 4.398 4.039 3.617 3.119 2.568 2.010 1.509 1.095 0.766 0.515 0.331 0.204 0.121 0.069 0.039 0.025 0.019 0.016 0.014 0.013
0.000 0.000 0.000 0.000 0.000 0.000 0.000 0.000 0.000 0.001 0.004 0.018 0.063 0.173 0.356 0.589 0.826 1.062 1.296 1.523 1.746 1.971 2.209 2.528 3.078 3.953 5.051 6.074 6.959 7.709 8.277 8.682 8.881 8.924 8.930 8.878 8.820 8.741 8.629 8.468 8.285 8.132 8.031 7.967 7.900 7.809 7.675 7.502 7.276 6.989 6.632 6.230 5.741 5.276 4.887 4.536 4.182 3.785 3.311 2.738 2.116 1.550 1.091 0.732 0.464 0.279 0.162 0.093 0.053 0.031 0.019 0.014 0.011 0.010 0.009 0.009 0.009
0.000 0.000 0.000 0.000 0.000 0.000 0.000 0.000 0.000 0.001 0.005 0.021 0.080 0.233 0.494 0.829 1.170 1.501 1.821 2.120 2.399 2.666 2.933 3.230 3.641 4.266 5.137 6.107 6.981 7.729 8.316 8.739 8.976 9.050 9.052 9.021 8.954 8.861 8.701 8.511 8.263 8.048 7.891 7.785 7.684 7.564 7.404 7.200 6.940 6.611 6.210 5.760 5.238 4.724 4.288 3.896 3.489 3.005 2.400 1.738 1.173 0.768 0.483 0.289 0.164 0.088 0.046 0.025 0.014 0.010 0.008 0.007 0.006 0.006 0.006 0.006 0.005
0.000 0.000 0.000 0.000 0.000 0.000 0.000 0.000 0.000 0.001 0.004 0.020 0.081 0.258 0.583 1.029 1.530 2.018 2.457 2.849 3.196 3.507 3.804 4.104 4.440 4.879 5.495 6.283 7.097 7.804 8.376 8.785 9.036 9.132 9.138 9.115 9.037 8.917 8.726 8.499 8.210 7.936 7.711 7.551 7.400 7.250 7.063 6.816 6.511 6.131 5.698 5.200 4.624 3.998 3.391 2.843 2.310 1.751 1.198 0.760 0.466 0.277 0.161 0.091 0.049 0.024 0.012 0.007 0.005 0.004 0.004 0.003 0.003 0.003 0.003 0.003 0.003
0.000 0.000 0.000 0.000 0.000 0.000 0.000 0.000 0.000 0.001 0.003 0.018 0.076 0.260 0.632 1.184 1.852 2.575 3.211 3.728 4.157 4.519 4.835 5.128 5.424 5.753 6.163 6.714 7.375 7.996 8.508 8.880 9.113 9.214 9.219 9.177 9.073 8.925 8.721 8.460 8.137 7.788 7.477 7.231 7.014 6.810 6.590 6.315 5.977 5.564 5.091 4.543 3.903 3.128 2.325 1.661 1.130 0.708 0.404 0.221 0.123 0.071 0.042 0.024 0.013 0.006 0.003 0.002 0.002 0.002 0.002 0.002 0.002 0.002 0.002 0.002 0.001
0.000 0.000 0.000 0.000 0.000 0.000 0.000 0.000 0.000 0.000 0.002 0.013 0.064 0.245 0.653 1.304 2.124 3.063 3.980 4.720 5.282 5.703 6.037 6.325 6.577 6.810 7.064 7.408 7.845 8.319 8.714 9.007 9.186 9.277 9.285 9.211 9.068 8.907 8.680 8.396 8.033 7.610 7.197 6.849 6.537 6.248 5.950 5.629 5.264 4.832 4.333 3.755 3.062 2.227 1.455 0.879 0.483 0.241 0.112 0.053 0.028 0.016 0.010 0.006 0.003 0.002 0.001 0.001 0.001 0.001 0.001 0.001 0.001 0.001 0.001 0.000 0.000
0.000 0.000 0.000 0.000 0.000 0.000 0.000 0.000 0.000 0.000 0.002 0.011 0.053 0.221 0.657 1.399 2.359 3.440 4.588 5.608 6.403 6.974 7.378 7.671 7.878 8.026 8.151 8.305 8.522 8.792 9.028 9.217 9.310 9.342 9.313 9.202 9.034 8.841 8.584 8.267 7.876 7.403 6.897 6.429 5.996 5.599 5.194 4.781 4.342 3.854 3.314 2.715 2.043 1.350 0.795 0.412 0.189 0.079 0.032 0.013 0.006 0.004 0.002 0.001 0.001 0.000 0.000 0.000 0.000 0.000 0.000 0.000 0.000 0.000 0.000 0.000 0.000
0.000 0.000 0.000 0.000 0.000 0.000 0.000 0.000 0.000 0.001 0.002 0.011 0.050 0.214 0.672 1.487 2.552 3.714 4.979 6.255 7.307 8.072 8.590 8.927 9.139 9.253 9.297 9.336 9.383 9.430 9.463 9.486 9.432 9.350 9.269 9.132 8.943 8.701 8.401 8.060 7.653 7.157 6.588 6.006 5.470 4.974 4.480 3.980 3.460 2.915 2.343 1.757 1.193 0.712 0.366 0.163 0.066 0.025 0.009 0.003 0.002 0.001 0.001 0.000 0.000 0.000 0.000 0.000 0.000 0.000 0.000 0.000 0.000 0.000 0.000 0.000 0.000
0.000 0.000 0.000 0.001 0.001 0.001 0.001 0.001 0.001 0.001 0.003 0.011 0.052 0.231 0.728 1.598 2.703 3.878 5.173 6.617 7.923 8.920 9.601 10.006 10.220 10.306 10.321 10.297 10.210 10.068 9.888 9.710 9.479 9.257 9.070 8.880 8.667 8.429 8.133 7.780 7.354 6.855 6.257 5.607 4.984 4.414 3.860 3.305 2.744 2.180 1.620 1.092 0.649 0.332 0.146 0.057 0.021 0.007 0.003 0.001 0.001 0.000 0.000 0.000 0.000 0.000 0.000 0.000 0.000 0.000 0.000 0.000 0.000 0.000 0.000 0.000 0.000
0.001 0.001 0.002 0.002 0.002 0.002 0.002 0.002 0.002 0.002 0.004 0.013 0.063 0.284 0.843 1.735 2.795 3.939 5.241 6.766 8.306 9.536 10.377 10.869 11.094 11.147 11.135 11.041 10.830 10.536 10.173 9.835 9.437 9.026 8.672 8.376 8.133 7.903 7.629 7.310 6.912 6.459 5.877 5.200 4.509 3.881 3.293 2.719 2.148 1.593 1.081 0.648 0.332 0.144 0.055 0.019 0.007 0.002 0.001 0.001 0.000 0.000 0.000 0.000 0.000 0.000 0.000 0.000 0.000 0.000 0.000 0.000 0.000 0.000 0.000 0.000 0.000
0.002 0.003 0.004 0.004 0.004 0.003 0.003 0.003 0.003 0.004 0.006 0.018 0.087 0.357 0.957 1.828 2.822 3.945 5.253 6.786 8.459 9.877 10.866 11.428 11.673 11.714 11.670 11.523 11.211 10.805 10.295 9.815 9.277 8.664 8.109 7.661 7.333 7.064 6.790 6.515 6.183 5.816 5.340 4.717 4.022 3.358 2.745 2.170 1.617 1.103 0.668 0.349 0.153 0.057 0.019 0.006 0.002 0.001 0.000 0.000 0.000 0.000 0.000 0.000 0.000 0.000 0.000 0.000 0.000 0.000 0.000 0.000 0.000 0.000 0.000 0.000 0.000
0.005 0.005 0.005 0.005 0.005 0.004 0.004 0.004 0.005 0.005 0.008 0.023 0.099 0.393 1.004 1.851 2.807 3.911 5.216 6.743 8.444 9.947 11.044 11.692 11.963 12.001 11.914 11.726 11.365 10.903 10.306 9.665 8.953 8.165 7.407 6.768 6.300 5.942 5.630 5.360 5.100 4.843 4.529 4.066 3.467 2.821 2.184 1.608 1.094 0.666 0.351 0.155 0.058 0.019 0.006 0.002 0.001 0.000 0.000 0.000 0.000 0.000 0.000 0.000 0.000 0.000 0.000 0.000 0.000 0.000 0.000 0.000 0.000 0.000 0.000 0.000 0.000
