RESULTS/r.avaflow_results/33_results/33_ascii/33_hflow30055.asc
ncols 506
nrows 317
xllcenter 498237.50
yllcenter 5580050.00
cellsize 12.50
NODATA_value -9999.000
[rows 170 to 203 of 317, columns 154 to 230 of 506]
8.718 8.634 8.535 8.416 8.255 8.064 7.889 7.745 7.615 7.484 7.357 7.233 7.084 6.840 6.422 5.806 5.035 4.213 3.410 2.649 1.946 1.336 0.869 0.566 0.397 0.312 0.276 0.266 0.268 0.286 0.328 0.387 0.430 0.456 0.473 0.489 0.514 0.551 0.569 0.570 0.557 0.536 0.525 0.517 0.505 0.478 0.431 0.363 0.292 0.227 0.173 0.135 0.109 0.092 0.083 0.078 0.077 0.079 0.084 0.088 0.091 0.093 0.094 0.094 0.094 0.095 0.099 0.115 0.156 0.249 0.372 0.437 0.449 0.417 0.317 0.199 0.127
11.902 12.169 12.323 12.385 12.373 12.277 12.101 11.880 11.645 11.398 11.150 10.916 10.678 10.384 9.927 9.224 8.273 7.145 5.952 4.769 3.643 2.630 1.790 1.176 0.792 0.575 0.461 0.410 0.398 0.413 0.452 0.501 0.528 0.537 0.537 0.536 0.544 0.563 0.571 0.565 0.541 0.510 0.489 0.469 0.444 0.399 0.323 0.230 0.156 0.110 0.085 0.070 0.060 0.055 0.054 0.054 0.057 0.061 0.066 0.069 0.070 0.070 0.069 0.068 0.067 0.067 0.071 0.083 0.114 0.180 0.295 0.391 0.430 0.433 0.399 0.309 0.206
15.416 16.047 16.341 16.395 16.319 16.106 15.798 15.468 15.145 14.816 14.489 14.189 13.902 13.592 13.164 12.498 11.548 10.352 8.991 7.543 6.073 4.645 3.368 2.330 1.580 1.091 0.793 0.626 0.546 0.518 0.518 0.533 0.542 0.543 0.534 0.524 0.521 0.525 0.521 0.499 0.451 0.399 0.358 0.320 0.279 0.223 0.156 0.103 0.072 0.055 0.045 0.040 0.037 0.036 0.037 0.039 0.043 0.049 0.053 0.055 0.055 0.054 0.052 0.051 0.050 0.050 0.053 0.062 0.082 0.126 0.212 0.327 0.407 0.437 0.439 0.406 0.322
18.109 19.078 19.530 19.610 19.517 19.282 18.971 18.651 18.329 17.986 17.618 17.278 16.964 16.641 16.222 15.563 14.604 13.393 12.037 10.586 9.028 7.363 5.677 4.151 2.921 2.009 1.383 0.985 0.749 0.616 0.547 0.522 0.513 0.501 0.480 0.454 0.435 0.418 0.393 0.344 0.273 0.214 0.176 0.148 0.122 0.094 0.067 0.048 0.037 0.031 0.028 0.026 0.025 0.026 0.026 0.029 0.033 0.038 0.042 0.043 0.043 0.042 0.041 0.040 0.040 0.040 0.042 0.048 0.061 0.087 0.138 0.237 0.359 0.429 0.448 0.443 0.404
19.618 20.825 21.522 21.799 21.860 21.785 21.646 21.475 21.257 20.963 20.588 20.197 19.847 19.491 19.058 18.407 17.465 16.266 14.899 13.434 11.883 10.207 8.361 6.420 4.658 3.231 2.163 1.432 0.970 0.695 0.547 0.472 0.427 0.391 0.350 0.309 0.276 0.248 0.218 0.177 0.130 0.098 0.080 0.067 0.055 0.044 0.034 0.027 0.023 0.020 0.019 0.019 0.019 0.019 0.020 0.022 0.025 0.030 0.033 0.034 0.034 0.034 0.033 0.033 0.033 0.034 0.036 0.040 0.047 0.062 0.090 0.150 0.268 0.390 0.440 0.445 0.430
19.993 21.309 22.242 22.833 23.206 23.444 23.586 23.622 23.555 23.359 22.997 22.520 22.110 21.725 21.290 20.685 19.840 18.745 17.415 15.891 14.221 12.407 10.399 8.124 5.903 4.067 2.666 1.698 1.087 0.725 0.516 0.388 0.303 0.242 0.193 0.161 0.142 0.127 0.111 0.088 0.065 0.050 0.041 0.035 0.029 0.024 0.020 0.017 0.016 0.015 0.014 0.014 0.014 0.015 0.015 0.017 0.019 0.023 0.025 0.027 0.027 0.028 0.028 0.028 0.029 0.030 0.032 0.035 0.039 0.048 0.065 0.100 0.175 0.302 0.397 0.428 0.426
19.734 21.113 22.192 22.988 23.635 24.176 24.543 24.716 24.751 24.656 24.319 23.753 23.289 22.927 22.532 21.990 21.261 20.313 19.085 17.546 15.748 13.755 11.549 9.027 6.493 4.412 2.841 1.770 1.108 0.708 0.460 0.304 0.205 0.141 0.102 0.083 0.073 0.067 0.058 0.047 0.036 0.029 0.025 0.021 0.018 0.015 0.014 0.012 0.011 0.011 0.011 0.011 0.011 0.011 0.012 0.013 0.015 0.017 0.019 0.021 0.022 0.023 0.024 0.025 0.026 0.027 0.029 0.031 0.035 0.040 0.051 0.073 0.116 0.202 0.309 0.376 0.399
18.898 20.404 21.698 22.745 23.593 24.253 24.672 24.872 24.937 24.892 24.580 23.969 23.480 23.163 22.813 22.304 21.627 20.771 19.643 18.142 16.289 14.179 11.849 9.208 6.562 4.403 2.792 1.709 1.040 0.629 0.373 0.216 0.127 0.080 0.056 0.045 0.040 0.037 0.033 0.027 0.022 0.019 0.016 0.014 0.012 0.011 0.009 0.009 0.008 0.008 0.008 0.008 0.008 0.008 0.009 0.010 0.011 0.013 0.015 0.017 0.018 0.020 0.021 0.022 0.024 0.025 0.027 0.029 0.032 0.036 0.044 0.058 0.084 0.131 0.208 0.288 0.343
17.675 19.324 20.811 22.093 23.128 23.860 24.265 24.432 24.477 24.416 24.112 23.530 23.021 22.679 22.310 21.792 21.138 20.343 19.295 17.860 16.027 13.884 11.485 8.778 6.145 4.017 2.454 1.429 0.818 0.455 0.241 0.126 0.071 0.045 0.033 0.027 0.024 0.022 0.020 0.017 0.015 0.013 0.011 0.010 0.008 0.007 0.006 0.006 0.006 0.005 0.005 0.005 0.005 0.006 0.006 0.007 0.008 0.009 0.011 0.013 0.015 0.016 0.018 0.020 0.021 0.023 0.025 0.027 0.029 0.033 0.039 0.048 0.065 0.093 0.138 0.198 0.261
16.277 18.015 19.581 20.945 22.039 22.799 23.208 23.334 23.292 23.082 22.760 22.351 21.889 21.372 20.797 20.198 19.561 18.839 17.888 16.537 14.736 12.560 10.097 7.438 5.005 3.085 1.720 0.877 0.436 0.219 0.114 0.064 0.039 0.027 0.021 0.018 0.016 0.014 0.013 0.011 0.010 0.009 0.008 0.007 0.006 0.005 0.004 0.004 0.003 0.003 0.003 0.003 0.003 0.004 0.004 0.005 0.006 0.007 0.008 0.010 0.012 0.013 0.015 0.017 0.019 0.021 0.023 0.025 0.027 0.031 0.035 0.043 0.055 0.073 0.101 0.140 0.188
14.672 16.384 17.924 19.272 20.385 21.211 21.697 21.837 21.724 21.383 21.125 20.943 20.566 19.819 18.961 18.232 17.518 16.744 15.738 14.303 12.395 10.084 7.557 5.138 3.150 1.720 0.825 0.361 0.165 0.086 0.050 0.033 0.023 0.018 0.014 0.012 0.011 0.010 0.009 0.008 0.007 0.006 0.005 0.004 0.004 0.003 0.002 0.002 0.002 0.002 0.002 0.002 0.002 0.002 0.002 0.003 0.004 0.005 0.006 0.007 0.009 0.011 0.013 0.014 0.016 0.019 0.021 0.023 0.025 0.028 0.033 0.040 0.049 0.063 0.083 0.109 0.142
12.753 14.344 15.841 17.241 18.506 19.572 20.305 20.584 20.503 20.177 19.948 19.773 19.344 18.461 17.490 16.672 15.827 14.781 13.380 11.527 9.165 6.574 4.257 2.553 1.412 0.701 0.305 0.126 0.062 0.037 0.026 0.019 0.015 0.012 0.010 0.009 0.008 0.007 0.006 0.005 0.004 0.004 0.003 0.003 0.002 0.002 0.001 0.001 0.001 0.001 0.001 0.001 0.001 0.001 0.001 0.002 0.002 0.003 0.004 0.005 0.007 0.008 0.010 0.012 0.014 0.016 0.019 0.021 0.024 0.027 0.031 0.038 0.047 0.059 0.074 0.093 0.117
10.589 12.055 13.553 15.084 16.595 17.933 18.902 19.331 19.322 19.062 18.749 18.391 17.783 16.849 15.873 14.975 13.968 12.587 10.641 8.063 5.362 3.166 1.726 0.898 0.453 0.217 0.098 0.047 0.028 0.020 0.016 0.013 0.010 0.009 0.007 0.006 0.005 0.005 0.004 0.003 0.003 0.002 0.002 0.001 0.001 0.001 0.000 0.000 0.000 0.000 0.000 0.000 0.000 0.000 0.000 0.001 0.001 0.002 0.003 0.004 0.005 0.006 0.008 0.010 0.012 0.014 0.017 0.019 0.022 0.026 0.031 0.037 0.046 0.058 0.071 0.085 0.102
8.602 9.939 11.331 12.838 14.429 15.866 16.953 17.509 17.591 17.354 16.805 16.042 15.150 14.216 13.271 12.258 10.986 9.151 6.610 4.049 2.183 1.038 0.459 0.220 0.117 0.063 0.035 0.022 0.016 0.013 0.011 0.009 0.007 0.006 0.005 0.004 0.003 0.003 0.002 0.002 0.001 0.001 0.001 0.000 0.000 0.000 0.000 0.000 0.000 0.000 0.000 0.000 0.000 0.000 0.000 0.000 0.000 0.001 0.002 0.002 0.004 0.005 0.006 0.008 0.010 0.013 0.015 0.018 0.021 0.025 0.030 0.037 0.047 0.058 0.070 0.081 0.094
6.734 7.872 9.027 10.230 11.465 12.630 13.613 14.197 14.337 14.126 13.426 12.314 11.081 9.973 8.883 7.690 6.219 4.393 2.547 1.255 0.533 0.212 0.098 0.057 0.037 0.025 0.018 0.014 0.011 0.009 0.007 0.006 0.005 0.004 0.003 0.003 0.002 0.001 0.001 0.001 0.000 0.000 0.000 0.000 0.000 0.000 0.000 0.000 0.000 0.000 0.000 0.000 0.000 0.000 0.000 0.000 0.000 0.000 0.001 0.001 0.002 0.004 0.005 0.007 0.009 0.011 0.014 0.017 0.020 0.025 0.031 0.038 0.047 0.058 0.070 0.080 0.091
4.804 5.546 6.155 6.683 7.190 7.758 8.399 8.856 9.006 8.883 8.287 7.174 5.855 4.785 3.894 3.066 2.180 1.250 0.571 0.225 0.093 0.049 0.032 0.023 0.018 0.014 0.011 0.009 0.008 0.006 0.005 0.004 0.003 0.003 0.002 0.001 0.001 0.001 0.000 0.000 0.000 0.000 0.000 0.000 0.000 0.000 0.000 0.000 0.000 0.000 0.000 0.000 0.000 0.000 0.000 0.000 0.000 0.000 0.000 0.001 0.001 0.002 0.004 0.005 0.007 0.010 0.012 0.016 0.020 0.024 0.030 0.038 0.047 0.058 0.069 0.080 0.091
2.730 2.932 3.044 3.110 3.176 3.292 3.514 3.703 3.769 3.724 3.452 2.884 2.108 1.490 1.064 0.746 0.454 0.219 0.095 0.046 0.029 0.021 0.017 0.014 0.012 0.010 0.008 0.007 0.005 0.004 0.003 0.003 0.002 0.001 0.001 0.000 0.000 0.000 0.000 0.000 0.000 0.000 0.000 0.000 0.000 0.000 0.000 0.000 0.000 0.000 0.000 0.000 0.000 0.000 0.000 0.000 0.000 0.000 0.000 0.000 0.001 0.002 0.003 0.004 0.006 0.008 0.011 0.015 0.019 0.023 0.030 0.037 0.046 0.057 0.068 0.080 0.093
1.186 1.142 1.100 1.051 1.003 0.978 1.001 1.034 1.040 1.020 0.929 0.740 0.480 0.304 0.208 0.141 0.085 0.047 0.028 0.020 0.016 0.013 0.011 0.010 0.008 0.007 0.005 0.004 0.003 0.003 0.002 0.001 0.001 0.000 0.000 0.000 0.000 0.000 0.000 0.000 0.000 0.000 0.000 0.000 0.000 0.000 0.000 0.000 0.000 0.000 0.000 0.000 0.000 0.000 0.000 0.000 0.000 0.000 0.000 0.000 0.000 0.001 0.002 0.003 0.005 0.007 0.010 0.013 0.017 0.022 0.028 0.035 0.044 0.054 0.067 0.083 0.101
0.391 0.340 0.313 0.292 0.270 0.253 0.245 0.241 0.236 0.226 0.203 0.158 0.102 0.069 0.051 0.038 0.027 0.020 0.016 0.013 0.011 0.009 0.008 0.007 0.005 0.004 0.003 0.003 0.002 0.001 0.001 0.000 0.000 0.000 0.000 0.000 0.000 0.000 0.000 0.000 0.000 0.000 0.000 0.000 0.000 0.000 0.000 0.000 0.000 0.000 0.000 0.000 0.000 0.000 0.000 0.000 0.000 0.000 0.000 0.000 0.000 0.000 0.001 0.002 0.004 0.006 0.008 0.012 0.016 0.020 0.026 0.032 0.040 0.051 0.065 0.084 0.107
0.115 0.101 0.095 0.090 0.084 0.077 0.072 0.068 0.065 0.061 0.055 0.045 0.034 0.026 0.022 0.018 0.015 0.012 0.010 0.009 0.007 0.006 0.005 0.004 0.004 0.003 0.002 0.001 0.001 0.000 0.000 0.000 0.000 0.000 0.000 0.000 0.000 0.000 0.000 0.000 0.000 0.000 0.000 0.000 0.000 0.000 0.000 0.000 0.000 0.000 0.000 0.000 0.000 0.000 0.000 0.000 0.000 0.000 0.000 0.000 0.000 0.000 0.000 0.001 0.003 0.004 0.007 0.010 0.013 0.018 0.023 0.028 0.036 0.046 0.061 0.082 0.107
0.039 0.037 0.036 0.036 0.034 0.032 0.030 0.028 0.027 0.025 0.024 0.021 0.018 0.015 0.013 0.011 0.010 0.008 0.007 0.006 0.005 0.004 0.003 0.003 0.002 0.001 0.001 0.001 0.000 0.000 0.000 0.000 0.000 0.000 0.000 0.000 0.000 0.000 0.000 0.000 0.000 0.000 0.000 0.000 0.000 0.000 0.000 0.000 0.000 0.000 0.000 0.000 0.000 0.000 0.000 0.000 0.000 0.000 0.000 0.000 0.000 0.000 0.000 0.001 0.002 0.003 0.005 0.007 0.010 0.014 0.018 0.023 0.029 0.038 0.051 0.070 0.097
0.018 0.018 0.018 0.018 0.018 0.018 0.017 0.016 0.015 0.014 0.014 0.013 0.012 0.010 0.009 0.008 0.007 0.006 0.005 0.004 0.003 0.002 0.002 0.001 0.001 0.001 0.000 0.000 0.000 0.000 0.000 0.000 0.000 0.000 0.000 0.000 0.000 0.000 0.000 0.000 0.000 0.000 0.000 0.000 0.000 0.000 0.000 0.000 0.000 0.000 0.000 0.000 0.000 0.000 0.000 0.000 0.000 0.000 0.000 0.000 0.000 0.000 0.000 0.000 0.001 0.002 0.003 0.005 0.007 0.010 0.013 0.017 0.021 0.027 0.036 0.050 0.071
0.010 0.011 0.011 0.011 0.011 0.011 0.011 0.010 0.010 0.009 0.009 0.008 0.008 0.007 0.006 0.005 0.004 0.004 0.003 0.002 0.002 0.001 0.001 0.000 0.000 0.000 0.000 0.000 0.000 0.000 0.000 0.000 0.000 0.000 0.000 0.000 0.000 0.000 0.000 0.000 0.000 0.000 0.000 0.000 0.000 0.000 0.000 0.000 0.000 0.000 0.000 0.000 0.000 0.000 0.000 0.000 0.000 0.000 0.000 0.000 0.000 0.000 0.000 0.000 0.000 0.001 0.002 0.003 0.005 0.007 0.010 0.012 0.015 0.019 0.024 0.031 0.043
0.007 0.007 0.007 0.007 0.007 0.007 0.007 0.007 0.006 0.006 0.006 0.005 0.005 0.004 0.004 0.003 0.003 0.002 0.001 0.001 0.001 0.000 0.000 0.000 0.000 0.000 0.000 0.000 0.000 0.000 0.000 0.000 0.000 0.000 0.000 0.000 0.000 0.000 0.000 0.000 0.000 0.000 0.000 0.000 0.000 0.000 0.000 0.000 0.000 0.000 0.000 0.000 0.000 0.000 0.000 0.000 0.000 0.000 0.000 0.000 0.000 0.000 0.000 0.000 0.000 0.000 0.001 0.002 0.003 0.005 0.007 0.009 0.011 0.013 0.016 0.021 0.027
0.004 0.005 0.005 0.005 0.005 0.005 0.005 0.004 0.004 0.004 0.003 0.003 0.003 0.003 0.002 0.002 0.001 0.001 0.001 0.000 0.000 0.000 0.000 0.000 0.000 0.000 0.000 0.000 0.000 0.000 0.000 0.000 0.000 0.000 0.000 0.000 0.000 0.000 0.000 0.000 0.000 0.000 0.000 0.000 0.000 0.000 0.000 0.000 0.000 0.000 0.000 0.000 0.000 0.000 0.000 0.000 0.000 0.000 0.000 0.000 0.000 0.000 0.000 0.000 0.000 0.000 0.000 0.001 0.002 0.003 0.004 0.006 0.008 0.010 0.012 0.015 0.018
0.003 0.003 0.003 0.003 0.003 0.003 0.003 0.002 0.002 0.002 0.002 0.002 0.001 0.001 0.001 0.001 0.000 0.000 0.000 0.000 0.000 0.000 0.000 0.000 0.000 0.000 0.000 0.000 0.000 0.000 0.000 0.000 0.000 0.000 0.000 0.000 0.000 0.000 0.000 0.000 0.000 0.000 0.000 0.000 0.000 0.000 0.000 0.000 0.000 0.000 0.000 0.000 0.000 0.000 0.000 0.000 0.000 0.000 0.000 0.000 0.000 0.000 0.000 0.000 0.000 0.000 0.000 0.000 0.001 0.002 0.003 0.004 0.005 0.007 0.008 0.010 0.013
0.001 0.001 0.001 0.001 0.001 0.001 0.001 0.001 0.001 0.001 0.001 0.001 0.000 0.000 0.000 0.000 0.000 0.000 0.000 0.000 0.000 0.000 0.000 0.000 0.000 0.000 0.000 0.000 0.000 0.000 0.000 0.000 0.000 0.000 0.000 0.000 0.000 0.000 0.000 0.000 0.000 0.000 0.000 0.000 0.000 0.000 0.000 0.000 0.000 0.000 0.000 0.000 0.000 0.000 0.000 0.000 0.000 0.000 0.000 0.000 0.000 0.000 0.000 0.000 0.000 0.000 0.000 0.000 0.000 0.001 0.001 0.002 0.003 0.004 0.006 0.007 0.009
0.000 0.000 0.000 0.000 0.000 0.000 0.000 0.000 0.000 0.000 0.000 0.000 0.000 0.000 0.000 0.000 0.000 0.000 0.000 0.000 0.000 0.000 0.000 0.000 0.000 0.000 0.000 0.000 0.000 0.000 0.000 0.000 0.000 0.000 0.000 0.000 0.000 0.000 0.000 0.000 0.000 0.000 0.000 0.000 0.000 0.000 0.000 0.000 0.000 0.000 0.000 0.000 0.000 0.000 0.000 0.000 0.000 0.000 0.000 0.000 0.000 0.000 0.000 0.000 0.000 0.000 0.000 0.000 0.000 0.000 0.001 0.001 0.002 0.003 0.004 0.005 0.006
0.000 0.000 0.000 0.000 0.000 0.000 0.000 0.000 0.000 0.000 0.000 0.000 0.000 0.000 0.000 0.000 0.000 0.000 0.000 0.000 0.000 0.000 0.000 0.000 0.000 0.000 0.000 0.000 0.000 0.000 0.000 0.000 0.000 0.000 0.000 0.000 0.000 0.000 0.000 0.000 0.000 0.000 0.000 0.000 0.000 0.000 0.000 0.000 0.000 0.000 0.000 0.000 0.000 0.000 0.000 0.000 0.000 0.000 0.000 0.000 0.000 0.000 0.000 0.000 0.000 0.000 0.000 0.000 0.000 0.000 0.000 0.000 0.001 0.001 0.002 0.003 0.004
0.000 0.000 0.000 0.000 0.000 0.000 0.000 0.000 0.000 0.000 0.000 0.000 0.000 0.000 0.000 0.000 0.000 0.000 0.000 0.000 0.000 0.000 0.000 0.000 0.000 0.000 0.000 0.000 0.000 0.000 0.000 0.000 0.000 0.000 0.000 0.000 0.000 0.000 0.000 0.000 0.000 0.000 0.000 0.000 0.000 0.000 0.000 0.000 0.000 0.000 0.000 0.000 0.000 0.000 0.000 0.000 0.000 0.000 0.000 0.000 0.000 0.000 0.000 0.000 0.000 0.000 0.000 0.000 0.000 0.000 0.000 0.000 0.000 0.001 0.001 0.002 0.003
0.000 0.000 0.000 0.000 0.000 0.000 0.000 0.000 0.000 0.000 0.000 0.000 0.000 0.000 0.000 0.000 0.000 0.000 0.000 0.000 0.000 0.000 0.000 0.000 0.000 0.000 0.000 0.000 0.000 0.000 0.000 0.000 0.000 0.000 0.000 0.000 0.000 0.000 0.000 0.000 0.000 0.000 0.000 0.000 0.000 0.000 0.000 0.000 0.000 0.000 0.000 0.000 0.000 0.000 0.000 0.000 0.000 0.000 0.000 0.000 0.000 0.000 0.000 0.000 0.000 0.000 0.000 0.000 0.000 0.000 0.000 0.000 0.000 0.000 0.000 0.001 0.001
0.000 0.000 0.000 0.000 0.000 0.000 0.000 0.000 0.000 0.000 0.000 0.000 0.000 0.000 0.000 0.000 0.000 0.000 0.000 0.000 0.000 0.000 0.000 0.000 0.000 0.000 0.000 0.000 0.000 0.000 0.000 0.000 0.000 0.000 0.000 0.000 0.000 0.000 0.000 0.000 0.000 0.000 0.000 0.000 0.000 0.000 0.000 0.000 0.000 0.000 0.000 0.000 0.000 0.000 0.000 0.000 0.000 0.000 0.000 0.000 0.000 0.000 0.000 0.000 0.000 0.000 0.000 0.000 0.000 0.000 0.000 0.000 0.000 0.000 0.000 0.000 0.000
0.000 0.000 0.000 0.000 0.000 0.000 0.000 0.000 0.000 0.000 0.000 0.000 0.000 0.000 0.000 0.000 0.000 0.000 0.000 0.000 0.000 0.000 0.000 0.000 0.000 0.000 0.000 0.000 0.000 0.000 0.000 0.000 0.000 0.000 0.000 0.000 0.000 0.000 0.000 0.000 0.000 0.000 0.000 0.000 0.000 0.000 0.000 0.000 0.000 0.000 0.000 0.000 0.000 0.000 0.000 0.000 0.000 0.000 0.000 0.000 0.000 0.000 0.000 0.000 0.000 0.000 0.000 0.000 0.000 0.000 0.000 0.000 0.000 0.000 0.000 0.000 0.000
0.000 0.000 0.000 0.000 0.000 0.000 0.000 0.000 0.000 0.000 0.000 0.000 0.000 0.000 0.000 0.000 0.000 0.000 0.000 0.000 0.000 0.000 0.000 0.000 0.000 0.000 0.000 0.000 0.000 0.000 0.000 0.000 0.000 0.000 0.000 0.000 0.000 0.000 0.000 0.000 0.000 0.000 0.000 0.000 0.000 0.000 0.000 0.000 0.000 0.000 0.000 0.000 0.000 0.000 0.000 0.000 0.000 0.000 0.000 0.000 0.000 0.000 0.000 0.000 0.000 0.000 0.000 0.000 0.000 0.000 0.000 0.000 0.000 0.000 0.000 0.000 0.000
