RESULTS/r.avaflow_results/33_results/33_ascii/33_hflow_max0047.asc
ncols 506
nrows 317
xllcenter 498237.50
yllcenter 5580050.00
cellsize 12.50
NODATA_value -9999.000
[rows 170 to 203 of 317, columns 154 to 230 of 506]
15.422 15.167 14.959 14.736 14.486 14.240 13.944 13.618 13.277 12.933 12.622 12.291 11.919 11.773 11.448 10.810 9.869 8.759 7.634 6.632 5.805 5.055 4.338 3.745 3.292 2.935 2.699 2.566 2.514 2.547 2.612 2.693 2.802 2.893 2.969 3.065 3.150 3.192 3.186 3.170 3.095 2.970 2.823 2.689 2.563 2.426 2.249 2.013 1.718 1.412 1.126 0.859 0.652 0.503 0.395 0.314 0.257 0.218 0.190 0.168 0.153 0.138 0.122 0.107 0.101 0.103 0.108 0.123 0.207 0.398 0.678 0.898 1.079 1.211 1.302 1.336 1.296
18.858 18.856 18.774 18.591 18.290 17.892 17.433 16.966 16.519 16.062 15.649 15.200 14.830 14.663 14.277 13.582 12.605 11.465 10.226 8.974 7.821 6.725 5.637 4.759 4.076 3.508 3.064 2.765 2.603 2.553 2.598 2.702 2.844 2.953 3.024 3.084 3.139 3.171 3.165 3.105 2.973 2.770 2.533 2.303 2.086 1.852 1.565 1.235 0.926 0.660 0.474 0.351 0.268 0.209 0.166 0.136 0.119 0.108 0.101 0.096 0.092 0.085 0.078 0.070 0.069 0.070 0.073 0.091 0.155 0.297 0.552 0.785 0.972 1.097 1.177 1.216 1.207
22.084 22.349 22.324 22.074 21.646 21.106 20.519 19.953 19.428 18.924 18.435 17.920 17.691 17.509 17.117 16.401 15.409 14.301 13.169 11.946 10.577 9.122 7.637 6.345 5.310 4.430 3.698 3.154 2.808 2.626 2.558 2.602 2.711 2.860 2.941 2.993 3.014 2.993 2.912 2.749 2.475 2.093 1.692 1.345 1.059 0.855 0.675 0.498 0.350 0.246 0.180 0.137 0.107 0.086 0.070 0.061 0.060 0.059 0.059 0.060 0.059 0.056 0.052 0.051 0.050 0.051 0.054 0.068 0.112 0.211 0.417 0.685 0.888 1.037 1.108 1.145 1.145
24.426 24.938 25.025 24.831 24.422 23.900 23.348 22.814 22.290 21.751 21.248 20.826 20.646 20.435 20.046 19.368 18.426 17.321 16.126 14.850 13.461 11.911 10.204 8.516 7.035 5.778 4.730 3.898 3.283 2.856 2.622 2.505 2.493 2.641 2.738 2.744 2.686 2.561 2.333 1.968 1.491 1.027 0.694 0.486 0.397 0.317 0.241 0.175 0.125 0.091 0.069 0.055 0.044 0.036 0.033 0.033 0.035 0.039 0.042 0.043 0.042 0.041 0.040 0.039 0.039 0.040 0.043 0.051 0.080 0.145 0.285 0.548 0.796 0.987 1.074 1.104 1.105
25.306 26.017 26.380 26.466 26.342 26.110 25.836 25.517 25.111 24.602 24.038 23.713 23.492 23.250 22.870 22.262 21.376 20.260 18.974 17.577 16.065 14.418 12.547 10.519 8.690 7.107 5.795 4.735 3.907 3.279 2.810 2.492 2.399 2.430 2.446 2.359 2.139 1.786 1.374 0.968 0.629 0.393 0.246 0.182 0.146 0.115 0.087 0.065 0.048 0.037 0.030 0.024 0.021 0.019 0.020 0.022 0.025 0.029 0.032 0.033 0.033 0.033 0.032 0.032 0.032 0.033 0.036 0.041 0.058 0.100 0.191 0.393 0.692 0.921 1.036 1.074 1.079
25.195 26.043 26.620 26.956 27.163 27.303 27.364 27.291 27.069 26.674 26.252 25.829 25.570 25.322 24.967 24.432 23.685 22.681 21.388 19.843 18.128 16.348 14.493 12.364 10.099 8.142 6.563 5.321 4.357 3.617 3.047 2.620 2.432 2.324 2.162 1.833 1.346 0.865 0.577 0.380 0.241 0.148 0.093 0.072 0.058 0.045 0.035 0.027 0.022 0.017 0.015 0.014 0.014 0.014 0.015 0.016 0.019 0.022 0.024 0.025 0.026 0.026 0.026 0.027 0.028 0.029 0.031 0.035 0.045 0.073 0.135 0.276 0.556 0.816 0.974 1.036 1.051
24.295 25.354 26.228 26.827 27.267 27.594 27.775 27.781 27.704 27.600 27.158 26.623 26.397 26.235 25.930 25.436 24.829 24.009 22.919 21.469 19.742 17.854 15.773 13.392 10.816 8.597 6.866 5.541 4.535 3.766 3.180 2.770 2.474 2.187 1.714 1.089 0.582 0.333 0.220 0.143 0.091 0.057 0.041 0.033 0.026 0.021 0.017 0.014 0.012 0.011 0.011 0.011 0.011 0.011 0.011 0.012 0.014 0.016 0.018 0.020 0.021 0.022 0.022 0.023 0.025 0.026 0.028 0.031 0.037 0.057 0.103 0.205 0.421 0.704 0.881 0.973 1.008
22.938 24.168 25.337 26.280 26.981 27.398 27.658 27.742 27.697 27.683 27.453 26.863 26.482 26.348 26.169 25.772 25.251 24.589 23.603 22.162 20.336 18.301 16.084 13.588 10.907 8.619 6.859 5.531 4.536 3.769 3.182 2.709 2.238 1.636 0.935 0.427 0.204 0.125 0.083 0.055 0.036 0.027 0.021 0.017 0.014 0.011 0.010 0.009 0.008 0.008 0.008 0.008 0.008 0.008 0.008 0.009 0.010 0.012 0.014 0.015 0.017 0.018 0.019 0.021 0.022 0.024 0.026 0.028 0.033 0.047 0.082 0.156 0.310 0.566 0.758 0.885 0.951
21.456 22.916 24.213 25.328 26.256 26.862 27.133 27.162 27.075 27.032 26.817 26.263 25.848 25.696 25.496 25.098 24.593 23.983 23.078 21.711 19.913 17.847 15.573 13.039 10.430 8.247 6.532 5.226 4.244 3.455 2.799 2.124 1.394 0.726 0.317 0.139 0.076 0.049 0.034 0.023 0.018 0.015 0.012 0.010 0.009 0.008 0.007 0.006 0.005 0.005 0.005 0.005 0.005 0.005 0.006 0.006 0.007 0.008 0.010 0.011 0.013 0.014 0.016 0.018 0.019 0.021 0.023 0.026 0.030 0.040 0.067 0.123 0.234 0.430 0.638 0.778 0.875
19.957 21.461 22.870 24.050 24.985 25.573 25.811 25.798 25.580 25.323 25.094 24.789 24.431 24.023 23.559 23.074 22.571 22.028 21.235 19.977 18.250 16.194 13.928 11.495 9.207 7.291 5.692 4.368 3.289 2.386 1.610 0.942 0.467 0.214 0.097 0.051 0.032 0.022 0.016 0.013 0.011 0.009 0.008 0.007 0.006 0.005 0.004 0.004 0.003 0.003 0.003 0.003 0.003 0.003 0.004 0.004 0.005 0.006 0.007 0.008 0.010 0.011 0.013 0.015 0.017 0.019 0.021 0.024 0.027 0.035 0.057 0.102 0.185 0.329 0.519 0.667 0.776
18.242 19.791 21.121 22.228 23.126 23.717 24.037 24.123 23.895 23.340 23.171 23.183 22.952 22.249 21.487 20.932 20.391 19.743 18.831 17.483 15.654 13.488 11.209 9.086 7.289 5.728 4.238 2.801 1.662 0.922 0.498 0.252 0.126 0.064 0.037 0.024 0.016 0.012 0.009 0.008 0.007 0.006 0.005 0.004 0.004 0.003 0.002 0.002 0.002 0.002 0.002 0.002 0.002 0.002 0.002 0.002 0.003 0.004 0.005 0.006 0.007 0.009 0.010 0.012 0.014 0.016 0.019 0.022 0.025 0.030 0.050 0.086 0.151 0.261 0.417 0.561 0.672
16.235 17.612 18.865 20.033 21.076 21.952 22.627 22.917 22.800 22.292 21.972 22.013 21.765 20.880 20.056 19.500 18.887 17.994 16.685 14.921 12.762 10.269 7.751 5.985 4.776 3.579 2.247 1.156 0.535 0.242 0.123 0.066 0.041 0.027 0.018 0.013 0.009 0.007 0.006 0.005 0.005 0.004 0.003 0.003 0.002 0.002 0.001 0.001 0.001 0.001 0.001 0.001 0.001 0.001 0.001 0.001 0.002 0.002 0.003 0.004 0.005 0.007 0.008 0.010 0.012 0.014 0.017 0.020 0.024 0.029 0.044 0.074 0.128 0.217 0.343 0.474 0.587
13.901 15.098 16.382 17.745 19.094 20.349 21.346 21.848 21.807 21.393 21.144 20.902 20.302 19.358 18.604 18.007 17.281 16.147 14.450 12.218 9.504 6.450 3.842 2.726 2.013 1.347 0.716 0.312 0.130 0.063 0.037 0.026 0.019 0.014 0.010 0.008 0.006 0.005 0.004 0.003 0.003 0.002 0.002 0.001 0.001 0.001 0.000 0.000 0.000 0.000 0.000 0.000 0.000 0.000 0.000 0.000 0.001 0.001 0.002 0.003 0.004 0.005 0.006 0.008 0.010 0.012 0.015 0.018 0.023 0.028 0.039 0.066 0.112 0.185 0.289 0.405 0.516
11.715 12.830 14.063 15.493 17.013 18.439 19.611 20.266 20.353 20.041 19.411 18.601 17.648 16.854 16.199 15.517 14.611 13.214 11.059 8.057 4.912 2.436 1.194 0.747 0.491 0.290 0.144 0.068 0.036 0.023 0.017 0.014 0.011 0.008 0.006 0.005 0.004 0.003 0.002 0.002 0.001 0.001 0.001 0.000 0.000 0.000 0.000 0.000 0.000 0.000 0.000 0.000 0.000 0.000 0.000 0.000 0.000 0.000 0.001 0.002 0.002 0.003 0.005 0.006 0.008 0.011 0.014 0.017 0.022 0.027 0.037 0.060 0.100 0.162 0.247 0.348 0.450
9.837 10.852 11.986 13.248 14.465 15.612 16.630 17.280 17.432 17.179 16.404 15.273 14.191 13.414 12.656 11.753 10.451 8.404 5.619 2.942 1.281 0.472 0.225 0.136 0.091 0.057 0.035 0.022 0.016 0.012 0.010 0.008 0.006 0.005 0.004 0.003 0.002 0.001 0.001 0.001 0.000 0.000 0.000 0.000 0.000 0.000 0.000 0.000 0.000 0.000 0.000 0.000 0.000 0.000 0.000 0.000 0.000 0.000 0.000 0.001 0.001 0.002 0.004 0.005 0.007 0.010 0.013 0.016 0.021 0.027 0.036 0.056 0.091 0.143 0.214 0.298 0.390
8.499 9.477 10.235 10.759 11.185 11.664 12.330 12.932 13.173 13.072 12.490 11.464 10.260 8.865 7.514 6.220 4.753 2.960 1.402 0.505 0.181 0.089 0.051 0.035 0.026 0.020 0.015 0.012 0.009 0.008 0.006 0.005 0.004 0.003 0.002 0.001 0.001 0.001 0.000 0.000 0.000 0.000 0.000 0.000 0.000 0.000 0.000 0.000 0.000 0.000 0.000 0.000 0.000 0.000 0.000 0.000 0.000 0.000 0.000 0.000 0.001 0.002 0.003 0.004 0.006 0.008 0.011 0.015 0.020 0.026 0.035 0.052 0.082 0.127 0.186 0.256 0.336
6.846 7.221 7.268 7.018 6.702 6.587 6.791 7.217 7.490 7.528 7.240 6.515 5.262 3.642 2.489 1.718 1.086 0.491 0.186 0.087 0.046 0.029 0.021 0.016 0.013 0.011 0.009 0.007 0.006 0.005 0.004 0.003 0.002 0.002 0.001 0.001 0.000 0.000 0.000 0.000 0.000 0.000 0.000 0.000 0.000 0.000 0.000 0.000 0.000 0.000 0.000 0.000 0.000 0.000 0.000 0.000 0.000 0.000 0.000 0.000 0.000 0.001 0.002 0.003 0.005 0.007 0.010 0.014 0.019 0.025 0.033 0.047 0.072 0.110 0.161 0.223 0.294
3.840 3.619 3.386 3.109 2.788 2.555 2.473 2.525 2.569 2.542 2.402 2.075 1.491 0.807 0.426 0.261 0.156 0.085 0.045 0.027 0.019 0.015 0.012 0.010 0.008 0.007 0.006 0.005 0.004 0.003 0.002 0.002 0.001 0.001 0.000 0.000 0.000 0.000 0.000 0.000 0.000 0.000 0.000 0.000 0.000 0.000 0.000 0.000 0.000 0.000 0.000 0.000 0.000 0.000 0.000 0.000 0.000 0.000 0.000 0.000 0.000 0.000 0.001 0.002 0.004 0.006 0.009 0.012 0.017 0.023 0.030 0.042 0.062 0.093 0.140 0.200 0.268
1.398 1.266 1.119 0.988 0.840 0.684 0.585 0.532 0.506 0.478 0.432 0.354 0.227 0.120 0.084 0.060 0.040 0.027 0.019 0.014 0.011 0.010 0.008 0.007 0.006 0.005 0.004 0.003 0.002 0.002 0.001 0.001 0.000 0.000 0.000 0.000 0.000 0.000 0.000 0.000 0.000 0.000 0.000 0.000 0.000 0.000 0.000 0.000 0.000 0.000 0.000 0.000 0.000 0.000 0.000 0.000 0.000 0.000 0.000 0.000 0.000 0.000 0.000 0.001 0.003 0.005 0.007 0.011 0.015 0.020 0.026 0.036 0.053 0.081 0.126 0.187 0.263
0.373 0.335 0.288 0.252 0.215 0.163 0.124 0.109 0.105 0.099 0.090 0.072 0.050 0.036 0.028 0.022 0.017 0.014 0.011 0.009 0.008 0.006 0.005 0.004 0.004 0.003 0.002 0.001 0.001 0.001 0.000 0.000 0.000 0.000 0.000 0.000 0.000 0.000 0.000 0.000 0.000 0.000 0.000 0.000 0.000 0.000 0.000 0.000 0.000 0.000 0.000 0.000 0.000 0.000 0.000 0.000 0.000 0.000 0.000 0.000 0.000 0.000 0.000 0.001 0.002 0.003 0.005 0.008 0.012 0.016 0.022 0.030 0.045 0.070 0.115 0.183 0.276
0.093 0.085 0.076 0.067 0.058 0.045 0.039 0.036 0.034 0.032 0.030 0.026 0.021 0.017 0.014 0.012 0.010 0.009 0.007 0.006 0.005 0.004 0.003 0.003 0.002 0.001 0.001 0.001 0.000 0.000 0.000 0.000 0.000 0.000 0.000 0.000 0.000 0.000 0.000 0.000 0.000 0.000 0.000 0.000 0.000 0.000 0.000 0.000 0.000 0.000 0.000 0.000 0.000 0.000 0.000 0.000 0.000 0.000 0.000 0.000 0.000 0.000 0.000 0.000 0.001 0.002 0.004 0.006 0.009 0.012 0.017 0.023 0.033 0.052 0.092 0.161 0.262
0.031 0.029 0.026 0.024 0.022 0.020 0.018 0.017 0.016 0.016 0.015 0.014 0.012 0.011 0.010 0.008 0.007 0.006 0.005 0.004 0.003 0.003 0.002 0.001 0.001 0.001 0.000 0.000 0.000 0.000 0.000 0.000 0.000 0.000 0.000 0.000 0.000 0.000 0.000 0.000 0.000 0.000 0.000 0.000 0.000 0.000 0.000 0.000 0.000 0.000 0.000 0.000 0.000 0.000 0.000 0.000 0.000 0.000 0.000 0.000 0.000 0.000 0.000 0.000 0.000 0.001 0.003 0.004 0.006 0.009 0.012 0.017 0.022 0.032 0.057 0.109 0.199
0.015 0.014 0.013 0.013 0.013 0.012 0.011 0.011 0.010 0.010 0.009 0.009 0.008 0.007 0.006 0.005 0.005 0.004 0.003 0.002 0.002 0.001 0.001 0.001 0.000 0.000 0.000 0.000 0.000 0.000 0.000 0.000 0.000 0.000 0.000 0.000 0.000 0.000 0.000 0.000 0.000 0.000 0.000 0.000 0.000 0.000 0.000 0.000 0.000 0.000 0.000 0.000 0.000 0.000 0.000 0.000 0.000 0.000 0.000 0.000 0.000 0.000 0.000 0.000 0.000 0.001 0.002 0.003 0.004 0.006 0.009 0.012 0.015 0.020 0.032 0.057 0.110
0.009 0.008 0.008 0.008 0.008 0.008 0.007 0.007 0.007 0.006 0.006 0.006 0.005 0.005 0.004 0.003 0.003 0.002 0.001 0.001 0.001 0.000 0.000 0.000 0.000 0.000 0.000 0.000 0.000 0.000 0.000 0.000 0.000 0.000 0.000 0.000 0.000 0.000 0.000 0.000 0.000 0.000 0.000 0.000 0.000 0.000 0.000 0.000 0.000 0.000 0.000 0.000 0.000 0.000 0.000 0.000 0.000 0.000 0.000 0.000 0.000 0.000 0.000 0.000 0.000 0.000 0.001 0.002 0.003 0.004 0.006 0.008 0.011 0.014 0.019 0.030 0.053
0.006 0.005 0.005 0.005 0.005 0.005 0.005 0.005 0.004 0.004 0.004 0.003 0.003 0.003 0.002 0.002 0.001 0.001 0.001 0.000 0.000 0.000 0.000 0.000 0.000 0.000 0.000 0.000 0.000 0.000 0.000 0.000 0.000 0.000 0.000 0.000 0.000 0.000 0.000 0.000 0.000 0.000 0.000 0.000 0.000 0.000 0.000 0.000 0.000 0.000 0.000 0.000 0.000 0.000 0.000 0.000 0.000 0.000 0.000 0.000 0.000 0.000 0.000 0.000 0.000 0.000 0.000 0.001 0.002 0.003 0.004 0.006 0.007 0.010 0.012 0.017 0.026
0.003 0.003 0.003 0.003 0.003 0.003 0.003 0.003 0.002 0.002 0.002 0.002 0.001 0.001 0.001 0.001 0.000 0.000 0.000 0.000 0.000 0.000 0.000 0.000 0.000 0.000 0.000 0.000 0.000 0.000 0.000 0.000 0.000 0.000 0.000 0.000 0.000 0.000 0.000 0.000 0.000 0.000 0.000 0.000 0.000 0.000 0.000 0.000 0.000 0.000 0.000 0.000 0.000 0.000 0.000 0.000 0.000 0.000 0.000 0.000 0.000 0.000 0.000 0.000 0.000 0.000 0.000 0.000 0.001 0.001 0.002 0.004 0.005 0.007 0.009 0.011 0.015
0.002 0.002 0.002 0.001 0.001 0.001 0.001 0.001 0.001 0.001 0.001 0.001 0.000 0.000 0.000 0.000 0.000 0.000 0.000 0.000 0.000 0.000 0.000 0.000 0.000 0.000 0.000 0.000 0.000 0.000 0.000 0.000 0.000 0.000 0.000 0.000 0.000 0.000 0.000 0.000 0.000 0.000 0.000 0.000 0.000 0.000 0.000 0.000 0.000 0.000 0.000 0.000 0.000 0.000 0.000 0.000 0.000 0.000 0.000 0.000 0.000 0.000 0.000 0.000 0.000 0.000 0.000 0.000 0.000 0.001 0.001 0.002 0.003 0.004 0.006 0.008 0.010
0.001 0.000 0.000 0.000 0.000 0.000 0.000 0.000 0.000 0.000 0.000 0.000 0.000 0.000 0.000 0.000 0.000 0.000 0.000 0.000 0.000 0.000 0.000 0.000 0.000 0.000 0.000 0.000 0.000 0.000 0.000 0.000 0.000 0.000 0.000 0.000 0.000 0.000 0.000 0.000 0.000 0.000 0.000 0.000 0.000 0.000 0.000 0.000 0.000 0.000 0.000 0.000 0.000 0.000 0.000 0.000 0.000 0.000 0.000 0.000 0.000 0.000 0.000 0.000 0.000 0.000 0.000 0.000 0.000 0.000 0.000 0.001 0.002 0.003 0.004 0.005 0.007
0.000 0.000 0.000 0.000 0.000 0.000 0.000 0.000 0.000 0.000 0.000 0.000 0.000 0.000 0.000 0.000 0.000 0.000 0.000 0.000 0.000 0.000 0.000 0.000 0.000 0.000 0.000 0.000 0.000 0.000 0.000 0.000 0.000 0.000 0.000 0.000 0.000 0.000 0.000 0.000 0.000 0.000 0.000 0.000 0.000 0.000 0.000 0.000 0.000 0.000 0.000 0.000 0.000 0.000 0.000 0.000 0.000 0.000 0.000 0.000 0.000 0.000 0.000 0.000 0.000 0.000 0.000 0.000 0.000 0.000 0.000 0.000 0.001 0.001 0.002 0.003 0.004
0.000 0.000 0.000 0.000 0.000 0.000 0.000 0.000 0.000 0.000 0.000 0.000 0.000 0.000 0.000 0.000 0.000 0.000 0.000 0.000 0.000 0.000 0.000 0.000 0.000 0.000 0.000 0.000 0.000 0.000 0.000 0.000 0.000 0.000 0.000 0.000 0.000 0.000 0.000 0.000 0.000 0.000 0.000 0.000 0.000 0.000 0.000 0.000 0.000 0.000 0.000 0.000 0.000 0.000 0.000 0.000 0.000 0.000 0.000 0.000 0.000 0.000 0.000 0.000 0.000 0.000 0.000 0.000 0.000 0.000 0.000 0.000 0.000 0.001 0.001 0.002 0.003
0.000 0.000 0.000 0.000 0.000 0.000 0.000 0.000 0.000 0.000 0.000 0.000 0.000 0.000 0.000 0.000 0.000 0.000 0.000 0.000 0.000 0.000 0.000 0.000 0.000 0.000 0.000 0.000 0.000 0.000 0.000 0.000 0.000 0.000 0.000 0.000 0.000 0.000 0.000 0.000 0.000 0.000 0.000 0.000 0.000 0.000 0.000 0.000 0.000 0.000 0.000 0.000 0.000 0.000 0.000 0.000 0.000 0.000 0.000 0.000 0.000 0.000 0.000 0.000 0.000 0.000 0.000 0.000 0.000 0.000 0.000 0.000 0.000 0.000 0.000 0.001 0.001
0.000 0.000 0.000 0.000 0.000 0.000 0.000 0.000 0.000 0.000 0.000 0.000 0.000 0.000 0.000 0.000 0.000 0.000 0.000 0.000 0.000 0.000 0.000 0.000 0.000 0.000 0.000 0.000 0.000 0.000 0.000 0.000 0.000 0.000 0.000 0.000 0.000 0.000 0.000 0.000 0.000 0.000 0.000 0.000 0.000 0.000 0.000 0.000 0.000 0.000 0.000 0.000 0.000 0.000 0.000 0.000 0.000 0.000 0.000 0.000 0.000 0.000 0.000 0.000 0.000 0.000 0.000 0.000 0.000 0.000 0.000 0.000 0.000 0.000 0.000 0.000 0.000
0.000 0.000 0.000 0.000 0.000 0.000 0.000 0.000 0.000 0.000 0.000 0.000 0.000 0.000 0.000 0.000 0.000 0.000 0.000 0.000 0.000 0.000 0.000 0.000 0.000 0.000 0.000 0.000 0.000 0.000 0.000 0.000 0.000 0.000 0.000 0.000 0.000 0.000 0.000 0.000 0.000 0.000 0.000 0.000 0.000 0.000 0.000 0.000 0.000 0.000 0.000 0.000 0.000 0.000 0.000 0.000 0.000 0.000 0.000 0.000 0.000 0.000 0.000 0.000 0.000 0.000 0.000 0.000 0.000 0.000 0.000 0.000 0.000 0.000 0.000 0.000 0.000
0.000 0.000 0.000 0.000 0.000 0.000 0.000 0.000 0.000 0.000 0.000 0.000 0.000 0.000 0.000 0.000 0.000 0.000 0.000 0.000 0.000 0.000 0.000 0.000 0.000 0.000 0.000 0.000 0.000 0.000 0.000 0.000 0.000 0.000 0.000 0.000 0.000 0.000 0.000 0.000 0.000 0.000 0.000 0.000 0.000 0.000 0.000 0.000 0.000 0.000 0.000 0.000 0.000 0.000 0.000 0.000 0.000 0.000 0.000 0.000 0.000 0.000 0.000 0.000 0.000 0.000 0.000 0.000 0.000 0.000 0.000 0.000 0.000 0.000 0.000 0.000 0.000
