RESULTS/r.avaflow_results/33_results/33_ascii/33_hflow30042.asc
ncols 506
nrows 317
xllcenter 498237.50
yllcenter 5580050.00
cellsize 12.50
NODATA_value -9999.000
[rows 170 to 203 of 317, columns 154 to 230 of 506]
8.928 8.848 8.752 8.631 8.469 8.288 8.132 7.996 7.864 7.728 7.597 7.468 7.311 7.049 6.596 5.935 5.121 4.263 3.439 2.662 1.947 1.333 0.867 0.570 0.410 0.332 0.302 0.296 0.302 0.327 0.381 0.456 0.510 0.541 0.558 0.572 0.594 0.626 0.642 0.639 0.615 0.581 0.560 0.543 0.523 0.490 0.434 0.356 0.279 0.211 0.158 0.122 0.099 0.085 0.077 0.073 0.073 0.076 0.080 0.085 0.087 0.089 0.089 0.089 0.090 0.091 0.097 0.116 0.168 0.292 0.488 0.609 0.634 0.591 0.440 0.257 0.153
12.280 12.562 12.720 12.777 12.765 12.652 12.447 12.204 11.956 11.693 11.432 11.186 10.937 10.633 10.171 9.457 8.476 7.305 6.079 4.866 3.711 2.678 1.828 1.213 0.830 0.615 0.504 0.457 0.447 0.466 0.516 0.582 0.621 0.633 0.633 0.627 0.628 0.638 0.643 0.631 0.594 0.548 0.515 0.486 0.452 0.398 0.312 0.214 0.142 0.100 0.077 0.063 0.055 0.051 0.050 0.051 0.054 0.059 0.065 0.067 0.068 0.067 0.066 0.065 0.064 0.065 0.069 0.084 0.121 0.207 0.376 0.539 0.606 0.609 0.551 0.399 0.242
15.871 16.493 16.761 16.791 16.694 16.453 16.119 15.769 15.427 15.078 14.735 14.424 14.129 13.812 13.376 12.702 11.743 10.550 9.194 7.728 6.228 4.769 3.470 2.420 1.664 1.169 0.864 0.693 0.609 0.580 0.587 0.613 0.633 0.637 0.628 0.610 0.599 0.591 0.580 0.546 0.481 0.413 0.361 0.317 0.270 0.210 0.143 0.094 0.065 0.050 0.042 0.037 0.035 0.034 0.035 0.037 0.041 0.047 0.052 0.054 0.053 0.052 0.050 0.049 0.048 0.049 0.052 0.062 0.086 0.143 0.263 0.442 0.570 0.616 0.614 0.551 0.402
18.602 19.535 19.942 19.990 19.873 19.605 19.263 18.922 18.579 18.213 17.828 17.479 17.160 16.830 16.405 15.742 14.780 13.572 12.226 10.791 9.240 7.560 5.855 4.311 3.067 2.141 1.500 1.085 0.835 0.692 0.620 0.596 0.590 0.580 0.557 0.520 0.488 0.458 0.419 0.354 0.270 0.207 0.168 0.140 0.114 0.087 0.061 0.044 0.034 0.029 0.026 0.024 0.024 0.024 0.025 0.028 0.032 0.037 0.041 0.042 0.042 0.041 0.039 0.038 0.038 0.039 0.041 0.047 0.062 0.096 0.168 0.314 0.499 0.606 0.633 0.622 0.549
20.103 21.261 21.909 22.147 22.184 22.077 21.914 21.719 21.480 21.163 20.767 20.368 20.012 19.651 19.213 18.562 17.627 16.439 15.086 13.636 12.097 10.427 8.578 6.629 4.858 3.418 2.334 1.581 1.088 0.785 0.618 0.532 0.478 0.435 0.387 0.335 0.293 0.257 0.221 0.173 0.124 0.093 0.075 0.062 0.051 0.040 0.031 0.025 0.021 0.019 0.018 0.018 0.018 0.018 0.019 0.021 0.024 0.029 0.031 0.032 0.032 0.032 0.031 0.031 0.031 0.032 0.034 0.038 0.047 0.065 0.106 0.194 0.372 0.555 0.627 0.634 0.609
20.451 21.719 22.603 23.152 23.493 23.700 23.818 23.826 23.742 23.525 23.140 22.651 22.239 21.854 21.422 20.824 19.992 18.915 17.604 16.095 14.437 12.634 10.628 8.352 6.127 4.281 2.864 1.870 1.222 0.821 0.581 0.432 0.332 0.260 0.204 0.167 0.145 0.128 0.109 0.084 0.061 0.047 0.038 0.032 0.027 0.022 0.019 0.016 0.015 0.014 0.013 0.013 0.013 0.014 0.015 0.016 0.018 0.021 0.024 0.025 0.025 0.025 0.026 0.026 0.027 0.028 0.030 0.032 0.038 0.048 0.071 0.123 0.240 0.437 0.578 0.620 0.615
20.184 21.520 22.550 23.302 23.911 24.414 24.739 24.880 24.898 24.785 24.427 23.843 23.386 23.030 22.641 22.108 21.390 20.462 19.254 17.729 15.941 13.959 11.758 9.242 6.712 4.625 3.040 1.944 1.241 0.799 0.517 0.336 0.222 0.149 0.105 0.083 0.073 0.065 0.056 0.044 0.034 0.028 0.023 0.020 0.017 0.015 0.013 0.012 0.011 0.010 0.010 0.010 0.010 0.011 0.011 0.012 0.014 0.016 0.018 0.019 0.020 0.021 0.021 0.022 0.023 0.024 0.026 0.028 0.032 0.039 0.053 0.084 0.151 0.292 0.465 0.562 0.590
19.324 20.799 22.056 23.065 23.875 24.489 24.862 25.027 25.072 25.012 24.676 24.049 23.572 23.258 22.912 22.408 21.739 20.896 19.778 18.287 16.442 14.346 12.030 9.405 6.768 4.606 2.981 1.867 1.155 0.702 0.413 0.235 0.135 0.082 0.056 0.045 0.039 0.036 0.031 0.026 0.021 0.018 0.015 0.013 0.012 0.010 0.009 0.008 0.008 0.008 0.007 0.007 0.007 0.008 0.008 0.009 0.010 0.011 0.013 0.014 0.015 0.016 0.018 0.019 0.020 0.021 0.023 0.025 0.028 0.033 0.043 0.062 0.100 0.178 0.311 0.445 0.524
18.087 19.711 21.168 22.417 23.414 24.100 24.461 24.597 24.623 24.543 24.218 23.625 23.129 22.786 22.415 21.899 21.249 20.463 19.422 17.992 16.162 14.030 11.644 8.955 6.327 4.190 2.603 1.541 0.887 0.491 0.257 0.132 0.073 0.045 0.032 0.027 0.024 0.021 0.019 0.016 0.014 0.012 0.011 0.009 0.008 0.007 0.006 0.006 0.005 0.005 0.005 0.005 0.005 0.005 0.005 0.006 0.007 0.008 0.009 0.010 0.012 0.013 0.014 0.016 0.017 0.019 0.020 0.022 0.025 0.029 0.036 0.049 0.072 0.115 0.189 0.297 0.404
16.696 18.404 19.941 21.271 22.324 23.042 23.412 23.512 23.450 23.215 22.886 22.477 22.020 21.488 20.904 20.303 19.668 18.951 18.002 16.646 14.840 12.668 10.219 7.575 5.137 3.191 1.791 0.916 0.452 0.226 0.117 0.064 0.039 0.027 0.020 0.017 0.015 0.014 0.012 0.011 0.010 0.009 0.008 0.007 0.006 0.005 0.004 0.004 0.003 0.003 0.003 0.003 0.003 0.003 0.003 0.004 0.004 0.005 0.006 0.007 0.009 0.010 0.011 0.013 0.014 0.016 0.018 0.020 0.023 0.026 0.032 0.041 0.056 0.081 0.123 0.186 0.267
15.100 16.773 18.283 19.599 20.675 21.470 21.928 22.048 21.920 21.560 21.309 21.122 20.730 19.957 19.096 18.368 17.652 16.862 15.833 14.380 12.454 10.137 7.622 5.212 3.215 1.761 0.847 0.369 0.166 0.085 0.050 0.032 0.023 0.017 0.014 0.012 0.011 0.010 0.009 0.008 0.007 0.006 0.005 0.004 0.004 0.003 0.002 0.002 0.002 0.002 0.002 0.002 0.002 0.002 0.002 0.002 0.002 0.003 0.004 0.005 0.006 0.007 0.009 0.010 0.012 0.014 0.016 0.018 0.021 0.024 0.029 0.036 0.048 0.064 0.090 0.128 0.177
13.168 14.713 16.194 17.578 18.816 19.860 20.566 20.815 20.721 20.376 20.148 19.969 19.520 18.603 17.629 16.814 15.964 14.898 13.467 11.586 9.196 6.588 4.277 2.585 1.442 0.717 0.310 0.125 0.060 0.036 0.025 0.019 0.015 0.012 0.010 0.009 0.008 0.007 0.006 0.005 0.004 0.004 0.003 0.003 0.002 0.002 0.001 0.001 0.001 0.001 0.000 0.000 0.000 0.001 0.001 0.001 0.001 0.002 0.002 0.003 0.004 0.005 0.007 0.008 0.010 0.012 0.014 0.016 0.019 0.022 0.027 0.034 0.044 0.057 0.075 0.098 0.129
11.011 12.435 13.914 15.437 16.927 18.236 19.168 19.558 19.529 19.247 18.915 18.534 17.902 16.949 15.979 15.088 14.076 12.674 10.710 8.110 5.379 3.168 1.733 0.910 0.461 0.219 0.096 0.045 0.027 0.019 0.015 0.012 0.010 0.009 0.007 0.006 0.005 0.005 0.004 0.003 0.003 0.002 0.002 0.001 0.001 0.001 0.000 0.000 0.000 0.000 0.000 0.000 0.000 0.000 0.000 0.000 0.000 0.001 0.001 0.002 0.003 0.004 0.005 0.006 0.008 0.010 0.012 0.015 0.018 0.022 0.027 0.033 0.043 0.054 0.068 0.084 0.103
9.053 10.351 11.712 13.198 14.747 16.132 17.169 17.675 17.730 17.462 16.870 16.070 15.168 14.237 13.307 12.305 11.027 9.182 6.638 4.067 2.186 1.039 0.462 0.220 0.115 0.061 0.033 0.021 0.016 0.013 0.010 0.009 0.007 0.006 0.005 0.004 0.003 0.003 0.002 0.002 0.001 0.001 0.001 0.000 0.000 0.000 0.000 0.000 0.000 0.000 0.000 0.000 0.000 0.000 0.000 0.000 0.000 0.000 0.000 0.001 0.002 0.002 0.004 0.005 0.007 0.008 0.011 0.014 0.017 0.021 0.026 0.033 0.043 0.054 0.065 0.077 0.089
7.198 8.297 9.398 10.543 11.708 12.807 13.747 14.286 14.396 14.147 13.393 12.234 11.005 9.914 8.842 7.658 6.193 4.384 2.553 1.262 0.537 0.212 0.096 0.055 0.035 0.024 0.017 0.013 0.011 0.009 0.007 0.006 0.005 0.004 0.003 0.003 0.002 0.001 0.001 0.001 0.000 0.000 0.000 0.000 0.000 0.000 0.000 0.000 0.000 0.000 0.000 0.000 0.000 0.000 0.000 0.000 0.000 0.000 0.000 0.000 0.001 0.001 0.002 0.004 0.005 0.007 0.010 0.013 0.016 0.021 0.026 0.034 0.043 0.054 0.064 0.074 0.085
5.216 5.909 6.433 6.868 7.289 7.795 8.415 8.861 8.995 8.852 8.224 7.075 5.773 4.732 3.859 3.046 2.175 1.258 0.581 0.229 0.092 0.046 0.030 0.022 0.017 0.013 0.011 0.009 0.007 0.006 0.005 0.004 0.003 0.003 0.002 0.001 0.001 0.001 0.000 0.000 0.000 0.000 0.000 0.000 0.000 0.000 0.000 0.000 0.000 0.000 0.000 0.000 0.000 0.000 0.000 0.000 0.000 0.000 0.000 0.000 0.000 0.001 0.002 0.003 0.004 0.006 0.009 0.012 0.015 0.020 0.026 0.034 0.043 0.053 0.064 0.074 0.084
2.878 3.052 3.116 3.125 3.149 3.248 3.475 3.680 3.749 3.703 3.430 2.854 2.086 1.481 1.066 0.751 0.460 0.223 0.095 0.045 0.027 0.020 0.016 0.013 0.011 0.009 0.008 0.006 0.005 0.004 0.003 0.003 0.002 0.001 0.001 0.000 0.000 0.000 0.000 0.000 0.000 0.000 0.000 0.000 0.000 0.000 0.000 0.000 0.000 0.000 0.000 0.000 0.000 0.000 0.000 0.000 0.000 0.000 0.000 0.000 0.000 0.000 0.001 0.002 0.003 0.005 0.008 0.011 0.015 0.019 0.025 0.033 0.042 0.052 0.063 0.075 0.088
1.169 1.123 1.074 1.011 0.960 0.942 0.975 1.022 1.035 1.018 0.929 0.738 0.476 0.302 0.206 0.139 0.083 0.045 0.027 0.019 0.015 0.012 0.011 0.009 0.008 0.006 0.005 0.004 0.003 0.003 0.002 0.001 0.001 0.000 0.000 0.000 0.000 0.000 0.000 0.000 0.000 0.000 0.000 0.000 0.000 0.000 0.000 0.000 0.000 0.000 0.000 0.000 0.000 0.000 0.000 0.000 0.000 0.000 0.000 0.000 0.000 0.000 0.000 0.001 0.002 0.004 0.007 0.010 0.014 0.018 0.024 0.031 0.040 0.050 0.063 0.079 0.098
0.353 0.311 0.286 0.265 0.245 0.232 0.228 0.229 0.226 0.218 0.196 0.152 0.097 0.065 0.048 0.036 0.025 0.019 0.014 0.012 0.010 0.009 0.008 0.006 0.005 0.004 0.003 0.003 0.002 0.001 0.001 0.000 0.000 0.000 0.000 0.000 0.000 0.000 0.000 0.000 0.000 0.000 0.000 0.000 0.000 0.000 0.000 0.000 0.000 0.000 0.000 0.000 0.000 0.000 0.000 0.000 0.000 0.000 0.000 0.000 0.000 0.000 0.000 0.001 0.002 0.003 0.006 0.009 0.012 0.017 0.023 0.029 0.037 0.048 0.062 0.083 0.108
0.099 0.088 0.083 0.078 0.073 0.068 0.064 0.062 0.059 0.056 0.051 0.042 0.031 0.024 0.020 0.017 0.014 0.012 0.010 0.008 0.007 0.006 0.005 0.004 0.003 0.003 0.002 0.001 0.001 0.000 0.000 0.000 0.000 0.000 0.000 0.000 0.000 0.000 0.000 0.000 0.000 0.000 0.000 0.000 0.000 0.000 0.000 0.000 0.000 0.000 0.000 0.000 0.000 0.000 0.000 0.000 0.000 0.000 0.000 0.000 0.000 0.000 0.000 0.000 0.001 0.003 0.005 0.007 0.011 0.015 0.020 0.026 0.033 0.044 0.060 0.082 0.110
0.035 0.033 0.032 0.032 0.030 0.029 0.027 0.025 0.024 0.023 0.021 0.019 0.016 0.014 0.012 0.011 0.009 0.008 0.007 0.006 0.005 0.004 0.003 0.003 0.002 0.001 0.001 0.001 0.000 0.000 0.000 0.000 0.000 0.000 0.000 0.000 0.000 0.000 0.000 0.000 0.000 0.000 0.000 0.000 0.000 0.000 0.000 0.000 0.000 0.000 0.000 0.000 0.000 0.000 0.000 0.000 0.000 0.000 0.000 0.000 0.000 0.000 0.000 0.000 0.001 0.002 0.003 0.005 0.008 0.012 0.016 0.022 0.028 0.037 0.051 0.072 0.100
0.017 0.017 0.017 0.017 0.017 0.016 0.015 0.015 0.014 0.013 0.013 0.012 0.011 0.010 0.009 0.007 0.006 0.005 0.005 0.004 0.003 0.002 0.002 0.001 0.001 0.001 0.000 0.000 0.000 0.000 0.000 0.000 0.000 0.000 0.000 0.000 0.000 0.000 0.000 0.000 0.000 0.000 0.000 0.000 0.000 0.000 0.000 0.000 0.000 0.000 0.000 0.000 0.000 0.000 0.000 0.000 0.000 0.000 0.000 0.000 0.000 0.000 0.000 0.000 0.000 0.001 0.002 0.004 0.006 0.009 0.012 0.016 0.021 0.027 0.036 0.052 0.074
0.011 0.011 0.011 0.011 0.011 0.010 0.010 0.009 0.009 0.009 0.008 0.008 0.007 0.007 0.006 0.005 0.004 0.003 0.003 0.002 0.002 0.001 0.001 0.000 0.000 0.000 0.000 0.000 0.000 0.000 0.000 0.000 0.000 0.000 0.000 0.000 0.000 0.000 0.000 0.000 0.000 0.000 0.000 0.000 0.000 0.000 0.000 0.000 0.000 0.000 0.000 0.000 0.000 0.000 0.000 0.000 0.000 0.000 0.000 0.000 0.000 0.000 0.000 0.000 0.000 0.000 0.001 0.002 0.004 0.006 0.009 0.012 0.015 0.019 0.024 0.032 0.044
0.007 0.007 0.007 0.007 0.007 0.007 0.007 0.006 0.006 0.006 0.005 0.005 0.005 0.004 0.004 0.003 0.003 0.002 0.001 0.001 0.001 0.000 0.000 0.000 0.000 0.000 0.000 0.000 0.000 0.000 0.000 0.000 0.000 0.000 0.000 0.000 0.000 0.000 0.000 0.000 0.000 0.000 0.000 0.000 0.000 0.000 0.000 0.000 0.000 0.000 0.000 0.000 0.000 0.000 0.000 0.000 0.000 0.000 0.000 0.000 0.000 0.000 0.000 0.000 0.000 0.000 0.001 0.001 0.003 0.004 0.006 0.008 0.011 0.013 0.016 0.021 0.027
0.005 0.005 0.005 0.005 0.005 0.005 0.004 0.004 0.004 0.004 0.003 0.003 0.003 0.003 0.002 0.002 0.001 0.001 0.001 0.000 0.000 0.000 0.000 0.000 0.000 0.000 0.000 0.000 0.000 0.000 0.000 0.000 0.000 0.000 0.000 0.000 0.000 0.000 0.000 0.000 0.000 0.000 0.000 0.000 0.000 0.000 0.000 0.000 0.000 0.000 0.000 0.000 0.000 0.000 0.000 0.000 0.000 0.000 0.000 0.000 0.000 0.000 0.000 0.000 0.000 0.000 0.000 0.001 0.001 0.003 0.004 0.006 0.007 0.009 0.012 0.014 0.018
0.003 0.003 0.003 0.003 0.003 0.003 0.003 0.002 0.002 0.002 0.002 0.002 0.001 0.001 0.001 0.001 0.000 0.000 0.000 0.000 0.000 0.000 0.000 0.000 0.000 0.000 0.000 0.000 0.000 0.000 0.000 0.000 0.000 0.000 0.000 0.000 0.000 0.000 0.000 0.000 0.000 0.000 0.000 0.000 0.000 0.000 0.000 0.000 0.000 0.000 0.000 0.000 0.000 0.000 0.000 0.000 0.000 0.000 0.000 0.000 0.000 0.000 0.000 0.000 0.000 0.000 0.000 0.000 0.001 0.001 0.002 0.004 0.005 0.007 0.008 0.010 0.013
0.001 0.001 0.001 0.001 0.001 0.001 0.001 0.001 0.001 0.001 0.001 0.000 0.000 0.000 0.000 0.000 0.000 0.000 0.000 0.000 0.000 0.000 0.000 0.000 0.000 0.000 0.000 0.000 0.000 0.000 0.000 0.000 0.000 0.000 0.000 0.000 0.000 0.000 0.000 0.000 0.000 0.000 0.000 0.000 0.000 0.000 0.000 0.000 0.000 0.000 0.000 0.000 0.000 0.000 0.000 0.000 0.000 0.000 0.000 0.000 0.000 0.000 0.000 0.000 0.000 0.000 0.000 0.000 0.000 0.001 0.001 0.002 0.003 0.004 0.006 0.007 0.009
0.000 0.000 0.000 0.000 0.000 0.000 0.000 0.000 0.000 0.000 0.000 0.000 0.000 0.000 0.000 0.000 0.000 0.000 0.000 0.000 0.000 0.000 0.000 0.000 0.000 0.000 0.000 0.000 0.000 0.000 0.000 0.000 0.000 0.000 0.000 0.000 0.000 0.000 0.000 0.000 0.000 0.000 0.000 0.000 0.000 0.000 0.000 0.000 0.000 0.000 0.000 0.000 0.000 0.000 0.000 0.000 0.000 0.000 0.000 0.000 0.000 0.000 0.000 0.000 0.000 0.000 0.000 0.000 0.000 0.000 0.000 0.001 0.002 0.003 0.004 0.005 0.006
0.000 0.000 0.000 0.000 0.000 0.000 0.000 0.000 0.000 0.000 0.000 0.000 0.000 0.000 0.000 0.000 0.000 0.000 0.000 0.000 0.000 0.000 0.000 0.000 0.000 0.000 0.000 0.000 0.000 0.000 0.000 0.000 0.000 0.000 0.000 0.000 0.000 0.000 0.000 0.000 0.000 0.000 0.000 0.000 0.000 0.000 0.000 0.000 0.000 0.000 0.000 0.000 0.000 0.000 0.000 0.000 0.000 0.000 0.000 0.000 0.000 0.000 0.000 0.000 0.000 0.000 0.000 0.000 0.000 0.000 0.000 0.000 0.001 0.001 0.002 0.003 0.004
0.000 0.000 0.000 0.000 0.000 0.000 0.000 0.000 0.000 0.000 0.000 0.000 0.000 0.000 0.000 0.000 0.000 0.000 0.000 0.000 0.000 0.000 0.000 0.000 0.000 0.000 0.000 0.000 0.000 0.000 0.000 0.000 0.000 0.000 0.000 0.000 0.000 0.000 0.000 0.000 0.000 0.000 0.000 0.000 0.000 0.000 0.000 0.000 0.000 0.000 0.000 0.000 0.000 0.000 0.000 0.000 0.000 0.000 0.000 0.000 0.000 0.000 0.000 0.000 0.000 0.000 0.000 0.000 0.000 0.000 0.000 0.000 0.000 0.001 0.001 0.002 0.003
0.000 0.000 0.000 0.000 0.000 0.000 0.000 0.000 0.000 0.000 0.000 0.000 0.000 0.000 0.000 0.000 0.000 0.000 0.000 0.000 0.000 0.000 0.000 0.000 0.000 0.000 0.000 0.000 0.000 0.000 0.000 0.000 0.000 0.000 0.000 0.000 0.000 0.000 0.000 0.000 0.000 0.000 0.000 0.000 0.000 0.000 0.000 0.000 0.000 0.000 0.000 0.000 0.000 0.000 0.000 0.000 0.000 0.000 0.000 0.000 0.000 0.000 0.000 0.000 0.000 0.000 0.000 0.000 0.000 0.000 0.000 0.000 0.000 0.000 0.000 0.001 0.001
0.000 0.000 0.000 0.000 0.000 0.000 0.000 0.000 0.000 0.000 0.000 0.000 0.000 0.000 0.000 0.000 0.000 0.000 0.000 0.000 0.000 0.000 0.000 0.000 0.000 0.000 0.000 0.000 0.000 0.000 0.000 0.000 0.000 0.000 0.000 0.000 0.000 0.000 0.000 0.000 0.000 0.000 0.000 0.000 0.000 0.000 0.000 0.000 0.000 0.000 0.000 0.000 0.000 0.000 0.000 0.000 0.000 0.000 0.000 0.000 0.000 0.000 0.000 0.000 0.000 0.000 0.000 0.000 0.000 0.000 0.000 0.000 0.000 0.000 0.000 0.000 0.000
0.000 0.000 0.000 0.000 0.000 0.000 0.000 0.000 0.000 0.000 0.000 0.000 0.000 0.000 0.000 0.000 0.000 0.000 0.000 0.000 0.000 0.000 0.000 0.000 0.000 0.000 0.000 0.000 0.000 0.000 0.000 0.000 0.000 0.000 0.000 0.000 0.000 0.000 0.000 0.000 0.000 0.000 0.000 0.000 0.000 0.000 0.000 0.000 0.000 0.000 0.000 0.000 0.000 0.000 0.000 0.000 0.000 0.000 0.000 0.000 0.000 0.000 0.000 0.000 0.000 0.000 0.000 0.000 0.000 0.000 0.000 0.000 0.000 0.000 0.000 0.000 0.000
0.000 0.000 0.000 0.000 0.000 0.000 0.000 0.000 0.000 0.000 0.000 0.000 0.000 0.000 0.000 0.000 0.000 0.000 0.000 0.000 0.000 0.000 0.000 0.000 0.000 0.000 0.000 0.000 0.000 0.000 0.000 0.000 0.000 0.000 0.000 0.000 0.000 0.000 0.000 0.000 0.000 0.000 0.000 0.000 0.000 0.000 0.000 0.000 0.000 0.000 0.000 0.000 0.000 0.000 0.000 0.000 0.000 0.000 0.000 0.000 0.000 0.000 0.000 0.000 0.000 0.000 0.000 0.000 0.000 0.000 0.000 0.000 0.000 0.000 0.000 0.000 0.000
