RESULTS/r.avaflow_results/33_results/33_ascii/33_hflow10012.asc
ncols 506
nrows 317
xllcenter 498237.50
yllcenter 5580050.00
cellsize 12.50
NODATA_value -9999.000
[rows 170 to 203 of 317, columns 77 to 153 of 506]
0.000 0.000 0.000 0.000 0.000 0.000 0.000 0.000 0.000 0.000 0.000 0.000 0.000 0.000 0.000 0.000 0.000 0.000 0.000 0.000 0.000 0.000 0.001 0.003 0.009 0.019 0.028 0.034 0.037 0.038 0.038 0.037 0.034 0.030 0.028 0.029 0.035 0.050 0.078 0.118 0.175 0.258 0.380 0.568 0.776 0.898 0.937 0.921 0.882 0.902 1.022 1.343 2.037 3.095 3.985 4.497 4.879 5.207 5.428 5.516 5.524 5.488 5.312 4.933 4.296 3.396 2.475 1.756 1.220 0.826 0.551 0.364 0.242 0.167 0.120 0.089 0.063
0.000 0.000 0.000 0.000 0.000 0.000 0.000 0.000 0.000 0.000 0.000 0.000 0.000 0.000 0.000 0.000 0.000 0.000 0.000 0.000 0.000 0.001 0.003 0.009 0.019 0.034 0.048 0.057 0.062 0.064 0.064 0.063 0.058 0.052 0.050 0.053 0.065 0.092 0.135 0.196 0.282 0.406 0.587 0.850 1.160 1.369 1.470 1.518 1.604 1.784 2.104 2.660 3.502 4.327 4.854 5.244 5.629 5.968 6.188 6.269 6.270 6.218 6.006 5.559 4.833 3.826 2.790 1.986 1.385 0.946 0.639 0.436 0.303 0.216 0.155 0.109 0.074
0.000 0.000 0.000 0.000 0.000 0.000 0.000 0.000 0.000 0.000 0.000 0.000 0.000 0.000 0.000 0.000 0.000 0.000 0.000 0.001 0.002 0.005 0.010 0.020 0.036 0.057 0.078 0.093 0.101 0.104 0.104 0.102 0.094 0.086 0.085 0.091 0.113 0.155 0.220 0.310 0.439 0.621 0.881 1.244 1.686 2.034 2.268 2.481 2.772 3.163 3.662 4.247 4.830 5.250 5.567 5.871 6.211 6.527 6.728 6.802 6.807 6.737 6.499 6.017 5.242 4.166 3.049 2.184 1.537 1.071 0.741 0.515 0.359 0.252 0.174 0.117 0.076
0.000 0.000 0.000 0.000 0.000 0.000 0.000 0.000 0.000 0.000 0.000 0.000 0.000 0.000 0.000 0.000 0.000 0.000 0.001 0.003 0.006 0.012 0.022 0.039 0.061 0.091 0.123 0.146 0.158 0.163 0.164 0.160 0.149 0.139 0.138 0.149 0.182 0.245 0.341 0.476 0.666 0.931 1.296 1.784 2.389 2.950 3.413 3.866 4.379 4.921 5.413 5.782 6.019 6.166 6.285 6.450 6.677 6.932 7.103 7.164 7.163 7.088 6.832 6.322 5.518 4.415 3.253 2.344 1.664 1.167 0.814 0.565 0.391 0.269 0.182 0.120 0.077
0.000 0.000 0.000 0.000 0.000 0.000 0.000 0.000 0.000 0.000 0.000 0.000 0.000 0.000 0.000 0.000 0.000 0.001 0.003 0.007 0.013 0.023 0.040 0.064 0.097 0.142 0.189 0.223 0.241 0.249 0.249 0.244 0.229 0.215 0.215 0.231 0.279 0.369 0.511 0.709 0.984 1.361 1.864 2.521 3.331 4.168 4.931 5.644 6.256 6.717 7.021 7.182 7.215 7.123 6.995 6.983 7.072 7.235 7.375 7.429 7.423 7.326 7.041 6.509 5.688 4.582 3.391 2.447 1.741 1.224 0.853 0.590 0.405 0.275 0.184 0.121 0.077
0.000 0.000 0.000 0.000 0.000 0.000 0.000 0.000 0.000 0.000 0.000 0.000 0.000 0.000 0.000 0.000 0.001 0.003 0.007 0.013 0.024 0.040 0.065 0.101 0.149 0.215 0.284 0.333 0.359 0.369 0.370 0.363 0.342 0.324 0.321 0.343 0.409 0.536 0.737 1.021 1.407 1.927 2.613 3.497 4.573 5.691 6.666 7.439 7.965 8.282 8.432 8.463 8.376 8.071 7.669 7.458 7.424 7.498 7.597 7.629 7.608 7.477 7.158 6.601 5.771 4.671 3.466 2.503 1.778 1.248 0.866 0.597 0.408 0.276 0.184 0.120 0.076
0.000 0.000 0.000 0.000 0.000 0.000 0.000 0.000 0.000 0.000 0.000 0.000 0.000 0.000 0.000 0.001 0.003 0.006 0.013 0.023 0.040 0.065 0.101 0.153 0.224 0.321 0.419 0.486 0.522 0.536 0.538 0.527 0.496 0.469 0.463 0.488 0.577 0.753 1.029 1.416 1.942 2.642 3.567 4.755 6.097 7.285 8.212 8.910 9.368 9.591 9.651 9.608 9.394 8.942 8.331 7.924 7.755 7.743 7.794 7.805 7.751 7.568 7.200 6.619 5.796 4.695 3.486 2.512 1.782 1.249 0.865 0.594 0.404 0.272 0.180 0.117 0.074
0.000 0.000 0.000 0.000 0.000 0.000 0.000 0.000 0.000 0.000 0.000 0.000 0.000 0.000 0.000 0.001 0.005 0.011 0.021 0.037 0.062 0.099 0.153 0.228 0.333 0.471 0.604 0.694 0.743 0.761 0.763 0.748 0.703 0.657 0.645 0.671 0.787 1.027 1.397 1.907 2.596 3.518 4.715 6.166 7.562 8.673 9.502 10.104 10.493 10.643 10.663 10.580 10.279 9.736 8.979 8.406 8.110 8.022 8.004 7.948 7.812 7.590 7.203 6.617 5.789 4.681 3.470 2.500 1.770 1.235 0.851 0.579 0.390 0.260 0.171 0.110 0.070
0.000 0.000 0.000 0.000 0.000 0.000 0.000 0.000 0.000 0.000 0.000 0.000 0.000 0.000 0.000 0.002 0.005 0.013 0.028 0.055 0.094 0.149 0.227 0.337 0.487 0.681 0.854 0.970 1.032 1.054 1.055 1.036 0.975 0.894 0.864 0.887 1.020 1.316 1.784 2.427 3.275 4.394 5.849 7.443 8.768 9.778 10.510 11.020 11.325 11.452 11.474 11.367 11.013 10.410 9.563 8.861 8.462 8.276 8.151 8.010 7.813 7.563 7.151 6.549 5.712 4.602 3.408 2.455 1.733 1.201 0.819 0.551 0.367 0.242 0.157 0.101 0.064
0.000 0.000 0.000 0.000 0.000 0.000 0.000 0.000 0.000 0.000 0.000 0.000 0.000 0.000 0.000 0.001 0.005 0.013 0.031 0.067 0.130 0.217 0.333 0.490 0.703 0.966 1.183 1.326 1.402 1.429 1.429 1.405 1.322 1.186 1.114 1.118 1.238 1.554 2.094 2.852 3.842 5.117 6.783 8.478 9.736 10.643 11.277 11.693 11.945 12.040 12.027 11.909 11.549 10.931 10.039 9.235 8.743 8.464 8.254 8.016 7.760 7.446 6.996 6.372 5.530 4.432 3.277 2.355 1.657 1.139 0.768 0.512 0.337 0.219 0.141 0.090 0.057
0.000 0.000 0.000 0.000 0.000 0.000 0.000 0.000 0.000 0.000 0.000 0.000 0.000 0.000 0.000 0.001 0.004 0.012 0.028 0.067 0.149 0.288 0.471 0.699 0.997 1.338 1.604 1.777 1.868 1.899 1.898 1.865 1.747 1.539 1.394 1.359 1.440 1.745 2.321 3.170 4.278 5.686 7.483 9.225 10.482 11.318 11.831 12.144 12.300 12.361 12.343 12.250 11.902 11.300 10.410 9.526 8.940 8.578 8.287 7.973 7.637 7.237 6.726 6.069 5.215 4.144 3.053 2.188 1.532 1.048 0.703 0.465 0.303 0.195 0.124 0.078 0.049
0.000 0.000 0.000 0.000 0.000 0.000 0.000 0.000 0.000 0.000 0.000 0.000 0.000 0.000 0.000 0.001 0.002 0.006 0.019 0.053 0.139 0.322 0.610 0.964 1.387 1.810 2.131 2.336 2.440 2.474 2.472 2.417 2.255 1.969 1.724 1.626 1.659 1.919 2.489 3.393 4.603 6.121 7.994 9.738 10.996 11.780 12.200 12.462 12.583 12.590 12.519 12.396 12.061 11.488 10.654 9.738 9.061 8.599 8.234 7.873 7.445 6.951 6.357 5.640 4.752 3.708 2.724 1.946 1.358 0.929 0.624 0.412 0.267 0.171 0.108 0.067 0.041
0.000 0.000 0.000 0.000 0.000 0.000 0.000 0.000 0.000 0.000 0.000 0.000 0.000 0.000 0.000 0.000 0.001 0.003 0.008 0.028 0.102 0.305 0.696 1.241 1.866 2.395 2.771 3.008 3.126 3.158 3.146 3.064 2.854 2.490 2.143 1.971 1.953 2.137 2.661 3.570 4.834 6.421 8.340 10.054 11.284 12.038 12.436 12.633 12.703 12.695 12.586 12.417 12.109 11.555 10.791 9.881 9.140 8.591 8.134 7.684 7.180 6.588 5.897 5.093 4.143 3.145 2.298 1.632 1.135 0.780 0.529 0.353 0.230 0.146 0.092 0.057 0.034
0.000 0.000 0.000 0.000 0.000 0.000 0.000 0.000 0.000 0.000 0.000 0.000 0.000 0.000 0.000 0.000 0.001 0.002 0.005 0.013 0.058 0.253 0.722 1.444 2.292 3.012 3.505 3.778 3.901 3.933 3.909 3.804 3.557 3.123 2.689 2.451 2.386 2.482 2.904 3.750 5.016 6.653 8.598 10.251 11.421 12.161 12.546 12.708 12.743 12.714 12.590 12.359 12.033 11.517 10.806 9.945 9.168 8.534 7.960 7.401 6.808 6.132 5.347 4.449 3.482 2.600 1.881 1.324 0.912 0.623 0.424 0.288 0.190 0.122 0.076 0.046 0.028
0.000 0.000 0.000 0.000 0.000 0.000 0.000 0.000 0.000 0.000 0.000 0.000 0.000 0.000 0.000 0.001 0.002 0.004 0.006 0.011 0.036 0.191 0.682 1.539 2.570 3.490 4.172 4.578 4.754 4.788 4.757 4.630 4.360 3.894 3.390 3.106 3.010 3.041 3.323 4.019 5.201 6.836 8.766 10.375 11.474 12.176 12.558 12.718 12.745 12.696 12.520 12.173 11.759 11.339 10.717 9.941 9.161 8.443 7.731 7.029 6.329 5.575 4.720 3.795 2.913 2.158 1.544 1.074 0.730 0.489 0.326 0.220 0.148 0.097 0.060 0.036 0.021
0.000 0.000 0.000 0.000 0.000 0.000 0.000 0.000 0.000 0.000 0.000 0.000 0.000 0.000 0.001 0.003 0.005 0.007 0.009 0.014 0.031 0.141 0.597 1.516 2.687 3.775 4.663 5.277 5.601 5.698 5.679 5.549 5.273 4.813 4.293 3.989 3.874 3.870 4.032 4.544 5.522 7.032 8.865 10.398 11.443 12.165 12.530 12.686 12.685 12.580 12.299 11.773 11.171 10.778 10.319 9.757 9.082 8.321 7.495 6.638 5.790 4.949 4.072 3.207 2.437 1.788 1.266 0.869 0.581 0.379 0.241 0.153 0.099 0.064 0.041 0.025 0.015
0.000 0.000 0.000 0.000 0.000 0.000 0.000 0.000 0.000 0.000 0.000 0.000 0.000 0.001 0.003 0.006 0.009 0.014 0.018 0.025 0.041 0.118 0.490 1.392 2.667 3.889 4.961 5.800 6.343 6.594 6.642 6.564 6.329 5.922 5.431 5.114 4.981 4.963 5.050 5.391 6.118 7.343 8.977 10.434 11.389 12.058 12.362 12.469 12.459 12.312 11.937 11.214 10.313 9.786 9.505 9.192 8.763 8.106 7.218 6.219 5.232 4.329 3.477 2.698 2.025 1.469 1.028 0.696 0.456 0.288 0.174 0.099 0.055 0.032 0.021 0.013 0.008
0.000 0.000 0.000 0.000 0.000 0.000 0.000 0.000 0.000 0.000 0.000 0.000 0.001 0.003 0.007 0.012 0.019 0.027 0.037 0.050 0.070 0.132 0.398 1.176 2.498 3.879 5.092 6.129 6.888 7.343 7.516 7.509 7.396 7.151 6.766 6.462 6.332 6.311 6.358 6.553 7.028 7.892 9.163 10.424 11.285 11.832 12.056 12.124 12.084 11.885 11.413 10.601 9.498 8.673 8.370 8.244 8.030 7.594 6.776 5.708 4.638 3.728 2.934 2.243 1.655 1.181 0.815 0.543 0.347 0.212 0.120 0.061 0.029 0.014 0.008 0.005 0.003
0.000 0.000 0.000 0.000 0.000 0.000 0.000 0.000 0.000 0.000 0.000 0.001 0.002 0.007 0.015 0.027 0.042 0.059 0.079 0.102 0.128 0.179 0.362 0.955 2.171 3.721 5.070 6.266 7.237 7.889 8.243 8.326 8.299 8.183 7.962 7.716 7.587 7.563 7.593 7.717 8.014 8.550 9.382 10.370 11.092 11.484 11.615 11.660 11.584 11.336 10.841 10.037 8.932 7.912 7.284 7.043 6.891 6.616 5.995 5.019 3.960 3.107 2.409 1.815 1.308 0.908 0.610 0.397 0.246 0.143 0.075 0.035 0.015 0.006 0.003 0.002 0.001
0.000 0.000 0.000 0.000 0.000 0.000 0.000 0.000 0.000 0.000 0.000 0.001 0.005 0.015 0.034 0.062 0.095 0.129 0.163 0.197 0.229 0.273 0.404 0.846 1.846 3.388 4.937 6.274 7.379 8.198 8.742 8.977 9.037 9.009 8.895 8.717 8.572 8.494 8.488 8.569 8.745 9.060 9.557 10.281 10.814 11.033 11.089 11.080 10.975 10.722 10.272 9.505 8.481 7.401 6.539 5.984 5.599 5.236 4.760 4.028 3.146 2.414 1.830 1.347 0.942 0.626 0.401 0.250 0.149 0.081 0.039 0.017 0.007 0.003 0.001 0.001 0.001
0.000 0.000 0.000 0.000 0.000 0.000 0.000 0.000 0.000 0.000 0.001 0.003 0.011 0.033 0.077 0.140 0.205 0.262 0.312 0.354 0.389 0.426 0.515 0.853 1.688 3.058 4.656 6.160 7.402 8.365 9.067 9.452 9.594 9.624 9.589 9.472 9.292 9.149 9.102 9.123 9.187 9.317 9.595 10.085 10.437 10.562 10.575 10.534 10.391 10.131 9.699 8.992 8.046 6.956 5.996 5.203 4.562 3.977 3.398 2.775 2.135 1.589 1.141 0.791 0.526 0.333 0.203 0.121 0.069 0.036 0.017 0.007 0.003 0.001 0.001 0.001 0.000
0.000 0.000 0.000 0.000 0.000 0.000 0.000 0.000 0.000 0.000 0.001 0.007 0.024 0.072 0.164 0.290 0.396 0.480 0.546 0.594 0.628 0.659 0.718 0.967 1.663 2.856 4.321 5.903 7.308 8.403 9.220 9.744 9.977 10.025 10.019 9.902 9.738 9.566 9.435 9.372 9.337 9.387 9.549 9.818 10.017 10.091 10.083 10.008 9.835 9.572 9.133 8.470 7.578 6.513 5.476 4.584 3.804 3.092 2.442 1.856 1.359 0.952 0.629 0.391 0.232 0.134 0.076 0.043 0.024 0.013 0.006 0.003 0.002 0.001 0.001 0.000 0.000
0.000 0.000 0.000 0.000 0.000 0.000 0.000 0.000 0.000 0.000 0.002 0.013 0.048 0.140 0.304 0.517 0.677 0.794 0.883 0.944 0.984 1.016 1.064 1.246 1.790 2.793 4.108 5.627 7.126 8.354 9.262 9.864 10.182 10.249 10.264 10.170 9.994 9.786 9.603 9.460 9.350 9.348 9.386 9.490 9.594 9.619 9.562 9.444 9.276 8.977 8.530 7.887 7.020 5.976 4.903 3.979 3.178 2.469 1.842 1.308 0.885 0.565 0.333 0.180 0.091 0.046 0.024 0.014 0.008 0.005 0.003 0.001 0.001 0.001 0.000 0.000 0.000
0.000 0.000 0.000 0.000 0.000 0.000 0.000 0.000 0.000 0.000 0.003 0.016 0.065 0.194 0.420 0.725 1.008 1.203 1.329 1.419 1.482 1.534 1.594 1.737 2.135 2.917 4.073 5.495 6.979 8.242 9.207 9.863 10.234 10.311 10.326 10.275 10.095 9.882 9.632 9.431 9.243 9.152 9.070 9.049 9.062 9.052 8.983 8.843 8.646 8.316 7.838 7.196 6.332 5.283 4.225 3.333 2.583 1.946 1.405 0.954 0.603 0.350 0.184 0.087 0.039 0.018 0.009 0.005 0.003 0.002 0.001 0.001 0.001 0.000 0.000 0.000 0.000
0.000 0.000 0.000 0.000 0.000 0.000 0.000 0.000 0.000 0.000 0.003 0.016 0.068 0.211 0.474 0.840 1.264 1.639 1.878 2.024 2.130 2.217 2.309 2.448 2.736 3.299 4.217 5.482 6.914 8.160 9.152 9.833 10.218 10.320 10.326 10.266 10.096 9.907 9.608 9.310 8.976 8.756 8.615 8.531 8.471 8.397 8.273 8.111 7.874 7.509 7.008 6.341 5.465 4.425 3.435 2.624 1.971 1.442 1.010 0.660 0.393 0.209 0.099 0.042 0.017 0.007 0.004 0.002 0.001 0.001 0.001 0.000 0.000 0.000 0.000 0.000 0.000
0.000 0.000 0.000 0.000 0.000 0.000 0.000 0.000 0.000 0.000 0.002 0.014 0.062 0.205 0.480 0.883 1.398 1.981 2.456 2.741 2.919 3.059 3.189 3.341 3.570 3.972 4.647 5.651 6.923 8.101 9.026 9.703 10.092 10.221 10.251 10.179 10.012 9.814 9.474 9.048 8.563 8.198 7.953 7.778 7.640 7.529 7.368 7.160 6.888 6.471 5.965 5.279 4.393 3.403 2.540 1.874 1.358 0.945 0.622 0.380 0.210 0.103 0.044 0.017 0.007 0.003 0.001 0.001 0.001 0.000 0.000 0.000 0.000 0.000 0.000 0.000 0.000
0.000 0.000 0.000 0.000 0.000 0.000 0.000 0.000 0.000 0.000 0.001 0.009 0.046 0.174 0.451 0.883 1.452 2.172 2.952 3.526 3.860 4.072 4.242 4.408 4.603 4.885 5.343 6.062 7.063 8.121 8.944 9.538 9.880 10.017 10.043 9.972 9.798 9.531 9.126 8.588 7.993 7.499 7.113 6.833 6.599 6.401 6.173 5.908 5.596 5.144 4.618 3.959 3.162 2.356 1.701 1.186 0.788 0.490 0.285 0.155 0.078 0.035 0.014 0.006 0.002 0.001 0.001 0.000 0.000 0.000 0.000 0.000 0.000 0.000 0.000 0.000 0.000
0.000 0.000 0.000 0.000 0.000 0.000 0.000 0.000 0.000 0.000 0.001 0.004 0.024 0.119 0.380 0.840 1.467 2.256 3.252 4.220 4.873 5.245 5.474 5.653 5.818 6.019 6.301 6.749 7.414 8.223 8.893 9.361 9.618 9.714 9.729 9.619 9.376 9.020 8.542 7.925 7.255 6.650 6.113 5.692 5.347 5.022 4.695 4.368 4.018 3.593 3.142 2.631 2.046 1.465 0.986 0.614 0.350 0.181 0.086 0.039 0.017 0.008 0.003 0.001 0.001 0.000 0.000 0.000 0.000 0.000 0.000 0.000 0.000 0.000 0.000 0.000 0.000
0.000 0.000 0.000 0.000 0.000 0.000 0.000 0.000 0.000 0.000 0.000 0.002 0.013 0.071 0.284 0.746 1.435 2.286 3.363 4.660 5.755 6.441 6.810 7.038 7.204 7.318 7.431 7.615 7.934 8.396 8.841 9.149 9.315 9.356 9.284 9.092 8.740 8.261 7.698 7.028 6.318 5.640 4.982 4.410 3.968 3.601 3.271 2.962 2.655 2.319 1.961 1.571 1.146 0.754 0.448 0.236 0.109 0.044 0.017 0.007 0.003 0.001 0.001 0.000 0.000 0.000 0.000 0.000 0.000 0.000 0.000 0.000 0.000 0.000 0.000 0.000 0.000
0.000 0.000 0.000 0.000 0.000 0.000 0.000 0.000 0.000 0.000 0.000 0.001 0.008 0.044 0.204 0.628 1.345 2.258 3.378 4.833 6.361 7.455 8.085 8.400 8.527 8.551 8.490 8.411 8.466 8.615 8.805 8.932 8.957 8.881 8.658 8.325 7.830 7.241 6.605 5.930 5.232 4.499 3.788 3.198 2.754 2.416 2.136 1.886 1.642 1.390 1.114 0.812 0.527 0.302 0.149 0.064 0.024 0.009 0.003 0.001 0.001 0.000 0.000 0.000 0.000 0.000 0.000 0.000 0.000 0.000 0.000 0.000 0.000 0.000 0.000 0.000 0.000
0.000 0.000 0.000 0.000 0.000 0.000 0.000 0.000 0.000 0.000 0.000 0.001 0.004 0.028 0.146 0.510 1.201 2.147 3.315 4.829 6.667 8.178 9.113 9.563 9.672 9.630 9.392 9.050 8.845 8.758 8.708 8.665 8.513 8.243 7.776 7.201 6.555 5.909 5.268 4.658 4.041 3.370 2.703 2.163 1.772 1.496 1.286 1.105 0.929 0.751 0.557 0.357 0.198 0.094 0.038 0.014 0.005 0.002 0.001 0.000 0.000 0.000 0.000 0.000 0.000 0.000 0.000 0.000 0.000 0.000 0.000 0.000 0.000 0.000 0.000 0.000 0.000
0.000 0.000 0.000 0.000 0.000 0.000 0.000 0.000 0.000 0.000 0.000 0.001 0.002 0.016 0.096 0.384 1.000 1.921 3.112 4.688 6.728 8.610 9.829 10.380 10.492 10.386 9.995 9.446 9.031 8.762 8.520 8.277 7.849 7.268 6.461 5.587 4.836 4.191 3.626 3.141 2.684 2.209 1.720 1.316 1.025 0.828 0.689 0.573 0.462 0.351 0.235 0.133 0.063 0.025 0.009 0.003 0.001 0.000 0.000 0.000 0.000 0.000 0.000 0.000 0.000 0.000 0.000 0.000 0.000 0.000 0.000 0.000 0.000 0.000 0.000 0.000 0.000
0.000 0.000 0.000 0.000 0.000 0.000 0.000 0.000 0.000 0.000 0.000 0.001 0.003 0.009 0.048 0.228 0.699 1.517 2.680 4.302 6.520 8.681 10.077 10.708 10.808 10.638 10.165 9.518 8.968 8.476 7.962 7.398 6.649 5.734 4.564 3.484 2.735 2.220 1.827 1.531 1.300 1.092 0.868 0.652 0.488 0.377 0.303 0.246 0.192 0.136 0.082 0.042 0.018 0.006 0.002 0.001 0.000 0.000 0.000 0.000 0.000 0.000 0.000 0.000 0.000 0.000 0.000 0.000 0.000 0.000 0.000 0.000 0.000 0.000 0.000 0.000 0.000
0.000 0.000 0.000 0.000 0.000 0.000 0.000 0.000 0.000 0.001 0.001 0.002 0.004 0.007 0.019 0.083 0.304 0.825 1.762 3.220 5.309 7.623 9.271 10.076 10.257 10.094 9.595 8.886 8.168 7.415 6.573 5.619 4.577 3.459 2.386 1.625 1.145 0.845 0.641 0.503 0.419 0.361 0.302 0.230 0.168 0.126 0.099 0.080 0.062 0.043 0.024 0.011 0.004 0.001 0.001 0.000 0.000 0.000 0.000 0.000 0.000 0.000 0.000 0.000 0.000 0.000 0.000 0.000 0.000 0.000 0.000 0.000 0.000 0.000 0.000 0.000 0.000
