RESULTS/r.avaflow_results/33_results/33_ascii/33_hflow_max0043.asc
ncols 506
nrows 317
xllcenter 498237.50
yllcenter 5580050.00
cellsize 12.50
NODATA_value -9999.000
[rows 170 to 203 of 317, columns 154 to 230 of 506]
15.378 15.127 14.922 14.703 14.458 14.215 13.923 13.600 13.262 12.920 12.612 12.283 11.914 11.769 11.445 10.807 9.867 8.758 7.633 6.631 5.805 5.055 4.338 3.745 3.292 2.935 2.699 2.566 2.514 2.546 2.612 2.693 2.802 2.893 2.969 3.065 3.150 3.192 3.186 3.170 3.095 2.970 2.823 2.689 2.563 2.426 2.249 2.013 1.718 1.412 1.126 0.859 0.652 0.503 0.395 0.314 0.257 0.218 0.190 0.168 0.153 0.138 0.122 0.107 0.101 0.103 0.108 0.123 0.207 0.398 0.678 0.898 1.079 1.211 1.302 1.336 1.296
18.813 18.815 18.736 18.557 18.261 17.866 17.412 16.948 16.504 16.050 15.640 15.192 14.825 14.659 14.274 13.580 12.604 11.464 10.225 8.973 7.820 6.725 5.637 4.759 4.076 3.508 3.064 2.765 2.603 2.553 2.598 2.702 2.844 2.953 3.024 3.084 3.139 3.171 3.165 3.105 2.973 2.770 2.533 2.303 2.086 1.852 1.565 1.235 0.926 0.660 0.474 0.351 0.268 0.209 0.166 0.136 0.119 0.108 0.101 0.096 0.092 0.085 0.078 0.070 0.069 0.070 0.073 0.091 0.155 0.297 0.552 0.785 0.972 1.097 1.177 1.216 1.207
22.037 22.306 22.286 22.041 21.618 21.081 20.498 19.935 19.413 18.913 18.426 17.913 17.685 17.505 17.114 16.399 15.407 14.299 13.168 11.945 10.577 9.121 7.637 6.345 5.310 4.430 3.698 3.154 2.807 2.626 2.558 2.602 2.711 2.860 2.941 2.993 3.014 2.993 2.912 2.749 2.475 2.093 1.692 1.345 1.059 0.855 0.675 0.498 0.350 0.246 0.180 0.137 0.107 0.086 0.070 0.061 0.060 0.059 0.059 0.060 0.059 0.056 0.052 0.051 0.050 0.051 0.054 0.068 0.112 0.211 0.417 0.685 0.888 1.037 1.108 1.145 1.145
24.378 24.894 24.988 24.798 24.393 23.875 23.327 22.797 22.276 21.740 21.240 20.819 20.640 20.431 20.043 19.366 18.424 17.320 16.125 14.849 13.460 11.910 10.203 8.516 7.035 5.778 4.730 3.898 3.283 2.856 2.622 2.505 2.493 2.641 2.738 2.744 2.686 2.561 2.333 1.968 1.491 1.027 0.694 0.486 0.397 0.317 0.241 0.175 0.125 0.091 0.069 0.055 0.044 0.036 0.033 0.033 0.035 0.039 0.042 0.043 0.042 0.041 0.040 0.039 0.039 0.040 0.042 0.051 0.080 0.145 0.285 0.548 0.796 0.987 1.074 1.104 1.105
25.257 25.973 26.343 26.433 26.313 26.086 25.816 25.500 25.097 24.591 24.030 23.707 23.487 23.246 22.867 22.259 21.374 20.258 18.973 17.576 16.065 14.418 12.547 10.519 8.690 7.107 5.795 4.735 3.907 3.279 2.810 2.492 2.399 2.430 2.446 2.359 2.139 1.786 1.374 0.968 0.629 0.393 0.246 0.182 0.146 0.115 0.087 0.065 0.048 0.037 0.030 0.024 0.021 0.019 0.020 0.022 0.025 0.029 0.031 0.032 0.032 0.032 0.031 0.031 0.032 0.033 0.035 0.041 0.058 0.100 0.191 0.393 0.692 0.921 1.036 1.074 1.079
25.146 25.999 26.583 26.923 27.135 27.279 27.344 27.275 27.056 26.664 26.244 25.822 25.565 25.318 24.963 24.429 23.683 22.680 21.387 19.842 18.128 16.348 14.493 12.364 10.099 8.142 6.563 5.321 4.357 3.617 3.047 2.620 2.432 2.324 2.162 1.833 1.346 0.865 0.577 0.380 0.241 0.148 0.093 0.072 0.058 0.045 0.035 0.027 0.022 0.017 0.015 0.014 0.014 0.014 0.015 0.016 0.019 0.021 0.024 0.025 0.025 0.026 0.026 0.026 0.027 0.028 0.031 0.034 0.045 0.073 0.135 0.276 0.556 0.816 0.974 1.036 1.051
24.247 25.311 26.190 26.795 27.240 27.571 27.756 27.765 27.691 27.589 27.149 26.616 26.392 26.231 25.926 25.434 24.827 24.008 22.918 21.468 19.741 17.853 15.773 13.392 10.815 8.597 6.866 5.541 4.535 3.766 3.180 2.770 2.474 2.187 1.714 1.089 0.582 0.333 0.220 0.143 0.091 0.057 0.041 0.033 0.026 0.021 0.017 0.014 0.012 0.011 0.010 0.010 0.010 0.011 0.011 0.012 0.014 0.016 0.018 0.019 0.020 0.021 0.021 0.022 0.023 0.025 0.027 0.030 0.036 0.057 0.103 0.205 0.421 0.704 0.881 0.973 1.008
22.889 24.124 25.299 26.248 26.954 27.375 27.639 27.726 27.684 27.672 27.444 26.856 26.477 26.344 26.166 25.769 25.249 24.588 23.602 22.161 20.336 18.301 16.084 13.587 10.907 8.619 6.859 5.531 4.536 3.769 3.182 2.708 2.238 1.636 0.935 0.427 0.204 0.125 0.083 0.055 0.036 0.027 0.021 0.017 0.014 0.011 0.010 0.009 0.008 0.008 0.007 0.007 0.007 0.008 0.008 0.009 0.010 0.011 0.013 0.014 0.016 0.017 0.018 0.019 0.020 0.022 0.024 0.026 0.031 0.047 0.082 0.156 0.310 0.566 0.758 0.885 0.951
21.407 22.873 24.175 25.295 26.228 26.839 27.114 27.147 27.062 27.022 26.809 26.256 25.843 25.692 25.493 25.096 24.591 23.982 23.076 21.710 19.913 17.847 15.573 13.039 10.430 8.247 6.532 5.226 4.244 3.455 2.799 2.124 1.394 0.726 0.317 0.139 0.075 0.049 0.034 0.023 0.018 0.015 0.012 0.010 0.009 0.008 0.007 0.006 0.005 0.005 0.005 0.005 0.005 0.005 0.006 0.006 0.007 0.008 0.009 0.011 0.012 0.013 0.015 0.016 0.017 0.019 0.021 0.024 0.027 0.040 0.067 0.123 0.234 0.430 0.638 0.778 0.875
19.906 21.416 22.830 24.016 24.956 25.548 25.791 25.782 25.567 25.312 25.086 24.783 24.425 24.019 23.555 23.071 22.570 22.026 21.234 19.976 18.249 16.194 13.928 11.495 9.207 7.291 5.692 4.368 3.289 2.386 1.610 0.942 0.467 0.214 0.097 0.051 0.032 0.022 0.016 0.013 0.011 0.009 0.008 0.007 0.006 0.005 0.004 0.004 0.003 0.003 0.003 0.003 0.003 0.003 0.003 0.004 0.004 0.005 0.006 0.008 0.009 0.010 0.012 0.013 0.015 0.016 0.018 0.021 0.024 0.035 0.057 0.102 0.185 0.329 0.519 0.667 0.776
18.189 19.744 21.080 22.192 23.096 23.692 24.016 24.107 23.881 23.330 23.163 23.176 22.947 22.245 21.484 20.929 20.389 19.741 18.830 17.482 15.653 13.487 11.208 9.086 7.288 5.728 4.238 2.801 1.662 0.922 0.498 0.252 0.125 0.064 0.037 0.024 0.016 0.012 0.009 0.008 0.007 0.006 0.005 0.004 0.004 0.003 0.002 0.002 0.002 0.002 0.002 0.002 0.002 0.002 0.002 0.002 0.003 0.003 0.004 0.005 0.006 0.008 0.009 0.011 0.012 0.014 0.016 0.019 0.022 0.030 0.050 0.086 0.151 0.261 0.417 0.561 0.672
16.180 17.564 18.823 19.997 21.045 21.926 22.606 22.899 22.786 22.281 21.963 22.006 21.760 20.876 20.052 19.497 18.885 17.993 16.684 14.921 12.761 10.269 7.751 5.985 4.776 3.579 2.247 1.156 0.535 0.242 0.123 0.066 0.041 0.027 0.018 0.013 0.009 0.007 0.006 0.005 0.005 0.004 0.003 0.003 0.002 0.002 0.001 0.001 0.001 0.001 0.000 0.000 0.001 0.001 0.001 0.001 0.001 0.002 0.003 0.003 0.004 0.006 0.007 0.008 0.010 0.012 0.015 0.017 0.021 0.027 0.044 0.074 0.128 0.217 0.343 0.474 0.587
13.845 15.048 16.339 17.707 19.062 20.323 21.324 21.830 21.793 21.382 21.135 20.895 20.297 19.354 18.601 18.005 17.280 16.146 14.449 12.218 9.503 6.450 3.841 2.726 2.013 1.347 0.715 0.312 0.130 0.063 0.037 0.026 0.019 0.014 0.010 0.008 0.006 0.005 0.004 0.003 0.003 0.002 0.002 0.001 0.001 0.001 0.000 0.000 0.000 0.000 0.000 0.000 0.000 0.000 0.000 0.000 0.000 0.001 0.001 0.002 0.003 0.004 0.005 0.007 0.009 0.011 0.013 0.016 0.020 0.026 0.039 0.066 0.112 0.185 0.289 0.405 0.516
11.657 12.779 14.019 15.454 16.980 18.411 19.589 20.247 20.338 20.029 19.402 18.594 17.642 16.850 16.196 15.515 14.609 13.213 11.058 8.056 4.912 2.435 1.194 0.746 0.490 0.290 0.144 0.068 0.036 0.023 0.017 0.014 0.011 0.008 0.006 0.005 0.004 0.003 0.002 0.002 0.001 0.001 0.001 0.000 0.000 0.000 0.000 0.000 0.000 0.000 0.000 0.000 0.000 0.000 0.000 0.000 0.000 0.000 0.001 0.001 0.002 0.003 0.004 0.005 0.007 0.009 0.012 0.015 0.019 0.025 0.037 0.060 0.100 0.162 0.247 0.348 0.450
9.775 10.798 11.940 13.209 14.432 15.584 16.607 17.261 17.416 17.167 16.395 15.266 14.186 13.410 12.653 11.751 10.449 8.403 5.618 2.941 1.281 0.471 0.225 0.136 0.090 0.057 0.035 0.022 0.016 0.012 0.010 0.008 0.006 0.005 0.004 0.003 0.002 0.001 0.001 0.001 0.000 0.000 0.000 0.000 0.000 0.000 0.000 0.000 0.000 0.000 0.000 0.000 0.000 0.000 0.000 0.000 0.000 0.000 0.000 0.000 0.001 0.002 0.003 0.004 0.006 0.008 0.011 0.014 0.018 0.024 0.036 0.056 0.091 0.143 0.214 0.298 0.390
8.436 9.423 10.190 10.722 11.155 11.639 12.309 12.914 13.159 13.061 12.481 11.457 10.255 8.861 7.511 6.218 4.752 2.960 1.402 0.505 0.181 0.089 0.051 0.035 0.026 0.020 0.015 0.012 0.009 0.008 0.006 0.005 0.004 0.003 0.002 0.001 0.001 0.001 0.000 0.000 0.000 0.000 0.000 0.000 0.000 0.000 0.000 0.000 0.000 0.000 0.000 0.000 0.000 0.000 0.000 0.000 0.000 0.000 0.000 0.000 0.000 0.001 0.002 0.003 0.005 0.007 0.010 0.013 0.017 0.023 0.034 0.052 0.082 0.127 0.186 0.256 0.336
6.787 7.174 7.232 6.990 6.681 6.571 6.778 7.206 7.481 7.520 7.234 6.511 5.259 3.640 2.488 1.717 1.086 0.491 0.186 0.087 0.046 0.029 0.021 0.016 0.013 0.011 0.009 0.007 0.006 0.005 0.004 0.003 0.002 0.002 0.001 0.001 0.000 0.000 0.000 0.000 0.000 0.000 0.000 0.000 0.000 0.000 0.000 0.000 0.000 0.000 0.000 0.000 0.000 0.000 0.000 0.000 0.000 0.000 0.000 0.000 0.000 0.000 0.001 0.002 0.004 0.006 0.009 0.012 0.017 0.022 0.032 0.047 0.072 0.110 0.161 0.223 0.294
3.797 3.592 3.369 3.098 2.781 2.550 2.470 2.523 2.567 2.540 2.401 2.074 1.491 0.807 0.426 0.261 0.156 0.085 0.045 0.027 0.019 0.014 0.012 0.010 0.008 0.007 0.006 0.005 0.004 0.003 0.002 0.002 0.001 0.001 0.000 0.000 0.000 0.000 0.000 0.000 0.000 0.000 0.000 0.000 0.000 0.000 0.000 0.000 0.000 0.000 0.000 0.000 0.000 0.000 0.000 0.000 0.000 0.000 0.000 0.000 0.000 0.000 0.001 0.002 0.003 0.005 0.008 0.011 0.015 0.021 0.029 0.042 0.062 0.093 0.140 0.200 0.268
1.381 1.257 1.115 0.985 0.839 0.683 0.584 0.532 0.506 0.478 0.432 0.354 0.227 0.120 0.084 0.060 0.040 0.027 0.018 0.014 0.011 0.009 0.008 0.007 0.006 0.004 0.004 0.003 0.002 0.002 0.001 0.001 0.000 0.000 0.000 0.000 0.000 0.000 0.000 0.000 0.000 0.000 0.000 0.000 0.000 0.000 0.000 0.000 0.000 0.000 0.000 0.000 0.000 0.000 0.000 0.000 0.000 0.000 0.000 0.000 0.000 0.000 0.000 0.001 0.002 0.004 0.007 0.010 0.014 0.019 0.026 0.036 0.053 0.081 0.126 0.187 0.263
0.368 0.333 0.287 0.251 0.214 0.162 0.124 0.109 0.105 0.099 0.090 0.072 0.050 0.036 0.028 0.022 0.017 0.014 0.011 0.009 0.008 0.006 0.005 0.004 0.004 0.003 0.002 0.001 0.001 0.001 0.000 0.000 0.000 0.000 0.000 0.000 0.000 0.000 0.000 0.000 0.000 0.000 0.000 0.000 0.000 0.000 0.000 0.000 0.000 0.000 0.000 0.000 0.000 0.000 0.000 0.000 0.000 0.000 0.000 0.000 0.000 0.000 0.000 0.000 0.001 0.003 0.005 0.008 0.012 0.016 0.022 0.030 0.045 0.070 0.115 0.183 0.276
0.091 0.085 0.076 0.067 0.058 0.045 0.039 0.036 0.034 0.032 0.030 0.026 0.021 0.017 0.014 0.012 0.010 0.009 0.007 0.006 0.005 0.004 0.003 0.003 0.002 0.001 0.001 0.001 0.000 0.000 0.000 0.000 0.000 0.000 0.000 0.000 0.000 0.000 0.000 0.000 0.000 0.000 0.000 0.000 0.000 0.000 0.000 0.000 0.000 0.000 0.000 0.000 0.000 0.000 0.000 0.000 0.000 0.000 0.000 0.000 0.000 0.000 0.000 0.000 0.001 0.002 0.004 0.006 0.009 0.012 0.017 0.023 0.033 0.052 0.092 0.161 0.262
0.031 0.029 0.026 0.024 0.022 0.020 0.018 0.017 0.016 0.016 0.015 0.014 0.012 0.011 0.010 0.008 0.007 0.006 0.005 0.004 0.003 0.003 0.002 0.001 0.001 0.001 0.000 0.000 0.000 0.000 0.000 0.000 0.000 0.000 0.000 0.000 0.000 0.000 0.000 0.000 0.000 0.000 0.000 0.000 0.000 0.000 0.000 0.000 0.000 0.000 0.000 0.000 0.000 0.000 0.000 0.000 0.000 0.000 0.000 0.000 0.000 0.000 0.000 0.000 0.000 0.001 0.002 0.004 0.006 0.009 0.012 0.017 0.022 0.032 0.057 0.109 0.199
0.015 0.014 0.013 0.013 0.012 0.012 0.011 0.011 0.010 0.010 0.009 0.009 0.008 0.007 0.006 0.005 0.005 0.004 0.003 0.002 0.002 0.001 0.001 0.000 0.000 0.000 0.000 0.000 0.000 0.000 0.000 0.000 0.000 0.000 0.000 0.000 0.000 0.000 0.000 0.000 0.000 0.000 0.000 0.000 0.000 0.000 0.000 0.000 0.000 0.000 0.000 0.000 0.000 0.000 0.000 0.000 0.000 0.000 0.000 0.000 0.000 0.000 0.000 0.000 0.000 0.001 0.001 0.003 0.004 0.006 0.009 0.012 0.015 0.020 0.032 0.057 0.110
0.009 0.008 0.008 0.008 0.008 0.008 0.007 0.007 0.007 0.006 0.006 0.006 0.005 0.005 0.004 0.003 0.003 0.002 0.001 0.001 0.001 0.000 0.000 0.000 0.000 0.000 0.000 0.000 0.000 0.000 0.000 0.000 0.000 0.000 0.000 0.000 0.000 0.000 0.000 0.000 0.000 0.000 0.000 0.000 0.000 0.000 0.000 0.000 0.000 0.000 0.000 0.000 0.000 0.000 0.000 0.000 0.000 0.000 0.000 0.000 0.000 0.000 0.000 0.000 0.000 0.000 0.001 0.002 0.003 0.004 0.006 0.008 0.011 0.014 0.019 0.030 0.053
0.006 0.005 0.005 0.005 0.005 0.005 0.005 0.004 0.004 0.004 0.004 0.003 0.003 0.003 0.002 0.002 0.001 0.001 0.001 0.000 0.000 0.000 0.000 0.000 0.000 0.000 0.000 0.000 0.000 0.000 0.000 0.000 0.000 0.000 0.000 0.000 0.000 0.000 0.000 0.000 0.000 0.000 0.000 0.000 0.000 0.000 0.000 0.000 0.000 0.000 0.000 0.000 0.000 0.000 0.000 0.000 0.000 0.000 0.000 0.000 0.000 0.000 0.000 0.000 0.000 0.000 0.000 0.001 0.002 0.003 0.004 0.006 0.007 0.010 0.012 0.017 0.026
0.003 0.003 0.003 0.003 0.003 0.003 0.003 0.003 0.002 0.002 0.002 0.002 0.001 0.001 0.001 0.001 0.000 0.000 0.000 0.000 0.000 0.000 0.000 0.000 0.000 0.000 0.000 0.000 0.000 0.000 0.000 0.000 0.000 0.000 0.000 0.000 0.000 0.000 0.000 0.000 0.000 0.000 0.000 0.000 0.000 0.000 0.000 0.000 0.000 0.000 0.000 0.000 0.000 0.000 0.000 0.000 0.000 0.000 0.000 0.000 0.000 0.000 0.000 0.000 0.000 0.000 0.000 0.000 0.001 0.001 0.002 0.004 0.005 0.007 0.009 0.011 0.015
0.002 0.002 0.002 0.001 0.001 0.001 0.001 0.001 0.001 0.001 0.001 0.001 0.000 0.000 0.000 0.000 0.000 0.000 0.000 0.000 0.000 0.000 0.000 0.000 0.000 0.000 0.000 0.000 0.000 0.000 0.000 0.000 0.000 0.000 0.000 0.000 0.000 0.000 0.000 0.000 0.000 0.000 0.000 0.000 0.000 0.000 0.000 0.000 0.000 0.000 0.000 0.000 0.000 0.000 0.000 0.000 0.000 0.000 0.000 0.000 0.000 0.000 0.000 0.000 0.000 0.000 0.000 0.000 0.000 0.001 0.001 0.002 0.003 0.004 0.006 0.008 0.010
0.001 0.000 0.000 0.000 0.000 0.000 0.000 0.000 0.000 0.000 0.000 0.000 0.000 0.000 0.000 0.000 0.000 0.000 0.000 0.000 0.000 0.000 0.000 0.000 0.000 0.000 0.000 0.000 0.000 0.000 0.000 0.000 0.000 0.000 0.000 0.000 0.000 0.000 0.000 0.000 0.000 0.000 0.000 0.000 0.000 0.000 0.000 0.000 0.000 0.000 0.000 0.000 0.000 0.000 0.000 0.000 0.000 0.000 0.000 0.000 0.000 0.000 0.000 0.000 0.000 0.000 0.000 0.000 0.000 0.000 0.000 0.001 0.002 0.003 0.004 0.005 0.007
0.000 0.000 0.000 0.000 0.000 0.000 0.000 0.000 0.000 0.000 0.000 0.000 0.000 0.000 0.000 0.000 0.000 0.000 0.000 0.000 0.000 0.000 0.000 0.000 0.000 0.000 0.000 0.000 0.000 0.000 0.000 0.000 0.000 0.000 0.000 0.000 0.000 0.000 0.000 0.000 0.000 0.000 0.000 0.000 0.000 0.000 0.000 0.000 0.000 0.000 0.000 0.000 0.000 0.000 0.000 0.000 0.000 0.000 0.000 0.000 0.000 0.000 0.000 0.000 0.000 0.000 0.000 0.000 0.000 0.000 0.000 0.000 0.001 0.001 0.002 0.003 0.004
0.000 0.000 0.000 0.000 0.000 0.000 0.000 0.000 0.000 0.000 0.000 0.000 0.000 0.000 0.000 0.000 0.000 0.000 0.000 0.000 0.000 0.000 0.000 0.000 0.000 0.000 0.000 0.000 0.000 0.000 0.000 0.000 0.000 0.000 0.000 0.000 0.000 0.000 0.000 0.000 0.000 0.000 0.000 0.000 0.000 0.000 0.000 0.000 0.000 0.000 0.000 0.000 0.000 0.000 0.000 0.000 0.000 0.000 0.000 0.000 0.000 0.000 0.000 0.000 0.000 0.000 0.000 0.000 0.000 0.000 0.000 0.000 0.000 0.001 0.001 0.002 0.003
0.000 0.000 0.000 0.000 0.000 0.000 0.000 0.000 0.000 0.000 0.000 0.000 0.000 0.000 0.000 0.000 0.000 0.000 0.000 0.000 0.000 0.000 0.000 0.000 0.000 0.000 0.000 0.000 0.000 0.000 0.000 0.000 0.000 0.000 0.000 0.000 0.000 0.000 0.000 0.000 0.000 0.000 0.000 0.000 0.000 0.000 0.000 0.000 0.000 0.000 0.000 0.000 0.000 0.000 0.000 0.000 0.000 0.000 0.000 0.000 0.000 0.000 0.000 0.000 0.000 0.000 0.000 0.000 0.000 0.000 0.000 0.000 0.000 0.000 0.000 0.001 0.001
0.000 0.000 0.000 0.000 0.000 0.000 0.000 0.000 0.000 0.000 0.000 0.000 0.000 0.000 0.000 0.000 0.000 0.000 0.000 0.000 0.000 0.000 0.000 0.000 0.000 0.000 0.000 0.000 0.000 0.000 0.000 0.000 0.000 0.000 0.000 0.000 0.000 0.000 0.000 0.000 0.000 0.000 0.000 0.000 0.000 0.000 0.000 0.000 0.000 0.000 0.000 0.000 0.000 0.000 0.000 0.000 0.000 0.000 0.000 0.000 0.000 0.000 0.000 0.000 0.000 0.000 0.000 0.000 0.000 0.000 0.000 0.000 0.000 0.000 0.000 0.000 0.000
0.000 0.000 0.000 0.000 0.000 0.000 0.000 0.000 0.000 0.000 0.000 0.000 0.000 0.000 0.000 0.000 0.000 0.000 0.000 0.000 0.000 0.000 0.000 0.000 0.000 0.000 0.000 0.000 0.000 0.000 0.000 0.000 0.000 0.000 0.000 0.000 0.000 0.000 0.000 0.000 0.000 0.000 0.000 0.000 0.000 0.000 0.000 0.000 0.000 0.000 0.000 0.000 0.000 0.000 0.000 0.000 0.000 0.000 0.000 0.000 0.000 0.000 0.000 0.000 0.000 0.000 0.000 0.000 0.000 0.000 0.000 0.000 0.000 0.000 0.000 0.000 0.000
0.000 0.000 0.000 0.000 0.000 0.000 0.000 0.000 0.000 0.000 0.000 0.000 0.000 0.000 0.000 0.000 0.000 0.000 0.000 0.000 0.000 0.000 0.000 0.000 0.000 0.000 0.000 0.000 0.000 0.000 0.000 0.000 0.000 0.000 0.000 0.000 0.000 0.000 0.000 0.000 0.000 0.000 0.000 0.000 0.000 0.000 0.000 0.000 0.000 0.000 0.000 0.000 0.000 0.000 0.000 0.000 0.000 0.000 0.000 0.000 0.000 0.000 0.000 0.000 0.000 0.000 0.000 0.000 0.000 0.000 0.000 0.000 0.000 0.000 0.000 0.000 0.000
