RESULTS/r.avaflow_results/33_results/33_ascii/33_hflow30043.asc
ncols 506
nrows 317
xllcenter 498237.50
yllcenter 5580050.00
cellsize 12.50
NODATA_value -9999.000
[rows 170 to 203 of 317, columns 154 to 230 of 506]
8.909 8.829 8.733 8.618 8.461 8.271 8.105 7.970 7.839 7.703 7.570 7.441 7.287 7.036 6.606 5.977 5.193 4.352 3.528 2.747 2.025 1.398 0.915 0.604 0.431 0.345 0.309 0.300 0.304 0.324 0.372 0.441 0.496 0.528 0.548 0.565 0.591 0.628 0.647 0.646 0.628 0.597 0.577 0.561 0.541 0.508 0.452 0.375 0.298 0.229 0.172 0.131 0.105 0.089 0.079 0.075 0.075 0.077 0.081 0.085 0.088 0.090 0.090 0.091 0.091 0.093 0.100 0.121 0.178 0.306 0.471 0.553 0.564 0.516 0.374 0.217 0.134
12.170 12.432 12.581 12.638 12.623 12.514 12.317 12.079 11.834 11.574 11.314 11.069 10.823 10.527 10.076 9.379 8.428 7.294 6.088 4.891 3.748 2.720 1.866 1.242 0.851 0.629 0.512 0.460 0.448 0.464 0.507 0.567 0.604 0.617 0.618 0.616 0.622 0.639 0.647 0.639 0.608 0.567 0.536 0.508 0.475 0.423 0.336 0.235 0.157 0.110 0.083 0.068 0.058 0.053 0.052 0.052 0.055 0.059 0.064 0.067 0.068 0.067 0.066 0.065 0.065 0.066 0.072 0.089 0.131 0.224 0.384 0.507 0.550 0.548 0.484 0.339 0.206
15.718 16.330 16.603 16.643 16.549 16.309 15.977 15.628 15.289 14.942 14.600 14.290 13.996 13.683 13.254 12.588 11.638 10.448 9.097 7.652 6.179 4.746 3.463 2.418 1.664 1.170 0.866 0.694 0.609 0.578 0.579 0.600 0.617 0.621 0.613 0.599 0.594 0.593 0.586 0.559 0.502 0.439 0.388 0.343 0.296 0.233 0.160 0.104 0.071 0.054 0.044 0.039 0.036 0.035 0.036 0.038 0.042 0.047 0.051 0.053 0.053 0.052 0.050 0.049 0.049 0.050 0.054 0.066 0.095 0.158 0.283 0.440 0.534 0.564 0.557 0.486 0.342
18.465 19.408 19.828 19.878 19.760 19.490 19.146 18.801 18.458 18.093 17.708 17.358 17.038 16.710 16.288 15.623 14.655 13.436 12.080 10.638 9.093 7.438 5.763 4.246 3.024 2.114 1.484 1.077 0.830 0.686 0.612 0.587 0.580 0.569 0.547 0.515 0.489 0.465 0.434 0.376 0.295 0.229 0.187 0.155 0.127 0.096 0.067 0.048 0.037 0.030 0.027 0.025 0.025 0.025 0.026 0.028 0.032 0.037 0.040 0.042 0.041 0.041 0.039 0.039 0.039 0.039 0.042 0.050 0.069 0.107 0.186 0.333 0.490 0.565 0.583 0.567 0.487
20.018 21.195 21.857 22.093 22.123 22.009 21.838 21.637 21.396 21.078 20.682 20.282 19.926 19.565 19.125 18.465 17.511 16.298 14.920 13.452 11.906 10.241 8.407 6.481 4.740 3.328 2.270 1.541 1.067 0.775 0.613 0.529 0.478 0.437 0.391 0.342 0.302 0.269 0.234 0.188 0.136 0.103 0.082 0.068 0.056 0.043 0.033 0.026 0.022 0.020 0.019 0.018 0.018 0.018 0.019 0.021 0.024 0.028 0.031 0.032 0.032 0.032 0.031 0.031 0.032 0.033 0.035 0.041 0.052 0.074 0.121 0.220 0.394 0.536 0.585 0.588 0.558
20.403 21.689 22.588 23.140 23.474 23.675 23.788 23.796 23.711 23.492 23.106 22.616 22.199 21.809 21.369 20.756 19.901 18.794 17.453 15.921 14.250 12.441 10.439 8.171 5.971 4.156 2.773 1.814 1.194 0.809 0.579 0.434 0.337 0.267 0.211 0.173 0.152 0.135 0.116 0.091 0.067 0.051 0.042 0.035 0.029 0.024 0.020 0.017 0.015 0.014 0.014 0.014 0.014 0.014 0.015 0.016 0.018 0.021 0.024 0.025 0.025 0.026 0.026 0.026 0.027 0.028 0.031 0.034 0.041 0.055 0.083 0.144 0.275 0.458 0.559 0.582 0.573
20.127 21.479 22.527 23.285 23.894 24.400 24.735 24.882 24.901 24.786 24.425 23.838 23.369 23.004 22.606 22.060 21.326 20.376 19.145 17.603 15.803 13.809 11.605 9.083 6.565 4.504 2.951 1.890 1.216 0.791 0.517 0.341 0.228 0.155 0.110 0.087 0.077 0.069 0.060 0.047 0.037 0.029 0.024 0.021 0.018 0.015 0.013 0.012 0.011 0.010 0.010 0.010 0.010 0.011 0.011 0.012 0.014 0.016 0.018 0.019 0.020 0.021 0.021 0.022 0.023 0.025 0.027 0.030 0.035 0.044 0.062 0.100 0.182 0.341 0.487 0.547 0.559
19.253 20.735 22.003 23.021 23.838 24.467 24.856 25.027 25.075 25.015 24.676 24.043 23.550 23.233 22.882 22.371 21.692 20.838 19.712 18.214 16.361 14.252 11.920 9.275 6.642 4.500 2.904 1.826 1.141 0.703 0.419 0.242 0.140 0.086 0.059 0.047 0.041 0.037 0.033 0.027 0.022 0.019 0.016 0.014 0.012 0.010 0.009 0.008 0.008 0.008 0.007 0.007 0.007 0.008 0.008 0.009 0.010 0.011 0.013 0.014 0.016 0.017 0.018 0.019 0.020 0.022 0.024 0.026 0.030 0.037 0.050 0.075 0.126 0.226 0.370 0.473 0.518
18.002 19.625 21.084 22.337 23.348 24.054 24.430 24.569 24.596 24.516 24.188 23.583 23.068 22.726 22.358 21.840 21.187 20.398 19.358 17.931 16.101 13.960 11.562 8.856 6.235 4.119 2.562 1.531 0.898 0.508 0.270 0.140 0.077 0.048 0.034 0.028 0.024 0.022 0.020 0.017 0.015 0.013 0.011 0.010 0.008 0.007 0.006 0.006 0.005 0.005 0.005 0.005 0.005 0.005 0.006 0.006 0.007 0.008 0.009 0.011 0.012 0.013 0.015 0.016 0.017 0.019 0.021 0.023 0.027 0.032 0.042 0.059 0.091 0.151 0.250 0.364 0.447
16.602 18.300 19.828 21.158 22.223 22.953 23.332 23.433 23.366 23.126 22.783 22.356 21.885 21.361 20.784 20.187 19.555 18.852 17.924 16.590 14.799 12.633 10.180 7.532 5.111 3.193 1.814 0.946 0.478 0.241 0.125 0.068 0.041 0.028 0.021 0.018 0.016 0.014 0.013 0.011 0.010 0.009 0.008 0.007 0.006 0.005 0.004 0.004 0.003 0.003 0.003 0.003 0.003 0.003 0.003 0.004 0.004 0.005 0.006 0.008 0.009 0.010 0.012 0.013 0.015 0.016 0.018 0.021 0.024 0.028 0.036 0.048 0.070 0.108 0.169 0.255 0.346
15.013 16.662 18.149 19.454 20.529 21.323 21.787 21.919 21.788 21.411 21.140 20.953 20.571 19.808 18.946 18.225 17.521 16.756 15.763 14.347 12.457 10.168 7.662 5.261 3.270 1.812 0.880 0.389 0.178 0.092 0.053 0.034 0.024 0.018 0.014 0.012 0.011 0.010 0.009 0.008 0.007 0.006 0.005 0.004 0.004 0.003 0.002 0.002 0.002 0.002 0.002 0.002 0.002 0.002 0.002 0.002 0.003 0.003 0.004 0.005 0.006 0.008 0.009 0.011 0.012 0.014 0.016 0.019 0.021 0.025 0.032 0.041 0.057 0.082 0.122 0.179 0.251
13.108 14.610 16.044 17.406 18.646 19.703 20.431 20.703 20.604 20.242 20.002 19.826 19.389 18.490 17.522 16.718 15.885 14.845 13.441 11.593 9.256 6.673 4.345 2.632 1.478 0.745 0.325 0.133 0.064 0.039 0.027 0.020 0.015 0.012 0.010 0.009 0.008 0.007 0.006 0.005 0.004 0.004 0.003 0.002 0.002 0.002 0.001 0.001 0.001 0.001 0.000 0.000 0.001 0.001 0.001 0.001 0.001 0.002 0.003 0.003 0.004 0.006 0.007 0.008 0.010 0.012 0.014 0.017 0.020 0.023 0.029 0.037 0.050 0.068 0.096 0.134 0.185
10.954 12.338 13.768 15.260 16.764 18.104 19.075 19.503 19.481 19.190 18.861 18.498 17.882 16.935 15.966 15.085 14.091 12.711 10.758 8.173 5.445 3.206 1.748 0.916 0.468 0.227 0.101 0.048 0.029 0.021 0.016 0.013 0.010 0.009 0.007 0.006 0.005 0.005 0.004 0.003 0.003 0.002 0.002 0.001 0.001 0.001 0.000 0.000 0.000 0.000 0.000 0.000 0.000 0.000 0.000 0.000 0.000 0.001 0.001 0.002 0.003 0.004 0.005 0.007 0.008 0.010 0.013 0.015 0.018 0.022 0.028 0.035 0.046 0.062 0.082 0.107 0.140
8.983 10.268 11.600 13.061 14.642 16.083 17.180 17.741 17.816 17.555 16.978 16.197 15.300 14.361 13.423 12.419 11.149 9.308 6.736 4.116 2.195 1.030 0.452 0.217 0.117 0.064 0.035 0.022 0.016 0.013 0.011 0.009 0.007 0.006 0.005 0.004 0.003 0.003 0.002 0.002 0.001 0.001 0.001 0.000 0.000 0.000 0.000 0.000 0.000 0.000 0.000 0.000 0.000 0.000 0.000 0.000 0.000 0.000 0.001 0.001 0.002 0.003 0.004 0.005 0.007 0.009 0.011 0.014 0.017 0.022 0.027 0.035 0.045 0.058 0.074 0.092 0.113
7.138 8.245 9.352 10.512 11.727 12.884 13.879 14.474 14.613 14.384 13.653 12.512 11.275 10.169 9.065 7.853 6.349 4.472 2.574 1.248 0.517 0.201 0.093 0.056 0.037 0.025 0.018 0.014 0.011 0.009 0.007 0.006 0.005 0.004 0.003 0.003 0.002 0.001 0.001 0.001 0.000 0.000 0.000 0.000 0.000 0.000 0.000 0.000 0.000 0.000 0.000 0.000 0.000 0.000 0.000 0.000 0.000 0.000 0.000 0.000 0.001 0.002 0.003 0.004 0.006 0.008 0.010 0.013 0.016 0.021 0.027 0.034 0.044 0.056 0.069 0.083 0.099
5.205 5.943 6.515 6.991 7.449 7.980 8.623 9.103 9.262 9.131 8.509 7.357 5.988 4.877 3.962 3.112 2.199 1.243 0.557 0.213 0.086 0.046 0.030 0.023 0.018 0.014 0.011 0.009 0.008 0.006 0.005 0.004 0.003 0.003 0.002 0.001 0.001 0.001 0.000 0.000 0.000 0.000 0.000 0.000 0.000 0.000 0.000 0.000 0.000 0.000 0.000 0.000 0.000 0.000 0.000 0.000 0.000 0.000 0.000 0.000 0.000 0.001 0.002 0.003 0.005 0.007 0.009 0.012 0.016 0.020 0.026 0.034 0.043 0.054 0.066 0.079 0.094
2.930 3.137 3.231 3.258 3.277 3.363 3.577 3.780 3.853 3.805 3.519 2.928 2.125 1.487 1.055 0.736 0.442 0.208 0.088 0.043 0.027 0.020 0.017 0.014 0.012 0.010 0.008 0.007 0.005 0.004 0.003 0.003 0.002 0.001 0.001 0.000 0.000 0.000 0.000 0.000 0.000 0.000 0.000 0.000 0.000 0.000 0.000 0.000 0.000 0.000 0.000 0.000 0.000 0.000 0.000 0.000 0.000 0.000 0.000 0.000 0.000 0.000 0.001 0.002 0.004 0.006 0.008 0.011 0.015 0.020 0.025 0.033 0.042 0.052 0.064 0.078 0.094
1.221 1.180 1.136 1.077 1.012 0.979 0.996 1.030 1.037 1.016 0.922 0.728 0.465 0.291 0.198 0.134 0.080 0.044 0.027 0.019 0.015 0.013 0.011 0.009 0.008 0.007 0.005 0.004 0.003 0.003 0.002 0.001 0.001 0.000 0.000 0.000 0.000 0.000 0.000 0.000 0.000 0.000 0.000 0.000 0.000 0.000 0.000 0.000 0.000 0.000 0.000 0.000 0.000 0.000 0.000 0.000 0.000 0.000 0.000 0.000 0.000 0.000 0.001 0.001 0.003 0.005 0.007 0.010 0.014 0.019 0.024 0.031 0.039 0.049 0.062 0.079 0.098
0.377 0.331 0.307 0.289 0.266 0.247 0.239 0.233 0.228 0.218 0.195 0.151 0.096 0.065 0.048 0.036 0.026 0.019 0.015 0.012 0.011 0.009 0.008 0.007 0.005 0.004 0.003 0.003 0.002 0.001 0.001 0.000 0.000 0.000 0.000 0.000 0.000 0.000 0.000 0.000 0.000 0.000 0.000 0.000 0.000 0.000 0.000 0.000 0.000 0.000 0.000 0.000 0.000 0.000 0.000 0.000 0.000 0.000 0.000 0.000 0.000 0.000 0.000 0.001 0.002 0.004 0.006 0.009 0.013 0.017 0.022 0.029 0.036 0.047 0.061 0.080 0.104
0.107 0.096 0.091 0.088 0.083 0.076 0.070 0.066 0.062 0.059 0.053 0.043 0.032 0.026 0.021 0.018 0.015 0.012 0.010 0.009 0.007 0.006 0.005 0.004 0.003 0.003 0.002 0.001 0.001 0.000 0.000 0.000 0.000 0.000 0.000 0.000 0.000 0.000 0.000 0.000 0.000 0.000 0.000 0.000 0.000 0.000 0.000 0.000 0.000 0.000 0.000 0.000 0.000 0.000 0.000 0.000 0.000 0.000 0.000 0.000 0.000 0.000 0.000 0.000 0.001 0.003 0.005 0.007 0.011 0.015 0.020 0.026 0.033 0.043 0.057 0.078 0.104
0.038 0.036 0.036 0.035 0.034 0.032 0.030 0.028 0.026 0.025 0.023 0.021 0.018 0.015 0.013 0.011 0.010 0.008 0.007 0.006 0.005 0.004 0.003 0.003 0.002 0.001 0.001 0.001 0.000 0.000 0.000 0.000 0.000 0.000 0.000 0.000 0.000 0.000 0.000 0.000 0.000 0.000 0.000 0.000 0.000 0.000 0.000 0.000 0.000 0.000 0.000 0.000 0.000 0.000 0.000 0.000 0.000 0.000 0.000 0.000 0.000 0.000 0.000 0.000 0.001 0.002 0.003 0.006 0.009 0.012 0.016 0.021 0.028 0.036 0.049 0.069 0.094
0.019 0.019 0.019 0.019 0.019 0.018 0.017 0.016 0.015 0.014 0.013 0.013 0.011 0.010 0.009 0.008 0.007 0.006 0.005 0.004 0.003 0.002 0.002 0.001 0.001 0.001 0.000 0.000 0.000 0.000 0.000 0.000 0.000 0.000 0.000 0.000 0.000 0.000 0.000 0.000 0.000 0.000 0.000 0.000 0.000 0.000 0.000 0.000 0.000 0.000 0.000 0.000 0.000 0.000 0.000 0.000 0.000 0.000 0.000 0.000 0.000 0.000 0.000 0.000 0.000 0.001 0.002 0.004 0.006 0.009 0.012 0.016 0.021 0.027 0.035 0.049 0.070
0.011 0.011 0.012 0.012 0.011 0.011 0.011 0.010 0.010 0.009 0.009 0.008 0.008 0.007 0.006 0.005 0.004 0.004 0.003 0.002 0.002 0.001 0.001 0.000 0.000 0.000 0.000 0.000 0.000 0.000 0.000 0.000 0.000 0.000 0.000 0.000 0.000 0.000 0.000 0.000 0.000 0.000 0.000 0.000 0.000 0.000 0.000 0.000 0.000 0.000 0.000 0.000 0.000 0.000 0.000 0.000 0.000 0.000 0.000 0.000 0.000 0.000 0.000 0.000 0.000 0.000 0.001 0.003 0.004 0.006 0.009 0.012 0.015 0.018 0.023 0.031 0.043
0.007 0.007 0.007 0.007 0.007 0.007 0.007 0.007 0.006 0.006 0.006 0.005 0.005 0.004 0.004 0.003 0.003 0.002 0.001 0.001 0.001 0.000 0.000 0.000 0.000 0.000 0.000 0.000 0.000 0.000 0.000 0.000 0.000 0.000 0.000 0.000 0.000 0.000 0.000 0.000 0.000 0.000 0.000 0.000 0.000 0.000 0.000 0.000 0.000 0.000 0.000 0.000 0.000 0.000 0.000 0.000 0.000 0.000 0.000 0.000 0.000 0.000 0.000 0.000 0.000 0.000 0.001 0.002 0.003 0.004 0.006 0.008 0.011 0.013 0.016 0.021 0.027
0.005 0.005 0.005 0.005 0.005 0.005 0.004 0.004 0.004 0.004 0.003 0.003 0.003 0.003 0.002 0.002 0.001 0.001 0.001 0.000 0.000 0.000 0.000 0.000 0.000 0.000 0.000 0.000 0.000 0.000 0.000 0.000 0.000 0.000 0.000 0.000 0.000 0.000 0.000 0.000 0.000 0.000 0.000 0.000 0.000 0.000 0.000 0.000 0.000 0.000 0.000 0.000 0.000 0.000 0.000 0.000 0.000 0.000 0.000 0.000 0.000 0.000 0.000 0.000 0.000 0.000 0.000 0.001 0.002 0.003 0.004 0.006 0.007 0.009 0.012 0.014 0.018
0.003 0.003 0.003 0.003 0.003 0.003 0.003 0.002 0.002 0.002 0.002 0.002 0.001 0.001 0.001 0.001 0.000 0.000 0.000 0.000 0.000 0.000 0.000 0.000 0.000 0.000 0.000 0.000 0.000 0.000 0.000 0.000 0.000 0.000 0.000 0.000 0.000 0.000 0.000 0.000 0.000 0.000 0.000 0.000 0.000 0.000 0.000 0.000 0.000 0.000 0.000 0.000 0.000 0.000 0.000 0.000 0.000 0.000 0.000 0.000 0.000 0.000 0.000 0.000 0.000 0.000 0.000 0.000 0.001 0.001 0.002 0.004 0.005 0.007 0.008 0.010 0.013
0.001 0.001 0.001 0.001 0.001 0.001 0.001 0.001 0.001 0.001 0.001 0.000 0.000 0.000 0.000 0.000 0.000 0.000 0.000 0.000 0.000 0.000 0.000 0.000 0.000 0.000 0.000 0.000 0.000 0.000 0.000 0.000 0.000 0.000 0.000 0.000 0.000 0.000 0.000 0.000 0.000 0.000 0.000 0.000 0.000 0.000 0.000 0.000 0.000 0.000 0.000 0.000 0.000 0.000 0.000 0.000 0.000 0.000 0.000 0.000 0.000 0.000 0.000 0.000 0.000 0.000 0.000 0.000 0.000 0.001 0.001 0.002 0.003 0.004 0.006 0.007 0.009
0.000 0.000 0.000 0.000 0.000 0.000 0.000 0.000 0.000 0.000 0.000 0.000 0.000 0.000 0.000 0.000 0.000 0.000 0.000 0.000 0.000 0.000 0.000 0.000 0.000 0.000 0.000 0.000 0.000 0.000 0.000 0.000 0.000 0.000 0.000 0.000 0.000 0.000 0.000 0.000 0.000 0.000 0.000 0.000 0.000 0.000 0.000 0.000 0.000 0.000 0.000 0.000 0.000 0.000 0.000 0.000 0.000 0.000 0.000 0.000 0.000 0.000 0.000 0.000 0.000 0.000 0.000 0.000 0.000 0.000 0.000 0.001 0.002 0.003 0.004 0.005 0.006
0.000 0.000 0.000 0.000 0.000 0.000 0.000 0.000 0.000 0.000 0.000 0.000 0.000 0.000 0.000 0.000 0.000 0.000 0.000 0.000 0.000 0.000 0.000 0.000 0.000 0.000 0.000 0.000 0.000 0.000 0.000 0.000 0.000 0.000 0.000 0.000 0.000 0.000 0.000 0.000 0.000 0.000 0.000 0.000 0.000 0.000 0.000 0.000 0.000 0.000 0.000 0.000 0.000 0.000 0.000 0.000 0.000 0.000 0.000 0.000 0.000 0.000 0.000 0.000 0.000 0.000 0.000 0.000 0.000 0.000 0.000 0.000 0.001 0.001 0.002 0.003 0.004
0.000 0.000 0.000 0.000 0.000 0.000 0.000 0.000 0.000 0.000 0.000 0.000 0.000 0.000 0.000 0.000 0.000 0.000 0.000 0.000 0.000 0.000 0.000 0.000 0.000 0.000 0.000 0.000 0.000 0.000 0.000 0.000 0.000 0.000 0.000 0.000 0.000 0.000 0.000 0.000 0.000 0.000 0.000 0.000 0.000 0.000 0.000 0.000 0.000 0.000 0.000 0.000 0.000 0.000 0.000 0.000 0.000 0.000 0.000 0.000 0.000 0.000 0.000 0.000 0.000 0.000 0.000 0.000 0.000 0.000 0.000 0.000 0.000 0.001 0.001 0.002 0.002
0.000 0.000 0.000 0.000 0.000 0.000 0.000 0.000 0.000 0.000 0.000 0.000 0.000 0.000 0.000 0.000 0.000 0.000 0.000 0.000 0.000 0.000 0.000 0.000 0.000 0.000 0.000 0.000 0.000 0.000 0.000 0.000 0.000 0.000 0.000 0.000 0.000 0.000 0.000 0.000 0.000 0.000 0.000 0.000 0.000 0.000 0.000 0.000 0.000 0.000 0.000 0.000 0.000 0.000 0.000 0.000 0.000 0.000 0.000 0.000 0.000 0.000 0.000 0.000 0.000 0.000 0.000 0.000 0.000 0.000 0.000 0.000 0.000 0.000 0.000 0.001 0.001
0.000 0.000 0.000 0.000 0.000 0.000 0.000 0.000 0.000 0.000 0.000 0.000 0.000 0.000 0.000 0.000 0.000 0.000 0.000 0.000 0.000 0.000 0.000 0.000 0.000 0.000 0.000 0.000 0.000 0.000 0.000 0.000 0.000 0.000 0.000 0.000 0.000 0.000 0.000 0.000 0.000 0.000 0.000 0.000 0.000 0.000 0.000 0.000 0.000 0.000 0.000 0.000 0.000 0.000 0.000 0.000 0.000 0.000 0.000 0.000 0.000 0.000 0.000 0.000 0.000 0.000 0.000 0.000 0.000 0.000 0.000 0.000 0.000 0.000 0.000 0.000 0.000
0.000 0.000 0.000 0.000 0.000 0.000 0.000 0.000 0.000 0.000 0.000 0.000 0.000 0.000 0.000 0.000 0.000 0.000 0.000 0.000 0.000 0.000 0.000 0.000 0.000 0.000 0.000 0.000 0.000 0.000 0.000 0.000 0.000 0.000 0.000 0.000 0.000 0.000 0.000 0.000 0.000 0.000 0.000 0.000 0.000 0.000 0.000 0.000 0.000 0.000 0.000 0.000 0.000 0.000 0.000 0.000 0.000 0.000 0.000 0.000 0.000 0.000 0.000 0.000 0.000 0.000 0.000 0.000 0.000 0.000 0.000 0.000 0.000 0.000 0.000 0.000 0.000
0.000 0.000 0.000 0.000 0.000 0.000 0.000 0.000 0.000 0.000 0.000 0.000 0.000 0.000 0.000 0.000 0.000 0.000 0.000 0.000 0.000 0.000 0.000 0.000 0.000 0.000 0.000 0.000 0.000 0.000 0.000 0.000 0.000 0.000 0.000 0.000 0.000 0.000 0.000 0.000 0.000 0.000 0.000 0.000 0.000 0.000 0.000 0.000 0.000 0.000 0.000 0.000 0.000 0.000 0.000 0.000 0.000 0.000 0.000 0.000 0.000 0.000 0.000 0.000 0.000 0.000 0.000 0.000 0.000 0.000 0.000 0.000 0.000 0.000 0.000 0.000 0.000
