RESULTS/r.avaflow_results/33_results/33_ascii/33_hflow_max0015.asc
ncols 506
nrows 317
xllcenter 498237.50
yllcenter 5580050.00
cellsize 12.50
NODATA_value -9999.000
[rows 170 to 203 of 317, columns 77 to 153 of 506]
0.000 0.000 0.000 0.000 0.000 0.000 0.000 0.000 0.000 0.000 0.000 0.000 0.000 0.000 0.000 0.000 0.000 0.000 0.000 0.000 0.001 0.003 0.008 0.020 0.039 0.054 0.061 0.065 0.067 0.067 0.067 0.067 0.066 0.066 0.071 0.087 0.118 0.168 0.236 0.323 0.438 0.591 0.789 0.956 1.058 1.185 1.327 1.451 1.552 1.669 1.997 2.808 3.934 4.963 6.688 8.694 11.714 15.826 20.323 24.200 27.114 28.777 29.333 28.986 28.238 27.439 26.196 24.755 23.317 21.904 20.287 18.565 17.129 16.487 16.071 15.700 15.361
0.000 0.000 0.000 0.000 0.000 0.000 0.000 0.000 0.000 0.000 0.000 0.000 0.000 0.000 0.000 0.000 0.000 0.001 0.001 0.002 0.005 0.010 0.021 0.042 0.067 0.083 0.094 0.100 0.103 0.105 0.105 0.105 0.105 0.106 0.116 0.142 0.189 0.257 0.349 0.468 0.626 0.834 1.102 1.355 1.561 1.828 2.120 2.428 2.753 3.261 3.838 4.495 5.339 6.415 7.823 10.349 13.415 18.117 22.666 26.593 29.287 30.567 30.685 29.781 28.871 27.953 26.634 25.003 23.349 21.761 20.301 19.405 18.930 18.576 18.308 18.248 18.364
0.000 0.000 0.000 0.000 0.000 0.000 0.000 0.000 0.000 0.000 0.000 0.000 0.000 0.000 0.000 0.000 0.001 0.002 0.004 0.008 0.013 0.025 0.045 0.074 0.104 0.125 0.140 0.150 0.156 0.159 0.160 0.161 0.162 0.166 0.183 0.220 0.284 0.375 0.499 0.662 0.879 1.160 1.513 1.892 2.257 2.727 3.249 3.865 4.654 5.526 6.206 6.680 7.117 7.621 8.460 10.901 13.790 18.742 23.567 27.364 30.005 31.315 31.255 30.159 29.173 28.057 26.631 24.977 23.457 22.387 21.618 21.012 20.476 20.027 19.873 20.240 21.037
0.000 0.000 0.000 0.000 0.000 0.000 0.000 0.000 0.000 0.000 0.000 0.000 0.000 0.000 0.000 0.001 0.003 0.006 0.010 0.017 0.029 0.048 0.077 0.115 0.154 0.185 0.206 0.221 0.229 0.234 0.237 0.239 0.242 0.251 0.275 0.324 0.407 0.529 0.697 0.922 1.221 1.603 2.071 2.617 3.196 3.954 4.817 5.830 6.815 7.619 8.207 8.465 8.569 8.633 8.899 10.741 13.331 18.224 23.326 26.942 29.600 31.120 31.223 30.217 29.084 27.827 26.447 25.170 24.248 23.435 22.674 21.973 21.372 21.007 21.093 21.848 23.030
0.000 0.000 0.000 0.000 0.000 0.000 0.000 0.000 0.000 0.000 0.000 0.000 0.000 0.000 0.001 0.003 0.006 0.011 0.019 0.032 0.051 0.080 0.119 0.170 0.224 0.267 0.299 0.319 0.331 0.338 0.342 0.346 0.352 0.378 0.466 0.575 0.704 0.859 1.036 1.262 1.668 2.184 2.821 3.578 4.448 5.615 6.745 7.772 8.604 9.228 9.653 9.831 9.767 9.487 9.387 10.639 13.012 16.848 22.059 25.893 28.368 30.010 30.649 29.945 28.656 27.496 26.417 25.515 24.664 23.857 23.096 22.386 21.757 21.546 21.913 22.734 23.850
0.000 0.000 0.000 0.000 0.000 0.000 0.000 0.000 0.000 0.000 0.000 0.000 0.000 0.000 0.002 0.006 0.011 0.020 0.032 0.052 0.081 0.121 0.175 0.245 0.321 0.381 0.425 0.453 0.469 0.478 0.484 0.504 0.606 0.712 0.833 0.989 1.154 1.303 1.441 1.693 2.233 2.921 3.778 4.911 6.211 7.423 8.470 9.349 10.063 10.486 10.701 10.766 10.652 10.262 9.884 10.627 12.509 15.873 20.463 24.568 26.940 28.577 29.476 29.249 28.001 27.044 26.247 25.505 24.715 23.887 23.079 22.349 21.756 21.473 21.927 22.730 23.752
0.000 0.000 0.000 0.000 0.000 0.000 0.000 0.000 0.000 0.000 0.000 0.000 0.000 0.001 0.004 0.009 0.018 0.031 0.051 0.080 0.121 0.178 0.254 0.352 0.455 0.536 0.594 0.631 0.653 0.715 0.809 0.949 1.068 1.186 1.317 1.456 1.571 1.663 1.747 2.225 2.926 3.827 4.948 6.307 7.702 8.961 9.943 10.699 11.247 11.510 11.627 11.522 11.325 10.954 10.384 10.625 12.071 15.014 19.105 23.345 25.741 27.146 28.136 28.199 27.213 26.159 25.445 24.724 23.968 23.145 22.279 21.490 20.919 20.753 21.139 21.902 22.837
0.000 0.000 0.000 0.000 0.000 0.000 0.000 0.000 0.000 0.000 0.000 0.000 0.000 0.001 0.004 0.011 0.023 0.043 0.074 0.118 0.178 0.260 0.367 0.503 0.639 0.744 0.818 0.864 0.993 1.177 1.432 1.588 1.684 1.758 1.817 1.868 1.922 1.975 2.195 2.869 3.740 4.852 6.173 7.582 9.031 10.247 11.202 11.879 12.262 12.430 12.501 12.255 11.898 11.505 10.872 10.685 11.868 14.459 18.029 22.056 24.428 25.798 26.712 26.871 25.966 24.588 23.683 22.891 22.071 21.206 20.269 19.385 18.766 18.670 19.177 20.165 21.308
0.000 0.000 0.000 0.000 0.000 0.000 0.000 0.000 0.000 0.000 0.000 0.000 0.000 0.001 0.004 0.011 0.024 0.049 0.094 0.166 0.258 0.376 0.528 0.714 0.888 1.019 1.108 1.239 1.545 1.942 2.219 2.350 2.375 2.328 2.276 2.260 2.271 2.295 2.701 3.506 4.515 5.781 7.231 8.749 10.226 11.406 12.291 12.877 13.174 13.276 13.279 13.025 12.458 11.980 11.348 10.810 11.730 14.039 17.112 20.491 22.580 24.148 24.804 24.879 23.974 22.305 21.199 20.246 19.299 18.317 17.305 16.395 15.925 15.989 16.706 17.968 19.467
0.000 0.000 0.000 0.000 0.000 0.000 0.000 0.000 0.000 0.000 0.000 0.000 0.000 0.001 0.004 0.010 0.023 0.048 0.099 0.197 0.349 0.537 0.755 1.000 1.213 1.372 1.477 1.838 2.435 2.872 3.071 3.107 3.032 2.880 2.729 2.660 2.649 2.657 3.095 4.021 5.167 6.562 8.091 9.771 11.355 12.424 13.151 13.625 13.897 13.941 13.862 13.622 13.094 12.465 11.724 10.876 11.554 13.530 16.157 18.603 20.564 21.803 22.283 22.091 21.137 19.478 18.251 17.205 16.188 15.174 14.239 13.592 13.490 13.894 14.846 16.211 17.894
0.000 0.000 0.000 0.000 0.000 0.000 0.000 0.000 0.000 0.000 0.000 0.000 0.000 0.000 0.002 0.007 0.017 0.039 0.088 0.194 0.399 0.711 1.060 1.368 1.627 1.815 1.968 2.804 3.502 3.837 3.919 3.859 3.686 3.431 3.198 3.079 3.056 3.069 3.378 4.404 5.680 7.176 8.739 10.733 12.448 13.316 13.835 14.154 14.340 14.339 14.223 14.002 13.592 12.903 12.099 11.105 11.259 12.722 14.718 16.595 18.263 19.038 19.246 18.776 17.698 16.259 14.994 13.977 13.117 12.293 11.588 11.276 11.422 12.104 13.215 14.594 16.181
0.000 0.000 0.000 0.000 0.000 0.000 0.000 0.000 0.000 0.000 0.000 0.000 0.000 0.000 0.001 0.003 0.008 0.021 0.056 0.155 0.385 0.815 1.382 1.818 2.138 2.362 2.609 3.688 4.424 4.703 4.732 4.610 4.353 4.029 3.768 3.608 3.550 3.553 3.601 4.677 6.044 7.615 9.259 11.534 13.329 14.041 14.325 14.434 14.550 14.507 14.422 14.229 13.871 13.235 12.364 11.336 10.849 11.750 13.084 14.569 15.789 16.237 16.069 15.234 13.979 12.717 11.689 10.841 10.218 9.644 9.312 9.281 9.645 10.470 11.630 12.944 14.372
0.000 0.000 0.000 0.000 0.000 0.000 0.000 0.000 0.000 0.000 0.000 0.000 0.000 0.000 0.000 0.002 0.004 0.009 0.025 0.091 0.316 0.828 1.616 2.273 2.730 3.020 3.328 4.386 5.223 5.526 5.528 5.385 5.095 4.765 4.518 4.337 4.228 4.197 4.234 4.894 6.303 7.926 9.708 12.042 13.842 14.528 14.650 14.668 14.625 14.556 14.503 14.288 13.900 13.269 12.390 11.322 10.339 10.642 11.464 12.326 13.324 13.483 12.960 11.962 10.690 9.509 8.747 8.056 7.586 7.305 7.270 7.498 8.049 8.908 9.955 11.105 12.300
0.000 0.000 0.000 0.000 0.000 0.000 0.000 0.000 0.000 0.000 0.000 0.000 0.000 0.000 0.001 0.002 0.004 0.007 0.014 0.048 0.223 0.757 1.716 2.615 3.241 3.679 4.074 5.021 5.943 6.340 6.374 6.225 5.982 5.690 5.449 5.293 5.168 5.098 5.100 5.189 6.491 8.119 10.052 12.309 13.975 14.702 14.822 14.745 14.656 14.564 14.367 14.095 13.621 13.027 12.178 11.155 10.003 9.755 9.996 10.401 10.733 10.827 10.279 9.235 7.980 7.079 6.382 5.759 5.365 5.222 5.348 5.793 6.510 7.299 8.168 9.153 10.206
0.000 0.000 0.000 0.000 0.000 0.000 0.000 0.000 0.000 0.000 0.000 0.000 0.000 0.001 0.002 0.004 0.006 0.009 0.015 0.035 0.150 0.630 1.657 2.789 3.586 4.186 4.739 5.616 6.696 7.237 7.337 7.180 7.020 6.827 6.599 6.485 6.409 6.356 6.356 6.427 6.726 8.232 10.268 12.417 13.905 14.644 14.822 14.804 14.633 14.338 14.056 13.483 12.938 12.390 11.652 10.773 9.711 9.223 8.957 8.860 8.699 8.558 8.024 7.064 5.938 5.231 4.569 3.978 3.603 3.474 3.559 3.977 4.710 5.506 6.346 7.318 8.365
0.000 0.000 0.000 0.000 0.000 0.000 0.000 0.000 0.000 0.000 0.000 0.000 0.001 0.002 0.005 0.007 0.011 0.015 0.021 0.041 0.117 0.496 1.474 2.793 3.770 4.530 5.245 6.162 7.414 8.207 8.489 8.402 8.160 8.046 7.942 7.911 7.912 7.965 8.045 8.102 8.227 8.713 10.345 12.336 13.649 14.328 14.650 14.615 14.346 13.914 13.303 12.510 11.753 11.217 10.655 10.053 9.520 8.892 8.281 7.745 7.249 6.859 6.227 5.264 4.460 3.805 3.188 2.647 2.309 2.215 2.275 2.454 2.851 3.565 4.582 5.664 6.898
0.000 0.000 0.000 0.000 0.000 0.000 0.000 0.000 0.000 0.000 0.000 0.001 0.002 0.005 0.009 0.014 0.020 0.027 0.038 0.092 0.198 0.389 1.208 2.598 3.808 4.705 5.556 6.581 8.017 9.114 9.645 9.716 9.479 9.234 9.191 9.219 9.319 9.432 9.512 9.552 9.573 9.736 10.418 12.080 13.198 13.835 14.126 14.076 13.735 13.161 12.365 11.505 10.602 9.916 9.691 9.498 9.166 8.594 7.815 6.946 6.217 5.559 4.749 3.942 3.328 2.751 2.189 1.827 1.663 1.575 1.549 1.593 1.776 2.281 3.266 4.341 5.623
0.000 0.000 0.000 0.000 0.000 0.000 0.000 0.000 0.000 0.000 0.000 0.002 0.005 0.010 0.018 0.029 0.041 0.055 0.085 0.198 0.397 0.692 1.064 2.197 3.676 4.747 5.691 6.862 8.354 9.749 10.585 10.866 10.722 10.564 10.418 10.481 10.583 10.673 10.740 10.756 10.685 10.550 10.508 11.784 12.653 13.210 13.407 13.248 12.911 12.314 11.620 10.764 9.704 8.937 8.563 8.529 8.424 8.071 7.332 6.316 5.353 4.483 3.717 3.072 2.490 1.981 1.629 1.388 1.211 1.085 0.997 0.942 0.957 1.171 1.733 2.732 3.455
0.000 0.000 0.000 0.000 0.000 0.000 0.000 0.000 0.000 0.000 0.001 0.003 0.009 0.021 0.039 0.061 0.085 0.110 0.182 0.404 0.758 1.182 1.596 2.009 3.324 4.659 5.699 7.017 8.537 10.030 11.157 11.758 11.830 11.676 11.619 11.584 11.642 11.663 11.700 11.664 11.500 11.056 10.727 11.435 12.067 12.503 12.558 12.436 12.094 11.599 10.981 10.119 9.070 8.159 7.502 7.300 7.272 7.106 6.572 5.655 4.602 3.741 3.044 2.435 1.921 1.533 1.235 1.011 0.840 0.704 0.589 0.488 0.427 0.458 0.639 1.074 1.305
0.000 0.000 0.000 0.000 0.000 0.000 0.000 0.000 0.000 0.000 0.002 0.007 0.019 0.044 0.085 0.129 0.171 0.218 0.364 0.771 1.360 1.860 2.243 2.604 3.023 4.442 5.638 7.011 8.544 10.149 11.396 12.213 12.588 12.590 12.480 12.495 12.481 12.411 12.424 12.379 12.082 11.573 11.007 11.048 11.558 11.890 11.884 11.725 11.450 11.010 10.391 9.566 8.555 7.556 6.739 6.204 5.966 5.735 5.372 4.721 3.846 3.074 2.439 1.922 1.487 1.130 0.863 0.667 0.518 0.402 0.303 0.216 0.165 0.155 0.187 0.297 0.347
0.000 0.000 0.000 0.000 0.000 0.000 0.000 0.000 0.000 0.001 0.004 0.014 0.040 0.094 0.178 0.257 0.327 0.421 0.671 1.358 2.166 2.693 3.018 3.323 3.733 4.431 5.486 6.842 8.472 10.068 11.476 12.431 12.904 13.107 13.060 12.904 12.819 12.771 12.778 12.702 12.467 11.907 11.119 10.652 11.072 11.318 11.331 11.185 10.918 10.505 9.871 9.076 8.094 7.036 6.091 5.383 4.904 4.442 3.961 3.426 2.811 2.208 1.688 1.265 0.927 0.662 0.470 0.339 0.250 0.185 0.130 0.085 0.062 0.057 0.060 0.076 0.084
0.000 0.000 0.000 0.000 0.000 0.000 0.000 0.000 0.000 0.002 0.008 0.027 0.080 0.187 0.338 0.467 0.589 0.746 1.129 2.157 3.109 3.641 3.955 4.236 4.669 5.369 5.973 6.559 8.274 9.874 11.392 12.483 13.014 13.205 13.212 13.109 12.910 12.821 12.823 12.817 12.581 11.961 11.047 10.405 10.612 10.756 10.768 10.669 10.458 10.081 9.515 8.790 7.826 6.609 5.503 4.751 4.114 3.507 2.922 2.364 1.836 1.363 0.961 0.648 0.425 0.277 0.185 0.128 0.092 0.068 0.049 0.034 0.027 0.025 0.025 0.027 0.028
0.000 0.000 0.000 0.000 0.000 0.000 0.000 0.000 0.000 0.002 0.011 0.041 0.126 0.292 0.533 0.748 0.954 1.224 1.735 3.109 4.201 4.788 5.117 5.428 5.858 6.493 6.985 7.461 7.988 9.609 11.081 12.235 12.845 13.112 13.154 13.046 12.842 12.726 12.723 12.712 12.472 11.766 10.741 9.939 10.105 10.237 10.214 10.137 9.973 9.665 9.135 8.418 7.553 6.442 5.120 4.179 3.481 2.837 2.232 1.682 1.205 0.810 0.506 0.293 0.162 0.093 0.058 0.040 0.031 0.025 0.020 0.016 0.015 0.014 0.014 0.014 0.014
0.000 0.000 0.000 0.000 0.000 0.000 0.000 0.000 0.000 0.002 0.011 0.045 0.146 0.349 0.652 0.977 1.343 1.792 2.503 4.154 5.492 6.244 6.636 6.972 7.348 7.744 8.090 8.394 8.697 9.213 10.570 11.667 12.378 12.758 12.795 12.629 12.485 12.379 12.328 12.245 11.936 11.149 9.997 9.220 9.467 9.635 9.636 9.527 9.367 9.079 8.570 7.865 6.953 5.838 4.442 3.589 2.887 2.268 1.705 1.205 0.785 0.467 0.254 0.127 0.064 0.035 0.022 0.016 0.012 0.011 0.010 0.009 0.009 0.009 0.008 0.008 0.008
0.000 0.000 0.000 0.000 0.000 0.000 0.000 0.000 0.000 0.002 0.010 0.043 0.145 0.361 0.698 1.108 1.613 2.228 3.340 5.241 6.896 7.835 8.291 8.548 8.756 8.919 9.068 9.207 9.350 9.462 9.959 10.934 11.662 12.012 12.058 11.866 11.778 11.763 11.690 11.456 10.966 10.086 8.901 8.563 8.599 8.765 8.796 8.732 8.540 8.204 7.639 6.898 5.940 4.749 3.707 2.942 2.286 1.721 1.221 0.797 0.467 0.247 0.121 0.056 0.027 0.014 0.009 0.007 0.006 0.006 0.006 0.005 0.005 0.005 0.005 0.005 0.005
0.000 0.000 0.000 0.000 0.000 0.000 0.000 0.000 0.000 0.001 0.008 0.035 0.128 0.343 0.701 1.174 1.753 2.541 4.054 6.363 8.195 9.216 9.696 9.905 9.990 9.960 9.875 9.817 9.815 9.804 9.782 10.188 10.851 11.048 11.035 10.919 10.684 10.620 10.555 10.283 9.671 8.711 7.956 7.789 7.660 7.660 7.677 7.580 7.378 6.976 6.354 5.536 4.505 3.680 2.892 2.222 1.654 1.163 0.753 0.445 0.238 0.116 0.053 0.023 0.011 0.006 0.004 0.004 0.003 0.003 0.003 0.003 0.003 0.003 0.002 0.002 0.002
0.000 0.000 0.000 0.000 0.000 0.000 0.000 0.000 0.000 0.001 0.004 0.021 0.093 0.291 0.661 1.198 1.854 3.009 5.105 7.365 9.219 10.367 10.835 10.975 10.960 10.762 10.451 10.236 10.097 9.990 9.903 9.835 10.209 10.417 10.437 10.327 10.100 9.754 9.306 8.766 8.026 7.537 7.152 6.842 6.604 6.418 6.308 6.175 5.857 5.407 4.767 3.992 3.361 2.675 2.016 1.462 0.999 0.626 0.357 0.190 0.094 0.043 0.019 0.008 0.004 0.002 0.002 0.002 0.002 0.002 0.001 0.001 0.001 0.001 0.001 0.001 0.001
0.000 0.000 0.000 0.000 0.000 0.000 0.000 0.000 0.000 0.001 0.005 0.019 0.064 0.213 0.578 1.169 2.225 3.948 6.033 7.951 9.927 11.356 11.854 11.952 11.844 11.487 10.985 10.628 10.319 10.123 9.983 9.822 9.837 10.043 10.082 9.903 9.596 9.156 8.603 7.960 7.322 6.756 6.491 6.219 5.917 5.569 5.168 4.699 4.140 3.643 3.203 2.786 2.302 1.745 1.225 0.798 0.473 0.252 0.123 0.057 0.026 0.012 0.005 0.002 0.001 0.001 0.001 0.001 0.001 0.000 0.000 0.000 0.000 0.000 0.000 0.000 0.000
0.000 0.000 0.000 0.000 0.000 0.000 0.000 0.000 0.000 0.001 0.007 0.029 0.099 0.291 0.745 1.638 3.080 4.819 6.573 8.114 9.897 11.597 12.290 12.491 12.413 12.031 11.468 10.952 10.571 10.224 9.952 9.747 9.542 9.622 9.567 9.284 8.862 8.307 7.706 7.129 6.940 6.724 6.461 6.168 5.842 5.463 5.013 4.497 3.900 3.190 2.362 1.789 1.381 0.958 0.600 0.335 0.165 0.073 0.031 0.013 0.006 0.003 0.001 0.001 0.000 0.000 0.000 0.000 0.000 0.000 0.000 0.000 0.000 0.000 0.000 0.000 0.000
0.000 0.000 0.000 0.000 0.000 0.000 0.000 0.000 0.000 0.001 0.008 0.035 0.128 0.392 1.021 2.241 3.904 5.394 6.772 8.053 9.250 10.786 11.985 12.451 12.542 12.352 11.779 11.109 10.658 10.261 9.903 9.591 9.197 9.094 8.876 8.452 7.921 7.574 7.332 7.106 6.879 6.663 6.422 6.125 5.758 5.348 4.901 4.375 3.746 2.968 2.042 1.153 0.704 0.428 0.225 0.105 0.044 0.017 0.007 0.003 0.001 0.001 0.000 0.000 0.000 0.000 0.000 0.000 0.000 0.000 0.000 0.000 0.000 0.000 0.000 0.000 0.000
0.000 0.000 0.000 0.000 0.000 0.000 0.000 0.000 0.000 0.001 0.008 0.037 0.144 0.468 1.279 2.750 4.494 5.759 6.840 7.828 8.665 10.316 11.044 11.727 12.109 12.017 11.545 10.887 10.340 9.865 9.395 9.137 9.129 8.995 8.682 8.204 7.815 7.579 7.368 7.113 6.843 6.600 6.365 6.085 5.720 5.288 4.809 4.268 3.599 2.739 1.696 0.849 0.355 0.158 0.070 0.028 0.011 0.004 0.001 0.001 0.000 0.000 0.000 0.000 0.000 0.000 0.000 0.000 0.000 0.000 0.000 0.000 0.000 0.000 0.000 0.000 0.000
0.000 0.000 0.000 0.000 0.000 0.000 0.000 0.000 0.000 0.001 0.008 0.038 0.149 0.557 1.508 3.143 4.895 6.064 6.905 7.639 8.206 9.737 10.639 11.024 11.104 11.075 10.837 10.392 9.916 9.384 9.163 9.163 9.133 8.986 8.664 8.161 7.803 7.596 7.394 7.087 6.789 6.552 6.322 6.052 5.685 5.226 4.723 4.110 3.331 2.314 1.265 0.563 0.213 0.068 0.021 0.007 0.003 0.001 0.000 0.000 0.000 0.000 0.000 0.000 0.000 0.000 0.000 0.000 0.000 0.000 0.000 0.000 0.000 0.000 0.000 0.000 0.000
0.000 0.000 0.000 0.000 0.000 0.000 0.000 0.000 0.000 0.001 0.008 0.037 0.158 0.620 1.705 3.443 5.176 6.377 7.079 7.521 8.357 10.135 11.184 11.628 11.665 11.571 11.243 10.856 10.257 9.554 9.132 9.146 9.160 9.015 8.711 8.262 7.918 7.691 7.419 7.010 6.667 6.458 6.244 5.986 5.641 5.184 4.637 3.963 3.060 1.803 0.840 0.337 0.117 0.035 0.009 0.002 0.001 0.000 0.000 0.000 0.000 0.000 0.000 0.000 0.000 0.000 0.000 0.000 0.000 0.000 0.000 0.000 0.000 0.000 0.000 0.000 0.000
0.000 0.000 0.000 0.000 0.000 0.000 0.001 0.001 0.002 0.003 0.006 0.032 0.154 0.652 1.864 3.753 5.451 6.660 7.380 7.656 8.115 10.036 11.173 11.705 11.779 11.767 11.485 11.023 10.343 9.561 9.111 9.196 9.208 9.171 8.970 8.627 8.258 7.911 7.537 7.001 6.603 6.399 6.226 5.943 5.548 5.055 4.430 3.634 2.556 1.337 0.529 0.189 0.060 0.017 0.004 0.001 0.000 0.000 0.000 0.000 0.000 0.000 0.000 0.000 0.000 0.000 0.000 0.000 0.000 0.000 0.000 0.000 0.000 0.000 0.000 0.000 0.000
