RESULTS/r.avaflow_results/33_results/33_ascii/33_hflow0051.asc
ncols 506
nrows 317
xllcenter 498237.50
yllcenter 5580050.00
cellsize 12.50
NODATA_value -9999.000
[rows 170 to 203 of 317, columns 231 to 307 of 506]
0.084 0.064 0.051 0.043 0.040 0.039 0.040 0.044 0.057 0.092 0.131 0.146 0.146 0.133 0.100 0.058 0.035 0.023 0.015 0.011 0.007 0.005 0.003 0.002 0.001 0.000 0.000 0.000 0.000 0.000 0.000 0.000 0.000 0.000 0.000 0.000 0.000 0.000 0.000 0.000 0.000 0.000 0.000 0.000 0.000 0.000 0.000 0.000 0.000 0.000 0.000 0.000 0.000 0.000 0.000 0.000 0.000 0.000 0.000 0.000 0.000 0.000 0.000 0.000 0.000 0.000 0.000 0.000 0.000 0.000 0.000 0.000 0.000 0.000 0.000 0.000 0.000
0.128 0.090 0.067 0.055 0.050 0.050 0.052 0.064 0.103 0.203 0.318 0.360 0.357 0.315 0.219 0.114 0.058 0.034 0.021 0.014 0.010 0.007 0.004 0.003 0.001 0.001 0.000 0.000 0.000 0.000 0.000 0.000 0.000 0.000 0.000 0.000 0.000 0.000 0.000 0.000 0.000 0.000 0.000 0.000 0.000 0.000 0.000 0.000 0.000 0.000 0.000 0.000 0.000 0.000 0.000 0.000 0.000 0.000 0.000 0.000 0.000 0.000 0.000 0.000 0.000 0.000 0.000 0.000 0.000 0.000 0.000 0.000 0.000 0.000 0.000 0.000 0.000
0.205 0.133 0.092 0.071 0.064 0.063 0.067 0.093 0.180 0.398 0.656 0.758 0.748 0.652 0.449 0.227 0.105 0.052 0.029 0.018 0.012 0.009 0.006 0.004 0.002 0.001 0.000 0.000 0.000 0.000 0.000 0.000 0.000 0.000 0.000 0.000 0.000 0.000 0.000 0.000 0.000 0.000 0.000 0.000 0.000 0.000 0.000 0.000 0.000 0.000 0.000 0.000 0.000 0.000 0.000 0.000 0.000 0.000 0.000 0.000 0.000 0.000 0.000 0.000 0.000 0.000 0.000 0.000 0.000 0.000 0.000 0.000 0.000 0.000 0.000 0.000 0.000
0.295 0.205 0.133 0.096 0.081 0.078 0.084 0.118 0.234 0.533 0.912 1.077 1.072 0.945 0.670 0.354 0.166 0.078 0.040 0.024 0.016 0.011 0.008 0.005 0.003 0.002 0.001 0.000 0.000 0.000 0.000 0.000 0.000 0.000 0.000 0.000 0.000 0.000 0.000 0.000 0.000 0.000 0.000 0.000 0.000 0.000 0.000 0.000 0.000 0.000 0.000 0.000 0.000 0.000 0.000 0.000 0.000 0.000 0.000 0.000 0.000 0.000 0.000 0.000 0.000 0.000 0.000 0.000 0.000 0.000 0.000 0.000 0.000 0.000 0.000 0.000 0.000
0.349 0.285 0.203 0.136 0.105 0.097 0.102 0.136 0.256 0.572 0.991 1.183 1.185 1.054 0.762 0.419 0.205 0.099 0.051 0.029 0.019 0.013 0.009 0.007 0.005 0.003 0.002 0.001 0.000 0.000 0.000 0.000 0.000 0.000 0.000 0.000 0.000 0.000 0.000 0.000 0.000 0.000 0.000 0.000 0.000 0.000 0.000 0.000 0.000 0.000 0.000 0.000 0.000 0.000 0.000 0.000 0.000 0.000 0.000 0.000 0.000 0.000 0.000 0.000 0.000 0.000 0.000 0.000 0.000 0.000 0.000 0.000 0.000 0.000 0.000 0.000 0.000
0.363 0.329 0.272 0.193 0.138 0.120 0.121 0.151 0.263 0.558 0.952 1.141 1.151 1.032 0.762 0.433 0.222 0.115 0.062 0.036 0.023 0.016 0.011 0.008 0.006 0.004 0.002 0.001 0.001 0.000 0.000 0.000 0.000 0.000 0.000 0.000 0.000 0.000 0.000 0.000 0.000 0.000 0.000 0.000 0.000 0.000 0.000 0.000 0.000 0.000 0.000 0.000 0.000 0.000 0.000 0.000 0.000 0.000 0.000 0.000 0.000 0.000 0.000 0.000 0.000 0.000 0.000 0.000 0.000 0.000 0.000 0.000 0.000 0.000 0.000 0.000 0.000
0.351 0.336 0.303 0.243 0.179 0.149 0.146 0.169 0.261 0.494 0.787 0.934 0.951 0.874 0.679 0.412 0.225 0.123 0.070 0.041 0.026 0.018 0.013 0.010 0.007 0.005 0.004 0.002 0.001 0.000 0.000 0.000 0.000 0.000 0.000 0.000 0.000 0.000 0.000 0.000 0.000 0.000 0.000 0.000 0.000 0.000 0.000 0.000 0.000 0.000 0.000 0.000 0.000 0.000 0.000 0.000 0.000 0.000 0.000 0.000 0.000 0.000 0.000 0.000 0.000 0.000 0.000 0.000 0.000 0.000 0.000 0.000 0.000 0.000 0.000 0.000 0.000
0.317 0.321 0.305 0.271 0.223 0.192 0.183 0.197 0.258 0.395 0.537 0.600 0.610 0.580 0.488 0.338 0.209 0.124 0.073 0.045 0.029 0.021 0.015 0.012 0.009 0.007 0.005 0.003 0.002 0.001 0.000 0.000 0.000 0.000 0.000 0.000 0.000 0.000 0.000 0.000 0.000 0.000 0.000 0.000 0.000 0.000 0.000 0.000 0.000 0.000 0.000 0.000 0.000 0.000 0.000 0.000 0.000 0.000 0.000 0.000 0.000 0.000 0.000 0.000 0.000 0.000 0.000 0.000 0.000 0.000 0.000 0.000 0.000 0.000 0.000 0.000 0.000
0.262 0.285 0.289 0.277 0.254 0.239 0.235 0.242 0.277 0.342 0.386 0.397 0.385 0.352 0.298 0.229 0.164 0.112 0.072 0.047 0.032 0.023 0.018 0.014 0.011 0.008 0.006 0.005 0.003 0.002 0.001 0.000 0.000 0.000 0.000 0.000 0.000 0.000 0.000 0.000 0.000 0.000 0.000 0.000 0.000 0.000 0.000 0.000 0.000 0.000 0.000 0.000 0.000 0.000 0.000 0.000 0.000 0.000 0.000 0.000 0.000 0.000 0.000 0.000 0.000 0.000 0.000 0.000 0.000 0.000 0.000 0.000 0.000 0.000 0.000 0.000 0.000
0.201 0.237 0.260 0.267 0.266 0.267 0.273 0.287 0.308 0.328 0.331 0.316 0.286 0.242 0.198 0.157 0.123 0.093 0.068 0.048 0.035 0.026 0.020 0.016 0.013 0.010 0.008 0.006 0.004 0.003 0.002 0.001 0.000 0.000 0.000 0.000 0.000 0.000 0.000 0.000 0.000 0.000 0.000 0.000 0.000 0.000 0.000 0.000 0.000 0.000 0.000 0.000 0.000 0.000 0.000 0.000 0.000 0.000 0.000 0.000 0.000 0.000 0.000 0.000 0.000 0.000 0.000 0.000 0.000 0.000 0.000 0.000 0.000 0.000 0.000 0.000 0.000
0.159 0.194 0.224 0.245 0.260 0.274 0.290 0.310 0.325 0.328 0.316 0.286 0.238 0.190 0.152 0.124 0.102 0.083 0.065 0.050 0.039 0.030 0.024 0.019 0.016 0.013 0.010 0.008 0.006 0.005 0.003 0.002 0.001 0.001 0.000 0.000 0.000 0.000 0.000 0.000 0.000 0.000 0.000 0.000 0.000 0.000 0.000 0.000 0.000 0.000 0.000 0.000 0.000 0.000 0.000 0.000 0.000 0.000 0.000 0.000 0.000 0.000 0.000 0.000 0.000 0.000 0.000 0.000 0.000 0.000 0.000 0.000 0.000 0.000 0.000 0.000 0.000
0.134 0.160 0.186 0.212 0.238 0.265 0.291 0.314 0.328 0.328 0.311 0.270 0.211 0.164 0.131 0.109 0.094 0.081 0.067 0.054 0.043 0.035 0.029 0.024 0.020 0.016 0.013 0.011 0.008 0.007 0.005 0.003 0.002 0.001 0.001 0.000 0.000 0.000 0.000 0.000 0.000 0.000 0.000 0.000 0.000 0.000 0.000 0.000 0.000 0.000 0.000 0.000 0.000 0.000 0.000 0.000 0.000 0.000 0.000 0.000 0.000 0.000 0.000 0.000 0.000 0.000 0.000 0.000 0.000 0.000 0.000 0.000 0.000 0.000 0.000 0.000 0.000
0.118 0.137 0.158 0.180 0.205 0.239 0.278 0.308 0.323 0.324 0.305 0.258 0.198 0.151 0.121 0.103 0.092 0.082 0.071 0.060 0.050 0.042 0.035 0.030 0.026 0.022 0.018 0.014 0.011 0.009 0.007 0.005 0.004 0.003 0.002 0.001 0.000 0.000 0.000 0.000 0.000 0.000 0.000 0.000 0.000 0.000 0.000 0.000 0.000 0.000 0.000 0.000 0.000 0.000 0.000 0.000 0.000 0.000 0.000 0.000 0.000 0.000 0.000 0.000 0.000 0.000 0.000 0.000 0.000 0.000 0.000 0.000 0.000 0.000 0.000 0.000 0.000
0.109 0.126 0.145 0.165 0.188 0.217 0.256 0.288 0.304 0.306 0.291 0.251 0.194 0.148 0.119 0.102 0.092 0.085 0.077 0.067 0.058 0.051 0.045 0.040 0.036 0.030 0.025 0.020 0.016 0.012 0.010 0.008 0.006 0.004 0.003 0.002 0.001 0.001 0.000 0.000 0.000 0.000 0.000 0.000 0.000 0.000 0.000 0.000 0.000 0.000 0.000 0.000 0.000 0.000 0.000 0.000 0.000 0.000 0.000 0.000 0.000 0.000 0.000 0.000 0.000 0.000 0.000 0.000 0.000 0.000 0.000 0.000 0.000 0.000 0.000 0.000 0.000
0.107 0.123 0.142 0.163 0.185 0.211 0.246 0.274 0.288 0.290 0.282 0.251 0.198 0.151 0.121 0.104 0.095 0.089 0.084 0.077 0.070 0.065 0.062 0.058 0.054 0.048 0.039 0.029 0.022 0.017 0.013 0.010 0.008 0.006 0.005 0.003 0.002 0.002 0.001 0.000 0.000 0.000 0.000 0.000 0.000 0.000 0.000 0.000 0.000 0.000 0.000 0.000 0.000 0.000 0.000 0.000 0.000 0.000 0.000 0.000 0.000 0.000 0.000 0.000 0.000 0.000 0.000 0.000 0.000 0.000 0.000 0.000 0.000 0.000 0.000 0.000 0.000
0.107 0.123 0.143 0.166 0.189 0.214 0.246 0.274 0.287 0.290 0.285 0.263 0.219 0.171 0.136 0.115 0.103 0.097 0.092 0.088 0.086 0.088 0.092 0.093 0.090 0.083 0.068 0.048 0.033 0.024 0.018 0.014 0.011 0.009 0.007 0.006 0.004 0.003 0.002 0.001 0.001 0.000 0.000 0.000 0.000 0.000 0.000 0.000 0.000 0.000 0.000 0.000 0.000 0.000 0.000 0.000 0.000 0.000 0.000 0.000 0.000 0.000 0.000 0.000 0.000 0.000 0.000 0.000 0.000 0.000 0.000 0.000 0.000 0.000 0.000 0.000 0.000
0.113 0.130 0.152 0.177 0.203 0.229 0.260 0.296 0.316 0.324 0.324 0.313 0.284 0.237 0.186 0.147 0.123 0.111 0.106 0.106 0.111 0.125 0.148 0.161 0.163 0.155 0.129 0.085 0.050 0.033 0.024 0.019 0.015 0.012 0.010 0.008 0.007 0.005 0.004 0.002 0.002 0.001 0.000 0.000 0.000 0.000 0.000 0.000 0.000 0.000 0.000 0.000 0.000 0.000 0.000 0.000 0.000 0.000 0.000 0.000 0.000 0.000 0.000 0.000 0.000 0.000 0.000 0.000 0.000 0.000 0.000 0.000 0.000 0.000 0.000 0.000 0.000
0.128 0.150 0.175 0.201 0.230 0.261 0.306 0.380 0.440 0.469 0.479 0.478 0.460 0.407 0.314 0.225 0.171 0.145 0.137 0.139 0.153 0.192 0.255 0.296 0.310 0.301 0.255 0.162 0.083 0.047 0.032 0.024 0.020 0.017 0.014 0.012 0.010 0.008 0.006 0.005 0.003 0.002 0.001 0.000 0.000 0.000 0.000 0.000 0.000 0.000 0.000 0.000 0.000 0.000 0.000 0.000 0.000 0.000 0.000 0.000 0.000 0.000 0.000 0.000 0.000 0.000 0.000 0.000 0.000 0.000 0.000 0.000 0.000 0.000 0.000 0.000 0.000
0.144 0.173 0.204 0.237 0.272 0.320 0.418 0.603 0.765 0.839 0.859 0.858 0.828 0.737 0.566 0.386 0.275 0.220 0.203 0.205 0.235 0.323 0.467 0.561 0.594 0.581 0.490 0.305 0.147 0.073 0.044 0.032 0.026 0.022 0.019 0.016 0.014 0.011 0.009 0.007 0.005 0.004 0.002 0.001 0.000 0.000 0.000 0.000 0.000 0.000 0.000 0.000 0.000 0.000 0.000 0.000 0.000 0.000 0.000 0.000 0.000 0.000 0.000 0.000 0.000 0.000 0.000 0.000 0.000 0.000 0.000 0.000 0.000 0.000 0.000 0.000 0.000
0.149 0.181 0.216 0.258 0.319 0.424 0.646 1.027 1.321 1.438 1.450 1.419 1.339 1.185 0.925 0.644 0.462 0.367 0.334 0.337 0.400 0.597 0.878 1.039 1.080 1.039 0.855 0.515 0.249 0.118 0.065 0.044 0.035 0.029 0.025 0.022 0.019 0.017 0.014 0.012 0.009 0.006 0.004 0.002 0.001 0.000 0.000 0.000 0.000 0.000 0.000 0.000 0.000 0.000 0.000 0.000 0.000 0.000 0.000 0.000 0.000 0.000 0.000 0.000 0.000 0.000 0.000 0.000 0.000 0.000 0.000 0.000 0.000 0.000 0.000 0.000 0.000
0.140 0.175 0.212 0.260 0.343 0.520 0.888 1.421 1.762 1.872 1.863 1.801 1.688 1.504 1.213 0.920 0.722 0.607 0.566 0.582 0.733 1.125 1.558 1.752 1.759 1.595 1.197 0.682 0.341 0.173 0.098 0.064 0.048 0.039 0.034 0.030 0.027 0.024 0.022 0.018 0.014 0.010 0.006 0.004 0.002 0.001 0.000 0.000 0.000 0.000 0.000 0.000 0.000 0.000 0.000 0.000 0.000 0.000 0.000 0.000 0.000 0.000 0.000 0.000 0.000 0.000 0.000 0.000 0.000 0.000 0.000 0.000 0.000 0.000 0.000 0.000 0.000
0.108 0.144 0.185 0.241 0.339 0.551 0.988 1.578 1.932 2.038 2.031 1.974 1.865 1.680 1.385 1.116 0.961 0.895 0.888 0.972 1.268 1.803 2.209 2.338 2.276 1.970 1.379 0.761 0.392 0.213 0.130 0.089 0.067 0.055 0.047 0.042 0.039 0.037 0.034 0.030 0.023 0.016 0.010 0.006 0.003 0.002 0.000 0.000 0.000 0.000 0.000 0.000 0.000 0.000 0.000 0.000 0.000 0.000 0.000 0.000 0.000 0.000 0.000 0.000 0.000 0.000 0.000 0.000 0.000 0.000 0.000 0.000 0.000 0.000 0.000 0.000 0.000
0.064 0.089 0.126 0.185 0.293 0.517 0.963 1.562 1.926 2.044 2.048 2.013 1.926 1.755 1.471 1.234 1.123 1.101 1.146 1.317 1.691 2.207 2.517 2.596 2.503 2.124 1.431 0.777 0.409 0.232 0.147 0.106 0.084 0.072 0.065 0.060 0.057 0.055 0.053 0.047 0.036 0.023 0.014 0.008 0.004 0.002 0.001 0.000 0.000 0.000 0.000 0.000 0.000 0.000 0.000 0.000 0.000 0.000 0.000 0.000 0.000 0.000 0.000 0.000 0.000 0.000 0.000 0.000 0.000 0.000 0.000 0.000 0.000 0.000 0.000 0.000 0.000
0.037 0.049 0.069 0.108 0.193 0.384 0.776 1.346 1.752 1.934 1.990 1.986 1.926 1.769 1.499 1.290 1.213 1.215 1.292 1.496 1.862 2.296 2.546 2.603 2.503 2.107 1.388 0.746 0.396 0.230 0.150 0.111 0.091 0.081 0.076 0.073 0.071 0.070 0.067 0.059 0.045 0.028 0.017 0.009 0.005 0.002 0.001 0.000 0.000 0.000 0.000 0.000 0.000 0.000 0.000 0.000 0.000 0.000 0.000 0.000 0.000 0.000 0.000 0.000 0.000 0.000 0.000 0.000 0.000 0.000 0.000 0.000 0.000 0.000 0.000 0.000 0.000
0.023 0.030 0.039 0.056 0.096 0.193 0.428 0.863 1.332 1.643 1.804 1.860 1.846 1.731 1.491 1.300 1.240 1.252 1.333 1.520 1.822 2.114 2.268 2.297 2.179 1.789 1.129 0.597 0.322 0.197 0.136 0.106 0.090 0.083 0.080 0.079 0.077 0.076 0.072 0.064 0.048 0.029 0.017 0.010 0.005 0.002 0.001 0.000 0.000 0.000 0.000 0.000 0.000 0.000 0.000 0.000 0.000 0.000 0.000 0.000 0.000 0.000 0.000 0.000 0.000 0.000 0.000 0.000 0.000 0.000 0.000 0.000 0.000 0.000 0.000 0.000 0.000
0.016 0.020 0.025 0.033 0.048 0.084 0.174 0.377 0.728 1.117 1.411 1.560 1.601 1.555 1.399 1.256 1.216 1.227 1.282 1.374 1.481 1.523 1.509 1.464 1.331 1.031 0.604 0.313 0.177 0.122 0.098 0.086 0.080 0.078 0.078 0.078 0.077 0.075 0.071 0.063 0.047 0.029 0.017 0.010 0.005 0.002 0.001 0.000 0.000 0.000 0.000 0.000 0.000 0.000 0.000 0.000 0.000 0.000 0.000 0.000 0.000 0.000 0.000 0.000 0.000 0.000 0.000 0.000 0.000 0.000 0.000 0.000 0.000 0.000 0.000 0.000 0.000
0.012 0.014 0.017 0.021 0.028 0.042 0.071 0.141 0.285 0.526 0.809 1.023 1.131 1.166 1.129 1.073 1.057 1.057 1.039 0.952 0.821 0.709 0.637 0.577 0.498 0.370 0.213 0.119 0.078 0.062 0.057 0.056 0.058 0.063 0.068 0.070 0.070 0.068 0.064 0.057 0.043 0.028 0.017 0.010 0.005 0.002 0.001 0.000 0.000 0.000 0.000 0.000 0.000 0.000 0.000 0.000 0.000 0.000 0.000 0.000 0.000 0.000 0.000 0.000 0.000 0.000 0.000 0.000 0.000 0.000 0.000 0.000 0.000 0.000 0.000 0.000 0.000
0.008 0.010 0.012 0.015 0.019 0.025 0.035 0.057 0.100 0.190 0.339 0.483 0.580 0.640 0.678 0.699 0.701 0.674 0.584 0.440 0.323 0.256 0.218 0.189 0.159 0.119 0.076 0.051 0.040 0.036 0.035 0.035 0.038 0.043 0.049 0.052 0.053 0.052 0.049 0.043 0.034 0.023 0.014 0.008 0.005 0.002 0.001 0.000 0.000 0.000 0.000 0.000 0.000 0.000 0.000 0.000 0.000 0.000 0.000 0.000 0.000 0.000 0.000 0.000 0.000 0.000 0.000 0.000 0.000 0.000 0.000 0.000 0.000 0.000 0.000 0.000 0.000
0.006 0.007 0.009 0.011 0.013 0.017 0.022 0.029 0.043 0.070 0.122 0.191 0.245 0.287 0.318 0.332 0.331 0.304 0.242 0.165 0.119 0.095 0.082 0.071 0.060 0.048 0.036 0.028 0.025 0.024 0.024 0.024 0.026 0.029 0.032 0.034 0.034 0.034 0.032 0.028 0.023 0.016 0.010 0.006 0.004 0.002 0.001 0.000 0.000 0.000 0.000 0.000 0.000 0.000 0.000 0.000 0.000 0.000 0.000 0.000 0.000 0.000 0.000 0.000 0.000 0.000 0.000 0.000 0.000 0.000 0.000 0.000 0.000 0.000 0.000 0.000 0.000
0.004 0.005 0.006 0.008 0.010 0.012 0.015 0.018 0.024 0.033 0.051 0.078 0.103 0.123 0.136 0.141 0.138 0.125 0.096 0.068 0.052 0.044 0.039 0.035 0.031 0.027 0.022 0.019 0.018 0.017 0.018 0.018 0.018 0.020 0.021 0.022 0.022 0.022 0.021 0.019 0.015 0.010 0.007 0.004 0.002 0.001 0.000 0.000 0.000 0.000 0.000 0.000 0.000 0.000 0.000 0.000 0.000 0.000 0.000 0.000 0.000 0.000 0.000 0.000 0.000 0.000 0.000 0.000 0.000 0.000 0.000 0.000 0.000 0.000 0.000 0.000 0.000
0.002 0.003 0.004 0.005 0.007 0.008 0.010 0.013 0.016 0.020 0.027 0.038 0.049 0.057 0.062 0.063 0.062 0.056 0.045 0.035 0.029 0.026 0.024 0.022 0.020 0.018 0.016 0.014 0.013 0.013 0.013 0.013 0.013 0.014 0.015 0.015 0.015 0.014 0.014 0.012 0.010 0.007 0.004 0.002 0.001 0.000 0.000 0.000 0.000 0.000 0.000 0.000 0.000 0.000 0.000 0.000 0.000 0.000 0.000 0.000 0.000 0.000 0.000 0.000 0.000 0.000 0.000 0.000 0.000 0.000 0.000 0.000 0.000 0.000 0.000 0.000 0.000
0.001 0.002 0.002 0.003 0.004 0.006 0.007 0.009 0.011 0.014 0.017 0.022 0.027 0.031 0.032 0.033 0.032 0.030 0.026 0.022 0.019 0.018 0.017 0.015 0.014 0.013 0.011 0.010 0.010 0.009 0.009 0.009 0.009 0.010 0.010 0.010 0.010 0.010 0.009 0.008 0.006 0.004 0.002 0.001 0.001 0.000 0.000 0.000 0.000 0.000 0.000 0.000 0.000 0.000 0.000 0.000 0.000 0.000 0.000 0.000 0.000 0.000 0.000 0.000 0.000 0.000 0.000 0.000 0.000 0.000 0.000 0.000 0.000 0.000 0.000 0.000 0.000
0.000 0.001 0.001 0.002 0.003 0.004 0.005 0.006 0.008 0.009 0.012 0.014 0.017 0.018 0.019 0.019 0.019 0.018 0.017 0.015 0.013 0.013 0.012 0.011 0.010 0.009 0.008 0.007 0.007 0.006 0.006 0.006 0.006 0.006 0.006 0.006 0.006 0.006 0.006 0.005 0.004 0.002 0.001 0.001 0.000 0.000 0.000 0.000 0.000 0.000 0.000 0.000 0.000 0.000 0.000 0.000 0.000 0.000 0.000 0.000 0.000 0.000 0.000 0.000 0.000 0.000 0.000 0.000 0.000 0.000 0.000 0.000 0.000 0.000 0.000 0.000 0.000
0.000 0.000 0.000 0.001 0.001 0.002 0.003 0.004 0.005 0.006 0.008 0.009 0.011 0.011 0.012 0.012 0.012 0.012 0.011 0.010 0.009 0.009 0.008 0.007 0.007 0.006 0.005 0.004 0.004 0.004 0.004 0.004 0.004 0.004 0.004 0.004 0.004 0.003 0.003 0.003 0.002 0.001 0.001 0.000 0.000 0.000 0.000 0.000 0.000 0.000 0.000 0.000 0.000 0.000 0.000 0.000 0.000 0.000 0.000 0.000 0.000 0.000 0.000 0.000 0.000 0.000 0.000 0.000 0.000 0.000 0.000 0.000 0.000 0.000 0.000 0.000 0.000
