RESULTS/r.avaflow_results/33_results/33_ascii/33_hflow0055.asc
ncols 506
nrows 317
xllcenter 498237.50
yllcenter 5580050.00
cellsize 12.50
NODATA_value -9999.000
[rows 170 to 203 of 317, columns 231 to 307 of 506]
0.089 0.067 0.052 0.044 0.041 0.040 0.041 0.046 0.062 0.102 0.147 0.164 0.164 0.150 0.112 0.064 0.037 0.024 0.016 0.011 0.008 0.005 0.003 0.002 0.001 0.000 0.000 0.000 0.000 0.000 0.000 0.000 0.000 0.000 0.000 0.000 0.000 0.000 0.000 0.000 0.000 0.000 0.000 0.000 0.000 0.000 0.000 0.000 0.000 0.000 0.000 0.000 0.000 0.000 0.000 0.000 0.000 0.000 0.000 0.000 0.000 0.000 0.000 0.000 0.000 0.000 0.000 0.000 0.000 0.000 0.000 0.000 0.000 0.000 0.000 0.000 0.000
0.135 0.094 0.069 0.057 0.052 0.051 0.054 0.068 0.114 0.228 0.356 0.404 0.400 0.354 0.247 0.127 0.064 0.036 0.022 0.015 0.010 0.007 0.005 0.003 0.002 0.001 0.000 0.000 0.000 0.000 0.000 0.000 0.000 0.000 0.000 0.000 0.000 0.000 0.000 0.000 0.000 0.000 0.000 0.000 0.000 0.000 0.000 0.000 0.000 0.000 0.000 0.000 0.000 0.000 0.000 0.000 0.000 0.000 0.000 0.000 0.000 0.000 0.000 0.000 0.000 0.000 0.000 0.000 0.000 0.000 0.000 0.000 0.000 0.000 0.000 0.000 0.000
0.218 0.140 0.096 0.074 0.066 0.065 0.071 0.101 0.202 0.446 0.726 0.836 0.826 0.724 0.503 0.256 0.118 0.057 0.031 0.019 0.013 0.009 0.006 0.004 0.002 0.001 0.000 0.000 0.000 0.000 0.000 0.000 0.000 0.000 0.000 0.000 0.000 0.000 0.000 0.000 0.000 0.000 0.000 0.000 0.000 0.000 0.000 0.000 0.000 0.000 0.000 0.000 0.000 0.000 0.000 0.000 0.000 0.000 0.000 0.000 0.000 0.000 0.000 0.000 0.000 0.000 0.000 0.000 0.000 0.000 0.000 0.000 0.000 0.000 0.000 0.000 0.000
0.320 0.217 0.140 0.100 0.084 0.082 0.089 0.129 0.263 0.597 1.002 1.175 1.170 1.036 0.741 0.396 0.185 0.086 0.043 0.025 0.016 0.011 0.008 0.005 0.004 0.002 0.001 0.000 0.000 0.000 0.000 0.000 0.000 0.000 0.000 0.000 0.000 0.000 0.000 0.000 0.000 0.000 0.000 0.000 0.000 0.000 0.000 0.000 0.000 0.000 0.000 0.000 0.000 0.000 0.000 0.000 0.000 0.000 0.000 0.000 0.000 0.000 0.000 0.000 0.000 0.000 0.000 0.000 0.000 0.000 0.000 0.000 0.000 0.000 0.000 0.000 0.000
0.387 0.309 0.214 0.142 0.110 0.102 0.109 0.149 0.289 0.641 1.086 1.286 1.289 1.150 0.840 0.465 0.228 0.109 0.055 0.031 0.020 0.014 0.010 0.007 0.005 0.003 0.002 0.001 0.000 0.000 0.000 0.000 0.000 0.000 0.000 0.000 0.000 0.000 0.000 0.000 0.000 0.000 0.000 0.000 0.000 0.000 0.000 0.000 0.000 0.000 0.000 0.000 0.000 0.000 0.000 0.000 0.000 0.000 0.000 0.000 0.000 0.000 0.000 0.000 0.000 0.000 0.000 0.000 0.000 0.000 0.000 0.000 0.000 0.000 0.000 0.000 0.000
0.406 0.364 0.295 0.205 0.146 0.128 0.130 0.166 0.297 0.628 1.048 1.244 1.253 1.127 0.839 0.479 0.245 0.125 0.066 0.038 0.024 0.016 0.012 0.009 0.006 0.004 0.003 0.002 0.001 0.000 0.000 0.000 0.000 0.000 0.000 0.000 0.000 0.000 0.000 0.000 0.000 0.000 0.000 0.000 0.000 0.000 0.000 0.000 0.000 0.000 0.000 0.000 0.000 0.000 0.000 0.000 0.000 0.000 0.000 0.000 0.000 0.000 0.000 0.000 0.000 0.000 0.000 0.000 0.000 0.000 0.000 0.000 0.000 0.000 0.000 0.000 0.000
0.397 0.377 0.336 0.264 0.192 0.161 0.159 0.186 0.295 0.560 0.878 1.030 1.046 0.962 0.749 0.455 0.247 0.133 0.074 0.043 0.027 0.019 0.014 0.010 0.008 0.005 0.004 0.002 0.001 0.001 0.000 0.000 0.000 0.000 0.000 0.000 0.000 0.000 0.000 0.000 0.000 0.000 0.000 0.000 0.000 0.000 0.000 0.000 0.000 0.000 0.000 0.000 0.000 0.000 0.000 0.000 0.000 0.000 0.000 0.000 0.000 0.000 0.000 0.000 0.000 0.000 0.000 0.000 0.000 0.000 0.000 0.000 0.000 0.000 0.000 0.000 0.000
0.365 0.364 0.342 0.298 0.242 0.208 0.201 0.217 0.289 0.447 0.604 0.672 0.682 0.646 0.540 0.371 0.227 0.133 0.077 0.047 0.030 0.021 0.016 0.012 0.009 0.007 0.005 0.004 0.002 0.001 0.001 0.000 0.000 0.000 0.000 0.000 0.000 0.000 0.000 0.000 0.000 0.000 0.000 0.000 0.000 0.000 0.000 0.000 0.000 0.000 0.000 0.000 0.000 0.000 0.000 0.000 0.000 0.000 0.000 0.000 0.000 0.000 0.000 0.000 0.000 0.000 0.000 0.000 0.000 0.000 0.000 0.000 0.000 0.000 0.000 0.000 0.000
0.308 0.328 0.327 0.309 0.279 0.260 0.256 0.265 0.306 0.380 0.428 0.438 0.422 0.382 0.322 0.245 0.174 0.118 0.075 0.049 0.033 0.024 0.018 0.014 0.011 0.009 0.007 0.005 0.004 0.002 0.001 0.001 0.000 0.000 0.000 0.000 0.000 0.000 0.000 0.000 0.000 0.000 0.000 0.000 0.000 0.000 0.000 0.000 0.000 0.000 0.000 0.000 0.000 0.000 0.000 0.000 0.000 0.000 0.000 0.000 0.000 0.000 0.000 0.000 0.000 0.000 0.000 0.000 0.000 0.000 0.000 0.000 0.000 0.000 0.000 0.000 0.000
0.236 0.275 0.295 0.299 0.292 0.290 0.294 0.307 0.331 0.353 0.355 0.335 0.296 0.248 0.203 0.161 0.125 0.094 0.069 0.049 0.036 0.027 0.021 0.017 0.013 0.011 0.009 0.007 0.005 0.004 0.002 0.001 0.001 0.000 0.000 0.000 0.000 0.000 0.000 0.000 0.000 0.000 0.000 0.000 0.000 0.000 0.000 0.000 0.000 0.000 0.000 0.000 0.000 0.000 0.000 0.000 0.000 0.000 0.000 0.000 0.000 0.000 0.000 0.000 0.000 0.000 0.000 0.000 0.000 0.000 0.000 0.000 0.000 0.000 0.000 0.000 0.000
0.181 0.221 0.254 0.275 0.287 0.297 0.309 0.327 0.342 0.344 0.327 0.286 0.230 0.182 0.147 0.121 0.100 0.082 0.066 0.051 0.040 0.031 0.025 0.020 0.017 0.014 0.011 0.009 0.007 0.005 0.004 0.003 0.002 0.001 0.000 0.000 0.000 0.000 0.000 0.000 0.000 0.000 0.000 0.000 0.000 0.000 0.000 0.000 0.000 0.000 0.000 0.000 0.000 0.000 0.000 0.000 0.000 0.000 0.000 0.000 0.000 0.000 0.000 0.000 0.000 0.000 0.000 0.000 0.000 0.000 0.000 0.000 0.000 0.000 0.000 0.000 0.000
0.144 0.175 0.206 0.235 0.263 0.289 0.311 0.330 0.341 0.338 0.311 0.256 0.194 0.150 0.121 0.103 0.090 0.079 0.067 0.055 0.044 0.036 0.030 0.025 0.021 0.017 0.014 0.011 0.009 0.007 0.005 0.004 0.003 0.002 0.001 0.000 0.000 0.000 0.000 0.000 0.000 0.000 0.000 0.000 0.000 0.000 0.000 0.000 0.000 0.000 0.000 0.000 0.000 0.000 0.000 0.000 0.000 0.000 0.000 0.000 0.000 0.000 0.000 0.000 0.000 0.000 0.000 0.000 0.000 0.000 0.000 0.000 0.000 0.000 0.000 0.000 0.000
0.121 0.143 0.167 0.192 0.222 0.259 0.296 0.320 0.330 0.326 0.297 0.240 0.179 0.137 0.112 0.097 0.087 0.079 0.070 0.060 0.051 0.044 0.038 0.033 0.028 0.024 0.019 0.015 0.012 0.010 0.008 0.006 0.004 0.003 0.002 0.001 0.001 0.000 0.000 0.000 0.000 0.000 0.000 0.000 0.000 0.000 0.000 0.000 0.000 0.000 0.000 0.000 0.000 0.000 0.000 0.000 0.000 0.000 0.000 0.000 0.000 0.000 0.000 0.000 0.000 0.000 0.000 0.000 0.000 0.000 0.000 0.000 0.000 0.000 0.000 0.000 0.000
0.108 0.126 0.147 0.170 0.196 0.230 0.269 0.296 0.307 0.306 0.284 0.235 0.176 0.135 0.110 0.096 0.088 0.082 0.076 0.069 0.061 0.055 0.050 0.046 0.041 0.035 0.029 0.022 0.017 0.013 0.010 0.008 0.006 0.005 0.003 0.002 0.002 0.001 0.000 0.000 0.000 0.000 0.000 0.000 0.000 0.000 0.000 0.000 0.000 0.000 0.000 0.000 0.000 0.000 0.000 0.000 0.000 0.000 0.000 0.000 0.000 0.000 0.000 0.000 0.000 0.000 0.000 0.000 0.000 0.000 0.000 0.000 0.000 0.000 0.000 0.000 0.000
0.104 0.120 0.140 0.164 0.189 0.220 0.259 0.285 0.297 0.297 0.282 0.240 0.185 0.143 0.116 0.101 0.093 0.088 0.084 0.080 0.075 0.073 0.072 0.070 0.066 0.059 0.048 0.035 0.025 0.019 0.014 0.011 0.009 0.007 0.005 0.004 0.003 0.002 0.001 0.001 0.000 0.000 0.000 0.000 0.000 0.000 0.000 0.000 0.000 0.000 0.000 0.000 0.000 0.000 0.000 0.000 0.000 0.000 0.000 0.000 0.000 0.000 0.000 0.000 0.000 0.000 0.000 0.000 0.000 0.000 0.000 0.000 0.000 0.000 0.000 0.000 0.000
0.104 0.120 0.140 0.165 0.191 0.222 0.260 0.290 0.305 0.307 0.299 0.271 0.227 0.184 0.148 0.123 0.108 0.101 0.097 0.095 0.097 0.103 0.114 0.119 0.118 0.109 0.090 0.061 0.039 0.027 0.020 0.015 0.012 0.010 0.008 0.006 0.005 0.004 0.003 0.002 0.001 0.001 0.000 0.000 0.000 0.000 0.000 0.000 0.000 0.000 0.000 0.000 0.000 0.000 0.000 0.000 0.000 0.000 0.000 0.000 0.000 0.000 0.000 0.000 0.000 0.000 0.000 0.000 0.000 0.000 0.000 0.000 0.000 0.000 0.000 0.000 0.000
0.107 0.125 0.147 0.174 0.204 0.238 0.282 0.332 0.366 0.382 0.386 0.376 0.350 0.307 0.247 0.185 0.146 0.127 0.121 0.123 0.132 0.155 0.194 0.218 0.224 0.215 0.181 0.119 0.065 0.039 0.027 0.020 0.016 0.013 0.011 0.009 0.007 0.006 0.005 0.004 0.003 0.002 0.001 0.000 0.000 0.000 0.000 0.000 0.000 0.000 0.000 0.000 0.000 0.000 0.000 0.000 0.000 0.000 0.000 0.000 0.000 0.000 0.000 0.000 0.000 0.000 0.000 0.000 0.000 0.000 0.000 0.000 0.000 0.000 0.000 0.000 0.000
0.119 0.141 0.166 0.196 0.233 0.279 0.354 0.472 0.571 0.624 0.646 0.651 0.639 0.584 0.469 0.324 0.230 0.184 0.171 0.173 0.194 0.250 0.343 0.410 0.435 0.428 0.367 0.237 0.117 0.060 0.037 0.027 0.021 0.017 0.015 0.012 0.011 0.009 0.008 0.006 0.005 0.003 0.002 0.001 0.001 0.000 0.000 0.000 0.000 0.000 0.000 0.000 0.000 0.000 0.000 0.000 0.000 0.000 0.000 0.000 0.000 0.000 0.000 0.000 0.000 0.000 0.000 0.000 0.000 0.000 0.000 0.000 0.000 0.000 0.000 0.000 0.000
0.133 0.160 0.192 0.231 0.282 0.363 0.520 0.790 1.016 1.126 1.161 1.165 1.132 1.027 0.822 0.563 0.386 0.297 0.268 0.270 0.309 0.428 0.626 0.763 0.815 0.802 0.690 0.445 0.213 0.100 0.055 0.037 0.028 0.023 0.020 0.017 0.015 0.013 0.011 0.010 0.008 0.006 0.004 0.002 0.001 0.001 0.000 0.000 0.000 0.000 0.000 0.000 0.000 0.000 0.000 0.000 0.000 0.000 0.000 0.000 0.000 0.000 0.000 0.000 0.000 0.000 0.000 0.000 0.000 0.000 0.000 0.000 0.000 0.000 0.000 0.000 0.000
0.135 0.166 0.202 0.252 0.335 0.492 0.798 1.251 1.564 1.680 1.687 1.650 1.562 1.401 1.143 0.843 0.619 0.487 0.440 0.442 0.524 0.772 1.129 1.342 1.407 1.367 1.151 0.730 0.361 0.167 0.085 0.052 0.038 0.030 0.026 0.023 0.021 0.019 0.017 0.015 0.012 0.009 0.007 0.004 0.003 0.001 0.001 0.000 0.000 0.000 0.000 0.000 0.000 0.000 0.000 0.000 0.000 0.000 0.000 0.000 0.000 0.000 0.000 0.000 0.000 0.000 0.000 0.000 0.000 0.000 0.000 0.000 0.000 0.000 0.000 0.000 0.000
0.127 0.160 0.198 0.254 0.359 0.582 1.012 1.554 1.874 1.967 1.953 1.886 1.770 1.590 1.320 1.047 0.861 0.750 0.706 0.729 0.918 1.383 1.883 2.109 2.121 1.953 1.532 0.926 0.480 0.241 0.130 0.078 0.053 0.041 0.035 0.031 0.029 0.027 0.025 0.023 0.019 0.015 0.010 0.007 0.004 0.002 0.001 0.000 0.000 0.000 0.000 0.000 0.000 0.000 0.000 0.000 0.000 0.000 0.000 0.000 0.000 0.000 0.000 0.000 0.000 0.000 0.000 0.000 0.000 0.000 0.000 0.000 0.000 0.000 0.000 0.000 0.000
0.099 0.132 0.173 0.237 0.355 0.607 1.086 1.648 1.956 2.032 2.015 1.946 1.831 1.653 1.391 1.158 1.028 0.980 0.994 1.117 1.465 2.055 2.504 2.660 2.613 2.323 1.727 1.013 0.541 0.291 0.169 0.108 0.076 0.059 0.049 0.044 0.042 0.040 0.039 0.036 0.031 0.023 0.016 0.011 0.007 0.004 0.002 0.001 0.000 0.000 0.000 0.000 0.000 0.000 0.000 0.000 0.000 0.000 0.000 0.000 0.000 0.000 0.000 0.000 0.000 0.000 0.000 0.000 0.000 0.000 0.000 0.000 0.000 0.000 0.000 0.000 0.000
0.060 0.084 0.121 0.185 0.308 0.565 1.041 1.596 1.903 1.987 1.980 1.930 1.830 1.660 1.403 1.202 1.117 1.112 1.183 1.401 1.837 2.416 2.773 2.884 2.817 2.469 1.779 1.028 0.558 0.312 0.189 0.126 0.093 0.076 0.067 0.062 0.060 0.060 0.060 0.057 0.049 0.035 0.023 0.015 0.009 0.005 0.002 0.001 0.000 0.000 0.000 0.000 0.000 0.000 0.000 0.000 0.000 0.000 0.000 0.000 0.000 0.000 0.000 0.000 0.000 0.000 0.000 0.000 0.000 0.000 0.000 0.000 0.000 0.000 0.000 0.000 0.000
0.035 0.047 0.068 0.109 0.202 0.410 0.807 1.322 1.659 1.799 1.838 1.828 1.768 1.624 1.387 1.206 1.146 1.161 1.270 1.526 1.966 2.473 2.777 2.866 2.798 2.439 1.718 0.977 0.536 0.307 0.191 0.131 0.100 0.085 0.078 0.075 0.074 0.075 0.075 0.071 0.061 0.043 0.028 0.017 0.010 0.006 0.003 0.001 0.000 0.000 0.000 0.000 0.000 0.000 0.000 0.000 0.000 0.000 0.000 0.000 0.000 0.000 0.000 0.000 0.000 0.000 0.000 0.000 0.000 0.000 0.000 0.000 0.000 0.000 0.000 0.000 0.000
0.023 0.029 0.038 0.057 0.099 0.199 0.420 0.797 1.181 1.429 1.556 1.601 1.588 1.499 1.316 1.175 1.136 1.160 1.275 1.517 1.890 2.248 2.452 2.508 2.427 2.074 1.404 0.778 0.429 0.258 0.170 0.123 0.099 0.086 0.081 0.080 0.080 0.080 0.080 0.076 0.065 0.047 0.030 0.018 0.011 0.006 0.003 0.001 0.000 0.000 0.000 0.000 0.000 0.000 0.000 0.000 0.000 0.000 0.000 0.000 0.000 0.000 0.000 0.000 0.000 0.000 0.000 0.000 0.000 0.000 0.000 0.000 0.000 0.000 0.000 0.000 0.000
0.016 0.019 0.024 0.032 0.049 0.085 0.170 0.340 0.601 0.875 1.091 1.211 1.250 1.227 1.138 1.060 1.049 1.082 1.175 1.323 1.484 1.582 1.609 1.593 1.495 1.221 0.770 0.412 0.232 0.153 0.116 0.097 0.086 0.081 0.079 0.079 0.080 0.079 0.079 0.075 0.064 0.047 0.030 0.019 0.011 0.006 0.003 0.001 0.000 0.000 0.000 0.000 0.000 0.000 0.000 0.000 0.000 0.000 0.000 0.000 0.000 0.000 0.000 0.000 0.000 0.000 0.000 0.000 0.000 0.000 0.000 0.000 0.000 0.000 0.000 0.000 0.000
0.011 0.014 0.017 0.021 0.028 0.041 0.069 0.128 0.237 0.400 0.570 0.691 0.762 0.797 0.810 0.811 0.827 0.854 0.875 0.853 0.784 0.723 0.678 0.637 0.576 0.457 0.278 0.155 0.097 0.073 0.063 0.060 0.061 0.064 0.069 0.071 0.071 0.071 0.070 0.067 0.058 0.043 0.028 0.018 0.011 0.006 0.003 0.001 0.000 0.000 0.000 0.000 0.000 0.000 0.000 0.000 0.000 0.000 0.000 0.000 0.000 0.000 0.000 0.000 0.000 0.000 0.000 0.000 0.000 0.000 0.000 0.000 0.000 0.000 0.000 0.000 0.000
0.008 0.010 0.012 0.015 0.018 0.024 0.034 0.053 0.088 0.151 0.239 0.315 0.367 0.405 0.436 0.460 0.475 0.473 0.443 0.376 0.305 0.261 0.234 0.211 0.186 0.149 0.096 0.062 0.046 0.040 0.037 0.037 0.039 0.043 0.049 0.053 0.054 0.054 0.053 0.050 0.044 0.035 0.024 0.016 0.010 0.005 0.003 0.001 0.000 0.000 0.000 0.000 0.000 0.000 0.000 0.000 0.000 0.000 0.000 0.000 0.000 0.000 0.000 0.000 0.000 0.000 0.000 0.000 0.000 0.000 0.000 0.000 0.000 0.000 0.000 0.000 0.000
0.006 0.007 0.009 0.011 0.013 0.016 0.021 0.028 0.039 0.060 0.093 0.129 0.158 0.183 0.203 0.216 0.218 0.208 0.183 0.145 0.114 0.098 0.087 0.078 0.069 0.057 0.042 0.032 0.027 0.025 0.025 0.025 0.026 0.029 0.032 0.034 0.035 0.035 0.034 0.032 0.029 0.024 0.017 0.012 0.008 0.004 0.002 0.001 0.000 0.000 0.000 0.000 0.000 0.000 0.000 0.000 0.000 0.000 0.000 0.000 0.000 0.000 0.000 0.000 0.000 0.000 0.000 0.000 0.000 0.000 0.000 0.000 0.000 0.000 0.000 0.000 0.000
0.004 0.005 0.006 0.008 0.009 0.011 0.014 0.018 0.022 0.030 0.042 0.058 0.073 0.086 0.095 0.098 0.097 0.091 0.079 0.062 0.051 0.045 0.041 0.038 0.034 0.030 0.025 0.021 0.019 0.018 0.018 0.018 0.019 0.020 0.022 0.023 0.023 0.023 0.022 0.021 0.019 0.016 0.012 0.008 0.005 0.003 0.001 0.000 0.000 0.000 0.000 0.000 0.000 0.000 0.000 0.000 0.000 0.000 0.000 0.000 0.000 0.000 0.000 0.000 0.000 0.000 0.000 0.000 0.000 0.000 0.000 0.000 0.000 0.000 0.000 0.000 0.000
0.002 0.003 0.004 0.005 0.007 0.008 0.010 0.012 0.015 0.019 0.024 0.031 0.039 0.045 0.049 0.050 0.049 0.046 0.041 0.034 0.029 0.027 0.025 0.023 0.022 0.019 0.017 0.015 0.014 0.013 0.013 0.013 0.014 0.014 0.015 0.015 0.015 0.015 0.015 0.014 0.013 0.011 0.008 0.005 0.003 0.002 0.001 0.000 0.000 0.000 0.000 0.000 0.000 0.000 0.000 0.000 0.000 0.000 0.000 0.000 0.000 0.000 0.000 0.000 0.000 0.000 0.000 0.000 0.000 0.000 0.000 0.000 0.000 0.000 0.000 0.000 0.000
0.001 0.002 0.002 0.003 0.004 0.006 0.007 0.009 0.010 0.013 0.016 0.020 0.024 0.026 0.028 0.028 0.028 0.027 0.025 0.022 0.020 0.018 0.017 0.016 0.015 0.014 0.012 0.011 0.010 0.010 0.009 0.009 0.010 0.010 0.010 0.010 0.010 0.010 0.010 0.009 0.008 0.007 0.005 0.003 0.002 0.001 0.000 0.000 0.000 0.000 0.000 0.000 0.000 0.000 0.000 0.000 0.000 0.000 0.000 0.000 0.000 0.000 0.000 0.000 0.000 0.000 0.000 0.000 0.000 0.000 0.000 0.000 0.000 0.000 0.000 0.000 0.000
0.000 0.001 0.001 0.002 0.003 0.004 0.005 0.006 0.007 0.009 0.011 0.013 0.015 0.017 0.018 0.018 0.018 0.017 0.016 0.015 0.014 0.013 0.012 0.011 0.010 0.009 0.008 0.007 0.007 0.006 0.006 0.006 0.006 0.006 0.007 0.007 0.007 0.007 0.006 0.006 0.005 0.004 0.003 0.002 0.001 0.000 0.000 0.000 0.000 0.000 0.000 0.000 0.000 0.000 0.000 0.000 0.000 0.000 0.000 0.000 0.000 0.000 0.000 0.000 0.000 0.000 0.000 0.000 0.000 0.000 0.000 0.000 0.000 0.000 0.000 0.000 0.000
0.000 0.000 0.000 0.001 0.001 0.002 0.003 0.004 0.005 0.006 0.007 0.009 0.010 0.011 0.011 0.011 0.011 0.011 0.011 0.010 0.010 0.009 0.008 0.008 0.007 0.006 0.005 0.005 0.004 0.004 0.004 0.004 0.004 0.004 0.004 0.004 0.004 0.004 0.004 0.003 0.003 0.002 0.001 0.001 0.000 0.000 0.000 0.000 0.000 0.000 0.000 0.000 0.000 0.000 0.000 0.000 0.000 0.000 0.000 0.000 0.000 0.000 0.000 0.000 0.000 0.000 0.000 0.000 0.000 0.000 0.000 0.000 0.000 0.000 0.000 0.000 0.000
