RESULTS/r.avaflow_results/33_results/33_ascii/33_hflow_max0046.asc
ncols 506
nrows 317
xllcenter 498237.50
yllcenter 5580050.00
cellsize 12.50
NODATA_value -9999.000
[rows 170 to 203 of 317, columns 154 to 230 of 506]
15.412 15.160 14.952 14.731 14.482 14.236 13.941 13.615 13.274 12.930 12.620 12.289 11.918 11.772 11.447 10.809 9.868 8.759 7.634 6.632 5.805 5.055 4.338 3.745 3.292 2.935 2.699 2.566 2.514 2.547 2.612 2.693 2.802 2.893 2.969 3.065 3.150 3.192 3.186 3.170 3.095 2.970 2.823 2.689 2.563 2.426 2.249 2.013 1.718 1.412 1.126 0.859 0.652 0.503 0.395 0.314 0.257 0.218 0.190 0.168 0.153 0.138 0.122 0.107 0.101 0.103 0.108 0.123 0.207 0.398 0.678 0.898 1.079 1.211 1.302 1.336 1.296
18.848 18.847 18.766 18.584 18.285 17.887 17.430 16.963 16.516 16.060 15.647 15.198 14.829 14.662 14.277 13.582 12.605 11.464 10.226 8.974 7.821 6.725 5.637 4.759 4.076 3.508 3.064 2.765 2.603 2.553 2.598 2.702 2.844 2.953 3.024 3.084 3.139 3.171 3.165 3.105 2.973 2.770 2.533 2.303 2.086 1.852 1.565 1.235 0.926 0.660 0.474 0.351 0.268 0.209 0.166 0.136 0.119 0.108 0.101 0.096 0.092 0.085 0.078 0.070 0.069 0.070 0.073 0.091 0.155 0.297 0.552 0.785 0.972 1.097 1.177 1.216 1.207
22.073 22.338 22.315 22.066 21.640 21.100 20.515 19.949 19.424 18.922 18.433 17.919 17.689 17.508 17.116 16.401 15.408 14.300 13.169 11.945 10.577 9.121 7.637 6.345 5.310 4.430 3.698 3.154 2.808 2.626 2.558 2.602 2.711 2.860 2.941 2.993 3.014 2.993 2.912 2.749 2.475 2.093 1.692 1.345 1.059 0.855 0.675 0.498 0.350 0.246 0.180 0.137 0.107 0.086 0.070 0.061 0.060 0.059 0.059 0.060 0.059 0.056 0.052 0.051 0.050 0.051 0.054 0.068 0.112 0.211 0.417 0.685 0.888 1.037 1.108 1.145 1.145
24.414 24.927 25.016 24.823 24.415 23.894 23.342 22.810 22.286 21.748 21.246 20.824 20.644 20.434 20.045 19.368 18.426 17.321 16.126 14.850 13.460 11.911 10.203 8.516 7.035 5.778 4.730 3.898 3.283 2.856 2.622 2.505 2.493 2.641 2.738 2.744 2.686 2.561 2.333 1.968 1.491 1.027 0.694 0.486 0.397 0.317 0.241 0.175 0.125 0.091 0.069 0.055 0.044 0.036 0.033 0.033 0.035 0.039 0.042 0.043 0.042 0.041 0.040 0.039 0.039 0.040 0.043 0.051 0.080 0.145 0.285 0.548 0.796 0.987 1.074 1.104 1.105
25.294 26.005 26.371 26.457 26.334 26.104 25.831 25.512 25.107 24.599 24.036 23.712 23.491 23.249 22.869 22.261 21.375 20.259 18.974 17.576 16.065 14.418 12.547 10.519 8.690 7.107 5.795 4.735 3.907 3.279 2.810 2.492 2.399 2.430 2.446 2.359 2.139 1.786 1.374 0.968 0.629 0.393 0.246 0.182 0.146 0.115 0.087 0.065 0.048 0.037 0.030 0.024 0.021 0.019 0.020 0.022 0.025 0.029 0.031 0.033 0.033 0.032 0.032 0.032 0.032 0.033 0.036 0.041 0.058 0.100 0.191 0.393 0.692 0.921 1.036 1.074 1.079
25.183 26.032 26.611 26.947 27.156 27.296 27.358 27.287 27.066 26.672 26.250 25.827 25.569 25.321 24.966 24.431 23.684 22.681 21.388 19.842 18.128 16.348 14.493 12.364 10.099 8.142 6.563 5.321 4.357 3.617 3.047 2.620 2.432 2.324 2.162 1.833 1.346 0.865 0.577 0.380 0.241 0.148 0.093 0.072 0.058 0.045 0.035 0.027 0.022 0.017 0.015 0.014 0.014 0.014 0.015 0.016 0.019 0.022 0.024 0.025 0.026 0.026 0.026 0.027 0.028 0.029 0.031 0.035 0.045 0.073 0.135 0.276 0.556 0.816 0.974 1.036 1.051
24.283 25.344 26.218 26.819 27.260 27.588 27.770 27.776 27.701 27.597 27.155 26.621 26.395 26.234 25.929 25.436 24.829 24.009 22.919 21.469 19.742 17.853 15.773 13.392 10.816 8.597 6.866 5.541 4.535 3.766 3.180 2.770 2.474 2.187 1.714 1.089 0.582 0.333 0.220 0.143 0.091 0.057 0.041 0.033 0.026 0.021 0.017 0.014 0.012 0.011 0.010 0.010 0.011 0.011 0.011 0.012 0.014 0.016 0.018 0.020 0.021 0.021 0.022 0.023 0.024 0.026 0.028 0.031 0.037 0.057 0.103 0.205 0.421 0.704 0.881 0.973 1.008
22.926 24.156 25.327 26.272 26.974 27.392 27.653 27.737 27.694 27.680 27.451 26.861 26.480 26.347 26.168 25.771 25.250 24.589 23.603 22.162 20.336 18.301 16.084 13.587 10.907 8.619 6.859 5.531 4.536 3.769 3.182 2.709 2.238 1.636 0.935 0.427 0.204 0.125 0.083 0.055 0.036 0.027 0.021 0.017 0.014 0.011 0.010 0.009 0.008 0.008 0.008 0.008 0.008 0.008 0.008 0.009 0.010 0.012 0.013 0.015 0.016 0.018 0.019 0.020 0.022 0.023 0.025 0.028 0.033 0.047 0.082 0.156 0.310 0.566 0.758 0.885 0.951
21.444 22.905 24.204 25.320 26.249 26.856 27.128 27.158 27.072 27.030 26.815 26.262 25.847 25.695 25.495 25.097 24.592 23.983 23.077 21.711 19.913 17.847 15.573 13.039 10.430 8.247 6.532 5.226 4.244 3.455 2.799 2.124 1.394 0.726 0.317 0.139 0.076 0.049 0.034 0.023 0.018 0.015 0.012 0.010 0.009 0.008 0.007 0.006 0.005 0.005 0.005 0.005 0.005 0.005 0.006 0.006 0.007 0.008 0.010 0.011 0.013 0.014 0.016 0.017 0.019 0.021 0.023 0.026 0.030 0.040 0.067 0.123 0.234 0.430 0.638 0.778 0.875
19.944 21.449 22.860 24.041 24.978 25.566 25.806 25.794 25.576 25.320 25.092 24.788 24.429 24.022 23.558 23.073 22.571 22.027 21.235 19.976 18.250 16.194 13.928 11.495 9.207 7.291 5.692 4.368 3.289 2.386 1.610 0.942 0.467 0.214 0.097 0.051 0.032 0.022 0.016 0.013 0.011 0.009 0.008 0.007 0.006 0.005 0.004 0.004 0.003 0.003 0.003 0.003 0.003 0.003 0.004 0.004 0.005 0.006 0.007 0.008 0.010 0.011 0.013 0.014 0.016 0.018 0.020 0.023 0.027 0.035 0.057 0.102 0.185 0.329 0.519 0.667 0.776
18.228 19.778 21.111 22.219 23.119 23.710 24.032 24.119 23.891 23.338 23.169 23.181 22.951 22.248 21.486 20.931 20.390 19.742 18.831 17.483 15.654 13.488 11.209 9.086 7.289 5.728 4.238 2.801 1.662 0.922 0.498 0.252 0.126 0.064 0.037 0.024 0.016 0.012 0.009 0.008 0.007 0.006 0.005 0.004 0.004 0.003 0.002 0.002 0.002 0.002 0.002 0.002 0.002 0.002 0.002 0.002 0.003 0.004 0.005 0.006 0.007 0.009 0.010 0.012 0.014 0.016 0.018 0.021 0.025 0.030 0.050 0.086 0.151 0.261 0.417 0.561 0.672
16.221 17.600 18.855 20.024 21.068 21.946 22.622 22.912 22.797 22.290 21.969 22.011 21.763 20.879 20.055 19.499 18.886 17.994 16.685 14.921 12.762 10.269 7.751 5.985 4.776 3.579 2.247 1.156 0.535 0.242 0.123 0.066 0.041 0.027 0.018 0.013 0.009 0.007 0.006 0.005 0.005 0.004 0.003 0.003 0.002 0.002 0.001 0.001 0.001 0.001 0.001 0.001 0.001 0.001 0.001 0.001 0.001 0.002 0.003 0.004 0.005 0.006 0.008 0.010 0.011 0.014 0.016 0.019 0.023 0.028 0.044 0.074 0.128 0.217 0.343 0.474 0.587
13.888 15.086 16.373 17.736 19.087 20.343 21.341 21.844 21.804 21.390 21.142 20.901 20.301 19.357 18.603 18.006 17.281 16.147 14.449 12.218 9.504 6.450 3.842 2.726 2.013 1.347 0.715 0.312 0.130 0.063 0.037 0.026 0.019 0.014 0.010 0.008 0.006 0.005 0.004 0.003 0.003 0.002 0.002 0.001 0.001 0.001 0.000 0.000 0.000 0.000 0.000 0.000 0.000 0.000 0.000 0.000 0.001 0.001 0.002 0.002 0.003 0.005 0.006 0.008 0.010 0.012 0.015 0.018 0.022 0.028 0.039 0.066 0.112 0.185 0.289 0.405 0.516
11.703 12.820 14.055 15.486 17.006 18.433 19.607 20.261 20.349 20.038 19.409 18.600 17.646 16.853 16.199 15.516 14.610 13.214 11.059 8.057 4.912 2.436 1.194 0.747 0.491 0.290 0.144 0.068 0.036 0.023 0.017 0.014 0.011 0.008 0.006 0.005 0.004 0.003 0.002 0.002 0.001 0.001 0.001 0.000 0.000 0.000 0.000 0.000 0.000 0.000 0.000 0.000 0.000 0.000 0.000 0.000 0.000 0.000 0.001 0.001 0.002 0.003 0.004 0.006 0.008 0.010 0.013 0.017 0.021 0.027 0.037 0.060 0.100 0.162 0.247 0.348 0.450
9.827 10.843 11.978 13.241 14.458 15.606 16.625 17.276 17.428 17.176 16.402 15.271 14.190 13.413 12.655 11.753 10.450 8.404 5.619 2.942 1.281 0.471 0.225 0.136 0.091 0.057 0.035 0.022 0.016 0.012 0.010 0.008 0.006 0.005 0.004 0.003 0.002 0.001 0.001 0.001 0.000 0.000 0.000 0.000 0.000 0.000 0.000 0.000 0.000 0.000 0.000 0.000 0.000 0.000 0.000 0.000 0.000 0.000 0.000 0.001 0.001 0.002 0.003 0.005 0.007 0.009 0.012 0.016 0.020 0.026 0.036 0.056 0.091 0.143 0.214 0.298 0.390
8.489 9.468 10.226 10.751 11.178 11.658 12.325 12.927 13.169 13.069 12.488 11.462 10.258 8.864 7.513 6.219 4.753 2.960 1.402 0.505 0.181 0.089 0.051 0.035 0.026 0.020 0.015 0.012 0.009 0.008 0.006 0.005 0.004 0.003 0.002 0.001 0.001 0.001 0.000 0.000 0.000 0.000 0.000 0.000 0.000 0.000 0.000 0.000 0.000 0.000 0.000 0.000 0.000 0.000 0.000 0.000 0.000 0.000 0.000 0.000 0.001 0.001 0.002 0.004 0.006 0.008 0.011 0.015 0.019 0.025 0.034 0.052 0.082 0.127 0.186 0.256 0.336
6.835 7.210 7.257 7.007 6.693 6.580 6.786 7.213 7.487 7.525 7.238 6.514 5.261 3.642 2.488 1.718 1.086 0.491 0.186 0.087 0.046 0.029 0.021 0.016 0.013 0.011 0.009 0.007 0.006 0.005 0.004 0.003 0.002 0.002 0.001 0.001 0.000 0.000 0.000 0.000 0.000 0.000 0.000 0.000 0.000 0.000 0.000 0.000 0.000 0.000 0.000 0.000 0.000 0.000 0.000 0.000 0.000 0.000 0.000 0.000 0.000 0.001 0.002 0.003 0.005 0.007 0.010 0.013 0.018 0.024 0.032 0.047 0.072 0.110 0.161 0.223 0.294
3.824 3.607 3.376 3.102 2.784 2.553 2.471 2.524 2.568 2.542 2.402 2.074 1.491 0.807 0.426 0.261 0.156 0.085 0.045 0.027 0.019 0.015 0.012 0.010 0.008 0.007 0.006 0.005 0.004 0.003 0.002 0.002 0.001 0.001 0.000 0.000 0.000 0.000 0.000 0.000 0.000 0.000 0.000 0.000 0.000 0.000 0.000 0.000 0.000 0.000 0.000 0.000 0.000 0.000 0.000 0.000 0.000 0.000 0.000 0.000 0.000 0.000 0.001 0.002 0.004 0.006 0.008 0.012 0.016 0.022 0.029 0.042 0.062 0.093 0.140 0.200 0.268
1.390 1.261 1.116 0.986 0.839 0.683 0.584 0.532 0.506 0.478 0.432 0.354 0.227 0.120 0.084 0.060 0.040 0.027 0.019 0.014 0.011 0.009 0.008 0.007 0.006 0.005 0.004 0.003 0.002 0.002 0.001 0.001 0.000 0.000 0.000 0.000 0.000 0.000 0.000 0.000 0.000 0.000 0.000 0.000 0.000 0.000 0.000 0.000 0.000 0.000 0.000 0.000 0.000 0.000 0.000 0.000 0.000 0.000 0.000 0.000 0.000 0.000 0.000 0.001 0.003 0.004 0.007 0.010 0.014 0.019 0.026 0.036 0.053 0.081 0.126 0.187 0.263
0.370 0.334 0.287 0.252 0.214 0.162 0.124 0.109 0.105 0.099 0.090 0.072 0.050 0.036 0.028 0.022 0.017 0.014 0.011 0.009 0.008 0.006 0.005 0.004 0.004 0.003 0.002 0.001 0.001 0.001 0.000 0.000 0.000 0.000 0.000 0.000 0.000 0.000 0.000 0.000 0.000 0.000 0.000 0.000 0.000 0.000 0.000 0.000 0.000 0.000 0.000 0.000 0.000 0.000 0.000 0.000 0.000 0.000 0.000 0.000 0.000 0.000 0.000 0.001 0.002 0.003 0.005 0.008 0.012 0.016 0.022 0.030 0.045 0.070 0.115 0.183 0.276
0.092 0.085 0.076 0.067 0.058 0.045 0.039 0.036 0.034 0.032 0.030 0.026 0.021 0.017 0.014 0.012 0.010 0.009 0.007 0.006 0.005 0.004 0.003 0.003 0.002 0.001 0.001 0.001 0.000 0.000 0.000 0.000 0.000 0.000 0.000 0.000 0.000 0.000 0.000 0.000 0.000 0.000 0.000 0.000 0.000 0.000 0.000 0.000 0.000 0.000 0.000 0.000 0.000 0.000 0.000 0.000 0.000 0.000 0.000 0.000 0.000 0.000 0.000 0.000 0.001 0.002 0.004 0.006 0.009 0.012 0.017 0.023 0.033 0.052 0.092 0.161 0.262
0.031 0.029 0.026 0.024 0.022 0.020 0.018 0.017 0.016 0.016 0.015 0.014 0.012 0.011 0.010 0.008 0.007 0.006 0.005 0.004 0.003 0.003 0.002 0.001 0.001 0.001 0.000 0.000 0.000 0.000 0.000 0.000 0.000 0.000 0.000 0.000 0.000 0.000 0.000 0.000 0.000 0.000 0.000 0.000 0.000 0.000 0.000 0.000 0.000 0.000 0.000 0.000 0.000 0.000 0.000 0.000 0.000 0.000 0.000 0.000 0.000 0.000 0.000 0.000 0.000 0.001 0.003 0.004 0.006 0.009 0.012 0.017 0.022 0.032 0.057 0.109 0.199
0.015 0.014 0.013 0.013 0.013 0.012 0.011 0.011 0.010 0.010 0.009 0.009 0.008 0.007 0.006 0.005 0.005 0.004 0.003 0.002 0.002 0.001 0.001 0.001 0.000 0.000 0.000 0.000 0.000 0.000 0.000 0.000 0.000 0.000 0.000 0.000 0.000 0.000 0.000 0.000 0.000 0.000 0.000 0.000 0.000 0.000 0.000 0.000 0.000 0.000 0.000 0.000 0.000 0.000 0.000 0.000 0.000 0.000 0.000 0.000 0.000 0.000 0.000 0.000 0.000 0.001 0.002 0.003 0.004 0.006 0.009 0.012 0.015 0.020 0.032 0.057 0.110
0.009 0.008 0.008 0.008 0.008 0.008 0.007 0.007 0.007 0.006 0.006 0.006 0.005 0.005 0.004 0.003 0.003 0.002 0.001 0.001 0.001 0.000 0.000 0.000 0.000 0.000 0.000 0.000 0.000 0.000 0.000 0.000 0.000 0.000 0.000 0.000 0.000 0.000 0.000 0.000 0.000 0.000 0.000 0.000 0.000 0.000 0.000 0.000 0.000 0.000 0.000 0.000 0.000 0.000 0.000 0.000 0.000 0.000 0.000 0.000 0.000 0.000 0.000 0.000 0.000 0.000 0.001 0.002 0.003 0.004 0.006 0.008 0.011 0.014 0.019 0.030 0.053
0.006 0.005 0.005 0.005 0.005 0.005 0.005 0.005 0.004 0.004 0.004 0.003 0.003 0.003 0.002 0.002 0.001 0.001 0.001 0.000 0.000 0.000 0.000 0.000 0.000 0.000 0.000 0.000 0.000 0.000 0.000 0.000 0.000 0.000 0.000 0.000 0.000 0.000 0.000 0.000 0.000 0.000 0.000 0.000 0.000 0.000 0.000 0.000 0.000 0.000 0.000 0.000 0.000 0.000 0.000 0.000 0.000 0.000 0.000 0.000 0.000 0.000 0.000 0.000 0.000 0.000 0.000 0.001 0.002 0.003 0.004 0.006 0.007 0.010 0.012 0.017 0.026
0.003 0.003 0.003 0.003 0.003 0.003 0.003 0.003 0.002 0.002 0.002 0.002 0.001 0.001 0.001 0.001 0.000 0.000 0.000 0.000 0.000 0.000 0.000 0.000 0.000 0.000 0.000 0.000 0.000 0.000 0.000 0.000 0.000 0.000 0.000 0.000 0.000 0.000 0.000 0.000 0.000 0.000 0.000 0.000 0.000 0.000 0.000 0.000 0.000 0.000 0.000 0.000 0.000 0.000 0.000 0.000 0.000 0.000 0.000 0.000 0.000 0.000 0.000 0.000 0.000 0.000 0.000 0.000 0.001 0.001 0.002 0.004 0.005 0.007 0.009 0.011 0.015
0.002 0.002 0.002 0.001 0.001 0.001 0.001 0.001 0.001 0.001 0.001 0.001 0.000 0.000 0.000 0.000 0.000 0.000 0.000 0.000 0.000 0.000 0.000 0.000 0.000 0.000 0.000 0.000 0.000 0.000 0.000 0.000 0.000 0.000 0.000 0.000 0.000 0.000 0.000 0.000 0.000 0.000 0.000 0.000 0.000 0.000 0.000 0.000 0.000 0.000 0.000 0.000 0.000 0.000 0.000 0.000 0.000 0.000 0.000 0.000 0.000 0.000 0.000 0.000 0.000 0.000 0.000 0.000 0.000 0.001 0.001 0.002 0.003 0.004 0.006 0.008 0.010
0.001 0.000 0.000 0.000 0.000 0.000 0.000 0.000 0.000 0.000 0.000 0.000 0.000 0.000 0.000 0.000 0.000 0.000 0.000 0.000 0.000 0.000 0.000 0.000 0.000 0.000 0.000 0.000 0.000 0.000 0.000 0.000 0.000 0.000 0.000 0.000 0.000 0.000 0.000 0.000 0.000 0.000 0.000 0.000 0.000 0.000 0.000 0.000 0.000 0.000 0.000 0.000 0.000 0.000 0.000 0.000 0.000 0.000 0.000 0.000 0.000 0.000 0.000 0.000 0.000 0.000 0.000 0.000 0.000 0.000 0.000 0.001 0.002 0.003 0.004 0.005 0.007
0.000 0.000 0.000 0.000 0.000 0.000 0.000 0.000 0.000 0.000 0.000 0.000 0.000 0.000 0.000 0.000 0.000 0.000 0.000 0.000 0.000 0.000 0.000 0.000 0.000 0.000 0.000 0.000 0.000 0.000 0.000 0.000 0.000 0.000 0.000 0.000 0.000 0.000 0.000 0.000 0.000 0.000 0.000 0.000 0.000 0.000 0.000 0.000 0.000 0.000 0.000 0.000 0.000 0.000 0.000 0.000 0.000 0.000 0.000 0.000 0.000 0.000 0.000 0.000 0.000 0.000 0.000 0.000 0.000 0.000 0.000 0.000 0.001 0.001 0.002 0.003 0.004
0.000 0.000 0.000 0.000 0.000 0.000 0.000 0.000 0.000 0.000 0.000 0.000 0.000 0.000 0.000 0.000 0.000 0.000 0.000 0.000 0.000 0.000 0.000 0.000 0.000 0.000 0.000 0.000 0.000 0.000 0.000 0.000 0.000 0.000 0.000 0.000 0.000 0.000 0.000 0.000 0.000 0.000 0.000 0.000 0.000 0.000 0.000 0.000 0.000 0.000 0.000 0.000 0.000 0.000 0.000 0.000 0.000 0.000 0.000 0.000 0.000 0.000 0.000 0.000 0.000 0.000 0.000 0.000 0.000 0.000 0.000 0.000 0.000 0.001 0.001 0.002 0.003
0.000 0.000 0.000 0.000 0.000 0.000 0.000 0.000 0.000 0.000 0.000 0.000 0.000 0.000 0.000 0.000 0.000 0.000 0.000 0.000 0.000 0.000 0.000 0.000 0.000 0.000 0.000 0.000 0.000 0.000 0.000 0.000 0.000 0.000 0.000 0.000 0.000 0.000 0.000 0.000 0.000 0.000 0.000 0.000 0.000 0.000 0.000 0.000 0.000 0.000 0.000 0.000 0.000 0.000 0.000 0.000 0.000 0.000 0.000 0.000 0.000 0.000 0.000 0.000 0.000 0.000 0.000 0.000 0.000 0.000 0.000 0.000 0.000 0.000 0.000 0.001 0.001
0.000 0.000 0.000 0.000 0.000 0.000 0.000 0.000 0.000 0.000 0.000 0.000 0.000 0.000 0.000 0.000 0.000 0.000 0.000 0.000 0.000 0.000 0.000 0.000 0.000 0.000 0.000 0.000 0.000 0.000 0.000 0.000 0.000 0.000 0.000 0.000 0.000 0.000 0.000 0.000 0.000 0.000 0.000 0.000 0.000 0.000 0.000 0.000 0.000 0.000 0.000 0.000 0.000 0.000 0.000 0.000 0.000 0.000 0.000 0.000 0.000 0.000 0.000 0.000 0.000 0.000 0.000 0.000 0.000 0.000 0.000 0.000 0.000 0.000 0.000 0.000 0.000
0.000 0.000 0.000 0.000 0.000 0.000 0.000 0.000 0.000 0.000 0.000 0.000 0.000 0.000 0.000 0.000 0.000 0.000 0.000 0.000 0.000 0.000 0.000 0.000 0.000 0.000 0.000 0.000 0.000 0.000 0.000 0.000 0.000 0.000 0.000 0.000 0.000 0.000 0.000 0.000 0.000 0.000 0.000 0.000 0.000 0.000 0.000 0.000 0.000 0.000 0.000 0.000 0.000 0.000 0.000 0.000 0.000 0.000 0.000 0.000 0.000 0.000 0.000 0.000 0.000 0.000 0.000 0.000 0.000 0.000 0.000 0.000 0.000 0.000 0.000 0.000 0.000
0.000 0.000 0.000 0.000 0.000 0.000 0.000 0.000 0.000 0.000 0.000 0.000 0.000 0.000 0.000 0.000 0.000 0.000 0.000 0.000 0.000 0.000 0.000 0.000 0.000 0.000 0.000 0.000 0.000 0.000 0.000 0.000 0.000 0.000 0.000 0.000 0.000 0.000 0.000 0.000 0.000 0.000 0.000 0.000 0.000 0.000 0.000 0.000 0.000 0.000 0.000 0.000 0.000 0.000 0.000 0.000 0.000 0.000 0.000 0.000 0.000 0.000 0.000 0.000 0.000 0.000 0.000 0.000 0.000 0.000 0.000 0.000 0.000 0.000 0.000 0.000 0.000
