RESULTS/r.avaflow_results/33_results/33_ascii/33_hflow30044.asc
ncols 506
nrows 317
xllcenter 498237.50
yllcenter 5580050.00
cellsize 12.50
NODATA_value -9999.000
[rows 170 to 203 of 317, columns 154 to 230 of 506]
8.873 8.793 8.698 8.581 8.421 8.226 8.055 7.915 7.783 7.648 7.516 7.386 7.230 6.972 6.535 5.897 5.108 4.273 3.461 2.689 1.974 1.354 0.880 0.577 0.412 0.332 0.300 0.293 0.298 0.320 0.368 0.435 0.487 0.517 0.537 0.555 0.582 0.625 0.649 0.652 0.640 0.615 0.599 0.586 0.568 0.536 0.481 0.403 0.321 0.247 0.185 0.141 0.112 0.093 0.082 0.077 0.076 0.078 0.082 0.086 0.089 0.090 0.091 0.091 0.091 0.093 0.099 0.119 0.171 0.286 0.430 0.499 0.508 0.463 0.336 0.197 0.124
12.125 12.393 12.546 12.604 12.590 12.484 12.289 12.051 11.807 11.550 11.290 11.044 10.794 10.491 10.028 9.318 8.354 7.212 6.007 4.813 3.673 2.647 1.799 1.185 0.806 0.597 0.490 0.444 0.435 0.452 0.497 0.556 0.592 0.606 0.607 0.607 0.615 0.638 0.649 0.645 0.622 0.586 0.557 0.531 0.499 0.448 0.361 0.256 0.171 0.119 0.089 0.071 0.061 0.055 0.053 0.053 0.056 0.060 0.065 0.068 0.068 0.068 0.067 0.066 0.065 0.066 0.071 0.087 0.126 0.212 0.354 0.462 0.501 0.499 0.442 0.313 0.192
15.662 16.280 16.557 16.599 16.510 16.277 15.952 15.608 15.273 14.931 14.589 14.276 13.977 13.657 13.222 12.549 11.594 10.397 9.035 7.583 6.104 4.663 3.376 2.335 1.590 1.111 0.822 0.663 0.586 0.559 0.565 0.588 0.606 0.611 0.603 0.591 0.588 0.592 0.589 0.568 0.517 0.456 0.406 0.361 0.312 0.249 0.173 0.112 0.076 0.057 0.046 0.040 0.037 0.036 0.036 0.038 0.042 0.047 0.052 0.053 0.053 0.052 0.051 0.049 0.049 0.050 0.054 0.065 0.092 0.150 0.264 0.405 0.489 0.518 0.512 0.449 0.319
18.384 19.329 19.753 19.810 19.698 19.438 19.105 18.769 18.433 18.075 17.693 17.340 17.015 16.683 16.258 15.594 14.631 13.419 12.065 10.616 9.056 7.381 5.685 4.154 2.928 2.026 1.412 1.024 0.793 0.661 0.596 0.574 0.570 0.560 0.539 0.509 0.487 0.466 0.439 0.387 0.308 0.240 0.196 0.163 0.134 0.102 0.071 0.051 0.038 0.032 0.028 0.026 0.025 0.025 0.026 0.028 0.032 0.037 0.040 0.042 0.041 0.041 0.039 0.039 0.039 0.040 0.043 0.050 0.068 0.103 0.175 0.308 0.451 0.520 0.537 0.523 0.452
19.914 21.093 21.759 22.004 22.042 21.940 21.781 21.591 21.359 21.049 20.661 20.258 19.897 19.533 19.095 18.438 17.494 16.293 14.928 13.469 11.922 10.245 8.394 6.449 4.688 3.266 2.207 1.484 1.024 0.747 0.596 0.518 0.471 0.433 0.388 0.340 0.303 0.271 0.238 0.195 0.143 0.107 0.086 0.071 0.059 0.046 0.035 0.027 0.023 0.020 0.019 0.018 0.018 0.018 0.019 0.021 0.024 0.028 0.031 0.032 0.032 0.032 0.032 0.031 0.032 0.033 0.036 0.041 0.052 0.072 0.115 0.204 0.362 0.492 0.538 0.541 0.515
20.292 21.580 22.486 23.049 23.397 23.610 23.736 23.755 23.678 23.468 23.092 22.604 22.183 21.788 21.347 20.736 19.887 18.791 17.461 15.941 14.277 12.469 10.462 8.186 5.963 4.125 2.726 1.761 1.150 0.780 0.563 0.426 0.334 0.265 0.210 0.173 0.152 0.136 0.119 0.094 0.069 0.053 0.043 0.036 0.030 0.025 0.020 0.017 0.015 0.014 0.014 0.014 0.014 0.014 0.015 0.016 0.018 0.021 0.024 0.025 0.025 0.026 0.026 0.026 0.027 0.029 0.031 0.035 0.042 0.055 0.081 0.136 0.253 0.419 0.513 0.535 0.527
20.023 21.376 22.432 23.209 23.838 24.364 24.716 24.876 24.903 24.799 24.449 23.869 23.395 23.024 22.620 22.071 21.335 20.385 19.156 17.617 15.822 13.835 11.633 9.113 6.572 4.483 2.909 1.839 1.172 0.763 0.503 0.334 0.225 0.154 0.109 0.087 0.077 0.070 0.061 0.049 0.038 0.030 0.025 0.021 0.018 0.016 0.013 0.012 0.011 0.011 0.010 0.010 0.010 0.011 0.011 0.012 0.014 0.016 0.018 0.019 0.020 0.021 0.022 0.023 0.024 0.025 0.028 0.031 0.036 0.045 0.062 0.098 0.171 0.315 0.447 0.502 0.513
19.166 20.653 21.933 22.967 23.804 24.453 24.859 25.047 25.105 25.054 24.728 24.102 23.603 23.278 22.919 22.401 21.716 20.858 19.728 18.224 16.371 14.265 11.939 9.299 6.645 4.477 2.861 1.776 1.101 0.678 0.407 0.237 0.139 0.086 0.059 0.047 0.042 0.038 0.034 0.028 0.023 0.019 0.016 0.014 0.012 0.011 0.009 0.008 0.008 0.008 0.008 0.007 0.008 0.008 0.008 0.009 0.010 0.011 0.013 0.015 0.016 0.017 0.018 0.020 0.021 0.022 0.025 0.027 0.032 0.039 0.051 0.076 0.123 0.215 0.345 0.437 0.477
17.933 19.570 21.047 22.320 23.347 24.069 24.462 24.618 24.657 24.590 24.275 23.677 23.157 22.806 22.428 21.898 21.233 20.432 19.379 17.941 16.106 13.965 11.570 8.865 6.222 4.085 2.514 1.484 0.864 0.488 0.261 0.137 0.077 0.048 0.034 0.028 0.025 0.022 0.020 0.017 0.015 0.013 0.011 0.010 0.008 0.007 0.006 0.006 0.005 0.005 0.005 0.005 0.005 0.005 0.006 0.006 0.007 0.008 0.009 0.011 0.012 0.014 0.015 0.016 0.018 0.020 0.022 0.024 0.028 0.034 0.044 0.061 0.093 0.151 0.244 0.346 0.417
16.547 18.271 19.827 21.181 22.265 23.016 23.417 23.537 23.489 23.268 22.935 22.515 22.043 21.510 20.920 20.305 19.653 18.921 17.963 16.606 14.802 12.626 10.167 7.506 5.064 3.133 1.756 0.904 0.455 0.231 0.121 0.067 0.041 0.028 0.021 0.018 0.016 0.014 0.013 0.011 0.010 0.009 0.008 0.007 0.006 0.005 0.004 0.004 0.003 0.003 0.003 0.003 0.003 0.003 0.003 0.004 0.005 0.005 0.007 0.008 0.009 0.011 0.012 0.014 0.015 0.017 0.019 0.022 0.025 0.030 0.038 0.052 0.075 0.114 0.175 0.258 0.336
14.963 16.656 18.184 19.523 20.624 21.442 21.923 22.059 21.938 21.580 21.314 21.126 20.739 19.971 19.093 18.347 17.616 16.825 15.805 14.360 12.443 10.127 7.599 5.174 3.178 1.738 0.835 0.367 0.169 0.089 0.052 0.034 0.024 0.018 0.015 0.013 0.011 0.010 0.009 0.008 0.007 0.006 0.005 0.004 0.004 0.003 0.002 0.002 0.002 0.002 0.002 0.002 0.002 0.002 0.002 0.002 0.003 0.003 0.004 0.005 0.007 0.008 0.009 0.011 0.013 0.015 0.017 0.019 0.023 0.027 0.034 0.045 0.063 0.092 0.135 0.195 0.264
13.056 14.621 16.112 17.510 18.765 19.823 20.550 20.821 20.731 20.386 20.149 19.971 19.531 18.624 17.631 16.797 15.934 14.868 13.448 11.576 9.196 6.589 4.262 2.554 1.413 0.702 0.304 0.126 0.062 0.038 0.026 0.020 0.015 0.012 0.010 0.009 0.008 0.007 0.006 0.005 0.004 0.004 0.003 0.003 0.002 0.002 0.001 0.001 0.001 0.001 0.001 0.000 0.001 0.001 0.001 0.001 0.001 0.002 0.003 0.004 0.005 0.006 0.007 0.009 0.011 0.013 0.015 0.017 0.021 0.025 0.031 0.041 0.056 0.079 0.111 0.156 0.210
10.908 12.346 13.837 15.371 16.876 18.204 19.163 19.581 19.560 19.280 18.953 18.583 17.960 17.007 16.014 15.100 14.074 12.670 10.702 8.099 5.371 3.156 1.710 0.886 0.447 0.215 0.096 0.046 0.028 0.021 0.016 0.013 0.011 0.009 0.007 0.006 0.005 0.005 0.004 0.003 0.003 0.002 0.002 0.001 0.001 0.001 0.000 0.000 0.000 0.000 0.000 0.000 0.000 0.000 0.000 0.000 0.001 0.001 0.001 0.002 0.003 0.004 0.005 0.007 0.009 0.011 0.013 0.016 0.019 0.023 0.030 0.039 0.052 0.071 0.097 0.129 0.170
8.950 10.266 11.642 13.144 14.722 16.139 17.210 17.751 17.820 17.563 16.988 16.202 15.297 14.350 13.392 12.363 11.070 9.212 6.643 4.054 2.171 1.021 0.447 0.213 0.114 0.062 0.035 0.022 0.016 0.013 0.011 0.009 0.007 0.006 0.005 0.004 0.003 0.003 0.002 0.002 0.001 0.001 0.001 0.000 0.000 0.000 0.000 0.000 0.000 0.000 0.000 0.000 0.000 0.000 0.000 0.000 0.000 0.000 0.001 0.001 0.002 0.003 0.004 0.005 0.007 0.009 0.012 0.015 0.018 0.023 0.029 0.038 0.050 0.067 0.087 0.111 0.139
7.112 8.230 9.358 10.536 11.742 12.877 13.843 14.415 14.544 14.313 13.582 12.440 11.196 10.078 8.971 7.756 6.259 4.408 2.544 1.242 0.521 0.204 0.094 0.055 0.036 0.025 0.018 0.014 0.011 0.009 0.008 0.006 0.005 0.004 0.003 0.003 0.002 0.001 0.001 0.001 0.000 0.000 0.000 0.000 0.000 0.000 0.000 0.000 0.000 0.000 0.000 0.000 0.000 0.000 0.000 0.000 0.000 0.000 0.000 0.000 0.001 0.002 0.003 0.004 0.006 0.008 0.010 0.013 0.017 0.022 0.028 0.037 0.048 0.063 0.079 0.098 0.119
5.181 5.903 6.464 6.937 7.392 7.922 8.554 9.014 9.161 9.027 8.410 7.267 5.923 4.831 3.923 3.080 2.180 1.241 0.562 0.218 0.089 0.047 0.031 0.023 0.018 0.014 0.011 0.009 0.008 0.006 0.005 0.004 0.003 0.003 0.002 0.001 0.001 0.001 0.000 0.000 0.000 0.000 0.000 0.000 0.000 0.000 0.000 0.000 0.000 0.000 0.000 0.000 0.000 0.000 0.000 0.000 0.000 0.000 0.000 0.000 0.000 0.001 0.002 0.003 0.005 0.007 0.009 0.012 0.016 0.021 0.027 0.035 0.046 0.059 0.073 0.090 0.109
2.916 3.102 3.182 3.202 3.231 3.329 3.551 3.750 3.819 3.773 3.495 2.914 2.123 1.492 1.060 0.740 0.447 0.213 0.091 0.045 0.028 0.020 0.017 0.014 0.012 0.010 0.008 0.007 0.005 0.004 0.003 0.003 0.002 0.001 0.001 0.000 0.000 0.000 0.000 0.000 0.000 0.000 0.000 0.000 0.000 0.000 0.000 0.000 0.000 0.000 0.000 0.000 0.000 0.000 0.000 0.000 0.000 0.000 0.000 0.000 0.000 0.000 0.001 0.002 0.004 0.006 0.008 0.011 0.015 0.020 0.026 0.033 0.043 0.054 0.068 0.086 0.107
1.220 1.167 1.116 1.050 0.993 0.967 0.993 1.032 1.040 1.021 0.930 0.738 0.475 0.299 0.203 0.137 0.082 0.045 0.027 0.019 0.015 0.013 0.011 0.009 0.008 0.007 0.005 0.004 0.003 0.003 0.002 0.001 0.001 0.000 0.000 0.000 0.000 0.000 0.000 0.000 0.000 0.000 0.000 0.000 0.000 0.000 0.000 0.000 0.000 0.000 0.000 0.000 0.000 0.000 0.000 0.000 0.000 0.000 0.000 0.000 0.000 0.000 0.001 0.001 0.003 0.005 0.007 0.010 0.014 0.019 0.024 0.031 0.040 0.050 0.065 0.084 0.107
0.380 0.331 0.304 0.283 0.261 0.245 0.239 0.236 0.231 0.222 0.199 0.155 0.099 0.067 0.049 0.037 0.026 0.019 0.015 0.012 0.011 0.009 0.008 0.007 0.005 0.004 0.004 0.003 0.002 0.001 0.001 0.000 0.000 0.000 0.000 0.000 0.000 0.000 0.000 0.000 0.000 0.000 0.000 0.000 0.000 0.000 0.000 0.000 0.000 0.000 0.000 0.000 0.000 0.000 0.000 0.000 0.000 0.000 0.000 0.000 0.000 0.000 0.000 0.001 0.002 0.004 0.006 0.009 0.013 0.017 0.022 0.028 0.036 0.047 0.062 0.083 0.109
0.109 0.097 0.091 0.087 0.081 0.075 0.070 0.066 0.063 0.059 0.054 0.044 0.033 0.026 0.021 0.018 0.015 0.012 0.010 0.009 0.007 0.006 0.005 0.004 0.004 0.003 0.002 0.001 0.001 0.000 0.000 0.000 0.000 0.000 0.000 0.000 0.000 0.000 0.000 0.000 0.000 0.000 0.000 0.000 0.000 0.000 0.000 0.000 0.000 0.000 0.000 0.000 0.000 0.000 0.000 0.000 0.000 0.000 0.000 0.000 0.000 0.000 0.000 0.000 0.001 0.003 0.005 0.007 0.011 0.015 0.020 0.025 0.032 0.042 0.057 0.079 0.107
0.038 0.036 0.036 0.035 0.034 0.032 0.030 0.028 0.026 0.025 0.023 0.021 0.018 0.015 0.013 0.011 0.010 0.008 0.007 0.006 0.005 0.004 0.003 0.003 0.002 0.001 0.001 0.001 0.000 0.000 0.000 0.000 0.000 0.000 0.000 0.000 0.000 0.000 0.000 0.000 0.000 0.000 0.000 0.000 0.000 0.000 0.000 0.000 0.000 0.000 0.000 0.000 0.000 0.000 0.000 0.000 0.000 0.000 0.000 0.000 0.000 0.000 0.000 0.000 0.001 0.002 0.003 0.006 0.009 0.012 0.016 0.021 0.027 0.035 0.048 0.067 0.094
0.019 0.019 0.019 0.019 0.018 0.018 0.017 0.016 0.015 0.014 0.014 0.013 0.011 0.010 0.009 0.008 0.007 0.006 0.005 0.004 0.003 0.002 0.002 0.001 0.001 0.001 0.000 0.000 0.000 0.000 0.000 0.000 0.000 0.000 0.000 0.000 0.000 0.000 0.000 0.000 0.000 0.000 0.000 0.000 0.000 0.000 0.000 0.000 0.000 0.000 0.000 0.000 0.000 0.000 0.000 0.000 0.000 0.000 0.000 0.000 0.000 0.000 0.000 0.000 0.000 0.001 0.002 0.004 0.006 0.009 0.012 0.016 0.020 0.026 0.034 0.047 0.067
0.011 0.011 0.012 0.012 0.012 0.011 0.011 0.010 0.010 0.009 0.009 0.008 0.008 0.007 0.006 0.005 0.004 0.004 0.003 0.002 0.002 0.001 0.001 0.000 0.000 0.000 0.000 0.000 0.000 0.000 0.000 0.000 0.000 0.000 0.000 0.000 0.000 0.000 0.000 0.000 0.000 0.000 0.000 0.000 0.000 0.000 0.000 0.000 0.000 0.000 0.000 0.000 0.000 0.000 0.000 0.000 0.000 0.000 0.000 0.000 0.000 0.000 0.000 0.000 0.000 0.001 0.001 0.003 0.004 0.006 0.009 0.012 0.015 0.018 0.023 0.030 0.041
0.007 0.007 0.007 0.007 0.007 0.007 0.007 0.007 0.006 0.006 0.006 0.005 0.005 0.004 0.004 0.003 0.003 0.002 0.001 0.001 0.001 0.000 0.000 0.000 0.000 0.000 0.000 0.000 0.000 0.000 0.000 0.000 0.000 0.000 0.000 0.000 0.000 0.000 0.000 0.000 0.000 0.000 0.000 0.000 0.000 0.000 0.000 0.000 0.000 0.000 0.000 0.000 0.000 0.000 0.000 0.000 0.000 0.000 0.000 0.000 0.000 0.000 0.000 0.000 0.000 0.000 0.001 0.002 0.003 0.004 0.006 0.008 0.010 0.013 0.016 0.020 0.026
0.005 0.005 0.005 0.005 0.005 0.005 0.005 0.004 0.004 0.004 0.003 0.003 0.003 0.003 0.002 0.002 0.001 0.001 0.001 0.000 0.000 0.000 0.000 0.000 0.000 0.000 0.000 0.000 0.000 0.000 0.000 0.000 0.000 0.000 0.000 0.000 0.000 0.000 0.000 0.000 0.000 0.000 0.000 0.000 0.000 0.000 0.000 0.000 0.000 0.000 0.000 0.000 0.000 0.000 0.000 0.000 0.000 0.000 0.000 0.000 0.000 0.000 0.000 0.000 0.000 0.000 0.000 0.001 0.002 0.003 0.004 0.006 0.007 0.009 0.011 0.014 0.018
0.003 0.003 0.003 0.003 0.003 0.003 0.003 0.002 0.002 0.002 0.002 0.002 0.001 0.001 0.001 0.001 0.000 0.000 0.000 0.000 0.000 0.000 0.000 0.000 0.000 0.000 0.000 0.000 0.000 0.000 0.000 0.000 0.000 0.000 0.000 0.000 0.000 0.000 0.000 0.000 0.000 0.000 0.000 0.000 0.000 0.000 0.000 0.000 0.000 0.000 0.000 0.000 0.000 0.000 0.000 0.000 0.000 0.000 0.000 0.000 0.000 0.000 0.000 0.000 0.000 0.000 0.000 0.000 0.001 0.001 0.002 0.004 0.005 0.006 0.008 0.010 0.013
0.001 0.001 0.001 0.001 0.001 0.001 0.001 0.001 0.001 0.001 0.001 0.001 0.000 0.000 0.000 0.000 0.000 0.000 0.000 0.000 0.000 0.000 0.000 0.000 0.000 0.000 0.000 0.000 0.000 0.000 0.000 0.000 0.000 0.000 0.000 0.000 0.000 0.000 0.000 0.000 0.000 0.000 0.000 0.000 0.000 0.000 0.000 0.000 0.000 0.000 0.000 0.000 0.000 0.000 0.000 0.000 0.000 0.000 0.000 0.000 0.000 0.000 0.000 0.000 0.000 0.000 0.000 0.000 0.000 0.001 0.001 0.002 0.003 0.004 0.006 0.007 0.009
0.000 0.000 0.000 0.000 0.000 0.000 0.000 0.000 0.000 0.000 0.000 0.000 0.000 0.000 0.000 0.000 0.000 0.000 0.000 0.000 0.000 0.000 0.000 0.000 0.000 0.000 0.000 0.000 0.000 0.000 0.000 0.000 0.000 0.000 0.000 0.000 0.000 0.000 0.000 0.000 0.000 0.000 0.000 0.000 0.000 0.000 0.000 0.000 0.000 0.000 0.000 0.000 0.000 0.000 0.000 0.000 0.000 0.000 0.000 0.000 0.000 0.000 0.000 0.000 0.000 0.000 0.000 0.000 0.000 0.000 0.000 0.001 0.002 0.003 0.004 0.005 0.006
0.000 0.000 0.000 0.000 0.000 0.000 0.000 0.000 0.000 0.000 0.000 0.000 0.000 0.000 0.000 0.000 0.000 0.000 0.000 0.000 0.000 0.000 0.000 0.000 0.000 0.000 0.000 0.000 0.000 0.000 0.000 0.000 0.000 0.000 0.000 0.000 0.000 0.000 0.000 0.000 0.000 0.000 0.000 0.000 0.000 0.000 0.000 0.000 0.000 0.000 0.000 0.000 0.000 0.000 0.000 0.000 0.000 0.000 0.000 0.000 0.000 0.000 0.000 0.000 0.000 0.000 0.000 0.000 0.000 0.000 0.000 0.000 0.001 0.001 0.002 0.003 0.004
0.000 0.000 0.000 0.000 0.000 0.000 0.000 0.000 0.000 0.000 0.000 0.000 0.000 0.000 0.000 0.000 0.000 0.000 0.000 0.000 0.000 0.000 0.000 0.000 0.000 0.000 0.000 0.000 0.000 0.000 0.000 0.000 0.000 0.000 0.000 0.000 0.000 0.000 0.000 0.000 0.000 0.000 0.000 0.000 0.000 0.000 0.000 0.000 0.000 0.000 0.000 0.000 0.000 0.000 0.000 0.000 0.000 0.000 0.000 0.000 0.000 0.000 0.000 0.000 0.000 0.000 0.000 0.000 0.000 0.000 0.000 0.000 0.000 0.000 0.001 0.002 0.002
0.000 0.000 0.000 0.000 0.000 0.000 0.000 0.000 0.000 0.000 0.000 0.000 0.000 0.000 0.000 0.000 0.000 0.000 0.000 0.000 0.000 0.000 0.000 0.000 0.000 0.000 0.000 0.000 0.000 0.000 0.000 0.000 0.000 0.000 0.000 0.000 0.000 0.000 0.000 0.000 0.000 0.000 0.000 0.000 0.000 0.000 0.000 0.000 0.000 0.000 0.000 0.000 0.000 0.000 0.000 0.000 0.000 0.000 0.000 0.000 0.000 0.000 0.000 0.000 0.000 0.000 0.000 0.000 0.000 0.000 0.000 0.000 0.000 0.000 0.000 0.001 0.001
0.000 0.000 0.000 0.000 0.000 0.000 0.000 0.000 0.000 0.000 0.000 0.000 0.000 0.000 0.000 0.000 0.000 0.000 0.000 0.000 0.000 0.000 0.000 0.000 0.000 0.000 0.000 0.000 0.000 0.000 0.000 0.000 0.000 0.000 0.000 0.000 0.000 0.000 0.000 0.000 0.000 0.000 0.000 0.000 0.000 0.000 0.000 0.000 0.000 0.000 0.000 0.000 0.000 0.000 0.000 0.000 0.000 0.000 0.000 0.000 0.000 0.000 0.000 0.000 0.000 0.000 0.000 0.000 0.000 0.000 0.000 0.000 0.000 0.000 0.000 0.000 0.000
0.000 0.000 0.000 0.000 0.000 0.000 0.000 0.000 0.000 0.000 0.000 0.000 0.000 0.000 0.000 0.000 0.000 0.000 0.000 0.000 0.000 0.000 0.000 0.000 0.000 0.000 0.000 0.000 0.000 0.000 0.000 0.000 0.000 0.000 0.000 0.000 0.000 0.000 0.000 0.000 0.000 0.000 0.000 0.000 0.000 0.000 0.000 0.000 0.000 0.000 0.000 0.000 0.000 0.000 0.000 0.000 0.000 0.000 0.000 0.000 0.000 0.000 0.000 0.000 0.000 0.000 0.000 0.000 0.000 0.000 0.000 0.000 0.000 0.000 0.000 0.000 0.000
0.000 0.000 0.000 0.000 0.000 0.000 0.000 0.000 0.000 0.000 0.000 0.000 0.000 0.000 0.000 0.000 0.000 0.000 0.000 0.000 0.000 0.000 0.000 0.000 0.000 0.000 0.000 0.000 0.000 0.000 0.000 0.000 0.000 0.000 0.000 0.000 0.000 0.000 0.000 0.000 0.000 0.000 0.000 0.000 0.000 0.000 0.000 0.000 0.000 0.000 0.000 0.000 0.000 0.000 0.000 0.000 0.000 0.000 0.000 0.000 0.000 0.000 0.000 0.000 0.000 0.000 0.000 0.000 0.000 0.000 0.000 0.000 0.000 0.000 0.000 0.000 0.000
