RESULTS/r.avaflow_results/33_results/33_ascii/33_hflow10021.asc
ncols 506
nrows 317
xllcenter 498237.50
yllcenter 5580050.00
cellsize 12.50
NODATA_value -9999.000
[rows 170 to 203 of 317, columns 77 to 153 of 506]
0.000 0.000 0.000 0.000 0.000 0.000 0.000 0.000 0.000 0.000 0.000 0.000 0.000 0.000 0.000 0.000 0.000 0.000 0.001 0.001 0.001 0.002 0.004 0.012 0.033 0.061 0.076 0.083 0.088 0.093 0.098 0.102 0.106 0.109 0.117 0.135 0.172 0.231 0.311 0.377 0.412 0.423 0.424 0.441 0.505 0.586 0.656 0.720 0.812 0.993 1.331 1.940 3.000 4.176 4.804 4.944 4.955 5.042 5.201 5.291 5.315 5.283 5.139 4.842 4.384 3.779 3.052 2.393 1.850 1.408 1.058 0.789 0.584 0.428 0.312 0.224 0.160
0.000 0.000 0.000 0.000 0.000 0.000 0.000 0.000 0.000 0.000 0.000 0.000 0.000 0.000 0.000 0.001 0.001 0.002 0.003 0.004 0.006 0.009 0.018 0.038 0.073 0.101 0.114 0.122 0.128 0.135 0.141 0.147 0.153 0.160 0.174 0.204 0.257 0.334 0.433 0.520 0.578 0.605 0.622 0.663 0.788 0.999 1.232 1.467 1.773 2.219 2.861 3.756 4.729 5.378 5.615 5.642 5.655 5.724 5.826 5.867 5.861 5.785 5.588 5.226 4.697 4.013 3.222 2.532 1.964 1.501 1.137 0.854 0.636 0.467 0.341 0.245 0.175
0.000 0.000 0.000 0.000 0.000 0.000 0.000 0.000 0.000 0.000 0.000 0.000 0.000 0.000 0.001 0.002 0.004 0.006 0.009 0.013 0.019 0.030 0.052 0.090 0.128 0.151 0.163 0.173 0.182 0.191 0.201 0.210 0.220 0.233 0.255 0.298 0.368 0.463 0.579 0.701 0.802 0.877 0.946 1.065 1.337 1.748 2.198 2.669 3.274 4.014 4.755 5.423 5.901 6.130 6.207 6.235 6.281 6.317 6.348 6.353 6.313 6.185 5.921 5.492 4.903 4.158 3.336 2.633 2.052 1.582 1.205 0.906 0.675 0.494 0.360 0.260 0.186
0.000 0.000 0.000 0.000 0.000 0.000 0.000 0.000 0.000 0.000 0.000 0.000 0.000 0.001 0.002 0.005 0.009 0.014 0.021 0.031 0.045 0.070 0.111 0.160 0.193 0.213 0.228 0.242 0.255 0.268 0.281 0.295 0.310 0.330 0.363 0.420 0.507 0.623 0.766 0.933 1.107 1.280 1.457 1.732 2.218 2.860 3.550 4.266 5.026 5.723 6.274 6.639 6.796 6.824 6.811 6.805 6.823 6.815 6.805 6.767 6.674 6.492 6.162 5.669 5.026 4.237 3.410 2.706 2.120 1.641 1.252 0.942 0.699 0.512 0.372 0.269 0.193
0.000 0.000 0.000 0.000 0.000 0.000 0.000 0.000 0.000 0.000 0.000 0.000 0.001 0.002 0.005 0.010 0.016 0.026 0.039 0.058 0.086 0.128 0.186 0.237 0.270 0.295 0.315 0.333 0.351 0.369 0.387 0.405 0.428 0.457 0.503 0.576 0.681 0.824 1.011 1.241 1.515 1.830 2.187 2.677 3.384 4.250 5.106 5.862 6.515 7.024 7.403 7.603 7.645 7.589 7.448 7.331 7.277 7.232 7.176 7.094 6.946 6.703 6.319 5.770 5.086 4.277 3.456 2.751 2.161 1.676 1.278 0.961 0.713 0.523 0.380 0.275 0.197
0.000 0.000 0.000 0.000 0.000 0.000 0.000 0.000 0.000 0.000 0.000 0.000 0.001 0.004 0.010 0.017 0.028 0.043 0.065 0.096 0.140 0.201 0.273 0.330 0.370 0.403 0.430 0.455 0.478 0.501 0.524 0.548 0.577 0.616 0.675 0.766 0.898 1.078 1.324 1.643 2.037 2.521 3.100 3.835 4.757 5.720 6.544 7.202 7.726 8.096 8.334 8.433 8.443 8.343 8.109 7.845 7.678 7.589 7.502 7.367 7.168 6.854 6.403 5.808 5.102 4.293 3.477 2.773 2.179 1.687 1.286 0.968 0.718 0.528 0.384 0.277 0.198
0.000 0.000 0.000 0.000 0.000 0.000 0.000 0.000 0.000 0.000 0.000 0.000 0.002 0.007 0.014 0.026 0.043 0.067 0.100 0.147 0.212 0.296 0.383 0.451 0.504 0.547 0.582 0.613 0.643 0.672 0.701 0.730 0.762 0.811 0.885 0.997 1.162 1.394 1.714 2.136 2.671 3.338 4.163 5.144 6.142 7.018 7.737 8.291 8.711 8.990 9.123 9.158 9.130 8.993 8.720 8.343 8.051 7.902 7.771 7.592 7.329 6.947 6.440 5.820 5.102 4.290 3.473 2.771 2.175 1.683 1.282 0.964 0.716 0.527 0.384 0.277 0.198
0.000 0.000 0.000 0.000 0.000 0.000 0.000 0.000 0.000 0.000 0.000 0.000 0.002 0.008 0.017 0.032 0.057 0.094 0.146 0.217 0.310 0.424 0.531 0.617 0.684 0.736 0.780 0.818 0.853 0.888 0.923 0.956 0.993 1.048 1.135 1.271 1.477 1.778 2.189 2.726 3.410 4.267 5.293 6.368 7.314 8.075 8.689 9.153 9.484 9.695 9.781 9.780 9.706 9.538 9.256 8.838 8.451 8.213 8.006 7.763 7.428 6.986 6.445 5.808 5.080 4.255 3.438 2.738 2.146 1.658 1.263 0.948 0.705 0.519 0.379 0.273 0.196
0.000 0.000 0.000 0.000 0.000 0.000 0.000 0.000 0.000 0.000 0.000 0.000 0.002 0.008 0.018 0.035 0.064 0.112 0.190 0.303 0.446 0.600 0.735 0.842 0.924 0.987 1.037 1.080 1.119 1.156 1.193 1.232 1.275 1.335 1.430 1.584 1.836 2.211 2.724 3.384 4.201 5.191 6.329 7.388 8.252 8.905 9.418 9.814 10.077 10.222 10.277 10.272 10.179 9.987 9.689 9.256 8.801 8.473 8.188 7.856 7.455 6.971 6.404 5.746 4.994 4.153 3.359 2.672 2.091 1.612 1.225 0.920 0.684 0.503 0.368 0.267 0.191
0.000 0.000 0.000 0.000 0.000 0.000 0.000 0.000 0.000 0.000 0.000 0.000 0.002 0.008 0.018 0.035 0.065 0.117 0.211 0.372 0.610 0.843 1.009 1.140 1.238 1.311 1.365 1.408 1.448 1.487 1.525 1.567 1.615 1.675 1.763 1.910 2.171 2.586 3.175 3.947 4.908 6.028 7.174 8.169 8.969 9.535 9.946 10.269 10.477 10.588 10.622 10.603 10.502 10.324 10.030 9.588 9.084 8.681 8.309 7.880 7.429 6.887 6.281 5.604 4.828 3.998 3.233 2.566 2.004 1.542 1.171 0.880 0.655 0.484 0.355 0.257 0.185
0.000 0.000 0.000 0.000 0.000 0.000 0.000 0.000 0.000 0.000 0.000 0.000 0.002 0.006 0.015 0.031 0.060 0.111 0.207 0.386 0.702 1.108 1.374 1.524 1.637 1.717 1.773 1.815 1.854 1.892 1.929 1.966 2.007 2.055 2.125 2.236 2.455 2.874 3.505 4.364 5.464 6.725 7.866 8.792 9.485 9.988 10.307 10.554 10.724 10.814 10.816 10.794 10.707 10.543 10.261 9.827 9.289 8.809 8.363 7.871 7.348 6.741 6.077 5.365 4.573 3.775 3.050 2.420 1.887 1.450 1.102 0.830 0.621 0.460 0.338 0.245 0.176
0.000 0.000 0.000 0.000 0.000 0.000 0.000 0.000 0.000 0.000 0.000 0.000 0.001 0.003 0.008 0.019 0.039 0.080 0.163 0.338 0.680 1.250 1.761 2.003 2.131 2.220 2.277 2.317 2.350 2.383 2.411 2.432 2.449 2.474 2.516 2.580 2.733 3.104 3.730 4.637 5.847 7.235 8.364 9.226 9.830 10.289 10.556 10.707 10.836 10.913 10.901 10.879 10.821 10.662 10.388 9.976 9.434 8.883 8.372 7.833 7.226 6.550 5.803 5.027 4.225 3.476 2.805 2.226 1.738 1.338 1.021 0.773 0.581 0.432 0.317 0.229 0.164
0.000 0.000 0.000 0.000 0.000 0.000 0.000 0.000 0.000 0.000 0.000 0.000 0.000 0.001 0.002 0.006 0.014 0.031 0.075 0.202 0.529 1.184 2.027 2.512 2.719 2.825 2.881 2.917 2.946 2.963 2.971 2.964 2.947 2.946 2.954 2.983 3.065 3.346 3.928 4.823 6.064 7.558 8.711 9.509 10.041 10.446 10.695 10.821 10.902 10.936 10.928 10.906 10.847 10.700 10.443 10.052 9.522 8.911 8.329 7.742 7.066 6.307 5.459 4.608 3.809 3.111 2.502 1.986 1.558 1.208 0.929 0.710 0.535 0.397 0.290 0.209 0.150
0.000 0.000 0.000 0.000 0.000 0.000 0.000 0.000 0.000 0.000 0.000 0.000 0.000 0.000 0.001 0.002 0.005 0.010 0.022 0.075 0.300 0.966 2.113 2.931 3.293 3.489 3.585 3.615 3.624 3.622 3.604 3.570 3.521 3.484 3.475 3.488 3.520 3.681 4.163 4.999 6.185 7.699 8.896 9.668 10.153 10.505 10.723 10.864 10.905 10.905 10.897 10.873 10.810 10.661 10.434 10.070 9.548 8.916 8.275 7.591 6.842 5.986 5.068 4.209 3.447 2.786 2.220 1.750 1.369 1.065 0.826 0.636 0.481 0.356 0.259 0.186 0.132
0.000 0.000 0.000 0.000 0.000 0.000 0.000 0.000 0.000 0.000 0.000 0.000 0.000 0.000 0.001 0.002 0.004 0.006 0.012 0.030 0.146 0.682 1.940 3.155 3.739 4.046 4.245 4.342 4.366 4.357 4.317 4.250 4.178 4.130 4.117 4.118 4.130 4.203 4.528 5.230 6.315 7.751 8.955 9.701 10.176 10.502 10.715 10.875 10.902 10.870 10.813 10.707 10.647 10.552 10.381 10.026 9.541 8.902 8.192 7.393 6.554 5.612 4.698 3.875 3.149 2.520 1.986 1.548 1.198 0.924 0.714 0.550 0.419 0.311 0.226 0.162 0.114
0.000 0.000 0.000 0.000 0.000 0.000 0.000 0.000 0.000 0.000 0.000 0.000 0.000 0.000 0.001 0.002 0.004 0.007 0.012 0.025 0.087 0.450 1.600 3.124 3.993 4.459 4.772 4.986 5.098 5.132 5.111 5.034 4.954 4.912 4.895 4.896 4.911 4.958 5.149 5.658 6.534 7.773 8.945 9.692 10.178 10.508 10.679 10.788 10.796 10.745 10.597 10.347 10.221 10.145 10.073 9.826 9.446 8.842 8.102 7.220 6.276 5.278 4.385 3.587 2.892 2.294 1.787 1.374 1.047 0.795 0.602 0.457 0.349 0.265 0.196 0.140 0.098
0.000 0.000 0.000 0.000 0.000 0.000 0.000 0.000 0.000 0.000 0.000 0.000 0.000 0.001 0.002 0.005 0.008 0.012 0.018 0.032 0.079 0.312 1.208 2.830 4.047 4.704 5.155 5.504 5.748 5.876 5.905 5.878 5.835 5.816 5.817 5.835 5.874 5.944 6.077 6.387 6.984 7.894 8.914 9.661 10.127 10.418 10.567 10.609 10.576 10.467 10.216 9.751 9.443 9.385 9.416 9.337 9.143 8.679 7.964 7.049 6.023 5.001 4.120 3.343 2.671 2.097 1.615 1.223 0.915 0.679 0.501 0.370 0.279 0.215 0.163 0.117 0.079
0.000 0.000 0.000 0.000 0.000 0.000 0.000 0.000 0.000 0.000 0.000 0.000 0.001 0.002 0.005 0.009 0.016 0.024 0.036 0.055 0.101 0.260 0.874 2.285 3.859 4.792 5.369 5.840 6.220 6.482 6.614 6.653 6.659 6.674 6.705 6.747 6.807 6.898 7.037 7.248 7.600 8.166 8.925 9.586 10.012 10.245 10.352 10.322 10.275 10.067 9.720 9.115 8.552 8.376 8.437 8.506 8.491 8.255 7.658 6.784 5.747 4.744 3.893 3.141 2.481 1.922 1.460 1.089 0.799 0.575 0.409 0.287 0.201 0.145 0.106 0.073 0.044
0.000 0.000 0.000 0.000 0.000 0.000 0.000 0.000 0.000 0.000 0.000 0.001 0.002 0.005 0.010 0.020 0.035 0.053 0.077 0.109 0.162 0.293 0.704 1.736 3.383 4.696 5.469 6.087 6.605 6.978 7.206 7.315 7.362 7.395 7.433 7.477 7.542 7.632 7.749 7.921 8.171 8.526 9.007 9.513 9.843 9.980 10.018 9.996 9.908 9.662 9.259 8.633 7.933 7.527 7.411 7.463 7.501 7.436 7.045 6.319 5.382 4.459 3.681 2.967 2.310 1.756 1.314 0.963 0.689 0.477 0.318 0.198 0.116 0.068 0.040 0.023 0.012
0.000 0.000 0.000 0.000 0.000 0.000 0.000 0.000 0.000 0.000 0.000 0.001 0.003 0.009 0.023 0.047 0.079 0.115 0.157 0.208 0.274 0.386 0.675 1.413 2.821 4.399 5.428 6.187 6.829 7.325 7.654 7.833 7.928 7.982 8.021 8.055 8.110 8.174 8.243 8.368 8.531 8.727 9.026 9.377 9.579 9.655 9.636 9.591 9.479 9.248 8.817 8.224 7.532 6.972 6.642 6.493 6.384 6.274 6.035 5.541 4.821 4.033 3.341 2.697 2.092 1.567 1.148 0.823 0.566 0.363 0.209 0.108 0.052 0.025 0.012 0.005 0.003
0.000 0.000 0.000 0.000 0.000 0.000 0.000 0.000 0.000 0.000 0.001 0.002 0.006 0.020 0.054 0.108 0.170 0.232 0.296 0.367 0.448 0.555 0.766 1.315 2.446 4.020 5.248 6.163 6.935 7.549 7.976 8.250 8.381 8.426 8.425 8.439 8.474 8.507 8.548 8.638 8.723 8.821 8.995 9.190 9.306 9.351 9.320 9.203 9.048 8.804 8.406 7.862 7.199 6.582 6.118 5.757 5.433 5.109 4.770 4.362 3.863 3.249 2.623 2.072 1.588 1.163 0.817 0.551 0.346 0.194 0.095 0.043 0.019 0.008 0.004 0.002 0.001
0.000 0.000 0.000 0.000 0.000 0.000 0.000 0.000 0.000 0.000 0.001 0.004 0.014 0.046 0.121 0.230 0.328 0.416 0.504 0.599 0.702 0.817 0.987 1.403 2.313 3.702 4.997 6.037 6.936 7.655 8.194 8.527 8.683 8.740 8.726 8.714 8.714 8.718 8.728 8.763 8.777 8.829 8.894 8.967 9.041 9.035 8.976 8.823 8.635 8.365 7.986 7.482 6.868 6.222 5.660 5.160 4.682 4.204 3.719 3.200 2.673 2.133 1.600 1.151 0.802 0.539 0.348 0.213 0.122 0.063 0.030 0.014 0.006 0.003 0.002 0.001 0.001
0.000 0.000 0.000 0.000 0.000 0.000 0.000 0.000 0.000 0.000 0.002 0.008 0.030 0.100 0.244 0.419 0.550 0.668 0.791 0.923 1.061 1.203 1.368 1.688 2.402 3.547 4.829 5.937 6.896 7.669 8.284 8.699 8.889 8.928 8.920 8.873 8.841 8.814 8.795 8.796 8.782 8.752 8.718 8.727 8.732 8.675 8.589 8.420 8.193 7.911 7.540 7.055 6.474 5.812 5.161 4.579 4.024 3.486 2.937 2.355 1.777 1.257 0.829 0.511 0.297 0.170 0.098 0.055 0.030 0.016 0.009 0.005 0.003 0.002 0.001 0.001 0.001
0.000 0.000 0.000 0.000 0.000 0.000 0.000 0.000 0.000 0.000 0.002 0.011 0.046 0.156 0.371 0.629 0.815 0.983 1.160 1.345 1.533 1.722 1.921 2.200 2.727 3.611 4.776 5.893 6.857 7.657 8.283 8.727 8.952 9.016 9.009 8.937 8.893 8.844 8.806 8.767 8.700 8.569 8.460 8.400 8.360 8.267 8.152 7.951 7.720 7.409 7.020 6.542 5.964 5.304 4.585 3.964 3.383 2.825 2.255 1.655 1.098 0.664 0.369 0.191 0.094 0.047 0.025 0.014 0.008 0.005 0.003 0.002 0.001 0.001 0.001 0.001 0.000
0.000 0.000 0.000 0.000 0.000 0.000 0.000 0.000 0.000 0.000 0.002 0.011 0.049 0.178 0.436 0.777 1.076 1.345 1.609 1.870 2.123 2.370 2.620 2.907 3.318 3.957 4.874 5.928 6.862 7.643 8.256 8.706 8.966 9.038 9.021 8.958 8.888 8.843 8.763 8.678 8.495 8.264 8.100 7.983 7.885 7.739 7.597 7.382 7.138 6.797 6.397 5.918 5.343 4.684 3.940 3.280 2.684 2.106 1.510 0.963 0.548 0.280 0.133 0.061 0.028 0.013 0.007 0.004 0.003 0.002 0.001 0.001 0.001 0.001 0.000 0.000 0.000
0.000 0.000 0.000 0.000 0.000 0.000 0.000 0.000 0.000 0.000 0.002 0.009 0.046 0.174 0.452 0.859 1.300 1.727 2.124 2.493 2.828 3.138 3.440 3.755 4.114 4.593 5.266 6.132 6.986 7.684 8.239 8.654 8.925 9.007 8.995 8.948 8.878 8.786 8.637 8.484 8.206 7.883 7.635 7.418 7.271 7.112 6.911 6.658 6.373 6.027 5.620 5.144 4.583 3.939 3.204 2.498 1.846 1.251 0.757 0.403 0.190 0.083 0.037 0.017 0.008 0.004 0.002 0.001 0.001 0.001 0.001 0.001 0.000 0.000 0.000 0.000 0.000
0.000 0.000 0.000 0.000 0.000 0.000 0.000 0.000 0.000 0.000 0.001 0.006 0.034 0.151 0.436 0.900 1.477 2.103 2.700 3.210 3.654 4.043 4.395 4.727 5.066 5.444 5.910 6.530 7.240 7.850 8.330 8.679 8.893 8.965 8.943 8.878 8.775 8.642 8.444 8.181 7.826 7.404 7.061 6.747 6.488 6.265 6.012 5.717 5.393 5.048 4.644 4.200 3.681 3.079 2.371 1.675 1.078 0.607 0.289 0.117 0.045 0.019 0.009 0.004 0.002 0.001 0.001 0.001 0.001 0.000 0.000 0.000 0.000 0.000 0.000 0.000 0.000
0.000 0.000 0.000 0.000 0.000 0.000 0.000 0.000 0.000 0.000 0.001 0.003 0.019 0.108 0.391 0.918 1.626 2.430 3.288 4.035 4.623 5.098 5.495 5.846 6.170 6.459 6.785 7.201 7.707 8.145 8.482 8.723 8.860 8.939 8.897 8.796 8.618 8.419 8.142 7.783 7.365 6.868 6.384 5.965 5.579 5.253 4.911 4.584 4.242 3.885 3.509 3.123 2.675 2.125 1.493 0.929 0.502 0.226 0.083 0.027 0.009 0.004 0.002 0.001 0.001 0.000 0.000 0.000 0.000 0.000 0.000 0.000 0.000 0.000 0.000 0.000 0.000
0.000 0.000 0.000 0.000 0.000 0.000 0.000 0.000 0.000 0.000 0.000 0.002 0.012 0.077 0.338 0.917 1.754 2.703 3.761 4.833 5.691 6.304 6.754 7.123 7.409 7.621 7.826 8.062 8.338 8.581 8.735 8.886 8.939 8.944 8.843 8.654 8.389 8.080 7.712 7.292 6.802 6.238 5.652 5.152 4.707 4.329 3.948 3.580 3.214 2.836 2.455 2.073 1.659 1.193 0.736 0.387 0.168 0.061 0.019 0.006 0.002 0.001 0.001 0.000 0.000 0.000 0.000 0.000 0.000 0.000 0.000 0.000 0.000 0.000 0.000 0.000 0.000
0.000 0.000 0.000 0.000 0.000 0.000 0.000 0.000 0.000 0.000 0.000 0.002 0.011 0.067 0.318 0.929 1.857 2.907 4.087 5.437 6.656 7.551 8.130 8.526 8.790 8.936 9.021 9.073 9.120 9.157 9.123 9.111 9.013 8.879 8.705 8.442 8.089 7.690 7.236 6.747 6.205 5.617 4.990 4.440 3.962 3.544 3.142 2.760 2.382 2.002 1.616 1.233 0.867 0.530 0.270 0.112 0.040 0.013 0.004 0.001 0.001 0.000 0.000 0.000 0.000 0.000 0.000 0.000 0.000 0.000 0.000 0.000 0.000 0.000 0.000 0.000 0.000
0.000 0.000 0.000 0.000 0.000 0.000 0.000 0.000 0.000 0.000 0.000 0.002 0.011 0.067 0.328 0.968 1.934 3.022 4.272 5.802 7.372 8.580 9.387 9.875 10.118 10.208 10.241 10.170 10.017 9.817 9.576 9.326 9.024 8.722 8.376 8.007 7.613 7.177 6.704 6.186 5.641 5.069 4.428 3.826 3.316 2.878 2.476 2.095 1.722 1.360 1.003 0.667 0.387 0.188 0.075 0.026 0.009 0.003 0.001 0.001 0.000 0.000 0.000 0.000 0.000 0.000 0.000 0.000 0.000 0.000 0.000 0.000 0.000 0.000 0.000 0.000 0.000
0.000 0.000 0.000 0.000 0.000 0.000 0.000 0.000 0.000 0.000 0.001 0.002 0.012 0.077 0.374 1.039 1.984 3.054 4.341 5.962 7.826 9.377 10.434 11.009 11.267 11.309 11.276 11.085 10.763 10.338 9.885 9.458 8.944 8.409 7.821 7.296 6.863 6.447 6.011 5.525 5.031 4.524 3.927 3.284 2.745 2.305 1.919 1.560 1.212 0.881 0.579 0.329 0.155 0.060 0.020 0.006 0.002 0.001 0.000 0.000 0.000 0.000 0.000 0.000 0.000 0.000 0.000 0.000 0.000 0.000 0.000 0.000 0.000 0.000 0.000 0.000 0.000
0.000 0.000 0.000 0.000 0.000 0.001 0.001 0.001 0.001 0.002 0.002 0.004 0.016 0.094 0.420 1.089 1.994 3.049 4.354 6.002 8.008 9.807 11.084 11.808 12.081 12.069 11.971 11.648 11.202 10.676 10.040 9.423 8.712 7.917 7.066 6.346 5.819 5.400 4.992 4.568 4.170 3.795 3.349 2.763 2.211 1.779 1.419 1.102 0.804 0.528 0.302 0.143 0.055 0.017 0.005 0.001 0.001 0.000 0.000 0.000 0.000 0.000 0.000 0.000 0.000 0.000 0.000 0.000 0.000 0.000 0.000 0.000 0.000 0.000 0.000 0.000 0.000
0.001 0.001 0.001 0.002 0.002 0.002 0.002 0.002 0.003 0.003 0.005 0.007 0.019 0.098 0.425 1.084 1.957 2.993 4.302 5.970 8.013 9.948 11.359 12.183 12.517 12.500 12.372 11.962 11.389 10.770 10.000 9.178 8.271 7.270 6.193 5.265 4.556 4.024 3.567 3.166 2.866 2.665 2.461 2.112 1.661 1.258 0.936 0.676 0.452 0.264 0.128 0.051 0.016 0.004 0.001 0.000 0.000 0.000 0.000 0.000 0.000 0.000 0.000 0.000 0.000 0.000 0.000 0.000 0.000 0.000 0.000 0.000 0.000 0.000 0.000 0.000 0.000
