RESULTS/r.avaflow_results/33_results/33_ascii/33_hflow0013.asc
ncols 506
nrows 317
xllcenter 498237.50
yllcenter 5580050.00
cellsize 12.50
NODATA_value -9999.000
[rows 170 to 203 of 317, columns 77 to 153 of 506]
0.000 0.000 0.000 0.000 0.000 0.000 0.000 0.000 0.000 0.000 0.000 0.000 0.000 0.000 0.000 0.000 0.000 0.000 0.000 0.000 0.000 0.000 0.001 0.004 0.012 0.025 0.034 0.039 0.042 0.042 0.042 0.042 0.039 0.036 0.035 0.038 0.047 0.069 0.104 0.154 0.221 0.316 0.452 0.646 0.813 0.891 0.904 0.870 0.833 0.882 1.047 1.428 2.214 3.354 4.284 4.830 5.269 5.757 6.308 6.961 7.836 9.007 10.483 12.093 13.216 13.727 13.820 13.757 13.472 13.004 12.287 11.246 10.194 9.452 8.915 8.475 8.114
0.000 0.000 0.000 0.000 0.000 0.000 0.000 0.000 0.000 0.000 0.000 0.000 0.000 0.000 0.000 0.000 0.000 0.000 0.000 0.000 0.001 0.002 0.005 0.012 0.025 0.043 0.056 0.064 0.068 0.070 0.070 0.068 0.064 0.061 0.061 0.066 0.084 0.119 0.172 0.243 0.341 0.479 0.673 0.942 1.199 1.350 1.411 1.452 1.563 1.793 2.173 2.807 3.717 4.571 5.124 5.573 6.019 6.500 7.044 7.702 8.580 9.741 11.167 12.686 13.709 14.116 14.105 13.932 13.573 13.123 12.582 11.992 11.606 11.469 11.426 11.413 11.488
0.000 0.000 0.000 0.000 0.000 0.000 0.000 0.000 0.000 0.000 0.000 0.000 0.000 0.000 0.000 0.000 0.000 0.000 0.001 0.001 0.003 0.006 0.014 0.027 0.046 0.070 0.089 0.101 0.108 0.110 0.111 0.109 0.104 0.100 0.101 0.112 0.141 0.193 0.268 0.370 0.511 0.707 0.977 1.342 1.726 2.002 2.197 2.418 2.752 3.204 3.768 4.406 5.019 5.456 5.810 6.194 6.622 7.074 7.591 8.230 9.095 10.229 11.554 12.936 13.884 14.235 14.192 14.073 13.899 13.732 13.633 13.633 13.679 13.700 13.721 13.959 14.577
0.000 0.000 0.000 0.000 0.000 0.000 0.000 0.000 0.000 0.000 0.000 0.000 0.000 0.000 0.000 0.000 0.000 0.001 0.002 0.005 0.008 0.016 0.029 0.049 0.076 0.109 0.137 0.156 0.166 0.170 0.171 0.169 0.162 0.158 0.161 0.179 0.221 0.294 0.400 0.547 0.750 1.027 1.399 1.880 2.434 2.914 3.339 3.814 4.372 4.974 5.516 5.920 6.174 6.340 6.511 6.756 7.105 7.507 7.983 8.586 9.405 10.449 11.616 12.797 13.682 14.091 14.243 14.441 14.726 15.039 15.252 15.327 15.325 15.315 15.428 15.960 17.068
0.000 0.000 0.000 0.000 0.000 0.000 0.000 0.000 0.000 0.000 0.000 0.000 0.000 0.000 0.000 0.000 0.001 0.002 0.005 0.010 0.018 0.031 0.051 0.080 0.118 0.166 0.207 0.235 0.250 0.256 0.256 0.253 0.246 0.243 0.248 0.273 0.330 0.429 0.579 0.789 1.077 1.466 1.969 2.608 3.373 4.141 4.876 5.585 6.221 6.726 7.073 7.265 7.327 7.291 7.221 7.280 7.495 7.828 8.248 8.788 9.511 10.398 11.369 12.353 13.234 13.900 14.447 15.034 15.602 16.022 16.205 16.224 16.248 16.373 16.732 17.494 18.727
0.000 0.000 0.000 0.000 0.000 0.000 0.000 0.000 0.000 0.000 0.000 0.000 0.000 0.000 0.000 0.001 0.002 0.005 0.011 0.019 0.032 0.052 0.081 0.122 0.177 0.246 0.306 0.345 0.367 0.375 0.375 0.372 0.363 0.360 0.366 0.397 0.472 0.605 0.812 1.107 1.506 2.035 2.719 3.578 4.598 5.659 6.617 7.355 7.882 8.226 8.412 8.469 8.435 8.229 7.902 7.742 7.808 8.038 8.384 8.846 9.439 10.132 10.905 11.741 12.652 13.638 14.522 15.260 15.866 16.265 16.407 16.430 16.502 16.765 17.345 18.211 19.325
0.000 0.000 0.000 0.000 0.000 0.000 0.000 0.000 0.000 0.000 0.000 0.000 0.000 0.000 0.000 0.001 0.005 0.010 0.018 0.031 0.051 0.081 0.124 0.183 0.262 0.361 0.443 0.497 0.526 0.538 0.539 0.533 0.519 0.515 0.520 0.556 0.654 0.832 1.109 1.506 2.044 2.752 3.671 4.818 6.085 7.229 8.147 8.809 9.242 9.479 9.557 9.543 9.403 9.065 8.557 8.187 8.082 8.198 8.452 8.799 9.238 9.748 10.345 11.081 12.017 13.192 14.259 15.046 15.621 15.949 16.032 16.056 16.155 16.476 17.154 18.088 19.172
0.000 0.000 0.000 0.000 0.000 0.000 0.000 0.000 0.000 0.000 0.000 0.000 0.000 0.000 0.000 0.002 0.007 0.015 0.029 0.049 0.079 0.122 0.184 0.269 0.383 0.520 0.629 0.701 0.740 0.755 0.757 0.748 0.724 0.713 0.715 0.754 0.878 1.116 1.484 2.000 2.700 3.630 4.823 6.209 7.507 8.559 9.377 9.976 10.342 10.496 10.518 10.460 10.234 9.797 9.172 8.651 8.401 8.393 8.515 8.718 8.986 9.326 9.769 10.393 11.251 12.372 13.403 14.124 14.587 14.783 14.769 14.741 14.816 15.171 15.967 17.079 18.303
0.000 0.000 0.000 0.000 0.000 0.000 0.000 0.000 0.000 0.000 0.000 0.000 0.000 0.000 0.000 0.002 0.008 0.019 0.038 0.071 0.117 0.181 0.270 0.393 0.556 0.738 0.879 0.971 1.019 1.036 1.037 1.025 0.990 0.956 0.952 0.989 1.136 1.438 1.905 2.548 3.397 4.506 5.934 7.439 8.668 9.623 10.334 10.839 11.120 11.253 11.278 11.203 10.921 10.414 9.708 9.064 8.706 8.569 8.548 8.595 8.710 8.898 9.161 9.572 10.188 11.036 11.877 12.454 12.749 12.766 12.645 12.595 12.732 13.239 14.213 15.525 16.996
0.000 0.000 0.000 0.000 0.000 0.000 0.000 0.000 0.000 0.000 0.000 0.000 0.000 0.000 0.000 0.002 0.008 0.019 0.042 0.087 0.162 0.262 0.392 0.566 0.795 1.031 1.206 1.317 1.375 1.394 1.394 1.378 1.326 1.249 1.222 1.246 1.386 1.717 2.257 3.008 3.981 5.230 6.830 8.397 9.578 10.434 11.039 11.454 11.682 11.807 11.817 11.716 11.418 10.903 10.156 9.406 8.949 8.705 8.555 8.456 8.426 8.449 8.503 8.642 8.897 9.298 9.826 10.222 10.392 10.391 10.402 10.563 10.998 11.800 12.931 14.281 15.791
0.000 0.000 0.000 0.000 0.000 0.000 0.000 0.000 0.000 0.000 0.000 0.000 0.000 0.000 0.000 0.002 0.007 0.017 0.039 0.087 0.187 0.349 0.555 0.805 1.117 1.410 1.622 1.753 1.820 1.843 1.843 1.816 1.734 1.597 1.522 1.515 1.616 1.939 2.518 3.357 4.452 5.825 7.536 9.150 10.300 11.053 11.551 11.867 12.051 12.129 12.150 12.034 11.750 11.241 10.492 9.668 9.116 8.776 8.517 8.310 8.130 7.987 7.852 7.754 7.711 7.706 7.885 8.098 8.260 8.393 8.595 8.956 9.598 10.554 11.739 13.056 14.494
0.000 0.000 0.000 0.000 0.000 0.000 0.000 0.000 0.000 0.000 0.000 0.000 0.000 0.000 0.000 0.001 0.003 0.010 0.027 0.070 0.176 0.393 0.723 1.118 1.535 1.889 2.141 2.295 2.370 2.395 2.392 2.345 2.219 2.013 1.866 1.810 1.860 2.137 2.713 3.607 4.805 6.281 8.037 9.625 10.806 11.505 11.919 12.136 12.263 12.289 12.331 12.178 11.915 11.428 10.716 9.866 9.218 8.776 8.426 8.130 7.817 7.512 7.212 6.901 6.606 6.329 6.259 6.326 6.462 6.688 7.042 7.562 8.312 9.295 10.425 11.627 12.895
0.000 0.000 0.000 0.000 0.000 0.000 0.000 0.000 0.000 0.000 0.000 0.000 0.000 0.000 0.000 0.000 0.002 0.004 0.011 0.037 0.130 0.375 0.830 1.444 2.036 2.481 2.776 2.950 3.033 3.055 3.042 2.967 2.791 2.514 2.289 2.179 2.179 2.376 2.907 3.807 5.057 6.620 8.400 9.937 11.092 11.777 12.141 12.312 12.388 12.362 12.367 12.233 11.973 11.486 10.814 9.999 9.281 8.733 8.289 7.889 7.460 7.012 6.553 6.061 5.550 5.123 4.910 4.859 4.935 5.157 5.567 6.195 7.016 7.926 8.888 9.898 10.955
0.000 0.000 0.000 0.000 0.000 0.000 0.000 0.000 0.000 0.000 0.000 0.000 0.000 0.000 0.000 0.001 0.002 0.003 0.006 0.017 0.075 0.314 0.865 1.682 2.484 3.106 3.506 3.711 3.797 3.813 3.786 3.682 3.465 3.125 2.833 2.673 2.635 2.739 3.168 4.006 5.245 6.868 8.638 10.131 11.221 11.907 12.229 12.407 12.414 12.394 12.309 12.161 11.901 11.459 10.845 10.076 9.316 8.667 8.106 7.582 7.027 6.452 5.856 5.212 4.603 4.147 3.850 3.695 3.678 3.810 4.144 4.751 5.567 6.361 7.149 7.999 8.985
0.000 0.000 0.000 0.000 0.000 0.000 0.000 0.000 0.000 0.000 0.000 0.000 0.000 0.000 0.001 0.001 0.003 0.004 0.007 0.012 0.044 0.236 0.817 1.793 2.787 3.594 4.180 4.517 4.639 4.652 4.616 4.489 4.247 3.870 3.524 3.331 3.274 3.311 3.598 4.290 5.443 7.048 8.785 10.222 11.248 11.918 12.255 12.426 12.425 12.388 12.202 11.973 11.699 11.320 10.782 10.082 9.320 8.588 7.883 7.204 6.514 5.821 5.117 4.420 3.841 3.390 3.039 2.804 2.692 2.705 2.860 3.214 3.800 4.489 5.237 6.112 7.176
0.000 0.000 0.000 0.000 0.000 0.000 0.000 0.000 0.000 0.000 0.000 0.000 0.000 0.000 0.001 0.003 0.005 0.008 0.010 0.015 0.037 0.172 0.715 1.764 2.929 3.906 4.691 5.215 5.483 5.562 5.537 5.408 5.155 4.768 4.403 4.203 4.136 4.144 4.314 4.819 5.763 7.199 8.874 10.268 11.251 11.884 12.252 12.359 12.371 12.283 11.997 11.539 11.088 10.793 10.420 9.914 9.276 8.489 7.652 6.791 5.954 5.158 4.407 3.739 3.205 2.765 2.396 2.118 1.940 1.854 1.845 1.928 2.165 2.618 3.300 4.231 5.372
0.000 0.000 0.000 0.000 0.000 0.000 0.000 0.000 0.000 0.000 0.000 0.000 0.000 0.001 0.003 0.006 0.010 0.015 0.020 0.027 0.046 0.141 0.586 1.611 2.928 4.029 4.981 5.717 6.203 6.428 6.466 6.399 6.203 5.862 5.511 5.316 5.246 5.239 5.334 5.663 6.350 7.484 8.965 10.285 11.206 11.791 12.131 12.181 12.177 12.043 11.656 10.944 10.117 9.777 9.608 9.346 8.971 8.305 7.412 6.385 5.398 4.533 3.778 3.146 2.648 2.227 1.872 1.590 1.385 1.241 1.137 1.066 1.084 1.271 1.692 2.361 3.149
0.000 0.000 0.000 0.000 0.000 0.000 0.000 0.000 0.000 0.000 0.000 0.000 0.001 0.003 0.007 0.013 0.021 0.029 0.039 0.053 0.076 0.150 0.468 1.354 2.763 4.034 5.113 6.046 6.730 7.145 7.313 7.322 7.239 7.050 6.788 6.607 6.546 6.552 6.612 6.800 7.235 7.994 9.119 10.271 11.097 11.589 11.802 11.850 11.822 11.616 11.179 10.341 9.231 8.579 8.403 8.344 8.217 7.816 7.009 5.915 4.828 3.939 3.210 2.620 2.146 1.751 1.426 1.171 0.974 0.819 0.681 0.549 0.480 0.505 0.663 0.977 1.257
0.000 0.000 0.000 0.000 0.000 0.000 0.000 0.000 0.000 0.000 0.000 0.001 0.003 0.008 0.016 0.029 0.044 0.061 0.081 0.105 0.135 0.197 0.417 1.090 2.399 3.913 5.122 6.201 7.087 7.699 8.031 8.140 8.132 8.059 7.904 7.759 7.692 7.685 7.726 7.858 8.137 8.630 9.352 10.247 10.929 11.288 11.422 11.448 11.385 11.152 10.665 9.836 8.695 7.730 7.250 7.100 7.018 6.823 6.243 5.270 4.188 3.334 2.668 2.134 1.686 1.319 1.034 0.817 0.652 0.518 0.388 0.263 0.192 0.170 0.194 0.279 0.332
0.000 0.000 0.000 0.000 0.000 0.000 0.000 0.000 0.000 0.000 0.000 0.002 0.006 0.017 0.037 0.066 0.098 0.130 0.164 0.200 0.238 0.293 0.453 0.952 2.027 3.606 5.025 6.227 7.251 8.025 8.509 8.768 8.857 8.852 8.779 8.664 8.577 8.554 8.546 8.616 8.792 9.074 9.491 10.113 10.631 10.874 10.916 10.898 10.833 10.606 10.121 9.348 8.302 7.230 6.438 5.993 5.693 5.414 5.006 4.311 3.411 2.659 2.079 1.616 1.227 0.910 0.673 0.505 0.385 0.289 0.196 0.117 0.075 0.061 0.059 0.070 0.075
0.000 0.000 0.000 0.000 0.000 0.000 0.000 0.000 0.000 0.000 0.001 0.004 0.013 0.037 0.083 0.147 0.207 0.259 0.309 0.355 0.399 0.450 0.561 0.940 1.830 3.254 4.799 6.139 7.272 8.187 8.842 9.232 9.405 9.441 9.410 9.320 9.207 9.117 9.058 9.072 9.126 9.240 9.514 9.947 10.294 10.411 10.414 10.380 10.262 10.005 9.560 8.863 7.922 6.849 5.921 5.208 4.641 4.123 3.593 3.013 2.376 1.805 1.335 0.971 0.694 0.484 0.339 0.243 0.179 0.129 0.084 0.049 0.033 0.028 0.026 0.027 0.028
0.000 0.000 0.000 0.000 0.000 0.000 0.000 0.000 0.000 0.000 0.002 0.007 0.027 0.079 0.177 0.298 0.393 0.469 0.535 0.591 0.640 0.688 0.770 1.051 1.789 3.018 4.495 5.954 7.224 8.262 9.027 9.503 9.738 9.817 9.823 9.743 9.613 9.465 9.372 9.303 9.272 9.314 9.454 9.696 9.902 9.943 9.921 9.863 9.703 9.418 8.984 8.350 7.498 6.465 5.464 4.614 3.875 3.209 2.586 2.013 1.506 1.079 0.733 0.476 0.301 0.191 0.126 0.087 0.064 0.047 0.033 0.023 0.018 0.016 0.016 0.016 0.015
0.000 0.000 0.000 0.000 0.000 0.000 0.000 0.000 0.000 0.000 0.003 0.014 0.052 0.151 0.324 0.525 0.664 0.770 0.859 0.932 0.994 1.050 1.125 1.337 1.914 2.946 4.277 5.753 7.109 8.221 9.058 9.633 9.940 10.014 10.042 9.954 9.835 9.663 9.505 9.367 9.279 9.261 9.299 9.382 9.471 9.467 9.405 9.304 9.110 8.803 8.377 7.767 6.969 5.988 4.947 4.046 3.263 2.574 1.952 1.413 0.975 0.634 0.382 0.212 0.112 0.062 0.039 0.028 0.022 0.019 0.015 0.012 0.011 0.010 0.010 0.010 0.010
0.000 0.000 0.000 0.000 0.000 0.000 0.000 0.000 0.000 0.000 0.003 0.017 0.070 0.206 0.442 0.738 0.987 1.162 1.289 1.393 1.484 1.569 1.661 1.837 2.265 3.069 4.229 5.631 7.001 8.154 9.044 9.655 9.972 10.069 10.100 10.045 9.920 9.737 9.541 9.360 9.199 9.089 9.002 8.976 8.970 8.936 8.848 8.706 8.478 8.150 7.689 7.072 6.294 5.332 4.309 3.432 2.686 2.048 1.496 1.027 0.656 0.383 0.203 0.098 0.045 0.023 0.015 0.012 0.010 0.009 0.008 0.008 0.007 0.007 0.007 0.006 0.006
0.000 0.000 0.000 0.000 0.000 0.000 0.000 0.000 0.000 0.000 0.003 0.017 0.073 0.224 0.495 0.858 1.250 1.587 1.816 1.977 2.113 2.239 2.370 2.549 2.872 3.458 4.382 5.623 6.955 8.077 8.967 9.607 9.935 10.079 10.074 10.042 9.922 9.733 9.510 9.252 8.940 8.712 8.541 8.468 8.396 8.299 8.166 7.983 7.712 7.360 6.871 6.234 5.456 4.496 3.539 2.748 2.088 1.544 1.089 0.712 0.421 0.222 0.104 0.045 0.019 0.010 0.007 0.006 0.006 0.005 0.005 0.005 0.004 0.004 0.004 0.004 0.004
0.000 0.000 0.000 0.000 0.000 0.000 0.000 0.000 0.000 0.000 0.002 0.015 0.066 0.217 0.500 0.904 1.399 1.937 2.382 2.676 2.885 3.065 3.240 3.434 3.700 4.128 4.810 5.798 6.995 8.044 8.885 9.515 9.837 9.989 9.996 9.950 9.846 9.641 9.382 9.007 8.528 8.192 7.936 7.741 7.589 7.426 7.258 7.038 6.729 6.348 5.856 5.206 4.421 3.492 2.653 1.996 1.465 1.033 0.682 0.414 0.225 0.108 0.046 0.019 0.008 0.004 0.003 0.003 0.003 0.003 0.003 0.002 0.002 0.002 0.002 0.002 0.002
0.000 0.000 0.000 0.000 0.000 0.000 0.000 0.000 0.000 0.000 0.001 0.009 0.048 0.181 0.468 0.907 1.468 2.149 2.878 3.439 3.799 4.055 4.276 4.487 4.721 5.029 5.500 6.206 7.150 8.096 8.843 9.358 9.651 9.770 9.776 9.725 9.608 9.364 9.041 8.570 7.988 7.508 7.131 6.824 6.583 6.328 6.080 5.817 5.478 5.059 4.561 3.945 3.229 2.459 1.809 1.287 0.870 0.549 0.319 0.171 0.084 0.037 0.015 0.006 0.003 0.002 0.001 0.001 0.001 0.001 0.001 0.001 0.001 0.001 0.001 0.001 0.001
0.000 0.000 0.000 0.000 0.000 0.000 0.000 0.000 0.000 0.000 0.001 0.004 0.024 0.121 0.390 0.862 1.496 2.261 3.190 4.110 4.775 5.200 5.482 5.705 5.919 6.141 6.426 6.858 7.479 8.209 8.790 9.172 9.397 9.488 9.481 9.383 9.189 8.877 8.468 7.922 7.298 6.669 6.147 5.713 5.347 4.993 4.655 4.337 3.980 3.588 3.161 2.686 2.143 1.567 1.075 0.684 0.398 0.209 0.099 0.044 0.019 0.009 0.004 0.002 0.001 0.001 0.000 0.000 0.000 0.000 0.000 0.000 0.000 0.000 0.000 0.000 0.000
0.000 0.000 0.000 0.000 0.000 0.000 0.000 0.000 0.000 0.000 0.000 0.002 0.013 0.071 0.289 0.767 1.470 2.314 3.342 4.568 5.625 6.321 6.758 7.044 7.243 7.387 7.522 7.717 8.003 8.390 8.739 8.995 9.106 9.120 9.040 8.869 8.575 8.181 7.674 7.071 6.412 5.686 5.014 4.443 4.003 3.636 3.311 3.009 2.697 2.375 2.031 1.658 1.238 0.830 0.503 0.270 0.127 0.052 0.020 0.008 0.004 0.002 0.001 0.000 0.000 0.000 0.000 0.000 0.000 0.000 0.000 0.000 0.000 0.000 0.000 0.000 0.000
0.000 0.000 0.000 0.000 0.000 0.000 0.000 0.000 0.000 0.000 0.000 0.001 0.008 0.045 0.212 0.655 1.393 2.306 3.391 4.790 6.254 7.297 7.944 8.315 8.521 8.594 8.632 8.601 8.605 8.663 8.720 8.759 8.734 8.642 8.448 8.170 7.747 7.231 6.645 5.999 5.306 4.536 3.834 3.274 2.854 2.522 2.245 1.992 1.737 1.482 1.206 0.898 0.594 0.347 0.174 0.075 0.029 0.010 0.004 0.001 0.001 0.000 0.000 0.000 0.000 0.000 0.000 0.000 0.000 0.000 0.000 0.000 0.000 0.000 0.000 0.000 0.000
0.000 0.000 0.000 0.000 0.000 0.000 0.000 0.000 0.000 0.000 0.000 0.001 0.005 0.032 0.160 0.553 1.276 2.228 3.366 4.839 6.627 8.075 8.993 9.468 9.660 9.683 9.616 9.372 9.067 8.816 8.629 8.477 8.274 8.002 7.608 7.118 6.572 6.005 5.412 4.771 4.091 3.396 2.789 2.302 1.935 1.662 1.445 1.248 1.054 0.860 0.650 0.426 0.240 0.115 0.047 0.017 0.006 0.002 0.001 0.000 0.000 0.000 0.000 0.000 0.000 0.000 0.000 0.000 0.000 0.000 0.000 0.000 0.000 0.000 0.000 0.000 0.000
0.000 0.000 0.000 0.000 0.000 0.000 0.000 0.000 0.000 0.000 0.000 0.001 0.003 0.021 0.116 0.447 1.113 2.055 3.234 4.776 6.787 8.624 9.786 10.363 10.540 10.532 10.362 9.945 9.379 8.920 8.521 8.140 7.699 7.162 6.480 5.743 5.100 4.515 3.952 3.402 2.873 2.380 1.916 1.529 1.239 1.033 0.876 0.737 0.598 0.456 0.310 0.179 0.086 0.034 0.012 0.004 0.001 0.001 0.000 0.000 0.000 0.000 0.000 0.000 0.000 0.000 0.000 0.000 0.000 0.000 0.000 0.000 0.000 0.000 0.000 0.000 0.000
0.000 0.000 0.000 0.000 0.000 0.000 0.000 0.000 0.000 0.000 0.000 0.001 0.003 0.012 0.070 0.310 0.862 1.740 2.923 4.522 6.702 8.888 10.290 10.978 11.157 11.064 10.786 10.244 9.549 8.913 8.308 7.667 6.953 6.088 5.085 4.134 3.408 2.864 2.408 2.011 1.690 1.428 1.169 0.923 0.729 0.592 0.489 0.400 0.310 0.217 0.131 0.066 0.027 0.010 0.003 0.001 0.000 0.000 0.000 0.000 0.000 0.000 0.000 0.000 0.000 0.000 0.000 0.000 0.000 0.000 0.000 0.000 0.000 0.000 0.000 0.000 0.000
0.000 0.000 0.000 0.000 0.000 0.000 0.000 0.000 0.000 0.001 0.002 0.003 0.004 0.008 0.028 0.131 0.463 1.158 2.261 3.849 6.108 8.582 10.199 10.999 11.232 11.109 10.804 10.182 9.452 8.669 7.813 6.883 5.895 4.782 3.565 2.569 1.908 1.468 1.147 0.900 0.737 0.638 0.553 0.456 0.364 0.291 0.234 0.185 0.136 0.087 0.047 0.021 0.008 0.002 0.001 0.000 0.000 0.000 0.000 0.000 0.000 0.000 0.000 0.000 0.000 0.000 0.000 0.000 0.000 0.000 0.000 0.000 0.000 0.000 0.000 0.000 0.000
