RESULTS/r.avaflow_results/33_results/33_ascii/33_hflow_max0021.asc
ncols 506
nrows 317
xllcenter 498237.50
yllcenter 5580050.00
cellsize 12.50
NODATA_value -9999.000
[rows 170 to 203 of 317, columns 77 to 153 of 506]
0.000 0.000 0.000 0.000 0.000 0.000 0.000 0.000 0.000 0.000 0.000 0.000 0.000 0.000 0.000 0.000 0.001 0.001 0.002 0.003 0.004 0.007 0.016 0.036 0.067 0.089 0.098 0.104 0.109 0.115 0.120 0.125 0.129 0.136 0.152 0.186 0.242 0.323 0.410 0.471 0.538 0.657 0.823 0.959 1.058 1.186 1.328 1.451 1.552 1.765 2.401 3.436 4.642 5.564 6.688 8.694 11.714 15.826 20.323 24.200 27.114 28.777 29.333 28.986 28.323 27.617 26.471 25.070 23.638 22.206 20.554 18.795 17.319 16.640 16.192 15.793 15.433
0.000 0.000 0.000 0.000 0.000 0.000 0.000 0.000 0.000 0.000 0.000 0.000 0.000 0.000 0.001 0.002 0.003 0.004 0.007 0.009 0.014 0.024 0.045 0.080 0.114 0.132 0.141 0.149 0.157 0.164 0.172 0.180 0.188 0.201 0.227 0.275 0.348 0.446 0.556 0.647 0.742 0.906 1.140 1.357 1.561 1.830 2.123 2.430 2.757 3.456 4.282 5.168 5.907 6.543 7.823 10.349 13.415 18.117 22.666 26.593 29.287 30.567 30.685 29.781 28.871 28.003 26.804 25.247 23.625 22.036 20.556 19.631 19.123 18.733 18.435 18.346 18.440
0.000 0.000 0.000 0.000 0.000 0.000 0.000 0.000 0.000 0.000 0.000 0.000 0.000 0.001 0.002 0.004 0.008 0.012 0.017 0.025 0.037 0.061 0.101 0.144 0.171 0.187 0.199 0.210 0.221 0.232 0.243 0.255 0.269 0.289 0.327 0.390 0.482 0.599 0.736 0.878 1.021 1.243 1.558 1.900 2.258 2.729 3.252 3.868 4.655 5.526 6.206 6.680 7.117 7.621 8.460 10.901 13.790 18.742 23.567 27.364 30.005 31.315 31.255 30.159 29.173 28.057 26.714 25.161 23.694 22.643 21.865 21.236 20.670 20.186 20.001 20.341 21.115
0.000 0.000 0.000 0.000 0.000 0.000 0.000 0.000 0.000 0.000 0.000 0.000 0.001 0.002 0.005 0.009 0.015 0.024 0.036 0.052 0.078 0.120 0.174 0.215 0.241 0.260 0.276 0.292 0.307 0.322 0.338 0.355 0.376 0.406 0.457 0.536 0.648 0.794 0.973 1.184 1.418 1.726 2.133 2.640 3.198 3.957 4.821 5.833 6.815 7.619 8.207 8.465 8.569 8.633 8.968 10.879 13.377 18.224 23.326 26.942 29.600 31.120 31.223 30.217 29.084 27.827 26.474 25.311 24.460 23.678 22.917 22.195 21.563 21.166 21.222 21.950 23.110
0.000 0.000 0.000 0.000 0.000 0.000 0.000 0.000 0.000 0.000 0.000 0.000 0.002 0.005 0.010 0.017 0.027 0.041 0.062 0.091 0.134 0.195 0.256 0.300 0.331 0.357 0.379 0.400 0.420 0.441 0.461 0.484 0.513 0.555 0.621 0.719 0.857 1.043 1.286 1.587 1.953 2.388 2.943 3.629 4.521 5.619 6.749 7.774 8.604 9.228 9.653 9.831 9.767 9.487 9.438 10.750 13.065 16.848 22.059 25.893 28.368 30.010 30.649 29.945 28.656 27.496 26.418 25.630 24.863 24.095 23.336 22.607 21.948 21.705 22.042 22.837 23.932
0.000 0.000 0.000 0.000 0.000 0.000 0.000 0.000 0.000 0.000 0.000 0.001 0.003 0.008 0.016 0.028 0.044 0.066 0.099 0.144 0.206 0.285 0.357 0.410 0.452 0.486 0.515 0.542 0.568 0.594 0.620 0.648 0.684 0.738 0.833 0.989 1.154 1.357 1.681 2.095 2.614 3.253 4.020 4.972 6.213 7.426 8.474 9.352 10.063 10.486 10.701 10.766 10.652 10.262 9.884 10.756 12.583 15.877 20.463 24.568 26.940 28.577 29.476 29.249 28.001 27.044 26.247 25.610 24.909 24.121 23.317 22.570 21.947 21.632 22.057 22.835 23.834
0.000 0.000 0.000 0.000 0.000 0.000 0.000 0.000 0.000 0.000 0.000 0.001 0.004 0.011 0.022 0.039 0.064 0.099 0.148 0.215 0.303 0.405 0.491 0.559 0.612 0.655 0.692 0.725 0.757 0.790 0.821 0.949 1.068 1.186 1.317 1.456 1.571 1.744 2.162 2.703 3.386 4.240 5.241 6.308 7.704 8.965 9.947 10.703 11.247 11.510 11.627 11.522 11.325 10.954 10.384 10.762 12.152 15.030 19.105 23.345 25.741 27.146 28.136 28.199 27.213 26.159 25.445 24.826 24.158 23.375 22.515 21.707 21.109 20.912 21.269 22.006 22.919
0.000 0.000 0.000 0.000 0.000 0.000 0.000 0.000 0.000 0.000 0.000 0.001 0.005 0.012 0.025 0.046 0.080 0.134 0.211 0.311 0.437 0.567 0.675 0.760 0.825 0.877 0.921 0.960 0.996 1.177 1.432 1.588 1.684 1.758 1.817 1.868 1.922 2.208 2.738 3.412 4.251 5.271 6.375 7.583 9.033 10.250 11.206 11.884 12.262 12.430 12.501 12.255 11.898 11.505 10.872 10.828 11.950 14.471 18.029 22.056 24.428 25.798 26.712 26.871 25.966 24.588 23.683 22.981 22.253 21.430 20.500 19.598 18.952 18.826 19.305 20.268 21.389
0.000 0.000 0.000 0.000 0.000 0.000 0.000 0.000 0.000 0.000 0.000 0.001 0.005 0.012 0.025 0.048 0.086 0.154 0.266 0.430 0.625 0.789 0.924 1.028 1.107 1.166 1.213 1.255 1.545 1.942 2.219 2.350 2.375 2.328 2.276 2.260 2.271 2.665 3.299 4.100 5.073 6.203 7.322 8.750 10.228 11.409 12.295 12.881 13.175 13.276 13.279 13.025 12.458 11.980 11.348 10.962 11.843 14.087 17.112 20.491 22.580 24.148 24.804 24.879 23.974 22.305 21.199 20.329 19.474 18.536 17.533 16.606 16.109 16.142 16.832 18.070 19.548
0.000 0.000 0.000 0.000 0.000 0.000 0.000 0.000 0.000 0.000 0.000 0.001 0.004 0.011 0.024 0.046 0.086 0.156 0.286 0.512 0.835 1.091 1.253 1.377 1.467 1.532 1.579 1.838 2.435 2.872 3.071 3.107 3.032 2.880 2.729 2.660 2.649 3.023 3.737 4.662 5.795 6.991 8.092 9.772 11.356 12.426 13.154 13.629 13.899 13.941 13.862 13.622 13.094 12.465 11.724 11.024 11.683 13.590 16.169 18.603 20.564 21.803 22.283 22.091 21.137 19.478 18.251 17.286 16.360 15.390 14.467 13.805 13.675 14.049 14.974 16.313 17.976
0.000 0.000 0.000 0.000 0.000 0.000 0.000 0.000 0.000 0.000 0.000 0.000 0.002 0.007 0.018 0.037 0.072 0.137 0.266 0.514 0.943 1.417 1.675 1.815 1.916 1.985 2.033 2.804 3.502 3.837 3.919 3.859 3.686 3.431 3.198 3.079 3.056 3.278 4.036 5.062 6.348 7.603 8.739 10.733 12.448 13.317 13.837 14.157 14.343 14.339 14.223 14.002 13.592 12.903 12.099 11.105 11.412 12.814 14.759 16.595 18.263 19.038 19.246 18.776 17.698 16.259 14.994 14.069 13.293 12.513 11.820 11.493 11.612 12.264 13.346 14.699 16.264
0.000 0.000 0.000 0.000 0.000 0.000 0.000 0.000 0.000 0.000 0.000 0.000 0.001 0.003 0.008 0.019 0.039 0.080 0.183 0.420 0.893 1.607 2.124 2.346 2.464 2.538 2.609 3.688 4.424 4.703 4.732 4.610 4.353 4.029 3.768 3.608 3.550 3.553 4.241 5.312 6.700 8.028 9.260 11.535 13.329 14.042 14.327 14.436 14.553 14.509 14.422 14.229 13.871 13.235 12.364 11.336 11.011 11.870 13.155 14.569 15.789 16.237 16.069 15.234 13.979 12.717 11.692 10.956 10.407 9.871 9.548 9.504 9.842 10.637 11.766 13.053 14.456
0.000 0.000 0.000 0.000 0.000 0.000 0.000 0.000 0.000 0.000 0.000 0.000 0.000 0.001 0.002 0.006 0.014 0.032 0.078 0.243 0.694 1.594 2.476 2.903 3.101 3.201 3.328 4.386 5.223 5.526 5.528 5.385 5.095 4.765 4.518 4.337 4.228 4.197 4.436 5.473 6.882 8.293 9.709 12.043 13.843 14.529 14.651 14.670 14.627 14.558 14.503 14.288 13.900 13.269 12.390 11.322 10.491 10.786 11.556 12.358 13.324 13.483 12.960 11.962 10.690 9.509 8.816 8.212 7.799 7.544 7.512 7.727 8.252 9.080 10.094 11.215 12.385
0.000 0.000 0.000 0.000 0.000 0.000 0.000 0.000 0.000 0.000 0.000 0.000 0.000 0.000 0.001 0.003 0.007 0.015 0.039 0.133 0.459 1.383 2.653 3.349 3.676 3.874 4.074 5.021 5.943 6.340 6.374 6.225 5.982 5.690 5.449 5.293 5.168 5.098 5.100 5.635 6.985 8.422 10.052 12.309 13.975 14.702 14.823 14.746 14.658 14.566 14.369 14.095 13.621 13.027 12.178 11.155 10.085 9.921 10.157 10.533 10.733 10.827 10.279 9.235 7.980 7.167 6.542 5.969 5.607 5.476 5.597 6.025 6.712 7.468 8.303 9.258 10.285
0.000 0.000 0.000 0.000 0.000 0.000 0.000 0.000 0.000 0.000 0.000 0.000 0.000 0.001 0.002 0.004 0.007 0.013 0.029 0.087 0.319 1.072 2.551 3.592 4.098 4.405 4.739 5.616 6.696 7.237 7.337 7.180 7.020 6.827 6.599 6.485 6.409 6.356 6.356 6.427 7.074 8.439 10.268 12.417 13.905 14.644 14.822 14.805 14.634 14.340 14.059 13.485 12.938 12.390 11.652 10.773 9.824 9.411 9.188 9.085 8.757 8.558 8.024 7.064 6.100 5.438 4.808 4.234 3.863 3.729 3.800 4.196 4.900 5.662 6.470 7.414 8.437
0.000 0.000 0.000 0.000 0.000 0.000 0.000 0.000 0.000 0.000 0.000 0.000 0.001 0.002 0.005 0.008 0.012 0.018 0.031 0.075 0.239 0.798 2.219 3.614 4.355 4.800 5.245 6.162 7.414 8.207 8.489 8.402 8.160 8.046 7.942 7.911 7.912 7.965 8.045 8.102 8.227 8.713 10.345 12.336 13.649 14.328 14.650 14.616 14.347 13.916 13.305 12.512 11.754 11.217 10.655 10.053 9.602 9.086 8.582 8.108 7.513 6.859 6.227 5.408 4.762 4.114 3.492 2.938 2.648 2.568 2.565 2.665 3.019 3.706 4.697 5.751 6.963
0.000 0.000 0.000 0.000 0.000 0.000 0.000 0.000 0.000 0.000 0.000 0.001 0.002 0.005 0.010 0.016 0.023 0.031 0.045 0.092 0.208 0.621 1.734 3.371 4.434 5.039 5.556 6.581 8.017 9.114 9.645 9.716 9.479 9.234 9.191 9.219 9.319 9.432 9.512 9.552 9.573 9.736 10.418 12.080 13.198 13.836 14.126 14.076 13.736 13.162 12.367 11.507 10.604 9.918 9.692 9.498 9.221 8.781 8.176 7.459 6.653 5.815 5.075 4.392 3.757 3.151 2.602 2.306 2.087 1.940 1.845 1.808 1.921 2.406 3.369 4.420 5.679
0.000 0.000 0.000 0.000 0.000 0.000 0.000 0.000 0.000 0.000 0.000 0.002 0.005 0.011 0.020 0.031 0.045 0.060 0.085 0.198 0.397 0.692 1.295 2.840 4.295 5.133 5.727 6.862 8.354 9.749 10.585 10.866 10.722 10.564 10.418 10.481 10.583 10.673 10.740 10.756 10.685 10.550 10.508 11.784 12.653 13.210 13.407 13.249 12.911 12.314 11.621 10.765 9.707 8.940 8.621 8.577 8.523 8.298 7.744 6.949 6.036 5.138 4.378 3.685 3.042 2.568 2.191 1.885 1.640 1.447 1.294 1.167 1.087 1.263 1.806 2.783 3.487
0.000 0.000 0.000 0.000 0.000 0.000 0.000 0.000 0.000 0.000 0.001 0.004 0.010 0.022 0.041 0.065 0.090 0.118 0.182 0.404 0.758 1.182 1.596 2.250 3.904 5.065 5.818 7.017 8.537 10.030 11.157 11.758 11.830 11.676 11.619 11.584 11.642 11.663 11.700 11.664 11.500 11.056 10.727 11.435 12.067 12.503 12.558 12.436 12.094 11.600 10.981 10.120 9.072 8.162 7.525 7.484 7.526 7.463 7.086 6.385 5.504 4.634 3.899 3.248 2.683 2.205 1.821 1.512 1.258 1.047 0.863 0.682 0.536 0.502 0.666 1.090 1.314
0.000 0.000 0.000 0.000 0.000 0.000 0.000 0.000 0.000 0.001 0.002 0.008 0.021 0.046 0.086 0.132 0.176 0.221 0.364 0.771 1.360 1.860 2.243 2.604 3.432 4.846 5.792 7.011 8.544 10.149 11.396 12.213 12.588 12.590 12.480 12.495 12.481 12.411 12.424 12.379 12.082 11.573 11.007 11.048 11.558 11.890 11.884 11.725 11.450 11.010 10.391 9.566 8.556 7.558 6.742 6.510 6.402 6.293 6.062 5.580 4.880 4.118 3.464 2.871 2.324 1.844 1.459 1.154 0.904 0.691 0.501 0.331 0.218 0.172 0.196 0.301 0.349
0.000 0.000 0.000 0.000 0.000 0.000 0.000 0.000 0.000 0.001 0.005 0.015 0.042 0.095 0.178 0.257 0.327 0.421 0.671 1.358 2.166 2.693 3.018 3.323 3.733 4.537 5.640 6.842 8.472 10.068 11.476 12.431 12.904 13.107 13.060 12.904 12.819 12.771 12.778 12.702 12.467 11.907 11.119 10.652 11.072 11.318 11.331 11.185 10.918 10.505 9.871 9.077 8.095 7.037 6.129 5.762 5.441 5.120 4.787 4.386 3.897 3.297 2.690 2.164 1.709 1.306 0.972 0.711 0.506 0.344 0.219 0.129 0.083 0.063 0.063 0.077 0.085
0.000 0.000 0.000 0.000 0.000 0.000 0.000 0.000 0.000 0.002 0.009 0.030 0.082 0.187 0.338 0.467 0.589 0.746 1.129 2.157 3.109 3.641 3.955 4.236 4.669 5.369 5.973 6.559 8.274 9.874 11.392 12.483 13.014 13.205 13.212 13.109 12.910 12.821 12.823 12.817 12.581 11.961 11.047 10.405 10.612 10.756 10.768 10.670 10.458 10.081 9.516 8.791 7.826 6.609 5.665 5.164 4.687 4.211 3.729 3.214 2.692 2.158 1.632 1.194 0.854 0.598 0.411 0.277 0.185 0.123 0.079 0.051 0.036 0.029 0.026 0.027 0.028
0.000 0.000 0.000 0.000 0.000 0.000 0.000 0.000 0.000 0.003 0.013 0.044 0.126 0.292 0.533 0.748 0.954 1.224 1.735 3.109 4.201 4.788 5.117 5.428 5.858 6.493 6.985 7.461 7.988 9.609 11.081 12.235 12.845 13.112 13.154 13.046 12.842 12.726 12.723 12.712 12.472 11.766 10.741 9.939 10.105 10.237 10.215 10.137 9.973 9.665 9.135 8.418 7.554 6.443 5.164 4.581 4.027 3.490 2.943 2.363 1.787 1.269 0.843 0.531 0.324 0.199 0.127 0.084 0.057 0.040 0.029 0.022 0.018 0.016 0.015 0.014 0.014
0.000 0.000 0.000 0.000 0.000 0.000 0.000 0.000 0.000 0.003 0.014 0.049 0.146 0.349 0.652 0.977 1.343 1.792 2.503 4.154 5.492 6.244 6.636 6.972 7.348 7.744 8.090 8.394 8.697 9.213 10.570 11.667 12.378 12.758 12.795 12.629 12.485 12.379 12.328 12.245 11.936 11.149 9.997 9.220 9.467 9.635 9.636 9.527 9.367 9.079 8.570 7.866 6.954 5.839 4.590 3.966 3.385 2.828 2.259 1.659 1.103 0.669 0.380 0.206 0.111 0.062 0.038 0.026 0.019 0.016 0.013 0.011 0.010 0.010 0.009 0.009 0.009
0.000 0.000 0.000 0.000 0.000 0.000 0.000 0.000 0.000 0.003 0.013 0.048 0.147 0.361 0.698 1.108 1.613 2.228 3.340 5.241 6.896 7.835 8.291 8.548 8.756 8.919 9.068 9.207 9.350 9.462 9.959 10.934 11.662 12.012 12.058 11.866 11.778 11.763 11.690 11.456 10.966 10.086 8.901 8.563 8.599 8.766 8.797 8.732 8.540 8.204 7.639 6.899 5.941 4.749 3.942 3.280 2.685 2.108 1.512 0.966 0.556 0.298 0.152 0.076 0.039 0.022 0.014 0.010 0.008 0.008 0.007 0.007 0.006 0.006 0.006 0.005 0.005
0.000 0.000 0.000 0.000 0.000 0.000 0.000 0.000 0.000 0.002 0.011 0.041 0.135 0.345 0.702 1.175 1.753 2.541 4.054 6.363 8.195 9.216 9.696 9.905 9.990 9.960 9.875 9.817 9.815 9.804 9.782 10.188 10.851 11.048 11.035 10.919 10.684 10.620 10.555 10.283 9.671 8.711 7.956 7.789 7.660 7.660 7.677 7.580 7.378 6.976 6.354 5.536 4.587 3.939 3.204 2.499 1.846 1.252 0.794 0.461 0.245 0.120 0.057 0.027 0.014 0.008 0.005 0.004 0.004 0.004 0.004 0.004 0.004 0.003 0.003 0.003 0.003
0.000 0.000 0.000 0.000 0.000 0.000 0.000 0.000 0.000 0.001 0.006 0.029 0.105 0.304 0.674 1.221 1.905 3.009 5.105 7.365 9.219 10.367 10.835 10.975 10.960 10.762 10.451 10.236 10.097 9.990 9.903 9.835 10.209 10.417 10.437 10.327 10.100 9.754 9.306 8.766 8.026 7.537 7.152 6.842 6.604 6.418 6.308 6.175 5.857 5.408 4.767 4.200 3.683 3.079 2.371 1.676 1.113 0.683 0.387 0.203 0.097 0.044 0.020 0.009 0.004 0.002 0.002 0.002 0.002 0.002 0.002 0.002 0.002 0.002 0.001 0.001 0.001
0.000 0.000 0.000 0.000 0.000 0.000 0.000 0.000 0.000 0.001 0.005 0.019 0.070 0.239 0.623 1.288 2.225 3.948 6.033 7.951 9.927 11.356 11.854 11.952 11.844 11.487 10.985 10.628 10.319 10.123 9.983 9.822 9.837 10.043 10.082 9.903 9.596 9.156 8.603 7.960 7.368 6.868 6.491 6.219 5.917 5.569 5.168 4.699 4.242 3.885 3.509 3.123 2.675 2.125 1.494 0.951 0.565 0.302 0.151 0.069 0.031 0.014 0.006 0.003 0.001 0.001 0.001 0.001 0.001 0.001 0.001 0.001 0.001 0.001 0.000 0.000 0.000
0.000 0.000 0.000 0.000 0.000 0.000 0.000 0.000 0.000 0.001 0.007 0.029 0.099 0.291 0.745 1.638 3.080 4.819 6.573 8.114 9.897 11.597 12.290 12.491 12.413 12.031 11.468 10.952 10.571 10.224 9.952 9.747 9.542 9.622 9.567 9.284 8.862 8.307 7.712 7.292 6.940 6.724 6.461 6.168 5.842 5.463 5.013 4.497 3.900 3.190 2.455 2.073 1.659 1.195 0.750 0.437 0.226 0.104 0.045 0.020 0.008 0.004 0.002 0.001 0.000 0.000 0.000 0.000 0.000 0.000 0.000 0.000 0.000 0.000 0.000 0.000 0.000
0.000 0.000 0.000 0.000 0.000 0.000 0.000 0.000 0.000 0.001 0.008 0.035 0.128 0.392 1.021 2.241 3.904 5.394 6.772 8.053 9.250 10.786 11.985 12.451 12.542 12.352 11.779 11.109 10.658 10.261 9.903 9.591 9.197 9.094 8.876 8.452 8.089 7.690 7.332 7.106 6.879 6.663 6.422 6.125 5.758 5.348 4.901 4.375 3.746 2.968 2.042 1.233 0.871 0.549 0.313 0.157 0.071 0.030 0.012 0.005 0.002 0.001 0.000 0.000 0.000 0.000 0.000 0.000 0.000 0.000 0.000 0.000 0.000 0.000 0.000 0.000 0.000
0.000 0.000 0.000 0.000 0.000 0.000 0.000 0.000 0.000 0.001 0.008 0.037 0.144 0.468 1.279 2.750 4.494 5.759 6.840 7.828 8.665 10.316 11.044 11.727 12.109 12.017 11.545 10.887 10.340 9.932 9.586 9.334 9.129 8.995 8.682 8.204 7.815 7.579 7.368 7.113 6.843 6.600 6.365 6.085 5.720 5.288 4.809 4.268 3.599 2.739 1.696 0.849 0.401 0.221 0.107 0.047 0.020 0.008 0.003 0.001 0.001 0.000 0.000 0.000 0.000 0.000 0.000 0.000 0.000 0.000 0.000 0.000 0.000 0.000 0.000 0.000 0.000
0.000 0.000 0.000 0.000 0.000 0.000 0.000 0.000 0.001 0.001 0.008 0.038 0.149 0.557 1.508 3.143 4.895 6.064 6.905 7.639 8.850 10.279 11.193 11.617 11.741 11.707 11.548 11.239 10.789 10.338 9.885 9.458 9.133 8.986 8.664 8.161 7.803 7.596 7.394 7.087 6.789 6.552 6.322 6.052 5.685 5.226 4.723 4.110 3.331 2.314 1.265 0.563 0.213 0.080 0.034 0.013 0.005 0.002 0.001 0.000 0.000 0.000 0.000 0.000 0.000 0.000 0.000 0.000 0.000 0.000 0.000 0.000 0.000 0.000 0.000 0.000 0.000
0.000 0.000 0.001 0.001 0.001 0.001 0.002 0.002 0.002 0.003 0.008 0.037 0.158 0.620 1.705 3.443 5.176 6.377 7.079 7.521 9.037 10.695 11.755 12.243 12.398 12.323 12.061 11.665 11.211 10.676 10.040 9.423 9.160 9.015 8.711 8.262 7.918 7.691 7.419 7.010 6.667 6.458 6.244 5.986 5.641 5.184 4.637 3.963 3.060 1.803 0.840 0.337 0.117 0.035 0.010 0.004 0.001 0.001 0.000 0.000 0.000 0.000 0.000 0.000 0.000 0.000 0.000 0.000 0.000 0.000 0.000 0.000 0.000 0.000 0.000 0.000 0.000
0.001 0.002 0.002 0.002 0.002 0.003 0.003 0.003 0.004 0.005 0.007 0.032 0.154 0.652 1.864 3.753 5.451 6.660 7.380 7.656 8.995 10.722 11.879 12.393 12.589 12.517 12.377 11.978 11.396 10.773 10.011 9.196 9.208 9.171 8.970 8.627 8.258 7.911 7.537 7.001 6.603 6.399 6.226 5.943 5.548 5.055 4.430 3.634 2.556 1.337 0.529 0.189 0.060 0.017 0.004 0.001 0.000 0.000 0.000 0.000 0.000 0.000 0.000 0.000 0.000 0.000 0.000 0.000 0.000 0.000 0.000 0.000 0.000 0.000 0.000 0.000 0.000
