RESULTS/r.avaflow_results/33_results/33_ascii/33_hflow10044.asc
ncols 506
nrows 317
xllcenter 498237.50
yllcenter 5580050.00
cellsize 12.50
NODATA_value -9999.000
[rows 170 to 203 of 317, columns 77 to 153 of 506]
0.000 0.000 0.000 0.000 0.000 0.000 0.000 0.000 0.000 0.000 0.000 0.001 0.001 0.003 0.005 0.009 0.013 0.017 0.020 0.023 0.025 0.029 0.041 0.070 0.127 0.190 0.221 0.230 0.233 0.233 0.232 0.226 0.215 0.197 0.187 0.185 0.192 0.212 0.231 0.237 0.233 0.217 0.208 0.230 0.328 0.524 0.776 1.037 1.321 1.691 2.240 3.121 4.334 5.412 5.962 6.086 6.064 6.075 6.103 6.102 6.069 5.943 5.674 5.283 4.787 4.188 3.540 2.957 2.449 2.013 1.640 1.331 1.080 0.875 0.707 0.569 0.459
0.000 0.000 0.000 0.000 0.000 0.000 0.000 0.000 0.000 0.001 0.001 0.003 0.006 0.010 0.017 0.026 0.035 0.045 0.053 0.061 0.070 0.083 0.112 0.166 0.240 0.294 0.312 0.316 0.316 0.314 0.309 0.299 0.281 0.260 0.252 0.255 0.272 0.308 0.341 0.355 0.357 0.354 0.382 0.515 0.819 1.255 1.700 2.136 2.626 3.254 4.078 5.053 5.964 6.514 6.690 6.654 6.557 6.512 6.477 6.423 6.332 6.152 5.857 5.449 4.922 4.286 3.613 3.019 2.505 2.066 1.695 1.387 1.131 0.919 0.744 0.600 0.484
0.000 0.000 0.000 0.000 0.000 0.000 0.000 0.000 0.001 0.002 0.005 0.009 0.016 0.026 0.040 0.056 0.073 0.092 0.112 0.133 0.155 0.189 0.245 0.318 0.382 0.411 0.417 0.417 0.416 0.412 0.404 0.389 0.363 0.341 0.335 0.342 0.371 0.423 0.478 0.520 0.556 0.619 0.795 1.192 1.817 2.493 3.096 3.704 4.414 5.213 5.974 6.604 7.013 7.161 7.133 7.032 6.919 6.821 6.727 6.628 6.492 6.287 5.978 5.546 4.998 4.336 3.656 3.063 2.552 2.115 1.746 1.433 1.169 0.950 0.769 0.621 0.501
0.000 0.000 0.000 0.000 0.000 0.000 0.000 0.001 0.003 0.006 0.011 0.020 0.033 0.051 0.072 0.097 0.126 0.160 0.198 0.240 0.287 0.349 0.429 0.499 0.533 0.542 0.542 0.541 0.537 0.531 0.519 0.497 0.463 0.441 0.436 0.448 0.488 0.559 0.649 0.754 0.898 1.166 1.663 2.439 3.368 4.186 4.894 5.590 6.271 6.895 7.389 7.679 7.758 7.675 7.493 7.318 7.188 7.055 6.927 6.795 6.630 6.399 6.067 5.609 5.038 4.357 3.682 3.095 2.587 2.153 1.781 1.462 1.194 0.970 0.785 0.635 0.512
0.000 0.000 0.000 0.000 0.000 0.000 0.000 0.002 0.005 0.010 0.019 0.032 0.051 0.077 0.110 0.148 0.193 0.246 0.308 0.378 0.458 0.548 0.631 0.679 0.694 0.695 0.694 0.691 0.685 0.674 0.656 0.626 0.582 0.553 0.547 0.558 0.603 0.701 0.862 1.094 1.471 2.132 3.122 4.274 5.329 6.152 6.793 7.328 7.786 8.152 8.393 8.458 8.366 8.114 7.782 7.547 7.385 7.238 7.091 6.935 6.746 6.488 6.127 5.641 5.049 4.363 3.697 3.115 2.611 2.174 1.798 1.477 1.207 0.981 0.795 0.642 0.517
0.000 0.000 0.000 0.000 0.000 0.000 0.000 0.002 0.006 0.013 0.023 0.039 0.064 0.098 0.144 0.202 0.273 0.355 0.449 0.554 0.663 0.765 0.835 0.868 0.877 0.878 0.877 0.872 0.862 0.846 0.819 0.779 0.722 0.672 0.649 0.652 0.694 0.810 1.049 1.477 2.234 3.463 5.006 6.310 7.268 7.958 8.422 8.749 8.990 9.132 9.174 9.085 8.853 8.465 8.039 7.737 7.528 7.381 7.230 7.065 6.849 6.558 6.163 5.654 5.044 4.361 3.700 3.122 2.617 2.179 1.802 1.481 1.211 0.986 0.799 0.645 0.519
0.000 0.000 0.000 0.000 0.000 0.000 0.000 0.002 0.006 0.013 0.025 0.043 0.070 0.111 0.168 0.244 0.343 0.469 0.620 0.770 0.898 0.998 1.059 1.087 1.096 1.098 1.096 1.089 1.075 1.050 1.013 0.959 0.881 0.797 0.744 0.735 0.765 0.880 1.154 1.706 2.778 4.561 6.582 8.001 8.921 9.481 9.760 9.904 9.961 9.949 9.813 9.580 9.223 8.752 8.279 7.918 7.662 7.498 7.350 7.170 6.935 6.611 6.177 5.650 5.028 4.345 3.691 3.115 2.611 2.173 1.796 1.476 1.207 0.983 0.798 0.644 0.518
0.000 0.000 0.000 0.000 0.000 0.000 0.000 0.002 0.006 0.013 0.025 0.043 0.073 0.117 0.181 0.269 0.389 0.551 0.768 0.996 1.156 1.261 1.323 1.353 1.363 1.364 1.360 1.349 1.327 1.293 1.242 1.167 1.061 0.932 0.840 0.810 0.824 0.922 1.192 1.788 3.048 5.260 7.742 9.368 10.291 10.710 10.817 10.829 10.739 10.571 10.286 9.940 9.506 9.002 8.512 8.114 7.824 7.625 7.461 7.260 6.994 6.634 6.172 5.631 4.995 4.303 3.653 3.080 2.581 2.146 1.773 1.456 1.191 0.970 0.789 0.637 0.513
0.000 0.000 0.000 0.000 0.000 0.000 0.000 0.002 0.006 0.012 0.023 0.042 0.072 0.119 0.185 0.279 0.410 0.594 0.852 1.179 1.431 1.569 1.645 1.679 1.689 1.689 1.680 1.660 1.627 1.575 1.504 1.406 1.268 1.086 0.944 0.880 0.878 0.950 1.197 1.793 3.118 5.582 8.533 10.431 11.365 11.657 11.646 11.538 11.310 10.977 10.592 10.183 9.725 9.229 8.743 8.329 8.014 7.783 7.571 7.328 7.013 6.630 6.142 5.573 4.911 4.211 3.572 3.012 2.521 2.095 1.730 1.421 1.163 0.948 0.773 0.626 0.504
0.000 0.000 0.000 0.000 0.000 0.000 0.000 0.001 0.004 0.009 0.019 0.036 0.066 0.114 0.183 0.279 0.414 0.606 0.882 1.276 1.698 1.943 2.041 2.079 2.087 2.083 2.065 2.030 1.977 1.905 1.809 1.683 1.509 1.272 1.064 0.954 0.929 0.974 1.189 1.765 3.091 5.638 8.946 11.149 12.119 12.307 12.235 12.015 11.643 11.190 10.752 10.326 9.884 9.430 8.967 8.543 8.203 7.922 7.657 7.364 7.005 6.582 6.059 5.460 4.766 4.073 3.450 2.906 2.432 2.020 1.669 1.374 1.127 0.922 0.753 0.611 0.492
0.000 0.000 0.000 0.000 0.000 0.000 0.000 0.001 0.002 0.005 0.011 0.024 0.050 0.095 0.165 0.264 0.404 0.599 0.881 1.288 1.841 2.318 2.532 2.571 2.571 2.555 2.521 2.464 2.385 2.287 2.164 2.007 1.791 1.500 1.216 1.041 0.984 1.005 1.178 1.705 2.985 5.536 9.029 11.463 12.576 12.731 12.585 12.259 11.779 11.268 10.810 10.393 9.990 9.582 9.159 8.736 8.364 8.039 7.731 7.385 6.974 6.488 5.920 5.275 4.552 3.882 3.289 2.768 2.315 1.926 1.596 1.320 1.090 0.897 0.734 0.598 0.483
0.000 0.000 0.000 0.000 0.000 0.000 0.000 0.000 0.001 0.002 0.004 0.010 0.025 0.057 0.115 0.208 0.342 0.533 0.810 1.222 1.812 2.521 3.001 3.147 3.143 3.108 3.050 2.967 2.860 2.731 2.577 2.382 2.125 1.783 1.420 1.169 1.062 1.060 1.193 1.651 2.805 5.243 8.829 11.463 12.745 12.951 12.740 12.335 11.802 11.273 10.816 10.412 10.031 9.669 9.296 8.901 8.508 8.143 7.788 7.398 6.944 6.406 5.779 5.070 4.334 3.681 3.109 2.614 2.191 1.831 1.527 1.272 1.057 0.876 0.719 0.588 0.477
0.000 0.000 0.000 0.000 0.000 0.000 0.000 0.000 0.000 0.001 0.001 0.003 0.008 0.021 0.050 0.107 0.204 0.353 0.588 0.970 1.587 2.476 3.290 3.686 3.747 3.716 3.644 3.537 3.402 3.243 3.053 2.820 2.522 2.140 1.707 1.378 1.204 1.170 1.260 1.661 2.666 4.831 8.331 11.204 12.674 12.982 12.778 12.336 11.770 11.230 10.780 10.396 10.039 9.708 9.375 9.021 8.632 8.228 7.828 7.408 6.920 6.347 5.680 4.932 4.194 3.542 2.977 2.495 2.089 1.749 1.466 1.228 1.026 0.855 0.706 0.580 0.474
0.000 0.000 0.000 0.000 0.000 0.000 0.000 0.000 0.000 0.000 0.000 0.001 0.002 0.006 0.016 0.037 0.078 0.148 0.277 0.549 1.128 2.173 3.383 4.082 4.280 4.280 4.236 4.141 3.997 3.814 3.595 3.331 3.001 2.590 2.111 1.717 1.469 1.386 1.431 1.752 2.627 4.477 7.665 10.661 12.285 12.766 12.658 12.256 11.672 11.109 10.661 10.312 10.002 9.702 9.409 9.085 8.717 8.312 7.881 7.422 6.898 6.302 5.624 4.868 4.128 3.468 2.897 2.412 2.009 1.677 1.406 1.182 0.994 0.834 0.696 0.577 0.475
0.000 0.000 0.000 0.000 0.000 0.000 0.000 0.000 0.000 0.000 0.000 0.000 0.001 0.003 0.006 0.014 0.029 0.055 0.110 0.252 0.656 1.657 3.189 4.270 4.697 4.771 4.758 4.702 4.597 4.434 4.206 3.922 3.576 3.154 2.659 2.226 1.919 1.777 1.775 2.004 2.744 4.282 6.942 9.831 11.546 12.212 12.256 11.995 11.473 10.877 10.415 10.079 9.849 9.629 9.394 9.100 8.761 8.374 7.936 7.444 6.891 6.279 5.605 4.854 4.112 3.442 2.858 2.361 1.950 1.616 1.347 1.133 0.958 0.812 0.688 0.578 0.480
0.000 0.000 0.000 0.000 0.000 0.000 0.000 0.000 0.000 0.000 0.000 0.000 0.001 0.002 0.005 0.010 0.019 0.034 0.064 0.141 0.395 1.181 2.747 4.196 4.915 5.167 5.228 5.223 5.174 5.066 4.875 4.600 4.258 3.848 3.371 2.941 2.615 2.428 2.388 2.536 3.101 4.292 6.291 8.777 10.474 11.296 11.498 11.399 11.060 10.512 9.994 9.632 9.443 9.330 9.224 9.040 8.770 8.401 7.972 7.473 6.901 6.275 5.603 4.860 4.114 3.441 2.847 2.334 1.909 1.564 1.290 1.076 0.912 0.785 0.679 0.581 0.486
0.000 0.000 0.000 0.000 0.000 0.000 0.000 0.000 0.000 0.000 0.000 0.000 0.001 0.003 0.006 0.011 0.020 0.034 0.061 0.122 0.295 0.858 2.183 3.874 4.930 5.423 5.621 5.695 5.711 5.670 5.563 5.360 5.061 4.689 4.261 3.878 3.586 3.402 3.339 3.412 3.765 4.569 5.962 7.878 9.370 10.188 10.456 10.455 10.319 9.947 9.417 8.969 8.756 8.727 8.765 8.765 8.668 8.393 7.980 7.483 6.916 6.293 5.618 4.887 4.135 3.454 2.851 2.328 1.885 1.525 1.238 1.017 0.856 0.743 0.654 0.566 0.469
0.000 0.000 0.000 0.000 0.000 0.000 0.000 0.000 0.000 0.000 0.000 0.000 0.002 0.005 0.010 0.018 0.030 0.047 0.076 0.137 0.285 0.688 1.657 3.277 4.709 5.507 5.886 6.095 6.209 6.241 6.204 6.092 5.900 5.634 5.307 5.006 4.790 4.664 4.609 4.612 4.750 5.179 6.048 7.353 8.541 9.233 9.480 9.505 9.455 9.243 8.834 8.331 8.002 7.940 8.053 8.224 8.315 8.218 7.909 7.460 6.922 6.323 5.666 4.952 4.182 3.485 2.872 2.337 1.878 1.497 1.191 0.956 0.786 0.665 0.567 0.468 0.352
0.000 0.000 0.000 0.000 0.000 0.000 0.000 0.000 0.000 0.000 0.000 0.001 0.004 0.010 0.021 0.037 0.058 0.086 0.127 0.195 0.331 0.642 1.335 2.603 4.213 5.379 5.997 6.365 6.611 6.739 6.774 6.738 6.640 6.487 6.278 6.062 5.907 5.819 5.795 5.803 5.861 6.041 6.439 7.177 8.036 8.574 8.792 8.833 8.814 8.681 8.378 7.908 7.495 7.296 7.309 7.486 7.702 7.761 7.636 7.328 6.876 6.324 5.701 5.001 4.214 3.501 2.891 2.355 1.884 1.476 1.144 0.886 0.682 0.515 0.373 0.251 0.150
0.000 0.000 0.000 0.000 0.000 0.000 0.000 0.000 0.000 0.000 0.001 0.003 0.008 0.021 0.044 0.078 0.120 0.171 0.232 0.317 0.452 0.706 1.212 2.144 3.608 5.047 5.942 6.495 6.906 7.169 7.289 7.313 7.285 7.213 7.090 6.929 6.802 6.711 6.673 6.675 6.704 6.787 6.971 7.326 7.829 8.186 8.352 8.386 8.373 8.275 8.037 7.630 7.189 6.891 6.772 6.806 6.948 7.056 7.061 6.932 6.620 6.158 5.586 4.918 4.167 3.468 2.868 2.342 1.867 1.433 1.058 0.750 0.497 0.299 0.168 0.090 0.046
0.000 0.000 0.000 0.000 0.000 0.000 0.000 0.000 0.000 0.000 0.002 0.005 0.016 0.043 0.091 0.160 0.239 0.321 0.410 0.517 0.660 0.874 1.260 1.973 3.160 4.638 5.735 6.475 7.045 7.467 7.710 7.812 7.832 7.812 7.731 7.611 7.485 7.384 7.328 7.299 7.288 7.305 7.380 7.535 7.783 7.979 8.083 8.108 8.085 7.981 7.761 7.398 6.968 6.636 6.424 6.312 6.269 6.267 6.253 6.194 5.989 5.614 5.083 4.451 3.786 3.161 2.598 2.094 1.627 1.187 0.793 0.473 0.251 0.125 0.062 0.030 0.015
0.000 0.000 0.000 0.000 0.000 0.000 0.000 0.000 0.000 0.001 0.003 0.010 0.032 0.087 0.181 0.306 0.431 0.551 0.675 0.811 0.968 1.163 1.455 2.006 2.968 4.296 5.458 6.348 7.072 7.634 8.024 8.227 8.284 8.288 8.228 8.145 8.012 7.914 7.822 7.725 7.656 7.624 7.632 7.687 7.799 7.887 7.920 7.917 7.867 7.739 7.518 7.177 6.763 6.419 6.156 5.941 5.756 5.589 5.423 5.255 5.032 4.673 4.156 3.540 2.945 2.392 1.876 1.405 0.988 0.632 0.359 0.182 0.086 0.041 0.021 0.011 0.006
0.000 0.000 0.000 0.000 0.000 0.000 0.000 0.000 0.000 0.001 0.005 0.020 0.064 0.166 0.331 0.527 0.702 0.870 1.040 1.215 1.397 1.594 1.835 2.238 3.000 4.120 5.265 6.225 7.033 7.693 8.181 8.491 8.610 8.626 8.589 8.526 8.405 8.299 8.180 8.050 7.899 7.798 7.765 7.770 7.802 7.825 7.799 7.750 7.671 7.518 7.284 6.948 6.547 6.192 5.890 5.616 5.338 5.040 4.711 4.335 3.923 3.453 2.893 2.291 1.749 1.289 0.903 0.589 0.355 0.196 0.100 0.048 0.024 0.013 0.007 0.004 0.003
0.000 0.000 0.000 0.000 0.000 0.000 0.000 0.000 0.000 0.001 0.007 0.032 0.109 0.279 0.538 0.815 1.049 1.283 1.514 1.737 1.954 2.172 2.403 2.716 3.259 4.130 5.195 6.170 7.003 7.706 8.247 8.629 8.818 8.859 8.839 8.783 8.691 8.601 8.459 8.276 8.043 7.883 7.806 7.789 7.794 7.780 7.718 7.616 7.482 7.301 7.043 6.715 6.325 5.947 5.613 5.292 4.946 4.535 4.041 3.455 2.828 2.237 1.698 1.228 0.838 0.537 0.321 0.179 0.094 0.047 0.024 0.012 0.007 0.005 0.003 0.002 0.001
0.000 0.000 0.000 0.000 0.000 0.000 0.000 0.000 0.000 0.001 0.008 0.035 0.130 0.354 0.706 1.114 1.465 1.789 2.099 2.383 2.644 2.890 3.136 3.413 3.801 4.404 5.255 6.186 7.017 7.725 8.282 8.689 8.920 8.999 8.993 8.962 8.886 8.788 8.628 8.407 8.126 7.912 7.799 7.771 7.748 7.708 7.619 7.474 7.276 7.053 6.786 6.454 6.057 5.609 5.168 4.758 4.322 3.794 3.137 2.389 1.708 1.200 0.821 0.533 0.322 0.179 0.093 0.046 0.022 0.011 0.006 0.004 0.003 0.002 0.001 0.001 0.001
0.000 0.000 0.000 0.000 0.000 0.000 0.000 0.000 0.000 0.001 0.007 0.033 0.130 0.379 0.799 1.336 1.889 2.379 2.797 3.163 3.478 3.757 4.018 4.284 4.586 4.994 5.582 6.339 7.112 7.781 8.331 8.741 8.978 9.080 9.085 9.075 9.008 8.899 8.737 8.500 8.188 7.929 7.770 7.692 7.632 7.571 7.462 7.284 7.027 6.717 6.374 5.980 5.499 4.889 4.211 3.596 2.986 2.342 1.678 1.117 0.731 0.470 0.293 0.175 0.098 0.050 0.023 0.011 0.005 0.003 0.002 0.001 0.001 0.001 0.001 0.001 0.000
0.000 0.000 0.000 0.000 0.000 0.000 0.000 0.000 0.000 0.001 0.006 0.028 0.119 0.373 0.841 1.489 2.237 2.986 3.607 4.092 4.475 4.790 5.059 5.310 5.561 5.848 6.222 6.734 7.360 7.956 8.437 8.804 9.046 9.154 9.162 9.132 9.061 8.941 8.765 8.527 8.222 7.918 7.691 7.532 7.403 7.281 7.136 6.927 6.626 6.231 5.742 5.169 4.484 3.613 2.704 1.970 1.386 0.914 0.563 0.338 0.204 0.124 0.076 0.046 0.025 0.012 0.005 0.002 0.001 0.001 0.001 0.001 0.000 0.000 0.000 0.000 0.000
0.000 0.000 0.000 0.000 0.000 0.000 0.000 0.000 0.001 0.001 0.004 0.021 0.095 0.343 0.849 1.602 2.504 3.487 4.372 5.078 5.604 5.990 6.273 6.507 6.708 6.884 7.092 7.389 7.800 8.257 8.636 8.921 9.106 9.198 9.219 9.176 9.091 8.955 8.772 8.528 8.221 7.881 7.570 7.299 7.072 6.840 6.598 6.321 5.962 5.485 4.879 4.128 3.229 2.280 1.487 0.906 0.516 0.276 0.144 0.078 0.045 0.027 0.017 0.010 0.005 0.002 0.001 0.001 0.000 0.000 0.000 0.000 0.000 0.000 0.000 0.000 0.000
0.000 0.000 0.000 0.000 0.001 0.001 0.001 0.002 0.002 0.002 0.004 0.016 0.075 0.300 0.832 1.680 2.716 3.853 4.959 5.903 6.629 7.151 7.495 7.745 7.927 8.051 8.152 8.266 8.453 8.704 8.936 9.111 9.205 9.249 9.228 9.168 9.073 8.927 8.734 8.496 8.190 7.822 7.426 7.021 6.662 6.299 5.919 5.501 5.024 4.443 3.746 2.943 2.096 1.336 0.762 0.391 0.184 0.083 0.037 0.017 0.009 0.005 0.003 0.002 0.001 0.001 0.000 0.000 0.000 0.000 0.000 0.000 0.000 0.000 0.000 0.000 0.000
0.000 0.000 0.001 0.001 0.002 0.002 0.002 0.002 0.002 0.002 0.004 0.015 0.068 0.283 0.831 1.742 2.877 4.086 5.327 6.491 7.432 8.111 8.550 8.848 9.026 9.121 9.170 9.205 9.251 9.294 9.325 9.331 9.294 9.252 9.191 9.127 9.016 8.853 8.645 8.390 8.075 7.687 7.231 6.709 6.201 5.700 5.199 4.668 4.093 3.446 2.721 1.960 1.269 0.723 0.359 0.159 0.065 0.025 0.010 0.004 0.002 0.001 0.001 0.000 0.000 0.000 0.000 0.000 0.000 0.000 0.000 0.000 0.000 0.000 0.000 0.000 0.000
0.001 0.001 0.002 0.003 0.003 0.003 0.003 0.003 0.003 0.003 0.004 0.015 0.069 0.293 0.870 1.828 2.999 4.206 5.483 6.813 7.963 8.838 9.405 9.764 9.939 10.013 10.040 10.010 9.937 9.821 9.681 9.510 9.321 9.164 9.026 8.918 8.793 8.645 8.449 8.201 7.878 7.469 6.973 6.381 5.753 5.148 4.562 3.963 3.336 2.661 1.951 1.281 0.739 0.368 0.159 0.062 0.023 0.008 0.003 0.001 0.001 0.000 0.000 0.000 0.000 0.000 0.000 0.000 0.000 0.000 0.000 0.000 0.000 0.000 0.000 0.000 0.000
0.003 0.003 0.004 0.004 0.004 0.004 0.004 0.003 0.003 0.003 0.005 0.017 0.078 0.341 0.972 1.946 3.070 4.237 5.513 6.920 8.267 9.341 10.060 10.490 10.673 10.728 10.729 10.640 10.460 10.203 9.917 9.608 9.277 8.962 8.685 8.485 8.333 8.194 8.032 7.813 7.510 7.129 6.628 6.001 5.302 4.616 3.973 3.338 2.687 2.011 1.360 0.809 0.410 0.176 0.066 0.023 0.007 0.002 0.001 0.000 0.000 0.000 0.000 0.000 0.000 0.000 0.000 0.000 0.000 0.000 0.000 0.000 0.000 0.000 0.000 0.000 0.000
0.006 0.006 0.006 0.006 0.005 0.005 0.004 0.004 0.004 0.004 0.007 0.023 0.106 0.423 1.094 2.037 3.085 4.228 5.503 6.916 8.369 9.592 10.466 10.975 11.186 11.222 11.183 11.040 10.791 10.441 10.027 9.588 9.120 8.628 8.186 7.860 7.627 7.444 7.288 7.088 6.833 6.516 6.081 5.498 4.804 4.082 3.400 2.747 2.094 1.450 0.886 0.464 0.202 0.075 0.025 0.008 0.002 0.001 0.000 0.000 0.000 0.000 0.000 0.000 0.000 0.000 0.000 0.000 0.000 0.000 0.000 0.000 0.000 0.000 0.000 0.000 0.000
0.008 0.008 0.008 0.007 0.006 0.005 0.005 0.005 0.005 0.006 0.010 0.029 0.125 0.470 1.150 2.059 3.058 4.170 5.429 6.847 8.336 9.643 10.622 11.189 11.442 11.472 11.411 11.227 10.924 10.532 10.037 9.468 8.835 8.158 7.542 7.053 6.693 6.433 6.229 6.019 5.806 5.575 5.268 4.814 4.213 3.526 2.814 2.138 1.496 0.929 0.496 0.220 0.081 0.026 0.008 0.002 0.001 0.000 0.000 0.000 0.000 0.000 0.000 0.000 0.000 0.000 0.000 0.000 0.000 0.000 0.000 0.000 0.000 0.000 0.000 0.000 0.000
