RESULTS/r.avaflow_results/33_results/33_ascii/33_hflow_max0027.asc
ncols 506
nrows 317
xllcenter 498237.50
yllcenter 5580050.00
cellsize 12.50
NODATA_value -9999.000
[rows 170 to 203 of 317, columns 77 to 153 of 506]
0.000 0.000 0.000 0.000 0.000 0.000 0.000 0.000 0.000 0.000 0.000 0.000 0.000 0.001 0.002 0.003 0.004 0.006 0.008 0.010 0.012 0.018 0.031 0.057 0.091 0.115 0.129 0.140 0.151 0.161 0.173 0.185 0.199 0.216 0.244 0.290 0.356 0.403 0.432 0.471 0.538 0.657 0.823 0.959 1.058 1.186 1.330 1.455 1.599 2.094 2.825 3.873 4.988 5.824 6.688 8.694 11.714 15.826 20.323 24.200 27.114 28.777 29.333 28.986 28.381 27.704 26.606 25.238 23.821 22.393 20.736 18.962 17.469 16.770 16.303 15.888 15.513
0.000 0.000 0.000 0.000 0.000 0.000 0.000 0.000 0.000 0.000 0.000 0.000 0.001 0.002 0.004 0.007 0.011 0.015 0.020 0.026 0.034 0.050 0.077 0.115 0.150 0.172 0.186 0.199 0.212 0.225 0.239 0.256 0.275 0.301 0.343 0.408 0.497 0.562 0.599 0.649 0.742 0.906 1.140 1.358 1.562 1.832 2.126 2.436 3.036 3.808 4.649 5.494 6.184 6.777 7.823 10.349 13.415 18.117 22.666 26.593 29.287 30.567 30.685 29.781 28.871 28.052 26.904 25.387 23.789 22.213 20.732 19.796 19.272 18.866 18.549 18.444 18.524
0.000 0.000 0.000 0.000 0.000 0.000 0.000 0.000 0.000 0.000 0.000 0.001 0.003 0.006 0.010 0.015 0.022 0.032 0.043 0.057 0.077 0.108 0.153 0.195 0.224 0.243 0.259 0.275 0.291 0.308 0.327 0.348 0.375 0.411 0.467 0.551 0.661 0.758 0.822 0.890 1.021 1.243 1.558 1.901 2.260 2.732 3.257 4.010 4.828 5.570 6.206 6.680 7.117 7.621 8.468 10.901 13.790 18.742 23.567 27.364 30.005 31.315 31.255 30.159 29.173 28.057 26.785 25.279 23.844 22.807 22.033 21.398 20.818 20.321 20.119 20.442 21.201
0.000 0.000 0.000 0.000 0.000 0.000 0.000 0.000 0.000 0.000 0.001 0.003 0.006 0.011 0.018 0.027 0.040 0.057 0.079 0.107 0.145 0.197 0.251 0.289 0.315 0.335 0.354 0.373 0.393 0.415 0.439 0.466 0.501 0.550 0.620 0.721 0.852 0.993 1.117 1.237 1.418 1.727 2.133 2.641 3.200 4.033 4.874 5.842 6.826 7.623 8.207 8.465 8.569 8.633 9.101 10.953 13.422 18.224 23.326 26.942 29.600 31.120 31.223 30.217 29.084 27.827 26.512 25.408 24.594 23.830 23.077 22.353 21.713 21.302 21.342 22.053 23.197
0.000 0.000 0.000 0.000 0.000 0.000 0.000 0.000 0.000 0.000 0.002 0.005 0.011 0.018 0.029 0.045 0.066 0.093 0.130 0.177 0.239 0.307 0.363 0.400 0.428 0.452 0.476 0.499 0.524 0.550 0.579 0.614 0.658 0.718 0.805 0.925 1.085 1.282 1.497 1.726 1.991 2.389 2.947 3.778 4.723 5.623 6.755 7.783 8.614 9.228 9.653 9.831 9.767 9.487 9.493 10.788 13.068 16.848 22.059 25.893 28.368 30.010 30.649 29.945 28.656 27.496 26.419 25.712 24.982 24.236 23.489 22.762 22.097 21.841 22.163 22.941 24.018
0.000 0.000 0.000 0.000 0.000 0.000 0.000 0.000 0.000 0.001 0.003 0.008 0.015 0.027 0.045 0.069 0.100 0.143 0.199 0.271 0.359 0.438 0.497 0.539 0.572 0.602 0.631 0.659 0.689 0.720 0.755 0.795 0.847 0.919 1.023 1.172 1.377 1.646 1.977 2.365 2.829 3.480 4.402 5.417 6.297 7.431 8.481 9.361 10.074 10.486 10.701 10.766 10.652 10.262 9.884 10.756 12.583 15.877 20.463 24.568 26.940 28.577 29.476 29.249 28.001 27.044 26.247 25.680 25.018 24.256 23.467 22.721 22.094 21.767 22.177 22.937 23.920
0.000 0.000 0.000 0.000 0.000 0.000 0.000 0.000 0.000 0.001 0.003 0.009 0.018 0.033 0.057 0.091 0.141 0.207 0.291 0.396 0.509 0.600 0.667 0.718 0.758 0.793 0.827 0.861 0.895 0.931 0.970 1.015 1.073 1.186 1.317 1.460 1.727 2.084 2.532 3.071 3.745 4.690 5.909 6.939 7.706 8.969 9.954 10.712 11.259 11.512 11.627 11.522 11.325 10.954 10.384 10.762 12.152 15.030 19.105 23.345 25.741 27.146 28.136 28.199 27.213 26.159 25.445 24.893 24.266 23.510 22.665 21.859 21.255 21.047 21.388 22.108 23.005
0.000 0.000 0.000 0.000 0.000 0.000 0.000 0.000 0.000 0.001 0.003 0.009 0.019 0.036 0.063 0.104 0.169 0.264 0.397 0.559 0.700 0.810 0.891 0.951 0.998 1.038 1.075 1.112 1.148 1.187 1.432 1.588 1.684 1.758 1.817 1.868 2.055 2.480 3.026 3.694 4.505 5.688 7.143 8.190 9.036 10.254 11.213 11.893 12.276 12.437 12.501 12.255 11.898 11.505 10.872 10.828 11.950 14.471 18.029 22.056 24.428 25.798 26.712 26.871 25.966 24.588 23.683 23.050 22.364 21.566 20.650 19.751 19.098 18.961 19.424 20.371 21.475
0.000 0.000 0.000 0.000 0.000 0.000 0.000 0.000 0.000 0.001 0.003 0.009 0.019 0.036 0.064 0.108 0.180 0.294 0.472 0.723 0.943 1.083 1.183 1.254 1.306 1.347 1.384 1.421 1.545 1.942 2.219 2.350 2.375 2.328 2.276 2.260 2.361 2.839 3.476 4.274 5.233 6.445 8.067 9.154 10.230 11.413 12.301 12.891 13.188 13.287 13.279 13.025 12.458 11.980 11.348 10.962 11.843 14.087 17.112 20.491 22.580 24.148 24.804 24.879 23.974 22.305 21.199 20.398 19.584 18.672 17.681 16.757 16.254 16.276 16.951 18.171 19.633
0.000 0.000 0.000 0.000 0.000 0.000 0.000 0.000 0.000 0.000 0.003 0.007 0.017 0.034 0.061 0.106 0.180 0.299 0.496 0.808 1.190 1.438 1.560 1.640 1.693 1.732 1.765 1.838 2.435 2.872 3.071 3.107 3.032 2.880 2.729 2.660 2.649 3.151 3.862 4.783 5.905 7.097 8.666 9.806 11.359 12.430 13.159 13.637 13.910 13.953 13.866 13.622 13.094 12.465 11.724 11.024 11.683 13.590 16.169 18.603 20.564 21.803 22.283 22.091 21.137 19.478 18.251 17.356 16.469 15.525 14.612 13.952 13.816 14.179 15.089 16.413 18.059
0.000 0.000 0.000 0.000 0.000 0.000 0.000 0.000 0.000 0.000 0.001 0.005 0.012 0.025 0.050 0.092 0.162 0.279 0.479 0.808 1.318 1.800 2.033 2.120 2.170 2.203 2.228 2.804 3.502 3.837 3.919 3.859 3.686 3.431 3.198 3.079 3.056 3.386 4.130 5.143 6.425 7.665 8.979 10.734 12.450 13.320 13.841 14.164 14.352 14.350 14.230 14.002 13.592 12.903 12.099 11.105 11.412 12.814 14.759 16.595 18.263 19.038 19.246 18.776 17.698 16.259 14.994 14.142 13.402 12.645 11.962 11.636 11.749 12.390 13.457 14.795 16.344
0.000 0.000 0.000 0.000 0.000 0.000 0.000 0.000 0.000 0.000 0.001 0.002 0.005 0.013 0.028 0.056 0.109 0.206 0.387 0.718 1.272 2.007 2.500 2.687 2.744 2.765 2.778 3.688 4.424 4.703 4.732 4.610 4.353 4.029 3.768 3.608 3.550 3.578 4.310 5.366 6.754 8.062 9.260 11.535 13.330 14.044 14.330 14.441 14.559 14.517 14.431 14.229 13.871 13.235 12.364 11.336 11.011 11.870 13.155 14.569 15.789 16.237 16.069 15.234 13.979 12.717 11.734 11.041 10.522 10.003 9.688 9.643 9.974 10.758 11.873 13.145 14.533
0.000 0.000 0.000 0.000 0.000 0.000 0.000 0.000 0.000 0.000 0.000 0.001 0.002 0.005 0.011 0.025 0.053 0.106 0.215 0.499 1.077 2.004 2.834 3.224 3.370 3.416 3.416 4.386 5.223 5.526 5.528 5.385 5.095 4.765 4.518 4.337 4.228 4.197 4.479 5.511 6.927 8.325 9.709 12.043 13.844 14.530 14.653 14.673 14.632 14.565 14.513 14.294 13.900 13.269 12.390 11.322 10.491 10.786 11.570 12.375 13.324 13.483 12.960 11.962 10.690 9.527 8.910 8.328 7.929 7.682 7.651 7.862 8.381 9.200 10.201 11.307 12.462
0.000 0.000 0.000 0.000 0.000 0.000 0.000 0.000 0.000 0.000 0.000 0.000 0.001 0.001 0.004 0.009 0.019 0.040 0.091 0.269 0.776 1.795 2.984 3.628 3.907 4.047 4.101 5.021 5.943 6.340 6.374 6.225 5.982 5.690 5.449 5.293 5.168 5.098 5.100 5.643 7.006 8.425 10.052 12.310 13.976 14.703 14.824 14.749 14.662 14.571 14.376 14.104 13.625 13.027 12.178 11.155 10.085 9.928 10.177 10.582 10.733 10.827 10.279 9.235 7.986 7.321 6.705 6.133 5.766 5.628 5.740 6.160 6.841 7.590 8.415 9.357 10.370
0.000 0.000 0.000 0.000 0.000 0.000 0.000 0.000 0.000 0.000 0.000 0.000 0.000 0.001 0.002 0.005 0.009 0.019 0.046 0.148 0.513 1.454 2.876 3.834 4.298 4.559 4.739 5.616 6.696 7.237 7.337 7.180 7.020 6.827 6.599 6.485 6.409 6.356 6.356 6.427 7.074 8.439 10.268 12.417 13.906 14.645 14.823 14.807 14.637 14.343 14.063 13.491 12.946 12.395 11.652 10.773 9.824 9.431 9.232 9.204 8.929 8.558 8.024 7.064 6.329 5.665 5.029 4.441 4.052 3.898 3.952 4.335 5.031 5.790 6.591 7.523 8.530
0.000 0.000 0.000 0.000 0.000 0.000 0.000 0.000 0.000 0.000 0.000 0.000 0.001 0.002 0.005 0.008 0.012 0.018 0.039 0.106 0.356 1.111 2.538 3.829 4.523 4.927 5.245 6.162 7.414 8.207 8.489 8.402 8.160 8.046 7.942 7.911 7.912 7.965 8.045 8.102 8.227 8.714 10.345 12.337 13.649 14.329 14.651 14.617 14.349 13.918 13.308 12.517 11.761 11.226 10.662 10.053 9.602 9.107 8.652 8.285 7.791 7.111 6.415 5.730 5.072 4.407 3.766 3.212 2.983 2.846 2.795 2.860 3.152 3.836 4.823 5.868 7.064
0.000 0.000 0.000 0.000 0.000 0.000 0.000 0.000 0.000 0.000 0.000 0.001 0.002 0.005 0.010 0.016 0.023 0.031 0.046 0.105 0.286 0.837 2.041 3.595 4.587 5.151 5.556 6.581 8.017 9.114 9.645 9.716 9.479 9.234 9.191 9.219 9.319 9.432 9.512 9.552 9.573 9.736 10.418 12.081 13.199 13.836 14.127 14.077 13.737 13.164 12.369 11.510 10.609 9.924 9.701 9.509 9.226 8.804 8.262 7.688 7.019 6.236 5.491 4.795 4.137 3.502 3.058 2.714 2.430 2.217 2.064 1.983 2.044 2.524 3.486 4.532 5.777
0.000 0.000 0.000 0.000 0.000 0.000 0.000 0.000 0.000 0.000 0.000 0.002 0.005 0.011 0.020 0.031 0.045 0.060 0.085 0.198 0.397 0.692 1.577 3.077 4.439 5.237 5.774 6.862 8.354 9.749 10.585 10.866 10.722 10.564 10.418 10.481 10.583 10.673 10.740 10.756 10.685 10.551 10.508 11.784 12.653 13.210 13.408 13.249 12.912 12.316 11.623 10.768 9.710 8.944 8.627 8.587 8.544 8.334 7.862 7.236 6.490 5.639 4.863 4.143 3.525 3.058 2.646 2.285 1.969 1.710 1.498 1.320 1.202 1.359 1.895 2.864 3.553
0.000 0.000 0.000 0.000 0.000 0.000 0.000 0.000 0.000 0.000 0.001 0.004 0.010 0.022 0.041 0.065 0.090 0.118 0.182 0.404 0.758 1.182 1.596 2.505 4.050 5.159 5.872 7.017 8.537 10.030 11.157 11.758 11.830 11.676 11.619 11.584 11.642 11.663 11.700 11.664 11.500 11.056 10.727 11.435 12.067 12.503 12.558 12.437 12.095 11.601 10.983 10.122 9.074 8.165 7.530 7.529 7.601 7.577 7.304 6.768 6.044 5.213 4.449 3.783 3.202 2.701 2.273 1.901 1.578 1.302 1.059 0.829 0.628 0.570 0.720 1.130 1.341
0.000 0.000 0.000 0.000 0.000 0.000 0.000 0.000 0.000 0.001 0.002 0.008 0.021 0.046 0.086 0.132 0.176 0.221 0.364 0.771 1.360 1.860 2.243 2.604 3.579 4.928 5.833 7.011 8.544 10.149 11.396 12.213 12.588 12.590 12.480 12.495 12.481 12.411 12.424 12.380 12.082 11.573 11.007 11.048 11.558 11.890 11.884 11.725 11.451 11.011 10.392 9.568 8.558 7.560 6.755 6.665 6.621 6.571 6.423 6.068 5.502 4.784 4.064 3.422 2.849 2.341 1.907 1.537 1.216 0.940 0.695 0.478 0.309 0.213 0.219 0.316 0.358
0.000 0.000 0.000 0.000 0.000 0.000 0.000 0.000 0.000 0.001 0.005 0.015 0.042 0.095 0.178 0.257 0.327 0.421 0.671 1.358 2.166 2.693 3.018 3.323 3.733 4.617 5.682 6.842 8.472 10.068 11.476 12.431 12.904 13.107 13.060 12.904 12.819 12.771 12.778 12.702 12.467 11.907 11.119 10.652 11.072 11.318 11.332 11.185 10.918 10.506 9.872 9.078 8.096 7.039 6.216 5.966 5.745 5.530 5.311 5.036 4.622 4.041 3.373 2.782 2.272 1.817 1.420 1.083 0.797 0.557 0.368 0.223 0.130 0.083 0.072 0.082 0.088
0.000 0.000 0.000 0.000 0.000 0.000 0.000 0.000 0.000 0.002 0.009 0.030 0.082 0.187 0.338 0.467 0.589 0.746 1.129 2.157 3.109 3.641 3.955 4.236 4.669 5.369 5.973 6.559 8.274 9.874 11.392 12.483 13.014 13.205 13.212 13.109 12.910 12.821 12.823 12.817 12.581 11.961 11.047 10.405 10.612 10.756 10.768 10.670 10.459 10.082 9.516 8.792 7.827 6.611 5.729 5.363 5.012 4.662 4.304 3.907 3.454 2.925 2.345 1.836 1.413 1.060 0.769 0.537 0.363 0.236 0.146 0.084 0.049 0.035 0.030 0.029 0.029
0.000 0.000 0.000 0.000 0.000 0.000 0.000 0.000 0.000 0.003 0.013 0.044 0.126 0.292 0.533 0.748 0.954 1.224 1.735 3.109 4.201 4.788 5.117 5.428 5.858 6.493 6.985 7.461 7.988 9.609 11.081 12.235 12.845 13.112 13.154 13.046 12.842 12.726 12.723 12.712 12.472 11.766 10.741 9.939 10.105 10.237 10.215 10.137 9.973 9.665 9.135 8.419 7.554 6.444 5.233 4.776 4.344 3.913 3.465 2.958 2.390 1.836 1.352 0.964 0.668 0.451 0.298 0.193 0.122 0.076 0.047 0.030 0.022 0.018 0.016 0.015 0.014
0.000 0.000 0.000 0.000 0.000 0.000 0.000 0.000 0.000 0.003 0.014 0.049 0.146 0.349 0.652 0.977 1.343 1.792 2.503 4.154 5.492 6.244 6.636 6.972 7.348 7.744 8.090 8.394 8.697 9.213 10.570 11.667 12.378 12.758 12.795 12.629 12.485 12.379 12.328 12.245 11.936 11.149 9.997 9.220 9.467 9.635 9.636 9.527 9.367 9.079 8.571 7.866 6.954 5.839 4.675 4.169 3.690 3.208 2.690 2.103 1.517 1.046 0.691 0.438 0.268 0.160 0.095 0.058 0.036 0.024 0.017 0.014 0.011 0.010 0.010 0.009 0.009
0.000 0.000 0.000 0.000 0.000 0.000 0.000 0.000 0.000 0.003 0.013 0.048 0.147 0.361 0.698 1.108 1.613 2.228 3.340 5.241 6.896 7.835 8.291 8.548 8.756 8.919 9.068 9.207 9.350 9.462 9.959 10.934 11.662 12.012 12.058 11.866 11.778 11.763 11.690 11.456 10.966 10.086 8.901 8.563 8.599 8.766 8.797 8.732 8.540 8.204 7.639 6.899 5.941 4.749 4.022 3.473 2.959 2.421 1.831 1.252 0.809 0.502 0.298 0.170 0.094 0.051 0.029 0.017 0.012 0.010 0.008 0.007 0.007 0.006 0.006 0.006 0.005
0.000 0.000 0.000 0.000 0.000 0.000 0.000 0.000 0.000 0.002 0.011 0.041 0.135 0.345 0.702 1.175 1.753 2.541 4.054 6.363 8.195 9.216 9.696 9.905 9.990 9.960 9.875 9.817 9.815 9.804 9.782 10.188 10.851 11.048 11.035 10.919 10.684 10.620 10.555 10.283 9.671 8.711 7.956 7.789 7.660 7.660 7.677 7.581 7.378 6.976 6.354 5.536 4.633 3.976 3.235 2.560 1.955 1.396 0.922 0.569 0.333 0.187 0.104 0.056 0.030 0.016 0.009 0.006 0.005 0.004 0.004 0.004 0.004 0.003 0.003 0.003 0.003
0.000 0.000 0.000 0.000 0.000 0.000 0.000 0.000 0.000 0.001 0.006 0.029 0.107 0.321 0.727 1.329 2.068 3.009 5.105 7.365 9.219 10.367 10.835 10.975 10.960 10.762 10.451 10.236 10.097 9.990 9.903 9.835 10.209 10.417 10.437 10.327 10.100 9.754 9.306 8.766 8.026 7.555 7.231 6.950 6.694 6.451 6.308 6.175 5.857 5.408 4.812 4.332 3.773 3.114 2.375 1.676 1.113 0.683 0.387 0.203 0.102 0.055 0.030 0.016 0.008 0.004 0.003 0.002 0.002 0.002 0.002 0.002 0.002 0.002 0.002 0.001 0.001
0.000 0.000 0.000 0.000 0.000 0.000 0.000 0.000 0.000 0.001 0.005 0.021 0.092 0.309 0.762 1.469 2.357 3.948 6.033 7.951 9.927 11.356 11.854 11.952 11.844 11.487 10.985 10.628 10.319 10.123 9.983 9.822 9.837 10.043 10.082 9.903 9.596 9.156 8.603 8.092 7.673 7.199 6.755 6.365 6.012 5.679 5.349 5.011 4.654 4.259 3.828 3.357 2.821 2.181 1.497 0.951 0.565 0.302 0.151 0.070 0.031 0.014 0.008 0.004 0.002 0.001 0.001 0.001 0.001 0.001 0.001 0.001 0.001 0.001 0.000 0.000 0.000
0.000 0.000 0.000 0.000 0.000 0.000 0.000 0.000 0.000 0.001 0.007 0.029 0.099 0.302 0.792 1.638 3.080 4.819 6.573 8.114 9.897 11.597 12.290 12.491 12.413 12.031 11.468 10.952 10.571 10.224 9.952 9.747 9.542 9.622 9.567 9.284 8.862 8.550 8.215 7.825 7.354 6.813 6.461 6.168 5.842 5.463 5.013 4.497 3.900 3.231 2.779 2.309 1.811 1.278 0.801 0.449 0.227 0.104 0.045 0.020 0.009 0.004 0.002 0.001 0.001 0.000 0.000 0.000 0.000 0.000 0.000 0.000 0.000 0.000 0.000 0.000 0.000
0.000 0.000 0.000 0.000 0.000 0.000 0.000 0.000 0.000 0.001 0.008 0.035 0.128 0.392 1.021 2.241 3.904 5.394 6.772 8.053 9.250 10.786 11.985 12.451 12.542 12.352 11.779 11.109 10.658 10.261 9.903 9.591 9.357 9.235 9.089 8.891 8.631 8.308 7.926 7.490 6.986 6.663 6.422 6.125 5.758 5.348 4.901 4.375 3.746 2.968 2.042 1.466 1.034 0.653 0.363 0.177 0.078 0.031 0.012 0.005 0.002 0.001 0.000 0.000 0.000 0.000 0.000 0.000 0.000 0.000 0.000 0.000 0.000 0.000 0.000 0.000 0.000
0.000 0.000 0.000 0.000 0.000 0.000 0.000 0.000 0.000 0.001 0.008 0.037 0.144 0.468 1.279 2.750 4.494 5.759 6.840 7.828 8.665 10.316 11.044 11.727 12.109 12.017 11.545 10.887 10.511 10.226 9.924 9.666 9.409 9.125 8.848 8.567 8.266 7.927 7.528 7.113 6.843 6.600 6.365 6.085 5.720 5.288 4.809 4.268 3.599 2.739 1.696 0.870 0.537 0.292 0.139 0.060 0.024 0.009 0.003 0.001 0.001 0.000 0.000 0.000 0.000 0.000 0.000 0.000 0.000 0.000 0.000 0.000 0.000 0.000 0.000 0.000 0.000
0.000 0.001 0.001 0.001 0.001 0.001 0.001 0.001 0.001 0.002 0.008 0.038 0.149 0.557 1.508 3.143 4.895 6.064 6.905 7.639 9.054 10.364 11.251 11.672 11.813 11.796 11.670 11.396 10.983 10.596 10.194 9.790 9.360 8.986 8.664 8.161 7.803 7.596 7.394 7.087 6.789 6.552 6.322 6.052 5.685 5.226 4.723 4.110 3.331 2.314 1.265 0.564 0.256 0.118 0.049 0.019 0.007 0.002 0.001 0.000 0.000 0.000 0.000 0.000 0.000 0.000 0.000 0.000 0.000 0.000 0.000 0.000 0.000 0.000 0.000 0.000 0.000
0.002 0.002 0.002 0.002 0.002 0.002 0.002 0.003 0.003 0.004 0.009 0.037 0.158 0.620 1.705 3.443 5.176 6.377 7.079 7.521 9.201 10.713 11.775 12.263 12.398 12.341 12.119 11.798 11.384 10.875 10.322 9.752 9.160 9.015 8.711 8.262 7.918 7.691 7.419 7.010 6.667 6.458 6.244 5.986 5.641 5.184 4.637 3.963 3.061 1.803 0.840 0.337 0.117 0.045 0.016 0.006 0.002 0.001 0.000 0.000 0.000 0.000 0.000 0.000 0.000 0.000 0.000 0.000 0.000 0.000 0.000 0.000 0.000 0.000 0.000 0.000 0.000
0.003 0.004 0.004 0.004 0.004 0.004 0.004 0.004 0.005 0.007 0.012 0.036 0.154 0.652 1.864 3.753 5.451 6.660 7.380 7.656 9.145 10.728 11.885 12.393 12.589 12.517 12.395 12.042 11.563 10.997 10.302 9.556 9.208 9.171 8.970 8.627 8.258 7.911 7.537 7.001 6.603 6.399 6.226 5.943 5.548 5.055 4.430 3.634 2.556 1.337 0.529 0.189 0.060 0.017 0.005 0.002 0.001 0.000 0.000 0.000 0.000 0.000 0.000 0.000 0.000 0.000 0.000 0.000 0.000 0.000 0.000 0.000 0.000 0.000 0.000 0.000 0.000
