RESULTS/r.avaflow_results/33_results/33_ascii/33_hflow10043.asc
ncols 506
nrows 317
xllcenter 498237.50
yllcenter 5580050.00
cellsize 12.50
NODATA_value -9999.000
[rows 170 to 203 of 317, columns 77 to 153 of 506]
0.000 0.000 0.000 0.000 0.000 0.000 0.000 0.000 0.000 0.000 0.000 0.000 0.001 0.002 0.005 0.008 0.012 0.016 0.019 0.021 0.024 0.028 0.038 0.066 0.122 0.183 0.215 0.226 0.230 0.232 0.232 0.229 0.220 0.206 0.197 0.197 0.206 0.228 0.247 0.251 0.245 0.225 0.213 0.230 0.319 0.504 0.745 0.999 1.281 1.653 2.205 3.082 4.282 5.348 5.889 6.005 5.984 6.008 6.044 6.054 6.030 5.910 5.648 5.266 4.766 4.165 3.509 2.928 2.425 1.989 1.616 1.310 1.061 0.857 0.691 0.555 0.447
0.000 0.000 0.000 0.000 0.000 0.000 0.000 0.000 0.000 0.000 0.001 0.002 0.005 0.010 0.016 0.024 0.033 0.042 0.050 0.058 0.066 0.079 0.107 0.159 0.231 0.284 0.304 0.310 0.312 0.312 0.310 0.303 0.289 0.272 0.266 0.270 0.291 0.330 0.361 0.372 0.370 0.362 0.383 0.505 0.793 1.212 1.647 2.079 2.571 3.205 4.032 5.003 5.907 6.454 6.624 6.583 6.493 6.460 6.434 6.391 6.309 6.130 5.841 5.435 4.903 4.262 3.586 2.993 2.482 2.043 1.673 1.366 1.112 0.901 0.727 0.586 0.471
0.000 0.000 0.000 0.000 0.000 0.000 0.000 0.000 0.001 0.002 0.004 0.008 0.014 0.024 0.037 0.053 0.069 0.087 0.106 0.125 0.147 0.179 0.233 0.305 0.368 0.399 0.408 0.411 0.411 0.410 0.405 0.394 0.374 0.356 0.352 0.361 0.394 0.450 0.502 0.538 0.566 0.621 0.785 1.162 1.765 2.425 3.025 3.632 4.351 5.161 5.926 6.551 6.960 7.111 7.079 6.981 6.876 6.790 6.704 6.613 6.487 6.278 5.969 5.539 4.986 4.319 3.633 3.039 2.530 2.094 1.725 1.413 1.151 0.932 0.753 0.606 0.488
0.000 0.000 0.000 0.000 0.000 0.000 0.000 0.001 0.002 0.005 0.010 0.018 0.030 0.047 0.067 0.091 0.119 0.151 0.187 0.227 0.272 0.332 0.411 0.481 0.517 0.528 0.532 0.532 0.531 0.528 0.520 0.504 0.478 0.459 0.455 0.469 0.513 0.585 0.673 0.770 0.902 1.155 1.632 2.384 3.291 4.101 4.814 5.524 6.219 6.846 7.339 7.625 7.707 7.629 7.450 7.287 7.161 7.041 6.922 6.791 6.629 6.396 6.061 5.603 5.028 4.344 3.662 3.073 2.568 2.132 1.760 1.443 1.175 0.952 0.769 0.619 0.498
0.000 0.000 0.000 0.000 0.000 0.000 0.000 0.001 0.004 0.009 0.017 0.029 0.047 0.072 0.103 0.139 0.182 0.233 0.292 0.359 0.436 0.524 0.607 0.657 0.676 0.680 0.681 0.680 0.677 0.671 0.657 0.635 0.600 0.574 0.569 0.582 0.628 0.727 0.884 1.104 1.464 2.104 3.068 4.201 5.250 6.078 6.732 7.278 7.739 8.105 8.341 8.402 8.314 8.070 7.749 7.532 7.371 7.238 7.100 6.940 6.754 6.492 6.128 5.642 5.041 4.348 3.677 3.097 2.592 2.155 1.778 1.458 1.188 0.963 0.779 0.627 0.504
0.000 0.000 0.000 0.000 0.000 0.000 0.000 0.002 0.005 0.011 0.021 0.036 0.059 0.092 0.136 0.192 0.259 0.337 0.427 0.528 0.635 0.736 0.808 0.845 0.857 0.861 0.861 0.858 0.853 0.841 0.821 0.789 0.742 0.697 0.676 0.679 0.722 0.838 1.076 1.494 2.229 3.431 4.959 6.256 7.204 7.896 8.378 8.702 8.947 9.084 9.122 9.029 8.805 8.424 8.012 7.721 7.530 7.389 7.244 7.075 6.865 6.567 6.163 5.651 5.039 4.347 3.682 3.104 2.598 2.159 1.783 1.462 1.192 0.967 0.782 0.629 0.505
0.000 0.000 0.000 0.000 0.000 0.000 0.000 0.002 0.006 0.012 0.023 0.040 0.066 0.105 0.159 0.233 0.329 0.449 0.594 0.739 0.866 0.967 1.030 1.062 1.075 1.078 1.077 1.073 1.063 1.045 1.015 0.971 0.905 0.827 0.775 0.765 0.796 0.914 1.190 1.740 2.798 4.559 6.559 7.961 8.859 9.410 9.715 9.843 9.919 9.887 9.769 9.521 9.174 8.715 8.259 7.911 7.675 7.512 7.364 7.190 6.960 6.626 6.185 5.649 5.027 4.336 3.677 3.097 2.591 2.153 1.776 1.457 1.189 0.965 0.781 0.628 0.503
0.000 0.000 0.000 0.000 0.000 0.000 0.000 0.002 0.006 0.012 0.023 0.040 0.068 0.111 0.172 0.257 0.373 0.530 0.739 0.962 1.123 1.229 1.294 1.327 1.339 1.341 1.338 1.330 1.314 1.285 1.244 1.181 1.088 0.967 0.876 0.845 0.860 0.961 1.237 1.838 3.091 5.287 7.736 9.329 10.217 10.619 10.757 10.758 10.692 10.518 10.257 9.893 9.462 8.973 8.504 8.120 7.840 7.649 7.479 7.283 7.017 6.653 6.186 5.632 4.992 4.290 3.638 3.065 2.561 2.126 1.754 1.437 1.173 0.952 0.772 0.622 0.498
0.000 0.000 0.000 0.000 0.000 0.000 0.000 0.002 0.005 0.011 0.021 0.039 0.067 0.112 0.176 0.266 0.393 0.571 0.822 1.143 1.396 1.536 1.615 1.651 1.662 1.663 1.656 1.640 1.611 1.567 1.506 1.420 1.297 1.127 0.984 0.920 0.918 0.993 1.248 1.852 3.178 5.632 8.537 10.385 11.265 11.533 11.547 11.450 11.248 10.933 10.557 10.144 9.690 9.208 8.747 8.344 8.031 7.800 7.586 7.345 7.035 6.641 6.154 5.579 4.911 4.201 3.559 2.996 2.502 2.076 1.711 1.402 1.144 0.931 0.755 0.610 0.489
0.000 0.000 0.000 0.000 0.000 0.000 0.000 0.001 0.004 0.008 0.017 0.033 0.062 0.107 0.174 0.266 0.397 0.583 0.852 1.237 1.657 1.905 2.006 2.047 2.057 2.054 2.040 2.009 1.961 1.896 1.810 1.698 1.540 1.317 1.108 0.997 0.974 1.023 1.248 1.837 3.166 5.703 8.956 11.097 12.006 12.172 12.119 11.914 11.579 11.154 10.719 10.292 9.857 9.417 8.976 8.563 8.221 7.943 7.682 7.384 7.024 6.590 6.070 5.463 4.765 4.063 3.438 2.891 2.414 2.002 1.650 1.355 1.109 0.905 0.736 0.595 0.479
0.000 0.000 0.000 0.000 0.000 0.000 0.000 0.000 0.002 0.004 0.010 0.022 0.046 0.089 0.156 0.251 0.386 0.576 0.851 1.250 1.798 2.273 2.488 2.532 2.534 2.523 2.494 2.443 2.370 2.279 2.165 2.021 1.821 1.546 1.263 1.088 1.033 1.059 1.248 1.798 3.087 5.619 9.041 11.408 12.460 12.594 12.464 12.153 11.721 11.231 10.772 10.366 9.971 9.579 9.173 8.759 8.386 8.066 7.759 7.406 6.991 6.499 5.928 5.271 4.550 3.871 3.275 2.753 2.299 1.909 1.577 1.300 1.071 0.879 0.718 0.582 0.469
0.000 0.000 0.000 0.000 0.000 0.000 0.000 0.000 0.001 0.002 0.004 0.010 0.023 0.053 0.108 0.197 0.326 0.511 0.782 1.187 1.770 2.475 2.951 3.098 3.096 3.070 3.023 2.948 2.847 2.725 2.579 2.396 2.154 1.830 1.470 1.220 1.115 1.118 1.269 1.759 2.939 5.354 8.849 11.400 12.622 12.813 12.618 12.228 11.743 11.237 10.775 10.380 10.015 9.668 9.309 8.926 8.533 8.166 7.805 7.412 6.948 6.398 5.767 5.048 4.315 3.657 3.084 2.589 2.166 1.807 1.504 1.250 1.037 0.857 0.702 0.571 0.462
0.000 0.000 0.000 0.000 0.000 0.000 0.000 0.000 0.000 0.000 0.001 0.003 0.008 0.020 0.047 0.100 0.192 0.336 0.565 0.942 1.554 2.438 3.242 3.631 3.694 3.673 3.616 3.521 3.393 3.239 3.056 2.833 2.550 2.188 1.760 1.432 1.262 1.233 1.341 1.782 2.827 4.971 8.360 11.133 12.553 12.846 12.651 12.231 11.711 11.185 10.744 10.369 10.024 9.706 9.387 9.044 8.658 8.257 7.843 7.413 6.912 6.324 5.651 4.896 4.157 3.505 2.941 2.460 2.055 1.719 1.438 1.203 1.005 0.835 0.688 0.564 0.459
0.000 0.000 0.000 0.000 0.000 0.000 0.000 0.000 0.000 0.000 0.000 0.001 0.002 0.006 0.015 0.035 0.073 0.139 0.265 0.533 1.109 2.145 3.339 4.025 4.225 4.234 4.202 4.122 3.991 3.816 3.601 3.344 3.029 2.637 2.168 1.776 1.532 1.455 1.517 1.882 2.806 4.632 7.704 10.594 12.174 12.639 12.539 12.149 11.620 11.057 10.626 10.287 9.988 9.702 9.419 9.103 8.741 8.334 7.885 7.417 6.884 6.277 5.583 4.821 4.081 3.425 2.855 2.373 1.972 1.643 1.376 1.156 0.972 0.813 0.676 0.560 0.458
0.000 0.000 0.000 0.000 0.000 0.000 0.000 0.000 0.000 0.000 0.000 0.000 0.001 0.002 0.006 0.013 0.027 0.052 0.105 0.244 0.647 1.640 3.154 4.215 4.639 4.727 4.729 4.688 4.592 4.435 4.213 3.936 3.603 3.200 2.723 2.292 1.991 1.857 1.867 2.136 2.919 4.444 7.000 9.787 11.457 12.106 12.154 11.896 11.419 10.842 10.388 10.059 9.841 9.636 9.403 9.114 8.777 8.389 7.936 7.438 6.871 6.251 5.557 4.801 4.060 3.396 2.812 2.319 1.911 1.580 1.316 1.105 0.933 0.790 0.667 0.559 0.462
0.000 0.000 0.000 0.000 0.000 0.000 0.000 0.000 0.000 0.000 0.000 0.000 0.001 0.002 0.005 0.009 0.018 0.032 0.061 0.137 0.390 1.172 2.724 4.148 4.859 5.123 5.202 5.214 5.170 5.064 4.882 4.618 4.291 3.900 3.441 3.018 2.701 2.522 2.492 2.669 3.265 4.457 6.378 8.757 10.403 11.219 11.426 11.331 11.000 10.490 9.980 9.619 9.440 9.336 9.224 9.053 8.785 8.416 7.971 7.461 6.879 6.243 5.554 4.804 4.061 3.392 2.799 2.289 1.868 1.528 1.257 1.046 0.885 0.761 0.657 0.560 0.467
0.000 0.000 0.000 0.000 0.000 0.000 0.000 0.000 0.000 0.000 0.000 0.000 0.001 0.002 0.005 0.010 0.019 0.032 0.058 0.119 0.291 0.852 2.168 3.839 4.882 5.373 5.588 5.684 5.712 5.678 5.576 5.382 5.097 4.744 4.338 3.970 3.692 3.520 3.465 3.554 3.925 4.734 6.093 7.903 9.319 10.129 10.409 10.414 10.275 9.926 9.405 8.954 8.745 8.719 8.755 8.765 8.674 8.397 7.976 7.471 6.895 6.257 5.568 4.828 4.079 3.402 2.801 2.280 1.841 1.485 1.202 0.985 0.827 0.717 0.630 0.545 0.450
0.000 0.000 0.000 0.000 0.000 0.000 0.000 0.000 0.000 0.000 0.000 0.000 0.002 0.005 0.009 0.017 0.028 0.045 0.074 0.134 0.280 0.682 1.646 3.253 4.668 5.461 5.851 6.080 6.209 6.246 6.214 6.112 5.933 5.688 5.384 5.104 4.906 4.794 4.750 4.762 4.917 5.350 6.203 7.438 8.543 9.215 9.461 9.488 9.433 9.222 8.825 8.318 7.990 7.925 8.036 8.212 8.307 8.212 7.904 7.446 6.896 6.278 5.616 4.892 4.122 3.428 2.816 2.284 1.829 1.452 1.151 0.922 0.755 0.638 0.543 0.448 0.336
0.000 0.000 0.000 0.000 0.000 0.000 0.000 0.000 0.000 0.000 0.000 0.001 0.004 0.009 0.019 0.035 0.056 0.083 0.124 0.191 0.326 0.635 1.324 2.584 4.181 5.339 5.962 6.353 6.617 6.755 6.794 6.762 6.677 6.536 6.339 6.138 5.998 5.924 5.910 5.921 5.998 6.193 6.596 7.301 8.082 8.577 8.775 8.818 8.805 8.673 8.379 7.898 7.476 7.277 7.290 7.467 7.684 7.742 7.618 7.306 6.844 6.279 5.650 4.939 4.148 3.438 2.829 2.295 1.828 1.426 1.100 0.848 0.650 0.489 0.353 0.236 0.142
0.000 0.000 0.000 0.000 0.000 0.000 0.000 0.000 0.000 0.000 0.001 0.002 0.008 0.019 0.041 0.074 0.116 0.166 0.227 0.311 0.445 0.697 1.200 2.126 3.583 5.016 5.911 6.476 6.904 7.176 7.305 7.336 7.313 7.251 7.135 6.985 6.867 6.793 6.763 6.765 6.803 6.904 7.099 7.446 7.890 8.200 8.348 8.384 8.370 8.268 8.023 7.602 7.158 6.866 6.749 6.782 6.922 7.023 7.029 6.896 6.581 6.105 5.528 4.852 4.096 3.401 2.804 2.279 1.806 1.378 1.011 0.712 0.468 0.280 0.157 0.084 0.043
0.000 0.000 0.000 0.000 0.000 0.000 0.000 0.000 0.000 0.000 0.001 0.005 0.015 0.040 0.087 0.153 0.231 0.313 0.402 0.509 0.650 0.862 1.246 1.955 3.138 4.614 5.715 6.461 7.043 7.472 7.725 7.838 7.858 7.841 7.763 7.652 7.537 7.461 7.393 7.365 7.360 7.392 7.468 7.619 7.843 7.997 8.077 8.100 8.072 7.961 7.728 7.355 6.924 6.605 6.391 6.283 6.236 6.222 6.206 6.140 5.934 5.548 5.009 4.372 3.706 3.087 2.529 2.029 1.567 1.135 0.752 0.444 0.234 0.116 0.057 0.028 0.014
0.000 0.000 0.000 0.000 0.000 0.000 0.000 0.000 0.000 0.001 0.003 0.010 0.030 0.082 0.173 0.294 0.419 0.540 0.663 0.799 0.954 1.148 1.438 1.987 2.947 4.274 5.443 6.342 7.074 7.638 8.029 8.236 8.305 8.312 8.260 8.167 8.059 7.964 7.864 7.783 7.713 7.677 7.686 7.738 7.831 7.894 7.914 7.909 7.851 7.712 7.469 7.117 6.705 6.376 6.111 5.898 5.707 5.536 5.366 5.186 4.953 4.585 4.058 3.440 2.850 2.308 1.804 1.346 0.941 0.598 0.337 0.169 0.079 0.038 0.019 0.010 0.006
0.000 0.000 0.000 0.000 0.000 0.000 0.000 0.000 0.000 0.001 0.005 0.019 0.061 0.157 0.315 0.509 0.685 0.855 1.025 1.198 1.379 1.574 1.814 2.218 2.980 4.104 5.252 6.212 7.029 7.691 8.190 8.502 8.621 8.634 8.622 8.535 8.432 8.326 8.213 8.081 7.942 7.841 7.788 7.794 7.822 7.840 7.807 7.745 7.644 7.472 7.214 6.873 6.470 6.128 5.825 5.548 5.268 4.973 4.640 4.257 3.830 3.346 2.779 2.184 1.662 1.223 0.854 0.556 0.334 0.184 0.093 0.045 0.022 0.012 0.007 0.004 0.003
0.000 0.000 0.000 0.000 0.000 0.000 0.000 0.000 0.000 0.001 0.007 0.030 0.105 0.266 0.513 0.788 1.026 1.263 1.494 1.716 1.933 2.149 2.380 2.694 3.240 4.115 5.182 6.158 7.006 7.701 8.251 8.639 8.829 8.866 8.870 8.800 8.720 8.608 8.474 8.289 8.066 7.915 7.817 7.797 7.790 7.768 7.705 7.600 7.450 7.244 6.958 6.615 6.219 5.846 5.516 5.201 4.860 4.455 3.961 3.372 2.743 2.152 1.620 1.163 0.789 0.504 0.300 0.166 0.087 0.044 0.022 0.012 0.007 0.004 0.003 0.002 0.001
0.000 0.000 0.000 0.000 0.000 0.000 0.000 0.000 0.000 0.001 0.008 0.034 0.127 0.342 0.680 1.079 1.434 1.762 2.073 2.359 2.619 2.864 3.111 3.390 3.780 4.389 5.243 6.176 7.018 7.721 8.293 8.709 8.935 9.007 9.018 8.987 8.928 8.809 8.654 8.421 8.140 7.935 7.817 7.774 7.745 7.702 7.594 7.438 7.227 6.980 6.686 6.331 5.919 5.483 5.058 4.662 4.234 3.711 3.057 2.315 1.646 1.149 0.781 0.503 0.302 0.167 0.086 0.042 0.021 0.010 0.006 0.004 0.002 0.002 0.001 0.001 0.001
0.000 0.000 0.000 0.000 0.000 0.000 0.000 0.000 0.000 0.001 0.007 0.033 0.127 0.370 0.777 1.300 1.849 2.345 2.767 3.134 3.448 3.726 3.990 4.258 4.564 4.979 5.572 6.331 7.111 7.786 8.335 8.750 8.999 9.109 9.113 9.094 9.035 8.918 8.747 8.500 8.195 7.937 7.788 7.688 7.613 7.550 7.422 7.238 6.976 6.642 6.268 5.850 5.360 4.767 4.106 3.507 2.911 2.278 1.624 1.077 0.703 0.449 0.278 0.165 0.092 0.047 0.022 0.010 0.005 0.003 0.002 0.001 0.001 0.001 0.001 0.001 0.000
0.000 0.000 0.000 0.000 0.000 0.000 0.000 0.000 0.000 0.001 0.006 0.028 0.117 0.366 0.823 1.456 2.191 2.943 3.567 4.050 4.435 4.753 5.026 5.280 5.535 5.825 6.202 6.724 7.358 7.960 8.452 8.832 9.064 9.183 9.187 9.157 9.102 8.975 8.786 8.534 8.218 7.916 7.701 7.520 7.381 7.257 7.096 6.879 6.578 6.173 5.677 5.094 4.394 3.525 2.629 1.916 1.352 0.891 0.547 0.327 0.196 0.119 0.072 0.043 0.024 0.011 0.005 0.002 0.001 0.001 0.001 0.001 0.000 0.000 0.000 0.000 0.000
0.000 0.000 0.000 0.000 0.000 0.000 0.000 0.000 0.001 0.001 0.004 0.021 0.095 0.340 0.837 1.573 2.459 3.441 4.334 5.046 5.579 5.958 6.243 6.477 6.684 6.865 7.082 7.384 7.802 8.265 8.650 8.944 9.133 9.252 9.262 9.208 9.117 8.983 8.796 8.543 8.221 7.872 7.561 7.280 7.044 6.808 6.557 6.273 5.920 5.452 4.856 4.113 3.195 2.241 1.460 0.890 0.508 0.272 0.141 0.076 0.043 0.026 0.016 0.010 0.005 0.002 0.001 0.001 0.000 0.000 0.000 0.000 0.000 0.000 0.000 0.000 0.000
0.000 0.000 0.000 0.000 0.001 0.001 0.001 0.002 0.002 0.002 0.004 0.016 0.076 0.300 0.826 1.657 2.676 3.803 4.922 5.886 6.634 7.154 7.510 7.761 7.939 8.053 8.151 8.268 8.463 8.713 8.962 9.146 9.248 9.295 9.264 9.207 9.107 8.958 8.762 8.507 8.185 7.805 7.398 6.993 6.623 6.249 5.865 5.453 4.989 4.422 3.736 2.932 2.073 1.317 0.751 0.386 0.182 0.082 0.037 0.017 0.009 0.005 0.003 0.002 0.001 0.001 0.000 0.000 0.000 0.000 0.000 0.000 0.000 0.000 0.000 0.000 0.000
0.000 0.000 0.001 0.001 0.002 0.002 0.002 0.002 0.002 0.002 0.004 0.016 0.069 0.285 0.829 1.727 2.846 4.043 5.296 6.493 7.457 8.136 8.592 8.893 9.075 9.181 9.242 9.278 9.305 9.326 9.368 9.369 9.330 9.293 9.232 9.163 9.047 8.885 8.685 8.413 8.071 7.667 7.194 6.667 6.151 5.653 5.152 4.624 4.054 3.414 2.695 1.937 1.248 0.709 0.352 0.156 0.065 0.025 0.010 0.004 0.002 0.001 0.001 0.000 0.000 0.000 0.000 0.000 0.000 0.000 0.000 0.000 0.000 0.000 0.000 0.000 0.000
0.001 0.001 0.002 0.003 0.003 0.003 0.003 0.003 0.003 0.003 0.005 0.016 0.070 0.296 0.872 1.820 2.975 4.172 5.458 6.826 8.004 8.880 9.468 9.832 10.020 10.095 10.109 10.084 10.011 9.886 9.736 9.554 9.371 9.216 9.073 8.953 8.825 8.672 8.472 8.217 7.880 7.463 6.951 6.341 5.703 5.103 4.520 3.922 3.298 2.627 1.923 1.259 0.724 0.359 0.155 0.061 0.022 0.008 0.003 0.001 0.001 0.000 0.000 0.000 0.000 0.000 0.000 0.000 0.000 0.000 0.000 0.000 0.000 0.000 0.000 0.000 0.000
0.002 0.003 0.004 0.004 0.004 0.004 0.004 0.003 0.003 0.003 0.005 0.017 0.080 0.347 0.980 1.944 3.050 4.205 5.490 6.950 8.311 9.380 10.114 10.542 10.736 10.793 10.781 10.705 10.522 10.255 9.952 9.618 9.303 9.004 8.726 8.507 8.352 8.209 8.046 7.829 7.512 7.113 6.599 5.960 5.251 4.571 3.933 3.297 2.647 1.978 1.335 0.792 0.401 0.171 0.064 0.023 0.007 0.002 0.001 0.001 0.000 0.000 0.000 0.000 0.000 0.000 0.000 0.000 0.000 0.000 0.000 0.000 0.000 0.000 0.000 0.000 0.000
0.005 0.006 0.006 0.006 0.005 0.005 0.004 0.004 0.004 0.004 0.007 0.023 0.108 0.429 1.101 2.033 3.065 4.194 5.480 6.946 8.405 9.619 10.487 10.995 11.206 11.248 11.220 11.089 10.826 10.465 10.058 9.616 9.153 8.664 8.216 7.876 7.635 7.448 7.284 7.088 6.828 6.500 6.060 5.462 4.759 4.034 3.354 2.704 2.056 1.421 0.867 0.452 0.197 0.073 0.024 0.007 0.002 0.001 0.000 0.000 0.000 0.000 0.000 0.000 0.000 0.000 0.000 0.000 0.000 0.000 0.000 0.000 0.000 0.000 0.000 0.000 0.000
0.008 0.008 0.008 0.007 0.006 0.005 0.005 0.005 0.005 0.006 0.010 0.029 0.125 0.473 1.155 2.055 3.036 4.135 5.411 6.875 8.361 9.653 10.624 11.189 11.442 11.471 11.412 11.232 10.928 10.535 10.042 9.477 8.857 8.181 7.547 7.052 6.680 6.414 6.201 5.990 5.780 5.545 5.241 4.775 4.165 3.472 2.760 2.091 1.460 0.905 0.483 0.213 0.079 0.025 0.007 0.002 0.001 0.000 0.000 0.000 0.000 0.000 0.000 0.000 0.000 0.000 0.000 0.000 0.000 0.000 0.000 0.000 0.000 0.000 0.000 0.000 0.000
