RESULTS/r.avaflow_results/33_results/33_ascii/33_hflow0032.asc
ncols 506
nrows 317
xllcenter 498237.50
yllcenter 5580050.00
cellsize 12.50
NODATA_value -9999.000
[rows 170 to 203 of 317, columns 77 to 153 of 506]
0.000 0.000 0.000 0.000 0.000 0.000 0.000 0.000 0.000 0.000 0.000 0.000 0.000 0.001 0.001 0.003 0.004 0.006 0.007 0.008 0.009 0.011 0.018 0.034 0.068 0.108 0.132 0.145 0.157 0.170 0.183 0.197 0.210 0.223 0.239 0.265 0.305 0.337 0.350 0.348 0.327 0.274 0.233 0.226 0.264 0.377 0.549 0.748 0.985 1.315 1.818 2.636 3.842 5.008 5.696 6.015 6.268 6.662 7.234 7.969 8.907 10.037 11.324 12.555 13.409 13.879 14.059 14.080 13.883 13.476 12.928 12.185 11.359 10.719 10.280 9.945 9.691
0.000 0.000 0.000 0.000 0.000 0.000 0.000 0.000 0.000 0.000 0.000 0.000 0.001 0.003 0.005 0.009 0.013 0.017 0.021 0.025 0.029 0.037 0.054 0.088 0.136 0.174 0.194 0.208 0.221 0.235 0.251 0.267 0.284 0.303 0.328 0.370 0.431 0.477 0.494 0.490 0.460 0.402 0.375 0.413 0.582 0.888 1.254 1.638 2.095 2.698 3.504 4.506 5.500 6.171 6.506 6.702 6.945 7.309 7.845 8.557 9.471 10.569 11.819 12.951 13.694 14.065 14.161 14.086 13.839 13.481 13.069 12.657 12.374 12.299 12.353 12.445 12.606
0.000 0.000 0.000 0.000 0.000 0.000 0.000 0.000 0.000 0.000 0.001 0.002 0.004 0.008 0.013 0.019 0.027 0.037 0.047 0.058 0.072 0.093 0.130 0.180 0.227 0.254 0.271 0.286 0.302 0.318 0.337 0.357 0.379 0.405 0.441 0.499 0.581 0.647 0.677 0.680 0.658 0.625 0.660 0.857 1.275 1.838 2.404 2.984 3.699 4.539 5.357 6.068 6.581 6.882 7.057 7.237 7.478 7.809 8.296 8.969 9.833 10.881 12.067 13.111 13.776 14.069 14.121 14.077 13.956 13.818 13.759 13.818 13.984 14.188 14.435 14.861 15.589
0.000 0.000 0.000 0.000 0.000 0.000 0.000 0.000 0.000 0.001 0.002 0.004 0.009 0.015 0.024 0.035 0.049 0.067 0.088 0.113 0.143 0.185 0.243 0.297 0.331 0.351 0.368 0.385 0.403 0.423 0.445 0.469 0.497 0.531 0.577 0.648 0.747 0.843 0.909 0.949 0.977 1.038 1.252 1.732 2.458 3.234 3.951 4.684 5.446 6.158 6.742 7.145 7.364 7.486 7.588 7.704 7.906 8.206 8.655 9.271 10.079 11.048 12.131 13.071 13.663 13.939 14.085 14.230 14.413 14.646 14.865 15.045 15.236 15.475 15.865 16.616 17.863
0.000 0.000 0.000 0.000 0.000 0.000 0.000 0.000 0.000 0.001 0.004 0.009 0.016 0.026 0.039 0.057 0.079 0.108 0.144 0.188 0.242 0.310 0.377 0.424 0.450 0.470 0.490 0.510 0.531 0.554 0.579 0.607 0.641 0.681 0.737 0.819 0.930 1.065 1.200 1.331 1.480 1.746 2.287 3.130 4.097 4.954 5.675 6.308 6.879 7.361 7.721 7.927 8.031 8.079 8.080 8.098 8.241 8.505 8.911 9.456 10.176 11.024 11.960 12.807 13.420 13.827 14.188 14.565 14.940 15.255 15.473 15.635 15.842 16.186 16.794 17.794 19.242
0.000 0.000 0.000 0.000 0.000 0.000 0.000 0.000 0.000 0.002 0.006 0.012 0.022 0.037 0.058 0.085 0.120 0.164 0.220 0.289 0.372 0.457 0.524 0.567 0.595 0.619 0.642 0.665 0.689 0.715 0.743 0.775 0.812 0.858 0.919 1.009 1.142 1.324 1.560 1.845 2.200 2.794 3.788 4.978 5.985 6.726 7.245 7.658 8.018 8.293 8.474 8.574 8.628 8.612 8.520 8.426 8.489 8.704 9.046 9.519 10.127 10.838 11.599 12.362 13.092 13.712 14.237 14.681 15.069 15.366 15.560 15.722 15.949 16.376 17.142 18.256 19.655
0.000 0.000 0.000 0.000 0.000 0.000 0.000 0.000 0.000 0.002 0.006 0.014 0.026 0.046 0.074 0.113 0.167 0.236 0.320 0.423 0.533 0.628 0.696 0.743 0.776 0.805 0.831 0.858 0.885 0.914 0.945 0.977 1.012 1.057 1.118 1.203 1.350 1.582 1.908 2.342 2.932 3.904 5.376 6.768 7.692 8.265 8.562 8.763 8.932 9.042 9.111 9.136 9.124 9.049 8.909 8.735 8.684 8.810 9.079 9.469 9.957 10.513 11.127 11.830 12.676 13.452 14.035 14.461 14.790 15.009 15.137 15.271 15.494 15.989 16.856 18.022 19.387
0.000 0.000 0.000 0.000 0.000 0.000 0.000 0.000 0.000 0.002 0.006 0.014 0.028 0.050 0.083 0.131 0.200 0.298 0.431 0.590 0.729 0.837 0.914 0.968 1.007 1.037 1.066 1.095 1.124 1.155 1.186 1.214 1.243 1.279 1.321 1.383 1.522 1.783 2.176 2.711 3.464 4.728 6.616 8.185 9.098 9.510 9.618 9.650 9.653 9.638 9.619 9.576 9.501 9.383 9.219 9.012 8.867 8.880 9.037 9.307 9.671 10.083 10.580 11.218 12.056 12.810 13.314 13.639 13.835 13.913 13.929 13.977 14.149 14.660 15.624 16.927 18.394
0.000 0.000 0.000 0.000 0.000 0.000 0.000 0.000 0.000 0.002 0.006 0.014 0.028 0.051 0.086 0.138 0.216 0.334 0.507 0.745 0.959 1.097 1.193 1.256 1.298 1.330 1.358 1.386 1.415 1.443 1.470 1.491 1.508 1.521 1.528 1.554 1.665 1.928 2.362 2.980 3.850 5.284 7.485 9.259 10.163 10.434 10.426 10.327 10.185 10.076 9.985 9.893 9.772 9.624 9.450 9.231 9.023 8.932 8.960 9.079 9.278 9.539 9.908 10.416 11.097 11.670 12.005 12.168 12.181 12.081 11.966 11.929 12.106 12.701 13.790 15.262 16.933
0.000 0.000 0.000 0.000 0.000 0.000 0.000 0.000 0.000 0.001 0.005 0.012 0.026 0.049 0.085 0.138 0.220 0.345 0.539 0.833 1.189 1.427 1.547 1.620 1.664 1.694 1.717 1.739 1.762 1.784 1.801 1.811 1.811 1.788 1.739 1.726 1.794 2.039 2.490 3.160 4.126 5.621 7.978 9.969 10.878 11.049 10.981 10.771 10.530 10.353 10.212 10.084 9.942 9.788 9.615 9.394 9.145 8.969 8.888 8.856 8.873 8.935 9.078 9.351 9.761 10.074 10.201 10.192 10.076 9.931 9.849 9.912 10.283 11.078 12.267 13.747 15.431
0.000 0.000 0.000 0.000 0.000 0.000 0.000 0.000 0.000 0.001 0.003 0.008 0.019 0.040 0.075 0.129 0.212 0.339 0.538 0.849 1.313 1.769 1.997 2.076 2.114 2.136 2.151 2.161 2.172 2.183 2.188 2.181 2.151 2.080 1.965 1.902 1.928 2.138 2.586 3.289 4.313 5.804 8.125 10.277 11.292 11.444 11.301 11.007 10.707 10.486 10.323 10.172 10.032 9.895 9.725 9.500 9.230 8.987 8.807 8.644 8.513 8.383 8.289 8.268 8.371 8.449 8.429 8.348 8.246 8.171 8.171 8.340 8.829 9.698 10.884 12.297 13.891
0.000 0.000 0.000 0.000 0.000 0.000 0.000 0.000 0.000 0.000 0.001 0.003 0.009 0.023 0.049 0.096 0.171 0.289 0.480 0.794 1.290 1.953 2.441 2.620 2.654 2.662 2.665 2.663 2.656 2.649 2.635 2.604 2.536 2.417 2.236 2.105 2.089 2.245 2.675 3.409 4.484 5.964 8.132 10.312 11.441 11.638 11.439 11.094 10.759 10.521 10.345 10.197 10.070 9.934 9.777 9.557 9.274 8.976 8.708 8.442 8.189 7.890 7.590 7.315 7.184 7.093 6.974 6.855 6.768 6.738 6.801 7.033 7.545 8.372 9.469 10.758 12.170
0.000 0.000 0.000 0.000 0.000 0.000 0.000 0.000 0.000 0.000 0.000 0.001 0.003 0.008 0.020 0.044 0.088 0.168 0.313 0.592 1.101 1.903 2.719 3.141 3.255 3.273 3.264 3.243 3.218 3.188 3.147 3.083 2.978 2.818 2.584 2.389 2.323 2.413 2.798 3.542 4.653 6.117 8.082 10.169 11.383 11.660 11.481 11.120 10.756 10.512 10.325 10.192 10.068 9.935 9.788 9.573 9.281 8.933 8.591 8.250 7.882 7.439 6.957 6.513 6.235 6.017 5.820 5.663 5.564 5.535 5.606 5.842 6.308 7.018 7.944 9.033 10.223
0.000 0.000 0.000 0.000 0.000 0.000 0.000 0.000 0.000 0.000 0.000 0.000 0.001 0.002 0.006 0.014 0.030 0.060 0.127 0.298 0.737 1.636 2.811 3.529 3.798 3.885 3.910 3.890 3.849 3.794 3.723 3.628 3.492 3.301 3.046 2.815 2.693 2.716 3.015 3.713 4.807 6.272 8.065 9.886 11.084 11.489 11.413 11.098 10.723 10.464 10.271 10.143 10.028 9.907 9.769 9.557 9.259 8.887 8.478 8.054 7.576 7.022 6.431 5.914 5.547 5.231 4.960 4.747 4.602 4.529 4.545 4.704 5.054 5.599 6.338 7.273 8.366
0.000 0.000 0.000 0.000 0.000 0.000 0.000 0.000 0.000 0.000 0.000 0.000 0.000 0.001 0.002 0.005 0.011 0.022 0.048 0.127 0.408 1.218 2.629 3.718 4.206 4.405 4.503 4.532 4.511 4.452 4.362 4.243 4.089 3.890 3.643 3.415 3.270 3.239 3.414 3.979 4.976 6.386 7.983 9.439 10.517 11.066 11.150 10.976 10.662 10.345 10.112 9.974 9.898 9.834 9.720 9.513 9.214 8.839 8.379 7.873 7.302 6.668 6.011 5.459 5.031 4.647 4.308 4.031 3.829 3.694 3.626 3.655 3.834 4.208 4.806 5.640 6.657
0.000 0.000 0.000 0.000 0.000 0.000 0.000 0.000 0.000 0.000 0.000 0.000 0.000 0.001 0.002 0.004 0.009 0.016 0.031 0.074 0.240 0.848 2.227 3.658 4.421 4.783 4.986 5.097 5.136 5.121 5.059 4.943 4.789 4.604 4.399 4.223 4.101 4.053 4.126 4.508 5.288 6.489 7.853 8.970 9.814 10.413 10.654 10.635 10.468 10.154 9.829 9.625 9.535 9.526 9.492 9.375 9.134 8.775 8.288 7.731 7.085 6.379 5.674 5.094 4.618 4.185 3.792 3.459 3.199 3.002 2.854 2.767 2.790 2.991 3.416 4.079 4.943
0.000 0.000 0.000 0.000 0.000 0.000 0.000 0.000 0.000 0.000 0.000 0.000 0.000 0.001 0.003 0.005 0.010 0.017 0.032 0.070 0.183 0.604 1.740 3.356 4.449 5.012 5.349 5.578 5.714 5.761 5.749 5.687 5.579 5.439 5.312 5.223 5.169 5.151 5.186 5.390 5.879 6.719 7.800 8.683 9.292 9.756 10.011 10.074 10.035 9.815 9.436 9.085 8.915 8.923 8.979 9.004 8.912 8.638 8.173 7.590 6.895 6.150 5.411 4.790 4.270 3.795 3.366 2.993 2.686 2.436 2.230 2.068 1.978 2.011 2.215 2.586 3.005
0.000 0.000 0.000 0.000 0.000 0.000 0.000 0.000 0.000 0.000 0.000 0.000 0.001 0.002 0.005 0.010 0.017 0.028 0.047 0.086 0.187 0.483 1.296 2.796 4.250 5.094 5.579 5.932 6.189 6.340 6.389 6.378 6.330 6.261 6.207 6.179 6.173 6.195 6.259 6.404 6.694 7.189 7.912 8.568 8.988 9.244 9.400 9.462 9.450 9.305 8.962 8.485 8.159 8.103 8.211 8.359 8.415 8.300 7.932 7.382 6.703 5.951 5.198 4.539 3.964 3.451 2.997 2.602 2.261 1.973 1.733 1.526 1.353 1.253 1.255 1.338 1.372
0.000 0.000 0.000 0.000 0.000 0.000 0.000 0.000 0.000 0.000 0.000 0.001 0.002 0.005 0.011 0.022 0.036 0.057 0.087 0.135 0.230 0.462 1.038 2.192 3.780 4.984 5.675 6.176 6.563 6.817 6.952 6.996 6.991 6.971 6.952 6.948 6.963 6.995 7.054 7.170 7.362 7.661 8.081 8.505 8.779 8.912 8.963 8.976 8.956 8.821 8.519 8.037 7.593 7.373 7.372 7.511 7.645 7.656 7.458 7.034 6.441 5.740 5.009 4.320 3.691 3.139 2.667 2.257 1.897 1.586 1.323 1.085 0.853 0.676 0.566 0.504 0.440
0.000 0.000 0.000 0.000 0.000 0.000 0.000 0.000 0.000 0.000 0.000 0.001 0.004 0.011 0.025 0.048 0.079 0.120 0.170 0.236 0.337 0.529 0.949 1.801 3.216 4.680 5.627 6.285 6.818 7.196 7.423 7.536 7.575 7.579 7.571 7.568 7.584 7.604 7.634 7.714 7.821 7.980 8.192 8.449 8.601 8.673 8.676 8.624 8.568 8.421 8.130 7.673 7.198 6.863 6.706 6.682 6.730 6.751 6.681 6.423 5.969 5.369 4.690 4.014 3.388 2.826 2.344 1.927 1.558 1.233 0.948 0.686 0.454 0.297 0.208 0.157 0.125
0.000 0.000 0.000 0.000 0.000 0.000 0.000 0.000 0.000 0.000 0.001 0.002 0.008 0.023 0.053 0.102 0.164 0.235 0.313 0.405 0.521 0.691 1.012 1.666 2.819 4.306 5.450 6.274 6.945 7.461 7.799 7.984 8.057 8.085 8.074 8.068 8.070 8.050 8.049 8.070 8.096 8.158 8.238 8.360 8.450 8.477 8.442 8.363 8.249 8.062 7.764 7.339 6.862 6.482 6.216 6.037 5.900 5.775 5.652 5.468 5.143 4.650 4.019 3.388 2.829 2.321 1.865 1.467 1.119 0.812 0.546 0.333 0.187 0.110 0.073 0.055 0.044
0.000 0.000 0.000 0.000 0.000 0.000 0.000 0.000 0.000 0.000 0.001 0.005 0.016 0.047 0.108 0.199 0.306 0.418 0.533 0.658 0.797 0.964 1.215 1.722 2.662 3.996 5.211 6.170 6.977 7.612 8.064 8.338 8.452 8.481 8.469 8.437 8.405 8.358 8.343 8.310 8.255 8.227 8.233 8.266 8.281 8.284 8.220 8.117 7.951 7.715 7.410 7.013 6.539 6.120 5.782 5.491 5.216 4.946 4.672 4.367 4.007 3.543 2.956 2.387 1.901 1.478 1.108 0.795 0.542 0.348 0.209 0.115 0.063 0.040 0.030 0.025 0.022
0.000 0.000 0.000 0.000 0.000 0.000 0.000 0.000 0.000 0.001 0.002 0.009 0.032 0.091 0.200 0.350 0.514 0.677 0.843 1.012 1.186 1.370 1.593 1.977 2.723 3.846 5.052 6.079 6.957 7.665 8.209 8.570 8.732 8.767 8.761 8.716 8.672 8.607 8.534 8.443 8.317 8.229 8.183 8.146 8.116 8.086 7.991 7.850 7.644 7.377 7.050 6.657 6.182 5.721 5.322 4.960 4.610 4.257 3.873 3.426 2.905 2.348 1.802 1.331 0.950 0.655 0.434 0.276 0.169 0.100 0.058 0.034 0.022 0.017 0.015 0.014 0.013
0.000 0.000 0.000 0.000 0.000 0.000 0.000 0.000 0.000 0.001 0.004 0.016 0.058 0.160 0.333 0.554 0.784 1.018 1.251 1.477 1.699 1.921 2.154 2.468 3.015 3.892 4.997 6.045 6.945 7.693 8.271 8.688 8.897 8.948 8.957 8.913 8.839 8.763 8.646 8.499 8.332 8.177 8.072 7.994 7.932 7.842 7.720 7.545 7.322 7.025 6.657 6.236 5.750 5.245 4.806 4.413 4.027 3.612 3.133 2.559 1.946 1.397 0.962 0.631 0.391 0.230 0.132 0.075 0.044 0.026 0.017 0.012 0.010 0.009 0.009 0.009 0.008
0.000 0.000 0.000 0.000 0.000 0.000 0.000 0.000 0.000 0.001 0.004 0.018 0.072 0.216 0.463 0.779 1.109 1.439 1.762 2.062 2.340 2.605 2.871 3.170 3.582 4.209 5.086 6.077 6.962 7.711 8.314 8.751 8.990 9.066 9.090 9.050 8.984 8.869 8.703 8.516 8.281 8.050 7.901 7.789 7.697 7.575 7.414 7.204 6.940 6.607 6.205 5.742 5.226 4.667 4.185 3.759 3.329 2.839 2.240 1.600 1.063 0.681 0.417 0.244 0.135 0.071 0.037 0.020 0.012 0.009 0.007 0.006 0.006 0.006 0.006 0.005 0.005
0.000 0.000 0.000 0.000 0.000 0.000 0.000 0.000 0.000 0.001 0.004 0.018 0.073 0.237 0.546 0.970 1.448 1.933 2.378 2.776 3.127 3.443 3.741 4.042 4.381 4.828 5.451 6.257 7.088 7.793 8.380 8.801 9.054 9.143 9.157 9.119 9.050 8.912 8.722 8.493 8.202 7.904 7.690 7.508 7.363 7.202 7.014 6.769 6.460 6.097 5.658 5.161 4.595 3.949 3.310 2.747 2.208 1.653 1.114 0.695 0.415 0.239 0.135 0.075 0.040 0.020 0.010 0.006 0.004 0.004 0.004 0.003 0.003 0.003 0.003 0.003 0.003
0.000 0.000 0.000 0.000 0.000 0.000 0.000 0.000 0.000 0.000 0.003 0.015 0.067 0.237 0.591 1.120 1.762 2.467 3.107 3.637 4.082 4.453 4.775 5.074 5.369 5.699 6.118 6.680 7.354 7.976 8.487 8.869 9.125 9.220 9.217 9.168 9.070 8.914 8.716 8.438 8.088 7.713 7.410 7.143 6.922 6.705 6.484 6.204 5.865 5.468 5.002 4.471 3.858 3.125 2.333 1.660 1.120 0.692 0.386 0.203 0.108 0.060 0.035 0.020 0.010 0.005 0.003 0.002 0.002 0.002 0.002 0.002 0.002 0.002 0.002 0.002 0.001
0.000 0.000 0.000 0.000 0.000 0.000 0.000 0.000 0.000 0.000 0.002 0.011 0.056 0.222 0.610 1.239 2.036 2.951 3.870 4.626 5.206 5.643 5.983 6.274 6.534 6.776 7.039 7.376 7.824 8.301 8.703 8.995 9.179 9.268 9.284 9.202 9.070 8.887 8.651 8.343 7.953 7.496 7.080 6.715 6.403 6.094 5.793 5.475 5.114 4.695 4.209 3.654 3.008 2.233 1.484 0.906 0.498 0.244 0.109 0.049 0.024 0.014 0.008 0.005 0.002 0.001 0.001 0.001 0.001 0.001 0.001 0.001 0.001 0.001 0.001 0.000 0.000
0.000 0.000 0.000 0.000 0.000 0.000 0.000 0.000 0.000 0.000 0.002 0.009 0.045 0.198 0.612 1.333 2.274 3.335 4.478 5.529 6.351 6.941 7.344 7.646 7.865 8.014 8.145 8.297 8.520 8.787 9.031 9.223 9.312 9.336 9.308 9.189 9.017 8.809 8.532 8.191 7.772 7.268 6.744 6.253 5.825 5.416 5.016 4.605 4.174 3.699 3.180 2.613 1.986 1.336 0.800 0.421 0.194 0.080 0.031 0.012 0.006 0.003 0.002 0.001 0.001 0.000 0.000 0.000 0.000 0.000 0.000 0.000 0.000 0.000 0.000 0.000 0.000
0.000 0.000 0.000 0.000 0.000 0.000 0.000 0.000 0.000 0.000 0.002 0.009 0.043 0.190 0.625 1.418 2.468 3.615 4.873 6.187 7.275 8.068 8.603 8.963 9.173 9.275 9.317 9.361 9.402 9.454 9.475 9.503 9.437 9.347 9.253 9.106 8.899 8.650 8.332 7.962 7.525 7.003 6.413 5.827 5.291 4.791 4.302 3.805 3.296 2.767 2.221 1.670 1.140 0.686 0.355 0.159 0.064 0.024 0.009 0.003 0.001 0.001 0.001 0.000 0.000 0.000 0.000 0.000 0.000 0.000 0.000 0.000 0.000 0.000 0.000 0.000 0.000
0.000 0.000 0.000 0.000 0.000 0.000 0.000 0.000 0.000 0.001 0.002 0.009 0.044 0.205 0.678 1.529 2.620 3.781 5.072 6.548 7.897 8.928 9.613 10.032 10.255 10.358 10.362 10.324 10.210 10.066 9.866 9.691 9.475 9.250 9.046 8.838 8.607 8.364 8.033 7.656 7.200 6.686 6.073 5.415 4.795 4.228 3.679 3.130 2.582 2.041 1.510 1.016 0.602 0.306 0.133 0.052 0.020 0.007 0.002 0.001 0.001 0.000 0.000 0.000 0.000 0.000 0.000 0.000 0.000 0.000 0.000 0.000 0.000 0.000 0.000 0.000 0.000
0.001 0.001 0.001 0.002 0.002 0.002 0.002 0.002 0.002 0.002 0.003 0.010 0.053 0.254 0.790 1.664 2.710 3.840 5.140 6.684 8.272 9.546 10.402 10.894 11.103 11.167 11.148 11.044 10.830 10.520 10.143 9.795 9.417 9.004 8.630 8.300 8.028 7.797 7.501 7.169 6.751 6.280 5.689 5.001 4.310 3.687 3.109 2.546 1.994 1.467 0.987 0.586 0.296 0.126 0.047 0.017 0.006 0.002 0.001 0.000 0.000 0.000 0.000 0.000 0.000 0.000 0.000 0.000 0.000 0.000 0.000 0.000 0.000 0.000 0.000 0.000 0.000
0.002 0.003 0.003 0.003 0.003 0.003 0.003 0.003 0.003 0.003 0.005 0.015 0.074 0.323 0.901 1.756 2.736 3.845 5.150 6.698 8.407 9.855 10.891 11.486 11.738 11.782 11.730 11.537 11.202 10.779 10.268 9.758 9.228 8.612 8.039 7.557 7.201 6.914 6.636 6.338 6.003 5.626 5.145 4.521 3.822 3.159 2.559 2.004 1.477 0.996 0.596 0.306 0.131 0.048 0.016 0.005 0.002 0.001 0.000 0.000 0.000 0.000 0.000 0.000 0.000 0.000 0.000 0.000 0.000 0.000 0.000 0.000 0.000 0.000 0.000 0.000 0.000
0.004 0.005 0.005 0.005 0.004 0.004 0.004 0.004 0.004 0.005 0.008 0.019 0.085 0.356 0.946 1.779 2.720 3.808 5.110 6.653 8.393 9.926 11.085 11.757 12.047 12.058 11.978 11.749 11.361 10.881 10.266 9.587 8.862 8.068 7.290 6.622 6.126 5.747 5.439 5.150 4.892 4.631 4.320 3.866 3.266 2.618 1.999 1.452 0.976 0.588 0.304 0.132 0.048 0.016 0.005 0.001 0.000 0.000 0.000 0.000 0.000 0.000 0.000 0.000 0.000 0.000 0.000 0.000 0.000 0.000 0.000 0.000 0.000 0.000 0.000 0.000 0.000
