RESULTS/r.avaflow_results/33_results/33_ascii/33_hflow30050.asc
ncols 506
nrows 317
xllcenter 498237.50
yllcenter 5580050.00
cellsize 12.50
NODATA_value -9999.000
[rows 170 to 203 of 317, columns 154 to 230 of 506]
8.745 8.657 8.554 8.429 8.264 8.070 7.896 7.755 7.625 7.491 7.362 7.235 7.084 6.836 6.412 5.790 5.016 4.195 3.397 2.639 1.938 1.330 0.863 0.561 0.393 0.309 0.273 0.264 0.266 0.283 0.324 0.380 0.422 0.445 0.461 0.475 0.498 0.537 0.559 0.563 0.555 0.541 0.538 0.538 0.533 0.513 0.471 0.406 0.329 0.256 0.194 0.149 0.120 0.101 0.090 0.084 0.082 0.083 0.087 0.091 0.095 0.096 0.097 0.097 0.097 0.097 0.101 0.115 0.151 0.232 0.335 0.387 0.394 0.363 0.273 0.173 0.113
11.959 12.229 12.387 12.450 12.442 12.348 12.169 11.945 11.709 11.459 11.208 10.970 10.728 10.434 9.978 9.273 8.317 7.181 5.981 4.792 3.658 2.638 1.794 1.177 0.791 0.573 0.459 0.409 0.397 0.411 0.450 0.496 0.521 0.528 0.526 0.524 0.530 0.550 0.562 0.559 0.541 0.516 0.501 0.488 0.468 0.428 0.354 0.257 0.174 0.122 0.093 0.075 0.065 0.059 0.057 0.057 0.059 0.063 0.068 0.071 0.072 0.072 0.070 0.069 0.068 0.068 0.072 0.083 0.110 0.169 0.268 0.347 0.379 0.381 0.350 0.272 0.185
15.496 16.130 16.425 16.479 16.402 16.186 15.876 15.543 15.217 14.885 14.553 14.250 13.961 13.650 13.222 12.558 11.610 10.419 9.061 7.606 6.123 4.680 3.390 2.344 1.588 1.096 0.795 0.628 0.547 0.518 0.518 0.530 0.537 0.536 0.524 0.512 0.511 0.515 0.514 0.496 0.453 0.405 0.366 0.331 0.293 0.239 0.170 0.113 0.078 0.059 0.048 0.042 0.039 0.038 0.038 0.040 0.044 0.050 0.054 0.056 0.056 0.055 0.053 0.051 0.051 0.051 0.053 0.061 0.080 0.119 0.194 0.292 0.360 0.386 0.387 0.359 0.288
18.220 19.189 19.637 19.711 19.613 19.370 19.051 18.724 18.397 18.048 17.676 17.333 17.020 16.695 16.277 15.621 14.665 13.456 12.103 10.658 9.100 7.423 5.723 4.183 2.943 2.025 1.393 0.993 0.755 0.620 0.549 0.521 0.508 0.495 0.472 0.445 0.428 0.412 0.390 0.344 0.276 0.217 0.179 0.152 0.127 0.100 0.071 0.051 0.039 0.033 0.029 0.027 0.026 0.026 0.027 0.029 0.033 0.039 0.042 0.043 0.043 0.042 0.041 0.040 0.040 0.040 0.042 0.048 0.059 0.082 0.127 0.212 0.317 0.379 0.395 0.391 0.359
19.754 20.959 21.648 21.914 21.967 21.880 21.731 21.551 21.327 21.027 20.646 20.253 19.903 19.547 19.114 18.465 17.527 16.329 14.964 13.502 11.954 10.277 8.427 6.476 4.703 3.268 2.192 1.454 0.985 0.703 0.551 0.472 0.425 0.387 0.345 0.304 0.273 0.246 0.217 0.178 0.131 0.099 0.081 0.068 0.057 0.046 0.035 0.028 0.024 0.021 0.020 0.019 0.019 0.019 0.020 0.022 0.025 0.030 0.032 0.034 0.034 0.033 0.033 0.033 0.033 0.034 0.036 0.039 0.046 0.059 0.084 0.134 0.235 0.341 0.387 0.392 0.380
20.141 21.452 22.377 22.956 23.318 23.543 23.678 23.706 23.634 23.433 23.066 22.586 22.176 21.790 21.357 20.754 19.912 18.818 17.490 15.969 14.301 12.489 10.482 8.203 5.969 4.121 2.709 1.729 1.108 0.736 0.521 0.390 0.302 0.240 0.191 0.158 0.140 0.126 0.110 0.088 0.065 0.051 0.042 0.035 0.030 0.025 0.021 0.018 0.016 0.015 0.014 0.014 0.014 0.015 0.015 0.017 0.019 0.022 0.025 0.026 0.027 0.027 0.027 0.028 0.028 0.030 0.031 0.034 0.038 0.046 0.061 0.091 0.154 0.262 0.346 0.374 0.375
19.882 21.256 22.326 23.112 23.749 24.280 24.639 24.806 24.837 24.738 24.399 23.827 23.362 23.000 22.607 22.069 21.341 20.396 19.173 17.638 15.840 13.846 11.642 9.119 6.569 4.472 2.889 1.804 1.129 0.719 0.466 0.306 0.205 0.140 0.101 0.081 0.073 0.066 0.058 0.047 0.037 0.030 0.025 0.021 0.018 0.016 0.014 0.012 0.011 0.011 0.011 0.011 0.011 0.011 0.012 0.013 0.014 0.017 0.019 0.020 0.021 0.022 0.023 0.024 0.025 0.027 0.028 0.031 0.034 0.039 0.049 0.068 0.105 0.175 0.266 0.325 0.348
19.037 20.539 21.827 22.867 23.708 24.360 24.773 24.967 25.028 24.981 24.666 24.050 23.559 23.241 22.893 22.387 21.711 20.858 19.735 18.237 16.384 14.273 11.944 9.303 6.640 4.464 2.839 1.741 1.060 0.641 0.379 0.219 0.128 0.080 0.056 0.045 0.040 0.037 0.033 0.027 0.023 0.019 0.016 0.014 0.012 0.011 0.010 0.009 0.008 0.008 0.008 0.008 0.008 0.008 0.009 0.009 0.011 0.012 0.014 0.016 0.017 0.019 0.020 0.021 0.023 0.024 0.026 0.028 0.031 0.035 0.042 0.055 0.077 0.117 0.180 0.247 0.297
17.806 19.451 20.934 22.211 23.242 23.969 24.369 24.531 24.572 24.510 24.204 23.617 23.104 22.763 22.396 21.880 21.226 20.433 19.389 17.956 16.122 13.978 11.581 8.872 6.219 4.073 2.495 1.456 0.834 0.464 0.246 0.128 0.072 0.045 0.033 0.027 0.024 0.022 0.020 0.017 0.015 0.013 0.011 0.010 0.009 0.007 0.007 0.006 0.006 0.005 0.005 0.005 0.005 0.006 0.006 0.007 0.008 0.009 0.010 0.012 0.014 0.015 0.017 0.019 0.020 0.022 0.024 0.026 0.029 0.032 0.038 0.047 0.062 0.087 0.124 0.174 0.227
16.412 18.142 19.704 21.063 22.152 22.907 23.310 23.431 23.387 23.175 22.849 22.435 21.970 21.453 20.878 20.279 19.641 18.921 17.974 16.626 14.825 12.649 10.188 7.518 5.063 3.124 1.744 0.891 0.443 0.222 0.116 0.064 0.039 0.027 0.021 0.018 0.016 0.014 0.013 0.011 0.010 0.009 0.008 0.007 0.006 0.005 0.004 0.004 0.003 0.003 0.003 0.003 0.003 0.004 0.004 0.004 0.005 0.006 0.008 0.009 0.011 0.012 0.014 0.016 0.018 0.020 0.022 0.024 0.027 0.030 0.035 0.042 0.054 0.070 0.095 0.128 0.168
14.816 16.517 18.049 19.389 20.493 21.314 21.795 21.930 21.815 21.467 21.205 21.021 20.644 19.894 19.031 18.300 17.585 16.811 15.809 14.379 12.472 10.162 7.629 5.191 3.182 1.736 0.833 0.364 0.166 0.086 0.050 0.033 0.023 0.017 0.014 0.012 0.011 0.010 0.009 0.008 0.007 0.006 0.005 0.004 0.004 0.003 0.002 0.002 0.002 0.002 0.002 0.002 0.002 0.002 0.002 0.003 0.003 0.004 0.005 0.007 0.008 0.010 0.011 0.013 0.015 0.017 0.019 0.022 0.025 0.028 0.033 0.040 0.049 0.063 0.081 0.104 0.133
12.899 14.474 15.962 17.354 18.608 19.669 20.399 20.674 20.590 20.254 20.020 19.847 19.419 18.531 17.551 16.732 15.888 14.845 13.447 11.598 9.239 6.639 4.301 2.576 1.423 0.705 0.306 0.126 0.062 0.037 0.026 0.019 0.015 0.012 0.010 0.009 0.008 0.007 0.006 0.005 0.005 0.004 0.003 0.003 0.002 0.002 0.001 0.001 0.001 0.001 0.001 0.001 0.001 0.001 0.001 0.001 0.002 0.003 0.004 0.005 0.006 0.007 0.009 0.011 0.013 0.015 0.017 0.020 0.023 0.026 0.031 0.038 0.048 0.060 0.075 0.093 0.115
10.736 12.182 13.668 15.191 16.693 18.026 18.991 19.416 19.403 19.133 18.814 18.457 17.850 16.908 15.926 15.028 14.025 12.651 10.712 8.138 5.423 3.202 1.744 0.905 0.455 0.218 0.097 0.047 0.028 0.020 0.016 0.013 0.010 0.009 0.007 0.006 0.005 0.005 0.004 0.003 0.003 0.002 0.002 0.001 0.001 0.001 0.000 0.000 0.000 0.000 0.000 0.000 0.000 0.000 0.000 0.000 0.001 0.001 0.002 0.003 0.004 0.005 0.007 0.009 0.011 0.013 0.016 0.018 0.022 0.025 0.031 0.038 0.048 0.060 0.074 0.088 0.105
8.760 10.079 11.452 12.945 14.525 15.953 17.035 17.586 17.663 17.419 16.862 16.094 15.201 14.261 13.314 12.304 11.038 9.212 6.674 4.100 2.211 1.051 0.464 0.220 0.116 0.063 0.035 0.022 0.016 0.013 0.011 0.009 0.007 0.006 0.005 0.004 0.003 0.003 0.002 0.002 0.001 0.001 0.001 0.000 0.000 0.000 0.000 0.000 0.000 0.000 0.000 0.000 0.000 0.000 0.000 0.000 0.000 0.001 0.001 0.002 0.003 0.004 0.005 0.007 0.009 0.011 0.014 0.017 0.021 0.025 0.031 0.038 0.048 0.060 0.073 0.086 0.099
6.903 8.023 9.154 10.337 11.553 12.703 13.681 14.262 14.397 14.181 13.469 12.344 11.106 9.996 8.906 7.714 6.246 4.424 2.575 1.272 0.541 0.214 0.098 0.057 0.037 0.025 0.018 0.014 0.011 0.009 0.007 0.006 0.005 0.004 0.003 0.003 0.002 0.001 0.001 0.001 0.000 0.000 0.000 0.000 0.000 0.000 0.000 0.000 0.000 0.000 0.000 0.000 0.000 0.000 0.000 0.000 0.000 0.000 0.000 0.001 0.002 0.003 0.004 0.006 0.008 0.010 0.013 0.016 0.020 0.024 0.031 0.039 0.049 0.061 0.074 0.086 0.098
4.968 5.696 6.276 6.772 7.248 7.792 8.426 8.886 9.034 8.907 8.304 7.179 5.856 4.787 3.896 3.070 2.188 1.260 0.578 0.228 0.093 0.048 0.031 0.023 0.018 0.014 0.011 0.009 0.008 0.006 0.005 0.004 0.003 0.003 0.002 0.001 0.001 0.001 0.000 0.000 0.000 0.000 0.000 0.000 0.000 0.000 0.000 0.000 0.000 0.000 0.000 0.000 0.000 0.000 0.000 0.000 0.000 0.000 0.000 0.000 0.001 0.002 0.003 0.004 0.006 0.009 0.011 0.015 0.019 0.024 0.030 0.039 0.049 0.062 0.074 0.086 0.099
2.810 3.001 3.095 3.134 3.179 3.283 3.503 3.697 3.764 3.719 3.447 2.878 2.104 1.487 1.063 0.747 0.456 0.221 0.095 0.046 0.028 0.021 0.017 0.014 0.012 0.010 0.008 0.006 0.005 0.004 0.003 0.003 0.002 0.001 0.001 0.000 0.000 0.000 0.000 0.000 0.000 0.000 0.000 0.000 0.000 0.000 0.000 0.000 0.000 0.000 0.000 0.000 0.000 0.000 0.000 0.000 0.000 0.000 0.000 0.000 0.000 0.001 0.002 0.003 0.005 0.007 0.010 0.014 0.018 0.023 0.030 0.038 0.048 0.060 0.074 0.088 0.102
1.201 1.150 1.102 1.043 0.989 0.965 0.988 1.025 1.033 1.014 0.924 0.736 0.477 0.302 0.206 0.140 0.085 0.047 0.028 0.020 0.016 0.013 0.011 0.009 0.008 0.007 0.005 0.004 0.003 0.003 0.002 0.001 0.001 0.000 0.000 0.000 0.000 0.000 0.000 0.000 0.000 0.000 0.000 0.000 0.000 0.000 0.000 0.000 0.000 0.000 0.000 0.000 0.000 0.000 0.000 0.000 0.000 0.000 0.000 0.000 0.000 0.000 0.001 0.002 0.004 0.006 0.009 0.012 0.017 0.022 0.028 0.036 0.046 0.058 0.073 0.091 0.111
0.386 0.334 0.307 0.285 0.263 0.246 0.239 0.236 0.231 0.223 0.200 0.156 0.100 0.068 0.050 0.037 0.027 0.020 0.015 0.013 0.011 0.009 0.008 0.007 0.005 0.004 0.003 0.003 0.002 0.001 0.001 0.000 0.000 0.000 0.000 0.000 0.000 0.000 0.000 0.000 0.000 0.000 0.000 0.000 0.000 0.000 0.000 0.000 0.000 0.000 0.000 0.000 0.000 0.000 0.000 0.000 0.000 0.000 0.000 0.000 0.000 0.000 0.001 0.002 0.003 0.005 0.007 0.011 0.015 0.020 0.026 0.033 0.042 0.054 0.071 0.093 0.120
0.111 0.098 0.092 0.087 0.081 0.075 0.070 0.066 0.063 0.060 0.054 0.044 0.033 0.026 0.021 0.018 0.015 0.012 0.010 0.009 0.007 0.006 0.005 0.004 0.004 0.003 0.002 0.001 0.001 0.000 0.000 0.000 0.000 0.000 0.000 0.000 0.000 0.000 0.000 0.000 0.000 0.000 0.000 0.000 0.000 0.000 0.000 0.000 0.000 0.000 0.000 0.000 0.000 0.000 0.000 0.000 0.000 0.000 0.000 0.000 0.000 0.000 0.000 0.001 0.002 0.004 0.006 0.009 0.012 0.017 0.022 0.029 0.037 0.048 0.066 0.090 0.120
0.039 0.036 0.036 0.035 0.034 0.032 0.029 0.028 0.026 0.025 0.023 0.021 0.018 0.015 0.013 0.011 0.010 0.008 0.007 0.006 0.005 0.004 0.003 0.003 0.002 0.001 0.001 0.001 0.000 0.000 0.000 0.000 0.000 0.000 0.000 0.000 0.000 0.000 0.000 0.000 0.000 0.000 0.000 0.000 0.000 0.000 0.000 0.000 0.000 0.000 0.000 0.000 0.000 0.000 0.000 0.000 0.000 0.000 0.000 0.000 0.000 0.000 0.000 0.000 0.001 0.002 0.004 0.006 0.010 0.013 0.017 0.023 0.029 0.039 0.055 0.078 0.109
0.018 0.018 0.018 0.018 0.018 0.018 0.017 0.016 0.015 0.014 0.014 0.013 0.012 0.010 0.009 0.008 0.007 0.006 0.005 0.004 0.003 0.002 0.002 0.001 0.001 0.001 0.000 0.000 0.000 0.000 0.000 0.000 0.000 0.000 0.000 0.000 0.000 0.000 0.000 0.000 0.000 0.000 0.000 0.000 0.000 0.000 0.000 0.000 0.000 0.000 0.000 0.000 0.000 0.000 0.000 0.000 0.000 0.000 0.000 0.000 0.000 0.000 0.000 0.000 0.001 0.001 0.003 0.005 0.007 0.009 0.013 0.017 0.021 0.027 0.038 0.054 0.080
0.011 0.011 0.011 0.011 0.011 0.011 0.011 0.010 0.010 0.009 0.009 0.008 0.008 0.007 0.006 0.005 0.004 0.004 0.003 0.002 0.002 0.001 0.001 0.000 0.000 0.000 0.000 0.000 0.000 0.000 0.000 0.000 0.000 0.000 0.000 0.000 0.000 0.000 0.000 0.000 0.000 0.000 0.000 0.000 0.000 0.000 0.000 0.000 0.000 0.000 0.000 0.000 0.000 0.000 0.000 0.000 0.000 0.000 0.000 0.000 0.000 0.000 0.000 0.000 0.000 0.001 0.002 0.003 0.005 0.007 0.009 0.012 0.015 0.019 0.024 0.033 0.047
0.007 0.007 0.007 0.007 0.007 0.007 0.007 0.007 0.006 0.006 0.006 0.005 0.005 0.004 0.004 0.003 0.003 0.002 0.001 0.001 0.001 0.000 0.000 0.000 0.000 0.000 0.000 0.000 0.000 0.000 0.000 0.000 0.000 0.000 0.000 0.000 0.000 0.000 0.000 0.000 0.000 0.000 0.000 0.000 0.000 0.000 0.000 0.000 0.000 0.000 0.000 0.000 0.000 0.000 0.000 0.000 0.000 0.000 0.000 0.000 0.000 0.000 0.000 0.000 0.000 0.000 0.001 0.002 0.003 0.004 0.006 0.008 0.011 0.013 0.017 0.022 0.028
0.005 0.005 0.005 0.005 0.005 0.005 0.005 0.004 0.004 0.004 0.003 0.003 0.003 0.003 0.002 0.002 0.001 0.001 0.001 0.000 0.000 0.000 0.000 0.000 0.000 0.000 0.000 0.000 0.000 0.000 0.000 0.000 0.000 0.000 0.000 0.000 0.000 0.000 0.000 0.000 0.000 0.000 0.000 0.000 0.000 0.000 0.000 0.000 0.000 0.000 0.000 0.000 0.000 0.000 0.000 0.000 0.000 0.000 0.000 0.000 0.000 0.000 0.000 0.000 0.000 0.000 0.000 0.001 0.002 0.003 0.004 0.006 0.007 0.009 0.012 0.015 0.019
0.003 0.003 0.003 0.003 0.003 0.003 0.003 0.002 0.002 0.002 0.002 0.002 0.001 0.001 0.001 0.001 0.000 0.000 0.000 0.000 0.000 0.000 0.000 0.000 0.000 0.000 0.000 0.000 0.000 0.000 0.000 0.000 0.000 0.000 0.000 0.000 0.000 0.000 0.000 0.000 0.000 0.000 0.000 0.000 0.000 0.000 0.000 0.000 0.000 0.000 0.000 0.000 0.000 0.000 0.000 0.000 0.000 0.000 0.000 0.000 0.000 0.000 0.000 0.000 0.000 0.000 0.000 0.000 0.001 0.002 0.002 0.004 0.005 0.007 0.008 0.011 0.013
0.001 0.001 0.001 0.001 0.001 0.001 0.001 0.001 0.001 0.001 0.001 0.001 0.000 0.000 0.000 0.000 0.000 0.000 0.000 0.000 0.000 0.000 0.000 0.000 0.000 0.000 0.000 0.000 0.000 0.000 0.000 0.000 0.000 0.000 0.000 0.000 0.000 0.000 0.000 0.000 0.000 0.000 0.000 0.000 0.000 0.000 0.000 0.000 0.000 0.000 0.000 0.000 0.000 0.000 0.000 0.000 0.000 0.000 0.000 0.000 0.000 0.000 0.000 0.000 0.000 0.000 0.000 0.000 0.000 0.001 0.001 0.002 0.003 0.004 0.006 0.007 0.009
0.000 0.000 0.000 0.000 0.000 0.000 0.000 0.000 0.000 0.000 0.000 0.000 0.000 0.000 0.000 0.000 0.000 0.000 0.000 0.000 0.000 0.000 0.000 0.000 0.000 0.000 0.000 0.000 0.000 0.000 0.000 0.000 0.000 0.000 0.000 0.000 0.000 0.000 0.000 0.000 0.000 0.000 0.000 0.000 0.000 0.000 0.000 0.000 0.000 0.000 0.000 0.000 0.000 0.000 0.000 0.000 0.000 0.000 0.000 0.000 0.000 0.000 0.000 0.000 0.000 0.000 0.000 0.000 0.000 0.000 0.000 0.001 0.002 0.003 0.004 0.005 0.006
0.000 0.000 0.000 0.000 0.000 0.000 0.000 0.000 0.000 0.000 0.000 0.000 0.000 0.000 0.000 0.000 0.000 0.000 0.000 0.000 0.000 0.000 0.000 0.000 0.000 0.000 0.000 0.000 0.000 0.000 0.000 0.000 0.000 0.000 0.000 0.000 0.000 0.000 0.000 0.000 0.000 0.000 0.000 0.000 0.000 0.000 0.000 0.000 0.000 0.000 0.000 0.000 0.000 0.000 0.000 0.000 0.000 0.000 0.000 0.000 0.000 0.000 0.000 0.000 0.000 0.000 0.000 0.000 0.000 0.000 0.000 0.000 0.001 0.001 0.002 0.003 0.004
0.000 0.000 0.000 0.000 0.000 0.000 0.000 0.000 0.000 0.000 0.000 0.000 0.000 0.000 0.000 0.000 0.000 0.000 0.000 0.000 0.000 0.000 0.000 0.000 0.000 0.000 0.000 0.000 0.000 0.000 0.000 0.000 0.000 0.000 0.000 0.000 0.000 0.000 0.000 0.000 0.000 0.000 0.000 0.000 0.000 0.000 0.000 0.000 0.000 0.000 0.000 0.000 0.000 0.000 0.000 0.000 0.000 0.000 0.000 0.000 0.000 0.000 0.000 0.000 0.000 0.000 0.000 0.000 0.000 0.000 0.000 0.000 0.000 0.001 0.001 0.002 0.003
0.000 0.000 0.000 0.000 0.000 0.000 0.000 0.000 0.000 0.000 0.000 0.000 0.000 0.000 0.000 0.000 0.000 0.000 0.000 0.000 0.000 0.000 0.000 0.000 0.000 0.000 0.000 0.000 0.000 0.000 0.000 0.000 0.000 0.000 0.000 0.000 0.000 0.000 0.000 0.000 0.000 0.000 0.000 0.000 0.000 0.000 0.000 0.000 0.000 0.000 0.000 0.000 0.000 0.000 0.000 0.000 0.000 0.000 0.000 0.000 0.000 0.000 0.000 0.000 0.000 0.000 0.000 0.000 0.000 0.000 0.000 0.000 0.000 0.000 0.000 0.001 0.001
0.000 0.000 0.000 0.000 0.000 0.000 0.000 0.000 0.000 0.000 0.000 0.000 0.000 0.000 0.000 0.000 0.000 0.000 0.000 0.000 0.000 0.000 0.000 0.000 0.000 0.000 0.000 0.000 0.000 0.000 0.000 0.000 0.000 0.000 0.000 0.000 0.000 0.000 0.000 0.000 0.000 0.000 0.000 0.000 0.000 0.000 0.000 0.000 0.000 0.000 0.000 0.000 0.000 0.000 0.000 0.000 0.000 0.000 0.000 0.000 0.000 0.000 0.000 0.000 0.000 0.000 0.000 0.000 0.000 0.000 0.000 0.000 0.000 0.000 0.000 0.000 0.000
0.000 0.000 0.000 0.000 0.000 0.000 0.000 0.000 0.000 0.000 0.000 0.000 0.000 0.000 0.000 0.000 0.000 0.000 0.000 0.000 0.000 0.000 0.000 0.000 0.000 0.000 0.000 0.000 0.000 0.000 0.000 0.000 0.000 0.000 0.000 0.000 0.000 0.000 0.000 0.000 0.000 0.000 0.000 0.000 0.000 0.000 0.000 0.000 0.000 0.000 0.000 0.000 0.000 0.000 0.000 0.000 0.000 0.000 0.000 0.000 0.000 0.000 0.000 0.000 0.000 0.000 0.000 0.000 0.000 0.000 0.000 0.000 0.000 0.000 0.000 0.000 0.000
0.000 0.000 0.000 0.000 0.000 0.000 0.000 0.000 0.000 0.000 0.000 0.000 0.000 0.000 0.000 0.000 0.000 0.000 0.000 0.000 0.000 0.000 0.000 0.000 0.000 0.000 0.000 0.000 0.000 0.000 0.000 0.000 0.000 0.000 0.000 0.000 0.000 0.000 0.000 0.000 0.000 0.000 0.000 0.000 0.000 0.000 0.000 0.000 0.000 0.000 0.000 0.000 0.000 0.000 0.000 0.000 0.000 0.000 0.000 0.000 0.000 0.000 0.000 0.000 0.000 0.000 0.000 0.000 0.000 0.000 0.000 0.000 0.000 0.000 0.000 0.000 0.000
