RESULTS/r.avaflow_results/33_results/33_ascii/33_hflow10032.asc
ncols 506
nrows 317
xllcenter 498237.50
yllcenter 5580050.00
cellsize 12.50
NODATA_value -9999.000
[rows 170 to 203 of 317, columns 77 to 153 of 506]
0.000 0.000 0.000 0.000 0.000 0.000 0.000 0.000 0.000 0.000 0.000 0.000 0.000 0.001 0.001 0.003 0.004 0.006 0.007 0.008 0.009 0.011 0.018 0.034 0.068 0.108 0.132 0.145 0.157 0.170 0.183 0.197 0.210 0.223 0.239 0.265 0.305 0.337 0.349 0.348 0.326 0.274 0.232 0.225 0.263 0.376 0.546 0.743 0.976 1.297 1.784 2.567 3.709 4.771 5.306 5.429 5.439 5.492 5.566 5.604 5.597 5.511 5.305 4.972 4.519 3.938 3.276 2.673 2.160 1.728 1.370 1.081 0.848 0.663 0.515 0.397 0.305
0.000 0.000 0.000 0.000 0.000 0.000 0.000 0.000 0.000 0.000 0.000 0.000 0.001 0.003 0.005 0.009 0.013 0.017 0.021 0.025 0.029 0.037 0.054 0.088 0.136 0.174 0.194 0.208 0.221 0.235 0.251 0.267 0.284 0.303 0.328 0.370 0.431 0.477 0.493 0.490 0.460 0.401 0.374 0.412 0.580 0.884 1.248 1.627 2.075 2.662 3.442 4.400 5.325 5.890 6.076 6.078 6.062 6.064 6.083 6.074 6.020 5.884 5.632 5.251 4.734 4.088 3.383 2.764 2.238 1.799 1.436 1.140 0.899 0.704 0.548 0.424 0.326
0.000 0.000 0.000 0.000 0.000 0.000 0.000 0.000 0.000 0.000 0.001 0.002 0.004 0.008 0.013 0.019 0.027 0.037 0.047 0.058 0.072 0.093 0.130 0.180 0.227 0.254 0.271 0.286 0.302 0.318 0.337 0.357 0.379 0.405 0.441 0.499 0.581 0.646 0.677 0.680 0.657 0.624 0.659 0.855 1.271 1.832 2.392 2.966 3.668 4.489 5.277 5.941 6.383 6.583 6.619 6.607 6.581 6.540 6.505 6.455 6.351 6.170 5.873 5.441 4.871 4.175 3.453 2.830 2.304 1.860 1.492 1.187 0.937 0.734 0.571 0.441 0.340
0.000 0.000 0.000 0.000 0.000 0.000 0.000 0.000 0.000 0.001 0.002 0.004 0.009 0.015 0.024 0.035 0.049 0.067 0.088 0.113 0.143 0.185 0.243 0.297 0.331 0.351 0.368 0.385 0.403 0.423 0.445 0.469 0.497 0.531 0.577 0.648 0.746 0.843 0.908 0.948 0.976 1.037 1.250 1.729 2.453 3.225 3.936 4.661 5.409 6.100 6.652 7.007 7.156 7.182 7.150 7.078 7.012 6.939 6.868 6.769 6.623 6.390 6.048 5.566 4.947 4.214 3.494 2.877 2.351 1.904 1.531 1.218 0.961 0.752 0.585 0.453 0.349
0.000 0.000 0.000 0.000 0.000 0.000 0.000 0.000 0.000 0.001 0.004 0.009 0.016 0.026 0.039 0.057 0.079 0.108 0.144 0.188 0.242 0.310 0.377 0.424 0.450 0.470 0.490 0.510 0.531 0.554 0.579 0.607 0.641 0.681 0.737 0.819 0.930 1.064 1.200 1.331 1.479 1.745 2.285 3.126 4.091 4.944 5.658 6.282 6.840 7.300 7.627 7.785 7.820 7.775 7.648 7.486 7.371 7.271 7.171 7.028 6.839 6.556 6.167 5.641 4.980 4.226 3.517 2.903 2.379 1.930 1.551 1.234 0.974 0.763 0.593 0.459 0.354
0.000 0.000 0.000 0.000 0.000 0.000 0.000 0.000 0.000 0.002 0.006 0.012 0.022 0.037 0.058 0.085 0.120 0.164 0.220 0.289 0.372 0.457 0.524 0.567 0.595 0.619 0.642 0.665 0.689 0.715 0.743 0.775 0.812 0.858 0.919 1.008 1.142 1.323 1.559 1.844 2.199 2.793 3.786 4.974 5.978 6.715 7.228 7.631 7.977 8.231 8.379 8.432 8.419 8.314 8.104 7.845 7.673 7.549 7.418 7.248 7.019 6.697 6.247 5.670 4.985 4.224 3.526 2.914 2.387 1.937 1.556 1.239 0.978 0.767 0.597 0.462 0.355
0.000 0.000 0.000 0.000 0.000 0.000 0.000 0.000 0.000 0.002 0.006 0.014 0.026 0.046 0.074 0.113 0.167 0.236 0.320 0.423 0.533 0.628 0.696 0.743 0.776 0.805 0.831 0.858 0.885 0.914 0.945 0.977 1.011 1.057 1.117 1.202 1.350 1.581 1.908 2.341 2.931 3.903 5.374 6.764 7.686 8.255 8.545 8.736 8.891 8.980 9.017 8.998 8.925 8.768 8.521 8.204 7.953 7.786 7.628 7.434 7.164 6.786 6.286 5.676 4.979 4.216 3.521 2.910 2.383 1.932 1.551 1.235 0.975 0.765 0.596 0.461 0.354
0.000 0.000 0.000 0.000 0.000 0.000 0.000 0.000 0.000 0.002 0.006 0.014 0.028 0.050 0.083 0.131 0.200 0.298 0.431 0.590 0.729 0.837 0.914 0.968 1.007 1.037 1.066 1.095 1.124 1.155 1.186 1.214 1.243 1.278 1.321 1.382 1.522 1.782 2.175 2.711 3.463 4.727 6.613 8.181 9.091 9.500 9.601 9.624 9.613 9.578 9.530 9.447 9.318 9.129 8.872 8.547 8.242 8.018 7.812 7.571 7.258 6.826 6.292 5.659 4.945 4.180 3.486 2.879 2.355 1.908 1.530 1.217 0.960 0.754 0.589 0.456 0.350
0.000 0.000 0.000 0.000 0.000 0.000 0.000 0.000 0.000 0.002 0.006 0.014 0.028 0.051 0.086 0.138 0.216 0.334 0.507 0.745 0.959 1.097 1.193 1.256 1.298 1.330 1.358 1.386 1.415 1.443 1.470 1.491 1.508 1.521 1.528 1.554 1.665 1.927 2.362 2.979 3.849 5.283 7.483 9.255 10.157 10.424 10.410 10.302 10.149 10.022 9.905 9.779 9.613 9.408 9.158 8.842 8.505 8.222 7.959 7.661 7.293 6.822 6.263 5.604 4.860 4.098 3.412 2.816 2.300 1.860 1.491 1.185 0.935 0.735 0.575 0.446 0.344
0.000 0.000 0.000 0.000 0.000 0.000 0.000 0.000 0.000 0.001 0.005 0.012 0.026 0.049 0.085 0.138 0.220 0.345 0.539 0.833 1.189 1.427 1.547 1.620 1.664 1.694 1.717 1.739 1.762 1.784 1.801 1.811 1.811 1.787 1.739 1.726 1.794 2.039 2.489 3.160 4.125 5.620 7.976 9.966 10.873 11.040 10.966 10.749 10.498 10.306 10.145 9.989 9.813 9.612 9.378 9.077 8.720 8.387 8.073 7.710 7.285 6.773 6.173 5.483 4.714 3.963 3.295 2.717 2.215 1.790 1.434 1.141 0.902 0.711 0.557 0.433 0.334
0.000 0.000 0.000 0.000 0.000 0.000 0.000 0.000 0.000 0.001 0.003 0.008 0.019 0.040 0.075 0.129 0.212 0.339 0.538 0.849 1.313 1.769 1.997 2.076 2.114 2.136 2.151 2.161 2.172 2.183 2.188 2.181 2.151 2.080 1.965 1.902 1.928 2.138 2.586 3.289 4.312 5.803 8.124 10.275 11.287 11.436 11.289 10.989 10.682 10.449 10.271 10.098 9.930 9.755 9.534 9.243 8.884 8.513 8.147 7.724 7.247 6.676 6.020 5.280 4.501 3.775 3.136 2.580 2.103 1.699 1.363 1.088 0.864 0.683 0.536 0.416 0.320
0.000 0.000 0.000 0.000 0.000 0.000 0.000 0.000 0.000 0.000 0.001 0.003 0.009 0.023 0.049 0.096 0.171 0.289 0.480 0.794 1.290 1.953 2.441 2.620 2.654 2.662 2.665 2.663 2.656 2.649 2.635 2.603 2.536 2.417 2.236 2.105 2.089 2.245 2.675 3.408 4.484 5.964 8.131 10.310 11.438 11.632 11.430 11.081 10.739 10.493 10.305 10.140 9.991 9.823 9.625 9.351 8.995 8.595 8.179 7.707 7.181 6.538 5.807 4.995 4.217 3.527 2.926 2.408 1.967 1.594 1.285 1.030 0.822 0.651 0.511 0.396 0.305
0.000 0.000 0.000 0.000 0.000 0.000 0.000 0.000 0.000 0.000 0.000 0.001 0.003 0.008 0.020 0.044 0.088 0.168 0.313 0.592 1.101 1.903 2.719 3.141 3.255 3.273 3.264 3.243 3.218 3.188 3.147 3.083 2.978 2.818 2.584 2.389 2.323 2.413 2.798 3.542 4.652 6.117 8.081 10.167 11.381 11.656 11.475 11.110 10.742 10.492 10.295 10.149 10.008 9.850 9.669 9.409 9.058 8.629 8.172 7.667 7.082 6.364 5.543 4.687 3.927 3.267 2.699 2.217 1.814 1.478 1.200 0.969 0.776 0.618 0.485 0.377 0.291
0.000 0.000 0.000 0.000 0.000 0.000 0.000 0.000 0.000 0.000 0.000 0.000 0.001 0.002 0.006 0.014 0.030 0.060 0.127 0.298 0.737 1.636 2.811 3.529 3.798 3.885 3.910 3.890 3.849 3.794 3.723 3.628 3.492 3.301 3.046 2.814 2.693 2.716 3.014 3.713 4.807 6.271 8.064 9.885 11.082 11.486 11.408 11.091 10.712 10.449 10.250 10.112 9.984 9.843 9.678 9.431 9.084 8.647 8.146 7.594 6.945 6.170 5.303 4.452 3.710 3.066 2.517 2.056 1.675 1.363 1.110 0.902 0.728 0.584 0.463 0.363 0.283
0.000 0.000 0.000 0.000 0.000 0.000 0.000 0.000 0.000 0.000 0.000 0.000 0.000 0.001 0.002 0.005 0.011 0.022 0.047 0.127 0.408 1.218 2.629 3.718 4.206 4.405 4.503 4.532 4.511 4.452 4.362 4.243 4.089 3.890 3.643 3.415 3.270 3.238 3.414 3.979 4.975 6.385 7.982 9.438 10.516 11.064 11.146 10.971 10.655 10.335 10.097 9.952 9.866 9.788 9.654 9.418 9.080 8.652 8.119 7.512 6.806 5.994 5.112 4.282 3.554 2.920 2.378 1.924 1.554 1.256 1.017 0.827 0.674 0.549 0.444 0.355 0.279
0.000 0.000 0.000 0.000 0.000 0.000 0.000 0.000 0.000 0.000 0.000 0.000 0.000 0.001 0.002 0.004 0.009 0.016 0.031 0.074 0.240 0.848 2.227 3.658 4.421 4.783 4.986 5.097 5.136 5.121 5.059 4.943 4.789 4.604 4.399 4.223 4.100 4.052 4.126 4.508 5.287 6.489 7.852 8.969 9.813 10.411 10.652 10.631 10.463 10.146 9.818 9.610 9.513 9.494 9.444 9.305 9.033 8.631 8.087 7.450 6.699 5.852 4.964 4.155 3.438 2.810 2.269 1.817 1.450 1.156 0.924 0.745 0.611 0.510 0.425 0.348 0.277
0.000 0.000 0.000 0.000 0.000 0.000 0.000 0.000 0.000 0.000 0.000 0.000 0.000 0.001 0.003 0.005 0.010 0.017 0.032 0.070 0.183 0.604 1.740 3.356 4.449 5.012 5.349 5.578 5.714 5.761 5.749 5.687 5.579 5.439 5.312 5.223 5.169 5.151 5.186 5.390 5.879 6.719 7.799 8.682 9.291 9.755 10.010 10.071 10.031 9.809 9.428 9.074 8.899 8.901 8.946 8.955 8.839 8.532 8.021 7.376 6.600 5.745 4.864 4.060 3.349 2.722 2.183 1.730 1.359 1.064 0.834 0.660 0.538 0.456 0.391 0.326 0.257
0.000 0.000 0.000 0.000 0.000 0.000 0.000 0.000 0.000 0.000 0.000 0.000 0.001 0.002 0.005 0.010 0.017 0.028 0.047 0.086 0.187 0.483 1.296 2.796 4.250 5.094 5.579 5.932 6.189 6.340 6.389 6.378 6.330 6.261 6.207 6.179 6.173 6.195 6.259 6.404 6.694 7.189 7.912 8.567 8.987 9.243 9.398 9.460 9.447 9.301 8.957 8.477 8.148 8.087 8.188 8.324 8.363 8.223 7.822 7.227 6.486 5.651 4.789 3.990 3.272 2.646 2.109 1.656 1.282 0.981 0.748 0.574 0.451 0.368 0.304 0.241 0.172
0.000 0.000 0.000 0.000 0.000 0.000 0.000 0.000 0.000 0.000 0.000 0.001 0.002 0.005 0.011 0.022 0.036 0.057 0.087 0.135 0.230 0.462 1.038 2.192 3.780 4.984 5.675 6.176 6.563 6.817 6.952 6.996 6.991 6.971 6.952 6.948 6.963 6.995 7.054 7.170 7.362 7.661 8.081 8.505 8.778 8.912 8.962 8.975 8.954 8.818 8.515 8.031 7.585 7.361 7.356 7.487 7.609 7.603 7.381 6.925 6.289 5.530 4.721 3.930 3.201 2.571 2.039 1.589 1.212 0.903 0.662 0.480 0.341 0.235 0.159 0.103 0.061
0.000 0.000 0.000 0.000 0.000 0.000 0.000 0.000 0.000 0.000 0.000 0.001 0.004 0.011 0.025 0.048 0.079 0.120 0.170 0.236 0.337 0.529 0.949 1.801 3.216 4.680 5.627 6.285 6.818 7.196 7.423 7.536 7.575 7.579 7.571 7.568 7.584 7.604 7.634 7.714 7.821 7.979 8.192 8.449 8.601 8.672 8.675 8.623 8.567 8.419 8.127 7.669 7.192 6.855 6.694 6.665 6.705 6.715 6.629 6.350 5.868 5.232 4.503 3.761 3.071 2.460 1.942 1.502 1.125 0.807 0.551 0.351 0.205 0.112 0.061 0.033 0.017
0.000 0.000 0.000 0.000 0.000 0.000 0.000 0.000 0.000 0.000 0.001 0.002 0.008 0.023 0.053 0.102 0.164 0.235 0.313 0.405 0.521 0.691 1.012 1.666 2.819 4.306 5.450 6.274 6.945 7.461 7.799 7.984 8.057 8.084 8.074 8.068 8.070 8.050 8.049 8.070 8.096 8.158 8.238 8.359 8.450 8.476 8.441 8.362 8.248 8.061 7.762 7.336 6.858 6.476 6.208 6.025 5.882 5.750 5.618 5.420 5.079 4.564 3.905 3.239 2.646 2.113 1.642 1.237 0.889 0.590 0.350 0.184 0.089 0.043 0.022 0.011 0.006
0.000 0.000 0.000 0.000 0.000 0.000 0.000 0.000 0.000 0.000 0.001 0.005 0.016 0.047 0.108 0.199 0.306 0.418 0.533 0.658 0.797 0.964 1.215 1.722 2.662 3.996 5.211 6.170 6.977 7.612 8.064 8.338 8.452 8.481 8.469 8.437 8.405 8.358 8.343 8.310 8.255 8.227 8.233 8.266 8.281 8.283 8.219 8.116 7.950 7.714 7.409 7.010 6.536 6.116 5.776 5.483 5.205 4.930 4.649 4.337 3.967 3.491 2.891 2.306 1.807 1.376 1.003 0.692 0.444 0.259 0.136 0.064 0.030 0.015 0.008 0.004 0.003
0.000 0.000 0.000 0.000 0.000 0.000 0.000 0.000 0.000 0.001 0.002 0.009 0.032 0.091 0.200 0.350 0.514 0.677 0.843 1.012 1.186 1.370 1.593 1.977 2.723 3.846 5.052 6.079 6.957 7.665 8.209 8.570 8.732 8.767 8.761 8.716 8.672 8.607 8.534 8.442 8.317 8.229 8.182 8.145 8.116 8.086 7.991 7.849 7.644 7.377 7.049 6.656 6.179 5.718 5.318 4.955 4.602 4.246 3.858 3.406 2.881 2.318 1.767 1.291 0.908 0.613 0.395 0.241 0.138 0.073 0.037 0.018 0.009 0.005 0.003 0.002 0.001
0.000 0.000 0.000 0.000 0.000 0.000 0.000 0.000 0.000 0.001 0.004 0.016 0.058 0.160 0.333 0.554 0.784 1.018 1.251 1.477 1.699 1.921 2.154 2.468 3.015 3.892 4.997 6.045 6.945 7.693 8.271 8.688 8.897 8.948 8.956 8.913 8.839 8.763 8.646 8.499 8.332 8.177 8.072 7.994 7.932 7.842 7.720 7.545 7.321 7.024 6.656 6.235 5.749 5.243 4.803 4.409 4.021 3.605 3.124 2.548 1.932 1.382 0.946 0.614 0.375 0.217 0.120 0.065 0.035 0.018 0.010 0.006 0.004 0.002 0.002 0.001 0.001
0.000 0.000 0.000 0.000 0.000 0.000 0.000 0.000 0.000 0.001 0.004 0.018 0.072 0.216 0.463 0.779 1.109 1.439 1.762 2.062 2.340 2.605 2.871 3.170 3.582 4.209 5.086 6.077 6.962 7.711 8.314 8.751 8.990 9.066 9.090 9.050 8.984 8.869 8.703 8.516 8.281 8.050 7.901 7.789 7.697 7.575 7.414 7.204 6.939 6.607 6.204 5.742 5.225 4.665 4.183 3.757 3.326 2.835 2.235 1.594 1.057 0.674 0.411 0.238 0.130 0.067 0.033 0.017 0.009 0.005 0.003 0.002 0.002 0.001 0.001 0.001 0.001
0.000 0.000 0.000 0.000 0.000 0.000 0.000 0.000 0.000 0.001 0.004 0.018 0.073 0.237 0.546 0.970 1.448 1.933 2.378 2.776 3.127 3.443 3.741 4.042 4.381 4.828 5.451 6.257 7.088 7.793 8.380 8.801 9.054 9.143 9.157 9.119 9.050 8.912 8.722 8.493 8.202 7.904 7.690 7.508 7.363 7.202 7.014 6.769 6.460 6.096 5.658 5.160 4.594 3.948 3.309 2.745 2.207 1.651 1.112 0.693 0.412 0.237 0.133 0.073 0.038 0.018 0.009 0.004 0.003 0.002 0.001 0.001 0.001 0.001 0.001 0.000 0.000
0.000 0.000 0.000 0.000 0.000 0.000 0.000 0.000 0.000 0.000 0.003 0.015 0.067 0.237 0.591 1.120 1.762 2.467 3.107 3.637 4.082 4.453 4.775 5.074 5.369 5.699 6.118 6.680 7.354 7.976 8.487 8.869 9.125 9.220 9.217 9.168 9.070 8.914 8.716 8.438 8.088 7.713 7.410 7.143 6.922 6.705 6.484 6.204 5.864 5.467 5.002 4.470 3.858 3.125 2.332 1.659 1.119 0.691 0.385 0.202 0.107 0.059 0.034 0.019 0.010 0.004 0.002 0.001 0.001 0.001 0.001 0.000 0.000 0.000 0.000 0.000 0.000
0.000 0.000 0.000 0.000 0.000 0.000 0.000 0.000 0.000 0.000 0.002 0.011 0.056 0.222 0.610 1.239 2.036 2.951 3.870 4.626 5.206 5.643 5.983 6.274 6.534 6.776 7.039 7.376 7.824 8.301 8.703 8.995 9.179 9.268 9.284 9.202 9.070 8.887 8.651 8.343 7.953 7.496 7.080 6.715 6.403 6.094 5.793 5.475 5.114 4.695 4.209 3.654 3.008 2.232 1.484 0.905 0.497 0.243 0.108 0.048 0.024 0.013 0.008 0.004 0.002 0.001 0.001 0.000 0.000 0.000 0.000 0.000 0.000 0.000 0.000 0.000 0.000
0.000 0.000 0.000 0.000 0.000 0.000 0.000 0.000 0.000 0.000 0.002 0.009 0.045 0.198 0.612 1.333 2.274 3.335 4.478 5.529 6.351 6.941 7.344 7.646 7.865 8.014 8.145 8.297 8.520 8.787 9.031 9.223 9.312 9.336 9.308 9.189 9.017 8.809 8.532 8.191 7.772 7.268 6.744 6.253 5.825 5.416 5.016 4.605 4.174 3.699 3.179 2.613 1.985 1.336 0.800 0.421 0.194 0.080 0.031 0.012 0.005 0.003 0.002 0.001 0.001 0.000 0.000 0.000 0.000 0.000 0.000 0.000 0.000 0.000 0.000 0.000 0.000
0.000 0.000 0.000 0.000 0.000 0.000 0.000 0.000 0.000 0.000 0.002 0.009 0.043 0.190 0.625 1.418 2.468 3.615 4.873 6.187 7.275 8.068 8.603 8.963 9.173 9.275 9.317 9.361 9.402 9.454 9.475 9.503 9.437 9.347 9.253 9.106 8.899 8.650 8.332 7.962 7.525 7.003 6.413 5.827 5.291 4.791 4.302 3.805 3.295 2.767 2.221 1.670 1.140 0.686 0.355 0.159 0.064 0.024 0.008 0.003 0.001 0.001 0.001 0.000 0.000 0.000 0.000 0.000 0.000 0.000 0.000 0.000 0.000 0.000 0.000 0.000 0.000
0.000 0.000 0.000 0.000 0.000 0.000 0.000 0.000 0.000 0.001 0.002 0.009 0.044 0.205 0.678 1.529 2.620 3.781 5.072 6.548 7.897 8.928 9.613 10.032 10.255 10.358 10.362 10.324 10.210 10.066 9.866 9.691 9.475 9.250 9.046 8.838 8.607 8.364 8.033 7.656 7.200 6.686 6.073 5.415 4.795 4.228 3.679 3.130 2.582 2.041 1.510 1.016 0.602 0.306 0.133 0.052 0.019 0.007 0.002 0.001 0.000 0.000 0.000 0.000 0.000 0.000 0.000 0.000 0.000 0.000 0.000 0.000 0.000 0.000 0.000 0.000 0.000
0.001 0.001 0.001 0.002 0.002 0.002 0.002 0.002 0.002 0.002 0.003 0.010 0.053 0.254 0.790 1.664 2.710 3.840 5.140 6.684 8.272 9.546 10.402 10.894 11.103 11.167 11.148 11.044 10.830 10.520 10.143 9.795 9.417 9.004 8.630 8.300 8.028 7.797 7.501 7.169 6.751 6.280 5.689 5.001 4.310 3.687 3.109 2.546 1.994 1.467 0.987 0.586 0.296 0.126 0.047 0.017 0.006 0.002 0.001 0.000 0.000 0.000 0.000 0.000 0.000 0.000 0.000 0.000 0.000 0.000 0.000 0.000 0.000 0.000 0.000 0.000 0.000
0.002 0.003 0.003 0.003 0.003 0.003 0.003 0.003 0.003 0.003 0.005 0.015 0.074 0.323 0.901 1.756 2.736 3.845 5.150 6.698 8.407 9.855 10.891 11.486 11.738 11.782 11.730 11.537 11.202 10.779 10.268 9.758 9.228 8.612 8.039 7.557 7.201 6.914 6.636 6.338 6.003 5.626 5.145 4.521 3.822 3.159 2.559 2.004 1.477 0.996 0.596 0.306 0.131 0.048 0.016 0.005 0.001 0.001 0.000 0.000 0.000 0.000 0.000 0.000 0.000 0.000 0.000 0.000 0.000 0.000 0.000 0.000 0.000 0.000 0.000 0.000 0.000
0.004 0.005 0.005 0.005 0.004 0.004 0.004 0.004 0.004 0.005 0.008 0.019 0.085 0.356 0.946 1.779 2.720 3.808 5.110 6.653 8.393 9.926 11.085 11.757 12.047 12.058 11.978 11.749 11.361 10.881 10.266 9.587 8.862 8.068 7.290 6.622 6.126 5.747 5.439 5.150 4.892 4.631 4.320 3.866 3.266 2.618 1.999 1.452 0.976 0.587 0.304 0.132 0.048 0.015 0.005 0.001 0.000 0.000 0.000 0.000 0.000 0.000 0.000 0.000 0.000 0.000 0.000 0.000 0.000 0.000 0.000 0.000 0.000 0.000 0.000 0.000 0.000
