RESULTS/r.avaflow_results/33_results/33_ascii/33_hflow0025.asc
ncols 506
nrows 317
xllcenter 498237.50
yllcenter 5580050.00
cellsize 12.50
NODATA_value -9999.000
[rows 170 to 203 of 317, columns 77 to 153 of 506]
0.000 0.000 0.000 0.000 0.000 0.000 0.000 0.000 0.000 0.000 0.000 0.000 0.000 0.000 0.000 0.000 0.001 0.001 0.002 0.003 0.003 0.005 0.008 0.019 0.043 0.073 0.090 0.100 0.108 0.116 0.124 0.133 0.141 0.151 0.164 0.191 0.238 0.304 0.347 0.360 0.357 0.333 0.300 0.294 0.325 0.416 0.553 0.710 0.898 1.165 1.587 2.293 3.423 4.587 5.265 5.560 5.791 6.165 6.727 7.439 8.354 9.506 10.863 12.326 13.408 14.072 14.370 14.460 14.287 13.855 13.252 12.419 11.505 10.800 10.319 9.958 9.684
0.000 0.000 0.000 0.000 0.000 0.000 0.000 0.000 0.000 0.000 0.000 0.000 0.000 0.000 0.001 0.002 0.004 0.005 0.007 0.009 0.012 0.017 0.029 0.053 0.090 0.120 0.135 0.146 0.156 0.166 0.177 0.188 0.199 0.213 0.236 0.278 0.345 0.433 0.492 0.516 0.516 0.494 0.468 0.486 0.606 0.852 1.169 1.515 1.929 2.467 3.183 4.123 5.102 5.762 6.092 6.276 6.512 6.868 7.399 8.091 8.996 10.124 11.426 12.787 13.755 14.310 14.502 14.458 14.212 13.826 13.363 12.875 12.535 12.411 12.412 12.465 12.599
0.000 0.000 0.000 0.000 0.000 0.000 0.000 0.000 0.000 0.000 0.000 0.000 0.000 0.001 0.003 0.006 0.009 0.013 0.019 0.025 0.033 0.048 0.075 0.116 0.154 0.179 0.193 0.206 0.219 0.232 0.246 0.261 0.277 0.299 0.332 0.389 0.475 0.584 0.671 0.725 0.748 0.750 0.761 0.873 1.178 1.651 2.192 2.773 3.476 4.269 5.036 5.724 6.227 6.511 6.681 6.862 7.113 7.444 7.920 8.577 9.446 10.518 11.740 12.994 13.870 14.326 14.461 14.448 14.330 14.156 14.046 14.048 14.155 14.291 14.468 14.848 15.555
0.000 0.000 0.000 0.000 0.000 0.000 0.000 0.000 0.000 0.000 0.000 0.000 0.001 0.003 0.007 0.011 0.018 0.027 0.038 0.053 0.073 0.104 0.151 0.199 0.232 0.252 0.269 0.285 0.302 0.319 0.337 0.357 0.379 0.409 0.455 0.526 0.629 0.760 0.891 1.000 1.086 1.159 1.272 1.569 2.114 2.828 3.603 4.403 5.206 5.913 6.481 6.871 7.072 7.175 7.263 7.392 7.607 7.905 8.338 8.957 9.765 10.747 11.845 12.956 13.757 14.190 14.429 14.619 14.811 15.020 15.187 15.295 15.403 15.554 15.869 16.586 17.826
0.000 0.000 0.000 0.000 0.000 0.000 0.000 0.000 0.000 0.000 0.000 0.001 0.003 0.007 0.013 0.021 0.032 0.047 0.068 0.095 0.133 0.185 0.246 0.294 0.324 0.347 0.368 0.389 0.409 0.431 0.453 0.479 0.509 0.549 0.608 0.695 0.817 0.975 1.162 1.357 1.555 1.765 2.070 2.608 3.381 4.288 5.172 5.953 6.627 7.160 7.545 7.757 7.842 7.866 7.838 7.855 8.005 8.258 8.642 9.181 9.899 10.758 11.704 12.664 13.484 14.075 14.554 14.993 15.381 15.670 15.816 15.891 16.003 16.263 16.812 17.787 19.219
0.000 0.000 0.000 0.000 0.000 0.000 0.000 0.000 0.000 0.000 0.000 0.002 0.006 0.012 0.021 0.034 0.052 0.076 0.109 0.153 0.213 0.288 0.357 0.406 0.441 0.470 0.496 0.522 0.548 0.574 0.602 0.633 0.670 0.721 0.794 0.901 1.050 1.248 1.504 1.811 2.162 2.568 3.126 3.920 4.865 5.782 6.573 7.221 7.754 8.140 8.389 8.509 8.553 8.528 8.400 8.270 8.311 8.507 8.835 9.289 9.884 10.578 11.352 12.190 13.106 13.949 14.607 15.119 15.521 15.781 15.897 15.969 16.099 16.453 17.178 18.262 19.632
0.000 0.000 0.000 0.000 0.000 0.000 0.000 0.000 0.000 0.000 0.000 0.002 0.007 0.016 0.030 0.049 0.077 0.115 0.165 0.232 0.320 0.416 0.493 0.549 0.593 0.629 0.661 0.692 0.723 0.755 0.789 0.825 0.868 0.929 1.018 1.148 1.336 1.595 1.938 2.373 2.903 3.540 4.377 5.381 6.313 7.081 7.733 8.249 8.657 8.939 9.091 9.153 9.164 9.098 8.925 8.675 8.573 8.677 8.917 9.275 9.734 10.260 10.879 11.641 12.635 13.652 14.377 14.870 15.205 15.378 15.427 15.463 15.590 16.021 16.861 18.003 19.327
0.000 0.000 0.000 0.000 0.000 0.000 0.000 0.000 0.000 0.000 0.000 0.002 0.008 0.018 0.035 0.060 0.099 0.156 0.235 0.336 0.462 0.580 0.671 0.740 0.792 0.834 0.872 0.909 0.945 0.981 1.020 1.061 1.109 1.178 1.282 1.440 1.680 2.019 2.466 3.029 3.711 4.537 5.620 6.721 7.562 8.161 8.664 9.057 9.359 9.561 9.658 9.687 9.667 9.569 9.369 9.068 8.843 8.811 8.916 9.142 9.452 9.824 10.319 11.009 11.966 12.937 13.578 13.965 14.157 14.185 14.115 14.063 14.136 14.586 15.531 16.827 18.267
0.000 0.000 0.000 0.000 0.000 0.000 0.000 0.000 0.000 0.000 0.000 0.002 0.008 0.019 0.036 0.064 0.109 0.181 0.293 0.454 0.644 0.792 0.907 0.991 1.053 1.101 1.142 1.181 1.219 1.257 1.298 1.344 1.398 1.473 1.586 1.756 2.024 2.416 2.941 3.605 4.408 5.389 6.665 7.827 8.580 9.010 9.376 9.672 9.887 10.018 10.080 10.098 10.050 9.929 9.721 9.407 9.110 8.953 8.901 8.950 9.077 9.276 9.617 10.159 10.921 11.685 12.156 12.374 12.382 12.224 12.024 11.902 11.997 12.550 13.631 15.102 16.766
0.000 0.000 0.000 0.000 0.000 0.000 0.000 0.000 0.000 0.000 0.000 0.002 0.008 0.018 0.036 0.064 0.111 0.190 0.321 0.535 0.832 1.070 1.215 1.318 1.390 1.442 1.483 1.520 1.556 1.594 1.634 1.682 1.740 1.814 1.916 2.063 2.315 2.728 3.299 4.045 4.966 6.090 7.448 8.647 9.340 9.654 9.894 10.096 10.238 10.321 10.360 10.362 10.307 10.190 9.985 9.670 9.314 9.052 8.877 8.757 8.698 8.694 8.778 9.034 9.477 9.959 10.227 10.281 10.173 9.991 9.853 9.854 10.171 10.936 12.117 13.590 15.262
0.000 0.000 0.000 0.000 0.000 0.000 0.000 0.000 0.000 0.000 0.000 0.002 0.006 0.015 0.031 0.059 0.106 0.184 0.319 0.553 0.931 1.365 1.613 1.733 1.814 1.867 1.905 1.935 1.966 2.000 2.038 2.081 2.131 2.191 2.269 2.373 2.573 2.968 3.558 4.364 5.394 6.640 7.973 9.152 9.866 10.108 10.235 10.351 10.453 10.499 10.517 10.516 10.466 10.355 10.156 9.845 9.455 9.105 8.818 8.567 8.343 8.146 7.990 7.934 8.024 8.239 8.346 8.338 8.260 8.177 8.154 8.281 8.728 9.572 10.738 12.134 13.714
0.000 0.000 0.000 0.000 0.000 0.000 0.000 0.000 0.000 0.000 0.000 0.001 0.003 0.008 0.019 0.041 0.080 0.148 0.273 0.506 0.912 1.525 2.024 2.242 2.332 2.384 2.416 2.439 2.460 2.485 2.514 2.540 2.568 2.600 2.649 2.703 2.834 3.173 3.749 4.584 5.703 7.059 8.314 9.379 10.135 10.401 10.430 10.475 10.549 10.577 10.579 10.564 10.526 10.430 10.242 9.940 9.538 9.120 8.738 8.370 8.022 7.648 7.277 6.953 6.789 6.805 6.800 6.755 6.705 6.702 6.773 6.990 7.470 8.262 9.321 10.570 11.952
0.000 0.000 0.000 0.000 0.000 0.000 0.000 0.000 0.000 0.000 0.000 0.000 0.001 0.003 0.007 0.016 0.035 0.073 0.157 0.351 0.760 1.473 2.293 2.754 2.932 3.003 3.026 3.037 3.046 3.054 3.061 3.058 3.052 3.056 3.069 3.088 3.149 3.395 3.930 4.760 5.921 7.359 8.580 9.502 10.172 10.504 10.526 10.542 10.576 10.585 10.579 10.569 10.533 10.425 10.248 9.968 9.565 9.092 8.629 8.168 7.707 7.176 6.605 6.104 5.794 5.659 5.567 5.483 5.435 5.451 5.551 5.799 6.254 6.923 7.788 8.807 9.942
0.000 0.000 0.000 0.000 0.000 0.000 0.000 0.000 0.000 0.000 0.000 0.000 0.000 0.001 0.002 0.005 0.011 0.023 0.056 0.158 0.484 1.251 2.381 3.145 3.488 3.654 3.718 3.721 3.714 3.702 3.676 3.640 3.596 3.568 3.558 3.563 3.576 3.709 4.150 4.933 6.063 7.526 8.738 9.546 10.114 10.471 10.551 10.576 10.588 10.577 10.553 10.525 10.485 10.396 10.237 9.947 9.547 9.052 8.520 7.958 7.376 6.702 6.017 5.457 5.068 4.829 4.648 4.507 4.414 4.386 4.434 4.620 4.985 5.501 6.159 7.000 8.030
0.000 0.000 0.000 0.000 0.000 0.000 0.000 0.000 0.000 0.000 0.000 0.000 0.000 0.000 0.001 0.002 0.005 0.010 0.021 0.065 0.259 0.921 2.214 3.338 3.896 4.189 4.355 4.425 4.434 4.410 4.359 4.286 4.216 4.170 4.151 4.146 4.146 4.197 4.487 5.151 6.198 7.615 8.811 9.539 10.027 10.354 10.517 10.583 10.562 10.516 10.440 10.354 10.320 10.276 10.154 9.890 9.507 9.004 8.414 7.750 7.039 6.266 5.544 4.959 4.522 4.212 3.952 3.745 3.593 3.492 3.441 3.476 3.649 3.990 4.524 5.289 6.265
0.000 0.000 0.000 0.000 0.000 0.000 0.000 0.000 0.000 0.000 0.000 0.000 0.000 0.000 0.001 0.002 0.005 0.009 0.017 0.042 0.152 0.633 1.860 3.293 4.114 4.568 4.861 5.042 5.125 5.139 5.103 5.017 4.932 4.884 4.862 4.859 4.866 4.899 5.072 5.556 6.410 7.630 8.777 9.489 9.923 10.221 10.389 10.497 10.474 10.403 10.214 9.998 9.918 9.902 9.858 9.693 9.383 8.912 8.300 7.575 6.759 5.907 5.156 4.547 4.078 3.715 3.395 3.127 2.917 2.747 2.604 2.502 2.494 2.651 3.021 3.634 4.478
0.000 0.000 0.000 0.000 0.000 0.000 0.000 0.000 0.000 0.000 0.000 0.000 0.000 0.001 0.002 0.004 0.007 0.011 0.020 0.043 0.120 0.445 1.440 3.012 4.157 4.790 5.216 5.524 5.733 5.833 5.849 5.807 5.746 5.717 5.710 5.723 5.757 5.820 5.951 6.251 6.834 7.741 8.716 9.392 9.804 10.058 10.209 10.275 10.254 10.139 9.848 9.438 9.234 9.208 9.243 9.229 9.080 8.721 8.143 7.396 6.514 5.606 4.828 4.193 3.690 3.284 2.926 2.616 2.357 2.136 1.939 1.757 1.619 1.612 1.771 2.108 2.522
0.000 0.000 0.000 0.000 0.000 0.000 0.000 0.000 0.000 0.000 0.000 0.000 0.001 0.002 0.004 0.008 0.014 0.022 0.035 0.061 0.131 0.358 1.063 2.481 3.969 4.868 5.428 5.867 6.206 6.416 6.511 6.536 6.531 6.537 6.554 6.586 6.641 6.731 6.869 7.088 7.448 8.014 8.728 9.286 9.653 9.836 9.950 9.936 9.900 9.733 9.376 8.803 8.389 8.276 8.366 8.472 8.479 8.302 7.826 7.128 6.249 5.329 4.543 3.885 3.341 2.893 2.508 2.178 1.891 1.640 1.422 1.206 0.991 0.872 0.864 0.947 1.020
0.000 0.000 0.000 0.000 0.000 0.000 0.000 0.000 0.000 0.000 0.000 0.001 0.002 0.004 0.009 0.018 0.031 0.048 0.073 0.109 0.179 0.357 0.846 1.918 3.504 4.757 5.511 6.099 6.572 6.895 7.082 7.167 7.205 7.231 7.258 7.292 7.350 7.435 7.554 7.730 7.981 8.324 8.770 9.190 9.463 9.557 9.622 9.568 9.470 9.270 8.910 8.340 7.791 7.478 7.416 7.499 7.579 7.549 7.249 6.672 5.890 5.029 4.271 3.605 3.019 2.532 2.128 1.786 1.489 1.232 1.004 0.777 0.550 0.404 0.335 0.306 0.283
0.000 0.000 0.000 0.000 0.000 0.000 0.000 0.000 0.000 0.000 0.000 0.001 0.003 0.009 0.021 0.041 0.070 0.106 0.149 0.203 0.280 0.427 0.779 1.564 2.944 4.455 5.459 6.184 6.789 7.240 7.540 7.707 7.779 7.807 7.829 7.859 7.903 7.956 8.036 8.167 8.335 8.534 8.781 9.068 9.244 9.281 9.280 9.195 9.066 8.847 8.473 7.971 7.384 6.939 6.698 6.605 6.560 6.502 6.331 5.938 5.324 4.580 3.867 3.234 2.666 2.173 1.761 1.417 1.121 0.865 0.637 0.429 0.260 0.164 0.117 0.093 0.080
0.000 0.000 0.000 0.000 0.000 0.000 0.000 0.000 0.000 0.000 0.001 0.002 0.006 0.019 0.046 0.091 0.149 0.213 0.281 0.357 0.450 0.583 0.848 1.445 2.561 4.071 5.274 6.161 6.898 7.482 7.892 8.127 8.235 8.274 8.283 8.285 8.303 8.327 8.366 8.438 8.518 8.608 8.747 8.898 8.978 8.998 8.974 8.871 8.701 8.445 8.080 7.632 7.052 6.544 6.172 5.894 5.652 5.410 5.157 4.837 4.386 3.785 3.133 2.568 2.081 1.649 1.276 0.962 0.699 0.484 0.313 0.182 0.100 0.062 0.045 0.037 0.032
0.000 0.000 0.000 0.000 0.000 0.000 0.000 0.000 0.000 0.000 0.001 0.004 0.013 0.040 0.098 0.185 0.286 0.384 0.484 0.590 0.706 0.842 1.050 1.511 2.422 3.757 5.021 6.046 6.917 7.610 8.123 8.429 8.576 8.619 8.623 8.606 8.576 8.567 8.568 8.575 8.585 8.599 8.663 8.707 8.745 8.739 8.669 8.531 8.338 8.070 7.721 7.282 6.732 6.179 5.709 5.296 4.903 4.513 4.109 3.664 3.175 2.637 2.080 1.604 1.216 0.895 0.633 0.432 0.285 0.181 0.109 0.061 0.036 0.026 0.022 0.019 0.018
0.000 0.000 0.000 0.000 0.000 0.000 0.000 0.000 0.000 0.000 0.002 0.008 0.027 0.081 0.187 0.334 0.484 0.627 0.771 0.919 1.070 1.228 1.419 1.771 2.493 3.610 4.852 5.943 6.880 7.651 8.243 8.621 8.805 8.858 8.857 8.821 8.747 8.689 8.653 8.624 8.590 8.543 8.510 8.479 8.475 8.456 8.355 8.178 7.965 7.688 7.340 6.898 6.363 5.774 5.223 4.715 4.230 3.762 3.273 2.738 2.164 1.624 1.162 0.799 0.529 0.340 0.214 0.133 0.082 0.051 0.032 0.021 0.016 0.014 0.013 0.012 0.012
0.000 0.000 0.000 0.000 0.000 0.000 0.000 0.000 0.000 0.000 0.003 0.012 0.046 0.140 0.307 0.525 0.735 0.940 1.149 1.353 1.553 1.754 1.966 2.263 2.796 3.668 4.798 5.902 6.856 7.655 8.275 8.711 8.940 8.999 8.981 8.942 8.864 8.783 8.688 8.610 8.519 8.409 8.296 8.215 8.155 8.088 7.969 7.790 7.552 7.263 6.895 6.440 5.902 5.272 4.659 4.102 3.575 3.057 2.516 1.934 1.369 0.908 0.570 0.339 0.192 0.106 0.060 0.035 0.022 0.016 0.012 0.010 0.009 0.009 0.008 0.008 0.008
0.000 0.000 0.000 0.000 0.000 0.000 0.000 0.000 0.000 0.000 0.003 0.013 0.054 0.174 0.397 0.698 1.010 1.317 1.618 1.901 2.165 2.419 2.673 2.964 3.373 4.005 4.901 5.933 6.868 7.660 8.280 8.729 8.984 9.049 9.025 9.001 8.919 8.803 8.700 8.565 8.372 8.171 8.010 7.885 7.790 7.668 7.515 7.314 7.048 6.733 6.351 5.880 5.329 4.671 3.996 3.396 2.846 2.278 1.692 1.147 0.718 0.418 0.230 0.121 0.062 0.031 0.017 0.011 0.008 0.007 0.006 0.006 0.006 0.006 0.005 0.005 0.005
0.000 0.000 0.000 0.000 0.000 0.000 0.000 0.000 0.000 0.000 0.002 0.012 0.053 0.181 0.444 0.826 1.273 1.741 2.177 2.569 2.913 3.225 3.524 3.830 4.177 4.635 5.276 6.113 6.979 7.720 8.305 8.740 8.985 9.070 9.047 9.023 8.934 8.794 8.650 8.425 8.148 7.849 7.617 7.424 7.275 7.109 6.927 6.684 6.400 6.052 5.661 5.181 4.618 3.955 3.214 2.518 1.895 1.329 0.854 0.502 0.273 0.141 0.072 0.037 0.018 0.009 0.005 0.004 0.004 0.004 0.003 0.003 0.003 0.003 0.003 0.003 0.003
0.000 0.000 0.000 0.000 0.000 0.000 0.000 0.000 0.000 0.000 0.002 0.010 0.045 0.172 0.459 0.920 1.505 2.174 2.814 3.352 3.806 4.190 4.530 4.845 5.160 5.513 5.959 6.547 7.247 7.891 8.398 8.791 9.011 9.112 9.076 9.015 8.909 8.738 8.527 8.237 7.881 7.473 7.133 6.868 6.632 6.392 6.150 5.859 5.549 5.184 4.783 4.309 3.759 3.106 2.347 1.648 1.074 0.631 0.328 0.155 0.072 0.036 0.019 0.010 0.005 0.003 0.002 0.002 0.002 0.002 0.002 0.002 0.002 0.002 0.001 0.001 0.001
0.000 0.000 0.000 0.000 0.000 0.000 0.000 0.000 0.000 0.000 0.001 0.006 0.033 0.146 0.451 0.990 1.713 2.566 3.488 4.272 4.870 5.335 5.716 6.035 6.327 6.591 6.871 7.244 7.728 8.215 8.596 8.874 9.028 9.118 9.105 9.001 8.841 8.630 8.344 7.980 7.559 7.066 6.602 6.224 5.878 5.535 5.209 4.863 4.512 4.124 3.718 3.275 2.766 2.151 1.490 0.934 0.517 0.247 0.102 0.040 0.017 0.008 0.004 0.002 0.001 0.001 0.001 0.001 0.001 0.001 0.001 0.001 0.001 0.000 0.000 0.000 0.000
0.000 0.000 0.000 0.000 0.000 0.000 0.000 0.000 0.000 0.000 0.001 0.004 0.025 0.121 0.434 1.043 1.894 2.889 4.025 5.143 6.025 6.645 7.069 7.392 7.636 7.811 7.974 8.180 8.429 8.697 8.916 9.091 9.157 9.159 9.112 8.954 8.724 8.430 8.076 7.655 7.185 6.618 6.053 5.570 5.128 4.708 4.305 3.904 3.499 3.078 2.647 2.212 1.750 1.246 0.778 0.424 0.197 0.079 0.029 0.010 0.004 0.002 0.001 0.001 0.000 0.000 0.000 0.000 0.000 0.000 0.000 0.000 0.000 0.000 0.000 0.000 0.000
0.000 0.000 0.000 0.000 0.000 0.000 0.000 0.000 0.000 0.000 0.001 0.004 0.023 0.114 0.433 1.093 2.042 3.131 4.372 5.763 6.962 7.839 8.432 8.813 9.052 9.173 9.217 9.270 9.314 9.338 9.330 9.351 9.268 9.128 9.005 8.800 8.512 8.158 7.733 7.254 6.739 6.152 5.542 4.982 4.469 3.995 3.543 3.102 2.664 2.228 1.792 1.367 0.964 0.601 0.321 0.146 0.059 0.022 0.008 0.003 0.001 0.001 0.000 0.000 0.000 0.000 0.000 0.000 0.000 0.000 0.000 0.000 0.000 0.000 0.000 0.000 0.000
0.000 0.000 0.000 0.000 0.000 0.000 0.000 0.000 0.000 0.000 0.001 0.004 0.023 0.120 0.463 1.167 2.158 3.278 4.572 6.116 7.626 8.794 9.596 10.072 10.310 10.384 10.383 10.342 10.212 10.021 9.774 9.560 9.298 9.002 8.723 8.435 8.100 7.738 7.287 6.802 6.271 5.700 5.070 4.450 3.884 3.374 2.896 2.434 1.989 1.563 1.157 0.783 0.470 0.243 0.107 0.042 0.015 0.005 0.002 0.001 0.000 0.000 0.000 0.000 0.000 0.000 0.000 0.000 0.000 0.000 0.000 0.000 0.000 0.000 0.000 0.000 0.000
0.000 0.000 0.000 0.000 0.000 0.000 0.000 0.000 0.000 0.000 0.001 0.005 0.027 0.148 0.540 1.269 2.232 3.332 4.648 6.255 8.032 9.481 10.491 11.054 11.328 11.388 11.333 11.213 10.921 10.536 10.104 9.674 9.231 8.717 8.219 7.780 7.401 7.051 6.636 6.198 5.716 5.202 4.605 3.949 3.344 2.812 2.331 1.879 1.450 1.055 0.704 0.415 0.208 0.088 0.033 0.011 0.004 0.001 0.001 0.000 0.000 0.000 0.000 0.000 0.000 0.000 0.000 0.000 0.000 0.000 0.000 0.000 0.000 0.000 0.000 0.000 0.000
0.000 0.001 0.001 0.001 0.002 0.002 0.002 0.002 0.002 0.002 0.003 0.008 0.038 0.188 0.616 1.341 2.250 3.328 4.652 6.277 8.187 9.878 11.086 11.755 12.022 12.061 11.991 11.766 11.327 10.808 10.234 9.626 9.020 8.270 7.522 6.906 6.436 6.044 5.668 5.285 4.906 4.511 4.042 3.444 2.820 2.279 1.807 1.387 1.005 0.667 0.392 0.197 0.083 0.030 0.010 0.003 0.001 0.000 0.000 0.000 0.000 0.000 0.000 0.000 0.000 0.000 0.000 0.000 0.000 0.000 0.000 0.000 0.000 0.000 0.000 0.000 0.000
0.001 0.002 0.003 0.003 0.003 0.003 0.003 0.003 0.003 0.004 0.005 0.011 0.043 0.203 0.641 1.353 2.230 3.293 4.618 6.248 8.178 9.968 11.304 12.085 12.410 12.430 12.338 12.028 11.519 10.930 10.215 9.419 8.599 7.660 6.682 5.867 5.234 4.745 4.347 3.993 3.717 3.478 3.214 2.815 2.278 1.744 1.289 0.916 0.609 0.361 0.184 0.078 0.028 0.009 0.003 0.001 0.000 0.000 0.000 0.000 0.000 0.000 0.000 0.000 0.000 0.000 0.000 0.000 0.000 0.000 0.000 0.000 0.000 0.000 0.000 0.000 0.000
