RESULTS/r.avaflow_results/33_results/33_ascii/33_hflow0037.asc
ncols 506
nrows 317
xllcenter 498237.50
yllcenter 5580050.00
cellsize 12.50
NODATA_value -9999.000
[rows 170 to 203 of 317, columns 154 to 230 of 506]
9.385 9.254 9.120 8.973 8.794 8.598 8.432 8.293 8.160 8.021 7.886 7.755 7.602 7.350 6.914 6.274 5.482 4.633 3.798 2.995 2.237 1.564 1.028 0.666 0.456 0.345 0.292 0.273 0.271 0.281 0.312 0.363 0.407 0.433 0.451 0.467 0.489 0.532 0.567 0.579 0.580 0.576 0.583 0.601 0.607 0.598 0.565 0.504 0.420 0.330 0.246 0.184 0.146 0.122 0.107 0.098 0.093 0.093 0.094 0.097 0.098 0.099 0.100 0.101 0.101 0.103 0.107 0.120 0.154 0.226 0.303 0.335 0.333 0.292 0.207 0.133 0.093
12.734 12.940 13.042 13.058 13.015 12.882 12.667 12.419 12.170 11.908 11.645 11.398 11.151 10.854 10.404 9.709 8.755 7.611 6.393 5.177 4.002 2.934 2.032 1.354 0.911 0.648 0.502 0.432 0.409 0.415 0.442 0.485 0.510 0.518 0.517 0.517 0.524 0.550 0.573 0.577 0.567 0.551 0.545 0.544 0.532 0.499 0.427 0.320 0.218 0.150 0.111 0.088 0.074 0.067 0.063 0.063 0.065 0.068 0.072 0.074 0.074 0.073 0.071 0.069 0.069 0.069 0.073 0.084 0.110 0.164 0.245 0.303 0.324 0.320 0.286 0.219 0.153
16.298 16.842 17.055 17.047 16.917 16.653 16.305 15.948 15.604 15.256 14.913 14.601 14.308 13.995 13.563 12.892 11.937 10.747 9.397 7.944 6.450 4.983 3.662 2.574 1.768 1.224 0.878 0.676 0.573 0.530 0.516 0.523 0.528 0.526 0.515 0.505 0.506 0.518 0.526 0.515 0.478 0.433 0.397 0.364 0.327 0.274 0.201 0.134 0.091 0.068 0.054 0.046 0.042 0.041 0.041 0.043 0.047 0.052 0.055 0.056 0.056 0.055 0.052 0.050 0.050 0.050 0.052 0.060 0.078 0.113 0.179 0.260 0.312 0.331 0.330 0.305 0.246
19.045 19.906 20.258 20.258 20.103 19.804 19.442 19.090 18.742 18.375 17.989 17.638 17.320 16.992 16.567 15.898 14.922 13.698 12.340 10.898 9.349 7.676 5.977 4.428 3.165 2.208 1.530 1.083 0.807 0.643 0.553 0.515 0.499 0.484 0.460 0.437 0.424 0.415 0.400 0.361 0.293 0.230 0.189 0.162 0.137 0.111 0.080 0.057 0.043 0.035 0.031 0.028 0.027 0.027 0.028 0.030 0.034 0.039 0.041 0.042 0.042 0.041 0.039 0.038 0.038 0.038 0.040 0.045 0.056 0.077 0.117 0.191 0.278 0.328 0.342 0.339 0.312
20.585 21.673 22.261 22.444 22.434 22.289 22.100 21.891 21.642 21.321 20.923 20.522 20.166 19.804 19.362 18.696 17.736 16.518 15.138 13.666 12.111 10.433 8.583 6.634 4.865 3.422 2.328 1.560 1.053 0.737 0.560 0.468 0.415 0.374 0.331 0.293 0.267 0.245 0.221 0.185 0.137 0.103 0.083 0.071 0.060 0.049 0.037 0.030 0.025 0.022 0.020 0.019 0.019 0.019 0.020 0.022 0.025 0.028 0.031 0.031 0.031 0.031 0.030 0.030 0.030 0.031 0.033 0.036 0.043 0.055 0.077 0.122 0.209 0.298 0.336 0.342 0.333
20.944 22.140 22.964 23.458 23.749 23.920 24.015 24.010 23.914 23.688 23.298 22.803 22.386 21.994 21.552 20.935 20.075 18.966 17.623 16.084 14.400 12.575 10.558 8.273 6.057 4.226 2.822 1.831 1.179 0.772 0.532 0.387 0.295 0.229 0.180 0.151 0.135 0.124 0.111 0.091 0.067 0.051 0.042 0.036 0.031 0.026 0.021 0.018 0.016 0.015 0.014 0.014 0.014 0.014 0.015 0.016 0.018 0.021 0.022 0.023 0.024 0.024 0.024 0.024 0.025 0.026 0.028 0.030 0.035 0.042 0.056 0.082 0.138 0.232 0.303 0.328 0.330
20.652 21.914 22.887 23.582 24.140 24.613 24.924 25.052 25.059 24.938 24.570 23.973 23.504 23.140 22.741 22.190 21.451 20.499 19.263 17.706 15.889 13.880 11.663 9.131 6.609 4.546 2.983 1.898 1.197 0.755 0.478 0.306 0.201 0.134 0.095 0.077 0.069 0.064 0.058 0.048 0.037 0.030 0.025 0.021 0.019 0.016 0.014 0.012 0.011 0.011 0.010 0.010 0.010 0.010 0.011 0.011 0.013 0.015 0.016 0.017 0.018 0.018 0.019 0.020 0.021 0.022 0.024 0.026 0.030 0.035 0.045 0.062 0.095 0.157 0.235 0.287 0.308
19.752 21.147 22.344 23.304 24.074 24.664 25.021 25.171 25.205 25.137 24.791 24.146 23.653 23.337 22.985 22.468 21.783 20.920 19.780 18.262 16.391 14.268 11.934 9.289 6.659 4.522 2.920 1.821 1.116 0.669 0.388 0.219 0.124 0.076 0.052 0.042 0.038 0.035 0.032 0.027 0.022 0.019 0.016 0.014 0.012 0.011 0.010 0.009 0.008 0.007 0.007 0.007 0.007 0.007 0.007 0.008 0.009 0.010 0.011 0.012 0.013 0.014 0.015 0.016 0.017 0.019 0.021 0.023 0.026 0.031 0.038 0.050 0.071 0.107 0.161 0.219 0.265
18.492 20.029 21.416 22.609 23.569 24.231 24.570 24.684 24.694 24.602 24.263 23.649 23.134 22.791 22.419 21.894 21.232 20.438 19.390 17.944 16.096 13.941 11.537 8.831 6.215 4.106 2.549 1.507 0.866 0.478 0.248 0.126 0.069 0.043 0.031 0.025 0.023 0.021 0.019 0.017 0.015 0.013 0.011 0.010 0.009 0.007 0.007 0.006 0.005 0.005 0.004 0.004 0.004 0.004 0.005 0.005 0.006 0.007 0.008 0.009 0.010 0.011 0.012 0.013 0.014 0.016 0.018 0.020 0.024 0.028 0.034 0.043 0.057 0.080 0.113 0.157 0.204
17.096 18.705 20.155 21.419 22.428 23.109 23.446 23.520 23.432 23.172 22.820 22.389 21.913 21.375 20.788 20.182 19.541 18.834 17.901 16.550 14.741 12.562 10.106 7.459 5.043 3.133 1.766 0.908 0.449 0.223 0.114 0.062 0.037 0.025 0.020 0.017 0.015 0.014 0.013 0.011 0.010 0.009 0.008 0.007 0.006 0.005 0.004 0.004 0.003 0.003 0.002 0.002 0.002 0.002 0.002 0.003 0.003 0.004 0.005 0.006 0.007 0.008 0.009 0.010 0.011 0.013 0.015 0.018 0.021 0.026 0.031 0.039 0.050 0.066 0.089 0.118 0.154
15.500 17.057 18.465 19.702 20.718 21.464 21.888 21.991 21.836 21.434 21.161 20.970 20.575 19.790 18.921 18.194 17.482 16.705 15.697 14.263 12.353 10.047 7.541 5.144 3.170 1.742 0.841 0.367 0.165 0.084 0.049 0.031 0.022 0.016 0.014 0.012 0.011 0.010 0.009 0.008 0.007 0.006 0.005 0.004 0.004 0.003 0.002 0.002 0.002 0.001 0.001 0.001 0.001 0.001 0.001 0.001 0.002 0.002 0.003 0.004 0.004 0.005 0.006 0.008 0.009 0.011 0.013 0.016 0.019 0.024 0.029 0.037 0.047 0.060 0.078 0.100 0.126
13.574 14.981 16.342 17.644 18.826 19.832 20.514 20.748 20.625 20.236 19.991 19.809 19.356 18.432 17.458 16.650 15.813 14.764 13.348 11.484 9.124 6.540 4.239 2.553 1.424 0.711 0.308 0.125 0.060 0.036 0.025 0.018 0.014 0.011 0.010 0.008 0.007 0.007 0.006 0.005 0.004 0.004 0.003 0.003 0.002 0.002 0.001 0.001 0.001 0.000 0.000 0.000 0.000 0.000 0.000 0.000 0.001 0.001 0.001 0.002 0.003 0.003 0.004 0.006 0.007 0.009 0.012 0.015 0.018 0.022 0.028 0.036 0.046 0.059 0.074 0.091 0.112
11.419 12.698 14.051 15.486 16.926 18.205 19.120 19.503 19.453 19.134 18.788 18.408 17.772 16.808 15.840 14.958 13.963 12.581 10.629 8.046 5.335 3.131 1.698 0.885 0.450 0.216 0.095 0.045 0.027 0.019 0.015 0.012 0.010 0.008 0.007 0.006 0.005 0.004 0.004 0.003 0.003 0.002 0.002 0.001 0.001 0.001 0.000 0.000 0.000 0.000 0.000 0.000 0.000 0.000 0.000 0.000 0.000 0.000 0.001 0.001 0.001 0.002 0.003 0.004 0.006 0.008 0.010 0.013 0.017 0.021 0.027 0.036 0.046 0.059 0.073 0.088 0.105
9.470 10.628 11.868 13.260 14.762 16.126 17.158 17.669 17.714 17.421 16.814 16.008 15.097 14.156 13.223 12.223 10.957 9.122 6.575 4.007 2.136 1.000 0.436 0.208 0.112 0.061 0.033 0.021 0.016 0.012 0.010 0.008 0.007 0.006 0.005 0.004 0.003 0.003 0.002 0.002 0.001 0.001 0.001 0.000 0.000 0.000 0.000 0.000 0.000 0.000 0.000 0.000 0.000 0.000 0.000 0.000 0.000 0.000 0.000 0.000 0.001 0.001 0.002 0.003 0.005 0.007 0.009 0.012 0.016 0.021 0.027 0.036 0.047 0.060 0.074 0.087 0.101
7.633 8.601 9.596 10.659 11.774 12.842 13.773 14.321 14.431 14.174 13.413 12.253 11.011 9.906 8.817 7.621 6.144 4.320 2.482 1.202 0.498 0.194 0.089 0.053 0.035 0.024 0.017 0.013 0.010 0.009 0.007 0.006 0.005 0.004 0.003 0.002 0.002 0.001 0.001 0.001 0.000 0.000 0.000 0.000 0.000 0.000 0.000 0.000 0.000 0.000 0.000 0.000 0.000 0.000 0.000 0.000 0.000 0.000 0.000 0.000 0.000 0.001 0.001 0.002 0.004 0.006 0.008 0.011 0.015 0.021 0.028 0.037 0.048 0.062 0.075 0.088 0.101
5.681 6.265 6.698 7.056 7.414 7.867 8.463 8.912 9.050 8.907 8.282 7.139 5.802 4.720 3.821 2.991 2.109 1.192 0.533 0.204 0.083 0.044 0.029 0.022 0.017 0.014 0.011 0.009 0.007 0.006 0.005 0.004 0.003 0.002 0.002 0.001 0.001 0.001 0.000 0.000 0.000 0.000 0.000 0.000 0.000 0.000 0.000 0.000 0.000 0.000 0.000 0.000 0.000 0.000 0.000 0.000 0.000 0.000 0.000 0.000 0.000 0.000 0.001 0.001 0.003 0.005 0.007 0.010 0.015 0.020 0.027 0.037 0.048 0.062 0.077 0.090 0.103
3.263 3.339 3.318 3.259 3.227 3.284 3.482 3.678 3.745 3.696 3.421 2.848 2.063 1.437 1.013 0.704 0.422 0.200 0.085 0.042 0.026 0.020 0.016 0.013 0.011 0.009 0.008 0.006 0.005 0.004 0.003 0.002 0.002 0.001 0.001 0.000 0.000 0.000 0.000 0.000 0.000 0.000 0.000 0.000 0.000 0.000 0.000 0.000 0.000 0.000 0.000 0.000 0.000 0.000 0.000 0.000 0.000 0.000 0.000 0.000 0.000 0.000 0.000 0.001 0.002 0.004 0.006 0.009 0.014 0.019 0.027 0.036 0.048 0.062 0.078 0.095 0.113
1.370 1.247 1.143 1.045 0.970 0.936 0.954 0.993 1.001 0.982 0.894 0.709 0.453 0.281 0.190 0.128 0.077 0.043 0.026 0.019 0.015 0.012 0.011 0.009 0.008 0.006 0.005 0.004 0.003 0.002 0.002 0.001 0.001 0.000 0.000 0.000 0.000 0.000 0.000 0.000 0.000 0.000 0.000 0.000 0.000 0.000 0.000 0.000 0.000 0.000 0.000 0.000 0.000 0.000 0.000 0.000 0.000 0.000 0.000 0.000 0.000 0.000 0.000 0.000 0.001 0.003 0.005 0.008 0.013 0.018 0.025 0.034 0.046 0.060 0.079 0.105 0.135
0.411 0.339 0.301 0.272 0.248 0.231 0.225 0.222 0.218 0.210 0.188 0.146 0.093 0.063 0.047 0.035 0.025 0.019 0.015 0.012 0.010 0.009 0.007 0.006 0.005 0.004 0.003 0.003 0.002 0.001 0.001 0.000 0.000 0.000 0.000 0.000 0.000 0.000 0.000 0.000 0.000 0.000 0.000 0.000 0.000 0.000 0.000 0.000 0.000 0.000 0.000 0.000 0.000 0.000 0.000 0.000 0.000 0.000 0.000 0.000 0.000 0.000 0.000 0.000 0.001 0.002 0.004 0.007 0.011 0.017 0.023 0.032 0.043 0.058 0.080 0.113 0.157
0.116 0.098 0.089 0.083 0.076 0.070 0.066 0.063 0.060 0.057 0.051 0.042 0.031 0.025 0.021 0.017 0.014 0.012 0.010 0.008 0.007 0.006 0.005 0.004 0.003 0.003 0.002 0.001 0.001 0.000 0.000 0.000 0.000 0.000 0.000 0.000 0.000 0.000 0.000 0.000 0.000 0.000 0.000 0.000 0.000 0.000 0.000 0.000 0.000 0.000 0.000 0.000 0.000 0.000 0.000 0.000 0.000 0.000 0.000 0.000 0.000 0.000 0.000 0.000 0.000 0.001 0.003 0.006 0.009 0.014 0.020 0.028 0.038 0.054 0.077 0.113 0.162
0.042 0.038 0.035 0.034 0.032 0.030 0.028 0.027 0.025 0.024 0.022 0.020 0.017 0.015 0.013 0.011 0.009 0.008 0.007 0.006 0.005 0.004 0.003 0.002 0.002 0.001 0.001 0.000 0.000 0.000 0.000 0.000 0.000 0.000 0.000 0.000 0.000 0.000 0.000 0.000 0.000 0.000 0.000 0.000 0.000 0.000 0.000 0.000 0.000 0.000 0.000 0.000 0.000 0.000 0.000 0.000 0.000 0.000 0.000 0.000 0.000 0.000 0.000 0.000 0.000 0.001 0.002 0.004 0.007 0.011 0.016 0.022 0.031 0.044 0.066 0.100 0.150
0.021 0.020 0.019 0.019 0.018 0.017 0.016 0.015 0.014 0.014 0.013 0.012 0.011 0.010 0.009 0.008 0.006 0.005 0.004 0.004 0.003 0.002 0.002 0.001 0.001 0.000 0.000 0.000 0.000 0.000 0.000 0.000 0.000 0.000 0.000 0.000 0.000 0.000 0.000 0.000 0.000 0.000 0.000 0.000 0.000 0.000 0.000 0.000 0.000 0.000 0.000 0.000 0.000 0.000 0.000 0.000 0.000 0.000 0.000 0.000 0.000 0.000 0.000 0.000 0.000 0.000 0.001 0.003 0.005 0.008 0.011 0.016 0.022 0.030 0.045 0.069 0.108
0.013 0.012 0.012 0.012 0.011 0.011 0.010 0.010 0.009 0.009 0.008 0.008 0.007 0.007 0.006 0.005 0.004 0.003 0.003 0.002 0.001 0.001 0.001 0.000 0.000 0.000 0.000 0.000 0.000 0.000 0.000 0.000 0.000 0.000 0.000 0.000 0.000 0.000 0.000 0.000 0.000 0.000 0.000 0.000 0.000 0.000 0.000 0.000 0.000 0.000 0.000 0.000 0.000 0.000 0.000 0.000 0.000 0.000 0.000 0.000 0.000 0.000 0.000 0.000 0.000 0.000 0.001 0.002 0.003 0.005 0.008 0.011 0.015 0.020 0.027 0.039 0.059
0.008 0.008 0.008 0.008 0.007 0.007 0.007 0.006 0.006 0.006 0.005 0.005 0.005 0.004 0.004 0.003 0.002 0.002 0.001 0.001 0.001 0.000 0.000 0.000 0.000 0.000 0.000 0.000 0.000 0.000 0.000 0.000 0.000 0.000 0.000 0.000 0.000 0.000 0.000 0.000 0.000 0.000 0.000 0.000 0.000 0.000 0.000 0.000 0.000 0.000 0.000 0.000 0.000 0.000 0.000 0.000 0.000 0.000 0.000 0.000 0.000 0.000 0.000 0.000 0.000 0.000 0.000 0.001 0.002 0.003 0.005 0.007 0.010 0.013 0.018 0.024 0.032
0.005 0.005 0.005 0.005 0.005 0.005 0.004 0.004 0.004 0.003 0.003 0.003 0.003 0.002 0.002 0.002 0.001 0.001 0.000 0.000 0.000 0.000 0.000 0.000 0.000 0.000 0.000 0.000 0.000 0.000 0.000 0.000 0.000 0.000 0.000 0.000 0.000 0.000 0.000 0.000 0.000 0.000 0.000 0.000 0.000 0.000 0.000 0.000 0.000 0.000 0.000 0.000 0.000 0.000 0.000 0.000 0.000 0.000 0.000 0.000 0.000 0.000 0.000 0.000 0.000 0.000 0.000 0.000 0.001 0.002 0.003 0.005 0.007 0.009 0.012 0.016 0.020
0.003 0.003 0.003 0.003 0.003 0.003 0.002 0.002 0.002 0.002 0.002 0.001 0.001 0.001 0.001 0.001 0.000 0.000 0.000 0.000 0.000 0.000 0.000 0.000 0.000 0.000 0.000 0.000 0.000 0.000 0.000 0.000 0.000 0.000 0.000 0.000 0.000 0.000 0.000 0.000 0.000 0.000 0.000 0.000 0.000 0.000 0.000 0.000 0.000 0.000 0.000 0.000 0.000 0.000 0.000 0.000 0.000 0.000 0.000 0.000 0.000 0.000 0.000 0.000 0.000 0.000 0.000 0.000 0.000 0.001 0.002 0.003 0.005 0.006 0.008 0.011 0.014
0.001 0.001 0.001 0.001 0.001 0.001 0.001 0.001 0.001 0.001 0.001 0.000 0.000 0.000 0.000 0.000 0.000 0.000 0.000 0.000 0.000 0.000 0.000 0.000 0.000 0.000 0.000 0.000 0.000 0.000 0.000 0.000 0.000 0.000 0.000 0.000 0.000 0.000 0.000 0.000 0.000 0.000 0.000 0.000 0.000 0.000 0.000 0.000 0.000 0.000 0.000 0.000 0.000 0.000 0.000 0.000 0.000 0.000 0.000 0.000 0.000 0.000 0.000 0.000 0.000 0.000 0.000 0.000 0.000 0.000 0.001 0.002 0.003 0.004 0.006 0.007 0.009
0.000 0.000 0.000 0.000 0.000 0.000 0.000 0.000 0.000 0.000 0.000 0.000 0.000 0.000 0.000 0.000 0.000 0.000 0.000 0.000 0.000 0.000 0.000 0.000 0.000 0.000 0.000 0.000 0.000 0.000 0.000 0.000 0.000 0.000 0.000 0.000 0.000 0.000 0.000 0.000 0.000 0.000 0.000 0.000 0.000 0.000 0.000 0.000 0.000 0.000 0.000 0.000 0.000 0.000 0.000 0.000 0.000 0.000 0.000 0.000 0.000 0.000 0.000 0.000 0.000 0.000 0.000 0.000 0.000 0.000 0.000 0.001 0.002 0.002 0.004 0.005 0.006
0.000 0.000 0.000 0.000 0.000 0.000 0.000 0.000 0.000 0.000 0.000 0.000 0.000 0.000 0.000 0.000 0.000 0.000 0.000 0.000 0.000 0.000 0.000 0.000 0.000 0.000 0.000 0.000 0.000 0.000 0.000 0.000 0.000 0.000 0.000 0.000 0.000 0.000 0.000 0.000 0.000 0.000 0.000 0.000 0.000 0.000 0.000 0.000 0.000 0.000 0.000 0.000 0.000 0.000 0.000 0.000 0.000 0.000 0.000 0.000 0.000 0.000 0.000 0.000 0.000 0.000 0.000 0.000 0.000 0.000 0.000 0.000 0.001 0.001 0.002 0.003 0.004
0.000 0.000 0.000 0.000 0.000 0.000 0.000 0.000 0.000 0.000 0.000 0.000 0.000 0.000 0.000 0.000 0.000 0.000 0.000 0.000 0.000 0.000 0.000 0.000 0.000 0.000 0.000 0.000 0.000 0.000 0.000 0.000 0.000 0.000 0.000 0.000 0.000 0.000 0.000 0.000 0.000 0.000 0.000 0.000 0.000 0.000 0.000 0.000 0.000 0.000 0.000 0.000 0.000 0.000 0.000 0.000 0.000 0.000 0.000 0.000 0.000 0.000 0.000 0.000 0.000 0.000 0.000 0.000 0.000 0.000 0.000 0.000 0.000 0.000 0.001 0.002 0.002
0.000 0.000 0.000 0.000 0.000 0.000 0.000 0.000 0.000 0.000 0.000 0.000 0.000 0.000 0.000 0.000 0.000 0.000 0.000 0.000 0.000 0.000 0.000 0.000 0.000 0.000 0.000 0.000 0.000 0.000 0.000 0.000 0.000 0.000 0.000 0.000 0.000 0.000 0.000 0.000 0.000 0.000 0.000 0.000 0.000 0.000 0.000 0.000 0.000 0.000 0.000 0.000 0.000 0.000 0.000 0.000 0.000 0.000 0.000 0.000 0.000 0.000 0.000 0.000 0.000 0.000 0.000 0.000 0.000 0.000 0.000 0.000 0.000 0.000 0.000 0.001 0.001
0.000 0.000 0.000 0.000 0.000 0.000 0.000 0.000 0.000 0.000 0.000 0.000 0.000 0.000 0.000 0.000 0.000 0.000 0.000 0.000 0.000 0.000 0.000 0.000 0.000 0.000 0.000 0.000 0.000 0.000 0.000 0.000 0.000 0.000 0.000 0.000 0.000 0.000 0.000 0.000 0.000 0.000 0.000 0.000 0.000 0.000 0.000 0.000 0.000 0.000 0.000 0.000 0.000 0.000 0.000 0.000 0.000 0.000 0.000 0.000 0.000 0.000 0.000 0.000 0.000 0.000 0.000 0.000 0.000 0.000 0.000 0.000 0.000 0.000 0.000 0.000 0.000
0.000 0.000 0.000 0.000 0.000 0.000 0.000 0.000 0.000 0.000 0.000 0.000 0.000 0.000 0.000 0.000 0.000 0.000 0.000 0.000 0.000 0.000 0.000 0.000 0.000 0.000 0.000 0.000 0.000 0.000 0.000 0.000 0.000 0.000 0.000 0.000 0.000 0.000 0.000 0.000 0.000 0.000 0.000 0.000 0.000 0.000 0.000 0.000 0.000 0.000 0.000 0.000 0.000 0.000 0.000 0.000 0.000 0.000 0.000 0.000 0.000 0.000 0.000 0.000 0.000 0.000 0.000 0.000 0.000 0.000 0.000 0.000 0.000 0.000 0.000 0.000 0.000
0.000 0.000 0.000 0.000 0.000 0.000 0.000 0.000 0.000 0.000 0.000 0.000 0.000 0.000 0.000 0.000 0.000 0.000 0.000 0.000 0.000 0.000 0.000 0.000 0.000 0.000 0.000 0.000 0.000 0.000 0.000 0.000 0.000 0.000 0.000 0.000 0.000 0.000 0.000 0.000 0.000 0.000 0.000 0.000 0.000 0.000 0.000 0.000 0.000 0.000 0.000 0.000 0.000 0.000 0.000 0.000 0.000 0.000 0.000 0.000 0.000 0.000 0.000 0.000 0.000 0.000 0.000 0.000 0.000 0.000 0.000 0.000 0.000 0.000 0.000 0.000 0.000
