RESULTS/r.avaflow_results/33_results/33_ascii/33_hflow0017.asc
ncols 506
nrows 317
xllcenter 498237.50
yllcenter 5580050.00
cellsize 12.50
NODATA_value -9999.000
[rows 170 to 203 of 317, columns 77 to 153 of 506]
0.000 0.000 0.000 0.000 0.000 0.000 0.000 0.000 0.000 0.000 0.000 0.000 0.000 0.000 0.000 0.000 0.000 0.000 0.000 0.000 0.001 0.001 0.003 0.010 0.026 0.047 0.058 0.063 0.065 0.067 0.068 0.069 0.070 0.070 0.073 0.085 0.110 0.153 0.214 0.291 0.384 0.495 0.613 0.711 0.773 0.795 0.794 0.781 0.817 0.937 1.195 1.709 2.678 3.889 4.720 5.116 5.412 5.829 6.368 7.035 7.891 8.974 10.255 11.622 12.632 13.231 13.529 13.707 13.669 13.337 12.848 12.168 11.452 10.969 10.679 10.497 10.383
0.000 0.000 0.000 0.000 0.000 0.000 0.000 0.000 0.000 0.000 0.000 0.000 0.000 0.000 0.000 0.000 0.000 0.000 0.001 0.002 0.003 0.005 0.012 0.028 0.054 0.077 0.088 0.094 0.098 0.101 0.103 0.105 0.107 0.109 0.116 0.136 0.175 0.235 0.316 0.416 0.539 0.689 0.852 0.999 1.119 1.226 1.332 1.453 1.652 1.984 2.506 3.332 4.343 5.136 5.570 5.843 6.139 6.540 7.056 7.702 8.550 9.614 10.854 12.138 13.044 13.538 13.700 13.710 13.589 13.332 13.031 12.764 12.694 12.832 13.031 13.243 13.505
0.000 0.000 0.000 0.000 0.000 0.000 0.000 0.000 0.000 0.000 0.000 0.000 0.000 0.000 0.000 0.000 0.001 0.002 0.004 0.006 0.010 0.017 0.033 0.061 0.094 0.116 0.129 0.137 0.144 0.149 0.153 0.157 0.161 0.166 0.179 0.210 0.264 0.343 0.448 0.580 0.746 0.947 1.177 1.414 1.650 1.916 2.203 2.524 2.957 3.549 4.261 4.982 5.573 5.948 6.207 6.467 6.765 7.138 7.610 8.229 9.054 10.076 11.229 12.397 13.200 13.594 13.672 13.710 13.722 13.742 13.891 14.190 14.576 14.924 15.262 15.764 16.554
0.000 0.000 0.000 0.000 0.000 0.000 0.000 0.000 0.000 0.000 0.000 0.000 0.000 0.000 0.000 0.001 0.003 0.006 0.010 0.015 0.024 0.040 0.068 0.107 0.143 0.168 0.185 0.198 0.208 0.216 0.223 0.230 0.237 0.247 0.267 0.309 0.379 0.481 0.618 0.795 1.021 1.299 1.627 1.999 2.412 2.896 3.418 3.986 4.633 5.298 5.879 6.305 6.569 6.724 6.859 7.046 7.307 7.631 8.059 8.640 9.404 10.329 11.361 12.382 13.099 13.465 13.643 13.884 14.245 14.742 15.250 15.669 16.015 16.347 16.808 17.618 18.904
0.000 0.000 0.000 0.000 0.000 0.000 0.000 0.000 0.000 0.000 0.000 0.000 0.000 0.000 0.001 0.003 0.006 0.011 0.019 0.030 0.047 0.073 0.112 0.162 0.206 0.239 0.264 0.283 0.297 0.308 0.318 0.328 0.339 0.354 0.384 0.439 0.526 0.655 0.836 1.074 1.382 1.769 2.232 2.785 3.421 4.151 4.914 5.643 6.286 6.806 7.185 7.428 7.530 7.570 7.558 7.596 7.769 8.023 8.396 8.907 9.556 10.341 11.219 12.079 12.803 13.333 13.764 14.290 14.902 15.512 16.008 16.374 16.732 17.198 17.891 18.927 20.366
0.000 0.000 0.000 0.000 0.000 0.000 0.000 0.000 0.000 0.000 0.000 0.000 0.000 0.001 0.003 0.006 0.011 0.020 0.032 0.050 0.077 0.115 0.167 0.231 0.290 0.336 0.372 0.397 0.417 0.431 0.444 0.457 0.472 0.495 0.533 0.602 0.711 0.874 1.109 1.429 1.843 2.363 3.006 3.784 4.697 5.646 6.492 7.163 7.687 8.077 8.308 8.428 8.467 8.415 8.260 8.108 8.127 8.303 8.602 9.018 9.533 10.161 10.861 11.607 12.398 13.180 13.835 14.460 15.092 15.678 16.134 16.487 16.885 17.471 18.349 19.468 20.805
0.000 0.000 0.000 0.000 0.000 0.000 0.000 0.000 0.000 0.000 0.000 0.000 0.000 0.001 0.005 0.010 0.019 0.031 0.050 0.078 0.117 0.171 0.241 0.325 0.405 0.468 0.515 0.550 0.575 0.594 0.611 0.626 0.643 0.671 0.720 0.802 0.938 1.146 1.449 1.866 2.407 3.091 3.951 4.993 6.110 7.081 7.840 8.409 8.842 9.134 9.272 9.312 9.293 9.165 8.907 8.590 8.440 8.498 8.686 8.992 9.372 9.847 10.391 11.064 11.919 12.887 13.634 14.242 14.807 15.301 15.665 15.985 16.403 17.070 18.051 19.206 20.474
0.000 0.000 0.000 0.000 0.000 0.000 0.000 0.000 0.000 0.000 0.000 0.000 0.000 0.002 0.006 0.013 0.026 0.046 0.075 0.116 0.173 0.248 0.344 0.458 0.563 0.644 0.705 0.750 0.781 0.805 0.824 0.841 0.859 0.890 0.946 1.044 1.213 1.480 1.869 2.398 3.085 3.959 5.051 6.252 7.343 8.249 8.921 9.410 9.762 9.969 10.047 10.047 9.967 9.787 9.465 9.044 8.760 8.665 8.713 8.868 9.089 9.413 9.850 10.455 11.291 12.237 12.890 13.371 13.770 14.083 14.301 14.533 14.906 15.595 16.678 17.974 19.338
0.000 0.000 0.000 0.000 0.000 0.000 0.000 0.000 0.000 0.000 0.000 0.000 0.000 0.002 0.006 0.014 0.029 0.055 0.099 0.165 0.252 0.360 0.494 0.645 0.777 0.879 0.955 1.008 1.045 1.070 1.090 1.109 1.128 1.160 1.215 1.323 1.530 1.869 2.359 3.013 3.844 4.871 6.104 7.318 8.314 9.139 9.759 10.191 10.466 10.605 10.647 10.630 10.510 10.282 9.922 9.440 9.047 8.829 8.738 8.724 8.766 8.908 9.202 9.659 10.344 11.083 11.533 11.809 11.970 12.035 12.090 12.250 12.648 13.445 14.672 16.162 17.757
0.000 0.000 0.000 0.000 0.000 0.000 0.000 0.000 0.000 0.000 0.000 0.000 0.000 0.002 0.006 0.014 0.029 0.057 0.109 0.206 0.349 0.523 0.709 0.899 1.061 1.186 1.275 1.335 1.375 1.401 1.421 1.439 1.458 1.483 1.527 1.625 1.841 2.223 2.789 3.553 4.517 5.683 6.999 8.187 9.077 9.785 10.352 10.729 10.934 11.031 11.068 11.045 10.918 10.664 10.285 9.760 9.276 8.942 8.725 8.561 8.443 8.399 8.469 8.662 9.052 9.480 9.690 9.752 9.745 9.727 9.799 10.072 10.697 11.737 13.087 14.582 16.190
0.000 0.000 0.000 0.000 0.000 0.000 0.000 0.000 0.000 0.000 0.000 0.000 0.000 0.001 0.005 0.012 0.026 0.052 0.105 0.212 0.411 0.712 1.006 1.232 1.426 1.573 1.675 1.741 1.783 1.810 1.827 1.839 1.845 1.852 1.878 1.942 2.123 2.508 3.118 3.969 5.061 6.371 7.700 8.850 9.686 10.274 10.733 11.050 11.229 11.311 11.323 11.277 11.153 10.918 10.537 9.995 9.428 9.003 8.678 8.391 8.129 7.912 7.767 7.700 7.759 7.878 7.907 7.874 7.852 7.883 8.032 8.406 9.148 10.271 11.617 13.038 14.546
0.000 0.000 0.000 0.000 0.000 0.000 0.000 0.000 0.000 0.000 0.000 0.000 0.000 0.001 0.002 0.006 0.015 0.035 0.078 0.180 0.400 0.809 1.321 1.651 1.880 2.054 2.171 2.242 2.283 2.307 2.318 2.313 2.290 2.273 2.273 2.293 2.411 2.753 3.363 4.266 5.465 6.903 8.233 9.316 10.112 10.641 10.977 11.222 11.394 11.440 11.434 11.389 11.274 11.056 10.677 10.152 9.533 9.014 8.598 8.208 7.823 7.455 7.112 6.821 6.609 6.497 6.409 6.329 6.313 6.394 6.612 7.048 7.791 8.845 10.079 11.361 12.679
0.000 0.000 0.000 0.000 0.000 0.000 0.000 0.000 0.000 0.000 0.000 0.000 0.000 0.000 0.001 0.003 0.006 0.014 0.035 0.105 0.313 0.778 1.527 2.103 2.428 2.641 2.771 2.845 2.884 2.899 2.896 2.869 2.809 2.758 2.726 2.719 2.769 3.027 3.597 4.501 5.745 7.253 8.604 9.629 10.391 10.881 11.146 11.308 11.438 11.486 11.475 11.424 11.313 11.088 10.720 10.219 9.605 8.999 8.485 7.987 7.489 6.983 6.474 5.984 5.578 5.318 5.161 5.056 5.033 5.116 5.342 5.781 6.467 7.371 8.394 9.470 10.569
0.000 0.000 0.000 0.000 0.000 0.000 0.000 0.000 0.000 0.000 0.000 0.000 0.000 0.000 0.001 0.002 0.004 0.007 0.015 0.045 0.187 0.658 1.587 2.469 2.966 3.288 3.472 3.550 3.579 3.584 3.565 3.512 3.418 3.325 3.275 3.260 3.263 3.413 3.885 4.731 5.940 7.473 8.828 9.802 10.511 10.981 11.232 11.363 11.441 11.476 11.454 11.397 11.279 11.053 10.714 10.229 9.615 8.964 8.337 7.725 7.109 6.476 5.818 5.203 4.716 4.390 4.177 4.033 3.970 4.000 4.148 4.495 5.065 5.778 6.577 7.473 8.474
0.000 0.000 0.000 0.000 0.000 0.000 0.000 0.000 0.000 0.000 0.000 0.000 0.000 0.000 0.001 0.002 0.004 0.007 0.012 0.026 0.104 0.487 1.470 2.665 3.373 3.822 4.132 4.302 4.356 4.357 4.326 4.249 4.126 4.013 3.956 3.933 3.927 3.992 4.309 5.018 6.124 7.606 8.933 9.889 10.570 11.022 11.248 11.363 11.405 11.419 11.384 11.264 11.118 10.954 10.647 10.182 9.589 8.915 8.183 7.444 6.681 5.913 5.170 4.533 4.032 3.676 3.418 3.230 3.114 3.059 3.066 3.188 3.486 3.958 4.591 5.415 6.403
0.000 0.000 0.000 0.000 0.000 0.000 0.000 0.000 0.000 0.000 0.000 0.000 0.000 0.001 0.002 0.004 0.007 0.010 0.014 0.026 0.074 0.341 1.237 2.633 3.602 4.207 4.660 4.980 5.148 5.201 5.185 5.103 4.972 4.856 4.792 4.772 4.773 4.810 4.999 5.510 6.409 7.695 8.990 9.930 10.583 11.008 11.222 11.329 11.342 11.269 11.136 10.904 10.666 10.525 10.319 9.986 9.497 8.828 8.026 7.147 6.228 5.362 4.602 3.965 3.464 3.098 2.810 2.584 2.420 2.291 2.177 2.094 2.106 2.279 2.658 3.272 4.127
0.000 0.000 0.000 0.000 0.000 0.000 0.000 0.000 0.000 0.000 0.000 0.000 0.001 0.002 0.005 0.008 0.012 0.017 0.024 0.036 0.076 0.256 0.967 2.380 3.650 4.428 5.031 5.509 5.837 6.008 6.058 6.033 5.951 5.866 5.820 5.809 5.819 5.868 5.999 6.310 6.915 7.864 9.009 9.915 10.554 10.927 11.120 11.182 11.144 11.017 10.743 10.261 9.849 9.701 9.615 9.467 9.189 8.636 7.827 6.843 5.798 4.883 4.112 3.477 2.980 2.606 2.304 2.058 1.858 1.683 1.515 1.327 1.155 1.114 1.226 1.510 1.937
0.000 0.000 0.000 0.000 0.000 0.000 0.000 0.000 0.000 0.000 0.000 0.000 0.002 0.004 0.009 0.016 0.024 0.033 0.045 0.063 0.101 0.231 0.733 1.941 3.476 4.507 5.239 5.862 6.347 6.667 6.825 6.873 6.864 6.852 6.851 6.860 6.888 6.951 7.072 7.285 7.656 8.254 9.112 9.901 10.456 10.750 10.899 10.926 10.849 10.654 10.222 9.510 8.848 8.580 8.569 8.560 8.494 8.178 7.472 6.466 5.360 4.438 3.679 3.058 2.558 2.173 1.864 1.612 1.400 1.212 1.036 0.828 0.598 0.474 0.442 0.494 0.612
0.000 0.000 0.000 0.000 0.000 0.000 0.000 0.000 0.000 0.000 0.000 0.001 0.004 0.009 0.018 0.031 0.048 0.067 0.089 0.118 0.163 0.273 0.621 1.516 3.046 4.416 5.322 6.081 6.709 7.163 7.458 7.595 7.641 7.661 7.679 7.702 7.743 7.798 7.888 8.044 8.304 8.681 9.215 9.837 10.283 10.507 10.591 10.575 10.479 10.242 9.771 8.999 8.149 7.632 7.445 7.408 7.409 7.277 6.777 5.915 4.868 3.981 3.274 2.681 2.177 1.777 1.466 1.218 1.012 0.836 0.665 0.475 0.293 0.192 0.150 0.137 0.147
0.000 0.000 0.000 0.000 0.000 0.000 0.000 0.000 0.000 0.000 0.000 0.002 0.007 0.017 0.037 0.067 0.101 0.135 0.174 0.219 0.276 0.375 0.630 1.288 2.561 4.138 5.276 6.167 6.924 7.509 7.914 8.133 8.252 8.306 8.333 8.352 8.386 8.416 8.459 8.564 8.721 8.954 9.301 9.724 10.066 10.193 10.206 10.154 10.046 9.803 9.329 8.598 7.720 7.015 6.583 6.348 6.169 5.981 5.654 5.053 4.224 3.434 2.797 2.251 1.777 1.388 1.085 0.853 0.666 0.509 0.366 0.230 0.129 0.080 0.059 0.052 0.049
0.000 0.000 0.000 0.000 0.000 0.000 0.000 0.000 0.000 0.000 0.001 0.004 0.012 0.035 0.080 0.144 0.203 0.259 0.316 0.378 0.450 0.544 0.731 1.232 2.269 3.798 5.112 6.142 7.013 7.722 8.220 8.540 8.711 8.777 8.786 8.787 8.796 8.797 8.813 8.872 8.938 9.051 9.261 9.542 9.774 9.808 9.786 9.724 9.581 9.324 8.874 8.206 7.389 6.614 6.011 5.544 5.125 4.714 4.286 3.798 3.227 2.610 2.054 1.583 1.197 0.882 0.640 0.464 0.335 0.239 0.160 0.092 0.054 0.037 0.031 0.028 0.026
0.000 0.000 0.000 0.000 0.000 0.000 0.000 0.000 0.000 0.000 0.002 0.007 0.025 0.074 0.170 0.284 0.373 0.451 0.528 0.611 0.700 0.801 0.954 1.335 2.185 3.519 4.888 6.044 7.016 7.823 8.411 8.809 9.008 9.082 9.091 9.072 9.055 9.033 9.017 9.018 9.019 9.057 9.166 9.319 9.407 9.409 9.363 9.274 9.097 8.821 8.404 7.806 7.060 6.249 5.533 4.913 4.332 3.769 3.216 2.671 2.149 1.647 1.198 0.835 0.565 0.377 0.253 0.172 0.120 0.084 0.057 0.036 0.025 0.021 0.019 0.018 0.017
0.000 0.000 0.000 0.000 0.000 0.000 0.000 0.000 0.000 0.001 0.003 0.013 0.048 0.143 0.318 0.494 0.610 0.714 0.821 0.935 1.055 1.179 1.329 1.628 2.299 3.408 4.732 5.952 6.982 7.841 8.488 8.935 9.162 9.247 9.256 9.229 9.162 9.130 9.079 9.057 9.020 8.998 8.988 9.024 9.021 9.007 8.920 8.801 8.587 8.274 7.883 7.334 6.644 5.831 5.027 4.323 3.684 3.073 2.481 1.917 1.406 0.966 0.617 0.365 0.206 0.119 0.074 0.050 0.036 0.028 0.022 0.017 0.015 0.013 0.013 0.012 0.012
0.000 0.000 0.000 0.000 0.000 0.000 0.000 0.000 0.000 0.001 0.003 0.016 0.064 0.199 0.444 0.715 0.894 1.043 1.198 1.360 1.525 1.692 1.872 2.135 2.641 3.509 4.691 5.920 6.967 7.831 8.506 8.976 9.230 9.318 9.298 9.289 9.206 9.159 9.078 9.025 8.937 8.809 8.697 8.653 8.609 8.541 8.415 8.248 7.996 7.661 7.270 6.748 6.091 5.299 4.457 3.715 3.061 2.462 1.896 1.361 0.893 0.532 0.288 0.144 0.070 0.036 0.022 0.016 0.014 0.012 0.011 0.010 0.009 0.009 0.009 0.008 0.008
0.000 0.000 0.000 0.000 0.000 0.000 0.000 0.000 0.000 0.001 0.003 0.016 0.066 0.216 0.496 0.856 1.167 1.421 1.652 1.882 2.108 2.330 2.559 2.831 3.233 3.873 4.811 5.944 6.970 7.799 8.475 8.936 9.228 9.312 9.293 9.295 9.215 9.158 9.061 8.928 8.733 8.469 8.293 8.148 8.059 7.941 7.779 7.558 7.279 6.925 6.524 6.021 5.388 4.632 3.803 3.069 2.426 1.854 1.326 0.862 0.500 0.256 0.119 0.053 0.024 0.012 0.008 0.007 0.007 0.007 0.007 0.006 0.006 0.006 0.005 0.005 0.005
0.000 0.000 0.000 0.000 0.000 0.000 0.000 0.000 0.000 0.000 0.003 0.014 0.060 0.208 0.499 0.913 1.367 1.798 2.169 2.498 2.803 3.089 3.370 3.667 4.021 4.506 5.201 6.120 7.057 7.827 8.439 8.877 9.161 9.234 9.228 9.223 9.147 9.056 8.896 8.689 8.374 8.023 7.771 7.520 7.347 7.165 6.947 6.693 6.394 6.020 5.604 5.121 4.524 3.818 3.044 2.365 1.767 1.231 0.779 0.442 0.220 0.098 0.041 0.018 0.008 0.005 0.004 0.004 0.004 0.004 0.004 0.004 0.003 0.003 0.003 0.003 0.003
0.000 0.000 0.000 0.000 0.000 0.000 0.000 0.000 0.000 0.000 0.001 0.008 0.044 0.174 0.468 0.924 1.490 2.108 2.702 3.196 3.609 3.975 4.309 4.628 4.963 5.348 5.845 6.510 7.283 7.943 8.437 8.788 9.008 9.103 9.086 9.052 8.973 8.846 8.623 8.317 7.924 7.466 7.086 6.734 6.455 6.171 5.905 5.601 5.278 4.905 4.490 4.039 3.507 2.882 2.203 1.600 1.083 0.663 0.357 0.167 0.070 0.028 0.012 0.005 0.003 0.002 0.002 0.002 0.002 0.002 0.002 0.002 0.002 0.002 0.001 0.001 0.001
0.000 0.000 0.000 0.000 0.000 0.000 0.000 0.000 0.000 0.000 0.001 0.004 0.023 0.117 0.393 0.891 1.563 2.334 3.167 3.933 4.527 4.989 5.380 5.715 6.031 6.332 6.671 7.118 7.675 8.140 8.498 8.733 8.847 8.901 8.876 8.761 8.632 8.441 8.157 7.786 7.333 6.772 6.259 5.813 5.422 5.036 4.692 4.347 4.013 3.661 3.297 2.912 2.465 1.929 1.369 0.891 0.520 0.263 0.113 0.043 0.017 0.007 0.003 0.001 0.001 0.001 0.001 0.001 0.001 0.001 0.001 0.001 0.001 0.000 0.000 0.000 0.000
0.000 0.000 0.000 0.000 0.000 0.000 0.000 0.000 0.000 0.000 0.000 0.002 0.013 0.072 0.305 0.827 1.601 2.496 3.499 4.577 5.471 6.109 6.567 6.916 7.207 7.432 7.650 7.906 8.204 8.435 8.594 8.690 8.711 8.673 8.582 8.413 8.191 7.897 7.530 7.093 6.567 5.940 5.303 4.770 4.333 3.946 3.601 3.265 2.941 2.607 2.267 1.909 1.509 1.075 0.679 0.377 0.179 0.072 0.026 0.009 0.004 0.001 0.001 0.001 0.000 0.000 0.000 0.000 0.000 0.000 0.000 0.000 0.000 0.000 0.000 0.000 0.000
0.000 0.000 0.000 0.000 0.000 0.000 0.000 0.000 0.000 0.000 0.000 0.001 0.010 0.055 0.258 0.777 1.608 2.595 3.717 5.047 6.283 7.191 7.796 8.198 8.462 8.617 8.720 8.799 8.857 8.854 8.790 8.686 8.560 8.399 8.165 7.905 7.574 7.195 6.755 6.255 5.667 4.990 4.352 3.827 3.399 3.037 2.715 2.405 2.100 1.789 1.463 1.118 0.781 0.481 0.253 0.112 0.044 0.016 0.005 0.002 0.001 0.001 0.000 0.000 0.000 0.000 0.000 0.000 0.000 0.000 0.000 0.000 0.000 0.000 0.000 0.000 0.000
0.000 0.000 0.000 0.000 0.000 0.000 0.000 0.000 0.000 0.000 0.000 0.001 0.009 0.051 0.245 0.760 1.604 2.628 3.833 5.332 6.933 8.164 8.974 9.466 9.703 9.792 9.800 9.726 9.560 9.338 9.047 8.724 8.385 8.024 7.616 7.224 6.802 6.347 5.854 5.325 4.753 4.131 3.543 3.048 2.642 2.308 2.017 1.737 1.458 1.177 0.883 0.592 0.348 0.174 0.073 0.028 0.010 0.003 0.001 0.001 0.000 0.000 0.000 0.000 0.000 0.000 0.000 0.000 0.000 0.000 0.000 0.000 0.000 0.000 0.000 0.000 0.000
0.000 0.000 0.000 0.000 0.000 0.000 0.000 0.000 0.000 0.000 0.000 0.001 0.009 0.050 0.243 0.755 1.595 2.621 3.862 5.452 7.354 8.946 10.001 10.584 10.809 10.850 10.801 10.601 10.223 9.769 9.263 8.730 8.170 7.570 6.944 6.364 5.865 5.383 4.883 4.377 3.865 3.353 2.843 2.391 2.020 1.720 1.466 1.225 0.982 0.734 0.493 0.288 0.141 0.057 0.020 0.007 0.002 0.001 0.000 0.000 0.000 0.000 0.000 0.000 0.000 0.000 0.000 0.000 0.000 0.000 0.000 0.000 0.000 0.000 0.000 0.000 0.000
0.000 0.000 0.000 0.000 0.000 0.000 0.000 0.000 0.000 0.000 0.001 0.002 0.010 0.050 0.240 0.737 1.549 2.568 3.835 5.483 7.585 9.519 10.812 11.494 11.732 11.725 11.587 11.244 10.704 10.054 9.382 8.669 7.908 7.045 6.152 5.369 4.745 4.228 3.737 3.282 2.883 2.531 2.165 1.791 1.477 1.226 1.017 0.821 0.622 0.423 0.250 0.125 0.051 0.018 0.006 0.002 0.001 0.000 0.000 0.000 0.000 0.000 0.000 0.000 0.000 0.000 0.000 0.000 0.000 0.000 0.000 0.000 0.000 0.000 0.000 0.000 0.000
0.000 0.000 0.000 0.000 0.000 0.000 0.000 0.001 0.002 0.002 0.003 0.005 0.011 0.045 0.208 0.649 1.401 2.412 3.712 5.420 7.610 9.699 11.147 11.900 12.177 12.170 11.954 11.520 10.897 10.147 9.342 8.431 7.472 6.415 5.283 4.287 3.485 2.859 2.348 1.939 1.659 1.486 1.338 1.147 0.954 0.788 0.632 0.483 0.339 0.207 0.106 0.045 0.016 0.005 0.001 0.001 0.000 0.000 0.000 0.000 0.000 0.000 0.000 0.000 0.000 0.000 0.000 0.000 0.000 0.000 0.000 0.000 0.000 0.000 0.000 0.000 0.000
