RESULTS/r.avaflow_results/33_results/33_ascii/33_treach.asc
ncols 506
nrows 317
xllcenter 498237.50
yllcenter 5580050.00
cellsize 12.50
NODATA_value -9999.000
[rows 162 to 188 of 317, columns 180 to 239 of 506]
-9999.000 -9999.000 -9999.000 -9999.000 -9999.000 -9999.000 -9999.000 -9999.000 -9999.000 -9999.000 -9999.000 -9999.000 -9999.000 -9999.000 -9999.000 -9999.000 -9999.000 -9999.000 -9999.000 -9999.000 91.228 90.180 89.648 89.243 89.243 89.448 89.648 90.014 90.350 90.693 91.228 91.978 92.685 93.235 93.964 94.669 95.372 96.072 96.771 97.472 98.188 98.826 99.596 100.345 101.096 102.051 102.749 103.765 104.841 105.848 107.097 108.574 -9999.000 -9999.000 -9999.000 -9999.000 -9999.000 -9999.000 -9999.000 -9999.000
-9999.000 -9999.000 -9999.000 -9999.000 -9999.000 -9999.000 -9999.000 -9999.000 -9999.000 -9999.000 -9999.000 -9999.000 -9999.000 -9999.000 -9999.000 -9999.000 -9999.000 86.196 85.726 85.726 85.726 85.959 86.434 86.668 87.143 87.615 88.321 88.797 89.448 90.014 90.519 91.228 91.978 92.685 93.438 94.195 94.906 95.607 96.306 97.238 97.959 98.636 99.367 100.094 101.096 101.811 102.749 103.522 104.587 105.602 106.598 107.841 109.314 -9999.000 -9999.000 -9999.000 -9999.000 -9999.000 -9999.000 -9999.000
-9999.000 -9999.000 -9999.000 -9999.000 -9999.000 -9999.000 -9999.000 -9999.000 -9999.000 -9999.000 -9999.000 -9999.000 -9999.000 -9999.000 82.451 81.505 81.505 81.755 82.221 82.683 83.380 84.079 84.783 85.253 85.959 86.668 87.377 88.086 88.797 89.448 90.014 90.693 91.408 92.212 93.006 93.964 94.669 95.607 96.306 97.007 97.959 98.636 99.367 100.094 101.096 101.811 102.749 103.522 104.587 105.602 106.598 107.595 108.795 110.307 -9999.000 -9999.000 -9999.000 -9999.000 -9999.000 -9999.000
63.969 65.664 67.324 69.268 71.679 75.188 78.045 78.371 78.371 78.208 78.045 77.881 77.881 77.881 78.045 78.371 79.034 79.607 80.616 81.505 82.221 82.916 83.615 84.547 85.253 85.959 86.668 87.377 88.086 88.797 89.648 90.350 91.228 91.978 93.006 93.722 94.669 95.372 96.306 97.007 97.959 98.636 99.367 100.345 101.096 102.051 102.985 103.765 104.841 105.602 106.598 107.841 108.795 110.058 111.296 -9999.000 -9999.000 -9999.000 -9999.000 -9999.000
62.224 63.728 65.230 66.480 67.968 69.268 70.584 71.460 72.461 73.173 73.863 74.553 74.984 75.603 76.240 77.110 77.881 78.697 79.607 80.311 81.264 82.221 82.916 83.845 84.547 85.253 86.196 86.904 87.852 88.551 89.448 90.350 91.048 91.978 93.006 93.964 94.669 95.607 96.306 97.238 98.188 99.012 99.838 100.603 101.578 102.519 103.522 104.321 105.099 106.100 106.844 107.841 108.795 110.058 111.296 112.558 -9999.000 -9999.000 -9999.000 -9999.000
60.985 62.224 63.728 64.986 66.273 67.324 68.400 69.487 70.365 71.241 71.938 72.705 73.404 74.093 75.188 76.026 77.110 77.881 78.697 79.607 80.616 81.505 82.221 83.147 84.079 85.020 85.959 86.904 87.615 88.551 89.448 90.350 91.228 92.212 93.006 93.964 94.906 95.838 96.771 97.707 98.636 99.596 100.603 101.335 102.282 103.227 104.321 105.099 105.848 106.598 107.595 108.309 109.061 110.058 111.296 112.304 113.546 116.235 -9999.000 -9999.000
59.787 61.228 62.474 63.728 64.986 66.068 66.898 67.752 68.616 69.268 69.487 69.487 69.268 69.487 72.705 74.783 76.026 77.110 78.045 78.862 79.838 81.040 81.988 82.916 83.845 85.020 85.959 86.904 87.852 88.797 89.648 90.519 91.408 92.421 93.722 94.669 95.607 96.537 97.707 98.636 99.367 100.603 101.578 102.519 103.522 104.321 105.347 106.100 106.844 107.595 108.093 108.795 109.576 110.307 111.296 112.304 113.546 114.769 116.971 -9999.000
58.538 59.787 60.985 62.224 63.219 46.420 45.057 45.272 46.133 48.145 50.642 53.441 56.692 60.743 65.464 72.461 74.984 76.455 77.721 78.697 79.838 80.791 81.988 82.916 83.845 85.020 85.959 86.904 88.086 89.027 90.180 91.228 92.212 93.438 94.669 95.607 96.771 97.959 98.826 100.094 101.335 102.519 103.765 105.099 106.100 106.844 107.595 107.841 108.093 108.574 109.061 109.576 110.307 111.047 111.804 112.558 113.546 114.769 115.996 117.695
21.489 26.487 28.946 30.903 32.547 33.546 34.806 36.876 39.788 43.469 46.995 50.915 55.089 59.545 64.481 71.460 74.783 76.240 77.530 78.534 79.607 80.791 81.988 83.147 84.079 85.253 86.434 87.615 89.027 90.014 91.228 92.421 93.722 94.906 96.072 97.472 99.172 102.051 182.845 182.450 181.252 135.167 126.179 118.659 114.530 112.558 111.296 110.568 110.058 110.058 110.307 110.568 111.047 111.556 112.304 113.053 113.787 114.769 115.747 116.971
5.023 14.766 19.864 23.702 26.157 28.288 30.478 34.042 38.196 42.085 46.420 50.642 54.817 59.545 64.481 71.938 74.783 76.240 77.530 78.697 79.838 81.040 82.451 83.615 85.020 86.434 87.852 89.243 90.519 91.771 93.235 94.906 98.826 -9999.000 -9999.000 -9999.000 -9999.000 -9999.000 -9999.000 -9999.000 -9999.000 -9999.000 134.229 125.955 121.005 117.695 115.259 113.294 112.060 111.804 111.556 111.804 112.060 112.304 112.800 113.546 114.278 115.020 115.996 116.971
1.405 3.826 8.833 16.696 20.845 24.303 28.288 33.294 37.664 42.085 46.420 50.915 55.629 60.509 66.273 73.173 75.188 76.666 77.881 79.034 80.616 82.221 83.845 85.488 87.377 89.448 91.228 -9999.000 -9999.000 -9999.000 -9999.000 -9999.000 -9999.000 -9999.000 -9999.000 -9999.000 -9999.000 -9999.000 -9999.000 -9999.000 -9999.000 -9999.000 -9999.000 130.626 124.385 120.777 118.180 115.996 114.530 113.546 113.053 113.053 113.053 113.294 113.787 114.278 114.769 115.509 116.235 116.971
0.290 0.290 3.211 8.117 15.815 21.288 27.625 33.294 37.929 42.639 47.570 52.608 58.277 64.720 72.705 74.553 76.026 77.721 79.034 80.791 82.683 85.020 90.014 -9999.000 -9999.000 -9999.000 -9999.000 -9999.000 -9999.000 -9999.000 -9999.000 -9999.000 -9999.000 -9999.000 -9999.000 -9999.000 -9999.000 -9999.000 -9999.000 -9999.000 -9999.000 -9999.000 -9999.000 134.879 127.744 123.038 120.319 118.180 116.484 115.259 114.530 114.278 114.278 114.278 114.530 115.020 115.509 115.996 116.722 117.458
0.290 0.290 0.290 3.826 11.460 19.182 27.835 34.042 39.522 46.133 53.441 63.219 69.487 72.192 74.323 76.026 77.721 79.206 82.221 90.180 -9999.000 -9999.000 -9999.000 -9999.000 -9999.000 -9999.000 -9999.000 -9999.000 -9999.000 -9999.000 -9999.000 -9999.000 -9999.000 -9999.000 -9999.000 -9999.000 -9999.000 -9999.000 -9999.000 -9999.000 -9999.000 -9999.000 -9999.000 -9999.000 131.717 125.507 122.362 120.319 118.421 117.209 116.235 115.747 115.509 115.509 115.509 115.747 116.235 116.722 117.209 117.942
0.290 0.290 0.290 1.884 9.547 18.245 28.697 40.283 63.486 65.865 67.752 69.706 71.938 74.093 76.026 78.208 -9999.000 -9999.000 -9999.000 -9999.000 -9999.000 -9999.000 -9999.000 -9999.000 -9999.000 -9999.000 -9999.000 -9999.000 -9999.000 -9999.000 -9999.000 -9999.000 -9999.000 -9999.000 -9999.000 -9999.000 -9999.000 -9999.000 -9999.000 -9999.000 -9999.000 -9999.000 -9999.000 -9999.000 135.312 128.413 124.385 122.135 120.319 118.900 117.942 116.971 116.722 116.722 116.722 116.722 116.971 117.458 117.942 118.421
0.290 0.290 0.290 1.884 9.071 18.063 33.041 63.219 65.664 67.538 69.487 71.938 74.323 77.110 -9999.000 -9999.000 -9999.000 -9999.000 -9999.000 -9999.000 -9999.000 -9999.000 -9999.000 -9999.000 -9999.000 -9999.000 -9999.000 -9999.000 -9999.000 -9999.000 -9999.000 -9999.000 -9999.000 -9999.000 -9999.000 -9999.000 -9999.000 -9999.000 -9999.000 -9999.000 -9999.000 -9999.000 -9999.000 -9999.000 -9999.000 131.283 126.403 123.714 121.910 120.550 119.380 118.659 117.942 117.695 117.695 117.695 117.942 118.180 118.659 119.139
0.290 0.290 0.290 2.593 9.547 18.797 61.975 64.720 66.898 69.268 72.192 75.394 -9999.000 -9999.000 -9999.000 -9999.000 -9999.000 -9999.000 -9999.000 -9999.000 -9999.000 -9999.000 -9999.000 -9999.000 -9999.000 -9999.000 -9999.000 -9999.000 -9999.000 -9999.000 -9999.000 -9999.000 -9999.000 -9999.000 -9999.000 -9999.000 -9999.000 -9999.000 -9999.000 -9999.000 -9999.000 -9999.000 -9999.000 -9999.000 -9999.000 134.585 128.636 125.507 123.714 122.135 121.005 120.089 119.380 118.900 118.900 118.900 118.900 119.139 119.380 119.854
0.290 0.290 0.867 4.440 12.432 60.743 63.486 66.068 69.050 72.941 -9999.000 -9999.000 -9999.000 -9999.000 -9999.000 -9999.000 -9999.000 -9999.000 -9999.000 -9999.000 -9999.000 -9999.000 -9999.000 -9999.000 -9999.000 -9999.000 -9999.000 -9999.000 -9999.000 -9999.000 -9999.000 -9999.000 -9999.000 -9999.000 -9999.000 -9999.000 -9999.000 -9999.000 -9999.000 -9999.000 -9999.000 -9999.000 -9999.000 -9999.000 -9999.000 140.138 131.064 127.520 125.507 123.937 122.587 121.458 120.777 120.089 119.854 119.854 119.854 119.854 120.089 120.550
0.290 0.867 3.826 9.786 60.033 62.969 65.865 69.050 -9999.000 -9999.000 -9999.000 -9999.000 -9999.000 -9999.000 -9999.000 -9999.000 -9999.000 -9999.000 -9999.000 -9999.000 -9999.000 -9999.000 -9999.000 -9999.000 -9999.000 -9999.000 -9999.000 -9999.000 -9999.000 -9999.000 -9999.000 -9999.000 -9999.000 -9999.000 -9999.000 -9999.000 -9999.000 -9999.000 -9999.000 -9999.000 -9999.000 -9999.000 -9999.000 -9999.000 -9999.000 -9999.000 133.648 129.525 127.298 125.507 124.162 123.038 122.135 121.458 121.005 121.005 120.777 121.005 121.005 121.231
0.867 3.826 13.302 60.033 63.219 66.480 70.584 -9999.000 -9999.000 -9999.000 -9999.000 -9999.000 -9999.000 -9999.000 -9999.000 -9999.000 -9999.000 -9999.000 -9999.000 -9999.000 -9999.000 -9999.000 -9999.000 -9999.000 -9999.000 -9999.000 -9999.000 -9999.000 -9999.000 -9999.000 -9999.000 -9999.000 -9999.000 -9999.000 -9999.000 -9999.000 -9999.000 -9999.000 -9999.000 -9999.000 -9999.000 -9999.000 -9999.000 -9999.000 -9999.000 -9999.000 135.972 131.717 129.082 127.298 125.731 124.610 123.714 122.813 122.362 122.135 121.910 121.910 121.910 122.135
3.826 14.325 60.033 64.236 68.616 -9999.000 -9999.000 -9999.000 -9999.000 -9999.000 -9999.000 -9999.000 -9999.000 -9999.000 -9999.000 -9999.000 -9999.000 -9999.000 -9999.000 -9999.000 -9999.000 -9999.000 -9999.000 -9999.000 -9999.000 -9999.000 -9999.000 -9999.000 -9999.000 -9999.000 -9999.000 -9999.000 -9999.000 -9999.000 -9999.000 -9999.000 -9999.000 -9999.000 -9999.000 -9999.000 -9999.000 -9999.000 -9999.000 -9999.000 -9999.000 -9999.000 139.936 134.042 131.064 129.082 127.298 126.179 125.058 124.385 123.714 123.264 123.038 123.038 123.038 123.038
15.537 60.283 66.068 -9999.000 -9999.000 -9999.000 -9999.000 -9999.000 -9999.000 -9999.000 -9999.000 -9999.000 -9999.000 -9999.000 -9999.000 -9999.000 -9999.000 -9999.000 -9999.000 -9999.000 -9999.000 -9999.000 -9999.000 -9999.000 -9999.000 -9999.000 -9999.000 -9999.000 -9999.000 -9999.000 -9999.000 -9999.000 -9999.000 -9999.000 -9999.000 -9999.000 -9999.000 -9999.000 -9999.000 -9999.000 -9999.000 -9999.000 -9999.000 -9999.000 -9999.000 -9999.000 -9999.000 136.164 133.012 130.846 129.082 127.744 126.627 125.731 125.058 124.385 124.162 123.937 123.937 124.162
65.664 -9999.000 -9999.000 -9999.000 -9999.000 -9999.000 -9999.000 -9999.000 -9999.000 -9999.000 -9999.000 -9999.000 -9999.000 -9999.000 -9999.000 -9999.000 -9999.000 -9999.000 -9999.000 -9999.000 -9999.000 -9999.000 -9999.000 -9999.000 -9999.000 -9999.000 -9999.000 -9999.000 -9999.000 -9999.000 -9999.000 -9999.000 -9999.000 -9999.000 -9999.000 -9999.000 -9999.000 -9999.000 -9999.000 -9999.000 -9999.000 -9999.000 -9999.000 -9999.000 -9999.000 -9999.000 -9999.000 138.692 135.023 132.796 130.846 129.303 128.191 127.298 126.403 125.731 125.282 125.058 125.058 125.058
-9999.000 -9999.000 -9999.000 -9999.000 -9999.000 -9999.000 -9999.000 -9999.000 -9999.000 -9999.000 -9999.000 -9999.000 -9999.000 -9999.000 -9999.000 -9999.000 -9999.000 -9999.000 -9999.000 -9999.000 -9999.000 -9999.000 -9999.000 -9999.000 -9999.000 -9999.000 -9999.000 -9999.000 -9999.000 -9999.000 -9999.000 -9999.000 -9999.000 -9999.000 -9999.000 -9999.000 -9999.000 -9999.000 -9999.000 -9999.000 -9999.000 -9999.000 -9999.000 -9999.000 -9999.000 -9999.000 -9999.000 141.571 137.179 134.585 132.582 131.064 129.746 128.636 127.744 127.298 126.627 126.403 126.179 126.179
-9999.000 -9999.000 -9999.000 -9999.000 -9999.000 -9999.000 -9999.000 -9999.000 -9999.000 -9999.000 -9999.000 -9999.000 -9999.000 -9999.000 -9999.000 -9999.000 -9999.000 -9999.000 -9999.000 -9999.000 -9999.000 -9999.000 -9999.000 -9999.000 -9999.000 -9999.000 -9999.000 -9999.000 -9999.000 -9999.000 -9999.000 -9999.000 -9999.000 -9999.000 -9999.000 -9999.000 -9999.000 -9999.000 -9999.000 -9999.000 -9999.000 -9999.000 -9999.000 -9999.000 -9999.000 -9999.000 -9999.000 145.132 139.731 136.564 134.409 132.796 131.283 130.187 129.303 128.636 127.967 127.520 127.298 127.298
-9999.000 -9999.000 -9999.000 -9999.000 -9999.000 -9999.000 -9999.000 -9999.000 -9999.000 -9999.000 -9999.000 -9999.000 -9999.000 -9999.000 -9999.000 -9999.000 -9999.000 -9999.000 -9999.000 -9999.000 -9999.000 -9999.000 -9999.000 -9999.000 -9999.000 -9999.000 -9999.000 -9999.000 -9999.000 -9999.000 -9999.000 -9999.000 -9999.000 -9999.000 -9999.000 -9999.000 -9999.000 -9999.000 -9999.000 -9999.000 -9999.000 -9999.000 -9999.000 -9999.000 -9999.000 -9999.000 -9999.000 -9999.000 142.622 138.905 136.362 134.409 133.012 131.717 130.846 129.968 129.303 128.859 128.636 128.636
-9999.000 -9999.000 -9999.000 -9999.000 -9999.000 -9999.000 -9999.000 -9999.000 -9999.000 -9999.000 -9999.000 -9999.000 -9999.000 -9999.000 -9999.000 -9999.000 -9999.000 -9999.000 -9999.000 -9999.000 -9999.000 -9999.000 -9999.000 -9999.000 -9999.000 -9999.000 -9999.000 -9999.000 -9999.000 -9999.000 -9999.000 -9999.000 -9999.000 -9999.000 -9999.000 -9999.000 -9999.000 -9999.000 -9999.000 -9999.000 -9999.000 -9999.000 -9999.000 -9999.000 -9999.000 -9999.000 -9999.000 -9999.000 146.356 141.364 138.251 136.164 134.585 133.225 132.150 131.499 130.846 130.187 129.968 129.746
-9999.000 -9999.000 -9999.000 -9999.000 -9999.000 -9999.000 -9999.000 -9999.000 -9999.000 -9999.000 -9999.000 -9999.000 -9999.000 -9999.000 -9999.000 -9999.000 -9999.000 -9999.000 -9999.000 -9999.000 -9999.000 -9999.000 -9999.000 -9999.000 -9999.000 -9999.000 -9999.000 -9999.000 -9999.000 -9999.000 -9999.000 -9999.000 -9999.000 -9999.000 -9999.000 -9999.000 -9999.000 -9999.000 -9999.000 -9999.000 -9999.000 -9999.000 -9999.000 -9999.000 -9999.000 -9999.000 -9999.000 -9999.000 151.022 143.888 140.546 138.023 136.164 134.734 133.648 132.796 132.150 131.499 131.064 131.064
