RESULTS/r.avaflow_results/21_results/21_ascii/21_hflow30054.asc
ncols 506
nrows 317
xllcenter 498237.50
yllcenter 5580050.00
cellsize 12.50
NODATA_value -9999.000
[rows 170 to 203 of 317, columns 154 to 230 of 506]
8.211 8.026 7.840 7.648 7.436 7.209 6.989 6.791 6.616 6.454 6.301 6.147 5.976 5.741 5.382 4.876 4.237 3.507 2.767 2.098 1.518 1.048 0.698 0.465 0.321 0.235 0.190 0.170 0.166 0.168 0.181 0.200 0.216 0.229 0.240 0.254 0.270 0.281 0.284 0.282 0.276 0.267 0.257 0.248 0.235 0.216 0.191 0.168 0.149 0.132 0.115 0.100 0.088 0.080 0.076 0.074 0.075 0.077 0.081 0.083 0.085 0.085 0.084 0.083 0.083 0.084 0.089 0.103 0.132 0.173 0.200 0.210 0.209 0.198 0.174 0.141 0.109
11.480 11.624 11.650 11.608 11.490 11.280 11.002 10.699 10.405 10.124 9.858 9.600 9.333 9.011 8.557 7.912 7.067 6.059 4.961 3.896 2.925 2.081 1.406 0.922 0.611 0.423 0.315 0.261 0.242 0.240 0.249 0.257 0.261 0.263 0.266 0.271 0.280 0.285 0.286 0.282 0.272 0.259 0.246 0.233 0.216 0.190 0.155 0.122 0.097 0.080 0.069 0.062 0.057 0.054 0.054 0.055 0.058 0.062 0.065 0.067 0.067 0.067 0.066 0.064 0.064 0.065 0.069 0.079 0.101 0.139 0.178 0.200 0.208 0.209 0.202 0.185 0.156
14.903 15.414 15.612 15.619 15.512 15.274 14.948 14.591 14.240 13.898 13.568 13.253 12.940 12.591 12.120 11.421 10.456 9.252 7.882 6.464 5.091 3.811 2.694 1.813 1.191 0.787 0.540 0.404 0.337 0.306 0.290 0.281 0.274 0.270 0.268 0.269 0.273 0.274 0.271 0.261 0.243 0.224 0.205 0.186 0.163 0.131 0.097 0.072 0.057 0.049 0.043 0.040 0.039 0.038 0.039 0.041 0.045 0.050 0.053 0.054 0.054 0.053 0.052 0.051 0.051 0.052 0.055 0.062 0.077 0.104 0.145 0.183 0.204 0.212 0.212 0.207 0.190
17.374 18.222 18.620 18.706 18.637 18.446 18.175 17.874 17.559 17.227 16.873 16.521 16.177 15.813 15.358 14.698 13.767 12.576 11.181 9.637 8.008 6.348 4.722 3.317 2.226 1.445 0.934 0.628 0.455 0.358 0.306 0.282 0.270 0.262 0.255 0.250 0.245 0.241 0.231 0.211 0.182 0.154 0.132 0.112 0.093 0.072 0.054 0.043 0.036 0.031 0.029 0.028 0.028 0.028 0.029 0.031 0.035 0.040 0.042 0.043 0.043 0.043 0.042 0.042 0.042 0.043 0.045 0.051 0.061 0.078 0.107 0.150 0.189 0.208 0.213 0.212 0.204
18.715 19.803 20.452 20.749 20.844 20.816 20.711 20.559 20.357 20.083 19.728 19.327 18.938 18.543 18.085 17.453 16.567 15.424 14.068 12.554 10.910 9.133 7.197 5.252 3.590 2.310 1.419 0.867 0.556 0.390 0.308 0.269 0.248 0.232 0.217 0.204 0.192 0.178 0.161 0.135 0.108 0.088 0.074 0.062 0.051 0.041 0.033 0.027 0.024 0.022 0.021 0.021 0.021 0.021 0.022 0.024 0.027 0.031 0.033 0.035 0.035 0.035 0.035 0.035 0.036 0.037 0.039 0.043 0.049 0.060 0.079 0.111 0.157 0.192 0.206 0.209 0.205
19.060 20.262 21.127 21.711 22.089 22.316 22.425 22.433 22.360 22.169 21.827 21.365 20.922 20.502 20.046 19.457 18.652 17.599 16.299 14.774 13.052 11.141 9.000 6.638 4.532 2.882 1.719 1.002 0.607 0.401 0.296 0.240 0.205 0.177 0.154 0.135 0.121 0.109 0.096 0.079 0.063 0.052 0.043 0.037 0.031 0.025 0.022 0.019 0.017 0.016 0.016 0.016 0.016 0.016 0.017 0.019 0.021 0.024 0.026 0.028 0.028 0.029 0.030 0.030 0.031 0.033 0.035 0.037 0.042 0.049 0.061 0.082 0.117 0.159 0.186 0.196 0.198
18.880 20.140 21.126 21.884 22.491 22.953 23.235 23.346 23.349 23.229 22.909 22.393 21.909 21.497 21.062 20.518 19.795 18.849 17.632 16.117 14.320 12.267 9.941 7.317 4.953 3.111 1.824 1.043 0.618 0.393 0.270 0.198 0.149 0.115 0.093 0.080 0.072 0.065 0.057 0.047 0.039 0.033 0.028 0.024 0.020 0.017 0.015 0.014 0.013 0.012 0.012 0.012 0.012 0.013 0.013 0.014 0.016 0.018 0.020 0.022 0.023 0.024 0.025 0.027 0.028 0.029 0.031 0.034 0.037 0.042 0.051 0.064 0.087 0.120 0.151 0.171 0.180
18.209 19.587 20.751 21.697 22.451 23.008 23.343 23.480 23.501 23.413 23.109 22.572 22.072 21.679 21.266 20.743 20.060 19.178 18.035 16.558 14.731 12.591 10.156 7.428 4.995 3.108 1.803 1.020 0.593 0.359 0.227 0.147 0.099 0.072 0.057 0.049 0.044 0.039 0.035 0.030 0.025 0.022 0.019 0.016 0.014 0.012 0.011 0.010 0.009 0.009 0.009 0.009 0.009 0.009 0.010 0.011 0.012 0.014 0.015 0.017 0.019 0.020 0.022 0.023 0.025 0.026 0.028 0.031 0.034 0.038 0.044 0.054 0.068 0.090 0.115 0.137 0.153
17.096 18.611 19.958 21.106 22.019 22.653 23.003 23.131 23.142 23.049 22.756 22.243 21.732 21.317 20.883 20.349 19.682 18.848 17.766 16.333 14.516 12.342 9.825 7.070 4.683 2.858 1.621 0.895 0.501 0.286 0.164 0.097 0.063 0.046 0.036 0.031 0.028 0.025 0.023 0.020 0.017 0.015 0.013 0.012 0.010 0.009 0.008 0.007 0.007 0.006 0.006 0.006 0.006 0.007 0.007 0.008 0.009 0.010 0.012 0.013 0.015 0.017 0.018 0.020 0.022 0.024 0.026 0.028 0.031 0.034 0.040 0.047 0.057 0.072 0.090 0.108 0.123
15.686 17.295 18.750 20.016 21.027 21.720 22.095 22.213 22.191 22.043 21.747 21.322 20.830 20.316 19.760 19.151 18.468 17.664 16.639 15.249 13.425 11.189 8.591 5.983 3.827 2.241 1.212 0.629 0.328 0.174 0.096 0.059 0.040 0.030 0.024 0.021 0.019 0.017 0.016 0.014 0.012 0.011 0.010 0.008 0.007 0.006 0.006 0.005 0.004 0.004 0.004 0.004 0.004 0.004 0.005 0.005 0.006 0.007 0.008 0.010 0.011 0.013 0.015 0.017 0.019 0.021 0.023 0.025 0.028 0.032 0.036 0.042 0.051 0.062 0.076 0.090 0.102
14.023 15.636 17.107 18.415 19.495 20.271 20.711 20.842 20.780 20.558 20.270 19.971 19.536 18.888 18.125 17.383 16.631 15.787 14.708 13.231 11.280 8.888 6.335 4.096 2.419 1.298 0.645 0.315 0.160 0.087 0.053 0.035 0.026 0.020 0.017 0.015 0.014 0.012 0.011 0.010 0.009 0.008 0.007 0.006 0.005 0.004 0.004 0.003 0.003 0.002 0.002 0.002 0.002 0.002 0.003 0.003 0.004 0.005 0.006 0.007 0.009 0.010 0.012 0.014 0.016 0.018 0.020 0.023 0.026 0.029 0.034 0.039 0.047 0.056 0.068 0.079 0.089
12.101 13.632 15.079 16.440 17.646 18.580 19.153 19.349 19.298 19.081 18.802 18.518 18.065 17.307 16.377 15.483 14.588 13.556 12.193 10.376 8.051 5.591 3.532 2.074 1.132 0.576 0.279 0.137 0.074 0.045 0.031 0.023 0.018 0.015 0.013 0.011 0.010 0.009 0.008 0.007 0.006 0.005 0.005 0.004 0.003 0.003 0.002 0.002 0.001 0.001 0.001 0.001 0.001 0.001 0.001 0.002 0.002 0.003 0.004 0.005 0.006 0.008 0.009 0.011 0.013 0.015 0.018 0.020 0.023 0.027 0.031 0.037 0.045 0.054 0.063 0.073 0.081
9.990 11.397 12.815 14.247 15.615 16.740 17.484 17.797 17.799 17.620 17.312 16.903 16.295 15.436 14.429 13.395 12.286 10.899 9.022 6.723 4.483 2.742 1.545 0.826 0.431 0.220 0.112 0.061 0.037 0.026 0.020 0.016 0.013 0.011 0.010 0.008 0.007 0.007 0.006 0.005 0.004 0.004 0.003 0.002 0.002 0.001 0.001 0.001 0.001 0.000 0.000 0.000 0.000 0.000 0.000 0.001 0.001 0.002 0.002 0.003 0.004 0.005 0.007 0.009 0.010 0.013 0.015 0.018 0.021 0.025 0.029 0.036 0.043 0.052 0.061 0.069 0.077
7.880 9.113 10.425 11.835 13.268 14.493 15.352 15.775 15.842 15.678 15.246 14.574 13.710 12.724 11.663 10.498 9.107 7.302 5.226 3.338 1.951 1.037 0.525 0.274 0.149 0.083 0.049 0.031 0.022 0.017 0.014 0.011 0.010 0.008 0.007 0.006 0.005 0.005 0.004 0.003 0.003 0.002 0.002 0.001 0.001 0.001 0.000 0.000 0.000 0.000 0.000 0.000 0.000 0.000 0.000 0.000 0.000 0.001 0.001 0.002 0.003 0.004 0.005 0.006 0.008 0.010 0.013 0.016 0.019 0.023 0.028 0.034 0.042 0.051 0.059 0.066 0.074
5.850 6.812 7.861 8.999 10.182 11.233 12.020 12.451 12.546 12.385 11.850 10.936 9.766 8.603 7.490 6.310 4.982 3.524 2.200 1.222 0.618 0.304 0.161 0.093 0.057 0.037 0.026 0.019 0.015 0.012 0.010 0.009 0.007 0.006 0.005 0.004 0.004 0.003 0.002 0.002 0.001 0.001 0.001 0.000 0.000 0.000 0.000 0.000 0.000 0.000 0.000 0.000 0.000 0.000 0.000 0.000 0.000 0.000 0.000 0.001 0.002 0.002 0.003 0.005 0.006 0.008 0.011 0.013 0.017 0.021 0.026 0.033 0.040 0.049 0.057 0.065 0.072
3.904 4.445 4.987 5.552 6.157 6.754 7.245 7.538 7.616 7.497 7.029 6.203 5.170 4.245 3.459 2.720 1.955 1.211 0.657 0.327 0.166 0.093 0.058 0.039 0.028 0.021 0.017 0.014 0.011 0.009 0.008 0.007 0.005 0.004 0.004 0.003 0.002 0.002 0.001 0.001 0.001 0.000 0.000 0.000 0.000 0.000 0.000 0.000 0.000 0.000 0.000 0.000 0.000 0.000 0.000 0.000 0.000 0.000 0.000 0.000 0.001 0.001 0.002 0.003 0.005 0.006 0.009 0.011 0.015 0.019 0.024 0.031 0.038 0.047 0.055 0.064 0.072
2.223 2.425 2.605 2.774 2.944 3.125 3.286 3.384 3.408 3.352 3.119 2.672 2.068 1.551 1.162 0.843 0.550 0.315 0.167 0.092 0.056 0.038 0.028 0.022 0.018 0.015 0.013 0.011 0.009 0.007 0.006 0.005 0.004 0.003 0.002 0.002 0.001 0.001 0.000 0.000 0.000 0.000 0.000 0.000 0.000 0.000 0.000 0.000 0.000 0.000 0.000 0.000 0.000 0.000 0.000 0.000 0.000 0.000 0.000 0.000 0.000 0.001 0.001 0.002 0.003 0.005 0.007 0.009 0.013 0.017 0.022 0.028 0.036 0.044 0.053 0.062 0.072
1.037 1.071 1.096 1.113 1.125 1.139 1.158 1.164 1.158 1.127 1.035 0.862 0.624 0.440 0.317 0.224 0.147 0.090 0.055 0.037 0.028 0.022 0.018 0.016 0.014 0.012 0.010 0.009 0.007 0.006 0.005 0.003 0.003 0.002 0.001 0.001 0.000 0.000 0.000 0.000 0.000 0.000 0.000 0.000 0.000 0.000 0.000 0.000 0.000 0.000 0.000 0.000 0.000 0.000 0.000 0.000 0.000 0.000 0.000 0.000 0.000 0.000 0.000 0.001 0.002 0.003 0.005 0.007 0.010 0.014 0.019 0.025 0.032 0.040 0.050 0.061 0.073
0.401 0.397 0.396 0.394 0.390 0.383 0.373 0.363 0.352 0.336 0.305 0.252 0.181 0.129 0.095 0.071 0.051 0.037 0.027 0.022 0.018 0.016 0.014 0.013 0.011 0.010 0.009 0.007 0.006 0.005 0.003 0.002 0.002 0.001 0.000 0.000 0.000 0.000 0.000 0.000 0.000 0.000 0.000 0.000 0.000 0.000 0.000 0.000 0.000 0.000 0.000 0.000 0.000 0.000 0.000 0.000 0.000 0.000 0.000 0.000 0.000 0.000 0.000 0.000 0.001 0.002 0.003 0.005 0.008 0.011 0.016 0.021 0.027 0.035 0.046 0.058 0.072
0.152 0.149 0.147 0.146 0.144 0.138 0.131 0.123 0.116 0.109 0.099 0.084 0.064 0.049 0.039 0.032 0.026 0.021 0.018 0.016 0.014 0.013 0.012 0.011 0.010 0.009 0.007 0.006 0.005 0.003 0.002 0.001 0.001 0.000 0.000 0.000 0.000 0.000 0.000 0.000 0.000 0.000 0.000 0.000 0.000 0.000 0.000 0.000 0.000 0.000 0.000 0.000 0.000 0.000 0.000 0.000 0.000 0.000 0.000 0.000 0.000 0.000 0.000 0.000 0.000 0.001 0.002 0.004 0.006 0.009 0.012 0.017 0.022 0.030 0.040 0.053 0.068
0.064 0.063 0.062 0.062 0.061 0.058 0.054 0.051 0.047 0.045 0.041 0.037 0.031 0.026 0.022 0.020 0.017 0.016 0.014 0.013 0.012 0.011 0.010 0.009 0.008 0.007 0.006 0.005 0.004 0.003 0.002 0.001 0.000 0.000 0.000 0.000 0.000 0.000 0.000 0.000 0.000 0.000 0.000 0.000 0.000 0.000 0.000 0.000 0.000 0.000 0.000 0.000 0.000 0.000 0.000 0.000 0.000 0.000 0.000 0.000 0.000 0.000 0.000 0.000 0.000 0.001 0.001 0.003 0.004 0.006 0.009 0.013 0.017 0.024 0.033 0.045 0.060
0.033 0.032 0.032 0.032 0.031 0.030 0.028 0.027 0.025 0.024 0.023 0.022 0.020 0.018 0.016 0.015 0.014 0.013 0.012 0.011 0.010 0.010 0.009 0.008 0.007 0.007 0.005 0.004 0.003 0.002 0.001 0.000 0.000 0.000 0.000 0.000 0.000 0.000 0.000 0.000 0.000 0.000 0.000 0.000 0.000 0.000 0.000 0.000 0.000 0.000 0.000 0.000 0.000 0.000 0.000 0.000 0.000 0.000 0.000 0.000 0.000 0.000 0.000 0.000 0.000 0.000 0.001 0.002 0.003 0.004 0.007 0.009 0.013 0.017 0.024 0.033 0.046
0.020 0.019 0.019 0.019 0.019 0.018 0.018 0.017 0.016 0.016 0.016 0.015 0.015 0.014 0.013 0.012 0.011 0.011 0.010 0.010 0.009 0.009 0.008 0.007 0.007 0.006 0.005 0.004 0.002 0.001 0.001 0.000 0.000 0.000 0.000 0.000 0.000 0.000 0.000 0.000 0.000 0.000 0.000 0.000 0.000 0.000 0.000 0.000 0.000 0.000 0.000 0.000 0.000 0.000 0.000 0.000 0.000 0.000 0.000 0.000 0.000 0.000 0.000 0.000 0.000 0.000 0.000 0.001 0.002 0.003 0.004 0.007 0.009 0.013 0.017 0.023 0.031
0.013 0.013 0.013 0.013 0.013 0.013 0.012 0.012 0.012 0.012 0.012 0.012 0.011 0.011 0.011 0.010 0.010 0.009 0.009 0.009 0.008 0.008 0.007 0.007 0.006 0.005 0.004 0.003 0.002 0.001 0.000 0.000 0.000 0.000 0.000 0.000 0.000 0.000 0.000 0.000 0.000 0.000 0.000 0.000 0.000 0.000 0.000 0.000 0.000 0.000 0.000 0.000 0.000 0.000 0.000 0.000 0.000 0.000 0.000 0.000 0.000 0.000 0.000 0.000 0.000 0.000 0.000 0.000 0.001 0.002 0.003 0.004 0.006 0.009 0.012 0.016 0.021
0.009 0.009 0.009 0.009 0.009 0.009 0.009 0.009 0.009 0.009 0.009 0.009 0.009 0.009 0.009 0.009 0.009 0.008 0.008 0.008 0.007 0.007 0.007 0.006 0.005 0.005 0.004 0.003 0.002 0.001 0.000 0.000 0.000 0.000 0.000 0.000 0.000 0.000 0.000 0.000 0.000 0.000 0.000 0.000 0.000 0.000 0.000 0.000 0.000 0.000 0.000 0.000 0.000 0.000 0.000 0.000 0.000 0.000 0.000 0.000 0.000 0.000 0.000 0.000 0.000 0.000 0.000 0.000 0.000 0.001 0.002 0.003 0.004 0.006 0.008 0.011 0.015
0.007 0.007 0.007 0.007 0.007 0.007 0.007 0.007 0.007 0.008 0.008 0.008 0.008 0.008 0.008 0.008 0.007 0.007 0.007 0.007 0.007 0.006 0.006 0.006 0.005 0.004 0.003 0.002 0.001 0.001 0.000 0.000 0.000 0.000 0.000 0.000 0.000 0.000 0.000 0.000 0.000 0.000 0.000 0.000 0.000 0.000 0.000 0.000 0.000 0.000 0.000 0.000 0.000 0.000 0.000 0.000 0.000 0.000 0.000 0.000 0.000 0.000 0.000 0.000 0.000 0.000 0.000 0.000 0.000 0.000 0.001 0.002 0.003 0.004 0.006 0.008 0.010
0.005 0.005 0.005 0.005 0.005 0.005 0.005 0.006 0.006 0.006 0.006 0.006 0.007 0.007 0.007 0.007 0.006 0.006 0.006 0.006 0.006 0.006 0.005 0.005 0.004 0.004 0.003 0.002 0.001 0.000 0.000 0.000 0.000 0.000 0.000 0.000 0.000 0.000 0.000 0.000 0.000 0.000 0.000 0.000 0.000 0.000 0.000 0.000 0.000 0.000 0.000 0.000 0.000 0.000 0.000 0.000 0.000 0.000 0.000 0.000 0.000 0.000 0.000 0.000 0.000 0.000 0.000 0.000 0.000 0.000 0.000 0.001 0.001 0.002 0.004 0.005 0.007
0.003 0.003 0.004 0.004 0.004 0.004 0.004 0.004 0.005 0.005 0.005 0.005 0.005 0.005 0.006 0.006 0.006 0.005 0.005 0.005 0.005 0.005 0.005 0.004 0.004 0.003 0.003 0.002 0.001 0.000 0.000 0.000 0.000 0.000 0.000 0.000 0.000 0.000 0.000 0.000 0.000 0.000 0.000 0.000 0.000 0.000 0.000 0.000 0.000 0.000 0.000 0.000 0.000 0.000 0.000 0.000 0.000 0.000 0.000 0.000 0.000 0.000 0.000 0.000 0.000 0.000 0.000 0.000 0.000 0.000 0.000 0.000 0.001 0.001 0.002 0.003 0.004
0.002 0.002 0.002 0.003 0.003 0.003 0.003 0.003 0.003 0.004 0.004 0.004 0.004 0.004 0.005 0.005 0.005 0.005 0.005 0.005 0.004 0.004 0.004 0.004 0.004 0.003 0.002 0.002 0.001 0.000 0.000 0.000 0.000 0.000 0.000 0.000 0.000 0.000 0.000 0.000 0.000 0.000 0.000 0.000 0.000 0.000 0.000 0.000 0.000 0.000 0.000 0.000 0.000 0.000 0.000 0.000 0.000 0.000 0.000 0.000 0.000 0.000 0.000 0.000 0.000 0.000 0.000 0.000 0.000 0.000 0.000 0.000 0.000 0.000 0.001 0.002 0.003
0.001 0.001 0.001 0.002 0.002 0.002 0.002 0.002 0.002 0.003 0.003 0.003 0.003 0.004 0.004 0.004 0.004 0.004 0.004 0.004 0.004 0.004 0.004 0.003 0.003 0.003 0.002 0.001 0.001 0.000 0.000 0.000 0.000 0.000 0.000 0.000 0.000 0.000 0.000 0.000 0.000 0.000 0.000 0.000 0.000 0.000 0.000 0.000 0.000 0.000 0.000 0.000 0.000 0.000 0.000 0.000 0.000 0.000 0.000 0.000 0.000 0.000 0.000 0.000 0.000 0.000 0.000 0.000 0.000 0.000 0.000 0.000 0.000 0.000 0.000 0.001 0.001
0.001 0.001 0.001 0.001 0.001 0.001 0.001 0.001 0.002 0.002 0.002 0.002 0.003 0.003 0.003 0.003 0.003 0.003 0.003 0.003 0.003 0.003 0.003 0.003 0.003 0.002 0.002 0.001 0.001 0.000 0.000 0.000 0.000 0.000 0.000 0.000 0.000 0.000 0.000 0.000 0.000 0.000 0.000 0.000 0.000 0.000 0.000 0.000 0.000 0.000 0.000 0.000 0.000 0.000 0.000 0.000 0.000 0.000 0.000 0.000 0.000 0.000 0.000 0.000 0.000 0.000 0.000 0.000 0.000 0.000 0.000 0.000 0.000 0.000 0.000 0.000 0.000
0.000 0.000 0.000 0.000 0.000 0.001 0.001 0.001 0.001 0.001 0.001 0.002 0.002 0.002 0.002 0.002 0.002 0.002 0.002 0.002 0.002 0.002 0.002 0.002 0.002 0.002 0.001 0.001 0.000 0.000 0.000 0.000 0.000 0.000 0.000 0.000 0.000 0.000 0.000 0.000 0.000 0.000 0.000 0.000 0.000 0.000 0.000 0.000 0.000 0.000 0.000 0.000 0.000 0.000 0.000 0.000 0.000 0.000 0.000 0.000 0.000 0.000 0.000 0.000 0.000 0.000 0.000 0.000 0.000 0.000 0.000 0.000 0.000 0.000 0.000 0.000 0.000
0.000 0.000 0.000 0.000 0.000 0.000 0.000 0.000 0.001 0.001 0.001 0.001 0.001 0.001 0.002 0.002 0.002 0.002 0.002 0.002 0.002 0.002 0.002 0.002 0.002 0.001 0.001 0.001 0.000 0.000 0.000 0.000 0.000 0.000 0.000 0.000 0.000 0.000 0.000 0.000 0.000 0.000 0.000 0.000 0.000 0.000 0.000 0.000 0.000 0.000 0.000 0.000 0.000 0.000 0.000 0.000 0.000 0.000 0.000 0.000 0.000 0.000 0.000 0.000 0.000 0.000 0.000 0.000 0.000 0.000 0.000 0.000 0.000 0.000 0.000 0.000 0.000
0.000 0.000 0.000 0.000 0.000 0.000 0.000 0.000 0.000 0.000 0.000 0.001 0.001 0.001 0.001 0.001 0.001 0.001 0.001 0.001 0.001 0.001 0.001 0.001 0.001 0.001 0.001 0.000 0.000 0.000 0.000 0.000 0.000 0.000 0.000 0.000 0.000 0.000 0.000 0.000 0.000 0.000 0.000 0.000 0.000 0.000 0.000 0.000 0.000 0.000 0.000 0.000 0.000 0.000 0.000 0.000 0.000 0.000 0.000 0.000 0.000 0.000 0.000 0.000 0.000 0.000 0.000 0.000 0.000 0.000 0.000 0.000 0.000 0.000 0.000 0.000 0.000
