RESULTS/r.avaflow_results/21_results/21_ascii/21_hflow0015.asc
ncols 506
nrows 317
xllcenter 498237.50
yllcenter 5580050.00
cellsize 12.50
NODATA_value -9999.000
[rows 170 to 203 of 317, columns 77 to 153 of 506]
0.000 0.000 0.000 0.000 0.000 0.000 0.000 0.000 0.000 0.000 0.000 0.000 0.000 0.000 0.000 0.000 0.000 0.000 0.000 0.000 0.000 0.000 0.000 0.001 0.002 0.005 0.009 0.013 0.017 0.019 0.020 0.020 0.019 0.018 0.016 0.013 0.011 0.010 0.009 0.010 0.010 0.012 0.016 0.025 0.040 0.056 0.067 0.077 0.090 0.119 0.188 0.331 0.594 1.014 1.501 1.986 2.558 3.321 4.372 5.812 7.730 9.999 11.902 13.196 13.887 14.086 14.030 13.861 13.616 13.178 12.433 11.403 10.433 9.747 9.259 8.895 8.635
0.000 0.000 0.000 0.000 0.000 0.000 0.000 0.000 0.000 0.000 0.000 0.000 0.000 0.000 0.000 0.000 0.000 0.000 0.000 0.000 0.000 0.000 0.001 0.002 0.005 0.010 0.015 0.023 0.028 0.031 0.032 0.032 0.031 0.029 0.025 0.021 0.018 0.017 0.017 0.017 0.019 0.023 0.032 0.048 0.073 0.102 0.127 0.155 0.203 0.299 0.478 0.774 1.188 1.634 2.042 2.498 3.095 3.916 5.060 6.641 8.739 10.994 12.703 13.807 14.327 14.389 14.229 13.999 13.687 13.213 12.552 11.888 11.505 11.372 11.409 11.544 11.785
0.000 0.000 0.000 0.000 0.000 0.000 0.000 0.000 0.000 0.000 0.000 0.000 0.000 0.000 0.000 0.000 0.000 0.000 0.000 0.000 0.000 0.001 0.002 0.005 0.009 0.016 0.025 0.035 0.043 0.048 0.049 0.050 0.049 0.045 0.039 0.033 0.029 0.028 0.029 0.030 0.034 0.044 0.063 0.093 0.134 0.184 0.240 0.318 0.453 0.682 1.015 1.388 1.735 2.031 2.351 2.786 3.400 4.244 5.428 7.078 9.261 11.416 12.967 13.955 14.416 14.478 14.345 14.144 13.891 13.573 13.263 13.135 13.195 13.328 13.567 14.037 14.824
0.000 0.000 0.000 0.000 0.000 0.000 0.000 0.000 0.000 0.000 0.000 0.000 0.000 0.000 0.000 0.000 0.000 0.000 0.000 0.000 0.000 0.002 0.004 0.009 0.015 0.025 0.038 0.053 0.065 0.071 0.074 0.074 0.073 0.068 0.059 0.050 0.046 0.045 0.046 0.051 0.062 0.084 0.120 0.172 0.240 0.328 0.447 0.625 0.896 1.242 1.583 1.849 2.050 2.249 2.522 2.936 3.543 4.385 5.577 7.243 9.417 11.487 12.971 13.926 14.401 14.536 14.529 14.500 14.487 14.474 14.468 14.474 14.515 14.655 15.025 15.795 17.038
0.000 0.000 0.000 0.000 0.000 0.000 0.000 0.000 0.000 0.000 0.000 0.000 0.000 0.000 0.000 0.000 0.000 0.000 0.000 0.000 0.001 0.003 0.008 0.014 0.024 0.037 0.056 0.078 0.094 0.104 0.107 0.108 0.106 0.100 0.087 0.073 0.068 0.067 0.070 0.080 0.104 0.146 0.210 0.295 0.406 0.556 0.767 1.045 1.362 1.661 1.895 2.056 2.185 2.353 2.607 2.997 3.585 4.419 5.608 7.266 9.404 11.387 12.815 13.772 14.338 14.664 14.880 15.028 15.128 15.169 15.151 15.114 15.123 15.326 15.878 16.867 18.308
0.000 0.000 0.000 0.000 0.000 0.000 0.000 0.000 0.000 0.000 0.000 0.000 0.000 0.000 0.000 0.000 0.000 0.000 0.000 0.000 0.002 0.005 0.011 0.020 0.034 0.052 0.078 0.109 0.132 0.146 0.152 0.153 0.151 0.143 0.125 0.103 0.091 0.087 0.089 0.101 0.134 0.198 0.295 0.422 0.584 0.796 1.063 1.354 1.627 1.844 1.996 2.106 2.225 2.393 2.641 3.012 3.576 4.398 5.579 7.220 9.275 11.115 12.491 13.503 14.216 14.712 15.027 15.202 15.291 15.303 15.256 15.199 15.212 15.484 16.155 17.237 18.677
0.000 0.000 0.000 0.000 0.000 0.000 0.000 0.000 0.000 0.000 0.000 0.000 0.000 0.000 0.000 0.000 0.000 0.000 0.000 0.001 0.003 0.007 0.014 0.025 0.041 0.064 0.096 0.135 0.166 0.186 0.194 0.196 0.194 0.184 0.162 0.129 0.108 0.100 0.099 0.109 0.146 0.223 0.346 0.507 0.708 0.959 1.238 1.496 1.714 1.883 2.003 2.106 2.230 2.401 2.646 2.999 3.519 4.308 5.478 7.090 9.044 10.741 12.075 13.146 13.971 14.547 14.864 14.993 15.009 14.953 14.833 14.742 14.764 15.098 15.871 17.027 18.462
0.000 0.000 0.000 0.000 0.000 0.000 0.000 0.000 0.000 0.000 0.000 0.000 0.000 0.000 0.000 0.000 0.000 0.000 0.000 0.001 0.004 0.008 0.016 0.028 0.046 0.072 0.107 0.152 0.189 0.212 0.223 0.225 0.223 0.213 0.189 0.148 0.118 0.105 0.103 0.111 0.146 0.230 0.368 0.554 0.782 1.044 1.302 1.528 1.720 1.870 1.984 2.088 2.212 2.379 2.613 2.944 3.418 4.160 5.300 6.872 8.732 10.301 11.572 12.615 13.412 13.916 14.125 14.134 14.049 13.872 13.628 13.492 13.516 13.888 14.758 16.046 17.583
0.000 0.000 0.000 0.000 0.000 0.000 0.000 0.000 0.000 0.000 0.000 0.000 0.000 0.000 0.000 0.000 0.000 0.000 0.000 0.001 0.004 0.009 0.017 0.030 0.049 0.076 0.114 0.162 0.202 0.228 0.240 0.243 0.241 0.231 0.205 0.160 0.123 0.106 0.103 0.109 0.142 0.226 0.371 0.572 0.814 1.070 1.307 1.518 1.692 1.826 1.933 2.034 2.150 2.304 2.522 2.827 3.264 3.955 5.042 6.551 8.267 9.676 10.810 11.706 12.337 12.658 12.706 12.606 12.393 12.017 11.657 11.503 11.561 12.036 13.042 14.495 16.207
0.000 0.000 0.000 0.000 0.000 0.000 0.000 0.000 0.000 0.000 0.000 0.000 0.000 0.000 0.000 0.000 0.000 0.000 0.000 0.001 0.004 0.009 0.018 0.031 0.050 0.078 0.116 0.165 0.208 0.234 0.247 0.250 0.248 0.238 0.213 0.167 0.124 0.104 0.099 0.103 0.131 0.212 0.362 0.572 0.821 1.061 1.279 1.467 1.618 1.735 1.830 1.919 2.021 2.160 2.358 2.635 3.034 3.671 4.683 6.089 7.551 8.715 9.633 10.317 10.721 10.841 10.774 10.580 10.218 9.784 9.529 9.497 9.746 10.432 11.547 13.004 14.704
0.000 0.000 0.000 0.000 0.000 0.000 0.000 0.000 0.000 0.000 0.000 0.000 0.000 0.000 0.000 0.000 0.000 0.000 0.000 0.001 0.004 0.009 0.018 0.031 0.050 0.078 0.116 0.166 0.208 0.235 0.248 0.251 0.250 0.240 0.216 0.170 0.122 0.097 0.089 0.090 0.112 0.185 0.332 0.550 0.801 1.013 1.197 1.354 1.478 1.572 1.649 1.720 1.808 1.932 2.106 2.349 2.703 3.287 4.231 5.508 6.640 7.470 8.078 8.480 8.665 8.672 8.590 8.422 8.158 7.927 7.844 7.942 8.356 9.142 10.253 11.615 13.178
0.000 0.000 0.000 0.000 0.000 0.000 0.000 0.000 0.000 0.000 0.000 0.000 0.000 0.000 0.000 0.000 0.000 0.000 0.000 0.001 0.004 0.009 0.018 0.031 0.050 0.077 0.115 0.164 0.206 0.233 0.246 0.250 0.248 0.239 0.215 0.171 0.118 0.086 0.073 0.071 0.084 0.141 0.274 0.487 0.724 0.902 1.043 1.160 1.251 1.318 1.370 1.425 1.502 1.610 1.759 1.971 2.297 2.850 3.734 4.810 5.578 6.029 6.298 6.478 6.585 6.621 6.606 6.542 6.432 6.374 6.419 6.648 7.152 7.937 8.968 10.194 11.558
0.000 0.000 0.000 0.000 0.000 0.000 0.000 0.000 0.000 0.000 0.000 0.000 0.000 0.000 0.000 0.000 0.000 0.000 0.000 0.001 0.003 0.008 0.017 0.029 0.048 0.073 0.109 0.157 0.199 0.226 0.239 0.242 0.240 0.232 0.210 0.169 0.114 0.075 0.056 0.051 0.055 0.089 0.187 0.368 0.574 0.713 0.805 0.876 0.931 0.971 1.007 1.054 1.125 1.228 1.376 1.586 1.893 2.378 3.133 3.921 4.387 4.626 4.770 4.863 4.928 4.969 4.986 4.987 4.981 5.013 5.141 5.453 5.987 6.726 7.639 8.688 9.850
0.000 0.000 0.000 0.000 0.000 0.000 0.000 0.000 0.000 0.000 0.000 0.000 0.000 0.000 0.000 0.000 0.000 0.000 0.000 0.001 0.002 0.006 0.014 0.026 0.043 0.067 0.099 0.142 0.182 0.208 0.220 0.224 0.223 0.216 0.197 0.161 0.109 0.067 0.045 0.037 0.037 0.053 0.111 0.228 0.377 0.479 0.543 0.589 0.624 0.652 0.683 0.727 0.793 0.890 1.027 1.217 1.478 1.849 2.385 2.915 3.262 3.468 3.581 3.643 3.684 3.712 3.730 3.745 3.771 3.834 3.985 4.291 4.787 5.453 6.255 7.189 8.247
0.000 0.000 0.000 0.000 0.000 0.000 0.000 0.000 0.000 0.000 0.000 0.000 0.000 0.000 0.000 0.000 0.000 0.000 0.000 0.000 0.001 0.004 0.010 0.021 0.036 0.056 0.083 0.119 0.154 0.177 0.189 0.193 0.193 0.187 0.173 0.145 0.101 0.060 0.037 0.028 0.026 0.033 0.063 0.132 0.228 0.301 0.348 0.379 0.400 0.417 0.436 0.466 0.514 0.588 0.697 0.845 1.043 1.308 1.676 2.065 2.353 2.543 2.657 2.718 2.748 2.760 2.761 2.760 2.779 2.839 2.965 3.197 3.581 4.137 4.864 5.746 6.728
0.000 0.000 0.000 0.000 0.000 0.000 0.000 0.000 0.000 0.000 0.000 0.000 0.000 0.000 0.000 0.000 0.000 0.000 0.000 0.000 0.001 0.002 0.005 0.013 0.025 0.041 0.061 0.088 0.115 0.134 0.145 0.148 0.149 0.146 0.137 0.118 0.086 0.052 0.031 0.021 0.019 0.021 0.036 0.074 0.132 0.181 0.213 0.233 0.245 0.253 0.261 0.271 0.294 0.337 0.409 0.518 0.669 0.871 1.137 1.425 1.651 1.816 1.924 1.985 2.010 2.013 1.998 1.978 1.984 2.021 2.102 2.244 2.497 2.919 3.531 4.322 5.175
0.000 0.000 0.000 0.000 0.000 0.000 0.000 0.000 0.000 0.000 0.000 0.000 0.000 0.000 0.000 0.000 0.000 0.000 0.000 0.000 0.000 0.001 0.003 0.007 0.015 0.026 0.041 0.060 0.079 0.093 0.100 0.103 0.103 0.102 0.096 0.085 0.064 0.041 0.024 0.016 0.013 0.014 0.021 0.041 0.074 0.105 0.125 0.137 0.144 0.147 0.148 0.146 0.151 0.171 0.211 0.282 0.387 0.532 0.720 0.933 1.109 1.243 1.337 1.390 1.409 1.409 1.391 1.366 1.361 1.374 1.407 1.472 1.606 1.874 2.307 2.877 3.378
0.000 0.000 0.000 0.000 0.000 0.000 0.000 0.000 0.000 0.000 0.000 0.000 0.000 0.000 0.000 0.000 0.000 0.000 0.000 0.000 0.000 0.001 0.001 0.003 0.008 0.016 0.027 0.040 0.053 0.062 0.067 0.069 0.070 0.069 0.065 0.058 0.045 0.029 0.018 0.012 0.009 0.009 0.013 0.022 0.041 0.059 0.071 0.078 0.081 0.082 0.081 0.075 0.073 0.079 0.097 0.134 0.197 0.287 0.405 0.550 0.683 0.788 0.864 0.904 0.915 0.914 0.902 0.889 0.883 0.878 0.873 0.883 0.925 1.047 1.279 1.566 1.724
0.000 0.000 0.000 0.000 0.000 0.000 0.000 0.000 0.000 0.000 0.000 0.000 0.000 0.000 0.000 0.000 0.000 0.000 0.000 0.000 0.000 0.000 0.001 0.001 0.004 0.009 0.016 0.026 0.035 0.041 0.044 0.045 0.046 0.045 0.043 0.038 0.030 0.020 0.013 0.008 0.006 0.006 0.007 0.012 0.021 0.032 0.039 0.043 0.044 0.045 0.044 0.040 0.037 0.038 0.044 0.060 0.089 0.135 0.199 0.281 0.367 0.440 0.494 0.521 0.525 0.524 0.523 0.524 0.522 0.511 0.488 0.469 0.465 0.491 0.565 0.648 0.666
0.000 0.000 0.000 0.000 0.000 0.000 0.000 0.000 0.000 0.000 0.000 0.000 0.000 0.000 0.000 0.000 0.000 0.000 0.000 0.000 0.000 0.000 0.000 0.001 0.002 0.004 0.009 0.015 0.022 0.026 0.028 0.029 0.029 0.029 0.028 0.025 0.020 0.014 0.009 0.006 0.004 0.004 0.004 0.006 0.011 0.017 0.021 0.023 0.024 0.024 0.024 0.022 0.020 0.020 0.023 0.029 0.041 0.060 0.088 0.126 0.171 0.210 0.240 0.255 0.258 0.259 0.263 0.269 0.270 0.262 0.242 0.217 0.204 0.201 0.211 0.223 0.222
0.000 0.000 0.000 0.000 0.000 0.000 0.000 0.000 0.000 0.000 0.000 0.000 0.000 0.000 0.000 0.000 0.000 0.000 0.000 0.000 0.000 0.000 0.000 0.001 0.001 0.002 0.004 0.008 0.013 0.016 0.018 0.018 0.018 0.018 0.017 0.016 0.013 0.009 0.006 0.004 0.003 0.002 0.002 0.003 0.005 0.008 0.011 0.012 0.013 0.013 0.013 0.013 0.012 0.012 0.013 0.016 0.021 0.029 0.041 0.056 0.075 0.091 0.103 0.109 0.112 0.114 0.117 0.121 0.123 0.120 0.109 0.095 0.086 0.083 0.082 0.082 0.081
0.000 0.000 0.000 0.000 0.000 0.000 0.000 0.000 0.000 0.000 0.000 0.000 0.000 0.000 0.000 0.000 0.000 0.000 0.000 0.000 0.000 0.000 0.000 0.001 0.001 0.001 0.002 0.003 0.006 0.009 0.010 0.011 0.011 0.011 0.011 0.010 0.008 0.006 0.004 0.003 0.002 0.001 0.001 0.001 0.002 0.004 0.005 0.006 0.006 0.007 0.007 0.007 0.007 0.007 0.008 0.010 0.013 0.016 0.022 0.029 0.036 0.042 0.046 0.049 0.051 0.052 0.053 0.055 0.055 0.054 0.050 0.044 0.040 0.038 0.037 0.036 0.035
0.000 0.000 0.000 0.000 0.000 0.000 0.000 0.000 0.000 0.000 0.000 0.000 0.000 0.000 0.000 0.000 0.000 0.000 0.000 0.000 0.000 0.000 0.001 0.001 0.000 0.001 0.001 0.001 0.002 0.004 0.005 0.006 0.007 0.007 0.006 0.006 0.005 0.003 0.002 0.001 0.001 0.001 0.001 0.001 0.001 0.001 0.002 0.003 0.003 0.003 0.003 0.004 0.004 0.004 0.005 0.006 0.008 0.010 0.013 0.017 0.020 0.023 0.024 0.025 0.026 0.027 0.027 0.027 0.027 0.027 0.025 0.022 0.021 0.020 0.019 0.019 0.019
0.000 0.000 0.000 0.000 0.000 0.000 0.000 0.000 0.000 0.000 0.000 0.000 0.000 0.000 0.000 0.000 0.000 0.000 0.000 0.000 0.000 0.000 0.001 0.000 0.000 0.001 0.001 0.001 0.001 0.002 0.002 0.003 0.003 0.003 0.003 0.003 0.002 0.002 0.001 0.001 0.001 0.001 0.001 0.001 0.001 0.001 0.001 0.001 0.001 0.001 0.002 0.002 0.002 0.002 0.003 0.004 0.005 0.006 0.008 0.010 0.012 0.013 0.014 0.015 0.015 0.015 0.015 0.015 0.015 0.014 0.014 0.013 0.012 0.012 0.011 0.011 0.011
0.000 0.000 0.000 0.000 0.000 0.000 0.000 0.000 0.000 0.000 0.000 0.000 0.000 0.000 0.000 0.000 0.000 0.000 0.000 0.000 0.000 0.001 0.001 0.001 0.001 0.001 0.001 0.001 0.001 0.001 0.001 0.001 0.001 0.001 0.001 0.001 0.001 0.001 0.001 0.001 0.001 0.001 0.001 0.001 0.001 0.001 0.001 0.001 0.001 0.001 0.001 0.001 0.001 0.001 0.002 0.002 0.003 0.004 0.005 0.006 0.007 0.008 0.008 0.009 0.009 0.009 0.009 0.009 0.009 0.008 0.008 0.007 0.007 0.007 0.007 0.007 0.007
0.000 0.000 0.000 0.000 0.000 0.000 0.000 0.000 0.000 0.000 0.000 0.000 0.000 0.000 0.000 0.000 0.000 0.000 0.000 0.000 0.001 0.001 0.001 0.001 0.001 0.001 0.001 0.001 0.001 0.001 0.001 0.001 0.001 0.001 0.001 0.001 0.001 0.001 0.001 0.001 0.001 0.001 0.001 0.001 0.001 0.001 0.001 0.001 0.001 0.001 0.001 0.001 0.001 0.001 0.001 0.001 0.002 0.002 0.003 0.004 0.004 0.005 0.005 0.005 0.005 0.005 0.005 0.005 0.005 0.005 0.005 0.005 0.005 0.004 0.004 0.004 0.004
0.000 0.000 0.000 0.000 0.000 0.000 0.000 0.000 0.000 0.000 0.000 0.000 0.000 0.000 0.000 0.000 0.000 0.000 0.000 0.000 0.001 0.001 0.001 0.001 0.001 0.001 0.001 0.001 0.001 0.001 0.001 0.001 0.001 0.001 0.001 0.001 0.001 0.001 0.001 0.001 0.001 0.001 0.001 0.001 0.001 0.001 0.000 0.000 0.001 0.001 0.001 0.001 0.001 0.001 0.001 0.001 0.001 0.001 0.002 0.002 0.003 0.003 0.003 0.003 0.003 0.003 0.003 0.003 0.003 0.003 0.003 0.003 0.003 0.003 0.003 0.003 0.003
0.000 0.000 0.000 0.000 0.000 0.000 0.000 0.000 0.000 0.000 0.000 0.000 0.000 0.000 0.000 0.000 0.000 0.000 0.000 0.001 0.001 0.001 0.001 0.001 0.001 0.001 0.001 0.001 0.001 0.001 0.001 0.001 0.001 0.001 0.001 0.001 0.001 0.001 0.001 0.001 0.001 0.001 0.001 0.001 0.001 0.001 0.000 0.000 0.000 0.001 0.001 0.001 0.001 0.001 0.001 0.001 0.001 0.001 0.001 0.001 0.002 0.002 0.002 0.002 0.002 0.002 0.002 0.002 0.002 0.002 0.002 0.002 0.002 0.002 0.002 0.002 0.002
0.000 0.000 0.000 0.000 0.000 0.000 0.000 0.000 0.000 0.000 0.000 0.000 0.000 0.000 0.000 0.000 0.000 0.001 0.001 0.001 0.001 0.001 0.001 0.001 0.001 0.001 0.001 0.001 0.001 0.001 0.001 0.001 0.001 0.001 0.001 0.001 0.001 0.001 0.001 0.001 0.001 0.001 0.001 0.001 0.001 0.001 0.000 0.000 0.000 0.000 0.001 0.001 0.001 0.001 0.001 0.001 0.000 0.000 0.000 0.001 0.001 0.001 0.001 0.001 0.001 0.001 0.001 0.001 0.001 0.001 0.001 0.001 0.001 0.001 0.001 0.001 0.001
0.000 0.000 0.000 0.000 0.000 0.000 0.000 0.000 0.000 0.000 0.000 0.000 0.000 0.000 0.000 0.000 0.000 0.001 0.001 0.001 0.001 0.001 0.001 0.001 0.001 0.001 0.001 0.001 0.001 0.001 0.001 0.001 0.001 0.001 0.001 0.001 0.001 0.001 0.001 0.001 0.001 0.001 0.001 0.001 0.001 0.001 0.000 0.000 0.000 0.000 0.000 0.000 0.001 0.001 0.001 0.001 0.000 0.000 0.000 0.000 0.001 0.001 0.001 0.001 0.001 0.001 0.001 0.001 0.001 0.001 0.001 0.001 0.001 0.001 0.001 0.001 0.000
0.000 0.000 0.000 0.000 0.001 0.000 0.000 0.000 0.000 0.000 0.000 0.000 0.000 0.000 0.000 0.000 0.000 0.001 0.001 0.001 0.001 0.001 0.001 0.001 0.001 0.001 0.001 0.001 0.001 0.001 0.001 0.001 0.001 0.001 0.001 0.001 0.001 0.001 0.001 0.001 0.001 0.001 0.001 0.001 0.001 0.001 0.000 0.000 0.000 0.000 0.000 0.000 0.000 0.000 0.000 0.000 0.000 0.000 0.000 0.000 0.001 0.001 0.001 0.001 0.001 0.001 0.001 0.001 0.001 0.001 0.001 0.001 0.001 0.001 0.001 0.001 0.001
0.000 0.000 0.000 0.000 0.000 0.000 0.000 0.000 0.000 0.000 0.000 0.000 0.000 0.000 0.000 0.000 0.001 0.001 0.001 0.001 0.001 0.001 0.001 0.001 0.001 0.001 0.001 0.001 0.001 0.001 0.001 0.001 0.001 0.001 0.001 0.000 0.001 0.001 0.001 0.001 0.001 0.001 0.001 0.001 0.001 0.001 0.000 0.000 0.000 0.000 0.000 0.000 0.000 0.000 0.000 0.000 0.000 0.000 0.000 0.000 0.001 0.001 0.001 0.001 0.001 0.001 0.001 0.001 0.001 0.001 0.001 0.001 0.001 0.001 0.001 0.001 0.001
0.000 0.000 0.000 0.000 0.000 0.000 0.000 0.000 0.000 0.000 0.000 0.000 0.000 0.000 0.000 0.000 0.001 0.001 0.001 0.001 0.001 0.001 0.001 0.001 0.001 0.001 0.001 0.001 0.001 0.001 0.001 0.001 0.001 0.001 0.000 0.000 0.000 0.000 0.001 0.001 0.001 0.001 0.001 0.001 0.001 0.001 0.001 0.000 0.000 0.000 0.000 0.000 0.000 0.000 0.000 0.000 0.000 0.000 0.000 0.001 0.001 0.001 0.001 0.001 0.001 0.001 0.001 0.001 0.001 0.001 0.001 0.001 0.001 0.000 0.000 0.000 0.000
0.000 0.000 0.000 0.000 0.000 0.000 0.000 0.000 0.000 0.000 0.000 0.000 0.000 0.000 0.000 0.001 0.001 0.001 0.001 0.001 0.001 0.001 0.001 0.001 0.001 0.001 0.001 0.001 0.001 0.001 0.001 0.001 0.001 0.001 0.001 0.000 0.000 0.000 0.000 0.001 0.001 0.001 0.001 0.001 0.001 0.001 0.001 0.001 0.000 0.000 0.000 0.000 0.000 0.000 0.000 0.000 0.000 0.000 0.000 0.000 0.001 0.001 0.001 0.001 0.001 0.001 0.001 0.001 0.001 0.001 0.001 0.000 0.000 0.000 0.000 0.000 0.000
