RESULTS/r.avaflow_results/21_results/21_ascii/21_hflow30034.asc
ncols 506
nrows 317
xllcenter 498237.50
yllcenter 5580050.00
cellsize 12.50
NODATA_value -9999.000
[rows 170 to 203 of 317, columns 154 to 230 of 506]
8.317 8.132 7.949 7.762 7.556 7.334 7.118 6.926 6.755 6.595 6.444 6.294 6.125 5.884 5.506 4.968 4.291 3.526 2.772 2.090 1.499 1.021 0.676 0.454 0.324 0.251 0.217 0.206 0.207 0.218 0.244 0.270 0.284 0.291 0.296 0.303 0.313 0.319 0.319 0.312 0.298 0.288 0.282 0.276 0.267 0.251 0.225 0.197 0.172 0.149 0.129 0.113 0.101 0.092 0.088 0.087 0.088 0.092 0.098 0.103 0.108 0.111 0.113 0.113 0.114 0.115 0.119 0.133 0.166 0.238 0.341 0.409 0.430 0.419 0.368 0.276 0.177
11.718 11.883 11.923 11.892 11.783 11.578 11.303 11.006 10.718 10.438 10.172 9.911 9.642 9.315 8.839 8.155 7.263 6.205 5.070 3.976 2.975 2.106 1.416 0.930 0.628 0.453 0.359 0.318 0.308 0.318 0.337 0.346 0.346 0.339 0.331 0.327 0.327 0.326 0.322 0.310 0.291 0.277 0.267 0.256 0.241 0.216 0.177 0.136 0.105 0.086 0.074 0.067 0.062 0.060 0.060 0.062 0.066 0.071 0.077 0.080 0.082 0.082 0.082 0.082 0.082 0.082 0.086 0.095 0.117 0.162 0.244 0.330 0.372 0.380 0.358 0.293 0.195
15.218 15.744 15.941 15.946 15.826 15.570 15.227 14.860 14.509 14.167 13.838 13.524 13.214 12.869 12.404 11.708 10.729 9.496 8.096 6.652 5.251 3.939 2.792 1.887 1.254 0.853 0.614 0.486 0.428 0.402 0.387 0.375 0.362 0.348 0.334 0.325 0.319 0.313 0.303 0.282 0.255 0.233 0.215 0.196 0.173 0.141 0.104 0.076 0.060 0.050 0.045 0.043 0.041 0.041 0.042 0.045 0.050 0.056 0.060 0.062 0.062 0.062 0.061 0.060 0.059 0.060 0.062 0.068 0.081 0.108 0.158 0.235 0.297 0.322 0.321 0.284 0.200
17.774 18.626 19.010 19.076 18.988 18.767 18.470 18.150 17.825 17.484 17.124 16.774 16.437 16.082 15.636 14.976 14.036 12.833 11.434 9.899 8.274 6.606 4.955 3.512 2.387 1.586 1.062 0.748 0.567 0.463 0.405 0.373 0.353 0.334 0.315 0.299 0.286 0.271 0.251 0.218 0.180 0.151 0.130 0.112 0.094 0.074 0.056 0.044 0.036 0.032 0.030 0.029 0.029 0.030 0.031 0.034 0.038 0.043 0.046 0.047 0.047 0.046 0.045 0.044 0.044 0.044 0.045 0.048 0.056 0.070 0.097 0.144 0.199 0.235 0.247 0.237 0.186
19.169 20.257 20.890 21.162 21.237 21.185 21.064 20.899 20.688 20.404 20.042 19.641 19.264 18.880 18.430 17.795 16.898 15.742 14.383 12.882 11.259 9.504 7.587 5.618 3.905 2.566 1.622 1.027 0.684 0.496 0.400 0.351 0.318 0.290 0.264 0.240 0.217 0.194 0.166 0.132 0.103 0.084 0.071 0.061 0.051 0.041 0.033 0.028 0.024 0.023 0.022 0.022 0.022 0.022 0.023 0.026 0.029 0.032 0.034 0.035 0.035 0.034 0.033 0.033 0.032 0.032 0.033 0.034 0.038 0.045 0.059 0.083 0.116 0.138 0.147 0.148 0.132
19.516 20.718 21.575 22.144 22.511 22.734 22.848 22.859 22.787 22.591 22.242 21.775 21.344 20.936 20.489 19.898 19.085 18.025 16.722 15.201 13.495 11.609 9.506 7.146 4.960 3.216 1.966 1.183 0.741 0.504 0.378 0.304 0.253 0.212 0.178 0.151 0.132 0.114 0.096 0.075 0.060 0.049 0.042 0.036 0.031 0.026 0.022 0.019 0.018 0.017 0.017 0.016 0.017 0.017 0.018 0.019 0.022 0.024 0.025 0.025 0.025 0.025 0.025 0.024 0.023 0.023 0.023 0.024 0.025 0.029 0.035 0.047 0.064 0.074 0.077 0.076 0.068
19.308 20.570 21.558 22.311 22.919 23.397 23.698 23.823 23.834 23.719 23.393 22.866 22.392 21.995 21.574 21.033 20.310 19.364 18.145 16.627 14.833 12.799 10.508 7.899 5.428 3.471 2.081 1.224 0.749 0.488 0.337 0.242 0.177 0.132 0.103 0.086 0.076 0.066 0.056 0.046 0.038 0.032 0.027 0.024 0.021 0.018 0.016 0.014 0.013 0.013 0.013 0.013 0.013 0.013 0.013 0.014 0.016 0.017 0.018 0.018 0.018 0.018 0.018 0.017 0.017 0.016 0.016 0.016 0.016 0.018 0.021 0.026 0.033 0.037 0.038 0.037 0.032
18.567 19.954 21.135 22.099 22.873 23.452 23.807 23.962 23.993 23.914 23.605 23.054 22.563 22.188 21.792 21.276 20.596 19.718 18.575 17.091 15.261 13.134 10.735 8.018 5.466 3.456 2.045 1.186 0.706 0.435 0.274 0.174 0.114 0.080 0.061 0.051 0.045 0.040 0.034 0.029 0.025 0.022 0.019 0.017 0.015 0.013 0.012 0.011 0.010 0.010 0.009 0.009 0.009 0.009 0.010 0.010 0.011 0.012 0.012 0.012 0.012 0.012 0.012 0.012 0.011 0.011 0.010 0.010 0.010 0.011 0.012 0.014 0.016 0.018 0.018 0.017 0.014
17.388 18.918 20.290 21.468 22.410 23.069 23.437 23.579 23.598 23.512 23.214 22.690 22.187 21.789 21.371 20.844 20.182 19.356 18.277 16.839 15.017 12.853 10.371 7.597 5.089 3.140 1.804 1.011 0.573 0.327 0.186 0.109 0.069 0.049 0.038 0.032 0.028 0.025 0.022 0.020 0.017 0.016 0.014 0.012 0.011 0.010 0.009 0.008 0.007 0.007 0.006 0.006 0.006 0.006 0.006 0.007 0.007 0.008 0.008 0.008 0.008 0.008 0.008 0.008 0.007 0.007 0.006 0.006 0.006 0.006 0.006 0.007 0.008 0.008 0.008 0.007 0.006
15.947 17.571 19.047 20.334 21.367 22.083 22.474 22.599 22.575 22.414 22.109 21.696 21.219 20.707 20.151 19.546 18.870 18.075 17.054 15.659 13.830 11.599 9.024 6.351 4.080 2.385 1.279 0.660 0.342 0.182 0.102 0.062 0.042 0.031 0.025 0.022 0.019 0.017 0.016 0.014 0.013 0.011 0.010 0.009 0.008 0.007 0.006 0.005 0.005 0.004 0.004 0.004 0.004 0.004 0.004 0.004 0.004 0.004 0.005 0.005 0.005 0.005 0.005 0.004 0.004 0.004 0.003 0.003 0.003 0.003 0.003 0.003 0.003 0.003 0.003 0.003 0.002
14.278 15.897 17.377 18.693 19.786 20.585 21.045 21.178 21.099 20.844 20.556 20.293 19.882 19.217 18.428 17.686 16.938 16.096 15.008 13.515 11.544 9.135 6.549 4.225 2.468 1.301 0.634 0.305 0.155 0.086 0.053 0.036 0.027 0.021 0.018 0.016 0.014 0.013 0.012 0.010 0.009 0.008 0.007 0.006 0.006 0.005 0.004 0.004 0.003 0.003 0.002 0.002 0.002 0.002 0.002 0.002 0.002 0.002 0.002 0.002 0.002 0.002 0.002 0.002 0.002 0.002 0.002 0.001 0.001 0.001 0.001 0.001 0.001 0.001 0.001 0.001 0.001
12.359 13.878 15.320 16.688 17.915 18.886 19.495 19.711 19.661 19.430 19.153 18.879 18.422 17.633 16.668 15.775 14.881 13.831 12.430 10.558 8.158 5.637 3.535 2.052 1.099 0.545 0.258 0.126 0.069 0.043 0.030 0.023 0.018 0.015 0.013 0.012 0.010 0.009 0.009 0.008 0.007 0.006 0.005 0.004 0.004 0.003 0.002 0.002 0.002 0.001 0.001 0.001 0.001 0.001 0.001 0.001 0.001 0.001 0.001 0.001 0.001 0.001 0.001 0.001 0.001 0.001 0.001 0.000 0.000 0.000 0.000 0.000 0.000 0.000 0.000 0.000 0.000
10.253 11.634 13.041 14.485 15.897 17.082 17.881 18.223 18.227 18.037 17.718 17.299 16.669 15.778 14.748 13.717 12.603 11.175 9.215 6.799 4.457 2.674 1.473 0.769 0.392 0.197 0.100 0.055 0.035 0.025 0.020 0.016 0.013 0.011 0.010 0.009 0.008 0.007 0.006 0.005 0.005 0.004 0.003 0.003 0.002 0.002 0.001 0.001 0.001 0.000 0.000 0.000 0.000 0.000 0.000 0.000 0.000 0.000 0.000 0.000 0.000 0.000 0.000 0.000 0.000 0.000 0.000 0.000 0.000 0.000 0.000 0.000 0.000 0.000 0.000 0.000 0.000
8.159 9.379 10.675 12.089 13.569 14.856 15.772 16.222 16.289 16.104 15.632 14.912 14.008 13.004 11.940 10.772 9.359 7.481 5.275 3.281 1.856 0.949 0.463 0.237 0.128 0.072 0.043 0.028 0.021 0.017 0.014 0.012 0.010 0.009 0.008 0.007 0.006 0.005 0.004 0.003 0.003 0.002 0.002 0.001 0.001 0.001 0.000 0.000 0.000 0.000 0.000 0.000 0.000 0.000 0.000 0.000 0.000 0.000 0.000 0.000 0.000 0.000 0.000 0.000 0.000 0.000 0.000 0.000 0.000 0.000 0.000 0.000 0.000 0.000 0.000 0.000 0.000
6.120 7.110 8.147 9.262 10.443 11.524 12.350 12.804 12.900 12.715 12.121 11.120 9.879 8.698 7.577 6.379 5.007 3.487 2.113 1.125 0.541 0.255 0.132 0.077 0.048 0.032 0.023 0.018 0.015 0.012 0.010 0.009 0.008 0.006 0.005 0.005 0.004 0.003 0.002 0.002 0.002 0.001 0.001 0.000 0.000 0.000 0.000 0.000 0.000 0.000 0.000 0.000 0.000 0.000 0.000 0.000 0.000 0.000 0.000 0.000 0.000 0.000 0.000 0.000 0.000 0.000 0.000 0.000 0.000 0.000 0.000 0.000 0.000 0.000 0.000 0.000 0.000
4.065 4.634 5.176 5.704 6.254 6.830 7.340 7.650 7.731 7.597 7.079 6.175 5.073 4.138 3.351 2.614 1.849 1.110 0.576 0.273 0.133 0.074 0.047 0.033 0.025 0.019 0.016 0.013 0.011 0.010 0.008 0.007 0.006 0.005 0.004 0.003 0.002 0.002 0.001 0.001 0.001 0.000 0.000 0.000 0.000 0.000 0.000 0.000 0.000 0.000 0.000 0.000 0.000 0.000 0.000 0.000 0.000 0.000 0.000 0.000 0.000 0.000 0.000 0.000 0.000 0.000 0.000 0.000 0.000 0.000 0.000 0.000 0.000 0.000 0.000 0.000 0.000
2.251 2.444 2.597 2.727 2.854 3.008 3.180 3.287 3.315 3.257 3.010 2.537 1.913 1.410 1.043 0.746 0.474 0.262 0.134 0.073 0.045 0.032 0.025 0.020 0.017 0.014 0.012 0.010 0.009 0.007 0.006 0.005 0.004 0.003 0.002 0.002 0.001 0.001 0.000 0.000 0.000 0.000 0.000 0.000 0.000 0.000 0.000 0.000 0.000 0.000 0.000 0.000 0.000 0.000 0.000 0.000 0.000 0.000 0.000 0.000 0.000 0.000 0.000 0.000 0.000 0.000 0.000 0.000 0.000 0.000 0.000 0.000 0.000 0.000 0.000 0.000 0.000
0.992 1.014 1.021 1.020 1.013 1.016 1.039 1.051 1.047 1.019 0.929 0.759 0.533 0.369 0.264 0.184 0.118 0.071 0.044 0.031 0.024 0.020 0.017 0.015 0.013 0.011 0.010 0.008 0.007 0.006 0.005 0.004 0.003 0.002 0.001 0.001 0.000 0.000 0.000 0.000 0.000 0.000 0.000 0.000 0.000 0.000 0.000 0.000 0.000 0.000 0.000 0.000 0.000 0.000 0.000 0.000 0.000 0.000 0.000 0.000 0.000 0.000 0.000 0.000 0.000 0.000 0.000 0.000 0.000 0.000 0.000 0.000 0.000 0.000 0.000 0.000 0.000
0.356 0.349 0.343 0.337 0.329 0.318 0.310 0.303 0.294 0.281 0.254 0.207 0.145 0.103 0.077 0.057 0.041 0.030 0.023 0.019 0.016 0.015 0.013 0.012 0.011 0.009 0.008 0.007 0.005 0.004 0.003 0.002 0.002 0.001 0.000 0.000 0.000 0.000 0.000 0.000 0.000 0.000 0.000 0.000 0.000 0.000 0.000 0.000 0.000 0.000 0.000 0.000 0.000 0.000 0.000 0.000 0.000 0.000 0.000 0.000 0.000 0.000 0.000 0.000 0.000 0.000 0.000 0.000 0.000 0.000 0.000 0.000 0.000 0.000 0.000 0.000 0.000
0.128 0.125 0.123 0.121 0.117 0.111 0.104 0.099 0.093 0.088 0.080 0.067 0.052 0.040 0.033 0.027 0.022 0.019 0.016 0.014 0.013 0.012 0.011 0.010 0.009 0.008 0.007 0.005 0.004 0.003 0.002 0.001 0.001 0.000 0.000 0.000 0.000 0.000 0.000 0.000 0.000 0.000 0.000 0.000 0.000 0.000 0.000 0.000 0.000 0.000 0.000 0.000 0.000 0.000 0.000 0.000 0.000 0.000 0.000 0.000 0.000 0.000 0.000 0.000 0.000 0.000 0.000 0.000 0.000 0.000 0.000 0.000 0.000 0.000 0.000 0.000 0.000
0.054 0.053 0.052 0.052 0.050 0.048 0.045 0.042 0.039 0.037 0.035 0.031 0.027 0.023 0.020 0.017 0.016 0.014 0.013 0.012 0.011 0.010 0.009 0.008 0.007 0.007 0.005 0.004 0.003 0.002 0.001 0.001 0.000 0.000 0.000 0.000 0.000 0.000 0.000 0.000 0.000 0.000 0.000 0.000 0.000 0.000 0.000 0.000 0.000 0.000 0.000 0.000 0.000 0.000 0.000 0.000 0.000 0.000 0.000 0.000 0.000 0.000 0.000 0.000 0.000 0.000 0.000 0.000 0.000 0.000 0.000 0.000 0.000 0.000 0.000 0.000 0.000
0.029 0.028 0.028 0.028 0.027 0.026 0.025 0.023 0.022 0.021 0.020 0.019 0.018 0.016 0.015 0.013 0.012 0.011 0.011 0.010 0.009 0.008 0.008 0.007 0.006 0.005 0.004 0.003 0.002 0.001 0.001 0.000 0.000 0.000 0.000 0.000 0.000 0.000 0.000 0.000 0.000 0.000 0.000 0.000 0.000 0.000 0.000 0.000 0.000 0.000 0.000 0.000 0.000 0.000 0.000 0.000 0.000 0.000 0.000 0.000 0.000 0.000 0.000 0.000 0.000 0.000 0.000 0.000 0.000 0.000 0.000 0.000 0.000 0.000 0.000 0.000 0.000
0.018 0.018 0.018 0.018 0.017 0.017 0.016 0.016 0.015 0.015 0.014 0.014 0.013 0.013 0.012 0.011 0.010 0.010 0.009 0.008 0.008 0.007 0.006 0.006 0.005 0.004 0.003 0.002 0.002 0.001 0.000 0.000 0.000 0.000 0.000 0.000 0.000 0.000 0.000 0.000 0.000 0.000 0.000 0.000 0.000 0.000 0.000 0.000 0.000 0.000 0.000 0.000 0.000 0.000 0.000 0.000 0.000 0.000 0.000 0.000 0.000 0.000 0.000 0.000 0.000 0.000 0.000 0.000 0.000 0.000 0.000 0.000 0.000 0.000 0.000 0.000 0.000
0.013 0.013 0.013 0.013 0.012 0.012 0.012 0.012 0.011 0.011 0.011 0.011 0.011 0.010 0.010 0.009 0.009 0.008 0.008 0.007 0.006 0.006 0.005 0.005 0.004 0.003 0.003 0.002 0.001 0.001 0.000 0.000 0.000 0.000 0.000 0.000 0.000 0.000 0.000 0.000 0.000 0.000 0.000 0.000 0.000 0.000 0.000 0.000 0.000 0.000 0.000 0.000 0.000 0.000 0.000 0.000 0.000 0.000 0.000 0.000 0.000 0.000 0.000 0.000 0.000 0.000 0.000 0.000 0.000 0.000 0.000 0.000 0.000 0.000 0.000 0.000 0.000
0.009 0.009 0.009 0.009 0.009 0.009 0.009 0.009 0.009 0.009 0.009 0.009 0.009 0.008 0.008 0.008 0.007 0.007 0.006 0.006 0.005 0.005 0.004 0.004 0.003 0.003 0.002 0.002 0.001 0.001 0.000 0.000 0.000 0.000 0.000 0.000 0.000 0.000 0.000 0.000 0.000 0.000 0.000 0.000 0.000 0.000 0.000 0.000 0.000 0.000 0.000 0.000 0.000 0.000 0.000 0.000 0.000 0.000 0.000 0.000 0.000 0.000 0.000 0.000 0.000 0.000 0.000 0.000 0.000 0.000 0.000 0.000 0.000 0.000 0.000 0.000 0.000
0.007 0.007 0.007 0.007 0.007 0.007 0.007 0.007 0.007 0.007 0.007 0.007 0.007 0.007 0.007 0.006 0.006 0.006 0.005 0.004 0.004 0.004 0.003 0.003 0.003 0.002 0.002 0.002 0.001 0.000 0.000 0.000 0.000 0.000 0.000 0.000 0.000 0.000 0.000 0.000 0.000 0.000 0.000 0.000 0.000 0.000 0.000 0.000 0.000 0.000 0.000 0.000 0.000 0.000 0.000 0.000 0.000 0.000 0.000 0.000 0.000 0.000 0.000 0.000 0.000 0.000 0.000 0.000 0.000 0.000 0.000 0.000 0.000 0.000 0.000 0.000 0.000
0.005 0.005 0.005 0.005 0.006 0.006 0.006 0.006 0.006 0.006 0.006 0.006 0.006 0.006 0.005 0.005 0.005 0.004 0.004 0.003 0.003 0.003 0.003 0.003 0.002 0.002 0.002 0.001 0.001 0.000 0.000 0.000 0.000 0.000 0.000 0.000 0.000 0.000 0.000 0.000 0.000 0.000 0.000 0.000 0.000 0.000 0.000 0.000 0.000 0.000 0.000 0.000 0.000 0.000 0.000 0.000 0.000 0.000 0.000 0.000 0.000 0.000 0.000 0.000 0.000 0.000 0.000 0.000 0.000 0.000 0.000 0.000 0.000 0.000 0.000 0.000 0.000
0.004 0.004 0.004 0.004 0.004 0.004 0.004 0.005 0.005 0.005 0.005 0.005 0.005 0.005 0.004 0.004 0.004 0.003 0.003 0.003 0.003 0.003 0.003 0.003 0.002 0.002 0.002 0.001 0.001 0.000 0.000 0.000 0.000 0.000 0.000 0.000 0.000 0.000 0.000 0.000 0.000 0.000 0.000 0.000 0.000 0.000 0.000 0.000 0.000 0.000 0.000 0.000 0.000 0.000 0.000 0.000 0.000 0.000 0.000 0.000 0.000 0.000 0.000 0.000 0.000 0.000 0.000 0.000 0.000 0.000 0.000 0.000 0.000 0.000 0.000 0.000 0.000
0.002 0.002 0.003 0.003 0.003 0.003 0.003 0.003 0.004 0.004 0.004 0.004 0.004 0.004 0.004 0.003 0.003 0.003 0.003 0.002 0.003 0.003 0.003 0.003 0.003 0.002 0.002 0.001 0.001 0.000 0.000 0.000 0.000 0.000 0.000 0.000 0.000 0.000 0.000 0.000 0.000 0.000 0.000 0.000 0.000 0.000 0.000 0.000 0.000 0.000 0.000 0.000 0.000 0.000 0.000 0.000 0.000 0.000 0.000 0.000 0.000 0.000 0.000 0.000 0.000 0.000 0.000 0.000 0.000 0.000 0.000 0.000 0.000 0.000 0.000 0.000 0.000
0.001 0.002 0.002 0.002 0.002 0.002 0.002 0.003 0.003 0.003 0.003 0.003 0.003 0.003 0.003 0.003 0.003 0.002 0.002 0.002 0.003 0.003 0.003 0.003 0.003 0.002 0.002 0.001 0.001 0.000 0.000 0.000 0.000 0.000 0.000 0.000 0.000 0.000 0.000 0.000 0.000 0.000 0.000 0.000 0.000 0.000 0.000 0.000 0.000 0.000 0.000 0.000 0.000 0.000 0.000 0.000 0.000 0.000 0.000 0.000 0.000 0.000 0.000 0.000 0.000 0.000 0.000 0.000 0.000 0.000 0.000 0.000 0.000 0.000 0.000 0.000 0.000
0.001 0.001 0.001 0.001 0.001 0.001 0.002 0.002 0.002 0.002 0.002 0.002 0.002 0.002 0.002 0.002 0.002 0.002 0.002 0.003 0.003 0.003 0.003 0.003 0.002 0.002 0.002 0.001 0.001 0.000 0.000 0.000 0.000 0.000 0.000 0.000 0.000 0.000 0.000 0.000 0.000 0.000 0.000 0.000 0.000 0.000 0.000 0.000 0.000 0.000 0.000 0.000 0.000 0.000 0.000 0.000 0.000 0.000 0.000 0.000 0.000 0.000 0.000 0.000 0.000 0.000 0.000 0.000 0.000 0.000 0.000 0.000 0.000 0.000 0.000 0.000 0.000
0.000 0.000 0.000 0.000 0.001 0.001 0.001 0.001 0.001 0.001 0.002 0.002 0.002 0.002 0.002 0.002 0.002 0.002 0.002 0.002 0.003 0.003 0.002 0.002 0.002 0.002 0.001 0.001 0.001 0.000 0.000 0.000 0.000 0.000 0.000 0.000 0.000 0.000 0.000 0.000 0.000 0.000 0.000 0.000 0.000 0.000 0.000 0.000 0.000 0.000 0.000 0.000 0.000 0.000 0.000 0.000 0.000 0.000 0.000 0.000 0.000 0.000 0.000 0.000 0.000 0.000 0.000 0.000 0.000 0.000 0.000 0.000 0.000 0.000 0.000 0.000 0.000
0.000 0.000 0.000 0.000 0.000 0.000 0.000 0.001 0.001 0.001 0.001 0.001 0.001 0.001 0.002 0.002 0.002 0.002 0.002 0.002 0.002 0.002 0.002 0.002 0.002 0.001 0.001 0.001 0.000 0.000 0.000 0.000 0.000 0.000 0.000 0.000 0.000 0.000 0.000 0.000 0.000 0.000 0.000 0.000 0.000 0.000 0.000 0.000 0.000 0.000 0.000 0.000 0.000 0.000 0.000 0.000 0.000 0.000 0.000 0.000 0.000 0.000 0.000 0.000 0.000 0.000 0.000 0.000 0.000 0.000 0.000 0.000 0.000 0.000 0.000 0.000 0.000
0.000 0.000 0.000 0.000 0.000 0.000 0.000 0.000 0.000 0.001 0.001 0.001 0.001 0.001 0.001 0.001 0.001 0.002 0.002 0.002 0.002 0.002 0.002 0.002 0.001 0.001 0.001 0.001 0.000 0.000 0.000 0.000 0.000 0.000 0.000 0.000 0.000 0.000 0.000 0.000 0.000 0.000 0.000 0.000 0.000 0.000 0.000 0.000 0.000 0.000 0.000 0.000 0.000 0.000 0.000 0.000 0.000 0.000 0.000 0.000 0.000 0.000 0.000 0.000 0.000 0.000 0.000 0.000 0.000 0.000 0.000 0.000 0.000 0.000 0.000 0.000 0.000
