RESULTS/r.avaflow_results/21_results/21_ascii/21_hflow0042.asc
ncols 506
nrows 317
xllcenter 498237.50
yllcenter 5580050.00
cellsize 12.50
NODATA_value -9999.000
[rows 170 to 203 of 317, columns 77 to 153 of 506]
0.000 0.000 0.000 0.000 0.000 0.000 0.000 0.000 0.000 0.000 0.000 0.000 0.000 0.000 0.000 0.000 0.000 0.000 0.000 0.000 0.000 0.000 0.001 0.003 0.005 0.007 0.008 0.008 0.008 0.008 0.008 0.007 0.007 0.006 0.005 0.004 0.003 0.003 0.002 0.002 0.002 0.002 0.002 0.003 0.004 0.006 0.009 0.013 0.022 0.042 0.086 0.198 0.454 0.937 1.631 2.448 3.374 4.544 6.095 8.057 10.209 12.004 13.284 14.030 14.305 14.287 14.136 13.896 13.594 13.155 12.487 11.608 10.720 10.024 9.489 9.067 8.748
0.000 0.000 0.000 0.000 0.000 0.000 0.000 0.000 0.000 0.000 0.000 0.000 0.000 0.000 0.000 0.000 0.000 0.000 0.000 0.000 0.001 0.002 0.004 0.007 0.009 0.011 0.011 0.011 0.011 0.011 0.011 0.010 0.009 0.008 0.007 0.006 0.005 0.004 0.004 0.003 0.003 0.003 0.003 0.004 0.006 0.009 0.015 0.027 0.050 0.104 0.231 0.501 1.002 1.708 2.517 3.391 4.405 5.697 7.387 9.487 11.523 13.038 14.021 14.512 14.614 14.505 14.292 13.990 13.623 13.165 12.601 12.040 11.664 11.484 11.435 11.469 11.633
0.000 0.000 0.000 0.000 0.000 0.000 0.000 0.000 0.000 0.000 0.000 0.000 0.000 0.000 0.000 0.000 0.000 0.000 0.000 0.001 0.002 0.004 0.008 0.012 0.014 0.015 0.015 0.015 0.015 0.015 0.015 0.014 0.012 0.010 0.009 0.007 0.007 0.006 0.005 0.005 0.004 0.005 0.005 0.007 0.010 0.017 0.031 0.060 0.125 0.272 0.564 1.051 1.676 2.337 3.035 3.849 4.890 6.260 8.023 10.159 12.042 13.372 14.181 14.562 14.628 14.523 14.337 14.073 13.779 13.487 13.237 13.135 13.173 13.271 13.456 13.850 14.559
0.000 0.000 0.000 0.000 0.000 0.000 0.000 0.000 0.000 0.000 0.000 0.000 0.000 0.000 0.000 0.000 0.000 0.000 0.001 0.002 0.005 0.009 0.013 0.017 0.019 0.020 0.020 0.020 0.020 0.019 0.019 0.018 0.016 0.013 0.010 0.009 0.008 0.007 0.007 0.006 0.006 0.007 0.008 0.011 0.019 0.035 0.071 0.147 0.309 0.623 1.104 1.657 2.188 2.709 3.278 3.998 5.011 6.398 8.180 10.294 12.077 13.331 14.080 14.437 14.533 14.495 14.408 14.318 14.279 14.276 14.279 14.300 14.356 14.496 14.831 15.528 16.684
0.000 0.000 0.000 0.000 0.000 0.000 0.000 0.000 0.000 0.000 0.000 0.000 0.000 0.000 0.000 0.000 0.000 0.001 0.002 0.005 0.008 0.014 0.018 0.021 0.023 0.024 0.024 0.024 0.024 0.024 0.023 0.021 0.019 0.015 0.012 0.010 0.008 0.008 0.008 0.008 0.008 0.009 0.012 0.019 0.037 0.077 0.165 0.337 0.650 1.095 1.580 2.032 2.450 2.873 3.361 4.014 4.982 6.348 8.118 10.192 11.869 13.025 13.731 14.126 14.342 14.483 14.600 14.697 14.787 14.842 14.853 14.856 14.905 15.115 15.622 16.537 17.894
0.000 0.000 0.000 0.000 0.000 0.000 0.000 0.000 0.000 0.000 0.000 0.000 0.000 0.000 0.000 0.000 0.000 0.001 0.003 0.007 0.012 0.017 0.022 0.025 0.026 0.027 0.028 0.028 0.028 0.027 0.026 0.024 0.021 0.017 0.013 0.010 0.009 0.008 0.008 0.008 0.009 0.012 0.018 0.035 0.075 0.168 0.348 0.650 1.042 1.450 1.827 2.179 2.530 2.916 3.373 3.966 4.831 6.122 7.868 9.861 11.398 12.450 13.157 13.672 14.090 14.425 14.659 14.805 14.900 14.939 14.932 14.924 14.978 15.247 15.868 16.879 18.244
0.000 0.000 0.000 0.000 0.000 0.000 0.000 0.000 0.000 0.000 0.000 0.000 0.000 0.000 0.000 0.000 0.000 0.001 0.004 0.008 0.014 0.020 0.025 0.028 0.030 0.031 0.031 0.031 0.031 0.031 0.030 0.027 0.024 0.019 0.014 0.011 0.009 0.008 0.008 0.009 0.011 0.016 0.030 0.064 0.150 0.326 0.612 0.954 1.296 1.614 1.910 2.206 2.536 2.913 3.346 3.864 4.570 5.714 7.405 9.317 10.741 11.726 12.475 13.134 13.728 14.187 14.459 14.581 14.619 14.595 14.542 14.504 14.562 14.897 15.614 16.687 18.046
0.000 0.000 0.000 0.000 0.000 0.000 0.000 0.000 0.000 0.000 0.000 0.000 0.000 0.000 0.000 0.000 0.000 0.001 0.004 0.009 0.016 0.023 0.028 0.031 0.033 0.034 0.034 0.034 0.034 0.034 0.032 0.030 0.026 0.020 0.015 0.011 0.009 0.008 0.009 0.009 0.013 0.022 0.048 0.115 0.267 0.526 0.839 1.133 1.403 1.660 1.918 2.199 2.517 2.878 3.281 3.735 4.315 5.278 6.825 8.638 9.984 10.943 11.733 12.458 13.080 13.508 13.714 13.750 13.691 13.567 13.428 13.344 13.392 13.780 14.608 15.809 17.250
0.000 0.000 0.000 0.000 0.000 0.000 0.000 0.000 0.000 0.000 0.000 0.000 0.000 0.000 0.000 0.000 0.000 0.001 0.005 0.010 0.017 0.024 0.030 0.033 0.036 0.037 0.037 0.037 0.037 0.036 0.034 0.031 0.027 0.022 0.016 0.012 0.009 0.008 0.008 0.009 0.014 0.028 0.070 0.178 0.390 0.685 0.965 1.205 1.429 1.657 1.902 2.172 2.472 2.809 3.181 3.593 4.107 4.933 6.271 7.885 9.117 10.031 10.800 11.466 11.972 12.258 12.332 12.263 12.091 11.824 11.583 11.463 11.533 12.013 12.984 14.353 15.948
0.000 0.000 0.000 0.000 0.000 0.000 0.000 0.000 0.000 0.000 0.000 0.000 0.000 0.000 0.000 0.000 0.000 0.001 0.005 0.010 0.017 0.026 0.032 0.036 0.038 0.039 0.039 0.039 0.039 0.038 0.036 0.033 0.029 0.023 0.017 0.012 0.009 0.008 0.008 0.009 0.014 0.031 0.084 0.222 0.476 0.773 1.013 1.219 1.421 1.634 1.865 2.120 2.399 2.710 3.054 3.436 3.902 4.617 5.747 7.073 8.090 8.871 9.520 10.037 10.365 10.474 10.414 10.250 9.978 9.652 9.458 9.426 9.667 10.320 11.382 12.780 14.418
0.000 0.000 0.000 0.000 0.000 0.000 0.000 0.000 0.000 0.000 0.000 0.000 0.000 0.000 0.000 0.000 0.000 0.001 0.004 0.009 0.016 0.026 0.033 0.038 0.040 0.040 0.041 0.041 0.040 0.039 0.037 0.034 0.030 0.024 0.017 0.012 0.009 0.008 0.008 0.009 0.014 0.032 0.089 0.243 0.522 0.808 1.021 1.207 1.393 1.590 1.804 2.038 2.297 2.585 2.905 3.261 3.686 4.300 5.229 6.236 6.957 7.488 7.917 8.231 8.397 8.416 8.342 8.206 8.004 7.816 7.736 7.806 8.178 8.903 9.948 11.264 12.802
0.000 0.000 0.000 0.000 0.000 0.000 0.000 0.000 0.000 0.000 0.000 0.000 0.000 0.000 0.000 0.000 0.000 0.001 0.003 0.007 0.014 0.024 0.033 0.039 0.041 0.042 0.042 0.042 0.041 0.040 0.038 0.035 0.031 0.025 0.018 0.013 0.009 0.008 0.007 0.008 0.013 0.031 0.088 0.245 0.533 0.814 1.007 1.170 1.337 1.515 1.709 1.924 2.164 2.432 2.731 3.060 3.442 3.955 4.694 5.442 5.935 6.247 6.460 6.602 6.672 6.664 6.602 6.513 6.400 6.322 6.315 6.464 6.871 7.560 8.515 9.704 11.073
0.000 0.000 0.000 0.000 0.000 0.000 0.000 0.000 0.000 0.000 0.000 0.000 0.000 0.000 0.000 0.000 0.000 0.000 0.001 0.004 0.009 0.019 0.031 0.039 0.042 0.042 0.042 0.042 0.042 0.040 0.039 0.036 0.032 0.026 0.019 0.013 0.009 0.008 0.007 0.008 0.012 0.028 0.081 0.231 0.517 0.794 0.970 1.107 1.247 1.401 1.573 1.772 1.995 2.244 2.520 2.823 3.159 3.569 4.125 4.674 5.024 5.212 5.305 5.341 5.340 5.303 5.243 5.172 5.099 5.062 5.089 5.259 5.629 6.218 7.023 8.028 9.189
0.000 0.000 0.000 0.000 0.000 0.000 0.000 0.000 0.000 0.000 0.000 0.000 0.000 0.000 0.000 0.000 0.000 0.000 0.001 0.002 0.005 0.012 0.026 0.037 0.042 0.043 0.043 0.042 0.042 0.041 0.039 0.036 0.032 0.027 0.021 0.015 0.010 0.008 0.007 0.007 0.010 0.023 0.066 0.193 0.452 0.723 0.896 1.013 1.122 1.242 1.384 1.557 1.763 1.996 2.252 2.529 2.824 3.153 3.559 3.950 4.208 4.343 4.393 4.389 4.353 4.296 4.227 4.137 4.040 3.992 4.004 4.129 4.407 4.849 5.471 6.286 7.275
0.000 0.000 0.000 0.000 0.000 0.000 0.000 0.000 0.000 0.000 0.000 0.000 0.000 0.000 0.000 0.000 0.000 0.000 0.000 0.001 0.002 0.006 0.017 0.032 0.040 0.042 0.042 0.042 0.042 0.041 0.039 0.037 0.033 0.029 0.023 0.016 0.011 0.008 0.007 0.007 0.008 0.016 0.042 0.127 0.324 0.583 0.765 0.877 0.957 1.033 1.120 1.236 1.401 1.619 1.873 2.143 2.423 2.716 3.026 3.299 3.490 3.600 3.643 3.632 3.587 3.521 3.436 3.315 3.172 3.077 3.043 3.084 3.239 3.540 4.009 4.654 5.458
0.000 0.000 0.000 0.000 0.000 0.000 0.000 0.000 0.000 0.000 0.000 0.000 0.000 0.000 0.000 0.000 0.000 0.000 0.000 0.000 0.001 0.003 0.009 0.023 0.036 0.041 0.042 0.042 0.041 0.040 0.039 0.037 0.034 0.030 0.024 0.018 0.013 0.009 0.008 0.007 0.008 0.011 0.024 0.066 0.179 0.383 0.565 0.677 0.732 0.763 0.787 0.829 0.918 1.085 1.330 1.622 1.932 2.241 2.506 2.711 2.856 2.944 2.980 2.969 2.925 2.859 2.763 2.622 2.453 2.305 2.207 2.172 2.219 2.389 2.711 3.176 3.744
0.000 0.000 0.000 0.000 0.000 0.000 0.000 0.000 0.000 0.000 0.000 0.000 0.000 0.000 0.000 0.000 0.000 0.000 0.000 0.000 0.001 0.001 0.004 0.014 0.028 0.037 0.040 0.041 0.041 0.040 0.039 0.037 0.034 0.031 0.026 0.020 0.015 0.011 0.009 0.008 0.008 0.009 0.015 0.034 0.090 0.209 0.344 0.434 0.474 0.487 0.480 0.474 0.497 0.579 0.766 1.055 1.378 1.700 1.965 2.149 2.270 2.341 2.368 2.355 2.313 2.249 2.149 2.011 1.844 1.668 1.514 1.420 1.400 1.463 1.641 1.920 2.224
0.000 0.000 0.000 0.000 0.000 0.000 0.000 0.000 0.000 0.000 0.000 0.000 0.000 0.000 0.000 0.000 0.000 0.000 0.000 0.000 0.000 0.001 0.002 0.006 0.017 0.030 0.037 0.039 0.039 0.039 0.038 0.037 0.034 0.031 0.027 0.022 0.017 0.013 0.010 0.009 0.008 0.009 0.012 0.021 0.046 0.106 0.191 0.253 0.284 0.292 0.281 0.260 0.253 0.276 0.364 0.557 0.839 1.144 1.408 1.590 1.707 1.771 1.793 1.778 1.735 1.669 1.574 1.456 1.314 1.146 0.973 0.847 0.788 0.785 0.843 0.962 1.062
0.000 0.000 0.000 0.000 0.000 0.000 0.000 0.000 0.000 0.000 0.000 0.000 0.000 0.000 0.000 0.000 0.000 0.000 0.000 0.000 0.000 0.000 0.001 0.003 0.008 0.019 0.030 0.035 0.037 0.037 0.037 0.036 0.034 0.032 0.028 0.023 0.018 0.015 0.012 0.010 0.009 0.009 0.010 0.015 0.027 0.057 0.105 0.146 0.169 0.176 0.171 0.154 0.141 0.141 0.167 0.249 0.414 0.638 0.866 1.037 1.151 1.217 1.243 1.231 1.189 1.123 1.043 0.954 0.850 0.718 0.569 0.457 0.393 0.367 0.364 0.385 0.398
0.000 0.000 0.000 0.000 0.000 0.000 0.000 0.000 0.000 0.000 0.000 0.000 0.000 0.000 0.000 0.000 0.000 0.000 0.000 0.000 0.000 0.000 0.001 0.001 0.003 0.010 0.020 0.029 0.034 0.035 0.036 0.035 0.034 0.032 0.028 0.024 0.019 0.016 0.013 0.011 0.010 0.010 0.010 0.012 0.019 0.035 0.064 0.091 0.109 0.116 0.114 0.105 0.092 0.086 0.089 0.113 0.179 0.295 0.434 0.556 0.641 0.696 0.724 0.723 0.695 0.645 0.589 0.535 0.473 0.391 0.293 0.221 0.180 0.159 0.149 0.145 0.143
0.000 0.000 0.000 0.000 0.000 0.000 0.000 0.000 0.000 0.000 0.000 0.000 0.000 0.000 0.000 0.000 0.000 0.000 0.000 0.000 0.000 0.000 0.000 0.001 0.001 0.004 0.010 0.019 0.028 0.032 0.034 0.034 0.033 0.031 0.028 0.024 0.020 0.016 0.013 0.011 0.010 0.010 0.010 0.011 0.015 0.025 0.044 0.064 0.077 0.082 0.083 0.079 0.069 0.061 0.058 0.063 0.082 0.124 0.186 0.249 0.295 0.324 0.338 0.339 0.328 0.306 0.278 0.252 0.223 0.184 0.136 0.101 0.082 0.071 0.066 0.063 0.060
0.000 0.000 0.000 0.000 0.000 0.000 0.000 0.000 0.000 0.000 0.000 0.000 0.000 0.000 0.000 0.000 0.000 0.000 0.000 0.000 0.000 0.000 0.000 0.000 0.001 0.001 0.004 0.009 0.018 0.026 0.031 0.032 0.032 0.031 0.028 0.024 0.020 0.016 0.013 0.011 0.010 0.010 0.010 0.010 0.013 0.019 0.032 0.046 0.057 0.061 0.062 0.060 0.055 0.047 0.043 0.042 0.046 0.058 0.080 0.104 0.123 0.134 0.139 0.140 0.136 0.128 0.118 0.108 0.096 0.081 0.063 0.049 0.041 0.037 0.034 0.032 0.031
0.000 0.000 0.000 0.000 0.000 0.000 0.000 0.000 0.000 0.000 0.000 0.000 0.000 0.000 0.000 0.000 0.000 0.000 0.000 0.000 0.000 0.000 0.000 0.000 0.000 0.001 0.002 0.004 0.009 0.017 0.025 0.029 0.030 0.029 0.027 0.024 0.020 0.016 0.013 0.011 0.010 0.009 0.009 0.009 0.011 0.015 0.023 0.034 0.042 0.045 0.046 0.045 0.042 0.037 0.033 0.030 0.030 0.033 0.040 0.049 0.056 0.060 0.062 0.061 0.060 0.057 0.053 0.049 0.045 0.039 0.032 0.027 0.024 0.022 0.021 0.020 0.019
0.000 0.000 0.000 0.000 0.000 0.000 0.000 0.000 0.000 0.000 0.000 0.000 0.000 0.000 0.000 0.000 0.000 0.000 0.000 0.000 0.000 0.000 0.000 0.000 0.000 0.001 0.001 0.001 0.004 0.008 0.016 0.023 0.027 0.027 0.026 0.023 0.019 0.016 0.013 0.011 0.010 0.009 0.008 0.008 0.009 0.011 0.016 0.024 0.030 0.032 0.033 0.033 0.031 0.028 0.024 0.022 0.021 0.022 0.024 0.027 0.030 0.031 0.032 0.032 0.031 0.030 0.028 0.027 0.025 0.022 0.019 0.017 0.016 0.015 0.014 0.014 0.013
0.000 0.000 0.000 0.000 0.000 0.000 0.000 0.000 0.000 0.000 0.000 0.000 0.000 0.000 0.000 0.000 0.000 0.000 0.000 0.000 0.000 0.001 0.001 0.000 0.000 0.001 0.001 0.001 0.001 0.004 0.008 0.015 0.021 0.023 0.022 0.021 0.018 0.015 0.013 0.011 0.009 0.008 0.007 0.007 0.007 0.008 0.011 0.015 0.019 0.022 0.023 0.023 0.022 0.020 0.017 0.015 0.015 0.015 0.015 0.017 0.018 0.019 0.019 0.019 0.019 0.018 0.017 0.016 0.015 0.014 0.013 0.012 0.011 0.011 0.010 0.010 0.010
0.000 0.000 0.000 0.000 0.000 0.000 0.000 0.000 0.000 0.000 0.000 0.000 0.000 0.000 0.000 0.000 0.000 0.000 0.000 0.000 0.001 0.001 0.001 0.001 0.001 0.001 0.001 0.001 0.001 0.001 0.004 0.008 0.014 0.017 0.018 0.018 0.016 0.014 0.012 0.010 0.008 0.006 0.005 0.005 0.005 0.005 0.006 0.009 0.012 0.013 0.014 0.014 0.014 0.013 0.011 0.010 0.010 0.010 0.010 0.011 0.011 0.012 0.012 0.012 0.012 0.012 0.011 0.011 0.010 0.009 0.009 0.008 0.008 0.008 0.008 0.007 0.007
0.000 0.000 0.000 0.000 0.000 0.000 0.000 0.000 0.000 0.000 0.000 0.000 0.000 0.000 0.000 0.000 0.000 0.000 0.000 0.000 0.001 0.001 0.001 0.001 0.001 0.001 0.001 0.001 0.001 0.001 0.002 0.004 0.008 0.011 0.013 0.013 0.013 0.012 0.011 0.009 0.007 0.005 0.004 0.003 0.003 0.003 0.003 0.005 0.006 0.007 0.008 0.008 0.008 0.008 0.007 0.006 0.006 0.006 0.006 0.007 0.007 0.008 0.008 0.008 0.008 0.008 0.007 0.007 0.007 0.007 0.006 0.006 0.006 0.006 0.006 0.005 0.005
0.000 0.000 0.000 0.000 0.000 0.000 0.000 0.000 0.000 0.000 0.000 0.000 0.000 0.000 0.000 0.000 0.000 0.000 0.000 0.001 0.001 0.001 0.001 0.001 0.001 0.001 0.001 0.001 0.001 0.001 0.001 0.002 0.004 0.006 0.008 0.009 0.009 0.009 0.009 0.007 0.006 0.004 0.003 0.002 0.002 0.002 0.002 0.002 0.003 0.003 0.004 0.004 0.004 0.004 0.004 0.004 0.004 0.004 0.004 0.005 0.005 0.005 0.005 0.005 0.005 0.005 0.005 0.005 0.005 0.005 0.004 0.004 0.004 0.004 0.004 0.004 0.004
0.000 0.000 0.000 0.000 0.000 0.000 0.000 0.000 0.000 0.000 0.000 0.000 0.000 0.000 0.000 0.000 0.000 0.001 0.001 0.001 0.001 0.001 0.001 0.001 0.001 0.001 0.001 0.001 0.001 0.001 0.001 0.001 0.002 0.003 0.004 0.005 0.005 0.005 0.005 0.005 0.004 0.003 0.002 0.001 0.001 0.001 0.001 0.001 0.001 0.001 0.002 0.002 0.002 0.002 0.002 0.002 0.002 0.002 0.003 0.003 0.003 0.003 0.003 0.003 0.003 0.003 0.003 0.003 0.003 0.003 0.003 0.003 0.003 0.003 0.003 0.003 0.003
0.000 0.000 0.000 0.000 0.000 0.000 0.000 0.000 0.000 0.000 0.000 0.000 0.000 0.000 0.000 0.000 0.000 0.001 0.001 0.001 0.001 0.001 0.001 0.001 0.001 0.001 0.001 0.001 0.001 0.001 0.001 0.001 0.001 0.001 0.002 0.002 0.002 0.003 0.003 0.002 0.002 0.001 0.001 0.001 0.001 0.001 0.001 0.001 0.001 0.001 0.001 0.001 0.001 0.001 0.001 0.001 0.001 0.001 0.002 0.002 0.002 0.002 0.002 0.002 0.002 0.002 0.002 0.002 0.002 0.002 0.002 0.002 0.002 0.002 0.002 0.002 0.002
0.000 0.000 0.000 0.000 0.001 0.000 0.000 0.000 0.000 0.000 0.000 0.000 0.000 0.000 0.000 0.000 0.000 0.001 0.001 0.001 0.001 0.001 0.001 0.001 0.001 0.001 0.001 0.001 0.001 0.001 0.001 0.001 0.001 0.001 0.001 0.001 0.001 0.001 0.001 0.001 0.001 0.001 0.001 0.001 0.001 0.000 0.000 0.000 0.000 0.000 0.000 0.000 0.000 0.000 0.000 0.000 0.000 0.001 0.001 0.001 0.001 0.001 0.001 0.001 0.001 0.001 0.001 0.001 0.001 0.001 0.001 0.001 0.001 0.001 0.001 0.001 0.001
0.000 0.000 0.000 0.000 0.000 0.000 0.000 0.000 0.000 0.000 0.000 0.000 0.000 0.000 0.000 0.000 0.001 0.001 0.001 0.001 0.001 0.001 0.001 0.001 0.001 0.001 0.001 0.001 0.001 0.001 0.001 0.001 0.001 0.001 0.001 0.001 0.001 0.001 0.001 0.001 0.001 0.001 0.001 0.001 0.001 0.001 0.000 0.000 0.000 0.000 0.000 0.000 0.000 0.000 0.000 0.000 0.000 0.000 0.001 0.001 0.001 0.001 0.001 0.001 0.001 0.001 0.001 0.001 0.001 0.001 0.001 0.001 0.001 0.000 0.000 0.000 0.001
0.000 0.000 0.000 0.000 0.000 0.000 0.000 0.000 0.000 0.000 0.000 0.000 0.000 0.000 0.000 0.000 0.001 0.001 0.001 0.001 0.001 0.001 0.001 0.001 0.001 0.001 0.001 0.001 0.001 0.001 0.001 0.001 0.001 0.001 0.000 0.000 0.000 0.000 0.001 0.001 0.001 0.001 0.001 0.001 0.001 0.001 0.001 0.000 0.000 0.000 0.000 0.000 0.000 0.000 0.000 0.000 0.000 0.000 0.000 0.001 0.001 0.001 0.001 0.001 0.001 0.001 0.001 0.001 0.001 0.001 0.001 0.001 0.001 0.000 0.000 0.000 0.000
0.000 0.000 0.000 0.000 0.000 0.000 0.000 0.000 0.000 0.000 0.000 0.000 0.000 0.000 0.000 0.001 0.001 0.001 0.001 0.001 0.001 0.001 0.001 0.001 0.001 0.001 0.001 0.001 0.001 0.001 0.001 0.001 0.001 0.001 0.001 0.000 0.000 0.000 0.000 0.001 0.001 0.001 0.001 0.001 0.001 0.001 0.001 0.001 0.000 0.000 0.000 0.000 0.000 0.000 0.000 0.000 0.000 0.000 0.000 0.000 0.001 0.001 0.001 0.001 0.001 0.001 0.001 0.001 0.001 0.001 0.001 0.000 0.000 0.000 0.000 0.000 0.000
