RESULTS/r.avaflow_results/21_results/21_ascii/21_hflow30055.asc
ncols 506
nrows 317
xllcenter 498237.50
yllcenter 5580050.00
cellsize 12.50
NODATA_value -9999.000
[rows 170 to 203 of 317, columns 154 to 230 of 506]
8.144 7.966 7.786 7.592 7.376 7.143 6.913 6.707 6.527 6.363 6.209 6.059 5.892 5.652 5.276 4.735 4.055 3.297 2.562 1.904 1.344 0.902 0.589 0.391 0.275 0.209 0.177 0.165 0.164 0.171 0.188 0.208 0.222 0.233 0.243 0.256 0.275 0.288 0.292 0.290 0.283 0.273 0.264 0.256 0.244 0.224 0.195 0.169 0.148 0.129 0.111 0.096 0.084 0.077 0.073 0.071 0.073 0.076 0.079 0.082 0.083 0.083 0.082 0.081 0.080 0.081 0.085 0.098 0.128 0.171 0.201 0.213 0.212 0.199 0.171 0.135 0.103
11.440 11.612 11.663 11.633 11.525 11.320 11.038 10.728 10.433 10.150 9.883 9.625 9.359 9.034 8.561 7.876 6.980 5.918 4.789 3.711 2.732 1.894 1.243 0.798 0.527 0.371 0.287 0.249 0.239 0.244 0.258 0.268 0.272 0.272 0.273 0.277 0.286 0.293 0.294 0.289 0.277 0.263 0.251 0.238 0.221 0.193 0.154 0.118 0.092 0.076 0.065 0.058 0.054 0.052 0.052 0.053 0.057 0.061 0.065 0.067 0.067 0.066 0.064 0.063 0.062 0.063 0.066 0.076 0.098 0.138 0.181 0.205 0.214 0.214 0.205 0.186 0.154
14.933 15.465 15.667 15.674 15.557 15.298 14.947 14.568 14.209 13.861 13.531 13.219 12.910 12.569 12.109 11.412 10.424 9.180 7.775 6.337 4.945 3.650 2.529 1.661 1.069 0.702 0.489 0.377 0.327 0.307 0.298 0.292 0.286 0.280 0.276 0.276 0.279 0.281 0.277 0.265 0.244 0.222 0.203 0.184 0.160 0.127 0.091 0.067 0.053 0.045 0.041 0.038 0.037 0.037 0.038 0.040 0.045 0.050 0.053 0.054 0.054 0.053 0.051 0.050 0.050 0.050 0.053 0.060 0.075 0.103 0.146 0.188 0.210 0.218 0.219 0.212 0.193
17.490 18.345 18.729 18.794 18.704 18.478 18.171 17.840 17.506 17.159 16.798 16.451 16.119 15.773 15.336 14.683 13.747 12.542 11.133 9.583 7.952 6.278 4.628 3.200 2.105 1.343 0.862 0.587 0.436 0.355 0.311 0.291 0.280 0.270 0.261 0.254 0.249 0.243 0.231 0.207 0.173 0.145 0.123 0.105 0.087 0.067 0.050 0.040 0.033 0.030 0.028 0.027 0.027 0.027 0.028 0.031 0.035 0.040 0.042 0.043 0.043 0.043 0.042 0.041 0.041 0.042 0.044 0.049 0.059 0.076 0.105 0.151 0.193 0.214 0.220 0.219 0.209
18.874 19.965 20.601 20.872 20.944 20.884 20.755 20.581 20.363 20.075 19.711 19.316 18.948 18.576 18.140 17.518 16.634 15.489 14.140 12.643 11.019 9.258 7.326 5.332 3.605 2.287 1.383 0.838 0.539 0.383 0.309 0.274 0.253 0.236 0.219 0.203 0.189 0.174 0.155 0.127 0.100 0.081 0.067 0.057 0.047 0.038 0.031 0.026 0.023 0.021 0.020 0.020 0.020 0.021 0.022 0.024 0.027 0.031 0.034 0.035 0.035 0.035 0.034 0.035 0.035 0.036 0.038 0.042 0.048 0.058 0.076 0.107 0.155 0.195 0.212 0.215 0.210
19.214 20.420 21.283 21.855 22.220 22.437 22.547 22.554 22.479 22.282 21.934 21.472 21.053 20.659 20.228 19.654 18.858 17.816 16.529 15.021 13.324 11.442 9.334 6.939 4.702 2.945 1.718 0.983 0.592 0.392 0.293 0.239 0.203 0.173 0.148 0.129 0.116 0.104 0.090 0.073 0.058 0.047 0.040 0.034 0.029 0.024 0.020 0.018 0.017 0.016 0.016 0.016 0.016 0.016 0.017 0.019 0.021 0.024 0.026 0.028 0.028 0.029 0.029 0.030 0.031 0.032 0.034 0.037 0.041 0.048 0.059 0.078 0.113 0.158 0.188 0.200 0.202
19.004 20.273 21.266 22.026 22.638 23.117 23.418 23.545 23.557 23.446 23.121 22.599 22.138 21.756 21.352 20.829 20.124 19.198 17.997 16.491 14.705 12.673 10.377 7.729 5.187 3.205 1.833 1.023 0.600 0.382 0.263 0.192 0.143 0.110 0.088 0.075 0.068 0.061 0.054 0.044 0.036 0.030 0.026 0.022 0.019 0.017 0.015 0.013 0.012 0.012 0.012 0.012 0.012 0.013 0.013 0.014 0.016 0.018 0.020 0.022 0.023 0.024 0.025 0.026 0.028 0.029 0.031 0.034 0.037 0.041 0.049 0.062 0.083 0.116 0.149 0.171 0.182
18.265 19.658 20.848 21.820 22.599 23.183 23.541 23.699 23.734 23.661 23.355 22.805 22.327 21.968 21.589 21.090 20.427 19.570 18.445 16.970 15.142 13.014 10.607 7.847 5.224 3.190 1.800 0.992 0.569 0.343 0.216 0.140 0.094 0.068 0.053 0.046 0.041 0.037 0.033 0.028 0.024 0.021 0.018 0.016 0.014 0.012 0.011 0.010 0.009 0.009 0.009 0.009 0.009 0.009 0.010 0.011 0.012 0.014 0.016 0.017 0.019 0.020 0.022 0.023 0.025 0.027 0.028 0.031 0.034 0.037 0.043 0.052 0.066 0.087 0.113 0.134 0.152
17.091 18.627 20.007 21.194 22.143 22.807 23.180 23.328 23.352 23.274 22.980 22.456 21.962 21.578 21.175 20.663 20.017 19.207 18.141 16.709 14.885 12.713 10.214 7.391 4.830 2.875 1.576 0.843 0.463 0.262 0.150 0.090 0.059 0.043 0.034 0.029 0.027 0.024 0.022 0.019 0.017 0.015 0.013 0.011 0.010 0.009 0.008 0.007 0.007 0.006 0.006 0.006 0.006 0.007 0.007 0.008 0.009 0.010 0.012 0.013 0.015 0.017 0.019 0.020 0.022 0.024 0.026 0.028 0.031 0.034 0.039 0.046 0.057 0.071 0.089 0.106 0.122
15.650 17.284 18.769 20.065 21.104 21.831 22.233 22.368 22.348 22.193 21.894 21.486 21.016 20.509 19.958 19.360 18.695 17.909 16.892 15.495 13.653 11.399 8.786 6.069 3.787 2.126 1.087 0.541 0.277 0.148 0.085 0.053 0.037 0.028 0.023 0.020 0.018 0.017 0.015 0.014 0.012 0.011 0.009 0.008 0.007 0.006 0.006 0.005 0.005 0.004 0.004 0.004 0.004 0.004 0.005 0.005 0.006 0.007 0.009 0.010 0.012 0.013 0.015 0.017 0.019 0.021 0.023 0.026 0.028 0.032 0.036 0.042 0.051 0.062 0.075 0.089 0.101
13.979 15.612 17.106 18.434 19.540 20.358 20.835 20.979 20.904 20.654 20.372 20.114 19.706 19.036 18.240 17.498 16.751 15.907 14.808 13.293 11.287 8.817 6.187 3.868 2.168 1.095 0.517 0.245 0.126 0.072 0.046 0.032 0.024 0.019 0.017 0.015 0.013 0.012 0.011 0.010 0.009 0.008 0.007 0.006 0.005 0.004 0.004 0.003 0.003 0.002 0.002 0.002 0.002 0.002 0.003 0.003 0.004 0.005 0.006 0.007 0.009 0.010 0.012 0.014 0.016 0.018 0.021 0.023 0.026 0.029 0.034 0.040 0.047 0.057 0.068 0.079 0.089
12.065 13.593 15.055 16.442 17.689 18.685 19.313 19.539 19.492 19.263 18.991 18.722 18.262 17.460 16.479 15.580 14.677 13.609 12.174 10.241 7.789 5.267 3.211 1.793 0.920 0.442 0.207 0.102 0.058 0.038 0.027 0.021 0.017 0.014 0.012 0.011 0.010 0.009 0.008 0.007 0.006 0.005 0.005 0.004 0.003 0.003 0.002 0.002 0.001 0.001 0.001 0.001 0.001 0.001 0.001 0.002 0.002 0.003 0.004 0.005 0.006 0.008 0.009 0.011 0.013 0.016 0.018 0.021 0.024 0.027 0.032 0.038 0.045 0.054 0.064 0.073 0.082
9.985 11.362 12.782 14.250 15.690 16.902 17.720 18.068 18.073 17.883 17.560 17.134 16.491 15.580 14.530 13.485 12.352 10.889 8.871 6.437 4.129 2.411 1.281 0.643 0.319 0.159 0.082 0.046 0.031 0.023 0.018 0.015 0.013 0.011 0.009 0.008 0.007 0.007 0.006 0.005 0.004 0.004 0.003 0.002 0.002 0.001 0.001 0.001 0.001 0.000 0.000 0.000 0.000 0.000 0.000 0.001 0.001 0.002 0.003 0.003 0.004 0.006 0.007 0.009 0.011 0.013 0.016 0.018 0.021 0.025 0.030 0.036 0.044 0.053 0.061 0.069 0.077
7.953 9.151 10.439 11.865 13.367 14.668 15.590 16.040 16.105 15.914 15.427 14.682 13.751 12.724 11.637 10.449 9.004 7.096 4.928 3.013 1.660 0.821 0.389 0.196 0.106 0.060 0.037 0.025 0.019 0.016 0.013 0.011 0.010 0.008 0.007 0.006 0.005 0.005 0.004 0.003 0.003 0.002 0.002 0.001 0.001 0.001 0.000 0.000 0.000 0.000 0.000 0.000 0.000 0.000 0.000 0.000 0.000 0.001 0.001 0.002 0.003 0.004 0.005 0.007 0.009 0.011 0.013 0.016 0.019 0.023 0.028 0.035 0.043 0.052 0.060 0.067 0.074
5.970 6.932 7.942 9.038 10.209 11.285 12.106 12.554 12.646 12.453 11.840 10.801 9.521 8.334 7.209 6.011 4.660 3.197 1.905 0.994 0.468 0.217 0.112 0.065 0.042 0.029 0.021 0.017 0.014 0.012 0.010 0.009 0.007 0.006 0.005 0.004 0.004 0.003 0.002 0.002 0.001 0.001 0.001 0.000 0.000 0.000 0.000 0.000 0.000 0.000 0.000 0.000 0.000 0.000 0.000 0.000 0.000 0.000 0.001 0.001 0.002 0.003 0.004 0.005 0.007 0.009 0.011 0.014 0.017 0.022 0.027 0.034 0.042 0.051 0.058 0.065 0.072
3.953 4.491 4.993 5.480 5.993 6.548 7.049 7.353 7.430 7.291 6.764 5.860 4.772 3.866 3.107 2.396 1.663 0.981 0.502 0.236 0.116 0.065 0.042 0.030 0.023 0.018 0.015 0.013 0.011 0.009 0.008 0.007 0.005 0.004 0.004 0.003 0.002 0.002 0.001 0.001 0.001 0.000 0.000 0.000 0.000 0.000 0.000 0.000 0.000 0.000 0.000 0.000 0.000 0.000 0.000 0.000 0.000 0.000 0.000 0.000 0.001 0.001 0.002 0.004 0.005 0.007 0.009 0.012 0.015 0.020 0.025 0.032 0.040 0.049 0.057 0.064 0.072
2.167 2.331 2.455 2.560 2.665 2.805 2.974 3.082 3.110 3.054 2.811 2.345 1.749 1.281 0.940 0.665 0.418 0.230 0.119 0.065 0.041 0.029 0.023 0.019 0.016 0.014 0.012 0.010 0.009 0.007 0.006 0.005 0.004 0.003 0.002 0.002 0.001 0.001 0.000 0.000 0.000 0.000 0.000 0.000 0.000 0.000 0.000 0.000 0.000 0.000 0.000 0.000 0.000 0.000 0.000 0.000 0.000 0.000 0.000 0.000 0.000 0.001 0.001 0.002 0.004 0.005 0.007 0.010 0.013 0.017 0.023 0.029 0.037 0.045 0.054 0.063 0.073
0.940 0.945 0.939 0.927 0.916 0.918 0.943 0.958 0.957 0.933 0.849 0.688 0.480 0.332 0.236 0.164 0.106 0.064 0.041 0.029 0.022 0.019 0.016 0.014 0.013 0.011 0.010 0.009 0.007 0.006 0.005 0.004 0.003 0.002 0.001 0.001 0.000 0.000 0.000 0.000 0.000 0.000 0.000 0.000 0.000 0.000 0.000 0.000 0.000 0.000 0.000 0.000 0.000 0.000 0.000 0.000 0.000 0.000 0.000 0.000 0.000 0.000 0.001 0.001 0.002 0.004 0.005 0.008 0.011 0.015 0.020 0.026 0.033 0.041 0.051 0.062 0.074
0.334 0.320 0.310 0.302 0.291 0.282 0.277 0.272 0.266 0.255 0.231 0.187 0.132 0.094 0.070 0.052 0.038 0.029 0.023 0.019 0.016 0.015 0.013 0.012 0.011 0.010 0.009 0.007 0.006 0.005 0.003 0.002 0.002 0.001 0.000 0.000 0.000 0.000 0.000 0.000 0.000 0.000 0.000 0.000 0.000 0.000 0.000 0.000 0.000 0.000 0.000 0.000 0.000 0.000 0.000 0.000 0.000 0.000 0.000 0.000 0.000 0.000 0.000 0.001 0.001 0.003 0.004 0.006 0.008 0.012 0.016 0.022 0.028 0.036 0.047 0.059 0.073
0.120 0.114 0.111 0.108 0.104 0.099 0.093 0.089 0.085 0.080 0.073 0.062 0.048 0.038 0.031 0.026 0.022 0.019 0.016 0.015 0.013 0.012 0.011 0.011 0.010 0.009 0.007 0.006 0.005 0.004 0.002 0.002 0.001 0.000 0.000 0.000 0.000 0.000 0.000 0.000 0.000 0.000 0.000 0.000 0.000 0.000 0.000 0.000 0.000 0.000 0.000 0.000 0.000 0.000 0.000 0.000 0.000 0.000 0.000 0.000 0.000 0.000 0.000 0.000 0.001 0.002 0.003 0.004 0.006 0.009 0.013 0.017 0.023 0.031 0.041 0.055 0.071
0.051 0.049 0.048 0.047 0.046 0.044 0.041 0.038 0.036 0.035 0.032 0.030 0.026 0.022 0.019 0.017 0.016 0.015 0.013 0.012 0.012 0.011 0.010 0.009 0.009 0.008 0.007 0.005 0.004 0.003 0.002 0.001 0.000 0.000 0.000 0.000 0.000 0.000 0.000 0.000 0.000 0.000 0.000 0.000 0.000 0.000 0.000 0.000 0.000 0.000 0.000 0.000 0.000 0.000 0.000 0.000 0.000 0.000 0.000 0.000 0.000 0.000 0.000 0.000 0.000 0.001 0.002 0.003 0.005 0.007 0.010 0.013 0.018 0.024 0.034 0.046 0.062
0.027 0.027 0.027 0.026 0.026 0.025 0.023 0.022 0.021 0.021 0.020 0.019 0.018 0.016 0.015 0.014 0.013 0.012 0.012 0.011 0.010 0.010 0.009 0.008 0.008 0.007 0.006 0.004 0.003 0.002 0.001 0.000 0.000 0.000 0.000 0.000 0.000 0.000 0.000 0.000 0.000 0.000 0.000 0.000 0.000 0.000 0.000 0.000 0.000 0.000 0.000 0.000 0.000 0.000 0.000 0.000 0.000 0.000 0.000 0.000 0.000 0.000 0.000 0.000 0.000 0.000 0.001 0.002 0.003 0.005 0.007 0.010 0.013 0.018 0.024 0.034 0.047
0.018 0.017 0.017 0.017 0.017 0.016 0.016 0.015 0.015 0.015 0.014 0.014 0.014 0.013 0.012 0.012 0.011 0.011 0.010 0.010 0.009 0.009 0.008 0.008 0.007 0.006 0.005 0.004 0.002 0.001 0.001 0.000 0.000 0.000 0.000 0.000 0.000 0.000 0.000 0.000 0.000 0.000 0.000 0.000 0.000 0.000 0.000 0.000 0.000 0.000 0.000 0.000 0.000 0.000 0.000 0.000 0.000 0.000 0.000 0.000 0.000 0.000 0.000 0.000 0.000 0.000 0.000 0.001 0.002 0.003 0.005 0.007 0.010 0.013 0.017 0.023 0.031
0.012 0.012 0.012 0.012 0.012 0.012 0.012 0.012 0.011 0.011 0.011 0.011 0.011 0.011 0.011 0.010 0.010 0.009 0.009 0.009 0.008 0.008 0.007 0.007 0.006 0.005 0.004 0.003 0.002 0.001 0.000 0.000 0.000 0.000 0.000 0.000 0.000 0.000 0.000 0.000 0.000 0.000 0.000 0.000 0.000 0.000 0.000 0.000 0.000 0.000 0.000 0.000 0.000 0.000 0.000 0.000 0.000 0.000 0.000 0.000 0.000 0.000 0.000 0.000 0.000 0.000 0.000 0.000 0.001 0.002 0.003 0.005 0.007 0.009 0.012 0.016 0.021
0.009 0.009 0.009 0.009 0.009 0.009 0.009 0.009 0.009 0.009 0.009 0.009 0.009 0.009 0.009 0.009 0.009 0.008 0.008 0.008 0.008 0.007 0.007 0.006 0.006 0.005 0.004 0.003 0.002 0.001 0.000 0.000 0.000 0.000 0.000 0.000 0.000 0.000 0.000 0.000 0.000 0.000 0.000 0.000 0.000 0.000 0.000 0.000 0.000 0.000 0.000 0.000 0.000 0.000 0.000 0.000 0.000 0.000 0.000 0.000 0.000 0.000 0.000 0.000 0.000 0.000 0.000 0.000 0.000 0.001 0.002 0.003 0.005 0.006 0.009 0.011 0.015
0.007 0.007 0.007 0.007 0.007 0.007 0.007 0.007 0.007 0.008 0.008 0.008 0.008 0.008 0.008 0.008 0.008 0.007 0.007 0.007 0.007 0.006 0.006 0.006 0.005 0.004 0.003 0.002 0.001 0.001 0.000 0.000 0.000 0.000 0.000 0.000 0.000 0.000 0.000 0.000 0.000 0.000 0.000 0.000 0.000 0.000 0.000 0.000 0.000 0.000 0.000 0.000 0.000 0.000 0.000 0.000 0.000 0.000 0.000 0.000 0.000 0.000 0.000 0.000 0.000 0.000 0.000 0.000 0.000 0.000 0.001 0.002 0.003 0.004 0.006 0.008 0.010
0.005 0.005 0.005 0.005 0.005 0.005 0.006 0.006 0.006 0.006 0.006 0.006 0.007 0.007 0.007 0.007 0.007 0.007 0.006 0.006 0.006 0.006 0.005 0.005 0.005 0.004 0.003 0.002 0.001 0.000 0.000 0.000 0.000 0.000 0.000 0.000 0.000 0.000 0.000 0.000 0.000 0.000 0.000 0.000 0.000 0.000 0.000 0.000 0.000 0.000 0.000 0.000 0.000 0.000 0.000 0.000 0.000 0.000 0.000 0.000 0.000 0.000 0.000 0.000 0.000 0.000 0.000 0.000 0.000 0.000 0.000 0.001 0.002 0.003 0.004 0.005 0.007
0.003 0.003 0.004 0.004 0.004 0.004 0.004 0.004 0.005 0.005 0.005 0.005 0.005 0.006 0.006 0.006 0.006 0.006 0.005 0.005 0.005 0.005 0.005 0.005 0.004 0.004 0.003 0.002 0.001 0.000 0.000 0.000 0.000 0.000 0.000 0.000 0.000 0.000 0.000 0.000 0.000 0.000 0.000 0.000 0.000 0.000 0.000 0.000 0.000 0.000 0.000 0.000 0.000 0.000 0.000 0.000 0.000 0.000 0.000 0.000 0.000 0.000 0.000 0.000 0.000 0.000 0.000 0.000 0.000 0.000 0.000 0.000 0.001 0.001 0.002 0.003 0.005
0.002 0.002 0.002 0.003 0.003 0.003 0.003 0.003 0.003 0.004 0.004 0.004 0.004 0.005 0.005 0.005 0.005 0.005 0.005 0.005 0.005 0.004 0.004 0.004 0.004 0.003 0.002 0.001 0.001 0.000 0.000 0.000 0.000 0.000 0.000 0.000 0.000 0.000 0.000 0.000 0.000 0.000 0.000 0.000 0.000 0.000 0.000 0.000 0.000 0.000 0.000 0.000 0.000 0.000 0.000 0.000 0.000 0.000 0.000 0.000 0.000 0.000 0.000 0.000 0.000 0.000 0.000 0.000 0.000 0.000 0.000 0.000 0.000 0.001 0.001 0.002 0.003
0.001 0.001 0.001 0.002 0.002 0.002 0.002 0.002 0.002 0.003 0.003 0.003 0.003 0.004 0.004 0.004 0.004 0.004 0.004 0.004 0.004 0.004 0.004 0.003 0.003 0.003 0.002 0.001 0.001 0.000 0.000 0.000 0.000 0.000 0.000 0.000 0.000 0.000 0.000 0.000 0.000 0.000 0.000 0.000 0.000 0.000 0.000 0.000 0.000 0.000 0.000 0.000 0.000 0.000 0.000 0.000 0.000 0.000 0.000 0.000 0.000 0.000 0.000 0.000 0.000 0.000 0.000 0.000 0.000 0.000 0.000 0.000 0.000 0.000 0.000 0.001 0.002
0.001 0.001 0.001 0.001 0.001 0.001 0.001 0.001 0.002 0.002 0.002 0.002 0.003 0.003 0.003 0.003 0.003 0.003 0.003 0.003 0.003 0.003 0.003 0.003 0.003 0.002 0.002 0.001 0.001 0.000 0.000 0.000 0.000 0.000 0.000 0.000 0.000 0.000 0.000 0.000 0.000 0.000 0.000 0.000 0.000 0.000 0.000 0.000 0.000 0.000 0.000 0.000 0.000 0.000 0.000 0.000 0.000 0.000 0.000 0.000 0.000 0.000 0.000 0.000 0.000 0.000 0.000 0.000 0.000 0.000 0.000 0.000 0.000 0.000 0.000 0.000 0.001
0.000 0.000 0.000 0.000 0.000 0.001 0.001 0.001 0.001 0.001 0.001 0.002 0.002 0.002 0.002 0.002 0.002 0.002 0.002 0.002 0.002 0.002 0.002 0.002 0.002 0.002 0.001 0.001 0.000 0.000 0.000 0.000 0.000 0.000 0.000 0.000 0.000 0.000 0.000 0.000 0.000 0.000 0.000 0.000 0.000 0.000 0.000 0.000 0.000 0.000 0.000 0.000 0.000 0.000 0.000 0.000 0.000 0.000 0.000 0.000 0.000 0.000 0.000 0.000 0.000 0.000 0.000 0.000 0.000 0.000 0.000 0.000 0.000 0.000 0.000 0.000 0.000
0.000 0.000 0.000 0.000 0.000 0.000 0.000 0.000 0.000 0.001 0.001 0.001 0.001 0.001 0.001 0.002 0.002 0.002 0.002 0.002 0.002 0.002 0.002 0.002 0.001 0.001 0.001 0.001 0.000 0.000 0.000 0.000 0.000 0.000 0.000 0.000 0.000 0.000 0.000 0.000 0.000 0.000 0.000 0.000 0.000 0.000 0.000 0.000 0.000 0.000 0.000 0.000 0.000 0.000 0.000 0.000 0.000 0.000 0.000 0.000 0.000 0.000 0.000 0.000 0.000 0.000 0.000 0.000 0.000 0.000 0.000 0.000 0.000 0.000 0.000 0.000 0.000
0.000 0.000 0.000 0.000 0.000 0.000 0.000 0.000 0.000 0.000 0.000 0.000 0.001 0.001 0.001 0.001 0.001 0.001 0.001 0.001 0.001 0.001 0.001 0.001 0.001 0.001 0.001 0.000 0.000 0.000 0.000 0.000 0.000 0.000 0.000 0.000 0.000 0.000 0.000 0.000 0.000 0.000 0.000 0.000 0.000 0.000 0.000 0.000 0.000 0.000 0.000 0.000 0.000 0.000 0.000 0.000 0.000 0.000 0.000 0.000 0.000 0.000 0.000 0.000 0.000 0.000 0.000 0.000 0.000 0.000 0.000 0.000 0.000 0.000 0.000 0.000 0.000
