RESULTS/r.avaflow_results/21_results/21_ascii/21_hflow30025.asc
ncols 506
nrows 317
xllcenter 498237.50
yllcenter 5580050.00
cellsize 12.50
NODATA_value -9999.000
[rows 170 to 203 of 317, columns 154 to 230 of 506]
8.825 8.644 8.455 8.254 8.024 7.768 7.512 7.278 7.067 6.868 6.677 6.485 6.271 5.985 5.568 4.998 4.292 3.498 2.719 2.021 1.427 0.961 0.633 0.430 0.317 0.262 0.242 0.242 0.254 0.286 0.335 0.394 0.450 0.500 0.547 0.599 0.667 0.730 0.765 0.778 0.778 0.773 0.762 0.740 0.703 0.645 0.560 0.461 0.375 0.297 0.228 0.175 0.140 0.117 0.099 0.083 0.067 0.049 0.033 0.021 0.012 0.006 0.003 0.001 0.000 0.000 0.000 0.000 0.000 0.000 0.000 0.000 0.000 0.000 0.000 0.000 0.000
12.268 12.415 12.438 12.390 12.252 12.013 11.695 11.350 11.018 10.697 10.388 10.085 9.773 9.400 8.881 8.162 7.240 6.150 4.981 3.859 2.841 1.974 1.302 0.848 0.578 0.433 0.364 0.342 0.347 0.369 0.409 0.459 0.508 0.550 0.589 0.630 0.686 0.735 0.760 0.765 0.759 0.742 0.715 0.681 0.630 0.553 0.441 0.321 0.227 0.162 0.121 0.096 0.080 0.070 0.061 0.052 0.042 0.031 0.020 0.013 0.007 0.004 0.002 0.001 0.000 0.000 0.000 0.000 0.000 0.000 0.000 0.000 0.000 0.000 0.000 0.000 0.000
15.735 16.233 16.403 16.393 16.251 15.967 15.590 15.188 14.801 14.423 14.056 13.708 13.362 12.976 12.466 11.727 10.708 9.436 7.993 6.504 5.065 3.729 2.580 1.700 1.111 0.756 0.560 0.465 0.429 0.423 0.438 0.470 0.514 0.551 0.582 0.617 0.659 0.688 0.698 0.690 0.664 0.620 0.569 0.510 0.440 0.348 0.243 0.162 0.112 0.083 0.066 0.055 0.048 0.043 0.038 0.032 0.026 0.019 0.012 0.007 0.004 0.002 0.001 0.000 0.000 0.000 0.000 0.000 0.000 0.000 0.000 0.000 0.000 0.000 0.000 0.000 0.000
18.252 19.076 19.435 19.486 19.384 19.139 18.812 18.465 18.111 17.738 17.347 16.965 16.596 16.203 15.712 15.012 14.035 12.794 11.349 9.755 8.069 6.340 4.642 3.193 2.099 1.354 0.895 0.641 0.510 0.452 0.440 0.455 0.487 0.513 0.531 0.548 0.564 0.568 0.557 0.525 0.464 0.391 0.324 0.267 0.215 0.160 0.111 0.078 0.058 0.046 0.038 0.033 0.030 0.027 0.023 0.020 0.016 0.011 0.007 0.004 0.002 0.001 0.000 0.000 0.000 0.000 0.000 0.000 0.000 0.000 0.000 0.000 0.000 0.000 0.000 0.000 0.000
19.619 20.682 21.295 21.551 21.612 21.533 21.387 21.196 20.956 20.645 20.253 19.822 19.412 18.991 18.500 17.827 16.895 15.703 14.301 12.747 11.063 9.239 7.239 5.210 3.491 2.196 1.334 0.838 0.581 0.462 0.419 0.408 0.413 0.418 0.414 0.403 0.388 0.369 0.342 0.301 0.245 0.192 0.154 0.124 0.098 0.074 0.055 0.042 0.033 0.028 0.024 0.021 0.019 0.017 0.015 0.012 0.009 0.006 0.004 0.002 0.001 0.000 0.000 0.000 0.000 0.000 0.000 0.000 0.000 0.000 0.000 0.000 0.000 0.000 0.000 0.000 0.000
19.955 21.134 21.971 22.524 22.872 23.064 23.152 23.134 23.037 22.815 22.437 21.940 21.476 21.032 20.546 19.918 19.068 17.969 16.623 15.056 13.294 11.342 9.148 6.686 4.472 2.768 1.613 0.950 0.612 0.449 0.370 0.325 0.295 0.270 0.247 0.227 0.211 0.197 0.181 0.156 0.124 0.096 0.076 0.062 0.049 0.039 0.031 0.025 0.021 0.018 0.016 0.014 0.012 0.011 0.009 0.007 0.005 0.003 0.002 0.001 0.000 0.000 0.000 0.000 0.000 0.000 0.000 0.000 0.000 0.000 0.000 0.000 0.000 0.000 0.000 0.000 0.000
19.742 20.983 21.950 22.686 23.271 23.720 23.989 24.085 24.077 23.937 23.584 23.027 22.521 22.087 21.627 21.049 20.286 19.296 18.035 16.475 14.631 12.532 10.149 7.419 4.916 2.999 1.710 0.979 0.608 0.413 0.302 0.233 0.187 0.156 0.134 0.120 0.111 0.104 0.095 0.083 0.066 0.052 0.042 0.034 0.028 0.023 0.019 0.016 0.014 0.012 0.011 0.009 0.008 0.007 0.005 0.004 0.003 0.002 0.001 0.000 0.000 0.000 0.000 0.000 0.000 0.000 0.000 0.000 0.000 0.000 0.000 0.000 0.000 0.000 0.000 0.000 0.000
18.998 20.363 21.524 22.469 23.219 23.770 24.095 24.221 24.235 24.132 23.797 23.218 22.694 22.283 21.848 21.296 20.575 19.655 18.472 16.948 15.071 12.879 10.382 7.542 4.961 2.993 1.683 0.944 0.559 0.348 0.227 0.156 0.115 0.090 0.074 0.066 0.061 0.057 0.052 0.046 0.038 0.031 0.026 0.021 0.018 0.015 0.013 0.011 0.010 0.008 0.007 0.006 0.005 0.004 0.003 0.002 0.001 0.001 0.000 0.000 0.000 0.000 0.000 0.000 0.000 0.000 0.000 0.000 0.000 0.000 0.000 0.000 0.000 0.000 0.000 0.000 0.000
17.815 19.323 20.674 21.832 22.751 23.385 23.726 23.842 23.846 23.740 23.419 22.867 22.331 21.899 21.446 20.884 20.185 19.315 18.193 16.715 14.849 12.623 10.043 7.161 4.633 2.731 1.490 0.801 0.443 0.251 0.149 0.097 0.070 0.053 0.044 0.039 0.036 0.033 0.031 0.027 0.023 0.020 0.017 0.014 0.012 0.010 0.009 0.008 0.006 0.005 0.004 0.003 0.003 0.002 0.001 0.001 0.000 0.000 0.000 0.000 0.000 0.000 0.000 0.000 0.000 0.000 0.000 0.000 0.000 0.000 0.000 0.000 0.000 0.000 0.000 0.000 0.000
16.369 17.972 19.427 20.695 21.709 22.402 22.769 22.876 22.843 22.670 22.345 21.899 21.390 20.852 20.267 19.629 18.917 18.080 17.017 15.585 13.713 11.422 8.753 6.008 3.732 2.090 1.067 0.527 0.265 0.143 0.086 0.058 0.043 0.034 0.029 0.025 0.023 0.021 0.020 0.018 0.015 0.013 0.012 0.010 0.008 0.007 0.006 0.005 0.004 0.003 0.002 0.002 0.001 0.001 0.000 0.000 0.000 0.000 0.000 0.000 0.000 0.000 0.000 0.000 0.000 0.000 0.000 0.000 0.000 0.000 0.000 0.000 0.000 0.000 0.000 0.000 0.000
14.697 16.296 17.757 19.057 20.134 20.911 21.348 21.469 21.389 21.130 20.819 20.517 20.073 19.391 18.583 17.808 17.026 16.147 15.025 13.500 11.494 9.033 6.381 4.024 2.280 1.157 0.542 0.253 0.128 0.074 0.049 0.036 0.028 0.023 0.020 0.018 0.016 0.015 0.013 0.012 0.011 0.009 0.008 0.007 0.005 0.004 0.004 0.003 0.002 0.002 0.001 0.001 0.000 0.000 0.000 0.000 0.000 0.000 0.000 0.000 0.000 0.000 0.000 0.000 0.000 0.000 0.000 0.000 0.000 0.000 0.000 0.000 0.000 0.000 0.000 0.000 0.000
12.781 14.281 15.705 17.057 18.265 19.210 19.793 19.991 19.934 19.696 19.397 19.094 18.615 17.815 16.834 15.906 14.977 13.899 12.479 10.593 8.179 5.626 3.485 1.981 1.031 0.496 0.229 0.111 0.062 0.041 0.030 0.024 0.019 0.017 0.014 0.013 0.012 0.011 0.010 0.008 0.007 0.006 0.005 0.004 0.003 0.003 0.002 0.001 0.001 0.001 0.000 0.000 0.000 0.000 0.000 0.000 0.000 0.000 0.000 0.000 0.000 0.000 0.000 0.000 0.000 0.000 0.000 0.000 0.000 0.000 0.000 0.000 0.000 0.000 0.000 0.000 0.000
10.677 12.045 13.433 14.858 16.244 17.395 18.163 18.484 18.482 18.284 17.949 17.511 16.867 15.964 14.915 13.848 12.698 11.249 9.289 6.878 4.527 2.715 1.485 0.762 0.379 0.186 0.093 0.052 0.034 0.025 0.020 0.017 0.014 0.012 0.011 0.010 0.009 0.008 0.007 0.006 0.005 0.004 0.003 0.002 0.002 0.001 0.001 0.000 0.000 0.000 0.000 0.000 0.000 0.000 0.000 0.000 0.000 0.000 0.000 0.000 0.000 0.000 0.000 0.000 0.000 0.000 0.000 0.000 0.000 0.000 0.000 0.000 0.000 0.000 0.000 0.000 0.000
8.580 9.793 11.071 12.464 13.915 15.168 16.053 16.484 16.545 16.356 15.880 15.157 14.246 13.223 12.135 10.934 9.488 7.593 5.385 3.381 1.932 0.996 0.485 0.243 0.129 0.071 0.042 0.028 0.021 0.017 0.014 0.012 0.011 0.009 0.008 0.007 0.006 0.005 0.004 0.004 0.003 0.002 0.002 0.001 0.001 0.000 0.000 0.000 0.000 0.000 0.000 0.000 0.000 0.000 0.000 0.000 0.000 0.000 0.000 0.000 0.000 0.000 0.000 0.000 0.000 0.000 0.000 0.000 0.000 0.000 0.000 0.000 0.000 0.000 0.000 0.000 0.000
6.537 7.522 8.547 9.649 10.814 11.871 12.670 13.106 13.196 13.006 12.412 11.427 10.191 8.976 7.817 6.580 5.166 3.614 2.218 1.202 0.588 0.279 0.143 0.081 0.050 0.033 0.023 0.018 0.015 0.013 0.011 0.009 0.008 0.007 0.006 0.005 0.004 0.003 0.003 0.002 0.001 0.001 0.001 0.000 0.000 0.000 0.000 0.000 0.000 0.000 0.000 0.000 0.000 0.000 0.000 0.000 0.000 0.000 0.000 0.000 0.000 0.000 0.000 0.000 0.000 0.000 0.000 0.000 0.000 0.000 0.000 0.000 0.000 0.000 0.000 0.000 0.000
4.443 5.025 5.570 6.097 6.644 7.209 7.696 7.990 8.064 7.920 7.392 6.471 5.342 4.364 3.535 2.760 1.961 1.193 0.632 0.305 0.150 0.083 0.052 0.035 0.026 0.020 0.016 0.013 0.011 0.010 0.008 0.007 0.006 0.005 0.004 0.003 0.002 0.002 0.001 0.001 0.001 0.000 0.000 0.000 0.000 0.000 0.000 0.000 0.000 0.000 0.000 0.000 0.000 0.000 0.000 0.000 0.000 0.000 0.000 0.000 0.000 0.000 0.000 0.000 0.000 0.000 0.000 0.000 0.000 0.000 0.000 0.000 0.000 0.000 0.000 0.000 0.000
2.526 2.725 2.881 3.011 3.134 3.280 3.432 3.526 3.548 3.479 3.216 2.722 2.070 1.533 1.138 0.815 0.523 0.293 0.153 0.083 0.051 0.035 0.026 0.021 0.017 0.014 0.012 0.010 0.009 0.007 0.006 0.005 0.004 0.003 0.002 0.002 0.001 0.001 0.000 0.000 0.000 0.000 0.000 0.000 0.000 0.000 0.000 0.000 0.000 0.000 0.000 0.000 0.000 0.000 0.000 0.000 0.000 0.000 0.000 0.000 0.000 0.000 0.000 0.000 0.000 0.000 0.000 0.000 0.000 0.000 0.000 0.000 0.000 0.000 0.000 0.000 0.000
1.157 1.179 1.185 1.179 1.165 1.158 1.168 1.171 1.163 1.128 1.026 0.841 0.595 0.414 0.296 0.207 0.134 0.081 0.050 0.034 0.026 0.021 0.017 0.015 0.013 0.011 0.009 0.008 0.007 0.006 0.004 0.003 0.003 0.002 0.001 0.001 0.000 0.000 0.000 0.000 0.000 0.000 0.000 0.000 0.000 0.000 0.000 0.000 0.000 0.000 0.000 0.000 0.000 0.000 0.000 0.000 0.000 0.000 0.000 0.000 0.000 0.000 0.000 0.000 0.000 0.000 0.000 0.000 0.000 0.000 0.000 0.000 0.000 0.000 0.000 0.000 0.000
0.431 0.422 0.413 0.404 0.391 0.376 0.362 0.350 0.339 0.322 0.290 0.235 0.166 0.117 0.087 0.064 0.046 0.034 0.026 0.021 0.017 0.015 0.013 0.012 0.010 0.009 0.007 0.006 0.005 0.004 0.003 0.002 0.002 0.001 0.000 0.000 0.000 0.000 0.000 0.000 0.000 0.000 0.000 0.000 0.000 0.000 0.000 0.000 0.000 0.000 0.000 0.000 0.000 0.000 0.000 0.000 0.000 0.000 0.000 0.000 0.000 0.000 0.000 0.000 0.000 0.000 0.000 0.000 0.000 0.000 0.000 0.000 0.000 0.000 0.000 0.000 0.000
0.157 0.153 0.149 0.146 0.141 0.133 0.124 0.116 0.109 0.102 0.092 0.077 0.058 0.045 0.036 0.029 0.024 0.020 0.017 0.015 0.013 0.012 0.011 0.009 0.008 0.007 0.006 0.005 0.004 0.003 0.002 0.001 0.001 0.000 0.000 0.000 0.000 0.000 0.000 0.000 0.000 0.000 0.000 0.000 0.000 0.000 0.000 0.000 0.000 0.000 0.000 0.000 0.000 0.000 0.000 0.000 0.000 0.000 0.000 0.000 0.000 0.000 0.000 0.000 0.000 0.000 0.000 0.000 0.000 0.000 0.000 0.000 0.000 0.000 0.000 0.000 0.000
0.065 0.064 0.062 0.061 0.059 0.056 0.052 0.048 0.045 0.042 0.039 0.035 0.029 0.025 0.021 0.019 0.016 0.015 0.013 0.012 0.011 0.010 0.009 0.008 0.007 0.006 0.004 0.003 0.003 0.002 0.001 0.001 0.000 0.000 0.000 0.000 0.000 0.000 0.000 0.000 0.000 0.000 0.000 0.000 0.000 0.000 0.000 0.000 0.000 0.000 0.000 0.000 0.000 0.000 0.000 0.000 0.000 0.000 0.000 0.000 0.000 0.000 0.000 0.000 0.000 0.000 0.000 0.000 0.000 0.000 0.000 0.000 0.000 0.000 0.000 0.000 0.000
0.033 0.032 0.032 0.031 0.031 0.029 0.027 0.026 0.024 0.023 0.022 0.021 0.019 0.017 0.015 0.014 0.012 0.011 0.010 0.010 0.009 0.008 0.007 0.006 0.005 0.004 0.003 0.003 0.002 0.001 0.001 0.000 0.000 0.000 0.000 0.000 0.000 0.000 0.000 0.000 0.000 0.000 0.000 0.000 0.000 0.000 0.000 0.000 0.000 0.000 0.000 0.000 0.000 0.000 0.000 0.000 0.000 0.000 0.000 0.000 0.000 0.000 0.000 0.000 0.000 0.000 0.000 0.000 0.000 0.000 0.000 0.000 0.000 0.000 0.000 0.000 0.000
0.020 0.020 0.020 0.019 0.019 0.018 0.017 0.017 0.016 0.016 0.015 0.014 0.014 0.013 0.012 0.011 0.010 0.009 0.008 0.008 0.007 0.006 0.005 0.005 0.004 0.003 0.002 0.002 0.001 0.001 0.000 0.000 0.000 0.000 0.000 0.000 0.000 0.000 0.000 0.000 0.000 0.000 0.000 0.000 0.000 0.000 0.000 0.000 0.000 0.000 0.000 0.000 0.000 0.000 0.000 0.000 0.000 0.000 0.000 0.000 0.000 0.000 0.000 0.000 0.000 0.000 0.000 0.000 0.000 0.000 0.000 0.000 0.000 0.000 0.000 0.000 0.000
0.013 0.013 0.013 0.013 0.013 0.013 0.012 0.012 0.012 0.011 0.011 0.011 0.010 0.010 0.009 0.009 0.008 0.007 0.007 0.006 0.005 0.005 0.004 0.004 0.003 0.002 0.002 0.001 0.001 0.000 0.000 0.000 0.000 0.000 0.000 0.000 0.000 0.000 0.000 0.000 0.000 0.000 0.000 0.000 0.000 0.000 0.000 0.000 0.000 0.000 0.000 0.000 0.000 0.000 0.000 0.000 0.000 0.000 0.000 0.000 0.000 0.000 0.000 0.000 0.000 0.000 0.000 0.000 0.000 0.000 0.000 0.000 0.000 0.000 0.000 0.000 0.000
0.010 0.010 0.010 0.010 0.009 0.009 0.009 0.009 0.009 0.009 0.009 0.008 0.008 0.008 0.007 0.007 0.006 0.006 0.005 0.005 0.004 0.003 0.003 0.003 0.002 0.002 0.001 0.001 0.001 0.000 0.000 0.000 0.000 0.000 0.000 0.000 0.000 0.000 0.000 0.000 0.000 0.000 0.000 0.000 0.000 0.000 0.000 0.000 0.000 0.000 0.000 0.000 0.000 0.000 0.000 0.000 0.000 0.000 0.000 0.000 0.000 0.000 0.000 0.000 0.000 0.000 0.000 0.000 0.000 0.000 0.000 0.000 0.000 0.000 0.000 0.000 0.000
0.007 0.007 0.007 0.007 0.007 0.007 0.007 0.007 0.007 0.007 0.007 0.007 0.006 0.006 0.006 0.005 0.005 0.004 0.004 0.003 0.003 0.003 0.002 0.002 0.002 0.002 0.001 0.001 0.001 0.000 0.000 0.000 0.000 0.000 0.000 0.000 0.000 0.000 0.000 0.000 0.000 0.000 0.000 0.000 0.000 0.000 0.000 0.000 0.000 0.000 0.000 0.000 0.000 0.000 0.000 0.000 0.000 0.000 0.000 0.000 0.000 0.000 0.000 0.000 0.000 0.000 0.000 0.000 0.000 0.000 0.000 0.000 0.000 0.000 0.000 0.000 0.000
0.005 0.005 0.005 0.005 0.005 0.005 0.005 0.005 0.005 0.005 0.005 0.005 0.005 0.005 0.005 0.004 0.004 0.003 0.003 0.002 0.002 0.002 0.002 0.002 0.002 0.001 0.001 0.001 0.001 0.000 0.000 0.000 0.000 0.000 0.000 0.000 0.000 0.000 0.000 0.000 0.000 0.000 0.000 0.000 0.000 0.000 0.000 0.000 0.000 0.000 0.000 0.000 0.000 0.000 0.000 0.000 0.000 0.000 0.000 0.000 0.000 0.000 0.000 0.000 0.000 0.000 0.000 0.000 0.000 0.000 0.000 0.000 0.000 0.000 0.000 0.000 0.000
0.003 0.003 0.003 0.004 0.004 0.004 0.004 0.004 0.004 0.004 0.004 0.004 0.004 0.004 0.003 0.003 0.003 0.002 0.002 0.002 0.002 0.002 0.002 0.002 0.002 0.001 0.001 0.001 0.000 0.000 0.000 0.000 0.000 0.000 0.000 0.000 0.000 0.000 0.000 0.000 0.000 0.000 0.000 0.000 0.000 0.000 0.000 0.000 0.000 0.000 0.000 0.000 0.000 0.000 0.000 0.000 0.000 0.000 0.000 0.000 0.000 0.000 0.000 0.000 0.000 0.000 0.000 0.000 0.000 0.000 0.000 0.000 0.000 0.000 0.000 0.000 0.000
0.002 0.002 0.002 0.002 0.003 0.003 0.003 0.003 0.003 0.003 0.003 0.003 0.003 0.003 0.003 0.002 0.002 0.002 0.002 0.002 0.002 0.002 0.002 0.002 0.002 0.001 0.001 0.001 0.000 0.000 0.000 0.000 0.000 0.000 0.000 0.000 0.000 0.000 0.000 0.000 0.000 0.000 0.000 0.000 0.000 0.000 0.000 0.000 0.000 0.000 0.000 0.000 0.000 0.000 0.000 0.000 0.000 0.000 0.000 0.000 0.000 0.000 0.000 0.000 0.000 0.000 0.000 0.000 0.000 0.000 0.000 0.000 0.000 0.000 0.000 0.000 0.000
0.001 0.001 0.001 0.002 0.002 0.002 0.002 0.002 0.002 0.002 0.002 0.002 0.002 0.002 0.002 0.002 0.002 0.001 0.002 0.002 0.002 0.002 0.002 0.002 0.002 0.001 0.001 0.001 0.000 0.000 0.000 0.000 0.000 0.000 0.000 0.000 0.000 0.000 0.000 0.000 0.000 0.000 0.000 0.000 0.000 0.000 0.000 0.000 0.000 0.000 0.000 0.000 0.000 0.000 0.000 0.000 0.000 0.000 0.000 0.000 0.000 0.000 0.000 0.000 0.000 0.000 0.000 0.000 0.000 0.000 0.000 0.000 0.000 0.000 0.000 0.000 0.000
0.000 0.001 0.001 0.001 0.001 0.001 0.001 0.001 0.002 0.002 0.002 0.002 0.002 0.002 0.002 0.001 0.001 0.001 0.002 0.002 0.002 0.002 0.002 0.002 0.002 0.001 0.001 0.001 0.000 0.000 0.000 0.000 0.000 0.000 0.000 0.000 0.000 0.000 0.000 0.000 0.000 0.000 0.000 0.000 0.000 0.000 0.000 0.000 0.000 0.000 0.000 0.000 0.000 0.000 0.000 0.000 0.000 0.000 0.000 0.000 0.000 0.000 0.000 0.000 0.000 0.000 0.000 0.000 0.000 0.000 0.000 0.000 0.000 0.000 0.000 0.000 0.000
0.000 0.000 0.000 0.000 0.000 0.001 0.001 0.001 0.001 0.001 0.001 0.001 0.001 0.001 0.001 0.001 0.001 0.001 0.002 0.002 0.002 0.002 0.002 0.001 0.001 0.001 0.001 0.000 0.000 0.000 0.000 0.000 0.000 0.000 0.000 0.000 0.000 0.000 0.000 0.000 0.000 0.000 0.000 0.000 0.000 0.000 0.000 0.000 0.000 0.000 0.000 0.000 0.000 0.000 0.000 0.000 0.000 0.000 0.000 0.000 0.000 0.000 0.000 0.000 0.000 0.000 0.000 0.000 0.000 0.000 0.000 0.000 0.000 0.000 0.000 0.000 0.000
0.000 0.000 0.000 0.000 0.000 0.000 0.000 0.001 0.001 0.001 0.001 0.001 0.001 0.001 0.001 0.001 0.001 0.001 0.001 0.001 0.001 0.001 0.001 0.001 0.001 0.001 0.001 0.000 0.000 0.000 0.000 0.000 0.000 0.000 0.000 0.000 0.000 0.000 0.000 0.000 0.000 0.000 0.000 0.000 0.000 0.000 0.000 0.000 0.000 0.000 0.000 0.000 0.000 0.000 0.000 0.000 0.000 0.000 0.000 0.000 0.000 0.000 0.000 0.000 0.000 0.000 0.000 0.000 0.000 0.000 0.000 0.000 0.000 0.000 0.000 0.000 0.000
0.000 0.000 0.000 0.000 0.000 0.000 0.000 0.000 0.000 0.001 0.001 0.001 0.001 0.001 0.001 0.001 0.001 0.001 0.001 0.001 0.001 0.001 0.001 0.001 0.001 0.001 0.000 0.000 0.000 0.000 0.000 0.000 0.000 0.000 0.000 0.000 0.000 0.000 0.000 0.000 0.000 0.000 0.000 0.000 0.000 0.000 0.000 0.000 0.000 0.000 0.000 0.000 0.000 0.000 0.000 0.000 0.000 0.000 0.000 0.000 0.000 0.000 0.000 0.000 0.000 0.000 0.000 0.000 0.000 0.000 0.000 0.000 0.000 0.000 0.000 0.000 0.000
