RESULTS/r.avaflow_results/21_results/21_ascii/21_hflow_max0021.asc
ncols 506
nrows 317
xllcenter 498237.50
yllcenter 5580050.00
cellsize 12.50
NODATA_value -9999.000
[rows 170 to 203 of 317, columns 154 to 230 of 506]
12.719 12.534 12.320 12.064 11.747 11.395 11.168 11.006 10.848 10.649 10.424 10.174 9.860 9.451 8.884 8.123 7.223 6.189 5.114 4.069 3.133 2.344 1.714 1.258 0.953 0.767 0.669 0.644 0.657 0.709 0.745 0.754 0.741 0.714 0.679 0.642 0.605 0.570 0.529 0.474 0.449 0.432 0.414 0.396 0.376 0.351 0.316 0.274 0.228 0.180 0.128 0.082 0.049 0.028 0.015 0.008 0.003 0.001 0.000 0.000 0.000 0.000 0.000 0.000 0.000 0.000 0.000 0.000 0.000 0.000 0.000 0.000 0.000 0.000 0.000 0.000 0.000
16.605 16.706 16.618 16.390 16.018 15.544 15.051 14.720 14.397 14.052 13.683 13.348 13.052 12.698 12.172 11.358 10.265 8.983 7.620 6.256 4.953 3.807 2.845 2.111 1.593 1.245 1.034 0.935 0.900 0.893 0.882 0.854 0.813 0.774 0.730 0.683 0.637 0.591 0.534 0.469 0.442 0.419 0.394 0.369 0.342 0.306 0.257 0.198 0.145 0.103 0.070 0.046 0.029 0.017 0.010 0.005 0.002 0.001 0.000 0.000 0.000 0.000 0.000 0.000 0.000 0.000 0.000 0.000 0.000 0.000 0.000 0.000 0.000 0.000 0.000 0.000 0.000
19.905 20.251 20.268 20.076 19.690 19.192 18.664 18.148 17.658 17.252 16.786 16.368 16.093 15.783 15.298 14.528 13.438 12.080 10.557 8.973 7.401 5.933 4.588 3.479 2.625 1.999 1.574 1.308 1.132 1.009 0.936 0.892 0.845 0.794 0.740 0.684 0.629 0.572 0.501 0.424 0.393 0.358 0.322 0.286 0.249 0.204 0.151 0.105 0.075 0.054 0.039 0.026 0.017 0.010 0.006 0.003 0.001 0.000 0.000 0.000 0.000 0.000 0.000 0.000 0.000 0.000 0.000 0.000 0.000 0.000 0.000 0.000 0.000 0.000 0.000 0.000 0.000
22.182 22.756 22.919 22.797 22.510 22.117 21.705 21.304 20.880 20.389 19.859 19.344 19.011 18.669 18.177 17.418 16.348 15.013 13.493 11.925 10.354 8.683 6.969 5.382 4.065 3.032 2.261 1.709 1.365 1.133 0.983 0.895 0.830 0.770 0.708 0.642 0.574 0.502 0.413 0.329 0.285 0.237 0.194 0.159 0.131 0.102 0.074 0.054 0.040 0.030 0.022 0.015 0.010 0.006 0.003 0.002 0.001 0.000 0.000 0.000 0.000 0.000 0.000 0.000 0.000 0.000 0.000 0.000 0.000 0.000 0.000 0.000 0.000 0.000 0.000 0.000 0.000
23.137 23.899 24.316 24.470 24.409 24.236 24.023 23.770 23.432 22.985 22.436 21.856 21.426 21.056 20.577 19.855 18.828 17.536 16.033 14.518 12.879 11.084 9.102 7.190 5.472 4.064 2.973 2.172 1.607 1.228 0.993 0.862 0.770 0.692 0.614 0.533 0.448 0.359 0.266 0.198 0.158 0.123 0.097 0.079 0.065 0.051 0.039 0.030 0.023 0.018 0.013 0.009 0.006 0.003 0.002 0.001 0.000 0.000 0.000 0.000 0.000 0.000 0.000 0.000 0.000 0.000 0.000 0.000 0.000 0.000 0.000 0.000 0.000 0.000 0.000 0.000 0.000
23.116 24.043 24.673 25.080 25.349 25.501 25.507 25.378 25.099 24.651 24.092 23.485 23.010 22.610 22.155 21.504 20.576 19.362 18.003 16.453 14.734 12.941 10.952 8.738 6.594 4.822 3.444 2.437 1.735 1.266 0.971 0.787 0.657 0.547 0.441 0.346 0.266 0.198 0.143 0.107 0.083 0.064 0.052 0.043 0.035 0.029 0.023 0.018 0.014 0.011 0.008 0.005 0.003 0.002 0.001 0.000 0.000 0.000 0.000 0.000 0.000 0.000 0.000 0.000 0.000 0.000 0.000 0.000 0.000 0.000 0.000 0.000 0.000 0.000 0.000 0.000 0.000
22.550 23.650 24.486 25.087 25.548 25.863 25.988 25.967 25.784 25.368 24.805 24.200 23.622 23.220 22.823 22.299 21.552 20.533 19.418 17.999 16.265 14.268 12.004 9.523 7.115 5.136 3.613 2.514 1.760 1.255 0.914 0.677 0.498 0.354 0.249 0.181 0.136 0.103 0.077 0.059 0.046 0.037 0.030 0.026 0.022 0.018 0.015 0.012 0.009 0.007 0.005 0.003 0.002 0.001 0.000 0.000 0.000 0.000 0.000 0.000 0.000 0.000 0.000 0.000 0.000 0.000 0.000 0.000 0.000 0.000 0.000 0.000 0.000 0.000 0.000 0.000 0.000
21.530 22.789 23.856 24.691 25.307 25.692 25.930 25.966 25.915 25.640 25.051 24.372 23.782 23.412 23.048 22.539 21.819 20.977 20.021 18.646 16.856 14.739 12.317 9.668 7.176 5.135 3.574 2.457 1.689 1.161 0.788 0.519 0.325 0.200 0.130 0.093 0.071 0.055 0.043 0.034 0.028 0.023 0.020 0.017 0.014 0.012 0.009 0.007 0.006 0.004 0.003 0.002 0.001 0.000 0.000 0.000 0.000 0.000 0.000 0.000 0.000 0.000 0.000 0.000 0.000 0.000 0.000 0.000 0.000 0.000 0.000 0.000 0.000 0.000 0.000 0.000 0.000
20.335 21.657 22.835 23.872 24.669 25.203 25.457 25.505 25.436 25.200 24.682 23.993 23.343 22.965 22.574 22.046 21.337 20.538 19.658 18.342 16.561 14.401 11.904 9.278 6.804 4.786 3.251 2.162 1.424 0.918 0.562 0.321 0.179 0.106 0.069 0.050 0.039 0.032 0.026 0.022 0.018 0.016 0.013 0.011 0.009 0.008 0.006 0.004 0.003 0.002 0.001 0.001 0.000 0.000 0.000 0.000 0.000 0.000 0.000 0.000 0.000 0.000 0.000 0.000 0.000 0.000 0.000 0.000 0.000 0.000 0.000 0.000 0.000 0.000 0.000 0.000 0.000
19.016 20.378 21.618 22.671 23.500 24.056 24.330 24.369 24.236 23.926 23.527 23.027 22.433 21.829 21.248 20.602 19.944 19.218 18.252 16.936 15.164 13.012 10.590 8.041 5.747 3.901 2.514 1.541 0.915 0.525 0.289 0.159 0.090 0.056 0.038 0.029 0.024 0.020 0.017 0.014 0.012 0.011 0.009 0.007 0.006 0.005 0.004 0.003 0.002 0.001 0.000 0.000 0.000 0.000 0.000 0.000 0.000 0.000 0.000 0.000 0.000 0.000 0.000 0.000 0.000 0.000 0.000 0.000 0.000 0.000 0.000 0.000 0.000 0.000 0.000 0.000 0.000
17.658 18.927 20.059 21.057 21.870 22.464 22.801 22.853 22.603 22.121 21.837 21.542 21.077 20.350 19.452 18.715 18.047 17.280 16.259 14.826 12.918 10.633 8.164 5.863 3.943 2.471 1.426 0.766 0.409 0.222 0.125 0.073 0.046 0.031 0.024 0.019 0.016 0.013 0.012 0.010 0.008 0.007 0.006 0.005 0.004 0.003 0.002 0.001 0.001 0.000 0.000 0.000 0.000 0.000 0.000 0.000 0.000 0.000 0.000 0.000 0.000 0.000 0.000 0.000 0.000 0.000 0.000 0.000 0.000 0.000 0.000 0.000 0.000 0.000 0.000 0.000 0.000
15.915 17.039 18.114 19.122 20.030 20.798 21.310 21.437 21.209 20.724 20.436 20.199 19.720 18.834 17.767 16.836 16.030 15.075 13.771 11.979 9.652 7.112 4.856 3.177 1.981 1.147 0.608 0.302 0.156 0.089 0.055 0.037 0.026 0.020 0.016 0.013 0.011 0.009 0.008 0.007 0.005 0.004 0.004 0.003 0.002 0.001 0.001 0.000 0.000 0.000 0.000 0.000 0.000 0.000 0.000 0.000 0.000 0.000 0.000 0.000 0.000 0.000 0.000 0.000 0.000 0.000 0.000 0.000 0.000 0.000 0.000 0.000 0.000 0.000 0.000 0.000 0.000
13.763 14.790 15.856 17.006 18.134 19.112 19.805 20.046 19.877 19.590 19.252 18.823 18.136 17.121 15.967 15.064 14.170 12.857 10.913 8.325 5.725 3.624 2.204 1.310 0.755 0.414 0.213 0.109 0.062 0.040 0.028 0.021 0.017 0.013 0.011 0.009 0.008 0.006 0.005 0.004 0.003 0.003 0.002 0.001 0.001 0.000 0.000 0.000 0.000 0.000 0.000 0.000 0.000 0.000 0.000 0.000 0.000 0.000 0.000 0.000 0.000 0.000 0.000 0.000 0.000 0.000 0.000 0.000 0.000 0.000 0.000 0.000 0.000 0.000 0.000 0.000 0.000
11.353 12.395 13.430 14.562 15.758 16.806 17.661 18.168 18.216 17.960 17.371 16.526 15.498 14.366 13.351 12.455 11.255 9.445 6.840 4.357 2.558 1.402 0.744 0.408 0.231 0.132 0.075 0.044 0.030 0.022 0.018 0.014 0.011 0.009 0.008 0.006 0.005 0.004 0.003 0.002 0.002 0.001 0.001 0.000 0.000 0.000 0.000 0.000 0.000 0.000 0.000 0.000 0.000 0.000 0.000 0.000 0.000 0.000 0.000 0.000 0.000 0.000 0.000 0.000 0.000 0.000 0.000 0.000 0.000 0.000 0.000 0.000 0.000 0.000 0.000 0.000 0.000
8.716 9.672 10.518 11.383 12.559 13.683 14.561 15.025 15.089 14.810 14.015 12.768 11.295 10.084 9.128 7.995 6.526 4.666 2.928 1.692 0.896 0.448 0.229 0.126 0.075 0.049 0.033 0.023 0.018 0.015 0.012 0.010 0.008 0.006 0.005 0.004 0.003 0.002 0.002 0.001 0.001 0.000 0.000 0.000 0.000 0.000 0.000 0.000 0.000 0.000 0.000 0.000 0.000 0.000 0.000 0.000 0.000 0.000 0.000 0.000 0.000 0.000 0.000 0.000 0.000 0.000 0.000 0.000 0.000 0.000 0.000 0.000 0.000 0.000 0.000 0.000 0.000
6.513 7.163 7.670 8.093 8.543 9.040 9.515 9.779 9.792 9.541 8.769 7.565 6.314 5.279 4.440 3.609 2.723 1.773 1.007 0.517 0.256 0.135 0.078 0.049 0.033 0.025 0.019 0.015 0.013 0.010 0.009 0.007 0.006 0.004 0.003 0.002 0.002 0.001 0.001 0.000 0.000 0.000 0.000 0.000 0.000 0.000 0.000 0.000 0.000 0.000 0.000 0.000 0.000 0.000 0.000 0.000 0.000 0.000 0.000 0.000 0.000 0.000 0.000 0.000 0.000 0.000 0.000 0.000 0.000 0.000 0.000 0.000 0.000 0.000 0.000 0.000 0.000
4.112 4.316 4.379 4.367 4.329 4.324 4.378 4.405 4.381 4.256 3.932 3.420 2.755 2.187 1.702 1.279 0.875 0.516 0.274 0.143 0.079 0.049 0.033 0.024 0.019 0.016 0.013 0.011 0.009 0.007 0.006 0.005 0.004 0.003 0.002 0.001 0.001 0.000 0.000 0.000 0.000 0.000 0.000 0.000 0.000 0.000 0.000 0.000 0.000 0.000 0.000 0.000 0.000 0.000 0.000 0.000 0.000 0.000 0.000 0.000 0.000 0.000 0.000 0.000 0.000 0.000 0.000 0.000 0.000 0.000 0.000 0.000 0.000 0.000 0.000 0.000 0.000
2.036 2.020 1.973 1.893 1.771 1.663 1.595 1.539 1.511 1.474 1.366 1.160 0.952 0.697 0.508 0.362 0.238 0.143 0.082 0.049 0.033 0.023 0.019 0.016 0.014 0.012 0.010 0.008 0.007 0.005 0.004 0.003 0.002 0.001 0.001 0.000 0.000 0.000 0.000 0.000 0.000 0.000 0.000 0.000 0.000 0.000 0.000 0.000 0.000 0.000 0.000 0.000 0.000 0.000 0.000 0.000 0.000 0.000 0.000 0.000 0.000 0.000 0.000 0.000 0.000 0.000 0.000 0.000 0.000 0.000 0.000 0.000 0.000 0.000 0.000 0.000 0.000
0.919 0.849 0.791 0.737 0.673 0.601 0.554 0.519 0.482 0.444 0.402 0.361 0.294 0.211 0.151 0.107 0.074 0.049 0.033 0.023 0.018 0.016 0.014 0.012 0.011 0.009 0.008 0.006 0.005 0.004 0.003 0.002 0.001 0.001 0.000 0.000 0.000 0.000 0.000 0.000 0.000 0.000 0.000 0.000 0.000 0.000 0.000 0.000 0.000 0.000 0.000 0.000 0.000 0.000 0.000 0.000 0.000 0.000 0.000 0.000 0.000 0.000 0.000 0.000 0.000 0.000 0.000 0.000 0.000 0.000 0.000 0.000 0.000 0.000 0.000 0.000 0.000
0.498 0.431 0.377 0.338 0.301 0.270 0.242 0.211 0.182 0.157 0.138 0.124 0.102 0.075 0.055 0.041 0.030 0.023 0.018 0.016 0.014 0.012 0.011 0.010 0.009 0.007 0.006 0.005 0.003 0.002 0.002 0.001 0.000 0.000 0.000 0.000 0.000 0.000 0.000 0.000 0.000 0.000 0.000 0.000 0.000 0.000 0.000 0.000 0.000 0.000 0.000 0.000 0.000 0.000 0.000 0.000 0.000 0.000 0.000 0.000 0.000 0.000 0.000 0.000 0.000 0.000 0.000 0.000 0.000 0.000 0.000 0.000 0.000 0.000 0.000 0.000 0.000
0.369 0.296 0.242 0.204 0.176 0.155 0.135 0.114 0.093 0.077 0.065 0.056 0.048 0.037 0.027 0.021 0.017 0.015 0.014 0.012 0.011 0.010 0.009 0.008 0.007 0.006 0.004 0.003 0.002 0.001 0.001 0.000 0.000 0.000 0.000 0.000 0.000 0.000 0.000 0.000 0.000 0.000 0.000 0.000 0.000 0.000 0.000 0.000 0.000 0.000 0.000 0.000 0.000 0.000 0.000 0.000 0.000 0.000 0.000 0.000 0.000 0.000 0.000 0.000 0.000 0.000 0.000 0.000 0.000 0.000 0.000 0.000 0.000 0.000 0.000 0.000 0.000
0.313 0.243 0.193 0.158 0.132 0.113 0.095 0.077 0.062 0.051 0.043 0.039 0.034 0.028 0.022 0.017 0.014 0.012 0.011 0.010 0.009 0.009 0.008 0.007 0.006 0.005 0.004 0.003 0.002 0.001 0.000 0.000 0.000 0.000 0.000 0.000 0.000 0.000 0.000 0.000 0.000 0.000 0.000 0.000 0.000 0.000 0.000 0.000 0.000 0.000 0.000 0.000 0.000 0.000 0.000 0.000 0.000 0.000 0.000 0.000 0.000 0.000 0.000 0.000 0.000 0.000 0.000 0.000 0.000 0.000 0.000 0.000 0.000 0.000 0.000 0.000 0.000
0.277 0.213 0.169 0.139 0.116 0.096 0.078 0.062 0.049 0.041 0.035 0.032 0.029 0.025 0.020 0.016 0.012 0.010 0.009 0.009 0.008 0.007 0.007 0.006 0.005 0.004 0.003 0.002 0.001 0.001 0.000 0.000 0.000 0.000 0.000 0.000 0.000 0.000 0.000 0.000 0.000 0.000 0.000 0.000 0.000 0.000 0.000 0.000 0.000 0.000 0.000 0.000 0.000 0.000 0.000 0.000 0.000 0.000 0.000 0.000 0.000 0.000 0.000 0.000 0.000 0.000 0.000 0.000 0.000 0.000 0.000 0.000 0.000 0.000 0.000 0.000 0.000
0.252 0.197 0.158 0.130 0.107 0.087 0.068 0.053 0.042 0.035 0.031 0.028 0.026 0.023 0.019 0.015 0.012 0.009 0.008 0.008 0.008 0.007 0.007 0.006 0.005 0.005 0.004 0.003 0.002 0.001 0.000 0.000 0.000 0.000 0.000 0.000 0.000 0.000 0.000 0.000 0.000 0.000 0.000 0.000 0.000 0.000 0.000 0.000 0.000 0.000 0.000 0.000 0.000 0.000 0.000 0.000 0.000 0.000 0.000 0.000 0.000 0.000 0.000 0.000 0.000 0.000 0.000 0.000 0.000 0.000 0.000 0.000 0.000 0.000 0.000 0.000 0.000
0.238 0.190 0.154 0.127 0.104 0.082 0.063 0.048 0.039 0.033 0.029 0.026 0.024 0.021 0.018 0.014 0.011 0.008 0.008 0.008 0.008 0.008 0.008 0.008 0.007 0.006 0.005 0.003 0.002 0.001 0.000 0.000 0.000 0.000 0.000 0.000 0.000 0.000 0.000 0.000 0.000 0.000 0.000 0.000 0.000 0.000 0.000 0.000 0.000 0.000 0.000 0.000 0.000 0.000 0.000 0.000 0.000 0.000 0.000 0.000 0.000 0.000 0.000 0.000 0.000 0.000 0.000 0.000 0.000 0.000 0.000 0.000 0.000 0.000 0.000 0.000 0.000
0.231 0.187 0.151 0.124 0.100 0.078 0.061 0.050 0.042 0.036 0.030 0.026 0.023 0.020 0.017 0.014 0.011 0.009 0.010 0.011 0.011 0.011 0.011 0.011 0.010 0.008 0.007 0.005 0.003 0.001 0.000 0.000 0.000 0.000 0.000 0.000 0.000 0.000 0.000 0.000 0.000 0.000 0.000 0.000 0.000 0.000 0.000 0.000 0.000 0.000 0.000 0.000 0.000 0.000 0.000 0.000 0.000 0.000 0.000 0.000 0.000 0.000 0.000 0.000 0.000 0.000 0.000 0.000 0.000 0.000 0.000 0.000 0.000 0.000 0.000 0.000 0.000
0.226 0.183 0.148 0.119 0.095 0.077 0.064 0.055 0.047 0.040 0.034 0.028 0.024 0.020 0.017 0.014 0.012 0.014 0.015 0.016 0.017 0.017 0.016 0.015 0.013 0.011 0.008 0.006 0.003 0.001 0.000 0.000 0.000 0.000 0.000 0.000 0.000 0.000 0.000 0.000 0.000 0.000 0.000 0.000 0.000 0.000 0.000 0.000 0.000 0.000 0.000 0.000 0.000 0.000 0.000 0.000 0.000 0.000 0.000 0.000 0.000 0.000 0.000 0.000 0.000 0.000 0.000 0.000 0.000 0.000 0.000 0.000 0.000 0.000 0.000 0.000 0.000
0.222 0.179 0.143 0.115 0.094 0.081 0.071 0.062 0.054 0.047 0.039 0.032 0.026 0.022 0.018 0.015 0.019 0.021 0.022 0.022 0.022 0.021 0.020 0.018 0.015 0.013 0.010 0.006 0.003 0.001 0.000 0.000 0.000 0.000 0.000 0.000 0.000 0.000 0.000 0.000 0.000 0.000 0.000 0.000 0.000 0.000 0.000 0.000 0.000 0.000 0.000 0.000 0.000 0.000 0.000 0.000 0.000 0.000 0.000 0.000 0.000 0.000 0.000 0.000 0.000 0.000 0.000 0.000 0.000 0.000 0.000 0.000 0.000 0.000 0.000 0.000 0.000
0.214 0.172 0.139 0.115 0.099 0.086 0.076 0.067 0.061 0.055 0.048 0.040 0.033 0.027 0.023 0.023 0.027 0.030 0.032 0.034 0.032 0.027 0.022 0.020 0.018 0.014 0.010 0.006 0.003 0.001 0.000 0.000 0.000 0.000 0.000 0.000 0.000 0.000 0.000 0.000 0.000 0.000 0.000 0.000 0.000 0.000 0.000 0.000 0.000 0.000 0.000 0.000 0.000 0.000 0.000 0.000 0.000 0.000 0.000 0.000 0.000 0.000 0.000 0.000 0.000 0.000 0.000 0.000 0.000 0.000 0.000 0.000 0.000 0.000 0.000 0.000 0.000
0.205 0.164 0.135 0.115 0.100 0.089 0.080 0.072 0.066 0.061 0.055 0.049 0.044 0.038 0.034 0.031 0.037 0.045 0.049 0.049 0.043 0.035 0.025 0.022 0.019 0.015 0.010 0.006 0.003 0.001 0.000 0.000 0.000 0.000 0.000 0.000 0.000 0.000 0.000 0.000 0.000 0.000 0.000 0.000 0.000 0.000 0.000 0.000 0.000 0.000 0.000 0.000 0.000 0.000 0.000 0.000 0.000 0.000 0.000 0.000 0.000 0.000 0.000 0.000 0.000 0.000 0.000 0.000 0.000 0.000 0.000 0.000 0.000 0.000 0.000 0.000 0.000
0.194 0.154 0.128 0.111 0.098 0.088 0.080 0.074 0.068 0.064 0.059 0.054 0.050 0.047 0.045 0.043 0.054 0.061 0.061 0.057 0.051 0.040 0.026 0.022 0.018 0.014 0.009 0.005 0.003 0.001 0.000 0.000 0.000 0.000 0.000 0.000 0.000 0.000 0.000 0.000 0.000 0.000 0.000 0.000 0.000 0.000 0.000 0.000 0.000 0.000 0.000 0.000 0.000 0.000 0.000 0.000 0.000 0.000 0.000 0.000 0.000 0.000 0.000 0.000 0.000 0.000 0.000 0.000 0.000 0.000 0.000 0.000 0.000 0.000 0.000 0.000 0.000
0.168 0.131 0.108 0.094 0.086 0.080 0.075 0.070 0.067 0.063 0.060 0.056 0.053 0.052 0.052 0.053 0.062 0.066 0.065 0.062 0.054 0.040 0.026 0.021 0.018 0.013 0.009 0.005 0.002 0.001 0.000 0.000 0.000 0.000 0.000 0.000 0.000 0.000 0.000 0.000 0.000 0.000 0.000 0.000 0.000 0.000 0.000 0.000 0.000 0.000 0.000 0.000 0.000 0.000 0.000 0.000 0.000 0.000 0.000 0.000 0.000 0.000 0.000 0.000 0.000 0.000 0.000 0.000 0.000 0.000 0.000 0.000 0.000 0.000 0.000 0.000 0.000
0.113 0.084 0.068 0.059 0.056 0.055 0.056 0.057 0.058 0.058 0.057 0.056 0.054 0.054 0.055 0.056 0.063 0.065 0.065 0.061 0.052 0.038 0.026 0.020 0.016 0.012 0.008 0.005 0.002 0.001 0.000 0.000 0.000 0.000 0.000 0.000 0.000 0.000 0.000 0.000 0.000 0.000 0.000 0.000 0.000 0.000 0.000 0.000 0.000 0.000 0.000 0.000 0.000 0.000 0.000 0.000 0.000 0.000 0.000 0.000 0.000 0.000 0.000 0.000 0.000 0.000 0.000 0.000 0.000 0.000 0.000 0.000 0.000 0.000 0.000 0.000 0.000
0.053 0.036 0.028 0.025 0.024 0.026 0.031 0.037 0.045 0.049 0.052 0.053 0.053 0.053 0.055 0.055 0.058 0.062 0.062 0.057 0.047 0.035 0.025 0.018 0.015 0.011 0.007 0.004 0.002 0.001 0.000 0.000 0.000 0.000 0.000 0.000 0.000 0.000 0.000 0.000 0.000 0.000 0.000 0.000 0.000 0.000 0.000 0.000 0.000 0.000 0.000 0.000 0.000 0.000 0.000 0.000 0.000 0.000 0.000 0.000 0.000 0.000 0.000 0.000 0.000 0.000 0.000 0.000 0.000 0.000 0.000 0.000 0.000 0.000 0.000 0.000 0.000
