RESULTS/r.avaflow_results/21_results/21_ascii/21_hflow0052.asc
ncols 506
nrows 317
xllcenter 498237.50
yllcenter 5580050.00
cellsize 12.50
NODATA_value -9999.000
[rows 170 to 203 of 317, columns 77 to 153 of 506]
0.000 0.000 0.000 0.000 0.000 0.000 0.000 0.000 0.000 0.000 0.000 0.000 0.000 0.000 0.000 0.000 0.000 0.000 0.000 0.000 0.000 0.000 0.001 0.002 0.003 0.004 0.004 0.004 0.004 0.004 0.004 0.004 0.004 0.003 0.002 0.002 0.002 0.001 0.001 0.001 0.001 0.001 0.002 0.003 0.004 0.006 0.009 0.013 0.020 0.035 0.069 0.161 0.391 0.853 1.563 2.422 3.388 4.595 6.193 8.205 10.376 12.153 13.398 14.098 14.325 14.280 14.093 13.822 13.486 13.027 12.351 11.470 10.583 9.903 9.382 8.970 8.660
0.000 0.000 0.000 0.000 0.000 0.000 0.000 0.000 0.000 0.000 0.000 0.000 0.000 0.000 0.000 0.000 0.000 0.000 0.000 0.000 0.000 0.001 0.002 0.004 0.005 0.006 0.007 0.007 0.007 0.007 0.006 0.006 0.005 0.004 0.004 0.003 0.003 0.002 0.002 0.002 0.002 0.003 0.003 0.004 0.006 0.009 0.014 0.023 0.040 0.080 0.183 0.422 0.894 1.616 2.481 3.410 4.467 5.799 7.539 9.686 11.715 13.200 14.135 14.563 14.614 14.490 14.241 13.899 13.496 13.023 12.456 11.894 11.520 11.345 11.293 11.323 11.480
0.000 0.000 0.000 0.000 0.000 0.000 0.000 0.000 0.000 0.000 0.000 0.000 0.000 0.000 0.000 0.000 0.000 0.000 0.000 0.000 0.001 0.003 0.005 0.007 0.008 0.009 0.009 0.009 0.009 0.009 0.009 0.008 0.007 0.006 0.005 0.004 0.004 0.004 0.004 0.004 0.004 0.004 0.005 0.007 0.010 0.015 0.026 0.047 0.095 0.211 0.463 0.924 1.560 2.271 3.022 3.882 4.967 6.387 8.206 10.381 12.240 13.530 14.284 14.599 14.616 14.494 14.269 13.965 13.639 13.338 13.096 13.001 13.044 13.148 13.334 13.728 14.439
0.000 0.000 0.000 0.000 0.000 0.000 0.000 0.000 0.000 0.000 0.000 0.000 0.000 0.000 0.000 0.000 0.000 0.000 0.001 0.002 0.003 0.006 0.009 0.011 0.012 0.012 0.012 0.012 0.012 0.012 0.011 0.010 0.009 0.007 0.006 0.006 0.005 0.005 0.005 0.005 0.006 0.006 0.007 0.010 0.016 0.028 0.054 0.111 0.239 0.506 0.964 1.533 2.106 2.671 3.273 4.024 5.081 6.526 8.370 10.514 12.265 13.474 14.164 14.457 14.507 14.444 14.324 14.202 14.145 14.150 14.167 14.198 14.258 14.399 14.735 15.440 16.609
0.000 0.000 0.000 0.000 0.000 0.000 0.000 0.000 0.000 0.000 0.000 0.000 0.000 0.000 0.000 0.000 0.000 0.000 0.001 0.003 0.006 0.009 0.012 0.014 0.015 0.015 0.015 0.015 0.015 0.015 0.014 0.013 0.011 0.009 0.007 0.006 0.006 0.006 0.006 0.007 0.007 0.008 0.011 0.016 0.029 0.059 0.123 0.259 0.523 0.947 1.450 1.937 2.397 2.852 3.360 4.033 5.040 6.465 8.306 10.395 12.035 13.141 13.790 14.132 14.310 14.421 14.517 14.609 14.694 14.756 14.771 14.776 14.823 15.033 15.545 16.469 17.841
0.000 0.000 0.000 0.000 0.000 0.000 0.000 0.000 0.000 0.000 0.000 0.000 0.000 0.000 0.000 0.000 0.000 0.001 0.002 0.005 0.008 0.012 0.015 0.017 0.018 0.018 0.018 0.018 0.018 0.018 0.017 0.016 0.013 0.011 0.008 0.007 0.007 0.007 0.007 0.008 0.009 0.011 0.016 0.028 0.057 0.125 0.265 0.517 0.887 1.309 1.716 2.104 2.491 2.901 3.373 3.977 4.865 6.209 8.037 10.044 11.542 12.542 13.198 13.670 14.056 14.367 14.586 14.733 14.827 14.867 14.860 14.850 14.901 15.169 15.795 16.815 18.187
0.000 0.000 0.000 0.000 0.000 0.000 0.000 0.000 0.000 0.000 0.000 0.000 0.000 0.000 0.000 0.000 0.000 0.001 0.003 0.006 0.010 0.014 0.017 0.019 0.020 0.021 0.021 0.021 0.021 0.021 0.020 0.018 0.015 0.012 0.009 0.008 0.007 0.007 0.008 0.009 0.011 0.015 0.025 0.050 0.113 0.248 0.483 0.800 1.149 1.487 1.811 2.139 2.499 2.900 3.349 3.869 4.581 5.767 7.546 9.489 10.882 11.816 12.517 13.139 13.705 14.142 14.399 14.522 14.561 14.533 14.474 14.429 14.478 14.809 15.529 16.608 17.973
0.000 0.000 0.000 0.000 0.000 0.000 0.000 0.000 0.000 0.000 0.000 0.000 0.000 0.000 0.000 0.000 0.000 0.001 0.003 0.007 0.011 0.016 0.019 0.021 0.023 0.023 0.024 0.024 0.024 0.023 0.022 0.020 0.017 0.013 0.010 0.008 0.007 0.007 0.008 0.009 0.012 0.019 0.038 0.087 0.202 0.411 0.692 0.985 1.267 1.542 1.825 2.135 2.485 2.873 3.294 3.757 4.345 5.343 6.970 8.818 10.141 11.050 11.792 12.480 13.072 13.477 13.668 13.706 13.645 13.508 13.353 13.256 13.287 13.658 14.482 15.686 17.132
0.000 0.000 0.000 0.000 0.000 0.000 0.000 0.000 0.000 0.000 0.000 0.000 0.000 0.000 0.000 0.000 0.000 0.001 0.003 0.007 0.012 0.017 0.021 0.023 0.025 0.026 0.026 0.026 0.026 0.025 0.024 0.021 0.018 0.014 0.011 0.008 0.007 0.007 0.008 0.009 0.012 0.023 0.053 0.133 0.296 0.546 0.816 1.064 1.301 1.546 1.816 2.118 2.452 2.819 3.214 3.641 4.163 5.021 6.438 8.087 9.293 10.158 10.877 11.503 11.976 12.238 12.300 12.234 12.054 11.760 11.494 11.360 11.408 11.863 12.815 14.178 15.775
0.000 0.000 0.000 0.000 0.000 0.000 0.000 0.000 0.000 0.000 0.000 0.000 0.000 0.000 0.000 0.000 0.000 0.001 0.003 0.007 0.012 0.018 0.023 0.025 0.027 0.027 0.027 0.027 0.027 0.026 0.025 0.023 0.020 0.015 0.011 0.009 0.008 0.007 0.008 0.009 0.013 0.025 0.063 0.165 0.364 0.628 0.867 1.083 1.299 1.533 1.794 2.083 2.399 2.743 3.113 3.511 3.986 4.730 5.933 7.288 8.272 9.001 9.602 10.080 10.379 10.468 10.406 10.245 9.956 9.608 9.397 9.351 9.570 10.199 11.234 12.601 14.215
0.000 0.000 0.000 0.000 0.000 0.000 0.000 0.000 0.000 0.000 0.000 0.000 0.000 0.000 0.000 0.000 0.000 0.001 0.003 0.006 0.012 0.018 0.024 0.027 0.028 0.029 0.029 0.029 0.028 0.028 0.026 0.024 0.021 0.016 0.012 0.009 0.008 0.007 0.008 0.009 0.012 0.025 0.066 0.180 0.402 0.663 0.879 1.077 1.282 1.505 1.753 2.026 2.323 2.645 2.990 3.361 3.797 4.436 5.425 6.443 7.126 7.608 7.992 8.274 8.420 8.432 8.366 8.228 8.010 7.806 7.712 7.765 8.111 8.810 9.827 11.110 12.610
0.000 0.000 0.000 0.000 0.000 0.000 0.000 0.000 0.000 0.000 0.000 0.000 0.000 0.000 0.000 0.000 0.000 0.001 0.002 0.005 0.010 0.017 0.024 0.028 0.029 0.029 0.030 0.030 0.029 0.028 0.027 0.025 0.022 0.018 0.013 0.009 0.008 0.007 0.007 0.008 0.012 0.024 0.065 0.181 0.412 0.671 0.871 1.051 1.242 1.452 1.683 1.939 2.218 2.520 2.842 3.186 3.578 4.109 4.887 5.629 6.086 6.357 6.534 6.652 6.709 6.701 6.645 6.553 6.426 6.337 6.318 6.447 6.830 7.494 8.420 9.577 10.907
0.000 0.000 0.000 0.000 0.000 0.000 0.000 0.000 0.000 0.000 0.000 0.000 0.000 0.000 0.000 0.000 0.000 0.000 0.001 0.003 0.006 0.014 0.023 0.028 0.030 0.030 0.030 0.030 0.030 0.029 0.028 0.026 0.023 0.019 0.014 0.010 0.008 0.007 0.007 0.008 0.011 0.022 0.060 0.171 0.400 0.658 0.844 1.003 1.171 1.359 1.572 1.813 2.076 2.358 2.657 2.973 3.316 3.735 4.305 4.838 5.159 5.315 5.380 5.399 5.391 5.355 5.296 5.219 5.136 5.093 5.109 5.262 5.612 6.175 6.951 7.926 9.055
0.000 0.000 0.000 0.000 0.000 0.000 0.000 0.000 0.000 0.000 0.000 0.000 0.000 0.000 0.000 0.000 0.000 0.000 0.000 0.001 0.003 0.009 0.018 0.027 0.030 0.030 0.030 0.030 0.030 0.029 0.028 0.026 0.024 0.020 0.015 0.011 0.008 0.007 0.007 0.007 0.010 0.018 0.049 0.144 0.350 0.602 0.786 0.927 1.065 1.217 1.397 1.612 1.858 2.126 2.410 2.702 3.004 3.333 3.733 4.100 4.331 4.440 4.471 4.455 4.416 4.359 4.286 4.188 4.085 4.032 4.037 4.151 4.415 4.838 5.440 6.236 7.209
0.000 0.000 0.000 0.000 0.000 0.000 0.000 0.000 0.000 0.000 0.000 0.000 0.000 0.000 0.000 0.000 0.000 0.000 0.000 0.001 0.001 0.004 0.012 0.023 0.029 0.031 0.030 0.030 0.030 0.029 0.028 0.027 0.024 0.021 0.017 0.012 0.009 0.007 0.007 0.007 0.008 0.013 0.032 0.096 0.252 0.484 0.675 0.810 0.914 1.016 1.131 1.279 1.480 1.739 2.031 2.331 2.628 2.916 3.204 3.448 3.612 3.702 3.730 3.711 3.664 3.598 3.504 3.375 3.228 3.130 3.089 3.124 3.271 3.561 4.018 4.654 5.458
0.000 0.000 0.000 0.000 0.000 0.000 0.000 0.000 0.000 0.000 0.000 0.000 0.000 0.000 0.000 0.000 0.000 0.000 0.000 0.000 0.001 0.002 0.007 0.017 0.026 0.030 0.030 0.030 0.030 0.029 0.028 0.027 0.025 0.022 0.018 0.014 0.010 0.008 0.007 0.007 0.008 0.010 0.019 0.051 0.140 0.316 0.500 0.627 0.698 0.744 0.782 0.840 0.954 1.157 1.450 1.796 2.153 2.461 2.698 2.873 2.992 3.063 3.087 3.070 3.024 2.956 2.849 2.700 2.528 2.378 2.272 2.228 2.268 2.430 2.742 3.199 3.762
0.000 0.000 0.000 0.000 0.000 0.000 0.000 0.000 0.000 0.000 0.000 0.000 0.000 0.000 0.000 0.000 0.000 0.000 0.000 0.000 0.000 0.001 0.003 0.010 0.020 0.027 0.029 0.029 0.029 0.029 0.028 0.027 0.026 0.023 0.020 0.016 0.012 0.009 0.007 0.007 0.007 0.009 0.013 0.028 0.071 0.170 0.301 0.398 0.444 0.462 0.462 0.463 0.496 0.602 0.834 1.180 1.567 1.922 2.169 2.327 2.427 2.483 2.501 2.483 2.439 2.369 2.257 2.110 1.940 1.764 1.599 1.488 1.455 1.509 1.675 1.939 2.227
0.000 0.000 0.000 0.000 0.000 0.000 0.000 0.000 0.000 0.000 0.000 0.000 0.000 0.000 0.000 0.000 0.000 0.000 0.000 0.000 0.000 0.001 0.001 0.005 0.012 0.022 0.027 0.028 0.029 0.028 0.028 0.027 0.026 0.024 0.021 0.017 0.014 0.011 0.009 0.008 0.008 0.008 0.011 0.018 0.037 0.085 0.162 0.224 0.257 0.266 0.260 0.244 0.242 0.274 0.385 0.627 0.975 1.334 1.603 1.775 1.878 1.932 1.949 1.929 1.883 1.809 1.701 1.571 1.423 1.252 1.062 0.914 0.834 0.818 0.864 0.966 1.049
0.000 0.000 0.000 0.000 0.000 0.000 0.000 0.000 0.000 0.000 0.000 0.000 0.000 0.000 0.000 0.000 0.000 0.000 0.000 0.000 0.000 0.000 0.001 0.002 0.006 0.014 0.022 0.026 0.028 0.028 0.028 0.027 0.026 0.024 0.022 0.019 0.015 0.012 0.010 0.009 0.008 0.008 0.010 0.014 0.023 0.046 0.087 0.125 0.148 0.156 0.152 0.140 0.131 0.135 0.168 0.274 0.484 0.769 1.035 1.213 1.323 1.384 1.407 1.392 1.345 1.272 1.176 1.073 0.956 0.811 0.642 0.506 0.422 0.382 0.370 0.380 0.385
0.000 0.000 0.000 0.000 0.000 0.000 0.000 0.000 0.000 0.000 0.000 0.000 0.000 0.000 0.000 0.000 0.000 0.000 0.000 0.000 0.000 0.000 0.000 0.001 0.002 0.007 0.015 0.022 0.026 0.027 0.027 0.027 0.026 0.025 0.022 0.019 0.016 0.013 0.011 0.009 0.009 0.009 0.009 0.012 0.017 0.030 0.053 0.077 0.094 0.100 0.100 0.093 0.084 0.081 0.087 0.119 0.203 0.354 0.535 0.680 0.778 0.838 0.867 0.866 0.834 0.777 0.703 0.629 0.550 0.453 0.338 0.247 0.192 0.164 0.149 0.142 0.137
0.000 0.000 0.000 0.000 0.000 0.000 0.000 0.000 0.000 0.000 0.000 0.000 0.000 0.000 0.000 0.000 0.000 0.000 0.000 0.000 0.000 0.000 0.000 0.001 0.001 0.003 0.007 0.015 0.021 0.025 0.026 0.026 0.026 0.025 0.023 0.020 0.016 0.013 0.011 0.010 0.009 0.009 0.009 0.010 0.014 0.022 0.037 0.054 0.066 0.071 0.072 0.069 0.062 0.057 0.056 0.063 0.089 0.144 0.228 0.308 0.364 0.399 0.416 0.419 0.408 0.380 0.340 0.302 0.262 0.213 0.155 0.111 0.086 0.073 0.066 0.061 0.058
0.000 0.000 0.000 0.000 0.000 0.000 0.000 0.000 0.000 0.000 0.000 0.000 0.000 0.000 0.000 0.000 0.000 0.000 0.000 0.000 0.000 0.000 0.000 0.000 0.001 0.001 0.003 0.007 0.014 0.021 0.025 0.026 0.025 0.024 0.023 0.020 0.017 0.014 0.011 0.010 0.009 0.008 0.009 0.009 0.012 0.018 0.028 0.040 0.049 0.053 0.054 0.053 0.049 0.043 0.041 0.041 0.048 0.065 0.094 0.127 0.150 0.163 0.169 0.171 0.167 0.157 0.142 0.126 0.110 0.091 0.068 0.052 0.042 0.037 0.034 0.032 0.030
0.000 0.000 0.000 0.000 0.000 0.000 0.000 0.000 0.000 0.000 0.000 0.000 0.000 0.000 0.000 0.000 0.000 0.000 0.000 0.000 0.000 0.000 0.000 0.000 0.000 0.001 0.001 0.003 0.007 0.014 0.021 0.024 0.025 0.024 0.022 0.020 0.017 0.014 0.011 0.010 0.009 0.008 0.008 0.009 0.010 0.014 0.021 0.030 0.037 0.040 0.040 0.040 0.037 0.034 0.031 0.030 0.031 0.036 0.045 0.057 0.065 0.070 0.072 0.072 0.071 0.067 0.061 0.055 0.049 0.042 0.034 0.028 0.024 0.022 0.021 0.020 0.019
0.000 0.000 0.000 0.000 0.000 0.000 0.000 0.000 0.000 0.000 0.000 0.000 0.000 0.000 0.000 0.000 0.000 0.000 0.000 0.000 0.000 0.000 0.000 0.000 0.000 0.001 0.001 0.001 0.003 0.007 0.014 0.020 0.022 0.023 0.021 0.019 0.016 0.014 0.011 0.010 0.008 0.008 0.007 0.008 0.008 0.011 0.015 0.021 0.026 0.029 0.029 0.029 0.028 0.025 0.023 0.021 0.021 0.023 0.026 0.030 0.033 0.035 0.036 0.036 0.035 0.034 0.031 0.028 0.026 0.023 0.020 0.017 0.016 0.015 0.014 0.014 0.013
0.000 0.000 0.000 0.000 0.000 0.000 0.000 0.000 0.000 0.000 0.000 0.000 0.000 0.000 0.000 0.000 0.000 0.000 0.000 0.000 0.000 0.001 0.001 0.000 0.000 0.001 0.001 0.001 0.001 0.003 0.007 0.014 0.018 0.020 0.019 0.018 0.016 0.013 0.011 0.009 0.008 0.007 0.006 0.006 0.007 0.008 0.010 0.014 0.018 0.020 0.020 0.020 0.019 0.018 0.016 0.015 0.014 0.015 0.016 0.018 0.019 0.020 0.020 0.021 0.020 0.019 0.018 0.017 0.016 0.014 0.013 0.012 0.011 0.011 0.010 0.010 0.010
0.000 0.000 0.000 0.000 0.000 0.000 0.000 0.000 0.000 0.000 0.000 0.000 0.000 0.000 0.000 0.000 0.000 0.000 0.000 0.000 0.001 0.001 0.001 0.001 0.001 0.001 0.001 0.001 0.001 0.001 0.003 0.008 0.013 0.015 0.016 0.016 0.015 0.013 0.011 0.009 0.007 0.006 0.005 0.005 0.005 0.005 0.006 0.009 0.011 0.012 0.013 0.013 0.013 0.012 0.010 0.010 0.009 0.010 0.010 0.011 0.012 0.012 0.013 0.013 0.013 0.012 0.011 0.011 0.010 0.010 0.009 0.008 0.008 0.008 0.008 0.007 0.007
0.000 0.000 0.000 0.000 0.000 0.000 0.000 0.000 0.000 0.000 0.000 0.000 0.000 0.000 0.000 0.000 0.000 0.000 0.000 0.000 0.001 0.001 0.001 0.001 0.001 0.001 0.001 0.000 0.001 0.001 0.001 0.004 0.007 0.010 0.012 0.012 0.012 0.011 0.010 0.008 0.007 0.005 0.004 0.003 0.003 0.003 0.004 0.005 0.006 0.007 0.007 0.007 0.007 0.007 0.006 0.006 0.006 0.006 0.007 0.007 0.008 0.008 0.008 0.008 0.008 0.008 0.007 0.007 0.007 0.007 0.006 0.006 0.006 0.006 0.005 0.005 0.005
0.000 0.000 0.000 0.000 0.000 0.000 0.000 0.000 0.000 0.000 0.000 0.000 0.000 0.000 0.000 0.000 0.000 0.000 0.000 0.001 0.001 0.001 0.001 0.001 0.001 0.001 0.000 0.000 0.000 0.001 0.001 0.002 0.004 0.006 0.008 0.009 0.009 0.009 0.008 0.007 0.006 0.004 0.003 0.002 0.002 0.002 0.002 0.002 0.003 0.003 0.004 0.004 0.004 0.004 0.003 0.003 0.004 0.004 0.004 0.005 0.005 0.005 0.005 0.005 0.005 0.005 0.005 0.005 0.005 0.005 0.004 0.004 0.004 0.004 0.004 0.004 0.004
0.000 0.000 0.000 0.000 0.000 0.000 0.000 0.000 0.000 0.000 0.000 0.000 0.000 0.000 0.000 0.000 0.000 0.001 0.001 0.001 0.001 0.001 0.001 0.001 0.001 0.001 0.001 0.000 0.000 0.000 0.001 0.001 0.002 0.003 0.004 0.005 0.005 0.006 0.006 0.005 0.004 0.003 0.002 0.001 0.001 0.001 0.001 0.001 0.001 0.001 0.002 0.002 0.002 0.002 0.002 0.002 0.002 0.002 0.002 0.003 0.003 0.003 0.003 0.003 0.003 0.003 0.003 0.003 0.003 0.003 0.003 0.003 0.003 0.003 0.002 0.002 0.003
0.000 0.000 0.000 0.000 0.000 0.000 0.000 0.000 0.000 0.000 0.000 0.000 0.000 0.000 0.000 0.000 0.000 0.001 0.001 0.001 0.001 0.001 0.001 0.001 0.001 0.001 0.001 0.001 0.000 0.000 0.001 0.001 0.001 0.001 0.002 0.002 0.003 0.003 0.003 0.003 0.002 0.002 0.001 0.001 0.001 0.001 0.001 0.001 0.001 0.001 0.001 0.001 0.001 0.001 0.001 0.001 0.001 0.001 0.002 0.002 0.002 0.002 0.002 0.002 0.002 0.002 0.002 0.002 0.002 0.002 0.002 0.002 0.002 0.001 0.001 0.001 0.002
0.000 0.000 0.000 0.000 0.001 0.000 0.000 0.000 0.000 0.000 0.000 0.000 0.000 0.000 0.000 0.000 0.000 0.001 0.001 0.001 0.001 0.001 0.001 0.001 0.001 0.001 0.001 0.001 0.001 0.001 0.001 0.001 0.001 0.001 0.001 0.001 0.001 0.001 0.001 0.001 0.001 0.001 0.001 0.001 0.001 0.000 0.000 0.000 0.000 0.000 0.000 0.000 0.000 0.000 0.000 0.000 0.000 0.001 0.001 0.001 0.001 0.001 0.001 0.001 0.001 0.001 0.001 0.001 0.001 0.001 0.001 0.001 0.001 0.001 0.001 0.001 0.001
0.000 0.000 0.000 0.000 0.000 0.000 0.000 0.000 0.000 0.000 0.000 0.000 0.000 0.000 0.000 0.000 0.001 0.001 0.001 0.001 0.001 0.001 0.001 0.001 0.001 0.001 0.001 0.001 0.001 0.001 0.001 0.001 0.001 0.001 0.001 0.001 0.001 0.001 0.001 0.001 0.001 0.001 0.001 0.001 0.001 0.001 0.000 0.000 0.000 0.000 0.000 0.000 0.000 0.000 0.000 0.000 0.000 0.000 0.001 0.001 0.001 0.001 0.001 0.001 0.001 0.001 0.001 0.001 0.001 0.001 0.001 0.001 0.001 0.000 0.000 0.000 0.001
0.000 0.000 0.000 0.000 0.000 0.000 0.000 0.000 0.000 0.000 0.000 0.000 0.000 0.000 0.000 0.000 0.001 0.001 0.001 0.001 0.001 0.001 0.001 0.001 0.001 0.001 0.001 0.001 0.001 0.001 0.001 0.001 0.001 0.001 0.000 0.000 0.000 0.000 0.001 0.001 0.001 0.001 0.001 0.001 0.001 0.001 0.001 0.000 0.000 0.000 0.000 0.000 0.000 0.000 0.000 0.000 0.000 0.000 0.000 0.001 0.001 0.001 0.001 0.001 0.001 0.001 0.001 0.001 0.001 0.001 0.001 0.001 0.001 0.000 0.000 0.000 0.000
0.000 0.000 0.000 0.000 0.000 0.000 0.000 0.000 0.000 0.000 0.000 0.000 0.000 0.000 0.000 0.001 0.001 0.001 0.001 0.001 0.001 0.001 0.001 0.001 0.001 0.001 0.001 0.001 0.001 0.001 0.001 0.001 0.001 0.001 0.001 0.000 0.000 0.000 0.000 0.001 0.001 0.001 0.001 0.001 0.001 0.001 0.001 0.001 0.000 0.000 0.000 0.000 0.000 0.000 0.000 0.000 0.000 0.000 0.000 0.000 0.001 0.001 0.001 0.001 0.001 0.001 0.001 0.001 0.001 0.001 0.001 0.000 0.000 0.000 0.000 0.000 0.000
