RESULTS/r.avaflow_results/21_results/21_ascii/21_hflow0027.asc
ncols 506
nrows 317
xllcenter 498237.50
yllcenter 5580050.00
cellsize 12.50
NODATA_value -9999.000
[rows 170 to 203 of 317, columns 154 to 230 of 506]
8.810 8.591 8.370 8.144 7.895 7.628 7.366 7.131 6.921 6.725 6.539 6.355 6.156 5.892 5.497 4.944 4.254 3.479 2.720 2.036 1.444 0.968 0.626 0.409 0.284 0.217 0.186 0.177 0.177 0.188 0.213 0.247 0.283 0.318 0.354 0.395 0.451 0.515 0.560 0.587 0.606 0.625 0.643 0.650 0.647 0.631 0.592 0.532 0.456 0.378 0.304 0.240 0.193 0.161 0.141 0.128 0.118 0.109 0.099 0.086 0.068 0.045 0.027 0.015 0.008 0.004 0.002 0.001 0.000 0.000 0.000 0.000 0.000 0.000 0.000 0.000 0.000
12.272 12.389 12.384 12.314 12.159 11.905 11.578 11.232 10.900 10.582 10.281 9.988 9.688 9.331 8.830 8.124 7.215 6.143 4.999 3.902 2.897 2.025 1.332 0.849 0.552 0.385 0.297 0.259 0.251 0.259 0.279 0.304 0.331 0.359 0.388 0.423 0.471 0.527 0.563 0.582 0.592 0.599 0.601 0.596 0.579 0.539 0.468 0.366 0.268 0.198 0.153 0.123 0.103 0.091 0.084 0.080 0.076 0.071 0.065 0.055 0.041 0.026 0.015 0.009 0.004 0.002 0.001 0.000 0.000 0.000 0.000 0.000 0.000 0.000 0.000 0.000 0.000
15.778 16.244 16.387 16.355 16.194 15.892 15.498 15.089 14.700 14.324 13.965 13.626 13.289 12.917 12.424 11.700 10.694 9.439 8.023 6.570 5.159 3.833 2.670 1.756 1.123 0.727 0.499 0.381 0.330 0.313 0.314 0.324 0.341 0.363 0.388 0.418 0.461 0.503 0.525 0.530 0.519 0.497 0.472 0.441 0.399 0.338 0.256 0.178 0.128 0.097 0.078 0.066 0.059 0.054 0.052 0.051 0.049 0.046 0.042 0.034 0.024 0.015 0.009 0.005 0.002 0.001 0.000 0.000 0.000 0.000 0.000 0.000 0.000 0.000 0.000 0.000 0.000
18.336 19.124 19.453 19.480 19.356 19.090 18.744 18.386 18.026 17.652 17.263 16.890 16.530 16.151 15.679 14.996 14.035 12.810 11.389 9.830 8.185 6.491 4.804 3.324 2.180 1.379 0.869 0.578 0.426 0.353 0.324 0.320 0.328 0.343 0.360 0.380 0.407 0.425 0.427 0.409 0.365 0.311 0.265 0.229 0.195 0.157 0.115 0.084 0.064 0.052 0.044 0.039 0.036 0.034 0.033 0.033 0.031 0.029 0.026 0.020 0.013 0.008 0.005 0.002 0.001 0.000 0.000 0.000 0.000 0.000 0.000 0.000 0.000 0.000 0.000 0.000 0.000
19.735 20.760 21.341 21.570 21.606 21.504 21.341 21.138 20.891 20.575 20.182 19.757 19.358 18.951 18.479 17.827 16.912 15.738 14.357 12.831 11.183 9.400 7.445 5.421 3.666 2.317 1.386 0.823 0.522 0.376 0.315 0.294 0.288 0.288 0.290 0.292 0.294 0.288 0.273 0.242 0.197 0.157 0.129 0.109 0.092 0.074 0.057 0.044 0.036 0.031 0.028 0.025 0.024 0.023 0.022 0.021 0.020 0.018 0.015 0.011 0.007 0.004 0.002 0.001 0.000 0.000 0.000 0.000 0.000 0.000 0.000 0.000 0.000 0.000 0.000 0.000 0.000
20.087 21.229 22.036 22.561 22.881 23.052 23.125 23.095 22.989 22.761 22.381 21.885 21.431 21.001 20.533 19.927 19.099 18.021 16.696 15.153 13.421 11.508 9.373 6.958 4.718 2.958 1.721 0.969 0.573 0.380 0.290 0.245 0.218 0.198 0.183 0.173 0.167 0.160 0.149 0.130 0.103 0.082 0.067 0.056 0.048 0.039 0.032 0.027 0.023 0.021 0.019 0.017 0.016 0.015 0.014 0.013 0.012 0.011 0.009 0.006 0.004 0.002 0.001 0.000 0.000 0.000 0.000 0.000 0.000 0.000 0.000 0.000 0.000 0.000 0.000 0.000 0.000
19.884 21.091 22.029 22.737 23.295 23.722 23.974 24.056 24.038 23.892 23.534 22.974 22.477 22.058 21.615 21.057 20.317 19.353 18.116 16.578 14.761 12.699 10.377 7.716 5.190 3.217 1.840 1.012 0.581 0.365 0.252 0.186 0.146 0.120 0.104 0.096 0.091 0.087 0.082 0.072 0.058 0.047 0.039 0.033 0.028 0.024 0.021 0.018 0.016 0.014 0.013 0.012 0.011 0.010 0.009 0.008 0.007 0.006 0.005 0.003 0.002 0.001 0.000 0.000 0.000 0.000 0.000 0.000 0.000 0.000 0.000 0.000 0.000 0.000 0.000 0.000 0.000
19.141 20.476 21.611 22.532 23.259 23.788 24.092 24.202 24.203 24.094 23.753 23.167 22.650 22.253 21.834 21.299 20.600 19.703 18.544 17.043 15.191 13.036 10.604 7.835 5.233 3.212 1.815 0.986 0.551 0.325 0.202 0.133 0.094 0.073 0.061 0.055 0.052 0.050 0.047 0.041 0.035 0.029 0.025 0.021 0.019 0.016 0.014 0.013 0.011 0.010 0.009 0.008 0.007 0.006 0.006 0.005 0.004 0.003 0.002 0.001 0.001 0.000 0.000 0.000 0.000 0.000 0.000 0.000 0.000 0.000 0.000 0.000 0.000 0.000 0.000 0.000 0.000
17.963 19.441 20.766 21.902 22.802 23.413 23.731 23.829 23.819 23.701 23.370 22.811 22.281 21.859 21.418 20.871 20.191 19.346 18.252 16.797 14.954 12.762 10.245 7.421 4.878 2.931 1.614 0.851 0.455 0.249 0.141 0.086 0.060 0.045 0.038 0.034 0.032 0.030 0.028 0.026 0.022 0.020 0.017 0.015 0.013 0.011 0.010 0.009 0.008 0.007 0.006 0.005 0.004 0.004 0.003 0.002 0.002 0.001 0.001 0.000 0.000 0.000 0.000 0.000 0.000 0.000 0.000 0.000 0.000 0.000 0.000 0.000 0.000 0.000 0.000 0.000 0.000
16.523 18.096 19.523 20.769 21.762 22.434 22.778 22.864 22.811 22.619 22.281 21.831 21.325 20.791 20.213 19.587 18.892 18.081 17.046 15.639 13.789 11.528 8.912 6.200 3.919 2.242 1.163 0.571 0.283 0.146 0.083 0.053 0.038 0.030 0.026 0.023 0.021 0.020 0.019 0.017 0.015 0.014 0.012 0.011 0.009 0.008 0.007 0.006 0.005 0.004 0.004 0.003 0.002 0.002 0.001 0.001 0.001 0.000 0.000 0.000 0.000 0.000 0.000 0.000 0.000 0.000 0.000 0.000 0.000 0.000 0.000 0.000 0.000 0.000 0.000 0.000 0.000
14.860 16.427 17.856 19.130 20.187 20.946 21.361 21.459 21.353 21.068 20.744 20.443 20.000 19.314 18.505 17.743 16.977 16.122 15.025 13.521 11.533 9.094 6.469 4.126 2.379 1.233 0.584 0.271 0.134 0.074 0.047 0.033 0.025 0.021 0.018 0.017 0.015 0.014 0.013 0.012 0.011 0.010 0.008 0.007 0.006 0.005 0.004 0.004 0.003 0.002 0.002 0.001 0.001 0.001 0.000 0.000 0.000 0.000 0.000 0.000 0.000 0.000 0.000 0.000 0.000 0.000 0.000 0.000 0.000 0.000 0.000 0.000 0.000 0.000 0.000 0.000 0.000
12.954 14.415 15.804 17.131 18.323 19.253 19.818 19.996 19.916 19.654 19.340 19.030 18.544 17.734 16.750 15.837 14.926 13.867 12.461 10.583 8.176 5.630 3.502 2.009 1.063 0.520 0.241 0.116 0.063 0.040 0.028 0.022 0.018 0.016 0.014 0.012 0.011 0.010 0.010 0.009 0.008 0.007 0.006 0.005 0.004 0.003 0.003 0.002 0.001 0.001 0.001 0.000 0.000 0.000 0.000 0.000 0.000 0.000 0.000 0.000 0.000 0.000 0.000 0.000 0.000 0.000 0.000 0.000 0.000 0.000 0.000 0.000 0.000 0.000 0.000 0.000 0.000
10.862 12.187 13.536 14.934 16.309 17.451 18.204 18.505 18.478 18.256 17.901 17.447 16.789 15.876 14.825 13.774 12.644 11.206 9.243 6.828 4.485 2.686 1.471 0.760 0.383 0.191 0.096 0.052 0.033 0.024 0.019 0.016 0.014 0.012 0.011 0.009 0.008 0.008 0.007 0.006 0.005 0.004 0.003 0.003 0.002 0.002 0.001 0.001 0.001 0.000 0.000 0.000 0.000 0.000 0.000 0.000 0.000 0.000 0.000 0.000 0.000 0.000 0.000 0.000 0.000 0.000 0.000 0.000 0.000 0.000 0.000 0.000 0.000 0.000 0.000 0.000 0.000
8.782 9.952 11.187 12.544 13.981 15.223 16.092 16.501 16.536 16.319 15.815 15.064 14.131 13.101 12.013 10.824 9.394 7.505 5.302 3.311 1.881 0.965 0.470 0.238 0.128 0.072 0.042 0.028 0.021 0.017 0.014 0.012 0.010 0.009 0.008 0.007 0.006 0.005 0.004 0.004 0.003 0.002 0.002 0.001 0.001 0.001 0.000 0.000 0.000 0.000 0.000 0.000 0.000 0.000 0.000 0.000 0.000 0.000 0.000 0.000 0.000 0.000 0.000 0.000 0.000 0.000 0.000 0.000 0.000 0.000 0.000 0.000 0.000 0.000 0.000 0.000 0.000
6.750 7.697 8.677 9.729 10.856 11.890 12.669 13.082 13.146 12.930 12.306 11.281 10.012 8.800 7.652 6.431 5.043 3.516 2.140 1.148 0.557 0.264 0.136 0.079 0.050 0.033 0.024 0.018 0.015 0.013 0.011 0.009 0.008 0.007 0.006 0.005 0.004 0.003 0.003 0.002 0.002 0.001 0.001 0.000 0.000 0.000 0.000 0.000 0.000 0.000 0.000 0.000 0.000 0.000 0.000 0.000 0.000 0.000 0.000 0.000 0.000 0.000 0.000 0.000 0.000 0.000 0.000 0.000 0.000 0.000 0.000 0.000 0.000 0.000 0.000 0.000 0.000
4.648 5.194 5.689 6.155 6.640 7.163 7.628 7.901 7.954 7.791 7.245 6.313 5.180 4.217 3.408 2.653 1.877 1.132 0.592 0.284 0.140 0.078 0.050 0.035 0.026 0.020 0.016 0.014 0.012 0.010 0.008 0.007 0.006 0.005 0.004 0.003 0.003 0.002 0.001 0.001 0.001 0.000 0.000 0.000 0.000 0.000 0.000 0.000 0.000 0.000 0.000 0.000 0.000 0.000 0.000 0.000 0.000 0.000 0.000 0.000 0.000 0.000 0.000 0.000 0.000 0.000 0.000 0.000 0.000 0.000 0.000 0.000 0.000 0.000 0.000 0.000 0.000
2.686 2.852 2.962 3.036 3.108 3.217 3.355 3.438 3.450 3.373 3.105 2.612 1.969 1.450 1.071 0.766 0.489 0.273 0.141 0.077 0.048 0.034 0.026 0.021 0.018 0.015 0.013 0.011 0.009 0.008 0.006 0.005 0.004 0.003 0.003 0.002 0.001 0.001 0.001 0.000 0.000 0.000 0.000 0.000 0.000 0.000 0.000 0.000 0.000 0.000 0.000 0.000 0.000 0.000 0.000 0.000 0.000 0.000 0.000 0.000 0.000 0.000 0.000 0.000 0.000 0.000 0.000 0.000 0.000 0.000 0.000 0.000 0.000 0.000 0.000 0.000 0.000
1.235 1.230 1.202 1.164 1.126 1.105 1.112 1.113 1.103 1.067 0.968 0.789 0.554 0.384 0.274 0.192 0.124 0.076 0.047 0.033 0.025 0.021 0.018 0.016 0.014 0.012 0.010 0.009 0.007 0.006 0.005 0.004 0.003 0.002 0.001 0.001 0.000 0.000 0.000 0.000 0.000 0.000 0.000 0.000 0.000 0.000 0.000 0.000 0.000 0.000 0.000 0.000 0.000 0.000 0.000 0.000 0.000 0.000 0.000 0.000 0.000 0.000 0.000 0.000 0.000 0.000 0.000 0.000 0.000 0.000 0.000 0.000 0.000 0.000 0.000 0.000 0.000
0.452 0.432 0.410 0.391 0.370 0.350 0.337 0.325 0.314 0.298 0.268 0.217 0.153 0.109 0.081 0.060 0.044 0.033 0.025 0.021 0.018 0.016 0.014 0.013 0.011 0.010 0.008 0.007 0.006 0.005 0.003 0.002 0.002 0.001 0.001 0.000 0.000 0.000 0.000 0.000 0.000 0.000 0.000 0.000 0.000 0.000 0.000 0.000 0.000 0.000 0.000 0.000 0.000 0.000 0.000 0.000 0.000 0.000 0.000 0.000 0.000 0.000 0.000 0.000 0.000 0.000 0.000 0.000 0.000 0.000 0.000 0.000 0.000 0.000 0.000 0.000 0.000
0.163 0.155 0.147 0.140 0.133 0.123 0.114 0.107 0.100 0.094 0.085 0.071 0.055 0.043 0.035 0.029 0.024 0.020 0.018 0.016 0.014 0.013 0.012 0.011 0.009 0.008 0.007 0.006 0.004 0.003 0.002 0.001 0.001 0.000 0.000 0.000 0.000 0.000 0.000 0.000 0.000 0.000 0.000 0.000 0.000 0.000 0.000 0.000 0.000 0.000 0.000 0.000 0.000 0.000 0.000 0.000 0.000 0.000 0.000 0.000 0.000 0.000 0.000 0.000 0.000 0.000 0.000 0.000 0.000 0.000 0.000 0.000 0.000 0.000 0.000 0.000 0.000
0.067 0.064 0.062 0.059 0.057 0.053 0.048 0.045 0.042 0.040 0.037 0.033 0.029 0.025 0.021 0.019 0.017 0.015 0.014 0.013 0.012 0.011 0.010 0.009 0.008 0.007 0.006 0.005 0.003 0.002 0.001 0.001 0.000 0.000 0.000 0.000 0.000 0.000 0.000 0.000 0.000 0.000 0.000 0.000 0.000 0.000 0.000 0.000 0.000 0.000 0.000 0.000 0.000 0.000 0.000 0.000 0.000 0.000 0.000 0.000 0.000 0.000 0.000 0.000 0.000 0.000 0.000 0.000 0.000 0.000 0.000 0.000 0.000 0.000 0.000 0.000 0.000
0.034 0.033 0.032 0.031 0.030 0.028 0.027 0.025 0.024 0.023 0.022 0.021 0.019 0.018 0.016 0.014 0.013 0.012 0.012 0.011 0.010 0.009 0.008 0.008 0.007 0.006 0.005 0.004 0.003 0.002 0.001 0.000 0.000 0.000 0.000 0.000 0.000 0.000 0.000 0.000 0.000 0.000 0.000 0.000 0.000 0.000 0.000 0.000 0.000 0.000 0.000 0.000 0.000 0.000 0.000 0.000 0.000 0.000 0.000 0.000 0.000 0.000 0.000 0.000 0.000 0.000 0.000 0.000 0.000 0.000 0.000 0.000 0.000 0.000 0.000 0.000 0.000
0.021 0.020 0.020 0.020 0.019 0.019 0.018 0.017 0.016 0.016 0.016 0.015 0.014 0.014 0.013 0.012 0.011 0.010 0.010 0.009 0.008 0.008 0.007 0.006 0.006 0.005 0.004 0.003 0.002 0.002 0.001 0.000 0.000 0.000 0.000 0.000 0.000 0.000 0.000 0.000 0.000 0.000 0.000 0.000 0.000 0.000 0.000 0.000 0.000 0.000 0.000 0.000 0.000 0.000 0.000 0.000 0.000 0.000 0.000 0.000 0.000 0.000 0.000 0.000 0.000 0.000 0.000 0.000 0.000 0.000 0.000 0.000 0.000 0.000 0.000 0.000 0.000
0.014 0.014 0.014 0.014 0.014 0.013 0.013 0.013 0.012 0.012 0.012 0.012 0.011 0.011 0.010 0.010 0.009 0.009 0.008 0.008 0.007 0.007 0.006 0.006 0.005 0.005 0.004 0.003 0.003 0.002 0.001 0.000 0.000 0.000 0.000 0.000 0.000 0.000 0.000 0.000 0.000 0.000 0.000 0.000 0.000 0.000 0.000 0.000 0.000 0.000 0.000 0.000 0.000 0.000 0.000 0.000 0.000 0.000 0.000 0.000 0.000 0.000 0.000 0.000 0.000 0.000 0.000 0.000 0.000 0.000 0.000 0.000 0.000 0.000 0.000 0.000 0.000
0.011 0.010 0.010 0.010 0.010 0.010 0.010 0.010 0.010 0.010 0.010 0.009 0.009 0.009 0.009 0.008 0.008 0.007 0.007 0.007 0.006 0.006 0.006 0.006 0.005 0.005 0.005 0.004 0.003 0.002 0.001 0.000 0.000 0.000 0.000 0.000 0.000 0.000 0.000 0.000 0.000 0.000 0.000 0.000 0.000 0.000 0.000 0.000 0.000 0.000 0.000 0.000 0.000 0.000 0.000 0.000 0.000 0.000 0.000 0.000 0.000 0.000 0.000 0.000 0.000 0.000 0.000 0.000 0.000 0.000 0.000 0.000 0.000 0.000 0.000 0.000 0.000
0.008 0.008 0.008 0.008 0.008 0.008 0.008 0.008 0.008 0.008 0.008 0.008 0.008 0.007 0.007 0.007 0.007 0.006 0.006 0.006 0.006 0.006 0.006 0.007 0.007 0.006 0.006 0.005 0.004 0.002 0.001 0.000 0.000 0.000 0.000 0.000 0.000 0.000 0.000 0.000 0.000 0.000 0.000 0.000 0.000 0.000 0.000 0.000 0.000 0.000 0.000 0.000 0.000 0.000 0.000 0.000 0.000 0.000 0.000 0.000 0.000 0.000 0.000 0.000 0.000 0.000 0.000 0.000 0.000 0.000 0.000 0.000 0.000 0.000 0.000 0.000 0.000
0.006 0.006 0.006 0.006 0.006 0.006 0.006 0.006 0.006 0.006 0.006 0.006 0.006 0.006 0.006 0.006 0.006 0.006 0.006 0.006 0.007 0.007 0.008 0.009 0.009 0.009 0.008 0.007 0.005 0.002 0.001 0.000 0.000 0.000 0.000 0.000 0.000 0.000 0.000 0.000 0.000 0.000 0.000 0.000 0.000 0.000 0.000 0.000 0.000 0.000 0.000 0.000 0.000 0.000 0.000 0.000 0.000 0.000 0.000 0.000 0.000 0.000 0.000 0.000 0.000 0.000 0.000 0.000 0.000 0.000 0.000 0.000 0.000 0.000 0.000 0.000 0.000
0.004 0.004 0.004 0.005 0.005 0.005 0.005 0.005 0.005 0.005 0.005 0.005 0.005 0.005 0.005 0.005 0.005 0.006 0.007 0.008 0.009 0.010 0.012 0.012 0.012 0.012 0.011 0.008 0.005 0.002 0.001 0.000 0.000 0.000 0.000 0.000 0.000 0.000 0.000 0.000 0.000 0.000 0.000 0.000 0.000 0.000 0.000 0.000 0.000 0.000 0.000 0.000 0.000 0.000 0.000 0.000 0.000 0.000 0.000 0.000 0.000 0.000 0.000 0.000 0.000 0.000 0.000 0.000 0.000 0.000 0.000 0.000 0.000 0.000 0.000 0.000 0.000
0.003 0.003 0.003 0.003 0.003 0.004 0.004 0.004 0.004 0.004 0.004 0.004 0.004 0.005 0.005 0.005 0.006 0.007 0.009 0.011 0.013 0.015 0.015 0.016 0.015 0.014 0.011 0.008 0.005 0.002 0.001 0.000 0.000 0.000 0.000 0.000 0.000 0.000 0.000 0.000 0.000 0.000 0.000 0.000 0.000 0.000 0.000 0.000 0.000 0.000 0.000 0.000 0.000 0.000 0.000 0.000 0.000 0.000 0.000 0.000 0.000 0.000 0.000 0.000 0.000 0.000 0.000 0.000 0.000 0.000 0.000 0.000 0.000 0.000 0.000 0.000 0.000
0.002 0.002 0.002 0.002 0.002 0.003 0.003 0.003 0.003 0.003 0.004 0.004 0.004 0.005 0.005 0.007 0.008 0.011 0.013 0.015 0.017 0.017 0.017 0.017 0.016 0.014 0.011 0.008 0.005 0.002 0.001 0.000 0.000 0.000 0.000 0.000 0.000 0.000 0.000 0.000 0.000 0.000 0.000 0.000 0.000 0.000 0.000 0.000 0.000 0.000 0.000 0.000 0.000 0.000 0.000 0.000 0.000 0.000 0.000 0.000 0.000 0.000 0.000 0.000 0.000 0.000 0.000 0.000 0.000 0.000 0.000 0.000 0.000 0.000 0.000 0.000 0.000
0.001 0.001 0.001 0.001 0.002 0.002 0.002 0.002 0.003 0.003 0.003 0.004 0.004 0.005 0.007 0.008 0.011 0.014 0.016 0.017 0.018 0.018 0.018 0.017 0.016 0.014 0.011 0.008 0.004 0.002 0.001 0.000 0.000 0.000 0.000 0.000 0.000 0.000 0.000 0.000 0.000 0.000 0.000 0.000 0.000 0.000 0.000 0.000 0.000 0.000 0.000 0.000 0.000 0.000 0.000 0.000 0.000 0.000 0.000 0.000 0.000 0.000 0.000 0.000 0.000 0.000 0.000 0.000 0.000 0.000 0.000 0.000 0.000 0.000 0.000 0.000 0.000
0.001 0.001 0.001 0.001 0.001 0.001 0.001 0.002 0.002 0.003 0.003 0.004 0.005 0.006 0.008 0.010 0.013 0.015 0.017 0.018 0.018 0.018 0.018 0.017 0.015 0.013 0.010 0.007 0.004 0.002 0.001 0.000 0.000 0.000 0.000 0.000 0.000 0.000 0.000 0.000 0.000 0.000 0.000 0.000 0.000 0.000 0.000 0.000 0.000 0.000 0.000 0.000 0.000 0.000 0.000 0.000 0.000 0.000 0.000 0.000 0.000 0.000 0.000 0.000 0.000 0.000 0.000 0.000 0.000 0.000 0.000 0.000 0.000 0.000 0.000 0.000 0.000
0.000 0.000 0.000 0.000 0.000 0.000 0.001 0.001 0.002 0.002 0.003 0.004 0.005 0.006 0.008 0.011 0.014 0.016 0.017 0.018 0.018 0.018 0.017 0.016 0.015 0.012 0.010 0.006 0.004 0.002 0.001 0.000 0.000 0.000 0.000 0.000 0.000 0.000 0.000 0.000 0.000 0.000 0.000 0.000 0.000 0.000 0.000 0.000 0.000 0.000 0.000 0.000 0.000 0.000 0.000 0.000 0.000 0.000 0.000 0.000 0.000 0.000 0.000 0.000 0.000 0.000 0.000 0.000 0.000 0.000 0.000 0.000 0.000 0.000 0.000 0.000 0.000
0.000 0.000 0.000 0.000 0.000 0.000 0.000 0.001 0.001 0.002 0.003 0.004 0.005 0.006 0.008 0.011 0.014 0.015 0.016 0.017 0.017 0.017 0.016 0.015 0.014 0.011 0.009 0.006 0.003 0.002 0.001 0.000 0.000 0.000 0.000 0.000 0.000 0.000 0.000 0.000 0.000 0.000 0.000 0.000 0.000 0.000 0.000 0.000 0.000 0.000 0.000 0.000 0.000 0.000 0.000 0.000 0.000 0.000 0.000 0.000 0.000 0.000 0.000 0.000 0.000 0.000 0.000 0.000 0.000 0.000 0.000 0.000 0.000 0.000 0.000 0.000 0.000
