RESULTS/r.avaflow_results/21_results/21_ascii/21_hflow10030.asc
ncols 506
nrows 317
xllcenter 498237.50
yllcenter 5580050.00
cellsize 12.50
NODATA_value -9999.000
[rows 170 to 203 of 317, columns 77 to 153 of 506]
0.000 0.000 0.000 0.000 0.000 0.000 0.000 0.000 0.000 0.000 0.000 0.000 0.000 0.000 0.000 0.000 0.000 0.000 0.000 0.000 0.000 0.001 0.002 0.006 0.010 0.013 0.015 0.015 0.016 0.016 0.015 0.015 0.014 0.012 0.011 0.009 0.008 0.006 0.005 0.004 0.003 0.003 0.002 0.003 0.003 0.004 0.007 0.012 0.022 0.042 0.084 0.175 0.348 0.622 0.896 1.099 1.275 1.463 1.631 1.735 1.772 1.767 1.723 1.632 1.495 1.321 1.122 0.945 0.793 0.662 0.551 0.459 0.383 0.320 0.268 0.224 0.187
0.000 0.000 0.000 0.000 0.000 0.000 0.000 0.000 0.000 0.000 0.000 0.000 0.000 0.000 0.000 0.000 0.000 0.000 0.000 0.000 0.001 0.003 0.006 0.011 0.017 0.020 0.022 0.022 0.022 0.022 0.022 0.021 0.020 0.017 0.015 0.013 0.011 0.009 0.007 0.006 0.005 0.004 0.004 0.004 0.006 0.009 0.015 0.028 0.055 0.113 0.232 0.442 0.749 1.047 1.240 1.377 1.510 1.651 1.756 1.804 1.809 1.788 1.731 1.634 1.496 1.320 1.120 0.941 0.790 0.663 0.557 0.471 0.400 0.340 0.290 0.246 0.209
0.000 0.000 0.000 0.000 0.000 0.000 0.000 0.000 0.000 0.000 0.000 0.000 0.000 0.000 0.000 0.000 0.000 0.000 0.000 0.001 0.003 0.006 0.012 0.020 0.025 0.028 0.029 0.030 0.030 0.030 0.029 0.028 0.026 0.023 0.019 0.017 0.014 0.012 0.010 0.008 0.007 0.006 0.006 0.007 0.011 0.019 0.036 0.072 0.148 0.297 0.555 0.876 1.153 1.312 1.405 1.490 1.597 1.711 1.782 1.807 1.805 1.780 1.721 1.623 1.487 1.313 1.114 0.935 0.787 0.665 0.566 0.484 0.416 0.358 0.309 0.265 0.228
0.000 0.000 0.000 0.000 0.000 0.000 0.000 0.000 0.000 0.000 0.000 0.000 0.000 0.000 0.000 0.000 0.000 0.000 0.001 0.003 0.006 0.012 0.020 0.028 0.032 0.035 0.036 0.037 0.037 0.037 0.036 0.035 0.032 0.027 0.023 0.019 0.016 0.014 0.012 0.010 0.009 0.009 0.009 0.012 0.021 0.043 0.089 0.183 0.360 0.654 0.991 1.247 1.380 1.434 1.469 1.520 1.611 1.713 1.767 1.781 1.777 1.752 1.694 1.599 1.467 1.297 1.102 0.927 0.784 0.666 0.570 0.492 0.427 0.371 0.323 0.282 0.245
0.000 0.000 0.000 0.000 0.000 0.000 0.000 0.000 0.000 0.000 0.000 0.000 0.000 0.000 0.000 0.000 0.000 0.001 0.002 0.006 0.011 0.018 0.026 0.033 0.038 0.041 0.043 0.043 0.043 0.043 0.042 0.040 0.037 0.032 0.025 0.021 0.017 0.015 0.014 0.013 0.012 0.012 0.015 0.023 0.046 0.100 0.211 0.411 0.722 1.053 1.296 1.425 1.464 1.472 1.486 1.522 1.601 1.690 1.729 1.735 1.729 1.704 1.649 1.559 1.434 1.272 1.084 0.918 0.779 0.665 0.571 0.495 0.432 0.380 0.334 0.295 0.260
0.000 0.000 0.000 0.000 0.000 0.000 0.000 0.000 0.000 0.000 0.000 0.000 0.000 0.000 0.000 0.000 0.000 0.001 0.004 0.008 0.014 0.022 0.031 0.038 0.043 0.046 0.048 0.048 0.049 0.048 0.047 0.045 0.041 0.035 0.027 0.021 0.018 0.016 0.015 0.014 0.015 0.017 0.023 0.044 0.099 0.218 0.432 0.739 1.054 1.285 1.418 1.466 1.474 1.477 1.487 1.509 1.563 1.637 1.672 1.676 1.668 1.641 1.588 1.503 1.386 1.235 1.059 0.902 0.770 0.661 0.569 0.494 0.433 0.383 0.341 0.304 0.271
0.000 0.000 0.000 0.000 0.000 0.000 0.000 0.000 0.000 0.000 0.000 0.000 0.000 0.000 0.000 0.000 0.000 0.001 0.005 0.010 0.016 0.025 0.035 0.042 0.047 0.050 0.052 0.053 0.053 0.053 0.052 0.049 0.045 0.038 0.029 0.022 0.018 0.016 0.015 0.015 0.017 0.022 0.039 0.086 0.199 0.417 0.717 1.007 1.225 1.366 1.436 1.461 1.468 1.471 1.475 1.483 1.502 1.557 1.600 1.607 1.597 1.567 1.514 1.433 1.323 1.185 1.024 0.877 0.754 0.649 0.562 0.491 0.432 0.384 0.344 0.310 0.279
0.000 0.000 0.000 0.000 0.000 0.000 0.000 0.000 0.000 0.000 0.000 0.000 0.000 0.000 0.000 0.000 0.000 0.002 0.005 0.011 0.018 0.028 0.038 0.045 0.051 0.054 0.056 0.056 0.056 0.056 0.055 0.052 0.047 0.040 0.030 0.023 0.018 0.016 0.015 0.016 0.019 0.030 0.064 0.156 0.352 0.648 0.933 1.137 1.278 1.370 1.419 1.438 1.445 1.447 1.446 1.440 1.437 1.466 1.514 1.525 1.515 1.484 1.428 1.349 1.246 1.118 0.972 0.839 0.725 0.629 0.549 0.482 0.427 0.382 0.344 0.313 0.285
0.000 0.000 0.000 0.000 0.000 0.000 0.000 0.000 0.000 0.000 0.000 0.000 0.000 0.000 0.000 0.000 0.000 0.002 0.005 0.011 0.019 0.031 0.041 0.049 0.054 0.057 0.058 0.059 0.059 0.059 0.057 0.054 0.049 0.042 0.032 0.023 0.018 0.015 0.015 0.016 0.020 0.038 0.094 0.238 0.502 0.812 1.034 1.177 1.278 1.346 1.382 1.399 1.404 1.404 1.399 1.383 1.371 1.383 1.418 1.429 1.419 1.386 1.330 1.251 1.152 1.033 0.903 0.786 0.686 0.600 0.527 0.467 0.418 0.377 0.343 0.314 0.289
0.000 0.000 0.000 0.000 0.000 0.000 0.000 0.000 0.000 0.000 0.000 0.000 0.000 0.000 0.000 0.000 0.000 0.002 0.005 0.011 0.020 0.032 0.044 0.051 0.056 0.059 0.061 0.061 0.061 0.060 0.059 0.056 0.051 0.043 0.033 0.023 0.017 0.015 0.014 0.015 0.021 0.042 0.113 0.293 0.602 0.891 1.065 1.175 1.251 1.300 1.328 1.341 1.344 1.343 1.335 1.316 1.299 1.301 1.317 1.320 1.306 1.271 1.213 1.135 1.040 0.930 0.820 0.721 0.635 0.561 0.499 0.447 0.405 0.370 0.340 0.314 0.292
0.000 0.000 0.000 0.000 0.000 0.000 0.000 0.000 0.000 0.000 0.000 0.000 0.000 0.000 0.000 0.000 0.000 0.001 0.005 0.011 0.020 0.032 0.045 0.054 0.058 0.061 0.062 0.062 0.062 0.062 0.060 0.057 0.052 0.044 0.034 0.024 0.017 0.014 0.013 0.014 0.020 0.043 0.118 0.317 0.649 0.916 1.062 1.146 1.200 1.235 1.255 1.264 1.266 1.265 1.257 1.239 1.220 1.212 1.210 1.202 1.178 1.138 1.078 1.001 0.909 0.812 0.723 0.645 0.576 0.516 0.465 0.424 0.390 0.361 0.335 0.313 0.293
0.000 0.000 0.000 0.000 0.000 0.000 0.000 0.000 0.000 0.000 0.000 0.000 0.000 0.000 0.000 0.000 0.000 0.001 0.004 0.009 0.017 0.031 0.046 0.055 0.060 0.062 0.063 0.063 0.063 0.062 0.061 0.058 0.053 0.045 0.035 0.024 0.017 0.013 0.012 0.013 0.018 0.041 0.117 0.318 0.659 0.915 1.032 1.089 1.125 1.149 1.163 1.170 1.173 1.172 1.166 1.152 1.132 1.114 1.097 1.075 1.041 0.994 0.933 0.859 0.775 0.694 0.623 0.563 0.511 0.466 0.429 0.398 0.372 0.349 0.329 0.310 0.292
0.000 0.000 0.000 0.000 0.000 0.000 0.000 0.000 0.000 0.000 0.000 0.000 0.000 0.000 0.000 0.000 0.000 0.000 0.002 0.005 0.012 0.025 0.043 0.056 0.061 0.063 0.063 0.063 0.063 0.062 0.061 0.058 0.053 0.046 0.036 0.025 0.017 0.012 0.011 0.011 0.016 0.036 0.107 0.300 0.635 0.880 0.975 1.007 1.026 1.039 1.048 1.058 1.064 1.066 1.063 1.053 1.034 1.009 0.981 0.949 0.909 0.860 0.802 0.733 0.659 0.592 0.535 0.486 0.447 0.415 0.389 0.369 0.352 0.335 0.320 0.305 0.291
0.000 0.000 0.000 0.000 0.000 0.000 0.000 0.000 0.000 0.000 0.000 0.000 0.000 0.000 0.000 0.000 0.000 0.000 0.001 0.002 0.006 0.017 0.036 0.054 0.061 0.063 0.063 0.063 0.063 0.062 0.061 0.058 0.053 0.047 0.038 0.027 0.018 0.013 0.010 0.010 0.013 0.029 0.085 0.247 0.547 0.788 0.881 0.900 0.903 0.905 0.909 0.920 0.935 0.945 0.946 0.940 0.924 0.898 0.865 0.828 0.787 0.740 0.686 0.624 0.560 0.504 0.456 0.417 0.386 0.363 0.347 0.337 0.328 0.319 0.309 0.299 0.288
0.000 0.000 0.000 0.000 0.000 0.000 0.000 0.000 0.000 0.000 0.000 0.000 0.000 0.000 0.000 0.000 0.000 0.000 0.000 0.001 0.003 0.009 0.025 0.047 0.060 0.063 0.063 0.063 0.063 0.062 0.060 0.058 0.053 0.047 0.039 0.028 0.019 0.013 0.010 0.010 0.011 0.019 0.051 0.156 0.383 0.620 0.734 0.759 0.755 0.745 0.738 0.743 0.762 0.789 0.808 0.812 0.802 0.780 0.749 0.713 0.673 0.630 0.582 0.529 0.475 0.426 0.385 0.352 0.328 0.311 0.302 0.298 0.296 0.296 0.294 0.290 0.284
0.000 0.000 0.000 0.000 0.000 0.000 0.000 0.000 0.000 0.000 0.000 0.000 0.000 0.000 0.000 0.000 0.000 0.000 0.000 0.001 0.001 0.004 0.014 0.035 0.054 0.061 0.062 0.062 0.062 0.061 0.060 0.057 0.053 0.047 0.040 0.030 0.021 0.015 0.011 0.010 0.010 0.013 0.028 0.079 0.209 0.399 0.525 0.568 0.570 0.553 0.526 0.513 0.522 0.555 0.607 0.651 0.664 0.655 0.631 0.600 0.564 0.526 0.486 0.442 0.397 0.356 0.321 0.292 0.270 0.257 0.250 0.248 0.250 0.257 0.267 0.271 0.271
0.000 0.000 0.000 0.000 0.000 0.000 0.000 0.000 0.000 0.000 0.000 0.000 0.000 0.000 0.000 0.000 0.000 0.000 0.000 0.000 0.001 0.002 0.007 0.021 0.042 0.056 0.060 0.060 0.060 0.060 0.058 0.056 0.052 0.047 0.040 0.031 0.023 0.017 0.013 0.011 0.010 0.011 0.018 0.040 0.103 0.223 0.323 0.368 0.376 0.367 0.339 0.309 0.301 0.314 0.359 0.432 0.492 0.513 0.506 0.486 0.458 0.427 0.395 0.361 0.325 0.290 0.259 0.233 0.213 0.198 0.188 0.183 0.184 0.193 0.210 0.222 0.225
0.000 0.000 0.000 0.000 0.000 0.000 0.000 0.000 0.000 0.000 0.000 0.000 0.000 0.000 0.000 0.000 0.000 0.000 0.000 0.000 0.000 0.001 0.003 0.010 0.027 0.045 0.055 0.057 0.057 0.057 0.056 0.054 0.051 0.046 0.040 0.032 0.024 0.019 0.014 0.012 0.011 0.011 0.014 0.023 0.053 0.117 0.186 0.223 0.234 0.231 0.213 0.182 0.164 0.163 0.182 0.232 0.297 0.343 0.359 0.359 0.347 0.328 0.305 0.281 0.254 0.225 0.199 0.176 0.157 0.140 0.125 0.114 0.109 0.111 0.121 0.130 0.130
0.000 0.000 0.000 0.000 0.000 0.000 0.000 0.000 0.000 0.000 0.000 0.000 0.000 0.000 0.000 0.000 0.000 0.000 0.000 0.000 0.000 0.001 0.001 0.004 0.013 0.030 0.044 0.051 0.053 0.053 0.053 0.052 0.049 0.045 0.040 0.032 0.025 0.020 0.016 0.013 0.012 0.012 0.012 0.017 0.031 0.063 0.107 0.134 0.145 0.146 0.137 0.117 0.097 0.089 0.091 0.111 0.152 0.193 0.215 0.222 0.223 0.218 0.209 0.196 0.177 0.154 0.135 0.118 0.104 0.088 0.074 0.063 0.056 0.053 0.053 0.053 0.051
0.000 0.000 0.000 0.000 0.000 0.000 0.000 0.000 0.000 0.000 0.000 0.000 0.000 0.000 0.000 0.000 0.000 0.000 0.000 0.000 0.000 0.000 0.001 0.002 0.005 0.015 0.029 0.041 0.047 0.048 0.049 0.048 0.046 0.043 0.038 0.032 0.025 0.020 0.016 0.014 0.012 0.012 0.012 0.014 0.021 0.039 0.066 0.086 0.095 0.097 0.094 0.083 0.067 0.056 0.052 0.056 0.071 0.094 0.110 0.118 0.120 0.120 0.117 0.111 0.101 0.087 0.076 0.067 0.058 0.049 0.038 0.031 0.026 0.023 0.021 0.020 0.018
0.000 0.000 0.000 0.000 0.000 0.000 0.000 0.000 0.000 0.000 0.000 0.000 0.000 0.000 0.000 0.000 0.000 0.000 0.000 0.000 0.000 0.000 0.000 0.001 0.002 0.006 0.014 0.026 0.036 0.042 0.043 0.043 0.042 0.040 0.036 0.031 0.025 0.020 0.016 0.014 0.013 0.012 0.012 0.013 0.017 0.027 0.045 0.060 0.068 0.069 0.068 0.063 0.052 0.041 0.035 0.034 0.036 0.043 0.050 0.054 0.055 0.055 0.055 0.052 0.048 0.041 0.036 0.032 0.028 0.023 0.018 0.014 0.012 0.010 0.009 0.008 0.007
0.000 0.000 0.000 0.000 0.000 0.000 0.000 0.000 0.000 0.000 0.000 0.000 0.000 0.000 0.000 0.000 0.000 0.000 0.000 0.000 0.000 0.000 0.000 0.001 0.001 0.002 0.006 0.013 0.022 0.031 0.036 0.038 0.038 0.036 0.033 0.029 0.024 0.020 0.016 0.014 0.013 0.012 0.012 0.012 0.014 0.021 0.032 0.044 0.050 0.051 0.051 0.048 0.041 0.033 0.027 0.023 0.022 0.023 0.024 0.025 0.024 0.024 0.023 0.022 0.020 0.018 0.016 0.014 0.012 0.010 0.008 0.007 0.006 0.005 0.004 0.004 0.003
0.000 0.000 0.000 0.000 0.000 0.000 0.000 0.000 0.000 0.000 0.000 0.000 0.000 0.000 0.000 0.000 0.000 0.000 0.000 0.000 0.000 0.000 0.000 0.000 0.001 0.001 0.002 0.005 0.010 0.019 0.027 0.031 0.032 0.031 0.029 0.026 0.022 0.019 0.016 0.014 0.012 0.011 0.011 0.011 0.012 0.016 0.023 0.032 0.036 0.038 0.037 0.036 0.032 0.026 0.021 0.017 0.015 0.014 0.014 0.013 0.012 0.012 0.011 0.010 0.010 0.008 0.007 0.006 0.006 0.005 0.004 0.003 0.003 0.003 0.002 0.002 0.002
0.000 0.000 0.000 0.000 0.000 0.000 0.000 0.000 0.000 0.000 0.000 0.000 0.000 0.000 0.000 0.000 0.000 0.000 0.000 0.000 0.000 0.000 0.000 0.000 0.000 0.001 0.001 0.002 0.004 0.009 0.015 0.021 0.025 0.025 0.024 0.023 0.020 0.017 0.015 0.013 0.011 0.010 0.009 0.009 0.009 0.011 0.015 0.021 0.025 0.027 0.027 0.026 0.024 0.020 0.016 0.013 0.011 0.010 0.009 0.008 0.007 0.007 0.006 0.006 0.005 0.005 0.004 0.003 0.003 0.003 0.002 0.002 0.002 0.002 0.001 0.001 0.001
0.000 0.000 0.000 0.000 0.000 0.000 0.000 0.000 0.000 0.000 0.000 0.000 0.000 0.000 0.000 0.000 0.000 0.000 0.000 0.000 0.000 0.001 0.001 0.000 0.000 0.001 0.001 0.001 0.001 0.003 0.007 0.012 0.016 0.018 0.018 0.018 0.016 0.015 0.013 0.011 0.010 0.008 0.007 0.007 0.007 0.007 0.009 0.013 0.016 0.018 0.018 0.018 0.016 0.014 0.011 0.009 0.007 0.006 0.006 0.005 0.005 0.004 0.004 0.003 0.003 0.003 0.002 0.002 0.002 0.002 0.001 0.001 0.001 0.001 0.001 0.001 0.001
0.000 0.000 0.000 0.000 0.000 0.000 0.000 0.000 0.000 0.000 0.000 0.000 0.000 0.000 0.000 0.000 0.000 0.000 0.000 0.000 0.001 0.001 0.001 0.001 0.001 0.001 0.001 0.001 0.001 0.001 0.003 0.005 0.009 0.011 0.012 0.012 0.012 0.011 0.010 0.009 0.008 0.006 0.005 0.004 0.004 0.004 0.005 0.007 0.009 0.010 0.011 0.011 0.010 0.009 0.007 0.006 0.005 0.004 0.004 0.003 0.003 0.003 0.002 0.002 0.002 0.002 0.002 0.001 0.001 0.001 0.001 0.001 0.001 0.001 0.001 0.001 0.001
0.000 0.000 0.000 0.000 0.000 0.000 0.000 0.000 0.000 0.000 0.000 0.000 0.000 0.000 0.000 0.000 0.000 0.000 0.000 0.000 0.001 0.001 0.001 0.001 0.001 0.001 0.001 0.001 0.001 0.001 0.001 0.002 0.004 0.006 0.007 0.007 0.007 0.007 0.007 0.006 0.005 0.004 0.003 0.002 0.002 0.002 0.002 0.003 0.004 0.005 0.006 0.006 0.006 0.005 0.004 0.003 0.003 0.003 0.002 0.002 0.002 0.002 0.002 0.002 0.001 0.001 0.001 0.001 0.001 0.001 0.001 0.001 0.001 0.001 0.001 0.001 0.001
0.000 0.000 0.000 0.000 0.000 0.000 0.000 0.000 0.000 0.000 0.000 0.000 0.000 0.000 0.000 0.000 0.000 0.000 0.000 0.001 0.001 0.001 0.001 0.001 0.001 0.001 0.001 0.001 0.001 0.001 0.001 0.001 0.002 0.002 0.003 0.003 0.004 0.004 0.004 0.003 0.003 0.002 0.002 0.001 0.001 0.001 0.001 0.001 0.002 0.002 0.002 0.003 0.003 0.002 0.002 0.002 0.002 0.002 0.001 0.001 0.001 0.001 0.001 0.001 0.001 0.001 0.001 0.001 0.001 0.001 0.001 0.001 0.001 0.001 0.001 0.001 0.001
0.000 0.000 0.000 0.000 0.000 0.000 0.000 0.000 0.000 0.000 0.000 0.000 0.000 0.000 0.000 0.000 0.000 0.001 0.001 0.001 0.001 0.001 0.001 0.001 0.001 0.001 0.001 0.001 0.001 0.001 0.001 0.001 0.001 0.001 0.001 0.001 0.002 0.002 0.002 0.002 0.001 0.001 0.001 0.001 0.001 0.001 0.001 0.001 0.001 0.001 0.001 0.001 0.001 0.001 0.001 0.001 0.001 0.001 0.001 0.001 0.001 0.001 0.001 0.001 0.001 0.001 0.001 0.001 0.001 0.001 0.001 0.001 0.001 0.001 0.001 0.001 0.001
0.000 0.000 0.000 0.000 0.000 0.000 0.000 0.000 0.000 0.000 0.000 0.000 0.000 0.000 0.000 0.000 0.000 0.001 0.001 0.001 0.001 0.001 0.001 0.001 0.001 0.001 0.001 0.001 0.001 0.001 0.001 0.001 0.001 0.001 0.001 0.001 0.001 0.001 0.001 0.001 0.001 0.001 0.001 0.001 0.001 0.001 0.001 0.001 0.001 0.001 0.001 0.001 0.001 0.001 0.000 0.001 0.001 0.001 0.001 0.001 0.001 0.001 0.001 0.001 0.001 0.001 0.001 0.001 0.001 0.001 0.001 0.001 0.001 0.001 0.000 0.000 0.000
0.000 0.000 0.000 0.000 0.001 0.000 0.000 0.000 0.000 0.000 0.000 0.000 0.000 0.000 0.000 0.000 0.000 0.001 0.001 0.001 0.001 0.001 0.001 0.001 0.001 0.001 0.001 0.001 0.001 0.001 0.001 0.001 0.001 0.001 0.001 0.001 0.001 0.001 0.001 0.001 0.001 0.001 0.001 0.001 0.001 0.001 0.000 0.000 0.000 0.000 0.000 0.000 0.000 0.000 0.000 0.000 0.000 0.000 0.001 0.001 0.001 0.001 0.001 0.001 0.001 0.001 0.001 0.001 0.001 0.001 0.001 0.001 0.000 0.000 0.000 0.000 0.000
0.000 0.000 0.000 0.000 0.000 0.000 0.000 0.000 0.000 0.000 0.000 0.000 0.000 0.000 0.000 0.000 0.001 0.001 0.001 0.001 0.001 0.001 0.001 0.001 0.001 0.001 0.001 0.001 0.001 0.001 0.001 0.001 0.001 0.001 0.001 0.000 0.001 0.001 0.001 0.001 0.001 0.001 0.001 0.001 0.001 0.001 0.000 0.000 0.000 0.000 0.000 0.000 0.000 0.000 0.000 0.000 0.000 0.000 0.001 0.001 0.001 0.001 0.001 0.001 0.001 0.001 0.001 0.001 0.001 0.001 0.001 0.001 0.000 0.000 0.000 0.000 0.000
0.000 0.000 0.000 0.000 0.000 0.000 0.000 0.000 0.000 0.000 0.000 0.000 0.000 0.000 0.000 0.000 0.001 0.001 0.001 0.001 0.001 0.001 0.001 0.001 0.001 0.001 0.001 0.001 0.001 0.001 0.001 0.001 0.001 0.001 0.000 0.000 0.000 0.000 0.001 0.001 0.001 0.001 0.001 0.001 0.001 0.001 0.001 0.000 0.000 0.000 0.000 0.000 0.000 0.000 0.000 0.000 0.000 0.000 0.000 0.001 0.001 0.001 0.001 0.001 0.001 0.001 0.001 0.001 0.001 0.001 0.001 0.001 0.001 0.000 0.000 0.000 0.000
0.000 0.000 0.000 0.000 0.000 0.000 0.000 0.000 0.000 0.000 0.000 0.000 0.000 0.000 0.000 0.001 0.001 0.001 0.001 0.001 0.001 0.001 0.001 0.001 0.001 0.001 0.001 0.001 0.001 0.001 0.001 0.001 0.001 0.001 0.001 0.000 0.000 0.000 0.000 0.001 0.001 0.001 0.001 0.001 0.001 0.001 0.001 0.001 0.000 0.000 0.000 0.000 0.000 0.000 0.000 0.000 0.000 0.000 0.000 0.000 0.001 0.001 0.001 0.001 0.001 0.001 0.001 0.001 0.001 0.001 0.001 0.000 0.000 0.000 0.000 0.000 0.000
