RESULTS/r.avaflow_results/21_results/21_ascii/21_hflow_max0024.asc
ncols 506
nrows 317
xllcenter 498237.50
yllcenter 5580050.00
cellsize 12.50
NODATA_value -9999.000
[rows 170 to 203 of 317, columns 154 to 230 of 506]
12.739 12.550 12.333 12.075 11.756 11.403 11.175 11.012 10.853 10.653 10.427 10.176 9.862 9.453 8.885 8.124 7.224 6.190 5.115 4.070 3.134 2.345 1.714 1.258 0.953 0.767 0.669 0.644 0.657 0.711 0.767 0.800 0.817 0.824 0.826 0.824 0.824 0.826 0.825 0.821 0.806 0.776 0.734 0.682 0.615 0.523 0.420 0.340 0.277 0.224 0.180 0.145 0.120 0.099 0.079 0.060 0.042 0.027 0.016 0.009 0.005 0.002 0.001 0.000 0.000 0.000 0.000 0.000 0.000 0.000 0.000 0.000 0.000 0.000 0.000 0.000 0.000
16.626 16.723 16.632 16.402 16.028 15.553 15.058 14.726 14.403 14.057 13.688 13.352 13.055 12.700 12.173 11.359 10.267 8.984 7.621 6.257 4.953 3.807 2.845 2.112 1.593 1.245 1.034 0.935 0.900 0.893 0.890 0.884 0.875 0.864 0.850 0.839 0.828 0.823 0.820 0.810 0.785 0.743 0.688 0.625 0.547 0.440 0.325 0.234 0.168 0.125 0.099 0.082 0.070 0.059 0.048 0.036 0.026 0.016 0.010 0.005 0.003 0.001 0.000 0.000 0.000 0.000 0.000 0.000 0.000 0.000 0.000 0.000 0.000 0.000 0.000 0.000 0.000
19.927 20.269 20.283 20.089 19.701 19.202 18.672 18.155 17.665 17.258 16.791 16.372 16.096 15.786 15.300 14.530 13.440 12.081 10.558 8.973 7.402 5.934 4.588 3.479 2.626 1.999 1.574 1.308 1.132 1.009 0.936 0.905 0.885 0.870 0.851 0.828 0.803 0.780 0.760 0.731 0.684 0.617 0.543 0.464 0.372 0.269 0.180 0.122 0.087 0.068 0.056 0.048 0.042 0.035 0.029 0.022 0.015 0.010 0.006 0.003 0.001 0.001 0.000 0.000 0.000 0.000 0.000 0.000 0.000 0.000 0.000 0.000 0.000 0.000 0.000 0.000 0.000
22.203 22.774 22.934 22.811 22.521 22.127 21.714 21.312 20.887 20.395 19.864 19.349 19.015 18.672 18.180 17.420 16.350 15.015 13.495 11.926 10.355 8.683 6.970 5.382 4.065 3.032 2.261 1.709 1.365 1.133 0.983 0.903 0.861 0.830 0.796 0.755 0.708 0.661 0.613 0.552 0.470 0.382 0.305 0.240 0.180 0.126 0.087 0.062 0.048 0.039 0.033 0.029 0.026 0.022 0.018 0.013 0.009 0.006 0.003 0.002 0.001 0.000 0.000 0.000 0.000 0.000 0.000 0.000 0.000 0.000 0.000 0.000 0.000 0.000 0.000 0.000 0.000
23.155 23.915 24.330 24.482 24.420 24.246 24.032 23.778 23.439 22.991 22.442 21.861 21.431 21.059 20.580 19.857 18.831 17.538 16.034 14.520 12.880 11.085 9.103 7.190 5.472 4.064 2.973 2.172 1.608 1.228 0.993 0.864 0.785 0.722 0.662 0.594 0.520 0.445 0.377 0.311 0.243 0.186 0.144 0.111 0.084 0.061 0.046 0.035 0.029 0.024 0.021 0.019 0.016 0.013 0.011 0.008 0.005 0.003 0.002 0.001 0.000 0.000 0.000 0.000 0.000 0.000 0.000 0.000 0.000 0.000 0.000 0.000 0.000 0.000 0.000 0.000 0.000
23.129 24.055 24.684 25.090 25.359 25.510 25.515 25.386 25.106 24.658 24.099 23.491 23.015 22.614 22.159 21.507 20.579 19.364 18.004 16.454 14.735 12.942 10.953 8.738 6.594 4.823 3.445 2.437 1.735 1.266 0.971 0.787 0.659 0.552 0.451 0.361 0.290 0.235 0.194 0.157 0.120 0.092 0.071 0.056 0.043 0.034 0.027 0.022 0.019 0.016 0.014 0.012 0.010 0.008 0.006 0.004 0.003 0.002 0.001 0.000 0.000 0.000 0.000 0.000 0.000 0.000 0.000 0.000 0.000 0.000 0.000 0.000 0.000 0.000 0.000 0.000 0.000
22.550 23.650 24.488 25.093 25.555 25.870 25.995 25.974 25.791 25.375 24.812 24.206 23.628 23.225 22.827 22.302 21.555 20.536 19.420 18.001 16.266 14.269 12.004 9.523 7.115 5.137 3.613 2.514 1.760 1.255 0.915 0.677 0.498 0.354 0.250 0.185 0.145 0.119 0.099 0.081 0.063 0.049 0.039 0.031 0.025 0.021 0.017 0.015 0.013 0.011 0.009 0.008 0.006 0.005 0.003 0.002 0.001 0.001 0.000 0.000 0.000 0.000 0.000 0.000 0.000 0.000 0.000 0.000 0.000 0.000 0.000 0.000 0.000 0.000 0.000 0.000 0.000
21.530 22.789 23.856 24.691 25.309 25.695 25.934 25.972 25.922 25.646 25.057 24.378 23.787 23.417 23.053 22.543 21.822 20.979 20.023 18.648 16.857 14.740 12.318 9.668 7.176 5.135 3.574 2.457 1.689 1.161 0.789 0.519 0.325 0.200 0.130 0.094 0.074 0.062 0.053 0.044 0.036 0.029 0.024 0.020 0.017 0.014 0.012 0.010 0.009 0.007 0.006 0.005 0.004 0.003 0.002 0.001 0.000 0.000 0.000 0.000 0.000 0.000 0.000 0.000 0.000 0.000 0.000 0.000 0.000 0.000 0.000 0.000 0.000 0.000 0.000 0.000 0.000
20.335 21.657 22.835 23.872 24.669 25.203 25.459 25.508 25.441 25.205 24.687 23.997 23.348 22.969 22.577 22.049 21.340 20.540 19.660 18.344 16.562 14.401 11.905 9.278 6.804 4.786 3.251 2.163 1.425 0.918 0.562 0.321 0.180 0.106 0.069 0.050 0.041 0.035 0.031 0.026 0.022 0.019 0.016 0.013 0.011 0.010 0.008 0.007 0.006 0.005 0.004 0.003 0.002 0.001 0.001 0.000 0.000 0.000 0.000 0.000 0.000 0.000 0.000 0.000 0.000 0.000 0.000 0.000 0.000 0.000 0.000 0.000 0.000 0.000 0.000 0.000 0.000
19.016 20.378 21.618 22.671 23.500 24.056 24.330 24.370 24.237 23.928 23.530 23.030 22.436 21.832 21.250 20.605 19.946 19.220 18.253 16.938 15.165 13.013 10.591 8.041 5.747 3.901 2.514 1.542 0.915 0.525 0.290 0.159 0.090 0.056 0.038 0.030 0.025 0.022 0.019 0.017 0.015 0.013 0.011 0.009 0.008 0.006 0.005 0.004 0.003 0.003 0.002 0.001 0.001 0.000 0.000 0.000 0.000 0.000 0.000 0.000 0.000 0.000 0.000 0.000 0.000 0.000 0.000 0.000 0.000 0.000 0.000 0.000 0.000 0.000 0.000 0.000 0.000
17.658 18.927 20.059 21.057 21.870 22.464 22.801 22.853 22.603 22.122 21.839 21.544 21.080 20.352 19.454 18.717 18.049 17.282 16.261 14.827 12.919 10.634 8.164 5.863 3.943 2.471 1.426 0.767 0.409 0.222 0.125 0.073 0.046 0.031 0.024 0.019 0.017 0.015 0.013 0.012 0.010 0.009 0.007 0.006 0.005 0.004 0.003 0.002 0.002 0.001 0.001 0.000 0.000 0.000 0.000 0.000 0.000 0.000 0.000 0.000 0.000 0.000 0.000 0.000 0.000 0.000 0.000 0.000 0.000 0.000 0.000 0.000 0.000 0.000 0.000 0.000 0.000
15.915 17.039 18.114 19.122 20.030 20.798 21.310 21.437 21.209 20.725 20.437 20.201 19.722 18.836 17.769 16.838 16.032 15.077 13.773 11.980 9.653 7.112 4.857 3.177 1.981 1.148 0.608 0.302 0.156 0.089 0.055 0.037 0.026 0.020 0.016 0.013 0.012 0.010 0.009 0.008 0.007 0.006 0.005 0.004 0.003 0.002 0.002 0.001 0.001 0.000 0.000 0.000 0.000 0.000 0.000 0.000 0.000 0.000 0.000 0.000 0.000 0.000 0.000 0.000 0.000 0.000 0.000 0.000 0.000 0.000 0.000 0.000 0.000 0.000 0.000 0.000 0.000
13.763 14.790 15.856 17.006 18.134 19.112 19.805 20.046 19.877 19.590 19.252 18.825 18.137 17.123 15.969 15.066 14.171 12.858 10.914 8.327 5.726 3.624 2.204 1.311 0.756 0.414 0.214 0.109 0.062 0.040 0.029 0.021 0.017 0.014 0.011 0.010 0.008 0.007 0.006 0.005 0.004 0.004 0.003 0.002 0.001 0.001 0.001 0.000 0.000 0.000 0.000 0.000 0.000 0.000 0.000 0.000 0.000 0.000 0.000 0.000 0.000 0.000 0.000 0.000 0.000 0.000 0.000 0.000 0.000 0.000 0.000 0.000 0.000 0.000 0.000 0.000 0.000
11.353 12.395 13.430 14.562 15.758 16.806 17.661 18.168 18.216 17.960 17.371 16.527 15.499 14.368 13.352 12.457 11.257 9.447 6.841 4.358 2.558 1.402 0.744 0.408 0.231 0.132 0.075 0.045 0.030 0.022 0.018 0.014 0.012 0.010 0.008 0.007 0.006 0.005 0.004 0.003 0.003 0.002 0.001 0.001 0.001 0.000 0.000 0.000 0.000 0.000 0.000 0.000 0.000 0.000 0.000 0.000 0.000 0.000 0.000 0.000 0.000 0.000 0.000 0.000 0.000 0.000 0.000 0.000 0.000 0.000 0.000 0.000 0.000 0.000 0.000 0.000 0.000
8.716 9.672 10.518 11.383 12.559 13.683 14.561 15.025 15.089 14.810 14.015 12.769 11.296 10.086 9.130 7.996 6.528 4.667 2.929 1.692 0.896 0.448 0.229 0.126 0.075 0.049 0.033 0.024 0.018 0.015 0.012 0.010 0.008 0.007 0.006 0.005 0.004 0.003 0.002 0.002 0.001 0.001 0.000 0.000 0.000 0.000 0.000 0.000 0.000 0.000 0.000 0.000 0.000 0.000 0.000 0.000 0.000 0.000 0.000 0.000 0.000 0.000 0.000 0.000 0.000 0.000 0.000 0.000 0.000 0.000 0.000 0.000 0.000 0.000 0.000 0.000 0.000
6.513 7.163 7.670 8.093 8.543 9.040 9.515 9.779 9.792 9.541 8.769 7.565 6.315 5.280 4.441 3.610 2.724 1.773 1.007 0.517 0.256 0.135 0.078 0.049 0.033 0.025 0.019 0.015 0.013 0.010 0.009 0.007 0.006 0.005 0.004 0.003 0.002 0.002 0.001 0.001 0.000 0.000 0.000 0.000 0.000 0.000 0.000 0.000 0.000 0.000 0.000 0.000 0.000 0.000 0.000 0.000 0.000 0.000 0.000 0.000 0.000 0.000 0.000 0.000 0.000 0.000 0.000 0.000 0.000 0.000 0.000 0.000 0.000 0.000 0.000 0.000 0.000
4.112 4.316 4.379 4.367 4.329 4.324 4.378 4.405 4.381 4.256 3.932 3.420 2.755 2.187 1.702 1.279 0.875 0.516 0.274 0.143 0.079 0.049 0.033 0.024 0.020 0.016 0.013 0.011 0.009 0.008 0.006 0.005 0.004 0.003 0.002 0.002 0.001 0.001 0.000 0.000 0.000 0.000 0.000 0.000 0.000 0.000 0.000 0.000 0.000 0.000 0.000 0.000 0.000 0.000 0.000 0.000 0.000 0.000 0.000 0.000 0.000 0.000 0.000 0.000 0.000 0.000 0.000 0.000 0.000 0.000 0.000 0.000 0.000 0.000 0.000 0.000 0.000
2.036 2.020 1.973 1.893 1.771 1.663 1.595 1.539 1.511 1.474 1.366 1.160 0.952 0.697 0.508 0.362 0.238 0.143 0.082 0.049 0.033 0.024 0.019 0.016 0.014 0.012 0.010 0.009 0.007 0.006 0.005 0.004 0.003 0.002 0.001 0.001 0.000 0.000 0.000 0.000 0.000 0.000 0.000 0.000 0.000 0.000 0.000 0.000 0.000 0.000 0.000 0.000 0.000 0.000 0.000 0.000 0.000 0.000 0.000 0.000 0.000 0.000 0.000 0.000 0.000 0.000 0.000 0.000 0.000 0.000 0.000 0.000 0.000 0.000 0.000 0.000 0.000
0.919 0.849 0.791 0.737 0.673 0.601 0.554 0.519 0.482 0.444 0.402 0.361 0.294 0.211 0.151 0.107 0.074 0.049 0.033 0.023 0.018 0.016 0.014 0.012 0.011 0.010 0.008 0.007 0.005 0.004 0.003 0.002 0.002 0.001 0.000 0.000 0.000 0.000 0.000 0.000 0.000 0.000 0.000 0.000 0.000 0.000 0.000 0.000 0.000 0.000 0.000 0.000 0.000 0.000 0.000 0.000 0.000 0.000 0.000 0.000 0.000 0.000 0.000 0.000 0.000 0.000 0.000 0.000 0.000 0.000 0.000 0.000 0.000 0.000 0.000 0.000 0.000
0.498 0.431 0.377 0.338 0.301 0.270 0.242 0.211 0.182 0.157 0.138 0.124 0.102 0.075 0.055 0.041 0.030 0.023 0.018 0.016 0.014 0.013 0.011 0.010 0.009 0.008 0.006 0.005 0.004 0.003 0.002 0.001 0.001 0.000 0.000 0.000 0.000 0.000 0.000 0.000 0.000 0.000 0.000 0.000 0.000 0.000 0.000 0.000 0.000 0.000 0.000 0.000 0.000 0.000 0.000 0.000 0.000 0.000 0.000 0.000 0.000 0.000 0.000 0.000 0.000 0.000 0.000 0.000 0.000 0.000 0.000 0.000 0.000 0.000 0.000 0.000 0.000
0.369 0.296 0.242 0.204 0.176 0.155 0.135 0.114 0.093 0.077 0.065 0.056 0.048 0.037 0.027 0.021 0.018 0.015 0.014 0.013 0.012 0.011 0.010 0.009 0.008 0.006 0.005 0.004 0.003 0.002 0.001 0.001 0.000 0.000 0.000 0.000 0.000 0.000 0.000 0.000 0.000 0.000 0.000 0.000 0.000 0.000 0.000 0.000 0.000 0.000 0.000 0.000 0.000 0.000 0.000 0.000 0.000 0.000 0.000 0.000 0.000 0.000 0.000 0.000 0.000 0.000 0.000 0.000 0.000 0.000 0.000 0.000 0.000 0.000 0.000 0.000 0.000
0.313 0.243 0.193 0.158 0.132 0.113 0.095 0.078 0.063 0.051 0.044 0.039 0.035 0.029 0.022 0.017 0.014 0.013 0.012 0.011 0.010 0.009 0.008 0.007 0.006 0.005 0.004 0.003 0.002 0.001 0.001 0.000 0.000 0.000 0.000 0.000 0.000 0.000 0.000 0.000 0.000 0.000 0.000 0.000 0.000 0.000 0.000 0.000 0.000 0.000 0.000 0.000 0.000 0.000 0.000 0.000 0.000 0.000 0.000 0.000 0.000 0.000 0.000 0.000 0.000 0.000 0.000 0.000 0.000 0.000 0.000 0.000 0.000 0.000 0.000 0.000 0.000
0.277 0.214 0.169 0.139 0.116 0.096 0.078 0.062 0.050 0.041 0.036 0.033 0.030 0.026 0.020 0.016 0.013 0.011 0.010 0.009 0.009 0.008 0.007 0.007 0.006 0.005 0.004 0.003 0.002 0.001 0.000 0.000 0.000 0.000 0.000 0.000 0.000 0.000 0.000 0.000 0.000 0.000 0.000 0.000 0.000 0.000 0.000 0.000 0.000 0.000 0.000 0.000 0.000 0.000 0.000 0.000 0.000 0.000 0.000 0.000 0.000 0.000 0.000 0.000 0.000 0.000 0.000 0.000 0.000 0.000 0.000 0.000 0.000 0.000 0.000 0.000 0.000
0.252 0.197 0.159 0.130 0.108 0.087 0.069 0.053 0.042 0.036 0.032 0.029 0.026 0.024 0.019 0.015 0.012 0.010 0.009 0.009 0.008 0.008 0.007 0.007 0.006 0.005 0.004 0.003 0.002 0.001 0.000 0.000 0.000 0.000 0.000 0.000 0.000 0.000 0.000 0.000 0.000 0.000 0.000 0.000 0.000 0.000 0.000 0.000 0.000 0.000 0.000 0.000 0.000 0.000 0.000 0.000 0.000 0.000 0.000 0.000 0.000 0.000 0.000 0.000 0.000 0.000 0.000 0.000 0.000 0.000 0.000 0.000 0.000 0.000 0.000 0.000 0.000
0.239 0.190 0.155 0.127 0.104 0.082 0.063 0.049 0.040 0.034 0.030 0.026 0.024 0.022 0.018 0.015 0.012 0.009 0.009 0.009 0.009 0.009 0.008 0.008 0.007 0.006 0.005 0.004 0.003 0.002 0.001 0.000 0.000 0.000 0.000 0.000 0.000 0.000 0.000 0.000 0.000 0.000 0.000 0.000 0.000 0.000 0.000 0.000 0.000 0.000 0.000 0.000 0.000 0.000 0.000 0.000 0.000 0.000 0.000 0.000 0.000 0.000 0.000 0.000 0.000 0.000 0.000 0.000 0.000 0.000 0.000 0.000 0.000 0.000 0.000 0.000 0.000
0.231 0.187 0.152 0.124 0.100 0.079 0.061 0.050 0.042 0.036 0.031 0.027 0.024 0.021 0.018 0.014 0.011 0.010 0.010 0.011 0.012 0.012 0.012 0.011 0.010 0.008 0.007 0.005 0.004 0.002 0.001 0.000 0.000 0.000 0.000 0.000 0.000 0.000 0.000 0.000 0.000 0.000 0.000 0.000 0.000 0.000 0.000 0.000 0.000 0.000 0.000 0.000 0.000 0.000 0.000 0.000 0.000 0.000 0.000 0.000 0.000 0.000 0.000 0.000 0.000 0.000 0.000 0.000 0.000 0.000 0.000 0.000 0.000 0.000 0.000 0.000 0.000
0.226 0.183 0.148 0.119 0.096 0.077 0.065 0.056 0.048 0.041 0.034 0.029 0.024 0.021 0.018 0.014 0.013 0.014 0.016 0.017 0.017 0.017 0.016 0.015 0.013 0.011 0.009 0.007 0.004 0.002 0.001 0.000 0.000 0.000 0.000 0.000 0.000 0.000 0.000 0.000 0.000 0.000 0.000 0.000 0.000 0.000 0.000 0.000 0.000 0.000 0.000 0.000 0.000 0.000 0.000 0.000 0.000 0.000 0.000 0.000 0.000 0.000 0.000 0.000 0.000 0.000 0.000 0.000 0.000 0.000 0.000 0.000 0.000 0.000 0.000 0.000 0.000
0.222 0.179 0.144 0.115 0.095 0.081 0.071 0.062 0.054 0.047 0.040 0.033 0.027 0.022 0.019 0.016 0.019 0.021 0.022 0.023 0.022 0.022 0.020 0.018 0.016 0.013 0.011 0.007 0.004 0.002 0.001 0.000 0.000 0.000 0.000 0.000 0.000 0.000 0.000 0.000 0.000 0.000 0.000 0.000 0.000 0.000 0.000 0.000 0.000 0.000 0.000 0.000 0.000 0.000 0.000 0.000 0.000 0.000 0.000 0.000 0.000 0.000 0.000 0.000 0.000 0.000 0.000 0.000 0.000 0.000 0.000 0.000 0.000 0.000 0.000 0.000 0.000
0.214 0.172 0.139 0.115 0.099 0.087 0.077 0.068 0.061 0.055 0.048 0.041 0.033 0.028 0.023 0.023 0.027 0.030 0.033 0.034 0.033 0.027 0.023 0.021 0.018 0.015 0.011 0.007 0.004 0.002 0.001 0.000 0.000 0.000 0.000 0.000 0.000 0.000 0.000 0.000 0.000 0.000 0.000 0.000 0.000 0.000 0.000 0.000 0.000 0.000 0.000 0.000 0.000 0.000 0.000 0.000 0.000 0.000 0.000 0.000 0.000 0.000 0.000 0.000 0.000 0.000 0.000 0.000 0.000 0.000 0.000 0.000 0.000 0.000 0.000 0.000 0.000
0.205 0.165 0.135 0.115 0.101 0.089 0.080 0.072 0.067 0.061 0.055 0.050 0.044 0.039 0.034 0.031 0.037 0.045 0.049 0.049 0.044 0.036 0.025 0.022 0.019 0.015 0.011 0.007 0.004 0.002 0.001 0.000 0.000 0.000 0.000 0.000 0.000 0.000 0.000 0.000 0.000 0.000 0.000 0.000 0.000 0.000 0.000 0.000 0.000 0.000 0.000 0.000 0.000 0.000 0.000 0.000 0.000 0.000 0.000 0.000 0.000 0.000 0.000 0.000 0.000 0.000 0.000 0.000 0.000 0.000 0.000 0.000 0.000 0.000 0.000 0.000 0.000
0.194 0.154 0.128 0.111 0.098 0.088 0.080 0.074 0.069 0.064 0.059 0.055 0.051 0.047 0.045 0.044 0.054 0.061 0.062 0.058 0.051 0.040 0.027 0.022 0.019 0.015 0.011 0.007 0.004 0.002 0.001 0.000 0.000 0.000 0.000 0.000 0.000 0.000 0.000 0.000 0.000 0.000 0.000 0.000 0.000 0.000 0.000 0.000 0.000 0.000 0.000 0.000 0.000 0.000 0.000 0.000 0.000 0.000 0.000 0.000 0.000 0.000 0.000 0.000 0.000 0.000 0.000 0.000 0.000 0.000 0.000 0.000 0.000 0.000 0.000 0.000 0.000
0.168 0.131 0.108 0.094 0.086 0.080 0.075 0.071 0.067 0.063 0.060 0.057 0.054 0.052 0.052 0.053 0.063 0.066 0.065 0.062 0.054 0.040 0.027 0.021 0.018 0.014 0.010 0.006 0.004 0.002 0.001 0.000 0.000 0.000 0.000 0.000 0.000 0.000 0.000 0.000 0.000 0.000 0.000 0.000 0.000 0.000 0.000 0.000 0.000 0.000 0.000 0.000 0.000 0.000 0.000 0.000 0.000 0.000 0.000 0.000 0.000 0.000 0.000 0.000 0.000 0.000 0.000 0.000 0.000 0.000 0.000 0.000 0.000 0.000 0.000 0.000 0.000
0.113 0.084 0.068 0.059 0.056 0.055 0.057 0.058 0.058 0.058 0.057 0.056 0.054 0.054 0.055 0.056 0.063 0.066 0.066 0.062 0.052 0.038 0.026 0.020 0.017 0.013 0.009 0.006 0.003 0.002 0.001 0.000 0.000 0.000 0.000 0.000 0.000 0.000 0.000 0.000 0.000 0.000 0.000 0.000 0.000 0.000 0.000 0.000 0.000 0.000 0.000 0.000 0.000 0.000 0.000 0.000 0.000 0.000 0.000 0.000 0.000 0.000 0.000 0.000 0.000 0.000 0.000 0.000 0.000 0.000 0.000 0.000 0.000 0.000 0.000 0.000 0.000
0.053 0.036 0.028 0.025 0.024 0.027 0.031 0.038 0.045 0.049 0.052 0.053 0.053 0.053 0.055 0.056 0.059 0.063 0.062 0.057 0.048 0.035 0.025 0.018 0.015 0.012 0.008 0.005 0.003 0.001 0.000 0.000 0.000 0.000 0.000 0.000 0.000 0.000 0.000 0.000 0.000 0.000 0.000 0.000 0.000 0.000 0.000 0.000 0.000 0.000 0.000 0.000 0.000 0.000 0.000 0.000 0.000 0.000 0.000 0.000 0.000 0.000 0.000 0.000 0.000 0.000 0.000 0.000 0.000 0.000 0.000 0.000 0.000 0.000 0.000 0.000 0.000
