RESULTS/r.avaflow_results/21_results/21_ascii/21_hflow0047.asc
ncols 506
nrows 317
xllcenter 498237.50
yllcenter 5580050.00
cellsize 12.50
NODATA_value -9999.000
[rows 170 to 203 of 317, columns 77 to 153 of 506]
0.000 0.000 0.000 0.000 0.000 0.000 0.000 0.000 0.000 0.000 0.000 0.000 0.000 0.000 0.000 0.000 0.000 0.000 0.000 0.000 0.000 0.000 0.001 0.002 0.004 0.005 0.006 0.006 0.006 0.006 0.006 0.006 0.005 0.004 0.003 0.003 0.002 0.002 0.002 0.001 0.001 0.002 0.002 0.003 0.004 0.006 0.009 0.014 0.022 0.039 0.080 0.183 0.425 0.889 1.580 2.415 3.366 4.561 6.139 8.124 10.281 12.062 13.325 14.052 14.310 14.284 14.118 13.868 13.550 13.105 12.439 11.570 10.691 9.996 9.456 9.026 8.699
0.000 0.000 0.000 0.000 0.000 0.000 0.000 0.000 0.000 0.000 0.000 0.000 0.000 0.000 0.000 0.000 0.000 0.000 0.000 0.000 0.000 0.001 0.003 0.005 0.007 0.008 0.009 0.009 0.009 0.009 0.008 0.008 0.007 0.006 0.005 0.004 0.004 0.003 0.003 0.003 0.003 0.003 0.003 0.004 0.006 0.009 0.015 0.025 0.046 0.094 0.209 0.463 0.943 1.648 2.481 3.386 4.430 5.748 7.465 9.586 11.611 13.106 14.066 14.531 14.612 14.498 14.274 13.957 13.574 13.111 12.550 11.994 11.616 11.431 11.375 11.401 11.557
0.000 0.000 0.000 0.000 0.000 0.000 0.000 0.000 0.000 0.000 0.000 0.000 0.000 0.000 0.000 0.000 0.000 0.000 0.000 0.001 0.002 0.004 0.006 0.009 0.011 0.012 0.012 0.012 0.012 0.012 0.011 0.011 0.009 0.008 0.006 0.006 0.005 0.005 0.004 0.004 0.004 0.004 0.005 0.007 0.010 0.017 0.029 0.054 0.112 0.243 0.513 0.982 1.607 2.292 3.022 3.865 4.935 6.332 8.123 10.275 12.138 13.443 14.225 14.577 14.621 14.510 14.312 14.031 13.720 13.423 13.174 13.071 13.104 13.200 13.384 13.775 14.478
0.000 0.000 0.000 0.000 0.000 0.000 0.000 0.000 0.000 0.000 0.000 0.000 0.000 0.000 0.000 0.000 0.000 0.000 0.001 0.002 0.004 0.007 0.011 0.013 0.015 0.015 0.015 0.015 0.015 0.015 0.015 0.014 0.012 0.010 0.008 0.007 0.006 0.006 0.006 0.006 0.006 0.006 0.008 0.011 0.018 0.032 0.063 0.129 0.274 0.563 1.028 1.585 2.138 2.685 3.279 4.022 5.061 6.477 8.288 10.415 12.173 13.401 14.122 14.450 14.523 14.472 14.371 14.261 14.205 14.197 14.200 14.221 14.277 14.418 14.752 15.447 16.598
0.000 0.000 0.000 0.000 0.000 0.000 0.000 0.000 0.000 0.000 0.000 0.000 0.000 0.000 0.000 0.000 0.000 0.000 0.002 0.004 0.007 0.011 0.015 0.017 0.018 0.019 0.019 0.019 0.019 0.019 0.018 0.017 0.015 0.012 0.009 0.008 0.007 0.007 0.007 0.007 0.007 0.009 0.011 0.018 0.033 0.068 0.144 0.296 0.582 1.014 1.506 1.977 2.420 2.865 3.371 4.040 5.031 6.427 8.230 10.308 11.963 13.093 13.771 14.139 14.331 14.449 14.545 14.629 14.706 14.757 14.768 14.772 14.822 15.032 15.538 16.451 17.805
0.000 0.000 0.000 0.000 0.000 0.000 0.000 0.000 0.000 0.000 0.000 0.000 0.000 0.000 0.000 0.000 0.000 0.001 0.003 0.006 0.010 0.014 0.018 0.020 0.022 0.022 0.023 0.023 0.023 0.022 0.021 0.020 0.017 0.013 0.010 0.008 0.007 0.007 0.007 0.008 0.009 0.012 0.018 0.032 0.066 0.145 0.303 0.577 0.957 1.373 1.767 2.139 2.512 2.915 3.386 3.993 4.877 6.196 7.978 9.972 11.489 12.516 13.196 13.684 14.074 14.384 14.596 14.734 14.819 14.854 14.847 14.840 14.895 15.163 15.782 16.791 18.154
0.000 0.000 0.000 0.000 0.000 0.000 0.000 0.000 0.000 0.000 0.000 0.000 0.000 0.000 0.000 0.000 0.000 0.001 0.003 0.007 0.012 0.017 0.021 0.023 0.025 0.025 0.026 0.026 0.026 0.025 0.024 0.022 0.019 0.015 0.011 0.009 0.008 0.007 0.008 0.009 0.011 0.016 0.028 0.057 0.130 0.284 0.542 0.871 1.217 1.548 1.860 2.174 2.522 2.914 3.362 3.891 4.611 5.781 7.506 9.423 10.831 11.793 12.514 13.144 13.708 14.143 14.398 14.514 14.545 14.518 14.466 14.429 14.486 14.819 15.531 16.601 17.959
0.000 0.000 0.000 0.000 0.000 0.000 0.000 0.000 0.000 0.000 0.000 0.000 0.000 0.000 0.000 0.000 0.000 0.001 0.004 0.008 0.013 0.019 0.023 0.026 0.027 0.028 0.028 0.028 0.028 0.028 0.026 0.024 0.021 0.016 0.012 0.009 0.008 0.008 0.008 0.009 0.012 0.021 0.043 0.101 0.232 0.463 0.759 1.055 1.333 1.602 1.873 2.171 2.507 2.884 3.301 3.767 4.360 5.343 6.922 8.742 10.073 11.008 11.770 12.465 13.059 13.467 13.660 13.696 13.634 13.508 13.371 13.288 13.334 13.716 14.537 15.732 17.169
0.000 0.000 0.000 0.000 0.000 0.000 0.000 0.000 0.000 0.000 0.000 0.000 0.000 0.000 0.000 0.000 0.000 0.001 0.004 0.008 0.014 0.021 0.025 0.028 0.030 0.030 0.031 0.031 0.030 0.030 0.028 0.026 0.022 0.017 0.013 0.010 0.008 0.008 0.008 0.009 0.013 0.026 0.062 0.154 0.338 0.610 0.886 1.132 1.366 1.604 1.863 2.150 2.469 2.822 3.209 3.633 4.156 5.000 6.368 7.989 9.204 10.094 10.835 11.473 11.955 12.226 12.295 12.230 12.058 11.791 11.555 11.434 11.499 11.969 12.927 14.284 15.873
0.000 0.000 0.000 0.000 0.000 0.000 0.000 0.000 0.000 0.000 0.000 0.000 0.000 0.000 0.000 0.000 0.000 0.001 0.004 0.008 0.014 0.022 0.027 0.030 0.032 0.032 0.033 0.033 0.032 0.031 0.030 0.027 0.024 0.019 0.014 0.010 0.008 0.008 0.008 0.009 0.014 0.028 0.074 0.193 0.415 0.695 0.937 1.151 1.363 1.589 1.836 2.109 2.406 2.734 3.092 3.485 3.959 4.689 5.845 7.175 8.174 8.929 9.553 10.047 10.357 10.458 10.400 10.243 9.969 9.643 9.447 9.410 9.641 10.279 11.325 12.712 14.345
0.000 0.000 0.000 0.000 0.000 0.000 0.000 0.000 0.000 0.000 0.000 0.000 0.000 0.000 0.000 0.000 0.000 0.001 0.003 0.008 0.014 0.022 0.028 0.032 0.033 0.034 0.034 0.034 0.034 0.033 0.031 0.028 0.025 0.020 0.014 0.010 0.008 0.007 0.007 0.009 0.013 0.029 0.078 0.210 0.456 0.731 0.947 1.142 1.341 1.554 1.785 2.039 2.316 2.621 2.953 3.319 3.751 4.377 5.328 6.332 7.033 7.543 7.950 8.248 8.402 8.419 8.350 8.214 8.007 7.818 7.734 7.796 8.152 8.860 9.888 11.193 12.729
0.000 0.000 0.000 0.000 0.000 0.000 0.000 0.000 0.000 0.000 0.000 0.000 0.000 0.000 0.000 0.000 0.000 0.001 0.003 0.006 0.012 0.020 0.028 0.033 0.034 0.035 0.035 0.035 0.035 0.034 0.032 0.029 0.026 0.021 0.015 0.011 0.008 0.007 0.007 0.008 0.013 0.028 0.077 0.212 0.468 0.738 0.937 1.112 1.294 1.490 1.703 1.938 2.197 2.481 2.790 3.129 3.519 4.041 4.793 5.533 6.008 6.302 6.499 6.630 6.694 6.686 6.624 6.533 6.414 6.332 6.320 6.456 6.846 7.516 8.453 9.631 10.997
0.000 0.000 0.000 0.000 0.000 0.000 0.000 0.000 0.000 0.000 0.000 0.000 0.000 0.000 0.000 0.000 0.000 0.000 0.001 0.003 0.008 0.016 0.027 0.033 0.035 0.036 0.036 0.035 0.035 0.034 0.032 0.030 0.027 0.022 0.016 0.012 0.008 0.007 0.007 0.008 0.012 0.026 0.072 0.201 0.454 0.722 0.906 1.057 1.214 1.386 1.579 1.799 2.040 2.305 2.593 2.904 3.247 3.664 4.225 4.761 5.096 5.270 5.351 5.380 5.376 5.338 5.277 5.201 5.121 5.080 5.099 5.256 5.608 6.174 6.960 7.953 9.111
0.000 0.000 0.000 0.000 0.000 0.000 0.000 0.000 0.000 0.000 0.000 0.000 0.000 0.000 0.000 0.000 0.000 0.000 0.001 0.001 0.004 0.010 0.022 0.031 0.035 0.036 0.036 0.036 0.035 0.034 0.033 0.031 0.027 0.023 0.018 0.013 0.009 0.007 0.007 0.007 0.010 0.021 0.059 0.170 0.398 0.659 0.839 0.972 1.098 1.237 1.398 1.592 1.816 2.065 2.336 2.622 2.924 3.258 3.663 4.038 4.282 4.404 4.445 4.436 4.398 4.341 4.268 4.173 4.070 4.015 4.021 4.134 4.396 4.818 5.421 6.220 7.200
0.000 0.000 0.000 0.000 0.000 0.000 0.000 0.000 0.000 0.000 0.000 0.000 0.000 0.000 0.000 0.000 0.000 0.000 0.000 0.001 0.002 0.005 0.015 0.027 0.034 0.036 0.036 0.036 0.035 0.034 0.033 0.031 0.028 0.024 0.019 0.014 0.010 0.008 0.007 0.007 0.008 0.015 0.039 0.114 0.289 0.532 0.719 0.846 0.941 1.032 1.134 1.266 1.449 1.686 1.958 2.243 2.535 2.831 3.132 3.390 3.567 3.666 3.701 3.686 3.639 3.573 3.482 3.357 3.209 3.107 3.065 3.099 3.242 3.527 3.977 4.603 5.392
0.000 0.000 0.000 0.000 0.000 0.000 0.000 0.000 0.000 0.000 0.000 0.000 0.000 0.000 0.000 0.000 0.000 0.000 0.000 0.000 0.001 0.002 0.008 0.020 0.031 0.035 0.036 0.035 0.035 0.034 0.033 0.031 0.029 0.026 0.021 0.016 0.011 0.008 0.007 0.007 0.007 0.011 0.022 0.060 0.162 0.350 0.533 0.655 0.720 0.761 0.794 0.846 0.948 1.133 1.400 1.716 2.049 2.364 2.616 2.806 2.938 3.017 3.045 3.030 2.984 2.918 2.815 2.671 2.498 2.344 2.237 2.195 2.234 2.392 2.697 3.144 3.695
0.000 0.000 0.000 0.000 0.000 0.000 0.000 0.000 0.000 0.000 0.000 0.000 0.000 0.000 0.000 0.000 0.000 0.000 0.000 0.000 0.001 0.001 0.004 0.012 0.024 0.032 0.034 0.035 0.034 0.034 0.033 0.032 0.029 0.027 0.023 0.018 0.013 0.010 0.008 0.007 0.008 0.009 0.015 0.032 0.082 0.191 0.325 0.419 0.464 0.480 0.479 0.479 0.508 0.604 0.813 1.127 1.478 1.817 2.076 2.248 2.359 2.421 2.442 2.425 2.381 2.314 2.209 2.065 1.896 1.716 1.552 1.448 1.420 1.476 1.640 1.904 2.197
0.000 0.000 0.000 0.000 0.000 0.000 0.000 0.000 0.000 0.000 0.000 0.000 0.000 0.000 0.000 0.000 0.000 0.000 0.000 0.000 0.000 0.001 0.002 0.006 0.015 0.026 0.031 0.033 0.033 0.033 0.033 0.032 0.030 0.027 0.024 0.020 0.015 0.012 0.009 0.008 0.008 0.009 0.011 0.020 0.043 0.097 0.179 0.241 0.273 0.283 0.275 0.258 0.255 0.284 0.386 0.602 0.915 1.246 1.513 1.690 1.800 1.858 1.876 1.856 1.811 1.741 1.640 1.516 1.370 1.197 1.013 0.876 0.807 0.798 0.848 0.957 1.053
0.000 0.000 0.000 0.000 0.000 0.000 0.000 0.000 0.000 0.000 0.000 0.000 0.000 0.000 0.000 0.000 0.000 0.000 0.000 0.000 0.000 0.000 0.001 0.002 0.007 0.017 0.026 0.030 0.032 0.032 0.032 0.031 0.030 0.028 0.025 0.021 0.017 0.013 0.011 0.009 0.009 0.009 0.010 0.014 0.026 0.052 0.098 0.137 0.161 0.168 0.164 0.150 0.140 0.143 0.174 0.270 0.456 0.710 0.958 1.133 1.245 1.307 1.330 1.315 1.270 1.201 1.112 1.016 0.904 0.763 0.603 0.480 0.407 0.376 0.369 0.386 0.397
0.000 0.000 0.000 0.000 0.000 0.000 0.000 0.000 0.000 0.000 0.000 0.000 0.000 0.000 0.000 0.000 0.000 0.000 0.000 0.000 0.000 0.000 0.001 0.001 0.003 0.008 0.017 0.025 0.029 0.031 0.031 0.031 0.030 0.028 0.025 0.022 0.018 0.014 0.012 0.010 0.009 0.009 0.010 0.012 0.019 0.033 0.059 0.086 0.103 0.109 0.108 0.100 0.090 0.086 0.091 0.120 0.197 0.331 0.491 0.626 0.717 0.774 0.802 0.800 0.769 0.715 0.650 0.584 0.514 0.424 0.316 0.235 0.188 0.163 0.152 0.147 0.144
0.000 0.000 0.000 0.000 0.000 0.000 0.000 0.000 0.000 0.000 0.000 0.000 0.000 0.000 0.000 0.000 0.000 0.000 0.000 0.000 0.000 0.000 0.000 0.001 0.001 0.003 0.009 0.017 0.024 0.028 0.030 0.030 0.029 0.028 0.025 0.022 0.018 0.015 0.012 0.010 0.009 0.009 0.009 0.011 0.015 0.024 0.041 0.059 0.072 0.077 0.078 0.074 0.067 0.060 0.059 0.065 0.088 0.138 0.213 0.285 0.336 0.368 0.383 0.386 0.374 0.348 0.314 0.281 0.246 0.201 0.147 0.108 0.085 0.074 0.067 0.063 0.060
0.000 0.000 0.000 0.000 0.000 0.000 0.000 0.000 0.000 0.000 0.000 0.000 0.000 0.000 0.000 0.000 0.000 0.000 0.000 0.000 0.000 0.000 0.000 0.000 0.001 0.001 0.004 0.008 0.016 0.023 0.027 0.029 0.029 0.027 0.025 0.022 0.018 0.015 0.012 0.011 0.009 0.009 0.009 0.010 0.013 0.019 0.030 0.044 0.053 0.057 0.058 0.057 0.052 0.046 0.042 0.043 0.048 0.063 0.090 0.119 0.140 0.153 0.159 0.160 0.156 0.146 0.133 0.120 0.106 0.088 0.067 0.051 0.042 0.037 0.035 0.033 0.031
0.000 0.000 0.000 0.000 0.000 0.000 0.000 0.000 0.000 0.000 0.000 0.000 0.000 0.000 0.000 0.000 0.000 0.000 0.000 0.000 0.000 0.000 0.000 0.000 0.000 0.001 0.001 0.003 0.008 0.015 0.023 0.026 0.027 0.027 0.025 0.022 0.018 0.015 0.012 0.011 0.009 0.009 0.009 0.009 0.011 0.015 0.022 0.032 0.039 0.043 0.044 0.043 0.040 0.036 0.032 0.030 0.031 0.035 0.044 0.055 0.062 0.067 0.069 0.069 0.067 0.064 0.059 0.054 0.048 0.042 0.034 0.028 0.024 0.022 0.021 0.020 0.019
0.000 0.000 0.000 0.000 0.000 0.000 0.000 0.000 0.000 0.000 0.000 0.000 0.000 0.000 0.000 0.000 0.000 0.000 0.000 0.000 0.000 0.000 0.000 0.000 0.000 0.001 0.001 0.001 0.003 0.008 0.015 0.022 0.024 0.025 0.023 0.021 0.018 0.015 0.012 0.010 0.009 0.008 0.008 0.008 0.009 0.011 0.016 0.023 0.028 0.031 0.032 0.031 0.030 0.027 0.024 0.022 0.021 0.023 0.025 0.029 0.032 0.034 0.035 0.035 0.034 0.032 0.030 0.028 0.026 0.023 0.020 0.017 0.016 0.015 0.014 0.014 0.013
0.000 0.000 0.000 0.000 0.000 0.000 0.000 0.000 0.000 0.000 0.000 0.000 0.000 0.000 0.000 0.000 0.000 0.000 0.000 0.000 0.000 0.001 0.001 0.000 0.000 0.001 0.001 0.001 0.001 0.003 0.008 0.015 0.020 0.021 0.021 0.020 0.017 0.015 0.012 0.010 0.008 0.007 0.007 0.007 0.007 0.008 0.011 0.015 0.019 0.021 0.022 0.022 0.021 0.019 0.017 0.015 0.015 0.015 0.016 0.018 0.019 0.020 0.020 0.020 0.020 0.019 0.018 0.017 0.016 0.015 0.013 0.012 0.011 0.011 0.010 0.010 0.010
0.000 0.000 0.000 0.000 0.000 0.000 0.000 0.000 0.000 0.000 0.000 0.000 0.000 0.000 0.000 0.000 0.000 0.000 0.000 0.000 0.001 0.001 0.001 0.001 0.001 0.001 0.001 0.001 0.001 0.002 0.004 0.008 0.013 0.016 0.017 0.017 0.016 0.014 0.012 0.010 0.008 0.006 0.005 0.005 0.005 0.005 0.007 0.009 0.011 0.013 0.014 0.014 0.013 0.012 0.011 0.010 0.010 0.010 0.010 0.011 0.012 0.012 0.013 0.013 0.013 0.012 0.011 0.011 0.010 0.010 0.009 0.008 0.008 0.008 0.008 0.007 0.007
0.000 0.000 0.000 0.000 0.000 0.000 0.000 0.000 0.000 0.000 0.000 0.000 0.000 0.000 0.000 0.000 0.000 0.000 0.000 0.000 0.001 0.001 0.001 0.001 0.001 0.001 0.001 0.001 0.001 0.001 0.002 0.004 0.008 0.011 0.013 0.013 0.013 0.012 0.011 0.009 0.007 0.005 0.004 0.003 0.003 0.003 0.004 0.005 0.006 0.007 0.008 0.008 0.008 0.007 0.007 0.006 0.006 0.006 0.007 0.007 0.008 0.008 0.008 0.008 0.008 0.008 0.007 0.007 0.007 0.007 0.006 0.006 0.006 0.006 0.006 0.005 0.005
0.000 0.000 0.000 0.000 0.000 0.000 0.000 0.000 0.000 0.000 0.000 0.000 0.000 0.000 0.000 0.000 0.000 0.000 0.000 0.001 0.001 0.001 0.001 0.001 0.001 0.001 0.001 0.001 0.001 0.001 0.001 0.002 0.004 0.006 0.008 0.009 0.009 0.009 0.009 0.008 0.006 0.004 0.003 0.002 0.002 0.002 0.002 0.002 0.003 0.003 0.004 0.004 0.004 0.004 0.004 0.004 0.004 0.004 0.004 0.005 0.005 0.005 0.005 0.005 0.005 0.005 0.005 0.005 0.005 0.005 0.004 0.004 0.004 0.004 0.004 0.004 0.004
0.000 0.000 0.000 0.000 0.000 0.000 0.000 0.000 0.000 0.000 0.000 0.000 0.000 0.000 0.000 0.000 0.000 0.001 0.001 0.001 0.001 0.001 0.001 0.001 0.001 0.001 0.001 0.001 0.001 0.001 0.001 0.001 0.002 0.003 0.004 0.005 0.006 0.006 0.006 0.006 0.005 0.003 0.002 0.001 0.001 0.001 0.001 0.001 0.001 0.001 0.002 0.002 0.002 0.002 0.002 0.002 0.002 0.002 0.003 0.003 0.003 0.003 0.003 0.003 0.003 0.003 0.003 0.003 0.003 0.003 0.003 0.003 0.003 0.003 0.003 0.003 0.003
0.000 0.000 0.000 0.000 0.000 0.000 0.000 0.000 0.000 0.000 0.000 0.000 0.000 0.000 0.000 0.000 0.000 0.001 0.001 0.001 0.001 0.001 0.001 0.001 0.001 0.001 0.001 0.001 0.000 0.000 0.001 0.001 0.001 0.001 0.002 0.002 0.003 0.003 0.003 0.003 0.002 0.002 0.001 0.001 0.001 0.001 0.001 0.001 0.001 0.001 0.001 0.001 0.001 0.001 0.001 0.001 0.001 0.001 0.002 0.002 0.002 0.002 0.002 0.002 0.002 0.002 0.002 0.002 0.002 0.002 0.002 0.002 0.002 0.001 0.001 0.001 0.002
0.000 0.000 0.000 0.000 0.001 0.000 0.000 0.000 0.000 0.000 0.000 0.000 0.000 0.000 0.000 0.000 0.000 0.001 0.001 0.001 0.001 0.001 0.001 0.001 0.001 0.001 0.001 0.001 0.001 0.001 0.001 0.001 0.001 0.001 0.001 0.001 0.001 0.001 0.001 0.001 0.001 0.001 0.001 0.001 0.001 0.000 0.000 0.000 0.000 0.000 0.000 0.000 0.000 0.000 0.000 0.000 0.000 0.001 0.001 0.001 0.001 0.001 0.001 0.001 0.001 0.001 0.001 0.001 0.001 0.001 0.001 0.001 0.001 0.001 0.001 0.001 0.001
0.000 0.000 0.000 0.000 0.000 0.000 0.000 0.000 0.000 0.000 0.000 0.000 0.000 0.000 0.000 0.000 0.001 0.001 0.001 0.001 0.001 0.001 0.001 0.001 0.001 0.001 0.001 0.001 0.001 0.001 0.001 0.001 0.001 0.001 0.001 0.001 0.001 0.001 0.001 0.001 0.001 0.001 0.001 0.001 0.001 0.001 0.000 0.000 0.000 0.000 0.000 0.000 0.000 0.000 0.000 0.000 0.000 0.000 0.001 0.001 0.001 0.001 0.001 0.001 0.001 0.001 0.001 0.001 0.001 0.001 0.001 0.001 0.001 0.000 0.000 0.000 0.001
0.000 0.000 0.000 0.000 0.000 0.000 0.000 0.000 0.000 0.000 0.000 0.000 0.000 0.000 0.000 0.000 0.001 0.001 0.001 0.001 0.001 0.001 0.001 0.001 0.001 0.001 0.001 0.001 0.001 0.001 0.001 0.001 0.001 0.001 0.000 0.000 0.000 0.000 0.001 0.001 0.001 0.001 0.001 0.001 0.001 0.001 0.001 0.000 0.000 0.000 0.000 0.000 0.000 0.000 0.000 0.000 0.000 0.000 0.000 0.001 0.001 0.001 0.001 0.001 0.001 0.001 0.001 0.001 0.001 0.001 0.001 0.001 0.001 0.000 0.000 0.000 0.000
0.000 0.000 0.000 0.000 0.000 0.000 0.000 0.000 0.000 0.000 0.000 0.000 0.000 0.000 0.000 0.001 0.001 0.001 0.001 0.001 0.001 0.001 0.001 0.001 0.001 0.001 0.001 0.001 0.001 0.001 0.001 0.001 0.001 0.001 0.001 0.000 0.000 0.000 0.000 0.001 0.001 0.001 0.001 0.001 0.001 0.001 0.001 0.001 0.000 0.000 0.000 0.000 0.000 0.000 0.000 0.000 0.000 0.000 0.000 0.000 0.001 0.001 0.001 0.001 0.001 0.001 0.001 0.001 0.001 0.001 0.001 0.000 0.000 0.000 0.000 0.000 0.000
