RESULTS/r.avaflow_results/21_results/21_ascii/21_hflow0018.asc
ncols 506
nrows 317
xllcenter 498237.50
yllcenter 5580050.00
cellsize 12.50
NODATA_value -9999.000
[rows 170 to 203 of 317, columns 77 to 153 of 506]
0.000 0.000 0.000 0.000 0.000 0.000 0.000 0.000 0.000 0.000 0.000 0.000 0.000 0.000 0.000 0.000 0.000 0.000 0.000 0.000 0.000 0.000 0.001 0.003 0.007 0.012 0.017 0.020 0.022 0.023 0.023 0.023 0.022 0.020 0.017 0.016 0.015 0.014 0.014 0.013 0.012 0.011 0.010 0.010 0.011 0.013 0.017 0.027 0.047 0.091 0.189 0.395 0.774 1.300 1.851 2.389 3.008 3.844 5.006 6.566 8.534 10.560 12.113 13.139 13.670 13.823 13.784 13.651 13.453 13.096 12.478 11.617 10.721 10.019 9.503 9.113 8.828
0.000 0.000 0.000 0.000 0.000 0.000 0.000 0.000 0.000 0.000 0.000 0.000 0.000 0.000 0.000 0.000 0.000 0.000 0.000 0.000 0.000 0.001 0.003 0.007 0.012 0.020 0.026 0.031 0.033 0.034 0.035 0.034 0.033 0.030 0.026 0.024 0.023 0.023 0.022 0.021 0.019 0.017 0.016 0.017 0.018 0.024 0.036 0.064 0.123 0.249 0.494 0.918 1.466 1.999 2.473 2.982 3.636 4.552 5.823 7.519 9.596 11.445 12.770 13.603 13.991 14.046 13.929 13.746 13.507 13.143 12.630 12.091 11.737 11.600 11.605 11.693 11.898
0.000 0.000 0.000 0.000 0.000 0.000 0.000 0.000 0.000 0.000 0.000 0.000 0.000 0.000 0.000 0.000 0.000 0.000 0.000 0.000 0.001 0.003 0.006 0.012 0.020 0.030 0.038 0.044 0.048 0.049 0.050 0.049 0.047 0.043 0.038 0.036 0.035 0.034 0.034 0.032 0.028 0.026 0.025 0.026 0.032 0.047 0.083 0.161 0.321 0.615 1.070 1.580 2.024 2.390 2.753 3.221 3.894 4.857 6.175 7.920 10.005 11.716 12.913 13.662 14.016 14.074 13.995 13.859 13.694 13.495 13.304 13.238 13.306 13.445 13.674 14.105 14.850
0.000 0.000 0.000 0.000 0.000 0.000 0.000 0.000 0.000 0.000 0.000 0.000 0.000 0.000 0.000 0.000 0.000 0.000 0.000 0.001 0.002 0.006 0.011 0.019 0.030 0.042 0.054 0.062 0.066 0.068 0.069 0.068 0.066 0.061 0.054 0.050 0.049 0.048 0.048 0.046 0.042 0.039 0.039 0.044 0.060 0.103 0.199 0.391 0.729 1.200 1.674 2.039 2.310 2.550 2.846 3.284 3.951 4.920 6.241 7.982 10.036 11.686 12.839 13.566 13.936 14.066 14.120 14.169 14.235 14.306 14.364 14.428 14.523 14.703 15.074 15.800 16.983
0.000 0.000 0.000 0.000 0.000 0.000 0.000 0.000 0.000 0.000 0.000 0.000 0.000 0.000 0.000 0.000 0.000 0.000 0.000 0.001 0.004 0.009 0.017 0.027 0.040 0.057 0.072 0.083 0.089 0.092 0.093 0.092 0.089 0.083 0.073 0.065 0.060 0.059 0.058 0.058 0.057 0.057 0.060 0.075 0.119 0.229 0.447 0.811 1.264 1.688 2.008 2.228 2.396 2.586 2.864 3.288 3.937 4.886 6.187 7.915 9.890 11.452 12.560 13.306 13.777 14.092 14.360 14.587 14.763 14.878 14.939 14.990 15.085 15.333 15.871 16.811 18.193
0.000 0.000 0.000 0.000 0.000 0.000 0.000 0.000 0.000 0.000 0.000 0.000 0.000 0.000 0.000 0.000 0.000 0.000 0.000 0.002 0.006 0.012 0.021 0.033 0.049 0.069 0.089 0.102 0.111 0.114 0.115 0.115 0.112 0.104 0.090 0.076 0.068 0.065 0.064 0.065 0.068 0.074 0.089 0.130 0.238 0.469 0.846 1.272 1.643 1.924 2.115 2.253 2.397 2.581 2.853 3.256 3.862 4.769 6.040 7.727 9.566 11.011 12.096 12.925 13.572 14.067 14.443 14.707 14.883 14.977 15.018 15.060 15.163 15.471 16.118 17.151 18.543
0.000 0.000 0.000 0.000 0.000 0.000 0.000 0.000 0.000 0.000 0.000 0.000 0.000 0.000 0.000 0.000 0.000 0.000 0.000 0.002 0.007 0.014 0.024 0.038 0.056 0.079 0.101 0.117 0.126 0.131 0.132 0.131 0.128 0.119 0.103 0.084 0.073 0.068 0.066 0.067 0.073 0.089 0.128 0.223 0.436 0.799 1.209 1.545 1.798 1.981 2.109 2.221 2.361 2.548 2.809 3.179 3.721 4.560 5.785 7.407 9.109 10.455 11.541 12.473 13.265 13.868 14.267 14.492 14.601 14.625 14.617 14.627 14.734 15.112 15.865 16.968 18.359
0.000 0.000 0.000 0.000 0.000 0.000 0.000 0.000 0.000 0.000 0.000 0.000 0.000 0.000 0.000 0.000 0.000 0.000 0.000 0.002 0.007 0.015 0.026 0.041 0.060 0.085 0.109 0.126 0.137 0.142 0.143 0.143 0.139 0.130 0.112 0.090 0.075 0.068 0.067 0.068 0.075 0.100 0.167 0.334 0.653 1.066 1.407 1.643 1.818 1.948 2.044 2.147 2.286 2.474 2.727 3.066 3.550 4.308 5.453 6.987 8.574 9.850 10.931 11.887 12.677 13.235 13.549 13.666 13.657 13.575 13.480 13.440 13.541 13.984 14.860 16.098 17.571
0.000 0.000 0.000 0.000 0.000 0.000 0.000 0.000 0.000 0.000 0.000 0.000 0.000 0.000 0.000 0.000 0.000 0.000 0.000 0.002 0.008 0.016 0.027 0.043 0.063 0.089 0.114 0.132 0.143 0.148 0.149 0.149 0.145 0.136 0.118 0.093 0.076 0.068 0.066 0.066 0.074 0.104 0.194 0.418 0.806 1.205 1.470 1.644 1.765 1.852 1.933 2.033 2.170 2.357 2.604 2.924 3.370 4.060 5.097 6.494 7.947 9.135 10.144 10.995 11.638 12.032 12.187 12.167 12.029 11.795 11.598 11.520 11.652 12.204 13.234 14.646 16.272
0.000 0.000 0.000 0.000 0.000 0.000 0.000 0.000 0.000 0.000 0.000 0.000 0.000 0.000 0.000 0.000 0.000 0.000 0.000 0.002 0.008 0.016 0.028 0.044 0.064 0.091 0.116 0.134 0.145 0.151 0.152 0.152 0.148 0.139 0.121 0.095 0.075 0.065 0.062 0.063 0.071 0.103 0.207 0.465 0.888 1.247 1.459 1.577 1.648 1.711 1.785 1.882 2.016 2.198 2.440 2.751 3.168 3.792 4.716 5.944 7.186 8.194 9.026 9.672 10.097 10.283 10.270 10.128 9.876 9.590 9.443 9.464 9.784 10.515 11.642 13.082 14.743
0.000 0.000 0.000 0.000 0.000 0.000 0.000 0.000 0.000 0.000 0.000 0.000 0.000 0.000 0.000 0.000 0.000 0.000 0.000 0.002 0.008 0.016 0.028 0.044 0.065 0.091 0.116 0.134 0.146 0.151 0.153 0.152 0.149 0.140 0.122 0.095 0.072 0.060 0.056 0.056 0.065 0.098 0.206 0.478 0.913 1.230 1.380 1.442 1.484 1.534 1.602 1.696 1.824 2.000 2.233 2.533 2.925 3.483 4.290 5.332 6.279 6.999 7.545 7.933 8.146 8.193 8.139 8.033 7.864 7.734 7.704 7.849 8.310 9.115 10.225 11.582 13.137
0.000 0.000 0.000 0.000 0.000 0.000 0.000 0.000 0.000 0.000 0.000 0.000 0.000 0.000 0.000 0.000 0.000 0.000 0.000 0.002 0.007 0.016 0.028 0.044 0.065 0.091 0.116 0.134 0.145 0.151 0.152 0.152 0.149 0.140 0.123 0.095 0.068 0.052 0.047 0.047 0.054 0.087 0.194 0.466 0.888 1.148 1.235 1.260 1.281 1.321 1.381 1.470 1.592 1.759 1.979 2.261 2.621 3.111 3.808 4.653 5.299 5.719 6.003 6.198 6.312 6.352 6.336 6.291 6.230 6.212 6.273 6.513 7.015 7.787 8.808 10.038 11.425
0.000 0.000 0.000 0.000 0.000 0.000 0.000 0.000 0.000 0.000 0.000 0.000 0.000 0.000 0.000 0.000 0.000 0.000 0.000 0.002 0.006 0.014 0.026 0.043 0.065 0.090 0.114 0.132 0.143 0.149 0.150 0.150 0.146 0.138 0.122 0.095 0.066 0.047 0.038 0.037 0.042 0.068 0.161 0.407 0.780 0.989 1.041 1.044 1.044 1.069 1.121 1.203 1.319 1.473 1.675 1.931 2.255 2.681 3.276 3.917 4.343 4.594 4.745 4.835 4.888 4.910 4.911 4.902 4.899 4.926 5.035 5.300 5.771 6.452 7.334 8.388 9.570
0.000 0.000 0.000 0.000 0.000 0.000 0.000 0.000 0.000 0.000 0.000 0.000 0.000 0.000 0.000 0.000 0.000 0.000 0.000 0.001 0.004 0.010 0.023 0.041 0.063 0.088 0.110 0.127 0.138 0.143 0.144 0.144 0.141 0.133 0.118 0.095 0.065 0.044 0.033 0.030 0.031 0.046 0.107 0.283 0.572 0.752 0.804 0.809 0.801 0.812 0.849 0.917 1.020 1.162 1.346 1.578 1.864 2.222 2.684 3.137 3.448 3.644 3.751 3.803 3.826 3.832 3.827 3.815 3.815 3.842 3.935 4.155 4.533 5.074 5.779 6.647 7.660
0.000 0.000 0.000 0.000 0.000 0.000 0.000 0.000 0.000 0.000 0.000 0.000 0.000 0.000 0.000 0.000 0.000 0.000 0.000 0.001 0.002 0.007 0.017 0.035 0.058 0.082 0.103 0.118 0.128 0.132 0.134 0.133 0.131 0.124 0.112 0.091 0.064 0.042 0.030 0.025 0.025 0.032 0.061 0.154 0.340 0.495 0.567 0.586 0.588 0.589 0.605 0.648 0.724 0.842 1.003 1.205 1.448 1.733 2.074 2.414 2.671 2.845 2.947 2.995 3.009 3.004 2.986 2.947 2.919 2.921 2.965 3.091 3.340 3.732 4.278 4.981 5.818
0.000 0.000 0.000 0.000 0.000 0.000 0.000 0.000 0.000 0.000 0.000 0.000 0.000 0.000 0.000 0.000 0.000 0.000 0.000 0.000 0.001 0.003 0.011 0.026 0.049 0.073 0.091 0.104 0.112 0.117 0.118 0.118 0.116 0.111 0.101 0.084 0.061 0.041 0.028 0.023 0.022 0.024 0.037 0.082 0.185 0.303 0.372 0.398 0.406 0.405 0.401 0.413 0.451 0.522 0.639 0.805 1.007 1.243 1.523 1.801 2.014 2.167 2.265 2.313 2.324 2.316 2.288 2.230 2.170 2.136 2.127 2.165 2.285 2.537 2.932 3.456 4.050
0.000 0.000 0.000 0.000 0.000 0.000 0.000 0.000 0.000 0.000 0.000 0.000 0.000 0.000 0.000 0.000 0.000 0.000 0.000 0.000 0.001 0.002 0.006 0.016 0.035 0.058 0.074 0.085 0.092 0.095 0.096 0.096 0.095 0.092 0.085 0.073 0.055 0.038 0.027 0.021 0.019 0.020 0.026 0.046 0.098 0.175 0.228 0.253 0.262 0.262 0.253 0.244 0.253 0.286 0.354 0.469 0.626 0.815 1.040 1.270 1.449 1.580 1.667 1.710 1.720 1.710 1.678 1.620 1.550 1.485 1.429 1.405 1.436 1.563 1.805 2.136 2.452
0.000 0.000 0.000 0.000 0.000 0.000 0.000 0.000 0.000 0.000 0.000 0.000 0.000 0.000 0.000 0.000 0.000 0.000 0.000 0.000 0.000 0.001 0.003 0.008 0.020 0.039 0.055 0.064 0.070 0.072 0.073 0.074 0.073 0.071 0.066 0.059 0.047 0.034 0.024 0.019 0.017 0.017 0.020 0.030 0.056 0.099 0.134 0.153 0.160 0.162 0.156 0.141 0.135 0.145 0.176 0.240 0.343 0.474 0.633 0.808 0.954 1.064 1.137 1.172 1.175 1.164 1.138 1.095 1.040 0.968 0.884 0.824 0.806 0.841 0.947 1.102 1.207
0.000 0.000 0.000 0.000 0.000 0.000 0.000 0.000 0.000 0.000 0.000 0.000 0.000 0.000 0.000 0.000 0.000 0.000 0.000 0.000 0.000 0.001 0.001 0.003 0.010 0.022 0.037 0.046 0.052 0.054 0.055 0.055 0.055 0.053 0.050 0.044 0.036 0.027 0.021 0.017 0.015 0.015 0.016 0.022 0.035 0.059 0.079 0.091 0.097 0.099 0.096 0.086 0.077 0.076 0.086 0.113 0.165 0.241 0.336 0.448 0.551 0.630 0.685 0.709 0.708 0.698 0.683 0.662 0.629 0.576 0.498 0.434 0.401 0.395 0.414 0.453 0.468
0.000 0.000 0.000 0.000 0.000 0.000 0.000 0.000 0.000 0.000 0.000 0.000 0.000 0.000 0.000 0.000 0.000 0.000 0.000 0.000 0.000 0.000 0.001 0.001 0.004 0.011 0.022 0.031 0.037 0.040 0.041 0.041 0.040 0.039 0.037 0.033 0.027 0.021 0.016 0.014 0.013 0.013 0.013 0.017 0.024 0.037 0.049 0.056 0.060 0.062 0.061 0.056 0.048 0.045 0.047 0.056 0.077 0.111 0.157 0.216 0.274 0.320 0.351 0.365 0.364 0.359 0.354 0.347 0.333 0.303 0.253 0.209 0.184 0.173 0.169 0.171 0.170
0.000 0.000 0.000 0.000 0.000 0.000 0.000 0.000 0.000 0.000 0.000 0.000 0.000 0.000 0.000 0.000 0.000 0.000 0.000 0.000 0.000 0.000 0.000 0.001 0.002 0.005 0.011 0.018 0.024 0.028 0.030 0.030 0.030 0.029 0.027 0.024 0.020 0.015 0.012 0.011 0.010 0.010 0.011 0.013 0.018 0.025 0.032 0.036 0.038 0.039 0.040 0.037 0.033 0.029 0.029 0.032 0.040 0.053 0.072 0.097 0.123 0.143 0.156 0.162 0.163 0.162 0.161 0.159 0.155 0.143 0.121 0.098 0.085 0.078 0.075 0.072 0.070
0.000 0.000 0.000 0.000 0.000 0.000 0.000 0.000 0.000 0.000 0.000 0.000 0.000 0.000 0.000 0.000 0.000 0.000 0.000 0.000 0.000 0.000 0.000 0.001 0.001 0.002 0.004 0.009 0.014 0.018 0.020 0.021 0.021 0.021 0.019 0.017 0.014 0.011 0.009 0.008 0.007 0.008 0.008 0.009 0.012 0.017 0.021 0.023 0.025 0.025 0.026 0.025 0.022 0.020 0.020 0.021 0.024 0.029 0.037 0.048 0.059 0.066 0.071 0.073 0.074 0.074 0.074 0.073 0.072 0.068 0.059 0.049 0.043 0.039 0.038 0.036 0.035
0.000 0.000 0.000 0.000 0.000 0.000 0.000 0.000 0.000 0.000 0.000 0.000 0.000 0.000 0.000 0.000 0.000 0.000 0.000 0.000 0.000 0.000 0.000 0.001 0.001 0.001 0.002 0.003 0.006 0.010 0.013 0.014 0.015 0.014 0.014 0.012 0.010 0.008 0.006 0.005 0.005 0.005 0.006 0.007 0.008 0.011 0.014 0.015 0.016 0.016 0.016 0.016 0.015 0.014 0.013 0.014 0.016 0.018 0.022 0.027 0.032 0.035 0.037 0.038 0.038 0.038 0.038 0.038 0.037 0.035 0.032 0.027 0.024 0.023 0.022 0.021 0.020
0.000 0.000 0.000 0.000 0.000 0.000 0.000 0.000 0.000 0.000 0.000 0.000 0.000 0.000 0.000 0.000 0.000 0.000 0.000 0.000 0.000 0.000 0.000 0.000 0.001 0.001 0.001 0.001 0.002 0.004 0.007 0.008 0.009 0.009 0.009 0.008 0.007 0.005 0.004 0.004 0.003 0.003 0.004 0.004 0.005 0.007 0.009 0.009 0.010 0.010 0.010 0.010 0.010 0.009 0.009 0.010 0.011 0.012 0.015 0.017 0.020 0.021 0.022 0.023 0.023 0.023 0.022 0.022 0.021 0.020 0.019 0.017 0.015 0.015 0.014 0.014 0.013
0.000 0.000 0.000 0.000 0.000 0.000 0.000 0.000 0.000 0.000 0.000 0.000 0.000 0.000 0.000 0.000 0.000 0.000 0.000 0.000 0.000 0.001 0.001 0.001 0.001 0.001 0.001 0.001 0.001 0.002 0.003 0.004 0.005 0.005 0.005 0.005 0.004 0.003 0.003 0.002 0.002 0.002 0.002 0.002 0.003 0.004 0.005 0.006 0.006 0.006 0.006 0.006 0.006 0.006 0.006 0.006 0.007 0.008 0.010 0.011 0.013 0.013 0.014 0.014 0.014 0.014 0.014 0.014 0.013 0.013 0.012 0.011 0.010 0.010 0.010 0.009 0.009
0.000 0.000 0.000 0.000 0.000 0.000 0.000 0.000 0.000 0.000 0.000 0.000 0.000 0.000 0.000 0.000 0.000 0.000 0.000 0.000 0.001 0.001 0.001 0.001 0.001 0.001 0.001 0.001 0.001 0.001 0.001 0.002 0.002 0.003 0.003 0.003 0.002 0.002 0.001 0.001 0.001 0.001 0.001 0.001 0.001 0.002 0.003 0.003 0.003 0.003 0.003 0.003 0.003 0.003 0.003 0.004 0.004 0.005 0.006 0.007 0.008 0.009 0.009 0.009 0.009 0.009 0.009 0.009 0.009 0.008 0.008 0.007 0.007 0.007 0.007 0.006 0.006
0.000 0.000 0.000 0.000 0.000 0.000 0.000 0.000 0.000 0.000 0.000 0.000 0.000 0.000 0.000 0.000 0.000 0.000 0.000 0.000 0.001 0.001 0.001 0.001 0.001 0.001 0.001 0.001 0.001 0.001 0.001 0.001 0.001 0.001 0.001 0.001 0.001 0.001 0.001 0.001 0.001 0.001 0.001 0.001 0.001 0.001 0.001 0.001 0.001 0.001 0.001 0.002 0.002 0.002 0.002 0.002 0.003 0.003 0.004 0.005 0.005 0.006 0.006 0.006 0.006 0.006 0.006 0.006 0.006 0.005 0.005 0.005 0.005 0.005 0.005 0.004 0.004
0.000 0.000 0.000 0.000 0.000 0.000 0.000 0.000 0.000 0.000 0.000 0.000 0.000 0.000 0.000 0.000 0.000 0.000 0.000 0.001 0.001 0.001 0.001 0.001 0.001 0.001 0.001 0.001 0.001 0.001 0.001 0.001 0.001 0.001 0.001 0.001 0.001 0.001 0.001 0.001 0.001 0.001 0.001 0.001 0.001 0.001 0.001 0.001 0.001 0.001 0.001 0.001 0.001 0.001 0.001 0.001 0.002 0.002 0.002 0.003 0.003 0.004 0.004 0.004 0.004 0.004 0.004 0.004 0.004 0.004 0.003 0.003 0.003 0.003 0.003 0.003 0.003
0.000 0.000 0.000 0.000 0.000 0.000 0.000 0.000 0.000 0.000 0.000 0.000 0.000 0.000 0.000 0.000 0.000 0.001 0.001 0.001 0.001 0.001 0.001 0.001 0.001 0.001 0.001 0.001 0.001 0.001 0.001 0.001 0.001 0.001 0.001 0.001 0.001 0.001 0.001 0.001 0.001 0.001 0.001 0.001 0.001 0.000 0.000 0.000 0.000 0.000 0.001 0.001 0.001 0.001 0.001 0.001 0.001 0.001 0.001 0.002 0.002 0.002 0.002 0.002 0.002 0.002 0.002 0.002 0.002 0.002 0.002 0.002 0.002 0.002 0.002 0.002 0.002
0.000 0.000 0.000 0.000 0.000 0.000 0.000 0.000 0.000 0.000 0.000 0.000 0.000 0.000 0.000 0.000 0.000 0.001 0.001 0.001 0.001 0.001 0.001 0.001 0.001 0.001 0.001 0.001 0.001 0.001 0.001 0.001 0.001 0.001 0.001 0.001 0.001 0.001 0.001 0.001 0.001 0.001 0.001 0.001 0.001 0.001 0.000 0.000 0.000 0.000 0.000 0.000 0.001 0.001 0.001 0.000 0.000 0.000 0.001 0.001 0.001 0.001 0.001 0.001 0.001 0.001 0.001 0.001 0.001 0.001 0.001 0.001 0.001 0.001 0.001 0.001 0.001
0.000 0.000 0.000 0.000 0.001 0.000 0.000 0.000 0.000 0.000 0.000 0.000 0.000 0.000 0.000 0.000 0.000 0.001 0.001 0.001 0.001 0.001 0.001 0.001 0.001 0.001 0.001 0.001 0.001 0.001 0.001 0.001 0.001 0.001 0.001 0.001 0.001 0.001 0.001 0.001 0.001 0.001 0.001 0.001 0.001 0.001 0.000 0.000 0.000 0.000 0.000 0.000 0.000 0.000 0.000 0.000 0.000 0.000 0.000 0.001 0.001 0.001 0.001 0.001 0.001 0.001 0.001 0.001 0.001 0.001 0.001 0.001 0.001 0.001 0.001 0.001 0.000
0.000 0.000 0.000 0.000 0.000 0.000 0.000 0.000 0.000 0.000 0.000 0.000 0.000 0.000 0.000 0.000 0.001 0.001 0.001 0.001 0.001 0.001 0.001 0.001 0.001 0.001 0.001 0.001 0.001 0.001 0.001 0.001 0.001 0.001 0.001 0.000 0.001 0.001 0.001 0.001 0.001 0.001 0.001 0.001 0.001 0.001 0.000 0.000 0.000 0.000 0.000 0.000 0.000 0.000 0.000 0.000 0.000 0.000 0.000 0.000 0.001 0.001 0.001 0.001 0.001 0.001 0.001 0.001 0.001 0.001 0.001 0.001 0.001 0.001 0.001 0.001 0.001
0.000 0.000 0.000 0.000 0.000 0.000 0.000 0.000 0.000 0.000 0.000 0.000 0.000 0.000 0.000 0.000 0.001 0.001 0.001 0.001 0.001 0.001 0.001 0.001 0.001 0.001 0.001 0.001 0.001 0.001 0.001 0.001 0.001 0.001 0.000 0.000 0.000 0.000 0.001 0.001 0.001 0.001 0.001 0.001 0.001 0.001 0.001 0.000 0.000 0.000 0.000 0.000 0.000 0.000 0.000 0.000 0.000 0.000 0.000 0.001 0.001 0.001 0.001 0.001 0.001 0.001 0.001 0.001 0.001 0.001 0.001 0.001 0.001 0.000 0.000 0.000 0.000
0.000 0.000 0.000 0.000 0.000 0.000 0.000 0.000 0.000 0.000 0.000 0.000 0.000 0.000 0.000 0.001 0.001 0.001 0.001 0.001 0.001 0.001 0.001 0.001 0.001 0.001 0.001 0.001 0.001 0.001 0.001 0.001 0.001 0.001 0.001 0.000 0.000 0.000 0.000 0.001 0.001 0.001 0.001 0.001 0.001 0.001 0.001 0.001 0.000 0.000 0.000 0.000 0.000 0.000 0.000 0.000 0.000 0.000 0.000 0.000 0.001 0.001 0.001 0.001 0.001 0.001 0.001 0.001 0.001 0.001 0.001 0.000 0.000 0.000 0.000 0.000 0.000
