RESULTS/r.avaflow_results/21_results/21_ascii/21_hflow30051.asc
ncols 506
nrows 317
xllcenter 498237.50
yllcenter 5580050.00
cellsize 12.50
NODATA_value -9999.000
[rows 170 to 203 of 317, columns 154 to 230 of 506]
8.229 8.044 7.854 7.657 7.444 7.217 6.993 6.790 6.612 6.449 6.295 6.141 5.968 5.728 5.361 4.841 4.184 3.435 2.690 2.019 1.439 0.972 0.633 0.413 0.282 0.207 0.170 0.157 0.156 0.162 0.182 0.209 0.229 0.243 0.257 0.271 0.288 0.298 0.301 0.298 0.288 0.276 0.265 0.255 0.242 0.223 0.196 0.171 0.149 0.130 0.113 0.098 0.086 0.079 0.074 0.073 0.074 0.077 0.081 0.085 0.087 0.087 0.086 0.085 0.084 0.085 0.089 0.101 0.129 0.172 0.203 0.215 0.215 0.202 0.174 0.138 0.105
11.548 11.699 11.727 11.683 11.563 11.352 11.070 10.762 10.470 10.189 9.920 9.657 9.383 9.053 8.586 7.924 7.058 6.022 4.904 3.830 2.851 2.004 1.330 0.853 0.554 0.378 0.283 0.239 0.227 0.232 0.250 0.267 0.277 0.281 0.285 0.291 0.299 0.303 0.303 0.297 0.283 0.267 0.252 0.238 0.221 0.194 0.156 0.121 0.094 0.077 0.066 0.059 0.055 0.053 0.052 0.054 0.057 0.062 0.066 0.068 0.069 0.068 0.067 0.065 0.065 0.065 0.068 0.078 0.099 0.136 0.178 0.204 0.214 0.214 0.206 0.187 0.156
14.989 15.503 15.698 15.705 15.593 15.349 15.017 14.658 14.311 13.971 13.639 13.318 12.998 12.645 12.173 11.471 10.492 9.264 7.870 6.435 5.051 3.760 2.632 1.742 1.120 0.725 0.492 0.369 0.314 0.294 0.289 0.289 0.289 0.288 0.288 0.289 0.291 0.291 0.286 0.272 0.250 0.226 0.206 0.186 0.162 0.130 0.095 0.069 0.055 0.046 0.041 0.039 0.037 0.037 0.038 0.040 0.044 0.050 0.053 0.055 0.055 0.054 0.053 0.051 0.051 0.051 0.054 0.061 0.075 0.101 0.143 0.185 0.209 0.218 0.219 0.212 0.194
17.466 18.307 18.701 18.787 18.717 18.523 18.249 17.946 17.633 17.302 16.949 16.593 16.246 15.880 15.424 14.764 13.830 12.631 11.224 9.669 8.034 6.360 4.708 3.272 2.159 1.375 0.873 0.582 0.426 0.344 0.304 0.288 0.283 0.277 0.271 0.265 0.259 0.251 0.238 0.212 0.179 0.150 0.127 0.108 0.090 0.069 0.052 0.041 0.034 0.030 0.028 0.027 0.027 0.027 0.028 0.031 0.035 0.040 0.043 0.044 0.044 0.043 0.042 0.042 0.042 0.042 0.044 0.049 0.059 0.075 0.104 0.149 0.192 0.214 0.220 0.219 0.210
18.800 19.879 20.524 20.823 20.921 20.897 20.796 20.647 20.447 20.176 19.825 19.425 19.034 18.638 18.179 17.546 16.661 15.519 14.164 12.653 11.011 9.231 7.287 5.305 3.600 2.289 1.384 0.833 0.530 0.374 0.302 0.271 0.254 0.240 0.226 0.211 0.195 0.178 0.158 0.130 0.102 0.083 0.070 0.059 0.048 0.039 0.031 0.026 0.023 0.021 0.020 0.020 0.020 0.020 0.022 0.024 0.027 0.031 0.034 0.035 0.035 0.035 0.035 0.035 0.035 0.036 0.038 0.042 0.048 0.058 0.075 0.107 0.155 0.194 0.212 0.216 0.211
19.143 20.337 21.201 21.787 22.169 22.404 22.521 22.537 22.470 22.284 21.949 21.492 21.048 20.627 20.170 19.578 18.773 17.724 16.428 14.907 13.189 11.282 9.148 6.764 4.599 2.899 1.705 0.976 0.582 0.383 0.286 0.234 0.200 0.174 0.151 0.133 0.118 0.106 0.091 0.074 0.059 0.048 0.041 0.034 0.029 0.024 0.020 0.018 0.016 0.016 0.015 0.015 0.015 0.016 0.017 0.018 0.021 0.024 0.026 0.028 0.028 0.029 0.029 0.030 0.031 0.032 0.034 0.036 0.040 0.047 0.058 0.078 0.112 0.157 0.188 0.201 0.203
18.970 20.224 21.209 21.971 22.582 23.051 23.342 23.461 23.471 23.359 23.048 22.538 22.053 21.638 21.201 20.654 19.929 18.982 17.765 16.249 14.454 12.408 10.093 7.465 5.035 3.139 1.816 1.017 0.591 0.372 0.254 0.184 0.138 0.108 0.089 0.077 0.069 0.062 0.054 0.044 0.036 0.030 0.026 0.022 0.019 0.016 0.014 0.013 0.012 0.012 0.012 0.012 0.012 0.012 0.013 0.014 0.016 0.018 0.020 0.022 0.023 0.024 0.025 0.026 0.027 0.029 0.030 0.033 0.036 0.040 0.048 0.061 0.082 0.114 0.148 0.172 0.184
18.307 19.682 20.847 21.796 22.553 23.115 23.456 23.603 23.630 23.551 23.256 22.726 22.225 21.827 21.410 20.883 20.195 19.308 18.159 16.676 14.848 12.716 10.299 7.573 5.074 3.133 1.793 0.992 0.563 0.334 0.206 0.133 0.091 0.067 0.053 0.046 0.041 0.037 0.033 0.028 0.024 0.021 0.018 0.015 0.013 0.012 0.011 0.010 0.009 0.009 0.009 0.009 0.009 0.009 0.010 0.010 0.012 0.013 0.015 0.017 0.018 0.020 0.021 0.023 0.024 0.026 0.027 0.030 0.032 0.036 0.042 0.051 0.065 0.085 0.110 0.134 0.153
17.195 18.712 20.064 21.217 22.132 22.768 23.123 23.261 23.279 23.196 22.911 22.405 21.893 21.473 21.034 20.495 19.822 18.981 17.888 16.445 14.623 12.455 9.957 7.191 4.742 2.867 1.599 0.859 0.466 0.257 0.145 0.086 0.057 0.042 0.034 0.029 0.026 0.024 0.021 0.019 0.016 0.014 0.013 0.011 0.010 0.009 0.008 0.007 0.007 0.006 0.006 0.006 0.006 0.006 0.007 0.007 0.008 0.010 0.011 0.013 0.014 0.016 0.018 0.019 0.021 0.023 0.025 0.027 0.029 0.033 0.038 0.045 0.055 0.068 0.086 0.105 0.122
15.780 17.398 18.861 20.130 21.142 21.838 22.219 22.344 22.328 22.189 21.899 21.481 20.989 20.469 19.907 19.291 18.601 17.787 16.746 15.339 13.505 11.266 8.678 6.036 3.827 2.205 1.159 0.581 0.292 0.151 0.084 0.052 0.036 0.027 0.023 0.020 0.018 0.016 0.015 0.013 0.012 0.010 0.009 0.008 0.007 0.006 0.005 0.005 0.004 0.004 0.004 0.004 0.004 0.004 0.004 0.005 0.006 0.007 0.008 0.009 0.011 0.012 0.014 0.016 0.018 0.019 0.022 0.024 0.027 0.030 0.035 0.041 0.049 0.059 0.072 0.087 0.101
14.106 15.733 17.214 18.525 19.605 20.384 20.827 20.963 20.906 20.689 20.407 20.112 19.678 19.023 18.250 17.498 16.734 15.874 14.770 13.268 11.293 8.881 6.312 4.043 2.348 1.231 0.594 0.281 0.139 0.076 0.046 0.032 0.024 0.019 0.016 0.014 0.013 0.012 0.011 0.010 0.009 0.008 0.007 0.006 0.005 0.004 0.004 0.003 0.003 0.002 0.002 0.002 0.002 0.002 0.003 0.003 0.004 0.004 0.005 0.007 0.008 0.009 0.011 0.013 0.014 0.016 0.019 0.021 0.024 0.028 0.032 0.038 0.045 0.055 0.065 0.077 0.088
12.181 13.718 15.171 16.536 17.743 18.680 19.253 19.448 19.399 19.184 18.909 18.628 18.174 17.409 16.467 15.560 14.651 13.596 12.202 10.339 7.971 5.507 3.462 2.014 1.081 0.537 0.253 0.121 0.064 0.039 0.027 0.021 0.017 0.014 0.012 0.011 0.010 0.009 0.008 0.007 0.006 0.005 0.005 0.004 0.003 0.003 0.002 0.002 0.001 0.001 0.001 0.001 0.001 0.001 0.001 0.002 0.002 0.003 0.003 0.004 0.006 0.007 0.008 0.010 0.012 0.014 0.016 0.019 0.022 0.025 0.030 0.036 0.043 0.052 0.062 0.072 0.081
10.076 11.474 12.886 14.320 15.693 16.820 17.560 17.865 17.865 17.686 17.378 16.965 16.351 15.485 14.468 13.425 12.305 10.899 8.987 6.661 4.415 2.692 1.510 0.799 0.408 0.203 0.101 0.054 0.033 0.023 0.018 0.015 0.012 0.011 0.009 0.008 0.007 0.006 0.006 0.005 0.004 0.003 0.003 0.002 0.002 0.001 0.001 0.001 0.001 0.000 0.000 0.000 0.000 0.000 0.000 0.001 0.001 0.001 0.002 0.003 0.004 0.005 0.006 0.007 0.009 0.011 0.013 0.016 0.019 0.023 0.028 0.034 0.042 0.051 0.060 0.068 0.076
7.958 9.183 10.480 11.881 13.315 14.538 15.389 15.798 15.857 15.690 15.252 14.567 13.691 12.700 11.638 10.475 9.085 7.275 5.193 3.310 1.930 1.023 0.513 0.262 0.139 0.075 0.043 0.028 0.020 0.016 0.013 0.011 0.009 0.008 0.007 0.006 0.005 0.004 0.004 0.003 0.003 0.002 0.002 0.001 0.001 0.000 0.000 0.000 0.000 0.000 0.000 0.000 0.000 0.000 0.000 0.000 0.000 0.000 0.001 0.001 0.002 0.003 0.004 0.005 0.007 0.009 0.011 0.014 0.017 0.021 0.026 0.032 0.040 0.050 0.058 0.066 0.073
5.897 6.862 7.896 9.010 10.178 11.226 12.008 12.427 12.514 12.349 11.805 10.862 9.665 8.512 7.416 6.256 4.952 3.511 2.194 1.222 0.617 0.300 0.154 0.086 0.052 0.033 0.023 0.017 0.014 0.011 0.010 0.008 0.007 0.006 0.005 0.004 0.004 0.003 0.002 0.002 0.001 0.001 0.001 0.000 0.000 0.000 0.000 0.000 0.000 0.000 0.000 0.000 0.000 0.000 0.000 0.000 0.000 0.000 0.000 0.001 0.001 0.002 0.003 0.004 0.005 0.007 0.009 0.011 0.015 0.019 0.024 0.031 0.039 0.048 0.056 0.064 0.072
3.904 4.441 4.969 5.511 6.090 6.686 7.187 7.482 7.557 7.436 6.963 6.129 5.093 4.190 3.425 2.705 1.953 1.214 0.661 0.328 0.163 0.088 0.053 0.035 0.025 0.019 0.015 0.013 0.011 0.009 0.008 0.006 0.005 0.004 0.004 0.003 0.002 0.002 0.001 0.001 0.000 0.000 0.000 0.000 0.000 0.000 0.000 0.000 0.000 0.000 0.000 0.000 0.000 0.000 0.000 0.000 0.000 0.000 0.000 0.000 0.000 0.001 0.001 0.002 0.003 0.005 0.007 0.009 0.012 0.017 0.022 0.029 0.037 0.046 0.054 0.063 0.071
2.193 2.389 2.556 2.712 2.870 3.059 3.243 3.354 3.383 3.332 3.103 2.654 2.048 1.542 1.161 0.845 0.552 0.315 0.166 0.089 0.053 0.035 0.026 0.020 0.016 0.014 0.012 0.010 0.009 0.007 0.006 0.005 0.004 0.003 0.002 0.002 0.001 0.001 0.000 0.000 0.000 0.000 0.000 0.000 0.000 0.000 0.000 0.000 0.000 0.000 0.000 0.000 0.000 0.000 0.000 0.000 0.000 0.000 0.000 0.000 0.000 0.000 0.001 0.001 0.002 0.003 0.005 0.007 0.010 0.014 0.019 0.026 0.033 0.042 0.051 0.061 0.071
1.004 1.034 1.054 1.067 1.076 1.097 1.132 1.150 1.149 1.125 1.036 0.862 0.622 0.438 0.316 0.222 0.144 0.087 0.052 0.034 0.025 0.020 0.017 0.014 0.013 0.011 0.010 0.008 0.007 0.006 0.004 0.003 0.003 0.002 0.001 0.001 0.000 0.000 0.000 0.000 0.000 0.000 0.000 0.000 0.000 0.000 0.000 0.000 0.000 0.000 0.000 0.000 0.000 0.000 0.000 0.000 0.000 0.000 0.000 0.000 0.000 0.000 0.000 0.001 0.001 0.002 0.004 0.005 0.008 0.011 0.016 0.022 0.029 0.037 0.047 0.058 0.071
0.379 0.374 0.370 0.367 0.362 0.356 0.354 0.350 0.343 0.330 0.301 0.248 0.176 0.125 0.092 0.067 0.048 0.034 0.025 0.020 0.016 0.014 0.013 0.012 0.010 0.009 0.008 0.007 0.006 0.004 0.003 0.002 0.002 0.001 0.000 0.000 0.000 0.000 0.000 0.000 0.000 0.000 0.000 0.000 0.000 0.000 0.000 0.000 0.000 0.000 0.000 0.000 0.000 0.000 0.000 0.000 0.000 0.000 0.000 0.000 0.000 0.000 0.000 0.000 0.001 0.001 0.002 0.004 0.006 0.009 0.013 0.018 0.024 0.032 0.042 0.055 0.070
0.139 0.136 0.133 0.131 0.128 0.123 0.118 0.113 0.109 0.103 0.094 0.079 0.060 0.046 0.036 0.029 0.024 0.019 0.016 0.014 0.013 0.012 0.011 0.010 0.009 0.008 0.007 0.006 0.005 0.003 0.002 0.001 0.001 0.000 0.000 0.000 0.000 0.000 0.000 0.000 0.000 0.000 0.000 0.000 0.000 0.000 0.000 0.000 0.000 0.000 0.000 0.000 0.000 0.000 0.000 0.000 0.000 0.000 0.000 0.000 0.000 0.000 0.000 0.000 0.000 0.001 0.001 0.003 0.004 0.007 0.010 0.013 0.019 0.026 0.036 0.050 0.065
0.057 0.056 0.055 0.054 0.053 0.050 0.048 0.045 0.043 0.041 0.038 0.034 0.028 0.024 0.020 0.018 0.016 0.014 0.013 0.012 0.011 0.010 0.009 0.009 0.008 0.007 0.006 0.005 0.004 0.003 0.002 0.001 0.000 0.000 0.000 0.000 0.000 0.000 0.000 0.000 0.000 0.000 0.000 0.000 0.000 0.000 0.000 0.000 0.000 0.000 0.000 0.000 0.000 0.000 0.000 0.000 0.000 0.000 0.000 0.000 0.000 0.000 0.000 0.000 0.000 0.000 0.001 0.002 0.003 0.005 0.007 0.010 0.014 0.020 0.029 0.041 0.056
0.029 0.028 0.028 0.028 0.027 0.026 0.025 0.023 0.022 0.022 0.021 0.020 0.018 0.016 0.015 0.013 0.012 0.012 0.011 0.010 0.010 0.009 0.008 0.008 0.007 0.006 0.005 0.004 0.003 0.002 0.001 0.000 0.000 0.000 0.000 0.000 0.000 0.000 0.000 0.000 0.000 0.000 0.000 0.000 0.000 0.000 0.000 0.000 0.000 0.000 0.000 0.000 0.000 0.000 0.000 0.000 0.000 0.000 0.000 0.000 0.000 0.000 0.000 0.000 0.000 0.000 0.000 0.001 0.002 0.003 0.005 0.007 0.010 0.015 0.021 0.029 0.041
0.018 0.017 0.017 0.017 0.017 0.016 0.016 0.015 0.015 0.014 0.014 0.014 0.013 0.013 0.012 0.011 0.010 0.010 0.010 0.009 0.009 0.008 0.008 0.007 0.006 0.005 0.004 0.003 0.002 0.001 0.001 0.000 0.000 0.000 0.000 0.000 0.000 0.000 0.000 0.000 0.000 0.000 0.000 0.000 0.000 0.000 0.000 0.000 0.000 0.000 0.000 0.000 0.000 0.000 0.000 0.000 0.000 0.000 0.000 0.000 0.000 0.000 0.000 0.000 0.000 0.000 0.000 0.000 0.001 0.002 0.003 0.005 0.007 0.010 0.014 0.020 0.028
0.012 0.012 0.012 0.012 0.012 0.012 0.011 0.011 0.011 0.011 0.011 0.011 0.011 0.010 0.010 0.010 0.009 0.009 0.009 0.008 0.008 0.007 0.007 0.006 0.005 0.005 0.004 0.003 0.002 0.001 0.000 0.000 0.000 0.000 0.000 0.000 0.000 0.000 0.000 0.000 0.000 0.000 0.000 0.000 0.000 0.000 0.000 0.000 0.000 0.000 0.000 0.000 0.000 0.000 0.000 0.000 0.000 0.000 0.000 0.000 0.000 0.000 0.000 0.000 0.000 0.000 0.000 0.000 0.000 0.001 0.002 0.003 0.005 0.007 0.010 0.014 0.018
0.009 0.009 0.009 0.009 0.009 0.009 0.009 0.009 0.009 0.009 0.009 0.009 0.009 0.009 0.009 0.008 0.008 0.008 0.008 0.007 0.007 0.007 0.006 0.006 0.005 0.004 0.003 0.002 0.001 0.001 0.000 0.000 0.000 0.000 0.000 0.000 0.000 0.000 0.000 0.000 0.000 0.000 0.000 0.000 0.000 0.000 0.000 0.000 0.000 0.000 0.000 0.000 0.000 0.000 0.000 0.000 0.000 0.000 0.000 0.000 0.000 0.000 0.000 0.000 0.000 0.000 0.000 0.000 0.000 0.000 0.001 0.002 0.003 0.005 0.007 0.009 0.012
0.006 0.006 0.007 0.007 0.007 0.007 0.007 0.007 0.007 0.007 0.007 0.007 0.007 0.007 0.007 0.007 0.007 0.007 0.007 0.007 0.006 0.006 0.005 0.005 0.005 0.004 0.003 0.002 0.001 0.001 0.000 0.000 0.000 0.000 0.000 0.000 0.000 0.000 0.000 0.000 0.000 0.000 0.000 0.000 0.000 0.000 0.000 0.000 0.000 0.000 0.000 0.000 0.000 0.000 0.000 0.000 0.000 0.000 0.000 0.000 0.000 0.000 0.000 0.000 0.000 0.000 0.000 0.000 0.000 0.000 0.000 0.001 0.002 0.003 0.004 0.006 0.008
0.005 0.005 0.005 0.005 0.005 0.005 0.005 0.005 0.006 0.006 0.006 0.006 0.006 0.006 0.006 0.006 0.006 0.006 0.006 0.006 0.006 0.005 0.005 0.005 0.004 0.004 0.003 0.002 0.001 0.001 0.000 0.000 0.000 0.000 0.000 0.000 0.000 0.000 0.000 0.000 0.000 0.000 0.000 0.000 0.000 0.000 0.000 0.000 0.000 0.000 0.000 0.000 0.000 0.000 0.000 0.000 0.000 0.000 0.000 0.000 0.000 0.000 0.000 0.000 0.000 0.000 0.000 0.000 0.000 0.000 0.000 0.000 0.001 0.002 0.003 0.004 0.005
0.003 0.003 0.003 0.004 0.004 0.004 0.004 0.004 0.004 0.005 0.005 0.005 0.005 0.005 0.006 0.006 0.006 0.005 0.005 0.005 0.005 0.005 0.005 0.004 0.004 0.003 0.003 0.002 0.001 0.001 0.000 0.000 0.000 0.000 0.000 0.000 0.000 0.000 0.000 0.000 0.000 0.000 0.000 0.000 0.000 0.000 0.000 0.000 0.000 0.000 0.000 0.000 0.000 0.000 0.000 0.000 0.000 0.000 0.000 0.000 0.000 0.000 0.000 0.000 0.000 0.000 0.000 0.000 0.000 0.000 0.000 0.000 0.000 0.001 0.001 0.002 0.003
0.002 0.002 0.002 0.002 0.003 0.003 0.003 0.003 0.003 0.004 0.004 0.004 0.004 0.004 0.005 0.005 0.005 0.005 0.004 0.004 0.004 0.004 0.004 0.004 0.004 0.003 0.002 0.002 0.001 0.000 0.000 0.000 0.000 0.000 0.000 0.000 0.000 0.000 0.000 0.000 0.000 0.000 0.000 0.000 0.000 0.000 0.000 0.000 0.000 0.000 0.000 0.000 0.000 0.000 0.000 0.000 0.000 0.000 0.000 0.000 0.000 0.000 0.000 0.000 0.000 0.000 0.000 0.000 0.000 0.000 0.000 0.000 0.000 0.000 0.000 0.001 0.002
0.001 0.001 0.001 0.002 0.002 0.002 0.002 0.002 0.002 0.003 0.003 0.003 0.003 0.004 0.004 0.004 0.004 0.004 0.004 0.004 0.004 0.004 0.004 0.003 0.003 0.003 0.002 0.001 0.001 0.000 0.000 0.000 0.000 0.000 0.000 0.000 0.000 0.000 0.000 0.000 0.000 0.000 0.000 0.000 0.000 0.000 0.000 0.000 0.000 0.000 0.000 0.000 0.000 0.000 0.000 0.000 0.000 0.000 0.000 0.000 0.000 0.000 0.000 0.000 0.000 0.000 0.000 0.000 0.000 0.000 0.000 0.000 0.000 0.000 0.000 0.000 0.001
0.001 0.001 0.001 0.001 0.001 0.001 0.001 0.001 0.002 0.002 0.002 0.002 0.003 0.003 0.003 0.003 0.003 0.003 0.003 0.003 0.003 0.003 0.003 0.003 0.003 0.002 0.002 0.001 0.001 0.000 0.000 0.000 0.000 0.000 0.000 0.000 0.000 0.000 0.000 0.000 0.000 0.000 0.000 0.000 0.000 0.000 0.000 0.000 0.000 0.000 0.000 0.000 0.000 0.000 0.000 0.000 0.000 0.000 0.000 0.000 0.000 0.000 0.000 0.000 0.000 0.000 0.000 0.000 0.000 0.000 0.000 0.000 0.000 0.000 0.000 0.000 0.000
0.000 0.000 0.000 0.000 0.000 0.001 0.001 0.001 0.001 0.001 0.001 0.002 0.002 0.002 0.002 0.002 0.002 0.002 0.002 0.003 0.003 0.003 0.003 0.002 0.002 0.002 0.002 0.001 0.001 0.000 0.000 0.000 0.000 0.000 0.000 0.000 0.000 0.000 0.000 0.000 0.000 0.000 0.000 0.000 0.000 0.000 0.000 0.000 0.000 0.000 0.000 0.000 0.000 0.000 0.000 0.000 0.000 0.000 0.000 0.000 0.000 0.000 0.000 0.000 0.000 0.000 0.000 0.000 0.000 0.000 0.000 0.000 0.000 0.000 0.000 0.000 0.000
0.000 0.000 0.000 0.000 0.000 0.000 0.000 0.000 0.001 0.001 0.001 0.001 0.001 0.002 0.002 0.002 0.002 0.002 0.002 0.002 0.002 0.002 0.002 0.002 0.002 0.002 0.001 0.001 0.001 0.000 0.000 0.000 0.000 0.000 0.000 0.000 0.000 0.000 0.000 0.000 0.000 0.000 0.000 0.000 0.000 0.000 0.000 0.000 0.000 0.000 0.000 0.000 0.000 0.000 0.000 0.000 0.000 0.000 0.000 0.000 0.000 0.000 0.000 0.000 0.000 0.000 0.000 0.000 0.000 0.000 0.000 0.000 0.000 0.000 0.000 0.000 0.000
0.000 0.000 0.000 0.000 0.000 0.000 0.000 0.000 0.000 0.000 0.000 0.001 0.001 0.001 0.001 0.001 0.001 0.001 0.001 0.001 0.001 0.001 0.001 0.001 0.001 0.001 0.001 0.001 0.000 0.000 0.000 0.000 0.000 0.000 0.000 0.000 0.000 0.000 0.000 0.000 0.000 0.000 0.000 0.000 0.000 0.000 0.000 0.000 0.000 0.000 0.000 0.000 0.000 0.000 0.000 0.000 0.000 0.000 0.000 0.000 0.000 0.000 0.000 0.000 0.000 0.000 0.000 0.000 0.000 0.000 0.000 0.000 0.000 0.000 0.000 0.000 0.000
