RESULTS/r.avaflow_results/21_results/21_ascii/21_hflow0046.asc
ncols 506
nrows 317
xllcenter 498237.50
yllcenter 5580050.00
cellsize 12.50
NODATA_value -9999.000
[rows 170 to 203 of 317, columns 154 to 230 of 506]
8.449 8.232 8.017 7.796 7.558 7.309 7.069 6.855 6.666 6.492 6.328 6.168 5.991 5.746 5.366 4.828 4.152 3.395 2.653 1.985 1.409 0.948 0.618 0.408 0.284 0.214 0.180 0.168 0.167 0.174 0.194 0.216 0.232 0.243 0.254 0.266 0.283 0.297 0.301 0.299 0.292 0.284 0.279 0.273 0.264 0.247 0.219 0.190 0.166 0.144 0.124 0.107 0.094 0.085 0.080 0.078 0.079 0.082 0.086 0.089 0.090 0.090 0.089 0.086 0.085 0.086 0.090 0.102 0.130 0.173 0.204 0.215 0.215 0.202 0.172 0.136 0.105
11.788 11.919 11.932 11.872 11.738 11.513 11.218 10.903 10.601 10.308 10.031 9.762 9.486 9.154 8.677 7.991 7.098 6.042 4.913 3.829 2.839 1.985 1.311 0.842 0.554 0.387 0.297 0.257 0.246 0.252 0.268 0.280 0.284 0.284 0.284 0.287 0.296 0.302 0.303 0.298 0.286 0.274 0.264 0.254 0.239 0.213 0.173 0.132 0.102 0.083 0.071 0.063 0.058 0.056 0.055 0.057 0.060 0.065 0.069 0.071 0.071 0.070 0.068 0.066 0.065 0.066 0.069 0.078 0.099 0.138 0.181 0.207 0.218 0.219 0.210 0.190 0.159
15.291 15.783 15.951 15.927 15.784 15.505 15.139 14.754 14.388 14.032 13.692 13.370 13.052 12.702 12.234 11.534 10.549 9.311 7.910 6.471 5.075 3.771 2.632 1.741 1.126 0.740 0.514 0.395 0.341 0.319 0.310 0.304 0.298 0.292 0.287 0.286 0.288 0.289 0.285 0.273 0.251 0.230 0.213 0.195 0.172 0.139 0.101 0.073 0.058 0.049 0.043 0.040 0.039 0.039 0.040 0.042 0.047 0.052 0.055 0.056 0.056 0.055 0.053 0.052 0.052 0.052 0.054 0.061 0.076 0.103 0.146 0.189 0.214 0.225 0.226 0.220 0.203
17.863 18.681 19.032 19.067 18.951 18.705 18.383 18.043 17.702 17.346 16.975 16.616 16.272 15.913 15.463 14.799 13.853 12.644 11.239 9.697 8.072 6.402 4.747 3.306 2.193 1.412 0.912 0.620 0.459 0.371 0.325 0.303 0.291 0.280 0.270 0.262 0.256 0.250 0.237 0.212 0.178 0.149 0.128 0.110 0.093 0.072 0.054 0.042 0.035 0.031 0.029 0.028 0.028 0.028 0.029 0.032 0.036 0.041 0.043 0.044 0.044 0.044 0.043 0.042 0.042 0.043 0.045 0.050 0.059 0.076 0.106 0.152 0.198 0.222 0.229 0.229 0.221
19.270 20.324 20.925 21.165 21.211 21.132 20.987 20.802 20.574 20.276 19.900 19.491 19.107 18.718 18.264 17.625 16.721 15.560 14.197 12.692 11.068 9.311 7.391 5.414 3.697 2.370 1.448 0.883 0.568 0.402 0.323 0.285 0.262 0.244 0.225 0.209 0.194 0.178 0.157 0.129 0.101 0.082 0.069 0.059 0.050 0.040 0.032 0.027 0.023 0.022 0.021 0.021 0.021 0.021 0.022 0.024 0.028 0.031 0.034 0.035 0.035 0.035 0.035 0.035 0.035 0.036 0.038 0.042 0.048 0.058 0.076 0.109 0.160 0.204 0.223 0.227 0.224
19.626 20.795 21.622 22.160 22.499 22.696 22.789 22.782 22.692 22.483 22.120 21.642 21.204 20.790 20.338 19.743 18.925 17.860 16.552 15.029 13.321 11.436 9.333 6.963 4.761 3.020 1.788 1.034 0.623 0.412 0.306 0.247 0.208 0.178 0.152 0.132 0.118 0.105 0.091 0.074 0.059 0.048 0.041 0.035 0.030 0.025 0.021 0.018 0.017 0.016 0.016 0.016 0.016 0.016 0.017 0.019 0.021 0.024 0.026 0.027 0.028 0.028 0.029 0.029 0.030 0.031 0.033 0.036 0.040 0.047 0.059 0.080 0.117 0.166 0.200 0.215 0.218
19.421 20.653 21.612 22.338 22.921 23.376 23.658 23.766 23.760 23.631 23.291 22.751 22.268 21.865 21.439 20.894 20.167 19.218 17.997 16.475 14.678 12.643 10.352 7.732 5.239 3.280 1.906 1.077 0.633 0.401 0.274 0.197 0.146 0.112 0.089 0.076 0.069 0.062 0.054 0.045 0.037 0.031 0.026 0.023 0.020 0.017 0.015 0.013 0.013 0.012 0.012 0.012 0.012 0.012 0.013 0.014 0.016 0.018 0.020 0.021 0.022 0.023 0.024 0.025 0.026 0.027 0.029 0.032 0.035 0.041 0.049 0.063 0.086 0.122 0.161 0.187 0.200
18.687 20.043 21.198 22.136 22.886 23.444 23.781 23.917 23.932 23.839 23.516 22.949 22.447 22.068 21.667 21.147 20.463 19.584 18.442 16.956 15.122 12.990 10.588 7.858 5.284 3.272 1.877 1.047 0.601 0.360 0.225 0.144 0.096 0.069 0.054 0.046 0.041 0.038 0.033 0.028 0.024 0.021 0.018 0.016 0.014 0.012 0.011 0.010 0.009 0.009 0.009 0.009 0.009 0.009 0.010 0.010 0.011 0.013 0.014 0.016 0.017 0.018 0.020 0.021 0.022 0.024 0.026 0.028 0.032 0.036 0.043 0.053 0.069 0.092 0.121 0.149 0.171
17.515 19.016 20.362 21.516 22.437 23.075 23.422 23.544 23.546 23.444 23.132 22.591 22.076 21.673 21.251 20.719 20.054 19.226 18.148 16.709 14.884 12.717 10.233 7.443 4.919 2.975 1.659 0.897 0.493 0.276 0.156 0.092 0.060 0.043 0.034 0.030 0.027 0.024 0.022 0.019 0.017 0.015 0.013 0.012 0.010 0.009 0.008 0.007 0.007 0.006 0.006 0.006 0.006 0.006 0.007 0.007 0.008 0.009 0.010 0.012 0.013 0.014 0.016 0.017 0.019 0.020 0.022 0.025 0.028 0.032 0.038 0.047 0.058 0.074 0.095 0.117 0.138
16.082 17.679 19.129 20.394 21.405 22.099 22.468 22.572 22.528 22.347 22.025 21.597 21.110 20.591 20.029 19.419 18.739 17.944 16.925 15.534 13.705 11.471 8.891 6.204 3.930 2.252 1.175 0.589 0.299 0.157 0.088 0.055 0.038 0.028 0.023 0.020 0.018 0.017 0.015 0.014 0.012 0.011 0.010 0.008 0.007 0.006 0.006 0.005 0.005 0.004 0.004 0.004 0.004 0.004 0.004 0.005 0.005 0.006 0.007 0.008 0.009 0.011 0.012 0.013 0.015 0.017 0.019 0.022 0.025 0.029 0.035 0.042 0.052 0.064 0.080 0.097 0.115
14.418 16.013 17.468 18.760 19.831 20.609 21.046 21.156 21.053 20.773 20.468 20.196 19.778 19.103 18.302 17.556 16.808 15.968 14.886 13.397 11.428 9.012 6.418 4.094 2.355 1.217 0.580 0.273 0.137 0.076 0.048 0.033 0.025 0.020 0.017 0.015 0.013 0.012 0.011 0.010 0.009 0.008 0.007 0.006 0.005 0.004 0.004 0.003 0.003 0.002 0.002 0.002 0.002 0.002 0.002 0.003 0.003 0.004 0.005 0.005 0.006 0.008 0.009 0.010 0.012 0.013 0.016 0.018 0.022 0.026 0.031 0.038 0.047 0.059 0.072 0.086 0.101
12.502 13.997 15.415 16.760 17.966 18.919 19.509 19.707 19.633 19.378 19.084 18.799 18.333 17.532 16.557 15.663 14.769 13.724 12.329 10.459 8.061 5.541 3.444 1.973 1.041 0.508 0.236 0.114 0.062 0.040 0.028 0.022 0.017 0.015 0.013 0.011 0.010 0.009 0.008 0.007 0.006 0.006 0.005 0.004 0.003 0.003 0.002 0.002 0.001 0.001 0.001 0.001 0.001 0.001 0.001 0.001 0.002 0.002 0.003 0.003 0.004 0.005 0.006 0.007 0.009 0.010 0.013 0.015 0.019 0.023 0.028 0.035 0.044 0.055 0.067 0.080 0.092
10.397 11.756 13.139 14.561 15.957 17.128 17.914 18.239 18.221 18.008 17.671 17.241 16.602 15.701 14.665 13.637 12.530 11.108 9.153 6.739 4.401 2.622 1.428 0.735 0.370 0.184 0.092 0.051 0.033 0.024 0.019 0.015 0.013 0.011 0.010 0.008 0.008 0.007 0.006 0.005 0.004 0.004 0.003 0.002 0.002 0.001 0.001 0.001 0.001 0.000 0.000 0.000 0.000 0.000 0.000 0.000 0.001 0.001 0.001 0.002 0.002 0.003 0.004 0.005 0.006 0.008 0.010 0.012 0.016 0.020 0.025 0.032 0.041 0.051 0.063 0.075 0.086
8.313 9.509 10.781 12.174 13.641 14.918 15.823 16.259 16.304 16.098 15.607 14.871 13.957 12.949 11.886 10.726 9.327 7.458 5.250 3.252 1.829 0.926 0.446 0.225 0.121 0.068 0.041 0.027 0.020 0.016 0.014 0.012 0.010 0.008 0.007 0.006 0.005 0.005 0.004 0.003 0.003 0.002 0.002 0.001 0.001 0.001 0.000 0.000 0.000 0.000 0.000 0.000 0.000 0.000 0.000 0.000 0.000 0.000 0.000 0.001 0.001 0.002 0.002 0.003 0.004 0.006 0.008 0.010 0.013 0.017 0.022 0.029 0.038 0.048 0.060 0.070 0.081
6.288 7.254 8.268 9.361 10.524 11.593 12.409 12.850 12.928 12.723 12.110 11.091 9.838 8.662 7.548 6.361 4.998 3.479 2.099 1.111 0.529 0.246 0.126 0.073 0.046 0.031 0.023 0.018 0.015 0.012 0.010 0.009 0.008 0.006 0.005 0.004 0.004 0.003 0.002 0.002 0.001 0.001 0.001 0.000 0.000 0.000 0.000 0.000 0.000 0.000 0.000 0.000 0.000 0.000 0.000 0.000 0.000 0.000 0.000 0.000 0.000 0.001 0.001 0.002 0.003 0.004 0.006 0.008 0.010 0.014 0.019 0.026 0.034 0.045 0.056 0.066 0.076
4.253 4.798 5.312 5.809 6.329 6.887 7.387 7.687 7.755 7.607 7.075 6.161 5.053 4.120 3.337 2.606 1.843 1.101 0.566 0.265 0.129 0.072 0.046 0.032 0.025 0.019 0.016 0.013 0.011 0.010 0.008 0.007 0.006 0.005 0.004 0.003 0.002 0.002 0.001 0.001 0.001 0.000 0.000 0.000 0.000 0.000 0.000 0.000 0.000 0.000 0.000 0.000 0.000 0.000 0.000 0.000 0.000 0.000 0.000 0.000 0.000 0.000 0.000 0.001 0.002 0.003 0.004 0.006 0.008 0.011 0.016 0.022 0.030 0.040 0.051 0.061 0.073
2.423 2.592 2.713 2.806 2.902 3.036 3.199 3.302 3.323 3.259 3.006 2.527 1.899 1.397 1.031 0.737 0.468 0.256 0.130 0.070 0.044 0.031 0.024 0.020 0.017 0.015 0.013 0.011 0.009 0.008 0.006 0.005 0.004 0.003 0.002 0.002 0.001 0.001 0.000 0.000 0.000 0.000 0.000 0.000 0.000 0.000 0.000 0.000 0.000 0.000 0.000 0.000 0.000 0.000 0.000 0.000 0.000 0.000 0.000 0.000 0.000 0.000 0.000 0.000 0.001 0.002 0.003 0.004 0.006 0.009 0.012 0.018 0.025 0.034 0.044 0.056 0.069
1.086 1.085 1.067 1.041 1.019 1.013 1.032 1.043 1.037 1.009 0.919 0.748 0.523 0.361 0.258 0.179 0.115 0.070 0.043 0.030 0.024 0.020 0.017 0.015 0.013 0.012 0.011 0.009 0.008 0.006 0.005 0.004 0.003 0.002 0.001 0.001 0.000 0.000 0.000 0.000 0.000 0.000 0.000 0.000 0.000 0.000 0.000 0.000 0.000 0.000 0.000 0.000 0.000 0.000 0.000 0.000 0.000 0.000 0.000 0.000 0.000 0.000 0.000 0.000 0.000 0.001 0.001 0.003 0.004 0.006 0.009 0.014 0.020 0.027 0.038 0.050 0.064
0.388 0.370 0.353 0.340 0.326 0.312 0.304 0.296 0.287 0.274 0.248 0.201 0.141 0.100 0.074 0.056 0.041 0.030 0.024 0.019 0.017 0.015 0.014 0.013 0.011 0.010 0.009 0.008 0.006 0.005 0.004 0.003 0.002 0.001 0.001 0.000 0.000 0.000 0.000 0.000 0.000 0.000 0.000 0.000 0.000 0.000 0.000 0.000 0.000 0.000 0.000 0.000 0.000 0.000 0.000 0.000 0.000 0.000 0.000 0.000 0.000 0.000 0.000 0.000 0.000 0.000 0.001 0.002 0.003 0.004 0.007 0.010 0.015 0.022 0.031 0.044 0.059
0.139 0.131 0.125 0.121 0.115 0.108 0.101 0.096 0.091 0.085 0.078 0.066 0.050 0.039 0.032 0.027 0.023 0.019 0.017 0.015 0.014 0.013 0.012 0.011 0.010 0.009 0.008 0.007 0.005 0.004 0.003 0.002 0.001 0.000 0.000 0.000 0.000 0.000 0.000 0.000 0.000 0.000 0.000 0.000 0.000 0.000 0.000 0.000 0.000 0.000 0.000 0.000 0.000 0.000 0.000 0.000 0.000 0.000 0.000 0.000 0.000 0.000 0.000 0.000 0.000 0.000 0.000 0.001 0.002 0.003 0.005 0.007 0.011 0.016 0.024 0.036 0.051
0.058 0.055 0.053 0.052 0.050 0.047 0.043 0.041 0.038 0.036 0.034 0.031 0.027 0.023 0.020 0.018 0.016 0.015 0.014 0.013 0.012 0.011 0.010 0.010 0.009 0.008 0.007 0.006 0.004 0.003 0.002 0.001 0.000 0.000 0.000 0.000 0.000 0.000 0.000 0.000 0.000 0.000 0.000 0.000 0.000 0.000 0.000 0.000 0.000 0.000 0.000 0.000 0.000 0.000 0.000 0.000 0.000 0.000 0.000 0.000 0.000 0.000 0.000 0.000 0.000 0.000 0.000 0.000 0.001 0.002 0.003 0.005 0.008 0.012 0.018 0.026 0.039
0.030 0.029 0.028 0.028 0.027 0.026 0.024 0.023 0.022 0.021 0.021 0.020 0.018 0.017 0.015 0.014 0.013 0.012 0.012 0.011 0.011 0.010 0.009 0.009 0.008 0.007 0.006 0.005 0.003 0.002 0.001 0.000 0.000 0.000 0.000 0.000 0.000 0.000 0.000 0.000 0.000 0.000 0.000 0.000 0.000 0.000 0.000 0.000 0.000 0.000 0.000 0.000 0.000 0.000 0.000 0.000 0.000 0.000 0.000 0.000 0.000 0.000 0.000 0.000 0.000 0.000 0.000 0.000 0.000 0.001 0.002 0.003 0.005 0.008 0.012 0.018 0.026
0.019 0.018 0.018 0.018 0.018 0.017 0.017 0.016 0.016 0.015 0.015 0.015 0.014 0.013 0.013 0.012 0.011 0.011 0.010 0.010 0.009 0.009 0.008 0.008 0.007 0.006 0.005 0.004 0.003 0.002 0.001 0.000 0.000 0.000 0.000 0.000 0.000 0.000 0.000 0.000 0.000 0.000 0.000 0.000 0.000 0.000 0.000 0.000 0.000 0.000 0.000 0.000 0.000 0.000 0.000 0.000 0.000 0.000 0.000 0.000 0.000 0.000 0.000 0.000 0.000 0.000 0.000 0.000 0.000 0.000 0.001 0.002 0.003 0.005 0.008 0.012 0.017
0.013 0.013 0.013 0.013 0.013 0.013 0.012 0.012 0.012 0.012 0.012 0.012 0.012 0.011 0.011 0.010 0.010 0.010 0.009 0.009 0.009 0.008 0.008 0.007 0.007 0.006 0.005 0.004 0.003 0.002 0.001 0.000 0.000 0.000 0.000 0.000 0.000 0.000 0.000 0.000 0.000 0.000 0.000 0.000 0.000 0.000 0.000 0.000 0.000 0.000 0.000 0.000 0.000 0.000 0.000 0.000 0.000 0.000 0.000 0.000 0.000 0.000 0.000 0.000 0.000 0.000 0.000 0.000 0.000 0.000 0.000 0.001 0.002 0.003 0.005 0.007 0.010
0.010 0.010 0.010 0.010 0.010 0.010 0.010 0.010 0.010 0.010 0.010 0.010 0.010 0.010 0.009 0.009 0.009 0.009 0.009 0.008 0.008 0.008 0.007 0.007 0.006 0.005 0.005 0.004 0.003 0.002 0.001 0.000 0.000 0.000 0.000 0.000 0.000 0.000 0.000 0.000 0.000 0.000 0.000 0.000 0.000 0.000 0.000 0.000 0.000 0.000 0.000 0.000 0.000 0.000 0.000 0.000 0.000 0.000 0.000 0.000 0.000 0.000 0.000 0.000 0.000 0.000 0.000 0.000 0.000 0.000 0.000 0.000 0.001 0.002 0.003 0.004 0.006
0.007 0.007 0.007 0.008 0.008 0.008 0.008 0.008 0.008 0.008 0.008 0.008 0.008 0.008 0.008 0.008 0.008 0.008 0.008 0.008 0.008 0.008 0.007 0.007 0.006 0.006 0.005 0.004 0.003 0.002 0.001 0.000 0.000 0.000 0.000 0.000 0.000 0.000 0.000 0.000 0.000 0.000 0.000 0.000 0.000 0.000 0.000 0.000 0.000 0.000 0.000 0.000 0.000 0.000 0.000 0.000 0.000 0.000 0.000 0.000 0.000 0.000 0.000 0.000 0.000 0.000 0.000 0.000 0.000 0.000 0.000 0.000 0.000 0.001 0.001 0.002 0.004
0.005 0.005 0.006 0.006 0.006 0.006 0.006 0.006 0.006 0.007 0.007 0.007 0.007 0.007 0.007 0.007 0.007 0.008 0.008 0.008 0.008 0.008 0.008 0.007 0.007 0.007 0.006 0.005 0.003 0.002 0.001 0.000 0.000 0.000 0.000 0.000 0.000 0.000 0.000 0.000 0.000 0.000 0.000 0.000 0.000 0.000 0.000 0.000 0.000 0.000 0.000 0.000 0.000 0.000 0.000 0.000 0.000 0.000 0.000 0.000 0.000 0.000 0.000 0.000 0.000 0.000 0.000 0.000 0.000 0.000 0.000 0.000 0.000 0.000 0.000 0.001 0.002
0.004 0.004 0.004 0.004 0.004 0.005 0.005 0.005 0.005 0.005 0.006 0.006 0.006 0.006 0.006 0.006 0.007 0.007 0.007 0.008 0.008 0.008 0.009 0.008 0.008 0.008 0.007 0.005 0.003 0.002 0.001 0.000 0.000 0.000 0.000 0.000 0.000 0.000 0.000 0.000 0.000 0.000 0.000 0.000 0.000 0.000 0.000 0.000 0.000 0.000 0.000 0.000 0.000 0.000 0.000 0.000 0.000 0.000 0.000 0.000 0.000 0.000 0.000 0.000 0.000 0.000 0.000 0.000 0.000 0.000 0.000 0.000 0.000 0.000 0.000 0.000 0.001
0.003 0.003 0.003 0.003 0.003 0.003 0.004 0.004 0.004 0.004 0.005 0.005 0.005 0.005 0.005 0.006 0.006 0.007 0.008 0.009 0.009 0.009 0.009 0.009 0.009 0.008 0.007 0.005 0.003 0.002 0.001 0.000 0.000 0.000 0.000 0.000 0.000 0.000 0.000 0.000 0.000 0.000 0.000 0.000 0.000 0.000 0.000 0.000 0.000 0.000 0.000 0.000 0.000 0.000 0.000 0.000 0.000 0.000 0.000 0.000 0.000 0.000 0.000 0.000 0.000 0.000 0.000 0.000 0.000 0.000 0.000 0.000 0.000 0.000 0.000 0.000 0.000
0.002 0.002 0.002 0.002 0.002 0.002 0.002 0.003 0.003 0.003 0.004 0.004 0.004 0.004 0.005 0.005 0.006 0.007 0.009 0.009 0.010 0.010 0.010 0.010 0.009 0.008 0.007 0.005 0.003 0.002 0.001 0.000 0.000 0.000 0.000 0.000 0.000 0.000 0.000 0.000 0.000 0.000 0.000 0.000 0.000 0.000 0.000 0.000 0.000 0.000 0.000 0.000 0.000 0.000 0.000 0.000 0.000 0.000 0.000 0.000 0.000 0.000 0.000 0.000 0.000 0.000 0.000 0.000 0.000 0.000 0.000 0.000 0.000 0.000 0.000 0.000 0.000
0.001 0.001 0.001 0.001 0.001 0.001 0.002 0.002 0.002 0.002 0.003 0.003 0.003 0.004 0.004 0.005 0.006 0.008 0.009 0.010 0.010 0.010 0.010 0.010 0.009 0.008 0.007 0.005 0.003 0.002 0.001 0.000 0.000 0.000 0.000 0.000 0.000 0.000 0.000 0.000 0.000 0.000 0.000 0.000 0.000 0.000 0.000 0.000 0.000 0.000 0.000 0.000 0.000 0.000 0.000 0.000 0.000 0.000 0.000 0.000 0.000 0.000 0.000 0.000 0.000 0.000 0.000 0.000 0.000 0.000 0.000 0.000 0.000 0.000 0.000 0.000 0.000
0.001 0.001 0.000 0.000 0.001 0.001 0.001 0.001 0.001 0.002 0.002 0.002 0.003 0.003 0.004 0.005 0.006 0.008 0.009 0.009 0.010 0.010 0.010 0.009 0.009 0.008 0.007 0.005 0.003 0.001 0.000 0.000 0.000 0.000 0.000 0.000 0.000 0.000 0.000 0.000 0.000 0.000 0.000 0.000 0.000 0.000 0.000 0.000 0.000 0.000 0.000 0.000 0.000 0.000 0.000 0.000 0.000 0.000 0.000 0.000 0.000 0.000 0.000 0.000 0.000 0.000 0.000 0.000 0.000 0.000 0.000 0.000 0.000 0.000 0.000 0.000 0.000
0.000 0.000 0.000 0.000 0.000 0.000 0.000 0.001 0.001 0.001 0.001 0.002 0.002 0.003 0.003 0.004 0.006 0.007 0.008 0.009 0.009 0.009 0.009 0.009 0.008 0.008 0.006 0.005 0.003 0.001 0.000 0.000 0.000 0.000 0.000 0.000 0.000 0.000 0.000 0.000 0.000 0.000 0.000 0.000 0.000 0.000 0.000 0.000 0.000 0.000 0.000 0.000 0.000 0.000 0.000 0.000 0.000 0.000 0.000 0.000 0.000 0.000 0.000 0.000 0.000 0.000 0.000 0.000 0.000 0.000 0.000 0.000 0.000 0.000 0.000 0.000 0.000
0.000 0.000 0.000 0.000 0.000 0.000 0.000 0.000 0.000 0.001 0.001 0.001 0.002 0.002 0.003 0.004 0.005 0.007 0.008 0.008 0.008 0.008 0.008 0.008 0.008 0.007 0.006 0.004 0.002 0.001 0.000 0.000 0.000 0.000 0.000 0.000 0.000 0.000 0.000 0.000 0.000 0.000 0.000 0.000 0.000 0.000 0.000 0.000 0.000 0.000 0.000 0.000 0.000 0.000 0.000 0.000 0.000 0.000 0.000 0.000 0.000 0.000 0.000 0.000 0.000 0.000 0.000 0.000 0.000 0.000 0.000 0.000 0.000 0.000 0.000 0.000 0.000
