RESULTS/r.avaflow_results/21_results/21_ascii/21_hflow0029.asc
ncols 506
nrows 317
xllcenter 498237.50
yllcenter 5580050.00
cellsize 12.50
NODATA_value -9999.000
[rows 170 to 203 of 317, columns 77 to 153 of 506]
0.000 0.000 0.000 0.000 0.000 0.000 0.000 0.000 0.000 0.000 0.000 0.000 0.000 0.000 0.000 0.000 0.000 0.000 0.000 0.000 0.000 0.001 0.002 0.006 0.010 0.014 0.016 0.016 0.016 0.016 0.016 0.016 0.015 0.013 0.011 0.010 0.008 0.007 0.005 0.004 0.004 0.003 0.003 0.003 0.004 0.006 0.010 0.017 0.030 0.060 0.125 0.272 0.571 1.090 1.756 2.481 3.304 4.359 5.776 7.607 9.742 11.633 13.025 13.890 14.278 14.327 14.199 14.013 13.773 13.369 12.713 11.831 10.926 10.212 9.666 9.237 8.912
0.000 0.000 0.000 0.000 0.000 0.000 0.000 0.000 0.000 0.000 0.000 0.000 0.000 0.000 0.000 0.000 0.000 0.000 0.000 0.000 0.001 0.003 0.006 0.012 0.018 0.021 0.023 0.023 0.023 0.023 0.023 0.022 0.021 0.018 0.016 0.014 0.012 0.010 0.008 0.006 0.005 0.005 0.005 0.006 0.007 0.012 0.020 0.038 0.075 0.158 0.334 0.667 1.204 1.872 2.561 3.304 4.190 5.350 6.893 8.865 10.968 12.603 13.720 14.359 14.594 14.544 14.347 14.116 13.816 13.393 12.834 12.267 11.884 11.702 11.655 11.691 11.859
0.000 0.000 0.000 0.000 0.000 0.000 0.000 0.000 0.000 0.000 0.000 0.000 0.000 0.000 0.000 0.000 0.000 0.000 0.000 0.001 0.003 0.007 0.013 0.021 0.026 0.029 0.031 0.031 0.031 0.031 0.031 0.030 0.028 0.024 0.021 0.018 0.016 0.013 0.011 0.009 0.008 0.007 0.007 0.009 0.013 0.024 0.046 0.093 0.195 0.403 0.775 1.295 1.870 2.420 2.993 3.681 4.591 5.817 7.421 9.445 11.437 12.903 13.865 14.407 14.608 14.569 14.411 14.219 13.987 13.722 13.475 13.371 13.409 13.504 13.685 14.074 14.785
0.000 0.000 0.000 0.000 0.000 0.000 0.000 0.000 0.000 0.000 0.000 0.000 0.000 0.000 0.000 0.000 0.000 0.000 0.001 0.003 0.006 0.012 0.021 0.029 0.034 0.037 0.038 0.039 0.039 0.039 0.039 0.037 0.034 0.030 0.024 0.021 0.018 0.016 0.014 0.012 0.011 0.010 0.011 0.015 0.026 0.053 0.111 0.233 0.466 0.865 1.368 1.859 2.295 2.709 3.177 3.796 4.688 5.927 7.540 9.552 11.462 12.858 13.766 14.283 14.509 14.551 14.517 14.497 14.500 14.511 14.518 14.544 14.600 14.736 15.062 15.750 16.901
0.000 0.000 0.000 0.000 0.000 0.000 0.000 0.000 0.000 0.000 0.000 0.000 0.000 0.000 0.000 0.000 0.000 0.001 0.002 0.005 0.010 0.017 0.027 0.034 0.040 0.043 0.045 0.046 0.046 0.046 0.045 0.043 0.040 0.034 0.027 0.022 0.019 0.017 0.015 0.014 0.014 0.014 0.017 0.027 0.055 0.121 0.259 0.512 0.912 1.372 1.793 2.157 2.478 2.815 3.231 3.807 4.667 5.882 7.475 9.457 11.263 12.566 13.431 13.979 14.321 14.552 14.728 14.884 15.005 15.073 15.091 15.101 15.152 15.355 15.852 16.756 18.106
0.000 0.000 0.000 0.000 0.000 0.000 0.000 0.000 0.000 0.000 0.000 0.000 0.000 0.000 0.000 0.000 0.000 0.001 0.003 0.007 0.013 0.021 0.031 0.039 0.045 0.048 0.050 0.051 0.051 0.051 0.050 0.048 0.044 0.038 0.030 0.024 0.020 0.017 0.017 0.016 0.017 0.019 0.027 0.052 0.117 0.261 0.522 0.899 1.311 1.673 1.979 2.245 2.516 2.834 3.233 3.768 4.549 5.699 7.253 9.172 10.826 12.022 12.883 13.541 14.077 14.500 14.790 14.989 15.116 15.169 15.170 15.168 15.223 15.486 16.097 17.097 18.453
0.000 0.000 0.000 0.000 0.000 0.000 0.000 0.000 0.000 0.000 0.000 0.000 0.000 0.000 0.000 0.000 0.000 0.001 0.004 0.008 0.015 0.025 0.035 0.043 0.049 0.053 0.055 0.056 0.056 0.056 0.055 0.052 0.048 0.041 0.032 0.024 0.020 0.018 0.017 0.017 0.019 0.025 0.045 0.100 0.234 0.490 0.845 1.207 1.521 1.787 2.019 2.247 2.508 2.820 3.202 3.679 4.339 5.370 6.857 8.692 10.214 11.336 12.230 13.022 13.726 14.267 14.590 14.757 14.826 14.817 14.773 14.740 14.797 15.129 15.842 16.905 18.258
0.000 0.000 0.000 0.000 0.000 0.000 0.000 0.000 0.000 0.000 0.000 0.000 0.000 0.000 0.000 0.000 0.000 0.001 0.004 0.009 0.017 0.027 0.038 0.047 0.053 0.056 0.058 0.059 0.059 0.059 0.058 0.055 0.051 0.043 0.033 0.025 0.020 0.018 0.017 0.018 0.021 0.035 0.074 0.180 0.404 0.744 1.083 1.358 1.590 1.800 2.002 2.218 2.469 2.770 3.126 3.548 4.100 4.981 6.349 8.069 9.501 10.589 11.515 12.364 13.087 13.590 13.840 13.912 13.879 13.774 13.643 13.565 13.616 14.007 14.836 16.029 17.460
0.000 0.000 0.000 0.000 0.000 0.000 0.000 0.000 0.000 0.000 0.000 0.000 0.000 0.000 0.000 0.000 0.000 0.001 0.004 0.010 0.018 0.030 0.041 0.050 0.056 0.059 0.061 0.062 0.062 0.062 0.060 0.058 0.053 0.045 0.034 0.025 0.020 0.017 0.017 0.018 0.023 0.043 0.106 0.267 0.563 0.917 1.193 1.406 1.593 1.773 1.957 2.160 2.395 2.677 3.007 3.385 3.872 4.630 5.821 7.354 8.679 9.718 10.614 11.394 11.989 12.337 12.447 12.401 12.254 12.008 11.774 11.663 11.743 12.234 13.211 14.573 16.155
0.000 0.000 0.000 0.000 0.000 0.000 0.000 0.000 0.000 0.000 0.000 0.000 0.000 0.000 0.000 0.000 0.000 0.001 0.004 0.010 0.019 0.031 0.044 0.053 0.058 0.062 0.063 0.064 0.064 0.064 0.062 0.059 0.054 0.046 0.036 0.026 0.019 0.017 0.016 0.017 0.023 0.047 0.125 0.325 0.667 0.998 1.226 1.403 1.562 1.718 1.884 2.071 2.288 2.548 2.850 3.196 3.634 4.293 5.297 6.584 7.708 8.610 9.376 9.991 10.392 10.546 10.506 10.359 10.113 9.805 9.620 9.599 9.858 10.529 11.600 12.992 14.616
0.000 0.000 0.000 0.000 0.000 0.000 0.000 0.000 0.000 0.000 0.000 0.000 0.000 0.000 0.000 0.000 0.000 0.001 0.004 0.009 0.018 0.032 0.046 0.055 0.060 0.063 0.065 0.065 0.065 0.065 0.063 0.060 0.055 0.048 0.037 0.026 0.019 0.016 0.015 0.016 0.022 0.047 0.131 0.349 0.714 1.023 1.220 1.368 1.500 1.634 1.780 1.948 2.147 2.386 2.663 2.982 3.377 3.944 4.774 5.794 6.625 7.275 7.803 8.195 8.410 8.455 8.394 8.281 8.105 7.936 7.871 7.962 8.359 9.106 10.160 11.469 12.992
0.000 0.000 0.000 0.000 0.000 0.000 0.000 0.000 0.000 0.000 0.000 0.000 0.000 0.000 0.000 0.000 0.000 0.001 0.003 0.008 0.016 0.030 0.046 0.057 0.062 0.065 0.066 0.066 0.066 0.065 0.064 0.061 0.056 0.048 0.038 0.026 0.018 0.014 0.013 0.014 0.021 0.045 0.129 0.350 0.723 1.018 1.183 1.297 1.404 1.516 1.643 1.792 1.973 2.191 2.446 2.738 3.091 3.565 4.234 5.022 5.615 6.027 6.323 6.525 6.633 6.657 6.620 6.556 6.471 6.412 6.427 6.606 7.044 7.758 8.723 9.906 11.262
0.000 0.000 0.000 0.000 0.000 0.000 0.000 0.000 0.000 0.000 0.000 0.000 0.000 0.000 0.000 0.000 0.000 0.000 0.002 0.005 0.012 0.025 0.044 0.057 0.063 0.065 0.066 0.066 0.066 0.065 0.064 0.061 0.056 0.049 0.039 0.027 0.019 0.014 0.012 0.013 0.018 0.040 0.117 0.328 0.692 0.973 1.111 1.193 1.273 1.362 1.468 1.601 1.764 1.960 2.192 2.458 2.766 3.149 3.667 4.267 4.707 4.981 5.141 5.226 5.258 5.254 5.223 5.180 5.141 5.126 5.180 5.383 5.789 6.407 7.230 8.238 9.388
0.000 0.000 0.000 0.000 0.000 0.000 0.000 0.000 0.000 0.000 0.000 0.000 0.000 0.000 0.000 0.000 0.000 0.000 0.001 0.002 0.006 0.017 0.037 0.055 0.063 0.065 0.066 0.066 0.066 0.065 0.064 0.061 0.056 0.050 0.040 0.029 0.020 0.014 0.012 0.011 0.015 0.031 0.093 0.268 0.591 0.861 0.992 1.054 1.109 1.171 1.253 1.363 1.507 1.684 1.892 2.129 2.396 2.706 3.100 3.554 3.891 4.098 4.204 4.239 4.233 4.205 4.165 4.108 4.053 4.035 4.074 4.231 4.543 5.019 5.666 6.489 7.471
0.000 0.000 0.000 0.000 0.000 0.000 0.000 0.000 0.000 0.000 0.000 0.000 0.000 0.000 0.000 0.000 0.000 0.000 0.000 0.001 0.003 0.009 0.026 0.049 0.062 0.065 0.066 0.066 0.066 0.065 0.063 0.061 0.056 0.050 0.041 0.030 0.021 0.015 0.012 0.011 0.012 0.021 0.056 0.167 0.409 0.667 0.811 0.873 0.909 0.941 0.985 1.057 1.168 1.325 1.518 1.736 1.976 2.243 2.563 2.905 3.168 3.340 3.430 3.454 3.435 3.395 3.340 3.253 3.153 3.099 3.095 3.162 3.346 3.677 4.172 4.833 5.638
0.000 0.000 0.000 0.000 0.000 0.000 0.000 0.000 0.000 0.000 0.000 0.000 0.000 0.000 0.000 0.000 0.000 0.000 0.000 0.000 0.001 0.004 0.015 0.037 0.056 0.064 0.065 0.065 0.065 0.064 0.062 0.060 0.056 0.050 0.042 0.032 0.023 0.016 0.012 0.011 0.011 0.015 0.030 0.085 0.222 0.425 0.569 0.640 0.671 0.681 0.682 0.702 0.760 0.870 1.042 1.259 1.496 1.753 2.041 2.316 2.524 2.667 2.746 2.767 2.746 2.706 2.641 2.535 2.405 2.300 2.239 2.227 2.294 2.489 2.836 3.321 3.893
0.000 0.000 0.000 0.000 0.000 0.000 0.000 0.000 0.000 0.000 0.000 0.000 0.000 0.000 0.000 0.000 0.000 0.000 0.000 0.000 0.001 0.002 0.007 0.022 0.044 0.058 0.062 0.063 0.063 0.062 0.061 0.059 0.055 0.050 0.042 0.033 0.025 0.018 0.014 0.012 0.011 0.013 0.019 0.043 0.111 0.238 0.349 0.412 0.440 0.447 0.433 0.418 0.429 0.478 0.590 0.776 1.005 1.251 1.516 1.755 1.930 2.050 2.116 2.134 2.115 2.076 2.009 1.905 1.775 1.640 1.523 1.455 1.449 1.529 1.729 2.026 2.332
0.000 0.000 0.000 0.000 0.000 0.000 0.000 0.000 0.000 0.000 0.000 0.000 0.000 0.000 0.000 0.000 0.000 0.000 0.000 0.000 0.000 0.001 0.003 0.011 0.028 0.047 0.056 0.059 0.059 0.059 0.058 0.056 0.053 0.049 0.042 0.034 0.026 0.020 0.015 0.013 0.012 0.012 0.015 0.025 0.057 0.125 0.201 0.250 0.274 0.280 0.268 0.243 0.231 0.243 0.293 0.405 0.577 0.778 0.999 1.208 1.363 1.468 1.526 1.540 1.521 1.482 1.423 1.340 1.234 1.104 0.963 0.861 0.816 0.824 0.897 1.029 1.130
0.000 0.000 0.000 0.000 0.000 0.000 0.000 0.000 0.000 0.000 0.000 0.000 0.000 0.000 0.000 0.000 0.000 0.000 0.000 0.000 0.000 0.001 0.001 0.004 0.013 0.031 0.046 0.053 0.055 0.055 0.054 0.053 0.051 0.047 0.041 0.034 0.026 0.020 0.017 0.014 0.013 0.013 0.014 0.018 0.034 0.069 0.116 0.150 0.170 0.176 0.171 0.152 0.134 0.130 0.143 0.189 0.285 0.415 0.565 0.718 0.839 0.925 0.976 0.988 0.970 0.937 0.895 0.843 0.774 0.676 0.554 0.460 0.406 0.387 0.391 0.417 0.431
0.000 0.000 0.000 0.000 0.000 0.000 0.000 0.000 0.000 0.000 0.000 0.000 0.000 0.000 0.000 0.000 0.000 0.000 0.000 0.000 0.000 0.000 0.001 0.002 0.006 0.015 0.030 0.042 0.048 0.049 0.050 0.049 0.047 0.044 0.039 0.033 0.026 0.021 0.017 0.015 0.013 0.013 0.013 0.016 0.024 0.043 0.072 0.096 0.111 0.118 0.117 0.107 0.091 0.081 0.080 0.093 0.129 0.193 0.273 0.365 0.440 0.494 0.527 0.535 0.525 0.505 0.482 0.457 0.421 0.363 0.284 0.222 0.186 0.169 0.161 0.159 0.157
0.000 0.000 0.000 0.000 0.000 0.000 0.000 0.000 0.000 0.000 0.000 0.000 0.000 0.000 0.000 0.000 0.000 0.000 0.000 0.000 0.000 0.000 0.000 0.001 0.002 0.006 0.015 0.027 0.037 0.042 0.044 0.044 0.043 0.041 0.037 0.032 0.026 0.021 0.017 0.015 0.013 0.013 0.013 0.014 0.019 0.030 0.049 0.067 0.078 0.083 0.084 0.079 0.069 0.058 0.053 0.055 0.065 0.087 0.120 0.161 0.199 0.225 0.240 0.244 0.240 0.232 0.222 0.212 0.197 0.171 0.133 0.103 0.085 0.076 0.072 0.069 0.066
0.000 0.000 0.000 0.000 0.000 0.000 0.000 0.000 0.000 0.000 0.000 0.000 0.000 0.000 0.000 0.000 0.000 0.000 0.000 0.000 0.000 0.000 0.000 0.001 0.001 0.002 0.006 0.013 0.022 0.031 0.036 0.038 0.037 0.036 0.033 0.029 0.024 0.020 0.017 0.015 0.013 0.013 0.013 0.013 0.016 0.023 0.036 0.049 0.057 0.061 0.062 0.060 0.054 0.045 0.040 0.038 0.040 0.046 0.057 0.073 0.088 0.098 0.104 0.105 0.104 0.101 0.097 0.093 0.088 0.078 0.063 0.051 0.043 0.039 0.037 0.035 0.034
0.000 0.000 0.000 0.000 0.000 0.000 0.000 0.000 0.000 0.000 0.000 0.000 0.000 0.000 0.000 0.000 0.000 0.000 0.000 0.000 0.000 0.000 0.000 0.000 0.001 0.001 0.002 0.005 0.010 0.018 0.026 0.030 0.031 0.030 0.029 0.026 0.022 0.019 0.016 0.014 0.013 0.012 0.012 0.012 0.013 0.017 0.025 0.035 0.041 0.044 0.045 0.044 0.041 0.035 0.030 0.028 0.027 0.029 0.033 0.039 0.045 0.049 0.050 0.051 0.050 0.049 0.048 0.046 0.043 0.039 0.033 0.028 0.025 0.023 0.022 0.022 0.021
0.000 0.000 0.000 0.000 0.000 0.000 0.000 0.000 0.000 0.000 0.000 0.000 0.000 0.000 0.000 0.000 0.000 0.000 0.000 0.000 0.000 0.000 0.000 0.000 0.000 0.001 0.001 0.002 0.004 0.008 0.015 0.020 0.023 0.024 0.023 0.022 0.019 0.017 0.015 0.013 0.012 0.011 0.010 0.010 0.011 0.013 0.017 0.024 0.029 0.031 0.032 0.032 0.030 0.027 0.023 0.021 0.020 0.020 0.021 0.024 0.026 0.028 0.029 0.029 0.028 0.028 0.027 0.026 0.025 0.023 0.020 0.018 0.017 0.016 0.015 0.015 0.014
0.000 0.000 0.000 0.000 0.000 0.000 0.000 0.000 0.000 0.000 0.000 0.000 0.000 0.000 0.000 0.000 0.000 0.000 0.000 0.000 0.000 0.001 0.001 0.000 0.000 0.001 0.001 0.001 0.001 0.003 0.007 0.011 0.015 0.016 0.017 0.016 0.015 0.014 0.013 0.011 0.010 0.009 0.008 0.007 0.008 0.008 0.011 0.015 0.018 0.021 0.022 0.022 0.021 0.019 0.016 0.015 0.014 0.014 0.015 0.016 0.017 0.018 0.018 0.018 0.018 0.018 0.017 0.017 0.016 0.015 0.013 0.012 0.012 0.011 0.011 0.011 0.010
0.000 0.000 0.000 0.000 0.000 0.000 0.000 0.000 0.000 0.000 0.000 0.000 0.000 0.000 0.000 0.000 0.000 0.000 0.000 0.000 0.001 0.001 0.001 0.001 0.001 0.001 0.001 0.001 0.001 0.001 0.002 0.005 0.008 0.010 0.011 0.011 0.011 0.010 0.010 0.009 0.008 0.006 0.005 0.005 0.005 0.005 0.006 0.008 0.010 0.012 0.013 0.013 0.013 0.012 0.011 0.010 0.009 0.009 0.010 0.011 0.012 0.012 0.012 0.012 0.012 0.012 0.012 0.011 0.011 0.010 0.009 0.009 0.008 0.008 0.008 0.008 0.008
0.000 0.000 0.000 0.000 0.000 0.000 0.000 0.000 0.000 0.000 0.000 0.000 0.000 0.000 0.000 0.000 0.000 0.000 0.000 0.000 0.001 0.001 0.001 0.001 0.001 0.001 0.001 0.001 0.001 0.001 0.001 0.002 0.004 0.005 0.006 0.006 0.006 0.006 0.006 0.006 0.005 0.004 0.003 0.003 0.002 0.002 0.003 0.004 0.005 0.006 0.007 0.007 0.007 0.007 0.007 0.006 0.006 0.006 0.007 0.007 0.008 0.008 0.008 0.008 0.008 0.008 0.008 0.008 0.007 0.007 0.006 0.006 0.006 0.006 0.006 0.006 0.006
0.000 0.000 0.000 0.000 0.000 0.000 0.000 0.000 0.000 0.000 0.000 0.000 0.000 0.000 0.000 0.000 0.000 0.000 0.000 0.001 0.001 0.001 0.001 0.001 0.001 0.001 0.001 0.001 0.001 0.001 0.001 0.001 0.001 0.002 0.003 0.003 0.003 0.003 0.003 0.003 0.003 0.002 0.002 0.001 0.001 0.001 0.001 0.002 0.002 0.003 0.003 0.003 0.004 0.004 0.004 0.004 0.004 0.004 0.004 0.005 0.005 0.005 0.005 0.005 0.005 0.005 0.005 0.005 0.005 0.005 0.005 0.004 0.004 0.004 0.004 0.004 0.004
0.000 0.000 0.000 0.000 0.000 0.000 0.000 0.000 0.000 0.000 0.000 0.000 0.000 0.000 0.000 0.000 0.000 0.001 0.001 0.001 0.001 0.001 0.001 0.001 0.001 0.001 0.001 0.001 0.001 0.001 0.001 0.001 0.001 0.001 0.001 0.001 0.001 0.001 0.001 0.001 0.001 0.001 0.001 0.001 0.001 0.001 0.001 0.001 0.001 0.001 0.001 0.001 0.002 0.002 0.002 0.002 0.002 0.002 0.003 0.003 0.003 0.003 0.003 0.003 0.003 0.003 0.003 0.003 0.003 0.003 0.003 0.003 0.003 0.003 0.003 0.003 0.003
0.000 0.000 0.000 0.000 0.000 0.000 0.000 0.000 0.000 0.000 0.000 0.000 0.000 0.000 0.000 0.000 0.000 0.001 0.001 0.001 0.001 0.001 0.001 0.001 0.001 0.001 0.001 0.001 0.001 0.001 0.001 0.001 0.001 0.001 0.001 0.001 0.001 0.001 0.001 0.001 0.001 0.001 0.001 0.001 0.001 0.001 0.001 0.001 0.001 0.001 0.001 0.001 0.001 0.001 0.001 0.001 0.001 0.001 0.002 0.002 0.002 0.002 0.002 0.002 0.002 0.002 0.002 0.002 0.002 0.002 0.002 0.002 0.002 0.002 0.002 0.002 0.002
0.000 0.000 0.000 0.000 0.001 0.000 0.000 0.000 0.000 0.000 0.000 0.000 0.000 0.000 0.000 0.000 0.000 0.001 0.001 0.001 0.001 0.001 0.001 0.001 0.001 0.001 0.001 0.001 0.001 0.001 0.001 0.001 0.001 0.001 0.001 0.001 0.001 0.001 0.001 0.001 0.001 0.001 0.001 0.001 0.001 0.001 0.000 0.000 0.000 0.000 0.000 0.000 0.000 0.000 0.000 0.000 0.000 0.001 0.001 0.001 0.001 0.001 0.001 0.001 0.001 0.001 0.001 0.001 0.001 0.001 0.001 0.001 0.001 0.001 0.001 0.001 0.001
0.000 0.000 0.000 0.000 0.000 0.000 0.000 0.000 0.000 0.000 0.000 0.000 0.000 0.000 0.000 0.000 0.001 0.001 0.001 0.001 0.001 0.001 0.001 0.001 0.001 0.001 0.001 0.001 0.001 0.001 0.001 0.001 0.001 0.001 0.001 0.000 0.001 0.001 0.001 0.001 0.001 0.001 0.001 0.001 0.001 0.001 0.000 0.000 0.000 0.000 0.000 0.000 0.000 0.000 0.000 0.000 0.000 0.000 0.001 0.001 0.001 0.001 0.001 0.001 0.001 0.001 0.001 0.001 0.001 0.001 0.001 0.001 0.001 0.000 0.000 0.001 0.001
0.000 0.000 0.000 0.000 0.000 0.000 0.000 0.000 0.000 0.000 0.000 0.000 0.000 0.000 0.000 0.000 0.001 0.001 0.001 0.001 0.001 0.001 0.001 0.001 0.001 0.001 0.001 0.001 0.001 0.001 0.001 0.001 0.001 0.001 0.000 0.000 0.000 0.000 0.001 0.001 0.001 0.001 0.001 0.001 0.001 0.001 0.001 0.000 0.000 0.000 0.000 0.000 0.000 0.000 0.000 0.000 0.000 0.000 0.000 0.001 0.001 0.001 0.001 0.001 0.001 0.001 0.001 0.001 0.001 0.001 0.001 0.001 0.001 0.000 0.000 0.000 0.000
0.000 0.000 0.000 0.000 0.000 0.000 0.000 0.000 0.000 0.000 0.000 0.000 0.000 0.000 0.000 0.001 0.001 0.001 0.001 0.001 0.001 0.001 0.001 0.001 0.001 0.001 0.001 0.001 0.001 0.001 0.001 0.001 0.001 0.001 0.001 0.000 0.000 0.000 0.000 0.001 0.001 0.001 0.001 0.001 0.001 0.001 0.001 0.001 0.000 0.000 0.000 0.000 0.000 0.000 0.000 0.000 0.000 0.000 0.000 0.000 0.001 0.001 0.001 0.001 0.001 0.001 0.001 0.001 0.001 0.001 0.001 0.000 0.000 0.000 0.000 0.000 0.000
