RESULTS/r.avaflow_results/21_results/21_ascii/21_hflow30057.asc
ncols 506
nrows 317
xllcenter 498237.50
yllcenter 5580050.00
cellsize 12.50
NODATA_value -9999.000
[rows 170 to 203 of 317, columns 154 to 230 of 506]
8.199 8.012 7.826 7.636 7.426 7.201 6.982 6.783 6.609 6.448 6.295 6.142 5.972 5.737 5.380 4.874 4.234 3.501 2.758 2.088 1.510 1.043 0.697 0.467 0.324 0.240 0.196 0.177 0.173 0.177 0.190 0.208 0.222 0.232 0.241 0.253 0.266 0.274 0.276 0.274 0.267 0.257 0.248 0.238 0.227 0.209 0.185 0.164 0.147 0.130 0.115 0.100 0.088 0.080 0.076 0.074 0.075 0.077 0.080 0.082 0.083 0.083 0.082 0.081 0.081 0.082 0.087 0.100 0.127 0.164 0.188 0.197 0.196 0.187 0.165 0.135 0.106
11.468 11.608 11.632 11.587 11.466 11.254 10.972 10.663 10.365 10.083 9.817 9.559 9.292 8.972 8.522 7.881 7.039 6.032 4.935 3.871 2.902 2.063 1.395 0.919 0.613 0.428 0.322 0.271 0.252 0.251 0.259 0.266 0.267 0.266 0.267 0.270 0.275 0.278 0.278 0.273 0.262 0.249 0.237 0.224 0.208 0.184 0.150 0.120 0.096 0.080 0.069 0.062 0.057 0.055 0.054 0.055 0.058 0.062 0.065 0.066 0.066 0.066 0.064 0.063 0.063 0.064 0.067 0.078 0.098 0.134 0.170 0.190 0.198 0.198 0.192 0.177 0.151
14.881 15.387 15.581 15.587 15.478 15.238 14.909 14.548 14.192 13.848 13.517 13.202 12.888 12.540 12.069 11.372 10.410 9.209 7.841 6.424 5.052 3.777 2.668 1.797 1.185 0.789 0.547 0.414 0.350 0.318 0.300 0.288 0.280 0.273 0.269 0.268 0.269 0.268 0.264 0.253 0.234 0.215 0.197 0.179 0.157 0.127 0.094 0.071 0.057 0.048 0.043 0.040 0.039 0.039 0.039 0.041 0.045 0.050 0.053 0.053 0.053 0.053 0.051 0.050 0.050 0.051 0.054 0.061 0.076 0.102 0.140 0.175 0.194 0.202 0.203 0.198 0.183
17.332 18.173 18.569 18.657 18.588 18.398 18.128 17.824 17.508 17.174 16.820 16.467 16.123 15.758 15.304 14.648 13.723 12.537 11.142 9.596 7.966 6.305 4.683 3.288 2.208 1.440 0.938 0.637 0.466 0.369 0.316 0.289 0.275 0.265 0.256 0.249 0.243 0.236 0.225 0.204 0.175 0.149 0.128 0.109 0.090 0.070 0.054 0.042 0.036 0.032 0.029 0.028 0.028 0.028 0.029 0.032 0.035 0.040 0.042 0.043 0.043 0.043 0.042 0.041 0.041 0.042 0.045 0.050 0.060 0.077 0.105 0.146 0.181 0.199 0.204 0.203 0.196
18.654 19.735 20.382 20.682 20.780 20.754 20.650 20.497 20.294 20.019 19.665 19.265 18.875 18.480 18.025 17.399 16.522 15.389 14.039 12.528 10.883 9.103 7.165 5.222 3.568 2.297 1.416 0.872 0.564 0.399 0.316 0.276 0.253 0.235 0.219 0.205 0.191 0.176 0.157 0.131 0.105 0.086 0.072 0.061 0.050 0.040 0.033 0.027 0.024 0.022 0.021 0.021 0.021 0.021 0.022 0.024 0.028 0.031 0.033 0.035 0.035 0.035 0.035 0.035 0.035 0.037 0.039 0.042 0.049 0.060 0.078 0.109 0.152 0.184 0.198 0.201 0.197
18.994 20.189 21.052 21.636 22.016 22.242 22.350 22.355 22.282 22.090 21.750 21.291 20.849 20.430 19.978 19.396 18.599 17.556 16.265 14.748 13.030 11.119 8.974 6.609 4.507 2.864 1.711 1.004 0.614 0.408 0.303 0.246 0.209 0.180 0.156 0.136 0.122 0.108 0.094 0.077 0.062 0.051 0.043 0.036 0.030 0.025 0.022 0.019 0.017 0.016 0.016 0.016 0.016 0.017 0.017 0.019 0.021 0.024 0.026 0.028 0.029 0.029 0.030 0.030 0.031 0.033 0.035 0.037 0.042 0.049 0.061 0.081 0.115 0.155 0.180 0.189 0.191
18.821 20.075 21.056 21.812 22.417 22.875 23.152 23.259 23.260 23.140 22.822 22.312 21.832 21.420 20.988 20.451 19.736 18.797 17.588 16.084 14.294 12.244 9.915 7.286 4.926 3.091 1.815 1.043 0.623 0.399 0.276 0.202 0.152 0.117 0.095 0.081 0.072 0.065 0.056 0.047 0.038 0.032 0.027 0.023 0.020 0.017 0.015 0.014 0.013 0.012 0.012 0.012 0.012 0.013 0.013 0.015 0.016 0.019 0.021 0.022 0.023 0.025 0.026 0.027 0.028 0.030 0.032 0.034 0.037 0.042 0.051 0.064 0.086 0.118 0.148 0.166 0.175
18.162 19.533 20.690 21.631 22.380 22.932 23.262 23.396 23.414 23.325 23.023 22.495 21.999 21.604 21.192 20.676 19.999 19.124 17.988 16.519 14.701 12.565 10.129 7.397 4.968 3.089 1.794 1.020 0.597 0.364 0.231 0.150 0.101 0.074 0.058 0.049 0.044 0.040 0.035 0.030 0.025 0.022 0.019 0.016 0.014 0.012 0.011 0.010 0.010 0.009 0.009 0.009 0.009 0.010 0.010 0.011 0.012 0.014 0.016 0.018 0.019 0.021 0.022 0.024 0.025 0.027 0.029 0.031 0.034 0.038 0.045 0.054 0.069 0.090 0.114 0.135 0.150
17.054 18.564 19.904 21.047 21.954 22.584 22.931 23.058 23.069 22.975 22.685 22.180 21.673 21.258 20.826 20.298 19.636 18.807 17.729 16.302 14.491 12.322 9.803 7.046 4.663 2.844 1.616 0.896 0.504 0.288 0.167 0.099 0.065 0.046 0.037 0.032 0.028 0.025 0.023 0.020 0.017 0.015 0.013 0.012 0.010 0.009 0.008 0.007 0.007 0.007 0.007 0.007 0.007 0.007 0.007 0.008 0.009 0.010 0.012 0.014 0.015 0.017 0.019 0.021 0.023 0.024 0.026 0.029 0.032 0.035 0.040 0.048 0.058 0.073 0.091 0.108 0.122
15.641 17.247 18.700 19.964 20.972 21.664 22.038 22.157 22.137 21.993 21.701 21.279 20.791 20.282 19.731 19.127 18.447 17.645 16.621 15.233 13.412 11.177 8.576 5.967 3.813 2.233 1.209 0.631 0.330 0.176 0.098 0.060 0.040 0.030 0.025 0.021 0.019 0.017 0.016 0.014 0.012 0.011 0.010 0.008 0.007 0.006 0.006 0.005 0.005 0.004 0.004 0.004 0.004 0.004 0.005 0.006 0.006 0.008 0.009 0.010 0.012 0.014 0.016 0.018 0.020 0.022 0.024 0.026 0.029 0.033 0.037 0.043 0.052 0.063 0.077 0.090 0.102
13.972 15.587 17.061 18.371 19.452 20.228 20.667 20.800 20.744 20.532 20.247 19.944 19.510 18.871 18.118 17.378 16.626 15.782 14.701 13.222 11.270 8.877 6.323 4.085 2.412 1.295 0.646 0.317 0.162 0.089 0.054 0.036 0.026 0.021 0.017 0.015 0.014 0.013 0.011 0.010 0.009 0.008 0.007 0.006 0.005 0.004 0.004 0.003 0.003 0.002 0.002 0.002 0.002 0.003 0.003 0.004 0.004 0.005 0.006 0.008 0.009 0.011 0.013 0.015 0.017 0.019 0.021 0.024 0.027 0.030 0.035 0.041 0.048 0.058 0.069 0.080 0.090
12.049 13.584 15.036 16.402 17.608 18.539 19.108 19.305 19.259 19.050 18.774 18.488 18.037 17.290 16.371 15.474 14.577 13.543 12.179 10.359 8.031 5.576 3.524 2.071 1.131 0.577 0.281 0.139 0.075 0.046 0.031 0.023 0.018 0.015 0.013 0.011 0.010 0.009 0.008 0.007 0.006 0.005 0.005 0.004 0.003 0.003 0.002 0.002 0.001 0.001 0.001 0.001 0.001 0.001 0.002 0.002 0.003 0.003 0.004 0.006 0.007 0.008 0.010 0.012 0.014 0.016 0.019 0.022 0.025 0.028 0.033 0.039 0.046 0.055 0.065 0.074 0.082
9.939 11.349 12.772 14.207 15.573 16.694 17.433 17.744 17.749 17.577 17.275 16.869 16.267 15.416 14.413 13.375 12.261 10.871 8.992 6.698 4.468 2.738 1.548 0.831 0.434 0.222 0.114 0.062 0.038 0.026 0.020 0.016 0.013 0.011 0.010 0.009 0.008 0.007 0.006 0.005 0.004 0.004 0.003 0.002 0.002 0.001 0.001 0.001 0.001 0.000 0.000 0.000 0.000 0.000 0.001 0.001 0.001 0.002 0.003 0.004 0.005 0.006 0.008 0.010 0.012 0.014 0.016 0.019 0.023 0.026 0.031 0.037 0.045 0.054 0.062 0.070 0.078
7.829 9.060 10.374 11.787 13.221 14.442 15.298 15.718 15.786 15.630 15.210 14.549 13.693 12.709 11.646 10.477 9.080 7.273 5.206 3.332 1.953 1.044 0.533 0.278 0.152 0.085 0.049 0.031 0.022 0.017 0.014 0.012 0.010 0.008 0.007 0.006 0.005 0.005 0.004 0.003 0.003 0.002 0.002 0.001 0.001 0.001 0.000 0.000 0.000 0.000 0.000 0.000 0.000 0.000 0.000 0.000 0.001 0.001 0.002 0.002 0.003 0.004 0.006 0.007 0.009 0.012 0.014 0.017 0.021 0.025 0.030 0.036 0.044 0.053 0.061 0.068 0.075
5.799 6.752 7.799 8.942 10.133 11.189 11.976 12.406 12.501 12.349 11.827 10.927 9.768 8.603 7.487 6.305 4.977 3.524 2.207 1.233 0.628 0.312 0.165 0.095 0.058 0.038 0.026 0.019 0.015 0.013 0.010 0.009 0.007 0.006 0.005 0.004 0.004 0.003 0.002 0.002 0.001 0.001 0.001 0.000 0.000 0.000 0.000 0.000 0.000 0.000 0.000 0.000 0.000 0.000 0.000 0.000 0.000 0.000 0.001 0.001 0.002 0.003 0.004 0.006 0.007 0.010 0.012 0.015 0.019 0.023 0.028 0.035 0.043 0.051 0.059 0.067 0.074
3.863 4.398 4.937 5.505 6.121 6.727 7.223 7.517 7.594 7.480 7.022 6.208 5.185 4.262 3.476 2.736 1.970 1.227 0.671 0.337 0.171 0.096 0.059 0.040 0.029 0.022 0.017 0.014 0.011 0.010 0.008 0.007 0.006 0.005 0.004 0.003 0.002 0.002 0.001 0.001 0.001 0.000 0.000 0.000 0.000 0.000 0.000 0.000 0.000 0.000 0.000 0.000 0.000 0.000 0.000 0.000 0.000 0.000 0.000 0.000 0.001 0.002 0.003 0.004 0.006 0.008 0.010 0.013 0.017 0.021 0.026 0.033 0.041 0.050 0.058 0.066 0.074
2.202 2.403 2.586 2.759 2.937 3.126 3.292 3.391 3.416 3.362 3.133 2.691 2.093 1.577 1.186 0.862 0.565 0.326 0.174 0.095 0.058 0.039 0.029 0.023 0.018 0.015 0.013 0.011 0.009 0.008 0.006 0.005 0.004 0.003 0.002 0.002 0.001 0.001 0.000 0.000 0.000 0.000 0.000 0.000 0.000 0.000 0.000 0.000 0.000 0.000 0.000 0.000 0.000 0.000 0.000 0.000 0.000 0.000 0.000 0.000 0.000 0.001 0.002 0.003 0.004 0.006 0.008 0.011 0.015 0.019 0.024 0.031 0.038 0.047 0.056 0.065 0.075
1.034 1.069 1.096 1.117 1.133 1.152 1.174 1.182 1.176 1.147 1.055 0.881 0.643 0.455 0.329 0.233 0.153 0.093 0.057 0.038 0.028 0.022 0.019 0.016 0.014 0.012 0.010 0.009 0.007 0.006 0.005 0.004 0.003 0.002 0.001 0.001 0.000 0.000 0.000 0.000 0.000 0.000 0.000 0.000 0.000 0.000 0.000 0.000 0.000 0.000 0.000 0.000 0.000 0.000 0.000 0.000 0.000 0.000 0.000 0.000 0.000 0.000 0.001 0.002 0.003 0.004 0.006 0.009 0.012 0.016 0.021 0.027 0.035 0.043 0.053 0.063 0.075
0.404 0.401 0.400 0.399 0.396 0.390 0.382 0.372 0.362 0.346 0.315 0.261 0.188 0.134 0.099 0.073 0.053 0.038 0.028 0.022 0.019 0.016 0.014 0.013 0.012 0.010 0.009 0.008 0.006 0.005 0.003 0.002 0.002 0.001 0.000 0.000 0.000 0.000 0.000 0.000 0.000 0.000 0.000 0.000 0.000 0.000 0.000 0.000 0.000 0.000 0.000 0.000 0.000 0.000 0.000 0.000 0.000 0.000 0.000 0.000 0.000 0.000 0.000 0.001 0.002 0.003 0.005 0.007 0.010 0.013 0.018 0.023 0.030 0.038 0.049 0.061 0.075
0.154 0.151 0.150 0.149 0.146 0.141 0.134 0.126 0.120 0.112 0.102 0.087 0.066 0.051 0.040 0.032 0.026 0.022 0.019 0.016 0.014 0.013 0.012 0.011 0.010 0.009 0.008 0.006 0.005 0.004 0.002 0.002 0.001 0.000 0.000 0.000 0.000 0.000 0.000 0.000 0.000 0.000 0.000 0.000 0.000 0.000 0.000 0.000 0.000 0.000 0.000 0.000 0.000 0.000 0.000 0.000 0.000 0.000 0.000 0.000 0.000 0.000 0.000 0.000 0.001 0.002 0.003 0.005 0.007 0.010 0.014 0.019 0.025 0.033 0.043 0.057 0.072
0.065 0.064 0.063 0.063 0.062 0.059 0.055 0.052 0.049 0.046 0.042 0.038 0.032 0.027 0.023 0.020 0.018 0.016 0.014 0.013 0.012 0.011 0.011 0.010 0.009 0.008 0.007 0.005 0.004 0.003 0.002 0.001 0.000 0.000 0.000 0.000 0.000 0.000 0.000 0.000 0.000 0.000 0.000 0.000 0.000 0.000 0.000 0.000 0.000 0.000 0.000 0.000 0.000 0.000 0.000 0.000 0.000 0.000 0.000 0.000 0.000 0.000 0.000 0.000 0.000 0.001 0.002 0.003 0.005 0.008 0.011 0.015 0.020 0.026 0.036 0.048 0.063
0.033 0.033 0.032 0.032 0.031 0.030 0.029 0.027 0.026 0.025 0.024 0.022 0.020 0.018 0.016 0.015 0.014 0.013 0.012 0.011 0.011 0.010 0.010 0.009 0.008 0.007 0.006 0.005 0.003 0.002 0.001 0.000 0.000 0.000 0.000 0.000 0.000 0.000 0.000 0.000 0.000 0.000 0.000 0.000 0.000 0.000 0.000 0.000 0.000 0.000 0.000 0.000 0.000 0.000 0.000 0.000 0.000 0.000 0.000 0.000 0.000 0.000 0.000 0.000 0.000 0.000 0.001 0.002 0.003 0.005 0.008 0.011 0.015 0.019 0.026 0.036 0.049
0.020 0.020 0.020 0.019 0.019 0.019 0.018 0.017 0.017 0.016 0.016 0.015 0.015 0.014 0.013 0.012 0.012 0.011 0.011 0.010 0.010 0.009 0.009 0.008 0.007 0.006 0.005 0.004 0.003 0.002 0.001 0.000 0.000 0.000 0.000 0.000 0.000 0.000 0.000 0.000 0.000 0.000 0.000 0.000 0.000 0.000 0.000 0.000 0.000 0.000 0.000 0.000 0.000 0.000 0.000 0.000 0.000 0.000 0.000 0.000 0.000 0.000 0.000 0.000 0.000 0.000 0.000 0.001 0.002 0.004 0.005 0.008 0.011 0.014 0.019 0.025 0.033
0.013 0.013 0.013 0.013 0.013 0.013 0.013 0.012 0.012 0.012 0.012 0.012 0.012 0.011 0.011 0.010 0.010 0.010 0.009 0.009 0.009 0.008 0.008 0.007 0.007 0.006 0.005 0.003 0.002 0.001 0.000 0.000 0.000 0.000 0.000 0.000 0.000 0.000 0.000 0.000 0.000 0.000 0.000 0.000 0.000 0.000 0.000 0.000 0.000 0.000 0.000 0.000 0.000 0.000 0.000 0.000 0.000 0.000 0.000 0.000 0.000 0.000 0.000 0.000 0.000 0.000 0.000 0.000 0.001 0.002 0.004 0.005 0.007 0.010 0.013 0.018 0.023
0.010 0.010 0.010 0.010 0.010 0.010 0.009 0.009 0.009 0.010 0.010 0.010 0.010 0.009 0.009 0.009 0.009 0.009 0.008 0.008 0.008 0.008 0.007 0.007 0.006 0.005 0.004 0.003 0.002 0.001 0.000 0.000 0.000 0.000 0.000 0.000 0.000 0.000 0.000 0.000 0.000 0.000 0.000 0.000 0.000 0.000 0.000 0.000 0.000 0.000 0.000 0.000 0.000 0.000 0.000 0.000 0.000 0.000 0.000 0.000 0.000 0.000 0.000 0.000 0.000 0.000 0.000 0.000 0.001 0.001 0.002 0.003 0.005 0.007 0.010 0.012 0.016
0.007 0.007 0.007 0.007 0.007 0.007 0.007 0.007 0.008 0.008 0.008 0.008 0.008 0.008 0.008 0.008 0.008 0.008 0.007 0.007 0.007 0.007 0.006 0.006 0.005 0.005 0.004 0.002 0.001 0.001 0.000 0.000 0.000 0.000 0.000 0.000 0.000 0.000 0.000 0.000 0.000 0.000 0.000 0.000 0.000 0.000 0.000 0.000 0.000 0.000 0.000 0.000 0.000 0.000 0.000 0.000 0.000 0.000 0.000 0.000 0.000 0.000 0.000 0.000 0.000 0.000 0.000 0.000 0.000 0.000 0.001 0.002 0.003 0.005 0.007 0.009 0.011
0.005 0.005 0.005 0.005 0.005 0.005 0.006 0.006 0.006 0.006 0.006 0.007 0.007 0.007 0.007 0.007 0.007 0.007 0.006 0.006 0.006 0.006 0.006 0.005 0.005 0.004 0.003 0.002 0.001 0.000 0.000 0.000 0.000 0.000 0.000 0.000 0.000 0.000 0.000 0.000 0.000 0.000 0.000 0.000 0.000 0.000 0.000 0.000 0.000 0.000 0.000 0.000 0.000 0.000 0.000 0.000 0.000 0.000 0.000 0.000 0.000 0.000 0.000 0.000 0.000 0.000 0.000 0.000 0.000 0.000 0.000 0.001 0.002 0.003 0.004 0.006 0.008
0.003 0.003 0.004 0.004 0.004 0.004 0.004 0.004 0.005 0.005 0.005 0.005 0.005 0.006 0.006 0.006 0.006 0.006 0.006 0.005 0.005 0.005 0.005 0.005 0.004 0.003 0.003 0.002 0.001 0.000 0.000 0.000 0.000 0.000 0.000 0.000 0.000 0.000 0.000 0.000 0.000 0.000 0.000 0.000 0.000 0.000 0.000 0.000 0.000 0.000 0.000 0.000 0.000 0.000 0.000 0.000 0.000 0.000 0.000 0.000 0.000 0.000 0.000 0.000 0.000 0.000 0.000 0.000 0.000 0.000 0.000 0.000 0.001 0.002 0.003 0.004 0.005
0.002 0.002 0.002 0.003 0.003 0.003 0.003 0.003 0.003 0.004 0.004 0.004 0.004 0.004 0.005 0.005 0.005 0.005 0.005 0.005 0.005 0.004 0.004 0.004 0.004 0.003 0.002 0.001 0.001 0.000 0.000 0.000 0.000 0.000 0.000 0.000 0.000 0.000 0.000 0.000 0.000 0.000 0.000 0.000 0.000 0.000 0.000 0.000 0.000 0.000 0.000 0.000 0.000 0.000 0.000 0.000 0.000 0.000 0.000 0.000 0.000 0.000 0.000 0.000 0.000 0.000 0.000 0.000 0.000 0.000 0.000 0.000 0.000 0.001 0.001 0.002 0.003
0.001 0.001 0.001 0.002 0.002 0.002 0.002 0.002 0.002 0.003 0.003 0.003 0.003 0.004 0.004 0.004 0.004 0.004 0.004 0.004 0.004 0.004 0.003 0.003 0.003 0.002 0.002 0.001 0.001 0.000 0.000 0.000 0.000 0.000 0.000 0.000 0.000 0.000 0.000 0.000 0.000 0.000 0.000 0.000 0.000 0.000 0.000 0.000 0.000 0.000 0.000 0.000 0.000 0.000 0.000 0.000 0.000 0.000 0.000 0.000 0.000 0.000 0.000 0.000 0.000 0.000 0.000 0.000 0.000 0.000 0.000 0.000 0.000 0.000 0.001 0.001 0.002
0.001 0.001 0.001 0.001 0.001 0.001 0.001 0.001 0.002 0.002 0.002 0.002 0.002 0.003 0.003 0.003 0.003 0.003 0.003 0.003 0.003 0.003 0.003 0.003 0.002 0.002 0.001 0.001 0.000 0.000 0.000 0.000 0.000 0.000 0.000 0.000 0.000 0.000 0.000 0.000 0.000 0.000 0.000 0.000 0.000 0.000 0.000 0.000 0.000 0.000 0.000 0.000 0.000 0.000 0.000 0.000 0.000 0.000 0.000 0.000 0.000 0.000 0.000 0.000 0.000 0.000 0.000 0.000 0.000 0.000 0.000 0.000 0.000 0.000 0.000 0.000 0.001
0.000 0.000 0.000 0.000 0.000 0.000 0.001 0.001 0.001 0.001 0.001 0.002 0.002 0.002 0.002 0.002 0.002 0.002 0.002 0.002 0.002 0.002 0.002 0.002 0.002 0.001 0.001 0.001 0.000 0.000 0.000 0.000 0.000 0.000 0.000 0.000 0.000 0.000 0.000 0.000 0.000 0.000 0.000 0.000 0.000 0.000 0.000 0.000 0.000 0.000 0.000 0.000 0.000 0.000 0.000 0.000 0.000 0.000 0.000 0.000 0.000 0.000 0.000 0.000 0.000 0.000 0.000 0.000 0.000 0.000 0.000 0.000 0.000 0.000 0.000 0.000 0.000
0.000 0.000 0.000 0.000 0.000 0.000 0.000 0.000 0.000 0.001 0.001 0.001 0.001 0.001 0.001 0.002 0.002 0.002 0.002 0.002 0.002 0.002 0.002 0.001 0.001 0.001 0.001 0.000 0.000 0.000 0.000 0.000 0.000 0.000 0.000 0.000 0.000 0.000 0.000 0.000 0.000 0.000 0.000 0.000 0.000 0.000 0.000 0.000 0.000 0.000 0.000 0.000 0.000 0.000 0.000 0.000 0.000 0.000 0.000 0.000 0.000 0.000 0.000 0.000 0.000 0.000 0.000 0.000 0.000 0.000 0.000 0.000 0.000 0.000 0.000 0.000 0.000
0.000 0.000 0.000 0.000 0.000 0.000 0.000 0.000 0.000 0.000 0.000 0.000 0.001 0.001 0.001 0.001 0.001 0.001 0.001 0.001 0.001 0.001 0.001 0.001 0.001 0.001 0.000 0.000 0.000 0.000 0.000 0.000 0.000 0.000 0.000 0.000 0.000 0.000 0.000 0.000 0.000 0.000 0.000 0.000 0.000 0.000 0.000 0.000 0.000 0.000 0.000 0.000 0.000 0.000 0.000 0.000 0.000 0.000 0.000 0.000 0.000 0.000 0.000 0.000 0.000 0.000 0.000 0.000 0.000 0.000 0.000 0.000 0.000 0.000 0.000 0.000 0.000
