RESULTS/r.avaflow_results/21_results/21_ascii/21_hflow0026.asc
ncols 506
nrows 317
xllcenter 498237.50
yllcenter 5580050.00
cellsize 12.50
NODATA_value -9999.000
[rows 170 to 203 of 317, columns 154 to 230 of 506]
8.879 8.664 8.446 8.220 7.969 7.696 7.425 7.179 6.960 6.756 6.561 6.368 6.157 5.878 5.470 4.906 4.208 3.426 2.661 1.977 1.392 0.929 0.602 0.399 0.285 0.227 0.204 0.200 0.205 0.225 0.260 0.304 0.350 0.393 0.437 0.484 0.548 0.619 0.665 0.690 0.703 0.713 0.720 0.719 0.707 0.677 0.622 0.543 0.454 0.369 0.289 0.223 0.174 0.142 0.122 0.107 0.094 0.080 0.064 0.045 0.029 0.017 0.009 0.005 0.002 0.001 0.000 0.000 0.000 0.000 0.000 0.000 0.000 0.000 0.000 0.000 0.000
12.350 12.469 12.466 12.395 12.237 11.978 11.643 11.286 10.945 10.618 10.306 10.002 9.690 9.319 8.803 8.084 7.164 6.078 4.921 3.815 2.809 1.946 1.272 0.812 0.538 0.387 0.313 0.286 0.284 0.298 0.326 0.362 0.400 0.437 0.473 0.513 0.569 0.628 0.664 0.680 0.685 0.683 0.674 0.660 0.632 0.580 0.493 0.379 0.272 0.197 0.148 0.116 0.095 0.082 0.074 0.067 0.060 0.052 0.041 0.028 0.017 0.010 0.005 0.003 0.001 0.000 0.000 0.000 0.000 0.000 0.000 0.000 0.000 0.000 0.000 0.000 0.000
15.853 16.320 16.465 16.434 16.273 15.971 15.576 15.161 14.765 14.381 14.011 13.661 13.313 12.927 12.420 11.681 10.659 9.386 7.947 6.473 5.047 3.717 2.565 1.675 1.073 0.706 0.502 0.401 0.359 0.348 0.356 0.376 0.407 0.440 0.470 0.504 0.551 0.594 0.613 0.614 0.599 0.569 0.532 0.490 0.438 0.366 0.272 0.186 0.131 0.097 0.076 0.063 0.055 0.050 0.046 0.042 0.038 0.033 0.025 0.016 0.010 0.006 0.003 0.001 0.001 0.000 0.000 0.000 0.000 0.000 0.000 0.000 0.000 0.000 0.000 0.000 0.000
18.398 19.189 19.521 19.551 19.430 19.167 18.823 18.462 18.098 17.717 17.321 16.937 16.567 16.175 15.689 14.995 14.024 12.786 11.344 9.755 8.080 6.359 4.657 3.193 2.081 1.315 0.840 0.577 0.443 0.381 0.362 0.368 0.387 0.411 0.431 0.452 0.478 0.494 0.491 0.469 0.419 0.356 0.300 0.255 0.214 0.169 0.122 0.087 0.065 0.051 0.043 0.037 0.034 0.031 0.029 0.027 0.024 0.020 0.014 0.009 0.006 0.003 0.002 0.001 0.000 0.000 0.000 0.000 0.000 0.000 0.000 0.000 0.000 0.000 0.000 0.000 0.000
19.787 20.815 21.401 21.635 21.674 21.575 21.413 21.208 20.957 20.637 20.238 19.804 19.394 18.977 18.491 17.829 16.908 15.726 14.335 12.790 11.116 9.302 7.311 5.267 3.522 2.204 1.316 0.794 0.523 0.396 0.347 0.333 0.333 0.337 0.338 0.337 0.333 0.324 0.305 0.272 0.223 0.177 0.144 0.120 0.099 0.077 0.059 0.045 0.036 0.030 0.027 0.024 0.022 0.020 0.018 0.017 0.014 0.012 0.008 0.005 0.003 0.002 0.001 0.000 0.000 0.000 0.000 0.000 0.000 0.000 0.000 0.000 0.000 0.000 0.000 0.000 0.000
20.140 21.287 22.097 22.626 22.950 23.120 23.190 23.156 23.047 22.815 22.431 21.930 21.466 21.025 20.545 19.929 19.093 18.008 16.676 15.121 13.372 11.434 9.261 6.805 4.563 2.824 1.628 0.924 0.563 0.391 0.311 0.269 0.242 0.222 0.206 0.193 0.185 0.176 0.164 0.144 0.115 0.090 0.073 0.060 0.050 0.040 0.033 0.027 0.023 0.020 0.018 0.016 0.015 0.013 0.012 0.010 0.008 0.006 0.004 0.003 0.001 0.001 0.000 0.000 0.000 0.000 0.000 0.000 0.000 0.000 0.000 0.000 0.000 0.000 0.000 0.000 0.000
19.945 21.156 22.098 22.809 23.369 23.793 24.041 24.119 24.098 23.947 23.586 23.024 22.517 22.086 21.631 21.062 20.312 19.339 18.093 16.546 14.717 12.634 10.276 7.567 5.032 3.077 1.739 0.962 0.567 0.368 0.261 0.197 0.158 0.131 0.114 0.105 0.099 0.094 0.088 0.077 0.062 0.050 0.041 0.034 0.029 0.024 0.020 0.018 0.015 0.014 0.012 0.011 0.010 0.008 0.007 0.006 0.005 0.003 0.002 0.001 0.001 0.000 0.000 0.000 0.000 0.000 0.000 0.000 0.000 0.000 0.000 0.000 0.000 0.000 0.000 0.000 0.000
19.218 20.556 21.693 22.614 23.339 23.865 24.165 24.271 24.269 24.156 23.811 23.224 22.698 22.287 21.855 21.310 20.600 19.694 18.525 17.015 15.152 12.977 10.508 7.692 5.081 3.075 1.717 0.935 0.531 0.319 0.202 0.137 0.100 0.078 0.066 0.059 0.056 0.053 0.049 0.044 0.037 0.030 0.026 0.022 0.019 0.016 0.014 0.012 0.011 0.009 0.008 0.007 0.006 0.005 0.004 0.003 0.002 0.002 0.001 0.000 0.000 0.000 0.000 0.000 0.000 0.000 0.000 0.000 0.000 0.000 0.000 0.000 0.000 0.000 0.000 0.000 0.000
18.049 19.533 20.860 21.995 22.891 23.500 23.816 23.912 23.899 23.780 23.447 22.886 22.346 21.911 21.458 20.901 20.210 19.352 18.244 16.778 14.923 12.713 10.160 7.295 4.743 2.810 1.527 0.804 0.432 0.239 0.138 0.088 0.062 0.048 0.040 0.036 0.034 0.032 0.029 0.027 0.023 0.020 0.017 0.015 0.013 0.011 0.010 0.008 0.007 0.006 0.005 0.004 0.004 0.003 0.002 0.002 0.001 0.001 0.000 0.000 0.000 0.000 0.000 0.000 0.000 0.000 0.000 0.000 0.000 0.000 0.000 0.000 0.000 0.000 0.000 0.000 0.000
16.607 18.190 19.623 20.872 21.865 22.536 22.881 22.968 22.917 22.729 22.391 21.932 21.415 20.871 20.283 19.647 18.941 18.114 17.062 15.639 13.775 11.494 8.845 6.104 3.816 2.153 1.101 0.538 0.266 0.139 0.081 0.054 0.039 0.031 0.027 0.024 0.022 0.021 0.019 0.018 0.016 0.014 0.012 0.010 0.009 0.008 0.006 0.005 0.004 0.004 0.003 0.002 0.002 0.001 0.001 0.001 0.000 0.000 0.000 0.000 0.000 0.000 0.000 0.000 0.000 0.000 0.000 0.000 0.000 0.000 0.000 0.000 0.000 0.000 0.000 0.000 0.000
14.935 16.516 17.959 19.242 20.303 21.063 21.480 21.581 21.481 21.206 20.879 20.562 20.104 19.412 18.599 17.824 17.044 16.172 15.056 13.535 11.530 9.071 6.422 4.065 2.319 1.186 0.557 0.258 0.128 0.072 0.047 0.034 0.026 0.022 0.019 0.017 0.016 0.015 0.013 0.012 0.011 0.010 0.008 0.007 0.006 0.005 0.004 0.003 0.003 0.002 0.001 0.001 0.001 0.000 0.000 0.000 0.000 0.000 0.000 0.000 0.000 0.000 0.000 0.000 0.000 0.000 0.000 0.000 0.000 0.000 0.000 0.000 0.000 0.000 0.000 0.000 0.000
13.021 14.502 15.910 17.248 18.443 19.373 19.935 20.109 20.029 19.770 19.453 19.135 18.641 17.828 16.839 15.909 14.981 13.904 12.483 10.591 8.172 5.618 3.484 1.987 1.041 0.504 0.233 0.112 0.061 0.039 0.029 0.023 0.019 0.016 0.014 0.013 0.012 0.011 0.010 0.009 0.008 0.006 0.005 0.005 0.004 0.003 0.002 0.002 0.001 0.001 0.001 0.000 0.000 0.000 0.000 0.000 0.000 0.000 0.000 0.000 0.000 0.000 0.000 0.000 0.000 0.000 0.000 0.000 0.000 0.000 0.000 0.000 0.000 0.000 0.000 0.000 0.000
10.928 12.272 13.638 15.048 16.423 17.559 18.303 18.597 18.568 18.347 17.992 17.532 16.868 15.951 14.891 13.820 12.669 11.216 9.246 6.833 4.493 2.696 1.476 0.760 0.380 0.188 0.094 0.052 0.033 0.024 0.019 0.016 0.014 0.012 0.011 0.010 0.009 0.008 0.007 0.006 0.005 0.004 0.003 0.003 0.002 0.001 0.001 0.001 0.000 0.000 0.000 0.000 0.000 0.000 0.000 0.000 0.000 0.000 0.000 0.000 0.000 0.000 0.000 0.000 0.000 0.000 0.000 0.000 0.000 0.000 0.000 0.000 0.000 0.000 0.000 0.000 0.000
8.844 10.028 11.278 12.648 14.084 15.317 16.174 16.574 16.605 16.391 15.889 15.138 14.202 13.162 12.060 10.853 9.403 7.507 5.316 3.337 1.907 0.983 0.480 0.242 0.129 0.071 0.042 0.028 0.021 0.017 0.014 0.012 0.010 0.009 0.008 0.007 0.006 0.005 0.004 0.004 0.003 0.002 0.002 0.001 0.001 0.001 0.000 0.000 0.000 0.000 0.000 0.000 0.000 0.000 0.000 0.000 0.000 0.000 0.000 0.000 0.000 0.000 0.000 0.000 0.000 0.000 0.000 0.000 0.000 0.000 0.000 0.000 0.000 0.000 0.000 0.000 0.000
6.805 7.762 8.754 9.819 10.953 11.982 12.752 13.156 13.216 13.000 12.380 11.360 10.091 8.866 7.703 6.470 5.072 3.546 2.175 1.179 0.578 0.275 0.141 0.081 0.050 0.033 0.024 0.018 0.015 0.013 0.011 0.009 0.008 0.007 0.006 0.005 0.004 0.003 0.003 0.002 0.001 0.001 0.001 0.000 0.000 0.000 0.000 0.000 0.000 0.000 0.000 0.000 0.000 0.000 0.000 0.000 0.000 0.000 0.000 0.000 0.000 0.000 0.000 0.000 0.000 0.000 0.000 0.000 0.000 0.000 0.000 0.000 0.000 0.000 0.000 0.000 0.000
4.695 5.250 5.756 6.235 6.735 7.265 7.727 7.994 8.043 7.877 7.329 6.396 5.260 4.288 3.468 2.702 1.916 1.165 0.617 0.299 0.148 0.082 0.051 0.035 0.026 0.020 0.016 0.014 0.012 0.010 0.008 0.007 0.006 0.005 0.004 0.003 0.003 0.002 0.001 0.001 0.001 0.000 0.000 0.000 0.000 0.000 0.000 0.000 0.000 0.000 0.000 0.000 0.000 0.000 0.000 0.000 0.000 0.000 0.000 0.000 0.000 0.000 0.000 0.000 0.000 0.000 0.000 0.000 0.000 0.000 0.000 0.000 0.000 0.000 0.000 0.000 0.000
2.728 2.901 3.019 3.103 3.184 3.301 3.440 3.522 3.532 3.452 3.180 2.681 2.030 1.502 1.112 0.796 0.511 0.287 0.150 0.082 0.050 0.035 0.027 0.021 0.018 0.015 0.013 0.011 0.009 0.008 0.006 0.005 0.004 0.003 0.003 0.002 0.001 0.001 0.001 0.000 0.000 0.000 0.000 0.000 0.000 0.000 0.000 0.000 0.000 0.000 0.000 0.000 0.000 0.000 0.000 0.000 0.000 0.000 0.000 0.000 0.000 0.000 0.000 0.000 0.000 0.000 0.000 0.000 0.000 0.000 0.000 0.000 0.000 0.000 0.000 0.000 0.000
1.267 1.267 1.243 1.207 1.172 1.154 1.162 1.163 1.151 1.113 1.011 0.825 0.583 0.406 0.290 0.202 0.131 0.080 0.050 0.034 0.026 0.021 0.018 0.016 0.014 0.012 0.010 0.009 0.007 0.006 0.005 0.004 0.003 0.002 0.001 0.001 0.000 0.000 0.000 0.000 0.000 0.000 0.000 0.000 0.000 0.000 0.000 0.000 0.000 0.000 0.000 0.000 0.000 0.000 0.000 0.000 0.000 0.000 0.000 0.000 0.000 0.000 0.000 0.000 0.000 0.000 0.000 0.000 0.000 0.000 0.000 0.000 0.000 0.000 0.000 0.000 0.000
0.470 0.451 0.429 0.410 0.389 0.370 0.356 0.345 0.333 0.316 0.284 0.230 0.162 0.115 0.085 0.063 0.046 0.034 0.026 0.021 0.018 0.016 0.014 0.013 0.011 0.010 0.008 0.007 0.006 0.004 0.003 0.002 0.002 0.001 0.001 0.000 0.000 0.000 0.000 0.000 0.000 0.000 0.000 0.000 0.000 0.000 0.000 0.000 0.000 0.000 0.000 0.000 0.000 0.000 0.000 0.000 0.000 0.000 0.000 0.000 0.000 0.000 0.000 0.000 0.000 0.000 0.000 0.000 0.000 0.000 0.000 0.000 0.000 0.000 0.000 0.000 0.000
0.170 0.162 0.154 0.147 0.140 0.130 0.121 0.113 0.106 0.099 0.090 0.075 0.057 0.045 0.036 0.030 0.025 0.021 0.018 0.016 0.014 0.013 0.012 0.010 0.009 0.008 0.007 0.006 0.004 0.003 0.002 0.001 0.001 0.000 0.000 0.000 0.000 0.000 0.000 0.000 0.000 0.000 0.000 0.000 0.000 0.000 0.000 0.000 0.000 0.000 0.000 0.000 0.000 0.000 0.000 0.000 0.000 0.000 0.000 0.000 0.000 0.000 0.000 0.000 0.000 0.000 0.000 0.000 0.000 0.000 0.000 0.000 0.000 0.000 0.000 0.000 0.000
0.070 0.067 0.064 0.062 0.059 0.055 0.050 0.047 0.044 0.041 0.038 0.034 0.029 0.025 0.022 0.019 0.017 0.015 0.014 0.013 0.012 0.011 0.010 0.009 0.008 0.007 0.006 0.004 0.003 0.002 0.001 0.001 0.000 0.000 0.000 0.000 0.000 0.000 0.000 0.000 0.000 0.000 0.000 0.000 0.000 0.000 0.000 0.000 0.000 0.000 0.000 0.000 0.000 0.000 0.000 0.000 0.000 0.000 0.000 0.000 0.000 0.000 0.000 0.000 0.000 0.000 0.000 0.000 0.000 0.000 0.000 0.000 0.000 0.000 0.000 0.000 0.000
0.035 0.034 0.033 0.032 0.031 0.029 0.027 0.026 0.025 0.023 0.022 0.021 0.019 0.018 0.016 0.015 0.013 0.012 0.012 0.011 0.010 0.009 0.008 0.007 0.007 0.006 0.005 0.004 0.003 0.002 0.001 0.000 0.000 0.000 0.000 0.000 0.000 0.000 0.000 0.000 0.000 0.000 0.000 0.000 0.000 0.000 0.000 0.000 0.000 0.000 0.000 0.000 0.000 0.000 0.000 0.000 0.000 0.000 0.000 0.000 0.000 0.000 0.000 0.000 0.000 0.000 0.000 0.000 0.000 0.000 0.000 0.000 0.000 0.000 0.000 0.000 0.000
0.021 0.021 0.020 0.020 0.019 0.019 0.018 0.017 0.017 0.016 0.016 0.015 0.015 0.014 0.013 0.012 0.011 0.010 0.010 0.009 0.008 0.008 0.007 0.006 0.006 0.005 0.004 0.003 0.002 0.001 0.001 0.000 0.000 0.000 0.000 0.000 0.000 0.000 0.000 0.000 0.000 0.000 0.000 0.000 0.000 0.000 0.000 0.000 0.000 0.000 0.000 0.000 0.000 0.000 0.000 0.000 0.000 0.000 0.000 0.000 0.000 0.000 0.000 0.000 0.000 0.000 0.000 0.000 0.000 0.000 0.000 0.000 0.000 0.000 0.000 0.000 0.000
0.014 0.014 0.014 0.014 0.014 0.014 0.013 0.013 0.012 0.012 0.012 0.012 0.011 0.011 0.010 0.010 0.009 0.009 0.008 0.008 0.007 0.007 0.006 0.006 0.005 0.005 0.004 0.003 0.003 0.002 0.001 0.000 0.000 0.000 0.000 0.000 0.000 0.000 0.000 0.000 0.000 0.000 0.000 0.000 0.000 0.000 0.000 0.000 0.000 0.000 0.000 0.000 0.000 0.000 0.000 0.000 0.000 0.000 0.000 0.000 0.000 0.000 0.000 0.000 0.000 0.000 0.000 0.000 0.000 0.000 0.000 0.000 0.000 0.000 0.000 0.000 0.000
0.011 0.011 0.010 0.010 0.010 0.010 0.010 0.010 0.010 0.010 0.010 0.009 0.009 0.009 0.009 0.008 0.008 0.007 0.007 0.006 0.006 0.006 0.006 0.006 0.005 0.005 0.005 0.004 0.003 0.002 0.001 0.000 0.000 0.000 0.000 0.000 0.000 0.000 0.000 0.000 0.000 0.000 0.000 0.000 0.000 0.000 0.000 0.000 0.000 0.000 0.000 0.000 0.000 0.000 0.000 0.000 0.000 0.000 0.000 0.000 0.000 0.000 0.000 0.000 0.000 0.000 0.000 0.000 0.000 0.000 0.000 0.000 0.000 0.000 0.000 0.000 0.000
0.008 0.008 0.008 0.008 0.008 0.008 0.008 0.008 0.008 0.008 0.008 0.008 0.008 0.007 0.007 0.007 0.007 0.006 0.006 0.006 0.006 0.006 0.006 0.006 0.006 0.006 0.006 0.005 0.004 0.002 0.001 0.000 0.000 0.000 0.000 0.000 0.000 0.000 0.000 0.000 0.000 0.000 0.000 0.000 0.000 0.000 0.000 0.000 0.000 0.000 0.000 0.000 0.000 0.000 0.000 0.000 0.000 0.000 0.000 0.000 0.000 0.000 0.000 0.000 0.000 0.000 0.000 0.000 0.000 0.000 0.000 0.000 0.000 0.000 0.000 0.000 0.000
0.006 0.006 0.006 0.006 0.006 0.006 0.006 0.006 0.006 0.006 0.006 0.006 0.006 0.006 0.006 0.006 0.006 0.006 0.006 0.006 0.007 0.007 0.008 0.009 0.009 0.009 0.009 0.007 0.005 0.002 0.001 0.000 0.000 0.000 0.000 0.000 0.000 0.000 0.000 0.000 0.000 0.000 0.000 0.000 0.000 0.000 0.000 0.000 0.000 0.000 0.000 0.000 0.000 0.000 0.000 0.000 0.000 0.000 0.000 0.000 0.000 0.000 0.000 0.000 0.000 0.000 0.000 0.000 0.000 0.000 0.000 0.000 0.000 0.000 0.000 0.000 0.000
0.004 0.004 0.004 0.004 0.005 0.005 0.005 0.005 0.005 0.005 0.005 0.005 0.005 0.005 0.005 0.005 0.005 0.006 0.007 0.008 0.009 0.011 0.012 0.013 0.013 0.012 0.011 0.008 0.005 0.002 0.001 0.000 0.000 0.000 0.000 0.000 0.000 0.000 0.000 0.000 0.000 0.000 0.000 0.000 0.000 0.000 0.000 0.000 0.000 0.000 0.000 0.000 0.000 0.000 0.000 0.000 0.000 0.000 0.000 0.000 0.000 0.000 0.000 0.000 0.000 0.000 0.000 0.000 0.000 0.000 0.000 0.000 0.000 0.000 0.000 0.000 0.000
0.003 0.003 0.003 0.003 0.003 0.004 0.004 0.004 0.004 0.004 0.004 0.004 0.004 0.005 0.005 0.006 0.006 0.008 0.009 0.011 0.014 0.015 0.016 0.016 0.015 0.014 0.011 0.008 0.005 0.002 0.001 0.000 0.000 0.000 0.000 0.000 0.000 0.000 0.000 0.000 0.000 0.000 0.000 0.000 0.000 0.000 0.000 0.000 0.000 0.000 0.000 0.000 0.000 0.000 0.000 0.000 0.000 0.000 0.000 0.000 0.000 0.000 0.000 0.000 0.000 0.000 0.000 0.000 0.000 0.000 0.000 0.000 0.000 0.000 0.000 0.000 0.000
0.002 0.002 0.002 0.002 0.002 0.003 0.003 0.003 0.003 0.003 0.004 0.004 0.004 0.005 0.006 0.007 0.009 0.011 0.014 0.016 0.017 0.018 0.018 0.018 0.016 0.014 0.011 0.008 0.005 0.002 0.001 0.000 0.000 0.000 0.000 0.000 0.000 0.000 0.000 0.000 0.000 0.000 0.000 0.000 0.000 0.000 0.000 0.000 0.000 0.000 0.000 0.000 0.000 0.000 0.000 0.000 0.000 0.000 0.000 0.000 0.000 0.000 0.000 0.000 0.000 0.000 0.000 0.000 0.000 0.000 0.000 0.000 0.000 0.000 0.000 0.000 0.000
0.001 0.001 0.001 0.001 0.001 0.002 0.002 0.002 0.003 0.003 0.003 0.004 0.005 0.006 0.007 0.009 0.011 0.014 0.017 0.018 0.019 0.019 0.019 0.018 0.016 0.014 0.011 0.007 0.004 0.002 0.001 0.000 0.000 0.000 0.000 0.000 0.000 0.000 0.000 0.000 0.000 0.000 0.000 0.000 0.000 0.000 0.000 0.000 0.000 0.000 0.000 0.000 0.000 0.000 0.000 0.000 0.000 0.000 0.000 0.000 0.000 0.000 0.000 0.000 0.000 0.000 0.000 0.000 0.000 0.000 0.000 0.000 0.000 0.000 0.000 0.000 0.000
0.001 0.001 0.001 0.001 0.001 0.001 0.001 0.002 0.002 0.003 0.003 0.004 0.005 0.006 0.008 0.010 0.013 0.016 0.018 0.019 0.019 0.019 0.018 0.018 0.016 0.014 0.011 0.007 0.004 0.002 0.001 0.000 0.000 0.000 0.000 0.000 0.000 0.000 0.000 0.000 0.000 0.000 0.000 0.000 0.000 0.000 0.000 0.000 0.000 0.000 0.000 0.000 0.000 0.000 0.000 0.000 0.000 0.000 0.000 0.000 0.000 0.000 0.000 0.000 0.000 0.000 0.000 0.000 0.000 0.000 0.000 0.000 0.000 0.000 0.000 0.000 0.000
0.000 0.000 0.000 0.000 0.000 0.000 0.001 0.001 0.002 0.002 0.003 0.004 0.005 0.007 0.009 0.011 0.014 0.016 0.018 0.018 0.018 0.018 0.018 0.017 0.015 0.013 0.010 0.006 0.004 0.002 0.001 0.000 0.000 0.000 0.000 0.000 0.000 0.000 0.000 0.000 0.000 0.000 0.000 0.000 0.000 0.000 0.000 0.000 0.000 0.000 0.000 0.000 0.000 0.000 0.000 0.000 0.000 0.000 0.000 0.000 0.000 0.000 0.000 0.000 0.000 0.000 0.000 0.000 0.000 0.000 0.000 0.000 0.000 0.000 0.000 0.000 0.000
0.000 0.000 0.000 0.000 0.000 0.000 0.000 0.001 0.001 0.002 0.003 0.004 0.005 0.007 0.009 0.011 0.014 0.016 0.017 0.017 0.017 0.017 0.017 0.016 0.014 0.012 0.009 0.006 0.003 0.002 0.001 0.000 0.000 0.000 0.000 0.000 0.000 0.000 0.000 0.000 0.000 0.000 0.000 0.000 0.000 0.000 0.000 0.000 0.000 0.000 0.000 0.000 0.000 0.000 0.000 0.000 0.000 0.000 0.000 0.000 0.000 0.000 0.000 0.000 0.000 0.000 0.000 0.000 0.000 0.000 0.000 0.000 0.000 0.000 0.000 0.000 0.000
