RESULTS/r.avaflow_results/21_results/21_ascii/21_hflow0021.asc
ncols 506
nrows 317
xllcenter 498237.50
yllcenter 5580050.00
cellsize 12.50
NODATA_value -9999.000
[rows 170 to 203 of 317, columns 154 to 230 of 506]
8.759 8.579 8.403 8.220 8.017 7.796 7.580 7.389 7.222 7.070 6.925 6.780 6.611 6.362 5.968 5.406 4.698 3.898 3.111 2.402 1.788 1.296 0.941 0.716 0.587 0.522 0.500 0.501 0.515 0.558 0.615 0.651 0.664 0.658 0.642 0.619 0.596 0.570 0.529 0.474 0.434 0.410 0.395 0.383 0.368 0.347 0.316 0.274 0.228 0.180 0.128 0.082 0.049 0.028 0.015 0.008 0.003 0.001 0.000 0.000 0.000 0.000 0.000 0.000 0.000 0.000 0.000 0.000 0.000 0.000 0.000 0.000 0.000 0.000 0.000 0.000 0.000
12.283 12.430 12.455 12.410 12.291 12.080 11.797 11.488 11.193 10.914 10.651 10.397 10.132 9.803 9.322 8.625 7.715 6.637 5.482 4.372 3.362 2.492 1.809 1.333 1.038 0.869 0.782 0.752 0.758 0.792 0.823 0.826 0.808 0.774 0.730 0.683 0.637 0.591 0.534 0.469 0.423 0.394 0.374 0.355 0.333 0.300 0.253 0.198 0.145 0.103 0.070 0.046 0.029 0.017 0.010 0.005 0.002 0.001 0.000 0.000 0.000 0.000 0.000 0.000 0.000 0.000 0.000 0.000 0.000 0.000 0.000 0.000 0.000 0.000 0.000 0.000 0.000
15.802 16.305 16.478 16.463 16.327 16.058 15.705 15.328 14.966 14.618 14.288 13.978 13.671 13.326 12.856 12.156 11.176 9.943 8.543 7.102 5.709 4.419 3.308 2.444 1.842 1.454 1.217 1.084 1.016 0.974 0.936 0.892 0.845 0.794 0.740 0.684 0.629 0.572 0.501 0.424 0.368 0.330 0.300 0.271 0.239 0.197 0.147 0.105 0.075 0.054 0.039 0.026 0.017 0.010 0.006 0.003 0.001 0.000 0.000 0.000 0.000 0.000 0.000 0.000 0.000 0.000 0.000 0.000 0.000 0.000 0.000 0.000 0.000 0.000 0.000 0.000 0.000
18.360 19.186 19.546 19.595 19.491 19.258 18.951 18.621 18.286 17.936 17.572 17.220 16.881 16.521 16.068 15.401 14.459 13.260 11.876 10.364 8.765 7.138 5.560 4.206 3.155 2.397 1.879 1.530 1.284 1.107 0.982 0.895 0.830 0.770 0.708 0.642 0.574 0.502 0.413 0.324 0.257 0.211 0.177 0.150 0.125 0.098 0.073 0.054 0.040 0.030 0.022 0.015 0.010 0.006 0.003 0.002 0.001 0.000 0.000 0.000 0.000 0.000 0.000 0.000 0.000 0.000 0.000 0.000 0.000 0.000 0.000 0.000 0.000 0.000 0.000 0.000 0.000
19.754 20.814 21.425 21.681 21.743 21.679 21.546 21.371 21.149 20.856 20.487 20.081 19.696 19.305 18.849 18.208 17.310 16.157 14.807 13.324 11.731 10.015 8.155 6.303 4.707 3.455 2.550 1.922 1.485 1.185 0.989 0.862 0.770 0.692 0.614 0.533 0.448 0.359 0.266 0.191 0.142 0.111 0.092 0.077 0.064 0.050 0.039 0.030 0.023 0.018 0.013 0.009 0.006 0.003 0.002 0.001 0.000 0.000 0.000 0.000 0.000 0.000 0.000 0.000 0.000 0.000 0.000 0.000 0.000 0.000 0.000 0.000 0.000 0.000 0.000 0.000 0.000
20.106 21.282 22.114 22.664 23.019 23.230 23.329 23.327 23.242 23.035 22.677 22.205 21.764 21.348 20.895 20.300 19.486 18.429 17.132 15.627 13.951 12.104 10.042 7.790 5.757 4.125 2.940 2.134 1.584 1.211 0.961 0.787 0.657 0.547 0.441 0.346 0.266 0.198 0.143 0.103 0.078 0.061 0.050 0.042 0.035 0.029 0.023 0.018 0.014 0.011 0.008 0.005 0.003 0.002 0.001 0.000 0.000 0.000 0.000 0.000 0.000 0.000 0.000 0.000 0.000 0.000 0.000 0.000 0.000 0.000 0.000 0.000 0.000 0.000 0.000 0.000 0.000
19.909 21.149 22.112 22.841 23.430 23.893 24.179 24.290 24.287 24.156 23.820 23.289 22.807 22.401 21.973 21.428 20.702 19.755 18.542 17.040 15.276 13.283 11.034 8.520 6.220 4.383 3.065 2.186 1.596 1.187 0.891 0.670 0.496 0.354 0.249 0.181 0.136 0.103 0.077 0.058 0.045 0.037 0.030 0.026 0.022 0.018 0.015 0.012 0.009 0.007 0.005 0.003 0.002 0.001 0.000 0.000 0.000 0.000 0.000 0.000 0.000 0.000 0.000 0.000 0.000 0.000 0.000 0.000 0.000 0.000 0.000 0.000 0.000 0.000 0.000 0.000 0.000
19.169 20.537 21.700 22.645 23.398 23.960 24.300 24.439 24.453 24.357 24.035 23.480 22.981 22.595 22.190 21.669 20.986 20.106 18.965 17.495 15.695 13.611 11.257 8.636 6.252 4.357 3.010 2.118 1.511 1.076 0.750 0.499 0.316 0.199 0.130 0.093 0.071 0.055 0.043 0.034 0.028 0.023 0.020 0.017 0.014 0.012 0.009 0.007 0.006 0.004 0.003 0.002 0.001 0.000 0.000 0.000 0.000 0.000 0.000 0.000 0.000 0.000 0.000 0.000 0.000 0.000 0.000 0.000 0.000 0.000 0.000 0.000 0.000 0.000 0.000 0.000 0.000
17.982 19.497 20.856 22.020 22.947 23.594 23.949 24.073 24.073 23.967 23.655 23.124 22.612 22.202 21.774 21.243 20.579 19.751 18.670 17.240 15.447 13.326 10.892 8.229 5.859 3.990 2.679 1.819 1.237 0.819 0.510 0.298 0.173 0.105 0.069 0.050 0.039 0.032 0.026 0.022 0.018 0.016 0.013 0.011 0.009 0.008 0.006 0.004 0.003 0.002 0.001 0.001 0.000 0.000 0.000 0.000 0.000 0.000 0.000 0.000 0.000 0.000 0.000 0.000 0.000 0.000 0.000 0.000 0.000 0.000 0.000 0.000 0.000 0.000 0.000 0.000 0.000
16.531 18.142 19.609 20.890 21.915 22.624 23.005 23.110 23.064 22.887 22.570 22.143 21.655 21.133 20.570 19.960 19.281 18.482 17.453 16.060 14.255 12.069 9.561 7.004 4.809 3.124 1.960 1.213 0.742 0.441 0.254 0.146 0.087 0.055 0.038 0.029 0.024 0.020 0.017 0.014 0.012 0.011 0.009 0.007 0.006 0.005 0.004 0.003 0.002 0.001 0.000 0.000 0.000 0.000 0.000 0.000 0.000 0.000 0.000 0.000 0.000 0.000 0.000 0.000 0.000 0.000 0.000 0.000 0.000 0.000 0.000 0.000 0.000 0.000 0.000 0.000 0.000
14.852 16.461 17.937 19.253 20.342 21.138 21.590 21.703 21.600 21.333 21.033 20.750 20.323 19.650 18.858 18.109 17.355 16.502 15.401 13.908 11.961 9.606 7.113 4.859 3.075 1.804 1.009 0.562 0.318 0.185 0.111 0.069 0.045 0.031 0.024 0.019 0.016 0.013 0.012 0.010 0.008 0.007 0.006 0.005 0.004 0.003 0.002 0.001 0.001 0.000 0.000 0.000 0.000 0.000 0.000 0.000 0.000 0.000 0.000 0.000 0.000 0.000 0.000 0.000 0.000 0.000 0.000 0.000 0.000 0.000 0.000 0.000 0.000 0.000 0.000 0.000 0.000
12.927 14.438 15.883 17.255 18.479 19.444 20.044 20.237 20.158 19.909 19.616 19.325 18.855 18.059 17.090 16.185 15.275 14.205 12.793 10.926 8.547 6.058 3.970 2.455 1.430 0.783 0.412 0.219 0.125 0.077 0.051 0.036 0.026 0.020 0.016 0.013 0.011 0.009 0.008 0.007 0.005 0.004 0.004 0.003 0.002 0.001 0.001 0.000 0.000 0.000 0.000 0.000 0.000 0.000 0.000 0.000 0.000 0.000 0.000 0.000 0.000 0.000 0.000 0.000 0.000 0.000 0.000 0.000 0.000 0.000 0.000 0.000 0.000 0.000 0.000 0.000 0.000
10.814 12.196 13.610 15.061 16.465 17.634 18.419 18.737 18.712 18.499 18.162 17.728 17.087 16.188 15.150 14.098 12.954 11.498 9.531 7.102 4.728 2.913 1.689 0.948 0.521 0.281 0.151 0.086 0.054 0.037 0.028 0.021 0.017 0.013 0.011 0.009 0.008 0.006 0.005 0.004 0.003 0.003 0.002 0.001 0.001 0.000 0.000 0.000 0.000 0.000 0.000 0.000 0.000 0.000 0.000 0.000 0.000 0.000 0.000 0.000 0.000 0.000 0.000 0.000 0.000 0.000 0.000 0.000 0.000 0.000 0.000 0.000 0.000 0.000 0.000 0.000 0.000
8.715 9.943 11.244 12.663 14.131 15.398 16.295 16.724 16.762 16.553 16.064 15.336 14.425 13.408 12.328 11.131 9.679 7.761 5.511 3.463 1.992 1.052 0.542 0.294 0.168 0.098 0.059 0.039 0.028 0.022 0.017 0.014 0.011 0.009 0.008 0.006 0.005 0.004 0.003 0.002 0.002 0.001 0.001 0.000 0.000 0.000 0.000 0.000 0.000 0.000 0.000 0.000 0.000 0.000 0.000 0.000 0.000 0.000 0.000 0.000 0.000 0.000 0.000 0.000 0.000 0.000 0.000 0.000 0.000 0.000 0.000 0.000 0.000 0.000 0.000 0.000 0.000
6.666 7.667 8.706 9.823 11.001 12.067 12.875 13.310 13.380 13.169 12.554 11.550 10.303 9.091 7.932 6.690 5.258 3.674 2.245 1.211 0.595 0.289 0.156 0.094 0.061 0.041 0.029 0.022 0.018 0.015 0.012 0.010 0.008 0.006 0.005 0.004 0.003 0.002 0.002 0.001 0.001 0.000 0.000 0.000 0.000 0.000 0.000 0.000 0.000 0.000 0.000 0.000 0.000 0.000 0.000 0.000 0.000 0.000 0.000 0.000 0.000 0.000 0.000 0.000 0.000 0.000 0.000 0.000 0.000 0.000 0.000 0.000 0.000 0.000 0.000 0.000 0.000
4.571 5.155 5.698 6.221 6.766 7.335 7.829 8.123 8.182 8.021 7.473 6.531 5.387 4.405 3.573 2.793 1.981 1.194 0.627 0.302 0.150 0.085 0.055 0.039 0.029 0.023 0.018 0.015 0.012 0.010 0.009 0.007 0.006 0.004 0.003 0.002 0.002 0.001 0.001 0.000 0.000 0.000 0.000 0.000 0.000 0.000 0.000 0.000 0.000 0.000 0.000 0.000 0.000 0.000 0.000 0.000 0.000 0.000 0.000 0.000 0.000 0.000 0.000 0.000 0.000 0.000 0.000 0.000 0.000 0.000 0.000 0.000 0.000 0.000 0.000 0.000 0.000
2.648 2.841 2.979 3.086 3.191 3.330 3.485 3.579 3.592 3.513 3.240 2.736 2.075 1.535 1.139 0.816 0.518 0.287 0.149 0.082 0.051 0.036 0.028 0.023 0.019 0.016 0.013 0.011 0.009 0.007 0.006 0.005 0.004 0.003 0.002 0.001 0.001 0.000 0.000 0.000 0.000 0.000 0.000 0.000 0.000 0.000 0.000 0.000 0.000 0.000 0.000 0.000 0.000 0.000 0.000 0.000 0.000 0.000 0.000 0.000 0.000 0.000 0.000 0.000 0.000 0.000 0.000 0.000 0.000 0.000 0.000 0.000 0.000 0.000 0.000 0.000 0.000
1.223 1.232 1.217 1.193 1.169 1.159 1.171 1.176 1.165 1.126 1.022 0.836 0.589 0.409 0.292 0.204 0.130 0.078 0.049 0.034 0.026 0.022 0.018 0.016 0.014 0.012 0.010 0.008 0.007 0.005 0.004 0.003 0.002 0.001 0.001 0.000 0.000 0.000 0.000 0.000 0.000 0.000 0.000 0.000 0.000 0.000 0.000 0.000 0.000 0.000 0.000 0.000 0.000 0.000 0.000 0.000 0.000 0.000 0.000 0.000 0.000 0.000 0.000 0.000 0.000 0.000 0.000 0.000 0.000 0.000 0.000 0.000 0.000 0.000 0.000 0.000 0.000
0.451 0.435 0.417 0.402 0.387 0.370 0.357 0.346 0.334 0.316 0.284 0.230 0.162 0.115 0.085 0.063 0.045 0.033 0.026 0.021 0.018 0.016 0.014 0.012 0.011 0.009 0.008 0.006 0.005 0.004 0.003 0.002 0.001 0.001 0.000 0.000 0.000 0.000 0.000 0.000 0.000 0.000 0.000 0.000 0.000 0.000 0.000 0.000 0.000 0.000 0.000 0.000 0.000 0.000 0.000 0.000 0.000 0.000 0.000 0.000 0.000 0.000 0.000 0.000 0.000 0.000 0.000 0.000 0.000 0.000 0.000 0.000 0.000 0.000 0.000 0.000 0.000
0.163 0.156 0.149 0.144 0.138 0.130 0.120 0.113 0.106 0.099 0.089 0.075 0.057 0.044 0.036 0.029 0.024 0.020 0.018 0.015 0.014 0.012 0.011 0.010 0.009 0.007 0.006 0.005 0.003 0.002 0.002 0.001 0.000 0.000 0.000 0.000 0.000 0.000 0.000 0.000 0.000 0.000 0.000 0.000 0.000 0.000 0.000 0.000 0.000 0.000 0.000 0.000 0.000 0.000 0.000 0.000 0.000 0.000 0.000 0.000 0.000 0.000 0.000 0.000 0.000 0.000 0.000 0.000 0.000 0.000 0.000 0.000 0.000 0.000 0.000 0.000 0.000
0.067 0.064 0.062 0.060 0.058 0.054 0.050 0.046 0.044 0.041 0.038 0.034 0.029 0.025 0.021 0.019 0.017 0.015 0.014 0.012 0.011 0.010 0.009 0.008 0.007 0.006 0.004 0.003 0.002 0.001 0.001 0.000 0.000 0.000 0.000 0.000 0.000 0.000 0.000 0.000 0.000 0.000 0.000 0.000 0.000 0.000 0.000 0.000 0.000 0.000 0.000 0.000 0.000 0.000 0.000 0.000 0.000 0.000 0.000 0.000 0.000 0.000 0.000 0.000 0.000 0.000 0.000 0.000 0.000 0.000 0.000 0.000 0.000 0.000 0.000 0.000 0.000
0.034 0.033 0.032 0.031 0.030 0.029 0.027 0.025 0.024 0.023 0.022 0.021 0.019 0.017 0.015 0.014 0.013 0.012 0.011 0.010 0.009 0.008 0.007 0.007 0.006 0.005 0.004 0.003 0.002 0.001 0.000 0.000 0.000 0.000 0.000 0.000 0.000 0.000 0.000 0.000 0.000 0.000 0.000 0.000 0.000 0.000 0.000 0.000 0.000 0.000 0.000 0.000 0.000 0.000 0.000 0.000 0.000 0.000 0.000 0.000 0.000 0.000 0.000 0.000 0.000 0.000 0.000 0.000 0.000 0.000 0.000 0.000 0.000 0.000 0.000 0.000 0.000
0.020 0.020 0.019 0.019 0.019 0.018 0.018 0.017 0.016 0.016 0.015 0.015 0.014 0.013 0.012 0.011 0.010 0.010 0.009 0.008 0.008 0.007 0.006 0.005 0.005 0.004 0.003 0.002 0.001 0.001 0.000 0.000 0.000 0.000 0.000 0.000 0.000 0.000 0.000 0.000 0.000 0.000 0.000 0.000 0.000 0.000 0.000 0.000 0.000 0.000 0.000 0.000 0.000 0.000 0.000 0.000 0.000 0.000 0.000 0.000 0.000 0.000 0.000 0.000 0.000 0.000 0.000 0.000 0.000 0.000 0.000 0.000 0.000 0.000 0.000 0.000 0.000
0.014 0.013 0.013 0.013 0.013 0.013 0.013 0.012 0.012 0.012 0.011 0.011 0.011 0.010 0.010 0.009 0.008 0.008 0.007 0.007 0.006 0.006 0.005 0.005 0.004 0.004 0.003 0.003 0.002 0.001 0.000 0.000 0.000 0.000 0.000 0.000 0.000 0.000 0.000 0.000 0.000 0.000 0.000 0.000 0.000 0.000 0.000 0.000 0.000 0.000 0.000 0.000 0.000 0.000 0.000 0.000 0.000 0.000 0.000 0.000 0.000 0.000 0.000 0.000 0.000 0.000 0.000 0.000 0.000 0.000 0.000 0.000 0.000 0.000 0.000 0.000 0.000
0.010 0.010 0.010 0.010 0.010 0.010 0.009 0.009 0.009 0.009 0.009 0.009 0.008 0.008 0.008 0.007 0.007 0.006 0.006 0.006 0.005 0.005 0.005 0.005 0.005 0.005 0.004 0.003 0.002 0.001 0.000 0.000 0.000 0.000 0.000 0.000 0.000 0.000 0.000 0.000 0.000 0.000 0.000 0.000 0.000 0.000 0.000 0.000 0.000 0.000 0.000 0.000 0.000 0.000 0.000 0.000 0.000 0.000 0.000 0.000 0.000 0.000 0.000 0.000 0.000 0.000 0.000 0.000 0.000 0.000 0.000 0.000 0.000 0.000 0.000 0.000 0.000
0.007 0.007 0.007 0.007 0.007 0.007 0.007 0.007 0.007 0.007 0.007 0.007 0.007 0.007 0.007 0.006 0.006 0.005 0.005 0.005 0.005 0.006 0.006 0.006 0.006 0.006 0.006 0.005 0.003 0.001 0.000 0.000 0.000 0.000 0.000 0.000 0.000 0.000 0.000 0.000 0.000 0.000 0.000 0.000 0.000 0.000 0.000 0.000 0.000 0.000 0.000 0.000 0.000 0.000 0.000 0.000 0.000 0.000 0.000 0.000 0.000 0.000 0.000 0.000 0.000 0.000 0.000 0.000 0.000 0.000 0.000 0.000 0.000 0.000 0.000 0.000 0.000
0.005 0.005 0.005 0.005 0.005 0.005 0.005 0.006 0.006 0.006 0.006 0.006 0.006 0.006 0.006 0.005 0.005 0.005 0.005 0.006 0.006 0.008 0.009 0.009 0.010 0.010 0.008 0.006 0.003 0.001 0.000 0.000 0.000 0.000 0.000 0.000 0.000 0.000 0.000 0.000 0.000 0.000 0.000 0.000 0.000 0.000 0.000 0.000 0.000 0.000 0.000 0.000 0.000 0.000 0.000 0.000 0.000 0.000 0.000 0.000 0.000 0.000 0.000 0.000 0.000 0.000 0.000 0.000 0.000 0.000 0.000 0.000 0.000 0.000 0.000 0.000 0.000
0.003 0.004 0.004 0.004 0.004 0.004 0.004 0.004 0.004 0.004 0.005 0.005 0.005 0.005 0.005 0.006 0.006 0.006 0.007 0.008 0.010 0.012 0.014 0.014 0.014 0.013 0.010 0.006 0.003 0.001 0.000 0.000 0.000 0.000 0.000 0.000 0.000 0.000 0.000 0.000 0.000 0.000 0.000 0.000 0.000 0.000 0.000 0.000 0.000 0.000 0.000 0.000 0.000 0.000 0.000 0.000 0.000 0.000 0.000 0.000 0.000 0.000 0.000 0.000 0.000 0.000 0.000 0.000 0.000 0.000 0.000 0.000 0.000 0.000 0.000 0.000 0.000
0.002 0.002 0.002 0.003 0.003 0.003 0.003 0.003 0.004 0.004 0.004 0.004 0.005 0.005 0.006 0.007 0.008 0.009 0.011 0.014 0.017 0.018 0.019 0.019 0.018 0.014 0.010 0.006 0.003 0.001 0.000 0.000 0.000 0.000 0.000 0.000 0.000 0.000 0.000 0.000 0.000 0.000 0.000 0.000 0.000 0.000 0.000 0.000 0.000 0.000 0.000 0.000 0.000 0.000 0.000 0.000 0.000 0.000 0.000 0.000 0.000 0.000 0.000 0.000 0.000 0.000 0.000 0.000 0.000 0.000 0.000 0.000 0.000 0.000 0.000 0.000 0.000
0.001 0.001 0.001 0.002 0.002 0.002 0.002 0.003 0.003 0.003 0.004 0.005 0.005 0.006 0.008 0.010 0.012 0.015 0.017 0.020 0.022 0.022 0.022 0.021 0.019 0.015 0.010 0.006 0.003 0.001 0.000 0.000 0.000 0.000 0.000 0.000 0.000 0.000 0.000 0.000 0.000 0.000 0.000 0.000 0.000 0.000 0.000 0.000 0.000 0.000 0.000 0.000 0.000 0.000 0.000 0.000 0.000 0.000 0.000 0.000 0.000 0.000 0.000 0.000 0.000 0.000 0.000 0.000 0.000 0.000 0.000 0.000 0.000 0.000 0.000 0.000 0.000
0.001 0.001 0.001 0.001 0.001 0.001 0.002 0.002 0.003 0.004 0.004 0.006 0.007 0.008 0.010 0.013 0.016 0.019 0.021 0.023 0.024 0.024 0.023 0.021 0.018 0.014 0.009 0.005 0.003 0.001 0.000 0.000 0.000 0.000 0.000 0.000 0.000 0.000 0.000 0.000 0.000 0.000 0.000 0.000 0.000 0.000 0.000 0.000 0.000 0.000 0.000 0.000 0.000 0.000 0.000 0.000 0.000 0.000 0.000 0.000 0.000 0.000 0.000 0.000 0.000 0.000 0.000 0.000 0.000 0.000 0.000 0.000 0.000 0.000 0.000 0.000 0.000
0.000 0.000 0.000 0.000 0.000 0.001 0.001 0.002 0.003 0.004 0.005 0.006 0.008 0.010 0.012 0.015 0.018 0.021 0.022 0.023 0.024 0.024 0.023 0.021 0.018 0.013 0.009 0.005 0.002 0.001 0.000 0.000 0.000 0.000 0.000 0.000 0.000 0.000 0.000 0.000 0.000 0.000 0.000 0.000 0.000 0.000 0.000 0.000 0.000 0.000 0.000 0.000 0.000 0.000 0.000 0.000 0.000 0.000 0.000 0.000 0.000 0.000 0.000 0.000 0.000 0.000 0.000 0.000 0.000 0.000 0.000 0.000 0.000 0.000 0.000 0.000 0.000
0.000 0.000 0.000 0.000 0.000 0.000 0.001 0.001 0.002 0.003 0.005 0.006 0.008 0.010 0.013 0.016 0.019 0.021 0.022 0.023 0.023 0.023 0.022 0.019 0.016 0.012 0.008 0.005 0.002 0.001 0.000 0.000 0.000 0.000 0.000 0.000 0.000 0.000 0.000 0.000 0.000 0.000 0.000 0.000 0.000 0.000 0.000 0.000 0.000 0.000 0.000 0.000 0.000 0.000 0.000 0.000 0.000 0.000 0.000 0.000 0.000 0.000 0.000 0.000 0.000 0.000 0.000 0.000 0.000 0.000 0.000 0.000 0.000 0.000 0.000 0.000 0.000
0.000 0.000 0.000 0.000 0.000 0.000 0.000 0.001 0.002 0.003 0.005 0.006 0.008 0.010 0.013 0.016 0.018 0.020 0.021 0.022 0.022 0.021 0.020 0.018 0.015 0.011 0.007 0.004 0.002 0.001 0.000 0.000 0.000 0.000 0.000 0.000 0.000 0.000 0.000 0.000 0.000 0.000 0.000 0.000 0.000 0.000 0.000 0.000 0.000 0.000 0.000 0.000 0.000 0.000 0.000 0.000 0.000 0.000 0.000 0.000 0.000 0.000 0.000 0.000 0.000 0.000 0.000 0.000 0.000 0.000 0.000 0.000 0.000 0.000 0.000 0.000 0.000
