RESULTS/r.avaflow_results/21_results/21_ascii/21_hflow10038.asc
ncols 506
nrows 317
xllcenter 498237.50
yllcenter 5580050.00
cellsize 12.50
NODATA_value -9999.000
[rows 170 to 203 of 317, columns 77 to 153 of 506]
0.000 0.000 0.000 0.000 0.000 0.000 0.000 0.000 0.000 0.000 0.000 0.000 0.000 0.000 0.000 0.000 0.000 0.000 0.000 0.000 0.000 0.001 0.002 0.004 0.007 0.009 0.010 0.010 0.010 0.010 0.010 0.009 0.008 0.007 0.006 0.005 0.004 0.003 0.003 0.002 0.002 0.002 0.002 0.002 0.002 0.004 0.006 0.009 0.015 0.029 0.058 0.125 0.264 0.498 0.753 0.960 1.142 1.338 1.520 1.638 1.689 1.695 1.674 1.616 1.518 1.387 1.228 1.059 0.905 0.769 0.652 0.552 0.468 0.398 0.340 0.290 0.249
0.000 0.000 0.000 0.000 0.000 0.000 0.000 0.000 0.000 0.000 0.000 0.000 0.000 0.000 0.000 0.000 0.000 0.000 0.000 0.000 0.001 0.002 0.004 0.008 0.011 0.013 0.014 0.014 0.014 0.014 0.014 0.013 0.012 0.010 0.008 0.007 0.006 0.005 0.004 0.003 0.003 0.003 0.003 0.003 0.004 0.007 0.011 0.020 0.038 0.077 0.162 0.325 0.590 0.870 1.073 1.223 1.370 1.524 1.643 1.705 1.720 1.713 1.681 1.616 1.517 1.386 1.226 1.051 0.896 0.762 0.650 0.556 0.478 0.412 0.356 0.308 0.267
0.000 0.000 0.000 0.000 0.000 0.000 0.000 0.000 0.000 0.000 0.000 0.000 0.000 0.000 0.000 0.000 0.000 0.000 0.000 0.001 0.002 0.005 0.009 0.014 0.017 0.019 0.019 0.019 0.019 0.019 0.018 0.017 0.016 0.013 0.011 0.009 0.008 0.007 0.006 0.005 0.004 0.004 0.004 0.005 0.008 0.014 0.025 0.049 0.100 0.208 0.407 0.688 0.956 1.125 1.234 1.335 1.458 1.587 1.672 1.709 1.715 1.705 1.670 1.605 1.508 1.377 1.217 1.041 0.887 0.758 0.650 0.560 0.486 0.423 0.369 0.322 0.280
0.000 0.000 0.000 0.000 0.000 0.000 0.000 0.000 0.000 0.000 0.000 0.000 0.000 0.000 0.000 0.000 0.000 0.000 0.001 0.003 0.005 0.010 0.016 0.020 0.023 0.024 0.024 0.024 0.024 0.024 0.023 0.022 0.020 0.016 0.013 0.011 0.009 0.008 0.007 0.006 0.006 0.006 0.007 0.009 0.015 0.030 0.061 0.125 0.253 0.484 0.785 1.041 1.182 1.251 1.301 1.368 1.474 1.592 1.661 1.684 1.686 1.676 1.643 1.580 1.485 1.358 1.201 1.029 0.879 0.754 0.650 0.563 0.491 0.430 0.377 0.332 0.291
0.000 0.000 0.000 0.000 0.000 0.000 0.000 0.000 0.000 0.000 0.000 0.000 0.000 0.000 0.000 0.000 0.000 0.001 0.002 0.005 0.010 0.015 0.021 0.025 0.027 0.028 0.029 0.029 0.029 0.028 0.028 0.026 0.023 0.019 0.015 0.012 0.010 0.009 0.008 0.008 0.008 0.008 0.010 0.016 0.032 0.069 0.146 0.290 0.534 0.834 1.083 1.221 1.273 1.296 1.323 1.371 1.465 1.573 1.628 1.641 1.641 1.630 1.599 1.539 1.450 1.329 1.179 1.014 0.870 0.750 0.648 0.563 0.492 0.433 0.383 0.339 0.300
0.000 0.000 0.000 0.000 0.000 0.000 0.000 0.000 0.000 0.000 0.000 0.000 0.000 0.000 0.000 0.000 0.000 0.001 0.004 0.008 0.013 0.020 0.025 0.029 0.031 0.032 0.033 0.033 0.033 0.033 0.031 0.029 0.026 0.021 0.016 0.012 0.010 0.009 0.009 0.009 0.009 0.011 0.016 0.031 0.068 0.152 0.311 0.560 0.842 1.072 1.213 1.272 1.291 1.305 1.326 1.361 1.429 1.523 1.576 1.587 1.584 1.572 1.541 1.484 1.401 1.289 1.149 0.994 0.858 0.742 0.644 0.561 0.491 0.433 0.385 0.343 0.306
0.000 0.000 0.000 0.000 0.000 0.000 0.000 0.000 0.000 0.000 0.000 0.000 0.000 0.000 0.000 0.000 0.000 0.001 0.005 0.009 0.016 0.023 0.028 0.032 0.035 0.036 0.037 0.037 0.037 0.036 0.035 0.032 0.028 0.023 0.017 0.013 0.010 0.009 0.009 0.009 0.011 0.015 0.027 0.060 0.139 0.300 0.547 0.808 1.022 1.166 1.241 1.273 1.289 1.303 1.319 1.338 1.370 1.444 1.507 1.524 1.520 1.504 1.471 1.418 1.340 1.238 1.110 0.966 0.837 0.727 0.633 0.554 0.488 0.431 0.384 0.344 0.309
0.000 0.000 0.000 0.000 0.000 0.000 0.000 0.000 0.000 0.000 0.000 0.000 0.000 0.000 0.000 0.000 0.000 0.002 0.005 0.010 0.018 0.026 0.031 0.035 0.038 0.039 0.040 0.040 0.040 0.039 0.038 0.035 0.031 0.025 0.018 0.013 0.010 0.009 0.009 0.009 0.012 0.021 0.045 0.109 0.254 0.490 0.747 0.945 1.087 1.181 1.234 1.262 1.279 1.291 1.299 1.304 1.312 1.357 1.426 1.450 1.447 1.429 1.394 1.341 1.267 1.172 1.055 0.923 0.804 0.702 0.614 0.540 0.478 0.425 0.381 0.343 0.310
0.000 0.000 0.000 0.000 0.000 0.000 0.000 0.000 0.000 0.000 0.000 0.000 0.000 0.000 0.000 0.000 0.000 0.002 0.005 0.011 0.019 0.028 0.034 0.038 0.041 0.042 0.042 0.043 0.042 0.042 0.040 0.037 0.032 0.026 0.019 0.014 0.010 0.009 0.009 0.010 0.013 0.027 0.068 0.174 0.379 0.643 0.853 0.995 1.096 1.168 1.214 1.241 1.256 1.264 1.266 1.263 1.262 1.287 1.344 1.366 1.363 1.344 1.307 1.253 1.181 1.091 0.983 0.865 0.758 0.665 0.586 0.520 0.463 0.416 0.376 0.341 0.311
0.000 0.000 0.000 0.000 0.000 0.000 0.000 0.000 0.000 0.000 0.000 0.000 0.000 0.000 0.000 0.000 0.000 0.002 0.005 0.011 0.019 0.029 0.036 0.041 0.043 0.044 0.045 0.045 0.044 0.043 0.042 0.038 0.034 0.027 0.020 0.014 0.010 0.009 0.009 0.009 0.014 0.030 0.083 0.221 0.468 0.725 0.891 1.001 1.082 1.142 1.183 1.207 1.219 1.223 1.222 1.216 1.211 1.222 1.257 1.270 1.265 1.245 1.207 1.153 1.082 0.996 0.897 0.794 0.702 0.621 0.552 0.494 0.445 0.404 0.368 0.337 0.310
0.000 0.000 0.000 0.000 0.000 0.000 0.000 0.000 0.000 0.000 0.000 0.000 0.000 0.000 0.000 0.000 0.000 0.001 0.005 0.010 0.018 0.029 0.038 0.043 0.045 0.046 0.046 0.046 0.046 0.045 0.043 0.040 0.035 0.028 0.021 0.014 0.010 0.008 0.008 0.009 0.014 0.031 0.088 0.243 0.515 0.757 0.896 0.986 1.052 1.102 1.138 1.159 1.170 1.172 1.170 1.163 1.156 1.157 1.167 1.167 1.157 1.133 1.093 1.038 0.969 0.887 0.797 0.711 0.635 0.568 0.511 0.464 0.424 0.390 0.360 0.332 0.308
0.000 0.000 0.000 0.000 0.000 0.000 0.000 0.000 0.000 0.000 0.000 0.000 0.000 0.000 0.000 0.000 0.000 0.001 0.003 0.008 0.016 0.027 0.038 0.044 0.047 0.047 0.048 0.047 0.047 0.046 0.044 0.040 0.036 0.029 0.022 0.015 0.010 0.008 0.008 0.008 0.013 0.030 0.087 0.245 0.526 0.762 0.882 0.951 1.004 1.045 1.077 1.098 1.109 1.111 1.110 1.104 1.095 1.086 1.078 1.067 1.046 1.014 0.970 0.913 0.844 0.767 0.689 0.621 0.562 0.511 0.468 0.432 0.401 0.374 0.349 0.326 0.305
0.000 0.000 0.000 0.000 0.000 0.000 0.000 0.000 0.000 0.000 0.000 0.000 0.000 0.000 0.000 0.000 0.000 0.000 0.002 0.004 0.010 0.022 0.036 0.044 0.048 0.048 0.048 0.048 0.047 0.046 0.044 0.041 0.037 0.030 0.023 0.015 0.011 0.008 0.007 0.007 0.011 0.027 0.081 0.232 0.512 0.745 0.848 0.897 0.935 0.967 0.996 1.022 1.038 1.044 1.043 1.039 1.027 1.010 0.992 0.970 0.941 0.903 0.856 0.798 0.731 0.659 0.593 0.537 0.490 0.453 0.422 0.397 0.375 0.355 0.336 0.318 0.300
0.000 0.000 0.000 0.000 0.000 0.000 0.000 0.000 0.000 0.000 0.000 0.000 0.000 0.000 0.000 0.000 0.000 0.000 0.001 0.002 0.005 0.014 0.029 0.042 0.048 0.049 0.048 0.048 0.047 0.046 0.044 0.041 0.037 0.032 0.024 0.017 0.011 0.008 0.007 0.007 0.009 0.022 0.066 0.194 0.448 0.682 0.788 0.824 0.845 0.866 0.890 0.921 0.949 0.966 0.970 0.965 0.952 0.932 0.906 0.876 0.842 0.802 0.753 0.698 0.634 0.568 0.511 0.462 0.424 0.395 0.374 0.359 0.346 0.334 0.321 0.308 0.295
0.000 0.000 0.000 0.000 0.000 0.000 0.000 0.000 0.000 0.000 0.000 0.000 0.000 0.000 0.000 0.000 0.000 0.000 0.000 0.001 0.002 0.007 0.020 0.037 0.046 0.048 0.048 0.048 0.047 0.046 0.044 0.042 0.038 0.033 0.026 0.018 0.012 0.009 0.007 0.007 0.008 0.015 0.041 0.127 0.322 0.554 0.680 0.722 0.731 0.738 0.749 0.770 0.806 0.846 0.873 0.880 0.870 0.849 0.820 0.787 0.749 0.708 0.661 0.609 0.550 0.490 0.437 0.393 0.360 0.336 0.322 0.314 0.310 0.307 0.302 0.297 0.289
0.000 0.000 0.000 0.000 0.000 0.000 0.000 0.000 0.000 0.000 0.000 0.000 0.000 0.000 0.000 0.000 0.000 0.000 0.000 0.000 0.001 0.003 0.011 0.027 0.041 0.047 0.048 0.048 0.047 0.046 0.044 0.042 0.038 0.034 0.028 0.020 0.014 0.010 0.008 0.007 0.007 0.010 0.023 0.064 0.176 0.366 0.509 0.568 0.576 0.569 0.552 0.548 0.570 0.625 0.697 0.752 0.770 0.759 0.733 0.699 0.660 0.619 0.575 0.527 0.475 0.420 0.371 0.330 0.298 0.276 0.263 0.259 0.259 0.264 0.272 0.275 0.274
0.000 0.000 0.000 0.000 0.000 0.000 0.000 0.000 0.000 0.000 0.000 0.000 0.000 0.000 0.000 0.000 0.000 0.000 0.000 0.000 0.001 0.001 0.005 0.016 0.032 0.043 0.046 0.046 0.046 0.045 0.044 0.042 0.039 0.034 0.029 0.023 0.016 0.012 0.009 0.008 0.008 0.009 0.014 0.033 0.087 0.201 0.313 0.367 0.379 0.373 0.348 0.324 0.321 0.348 0.426 0.539 0.621 0.645 0.636 0.609 0.573 0.534 0.493 0.451 0.404 0.355 0.309 0.270 0.238 0.213 0.197 0.188 0.188 0.196 0.212 0.224 0.227
0.000 0.000 0.000 0.000 0.000 0.000 0.000 0.000 0.000 0.000 0.000 0.000 0.000 0.000 0.000 0.000 0.000 0.000 0.000 0.000 0.000 0.001 0.002 0.007 0.020 0.034 0.042 0.044 0.044 0.044 0.043 0.041 0.039 0.035 0.030 0.024 0.018 0.014 0.011 0.009 0.008 0.009 0.011 0.019 0.044 0.102 0.175 0.217 0.230 0.228 0.211 0.184 0.170 0.174 0.209 0.292 0.403 0.481 0.507 0.501 0.480 0.448 0.413 0.376 0.336 0.291 0.248 0.211 0.179 0.153 0.132 0.117 0.110 0.111 0.120 0.128 0.129
0.000 0.000 0.000 0.000 0.000 0.000 0.000 0.000 0.000 0.000 0.000 0.000 0.000 0.000 0.000 0.000 0.000 0.000 0.000 0.000 0.000 0.000 0.001 0.003 0.009 0.022 0.034 0.040 0.042 0.042 0.042 0.041 0.038 0.035 0.031 0.025 0.020 0.016 0.012 0.010 0.009 0.009 0.010 0.014 0.026 0.054 0.097 0.127 0.139 0.141 0.133 0.114 0.098 0.092 0.100 0.135 0.204 0.281 0.329 0.349 0.352 0.342 0.322 0.297 0.263 0.221 0.182 0.149 0.122 0.098 0.079 0.065 0.056 0.053 0.052 0.051 0.049
0.000 0.000 0.000 0.000 0.000 0.000 0.000 0.000 0.000 0.000 0.000 0.000 0.000 0.000 0.000 0.000 0.000 0.000 0.000 0.000 0.000 0.000 0.001 0.001 0.004 0.011 0.023 0.033 0.038 0.040 0.040 0.039 0.038 0.035 0.031 0.026 0.021 0.016 0.013 0.011 0.010 0.009 0.010 0.011 0.018 0.033 0.059 0.080 0.091 0.093 0.091 0.081 0.067 0.058 0.056 0.064 0.091 0.135 0.170 0.189 0.197 0.199 0.196 0.186 0.164 0.133 0.107 0.087 0.069 0.054 0.041 0.032 0.026 0.023 0.021 0.019 0.017
0.000 0.000 0.000 0.000 0.000 0.000 0.000 0.000 0.000 0.000 0.000 0.000 0.000 0.000 0.000 0.000 0.000 0.000 0.000 0.000 0.000 0.000 0.000 0.001 0.001 0.004 0.011 0.021 0.031 0.036 0.037 0.037 0.036 0.034 0.031 0.026 0.021 0.017 0.014 0.012 0.010 0.010 0.010 0.010 0.014 0.023 0.040 0.056 0.065 0.067 0.066 0.062 0.052 0.042 0.038 0.038 0.044 0.059 0.076 0.086 0.091 0.092 0.091 0.088 0.078 0.064 0.051 0.041 0.033 0.025 0.019 0.014 0.012 0.010 0.009 0.008 0.007
0.000 0.000 0.000 0.000 0.000 0.000 0.000 0.000 0.000 0.000 0.000 0.000 0.000 0.000 0.000 0.000 0.000 0.000 0.000 0.000 0.000 0.000 0.000 0.000 0.001 0.002 0.004 0.010 0.019 0.028 0.033 0.035 0.035 0.033 0.030 0.026 0.021 0.017 0.014 0.012 0.010 0.010 0.009 0.010 0.012 0.018 0.029 0.041 0.048 0.050 0.050 0.048 0.042 0.034 0.028 0.026 0.026 0.029 0.034 0.037 0.038 0.038 0.038 0.036 0.033 0.027 0.022 0.018 0.014 0.011 0.008 0.007 0.005 0.005 0.004 0.004 0.003
0.000 0.000 0.000 0.000 0.000 0.000 0.000 0.000 0.000 0.000 0.000 0.000 0.000 0.000 0.000 0.000 0.000 0.000 0.000 0.000 0.000 0.000 0.000 0.000 0.000 0.001 0.002 0.004 0.009 0.018 0.026 0.031 0.032 0.031 0.029 0.025 0.021 0.017 0.014 0.012 0.010 0.009 0.009 0.009 0.010 0.014 0.021 0.030 0.036 0.037 0.037 0.036 0.033 0.027 0.022 0.019 0.018 0.017 0.018 0.018 0.018 0.017 0.017 0.016 0.014 0.012 0.010 0.008 0.006 0.005 0.004 0.003 0.003 0.003 0.002 0.002 0.002
0.000 0.000 0.000 0.000 0.000 0.000 0.000 0.000 0.000 0.000 0.000 0.000 0.000 0.000 0.000 0.000 0.000 0.000 0.000 0.000 0.000 0.000 0.000 0.000 0.000 0.001 0.001 0.002 0.004 0.009 0.017 0.024 0.028 0.028 0.027 0.024 0.020 0.017 0.014 0.011 0.010 0.009 0.008 0.008 0.008 0.010 0.014 0.021 0.025 0.027 0.027 0.026 0.024 0.021 0.017 0.014 0.012 0.011 0.011 0.010 0.010 0.009 0.008 0.008 0.007 0.006 0.005 0.004 0.003 0.003 0.002 0.002 0.002 0.002 0.001 0.001 0.001
0.000 0.000 0.000 0.000 0.000 0.000 0.000 0.000 0.000 0.000 0.000 0.000 0.000 0.000 0.000 0.000 0.000 0.000 0.000 0.000 0.000 0.001 0.001 0.000 0.000 0.001 0.001 0.001 0.001 0.004 0.008 0.015 0.021 0.023 0.023 0.021 0.019 0.016 0.013 0.011 0.009 0.008 0.007 0.006 0.006 0.007 0.009 0.013 0.016 0.018 0.018 0.018 0.017 0.015 0.012 0.010 0.008 0.007 0.007 0.006 0.006 0.005 0.005 0.005 0.004 0.004 0.003 0.002 0.002 0.002 0.001 0.001 0.001 0.001 0.001 0.001 0.001
0.000 0.000 0.000 0.000 0.000 0.000 0.000 0.000 0.000 0.000 0.000 0.000 0.000 0.000 0.000 0.000 0.000 0.000 0.000 0.000 0.001 0.001 0.001 0.001 0.001 0.001 0.001 0.001 0.001 0.001 0.003 0.008 0.013 0.016 0.017 0.017 0.016 0.014 0.012 0.010 0.008 0.006 0.005 0.004 0.004 0.004 0.005 0.007 0.009 0.011 0.011 0.011 0.011 0.009 0.008 0.006 0.005 0.005 0.004 0.004 0.004 0.003 0.003 0.003 0.003 0.002 0.002 0.001 0.001 0.001 0.001 0.001 0.001 0.001 0.001 0.001 0.001
0.000 0.000 0.000 0.000 0.000 0.000 0.000 0.000 0.000 0.000 0.000 0.000 0.000 0.000 0.000 0.000 0.000 0.000 0.000 0.000 0.001 0.001 0.001 0.001 0.001 0.001 0.001 0.001 0.001 0.001 0.001 0.003 0.007 0.010 0.011 0.012 0.012 0.012 0.010 0.009 0.007 0.005 0.004 0.003 0.002 0.002 0.003 0.003 0.005 0.006 0.006 0.006 0.006 0.005 0.004 0.004 0.003 0.003 0.003 0.002 0.002 0.002 0.002 0.002 0.002 0.001 0.001 0.001 0.001 0.001 0.001 0.001 0.001 0.001 0.001 0.001 0.001
0.000 0.000 0.000 0.000 0.000 0.000 0.000 0.000 0.000 0.000 0.000 0.000 0.000 0.000 0.000 0.000 0.000 0.000 0.000 0.001 0.001 0.001 0.001 0.001 0.001 0.001 0.001 0.001 0.001 0.001 0.001 0.001 0.003 0.005 0.007 0.007 0.008 0.008 0.008 0.007 0.005 0.004 0.002 0.002 0.001 0.001 0.001 0.001 0.002 0.002 0.003 0.003 0.003 0.003 0.002 0.002 0.002 0.002 0.002 0.002 0.001 0.001 0.001 0.001 0.001 0.001 0.001 0.001 0.001 0.001 0.001 0.001 0.001 0.001 0.001 0.001 0.001
0.000 0.000 0.000 0.000 0.000 0.000 0.000 0.000 0.000 0.000 0.000 0.000 0.000 0.000 0.000 0.000 0.000 0.001 0.001 0.001 0.001 0.001 0.001 0.001 0.001 0.001 0.001 0.001 0.001 0.001 0.001 0.001 0.001 0.002 0.003 0.004 0.004 0.004 0.004 0.004 0.003 0.002 0.001 0.001 0.001 0.001 0.001 0.001 0.001 0.001 0.001 0.001 0.001 0.001 0.001 0.001 0.001 0.001 0.001 0.001 0.001 0.001 0.001 0.001 0.001 0.001 0.001 0.001 0.001 0.001 0.001 0.001 0.001 0.001 0.001 0.001 0.001
0.000 0.000 0.000 0.000 0.000 0.000 0.000 0.000 0.000 0.000 0.000 0.000 0.000 0.000 0.000 0.000 0.000 0.001 0.001 0.001 0.001 0.001 0.001 0.001 0.001 0.001 0.001 0.001 0.001 0.001 0.001 0.001 0.001 0.001 0.001 0.002 0.002 0.002 0.002 0.002 0.001 0.001 0.001 0.001 0.001 0.001 0.001 0.001 0.001 0.001 0.001 0.001 0.001 0.001 0.000 0.001 0.001 0.001 0.001 0.001 0.001 0.001 0.001 0.001 0.001 0.001 0.001 0.001 0.001 0.001 0.001 0.001 0.001 0.000 0.000 0.000 0.000
0.000 0.000 0.000 0.000 0.001 0.000 0.000 0.000 0.000 0.000 0.000 0.000 0.000 0.000 0.000 0.000 0.000 0.001 0.001 0.001 0.001 0.001 0.001 0.001 0.001 0.001 0.001 0.001 0.001 0.001 0.001 0.001 0.001 0.001 0.001 0.001 0.001 0.001 0.001 0.001 0.001 0.001 0.001 0.001 0.001 0.001 0.000 0.000 0.000 0.000 0.000 0.000 0.000 0.000 0.000 0.000 0.000 0.000 0.001 0.001 0.001 0.001 0.001 0.001 0.001 0.001 0.001 0.001 0.001 0.001 0.001 0.001 0.000 0.000 0.000 0.000 0.000
0.000 0.000 0.000 0.000 0.000 0.000 0.000 0.000 0.000 0.000 0.000 0.000 0.000 0.000 0.000 0.000 0.001 0.001 0.001 0.001 0.001 0.001 0.001 0.001 0.001 0.001 0.001 0.001 0.001 0.001 0.001 0.001 0.001 0.001 0.001 0.001 0.001 0.001 0.001 0.001 0.001 0.001 0.001 0.001 0.001 0.001 0.000 0.000 0.000 0.000 0.000 0.000 0.000 0.000 0.000 0.000 0.000 0.000 0.001 0.001 0.001 0.001 0.001 0.001 0.001 0.001 0.001 0.001 0.001 0.001 0.001 0.001 0.000 0.000 0.000 0.000 0.000
0.000 0.000 0.000 0.000 0.000 0.000 0.000 0.000 0.000 0.000 0.000 0.000 0.000 0.000 0.000 0.000 0.001 0.001 0.001 0.001 0.001 0.001 0.001 0.001 0.001 0.001 0.001 0.001 0.001 0.001 0.001 0.001 0.001 0.001 0.000 0.000 0.000 0.000 0.001 0.001 0.001 0.001 0.001 0.001 0.001 0.001 0.001 0.000 0.000 0.000 0.000 0.000 0.000 0.000 0.000 0.000 0.000 0.000 0.000 0.001 0.001 0.001 0.001 0.001 0.001 0.001 0.001 0.001 0.001 0.001 0.001 0.001 0.001 0.000 0.000 0.000 0.000
0.000 0.000 0.000 0.000 0.000 0.000 0.000 0.000 0.000 0.000 0.000 0.000 0.000 0.000 0.000 0.001 0.001 0.001 0.001 0.001 0.001 0.001 0.001 0.001 0.001 0.001 0.001 0.001 0.001 0.001 0.001 0.001 0.001 0.001 0.001 0.000 0.000 0.000 0.000 0.001 0.001 0.001 0.001 0.001 0.001 0.001 0.001 0.001 0.000 0.000 0.000 0.000 0.000 0.000 0.000 0.000 0.000 0.000 0.000 0.000 0.001 0.001 0.001 0.001 0.001 0.001 0.001 0.001 0.001 0.001 0.001 0.000 0.000 0.000 0.000 0.000 0.000
