RESULTS/r.avaflow_results/21_results/21_ascii/21_hflow0020.asc
ncols 506
nrows 317
xllcenter 498237.50
yllcenter 5580050.00
cellsize 12.50
NODATA_value -9999.000
[rows 170 to 203 of 317, columns 154 to 230 of 506]
8.697 8.520 8.346 8.163 7.960 7.735 7.510 7.308 7.133 6.973 6.824 6.676 6.510 6.271 5.894 5.355 4.680 3.931 3.208 2.558 1.986 1.507 1.138 0.883 0.715 0.610 0.550 0.519 0.508 0.510 0.518 0.527 0.520 0.499 0.471 0.453 0.445 0.444 0.438 0.428 0.415 0.406 0.399 0.391 0.376 0.348 0.306 0.248 0.182 0.121 0.074 0.042 0.022 0.011 0.005 0.002 0.001 0.000 0.000 0.000 0.000 0.000 0.000 0.000 0.000 0.000 0.000 0.000 0.000 0.000 0.000 0.000 0.000 0.000 0.000 0.000 0.000
12.217 12.363 12.385 12.338 12.216 12.001 11.711 11.394 11.095 10.813 10.551 10.299 10.040 9.722 9.260 8.590 7.717 6.686 5.597 4.565 3.617 2.783 2.097 1.589 1.244 1.019 0.876 0.797 0.761 0.745 0.728 0.699 0.655 0.597 0.540 0.500 0.476 0.459 0.442 0.423 0.405 0.390 0.377 0.363 0.341 0.305 0.250 0.181 0.119 0.075 0.045 0.026 0.015 0.008 0.004 0.001 0.000 0.000 0.000 0.000 0.000 0.000 0.000 0.000 0.000 0.000 0.000 0.000 0.000 0.000 0.000 0.000 0.000 0.000 0.000 0.000 0.000
15.730 16.232 16.403 16.387 16.251 15.981 15.625 15.243 14.881 14.534 14.208 13.904 13.603 13.269 12.818 12.147 11.204 10.013 8.666 7.302 5.992 4.762 3.676 2.797 2.147 1.691 1.380 1.178 1.049 0.950 0.859 0.776 0.698 0.619 0.551 0.503 0.471 0.444 0.416 0.384 0.353 0.327 0.304 0.279 0.248 0.204 0.148 0.097 0.063 0.041 0.026 0.016 0.009 0.005 0.002 0.001 0.000 0.000 0.000 0.000 0.000 0.000 0.000 0.000 0.000 0.000 0.000 0.000 0.000 0.000 0.000 0.000 0.000 0.000 0.000 0.000 0.000
18.282 19.107 19.467 19.516 19.413 19.180 18.871 18.540 18.206 17.859 17.500 17.155 16.826 16.480 16.044 15.404 14.498 13.338 11.999 10.547 9.031 7.490 5.976 4.640 3.563 2.744 2.138 1.695 1.363 1.110 0.925 0.792 0.692 0.606 0.531 0.474 0.430 0.389 0.345 0.294 0.247 0.210 0.180 0.155 0.130 0.102 0.072 0.050 0.034 0.023 0.015 0.009 0.005 0.003 0.001 0.000 0.000 0.000 0.000 0.000 0.000 0.000 0.000 0.000 0.000 0.000 0.000 0.000 0.000 0.000 0.000 0.000 0.000 0.000 0.000 0.000 0.000
19.670 20.730 21.341 21.600 21.663 21.599 21.466 21.291 21.072 20.783 20.419 20.022 19.650 19.275 18.837 18.223 17.358 16.243 14.931 13.494 11.964 10.328 8.553 6.751 5.165 3.879 2.894 2.155 1.607 1.215 0.948 0.774 0.654 0.554 0.467 0.396 0.338 0.282 0.226 0.175 0.137 0.111 0.093 0.078 0.065 0.051 0.037 0.027 0.019 0.014 0.009 0.006 0.003 0.002 0.001 0.000 0.000 0.000 0.000 0.000 0.000 0.000 0.000 0.000 0.000 0.000 0.000 0.000 0.000 0.000 0.000 0.000 0.000 0.000 0.000 0.000 0.000
20.021 21.195 22.027 22.579 22.935 23.148 23.249 23.249 23.166 22.964 22.614 22.151 21.726 21.329 20.895 20.326 19.546 18.526 17.267 15.805 14.183 12.408 10.431 8.255 6.251 4.602 3.340 2.411 1.734 1.257 0.937 0.726 0.575 0.452 0.346 0.265 0.207 0.162 0.125 0.096 0.075 0.061 0.051 0.043 0.035 0.028 0.021 0.016 0.012 0.008 0.005 0.003 0.002 0.001 0.000 0.000 0.000 0.000 0.000 0.000 0.000 0.000 0.000 0.000 0.000 0.000 0.000 0.000 0.000 0.000 0.000 0.000 0.000 0.000 0.000 0.000 0.000
19.825 21.064 22.026 22.756 23.347 23.812 24.100 24.215 24.214 24.089 23.762 23.242 22.778 22.391 21.984 21.466 20.776 19.867 18.695 17.238 15.526 13.601 11.436 9.016 6.751 4.895 3.493 2.482 1.759 1.249 0.893 0.642 0.456 0.308 0.205 0.146 0.112 0.088 0.069 0.055 0.044 0.036 0.030 0.025 0.021 0.017 0.013 0.010 0.007 0.005 0.003 0.002 0.001 0.000 0.000 0.000 0.000 0.000 0.000 0.000 0.000 0.000 0.000 0.000 0.000 0.000 0.000 0.000 0.000 0.000 0.000 0.000 0.000 0.000 0.000 0.000 0.000
19.087 20.455 21.617 22.561 23.317 23.881 24.225 24.368 24.385 24.294 23.983 23.440 22.959 22.593 22.209 21.717 21.069 20.230 19.134 17.713 15.965 13.945 11.673 9.150 6.803 4.886 3.448 2.421 1.686 1.158 0.778 0.503 0.308 0.181 0.113 0.079 0.061 0.049 0.040 0.033 0.027 0.023 0.019 0.016 0.013 0.010 0.008 0.006 0.004 0.003 0.002 0.001 0.000 0.000 0.000 0.000 0.000 0.000 0.000 0.000 0.000 0.000 0.000 0.000 0.000 0.000 0.000 0.000 0.000 0.000 0.000 0.000 0.000 0.000 0.000 0.000 0.000
17.902 19.417 20.776 21.941 22.871 23.522 23.881 24.010 24.013 23.915 23.615 23.098 22.604 22.214 21.809 21.306 20.678 19.888 18.848 17.469 15.730 13.676 11.333 8.765 6.432 4.534 3.119 2.121 1.419 0.918 0.560 0.317 0.173 0.099 0.062 0.044 0.035 0.029 0.025 0.021 0.018 0.015 0.013 0.010 0.008 0.007 0.005 0.003 0.002 0.001 0.001 0.000 0.000 0.000 0.000 0.000 0.000 0.000 0.000 0.000 0.000 0.000 0.000 0.000 0.000 0.000 0.000 0.000 0.000 0.000 0.000 0.000 0.000 0.000 0.000 0.000 0.000
16.451 18.063 19.532 20.816 21.845 22.560 22.947 23.058 23.017 22.850 22.548 22.137 21.667 21.166 20.627 20.047 19.403 18.640 17.652 16.312 14.568 12.454 10.045 7.572 5.400 3.660 2.376 1.490 0.903 0.523 0.289 0.158 0.088 0.053 0.035 0.027 0.022 0.019 0.016 0.014 0.012 0.010 0.008 0.007 0.005 0.004 0.003 0.002 0.001 0.000 0.000 0.000 0.000 0.000 0.000 0.000 0.000 0.000 0.000 0.000 0.000 0.000 0.000 0.000 0.000 0.000 0.000 0.000 0.000 0.000 0.000 0.000 0.000 0.000 0.000 0.000 0.000
14.772 16.384 17.865 19.185 20.281 21.083 21.543 21.662 21.566 21.312 21.029 20.763 20.354 19.704 18.938 18.223 17.504 16.690 15.636 14.201 12.324 10.056 7.660 5.464 3.646 2.263 1.308 0.724 0.399 0.221 0.125 0.073 0.045 0.030 0.022 0.018 0.015 0.013 0.011 0.009 0.008 0.007 0.005 0.004 0.003 0.002 0.001 0.001 0.000 0.000 0.000 0.000 0.000 0.000 0.000 0.000 0.000 0.000 0.000 0.000 0.000 0.000 0.000 0.000 0.000 0.000 0.000 0.000 0.000 0.000 0.000 0.000 0.000 0.000 0.000 0.000 0.000
12.848 14.364 15.816 17.194 18.424 19.397 20.006 20.208 20.135 19.900 19.626 19.355 18.906 18.135 17.195 16.327 15.456 14.433 13.079 11.283 8.981 6.543 4.453 2.895 1.788 1.027 0.547 0.282 0.152 0.088 0.055 0.036 0.025 0.019 0.015 0.012 0.010 0.009 0.007 0.006 0.005 0.004 0.003 0.002 0.002 0.001 0.000 0.000 0.000 0.000 0.000 0.000 0.000 0.000 0.000 0.000 0.000 0.000 0.000 0.000 0.000 0.000 0.000 0.000 0.000 0.000 0.000 0.000 0.000 0.000 0.000 0.000 0.000 0.000 0.000 0.000 0.000
10.740 12.126 13.547 15.005 16.416 17.594 18.390 18.720 18.702 18.503 18.188 17.778 17.163 16.292 15.286 14.273 13.176 11.778 9.887 7.500 5.106 3.233 1.959 1.161 0.669 0.369 0.194 0.104 0.061 0.040 0.028 0.021 0.016 0.013 0.010 0.008 0.007 0.006 0.005 0.004 0.003 0.002 0.002 0.001 0.001 0.000 0.000 0.000 0.000 0.000 0.000 0.000 0.000 0.000 0.000 0.000 0.000 0.000 0.000 0.000 0.000 0.000 0.000 0.000 0.000 0.000 0.000 0.000 0.000 0.000 0.000 0.000 0.000 0.000 0.000 0.000 0.000
8.651 9.879 11.185 12.612 14.090 15.369 16.281 16.725 16.773 16.578 16.115 15.417 14.537 13.552 12.505 11.349 9.953 8.090 5.830 3.723 2.195 1.199 0.643 0.359 0.209 0.121 0.070 0.044 0.030 0.022 0.017 0.014 0.011 0.009 0.007 0.006 0.005 0.004 0.003 0.002 0.002 0.001 0.001 0.000 0.000 0.000 0.000 0.000 0.000 0.000 0.000 0.000 0.000 0.000 0.000 0.000 0.000 0.000 0.000 0.000 0.000 0.000 0.000 0.000 0.000 0.000 0.000 0.000 0.000 0.000 0.000 0.000 0.000 0.000 0.000 0.000 0.000
6.610 7.609 8.654 9.780 10.973 12.060 12.889 13.341 13.421 13.227 12.640 11.674 10.468 9.281 8.144 6.923 5.500 3.898 2.415 1.326 0.666 0.331 0.181 0.110 0.071 0.047 0.032 0.023 0.018 0.014 0.012 0.009 0.007 0.006 0.005 0.004 0.003 0.002 0.001 0.001 0.001 0.000 0.000 0.000 0.000 0.000 0.000 0.000 0.000 0.000 0.000 0.000 0.000 0.000 0.000 0.000 0.000 0.000 0.000 0.000 0.000 0.000 0.000 0.000 0.000 0.000 0.000 0.000 0.000 0.000 0.000 0.000 0.000 0.000 0.000 0.000 0.000
4.531 5.113 5.663 6.200 6.763 7.356 7.874 8.185 8.254 8.109 7.584 6.663 5.533 4.553 3.718 2.932 2.108 1.289 0.685 0.333 0.167 0.095 0.061 0.043 0.032 0.024 0.019 0.015 0.012 0.010 0.008 0.006 0.005 0.004 0.003 0.002 0.001 0.001 0.001 0.000 0.000 0.000 0.000 0.000 0.000 0.000 0.000 0.000 0.000 0.000 0.000 0.000 0.000 0.000 0.000 0.000 0.000 0.000 0.000 0.000 0.000 0.000 0.000 0.000 0.000 0.000 0.000 0.000 0.000 0.000 0.000 0.000 0.000 0.000 0.000 0.000 0.000
2.631 2.825 2.971 3.088 3.204 3.357 3.527 3.631 3.649 3.578 3.316 2.821 2.160 1.609 1.203 0.870 0.560 0.312 0.162 0.088 0.054 0.038 0.029 0.024 0.019 0.016 0.013 0.011 0.009 0.007 0.006 0.004 0.003 0.002 0.002 0.001 0.001 0.000 0.000 0.000 0.000 0.000 0.000 0.000 0.000 0.000 0.000 0.000 0.000 0.000 0.000 0.000 0.000 0.000 0.000 0.000 0.000 0.000 0.000 0.000 0.000 0.000 0.000 0.000 0.000 0.000 0.000 0.000 0.000 0.000 0.000 0.000 0.000 0.000 0.000 0.000 0.000
1.220 1.230 1.220 1.200 1.181 1.176 1.195 1.202 1.193 1.157 1.056 0.871 0.620 0.432 0.310 0.218 0.140 0.084 0.052 0.036 0.027 0.022 0.019 0.016 0.014 0.012 0.010 0.008 0.006 0.005 0.004 0.003 0.002 0.001 0.001 0.000 0.000 0.000 0.000 0.000 0.000 0.000 0.000 0.000 0.000 0.000 0.000 0.000 0.000 0.000 0.000 0.000 0.000 0.000 0.000 0.000 0.000 0.000 0.000 0.000 0.000 0.000 0.000 0.000 0.000 0.000 0.000 0.000 0.000 0.000 0.000 0.000 0.000 0.000 0.000 0.000 0.000
0.452 0.437 0.420 0.407 0.393 0.378 0.366 0.356 0.344 0.327 0.295 0.241 0.170 0.121 0.090 0.066 0.048 0.035 0.026 0.021 0.018 0.016 0.014 0.012 0.011 0.009 0.007 0.006 0.004 0.003 0.002 0.001 0.001 0.000 0.000 0.000 0.000 0.000 0.000 0.000 0.000 0.000 0.000 0.000 0.000 0.000 0.000 0.000 0.000 0.000 0.000 0.000 0.000 0.000 0.000 0.000 0.000 0.000 0.000 0.000 0.000 0.000 0.000 0.000 0.000 0.000 0.000 0.000 0.000 0.000 0.000 0.000 0.000 0.000 0.000 0.000 0.000
0.164 0.157 0.151 0.146 0.140 0.133 0.124 0.116 0.109 0.102 0.093 0.078 0.059 0.046 0.037 0.030 0.025 0.021 0.018 0.016 0.014 0.012 0.011 0.010 0.008 0.007 0.005 0.004 0.003 0.002 0.001 0.001 0.000 0.000 0.000 0.000 0.000 0.000 0.000 0.000 0.000 0.000 0.000 0.000 0.000 0.000 0.000 0.000 0.000 0.000 0.000 0.000 0.000 0.000 0.000 0.000 0.000 0.000 0.000 0.000 0.000 0.000 0.000 0.000 0.000 0.000 0.000 0.000 0.000 0.000 0.000 0.000 0.000 0.000 0.000 0.000 0.000
0.068 0.065 0.063 0.061 0.059 0.055 0.051 0.047 0.045 0.042 0.039 0.035 0.030 0.025 0.022 0.019 0.017 0.015 0.014 0.012 0.011 0.010 0.009 0.008 0.007 0.005 0.004 0.003 0.002 0.001 0.000 0.000 0.000 0.000 0.000 0.000 0.000 0.000 0.000 0.000 0.000 0.000 0.000 0.000 0.000 0.000 0.000 0.000 0.000 0.000 0.000 0.000 0.000 0.000 0.000 0.000 0.000 0.000 0.000 0.000 0.000 0.000 0.000 0.000 0.000 0.000 0.000 0.000 0.000 0.000 0.000 0.000 0.000 0.000 0.000 0.000 0.000
0.034 0.033 0.032 0.031 0.030 0.029 0.027 0.026 0.024 0.023 0.022 0.021 0.019 0.017 0.015 0.014 0.013 0.012 0.011 0.010 0.009 0.008 0.007 0.006 0.005 0.004 0.003 0.002 0.001 0.001 0.000 0.000 0.000 0.000 0.000 0.000 0.000 0.000 0.000 0.000 0.000 0.000 0.000 0.000 0.000 0.000 0.000 0.000 0.000 0.000 0.000 0.000 0.000 0.000 0.000 0.000 0.000 0.000 0.000 0.000 0.000 0.000 0.000 0.000 0.000 0.000 0.000 0.000 0.000 0.000 0.000 0.000 0.000 0.000 0.000 0.000 0.000
0.020 0.020 0.019 0.019 0.019 0.018 0.018 0.017 0.016 0.016 0.015 0.015 0.014 0.013 0.012 0.011 0.010 0.009 0.009 0.008 0.007 0.007 0.006 0.005 0.004 0.004 0.003 0.002 0.001 0.000 0.000 0.000 0.000 0.000 0.000 0.000 0.000 0.000 0.000 0.000 0.000 0.000 0.000 0.000 0.000 0.000 0.000 0.000 0.000 0.000 0.000 0.000 0.000 0.000 0.000 0.000 0.000 0.000 0.000 0.000 0.000 0.000 0.000 0.000 0.000 0.000 0.000 0.000 0.000 0.000 0.000 0.000 0.000 0.000 0.000 0.000 0.000
0.014 0.013 0.013 0.013 0.013 0.013 0.012 0.012 0.012 0.012 0.011 0.011 0.011 0.010 0.010 0.009 0.008 0.008 0.007 0.006 0.006 0.006 0.005 0.005 0.004 0.004 0.003 0.002 0.001 0.000 0.000 0.000 0.000 0.000 0.000 0.000 0.000 0.000 0.000 0.000 0.000 0.000 0.000 0.000 0.000 0.000 0.000 0.000 0.000 0.000 0.000 0.000 0.000 0.000 0.000 0.000 0.000 0.000 0.000 0.000 0.000 0.000 0.000 0.000 0.000 0.000 0.000 0.000 0.000 0.000 0.000 0.000 0.000 0.000 0.000 0.000 0.000
0.010 0.010 0.010 0.010 0.009 0.009 0.009 0.009 0.009 0.009 0.009 0.009 0.008 0.008 0.008 0.007 0.007 0.006 0.006 0.005 0.005 0.005 0.005 0.005 0.005 0.005 0.004 0.003 0.002 0.001 0.000 0.000 0.000 0.000 0.000 0.000 0.000 0.000 0.000 0.000 0.000 0.000 0.000 0.000 0.000 0.000 0.000 0.000 0.000 0.000 0.000 0.000 0.000 0.000 0.000 0.000 0.000 0.000 0.000 0.000 0.000 0.000 0.000 0.000 0.000 0.000 0.000 0.000 0.000 0.000 0.000 0.000 0.000 0.000 0.000 0.000 0.000
0.007 0.007 0.007 0.007 0.007 0.007 0.007 0.007 0.007 0.007 0.007 0.007 0.007 0.007 0.006 0.006 0.006 0.005 0.005 0.005 0.005 0.006 0.006 0.007 0.007 0.006 0.006 0.004 0.002 0.001 0.000 0.000 0.000 0.000 0.000 0.000 0.000 0.000 0.000 0.000 0.000 0.000 0.000 0.000 0.000 0.000 0.000 0.000 0.000 0.000 0.000 0.000 0.000 0.000 0.000 0.000 0.000 0.000 0.000 0.000 0.000 0.000 0.000 0.000 0.000 0.000 0.000 0.000 0.000 0.000 0.000 0.000 0.000 0.000 0.000 0.000 0.000
0.005 0.005 0.005 0.005 0.005 0.005 0.005 0.005 0.005 0.005 0.005 0.006 0.006 0.006 0.006 0.005 0.005 0.005 0.006 0.006 0.007 0.008 0.009 0.010 0.010 0.010 0.008 0.005 0.002 0.001 0.000 0.000 0.000 0.000 0.000 0.000 0.000 0.000 0.000 0.000 0.000 0.000 0.000 0.000 0.000 0.000 0.000 0.000 0.000 0.000 0.000 0.000 0.000 0.000 0.000 0.000 0.000 0.000 0.000 0.000 0.000 0.000 0.000 0.000 0.000 0.000 0.000 0.000 0.000 0.000 0.000 0.000 0.000 0.000 0.000 0.000 0.000
0.003 0.003 0.003 0.004 0.004 0.004 0.004 0.004 0.004 0.004 0.005 0.005 0.005 0.005 0.005 0.006 0.006 0.007 0.008 0.009 0.011 0.013 0.014 0.015 0.015 0.013 0.009 0.005 0.002 0.001 0.000 0.000 0.000 0.000 0.000 0.000 0.000 0.000 0.000 0.000 0.000 0.000 0.000 0.000 0.000 0.000 0.000 0.000 0.000 0.000 0.000 0.000 0.000 0.000 0.000 0.000 0.000 0.000 0.000 0.000 0.000 0.000 0.000 0.000 0.000 0.000 0.000 0.000 0.000 0.000 0.000 0.000 0.000 0.000 0.000 0.000 0.000
0.002 0.002 0.002 0.002 0.003 0.003 0.003 0.003 0.003 0.004 0.004 0.005 0.005 0.006 0.006 0.007 0.009 0.010 0.013 0.015 0.018 0.019 0.020 0.020 0.018 0.014 0.009 0.005 0.002 0.001 0.000 0.000 0.000 0.000 0.000 0.000 0.000 0.000 0.000 0.000 0.000 0.000 0.000 0.000 0.000 0.000 0.000 0.000 0.000 0.000 0.000 0.000 0.000 0.000 0.000 0.000 0.000 0.000 0.000 0.000 0.000 0.000 0.000 0.000 0.000 0.000 0.000 0.000 0.000 0.000 0.000 0.000 0.000 0.000 0.000 0.000 0.000
0.001 0.001 0.001 0.001 0.002 0.002 0.002 0.003 0.003 0.004 0.004 0.005 0.006 0.007 0.009 0.011 0.013 0.016 0.019 0.021 0.023 0.023 0.023 0.021 0.018 0.013 0.008 0.005 0.002 0.001 0.000 0.000 0.000 0.000 0.000 0.000 0.000 0.000 0.000 0.000 0.000 0.000 0.000 0.000 0.000 0.000 0.000 0.000 0.000 0.000 0.000 0.000 0.000 0.000 0.000 0.000 0.000 0.000 0.000 0.000 0.000 0.000 0.000 0.000 0.000 0.000 0.000 0.000 0.000 0.000 0.000 0.000 0.000 0.000 0.000 0.000 0.000
0.001 0.000 0.001 0.001 0.001 0.001 0.002 0.002 0.003 0.004 0.005 0.006 0.008 0.009 0.012 0.015 0.018 0.020 0.023 0.024 0.025 0.025 0.024 0.021 0.018 0.013 0.008 0.005 0.002 0.001 0.000 0.000 0.000 0.000 0.000 0.000 0.000 0.000 0.000 0.000 0.000 0.000 0.000 0.000 0.000 0.000 0.000 0.000 0.000 0.000 0.000 0.000 0.000 0.000 0.000 0.000 0.000 0.000 0.000 0.000 0.000 0.000 0.000 0.000 0.000 0.000 0.000 0.000 0.000 0.000 0.000 0.000 0.000 0.000 0.000 0.000 0.000
0.000 0.000 0.000 0.000 0.000 0.001 0.001 0.002 0.003 0.004 0.005 0.007 0.009 0.011 0.013 0.017 0.019 0.022 0.023 0.024 0.025 0.024 0.023 0.021 0.017 0.012 0.008 0.004 0.002 0.001 0.000 0.000 0.000 0.000 0.000 0.000 0.000 0.000 0.000 0.000 0.000 0.000 0.000 0.000 0.000 0.000 0.000 0.000 0.000 0.000 0.000 0.000 0.000 0.000 0.000 0.000 0.000 0.000 0.000 0.000 0.000 0.000 0.000 0.000 0.000 0.000 0.000 0.000 0.000 0.000 0.000 0.000 0.000 0.000 0.000 0.000 0.000
0.000 0.000 0.000 0.000 0.000 0.000 0.001 0.002 0.003 0.004 0.005 0.007 0.009 0.011 0.014 0.017 0.020 0.022 0.023 0.024 0.024 0.023 0.022 0.019 0.016 0.011 0.007 0.004 0.002 0.001 0.000 0.000 0.000 0.000 0.000 0.000 0.000 0.000 0.000 0.000 0.000 0.000 0.000 0.000 0.000 0.000 0.000 0.000 0.000 0.000 0.000 0.000 0.000 0.000 0.000 0.000 0.000 0.000 0.000 0.000 0.000 0.000 0.000 0.000 0.000 0.000 0.000 0.000 0.000 0.000 0.000 0.000 0.000 0.000 0.000 0.000 0.000
0.000 0.000 0.000 0.000 0.000 0.000 0.001 0.001 0.002 0.004 0.005 0.007 0.009 0.011 0.014 0.017 0.019 0.021 0.022 0.022 0.022 0.021 0.020 0.018 0.014 0.010 0.006 0.003 0.002 0.001 0.000 0.000 0.000 0.000 0.000 0.000 0.000 0.000 0.000 0.000 0.000 0.000 0.000 0.000 0.000 0.000 0.000 0.000 0.000 0.000 0.000 0.000 0.000 0.000 0.000 0.000 0.000 0.000 0.000 0.000 0.000 0.000 0.000 0.000 0.000 0.000 0.000 0.000 0.000 0.000 0.000 0.000 0.000 0.000 0.000 0.000 0.000
