RESULTS/r.avaflow_results/21_results/21_ascii/21_hflow3_max.asc
ncols 506
nrows 317
xllcenter 498237.50
yllcenter 5580050.00
cellsize 12.50
NODATA_value -9999.000
[rows 170 to 203 of 317, columns 154 to 230 of 506]
12.628 12.460 12.259 12.014 11.707 11.363 11.142 10.986 10.831 10.636 10.413 10.166 9.854 9.446 8.880 8.120 7.220 6.187 5.113 4.068 3.133 2.344 1.714 1.258 0.953 0.767 0.669 0.644 0.657 0.711 0.767 0.800 0.817 0.824 0.826 0.824 0.824 0.826 0.825 0.821 0.807 0.782 0.762 0.744 0.719 0.680 0.622 0.547 0.464 0.382 0.305 0.241 0.193 0.162 0.143 0.132 0.126 0.123 0.122 0.123 0.124 0.125 0.125 0.125 0.124 0.123 0.123 0.144 0.214 0.323 0.409 0.452 0.463 0.445 0.391 0.302 0.207
16.495 16.614 16.542 16.327 15.967 15.502 15.017 14.693 14.376 14.035 13.670 13.338 13.044 12.691 12.167 11.354 10.263 8.981 7.619 6.255 4.952 3.806 2.844 2.111 1.592 1.245 1.033 0.935 0.900 0.893 0.890 0.883 0.875 0.864 0.850 0.839 0.828 0.823 0.820 0.810 0.786 0.750 0.716 0.683 0.643 0.582 0.493 0.381 0.276 0.202 0.154 0.123 0.103 0.091 0.086 0.083 0.083 0.083 0.084 0.086 0.086 0.086 0.086 0.085 0.083 0.083 0.088 0.106 0.154 0.246 0.353 0.415 0.439 0.440 0.419 0.367 0.282
19.774 20.141 20.175 19.998 19.626 19.139 18.621 18.113 17.631 17.230 16.769 16.355 16.082 15.775 15.291 14.523 13.434 12.077 10.555 8.971 7.400 5.932 4.587 3.478 2.625 1.999 1.573 1.308 1.132 1.009 0.936 0.905 0.884 0.869 0.851 0.828 0.803 0.780 0.760 0.731 0.685 0.628 0.570 0.511 0.446 0.367 0.272 0.187 0.132 0.099 0.079 0.066 0.059 0.055 0.054 0.054 0.056 0.058 0.060 0.062 0.062 0.062 0.061 0.060 0.060 0.061 0.066 0.079 0.110 0.172 0.276 0.374 0.423 0.436 0.434 0.412 0.358
22.028 22.626 22.808 22.704 22.431 22.052 21.652 21.261 20.845 20.361 19.837 19.326 18.997 18.658 18.169 17.411 16.343 15.010 13.491 11.923 10.353 8.682 6.968 5.381 4.065 3.031 2.261 1.709 1.365 1.133 0.983 0.903 0.861 0.830 0.796 0.755 0.708 0.661 0.613 0.552 0.475 0.396 0.325 0.267 0.217 0.169 0.122 0.087 0.066 0.052 0.044 0.039 0.036 0.035 0.035 0.037 0.039 0.043 0.046 0.047 0.047 0.046 0.046 0.045 0.046 0.047 0.051 0.060 0.079 0.117 0.192 0.305 0.394 0.429 0.436 0.430 0.403
22.958 23.745 24.184 24.357 24.314 24.157 23.957 23.716 23.388 22.949 22.407 21.833 21.409 21.042 20.566 19.846 18.822 17.531 16.029 14.516 12.877 11.082 9.101 7.189 5.471 4.063 2.973 2.171 1.607 1.228 0.993 0.864 0.785 0.722 0.662 0.594 0.520 0.445 0.377 0.311 0.250 0.195 0.155 0.124 0.099 0.077 0.059 0.045 0.037 0.031 0.028 0.025 0.024 0.024 0.024 0.026 0.029 0.032 0.035 0.035 0.035 0.035 0.035 0.035 0.036 0.037 0.040 0.046 0.058 0.082 0.128 0.218 0.334 0.403 0.428 0.430 0.416
22.911 23.863 24.518 24.946 25.235 25.404 25.426 25.311 25.044 24.606 24.057 23.457 22.988 22.592 22.141 21.494 20.568 19.356 17.998 16.450 14.731 12.939 10.951 8.737 6.593 4.822 3.444 2.437 1.735 1.266 0.971 0.787 0.659 0.552 0.451 0.361 0.290 0.235 0.194 0.160 0.125 0.097 0.077 0.062 0.050 0.040 0.033 0.027 0.023 0.021 0.019 0.018 0.017 0.017 0.018 0.019 0.022 0.025 0.027 0.028 0.029 0.029 0.030 0.030 0.031 0.033 0.035 0.038 0.044 0.060 0.090 0.147 0.251 0.348 0.400 0.415 0.412
22.309 23.436 24.301 24.928 25.411 25.746 25.889 25.885 25.716 25.313 24.761 24.165 23.594 23.198 22.805 22.285 21.541 20.525 19.412 17.995 16.262 14.265 12.002 9.521 7.114 5.136 3.612 2.514 1.760 1.255 0.914 0.677 0.498 0.354 0.249 0.185 0.145 0.119 0.099 0.084 0.066 0.052 0.042 0.034 0.029 0.024 0.021 0.018 0.016 0.015 0.013 0.013 0.013 0.013 0.014 0.015 0.017 0.019 0.021 0.023 0.024 0.025 0.026 0.027 0.028 0.030 0.032 0.034 0.038 0.047 0.066 0.104 0.172 0.268 0.345 0.381 0.390
21.240 22.533 23.631 24.498 25.145 25.552 25.810 25.866 25.833 25.572 24.996 24.328 23.747 23.385 23.027 22.522 21.806 20.967 20.014 18.641 16.852 14.736 12.315 9.666 7.175 5.134 3.573 2.456 1.689 1.161 0.788 0.519 0.325 0.200 0.130 0.094 0.074 0.062 0.053 0.046 0.038 0.031 0.026 0.022 0.019 0.016 0.014 0.013 0.011 0.010 0.010 0.010 0.010 0.010 0.011 0.011 0.013 0.014 0.016 0.018 0.020 0.021 0.023 0.024 0.026 0.027 0.029 0.032 0.035 0.039 0.052 0.076 0.119 0.187 0.267 0.325 0.353
19.959 21.343 22.575 23.645 24.476 25.038 25.316 25.386 25.337 25.119 24.616 23.940 23.302 22.933 22.549 22.026 21.322 20.527 19.650 18.336 16.557 14.397 11.902 9.276 6.802 4.785 3.251 2.162 1.424 0.918 0.562 0.321 0.179 0.106 0.069 0.050 0.041 0.035 0.031 0.027 0.023 0.020 0.017 0.015 0.013 0.011 0.010 0.009 0.008 0.007 0.007 0.007 0.007 0.007 0.008 0.008 0.009 0.011 0.012 0.014 0.016 0.018 0.020 0.021 0.023 0.025 0.027 0.029 0.032 0.036 0.043 0.059 0.087 0.131 0.192 0.256 0.301
18.515 19.975 21.291 22.405 23.276 23.866 24.167 24.232 24.122 23.833 23.453 22.967 22.386 21.792 21.219 20.580 19.927 19.206 18.242 16.930 15.159 13.008 10.588 8.039 5.745 3.900 2.514 1.541 0.914 0.524 0.289 0.159 0.090 0.056 0.038 0.030 0.025 0.022 0.020 0.018 0.016 0.014 0.012 0.011 0.009 0.008 0.007 0.006 0.005 0.005 0.005 0.005 0.005 0.005 0.005 0.006 0.007 0.008 0.009 0.011 0.013 0.015 0.017 0.019 0.021 0.023 0.025 0.027 0.030 0.034 0.039 0.048 0.068 0.097 0.139 0.191 0.242
17.030 18.405 19.648 20.730 21.602 22.242 22.619 22.701 22.479 22.021 21.756 21.477 21.027 20.310 19.421 18.691 18.029 17.267 16.250 14.819 12.913 10.629 8.161 5.861 3.941 2.470 1.425 0.766 0.408 0.222 0.124 0.073 0.046 0.031 0.024 0.019 0.017 0.015 0.013 0.012 0.011 0.010 0.008 0.007 0.006 0.005 0.005 0.004 0.003 0.003 0.003 0.003 0.003 0.003 0.003 0.004 0.005 0.006 0.007 0.008 0.010 0.012 0.014 0.016 0.018 0.020 0.023 0.025 0.028 0.032 0.037 0.043 0.055 0.076 0.105 0.143 0.187
15.168 16.406 17.589 18.705 19.707 20.532 21.095 21.269 21.077 20.618 20.351 20.131 19.667 18.793 17.735 16.812 16.012 15.061 13.761 11.972 9.647 7.108 4.854 3.175 1.980 1.146 0.607 0.301 0.156 0.088 0.055 0.037 0.026 0.020 0.016 0.013 0.012 0.011 0.010 0.009 0.008 0.007 0.006 0.005 0.004 0.003 0.003 0.002 0.002 0.001 0.001 0.001 0.001 0.002 0.002 0.002 0.003 0.004 0.005 0.006 0.007 0.009 0.011 0.013 0.015 0.018 0.020 0.023 0.026 0.030 0.036 0.042 0.050 0.063 0.084 0.113 0.150
12.913 14.046 15.228 16.486 17.721 18.795 19.552 19.848 19.727 19.479 19.164 18.754 18.081 17.079 15.934 15.039 14.151 12.843 10.903 8.318 5.720 3.620 2.201 1.309 0.754 0.413 0.213 0.109 0.062 0.040 0.028 0.021 0.017 0.013 0.011 0.010 0.009 0.008 0.007 0.006 0.005 0.004 0.004 0.003 0.002 0.002 0.001 0.001 0.001 0.000 0.000 0.000 0.000 0.001 0.001 0.001 0.002 0.002 0.003 0.004 0.005 0.007 0.009 0.011 0.013 0.015 0.018 0.021 0.025 0.029 0.035 0.042 0.050 0.058 0.071 0.093 0.122
10.445 11.584 12.730 13.974 15.277 16.429 17.375 17.947 18.047 17.835 17.282 16.457 15.443 14.324 13.318 12.430 11.237 9.432 6.830 4.351 2.554 1.400 0.743 0.407 0.230 0.131 0.074 0.044 0.030 0.022 0.017 0.014 0.012 0.010 0.008 0.007 0.006 0.005 0.004 0.004 0.003 0.003 0.002 0.001 0.001 0.001 0.000 0.000 0.000 0.000 0.000 0.000 0.000 0.000 0.000 0.000 0.001 0.001 0.002 0.003 0.004 0.005 0.007 0.008 0.010 0.013 0.016 0.019 0.023 0.028 0.034 0.041 0.050 0.058 0.065 0.078 0.101
7.823 8.867 9.820 10.787 12.062 13.283 14.251 14.793 14.915 14.681 13.923 12.700 11.242 10.043 9.097 7.972 6.510 4.655 2.921 1.688 0.894 0.447 0.228 0.125 0.075 0.048 0.032 0.023 0.018 0.014 0.012 0.010 0.008 0.007 0.006 0.005 0.004 0.003 0.003 0.002 0.002 0.001 0.001 0.001 0.000 0.000 0.000 0.000 0.000 0.000 0.000 0.000 0.000 0.000 0.000 0.000 0.000 0.000 0.001 0.002 0.002 0.004 0.005 0.006 0.008 0.011 0.014 0.017 0.021 0.026 0.033 0.040 0.049 0.057 0.064 0.071 0.085
5.735 6.451 7.061 7.590 8.118 8.681 9.222 9.551 9.627 9.419 8.683 7.508 6.271 5.248 4.417 3.594 2.713 1.767 1.004 0.516 0.255 0.134 0.077 0.048 0.032 0.024 0.019 0.015 0.012 0.010 0.009 0.007 0.006 0.005 0.004 0.003 0.003 0.002 0.001 0.001 0.001 0.000 0.000 0.000 0.000 0.000 0.000 0.000 0.000 0.000 0.000 0.000 0.000 0.000 0.000 0.000 0.000 0.000 0.000 0.001 0.001 0.002 0.003 0.005 0.007 0.009 0.012 0.015 0.019 0.025 0.031 0.038 0.047 0.055 0.063 0.072 0.080
3.548 3.784 3.916 3.991 4.029 4.085 4.181 4.239 4.250 4.163 3.868 3.379 2.731 2.171 1.692 1.273 0.871 0.515 0.273 0.142 0.079 0.048 0.032 0.023 0.019 0.016 0.013 0.011 0.009 0.008 0.007 0.005 0.004 0.003 0.002 0.002 0.001 0.001 0.001 0.000 0.000 0.000 0.000 0.000 0.000 0.000 0.000 0.000 0.000 0.000 0.000 0.000 0.000 0.000 0.000 0.000 0.000 0.000 0.000 0.000 0.001 0.001 0.002 0.004 0.005 0.007 0.010 0.013 0.017 0.022 0.028 0.036 0.044 0.053 0.062 0.072 0.083
1.655 1.674 1.668 1.632 1.554 1.488 1.459 1.438 1.442 1.420 1.327 1.136 0.938 0.689 0.504 0.360 0.237 0.142 0.081 0.048 0.032 0.023 0.019 0.016 0.014 0.012 0.011 0.009 0.008 0.006 0.005 0.004 0.003 0.002 0.001 0.001 0.000 0.000 0.000 0.000 0.000 0.000 0.000 0.000 0.000 0.000 0.000 0.000 0.000 0.000 0.000 0.000 0.000 0.000 0.000 0.000 0.000 0.000 0.000 0.000 0.000 0.001 0.001 0.002 0.004 0.005 0.008 0.011 0.015 0.019 0.025 0.032 0.040 0.049 0.060 0.072 0.085
0.607 0.586 0.566 0.541 0.504 0.459 0.440 0.434 0.424 0.409 0.378 0.344 0.283 0.204 0.147 0.105 0.072 0.048 0.032 0.023 0.019 0.016 0.015 0.013 0.012 0.011 0.009 0.008 0.006 0.005 0.004 0.003 0.002 0.001 0.001 0.000 0.000 0.000 0.000 0.000 0.000 0.000 0.000 0.000 0.000 0.000 0.000 0.000 0.000 0.000 0.000 0.000 0.000 0.000 0.000 0.000 0.000 0.000 0.000 0.000 0.000 0.000 0.001 0.001 0.003 0.004 0.006 0.008 0.012 0.016 0.021 0.027 0.034 0.044 0.056 0.070 0.085
0.197 0.190 0.183 0.176 0.163 0.152 0.145 0.137 0.130 0.123 0.116 0.107 0.091 0.068 0.051 0.039 0.029 0.022 0.019 0.016 0.015 0.013 0.012 0.011 0.010 0.009 0.008 0.007 0.005 0.004 0.003 0.002 0.001 0.001 0.000 0.000 0.000 0.000 0.000 0.000 0.000 0.000 0.000 0.000 0.000 0.000 0.000 0.000 0.000 0.000 0.000 0.000 0.000 0.000 0.000 0.000 0.000 0.000 0.000 0.000 0.000 0.000 0.000 0.001 0.002 0.003 0.004 0.006 0.009 0.012 0.016 0.021 0.028 0.037 0.049 0.064 0.081
0.076 0.073 0.069 0.066 0.064 0.061 0.057 0.053 0.050 0.047 0.044 0.039 0.034 0.028 0.023 0.020 0.018 0.016 0.015 0.013 0.013 0.012 0.011 0.010 0.009 0.008 0.007 0.006 0.004 0.003 0.002 0.001 0.001 0.000 0.000 0.000 0.000 0.000 0.000 0.000 0.000 0.000 0.000 0.000 0.000 0.000 0.000 0.000 0.000 0.000 0.000 0.000 0.000 0.000 0.000 0.000 0.000 0.000 0.000 0.000 0.000 0.000 0.000 0.000 0.001 0.002 0.003 0.004 0.007 0.009 0.012 0.016 0.022 0.029 0.039 0.052 0.068
0.035 0.034 0.033 0.033 0.032 0.031 0.030 0.028 0.026 0.025 0.024 0.023 0.021 0.019 0.017 0.015 0.014 0.013 0.012 0.012 0.011 0.011 0.010 0.009 0.009 0.008 0.006 0.005 0.004 0.002 0.001 0.001 0.000 0.000 0.000 0.000 0.000 0.000 0.000 0.000 0.000 0.000 0.000 0.000 0.000 0.000 0.000 0.000 0.000 0.000 0.000 0.000 0.000 0.000 0.000 0.000 0.000 0.000 0.000 0.000 0.000 0.000 0.000 0.000 0.000 0.001 0.002 0.003 0.005 0.007 0.009 0.012 0.016 0.021 0.028 0.038 0.052
0.020 0.020 0.020 0.020 0.020 0.019 0.018 0.018 0.017 0.017 0.016 0.016 0.015 0.014 0.013 0.012 0.012 0.011 0.011 0.011 0.010 0.010 0.009 0.008 0.008 0.007 0.006 0.004 0.003 0.002 0.001 0.000 0.000 0.000 0.000 0.000 0.000 0.000 0.000 0.000 0.000 0.000 0.000 0.000 0.000 0.000 0.000 0.000 0.000 0.000 0.000 0.000 0.000 0.000 0.000 0.000 0.000 0.000 0.000 0.000 0.000 0.000 0.000 0.000 0.000 0.000 0.001 0.002 0.003 0.005 0.007 0.009 0.012 0.015 0.020 0.027 0.035
0.014 0.014 0.014 0.014 0.013 0.013 0.013 0.013 0.012 0.012 0.012 0.012 0.012 0.011 0.011 0.011 0.010 0.010 0.010 0.009 0.009 0.009 0.008 0.008 0.007 0.006 0.005 0.004 0.002 0.001 0.000 0.000 0.000 0.000 0.000 0.000 0.000 0.000 0.000 0.000 0.000 0.000 0.000 0.000 0.000 0.000 0.000 0.000 0.000 0.000 0.000 0.000 0.000 0.000 0.000 0.000 0.000 0.000 0.000 0.000 0.000 0.000 0.000 0.000 0.000 0.000 0.000 0.001 0.002 0.003 0.004 0.006 0.009 0.011 0.014 0.019 0.024
0.010 0.010 0.010 0.010 0.010 0.010 0.010 0.010 0.010 0.010 0.010 0.010 0.010 0.010 0.009 0.009 0.009 0.009 0.009 0.008 0.008 0.008 0.007 0.007 0.006 0.005 0.004 0.003 0.002 0.001 0.000 0.000 0.000 0.000 0.000 0.000 0.000 0.000 0.000 0.000 0.000 0.000 0.000 0.000 0.000 0.000 0.000 0.000 0.000 0.000 0.000 0.000 0.000 0.000 0.000 0.000 0.000 0.000 0.000 0.000 0.000 0.000 0.000 0.000 0.000 0.000 0.000 0.000 0.001 0.002 0.003 0.004 0.006 0.008 0.010 0.013 0.017
0.007 0.007 0.007 0.007 0.007 0.007 0.007 0.007 0.008 0.008 0.008 0.008 0.008 0.008 0.008 0.008 0.008 0.008 0.008 0.008 0.007 0.007 0.007 0.006 0.006 0.005 0.004 0.002 0.001 0.001 0.000 0.000 0.000 0.000 0.000 0.000 0.000 0.000 0.000 0.000 0.000 0.000 0.000 0.000 0.000 0.000 0.000 0.000 0.000 0.000 0.000 0.000 0.000 0.000 0.000 0.000 0.000 0.000 0.000 0.000 0.000 0.000 0.000 0.000 0.000 0.000 0.000 0.000 0.000 0.001 0.002 0.003 0.004 0.006 0.007 0.009 0.012
0.005 0.005 0.005 0.005 0.006 0.006 0.006 0.006 0.006 0.006 0.006 0.007 0.007 0.007 0.007 0.007 0.007 0.007 0.007 0.007 0.006 0.006 0.006 0.005 0.005 0.004 0.003 0.002 0.001 0.001 0.000 0.000 0.000 0.000 0.000 0.000 0.000 0.000 0.000 0.000 0.000 0.000 0.000 0.000 0.000 0.000 0.000 0.000 0.000 0.000 0.000 0.000 0.000 0.000 0.000 0.000 0.000 0.000 0.000 0.000 0.000 0.000 0.000 0.000 0.000 0.000 0.000 0.000 0.000 0.000 0.001 0.001 0.002 0.004 0.005 0.007 0.008
0.004 0.004 0.004 0.004 0.004 0.004 0.004 0.005 0.005 0.005 0.005 0.005 0.006 0.006 0.006 0.006 0.006 0.006 0.006 0.006 0.005 0.005 0.005 0.005 0.004 0.004 0.003 0.002 0.001 0.001 0.000 0.000 0.000 0.000 0.000 0.000 0.000 0.000 0.000 0.000 0.000 0.000 0.000 0.000 0.000 0.000 0.000 0.000 0.000 0.000 0.000 0.000 0.000 0.000 0.000 0.000 0.000 0.000 0.000 0.000 0.000 0.000 0.000 0.000 0.000 0.000 0.000 0.000 0.000 0.000 0.000 0.001 0.001 0.002 0.003 0.004 0.006
0.002 0.002 0.003 0.003 0.003 0.003 0.003 0.003 0.004 0.004 0.004 0.004 0.004 0.005 0.005 0.005 0.005 0.005 0.005 0.005 0.005 0.004 0.004 0.004 0.004 0.003 0.002 0.002 0.001 0.000 0.000 0.000 0.000 0.000 0.000 0.000 0.000 0.000 0.000 0.000 0.000 0.000 0.000 0.000 0.000 0.000 0.000 0.000 0.000 0.000 0.000 0.000 0.000 0.000 0.000 0.000 0.000 0.000 0.000 0.000 0.000 0.000 0.000 0.000 0.000 0.000 0.000 0.000 0.000 0.000 0.000 0.000 0.000 0.001 0.002 0.003 0.004
0.001 0.002 0.002 0.002 0.002 0.002 0.002 0.003 0.003 0.003 0.003 0.003 0.003 0.004 0.004 0.004 0.004 0.004 0.004 0.004 0.004 0.004 0.004 0.003 0.003 0.003 0.002 0.001 0.001 0.000 0.000 0.000 0.000 0.000 0.000 0.000 0.000 0.000 0.000 0.000 0.000 0.000 0.000 0.000 0.000 0.000 0.000 0.000 0.000 0.000 0.000 0.000 0.000 0.000 0.000 0.000 0.000 0.000 0.000 0.000 0.000 0.000 0.000 0.000 0.000 0.000 0.000 0.000 0.000 0.000 0.000 0.000 0.000 0.000 0.001 0.001 0.002
0.001 0.001 0.001 0.001 0.001 0.001 0.002 0.002 0.002 0.002 0.002 0.002 0.003 0.003 0.003 0.003 0.003 0.003 0.003 0.003 0.003 0.003 0.003 0.003 0.003 0.003 0.002 0.001 0.001 0.000 0.000 0.000 0.000 0.000 0.000 0.000 0.000 0.000 0.000 0.000 0.000 0.000 0.000 0.000 0.000 0.000 0.000 0.000 0.000 0.000 0.000 0.000 0.000 0.000 0.000 0.000 0.000 0.000 0.000 0.000 0.000 0.000 0.000 0.000 0.000 0.000 0.000 0.000 0.000 0.000 0.000 0.000 0.000 0.000 0.000 0.001 0.001
0.000 0.000 0.000 0.000 0.001 0.001 0.001 0.001 0.001 0.001 0.002 0.002 0.002 0.002 0.002 0.002 0.002 0.003 0.003 0.003 0.003 0.003 0.003 0.003 0.003 0.002 0.002 0.001 0.001 0.000 0.000 0.000 0.000 0.000 0.000 0.000 0.000 0.000 0.000 0.000 0.000 0.000 0.000 0.000 0.000 0.000 0.000 0.000 0.000 0.000 0.000 0.000 0.000 0.000 0.000 0.000 0.000 0.000 0.000 0.000 0.000 0.000 0.000 0.000 0.000 0.000 0.000 0.000 0.000 0.000 0.000 0.000 0.000 0.000 0.000 0.000 0.000
0.000 0.000 0.000 0.000 0.000 0.000 0.000 0.001 0.001 0.001 0.001 0.001 0.001 0.002 0.002 0.002 0.002 0.002 0.002 0.003 0.003 0.003 0.003 0.002 0.002 0.002 0.002 0.001 0.001 0.000 0.000 0.000 0.000 0.000 0.000 0.000 0.000 0.000 0.000 0.000 0.000 0.000 0.000 0.000 0.000 0.000 0.000 0.000 0.000 0.000 0.000 0.000 0.000 0.000 0.000 0.000 0.000 0.000 0.000 0.000 0.000 0.000 0.000 0.000 0.000 0.000 0.000 0.000 0.000 0.000 0.000 0.000 0.000 0.000 0.000 0.000 0.000
0.000 0.000 0.000 0.000 0.000 0.000 0.000 0.000 0.000 0.001 0.001 0.001 0.001 0.001 0.001 0.001 0.002 0.002 0.002 0.002 0.002 0.002 0.002 0.002 0.002 0.002 0.001 0.001 0.000 0.000 0.000 0.000 0.000 0.000 0.000 0.000 0.000 0.000 0.000 0.000 0.000 0.000 0.000 0.000 0.000 0.000 0.000 0.000 0.000 0.000 0.000 0.000 0.000 0.000 0.000 0.000 0.000 0.000 0.000 0.000 0.000 0.000 0.000 0.000 0.000 0.000 0.000 0.000 0.000 0.000 0.000 0.000 0.000 0.000 0.000 0.000 0.000
