RESULTS/r.avaflow_results/21_results/21_ascii/21_hflow10026.asc
ncols 506
nrows 317
xllcenter 498237.50
yllcenter 5580050.00
cellsize 12.50
NODATA_value -9999.000
[rows 170 to 203 of 317, columns 77 to 153 of 506]
0.000 0.000 0.000 0.000 0.000 0.000 0.000 0.000 0.000 0.000 0.000 0.000 0.000 0.000 0.000 0.000 0.000 0.000 0.000 0.000 0.000 0.001 0.003 0.006 0.012 0.016 0.018 0.019 0.019 0.019 0.019 0.018 0.017 0.015 0.013 0.012 0.010 0.009 0.007 0.005 0.004 0.004 0.003 0.003 0.004 0.005 0.009 0.015 0.028 0.053 0.108 0.221 0.421 0.711 0.987 1.185 1.356 1.537 1.698 1.796 1.828 1.816 1.757 1.642 1.477 1.272 1.062 0.883 0.733 0.605 0.498 0.409 0.336 0.276 0.227 0.186 0.153
0.000 0.000 0.000 0.000 0.000 0.000 0.000 0.000 0.000 0.000 0.000 0.000 0.000 0.000 0.000 0.000 0.000 0.000 0.000 0.000 0.001 0.003 0.007 0.013 0.020 0.024 0.026 0.027 0.027 0.027 0.027 0.026 0.024 0.022 0.019 0.017 0.015 0.013 0.010 0.008 0.007 0.006 0.005 0.006 0.007 0.011 0.019 0.036 0.071 0.145 0.290 0.539 0.868 1.164 1.346 1.474 1.598 1.730 1.828 1.871 1.871 1.841 1.766 1.644 1.478 1.271 1.060 0.883 0.736 0.614 0.512 0.428 0.358 0.300 0.251 0.210 0.175
0.000 0.000 0.000 0.000 0.000 0.000 0.000 0.000 0.000 0.000 0.000 0.000 0.000 0.000 0.000 0.000 0.000 0.000 0.000 0.001 0.003 0.007 0.014 0.022 0.029 0.033 0.035 0.036 0.036 0.036 0.036 0.035 0.033 0.029 0.025 0.022 0.020 0.017 0.014 0.011 0.009 0.008 0.008 0.009 0.013 0.024 0.046 0.092 0.188 0.369 0.665 1.008 1.282 1.432 1.515 1.589 1.685 1.790 1.855 1.875 1.868 1.832 1.755 1.634 1.469 1.264 1.056 0.881 0.737 0.620 0.524 0.445 0.379 0.322 0.275 0.234 0.198
0.000 0.000 0.000 0.000 0.000 0.000 0.000 0.000 0.000 0.000 0.000 0.000 0.000 0.000 0.000 0.000 0.000 0.000 0.001 0.003 0.006 0.013 0.022 0.031 0.038 0.042 0.045 0.046 0.046 0.046 0.046 0.044 0.041 0.036 0.030 0.026 0.023 0.020 0.018 0.015 0.013 0.012 0.013 0.016 0.027 0.055 0.113 0.230 0.444 0.779 1.131 1.381 1.507 1.553 1.578 1.619 1.698 1.790 1.839 1.848 1.838 1.802 1.727 1.609 1.449 1.249 1.046 0.875 0.736 0.622 0.531 0.456 0.393 0.340 0.295 0.255 0.220
0.000 0.000 0.000 0.000 0.000 0.000 0.000 0.000 0.000 0.000 0.000 0.000 0.000 0.000 0.000 0.000 0.000 0.000 0.001 0.005 0.010 0.017 0.028 0.038 0.045 0.050 0.053 0.054 0.055 0.055 0.054 0.052 0.049 0.043 0.035 0.029 0.025 0.022 0.020 0.018 0.017 0.017 0.020 0.030 0.058 0.126 0.262 0.498 0.844 1.192 1.431 1.552 1.584 1.587 1.593 1.620 1.687 1.764 1.797 1.799 1.787 1.751 1.679 1.567 1.415 1.225 1.030 0.867 0.732 0.622 0.533 0.461 0.403 0.353 0.310 0.273 0.239
0.000 0.000 0.000 0.000 0.000 0.000 0.000 0.000 0.000 0.000 0.000 0.000 0.000 0.000 0.000 0.000 0.000 0.000 0.002 0.006 0.012 0.021 0.032 0.043 0.051 0.056 0.059 0.061 0.061 0.061 0.061 0.059 0.054 0.048 0.038 0.030 0.025 0.022 0.021 0.020 0.021 0.023 0.032 0.058 0.126 0.271 0.522 0.856 1.183 1.415 1.543 1.587 1.591 1.589 1.592 1.607 1.648 1.709 1.736 1.736 1.720 1.682 1.613 1.508 1.366 1.189 1.006 0.852 0.724 0.619 0.532 0.462 0.407 0.361 0.321 0.286 0.255
0.000 0.000 0.000 0.000 0.000 0.000 0.000 0.000 0.000 0.000 0.000 0.000 0.000 0.000 0.000 0.000 0.000 0.000 0.002 0.007 0.014 0.024 0.036 0.047 0.055 0.061 0.064 0.066 0.067 0.067 0.066 0.063 0.059 0.051 0.041 0.031 0.026 0.023 0.022 0.022 0.024 0.030 0.051 0.110 0.250 0.505 0.832 1.129 1.348 1.487 1.555 1.577 1.580 1.579 1.577 1.576 1.587 1.628 1.659 1.661 1.643 1.603 1.533 1.433 1.301 1.139 0.972 0.829 0.709 0.609 0.527 0.460 0.407 0.364 0.327 0.296 0.267
0.000 0.000 0.000 0.000 0.000 0.000 0.000 0.000 0.000 0.000 0.000 0.000 0.000 0.000 0.000 0.000 0.000 0.000 0.002 0.008 0.016 0.027 0.040 0.051 0.059 0.065 0.068 0.070 0.071 0.070 0.070 0.067 0.062 0.054 0.043 0.032 0.026 0.022 0.022 0.022 0.026 0.041 0.083 0.196 0.427 0.755 1.048 1.255 1.396 1.486 1.531 1.546 1.548 1.548 1.541 1.525 1.516 1.534 1.567 1.572 1.554 1.511 1.440 1.342 1.219 1.071 0.921 0.792 0.683 0.592 0.516 0.454 0.404 0.363 0.330 0.302 0.276
0.000 0.000 0.000 0.000 0.000 0.000 0.000 0.000 0.000 0.000 0.000 0.000 0.000 0.000 0.000 0.000 0.000 0.000 0.003 0.008 0.017 0.029 0.043 0.054 0.062 0.068 0.071 0.073 0.073 0.073 0.072 0.070 0.065 0.057 0.045 0.033 0.025 0.022 0.021 0.022 0.027 0.049 0.117 0.285 0.583 0.915 1.144 1.289 1.389 1.452 1.483 1.494 1.496 1.493 1.483 1.458 1.438 1.441 1.463 1.468 1.449 1.403 1.331 1.234 1.117 0.984 0.855 0.743 0.647 0.566 0.498 0.443 0.398 0.361 0.331 0.306 0.283
0.000 0.000 0.000 0.000 0.000 0.000 0.000 0.000 0.000 0.000 0.000 0.000 0.000 0.000 0.000 0.000 0.000 0.000 0.003 0.008 0.017 0.030 0.045 0.057 0.065 0.070 0.073 0.075 0.075 0.075 0.074 0.071 0.066 0.058 0.046 0.033 0.025 0.021 0.020 0.021 0.027 0.053 0.136 0.341 0.682 0.987 1.169 1.279 1.349 1.392 1.413 1.421 1.421 1.418 1.405 1.378 1.352 1.346 1.351 1.346 1.322 1.273 1.199 1.105 0.995 0.879 0.774 0.681 0.600 0.531 0.474 0.427 0.389 0.357 0.330 0.308 0.288
0.000 0.000 0.000 0.000 0.000 0.000 0.000 0.000 0.000 0.000 0.000 0.000 0.000 0.000 0.000 0.000 0.000 0.000 0.002 0.008 0.017 0.030 0.047 0.059 0.067 0.072 0.074 0.076 0.076 0.076 0.075 0.072 0.067 0.059 0.047 0.033 0.024 0.020 0.019 0.020 0.026 0.053 0.141 0.364 0.726 1.007 1.155 1.234 1.280 1.307 1.321 1.326 1.326 1.322 1.310 1.286 1.258 1.241 1.228 1.210 1.174 1.119 1.044 0.953 0.853 0.760 0.679 0.608 0.544 0.490 0.444 0.407 0.376 0.350 0.328 0.308 0.290
0.000 0.000 0.000 0.000 0.000 0.000 0.000 0.000 0.000 0.000 0.000 0.000 0.000 0.000 0.000 0.000 0.000 0.000 0.002 0.007 0.015 0.029 0.047 0.060 0.068 0.072 0.075 0.076 0.076 0.076 0.075 0.072 0.067 0.060 0.048 0.034 0.024 0.018 0.017 0.017 0.024 0.050 0.138 0.364 0.732 0.994 1.108 1.157 1.184 1.199 1.206 1.210 1.210 1.207 1.198 1.179 1.152 1.124 1.096 1.061 1.015 0.955 0.883 0.800 0.718 0.645 0.583 0.529 0.483 0.444 0.411 0.384 0.361 0.341 0.323 0.306 0.291
0.000 0.000 0.000 0.000 0.000 0.000 0.000 0.000 0.000 0.000 0.000 0.000 0.000 0.000 0.000 0.000 0.000 0.000 0.001 0.004 0.011 0.025 0.045 0.061 0.069 0.073 0.075 0.076 0.076 0.076 0.075 0.072 0.067 0.060 0.049 0.035 0.024 0.017 0.015 0.015 0.021 0.044 0.125 0.340 0.697 0.941 1.028 1.051 1.061 1.066 1.068 1.071 1.074 1.073 1.068 1.054 1.031 0.998 0.959 0.917 0.867 0.809 0.743 0.671 0.603 0.546 0.497 0.456 0.423 0.396 0.375 0.358 0.343 0.329 0.316 0.303 0.290
0.000 0.000 0.000 0.000 0.000 0.000 0.000 0.000 0.000 0.000 0.000 0.000 0.000 0.000 0.000 0.000 0.000 0.000 0.000 0.002 0.007 0.018 0.038 0.059 0.069 0.073 0.075 0.076 0.076 0.076 0.075 0.072 0.067 0.060 0.050 0.036 0.025 0.017 0.014 0.013 0.017 0.034 0.098 0.275 0.589 0.822 0.906 0.916 0.912 0.905 0.903 0.907 0.914 0.921 0.920 0.912 0.894 0.863 0.824 0.781 0.733 0.682 0.624 0.563 0.507 0.460 0.421 0.389 0.365 0.348 0.336 0.328 0.321 0.314 0.306 0.298 0.288
0.000 0.000 0.000 0.000 0.000 0.000 0.000 0.000 0.000 0.000 0.000 0.000 0.000 0.000 0.000 0.000 0.000 0.000 0.000 0.001 0.003 0.010 0.028 0.052 0.067 0.073 0.074 0.075 0.075 0.075 0.074 0.071 0.067 0.060 0.050 0.038 0.026 0.018 0.014 0.013 0.014 0.022 0.058 0.169 0.401 0.626 0.728 0.747 0.738 0.718 0.704 0.705 0.715 0.734 0.750 0.753 0.744 0.722 0.690 0.652 0.612 0.568 0.521 0.471 0.425 0.385 0.353 0.328 0.310 0.299 0.294 0.292 0.292 0.294 0.293 0.290 0.285
0.000 0.000 0.000 0.000 0.000 0.000 0.000 0.000 0.000 0.000 0.000 0.000 0.000 0.000 0.000 0.000 0.000 0.000 0.000 0.001 0.001 0.005 0.017 0.040 0.061 0.070 0.073 0.073 0.073 0.073 0.072 0.069 0.065 0.059 0.050 0.039 0.027 0.019 0.014 0.013 0.013 0.016 0.032 0.085 0.217 0.393 0.500 0.536 0.535 0.516 0.487 0.470 0.471 0.490 0.528 0.566 0.580 0.573 0.555 0.529 0.498 0.465 0.428 0.389 0.351 0.318 0.291 0.269 0.255 0.248 0.245 0.246 0.250 0.259 0.269 0.274 0.274
0.000 0.000 0.000 0.000 0.000 0.000 0.000 0.000 0.000 0.000 0.000 0.000 0.000 0.000 0.000 0.000 0.000 0.000 0.000 0.000 0.001 0.002 0.008 0.025 0.049 0.064 0.069 0.070 0.070 0.070 0.069 0.067 0.063 0.058 0.050 0.039 0.029 0.021 0.016 0.013 0.013 0.014 0.020 0.044 0.108 0.222 0.309 0.346 0.352 0.343 0.316 0.286 0.275 0.280 0.306 0.355 0.399 0.417 0.417 0.406 0.388 0.366 0.340 0.311 0.282 0.255 0.232 0.214 0.201 0.192 0.188 0.186 0.189 0.200 0.219 0.230 0.233
0.000 0.000 0.000 0.000 0.000 0.000 0.000 0.000 0.000 0.000 0.000 0.000 0.000 0.000 0.000 0.000 0.000 0.000 0.000 0.000 0.000 0.001 0.004 0.012 0.031 0.051 0.062 0.064 0.065 0.065 0.064 0.063 0.060 0.055 0.049 0.039 0.029 0.022 0.017 0.014 0.013 0.013 0.016 0.026 0.056 0.118 0.179 0.211 0.220 0.216 0.199 0.170 0.152 0.149 0.160 0.192 0.238 0.270 0.283 0.285 0.279 0.268 0.253 0.236 0.214 0.192 0.174 0.159 0.147 0.135 0.125 0.117 0.114 0.119 0.132 0.141 0.141
0.000 0.000 0.000 0.000 0.000 0.000 0.000 0.000 0.000 0.000 0.000 0.000 0.000 0.000 0.000 0.000 0.000 0.000 0.000 0.000 0.000 0.001 0.001 0.005 0.015 0.033 0.049 0.056 0.058 0.059 0.059 0.058 0.055 0.052 0.046 0.038 0.029 0.023 0.018 0.015 0.014 0.013 0.014 0.019 0.033 0.065 0.103 0.127 0.136 0.136 0.128 0.108 0.089 0.081 0.082 0.094 0.123 0.152 0.169 0.175 0.175 0.173 0.167 0.158 0.144 0.128 0.115 0.105 0.096 0.086 0.074 0.065 0.059 0.058 0.059 0.059 0.057
0.000 0.000 0.000 0.000 0.000 0.000 0.000 0.000 0.000 0.000 0.000 0.000 0.000 0.000 0.000 0.000 0.000 0.000 0.000 0.000 0.000 0.000 0.001 0.002 0.006 0.017 0.032 0.044 0.050 0.051 0.051 0.051 0.050 0.047 0.042 0.036 0.029 0.023 0.018 0.016 0.014 0.014 0.014 0.016 0.023 0.040 0.064 0.081 0.088 0.090 0.087 0.076 0.061 0.051 0.047 0.049 0.059 0.075 0.087 0.093 0.095 0.095 0.093 0.089 0.081 0.072 0.065 0.060 0.054 0.047 0.039 0.032 0.028 0.025 0.024 0.022 0.021
0.000 0.000 0.000 0.000 0.000 0.000 0.000 0.000 0.000 0.000 0.000 0.000 0.000 0.000 0.000 0.000 0.000 0.000 0.000 0.000 0.000 0.000 0.001 0.001 0.002 0.007 0.016 0.027 0.037 0.042 0.043 0.043 0.043 0.041 0.038 0.033 0.027 0.022 0.018 0.016 0.014 0.014 0.014 0.015 0.019 0.028 0.044 0.056 0.062 0.063 0.062 0.057 0.047 0.037 0.031 0.030 0.031 0.036 0.041 0.043 0.044 0.044 0.044 0.042 0.039 0.034 0.031 0.029 0.026 0.023 0.018 0.015 0.013 0.011 0.010 0.009 0.008
0.000 0.000 0.000 0.000 0.000 0.000 0.000 0.000 0.000 0.000 0.000 0.000 0.000 0.000 0.000 0.000 0.000 0.000 0.000 0.000 0.000 0.000 0.000 0.001 0.001 0.002 0.006 0.013 0.022 0.029 0.034 0.035 0.035 0.034 0.032 0.029 0.025 0.020 0.017 0.015 0.014 0.013 0.013 0.014 0.016 0.022 0.032 0.041 0.045 0.046 0.045 0.042 0.036 0.029 0.023 0.020 0.019 0.020 0.020 0.020 0.020 0.020 0.019 0.018 0.017 0.015 0.014 0.013 0.012 0.010 0.009 0.007 0.006 0.005 0.005 0.004 0.004
0.000 0.000 0.000 0.000 0.000 0.000 0.000 0.000 0.000 0.000 0.000 0.000 0.000 0.000 0.000 0.000 0.000 0.000 0.000 0.000 0.000 0.000 0.000 0.000 0.001 0.001 0.002 0.005 0.010 0.016 0.022 0.025 0.026 0.026 0.025 0.023 0.021 0.018 0.016 0.014 0.013 0.013 0.012 0.013 0.014 0.017 0.023 0.030 0.033 0.033 0.033 0.031 0.028 0.022 0.018 0.015 0.013 0.012 0.012 0.011 0.011 0.010 0.009 0.009 0.008 0.007 0.007 0.006 0.006 0.005 0.004 0.004 0.003 0.003 0.003 0.002 0.002
0.000 0.000 0.000 0.000 0.000 0.000 0.000 0.000 0.000 0.000 0.000 0.000 0.000 0.000 0.000 0.000 0.000 0.000 0.000 0.000 0.000 0.000 0.000 0.000 0.001 0.001 0.001 0.002 0.004 0.007 0.012 0.016 0.018 0.019 0.018 0.018 0.016 0.015 0.014 0.012 0.012 0.011 0.011 0.011 0.011 0.013 0.016 0.021 0.023 0.024 0.024 0.023 0.021 0.017 0.013 0.011 0.010 0.008 0.008 0.007 0.006 0.006 0.005 0.005 0.005 0.004 0.004 0.003 0.003 0.003 0.002 0.002 0.002 0.002 0.002 0.001 0.001
0.000 0.000 0.000 0.000 0.000 0.000 0.000 0.000 0.000 0.000 0.000 0.000 0.000 0.000 0.000 0.000 0.000 0.000 0.000 0.000 0.000 0.001 0.001 0.001 0.001 0.001 0.001 0.001 0.001 0.003 0.005 0.009 0.011 0.013 0.013 0.012 0.012 0.011 0.010 0.010 0.009 0.009 0.008 0.008 0.008 0.009 0.011 0.013 0.015 0.016 0.016 0.016 0.014 0.012 0.009 0.008 0.007 0.006 0.005 0.004 0.004 0.004 0.003 0.003 0.003 0.003 0.002 0.002 0.002 0.002 0.001 0.001 0.001 0.001 0.001 0.001 0.001
0.000 0.000 0.000 0.000 0.000 0.000 0.000 0.000 0.000 0.000 0.000 0.000 0.000 0.000 0.000 0.000 0.000 0.000 0.000 0.000 0.001 0.001 0.001 0.001 0.001 0.001 0.001 0.001 0.001 0.001 0.002 0.004 0.006 0.007 0.008 0.008 0.008 0.007 0.007 0.007 0.006 0.006 0.005 0.005 0.005 0.005 0.006 0.007 0.009 0.009 0.010 0.010 0.009 0.008 0.006 0.005 0.004 0.004 0.003 0.003 0.003 0.002 0.002 0.002 0.002 0.002 0.001 0.001 0.001 0.001 0.001 0.001 0.001 0.001 0.001 0.001 0.001
0.000 0.000 0.000 0.000 0.000 0.000 0.000 0.000 0.000 0.000 0.000 0.000 0.000 0.000 0.000 0.000 0.000 0.000 0.000 0.000 0.001 0.001 0.001 0.001 0.001 0.001 0.001 0.001 0.001 0.001 0.001 0.001 0.003 0.004 0.004 0.004 0.004 0.004 0.004 0.004 0.004 0.003 0.003 0.002 0.002 0.002 0.003 0.003 0.004 0.005 0.005 0.005 0.005 0.004 0.004 0.003 0.003 0.002 0.002 0.002 0.002 0.002 0.001 0.001 0.001 0.001 0.001 0.001 0.001 0.001 0.001 0.001 0.001 0.001 0.001 0.001 0.001
0.000 0.000 0.000 0.000 0.000 0.000 0.000 0.000 0.000 0.000 0.000 0.000 0.000 0.000 0.000 0.000 0.000 0.000 0.000 0.001 0.001 0.001 0.001 0.001 0.001 0.001 0.001 0.001 0.001 0.001 0.001 0.001 0.001 0.001 0.002 0.002 0.002 0.002 0.002 0.002 0.002 0.001 0.001 0.001 0.001 0.001 0.001 0.001 0.002 0.002 0.002 0.002 0.002 0.002 0.002 0.002 0.002 0.001 0.001 0.001 0.001 0.001 0.001 0.001 0.001 0.001 0.001 0.001 0.001 0.001 0.001 0.001 0.001 0.001 0.001 0.001 0.001
0.000 0.000 0.000 0.000 0.000 0.000 0.000 0.000 0.000 0.000 0.000 0.000 0.000 0.000 0.000 0.000 0.000 0.001 0.001 0.001 0.001 0.001 0.001 0.001 0.001 0.001 0.001 0.001 0.001 0.001 0.001 0.001 0.001 0.001 0.001 0.001 0.001 0.001 0.001 0.001 0.001 0.001 0.001 0.001 0.001 0.001 0.001 0.001 0.001 0.001 0.001 0.001 0.001 0.001 0.001 0.001 0.001 0.001 0.001 0.001 0.001 0.001 0.001 0.001 0.001 0.001 0.001 0.001 0.001 0.001 0.001 0.001 0.001 0.001 0.001 0.001 0.001
0.000 0.000 0.000 0.000 0.000 0.000 0.000 0.000 0.000 0.000 0.000 0.000 0.000 0.000 0.000 0.000 0.000 0.001 0.001 0.001 0.001 0.001 0.001 0.001 0.001 0.001 0.001 0.001 0.001 0.001 0.001 0.001 0.001 0.001 0.001 0.001 0.001 0.001 0.001 0.001 0.001 0.001 0.001 0.001 0.001 0.001 0.001 0.001 0.001 0.001 0.001 0.001 0.001 0.001 0.001 0.001 0.001 0.001 0.001 0.001 0.001 0.001 0.001 0.001 0.001 0.001 0.001 0.001 0.001 0.001 0.001 0.001 0.001 0.001 0.000 0.000 0.000
0.000 0.000 0.000 0.000 0.001 0.000 0.000 0.000 0.000 0.000 0.000 0.000 0.000 0.000 0.000 0.000 0.000 0.001 0.001 0.001 0.001 0.001 0.001 0.001 0.001 0.001 0.001 0.001 0.001 0.001 0.001 0.001 0.001 0.001 0.001 0.001 0.001 0.001 0.001 0.001 0.001 0.001 0.001 0.001 0.001 0.001 0.000 0.000 0.000 0.000 0.000 0.000 0.000 0.000 0.000 0.000 0.000 0.000 0.001 0.001 0.001 0.001 0.001 0.001 0.001 0.001 0.001 0.001 0.001 0.001 0.001 0.001 0.000 0.000 0.000 0.000 0.000
0.000 0.000 0.000 0.000 0.000 0.000 0.000 0.000 0.000 0.000 0.000 0.000 0.000 0.000 0.000 0.000 0.001 0.001 0.001 0.001 0.001 0.001 0.001 0.001 0.001 0.001 0.001 0.001 0.001 0.001 0.001 0.001 0.001 0.001 0.001 0.000 0.001 0.001 0.001 0.001 0.001 0.001 0.001 0.001 0.001 0.001 0.000 0.000 0.000 0.000 0.000 0.000 0.000 0.000 0.000 0.000 0.000 0.000 0.001 0.001 0.001 0.001 0.001 0.001 0.001 0.001 0.001 0.001 0.001 0.001 0.001 0.001 0.000 0.000 0.000 0.000 0.000
0.000 0.000 0.000 0.000 0.000 0.000 0.000 0.000 0.000 0.000 0.000 0.000 0.000 0.000 0.000 0.000 0.001 0.001 0.001 0.001 0.001 0.001 0.001 0.001 0.001 0.001 0.001 0.001 0.001 0.001 0.001 0.001 0.001 0.001 0.000 0.000 0.000 0.000 0.001 0.001 0.001 0.001 0.001 0.001 0.001 0.001 0.001 0.000 0.000 0.000 0.000 0.000 0.000 0.000 0.000 0.000 0.000 0.000 0.000 0.001 0.001 0.001 0.001 0.001 0.001 0.001 0.001 0.001 0.001 0.001 0.001 0.001 0.001 0.000 0.000 0.000 0.000
0.000 0.000 0.000 0.000 0.000 0.000 0.000 0.000 0.000 0.000 0.000 0.000 0.000 0.000 0.000 0.001 0.001 0.001 0.001 0.001 0.001 0.001 0.001 0.001 0.001 0.001 0.001 0.001 0.001 0.001 0.001 0.001 0.001 0.001 0.001 0.000 0.000 0.000 0.000 0.001 0.001 0.001 0.001 0.001 0.001 0.001 0.001 0.001 0.000 0.000 0.000 0.000 0.000 0.000 0.000 0.000 0.000 0.000 0.000 0.000 0.001 0.001 0.001 0.001 0.001 0.001 0.001 0.001 0.001 0.001 0.001 0.000 0.000 0.000 0.000 0.000 0.000
