RESULTS/r.avaflow_results/21_results/21_ascii/21_hflow30033.asc
ncols 506
nrows 317
xllcenter 498237.50
yllcenter 5580050.00
cellsize 12.50
NODATA_value -9999.000
[rows 170 to 203 of 317, columns 154 to 230 of 506]
8.309 8.121 7.933 7.743 7.533 7.307 7.088 6.894 6.723 6.564 6.416 6.268 6.102 5.866 5.495 4.964 4.295 3.539 2.791 2.113 1.523 1.044 0.694 0.468 0.333 0.257 0.220 0.207 0.206 0.214 0.235 0.257 0.270 0.276 0.281 0.288 0.300 0.310 0.312 0.307 0.298 0.292 0.290 0.288 0.282 0.269 0.246 0.216 0.189 0.163 0.141 0.122 0.108 0.098 0.093 0.091 0.092 0.096 0.101 0.106 0.111 0.115 0.117 0.117 0.117 0.118 0.120 0.128 0.148 0.188 0.246 0.287 0.303 0.297 0.247 0.156 0.084
11.705 11.865 11.902 11.868 11.755 11.545 11.266 10.968 10.680 10.402 10.137 9.880 9.615 9.292 8.823 8.147 7.265 6.217 5.090 4.002 3.004 2.135 1.442 0.951 0.644 0.464 0.365 0.320 0.308 0.313 0.327 0.333 0.330 0.322 0.315 0.312 0.314 0.316 0.314 0.305 0.291 0.281 0.273 0.266 0.254 0.231 0.193 0.149 0.114 0.093 0.079 0.071 0.066 0.063 0.063 0.064 0.068 0.073 0.078 0.082 0.083 0.084 0.084 0.083 0.082 0.083 0.084 0.090 0.103 0.127 0.166 0.198 0.215 0.220 0.205 0.148 0.080
15.201 15.723 15.917 15.920 15.798 15.539 15.194 14.826 14.476 14.135 13.808 13.498 13.190 12.849 12.389 11.700 10.727 9.503 8.112 6.676 5.280 3.972 2.824 1.917 1.280 0.873 0.628 0.494 0.430 0.400 0.379 0.363 0.346 0.331 0.318 0.311 0.307 0.303 0.296 0.279 0.254 0.235 0.219 0.202 0.181 0.150 0.112 0.082 0.064 0.053 0.048 0.045 0.043 0.043 0.044 0.046 0.051 0.056 0.060 0.062 0.062 0.062 0.061 0.060 0.059 0.059 0.060 0.063 0.070 0.083 0.105 0.124 0.135 0.138 0.136 0.112 0.064
17.755 18.603 18.984 19.049 18.959 18.737 18.438 18.118 17.794 17.454 17.098 16.751 16.417 16.066 15.625 14.970 14.037 12.839 11.447 9.917 8.299 6.636 4.990 3.550 2.424 1.619 1.088 0.765 0.576 0.464 0.398 0.362 0.339 0.319 0.301 0.287 0.276 0.264 0.246 0.216 0.180 0.152 0.132 0.115 0.098 0.078 0.059 0.046 0.038 0.034 0.031 0.030 0.030 0.030 0.032 0.034 0.039 0.043 0.045 0.046 0.046 0.046 0.045 0.043 0.042 0.042 0.042 0.043 0.047 0.053 0.063 0.072 0.077 0.077 0.074 0.061 0.035
19.148 20.233 20.864 21.134 21.208 21.156 21.033 20.868 20.658 20.377 20.017 19.621 19.248 18.868 18.424 17.795 16.903 15.753 14.399 12.902 11.285 9.534 7.624 5.663 3.954 2.614 1.661 1.054 0.699 0.501 0.397 0.342 0.307 0.280 0.254 0.232 0.211 0.190 0.164 0.131 0.103 0.085 0.072 0.062 0.053 0.043 0.035 0.029 0.025 0.023 0.022 0.022 0.022 0.023 0.024 0.026 0.029 0.032 0.033 0.034 0.034 0.033 0.033 0.031 0.030 0.029 0.029 0.029 0.030 0.032 0.036 0.040 0.041 0.040 0.037 0.028 0.016
19.495 20.694 21.550 22.117 22.483 22.706 22.820 22.832 22.761 22.568 22.222 21.760 21.334 20.931 20.490 19.905 19.098 18.043 16.745 15.229 13.528 11.648 9.552 7.201 5.021 3.276 2.016 1.216 0.760 0.512 0.378 0.301 0.249 0.208 0.174 0.148 0.129 0.113 0.095 0.076 0.060 0.050 0.043 0.037 0.032 0.027 0.023 0.020 0.018 0.017 0.017 0.017 0.017 0.017 0.018 0.019 0.022 0.023 0.024 0.024 0.024 0.024 0.023 0.023 0.021 0.020 0.020 0.019 0.019 0.019 0.020 0.021 0.021 0.020 0.017 0.012 0.006
19.285 20.546 21.531 22.284 22.892 23.371 23.674 23.802 23.814 23.701 23.379 22.858 22.390 21.999 21.584 21.050 20.333 19.392 18.179 16.666 14.877 12.848 10.564 7.965 5.498 3.539 2.137 1.261 0.769 0.498 0.342 0.244 0.177 0.131 0.102 0.085 0.075 0.066 0.056 0.046 0.038 0.032 0.028 0.024 0.021 0.018 0.016 0.015 0.014 0.013 0.013 0.013 0.013 0.013 0.013 0.014 0.016 0.017 0.017 0.017 0.017 0.017 0.016 0.016 0.015 0.014 0.013 0.012 0.012 0.011 0.011 0.011 0.010 0.009 0.007 0.005 0.002
18.542 19.926 21.107 22.071 22.846 23.427 23.786 23.944 23.976 23.900 23.596 23.051 22.566 22.197 21.807 21.298 20.624 19.753 18.618 17.140 15.314 13.191 10.797 8.089 5.540 3.527 2.102 1.223 0.728 0.448 0.281 0.178 0.115 0.080 0.061 0.051 0.045 0.040 0.035 0.029 0.025 0.022 0.019 0.017 0.015 0.013 0.012 0.011 0.010 0.010 0.009 0.009 0.009 0.009 0.010 0.010 0.011 0.011 0.012 0.012 0.012 0.011 0.011 0.011 0.010 0.009 0.008 0.007 0.007 0.006 0.006 0.005 0.005 0.004 0.003 0.002 0.001
17.360 18.888 20.259 21.438 22.383 23.046 23.418 23.564 23.586 23.503 23.210 22.693 22.195 21.803 21.392 20.872 20.217 19.396 18.324 16.891 15.074 12.916 10.441 7.675 5.169 3.214 1.861 1.048 0.596 0.341 0.194 0.112 0.070 0.049 0.038 0.032 0.028 0.025 0.023 0.020 0.018 0.016 0.014 0.013 0.011 0.010 0.009 0.008 0.007 0.007 0.007 0.006 0.006 0.006 0.006 0.007 0.007 0.007 0.007 0.007 0.007 0.007 0.007 0.007 0.006 0.005 0.004 0.004 0.003 0.003 0.003 0.002 0.002 0.001 0.001 0.000 0.000
15.916 17.540 19.015 20.304 21.340 22.061 22.459 22.590 22.569 22.412 22.114 21.707 21.237 20.732 20.182 19.583 18.912 18.123 17.108 15.720 13.896 11.671 9.105 6.437 4.165 2.459 1.333 0.693 0.361 0.192 0.106 0.064 0.042 0.031 0.025 0.022 0.019 0.018 0.016 0.014 0.013 0.012 0.010 0.009 0.008 0.007 0.006 0.006 0.005 0.005 0.004 0.004 0.004 0.004 0.004 0.004 0.004 0.004 0.004 0.004 0.004 0.004 0.004 0.004 0.003 0.003 0.002 0.002 0.002 0.001 0.001 0.001 0.001 0.000 0.000 0.000 0.000
14.245 15.865 17.346 18.665 19.763 20.569 21.037 21.175 21.099 20.851 20.570 20.313 19.910 19.252 18.470 17.734 16.992 16.156 15.075 13.588 11.624 9.223 6.643 4.317 2.547 1.357 0.667 0.322 0.163 0.090 0.055 0.037 0.027 0.021 0.018 0.016 0.014 0.013 0.012 0.011 0.009 0.008 0.008 0.007 0.006 0.005 0.004 0.004 0.003 0.003 0.002 0.002 0.002 0.002 0.002 0.002 0.002 0.002 0.002 0.002 0.002 0.002 0.002 0.002 0.002 0.001 0.001 0.001 0.000 0.000 0.000 0.000 0.000 0.000 0.000 0.000 0.000
12.327 13.847 15.291 16.663 17.895 18.875 19.492 19.716 19.670 19.445 19.177 18.910 18.460 17.679 16.721 15.834 14.947 13.905 12.511 10.647 8.254 5.731 3.614 2.112 1.142 0.572 0.272 0.132 0.072 0.045 0.031 0.023 0.018 0.015 0.013 0.012 0.011 0.010 0.009 0.008 0.007 0.006 0.005 0.004 0.004 0.003 0.003 0.002 0.002 0.001 0.001 0.001 0.001 0.001 0.001 0.001 0.001 0.001 0.001 0.001 0.001 0.001 0.001 0.001 0.000 0.000 0.000 0.000 0.000 0.000 0.000 0.000 0.000 0.000 0.000 0.000 0.000
10.224 11.606 13.014 14.462 15.882 17.076 17.886 18.237 18.246 18.063 17.753 17.343 16.722 15.838 14.814 13.790 12.683 11.262 9.311 6.892 4.534 2.730 1.512 0.795 0.408 0.206 0.104 0.057 0.036 0.026 0.020 0.016 0.013 0.011 0.010 0.009 0.008 0.007 0.006 0.005 0.005 0.004 0.003 0.003 0.002 0.002 0.001 0.001 0.001 0.000 0.000 0.000 0.000 0.000 0.000 0.000 0.000 0.000 0.000 0.000 0.000 0.000 0.000 0.000 0.000 0.000 0.000 0.000 0.000 0.000 0.000 0.000 0.000 0.000 0.000 0.000 0.000
8.134 9.354 10.652 12.071 13.561 14.860 15.788 16.249 16.321 16.143 15.680 14.971 14.076 13.078 12.020 10.859 9.453 7.578 5.355 3.336 1.893 0.972 0.477 0.244 0.133 0.075 0.044 0.029 0.021 0.017 0.014 0.012 0.010 0.009 0.008 0.007 0.006 0.005 0.004 0.004 0.003 0.002 0.002 0.001 0.001 0.001 0.000 0.000 0.000 0.000 0.000 0.000 0.000 0.000 0.000 0.000 0.000 0.000 0.000 0.000 0.000 0.000 0.000 0.000 0.000 0.000 0.000 0.000 0.000 0.000 0.000 0.000 0.000 0.000 0.000 0.000 0.000
6.099 7.090 8.131 9.253 10.446 11.540 12.379 12.843 12.945 12.767 12.182 11.195 9.965 8.785 7.663 6.464 5.083 3.547 2.151 1.147 0.553 0.261 0.136 0.079 0.050 0.033 0.024 0.018 0.015 0.012 0.011 0.009 0.008 0.006 0.006 0.005 0.004 0.003 0.003 0.002 0.002 0.001 0.001 0.000 0.000 0.000 0.000 0.000 0.000 0.000 0.000 0.000 0.000 0.000 0.000 0.000 0.000 0.000 0.000 0.000 0.000 0.000 0.000 0.000 0.000 0.000 0.000 0.000 0.000 0.000 0.000 0.000 0.000 0.000 0.000 0.000 0.000
4.051 4.622 5.170 5.707 6.267 6.856 7.376 7.695 7.780 7.651 7.140 6.240 5.137 4.194 3.400 2.657 1.883 1.131 0.587 0.278 0.136 0.076 0.048 0.034 0.025 0.020 0.016 0.013 0.011 0.010 0.008 0.007 0.006 0.005 0.004 0.003 0.002 0.002 0.001 0.001 0.001 0.000 0.000 0.000 0.000 0.000 0.000 0.000 0.000 0.000 0.000 0.000 0.000 0.000 0.000 0.000 0.000 0.000 0.000 0.000 0.000 0.000 0.000 0.000 0.000 0.000 0.000 0.000 0.000 0.000 0.000 0.000 0.000 0.000 0.000 0.000 0.000
2.245 2.440 2.597 2.734 2.867 3.026 3.202 3.312 3.342 3.286 3.042 2.569 1.942 1.433 1.061 0.760 0.484 0.267 0.137 0.074 0.046 0.032 0.025 0.020 0.017 0.014 0.012 0.010 0.009 0.007 0.006 0.005 0.004 0.003 0.002 0.002 0.001 0.001 0.000 0.000 0.000 0.000 0.000 0.000 0.000 0.000 0.000 0.000 0.000 0.000 0.000 0.000 0.000 0.000 0.000 0.000 0.000 0.000 0.000 0.000 0.000 0.000 0.000 0.000 0.000 0.000 0.000 0.000 0.000 0.000 0.000 0.000 0.000 0.000 0.000 0.000 0.000
0.990 1.014 1.024 1.024 1.021 1.025 1.049 1.061 1.057 1.030 0.941 0.770 0.542 0.376 0.269 0.187 0.121 0.073 0.045 0.031 0.024 0.020 0.017 0.015 0.013 0.011 0.010 0.008 0.007 0.006 0.005 0.004 0.003 0.002 0.001 0.001 0.000 0.000 0.000 0.000 0.000 0.000 0.000 0.000 0.000 0.000 0.000 0.000 0.000 0.000 0.000 0.000 0.000 0.000 0.000 0.000 0.000 0.000 0.000 0.000 0.000 0.000 0.000 0.000 0.000 0.000 0.000 0.000 0.000 0.000 0.000 0.000 0.000 0.000 0.000 0.000 0.000
0.356 0.350 0.344 0.340 0.332 0.322 0.314 0.307 0.298 0.285 0.258 0.210 0.148 0.105 0.078 0.058 0.042 0.031 0.024 0.019 0.017 0.015 0.013 0.012 0.011 0.009 0.008 0.007 0.005 0.004 0.003 0.002 0.002 0.001 0.000 0.000 0.000 0.000 0.000 0.000 0.000 0.000 0.000 0.000 0.000 0.000 0.000 0.000 0.000 0.000 0.000 0.000 0.000 0.000 0.000 0.000 0.000 0.000 0.000 0.000 0.000 0.000 0.000 0.000 0.000 0.000 0.000 0.000 0.000 0.000 0.000 0.000 0.000 0.000 0.000 0.000 0.000
0.129 0.125 0.123 0.122 0.119 0.113 0.106 0.100 0.095 0.089 0.081 0.069 0.052 0.041 0.033 0.027 0.023 0.019 0.017 0.015 0.013 0.012 0.011 0.010 0.009 0.008 0.007 0.005 0.004 0.003 0.002 0.001 0.001 0.000 0.000 0.000 0.000 0.000 0.000 0.000 0.000 0.000 0.000 0.000 0.000 0.000 0.000 0.000 0.000 0.000 0.000 0.000 0.000 0.000 0.000 0.000 0.000 0.000 0.000 0.000 0.000 0.000 0.000 0.000 0.000 0.000 0.000 0.000 0.000 0.000 0.000 0.000 0.000 0.000 0.000 0.000 0.000
0.055 0.053 0.053 0.052 0.051 0.049 0.045 0.042 0.040 0.037 0.035 0.032 0.027 0.023 0.020 0.018 0.016 0.014 0.013 0.012 0.011 0.010 0.009 0.008 0.007 0.006 0.005 0.004 0.003 0.002 0.001 0.001 0.000 0.000 0.000 0.000 0.000 0.000 0.000 0.000 0.000 0.000 0.000 0.000 0.000 0.000 0.000 0.000 0.000 0.000 0.000 0.000 0.000 0.000 0.000 0.000 0.000 0.000 0.000 0.000 0.000 0.000 0.000 0.000 0.000 0.000 0.000 0.000 0.000 0.000 0.000 0.000 0.000 0.000 0.000 0.000 0.000
0.029 0.028 0.028 0.028 0.027 0.026 0.025 0.023 0.022 0.021 0.021 0.019 0.018 0.016 0.015 0.013 0.012 0.011 0.011 0.010 0.009 0.008 0.008 0.007 0.006 0.005 0.004 0.003 0.002 0.001 0.001 0.000 0.000 0.000 0.000 0.000 0.000 0.000 0.000 0.000 0.000 0.000 0.000 0.000 0.000 0.000 0.000 0.000 0.000 0.000 0.000 0.000 0.000 0.000 0.000 0.000 0.000 0.000 0.000 0.000 0.000 0.000 0.000 0.000 0.000 0.000 0.000 0.000 0.000 0.000 0.000 0.000 0.000 0.000 0.000 0.000 0.000
0.018 0.018 0.018 0.018 0.018 0.017 0.016 0.016 0.015 0.015 0.014 0.014 0.013 0.013 0.012 0.011 0.010 0.010 0.009 0.008 0.008 0.007 0.006 0.006 0.005 0.004 0.003 0.002 0.002 0.001 0.000 0.000 0.000 0.000 0.000 0.000 0.000 0.000 0.000 0.000 0.000 0.000 0.000 0.000 0.000 0.000 0.000 0.000 0.000 0.000 0.000 0.000 0.000 0.000 0.000 0.000 0.000 0.000 0.000 0.000 0.000 0.000 0.000 0.000 0.000 0.000 0.000 0.000 0.000 0.000 0.000 0.000 0.000 0.000 0.000 0.000 0.000
0.013 0.013 0.013 0.013 0.013 0.012 0.012 0.012 0.011 0.011 0.011 0.011 0.011 0.010 0.010 0.009 0.009 0.008 0.007 0.007 0.006 0.006 0.005 0.004 0.004 0.003 0.003 0.002 0.001 0.001 0.000 0.000 0.000 0.000 0.000 0.000 0.000 0.000 0.000 0.000 0.000 0.000 0.000 0.000 0.000 0.000 0.000 0.000 0.000 0.000 0.000 0.000 0.000 0.000 0.000 0.000 0.000 0.000 0.000 0.000 0.000 0.000 0.000 0.000 0.000 0.000 0.000 0.000 0.000 0.000 0.000 0.000 0.000 0.000 0.000 0.000 0.000
0.009 0.009 0.009 0.009 0.009 0.009 0.009 0.009 0.009 0.009 0.009 0.009 0.008 0.008 0.008 0.008 0.007 0.007 0.006 0.006 0.005 0.004 0.004 0.004 0.003 0.003 0.002 0.002 0.001 0.001 0.000 0.000 0.000 0.000 0.000 0.000 0.000 0.000 0.000 0.000 0.000 0.000 0.000 0.000 0.000 0.000 0.000 0.000 0.000 0.000 0.000 0.000 0.000 0.000 0.000 0.000 0.000 0.000 0.000 0.000 0.000 0.000 0.000 0.000 0.000 0.000 0.000 0.000 0.000 0.000 0.000 0.000 0.000 0.000 0.000 0.000 0.000
0.007 0.007 0.007 0.007 0.007 0.007 0.007 0.007 0.007 0.007 0.007 0.007 0.007 0.007 0.007 0.006 0.006 0.005 0.005 0.004 0.004 0.003 0.003 0.003 0.003 0.002 0.002 0.001 0.001 0.000 0.000 0.000 0.000 0.000 0.000 0.000 0.000 0.000 0.000 0.000 0.000 0.000 0.000 0.000 0.000 0.000 0.000 0.000 0.000 0.000 0.000 0.000 0.000 0.000 0.000 0.000 0.000 0.000 0.000 0.000 0.000 0.000 0.000 0.000 0.000 0.000 0.000 0.000 0.000 0.000 0.000 0.000 0.000 0.000 0.000 0.000 0.000
0.005 0.005 0.005 0.005 0.006 0.006 0.006 0.006 0.006 0.006 0.006 0.006 0.006 0.006 0.005 0.005 0.005 0.004 0.004 0.003 0.003 0.003 0.003 0.003 0.002 0.002 0.002 0.001 0.001 0.000 0.000 0.000 0.000 0.000 0.000 0.000 0.000 0.000 0.000 0.000 0.000 0.000 0.000 0.000 0.000 0.000 0.000 0.000 0.000 0.000 0.000 0.000 0.000 0.000 0.000 0.000 0.000 0.000 0.000 0.000 0.000 0.000 0.000 0.000 0.000 0.000 0.000 0.000 0.000 0.000 0.000 0.000 0.000 0.000 0.000 0.000 0.000
0.004 0.004 0.004 0.004 0.004 0.004 0.004 0.004 0.005 0.005 0.005 0.005 0.005 0.004 0.004 0.004 0.004 0.003 0.003 0.003 0.003 0.003 0.003 0.003 0.002 0.002 0.002 0.001 0.001 0.000 0.000 0.000 0.000 0.000 0.000 0.000 0.000 0.000 0.000 0.000 0.000 0.000 0.000 0.000 0.000 0.000 0.000 0.000 0.000 0.000 0.000 0.000 0.000 0.000 0.000 0.000 0.000 0.000 0.000 0.000 0.000 0.000 0.000 0.000 0.000 0.000 0.000 0.000 0.000 0.000 0.000 0.000 0.000 0.000 0.000 0.000 0.000
0.002 0.002 0.003 0.003 0.003 0.003 0.003 0.003 0.004 0.004 0.004 0.004 0.004 0.004 0.003 0.003 0.003 0.003 0.002 0.002 0.003 0.003 0.003 0.003 0.002 0.002 0.002 0.001 0.001 0.000 0.000 0.000 0.000 0.000 0.000 0.000 0.000 0.000 0.000 0.000 0.000 0.000 0.000 0.000 0.000 0.000 0.000 0.000 0.000 0.000 0.000 0.000 0.000 0.000 0.000 0.000 0.000 0.000 0.000 0.000 0.000 0.000 0.000 0.000 0.000 0.000 0.000 0.000 0.000 0.000 0.000 0.000 0.000 0.000 0.000 0.000 0.000
0.001 0.002 0.002 0.002 0.002 0.002 0.002 0.003 0.003 0.003 0.003 0.003 0.003 0.003 0.003 0.003 0.002 0.002 0.002 0.002 0.003 0.003 0.003 0.003 0.002 0.002 0.002 0.001 0.001 0.000 0.000 0.000 0.000 0.000 0.000 0.000 0.000 0.000 0.000 0.000 0.000 0.000 0.000 0.000 0.000 0.000 0.000 0.000 0.000 0.000 0.000 0.000 0.000 0.000 0.000 0.000 0.000 0.000 0.000 0.000 0.000 0.000 0.000 0.000 0.000 0.000 0.000 0.000 0.000 0.000 0.000 0.000 0.000 0.000 0.000 0.000 0.000
0.001 0.001 0.001 0.001 0.001 0.001 0.002 0.002 0.002 0.002 0.002 0.002 0.002 0.002 0.002 0.002 0.002 0.002 0.002 0.002 0.003 0.003 0.003 0.002 0.002 0.002 0.002 0.001 0.001 0.000 0.000 0.000 0.000 0.000 0.000 0.000 0.000 0.000 0.000 0.000 0.000 0.000 0.000 0.000 0.000 0.000 0.000 0.000 0.000 0.000 0.000 0.000 0.000 0.000 0.000 0.000 0.000 0.000 0.000 0.000 0.000 0.000 0.000 0.000 0.000 0.000 0.000 0.000 0.000 0.000 0.000 0.000 0.000 0.000 0.000 0.000 0.000
0.000 0.000 0.000 0.000 0.001 0.001 0.001 0.001 0.001 0.001 0.002 0.002 0.002 0.002 0.002 0.002 0.002 0.002 0.002 0.002 0.002 0.002 0.002 0.002 0.002 0.002 0.001 0.001 0.001 0.000 0.000 0.000 0.000 0.000 0.000 0.000 0.000 0.000 0.000 0.000 0.000 0.000 0.000 0.000 0.000 0.000 0.000 0.000 0.000 0.000 0.000 0.000 0.000 0.000 0.000 0.000 0.000 0.000 0.000 0.000 0.000 0.000 0.000 0.000 0.000 0.000 0.000 0.000 0.000 0.000 0.000 0.000 0.000 0.000 0.000 0.000 0.000
0.000 0.000 0.000 0.000 0.000 0.000 0.000 0.001 0.001 0.001 0.001 0.001 0.001 0.001 0.001 0.002 0.002 0.002 0.002 0.002 0.002 0.002 0.002 0.002 0.002 0.001 0.001 0.001 0.000 0.000 0.000 0.000 0.000 0.000 0.000 0.000 0.000 0.000 0.000 0.000 0.000 0.000 0.000 0.000 0.000 0.000 0.000 0.000 0.000 0.000 0.000 0.000 0.000 0.000 0.000 0.000 0.000 0.000 0.000 0.000 0.000 0.000 0.000 0.000 0.000 0.000 0.000 0.000 0.000 0.000 0.000 0.000 0.000 0.000 0.000 0.000 0.000
0.000 0.000 0.000 0.000 0.000 0.000 0.000 0.000 0.000 0.001 0.001 0.001 0.001 0.001 0.001 0.001 0.001 0.002 0.002 0.002 0.002 0.002 0.002 0.001 0.001 0.001 0.001 0.001 0.000 0.000 0.000 0.000 0.000 0.000 0.000 0.000 0.000 0.000 0.000 0.000 0.000 0.000 0.000 0.000 0.000 0.000 0.000 0.000 0.000 0.000 0.000 0.000 0.000 0.000 0.000 0.000 0.000 0.000 0.000 0.000 0.000 0.000 0.000 0.000 0.000 0.000 0.000 0.000 0.000 0.000 0.000 0.000 0.000 0.000 0.000 0.000 0.000
