RESULTS/r.avaflow_results/21_results/21_ascii/21_hflow0038.asc
ncols 506
nrows 317
xllcenter 498237.50
yllcenter 5580050.00
cellsize 12.50
NODATA_value -9999.000
[rows 170 to 203 of 317, columns 77 to 153 of 506]
0.000 0.000 0.000 0.000 0.000 0.000 0.000 0.000 0.000 0.000 0.000 0.000 0.000 0.000 0.000 0.000 0.000 0.000 0.000 0.000 0.000 0.001 0.002 0.004 0.007 0.009 0.010 0.010 0.010 0.010 0.010 0.009 0.009 0.007 0.006 0.005 0.004 0.003 0.003 0.002 0.002 0.002 0.002 0.003 0.004 0.006 0.009 0.014 0.024 0.045 0.093 0.212 0.480 0.979 1.675 2.472 3.372 4.514 6.036 7.974 10.123 11.931 13.229 13.992 14.281 14.268 14.123 13.892 13.605 13.175 12.509 11.630 10.745 10.057 9.533 9.121 8.810
0.000 0.000 0.000 0.000 0.000 0.000 0.000 0.000 0.000 0.000 0.000 0.000 0.000 0.000 0.000 0.000 0.000 0.000 0.000 0.000 0.001 0.002 0.004 0.008 0.011 0.013 0.014 0.014 0.014 0.014 0.014 0.013 0.012 0.010 0.009 0.007 0.006 0.005 0.004 0.004 0.003 0.003 0.004 0.005 0.006 0.010 0.016 0.028 0.054 0.114 0.251 0.537 1.055 1.763 2.548 3.393 4.375 5.638 7.298 9.375 11.420 12.952 13.955 14.469 14.592 14.484 14.277 13.988 13.637 13.188 12.628 12.073 11.705 11.537 11.501 11.548 11.723
0.000 0.000 0.000 0.000 0.000 0.000 0.000 0.000 0.000 0.000 0.000 0.000 0.000 0.000 0.000 0.000 0.000 0.000 0.000 0.001 0.002 0.005 0.009 0.014 0.017 0.019 0.019 0.019 0.019 0.019 0.018 0.017 0.016 0.013 0.011 0.010 0.008 0.007 0.006 0.005 0.005 0.005 0.006 0.007 0.011 0.018 0.034 0.066 0.139 0.300 0.613 1.115 1.739 2.377 3.048 3.832 4.843 6.183 7.915 10.029 11.926 13.276 14.108 14.515 14.604 14.506 14.323 14.076 13.801 13.518 13.278 13.187 13.231 13.339 13.533 13.937 14.659
0.000 0.000 0.000 0.000 0.000 0.000 0.000 0.000 0.000 0.000 0.000 0.000 0.000 0.000 0.000 0.000 0.000 0.000 0.001 0.003 0.005 0.010 0.016 0.020 0.023 0.024 0.024 0.024 0.024 0.024 0.023 0.022 0.020 0.016 0.013 0.011 0.010 0.009 0.008 0.007 0.007 0.007 0.008 0.012 0.020 0.039 0.079 0.165 0.344 0.681 1.176 1.722 2.233 2.730 3.274 3.971 4.957 6.315 8.064 10.157 11.957 13.231 14.004 14.386 14.503 14.481 14.403 14.332 14.314 14.321 14.333 14.363 14.426 14.574 14.917 15.624 16.792
0.000 0.000 0.000 0.000 0.000 0.000 0.000 0.000 0.000 0.000 0.000 0.000 0.000 0.000 0.000 0.000 0.000 0.001 0.002 0.005 0.010 0.015 0.021 0.025 0.027 0.028 0.029 0.029 0.029 0.029 0.028 0.026 0.023 0.019 0.015 0.012 0.010 0.009 0.009 0.009 0.009 0.010 0.012 0.020 0.040 0.086 0.186 0.378 0.715 1.170 1.646 2.080 2.476 2.878 3.349 3.984 4.930 6.265 7.998 10.054 11.746 12.922 13.652 14.071 14.312 14.475 14.609 14.723 14.830 14.894 14.912 14.923 14.980 15.199 15.715 16.640 18.007
0.000 0.000 0.000 0.000 0.000 0.000 0.000 0.000 0.000 0.000 0.000 0.000 0.000 0.000 0.000 0.000 0.000 0.001 0.004 0.008 0.013 0.020 0.025 0.029 0.031 0.032 0.033 0.033 0.033 0.033 0.032 0.029 0.026 0.021 0.016 0.013 0.011 0.010 0.009 0.010 0.010 0.013 0.020 0.038 0.083 0.189 0.391 0.718 1.119 1.517 1.879 2.211 2.543 2.913 3.357 3.937 4.785 6.047 7.752 9.731 11.277 12.347 13.078 13.617 14.060 14.419 14.672 14.833 14.944 14.991 14.991 14.990 15.054 15.332 15.963 16.984 18.356
0.000 0.000 0.000 0.000 0.000 0.000 0.000 0.000 0.000 0.000 0.000 0.000 0.000 0.000 0.000 0.000 0.000 0.001 0.005 0.009 0.016 0.023 0.028 0.032 0.035 0.036 0.037 0.037 0.037 0.036 0.035 0.032 0.029 0.023 0.017 0.013 0.011 0.010 0.010 0.010 0.012 0.017 0.032 0.071 0.168 0.365 0.674 1.026 1.363 1.670 1.950 2.231 2.545 2.907 3.329 3.837 4.532 5.654 7.302 9.196 10.627 11.629 12.400 13.084 13.703 14.185 14.474 14.606 14.657 14.640 14.595 14.564 14.629 14.975 15.705 16.788 18.156
0.000 0.000 0.000 0.000 0.000 0.000 0.000 0.000 0.000 0.000 0.000 0.000 0.000 0.000 0.000 0.000 0.000 0.002 0.005 0.010 0.018 0.026 0.031 0.035 0.038 0.039 0.040 0.040 0.040 0.039 0.038 0.035 0.031 0.025 0.018 0.014 0.011 0.010 0.010 0.011 0.014 0.024 0.052 0.128 0.299 0.582 0.908 1.200 1.461 1.706 1.951 2.217 2.520 2.868 3.260 3.706 4.279 5.223 6.733 8.527 9.878 10.854 11.665 12.413 13.057 13.506 13.725 13.766 13.716 13.598 13.465 13.387 13.443 13.842 14.685 15.900 17.350
0.000 0.000 0.000 0.000 0.000 0.000 0.000 0.000 0.000 0.000 0.000 0.000 0.000 0.000 0.000 0.000 0.000 0.002 0.005 0.011 0.019 0.028 0.034 0.038 0.041 0.042 0.042 0.043 0.042 0.042 0.040 0.037 0.033 0.026 0.019 0.014 0.011 0.010 0.010 0.011 0.015 0.031 0.077 0.199 0.435 0.751 1.032 1.265 1.480 1.696 1.927 2.181 2.466 2.790 3.154 3.559 4.066 4.875 6.181 7.781 9.020 9.952 10.740 11.428 11.952 12.252 12.334 12.266 12.100 11.835 11.598 11.484 11.564 12.060 13.048 14.433 16.039
0.000 0.000 0.000 0.000 0.000 0.000 0.000 0.000 0.000 0.000 0.000 0.000 0.000 0.000 0.000 0.000 0.000 0.002 0.005 0.011 0.019 0.029 0.036 0.041 0.043 0.044 0.045 0.045 0.044 0.044 0.042 0.039 0.034 0.028 0.020 0.014 0.011 0.009 0.009 0.010 0.016 0.034 0.093 0.248 0.530 0.840 1.077 1.275 1.466 1.665 1.880 2.119 2.383 2.681 3.018 3.393 3.853 4.554 5.655 6.973 8.003 8.801 9.470 10.004 10.347 10.464 10.405 10.240 9.974 9.653 9.464 9.438 9.694 10.365 11.445 12.856 14.503
0.000 0.000 0.000 0.000 0.000 0.000 0.000 0.000 0.000 0.000 0.000 0.000 0.000 0.000 0.000 0.000 0.000 0.001 0.005 0.010 0.018 0.029 0.038 0.043 0.045 0.046 0.046 0.046 0.046 0.045 0.043 0.040 0.035 0.029 0.021 0.015 0.011 0.009 0.009 0.010 0.015 0.035 0.098 0.271 0.578 0.873 1.083 1.258 1.430 1.610 1.807 2.025 2.269 2.545 2.857 3.206 3.626 4.230 5.136 6.144 6.880 7.430 7.875 8.203 8.379 8.402 8.327 8.194 7.996 7.814 7.738 7.818 8.205 8.947 10.008 11.337 12.884
0.000 0.000 0.000 0.000 0.000 0.000 0.000 0.000 0.000 0.000 0.000 0.000 0.000 0.000 0.000 0.000 0.000 0.001 0.003 0.008 0.016 0.027 0.038 0.044 0.047 0.047 0.048 0.047 0.047 0.046 0.044 0.041 0.036 0.030 0.022 0.015 0.011 0.009 0.008 0.009 0.014 0.033 0.097 0.273 0.589 0.878 1.065 1.214 1.365 1.526 1.702 1.900 2.124 2.381 2.670 2.992 3.369 3.875 4.599 5.353 5.862 6.192 6.419 6.572 6.648 6.644 6.583 6.500 6.392 6.318 6.316 6.476 6.897 7.601 8.571 9.773 11.149
0.000 0.000 0.000 0.000 0.000 0.000 0.000 0.000 0.000 0.000 0.000 0.000 0.000 0.000 0.000 0.000 0.000 0.000 0.002 0.004 0.010 0.022 0.036 0.044 0.048 0.048 0.048 0.048 0.047 0.046 0.044 0.041 0.037 0.031 0.023 0.016 0.011 0.008 0.008 0.008 0.013 0.030 0.089 0.258 0.571 0.854 1.021 1.142 1.266 1.402 1.557 1.738 1.945 2.180 2.446 2.741 3.071 3.476 4.026 4.586 4.954 5.158 5.262 5.307 5.311 5.277 5.221 5.155 5.087 5.056 5.089 5.268 5.652 6.254 7.074 8.091 9.259
0.000 0.000 0.000 0.000 0.000 0.000 0.000 0.000 0.000 0.000 0.000 0.000 0.000 0.000 0.000 0.000 0.000 0.000 0.001 0.002 0.005 0.014 0.029 0.042 0.048 0.049 0.048 0.048 0.047 0.046 0.044 0.042 0.037 0.032 0.024 0.017 0.012 0.009 0.008 0.008 0.011 0.024 0.072 0.214 0.496 0.774 0.938 1.040 1.134 1.237 1.362 1.519 1.708 1.925 2.168 2.435 2.723 3.048 3.456 3.864 4.138 4.288 4.348 4.351 4.319 4.265 4.201 4.116 4.026 3.984 4.001 4.134 4.422 4.877 5.512 6.339 7.337
0.000 0.000 0.000 0.000 0.000 0.000 0.000 0.000 0.000 0.000 0.000 0.000 0.000 0.000 0.000 0.000 0.000 0.000 0.000 0.001 0.002 0.007 0.020 0.037 0.046 0.048 0.048 0.048 0.047 0.046 0.044 0.042 0.038 0.033 0.026 0.019 0.013 0.009 0.008 0.008 0.009 0.016 0.045 0.139 0.354 0.621 0.796 0.896 0.962 1.026 1.100 1.203 1.353 1.554 1.790 2.045 2.314 2.601 2.921 3.212 3.418 3.542 3.595 3.591 3.549 3.487 3.407 3.291 3.153 3.065 3.035 3.083 3.245 3.556 4.037 4.694 5.511
0.000 0.000 0.000 0.000 0.000 0.000 0.000 0.000 0.000 0.000 0.000 0.000 0.000 0.000 0.000 0.000 0.000 0.000 0.000 0.000 0.001 0.003 0.011 0.027 0.041 0.047 0.048 0.048 0.047 0.046 0.044 0.042 0.038 0.034 0.028 0.021 0.015 0.011 0.008 0.008 0.008 0.012 0.025 0.071 0.194 0.406 0.585 0.688 0.736 0.761 0.776 0.809 0.888 1.040 1.264 1.535 1.823 2.120 2.401 2.623 2.782 2.883 2.928 2.923 2.883 2.822 2.731 2.595 2.429 2.287 2.195 2.165 2.216 2.394 2.725 3.202 3.781
0.000 0.000 0.000 0.000 0.000 0.000 0.000 0.000 0.000 0.000 0.000 0.000 0.000 0.000 0.000 0.000 0.000 0.000 0.000 0.000 0.001 0.001 0.005 0.016 0.032 0.043 0.046 0.046 0.046 0.045 0.044 0.042 0.039 0.035 0.029 0.023 0.017 0.012 0.010 0.008 0.008 0.010 0.016 0.036 0.096 0.223 0.357 0.442 0.480 0.491 0.479 0.468 0.486 0.558 0.725 0.988 1.286 1.589 1.862 2.060 2.194 2.276 2.311 2.304 2.267 2.207 2.114 1.980 1.817 1.645 1.497 1.408 1.391 1.459 1.645 1.932 2.242
0.000 0.000 0.000 0.000 0.000 0.000 0.000 0.000 0.000 0.000 0.000 0.000 0.000 0.000 0.000 0.000 0.000 0.000 0.000 0.000 0.000 0.001 0.002 0.007 0.020 0.034 0.042 0.044 0.044 0.044 0.043 0.041 0.039 0.035 0.030 0.024 0.019 0.014 0.011 0.010 0.009 0.010 0.012 0.022 0.049 0.114 0.200 0.261 0.291 0.298 0.286 0.261 0.252 0.270 0.347 0.516 0.769 1.050 1.311 1.501 1.627 1.700 1.730 1.721 1.682 1.621 1.533 1.421 1.284 1.120 0.953 0.833 0.778 0.778 0.840 0.964 1.067
0.000 0.000 0.000 0.000 0.000 0.000 0.000 0.000 0.000 0.000 0.000 0.000 0.000 0.000 0.000 0.000 0.000 0.000 0.000 0.000 0.000 0.000 0.001 0.003 0.009 0.022 0.034 0.040 0.042 0.042 0.042 0.041 0.038 0.035 0.031 0.025 0.020 0.016 0.013 0.011 0.010 0.010 0.011 0.016 0.029 0.061 0.111 0.152 0.176 0.183 0.177 0.159 0.143 0.140 0.162 0.233 0.378 0.575 0.783 0.952 1.070 1.142 1.175 1.167 1.130 1.070 0.997 0.916 0.819 0.694 0.551 0.445 0.385 0.362 0.361 0.383 0.398
0.000 0.000 0.000 0.000 0.000 0.000 0.000 0.000 0.000 0.000 0.000 0.000 0.000 0.000 0.000 0.000 0.000 0.000 0.000 0.000 0.000 0.000 0.001 0.001 0.004 0.011 0.023 0.033 0.038 0.040 0.040 0.039 0.038 0.035 0.031 0.026 0.021 0.017 0.014 0.012 0.011 0.010 0.011 0.013 0.020 0.038 0.068 0.096 0.114 0.121 0.120 0.110 0.095 0.087 0.088 0.108 0.165 0.265 0.385 0.499 0.580 0.634 0.664 0.664 0.640 0.597 0.550 0.504 0.450 0.374 0.282 0.214 0.175 0.156 0.148 0.144 0.143
0.000 0.000 0.000 0.000 0.000 0.000 0.000 0.000 0.000 0.000 0.000 0.000 0.000 0.000 0.000 0.000 0.000 0.000 0.000 0.000 0.000 0.000 0.000 0.001 0.001 0.004 0.011 0.021 0.031 0.036 0.037 0.037 0.036 0.034 0.031 0.026 0.021 0.017 0.014 0.012 0.011 0.010 0.011 0.012 0.016 0.027 0.046 0.067 0.081 0.087 0.087 0.083 0.072 0.063 0.059 0.062 0.077 0.113 0.164 0.220 0.263 0.290 0.305 0.307 0.297 0.278 0.256 0.235 0.210 0.175 0.130 0.098 0.080 0.071 0.066 0.062 0.060
0.000 0.000 0.000 0.000 0.000 0.000 0.000 0.000 0.000 0.000 0.000 0.000 0.000 0.000 0.000 0.000 0.000 0.000 0.000 0.000 0.000 0.000 0.000 0.000 0.001 0.002 0.004 0.010 0.020 0.028 0.033 0.035 0.035 0.033 0.030 0.026 0.021 0.017 0.014 0.012 0.011 0.010 0.010 0.011 0.014 0.020 0.034 0.049 0.060 0.064 0.065 0.063 0.057 0.049 0.043 0.042 0.045 0.055 0.072 0.093 0.110 0.121 0.126 0.126 0.123 0.117 0.109 0.101 0.091 0.078 0.061 0.048 0.040 0.036 0.034 0.033 0.031
0.000 0.000 0.000 0.000 0.000 0.000 0.000 0.000 0.000 0.000 0.000 0.000 0.000 0.000 0.000 0.000 0.000 0.000 0.000 0.000 0.000 0.000 0.000 0.000 0.000 0.001 0.002 0.004 0.009 0.018 0.027 0.031 0.032 0.031 0.029 0.025 0.021 0.017 0.014 0.012 0.011 0.010 0.010 0.010 0.011 0.016 0.024 0.036 0.044 0.047 0.048 0.047 0.044 0.038 0.033 0.031 0.030 0.032 0.038 0.045 0.052 0.055 0.057 0.057 0.056 0.054 0.051 0.048 0.044 0.039 0.032 0.027 0.024 0.022 0.021 0.020 0.019
0.000 0.000 0.000 0.000 0.000 0.000 0.000 0.000 0.000 0.000 0.000 0.000 0.000 0.000 0.000 0.000 0.000 0.000 0.000 0.000 0.000 0.000 0.000 0.000 0.000 0.001 0.001 0.002 0.004 0.009 0.017 0.024 0.028 0.028 0.027 0.024 0.020 0.017 0.014 0.012 0.010 0.009 0.008 0.008 0.009 0.012 0.017 0.024 0.031 0.034 0.035 0.034 0.033 0.029 0.025 0.022 0.021 0.021 0.023 0.026 0.028 0.030 0.031 0.031 0.030 0.029 0.028 0.026 0.024 0.022 0.019 0.017 0.016 0.015 0.014 0.014 0.014
0.000 0.000 0.000 0.000 0.000 0.000 0.000 0.000 0.000 0.000 0.000 0.000 0.000 0.000 0.000 0.000 0.000 0.000 0.000 0.000 0.000 0.001 0.001 0.000 0.000 0.001 0.001 0.001 0.001 0.004 0.008 0.015 0.021 0.023 0.023 0.021 0.019 0.016 0.013 0.011 0.009 0.008 0.007 0.007 0.007 0.008 0.011 0.015 0.020 0.023 0.024 0.024 0.023 0.020 0.018 0.016 0.015 0.014 0.015 0.016 0.018 0.018 0.019 0.019 0.018 0.018 0.017 0.016 0.015 0.014 0.013 0.012 0.011 0.011 0.010 0.010 0.010
0.000 0.000 0.000 0.000 0.000 0.000 0.000 0.000 0.000 0.000 0.000 0.000 0.000 0.000 0.000 0.000 0.000 0.000 0.000 0.000 0.001 0.001 0.001 0.001 0.001 0.001 0.001 0.001 0.001 0.001 0.003 0.008 0.013 0.016 0.018 0.017 0.016 0.015 0.012 0.010 0.008 0.007 0.005 0.005 0.005 0.005 0.006 0.009 0.012 0.014 0.015 0.015 0.014 0.013 0.011 0.010 0.010 0.010 0.010 0.011 0.011 0.012 0.012 0.012 0.012 0.012 0.011 0.011 0.010 0.010 0.009 0.008 0.008 0.008 0.008 0.008 0.008
0.000 0.000 0.000 0.000 0.000 0.000 0.000 0.000 0.000 0.000 0.000 0.000 0.000 0.000 0.000 0.000 0.000 0.000 0.000 0.000 0.001 0.001 0.001 0.001 0.001 0.001 0.001 0.001 0.001 0.001 0.001 0.003 0.007 0.010 0.012 0.012 0.012 0.012 0.011 0.009 0.007 0.005 0.004 0.003 0.003 0.003 0.003 0.004 0.006 0.007 0.008 0.008 0.008 0.008 0.007 0.006 0.006 0.006 0.007 0.007 0.008 0.008 0.008 0.008 0.008 0.008 0.007 0.007 0.007 0.007 0.006 0.006 0.006 0.006 0.006 0.006 0.006
0.000 0.000 0.000 0.000 0.000 0.000 0.000 0.000 0.000 0.000 0.000 0.000 0.000 0.000 0.000 0.000 0.000 0.000 0.000 0.001 0.001 0.001 0.001 0.001 0.001 0.001 0.001 0.001 0.001 0.001 0.001 0.001 0.003 0.005 0.007 0.007 0.008 0.008 0.008 0.007 0.005 0.004 0.002 0.002 0.001 0.001 0.002 0.002 0.003 0.003 0.004 0.004 0.004 0.004 0.004 0.004 0.004 0.004 0.004 0.005 0.005 0.005 0.005 0.005 0.005 0.005 0.005 0.005 0.005 0.005 0.004 0.004 0.004 0.004 0.004 0.004 0.004
0.000 0.000 0.000 0.000 0.000 0.000 0.000 0.000 0.000 0.000 0.000 0.000 0.000 0.000 0.000 0.000 0.000 0.001 0.001 0.001 0.001 0.001 0.001 0.001 0.001 0.001 0.001 0.001 0.001 0.001 0.001 0.001 0.001 0.002 0.003 0.004 0.004 0.004 0.004 0.004 0.003 0.002 0.001 0.001 0.001 0.001 0.001 0.001 0.001 0.001 0.002 0.002 0.002 0.002 0.002 0.002 0.002 0.002 0.003 0.003 0.003 0.003 0.003 0.003 0.003 0.003 0.003 0.003 0.003 0.003 0.003 0.003 0.003 0.003 0.003 0.003 0.003
0.000 0.000 0.000 0.000 0.000 0.000 0.000 0.000 0.000 0.000 0.000 0.000 0.000 0.000 0.000 0.000 0.000 0.001 0.001 0.001 0.001 0.001 0.001 0.001 0.001 0.001 0.001 0.001 0.001 0.001 0.001 0.001 0.001 0.001 0.001 0.002 0.002 0.002 0.002 0.002 0.001 0.001 0.001 0.001 0.001 0.001 0.001 0.001 0.001 0.001 0.001 0.001 0.001 0.001 0.001 0.001 0.001 0.001 0.002 0.002 0.002 0.002 0.002 0.002 0.002 0.002 0.002 0.002 0.002 0.002 0.002 0.002 0.002 0.002 0.002 0.002 0.002
0.000 0.000 0.000 0.000 0.001 0.000 0.000 0.000 0.000 0.000 0.000 0.000 0.000 0.000 0.000 0.000 0.000 0.001 0.001 0.001 0.001 0.001 0.001 0.001 0.001 0.001 0.001 0.001 0.001 0.001 0.001 0.001 0.001 0.001 0.001 0.001 0.001 0.001 0.001 0.001 0.001 0.001 0.001 0.001 0.001 0.001 0.000 0.000 0.000 0.000 0.000 0.000 0.000 0.000 0.000 0.000 0.000 0.001 0.001 0.001 0.001 0.001 0.001 0.001 0.001 0.001 0.001 0.001 0.001 0.001 0.001 0.001 0.001 0.001 0.001 0.001 0.001
0.000 0.000 0.000 0.000 0.000 0.000 0.000 0.000 0.000 0.000 0.000 0.000 0.000 0.000 0.000 0.000 0.001 0.001 0.001 0.001 0.001 0.001 0.001 0.001 0.001 0.001 0.001 0.001 0.001 0.001 0.001 0.001 0.001 0.001 0.001 0.001 0.001 0.001 0.001 0.001 0.001 0.001 0.001 0.001 0.001 0.001 0.000 0.000 0.000 0.000 0.000 0.000 0.000 0.000 0.000 0.000 0.000 0.000 0.001 0.001 0.001 0.001 0.001 0.001 0.001 0.001 0.001 0.001 0.001 0.001 0.001 0.001 0.001 0.000 0.000 0.001 0.001
0.000 0.000 0.000 0.000 0.000 0.000 0.000 0.000 0.000 0.000 0.000 0.000 0.000 0.000 0.000 0.000 0.001 0.001 0.001 0.001 0.001 0.001 0.001 0.001 0.001 0.001 0.001 0.001 0.001 0.001 0.001 0.001 0.001 0.001 0.000 0.000 0.000 0.000 0.001 0.001 0.001 0.001 0.001 0.001 0.001 0.001 0.001 0.000 0.000 0.000 0.000 0.000 0.000 0.000 0.000 0.000 0.000 0.000 0.000 0.001 0.001 0.001 0.001 0.001 0.001 0.001 0.001 0.001 0.001 0.001 0.001 0.001 0.001 0.000 0.000 0.000 0.000
0.000 0.000 0.000 0.000 0.000 0.000 0.000 0.000 0.000 0.000 0.000 0.000 0.000 0.000 0.000 0.001 0.001 0.001 0.001 0.001 0.001 0.001 0.001 0.001 0.001 0.001 0.001 0.001 0.001 0.001 0.001 0.001 0.001 0.001 0.001 0.000 0.000 0.000 0.000 0.001 0.001 0.001 0.001 0.001 0.001 0.001 0.001 0.001 0.000 0.000 0.000 0.000 0.000 0.000 0.000 0.000 0.000 0.000 0.000 0.000 0.001 0.001 0.001 0.001 0.001 0.001 0.001 0.001 0.001 0.001 0.001 0.000 0.000 0.000 0.000 0.000 0.000
