RESULTS/r.avaflow_results/21_results/21_ascii/21_hflow0032.asc
ncols 506
nrows 317
xllcenter 498237.50
yllcenter 5580050.00
cellsize 12.50
NODATA_value -9999.000
[rows 170 to 203 of 317, columns 77 to 153 of 506]
0.000 0.000 0.000 0.000 0.000 0.000 0.000 0.000 0.000 0.000 0.000 0.000 0.000 0.000 0.000 0.000 0.000 0.000 0.000 0.000 0.000 0.001 0.002 0.005 0.009 0.012 0.013 0.014 0.014 0.014 0.014 0.013 0.012 0.011 0.009 0.008 0.007 0.005 0.004 0.003 0.003 0.003 0.003 0.003 0.004 0.006 0.010 0.017 0.029 0.056 0.118 0.257 0.547 1.061 1.741 2.499 3.361 4.455 5.912 7.783 9.916 11.763 13.107 13.921 14.261 14.279 14.137 13.924 13.660 13.244 12.585 11.705 10.801 10.082 9.527 9.090 8.759
0.000 0.000 0.000 0.000 0.000 0.000 0.000 0.000 0.000 0.000 0.000 0.000 0.000 0.000 0.000 0.000 0.000 0.000 0.000 0.000 0.001 0.003 0.006 0.011 0.015 0.018 0.019 0.020 0.020 0.020 0.019 0.019 0.017 0.015 0.013 0.011 0.010 0.008 0.006 0.005 0.004 0.004 0.004 0.005 0.007 0.011 0.020 0.036 0.070 0.146 0.311 0.627 1.158 1.842 2.569 3.355 4.285 5.490 7.080 9.092 11.163 12.748 13.809 14.388 14.570 14.489 14.284 14.027 13.702 13.265 12.699 12.128 11.737 11.542 11.487 11.520 11.686
0.000 0.000 0.000 0.000 0.000 0.000 0.000 0.000 0.000 0.000 0.000 0.000 0.000 0.000 0.000 0.000 0.000 0.000 0.000 0.001 0.003 0.006 0.012 0.018 0.023 0.025 0.026 0.026 0.027 0.026 0.026 0.025 0.023 0.020 0.017 0.014 0.012 0.011 0.009 0.007 0.006 0.006 0.007 0.008 0.013 0.023 0.043 0.086 0.180 0.373 0.724 1.236 1.828 2.410 3.024 3.755 4.710 5.984 7.640 9.698 11.644 13.055 13.956 14.434 14.583 14.513 14.342 14.123 13.867 13.583 13.323 13.207 13.238 13.327 13.508 13.900 14.611
0.000 0.000 0.000 0.000 0.000 0.000 0.000 0.000 0.000 0.000 0.000 0.000 0.000 0.000 0.000 0.000 0.000 0.000 0.001 0.003 0.006 0.012 0.019 0.026 0.029 0.032 0.033 0.033 0.033 0.033 0.032 0.031 0.028 0.024 0.020 0.017 0.014 0.012 0.011 0.010 0.009 0.009 0.010 0.014 0.025 0.049 0.102 0.213 0.428 0.805 1.301 1.809 2.272 2.720 3.223 3.880 4.814 6.102 7.770 9.813 11.671 13.012 13.857 14.311 14.485 14.493 14.435 14.384 14.363 14.354 14.348 14.363 14.414 14.550 14.880 15.572 16.720
0.000 0.000 0.000 0.000 0.000 0.000 0.000 0.000 0.000 0.000 0.000 0.000 0.000 0.000 0.000 0.000 0.000 0.001 0.003 0.006 0.011 0.018 0.025 0.031 0.035 0.037 0.038 0.039 0.039 0.039 0.038 0.036 0.033 0.028 0.022 0.018 0.015 0.013 0.012 0.012 0.011 0.012 0.015 0.025 0.051 0.111 0.237 0.470 0.848 1.301 1.736 2.124 2.474 2.841 3.285 3.892 4.792 6.056 7.705 9.719 11.473 12.718 13.520 14.007 14.297 14.488 14.632 14.755 14.852 14.904 14.912 14.913 14.960 15.163 15.663 16.570 17.919
0.000 0.000 0.000 0.000 0.000 0.000 0.000 0.000 0.000 0.000 0.000 0.000 0.000 0.000 0.000 0.000 0.000 0.001 0.004 0.008 0.014 0.022 0.030 0.036 0.039 0.042 0.043 0.044 0.044 0.043 0.042 0.040 0.036 0.031 0.024 0.019 0.016 0.014 0.013 0.013 0.014 0.016 0.025 0.048 0.107 0.239 0.479 0.838 1.243 1.614 1.937 2.228 2.524 2.866 3.290 3.852 4.669 5.866 7.475 9.426 11.029 12.169 12.969 13.567 14.050 14.431 14.687 14.854 14.959 14.998 14.989 14.980 15.030 15.292 15.904 16.905 18.266
0.000 0.000 0.000 0.000 0.000 0.000 0.000 0.000 0.000 0.000 0.000 0.000 0.000 0.000 0.000 0.000 0.000 0.002 0.005 0.010 0.017 0.026 0.034 0.039 0.043 0.046 0.047 0.048 0.048 0.047 0.046 0.044 0.039 0.033 0.025 0.019 0.016 0.014 0.014 0.014 0.016 0.022 0.041 0.091 0.213 0.447 0.785 1.142 1.461 1.739 1.988 2.237 2.521 2.857 3.261 3.761 4.449 5.521 7.063 8.929 10.406 11.475 12.311 13.044 13.694 14.195 14.487 14.625 14.675 14.654 14.601 14.562 14.616 14.943 15.651 16.717 18.075
0.000 0.000 0.000 0.000 0.000 0.000 0.000 0.000 0.000 0.000 0.000 0.000 0.000 0.000 0.000 0.000 0.000 0.002 0.005 0.011 0.019 0.029 0.037 0.043 0.047 0.049 0.051 0.051 0.051 0.051 0.049 0.047 0.042 0.035 0.026 0.020 0.016 0.014 0.014 0.014 0.018 0.031 0.067 0.163 0.367 0.684 1.018 1.297 1.538 1.761 1.980 2.216 2.490 2.812 3.188 3.630 4.202 5.115 6.534 8.287 9.678 10.715 11.587 12.380 13.055 13.521 13.744 13.794 13.746 13.629 13.492 13.410 13.458 13.842 14.662 15.854 17.292
0.000 0.000 0.000 0.000 0.000 0.000 0.000 0.000 0.000 0.000 0.000 0.000 0.000 0.000 0.000 0.000 0.000 0.002 0.006 0.012 0.020 0.031 0.040 0.046 0.050 0.052 0.054 0.054 0.054 0.053 0.052 0.049 0.044 0.037 0.028 0.020 0.016 0.014 0.014 0.014 0.020 0.039 0.097 0.244 0.517 0.854 1.131 1.349 1.547 1.742 1.944 2.168 2.425 2.725 3.073 3.470 3.974 4.757 5.990 7.552 8.839 9.830 10.676 11.407 11.961 12.280 12.366 12.306 12.148 11.892 11.656 11.542 11.614 12.092 13.055 14.413 15.999
0.000 0.000 0.000 0.000 0.000 0.000 0.000 0.000 0.000 0.000 0.000 0.000 0.000 0.000 0.000 0.000 0.000 0.002 0.005 0.012 0.021 0.032 0.042 0.049 0.053 0.055 0.056 0.056 0.056 0.055 0.053 0.050 0.045 0.038 0.029 0.020 0.015 0.013 0.013 0.014 0.020 0.043 0.116 0.299 0.616 0.936 1.167 1.352 1.525 1.698 1.884 2.091 2.327 2.603 2.923 3.286 3.739 4.417 5.455 6.761 7.848 8.708 9.430 10.005 10.372 10.502 10.445 10.288 10.031 9.712 9.519 9.491 9.732 10.381 11.436 12.829 14.463
0.000 0.000 0.000 0.000 0.000 0.000 0.000 0.000 0.000 0.000 0.000 0.000 0.000 0.000 0.000 0.000 0.000 0.002 0.005 0.011 0.020 0.033 0.044 0.051 0.055 0.057 0.057 0.057 0.057 0.056 0.055 0.052 0.047 0.039 0.030 0.021 0.015 0.013 0.012 0.013 0.020 0.044 0.121 0.323 0.664 0.964 1.166 1.326 1.474 1.627 1.793 1.980 2.196 2.449 2.743 3.076 3.485 4.069 4.925 5.949 6.748 7.364 7.858 8.219 8.408 8.432 8.358 8.233 8.041 7.858 7.782 7.855 8.226 8.947 9.985 11.295 12.832
0.000 0.000 0.000 0.000 0.000 0.000 0.000 0.000 0.000 0.000 0.000 0.000 0.000 0.000 0.000 0.000 0.000 0.001 0.004 0.009 0.018 0.031 0.044 0.052 0.056 0.058 0.058 0.058 0.058 0.057 0.055 0.052 0.047 0.040 0.031 0.021 0.015 0.012 0.011 0.012 0.018 0.042 0.120 0.324 0.674 0.964 1.139 1.268 1.392 1.523 1.668 1.835 2.031 2.263 2.532 2.838 3.202 3.690 4.380 5.161 5.731 6.118 6.389 6.569 6.657 6.658 6.605 6.529 6.425 6.351 6.348 6.498 6.904 7.589 8.537 9.721 11.091
0.000 0.000 0.000 0.000 0.000 0.000 0.000 0.000 0.000 0.000 0.000 0.000 0.000 0.000 0.000 0.000 0.000 0.001 0.002 0.005 0.012 0.025 0.042 0.053 0.057 0.058 0.059 0.059 0.058 0.057 0.056 0.053 0.048 0.041 0.032 0.022 0.015 0.011 0.010 0.011 0.016 0.038 0.110 0.306 0.650 0.930 1.080 1.178 1.275 1.382 1.505 1.654 1.832 2.041 2.285 2.562 2.880 3.274 3.805 4.396 4.817 5.071 5.214 5.283 5.298 5.274 5.228 5.170 5.108 5.077 5.108 5.279 5.649 6.233 7.034 8.037 9.202
0.000 0.000 0.000 0.000 0.000 0.000 0.000 0.000 0.000 0.000 0.000 0.000 0.000 0.000 0.000 0.000 0.000 0.000 0.001 0.002 0.006 0.017 0.035 0.051 0.057 0.059 0.059 0.059 0.058 0.057 0.056 0.053 0.048 0.042 0.033 0.023 0.016 0.012 0.010 0.010 0.013 0.030 0.089 0.254 0.563 0.834 0.978 1.055 1.123 1.201 1.297 1.422 1.581 1.770 1.989 2.236 2.512 2.829 3.231 3.674 3.996 4.186 4.279 4.303 4.281 4.238 4.185 4.113 4.031 3.992 4.010 4.138 4.416 4.856 5.475 6.285 7.272
0.000 0.000 0.000 0.000 0.000 0.000 0.000 0.000 0.000 0.000 0.000 0.000 0.000 0.000 0.000 0.000 0.000 0.000 0.000 0.001 0.003 0.009 0.024 0.044 0.056 0.059 0.059 0.059 0.058 0.057 0.055 0.053 0.048 0.043 0.035 0.025 0.017 0.012 0.010 0.010 0.011 0.020 0.055 0.164 0.401 0.661 0.814 0.888 0.935 0.979 1.034 1.115 1.238 1.408 1.613 1.841 2.090 2.365 2.689 3.020 3.268 3.426 3.505 3.518 3.487 3.436 3.370 3.269 3.144 3.062 3.037 3.084 3.241 3.541 4.006 4.644 5.440
0.000 0.000 0.000 0.000 0.000 0.000 0.000 0.000 0.000 0.000 0.000 0.000 0.000 0.000 0.000 0.000 0.000 0.000 0.000 0.001 0.001 0.004 0.014 0.033 0.050 0.057 0.058 0.058 0.057 0.057 0.055 0.052 0.048 0.043 0.036 0.027 0.019 0.014 0.011 0.010 0.010 0.014 0.030 0.085 0.222 0.430 0.585 0.665 0.702 0.719 0.725 0.751 0.816 0.940 1.127 1.356 1.605 1.872 2.164 2.427 2.622 2.753 2.820 2.832 2.802 2.752 2.676 2.557 2.407 2.276 2.191 2.165 2.215 2.386 2.706 3.165 3.724
0.000 0.000 0.000 0.000 0.000 0.000 0.000 0.000 0.000 0.000 0.000 0.000 0.000 0.000 0.000 0.000 0.000 0.000 0.000 0.000 0.001 0.002 0.007 0.020 0.039 0.052 0.056 0.056 0.056 0.055 0.054 0.052 0.048 0.043 0.037 0.029 0.021 0.016 0.012 0.010 0.010 0.012 0.019 0.043 0.112 0.242 0.361 0.431 0.463 0.472 0.459 0.447 0.462 0.519 0.649 0.858 1.106 1.365 1.636 1.864 2.027 2.135 2.190 2.199 2.172 2.125 2.048 1.931 1.784 1.627 1.490 1.407 1.393 1.460 1.639 1.915 2.218
0.000 0.000 0.000 0.000 0.000 0.000 0.000 0.000 0.000 0.000 0.000 0.000 0.000 0.000 0.000 0.000 0.000 0.000 0.000 0.000 0.000 0.001 0.003 0.010 0.025 0.042 0.051 0.053 0.053 0.053 0.052 0.050 0.047 0.043 0.037 0.030 0.023 0.017 0.014 0.012 0.011 0.011 0.014 0.025 0.057 0.127 0.208 0.261 0.288 0.295 0.283 0.258 0.248 0.263 0.323 0.453 0.649 0.872 1.108 1.314 1.460 1.553 1.601 1.606 1.579 1.533 1.463 1.368 1.248 1.100 0.945 0.833 0.783 0.785 0.846 0.967 1.073
0.000 0.000 0.000 0.000 0.000 0.000 0.000 0.000 0.000 0.000 0.000 0.000 0.000 0.000 0.000 0.000 0.000 0.000 0.000 0.000 0.000 0.001 0.001 0.004 0.012 0.028 0.042 0.048 0.050 0.050 0.050 0.048 0.046 0.042 0.037 0.030 0.024 0.019 0.015 0.013 0.012 0.012 0.013 0.018 0.033 0.069 0.119 0.156 0.178 0.185 0.180 0.161 0.144 0.140 0.157 0.212 0.324 0.473 0.640 0.799 0.920 1.003 1.047 1.052 1.027 0.985 0.932 0.869 0.789 0.678 0.547 0.448 0.392 0.371 0.371 0.395 0.412
0.000 0.000 0.000 0.000 0.000 0.000 0.000 0.000 0.000 0.000 0.000 0.000 0.000 0.000 0.000 0.000 0.000 0.000 0.000 0.000 0.000 0.000 0.001 0.002 0.005 0.014 0.027 0.039 0.044 0.046 0.046 0.046 0.044 0.041 0.036 0.030 0.024 0.019 0.016 0.013 0.012 0.012 0.012 0.015 0.023 0.043 0.074 0.100 0.117 0.123 0.122 0.112 0.097 0.087 0.087 0.103 0.147 0.222 0.314 0.414 0.491 0.545 0.576 0.581 0.566 0.539 0.510 0.477 0.433 0.367 0.282 0.218 0.181 0.164 0.155 0.153 0.152
0.000 0.000 0.000 0.000 0.000 0.000 0.000 0.000 0.000 0.000 0.000 0.000 0.000 0.000 0.000 0.000 0.000 0.000 0.000 0.000 0.000 0.000 0.000 0.001 0.002 0.006 0.014 0.025 0.035 0.040 0.042 0.042 0.041 0.039 0.035 0.030 0.024 0.019 0.016 0.014 0.012 0.012 0.012 0.013 0.018 0.030 0.050 0.069 0.082 0.088 0.088 0.084 0.073 0.062 0.057 0.060 0.072 0.100 0.138 0.185 0.224 0.251 0.266 0.269 0.263 0.252 0.238 0.224 0.204 0.174 0.132 0.102 0.084 0.075 0.070 0.067 0.064
0.000 0.000 0.000 0.000 0.000 0.000 0.000 0.000 0.000 0.000 0.000 0.000 0.000 0.000 0.000 0.000 0.000 0.000 0.000 0.000 0.000 0.000 0.000 0.001 0.001 0.002 0.006 0.012 0.022 0.031 0.036 0.037 0.037 0.036 0.033 0.029 0.023 0.019 0.016 0.014 0.012 0.012 0.012 0.012 0.015 0.022 0.036 0.050 0.060 0.064 0.065 0.063 0.057 0.048 0.042 0.041 0.043 0.051 0.064 0.082 0.098 0.109 0.114 0.115 0.113 0.109 0.104 0.098 0.091 0.079 0.063 0.050 0.043 0.039 0.036 0.035 0.033
0.000 0.000 0.000 0.000 0.000 0.000 0.000 0.000 0.000 0.000 0.000 0.000 0.000 0.000 0.000 0.000 0.000 0.000 0.000 0.000 0.000 0.000 0.000 0.000 0.001 0.001 0.002 0.005 0.011 0.019 0.027 0.031 0.033 0.032 0.030 0.027 0.022 0.019 0.016 0.013 0.012 0.011 0.011 0.011 0.012 0.017 0.025 0.036 0.043 0.047 0.048 0.047 0.043 0.038 0.032 0.030 0.029 0.031 0.035 0.042 0.048 0.052 0.054 0.054 0.054 0.052 0.050 0.048 0.044 0.040 0.033 0.028 0.025 0.023 0.022 0.021 0.021
0.000 0.000 0.000 0.000 0.000 0.000 0.000 0.000 0.000 0.000 0.000 0.000 0.000 0.000 0.000 0.000 0.000 0.000 0.000 0.000 0.000 0.000 0.000 0.000 0.000 0.001 0.001 0.002 0.004 0.009 0.016 0.023 0.026 0.027 0.026 0.024 0.021 0.017 0.015 0.013 0.011 0.010 0.009 0.009 0.010 0.012 0.017 0.024 0.030 0.033 0.034 0.034 0.032 0.028 0.024 0.022 0.021 0.021 0.022 0.025 0.028 0.029 0.030 0.030 0.030 0.029 0.028 0.027 0.025 0.023 0.020 0.018 0.016 0.016 0.015 0.015 0.014
0.000 0.000 0.000 0.000 0.000 0.000 0.000 0.000 0.000 0.000 0.000 0.000 0.000 0.000 0.000 0.000 0.000 0.000 0.000 0.000 0.000 0.001 0.001 0.000 0.000 0.001 0.001 0.001 0.002 0.004 0.008 0.013 0.018 0.020 0.020 0.019 0.018 0.015 0.013 0.011 0.010 0.008 0.007 0.007 0.007 0.008 0.011 0.015 0.019 0.022 0.023 0.023 0.022 0.020 0.017 0.015 0.014 0.014 0.015 0.016 0.018 0.018 0.019 0.019 0.019 0.018 0.018 0.017 0.016 0.015 0.013 0.012 0.012 0.011 0.011 0.011 0.010
0.000 0.000 0.000 0.000 0.000 0.000 0.000 0.000 0.000 0.000 0.000 0.000 0.000 0.000 0.000 0.000 0.000 0.000 0.000 0.000 0.001 0.001 0.001 0.001 0.000 0.001 0.001 0.001 0.001 0.001 0.003 0.006 0.010 0.013 0.014 0.014 0.014 0.013 0.011 0.010 0.008 0.006 0.005 0.005 0.004 0.005 0.006 0.008 0.011 0.013 0.014 0.014 0.014 0.013 0.011 0.010 0.010 0.010 0.010 0.011 0.012 0.012 0.012 0.012 0.012 0.012 0.012 0.011 0.011 0.010 0.009 0.009 0.008 0.008 0.008 0.008 0.008
0.000 0.000 0.000 0.000 0.000 0.000 0.000 0.000 0.000 0.000 0.000 0.000 0.000 0.000 0.000 0.000 0.000 0.000 0.000 0.000 0.001 0.001 0.001 0.001 0.001 0.001 0.001 0.001 0.001 0.001 0.001 0.003 0.005 0.007 0.008 0.009 0.009 0.009 0.008 0.007 0.006 0.004 0.003 0.003 0.002 0.002 0.003 0.004 0.006 0.007 0.008 0.008 0.008 0.008 0.007 0.006 0.006 0.006 0.007 0.007 0.008 0.008 0.008 0.008 0.008 0.008 0.008 0.008 0.007 0.007 0.006 0.006 0.006 0.006 0.006 0.006 0.006
0.000 0.000 0.000 0.000 0.000 0.000 0.000 0.000 0.000 0.000 0.000 0.000 0.000 0.000 0.000 0.000 0.000 0.000 0.000 0.001 0.001 0.001 0.001 0.001 0.001 0.001 0.001 0.001 0.001 0.001 0.001 0.001 0.002 0.003 0.004 0.005 0.005 0.005 0.005 0.005 0.004 0.003 0.002 0.001 0.001 0.001 0.001 0.002 0.002 0.003 0.004 0.004 0.004 0.004 0.004 0.004 0.004 0.004 0.004 0.005 0.005 0.005 0.005 0.005 0.005 0.005 0.005 0.005 0.005 0.005 0.005 0.004 0.004 0.004 0.004 0.004 0.004
0.000 0.000 0.000 0.000 0.000 0.000 0.000 0.000 0.000 0.000 0.000 0.000 0.000 0.000 0.000 0.000 0.000 0.001 0.001 0.001 0.001 0.001 0.001 0.001 0.001 0.001 0.001 0.001 0.001 0.001 0.001 0.001 0.001 0.001 0.002 0.002 0.002 0.002 0.002 0.002 0.002 0.001 0.001 0.001 0.001 0.001 0.001 0.001 0.001 0.001 0.001 0.002 0.002 0.002 0.002 0.002 0.002 0.002 0.003 0.003 0.003 0.003 0.003 0.003 0.003 0.003 0.003 0.003 0.003 0.003 0.003 0.003 0.003 0.003 0.003 0.003 0.003
0.000 0.000 0.000 0.000 0.000 0.000 0.000 0.000 0.000 0.000 0.000 0.000 0.000 0.000 0.000 0.000 0.000 0.001 0.001 0.001 0.001 0.001 0.001 0.001 0.001 0.001 0.001 0.001 0.001 0.001 0.001 0.001 0.001 0.001 0.001 0.001 0.001 0.001 0.001 0.001 0.001 0.001 0.001 0.001 0.001 0.001 0.001 0.001 0.001 0.001 0.001 0.001 0.001 0.001 0.001 0.001 0.001 0.001 0.002 0.002 0.002 0.002 0.002 0.002 0.002 0.002 0.002 0.002 0.002 0.002 0.002 0.002 0.002 0.002 0.002 0.002 0.002
0.000 0.000 0.000 0.000 0.001 0.000 0.000 0.000 0.000 0.000 0.000 0.000 0.000 0.000 0.000 0.000 0.000 0.001 0.001 0.001 0.001 0.001 0.001 0.001 0.001 0.001 0.001 0.001 0.001 0.001 0.001 0.001 0.001 0.001 0.001 0.001 0.001 0.001 0.001 0.001 0.001 0.001 0.001 0.001 0.001 0.001 0.000 0.000 0.000 0.000 0.000 0.000 0.000 0.000 0.000 0.000 0.000 0.001 0.001 0.001 0.001 0.001 0.001 0.001 0.001 0.001 0.001 0.001 0.001 0.001 0.001 0.001 0.001 0.001 0.001 0.001 0.001
0.000 0.000 0.000 0.000 0.000 0.000 0.000 0.000 0.000 0.000 0.000 0.000 0.000 0.000 0.000 0.000 0.001 0.001 0.001 0.001 0.001 0.001 0.001 0.001 0.001 0.001 0.001 0.001 0.001 0.001 0.001 0.001 0.001 0.001 0.000 0.000 0.000 0.001 0.001 0.001 0.001 0.001 0.001 0.001 0.001 0.001 0.000 0.000 0.000 0.000 0.000 0.000 0.000 0.000 0.000 0.000 0.000 0.000 0.001 0.001 0.001 0.001 0.001 0.001 0.001 0.001 0.001 0.001 0.001 0.001 0.001 0.001 0.001 0.000 0.000 0.001 0.001
0.000 0.000 0.000 0.000 0.000 0.000 0.000 0.000 0.000 0.000 0.000 0.000 0.000 0.000 0.000 0.000 0.001 0.001 0.001 0.001 0.001 0.001 0.001 0.001 0.001 0.001 0.001 0.001 0.001 0.001 0.001 0.001 0.001 0.001 0.000 0.000 0.000 0.000 0.001 0.001 0.001 0.001 0.001 0.001 0.001 0.001 0.001 0.000 0.000 0.000 0.000 0.000 0.000 0.000 0.000 0.000 0.000 0.000 0.000 0.001 0.001 0.001 0.001 0.001 0.001 0.001 0.001 0.001 0.001 0.001 0.001 0.001 0.001 0.000 0.000 0.000 0.000
0.000 0.000 0.000 0.000 0.000 0.000 0.000 0.000 0.000 0.000 0.000 0.000 0.000 0.000 0.000 0.001 0.001 0.001 0.001 0.001 0.001 0.001 0.001 0.001 0.001 0.001 0.001 0.001 0.001 0.001 0.001 0.001 0.001 0.001 0.001 0.000 0.000 0.000 0.000 0.001 0.001 0.001 0.001 0.001 0.001 0.001 0.001 0.001 0.000 0.000 0.000 0.000 0.000 0.000 0.000 0.000 0.000 0.000 0.000 0.000 0.001 0.001 0.001 0.001 0.001 0.001 0.001 0.001 0.001 0.001 0.001 0.000 0.000 0.000 0.000 0.000 0.000
