RESULTS/r.avaflow_results/21_results/21_ascii/21_hflow_max0002.asc
ncols 506
nrows 317
xllcenter 498237.50
yllcenter 5580050.00
cellsize 12.50
NODATA_value -9999.000
[rows 238 to 271 of 317, columns 77 to 153 of 506]
0.000 0.000 0.000 0.000 0.000 0.000 0.000 0.000 0.000 0.000 0.000 0.000 0.000 0.000 0.000 0.000 0.000 0.000 0.001 0.003 0.007 0.014 0.026 0.035 0.038 0.036 0.029 0.019 0.013 0.008 0.005 0.004 0.004 0.004 0.006 0.010 0.018 0.028 0.035 0.036 0.033 0.028 0.023 0.019 0.018 0.018 0.019 0.022 0.030 0.046 0.090 0.225 0.631 1.465 2.009 2.095 2.033 1.710 0.941 0.358 0.120 0.037 0.010 0.002 0.000 0.000 0.000 0.000 0.000 0.000 0.000 0.000 0.000 0.000 0.000 0.000 0.000
0.000 0.000 0.001 0.001 0.002 0.002 0.002 0.002 0.002 0.002 0.002 0.002 0.002 0.001 0.001 0.001 0.001 0.002 0.003 0.006 0.014 0.029 0.054 0.074 0.081 0.077 0.063 0.045 0.033 0.024 0.017 0.013 0.012 0.012 0.015 0.023 0.038 0.054 0.059 0.057 0.047 0.038 0.029 0.025 0.023 0.024 0.026 0.032 0.044 0.070 0.136 0.321 0.836 1.682 2.065 2.115 2.048 1.530 0.713 0.252 0.078 0.022 0.006 0.002 0.001 0.000 0.000 0.000 0.000 0.000 0.000 0.000 0.000 0.000 0.000 0.000 0.000
0.001 0.003 0.005 0.006 0.007 0.008 0.008 0.008 0.007 0.007 0.007 0.007 0.007 0.006 0.006 0.005 0.005 0.005 0.006 0.011 0.024 0.051 0.096 0.136 0.150 0.145 0.121 0.091 0.073 0.060 0.047 0.037 0.031 0.031 0.035 0.048 0.073 0.093 0.096 0.087 0.068 0.049 0.037 0.033 0.032 0.033 0.037 0.049 0.070 0.112 0.206 0.438 1.015 1.743 2.021 2.082 1.922 1.267 0.512 0.169 0.051 0.016 0.006 0.002 0.000 0.000 0.000 0.000 0.000 0.000 0.000 0.000 0.000 0.000 0.000 0.000 0.000
0.006 0.010 0.013 0.016 0.018 0.019 0.019 0.018 0.017 0.016 0.016 0.017 0.017 0.018 0.017 0.016 0.013 0.012 0.013 0.019 0.038 0.081 0.153 0.212 0.233 0.225 0.193 0.156 0.140 0.129 0.115 0.096 0.079 0.073 0.076 0.093 0.127 0.147 0.146 0.125 0.096 0.064 0.050 0.046 0.046 0.050 0.060 0.082 0.120 0.187 0.319 0.591 1.200 1.794 1.979 2.002 1.740 0.988 0.366 0.121 0.042 0.016 0.005 0.002 0.000 0.000 0.000 0.000 0.000 0.000 0.000 0.000 0.000 0.000 0.000 0.000 0.000
0.016 0.025 0.033 0.039 0.042 0.042 0.039 0.035 0.032 0.031 0.031 0.034 0.039 0.042 0.043 0.040 0.034 0.029 0.028 0.034 0.060 0.122 0.217 0.279 0.293 0.277 0.251 0.225 0.224 0.230 0.234 0.220 0.186 0.156 0.151 0.165 0.197 0.211 0.204 0.173 0.127 0.084 0.074 0.072 0.074 0.085 0.109 0.151 0.218 0.322 0.484 0.766 1.359 1.822 1.958 1.944 1.553 0.760 0.283 0.105 0.042 0.016 0.005 0.002 0.000 0.000 0.000 0.000 0.000 0.000 0.000 0.000 0.000 0.000 0.000 0.000 0.000
0.033 0.051 0.062 0.067 0.066 0.061 0.053 0.046 0.044 0.045 0.050 0.060 0.077 0.091 0.095 0.092 0.080 0.062 0.054 0.058 0.088 0.170 0.280 0.335 0.338 0.322 0.288 0.278 0.300 0.349 0.406 0.420 0.383 0.309 0.272 0.272 0.290 0.295 0.278 0.232 0.168 0.130 0.123 0.123 0.132 0.159 0.212 0.296 0.413 0.547 0.669 0.971 1.473 1.792 1.897 1.849 1.337 0.613 0.250 0.105 0.044 0.017 0.006 0.002 0.001 0.000 0.000 0.000 0.000 0.000 0.000 0.000 0.000 0.000 0.000 0.000 0.000
0.042 0.065 0.075 0.076 0.074 0.067 0.056 0.048 0.049 0.055 0.070 0.095 0.136 0.174 0.190 0.189 0.167 0.125 0.099 0.096 0.126 0.222 0.339 0.385 0.377 0.352 0.310 0.306 0.361 0.481 0.623 0.693 0.675 0.559 0.451 0.424 0.427 0.426 0.402 0.340 0.262 0.228 0.221 0.226 0.252 0.313 0.418 0.568 0.724 0.803 0.884 1.175 1.531 1.746 1.828 1.697 1.091 0.515 0.245 0.112 0.047 0.018 0.006 0.002 0.001 0.000 0.000 0.000 0.000 0.000 0.000 0.000 0.000 0.000 0.000 0.000 0.000
0.043 0.068 0.076 0.077 0.075 0.069 0.058 0.049 0.049 0.059 0.084 0.131 0.209 0.294 0.336 0.341 0.308 0.235 0.167 0.148 0.171 0.273 0.393 0.430 0.419 0.371 0.314 0.303 0.374 0.581 0.870 1.030 1.046 0.909 0.700 0.612 0.599 0.599 0.588 0.541 0.464 0.426 0.422 0.445 0.510 0.628 0.802 0.975 1.045 0.944 1.051 1.290 1.497 1.633 1.709 1.480 0.905 0.492 0.256 0.121 0.051 0.019 0.007 0.002 0.001 0.000 0.000 0.000 0.000 0.000 0.000 0.000 0.000 0.000 0.000 0.000 0.000
0.041 0.064 0.075 0.078 0.077 0.072 0.061 0.051 0.051 0.060 0.090 0.153 0.271 0.425 0.515 0.535 0.492 0.390 0.268 0.212 0.227 0.329 0.448 0.476 0.458 0.386 0.312 0.298 0.368 0.598 1.082 1.451 1.518 1.356 1.043 0.794 0.712 0.703 0.720 0.760 0.789 0.804 0.840 0.925 1.066 1.243 1.393 1.427 1.240 1.078 1.108 1.273 1.379 1.484 1.476 1.207 0.807 0.516 0.280 0.130 0.054 0.021 0.007 0.002 0.001 0.000 0.000 0.000 0.000 0.000 0.000 0.000 0.000 0.000 0.000 0.000 0.000
0.032 0.059 0.074 0.079 0.078 0.075 0.065 0.054 0.053 0.062 0.091 0.161 0.302 0.519 0.671 0.715 0.677 0.567 0.387 0.286 0.295 0.393 0.509 0.528 0.502 0.402 0.311 0.301 0.374 0.574 1.140 1.855 2.094 1.908 1.507 1.043 0.797 0.737 0.765 0.856 1.020 1.269 1.562 1.815 1.998 2.067 1.975 1.706 1.457 1.095 1.074 1.175 1.264 1.278 1.195 1.000 0.796 0.558 0.301 0.138 0.056 0.022 0.008 0.003 0.001 0.000 0.000 0.000 0.000 0.000 0.000 0.000 0.000 0.000 0.000 0.000 0.000
0.024 0.051 0.071 0.080 0.081 0.078 0.071 0.058 0.055 0.063 0.093 0.163 0.309 0.571 0.802 0.889 0.861 0.748 0.528 0.381 0.382 0.474 0.576 0.583 0.543 0.405 0.307 0.305 0.391 0.577 1.050 2.042 2.573 2.468 2.051 1.346 0.879 0.782 0.813 0.929 1.105 1.443 1.991 2.396 2.542 2.503 2.289 1.993 1.532 1.106 1.037 1.099 1.132 1.101 1.004 1.000 0.809 0.591 0.318 0.143 0.059 0.023 0.008 0.003 0.001 0.000 0.000 0.000 0.000 0.000 0.000 0.000 0.000 0.000 0.000 0.000 0.000
0.018 0.042 0.068 0.081 0.084 0.083 0.077 0.066 0.059 0.065 0.094 0.164 0.306 0.586 0.906 1.056 1.050 0.947 0.709 0.513 0.500 0.572 0.639 0.639 0.558 0.387 0.299 0.314 0.417 0.604 0.982 1.996 2.872 2.949 2.595 1.776 1.011 0.869 0.883 0.987 1.163 1.438 2.030 2.562 2.784 2.769 2.564 2.218 1.650 1.151 1.000 1.035 1.039 1.002 1.000 1.000 0.851 0.626 0.329 0.147 0.061 0.024 0.009 0.003 0.001 0.000 0.000 0.000 0.000 0.000 0.000 0.000 0.000 0.000 0.000 0.000 0.000
0.013 0.033 0.063 0.080 0.086 0.087 0.084 0.074 0.063 0.066 0.092 0.164 0.310 0.578 1.004 1.228 1.253 1.168 0.958 0.721 0.682 0.707 0.718 0.687 0.539 0.361 0.296 0.333 0.459 0.653 0.975 1.796 2.987 3.301 3.082 2.349 1.271 1.031 0.991 1.042 1.160 1.388 1.822 2.496 2.813 2.858 2.757 2.414 1.791 1.194 1.000 1.001 1.002 1.000 1.019 1.000 1.000 0.656 0.339 0.151 0.064 0.025 0.009 0.003 0.001 0.000 0.000 0.000 0.000 0.000 0.000 0.000 0.000 0.000 0.000 0.000 0.000
0.009 0.025 0.054 0.077 0.088 0.091 0.089 0.082 0.069 0.066 0.088 0.162 0.325 0.594 1.100 1.441 1.526 1.498 1.322 1.097 0.983 0.907 0.825 0.709 0.512 0.362 0.315 0.365 0.526 0.745 1.031 1.684 2.983 3.581 3.474 2.946 1.719 1.248 1.138 1.092 1.127 1.241 1.513 2.080 2.625 2.842 2.788 2.467 1.821 1.226 1.000 1.000 1.000 1.029 1.098 1.060 1.000 0.686 0.354 0.159 0.066 0.026 0.009 0.003 0.001 0.000 0.000 0.000 0.000 0.000 0.000 0.000 0.000 0.000 0.000 0.000 0.000
0.006 0.018 0.042 0.071 0.087 0.094 0.094 0.089 0.077 0.067 0.082 0.155 0.337 0.636 1.138 1.622 1.823 1.852 1.762 1.549 1.330 1.130 0.916 0.683 0.507 0.380 0.351 0.418 0.631 0.873 1.138 1.664 2.988 3.854 3.923 3.523 2.303 1.446 1.264 1.158 1.099 1.120 1.227 1.514 2.088 2.527 2.576 2.301 1.747 1.227 1.014 1.000 1.000 1.107 1.174 1.141 1.019 1.000 0.386 0.169 0.069 0.026 0.009 0.003 0.001 0.000 0.000 0.000 0.000 0.000 0.000 0.000 0.000 0.000 0.000 0.000 0.000
0.004 0.012 0.031 0.061 0.085 0.095 0.097 0.094 0.084 0.070 0.077 0.142 0.342 0.676 1.096 1.688 2.004 2.089 2.044 1.866 1.626 1.317 0.932 0.672 0.520 0.412 0.403 0.511 0.777 1.052 1.299 1.730 3.007 4.067 4.236 3.941 2.814 1.603 1.377 1.218 1.095 1.039 1.042 1.131 1.437 1.891 2.062 1.945 1.573 1.210 1.013 1.000 1.000 1.126 1.190 1.182 1.039 1.000 0.480 0.183 0.068 0.025 0.008 0.002 0.000 0.000 0.000 0.000 0.000 0.000 0.000 0.000 0.000 0.000 0.000 0.000 0.000
0.002 0.008 0.022 0.050 0.079 0.094 0.100 0.098 0.090 0.077 0.078 0.131 0.335 0.710 1.015 1.687 2.098 2.240 2.224 2.069 1.826 1.431 0.970 0.701 0.554 0.481 0.554 0.666 0.963 1.242 1.492 1.855 3.034 4.203 4.429 4.194 3.103 1.653 1.398 1.210 1.087 1.008 1.000 1.002 1.108 1.361 1.526 1.500 1.309 1.138 1.005 1.000 1.000 1.041 1.146 1.127 1.011 1.000 1.000 0.190 0.060 0.020 0.006 0.001 0.000 0.000 0.000 0.000 0.000 0.000 0.000 0.000 0.000 0.000 0.000 0.000 0.000
0.001 0.005 0.015 0.037 0.069 0.091 0.102 0.104 0.098 0.086 0.082 0.122 0.319 0.725 1.056 1.646 2.182 2.397 2.410 2.264 2.008 1.556 1.045 0.762 0.621 0.750 1.000 1.000 1.143 1.398 1.646 1.974 3.051 4.282 4.535 4.328 3.197 1.629 1.349 1.172 1.052 1.003 1.000 1.000 1.041 1.114 1.182 1.155 1.054 1.016 1.001 1.000 1.000 1.000 1.005 1.004 1.000 1.000 1.000 0.165 0.038 0.010 0.003 0.001 0.000 0.000 0.000 0.000 0.000 0.000 0.000 0.000 0.000 0.000 0.000 0.000 0.000
0.000 0.003 0.010 0.026 0.056 0.085 0.103 0.111 0.108 0.097 0.091 0.119 0.306 0.722 1.078 1.534 2.250 2.555 2.594 2.456 2.194 1.700 1.144 0.868 1.000 1.000 1.000 1.021 1.260 1.480 1.716 2.040 2.983 4.304 4.580 4.394 3.233 1.558 1.274 1.129 1.024 1.000 1.000 1.000 1.026 1.043 1.062 1.031 1.000 1.000 1.000 1.000 1.000 1.000 1.000 1.000 1.000 1.000 0.283 0.057 0.012 0.003 0.001 0.000 0.000 0.000 0.000 0.000 0.000 0.000 0.000 0.000 0.000 0.000 0.000 0.000 0.000
0.000 0.001 0.006 0.017 0.040 0.074 0.101 0.117 0.123 0.115 0.110 0.135 0.313 0.723 1.096 1.388 2.299 2.708 2.764 2.645 2.378 1.833 1.251 1.000 1.000 1.000 1.000 1.119 1.282 1.465 1.684 2.003 2.816 4.250 4.541 4.399 3.257 1.477 1.197 1.087 1.013 1.000 1.000 1.000 1.005 1.038 1.043 1.017 1.000 1.000 1.000 1.000 1.000 1.000 1.000 0.309 0.202 0.151 0.052 0.012 0.003 0.001 0.000 0.000 0.000 0.000 0.000 0.000 0.000 0.000 0.000 0.000 0.000 0.000 0.000 0.000 0.000
0.000 0.000 0.003 0.010 0.028 0.058 0.093 0.121 0.140 0.144 0.144 0.177 0.359 0.754 1.110 1.362 2.348 2.871 2.935 2.799 2.488 1.875 1.300 1.050 1.000 1.000 1.039 1.139 1.241 1.357 1.522 1.815 2.511 4.085 4.437 4.335 3.285 1.453 1.160 1.052 1.003 1.000 1.000 1.000 1.001 1.027 1.043 1.032 1.003 1.001 1.000 1.000 1.000 0.351 0.157 0.060 0.032 0.018 0.008 0.003 0.001 0.000 0.000 0.000 0.000 0.000 0.000 0.000 0.000 0.000 0.000 0.000 0.000 0.000 0.000 0.000 0.000
0.000 0.000 0.001 0.006 0.018 0.043 0.077 0.119 0.164 0.192 0.211 0.263 0.470 0.843 1.111 1.401 2.416 3.015 3.053 2.918 2.515 1.824 1.287 1.078 1.006 1.000 1.000 1.081 1.159 1.233 1.331 1.520 2.118 3.760 4.256 4.207 3.284 1.562 1.163 1.051 1.001 1.000 1.000 1.000 1.000 1.004 1.016 1.004 1.000 1.000 1.000 0.349 0.162 0.075 0.032 0.014 0.007 0.004 0.002 0.001 0.000 0.000 0.000 0.000 0.000 0.000 0.000 0.000 0.000 0.000 0.000 0.000 0.000 0.000 0.000 0.000 0.000
0.000 0.000 0.001 0.003 0.011 0.029 0.061 0.112 0.201 0.292 0.355 0.500 0.692 0.943 1.129 1.455 2.422 3.039 3.110 2.962 2.462 1.733 1.251 1.086 1.032 1.000 1.000 1.005 1.046 1.056 1.090 1.262 1.864 3.470 4.004 4.056 3.241 1.687 1.193 1.073 1.007 1.000 1.000 1.000 1.000 1.000 1.000 1.000 1.000 0.351 0.156 0.073 0.038 0.018 0.008 0.004 0.002 0.001 0.000 0.000 0.000 0.000 0.000 0.000 0.000 0.000 0.000 0.000 0.000 0.000 0.000 0.000 0.000 0.000 0.000 0.000 0.000
0.000 0.000 0.000 0.001 0.005 0.015 0.041 0.095 0.250 0.500 0.750 1.000 1.000 1.000 1.119 1.550 2.433 2.986 3.092 2.936 2.390 1.682 1.211 1.072 1.015 1.000 1.000 1.000 1.001 1.001 1.000 1.110 1.799 3.249 3.745 3.794 3.078 1.703 1.223 1.083 1.016 1.000 1.000 1.000 1.000 1.000 1.000 1.000 0.278 0.076 0.035 0.018 0.009 0.004 0.002 0.001 0.000 0.000 0.000 0.000 0.000 0.000 0.000 0.000 0.000 0.000 0.000 0.000 0.000 0.000 0.000 0.000 0.000 0.000 0.000 0.000 0.000
0.000 0.000 0.000 0.000 0.002 0.006 0.019 0.059 0.250 1.000 1.000 1.000 1.000 1.000 1.088 1.608 2.397 2.848 2.989 2.819 2.305 1.645 1.175 1.019 1.001 1.000 1.000 1.000 1.000 1.000 1.000 1.019 1.899 3.056 3.493 3.485 2.708 1.615 1.211 1.083 1.017 1.000 1.000 1.000 1.000 1.000 0.348 0.156 0.048 0.018 0.008 0.004 0.002 0.001 0.000 0.000 0.000 0.000 0.000 0.000 0.000 0.000 0.000 0.000 0.000 0.000 0.000 0.000 0.000 0.000 0.000 0.000 0.000 0.000 0.000 0.000 0.000
0.000 0.000 0.000 0.000 0.000 0.002 0.006 0.019 0.078 0.310 1.000 1.000 1.000 1.000 1.122 1.594 2.200 2.585 2.722 2.551 2.138 1.602 1.171 1.001 1.000 1.000 1.000 1.000 1.000 1.000 1.000 1.186 2.091 2.887 3.187 3.016 2.152 1.417 1.162 1.067 1.018 1.000 1.000 1.000 1.000 0.282 0.079 0.030 0.011 0.004 0.002 0.001 0.000 0.000 0.000 0.000 0.000 0.000 0.000 0.000 0.000 0.000 0.000 0.000 0.000 0.000 0.000 0.000 0.000 0.000 0.000 0.000 0.000 0.000 0.000 0.000 0.000
0.000 0.000 0.000 0.000 0.000 0.001 0.002 0.005 0.017 0.068 0.279 1.000 1.000 1.000 1.146 1.503 1.824 2.179 2.241 2.128 1.876 1.529 1.174 1.000 1.000 1.000 1.000 1.000 1.000 1.000 1.065 1.429 2.155 2.688 2.888 2.476 1.645 1.243 1.102 1.041 1.001 1.000 1.000 1.000 0.277 0.064 0.021 0.008 0.003 0.001 0.000 0.000 0.000 0.000 0.000 0.000 0.000 0.000 0.000 0.000 0.000 0.000 0.000 0.000 0.000 0.000 0.000 0.000 0.000 0.000 0.000 0.000 0.000 0.000 0.000 0.000 0.000
0.000 0.000 0.000 0.000 0.000 0.000 0.000 0.001 0.004 0.012 0.055 0.273 1.000 1.000 1.115 1.320 1.543 1.689 1.714 1.680 1.586 1.407 1.165 1.019 1.001 1.000 1.000 1.042 1.116 1.149 1.192 1.480 2.001 2.396 2.447 1.854 1.309 1.129 1.064 1.004 1.000 1.000 0.352 0.156 0.047 0.016 0.006 0.002 0.001 0.000 0.000 0.000 0.000 0.000 0.000 0.000 0.000 0.000 0.000 0.000 0.000 0.000 0.000 0.000 0.000 0.000 0.000 0.000 0.000 0.000 0.000 0.000 0.000 0.000 0.000 0.000 0.000
0.000 0.000 0.000 0.000 0.000 0.000 0.000 0.000 0.001 0.002 0.008 0.047 0.272 1.000 1.000 1.140 1.238 1.265 1.298 1.339 1.342 1.277 1.128 1.024 1.001 1.000 1.000 1.005 1.047 1.085 1.107 1.299 1.691 1.974 1.849 1.320 1.086 1.037 1.003 1.000 1.000 0.276 0.073 0.027 0.010 0.004 0.002 0.001 0.000 0.000 0.000 0.000 0.000 0.000 0.000 0.000 0.000 0.000 0.000 0.000 0.000 0.000 0.000 0.000 0.000 0.000 0.000 0.000 0.000 0.000 0.000 0.000 0.000 0.000 0.000 0.000 0.000
0.000 0.000 0.000 0.000 0.000 0.000 0.000 0.000 0.000 0.001 0.001 0.006 0.047 0.279 1.000 1.000 1.005 1.016 1.041 1.134 1.189 1.162 1.049 1.004 1.000 1.000 1.000 1.000 1.000 1.000 1.000 1.003 1.334 1.534 1.288 1.012 1.001 1.000 1.000 1.000 0.277 0.055 0.015 0.006 0.002 0.001 0.000 0.000 0.000 0.000 0.000 0.000 0.000 0.000 0.000 0.000 0.000 0.000 0.000 0.000 0.000 0.000 0.000 0.000 0.000 0.000 0.000 0.000 0.000 0.000 0.000 0.000 0.000 0.000 0.000 0.000 0.000
0.000 0.000 0.000 0.000 0.000 0.000 0.000 0.000 0.000 0.000 0.000 0.002 0.011 0.060 0.279 1.000 1.000 1.000 1.000 1.026 1.084 1.058 1.002 1.000 1.000 1.000 1.000 1.000 1.000 1.000 1.000 1.000 1.000 1.000 1.000 1.000 1.000 1.000 0.345 0.152 0.044 0.010 0.003 0.001 0.001 0.000 0.000 0.000 0.000 0.000 0.000 0.000 0.000 0.000 0.000 0.000 0.000 0.000 0.000 0.000 0.000 0.000 0.000 0.000 0.000 0.000 0.000 0.000 0.000 0.000 0.000 0.000 0.000 0.000 0.000 0.000 0.000
0.000 0.000 0.000 0.000 0.000 0.000 0.000 0.000 0.000 0.000 0.000 0.001 0.004 0.016 0.061 0.276 1.000 1.000 1.000 1.000 1.004 1.000 1.000 1.000 1.000 0.330 0.214 0.188 0.179 0.177 0.175 0.176 0.203 0.341 1.000 1.000 1.000 0.276 0.072 0.024 0.007 0.002 0.001 0.000 0.000 0.000 0.000 0.000 0.000 0.000 0.000 0.000 0.000 0.000 0.000 0.000 0.000 0.000 0.000 0.000 0.000 0.000 0.000 0.000 0.000 0.000 0.000 0.000 0.000 0.000 0.000 0.000 0.000 0.000 0.000 0.000 0.000
0.000 0.000 0.000 0.000 0.000 0.000 0.000 0.000 0.000 0.000 0.000 0.000 0.001 0.004 0.014 0.057 0.274 1.000 1.000 1.000 1.000 1.000 0.321 0.206 0.152 0.063 0.036 0.025 0.020 0.016 0.014 0.014 0.018 0.050 0.150 0.176 0.149 0.052 0.019 0.007 0.002 0.001 0.000 0.000 0.000 0.000 0.000 0.000 0.000 0.000 0.000 0.000 0.000 0.000 0.000 0.000 0.000 0.000 0.000 0.000 0.000 0.000 0.000 0.000 0.000 0.000 0.000 0.000 0.000 0.000 0.000 0.000 0.000 0.000 0.000 0.000 0.000
0.000 0.000 0.000 0.000 0.000 0.000 0.000 0.000 0.000 0.000 0.000 0.000 0.000 0.001 0.003 0.009 0.045 0.149 0.178 0.178 0.178 0.151 0.058 0.034 0.021 0.013 0.008 0.005 0.003 0.002 0.001 0.001 0.001 0.004 0.013 0.015 0.015 0.009 0.005 0.002 0.001 0.000 0.000 0.000 0.000 0.000 0.000 0.000 0.000 0.000 0.000 0.000 0.000 0.000 0.000 0.000 0.000 0.000 0.000 0.000 0.000 0.000 0.000 0.000 0.000 0.000 0.000 0.000 0.000 0.000 0.000 0.000 0.000 0.000 0.000 0.000 0.000
