RESULTS/r.avaflow_results/21_results/21_ascii/21_hflow0048.asc
ncols 506
nrows 317
xllcenter 498237.50
yllcenter 5580050.00
cellsize 12.50
NODATA_value -9999.000
[rows 170 to 203 of 317, columns 154 to 230 of 506]
8.442 8.229 8.017 7.799 7.563 7.314 7.074 6.862 6.674 6.499 6.335 6.175 5.997 5.749 5.365 4.818 4.133 3.369 2.624 1.954 1.378 0.921 0.596 0.392 0.273 0.207 0.176 0.165 0.165 0.174 0.195 0.220 0.237 0.248 0.258 0.270 0.287 0.298 0.301 0.297 0.287 0.277 0.270 0.263 0.252 0.234 0.206 0.178 0.155 0.135 0.116 0.101 0.089 0.081 0.077 0.076 0.077 0.081 0.085 0.089 0.090 0.090 0.089 0.087 0.086 0.087 0.090 0.102 0.129 0.171 0.202 0.214 0.213 0.199 0.169 0.134 0.103
11.776 11.911 11.930 11.873 11.744 11.520 11.228 10.915 10.613 10.321 10.043 9.775 9.499 9.167 8.687 7.993 7.089 6.023 4.887 3.798 2.804 1.949 1.278 0.815 0.534 0.373 0.288 0.251 0.242 0.250 0.269 0.284 0.289 0.290 0.290 0.292 0.299 0.303 0.303 0.296 0.281 0.267 0.256 0.244 0.228 0.202 0.162 0.123 0.096 0.078 0.068 0.061 0.056 0.054 0.054 0.055 0.059 0.064 0.069 0.071 0.071 0.071 0.069 0.067 0.066 0.066 0.069 0.078 0.098 0.136 0.179 0.204 0.214 0.214 0.205 0.185 0.155
15.288 15.782 15.950 15.925 15.780 15.497 15.129 14.742 14.375 14.018 13.677 13.357 13.041 12.694 12.226 11.524 10.534 9.291 7.885 6.442 5.042 3.734 2.593 1.703 1.093 0.715 0.497 0.383 0.333 0.315 0.310 0.307 0.303 0.298 0.292 0.290 0.291 0.290 0.285 0.270 0.246 0.224 0.206 0.187 0.164 0.131 0.095 0.069 0.054 0.046 0.042 0.039 0.038 0.038 0.039 0.041 0.046 0.052 0.055 0.057 0.057 0.056 0.054 0.052 0.052 0.052 0.054 0.061 0.075 0.100 0.142 0.185 0.209 0.218 0.219 0.213 0.195
17.875 18.694 19.041 19.071 18.950 18.697 18.369 18.025 17.682 17.324 16.952 16.593 16.252 15.895 15.447 14.780 13.829 12.614 11.206 9.664 8.040 6.367 4.708 3.263 2.151 1.374 0.883 0.600 0.447 0.366 0.324 0.306 0.296 0.286 0.275 0.266 0.258 0.250 0.236 0.209 0.173 0.145 0.124 0.106 0.088 0.069 0.051 0.040 0.034 0.030 0.028 0.027 0.027 0.028 0.029 0.031 0.036 0.041 0.044 0.045 0.045 0.044 0.043 0.042 0.042 0.043 0.045 0.049 0.058 0.074 0.102 0.147 0.191 0.214 0.221 0.220 0.212
19.289 20.345 20.942 21.176 21.217 21.133 20.984 20.797 20.566 20.265 19.887 19.477 19.096 18.710 18.258 17.615 16.704 15.536 14.169 12.664 11.041 9.286 7.364 5.380 3.656 2.330 1.415 0.860 0.554 0.395 0.320 0.286 0.265 0.247 0.229 0.211 0.194 0.177 0.156 0.127 0.099 0.080 0.067 0.057 0.048 0.038 0.031 0.026 0.023 0.021 0.020 0.020 0.020 0.021 0.022 0.024 0.028 0.032 0.034 0.035 0.035 0.035 0.035 0.035 0.035 0.036 0.038 0.042 0.047 0.057 0.074 0.104 0.153 0.195 0.214 0.217 0.213
19.641 20.811 21.637 22.172 22.510 22.706 22.801 22.794 22.704 22.493 22.127 21.646 21.210 20.799 20.349 19.751 18.928 17.858 16.545 15.018 13.309 11.425 9.324 6.949 4.736 2.987 1.756 1.010 0.609 0.404 0.302 0.246 0.209 0.178 0.152 0.132 0.118 0.105 0.090 0.073 0.057 0.047 0.040 0.034 0.029 0.024 0.020 0.018 0.017 0.016 0.016 0.016 0.016 0.016 0.017 0.019 0.021 0.024 0.026 0.028 0.028 0.029 0.029 0.030 0.031 0.032 0.034 0.036 0.040 0.047 0.057 0.076 0.110 0.156 0.189 0.203 0.206
19.427 20.660 21.620 22.345 22.930 23.390 23.676 23.787 23.783 23.654 23.310 22.764 22.284 21.885 21.462 20.917 20.188 19.236 18.011 16.484 14.683 12.645 10.355 7.731 5.221 3.250 1.874 1.053 0.618 0.392 0.269 0.195 0.145 0.111 0.089 0.076 0.068 0.061 0.053 0.044 0.036 0.030 0.026 0.022 0.019 0.017 0.015 0.013 0.012 0.012 0.012 0.012 0.012 0.012 0.013 0.014 0.016 0.018 0.020 0.021 0.022 0.023 0.024 0.025 0.027 0.028 0.030 0.032 0.036 0.040 0.048 0.060 0.082 0.115 0.149 0.174 0.187
18.675 20.035 21.193 22.136 22.892 23.456 23.797 23.936 23.952 23.860 23.533 22.959 22.461 22.086 21.690 21.171 20.486 19.606 18.461 16.969 15.129 12.994 10.592 7.858 5.265 3.241 1.845 1.023 0.586 0.352 0.220 0.141 0.095 0.068 0.054 0.046 0.041 0.037 0.033 0.028 0.024 0.021 0.018 0.016 0.014 0.012 0.011 0.010 0.009 0.009 0.009 0.009 0.009 0.009 0.010 0.010 0.012 0.013 0.015 0.016 0.018 0.019 0.020 0.022 0.023 0.025 0.027 0.029 0.032 0.036 0.042 0.051 0.065 0.086 0.113 0.137 0.157
17.492 18.996 20.347 21.509 22.436 23.078 23.427 23.550 23.553 23.450 23.134 22.587 22.074 21.676 21.257 20.726 20.061 19.235 18.157 16.713 14.882 12.711 10.227 7.430 4.892 2.938 1.625 0.873 0.479 0.268 0.152 0.090 0.059 0.043 0.034 0.029 0.026 0.024 0.021 0.019 0.017 0.015 0.013 0.011 0.010 0.009 0.008 0.007 0.007 0.006 0.006 0.006 0.006 0.006 0.007 0.007 0.008 0.009 0.011 0.012 0.014 0.015 0.016 0.018 0.020 0.021 0.023 0.026 0.029 0.033 0.038 0.045 0.056 0.070 0.089 0.108 0.126
16.060 17.659 19.111 20.378 21.392 22.089 22.459 22.560 22.512 22.324 21.998 21.572 21.088 20.569 20.004 19.393 18.716 17.924 16.908 15.513 13.679 11.441 8.861 6.169 3.888 2.209 1.141 0.568 0.287 0.151 0.086 0.053 0.037 0.028 0.023 0.020 0.018 0.017 0.015 0.013 0.012 0.011 0.009 0.008 0.007 0.006 0.006 0.005 0.005 0.004 0.004 0.004 0.004 0.004 0.004 0.005 0.005 0.006 0.008 0.009 0.010 0.011 0.013 0.014 0.016 0.018 0.020 0.023 0.026 0.030 0.035 0.041 0.050 0.061 0.075 0.091 0.105
14.404 15.995 17.448 18.738 19.810 20.592 21.029 21.135 21.026 20.733 20.428 20.166 19.753 19.070 18.258 17.510 16.767 15.932 14.848 13.354 11.378 8.955 6.358 4.035 2.301 1.177 0.556 0.260 0.131 0.073 0.046 0.032 0.024 0.020 0.017 0.015 0.013 0.012 0.011 0.010 0.009 0.008 0.007 0.006 0.005 0.004 0.004 0.003 0.003 0.002 0.002 0.002 0.002 0.002 0.002 0.003 0.003 0.004 0.005 0.006 0.007 0.008 0.010 0.011 0.013 0.015 0.017 0.020 0.023 0.027 0.032 0.038 0.046 0.056 0.068 0.081 0.093
12.493 13.981 15.395 16.739 17.949 18.911 19.512 19.714 19.639 19.374 19.081 18.801 18.330 17.516 16.536 15.645 14.750 13.699 12.292 10.409 7.995 5.468 3.376 1.917 1.001 0.484 0.224 0.108 0.060 0.038 0.028 0.021 0.017 0.014 0.013 0.011 0.010 0.009 0.008 0.007 0.006 0.005 0.005 0.004 0.003 0.003 0.002 0.002 0.001 0.001 0.001 0.001 0.001 0.001 0.001 0.001 0.002 0.002 0.003 0.004 0.005 0.006 0.007 0.008 0.010 0.012 0.014 0.017 0.020 0.024 0.029 0.035 0.044 0.053 0.064 0.075 0.086
10.390 11.744 13.127 14.552 15.958 17.145 17.947 18.279 18.259 18.040 17.698 17.265 16.619 15.708 14.670 13.647 12.538 11.100 9.120 6.682 4.327 2.551 1.373 0.698 0.349 0.173 0.087 0.049 0.032 0.023 0.019 0.015 0.013 0.011 0.010 0.008 0.007 0.007 0.006 0.005 0.004 0.004 0.003 0.002 0.002 0.001 0.001 0.001 0.001 0.000 0.000 0.000 0.000 0.000 0.000 0.000 0.001 0.001 0.001 0.002 0.003 0.004 0.005 0.006 0.008 0.009 0.011 0.014 0.017 0.021 0.026 0.033 0.041 0.051 0.062 0.071 0.081
8.324 9.518 10.789 12.185 13.661 14.952 15.871 16.313 16.358 16.144 15.638 14.888 13.963 12.953 11.891 10.731 9.323 7.431 5.193 3.180 1.763 0.877 0.417 0.209 0.113 0.064 0.039 0.026 0.020 0.016 0.014 0.011 0.010 0.008 0.007 0.006 0.005 0.005 0.004 0.003 0.003 0.002 0.002 0.001 0.001 0.001 0.000 0.000 0.000 0.000 0.000 0.000 0.000 0.000 0.000 0.000 0.000 0.000 0.001 0.001 0.002 0.002 0.003 0.004 0.005 0.007 0.009 0.012 0.015 0.019 0.024 0.031 0.039 0.049 0.059 0.068 0.077
6.321 7.288 8.300 9.389 10.548 11.619 12.441 12.888 12.966 12.752 12.121 11.079 9.809 8.632 7.515 6.320 4.943 3.411 2.030 1.055 0.493 0.226 0.117 0.069 0.044 0.030 0.022 0.017 0.014 0.012 0.010 0.009 0.008 0.006 0.005 0.004 0.004 0.003 0.002 0.002 0.001 0.001 0.001 0.000 0.000 0.000 0.000 0.000 0.000 0.000 0.000 0.000 0.000 0.000 0.000 0.000 0.000 0.000 0.000 0.000 0.001 0.001 0.002 0.003 0.004 0.005 0.007 0.009 0.012 0.016 0.022 0.028 0.037 0.047 0.056 0.065 0.074
4.284 4.834 5.342 5.824 6.326 6.870 7.369 7.672 7.740 7.587 7.041 6.106 4.984 4.051 3.268 2.537 1.777 1.046 0.529 0.244 0.118 0.066 0.043 0.031 0.024 0.019 0.016 0.013 0.011 0.010 0.008 0.007 0.006 0.005 0.004 0.003 0.002 0.002 0.001 0.001 0.001 0.000 0.000 0.000 0.000 0.000 0.000 0.000 0.000 0.000 0.000 0.000 0.000 0.000 0.000 0.000 0.000 0.000 0.000 0.000 0.000 0.000 0.001 0.001 0.002 0.004 0.005 0.007 0.010 0.014 0.019 0.025 0.034 0.043 0.053 0.062 0.072
2.430 2.593 2.703 2.782 2.863 2.984 3.142 3.244 3.265 3.199 2.942 2.457 1.830 1.336 0.981 0.696 0.437 0.236 0.120 0.065 0.041 0.030 0.024 0.020 0.017 0.014 0.013 0.011 0.009 0.008 0.006 0.005 0.004 0.003 0.002 0.002 0.001 0.001 0.000 0.000 0.000 0.000 0.000 0.000 0.000 0.000 0.000 0.000 0.000 0.000 0.000 0.000 0.000 0.000 0.000 0.000 0.000 0.000 0.000 0.000 0.000 0.000 0.000 0.001 0.001 0.002 0.004 0.005 0.008 0.011 0.015 0.022 0.029 0.038 0.048 0.059 0.070
1.076 1.069 1.044 1.013 0.985 0.974 0.990 1.000 0.994 0.965 0.876 0.708 0.490 0.336 0.239 0.166 0.106 0.064 0.041 0.029 0.023 0.019 0.017 0.015 0.013 0.012 0.011 0.009 0.008 0.006 0.005 0.004 0.003 0.002 0.001 0.001 0.000 0.000 0.000 0.000 0.000 0.000 0.000 0.000 0.000 0.000 0.000 0.000 0.000 0.000 0.000 0.000 0.000 0.000 0.000 0.000 0.000 0.000 0.000 0.000 0.000 0.000 0.000 0.000 0.001 0.001 0.002 0.004 0.006 0.008 0.012 0.017 0.024 0.032 0.042 0.054 0.068
0.379 0.358 0.340 0.326 0.310 0.296 0.287 0.279 0.270 0.257 0.232 0.187 0.131 0.093 0.069 0.052 0.038 0.029 0.023 0.019 0.017 0.015 0.014 0.013 0.012 0.010 0.009 0.008 0.007 0.005 0.004 0.003 0.002 0.001 0.001 0.000 0.000 0.000 0.000 0.000 0.000 0.000 0.000 0.000 0.000 0.000 0.000 0.000 0.000 0.000 0.000 0.000 0.000 0.000 0.000 0.000 0.000 0.000 0.000 0.000 0.000 0.000 0.000 0.000 0.000 0.001 0.001 0.002 0.004 0.006 0.009 0.013 0.019 0.026 0.036 0.049 0.065
0.134 0.126 0.120 0.115 0.110 0.103 0.096 0.090 0.085 0.080 0.073 0.062 0.047 0.038 0.031 0.026 0.022 0.019 0.017 0.015 0.014 0.013 0.012 0.011 0.010 0.009 0.008 0.007 0.005 0.004 0.003 0.002 0.001 0.000 0.000 0.000 0.000 0.000 0.000 0.000 0.000 0.000 0.000 0.000 0.000 0.000 0.000 0.000 0.000 0.000 0.000 0.000 0.000 0.000 0.000 0.000 0.000 0.000 0.000 0.000 0.000 0.000 0.000 0.000 0.000 0.000 0.001 0.001 0.003 0.004 0.007 0.010 0.014 0.021 0.030 0.043 0.059
0.056 0.053 0.051 0.050 0.048 0.045 0.042 0.039 0.037 0.035 0.033 0.030 0.026 0.023 0.020 0.018 0.016 0.015 0.014 0.013 0.012 0.011 0.010 0.010 0.009 0.008 0.007 0.006 0.004 0.003 0.002 0.001 0.000 0.000 0.000 0.000 0.000 0.000 0.000 0.000 0.000 0.000 0.000 0.000 0.000 0.000 0.000 0.000 0.000 0.000 0.000 0.000 0.000 0.000 0.000 0.000 0.000 0.000 0.000 0.000 0.000 0.000 0.000 0.000 0.000 0.000 0.000 0.001 0.002 0.003 0.005 0.007 0.011 0.015 0.023 0.033 0.048
0.029 0.028 0.028 0.027 0.026 0.025 0.024 0.023 0.022 0.021 0.020 0.019 0.018 0.017 0.015 0.014 0.013 0.013 0.012 0.011 0.011 0.010 0.009 0.009 0.008 0.007 0.006 0.005 0.003 0.002 0.001 0.000 0.000 0.000 0.000 0.000 0.000 0.000 0.000 0.000 0.000 0.000 0.000 0.000 0.000 0.000 0.000 0.000 0.000 0.000 0.000 0.000 0.000 0.000 0.000 0.000 0.000 0.000 0.000 0.000 0.000 0.000 0.000 0.000 0.000 0.000 0.000 0.000 0.001 0.002 0.003 0.005 0.007 0.011 0.016 0.023 0.034
0.019 0.018 0.018 0.018 0.018 0.017 0.016 0.016 0.015 0.015 0.015 0.015 0.014 0.013 0.013 0.012 0.011 0.011 0.011 0.010 0.010 0.009 0.009 0.008 0.007 0.006 0.005 0.004 0.003 0.002 0.001 0.000 0.000 0.000 0.000 0.000 0.000 0.000 0.000 0.000 0.000 0.000 0.000 0.000 0.000 0.000 0.000 0.000 0.000 0.000 0.000 0.000 0.000 0.000 0.000 0.000 0.000 0.000 0.000 0.000 0.000 0.000 0.000 0.000 0.000 0.000 0.000 0.000 0.000 0.001 0.002 0.003 0.005 0.007 0.011 0.016 0.022
0.013 0.013 0.013 0.013 0.013 0.013 0.012 0.012 0.012 0.012 0.012 0.012 0.012 0.011 0.011 0.010 0.010 0.010 0.009 0.009 0.009 0.008 0.008 0.007 0.007 0.006 0.005 0.004 0.003 0.002 0.001 0.000 0.000 0.000 0.000 0.000 0.000 0.000 0.000 0.000 0.000 0.000 0.000 0.000 0.000 0.000 0.000 0.000 0.000 0.000 0.000 0.000 0.000 0.000 0.000 0.000 0.000 0.000 0.000 0.000 0.000 0.000 0.000 0.000 0.000 0.000 0.000 0.000 0.000 0.000 0.001 0.002 0.003 0.005 0.007 0.010 0.014
0.010 0.010 0.010 0.010 0.010 0.010 0.010 0.010 0.010 0.010 0.010 0.010 0.010 0.010 0.010 0.009 0.009 0.009 0.009 0.008 0.008 0.008 0.007 0.007 0.006 0.006 0.005 0.004 0.003 0.001 0.000 0.000 0.000 0.000 0.000 0.000 0.000 0.000 0.000 0.000 0.000 0.000 0.000 0.000 0.000 0.000 0.000 0.000 0.000 0.000 0.000 0.000 0.000 0.000 0.000 0.000 0.000 0.000 0.000 0.000 0.000 0.000 0.000 0.000 0.000 0.000 0.000 0.000 0.000 0.000 0.000 0.001 0.002 0.003 0.005 0.007 0.009
0.007 0.007 0.007 0.007 0.008 0.008 0.008 0.008 0.008 0.008 0.008 0.008 0.008 0.008 0.008 0.008 0.008 0.008 0.008 0.008 0.008 0.008 0.007 0.007 0.007 0.006 0.005 0.004 0.003 0.002 0.000 0.000 0.000 0.000 0.000 0.000 0.000 0.000 0.000 0.000 0.000 0.000 0.000 0.000 0.000 0.000 0.000 0.000 0.000 0.000 0.000 0.000 0.000 0.000 0.000 0.000 0.000 0.000 0.000 0.000 0.000 0.000 0.000 0.000 0.000 0.000 0.000 0.000 0.000 0.000 0.000 0.000 0.001 0.002 0.003 0.004 0.006
0.005 0.005 0.006 0.006 0.006 0.006 0.006 0.006 0.006 0.007 0.007 0.007 0.007 0.007 0.007 0.007 0.007 0.008 0.008 0.008 0.008 0.008 0.008 0.008 0.007 0.007 0.006 0.005 0.003 0.002 0.000 0.000 0.000 0.000 0.000 0.000 0.000 0.000 0.000 0.000 0.000 0.000 0.000 0.000 0.000 0.000 0.000 0.000 0.000 0.000 0.000 0.000 0.000 0.000 0.000 0.000 0.000 0.000 0.000 0.000 0.000 0.000 0.000 0.000 0.000 0.000 0.000 0.000 0.000 0.000 0.000 0.000 0.000 0.001 0.001 0.002 0.003
0.004 0.004 0.004 0.004 0.004 0.005 0.005 0.005 0.005 0.005 0.006 0.006 0.006 0.006 0.006 0.006 0.007 0.007 0.007 0.008 0.008 0.009 0.009 0.009 0.008 0.007 0.006 0.005 0.003 0.002 0.000 0.000 0.000 0.000 0.000 0.000 0.000 0.000 0.000 0.000 0.000 0.000 0.000 0.000 0.000 0.000 0.000 0.000 0.000 0.000 0.000 0.000 0.000 0.000 0.000 0.000 0.000 0.000 0.000 0.000 0.000 0.000 0.000 0.000 0.000 0.000 0.000 0.000 0.000 0.000 0.000 0.000 0.000 0.000 0.000 0.001 0.002
0.003 0.003 0.003 0.003 0.003 0.003 0.004 0.004 0.004 0.004 0.005 0.005 0.005 0.005 0.005 0.006 0.006 0.007 0.008 0.009 0.009 0.009 0.009 0.009 0.008 0.008 0.006 0.005 0.003 0.001 0.000 0.000 0.000 0.000 0.000 0.000 0.000 0.000 0.000 0.000 0.000 0.000 0.000 0.000 0.000 0.000 0.000 0.000 0.000 0.000 0.000 0.000 0.000 0.000 0.000 0.000 0.000 0.000 0.000 0.000 0.000 0.000 0.000 0.000 0.000 0.000 0.000 0.000 0.000 0.000 0.000 0.000 0.000 0.000 0.000 0.000 0.001
0.002 0.002 0.002 0.002 0.002 0.002 0.002 0.003 0.003 0.003 0.004 0.004 0.004 0.004 0.005 0.005 0.006 0.007 0.008 0.009 0.009 0.010 0.009 0.009 0.008 0.008 0.006 0.005 0.003 0.001 0.000 0.000 0.000 0.000 0.000 0.000 0.000 0.000 0.000 0.000 0.000 0.000 0.000 0.000 0.000 0.000 0.000 0.000 0.000 0.000 0.000 0.000 0.000 0.000 0.000 0.000 0.000 0.000 0.000 0.000 0.000 0.000 0.000 0.000 0.000 0.000 0.000 0.000 0.000 0.000 0.000 0.000 0.000 0.000 0.000 0.000 0.000
0.001 0.001 0.001 0.001 0.001 0.001 0.002 0.002 0.002 0.002 0.003 0.003 0.003 0.004 0.004 0.005 0.006 0.007 0.008 0.009 0.009 0.009 0.009 0.009 0.008 0.007 0.006 0.005 0.003 0.001 0.000 0.000 0.000 0.000 0.000 0.000 0.000 0.000 0.000 0.000 0.000 0.000 0.000 0.000 0.000 0.000 0.000 0.000 0.000 0.000 0.000 0.000 0.000 0.000 0.000 0.000 0.000 0.000 0.000 0.000 0.000 0.000 0.000 0.000 0.000 0.000 0.000 0.000 0.000 0.000 0.000 0.000 0.000 0.000 0.000 0.000 0.000
0.001 0.001 0.000 0.000 0.001 0.001 0.001 0.001 0.001 0.002 0.002 0.002 0.003 0.003 0.004 0.004 0.006 0.007 0.008 0.009 0.009 0.009 0.009 0.008 0.008 0.007 0.006 0.004 0.003 0.001 0.000 0.000 0.000 0.000 0.000 0.000 0.000 0.000 0.000 0.000 0.000 0.000 0.000 0.000 0.000 0.000 0.000 0.000 0.000 0.000 0.000 0.000 0.000 0.000 0.000 0.000 0.000 0.000 0.000 0.000 0.000 0.000 0.000 0.000 0.000 0.000 0.000 0.000 0.000 0.000 0.000 0.000 0.000 0.000 0.000 0.000 0.000
0.000 0.000 0.000 0.000 0.000 0.000 0.000 0.001 0.001 0.001 0.001 0.002 0.002 0.003 0.003 0.004 0.005 0.007 0.008 0.008 0.008 0.008 0.008 0.008 0.007 0.007 0.006 0.004 0.002 0.001 0.000 0.000 0.000 0.000 0.000 0.000 0.000 0.000 0.000 0.000 0.000 0.000 0.000 0.000 0.000 0.000 0.000 0.000 0.000 0.000 0.000 0.000 0.000 0.000 0.000 0.000 0.000 0.000 0.000 0.000 0.000 0.000 0.000 0.000 0.000 0.000 0.000 0.000 0.000 0.000 0.000 0.000 0.000 0.000 0.000 0.000 0.000
0.000 0.000 0.000 0.000 0.000 0.000 0.000 0.000 0.000 0.001 0.001 0.001 0.002 0.002 0.003 0.003 0.005 0.006 0.007 0.007 0.007 0.007 0.007 0.007 0.007 0.006 0.005 0.004 0.002 0.001 0.000 0.000 0.000 0.000 0.000 0.000 0.000 0.000 0.000 0.000 0.000 0.000 0.000 0.000 0.000 0.000 0.000 0.000 0.000 0.000 0.000 0.000 0.000 0.000 0.000 0.000 0.000 0.000 0.000 0.000 0.000 0.000 0.000 0.000 0.000 0.000 0.000 0.000 0.000 0.000 0.000 0.000 0.000 0.000 0.000 0.000 0.000
