RESULTS/r.avaflow_results/21_results/21_ascii/21_hflow0058.asc
ncols 506
nrows 317
xllcenter 498237.50
yllcenter 5580050.00
cellsize 12.50
NODATA_value -9999.000
[rows 170 to 203 of 317, columns 154 to 230 of 506]
8.412 8.203 7.997 7.780 7.542 7.287 7.037 6.814 6.618 6.441 6.278 6.120 5.944 5.698 5.311 4.759 4.068 3.306 2.569 1.912 1.353 0.913 0.602 0.404 0.286 0.220 0.188 0.176 0.175 0.182 0.198 0.216 0.229 0.237 0.246 0.257 0.273 0.283 0.286 0.283 0.274 0.263 0.254 0.246 0.234 0.214 0.187 0.163 0.144 0.126 0.110 0.096 0.084 0.077 0.073 0.072 0.073 0.076 0.080 0.082 0.083 0.083 0.081 0.080 0.079 0.080 0.084 0.096 0.124 0.163 0.189 0.198 0.198 0.186 0.161 0.129 0.101
11.689 11.825 11.847 11.791 11.661 11.432 11.126 10.794 10.481 10.184 9.907 9.643 9.373 9.046 8.568 7.876 6.973 5.906 4.776 3.696 2.716 1.882 1.239 0.802 0.537 0.383 0.300 0.263 0.253 0.258 0.271 0.278 0.280 0.277 0.276 0.278 0.284 0.288 0.288 0.282 0.268 0.254 0.241 0.229 0.212 0.185 0.147 0.114 0.090 0.075 0.065 0.059 0.055 0.053 0.053 0.054 0.057 0.062 0.065 0.067 0.067 0.066 0.064 0.062 0.062 0.062 0.066 0.075 0.096 0.133 0.171 0.193 0.200 0.200 0.193 0.176 0.148
15.212 15.704 15.869 15.841 15.694 15.406 15.024 14.618 14.236 13.872 13.530 13.211 12.898 12.555 12.091 11.384 10.386 9.134 7.726 6.287 4.896 3.603 2.492 1.641 1.065 0.709 0.502 0.392 0.342 0.321 0.310 0.302 0.294 0.285 0.279 0.277 0.277 0.277 0.272 0.258 0.236 0.214 0.196 0.178 0.155 0.122 0.088 0.066 0.053 0.045 0.041 0.039 0.038 0.038 0.038 0.041 0.045 0.050 0.053 0.054 0.054 0.053 0.051 0.050 0.050 0.050 0.053 0.060 0.074 0.100 0.140 0.177 0.197 0.204 0.205 0.200 0.183
17.795 18.611 18.956 18.985 18.861 18.603 18.265 17.907 17.551 17.185 16.810 16.454 16.117 15.766 15.324 14.663 13.713 12.491 11.062 9.497 7.860 6.187 4.552 3.148 2.077 1.334 0.867 0.598 0.450 0.368 0.323 0.301 0.288 0.275 0.264 0.255 0.248 0.240 0.228 0.202 0.169 0.142 0.121 0.103 0.085 0.066 0.050 0.039 0.033 0.030 0.028 0.027 0.027 0.028 0.029 0.031 0.036 0.040 0.043 0.043 0.043 0.043 0.041 0.041 0.041 0.042 0.044 0.049 0.058 0.074 0.102 0.143 0.181 0.201 0.207 0.206 0.197
19.192 20.245 20.845 21.082 21.123 21.031 20.872 20.672 20.431 20.124 19.744 19.337 18.963 18.586 18.146 17.517 16.619 15.456 14.086 12.568 10.931 9.167 7.240 5.257 3.553 2.258 1.374 0.842 0.550 0.395 0.320 0.284 0.261 0.242 0.223 0.206 0.191 0.175 0.154 0.126 0.098 0.080 0.067 0.056 0.047 0.038 0.031 0.026 0.023 0.021 0.021 0.021 0.021 0.021 0.022 0.024 0.028 0.031 0.034 0.035 0.035 0.035 0.035 0.035 0.035 0.036 0.038 0.042 0.048 0.058 0.074 0.103 0.147 0.184 0.199 0.202 0.198
19.534 20.703 21.531 22.070 22.408 22.598 22.680 22.660 22.563 22.346 21.979 21.505 21.081 20.683 20.248 19.669 18.863 17.805 16.500 14.977 13.269 11.385 9.278 6.883 4.654 2.910 1.702 0.984 0.601 0.404 0.304 0.248 0.211 0.180 0.154 0.133 0.118 0.105 0.091 0.073 0.058 0.047 0.040 0.034 0.029 0.024 0.021 0.018 0.017 0.016 0.016 0.016 0.016 0.016 0.017 0.019 0.021 0.024 0.027 0.028 0.029 0.029 0.029 0.030 0.031 0.032 0.034 0.037 0.041 0.047 0.058 0.077 0.109 0.150 0.177 0.188 0.190
19.315 20.548 21.508 22.236 22.821 23.275 23.552 23.655 23.645 23.512 23.168 22.633 22.168 21.783 21.377 20.852 20.142 19.207 17.997 16.483 14.691 12.656 10.356 7.697 5.151 3.173 1.816 1.025 0.610 0.393 0.274 0.201 0.151 0.115 0.092 0.078 0.070 0.062 0.055 0.045 0.037 0.031 0.026 0.022 0.019 0.017 0.015 0.014 0.013 0.012 0.012 0.012 0.012 0.013 0.014 0.015 0.016 0.019 0.021 0.022 0.024 0.025 0.026 0.027 0.028 0.030 0.031 0.034 0.037 0.042 0.049 0.062 0.082 0.113 0.143 0.162 0.172
18.552 19.910 21.070 22.017 22.775 23.338 23.674 23.810 23.823 23.728 23.401 22.838 22.355 21.993 21.614 21.116 20.452 19.592 18.464 16.987 15.156 13.021 10.603 7.827 5.195 3.162 1.786 0.995 0.579 0.355 0.227 0.148 0.100 0.071 0.056 0.047 0.042 0.038 0.034 0.029 0.024 0.021 0.018 0.016 0.014 0.012 0.011 0.010 0.010 0.009 0.009 0.009 0.009 0.010 0.010 0.011 0.012 0.014 0.016 0.018 0.019 0.021 0.022 0.024 0.025 0.027 0.029 0.031 0.034 0.038 0.044 0.053 0.066 0.087 0.110 0.129 0.145
17.342 18.846 20.200 21.368 22.303 22.954 23.308 23.434 23.437 23.335 23.019 22.479 21.981 21.595 21.194 20.685 20.041 19.231 18.165 16.732 14.906 12.729 10.219 7.378 4.808 2.854 1.568 0.849 0.474 0.273 0.159 0.096 0.062 0.045 0.036 0.030 0.027 0.025 0.022 0.019 0.017 0.015 0.013 0.012 0.010 0.009 0.008 0.007 0.007 0.007 0.007 0.007 0.007 0.007 0.007 0.008 0.009 0.011 0.012 0.014 0.016 0.017 0.019 0.021 0.023 0.025 0.027 0.029 0.032 0.035 0.040 0.047 0.057 0.071 0.088 0.104 0.118
15.870 17.471 18.932 20.215 21.248 21.964 22.348 22.458 22.415 22.234 21.912 21.488 21.017 20.513 19.965 19.371 18.709 17.930 16.919 15.524 13.679 11.418 8.793 6.062 3.774 2.116 1.088 0.550 0.286 0.155 0.090 0.057 0.039 0.029 0.024 0.021 0.019 0.017 0.015 0.014 0.012 0.011 0.010 0.008 0.007 0.006 0.006 0.005 0.005 0.004 0.004 0.004 0.004 0.005 0.005 0.006 0.007 0.008 0.009 0.011 0.012 0.014 0.016 0.018 0.020 0.022 0.024 0.027 0.029 0.033 0.037 0.043 0.052 0.062 0.076 0.088 0.099
14.189 15.785 17.254 18.572 19.675 20.484 20.941 21.060 20.961 20.686 20.379 20.107 19.697 19.032 18.240 17.502 16.764 15.930 14.837 13.322 11.310 8.827 6.183 3.856 2.157 1.090 0.519 0.250 0.130 0.076 0.049 0.034 0.026 0.021 0.017 0.015 0.014 0.013 0.011 0.010 0.009 0.008 0.007 0.006 0.005 0.004 0.004 0.003 0.003 0.003 0.003 0.003 0.003 0.003 0.003 0.004 0.004 0.005 0.007 0.008 0.009 0.011 0.013 0.015 0.017 0.020 0.022 0.024 0.027 0.030 0.035 0.041 0.048 0.058 0.069 0.079 0.088
12.291 13.776 15.209 16.583 17.828 18.823 19.453 19.676 19.613 19.367 19.068 18.769 18.286 17.476 16.501 15.606 14.707 13.641 12.201 10.258 7.786 5.240 3.174 1.763 0.904 0.437 0.207 0.104 0.060 0.040 0.029 0.023 0.018 0.015 0.013 0.012 0.010 0.009 0.008 0.007 0.006 0.006 0.005 0.004 0.003 0.003 0.002 0.002 0.001 0.001 0.001 0.001 0.001 0.001 0.002 0.002 0.003 0.004 0.005 0.006 0.007 0.009 0.010 0.012 0.015 0.017 0.019 0.022 0.025 0.028 0.033 0.039 0.047 0.056 0.065 0.074 0.082
10.240 11.579 12.968 14.415 15.860 17.088 17.927 18.285 18.277 18.069 17.721 17.263 16.590 15.662 14.609 13.563 12.422 10.938 8.885 6.412 4.077 2.356 1.241 0.621 0.311 0.157 0.082 0.048 0.032 0.024 0.019 0.016 0.014 0.012 0.010 0.009 0.008 0.007 0.006 0.005 0.004 0.004 0.003 0.002 0.002 0.001 0.001 0.001 0.001 0.000 0.000 0.000 0.000 0.000 0.001 0.001 0.001 0.002 0.003 0.004 0.005 0.006 0.008 0.010 0.012 0.014 0.017 0.020 0.023 0.027 0.031 0.038 0.046 0.055 0.063 0.070 0.078
8.245 9.416 10.678 12.081 13.592 14.918 15.865 16.326 16.379 16.169 15.655 14.879 13.916 12.864 11.761 10.558 9.087 7.129 4.905 2.958 1.604 0.784 0.371 0.189 0.104 0.060 0.038 0.027 0.021 0.017 0.014 0.012 0.010 0.009 0.008 0.007 0.006 0.005 0.004 0.003 0.003 0.002 0.002 0.001 0.001 0.001 0.000 0.000 0.000 0.000 0.000 0.000 0.000 0.000 0.000 0.000 0.001 0.001 0.002 0.002 0.003 0.005 0.006 0.008 0.010 0.012 0.015 0.018 0.021 0.025 0.030 0.037 0.045 0.054 0.062 0.068 0.075
6.293 7.241 8.237 9.314 10.482 11.570 12.405 12.858 12.936 12.720 12.078 11.009 9.692 8.465 7.307 6.075 4.682 3.174 1.862 0.955 0.444 0.206 0.108 0.064 0.042 0.030 0.023 0.018 0.015 0.013 0.011 0.009 0.008 0.007 0.006 0.005 0.004 0.003 0.002 0.002 0.001 0.001 0.001 0.000 0.000 0.000 0.000 0.000 0.000 0.000 0.000 0.000 0.000 0.000 0.000 0.000 0.000 0.000 0.001 0.001 0.002 0.003 0.004 0.006 0.008 0.010 0.013 0.016 0.019 0.023 0.029 0.036 0.044 0.053 0.060 0.067 0.074
4.275 4.809 5.296 5.756 6.243 6.778 7.264 7.556 7.616 7.451 6.888 5.935 4.805 3.874 3.097 2.374 1.634 0.950 0.479 0.224 0.111 0.063 0.042 0.031 0.024 0.020 0.016 0.014 0.012 0.010 0.009 0.007 0.006 0.005 0.004 0.003 0.002 0.002 0.001 0.001 0.001 0.000 0.000 0.000 0.000 0.000 0.000 0.000 0.000 0.000 0.000 0.000 0.000 0.000 0.000 0.000 0.000 0.000 0.000 0.001 0.001 0.002 0.003 0.004 0.006 0.008 0.011 0.014 0.017 0.022 0.027 0.034 0.042 0.051 0.059 0.066 0.074
2.419 2.564 2.656 2.718 2.784 2.890 3.032 3.120 3.134 3.060 2.795 2.309 1.707 1.245 0.914 0.645 0.404 0.220 0.113 0.063 0.040 0.030 0.024 0.020 0.017 0.015 0.013 0.011 0.010 0.008 0.007 0.005 0.004 0.003 0.002 0.002 0.001 0.001 0.000 0.000 0.000 0.000 0.000 0.000 0.000 0.000 0.000 0.000 0.000 0.000 0.000 0.000 0.000 0.000 0.000 0.000 0.000 0.000 0.000 0.000 0.000 0.001 0.002 0.003 0.004 0.006 0.009 0.012 0.015 0.020 0.025 0.032 0.039 0.048 0.057 0.066 0.075
1.069 1.049 1.016 0.979 0.947 0.932 0.942 0.948 0.940 0.910 0.820 0.656 0.456 0.316 0.226 0.158 0.102 0.062 0.040 0.029 0.023 0.020 0.018 0.016 0.014 0.013 0.011 0.010 0.008 0.007 0.005 0.004 0.003 0.002 0.001 0.001 0.000 0.000 0.000 0.000 0.000 0.000 0.000 0.000 0.000 0.000 0.000 0.000 0.000 0.000 0.000 0.000 0.000 0.000 0.000 0.000 0.000 0.000 0.000 0.000 0.000 0.000 0.001 0.002 0.003 0.005 0.007 0.009 0.013 0.017 0.022 0.028 0.035 0.044 0.053 0.064 0.076
0.379 0.353 0.333 0.318 0.300 0.285 0.274 0.266 0.257 0.244 0.219 0.177 0.124 0.089 0.067 0.051 0.038 0.029 0.024 0.020 0.018 0.016 0.015 0.014 0.012 0.011 0.010 0.008 0.007 0.005 0.004 0.003 0.002 0.001 0.001 0.000 0.000 0.000 0.000 0.000 0.000 0.000 0.000 0.000 0.000 0.000 0.000 0.000 0.000 0.000 0.000 0.000 0.000 0.000 0.000 0.000 0.000 0.000 0.000 0.000 0.000 0.000 0.000 0.001 0.002 0.003 0.005 0.007 0.010 0.014 0.019 0.024 0.031 0.039 0.050 0.062 0.077
0.135 0.126 0.119 0.114 0.109 0.101 0.094 0.088 0.082 0.077 0.070 0.060 0.047 0.037 0.031 0.026 0.023 0.020 0.018 0.016 0.015 0.014 0.013 0.012 0.011 0.010 0.009 0.007 0.006 0.004 0.003 0.002 0.001 0.000 0.000 0.000 0.000 0.000 0.000 0.000 0.000 0.000 0.000 0.000 0.000 0.000 0.000 0.000 0.000 0.000 0.000 0.000 0.000 0.000 0.000 0.000 0.000 0.000 0.000 0.000 0.000 0.000 0.000 0.000 0.001 0.002 0.003 0.005 0.008 0.011 0.015 0.020 0.026 0.034 0.044 0.058 0.074
0.057 0.055 0.053 0.051 0.049 0.046 0.042 0.039 0.037 0.035 0.033 0.030 0.027 0.023 0.021 0.019 0.017 0.016 0.015 0.014 0.013 0.012 0.012 0.011 0.010 0.009 0.008 0.006 0.005 0.003 0.002 0.001 0.000 0.000 0.000 0.000 0.000 0.000 0.000 0.000 0.000 0.000 0.000 0.000 0.000 0.000 0.000 0.000 0.000 0.000 0.000 0.000 0.000 0.000 0.000 0.000 0.000 0.000 0.000 0.000 0.000 0.000 0.000 0.000 0.000 0.001 0.002 0.004 0.006 0.008 0.011 0.015 0.020 0.027 0.036 0.049 0.065
0.031 0.030 0.029 0.029 0.028 0.027 0.025 0.024 0.023 0.022 0.021 0.020 0.019 0.018 0.016 0.015 0.014 0.014 0.013 0.013 0.012 0.011 0.011 0.010 0.009 0.008 0.007 0.006 0.004 0.002 0.001 0.001 0.000 0.000 0.000 0.000 0.000 0.000 0.000 0.000 0.000 0.000 0.000 0.000 0.000 0.000 0.000 0.000 0.000 0.000 0.000 0.000 0.000 0.000 0.000 0.000 0.000 0.000 0.000 0.000 0.000 0.000 0.000 0.000 0.000 0.000 0.001 0.002 0.004 0.006 0.008 0.011 0.015 0.020 0.027 0.036 0.050
0.020 0.019 0.019 0.019 0.019 0.018 0.017 0.017 0.016 0.016 0.016 0.016 0.015 0.015 0.014 0.013 0.013 0.012 0.012 0.011 0.011 0.010 0.010 0.009 0.008 0.007 0.006 0.005 0.003 0.002 0.001 0.000 0.000 0.000 0.000 0.000 0.000 0.000 0.000 0.000 0.000 0.000 0.000 0.000 0.000 0.000 0.000 0.000 0.000 0.000 0.000 0.000 0.000 0.000 0.000 0.000 0.000 0.000 0.000 0.000 0.000 0.000 0.000 0.000 0.000 0.000 0.001 0.001 0.002 0.004 0.006 0.008 0.011 0.014 0.019 0.025 0.033
0.014 0.014 0.014 0.014 0.014 0.013 0.013 0.013 0.013 0.013 0.013 0.013 0.012 0.012 0.012 0.012 0.011 0.011 0.011 0.010 0.010 0.010 0.009 0.009 0.008 0.007 0.006 0.004 0.003 0.002 0.001 0.000 0.000 0.000 0.000 0.000 0.000 0.000 0.000 0.000 0.000 0.000 0.000 0.000 0.000 0.000 0.000 0.000 0.000 0.000 0.000 0.000 0.000 0.000 0.000 0.000 0.000 0.000 0.000 0.000 0.000 0.000 0.000 0.000 0.000 0.000 0.000 0.001 0.001 0.003 0.004 0.006 0.008 0.010 0.013 0.018 0.023
0.010 0.010 0.010 0.010 0.010 0.010 0.010 0.010 0.010 0.010 0.010 0.010 0.010 0.010 0.010 0.010 0.010 0.010 0.010 0.009 0.009 0.009 0.009 0.008 0.007 0.007 0.005 0.004 0.002 0.001 0.000 0.000 0.000 0.000 0.000 0.000 0.000 0.000 0.000 0.000 0.000 0.000 0.000 0.000 0.000 0.000 0.000 0.000 0.000 0.000 0.000 0.000 0.000 0.000 0.000 0.000 0.000 0.000 0.000 0.000 0.000 0.000 0.000 0.000 0.000 0.000 0.000 0.000 0.001 0.001 0.002 0.004 0.005 0.007 0.010 0.012 0.016
0.008 0.008 0.008 0.008 0.008 0.008 0.008 0.008 0.008 0.009 0.009 0.009 0.009 0.009 0.009 0.009 0.009 0.009 0.009 0.009 0.009 0.008 0.008 0.008 0.007 0.006 0.005 0.004 0.002 0.001 0.000 0.000 0.000 0.000 0.000 0.000 0.000 0.000 0.000 0.000 0.000 0.000 0.000 0.000 0.000 0.000 0.000 0.000 0.000 0.000 0.000 0.000 0.000 0.000 0.000 0.000 0.000 0.000 0.000 0.000 0.000 0.000 0.000 0.000 0.000 0.000 0.000 0.000 0.000 0.001 0.001 0.002 0.003 0.005 0.007 0.009 0.011
0.006 0.006 0.006 0.006 0.006 0.006 0.006 0.006 0.007 0.007 0.007 0.007 0.008 0.008 0.008 0.008 0.008 0.008 0.008 0.008 0.008 0.008 0.008 0.007 0.007 0.006 0.005 0.003 0.002 0.001 0.000 0.000 0.000 0.000 0.000 0.000 0.000 0.000 0.000 0.000 0.000 0.000 0.000 0.000 0.000 0.000 0.000 0.000 0.000 0.000 0.000 0.000 0.000 0.000 0.000 0.000 0.000 0.000 0.000 0.000 0.000 0.000 0.000 0.000 0.000 0.000 0.000 0.000 0.000 0.000 0.001 0.001 0.002 0.003 0.004 0.006 0.008
0.004 0.004 0.004 0.004 0.005 0.005 0.005 0.005 0.005 0.006 0.006 0.006 0.006 0.006 0.007 0.007 0.007 0.007 0.007 0.008 0.008 0.008 0.007 0.007 0.006 0.006 0.004 0.003 0.002 0.001 0.000 0.000 0.000 0.000 0.000 0.000 0.000 0.000 0.000 0.000 0.000 0.000 0.000 0.000 0.000 0.000 0.000 0.000 0.000 0.000 0.000 0.000 0.000 0.000 0.000 0.000 0.000 0.000 0.000 0.000 0.000 0.000 0.000 0.000 0.000 0.000 0.000 0.000 0.000 0.000 0.000 0.000 0.001 0.002 0.003 0.004 0.006
0.003 0.003 0.003 0.003 0.003 0.003 0.003 0.004 0.004 0.004 0.005 0.005 0.005 0.005 0.006 0.006 0.006 0.006 0.007 0.007 0.007 0.007 0.007 0.006 0.006 0.005 0.004 0.003 0.001 0.000 0.000 0.000 0.000 0.000 0.000 0.000 0.000 0.000 0.000 0.000 0.000 0.000 0.000 0.000 0.000 0.000 0.000 0.000 0.000 0.000 0.000 0.000 0.000 0.000 0.000 0.000 0.000 0.000 0.000 0.000 0.000 0.000 0.000 0.000 0.000 0.000 0.000 0.000 0.000 0.000 0.000 0.000 0.000 0.001 0.002 0.002 0.004
0.002 0.002 0.002 0.002 0.002 0.002 0.002 0.003 0.003 0.003 0.003 0.004 0.004 0.004 0.005 0.005 0.005 0.005 0.006 0.006 0.006 0.006 0.006 0.006 0.005 0.004 0.003 0.002 0.001 0.000 0.000 0.000 0.000 0.000 0.000 0.000 0.000 0.000 0.000 0.000 0.000 0.000 0.000 0.000 0.000 0.000 0.000 0.000 0.000 0.000 0.000 0.000 0.000 0.000 0.000 0.000 0.000 0.000 0.000 0.000 0.000 0.000 0.000 0.000 0.000 0.000 0.000 0.000 0.000 0.000 0.000 0.000 0.000 0.000 0.001 0.001 0.002
0.001 0.001 0.001 0.001 0.001 0.001 0.001 0.002 0.002 0.002 0.002 0.003 0.003 0.003 0.004 0.004 0.004 0.005 0.005 0.005 0.005 0.005 0.005 0.005 0.005 0.004 0.003 0.002 0.001 0.000 0.000 0.000 0.000 0.000 0.000 0.000 0.000 0.000 0.000 0.000 0.000 0.000 0.000 0.000 0.000 0.000 0.000 0.000 0.000 0.000 0.000 0.000 0.000 0.000 0.000 0.000 0.000 0.000 0.000 0.000 0.000 0.000 0.000 0.000 0.000 0.000 0.000 0.000 0.000 0.000 0.000 0.000 0.000 0.000 0.000 0.000 0.001
0.001 0.001 0.000 0.000 0.000 0.001 0.001 0.001 0.001 0.001 0.002 0.002 0.002 0.003 0.003 0.003 0.004 0.004 0.004 0.005 0.005 0.005 0.004 0.004 0.004 0.003 0.002 0.001 0.000 0.000 0.000 0.000 0.000 0.000 0.000 0.000 0.000 0.000 0.000 0.000 0.000 0.000 0.000 0.000 0.000 0.000 0.000 0.000 0.000 0.000 0.000 0.000 0.000 0.000 0.000 0.000 0.000 0.000 0.000 0.000 0.000 0.000 0.000 0.000 0.000 0.000 0.000 0.000 0.000 0.000 0.000 0.000 0.000 0.000 0.000 0.000 0.000
0.000 0.000 0.000 0.000 0.000 0.000 0.000 0.000 0.001 0.001 0.001 0.001 0.002 0.002 0.002 0.002 0.003 0.003 0.004 0.004 0.004 0.004 0.004 0.004 0.003 0.003 0.002 0.001 0.000 0.000 0.000 0.000 0.000 0.000 0.000 0.000 0.000 0.000 0.000 0.000 0.000 0.000 0.000 0.000 0.000 0.000 0.000 0.000 0.000 0.000 0.000 0.000 0.000 0.000 0.000 0.000 0.000 0.000 0.000 0.000 0.000 0.000 0.000 0.000 0.000 0.000 0.000 0.000 0.000 0.000 0.000 0.000 0.000 0.000 0.000 0.000 0.000
0.000 0.000 0.000 0.000 0.000 0.000 0.000 0.000 0.000 0.000 0.000 0.001 0.001 0.001 0.001 0.002 0.002 0.002 0.003 0.003 0.003 0.003 0.003 0.003 0.002 0.002 0.001 0.001 0.000 0.000 0.000 0.000 0.000 0.000 0.000 0.000 0.000 0.000 0.000 0.000 0.000 0.000 0.000 0.000 0.000 0.000 0.000 0.000 0.000 0.000 0.000 0.000 0.000 0.000 0.000 0.000 0.000 0.000 0.000 0.000 0.000 0.000 0.000 0.000 0.000 0.000 0.000 0.000 0.000 0.000 0.000 0.000 0.000 0.000 0.000 0.000 0.000
