RESULTS/r.avaflow_results/21_results/21_ascii/21_hflow_max0019.asc
ncols 506
nrows 317
xllcenter 498237.50
yllcenter 5580050.00
cellsize 12.50
NODATA_value -9999.000
[rows 170 to 203 of 317, columns 77 to 153 of 506]
0.000 0.000 0.000 0.000 0.000 0.000 0.000 0.000 0.000 0.000 0.000 0.000 0.000 0.000 0.000 0.000 0.000 0.000 0.000 0.000 0.000 0.002 0.004 0.009 0.015 0.021 0.025 0.027 0.028 0.029 0.029 0.047 0.073 0.107 0.146 0.191 0.245 0.304 0.359 0.401 0.423 0.432 0.441 0.458 0.494 0.552 0.628 0.746 0.969 1.303 1.676 2.040 2.526 3.276 4.625 6.550 9.156 12.455 15.546 18.123 20.181 21.344 21.704 21.389 21.024 20.465 19.875 19.257 18.609 17.812 16.591 15.198 13.911 13.556 13.277 13.040 12.868
0.000 0.000 0.000 0.000 0.000 0.000 0.000 0.000 0.000 0.000 0.000 0.000 0.000 0.000 0.000 0.000 0.000 0.000 0.000 0.000 0.002 0.004 0.008 0.015 0.023 0.031 0.036 0.039 0.041 0.042 0.059 0.098 0.148 0.207 0.273 0.349 0.438 0.532 0.622 0.693 0.732 0.754 0.780 0.822 0.898 1.009 1.156 1.362 1.612 1.870 2.131 2.475 2.986 3.704 5.121 7.299 10.079 13.557 16.687 19.352 21.151 22.171 22.141 21.655 21.175 20.717 20.043 19.255 18.372 17.432 16.418 15.875 15.673 15.545 15.546 15.782 16.256
0.000 0.000 0.000 0.000 0.000 0.000 0.000 0.000 0.000 0.000 0.000 0.000 0.000 0.000 0.000 0.000 0.000 0.000 0.000 0.001 0.003 0.008 0.014 0.023 0.034 0.043 0.050 0.055 0.058 0.066 0.119 0.191 0.278 0.374 0.479 0.598 0.728 0.852 0.969 1.077 1.156 1.210 1.272 1.366 1.496 1.660 1.834 2.014 2.185 2.375 2.628 2.944 3.361 3.913 5.215 7.717 10.265 13.788 16.966 19.554 21.410 22.106 21.960 21.471 21.119 20.592 19.875 19.063 18.259 17.961 17.696 17.454 17.273 17.245 17.456 18.118 19.112
0.000 0.000 0.000 0.000 0.000 0.000 0.000 0.000 0.000 0.000 0.000 0.000 0.000 0.000 0.000 0.000 0.000 0.000 0.000 0.002 0.006 0.012 0.021 0.032 0.046 0.059 0.068 0.076 0.084 0.128 0.229 0.350 0.482 0.628 0.772 0.898 1.012 1.118 1.221 1.340 1.456 1.563 1.683 1.824 1.982 2.165 2.356 2.540 2.696 2.856 3.094 3.370 3.645 3.969 5.039 7.216 9.973 13.342 16.532 19.089 20.799 21.407 21.360 21.074 20.653 20.105 19.641 19.395 19.188 18.963 18.658 18.381 18.253 18.352 18.808 19.840 21.197
0.000 0.000 0.000 0.000 0.000 0.000 0.000 0.000 0.000 0.000 0.000 0.000 0.000 0.000 0.000 0.000 0.000 0.000 0.001 0.003 0.009 0.016 0.027 0.040 0.057 0.073 0.089 0.106 0.121 0.241 0.413 0.593 0.763 0.913 1.033 1.124 1.194 1.272 1.354 1.448 1.566 1.718 1.889 2.062 2.283 2.514 2.727 2.924 3.071 3.202 3.399 3.672 3.917 4.119 4.883 6.594 9.264 12.641 15.951 18.407 19.872 20.459 20.457 20.310 20.215 20.105 19.971 19.782 19.559 19.287 19.003 18.663 18.647 18.932 19.634 20.783 22.116
0.000 0.000 0.000 0.000 0.000 0.000 0.000 0.000 0.000 0.000 0.000 0.000 0.000 0.000 0.000 0.000 0.000 0.000 0.001 0.004 0.010 0.019 0.031 0.046 0.066 0.086 0.109 0.139 0.222 0.436 0.685 0.887 1.033 1.135 1.209 1.265 1.307 1.356 1.415 1.475 1.572 1.732 1.918 2.112 2.385 2.672 2.905 3.090 3.241 3.369 3.559 3.779 3.974 4.202 4.735 6.022 8.212 11.376 14.715 17.175 18.601 19.240 19.503 19.745 19.956 19.984 19.942 19.799 19.598 19.340 18.977 18.619 18.600 18.918 19.744 20.892 22.081
0.000 0.000 0.000 0.000 0.000 0.000 0.000 0.000 0.000 0.000 0.000 0.000 0.000 0.000 0.000 0.000 0.000 0.000 0.001 0.005 0.011 0.021 0.034 0.051 0.072 0.095 0.125 0.184 0.394 0.711 0.977 1.138 1.239 1.296 1.327 1.349 1.376 1.407 1.445 1.485 1.564 1.706 1.876 2.072 2.346 2.643 2.871 3.067 3.238 3.379 3.526 3.732 3.928 4.126 4.377 5.273 6.901 9.620 13.116 15.716 17.207 17.979 18.515 19.004 19.363 19.600 19.570 19.396 19.137 18.832 18.362 18.061 18.041 18.283 18.981 20.110 21.290
0.000 0.000 0.000 0.000 0.000 0.000 0.000 0.000 0.000 0.000 0.000 0.000 0.000 0.000 0.000 0.000 0.000 0.000 0.001 0.005 0.012 0.022 0.036 0.054 0.077 0.100 0.144 0.327 0.640 0.975 1.209 1.334 1.388 1.409 1.405 1.403 1.418 1.439 1.466 1.494 1.553 1.665 1.794 1.960 2.165 2.422 2.685 2.903 3.107 3.276 3.404 3.538 3.706 3.924 4.103 4.557 5.789 8.192 11.561 14.225 15.760 16.692 17.382 18.022 18.488 18.648 18.569 18.441 18.116 17.607 16.996 16.613 16.513 16.767 17.543 18.749 20.153
0.000 0.000 0.000 0.000 0.000 0.000 0.000 0.000 0.000 0.000 0.000 0.000 0.000 0.000 0.000 0.000 0.000 0.000 0.001 0.005 0.012 0.023 0.037 0.056 0.079 0.107 0.258 0.558 0.924 1.200 1.382 1.473 1.491 1.479 1.457 1.444 1.452 1.464 1.482 1.505 1.536 1.613 1.701 1.815 1.960 2.123 2.324 2.550 2.758 2.902 3.116 3.315 3.461 3.579 3.715 3.917 4.968 7.164 10.325 12.682 14.147 15.274 16.103 16.707 17.052 17.198 17.163 16.917 16.415 15.693 15.012 14.702 14.695 15.094 16.010 17.312 18.876
0.000 0.000 0.000 0.000 0.000 0.000 0.000 0.000 0.000 0.000 0.000 0.000 0.000 0.000 0.000 0.000 0.000 0.000 0.001 0.005 0.012 0.023 0.038 0.057 0.080 0.195 0.451 0.840 1.173 1.387 1.505 1.553 1.552 1.523 1.497 1.483 1.487 1.491 1.494 1.503 1.512 1.548 1.616 1.680 1.727 1.758 1.872 2.178 2.429 2.642 2.816 2.947 3.057 3.150 3.225 3.268 4.196 6.219 9.045 11.052 12.441 13.528 14.280 14.782 15.141 15.217 15.104 14.748 14.107 13.265 12.656 12.495 12.692 13.360 14.597 16.105 17.614
0.000 0.000 0.000 0.000 0.000 0.000 0.000 0.000 0.000 0.000 0.000 0.000 0.000 0.000 0.000 0.000 0.000 0.000 0.001 0.005 0.012 0.023 0.038 0.057 0.138 0.342 0.732 1.108 1.360 1.516 1.586 1.600 1.587 1.560 1.541 1.527 1.524 1.517 1.505 1.499 1.496 1.498 1.515 1.525 1.494 1.399 1.519 1.818 2.027 2.166 2.259 2.354 2.458 2.561 2.651 2.823 3.479 5.290 7.734 9.399 10.663 11.485 12.020 12.455 12.773 12.844 12.731 12.358 11.705 11.059 10.780 10.820 11.268 12.182 13.485 14.866 16.276
0.000 0.000 0.000 0.000 0.000 0.000 0.000 0.000 0.000 0.000 0.000 0.000 0.000 0.000 0.000 0.000 0.000 0.000 0.001 0.004 0.011 0.022 0.038 0.098 0.248 0.574 1.006 1.314 1.488 1.586 1.628 1.632 1.617 1.610 1.609 1.591 1.562 1.536 1.517 1.489 1.456 1.427 1.384 1.304 1.161 1.173 1.283 1.322 1.404 1.507 1.594 1.692 1.808 1.943 2.147 2.437 2.851 4.302 6.322 7.790 8.907 9.471 9.909 10.192 10.334 10.350 10.214 9.851 9.349 8.998 8.913 9.111 9.720 10.742 12.070 13.445 14.726
0.000 0.000 0.000 0.000 0.000 0.000 0.000 0.000 0.000 0.000 0.000 0.000 0.000 0.000 0.000 0.000 0.000 0.000 0.001 0.003 0.009 0.025 0.070 0.182 0.439 0.866 1.224 1.443 1.557 1.613 1.647 1.658 1.665 1.680 1.673 1.639 1.599 1.555 1.511 1.454 1.384 1.296 1.151 1.030 0.929 1.030 1.100 1.114 1.118 1.140 1.196 1.287 1.416 1.589 1.810 2.082 2.417 3.210 4.711 6.156 7.148 7.724 7.964 8.042 8.043 7.982 7.787 7.413 7.077 6.934 6.956 7.247 7.887 8.869 10.129 11.439 12.666
0.000 0.000 0.000 0.000 0.000 0.000 0.000 0.000 0.000 0.000 0.000 0.000 0.000 0.000 0.000 0.000 0.000 0.000 0.001 0.005 0.017 0.050 0.136 0.332 0.723 1.133 1.380 1.512 1.583 1.618 1.650 1.708 1.728 1.720 1.701 1.672 1.622 1.560 1.479 1.372 1.237 1.026 0.990 0.883 0.694 0.802 0.867 0.876 0.868 0.873 0.912 0.985 1.097 1.253 1.450 1.689 1.974 2.317 3.150 4.376 5.317 5.841 6.054 6.099 6.047 5.904 5.649 5.266 4.997 4.910 4.959 5.238 5.810 6.651 7.754 9.015 10.232
0.000 0.000 0.000 0.000 0.000 0.000 0.000 0.000 0.000 0.000 0.000 0.000 0.000 0.000 0.000 0.000 0.000 0.001 0.004 0.012 0.036 0.099 0.251 0.575 1.022 1.323 1.476 1.542 1.586 1.616 1.673 1.729 1.745 1.737 1.715 1.672 1.619 1.531 1.392 1.194 0.993 0.966 0.887 0.712 0.556 0.530 0.613 0.637 0.639 0.636 0.649 0.692 0.771 0.893 1.061 1.268 1.512 1.797 2.134 2.808 3.595 4.122 4.391 4.477 4.431 4.271 3.962 3.551 3.329 3.302 3.344 3.530 3.939 4.579 5.432 6.444 7.626
0.000 0.000 0.000 0.000 0.000 0.000 0.000 0.000 0.000 0.000 0.000 0.000 0.000 0.000 0.000 0.000 0.001 0.002 0.009 0.027 0.074 0.189 0.436 0.867 1.247 1.434 1.513 1.546 1.568 1.598 1.680 1.717 1.737 1.733 1.693 1.633 1.556 1.417 1.188 1.010 0.970 0.883 0.726 0.575 0.494 0.442 0.401 0.433 0.443 0.441 0.435 0.444 0.484 0.559 0.684 0.861 1.073 1.315 1.596 1.885 2.274 2.711 2.966 3.072 3.064 2.937 2.728 2.606 2.488 2.430 2.422 2.489 2.707 3.157 3.862 4.766 5.710
0.000 0.000 0.000 0.000 0.000 0.000 0.000 0.000 0.000 0.000 0.000 0.000 0.000 0.000 0.000 0.000 0.001 0.006 0.019 0.058 0.151 0.351 0.720 1.134 1.387 1.492 1.518 1.530 1.546 1.567 1.634 1.683 1.687 1.652 1.581 1.491 1.346 1.120 1.024 0.999 0.926 0.773 0.606 0.513 0.457 0.410 0.357 0.279 0.286 0.287 0.276 0.264 0.273 0.308 0.380 0.505 0.675 0.874 1.107 1.384 1.649 1.863 2.010 2.090 2.114 2.101 2.040 1.931 1.818 1.734 1.696 1.704 1.792 2.041 2.512 3.145 3.719
0.000 0.000 0.000 0.000 0.000 0.000 0.000 0.000 0.000 0.000 0.000 0.000 0.000 0.000 0.000 0.001 0.004 0.013 0.042 0.118 0.294 0.632 1.038 1.321 1.462 1.505 1.513 1.514 1.487 1.492 1.561 1.564 1.503 1.399 1.286 1.126 1.006 1.018 1.008 0.960 0.845 0.671 0.548 0.481 0.432 0.387 0.327 0.239 0.175 0.178 0.170 0.154 0.147 0.157 0.190 0.260 0.373 0.515 0.710 0.951 1.156 1.322 1.437 1.493 1.505 1.491 1.443 1.373 1.294 1.210 1.156 1.142 1.173 1.288 1.513 1.815 1.987
0.000 0.000 0.000 0.000 0.000 0.000 0.000 0.000 0.000 0.000 0.000 0.000 0.000 0.000 0.001 0.002 0.009 0.029 0.087 0.234 0.553 1.003 1.309 1.440 1.488 1.497 1.503 1.461 1.360 1.404 1.406 1.284 1.110 0.964 0.900 0.947 0.975 0.978 0.957 0.882 0.741 0.598 0.514 0.461 0.415 0.367 0.301 0.208 0.135 0.109 0.106 0.095 0.084 0.083 0.094 0.123 0.184 0.303 0.460 0.625 0.763 0.877 0.960 0.998 1.001 0.988 0.960 0.927 0.887 0.828 0.794 0.784 0.789 0.810 0.878 0.963 0.970
0.000 0.000 0.000 0.000 0.000 0.000 0.000 0.000 0.000 0.000 0.000 0.000 0.000 0.000 0.001 0.005 0.019 0.059 0.169 0.435 0.942 1.346 1.497 1.528 1.500 1.488 1.439 1.323 1.299 1.260 1.090 0.861 0.716 0.795 0.876 0.915 0.932 0.924 0.878 0.779 0.648 0.555 0.494 0.448 0.406 0.357 0.280 0.180 0.115 0.081 0.069 0.063 0.054 0.050 0.052 0.075 0.127 0.208 0.314 0.420 0.507 0.569 0.615 0.640 0.643 0.636 0.623 0.612 0.599 0.581 0.569 0.565 0.569 0.575 0.580 0.579 0.551
0.000 0.000 0.000 0.000 0.000 0.000 0.000 0.000 0.000 0.000 0.000 0.000 0.000 0.001 0.004 0.013 0.040 0.117 0.314 0.758 1.324 1.579 1.624 1.585 1.535 1.439 1.280 1.234 1.188 0.978 0.682 0.547 0.645 0.795 0.844 0.873 0.877 0.850 0.775 0.665 0.581 0.529 0.482 0.442 0.399 0.345 0.260 0.161 0.101 0.070 0.056 0.049 0.045 0.042 0.041 0.062 0.105 0.171 0.250 0.320 0.376 0.411 0.433 0.444 0.447 0.446 0.437 0.433 0.435 0.442 0.449 0.461 0.471 0.473 0.472 0.464 0.430
0.000 0.000 0.000 0.000 0.000 0.000 0.000 0.000 0.000 0.000 0.000 0.000 0.001 0.003 0.009 0.027 0.080 0.219 0.561 1.169 1.604 1.718 1.704 1.645 1.526 1.321 1.190 1.115 0.884 0.586 0.429 0.461 0.669 0.777 0.814 0.829 0.819 0.775 0.687 0.591 0.543 0.504 0.470 0.433 0.391 0.330 0.234 0.141 0.088 0.062 0.051 0.046 0.042 0.039 0.038 0.057 0.099 0.162 0.230 0.284 0.322 0.346 0.358 0.363 0.363 0.361 0.356 0.356 0.366 0.379 0.399 0.424 0.435 0.437 0.431 0.417 0.378
0.000 0.000 0.000 0.000 0.000 0.000 0.000 0.000 0.000 0.000 0.000 0.001 0.002 0.007 0.018 0.053 0.150 0.397 0.938 1.536 1.772 1.799 1.756 1.664 1.426 1.198 1.104 0.843 0.529 0.358 0.340 0.491 0.670 0.749 0.781 0.785 0.766 0.713 0.616 0.553 0.516 0.483 0.453 0.422 0.380 0.311 0.202 0.119 0.076 0.056 0.047 0.042 0.038 0.036 0.035 0.056 0.097 0.161 0.229 0.276 0.305 0.322 0.331 0.333 0.332 0.329 0.323 0.328 0.344 0.361 0.384 0.414 0.426 0.425 0.418 0.393 0.344
0.000 0.000 0.000 0.000 0.000 0.000 0.000 0.000 0.000 0.000 0.001 0.002 0.005 0.014 0.037 0.100 0.268 0.687 1.340 1.738 1.842 1.830 1.788 1.581 1.248 1.092 0.815 0.503 0.329 0.288 0.362 0.522 0.660 0.720 0.746 0.750 0.728 0.658 0.560 0.520 0.492 0.467 0.442 0.414 0.368 0.287 0.175 0.104 0.068 0.051 0.043 0.039 0.036 0.033 0.032 0.055 0.098 0.161 0.228 0.275 0.300 0.313 0.319 0.321 0.319 0.315 0.312 0.321 0.344 0.363 0.390 0.417 0.429 0.424 0.413 0.379 0.320
0.000 0.000 0.000 0.000 0.000 0.000 0.000 0.000 0.000 0.000 0.002 0.005 0.012 0.030 0.072 0.181 0.460 1.058 1.617 1.812 1.842 1.846 1.736 1.320 1.089 0.784 0.475 0.320 0.281 0.303 0.401 0.555 0.652 0.695 0.716 0.716 0.687 0.608 0.532 0.501 0.478 0.457 0.435 0.406 0.353 0.254 0.150 0.090 0.060 0.046 0.040 0.037 0.034 0.031 0.030 0.054 0.097 0.161 0.226 0.271 0.296 0.308 0.313 0.314 0.314 0.308 0.307 0.322 0.355 0.375 0.409 0.430 0.435 0.429 0.411 0.366 0.302
0.000 0.000 0.000 0.000 0.000 0.000 0.000 0.000 0.000 0.001 0.004 0.010 0.025 0.058 0.134 0.322 0.781 1.405 1.725 1.819 1.837 1.803 1.514 1.048 0.742 0.453 0.323 0.290 0.285 0.330 0.441 0.578 0.652 0.675 0.689 0.688 0.648 0.557 0.508 0.485 0.468 0.454 0.434 0.398 0.329 0.221 0.129 0.078 0.053 0.042 0.038 0.035 0.032 0.029 0.028 0.055 0.099 0.163 0.228 0.272 0.294 0.304 0.309 0.310 0.309 0.305 0.314 0.338 0.376 0.396 0.432 0.448 0.446 0.434 0.406 0.354 0.289
0.000 0.000 0.000 0.000 0.000 0.000 0.000 0.000 0.001 0.004 0.009 0.021 0.049 0.112 0.249 0.574 1.154 1.597 1.745 1.784 1.805 1.654 1.161 0.675 0.456 0.355 0.307 0.288 0.290 0.356 0.480 0.589 0.651 0.670 0.672 0.661 0.606 0.517 0.489 0.475 0.463 0.451 0.431 0.390 0.310 0.197 0.115 0.070 0.048 0.039 0.035 0.033 0.031 0.028 0.028 0.056 0.103 0.171 0.235 0.277 0.298 0.304 0.306 0.306 0.305 0.305 0.323 0.362 0.404 0.432 0.461 0.468 0.460 0.442 0.402 0.345 0.280
0.000 0.000 0.000 0.000 0.000 0.000 0.001 0.001 0.003 0.008 0.019 0.042 0.094 0.207 0.452 0.937 1.436 1.653 1.718 1.750 1.681 1.341 0.832 0.540 0.403 0.332 0.299 0.288 0.298 0.380 0.509 0.602 0.647 0.666 0.670 0.650 0.577 0.497 0.476 0.467 0.459 0.448 0.426 0.382 0.297 0.181 0.103 0.063 0.045 0.037 0.034 0.032 0.030 0.028 0.030 0.058 0.106 0.178 0.244 0.283 0.302 0.307 0.308 0.307 0.303 0.309 0.339 0.394 0.437 0.471 0.496 0.497 0.477 0.451 0.403 0.340 0.276
0.000 0.000 0.000 0.000 0.000 0.001 0.002 0.003 0.007 0.017 0.038 0.083 0.177 0.368 0.728 1.246 1.540 1.638 1.681 1.677 1.483 1.016 0.628 0.451 0.364 0.318 0.295 0.290 0.311 0.409 0.532 0.611 0.640 0.655 0.660 0.631 0.546 0.483 0.466 0.459 0.455 0.446 0.422 0.370 0.278 0.166 0.095 0.058 0.042 0.035 0.032 0.031 0.029 0.027 0.031 0.062 0.114 0.188 0.257 0.298 0.315 0.320 0.319 0.313 0.314 0.327 0.367 0.437 0.481 0.514 0.529 0.525 0.500 0.462 0.403 0.334 0.268
0.000 0.000 0.000 0.000 0.001 0.002 0.003 0.006 0.014 0.033 0.074 0.159 0.320 0.593 1.016 1.388 1.542 1.593 1.622 1.534 1.206 0.760 0.515 0.399 0.341 0.310 0.294 0.295 0.326 0.435 0.548 0.608 0.627 0.637 0.635 0.601 0.514 0.473 0.462 0.456 0.450 0.440 0.416 0.364 0.264 0.153 0.088 0.055 0.041 0.035 0.033 0.031 0.029 0.028 0.032 0.065 0.121 0.200 0.270 0.311 0.329 0.336 0.336 0.332 0.332 0.357 0.415 0.489 0.531 0.560 0.565 0.549 0.522 0.472 0.403 0.328 0.260
0.000 0.000 0.001 0.001 0.002 0.003 0.006 0.012 0.028 0.062 0.136 0.274 0.495 0.832 1.201 1.416 1.500 1.548 1.527 1.335 0.918 0.605 0.455 0.374 0.329 0.305 0.294 0.301 0.341 0.458 0.564 0.606 0.618 0.623 0.613 0.563 0.478 0.465 0.459 0.455 0.449 0.438 0.413 0.357 0.251 0.142 0.081 0.051 0.039 0.035 0.033 0.032 0.030 0.028 0.034 0.069 0.130 0.214 0.283 0.323 0.343 0.349 0.351 0.352 0.361 0.397 0.479 0.552 0.586 0.604 0.601 0.575 0.537 0.475 0.398 0.318 0.249
0.000 0.001 0.002 0.002 0.004 0.006 0.011 0.023 0.051 0.112 0.228 0.408 0.662 1.006 1.262 1.384 1.445 1.474 1.399 1.121 0.724 0.516 0.415 0.356 0.319 0.299 0.296 0.308 0.356 0.476 0.568 0.604 0.612 0.615 0.597 0.525 0.460 0.452 0.451 0.448 0.444 0.435 0.408 0.348 0.237 0.132 0.076 0.049 0.038 0.035 0.033 0.032 0.030 0.029 0.036 0.073 0.138 0.227 0.295 0.334 0.353 0.361 0.366 0.374 0.395 0.456 0.555 0.619 0.643 0.649 0.634 0.605 0.549 0.469 0.380 0.294 0.222
0.001 0.002 0.003 0.004 0.006 0.010 0.020 0.041 0.088 0.179 0.327 0.530 0.804 1.090 1.253 1.324 1.379 1.373 1.247 0.911 0.605 0.459 0.384 0.336 0.307 0.294 0.294 0.310 0.370 0.490 0.566 0.594 0.605 0.604 0.578 0.500 0.452 0.444 0.442 0.441 0.437 0.427 0.400 0.336 0.223 0.124 0.071 0.048 0.038 0.035 0.033 0.032 0.031 0.029 0.038 0.078 0.145 0.241 0.310 0.348 0.369 0.377 0.385 0.399 0.437 0.531 0.634 0.680 0.691 0.686 0.661 0.623 0.551 0.450 0.338 0.241 0.165
0.002 0.003 0.004 0.006 0.009 0.017 0.033 0.067 0.134 0.249 0.413 0.623 0.891 1.103 1.216 1.272 1.297 1.265 1.093 0.749 0.516 0.415 0.361 0.323 0.300 0.292 0.294 0.311 0.378 0.500 0.567 0.590 0.596 0.596 0.564 0.478 0.445 0.441 0.441 0.439 0.435 0.425 0.395 0.325 0.207 0.115 0.067 0.046 0.038 0.035 0.034 0.033 0.031 0.030 0.041 0.084 0.155 0.255 0.334 0.378 0.396 0.405 0.413 0.434 0.493 0.612 0.702 0.731 0.732 0.713 0.683 0.621 0.526 0.397 0.263 0.161 0.090
