RESULTS/r.avaflow_results/21_results/21_ascii/21_hflow10012.asc
ncols 506
nrows 317
xllcenter 498237.50
yllcenter 5580050.00
cellsize 12.50
NODATA_value -9999.000
[rows 170 to 203 of 317, columns 77 to 153 of 506]
0.000 0.000 0.000 0.000 0.000 0.000 0.000 0.000 0.000 0.000 0.000 0.000 0.000 0.000 0.000 0.000 0.000 0.000 0.000 0.000 0.000 0.000 0.000 0.000 0.000 0.001 0.002 0.004 0.007 0.010 0.011 0.012 0.012 0.011 0.009 0.007 0.006 0.005 0.005 0.005 0.005 0.005 0.005 0.005 0.006 0.009 0.013 0.020 0.029 0.039 0.052 0.068 0.099 0.164 0.281 0.471 0.800 1.432 2.283 2.822 2.970 2.906 2.606 2.030 1.393 0.930 0.611 0.401 0.265 0.178 0.123 0.089 0.067 0.052 0.042 0.034 0.027
0.000 0.000 0.000 0.000 0.000 0.000 0.000 0.000 0.000 0.000 0.000 0.000 0.000 0.000 0.000 0.000 0.000 0.000 0.000 0.000 0.000 0.000 0.000 0.000 0.001 0.002 0.004 0.008 0.013 0.018 0.021 0.021 0.021 0.020 0.017 0.014 0.012 0.011 0.011 0.011 0.011 0.011 0.011 0.013 0.017 0.025 0.038 0.059 0.086 0.119 0.159 0.223 0.329 0.487 0.715 1.070 1.637 2.466 3.156 3.419 3.434 3.253 2.786 2.062 1.406 0.945 0.633 0.427 0.294 0.208 0.154 0.119 0.095 0.078 0.064 0.052 0.042
0.000 0.000 0.000 0.000 0.000 0.000 0.000 0.000 0.000 0.000 0.000 0.000 0.000 0.000 0.000 0.000 0.000 0.000 0.000 0.000 0.000 0.000 0.000 0.001 0.002 0.004 0.008 0.014 0.024 0.032 0.036 0.038 0.037 0.035 0.030 0.025 0.023 0.023 0.022 0.022 0.023 0.024 0.027 0.033 0.044 0.067 0.107 0.166 0.243 0.333 0.457 0.648 0.864 1.086 1.346 1.700 2.256 3.043 3.532 3.671 3.633 3.371 2.816 2.035 1.394 0.945 0.647 0.453 0.329 0.250 0.199 0.164 0.137 0.115 0.096 0.079 0.064
0.000 0.000 0.000 0.000 0.000 0.000 0.000 0.000 0.000 0.000 0.000 0.000 0.000 0.000 0.000 0.000 0.000 0.000 0.000 0.000 0.000 0.000 0.000 0.001 0.004 0.008 0.015 0.025 0.040 0.054 0.061 0.064 0.063 0.060 0.052 0.045 0.043 0.042 0.042 0.044 0.049 0.056 0.068 0.084 0.114 0.174 0.279 0.424 0.590 0.789 1.111 1.482 1.716 1.827 1.918 2.098 2.515 3.203 3.612 3.717 3.659 3.364 2.753 1.956 1.348 0.930 0.658 0.486 0.378 0.310 0.263 0.227 0.196 0.167 0.140 0.117 0.096
0.000 0.000 0.000 0.000 0.000 0.000 0.000 0.000 0.000 0.000 0.000 0.000 0.000 0.000 0.000 0.000 0.000 0.000 0.000 0.000 0.000 0.000 0.001 0.003 0.007 0.014 0.024 0.040 0.064 0.087 0.100 0.105 0.104 0.099 0.087 0.077 0.074 0.073 0.076 0.084 0.099 0.125 0.159 0.200 0.268 0.405 0.635 0.910 1.189 1.539 2.006 2.315 2.386 2.342 2.270 2.303 2.571 3.174 3.566 3.650 3.566 3.221 2.555 1.796 1.253 0.893 0.665 0.528 0.443 0.387 0.346 0.309 0.274 0.239 0.202 0.168 0.139
0.000 0.000 0.000 0.000 0.000 0.000 0.000 0.000 0.000 0.000 0.000 0.000 0.000 0.000 0.000 0.000 0.000 0.000 0.000 0.000 0.000 0.001 0.002 0.006 0.012 0.022 0.038 0.063 0.101 0.138 0.159 0.167 0.168 0.161 0.142 0.126 0.121 0.121 0.128 0.146 0.178 0.224 0.286 0.369 0.512 0.785 1.193 1.534 1.835 2.218 2.587 2.722 2.719 2.617 2.422 2.361 2.498 2.970 3.339 3.395 3.276 2.878 2.188 1.540 1.107 0.832 0.659 0.554 0.491 0.447 0.411 0.377 0.344 0.311 0.273 0.233 0.194
0.000 0.000 0.000 0.000 0.000 0.000 0.000 0.000 0.000 0.000 0.000 0.000 0.000 0.000 0.000 0.000 0.000 0.000 0.000 0.000 0.000 0.001 0.004 0.009 0.018 0.033 0.058 0.096 0.153 0.213 0.248 0.260 0.261 0.252 0.223 0.196 0.188 0.188 0.195 0.212 0.242 0.289 0.360 0.467 0.672 1.078 1.616 1.952 2.228 2.577 2.804 2.854 2.834 2.711 2.462 2.305 2.308 2.563 2.876 2.916 2.766 2.329 1.696 1.224 0.934 0.754 0.639 0.564 0.515 0.481 0.450 0.421 0.391 0.361 0.329 0.294 0.256
0.000 0.000 0.000 0.000 0.000 0.000 0.000 0.000 0.000 0.000 0.000 0.000 0.000 0.000 0.000 0.000 0.000 0.000 0.000 0.000 0.000 0.001 0.005 0.011 0.022 0.041 0.073 0.126 0.207 0.299 0.357 0.379 0.382 0.369 0.323 0.267 0.241 0.235 0.237 0.248 0.272 0.314 0.386 0.499 0.728 1.195 1.795 2.140 2.392 2.682 2.833 2.865 2.837 2.706 2.432 2.151 2.034 2.093 2.271 2.280 2.109 1.713 1.267 0.976 0.796 0.683 0.609 0.558 0.522 0.494 0.467 0.440 0.416 0.392 0.368 0.343 0.312
0.000 0.000 0.000 0.000 0.000 0.000 0.000 0.000 0.000 0.000 0.000 0.000 0.000 0.000 0.000 0.000 0.000 0.000 0.000 0.000 0.000 0.001 0.005 0.011 0.023 0.045 0.081 0.142 0.238 0.356 0.434 0.466 0.470 0.453 0.395 0.310 0.265 0.251 0.251 0.258 0.277 0.315 0.383 0.496 0.726 1.196 1.810 2.169 2.410 2.658 2.771 2.786 2.742 2.601 2.313 1.942 1.738 1.708 1.751 1.710 1.533 1.225 0.960 0.795 0.691 0.625 0.580 0.548 0.521 0.495 0.470 0.448 0.429 0.413 0.396 0.378 0.351
0.000 0.000 0.000 0.000 0.000 0.000 0.000 0.000 0.000 0.000 0.000 0.000 0.000 0.000 0.000 0.000 0.000 0.000 0.000 0.000 0.000 0.002 0.005 0.011 0.023 0.045 0.084 0.148 0.251 0.384 0.472 0.510 0.515 0.497 0.431 0.327 0.270 0.251 0.249 0.254 0.269 0.298 0.354 0.452 0.653 1.074 1.673 2.055 2.270 2.454 2.530 2.521 2.462 2.320 2.059 1.686 1.442 1.354 1.311 1.234 1.079 0.883 0.745 0.661 0.609 0.574 0.549 0.529 0.511 0.491 0.469 0.452 0.438 0.427 0.414 0.398 0.375
0.000 0.000 0.000 0.000 0.000 0.000 0.000 0.000 0.000 0.000 0.000 0.000 0.000 0.000 0.000 0.000 0.000 0.000 0.000 0.000 0.000 0.002 0.005 0.011 0.023 0.044 0.083 0.147 0.251 0.390 0.483 0.523 0.528 0.509 0.443 0.329 0.264 0.242 0.236 0.235 0.241 0.257 0.289 0.347 0.465 0.746 1.241 1.644 1.840 1.948 1.991 1.984 1.940 1.833 1.646 1.356 1.125 1.008 0.934 0.852 0.746 0.650 0.591 0.558 0.539 0.527 0.517 0.508 0.499 0.486 0.468 0.453 0.441 0.432 0.421 0.404 0.384
0.000 0.000 0.000 0.000 0.000 0.000 0.000 0.000 0.000 0.000 0.000 0.000 0.000 0.000 0.000 0.000 0.000 0.000 0.000 0.000 0.000 0.002 0.004 0.010 0.020 0.041 0.078 0.141 0.244 0.384 0.479 0.519 0.525 0.506 0.441 0.322 0.245 0.216 0.205 0.197 0.192 0.190 0.193 0.205 0.243 0.347 0.590 0.902 1.092 1.156 1.176 1.197 1.217 1.192 1.114 0.954 0.788 0.690 0.627 0.569 0.517 0.484 0.469 0.467 0.472 0.478 0.481 0.481 0.479 0.471 0.457 0.445 0.438 0.432 0.422 0.404 0.386
0.000 0.000 0.000 0.000 0.000 0.000 0.000 0.000 0.000 0.000 0.000 0.000 0.000 0.000 0.000 0.000 0.000 0.000 0.000 0.000 0.000 0.001 0.003 0.007 0.015 0.032 0.064 0.122 0.218 0.354 0.451 0.492 0.498 0.482 0.421 0.304 0.215 0.175 0.154 0.138 0.123 0.113 0.107 0.105 0.112 0.135 0.202 0.337 0.461 0.518 0.546 0.576 0.625 0.667 0.665 0.605 0.508 0.439 0.398 0.371 0.356 0.353 0.362 0.379 0.398 0.415 0.425 0.430 0.431 0.427 0.419 0.415 0.415 0.413 0.407 0.395 0.384
0.000 0.000 0.000 0.000 0.000 0.000 0.000 0.000 0.000 0.000 0.000 0.000 0.000 0.000 0.000 0.000 0.000 0.000 0.000 0.000 0.000 0.000 0.001 0.003 0.008 0.019 0.042 0.087 0.166 0.286 0.382 0.424 0.431 0.418 0.367 0.264 0.175 0.129 0.104 0.086 0.073 0.064 0.058 0.053 0.051 0.052 0.060 0.091 0.143 0.179 0.199 0.219 0.250 0.305 0.342 0.340 0.302 0.263 0.243 0.237 0.238 0.247 0.264 0.286 0.307 0.322 0.331 0.334 0.332 0.329 0.328 0.337 0.353 0.367 0.375 0.377 0.376
0.000 0.000 0.000 0.000 0.000 0.000 0.000 0.000 0.000 0.000 0.000 0.000 0.000 0.000 0.000 0.000 0.000 0.000 0.000 0.000 0.000 0.000 0.001 0.001 0.004 0.009 0.020 0.045 0.093 0.178 0.262 0.303 0.312 0.305 0.268 0.192 0.126 0.091 0.070 0.054 0.044 0.037 0.032 0.028 0.025 0.022 0.020 0.022 0.032 0.045 0.054 0.062 0.074 0.103 0.142 0.161 0.161 0.149 0.145 0.148 0.155 0.167 0.182 0.196 0.206 0.212 0.214 0.213 0.212 0.213 0.219 0.235 0.267 0.304 0.333 0.351 0.361
0.000 0.000 0.000 0.000 0.000 0.000 0.000 0.000 0.000 0.000 0.000 0.000 0.000 0.000 0.000 0.000 0.000 0.000 0.000 0.000 0.000 0.000 0.000 0.001 0.001 0.003 0.008 0.018 0.041 0.083 0.135 0.165 0.175 0.172 0.154 0.115 0.081 0.061 0.046 0.034 0.027 0.021 0.018 0.015 0.012 0.010 0.008 0.006 0.006 0.009 0.012 0.015 0.018 0.027 0.045 0.065 0.076 0.081 0.085 0.092 0.100 0.110 0.119 0.126 0.130 0.132 0.133 0.133 0.133 0.136 0.143 0.156 0.183 0.230 0.280 0.315 0.337
0.000 0.000 0.000 0.000 0.000 0.000 0.000 0.000 0.000 0.000 0.000 0.000 0.000 0.000 0.000 0.000 0.000 0.000 0.000 0.000 0.000 0.000 0.000 0.000 0.000 0.001 0.002 0.006 0.014 0.030 0.055 0.074 0.082 0.083 0.077 0.064 0.049 0.038 0.028 0.021 0.015 0.012 0.009 0.007 0.005 0.004 0.003 0.002 0.001 0.002 0.003 0.004 0.005 0.008 0.013 0.023 0.032 0.041 0.049 0.057 0.064 0.071 0.076 0.079 0.081 0.082 0.082 0.083 0.083 0.086 0.091 0.098 0.112 0.146 0.203 0.250 0.273
0.000 0.000 0.000 0.000 0.000 0.000 0.000 0.000 0.000 0.000 0.000 0.000 0.000 0.000 0.000 0.000 0.000 0.000 0.000 0.000 0.000 0.000 0.000 0.000 0.000 0.000 0.001 0.001 0.003 0.008 0.017 0.025 0.030 0.032 0.033 0.031 0.026 0.021 0.016 0.011 0.008 0.006 0.004 0.003 0.002 0.001 0.001 0.001 0.001 0.001 0.001 0.001 0.002 0.003 0.005 0.008 0.013 0.019 0.025 0.033 0.039 0.044 0.047 0.049 0.050 0.050 0.051 0.051 0.052 0.053 0.055 0.058 0.062 0.074 0.103 0.131 0.137
0.000 0.000 0.000 0.000 0.000 0.000 0.000 0.000 0.000 0.000 0.000 0.000 0.000 0.000 0.000 0.000 0.000 0.000 0.000 0.000 0.000 0.000 0.000 0.000 0.000 0.000 0.000 0.001 0.001 0.001 0.003 0.006 0.008 0.009 0.011 0.011 0.011 0.010 0.007 0.005 0.004 0.002 0.002 0.001 0.001 0.001 0.001 0.001 0.001 0.001 0.001 0.001 0.001 0.002 0.002 0.004 0.005 0.008 0.012 0.017 0.021 0.025 0.028 0.029 0.029 0.029 0.030 0.030 0.032 0.032 0.032 0.031 0.031 0.032 0.038 0.043 0.042
0.000 0.000 0.000 0.000 0.000 0.000 0.000 0.000 0.000 0.000 0.000 0.000 0.000 0.000 0.000 0.000 0.000 0.000 0.000 0.000 0.000 0.000 0.000 0.000 0.000 0.000 0.000 0.001 0.001 0.001 0.001 0.001 0.001 0.002 0.002 0.003 0.003 0.003 0.003 0.002 0.001 0.001 0.001 0.001 0.001 0.001 0.001 0.000 0.000 0.001 0.001 0.001 0.001 0.001 0.001 0.002 0.003 0.004 0.006 0.008 0.010 0.012 0.014 0.015 0.015 0.015 0.016 0.017 0.018 0.018 0.017 0.016 0.014 0.014 0.013 0.013 0.012
0.000 0.000 0.000 0.000 0.000 0.000 0.000 0.000 0.000 0.000 0.000 0.000 0.000 0.000 0.000 0.000 0.000 0.000 0.000 0.000 0.000 0.000 0.000 0.000 0.000 0.000 0.001 0.001 0.001 0.001 0.001 0.001 0.001 0.001 0.001 0.001 0.001 0.001 0.001 0.001 0.001 0.001 0.001 0.001 0.001 0.001 0.001 0.001 0.000 0.000 0.001 0.001 0.001 0.001 0.001 0.001 0.002 0.002 0.003 0.004 0.005 0.006 0.007 0.007 0.007 0.008 0.008 0.008 0.009 0.009 0.009 0.008 0.007 0.006 0.006 0.005 0.005
0.000 0.000 0.000 0.000 0.000 0.000 0.000 0.000 0.000 0.000 0.000 0.000 0.000 0.000 0.000 0.000 0.000 0.000 0.000 0.000 0.000 0.000 0.000 0.000 0.001 0.001 0.001 0.001 0.001 0.001 0.001 0.001 0.001 0.001 0.001 0.001 0.001 0.001 0.001 0.001 0.001 0.001 0.001 0.001 0.001 0.001 0.001 0.001 0.001 0.001 0.001 0.001 0.001 0.001 0.001 0.001 0.001 0.001 0.002 0.002 0.003 0.003 0.003 0.004 0.004 0.004 0.004 0.004 0.004 0.004 0.004 0.004 0.004 0.003 0.003 0.003 0.002
0.000 0.000 0.000 0.000 0.000 0.000 0.000 0.000 0.000 0.000 0.000 0.000 0.000 0.000 0.000 0.000 0.000 0.000 0.000 0.000 0.000 0.000 0.001 0.000 0.000 0.001 0.001 0.001 0.001 0.001 0.001 0.001 0.001 0.001 0.001 0.001 0.001 0.001 0.001 0.001 0.001 0.001 0.001 0.001 0.001 0.001 0.001 0.001 0.001 0.001 0.001 0.001 0.001 0.001 0.001 0.001 0.001 0.001 0.001 0.001 0.001 0.002 0.002 0.002 0.002 0.002 0.002 0.002 0.002 0.002 0.002 0.002 0.002 0.002 0.002 0.002 0.001
0.000 0.000 0.000 0.000 0.000 0.000 0.000 0.000 0.000 0.000 0.000 0.000 0.000 0.000 0.000 0.000 0.000 0.000 0.000 0.000 0.000 0.000 0.001 0.000 0.001 0.001 0.001 0.001 0.001 0.001 0.001 0.001 0.001 0.001 0.001 0.001 0.001 0.001 0.001 0.001 0.001 0.001 0.001 0.001 0.001 0.001 0.001 0.001 0.001 0.001 0.001 0.001 0.001 0.001 0.001 0.001 0.001 0.001 0.001 0.001 0.001 0.001 0.001 0.001 0.001 0.001 0.001 0.001 0.001 0.001 0.001 0.001 0.001 0.001 0.001 0.001 0.001
0.000 0.000 0.000 0.000 0.000 0.000 0.000 0.000 0.000 0.000 0.000 0.000 0.000 0.000 0.000 0.000 0.000 0.000 0.000 0.000 0.000 0.001 0.001 0.001 0.001 0.001 0.001 0.001 0.001 0.001 0.001 0.001 0.001 0.001 0.001 0.001 0.001 0.001 0.001 0.001 0.001 0.001 0.001 0.001 0.001 0.001 0.001 0.001 0.001 0.001 0.001 0.001 0.001 0.001 0.001 0.001 0.000 0.000 0.001 0.001 0.001 0.001 0.001 0.001 0.001 0.001 0.001 0.001 0.001 0.001 0.001 0.001 0.001 0.001 0.001 0.001 0.001
0.000 0.000 0.000 0.000 0.000 0.000 0.000 0.000 0.000 0.000 0.000 0.000 0.000 0.000 0.000 0.000 0.000 0.000 0.000 0.000 0.001 0.001 0.001 0.001 0.001 0.001 0.001 0.001 0.001 0.001 0.001 0.001 0.001 0.001 0.001 0.001 0.001 0.001 0.001 0.001 0.001 0.001 0.001 0.001 0.001 0.001 0.001 0.001 0.001 0.001 0.001 0.001 0.001 0.001 0.001 0.001 0.000 0.000 0.000 0.001 0.001 0.001 0.001 0.001 0.001 0.001 0.001 0.001 0.001 0.001 0.001 0.001 0.001 0.001 0.001 0.001 0.001
0.000 0.000 0.000 0.000 0.000 0.000 0.000 0.000 0.000 0.000 0.000 0.000 0.000 0.000 0.000 0.000 0.000 0.000 0.000 0.000 0.001 0.001 0.001 0.001 0.001 0.001 0.001 0.001 0.001 0.001 0.001 0.001 0.001 0.001 0.001 0.001 0.001 0.001 0.001 0.001 0.001 0.001 0.001 0.001 0.001 0.001 0.000 0.000 0.000 0.001 0.001 0.001 0.001 0.001 0.001 0.001 0.000 0.000 0.000 0.000 0.001 0.001 0.001 0.001 0.001 0.001 0.001 0.001 0.001 0.001 0.001 0.001 0.001 0.001 0.001 0.001 0.001
0.000 0.000 0.000 0.000 0.000 0.000 0.000 0.000 0.000 0.000 0.000 0.000 0.000 0.000 0.000 0.000 0.000 0.000 0.000 0.001 0.001 0.001 0.001 0.001 0.001 0.001 0.001 0.001 0.001 0.001 0.001 0.001 0.001 0.001 0.001 0.001 0.001 0.001 0.001 0.001 0.001 0.001 0.001 0.001 0.001 0.001 0.000 0.000 0.000 0.000 0.001 0.001 0.001 0.001 0.001 0.001 0.000 0.000 0.000 0.000 0.001 0.001 0.001 0.001 0.001 0.001 0.001 0.001 0.001 0.001 0.001 0.001 0.001 0.001 0.001 0.001 0.001
0.000 0.000 0.000 0.000 0.000 0.000 0.000 0.000 0.000 0.000 0.000 0.000 0.000 0.000 0.000 0.000 0.000 0.001 0.001 0.001 0.001 0.001 0.001 0.001 0.001 0.001 0.001 0.001 0.001 0.001 0.001 0.001 0.001 0.001 0.001 0.001 0.001 0.001 0.001 0.001 0.001 0.001 0.001 0.001 0.001 0.001 0.000 0.000 0.000 0.000 0.000 0.001 0.001 0.001 0.001 0.001 0.000 0.000 0.000 0.000 0.001 0.001 0.001 0.001 0.001 0.001 0.001 0.001 0.001 0.001 0.001 0.001 0.001 0.001 0.001 0.001 0.001
0.000 0.000 0.000 0.000 0.000 0.000 0.000 0.000 0.000 0.000 0.000 0.000 0.000 0.000 0.000 0.000 0.000 0.001 0.001 0.001 0.001 0.001 0.001 0.001 0.001 0.001 0.001 0.001 0.001 0.001 0.001 0.001 0.001 0.001 0.001 0.001 0.001 0.001 0.001 0.001 0.001 0.001 0.001 0.001 0.001 0.001 0.000 0.000 0.000 0.000 0.000 0.000 0.001 0.001 0.001 0.001 0.000 0.000 0.000 0.000 0.001 0.001 0.001 0.001 0.001 0.001 0.001 0.001 0.001 0.001 0.001 0.001 0.001 0.001 0.001 0.001 0.001
0.000 0.000 0.000 0.000 0.001 0.000 0.000 0.000 0.000 0.000 0.000 0.000 0.000 0.000 0.000 0.000 0.000 0.001 0.001 0.001 0.001 0.001 0.001 0.001 0.001 0.001 0.001 0.001 0.001 0.001 0.001 0.001 0.001 0.001 0.001 0.001 0.001 0.001 0.001 0.001 0.001 0.001 0.001 0.001 0.001 0.001 0.000 0.000 0.000 0.000 0.000 0.000 0.000 0.000 0.000 0.000 0.000 0.000 0.000 0.000 0.001 0.001 0.001 0.001 0.001 0.001 0.001 0.001 0.001 0.001 0.001 0.001 0.001 0.001 0.001 0.001 0.001
0.000 0.000 0.000 0.000 0.000 0.000 0.000 0.000 0.000 0.000 0.000 0.000 0.000 0.000 0.000 0.000 0.001 0.001 0.001 0.001 0.001 0.001 0.001 0.001 0.001 0.001 0.001 0.001 0.001 0.001 0.001 0.001 0.001 0.001 0.001 0.000 0.001 0.001 0.001 0.001 0.001 0.001 0.001 0.001 0.001 0.001 0.000 0.000 0.000 0.000 0.000 0.000 0.000 0.000 0.000 0.000 0.000 0.000 0.000 0.000 0.001 0.001 0.001 0.001 0.001 0.001 0.001 0.001 0.001 0.001 0.001 0.001 0.001 0.001 0.001 0.001 0.001
0.000 0.000 0.000 0.000 0.000 0.000 0.000 0.000 0.000 0.000 0.000 0.000 0.000 0.000 0.000 0.000 0.001 0.001 0.001 0.001 0.001 0.001 0.001 0.001 0.001 0.001 0.001 0.001 0.001 0.001 0.001 0.001 0.001 0.001 0.000 0.000 0.000 0.000 0.001 0.001 0.001 0.001 0.001 0.001 0.001 0.001 0.001 0.000 0.000 0.000 0.000 0.000 0.000 0.000 0.000 0.000 0.000 0.000 0.000 0.001 0.001 0.001 0.001 0.001 0.001 0.001 0.001 0.001 0.001 0.001 0.001 0.001 0.001 0.000 0.000 0.000 0.000
0.000 0.000 0.000 0.000 0.000 0.000 0.000 0.000 0.000 0.000 0.000 0.000 0.000 0.000 0.000 0.001 0.001 0.001 0.001 0.001 0.001 0.001 0.001 0.001 0.001 0.001 0.001 0.001 0.001 0.001 0.001 0.001 0.001 0.001 0.001 0.000 0.000 0.000 0.000 0.001 0.001 0.001 0.001 0.001 0.001 0.001 0.001 0.001 0.000 0.000 0.000 0.000 0.000 0.000 0.000 0.000 0.000 0.000 0.000 0.000 0.001 0.001 0.001 0.001 0.001 0.001 0.001 0.001 0.001 0.001 0.001 0.000 0.000 0.000 0.000 0.000 0.000
