RESULTS/r.avaflow_results/21_results/21_ascii/21_hflow10035.asc
ncols 506
nrows 317
xllcenter 498237.50
yllcenter 5580050.00
cellsize 12.50
NODATA_value -9999.000
[rows 170 to 203 of 317, columns 77 to 153 of 506]
0.000 0.000 0.000 0.000 0.000 0.000 0.000 0.000 0.000 0.000 0.000 0.000 0.000 0.000 0.000 0.000 0.000 0.000 0.000 0.000 0.000 0.001 0.002 0.004 0.008 0.010 0.011 0.012 0.012 0.012 0.012 0.011 0.010 0.009 0.008 0.006 0.005 0.004 0.003 0.002 0.002 0.002 0.002 0.002 0.003 0.004 0.006 0.010 0.018 0.034 0.068 0.143 0.293 0.539 0.799 1.006 1.188 1.380 1.555 1.668 1.715 1.718 1.691 1.623 1.514 1.370 1.197 1.022 0.868 0.733 0.618 0.520 0.439 0.372 0.316 0.269 0.228
0.000 0.000 0.000 0.000 0.000 0.000 0.000 0.000 0.000 0.000 0.000 0.000 0.000 0.000 0.000 0.000 0.000 0.000 0.000 0.000 0.001 0.002 0.005 0.009 0.013 0.016 0.016 0.017 0.017 0.017 0.016 0.016 0.014 0.013 0.011 0.009 0.007 0.006 0.005 0.004 0.003 0.003 0.003 0.004 0.005 0.008 0.013 0.024 0.045 0.091 0.187 0.364 0.641 0.926 1.126 1.274 1.418 1.567 1.680 1.738 1.749 1.738 1.698 1.624 1.513 1.368 1.193 1.014 0.859 0.727 0.617 0.526 0.451 0.388 0.334 0.287 0.247
0.000 0.000 0.000 0.000 0.000 0.000 0.000 0.000 0.000 0.000 0.000 0.000 0.000 0.000 0.000 0.000 0.000 0.000 0.000 0.001 0.003 0.006 0.011 0.016 0.020 0.022 0.022 0.022 0.022 0.022 0.022 0.021 0.019 0.016 0.013 0.011 0.010 0.008 0.007 0.006 0.005 0.005 0.005 0.006 0.009 0.016 0.030 0.058 0.118 0.241 0.459 0.750 1.018 1.183 1.289 1.387 1.506 1.630 1.709 1.741 1.745 1.730 1.688 1.613 1.503 1.359 1.184 1.004 0.851 0.724 0.619 0.533 0.461 0.400 0.348 0.302 0.263
0.000 0.000 0.000 0.000 0.000 0.000 0.000 0.000 0.000 0.000 0.000 0.000 0.000 0.000 0.000 0.000 0.000 0.000 0.001 0.003 0.006 0.011 0.018 0.023 0.026 0.027 0.028 0.028 0.028 0.028 0.027 0.026 0.023 0.020 0.016 0.013 0.011 0.010 0.008 0.007 0.007 0.007 0.008 0.010 0.018 0.035 0.072 0.147 0.291 0.543 0.853 1.106 1.243 1.308 1.355 1.418 1.521 1.634 1.698 1.717 1.717 1.701 1.660 1.587 1.480 1.340 1.167 0.992 0.844 0.722 0.620 0.536 0.467 0.408 0.358 0.314 0.275
0.000 0.000 0.000 0.000 0.000 0.000 0.000 0.000 0.000 0.000 0.000 0.000 0.000 0.000 0.000 0.000 0.000 0.001 0.002 0.006 0.010 0.017 0.023 0.028 0.031 0.032 0.033 0.033 0.033 0.033 0.032 0.030 0.027 0.023 0.018 0.014 0.012 0.010 0.010 0.009 0.009 0.009 0.012 0.019 0.037 0.080 0.170 0.334 0.601 0.908 1.150 1.284 1.332 1.352 1.375 1.421 1.512 1.613 1.663 1.673 1.670 1.655 1.615 1.546 1.444 1.310 1.145 0.978 0.836 0.718 0.619 0.537 0.469 0.413 0.365 0.323 0.286
0.000 0.000 0.000 0.000 0.000 0.000 0.000 0.000 0.000 0.000 0.000 0.000 0.000 0.000 0.000 0.000 0.000 0.001 0.004 0.008 0.014 0.021 0.028 0.032 0.035 0.037 0.037 0.038 0.038 0.037 0.036 0.034 0.030 0.025 0.019 0.015 0.012 0.011 0.010 0.010 0.011 0.013 0.019 0.036 0.079 0.176 0.354 0.624 0.915 1.141 1.277 1.332 1.348 1.360 1.378 1.410 1.475 1.562 1.609 1.616 1.612 1.594 1.555 1.490 1.395 1.271 1.117 0.959 0.825 0.711 0.616 0.535 0.469 0.414 0.368 0.328 0.293
0.000 0.000 0.000 0.000 0.000 0.000 0.000 0.000 0.000 0.000 0.000 0.000 0.000 0.000 0.000 0.000 0.000 0.002 0.005 0.010 0.017 0.025 0.031 0.036 0.039 0.040 0.041 0.042 0.042 0.041 0.040 0.037 0.033 0.027 0.020 0.015 0.012 0.011 0.011 0.011 0.012 0.017 0.031 0.069 0.160 0.339 0.605 0.876 1.088 1.229 1.302 1.331 1.345 1.357 1.369 1.386 1.415 1.482 1.538 1.551 1.545 1.524 1.484 1.421 1.334 1.220 1.079 0.932 0.805 0.697 0.606 0.530 0.466 0.413 0.369 0.331 0.297
0.000 0.000 0.000 0.000 0.000 0.000 0.000 0.000 0.000 0.000 0.000 0.000 0.000 0.000 0.000 0.000 0.000 0.002 0.005 0.011 0.019 0.028 0.034 0.039 0.042 0.044 0.045 0.045 0.045 0.044 0.043 0.040 0.035 0.029 0.021 0.016 0.012 0.011 0.011 0.011 0.014 0.024 0.052 0.126 0.287 0.543 0.810 1.009 1.149 1.241 1.293 1.318 1.332 1.341 1.347 1.350 1.355 1.394 1.455 1.475 1.469 1.447 1.405 1.343 1.260 1.154 1.026 0.892 0.774 0.674 0.590 0.519 0.459 0.409 0.367 0.331 0.300
0.000 0.000 0.000 0.000 0.000 0.000 0.000 0.000 0.000 0.000 0.000 0.000 0.000 0.000 0.000 0.000 0.000 0.002 0.005 0.011 0.020 0.030 0.037 0.042 0.045 0.047 0.047 0.048 0.047 0.047 0.045 0.042 0.037 0.031 0.022 0.016 0.012 0.011 0.011 0.011 0.016 0.031 0.078 0.196 0.421 0.700 0.913 1.054 1.155 1.226 1.269 1.292 1.304 1.310 1.310 1.304 1.300 1.320 1.368 1.386 1.381 1.358 1.315 1.253 1.173 1.074 0.956 0.837 0.732 0.641 0.565 0.500 0.446 0.401 0.363 0.330 0.302
0.000 0.000 0.000 0.000 0.000 0.000 0.000 0.000 0.000 0.000 0.000 0.000 0.000 0.000 0.000 0.000 0.000 0.002 0.005 0.011 0.020 0.031 0.039 0.045 0.048 0.049 0.050 0.050 0.049 0.049 0.047 0.044 0.039 0.032 0.023 0.016 0.012 0.011 0.010 0.011 0.016 0.035 0.094 0.246 0.514 0.780 0.949 1.058 1.137 1.194 1.231 1.252 1.261 1.263 1.260 1.250 1.243 1.250 1.278 1.287 1.279 1.255 1.212 1.150 1.072 0.978 0.872 0.769 0.678 0.599 0.532 0.476 0.430 0.391 0.357 0.328 0.302
0.000 0.000 0.000 0.000 0.000 0.000 0.000 0.000 0.000 0.000 0.000 0.000 0.000 0.000 0.000 0.000 0.000 0.001 0.005 0.011 0.020 0.031 0.041 0.047 0.050 0.051 0.051 0.051 0.051 0.050 0.048 0.045 0.040 0.033 0.024 0.017 0.012 0.010 0.010 0.010 0.016 0.035 0.100 0.269 0.561 0.810 0.951 1.039 1.102 1.147 1.178 1.195 1.202 1.203 1.200 1.190 1.180 1.178 1.184 1.181 1.167 1.138 1.093 1.032 0.956 0.867 0.775 0.690 0.615 0.550 0.495 0.449 0.411 0.379 0.350 0.324 0.301
0.000 0.000 0.000 0.000 0.000 0.000 0.000 0.000 0.000 0.000 0.000 0.000 0.000 0.000 0.000 0.000 0.000 0.001 0.004 0.009 0.017 0.029 0.041 0.048 0.051 0.052 0.052 0.052 0.052 0.051 0.049 0.046 0.041 0.034 0.025 0.017 0.012 0.009 0.009 0.010 0.015 0.034 0.099 0.272 0.572 0.814 0.933 0.999 1.046 1.081 1.107 1.123 1.131 1.132 1.130 1.121 1.109 1.099 1.088 1.073 1.049 1.012 0.963 0.901 0.827 0.746 0.669 0.603 0.545 0.496 0.454 0.419 0.390 0.364 0.341 0.319 0.300
0.000 0.000 0.000 0.000 0.000 0.000 0.000 0.000 0.000 0.000 0.000 0.000 0.000 0.000 0.000 0.000 0.000 0.000 0.002 0.005 0.012 0.024 0.039 0.048 0.052 0.053 0.053 0.053 0.052 0.051 0.049 0.046 0.041 0.035 0.027 0.018 0.012 0.009 0.008 0.009 0.013 0.031 0.091 0.258 0.556 0.792 0.893 0.937 0.968 0.994 1.015 1.035 1.047 1.051 1.050 1.044 1.031 1.012 0.991 0.967 0.935 0.893 0.842 0.781 0.711 0.639 0.575 0.521 0.476 0.439 0.410 0.386 0.366 0.347 0.329 0.312 0.296
0.000 0.000 0.000 0.000 0.000 0.000 0.000 0.000 0.000 0.000 0.000 0.000 0.000 0.000 0.000 0.000 0.000 0.000 0.001 0.002 0.006 0.015 0.032 0.046 0.052 0.053 0.053 0.053 0.052 0.051 0.049 0.046 0.042 0.036 0.028 0.019 0.013 0.009 0.008 0.008 0.011 0.025 0.074 0.216 0.486 0.721 0.823 0.854 0.868 0.883 0.899 0.922 0.945 0.959 0.962 0.957 0.944 0.922 0.895 0.863 0.827 0.784 0.734 0.677 0.612 0.547 0.492 0.446 0.410 0.383 0.363 0.350 0.338 0.327 0.316 0.304 0.292
0.000 0.000 0.000 0.000 0.000 0.000 0.000 0.000 0.000 0.000 0.000 0.000 0.000 0.000 0.000 0.000 0.000 0.000 0.000 0.001 0.002 0.008 0.022 0.041 0.051 0.053 0.053 0.053 0.052 0.051 0.049 0.046 0.042 0.037 0.030 0.021 0.014 0.010 0.008 0.008 0.009 0.017 0.047 0.142 0.351 0.584 0.705 0.740 0.745 0.746 0.750 0.765 0.794 0.828 0.851 0.857 0.848 0.827 0.798 0.764 0.726 0.683 0.636 0.584 0.526 0.468 0.418 0.378 0.347 0.325 0.313 0.307 0.304 0.301 0.298 0.293 0.286
0.000 0.000 0.000 0.000 0.000 0.000 0.000 0.000 0.000 0.000 0.000 0.000 0.000 0.000 0.000 0.000 0.000 0.000 0.000 0.001 0.001 0.004 0.012 0.030 0.046 0.052 0.053 0.052 0.052 0.051 0.049 0.046 0.043 0.038 0.031 0.023 0.016 0.011 0.009 0.008 0.008 0.012 0.026 0.073 0.194 0.386 0.523 0.575 0.581 0.570 0.550 0.543 0.559 0.606 0.669 0.718 0.734 0.724 0.699 0.666 0.629 0.588 0.545 0.499 0.448 0.397 0.352 0.314 0.285 0.266 0.256 0.252 0.254 0.259 0.268 0.272 0.272
0.000 0.000 0.000 0.000 0.000 0.000 0.000 0.000 0.000 0.000 0.000 0.000 0.000 0.000 0.000 0.000 0.000 0.000 0.000 0.000 0.001 0.002 0.006 0.018 0.035 0.047 0.051 0.051 0.051 0.050 0.048 0.046 0.043 0.038 0.032 0.025 0.018 0.013 0.010 0.009 0.009 0.010 0.016 0.037 0.097 0.215 0.323 0.374 0.384 0.377 0.351 0.325 0.321 0.343 0.408 0.505 0.577 0.600 0.591 0.566 0.533 0.497 0.459 0.419 0.376 0.331 0.289 0.254 0.225 0.204 0.190 0.183 0.183 0.192 0.209 0.221 0.224
0.000 0.000 0.000 0.000 0.000 0.000 0.000 0.000 0.000 0.000 0.000 0.000 0.000 0.000 0.000 0.000 0.000 0.000 0.000 0.000 0.000 0.001 0.002 0.008 0.022 0.038 0.046 0.048 0.049 0.048 0.047 0.045 0.042 0.038 0.033 0.026 0.020 0.015 0.012 0.010 0.009 0.010 0.012 0.022 0.049 0.111 0.184 0.224 0.237 0.234 0.217 0.189 0.174 0.176 0.205 0.275 0.368 0.432 0.455 0.451 0.432 0.404 0.374 0.342 0.306 0.265 0.228 0.196 0.168 0.145 0.127 0.114 0.108 0.109 0.119 0.128 0.129
0.000 0.000 0.000 0.000 0.000 0.000 0.000 0.000 0.000 0.000 0.000 0.000 0.000 0.000 0.000 0.000 0.000 0.000 0.000 0.000 0.000 0.000 0.001 0.003 0.011 0.025 0.038 0.044 0.046 0.046 0.045 0.044 0.042 0.038 0.033 0.027 0.021 0.017 0.013 0.011 0.010 0.010 0.011 0.015 0.028 0.060 0.104 0.133 0.145 0.146 0.138 0.119 0.101 0.095 0.101 0.130 0.189 0.249 0.285 0.300 0.302 0.294 0.280 0.259 0.230 0.194 0.162 0.135 0.112 0.092 0.075 0.063 0.055 0.052 0.052 0.052 0.050
0.000 0.000 0.000 0.000 0.000 0.000 0.000 0.000 0.000 0.000 0.000 0.000 0.000 0.000 0.000 0.000 0.000 0.000 0.000 0.000 0.000 0.000 0.001 0.001 0.005 0.012 0.025 0.036 0.041 0.043 0.043 0.042 0.041 0.038 0.033 0.028 0.022 0.018 0.014 0.012 0.011 0.010 0.010 0.013 0.020 0.036 0.064 0.085 0.095 0.098 0.095 0.084 0.069 0.060 0.057 0.064 0.086 0.121 0.148 0.161 0.166 0.166 0.163 0.154 0.137 0.113 0.093 0.078 0.064 0.051 0.039 0.031 0.026 0.023 0.021 0.019 0.018
0.000 0.000 0.000 0.000 0.000 0.000 0.000 0.000 0.000 0.000 0.000 0.000 0.000 0.000 0.000 0.000 0.000 0.000 0.000 0.000 0.000 0.000 0.000 0.001 0.002 0.005 0.012 0.023 0.033 0.038 0.040 0.040 0.039 0.036 0.033 0.028 0.022 0.018 0.015 0.012 0.011 0.010 0.010 0.011 0.015 0.025 0.043 0.059 0.068 0.070 0.069 0.064 0.054 0.044 0.039 0.038 0.043 0.055 0.067 0.074 0.077 0.078 0.077 0.073 0.066 0.055 0.045 0.037 0.030 0.024 0.018 0.014 0.012 0.010 0.009 0.008 0.007
0.000 0.000 0.000 0.000 0.000 0.000 0.000 0.000 0.000 0.000 0.000 0.000 0.000 0.000 0.000 0.000 0.000 0.000 0.000 0.000 0.000 0.000 0.000 0.000 0.001 0.002 0.005 0.011 0.021 0.030 0.035 0.036 0.036 0.034 0.031 0.027 0.022 0.018 0.015 0.012 0.011 0.010 0.010 0.010 0.013 0.019 0.031 0.043 0.050 0.052 0.052 0.049 0.043 0.035 0.029 0.026 0.026 0.028 0.031 0.033 0.033 0.033 0.032 0.031 0.028 0.023 0.019 0.016 0.013 0.010 0.008 0.007 0.006 0.005 0.004 0.004 0.003
0.000 0.000 0.000 0.000 0.000 0.000 0.000 0.000 0.000 0.000 0.000 0.000 0.000 0.000 0.000 0.000 0.000 0.000 0.000 0.000 0.000 0.000 0.000 0.000 0.001 0.001 0.002 0.005 0.010 0.019 0.027 0.032 0.033 0.032 0.029 0.026 0.022 0.018 0.015 0.012 0.011 0.010 0.009 0.009 0.011 0.014 0.022 0.031 0.037 0.038 0.038 0.037 0.033 0.028 0.022 0.019 0.017 0.017 0.017 0.016 0.016 0.015 0.015 0.014 0.012 0.011 0.009 0.007 0.006 0.005 0.004 0.003 0.003 0.003 0.002 0.002 0.002
0.000 0.000 0.000 0.000 0.000 0.000 0.000 0.000 0.000 0.000 0.000 0.000 0.000 0.000 0.000 0.000 0.000 0.000 0.000 0.000 0.000 0.000 0.000 0.000 0.000 0.001 0.001 0.002 0.004 0.009 0.017 0.024 0.027 0.028 0.026 0.024 0.021 0.017 0.014 0.012 0.010 0.009 0.008 0.008 0.009 0.010 0.015 0.021 0.026 0.027 0.028 0.027 0.025 0.021 0.017 0.014 0.012 0.011 0.010 0.009 0.009 0.008 0.008 0.007 0.006 0.006 0.005 0.004 0.003 0.003 0.002 0.002 0.002 0.002 0.001 0.001 0.001
0.000 0.000 0.000 0.000 0.000 0.000 0.000 0.000 0.000 0.000 0.000 0.000 0.000 0.000 0.000 0.000 0.000 0.000 0.000 0.000 0.000 0.001 0.001 0.000 0.000 0.001 0.001 0.001 0.002 0.004 0.008 0.015 0.020 0.022 0.022 0.021 0.019 0.016 0.013 0.011 0.009 0.008 0.007 0.006 0.006 0.007 0.009 0.013 0.017 0.018 0.019 0.018 0.017 0.015 0.012 0.010 0.008 0.007 0.007 0.006 0.005 0.005 0.005 0.004 0.004 0.003 0.003 0.002 0.002 0.002 0.001 0.001 0.001 0.001 0.001 0.001 0.001
0.000 0.000 0.000 0.000 0.000 0.000 0.000 0.000 0.000 0.000 0.000 0.000 0.000 0.000 0.000 0.000 0.000 0.000 0.000 0.000 0.001 0.001 0.001 0.001 0.001 0.001 0.001 0.001 0.001 0.001 0.003 0.007 0.012 0.015 0.016 0.016 0.016 0.014 0.012 0.010 0.008 0.006 0.005 0.004 0.004 0.004 0.005 0.007 0.010 0.011 0.011 0.011 0.011 0.010 0.008 0.006 0.005 0.005 0.004 0.004 0.003 0.003 0.003 0.003 0.002 0.002 0.002 0.001 0.001 0.001 0.001 0.001 0.001 0.001 0.001 0.001 0.001
0.000 0.000 0.000 0.000 0.000 0.000 0.000 0.000 0.000 0.000 0.000 0.000 0.000 0.000 0.000 0.000 0.000 0.000 0.000 0.000 0.001 0.001 0.001 0.001 0.001 0.001 0.001 0.001 0.001 0.001 0.001 0.003 0.006 0.009 0.010 0.011 0.011 0.011 0.010 0.008 0.007 0.005 0.003 0.003 0.002 0.002 0.002 0.003 0.005 0.006 0.006 0.006 0.006 0.005 0.004 0.004 0.003 0.003 0.003 0.002 0.002 0.002 0.002 0.002 0.002 0.001 0.001 0.001 0.001 0.001 0.001 0.001 0.001 0.001 0.001 0.001 0.001
0.000 0.000 0.000 0.000 0.000 0.000 0.000 0.000 0.000 0.000 0.000 0.000 0.000 0.000 0.000 0.000 0.000 0.000 0.000 0.001 0.001 0.001 0.001 0.001 0.001 0.001 0.001 0.001 0.001 0.001 0.001 0.001 0.003 0.004 0.006 0.006 0.007 0.007 0.007 0.006 0.005 0.003 0.002 0.001 0.001 0.001 0.001 0.001 0.002 0.002 0.003 0.003 0.003 0.003 0.002 0.002 0.002 0.002 0.002 0.001 0.001 0.001 0.001 0.001 0.001 0.001 0.001 0.001 0.001 0.001 0.001 0.001 0.001 0.001 0.001 0.001 0.001
0.000 0.000 0.000 0.000 0.000 0.000 0.000 0.000 0.000 0.000 0.000 0.000 0.000 0.000 0.000 0.000 0.000 0.001 0.001 0.001 0.001 0.001 0.001 0.001 0.001 0.001 0.001 0.001 0.001 0.001 0.001 0.001 0.001 0.002 0.003 0.003 0.003 0.003 0.003 0.003 0.002 0.002 0.001 0.001 0.001 0.001 0.001 0.001 0.001 0.001 0.001 0.001 0.001 0.001 0.001 0.001 0.001 0.001 0.001 0.001 0.001 0.001 0.001 0.001 0.001 0.001 0.001 0.001 0.001 0.001 0.001 0.001 0.001 0.001 0.001 0.001 0.001
0.000 0.000 0.000 0.000 0.000 0.000 0.000 0.000 0.000 0.000 0.000 0.000 0.000 0.000 0.000 0.000 0.000 0.001 0.001 0.001 0.001 0.001 0.001 0.001 0.001 0.001 0.001 0.001 0.001 0.001 0.001 0.001 0.001 0.001 0.001 0.001 0.001 0.001 0.001 0.001 0.001 0.001 0.001 0.001 0.001 0.001 0.001 0.001 0.001 0.001 0.001 0.001 0.001 0.001 0.000 0.001 0.001 0.001 0.001 0.001 0.001 0.001 0.001 0.001 0.001 0.001 0.001 0.001 0.001 0.001 0.001 0.001 0.001 0.001 0.000 0.000 0.000
0.000 0.000 0.000 0.000 0.001 0.000 0.000 0.000 0.000 0.000 0.000 0.000 0.000 0.000 0.000 0.000 0.000 0.001 0.001 0.001 0.001 0.001 0.001 0.001 0.001 0.001 0.001 0.001 0.001 0.001 0.001 0.001 0.001 0.001 0.001 0.001 0.001 0.001 0.001 0.001 0.001 0.001 0.001 0.001 0.001 0.001 0.000 0.000 0.000 0.000 0.000 0.000 0.000 0.000 0.000 0.000 0.000 0.000 0.001 0.001 0.001 0.001 0.001 0.001 0.001 0.001 0.001 0.001 0.001 0.001 0.001 0.001 0.000 0.000 0.000 0.000 0.000
0.000 0.000 0.000 0.000 0.000 0.000 0.000 0.000 0.000 0.000 0.000 0.000 0.000 0.000 0.000 0.000 0.001 0.001 0.001 0.001 0.001 0.001 0.001 0.001 0.001 0.001 0.001 0.001 0.001 0.001 0.001 0.001 0.001 0.001 0.000 0.000 0.000 0.001 0.001 0.001 0.001 0.001 0.001 0.001 0.001 0.001 0.000 0.000 0.000 0.000 0.000 0.000 0.000 0.000 0.000 0.000 0.000 0.000 0.001 0.001 0.001 0.001 0.001 0.001 0.001 0.001 0.001 0.001 0.001 0.001 0.001 0.001 0.000 0.000 0.000 0.000 0.000
0.000 0.000 0.000 0.000 0.000 0.000 0.000 0.000 0.000 0.000 0.000 0.000 0.000 0.000 0.000 0.000 0.001 0.001 0.001 0.001 0.001 0.001 0.001 0.001 0.001 0.001 0.001 0.001 0.001 0.001 0.001 0.001 0.001 0.001 0.000 0.000 0.000 0.000 0.001 0.001 0.001 0.001 0.001 0.001 0.001 0.001 0.001 0.000 0.000 0.000 0.000 0.000 0.000 0.000 0.000 0.000 0.000 0.000 0.000 0.001 0.001 0.001 0.001 0.001 0.001 0.001 0.001 0.001 0.001 0.001 0.001 0.001 0.001 0.000 0.000 0.000 0.000
0.000 0.000 0.000 0.000 0.000 0.000 0.000 0.000 0.000 0.000 0.000 0.000 0.000 0.000 0.000 0.001 0.001 0.001 0.001 0.001 0.001 0.001 0.001 0.001 0.001 0.001 0.001 0.001 0.001 0.001 0.001 0.001 0.001 0.001 0.001 0.000 0.000 0.000 0.000 0.001 0.001 0.001 0.001 0.001 0.001 0.001 0.001 0.001 0.000 0.000 0.000 0.000 0.000 0.000 0.000 0.000 0.000 0.000 0.000 0.000 0.001 0.001 0.001 0.001 0.001 0.001 0.001 0.001 0.001 0.001 0.001 0.000 0.000 0.000 0.000 0.000 0.000
