RESULTS/r.avaflow_results/21_results/21_ascii/21_hflow10021.asc
ncols 506
nrows 317
xllcenter 498237.50
yllcenter 5580050.00
cellsize 12.50
NODATA_value -9999.000
[rows 170 to 203 of 317, columns 77 to 153 of 506]
0.000 0.000 0.000 0.000 0.000 0.000 0.000 0.000 0.000 0.000 0.000 0.000 0.000 0.000 0.000 0.000 0.000 0.000 0.000 0.000 0.000 0.001 0.002 0.006 0.011 0.017 0.020 0.022 0.022 0.023 0.023 0.022 0.021 0.019 0.016 0.015 0.014 0.013 0.012 0.010 0.008 0.006 0.006 0.005 0.006 0.007 0.010 0.018 0.034 0.068 0.141 0.289 0.546 0.875 1.155 1.341 1.495 1.662 1.810 1.896 1.916 1.886 1.796 1.642 1.433 1.189 0.971 0.790 0.640 0.514 0.411 0.328 0.263 0.211 0.170 0.137 0.111
0.000 0.000 0.000 0.000 0.000 0.000 0.000 0.000 0.000 0.000 0.000 0.000 0.000 0.000 0.000 0.000 0.000 0.000 0.000 0.000 0.001 0.002 0.006 0.011 0.019 0.025 0.029 0.031 0.032 0.033 0.033 0.032 0.030 0.027 0.024 0.022 0.021 0.019 0.018 0.015 0.012 0.010 0.009 0.009 0.010 0.014 0.024 0.046 0.092 0.189 0.375 0.688 1.066 1.369 1.538 1.644 1.745 1.859 1.943 1.975 1.966 1.914 1.806 1.646 1.435 1.189 0.975 0.799 0.654 0.535 0.436 0.356 0.289 0.236 0.194 0.160 0.133
0.000 0.000 0.000 0.000 0.000 0.000 0.000 0.000 0.000 0.000 0.000 0.000 0.000 0.000 0.000 0.000 0.000 0.000 0.000 0.001 0.002 0.006 0.011 0.019 0.029 0.036 0.041 0.043 0.045 0.045 0.045 0.044 0.042 0.038 0.033 0.031 0.030 0.028 0.026 0.022 0.017 0.015 0.014 0.015 0.019 0.031 0.060 0.120 0.245 0.473 0.834 1.222 1.503 1.645 1.710 1.762 1.833 1.917 1.967 1.979 1.963 1.907 1.799 1.640 1.430 1.185 0.974 0.802 0.663 0.551 0.459 0.383 0.319 0.266 0.221 0.185 0.156
0.000 0.000 0.000 0.000 0.000 0.000 0.000 0.000 0.000 0.000 0.000 0.000 0.000 0.000 0.000 0.000 0.000 0.000 0.001 0.002 0.005 0.010 0.017 0.028 0.039 0.048 0.054 0.058 0.060 0.061 0.061 0.060 0.057 0.051 0.045 0.040 0.037 0.035 0.032 0.028 0.024 0.022 0.022 0.025 0.038 0.072 0.148 0.298 0.566 0.964 1.356 1.610 1.729 1.761 1.771 1.793 1.847 1.916 1.950 1.952 1.934 1.879 1.775 1.620 1.415 1.175 0.969 0.801 0.667 0.561 0.475 0.404 0.344 0.294 0.251 0.213 0.181
0.000 0.000 0.000 0.000 0.000 0.000 0.000 0.000 0.000 0.000 0.000 0.000 0.000 0.000 0.000 0.000 0.000 0.000 0.001 0.004 0.008 0.014 0.023 0.034 0.048 0.060 0.068 0.073 0.075 0.076 0.076 0.075 0.071 0.065 0.055 0.047 0.042 0.039 0.037 0.034 0.032 0.031 0.033 0.045 0.080 0.167 0.339 0.632 1.028 1.408 1.657 1.774 1.797 1.789 1.785 1.795 1.837 1.889 1.907 1.904 1.883 1.828 1.729 1.581 1.385 1.157 0.958 0.797 0.667 0.564 0.483 0.417 0.363 0.316 0.276 0.241 0.208
0.000 0.000 0.000 0.000 0.000 0.000 0.000 0.000 0.000 0.000 0.000 0.000 0.000 0.000 0.000 0.000 0.000 0.000 0.001 0.005 0.010 0.017 0.027 0.040 0.055 0.069 0.078 0.084 0.088 0.088 0.088 0.087 0.083 0.075 0.063 0.052 0.045 0.041 0.039 0.038 0.038 0.041 0.051 0.083 0.170 0.353 0.663 1.043 1.392 1.633 1.761 1.799 1.800 1.789 1.781 1.780 1.798 1.833 1.847 1.841 1.815 1.758 1.661 1.522 1.339 1.126 0.940 0.787 0.663 0.564 0.485 0.424 0.374 0.332 0.296 0.263 0.233
0.000 0.000 0.000 0.000 0.000 0.000 0.000 0.000 0.000 0.000 0.000 0.000 0.000 0.000 0.000 0.000 0.000 0.000 0.002 0.005 0.011 0.019 0.030 0.044 0.061 0.076 0.087 0.093 0.097 0.098 0.097 0.096 0.092 0.083 0.070 0.055 0.046 0.041 0.040 0.040 0.042 0.051 0.078 0.153 0.329 0.642 1.014 1.328 1.556 1.698 1.764 1.781 1.781 1.773 1.757 1.739 1.733 1.751 1.767 1.762 1.731 1.670 1.574 1.441 1.272 1.079 0.909 0.768 0.653 0.559 0.483 0.425 0.379 0.342 0.310 0.281 0.254
0.000 0.000 0.000 0.000 0.000 0.000 0.000 0.000 0.000 0.000 0.000 0.000 0.000 0.000 0.000 0.000 0.000 0.000 0.002 0.006 0.012 0.021 0.032 0.047 0.066 0.081 0.092 0.099 0.103 0.104 0.104 0.102 0.098 0.089 0.074 0.057 0.046 0.041 0.039 0.040 0.045 0.063 0.117 0.257 0.534 0.910 1.230 1.448 1.595 1.687 1.728 1.737 1.737 1.729 1.707 1.670 1.647 1.650 1.666 1.662 1.628 1.562 1.465 1.338 1.182 1.012 0.862 0.736 0.631 0.545 0.476 0.422 0.380 0.346 0.319 0.294 0.270
0.000 0.000 0.000 0.000 0.000 0.000 0.000 0.000 0.000 0.000 0.000 0.000 0.000 0.000 0.000 0.000 0.000 0.000 0.002 0.006 0.012 0.022 0.034 0.050 0.069 0.085 0.096 0.103 0.106 0.107 0.107 0.106 0.101 0.092 0.077 0.059 0.046 0.040 0.039 0.039 0.045 0.070 0.151 0.350 0.697 1.068 1.315 1.470 1.574 1.633 1.658 1.664 1.662 1.652 1.627 1.581 1.545 1.538 1.543 1.536 1.499 1.430 1.331 1.209 1.067 0.923 0.797 0.689 0.599 0.524 0.463 0.415 0.377 0.348 0.324 0.303 0.282
0.000 0.000 0.000 0.000 0.000 0.000 0.000 0.000 0.000 0.000 0.000 0.000 0.000 0.000 0.000 0.000 0.000 0.000 0.002 0.006 0.013 0.022 0.035 0.052 0.071 0.087 0.098 0.105 0.108 0.109 0.109 0.108 0.103 0.094 0.079 0.059 0.045 0.038 0.036 0.037 0.044 0.073 0.169 0.405 0.793 1.128 1.326 1.441 1.507 1.542 1.556 1.559 1.556 1.544 1.518 1.472 1.430 1.411 1.399 1.379 1.335 1.263 1.166 1.050 0.927 0.815 0.715 0.630 0.555 0.494 0.443 0.404 0.372 0.347 0.327 0.309 0.291
0.000 0.000 0.000 0.000 0.000 0.000 0.000 0.000 0.000 0.000 0.000 0.000 0.000 0.000 0.000 0.000 0.000 0.000 0.002 0.006 0.012 0.022 0.036 0.054 0.073 0.088 0.099 0.105 0.109 0.110 0.110 0.108 0.104 0.095 0.080 0.060 0.043 0.035 0.033 0.033 0.041 0.071 0.172 0.425 0.829 1.136 1.291 1.364 1.400 1.417 1.422 1.422 1.418 1.406 1.382 1.343 1.299 1.265 1.234 1.193 1.136 1.062 0.971 0.868 0.773 0.691 0.619 0.557 0.503 0.456 0.418 0.388 0.364 0.344 0.327 0.312 0.297
0.000 0.000 0.000 0.000 0.000 0.000 0.000 0.000 0.000 0.000 0.000 0.000 0.000 0.000 0.000 0.000 0.000 0.000 0.001 0.005 0.011 0.021 0.036 0.055 0.073 0.088 0.099 0.105 0.109 0.110 0.110 0.108 0.104 0.095 0.081 0.060 0.042 0.032 0.028 0.028 0.036 0.066 0.166 0.420 0.828 1.100 1.206 1.241 1.254 1.257 1.255 1.253 1.249 1.240 1.221 1.190 1.148 1.102 1.051 0.996 0.936 0.868 0.789 0.707 0.636 0.575 0.524 0.480 0.444 0.414 0.389 0.369 0.352 0.338 0.325 0.312 0.300
0.000 0.000 0.000 0.000 0.000 0.000 0.000 0.000 0.000 0.000 0.000 0.000 0.000 0.000 0.000 0.000 0.000 0.000 0.001 0.003 0.008 0.019 0.034 0.055 0.074 0.088 0.098 0.105 0.108 0.109 0.109 0.107 0.103 0.095 0.081 0.061 0.041 0.029 0.024 0.023 0.029 0.055 0.145 0.382 0.767 1.003 1.073 1.080 1.074 1.063 1.056 1.053 1.051 1.047 1.035 1.013 0.977 0.927 0.873 0.822 0.767 0.707 0.640 0.576 0.521 0.477 0.440 0.410 0.387 0.369 0.355 0.345 0.337 0.329 0.320 0.311 0.301
0.000 0.000 0.000 0.000 0.000 0.000 0.000 0.000 0.000 0.000 0.000 0.000 0.000 0.000 0.000 0.000 0.000 0.000 0.000 0.002 0.005 0.014 0.030 0.053 0.073 0.087 0.097 0.103 0.106 0.107 0.107 0.105 0.101 0.093 0.081 0.062 0.042 0.028 0.021 0.020 0.022 0.039 0.105 0.292 0.613 0.826 0.889 0.887 0.866 0.836 0.824 0.824 0.828 0.834 0.831 0.818 0.792 0.755 0.714 0.671 0.625 0.574 0.519 0.469 0.427 0.393 0.367 0.347 0.333 0.324 0.319 0.317 0.317 0.316 0.313 0.308 0.301
0.000 0.000 0.000 0.000 0.000 0.000 0.000 0.000 0.000 0.000 0.000 0.000 0.000 0.000 0.000 0.000 0.000 0.000 0.000 0.001 0.003 0.009 0.024 0.048 0.070 0.084 0.093 0.099 0.102 0.103 0.103 0.101 0.098 0.090 0.079 0.062 0.043 0.029 0.021 0.018 0.018 0.026 0.059 0.165 0.382 0.574 0.654 0.665 0.648 0.617 0.592 0.583 0.587 0.599 0.613 0.621 0.614 0.597 0.572 0.541 0.505 0.463 0.419 0.381 0.348 0.323 0.303 0.289 0.282 0.278 0.278 0.282 0.289 0.297 0.301 0.301 0.299
0.000 0.000 0.000 0.000 0.000 0.000 0.000 0.000 0.000 0.000 0.000 0.000 0.000 0.000 0.000 0.000 0.000 0.000 0.000 0.000 0.001 0.005 0.016 0.038 0.063 0.079 0.087 0.092 0.095 0.096 0.096 0.095 0.091 0.085 0.075 0.061 0.043 0.029 0.021 0.017 0.017 0.019 0.033 0.082 0.201 0.347 0.431 0.456 0.454 0.434 0.402 0.379 0.374 0.381 0.402 0.433 0.451 0.453 0.443 0.424 0.399 0.368 0.335 0.305 0.280 0.260 0.245 0.235 0.230 0.230 0.231 0.236 0.245 0.262 0.277 0.285 0.288
0.000 0.000 0.000 0.000 0.000 0.000 0.000 0.000 0.000 0.000 0.000 0.000 0.000 0.000 0.000 0.000 0.000 0.000 0.000 0.000 0.001 0.002 0.008 0.024 0.049 0.069 0.078 0.083 0.085 0.086 0.086 0.085 0.083 0.078 0.070 0.058 0.042 0.030 0.022 0.017 0.016 0.016 0.022 0.043 0.100 0.194 0.262 0.291 0.295 0.285 0.259 0.229 0.216 0.217 0.232 0.266 0.303 0.320 0.323 0.316 0.302 0.282 0.260 0.238 0.219 0.203 0.191 0.183 0.178 0.176 0.175 0.176 0.182 0.199 0.224 0.239 0.244
0.000 0.000 0.000 0.000 0.000 0.000 0.000 0.000 0.000 0.000 0.000 0.000 0.000 0.000 0.000 0.000 0.000 0.000 0.000 0.000 0.000 0.001 0.004 0.012 0.031 0.052 0.065 0.071 0.073 0.074 0.074 0.073 0.071 0.068 0.062 0.053 0.041 0.029 0.022 0.017 0.016 0.016 0.017 0.026 0.052 0.103 0.151 0.175 0.182 0.178 0.162 0.135 0.118 0.114 0.121 0.143 0.177 0.203 0.213 0.215 0.210 0.201 0.189 0.175 0.160 0.148 0.139 0.133 0.127 0.122 0.115 0.110 0.109 0.116 0.133 0.145 0.146
0.000 0.000 0.000 0.000 0.000 0.000 0.000 0.000 0.000 0.000 0.000 0.000 0.000 0.000 0.000 0.000 0.000 0.000 0.000 0.000 0.000 0.001 0.001 0.005 0.015 0.032 0.048 0.056 0.059 0.060 0.060 0.059 0.058 0.056 0.052 0.046 0.037 0.028 0.022 0.017 0.016 0.015 0.016 0.019 0.031 0.057 0.086 0.104 0.110 0.110 0.102 0.085 0.069 0.062 0.062 0.070 0.090 0.112 0.124 0.128 0.128 0.126 0.121 0.114 0.104 0.095 0.090 0.086 0.082 0.076 0.068 0.061 0.057 0.056 0.059 0.060 0.059
0.000 0.000 0.000 0.000 0.000 0.000 0.000 0.000 0.000 0.000 0.000 0.000 0.000 0.000 0.000 0.000 0.000 0.000 0.000 0.000 0.000 0.000 0.001 0.002 0.006 0.015 0.028 0.038 0.044 0.046 0.047 0.047 0.046 0.044 0.041 0.037 0.032 0.025 0.020 0.017 0.015 0.014 0.015 0.016 0.022 0.035 0.053 0.064 0.070 0.070 0.068 0.059 0.046 0.038 0.035 0.036 0.043 0.054 0.062 0.066 0.067 0.067 0.065 0.062 0.057 0.052 0.049 0.047 0.045 0.042 0.036 0.030 0.026 0.025 0.024 0.023 0.021
0.000 0.000 0.000 0.000 0.000 0.000 0.000 0.000 0.000 0.000 0.000 0.000 0.000 0.000 0.000 0.000 0.000 0.000 0.000 0.000 0.000 0.000 0.001 0.001 0.002 0.006 0.013 0.022 0.029 0.034 0.036 0.036 0.036 0.034 0.032 0.029 0.025 0.021 0.018 0.016 0.014 0.014 0.014 0.015 0.018 0.025 0.035 0.043 0.047 0.047 0.046 0.042 0.034 0.027 0.023 0.022 0.023 0.026 0.029 0.030 0.031 0.030 0.030 0.029 0.026 0.024 0.023 0.023 0.022 0.020 0.017 0.014 0.012 0.011 0.010 0.009 0.008
0.000 0.000 0.000 0.000 0.000 0.000 0.000 0.000 0.000 0.000 0.000 0.000 0.000 0.000 0.000 0.000 0.000 0.000 0.000 0.000 0.000 0.000 0.000 0.001 0.001 0.002 0.005 0.010 0.017 0.022 0.026 0.027 0.027 0.026 0.025 0.022 0.019 0.017 0.015 0.013 0.013 0.012 0.012 0.013 0.015 0.019 0.025 0.030 0.032 0.033 0.032 0.030 0.026 0.020 0.017 0.015 0.014 0.014 0.015 0.015 0.014 0.014 0.013 0.012 0.012 0.011 0.010 0.010 0.010 0.009 0.008 0.007 0.006 0.005 0.005 0.004 0.004
0.000 0.000 0.000 0.000 0.000 0.000 0.000 0.000 0.000 0.000 0.000 0.000 0.000 0.000 0.000 0.000 0.000 0.000 0.000 0.000 0.000 0.000 0.000 0.000 0.001 0.001 0.002 0.004 0.008 0.012 0.016 0.019 0.020 0.019 0.018 0.017 0.014 0.012 0.011 0.010 0.010 0.010 0.010 0.011 0.012 0.015 0.018 0.021 0.023 0.023 0.023 0.022 0.019 0.015 0.012 0.011 0.010 0.009 0.008 0.008 0.008 0.007 0.007 0.006 0.006 0.005 0.005 0.005 0.005 0.005 0.004 0.004 0.003 0.003 0.003 0.002 0.002
0.000 0.000 0.000 0.000 0.000 0.000 0.000 0.000 0.000 0.000 0.000 0.000 0.000 0.000 0.000 0.000 0.000 0.000 0.000 0.000 0.000 0.000 0.000 0.000 0.001 0.001 0.001 0.001 0.003 0.005 0.009 0.012 0.013 0.013 0.013 0.012 0.010 0.009 0.008 0.007 0.007 0.007 0.007 0.008 0.009 0.011 0.013 0.015 0.016 0.016 0.016 0.015 0.014 0.011 0.009 0.008 0.007 0.006 0.005 0.005 0.005 0.004 0.004 0.004 0.003 0.003 0.003 0.003 0.003 0.003 0.002 0.002 0.002 0.002 0.002 0.001 0.001
0.000 0.000 0.000 0.000 0.000 0.000 0.000 0.000 0.000 0.000 0.000 0.000 0.000 0.000 0.000 0.000 0.000 0.000 0.000 0.000 0.000 0.001 0.001 0.000 0.001 0.001 0.001 0.001 0.001 0.002 0.004 0.006 0.008 0.008 0.008 0.008 0.007 0.006 0.005 0.005 0.005 0.005 0.005 0.005 0.006 0.007 0.009 0.010 0.010 0.010 0.010 0.010 0.009 0.008 0.006 0.005 0.005 0.004 0.004 0.003 0.003 0.003 0.002 0.002 0.002 0.002 0.002 0.002 0.002 0.002 0.001 0.001 0.001 0.001 0.001 0.001 0.001
0.000 0.000 0.000 0.000 0.000 0.000 0.000 0.000 0.000 0.000 0.000 0.000 0.000 0.000 0.000 0.000 0.000 0.000 0.000 0.000 0.001 0.001 0.001 0.001 0.001 0.001 0.001 0.001 0.001 0.001 0.001 0.002 0.004 0.004 0.005 0.004 0.004 0.004 0.003 0.003 0.003 0.003 0.003 0.003 0.003 0.004 0.005 0.006 0.006 0.006 0.006 0.006 0.006 0.005 0.004 0.003 0.003 0.003 0.002 0.002 0.002 0.002 0.002 0.002 0.001 0.001 0.001 0.001 0.001 0.001 0.001 0.001 0.001 0.001 0.001 0.001 0.001
0.000 0.000 0.000 0.000 0.000 0.000 0.000 0.000 0.000 0.000 0.000 0.000 0.000 0.000 0.000 0.000 0.000 0.000 0.000 0.000 0.001 0.001 0.001 0.001 0.001 0.001 0.001 0.001 0.001 0.001 0.001 0.001 0.001 0.002 0.002 0.002 0.002 0.002 0.002 0.001 0.001 0.001 0.001 0.001 0.001 0.002 0.002 0.003 0.003 0.003 0.003 0.003 0.003 0.002 0.002 0.002 0.002 0.002 0.001 0.001 0.001 0.001 0.001 0.001 0.001 0.001 0.001 0.001 0.001 0.001 0.001 0.001 0.001 0.001 0.001 0.001 0.001
0.000 0.000 0.000 0.000 0.000 0.000 0.000 0.000 0.000 0.000 0.000 0.000 0.000 0.000 0.000 0.000 0.000 0.000 0.000 0.001 0.001 0.001 0.001 0.001 0.001 0.001 0.001 0.001 0.001 0.001 0.001 0.001 0.001 0.001 0.001 0.001 0.001 0.001 0.001 0.001 0.001 0.001 0.001 0.001 0.001 0.001 0.001 0.001 0.001 0.001 0.001 0.001 0.001 0.001 0.001 0.001 0.001 0.001 0.001 0.001 0.001 0.001 0.001 0.001 0.001 0.001 0.001 0.001 0.001 0.001 0.001 0.001 0.001 0.001 0.001 0.001 0.001
0.000 0.000 0.000 0.000 0.000 0.000 0.000 0.000 0.000 0.000 0.000 0.000 0.000 0.000 0.000 0.000 0.000 0.001 0.001 0.001 0.001 0.001 0.001 0.001 0.001 0.001 0.001 0.001 0.001 0.001 0.001 0.001 0.001 0.001 0.001 0.001 0.001 0.001 0.001 0.001 0.001 0.001 0.001 0.001 0.001 0.001 0.001 0.001 0.001 0.001 0.001 0.001 0.001 0.001 0.001 0.001 0.001 0.001 0.001 0.001 0.001 0.001 0.001 0.001 0.001 0.001 0.001 0.001 0.001 0.001 0.001 0.001 0.001 0.001 0.001 0.001 0.001
0.000 0.000 0.000 0.000 0.000 0.000 0.000 0.000 0.000 0.000 0.000 0.000 0.000 0.000 0.000 0.000 0.000 0.001 0.001 0.001 0.001 0.001 0.001 0.001 0.001 0.001 0.001 0.001 0.001 0.001 0.001 0.001 0.001 0.001 0.001 0.001 0.001 0.001 0.001 0.001 0.001 0.001 0.001 0.001 0.001 0.000 0.000 0.000 0.000 0.000 0.000 0.000 0.000 0.000 0.000 0.000 0.000 0.000 0.000 0.000 0.001 0.001 0.001 0.001 0.001 0.001 0.001 0.001 0.001 0.001 0.001 0.001 0.001 0.001 0.001 0.001 0.001
0.000 0.000 0.000 0.000 0.001 0.000 0.000 0.000 0.000 0.000 0.000 0.000 0.000 0.000 0.000 0.000 0.000 0.001 0.001 0.001 0.001 0.001 0.001 0.001 0.001 0.001 0.001 0.001 0.001 0.001 0.001 0.001 0.001 0.001 0.001 0.001 0.001 0.001 0.001 0.001 0.001 0.001 0.001 0.001 0.001 0.001 0.000 0.000 0.000 0.000 0.000 0.000 0.000 0.000 0.000 0.000 0.000 0.000 0.000 0.000 0.001 0.001 0.001 0.001 0.001 0.001 0.001 0.001 0.001 0.001 0.001 0.001 0.001 0.001 0.001 0.001 0.001
0.000 0.000 0.000 0.000 0.000 0.000 0.000 0.000 0.000 0.000 0.000 0.000 0.000 0.000 0.000 0.000 0.001 0.001 0.001 0.001 0.001 0.001 0.001 0.001 0.001 0.001 0.001 0.001 0.001 0.001 0.001 0.001 0.001 0.001 0.001 0.000 0.001 0.001 0.001 0.001 0.001 0.001 0.001 0.001 0.001 0.001 0.000 0.000 0.000 0.000 0.000 0.000 0.000 0.000 0.000 0.000 0.000 0.000 0.000 0.000 0.001 0.001 0.001 0.001 0.001 0.001 0.001 0.001 0.001 0.001 0.001 0.001 0.001 0.001 0.001 0.001 0.001
0.000 0.000 0.000 0.000 0.000 0.000 0.000 0.000 0.000 0.000 0.000 0.000 0.000 0.000 0.000 0.000 0.001 0.001 0.001 0.001 0.001 0.001 0.001 0.001 0.001 0.001 0.001 0.001 0.001 0.001 0.001 0.001 0.001 0.001 0.000 0.000 0.000 0.000 0.001 0.001 0.001 0.001 0.001 0.001 0.001 0.001 0.001 0.000 0.000 0.000 0.000 0.000 0.000 0.000 0.000 0.000 0.000 0.000 0.000 0.001 0.001 0.001 0.001 0.001 0.001 0.001 0.001 0.001 0.001 0.001 0.001 0.001 0.001 0.000 0.000 0.000 0.000
0.000 0.000 0.000 0.000 0.000 0.000 0.000 0.000 0.000 0.000 0.000 0.000 0.000 0.000 0.000 0.001 0.001 0.001 0.001 0.001 0.001 0.001 0.001 0.001 0.001 0.001 0.001 0.001 0.001 0.001 0.001 0.001 0.001 0.001 0.001 0.000 0.000 0.000 0.000 0.001 0.001 0.001 0.001 0.001 0.001 0.001 0.001 0.001 0.000 0.000 0.000 0.000 0.000 0.000 0.000 0.000 0.000 0.000 0.000 0.000 0.001 0.001 0.001 0.001 0.001 0.001 0.001 0.001 0.001 0.001 0.001 0.000 0.000 0.000 0.000 0.000 0.000
