RESULTS/r.avaflow_results/21_results/21_ascii/21_hflow3_fin.asc
ncols 506
nrows 317
xllcenter 498237.50
yllcenter 5580050.00
cellsize 12.50
NODATA_value -9999.000
[rows 170 to 203 of 317, columns 154 to 230 of 506]
8.162 7.965 7.767 7.567 7.350 7.123 6.902 6.702 6.525 6.362 6.206 6.051 5.878 5.644 5.289 4.789 4.156 3.428 2.693 2.031 1.463 1.005 0.668 0.446 0.309 0.231 0.190 0.174 0.172 0.177 0.194 0.215 0.229 0.239 0.248 0.259 0.271 0.278 0.280 0.276 0.267 0.255 0.245 0.234 0.221 0.203 0.179 0.159 0.142 0.126 0.111 0.098 0.086 0.079 0.075 0.073 0.074 0.076 0.080 0.082 0.083 0.083 0.082 0.080 0.080 0.080 0.085 0.096 0.122 0.155 0.177 0.185 0.184 0.176 0.156 0.128 0.101
11.441 11.576 11.592 11.542 11.415 11.201 10.918 10.609 10.309 10.025 9.757 9.497 9.228 8.905 8.453 7.812 6.971 5.964 4.868 3.810 2.848 2.018 1.358 0.889 0.590 0.411 0.311 0.264 0.250 0.251 0.262 0.271 0.274 0.274 0.274 0.277 0.281 0.283 0.282 0.275 0.262 0.248 0.234 0.220 0.203 0.178 0.145 0.116 0.093 0.078 0.068 0.061 0.056 0.054 0.054 0.055 0.057 0.062 0.065 0.066 0.066 0.066 0.064 0.063 0.062 0.063 0.066 0.075 0.094 0.127 0.160 0.179 0.186 0.187 0.181 0.168 0.144
14.856 15.363 15.559 15.566 15.460 15.225 14.900 14.541 14.185 13.842 13.511 13.194 12.878 12.526 12.050 11.349 10.383 9.176 7.800 6.379 5.008 3.735 2.628 1.760 1.153 0.763 0.528 0.402 0.343 0.316 0.302 0.294 0.287 0.281 0.277 0.275 0.275 0.273 0.268 0.255 0.235 0.214 0.195 0.176 0.154 0.124 0.092 0.069 0.055 0.047 0.043 0.040 0.039 0.038 0.039 0.041 0.045 0.050 0.053 0.053 0.053 0.053 0.051 0.050 0.050 0.050 0.053 0.060 0.073 0.097 0.133 0.165 0.183 0.190 0.191 0.187 0.174
17.302 18.146 18.548 18.643 18.582 18.400 18.137 17.839 17.525 17.193 16.841 16.487 16.140 15.772 15.315 14.657 13.733 12.547 11.147 9.593 7.954 6.284 4.651 3.249 2.168 1.403 0.909 0.617 0.454 0.364 0.317 0.294 0.282 0.272 0.263 0.255 0.248 0.240 0.228 0.205 0.175 0.148 0.127 0.108 0.089 0.069 0.052 0.041 0.035 0.031 0.029 0.028 0.028 0.028 0.029 0.032 0.036 0.040 0.042 0.043 0.043 0.043 0.042 0.041 0.041 0.042 0.044 0.049 0.058 0.074 0.100 0.138 0.171 0.188 0.193 0.192 0.185
18.620 19.705 20.359 20.669 20.773 20.755 20.658 20.509 20.309 20.038 19.687 19.287 18.894 18.496 18.038 17.412 16.538 15.409 14.062 12.548 10.897 9.105 7.151 5.193 3.529 2.258 1.382 0.847 0.549 0.392 0.316 0.280 0.258 0.241 0.225 0.209 0.195 0.179 0.158 0.131 0.104 0.085 0.072 0.060 0.049 0.040 0.032 0.027 0.024 0.022 0.021 0.021 0.021 0.021 0.022 0.025 0.028 0.031 0.034 0.035 0.035 0.035 0.035 0.035 0.035 0.036 0.038 0.042 0.048 0.058 0.075 0.104 0.143 0.174 0.187 0.189 0.186
18.963 20.165 21.035 21.625 22.009 22.238 22.347 22.355 22.283 22.095 21.759 21.302 20.856 20.434 19.978 19.396 18.602 17.564 16.278 14.762 13.041 11.121 8.963 6.580 4.466 2.821 1.674 0.976 0.596 0.400 0.301 0.247 0.211 0.183 0.158 0.139 0.123 0.110 0.094 0.077 0.062 0.051 0.042 0.036 0.030 0.025 0.021 0.019 0.017 0.016 0.016 0.016 0.016 0.017 0.018 0.019 0.022 0.025 0.027 0.028 0.029 0.029 0.030 0.030 0.031 0.033 0.034 0.037 0.041 0.048 0.059 0.078 0.109 0.146 0.169 0.178 0.180
18.801 20.062 21.048 21.809 22.415 22.870 23.145 23.251 23.252 23.133 22.820 22.314 21.829 21.412 20.976 20.436 19.721 18.785 17.579 16.077 14.287 12.232 9.893 7.249 4.879 3.045 1.776 1.014 0.604 0.389 0.271 0.200 0.151 0.118 0.096 0.082 0.073 0.065 0.056 0.046 0.038 0.032 0.027 0.023 0.020 0.017 0.015 0.014 0.013 0.013 0.013 0.013 0.013 0.013 0.014 0.015 0.017 0.019 0.021 0.023 0.024 0.025 0.026 0.027 0.028 0.030 0.032 0.034 0.037 0.042 0.050 0.062 0.082 0.112 0.139 0.156 0.164
18.164 19.541 20.700 21.640 22.385 22.931 23.257 23.389 23.407 23.318 23.021 22.497 21.997 21.596 21.177 20.657 19.979 19.103 17.968 16.500 14.683 12.544 10.100 7.355 4.920 3.043 1.755 0.991 0.577 0.352 0.224 0.147 0.100 0.073 0.058 0.050 0.044 0.040 0.035 0.030 0.025 0.022 0.019 0.016 0.014 0.012 0.011 0.010 0.010 0.010 0.010 0.010 0.010 0.010 0.011 0.011 0.013 0.014 0.016 0.018 0.020 0.021 0.023 0.024 0.026 0.027 0.029 0.031 0.034 0.038 0.044 0.053 0.066 0.086 0.108 0.126 0.140
17.077 18.592 19.933 21.072 21.972 22.595 22.937 23.062 23.073 22.981 22.695 22.194 21.683 21.261 20.822 20.289 19.625 18.793 17.713 16.285 14.474 12.302 9.773 7.004 4.616 2.800 1.579 0.868 0.485 0.276 0.159 0.096 0.064 0.046 0.037 0.032 0.028 0.026 0.023 0.020 0.017 0.015 0.013 0.012 0.010 0.009 0.008 0.007 0.007 0.007 0.007 0.007 0.007 0.007 0.008 0.008 0.009 0.011 0.012 0.014 0.016 0.018 0.020 0.021 0.023 0.025 0.027 0.029 0.032 0.035 0.040 0.047 0.057 0.070 0.087 0.102 0.114
15.672 17.285 18.741 20.002 21.004 21.689 22.059 22.176 22.158 22.019 21.730 21.309 20.816 20.301 19.746 19.138 18.454 17.647 16.617 15.226 13.401 11.160 8.548 5.927 3.768 2.192 1.177 0.607 0.315 0.167 0.094 0.058 0.040 0.030 0.025 0.022 0.019 0.017 0.016 0.014 0.012 0.011 0.010 0.008 0.007 0.006 0.006 0.005 0.005 0.005 0.005 0.005 0.005 0.005 0.005 0.006 0.007 0.008 0.009 0.011 0.013 0.015 0.017 0.019 0.021 0.023 0.025 0.027 0.030 0.033 0.037 0.043 0.051 0.061 0.074 0.086 0.097
14.000 15.624 17.104 18.415 19.491 20.260 20.693 20.824 20.774 20.573 20.289 19.976 19.534 18.893 18.140 17.396 16.638 15.787 14.699 13.215 11.257 8.854 6.290 4.045 2.374 1.265 0.626 0.306 0.155 0.085 0.052 0.035 0.026 0.021 0.017 0.015 0.014 0.013 0.011 0.010 0.009 0.008 0.007 0.006 0.005 0.004 0.004 0.003 0.003 0.003 0.003 0.003 0.003 0.003 0.003 0.004 0.005 0.006 0.007 0.008 0.010 0.012 0.014 0.016 0.018 0.020 0.023 0.025 0.028 0.031 0.035 0.041 0.048 0.057 0.067 0.077 0.086
12.066 13.614 15.074 16.441 17.641 18.562 19.122 19.314 19.267 19.062 18.789 18.498 18.041 17.293 16.374 15.471 14.567 13.526 12.159 10.333 8.001 5.550 3.505 2.056 1.118 0.566 0.274 0.135 0.073 0.044 0.030 0.023 0.018 0.015 0.013 0.011 0.010 0.009 0.008 0.007 0.006 0.006 0.005 0.004 0.003 0.003 0.002 0.002 0.002 0.001 0.001 0.001 0.001 0.002 0.002 0.002 0.003 0.004 0.005 0.006 0.007 0.009 0.011 0.013 0.015 0.018 0.020 0.023 0.026 0.029 0.034 0.039 0.047 0.055 0.064 0.073 0.080
9.944 11.362 12.791 14.227 15.584 16.690 17.413 17.713 17.716 17.544 17.242 16.835 16.231 15.379 14.374 13.329 12.211 10.823 8.951 6.674 4.463 2.745 1.556 0.834 0.433 0.220 0.112 0.061 0.037 0.026 0.020 0.016 0.013 0.011 0.010 0.009 0.008 0.007 0.006 0.005 0.004 0.004 0.003 0.002 0.002 0.001 0.001 0.001 0.001 0.000 0.000 0.000 0.000 0.001 0.001 0.001 0.002 0.002 0.003 0.004 0.005 0.007 0.009 0.011 0.013 0.015 0.018 0.021 0.024 0.028 0.032 0.038 0.046 0.054 0.062 0.070 0.077
7.809 9.042 10.360 11.774 13.197 14.401 15.237 15.642 15.706 15.551 15.135 14.478 13.623 12.638 11.572 10.401 9.009 7.220 5.190 3.346 1.977 1.066 0.545 0.283 0.153 0.084 0.049 0.031 0.022 0.017 0.014 0.012 0.010 0.009 0.007 0.006 0.005 0.005 0.004 0.003 0.003 0.002 0.002 0.001 0.001 0.001 0.000 0.000 0.000 0.000 0.000 0.000 0.000 0.000 0.000 0.000 0.001 0.001 0.002 0.003 0.004 0.005 0.007 0.008 0.010 0.013 0.015 0.019 0.022 0.026 0.031 0.038 0.045 0.054 0.062 0.068 0.075
5.755 6.696 7.736 8.881 10.074 11.118 11.890 12.306 12.397 12.245 11.730 10.834 9.677 8.524 7.419 6.251 4.950 3.527 2.232 1.263 0.652 0.325 0.170 0.097 0.058 0.037 0.026 0.019 0.015 0.013 0.011 0.009 0.008 0.006 0.005 0.005 0.004 0.003 0.002 0.002 0.001 0.001 0.001 0.000 0.000 0.000 0.000 0.000 0.000 0.000 0.000 0.000 0.000 0.000 0.000 0.000 0.000 0.000 0.001 0.002 0.002 0.004 0.005 0.006 0.008 0.011 0.013 0.016 0.020 0.025 0.030 0.037 0.045 0.053 0.061 0.068 0.075
3.818 4.344 4.878 5.440 6.054 6.661 7.151 7.439 7.513 7.399 6.949 6.154 5.153 4.249 3.478 2.750 1.994 1.256 0.697 0.354 0.180 0.100 0.061 0.040 0.029 0.021 0.017 0.014 0.012 0.010 0.008 0.007 0.006 0.005 0.004 0.003 0.002 0.002 0.001 0.001 0.001 0.000 0.000 0.000 0.000 0.000 0.000 0.000 0.000 0.000 0.000 0.000 0.000 0.000 0.000 0.000 0.000 0.000 0.000 0.001 0.001 0.002 0.003 0.005 0.007 0.009 0.011 0.014 0.018 0.023 0.029 0.036 0.044 0.052 0.060 0.068 0.075
2.174 2.374 2.557 2.733 2.915 3.112 3.283 3.384 3.409 3.357 3.133 2.699 2.111 1.601 1.212 0.886 0.586 0.342 0.184 0.101 0.060 0.040 0.029 0.023 0.018 0.015 0.013 0.011 0.009 0.008 0.007 0.005 0.004 0.003 0.002 0.002 0.001 0.001 0.000 0.000 0.000 0.000 0.000 0.000 0.000 0.000 0.000 0.000 0.000 0.000 0.000 0.000 0.000 0.000 0.000 0.000 0.000 0.000 0.000 0.000 0.001 0.001 0.002 0.003 0.005 0.007 0.009 0.012 0.016 0.021 0.027 0.033 0.041 0.050 0.058 0.067 0.077
1.024 1.060 1.090 1.113 1.133 1.157 1.184 1.195 1.192 1.164 1.073 0.901 0.662 0.471 0.342 0.243 0.160 0.098 0.060 0.039 0.029 0.023 0.019 0.016 0.014 0.012 0.011 0.009 0.008 0.006 0.005 0.004 0.003 0.002 0.001 0.001 0.000 0.000 0.000 0.000 0.000 0.000 0.000 0.000 0.000 0.000 0.000 0.000 0.000 0.000 0.000 0.000 0.000 0.000 0.000 0.000 0.000 0.000 0.000 0.000 0.000 0.001 0.001 0.002 0.004 0.005 0.007 0.010 0.014 0.018 0.024 0.030 0.038 0.046 0.056 0.066 0.078
0.403 0.400 0.399 0.399 0.397 0.393 0.387 0.380 0.370 0.356 0.325 0.270 0.195 0.140 0.103 0.076 0.055 0.039 0.029 0.022 0.019 0.016 0.014 0.013 0.012 0.011 0.009 0.008 0.006 0.005 0.004 0.003 0.002 0.001 0.001 0.000 0.000 0.000 0.000 0.000 0.000 0.000 0.000 0.000 0.000 0.000 0.000 0.000 0.000 0.000 0.000 0.000 0.000 0.000 0.000 0.000 0.000 0.000 0.000 0.000 0.000 0.000 0.001 0.001 0.002 0.004 0.006 0.008 0.011 0.015 0.020 0.026 0.033 0.042 0.052 0.064 0.078
0.154 0.151 0.149 0.148 0.146 0.141 0.135 0.128 0.122 0.116 0.106 0.089 0.068 0.052 0.041 0.033 0.027 0.022 0.019 0.016 0.015 0.013 0.012 0.011 0.010 0.009 0.008 0.007 0.005 0.004 0.003 0.002 0.001 0.001 0.000 0.000 0.000 0.000 0.000 0.000 0.000 0.000 0.000 0.000 0.000 0.000 0.000 0.000 0.000 0.000 0.000 0.000 0.000 0.000 0.000 0.000 0.000 0.000 0.000 0.000 0.000 0.000 0.000 0.001 0.001 0.003 0.004 0.006 0.009 0.012 0.016 0.021 0.028 0.036 0.046 0.060 0.075
0.065 0.064 0.063 0.062 0.061 0.059 0.055 0.052 0.049 0.046 0.043 0.038 0.032 0.027 0.023 0.020 0.018 0.016 0.015 0.013 0.013 0.012 0.011 0.010 0.009 0.008 0.007 0.006 0.004 0.003 0.002 0.001 0.001 0.000 0.000 0.000 0.000 0.000 0.000 0.000 0.000 0.000 0.000 0.000 0.000 0.000 0.000 0.000 0.000 0.000 0.000 0.000 0.000 0.000 0.000 0.000 0.000 0.000 0.000 0.000 0.000 0.000 0.000 0.000 0.001 0.002 0.003 0.004 0.006 0.009 0.012 0.016 0.022 0.029 0.038 0.051 0.067
0.033 0.032 0.032 0.032 0.031 0.030 0.028 0.027 0.026 0.025 0.023 0.022 0.020 0.018 0.016 0.015 0.014 0.013 0.012 0.012 0.011 0.011 0.010 0.009 0.009 0.008 0.006 0.005 0.004 0.002 0.001 0.001 0.000 0.000 0.000 0.000 0.000 0.000 0.000 0.000 0.000 0.000 0.000 0.000 0.000 0.000 0.000 0.000 0.000 0.000 0.000 0.000 0.000 0.000 0.000 0.000 0.000 0.000 0.000 0.000 0.000 0.000 0.000 0.000 0.000 0.001 0.002 0.003 0.005 0.007 0.009 0.012 0.016 0.021 0.028 0.038 0.052
0.020 0.019 0.019 0.019 0.019 0.018 0.018 0.017 0.017 0.016 0.016 0.015 0.015 0.014 0.013 0.012 0.012 0.011 0.011 0.011 0.010 0.010 0.009 0.008 0.008 0.007 0.006 0.004 0.003 0.002 0.001 0.000 0.000 0.000 0.000 0.000 0.000 0.000 0.000 0.000 0.000 0.000 0.000 0.000 0.000 0.000 0.000 0.000 0.000 0.000 0.000 0.000 0.000 0.000 0.000 0.000 0.000 0.000 0.000 0.000 0.000 0.000 0.000 0.000 0.000 0.000 0.001 0.002 0.003 0.005 0.007 0.009 0.012 0.015 0.020 0.027 0.035
0.013 0.013 0.013 0.013 0.013 0.013 0.013 0.012 0.012 0.012 0.012 0.012 0.012 0.011 0.011 0.011 0.010 0.010 0.010 0.009 0.009 0.009 0.008 0.008 0.007 0.006 0.005 0.004 0.002 0.001 0.000 0.000 0.000 0.000 0.000 0.000 0.000 0.000 0.000 0.000 0.000 0.000 0.000 0.000 0.000 0.000 0.000 0.000 0.000 0.000 0.000 0.000 0.000 0.000 0.000 0.000 0.000 0.000 0.000 0.000 0.000 0.000 0.000 0.000 0.000 0.000 0.000 0.001 0.002 0.003 0.004 0.006 0.009 0.011 0.014 0.019 0.024
0.010 0.010 0.010 0.010 0.010 0.010 0.009 0.009 0.009 0.010 0.010 0.010 0.010 0.010 0.009 0.009 0.009 0.009 0.009 0.008 0.008 0.008 0.007 0.007 0.006 0.005 0.004 0.003 0.002 0.001 0.000 0.000 0.000 0.000 0.000 0.000 0.000 0.000 0.000 0.000 0.000 0.000 0.000 0.000 0.000 0.000 0.000 0.000 0.000 0.000 0.000 0.000 0.000 0.000 0.000 0.000 0.000 0.000 0.000 0.000 0.000 0.000 0.000 0.000 0.000 0.000 0.000 0.000 0.001 0.002 0.003 0.004 0.006 0.008 0.010 0.013 0.017
0.007 0.007 0.007 0.007 0.007 0.007 0.007 0.007 0.007 0.008 0.008 0.008 0.008 0.008 0.008 0.008 0.008 0.008 0.008 0.008 0.007 0.007 0.007 0.006 0.006 0.005 0.004 0.002 0.001 0.001 0.000 0.000 0.000 0.000 0.000 0.000 0.000 0.000 0.000 0.000 0.000 0.000 0.000 0.000 0.000 0.000 0.000 0.000 0.000 0.000 0.000 0.000 0.000 0.000 0.000 0.000 0.000 0.000 0.000 0.000 0.000 0.000 0.000 0.000 0.000 0.000 0.000 0.000 0.000 0.001 0.002 0.003 0.004 0.006 0.007 0.009 0.012
0.005 0.005 0.005 0.005 0.005 0.005 0.006 0.006 0.006 0.006 0.006 0.007 0.007 0.007 0.007 0.007 0.007 0.007 0.007 0.007 0.006 0.006 0.006 0.005 0.005 0.004 0.003 0.002 0.001 0.000 0.000 0.000 0.000 0.000 0.000 0.000 0.000 0.000 0.000 0.000 0.000 0.000 0.000 0.000 0.000 0.000 0.000 0.000 0.000 0.000 0.000 0.000 0.000 0.000 0.000 0.000 0.000 0.000 0.000 0.000 0.000 0.000 0.000 0.000 0.000 0.000 0.000 0.000 0.000 0.000 0.001 0.001 0.002 0.004 0.005 0.007 0.008
0.003 0.004 0.004 0.004 0.004 0.004 0.004 0.004 0.005 0.005 0.005 0.005 0.006 0.006 0.006 0.006 0.006 0.006 0.006 0.006 0.005 0.005 0.005 0.005 0.004 0.003 0.002 0.001 0.001 0.000 0.000 0.000 0.000 0.000 0.000 0.000 0.000 0.000 0.000 0.000 0.000 0.000 0.000 0.000 0.000 0.000 0.000 0.000 0.000 0.000 0.000 0.000 0.000 0.000 0.000 0.000 0.000 0.000 0.000 0.000 0.000 0.000 0.000 0.000 0.000 0.000 0.000 0.000 0.000 0.000 0.000 0.001 0.001 0.002 0.003 0.004 0.006
0.002 0.002 0.002 0.003 0.003 0.003 0.003 0.003 0.003 0.004 0.004 0.004 0.004 0.005 0.005 0.005 0.005 0.005 0.005 0.005 0.005 0.004 0.004 0.004 0.003 0.003 0.002 0.001 0.000 0.000 0.000 0.000 0.000 0.000 0.000 0.000 0.000 0.000 0.000 0.000 0.000 0.000 0.000 0.000 0.000 0.000 0.000 0.000 0.000 0.000 0.000 0.000 0.000 0.000 0.000 0.000 0.000 0.000 0.000 0.000 0.000 0.000 0.000 0.000 0.000 0.000 0.000 0.000 0.000 0.000 0.000 0.000 0.000 0.001 0.002 0.003 0.004
0.001 0.001 0.001 0.002 0.002 0.002 0.002 0.002 0.002 0.003 0.003 0.003 0.003 0.004 0.004 0.004 0.004 0.004 0.004 0.004 0.004 0.004 0.003 0.003 0.003 0.002 0.001 0.001 0.000 0.000 0.000 0.000 0.000 0.000 0.000 0.000 0.000 0.000 0.000 0.000 0.000 0.000 0.000 0.000 0.000 0.000 0.000 0.000 0.000 0.000 0.000 0.000 0.000 0.000 0.000 0.000 0.000 0.000 0.000 0.000 0.000 0.000 0.000 0.000 0.000 0.000 0.000 0.000 0.000 0.000 0.000 0.000 0.000 0.000 0.001 0.001 0.002
0.001 0.001 0.001 0.001 0.001 0.001 0.001 0.001 0.002 0.002 0.002 0.002 0.002 0.003 0.003 0.003 0.003 0.003 0.003 0.003 0.003 0.003 0.003 0.002 0.002 0.002 0.001 0.000 0.000 0.000 0.000 0.000 0.000 0.000 0.000 0.000 0.000 0.000 0.000 0.000 0.000 0.000 0.000 0.000 0.000 0.000 0.000 0.000 0.000 0.000 0.000 0.000 0.000 0.000 0.000 0.000 0.000 0.000 0.000 0.000 0.000 0.000 0.000 0.000 0.000 0.000 0.000 0.000 0.000 0.000 0.000 0.000 0.000 0.000 0.000 0.001 0.001
0.000 0.000 0.000 0.000 0.000 0.000 0.001 0.001 0.001 0.001 0.001 0.001 0.002 0.002 0.002 0.002 0.002 0.002 0.002 0.002 0.002 0.002 0.002 0.002 0.001 0.001 0.001 0.000 0.000 0.000 0.000 0.000 0.000 0.000 0.000 0.000 0.000 0.000 0.000 0.000 0.000 0.000 0.000 0.000 0.000 0.000 0.000 0.000 0.000 0.000 0.000 0.000 0.000 0.000 0.000 0.000 0.000 0.000 0.000 0.000 0.000 0.000 0.000 0.000 0.000 0.000 0.000 0.000 0.000 0.000 0.000 0.000 0.000 0.000 0.000 0.000 0.000
0.000 0.000 0.000 0.000 0.000 0.000 0.000 0.000 0.000 0.001 0.001 0.001 0.001 0.001 0.001 0.001 0.001 0.001 0.001 0.001 0.001 0.001 0.001 0.001 0.001 0.001 0.000 0.000 0.000 0.000 0.000 0.000 0.000 0.000 0.000 0.000 0.000 0.000 0.000 0.000 0.000 0.000 0.000 0.000 0.000 0.000 0.000 0.000 0.000 0.000 0.000 0.000 0.000 0.000 0.000 0.000 0.000 0.000 0.000 0.000 0.000 0.000 0.000 0.000 0.000 0.000 0.000 0.000 0.000 0.000 0.000 0.000 0.000 0.000 0.000 0.000 0.000
0.000 0.000 0.000 0.000 0.000 0.000 0.000 0.000 0.000 0.000 0.000 0.000 0.000 0.000 0.000 0.001 0.001 0.001 0.001 0.001 0.001 0.001 0.001 0.001 0.000 0.000 0.000 0.000 0.000 0.000 0.000 0.000 0.000 0.000 0.000 0.000 0.000 0.000 0.000 0.000 0.000 0.000 0.000 0.000 0.000 0.000 0.000 0.000 0.000 0.000 0.000 0.000 0.000 0.000 0.000 0.000 0.000 0.000 0.000 0.000 0.000 0.000 0.000 0.000 0.000 0.000 0.000 0.000 0.000 0.000 0.000 0.000 0.000 0.000 0.000 0.000 0.000
