RESULTS/r.avaflow_results/21_results/21_ascii/21_hflow10007.asc
ncols 506
nrows 317
xllcenter 498237.50
yllcenter 5580050.00
cellsize 12.50
NODATA_value -9999.000
[rows 170 to 203 of 317, columns 77 to 153 of 506]
0.000 0.000 0.000 0.000 0.000 0.000 0.000 0.000 0.000 0.000 0.000 0.000 0.000 0.000 0.000 0.000 0.000 0.000 0.000 0.000 0.000 0.000 0.000 0.000 0.000 0.000 0.000 0.000 0.000 0.000 0.000 0.000 0.000 0.000 0.000 0.000 0.000 0.000 0.000 0.000 0.000 0.000 0.000 0.000 0.001 0.002 0.005 0.008 0.008 0.008 0.006 0.003 0.001 0.000 0.000 0.000 0.000 0.000 0.000 0.000 0.001 0.001 0.002 0.002 0.002 0.002 0.002 0.002 0.002 0.002 0.002 0.002 0.001 0.001 0.001 0.001 0.001
0.000 0.000 0.000 0.000 0.000 0.000 0.000 0.000 0.000 0.000 0.000 0.000 0.000 0.000 0.000 0.000 0.000 0.000 0.000 0.000 0.000 0.000 0.000 0.000 0.000 0.000 0.000 0.000 0.000 0.001 0.002 0.002 0.002 0.002 0.002 0.001 0.001 0.001 0.001 0.001 0.001 0.002 0.002 0.003 0.004 0.008 0.015 0.027 0.036 0.037 0.034 0.021 0.007 0.002 0.000 0.000 0.000 0.000 0.001 0.001 0.002 0.003 0.004 0.005 0.005 0.005 0.005 0.005 0.005 0.005 0.005 0.004 0.003 0.003 0.002 0.002 0.002
0.000 0.000 0.000 0.000 0.000 0.000 0.000 0.000 0.000 0.000 0.000 0.000 0.000 0.000 0.000 0.000 0.000 0.000 0.000 0.000 0.000 0.000 0.000 0.000 0.000 0.000 0.000 0.001 0.003 0.005 0.006 0.007 0.007 0.007 0.006 0.005 0.005 0.005 0.005 0.005 0.005 0.006 0.007 0.009 0.013 0.023 0.042 0.078 0.117 0.132 0.130 0.095 0.034 0.008 0.002 0.001 0.001 0.001 0.002 0.003 0.005 0.008 0.010 0.011 0.012 0.013 0.013 0.013 0.012 0.012 0.011 0.010 0.008 0.007 0.006 0.005 0.004
0.000 0.000 0.000 0.000 0.000 0.000 0.000 0.000 0.000 0.000 0.000 0.000 0.000 0.000 0.000 0.000 0.000 0.000 0.000 0.000 0.000 0.000 0.000 0.000 0.000 0.000 0.001 0.004 0.010 0.016 0.020 0.021 0.021 0.020 0.017 0.015 0.014 0.014 0.014 0.014 0.014 0.016 0.019 0.025 0.038 0.061 0.106 0.189 0.288 0.341 0.343 0.261 0.106 0.027 0.006 0.002 0.001 0.002 0.004 0.007 0.012 0.017 0.022 0.025 0.028 0.029 0.029 0.029 0.029 0.028 0.026 0.023 0.019 0.016 0.013 0.011 0.009
0.000 0.000 0.000 0.000 0.000 0.000 0.000 0.000 0.000 0.000 0.000 0.000 0.000 0.000 0.000 0.000 0.000 0.000 0.000 0.000 0.000 0.000 0.000 0.000 0.000 0.001 0.005 0.012 0.028 0.044 0.052 0.055 0.055 0.052 0.044 0.036 0.033 0.033 0.033 0.033 0.035 0.040 0.049 0.067 0.098 0.156 0.256 0.391 0.487 0.499 0.448 0.341 0.164 0.054 0.014 0.004 0.003 0.005 0.009 0.016 0.025 0.037 0.047 0.055 0.060 0.064 0.065 0.065 0.065 0.063 0.059 0.052 0.043 0.036 0.030 0.024 0.019
0.000 0.000 0.000 0.000 0.000 0.000 0.000 0.000 0.000 0.000 0.000 0.000 0.000 0.000 0.000 0.000 0.000 0.000 0.000 0.000 0.000 0.000 0.000 0.000 0.001 0.004 0.013 0.032 0.070 0.106 0.124 0.129 0.130 0.122 0.100 0.080 0.073 0.070 0.070 0.072 0.077 0.091 0.117 0.164 0.245 0.382 0.531 0.619 0.613 0.540 0.445 0.338 0.183 0.071 0.023 0.009 0.008 0.010 0.019 0.033 0.053 0.077 0.098 0.114 0.127 0.135 0.138 0.138 0.138 0.134 0.126 0.111 0.093 0.079 0.065 0.052 0.041
0.000 0.000 0.000 0.000 0.000 0.000 0.000 0.000 0.000 0.000 0.000 0.000 0.000 0.000 0.000 0.000 0.000 0.000 0.000 0.000 0.000 0.000 0.000 0.001 0.003 0.011 0.030 0.073 0.156 0.230 0.264 0.274 0.273 0.256 0.206 0.160 0.142 0.137 0.136 0.140 0.156 0.194 0.264 0.388 0.558 0.718 0.787 0.765 0.660 0.521 0.413 0.313 0.188 0.085 0.033 0.017 0.015 0.022 0.039 0.067 0.107 0.154 0.194 0.226 0.250 0.265 0.272 0.273 0.272 0.266 0.250 0.222 0.189 0.161 0.135 0.109 0.083
0.000 0.000 0.000 0.000 0.000 0.000 0.000 0.000 0.000 0.000 0.000 0.000 0.000 0.000 0.000 0.000 0.000 0.000 0.000 0.000 0.000 0.000 0.000 0.002 0.008 0.024 0.064 0.154 0.311 0.441 0.502 0.519 0.517 0.485 0.380 0.290 0.251 0.239 0.238 0.252 0.299 0.397 0.558 0.734 0.859 0.907 0.900 0.819 0.632 0.454 0.349 0.271 0.187 0.102 0.050 0.031 0.030 0.041 0.073 0.126 0.197 0.281 0.355 0.413 0.456 0.483 0.494 0.497 0.497 0.486 0.456 0.406 0.351 0.304 0.261 0.216 0.167
0.000 0.000 0.000 0.000 0.000 0.000 0.000 0.000 0.000 0.000 0.000 0.000 0.000 0.000 0.000 0.000 0.000 0.000 0.000 0.000 0.000 0.000 0.001 0.004 0.016 0.047 0.124 0.292 0.560 0.748 0.839 0.862 0.839 0.719 0.527 0.416 0.378 0.367 0.377 0.431 0.539 0.690 0.844 0.936 0.973 0.972 0.930 0.803 0.555 0.350 0.252 0.213 0.181 0.130 0.080 0.058 0.056 0.074 0.125 0.210 0.322 0.451 0.569 0.665 0.732 0.767 0.778 0.775 0.755 0.713 0.660 0.610 0.563 0.516 0.464 0.399 0.319
0.000 0.000 0.000 0.000 0.000 0.000 0.000 0.000 0.000 0.000 0.000 0.000 0.000 0.000 0.000 0.000 0.000 0.000 0.000 0.000 0.000 0.000 0.002 0.008 0.028 0.083 0.216 0.498 0.877 1.085 1.151 1.154 1.076 0.841 0.600 0.497 0.474 0.483 0.536 0.643 0.768 0.876 0.963 0.999 1.000 0.982 0.904 0.713 0.457 0.280 0.190 0.162 0.159 0.150 0.125 0.106 0.103 0.126 0.189 0.289 0.417 0.566 0.710 0.834 0.920 0.960 0.966 0.953 0.906 0.830 0.764 0.726 0.706 0.688 0.663 0.617 0.537
0.000 0.000 0.000 0.000 0.000 0.000 0.000 0.000 0.000 0.000 0.000 0.000 0.000 0.000 0.000 0.000 0.000 0.000 0.000 0.000 0.000 0.001 0.003 0.013 0.043 0.128 0.335 0.740 1.142 1.327 1.371 1.352 1.215 0.892 0.650 0.563 0.552 0.581 0.668 0.787 0.888 0.953 0.990 1.006 1.002 0.950 0.784 0.548 0.366 0.242 0.155 0.118 0.121 0.138 0.145 0.147 0.154 0.179 0.240 0.339 0.469 0.615 0.754 0.879 0.967 1.004 1.008 0.987 0.927 0.841 0.781 0.754 0.750 0.761 0.764 0.746 0.698
0.000 0.000 0.000 0.000 0.000 0.000 0.000 0.000 0.000 0.000 0.000 0.000 0.000 0.000 0.000 0.000 0.000 0.000 0.000 0.000 0.000 0.001 0.005 0.019 0.062 0.178 0.456 0.963 1.335 1.481 1.510 1.475 1.284 0.916 0.698 0.629 0.628 0.678 0.788 0.879 0.938 0.974 0.988 0.995 0.973 0.844 0.620 0.444 0.325 0.219 0.137 0.090 0.079 0.097 0.128 0.150 0.170 0.200 0.257 0.352 0.475 0.594 0.694 0.767 0.809 0.819 0.812 0.791 0.746 0.698 0.674 0.679 0.704 0.748 0.781 0.786 0.766
0.000 0.000 0.000 0.000 0.000 0.000 0.000 0.000 0.000 0.000 0.000 0.000 0.000 0.000 0.000 0.000 0.000 0.000 0.000 0.000 0.001 0.002 0.008 0.027 0.086 0.239 0.583 1.134 1.460 1.563 1.582 1.538 1.305 0.932 0.754 0.711 0.727 0.797 0.884 0.933 0.960 0.976 0.977 0.951 0.852 0.672 0.510 0.405 0.300 0.198 0.122 0.076 0.055 0.054 0.074 0.110 0.146 0.183 0.234 0.312 0.388 0.427 0.430 0.406 0.377 0.354 0.337 0.325 0.318 0.329 0.354 0.397 0.465 0.567 0.671 0.741 0.765
0.000 0.000 0.000 0.000 0.000 0.000 0.000 0.000 0.000 0.000 0.000 0.000 0.000 0.000 0.000 0.000 0.000 0.000 0.000 0.001 0.001 0.003 0.012 0.041 0.122 0.320 0.742 1.260 1.522 1.596 1.605 1.556 1.294 0.937 0.809 0.804 0.854 0.912 0.945 0.964 0.971 0.970 0.949 0.845 0.664 0.533 0.457 0.380 0.280 0.178 0.108 0.067 0.046 0.038 0.039 0.051 0.074 0.104 0.138 0.174 0.189 0.188 0.180 0.167 0.158 0.153 0.147 0.133 0.117 0.110 0.114 0.129 0.164 0.233 0.351 0.504 0.638
0.000 0.000 0.000 0.000 0.000 0.000 0.000 0.000 0.000 0.000 0.000 0.000 0.000 0.000 0.000 0.000 0.000 0.000 0.000 0.001 0.002 0.006 0.020 0.063 0.173 0.423 0.909 1.348 1.545 1.604 1.607 1.530 1.234 0.923 0.839 0.865 0.943 0.980 0.988 0.986 0.974 0.947 0.863 0.693 0.545 0.473 0.417 0.352 0.253 0.156 0.095 0.060 0.042 0.034 0.031 0.032 0.036 0.045 0.057 0.069 0.077 0.086 0.102 0.114 0.119 0.120 0.115 0.100 0.078 0.064 0.056 0.053 0.056 0.070 0.106 0.183 0.321
0.000 0.000 0.000 0.000 0.000 0.000 0.000 0.000 0.000 0.000 0.000 0.000 0.000 0.000 0.000 0.000 0.000 0.000 0.001 0.001 0.003 0.010 0.033 0.095 0.241 0.550 1.054 1.399 1.544 1.596 1.588 1.439 1.092 0.877 0.847 0.917 0.993 1.015 1.016 1.003 0.964 0.879 0.723 0.573 0.491 0.431 0.374 0.303 0.207 0.128 0.080 0.053 0.038 0.032 0.029 0.029 0.029 0.031 0.035 0.040 0.047 0.061 0.086 0.104 0.111 0.112 0.107 0.091 0.068 0.053 0.043 0.037 0.035 0.035 0.040 0.056 0.096
0.000 0.000 0.000 0.000 0.000 0.000 0.000 0.000 0.000 0.000 0.000 0.000 0.000 0.000 0.000 0.000 0.000 0.000 0.001 0.002 0.006 0.019 0.055 0.142 0.330 0.710 1.161 1.413 1.517 1.546 1.506 1.249 0.897 0.788 0.834 0.951 1.012 1.026 1.022 0.999 0.926 0.768 0.596 0.497 0.438 0.383 0.319 0.235 0.148 0.094 0.064 0.046 0.035 0.030 0.028 0.027 0.027 0.028 0.029 0.033 0.040 0.055 0.081 0.098 0.105 0.105 0.100 0.082 0.060 0.046 0.038 0.033 0.029 0.028 0.027 0.029 0.035
0.000 0.000 0.000 0.000 0.000 0.000 0.000 0.000 0.000 0.000 0.000 0.000 0.000 0.000 0.000 0.000 0.000 0.001 0.002 0.004 0.013 0.035 0.092 0.213 0.449 0.873 1.225 1.383 1.445 1.448 1.305 0.949 0.718 0.708 0.824 0.952 1.006 1.018 1.005 0.944 0.803 0.610 0.482 0.419 0.369 0.318 0.253 0.169 0.102 0.067 0.049 0.039 0.033 0.028 0.026 0.024 0.024 0.024 0.024 0.027 0.034 0.050 0.074 0.088 0.092 0.092 0.087 0.071 0.051 0.039 0.033 0.029 0.026 0.024 0.024 0.023 0.023
0.000 0.000 0.000 0.000 0.000 0.000 0.000 0.000 0.000 0.000 0.000 0.000 0.000 0.000 0.000 0.000 0.001 0.001 0.003 0.009 0.024 0.063 0.151 0.317 0.600 1.001 1.248 1.336 1.350 1.284 0.994 0.680 0.601 0.667 0.826 0.926 0.958 0.952 0.895 0.753 0.574 0.443 0.373 0.326 0.286 0.244 0.189 0.119 0.072 0.048 0.037 0.032 0.028 0.025 0.021 0.019 0.018 0.017 0.017 0.019 0.024 0.037 0.057 0.067 0.069 0.069 0.065 0.054 0.041 0.033 0.028 0.025 0.023 0.022 0.021 0.021 0.020
0.000 0.000 0.000 0.000 0.000 0.000 0.000 0.000 0.000 0.000 0.000 0.000 0.000 0.000 0.000 0.000 0.001 0.002 0.006 0.017 0.044 0.108 0.240 0.468 0.783 1.086 1.241 1.286 1.257 1.033 0.678 0.524 0.539 0.667 0.804 0.854 0.848 0.788 0.665 0.530 0.426 0.356 0.307 0.269 0.236 0.200 0.147 0.087 0.052 0.035 0.027 0.024 0.021 0.019 0.016 0.014 0.013 0.013 0.013 0.015 0.019 0.028 0.042 0.050 0.053 0.053 0.051 0.043 0.033 0.028 0.025 0.022 0.021 0.020 0.019 0.019 0.019
0.000 0.000 0.000 0.000 0.000 0.000 0.000 0.000 0.000 0.000 0.000 0.000 0.000 0.000 0.000 0.001 0.002 0.005 0.012 0.030 0.075 0.176 0.374 0.670 0.960 1.148 1.217 1.219 1.083 0.730 0.472 0.432 0.508 0.668 0.740 0.741 0.716 0.641 0.517 0.418 0.351 0.302 0.265 0.234 0.204 0.168 0.117 0.066 0.039 0.026 0.021 0.018 0.016 0.014 0.012 0.011 0.010 0.010 0.011 0.012 0.016 0.025 0.035 0.042 0.044 0.045 0.042 0.035 0.028 0.024 0.022 0.020 0.019 0.018 0.018 0.018 0.018
0.000 0.000 0.000 0.000 0.000 0.000 0.000 0.000 0.000 0.000 0.000 0.000 0.000 0.000 0.001 0.002 0.004 0.010 0.022 0.050 0.118 0.271 0.566 0.874 1.077 1.178 1.189 1.091 0.764 0.454 0.362 0.383 0.507 0.642 0.678 0.675 0.641 0.553 0.430 0.348 0.296 0.260 0.232 0.206 0.179 0.142 0.091 0.050 0.029 0.020 0.016 0.014 0.012 0.011 0.009 0.008 0.008 0.008 0.009 0.011 0.015 0.023 0.032 0.036 0.038 0.038 0.035 0.029 0.024 0.021 0.019 0.018 0.017 0.017 0.017 0.016 0.016
0.000 0.000 0.000 0.000 0.000 0.000 0.000 0.000 0.000 0.000 0.000 0.000 0.000 0.001 0.001 0.003 0.008 0.018 0.037 0.080 0.179 0.417 0.778 1.019 1.129 1.163 1.104 0.816 0.459 0.320 0.306 0.362 0.509 0.605 0.626 0.620 0.577 0.474 0.363 0.299 0.258 0.228 0.204 0.182 0.156 0.119 0.070 0.038 0.023 0.016 0.013 0.011 0.009 0.008 0.008 0.007 0.007 0.007 0.008 0.010 0.014 0.021 0.029 0.032 0.033 0.033 0.030 0.024 0.021 0.019 0.017 0.016 0.016 0.016 0.015 0.015 0.014
0.000 0.000 0.000 0.000 0.000 0.000 0.000 0.000 0.000 0.000 0.000 0.000 0.001 0.001 0.003 0.007 0.014 0.029 0.058 0.120 0.270 0.616 0.946 1.085 1.125 1.067 0.815 0.477 0.305 0.271 0.287 0.364 0.498 0.561 0.571 0.562 0.513 0.407 0.314 0.262 0.229 0.204 0.182 0.161 0.135 0.096 0.054 0.029 0.017 0.012 0.010 0.008 0.007 0.006 0.006 0.006 0.006 0.006 0.007 0.009 0.013 0.019 0.026 0.028 0.028 0.028 0.024 0.020 0.018 0.017 0.016 0.015 0.015 0.015 0.014 0.014 0.013
0.000 0.000 0.000 0.000 0.000 0.000 0.000 0.000 0.000 0.000 0.000 0.001 0.001 0.003 0.006 0.011 0.022 0.043 0.084 0.176 0.410 0.793 1.015 1.079 1.026 0.776 0.468 0.304 0.260 0.259 0.290 0.381 0.491 0.532 0.540 0.524 0.459 0.349 0.275 0.232 0.205 0.184 0.165 0.144 0.116 0.076 0.041 0.023 0.014 0.010 0.008 0.007 0.006 0.005 0.005 0.005 0.005 0.005 0.006 0.008 0.012 0.018 0.022 0.024 0.024 0.023 0.020 0.017 0.016 0.015 0.015 0.014 0.014 0.014 0.013 0.013 0.012
0.000 0.000 0.000 0.000 0.000 0.000 0.000 0.000 0.000 0.000 0.001 0.001 0.003 0.005 0.009 0.017 0.032 0.060 0.119 0.272 0.579 0.867 0.979 0.945 0.720 0.451 0.310 0.263 0.255 0.266 0.311 0.411 0.493 0.514 0.515 0.491 0.410 0.304 0.244 0.209 0.186 0.167 0.149 0.127 0.097 0.059 0.032 0.018 0.011 0.008 0.006 0.006 0.005 0.005 0.004 0.004 0.004 0.004 0.005 0.007 0.010 0.016 0.019 0.020 0.020 0.019 0.016 0.015 0.014 0.014 0.014 0.014 0.013 0.013 0.013 0.012 0.012
0.000 0.000 0.000 0.000 0.000 0.000 0.000 0.000 0.000 0.001 0.002 0.002 0.004 0.007 0.013 0.023 0.042 0.082 0.181 0.399 0.668 0.805 0.793 0.631 0.427 0.316 0.271 0.257 0.257 0.278 0.339 0.431 0.489 0.504 0.497 0.458 0.361 0.265 0.216 0.188 0.169 0.151 0.134 0.113 0.083 0.048 0.026 0.014 0.009 0.006 0.006 0.005 0.004 0.004 0.004 0.004 0.004 0.004 0.005 0.006 0.010 0.014 0.017 0.018 0.017 0.016 0.013 0.013 0.012 0.013 0.013 0.013 0.013 0.012 0.012 0.012 0.012
0.000 0.000 0.000 0.000 0.000 0.000 0.000 0.000 0.001 0.001 0.002 0.004 0.006 0.010 0.017 0.031 0.055 0.118 0.273 0.485 0.606 0.607 0.523 0.404 0.326 0.284 0.262 0.256 0.258 0.284 0.356 0.441 0.479 0.492 0.485 0.431 0.320 0.238 0.196 0.172 0.154 0.138 0.120 0.100 0.070 0.039 0.021 0.011 0.007 0.005 0.005 0.004 0.004 0.004 0.003 0.003 0.003 0.003 0.004 0.006 0.009 0.013 0.015 0.015 0.015 0.013 0.011 0.011 0.011 0.011 0.012 0.012 0.012 0.012 0.012 0.012 0.012
0.000 0.000 0.000 0.000 0.000 0.000 0.001 0.001 0.002 0.002 0.003 0.005 0.008 0.014 0.023 0.039 0.075 0.170 0.341 0.465 0.487 0.454 0.390 0.342 0.307 0.276 0.257 0.253 0.259 0.291 0.370 0.446 0.472 0.476 0.461 0.392 0.281 0.215 0.179 0.157 0.141 0.126 0.110 0.089 0.060 0.033 0.017 0.010 0.006 0.005 0.004 0.004 0.003 0.003 0.003 0.003 0.003 0.003 0.004 0.006 0.009 0.012 0.013 0.013 0.013 0.011 0.010 0.010 0.010 0.010 0.011 0.012 0.012 0.012 0.012 0.012 0.012
0.000 0.000 0.000 0.000 0.000 0.001 0.001 0.002 0.002 0.003 0.004 0.007 0.011 0.017 0.028 0.050 0.103 0.219 0.353 0.400 0.396 0.379 0.355 0.331 0.301 0.273 0.258 0.255 0.264 0.304 0.385 0.443 0.458 0.453 0.423 0.343 0.248 0.194 0.163 0.143 0.127 0.113 0.099 0.080 0.051 0.027 0.014 0.008 0.005 0.004 0.004 0.003 0.003 0.003 0.003 0.003 0.003 0.003 0.004 0.006 0.009 0.011 0.012 0.012 0.011 0.010 0.009 0.009 0.009 0.010 0.010 0.011 0.011 0.012 0.012 0.012 0.012
0.000 0.000 0.000 0.000 0.001 0.001 0.002 0.002 0.003 0.004 0.005 0.008 0.013 0.020 0.032 0.058 0.120 0.235 0.315 0.340 0.347 0.348 0.341 0.323 0.293 0.269 0.259 0.259 0.277 0.330 0.409 0.443 0.448 0.440 0.396 0.300 0.215 0.172 0.146 0.129 0.116 0.103 0.090 0.071 0.043 0.023 0.012 0.007 0.005 0.004 0.004 0.003 0.003 0.003 0.003 0.003 0.003 0.003 0.004 0.006 0.009 0.011 0.011 0.011 0.010 0.009 0.008 0.008 0.008 0.009 0.010 0.010 0.011 0.011 0.012 0.012 0.013
0.000 0.000 0.001 0.001 0.002 0.002 0.002 0.003 0.003 0.005 0.006 0.009 0.013 0.020 0.034 0.062 0.124 0.214 0.276 0.311 0.327 0.330 0.328 0.313 0.284 0.263 0.256 0.258 0.280 0.341 0.414 0.442 0.443 0.426 0.367 0.260 0.189 0.153 0.131 0.115 0.103 0.092 0.080 0.062 0.037 0.020 0.010 0.006 0.004 0.004 0.003 0.003 0.003 0.003 0.002 0.002 0.003 0.003 0.004 0.006 0.009 0.010 0.011 0.010 0.009 0.008 0.008 0.008 0.008 0.008 0.009 0.010 0.010 0.011 0.011 0.012 0.012
0.000 0.001 0.001 0.002 0.002 0.002 0.003 0.003 0.004 0.005 0.007 0.010 0.014 0.020 0.033 0.060 0.112 0.187 0.249 0.289 0.309 0.314 0.310 0.294 0.267 0.253 0.250 0.256 0.281 0.344 0.410 0.432 0.431 0.405 0.330 0.226 0.166 0.135 0.116 0.103 0.093 0.083 0.072 0.055 0.032 0.017 0.009 0.005 0.004 0.003 0.003 0.003 0.002 0.002 0.002 0.002 0.002 0.003 0.004 0.006 0.009 0.010 0.010 0.009 0.008 0.007 0.007 0.007 0.007 0.007 0.008 0.009 0.009 0.010 0.010 0.010 0.009
0.001 0.002 0.002 0.002 0.003 0.003 0.003 0.004 0.004 0.006 0.007 0.010 0.012 0.016 0.024 0.042 0.082 0.150 0.213 0.246 0.263 0.271 0.272 0.262 0.243 0.236 0.237 0.247 0.277 0.344 0.400 0.413 0.409 0.379 0.292 0.196 0.147 0.122 0.106 0.094 0.084 0.075 0.064 0.048 0.027 0.014 0.008 0.005 0.003 0.003 0.003 0.002 0.002 0.002 0.002 0.002 0.002 0.003 0.004 0.007 0.009 0.009 0.009 0.009 0.008 0.007 0.007 0.007 0.007 0.007 0.007 0.008 0.008 0.008 0.007 0.006 0.004
