RESULTS/r.avaflow_results/21_results/21_ascii/21_hflow10015.asc
ncols 506
nrows 317
xllcenter 498237.50
yllcenter 5580050.00
cellsize 12.50
NODATA_value -9999.000
[rows 170 to 203 of 317, columns 77 to 153 of 506]
0.000 0.000 0.000 0.000 0.000 0.000 0.000 0.000 0.000 0.000 0.000 0.000 0.000 0.000 0.000 0.000 0.000 0.000 0.000 0.000 0.000 0.000 0.000 0.001 0.002 0.005 0.009 0.013 0.017 0.019 0.020 0.020 0.019 0.018 0.015 0.013 0.011 0.010 0.009 0.009 0.010 0.012 0.016 0.025 0.040 0.056 0.067 0.076 0.089 0.116 0.179 0.307 0.529 0.859 1.189 1.437 1.655 1.855 1.998 2.062 2.065 2.014 1.893 1.700 1.429 1.107 0.831 0.615 0.450 0.327 0.239 0.176 0.132 0.101 0.079 0.062 0.050
0.000 0.000 0.000 0.000 0.000 0.000 0.000 0.000 0.000 0.000 0.000 0.000 0.000 0.000 0.000 0.000 0.000 0.000 0.000 0.000 0.000 0.000 0.001 0.002 0.005 0.010 0.015 0.023 0.028 0.031 0.032 0.032 0.031 0.029 0.025 0.021 0.018 0.017 0.017 0.017 0.019 0.023 0.032 0.048 0.073 0.101 0.126 0.153 0.200 0.292 0.457 0.723 1.071 1.400 1.621 1.794 1.958 2.097 2.180 2.202 2.186 2.120 1.986 1.771 1.473 1.138 0.865 0.654 0.491 0.367 0.275 0.209 0.162 0.127 0.102 0.083 0.068
0.000 0.000 0.000 0.000 0.000 0.000 0.000 0.000 0.000 0.000 0.000 0.000 0.000 0.000 0.000 0.000 0.000 0.000 0.000 0.000 0.000 0.001 0.002 0.005 0.009 0.016 0.025 0.035 0.043 0.048 0.049 0.050 0.049 0.045 0.039 0.032 0.029 0.028 0.028 0.030 0.034 0.044 0.062 0.092 0.134 0.183 0.238 0.315 0.446 0.665 0.976 1.306 1.576 1.745 1.868 1.992 2.120 2.211 2.254 2.260 2.239 2.167 2.022 1.795 1.481 1.147 0.882 0.681 0.527 0.409 0.319 0.250 0.200 0.162 0.133 0.110 0.091
0.000 0.000 0.000 0.000 0.000 0.000 0.000 0.000 0.000 0.000 0.000 0.000 0.000 0.000 0.000 0.000 0.000 0.000 0.000 0.000 0.000 0.002 0.004 0.009 0.015 0.025 0.038 0.053 0.065 0.071 0.074 0.074 0.073 0.068 0.059 0.050 0.046 0.045 0.046 0.051 0.062 0.084 0.119 0.171 0.240 0.327 0.444 0.619 0.883 1.214 1.527 1.743 1.862 1.932 2.001 2.093 2.192 2.254 2.279 2.279 2.253 2.175 2.026 1.795 1.476 1.144 0.886 0.695 0.553 0.446 0.364 0.299 0.247 0.205 0.172 0.145 0.123
0.000 0.000 0.000 0.000 0.000 0.000 0.000 0.000 0.000 0.000 0.000 0.000 0.000 0.000 0.000 0.000 0.000 0.000 0.000 0.000 0.001 0.003 0.008 0.014 0.024 0.037 0.056 0.078 0.094 0.104 0.107 0.108 0.106 0.100 0.087 0.073 0.068 0.067 0.070 0.080 0.104 0.146 0.209 0.294 0.405 0.554 0.763 1.036 1.344 1.626 1.829 1.937 1.980 2.015 2.062 2.129 2.210 2.262 2.281 2.278 2.246 2.162 2.007 1.770 1.449 1.129 0.882 0.699 0.567 0.471 0.399 0.342 0.295 0.256 0.221 0.190 0.163
0.000 0.000 0.000 0.000 0.000 0.000 0.000 0.000 0.000 0.000 0.000 0.000 0.000 0.000 0.000 0.000 0.000 0.000 0.000 0.000 0.002 0.005 0.011 0.020 0.034 0.052 0.078 0.109 0.132 0.146 0.152 0.153 0.151 0.143 0.125 0.103 0.091 0.087 0.089 0.101 0.134 0.198 0.294 0.422 0.582 0.793 1.058 1.344 1.606 1.805 1.925 1.980 2.012 2.043 2.080 2.131 2.198 2.246 2.260 2.251 2.207 2.110 1.946 1.704 1.390 1.095 0.866 0.695 0.571 0.483 0.420 0.371 0.332 0.299 0.269 0.240 0.212
0.000 0.000 0.000 0.000 0.000 0.000 0.000 0.000 0.000 0.000 0.000 0.000 0.000 0.000 0.000 0.000 0.000 0.000 0.000 0.001 0.003 0.007 0.014 0.025 0.041 0.064 0.096 0.135 0.166 0.186 0.194 0.196 0.194 0.184 0.162 0.129 0.108 0.099 0.099 0.109 0.146 0.223 0.345 0.506 0.707 0.956 1.232 1.484 1.692 1.842 1.930 1.978 2.013 2.044 2.076 2.110 2.147 2.179 2.189 2.172 2.113 1.999 1.822 1.580 1.289 1.032 0.832 0.679 0.566 0.485 0.428 0.387 0.356 0.329 0.304 0.281 0.257
0.000 0.000 0.000 0.000 0.000 0.000 0.000 0.000 0.000 0.000 0.000 0.000 0.000 0.000 0.000 0.000 0.000 0.000 0.000 0.001 0.004 0.008 0.016 0.028 0.046 0.072 0.107 0.152 0.189 0.212 0.223 0.225 0.223 0.213 0.189 0.148 0.118 0.105 0.103 0.111 0.146 0.229 0.367 0.553 0.780 1.041 1.296 1.516 1.698 1.829 1.910 1.960 1.994 2.021 2.039 2.048 2.046 2.048 2.047 2.018 1.941 1.809 1.623 1.388 1.142 0.937 0.774 0.647 0.551 0.480 0.429 0.394 0.369 0.348 0.329 0.311 0.292
0.000 0.000 0.000 0.000 0.000 0.000 0.000 0.000 0.000 0.000 0.000 0.000 0.000 0.000 0.000 0.000 0.000 0.000 0.000 0.001 0.004 0.009 0.017 0.030 0.049 0.076 0.114 0.162 0.202 0.228 0.240 0.243 0.241 0.231 0.205 0.160 0.123 0.106 0.103 0.109 0.142 0.226 0.371 0.571 0.813 1.066 1.300 1.507 1.670 1.785 1.860 1.906 1.933 1.946 1.947 1.930 1.890 1.852 1.819 1.766 1.668 1.523 1.336 1.132 0.954 0.810 0.693 0.599 0.524 0.467 0.425 0.395 0.374 0.359 0.345 0.331 0.316
0.000 0.000 0.000 0.000 0.000 0.000 0.000 0.000 0.000 0.000 0.000 0.000 0.000 0.000 0.000 0.000 0.000 0.000 0.000 0.001 0.004 0.009 0.018 0.031 0.050 0.078 0.116 0.165 0.208 0.234 0.247 0.250 0.248 0.238 0.213 0.167 0.124 0.104 0.099 0.103 0.131 0.212 0.361 0.571 0.819 1.058 1.273 1.455 1.596 1.694 1.757 1.792 1.805 1.803 1.786 1.741 1.666 1.582 1.503 1.413 1.298 1.161 1.012 0.876 0.765 0.674 0.601 0.539 0.487 0.446 0.414 0.391 0.375 0.364 0.353 0.342 0.331
0.000 0.000 0.000 0.000 0.000 0.000 0.000 0.000 0.000 0.000 0.000 0.000 0.000 0.000 0.000 0.000 0.000 0.000 0.000 0.001 0.004 0.009 0.018 0.031 0.050 0.078 0.116 0.166 0.208 0.235 0.248 0.251 0.250 0.240 0.216 0.170 0.122 0.097 0.089 0.090 0.112 0.184 0.332 0.550 0.799 1.010 1.191 1.342 1.456 1.532 1.577 1.595 1.596 1.583 1.544 1.471 1.360 1.242 1.142 1.048 0.953 0.854 0.758 0.676 0.609 0.556 0.512 0.475 0.444 0.418 0.398 0.384 0.373 0.364 0.356 0.347 0.338
0.000 0.000 0.000 0.000 0.000 0.000 0.000 0.000 0.000 0.000 0.000 0.000 0.000 0.000 0.000 0.000 0.000 0.000 0.000 0.001 0.004 0.009 0.018 0.031 0.050 0.077 0.115 0.164 0.206 0.233 0.246 0.250 0.248 0.239 0.215 0.171 0.118 0.086 0.072 0.071 0.084 0.141 0.273 0.486 0.723 0.899 1.037 1.149 1.230 1.280 1.302 1.307 1.300 1.275 1.221 1.132 1.018 0.918 0.838 0.765 0.694 0.627 0.568 0.519 0.481 0.452 0.430 0.412 0.397 0.386 0.378 0.372 0.367 0.362 0.356 0.348 0.339
0.000 0.000 0.000 0.000 0.000 0.000 0.000 0.000 0.000 0.000 0.000 0.000 0.000 0.000 0.000 0.000 0.000 0.000 0.000 0.001 0.003 0.008 0.017 0.029 0.048 0.073 0.109 0.157 0.199 0.226 0.239 0.242 0.240 0.232 0.210 0.169 0.114 0.075 0.056 0.051 0.055 0.088 0.187 0.367 0.573 0.710 0.799 0.866 0.912 0.937 0.946 0.947 0.941 0.923 0.886 0.823 0.740 0.664 0.604 0.552 0.504 0.461 0.425 0.397 0.377 0.363 0.354 0.350 0.348 0.349 0.352 0.354 0.356 0.354 0.351 0.346 0.338
0.000 0.000 0.000 0.000 0.000 0.000 0.000 0.000 0.000 0.000 0.000 0.000 0.000 0.000 0.000 0.000 0.000 0.000 0.000 0.001 0.002 0.006 0.014 0.026 0.043 0.067 0.099 0.142 0.182 0.208 0.220 0.224 0.223 0.216 0.197 0.161 0.109 0.067 0.045 0.037 0.037 0.053 0.110 0.228 0.376 0.477 0.539 0.580 0.608 0.624 0.633 0.638 0.640 0.635 0.616 0.580 0.528 0.474 0.431 0.395 0.365 0.339 0.318 0.303 0.294 0.288 0.286 0.288 0.294 0.304 0.317 0.329 0.336 0.340 0.340 0.338 0.334
0.000 0.000 0.000 0.000 0.000 0.000 0.000 0.000 0.000 0.000 0.000 0.000 0.000 0.000 0.000 0.000 0.000 0.000 0.000 0.000 0.001 0.004 0.010 0.021 0.036 0.056 0.083 0.119 0.154 0.177 0.189 0.193 0.193 0.187 0.173 0.145 0.101 0.060 0.037 0.028 0.026 0.032 0.063 0.131 0.227 0.299 0.345 0.373 0.389 0.398 0.401 0.404 0.407 0.409 0.405 0.392 0.366 0.334 0.305 0.282 0.263 0.249 0.238 0.231 0.227 0.226 0.227 0.230 0.238 0.253 0.273 0.292 0.307 0.317 0.323 0.325 0.324
0.000 0.000 0.000 0.000 0.000 0.000 0.000 0.000 0.000 0.000 0.000 0.000 0.000 0.000 0.000 0.000 0.000 0.000 0.000 0.000 0.001 0.002 0.005 0.013 0.025 0.041 0.061 0.088 0.115 0.134 0.145 0.148 0.149 0.146 0.137 0.118 0.086 0.052 0.031 0.021 0.019 0.021 0.036 0.074 0.131 0.180 0.211 0.230 0.239 0.242 0.240 0.236 0.235 0.237 0.241 0.245 0.240 0.228 0.213 0.199 0.189 0.182 0.177 0.174 0.174 0.174 0.175 0.179 0.185 0.198 0.218 0.241 0.263 0.282 0.296 0.304 0.307
0.000 0.000 0.000 0.000 0.000 0.000 0.000 0.000 0.000 0.000 0.000 0.000 0.000 0.000 0.000 0.000 0.000 0.000 0.000 0.000 0.000 0.001 0.003 0.007 0.015 0.026 0.041 0.060 0.079 0.093 0.100 0.103 0.103 0.102 0.096 0.085 0.064 0.041 0.024 0.016 0.013 0.014 0.021 0.041 0.074 0.104 0.124 0.135 0.140 0.140 0.137 0.128 0.122 0.122 0.126 0.136 0.143 0.145 0.141 0.136 0.132 0.130 0.129 0.129 0.129 0.130 0.132 0.134 0.139 0.147 0.160 0.177 0.199 0.226 0.250 0.264 0.268
0.000 0.000 0.000 0.000 0.000 0.000 0.000 0.000 0.000 0.000 0.000 0.000 0.000 0.000 0.000 0.000 0.000 0.000 0.000 0.000 0.000 0.001 0.001 0.003 0.008 0.016 0.027 0.040 0.053 0.062 0.067 0.069 0.070 0.069 0.065 0.058 0.045 0.029 0.018 0.012 0.009 0.009 0.012 0.022 0.040 0.058 0.070 0.076 0.079 0.078 0.075 0.066 0.059 0.057 0.059 0.066 0.075 0.082 0.084 0.085 0.085 0.087 0.088 0.090 0.091 0.092 0.093 0.095 0.099 0.103 0.107 0.113 0.123 0.143 0.165 0.176 0.176
0.000 0.000 0.000 0.000 0.000 0.000 0.000 0.000 0.000 0.000 0.000 0.000 0.000 0.000 0.000 0.000 0.000 0.000 0.000 0.000 0.000 0.000 0.001 0.001 0.004 0.009 0.016 0.026 0.035 0.041 0.044 0.045 0.046 0.045 0.043 0.038 0.030 0.020 0.013 0.008 0.006 0.006 0.007 0.012 0.021 0.032 0.038 0.042 0.043 0.043 0.041 0.035 0.029 0.027 0.027 0.029 0.034 0.040 0.044 0.046 0.048 0.051 0.054 0.056 0.056 0.057 0.059 0.061 0.063 0.064 0.064 0.064 0.065 0.069 0.075 0.076 0.073
0.000 0.000 0.000 0.000 0.000 0.000 0.000 0.000 0.000 0.000 0.000 0.000 0.000 0.000 0.000 0.000 0.000 0.000 0.000 0.000 0.000 0.000 0.000 0.001 0.002 0.004 0.009 0.015 0.022 0.026 0.028 0.029 0.029 0.029 0.028 0.025 0.020 0.014 0.009 0.006 0.004 0.004 0.004 0.006 0.011 0.017 0.020 0.022 0.023 0.023 0.022 0.019 0.016 0.014 0.013 0.014 0.015 0.018 0.020 0.022 0.023 0.025 0.027 0.029 0.030 0.031 0.032 0.034 0.035 0.035 0.034 0.031 0.029 0.028 0.028 0.027 0.025
0.000 0.000 0.000 0.000 0.000 0.000 0.000 0.000 0.000 0.000 0.000 0.000 0.000 0.000 0.000 0.000 0.000 0.000 0.000 0.000 0.000 0.000 0.000 0.001 0.001 0.002 0.004 0.008 0.013 0.016 0.018 0.018 0.018 0.018 0.017 0.016 0.013 0.009 0.006 0.004 0.003 0.002 0.002 0.003 0.005 0.008 0.010 0.012 0.012 0.012 0.012 0.011 0.009 0.008 0.007 0.007 0.008 0.008 0.009 0.010 0.010 0.011 0.012 0.013 0.014 0.014 0.015 0.016 0.017 0.017 0.016 0.014 0.013 0.011 0.011 0.010 0.009
0.000 0.000 0.000 0.000 0.000 0.000 0.000 0.000 0.000 0.000 0.000 0.000 0.000 0.000 0.000 0.000 0.000 0.000 0.000 0.000 0.000 0.000 0.000 0.001 0.001 0.001 0.002 0.003 0.006 0.009 0.010 0.011 0.011 0.011 0.011 0.010 0.008 0.006 0.004 0.002 0.002 0.001 0.001 0.001 0.002 0.004 0.005 0.006 0.006 0.006 0.006 0.006 0.005 0.004 0.004 0.004 0.004 0.004 0.005 0.005 0.005 0.005 0.006 0.006 0.006 0.007 0.007 0.008 0.008 0.008 0.008 0.007 0.006 0.005 0.005 0.004 0.004
0.000 0.000 0.000 0.000 0.000 0.000 0.000 0.000 0.000 0.000 0.000 0.000 0.000 0.000 0.000 0.000 0.000 0.000 0.000 0.000 0.000 0.000 0.001 0.001 0.000 0.001 0.001 0.001 0.002 0.004 0.005 0.006 0.007 0.007 0.006 0.006 0.005 0.003 0.002 0.001 0.001 0.001 0.001 0.001 0.001 0.001 0.002 0.003 0.003 0.003 0.003 0.003 0.003 0.003 0.002 0.002 0.003 0.003 0.003 0.003 0.003 0.003 0.003 0.003 0.004 0.004 0.004 0.004 0.004 0.004 0.004 0.003 0.003 0.003 0.002 0.002 0.002
0.000 0.000 0.000 0.000 0.000 0.000 0.000 0.000 0.000 0.000 0.000 0.000 0.000 0.000 0.000 0.000 0.000 0.000 0.000 0.000 0.000 0.000 0.001 0.000 0.000 0.001 0.001 0.001 0.001 0.002 0.002 0.003 0.003 0.003 0.003 0.003 0.002 0.002 0.001 0.001 0.001 0.001 0.001 0.001 0.001 0.001 0.001 0.001 0.001 0.001 0.001 0.001 0.001 0.001 0.001 0.002 0.002 0.002 0.002 0.002 0.002 0.002 0.002 0.002 0.002 0.002 0.002 0.002 0.002 0.002 0.002 0.002 0.002 0.002 0.001 0.001 0.001
0.000 0.000 0.000 0.000 0.000 0.000 0.000 0.000 0.000 0.000 0.000 0.000 0.000 0.000 0.000 0.000 0.000 0.000 0.000 0.000 0.000 0.001 0.001 0.001 0.001 0.001 0.001 0.001 0.001 0.001 0.001 0.001 0.001 0.001 0.001 0.001 0.001 0.001 0.001 0.001 0.001 0.001 0.001 0.001 0.001 0.001 0.001 0.001 0.001 0.001 0.001 0.001 0.001 0.001 0.001 0.001 0.001 0.001 0.001 0.001 0.001 0.001 0.001 0.001 0.001 0.001 0.001 0.001 0.001 0.001 0.001 0.001 0.001 0.001 0.001 0.001 0.001
0.000 0.000 0.000 0.000 0.000 0.000 0.000 0.000 0.000 0.000 0.000 0.000 0.000 0.000 0.000 0.000 0.000 0.000 0.000 0.000 0.001 0.001 0.001 0.001 0.001 0.001 0.001 0.001 0.001 0.001 0.001 0.001 0.001 0.001 0.001 0.001 0.001 0.001 0.001 0.001 0.001 0.001 0.001 0.001 0.001 0.001 0.000 0.000 0.001 0.001 0.001 0.001 0.001 0.001 0.001 0.001 0.001 0.001 0.001 0.001 0.001 0.001 0.001 0.001 0.001 0.001 0.001 0.001 0.001 0.001 0.001 0.001 0.001 0.001 0.001 0.001 0.001
0.000 0.000 0.000 0.000 0.000 0.000 0.000 0.000 0.000 0.000 0.000 0.000 0.000 0.000 0.000 0.000 0.000 0.000 0.000 0.000 0.001 0.001 0.001 0.001 0.001 0.001 0.001 0.001 0.001 0.001 0.001 0.001 0.001 0.001 0.001 0.001 0.001 0.001 0.001 0.001 0.001 0.001 0.001 0.001 0.001 0.001 0.000 0.000 0.000 0.001 0.001 0.001 0.001 0.001 0.001 0.001 0.001 0.001 0.001 0.001 0.001 0.001 0.001 0.001 0.001 0.001 0.001 0.001 0.001 0.001 0.001 0.001 0.001 0.001 0.001 0.001 0.001
0.000 0.000 0.000 0.000 0.000 0.000 0.000 0.000 0.000 0.000 0.000 0.000 0.000 0.000 0.000 0.000 0.000 0.000 0.000 0.001 0.001 0.001 0.001 0.001 0.001 0.001 0.001 0.001 0.001 0.001 0.001 0.001 0.001 0.001 0.001 0.001 0.001 0.001 0.001 0.001 0.001 0.001 0.001 0.001 0.001 0.001 0.000 0.000 0.000 0.000 0.001 0.001 0.001 0.001 0.001 0.000 0.000 0.000 0.000 0.001 0.001 0.001 0.001 0.001 0.001 0.001 0.001 0.001 0.001 0.001 0.001 0.001 0.001 0.001 0.001 0.001 0.001
0.000 0.000 0.000 0.000 0.000 0.000 0.000 0.000 0.000 0.000 0.000 0.000 0.000 0.000 0.000 0.000 0.000 0.001 0.001 0.001 0.001 0.001 0.001 0.001 0.001 0.001 0.001 0.001 0.001 0.001 0.001 0.001 0.001 0.001 0.001 0.001 0.001 0.001 0.001 0.001 0.001 0.001 0.001 0.001 0.001 0.001 0.000 0.000 0.000 0.000 0.000 0.001 0.001 0.001 0.001 0.001 0.000 0.000 0.000 0.000 0.001 0.001 0.001 0.001 0.001 0.001 0.001 0.001 0.001 0.001 0.001 0.001 0.001 0.001 0.001 0.001 0.000
0.000 0.000 0.000 0.000 0.000 0.000 0.000 0.000 0.000 0.000 0.000 0.000 0.000 0.000 0.000 0.000 0.000 0.001 0.001 0.001 0.001 0.001 0.001 0.001 0.001 0.001 0.001 0.001 0.001 0.001 0.001 0.001 0.001 0.001 0.001 0.001 0.001 0.001 0.001 0.001 0.001 0.001 0.001 0.001 0.001 0.001 0.000 0.000 0.000 0.000 0.000 0.000 0.001 0.001 0.001 0.001 0.000 0.000 0.000 0.000 0.001 0.001 0.001 0.001 0.001 0.001 0.001 0.001 0.001 0.001 0.001 0.001 0.001 0.001 0.001 0.001 0.000
0.000 0.000 0.000 0.000 0.001 0.000 0.000 0.000 0.000 0.000 0.000 0.000 0.000 0.000 0.000 0.000 0.000 0.001 0.001 0.001 0.001 0.001 0.001 0.001 0.001 0.001 0.001 0.001 0.001 0.001 0.001 0.001 0.001 0.001 0.001 0.001 0.001 0.001 0.001 0.001 0.001 0.001 0.001 0.001 0.001 0.001 0.000 0.000 0.000 0.000 0.000 0.000 0.000 0.000 0.000 0.000 0.000 0.000 0.000 0.000 0.001 0.001 0.001 0.001 0.001 0.001 0.001 0.001 0.001 0.001 0.001 0.001 0.001 0.001 0.001 0.001 0.001
0.000 0.000 0.000 0.000 0.000 0.000 0.000 0.000 0.000 0.000 0.000 0.000 0.000 0.000 0.000 0.000 0.001 0.001 0.001 0.001 0.001 0.001 0.001 0.001 0.001 0.001 0.001 0.001 0.001 0.001 0.001 0.001 0.001 0.001 0.001 0.000 0.001 0.001 0.001 0.001 0.001 0.001 0.001 0.001 0.001 0.001 0.000 0.000 0.000 0.000 0.000 0.000 0.000 0.000 0.000 0.000 0.000 0.000 0.000 0.000 0.001 0.001 0.001 0.001 0.001 0.001 0.001 0.001 0.001 0.001 0.001 0.001 0.001 0.001 0.001 0.001 0.001
0.000 0.000 0.000 0.000 0.000 0.000 0.000 0.000 0.000 0.000 0.000 0.000 0.000 0.000 0.000 0.000 0.001 0.001 0.001 0.001 0.001 0.001 0.001 0.001 0.001 0.001 0.001 0.001 0.001 0.001 0.001 0.001 0.001 0.001 0.000 0.000 0.000 0.000 0.001 0.001 0.001 0.001 0.001 0.001 0.001 0.001 0.001 0.000 0.000 0.000 0.000 0.000 0.000 0.000 0.000 0.000 0.000 0.000 0.000 0.001 0.001 0.001 0.001 0.001 0.001 0.001 0.001 0.001 0.001 0.001 0.001 0.001 0.001 0.000 0.000 0.000 0.000
0.000 0.000 0.000 0.000 0.000 0.000 0.000 0.000 0.000 0.000 0.000 0.000 0.000 0.000 0.000 0.001 0.001 0.001 0.001 0.001 0.001 0.001 0.001 0.001 0.001 0.001 0.001 0.001 0.001 0.001 0.001 0.001 0.001 0.001 0.001 0.000 0.000 0.000 0.000 0.001 0.001 0.001 0.001 0.001 0.001 0.001 0.001 0.001 0.000 0.000 0.000 0.000 0.000 0.000 0.000 0.000 0.000 0.000 0.000 0.000 0.001 0.001 0.001 0.001 0.001 0.001 0.001 0.001 0.001 0.001 0.001 0.000 0.000 0.000 0.000 0.000 0.000
