RESULTS/r.avaflow_results/21_results/21_ascii/21_hflow10055.asc
ncols 506
nrows 317
xllcenter 498237.50
yllcenter 5580050.00
cellsize 12.50
NODATA_value -9999.000
[rows 170 to 203 of 317, columns 77 to 153 of 506]
0.000 0.000 0.000 0.000 0.000 0.000 0.000 0.000 0.000 0.000 0.000 0.000 0.000 0.000 0.000 0.000 0.000 0.000 0.000 0.000 0.000 0.000 0.001 0.002 0.003 0.003 0.003 0.004 0.004 0.003 0.003 0.003 0.003 0.002 0.002 0.001 0.001 0.001 0.001 0.001 0.001 0.001 0.001 0.001 0.002 0.003 0.005 0.007 0.011 0.018 0.035 0.077 0.171 0.340 0.561 0.771 0.966 1.174 1.373 1.511 1.584 1.607 1.603 1.574 1.512 1.420 1.306 1.179 1.042 0.909 0.790 0.684 0.593 0.515 0.450 0.395 0.348
0.000 0.000 0.000 0.000 0.000 0.000 0.000 0.000 0.000 0.000 0.000 0.000 0.000 0.000 0.000 0.000 0.000 0.000 0.000 0.000 0.000 0.001 0.002 0.003 0.004 0.005 0.005 0.005 0.005 0.005 0.005 0.005 0.004 0.003 0.003 0.002 0.002 0.002 0.002 0.002 0.002 0.002 0.002 0.002 0.003 0.005 0.008 0.013 0.023 0.044 0.095 0.203 0.394 0.633 0.848 1.019 1.186 1.359 1.499 1.581 1.614 1.618 1.607 1.572 1.508 1.417 1.305 1.175 1.033 0.900 0.783 0.683 0.597 0.525 0.464 0.412 0.367
0.000 0.000 0.000 0.000 0.000 0.000 0.000 0.000 0.000 0.000 0.000 0.000 0.000 0.000 0.000 0.000 0.000 0.000 0.000 0.000 0.001 0.002 0.004 0.006 0.007 0.007 0.008 0.008 0.008 0.007 0.007 0.006 0.006 0.004 0.004 0.003 0.003 0.003 0.003 0.003 0.003 0.003 0.003 0.004 0.006 0.009 0.015 0.028 0.055 0.118 0.244 0.454 0.684 0.867 1.002 1.129 1.276 1.427 1.532 1.587 1.606 1.605 1.590 1.553 1.492 1.406 1.298 1.169 1.026 0.895 0.782 0.684 0.602 0.532 0.472 0.421 0.377
0.000 0.000 0.000 0.000 0.000 0.000 0.000 0.000 0.000 0.000 0.000 0.000 0.000 0.000 0.000 0.000 0.000 0.000 0.000 0.001 0.003 0.005 0.007 0.009 0.010 0.010 0.010 0.010 0.010 0.010 0.009 0.009 0.007 0.006 0.005 0.004 0.004 0.004 0.004 0.004 0.004 0.004 0.005 0.006 0.010 0.018 0.033 0.067 0.140 0.286 0.519 0.749 0.900 0.993 1.069 1.161 1.292 1.434 1.525 1.563 1.572 1.570 1.555 1.521 1.464 1.385 1.282 1.159 1.020 0.892 0.781 0.685 0.604 0.535 0.476 0.426 0.382
0.000 0.000 0.000 0.000 0.000 0.000 0.000 0.000 0.000 0.000 0.000 0.000 0.000 0.000 0.000 0.000 0.000 0.000 0.001 0.003 0.005 0.008 0.010 0.012 0.013 0.013 0.013 0.013 0.013 0.013 0.012 0.011 0.009 0.007 0.006 0.005 0.005 0.005 0.005 0.005 0.006 0.006 0.007 0.011 0.019 0.037 0.076 0.157 0.311 0.548 0.780 0.926 0.999 1.045 1.094 1.164 1.283 1.416 1.493 1.518 1.522 1.519 1.506 1.475 1.425 1.354 1.261 1.146 1.014 0.888 0.779 0.685 0.604 0.536 0.478 0.428 0.383
0.000 0.000 0.000 0.000 0.000 0.000 0.000 0.000 0.000 0.000 0.000 0.000 0.000 0.000 0.000 0.000 0.000 0.001 0.002 0.004 0.007 0.010 0.013 0.015 0.015 0.016 0.016 0.016 0.016 0.016 0.015 0.013 0.011 0.009 0.007 0.006 0.006 0.006 0.006 0.006 0.007 0.008 0.011 0.019 0.038 0.080 0.165 0.318 0.541 0.763 0.910 0.987 1.025 1.059 1.099 1.155 1.246 1.367 1.440 1.463 1.464 1.460 1.448 1.421 1.377 1.315 1.231 1.127 1.003 0.880 0.774 0.682 0.603 0.536 0.478 0.428 0.384
0.000 0.000 0.000 0.000 0.000 0.000 0.000 0.000 0.000 0.000 0.000 0.000 0.000 0.000 0.000 0.000 0.000 0.001 0.003 0.005 0.009 0.012 0.015 0.017 0.018 0.018 0.019 0.019 0.018 0.018 0.017 0.015 0.013 0.010 0.008 0.006 0.006 0.006 0.006 0.007 0.008 0.011 0.018 0.034 0.074 0.159 0.307 0.510 0.713 0.862 0.949 0.995 1.028 1.061 1.096 1.136 1.189 1.288 1.374 1.403 1.404 1.399 1.384 1.360 1.321 1.266 1.192 1.097 0.982 0.863 0.761 0.673 0.597 0.532 0.476 0.426 0.382
0.000 0.000 0.000 0.000 0.000 0.000 0.000 0.000 0.000 0.000 0.000 0.000 0.000 0.000 0.000 0.000 0.000 0.001 0.003 0.006 0.010 0.014 0.017 0.019 0.020 0.021 0.021 0.021 0.021 0.020 0.019 0.017 0.014 0.011 0.008 0.007 0.006 0.006 0.006 0.007 0.009 0.015 0.027 0.060 0.135 0.272 0.461 0.644 0.787 0.887 0.949 0.992 1.027 1.058 1.086 1.113 1.143 1.213 1.301 1.338 1.341 1.334 1.319 1.294 1.257 1.206 1.138 1.051 0.945 0.835 0.738 0.656 0.584 0.523 0.469 0.422 0.379
0.000 0.000 0.000 0.000 0.000 0.000 0.000 0.000 0.000 0.000 0.000 0.000 0.000 0.000 0.000 0.000 0.000 0.001 0.003 0.006 0.011 0.015 0.019 0.021 0.022 0.023 0.023 0.023 0.022 0.022 0.021 0.019 0.016 0.012 0.009 0.007 0.006 0.006 0.006 0.007 0.010 0.018 0.039 0.094 0.205 0.377 0.559 0.701 0.806 0.885 0.943 0.987 1.022 1.050 1.071 1.089 1.107 1.156 1.232 1.266 1.270 1.263 1.247 1.220 1.183 1.133 1.069 0.989 0.893 0.793 0.705 0.629 0.564 0.508 0.458 0.414 0.374
0.000 0.000 0.000 0.000 0.000 0.000 0.000 0.000 0.000 0.000 0.000 0.000 0.000 0.000 0.000 0.000 0.000 0.001 0.003 0.006 0.011 0.016 0.020 0.022 0.024 0.024 0.024 0.024 0.024 0.023 0.022 0.020 0.017 0.013 0.010 0.007 0.006 0.006 0.006 0.007 0.010 0.019 0.047 0.119 0.258 0.445 0.600 0.714 0.803 0.875 0.934 0.979 1.013 1.036 1.052 1.063 1.075 1.107 1.160 1.184 1.186 1.180 1.164 1.137 1.098 1.047 0.985 0.912 0.826 0.739 0.662 0.596 0.539 0.489 0.444 0.404 0.368
0.000 0.000 0.000 0.000 0.000 0.000 0.000 0.000 0.000 0.000 0.000 0.000 0.000 0.000 0.000 0.000 0.000 0.001 0.003 0.006 0.010 0.016 0.021 0.024 0.025 0.025 0.025 0.025 0.025 0.024 0.023 0.021 0.018 0.014 0.010 0.008 0.006 0.006 0.006 0.007 0.010 0.020 0.050 0.132 0.289 0.476 0.610 0.709 0.790 0.861 0.920 0.966 0.999 1.019 1.030 1.037 1.044 1.061 1.090 1.101 1.099 1.091 1.072 1.042 1.002 0.950 0.890 0.821 0.747 0.675 0.612 0.557 0.509 0.467 0.428 0.393 0.360
0.000 0.000 0.000 0.000 0.000 0.000 0.000 0.000 0.000 0.000 0.000 0.000 0.000 0.000 0.000 0.000 0.000 0.001 0.002 0.004 0.009 0.015 0.021 0.025 0.026 0.026 0.026 0.026 0.026 0.025 0.024 0.022 0.019 0.015 0.011 0.008 0.006 0.006 0.006 0.007 0.010 0.019 0.049 0.133 0.299 0.485 0.605 0.692 0.768 0.837 0.898 0.947 0.980 0.998 1.006 1.009 1.011 1.015 1.025 1.027 1.021 1.006 0.981 0.945 0.900 0.846 0.785 0.722 0.660 0.606 0.557 0.514 0.477 0.442 0.410 0.379 0.351
0.000 0.000 0.000 0.000 0.000 0.000 0.000 0.000 0.000 0.000 0.000 0.000 0.000 0.000 0.000 0.000 0.000 0.000 0.001 0.002 0.006 0.012 0.020 0.025 0.027 0.027 0.027 0.027 0.026 0.026 0.024 0.023 0.020 0.016 0.012 0.009 0.007 0.006 0.006 0.006 0.009 0.018 0.046 0.128 0.293 0.478 0.590 0.664 0.731 0.797 0.862 0.918 0.957 0.976 0.981 0.981 0.978 0.972 0.968 0.961 0.949 0.928 0.897 0.858 0.810 0.753 0.691 0.632 0.580 0.537 0.501 0.469 0.441 0.415 0.389 0.365 0.341
0.000 0.000 0.000 0.000 0.000 0.000 0.000 0.000 0.000 0.000 0.000 0.000 0.000 0.000 0.000 0.000 0.000 0.000 0.000 0.001 0.003 0.008 0.016 0.024 0.027 0.027 0.027 0.027 0.027 0.026 0.025 0.023 0.021 0.017 0.013 0.009 0.007 0.006 0.005 0.006 0.008 0.015 0.039 0.110 0.260 0.444 0.558 0.624 0.679 0.735 0.796 0.860 0.913 0.945 0.955 0.953 0.944 0.931 0.916 0.900 0.881 0.855 0.822 0.780 0.731 0.673 0.610 0.554 0.508 0.471 0.443 0.422 0.404 0.386 0.368 0.350 0.332
0.000 0.000 0.000 0.000 0.000 0.000 0.000 0.000 0.000 0.000 0.000 0.000 0.000 0.000 0.000 0.000 0.000 0.000 0.000 0.001 0.001 0.004 0.011 0.021 0.026 0.027 0.027 0.027 0.027 0.026 0.025 0.024 0.022 0.019 0.015 0.010 0.007 0.006 0.005 0.006 0.006 0.011 0.027 0.076 0.192 0.366 0.493 0.561 0.603 0.641 0.683 0.735 0.797 0.858 0.900 0.914 0.907 0.890 0.868 0.845 0.819 0.789 0.753 0.711 0.662 0.605 0.541 0.486 0.440 0.406 0.383 0.369 0.360 0.352 0.343 0.334 0.323
0.000 0.000 0.000 0.000 0.000 0.000 0.000 0.000 0.000 0.000 0.000 0.000 0.000 0.000 0.000 0.000 0.000 0.000 0.000 0.000 0.001 0.002 0.006 0.015 0.023 0.027 0.027 0.027 0.027 0.026 0.025 0.024 0.022 0.020 0.016 0.012 0.009 0.006 0.006 0.006 0.006 0.008 0.016 0.041 0.110 0.245 0.380 0.453 0.484 0.497 0.505 0.523 0.568 0.650 0.750 0.823 0.849 0.842 0.820 0.792 0.762 0.728 0.691 0.648 0.600 0.544 0.481 0.424 0.378 0.342 0.318 0.305 0.302 0.303 0.306 0.307 0.305
0.000 0.000 0.000 0.000 0.000 0.000 0.000 0.000 0.000 0.000 0.000 0.000 0.000 0.000 0.000 0.000 0.000 0.000 0.000 0.000 0.000 0.001 0.003 0.009 0.018 0.024 0.026 0.027 0.026 0.026 0.025 0.024 0.023 0.021 0.018 0.014 0.010 0.008 0.006 0.006 0.006 0.007 0.011 0.023 0.057 0.133 0.234 0.294 0.313 0.314 0.305 0.297 0.307 0.359 0.476 0.627 0.732 0.767 0.762 0.739 0.706 0.670 0.631 0.590 0.543 0.489 0.426 0.367 0.318 0.278 0.249 0.230 0.224 0.228 0.239 0.248 0.250
0.000 0.000 0.000 0.000 0.000 0.000 0.000 0.000 0.000 0.000 0.000 0.000 0.000 0.000 0.000 0.000 0.000 0.000 0.000 0.000 0.000 0.001 0.001 0.004 0.011 0.020 0.024 0.026 0.026 0.026 0.025 0.024 0.023 0.021 0.019 0.015 0.012 0.009 0.007 0.006 0.006 0.007 0.009 0.015 0.030 0.068 0.127 0.167 0.181 0.182 0.174 0.159 0.155 0.169 0.228 0.358 0.520 0.628 0.665 0.664 0.644 0.611 0.574 0.534 0.489 0.436 0.372 0.311 0.259 0.215 0.179 0.152 0.137 0.133 0.137 0.142 0.141
0.000 0.000 0.000 0.000 0.000 0.000 0.000 0.000 0.000 0.000 0.000 0.000 0.000 0.000 0.000 0.000 0.000 0.000 0.000 0.000 0.000 0.000 0.001 0.002 0.005 0.013 0.020 0.024 0.025 0.025 0.025 0.024 0.023 0.022 0.020 0.017 0.013 0.010 0.008 0.007 0.007 0.007 0.008 0.011 0.019 0.037 0.069 0.094 0.105 0.107 0.103 0.092 0.085 0.086 0.103 0.161 0.273 0.404 0.493 0.531 0.538 0.525 0.502 0.471 0.429 0.376 0.313 0.252 0.198 0.152 0.115 0.089 0.073 0.065 0.061 0.058 0.054
0.000 0.000 0.000 0.000 0.000 0.000 0.000 0.000 0.000 0.000 0.000 0.000 0.000 0.000 0.000 0.000 0.000 0.000 0.000 0.000 0.000 0.000 0.000 0.001 0.002 0.006 0.014 0.020 0.023 0.024 0.025 0.024 0.023 0.022 0.020 0.017 0.014 0.011 0.009 0.008 0.007 0.007 0.008 0.009 0.014 0.024 0.042 0.058 0.067 0.069 0.068 0.062 0.054 0.052 0.054 0.071 0.117 0.195 0.273 0.325 0.353 0.364 0.364 0.352 0.324 0.279 0.224 0.171 0.125 0.090 0.064 0.046 0.034 0.028 0.024 0.022 0.019
0.000 0.000 0.000 0.000 0.000 0.000 0.000 0.000 0.000 0.000 0.000 0.000 0.000 0.000 0.000 0.000 0.000 0.000 0.000 0.000 0.000 0.000 0.000 0.001 0.001 0.003 0.007 0.013 0.020 0.023 0.024 0.024 0.023 0.022 0.020 0.018 0.015 0.012 0.010 0.009 0.008 0.007 0.008 0.009 0.012 0.018 0.029 0.041 0.047 0.049 0.049 0.046 0.040 0.036 0.035 0.039 0.052 0.081 0.122 0.152 0.171 0.180 0.183 0.181 0.170 0.148 0.116 0.086 0.062 0.044 0.030 0.021 0.015 0.012 0.010 0.009 0.008
0.000 0.000 0.000 0.000 0.000 0.000 0.000 0.000 0.000 0.000 0.000 0.000 0.000 0.000 0.000 0.000 0.000 0.000 0.000 0.000 0.000 0.000 0.000 0.000 0.001 0.001 0.003 0.007 0.013 0.019 0.022 0.023 0.023 0.022 0.020 0.018 0.015 0.012 0.010 0.009 0.008 0.007 0.007 0.008 0.010 0.014 0.022 0.031 0.035 0.037 0.037 0.036 0.032 0.028 0.026 0.025 0.028 0.037 0.051 0.064 0.071 0.075 0.075 0.075 0.071 0.063 0.050 0.036 0.026 0.018 0.013 0.009 0.007 0.006 0.005 0.004 0.003
0.000 0.000 0.000 0.000 0.000 0.000 0.000 0.000 0.000 0.000 0.000 0.000 0.000 0.000 0.000 0.000 0.000 0.000 0.000 0.000 0.000 0.000 0.000 0.000 0.000 0.001 0.001 0.003 0.007 0.013 0.019 0.022 0.022 0.022 0.020 0.018 0.015 0.012 0.010 0.009 0.008 0.007 0.007 0.007 0.008 0.011 0.017 0.023 0.027 0.028 0.028 0.027 0.025 0.022 0.019 0.018 0.018 0.020 0.025 0.029 0.031 0.031 0.032 0.031 0.029 0.026 0.021 0.015 0.011 0.008 0.006 0.005 0.004 0.003 0.003 0.002 0.002
0.000 0.000 0.000 0.000 0.000 0.000 0.000 0.000 0.000 0.000 0.000 0.000 0.000 0.000 0.000 0.000 0.000 0.000 0.000 0.000 0.000 0.000 0.000 0.000 0.000 0.000 0.001 0.001 0.003 0.007 0.013 0.018 0.020 0.021 0.019 0.018 0.015 0.012 0.010 0.009 0.008 0.007 0.006 0.006 0.007 0.009 0.012 0.017 0.019 0.020 0.021 0.020 0.019 0.016 0.014 0.013 0.012 0.013 0.014 0.015 0.015 0.015 0.015 0.015 0.014 0.012 0.010 0.007 0.005 0.004 0.003 0.002 0.002 0.002 0.002 0.001 0.001
0.000 0.000 0.000 0.000 0.000 0.000 0.000 0.000 0.000 0.000 0.000 0.000 0.000 0.000 0.000 0.000 0.000 0.000 0.000 0.000 0.000 0.001 0.001 0.000 0.000 0.000 0.001 0.001 0.001 0.003 0.007 0.013 0.017 0.018 0.018 0.017 0.015 0.012 0.010 0.009 0.007 0.006 0.006 0.005 0.006 0.006 0.008 0.011 0.013 0.014 0.014 0.014 0.013 0.012 0.010 0.009 0.008 0.008 0.008 0.008 0.008 0.008 0.008 0.008 0.007 0.007 0.005 0.004 0.003 0.002 0.002 0.002 0.001 0.001 0.001 0.001 0.001
0.000 0.000 0.000 0.000 0.000 0.000 0.000 0.000 0.000 0.000 0.000 0.000 0.000 0.000 0.000 0.000 0.000 0.000 0.000 0.000 0.001 0.001 0.001 0.001 0.001 0.000 0.000 0.001 0.001 0.001 0.003 0.007 0.012 0.014 0.015 0.015 0.013 0.012 0.010 0.008 0.007 0.005 0.005 0.004 0.004 0.004 0.005 0.007 0.008 0.009 0.009 0.009 0.008 0.007 0.006 0.006 0.005 0.005 0.005 0.005 0.005 0.005 0.005 0.005 0.004 0.004 0.003 0.002 0.002 0.001 0.001 0.001 0.001 0.001 0.001 0.001 0.001
0.000 0.000 0.000 0.000 0.000 0.000 0.000 0.000 0.000 0.000 0.000 0.000 0.000 0.000 0.000 0.000 0.000 0.000 0.000 0.000 0.001 0.001 0.001 0.001 0.001 0.000 0.000 0.000 0.000 0.001 0.002 0.004 0.007 0.010 0.011 0.012 0.011 0.011 0.009 0.008 0.006 0.005 0.004 0.003 0.002 0.002 0.003 0.003 0.004 0.005 0.005 0.005 0.005 0.004 0.004 0.003 0.003 0.003 0.003 0.003 0.003 0.003 0.003 0.003 0.003 0.002 0.002 0.001 0.001 0.001 0.001 0.001 0.001 0.001 0.001 0.001 0.001
0.000 0.000 0.000 0.000 0.000 0.000 0.000 0.000 0.000 0.000 0.000 0.000 0.000 0.000 0.000 0.000 0.000 0.000 0.000 0.001 0.001 0.001 0.001 0.001 0.001 0.001 0.000 0.000 0.000 0.000 0.001 0.002 0.004 0.006 0.007 0.008 0.009 0.008 0.008 0.007 0.005 0.004 0.003 0.002 0.001 0.001 0.001 0.001 0.002 0.002 0.002 0.002 0.002 0.002 0.002 0.002 0.002 0.002 0.002 0.002 0.002 0.002 0.002 0.002 0.002 0.001 0.001 0.001 0.001 0.001 0.001 0.001 0.001 0.001 0.001 0.001 0.001
0.000 0.000 0.000 0.000 0.000 0.000 0.000 0.000 0.000 0.000 0.000 0.000 0.000 0.000 0.000 0.000 0.000 0.001 0.001 0.001 0.001 0.001 0.001 0.001 0.001 0.001 0.001 0.000 0.000 0.000 0.001 0.001 0.002 0.003 0.004 0.005 0.005 0.005 0.005 0.005 0.004 0.003 0.002 0.001 0.001 0.001 0.001 0.001 0.001 0.001 0.001 0.001 0.001 0.001 0.001 0.001 0.001 0.001 0.001 0.001 0.001 0.001 0.001 0.001 0.001 0.001 0.001 0.001 0.001 0.001 0.001 0.001 0.001 0.001 0.001 0.001 0.000
0.000 0.000 0.000 0.000 0.000 0.000 0.000 0.000 0.000 0.000 0.000 0.000 0.000 0.000 0.000 0.000 0.000 0.001 0.001 0.001 0.001 0.001 0.001 0.001 0.001 0.001 0.001 0.001 0.000 0.000 0.001 0.001 0.001 0.001 0.002 0.002 0.002 0.002 0.003 0.002 0.002 0.001 0.001 0.001 0.001 0.001 0.001 0.001 0.001 0.001 0.001 0.001 0.001 0.001 0.001 0.001 0.001 0.001 0.001 0.001 0.001 0.001 0.001 0.001 0.001 0.001 0.001 0.001 0.001 0.001 0.001 0.001 0.001 0.000 0.000 0.000 0.000
0.000 0.000 0.000 0.000 0.001 0.000 0.000 0.000 0.000 0.000 0.000 0.000 0.000 0.000 0.000 0.000 0.000 0.001 0.001 0.001 0.001 0.001 0.001 0.001 0.001 0.001 0.001 0.001 0.001 0.000 0.001 0.001 0.001 0.001 0.001 0.001 0.001 0.001 0.001 0.001 0.001 0.001 0.001 0.001 0.001 0.000 0.000 0.000 0.000 0.000 0.000 0.000 0.000 0.000 0.000 0.000 0.000 0.000 0.001 0.001 0.001 0.001 0.001 0.001 0.001 0.001 0.001 0.001 0.001 0.001 0.001 0.001 0.000 0.000 0.000 0.000 0.000
0.000 0.000 0.000 0.000 0.000 0.000 0.000 0.000 0.000 0.000 0.000 0.000 0.000 0.000 0.000 0.000 0.001 0.001 0.001 0.001 0.001 0.001 0.001 0.001 0.001 0.001 0.001 0.001 0.001 0.001 0.001 0.001 0.001 0.001 0.001 0.001 0.001 0.001 0.001 0.001 0.001 0.001 0.001 0.001 0.001 0.001 0.000 0.000 0.000 0.000 0.000 0.000 0.000 0.000 0.000 0.000 0.000 0.000 0.001 0.001 0.001 0.001 0.001 0.001 0.001 0.001 0.001 0.001 0.001 0.001 0.001 0.001 0.000 0.000 0.000 0.000 0.000
0.000 0.000 0.000 0.000 0.000 0.000 0.000 0.000 0.000 0.000 0.000 0.000 0.000 0.000 0.000 0.000 0.001 0.001 0.001 0.001 0.001 0.001 0.001 0.001 0.001 0.001 0.001 0.001 0.001 0.001 0.001 0.001 0.001 0.001 0.000 0.000 0.000 0.000 0.001 0.001 0.001 0.001 0.001 0.001 0.001 0.001 0.001 0.000 0.000 0.000 0.000 0.000 0.000 0.000 0.000 0.000 0.000 0.000 0.000 0.001 0.001 0.001 0.001 0.001 0.001 0.001 0.001 0.001 0.001 0.001 0.001 0.001 0.001 0.000 0.000 0.000 0.000
0.000 0.000 0.000 0.000 0.000 0.000 0.000 0.000 0.000 0.000 0.000 0.000 0.000 0.000 0.000 0.001 0.001 0.001 0.001 0.001 0.001 0.001 0.001 0.001 0.001 0.001 0.001 0.001 0.001 0.001 0.001 0.001 0.001 0.001 0.001 0.000 0.000 0.000 0.000 0.001 0.001 0.001 0.001 0.001 0.001 0.001 0.001 0.001 0.000 0.000 0.000 0.000 0.000 0.000 0.000 0.000 0.000 0.000 0.000 0.000 0.001 0.001 0.001 0.001 0.001 0.001 0.001 0.001 0.001 0.001 0.001 0.000 0.000 0.000 0.000 0.000 0.000
