RESULTS/r.avaflow_results/21_results/21_ascii/21_hflow30023.asc
ncols 506
nrows 317
xllcenter 498237.50
yllcenter 5580050.00
cellsize 12.50
NODATA_value -9999.000
[rows 170 to 203 of 317, columns 154 to 230 of 506]
8.820 8.651 8.483 8.306 8.103 7.877 7.654 7.451 7.271 7.103 6.940 6.775 6.584 6.311 5.898 5.323 4.601 3.777 2.953 2.215 1.587 1.096 0.754 0.544 0.428 0.373 0.357 0.360 0.382 0.437 0.529 0.625 0.689 0.730 0.760 0.786 0.802 0.807 0.798 0.773 0.728 0.666 0.600 0.535 0.462 0.385 0.321 0.271 0.232 0.197 0.164 0.135 0.107 0.081 0.057 0.037 0.023 0.013 0.007 0.003 0.001 0.000 0.000 0.000 0.000 0.000 0.000 0.000 0.000 0.000 0.000 0.000 0.000 0.000 0.000 0.000 0.000
12.319 12.480 12.516 12.480 12.360 12.142 11.850 11.529 11.220 10.924 10.641 10.365 10.076 9.720 9.215 8.503 7.577 6.472 5.273 4.115 3.069 2.181 1.498 1.037 0.761 0.611 0.541 0.522 0.537 0.585 0.664 0.742 0.790 0.813 0.825 0.830 0.827 0.818 0.799 0.764 0.708 0.637 0.564 0.493 0.414 0.325 0.248 0.188 0.143 0.112 0.092 0.076 0.061 0.046 0.033 0.022 0.014 0.008 0.004 0.002 0.001 0.000 0.000 0.000 0.000 0.000 0.000 0.000 0.000 0.000 0.000 0.000 0.000 0.000 0.000 0.000 0.000
15.796 16.311 16.495 16.492 16.363 16.096 15.740 15.356 14.984 14.622 14.274 13.944 13.617 13.246 12.752 12.031 11.026 9.760 8.308 6.801 5.343 4.000 2.855 1.981 1.390 1.026 0.820 0.720 0.684 0.688 0.719 0.768 0.803 0.817 0.820 0.815 0.801 0.778 0.745 0.691 0.613 0.527 0.449 0.371 0.287 0.205 0.142 0.101 0.077 0.062 0.052 0.044 0.035 0.027 0.020 0.013 0.008 0.005 0.002 0.001 0.000 0.000 0.000 0.000 0.000 0.000 0.000 0.000 0.000 0.000 0.000 0.000 0.000 0.000 0.000 0.000 0.000
18.303 19.142 19.516 19.579 19.487 19.260 18.952 18.619 18.276 17.916 17.537 17.167 16.811 16.430 15.951 15.262 14.297 13.068 11.640 10.056 8.370 6.652 4.985 3.569 2.489 1.737 1.259 0.978 0.822 0.749 0.732 0.750 0.768 0.770 0.760 0.737 0.703 0.661 0.604 0.519 0.417 0.327 0.257 0.197 0.145 0.102 0.073 0.054 0.043 0.036 0.031 0.026 0.021 0.016 0.012 0.008 0.005 0.003 0.001 0.000 0.000 0.000 0.000 0.000 0.000 0.000 0.000 0.000 0.000 0.000 0.000 0.000 0.000 0.000 0.000 0.000 0.000
19.655 20.729 21.354 21.624 21.697 21.636 21.504 21.324 21.095 20.795 20.412 19.991 19.590 19.179 18.696 18.031 17.109 15.930 14.543 13.002 11.331 9.519 7.544 5.562 3.879 2.599 1.734 1.214 0.921 0.772 0.709 0.685 0.668 0.647 0.615 0.566 0.508 0.445 0.372 0.289 0.215 0.163 0.125 0.095 0.071 0.053 0.040 0.032 0.027 0.023 0.019 0.016 0.013 0.010 0.007 0.004 0.003 0.001 0.001 0.000 0.000 0.000 0.000 0.000 0.000 0.000 0.000 0.000 0.000 0.000 0.000 0.000 0.000 0.000 0.000 0.000 0.000
19.982 21.171 22.016 22.577 22.937 23.145 23.240 23.230 23.140 22.927 22.559 22.073 21.616 21.179 20.698 20.076 19.236 18.150 16.819 15.265 13.516 11.575 9.391 6.968 4.813 3.142 2.007 1.336 0.962 0.760 0.647 0.568 0.502 0.440 0.380 0.324 0.277 0.234 0.191 0.145 0.108 0.082 0.063 0.049 0.039 0.031 0.025 0.020 0.017 0.015 0.012 0.010 0.008 0.006 0.004 0.002 0.001 0.001 0.000 0.000 0.000 0.000 0.000 0.000 0.000 0.000 0.000 0.000 0.000 0.000 0.000 0.000 0.000 0.000 0.000 0.000 0.000
19.772 21.022 21.994 22.733 23.325 23.780 24.055 24.156 24.153 24.018 23.673 23.130 22.631 22.200 21.744 21.170 20.415 19.435 18.183 16.633 14.800 12.713 10.340 7.639 5.208 3.340 2.086 1.359 0.954 0.710 0.545 0.418 0.321 0.251 0.199 0.164 0.140 0.119 0.097 0.075 0.058 0.045 0.036 0.029 0.023 0.019 0.016 0.014 0.012 0.010 0.008 0.006 0.005 0.003 0.002 0.001 0.000 0.000 0.000 0.000 0.000 0.000 0.000 0.000 0.000 0.000 0.000 0.000 0.000 0.000 0.000 0.000 0.000 0.000 0.000 0.000 0.000
19.033 20.407 21.572 22.518 23.271 23.826 24.155 24.286 24.303 24.205 23.877 23.312 22.795 22.384 21.951 21.404 20.689 19.772 18.591 17.071 15.204 13.028 10.545 7.733 5.223 3.306 2.032 1.295 0.869 0.598 0.406 0.274 0.191 0.138 0.104 0.085 0.073 0.062 0.052 0.041 0.033 0.027 0.022 0.019 0.015 0.013 0.011 0.009 0.008 0.006 0.005 0.004 0.003 0.002 0.001 0.000 0.000 0.000 0.000 0.000 0.000 0.000 0.000 0.000 0.000 0.000 0.000 0.000 0.000 0.000 0.000 0.000 0.000 0.000 0.000 0.000 0.000
17.848 19.366 20.723 21.882 22.804 23.443 23.790 23.911 23.919 23.816 23.502 22.961 22.431 21.999 21.546 20.989 20.294 19.427 18.305 16.826 14.964 12.748 10.172 7.319 4.842 2.977 1.764 1.070 0.665 0.411 0.253 0.160 0.107 0.076 0.057 0.047 0.040 0.035 0.030 0.025 0.021 0.018 0.015 0.013 0.011 0.009 0.007 0.006 0.005 0.004 0.003 0.002 0.001 0.001 0.000 0.000 0.000 0.000 0.000 0.000 0.000 0.000 0.000 0.000 0.000 0.000 0.000 0.000 0.000 0.000 0.000 0.000 0.000 0.000 0.000 0.000 0.000
16.389 18.002 19.468 20.744 21.763 22.465 22.839 22.951 22.922 22.755 22.437 21.997 21.490 20.952 20.370 19.734 19.023 18.185 17.114 15.671 13.794 11.502 8.831 6.108 3.855 2.227 1.215 0.664 0.371 0.216 0.133 0.087 0.060 0.043 0.034 0.029 0.025 0.022 0.019 0.016 0.014 0.012 0.010 0.009 0.007 0.006 0.005 0.004 0.003 0.002 0.001 0.001 0.000 0.000 0.000 0.000 0.000 0.000 0.000 0.000 0.000 0.000 0.000 0.000 0.000 0.000 0.000 0.000 0.000 0.000 0.000 0.000 0.000 0.000 0.000 0.000 0.000
14.698 16.310 17.787 19.099 20.184 20.971 21.419 21.545 21.469 21.218 20.914 20.612 20.166 19.484 18.680 17.905 17.118 16.228 15.087 13.542 11.517 9.038 6.385 4.041 2.307 1.198 0.598 0.306 0.168 0.102 0.068 0.048 0.035 0.027 0.022 0.019 0.017 0.015 0.013 0.011 0.009 0.008 0.007 0.006 0.005 0.004 0.003 0.002 0.001 0.001 0.000 0.000 0.000 0.000 0.000 0.000 0.000 0.000 0.000 0.000 0.000 0.000 0.000 0.000 0.000 0.000 0.000 0.000 0.000 0.000 0.000 0.000 0.000 0.000 0.000 0.000 0.000
12.763 14.278 15.723 17.091 18.307 19.261 19.852 20.052 19.996 19.762 19.469 19.168 18.687 17.887 16.909 15.973 15.031 13.931 12.484 10.565 8.121 5.571 3.457 1.974 1.037 0.512 0.250 0.130 0.076 0.051 0.037 0.028 0.023 0.018 0.016 0.013 0.012 0.010 0.009 0.008 0.006 0.005 0.004 0.003 0.003 0.002 0.001 0.001 0.001 0.000 0.000 0.000 0.000 0.000 0.000 0.000 0.000 0.000 0.000 0.000 0.000 0.000 0.000 0.000 0.000 0.000 0.000 0.000 0.000 0.000 0.000 0.000 0.000 0.000 0.000 0.000 0.000
10.646 12.030 13.438 14.880 16.273 17.428 18.198 18.520 18.518 18.323 17.993 17.556 16.910 16.005 14.953 13.873 12.702 11.226 9.237 6.816 4.468 2.678 1.470 0.760 0.383 0.193 0.101 0.058 0.039 0.029 0.023 0.019 0.016 0.013 0.011 0.010 0.008 0.007 0.006 0.005 0.004 0.003 0.002 0.002 0.001 0.001 0.000 0.000 0.000 0.000 0.000 0.000 0.000 0.000 0.000 0.000 0.000 0.000 0.000 0.000 0.000 0.000 0.000 0.000 0.000 0.000 0.000 0.000 0.000 0.000 0.000 0.000 0.000 0.000 0.000 0.000 0.000
8.534 9.763 11.058 12.467 13.925 15.179 16.063 16.494 16.555 16.369 15.898 15.179 14.268 13.241 12.144 10.929 9.461 7.546 5.345 3.356 1.914 0.986 0.482 0.244 0.131 0.074 0.045 0.030 0.023 0.019 0.016 0.013 0.011 0.010 0.008 0.007 0.006 0.005 0.004 0.003 0.002 0.002 0.001 0.001 0.000 0.000 0.000 0.000 0.000 0.000 0.000 0.000 0.000 0.000 0.000 0.000 0.000 0.000 0.000 0.000 0.000 0.000 0.000 0.000 0.000 0.000 0.000 0.000 0.000 0.000 0.000 0.000 0.000 0.000 0.000 0.000 0.000
6.472 7.471 8.509 9.625 10.805 11.869 12.671 13.108 13.199 13.011 12.421 11.437 10.202 8.989 7.826 6.585 5.167 3.614 2.224 1.208 0.591 0.280 0.144 0.082 0.051 0.034 0.025 0.019 0.016 0.013 0.011 0.010 0.008 0.007 0.006 0.005 0.004 0.003 0.002 0.002 0.001 0.001 0.000 0.000 0.000 0.000 0.000 0.000 0.000 0.000 0.000 0.000 0.000 0.000 0.000 0.000 0.000 0.000 0.000 0.000 0.000 0.000 0.000 0.000 0.000 0.000 0.000 0.000 0.000 0.000 0.000 0.000 0.000 0.000 0.000 0.000 0.000
4.374 4.960 5.516 6.059 6.628 7.213 7.712 8.011 8.086 7.943 7.417 6.499 5.376 4.403 3.577 2.799 1.992 1.215 0.646 0.313 0.153 0.084 0.052 0.035 0.026 0.020 0.016 0.014 0.012 0.010 0.009 0.007 0.006 0.005 0.004 0.003 0.002 0.001 0.001 0.001 0.000 0.000 0.000 0.000 0.000 0.000 0.000 0.000 0.000 0.000 0.000 0.000 0.000 0.000 0.000 0.000 0.000 0.000 0.000 0.000 0.000 0.000 0.000 0.000 0.000 0.000 0.000 0.000 0.000 0.000 0.000 0.000 0.000 0.000 0.000 0.000 0.000
2.483 2.689 2.855 2.999 3.139 3.303 3.469 3.570 3.594 3.526 3.263 2.768 2.113 1.575 1.174 0.843 0.541 0.303 0.158 0.085 0.051 0.035 0.026 0.021 0.017 0.014 0.012 0.010 0.009 0.008 0.006 0.005 0.004 0.003 0.002 0.002 0.001 0.001 0.000 0.000 0.000 0.000 0.000 0.000 0.000 0.000 0.000 0.000 0.000 0.000 0.000 0.000 0.000 0.000 0.000 0.000 0.000 0.000 0.000 0.000 0.000 0.000 0.000 0.000 0.000 0.000 0.000 0.000 0.000 0.000 0.000 0.000 0.000 0.000 0.000 0.000 0.000
1.139 1.167 1.179 1.180 1.175 1.176 1.194 1.202 1.195 1.160 1.057 0.868 0.617 0.430 0.308 0.215 0.139 0.083 0.051 0.034 0.026 0.021 0.017 0.015 0.013 0.011 0.009 0.008 0.007 0.005 0.004 0.003 0.002 0.002 0.001 0.001 0.000 0.000 0.000 0.000 0.000 0.000 0.000 0.000 0.000 0.000 0.000 0.000 0.000 0.000 0.000 0.000 0.000 0.000 0.000 0.000 0.000 0.000 0.000 0.000 0.000 0.000 0.000 0.000 0.000 0.000 0.000 0.000 0.000 0.000 0.000 0.000 0.000 0.000 0.000 0.000 0.000
0.426 0.419 0.412 0.404 0.394 0.382 0.371 0.361 0.350 0.333 0.300 0.244 0.172 0.122 0.090 0.066 0.047 0.034 0.025 0.020 0.017 0.015 0.013 0.012 0.010 0.009 0.007 0.006 0.005 0.004 0.003 0.002 0.001 0.001 0.000 0.000 0.000 0.000 0.000 0.000 0.000 0.000 0.000 0.000 0.000 0.000 0.000 0.000 0.000 0.000 0.000 0.000 0.000 0.000 0.000 0.000 0.000 0.000 0.000 0.000 0.000 0.000 0.000 0.000 0.000 0.000 0.000 0.000 0.000 0.000 0.000 0.000 0.000 0.000 0.000 0.000 0.000
0.155 0.151 0.148 0.145 0.141 0.134 0.125 0.118 0.112 0.105 0.094 0.079 0.059 0.046 0.036 0.029 0.024 0.020 0.017 0.015 0.013 0.012 0.010 0.009 0.008 0.007 0.006 0.004 0.003 0.002 0.002 0.001 0.001 0.000 0.000 0.000 0.000 0.000 0.000 0.000 0.000 0.000 0.000 0.000 0.000 0.000 0.000 0.000 0.000 0.000 0.000 0.000 0.000 0.000 0.000 0.000 0.000 0.000 0.000 0.000 0.000 0.000 0.000 0.000 0.000 0.000 0.000 0.000 0.000 0.000 0.000 0.000 0.000 0.000 0.000 0.000 0.000
0.064 0.062 0.061 0.060 0.058 0.055 0.051 0.048 0.045 0.042 0.039 0.035 0.029 0.024 0.021 0.018 0.016 0.014 0.013 0.011 0.010 0.009 0.008 0.007 0.006 0.005 0.004 0.003 0.002 0.001 0.001 0.000 0.000 0.000 0.000 0.000 0.000 0.000 0.000 0.000 0.000 0.000 0.000 0.000 0.000 0.000 0.000 0.000 0.000 0.000 0.000 0.000 0.000 0.000 0.000 0.000 0.000 0.000 0.000 0.000 0.000 0.000 0.000 0.000 0.000 0.000 0.000 0.000 0.000 0.000 0.000 0.000 0.000 0.000 0.000 0.000 0.000
0.032 0.031 0.031 0.031 0.030 0.029 0.027 0.025 0.024 0.023 0.022 0.020 0.018 0.017 0.015 0.013 0.012 0.011 0.010 0.009 0.008 0.007 0.007 0.006 0.005 0.004 0.003 0.002 0.001 0.001 0.000 0.000 0.000 0.000 0.000 0.000 0.000 0.000 0.000 0.000 0.000 0.000 0.000 0.000 0.000 0.000 0.000 0.000 0.000 0.000 0.000 0.000 0.000 0.000 0.000 0.000 0.000 0.000 0.000 0.000 0.000 0.000 0.000 0.000 0.000 0.000 0.000 0.000 0.000 0.000 0.000 0.000 0.000 0.000 0.000 0.000 0.000
0.019 0.019 0.019 0.019 0.018 0.018 0.017 0.016 0.016 0.015 0.015 0.014 0.013 0.012 0.011 0.010 0.010 0.009 0.008 0.007 0.007 0.006 0.005 0.004 0.004 0.003 0.002 0.001 0.001 0.000 0.000 0.000 0.000 0.000 0.000 0.000 0.000 0.000 0.000 0.000 0.000 0.000 0.000 0.000 0.000 0.000 0.000 0.000 0.000 0.000 0.000 0.000 0.000 0.000 0.000 0.000 0.000 0.000 0.000 0.000 0.000 0.000 0.000 0.000 0.000 0.000 0.000 0.000 0.000 0.000 0.000 0.000 0.000 0.000 0.000 0.000 0.000
0.013 0.013 0.013 0.013 0.013 0.012 0.012 0.012 0.011 0.011 0.011 0.010 0.010 0.009 0.009 0.008 0.008 0.007 0.006 0.006 0.005 0.004 0.004 0.003 0.003 0.002 0.002 0.001 0.001 0.000 0.000 0.000 0.000 0.000 0.000 0.000 0.000 0.000 0.000 0.000 0.000 0.000 0.000 0.000 0.000 0.000 0.000 0.000 0.000 0.000 0.000 0.000 0.000 0.000 0.000 0.000 0.000 0.000 0.000 0.000 0.000 0.000 0.000 0.000 0.000 0.000 0.000 0.000 0.000 0.000 0.000 0.000 0.000 0.000 0.000 0.000 0.000
0.009 0.009 0.009 0.009 0.009 0.009 0.009 0.009 0.008 0.008 0.008 0.008 0.008 0.007 0.007 0.007 0.006 0.005 0.005 0.004 0.004 0.003 0.003 0.002 0.002 0.002 0.001 0.001 0.000 0.000 0.000 0.000 0.000 0.000 0.000 0.000 0.000 0.000 0.000 0.000 0.000 0.000 0.000 0.000 0.000 0.000 0.000 0.000 0.000 0.000 0.000 0.000 0.000 0.000 0.000 0.000 0.000 0.000 0.000 0.000 0.000 0.000 0.000 0.000 0.000 0.000 0.000 0.000 0.000 0.000 0.000 0.000 0.000 0.000 0.000 0.000 0.000
0.007 0.007 0.007 0.007 0.007 0.007 0.007 0.007 0.006 0.006 0.006 0.006 0.006 0.006 0.005 0.005 0.005 0.004 0.003 0.003 0.003 0.002 0.002 0.002 0.002 0.001 0.001 0.001 0.000 0.000 0.000 0.000 0.000 0.000 0.000 0.000 0.000 0.000 0.000 0.000 0.000 0.000 0.000 0.000 0.000 0.000 0.000 0.000 0.000 0.000 0.000 0.000 0.000 0.000 0.000 0.000 0.000 0.000 0.000 0.000 0.000 0.000 0.000 0.000 0.000 0.000 0.000 0.000 0.000 0.000 0.000 0.000 0.000 0.000 0.000 0.000 0.000
0.005 0.005 0.005 0.005 0.005 0.005 0.005 0.005 0.005 0.005 0.005 0.005 0.005 0.004 0.004 0.004 0.003 0.003 0.002 0.002 0.002 0.002 0.002 0.001 0.001 0.001 0.001 0.001 0.000 0.000 0.000 0.000 0.000 0.000 0.000 0.000 0.000 0.000 0.000 0.000 0.000 0.000 0.000 0.000 0.000 0.000 0.000 0.000 0.000 0.000 0.000 0.000 0.000 0.000 0.000 0.000 0.000 0.000 0.000 0.000 0.000 0.000 0.000 0.000 0.000 0.000 0.000 0.000 0.000 0.000 0.000 0.000 0.000 0.000 0.000 0.000 0.000
0.003 0.003 0.003 0.003 0.004 0.004 0.004 0.004 0.004 0.004 0.004 0.004 0.003 0.003 0.003 0.003 0.002 0.002 0.002 0.002 0.002 0.001 0.001 0.001 0.001 0.001 0.001 0.001 0.000 0.000 0.000 0.000 0.000 0.000 0.000 0.000 0.000 0.000 0.000 0.000 0.000 0.000 0.000 0.000 0.000 0.000 0.000 0.000 0.000 0.000 0.000 0.000 0.000 0.000 0.000 0.000 0.000 0.000 0.000 0.000 0.000 0.000 0.000 0.000 0.000 0.000 0.000 0.000 0.000 0.000 0.000 0.000 0.000 0.000 0.000 0.000 0.000
0.002 0.002 0.002 0.002 0.002 0.003 0.003 0.003 0.003 0.003 0.003 0.003 0.003 0.003 0.002 0.002 0.002 0.001 0.001 0.001 0.001 0.001 0.002 0.002 0.001 0.001 0.001 0.001 0.000 0.000 0.000 0.000 0.000 0.000 0.000 0.000 0.000 0.000 0.000 0.000 0.000 0.000 0.000 0.000 0.000 0.000 0.000 0.000 0.000 0.000 0.000 0.000 0.000 0.000 0.000 0.000 0.000 0.000 0.000 0.000 0.000 0.000 0.000 0.000 0.000 0.000 0.000 0.000 0.000 0.000 0.000 0.000 0.000 0.000 0.000 0.000 0.000
0.001 0.001 0.001 0.001 0.002 0.002 0.002 0.002 0.002 0.002 0.002 0.002 0.002 0.002 0.002 0.002 0.001 0.001 0.001 0.001 0.002 0.002 0.002 0.002 0.001 0.001 0.001 0.000 0.000 0.000 0.000 0.000 0.000 0.000 0.000 0.000 0.000 0.000 0.000 0.000 0.000 0.000 0.000 0.000 0.000 0.000 0.000 0.000 0.000 0.000 0.000 0.000 0.000 0.000 0.000 0.000 0.000 0.000 0.000 0.000 0.000 0.000 0.000 0.000 0.000 0.000 0.000 0.000 0.000 0.000 0.000 0.000 0.000 0.000 0.000 0.000 0.000
0.000 0.000 0.001 0.001 0.001 0.001 0.001 0.001 0.001 0.001 0.001 0.001 0.001 0.001 0.001 0.001 0.001 0.001 0.001 0.002 0.002 0.002 0.002 0.001 0.001 0.001 0.001 0.000 0.000 0.000 0.000 0.000 0.000 0.000 0.000 0.000 0.000 0.000 0.000 0.000 0.000 0.000 0.000 0.000 0.000 0.000 0.000 0.000 0.000 0.000 0.000 0.000 0.000 0.000 0.000 0.000 0.000 0.000 0.000 0.000 0.000 0.000 0.000 0.000 0.000 0.000 0.000 0.000 0.000 0.000 0.000 0.000 0.000 0.000 0.000 0.000 0.000
0.000 0.000 0.000 0.000 0.000 0.000 0.001 0.001 0.001 0.001 0.001 0.001 0.001 0.001 0.001 0.001 0.001 0.001 0.001 0.001 0.001 0.001 0.001 0.001 0.001 0.001 0.000 0.000 0.000 0.000 0.000 0.000 0.000 0.000 0.000 0.000 0.000 0.000 0.000 0.000 0.000 0.000 0.000 0.000 0.000 0.000 0.000 0.000 0.000 0.000 0.000 0.000 0.000 0.000 0.000 0.000 0.000 0.000 0.000 0.000 0.000 0.000 0.000 0.000 0.000 0.000 0.000 0.000 0.000 0.000 0.000 0.000 0.000 0.000 0.000 0.000 0.000
0.000 0.000 0.000 0.000 0.000 0.000 0.000 0.000 0.001 0.001 0.001 0.001 0.001 0.001 0.001 0.001 0.001 0.001 0.001 0.001 0.001 0.001 0.001 0.001 0.001 0.001 0.000 0.000 0.000 0.000 0.000 0.000 0.000 0.000 0.000 0.000 0.000 0.000 0.000 0.000 0.000 0.000 0.000 0.000 0.000 0.000 0.000 0.000 0.000 0.000 0.000 0.000 0.000 0.000 0.000 0.000 0.000 0.000 0.000 0.000 0.000 0.000 0.000 0.000 0.000 0.000 0.000 0.000 0.000 0.000 0.000 0.000 0.000 0.000 0.000 0.000 0.000
0.000 0.000 0.000 0.000 0.000 0.000 0.000 0.000 0.000 0.000 0.001 0.001 0.001 0.001 0.001 0.001 0.001 0.001 0.001 0.001 0.001 0.001 0.001 0.001 0.001 0.000 0.000 0.000 0.000 0.000 0.000 0.000 0.000 0.000 0.000 0.000 0.000 0.000 0.000 0.000 0.000 0.000 0.000 0.000 0.000 0.000 0.000 0.000 0.000 0.000 0.000 0.000 0.000 0.000 0.000 0.000 0.000 0.000 0.000 0.000 0.000 0.000 0.000 0.000 0.000 0.000 0.000 0.000 0.000 0.000 0.000 0.000 0.000 0.000 0.000 0.000 0.000
