RESULTS/r.avaflow_results/21_results/21_ascii/21_hflow0033.asc
ncols 506
nrows 317
xllcenter 498237.50
yllcenter 5580050.00
cellsize 12.50
NODATA_value -9999.000
[rows 170 to 203 of 317, columns 154 to 230 of 506]
8.489 8.272 8.059 7.847 7.619 7.376 7.144 6.940 6.759 6.594 6.439 6.288 6.118 5.878 5.505 4.972 4.302 3.544 2.795 2.116 1.526 1.046 0.696 0.469 0.334 0.257 0.220 0.207 0.207 0.215 0.236 0.258 0.270 0.276 0.281 0.289 0.300 0.310 0.312 0.307 0.298 0.292 0.290 0.288 0.282 0.269 0.246 0.216 0.189 0.163 0.141 0.122 0.108 0.098 0.093 0.091 0.092 0.096 0.101 0.106 0.111 0.115 0.117 0.117 0.117 0.118 0.120 0.128 0.148 0.188 0.246 0.287 0.303 0.297 0.247 0.156 0.084
11.904 12.034 12.045 11.987 11.855 11.627 11.334 11.023 10.725 10.439 10.168 9.905 9.635 9.308 8.836 8.157 7.273 6.223 5.095 4.006 3.007 2.138 1.444 0.952 0.645 0.465 0.366 0.321 0.308 0.314 0.327 0.334 0.330 0.322 0.315 0.312 0.314 0.316 0.314 0.305 0.291 0.281 0.274 0.266 0.254 0.231 0.193 0.149 0.114 0.093 0.079 0.071 0.066 0.063 0.063 0.064 0.068 0.073 0.078 0.082 0.083 0.084 0.084 0.083 0.082 0.083 0.084 0.090 0.103 0.127 0.166 0.198 0.215 0.220 0.205 0.148 0.080
15.416 15.907 16.073 16.052 15.910 15.633 15.272 14.891 14.530 14.180 13.845 13.528 13.215 12.869 12.406 11.713 10.738 9.511 8.118 6.681 5.284 3.975 2.827 1.918 1.281 0.874 0.629 0.495 0.431 0.400 0.379 0.363 0.347 0.331 0.318 0.311 0.307 0.303 0.296 0.279 0.254 0.235 0.219 0.202 0.181 0.150 0.112 0.082 0.064 0.053 0.048 0.045 0.043 0.043 0.044 0.046 0.051 0.056 0.060 0.062 0.062 0.062 0.061 0.060 0.059 0.059 0.060 0.063 0.070 0.083 0.105 0.124 0.135 0.138 0.136 0.112 0.064
17.984 18.801 19.154 19.194 19.083 18.842 18.527 18.192 17.856 17.507 17.142 16.787 16.447 16.090 15.644 14.986 14.049 12.850 11.455 9.923 8.304 6.640 4.993 3.552 2.426 1.620 1.089 0.766 0.576 0.464 0.399 0.362 0.339 0.319 0.302 0.287 0.276 0.264 0.246 0.216 0.180 0.152 0.132 0.115 0.098 0.078 0.059 0.046 0.038 0.034 0.031 0.030 0.030 0.030 0.032 0.034 0.039 0.043 0.045 0.046 0.046 0.046 0.045 0.043 0.042 0.042 0.042 0.043 0.047 0.053 0.063 0.072 0.077 0.077 0.074 0.061 0.035
19.391 20.445 21.048 21.293 21.345 21.273 21.133 20.953 20.730 20.437 20.068 19.663 19.283 18.897 18.447 17.814 16.919 15.765 14.409 12.910 11.291 9.539 7.628 5.666 3.956 2.615 1.662 1.055 0.700 0.501 0.397 0.343 0.308 0.280 0.255 0.232 0.211 0.190 0.164 0.131 0.103 0.085 0.072 0.062 0.053 0.043 0.035 0.029 0.025 0.023 0.022 0.022 0.022 0.023 0.024 0.026 0.029 0.032 0.033 0.034 0.034 0.033 0.033 0.031 0.030 0.029 0.029 0.029 0.030 0.032 0.036 0.040 0.041 0.040 0.037 0.028 0.016
19.748 20.918 21.748 22.290 22.633 22.836 22.932 22.928 22.843 22.637 22.281 21.809 21.375 20.965 20.517 19.928 19.116 18.058 16.756 15.238 13.535 11.653 9.556 7.204 5.023 3.278 2.017 1.217 0.761 0.512 0.379 0.301 0.249 0.208 0.174 0.148 0.129 0.113 0.095 0.076 0.060 0.050 0.043 0.037 0.032 0.027 0.023 0.020 0.018 0.017 0.017 0.017 0.017 0.017 0.018 0.019 0.022 0.023 0.024 0.024 0.024 0.024 0.023 0.023 0.021 0.020 0.020 0.019 0.019 0.019 0.020 0.021 0.021 0.020 0.017 0.012 0.006
19.546 20.780 21.741 22.470 23.056 23.514 23.798 23.910 23.907 23.780 23.446 22.914 22.437 22.037 21.615 21.075 20.353 19.408 18.192 16.676 14.885 12.854 10.569 7.968 5.501 3.541 2.138 1.262 0.770 0.498 0.342 0.244 0.178 0.132 0.102 0.085 0.075 0.066 0.056 0.046 0.038 0.032 0.028 0.024 0.021 0.018 0.016 0.015 0.014 0.013 0.013 0.013 0.013 0.013 0.013 0.014 0.016 0.017 0.017 0.017 0.017 0.017 0.016 0.016 0.015 0.014 0.013 0.012 0.012 0.011 0.011 0.011 0.010 0.009 0.007 0.005 0.002
18.810 20.170 21.327 22.270 23.023 23.584 23.923 24.063 24.079 23.988 23.670 23.113 22.617 22.239 21.841 21.326 20.646 19.771 18.632 17.150 15.323 13.197 10.802 8.093 5.543 3.529 2.104 1.225 0.729 0.448 0.282 0.178 0.116 0.080 0.061 0.051 0.045 0.040 0.035 0.029 0.025 0.022 0.019 0.017 0.015 0.013 0.012 0.011 0.010 0.010 0.009 0.009 0.009 0.009 0.010 0.010 0.011 0.011 0.012 0.012 0.012 0.011 0.011 0.011 0.010 0.009 0.008 0.007 0.007 0.006 0.006 0.005 0.005 0.004 0.003 0.002 0.001
17.633 19.138 20.488 21.647 22.572 23.215 23.567 23.695 23.698 23.598 23.291 22.760 22.250 21.849 21.429 20.901 20.240 19.415 18.339 16.903 15.083 12.922 10.446 7.678 5.172 3.216 1.863 1.049 0.597 0.342 0.194 0.113 0.071 0.049 0.038 0.032 0.028 0.026 0.023 0.020 0.018 0.016 0.014 0.013 0.011 0.010 0.009 0.008 0.007 0.007 0.007 0.006 0.006 0.006 0.006 0.007 0.007 0.007 0.007 0.007 0.007 0.007 0.007 0.007 0.006 0.005 0.004 0.004 0.003 0.003 0.003 0.002 0.002 0.001 0.001 0.000 0.000
16.192 17.795 19.252 20.522 21.539 22.242 22.620 22.731 22.689 22.514 22.200 21.778 21.295 20.780 20.221 19.614 18.937 18.142 17.123 15.731 13.905 11.678 9.110 6.441 4.168 2.462 1.335 0.694 0.362 0.192 0.107 0.064 0.043 0.031 0.025 0.022 0.019 0.018 0.016 0.014 0.013 0.012 0.010 0.009 0.008 0.007 0.006 0.006 0.005 0.005 0.004 0.004 0.004 0.004 0.004 0.004 0.004 0.004 0.004 0.004 0.004 0.004 0.004 0.004 0.003 0.003 0.002 0.002 0.002 0.001 0.001 0.001 0.001 0.000 0.000 0.000 0.000
14.523 16.124 17.588 18.889 19.970 20.759 21.207 21.325 21.227 20.959 20.660 20.388 19.971 19.302 18.510 17.766 17.017 16.176 15.090 13.600 11.633 9.230 6.648 4.321 2.550 1.360 0.668 0.323 0.164 0.091 0.055 0.037 0.027 0.021 0.018 0.016 0.014 0.013 0.012 0.011 0.010 0.009 0.008 0.007 0.006 0.005 0.004 0.004 0.003 0.003 0.002 0.002 0.002 0.002 0.002 0.002 0.002 0.002 0.002 0.002 0.002 0.002 0.002 0.002 0.002 0.001 0.001 0.001 0.000 0.000 0.000 0.000 0.000 0.000 0.000 0.000 0.000
12.606 14.109 15.537 16.894 18.110 19.072 19.671 19.873 19.803 19.557 19.270 18.987 18.523 17.730 16.762 15.867 14.972 13.925 12.527 10.659 8.263 5.738 3.619 2.116 1.145 0.574 0.273 0.133 0.073 0.045 0.031 0.024 0.019 0.016 0.013 0.012 0.011 0.010 0.009 0.008 0.007 0.006 0.005 0.004 0.004 0.003 0.003 0.002 0.002 0.001 0.001 0.001 0.001 0.001 0.001 0.001 0.001 0.001 0.001 0.001 0.001 0.001 0.001 0.001 0.000 0.000 0.000 0.000 0.000 0.000 0.000 0.000 0.000 0.000 0.000 0.000 0.000
10.503 11.870 13.265 14.698 16.103 17.279 18.070 18.398 18.383 18.178 17.848 17.421 16.785 15.889 14.856 13.823 12.709 11.282 9.326 6.903 4.543 2.736 1.516 0.798 0.410 0.207 0.105 0.058 0.037 0.026 0.020 0.016 0.014 0.012 0.010 0.009 0.008 0.007 0.006 0.005 0.005 0.004 0.003 0.003 0.002 0.002 0.001 0.001 0.001 0.000 0.000 0.000 0.000 0.000 0.000 0.000 0.000 0.000 0.000 0.000 0.000 0.000 0.000 0.000 0.000 0.000 0.000 0.000 0.000 0.000 0.000 0.000 0.000 0.000 0.000 0.000 0.000
8.412 9.620 10.905 12.310 13.784 15.064 15.973 16.411 16.459 16.258 15.775 15.048 14.140 13.130 12.062 10.892 9.479 7.597 5.369 3.346 1.899 0.976 0.479 0.246 0.134 0.076 0.045 0.030 0.022 0.018 0.014 0.012 0.010 0.009 0.008 0.007 0.006 0.005 0.004 0.004 0.003 0.002 0.002 0.001 0.001 0.001 0.000 0.000 0.000 0.000 0.000 0.000 0.000 0.000 0.000 0.000 0.000 0.000 0.000 0.000 0.000 0.000 0.000 0.000 0.000 0.000 0.000 0.000 0.000 0.000 0.000 0.000 0.000 0.000 0.000 0.000 0.000
6.376 7.357 8.385 9.491 10.666 11.741 12.559 13.003 13.081 12.880 12.274 11.270 10.026 8.834 7.702 6.494 5.105 3.562 2.160 1.152 0.556 0.263 0.137 0.080 0.051 0.034 0.025 0.019 0.015 0.013 0.011 0.009 0.008 0.007 0.006 0.005 0.004 0.003 0.003 0.002 0.002 0.001 0.001 0.000 0.000 0.000 0.000 0.000 0.000 0.000 0.000 0.000 0.000 0.000 0.000 0.000 0.000 0.000 0.000 0.000 0.000 0.000 0.000 0.000 0.000 0.000 0.000 0.000 0.000 0.000 0.000 0.000 0.000 0.000 0.000 0.000 0.000
4.319 4.881 5.413 5.927 6.463 7.029 7.530 7.831 7.898 7.749 7.219 6.302 5.185 4.231 3.427 2.676 1.896 1.138 0.590 0.280 0.137 0.077 0.049 0.035 0.026 0.021 0.017 0.014 0.012 0.010 0.008 0.007 0.006 0.005 0.004 0.003 0.002 0.002 0.001 0.001 0.001 0.000 0.000 0.000 0.000 0.000 0.000 0.000 0.000 0.000 0.000 0.000 0.000 0.000 0.000 0.000 0.000 0.000 0.000 0.000 0.000 0.000 0.000 0.000 0.000 0.000 0.000 0.000 0.000 0.000 0.000 0.000 0.000 0.000 0.000 0.000 0.000
2.466 2.650 2.783 2.888 2.992 3.131 3.292 3.391 3.410 3.343 3.086 2.602 1.965 1.448 1.071 0.766 0.488 0.269 0.138 0.075 0.047 0.033 0.026 0.021 0.018 0.015 0.013 0.011 0.010 0.008 0.007 0.005 0.004 0.003 0.002 0.002 0.001 0.001 0.000 0.000 0.000 0.000 0.000 0.000 0.000 0.000 0.000 0.000 0.000 0.000 0.000 0.000 0.000 0.000 0.000 0.000 0.000 0.000 0.000 0.000 0.000 0.000 0.000 0.000 0.000 0.000 0.000 0.000 0.000 0.000 0.000 0.000 0.000 0.000 0.000 0.000 0.000
1.112 1.120 1.109 1.088 1.068 1.062 1.080 1.088 1.080 1.048 0.955 0.780 0.548 0.380 0.271 0.189 0.122 0.074 0.046 0.032 0.025 0.021 0.018 0.016 0.014 0.012 0.011 0.009 0.008 0.006 0.005 0.004 0.003 0.002 0.001 0.001 0.000 0.000 0.000 0.000 0.000 0.000 0.000 0.000 0.000 0.000 0.000 0.000 0.000 0.000 0.000 0.000 0.000 0.000 0.000 0.000 0.000 0.000 0.000 0.000 0.000 0.000 0.000 0.000 0.000 0.000 0.000 0.000 0.000 0.000 0.000 0.000 0.000 0.000 0.000 0.000 0.000
0.401 0.387 0.373 0.361 0.347 0.333 0.323 0.314 0.304 0.290 0.261 0.213 0.150 0.106 0.079 0.059 0.043 0.032 0.025 0.020 0.018 0.016 0.014 0.013 0.012 0.010 0.009 0.008 0.006 0.005 0.004 0.003 0.002 0.001 0.001 0.000 0.000 0.000 0.000 0.000 0.000 0.000 0.000 0.000 0.000 0.000 0.000 0.000 0.000 0.000 0.000 0.000 0.000 0.000 0.000 0.000 0.000 0.000 0.000 0.000 0.000 0.000 0.000 0.000 0.000 0.000 0.000 0.000 0.000 0.000 0.000 0.000 0.000 0.000 0.000 0.000 0.000
0.145 0.138 0.133 0.129 0.124 0.117 0.109 0.102 0.097 0.091 0.082 0.070 0.053 0.042 0.034 0.028 0.024 0.020 0.018 0.016 0.014 0.013 0.012 0.011 0.010 0.009 0.008 0.006 0.005 0.004 0.002 0.002 0.001 0.000 0.000 0.000 0.000 0.000 0.000 0.000 0.000 0.000 0.000 0.000 0.000 0.000 0.000 0.000 0.000 0.000 0.000 0.000 0.000 0.000 0.000 0.000 0.000 0.000 0.000 0.000 0.000 0.000 0.000 0.000 0.000 0.000 0.000 0.000 0.000 0.000 0.000 0.000 0.000 0.000 0.000 0.000 0.000
0.061 0.058 0.057 0.055 0.053 0.050 0.047 0.043 0.041 0.038 0.036 0.033 0.028 0.024 0.021 0.019 0.017 0.015 0.014 0.013 0.012 0.011 0.010 0.009 0.008 0.007 0.006 0.005 0.004 0.003 0.002 0.001 0.000 0.000 0.000 0.000 0.000 0.000 0.000 0.000 0.000 0.000 0.000 0.000 0.000 0.000 0.000 0.000 0.000 0.000 0.000 0.000 0.000 0.000 0.000 0.000 0.000 0.000 0.000 0.000 0.000 0.000 0.000 0.000 0.000 0.000 0.000 0.000 0.000 0.000 0.000 0.000 0.000 0.000 0.000 0.000 0.000
0.032 0.031 0.030 0.029 0.029 0.027 0.026 0.024 0.023 0.022 0.021 0.020 0.019 0.017 0.016 0.014 0.013 0.013 0.012 0.011 0.010 0.010 0.009 0.008 0.007 0.006 0.005 0.004 0.003 0.002 0.001 0.000 0.000 0.000 0.000 0.000 0.000 0.000 0.000 0.000 0.000 0.000 0.000 0.000 0.000 0.000 0.000 0.000 0.000 0.000 0.000 0.000 0.000 0.000 0.000 0.000 0.000 0.000 0.000 0.000 0.000 0.000 0.000 0.000 0.000 0.000 0.000 0.000 0.000 0.000 0.000 0.000 0.000 0.000 0.000 0.000 0.000
0.020 0.019 0.019 0.019 0.019 0.018 0.017 0.017 0.016 0.016 0.015 0.015 0.014 0.014 0.013 0.012 0.011 0.011 0.010 0.009 0.009 0.008 0.008 0.007 0.006 0.006 0.005 0.004 0.003 0.002 0.001 0.000 0.000 0.000 0.000 0.000 0.000 0.000 0.000 0.000 0.000 0.000 0.000 0.000 0.000 0.000 0.000 0.000 0.000 0.000 0.000 0.000 0.000 0.000 0.000 0.000 0.000 0.000 0.000 0.000 0.000 0.000 0.000 0.000 0.000 0.000 0.000 0.000 0.000 0.000 0.000 0.000 0.000 0.000 0.000 0.000 0.000
0.014 0.014 0.014 0.014 0.013 0.013 0.013 0.012 0.012 0.012 0.012 0.012 0.011 0.011 0.011 0.010 0.010 0.009 0.009 0.008 0.008 0.007 0.007 0.006 0.006 0.005 0.004 0.004 0.003 0.002 0.001 0.000 0.000 0.000 0.000 0.000 0.000 0.000 0.000 0.000 0.000 0.000 0.000 0.000 0.000 0.000 0.000 0.000 0.000 0.000 0.000 0.000 0.000 0.000 0.000 0.000 0.000 0.000 0.000 0.000 0.000 0.000 0.000 0.000 0.000 0.000 0.000 0.000 0.000 0.000 0.000 0.000 0.000 0.000 0.000 0.000 0.000
0.010 0.010 0.010 0.010 0.010 0.010 0.010 0.010 0.010 0.010 0.010 0.010 0.009 0.009 0.009 0.009 0.008 0.008 0.008 0.007 0.007 0.007 0.006 0.006 0.006 0.005 0.005 0.004 0.003 0.002 0.001 0.000 0.000 0.000 0.000 0.000 0.000 0.000 0.000 0.000 0.000 0.000 0.000 0.000 0.000 0.000 0.000 0.000 0.000 0.000 0.000 0.000 0.000 0.000 0.000 0.000 0.000 0.000 0.000 0.000 0.000 0.000 0.000 0.000 0.000 0.000 0.000 0.000 0.000 0.000 0.000 0.000 0.000 0.000 0.000 0.000 0.000
0.008 0.008 0.008 0.008 0.008 0.008 0.008 0.008 0.008 0.008 0.008 0.008 0.008 0.008 0.008 0.008 0.007 0.007 0.007 0.007 0.007 0.007 0.007 0.007 0.007 0.006 0.006 0.005 0.004 0.002 0.001 0.000 0.000 0.000 0.000 0.000 0.000 0.000 0.000 0.000 0.000 0.000 0.000 0.000 0.000 0.000 0.000 0.000 0.000 0.000 0.000 0.000 0.000 0.000 0.000 0.000 0.000 0.000 0.000 0.000 0.000 0.000 0.000 0.000 0.000 0.000 0.000 0.000 0.000 0.000 0.000 0.000 0.000 0.000 0.000 0.000 0.000
0.006 0.006 0.006 0.006 0.006 0.006 0.006 0.007 0.007 0.007 0.007 0.007 0.007 0.007 0.006 0.006 0.006 0.006 0.006 0.007 0.007 0.008 0.008 0.008 0.008 0.008 0.008 0.006 0.004 0.002 0.001 0.000 0.000 0.000 0.000 0.000 0.000 0.000 0.000 0.000 0.000 0.000 0.000 0.000 0.000 0.000 0.000 0.000 0.000 0.000 0.000 0.000 0.000 0.000 0.000 0.000 0.000 0.000 0.000 0.000 0.000 0.000 0.000 0.000 0.000 0.000 0.000 0.000 0.000 0.000 0.000 0.000 0.000 0.000 0.000 0.000 0.000
0.004 0.004 0.004 0.005 0.005 0.005 0.005 0.005 0.005 0.005 0.005 0.006 0.005 0.005 0.006 0.006 0.006 0.006 0.007 0.008 0.009 0.010 0.011 0.011 0.011 0.010 0.009 0.007 0.004 0.002 0.001 0.000 0.000 0.000 0.000 0.000 0.000 0.000 0.000 0.000 0.000 0.000 0.000 0.000 0.000 0.000 0.000 0.000 0.000 0.000 0.000 0.000 0.000 0.000 0.000 0.000 0.000 0.000 0.000 0.000 0.000 0.000 0.000 0.000 0.000 0.000 0.000 0.000 0.000 0.000 0.000 0.000 0.000 0.000 0.000 0.000 0.000
0.003 0.003 0.003 0.003 0.004 0.004 0.004 0.004 0.004 0.004 0.005 0.005 0.005 0.005 0.005 0.005 0.006 0.007 0.009 0.010 0.012 0.013 0.013 0.013 0.013 0.012 0.010 0.007 0.004 0.002 0.001 0.000 0.000 0.000 0.000 0.000 0.000 0.000 0.000 0.000 0.000 0.000 0.000 0.000 0.000 0.000 0.000 0.000 0.000 0.000 0.000 0.000 0.000 0.000 0.000 0.000 0.000 0.000 0.000 0.000 0.000 0.000 0.000 0.000 0.000 0.000 0.000 0.000 0.000 0.000 0.000 0.000 0.000 0.000 0.000 0.000 0.000
0.002 0.002 0.002 0.002 0.002 0.003 0.003 0.003 0.003 0.004 0.004 0.004 0.004 0.004 0.005 0.006 0.007 0.009 0.011 0.013 0.014 0.015 0.015 0.014 0.013 0.012 0.010 0.007 0.004 0.002 0.001 0.000 0.000 0.000 0.000 0.000 0.000 0.000 0.000 0.000 0.000 0.000 0.000 0.000 0.000 0.000 0.000 0.000 0.000 0.000 0.000 0.000 0.000 0.000 0.000 0.000 0.000 0.000 0.000 0.000 0.000 0.000 0.000 0.000 0.000 0.000 0.000 0.000 0.000 0.000 0.000 0.000 0.000 0.000 0.000 0.000 0.000
0.001 0.001 0.001 0.001 0.002 0.002 0.002 0.002 0.003 0.003 0.003 0.003 0.004 0.004 0.005 0.007 0.009 0.011 0.013 0.015 0.015 0.015 0.015 0.015 0.013 0.012 0.010 0.007 0.004 0.002 0.001 0.000 0.000 0.000 0.000 0.000 0.000 0.000 0.000 0.000 0.000 0.000 0.000 0.000 0.000 0.000 0.000 0.000 0.000 0.000 0.000 0.000 0.000 0.000 0.000 0.000 0.000 0.000 0.000 0.000 0.000 0.000 0.000 0.000 0.000 0.000 0.000 0.000 0.000 0.000 0.000 0.000 0.000 0.000 0.000 0.000 0.000
0.001 0.001 0.001 0.001 0.001 0.001 0.001 0.002 0.002 0.002 0.003 0.003 0.004 0.004 0.006 0.008 0.010 0.013 0.014 0.015 0.015 0.015 0.015 0.014 0.013 0.012 0.009 0.007 0.004 0.002 0.001 0.000 0.000 0.000 0.000 0.000 0.000 0.000 0.000 0.000 0.000 0.000 0.000 0.000 0.000 0.000 0.000 0.000 0.000 0.000 0.000 0.000 0.000 0.000 0.000 0.000 0.000 0.000 0.000 0.000 0.000 0.000 0.000 0.000 0.000 0.000 0.000 0.000 0.000 0.000 0.000 0.000 0.000 0.000 0.000 0.000 0.000
0.000 0.000 0.000 0.000 0.000 0.000 0.001 0.001 0.001 0.002 0.002 0.003 0.003 0.004 0.006 0.008 0.011 0.013 0.014 0.015 0.015 0.015 0.015 0.014 0.013 0.011 0.009 0.006 0.004 0.002 0.001 0.000 0.000 0.000 0.000 0.000 0.000 0.000 0.000 0.000 0.000 0.000 0.000 0.000 0.000 0.000 0.000 0.000 0.000 0.000 0.000 0.000 0.000 0.000 0.000 0.000 0.000 0.000 0.000 0.000 0.000 0.000 0.000 0.000 0.000 0.000 0.000 0.000 0.000 0.000 0.000 0.000 0.000 0.000 0.000 0.000 0.000
0.000 0.000 0.000 0.000 0.000 0.000 0.000 0.000 0.001 0.001 0.002 0.002 0.003 0.004 0.006 0.008 0.010 0.013 0.014 0.015 0.015 0.015 0.014 0.013 0.012 0.010 0.008 0.005 0.003 0.002 0.000 0.000 0.000 0.000 0.000 0.000 0.000 0.000 0.000 0.000 0.000 0.000 0.000 0.000 0.000 0.000 0.000 0.000 0.000 0.000 0.000 0.000 0.000 0.000 0.000 0.000 0.000 0.000 0.000 0.000 0.000 0.000 0.000 0.000 0.000 0.000 0.000 0.000 0.000 0.000 0.000 0.000 0.000 0.000 0.000 0.000 0.000
