RESULTS/r.avaflow_results/21_results/21_ascii/21_hflow_max0017.asc
ncols 506
nrows 317
xllcenter 498237.50
yllcenter 5580050.00
cellsize 12.50
NODATA_value -9999.000
[rows 170 to 203 of 317, columns 77 to 153 of 506]
0.000 0.000 0.000 0.000 0.000 0.000 0.000 0.000 0.000 0.000 0.000 0.000 0.000 0.000 0.000 0.000 0.000 0.000 0.000 0.000 0.000 0.001 0.002 0.005 0.010 0.016 0.022 0.025 0.027 0.028 0.028 0.047 0.073 0.107 0.146 0.191 0.245 0.304 0.359 0.401 0.423 0.432 0.441 0.458 0.494 0.552 0.628 0.746 0.969 1.303 1.669 2.018 2.478 3.276 4.625 6.550 9.156 12.455 15.546 18.123 20.181 21.344 21.704 21.389 21.024 20.428 19.827 19.201 18.550 17.753 16.536 15.148 13.868 13.519 13.247 13.015 12.849
0.000 0.000 0.000 0.000 0.000 0.000 0.000 0.000 0.000 0.000 0.000 0.000 0.000 0.000 0.000 0.000 0.000 0.000 0.000 0.000 0.001 0.002 0.005 0.010 0.017 0.025 0.033 0.038 0.041 0.042 0.059 0.098 0.148 0.207 0.273 0.349 0.438 0.532 0.622 0.693 0.732 0.754 0.780 0.822 0.898 1.009 1.156 1.362 1.609 1.858 2.105 2.417 2.882 3.663 5.121 7.299 10.079 13.557 16.687 19.352 21.151 22.171 22.141 21.655 21.175 20.698 20.009 19.212 18.324 17.381 16.367 15.827 15.631 15.509 15.516 15.757 16.236
0.000 0.000 0.000 0.000 0.000 0.000 0.000 0.000 0.000 0.000 0.000 0.000 0.000 0.000 0.000 0.000 0.000 0.000 0.000 0.001 0.002 0.005 0.010 0.016 0.025 0.037 0.047 0.055 0.058 0.066 0.119 0.191 0.278 0.374 0.479 0.598 0.728 0.852 0.969 1.077 1.156 1.210 1.272 1.365 1.495 1.659 1.833 2.010 2.173 2.346 2.570 2.846 3.216 3.882 5.215 7.717 10.265 13.788 16.966 19.554 21.410 22.106 21.960 21.471 21.119 20.583 19.848 19.028 18.220 17.919 17.654 17.412 17.234 17.211 17.428 18.096 19.093
0.000 0.000 0.000 0.000 0.000 0.000 0.000 0.000 0.000 0.000 0.000 0.000 0.000 0.000 0.000 0.000 0.000 0.000 0.000 0.002 0.004 0.009 0.015 0.024 0.037 0.052 0.067 0.076 0.084 0.128 0.229 0.350 0.482 0.628 0.772 0.898 1.012 1.118 1.221 1.340 1.456 1.563 1.683 1.823 1.981 2.163 2.351 2.528 2.669 2.805 3.010 3.246 3.479 3.939 5.039 7.216 9.973 13.342 16.532 19.089 20.799 21.407 21.360 21.074 20.653 20.101 19.617 19.365 19.156 18.929 18.624 18.348 18.222 18.324 18.786 19.822 21.181
0.000 0.000 0.000 0.000 0.000 0.000 0.000 0.000 0.000 0.000 0.000 0.000 0.000 0.000 0.000 0.000 0.000 0.000 0.001 0.003 0.007 0.013 0.021 0.033 0.049 0.070 0.089 0.106 0.121 0.241 0.413 0.593 0.763 0.913 1.033 1.124 1.194 1.272 1.354 1.448 1.566 1.718 1.889 2.061 2.282 2.510 2.716 2.901 3.030 3.136 3.301 3.537 3.743 4.047 4.883 6.594 9.264 12.641 15.951 18.407 19.872 20.459 20.457 20.310 20.215 20.104 19.951 19.754 19.530 19.259 18.977 18.640 18.626 18.913 19.619 20.772 22.106
0.000 0.000 0.000 0.000 0.000 0.000 0.000 0.000 0.000 0.000 0.000 0.000 0.000 0.000 0.000 0.000 0.000 0.000 0.001 0.003 0.008 0.016 0.026 0.040 0.059 0.084 0.109 0.139 0.222 0.436 0.685 0.887 1.033 1.135 1.208 1.264 1.307 1.356 1.415 1.475 1.572 1.732 1.918 2.111 2.382 2.663 2.887 3.059 3.192 3.296 3.456 3.642 3.800 4.028 4.735 6.022 8.212 11.376 14.715 17.175 18.601 19.240 19.503 19.745 19.956 19.983 19.925 19.774 19.570 19.315 18.956 18.615 18.600 18.918 19.744 20.888 22.079
0.000 0.000 0.000 0.000 0.000 0.000 0.000 0.000 0.000 0.000 0.000 0.000 0.000 0.000 0.000 0.000 0.000 0.000 0.001 0.004 0.009 0.018 0.029 0.045 0.066 0.093 0.125 0.184 0.394 0.711 0.977 1.138 1.239 1.296 1.327 1.349 1.376 1.407 1.445 1.485 1.564 1.706 1.875 2.070 2.340 2.631 2.849 3.032 3.185 3.304 3.422 3.597 3.759 3.924 4.377 5.273 6.901 9.620 13.116 15.716 17.207 17.979 18.515 19.004 19.363 19.596 19.553 19.373 19.137 18.832 18.362 18.061 18.041 18.283 18.981 20.110 21.290
0.000 0.000 0.000 0.000 0.000 0.000 0.000 0.000 0.000 0.000 0.000 0.000 0.000 0.000 0.000 0.000 0.000 0.000 0.001 0.004 0.010 0.019 0.031 0.048 0.070 0.099 0.144 0.327 0.640 0.975 1.209 1.334 1.388 1.409 1.405 1.403 1.418 1.439 1.465 1.494 1.553 1.664 1.793 1.956 2.157 2.407 2.661 2.866 3.053 3.200 3.303 3.408 3.547 3.736 3.974 4.557 5.789 8.192 11.561 14.225 15.760 16.692 17.382 18.022 18.488 18.637 18.569 18.441 18.116 17.607 16.996 16.613 16.513 16.767 17.543 18.749 20.153
0.000 0.000 0.000 0.000 0.000 0.000 0.000 0.000 0.000 0.000 0.000 0.000 0.000 0.000 0.000 0.000 0.000 0.000 0.001 0.004 0.010 0.019 0.032 0.050 0.073 0.107 0.258 0.558 0.924 1.200 1.382 1.473 1.491 1.479 1.457 1.444 1.452 1.464 1.482 1.505 1.536 1.613 1.699 1.811 1.951 2.108 2.299 2.513 2.705 2.830 3.021 3.194 3.315 3.411 3.534 3.917 4.968 7.164 10.325 12.682 14.147 15.274 16.103 16.704 17.034 17.198 17.163 16.917 16.415 15.693 15.012 14.702 14.695 15.094 16.010 17.312 18.876
0.000 0.000 0.000 0.000 0.000 0.000 0.000 0.000 0.000 0.000 0.000 0.000 0.000 0.000 0.000 0.000 0.000 0.000 0.001 0.004 0.010 0.020 0.033 0.050 0.076 0.195 0.451 0.840 1.173 1.387 1.505 1.553 1.552 1.523 1.497 1.483 1.487 1.491 1.494 1.502 1.512 1.548 1.615 1.676 1.718 1.742 1.847 2.141 2.378 2.573 2.728 2.837 2.927 3.005 3.073 3.249 4.196 6.219 9.045 11.052 12.441 13.519 14.249 14.740 15.141 15.217 15.104 14.748 14.107 13.265 12.656 12.495 12.692 13.360 14.597 16.105 17.614
0.000 0.000 0.000 0.000 0.000 0.000 0.000 0.000 0.000 0.000 0.000 0.000 0.000 0.000 0.000 0.000 0.000 0.000 0.001 0.004 0.010 0.020 0.033 0.052 0.138 0.342 0.732 1.108 1.360 1.516 1.586 1.600 1.587 1.560 1.541 1.527 1.524 1.517 1.504 1.498 1.495 1.497 1.514 1.521 1.485 1.384 1.495 1.784 1.979 2.103 2.179 2.258 2.345 2.437 2.526 2.712 3.479 5.290 7.726 9.370 10.612 11.419 11.951 12.455 12.773 12.844 12.731 12.358 11.705 11.059 10.780 10.820 11.268 12.182 13.485 14.866 16.276
0.000 0.000 0.000 0.000 0.000 0.000 0.000 0.000 0.000 0.000 0.000 0.000 0.000 0.000 0.000 0.000 0.000 0.000 0.001 0.003 0.009 0.019 0.035 0.098 0.248 0.574 1.006 1.314 1.488 1.586 1.628 1.632 1.617 1.609 1.609 1.591 1.562 1.536 1.517 1.489 1.456 1.427 1.382 1.300 1.153 1.075 1.148 1.240 1.362 1.452 1.525 1.609 1.711 1.838 2.042 2.347 2.836 4.266 6.263 7.715 8.824 9.458 9.909 10.192 10.334 10.350 10.214 9.851 9.349 8.998 8.913 9.111 9.720 10.742 12.070 13.445 14.726
0.000 0.000 0.000 0.000 0.000 0.000 0.000 0.000 0.000 0.000 0.000 0.000 0.000 0.000 0.000 0.000 0.000 0.000 0.001 0.002 0.008 0.025 0.070 0.182 0.439 0.866 1.224 1.443 1.557 1.613 1.647 1.658 1.665 1.680 1.673 1.639 1.599 1.555 1.511 1.454 1.384 1.295 1.149 1.027 0.922 0.916 0.959 0.973 0.997 1.040 1.104 1.191 1.310 1.471 1.682 1.954 2.305 3.134 4.621 6.059 7.148 7.724 7.964 8.042 8.043 7.982 7.787 7.413 7.077 6.934 6.956 7.247 7.887 8.869 10.129 11.439 12.666
0.000 0.000 0.000 0.000 0.000 0.000 0.000 0.000 0.000 0.000 0.000 0.000 0.000 0.000 0.000 0.000 0.000 0.000 0.001 0.005 0.017 0.050 0.136 0.332 0.723 1.133 1.380 1.512 1.583 1.618 1.650 1.708 1.728 1.720 1.701 1.672 1.622 1.560 1.479 1.372 1.237 1.026 0.989 0.880 0.689 0.689 0.729 0.735 0.743 0.765 0.810 0.879 0.982 1.123 1.308 1.540 1.828 2.185 3.053 4.317 5.317 5.841 6.054 6.099 6.047 5.904 5.649 5.266 4.997 4.910 4.959 5.238 5.810 6.651 7.754 9.015 10.232
0.000 0.000 0.000 0.000 0.000 0.000 0.000 0.000 0.000 0.000 0.000 0.000 0.000 0.000 0.000 0.000 0.000 0.001 0.004 0.012 0.036 0.099 0.251 0.575 1.022 1.323 1.476 1.542 1.586 1.616 1.673 1.729 1.745 1.737 1.715 1.672 1.619 1.531 1.392 1.194 0.993 0.966 0.887 0.710 0.553 0.480 0.508 0.523 0.528 0.536 0.556 0.598 0.669 0.776 0.926 1.115 1.349 1.630 1.977 2.788 3.595 4.122 4.391 4.477 4.431 4.271 3.962 3.551 3.314 3.299 3.344 3.530 3.939 4.579 5.432 6.444 7.626
0.000 0.000 0.000 0.000 0.000 0.000 0.000 0.000 0.000 0.000 0.000 0.000 0.000 0.000 0.000 0.000 0.001 0.002 0.009 0.027 0.074 0.189 0.436 0.867 1.247 1.434 1.513 1.546 1.568 1.598 1.680 1.717 1.737 1.733 1.693 1.633 1.556 1.417 1.188 1.010 0.970 0.883 0.726 0.574 0.492 0.438 0.389 0.351 0.357 0.360 0.362 0.375 0.411 0.476 0.581 0.729 0.917 1.144 1.420 1.790 2.274 2.711 2.966 3.072 3.064 2.937 2.650 2.542 2.468 2.429 2.422 2.489 2.707 3.157 3.862 4.766 5.710
0.000 0.000 0.000 0.000 0.000 0.000 0.000 0.000 0.000 0.000 0.000 0.000 0.000 0.000 0.000 0.000 0.001 0.006 0.019 0.058 0.151 0.351 0.720 1.134 1.387 1.492 1.518 1.530 1.546 1.567 1.634 1.682 1.687 1.652 1.581 1.491 1.346 1.120 1.024 0.999 0.926 0.773 0.606 0.513 0.456 0.408 0.354 0.273 0.229 0.230 0.225 0.219 0.229 0.259 0.319 0.422 0.562 0.738 0.969 1.283 1.546 1.759 1.907 1.990 2.017 2.007 1.957 1.867 1.791 1.734 1.696 1.704 1.792 2.041 2.512 3.145 3.719
0.000 0.000 0.000 0.000 0.000 0.000 0.000 0.000 0.000 0.000 0.000 0.000 0.000 0.000 0.000 0.001 0.004 0.013 0.042 0.118 0.294 0.632 1.038 1.321 1.462 1.505 1.513 1.514 1.487 1.492 1.561 1.564 1.503 1.399 1.286 1.126 1.006 1.018 1.008 0.960 0.845 0.671 0.547 0.481 0.432 0.386 0.325 0.236 0.153 0.141 0.136 0.125 0.121 0.130 0.158 0.215 0.305 0.430 0.640 0.867 1.067 1.232 1.348 1.407 1.422 1.412 1.374 1.322 1.267 1.210 1.156 1.142 1.173 1.288 1.513 1.815 1.987
0.000 0.000 0.000 0.000 0.000 0.000 0.000 0.000 0.000 0.000 0.000 0.000 0.000 0.000 0.001 0.002 0.009 0.029 0.087 0.234 0.553 1.003 1.309 1.440 1.488 1.497 1.503 1.461 1.360 1.404 1.406 1.284 1.110 0.964 0.900 0.947 0.975 0.978 0.957 0.882 0.741 0.598 0.514 0.461 0.415 0.366 0.300 0.206 0.132 0.090 0.083 0.075 0.067 0.067 0.077 0.101 0.168 0.276 0.418 0.568 0.701 0.814 0.898 0.937 0.942 0.934 0.913 0.892 0.867 0.828 0.794 0.784 0.789 0.810 0.878 0.963 0.970
0.000 0.000 0.000 0.000 0.000 0.000 0.000 0.000 0.000 0.000 0.000 0.000 0.000 0.000 0.001 0.005 0.019 0.059 0.169 0.435 0.942 1.346 1.497 1.528 1.500 1.488 1.439 1.323 1.299 1.260 1.090 0.861 0.716 0.795 0.876 0.915 0.932 0.924 0.878 0.779 0.648 0.555 0.494 0.448 0.406 0.357 0.280 0.179 0.113 0.078 0.060 0.050 0.045 0.043 0.044 0.070 0.120 0.196 0.294 0.390 0.473 0.533 0.579 0.606 0.610 0.606 0.597 0.592 0.587 0.579 0.569 0.565 0.569 0.575 0.580 0.579 0.551
0.000 0.000 0.000 0.000 0.000 0.000 0.000 0.000 0.000 0.000 0.000 0.000 0.000 0.001 0.004 0.013 0.040 0.117 0.314 0.758 1.324 1.579 1.624 1.585 1.535 1.439 1.280 1.234 1.188 0.978 0.682 0.547 0.645 0.795 0.844 0.873 0.877 0.850 0.775 0.665 0.581 0.529 0.482 0.441 0.399 0.345 0.260 0.160 0.099 0.068 0.054 0.047 0.042 0.039 0.038 0.059 0.102 0.166 0.242 0.307 0.361 0.395 0.416 0.429 0.432 0.432 0.425 0.423 0.429 0.440 0.449 0.461 0.471 0.473 0.472 0.464 0.430
0.000 0.000 0.000 0.000 0.000 0.000 0.000 0.000 0.000 0.000 0.000 0.000 0.001 0.003 0.009 0.027 0.080 0.219 0.561 1.169 1.604 1.718 1.704 1.645 1.526 1.321 1.190 1.115 0.884 0.586 0.429 0.461 0.669 0.777 0.814 0.829 0.819 0.775 0.687 0.591 0.542 0.504 0.470 0.433 0.391 0.330 0.233 0.140 0.087 0.061 0.049 0.044 0.040 0.037 0.035 0.055 0.097 0.159 0.227 0.278 0.316 0.339 0.351 0.356 0.357 0.356 0.351 0.351 0.362 0.377 0.399 0.424 0.435 0.437 0.431 0.417 0.378
0.000 0.000 0.000 0.000 0.000 0.000 0.000 0.000 0.000 0.000 0.000 0.001 0.002 0.007 0.018 0.053 0.150 0.397 0.938 1.536 1.772 1.799 1.756 1.664 1.426 1.198 1.104 0.843 0.529 0.358 0.340 0.491 0.670 0.749 0.781 0.785 0.766 0.713 0.616 0.553 0.516 0.483 0.453 0.421 0.380 0.311 0.202 0.118 0.075 0.055 0.046 0.040 0.037 0.034 0.033 0.054 0.095 0.159 0.226 0.273 0.301 0.319 0.327 0.329 0.328 0.326 0.320 0.326 0.342 0.359 0.384 0.414 0.426 0.425 0.418 0.393 0.344
0.000 0.000 0.000 0.000 0.000 0.000 0.000 0.000 0.000 0.000 0.001 0.002 0.005 0.014 0.037 0.100 0.268 0.687 1.340 1.738 1.842 1.830 1.788 1.581 1.248 1.092 0.815 0.503 0.329 0.288 0.362 0.522 0.660 0.720 0.746 0.750 0.728 0.658 0.560 0.520 0.492 0.467 0.442 0.413 0.368 0.286 0.175 0.103 0.067 0.050 0.042 0.038 0.034 0.032 0.030 0.054 0.096 0.159 0.226 0.272 0.298 0.310 0.317 0.319 0.317 0.313 0.310 0.319 0.342 0.361 0.389 0.416 0.428 0.424 0.413 0.379 0.320
0.000 0.000 0.000 0.000 0.000 0.000 0.000 0.000 0.000 0.000 0.002 0.005 0.012 0.030 0.072 0.181 0.460 1.058 1.617 1.812 1.842 1.846 1.736 1.320 1.089 0.784 0.475 0.320 0.281 0.303 0.401 0.555 0.652 0.695 0.716 0.716 0.687 0.608 0.532 0.501 0.478 0.457 0.435 0.406 0.353 0.254 0.149 0.090 0.060 0.046 0.039 0.036 0.033 0.030 0.029 0.053 0.096 0.159 0.224 0.269 0.294 0.306 0.311 0.312 0.312 0.306 0.306 0.321 0.354 0.374 0.408 0.429 0.434 0.428 0.410 0.365 0.301
0.000 0.000 0.000 0.000 0.000 0.000 0.000 0.000 0.000 0.001 0.004 0.010 0.025 0.058 0.134 0.322 0.781 1.405 1.725 1.819 1.837 1.803 1.514 1.048 0.742 0.453 0.323 0.290 0.285 0.330 0.441 0.578 0.652 0.675 0.689 0.688 0.648 0.557 0.508 0.485 0.468 0.453 0.434 0.398 0.329 0.221 0.129 0.078 0.053 0.042 0.037 0.034 0.032 0.029 0.028 0.054 0.098 0.162 0.226 0.270 0.292 0.303 0.307 0.308 0.307 0.303 0.313 0.337 0.375 0.395 0.431 0.447 0.445 0.433 0.405 0.353 0.288
0.000 0.000 0.000 0.000 0.000 0.000 0.000 0.000 0.001 0.004 0.009 0.021 0.049 0.112 0.249 0.574 1.154 1.597 1.745 1.784 1.805 1.654 1.161 0.675 0.456 0.355 0.307 0.288 0.290 0.356 0.480 0.589 0.651 0.670 0.672 0.661 0.606 0.517 0.489 0.475 0.463 0.451 0.431 0.390 0.310 0.197 0.115 0.070 0.048 0.039 0.035 0.033 0.030 0.028 0.028 0.056 0.102 0.170 0.234 0.276 0.296 0.303 0.305 0.304 0.303 0.304 0.322 0.361 0.403 0.431 0.460 0.468 0.459 0.441 0.401 0.344 0.280
0.000 0.000 0.000 0.000 0.000 0.000 0.001 0.001 0.003 0.008 0.019 0.042 0.094 0.207 0.452 0.937 1.436 1.653 1.718 1.750 1.681 1.341 0.832 0.540 0.403 0.332 0.299 0.288 0.298 0.380 0.509 0.602 0.647 0.666 0.670 0.650 0.577 0.497 0.476 0.467 0.459 0.448 0.426 0.382 0.297 0.181 0.103 0.063 0.044 0.037 0.034 0.032 0.029 0.027 0.029 0.058 0.106 0.177 0.244 0.283 0.301 0.307 0.307 0.306 0.303 0.308 0.338 0.394 0.436 0.470 0.495 0.496 0.477 0.451 0.402 0.339 0.275
0.000 0.000 0.000 0.000 0.000 0.001 0.002 0.003 0.007 0.017 0.038 0.083 0.177 0.368 0.728 1.246 1.540 1.638 1.681 1.677 1.483 1.016 0.628 0.451 0.364 0.318 0.295 0.290 0.311 0.409 0.532 0.611 0.640 0.655 0.660 0.631 0.546 0.483 0.466 0.459 0.455 0.446 0.422 0.370 0.278 0.166 0.095 0.058 0.042 0.035 0.032 0.031 0.029 0.027 0.031 0.062 0.113 0.188 0.257 0.297 0.315 0.320 0.319 0.312 0.314 0.326 0.367 0.437 0.480 0.514 0.529 0.524 0.500 0.461 0.403 0.334 0.267
0.000 0.000 0.000 0.000 0.001 0.002 0.003 0.006 0.014 0.033 0.074 0.159 0.320 0.593 1.016 1.388 1.542 1.593 1.622 1.534 1.206 0.760 0.515 0.399 0.341 0.310 0.294 0.295 0.326 0.435 0.548 0.608 0.627 0.637 0.635 0.601 0.514 0.473 0.462 0.456 0.450 0.440 0.416 0.364 0.264 0.153 0.088 0.055 0.041 0.035 0.033 0.031 0.029 0.028 0.032 0.065 0.121 0.200 0.270 0.311 0.329 0.336 0.336 0.332 0.332 0.357 0.415 0.488 0.531 0.560 0.565 0.549 0.522 0.472 0.403 0.328 0.260
0.000 0.000 0.001 0.001 0.002 0.003 0.006 0.012 0.028 0.062 0.136 0.274 0.495 0.832 1.201 1.416 1.500 1.548 1.527 1.335 0.918 0.605 0.455 0.374 0.329 0.305 0.294 0.301 0.341 0.458 0.564 0.606 0.618 0.623 0.613 0.563 0.478 0.465 0.459 0.455 0.449 0.438 0.413 0.357 0.251 0.142 0.081 0.051 0.039 0.035 0.033 0.032 0.030 0.028 0.034 0.069 0.130 0.214 0.283 0.323 0.343 0.349 0.351 0.352 0.361 0.397 0.479 0.552 0.586 0.604 0.601 0.575 0.537 0.475 0.398 0.318 0.249
0.000 0.001 0.002 0.002 0.004 0.006 0.011 0.023 0.051 0.112 0.228 0.408 0.662 1.006 1.262 1.384 1.445 1.474 1.399 1.121 0.724 0.516 0.415 0.356 0.319 0.299 0.296 0.308 0.356 0.476 0.568 0.604 0.612 0.615 0.597 0.525 0.460 0.452 0.451 0.448 0.444 0.435 0.408 0.348 0.237 0.132 0.076 0.049 0.038 0.035 0.033 0.032 0.030 0.029 0.036 0.073 0.138 0.227 0.295 0.334 0.353 0.361 0.366 0.374 0.395 0.456 0.555 0.619 0.643 0.649 0.634 0.605 0.549 0.469 0.380 0.294 0.222
0.001 0.002 0.003 0.004 0.006 0.010 0.020 0.041 0.088 0.179 0.327 0.530 0.804 1.090 1.253 1.324 1.379 1.373 1.247 0.911 0.605 0.459 0.384 0.336 0.307 0.294 0.294 0.310 0.370 0.490 0.566 0.594 0.605 0.604 0.578 0.500 0.452 0.444 0.442 0.441 0.437 0.427 0.400 0.336 0.223 0.124 0.071 0.048 0.038 0.035 0.033 0.032 0.031 0.029 0.038 0.078 0.145 0.241 0.310 0.348 0.369 0.377 0.385 0.399 0.437 0.531 0.634 0.680 0.691 0.686 0.661 0.623 0.551 0.450 0.338 0.241 0.165
0.002 0.003 0.004 0.006 0.009 0.017 0.033 0.067 0.134 0.249 0.413 0.623 0.891 1.103 1.216 1.272 1.297 1.265 1.093 0.749 0.516 0.415 0.361 0.323 0.300 0.292 0.294 0.311 0.378 0.500 0.567 0.590 0.596 0.596 0.564 0.478 0.445 0.441 0.441 0.439 0.435 0.425 0.395 0.325 0.207 0.115 0.067 0.046 0.038 0.035 0.034 0.033 0.031 0.030 0.041 0.084 0.155 0.255 0.334 0.378 0.396 0.405 0.413 0.434 0.493 0.612 0.702 0.731 0.732 0.713 0.683 0.621 0.526 0.397 0.263 0.161 0.090
