RESULTS/r.avaflow_results/21_results/21_ascii/21_hflow0009.asc
ncols 506
nrows 317
xllcenter 498237.50
yllcenter 5580050.00
cellsize 12.50
NODATA_value -9999.000
[rows 170 to 203 of 317, columns 77 to 153 of 506]
0.000 0.000 0.000 0.000 0.000 0.000 0.000 0.000 0.000 0.000 0.000 0.000 0.000 0.000 0.000 0.000 0.000 0.000 0.000 0.000 0.000 0.000 0.000 0.000 0.000 0.000 0.000 0.001 0.002 0.004 0.006 0.010 0.015 0.022 0.031 0.044 0.063 0.089 0.131 0.197 0.251 0.276 0.290 0.304 0.327 0.363 0.410 0.462 0.519 0.582 0.652 0.755 0.989 1.629 2.729 3.640 4.736 7.018 10.842 13.760 15.541 16.631 17.075 17.141 16.921 16.406 15.763 15.206 14.617 13.824 12.829 11.795 10.920 10.305 9.972 9.792 9.696
0.000 0.000 0.000 0.000 0.000 0.000 0.000 0.000 0.000 0.000 0.000 0.000 0.000 0.000 0.000 0.000 0.000 0.000 0.000 0.000 0.000 0.000 0.000 0.000 0.000 0.000 0.001 0.003 0.005 0.009 0.014 0.021 0.030 0.043 0.060 0.084 0.117 0.167 0.242 0.354 0.443 0.490 0.522 0.558 0.608 0.680 0.765 0.859 0.972 1.095 1.241 1.469 1.856 2.527 3.349 4.189 5.700 8.655 12.468 14.881 16.488 17.332 17.512 17.399 17.011 16.348 15.509 14.684 13.965 13.312 12.638 12.047 11.723 11.654 11.721 11.859 12.103
0.000 0.000 0.000 0.000 0.000 0.000 0.000 0.000 0.000 0.000 0.000 0.000 0.000 0.000 0.000 0.000 0.000 0.000 0.000 0.000 0.000 0.000 0.000 0.000 0.000 0.001 0.003 0.007 0.012 0.018 0.028 0.040 0.056 0.077 0.106 0.146 0.204 0.286 0.408 0.578 0.724 0.811 0.879 0.959 1.067 1.195 1.336 1.501 1.685 1.864 2.046 2.263 2.540 2.931 3.449 4.320 6.125 9.302 12.652 14.927 16.542 17.311 17.381 17.157 16.640 15.829 14.927 14.260 13.808 13.428 13.173 13.108 13.177 13.301 13.538 14.025 14.839
0.000 0.000 0.000 0.000 0.000 0.000 0.000 0.000 0.000 0.000 0.000 0.000 0.000 0.000 0.000 0.000 0.000 0.000 0.000 0.000 0.000 0.000 0.000 0.000 0.001 0.003 0.007 0.013 0.022 0.033 0.048 0.068 0.094 0.127 0.172 0.236 0.326 0.446 0.602 0.801 1.015 1.188 1.341 1.497 1.657 1.825 2.004 2.188 2.339 2.440 2.537 2.632 2.752 2.948 3.256 3.954 5.653 8.690 11.966 14.415 15.987 16.635 16.651 16.373 15.815 15.101 14.544 14.230 14.083 14.053 14.066 14.065 14.098 14.246 14.658 15.506 16.845
0.000 0.000 0.000 0.000 0.000 0.000 0.000 0.000 0.000 0.000 0.000 0.000 0.000 0.000 0.000 0.000 0.000 0.000 0.000 0.000 0.000 0.000 0.000 0.000 0.002 0.005 0.011 0.020 0.034 0.051 0.075 0.105 0.144 0.193 0.260 0.348 0.458 0.592 0.760 0.963 1.195 1.424 1.660 1.870 2.054 2.242 2.419 2.562 2.638 2.643 2.630 2.625 2.617 2.598 2.560 2.949 4.543 7.622 10.934 13.228 14.627 15.245 15.331 15.181 14.900 14.634 14.463 14.390 14.398 14.437 14.445 14.420 14.428 14.656 15.278 16.368 17.911
0.000 0.000 0.000 0.000 0.000 0.000 0.000 0.000 0.000 0.000 0.000 0.000 0.000 0.000 0.000 0.000 0.000 0.000 0.000 0.000 0.000 0.000 0.000 0.001 0.002 0.006 0.013 0.025 0.043 0.069 0.104 0.149 0.205 0.273 0.355 0.454 0.571 0.710 0.877 1.066 1.264 1.483 1.762 2.002 2.200 2.397 2.539 2.625 2.650 2.598 2.460 2.261 1.984 1.664 1.521 2.016 3.529 6.226 9.312 11.501 12.861 13.557 13.826 13.977 14.108 14.272 14.374 14.418 14.451 14.470 14.448 14.404 14.417 14.724 15.476 16.645 18.166
0.000 0.000 0.000 0.000 0.000 0.000 0.000 0.000 0.000 0.000 0.000 0.000 0.000 0.000 0.000 0.000 0.000 0.000 0.000 0.000 0.000 0.000 0.000 0.001 0.003 0.007 0.014 0.028 0.052 0.087 0.137 0.203 0.279 0.362 0.453 0.554 0.673 0.810 0.956 1.105 1.260 1.452 1.733 1.991 2.192 2.376 2.472 2.493 2.444 2.276 1.889 1.365 0.929 0.733 0.854 1.392 2.543 4.646 7.583 9.924 11.387 12.157 12.562 12.904 13.301 13.673 13.844 13.885 13.883 13.838 13.754 13.689 13.729 14.140 15.024 16.260 17.725
0.000 0.000 0.000 0.000 0.000 0.000 0.000 0.000 0.000 0.000 0.000 0.000 0.000 0.000 0.000 0.000 0.000 0.000 0.000 0.000 0.000 0.000 0.000 0.001 0.003 0.007 0.015 0.032 0.061 0.108 0.180 0.275 0.374 0.468 0.562 0.662 0.772 0.888 0.999 1.108 1.222 1.377 1.645 1.915 2.099 2.214 2.241 2.176 1.977 1.540 0.953 0.500 0.315 0.332 0.543 1.022 1.932 3.618 6.275 8.611 10.058 10.830 11.293 11.722 12.167 12.471 12.554 12.516 12.417 12.267 12.119 12.038 12.098 12.568 13.553 14.910 16.447
0.000 0.000 0.000 0.000 0.000 0.000 0.000 0.000 0.000 0.000 0.000 0.000 0.000 0.000 0.000 0.000 0.000 0.000 0.000 0.000 0.000 0.000 0.000 0.001 0.003 0.007 0.017 0.037 0.074 0.140 0.247 0.393 0.522 0.621 0.707 0.788 0.866 0.939 1.014 1.097 1.190 1.327 1.573 1.798 1.922 1.953 1.898 1.690 1.217 0.664 0.306 0.151 0.124 0.191 0.383 0.772 1.491 2.861 5.159 7.320 8.641 9.342 9.779 10.151 10.435 10.550 10.505 10.346 10.101 9.842 9.654 9.583 9.719 10.295 11.391 12.900 14.627
0.000 0.000 0.000 0.000 0.000 0.000 0.000 0.000 0.000 0.000 0.000 0.000 0.000 0.000 0.000 0.000 0.000 0.000 0.000 0.000 0.000 0.000 0.000 0.001 0.002 0.007 0.019 0.044 0.095 0.194 0.369 0.600 0.764 0.851 0.896 0.922 0.945 0.978 1.024 1.091 1.181 1.308 1.517 1.662 1.704 1.661 1.465 1.026 0.521 0.213 0.088 0.052 0.065 0.126 0.273 0.561 1.104 2.185 4.084 5.896 6.928 7.438 7.741 7.940 8.024 7.983 7.816 7.540 7.239 7.023 6.919 6.961 7.297 8.071 9.295 10.879 12.693
0.000 0.000 0.000 0.000 0.000 0.000 0.000 0.000 0.000 0.000 0.000 0.000 0.000 0.000 0.000 0.000 0.000 0.000 0.000 0.000 0.000 0.000 0.000 0.001 0.003 0.008 0.023 0.056 0.126 0.275 0.568 0.867 1.013 1.054 1.051 1.031 1.017 1.023 1.047 1.098 1.182 1.303 1.440 1.505 1.475 1.294 0.888 0.437 0.173 0.065 0.028 0.025 0.040 0.086 0.187 0.385 0.768 1.563 2.981 4.283 4.941 5.210 5.339 5.407 5.411 5.339 5.181 4.975 4.810 4.717 4.702 4.850 5.305 6.140 7.368 8.931 10.732
0.000 0.000 0.000 0.000 0.000 0.000 0.000 0.000 0.000 0.000 0.000 0.000 0.000 0.000 0.000 0.000 0.000 0.000 0.000 0.000 0.000 0.000 0.001 0.001 0.004 0.012 0.032 0.076 0.168 0.365 0.726 1.012 1.127 1.150 1.143 1.116 1.089 1.084 1.096 1.128 1.186 1.272 1.320 1.289 1.125 0.758 0.366 0.146 0.053 0.020 0.012 0.015 0.027 0.057 0.121 0.247 0.495 1.020 1.976 2.845 3.249 3.375 3.411 3.400 3.346 3.261 3.152 3.048 2.988 2.972 3.028 3.239 3.692 4.437 5.504 6.908 8.595
0.000 0.000 0.000 0.000 0.000 0.000 0.000 0.000 0.000 0.000 0.000 0.000 0.000 0.000 0.000 0.000 0.000 0.000 0.000 0.000 0.000 0.001 0.001 0.003 0.009 0.023 0.053 0.117 0.237 0.453 0.803 1.052 1.154 1.180 1.180 1.165 1.142 1.128 1.129 1.144 1.166 1.180 1.119 0.898 0.580 0.288 0.122 0.046 0.016 0.008 0.007 0.010 0.017 0.036 0.074 0.148 0.294 0.602 1.180 1.720 1.962 2.020 2.017 1.961 1.870 1.788 1.727 1.693 1.688 1.715 1.818 2.039 2.426 3.008 3.827 4.930 6.325
0.000 0.000 0.000 0.000 0.000 0.000 0.000 0.000 0.000 0.000 0.000 0.000 0.000 0.000 0.000 0.000 0.000 0.000 0.000 0.000 0.000 0.001 0.002 0.006 0.017 0.042 0.092 0.186 0.334 0.537 0.824 1.049 1.152 1.181 1.182 1.175 1.160 1.141 1.130 1.122 1.085 0.981 0.738 0.426 0.206 0.094 0.040 0.016 0.007 0.004 0.004 0.006 0.011 0.022 0.043 0.083 0.161 0.320 0.625 0.921 1.055 1.081 1.064 1.004 0.912 0.848 0.817 0.812 0.826 0.874 0.978 1.169 1.473 1.906 2.496 3.307 4.388
0.000 0.000 0.000 0.000 0.000 0.000 0.000 0.000 0.000 0.000 0.000 0.000 0.000 0.000 0.000 0.000 0.000 0.000 0.000 0.000 0.001 0.002 0.005 0.013 0.031 0.071 0.147 0.266 0.412 0.578 0.808 1.013 1.119 1.153 1.155 1.150 1.143 1.123 1.086 1.014 0.862 0.600 0.328 0.156 0.072 0.032 0.015 0.007 0.004 0.002 0.002 0.004 0.007 0.013 0.024 0.045 0.084 0.160 0.300 0.435 0.498 0.513 0.503 0.464 0.400 0.358 0.342 0.341 0.355 0.395 0.471 0.598 0.798 1.097 1.515 2.087 2.864
0.000 0.000 0.000 0.000 0.000 0.000 0.000 0.000 0.000 0.000 0.000 0.000 0.000 0.000 0.000 0.000 0.000 0.000 0.000 0.001 0.001 0.003 0.009 0.022 0.052 0.109 0.207 0.330 0.447 0.579 0.757 0.912 1.002 1.038 1.042 1.039 1.031 0.995 0.909 0.740 0.490 0.261 0.128 0.061 0.029 0.015 0.008 0.005 0.003 0.002 0.002 0.003 0.004 0.008 0.014 0.024 0.043 0.079 0.140 0.192 0.216 0.222 0.218 0.198 0.164 0.141 0.132 0.131 0.138 0.160 0.202 0.271 0.383 0.560 0.828 1.208 1.714
0.000 0.000 0.000 0.000 0.000 0.000 0.000 0.000 0.000 0.000 0.000 0.000 0.000 0.000 0.000 0.000 0.000 0.000 0.000 0.001 0.002 0.006 0.016 0.038 0.081 0.160 0.264 0.364 0.452 0.539 0.624 0.676 0.701 0.719 0.730 0.729 0.704 0.640 0.532 0.386 0.224 0.115 0.056 0.028 0.015 0.009 0.005 0.003 0.001 0.001 0.002 0.002 0.003 0.005 0.008 0.013 0.023 0.040 0.065 0.084 0.092 0.093 0.091 0.082 0.066 0.055 0.051 0.050 0.053 0.062 0.080 0.111 0.163 0.252 0.397 0.609 0.881
0.000 0.000 0.000 0.000 0.000 0.000 0.000 0.000 0.000 0.000 0.000 0.000 0.000 0.000 0.000 0.000 0.000 0.000 0.001 0.001 0.004 0.012 0.029 0.062 0.122 0.214 0.303 0.370 0.421 0.440 0.403 0.362 0.349 0.356 0.370 0.372 0.361 0.333 0.282 0.201 0.113 0.058 0.030 0.017 0.010 0.006 0.004 0.002 0.001 0.001 0.001 0.002 0.002 0.003 0.004 0.007 0.012 0.020 0.031 0.037 0.040 0.040 0.038 0.034 0.027 0.022 0.020 0.020 0.021 0.024 0.032 0.044 0.064 0.101 0.163 0.256 0.361
0.000 0.000 0.000 0.000 0.000 0.000 0.000 0.000 0.000 0.000 0.000 0.000 0.000 0.000 0.000 0.000 0.000 0.001 0.001 0.003 0.008 0.022 0.051 0.101 0.172 0.252 0.313 0.347 0.349 0.306 0.245 0.214 0.209 0.220 0.235 0.237 0.233 0.216 0.178 0.117 0.064 0.034 0.019 0.011 0.007 0.004 0.002 0.001 0.001 0.001 0.001 0.001 0.002 0.002 0.003 0.004 0.006 0.010 0.014 0.017 0.017 0.017 0.017 0.014 0.011 0.009 0.009 0.009 0.009 0.010 0.013 0.018 0.026 0.039 0.060 0.091 0.122
0.000 0.000 0.000 0.000 0.000 0.000 0.000 0.000 0.000 0.000 0.000 0.000 0.000 0.000 0.000 0.000 0.000 0.001 0.002 0.005 0.015 0.040 0.089 0.152 0.211 0.263 0.294 0.295 0.255 0.191 0.155 0.146 0.151 0.168 0.179 0.180 0.177 0.160 0.121 0.072 0.040 0.022 0.013 0.008 0.005 0.003 0.002 0.002 0.001 0.001 0.001 0.001 0.001 0.001 0.002 0.002 0.003 0.005 0.007 0.008 0.008 0.008 0.007 0.006 0.005 0.004 0.004 0.004 0.004 0.005 0.006 0.008 0.011 0.016 0.023 0.033 0.042
0.000 0.000 0.000 0.000 0.000 0.000 0.000 0.000 0.000 0.000 0.000 0.000 0.000 0.000 0.000 0.000 0.000 0.001 0.002 0.009 0.026 0.069 0.137 0.191 0.228 0.250 0.251 0.221 0.165 0.126 0.113 0.112 0.122 0.142 0.149 0.149 0.143 0.123 0.083 0.046 0.026 0.015 0.010 0.006 0.004 0.002 0.001 0.001 0.001 0.001 0.001 0.001 0.001 0.001 0.001 0.001 0.002 0.003 0.003 0.004 0.004 0.004 0.004 0.003 0.003 0.002 0.002 0.002 0.002 0.003 0.003 0.004 0.005 0.007 0.010 0.013 0.017
0.000 0.000 0.000 0.000 0.000 0.000 0.000 0.000 0.000 0.000 0.000 0.000 0.000 0.000 0.000 0.000 0.001 0.001 0.004 0.014 0.041 0.102 0.172 0.209 0.226 0.227 0.206 0.156 0.113 0.096 0.092 0.094 0.108 0.125 0.129 0.128 0.118 0.093 0.056 0.031 0.018 0.011 0.007 0.005 0.003 0.002 0.001 0.001 0.001 0.001 0.001 0.001 0.001 0.001 0.001 0.001 0.001 0.001 0.002 0.002 0.002 0.002 0.002 0.002 0.002 0.002 0.002 0.002 0.002 0.002 0.002 0.002 0.003 0.003 0.005 0.006 0.008
0.000 0.000 0.000 0.000 0.000 0.000 0.000 0.000 0.000 0.000 0.000 0.000 0.000 0.000 0.000 0.000 0.001 0.002 0.006 0.020 0.058 0.133 0.188 0.211 0.214 0.201 0.160 0.112 0.088 0.080 0.079 0.083 0.098 0.110 0.112 0.108 0.095 0.068 0.038 0.022 0.013 0.008 0.006 0.004 0.002 0.002 0.002 0.001 0.001 0.001 0.001 0.001 0.001 0.001 0.001 0.001 0.001 0.001 0.001 0.001 0.001 0.001 0.002 0.001 0.001 0.001 0.001 0.001 0.001 0.001 0.002 0.002 0.002 0.002 0.003 0.003 0.004
0.000 0.000 0.000 0.000 0.000 0.000 0.000 0.000 0.000 0.000 0.000 0.000 0.000 0.000 0.000 0.000 0.001 0.003 0.009 0.029 0.079 0.154 0.192 0.201 0.194 0.160 0.113 0.084 0.071 0.068 0.067 0.073 0.087 0.093 0.093 0.089 0.075 0.048 0.026 0.015 0.010 0.006 0.004 0.003 0.002 0.001 0.001 0.001 0.001 0.001 0.001 0.001 0.001 0.001 0.001 0.001 0.000 0.000 0.000 0.001 0.001 0.001 0.001 0.001 0.001 0.001 0.001 0.001 0.001 0.001 0.001 0.001 0.001 0.002 0.002 0.002 0.002
0.000 0.000 0.000 0.000 0.000 0.000 0.000 0.000 0.000 0.000 0.000 0.000 0.000 0.000 0.000 0.000 0.001 0.004 0.013 0.039 0.099 0.160 0.181 0.180 0.158 0.115 0.082 0.066 0.060 0.058 0.059 0.065 0.076 0.079 0.080 0.074 0.058 0.034 0.019 0.011 0.007 0.005 0.004 0.002 0.001 0.001 0.001 0.001 0.001 0.001 0.001 0.001 0.001 0.001 0.001 0.001 0.000 0.000 0.000 0.000 0.001 0.001 0.001 0.001 0.001 0.001 0.001 0.001 0.001 0.001 0.001 0.001 0.001 0.001 0.001 0.001 0.002
0.000 0.000 0.000 0.000 0.000 0.000 0.000 0.000 0.000 0.000 0.000 0.000 0.000 0.000 0.000 0.001 0.001 0.006 0.018 0.053 0.111 0.147 0.154 0.145 0.116 0.082 0.064 0.055 0.052 0.051 0.053 0.061 0.068 0.070 0.068 0.061 0.043 0.023 0.013 0.008 0.006 0.004 0.003 0.002 0.001 0.001 0.001 0.001 0.001 0.001 0.001 0.001 0.001 0.001 0.001 0.001 0.000 0.000 0.000 0.000 0.001 0.001 0.001 0.001 0.001 0.001 0.001 0.001 0.001 0.001 0.001 0.001 0.001 0.001 0.001 0.001 0.001
0.000 0.000 0.000 0.000 0.000 0.000 0.000 0.000 0.000 0.000 0.000 0.000 0.000 0.000 0.000 0.001 0.002 0.008 0.026 0.066 0.108 0.122 0.121 0.109 0.084 0.064 0.053 0.048 0.046 0.046 0.050 0.057 0.061 0.062 0.059 0.050 0.031 0.016 0.010 0.006 0.005 0.003 0.002 0.001 0.001 0.001 0.001 0.000 0.001 0.001 0.001 0.001 0.001 0.001 0.001 0.001 0.000 0.000 0.000 0.001 0.001 0.001 0.001 0.001 0.001 0.001 0.001 0.001 0.001 0.001 0.001 0.001 0.001 0.001 0.001 0.001 0.000
0.000 0.000 0.000 0.000 0.000 0.000 0.000 0.000 0.000 0.000 0.000 0.000 0.000 0.000 0.000 0.001 0.003 0.012 0.035 0.074 0.095 0.099 0.096 0.083 0.064 0.052 0.046 0.043 0.042 0.043 0.048 0.053 0.055 0.055 0.051 0.039 0.022 0.012 0.007 0.005 0.004 0.003 0.002 0.002 0.002 0.001 0.001 0.000 0.000 0.001 0.001 0.001 0.001 0.001 0.001 0.001 0.000 0.000 0.000 0.000 0.001 0.001 0.001 0.001 0.001 0.001 0.001 0.001 0.001 0.001 0.001 0.001 0.001 0.001 0.001 0.001 0.001
0.000 0.000 0.000 0.000 0.000 0.000 0.000 0.000 0.000 0.000 0.000 0.000 0.000 0.000 0.001 0.001 0.005 0.016 0.042 0.071 0.081 0.082 0.077 0.064 0.052 0.044 0.040 0.038 0.038 0.040 0.045 0.049 0.049 0.048 0.042 0.029 0.015 0.008 0.005 0.004 0.003 0.002 0.001 0.001 0.001 0.001 0.001 0.000 0.000 0.000 0.001 0.001 0.001 0.001 0.001 0.001 0.000 0.000 0.000 0.001 0.001 0.001 0.001 0.001 0.001 0.001 0.001 0.001 0.001 0.001 0.001 0.001 0.001 0.001 0.001 0.001 0.001
0.000 0.000 0.000 0.000 0.000 0.000 0.000 0.000 0.000 0.000 0.000 0.000 0.000 0.000 0.001 0.002 0.006 0.020 0.047 0.064 0.067 0.067 0.061 0.051 0.043 0.038 0.035 0.034 0.034 0.037 0.042 0.043 0.043 0.040 0.033 0.020 0.010 0.005 0.003 0.001 0.001 0.001 0.001 0.001 0.001 0.001 0.001 0.000 0.000 0.000 0.000 0.000 0.001 0.001 0.001 0.001 0.000 0.000 0.000 0.000 0.001 0.001 0.001 0.001 0.001 0.001 0.001 0.001 0.001 0.001 0.001 0.001 0.001 0.001 0.001 0.001 0.001
0.000 0.000 0.000 0.000 0.001 0.000 0.000 0.000 0.000 0.000 0.000 0.000 0.000 0.000 0.001 0.002 0.008 0.023 0.046 0.055 0.056 0.055 0.050 0.042 0.037 0.033 0.031 0.031 0.031 0.035 0.038 0.038 0.038 0.034 0.025 0.014 0.006 0.003 0.002 0.002 0.002 0.002 0.002 0.002 0.001 0.001 0.000 0.000 0.000 0.000 0.000 0.000 0.000 0.000 0.000 0.000 0.000 0.000 0.000 0.000 0.001 0.001 0.001 0.001 0.001 0.001 0.001 0.001 0.001 0.001 0.001 0.001 0.001 0.001 0.001 0.001 0.001
0.000 0.000 0.000 0.000 0.000 0.000 0.000 0.000 0.000 0.000 0.000 0.000 0.000 0.000 0.001 0.003 0.009 0.025 0.042 0.047 0.047 0.045 0.040 0.035 0.031 0.029 0.028 0.028 0.029 0.032 0.034 0.034 0.032 0.028 0.019 0.009 0.004 0.001 0.001 0.001 0.001 0.001 0.001 0.001 0.001 0.001 0.001 0.000 0.000 0.000 0.000 0.000 0.000 0.000 0.000 0.000 0.000 0.000 0.000 0.000 0.001 0.001 0.001 0.001 0.001 0.001 0.001 0.001 0.001 0.001 0.001 0.001 0.001 0.001 0.001 0.001 0.001
0.000 0.000 0.000 0.000 0.000 0.000 0.000 0.000 0.000 0.000 0.000 0.000 0.000 0.001 0.001 0.003 0.010 0.026 0.037 0.040 0.040 0.038 0.033 0.029 0.026 0.024 0.024 0.025 0.026 0.029 0.030 0.029 0.027 0.022 0.014 0.006 0.003 0.001 0.001 0.001 0.001 0.001 0.001 0.001 0.001 0.001 0.001 0.000 0.000 0.000 0.000 0.000 0.000 0.000 0.000 0.000 0.000 0.000 0.000 0.001 0.001 0.001 0.001 0.001 0.001 0.001 0.001 0.001 0.001 0.001 0.001 0.001 0.001 0.000 0.000 0.000 0.000
0.000 0.000 0.000 0.000 0.000 0.000 0.000 0.000 0.000 0.000 0.000 0.000 0.000 0.001 0.001 0.004 0.011 0.025 0.033 0.035 0.034 0.032 0.028 0.025 0.023 0.021 0.021 0.021 0.024 0.025 0.026 0.025 0.023 0.018 0.010 0.004 0.001 0.001 0.001 0.001 0.001 0.001 0.001 0.001 0.001 0.001 0.001 0.001 0.000 0.000 0.000 0.000 0.000 0.000 0.000 0.000 0.000 0.000 0.000 0.000 0.001 0.001 0.001 0.001 0.001 0.001 0.001 0.001 0.001 0.001 0.001 0.000 0.000 0.000 0.000 0.000 0.000
