RESULTS/r.avaflow_results/21_results/21_ascii/21_hflow30040.asc
ncols 506
nrows 317
xllcenter 498237.50
yllcenter 5580050.00
cellsize 12.50
NODATA_value -9999.000
[rows 170 to 203 of 317, columns 154 to 230 of 506]
8.308 8.131 7.951 7.761 7.548 7.317 7.092 6.892 6.713 6.545 6.386 6.227 6.049 5.800 5.415 4.868 4.180 3.412 2.661 1.984 1.400 0.933 0.600 0.390 0.269 0.202 0.170 0.160 0.160 0.169 0.192 0.224 0.249 0.268 0.287 0.308 0.336 0.356 0.364 0.363 0.355 0.343 0.329 0.316 0.299 0.273 0.235 0.200 0.171 0.145 0.122 0.103 0.089 0.080 0.075 0.074 0.075 0.078 0.082 0.086 0.088 0.089 0.089 0.089 0.089 0.091 0.097 0.116 0.159 0.226 0.277 0.298 0.299 0.280 0.230 0.169 0.124
11.660 11.830 11.879 11.850 11.743 11.536 11.257 10.955 10.662 10.376 10.101 9.834 9.558 9.225 8.742 8.047 7.142 6.073 4.934 3.840 2.839 1.974 1.291 0.818 0.530 0.366 0.280 0.242 0.233 0.241 0.264 0.288 0.303 0.313 0.321 0.332 0.350 0.362 0.365 0.361 0.348 0.330 0.312 0.293 0.270 0.234 0.184 0.138 0.105 0.083 0.070 0.061 0.056 0.054 0.053 0.054 0.058 0.063 0.067 0.070 0.070 0.070 0.069 0.068 0.068 0.069 0.075 0.089 0.119 0.176 0.244 0.287 0.305 0.307 0.292 0.252 0.197
15.161 15.686 15.880 15.882 15.759 15.493 15.138 14.763 14.404 14.053 13.717 13.400 13.087 12.740 12.272 11.571 10.582 9.340 7.933 6.488 5.083 3.767 2.616 1.715 1.094 0.708 0.484 0.369 0.319 0.304 0.304 0.311 0.317 0.321 0.324 0.329 0.339 0.344 0.342 0.330 0.305 0.275 0.249 0.223 0.191 0.149 0.105 0.075 0.058 0.048 0.043 0.039 0.038 0.038 0.038 0.041 0.045 0.051 0.054 0.056 0.056 0.055 0.054 0.054 0.054 0.055 0.059 0.069 0.089 0.128 0.193 0.261 0.301 0.318 0.321 0.309 0.276
17.735 18.581 18.954 19.010 18.912 18.676 18.361 18.029 17.695 17.344 16.976 16.622 16.284 15.929 15.481 14.816 13.866 12.653 11.246 9.706 8.080 6.405 4.739 3.281 2.156 1.367 0.867 0.580 0.429 0.352 0.318 0.309 0.308 0.307 0.304 0.300 0.297 0.293 0.281 0.254 0.212 0.175 0.146 0.123 0.100 0.076 0.055 0.043 0.035 0.031 0.028 0.027 0.027 0.027 0.028 0.031 0.035 0.040 0.043 0.044 0.044 0.044 0.043 0.043 0.043 0.044 0.047 0.054 0.068 0.092 0.136 0.209 0.280 0.317 0.329 0.329 0.316
19.140 20.220 20.841 21.099 21.162 21.093 20.958 20.783 20.562 20.269 19.897 19.492 19.116 18.732 18.282 17.641 16.733 15.566 14.200 12.694 11.071 9.315 7.391 5.400 3.663 2.326 1.402 0.841 0.536 0.382 0.314 0.287 0.274 0.262 0.249 0.233 0.218 0.202 0.182 0.151 0.117 0.093 0.076 0.064 0.052 0.041 0.032 0.027 0.023 0.021 0.020 0.020 0.020 0.021 0.022 0.024 0.027 0.031 0.033 0.034 0.035 0.034 0.034 0.035 0.035 0.037 0.039 0.044 0.053 0.068 0.096 0.147 0.228 0.296 0.325 0.330 0.327
19.486 20.679 21.526 22.083 22.438 22.649 22.757 22.761 22.683 22.481 22.122 21.647 21.217 20.810 20.362 19.768 18.948 17.879 16.567 15.040 13.331 11.445 9.344 6.965 4.742 2.985 1.746 0.993 0.592 0.391 0.294 0.244 0.211 0.185 0.161 0.142 0.128 0.116 0.103 0.084 0.065 0.052 0.043 0.036 0.030 0.025 0.021 0.018 0.017 0.016 0.016 0.015 0.016 0.016 0.017 0.018 0.021 0.024 0.025 0.026 0.027 0.027 0.027 0.028 0.029 0.031 0.033 0.037 0.043 0.053 0.071 0.104 0.165 0.246 0.300 0.320 0.323
19.269 20.523 21.502 22.246 22.845 23.319 23.616 23.738 23.747 23.629 23.294 22.754 22.281 21.886 21.467 20.925 20.199 19.249 18.025 16.499 14.697 12.659 10.370 7.744 5.226 3.250 1.867 1.038 0.602 0.379 0.260 0.190 0.144 0.113 0.092 0.080 0.073 0.066 0.059 0.049 0.039 0.032 0.027 0.023 0.020 0.017 0.015 0.013 0.012 0.012 0.012 0.012 0.012 0.012 0.013 0.014 0.016 0.017 0.019 0.020 0.021 0.021 0.022 0.022 0.024 0.025 0.027 0.031 0.036 0.044 0.057 0.080 0.119 0.184 0.251 0.291 0.308
18.512 19.891 21.068 22.028 22.798 23.375 23.727 23.878 23.908 23.828 23.511 22.946 22.454 22.085 21.692 21.176 20.493 19.615 18.472 16.981 15.142 13.007 10.605 7.870 5.271 3.243 1.839 1.009 0.571 0.339 0.211 0.136 0.093 0.068 0.055 0.047 0.043 0.039 0.035 0.030 0.025 0.022 0.019 0.016 0.014 0.012 0.011 0.010 0.009 0.009 0.009 0.009 0.009 0.009 0.009 0.010 0.011 0.013 0.014 0.015 0.015 0.016 0.017 0.017 0.019 0.020 0.022 0.026 0.030 0.037 0.048 0.064 0.091 0.134 0.190 0.242 0.277
17.323 18.845 20.213 21.390 22.332 22.988 23.349 23.486 23.504 23.415 23.110 22.573 22.068 21.675 21.261 20.734 20.071 19.247 18.170 16.728 14.898 12.728 10.244 7.446 4.902 2.944 1.623 0.863 0.467 0.258 0.145 0.087 0.058 0.042 0.034 0.030 0.027 0.025 0.023 0.020 0.017 0.015 0.013 0.012 0.010 0.009 0.008 0.007 0.007 0.006 0.006 0.006 0.006 0.006 0.006 0.007 0.008 0.009 0.009 0.010 0.011 0.012 0.012 0.013 0.014 0.015 0.017 0.020 0.025 0.031 0.040 0.054 0.074 0.104 0.144 0.190 0.232
15.886 17.502 18.969 20.251 21.279 21.990 22.372 22.490 22.461 22.289 21.976 21.559 21.084 20.573 20.014 19.407 18.733 17.944 16.929 15.537 13.705 11.468 8.887 6.191 3.906 2.221 1.144 0.563 0.281 0.146 0.082 0.052 0.036 0.028 0.023 0.020 0.019 0.017 0.015 0.014 0.012 0.011 0.010 0.009 0.007 0.006 0.006 0.005 0.004 0.004 0.004 0.004 0.004 0.004 0.004 0.004 0.005 0.006 0.006 0.007 0.007 0.008 0.008 0.009 0.010 0.011 0.013 0.016 0.020 0.025 0.034 0.045 0.062 0.085 0.115 0.151 0.189
14.228 15.834 17.300 18.604 19.690 20.484 20.935 21.059 20.971 20.696 20.404 20.153 19.749 19.076 18.272 17.529 16.790 15.958 14.878 13.388 11.416 8.996 6.396 4.065 2.324 1.190 0.559 0.259 0.128 0.071 0.045 0.031 0.024 0.019 0.017 0.015 0.013 0.012 0.011 0.010 0.009 0.008 0.007 0.006 0.005 0.004 0.004 0.003 0.003 0.002 0.002 0.002 0.002 0.002 0.002 0.002 0.003 0.003 0.004 0.004 0.004 0.005 0.005 0.006 0.007 0.008 0.009 0.012 0.015 0.020 0.027 0.037 0.052 0.071 0.096 0.126 0.159
12.320 13.818 15.242 16.598 17.821 18.794 19.408 19.628 19.574 19.329 19.051 18.782 18.323 17.520 16.548 15.664 14.774 13.729 12.329 10.454 8.046 5.515 3.412 1.942 1.016 0.490 0.225 0.108 0.058 0.037 0.027 0.021 0.017 0.014 0.012 0.011 0.010 0.009 0.008 0.007 0.006 0.006 0.005 0.004 0.003 0.003 0.002 0.002 0.001 0.001 0.001 0.001 0.001 0.001 0.001 0.001 0.001 0.002 0.002 0.002 0.002 0.003 0.003 0.004 0.004 0.005 0.006 0.008 0.011 0.015 0.021 0.030 0.042 0.059 0.080 0.106 0.137
10.220 11.582 12.971 14.405 15.823 17.021 17.836 18.184 18.186 17.989 17.664 17.244 16.611 15.712 14.683 13.668 12.566 11.139 9.170 6.734 4.375 2.589 1.398 0.712 0.355 0.175 0.087 0.048 0.031 0.022 0.018 0.015 0.012 0.011 0.009 0.008 0.007 0.007 0.006 0.005 0.004 0.004 0.003 0.002 0.002 0.001 0.001 0.001 0.001 0.000 0.000 0.000 0.000 0.000 0.000 0.000 0.000 0.000 0.001 0.001 0.001 0.001 0.002 0.002 0.002 0.003 0.004 0.005 0.008 0.011 0.015 0.022 0.032 0.047 0.065 0.088 0.116
8.153 9.355 10.632 12.034 13.522 14.826 15.759 16.218 16.285 16.093 15.607 14.873 13.962 12.964 11.913 10.764 9.368 7.487 5.247 3.224 1.797 0.899 0.428 0.214 0.115 0.064 0.038 0.025 0.019 0.015 0.013 0.011 0.009 0.008 0.007 0.006 0.005 0.005 0.004 0.003 0.003 0.002 0.002 0.001 0.001 0.001 0.000 0.000 0.000 0.000 0.000 0.000 0.000 0.000 0.000 0.000 0.000 0.000 0.000 0.000 0.000 0.000 0.000 0.001 0.001 0.002 0.002 0.003 0.005 0.007 0.011 0.016 0.023 0.034 0.050 0.070 0.095
6.146 7.125 8.144 9.242 10.416 11.504 12.344 12.807 12.905 12.715 12.104 11.081 9.827 8.660 7.552 6.366 4.994 3.459 2.068 1.081 0.508 0.233 0.119 0.069 0.044 0.029 0.021 0.017 0.014 0.011 0.010 0.008 0.007 0.006 0.005 0.004 0.004 0.003 0.002 0.002 0.001 0.001 0.001 0.000 0.000 0.000 0.000 0.000 0.000 0.000 0.000 0.000 0.000 0.000 0.000 0.000 0.000 0.000 0.000 0.000 0.000 0.000 0.000 0.000 0.000 0.001 0.001 0.002 0.003 0.005 0.007 0.010 0.016 0.024 0.035 0.050 0.071
4.101 4.668 5.194 5.697 6.222 6.788 7.307 7.626 7.711 7.576 7.048 6.125 5.007 4.078 3.299 2.571 1.811 1.072 0.545 0.252 0.121 0.067 0.043 0.030 0.023 0.018 0.015 0.012 0.011 0.009 0.008 0.006 0.005 0.004 0.004 0.003 0.002 0.002 0.001 0.001 0.001 0.000 0.000 0.000 0.000 0.000 0.000 0.000 0.000 0.000 0.000 0.000 0.000 0.000 0.000 0.000 0.000 0.000 0.000 0.000 0.000 0.000 0.000 0.000 0.000 0.000 0.000 0.001 0.002 0.003 0.004 0.007 0.010 0.015 0.023 0.033 0.048
2.259 2.441 2.579 2.693 2.803 2.945 3.119 3.232 3.263 3.207 2.960 2.480 1.854 1.359 1.000 0.713 0.449 0.244 0.123 0.066 0.041 0.029 0.023 0.019 0.016 0.013 0.012 0.010 0.008 0.007 0.006 0.005 0.004 0.003 0.002 0.002 0.001 0.001 0.000 0.000 0.000 0.000 0.000 0.000 0.000 0.000 0.000 0.000 0.000 0.000 0.000 0.000 0.000 0.000 0.000 0.000 0.000 0.000 0.000 0.000 0.000 0.000 0.000 0.000 0.000 0.000 0.000 0.000 0.001 0.001 0.002 0.004 0.006 0.009 0.014 0.020 0.029
0.982 0.995 0.995 0.985 0.971 0.969 0.991 1.006 1.003 0.977 0.890 0.722 0.501 0.344 0.245 0.170 0.109 0.065 0.041 0.028 0.022 0.018 0.016 0.014 0.012 0.011 0.010 0.008 0.007 0.006 0.004 0.003 0.003 0.002 0.001 0.001 0.000 0.000 0.000 0.000 0.000 0.000 0.000 0.000 0.000 0.000 0.000 0.000 0.000 0.000 0.000 0.000 0.000 0.000 0.000 0.000 0.000 0.000 0.000 0.000 0.000 0.000 0.000 0.000 0.000 0.000 0.000 0.000 0.000 0.000 0.001 0.002 0.003 0.005 0.008 0.012 0.017
0.345 0.334 0.326 0.318 0.307 0.295 0.288 0.282 0.274 0.262 0.236 0.191 0.133 0.094 0.070 0.052 0.038 0.028 0.022 0.018 0.016 0.014 0.013 0.011 0.010 0.009 0.008 0.007 0.006 0.004 0.003 0.002 0.002 0.001 0.000 0.000 0.000 0.000 0.000 0.000 0.000 0.000 0.000 0.000 0.000 0.000 0.000 0.000 0.000 0.000 0.000 0.000 0.000 0.000 0.000 0.000 0.000 0.000 0.000 0.000 0.000 0.000 0.000 0.000 0.000 0.000 0.000 0.000 0.000 0.000 0.000 0.001 0.002 0.003 0.004 0.006 0.009
0.122 0.118 0.115 0.112 0.108 0.102 0.096 0.090 0.086 0.081 0.074 0.062 0.047 0.037 0.030 0.025 0.021 0.018 0.016 0.014 0.013 0.012 0.011 0.010 0.009 0.008 0.007 0.006 0.004 0.003 0.002 0.001 0.001 0.000 0.000 0.000 0.000 0.000 0.000 0.000 0.000 0.000 0.000 0.000 0.000 0.000 0.000 0.000 0.000 0.000 0.000 0.000 0.000 0.000 0.000 0.000 0.000 0.000 0.000 0.000 0.000 0.000 0.000 0.000 0.000 0.000 0.000 0.000 0.000 0.000 0.000 0.000 0.001 0.001 0.002 0.003 0.004
0.051 0.050 0.049 0.048 0.047 0.044 0.041 0.039 0.036 0.034 0.032 0.029 0.025 0.022 0.019 0.017 0.015 0.014 0.013 0.012 0.011 0.010 0.009 0.008 0.008 0.007 0.006 0.004 0.003 0.002 0.001 0.001 0.000 0.000 0.000 0.000 0.000 0.000 0.000 0.000 0.000 0.000 0.000 0.000 0.000 0.000 0.000 0.000 0.000 0.000 0.000 0.000 0.000 0.000 0.000 0.000 0.000 0.000 0.000 0.000 0.000 0.000 0.000 0.000 0.000 0.000 0.000 0.000 0.000 0.000 0.000 0.000 0.000 0.000 0.001 0.001 0.002
0.027 0.027 0.026 0.026 0.026 0.025 0.023 0.022 0.021 0.020 0.019 0.018 0.017 0.016 0.014 0.013 0.012 0.011 0.011 0.010 0.009 0.009 0.008 0.007 0.007 0.006 0.005 0.003 0.002 0.002 0.001 0.000 0.000 0.000 0.000 0.000 0.000 0.000 0.000 0.000 0.000 0.000 0.000 0.000 0.000 0.000 0.000 0.000 0.000 0.000 0.000 0.000 0.000 0.000 0.000 0.000 0.000 0.000 0.000 0.000 0.000 0.000 0.000 0.000 0.000 0.000 0.000 0.000 0.000 0.000 0.000 0.000 0.000 0.000 0.000 0.000 0.001
0.017 0.017 0.017 0.017 0.017 0.016 0.016 0.015 0.015 0.014 0.014 0.013 0.013 0.012 0.011 0.011 0.010 0.010 0.009 0.009 0.008 0.007 0.007 0.006 0.005 0.005 0.004 0.003 0.002 0.001 0.001 0.000 0.000 0.000 0.000 0.000 0.000 0.000 0.000 0.000 0.000 0.000 0.000 0.000 0.000 0.000 0.000 0.000 0.000 0.000 0.000 0.000 0.000 0.000 0.000 0.000 0.000 0.000 0.000 0.000 0.000 0.000 0.000 0.000 0.000 0.000 0.000 0.000 0.000 0.000 0.000 0.000 0.000 0.000 0.000 0.000 0.000
0.012 0.012 0.012 0.012 0.012 0.012 0.011 0.011 0.011 0.011 0.011 0.011 0.010 0.010 0.010 0.009 0.009 0.008 0.008 0.007 0.007 0.006 0.006 0.005 0.004 0.004 0.003 0.002 0.001 0.001 0.000 0.000 0.000 0.000 0.000 0.000 0.000 0.000 0.000 0.000 0.000 0.000 0.000 0.000 0.000 0.000 0.000 0.000 0.000 0.000 0.000 0.000 0.000 0.000 0.000 0.000 0.000 0.000 0.000 0.000 0.000 0.000 0.000 0.000 0.000 0.000 0.000 0.000 0.000 0.000 0.000 0.000 0.000 0.000 0.000 0.000 0.000
0.009 0.009 0.009 0.009 0.009 0.009 0.009 0.009 0.009 0.009 0.009 0.009 0.009 0.008 0.008 0.008 0.008 0.007 0.007 0.006 0.006 0.005 0.005 0.004 0.004 0.003 0.003 0.002 0.001 0.001 0.000 0.000 0.000 0.000 0.000 0.000 0.000 0.000 0.000 0.000 0.000 0.000 0.000 0.000 0.000 0.000 0.000 0.000 0.000 0.000 0.000 0.000 0.000 0.000 0.000 0.000 0.000 0.000 0.000 0.000 0.000 0.000 0.000 0.000 0.000 0.000 0.000 0.000 0.000 0.000 0.000 0.000 0.000 0.000 0.000 0.000 0.000
0.007 0.007 0.007 0.007 0.007 0.007 0.007 0.007 0.007 0.007 0.007 0.007 0.007 0.007 0.007 0.007 0.007 0.006 0.006 0.005 0.005 0.004 0.004 0.003 0.003 0.003 0.002 0.002 0.001 0.001 0.000 0.000 0.000 0.000 0.000 0.000 0.000 0.000 0.000 0.000 0.000 0.000 0.000 0.000 0.000 0.000 0.000 0.000 0.000 0.000 0.000 0.000 0.000 0.000 0.000 0.000 0.000 0.000 0.000 0.000 0.000 0.000 0.000 0.000 0.000 0.000 0.000 0.000 0.000 0.000 0.000 0.000 0.000 0.000 0.000 0.000 0.000
0.005 0.005 0.005 0.005 0.005 0.005 0.006 0.006 0.006 0.006 0.006 0.006 0.006 0.006 0.006 0.006 0.005 0.005 0.005 0.004 0.004 0.003 0.003 0.003 0.003 0.003 0.002 0.002 0.001 0.001 0.000 0.000 0.000 0.000 0.000 0.000 0.000 0.000 0.000 0.000 0.000 0.000 0.000 0.000 0.000 0.000 0.000 0.000 0.000 0.000 0.000 0.000 0.000 0.000 0.000 0.000 0.000 0.000 0.000 0.000 0.000 0.000 0.000 0.000 0.000 0.000 0.000 0.000 0.000 0.000 0.000 0.000 0.000 0.000 0.000 0.000 0.000
0.003 0.004 0.004 0.004 0.004 0.004 0.004 0.004 0.005 0.005 0.005 0.005 0.005 0.005 0.005 0.005 0.004 0.004 0.004 0.003 0.003 0.003 0.003 0.003 0.003 0.003 0.002 0.002 0.001 0.000 0.000 0.000 0.000 0.000 0.000 0.000 0.000 0.000 0.000 0.000 0.000 0.000 0.000 0.000 0.000 0.000 0.000 0.000 0.000 0.000 0.000 0.000 0.000 0.000 0.000 0.000 0.000 0.000 0.000 0.000 0.000 0.000 0.000 0.000 0.000 0.000 0.000 0.000 0.000 0.000 0.000 0.000 0.000 0.000 0.000 0.000 0.000
0.002 0.002 0.003 0.003 0.003 0.003 0.003 0.003 0.004 0.004 0.004 0.004 0.004 0.004 0.004 0.004 0.004 0.003 0.003 0.003 0.003 0.003 0.003 0.003 0.003 0.003 0.002 0.002 0.001 0.000 0.000 0.000 0.000 0.000 0.000 0.000 0.000 0.000 0.000 0.000 0.000 0.000 0.000 0.000 0.000 0.000 0.000 0.000 0.000 0.000 0.000 0.000 0.000 0.000 0.000 0.000 0.000 0.000 0.000 0.000 0.000 0.000 0.000 0.000 0.000 0.000 0.000 0.000 0.000 0.000 0.000 0.000 0.000 0.000 0.000 0.000 0.000
0.001 0.001 0.002 0.002 0.002 0.002 0.002 0.002 0.003 0.003 0.003 0.003 0.003 0.003 0.003 0.003 0.003 0.003 0.003 0.003 0.003 0.003 0.003 0.003 0.003 0.003 0.002 0.001 0.001 0.000 0.000 0.000 0.000 0.000 0.000 0.000 0.000 0.000 0.000 0.000 0.000 0.000 0.000 0.000 0.000 0.000 0.000 0.000 0.000 0.000 0.000 0.000 0.000 0.000 0.000 0.000 0.000 0.000 0.000 0.000 0.000 0.000 0.000 0.000 0.000 0.000 0.000 0.000 0.000 0.000 0.000 0.000 0.000 0.000 0.000 0.000 0.000
0.001 0.001 0.001 0.001 0.001 0.001 0.001 0.002 0.002 0.002 0.002 0.002 0.002 0.003 0.003 0.003 0.003 0.003 0.003 0.003 0.003 0.003 0.003 0.003 0.003 0.002 0.002 0.001 0.001 0.000 0.000 0.000 0.000 0.000 0.000 0.000 0.000 0.000 0.000 0.000 0.000 0.000 0.000 0.000 0.000 0.000 0.000 0.000 0.000 0.000 0.000 0.000 0.000 0.000 0.000 0.000 0.000 0.000 0.000 0.000 0.000 0.000 0.000 0.000 0.000 0.000 0.000 0.000 0.000 0.000 0.000 0.000 0.000 0.000 0.000 0.000 0.000
0.000 0.000 0.000 0.000 0.000 0.001 0.001 0.001 0.001 0.001 0.001 0.002 0.002 0.002 0.002 0.002 0.002 0.002 0.002 0.003 0.003 0.003 0.003 0.003 0.003 0.002 0.002 0.001 0.001 0.000 0.000 0.000 0.000 0.000 0.000 0.000 0.000 0.000 0.000 0.000 0.000 0.000 0.000 0.000 0.000 0.000 0.000 0.000 0.000 0.000 0.000 0.000 0.000 0.000 0.000 0.000 0.000 0.000 0.000 0.000 0.000 0.000 0.000 0.000 0.000 0.000 0.000 0.000 0.000 0.000 0.000 0.000 0.000 0.000 0.000 0.000 0.000
0.000 0.000 0.000 0.000 0.000 0.000 0.000 0.000 0.001 0.001 0.001 0.001 0.001 0.001 0.002 0.002 0.002 0.002 0.002 0.003 0.003 0.003 0.002 0.002 0.002 0.002 0.001 0.001 0.001 0.000 0.000 0.000 0.000 0.000 0.000 0.000 0.000 0.000 0.000 0.000 0.000 0.000 0.000 0.000 0.000 0.000 0.000 0.000 0.000 0.000 0.000 0.000 0.000 0.000 0.000 0.000 0.000 0.000 0.000 0.000 0.000 0.000 0.000 0.000 0.000 0.000 0.000 0.000 0.000 0.000 0.000 0.000 0.000 0.000 0.000 0.000 0.000
0.000 0.000 0.000 0.000 0.000 0.000 0.000 0.000 0.000 0.000 0.001 0.001 0.001 0.001 0.001 0.001 0.002 0.002 0.002 0.002 0.002 0.002 0.002 0.002 0.002 0.001 0.001 0.001 0.000 0.000 0.000 0.000 0.000 0.000 0.000 0.000 0.000 0.000 0.000 0.000 0.000 0.000 0.000 0.000 0.000 0.000 0.000 0.000 0.000 0.000 0.000 0.000 0.000 0.000 0.000 0.000 0.000 0.000 0.000 0.000 0.000 0.000 0.000 0.000 0.000 0.000 0.000 0.000 0.000 0.000 0.000 0.000 0.000 0.000 0.000 0.000 0.000
