RESULTS/r.avaflow_results/21_results/21_ascii/21_hflow30052.asc
ncols 506
nrows 317
xllcenter 498237.50
yllcenter 5580050.00
cellsize 12.50
NODATA_value -9999.000
[rows 170 to 203 of 317, columns 154 to 230 of 506]
8.135 7.975 7.818 7.644 7.443 7.223 7.007 6.815 6.645 6.488 6.341 6.196 6.030 5.788 5.403 4.846 4.147 3.377 2.631 1.959 1.382 0.924 0.598 0.392 0.271 0.203 0.170 0.159 0.158 0.164 0.183 0.206 0.225 0.239 0.252 0.267 0.288 0.301 0.305 0.303 0.293 0.281 0.272 0.263 0.250 0.228 0.198 0.171 0.148 0.128 0.110 0.095 0.084 0.077 0.073 0.072 0.073 0.076 0.081 0.084 0.086 0.086 0.085 0.083 0.083 0.084 0.088 0.100 0.130 0.175 0.208 0.221 0.220 0.205 0.174 0.136 0.103
11.406 11.593 11.665 11.652 11.564 11.374 11.106 10.810 10.523 10.246 9.987 9.738 9.480 9.163 8.689 7.992 7.078 6.003 4.865 3.773 2.775 1.918 1.252 0.796 0.520 0.362 0.277 0.239 0.229 0.235 0.252 0.268 0.276 0.280 0.283 0.289 0.300 0.307 0.308 0.301 0.287 0.271 0.258 0.244 0.226 0.197 0.155 0.118 0.092 0.075 0.065 0.058 0.054 0.052 0.052 0.053 0.057 0.062 0.066 0.068 0.068 0.068 0.066 0.064 0.064 0.064 0.067 0.077 0.098 0.138 0.183 0.210 0.219 0.219 0.209 0.188 0.155
14.941 15.480 15.685 15.692 15.576 15.312 14.952 14.570 14.207 13.855 13.527 13.224 12.928 12.599 12.143 11.445 10.453 9.204 7.799 6.361 4.962 3.653 2.519 1.644 1.051 0.684 0.472 0.361 0.311 0.294 0.290 0.291 0.290 0.288 0.286 0.287 0.291 0.293 0.289 0.275 0.251 0.227 0.207 0.187 0.162 0.128 0.091 0.066 0.052 0.045 0.040 0.038 0.037 0.037 0.038 0.040 0.045 0.050 0.054 0.055 0.055 0.054 0.052 0.051 0.051 0.051 0.053 0.060 0.075 0.101 0.145 0.189 0.214 0.222 0.223 0.216 0.196
17.560 18.417 18.792 18.845 18.744 18.501 18.175 17.833 17.489 17.132 16.763 16.420 16.096 15.755 15.319 14.658 13.703 12.478 11.057 9.509 7.885 6.218 4.577 3.158 2.070 1.313 0.836 0.563 0.417 0.340 0.304 0.289 0.283 0.276 0.269 0.262 0.257 0.251 0.239 0.213 0.176 0.146 0.124 0.105 0.087 0.067 0.050 0.039 0.033 0.029 0.027 0.027 0.026 0.027 0.028 0.031 0.035 0.040 0.043 0.044 0.044 0.043 0.042 0.041 0.041 0.042 0.044 0.049 0.058 0.074 0.102 0.148 0.194 0.217 0.224 0.223 0.212
18.983 20.071 20.695 20.950 21.009 20.932 20.787 20.600 20.369 20.068 19.689 19.291 18.929 18.561 18.124 17.492 16.582 15.407 14.030 12.517 10.893 9.145 7.236 5.263 3.553 2.247 1.353 0.814 0.521 0.370 0.300 0.270 0.253 0.239 0.223 0.207 0.192 0.177 0.158 0.129 0.100 0.080 0.067 0.056 0.047 0.037 0.030 0.025 0.022 0.021 0.020 0.020 0.020 0.020 0.021 0.024 0.027 0.031 0.034 0.035 0.035 0.035 0.035 0.035 0.035 0.036 0.038 0.041 0.047 0.057 0.073 0.104 0.153 0.196 0.215 0.219 0.214
19.325 20.525 21.375 21.930 22.284 22.492 22.594 22.589 22.504 22.294 21.927 21.454 21.041 20.653 20.222 19.642 18.830 17.763 16.450 14.922 13.217 11.345 9.259 6.888 4.663 2.914 1.694 0.964 0.576 0.380 0.284 0.233 0.200 0.172 0.148 0.129 0.116 0.104 0.091 0.074 0.058 0.047 0.039 0.033 0.028 0.024 0.020 0.018 0.016 0.016 0.015 0.015 0.015 0.016 0.017 0.018 0.021 0.024 0.026 0.028 0.028 0.029 0.029 0.030 0.031 0.032 0.034 0.036 0.040 0.046 0.057 0.076 0.110 0.156 0.189 0.202 0.205
19.095 20.357 21.338 22.079 22.678 23.152 23.447 23.565 23.570 23.446 23.103 22.562 22.109 21.738 21.340 20.819 20.111 19.177 17.964 16.447 14.654 12.628 10.349 7.716 5.174 3.188 1.816 1.009 0.588 0.371 0.255 0.186 0.139 0.107 0.086 0.074 0.067 0.061 0.054 0.044 0.036 0.030 0.025 0.022 0.019 0.016 0.014 0.013 0.012 0.012 0.012 0.012 0.012 0.012 0.013 0.014 0.016 0.018 0.020 0.022 0.023 0.024 0.025 0.026 0.027 0.029 0.031 0.033 0.036 0.040 0.048 0.060 0.081 0.114 0.147 0.171 0.184
18.305 19.691 20.875 21.842 22.619 23.200 23.553 23.702 23.730 23.646 23.321 22.753 22.281 21.937 21.569 21.077 20.417 19.563 18.441 16.966 15.136 13.009 10.611 7.859 5.228 3.184 1.789 0.982 0.560 0.336 0.210 0.136 0.092 0.066 0.052 0.045 0.040 0.037 0.033 0.028 0.024 0.020 0.018 0.015 0.013 0.012 0.011 0.010 0.009 0.009 0.009 0.009 0.009 0.009 0.010 0.010 0.012 0.013 0.015 0.017 0.019 0.020 0.021 0.023 0.024 0.026 0.028 0.030 0.033 0.036 0.042 0.051 0.065 0.085 0.111 0.133 0.152
17.073 18.602 19.981 21.172 22.130 22.798 23.164 23.300 23.317 23.224 22.909 22.369 21.883 21.514 21.126 20.624 19.988 19.191 18.139 16.714 14.893 12.728 10.246 7.428 4.855 2.886 1.577 0.841 0.460 0.259 0.147 0.088 0.057 0.041 0.033 0.029 0.026 0.024 0.021 0.019 0.016 0.015 0.013 0.011 0.010 0.009 0.008 0.007 0.007 0.006 0.006 0.006 0.006 0.006 0.007 0.008 0.009 0.010 0.011 0.013 0.015 0.016 0.018 0.020 0.021 0.023 0.025 0.027 0.030 0.033 0.038 0.045 0.055 0.069 0.087 0.105 0.121
15.601 17.220 18.698 19.999 21.049 21.778 22.166 22.282 22.249 22.062 21.740 21.333 20.881 20.387 19.838 19.258 18.618 17.866 16.881 15.506 13.679 11.441 8.856 6.141 3.841 2.159 1.104 0.547 0.277 0.147 0.083 0.052 0.036 0.027 0.022 0.020 0.018 0.016 0.015 0.013 0.012 0.011 0.009 0.008 0.007 0.006 0.005 0.005 0.004 0.004 0.004 0.004 0.004 0.004 0.004 0.005 0.006 0.007 0.008 0.010 0.011 0.013 0.014 0.016 0.018 0.020 0.022 0.024 0.027 0.031 0.035 0.041 0.049 0.060 0.073 0.087 0.100
13.933 15.532 17.004 18.330 19.442 20.261 20.724 20.850 20.760 20.486 20.195 19.945 19.553 18.881 18.081 17.365 16.666 15.873 14.816 13.333 11.353 8.915 6.301 3.965 2.236 1.130 0.529 0.247 0.125 0.071 0.045 0.031 0.024 0.019 0.016 0.014 0.013 0.012 0.011 0.010 0.009 0.008 0.007 0.006 0.005 0.004 0.004 0.003 0.003 0.002 0.002 0.002 0.002 0.002 0.003 0.003 0.004 0.005 0.006 0.007 0.008 0.010 0.011 0.013 0.015 0.017 0.019 0.022 0.025 0.028 0.032 0.038 0.046 0.055 0.066 0.077 0.088
12.042 13.521 14.947 16.324 17.582 18.601 19.265 19.519 19.472 19.230 18.951 18.675 18.201 17.394 16.449 15.592 14.717 13.673 12.265 10.370 7.925 5.368 3.270 1.828 0.941 0.451 0.209 0.102 0.057 0.037 0.026 0.020 0.017 0.014 0.012 0.011 0.010 0.009 0.008 0.007 0.006 0.005 0.005 0.004 0.003 0.003 0.002 0.002 0.001 0.001 0.001 0.001 0.001 0.001 0.001 0.002 0.002 0.003 0.004 0.005 0.006 0.007 0.009 0.010 0.012 0.014 0.016 0.019 0.022 0.026 0.030 0.036 0.044 0.052 0.062 0.072 0.080
9.985 11.325 12.711 14.161 15.634 16.906 17.794 18.189 18.205 18.011 17.679 17.246 16.594 15.686 14.674 13.680 12.581 11.122 9.095 6.599 4.203 2.428 1.278 0.639 0.318 0.158 0.081 0.046 0.030 0.022 0.018 0.015 0.012 0.011 0.009 0.008 0.007 0.006 0.006 0.005 0.004 0.003 0.003 0.002 0.002 0.001 0.001 0.001 0.001 0.000 0.000 0.000 0.000 0.000 0.000 0.001 0.001 0.001 0.002 0.003 0.004 0.005 0.006 0.008 0.009 0.011 0.014 0.017 0.020 0.023 0.028 0.034 0.042 0.051 0.060 0.068 0.076
8.001 9.188 10.457 11.865 13.409 14.793 15.797 16.303 16.385 16.193 15.690 14.929 13.991 12.983 11.934 10.788 9.374 7.435 5.121 3.062 1.649 0.797 0.372 0.187 0.102 0.059 0.036 0.025 0.019 0.015 0.013 0.011 0.009 0.008 0.007 0.006 0.005 0.004 0.004 0.003 0.003 0.002 0.002 0.001 0.001 0.001 0.000 0.000 0.000 0.000 0.000 0.000 0.000 0.000 0.000 0.000 0.000 0.001 0.001 0.002 0.002 0.003 0.004 0.006 0.007 0.009 0.012 0.014 0.018 0.021 0.027 0.033 0.041 0.050 0.058 0.065 0.073
6.071 7.048 8.066 9.163 10.357 11.500 12.393 12.896 13.006 12.812 12.177 11.116 9.826 8.636 7.511 6.306 4.902 3.333 1.934 0.973 0.441 0.199 0.103 0.061 0.040 0.028 0.021 0.016 0.014 0.011 0.010 0.008 0.007 0.006 0.005 0.004 0.004 0.003 0.002 0.002 0.001 0.001 0.001 0.000 0.000 0.000 0.000 0.000 0.000 0.000 0.000 0.000 0.000 0.000 0.000 0.000 0.000 0.000 0.000 0.001 0.001 0.002 0.003 0.004 0.005 0.007 0.009 0.012 0.015 0.020 0.025 0.031 0.040 0.049 0.057 0.064 0.071
4.064 4.639 5.159 5.649 6.159 6.729 7.266 7.602 7.691 7.549 6.994 6.019 4.874 3.943 3.168 2.446 1.697 0.978 0.482 0.217 0.104 0.059 0.039 0.029 0.022 0.018 0.015 0.012 0.011 0.009 0.008 0.006 0.005 0.004 0.004 0.003 0.002 0.002 0.001 0.001 0.001 0.000 0.000 0.000 0.000 0.000 0.000 0.000 0.000 0.000 0.000 0.000 0.000 0.000 0.000 0.000 0.000 0.000 0.000 0.000 0.000 0.001 0.002 0.003 0.004 0.005 0.008 0.010 0.013 0.017 0.023 0.029 0.038 0.047 0.055 0.063 0.071
2.212 2.385 2.511 2.608 2.700 2.825 2.992 3.102 3.131 3.071 2.813 2.321 1.709 1.242 0.913 0.647 0.403 0.215 0.107 0.058 0.037 0.027 0.022 0.018 0.016 0.014 0.012 0.010 0.009 0.007 0.006 0.005 0.004 0.003 0.002 0.002 0.001 0.001 0.000 0.000 0.000 0.000 0.000 0.000 0.000 0.000 0.000 0.000 0.000 0.000 0.000 0.000 0.000 0.000 0.000 0.000 0.000 0.000 0.000 0.000 0.000 0.000 0.001 0.002 0.003 0.004 0.006 0.008 0.011 0.015 0.020 0.027 0.034 0.043 0.052 0.061 0.071
0.941 0.944 0.937 0.921 0.900 0.891 0.907 0.918 0.915 0.889 0.803 0.640 0.439 0.301 0.216 0.151 0.096 0.058 0.037 0.027 0.021 0.018 0.016 0.014 0.013 0.011 0.010 0.008 0.007 0.006 0.005 0.003 0.003 0.002 0.001 0.001 0.000 0.000 0.000 0.000 0.000 0.000 0.000 0.000 0.000 0.000 0.000 0.000 0.000 0.000 0.000 0.000 0.000 0.000 0.000 0.000 0.000 0.000 0.000 0.000 0.000 0.000 0.000 0.001 0.002 0.003 0.004 0.006 0.009 0.012 0.017 0.023 0.030 0.038 0.048 0.059 0.071
0.324 0.309 0.300 0.291 0.278 0.264 0.256 0.248 0.241 0.229 0.206 0.165 0.115 0.082 0.062 0.047 0.035 0.026 0.021 0.018 0.016 0.014 0.013 0.012 0.011 0.010 0.008 0.007 0.006 0.004 0.003 0.002 0.002 0.001 0.000 0.000 0.000 0.000 0.000 0.000 0.000 0.000 0.000 0.000 0.000 0.000 0.000 0.000 0.000 0.000 0.000 0.000 0.000 0.000 0.000 0.000 0.000 0.000 0.000 0.000 0.000 0.000 0.000 0.000 0.001 0.002 0.003 0.005 0.007 0.010 0.014 0.019 0.025 0.033 0.043 0.056 0.071
0.114 0.108 0.105 0.103 0.099 0.092 0.086 0.080 0.076 0.071 0.065 0.055 0.043 0.034 0.028 0.024 0.020 0.018 0.016 0.014 0.013 0.012 0.011 0.010 0.009 0.008 0.007 0.006 0.005 0.003 0.002 0.001 0.001 0.000 0.000 0.000 0.000 0.000 0.000 0.000 0.000 0.000 0.000 0.000 0.000 0.000 0.000 0.000 0.000 0.000 0.000 0.000 0.000 0.000 0.000 0.000 0.000 0.000 0.000 0.000 0.000 0.000 0.000 0.000 0.000 0.001 0.002 0.003 0.005 0.007 0.010 0.014 0.020 0.027 0.038 0.051 0.067
0.048 0.047 0.046 0.046 0.044 0.042 0.039 0.036 0.034 0.032 0.030 0.027 0.024 0.021 0.019 0.017 0.015 0.014 0.013 0.012 0.011 0.010 0.010 0.009 0.008 0.007 0.006 0.005 0.004 0.003 0.002 0.001 0.000 0.000 0.000 0.000 0.000 0.000 0.000 0.000 0.000 0.000 0.000 0.000 0.000 0.000 0.000 0.000 0.000 0.000 0.000 0.000 0.000 0.000 0.000 0.000 0.000 0.000 0.000 0.000 0.000 0.000 0.000 0.000 0.000 0.000 0.001 0.002 0.003 0.005 0.008 0.011 0.015 0.021 0.030 0.043 0.058
0.026 0.026 0.026 0.026 0.025 0.024 0.023 0.021 0.020 0.020 0.019 0.018 0.017 0.016 0.014 0.013 0.012 0.012 0.011 0.011 0.010 0.009 0.009 0.008 0.007 0.006 0.005 0.004 0.003 0.002 0.001 0.000 0.000 0.000 0.000 0.000 0.000 0.000 0.000 0.000 0.000 0.000 0.000 0.000 0.000 0.000 0.000 0.000 0.000 0.000 0.000 0.000 0.000 0.000 0.000 0.000 0.000 0.000 0.000 0.000 0.000 0.000 0.000 0.000 0.000 0.000 0.000 0.001 0.002 0.003 0.005 0.008 0.011 0.016 0.022 0.031 0.043
0.017 0.017 0.017 0.017 0.017 0.016 0.016 0.015 0.015 0.014 0.014 0.014 0.013 0.013 0.012 0.011 0.011 0.010 0.010 0.009 0.009 0.008 0.008 0.007 0.006 0.006 0.005 0.003 0.002 0.001 0.001 0.000 0.000 0.000 0.000 0.000 0.000 0.000 0.000 0.000 0.000 0.000 0.000 0.000 0.000 0.000 0.000 0.000 0.000 0.000 0.000 0.000 0.000 0.000 0.000 0.000 0.000 0.000 0.000 0.000 0.000 0.000 0.000 0.000 0.000 0.000 0.000 0.000 0.001 0.002 0.003 0.005 0.008 0.011 0.015 0.021 0.029
0.012 0.012 0.012 0.012 0.012 0.012 0.011 0.011 0.011 0.011 0.011 0.011 0.011 0.011 0.010 0.010 0.009 0.009 0.009 0.008 0.008 0.007 0.007 0.006 0.006 0.005 0.004 0.003 0.002 0.001 0.000 0.000 0.000 0.000 0.000 0.000 0.000 0.000 0.000 0.000 0.000 0.000 0.000 0.000 0.000 0.000 0.000 0.000 0.000 0.000 0.000 0.000 0.000 0.000 0.000 0.000 0.000 0.000 0.000 0.000 0.000 0.000 0.000 0.000 0.000 0.000 0.000 0.000 0.000 0.001 0.002 0.003 0.005 0.008 0.011 0.014 0.019
0.009 0.009 0.009 0.009 0.009 0.009 0.009 0.009 0.009 0.009 0.009 0.009 0.009 0.009 0.009 0.009 0.008 0.008 0.008 0.007 0.007 0.007 0.006 0.006 0.005 0.004 0.004 0.002 0.002 0.001 0.000 0.000 0.000 0.000 0.000 0.000 0.000 0.000 0.000 0.000 0.000 0.000 0.000 0.000 0.000 0.000 0.000 0.000 0.000 0.000 0.000 0.000 0.000 0.000 0.000 0.000 0.000 0.000 0.000 0.000 0.000 0.000 0.000 0.000 0.000 0.000 0.000 0.000 0.000 0.000 0.001 0.002 0.003 0.005 0.007 0.010 0.013
0.007 0.007 0.007 0.007 0.007 0.007 0.007 0.007 0.007 0.007 0.007 0.008 0.008 0.008 0.008 0.008 0.007 0.007 0.007 0.007 0.006 0.006 0.006 0.005 0.005 0.004 0.003 0.002 0.001 0.001 0.000 0.000 0.000 0.000 0.000 0.000 0.000 0.000 0.000 0.000 0.000 0.000 0.000 0.000 0.000 0.000 0.000 0.000 0.000 0.000 0.000 0.000 0.000 0.000 0.000 0.000 0.000 0.000 0.000 0.000 0.000 0.000 0.000 0.000 0.000 0.000 0.000 0.000 0.000 0.000 0.000 0.001 0.002 0.003 0.005 0.007 0.009
0.005 0.005 0.005 0.005 0.005 0.005 0.005 0.006 0.006 0.006 0.006 0.006 0.006 0.007 0.007 0.007 0.006 0.006 0.006 0.006 0.006 0.005 0.005 0.005 0.004 0.004 0.003 0.002 0.001 0.001 0.000 0.000 0.000 0.000 0.000 0.000 0.000 0.000 0.000 0.000 0.000 0.000 0.000 0.000 0.000 0.000 0.000 0.000 0.000 0.000 0.000 0.000 0.000 0.000 0.000 0.000 0.000 0.000 0.000 0.000 0.000 0.000 0.000 0.000 0.000 0.000 0.000 0.000 0.000 0.000 0.000 0.000 0.001 0.002 0.003 0.004 0.006
0.003 0.003 0.003 0.004 0.004 0.004 0.004 0.004 0.005 0.005 0.005 0.005 0.005 0.005 0.006 0.006 0.006 0.005 0.005 0.005 0.005 0.005 0.005 0.004 0.004 0.003 0.003 0.002 0.001 0.001 0.000 0.000 0.000 0.000 0.000 0.000 0.000 0.000 0.000 0.000 0.000 0.000 0.000 0.000 0.000 0.000 0.000 0.000 0.000 0.000 0.000 0.000 0.000 0.000 0.000 0.000 0.000 0.000 0.000 0.000 0.000 0.000 0.000 0.000 0.000 0.000 0.000 0.000 0.000 0.000 0.000 0.000 0.000 0.001 0.002 0.003 0.004
0.002 0.002 0.002 0.002 0.003 0.003 0.003 0.003 0.003 0.004 0.004 0.004 0.004 0.004 0.005 0.005 0.005 0.005 0.005 0.004 0.004 0.004 0.004 0.004 0.004 0.003 0.002 0.002 0.001 0.000 0.000 0.000 0.000 0.000 0.000 0.000 0.000 0.000 0.000 0.000 0.000 0.000 0.000 0.000 0.000 0.000 0.000 0.000 0.000 0.000 0.000 0.000 0.000 0.000 0.000 0.000 0.000 0.000 0.000 0.000 0.000 0.000 0.000 0.000 0.000 0.000 0.000 0.000 0.000 0.000 0.000 0.000 0.000 0.000 0.001 0.001 0.002
0.001 0.001 0.001 0.002 0.002 0.002 0.002 0.002 0.002 0.003 0.003 0.003 0.003 0.004 0.004 0.004 0.004 0.004 0.004 0.004 0.004 0.004 0.004 0.003 0.003 0.003 0.002 0.001 0.001 0.000 0.000 0.000 0.000 0.000 0.000 0.000 0.000 0.000 0.000 0.000 0.000 0.000 0.000 0.000 0.000 0.000 0.000 0.000 0.000 0.000 0.000 0.000 0.000 0.000 0.000 0.000 0.000 0.000 0.000 0.000 0.000 0.000 0.000 0.000 0.000 0.000 0.000 0.000 0.000 0.000 0.000 0.000 0.000 0.000 0.000 0.000 0.001
0.001 0.001 0.001 0.001 0.001 0.001 0.001 0.001 0.002 0.002 0.002 0.002 0.003 0.003 0.003 0.003 0.003 0.003 0.003 0.003 0.003 0.003 0.003 0.003 0.003 0.002 0.002 0.001 0.001 0.000 0.000 0.000 0.000 0.000 0.000 0.000 0.000 0.000 0.000 0.000 0.000 0.000 0.000 0.000 0.000 0.000 0.000 0.000 0.000 0.000 0.000 0.000 0.000 0.000 0.000 0.000 0.000 0.000 0.000 0.000 0.000 0.000 0.000 0.000 0.000 0.000 0.000 0.000 0.000 0.000 0.000 0.000 0.000 0.000 0.000 0.000 0.000
0.000 0.000 0.000 0.000 0.000 0.001 0.001 0.001 0.001 0.001 0.001 0.002 0.002 0.002 0.002 0.002 0.002 0.002 0.002 0.002 0.002 0.002 0.002 0.002 0.002 0.002 0.002 0.001 0.001 0.000 0.000 0.000 0.000 0.000 0.000 0.000 0.000 0.000 0.000 0.000 0.000 0.000 0.000 0.000 0.000 0.000 0.000 0.000 0.000 0.000 0.000 0.000 0.000 0.000 0.000 0.000 0.000 0.000 0.000 0.000 0.000 0.000 0.000 0.000 0.000 0.000 0.000 0.000 0.000 0.000 0.000 0.000 0.000 0.000 0.000 0.000 0.000
0.000 0.000 0.000 0.000 0.000 0.000 0.000 0.000 0.001 0.001 0.001 0.001 0.001 0.001 0.002 0.002 0.002 0.002 0.002 0.002 0.002 0.002 0.002 0.002 0.002 0.002 0.001 0.001 0.000 0.000 0.000 0.000 0.000 0.000 0.000 0.000 0.000 0.000 0.000 0.000 0.000 0.000 0.000 0.000 0.000 0.000 0.000 0.000 0.000 0.000 0.000 0.000 0.000 0.000 0.000 0.000 0.000 0.000 0.000 0.000 0.000 0.000 0.000 0.000 0.000 0.000 0.000 0.000 0.000 0.000 0.000 0.000 0.000 0.000 0.000 0.000 0.000
0.000 0.000 0.000 0.000 0.000 0.000 0.000 0.000 0.000 0.000 0.000 0.001 0.001 0.001 0.001 0.001 0.001 0.001 0.001 0.001 0.001 0.001 0.001 0.001 0.001 0.001 0.001 0.001 0.000 0.000 0.000 0.000 0.000 0.000 0.000 0.000 0.000 0.000 0.000 0.000 0.000 0.000 0.000 0.000 0.000 0.000 0.000 0.000 0.000 0.000 0.000 0.000 0.000 0.000 0.000 0.000 0.000 0.000 0.000 0.000 0.000 0.000 0.000 0.000 0.000 0.000 0.000 0.000 0.000 0.000 0.000 0.000 0.000 0.000 0.000 0.000 0.000
