RESULTS/r.avaflow_results/21_results/21_ascii/21_hflow0050.asc
ncols 506
nrows 317
xllcenter 498237.50
yllcenter 5580050.00
cellsize 12.50
NODATA_value -9999.000
[rows 170 to 203 of 317, columns 77 to 153 of 506]
0.000 0.000 0.000 0.000 0.000 0.000 0.000 0.000 0.000 0.000 0.000 0.000 0.000 0.000 0.000 0.000 0.000 0.000 0.000 0.000 0.000 0.000 0.001 0.002 0.003 0.005 0.005 0.005 0.005 0.005 0.005 0.005 0.004 0.003 0.003 0.002 0.002 0.002 0.001 0.001 0.001 0.001 0.002 0.002 0.004 0.006 0.008 0.012 0.019 0.033 0.067 0.158 0.386 0.845 1.545 2.391 3.345 4.550 6.156 8.174 10.352 12.144 13.409 14.131 14.377 14.342 14.162 13.898 13.566 13.101 12.411 11.514 10.619 9.933 9.406 8.990 8.676
0.000 0.000 0.000 0.000 0.000 0.000 0.000 0.000 0.000 0.000 0.000 0.000 0.000 0.000 0.000 0.000 0.000 0.000 0.000 0.000 0.000 0.001 0.002 0.004 0.006 0.007 0.007 0.007 0.007 0.007 0.007 0.007 0.006 0.005 0.004 0.003 0.003 0.003 0.002 0.002 0.002 0.003 0.003 0.004 0.006 0.009 0.013 0.021 0.038 0.078 0.180 0.419 0.891 1.608 2.465 3.387 4.440 5.776 7.523 9.676 11.713 13.210 14.164 14.614 14.680 14.558 14.311 13.969 13.566 13.088 12.509 11.940 11.567 11.393 11.346 11.378 11.536
0.000 0.000 0.000 0.000 0.000 0.000 0.000 0.000 0.000 0.000 0.000 0.000 0.000 0.000 0.000 0.000 0.000 0.000 0.000 0.001 0.001 0.003 0.005 0.008 0.009 0.010 0.010 0.010 0.010 0.010 0.010 0.009 0.008 0.006 0.005 0.005 0.004 0.004 0.004 0.004 0.004 0.004 0.005 0.006 0.009 0.014 0.024 0.045 0.093 0.209 0.462 0.926 1.563 2.270 3.015 3.871 4.956 6.379 8.202 10.384 12.256 13.559 14.326 14.657 14.684 14.560 14.334 14.026 13.698 13.394 13.146 13.051 13.093 13.194 13.376 13.768 14.478
0.000 0.000 0.000 0.000 0.000 0.000 0.000 0.000 0.000 0.000 0.000 0.000 0.000 0.000 0.000 0.000 0.000 0.000 0.001 0.002 0.003 0.006 0.009 0.012 0.013 0.013 0.013 0.013 0.013 0.013 0.013 0.012 0.010 0.008 0.007 0.006 0.006 0.005 0.005 0.005 0.006 0.006 0.007 0.010 0.015 0.027 0.052 0.108 0.237 0.507 0.971 1.545 2.117 2.677 3.276 4.024 5.080 6.525 8.371 10.525 12.291 13.514 14.218 14.523 14.576 14.508 14.382 14.253 14.194 14.200 14.215 14.243 14.297 14.434 14.766 15.468 16.639
0.000 0.000 0.000 0.000 0.000 0.000 0.000 0.000 0.000 0.000 0.000 0.000 0.000 0.000 0.000 0.000 0.000 0.000 0.002 0.003 0.006 0.010 0.013 0.015 0.016 0.017 0.017 0.017 0.017 0.016 0.016 0.015 0.013 0.010 0.008 0.007 0.006 0.006 0.006 0.007 0.007 0.008 0.010 0.016 0.028 0.057 0.121 0.258 0.527 0.960 1.470 1.959 2.415 2.864 3.367 4.036 5.041 6.465 8.308 10.409 12.067 13.189 13.848 14.197 14.375 14.482 14.572 14.658 14.741 14.804 14.816 14.816 14.860 15.070 15.582 16.509 17.882
0.000 0.000 0.000 0.000 0.000 0.000 0.000 0.000 0.000 0.000 0.000 0.000 0.000 0.000 0.000 0.000 0.000 0.001 0.003 0.005 0.009 0.013 0.016 0.018 0.019 0.020 0.020 0.020 0.020 0.020 0.019 0.017 0.015 0.012 0.009 0.007 0.007 0.007 0.007 0.008 0.009 0.011 0.015 0.027 0.056 0.124 0.265 0.523 0.903 1.335 1.745 2.131 2.512 2.915 3.381 3.979 4.861 6.204 8.033 10.054 11.571 12.587 13.252 13.728 14.115 14.426 14.641 14.782 14.873 14.912 14.901 14.888 14.938 15.210 15.844 16.869 18.241
0.000 0.000 0.000 0.000 0.000 0.000 0.000 0.000 0.000 0.000 0.000 0.000 0.000 0.000 0.000 0.000 0.000 0.001 0.003 0.006 0.011 0.015 0.018 0.021 0.022 0.023 0.023 0.023 0.023 0.022 0.021 0.019 0.017 0.013 0.010 0.008 0.007 0.007 0.007 0.008 0.010 0.014 0.024 0.048 0.111 0.250 0.492 0.819 1.177 1.521 1.844 2.168 2.521 2.914 3.355 3.865 4.565 5.744 7.525 9.488 10.901 11.850 12.558 13.185 13.756 14.194 14.446 14.562 14.594 14.564 14.502 14.456 14.509 14.849 15.580 16.666 18.029
0.000 0.000 0.000 0.000 0.000 0.000 0.000 0.000 0.000 0.000 0.000 0.000 0.000 0.000 0.000 0.000 0.000 0.001 0.003 0.007 0.012 0.017 0.021 0.023 0.024 0.025 0.025 0.025 0.025 0.025 0.024 0.021 0.018 0.014 0.011 0.008 0.007 0.007 0.008 0.009 0.011 0.018 0.037 0.086 0.204 0.421 0.713 1.014 1.301 1.579 1.859 2.164 2.505 2.884 3.295 3.746 4.319 5.305 6.930 8.800 10.144 11.068 11.817 12.510 13.106 13.509 13.691 13.720 13.655 13.515 13.361 13.266 13.304 13.689 14.530 15.748 17.197
0.000 0.000 0.000 0.000 0.000 0.000 0.000 0.000 0.000 0.000 0.000 0.000 0.000 0.000 0.000 0.000 0.000 0.001 0.004 0.007 0.013 0.019 0.023 0.025 0.027 0.027 0.028 0.028 0.027 0.027 0.025 0.023 0.020 0.016 0.011 0.009 0.007 0.007 0.008 0.009 0.012 0.022 0.053 0.135 0.306 0.568 0.846 1.097 1.337 1.582 1.849 2.144 2.468 2.824 3.208 3.622 4.132 4.979 6.392 8.055 9.277 10.155 10.883 11.512 11.985 12.242 12.295 12.222 12.039 11.745 11.482 11.352 11.413 11.889 12.867 14.253 15.862
0.000 0.000 0.000 0.000 0.000 0.000 0.000 0.000 0.000 0.000 0.000 0.000 0.000 0.000 0.000 0.000 0.000 0.001 0.003 0.007 0.013 0.020 0.024 0.027 0.029 0.029 0.029 0.029 0.029 0.028 0.027 0.025 0.021 0.017 0.012 0.009 0.008 0.007 0.008 0.009 0.012 0.024 0.063 0.170 0.380 0.656 0.900 1.118 1.335 1.567 1.823 2.104 2.409 2.741 3.100 3.488 3.953 4.688 5.885 7.243 8.235 8.972 9.581 10.064 10.361 10.446 10.379 10.214 9.925 9.580 9.374 9.334 9.571 10.225 11.291 12.690 14.328
0.000 0.000 0.000 0.000 0.000 0.000 0.000 0.000 0.000 0.000 0.000 0.000 0.000 0.000 0.000 0.000 0.000 0.001 0.003 0.007 0.013 0.020 0.026 0.029 0.030 0.031 0.031 0.031 0.030 0.030 0.028 0.026 0.022 0.018 0.013 0.009 0.008 0.007 0.007 0.008 0.012 0.024 0.067 0.187 0.422 0.694 0.912 1.110 1.315 1.535 1.776 2.039 2.326 2.637 2.973 3.337 3.765 4.396 5.379 6.398 7.080 7.563 7.952 8.239 8.389 8.403 8.334 8.194 7.976 7.773 7.681 7.742 8.107 8.833 9.880 11.196 12.731
0.000 0.000 0.000 0.000 0.000 0.000 0.000 0.000 0.000 0.000 0.000 0.000 0.000 0.000 0.000 0.000 0.000 0.001 0.002 0.005 0.011 0.018 0.026 0.030 0.031 0.032 0.032 0.032 0.031 0.030 0.029 0.027 0.023 0.019 0.014 0.010 0.008 0.007 0.007 0.008 0.011 0.024 0.066 0.188 0.434 0.703 0.903 1.082 1.270 1.475 1.699 1.945 2.215 2.509 2.824 3.163 3.551 4.077 4.851 5.595 6.054 6.323 6.500 6.619 6.678 6.670 6.611 6.516 6.390 6.302 6.287 6.426 6.825 7.510 8.463 9.649 11.012
0.000 0.000 0.000 0.000 0.000 0.000 0.000 0.000 0.000 0.000 0.000 0.000 0.000 0.000 0.000 0.000 0.000 0.000 0.001 0.003 0.007 0.014 0.024 0.030 0.032 0.033 0.033 0.032 0.032 0.031 0.030 0.027 0.024 0.020 0.015 0.011 0.008 0.007 0.007 0.008 0.011 0.021 0.061 0.178 0.421 0.688 0.875 1.031 1.194 1.376 1.581 1.814 2.069 2.344 2.640 2.954 3.295 3.712 4.281 4.818 5.140 5.294 5.356 5.373 5.364 5.327 5.267 5.189 5.105 5.062 5.081 5.242 5.605 6.183 6.977 7.972 9.121
0.000 0.000 0.000 0.000 0.000 0.000 0.000 0.000 0.000 0.000 0.000 0.000 0.000 0.000 0.000 0.000 0.000 0.000 0.000 0.001 0.003 0.009 0.019 0.029 0.032 0.033 0.033 0.033 0.032 0.031 0.030 0.028 0.025 0.021 0.016 0.012 0.008 0.007 0.006 0.007 0.009 0.018 0.049 0.148 0.366 0.628 0.814 0.951 1.084 1.230 1.401 1.609 1.848 2.112 2.394 2.686 2.988 3.317 3.718 4.090 4.324 4.432 4.460 4.442 4.401 4.344 4.269 4.170 4.063 4.006 4.011 4.129 4.398 4.828 5.437 6.240 7.221
0.000 0.000 0.000 0.000 0.000 0.000 0.000 0.000 0.000 0.000 0.000 0.000 0.000 0.000 0.000 0.000 0.000 0.000 0.000 0.001 0.001 0.004 0.013 0.025 0.031 0.033 0.033 0.033 0.032 0.031 0.030 0.028 0.026 0.022 0.018 0.013 0.009 0.007 0.006 0.007 0.008 0.013 0.032 0.097 0.260 0.502 0.698 0.831 0.931 1.025 1.132 1.272 1.468 1.723 2.013 2.313 2.612 2.901 3.192 3.442 3.610 3.701 3.729 3.709 3.661 3.595 3.500 3.368 3.214 3.108 3.062 3.095 3.241 3.531 3.989 4.626 5.430
0.000 0.000 0.000 0.000 0.000 0.000 0.000 0.000 0.000 0.000 0.000 0.000 0.000 0.000 0.000 0.000 0.000 0.000 0.000 0.000 0.001 0.002 0.007 0.018 0.028 0.032 0.033 0.032 0.032 0.031 0.030 0.029 0.027 0.024 0.019 0.015 0.011 0.008 0.007 0.007 0.007 0.010 0.019 0.050 0.141 0.323 0.514 0.643 0.711 0.751 0.782 0.833 0.939 1.137 1.427 1.772 2.130 2.443 2.685 2.865 2.989 3.061 3.086 3.068 3.022 2.954 2.846 2.693 2.514 2.354 2.239 2.190 2.228 2.388 2.701 3.160 3.725
0.000 0.000 0.000 0.000 0.000 0.000 0.000 0.000 0.000 0.000 0.000 0.000 0.000 0.000 0.000 0.000 0.000 0.000 0.000 0.000 0.000 0.001 0.003 0.010 0.021 0.029 0.031 0.032 0.031 0.031 0.030 0.029 0.027 0.025 0.021 0.017 0.012 0.009 0.007 0.007 0.007 0.008 0.013 0.027 0.070 0.171 0.307 0.406 0.451 0.466 0.461 0.456 0.483 0.581 0.807 1.151 1.537 1.895 2.149 2.312 2.415 2.474 2.491 2.473 2.429 2.360 2.247 2.095 1.920 1.734 1.560 1.444 1.409 1.464 1.633 1.903 2.196
0.000 0.000 0.000 0.000 0.000 0.000 0.000 0.000 0.000 0.000 0.000 0.000 0.000 0.000 0.000 0.000 0.000 0.000 0.000 0.000 0.000 0.001 0.001 0.005 0.013 0.023 0.029 0.030 0.031 0.031 0.030 0.029 0.028 0.025 0.022 0.018 0.014 0.011 0.009 0.008 0.008 0.008 0.010 0.017 0.036 0.085 0.163 0.227 0.260 0.268 0.258 0.239 0.234 0.261 0.366 0.599 0.941 1.300 1.574 1.750 1.857 1.913 1.930 1.910 1.863 1.789 1.680 1.548 1.397 1.219 1.023 0.874 0.795 0.781 0.830 0.938 1.026
0.000 0.000 0.000 0.000 0.000 0.000 0.000 0.000 0.000 0.000 0.000 0.000 0.000 0.000 0.000 0.000 0.000 0.000 0.000 0.000 0.000 0.000 0.001 0.002 0.006 0.015 0.024 0.028 0.029 0.030 0.030 0.029 0.028 0.026 0.023 0.020 0.016 0.012 0.010 0.009 0.008 0.008 0.009 0.013 0.023 0.045 0.087 0.126 0.149 0.156 0.152 0.137 0.126 0.128 0.158 0.256 0.456 0.733 0.999 1.180 1.293 1.357 1.381 1.365 1.317 1.243 1.148 1.045 0.927 0.780 0.609 0.476 0.396 0.360 0.351 0.364 0.371
0.000 0.000 0.000 0.000 0.000 0.000 0.000 0.000 0.000 0.000 0.000 0.000 0.000 0.000 0.000 0.000 0.000 0.000 0.000 0.000 0.000 0.000 0.000 0.001 0.002 0.007 0.015 0.023 0.027 0.029 0.029 0.029 0.028 0.026 0.024 0.020 0.017 0.013 0.011 0.009 0.009 0.009 0.009 0.011 0.017 0.029 0.053 0.078 0.095 0.101 0.100 0.092 0.082 0.078 0.082 0.110 0.188 0.330 0.504 0.648 0.746 0.806 0.836 0.835 0.803 0.746 0.674 0.602 0.526 0.430 0.316 0.229 0.179 0.153 0.140 0.135 0.130
0.000 0.000 0.000 0.000 0.000 0.000 0.000 0.000 0.000 0.000 0.000 0.000 0.000 0.000 0.000 0.000 0.000 0.000 0.000 0.000 0.000 0.000 0.000 0.001 0.001 0.003 0.007 0.015 0.023 0.027 0.028 0.028 0.027 0.026 0.024 0.021 0.017 0.014 0.012 0.010 0.009 0.009 0.009 0.010 0.014 0.022 0.037 0.055 0.067 0.072 0.073 0.069 0.062 0.056 0.054 0.059 0.081 0.132 0.210 0.287 0.341 0.374 0.391 0.395 0.384 0.357 0.320 0.284 0.247 0.200 0.143 0.102 0.080 0.068 0.062 0.058 0.055
0.000 0.000 0.000 0.000 0.000 0.000 0.000 0.000 0.000 0.000 0.000 0.000 0.000 0.000 0.000 0.000 0.000 0.000 0.000 0.000 0.000 0.000 0.000 0.000 0.001 0.001 0.003 0.007 0.014 0.022 0.026 0.027 0.027 0.026 0.024 0.021 0.017 0.014 0.012 0.010 0.009 0.009 0.009 0.009 0.012 0.018 0.028 0.041 0.050 0.054 0.055 0.054 0.049 0.043 0.040 0.040 0.045 0.059 0.086 0.116 0.137 0.150 0.156 0.158 0.154 0.145 0.131 0.117 0.102 0.085 0.064 0.048 0.039 0.035 0.032 0.030 0.029
0.000 0.000 0.000 0.000 0.000 0.000 0.000 0.000 0.000 0.000 0.000 0.000 0.000 0.000 0.000 0.000 0.000 0.000 0.000 0.000 0.000 0.000 0.000 0.000 0.000 0.001 0.001 0.003 0.007 0.014 0.022 0.025 0.026 0.025 0.024 0.021 0.017 0.014 0.012 0.010 0.009 0.008 0.008 0.009 0.010 0.014 0.021 0.031 0.038 0.041 0.041 0.041 0.038 0.034 0.030 0.029 0.029 0.033 0.042 0.052 0.060 0.064 0.066 0.066 0.065 0.062 0.057 0.051 0.046 0.040 0.032 0.026 0.023 0.021 0.020 0.019 0.018
0.000 0.000 0.000 0.000 0.000 0.000 0.000 0.000 0.000 0.000 0.000 0.000 0.000 0.000 0.000 0.000 0.000 0.000 0.000 0.000 0.000 0.000 0.000 0.000 0.000 0.000 0.001 0.001 0.003 0.007 0.014 0.021 0.024 0.024 0.023 0.020 0.017 0.014 0.012 0.010 0.009 0.008 0.007 0.008 0.008 0.011 0.015 0.022 0.027 0.030 0.030 0.030 0.028 0.026 0.023 0.021 0.021 0.022 0.024 0.028 0.031 0.032 0.033 0.033 0.032 0.031 0.029 0.027 0.024 0.022 0.019 0.017 0.015 0.014 0.014 0.013 0.013
0.000 0.000 0.000 0.000 0.000 0.000 0.000 0.000 0.000 0.000 0.000 0.000 0.000 0.000 0.000 0.000 0.000 0.000 0.000 0.000 0.000 0.001 0.001 0.000 0.000 0.000 0.001 0.001 0.001 0.003 0.007 0.014 0.019 0.021 0.020 0.019 0.017 0.014 0.012 0.010 0.008 0.007 0.006 0.006 0.007 0.008 0.010 0.014 0.018 0.020 0.021 0.021 0.020 0.018 0.016 0.015 0.014 0.014 0.015 0.017 0.018 0.019 0.019 0.019 0.019 0.018 0.017 0.016 0.015 0.014 0.013 0.011 0.011 0.010 0.010 0.010 0.010
0.000 0.000 0.000 0.000 0.000 0.000 0.000 0.000 0.000 0.000 0.000 0.000 0.000 0.000 0.000 0.000 0.000 0.000 0.000 0.000 0.001 0.001 0.001 0.001 0.001 0.001 0.001 0.001 0.001 0.001 0.003 0.007 0.013 0.016 0.017 0.016 0.015 0.013 0.011 0.009 0.007 0.006 0.005 0.005 0.005 0.005 0.006 0.009 0.011 0.012 0.013 0.013 0.013 0.012 0.010 0.010 0.009 0.009 0.010 0.011 0.011 0.012 0.012 0.012 0.012 0.012 0.011 0.010 0.010 0.009 0.009 0.008 0.008 0.008 0.007 0.007 0.007
0.000 0.000 0.000 0.000 0.000 0.000 0.000 0.000 0.000 0.000 0.000 0.000 0.000 0.000 0.000 0.000 0.000 0.000 0.000 0.000 0.001 0.001 0.001 0.001 0.001 0.001 0.001 0.001 0.001 0.001 0.001 0.003 0.007 0.011 0.012 0.013 0.013 0.012 0.010 0.009 0.007 0.005 0.004 0.003 0.003 0.003 0.003 0.005 0.006 0.007 0.007 0.008 0.007 0.007 0.006 0.006 0.006 0.006 0.006 0.007 0.007 0.008 0.008 0.008 0.008 0.008 0.007 0.007 0.007 0.006 0.006 0.006 0.006 0.006 0.005 0.005 0.005
0.000 0.000 0.000 0.000 0.000 0.000 0.000 0.000 0.000 0.000 0.000 0.000 0.000 0.000 0.000 0.000 0.000 0.000 0.000 0.001 0.001 0.001 0.001 0.001 0.001 0.001 0.001 0.001 0.001 0.001 0.001 0.002 0.004 0.006 0.008 0.009 0.009 0.009 0.009 0.008 0.006 0.004 0.003 0.002 0.002 0.002 0.002 0.002 0.003 0.003 0.004 0.004 0.004 0.004 0.004 0.004 0.004 0.004 0.004 0.004 0.005 0.005 0.005 0.005 0.005 0.005 0.005 0.005 0.005 0.005 0.004 0.004 0.004 0.004 0.004 0.004 0.004
0.000 0.000 0.000 0.000 0.000 0.000 0.000 0.000 0.000 0.000 0.000 0.000 0.000 0.000 0.000 0.000 0.000 0.001 0.001 0.001 0.001 0.001 0.001 0.001 0.001 0.001 0.001 0.001 0.001 0.001 0.001 0.001 0.002 0.003 0.004 0.005 0.005 0.006 0.006 0.006 0.005 0.003 0.002 0.001 0.001 0.001 0.001 0.001 0.001 0.001 0.002 0.002 0.002 0.002 0.002 0.002 0.002 0.002 0.002 0.003 0.003 0.003 0.003 0.003 0.003 0.003 0.003 0.003 0.003 0.003 0.003 0.003 0.003 0.003 0.002 0.002 0.003
0.000 0.000 0.000 0.000 0.000 0.000 0.000 0.000 0.000 0.000 0.000 0.000 0.000 0.000 0.000 0.000 0.000 0.001 0.001 0.001 0.001 0.001 0.001 0.001 0.001 0.001 0.001 0.001 0.000 0.000 0.001 0.001 0.001 0.001 0.002 0.002 0.003 0.003 0.003 0.003 0.002 0.002 0.001 0.001 0.001 0.001 0.001 0.001 0.001 0.001 0.001 0.001 0.001 0.001 0.001 0.001 0.001 0.001 0.002 0.002 0.002 0.002 0.002 0.002 0.002 0.002 0.002 0.002 0.002 0.002 0.002 0.002 0.002 0.001 0.001 0.001 0.002
0.000 0.000 0.000 0.000 0.001 0.000 0.000 0.000 0.000 0.000 0.000 0.000 0.000 0.000 0.000 0.000 0.000 0.001 0.001 0.001 0.001 0.001 0.001 0.001 0.001 0.001 0.001 0.001 0.001 0.001 0.001 0.001 0.001 0.001 0.001 0.001 0.001 0.001 0.001 0.001 0.001 0.001 0.001 0.001 0.001 0.000 0.000 0.000 0.000 0.000 0.000 0.000 0.000 0.000 0.000 0.000 0.000 0.001 0.001 0.001 0.001 0.001 0.001 0.001 0.001 0.001 0.001 0.001 0.001 0.001 0.001 0.001 0.001 0.001 0.001 0.001 0.001
0.000 0.000 0.000 0.000 0.000 0.000 0.000 0.000 0.000 0.000 0.000 0.000 0.000 0.000 0.000 0.000 0.001 0.001 0.001 0.001 0.001 0.001 0.001 0.001 0.001 0.001 0.001 0.001 0.001 0.001 0.001 0.001 0.001 0.001 0.001 0.001 0.001 0.001 0.001 0.001 0.001 0.001 0.001 0.001 0.001 0.001 0.000 0.000 0.000 0.000 0.000 0.000 0.000 0.000 0.000 0.000 0.000 0.000 0.001 0.001 0.001 0.001 0.001 0.001 0.001 0.001 0.001 0.001 0.001 0.001 0.001 0.001 0.001 0.000 0.000 0.000 0.001
0.000 0.000 0.000 0.000 0.000 0.000 0.000 0.000 0.000 0.000 0.000 0.000 0.000 0.000 0.000 0.000 0.001 0.001 0.001 0.001 0.001 0.001 0.001 0.001 0.001 0.001 0.001 0.001 0.001 0.001 0.001 0.001 0.001 0.001 0.000 0.000 0.000 0.000 0.001 0.001 0.001 0.001 0.001 0.001 0.001 0.001 0.001 0.000 0.000 0.000 0.000 0.000 0.000 0.000 0.000 0.000 0.000 0.000 0.000 0.001 0.001 0.001 0.001 0.001 0.001 0.001 0.001 0.001 0.001 0.001 0.001 0.001 0.001 0.000 0.000 0.000 0.000
0.000 0.000 0.000 0.000 0.000 0.000 0.000 0.000 0.000 0.000 0.000 0.000 0.000 0.000 0.000 0.001 0.001 0.001 0.001 0.001 0.001 0.001 0.001 0.001 0.001 0.001 0.001 0.001 0.001 0.001 0.001 0.001 0.001 0.001 0.001 0.000 0.000 0.000 0.000 0.001 0.001 0.001 0.001 0.001 0.001 0.001 0.001 0.001 0.000 0.000 0.000 0.000 0.000 0.000 0.000 0.000 0.000 0.000 0.000 0.000 0.001 0.001 0.001 0.001 0.001 0.001 0.001 0.001 0.001 0.001 0.001 0.000 0.000 0.000 0.000 0.000 0.000
