RESULTS/r.avaflow_results/21_results/21_ascii/21_hflow10048.asc
ncols 506
nrows 317
xllcenter 498237.50
yllcenter 5580050.00
cellsize 12.50
NODATA_value -9999.000
[rows 170 to 203 of 317, columns 77 to 153 of 506]
0.000 0.000 0.000 0.000 0.000 0.000 0.000 0.000 0.000 0.000 0.000 0.000 0.000 0.000 0.000 0.000 0.000 0.000 0.000 0.000 0.000 0.000 0.001 0.002 0.004 0.005 0.006 0.006 0.006 0.006 0.006 0.005 0.005 0.004 0.003 0.002 0.002 0.002 0.001 0.001 0.001 0.001 0.001 0.001 0.002 0.003 0.005 0.007 0.012 0.021 0.042 0.091 0.201 0.394 0.628 0.838 1.029 1.233 1.424 1.554 1.617 1.634 1.625 1.588 1.516 1.414 1.289 1.144 0.997 0.861 0.741 0.637 0.548 0.473 0.409 0.356 0.310
0.000 0.000 0.000 0.000 0.000 0.000 0.000 0.000 0.000 0.000 0.000 0.000 0.000 0.000 0.000 0.000 0.000 0.000 0.000 0.000 0.000 0.001 0.003 0.005 0.007 0.008 0.008 0.008 0.008 0.008 0.008 0.007 0.006 0.005 0.004 0.004 0.003 0.003 0.002 0.002 0.002 0.002 0.002 0.002 0.004 0.006 0.009 0.015 0.027 0.054 0.115 0.242 0.461 0.715 0.926 1.090 1.250 1.415 1.546 1.620 1.646 1.646 1.630 1.587 1.515 1.414 1.288 1.139 0.987 0.851 0.735 0.636 0.553 0.483 0.423 0.372 0.328
0.000 0.000 0.000 0.000 0.000 0.000 0.000 0.000 0.000 0.000 0.000 0.000 0.000 0.000 0.000 0.000 0.000 0.000 0.000 0.001 0.002 0.003 0.006 0.009 0.010 0.011 0.011 0.011 0.011 0.011 0.011 0.010 0.009 0.007 0.006 0.005 0.004 0.004 0.003 0.003 0.003 0.003 0.003 0.004 0.006 0.010 0.018 0.034 0.069 0.146 0.295 0.532 0.779 0.957 1.082 1.200 1.339 1.480 1.577 1.625 1.639 1.636 1.617 1.574 1.504 1.405 1.280 1.131 0.978 0.846 0.733 0.638 0.558 0.490 0.432 0.383 0.339
0.000 0.000 0.000 0.000 0.000 0.000 0.000 0.000 0.000 0.000 0.000 0.000 0.000 0.000 0.000 0.000 0.000 0.000 0.001 0.002 0.004 0.007 0.010 0.013 0.014 0.015 0.015 0.015 0.015 0.014 0.014 0.013 0.011 0.009 0.007 0.006 0.005 0.005 0.005 0.005 0.004 0.005 0.005 0.007 0.012 0.021 0.042 0.084 0.176 0.351 0.611 0.854 1.001 1.084 1.152 1.234 1.356 1.487 1.569 1.603 1.609 1.606 1.588 1.547 1.480 1.386 1.265 1.119 0.970 0.842 0.732 0.639 0.560 0.494 0.437 0.389 0.346
0.000 0.000 0.000 0.000 0.000 0.000 0.000 0.000 0.000 0.000 0.000 0.000 0.000 0.000 0.000 0.000 0.000 0.000 0.002 0.004 0.007 0.011 0.014 0.016 0.018 0.018 0.018 0.018 0.018 0.018 0.017 0.016 0.014 0.011 0.008 0.007 0.006 0.006 0.006 0.006 0.006 0.006 0.008 0.013 0.023 0.047 0.098 0.199 0.385 0.647 0.889 1.033 1.098 1.135 1.177 1.239 1.347 1.471 1.539 1.561 1.564 1.561 1.544 1.505 1.444 1.356 1.243 1.105 0.962 0.837 0.730 0.638 0.561 0.495 0.440 0.392 0.349
0.000 0.000 0.000 0.000 0.000 0.000 0.000 0.000 0.000 0.000 0.000 0.000 0.000 0.000 0.000 0.000 0.000 0.001 0.003 0.006 0.010 0.014 0.017 0.019 0.021 0.021 0.022 0.022 0.022 0.021 0.020 0.018 0.016 0.012 0.009 0.008 0.007 0.006 0.006 0.007 0.007 0.009 0.013 0.023 0.047 0.103 0.212 0.399 0.646 0.874 1.021 1.091 1.123 1.149 1.182 1.230 1.312 1.424 1.490 1.509 1.509 1.504 1.487 1.452 1.396 1.316 1.213 1.086 0.949 0.828 0.725 0.635 0.559 0.495 0.440 0.393 0.351
0.000 0.000 0.000 0.000 0.000 0.000 0.000 0.000 0.000 0.000 0.000 0.000 0.000 0.000 0.000 0.000 0.000 0.001 0.003 0.007 0.012 0.016 0.020 0.022 0.024 0.024 0.025 0.025 0.025 0.024 0.023 0.021 0.018 0.014 0.010 0.008 0.007 0.007 0.007 0.007 0.008 0.012 0.021 0.042 0.095 0.206 0.392 0.618 0.826 0.973 1.057 1.097 1.125 1.150 1.178 1.210 1.255 1.346 1.424 1.449 1.448 1.441 1.422 1.388 1.337 1.265 1.171 1.056 0.927 0.812 0.712 0.627 0.554 0.492 0.438 0.392 0.351
0.000 0.000 0.000 0.000 0.000 0.000 0.000 0.000 0.000 0.000 0.000 0.000 0.000 0.000 0.000 0.000 0.000 0.001 0.004 0.008 0.013 0.018 0.022 0.025 0.026 0.027 0.027 0.027 0.027 0.027 0.025 0.023 0.020 0.015 0.011 0.008 0.007 0.007 0.007 0.007 0.010 0.016 0.033 0.076 0.175 0.350 0.566 0.756 0.899 0.996 1.056 1.094 1.122 1.146 1.166 1.183 1.203 1.263 1.347 1.380 1.381 1.371 1.350 1.317 1.268 1.202 1.115 1.010 0.891 0.783 0.690 0.610 0.542 0.483 0.432 0.388 0.349
0.000 0.000 0.000 0.000 0.000 0.000 0.000 0.000 0.000 0.000 0.000 0.000 0.000 0.000 0.000 0.000 0.000 0.001 0.004 0.008 0.014 0.020 0.024 0.027 0.029 0.029 0.030 0.030 0.029 0.029 0.027 0.025 0.021 0.016 0.012 0.009 0.007 0.007 0.007 0.007 0.011 0.020 0.049 0.121 0.266 0.476 0.669 0.811 0.915 0.993 1.048 1.086 1.113 1.132 1.145 1.152 1.161 1.199 1.270 1.302 1.303 1.293 1.272 1.236 1.187 1.124 1.044 0.948 0.840 0.743 0.658 0.585 0.523 0.469 0.423 0.383 0.346
0.000 0.000 0.000 0.000 0.000 0.000 0.000 0.000 0.000 0.000 0.000 0.000 0.000 0.000 0.000 0.000 0.000 0.001 0.004 0.008 0.014 0.021 0.026 0.029 0.031 0.031 0.031 0.031 0.031 0.030 0.029 0.026 0.023 0.018 0.013 0.009 0.007 0.007 0.006 0.007 0.011 0.023 0.059 0.155 0.334 0.551 0.710 0.823 0.910 0.981 1.034 1.071 1.096 1.110 1.117 1.119 1.122 1.144 1.192 1.212 1.213 1.204 1.181 1.145 1.096 1.034 0.959 0.871 0.777 0.691 0.617 0.554 0.500 0.453 0.412 0.375 0.342
0.000 0.000 0.000 0.000 0.000 0.000 0.000 0.000 0.000 0.000 0.000 0.000 0.000 0.000 0.000 0.000 0.000 0.001 0.003 0.007 0.013 0.021 0.027 0.031 0.032 0.033 0.033 0.033 0.032 0.031 0.030 0.027 0.024 0.019 0.013 0.010 0.007 0.006 0.006 0.007 0.011 0.023 0.063 0.171 0.373 0.583 0.719 0.816 0.895 0.960 1.011 1.048 1.070 1.081 1.084 1.084 1.083 1.093 1.116 1.123 1.119 1.106 1.080 1.043 0.993 0.932 0.860 0.781 0.702 0.631 0.570 0.518 0.473 0.434 0.398 0.366 0.337
0.000 0.000 0.000 0.000 0.000 0.000 0.000 0.000 0.000 0.000 0.000 0.000 0.000 0.000 0.000 0.000 0.000 0.001 0.002 0.006 0.011 0.020 0.027 0.032 0.033 0.034 0.034 0.034 0.033 0.032 0.031 0.028 0.025 0.020 0.014 0.010 0.007 0.006 0.006 0.007 0.010 0.022 0.062 0.173 0.384 0.591 0.712 0.795 0.865 0.926 0.976 1.014 1.036 1.046 1.048 1.046 1.043 1.042 1.045 1.043 1.032 1.011 0.979 0.936 0.883 0.821 0.751 0.682 0.620 0.566 0.519 0.479 0.444 0.412 0.383 0.355 0.330
0.000 0.000 0.000 0.000 0.000 0.000 0.000 0.000 0.000 0.000 0.000 0.000 0.000 0.000 0.000 0.000 0.000 0.000 0.001 0.003 0.008 0.016 0.026 0.032 0.034 0.034 0.034 0.034 0.034 0.033 0.031 0.029 0.025 0.021 0.015 0.011 0.008 0.006 0.006 0.006 0.009 0.020 0.058 0.164 0.375 0.582 0.692 0.759 0.818 0.872 0.923 0.967 0.995 1.007 1.009 1.007 1.000 0.990 0.980 0.969 0.951 0.923 0.885 0.839 0.783 0.720 0.653 0.594 0.543 0.501 0.466 0.437 0.412 0.388 0.365 0.343 0.322
0.000 0.000 0.000 0.000 0.000 0.000 0.000 0.000 0.000 0.000 0.000 0.000 0.000 0.000 0.000 0.000 0.000 0.000 0.000 0.001 0.004 0.010 0.021 0.030 0.034 0.035 0.035 0.034 0.034 0.033 0.032 0.029 0.026 0.022 0.017 0.012 0.008 0.006 0.006 0.006 0.008 0.017 0.048 0.140 0.331 0.538 0.651 0.707 0.751 0.794 0.842 0.892 0.935 0.961 0.968 0.964 0.954 0.938 0.919 0.899 0.874 0.841 0.801 0.753 0.697 0.634 0.571 0.516 0.472 0.437 0.412 0.393 0.377 0.361 0.345 0.329 0.313
0.000 0.000 0.000 0.000 0.000 0.000 0.000 0.000 0.000 0.000 0.000 0.000 0.000 0.000 0.000 0.000 0.000 0.000 0.000 0.001 0.002 0.005 0.014 0.026 0.033 0.035 0.035 0.034 0.034 0.033 0.032 0.030 0.027 0.023 0.018 0.013 0.009 0.007 0.006 0.006 0.007 0.012 0.032 0.094 0.242 0.442 0.571 0.631 0.661 0.687 0.717 0.757 0.809 0.864 0.901 0.911 0.903 0.884 0.860 0.832 0.801 0.766 0.725 0.677 0.622 0.561 0.499 0.447 0.405 0.375 0.354 0.343 0.336 0.329 0.323 0.314 0.305
0.000 0.000 0.000 0.000 0.000 0.000 0.000 0.000 0.000 0.000 0.000 0.000 0.000 0.000 0.000 0.000 0.000 0.000 0.000 0.000 0.001 0.002 0.008 0.019 0.030 0.034 0.034 0.034 0.034 0.033 0.032 0.030 0.028 0.025 0.020 0.015 0.011 0.008 0.006 0.006 0.006 0.009 0.018 0.049 0.135 0.294 0.436 0.505 0.527 0.532 0.530 0.540 0.577 0.651 0.742 0.809 0.832 0.823 0.799 0.768 0.733 0.695 0.654 0.607 0.555 0.496 0.436 0.384 0.342 0.311 0.292 0.282 0.280 0.282 0.288 0.290 0.288
0.000 0.000 0.000 0.000 0.000 0.000 0.000 0.000 0.000 0.000 0.000 0.000 0.000 0.000 0.000 0.000 0.000 0.000 0.000 0.000 0.001 0.001 0.004 0.011 0.023 0.031 0.033 0.033 0.033 0.033 0.032 0.030 0.028 0.026 0.022 0.017 0.012 0.009 0.007 0.006 0.006 0.007 0.012 0.026 0.067 0.159 0.267 0.326 0.343 0.340 0.325 0.310 0.316 0.360 0.466 0.607 0.705 0.736 0.728 0.702 0.666 0.627 0.586 0.541 0.492 0.437 0.377 0.325 0.282 0.247 0.223 0.208 0.204 0.210 0.223 0.234 0.237
0.000 0.000 0.000 0.000 0.000 0.000 0.000 0.000 0.000 0.000 0.000 0.000 0.000 0.000 0.000 0.000 0.000 0.000 0.000 0.000 0.000 0.001 0.002 0.005 0.014 0.025 0.030 0.032 0.032 0.032 0.032 0.031 0.029 0.026 0.023 0.019 0.014 0.011 0.009 0.007 0.007 0.007 0.009 0.016 0.035 0.080 0.146 0.187 0.201 0.201 0.189 0.169 0.161 0.172 0.224 0.341 0.489 0.588 0.620 0.615 0.593 0.558 0.520 0.479 0.433 0.379 0.320 0.267 0.223 0.185 0.155 0.134 0.123 0.120 0.127 0.134 0.134
0.000 0.000 0.000 0.000 0.000 0.000 0.000 0.000 0.000 0.000 0.000 0.000 0.000 0.000 0.000 0.000 0.000 0.000 0.000 0.000 0.000 0.000 0.001 0.002 0.007 0.016 0.025 0.030 0.031 0.031 0.031 0.030 0.029 0.027 0.024 0.020 0.016 0.012 0.010 0.008 0.008 0.007 0.008 0.012 0.021 0.043 0.079 0.106 0.118 0.120 0.114 0.100 0.089 0.088 0.102 0.153 0.251 0.366 0.442 0.474 0.479 0.465 0.441 0.409 0.367 0.315 0.258 0.207 0.163 0.125 0.097 0.077 0.064 0.058 0.055 0.054 0.051
0.000 0.000 0.000 0.000 0.000 0.000 0.000 0.000 0.000 0.000 0.000 0.000 0.000 0.000 0.000 0.000 0.000 0.000 0.000 0.000 0.000 0.000 0.000 0.001 0.003 0.008 0.017 0.025 0.029 0.030 0.030 0.030 0.029 0.027 0.024 0.021 0.017 0.013 0.011 0.009 0.008 0.008 0.008 0.010 0.015 0.027 0.048 0.066 0.076 0.078 0.076 0.069 0.059 0.054 0.055 0.069 0.108 0.175 0.237 0.277 0.298 0.305 0.303 0.291 0.262 0.219 0.171 0.130 0.098 0.072 0.052 0.038 0.030 0.025 0.022 0.020 0.018
0.000 0.000 0.000 0.000 0.000 0.000 0.000 0.000 0.000 0.000 0.000 0.000 0.000 0.000 0.000 0.000 0.000 0.000 0.000 0.000 0.000 0.000 0.000 0.001 0.001 0.003 0.008 0.016 0.024 0.028 0.029 0.029 0.028 0.027 0.025 0.021 0.017 0.014 0.011 0.010 0.008 0.008 0.008 0.009 0.012 0.020 0.033 0.046 0.054 0.056 0.055 0.052 0.045 0.038 0.036 0.038 0.049 0.073 0.105 0.128 0.140 0.146 0.147 0.144 0.133 0.111 0.085 0.064 0.048 0.034 0.024 0.017 0.013 0.011 0.009 0.008 0.007
0.000 0.000 0.000 0.000 0.000 0.000 0.000 0.000 0.000 0.000 0.000 0.000 0.000 0.000 0.000 0.000 0.000 0.000 0.000 0.000 0.000 0.000 0.000 0.000 0.001 0.001 0.003 0.008 0.015 0.023 0.027 0.028 0.028 0.027 0.024 0.021 0.018 0.014 0.012 0.010 0.009 0.008 0.008 0.008 0.010 0.015 0.024 0.034 0.040 0.042 0.042 0.040 0.036 0.030 0.027 0.026 0.027 0.034 0.045 0.053 0.058 0.060 0.060 0.059 0.055 0.047 0.036 0.027 0.020 0.015 0.011 0.008 0.006 0.005 0.004 0.004 0.003
0.000 0.000 0.000 0.000 0.000 0.000 0.000 0.000 0.000 0.000 0.000 0.000 0.000 0.000 0.000 0.000 0.000 0.000 0.000 0.000 0.000 0.000 0.000 0.000 0.000 0.001 0.001 0.003 0.008 0.015 0.022 0.026 0.027 0.026 0.024 0.021 0.018 0.014 0.012 0.010 0.009 0.008 0.008 0.008 0.009 0.012 0.018 0.026 0.030 0.032 0.032 0.031 0.028 0.024 0.020 0.018 0.018 0.019 0.022 0.024 0.025 0.026 0.025 0.025 0.023 0.020 0.015 0.012 0.009 0.007 0.005 0.004 0.003 0.003 0.002 0.002 0.002
0.000 0.000 0.000 0.000 0.000 0.000 0.000 0.000 0.000 0.000 0.000 0.000 0.000 0.000 0.000 0.000 0.000 0.000 0.000 0.000 0.000 0.000 0.000 0.000 0.000 0.001 0.001 0.001 0.003 0.008 0.015 0.021 0.024 0.024 0.023 0.021 0.017 0.014 0.012 0.010 0.008 0.007 0.007 0.007 0.007 0.009 0.013 0.018 0.022 0.023 0.023 0.023 0.021 0.018 0.015 0.013 0.012 0.012 0.012 0.013 0.013 0.013 0.012 0.012 0.011 0.010 0.007 0.006 0.004 0.003 0.003 0.002 0.002 0.002 0.001 0.001 0.001
0.000 0.000 0.000 0.000 0.000 0.000 0.000 0.000 0.000 0.000 0.000 0.000 0.000 0.000 0.000 0.000 0.000 0.000 0.000 0.000 0.000 0.001 0.001 0.000 0.000 0.001 0.001 0.001 0.001 0.003 0.008 0.014 0.019 0.021 0.021 0.019 0.017 0.014 0.012 0.010 0.008 0.007 0.006 0.006 0.006 0.007 0.009 0.012 0.014 0.016 0.016 0.016 0.015 0.013 0.011 0.009 0.008 0.008 0.008 0.007 0.007 0.007 0.007 0.006 0.006 0.005 0.004 0.003 0.002 0.002 0.002 0.001 0.001 0.001 0.001 0.001 0.001
0.000 0.000 0.000 0.000 0.000 0.000 0.000 0.000 0.000 0.000 0.000 0.000 0.000 0.000 0.000 0.000 0.000 0.000 0.000 0.000 0.001 0.001 0.001 0.001 0.001 0.001 0.001 0.001 0.001 0.001 0.003 0.008 0.013 0.016 0.017 0.017 0.015 0.013 0.011 0.009 0.007 0.006 0.005 0.004 0.004 0.004 0.005 0.007 0.009 0.010 0.010 0.010 0.009 0.008 0.007 0.006 0.005 0.005 0.005 0.004 0.004 0.004 0.004 0.004 0.004 0.003 0.002 0.002 0.001 0.001 0.001 0.001 0.001 0.001 0.001 0.001 0.001
0.000 0.000 0.000 0.000 0.000 0.000 0.000 0.000 0.000 0.000 0.000 0.000 0.000 0.000 0.000 0.000 0.000 0.000 0.000 0.000 0.001 0.001 0.001 0.001 0.001 0.001 0.001 0.001 0.001 0.001 0.002 0.004 0.008 0.011 0.012 0.013 0.013 0.012 0.010 0.009 0.007 0.005 0.004 0.003 0.003 0.002 0.003 0.003 0.005 0.005 0.006 0.006 0.005 0.005 0.004 0.003 0.003 0.003 0.003 0.003 0.003 0.003 0.002 0.002 0.002 0.002 0.002 0.001 0.001 0.001 0.001 0.001 0.001 0.001 0.001 0.001 0.001
0.000 0.000 0.000 0.000 0.000 0.000 0.000 0.000 0.000 0.000 0.000 0.000 0.000 0.000 0.000 0.000 0.000 0.000 0.000 0.001 0.001 0.001 0.001 0.001 0.001 0.001 0.001 0.001 0.001 0.001 0.001 0.002 0.004 0.006 0.008 0.009 0.009 0.009 0.009 0.008 0.006 0.004 0.003 0.002 0.001 0.001 0.001 0.001 0.002 0.002 0.003 0.003 0.003 0.002 0.002 0.002 0.002 0.002 0.002 0.002 0.002 0.002 0.002 0.001 0.001 0.001 0.001 0.001 0.001 0.001 0.001 0.001 0.001 0.001 0.001 0.001 0.001
0.000 0.000 0.000 0.000 0.000 0.000 0.000 0.000 0.000 0.000 0.000 0.000 0.000 0.000 0.000 0.000 0.000 0.001 0.001 0.001 0.001 0.001 0.001 0.001 0.001 0.001 0.001 0.001 0.001 0.001 0.001 0.001 0.002 0.003 0.004 0.005 0.005 0.006 0.006 0.005 0.004 0.003 0.002 0.001 0.001 0.001 0.001 0.001 0.001 0.001 0.001 0.001 0.001 0.001 0.001 0.001 0.001 0.001 0.001 0.001 0.001 0.001 0.001 0.001 0.001 0.001 0.001 0.001 0.001 0.001 0.001 0.001 0.001 0.001 0.001 0.001 0.000
0.000 0.000 0.000 0.000 0.000 0.000 0.000 0.000 0.000 0.000 0.000 0.000 0.000 0.000 0.000 0.000 0.000 0.001 0.001 0.001 0.001 0.001 0.001 0.001 0.001 0.001 0.001 0.001 0.000 0.000 0.001 0.001 0.001 0.001 0.002 0.002 0.003 0.003 0.003 0.003 0.002 0.002 0.001 0.001 0.001 0.001 0.001 0.001 0.001 0.001 0.001 0.001 0.001 0.001 0.000 0.001 0.001 0.001 0.001 0.001 0.001 0.001 0.001 0.001 0.001 0.001 0.001 0.001 0.001 0.001 0.001 0.001 0.001 0.000 0.000 0.000 0.000
0.000 0.000 0.000 0.000 0.001 0.000 0.000 0.000 0.000 0.000 0.000 0.000 0.000 0.000 0.000 0.000 0.000 0.001 0.001 0.001 0.001 0.001 0.001 0.001 0.001 0.001 0.001 0.001 0.001 0.001 0.001 0.001 0.001 0.001 0.001 0.001 0.001 0.001 0.001 0.001 0.001 0.001 0.001 0.001 0.001 0.000 0.000 0.000 0.000 0.000 0.000 0.000 0.000 0.000 0.000 0.000 0.000 0.000 0.001 0.001 0.001 0.001 0.001 0.001 0.001 0.001 0.001 0.001 0.001 0.001 0.001 0.001 0.000 0.000 0.000 0.000 0.000
0.000 0.000 0.000 0.000 0.000 0.000 0.000 0.000 0.000 0.000 0.000 0.000 0.000 0.000 0.000 0.000 0.001 0.001 0.001 0.001 0.001 0.001 0.001 0.001 0.001 0.001 0.001 0.001 0.001 0.001 0.001 0.001 0.001 0.001 0.001 0.001 0.001 0.001 0.001 0.001 0.001 0.001 0.001 0.001 0.001 0.001 0.000 0.000 0.000 0.000 0.000 0.000 0.000 0.000 0.000 0.000 0.000 0.000 0.001 0.001 0.001 0.001 0.001 0.001 0.001 0.001 0.001 0.001 0.001 0.001 0.001 0.001 0.000 0.000 0.000 0.000 0.000
0.000 0.000 0.000 0.000 0.000 0.000 0.000 0.000 0.000 0.000 0.000 0.000 0.000 0.000 0.000 0.000 0.001 0.001 0.001 0.001 0.001 0.001 0.001 0.001 0.001 0.001 0.001 0.001 0.001 0.001 0.001 0.001 0.001 0.001 0.000 0.000 0.000 0.000 0.001 0.001 0.001 0.001 0.001 0.001 0.001 0.001 0.001 0.000 0.000 0.000 0.000 0.000 0.000 0.000 0.000 0.000 0.000 0.000 0.000 0.001 0.001 0.001 0.001 0.001 0.001 0.001 0.001 0.001 0.001 0.001 0.001 0.001 0.001 0.000 0.000 0.000 0.000
0.000 0.000 0.000 0.000 0.000 0.000 0.000 0.000 0.000 0.000 0.000 0.000 0.000 0.000 0.000 0.001 0.001 0.001 0.001 0.001 0.001 0.001 0.001 0.001 0.001 0.001 0.001 0.001 0.001 0.001 0.001 0.001 0.001 0.001 0.001 0.000 0.000 0.000 0.000 0.001 0.001 0.001 0.001 0.001 0.001 0.001 0.001 0.001 0.000 0.000 0.000 0.000 0.000 0.000 0.000 0.000 0.000 0.000 0.000 0.000 0.001 0.001 0.001 0.001 0.001 0.001 0.001 0.001 0.001 0.001 0.001 0.000 0.000 0.000 0.000 0.000 0.000
