RESULTS/r.avaflow_results/21_results/21_ascii/21_hflow0031.asc
ncols 506
nrows 317
xllcenter 498237.50
yllcenter 5580050.00
cellsize 12.50
NODATA_value -9999.000
[rows 170 to 203 of 317, columns 154 to 230 of 506]
8.531 8.310 8.093 7.879 7.648 7.405 7.175 6.977 6.803 6.642 6.492 6.343 6.178 5.944 5.576 5.049 4.383 3.629 2.878 2.194 1.593 1.100 0.733 0.491 0.343 0.258 0.213 0.194 0.191 0.194 0.208 0.226 0.241 0.251 0.260 0.272 0.290 0.313 0.326 0.331 0.334 0.338 0.346 0.351 0.349 0.340 0.318 0.285 0.245 0.207 0.174 0.148 0.128 0.113 0.105 0.102 0.102 0.104 0.109 0.113 0.118 0.122 0.124 0.125 0.124 0.123 0.121 0.119 0.116 0.110 0.095 0.065 0.034 0.016 0.007 0.003 0.001
11.945 12.071 12.076 12.016 11.880 11.652 11.360 11.054 10.762 10.480 10.212 9.953 9.688 9.366 8.900 8.228 7.351 6.310 5.186 4.097 3.092 2.212 1.501 0.990 0.664 0.469 0.359 0.304 0.285 0.284 0.292 0.297 0.296 0.294 0.293 0.296 0.305 0.319 0.327 0.329 0.326 0.323 0.323 0.321 0.312 0.290 0.248 0.193 0.145 0.113 0.095 0.082 0.074 0.070 0.069 0.070 0.072 0.077 0.081 0.084 0.086 0.086 0.086 0.085 0.083 0.081 0.078 0.076 0.072 0.066 0.053 0.034 0.017 0.008 0.003 0.001 0.000
15.446 15.930 16.091 16.069 15.926 15.649 15.288 14.912 14.555 14.209 13.878 13.565 13.256 12.914 12.455 11.768 10.801 9.584 8.200 6.768 5.372 4.057 2.897 1.971 1.314 0.887 0.624 0.477 0.404 0.367 0.344 0.327 0.313 0.303 0.296 0.295 0.299 0.306 0.308 0.300 0.285 0.268 0.254 0.239 0.218 0.185 0.140 0.101 0.077 0.062 0.054 0.049 0.047 0.046 0.047 0.049 0.053 0.057 0.060 0.062 0.062 0.062 0.060 0.058 0.055 0.053 0.050 0.047 0.043 0.037 0.027 0.016 0.008 0.004 0.002 0.001 0.000
18.004 18.812 19.161 19.201 19.090 18.849 18.533 18.201 17.869 17.523 17.161 16.810 16.473 16.120 15.678 15.025 14.093 12.900 11.513 9.989 8.375 6.715 5.067 3.616 2.473 1.647 1.093 0.752 0.552 0.433 0.365 0.328 0.307 0.292 0.281 0.274 0.270 0.266 0.257 0.234 0.200 0.170 0.149 0.131 0.114 0.094 0.071 0.054 0.044 0.038 0.034 0.033 0.032 0.032 0.033 0.035 0.039 0.042 0.044 0.045 0.044 0.044 0.042 0.040 0.037 0.034 0.031 0.027 0.024 0.019 0.013 0.007 0.004 0.002 0.001 0.000 0.000
19.404 20.448 21.047 21.290 21.341 21.268 21.128 20.950 20.728 20.439 20.074 19.674 19.295 18.912 18.467 17.839 16.948 15.799 14.446 12.950 11.335 9.589 7.685 5.723 4.003 2.648 1.676 1.049 0.680 0.474 0.367 0.312 0.280 0.257 0.238 0.222 0.207 0.192 0.172 0.143 0.113 0.093 0.080 0.069 0.060 0.050 0.040 0.032 0.028 0.025 0.024 0.023 0.023 0.023 0.024 0.026 0.028 0.030 0.031 0.031 0.031 0.030 0.029 0.026 0.024 0.021 0.018 0.016 0.013 0.009 0.006 0.003 0.002 0.001 0.000 0.000 0.000
19.760 20.920 21.743 22.281 22.621 22.820 22.915 22.912 22.827 22.625 22.273 21.806 21.373 20.967 20.523 19.939 19.132 18.077 16.778 15.263 13.563 11.685 9.595 7.250 5.065 3.313 2.037 1.215 0.743 0.487 0.352 0.277 0.229 0.193 0.164 0.142 0.127 0.115 0.100 0.082 0.066 0.054 0.046 0.040 0.035 0.030 0.025 0.022 0.020 0.018 0.017 0.017 0.017 0.017 0.018 0.019 0.020 0.021 0.022 0.022 0.021 0.020 0.019 0.017 0.015 0.013 0.011 0.008 0.006 0.004 0.003 0.001 0.001 0.000 0.000 0.000 0.000
19.559 20.782 21.736 22.459 23.039 23.492 23.773 23.884 23.882 23.758 23.429 22.901 22.426 22.029 21.611 21.076 20.358 19.417 18.204 16.692 14.904 12.877 10.599 8.008 5.541 3.577 2.160 1.261 0.754 0.477 0.321 0.227 0.165 0.123 0.097 0.083 0.074 0.067 0.059 0.049 0.041 0.034 0.030 0.026 0.023 0.020 0.018 0.016 0.014 0.014 0.013 0.013 0.013 0.013 0.013 0.014 0.014 0.015 0.015 0.015 0.014 0.013 0.012 0.011 0.009 0.007 0.006 0.004 0.003 0.002 0.001 0.000 0.000 0.000 0.000 0.000 0.000
18.822 20.171 21.321 22.257 23.004 23.560 23.896 24.036 24.053 23.964 23.651 23.098 22.605 22.230 21.835 21.324 20.648 19.776 18.642 17.165 15.341 13.220 10.832 8.133 5.585 3.567 2.127 1.226 0.716 0.432 0.267 0.168 0.109 0.076 0.058 0.050 0.045 0.041 0.036 0.031 0.027 0.023 0.021 0.018 0.016 0.014 0.013 0.012 0.011 0.010 0.010 0.009 0.009 0.009 0.009 0.009 0.009 0.010 0.010 0.009 0.009 0.008 0.007 0.006 0.005 0.004 0.003 0.002 0.001 0.001 0.000 0.000 0.000 0.000 0.000 0.000 0.000
17.644 19.138 20.479 21.631 22.550 23.188 23.539 23.667 23.671 23.574 23.272 22.745 22.239 21.841 21.424 20.901 20.243 19.423 18.352 16.921 15.107 12.951 10.482 7.722 5.216 3.256 1.888 1.053 0.590 0.333 0.187 0.108 0.067 0.047 0.037 0.032 0.029 0.026 0.024 0.021 0.019 0.017 0.015 0.013 0.012 0.011 0.010 0.009 0.008 0.007 0.007 0.006 0.006 0.006 0.006 0.006 0.006 0.006 0.006 0.006 0.005 0.005 0.004 0.003 0.003 0.002 0.001 0.001 0.000 0.000 0.000 0.000 0.000 0.000 0.000 0.000 0.000
16.201 17.792 19.238 20.501 21.513 22.211 22.587 22.699 22.660 22.490 22.180 21.762 21.283 20.772 20.219 19.616 18.943 18.155 17.143 15.760 13.941 11.720 9.156 6.489 4.214 2.501 1.359 0.701 0.362 0.190 0.104 0.062 0.041 0.030 0.025 0.022 0.020 0.018 0.016 0.015 0.014 0.012 0.011 0.010 0.009 0.008 0.007 0.006 0.005 0.005 0.004 0.004 0.004 0.004 0.004 0.003 0.003 0.003 0.003 0.003 0.003 0.002 0.002 0.002 0.001 0.001 0.000 0.000 0.000 0.000 0.000 0.000 0.000 0.000 0.000 0.000 0.000
14.529 16.117 17.569 18.862 19.938 20.721 21.166 21.285 21.190 20.928 20.633 20.363 19.951 19.290 18.506 17.766 17.023 16.191 15.118 13.640 11.683 9.287 6.705 4.375 2.596 1.392 0.685 0.329 0.165 0.090 0.054 0.036 0.027 0.021 0.018 0.016 0.014 0.013 0.012 0.011 0.010 0.009 0.008 0.007 0.006 0.005 0.004 0.004 0.003 0.003 0.002 0.002 0.002 0.002 0.002 0.002 0.002 0.002 0.002 0.001 0.001 0.001 0.001 0.000 0.000 0.000 0.000 0.000 0.000 0.000 0.000 0.000 0.000 0.000 0.000 0.000 0.000
12.611 14.099 15.511 16.857 18.067 19.022 19.615 19.816 19.749 19.509 19.226 18.948 18.492 17.709 16.749 15.861 14.975 13.942 12.561 10.710 8.330 5.808 3.679 2.163 1.177 0.592 0.281 0.136 0.073 0.045 0.031 0.023 0.018 0.015 0.013 0.012 0.011 0.010 0.009 0.008 0.007 0.006 0.005 0.005 0.004 0.003 0.003 0.002 0.002 0.001 0.001 0.001 0.001 0.001 0.001 0.001 0.001 0.001 0.000 0.000 0.000 0.000 0.000 0.000 0.000 0.000 0.000 0.000 0.000 0.000 0.000 0.000 0.000 0.000 0.000 0.000 0.000
10.508 11.856 13.229 14.647 16.043 17.213 17.997 18.326 18.313 18.113 17.790 17.373 16.749 15.863 14.838 13.815 12.717 11.311 9.378 6.971 4.615 2.796 1.560 0.825 0.425 0.214 0.108 0.058 0.036 0.026 0.020 0.016 0.013 0.012 0.010 0.009 0.008 0.007 0.006 0.006 0.005 0.004 0.003 0.003 0.002 0.002 0.001 0.001 0.001 0.000 0.000 0.000 0.000 0.000 0.000 0.000 0.000 0.000 0.000 0.000 0.000 0.000 0.000 0.000 0.000 0.000 0.000 0.000 0.000 0.000 0.000 0.000 0.000 0.000 0.000 0.000 0.000
8.411 9.598 10.860 12.243 13.711 14.987 15.893 16.333 16.384 16.190 15.718 15.006 14.111 13.111 12.054 10.898 9.510 7.654 5.436 3.410 1.953 1.013 0.499 0.256 0.139 0.078 0.046 0.030 0.022 0.017 0.014 0.012 0.010 0.009 0.008 0.007 0.006 0.005 0.004 0.004 0.003 0.002 0.002 0.001 0.001 0.001 0.000 0.000 0.000 0.000 0.000 0.000 0.000 0.000 0.000 0.000 0.000 0.000 0.000 0.000 0.000 0.000 0.000 0.000 0.000 0.000 0.000 0.000 0.000 0.000 0.000 0.000 0.000 0.000 0.000 0.000 0.000
6.368 7.326 8.333 9.420 10.586 11.662 12.483 12.929 13.011 12.818 12.228 11.241 10.012 8.833 7.716 6.527 5.160 3.624 2.214 1.193 0.581 0.275 0.142 0.083 0.052 0.035 0.025 0.019 0.015 0.013 0.011 0.009 0.008 0.007 0.006 0.005 0.004 0.003 0.003 0.002 0.002 0.001 0.001 0.001 0.000 0.000 0.000 0.000 0.000 0.000 0.000 0.000 0.000 0.000 0.000 0.000 0.000 0.000 0.000 0.000 0.000 0.000 0.000 0.000 0.000 0.000 0.000 0.000 0.000 0.000 0.000 0.000 0.000 0.000 0.000 0.000 0.000
4.313 4.855 5.371 5.873 6.401 6.969 7.476 7.780 7.850 7.710 7.196 6.299 5.199 4.254 3.460 2.717 1.942 1.175 0.615 0.293 0.144 0.080 0.051 0.035 0.026 0.021 0.017 0.014 0.012 0.010 0.008 0.007 0.006 0.005 0.004 0.003 0.002 0.002 0.001 0.001 0.001 0.000 0.000 0.000 0.000 0.000 0.000 0.000 0.000 0.000 0.000 0.000 0.000 0.000 0.000 0.000 0.000 0.000 0.000 0.000 0.000 0.000 0.000 0.000 0.000 0.000 0.000 0.000 0.000 0.000 0.000 0.000 0.000 0.000 0.000 0.000 0.000
2.466 2.641 2.770 2.871 2.974 3.114 3.280 3.383 3.404 3.343 3.095 2.620 1.990 1.474 1.096 0.789 0.506 0.281 0.144 0.078 0.048 0.034 0.026 0.021 0.018 0.015 0.013 0.011 0.009 0.008 0.006 0.005 0.004 0.003 0.002 0.002 0.001 0.001 0.000 0.000 0.000 0.000 0.000 0.000 0.000 0.000 0.000 0.000 0.000 0.000 0.000 0.000 0.000 0.000 0.000 0.000 0.000 0.000 0.000 0.000 0.000 0.000 0.000 0.000 0.000 0.000 0.000 0.000 0.000 0.000 0.000 0.000 0.000 0.000 0.000 0.000 0.000
1.117 1.123 1.109 1.087 1.068 1.062 1.082 1.091 1.085 1.056 0.966 0.793 0.561 0.390 0.279 0.195 0.126 0.076 0.047 0.033 0.025 0.021 0.018 0.016 0.014 0.012 0.010 0.009 0.008 0.006 0.005 0.004 0.003 0.002 0.001 0.001 0.000 0.000 0.000 0.000 0.000 0.000 0.000 0.000 0.000 0.000 0.000 0.000 0.000 0.000 0.000 0.000 0.000 0.000 0.000 0.000 0.000 0.000 0.000 0.000 0.000 0.000 0.000 0.000 0.000 0.000 0.000 0.000 0.000 0.000 0.000 0.000 0.000 0.000 0.000 0.000 0.000
0.405 0.391 0.375 0.362 0.348 0.334 0.325 0.316 0.307 0.293 0.266 0.217 0.153 0.109 0.081 0.060 0.044 0.032 0.025 0.020 0.018 0.016 0.014 0.013 0.011 0.010 0.009 0.007 0.006 0.005 0.003 0.002 0.002 0.001 0.001 0.000 0.000 0.000 0.000 0.000 0.000 0.000 0.000 0.000 0.000 0.000 0.000 0.000 0.000 0.000 0.000 0.000 0.000 0.000 0.000 0.000 0.000 0.000 0.000 0.000 0.000 0.000 0.000 0.000 0.000 0.000 0.000 0.000 0.000 0.000 0.000 0.000 0.000 0.000 0.000 0.000 0.000
0.147 0.140 0.134 0.130 0.124 0.117 0.109 0.103 0.098 0.092 0.084 0.071 0.054 0.042 0.034 0.028 0.024 0.020 0.017 0.016 0.014 0.013 0.012 0.011 0.010 0.009 0.007 0.006 0.005 0.003 0.002 0.002 0.001 0.000 0.000 0.000 0.000 0.000 0.000 0.000 0.000 0.000 0.000 0.000 0.000 0.000 0.000 0.000 0.000 0.000 0.000 0.000 0.000 0.000 0.000 0.000 0.000 0.000 0.000 0.000 0.000 0.000 0.000 0.000 0.000 0.000 0.000 0.000 0.000 0.000 0.000 0.000 0.000 0.000 0.000 0.000 0.000
0.062 0.059 0.057 0.055 0.053 0.050 0.046 0.043 0.041 0.039 0.036 0.033 0.028 0.024 0.021 0.019 0.017 0.015 0.014 0.013 0.012 0.011 0.010 0.009 0.008 0.007 0.006 0.005 0.004 0.003 0.002 0.001 0.000 0.000 0.000 0.000 0.000 0.000 0.000 0.000 0.000 0.000 0.000 0.000 0.000 0.000 0.000 0.000 0.000 0.000 0.000 0.000 0.000 0.000 0.000 0.000 0.000 0.000 0.000 0.000 0.000 0.000 0.000 0.000 0.000 0.000 0.000 0.000 0.000 0.000 0.000 0.000 0.000 0.000 0.000 0.000 0.000
0.032 0.031 0.030 0.029 0.028 0.027 0.026 0.024 0.023 0.022 0.021 0.020 0.019 0.017 0.016 0.014 0.013 0.012 0.012 0.011 0.010 0.009 0.009 0.008 0.007 0.006 0.005 0.004 0.003 0.002 0.001 0.000 0.000 0.000 0.000 0.000 0.000 0.000 0.000 0.000 0.000 0.000 0.000 0.000 0.000 0.000 0.000 0.000 0.000 0.000 0.000 0.000 0.000 0.000 0.000 0.000 0.000 0.000 0.000 0.000 0.000 0.000 0.000 0.000 0.000 0.000 0.000 0.000 0.000 0.000 0.000 0.000 0.000 0.000 0.000 0.000 0.000
0.020 0.019 0.019 0.019 0.018 0.018 0.017 0.017 0.016 0.016 0.015 0.015 0.014 0.014 0.013 0.012 0.011 0.010 0.010 0.009 0.009 0.008 0.008 0.007 0.006 0.005 0.004 0.004 0.003 0.002 0.001 0.000 0.000 0.000 0.000 0.000 0.000 0.000 0.000 0.000 0.000 0.000 0.000 0.000 0.000 0.000 0.000 0.000 0.000 0.000 0.000 0.000 0.000 0.000 0.000 0.000 0.000 0.000 0.000 0.000 0.000 0.000 0.000 0.000 0.000 0.000 0.000 0.000 0.000 0.000 0.000 0.000 0.000 0.000 0.000 0.000 0.000
0.014 0.014 0.014 0.014 0.013 0.013 0.013 0.012 0.012 0.012 0.012 0.012 0.011 0.011 0.011 0.010 0.009 0.009 0.008 0.008 0.008 0.007 0.007 0.006 0.006 0.005 0.004 0.004 0.003 0.002 0.001 0.000 0.000 0.000 0.000 0.000 0.000 0.000 0.000 0.000 0.000 0.000 0.000 0.000 0.000 0.000 0.000 0.000 0.000 0.000 0.000 0.000 0.000 0.000 0.000 0.000 0.000 0.000 0.000 0.000 0.000 0.000 0.000 0.000 0.000 0.000 0.000 0.000 0.000 0.000 0.000 0.000 0.000 0.000 0.000 0.000 0.000
0.010 0.010 0.010 0.010 0.010 0.010 0.010 0.010 0.010 0.010 0.010 0.009 0.009 0.009 0.009 0.009 0.008 0.008 0.007 0.007 0.007 0.006 0.006 0.006 0.006 0.005 0.005 0.004 0.003 0.002 0.001 0.000 0.000 0.000 0.000 0.000 0.000 0.000 0.000 0.000 0.000 0.000 0.000 0.000 0.000 0.000 0.000 0.000 0.000 0.000 0.000 0.000 0.000 0.000 0.000 0.000 0.000 0.000 0.000 0.000 0.000 0.000 0.000 0.000 0.000 0.000 0.000 0.000 0.000 0.000 0.000 0.000 0.000 0.000 0.000 0.000 0.000
0.008 0.008 0.008 0.008 0.008 0.008 0.008 0.008 0.008 0.008 0.008 0.008 0.008 0.008 0.007 0.007 0.007 0.007 0.006 0.006 0.006 0.006 0.007 0.007 0.007 0.006 0.006 0.005 0.004 0.002 0.001 0.000 0.000 0.000 0.000 0.000 0.000 0.000 0.000 0.000 0.000 0.000 0.000 0.000 0.000 0.000 0.000 0.000 0.000 0.000 0.000 0.000 0.000 0.000 0.000 0.000 0.000 0.000 0.000 0.000 0.000 0.000 0.000 0.000 0.000 0.000 0.000 0.000 0.000 0.000 0.000 0.000 0.000 0.000 0.000 0.000 0.000
0.006 0.006 0.006 0.006 0.006 0.006 0.006 0.006 0.006 0.007 0.007 0.007 0.006 0.006 0.006 0.006 0.006 0.006 0.006 0.006 0.007 0.007 0.008 0.008 0.009 0.008 0.008 0.007 0.005 0.002 0.001 0.000 0.000 0.000 0.000 0.000 0.000 0.000 0.000 0.000 0.000 0.000 0.000 0.000 0.000 0.000 0.000 0.000 0.000 0.000 0.000 0.000 0.000 0.000 0.000 0.000 0.000 0.000 0.000 0.000 0.000 0.000 0.000 0.000 0.000 0.000 0.000 0.000 0.000 0.000 0.000 0.000 0.000 0.000 0.000 0.000 0.000
0.004 0.004 0.004 0.005 0.005 0.005 0.005 0.005 0.005 0.005 0.005 0.005 0.005 0.005 0.005 0.005 0.006 0.006 0.007 0.008 0.009 0.010 0.011 0.011 0.011 0.011 0.010 0.008 0.005 0.002 0.001 0.000 0.000 0.000 0.000 0.000 0.000 0.000 0.000 0.000 0.000 0.000 0.000 0.000 0.000 0.000 0.000 0.000 0.000 0.000 0.000 0.000 0.000 0.000 0.000 0.000 0.000 0.000 0.000 0.000 0.000 0.000 0.000 0.000 0.000 0.000 0.000 0.000 0.000 0.000 0.000 0.000 0.000 0.000 0.000 0.000 0.000
0.003 0.003 0.003 0.003 0.004 0.004 0.004 0.004 0.004 0.004 0.004 0.004 0.004 0.005 0.005 0.005 0.006 0.007 0.009 0.010 0.012 0.013 0.014 0.014 0.013 0.012 0.010 0.008 0.005 0.002 0.001 0.000 0.000 0.000 0.000 0.000 0.000 0.000 0.000 0.000 0.000 0.000 0.000 0.000 0.000 0.000 0.000 0.000 0.000 0.000 0.000 0.000 0.000 0.000 0.000 0.000 0.000 0.000 0.000 0.000 0.000 0.000 0.000 0.000 0.000 0.000 0.000 0.000 0.000 0.000 0.000 0.000 0.000 0.000 0.000 0.000 0.000
0.002 0.002 0.002 0.002 0.002 0.003 0.003 0.003 0.003 0.003 0.004 0.004 0.004 0.004 0.005 0.006 0.008 0.010 0.012 0.014 0.015 0.015 0.015 0.015 0.014 0.013 0.010 0.008 0.005 0.002 0.001 0.000 0.000 0.000 0.000 0.000 0.000 0.000 0.000 0.000 0.000 0.000 0.000 0.000 0.000 0.000 0.000 0.000 0.000 0.000 0.000 0.000 0.000 0.000 0.000 0.000 0.000 0.000 0.000 0.000 0.000 0.000 0.000 0.000 0.000 0.000 0.000 0.000 0.000 0.000 0.000 0.000 0.000 0.000 0.000 0.000 0.000
0.001 0.001 0.001 0.001 0.002 0.002 0.002 0.002 0.003 0.003 0.003 0.003 0.004 0.005 0.006 0.007 0.010 0.012 0.014 0.015 0.016 0.016 0.016 0.015 0.014 0.012 0.010 0.007 0.004 0.002 0.001 0.000 0.000 0.000 0.000 0.000 0.000 0.000 0.000 0.000 0.000 0.000 0.000 0.000 0.000 0.000 0.000 0.000 0.000 0.000 0.000 0.000 0.000 0.000 0.000 0.000 0.000 0.000 0.000 0.000 0.000 0.000 0.000 0.000 0.000 0.000 0.000 0.000 0.000 0.000 0.000 0.000 0.000 0.000 0.000 0.000 0.000
0.001 0.001 0.001 0.001 0.001 0.001 0.001 0.002 0.002 0.002 0.003 0.003 0.004 0.005 0.006 0.008 0.011 0.014 0.015 0.016 0.016 0.016 0.016 0.015 0.014 0.012 0.010 0.007 0.004 0.002 0.001 0.000 0.000 0.000 0.000 0.000 0.000 0.000 0.000 0.000 0.000 0.000 0.000 0.000 0.000 0.000 0.000 0.000 0.000 0.000 0.000 0.000 0.000 0.000 0.000 0.000 0.000 0.000 0.000 0.000 0.000 0.000 0.000 0.000 0.000 0.000 0.000 0.000 0.000 0.000 0.000 0.000 0.000 0.000 0.000 0.000 0.000
0.000 0.000 0.000 0.000 0.000 0.000 0.001 0.001 0.001 0.002 0.002 0.003 0.004 0.005 0.006 0.009 0.012 0.014 0.015 0.016 0.016 0.016 0.015 0.014 0.013 0.011 0.009 0.006 0.004 0.002 0.001 0.000 0.000 0.000 0.000 0.000 0.000 0.000 0.000 0.000 0.000 0.000 0.000 0.000 0.000 0.000 0.000 0.000 0.000 0.000 0.000 0.000 0.000 0.000 0.000 0.000 0.000 0.000 0.000 0.000 0.000 0.000 0.000 0.000 0.000 0.000 0.000 0.000 0.000 0.000 0.000 0.000 0.000 0.000 0.000 0.000 0.000
0.000 0.000 0.000 0.000 0.000 0.000 0.000 0.001 0.001 0.001 0.002 0.003 0.004 0.005 0.006 0.009 0.012 0.014 0.015 0.015 0.015 0.015 0.015 0.014 0.012 0.010 0.008 0.005 0.003 0.002 0.001 0.000 0.000 0.000 0.000 0.000 0.000 0.000 0.000 0.000 0.000 0.000 0.000 0.000 0.000 0.000 0.000 0.000 0.000 0.000 0.000 0.000 0.000 0.000 0.000 0.000 0.000 0.000 0.000 0.000 0.000 0.000 0.000 0.000 0.000 0.000 0.000 0.000 0.000 0.000 0.000 0.000 0.000 0.000 0.000 0.000 0.000
