RESULTS/r.avaflow_results/21_results/21_ascii/21_hflow0016.asc
ncols 506
nrows 317
xllcenter 498237.50
yllcenter 5580050.00
cellsize 12.50
NODATA_value -9999.000
[rows 170 to 203 of 317, columns 77 to 153 of 506]
0.000 0.000 0.000 0.000 0.000 0.000 0.000 0.000 0.000 0.000 0.000 0.000 0.000 0.000 0.000 0.000 0.000 0.000 0.000 0.000 0.000 0.000 0.001 0.002 0.004 0.007 0.012 0.016 0.019 0.021 0.022 0.022 0.021 0.019 0.017 0.014 0.013 0.012 0.012 0.013 0.014 0.015 0.018 0.023 0.031 0.042 0.053 0.067 0.088 0.133 0.229 0.418 0.750 1.217 1.718 2.215 2.803 3.591 4.682 6.158 8.072 10.188 11.872 13.003 13.601 13.769 13.710 13.552 13.332 12.952 12.304 11.413 10.528 9.867 9.386 9.023 8.759
0.000 0.000 0.000 0.000 0.000 0.000 0.000 0.000 0.000 0.000 0.000 0.000 0.000 0.000 0.000 0.000 0.000 0.000 0.000 0.000 0.000 0.000 0.002 0.004 0.008 0.013 0.020 0.026 0.031 0.033 0.034 0.034 0.033 0.030 0.026 0.023 0.021 0.021 0.021 0.022 0.023 0.026 0.032 0.041 0.055 0.074 0.099 0.136 0.202 0.328 0.550 0.911 1.371 1.826 2.246 2.716 3.332 4.182 5.368 6.978 9.042 11.078 12.577 13.540 13.998 14.057 13.919 13.715 13.447 13.042 12.489 11.940 11.610 11.503 11.531 11.648 11.880
0.000 0.000 0.000 0.000 0.000 0.000 0.000 0.000 0.000 0.000 0.000 0.000 0.000 0.000 0.000 0.000 0.000 0.000 0.000 0.000 0.000 0.001 0.004 0.007 0.013 0.021 0.031 0.040 0.046 0.049 0.050 0.050 0.049 0.045 0.039 0.035 0.033 0.033 0.034 0.036 0.039 0.045 0.056 0.072 0.098 0.136 0.194 0.288 0.453 0.724 1.103 1.511 1.869 2.178 2.510 2.957 3.589 4.465 5.686 7.356 9.472 11.407 12.781 13.652 14.071 14.142 14.046 13.886 13.688 13.445 13.218 13.149 13.215 13.357 13.598 14.056 14.834
0.000 0.000 0.000 0.000 0.000 0.000 0.000 0.000 0.000 0.000 0.000 0.000 0.000 0.000 0.000 0.000 0.000 0.000 0.000 0.000 0.001 0.003 0.007 0.012 0.020 0.031 0.046 0.059 0.067 0.072 0.073 0.073 0.071 0.066 0.057 0.052 0.050 0.051 0.053 0.057 0.065 0.077 0.097 0.127 0.176 0.255 0.382 0.585 0.892 1.265 1.627 1.911 2.130 2.344 2.631 3.057 3.681 4.553 5.778 7.458 9.569 11.437 12.762 13.609 14.043 14.188 14.224 14.239 14.264 14.292 14.315 14.360 14.439 14.614 14.999 15.757 16.975
0.000 0.000 0.000 0.000 0.000 0.000 0.000 0.000 0.000 0.000 0.000 0.000 0.000 0.000 0.000 0.000 0.000 0.000 0.000 0.001 0.002 0.006 0.011 0.019 0.030 0.045 0.065 0.083 0.095 0.101 0.103 0.103 0.101 0.094 0.082 0.074 0.071 0.071 0.074 0.081 0.097 0.123 0.160 0.216 0.309 0.461 0.693 1.004 1.344 1.655 1.901 2.076 2.220 2.404 2.676 3.085 3.694 4.560 5.781 7.450 9.521 11.307 12.583 13.436 13.954 14.265 14.496 14.668 14.795 14.871 14.905 14.934 15.010 15.254 15.811 16.785 18.207
0.000 0.000 0.000 0.000 0.000 0.000 0.000 0.000 0.000 0.000 0.000 0.000 0.000 0.000 0.000 0.000 0.000 0.000 0.000 0.001 0.004 0.008 0.015 0.026 0.040 0.060 0.086 0.111 0.128 0.137 0.140 0.140 0.137 0.129 0.112 0.096 0.088 0.086 0.087 0.096 0.119 0.161 0.230 0.336 0.498 0.733 1.024 1.326 1.601 1.822 1.982 2.102 2.234 2.418 2.686 3.080 3.666 4.517 5.723 7.361 9.339 10.999 12.236 13.148 13.807 14.267 14.585 14.793 14.920 14.979 14.995 15.013 15.097 15.405 16.074 17.144 18.579
0.000 0.000 0.000 0.000 0.000 0.000 0.000 0.000 0.000 0.000 0.000 0.000 0.000 0.000 0.000 0.000 0.000 0.000 0.000 0.002 0.005 0.010 0.019 0.031 0.047 0.070 0.101 0.132 0.153 0.165 0.169 0.170 0.167 0.157 0.137 0.112 0.099 0.094 0.094 0.102 0.127 0.180 0.278 0.437 0.666 0.950 1.230 1.475 1.684 1.853 1.979 2.090 2.226 2.413 2.676 3.048 3.587 4.399 5.579 7.170 9.035 10.575 11.787 12.768 13.536 14.083 14.418 14.585 14.649 14.639 14.605 14.592 14.683 15.059 15.828 16.969 18.407
0.000 0.000 0.000 0.000 0.000 0.000 0.000 0.000 0.000 0.000 0.000 0.000 0.000 0.000 0.000 0.000 0.000 0.000 0.000 0.002 0.005 0.012 0.021 0.034 0.052 0.077 0.111 0.146 0.170 0.184 0.189 0.190 0.187 0.177 0.155 0.124 0.104 0.097 0.096 0.103 0.128 0.187 0.307 0.507 0.783 1.072 1.309 1.509 1.685 1.828 1.942 2.055 2.193 2.378 2.632 2.981 3.472 4.225 5.353 6.882 8.632 10.074 11.248 12.220 12.967 13.463 13.709 13.770 13.729 13.610 13.485 13.431 13.518 13.951 14.833 16.107 17.636
0.000 0.000 0.000 0.000 0.000 0.000 0.000 0.000 0.000 0.000 0.000 0.000 0.000 0.000 0.000 0.000 0.000 0.000 0.000 0.002 0.006 0.012 0.022 0.036 0.055 0.081 0.117 0.154 0.180 0.194 0.200 0.201 0.199 0.189 0.166 0.131 0.107 0.097 0.096 0.102 0.125 0.186 0.319 0.546 0.847 1.111 1.317 1.493 1.643 1.765 1.873 1.986 2.120 2.297 2.538 2.868 3.324 4.016 5.066 6.498 8.097 9.415 10.484 11.330 11.929 12.263 12.357 12.300 12.133 11.857 11.633 11.546 11.661 12.193 13.227 14.680 16.375
0.000 0.000 0.000 0.000 0.000 0.000 0.000 0.000 0.000 0.000 0.000 0.000 0.000 0.000 0.000 0.000 0.000 0.000 0.000 0.002 0.006 0.013 0.022 0.036 0.056 0.083 0.119 0.157 0.183 0.199 0.205 0.206 0.204 0.194 0.172 0.135 0.106 0.094 0.092 0.096 0.118 0.180 0.319 0.559 0.867 1.108 1.285 1.430 1.554 1.662 1.763 1.868 1.991 2.156 2.384 2.694 3.119 3.753 4.708 6.005 7.372 8.473 9.339 9.978 10.369 10.511 10.471 10.304 10.002 9.664 9.494 9.500 9.795 10.513 11.657 13.152 14.892
0.000 0.000 0.000 0.000 0.000 0.000 0.000 0.000 0.000 0.000 0.000 0.000 0.000 0.000 0.000 0.000 0.000 0.000 0.000 0.002 0.006 0.013 0.022 0.037 0.056 0.083 0.119 0.157 0.184 0.200 0.206 0.207 0.205 0.195 0.174 0.137 0.104 0.088 0.083 0.086 0.105 0.164 0.304 0.555 0.856 1.064 1.202 1.316 1.418 1.509 1.595 1.685 1.796 1.950 2.161 2.446 2.836 3.408 4.263 5.407 6.471 7.269 7.847 8.222 8.394 8.401 8.328 8.185 7.965 7.798 7.756 7.882 8.326 9.132 10.274 11.692 13.325
0.000 0.000 0.000 0.000 0.000 0.000 0.000 0.000 0.000 0.000 0.000 0.000 0.000 0.000 0.000 0.000 0.000 0.000 0.000 0.002 0.005 0.012 0.022 0.036 0.056 0.083 0.118 0.156 0.183 0.199 0.205 0.206 0.204 0.194 0.174 0.137 0.099 0.077 0.069 0.070 0.084 0.135 0.267 0.516 0.798 0.967 1.064 1.146 1.222 1.292 1.357 1.431 1.531 1.671 1.861 2.115 2.465 2.981 3.766 4.735 5.472 5.924 6.193 6.361 6.449 6.470 6.447 6.387 6.297 6.261 6.314 6.548 7.053 7.846 8.908 10.196 11.650
0.000 0.000 0.000 0.000 0.000 0.000 0.000 0.000 0.000 0.000 0.000 0.000 0.000 0.000 0.000 0.000 0.000 0.000 0.000 0.001 0.005 0.011 0.021 0.035 0.054 0.080 0.115 0.151 0.178 0.193 0.200 0.201 0.199 0.190 0.171 0.136 0.094 0.067 0.055 0.053 0.060 0.095 0.201 0.420 0.669 0.808 0.870 0.914 0.958 1.002 1.050 1.112 1.202 1.328 1.504 1.742 2.066 2.525 3.207 3.935 4.390 4.637 4.783 4.866 4.913 4.935 4.937 4.930 4.923 4.949 5.064 5.347 5.848 6.569 7.502 8.612 9.852
0.000 0.000 0.000 0.000 0.000 0.000 0.000 0.000 0.000 0.000 0.000 0.000 0.000 0.000 0.000 0.000 0.000 0.000 0.000 0.001 0.003 0.008 0.018 0.032 0.051 0.075 0.107 0.141 0.167 0.182 0.188 0.189 0.187 0.180 0.163 0.132 0.090 0.060 0.045 0.040 0.042 0.061 0.126 0.277 0.473 0.588 0.634 0.658 0.682 0.710 0.748 0.803 0.884 1.000 1.159 1.372 1.654 2.028 2.535 3.024 3.352 3.556 3.668 3.725 3.753 3.766 3.771 3.776 3.790 3.835 3.957 4.219 4.654 5.265 6.052 7.007 8.098
0.000 0.000 0.000 0.000 0.000 0.000 0.000 0.000 0.000 0.000 0.000 0.000 0.000 0.000 0.000 0.000 0.000 0.000 0.000 0.001 0.002 0.005 0.013 0.026 0.044 0.066 0.094 0.125 0.147 0.161 0.167 0.168 0.167 0.162 0.148 0.122 0.085 0.055 0.038 0.032 0.031 0.040 0.075 0.162 0.293 0.386 0.432 0.451 0.464 0.480 0.503 0.540 0.600 0.692 0.822 0.993 1.213 1.488 1.844 2.210 2.485 2.671 2.782 2.838 2.861 2.867 2.860 2.850 2.856 2.894 2.986 3.172 3.492 3.975 4.631 5.459 6.407
0.000 0.000 0.000 0.000 0.000 0.000 0.000 0.000 0.000 0.000 0.000 0.000 0.000 0.000 0.000 0.000 0.000 0.000 0.000 0.000 0.001 0.003 0.008 0.018 0.033 0.052 0.075 0.100 0.119 0.131 0.137 0.138 0.138 0.134 0.124 0.106 0.077 0.049 0.033 0.025 0.024 0.028 0.046 0.094 0.173 0.240 0.279 0.295 0.303 0.310 0.318 0.331 0.362 0.417 0.506 0.634 0.801 1.016 1.286 1.568 1.791 1.953 2.059 2.117 2.139 2.140 2.125 2.095 2.087 2.106 2.155 2.252 2.445 2.788 3.297 3.956 4.671
0.000 0.000 0.000 0.000 0.000 0.000 0.000 0.000 0.000 0.000 0.000 0.000 0.000 0.000 0.000 0.000 0.000 0.000 0.000 0.000 0.001 0.001 0.004 0.010 0.021 0.036 0.054 0.073 0.087 0.096 0.100 0.102 0.102 0.100 0.094 0.083 0.063 0.041 0.027 0.020 0.019 0.020 0.030 0.056 0.101 0.144 0.171 0.183 0.188 0.192 0.192 0.189 0.198 0.225 0.276 0.362 0.483 0.641 0.840 1.057 1.235 1.371 1.463 1.515 1.534 1.534 1.517 1.485 1.464 1.458 1.464 1.494 1.580 1.780 2.116 2.551 2.915
0.000 0.000 0.000 0.000 0.000 0.000 0.000 0.000 0.000 0.000 0.000 0.000 0.000 0.000 0.000 0.000 0.000 0.000 0.000 0.000 0.000 0.001 0.002 0.005 0.012 0.023 0.037 0.051 0.061 0.068 0.071 0.072 0.072 0.071 0.067 0.059 0.047 0.031 0.021 0.016 0.014 0.015 0.020 0.034 0.059 0.085 0.101 0.109 0.113 0.114 0.112 0.105 0.103 0.112 0.136 0.183 0.259 0.362 0.493 0.648 0.786 0.895 0.971 1.012 1.023 1.021 1.010 0.990 0.970 0.947 0.918 0.903 0.918 0.995 1.160 1.365 1.473
0.000 0.000 0.000 0.000 0.000 0.000 0.000 0.000 0.000 0.000 0.000 0.000 0.000 0.000 0.000 0.000 0.000 0.000 0.000 0.000 0.000 0.001 0.001 0.002 0.006 0.013 0.024 0.035 0.042 0.047 0.049 0.050 0.050 0.049 0.047 0.042 0.033 0.023 0.016 0.012 0.011 0.011 0.013 0.021 0.036 0.050 0.059 0.064 0.066 0.067 0.066 0.060 0.055 0.056 0.065 0.086 0.124 0.181 0.256 0.349 0.443 0.519 0.575 0.603 0.608 0.606 0.602 0.597 0.586 0.563 0.523 0.486 0.470 0.479 0.520 0.572 0.582
0.000 0.000 0.000 0.000 0.000 0.000 0.000 0.000 0.000 0.000 0.000 0.000 0.000 0.000 0.000 0.000 0.000 0.000 0.000 0.000 0.000 0.000 0.001 0.001 0.003 0.007 0.014 0.022 0.028 0.032 0.034 0.034 0.034 0.034 0.032 0.029 0.023 0.016 0.011 0.008 0.008 0.008 0.009 0.013 0.021 0.030 0.035 0.037 0.039 0.039 0.039 0.036 0.032 0.031 0.034 0.042 0.058 0.084 0.119 0.166 0.217 0.261 0.293 0.310 0.313 0.313 0.314 0.316 0.312 0.298 0.267 0.235 0.216 0.209 0.209 0.213 0.211
0.000 0.000 0.000 0.000 0.000 0.000 0.000 0.000 0.000 0.000 0.000 0.000 0.000 0.000 0.000 0.000 0.000 0.000 0.000 0.000 0.000 0.000 0.000 0.001 0.001 0.003 0.007 0.012 0.018 0.021 0.023 0.023 0.023 0.023 0.021 0.019 0.016 0.011 0.008 0.006 0.005 0.005 0.006 0.008 0.012 0.017 0.020 0.022 0.023 0.023 0.023 0.022 0.019 0.018 0.020 0.023 0.030 0.040 0.055 0.075 0.098 0.118 0.131 0.139 0.142 0.143 0.145 0.147 0.147 0.141 0.126 0.108 0.097 0.091 0.088 0.086 0.084
0.000 0.000 0.000 0.000 0.000 0.000 0.000 0.000 0.000 0.000 0.000 0.000 0.000 0.000 0.000 0.000 0.000 0.000 0.000 0.000 0.000 0.000 0.000 0.001 0.001 0.001 0.003 0.006 0.010 0.013 0.014 0.015 0.015 0.015 0.014 0.013 0.010 0.007 0.005 0.004 0.003 0.003 0.003 0.005 0.007 0.010 0.011 0.012 0.013 0.013 0.013 0.013 0.012 0.012 0.012 0.014 0.017 0.022 0.029 0.038 0.047 0.055 0.060 0.063 0.065 0.066 0.067 0.068 0.067 0.065 0.060 0.052 0.046 0.043 0.042 0.040 0.039
0.000 0.000 0.000 0.000 0.000 0.000 0.000 0.000 0.000 0.000 0.000 0.000 0.000 0.000 0.000 0.000 0.000 0.000 0.000 0.000 0.000 0.000 0.000 0.001 0.001 0.001 0.001 0.002 0.004 0.007 0.008 0.009 0.010 0.010 0.009 0.008 0.007 0.005 0.003 0.002 0.002 0.002 0.002 0.002 0.004 0.005 0.006 0.007 0.007 0.007 0.008 0.008 0.007 0.007 0.008 0.009 0.011 0.013 0.017 0.021 0.026 0.029 0.031 0.033 0.033 0.034 0.034 0.034 0.034 0.033 0.031 0.027 0.025 0.023 0.023 0.022 0.021
0.000 0.000 0.000 0.000 0.000 0.000 0.000 0.000 0.000 0.000 0.000 0.000 0.000 0.000 0.000 0.000 0.000 0.000 0.000 0.000 0.000 0.000 0.001 0.001 0.001 0.001 0.001 0.001 0.002 0.003 0.004 0.005 0.006 0.006 0.005 0.005 0.004 0.003 0.002 0.001 0.001 0.001 0.001 0.001 0.002 0.003 0.003 0.004 0.004 0.004 0.004 0.004 0.004 0.004 0.005 0.006 0.007 0.009 0.011 0.013 0.015 0.017 0.018 0.019 0.019 0.019 0.019 0.019 0.019 0.018 0.017 0.016 0.015 0.014 0.014 0.013 0.013
0.000 0.000 0.000 0.000 0.000 0.000 0.000 0.000 0.000 0.000 0.000 0.000 0.000 0.000 0.000 0.000 0.000 0.000 0.000 0.000 0.000 0.001 0.001 0.001 0.001 0.001 0.001 0.001 0.001 0.001 0.002 0.002 0.003 0.003 0.003 0.003 0.002 0.002 0.001 0.001 0.001 0.001 0.001 0.001 0.001 0.001 0.001 0.002 0.002 0.002 0.002 0.002 0.002 0.002 0.003 0.003 0.004 0.005 0.007 0.008 0.009 0.010 0.011 0.011 0.011 0.011 0.011 0.011 0.011 0.011 0.010 0.009 0.009 0.009 0.009 0.008 0.008
0.000 0.000 0.000 0.000 0.000 0.000 0.000 0.000 0.000 0.000 0.000 0.000 0.000 0.000 0.000 0.000 0.000 0.000 0.000 0.000 0.001 0.001 0.001 0.001 0.001 0.001 0.001 0.001 0.001 0.001 0.001 0.001 0.001 0.001 0.001 0.001 0.001 0.001 0.001 0.001 0.001 0.001 0.001 0.001 0.001 0.001 0.001 0.001 0.001 0.001 0.001 0.001 0.001 0.001 0.002 0.002 0.003 0.003 0.004 0.005 0.006 0.006 0.007 0.007 0.007 0.007 0.007 0.007 0.007 0.006 0.006 0.006 0.006 0.006 0.005 0.005 0.005
0.000 0.000 0.000 0.000 0.000 0.000 0.000 0.000 0.000 0.000 0.000 0.000 0.000 0.000 0.000 0.000 0.000 0.000 0.000 0.000 0.001 0.001 0.001 0.001 0.001 0.001 0.001 0.001 0.001 0.001 0.001 0.001 0.001 0.001 0.001 0.001 0.001 0.001 0.001 0.001 0.001 0.001 0.001 0.001 0.001 0.001 0.001 0.001 0.001 0.001 0.001 0.001 0.001 0.001 0.001 0.001 0.002 0.002 0.003 0.003 0.004 0.004 0.004 0.004 0.004 0.004 0.004 0.004 0.004 0.004 0.004 0.004 0.004 0.004 0.003 0.003 0.003
0.000 0.000 0.000 0.000 0.000 0.000 0.000 0.000 0.000 0.000 0.000 0.000 0.000 0.000 0.000 0.000 0.000 0.000 0.000 0.001 0.001 0.001 0.001 0.001 0.001 0.001 0.001 0.001 0.001 0.001 0.001 0.001 0.001 0.001 0.001 0.001 0.001 0.001 0.001 0.001 0.001 0.001 0.001 0.001 0.001 0.001 0.000 0.000 0.000 0.001 0.001 0.001 0.001 0.001 0.001 0.001 0.001 0.001 0.001 0.002 0.002 0.002 0.002 0.002 0.002 0.002 0.002 0.002 0.002 0.002 0.002 0.002 0.002 0.002 0.002 0.002 0.002
0.000 0.000 0.000 0.000 0.000 0.000 0.000 0.000 0.000 0.000 0.000 0.000 0.000 0.000 0.000 0.000 0.000 0.001 0.001 0.001 0.001 0.001 0.001 0.001 0.001 0.001 0.001 0.001 0.001 0.001 0.001 0.001 0.001 0.001 0.001 0.001 0.001 0.001 0.001 0.001 0.001 0.001 0.001 0.001 0.001 0.001 0.000 0.000 0.000 0.000 0.001 0.001 0.001 0.001 0.001 0.001 0.000 0.000 0.001 0.001 0.001 0.001 0.001 0.001 0.001 0.001 0.001 0.001 0.001 0.001 0.001 0.001 0.001 0.001 0.001 0.001 0.001
0.000 0.000 0.000 0.000 0.000 0.000 0.000 0.000 0.000 0.000 0.000 0.000 0.000 0.000 0.000 0.000 0.000 0.001 0.001 0.001 0.001 0.001 0.001 0.001 0.001 0.001 0.001 0.001 0.001 0.001 0.001 0.001 0.001 0.001 0.001 0.001 0.001 0.001 0.001 0.001 0.001 0.001 0.001 0.001 0.001 0.001 0.000 0.000 0.000 0.000 0.000 0.000 0.001 0.001 0.001 0.001 0.000 0.000 0.000 0.001 0.001 0.001 0.001 0.001 0.001 0.001 0.001 0.001 0.001 0.001 0.001 0.001 0.001 0.001 0.001 0.001 0.001
0.000 0.000 0.000 0.000 0.001 0.000 0.000 0.000 0.000 0.000 0.000 0.000 0.000 0.000 0.000 0.000 0.000 0.001 0.001 0.001 0.001 0.001 0.001 0.001 0.001 0.001 0.001 0.001 0.001 0.001 0.001 0.001 0.001 0.001 0.001 0.001 0.001 0.001 0.001 0.001 0.001 0.001 0.001 0.001 0.001 0.001 0.000 0.000 0.000 0.000 0.000 0.000 0.000 0.000 0.000 0.000 0.000 0.000 0.000 0.000 0.001 0.001 0.001 0.001 0.001 0.001 0.001 0.001 0.001 0.001 0.001 0.001 0.001 0.001 0.001 0.001 0.001
0.000 0.000 0.000 0.000 0.000 0.000 0.000 0.000 0.000 0.000 0.000 0.000 0.000 0.000 0.000 0.000 0.001 0.001 0.001 0.001 0.001 0.001 0.001 0.001 0.001 0.001 0.001 0.001 0.001 0.001 0.001 0.001 0.001 0.001 0.001 0.000 0.001 0.001 0.001 0.001 0.001 0.001 0.001 0.001 0.001 0.001 0.000 0.000 0.000 0.000 0.000 0.000 0.000 0.000 0.000 0.000 0.000 0.000 0.000 0.000 0.001 0.001 0.001 0.001 0.001 0.001 0.001 0.001 0.001 0.001 0.001 0.001 0.001 0.001 0.001 0.001 0.001
0.000 0.000 0.000 0.000 0.000 0.000 0.000 0.000 0.000 0.000 0.000 0.000 0.000 0.000 0.000 0.000 0.001 0.001 0.001 0.001 0.001 0.001 0.001 0.001 0.001 0.001 0.001 0.001 0.001 0.001 0.001 0.001 0.001 0.001 0.000 0.000 0.000 0.000 0.001 0.001 0.001 0.001 0.001 0.001 0.001 0.001 0.001 0.000 0.000 0.000 0.000 0.000 0.000 0.000 0.000 0.000 0.000 0.000 0.000 0.001 0.001 0.001 0.001 0.001 0.001 0.001 0.001 0.001 0.001 0.001 0.001 0.001 0.001 0.000 0.000 0.000 0.000
0.000 0.000 0.000 0.000 0.000 0.000 0.000 0.000 0.000 0.000 0.000 0.000 0.000 0.000 0.000 0.001 0.001 0.001 0.001 0.001 0.001 0.001 0.001 0.001 0.001 0.001 0.001 0.001 0.001 0.001 0.001 0.001 0.001 0.001 0.001 0.000 0.000 0.000 0.000 0.001 0.001 0.001 0.001 0.001 0.001 0.001 0.001 0.001 0.000 0.000 0.000 0.000 0.000 0.000 0.000 0.000 0.000 0.000 0.000 0.000 0.001 0.001 0.001 0.001 0.001 0.001 0.001 0.001 0.001 0.001 0.001 0.000 0.000 0.000 0.000 0.000 0.000
