RESULTS/r.avaflow_results/21_results/21_ascii/21_hflow30043.asc
ncols 506
nrows 317
xllcenter 498237.50
yllcenter 5580050.00
cellsize 12.50
NODATA_value -9999.000
[rows 170 to 203 of 317, columns 154 to 230 of 506]
8.251 8.075 7.898 7.711 7.504 7.280 7.063 6.870 6.698 6.538 6.386 6.235 6.066 5.826 5.450 4.911 4.233 3.469 2.719 2.040 1.452 0.978 0.634 0.415 0.285 0.211 0.175 0.161 0.159 0.165 0.182 0.206 0.227 0.242 0.257 0.274 0.299 0.319 0.327 0.328 0.324 0.316 0.311 0.304 0.293 0.274 0.243 0.209 0.180 0.154 0.130 0.110 0.095 0.084 0.079 0.077 0.077 0.080 0.083 0.086 0.087 0.087 0.086 0.084 0.084 0.085 0.090 0.105 0.139 0.190 0.227 0.241 0.242 0.227 0.191 0.147 0.111
11.583 11.753 11.802 11.774 11.671 11.471 11.199 10.903 10.617 10.339 10.072 9.813 9.546 9.222 8.750 8.067 7.175 6.118 4.987 3.897 2.898 2.031 1.342 0.859 0.560 0.386 0.291 0.247 0.234 0.238 0.254 0.269 0.278 0.283 0.288 0.296 0.311 0.324 0.328 0.326 0.317 0.305 0.293 0.282 0.265 0.235 0.190 0.144 0.110 0.088 0.074 0.065 0.059 0.056 0.055 0.056 0.059 0.063 0.067 0.069 0.069 0.068 0.067 0.065 0.065 0.065 0.070 0.081 0.106 0.151 0.203 0.234 0.247 0.249 0.238 0.212 0.173
15.075 15.602 15.800 15.806 15.688 15.430 15.082 14.714 14.361 14.018 13.688 13.377 13.070 12.729 12.268 11.574 10.596 9.364 7.969 6.533 5.136 3.825 2.675 1.770 1.141 0.744 0.509 0.383 0.326 0.303 0.296 0.294 0.292 0.291 0.290 0.293 0.302 0.309 0.308 0.298 0.278 0.255 0.235 0.214 0.188 0.152 0.110 0.079 0.061 0.050 0.044 0.041 0.039 0.039 0.039 0.042 0.046 0.051 0.054 0.055 0.055 0.054 0.053 0.051 0.051 0.052 0.055 0.063 0.080 0.112 0.163 0.214 0.244 0.257 0.259 0.252 0.229
17.638 18.488 18.867 18.929 18.837 18.609 18.302 17.977 17.648 17.304 16.943 16.594 16.261 15.910 15.468 14.809 13.868 12.663 11.265 9.732 8.114 6.448 4.793 3.343 2.217 1.423 0.910 0.609 0.445 0.356 0.312 0.293 0.285 0.279 0.273 0.269 0.267 0.264 0.254 0.231 0.195 0.163 0.139 0.119 0.100 0.077 0.057 0.044 0.036 0.032 0.029 0.028 0.028 0.028 0.029 0.031 0.035 0.040 0.043 0.044 0.044 0.043 0.042 0.042 0.042 0.043 0.045 0.051 0.062 0.082 0.117 0.173 0.227 0.255 0.264 0.264 0.255
19.036 20.119 20.747 21.011 21.080 21.019 20.890 20.720 20.504 20.217 19.851 19.452 19.079 18.699 18.253 17.620 16.720 15.561 14.201 12.701 11.083 9.333 7.420 5.444 3.721 2.384 1.451 0.876 0.556 0.390 0.311 0.276 0.257 0.241 0.226 0.212 0.199 0.185 0.167 0.139 0.109 0.088 0.074 0.063 0.052 0.042 0.033 0.027 0.024 0.022 0.021 0.021 0.021 0.021 0.022 0.024 0.027 0.031 0.033 0.034 0.034 0.034 0.034 0.034 0.035 0.036 0.038 0.042 0.050 0.062 0.084 0.123 0.185 0.237 0.259 0.264 0.260
19.383 20.578 21.429 21.990 22.350 22.565 22.676 22.684 22.609 22.411 22.059 21.590 21.163 20.760 20.317 19.729 18.916 17.855 16.550 15.029 13.325 11.444 9.349 6.985 4.781 3.034 1.794 1.030 0.614 0.401 0.295 0.240 0.203 0.174 0.150 0.132 0.120 0.109 0.096 0.079 0.062 0.051 0.043 0.036 0.031 0.025 0.022 0.019 0.017 0.016 0.016 0.016 0.016 0.016 0.017 0.018 0.021 0.024 0.025 0.026 0.027 0.027 0.028 0.028 0.029 0.031 0.033 0.036 0.041 0.050 0.064 0.089 0.135 0.195 0.236 0.253 0.256
19.170 20.426 21.407 22.152 22.754 23.228 23.528 23.652 23.662 23.547 23.217 22.685 22.215 21.824 21.408 20.872 20.152 19.208 17.991 16.472 14.678 12.646 10.361 7.749 5.256 3.294 1.913 1.073 0.624 0.391 0.265 0.191 0.142 0.109 0.088 0.076 0.069 0.063 0.056 0.047 0.038 0.032 0.027 0.023 0.020 0.017 0.015 0.014 0.013 0.012 0.012 0.012 0.012 0.012 0.013 0.014 0.015 0.017 0.019 0.020 0.021 0.022 0.023 0.024 0.025 0.026 0.029 0.032 0.036 0.042 0.052 0.069 0.098 0.144 0.193 0.224 0.239
18.422 19.801 20.977 21.936 22.706 23.284 23.637 23.791 23.821 23.743 23.432 22.874 22.386 22.019 21.630 21.119 20.442 19.569 18.432 16.949 15.117 12.989 10.593 7.872 5.299 3.285 1.883 1.044 0.594 0.353 0.218 0.139 0.093 0.067 0.053 0.046 0.042 0.038 0.034 0.029 0.025 0.021 0.019 0.016 0.014 0.012 0.011 0.010 0.009 0.009 0.009 0.009 0.009 0.009 0.009 0.010 0.011 0.013 0.014 0.015 0.016 0.017 0.018 0.019 0.021 0.022 0.024 0.027 0.031 0.037 0.045 0.057 0.077 0.106 0.144 0.181 0.208
17.240 18.761 20.127 21.301 22.242 22.899 23.263 23.402 23.421 23.334 23.034 22.504 22.003 21.613 21.202 20.680 20.023 19.203 18.132 16.697 14.875 12.711 10.233 7.451 4.930 2.985 1.664 0.895 0.488 0.271 0.152 0.090 0.058 0.042 0.034 0.029 0.027 0.024 0.022 0.019 0.017 0.015 0.013 0.012 0.010 0.009 0.008 0.007 0.007 0.006 0.006 0.006 0.006 0.006 0.006 0.007 0.008 0.009 0.010 0.011 0.012 0.013 0.014 0.015 0.017 0.018 0.020 0.023 0.027 0.032 0.039 0.049 0.064 0.084 0.110 0.140 0.168
15.803 17.417 18.884 20.165 21.194 21.906 22.291 22.412 22.385 22.218 21.909 21.496 21.024 20.518 19.966 19.365 18.695 17.909 16.900 15.514 13.689 11.459 8.885 6.206 3.937 2.259 1.178 0.588 0.296 0.154 0.086 0.053 0.036 0.028 0.023 0.020 0.018 0.017 0.015 0.014 0.012 0.011 0.010 0.009 0.007 0.006 0.006 0.005 0.005 0.004 0.004 0.004 0.004 0.004 0.004 0.004 0.005 0.006 0.007 0.007 0.008 0.009 0.010 0.011 0.013 0.014 0.017 0.019 0.023 0.028 0.035 0.044 0.056 0.071 0.091 0.113 0.137
14.143 15.749 17.216 18.521 19.609 20.403 20.856 20.983 20.899 20.632 20.343 20.089 19.687 19.023 18.230 17.494 16.758 15.929 14.855 13.373 11.408 8.998 6.409 4.092 2.357 1.219 0.580 0.272 0.135 0.075 0.046 0.032 0.024 0.019 0.016 0.015 0.013 0.012 0.011 0.010 0.009 0.008 0.007 0.006 0.005 0.004 0.004 0.003 0.003 0.002 0.002 0.002 0.002 0.002 0.002 0.002 0.003 0.003 0.004 0.005 0.006 0.006 0.007 0.008 0.009 0.011 0.013 0.016 0.019 0.024 0.030 0.039 0.050 0.063 0.079 0.098 0.118
12.234 13.735 15.160 16.516 17.739 18.710 19.321 19.540 19.488 19.250 18.974 18.705 18.250 17.458 16.493 15.612 14.730 13.694 12.304 10.440 8.045 5.526 3.433 1.967 1.038 0.506 0.235 0.113 0.061 0.038 0.027 0.021 0.017 0.014 0.012 0.011 0.010 0.009 0.008 0.007 0.006 0.006 0.005 0.004 0.003 0.003 0.002 0.002 0.001 0.001 0.001 0.001 0.001 0.001 0.001 0.001 0.001 0.002 0.002 0.003 0.003 0.004 0.005 0.006 0.007 0.008 0.010 0.012 0.016 0.020 0.026 0.034 0.044 0.057 0.072 0.088 0.106
10.135 11.499 12.888 14.319 15.733 16.926 17.735 18.083 18.087 17.895 17.574 17.159 16.531 15.640 14.616 13.602 12.507 11.091 9.138 6.722 4.381 2.605 1.416 0.728 0.366 0.182 0.091 0.050 0.032 0.023 0.018 0.015 0.012 0.011 0.009 0.008 0.007 0.007 0.006 0.005 0.004 0.004 0.003 0.002 0.002 0.001 0.001 0.001 0.001 0.000 0.000 0.000 0.000 0.000 0.000 0.000 0.000 0.001 0.001 0.001 0.002 0.002 0.003 0.003 0.004 0.006 0.007 0.009 0.012 0.016 0.022 0.030 0.039 0.052 0.065 0.081 0.097
8.065 9.266 10.541 11.941 13.425 14.724 15.653 16.111 16.180 15.993 15.517 14.793 13.890 12.895 11.845 10.699 9.310 7.444 5.229 3.227 1.809 0.912 0.438 0.221 0.119 0.066 0.039 0.026 0.019 0.015 0.013 0.011 0.009 0.008 0.007 0.006 0.005 0.005 0.004 0.003 0.003 0.002 0.002 0.001 0.001 0.001 0.000 0.000 0.000 0.000 0.000 0.000 0.000 0.000 0.000 0.000 0.000 0.000 0.000 0.000 0.001 0.001 0.001 0.002 0.003 0.004 0.005 0.007 0.009 0.013 0.018 0.025 0.034 0.046 0.059 0.073 0.088
6.056 7.028 8.046 9.143 10.319 11.408 12.245 12.708 12.808 12.623 12.024 11.016 9.772 8.609 7.506 6.328 4.970 3.451 2.073 1.091 0.517 0.240 0.123 0.072 0.045 0.030 0.022 0.017 0.014 0.011 0.010 0.008 0.007 0.006 0.005 0.004 0.004 0.003 0.002 0.002 0.001 0.001 0.001 0.000 0.000 0.000 0.000 0.000 0.000 0.000 0.000 0.000 0.000 0.000 0.000 0.000 0.000 0.000 0.000 0.000 0.000 0.000 0.000 0.001 0.001 0.002 0.003 0.005 0.007 0.010 0.014 0.020 0.029 0.039 0.052 0.065 0.080
4.026 4.582 5.108 5.617 6.149 6.721 7.240 7.558 7.643 7.512 6.995 6.090 4.989 4.067 3.293 2.570 1.815 1.081 0.553 0.258 0.125 0.069 0.044 0.031 0.023 0.018 0.015 0.012 0.011 0.009 0.008 0.006 0.005 0.004 0.004 0.003 0.002 0.002 0.001 0.001 0.001 0.000 0.000 0.000 0.000 0.000 0.000 0.000 0.000 0.000 0.000 0.000 0.000 0.000 0.000 0.000 0.000 0.000 0.000 0.000 0.000 0.000 0.000 0.000 0.001 0.001 0.002 0.003 0.005 0.007 0.010 0.015 0.022 0.032 0.043 0.057 0.072
2.222 2.403 2.544 2.663 2.780 2.927 3.102 3.214 3.245 3.191 2.948 2.478 1.859 1.366 1.009 0.721 0.456 0.249 0.126 0.068 0.042 0.030 0.023 0.019 0.016 0.014 0.012 0.010 0.009 0.007 0.006 0.005 0.004 0.003 0.002 0.002 0.001 0.001 0.000 0.000 0.000 0.000 0.000 0.000 0.000 0.000 0.000 0.000 0.000 0.000 0.000 0.000 0.000 0.000 0.000 0.000 0.000 0.000 0.000 0.000 0.000 0.000 0.000 0.000 0.000 0.000 0.001 0.002 0.003 0.005 0.007 0.011 0.016 0.024 0.034 0.047 0.063
0.972 0.986 0.987 0.981 0.970 0.971 0.994 1.008 1.006 0.981 0.895 0.729 0.508 0.351 0.250 0.174 0.112 0.067 0.042 0.029 0.022 0.019 0.016 0.014 0.012 0.011 0.010 0.008 0.007 0.006 0.004 0.003 0.003 0.002 0.001 0.001 0.000 0.000 0.000 0.000 0.000 0.000 0.000 0.000 0.000 0.000 0.000 0.000 0.000 0.000 0.000 0.000 0.000 0.000 0.000 0.000 0.000 0.000 0.000 0.000 0.000 0.000 0.000 0.000 0.000 0.000 0.000 0.001 0.002 0.003 0.005 0.007 0.011 0.017 0.026 0.037 0.053
0.345 0.335 0.326 0.320 0.309 0.298 0.291 0.285 0.277 0.266 0.240 0.195 0.137 0.097 0.072 0.054 0.039 0.029 0.022 0.018 0.016 0.014 0.013 0.011 0.010 0.009 0.008 0.007 0.006 0.004 0.003 0.002 0.002 0.001 0.000 0.000 0.000 0.000 0.000 0.000 0.000 0.000 0.000 0.000 0.000 0.000 0.000 0.000 0.000 0.000 0.000 0.000 0.000 0.000 0.000 0.000 0.000 0.000 0.000 0.000 0.000 0.000 0.000 0.000 0.000 0.000 0.000 0.000 0.001 0.002 0.003 0.005 0.008 0.012 0.018 0.028 0.042
0.123 0.118 0.116 0.113 0.110 0.104 0.097 0.092 0.087 0.082 0.075 0.063 0.049 0.038 0.031 0.026 0.021 0.018 0.016 0.014 0.013 0.012 0.011 0.010 0.009 0.008 0.007 0.006 0.004 0.003 0.002 0.001 0.001 0.000 0.000 0.000 0.000 0.000 0.000 0.000 0.000 0.000 0.000 0.000 0.000 0.000 0.000 0.000 0.000 0.000 0.000 0.000 0.000 0.000 0.000 0.000 0.000 0.000 0.000 0.000 0.000 0.000 0.000 0.000 0.000 0.000 0.000 0.000 0.000 0.001 0.002 0.003 0.005 0.008 0.012 0.019 0.029
0.052 0.050 0.049 0.049 0.047 0.045 0.042 0.039 0.037 0.035 0.033 0.030 0.026 0.022 0.019 0.017 0.015 0.014 0.013 0.012 0.011 0.010 0.009 0.008 0.008 0.007 0.006 0.005 0.003 0.002 0.001 0.001 0.000 0.000 0.000 0.000 0.000 0.000 0.000 0.000 0.000 0.000 0.000 0.000 0.000 0.000 0.000 0.000 0.000 0.000 0.000 0.000 0.000 0.000 0.000 0.000 0.000 0.000 0.000 0.000 0.000 0.000 0.000 0.000 0.000 0.000 0.000 0.000 0.000 0.000 0.001 0.002 0.003 0.005 0.007 0.012 0.018
0.027 0.027 0.027 0.026 0.026 0.025 0.023 0.022 0.021 0.020 0.020 0.019 0.017 0.016 0.014 0.013 0.012 0.011 0.011 0.010 0.009 0.009 0.008 0.007 0.007 0.006 0.005 0.004 0.003 0.002 0.001 0.000 0.000 0.000 0.000 0.000 0.000 0.000 0.000 0.000 0.000 0.000 0.000 0.000 0.000 0.000 0.000 0.000 0.000 0.000 0.000 0.000 0.000 0.000 0.000 0.000 0.000 0.000 0.000 0.000 0.000 0.000 0.000 0.000 0.000 0.000 0.000 0.000 0.000 0.000 0.000 0.001 0.001 0.003 0.004 0.007 0.011
0.017 0.017 0.017 0.017 0.017 0.016 0.016 0.015 0.015 0.014 0.014 0.014 0.013 0.012 0.012 0.011 0.010 0.010 0.009 0.009 0.008 0.008 0.007 0.006 0.006 0.005 0.004 0.003 0.002 0.001 0.001 0.000 0.000 0.000 0.000 0.000 0.000 0.000 0.000 0.000 0.000 0.000 0.000 0.000 0.000 0.000 0.000 0.000 0.000 0.000 0.000 0.000 0.000 0.000 0.000 0.000 0.000 0.000 0.000 0.000 0.000 0.000 0.000 0.000 0.000 0.000 0.000 0.000 0.000 0.000 0.000 0.000 0.001 0.001 0.002 0.004 0.006
0.012 0.012 0.012 0.012 0.012 0.012 0.011 0.011 0.011 0.011 0.011 0.011 0.010 0.010 0.010 0.009 0.009 0.008 0.008 0.008 0.007 0.007 0.006 0.005 0.005 0.004 0.003 0.002 0.002 0.001 0.000 0.000 0.000 0.000 0.000 0.000 0.000 0.000 0.000 0.000 0.000 0.000 0.000 0.000 0.000 0.000 0.000 0.000 0.000 0.000 0.000 0.000 0.000 0.000 0.000 0.000 0.000 0.000 0.000 0.000 0.000 0.000 0.000 0.000 0.000 0.000 0.000 0.000 0.000 0.000 0.000 0.000 0.000 0.000 0.001 0.002 0.003
0.009 0.009 0.009 0.009 0.009 0.009 0.009 0.009 0.009 0.009 0.009 0.009 0.009 0.008 0.008 0.008 0.008 0.007 0.007 0.007 0.006 0.006 0.005 0.005 0.004 0.003 0.003 0.002 0.001 0.001 0.000 0.000 0.000 0.000 0.000 0.000 0.000 0.000 0.000 0.000 0.000 0.000 0.000 0.000 0.000 0.000 0.000 0.000 0.000 0.000 0.000 0.000 0.000 0.000 0.000 0.000 0.000 0.000 0.000 0.000 0.000 0.000 0.000 0.000 0.000 0.000 0.000 0.000 0.000 0.000 0.000 0.000 0.000 0.000 0.000 0.001 0.001
0.007 0.007 0.007 0.007 0.007 0.007 0.007 0.007 0.007 0.007 0.007 0.007 0.007 0.007 0.007 0.007 0.007 0.007 0.006 0.006 0.005 0.005 0.004 0.004 0.003 0.003 0.002 0.002 0.001 0.001 0.000 0.000 0.000 0.000 0.000 0.000 0.000 0.000 0.000 0.000 0.000 0.000 0.000 0.000 0.000 0.000 0.000 0.000 0.000 0.000 0.000 0.000 0.000 0.000 0.000 0.000 0.000 0.000 0.000 0.000 0.000 0.000 0.000 0.000 0.000 0.000 0.000 0.000 0.000 0.000 0.000 0.000 0.000 0.000 0.000 0.000 0.000
0.005 0.005 0.005 0.005 0.005 0.005 0.005 0.006 0.006 0.006 0.006 0.006 0.006 0.006 0.006 0.006 0.006 0.006 0.005 0.005 0.004 0.004 0.004 0.003 0.003 0.003 0.002 0.002 0.001 0.001 0.000 0.000 0.000 0.000 0.000 0.000 0.000 0.000 0.000 0.000 0.000 0.000 0.000 0.000 0.000 0.000 0.000 0.000 0.000 0.000 0.000 0.000 0.000 0.000 0.000 0.000 0.000 0.000 0.000 0.000 0.000 0.000 0.000 0.000 0.000 0.000 0.000 0.000 0.000 0.000 0.000 0.000 0.000 0.000 0.000 0.000 0.000
0.003 0.003 0.004 0.004 0.004 0.004 0.004 0.004 0.005 0.005 0.005 0.005 0.005 0.005 0.005 0.005 0.005 0.005 0.004 0.004 0.004 0.003 0.003 0.003 0.003 0.003 0.002 0.002 0.001 0.000 0.000 0.000 0.000 0.000 0.000 0.000 0.000 0.000 0.000 0.000 0.000 0.000 0.000 0.000 0.000 0.000 0.000 0.000 0.000 0.000 0.000 0.000 0.000 0.000 0.000 0.000 0.000 0.000 0.000 0.000 0.000 0.000 0.000 0.000 0.000 0.000 0.000 0.000 0.000 0.000 0.000 0.000 0.000 0.000 0.000 0.000 0.000
0.002 0.002 0.002 0.003 0.003 0.003 0.003 0.003 0.003 0.004 0.004 0.004 0.004 0.004 0.004 0.004 0.004 0.004 0.004 0.003 0.003 0.003 0.003 0.003 0.003 0.003 0.002 0.002 0.001 0.000 0.000 0.000 0.000 0.000 0.000 0.000 0.000 0.000 0.000 0.000 0.000 0.000 0.000 0.000 0.000 0.000 0.000 0.000 0.000 0.000 0.000 0.000 0.000 0.000 0.000 0.000 0.000 0.000 0.000 0.000 0.000 0.000 0.000 0.000 0.000 0.000 0.000 0.000 0.000 0.000 0.000 0.000 0.000 0.000 0.000 0.000 0.000
0.001 0.001 0.001 0.002 0.002 0.002 0.002 0.002 0.003 0.003 0.003 0.003 0.003 0.003 0.003 0.003 0.003 0.003 0.003 0.003 0.003 0.003 0.003 0.003 0.003 0.003 0.002 0.001 0.001 0.000 0.000 0.000 0.000 0.000 0.000 0.000 0.000 0.000 0.000 0.000 0.000 0.000 0.000 0.000 0.000 0.000 0.000 0.000 0.000 0.000 0.000 0.000 0.000 0.000 0.000 0.000 0.000 0.000 0.000 0.000 0.000 0.000 0.000 0.000 0.000 0.000 0.000 0.000 0.000 0.000 0.000 0.000 0.000 0.000 0.000 0.000 0.000
0.001 0.001 0.001 0.001 0.001 0.001 0.001 0.001 0.002 0.002 0.002 0.002 0.002 0.003 0.003 0.003 0.003 0.003 0.003 0.003 0.003 0.003 0.003 0.003 0.003 0.003 0.002 0.001 0.001 0.000 0.000 0.000 0.000 0.000 0.000 0.000 0.000 0.000 0.000 0.000 0.000 0.000 0.000 0.000 0.000 0.000 0.000 0.000 0.000 0.000 0.000 0.000 0.000 0.000 0.000 0.000 0.000 0.000 0.000 0.000 0.000 0.000 0.000 0.000 0.000 0.000 0.000 0.000 0.000 0.000 0.000 0.000 0.000 0.000 0.000 0.000 0.000
0.000 0.000 0.000 0.000 0.000 0.001 0.001 0.001 0.001 0.001 0.001 0.002 0.002 0.002 0.002 0.002 0.002 0.002 0.003 0.003 0.003 0.003 0.003 0.003 0.003 0.002 0.002 0.001 0.001 0.000 0.000 0.000 0.000 0.000 0.000 0.000 0.000 0.000 0.000 0.000 0.000 0.000 0.000 0.000 0.000 0.000 0.000 0.000 0.000 0.000 0.000 0.000 0.000 0.000 0.000 0.000 0.000 0.000 0.000 0.000 0.000 0.000 0.000 0.000 0.000 0.000 0.000 0.000 0.000 0.000 0.000 0.000 0.000 0.000 0.000 0.000 0.000
0.000 0.000 0.000 0.000 0.000 0.000 0.000 0.000 0.001 0.001 0.001 0.001 0.001 0.002 0.002 0.002 0.002 0.002 0.002 0.002 0.003 0.003 0.003 0.002 0.002 0.002 0.002 0.001 0.001 0.000 0.000 0.000 0.000 0.000 0.000 0.000 0.000 0.000 0.000 0.000 0.000 0.000 0.000 0.000 0.000 0.000 0.000 0.000 0.000 0.000 0.000 0.000 0.000 0.000 0.000 0.000 0.000 0.000 0.000 0.000 0.000 0.000 0.000 0.000 0.000 0.000 0.000 0.000 0.000 0.000 0.000 0.000 0.000 0.000 0.000 0.000 0.000
0.000 0.000 0.000 0.000 0.000 0.000 0.000 0.000 0.000 0.000 0.001 0.001 0.001 0.001 0.001 0.001 0.002 0.002 0.002 0.002 0.002 0.002 0.002 0.002 0.002 0.001 0.001 0.001 0.000 0.000 0.000 0.000 0.000 0.000 0.000 0.000 0.000 0.000 0.000 0.000 0.000 0.000 0.000 0.000 0.000 0.000 0.000 0.000 0.000 0.000 0.000 0.000 0.000 0.000 0.000 0.000 0.000 0.000 0.000 0.000 0.000 0.000 0.000 0.000 0.000 0.000 0.000 0.000 0.000 0.000 0.000 0.000 0.000 0.000 0.000 0.000 0.000
