RESULTS/r.avaflow_results/21_results/21_ascii/21_hflow10036.asc
ncols 506
nrows 317
xllcenter 498237.50
yllcenter 5580050.00
cellsize 12.50
NODATA_value -9999.000
[rows 170 to 203 of 317, columns 77 to 153 of 506]
0.000 0.000 0.000 0.000 0.000 0.000 0.000 0.000 0.000 0.000 0.000 0.000 0.000 0.000 0.000 0.000 0.000 0.000 0.000 0.000 0.000 0.001 0.002 0.004 0.007 0.010 0.011 0.011 0.011 0.011 0.011 0.010 0.010 0.008 0.007 0.006 0.005 0.004 0.003 0.002 0.002 0.002 0.002 0.002 0.003 0.004 0.006 0.010 0.017 0.032 0.064 0.136 0.282 0.525 0.784 0.990 1.172 1.366 1.543 1.658 1.706 1.710 1.685 1.621 1.516 1.376 1.208 1.036 0.882 0.746 0.630 0.532 0.450 0.382 0.325 0.276 0.235
0.000 0.000 0.000 0.000 0.000 0.000 0.000 0.000 0.000 0.000 0.000 0.000 0.000 0.000 0.000 0.000 0.000 0.000 0.000 0.000 0.001 0.002 0.005 0.009 0.013 0.015 0.016 0.016 0.016 0.016 0.015 0.015 0.013 0.012 0.010 0.008 0.007 0.006 0.005 0.004 0.003 0.003 0.003 0.003 0.005 0.007 0.013 0.022 0.042 0.086 0.178 0.350 0.623 0.907 1.108 1.256 1.401 1.552 1.667 1.726 1.739 1.729 1.692 1.621 1.515 1.375 1.206 1.028 0.872 0.740 0.629 0.536 0.460 0.396 0.342 0.295 0.254
0.000 0.000 0.000 0.000 0.000 0.000 0.000 0.000 0.000 0.000 0.000 0.000 0.000 0.000 0.000 0.000 0.000 0.000 0.000 0.001 0.003 0.006 0.010 0.015 0.019 0.021 0.021 0.021 0.021 0.021 0.020 0.020 0.018 0.015 0.013 0.011 0.009 0.008 0.006 0.005 0.005 0.005 0.005 0.006 0.009 0.015 0.028 0.055 0.112 0.230 0.441 0.729 0.997 1.162 1.269 1.368 1.489 1.615 1.697 1.730 1.734 1.721 1.681 1.610 1.505 1.366 1.196 1.017 0.864 0.736 0.630 0.542 0.470 0.408 0.355 0.309 0.268
0.000 0.000 0.000 0.000 0.000 0.000 0.000 0.000 0.000 0.000 0.000 0.000 0.000 0.000 0.000 0.000 0.000 0.000 0.001 0.003 0.006 0.011 0.017 0.022 0.025 0.026 0.027 0.027 0.027 0.026 0.026 0.024 0.022 0.018 0.015 0.012 0.010 0.009 0.008 0.007 0.007 0.006 0.007 0.010 0.017 0.033 0.068 0.139 0.278 0.523 0.830 1.083 1.222 1.288 1.335 1.400 1.505 1.620 1.686 1.706 1.706 1.692 1.653 1.584 1.482 1.347 1.179 1.005 0.856 0.733 0.630 0.545 0.475 0.416 0.365 0.320 0.281
0.000 0.000 0.000 0.000 0.000 0.000 0.000 0.000 0.000 0.000 0.000 0.000 0.000 0.000 0.000 0.000 0.000 0.001 0.002 0.005 0.010 0.016 0.023 0.027 0.029 0.031 0.031 0.032 0.032 0.031 0.030 0.029 0.026 0.021 0.017 0.013 0.011 0.010 0.009 0.009 0.008 0.009 0.011 0.018 0.036 0.076 0.162 0.319 0.579 0.882 1.126 1.262 1.311 1.331 1.356 1.403 1.495 1.599 1.651 1.661 1.660 1.646 1.609 1.543 1.446 1.317 1.157 0.990 0.848 0.729 0.629 0.546 0.477 0.420 0.371 0.328 0.290
0.000 0.000 0.000 0.000 0.000 0.000 0.000 0.000 0.000 0.000 0.000 0.000 0.000 0.000 0.000 0.000 0.000 0.001 0.004 0.008 0.014 0.021 0.027 0.031 0.034 0.035 0.036 0.036 0.036 0.036 0.034 0.032 0.029 0.024 0.018 0.014 0.011 0.010 0.010 0.010 0.010 0.012 0.018 0.034 0.076 0.168 0.340 0.602 0.890 1.117 1.254 1.310 1.327 1.340 1.359 1.392 1.458 1.549 1.597 1.606 1.602 1.585 1.549 1.488 1.397 1.277 1.128 0.971 0.836 0.722 0.625 0.544 0.477 0.421 0.374 0.333 0.297
0.000 0.000 0.000 0.000 0.000 0.000 0.000 0.000 0.000 0.000 0.000 0.000 0.000 0.000 0.000 0.000 0.000 0.002 0.005 0.010 0.017 0.024 0.030 0.034 0.037 0.039 0.040 0.040 0.040 0.039 0.038 0.035 0.031 0.026 0.019 0.014 0.012 0.010 0.010 0.010 0.012 0.017 0.030 0.066 0.153 0.326 0.586 0.853 1.065 1.207 1.280 1.310 1.325 1.337 1.351 1.369 1.399 1.469 1.527 1.542 1.536 1.517 1.480 1.420 1.336 1.226 1.090 0.943 0.816 0.707 0.616 0.539 0.474 0.419 0.374 0.335 0.301
0.000 0.000 0.000 0.000 0.000 0.000 0.000 0.000 0.000 0.000 0.000 0.000 0.000 0.000 0.000 0.000 0.000 0.002 0.005 0.011 0.019 0.027 0.033 0.038 0.041 0.042 0.043 0.043 0.043 0.042 0.041 0.038 0.034 0.027 0.020 0.015 0.012 0.010 0.010 0.011 0.014 0.023 0.049 0.120 0.276 0.525 0.788 0.987 1.127 1.219 1.272 1.298 1.313 1.323 1.330 1.334 1.340 1.381 1.445 1.466 1.462 1.440 1.401 1.343 1.263 1.160 1.036 0.902 0.784 0.683 0.598 0.526 0.465 0.414 0.371 0.335 0.304
0.000 0.000 0.000 0.000 0.000 0.000 0.000 0.000 0.000 0.000 0.000 0.000 0.000 0.000 0.000 0.000 0.000 0.002 0.005 0.011 0.020 0.029 0.036 0.041 0.044 0.045 0.046 0.046 0.046 0.045 0.043 0.040 0.036 0.029 0.021 0.015 0.012 0.010 0.010 0.011 0.015 0.030 0.074 0.189 0.407 0.681 0.892 1.033 1.134 1.205 1.249 1.273 1.287 1.293 1.294 1.290 1.287 1.309 1.360 1.379 1.375 1.353 1.313 1.254 1.176 1.080 0.966 0.846 0.740 0.649 0.572 0.507 0.452 0.406 0.367 0.334 0.305
0.000 0.000 0.000 0.000 0.000 0.000 0.000 0.000 0.000 0.000 0.000 0.000 0.000 0.000 0.000 0.000 0.000 0.002 0.005 0.011 0.020 0.030 0.038 0.043 0.046 0.047 0.048 0.048 0.048 0.047 0.045 0.042 0.037 0.030 0.022 0.015 0.012 0.010 0.010 0.010 0.015 0.033 0.090 0.237 0.498 0.762 0.929 1.038 1.118 1.175 1.213 1.236 1.246 1.249 1.247 1.238 1.232 1.241 1.271 1.281 1.275 1.252 1.211 1.151 1.075 0.985 0.881 0.777 0.686 0.607 0.539 0.482 0.435 0.395 0.361 0.331 0.305
0.000 0.000 0.000 0.000 0.000 0.000 0.000 0.000 0.000 0.000 0.000 0.000 0.000 0.000 0.000 0.000 0.000 0.001 0.005 0.011 0.019 0.031 0.040 0.045 0.048 0.049 0.050 0.050 0.049 0.048 0.046 0.043 0.038 0.031 0.023 0.016 0.011 0.009 0.009 0.010 0.015 0.034 0.096 0.260 0.546 0.792 0.932 1.021 1.084 1.131 1.163 1.183 1.191 1.192 1.190 1.181 1.171 1.171 1.178 1.177 1.164 1.137 1.093 1.034 0.961 0.875 0.783 0.698 0.622 0.556 0.501 0.454 0.416 0.382 0.353 0.327 0.304
0.000 0.000 0.000 0.000 0.000 0.000 0.000 0.000 0.000 0.000 0.000 0.000 0.000 0.000 0.000 0.000 0.000 0.001 0.004 0.008 0.017 0.029 0.040 0.047 0.050 0.050 0.051 0.051 0.050 0.049 0.047 0.044 0.039 0.032 0.024 0.016 0.011 0.009 0.008 0.009 0.014 0.033 0.094 0.263 0.557 0.796 0.915 0.982 1.031 1.069 1.096 1.114 1.123 1.125 1.123 1.116 1.104 1.094 1.085 1.071 1.048 1.013 0.966 0.906 0.834 0.753 0.677 0.610 0.551 0.501 0.459 0.423 0.394 0.367 0.344 0.322 0.301
0.000 0.000 0.000 0.000 0.000 0.000 0.000 0.000 0.000 0.000 0.000 0.000 0.000 0.000 0.000 0.000 0.000 0.000 0.002 0.005 0.011 0.023 0.038 0.047 0.051 0.051 0.051 0.051 0.051 0.049 0.047 0.044 0.040 0.033 0.025 0.017 0.012 0.009 0.008 0.008 0.012 0.030 0.087 0.249 0.541 0.776 0.878 0.923 0.957 0.985 1.009 1.031 1.044 1.049 1.048 1.042 1.030 1.011 0.991 0.968 0.937 0.897 0.847 0.788 0.719 0.646 0.582 0.527 0.481 0.444 0.414 0.390 0.369 0.350 0.332 0.314 0.297
0.000 0.000 0.000 0.000 0.000 0.000 0.000 0.000 0.000 0.000 0.000 0.000 0.000 0.000 0.000 0.000 0.000 0.000 0.001 0.002 0.006 0.015 0.031 0.045 0.051 0.052 0.052 0.051 0.051 0.049 0.047 0.045 0.040 0.034 0.027 0.018 0.012 0.009 0.008 0.008 0.010 0.024 0.071 0.209 0.474 0.708 0.812 0.844 0.861 0.877 0.897 0.922 0.947 0.962 0.965 0.960 0.947 0.925 0.899 0.868 0.833 0.790 0.741 0.685 0.620 0.555 0.498 0.452 0.415 0.387 0.367 0.353 0.341 0.329 0.317 0.305 0.293
0.000 0.000 0.000 0.000 0.000 0.000 0.000 0.000 0.000 0.000 0.000 0.000 0.000 0.000 0.000 0.000 0.000 0.000 0.000 0.001 0.002 0.008 0.021 0.039 0.049 0.052 0.051 0.051 0.050 0.049 0.047 0.045 0.041 0.035 0.028 0.020 0.014 0.010 0.008 0.007 0.009 0.016 0.045 0.137 0.342 0.575 0.697 0.735 0.741 0.744 0.751 0.767 0.798 0.834 0.859 0.865 0.855 0.835 0.805 0.772 0.734 0.692 0.645 0.593 0.534 0.476 0.425 0.383 0.351 0.329 0.316 0.309 0.306 0.303 0.299 0.294 0.287
0.000 0.000 0.000 0.000 0.000 0.000 0.000 0.000 0.000 0.000 0.000 0.000 0.000 0.000 0.000 0.000 0.000 0.000 0.000 0.001 0.001 0.003 0.012 0.029 0.044 0.050 0.051 0.051 0.050 0.049 0.047 0.045 0.041 0.036 0.030 0.022 0.016 0.011 0.008 0.008 0.008 0.011 0.025 0.070 0.189 0.380 0.519 0.574 0.580 0.570 0.552 0.545 0.564 0.613 0.679 0.730 0.746 0.736 0.711 0.677 0.640 0.599 0.556 0.509 0.457 0.405 0.358 0.319 0.289 0.269 0.258 0.255 0.256 0.261 0.269 0.273 0.272
0.000 0.000 0.000 0.000 0.000 0.000 0.000 0.000 0.000 0.000 0.000 0.000 0.000 0.000 0.000 0.000 0.000 0.000 0.000 0.000 0.001 0.001 0.005 0.017 0.034 0.046 0.049 0.049 0.049 0.048 0.047 0.045 0.041 0.037 0.031 0.024 0.018 0.013 0.010 0.008 0.008 0.009 0.015 0.036 0.094 0.211 0.321 0.372 0.383 0.376 0.350 0.325 0.322 0.345 0.415 0.518 0.593 0.616 0.607 0.581 0.547 0.509 0.471 0.430 0.386 0.339 0.296 0.259 0.229 0.207 0.193 0.185 0.185 0.193 0.210 0.222 0.225
0.000 0.000 0.000 0.000 0.000 0.000 0.000 0.000 0.000 0.000 0.000 0.000 0.000 0.000 0.000 0.000 0.000 0.000 0.000 0.000 0.000 0.001 0.002 0.008 0.021 0.037 0.045 0.047 0.047 0.047 0.046 0.044 0.041 0.037 0.032 0.026 0.020 0.015 0.012 0.010 0.009 0.009 0.012 0.021 0.048 0.109 0.182 0.222 0.235 0.233 0.216 0.187 0.173 0.176 0.207 0.281 0.380 0.450 0.474 0.468 0.449 0.419 0.387 0.354 0.316 0.274 0.235 0.201 0.172 0.148 0.128 0.115 0.109 0.110 0.119 0.128 0.129
0.000 0.000 0.000 0.000 0.000 0.000 0.000 0.000 0.000 0.000 0.000 0.000 0.000 0.000 0.000 0.000 0.000 0.000 0.000 0.000 0.000 0.001 0.001 0.003 0.010 0.024 0.037 0.043 0.044 0.044 0.044 0.043 0.041 0.037 0.032 0.026 0.021 0.016 0.013 0.011 0.010 0.010 0.010 0.015 0.028 0.058 0.102 0.131 0.144 0.145 0.137 0.118 0.100 0.094 0.101 0.132 0.194 0.260 0.300 0.317 0.319 0.311 0.294 0.272 0.241 0.203 0.168 0.139 0.115 0.094 0.077 0.064 0.056 0.052 0.052 0.052 0.050
0.000 0.000 0.000 0.000 0.000 0.000 0.000 0.000 0.000 0.000 0.000 0.000 0.000 0.000 0.000 0.000 0.000 0.000 0.000 0.000 0.000 0.000 0.001 0.001 0.004 0.012 0.024 0.035 0.040 0.042 0.042 0.041 0.039 0.037 0.032 0.027 0.021 0.017 0.014 0.012 0.011 0.010 0.010 0.012 0.019 0.035 0.062 0.084 0.094 0.096 0.094 0.084 0.069 0.059 0.057 0.064 0.088 0.126 0.155 0.171 0.176 0.177 0.174 0.164 0.145 0.119 0.098 0.080 0.065 0.052 0.040 0.031 0.026 0.023 0.021 0.019 0.018
0.000 0.000 0.000 0.000 0.000 0.000 0.000 0.000 0.000 0.000 0.000 0.000 0.000 0.000 0.000 0.000 0.000 0.000 0.000 0.000 0.000 0.000 0.000 0.001 0.002 0.005 0.012 0.023 0.032 0.037 0.039 0.039 0.038 0.036 0.032 0.027 0.022 0.017 0.014 0.012 0.011 0.010 0.010 0.011 0.015 0.025 0.042 0.058 0.067 0.069 0.068 0.064 0.053 0.043 0.038 0.038 0.043 0.056 0.070 0.078 0.081 0.082 0.081 0.078 0.070 0.057 0.047 0.039 0.031 0.024 0.018 0.014 0.012 0.010 0.009 0.008 0.007
0.000 0.000 0.000 0.000 0.000 0.000 0.000 0.000 0.000 0.000 0.000 0.000 0.000 0.000 0.000 0.000 0.000 0.000 0.000 0.000 0.000 0.000 0.000 0.000 0.001 0.002 0.005 0.011 0.020 0.030 0.034 0.036 0.036 0.034 0.031 0.027 0.022 0.018 0.014 0.012 0.011 0.010 0.010 0.010 0.012 0.019 0.030 0.043 0.049 0.051 0.051 0.049 0.043 0.035 0.029 0.026 0.026 0.028 0.032 0.034 0.035 0.035 0.034 0.032 0.029 0.024 0.020 0.016 0.013 0.011 0.008 0.007 0.005 0.005 0.004 0.004 0.003
0.000 0.000 0.000 0.000 0.000 0.000 0.000 0.000 0.000 0.000 0.000 0.000 0.000 0.000 0.000 0.000 0.000 0.000 0.000 0.000 0.000 0.000 0.000 0.000 0.001 0.001 0.002 0.004 0.010 0.019 0.027 0.031 0.032 0.032 0.029 0.026 0.021 0.017 0.014 0.012 0.011 0.010 0.009 0.009 0.010 0.014 0.022 0.031 0.036 0.038 0.038 0.037 0.033 0.028 0.022 0.019 0.018 0.017 0.017 0.017 0.017 0.016 0.015 0.014 0.013 0.011 0.009 0.007 0.006 0.005 0.004 0.003 0.003 0.003 0.002 0.002 0.002
0.000 0.000 0.000 0.000 0.000 0.000 0.000 0.000 0.000 0.000 0.000 0.000 0.000 0.000 0.000 0.000 0.000 0.000 0.000 0.000 0.000 0.000 0.000 0.000 0.000 0.001 0.001 0.002 0.004 0.009 0.017 0.024 0.028 0.028 0.027 0.024 0.021 0.017 0.014 0.012 0.010 0.009 0.008 0.008 0.008 0.010 0.015 0.021 0.026 0.027 0.027 0.027 0.025 0.021 0.017 0.014 0.012 0.011 0.010 0.010 0.009 0.009 0.008 0.007 0.007 0.006 0.005 0.004 0.003 0.003 0.002 0.002 0.002 0.002 0.001 0.001 0.001
0.000 0.000 0.000 0.000 0.000 0.000 0.000 0.000 0.000 0.000 0.000 0.000 0.000 0.000 0.000 0.000 0.000 0.000 0.000 0.000 0.000 0.001 0.001 0.000 0.000 0.001 0.001 0.001 0.002 0.004 0.008 0.015 0.021 0.022 0.022 0.021 0.019 0.016 0.013 0.011 0.009 0.008 0.007 0.006 0.006 0.007 0.009 0.013 0.017 0.018 0.019 0.018 0.017 0.015 0.012 0.010 0.008 0.007 0.007 0.006 0.006 0.005 0.005 0.004 0.004 0.003 0.003 0.002 0.002 0.002 0.001 0.001 0.001 0.001 0.001 0.001 0.001
0.000 0.000 0.000 0.000 0.000 0.000 0.000 0.000 0.000 0.000 0.000 0.000 0.000 0.000 0.000 0.000 0.000 0.000 0.000 0.000 0.001 0.001 0.001 0.001 0.001 0.001 0.001 0.001 0.001 0.001 0.003 0.008 0.013 0.016 0.017 0.017 0.016 0.014 0.012 0.010 0.008 0.006 0.005 0.004 0.004 0.004 0.005 0.007 0.010 0.011 0.011 0.011 0.011 0.010 0.008 0.006 0.005 0.005 0.004 0.004 0.003 0.003 0.003 0.003 0.002 0.002 0.002 0.001 0.001 0.001 0.001 0.001 0.001 0.001 0.001 0.001 0.001
0.000 0.000 0.000 0.000 0.000 0.000 0.000 0.000 0.000 0.000 0.000 0.000 0.000 0.000 0.000 0.000 0.000 0.000 0.000 0.000 0.001 0.001 0.001 0.001 0.001 0.001 0.001 0.001 0.001 0.001 0.001 0.003 0.006 0.009 0.011 0.011 0.012 0.011 0.010 0.008 0.007 0.005 0.004 0.003 0.002 0.002 0.002 0.003 0.005 0.006 0.006 0.006 0.006 0.005 0.004 0.004 0.003 0.003 0.003 0.002 0.002 0.002 0.002 0.002 0.002 0.001 0.001 0.001 0.001 0.001 0.001 0.001 0.001 0.001 0.001 0.001 0.001
0.000 0.000 0.000 0.000 0.000 0.000 0.000 0.000 0.000 0.000 0.000 0.000 0.000 0.000 0.000 0.000 0.000 0.000 0.000 0.001 0.001 0.001 0.001 0.001 0.001 0.001 0.001 0.001 0.001 0.001 0.001 0.001 0.003 0.005 0.006 0.007 0.007 0.007 0.007 0.006 0.005 0.003 0.002 0.001 0.001 0.001 0.001 0.001 0.002 0.002 0.003 0.003 0.003 0.003 0.002 0.002 0.002 0.002 0.002 0.002 0.001 0.001 0.001 0.001 0.001 0.001 0.001 0.001 0.001 0.001 0.001 0.001 0.001 0.001 0.001 0.001 0.001
0.000 0.000 0.000 0.000 0.000 0.000 0.000 0.000 0.000 0.000 0.000 0.000 0.000 0.000 0.000 0.000 0.000 0.001 0.001 0.001 0.001 0.001 0.001 0.001 0.001 0.001 0.001 0.001 0.001 0.001 0.001 0.001 0.001 0.002 0.003 0.003 0.003 0.004 0.003 0.003 0.003 0.002 0.001 0.001 0.001 0.001 0.001 0.001 0.001 0.001 0.001 0.001 0.001 0.001 0.001 0.001 0.001 0.001 0.001 0.001 0.001 0.001 0.001 0.001 0.001 0.001 0.001 0.001 0.001 0.001 0.001 0.001 0.001 0.001 0.001 0.001 0.001
0.000 0.000 0.000 0.000 0.000 0.000 0.000 0.000 0.000 0.000 0.000 0.000 0.000 0.000 0.000 0.000 0.000 0.001 0.001 0.001 0.001 0.001 0.001 0.001 0.001 0.001 0.001 0.001 0.001 0.001 0.001 0.001 0.001 0.001 0.001 0.001 0.001 0.001 0.001 0.001 0.001 0.001 0.001 0.001 0.001 0.001 0.001 0.001 0.001 0.001 0.001 0.001 0.001 0.001 0.000 0.001 0.001 0.001 0.001 0.001 0.001 0.001 0.001 0.001 0.001 0.001 0.001 0.001 0.001 0.001 0.001 0.001 0.001 0.001 0.000 0.000 0.000
0.000 0.000 0.000 0.000 0.001 0.000 0.000 0.000 0.000 0.000 0.000 0.000 0.000 0.000 0.000 0.000 0.000 0.001 0.001 0.001 0.001 0.001 0.001 0.001 0.001 0.001 0.001 0.001 0.001 0.001 0.001 0.001 0.001 0.001 0.001 0.001 0.001 0.001 0.001 0.001 0.001 0.001 0.001 0.001 0.001 0.001 0.000 0.000 0.000 0.000 0.000 0.000 0.000 0.000 0.000 0.000 0.000 0.000 0.001 0.001 0.001 0.001 0.001 0.001 0.001 0.001 0.001 0.001 0.001 0.001 0.001 0.001 0.000 0.000 0.000 0.000 0.000
0.000 0.000 0.000 0.000 0.000 0.000 0.000 0.000 0.000 0.000 0.000 0.000 0.000 0.000 0.000 0.000 0.001 0.001 0.001 0.001 0.001 0.001 0.001 0.001 0.001 0.001 0.001 0.001 0.001 0.001 0.001 0.001 0.001 0.001 0.000 0.000 0.000 0.001 0.001 0.001 0.001 0.001 0.001 0.001 0.001 0.001 0.000 0.000 0.000 0.000 0.000 0.000 0.000 0.000 0.000 0.000 0.000 0.000 0.001 0.001 0.001 0.001 0.001 0.001 0.001 0.001 0.001 0.001 0.001 0.001 0.001 0.001 0.000 0.000 0.000 0.000 0.000
0.000 0.000 0.000 0.000 0.000 0.000 0.000 0.000 0.000 0.000 0.000 0.000 0.000 0.000 0.000 0.000 0.001 0.001 0.001 0.001 0.001 0.001 0.001 0.001 0.001 0.001 0.001 0.001 0.001 0.001 0.001 0.001 0.001 0.001 0.000 0.000 0.000 0.000 0.001 0.001 0.001 0.001 0.001 0.001 0.001 0.001 0.001 0.000 0.000 0.000 0.000 0.000 0.000 0.000 0.000 0.000 0.000 0.000 0.000 0.001 0.001 0.001 0.001 0.001 0.001 0.001 0.001 0.001 0.001 0.001 0.001 0.001 0.001 0.000 0.000 0.000 0.000
0.000 0.000 0.000 0.000 0.000 0.000 0.000 0.000 0.000 0.000 0.000 0.000 0.000 0.000 0.000 0.001 0.001 0.001 0.001 0.001 0.001 0.001 0.001 0.001 0.001 0.001 0.001 0.001 0.001 0.001 0.001 0.001 0.001 0.001 0.001 0.000 0.000 0.000 0.000 0.001 0.001 0.001 0.001 0.001 0.001 0.001 0.001 0.001 0.000 0.000 0.000 0.000 0.000 0.000 0.000 0.000 0.000 0.000 0.000 0.000 0.001 0.001 0.001 0.001 0.001 0.001 0.001 0.001 0.001 0.001 0.001 0.000 0.000 0.000 0.000 0.000 0.000
