RESULTS/r.avaflow_results/21_results/21_ascii/21_hflow10054.asc
ncols 506
nrows 317
xllcenter 498237.50
yllcenter 5580050.00
cellsize 12.50
NODATA_value -9999.000
[rows 170 to 203 of 317, columns 77 to 153 of 506]
0.000 0.000 0.000 0.000 0.000 0.000 0.000 0.000 0.000 0.000 0.000 0.000 0.000 0.000 0.000 0.000 0.000 0.000 0.000 0.000 0.000 0.000 0.001 0.002 0.003 0.003 0.004 0.004 0.004 0.004 0.004 0.003 0.003 0.002 0.002 0.002 0.001 0.001 0.001 0.001 0.001 0.001 0.001 0.002 0.002 0.004 0.005 0.008 0.014 0.025 0.047 0.097 0.197 0.364 0.576 0.782 0.975 1.175 1.356 1.483 1.551 1.574 1.571 1.546 1.491 1.408 1.302 1.177 1.039 0.904 0.784 0.680 0.589 0.511 0.445 0.389 0.341
0.000 0.000 0.000 0.000 0.000 0.000 0.000 0.000 0.000 0.000 0.000 0.000 0.000 0.000 0.000 0.000 0.000 0.000 0.000 0.000 0.000 0.001 0.002 0.004 0.005 0.005 0.006 0.006 0.006 0.006 0.005 0.005 0.004 0.003 0.003 0.002 0.002 0.002 0.002 0.002 0.002 0.002 0.002 0.003 0.004 0.006 0.010 0.017 0.030 0.059 0.118 0.232 0.418 0.641 0.844 1.015 1.183 1.345 1.474 1.551 1.582 1.586 1.577 1.547 1.491 1.409 1.302 1.175 1.031 0.896 0.779 0.678 0.593 0.520 0.458 0.405 0.359
0.000 0.000 0.000 0.000 0.000 0.000 0.000 0.000 0.000 0.000 0.000 0.000 0.000 0.000 0.000 0.000 0.000 0.000 0.000 0.000 0.001 0.003 0.005 0.006 0.007 0.008 0.008 0.008 0.008 0.008 0.008 0.007 0.006 0.005 0.004 0.004 0.003 0.003 0.003 0.003 0.003 0.003 0.003 0.004 0.007 0.011 0.020 0.037 0.072 0.144 0.275 0.476 0.689 0.860 0.995 1.125 1.271 1.410 1.507 1.560 1.578 1.579 1.568 1.537 1.483 1.402 1.297 1.168 1.022 0.890 0.776 0.679 0.596 0.526 0.466 0.415 0.370
0.000 0.000 0.000 0.000 0.000 0.000 0.000 0.000 0.000 0.000 0.000 0.000 0.000 0.000 0.000 0.000 0.000 0.000 0.000 0.001 0.003 0.005 0.008 0.009 0.010 0.011 0.011 0.011 0.011 0.010 0.010 0.009 0.008 0.006 0.005 0.005 0.004 0.004 0.004 0.004 0.004 0.004 0.005 0.008 0.013 0.023 0.043 0.084 0.167 0.319 0.538 0.748 0.889 0.985 1.069 1.164 1.291 1.420 1.505 1.543 1.554 1.554 1.544 1.514 1.463 1.387 1.284 1.158 1.014 0.885 0.774 0.679 0.598 0.529 0.470 0.420 0.376
0.000 0.000 0.000 0.000 0.000 0.000 0.000 0.000 0.000 0.000 0.000 0.000 0.000 0.000 0.000 0.000 0.000 0.000 0.001 0.003 0.005 0.008 0.011 0.012 0.013 0.014 0.014 0.014 0.014 0.013 0.013 0.012 0.010 0.008 0.006 0.006 0.005 0.005 0.005 0.005 0.006 0.006 0.009 0.013 0.024 0.047 0.093 0.183 0.342 0.565 0.775 0.910 0.987 1.042 1.100 1.174 1.286 1.409 1.483 1.510 1.517 1.516 1.506 1.479 1.431 1.360 1.263 1.143 1.005 0.880 0.771 0.678 0.598 0.530 0.472 0.422 0.378
0.000 0.000 0.000 0.000 0.000 0.000 0.000 0.000 0.000 0.000 0.000 0.000 0.000 0.000 0.000 0.000 0.000 0.001 0.002 0.004 0.008 0.011 0.014 0.015 0.016 0.017 0.017 0.017 0.017 0.016 0.015 0.014 0.012 0.009 0.007 0.006 0.006 0.006 0.006 0.006 0.007 0.009 0.014 0.024 0.047 0.096 0.188 0.346 0.560 0.762 0.898 0.975 1.021 1.063 1.110 1.169 1.260 1.373 1.441 1.465 1.468 1.466 1.455 1.430 1.386 1.321 1.232 1.121 0.992 0.870 0.765 0.674 0.596 0.529 0.472 0.422 0.378
0.000 0.000 0.000 0.000 0.000 0.000 0.000 0.000 0.000 0.000 0.000 0.000 0.000 0.000 0.000 0.000 0.000 0.001 0.003 0.005 0.009 0.013 0.016 0.018 0.019 0.019 0.019 0.019 0.019 0.019 0.018 0.016 0.013 0.010 0.008 0.007 0.006 0.006 0.006 0.007 0.009 0.013 0.022 0.043 0.088 0.179 0.330 0.528 0.717 0.856 0.941 0.991 1.030 1.068 1.109 1.155 1.216 1.310 1.383 1.409 1.410 1.406 1.394 1.369 1.329 1.270 1.190 1.090 0.970 0.854 0.753 0.666 0.591 0.526 0.470 0.421 0.377
0.000 0.000 0.000 0.000 0.000 0.000 0.000 0.000 0.000 0.000 0.000 0.000 0.000 0.000 0.000 0.000 0.000 0.001 0.003 0.006 0.010 0.015 0.018 0.020 0.021 0.022 0.022 0.022 0.022 0.021 0.020 0.018 0.015 0.012 0.009 0.007 0.006 0.006 0.007 0.008 0.011 0.018 0.034 0.072 0.153 0.289 0.472 0.650 0.788 0.884 0.947 0.993 1.032 1.068 1.101 1.133 1.167 1.234 1.310 1.341 1.344 1.338 1.324 1.300 1.261 1.207 1.134 1.043 0.935 0.826 0.731 0.649 0.578 0.517 0.464 0.417 0.374
0.000 0.000 0.000 0.000 0.000 0.000 0.000 0.000 0.000 0.000 0.000 0.000 0.000 0.000 0.000 0.000 0.000 0.001 0.003 0.006 0.011 0.016 0.019 0.022 0.023 0.024 0.024 0.024 0.023 0.023 0.021 0.019 0.016 0.013 0.009 0.007 0.007 0.006 0.007 0.008 0.012 0.022 0.048 0.108 0.220 0.384 0.561 0.702 0.808 0.887 0.947 0.993 1.030 1.061 1.086 1.106 1.127 1.171 1.234 1.263 1.266 1.260 1.246 1.221 1.183 1.131 1.064 0.982 0.884 0.786 0.699 0.624 0.560 0.503 0.454 0.410 0.370
0.000 0.000 0.000 0.000 0.000 0.000 0.000 0.000 0.000 0.000 0.000 0.000 0.000 0.000 0.000 0.000 0.000 0.001 0.003 0.006 0.011 0.017 0.021 0.023 0.024 0.025 0.025 0.025 0.025 0.024 0.023 0.021 0.018 0.014 0.010 0.008 0.007 0.006 0.007 0.008 0.012 0.024 0.056 0.133 0.267 0.445 0.599 0.716 0.808 0.883 0.943 0.989 1.023 1.047 1.064 1.076 1.089 1.118 1.160 1.178 1.178 1.174 1.159 1.133 1.095 1.045 0.982 0.906 0.819 0.733 0.657 0.592 0.535 0.485 0.440 0.400 0.365
0.000 0.000 0.000 0.000 0.000 0.000 0.000 0.000 0.000 0.000 0.000 0.000 0.000 0.000 0.000 0.000 0.000 0.001 0.003 0.006 0.011 0.017 0.021 0.024 0.026 0.026 0.026 0.026 0.026 0.025 0.024 0.022 0.019 0.015 0.011 0.008 0.007 0.006 0.007 0.008 0.012 0.024 0.059 0.145 0.294 0.474 0.609 0.714 0.801 0.874 0.933 0.978 1.008 1.027 1.038 1.046 1.054 1.069 1.091 1.099 1.097 1.087 1.067 1.037 0.997 0.947 0.886 0.817 0.742 0.671 0.608 0.553 0.506 0.463 0.424 0.389 0.357
0.000 0.000 0.000 0.000 0.000 0.000 0.000 0.000 0.000 0.000 0.000 0.000 0.000 0.000 0.000 0.000 0.000 0.001 0.002 0.005 0.009 0.016 0.022 0.025 0.026 0.027 0.027 0.027 0.027 0.026 0.025 0.023 0.020 0.016 0.012 0.008 0.007 0.006 0.006 0.007 0.011 0.024 0.059 0.146 0.303 0.481 0.605 0.700 0.781 0.852 0.910 0.955 0.985 1.001 1.009 1.013 1.016 1.022 1.029 1.030 1.023 1.006 0.979 0.943 0.897 0.843 0.782 0.718 0.658 0.603 0.554 0.511 0.473 0.438 0.406 0.376 0.349
0.000 0.000 0.000 0.000 0.000 0.000 0.000 0.000 0.000 0.000 0.000 0.000 0.000 0.000 0.000 0.000 0.000 0.000 0.001 0.003 0.007 0.013 0.021 0.025 0.027 0.027 0.028 0.028 0.027 0.027 0.026 0.024 0.021 0.017 0.012 0.009 0.007 0.006 0.006 0.007 0.011 0.022 0.056 0.141 0.298 0.474 0.590 0.671 0.743 0.809 0.870 0.920 0.954 0.972 0.978 0.979 0.977 0.975 0.972 0.966 0.953 0.931 0.899 0.858 0.808 0.751 0.688 0.629 0.578 0.534 0.497 0.465 0.436 0.410 0.385 0.361 0.338
0.000 0.000 0.000 0.000 0.000 0.000 0.000 0.000 0.000 0.000 0.000 0.000 0.000 0.000 0.000 0.000 0.000 0.000 0.001 0.001 0.004 0.009 0.017 0.024 0.027 0.028 0.028 0.028 0.027 0.027 0.026 0.024 0.022 0.018 0.013 0.010 0.007 0.006 0.006 0.006 0.009 0.019 0.048 0.124 0.270 0.443 0.555 0.626 0.684 0.741 0.799 0.855 0.902 0.931 0.942 0.942 0.936 0.928 0.917 0.904 0.886 0.860 0.825 0.782 0.730 0.671 0.608 0.551 0.504 0.467 0.438 0.416 0.397 0.379 0.361 0.344 0.326
0.000 0.000 0.000 0.000 0.000 0.000 0.000 0.000 0.000 0.000 0.000 0.000 0.000 0.000 0.000 0.000 0.000 0.000 0.000 0.001 0.002 0.005 0.012 0.021 0.026 0.028 0.028 0.028 0.027 0.027 0.026 0.025 0.022 0.019 0.015 0.011 0.008 0.006 0.006 0.006 0.008 0.014 0.035 0.091 0.209 0.371 0.489 0.556 0.601 0.641 0.684 0.732 0.788 0.843 0.881 0.894 0.890 0.879 0.863 0.844 0.821 0.792 0.756 0.712 0.660 0.601 0.537 0.482 0.436 0.401 0.377 0.362 0.352 0.343 0.334 0.324 0.313
0.000 0.000 0.000 0.000 0.000 0.000 0.000 0.000 0.000 0.000 0.000 0.000 0.000 0.000 0.000 0.000 0.000 0.000 0.000 0.000 0.001 0.002 0.007 0.016 0.024 0.027 0.027 0.027 0.027 0.027 0.026 0.025 0.023 0.020 0.017 0.012 0.009 0.007 0.006 0.006 0.007 0.010 0.021 0.052 0.128 0.258 0.378 0.444 0.476 0.494 0.509 0.532 0.577 0.652 0.740 0.802 0.825 0.821 0.806 0.784 0.757 0.726 0.689 0.645 0.595 0.538 0.474 0.417 0.371 0.336 0.312 0.300 0.295 0.294 0.296 0.295 0.292
0.000 0.000 0.000 0.000 0.000 0.000 0.000 0.000 0.000 0.000 0.000 0.000 0.000 0.000 0.000 0.000 0.000 0.000 0.000 0.000 0.001 0.001 0.004 0.010 0.019 0.025 0.027 0.027 0.027 0.027 0.026 0.025 0.024 0.021 0.018 0.014 0.010 0.008 0.007 0.006 0.007 0.008 0.014 0.029 0.068 0.147 0.238 0.291 0.312 0.317 0.315 0.315 0.330 0.383 0.491 0.622 0.709 0.739 0.737 0.720 0.693 0.661 0.623 0.581 0.533 0.478 0.415 0.357 0.309 0.270 0.243 0.226 0.221 0.224 0.232 0.239 0.241
0.000 0.000 0.000 0.000 0.000 0.000 0.000 0.000 0.000 0.000 0.000 0.000 0.000 0.000 0.000 0.000 0.000 0.000 0.000 0.000 0.000 0.001 0.002 0.005 0.012 0.020 0.024 0.026 0.026 0.026 0.026 0.025 0.024 0.022 0.019 0.016 0.012 0.009 0.008 0.007 0.007 0.008 0.010 0.018 0.037 0.078 0.136 0.172 0.187 0.188 0.184 0.176 0.175 0.193 0.253 0.374 0.515 0.605 0.636 0.637 0.621 0.593 0.558 0.519 0.473 0.419 0.357 0.298 0.249 0.207 0.175 0.152 0.140 0.136 0.140 0.145 0.143
0.000 0.000 0.000 0.000 0.000 0.000 0.000 0.000 0.000 0.000 0.000 0.000 0.000 0.000 0.000 0.000 0.000 0.000 0.000 0.000 0.000 0.000 0.001 0.002 0.006 0.014 0.021 0.024 0.025 0.026 0.026 0.025 0.024 0.023 0.020 0.017 0.014 0.011 0.009 0.008 0.007 0.008 0.009 0.013 0.023 0.043 0.076 0.100 0.110 0.112 0.110 0.102 0.098 0.100 0.122 0.182 0.287 0.401 0.475 0.507 0.513 0.502 0.480 0.450 0.408 0.356 0.295 0.237 0.187 0.146 0.114 0.092 0.078 0.070 0.067 0.064 0.060
0.000 0.000 0.000 0.000 0.000 0.000 0.000 0.000 0.000 0.000 0.000 0.000 0.000 0.000 0.000 0.000 0.000 0.000 0.000 0.000 0.000 0.000 0.001 0.001 0.003 0.007 0.014 0.020 0.023 0.025 0.025 0.025 0.024 0.023 0.021 0.018 0.015 0.012 0.010 0.008 0.008 0.008 0.008 0.010 0.016 0.027 0.046 0.062 0.070 0.072 0.071 0.067 0.061 0.060 0.064 0.085 0.133 0.208 0.275 0.318 0.342 0.350 0.349 0.336 0.308 0.265 0.211 0.161 0.120 0.089 0.065 0.049 0.039 0.032 0.028 0.026 0.023
0.000 0.000 0.000 0.000 0.000 0.000 0.000 0.000 0.000 0.000 0.000 0.000 0.000 0.000 0.000 0.000 0.000 0.000 0.000 0.000 0.000 0.000 0.000 0.001 0.001 0.003 0.008 0.014 0.020 0.023 0.024 0.024 0.024 0.023 0.021 0.018 0.015 0.012 0.010 0.009 0.008 0.008 0.008 0.009 0.013 0.020 0.032 0.043 0.049 0.051 0.050 0.048 0.043 0.040 0.040 0.045 0.062 0.094 0.133 0.160 0.176 0.184 0.185 0.183 0.171 0.148 0.116 0.086 0.064 0.046 0.033 0.023 0.018 0.015 0.012 0.011 0.009
0.000 0.000 0.000 0.000 0.000 0.000 0.000 0.000 0.000 0.000 0.000 0.000 0.000 0.000 0.000 0.000 0.000 0.000 0.000 0.000 0.000 0.000 0.000 0.000 0.001 0.001 0.004 0.008 0.014 0.019 0.022 0.023 0.023 0.022 0.021 0.019 0.016 0.013 0.010 0.009 0.008 0.008 0.008 0.008 0.010 0.015 0.023 0.031 0.036 0.037 0.037 0.036 0.033 0.029 0.028 0.028 0.033 0.043 0.059 0.072 0.079 0.083 0.083 0.082 0.078 0.068 0.054 0.040 0.029 0.021 0.015 0.011 0.008 0.007 0.006 0.005 0.004
0.000 0.000 0.000 0.000 0.000 0.000 0.000 0.000 0.000 0.000 0.000 0.000 0.000 0.000 0.000 0.000 0.000 0.000 0.000 0.000 0.000 0.000 0.000 0.000 0.000 0.001 0.002 0.004 0.008 0.014 0.019 0.022 0.022 0.022 0.020 0.018 0.016 0.013 0.011 0.009 0.008 0.007 0.007 0.007 0.009 0.012 0.017 0.023 0.027 0.028 0.028 0.027 0.025 0.022 0.020 0.019 0.020 0.023 0.029 0.033 0.035 0.036 0.036 0.036 0.034 0.030 0.024 0.018 0.013 0.009 0.007 0.005 0.004 0.004 0.003 0.003 0.002
0.000 0.000 0.000 0.000 0.000 0.000 0.000 0.000 0.000 0.000 0.000 0.000 0.000 0.000 0.000 0.000 0.000 0.000 0.000 0.000 0.000 0.000 0.000 0.000 0.000 0.001 0.001 0.002 0.004 0.008 0.013 0.018 0.020 0.020 0.020 0.018 0.015 0.013 0.011 0.009 0.008 0.007 0.007 0.007 0.007 0.009 0.012 0.017 0.019 0.020 0.020 0.020 0.019 0.016 0.014 0.013 0.013 0.014 0.015 0.017 0.017 0.017 0.017 0.017 0.016 0.014 0.011 0.008 0.006 0.005 0.004 0.003 0.002 0.002 0.002 0.002 0.001
0.000 0.000 0.000 0.000 0.000 0.000 0.000 0.000 0.000 0.000 0.000 0.000 0.000 0.000 0.000 0.000 0.000 0.000 0.000 0.000 0.000 0.001 0.001 0.000 0.000 0.001 0.001 0.001 0.002 0.004 0.008 0.013 0.017 0.018 0.018 0.017 0.015 0.013 0.010 0.009 0.007 0.006 0.006 0.006 0.006 0.007 0.008 0.011 0.013 0.014 0.014 0.014 0.013 0.012 0.010 0.009 0.009 0.009 0.009 0.009 0.009 0.009 0.009 0.009 0.008 0.007 0.006 0.004 0.003 0.003 0.002 0.002 0.001 0.001 0.001 0.001 0.001
0.000 0.000 0.000 0.000 0.000 0.000 0.000 0.000 0.000 0.000 0.000 0.000 0.000 0.000 0.000 0.000 0.000 0.000 0.000 0.000 0.001 0.001 0.001 0.001 0.001 0.000 0.001 0.001 0.001 0.002 0.004 0.008 0.012 0.014 0.015 0.015 0.014 0.012 0.010 0.008 0.007 0.005 0.005 0.004 0.004 0.004 0.005 0.007 0.008 0.009 0.009 0.009 0.009 0.008 0.006 0.006 0.005 0.005 0.005 0.005 0.005 0.005 0.005 0.005 0.005 0.004 0.003 0.002 0.002 0.002 0.001 0.001 0.001 0.001 0.001 0.001 0.001
0.000 0.000 0.000 0.000 0.000 0.000 0.000 0.000 0.000 0.000 0.000 0.000 0.000 0.000 0.000 0.000 0.000 0.000 0.000 0.000 0.001 0.001 0.001 0.001 0.001 0.000 0.000 0.000 0.001 0.001 0.002 0.004 0.007 0.010 0.011 0.012 0.012 0.011 0.009 0.008 0.006 0.005 0.004 0.003 0.003 0.003 0.003 0.004 0.004 0.005 0.005 0.005 0.005 0.004 0.004 0.003 0.003 0.003 0.003 0.003 0.003 0.003 0.003 0.003 0.003 0.002 0.002 0.002 0.001 0.001 0.001 0.001 0.001 0.001 0.001 0.001 0.001
0.000 0.000 0.000 0.000 0.000 0.000 0.000 0.000 0.000 0.000 0.000 0.000 0.000 0.000 0.000 0.000 0.000 0.000 0.000 0.001 0.001 0.001 0.001 0.001 0.001 0.001 0.000 0.000 0.000 0.001 0.001 0.002 0.004 0.006 0.007 0.008 0.009 0.009 0.008 0.007 0.005 0.004 0.003 0.002 0.001 0.001 0.001 0.002 0.002 0.002 0.003 0.003 0.003 0.002 0.002 0.002 0.002 0.002 0.002 0.002 0.002 0.002 0.002 0.002 0.002 0.002 0.001 0.001 0.001 0.001 0.001 0.001 0.001 0.001 0.001 0.001 0.001
0.000 0.000 0.000 0.000 0.000 0.000 0.000 0.000 0.000 0.000 0.000 0.000 0.000 0.000 0.000 0.000 0.000 0.001 0.001 0.001 0.001 0.001 0.001 0.001 0.001 0.001 0.001 0.000 0.000 0.000 0.001 0.001 0.002 0.003 0.004 0.005 0.005 0.005 0.005 0.005 0.004 0.003 0.002 0.001 0.001 0.001 0.001 0.001 0.001 0.001 0.001 0.001 0.001 0.001 0.001 0.001 0.001 0.001 0.001 0.001 0.001 0.001 0.001 0.001 0.001 0.001 0.001 0.001 0.001 0.001 0.001 0.001 0.001 0.001 0.001 0.001 0.000
0.000 0.000 0.000 0.000 0.000 0.000 0.000 0.000 0.000 0.000 0.000 0.000 0.000 0.000 0.000 0.000 0.000 0.001 0.001 0.001 0.001 0.001 0.001 0.001 0.001 0.001 0.001 0.001 0.000 0.000 0.001 0.001 0.001 0.001 0.002 0.002 0.003 0.003 0.003 0.003 0.002 0.002 0.001 0.001 0.001 0.001 0.001 0.001 0.001 0.001 0.001 0.001 0.001 0.001 0.000 0.000 0.000 0.001 0.001 0.001 0.001 0.001 0.001 0.001 0.001 0.001 0.001 0.001 0.001 0.001 0.001 0.001 0.001 0.000 0.000 0.000 0.000
0.000 0.000 0.000 0.000 0.001 0.000 0.000 0.000 0.000 0.000 0.000 0.000 0.000 0.000 0.000 0.000 0.000 0.001 0.001 0.001 0.001 0.001 0.001 0.001 0.001 0.001 0.001 0.001 0.001 0.001 0.001 0.001 0.001 0.001 0.001 0.001 0.001 0.001 0.001 0.001 0.001 0.001 0.001 0.001 0.001 0.000 0.000 0.000 0.000 0.000 0.000 0.000 0.000 0.000 0.000 0.000 0.000 0.000 0.001 0.001 0.001 0.001 0.001 0.001 0.001 0.001 0.001 0.001 0.001 0.001 0.001 0.001 0.000 0.000 0.000 0.000 0.000
0.000 0.000 0.000 0.000 0.000 0.000 0.000 0.000 0.000 0.000 0.000 0.000 0.000 0.000 0.000 0.000 0.001 0.001 0.001 0.001 0.001 0.001 0.001 0.001 0.001 0.001 0.001 0.001 0.001 0.001 0.001 0.001 0.001 0.001 0.001 0.001 0.001 0.001 0.001 0.001 0.001 0.001 0.001 0.001 0.001 0.001 0.000 0.000 0.000 0.000 0.000 0.000 0.000 0.000 0.000 0.000 0.000 0.000 0.001 0.001 0.001 0.001 0.001 0.001 0.001 0.001 0.001 0.001 0.001 0.001 0.001 0.001 0.000 0.000 0.000 0.000 0.000
0.000 0.000 0.000 0.000 0.000 0.000 0.000 0.000 0.000 0.000 0.000 0.000 0.000 0.000 0.000 0.000 0.001 0.001 0.001 0.001 0.001 0.001 0.001 0.001 0.001 0.001 0.001 0.001 0.001 0.001 0.001 0.001 0.001 0.001 0.000 0.000 0.000 0.000 0.001 0.001 0.001 0.001 0.001 0.001 0.001 0.001 0.001 0.000 0.000 0.000 0.000 0.000 0.000 0.000 0.000 0.000 0.000 0.000 0.000 0.001 0.001 0.001 0.001 0.001 0.001 0.001 0.001 0.001 0.001 0.001 0.001 0.001 0.001 0.000 0.000 0.000 0.000
0.000 0.000 0.000 0.000 0.000 0.000 0.000 0.000 0.000 0.000 0.000 0.000 0.000 0.000 0.000 0.001 0.001 0.001 0.001 0.001 0.001 0.001 0.001 0.001 0.001 0.001 0.001 0.001 0.001 0.001 0.001 0.001 0.001 0.001 0.001 0.000 0.000 0.000 0.000 0.001 0.001 0.001 0.001 0.001 0.001 0.001 0.001 0.001 0.000 0.000 0.000 0.000 0.000 0.000 0.000 0.000 0.000 0.000 0.000 0.000 0.001 0.001 0.001 0.001 0.001 0.001 0.001 0.001 0.001 0.001 0.001 0.000 0.000 0.000 0.000 0.000 0.000
