RESULTS/r.avaflow_results/21_results/21_ascii/21_hflow10046.asc
ncols 506
nrows 317
xllcenter 498237.50
yllcenter 5580050.00
cellsize 12.50
NODATA_value -9999.000
[rows 170 to 203 of 317, columns 77 to 153 of 506]
0.000 0.000 0.000 0.000 0.000 0.000 0.000 0.000 0.000 0.000 0.000 0.000 0.000 0.000 0.000 0.000 0.000 0.000 0.000 0.000 0.000 0.000 0.001 0.003 0.004 0.006 0.006 0.006 0.006 0.006 0.006 0.006 0.005 0.004 0.003 0.003 0.002 0.002 0.001 0.001 0.001 0.001 0.001 0.001 0.002 0.003 0.005 0.008 0.013 0.023 0.046 0.099 0.214 0.412 0.647 0.858 1.048 1.250 1.438 1.566 1.628 1.644 1.634 1.593 1.517 1.410 1.279 1.129 0.980 0.844 0.725 0.622 0.533 0.459 0.396 0.343 0.299
0.000 0.000 0.000 0.000 0.000 0.000 0.000 0.000 0.000 0.000 0.000 0.000 0.000 0.000 0.000 0.000 0.000 0.000 0.000 0.000 0.001 0.001 0.003 0.005 0.007 0.009 0.009 0.009 0.009 0.009 0.009 0.008 0.007 0.006 0.005 0.004 0.003 0.003 0.002 0.002 0.002 0.002 0.002 0.003 0.004 0.006 0.010 0.016 0.030 0.059 0.125 0.258 0.483 0.739 0.949 1.112 1.270 1.433 1.561 1.634 1.658 1.657 1.639 1.593 1.516 1.410 1.278 1.124 0.970 0.835 0.720 0.622 0.539 0.469 0.410 0.360 0.316
0.000 0.000 0.000 0.000 0.000 0.000 0.000 0.000 0.000 0.000 0.000 0.000 0.000 0.000 0.000 0.000 0.000 0.000 0.000 0.001 0.002 0.004 0.007 0.010 0.011 0.012 0.012 0.012 0.012 0.012 0.012 0.011 0.010 0.008 0.007 0.006 0.005 0.004 0.004 0.003 0.003 0.003 0.004 0.004 0.007 0.011 0.020 0.038 0.076 0.159 0.316 0.559 0.808 0.984 1.107 1.223 1.359 1.498 1.592 1.639 1.651 1.648 1.626 1.580 1.505 1.401 1.270 1.115 0.961 0.830 0.718 0.624 0.544 0.477 0.420 0.371 0.328
0.000 0.000 0.000 0.000 0.000 0.000 0.000 0.000 0.000 0.000 0.000 0.000 0.000 0.000 0.000 0.000 0.000 0.000 0.001 0.002 0.004 0.007 0.011 0.014 0.016 0.016 0.016 0.016 0.016 0.016 0.015 0.014 0.012 0.010 0.008 0.007 0.006 0.005 0.005 0.005 0.005 0.005 0.006 0.008 0.013 0.024 0.046 0.093 0.191 0.376 0.641 0.884 1.030 1.112 1.178 1.258 1.376 1.505 1.585 1.616 1.622 1.618 1.598 1.553 1.481 1.382 1.255 1.103 0.953 0.826 0.717 0.624 0.547 0.481 0.426 0.377 0.335
0.000 0.000 0.000 0.000 0.000 0.000 0.000 0.000 0.000 0.000 0.000 0.000 0.000 0.000 0.000 0.000 0.000 0.001 0.002 0.004 0.007 0.012 0.015 0.018 0.019 0.020 0.020 0.020 0.020 0.020 0.019 0.017 0.015 0.012 0.009 0.008 0.007 0.006 0.006 0.006 0.006 0.007 0.009 0.014 0.025 0.052 0.108 0.217 0.412 0.679 0.920 1.063 1.128 1.163 1.203 1.263 1.368 1.488 1.554 1.574 1.577 1.573 1.553 1.511 1.445 1.352 1.232 1.089 0.944 0.821 0.715 0.624 0.547 0.483 0.428 0.381 0.339
0.000 0.000 0.000 0.000 0.000 0.000 0.000 0.000 0.000 0.000 0.000 0.000 0.000 0.000 0.000 0.000 0.000 0.001 0.003 0.006 0.010 0.015 0.019 0.021 0.023 0.023 0.024 0.024 0.024 0.023 0.022 0.020 0.017 0.014 0.010 0.008 0.007 0.007 0.007 0.007 0.007 0.009 0.014 0.025 0.052 0.113 0.231 0.428 0.680 0.907 1.053 1.122 1.152 1.177 1.208 1.254 1.333 1.441 1.504 1.521 1.521 1.516 1.496 1.457 1.396 1.312 1.202 1.070 0.932 0.812 0.709 0.621 0.546 0.483 0.429 0.382 0.342
0.000 0.000 0.000 0.000 0.000 0.000 0.000 0.000 0.000 0.000 0.000 0.000 0.000 0.000 0.000 0.000 0.000 0.001 0.004 0.007 0.012 0.018 0.021 0.024 0.026 0.026 0.027 0.027 0.027 0.026 0.025 0.023 0.020 0.015 0.011 0.009 0.007 0.007 0.007 0.007 0.009 0.013 0.022 0.046 0.104 0.224 0.421 0.652 0.860 1.006 1.088 1.128 1.154 1.178 1.204 1.234 1.277 1.363 1.437 1.460 1.459 1.451 1.430 1.393 1.337 1.261 1.162 1.041 0.911 0.796 0.697 0.613 0.541 0.479 0.427 0.382 0.342
0.000 0.000 0.000 0.000 0.000 0.000 0.000 0.000 0.000 0.000 0.000 0.000 0.000 0.000 0.000 0.000 0.000 0.001 0.004 0.008 0.014 0.020 0.024 0.027 0.028 0.029 0.029 0.029 0.029 0.029 0.027 0.025 0.021 0.017 0.012 0.009 0.008 0.007 0.007 0.008 0.010 0.017 0.036 0.083 0.190 0.375 0.598 0.789 0.932 1.029 1.088 1.124 1.150 1.172 1.190 1.205 1.224 1.281 1.360 1.391 1.391 1.381 1.358 1.321 1.268 1.197 1.106 0.996 0.875 0.768 0.675 0.596 0.529 0.471 0.422 0.379 0.341
0.000 0.000 0.000 0.000 0.000 0.000 0.000 0.000 0.000 0.000 0.000 0.000 0.000 0.000 0.000 0.000 0.000 0.001 0.004 0.008 0.015 0.021 0.026 0.029 0.031 0.032 0.032 0.032 0.032 0.031 0.029 0.027 0.023 0.018 0.013 0.009 0.008 0.007 0.007 0.008 0.011 0.022 0.053 0.132 0.286 0.505 0.702 0.844 0.948 1.025 1.078 1.114 1.139 1.156 1.167 1.173 1.180 1.216 1.283 1.312 1.312 1.302 1.278 1.240 1.187 1.119 1.035 0.935 0.826 0.729 0.644 0.572 0.511 0.459 0.413 0.374 0.339
0.000 0.000 0.000 0.000 0.000 0.000 0.000 0.000 0.000 0.000 0.000 0.000 0.000 0.000 0.000 0.000 0.000 0.001 0.004 0.008 0.015 0.022 0.028 0.031 0.033 0.034 0.034 0.034 0.033 0.033 0.031 0.028 0.024 0.019 0.014 0.010 0.008 0.007 0.007 0.008 0.012 0.025 0.064 0.167 0.357 0.582 0.743 0.855 0.942 1.011 1.061 1.097 1.119 1.131 1.136 1.137 1.138 1.159 1.204 1.223 1.222 1.212 1.187 1.149 1.095 1.029 0.949 0.858 0.763 0.678 0.605 0.542 0.489 0.443 0.403 0.367 0.335
0.000 0.000 0.000 0.000 0.000 0.000 0.000 0.000 0.000 0.000 0.000 0.000 0.000 0.000 0.000 0.000 0.000 0.001 0.004 0.008 0.014 0.023 0.029 0.033 0.034 0.035 0.035 0.035 0.035 0.034 0.032 0.029 0.025 0.020 0.015 0.010 0.008 0.007 0.007 0.007 0.011 0.025 0.068 0.184 0.397 0.614 0.751 0.847 0.924 0.987 1.035 1.069 1.089 1.098 1.100 1.099 1.097 1.105 1.125 1.132 1.127 1.113 1.085 1.045 0.992 0.927 0.851 0.768 0.690 0.620 0.559 0.507 0.463 0.424 0.390 0.358 0.331
0.000 0.000 0.000 0.000 0.000 0.000 0.000 0.000 0.000 0.000 0.000 0.000 0.000 0.000 0.000 0.000 0.000 0.001 0.003 0.006 0.012 0.021 0.029 0.034 0.036 0.036 0.036 0.036 0.036 0.035 0.033 0.030 0.026 0.021 0.015 0.011 0.008 0.006 0.006 0.007 0.011 0.024 0.068 0.186 0.408 0.621 0.743 0.824 0.891 0.949 0.995 1.030 1.050 1.058 1.059 1.057 1.053 1.050 1.052 1.049 1.036 1.013 0.979 0.934 0.878 0.813 0.741 0.671 0.609 0.555 0.509 0.469 0.435 0.404 0.375 0.349 0.324
0.000 0.000 0.000 0.000 0.000 0.000 0.000 0.000 0.000 0.000 0.000 0.000 0.000 0.000 0.000 0.000 0.000 0.000 0.001 0.003 0.008 0.017 0.027 0.034 0.036 0.037 0.037 0.037 0.036 0.035 0.033 0.031 0.027 0.022 0.016 0.011 0.008 0.006 0.006 0.006 0.010 0.022 0.063 0.178 0.399 0.610 0.720 0.785 0.840 0.891 0.937 0.978 1.004 1.014 1.016 1.013 1.005 0.995 0.984 0.971 0.951 0.921 0.882 0.833 0.776 0.710 0.642 0.583 0.532 0.491 0.457 0.429 0.403 0.380 0.358 0.337 0.317
0.000 0.000 0.000 0.000 0.000 0.000 0.000 0.000 0.000 0.000 0.000 0.000 0.000 0.000 0.000 0.000 0.000 0.000 0.001 0.001 0.004 0.011 0.023 0.032 0.036 0.037 0.037 0.037 0.036 0.035 0.034 0.031 0.028 0.024 0.018 0.012 0.009 0.007 0.006 0.006 0.008 0.018 0.053 0.151 0.353 0.564 0.676 0.729 0.769 0.809 0.852 0.898 0.938 0.961 0.968 0.965 0.955 0.938 0.919 0.897 0.870 0.836 0.794 0.745 0.687 0.622 0.559 0.506 0.462 0.428 0.403 0.385 0.369 0.354 0.339 0.324 0.309
0.000 0.000 0.000 0.000 0.000 0.000 0.000 0.000 0.000 0.000 0.000 0.000 0.000 0.000 0.000 0.000 0.000 0.000 0.000 0.001 0.002 0.005 0.015 0.028 0.035 0.037 0.037 0.037 0.036 0.035 0.034 0.032 0.029 0.025 0.019 0.014 0.010 0.007 0.006 0.006 0.007 0.013 0.035 0.102 0.259 0.464 0.591 0.648 0.674 0.697 0.724 0.761 0.810 0.861 0.895 0.905 0.897 0.879 0.854 0.826 0.794 0.757 0.715 0.666 0.610 0.548 0.487 0.436 0.396 0.366 0.347 0.336 0.329 0.323 0.317 0.309 0.300
0.000 0.000 0.000 0.000 0.000 0.000 0.000 0.000 0.000 0.000 0.000 0.000 0.000 0.000 0.000 0.000 0.000 0.000 0.000 0.000 0.001 0.002 0.008 0.021 0.032 0.036 0.037 0.036 0.036 0.035 0.034 0.032 0.030 0.026 0.021 0.016 0.011 0.008 0.006 0.006 0.006 0.009 0.020 0.054 0.145 0.310 0.451 0.517 0.537 0.540 0.537 0.545 0.579 0.649 0.735 0.799 0.820 0.812 0.788 0.757 0.722 0.683 0.640 0.593 0.540 0.482 0.423 0.373 0.332 0.303 0.285 0.276 0.274 0.277 0.282 0.285 0.283
0.000 0.000 0.000 0.000 0.000 0.000 0.000 0.000 0.000 0.000 0.000 0.000 0.000 0.000 0.000 0.000 0.000 0.000 0.000 0.000 0.001 0.001 0.004 0.012 0.024 0.033 0.035 0.036 0.035 0.035 0.034 0.032 0.030 0.027 0.023 0.018 0.013 0.010 0.007 0.007 0.007 0.008 0.013 0.028 0.073 0.170 0.277 0.335 0.351 0.348 0.332 0.317 0.322 0.363 0.463 0.597 0.690 0.719 0.711 0.686 0.650 0.611 0.569 0.525 0.476 0.420 0.363 0.313 0.272 0.239 0.216 0.203 0.200 0.205 0.219 0.229 0.232
0.000 0.000 0.000 0.000 0.000 0.000 0.000 0.000 0.000 0.000 0.000 0.000 0.000 0.000 0.000 0.000 0.000 0.000 0.000 0.000 0.000 0.001 0.002 0.006 0.015 0.026 0.032 0.034 0.034 0.034 0.034 0.032 0.030 0.028 0.024 0.020 0.015 0.011 0.009 0.008 0.007 0.007 0.010 0.017 0.038 0.086 0.153 0.194 0.208 0.208 0.195 0.175 0.167 0.177 0.226 0.336 0.474 0.568 0.599 0.594 0.572 0.538 0.500 0.459 0.413 0.361 0.304 0.255 0.213 0.178 0.150 0.130 0.120 0.118 0.125 0.132 0.132
0.000 0.000 0.000 0.000 0.000 0.000 0.000 0.000 0.000 0.000 0.000 0.000 0.000 0.000 0.000 0.000 0.000 0.000 0.000 0.000 0.000 0.000 0.001 0.002 0.007 0.017 0.027 0.031 0.033 0.033 0.033 0.032 0.031 0.028 0.025 0.021 0.017 0.013 0.010 0.009 0.008 0.008 0.009 0.012 0.022 0.046 0.084 0.111 0.123 0.125 0.119 0.104 0.093 0.092 0.105 0.153 0.245 0.352 0.422 0.451 0.455 0.441 0.418 0.387 0.346 0.295 0.241 0.194 0.153 0.119 0.093 0.074 0.062 0.057 0.055 0.054 0.051
0.000 0.000 0.000 0.000 0.000 0.000 0.000 0.000 0.000 0.000 0.000 0.000 0.000 0.000 0.000 0.000 0.000 0.000 0.000 0.000 0.000 0.000 0.001 0.001 0.003 0.009 0.018 0.026 0.030 0.032 0.032 0.031 0.030 0.028 0.026 0.022 0.018 0.014 0.011 0.010 0.008 0.008 0.008 0.010 0.016 0.028 0.051 0.070 0.079 0.081 0.080 0.072 0.061 0.056 0.057 0.070 0.107 0.170 0.226 0.261 0.279 0.285 0.282 0.270 0.242 0.201 0.156 0.120 0.091 0.068 0.050 0.037 0.029 0.025 0.022 0.020 0.018
0.000 0.000 0.000 0.000 0.000 0.000 0.000 0.000 0.000 0.000 0.000 0.000 0.000 0.000 0.000 0.000 0.000 0.000 0.000 0.000 0.000 0.000 0.000 0.001 0.001 0.004 0.009 0.017 0.025 0.029 0.031 0.031 0.030 0.028 0.026 0.022 0.018 0.015 0.012 0.010 0.009 0.008 0.008 0.009 0.013 0.020 0.035 0.049 0.056 0.058 0.058 0.054 0.046 0.040 0.037 0.039 0.049 0.073 0.102 0.122 0.132 0.137 0.137 0.134 0.122 0.101 0.078 0.060 0.045 0.033 0.023 0.017 0.013 0.011 0.009 0.008 0.007
0.000 0.000 0.000 0.000 0.000 0.000 0.000 0.000 0.000 0.000 0.000 0.000 0.000 0.000 0.000 0.000 0.000 0.000 0.000 0.000 0.000 0.000 0.000 0.000 0.001 0.001 0.004 0.008 0.016 0.024 0.028 0.029 0.029 0.028 0.026 0.022 0.018 0.015 0.012 0.010 0.009 0.008 0.008 0.009 0.011 0.016 0.025 0.036 0.042 0.044 0.044 0.042 0.037 0.031 0.027 0.026 0.028 0.034 0.044 0.051 0.055 0.057 0.057 0.055 0.051 0.043 0.033 0.025 0.019 0.014 0.010 0.008 0.006 0.005 0.004 0.004 0.003
0.000 0.000 0.000 0.000 0.000 0.000 0.000 0.000 0.000 0.000 0.000 0.000 0.000 0.000 0.000 0.000 0.000 0.000 0.000 0.000 0.000 0.000 0.000 0.000 0.000 0.001 0.001 0.004 0.008 0.016 0.023 0.027 0.028 0.027 0.025 0.022 0.018 0.015 0.012 0.010 0.009 0.008 0.008 0.008 0.009 0.012 0.019 0.026 0.031 0.033 0.033 0.032 0.029 0.024 0.021 0.019 0.018 0.019 0.022 0.024 0.024 0.025 0.024 0.023 0.022 0.019 0.014 0.011 0.008 0.006 0.005 0.004 0.003 0.003 0.002 0.002 0.002
0.000 0.000 0.000 0.000 0.000 0.000 0.000 0.000 0.000 0.000 0.000 0.000 0.000 0.000 0.000 0.000 0.000 0.000 0.000 0.000 0.000 0.000 0.000 0.000 0.000 0.001 0.001 0.001 0.003 0.008 0.015 0.022 0.025 0.025 0.024 0.021 0.018 0.015 0.012 0.010 0.009 0.008 0.007 0.007 0.008 0.009 0.013 0.019 0.022 0.024 0.024 0.023 0.022 0.019 0.015 0.013 0.012 0.012 0.012 0.013 0.012 0.012 0.012 0.011 0.010 0.009 0.007 0.005 0.004 0.003 0.003 0.002 0.002 0.002 0.001 0.001 0.001
0.000 0.000 0.000 0.000 0.000 0.000 0.000 0.000 0.000 0.000 0.000 0.000 0.000 0.000 0.000 0.000 0.000 0.000 0.000 0.000 0.000 0.001 0.001 0.000 0.000 0.001 0.001 0.001 0.001 0.003 0.008 0.015 0.020 0.022 0.021 0.020 0.017 0.015 0.012 0.010 0.008 0.007 0.006 0.006 0.006 0.007 0.009 0.012 0.015 0.016 0.016 0.016 0.015 0.013 0.011 0.009 0.008 0.008 0.008 0.007 0.007 0.007 0.007 0.006 0.006 0.005 0.004 0.003 0.002 0.002 0.002 0.001 0.001 0.001 0.001 0.001 0.001
0.000 0.000 0.000 0.000 0.000 0.000 0.000 0.000 0.000 0.000 0.000 0.000 0.000 0.000 0.000 0.000 0.000 0.000 0.000 0.000 0.001 0.001 0.001 0.001 0.001 0.001 0.001 0.001 0.001 0.002 0.004 0.008 0.013 0.016 0.017 0.017 0.016 0.014 0.012 0.009 0.008 0.006 0.005 0.004 0.004 0.004 0.005 0.007 0.009 0.010 0.010 0.010 0.010 0.009 0.007 0.006 0.005 0.005 0.005 0.004 0.004 0.004 0.004 0.004 0.003 0.003 0.002 0.002 0.001 0.001 0.001 0.001 0.001 0.001 0.001 0.001 0.001
0.000 0.000 0.000 0.000 0.000 0.000 0.000 0.000 0.000 0.000 0.000 0.000 0.000 0.000 0.000 0.000 0.000 0.000 0.000 0.000 0.001 0.001 0.001 0.001 0.001 0.001 0.001 0.001 0.001 0.001 0.002 0.004 0.008 0.011 0.013 0.013 0.013 0.012 0.011 0.009 0.007 0.005 0.004 0.003 0.003 0.003 0.003 0.004 0.005 0.005 0.006 0.006 0.006 0.005 0.004 0.004 0.003 0.003 0.003 0.003 0.003 0.003 0.002 0.002 0.002 0.002 0.001 0.001 0.001 0.001 0.001 0.001 0.001 0.001 0.001 0.001 0.001
0.000 0.000 0.000 0.000 0.000 0.000 0.000 0.000 0.000 0.000 0.000 0.000 0.000 0.000 0.000 0.000 0.000 0.000 0.000 0.001 0.001 0.001 0.001 0.001 0.001 0.001 0.001 0.001 0.001 0.001 0.001 0.002 0.004 0.006 0.008 0.009 0.009 0.009 0.009 0.008 0.006 0.004 0.003 0.002 0.001 0.001 0.001 0.001 0.002 0.002 0.003 0.003 0.003 0.002 0.002 0.002 0.002 0.002 0.002 0.002 0.002 0.002 0.002 0.001 0.001 0.001 0.001 0.001 0.001 0.001 0.001 0.001 0.001 0.001 0.001 0.001 0.001
0.000 0.000 0.000 0.000 0.000 0.000 0.000 0.000 0.000 0.000 0.000 0.000 0.000 0.000 0.000 0.000 0.000 0.001 0.001 0.001 0.001 0.001 0.001 0.001 0.001 0.001 0.001 0.001 0.001 0.001 0.001 0.001 0.002 0.003 0.004 0.005 0.005 0.006 0.006 0.005 0.004 0.003 0.002 0.001 0.001 0.001 0.001 0.001 0.001 0.001 0.001 0.001 0.001 0.001 0.001 0.001 0.001 0.001 0.001 0.001 0.001 0.001 0.001 0.001 0.001 0.001 0.001 0.001 0.001 0.001 0.001 0.001 0.001 0.001 0.001 0.001 0.000
0.000 0.000 0.000 0.000 0.000 0.000 0.000 0.000 0.000 0.000 0.000 0.000 0.000 0.000 0.000 0.000 0.000 0.001 0.001 0.001 0.001 0.001 0.001 0.001 0.001 0.001 0.001 0.001 0.000 0.000 0.001 0.001 0.001 0.001 0.002 0.002 0.003 0.003 0.003 0.003 0.002 0.002 0.001 0.001 0.001 0.001 0.001 0.001 0.001 0.001 0.001 0.001 0.001 0.001 0.000 0.001 0.001 0.001 0.001 0.001 0.001 0.001 0.001 0.001 0.001 0.001 0.001 0.001 0.001 0.001 0.001 0.001 0.001 0.000 0.000 0.000 0.000
0.000 0.000 0.000 0.000 0.001 0.000 0.000 0.000 0.000 0.000 0.000 0.000 0.000 0.000 0.000 0.000 0.000 0.001 0.001 0.001 0.001 0.001 0.001 0.001 0.001 0.001 0.001 0.001 0.001 0.001 0.001 0.001 0.001 0.001 0.001 0.001 0.001 0.001 0.001 0.001 0.001 0.001 0.001 0.001 0.001 0.000 0.000 0.000 0.000 0.000 0.000 0.000 0.000 0.000 0.000 0.000 0.000 0.000 0.001 0.001 0.001 0.001 0.001 0.001 0.001 0.001 0.001 0.001 0.001 0.001 0.001 0.001 0.000 0.000 0.000 0.000 0.000
0.000 0.000 0.000 0.000 0.000 0.000 0.000 0.000 0.000 0.000 0.000 0.000 0.000 0.000 0.000 0.000 0.001 0.001 0.001 0.001 0.001 0.001 0.001 0.001 0.001 0.001 0.001 0.001 0.001 0.001 0.001 0.001 0.001 0.001 0.001 0.001 0.001 0.001 0.001 0.001 0.001 0.001 0.001 0.001 0.001 0.001 0.000 0.000 0.000 0.000 0.000 0.000 0.000 0.000 0.000 0.000 0.000 0.000 0.001 0.001 0.001 0.001 0.001 0.001 0.001 0.001 0.001 0.001 0.001 0.001 0.001 0.001 0.000 0.000 0.000 0.000 0.000
0.000 0.000 0.000 0.000 0.000 0.000 0.000 0.000 0.000 0.000 0.000 0.000 0.000 0.000 0.000 0.000 0.001 0.001 0.001 0.001 0.001 0.001 0.001 0.001 0.001 0.001 0.001 0.001 0.001 0.001 0.001 0.001 0.001 0.001 0.000 0.000 0.000 0.000 0.001 0.001 0.001 0.001 0.001 0.001 0.001 0.001 0.001 0.000 0.000 0.000 0.000 0.000 0.000 0.000 0.000 0.000 0.000 0.000 0.000 0.001 0.001 0.001 0.001 0.001 0.001 0.001 0.001 0.001 0.001 0.001 0.001 0.001 0.001 0.000 0.000 0.000 0.000
0.000 0.000 0.000 0.000 0.000 0.000 0.000 0.000 0.000 0.000 0.000 0.000 0.000 0.000 0.000 0.001 0.001 0.001 0.001 0.001 0.001 0.001 0.001 0.001 0.001 0.001 0.001 0.001 0.001 0.001 0.001 0.001 0.001 0.001 0.001 0.000 0.000 0.000 0.000 0.001 0.001 0.001 0.001 0.001 0.001 0.001 0.001 0.001 0.000 0.000 0.000 0.000 0.000 0.000 0.000 0.000 0.000 0.000 0.000 0.000 0.001 0.001 0.001 0.001 0.001 0.001 0.001 0.001 0.001 0.001 0.001 0.000 0.000 0.000 0.000 0.000 0.000
