RESULTS/r.avaflow_results/21_results/21_ascii/21_hflow_max0004.asc
ncols 506
nrows 317
xllcenter 498237.50
yllcenter 5580050.00
cellsize 12.50
NODATA_value -9999.000
[rows 204 to 237 of 317, columns 77 to 153 of 506]
0.000 0.000 0.000 0.000 0.000 0.000 0.000 0.000 0.000 0.000 0.000 0.000 0.000 0.000 0.000 0.000 0.000 0.000 0.000 0.000 0.000 0.000 0.000 0.000 0.000 0.000 0.000 0.000 0.000 0.000 0.000 0.000 0.000 0.000 0.000 0.000 0.000 0.000 0.000 0.000 0.000 0.000 0.000 0.000 0.000 0.000 0.000 0.000 0.000 0.000 0.000 0.002 0.005 0.014 0.031 0.062 0.114 0.189 0.255 0.295 0.318 0.336 0.358 0.397 0.477 0.582 0.638 0.645 0.621 0.551 0.469 0.332 0.196 0.108 0.055 0.026 0.011
0.000 0.000 0.000 0.000 0.000 0.000 0.000 0.000 0.000 0.000 0.000 0.000 0.000 0.000 0.000 0.000 0.000 0.000 0.000 0.000 0.000 0.000 0.000 0.000 0.000 0.000 0.000 0.000 0.000 0.000 0.000 0.000 0.000 0.000 0.000 0.000 0.000 0.000 0.000 0.000 0.000 0.000 0.000 0.000 0.000 0.000 0.000 0.000 0.000 0.000 0.001 0.003 0.007 0.019 0.043 0.088 0.162 0.268 0.360 0.413 0.438 0.455 0.478 0.533 0.636 0.711 0.738 0.741 0.722 0.666 0.539 0.352 0.202 0.108 0.054 0.025 0.010
0.000 0.000 0.000 0.000 0.000 0.000 0.000 0.000 0.000 0.000 0.000 0.000 0.000 0.000 0.000 0.000 0.000 0.000 0.000 0.000 0.000 0.000 0.000 0.000 0.000 0.000 0.000 0.000 0.000 0.000 0.000 0.000 0.000 0.000 0.000 0.000 0.000 0.000 0.000 0.000 0.000 0.000 0.000 0.000 0.000 0.000 0.000 0.000 0.000 0.000 0.001 0.003 0.009 0.024 0.054 0.113 0.211 0.340 0.437 0.487 0.506 0.519 0.541 0.605 0.701 0.748 0.756 0.758 0.748 0.687 0.548 0.346 0.196 0.102 0.048 0.020 0.007
0.000 0.000 0.000 0.000 0.000 0.000 0.000 0.000 0.000 0.000 0.000 0.000 0.000 0.000 0.000 0.000 0.000 0.000 0.000 0.000 0.000 0.000 0.000 0.000 0.000 0.000 0.000 0.000 0.000 0.000 0.000 0.000 0.000 0.000 0.000 0.000 0.000 0.000 0.000 0.001 0.002 0.002 0.002 0.002 0.002 0.001 0.001 0.001 0.001 0.001 0.002 0.004 0.010 0.026 0.062 0.132 0.247 0.389 0.485 0.531 0.552 0.566 0.591 0.660 0.729 0.754 0.759 0.759 0.741 0.673 0.524 0.310 0.158 0.072 0.029 0.010 0.003
0.000 0.000 0.000 0.000 0.000 0.000 0.000 0.000 0.000 0.000 0.000 0.000 0.000 0.000 0.000 0.000 0.000 0.000 0.000 0.000 0.000 0.000 0.000 0.000 0.000 0.000 0.000 0.000 0.000 0.000 0.000 0.000 0.000 0.000 0.000 0.000 0.000 0.001 0.002 0.004 0.005 0.005 0.005 0.004 0.003 0.002 0.002 0.002 0.002 0.002 0.002 0.004 0.011 0.030 0.072 0.155 0.290 0.436 0.531 0.576 0.594 0.609 0.634 0.696 0.734 0.745 0.754 0.747 0.705 0.600 0.410 0.217 0.102 0.044 0.017 0.006 0.002
0.000 0.000 0.000 0.000 0.000 0.000 0.000 0.000 0.000 0.000 0.000 0.000 0.000 0.000 0.000 0.000 0.000 0.000 0.000 0.000 0.000 0.000 0.000 0.000 0.000 0.000 0.000 0.000 0.000 0.000 0.000 0.000 0.000 0.000 0.000 0.000 0.001 0.002 0.004 0.006 0.007 0.007 0.006 0.005 0.004 0.003 0.002 0.002 0.002 0.002 0.003 0.005 0.013 0.034 0.084 0.183 0.339 0.487 0.572 0.613 0.630 0.640 0.667 0.712 0.726 0.734 0.735 0.714 0.642 0.496 0.294 0.147 0.066 0.028 0.010 0.003 0.001
0.000 0.000 0.000 0.000 0.000 0.000 0.000 0.000 0.000 0.000 0.000 0.000 0.000 0.000 0.000 0.000 0.000 0.000 0.000 0.000 0.000 0.000 0.000 0.000 0.000 0.000 0.000 0.000 0.000 0.000 0.000 0.000 0.000 0.000 0.000 0.000 0.001 0.004 0.006 0.009 0.009 0.009 0.008 0.007 0.005 0.003 0.003 0.003 0.003 0.003 0.003 0.005 0.014 0.039 0.098 0.213 0.389 0.532 0.608 0.640 0.651 0.659 0.684 0.716 0.723 0.724 0.712 0.671 0.572 0.395 0.211 0.103 0.045 0.017 0.006 0.002 0.000
0.000 0.000 0.000 0.000 0.000 0.000 0.000 0.000 0.000 0.000 0.000 0.000 0.000 0.001 0.001 0.001 0.000 0.000 0.000 0.000 0.001 0.001 0.001 0.001 0.001 0.001 0.001 0.001 0.001 0.000 0.000 0.000 0.000 0.000 0.000 0.001 0.003 0.005 0.008 0.011 0.012 0.012 0.011 0.008 0.005 0.004 0.003 0.003 0.003 0.003 0.004 0.006 0.016 0.046 0.114 0.247 0.435 0.569 0.634 0.656 0.661 0.664 0.689 0.714 0.719 0.717 0.689 0.617 0.485 0.294 0.150 0.071 0.030 0.011 0.004 0.001 0.000
0.000 0.000 0.000 0.000 0.000 0.000 0.000 0.001 0.001 0.001 0.002 0.003 0.003 0.003 0.003 0.003 0.003 0.002 0.002 0.002 0.003 0.003 0.004 0.004 0.004 0.004 0.004 0.003 0.003 0.002 0.001 0.000 0.000 0.000 0.000 0.001 0.004 0.006 0.010 0.013 0.014 0.014 0.013 0.010 0.006 0.004 0.003 0.003 0.003 0.004 0.004 0.007 0.019 0.052 0.130 0.282 0.475 0.596 0.650 0.666 0.667 0.668 0.690 0.707 0.712 0.700 0.654 0.558 0.395 0.218 0.108 0.048 0.019 0.007 0.002 0.000 0.000
0.001 0.001 0.002 0.002 0.002 0.003 0.003 0.003 0.004 0.005 0.006 0.007 0.008 0.009 0.009 0.008 0.007 0.005 0.005 0.005 0.006 0.008 0.008 0.008 0.008 0.008 0.008 0.007 0.006 0.005 0.003 0.002 0.000 0.000 0.001 0.003 0.005 0.008 0.012 0.015 0.016 0.016 0.015 0.012 0.007 0.005 0.004 0.004 0.004 0.004 0.004 0.007 0.021 0.059 0.149 0.318 0.506 0.611 0.653 0.667 0.671 0.673 0.687 0.698 0.700 0.678 0.613 0.500 0.325 0.169 0.080 0.034 0.013 0.005 0.001 0.000 0.000
0.003 0.004 0.006 0.007 0.007 0.007 0.008 0.009 0.010 0.013 0.015 0.017 0.018 0.019 0.019 0.017 0.014 0.011 0.010 0.010 0.012 0.014 0.015 0.015 0.015 0.014 0.014 0.013 0.011 0.009 0.006 0.003 0.002 0.002 0.002 0.004 0.007 0.010 0.014 0.017 0.018 0.019 0.017 0.013 0.008 0.005 0.004 0.004 0.004 0.004 0.005 0.008 0.023 0.065 0.166 0.353 0.531 0.622 0.660 0.667 0.668 0.669 0.684 0.689 0.685 0.654 0.577 0.444 0.262 0.133 0.061 0.025 0.009 0.003 0.001 0.000 0.000
0.008 0.011 0.014 0.016 0.017 0.018 0.018 0.020 0.024 0.029 0.034 0.036 0.038 0.039 0.038 0.033 0.026 0.020 0.018 0.018 0.020 0.023 0.026 0.026 0.026 0.024 0.024 0.022 0.019 0.015 0.010 0.006 0.004 0.003 0.003 0.005 0.009 0.013 0.017 0.020 0.021 0.021 0.020 0.016 0.009 0.006 0.005 0.004 0.004 0.004 0.005 0.009 0.025 0.072 0.183 0.380 0.545 0.626 0.659 0.669 0.668 0.670 0.681 0.685 0.674 0.630 0.541 0.390 0.216 0.105 0.046 0.018 0.006 0.002 0.000 0.000 0.000
0.019 0.024 0.030 0.034 0.035 0.036 0.037 0.041 0.049 0.061 0.069 0.073 0.075 0.075 0.071 0.060 0.046 0.034 0.031 0.031 0.033 0.038 0.042 0.043 0.042 0.041 0.039 0.036 0.030 0.023 0.015 0.009 0.005 0.004 0.005 0.007 0.012 0.017 0.021 0.024 0.025 0.025 0.023 0.018 0.011 0.007 0.005 0.005 0.005 0.005 0.005 0.009 0.027 0.079 0.200 0.402 0.549 0.620 0.655 0.670 0.673 0.675 0.676 0.674 0.645 0.583 0.482 0.330 0.178 0.084 0.035 0.013 0.004 0.001 0.000 0.000 0.000
0.031 0.036 0.042 0.050 0.058 0.063 0.068 0.077 0.093 0.118 0.135 0.140 0.140 0.137 0.127 0.105 0.080 0.058 0.051 0.051 0.053 0.061 0.067 0.069 0.069 0.066 0.063 0.056 0.047 0.035 0.022 0.013 0.008 0.006 0.007 0.010 0.015 0.022 0.027 0.029 0.031 0.030 0.028 0.022 0.013 0.009 0.006 0.006 0.006 0.006 0.007 0.010 0.029 0.086 0.220 0.424 0.556 0.623 0.662 0.683 0.690 0.690 0.678 0.655 0.604 0.524 0.415 0.267 0.141 0.065 0.026 0.009 0.003 0.000 0.000 0.000 0.000
0.035 0.038 0.045 0.055 0.069 0.085 0.105 0.128 0.163 0.210 0.240 0.249 0.248 0.241 0.221 0.179 0.134 0.098 0.085 0.082 0.085 0.095 0.106 0.109 0.108 0.103 0.096 0.085 0.071 0.051 0.032 0.019 0.011 0.009 0.010 0.014 0.021 0.028 0.034 0.037 0.038 0.038 0.034 0.027 0.017 0.011 0.008 0.007 0.007 0.007 0.008 0.011 0.032 0.093 0.241 0.448 0.568 0.632 0.670 0.697 0.711 0.705 0.688 0.644 0.570 0.474 0.357 0.217 0.111 0.049 0.018 0.006 0.002 0.000 0.000 0.000 0.000
0.036 0.040 0.047 0.056 0.071 0.096 0.134 0.190 0.266 0.351 0.400 0.414 0.414 0.401 0.364 0.296 0.219 0.161 0.139 0.133 0.135 0.149 0.165 0.169 0.166 0.158 0.147 0.128 0.104 0.072 0.044 0.025 0.015 0.013 0.014 0.019 0.028 0.038 0.044 0.047 0.049 0.048 0.043 0.034 0.022 0.014 0.011 0.010 0.009 0.010 0.011 0.014 0.036 0.103 0.264 0.472 0.587 0.641 0.682 0.719 0.731 0.719 0.691 0.628 0.538 0.433 0.306 0.174 0.083 0.034 0.012 0.003 0.001 0.000 0.000 0.000 0.000
0.037 0.041 0.048 0.057 0.070 0.099 0.149 0.233 0.364 0.524 0.618 0.646 0.645 0.624 0.564 0.464 0.346 0.265 0.230 0.219 0.221 0.238 0.259 0.264 0.259 0.245 0.225 0.191 0.151 0.101 0.060 0.033 0.020 0.017 0.019 0.026 0.038 0.052 0.060 0.064 0.065 0.063 0.056 0.044 0.028 0.019 0.014 0.013 0.013 0.014 0.015 0.019 0.041 0.115 0.293 0.495 0.601 0.657 0.704 0.741 0.752 0.736 0.689 0.601 0.499 0.387 0.254 0.136 0.061 0.023 0.007 0.002 0.000 0.000 0.000 0.000 0.000
0.039 0.043 0.049 0.058 0.070 0.098 0.155 0.252 0.411 0.629 0.780 0.845 0.860 0.848 0.788 0.679 0.527 0.427 0.384 0.367 0.366 0.383 0.405 0.407 0.395 0.371 0.337 0.282 0.218 0.140 0.080 0.044 0.028 0.024 0.027 0.036 0.054 0.073 0.084 0.089 0.090 0.087 0.076 0.058 0.038 0.026 0.020 0.019 0.019 0.019 0.022 0.027 0.048 0.131 0.323 0.524 0.627 0.684 0.728 0.770 0.771 0.748 0.679 0.570 0.455 0.340 0.211 0.106 0.044 0.015 0.004 0.001 0.000 0.000 0.000 0.000 0.000
0.040 0.044 0.051 0.058 0.069 0.092 0.154 0.256 0.424 0.673 0.868 0.958 0.983 0.977 0.933 0.849 0.698 0.577 0.523 0.506 0.506 0.527 0.566 0.579 0.567 0.542 0.495 0.408 0.305 0.189 0.106 0.058 0.038 0.035 0.039 0.051 0.075 0.103 0.119 0.125 0.126 0.120 0.104 0.079 0.053 0.037 0.029 0.027 0.027 0.028 0.031 0.038 0.057 0.149 0.353 0.561 0.667 0.723 0.772 0.798 0.787 0.757 0.660 0.534 0.416 0.298 0.172 0.079 0.029 0.009 0.002 0.000 0.000 0.000 0.000 0.000 0.000
0.042 0.046 0.052 0.059 0.068 0.085 0.151 0.257 0.426 0.687 0.907 1.010 1.037 1.034 1.007 0.932 0.790 0.654 0.580 0.566 0.570 0.597 0.658 0.711 0.729 0.723 0.678 0.574 0.422 0.251 0.138 0.078 0.054 0.052 0.057 0.074 0.107 0.145 0.168 0.177 0.177 0.166 0.143 0.107 0.073 0.053 0.043 0.039 0.039 0.040 0.043 0.052 0.077 0.171 0.385 0.601 0.718 0.780 0.820 0.839 0.814 0.753 0.622 0.488 0.371 0.251 0.134 0.055 0.018 0.005 0.001 0.000 0.000 0.000 0.000 0.000 0.000
0.044 0.047 0.053 0.059 0.067 0.081 0.148 0.255 0.426 0.687 0.916 1.027 1.059 1.056 1.034 0.971 0.842 0.691 0.608 0.594 0.599 0.629 0.706 0.806 0.857 0.864 0.823 0.726 0.539 0.320 0.178 0.105 0.078 0.077 0.084 0.107 0.151 0.203 0.235 0.246 0.244 0.222 0.191 0.140 0.098 0.073 0.059 0.055 0.055 0.055 0.058 0.070 0.102 0.194 0.415 0.645 0.783 0.850 0.886 0.891 0.846 0.748 0.576 0.436 0.321 0.202 0.097 0.036 0.011 0.003 0.001 0.000 0.000 0.000 0.000 0.000 0.000
0.046 0.048 0.053 0.059 0.065 0.077 0.143 0.249 0.416 0.670 0.902 1.024 1.066 1.073 1.058 1.012 0.897 0.726 0.634 0.616 0.621 0.652 0.739 0.882 0.964 0.981 0.942 0.847 0.635 0.380 0.220 0.140 0.113 0.112 0.122 0.152 0.212 0.276 0.312 0.321 0.312 0.283 0.235 0.164 0.113 0.083 0.069 0.065 0.065 0.067 0.073 0.089 0.126 0.217 0.443 0.702 0.859 0.941 0.975 0.960 0.893 0.737 0.539 0.397 0.277 0.157 0.066 0.022 0.006 0.002 0.000 0.000 0.000 0.000 0.000 0.000 0.000
0.047 0.050 0.054 0.058 0.063 0.073 0.135 0.235 0.390 0.626 0.867 1.005 1.069 1.091 1.086 1.054 0.945 0.754 0.655 0.631 0.638 0.673 0.767 0.947 1.064 1.091 1.056 0.955 0.722 0.439 0.266 0.182 0.160 0.159 0.171 0.210 0.283 0.350 0.381 0.387 0.371 0.336 0.269 0.182 0.123 0.090 0.076 0.074 0.074 0.077 0.087 0.110 0.145 0.246 0.478 0.758 0.939 1.031 1.059 1.015 0.931 0.734 0.511 0.359 0.232 0.116 0.043 0.013 0.003 0.001 0.000 0.000 0.000 0.000 0.000 0.000 0.000
0.049 0.051 0.055 0.058 0.062 0.067 0.121 0.210 0.347 0.564 0.822 0.987 1.071 1.101 1.100 1.080 0.979 0.777 0.667 0.637 0.647 0.689 0.795 1.000 1.157 1.201 1.169 1.063 0.814 0.511 0.326 0.236 0.215 0.213 0.226 0.269 0.345 0.411 0.441 0.445 0.425 0.384 0.296 0.194 0.130 0.096 0.085 0.084 0.085 0.089 0.101 0.130 0.157 0.274 0.509 0.809 1.024 1.128 1.149 1.087 0.973 0.722 0.477 0.312 0.179 0.078 0.027 0.008 0.002 0.000 0.000 0.000 0.000 0.000 0.000 0.000 0.000
0.051 0.053 0.056 0.058 0.061 0.064 0.104 0.182 0.307 0.507 0.781 0.973 1.069 1.102 1.104 1.087 0.995 0.797 0.672 0.639 0.649 0.698 0.821 1.050 1.227 1.280 1.247 1.160 0.919 0.606 0.405 0.304 0.272 0.269 0.283 0.325 0.399 0.465 0.494 0.498 0.476 0.428 0.321 0.205 0.137 0.104 0.098 0.097 0.098 0.102 0.117 0.148 0.166 0.301 0.540 0.862 1.117 1.235 1.238 1.169 1.007 0.705 0.433 0.255 0.126 0.049 0.016 0.004 0.001 0.000 0.000 0.000 0.000 0.000 0.000 0.000 0.000
0.053 0.055 0.057 0.059 0.060 0.063 0.091 0.162 0.275 0.454 0.723 0.951 1.066 1.105 1.106 1.091 1.008 0.819 0.681 0.641 0.649 0.702 0.835 1.078 1.275 1.329 1.302 1.209 1.009 0.717 0.504 0.384 0.332 0.324 0.335 0.376 0.451 0.518 0.549 0.551 0.525 0.468 0.344 0.216 0.144 0.113 0.111 0.111 0.111 0.115 0.133 0.162 0.174 0.330 0.577 0.925 1.219 1.339 1.327 1.243 1.028 0.673 0.378 0.193 0.083 0.030 0.009 0.002 0.000 0.000 0.000 0.000 0.000 0.000 0.000 0.000 0.000
0.055 0.056 0.058 0.059 0.060 0.062 0.082 0.149 0.253 0.411 0.655 0.915 1.061 1.108 1.110 1.097 1.023 0.849 0.699 0.648 0.655 0.706 0.835 1.083 1.300 1.359 1.336 1.233 1.073 0.843 0.619 0.475 0.396 0.378 0.384 0.422 0.504 0.578 0.609 0.610 0.577 0.505 0.362 0.228 0.154 0.127 0.124 0.124 0.124 0.128 0.148 0.174 0.193 0.367 0.632 1.007 1.321 1.431 1.399 1.302 1.035 0.615 0.309 0.137 0.053 0.018 0.005 0.001 0.000 0.000 0.000 0.000 0.000 0.000 0.000 0.000 0.000
0.058 0.058 0.059 0.060 0.060 0.060 0.073 0.135 0.233 0.379 0.597 0.868 1.041 1.103 1.111 1.100 1.040 0.884 0.727 0.668 0.672 0.717 0.833 1.064 1.310 1.377 1.356 1.249 1.132 0.971 0.748 0.578 0.470 0.434 0.434 0.467 0.555 0.641 0.675 0.672 0.633 0.540 0.371 0.237 0.167 0.141 0.137 0.136 0.136 0.139 0.158 0.183 0.215 0.413 0.715 1.124 1.422 1.511 1.468 1.339 1.000 0.539 0.239 0.092 0.032 0.010 0.003 0.001 0.000 0.000 0.000 0.000 0.000 0.000 0.000 0.000 0.000
0.060 0.059 0.060 0.060 0.060 0.060 0.062 0.119 0.209 0.344 0.548 0.826 1.016 1.097 1.114 1.107 1.060 0.923 0.763 0.704 0.705 0.742 0.841 1.044 1.299 1.373 1.364 1.262 1.191 1.078 0.880 0.689 0.555 0.498 0.491 0.519 0.608 0.705 0.747 0.744 0.694 0.568 0.369 0.243 0.180 0.155 0.148 0.146 0.146 0.148 0.164 0.190 0.238 0.469 0.828 1.268 1.533 1.576 1.522 1.341 0.915 0.442 0.176 0.062 0.020 0.006 0.002 0.000 0.000 0.000 0.000 0.000 0.000 0.000 0.000 0.000 0.000
0.062 0.061 0.061 0.060 0.060 0.059 0.060 0.103 0.185 0.314 0.510 0.788 0.997 1.094 1.119 1.114 1.076 0.956 0.802 0.740 0.741 0.773 0.852 1.013 1.249 1.343 1.348 1.284 1.262 1.176 1.008 0.798 0.641 0.566 0.557 0.585 0.675 0.778 0.821 0.806 0.751 0.580 0.364 0.247 0.192 0.169 0.160 0.156 0.155 0.156 0.170 0.198 0.268 0.546 0.983 1.433 1.640 1.631 1.555 1.286 0.773 0.334 0.125 0.041 0.013 0.003 0.001 0.000 0.000 0.000 0.000 0.000 0.000 0.000 0.000 0.000 0.000
0.063 0.063 0.062 0.061 0.060 0.058 0.058 0.089 0.165 0.287 0.477 0.751 0.984 1.092 1.124 1.121 1.090 0.990 0.847 0.774 0.769 0.797 0.856 0.969 1.164 1.287 1.308 1.361 1.357 1.279 1.134 0.909 0.728 0.642 0.633 0.663 0.753 0.840 0.864 0.849 0.774 0.567 0.358 0.251 0.204 0.185 0.176 0.171 0.169 0.169 0.180 0.211 0.312 0.670 1.191 1.605 1.738 1.692 1.564 1.163 0.595 0.237 0.082 0.026 0.007 0.002 0.000 0.000 0.000 0.000 0.000 0.000 0.000 0.000 0.000 0.000 0.000
0.065 0.064 0.063 0.061 0.060 0.057 0.056 0.076 0.144 0.256 0.428 0.684 0.940 1.079 1.127 1.128 1.108 1.026 0.895 0.810 0.795 0.811 0.859 0.932 1.068 1.214 1.361 1.466 1.469 1.394 1.251 1.018 0.821 0.732 0.723 0.752 0.819 0.868 0.878 0.861 0.761 0.542 0.350 0.257 0.216 0.202 0.194 0.190 0.187 0.187 0.198 0.234 0.372 0.850 1.443 1.775 1.832 1.757 1.519 0.961 0.417 0.154 0.051 0.015 0.004 0.001 0.000 0.000 0.000 0.000 0.000 0.000 0.000 0.000 0.000 0.000 0.000
0.066 0.066 0.064 0.062 0.059 0.056 0.054 0.063 0.123 0.225 0.382 0.619 0.887 1.055 1.129 1.142 1.124 1.060 0.941 0.844 0.816 0.828 0.861 0.900 0.969 1.099 1.387 1.575 1.606 1.541 1.382 1.149 0.933 0.845 0.829 0.845 0.880 0.901 0.893 0.865 0.739 0.522 0.354 0.268 0.233 0.222 0.215 0.212 0.210 0.211 0.226 0.267 0.453 1.072 1.696 1.935 1.913 1.804 1.391 0.712 0.272 0.094 0.030 0.009 0.002 0.000 0.000 0.000 0.000 0.000 0.000 0.000 0.000 0.000 0.000 0.000 0.000
0.068 0.068 0.066 0.063 0.060 0.055 0.052 0.053 0.103 0.195 0.346 0.570 0.847 1.039 1.130 1.149 1.137 1.083 0.973 0.873 0.837 0.842 0.866 0.880 0.904 0.974 1.339 1.648 1.762 1.741 1.601 1.349 1.111 0.989 0.948 0.942 0.944 0.935 0.915 0.866 0.720 0.529 0.383 0.292 0.259 0.246 0.239 0.237 0.237 0.244 0.272 0.313 0.564 1.311 1.910 2.057 1.996 1.793 1.176 0.502 0.179 0.058 0.017 0.005 0.001 0.000 0.000 0.000 0.000 0.000 0.000 0.000 0.000 0.000 0.000 0.000 0.000
