RESULTS/r.avaflow_results/21_results/21_ascii/21_hflow_max0030.asc
ncols 506
nrows 317
xllcenter 498237.50
yllcenter 5580050.00
cellsize 12.50
NODATA_value -9999.000
[rows 170 to 203 of 317, columns 154 to 230 of 506]
12.784 12.589 12.366 12.102 11.778 11.421 11.189 11.024 10.863 10.661 10.434 10.182 9.867 9.457 8.889 8.127 7.226 6.191 5.116 4.071 3.135 2.345 1.715 1.259 0.954 0.767 0.669 0.644 0.657 0.711 0.767 0.801 0.817 0.824 0.826 0.824 0.824 0.826 0.825 0.821 0.807 0.782 0.762 0.744 0.719 0.680 0.622 0.547 0.464 0.382 0.305 0.241 0.193 0.162 0.143 0.132 0.126 0.123 0.122 0.123 0.124 0.125 0.125 0.124 0.121 0.115 0.105 0.087 0.060 0.033 0.017 0.008 0.003 0.001 0.000 0.000 0.000
16.671 16.763 16.666 16.430 16.052 15.572 15.075 14.740 14.415 14.067 13.696 13.359 13.061 12.705 12.178 11.362 10.269 8.986 7.623 6.258 4.954 3.808 2.846 2.112 1.593 1.245 1.034 0.935 0.900 0.893 0.890 0.884 0.875 0.864 0.850 0.840 0.828 0.823 0.820 0.810 0.786 0.750 0.716 0.683 0.643 0.582 0.493 0.381 0.276 0.202 0.154 0.123 0.103 0.091 0.086 0.083 0.083 0.083 0.084 0.086 0.086 0.086 0.084 0.081 0.076 0.070 0.061 0.049 0.032 0.017 0.009 0.004 0.002 0.001 0.000 0.000 0.000
19.969 20.306 20.315 20.116 19.725 19.222 18.690 18.171 17.678 17.269 16.801 16.381 16.103 15.792 15.305 14.534 13.443 12.084 10.560 8.975 7.403 5.935 4.589 3.480 2.626 2.000 1.574 1.308 1.132 1.009 0.936 0.905 0.885 0.870 0.851 0.828 0.803 0.780 0.760 0.731 0.685 0.628 0.570 0.511 0.446 0.367 0.272 0.187 0.132 0.099 0.079 0.066 0.059 0.055 0.054 0.054 0.056 0.058 0.060 0.061 0.061 0.060 0.057 0.053 0.048 0.041 0.034 0.025 0.016 0.009 0.004 0.002 0.001 0.000 0.000 0.000 0.000
22.241 22.808 22.964 22.837 22.544 22.148 21.732 21.328 20.901 20.408 19.875 19.358 19.023 18.679 18.186 17.425 16.354 15.018 13.497 11.928 10.357 8.685 6.971 5.383 4.066 3.032 2.262 1.709 1.365 1.133 0.983 0.903 0.861 0.830 0.796 0.755 0.708 0.661 0.613 0.552 0.475 0.396 0.325 0.267 0.217 0.169 0.122 0.087 0.066 0.052 0.044 0.039 0.036 0.035 0.035 0.037 0.039 0.042 0.043 0.043 0.042 0.041 0.038 0.034 0.029 0.024 0.018 0.013 0.008 0.004 0.002 0.001 0.000 0.000 0.000 0.000 0.000
23.186 23.944 24.356 24.506 24.441 24.265 24.049 23.794 23.453 23.004 22.453 21.871 21.439 21.067 20.586 19.863 18.835 17.542 16.037 14.522 12.882 11.086 9.104 7.191 5.473 4.065 2.974 2.172 1.608 1.229 0.993 0.864 0.785 0.722 0.662 0.594 0.520 0.445 0.377 0.311 0.250 0.195 0.155 0.124 0.099 0.077 0.059 0.045 0.037 0.031 0.028 0.025 0.024 0.024 0.024 0.026 0.028 0.029 0.030 0.029 0.029 0.027 0.024 0.021 0.017 0.013 0.009 0.006 0.004 0.002 0.001 0.000 0.000 0.000 0.000 0.000 0.000
23.152 24.077 24.705 25.110 25.377 25.527 25.531 25.401 25.120 24.670 24.110 23.501 23.024 22.622 22.166 21.513 20.584 19.368 18.008 16.457 14.737 12.944 10.954 8.739 6.595 4.823 3.445 2.438 1.735 1.267 0.972 0.787 0.659 0.552 0.451 0.361 0.290 0.235 0.194 0.160 0.125 0.097 0.077 0.062 0.050 0.040 0.033 0.027 0.023 0.021 0.019 0.018 0.017 0.017 0.018 0.018 0.019 0.020 0.020 0.020 0.019 0.017 0.015 0.012 0.009 0.007 0.005 0.003 0.002 0.001 0.000 0.000 0.000 0.000 0.000 0.000 0.000
22.561 23.662 24.503 25.107 25.569 25.883 26.008 25.986 25.803 25.387 24.822 24.216 23.637 23.233 22.833 22.308 21.559 20.540 19.423 18.004 16.269 14.271 12.006 9.524 7.116 5.137 3.614 2.515 1.760 1.255 0.915 0.677 0.498 0.354 0.250 0.185 0.145 0.119 0.099 0.084 0.066 0.052 0.042 0.034 0.029 0.024 0.021 0.018 0.016 0.015 0.013 0.013 0.013 0.013 0.013 0.013 0.013 0.013 0.013 0.013 0.012 0.011 0.009 0.007 0.005 0.003 0.002 0.001 0.001 0.000 0.000 0.000 0.000 0.000 0.000 0.000 0.000
21.530 22.789 23.856 24.691 25.317 25.704 25.943 25.981 25.931 25.655 25.066 24.386 23.795 23.424 23.058 22.548 21.826 20.983 20.026 18.651 16.860 14.742 12.320 9.669 7.177 5.136 3.574 2.457 1.689 1.161 0.789 0.519 0.325 0.200 0.130 0.094 0.074 0.062 0.053 0.046 0.038 0.031 0.026 0.022 0.019 0.016 0.014 0.013 0.011 0.010 0.010 0.009 0.009 0.009 0.009 0.009 0.008 0.008 0.008 0.008 0.007 0.006 0.005 0.004 0.002 0.002 0.001 0.000 0.000 0.000 0.000 0.000 0.000 0.000 0.000 0.000 0.000
20.335 21.657 22.835 23.872 24.669 25.205 25.463 25.513 25.447 25.211 24.693 24.004 23.354 22.975 22.583 22.054 21.344 20.544 19.663 18.346 16.564 14.403 11.906 9.279 6.805 4.787 3.252 2.163 1.425 0.919 0.563 0.321 0.180 0.106 0.069 0.050 0.041 0.035 0.031 0.027 0.023 0.020 0.017 0.015 0.013 0.011 0.010 0.009 0.008 0.007 0.007 0.006 0.006 0.006 0.005 0.005 0.005 0.005 0.005 0.004 0.004 0.003 0.002 0.002 0.001 0.001 0.000 0.000 0.000 0.000 0.000 0.000 0.000 0.000 0.000 0.000 0.000
19.016 20.378 21.618 22.671 23.500 24.056 24.330 24.372 24.242 23.934 23.536 23.036 22.442 21.838 21.256 20.609 19.950 19.224 18.256 16.940 15.167 13.014 10.592 8.042 5.748 3.902 2.515 1.542 0.915 0.525 0.290 0.159 0.090 0.056 0.039 0.030 0.025 0.022 0.020 0.018 0.016 0.014 0.012 0.011 0.009 0.008 0.007 0.006 0.005 0.005 0.004 0.004 0.004 0.003 0.003 0.003 0.003 0.003 0.002 0.002 0.002 0.001 0.001 0.001 0.000 0.000 0.000 0.000 0.000 0.000 0.000 0.000 0.000 0.000 0.000 0.000 0.000
17.658 18.927 20.059 21.057 21.870 22.464 22.801 22.853 22.606 22.127 21.844 21.549 21.085 20.358 19.460 18.721 18.053 17.286 16.264 14.830 12.922 10.635 8.166 5.864 3.944 2.472 1.426 0.767 0.409 0.223 0.125 0.073 0.046 0.032 0.024 0.019 0.017 0.015 0.014 0.012 0.011 0.010 0.008 0.007 0.006 0.005 0.005 0.004 0.003 0.003 0.002 0.002 0.002 0.002 0.002 0.001 0.001 0.001 0.001 0.001 0.001 0.000 0.000 0.000 0.000 0.000 0.000 0.000 0.000 0.000 0.000 0.000 0.000 0.000 0.000 0.000 0.000
15.915 17.039 18.114 19.122 20.030 20.798 21.310 21.437 21.210 20.728 20.442 20.206 19.728 18.841 17.774 16.843 16.036 15.080 13.776 11.982 9.655 7.114 4.858 3.178 1.982 1.148 0.608 0.302 0.156 0.089 0.055 0.037 0.026 0.020 0.016 0.014 0.012 0.011 0.010 0.009 0.008 0.007 0.006 0.005 0.004 0.003 0.003 0.002 0.002 0.001 0.001 0.001 0.001 0.001 0.000 0.000 0.000 0.000 0.000 0.000 0.000 0.000 0.000 0.000 0.000 0.000 0.000 0.000 0.000 0.000 0.000 0.000 0.000 0.000 0.000 0.000 0.000
13.763 14.790 15.856 17.006 18.134 19.112 19.805 20.046 19.877 19.592 19.257 18.830 18.143 17.128 15.974 15.070 14.175 12.862 10.917 8.329 5.728 3.626 2.205 1.311 0.756 0.414 0.214 0.109 0.062 0.040 0.029 0.022 0.017 0.014 0.011 0.010 0.009 0.008 0.007 0.006 0.005 0.004 0.004 0.003 0.002 0.002 0.001 0.001 0.001 0.000 0.000 0.000 0.000 0.000 0.000 0.000 0.000 0.000 0.000 0.000 0.000 0.000 0.000 0.000 0.000 0.000 0.000 0.000 0.000 0.000 0.000 0.000 0.000 0.000 0.000 0.000 0.000
11.353 12.395 13.430 14.562 15.758 16.806 17.661 18.168 18.216 17.960 17.375 16.533 15.505 14.373 13.358 12.461 11.261 9.450 6.844 4.360 2.559 1.403 0.744 0.408 0.231 0.132 0.075 0.045 0.030 0.023 0.018 0.014 0.012 0.010 0.008 0.007 0.006 0.005 0.005 0.004 0.003 0.003 0.002 0.001 0.001 0.001 0.000 0.000 0.000 0.000 0.000 0.000 0.000 0.000 0.000 0.000 0.000 0.000 0.000 0.000 0.000 0.000 0.000 0.000 0.000 0.000 0.000 0.000 0.000 0.000 0.000 0.000 0.000 0.000 0.000 0.000 0.000
8.716 9.672 10.518 11.383 12.559 13.683 14.561 15.025 15.089 14.810 14.015 12.774 11.301 10.091 9.135 8.000 6.531 4.669 2.930 1.693 0.896 0.448 0.229 0.126 0.075 0.049 0.033 0.024 0.018 0.015 0.012 0.010 0.008 0.007 0.006 0.005 0.004 0.003 0.003 0.002 0.002 0.001 0.001 0.001 0.000 0.000 0.000 0.000 0.000 0.000 0.000 0.000 0.000 0.000 0.000 0.000 0.000 0.000 0.000 0.000 0.000 0.000 0.000 0.000 0.000 0.000 0.000 0.000 0.000 0.000 0.000 0.000 0.000 0.000 0.000 0.000 0.000
6.513 7.163 7.670 8.093 8.543 9.040 9.515 9.779 9.792 9.541 8.769 7.569 6.318 5.283 4.444 3.612 2.725 1.774 1.008 0.517 0.256 0.135 0.078 0.049 0.033 0.025 0.019 0.016 0.013 0.011 0.009 0.007 0.006 0.005 0.004 0.003 0.003 0.002 0.001 0.001 0.001 0.000 0.000 0.000 0.000 0.000 0.000 0.000 0.000 0.000 0.000 0.000 0.000 0.000 0.000 0.000 0.000 0.000 0.000 0.000 0.000 0.000 0.000 0.000 0.000 0.000 0.000 0.000 0.000 0.000 0.000 0.000 0.000 0.000 0.000 0.000 0.000
4.112 4.316 4.379 4.367 4.329 4.324 4.378 4.405 4.381 4.256 3.932 3.420 2.755 2.187 1.702 1.279 0.875 0.516 0.275 0.143 0.080 0.049 0.033 0.024 0.020 0.016 0.014 0.011 0.010 0.008 0.007 0.005 0.004 0.003 0.003 0.002 0.001 0.001 0.001 0.000 0.000 0.000 0.000 0.000 0.000 0.000 0.000 0.000 0.000 0.000 0.000 0.000 0.000 0.000 0.000 0.000 0.000 0.000 0.000 0.000 0.000 0.000 0.000 0.000 0.000 0.000 0.000 0.000 0.000 0.000 0.000 0.000 0.000 0.000 0.000 0.000 0.000
2.036 2.020 1.973 1.893 1.771 1.663 1.595 1.539 1.511 1.474 1.366 1.160 0.952 0.697 0.508 0.362 0.238 0.143 0.082 0.049 0.033 0.024 0.019 0.016 0.014 0.012 0.010 0.009 0.007 0.006 0.005 0.004 0.003 0.002 0.001 0.001 0.000 0.000 0.000 0.000 0.000 0.000 0.000 0.000 0.000 0.000 0.000 0.000 0.000 0.000 0.000 0.000 0.000 0.000 0.000 0.000 0.000 0.000 0.000 0.000 0.000 0.000 0.000 0.000 0.000 0.000 0.000 0.000 0.000 0.000 0.000 0.000 0.000 0.000 0.000 0.000 0.000
0.919 0.849 0.791 0.737 0.673 0.601 0.554 0.519 0.482 0.444 0.402 0.361 0.294 0.211 0.151 0.107 0.074 0.049 0.033 0.023 0.018 0.016 0.014 0.013 0.011 0.010 0.009 0.007 0.006 0.005 0.003 0.002 0.002 0.001 0.001 0.000 0.000 0.000 0.000 0.000 0.000 0.000 0.000 0.000 0.000 0.000 0.000 0.000 0.000 0.000 0.000 0.000 0.000 0.000 0.000 0.000 0.000 0.000 0.000 0.000 0.000 0.000 0.000 0.000 0.000 0.000 0.000 0.000 0.000 0.000 0.000 0.000 0.000 0.000 0.000 0.000 0.000
0.498 0.431 0.377 0.338 0.301 0.270 0.242 0.211 0.182 0.157 0.138 0.124 0.102 0.075 0.055 0.041 0.030 0.023 0.018 0.016 0.014 0.013 0.012 0.011 0.010 0.009 0.007 0.006 0.005 0.003 0.002 0.002 0.001 0.000 0.000 0.000 0.000 0.000 0.000 0.000 0.000 0.000 0.000 0.000 0.000 0.000 0.000 0.000 0.000 0.000 0.000 0.000 0.000 0.000 0.000 0.000 0.000 0.000 0.000 0.000 0.000 0.000 0.000 0.000 0.000 0.000 0.000 0.000 0.000 0.000 0.000 0.000 0.000 0.000 0.000 0.000 0.000
0.369 0.296 0.242 0.204 0.176 0.155 0.135 0.114 0.093 0.077 0.065 0.056 0.048 0.037 0.027 0.021 0.018 0.016 0.014 0.013 0.012 0.011 0.010 0.009 0.008 0.007 0.006 0.005 0.004 0.003 0.002 0.001 0.000 0.000 0.000 0.000 0.000 0.000 0.000 0.000 0.000 0.000 0.000 0.000 0.000 0.000 0.000 0.000 0.000 0.000 0.000 0.000 0.000 0.000 0.000 0.000 0.000 0.000 0.000 0.000 0.000 0.000 0.000 0.000 0.000 0.000 0.000 0.000 0.000 0.000 0.000 0.000 0.000 0.000 0.000 0.000 0.000
0.313 0.243 0.193 0.158 0.133 0.114 0.096 0.078 0.063 0.052 0.045 0.040 0.035 0.029 0.022 0.018 0.015 0.013 0.012 0.011 0.010 0.010 0.009 0.008 0.007 0.006 0.005 0.004 0.003 0.002 0.001 0.000 0.000 0.000 0.000 0.000 0.000 0.000 0.000 0.000 0.000 0.000 0.000 0.000 0.000 0.000 0.000 0.000 0.000 0.000 0.000 0.000 0.000 0.000 0.000 0.000 0.000 0.000 0.000 0.000 0.000 0.000 0.000 0.000 0.000 0.000 0.000 0.000 0.000 0.000 0.000 0.000 0.000 0.000 0.000 0.000 0.000
0.278 0.215 0.170 0.140 0.117 0.097 0.079 0.063 0.050 0.041 0.036 0.033 0.030 0.026 0.021 0.016 0.013 0.011 0.010 0.010 0.009 0.009 0.008 0.007 0.006 0.006 0.005 0.004 0.003 0.002 0.001 0.000 0.000 0.000 0.000 0.000 0.000 0.000 0.000 0.000 0.000 0.000 0.000 0.000 0.000 0.000 0.000 0.000 0.000 0.000 0.000 0.000 0.000 0.000 0.000 0.000 0.000 0.000 0.000 0.000 0.000 0.000 0.000 0.000 0.000 0.000 0.000 0.000 0.000 0.000 0.000 0.000 0.000 0.000 0.000 0.000 0.000
0.253 0.198 0.159 0.131 0.108 0.088 0.069 0.053 0.043 0.036 0.032 0.029 0.027 0.024 0.020 0.016 0.013 0.010 0.009 0.009 0.009 0.009 0.008 0.007 0.007 0.006 0.005 0.004 0.003 0.002 0.001 0.000 0.000 0.000 0.000 0.000 0.000 0.000 0.000 0.000 0.000 0.000 0.000 0.000 0.000 0.000 0.000 0.000 0.000 0.000 0.000 0.000 0.000 0.000 0.000 0.000 0.000 0.000 0.000 0.000 0.000 0.000 0.000 0.000 0.000 0.000 0.000 0.000 0.000 0.000 0.000 0.000 0.000 0.000 0.000 0.000 0.000
0.239 0.190 0.155 0.127 0.104 0.082 0.063 0.049 0.040 0.034 0.030 0.027 0.025 0.022 0.019 0.015 0.012 0.010 0.010 0.010 0.010 0.010 0.009 0.009 0.008 0.007 0.006 0.005 0.003 0.002 0.001 0.000 0.000 0.000 0.000 0.000 0.000 0.000 0.000 0.000 0.000 0.000 0.000 0.000 0.000 0.000 0.000 0.000 0.000 0.000 0.000 0.000 0.000 0.000 0.000 0.000 0.000 0.000 0.000 0.000 0.000 0.000 0.000 0.000 0.000 0.000 0.000 0.000 0.000 0.000 0.000 0.000 0.000 0.000 0.000 0.000 0.000
0.232 0.187 0.152 0.125 0.100 0.079 0.062 0.051 0.043 0.036 0.031 0.027 0.024 0.022 0.019 0.015 0.012 0.011 0.011 0.012 0.012 0.013 0.012 0.012 0.011 0.009 0.008 0.006 0.004 0.002 0.001 0.000 0.000 0.000 0.000 0.000 0.000 0.000 0.000 0.000 0.000 0.000 0.000 0.000 0.000 0.000 0.000 0.000 0.000 0.000 0.000 0.000 0.000 0.000 0.000 0.000 0.000 0.000 0.000 0.000 0.000 0.000 0.000 0.000 0.000 0.000 0.000 0.000 0.000 0.000 0.000 0.000 0.000 0.000 0.000 0.000 0.000
0.226 0.184 0.149 0.120 0.096 0.078 0.065 0.056 0.048 0.041 0.035 0.029 0.025 0.022 0.018 0.015 0.013 0.015 0.016 0.017 0.018 0.018 0.017 0.016 0.014 0.012 0.009 0.007 0.005 0.002 0.001 0.000 0.000 0.000 0.000 0.000 0.000 0.000 0.000 0.000 0.000 0.000 0.000 0.000 0.000 0.000 0.000 0.000 0.000 0.000 0.000 0.000 0.000 0.000 0.000 0.000 0.000 0.000 0.000 0.000 0.000 0.000 0.000 0.000 0.000 0.000 0.000 0.000 0.000 0.000 0.000 0.000 0.000 0.000 0.000 0.000 0.000
0.222 0.179 0.144 0.116 0.095 0.081 0.072 0.063 0.055 0.048 0.040 0.033 0.028 0.023 0.019 0.017 0.020 0.022 0.023 0.023 0.023 0.022 0.021 0.019 0.016 0.014 0.011 0.008 0.005 0.002 0.001 0.000 0.000 0.000 0.000 0.000 0.000 0.000 0.000 0.000 0.000 0.000 0.000 0.000 0.000 0.000 0.000 0.000 0.000 0.000 0.000 0.000 0.000 0.000 0.000 0.000 0.000 0.000 0.000 0.000 0.000 0.000 0.000 0.000 0.000 0.000 0.000 0.000 0.000 0.000 0.000 0.000 0.000 0.000 0.000 0.000 0.000
0.215 0.172 0.140 0.116 0.099 0.087 0.077 0.068 0.062 0.056 0.049 0.041 0.034 0.028 0.024 0.024 0.028 0.031 0.033 0.035 0.033 0.028 0.023 0.021 0.019 0.016 0.012 0.008 0.005 0.002 0.001 0.000 0.000 0.000 0.000 0.000 0.000 0.000 0.000 0.000 0.000 0.000 0.000 0.000 0.000 0.000 0.000 0.000 0.000 0.000 0.000 0.000 0.000 0.000 0.000 0.000 0.000 0.000 0.000 0.000 0.000 0.000 0.000 0.000 0.000 0.000 0.000 0.000 0.000 0.000 0.000 0.000 0.000 0.000 0.000 0.000 0.000
0.206 0.165 0.136 0.116 0.101 0.089 0.080 0.073 0.067 0.061 0.056 0.050 0.045 0.039 0.035 0.032 0.038 0.045 0.050 0.050 0.044 0.036 0.026 0.023 0.020 0.016 0.012 0.008 0.005 0.002 0.001 0.000 0.000 0.000 0.000 0.000 0.000 0.000 0.000 0.000 0.000 0.000 0.000 0.000 0.000 0.000 0.000 0.000 0.000 0.000 0.000 0.000 0.000 0.000 0.000 0.000 0.000 0.000 0.000 0.000 0.000 0.000 0.000 0.000 0.000 0.000 0.000 0.000 0.000 0.000 0.000 0.000 0.000 0.000 0.000 0.000 0.000
0.195 0.155 0.128 0.111 0.099 0.089 0.080 0.074 0.069 0.064 0.060 0.055 0.051 0.048 0.045 0.044 0.054 0.061 0.062 0.058 0.052 0.041 0.027 0.023 0.019 0.016 0.012 0.008 0.005 0.002 0.001 0.000 0.000 0.000 0.000 0.000 0.000 0.000 0.000 0.000 0.000 0.000 0.000 0.000 0.000 0.000 0.000 0.000 0.000 0.000 0.000 0.000 0.000 0.000 0.000 0.000 0.000 0.000 0.000 0.000 0.000 0.000 0.000 0.000 0.000 0.000 0.000 0.000 0.000 0.000 0.000 0.000 0.000 0.000 0.000 0.000 0.000
0.168 0.131 0.108 0.094 0.086 0.080 0.075 0.071 0.067 0.064 0.060 0.057 0.054 0.052 0.053 0.053 0.063 0.067 0.065 0.063 0.055 0.041 0.027 0.022 0.019 0.015 0.011 0.007 0.004 0.002 0.001 0.000 0.000 0.000 0.000 0.000 0.000 0.000 0.000 0.000 0.000 0.000 0.000 0.000 0.000 0.000 0.000 0.000 0.000 0.000 0.000 0.000 0.000 0.000 0.000 0.000 0.000 0.000 0.000 0.000 0.000 0.000 0.000 0.000 0.000 0.000 0.000 0.000 0.000 0.000 0.000 0.000 0.000 0.000 0.000 0.000 0.000
0.113 0.084 0.068 0.059 0.056 0.056 0.057 0.058 0.059 0.059 0.058 0.056 0.054 0.054 0.056 0.056 0.064 0.066 0.066 0.062 0.053 0.039 0.027 0.020 0.017 0.014 0.010 0.007 0.004 0.002 0.001 0.000 0.000 0.000 0.000 0.000 0.000 0.000 0.000 0.000 0.000 0.000 0.000 0.000 0.000 0.000 0.000 0.000 0.000 0.000 0.000 0.000 0.000 0.000 0.000 0.000 0.000 0.000 0.000 0.000 0.000 0.000 0.000 0.000 0.000 0.000 0.000 0.000 0.000 0.000 0.000 0.000 0.000 0.000 0.000 0.000 0.000
0.053 0.036 0.028 0.025 0.024 0.027 0.031 0.038 0.045 0.050 0.052 0.053 0.053 0.054 0.055 0.056 0.059 0.063 0.063 0.058 0.048 0.036 0.026 0.019 0.016 0.012 0.009 0.006 0.003 0.002 0.001 0.000 0.000 0.000 0.000 0.000 0.000 0.000 0.000 0.000 0.000 0.000 0.000 0.000 0.000 0.000 0.000 0.000 0.000 0.000 0.000 0.000 0.000 0.000 0.000 0.000 0.000 0.000 0.000 0.000 0.000 0.000 0.000 0.000 0.000 0.000 0.000 0.000 0.000 0.000 0.000 0.000 0.000 0.000 0.000 0.000 0.000
