RESULTS/r.avaflow_results/21_results/21_ascii/21_hflow10031.asc
ncols 506
nrows 317
xllcenter 498237.50
yllcenter 5580050.00
cellsize 12.50
NODATA_value -9999.000
[rows 170 to 203 of 317, columns 77 to 153 of 506]
0.000 0.000 0.000 0.000 0.000 0.000 0.000 0.000 0.000 0.000 0.000 0.000 0.000 0.000 0.000 0.000 0.000 0.000 0.000 0.000 0.000 0.001 0.002 0.005 0.010 0.013 0.014 0.015 0.015 0.015 0.015 0.014 0.013 0.012 0.010 0.008 0.007 0.006 0.004 0.003 0.003 0.002 0.002 0.002 0.003 0.004 0.007 0.012 0.021 0.041 0.082 0.170 0.337 0.604 0.874 1.078 1.257 1.445 1.613 1.718 1.756 1.753 1.715 1.629 1.499 1.331 1.138 0.961 0.808 0.677 0.565 0.472 0.394 0.331 0.278 0.234 0.196
0.000 0.000 0.000 0.000 0.000 0.000 0.000 0.000 0.000 0.000 0.000 0.000 0.000 0.000 0.000 0.000 0.000 0.000 0.000 0.000 0.001 0.003 0.006 0.011 0.016 0.019 0.020 0.021 0.021 0.021 0.021 0.020 0.018 0.016 0.014 0.012 0.010 0.008 0.007 0.005 0.004 0.004 0.004 0.004 0.005 0.009 0.015 0.028 0.054 0.110 0.224 0.427 0.725 1.019 1.213 1.353 1.490 1.632 1.737 1.787 1.793 1.775 1.722 1.630 1.499 1.330 1.135 0.956 0.804 0.675 0.570 0.482 0.411 0.350 0.299 0.255 0.217
0.000 0.000 0.000 0.000 0.000 0.000 0.000 0.000 0.000 0.000 0.000 0.000 0.000 0.000 0.000 0.000 0.000 0.000 0.000 0.001 0.003 0.006 0.012 0.019 0.024 0.027 0.028 0.028 0.028 0.028 0.028 0.026 0.024 0.021 0.018 0.015 0.013 0.011 0.009 0.007 0.006 0.006 0.006 0.007 0.010 0.018 0.035 0.070 0.143 0.287 0.535 0.848 1.121 1.281 1.378 1.467 1.577 1.692 1.764 1.790 1.789 1.767 1.712 1.620 1.490 1.323 1.128 0.949 0.800 0.676 0.576 0.494 0.425 0.367 0.317 0.273 0.235
0.000 0.000 0.000 0.000 0.000 0.000 0.000 0.000 0.000 0.000 0.000 0.000 0.000 0.000 0.000 0.000 0.000 0.000 0.001 0.003 0.006 0.012 0.020 0.027 0.031 0.033 0.034 0.035 0.035 0.035 0.034 0.033 0.030 0.026 0.021 0.018 0.015 0.013 0.011 0.010 0.009 0.008 0.009 0.012 0.021 0.042 0.086 0.177 0.347 0.631 0.960 1.214 1.347 1.405 1.443 1.498 1.591 1.695 1.751 1.765 1.762 1.739 1.686 1.597 1.470 1.307 1.115 0.940 0.796 0.677 0.580 0.501 0.435 0.379 0.331 0.289 0.252
0.000 0.000 0.000 0.000 0.000 0.000 0.000 0.000 0.000 0.000 0.000 0.000 0.000 0.000 0.000 0.000 0.000 0.001 0.002 0.006 0.011 0.018 0.026 0.032 0.036 0.039 0.040 0.041 0.041 0.041 0.040 0.038 0.035 0.029 0.023 0.019 0.016 0.014 0.013 0.012 0.011 0.012 0.014 0.022 0.044 0.097 0.203 0.396 0.697 1.021 1.262 1.391 1.432 1.445 1.462 1.500 1.582 1.672 1.714 1.721 1.715 1.692 1.641 1.556 1.436 1.280 1.097 0.930 0.791 0.676 0.581 0.503 0.439 0.386 0.341 0.301 0.265
0.000 0.000 0.000 0.000 0.000 0.000 0.000 0.000 0.000 0.000 0.000 0.000 0.000 0.000 0.000 0.000 0.000 0.001 0.004 0.008 0.014 0.022 0.030 0.037 0.041 0.044 0.045 0.046 0.046 0.046 0.045 0.042 0.039 0.033 0.025 0.020 0.016 0.015 0.014 0.013 0.014 0.016 0.023 0.043 0.095 0.210 0.416 0.715 1.023 1.252 1.384 1.435 1.445 1.451 1.463 1.488 1.544 1.621 1.659 1.663 1.655 1.630 1.580 1.501 1.388 1.243 1.072 0.914 0.782 0.671 0.579 0.502 0.440 0.389 0.347 0.309 0.276
0.000 0.000 0.000 0.000 0.000 0.000 0.000 0.000 0.000 0.000 0.000 0.000 0.000 0.000 0.000 0.000 0.000 0.002 0.005 0.010 0.017 0.026 0.034 0.041 0.045 0.048 0.050 0.050 0.050 0.050 0.049 0.046 0.042 0.035 0.027 0.020 0.017 0.015 0.014 0.014 0.016 0.021 0.038 0.083 0.192 0.400 0.692 0.978 1.194 1.334 1.405 1.431 1.440 1.445 1.452 1.463 1.485 1.542 1.587 1.595 1.585 1.557 1.507 1.431 1.326 1.193 1.036 0.889 0.764 0.659 0.571 0.499 0.439 0.389 0.349 0.314 0.283
0.000 0.000 0.000 0.000 0.000 0.000 0.000 0.000 0.000 0.000 0.000 0.000 0.000 0.000 0.000 0.000 0.000 0.002 0.005 0.011 0.019 0.029 0.038 0.044 0.049 0.052 0.053 0.054 0.054 0.053 0.052 0.049 0.044 0.037 0.028 0.021 0.017 0.015 0.014 0.015 0.018 0.029 0.062 0.151 0.339 0.625 0.905 1.108 1.249 1.341 1.391 1.412 1.420 1.424 1.425 1.421 1.421 1.452 1.501 1.514 1.505 1.475 1.424 1.349 1.250 1.127 0.984 0.850 0.735 0.638 0.557 0.489 0.433 0.387 0.348 0.316 0.288
0.000 0.000 0.000 0.000 0.000 0.000 0.000 0.000 0.000 0.000 0.000 0.000 0.000 0.000 0.000 0.000 0.000 0.002 0.005 0.011 0.020 0.031 0.041 0.047 0.052 0.055 0.056 0.056 0.056 0.056 0.054 0.051 0.046 0.039 0.029 0.021 0.016 0.014 0.014 0.014 0.019 0.037 0.092 0.230 0.484 0.786 1.006 1.149 1.250 1.319 1.358 1.376 1.383 1.384 1.380 1.367 1.357 1.370 1.408 1.420 1.411 1.380 1.327 1.253 1.158 1.043 0.915 0.797 0.695 0.608 0.535 0.474 0.423 0.381 0.346 0.317 0.291
0.000 0.000 0.000 0.000 0.000 0.000 0.000 0.000 0.000 0.000 0.000 0.000 0.000 0.000 0.000 0.000 0.000 0.002 0.005 0.011 0.021 0.033 0.043 0.050 0.054 0.057 0.058 0.058 0.058 0.058 0.056 0.053 0.048 0.040 0.030 0.022 0.016 0.014 0.013 0.014 0.020 0.041 0.110 0.284 0.582 0.865 1.038 1.149 1.226 1.278 1.308 1.322 1.326 1.326 1.319 1.302 1.288 1.290 1.309 1.313 1.301 1.268 1.214 1.140 1.049 0.942 0.831 0.731 0.644 0.569 0.506 0.453 0.410 0.373 0.343 0.316 0.293
0.000 0.000 0.000 0.000 0.000 0.000 0.000 0.000 0.000 0.000 0.000 0.000 0.000 0.000 0.000 0.000 0.000 0.001 0.005 0.011 0.020 0.033 0.045 0.052 0.056 0.059 0.060 0.060 0.060 0.059 0.057 0.054 0.049 0.042 0.031 0.022 0.016 0.013 0.012 0.013 0.019 0.042 0.115 0.308 0.629 0.891 1.036 1.123 1.179 1.217 1.239 1.250 1.253 1.252 1.245 1.229 1.212 1.205 1.205 1.198 1.177 1.139 1.083 1.010 0.922 0.825 0.735 0.655 0.584 0.523 0.471 0.429 0.394 0.364 0.338 0.315 0.294
0.000 0.000 0.000 0.000 0.000 0.000 0.000 0.000 0.000 0.000 0.000 0.000 0.000 0.000 0.000 0.000 0.000 0.001 0.004 0.009 0.018 0.031 0.045 0.054 0.058 0.060 0.060 0.061 0.060 0.060 0.058 0.055 0.050 0.043 0.033 0.022 0.016 0.012 0.011 0.012 0.018 0.040 0.114 0.309 0.639 0.891 1.010 1.070 1.109 1.135 1.151 1.161 1.164 1.164 1.159 1.146 1.128 1.112 1.097 1.076 1.044 1.000 0.942 0.870 0.788 0.706 0.634 0.572 0.518 0.472 0.434 0.402 0.375 0.352 0.331 0.312 0.293
0.000 0.000 0.000 0.000 0.000 0.000 0.000 0.000 0.000 0.000 0.000 0.000 0.000 0.000 0.000 0.000 0.000 0.001 0.002 0.005 0.012 0.025 0.043 0.054 0.059 0.061 0.061 0.061 0.061 0.060 0.058 0.055 0.050 0.043 0.034 0.023 0.016 0.012 0.010 0.011 0.015 0.036 0.105 0.292 0.618 0.861 0.958 0.993 1.015 1.030 1.042 1.053 1.061 1.063 1.060 1.051 1.034 1.011 0.984 0.954 0.916 0.869 0.812 0.745 0.671 0.603 0.544 0.494 0.453 0.419 0.393 0.372 0.354 0.338 0.322 0.307 0.292
0.000 0.000 0.000 0.000 0.000 0.000 0.000 0.000 0.000 0.000 0.000 0.000 0.000 0.000 0.000 0.000 0.000 0.000 0.001 0.002 0.006 0.017 0.036 0.052 0.059 0.061 0.061 0.061 0.061 0.060 0.058 0.055 0.051 0.044 0.035 0.025 0.017 0.012 0.010 0.010 0.013 0.028 0.084 0.242 0.535 0.774 0.869 0.891 0.897 0.901 0.908 0.921 0.937 0.948 0.950 0.944 0.929 0.904 0.872 0.837 0.797 0.751 0.697 0.637 0.572 0.514 0.464 0.423 0.391 0.367 0.350 0.339 0.329 0.320 0.310 0.300 0.289
0.000 0.000 0.000 0.000 0.000 0.000 0.000 0.000 0.000 0.000 0.000 0.000 0.000 0.000 0.000 0.000 0.000 0.000 0.000 0.001 0.003 0.009 0.025 0.046 0.058 0.061 0.061 0.061 0.060 0.060 0.058 0.055 0.051 0.045 0.037 0.027 0.018 0.012 0.010 0.009 0.010 0.019 0.052 0.155 0.379 0.615 0.729 0.756 0.754 0.747 0.741 0.748 0.769 0.797 0.817 0.821 0.812 0.791 0.760 0.724 0.685 0.642 0.594 0.542 0.486 0.436 0.392 0.358 0.331 0.314 0.303 0.299 0.297 0.296 0.294 0.290 0.284
0.000 0.000 0.000 0.000 0.000 0.000 0.000 0.000 0.000 0.000 0.000 0.000 0.000 0.000 0.000 0.000 0.000 0.000 0.000 0.000 0.001 0.004 0.014 0.034 0.052 0.059 0.060 0.060 0.060 0.059 0.057 0.055 0.051 0.045 0.038 0.028 0.020 0.014 0.011 0.009 0.010 0.013 0.028 0.079 0.208 0.399 0.526 0.571 0.573 0.558 0.533 0.521 0.532 0.568 0.621 0.665 0.679 0.669 0.646 0.614 0.579 0.540 0.499 0.455 0.408 0.365 0.327 0.296 0.273 0.258 0.250 0.248 0.249 0.256 0.266 0.270 0.270
0.000 0.000 0.000 0.000 0.000 0.000 0.000 0.000 0.000 0.000 0.000 0.000 0.000 0.000 0.000 0.000 0.000 0.000 0.000 0.000 0.001 0.002 0.007 0.021 0.041 0.054 0.058 0.058 0.058 0.057 0.056 0.054 0.050 0.045 0.038 0.030 0.022 0.016 0.012 0.010 0.010 0.011 0.018 0.040 0.104 0.223 0.324 0.370 0.378 0.370 0.343 0.315 0.307 0.322 0.371 0.448 0.510 0.531 0.524 0.503 0.474 0.442 0.408 0.373 0.335 0.298 0.265 0.237 0.215 0.198 0.187 0.182 0.182 0.191 0.208 0.220 0.224
0.000 0.000 0.000 0.000 0.000 0.000 0.000 0.000 0.000 0.000 0.000 0.000 0.000 0.000 0.000 0.000 0.000 0.000 0.000 0.000 0.000 0.001 0.003 0.010 0.026 0.044 0.053 0.055 0.055 0.055 0.054 0.052 0.049 0.045 0.038 0.031 0.023 0.018 0.014 0.012 0.011 0.011 0.013 0.023 0.053 0.117 0.187 0.225 0.236 0.233 0.215 0.185 0.168 0.168 0.189 0.242 0.312 0.361 0.379 0.378 0.365 0.343 0.319 0.293 0.263 0.232 0.204 0.180 0.158 0.140 0.124 0.113 0.108 0.109 0.119 0.128 0.129
0.000 0.000 0.000 0.000 0.000 0.000 0.000 0.000 0.000 0.000 0.000 0.000 0.000 0.000 0.000 0.000 0.000 0.000 0.000 0.000 0.000 0.001 0.001 0.004 0.013 0.029 0.043 0.049 0.051 0.052 0.051 0.050 0.048 0.044 0.038 0.031 0.024 0.019 0.015 0.013 0.012 0.011 0.012 0.017 0.031 0.063 0.107 0.135 0.146 0.147 0.138 0.118 0.099 0.092 0.095 0.116 0.161 0.204 0.228 0.237 0.237 0.232 0.222 0.207 0.186 0.161 0.139 0.121 0.105 0.088 0.074 0.062 0.055 0.052 0.052 0.052 0.051
0.000 0.000 0.000 0.000 0.000 0.000 0.000 0.000 0.000 0.000 0.000 0.000 0.000 0.000 0.000 0.000 0.000 0.000 0.000 0.000 0.000 0.000 0.001 0.002 0.005 0.014 0.028 0.040 0.046 0.047 0.047 0.047 0.045 0.042 0.037 0.031 0.024 0.019 0.016 0.013 0.012 0.012 0.012 0.014 0.021 0.039 0.066 0.087 0.096 0.098 0.095 0.084 0.068 0.058 0.054 0.058 0.075 0.100 0.118 0.126 0.129 0.128 0.125 0.119 0.107 0.092 0.079 0.069 0.059 0.049 0.038 0.031 0.026 0.023 0.021 0.020 0.018
0.000 0.000 0.000 0.000 0.000 0.000 0.000 0.000 0.000 0.000 0.000 0.000 0.000 0.000 0.000 0.000 0.000 0.000 0.000 0.000 0.000 0.000 0.000 0.001 0.002 0.006 0.014 0.026 0.036 0.041 0.043 0.043 0.042 0.039 0.036 0.030 0.024 0.019 0.016 0.014 0.012 0.012 0.012 0.012 0.017 0.027 0.045 0.060 0.068 0.070 0.069 0.064 0.053 0.042 0.036 0.035 0.038 0.046 0.054 0.058 0.060 0.060 0.059 0.056 0.051 0.044 0.038 0.033 0.028 0.023 0.018 0.014 0.012 0.010 0.009 0.008 0.007
0.000 0.000 0.000 0.000 0.000 0.000 0.000 0.000 0.000 0.000 0.000 0.000 0.000 0.000 0.000 0.000 0.000 0.000 0.000 0.000 0.000 0.000 0.000 0.001 0.001 0.002 0.006 0.012 0.022 0.031 0.036 0.038 0.037 0.036 0.033 0.029 0.024 0.019 0.016 0.014 0.012 0.011 0.011 0.012 0.014 0.020 0.032 0.044 0.050 0.052 0.051 0.048 0.042 0.033 0.027 0.024 0.023 0.024 0.026 0.026 0.026 0.026 0.025 0.024 0.022 0.019 0.017 0.014 0.012 0.010 0.008 0.007 0.006 0.005 0.004 0.004 0.003
0.000 0.000 0.000 0.000 0.000 0.000 0.000 0.000 0.000 0.000 0.000 0.000 0.000 0.000 0.000 0.000 0.000 0.000 0.000 0.000 0.000 0.000 0.000 0.000 0.001 0.001 0.002 0.005 0.011 0.019 0.027 0.031 0.032 0.032 0.030 0.027 0.022 0.019 0.016 0.013 0.012 0.011 0.010 0.010 0.011 0.015 0.023 0.031 0.036 0.038 0.038 0.036 0.032 0.027 0.021 0.018 0.016 0.015 0.014 0.014 0.013 0.013 0.012 0.011 0.010 0.009 0.008 0.007 0.006 0.005 0.004 0.003 0.003 0.003 0.002 0.002 0.002
0.000 0.000 0.000 0.000 0.000 0.000 0.000 0.000 0.000 0.000 0.000 0.000 0.000 0.000 0.000 0.000 0.000 0.000 0.000 0.000 0.000 0.000 0.000 0.000 0.000 0.001 0.001 0.002 0.004 0.009 0.016 0.022 0.026 0.026 0.025 0.023 0.020 0.017 0.015 0.013 0.011 0.010 0.009 0.009 0.009 0.011 0.015 0.021 0.025 0.027 0.027 0.026 0.024 0.020 0.016 0.013 0.011 0.010 0.009 0.008 0.008 0.007 0.006 0.006 0.005 0.005 0.004 0.003 0.003 0.003 0.002 0.002 0.002 0.002 0.001 0.001 0.001
0.000 0.000 0.000 0.000 0.000 0.000 0.000 0.000 0.000 0.000 0.000 0.000 0.000 0.000 0.000 0.000 0.000 0.000 0.000 0.000 0.000 0.001 0.001 0.000 0.000 0.001 0.001 0.001 0.002 0.003 0.007 0.013 0.017 0.019 0.019 0.019 0.017 0.015 0.013 0.011 0.010 0.008 0.007 0.007 0.007 0.007 0.009 0.013 0.016 0.018 0.018 0.018 0.017 0.014 0.011 0.009 0.008 0.007 0.006 0.005 0.005 0.004 0.004 0.004 0.003 0.003 0.002 0.002 0.002 0.002 0.001 0.001 0.001 0.001 0.001 0.001 0.001
0.000 0.000 0.000 0.000 0.000 0.000 0.000 0.000 0.000 0.000 0.000 0.000 0.000 0.000 0.000 0.000 0.000 0.000 0.000 0.000 0.001 0.001 0.001 0.001 0.000 0.001 0.001 0.001 0.001 0.001 0.003 0.006 0.010 0.012 0.013 0.013 0.013 0.012 0.011 0.009 0.008 0.006 0.005 0.004 0.004 0.004 0.005 0.007 0.009 0.011 0.011 0.011 0.010 0.009 0.007 0.006 0.005 0.004 0.004 0.003 0.003 0.003 0.003 0.002 0.002 0.002 0.002 0.001 0.001 0.001 0.001 0.001 0.001 0.001 0.001 0.001 0.001
0.000 0.000 0.000 0.000 0.000 0.000 0.000 0.000 0.000 0.000 0.000 0.000 0.000 0.000 0.000 0.000 0.000 0.000 0.000 0.000 0.001 0.001 0.001 0.001 0.001 0.001 0.001 0.001 0.001 0.001 0.001 0.002 0.004 0.006 0.007 0.008 0.008 0.008 0.008 0.007 0.006 0.004 0.003 0.002 0.002 0.002 0.002 0.003 0.004 0.005 0.006 0.006 0.006 0.005 0.004 0.004 0.003 0.003 0.002 0.002 0.002 0.002 0.002 0.002 0.001 0.001 0.001 0.001 0.001 0.001 0.001 0.001 0.001 0.001 0.001 0.001 0.001
0.000 0.000 0.000 0.000 0.000 0.000 0.000 0.000 0.000 0.000 0.000 0.000 0.000 0.000 0.000 0.000 0.000 0.000 0.000 0.001 0.001 0.001 0.001 0.001 0.001 0.001 0.001 0.001 0.001 0.001 0.001 0.001 0.002 0.003 0.004 0.004 0.004 0.004 0.004 0.004 0.003 0.002 0.002 0.001 0.001 0.001 0.001 0.001 0.002 0.002 0.003 0.003 0.003 0.003 0.002 0.002 0.002 0.002 0.001 0.001 0.001 0.001 0.001 0.001 0.001 0.001 0.001 0.001 0.001 0.001 0.001 0.001 0.001 0.001 0.001 0.001 0.001
0.000 0.000 0.000 0.000 0.000 0.000 0.000 0.000 0.000 0.000 0.000 0.000 0.000 0.000 0.000 0.000 0.000 0.001 0.001 0.001 0.001 0.001 0.001 0.001 0.001 0.001 0.001 0.001 0.001 0.001 0.001 0.001 0.001 0.001 0.002 0.002 0.002 0.002 0.002 0.002 0.002 0.001 0.001 0.001 0.001 0.001 0.001 0.001 0.001 0.001 0.001 0.001 0.001 0.001 0.001 0.001 0.001 0.001 0.001 0.001 0.001 0.001 0.001 0.001 0.001 0.001 0.001 0.001 0.001 0.001 0.001 0.001 0.001 0.001 0.001 0.001 0.001
0.000 0.000 0.000 0.000 0.000 0.000 0.000 0.000 0.000 0.000 0.000 0.000 0.000 0.000 0.000 0.000 0.000 0.001 0.001 0.001 0.001 0.001 0.001 0.001 0.001 0.001 0.001 0.001 0.001 0.001 0.001 0.001 0.001 0.001 0.001 0.001 0.001 0.001 0.001 0.001 0.001 0.001 0.001 0.001 0.001 0.001 0.001 0.001 0.001 0.001 0.001 0.001 0.001 0.001 0.000 0.001 0.001 0.001 0.001 0.001 0.001 0.001 0.001 0.001 0.001 0.001 0.001 0.001 0.001 0.001 0.001 0.001 0.001 0.001 0.000 0.000 0.000
0.000 0.000 0.000 0.000 0.001 0.000 0.000 0.000 0.000 0.000 0.000 0.000 0.000 0.000 0.000 0.000 0.000 0.001 0.001 0.001 0.001 0.001 0.001 0.001 0.001 0.001 0.001 0.001 0.001 0.001 0.001 0.001 0.001 0.001 0.001 0.001 0.001 0.001 0.001 0.001 0.001 0.001 0.001 0.001 0.001 0.001 0.000 0.000 0.000 0.000 0.000 0.000 0.000 0.000 0.000 0.000 0.000 0.000 0.001 0.001 0.001 0.001 0.001 0.001 0.001 0.001 0.001 0.001 0.001 0.001 0.001 0.001 0.000 0.000 0.000 0.000 0.000
0.000 0.000 0.000 0.000 0.000 0.000 0.000 0.000 0.000 0.000 0.000 0.000 0.000 0.000 0.000 0.000 0.001 0.001 0.001 0.001 0.001 0.001 0.001 0.001 0.001 0.001 0.001 0.001 0.001 0.001 0.001 0.001 0.001 0.001 0.001 0.000 0.001 0.001 0.001 0.001 0.001 0.001 0.001 0.001 0.001 0.001 0.000 0.000 0.000 0.000 0.000 0.000 0.000 0.000 0.000 0.000 0.000 0.000 0.001 0.001 0.001 0.001 0.001 0.001 0.001 0.001 0.001 0.001 0.001 0.001 0.001 0.001 0.000 0.000 0.000 0.000 0.000
0.000 0.000 0.000 0.000 0.000 0.000 0.000 0.000 0.000 0.000 0.000 0.000 0.000 0.000 0.000 0.000 0.001 0.001 0.001 0.001 0.001 0.001 0.001 0.001 0.001 0.001 0.001 0.001 0.001 0.001 0.001 0.001 0.001 0.001 0.000 0.000 0.000 0.000 0.001 0.001 0.001 0.001 0.001 0.001 0.001 0.001 0.001 0.000 0.000 0.000 0.000 0.000 0.000 0.000 0.000 0.000 0.000 0.000 0.000 0.001 0.001 0.001 0.001 0.001 0.001 0.001 0.001 0.001 0.001 0.001 0.001 0.001 0.001 0.000 0.000 0.000 0.000
0.000 0.000 0.000 0.000 0.000 0.000 0.000 0.000 0.000 0.000 0.000 0.000 0.000 0.000 0.000 0.001 0.001 0.001 0.001 0.001 0.001 0.001 0.001 0.001 0.001 0.001 0.001 0.001 0.001 0.001 0.001 0.001 0.001 0.001 0.001 0.000 0.000 0.000 0.000 0.001 0.001 0.001 0.001 0.001 0.001 0.001 0.001 0.001 0.000 0.000 0.000 0.000 0.000 0.000 0.000 0.000 0.000 0.000 0.000 0.000 0.001 0.001 0.001 0.001 0.001 0.001 0.001 0.001 0.001 0.001 0.001 0.000 0.000 0.000 0.000 0.000 0.000
