RESULTS/r.avaflow_results/21_results/21_ascii/21_hflow0011.asc
ncols 506
nrows 317
xllcenter 498237.50
yllcenter 5580050.00
cellsize 12.50
NODATA_value -9999.000
[rows 170 to 203 of 317, columns 77 to 153 of 506]
0.000 0.000 0.000 0.000 0.000 0.000 0.000 0.000 0.000 0.000 0.000 0.000 0.000 0.000 0.000 0.000 0.000 0.000 0.000 0.000 0.000 0.000 0.000 0.000 0.000 0.000 0.001 0.002 0.005 0.007 0.009 0.009 0.009 0.009 0.008 0.007 0.007 0.007 0.007 0.009 0.011 0.013 0.015 0.018 0.022 0.028 0.037 0.046 0.056 0.067 0.080 0.097 0.120 0.160 0.239 0.386 0.663 1.272 2.546 4.255 6.267 8.994 12.130 14.466 15.885 16.659 17.058 17.252 17.253 16.981 16.218 14.952 13.301 11.640 10.246 9.117 8.242
0.000 0.000 0.000 0.000 0.000 0.000 0.000 0.000 0.000 0.000 0.000 0.000 0.000 0.000 0.000 0.000 0.000 0.000 0.000 0.000 0.000 0.000 0.000 0.000 0.000 0.001 0.003 0.005 0.009 0.014 0.017 0.018 0.018 0.017 0.015 0.014 0.014 0.014 0.016 0.019 0.024 0.029 0.033 0.039 0.047 0.061 0.081 0.104 0.131 0.162 0.201 0.249 0.319 0.433 0.627 0.961 1.553 2.643 4.222 5.998 8.328 11.276 13.954 15.670 16.695 17.161 17.290 17.237 17.075 16.733 16.102 15.192 14.131 13.119 12.296 11.698 11.336
0.000 0.000 0.000 0.000 0.000 0.000 0.000 0.000 0.000 0.000 0.000 0.000 0.000 0.000 0.000 0.000 0.000 0.000 0.000 0.000 0.000 0.000 0.000 0.000 0.001 0.003 0.005 0.010 0.017 0.025 0.031 0.033 0.033 0.031 0.029 0.028 0.028 0.029 0.034 0.042 0.052 0.062 0.073 0.086 0.107 0.138 0.180 0.233 0.302 0.388 0.490 0.618 0.788 1.006 1.322 1.789 2.514 3.753 5.320 7.232 9.854 12.777 14.913 16.205 16.949 17.254 17.306 17.234 17.116 16.912 16.619 16.274 15.804 15.098 14.578 14.396 14.587
0.000 0.000 0.000 0.000 0.000 0.000 0.000 0.000 0.000 0.000 0.000 0.000 0.000 0.000 0.000 0.000 0.000 0.000 0.000 0.000 0.000 0.000 0.000 0.001 0.002 0.005 0.010 0.018 0.029 0.044 0.054 0.058 0.058 0.056 0.052 0.051 0.051 0.056 0.068 0.085 0.109 0.135 0.163 0.197 0.241 0.303 0.390 0.509 0.663 0.846 1.071 1.382 1.679 1.914 2.134 2.423 3.004 4.197 5.826 7.966 10.834 13.529 15.215 16.264 16.912 17.228 17.377 17.496 17.633 17.745 17.767 17.599 17.053 16.363 16.072 16.215 16.947
0.000 0.000 0.000 0.000 0.000 0.000 0.000 0.000 0.000 0.000 0.000 0.000 0.000 0.000 0.000 0.000 0.000 0.000 0.000 0.000 0.000 0.000 0.000 0.002 0.005 0.009 0.017 0.029 0.048 0.073 0.091 0.099 0.100 0.096 0.090 0.089 0.090 0.101 0.124 0.161 0.211 0.273 0.343 0.418 0.503 0.616 0.783 1.013 1.278 1.561 1.903 2.324 2.581 2.661 2.663 2.744 3.153 4.282 6.022 8.412 11.388 13.642 15.017 16.045 16.834 17.401 17.826 18.163 18.406 18.519 18.494 18.193 17.470 16.951 16.885 17.296 18.345
0.000 0.000 0.000 0.000 0.000 0.000 0.000 0.000 0.000 0.000 0.000 0.000 0.000 0.000 0.000 0.000 0.000 0.000 0.000 0.000 0.000 0.000 0.001 0.004 0.008 0.016 0.028 0.047 0.077 0.119 0.150 0.164 0.166 0.161 0.151 0.148 0.152 0.171 0.212 0.277 0.360 0.450 0.548 0.662 0.799 0.995 1.284 1.619 1.921 2.199 2.512 2.857 3.019 3.024 2.911 2.845 3.134 4.136 5.926 8.602 11.552 13.362 14.605 15.751 16.791 17.618 18.160 18.479 18.663 18.723 18.618 18.129 17.370 17.033 17.089 17.650 18.740
0.000 0.000 0.000 0.000 0.000 0.000 0.000 0.000 0.000 0.000 0.000 0.000 0.000 0.000 0.000 0.000 0.000 0.000 0.000 0.000 0.000 0.000 0.002 0.005 0.012 0.023 0.043 0.073 0.121 0.189 0.241 0.265 0.269 0.261 0.242 0.238 0.246 0.278 0.339 0.412 0.485 0.564 0.663 0.796 0.971 1.232 1.625 2.023 2.317 2.554 2.793 3.015 3.111 3.105 2.981 2.809 2.961 3.770 5.571 8.560 11.388 13.003 14.280 15.507 16.657 17.541 18.062 18.304 18.377 18.270 17.856 17.005 16.354 16.222 16.501 17.291 18.446
0.000 0.000 0.000 0.000 0.000 0.000 0.000 0.000 0.000 0.000 0.000 0.000 0.000 0.000 0.000 0.000 0.000 0.000 0.000 0.000 0.000 0.000 0.002 0.006 0.014 0.029 0.056 0.103 0.179 0.289 0.376 0.415 0.422 0.410 0.376 0.364 0.373 0.405 0.452 0.499 0.546 0.605 0.698 0.837 1.034 1.325 1.767 2.195 2.474 2.663 2.840 2.992 3.054 3.049 2.934 2.687 2.681 3.375 5.235 8.370 10.998 12.613 13.915 15.097 16.148 16.861 17.171 17.214 17.036 16.564 15.649 14.628 14.168 14.180 14.742 15.893 17.322
0.000 0.000 0.000 0.000 0.000 0.000 0.000 0.000 0.000 0.000 0.000 0.000 0.000 0.000 0.000 0.000 0.000 0.000 0.000 0.000 0.000 0.000 0.002 0.006 0.015 0.031 0.063 0.120 0.220 0.375 0.512 0.576 0.588 0.571 0.512 0.477 0.473 0.485 0.505 0.527 0.556 0.603 0.688 0.823 1.022 1.315 1.761 2.197 2.464 2.616 2.724 2.788 2.799 2.771 2.664 2.435 2.393 3.107 5.016 8.035 10.419 11.989 13.156 14.123 14.861 15.224 15.270 15.056 14.507 13.492 12.266 11.477 11.272 11.546 12.471 13.956 15.700
0.000 0.000 0.000 0.000 0.000 0.000 0.000 0.000 0.000 0.000 0.000 0.000 0.000 0.000 0.000 0.000 0.000 0.000 0.000 0.000 0.000 0.001 0.002 0.006 0.015 0.031 0.064 0.125 0.235 0.418 0.593 0.676 0.693 0.672 0.596 0.539 0.521 0.515 0.515 0.524 0.540 0.571 0.634 0.743 0.911 1.159 1.544 1.954 2.196 2.293 2.318 2.303 2.257 2.187 2.095 1.959 1.998 2.777 4.701 7.471 9.467 10.739 11.645 12.319 12.697 12.765 12.575 12.012 10.984 9.769 8.923 8.630 8.759 9.416 10.656 12.285 14.101
0.000 0.000 0.000 0.000 0.000 0.000 0.000 0.000 0.000 0.000 0.000 0.000 0.000 0.000 0.000 0.000 0.000 0.000 0.000 0.000 0.000 0.001 0.002 0.006 0.013 0.029 0.061 0.122 0.235 0.427 0.622 0.715 0.734 0.712 0.633 0.564 0.532 0.515 0.502 0.494 0.494 0.505 0.533 0.591 0.681 0.801 0.990 1.245 1.435 1.508 1.502 1.460 1.401 1.347 1.317 1.322 1.515 2.373 4.252 6.502 7.912 8.761 9.326 9.668 9.771 9.645 9.212 8.412 7.424 6.670 6.329 6.330 6.713 7.637 9.032 10.696 12.498
0.000 0.000 0.000 0.000 0.000 0.000 0.000 0.000 0.000 0.000 0.000 0.000 0.000 0.000 0.000 0.000 0.000 0.000 0.000 0.000 0.000 0.000 0.001 0.004 0.009 0.022 0.049 0.107 0.217 0.413 0.620 0.718 0.737 0.714 0.642 0.568 0.522 0.490 0.460 0.434 0.417 0.406 0.393 0.386 0.393 0.403 0.426 0.485 0.568 0.623 0.642 0.644 0.645 0.664 0.711 0.820 1.107 1.909 3.451 4.990 5.819 6.219 6.400 6.464 6.423 6.234 5.851 5.274 4.722 4.415 4.354 4.505 5.021 5.997 7.388 9.015 10.718
0.000 0.000 0.000 0.000 0.000 0.000 0.000 0.000 0.000 0.000 0.000 0.000 0.000 0.000 0.000 0.000 0.000 0.000 0.000 0.000 0.000 0.000 0.001 0.001 0.004 0.010 0.027 0.069 0.163 0.346 0.574 0.687 0.705 0.684 0.625 0.550 0.483 0.430 0.384 0.341 0.302 0.266 0.227 0.195 0.177 0.161 0.145 0.138 0.153 0.176 0.194 0.209 0.228 0.268 0.340 0.473 0.732 1.275 2.243 3.179 3.672 3.863 3.908 3.883 3.792 3.634 3.400 3.111 2.905 2.837 2.879 3.099 3.602 4.446 5.636 7.084 8.625
0.000 0.000 0.000 0.000 0.000 0.000 0.000 0.000 0.000 0.000 0.000 0.000 0.000 0.000 0.000 0.000 0.000 0.000 0.000 0.000 0.000 0.000 0.000 0.001 0.001 0.004 0.011 0.029 0.077 0.197 0.407 0.547 0.581 0.568 0.526 0.464 0.393 0.325 0.264 0.208 0.164 0.131 0.104 0.081 0.066 0.055 0.044 0.036 0.034 0.037 0.042 0.050 0.063 0.091 0.147 0.241 0.408 0.713 1.253 1.801 2.092 2.189 2.207 2.181 2.115 2.020 1.901 1.794 1.745 1.753 1.824 2.030 2.436 3.085 4.002 5.182 6.560
0.000 0.000 0.000 0.000 0.000 0.000 0.000 0.000 0.000 0.000 0.000 0.000 0.000 0.000 0.000 0.000 0.000 0.000 0.000 0.000 0.000 0.000 0.000 0.001 0.001 0.003 0.007 0.017 0.038 0.088 0.194 0.290 0.326 0.328 0.308 0.272 0.228 0.178 0.134 0.099 0.074 0.056 0.042 0.031 0.023 0.018 0.013 0.010 0.009 0.009 0.010 0.013 0.019 0.033 0.063 0.120 0.220 0.393 0.682 0.970 1.128 1.191 1.207 1.202 1.172 1.123 1.065 1.028 1.022 1.038 1.097 1.243 1.526 1.991 2.669 3.589 4.748
0.000 0.000 0.000 0.000 0.000 0.000 0.000 0.000 0.000 0.000 0.000 0.000 0.000 0.000 0.000 0.000 0.000 0.000 0.000 0.000 0.000 0.000 0.000 0.001 0.002 0.003 0.008 0.018 0.034 0.060 0.100 0.132 0.140 0.134 0.119 0.102 0.088 0.072 0.055 0.041 0.029 0.021 0.015 0.011 0.007 0.005 0.004 0.003 0.003 0.003 0.004 0.006 0.009 0.016 0.031 0.061 0.117 0.215 0.370 0.517 0.602 0.642 0.656 0.658 0.649 0.626 0.597 0.581 0.582 0.595 0.632 0.712 0.875 1.176 1.648 2.299 3.123
0.000 0.000 0.000 0.000 0.000 0.000 0.000 0.000 0.000 0.000 0.000 0.000 0.000 0.000 0.000 0.000 0.000 0.000 0.000 0.000 0.000 0.000 0.001 0.001 0.003 0.006 0.012 0.023 0.038 0.054 0.066 0.068 0.061 0.049 0.039 0.033 0.028 0.024 0.019 0.014 0.010 0.007 0.005 0.003 0.002 0.002 0.001 0.001 0.001 0.002 0.003 0.004 0.006 0.010 0.017 0.032 0.061 0.114 0.197 0.276 0.322 0.345 0.355 0.359 0.356 0.346 0.331 0.324 0.325 0.332 0.352 0.389 0.466 0.624 0.905 1.300 1.747
0.000 0.000 0.000 0.000 0.000 0.000 0.000 0.000 0.000 0.000 0.000 0.000 0.000 0.000 0.000 0.000 0.000 0.000 0.000 0.000 0.000 0.000 0.001 0.002 0.004 0.008 0.015 0.025 0.038 0.045 0.044 0.037 0.027 0.018 0.013 0.010 0.008 0.007 0.006 0.004 0.003 0.002 0.001 0.001 0.001 0.001 0.001 0.001 0.001 0.002 0.002 0.003 0.004 0.007 0.011 0.018 0.032 0.057 0.100 0.142 0.169 0.183 0.191 0.193 0.192 0.186 0.179 0.177 0.177 0.181 0.190 0.205 0.233 0.295 0.418 0.594 0.746
0.000 0.000 0.000 0.000 0.000 0.000 0.000 0.000 0.000 0.000 0.000 0.000 0.000 0.000 0.000 0.000 0.000 0.000 0.000 0.000 0.000 0.001 0.001 0.002 0.005 0.010 0.017 0.025 0.031 0.030 0.025 0.018 0.011 0.006 0.004 0.003 0.002 0.002 0.001 0.001 0.001 0.001 0.001 0.001 0.001 0.001 0.001 0.001 0.001 0.001 0.002 0.002 0.003 0.004 0.007 0.010 0.017 0.029 0.048 0.069 0.084 0.093 0.098 0.100 0.099 0.096 0.093 0.093 0.094 0.096 0.099 0.103 0.110 0.127 0.164 0.214 0.238
0.000 0.000 0.000 0.000 0.000 0.000 0.000 0.000 0.000 0.000 0.000 0.000 0.000 0.000 0.000 0.000 0.000 0.000 0.000 0.000 0.000 0.001 0.001 0.002 0.006 0.010 0.016 0.020 0.020 0.017 0.012 0.007 0.004 0.002 0.001 0.001 0.001 0.001 0.001 0.001 0.001 0.001 0.001 0.001 0.001 0.001 0.001 0.001 0.001 0.001 0.001 0.002 0.002 0.003 0.004 0.006 0.010 0.015 0.024 0.033 0.040 0.044 0.047 0.048 0.048 0.046 0.046 0.046 0.047 0.049 0.049 0.050 0.051 0.055 0.063 0.072 0.074
0.000 0.000 0.000 0.000 0.000 0.000 0.000 0.000 0.000 0.000 0.000 0.000 0.000 0.000 0.000 0.000 0.000 0.000 0.000 0.000 0.000 0.001 0.001 0.002 0.006 0.010 0.013 0.013 0.012 0.009 0.005 0.003 0.002 0.001 0.001 0.001 0.001 0.001 0.001 0.001 0.001 0.001 0.001 0.001 0.001 0.001 0.001 0.001 0.001 0.001 0.001 0.001 0.001 0.002 0.003 0.004 0.006 0.008 0.012 0.016 0.019 0.021 0.022 0.022 0.022 0.022 0.022 0.022 0.023 0.023 0.024 0.024 0.024 0.025 0.027 0.030 0.030
0.000 0.000 0.000 0.000 0.000 0.000 0.000 0.000 0.000 0.000 0.000 0.000 0.000 0.000 0.000 0.000 0.000 0.000 0.000 0.000 0.000 0.001 0.001 0.002 0.005 0.008 0.008 0.008 0.006 0.004 0.002 0.001 0.001 0.001 0.001 0.001 0.001 0.001 0.001 0.001 0.001 0.001 0.001 0.001 0.001 0.001 0.001 0.001 0.001 0.001 0.001 0.001 0.001 0.001 0.002 0.002 0.003 0.005 0.006 0.008 0.009 0.010 0.010 0.011 0.011 0.011 0.010 0.011 0.011 0.011 0.011 0.012 0.012 0.013 0.014 0.015 0.015
0.000 0.000 0.000 0.000 0.000 0.000 0.000 0.000 0.000 0.000 0.000 0.000 0.000 0.000 0.000 0.000 0.000 0.000 0.000 0.000 0.000 0.001 0.001 0.001 0.003 0.004 0.004 0.004 0.003 0.002 0.001 0.001 0.001 0.001 0.001 0.001 0.001 0.001 0.001 0.001 0.001 0.001 0.001 0.001 0.001 0.001 0.001 0.001 0.001 0.001 0.001 0.001 0.001 0.001 0.001 0.002 0.002 0.003 0.004 0.004 0.005 0.005 0.005 0.005 0.005 0.005 0.005 0.005 0.005 0.006 0.006 0.006 0.006 0.007 0.008 0.008 0.009
0.000 0.000 0.000 0.000 0.000 0.000 0.000 0.000 0.000 0.000 0.000 0.000 0.000 0.000 0.000 0.000 0.000 0.000 0.000 0.000 0.000 0.001 0.001 0.001 0.001 0.001 0.002 0.002 0.001 0.001 0.001 0.001 0.001 0.001 0.001 0.001 0.001 0.001 0.001 0.001 0.001 0.001 0.001 0.001 0.001 0.001 0.001 0.001 0.001 0.001 0.001 0.001 0.001 0.001 0.001 0.001 0.001 0.001 0.002 0.002 0.003 0.003 0.003 0.003 0.003 0.003 0.003 0.003 0.003 0.003 0.003 0.003 0.004 0.004 0.004 0.005 0.005
0.000 0.000 0.000 0.000 0.000 0.000 0.000 0.000 0.000 0.000 0.000 0.000 0.000 0.000 0.000 0.000 0.000 0.000 0.000 0.000 0.000 0.000 0.001 0.001 0.001 0.001 0.001 0.001 0.001 0.001 0.001 0.001 0.001 0.001 0.001 0.001 0.001 0.001 0.001 0.001 0.001 0.001 0.001 0.001 0.001 0.001 0.001 0.001 0.001 0.001 0.001 0.001 0.001 0.001 0.001 0.001 0.001 0.001 0.001 0.001 0.002 0.002 0.002 0.002 0.002 0.002 0.002 0.002 0.002 0.002 0.002 0.002 0.002 0.002 0.003 0.003 0.003
0.000 0.000 0.000 0.000 0.000 0.000 0.000 0.000 0.000 0.000 0.000 0.000 0.000 0.000 0.000 0.000 0.000 0.000 0.000 0.000 0.001 0.001 0.001 0.001 0.001 0.001 0.001 0.001 0.001 0.001 0.001 0.001 0.001 0.001 0.001 0.001 0.001 0.001 0.001 0.001 0.001 0.001 0.001 0.001 0.001 0.001 0.001 0.001 0.001 0.001 0.001 0.001 0.001 0.001 0.001 0.001 0.000 0.000 0.000 0.001 0.001 0.001 0.001 0.001 0.001 0.001 0.001 0.001 0.001 0.001 0.001 0.002 0.002 0.002 0.002 0.002 0.002
0.000 0.000 0.000 0.000 0.000 0.000 0.000 0.000 0.000 0.000 0.000 0.000 0.000 0.000 0.000 0.000 0.000 0.000 0.000 0.000 0.001 0.001 0.001 0.001 0.001 0.001 0.001 0.001 0.001 0.001 0.001 0.001 0.001 0.001 0.001 0.001 0.001 0.001 0.001 0.001 0.001 0.001 0.001 0.001 0.001 0.001 0.000 0.000 0.001 0.001 0.001 0.001 0.001 0.001 0.001 0.001 0.000 0.000 0.000 0.001 0.001 0.001 0.001 0.001 0.001 0.001 0.001 0.001 0.001 0.001 0.001 0.001 0.001 0.001 0.001 0.001 0.001
0.000 0.000 0.000 0.000 0.000 0.000 0.000 0.000 0.000 0.000 0.000 0.000 0.000 0.000 0.000 0.000 0.000 0.000 0.000 0.001 0.001 0.001 0.001 0.001 0.001 0.001 0.001 0.001 0.001 0.001 0.001 0.001 0.001 0.001 0.001 0.001 0.001 0.001 0.001 0.001 0.001 0.001 0.001 0.001 0.001 0.001 0.000 0.000 0.000 0.001 0.001 0.001 0.001 0.001 0.001 0.001 0.000 0.000 0.000 0.000 0.001 0.001 0.001 0.001 0.001 0.001 0.001 0.001 0.001 0.001 0.001 0.001 0.001 0.001 0.001 0.001 0.001
0.000 0.000 0.000 0.000 0.000 0.000 0.000 0.000 0.000 0.000 0.000 0.000 0.000 0.000 0.000 0.000 0.000 0.001 0.001 0.001 0.001 0.001 0.001 0.001 0.001 0.001 0.001 0.001 0.001 0.001 0.001 0.001 0.001 0.001 0.001 0.001 0.001 0.001 0.001 0.001 0.001 0.001 0.001 0.001 0.001 0.001 0.000 0.000 0.000 0.000 0.001 0.001 0.001 0.001 0.001 0.001 0.000 0.000 0.000 0.001 0.001 0.001 0.001 0.001 0.001 0.001 0.001 0.001 0.001 0.001 0.001 0.001 0.001 0.001 0.001 0.001 0.001
0.000 0.000 0.000 0.000 0.000 0.000 0.000 0.000 0.000 0.000 0.000 0.000 0.000 0.000 0.000 0.000 0.000 0.001 0.001 0.001 0.001 0.001 0.001 0.001 0.001 0.001 0.001 0.001 0.001 0.001 0.001 0.001 0.001 0.001 0.001 0.001 0.001 0.001 0.001 0.001 0.001 0.001 0.001 0.001 0.001 0.001 0.000 0.000 0.000 0.000 0.000 0.000 0.001 0.001 0.001 0.001 0.000 0.000 0.000 0.000 0.001 0.001 0.001 0.001 0.001 0.001 0.001 0.001 0.001 0.001 0.001 0.001 0.001 0.001 0.001 0.001 0.001
0.000 0.000 0.000 0.000 0.001 0.000 0.000 0.000 0.000 0.000 0.000 0.000 0.000 0.000 0.000 0.000 0.000 0.001 0.001 0.001 0.001 0.001 0.001 0.001 0.001 0.001 0.001 0.001 0.001 0.001 0.001 0.001 0.001 0.001 0.001 0.001 0.001 0.001 0.001 0.001 0.001 0.001 0.001 0.001 0.001 0.001 0.000 0.000 0.000 0.000 0.000 0.000 0.000 0.000 0.000 0.000 0.000 0.000 0.000 0.000 0.001 0.001 0.001 0.001 0.001 0.001 0.001 0.001 0.001 0.001 0.001 0.001 0.001 0.001 0.001 0.001 0.001
0.000 0.000 0.000 0.000 0.000 0.000 0.000 0.000 0.000 0.000 0.000 0.000 0.000 0.000 0.000 0.000 0.001 0.001 0.001 0.001 0.001 0.001 0.001 0.001 0.001 0.001 0.001 0.001 0.001 0.001 0.001 0.001 0.001 0.001 0.001 0.000 0.001 0.001 0.001 0.001 0.001 0.001 0.001 0.001 0.001 0.001 0.000 0.000 0.000 0.000 0.000 0.000 0.000 0.000 0.000 0.000 0.000 0.000 0.000 0.000 0.001 0.001 0.001 0.001 0.001 0.001 0.001 0.001 0.001 0.001 0.001 0.001 0.001 0.001 0.001 0.001 0.001
0.000 0.000 0.000 0.000 0.000 0.000 0.000 0.000 0.000 0.000 0.000 0.000 0.000 0.000 0.000 0.000 0.001 0.001 0.001 0.001 0.001 0.001 0.001 0.001 0.001 0.001 0.001 0.001 0.001 0.001 0.001 0.001 0.001 0.001 0.000 0.000 0.000 0.000 0.001 0.001 0.001 0.001 0.001 0.001 0.001 0.001 0.001 0.000 0.000 0.000 0.000 0.000 0.000 0.000 0.000 0.000 0.000 0.000 0.000 0.001 0.001 0.001 0.001 0.001 0.001 0.001 0.001 0.001 0.001 0.001 0.001 0.001 0.001 0.000 0.000 0.000 0.000
0.000 0.000 0.000 0.000 0.000 0.000 0.000 0.000 0.000 0.000 0.000 0.000 0.000 0.000 0.000 0.001 0.001 0.001 0.001 0.001 0.001 0.001 0.001 0.001 0.001 0.001 0.001 0.001 0.001 0.001 0.001 0.001 0.001 0.001 0.001 0.000 0.000 0.000 0.000 0.001 0.001 0.001 0.001 0.001 0.001 0.001 0.001 0.001 0.000 0.000 0.000 0.000 0.000 0.000 0.000 0.000 0.000 0.000 0.000 0.000 0.001 0.001 0.001 0.001 0.001 0.001 0.001 0.001 0.001 0.001 0.001 0.000 0.000 0.000 0.000 0.000 0.000
