RESULTS/r.avaflow_results/21_results/21_ascii/21_hflow1_fin.asc
ncols 506
nrows 317
xllcenter 498237.50
yllcenter 5580050.00
cellsize 12.50
NODATA_value -9999.000
[rows 170 to 203 of 317, columns 77 to 153 of 506]
0.000 0.000 0.000 0.000 0.000 0.000 0.000 0.000 0.000 0.000 0.000 0.000 0.000 0.000 0.000 0.000 0.000 0.000 0.000 0.000 0.000 0.000 0.001 0.001 0.002 0.002 0.002 0.002 0.002 0.002 0.002 0.002 0.001 0.001 0.001 0.001 0.001 0.000 0.000 0.000 0.000 0.001 0.001 0.001 0.002 0.003 0.005 0.007 0.012 0.021 0.041 0.084 0.170 0.315 0.513 0.717 0.916 1.122 1.312 1.448 1.525 1.554 1.555 1.536 1.490 1.417 1.321 1.207 1.079 0.947 0.826 0.720 0.628 0.549 0.482 0.424 0.376
0.000 0.000 0.000 0.000 0.000 0.000 0.000 0.000 0.000 0.000 0.000 0.000 0.000 0.000 0.000 0.000 0.000 0.000 0.000 0.000 0.000 0.001 0.002 0.002 0.003 0.003 0.004 0.004 0.004 0.003 0.003 0.003 0.003 0.002 0.002 0.001 0.001 0.001 0.001 0.001 0.001 0.001 0.002 0.002 0.003 0.005 0.009 0.014 0.026 0.049 0.100 0.198 0.360 0.568 0.772 0.950 1.126 1.298 1.436 1.521 1.559 1.567 1.562 1.538 1.490 1.418 1.321 1.204 1.069 0.936 0.819 0.717 0.631 0.557 0.494 0.441 0.395
0.000 0.000 0.000 0.000 0.000 0.000 0.000 0.000 0.000 0.000 0.000 0.000 0.000 0.000 0.000 0.000 0.000 0.000 0.000 0.000 0.001 0.002 0.003 0.004 0.005 0.005 0.005 0.005 0.005 0.005 0.005 0.004 0.004 0.003 0.003 0.002 0.002 0.002 0.002 0.002 0.002 0.002 0.003 0.004 0.006 0.010 0.017 0.030 0.058 0.118 0.231 0.409 0.608 0.782 0.925 1.064 1.218 1.367 1.473 1.533 1.557 1.560 1.553 1.529 1.482 1.411 1.315 1.197 1.060 0.928 0.815 0.717 0.634 0.563 0.502 0.450 0.405
0.000 0.000 0.000 0.000 0.000 0.000 0.000 0.000 0.000 0.000 0.000 0.000 0.000 0.000 0.000 0.000 0.000 0.000 0.000 0.001 0.002 0.004 0.005 0.007 0.007 0.007 0.007 0.007 0.007 0.007 0.007 0.006 0.005 0.004 0.004 0.004 0.003 0.003 0.003 0.003 0.003 0.004 0.005 0.006 0.010 0.018 0.034 0.067 0.135 0.262 0.460 0.659 0.804 0.909 1.002 1.106 1.241 1.379 1.472 1.519 1.535 1.537 1.529 1.506 1.462 1.394 1.301 1.185 1.051 0.923 0.812 0.717 0.635 0.565 0.506 0.455 0.409
0.000 0.000 0.000 0.000 0.000 0.000 0.000 0.000 0.000 0.000 0.000 0.000 0.000 0.000 0.000 0.000 0.000 0.000 0.001 0.002 0.004 0.006 0.008 0.009 0.010 0.010 0.010 0.010 0.010 0.010 0.009 0.008 0.007 0.006 0.005 0.005 0.004 0.004 0.005 0.005 0.005 0.006 0.007 0.011 0.019 0.037 0.073 0.145 0.278 0.482 0.686 0.822 0.906 0.970 1.035 1.116 1.237 1.370 1.453 1.487 1.497 1.498 1.491 1.469 1.427 1.364 1.277 1.168 1.040 0.916 0.808 0.715 0.635 0.566 0.507 0.456 0.410
0.000 0.000 0.000 0.000 0.000 0.000 0.000 0.000 0.000 0.000 0.000 0.000 0.000 0.000 0.000 0.000 0.000 0.001 0.002 0.003 0.006 0.008 0.010 0.011 0.012 0.012 0.012 0.012 0.012 0.012 0.011 0.010 0.008 0.007 0.006 0.005 0.005 0.005 0.005 0.006 0.007 0.008 0.012 0.019 0.037 0.074 0.147 0.277 0.471 0.671 0.810 0.893 0.945 0.993 1.046 1.113 1.212 1.335 1.411 1.441 1.446 1.445 1.438 1.417 1.380 1.322 1.244 1.144 1.026 0.907 0.802 0.711 0.633 0.566 0.507 0.456 0.410
0.000 0.000 0.000 0.000 0.000 0.000 0.000 0.000 0.000 0.000 0.000 0.000 0.000 0.000 0.000 0.000 0.000 0.001 0.002 0.004 0.007 0.010 0.012 0.013 0.014 0.015 0.015 0.015 0.015 0.014 0.013 0.012 0.010 0.008 0.006 0.006 0.006 0.006 0.006 0.007 0.008 0.011 0.018 0.034 0.069 0.138 0.261 0.438 0.625 0.768 0.858 0.913 0.957 1.000 1.047 1.100 1.168 1.272 1.351 1.382 1.386 1.383 1.374 1.354 1.320 1.270 1.200 1.111 1.004 0.890 0.790 0.702 0.627 0.562 0.505 0.454 0.407
0.000 0.000 0.000 0.000 0.000 0.000 0.000 0.000 0.000 0.000 0.000 0.000 0.000 0.000 0.000 0.000 0.000 0.001 0.002 0.005 0.008 0.011 0.014 0.015 0.016 0.017 0.017 0.017 0.016 0.016 0.015 0.013 0.011 0.009 0.007 0.006 0.006 0.006 0.006 0.007 0.010 0.015 0.028 0.057 0.118 0.228 0.386 0.558 0.701 0.802 0.869 0.917 0.960 1.001 1.040 1.078 1.121 1.196 1.277 1.312 1.317 1.313 1.303 1.283 1.251 1.205 1.143 1.064 0.969 0.863 0.768 0.686 0.615 0.552 0.498 0.448 0.403
0.000 0.000 0.000 0.000 0.000 0.000 0.000 0.000 0.000 0.000 0.000 0.000 0.000 0.000 0.000 0.000 0.000 0.001 0.002 0.005 0.009 0.012 0.015 0.017 0.018 0.018 0.018 0.018 0.018 0.018 0.016 0.015 0.012 0.009 0.007 0.006 0.006 0.006 0.006 0.007 0.011 0.019 0.039 0.084 0.172 0.307 0.472 0.616 0.726 0.808 0.869 0.919 0.960 0.996 1.027 1.054 1.083 1.136 1.202 1.233 1.238 1.234 1.225 1.205 1.174 1.131 1.074 1.004 0.919 0.824 0.737 0.661 0.595 0.537 0.486 0.439 0.397
0.000 0.000 0.000 0.000 0.000 0.000 0.000 0.000 0.000 0.000 0.000 0.000 0.000 0.000 0.000 0.000 0.000 0.001 0.002 0.005 0.009 0.013 0.016 0.018 0.019 0.020 0.020 0.020 0.020 0.019 0.018 0.016 0.013 0.010 0.008 0.006 0.006 0.006 0.006 0.007 0.011 0.020 0.045 0.103 0.209 0.360 0.514 0.634 0.729 0.806 0.868 0.918 0.957 0.987 1.010 1.030 1.051 1.087 1.132 1.151 1.153 1.149 1.139 1.120 1.089 1.048 0.995 0.931 0.856 0.772 0.695 0.628 0.569 0.517 0.470 0.428 0.389
0.000 0.000 0.000 0.000 0.000 0.000 0.000 0.000 0.000 0.000 0.000 0.000 0.000 0.000 0.000 0.000 0.000 0.001 0.002 0.005 0.008 0.013 0.017 0.019 0.020 0.021 0.021 0.021 0.021 0.020 0.019 0.017 0.014 0.011 0.008 0.007 0.006 0.006 0.006 0.007 0.011 0.021 0.048 0.113 0.230 0.388 0.525 0.633 0.723 0.800 0.863 0.912 0.948 0.973 0.991 1.005 1.020 1.042 1.068 1.077 1.077 1.069 1.054 1.029 0.997 0.956 0.906 0.847 0.780 0.710 0.645 0.588 0.538 0.493 0.452 0.414 0.380
0.000 0.000 0.000 0.000 0.000 0.000 0.000 0.000 0.000 0.000 0.000 0.000 0.000 0.000 0.000 0.000 0.000 0.001 0.002 0.004 0.007 0.012 0.017 0.020 0.021 0.022 0.022 0.022 0.021 0.021 0.020 0.018 0.015 0.012 0.009 0.007 0.006 0.006 0.006 0.007 0.010 0.020 0.048 0.114 0.236 0.397 0.524 0.622 0.708 0.784 0.849 0.899 0.935 0.957 0.971 0.980 0.989 1.000 1.011 1.014 1.009 0.997 0.975 0.944 0.906 0.860 0.809 0.753 0.695 0.640 0.589 0.544 0.503 0.466 0.431 0.399 0.370
0.000 0.000 0.000 0.000 0.000 0.000 0.000 0.000 0.000 0.000 0.000 0.000 0.000 0.000 0.000 0.000 0.000 0.000 0.001 0.002 0.005 0.010 0.016 0.020 0.022 0.022 0.022 0.022 0.022 0.021 0.020 0.018 0.016 0.013 0.009 0.007 0.006 0.006 0.006 0.007 0.010 0.019 0.045 0.110 0.233 0.393 0.512 0.599 0.677 0.751 0.818 0.876 0.916 0.940 0.951 0.955 0.958 0.960 0.960 0.957 0.947 0.929 0.902 0.867 0.824 0.775 0.720 0.664 0.613 0.569 0.530 0.496 0.465 0.436 0.408 0.383 0.359
0.000 0.000 0.000 0.000 0.000 0.000 0.000 0.000 0.000 0.000 0.000 0.000 0.000 0.000 0.000 0.000 0.000 0.000 0.000 0.001 0.003 0.007 0.014 0.019 0.022 0.022 0.022 0.022 0.022 0.022 0.021 0.019 0.017 0.014 0.010 0.008 0.006 0.006 0.006 0.006 0.008 0.016 0.039 0.098 0.211 0.367 0.482 0.560 0.627 0.693 0.759 0.823 0.877 0.912 0.927 0.929 0.926 0.921 0.913 0.903 0.888 0.866 0.836 0.798 0.753 0.701 0.643 0.587 0.539 0.500 0.469 0.444 0.423 0.403 0.383 0.364 0.346
0.000 0.000 0.000 0.000 0.000 0.000 0.000 0.000 0.000 0.000 0.000 0.000 0.000 0.000 0.000 0.000 0.000 0.000 0.000 0.001 0.001 0.004 0.010 0.017 0.021 0.022 0.022 0.022 0.022 0.022 0.021 0.020 0.018 0.015 0.011 0.008 0.007 0.006 0.006 0.006 0.007 0.013 0.029 0.073 0.166 0.306 0.423 0.498 0.552 0.602 0.653 0.710 0.772 0.834 0.875 0.891 0.889 0.880 0.867 0.852 0.832 0.806 0.774 0.735 0.689 0.636 0.576 0.518 0.470 0.432 0.405 0.387 0.375 0.365 0.354 0.344 0.332
0.000 0.000 0.000 0.000 0.000 0.000 0.000 0.000 0.000 0.000 0.000 0.000 0.000 0.000 0.000 0.000 0.000 0.000 0.000 0.000 0.001 0.002 0.006 0.013 0.019 0.022 0.022 0.022 0.022 0.022 0.021 0.020 0.018 0.016 0.013 0.009 0.007 0.006 0.006 0.006 0.006 0.009 0.018 0.043 0.102 0.211 0.325 0.397 0.436 0.462 0.485 0.515 0.568 0.649 0.740 0.806 0.832 0.831 0.819 0.800 0.776 0.748 0.714 0.675 0.629 0.577 0.516 0.455 0.405 0.365 0.338 0.322 0.316 0.314 0.314 0.312 0.309
0.000 0.000 0.000 0.000 0.000 0.000 0.000 0.000 0.000 0.000 0.000 0.000 0.000 0.000 0.000 0.000 0.000 0.000 0.000 0.000 0.001 0.001 0.003 0.008 0.015 0.020 0.021 0.022 0.022 0.022 0.021 0.020 0.019 0.017 0.014 0.011 0.008 0.007 0.006 0.006 0.006 0.008 0.012 0.025 0.056 0.120 0.203 0.258 0.283 0.293 0.296 0.301 0.322 0.380 0.494 0.630 0.723 0.757 0.759 0.745 0.721 0.690 0.656 0.617 0.572 0.520 0.459 0.396 0.342 0.299 0.267 0.247 0.240 0.241 0.247 0.253 0.254
0.000 0.000 0.000 0.000 0.000 0.000 0.000 0.000 0.000 0.000 0.000 0.000 0.000 0.000 0.000 0.000 0.000 0.000 0.000 0.000 0.000 0.001 0.001 0.004 0.010 0.016 0.020 0.021 0.021 0.021 0.021 0.020 0.019 0.018 0.016 0.013 0.010 0.008 0.007 0.006 0.006 0.007 0.010 0.016 0.031 0.064 0.115 0.151 0.168 0.171 0.169 0.165 0.168 0.190 0.254 0.381 0.529 0.627 0.664 0.669 0.656 0.630 0.597 0.560 0.516 0.464 0.403 0.337 0.281 0.233 0.195 0.168 0.153 0.148 0.151 0.154 0.152
0.000 0.000 0.000 0.000 0.000 0.000 0.000 0.000 0.000 0.000 0.000 0.000 0.000 0.000 0.000 0.000 0.000 0.000 0.000 0.000 0.000 0.000 0.001 0.002 0.005 0.011 0.017 0.020 0.021 0.021 0.021 0.020 0.020 0.018 0.016 0.014 0.011 0.009 0.008 0.007 0.007 0.007 0.008 0.012 0.020 0.037 0.065 0.088 0.099 0.101 0.100 0.095 0.093 0.097 0.122 0.185 0.297 0.422 0.506 0.543 0.552 0.543 0.523 0.494 0.454 0.403 0.342 0.275 0.217 0.168 0.130 0.103 0.086 0.077 0.073 0.069 0.065
0.000 0.000 0.000 0.000 0.000 0.000 0.000 0.000 0.000 0.000 0.000 0.000 0.000 0.000 0.000 0.000 0.000 0.000 0.000 0.000 0.000 0.000 0.000 0.001 0.002 0.006 0.012 0.017 0.019 0.020 0.020 0.020 0.020 0.019 0.017 0.015 0.012 0.010 0.008 0.007 0.007 0.007 0.008 0.010 0.015 0.024 0.040 0.055 0.063 0.065 0.064 0.061 0.057 0.057 0.063 0.086 0.138 0.220 0.298 0.350 0.379 0.391 0.391 0.380 0.353 0.310 0.255 0.195 0.144 0.104 0.076 0.056 0.043 0.036 0.031 0.028 0.025
0.000 0.000 0.000 0.000 0.000 0.000 0.000 0.000 0.000 0.000 0.000 0.000 0.000 0.000 0.000 0.000 0.000 0.000 0.000 0.000 0.000 0.000 0.000 0.001 0.001 0.003 0.006 0.012 0.016 0.019 0.020 0.020 0.020 0.019 0.017 0.015 0.013 0.010 0.009 0.008 0.007 0.007 0.007 0.009 0.012 0.018 0.028 0.038 0.044 0.046 0.045 0.044 0.040 0.038 0.039 0.045 0.064 0.099 0.144 0.178 0.199 0.209 0.213 0.211 0.201 0.178 0.144 0.107 0.077 0.055 0.038 0.027 0.020 0.016 0.014 0.012 0.010
0.000 0.000 0.000 0.000 0.000 0.000 0.000 0.000 0.000 0.000 0.000 0.000 0.000 0.000 0.000 0.000 0.000 0.000 0.000 0.000 0.000 0.000 0.000 0.000 0.001 0.001 0.003 0.006 0.012 0.016 0.019 0.019 0.019 0.019 0.017 0.015 0.013 0.011 0.009 0.008 0.007 0.007 0.007 0.008 0.010 0.014 0.021 0.028 0.032 0.034 0.034 0.033 0.030 0.028 0.027 0.028 0.033 0.045 0.064 0.080 0.090 0.095 0.096 0.096 0.092 0.083 0.068 0.050 0.035 0.025 0.017 0.012 0.009 0.008 0.006 0.005 0.005
0.000 0.000 0.000 0.000 0.000 0.000 0.000 0.000 0.000 0.000 0.000 0.000 0.000 0.000 0.000 0.000 0.000 0.000 0.000 0.000 0.000 0.000 0.000 0.000 0.000 0.001 0.001 0.003 0.006 0.011 0.016 0.018 0.019 0.018 0.017 0.015 0.013 0.011 0.009 0.008 0.007 0.007 0.007 0.007 0.008 0.011 0.016 0.021 0.024 0.025 0.026 0.025 0.023 0.021 0.019 0.019 0.020 0.024 0.030 0.036 0.040 0.042 0.042 0.042 0.040 0.036 0.030 0.022 0.016 0.011 0.008 0.006 0.005 0.004 0.003 0.003 0.002
0.000 0.000 0.000 0.000 0.000 0.000 0.000 0.000 0.000 0.000 0.000 0.000 0.000 0.000 0.000 0.000 0.000 0.000 0.000 0.000 0.000 0.000 0.000 0.000 0.000 0.001 0.001 0.001 0.003 0.007 0.011 0.015 0.017 0.017 0.017 0.015 0.013 0.011 0.009 0.008 0.007 0.006 0.006 0.006 0.007 0.009 0.012 0.015 0.018 0.019 0.019 0.019 0.018 0.016 0.014 0.013 0.013 0.014 0.016 0.018 0.019 0.019 0.019 0.019 0.018 0.017 0.014 0.010 0.007 0.005 0.004 0.003 0.003 0.002 0.002 0.002 0.001
0.000 0.000 0.000 0.000 0.000 0.000 0.000 0.000 0.000 0.000 0.000 0.000 0.000 0.000 0.000 0.000 0.000 0.000 0.000 0.000 0.000 0.001 0.001 0.000 0.000 0.000 0.001 0.001 0.001 0.003 0.007 0.011 0.014 0.015 0.015 0.014 0.013 0.011 0.009 0.008 0.006 0.006 0.005 0.005 0.005 0.006 0.008 0.010 0.012 0.013 0.013 0.013 0.012 0.011 0.010 0.009 0.009 0.009 0.009 0.010 0.010 0.010 0.010 0.010 0.009 0.008 0.007 0.005 0.004 0.003 0.002 0.002 0.002 0.001 0.001 0.001 0.001
0.000 0.000 0.000 0.000 0.000 0.000 0.000 0.000 0.000 0.000 0.000 0.000 0.000 0.000 0.000 0.000 0.000 0.000 0.000 0.000 0.001 0.001 0.001 0.001 0.001 0.000 0.000 0.001 0.001 0.002 0.003 0.007 0.010 0.012 0.013 0.013 0.012 0.010 0.009 0.007 0.006 0.005 0.004 0.004 0.004 0.004 0.005 0.006 0.008 0.008 0.009 0.009 0.008 0.007 0.006 0.006 0.006 0.005 0.005 0.006 0.006 0.006 0.006 0.005 0.005 0.005 0.004 0.003 0.002 0.002 0.001 0.001 0.001 0.001 0.001 0.001 0.001
0.000 0.000 0.000 0.000 0.000 0.000 0.000 0.000 0.000 0.000 0.000 0.000 0.000 0.000 0.000 0.000 0.000 0.000 0.000 0.000 0.001 0.001 0.001 0.001 0.001 0.000 0.000 0.000 0.000 0.001 0.002 0.004 0.006 0.009 0.010 0.010 0.010 0.009 0.008 0.007 0.005 0.004 0.003 0.003 0.002 0.002 0.003 0.003 0.004 0.005 0.005 0.005 0.005 0.004 0.004 0.004 0.003 0.003 0.003 0.003 0.003 0.003 0.003 0.003 0.003 0.003 0.002 0.002 0.001 0.001 0.001 0.001 0.001 0.001 0.001 0.001 0.001
0.000 0.000 0.000 0.000 0.000 0.000 0.000 0.000 0.000 0.000 0.000 0.000 0.000 0.000 0.000 0.000 0.000 0.000 0.000 0.001 0.001 0.001 0.001 0.001 0.001 0.001 0.000 0.000 0.000 0.001 0.001 0.002 0.003 0.005 0.007 0.007 0.008 0.008 0.007 0.006 0.005 0.003 0.002 0.002 0.001 0.001 0.001 0.002 0.002 0.002 0.003 0.003 0.002 0.002 0.002 0.002 0.002 0.002 0.002 0.002 0.002 0.002 0.002 0.002 0.002 0.002 0.001 0.001 0.001 0.001 0.001 0.001 0.001 0.001 0.001 0.001 0.001
0.000 0.000 0.000 0.000 0.000 0.000 0.000 0.000 0.000 0.000 0.000 0.000 0.000 0.000 0.000 0.000 0.000 0.001 0.001 0.001 0.001 0.001 0.001 0.001 0.001 0.001 0.001 0.000 0.000 0.000 0.001 0.001 0.002 0.003 0.004 0.004 0.005 0.005 0.005 0.004 0.004 0.002 0.001 0.001 0.001 0.001 0.001 0.001 0.001 0.001 0.001 0.001 0.001 0.001 0.001 0.001 0.001 0.001 0.001 0.001 0.001 0.001 0.001 0.001 0.001 0.001 0.001 0.001 0.001 0.001 0.001 0.001 0.001 0.001 0.001 0.001 0.000
0.000 0.000 0.000 0.000 0.000 0.000 0.000 0.000 0.000 0.000 0.000 0.000 0.000 0.000 0.000 0.000 0.000 0.001 0.001 0.001 0.001 0.001 0.001 0.001 0.001 0.001 0.001 0.001 0.000 0.000 0.001 0.001 0.001 0.001 0.002 0.002 0.002 0.002 0.002 0.002 0.002 0.001 0.001 0.001 0.001 0.001 0.001 0.001 0.001 0.001 0.001 0.001 0.001 0.001 0.000 0.001 0.001 0.001 0.001 0.001 0.001 0.001 0.001 0.001 0.001 0.001 0.001 0.001 0.001 0.001 0.001 0.001 0.001 0.000 0.000 0.000 0.000
0.000 0.000 0.000 0.000 0.001 0.000 0.000 0.000 0.000 0.000 0.000 0.000 0.000 0.000 0.000 0.000 0.000 0.001 0.001 0.001 0.001 0.001 0.001 0.001 0.001 0.001 0.001 0.001 0.001 0.001 0.001 0.001 0.001 0.001 0.001 0.001 0.001 0.001 0.001 0.001 0.001 0.001 0.001 0.001 0.001 0.000 0.000 0.000 0.000 0.000 0.000 0.000 0.000 0.000 0.000 0.000 0.000 0.000 0.001 0.001 0.001 0.001 0.001 0.001 0.001 0.001 0.001 0.001 0.001 0.001 0.001 0.001 0.000 0.000 0.000 0.000 0.000
0.000 0.000 0.000 0.000 0.000 0.000 0.000 0.000 0.000 0.000 0.000 0.000 0.000 0.000 0.000 0.000 0.001 0.001 0.001 0.001 0.001 0.001 0.001 0.001 0.001 0.001 0.001 0.001 0.001 0.001 0.001 0.001 0.001 0.001 0.001 0.001 0.001 0.001 0.001 0.001 0.001 0.001 0.001 0.001 0.001 0.001 0.000 0.000 0.000 0.000 0.000 0.000 0.000 0.000 0.000 0.000 0.000 0.000 0.001 0.001 0.001 0.001 0.001 0.001 0.001 0.001 0.001 0.001 0.001 0.001 0.001 0.001 0.000 0.000 0.000 0.000 0.000
0.000 0.000 0.000 0.000 0.000 0.000 0.000 0.000 0.000 0.000 0.000 0.000 0.000 0.000 0.000 0.000 0.001 0.001 0.001 0.001 0.001 0.001 0.001 0.001 0.001 0.001 0.001 0.001 0.001 0.001 0.001 0.001 0.001 0.001 0.000 0.000 0.000 0.000 0.001 0.001 0.001 0.001 0.001 0.001 0.001 0.001 0.001 0.000 0.000 0.000 0.000 0.000 0.000 0.000 0.000 0.000 0.000 0.000 0.000 0.001 0.001 0.001 0.001 0.001 0.001 0.001 0.001 0.001 0.001 0.001 0.001 0.001 0.001 0.000 0.000 0.000 0.000
0.000 0.000 0.000 0.000 0.000 0.000 0.000 0.000 0.000 0.000 0.000 0.000 0.000 0.000 0.000 0.001 0.001 0.001 0.001 0.001 0.001 0.001 0.001 0.001 0.001 0.001 0.001 0.001 0.001 0.001 0.001 0.001 0.001 0.001 0.001 0.000 0.000 0.000 0.000 0.001 0.001 0.001 0.001 0.001 0.001 0.001 0.001 0.001 0.000 0.000 0.000 0.000 0.000 0.000 0.000 0.000 0.000 0.000 0.000 0.000 0.001 0.001 0.001 0.001 0.001 0.001 0.001 0.001 0.001 0.001 0.001 0.000 0.000 0.000 0.000 0.000 0.000
