RESULTS/r.avaflow_results/21_results/21_ascii/21_hflow10010.asc
ncols 506
nrows 317
xllcenter 498237.50
yllcenter 5580050.00
cellsize 12.50
NODATA_value -9999.000
[rows 170 to 203 of 317, columns 77 to 153 of 506]
0.000 0.000 0.000 0.000 0.000 0.000 0.000 0.000 0.000 0.000 0.000 0.000 0.000 0.000 0.000 0.000 0.000 0.000 0.000 0.000 0.000 0.000 0.000 0.000 0.000 0.000 0.001 0.001 0.003 0.004 0.006 0.007 0.008 0.009 0.009 0.011 0.013 0.017 0.024 0.035 0.050 0.062 0.072 0.082 0.095 0.117 0.146 0.177 0.206 0.232 0.257 0.281 0.309 0.375 0.553 0.931 1.629 2.558 3.246 3.462 3.299 2.640 1.656 0.925 0.492 0.260 0.143 0.087 0.062 0.051 0.046 0.041 0.037 0.031 0.026 0.021 0.017
0.000 0.000 0.000 0.000 0.000 0.000 0.000 0.000 0.000 0.000 0.000 0.000 0.000 0.000 0.000 0.000 0.000 0.000 0.000 0.000 0.000 0.000 0.000 0.000 0.000 0.001 0.002 0.004 0.006 0.009 0.012 0.014 0.016 0.017 0.019 0.022 0.027 0.035 0.049 0.070 0.097 0.119 0.139 0.160 0.189 0.232 0.289 0.356 0.430 0.496 0.553 0.609 0.689 0.865 1.246 1.932 2.856 3.580 3.904 3.898 3.490 2.563 1.549 0.874 0.479 0.267 0.162 0.112 0.090 0.080 0.074 0.068 0.060 0.051 0.042 0.034 0.028
0.000 0.000 0.000 0.000 0.000 0.000 0.000 0.000 0.000 0.000 0.000 0.000 0.000 0.000 0.000 0.000 0.000 0.000 0.000 0.000 0.000 0.000 0.000 0.000 0.001 0.002 0.004 0.007 0.012 0.017 0.023 0.027 0.030 0.032 0.035 0.042 0.052 0.070 0.096 0.133 0.178 0.223 0.265 0.312 0.373 0.458 0.565 0.696 0.854 0.991 1.109 1.226 1.407 1.709 2.138 2.747 3.508 3.966 4.097 3.973 3.346 2.246 1.324 0.755 0.436 0.271 0.190 0.152 0.134 0.124 0.117 0.108 0.096 0.081 0.066 0.055 0.045
0.000 0.000 0.000 0.000 0.000 0.000 0.000 0.000 0.000 0.000 0.000 0.000 0.000 0.000 0.000 0.000 0.000 0.000 0.000 0.000 0.000 0.000 0.000 0.000 0.001 0.004 0.007 0.012 0.020 0.030 0.040 0.048 0.053 0.057 0.063 0.074 0.093 0.123 0.167 0.228 0.307 0.398 0.491 0.586 0.699 0.843 1.026 1.266 1.516 1.729 1.931 2.161 2.406 2.621 2.815 3.102 3.604 3.940 4.009 3.709 2.787 1.694 0.985 0.594 0.392 0.288 0.237 0.214 0.201 0.192 0.182 0.169 0.150 0.125 0.103 0.085 0.070
0.000 0.000 0.000 0.000 0.000 0.000 0.000 0.000 0.000 0.000 0.000 0.000 0.000 0.000 0.000 0.000 0.000 0.000 0.000 0.000 0.000 0.000 0.000 0.001 0.003 0.006 0.012 0.020 0.032 0.048 0.068 0.081 0.089 0.096 0.106 0.124 0.154 0.199 0.263 0.351 0.470 0.609 0.747 0.892 1.061 1.283 1.581 1.931 2.226 2.449 2.669 2.920 3.097 3.155 3.110 3.142 3.370 3.531 3.449 2.856 1.859 1.115 0.713 0.503 0.392 0.338 0.317 0.308 0.300 0.291 0.278 0.256 0.225 0.187 0.155 0.129 0.107
0.000 0.000 0.000 0.000 0.000 0.000 0.000 0.000 0.000 0.000 0.000 0.000 0.000 0.000 0.000 0.000 0.000 0.000 0.000 0.000 0.000 0.000 0.000 0.001 0.004 0.009 0.017 0.030 0.049 0.078 0.113 0.137 0.151 0.161 0.176 0.203 0.246 0.306 0.389 0.500 0.631 0.770 0.925 1.104 1.323 1.625 2.027 2.422 2.730 2.933 3.102 3.268 3.337 3.298 3.128 2.890 2.719 2.586 2.299 1.705 1.105 0.756 0.569 0.474 0.434 0.427 0.427 0.421 0.412 0.401 0.385 0.358 0.320 0.272 0.228 0.191 0.159
0.000 0.000 0.000 0.000 0.000 0.000 0.000 0.000 0.000 0.000 0.000 0.000 0.000 0.000 0.000 0.000 0.000 0.000 0.000 0.000 0.000 0.000 0.001 0.002 0.006 0.013 0.025 0.044 0.076 0.126 0.191 0.234 0.257 0.273 0.295 0.331 0.387 0.462 0.554 0.653 0.754 0.868 1.017 1.217 1.478 1.843 2.300 2.678 2.963 3.132 3.227 3.290 3.270 3.133 2.811 2.238 1.751 1.489 1.259 0.953 0.716 0.587 0.524 0.500 0.503 0.508 0.505 0.496 0.487 0.476 0.458 0.431 0.395 0.353 0.311 0.270 0.230
0.000 0.000 0.000 0.000 0.000 0.000 0.000 0.000 0.000 0.000 0.000 0.000 0.000 0.000 0.000 0.000 0.000 0.000 0.000 0.000 0.000 0.000 0.001 0.003 0.007 0.016 0.033 0.065 0.120 0.209 0.329 0.408 0.445 0.469 0.498 0.541 0.597 0.655 0.709 0.760 0.815 0.896 1.031 1.234 1.512 1.894 2.356 2.711 2.957 3.078 3.100 3.025 2.825 2.490 1.986 1.357 0.950 0.792 0.689 0.598 0.546 0.526 0.522 0.531 0.541 0.543 0.538 0.532 0.526 0.515 0.496 0.470 0.440 0.408 0.377 0.344 0.308
0.000 0.000 0.000 0.000 0.000 0.000 0.000 0.000 0.000 0.000 0.000 0.000 0.000 0.000 0.000 0.000 0.000 0.000 0.000 0.000 0.000 0.000 0.001 0.003 0.007 0.017 0.037 0.079 0.165 0.322 0.546 0.691 0.751 0.773 0.783 0.780 0.775 0.776 0.784 0.799 0.824 0.882 0.992 1.166 1.418 1.767 2.174 2.466 2.618 2.649 2.566 2.326 1.912 1.454 1.018 0.661 0.472 0.423 0.423 0.446 0.471 0.495 0.518 0.537 0.547 0.548 0.546 0.543 0.538 0.527 0.507 0.483 0.461 0.440 0.418 0.395 0.369
0.000 0.000 0.000 0.000 0.000 0.000 0.000 0.000 0.000 0.000 0.000 0.000 0.000 0.000 0.000 0.000 0.000 0.000 0.000 0.000 0.000 0.000 0.001 0.002 0.006 0.016 0.036 0.080 0.177 0.379 0.705 0.920 0.989 0.989 0.961 0.903 0.845 0.811 0.797 0.798 0.809 0.840 0.908 1.028 1.200 1.441 1.692 1.828 1.830 1.736 1.543 1.248 0.905 0.635 0.426 0.288 0.236 0.247 0.303 0.372 0.423 0.465 0.501 0.526 0.539 0.544 0.544 0.542 0.537 0.526 0.506 0.484 0.467 0.453 0.439 0.425 0.407
0.000 0.000 0.000 0.000 0.000 0.000 0.000 0.000 0.000 0.000 0.000 0.000 0.000 0.000 0.000 0.000 0.000 0.000 0.000 0.000 0.000 0.000 0.000 0.001 0.004 0.011 0.028 0.068 0.160 0.369 0.743 0.991 1.061 1.055 1.012 0.931 0.854 0.809 0.784 0.774 0.774 0.786 0.819 0.893 0.983 1.060 1.072 0.989 0.862 0.723 0.581 0.440 0.313 0.225 0.163 0.130 0.129 0.164 0.244 0.324 0.380 0.427 0.467 0.496 0.514 0.522 0.524 0.524 0.519 0.509 0.491 0.475 0.463 0.454 0.446 0.438 0.426
0.000 0.000 0.000 0.000 0.000 0.000 0.000 0.000 0.000 0.000 0.000 0.000 0.000 0.000 0.000 0.000 0.000 0.000 0.000 0.000 0.000 0.000 0.000 0.001 0.002 0.006 0.018 0.047 0.116 0.299 0.688 0.971 1.049 1.047 1.009 0.930 0.841 0.785 0.750 0.728 0.720 0.725 0.734 0.761 0.774 0.711 0.566 0.400 0.283 0.205 0.151 0.114 0.091 0.076 0.066 0.066 0.079 0.121 0.199 0.278 0.334 0.379 0.416 0.444 0.462 0.471 0.473 0.473 0.470 0.462 0.452 0.445 0.444 0.445 0.443 0.439 0.431
0.000 0.000 0.000 0.000 0.000 0.000 0.000 0.000 0.000 0.000 0.000 0.000 0.000 0.000 0.000 0.000 0.000 0.000 0.000 0.000 0.000 0.000 0.000 0.001 0.002 0.006 0.016 0.043 0.103 0.241 0.574 0.878 0.977 0.987 0.964 0.901 0.810 0.739 0.695 0.665 0.644 0.633 0.612 0.560 0.467 0.348 0.225 0.133 0.081 0.053 0.037 0.029 0.028 0.028 0.031 0.037 0.053 0.089 0.156 0.228 0.276 0.313 0.339 0.357 0.368 0.375 0.377 0.378 0.378 0.377 0.378 0.385 0.399 0.416 0.426 0.430 0.428
0.000 0.000 0.000 0.000 0.000 0.000 0.000 0.000 0.000 0.000 0.000 0.000 0.000 0.000 0.000 0.000 0.000 0.000 0.000 0.000 0.000 0.000 0.001 0.001 0.003 0.008 0.022 0.054 0.117 0.226 0.450 0.713 0.825 0.847 0.839 0.803 0.736 0.663 0.608 0.562 0.511 0.445 0.359 0.258 0.171 0.114 0.070 0.039 0.022 0.013 0.009 0.009 0.010 0.012 0.016 0.023 0.036 0.061 0.108 0.162 0.197 0.218 0.231 0.238 0.241 0.244 0.245 0.247 0.250 0.256 0.268 0.291 0.323 0.359 0.387 0.405 0.413
0.000 0.000 0.000 0.000 0.000 0.000 0.000 0.000 0.000 0.000 0.000 0.000 0.000 0.000 0.000 0.000 0.000 0.000 0.000 0.000 0.000 0.000 0.001 0.002 0.006 0.015 0.037 0.083 0.160 0.235 0.329 0.466 0.544 0.568 0.571 0.565 0.544 0.498 0.435 0.359 0.270 0.188 0.126 0.079 0.048 0.029 0.017 0.009 0.005 0.003 0.003 0.003 0.004 0.006 0.009 0.014 0.023 0.039 0.067 0.099 0.121 0.133 0.140 0.143 0.144 0.145 0.146 0.147 0.149 0.155 0.166 0.186 0.221 0.271 0.322 0.359 0.383
0.000 0.000 0.000 0.000 0.000 0.000 0.000 0.000 0.000 0.000 0.000 0.000 0.000 0.000 0.000 0.000 0.000 0.000 0.000 0.000 0.000 0.001 0.001 0.003 0.010 0.025 0.058 0.115 0.188 0.236 0.265 0.283 0.269 0.253 0.249 0.246 0.243 0.230 0.201 0.158 0.107 0.065 0.037 0.021 0.011 0.006 0.003 0.002 0.001 0.001 0.001 0.002 0.002 0.003 0.005 0.008 0.014 0.024 0.040 0.058 0.070 0.077 0.080 0.082 0.082 0.082 0.082 0.083 0.084 0.088 0.096 0.110 0.133 0.173 0.231 0.290 0.333
0.000 0.000 0.000 0.000 0.000 0.000 0.000 0.000 0.000 0.000 0.000 0.000 0.000 0.000 0.000 0.000 0.000 0.000 0.000 0.000 0.001 0.001 0.002 0.006 0.016 0.039 0.082 0.140 0.193 0.219 0.219 0.191 0.144 0.120 0.112 0.109 0.106 0.102 0.091 0.071 0.043 0.022 0.010 0.005 0.002 0.001 0.001 0.001 0.001 0.001 0.001 0.001 0.001 0.002 0.003 0.005 0.008 0.013 0.023 0.033 0.039 0.042 0.044 0.044 0.044 0.044 0.044 0.044 0.045 0.048 0.053 0.060 0.073 0.097 0.139 0.194 0.235
0.000 0.000 0.000 0.000 0.000 0.000 0.000 0.000 0.000 0.000 0.000 0.000 0.000 0.000 0.000 0.000 0.000 0.000 0.000 0.000 0.001 0.002 0.004 0.011 0.026 0.059 0.107 0.149 0.175 0.179 0.155 0.112 0.080 0.067 0.063 0.062 0.060 0.057 0.048 0.034 0.017 0.008 0.003 0.001 0.001 0.001 0.001 0.001 0.001 0.001 0.001 0.001 0.001 0.001 0.002 0.003 0.004 0.007 0.012 0.018 0.021 0.023 0.023 0.023 0.023 0.023 0.023 0.023 0.023 0.025 0.027 0.031 0.038 0.049 0.070 0.095 0.107
0.000 0.000 0.000 0.000 0.000 0.000 0.000 0.000 0.000 0.000 0.000 0.000 0.000 0.000 0.000 0.000 0.000 0.000 0.000 0.001 0.001 0.003 0.008 0.019 0.041 0.079 0.119 0.139 0.140 0.120 0.086 0.060 0.048 0.044 0.043 0.043 0.041 0.038 0.029 0.017 0.008 0.003 0.001 0.001 0.001 0.001 0.001 0.001 0.001 0.001 0.001 0.001 0.001 0.001 0.001 0.002 0.002 0.004 0.006 0.009 0.011 0.012 0.012 0.012 0.012 0.012 0.011 0.011 0.012 0.012 0.014 0.016 0.018 0.022 0.030 0.036 0.036
0.000 0.000 0.000 0.000 0.000 0.000 0.000 0.000 0.000 0.000 0.000 0.000 0.000 0.000 0.000 0.000 0.000 0.000 0.000 0.001 0.002 0.006 0.015 0.032 0.059 0.091 0.114 0.118 0.103 0.071 0.046 0.036 0.032 0.032 0.032 0.032 0.030 0.025 0.017 0.008 0.003 0.001 0.001 0.001 0.001 0.001 0.001 0.001 0.001 0.001 0.001 0.001 0.001 0.001 0.001 0.001 0.001 0.002 0.003 0.004 0.005 0.006 0.006 0.006 0.006 0.006 0.006 0.006 0.006 0.006 0.007 0.008 0.009 0.010 0.012 0.013 0.012
0.000 0.000 0.000 0.000 0.000 0.000 0.000 0.000 0.000 0.000 0.000 0.000 0.000 0.000 0.000 0.000 0.000 0.000 0.001 0.001 0.004 0.011 0.026 0.049 0.073 0.091 0.097 0.089 0.064 0.039 0.028 0.024 0.024 0.025 0.025 0.025 0.022 0.017 0.010 0.004 0.002 0.001 0.001 0.001 0.001 0.001 0.001 0.001 0.001 0.001 0.001 0.001 0.001 0.001 0.001 0.001 0.001 0.001 0.002 0.002 0.002 0.003 0.003 0.003 0.003 0.003 0.003 0.003 0.003 0.003 0.003 0.004 0.004 0.005 0.005 0.005 0.005
0.000 0.000 0.000 0.000 0.000 0.000 0.000 0.000 0.000 0.000 0.000 0.000 0.000 0.000 0.000 0.000 0.000 0.000 0.001 0.002 0.007 0.019 0.040 0.062 0.077 0.084 0.079 0.060 0.036 0.023 0.019 0.018 0.018 0.019 0.019 0.019 0.016 0.011 0.005 0.002 0.001 0.001 0.001 0.001 0.001 0.001 0.001 0.001 0.001 0.001 0.001 0.001 0.001 0.001 0.001 0.001 0.001 0.001 0.001 0.001 0.001 0.001 0.001 0.001 0.001 0.001 0.001 0.001 0.001 0.001 0.002 0.002 0.002 0.002 0.003 0.003 0.003
0.000 0.000 0.000 0.000 0.000 0.000 0.000 0.000 0.000 0.000 0.000 0.000 0.000 0.000 0.000 0.000 0.000 0.000 0.001 0.003 0.011 0.028 0.052 0.067 0.073 0.071 0.058 0.036 0.022 0.016 0.014 0.014 0.014 0.015 0.015 0.014 0.011 0.006 0.003 0.001 0.001 0.001 0.001 0.001 0.001 0.001 0.001 0.001 0.001 0.001 0.001 0.001 0.001 0.001 0.001 0.000 0.000 0.000 0.001 0.001 0.001 0.001 0.001 0.001 0.001 0.001 0.001 0.001 0.001 0.001 0.001 0.001 0.001 0.001 0.001 0.001 0.001
0.000 0.000 0.000 0.000 0.000 0.000 0.000 0.000 0.000 0.000 0.000 0.000 0.000 0.000 0.000 0.000 0.000 0.001 0.002 0.005 0.016 0.037 0.056 0.064 0.064 0.054 0.036 0.021 0.014 0.012 0.011 0.011 0.011 0.012 0.012 0.010 0.007 0.003 0.001 0.001 0.001 0.001 0.001 0.001 0.001 0.001 0.001 0.001 0.001 0.001 0.001 0.001 0.001 0.001 0.001 0.000 0.000 0.000 0.000 0.001 0.001 0.001 0.001 0.001 0.001 0.001 0.001 0.001 0.001 0.001 0.001 0.001 0.001 0.001 0.001 0.001 0.001
0.000 0.000 0.000 0.000 0.000 0.000 0.000 0.000 0.000 0.000 0.000 0.000 0.000 0.000 0.000 0.000 0.000 0.001 0.002 0.007 0.020 0.041 0.054 0.056 0.051 0.036 0.021 0.014 0.011 0.009 0.009 0.009 0.009 0.009 0.009 0.007 0.003 0.001 0.001 0.001 0.001 0.001 0.001 0.001 0.001 0.001 0.001 0.001 0.001 0.001 0.001 0.001 0.001 0.001 0.001 0.001 0.000 0.000 0.000 0.000 0.001 0.001 0.001 0.001 0.001 0.001 0.001 0.001 0.001 0.001 0.001 0.001 0.001 0.001 0.001 0.001 0.001
0.000 0.000 0.000 0.000 0.000 0.000 0.000 0.000 0.000 0.000 0.000 0.000 0.000 0.000 0.000 0.000 0.000 0.001 0.003 0.010 0.024 0.040 0.046 0.044 0.035 0.021 0.013 0.010 0.008 0.008 0.007 0.007 0.007 0.007 0.005 0.003 0.001 0.001 0.001 0.001 0.001 0.001 0.001 0.001 0.001 0.001 0.001 0.001 0.001 0.001 0.001 0.001 0.001 0.001 0.001 0.001 0.000 0.000 0.000 0.000 0.001 0.001 0.001 0.001 0.001 0.001 0.001 0.001 0.001 0.001 0.001 0.001 0.001 0.001 0.001 0.001 0.001
0.000 0.000 0.000 0.000 0.000 0.000 0.000 0.000 0.000 0.000 0.000 0.000 0.000 0.000 0.000 0.000 0.001 0.001 0.004 0.013 0.026 0.034 0.035 0.031 0.021 0.013 0.009 0.007 0.006 0.006 0.005 0.005 0.004 0.003 0.002 0.001 0.001 0.001 0.001 0.001 0.001 0.001 0.001 0.001 0.001 0.001 0.000 0.000 0.000 0.001 0.001 0.001 0.001 0.001 0.001 0.001 0.000 0.000 0.000 0.000 0.001 0.001 0.001 0.001 0.001 0.001 0.001 0.001 0.001 0.001 0.001 0.001 0.001 0.001 0.001 0.001 0.001
0.000 0.000 0.000 0.000 0.000 0.000 0.000 0.000 0.000 0.000 0.000 0.000 0.000 0.000 0.000 0.000 0.001 0.002 0.006 0.015 0.024 0.026 0.025 0.021 0.013 0.008 0.006 0.004 0.003 0.002 0.002 0.001 0.001 0.001 0.001 0.001 0.001 0.001 0.001 0.001 0.001 0.001 0.001 0.001 0.001 0.001 0.000 0.000 0.000 0.000 0.001 0.001 0.001 0.001 0.001 0.001 0.000 0.000 0.000 0.000 0.001 0.001 0.001 0.001 0.001 0.001 0.001 0.001 0.001 0.001 0.001 0.001 0.001 0.001 0.001 0.001 0.000
0.000 0.000 0.000 0.000 0.000 0.000 0.000 0.000 0.000 0.000 0.000 0.000 0.000 0.000 0.000 0.000 0.001 0.003 0.007 0.015 0.020 0.020 0.018 0.012 0.007 0.004 0.002 0.001 0.001 0.001 0.001 0.001 0.001 0.001 0.001 0.001 0.001 0.001 0.001 0.001 0.001 0.001 0.001 0.001 0.001 0.001 0.000 0.000 0.000 0.000 0.000 0.001 0.001 0.001 0.001 0.001 0.000 0.000 0.000 0.000 0.001 0.001 0.001 0.001 0.001 0.001 0.001 0.001 0.001 0.001 0.001 0.001 0.001 0.001 0.001 0.001 0.001
0.000 0.000 0.000 0.000 0.000 0.000 0.000 0.000 0.000 0.000 0.000 0.000 0.000 0.000 0.000 0.000 0.001 0.003 0.008 0.014 0.015 0.014 0.011 0.005 0.002 0.001 0.001 0.001 0.001 0.001 0.001 0.001 0.001 0.001 0.001 0.001 0.001 0.001 0.001 0.001 0.001 0.001 0.001 0.001 0.001 0.001 0.000 0.000 0.000 0.000 0.000 0.000 0.001 0.001 0.001 0.001 0.000 0.000 0.000 0.000 0.001 0.001 0.001 0.001 0.001 0.001 0.001 0.001 0.001 0.001 0.001 0.001 0.001 0.001 0.001 0.001 0.001
0.000 0.000 0.000 0.000 0.001 0.000 0.000 0.000 0.000 0.000 0.000 0.000 0.000 0.000 0.000 0.000 0.001 0.003 0.008 0.010 0.010 0.008 0.004 0.001 0.001 0.001 0.001 0.001 0.001 0.001 0.001 0.001 0.001 0.001 0.001 0.001 0.001 0.001 0.001 0.001 0.001 0.001 0.001 0.001 0.001 0.001 0.000 0.000 0.000 0.000 0.000 0.000 0.000 0.000 0.000 0.000 0.000 0.000 0.000 0.000 0.001 0.001 0.001 0.001 0.001 0.001 0.001 0.001 0.001 0.001 0.001 0.001 0.001 0.001 0.001 0.001 0.001
0.000 0.000 0.000 0.000 0.000 0.000 0.000 0.000 0.000 0.000 0.000 0.000 0.000 0.000 0.000 0.000 0.001 0.002 0.005 0.005 0.005 0.003 0.001 0.001 0.001 0.001 0.001 0.001 0.001 0.001 0.001 0.001 0.001 0.001 0.001 0.000 0.001 0.001 0.001 0.001 0.001 0.001 0.001 0.001 0.001 0.001 0.000 0.000 0.000 0.000 0.000 0.000 0.000 0.000 0.000 0.000 0.000 0.000 0.000 0.000 0.001 0.001 0.001 0.001 0.001 0.001 0.001 0.001 0.001 0.001 0.001 0.001 0.001 0.001 0.001 0.001 0.001
0.000 0.000 0.000 0.000 0.000 0.000 0.000 0.000 0.000 0.000 0.000 0.000 0.000 0.000 0.000 0.000 0.001 0.001 0.001 0.001 0.001 0.001 0.001 0.001 0.001 0.001 0.001 0.001 0.001 0.001 0.001 0.001 0.001 0.001 0.000 0.000 0.000 0.000 0.001 0.001 0.001 0.001 0.001 0.001 0.001 0.001 0.001 0.000 0.000 0.000 0.000 0.000 0.000 0.000 0.000 0.000 0.000 0.000 0.000 0.001 0.001 0.001 0.001 0.001 0.001 0.001 0.001 0.001 0.001 0.001 0.001 0.001 0.001 0.000 0.000 0.000 0.000
0.000 0.000 0.000 0.000 0.000 0.000 0.000 0.000 0.000 0.000 0.000 0.000 0.000 0.000 0.000 0.000 0.001 0.001 0.001 0.001 0.001 0.001 0.001 0.001 0.001 0.001 0.001 0.001 0.001 0.001 0.001 0.001 0.001 0.001 0.001 0.000 0.000 0.000 0.000 0.001 0.001 0.001 0.001 0.001 0.001 0.001 0.001 0.001 0.000 0.000 0.000 0.000 0.000 0.000 0.000 0.000 0.000 0.000 0.000 0.000 0.001 0.001 0.001 0.001 0.001 0.001 0.001 0.001 0.001 0.001 0.001 0.000 0.000 0.000 0.000 0.000 0.000
