RESULTS/r.avaflow_results/21_results/21_ascii/21_hflow0006.asc
ncols 506
nrows 317
xllcenter 498237.50
yllcenter 5580050.00
cellsize 12.50
NODATA_value -9999.000
[rows 170 to 203 of 317, columns 77 to 153 of 506]
0.000 0.000 0.000 0.000 0.000 0.000 0.000 0.000 0.000 0.000 0.000 0.000 0.000 0.000 0.000 0.000 0.000 0.000 0.000 0.000 0.000 0.000 0.000 0.000 0.000 0.000 0.000 0.000 0.000 0.000 0.000 0.000 0.000 0.000 0.000 0.000 0.000 0.000 0.000 0.000 0.000 0.000 0.000 0.000 0.000 0.000 0.000 0.001 0.003 0.007 0.011 0.019 0.036 0.085 0.226 0.585 1.389 2.922 5.308 8.182 10.823 12.921 14.433 15.306 15.592 15.523 15.208 14.726 14.182 13.497 12.533 11.376 10.352 9.629 9.112 8.720 8.439
0.000 0.000 0.000 0.000 0.000 0.000 0.000 0.000 0.000 0.000 0.000 0.000 0.000 0.000 0.000 0.000 0.000 0.000 0.000 0.000 0.000 0.000 0.000 0.000 0.000 0.000 0.000 0.000 0.000 0.000 0.000 0.000 0.000 0.000 0.000 0.000 0.000 0.000 0.000 0.000 0.000 0.000 0.000 0.000 0.000 0.000 0.001 0.002 0.005 0.010 0.017 0.031 0.068 0.181 0.494 1.231 2.613 4.754 7.572 10.447 12.787 14.527 15.638 16.135 16.180 15.960 15.473 14.852 14.200 13.480 12.673 11.962 11.546 11.367 11.317 11.350 11.508
0.000 0.000 0.000 0.000 0.000 0.000 0.000 0.000 0.000 0.000 0.000 0.000 0.000 0.000 0.000 0.000 0.000 0.000 0.000 0.000 0.000 0.000 0.000 0.000 0.000 0.000 0.000 0.000 0.000 0.000 0.000 0.000 0.000 0.000 0.000 0.000 0.000 0.000 0.000 0.000 0.000 0.000 0.000 0.000 0.000 0.000 0.001 0.004 0.008 0.014 0.025 0.049 0.111 0.275 0.687 1.632 3.338 5.805 8.819 11.565 13.708 15.192 16.014 16.291 16.265 16.006 15.521 14.946 14.399 13.900 13.524 13.360 13.343 13.360 13.448 13.783 14.472
0.000 0.000 0.000 0.000 0.000 0.000 0.000 0.000 0.000 0.000 0.000 0.000 0.000 0.000 0.000 0.000 0.000 0.000 0.000 0.000 0.000 0.000 0.000 0.000 0.000 0.000 0.000 0.000 0.000 0.000 0.000 0.000 0.000 0.000 0.000 0.000 0.000 0.000 0.000 0.000 0.000 0.000 0.000 0.000 0.000 0.000 0.002 0.005 0.011 0.020 0.036 0.069 0.146 0.327 0.756 1.736 3.513 6.076 9.158 11.816 13.853 15.225 15.947 16.179 16.157 15.956 15.597 15.282 15.093 14.979 14.872 14.755 14.697 14.705 14.912 15.551 16.702
0.000 0.000 0.000 0.000 0.000 0.000 0.000 0.000 0.000 0.000 0.000 0.000 0.000 0.000 0.000 0.000 0.000 0.000 0.000 0.000 0.000 0.000 0.000 0.000 0.000 0.000 0.000 0.000 0.000 0.000 0.000 0.000 0.000 0.000 0.000 0.000 0.000 0.000 0.000 0.000 0.000 0.000 0.000 0.000 0.000 0.001 0.003 0.007 0.013 0.024 0.044 0.083 0.165 0.344 0.752 1.670 3.374 5.907 9.019 11.646 13.583 14.843 15.523 15.821 15.932 15.952 15.899 15.858 15.826 15.758 15.596 15.400 15.330 15.408 15.811 16.680 18.017
0.000 0.000 0.000 0.000 0.000 0.000 0.000 0.000 0.000 0.000 0.000 0.000 0.000 0.000 0.000 0.000 0.000 0.000 0.000 0.000 0.000 0.000 0.000 0.000 0.000 0.000 0.000 0.000 0.000 0.000 0.000 0.000 0.000 0.000 0.000 0.000 0.000 0.000 0.000 0.000 0.000 0.000 0.000 0.000 0.000 0.001 0.003 0.007 0.015 0.027 0.048 0.089 0.171 0.338 0.685 1.414 2.855 5.229 8.372 11.055 12.897 14.053 14.770 15.275 15.673 15.950 16.067 16.078 16.035 15.922 15.701 15.486 15.428 15.575 16.118 17.086 18.399
0.000 0.000 0.000 0.000 0.000 0.000 0.000 0.000 0.000 0.000 0.000 0.000 0.000 0.000 0.000 0.000 0.000 0.000 0.000 0.000 0.000 0.000 0.000 0.000 0.000 0.000 0.000 0.000 0.000 0.000 0.000 0.000 0.000 0.000 0.000 0.000 0.000 0.000 0.000 0.000 0.000 0.000 0.000 0.000 0.001 0.002 0.005 0.008 0.015 0.028 0.049 0.090 0.166 0.306 0.565 1.081 2.161 4.206 7.295 10.162 12.059 13.225 14.031 14.733 15.363 15.797 15.946 15.928 15.808 15.581 15.249 15.006 14.958 15.180 15.828 16.859 18.163
0.000 0.000 0.000 0.000 0.000 0.000 0.000 0.000 0.000 0.000 0.000 0.000 0.000 0.000 0.000 0.000 0.000 0.000 0.000 0.000 0.000 0.000 0.000 0.000 0.000 0.000 0.000 0.000 0.000 0.000 0.000 0.000 0.000 0.000 0.000 0.000 0.000 0.000 0.000 0.000 0.000 0.000 0.000 0.001 0.004 0.006 0.008 0.012 0.017 0.029 0.050 0.087 0.152 0.270 0.488 0.912 1.797 3.606 6.585 9.557 11.505 12.692 13.533 14.273 14.892 15.239 15.299 15.179 14.899 14.462 13.959 13.641 13.568 13.817 14.582 15.789 17.243
0.000 0.000 0.000 0.000 0.000 0.000 0.000 0.000 0.000 0.000 0.000 0.000 0.000 0.000 0.000 0.000 0.000 0.000 0.000 0.000 0.000 0.000 0.000 0.000 0.000 0.000 0.000 0.000 0.000 0.000 0.000 0.000 0.000 0.000 0.000 0.000 0.000 0.000 0.000 0.000 0.000 0.000 0.001 0.003 0.008 0.013 0.017 0.021 0.024 0.031 0.049 0.082 0.141 0.249 0.454 0.852 1.678 3.390 6.291 9.236 11.140 12.318 13.159 13.824 14.255 14.396 14.334 14.080 13.628 12.990 12.410 12.094 12.052 12.356 13.163 14.402 15.920
0.000 0.000 0.000 0.000 0.000 0.000 0.000 0.000 0.000 0.000 0.000 0.000 0.000 0.000 0.000 0.000 0.000 0.000 0.000 0.000 0.000 0.000 0.000 0.000 0.000 0.000 0.000 0.000 0.000 0.000 0.000 0.000 0.000 0.000 0.000 0.000 0.000 0.000 0.000 0.000 0.001 0.002 0.004 0.007 0.013 0.023 0.031 0.036 0.038 0.039 0.050 0.078 0.132 0.236 0.438 0.834 1.652 3.328 6.153 8.964 10.747 11.879 12.695 13.277 13.575 13.625 13.512 13.177 12.607 11.900 11.390 11.189 11.280 11.755 12.617 13.757 15.066
0.000 0.000 0.000 0.000 0.000 0.000 0.000 0.000 0.000 0.000 0.000 0.000 0.000 0.000 0.000 0.000 0.000 0.000 0.000 0.000 0.000 0.000 0.000 0.000 0.000 0.000 0.000 0.000 0.000 0.000 0.000 0.000 0.000 0.000 0.000 0.000 0.000 0.000 0.001 0.002 0.003 0.004 0.007 0.012 0.019 0.027 0.035 0.043 0.051 0.052 0.054 0.075 0.124 0.225 0.426 0.820 1.618 3.214 5.846 8.375 9.946 10.944 11.649 12.149 12.413 12.471 12.362 12.009 11.406 10.798 10.475 10.443 10.762 11.470 12.443 13.501 14.555
0.000 0.000 0.000 0.000 0.000 0.000 0.000 0.000 0.000 0.000 0.000 0.000 0.000 0.000 0.000 0.000 0.000 0.000 0.000 0.000 0.000 0.000 0.000 0.000 0.001 0.001 0.001 0.001 0.001 0.001 0.001 0.001 0.001 0.001 0.001 0.001 0.002 0.002 0.003 0.004 0.006 0.009 0.013 0.021 0.028 0.032 0.036 0.041 0.049 0.056 0.057 0.071 0.113 0.203 0.386 0.736 1.412 2.711 4.850 6.908 8.169 8.900 9.337 9.606 9.748 9.753 9.623 9.286 8.841 8.561 8.537 8.801 9.497 10.583 11.878 13.051 13.989
0.000 0.000 0.000 0.000 0.000 0.000 0.000 0.000 0.000 0.000 0.000 0.000 0.000 0.000 0.000 0.000 0.000 0.000 0.000 0.000 0.000 0.000 0.001 0.003 0.004 0.004 0.005 0.005 0.004 0.004 0.004 0.004 0.004 0.004 0.005 0.005 0.005 0.006 0.007 0.009 0.012 0.016 0.023 0.031 0.037 0.038 0.039 0.040 0.042 0.048 0.052 0.062 0.092 0.154 0.276 0.495 0.876 1.573 2.788 4.009 4.698 4.980 5.045 4.994 4.916 4.812 4.643 4.388 4.232 4.258 4.456 4.974 5.970 7.470 9.316 11.141 12.541
0.000 0.000 0.000 0.000 0.000 0.000 0.000 0.000 0.000 0.000 0.000 0.000 0.000 0.000 0.000 0.000 0.000 0.000 0.000 0.000 0.001 0.002 0.005 0.011 0.014 0.015 0.015 0.014 0.014 0.013 0.013 0.012 0.012 0.012 0.012 0.013 0.014 0.015 0.017 0.019 0.023 0.029 0.038 0.044 0.047 0.048 0.046 0.043 0.039 0.039 0.042 0.048 0.063 0.089 0.136 0.216 0.340 0.550 0.943 1.356 1.567 1.650 1.662 1.618 1.559 1.493 1.400 1.284 1.238 1.243 1.306 1.511 1.974 2.833 4.316 6.499 8.875
0.000 0.000 0.000 0.000 0.000 0.000 0.000 0.000 0.000 0.000 0.000 0.000 0.000 0.000 0.000 0.000 0.000 0.000 0.000 0.001 0.003 0.007 0.018 0.032 0.038 0.040 0.040 0.038 0.035 0.033 0.031 0.030 0.030 0.029 0.030 0.031 0.032 0.034 0.036 0.038 0.043 0.050 0.059 0.062 0.063 0.062 0.059 0.052 0.040 0.034 0.034 0.037 0.044 0.052 0.065 0.086 0.115 0.158 0.240 0.323 0.361 0.388 0.400 0.393 0.380 0.362 0.333 0.299 0.288 0.288 0.296 0.330 0.418 0.618 1.085 2.046 3.682
0.000 0.000 0.000 0.000 0.000 0.000 0.000 0.000 0.000 0.000 0.000 0.000 0.000 0.000 0.000 0.000 0.000 0.000 0.001 0.003 0.009 0.023 0.051 0.082 0.096 0.099 0.098 0.090 0.080 0.075 0.071 0.067 0.066 0.065 0.066 0.067 0.069 0.070 0.072 0.074 0.077 0.082 0.087 0.088 0.088 0.087 0.081 0.068 0.047 0.033 0.029 0.029 0.031 0.034 0.037 0.040 0.044 0.050 0.061 0.073 0.084 0.103 0.125 0.137 0.141 0.141 0.135 0.126 0.123 0.123 0.126 0.132 0.144 0.169 0.234 0.418 0.877
0.000 0.000 0.000 0.000 0.000 0.000 0.000 0.000 0.000 0.000 0.000 0.000 0.000 0.000 0.000 0.000 0.000 0.001 0.003 0.010 0.026 0.061 0.125 0.184 0.212 0.220 0.219 0.201 0.175 0.160 0.148 0.139 0.134 0.133 0.134 0.136 0.137 0.137 0.135 0.134 0.132 0.130 0.129 0.128 0.127 0.125 0.116 0.093 0.060 0.038 0.027 0.023 0.022 0.023 0.023 0.023 0.023 0.023 0.025 0.031 0.042 0.062 0.087 0.102 0.108 0.108 0.106 0.099 0.093 0.092 0.093 0.098 0.105 0.116 0.133 0.154 0.204
0.000 0.000 0.000 0.000 0.000 0.000 0.000 0.000 0.000 0.000 0.000 0.000 0.000 0.000 0.000 0.000 0.001 0.003 0.009 0.027 0.067 0.149 0.268 0.361 0.409 0.428 0.421 0.354 0.291 0.264 0.252 0.244 0.239 0.241 0.247 0.252 0.252 0.250 0.243 0.231 0.215 0.200 0.190 0.183 0.176 0.166 0.144 0.107 0.068 0.044 0.029 0.022 0.019 0.017 0.017 0.017 0.017 0.018 0.021 0.027 0.040 0.064 0.091 0.105 0.110 0.109 0.104 0.093 0.085 0.081 0.080 0.082 0.089 0.100 0.113 0.122 0.126
0.000 0.000 0.000 0.000 0.000 0.000 0.000 0.000 0.000 0.000 0.000 0.000 0.000 0.000 0.000 0.000 0.002 0.008 0.025 0.067 0.161 0.333 0.508 0.613 0.658 0.645 0.539 0.404 0.328 0.302 0.296 0.299 0.316 0.355 0.385 0.397 0.399 0.390 0.362 0.321 0.284 0.256 0.236 0.221 0.208 0.189 0.156 0.108 0.071 0.050 0.036 0.027 0.021 0.018 0.017 0.017 0.017 0.018 0.022 0.030 0.044 0.070 0.097 0.109 0.111 0.110 0.103 0.089 0.079 0.073 0.071 0.071 0.075 0.085 0.097 0.104 0.107
0.000 0.000 0.000 0.000 0.000 0.000 0.000 0.000 0.000 0.000 0.000 0.000 0.000 0.000 0.000 0.001 0.006 0.020 0.059 0.155 0.361 0.653 0.848 0.918 0.904 0.770 0.555 0.405 0.332 0.307 0.306 0.319 0.364 0.435 0.475 0.490 0.492 0.475 0.426 0.367 0.322 0.289 0.264 0.245 0.228 0.203 0.160 0.105 0.070 0.052 0.041 0.033 0.028 0.025 0.022 0.021 0.021 0.022 0.026 0.034 0.049 0.074 0.097 0.108 0.110 0.108 0.100 0.084 0.073 0.068 0.065 0.064 0.066 0.074 0.086 0.093 0.095
0.000 0.000 0.000 0.000 0.000 0.000 0.000 0.000 0.000 0.000 0.000 0.000 0.000 0.000 0.001 0.004 0.015 0.045 0.128 0.325 0.723 1.096 1.228 1.220 1.084 0.796 0.536 0.391 0.325 0.304 0.304 0.326 0.399 0.495 0.537 0.550 0.549 0.523 0.455 0.387 0.343 0.312 0.289 0.268 0.246 0.213 0.161 0.104 0.069 0.051 0.042 0.036 0.032 0.029 0.027 0.025 0.025 0.026 0.029 0.038 0.055 0.080 0.098 0.107 0.110 0.107 0.095 0.077 0.068 0.064 0.061 0.060 0.060 0.065 0.077 0.084 0.085
0.000 0.000 0.000 0.000 0.000 0.000 0.000 0.000 0.000 0.000 0.000 0.000 0.000 0.001 0.003 0.010 0.032 0.095 0.256 0.633 1.178 1.477 1.517 1.429 1.146 0.755 0.493 0.359 0.308 0.295 0.299 0.331 0.427 0.533 0.573 0.581 0.575 0.542 0.467 0.399 0.358 0.330 0.308 0.286 0.260 0.218 0.156 0.099 0.066 0.050 0.041 0.037 0.033 0.030 0.028 0.027 0.027 0.028 0.033 0.042 0.061 0.089 0.106 0.111 0.112 0.106 0.090 0.073 0.065 0.061 0.059 0.058 0.057 0.061 0.069 0.074 0.075
0.000 0.000 0.000 0.000 0.000 0.000 0.000 0.000 0.000 0.000 0.000 0.000 0.000 0.002 0.007 0.022 0.065 0.183 0.471 1.061 1.562 1.707 1.692 1.516 1.097 0.671 0.434 0.323 0.286 0.280 0.290 0.336 0.453 0.555 0.590 0.595 0.586 0.544 0.464 0.405 0.369 0.343 0.322 0.300 0.269 0.218 0.144 0.089 0.061 0.048 0.041 0.036 0.032 0.030 0.028 0.027 0.028 0.029 0.035 0.046 0.067 0.094 0.110 0.115 0.114 0.107 0.087 0.071 0.064 0.059 0.057 0.056 0.056 0.058 0.064 0.066 0.067
0.000 0.000 0.000 0.000 0.000 0.000 0.000 0.000 0.000 0.000 0.000 0.000 0.001 0.005 0.015 0.044 0.122 0.327 0.805 1.450 1.768 1.823 1.761 1.487 0.953 0.556 0.370 0.295 0.272 0.270 0.285 0.343 0.474 0.569 0.600 0.605 0.592 0.541 0.458 0.405 0.374 0.352 0.332 0.309 0.273 0.209 0.129 0.078 0.055 0.044 0.039 0.035 0.032 0.029 0.028 0.027 0.028 0.030 0.036 0.049 0.072 0.098 0.112 0.117 0.116 0.108 0.087 0.071 0.063 0.059 0.057 0.055 0.055 0.057 0.060 0.061 0.060
0.000 0.000 0.000 0.000 0.000 0.000 0.000 0.000 0.000 0.000 0.000 0.001 0.004 0.012 0.031 0.083 0.216 0.544 1.183 1.677 1.829 1.846 1.732 1.295 0.721 0.427 0.313 0.274 0.265 0.268 0.293 0.366 0.500 0.583 0.612 0.614 0.595 0.531 0.452 0.408 0.381 0.361 0.341 0.315 0.270 0.193 0.115 0.070 0.049 0.040 0.036 0.034 0.031 0.029 0.027 0.027 0.027 0.030 0.036 0.050 0.075 0.100 0.113 0.117 0.116 0.107 0.088 0.073 0.065 0.060 0.057 0.056 0.055 0.057 0.058 0.057 0.056
0.000 0.000 0.000 0.000 0.000 0.000 0.000 0.000 0.000 0.000 0.001 0.004 0.010 0.026 0.063 0.153 0.372 0.860 1.465 1.751 1.822 1.788 1.494 0.899 0.478 0.328 0.277 0.261 0.261 0.276 0.318 0.416 0.546 0.605 0.625 0.625 0.592 0.513 0.445 0.409 0.388 0.370 0.351 0.318 0.261 0.175 0.103 0.064 0.045 0.037 0.034 0.032 0.030 0.028 0.026 0.026 0.026 0.028 0.036 0.051 0.077 0.101 0.113 0.116 0.115 0.105 0.087 0.076 0.069 0.065 0.061 0.058 0.057 0.057 0.056 0.055 0.054
0.000 0.000 0.000 0.000 0.000 0.000 0.000 0.000 0.000 0.001 0.003 0.009 0.022 0.053 0.121 0.276 0.629 1.182 1.569 1.717 1.736 1.539 0.984 0.503 0.328 0.272 0.254 0.252 0.261 0.292 0.360 0.481 0.593 0.637 0.642 0.630 0.578 0.487 0.434 0.409 0.393 0.377 0.357 0.321 0.253 0.159 0.093 0.057 0.041 0.034 0.031 0.029 0.028 0.026 0.024 0.024 0.025 0.028 0.035 0.051 0.078 0.101 0.112 0.114 0.111 0.097 0.081 0.074 0.069 0.066 0.063 0.061 0.059 0.057 0.056 0.054 0.053
0.000 0.000 0.000 0.000 0.000 0.000 0.000 0.000 0.001 0.003 0.008 0.019 0.045 0.102 0.227 0.491 0.931 1.341 1.538 1.580 1.436 0.972 0.495 0.314 0.261 0.246 0.243 0.249 0.268 0.313 0.408 0.539 0.616 0.647 0.652 0.633 0.564 0.474 0.428 0.409 0.397 0.384 0.363 0.323 0.247 0.149 0.086 0.054 0.039 0.033 0.030 0.029 0.027 0.025 0.024 0.024 0.024 0.028 0.036 0.053 0.080 0.102 0.110 0.110 0.103 0.084 0.070 0.065 0.064 0.063 0.062 0.060 0.058 0.057 0.055 0.053 0.052
0.000 0.000 0.000 0.000 0.000 0.000 0.000 0.001 0.003 0.007 0.017 0.040 0.088 0.188 0.390 0.733 1.112 1.332 1.404 1.314 0.939 0.481 0.285 0.236 0.229 0.232 0.236 0.247 0.276 0.336 0.449 0.571 0.625 0.646 0.651 0.627 0.546 0.461 0.422 0.407 0.401 0.392 0.370 0.322 0.236 0.139 0.080 0.051 0.037 0.032 0.030 0.028 0.026 0.025 0.024 0.024 0.024 0.028 0.037 0.055 0.082 0.101 0.107 0.106 0.099 0.080 0.065 0.058 0.056 0.055 0.055 0.055 0.054 0.053 0.053 0.052 0.052
0.000 0.000 0.000 0.000 0.000 0.000 0.001 0.003 0.007 0.015 0.035 0.079 0.167 0.327 0.570 0.875 1.122 1.213 1.160 0.880 0.471 0.258 0.203 0.199 0.207 0.218 0.228 0.244 0.281 0.356 0.481 0.583 0.625 0.637 0.635 0.598 0.505 0.440 0.418 0.411 0.405 0.397 0.375 0.325 0.232 0.133 0.077 0.049 0.037 0.032 0.030 0.028 0.026 0.025 0.024 0.024 0.025 0.029 0.039 0.059 0.085 0.099 0.103 0.101 0.092 0.075 0.062 0.055 0.052 0.051 0.050 0.050 0.050 0.051 0.052 0.052 0.052
0.000 0.000 0.000 0.000 0.000 0.001 0.003 0.006 0.013 0.030 0.067 0.144 0.281 0.473 0.691 0.898 1.003 0.986 0.809 0.470 0.241 0.177 0.171 0.182 0.193 0.205 0.219 0.242 0.288 0.375 0.507 0.586 0.615 0.620 0.602 0.535 0.454 0.428 0.422 0.420 0.419 0.410 0.387 0.331 0.230 0.130 0.075 0.048 0.037 0.032 0.030 0.028 0.027 0.026 0.025 0.025 0.027 0.032 0.043 0.064 0.088 0.100 0.101 0.097 0.085 0.070 0.059 0.053 0.050 0.048 0.048 0.047 0.047 0.049 0.051 0.052 0.051
0.000 0.000 0.000 0.001 0.001 0.003 0.006 0.012 0.025 0.055 0.117 0.224 0.371 0.549 0.715 0.802 0.794 0.692 0.468 0.241 0.159 0.150 0.164 0.181 0.192 0.203 0.218 0.246 0.299 0.397 0.521 0.584 0.601 0.598 0.570 0.494 0.442 0.430 0.430 0.431 0.430 0.423 0.397 0.336 0.227 0.127 0.073 0.048 0.037 0.033 0.032 0.030 0.029 0.027 0.027 0.027 0.029 0.036 0.049 0.071 0.092 0.101 0.101 0.095 0.082 0.067 0.057 0.051 0.048 0.046 0.045 0.045 0.045 0.047 0.049 0.049 0.047
0.000 0.000 0.001 0.002 0.003 0.005 0.010 0.021 0.045 0.094 0.175 0.287 0.420 0.557 0.636 0.629 0.565 0.431 0.248 0.148 0.130 0.145 0.170 0.188 0.200 0.211 0.228 0.259 0.317 0.419 0.522 0.565 0.575 0.571 0.540 0.476 0.444 0.439 0.439 0.439 0.436 0.426 0.398 0.334 0.222 0.123 0.071 0.047 0.038 0.035 0.033 0.032 0.031 0.029 0.028 0.028 0.031 0.038 0.053 0.078 0.096 0.102 0.102 0.094 0.078 0.064 0.055 0.049 0.046 0.044 0.043 0.043 0.043 0.043 0.043 0.041 0.033
0.001 0.001 0.002 0.003 0.005 0.009 0.018 0.036 0.072 0.130 0.212 0.314 0.424 0.489 0.486 0.444 0.366 0.244 0.143 0.113 0.120 0.148 0.177 0.193 0.204 0.216 0.232 0.263 0.324 0.431 0.516 0.546 0.555 0.553 0.520 0.466 0.445 0.441 0.441 0.438 0.433 0.424 0.395 0.324 0.206 0.113 0.066 0.045 0.037 0.035 0.033 0.032 0.031 0.029 0.029 0.029 0.031 0.039 0.056 0.082 0.098 0.103 0.101 0.091 0.075 0.061 0.053 0.047 0.043 0.041 0.039 0.039 0.038 0.037 0.034 0.028 0.019
