RESULTS/r.avaflow_results/21_results/21_ascii/21_hflow_fin.asc
ncols 506
nrows 317
xllcenter 498237.50
yllcenter 5580050.00
cellsize 12.50
NODATA_value -9999.000
[rows 170 to 203 of 317, columns 154 to 230 of 506]
8.495 8.260 8.027 7.794 7.547 7.292 7.047 6.826 6.630 6.450 6.281 6.114 5.931 5.687 5.325 4.818 4.180 3.448 2.708 2.044 1.472 1.012 0.673 0.449 0.312 0.233 0.192 0.176 0.174 0.179 0.195 0.215 0.230 0.240 0.249 0.259 0.272 0.279 0.280 0.276 0.267 0.255 0.245 0.234 0.221 0.203 0.179 0.159 0.142 0.126 0.111 0.098 0.086 0.079 0.075 0.073 0.074 0.076 0.080 0.082 0.083 0.083 0.082 0.080 0.080 0.080 0.085 0.096 0.122 0.155 0.177 0.185 0.184 0.176 0.156 0.128 0.101
11.795 11.891 11.871 11.786 11.628 11.384 11.076 10.743 10.423 10.122 9.839 9.566 9.286 8.953 8.493 7.845 6.998 5.986 4.886 3.825 2.860 2.027 1.365 0.894 0.594 0.415 0.314 0.267 0.252 0.253 0.264 0.272 0.275 0.275 0.275 0.277 0.281 0.283 0.282 0.275 0.263 0.248 0.234 0.220 0.203 0.178 0.145 0.116 0.093 0.078 0.068 0.061 0.056 0.054 0.054 0.055 0.057 0.062 0.065 0.066 0.066 0.066 0.064 0.063 0.062 0.063 0.066 0.075 0.094 0.127 0.160 0.179 0.186 0.187 0.181 0.168 0.144
15.220 15.687 15.845 15.818 15.678 15.413 15.063 14.680 14.304 13.943 13.597 13.267 12.939 12.577 12.093 11.385 10.413 9.200 7.820 6.396 5.022 3.746 2.637 1.767 1.158 0.767 0.532 0.405 0.345 0.318 0.304 0.295 0.288 0.282 0.277 0.275 0.275 0.273 0.268 0.255 0.235 0.214 0.195 0.177 0.154 0.124 0.092 0.069 0.055 0.047 0.043 0.040 0.039 0.038 0.039 0.041 0.045 0.050 0.053 0.053 0.053 0.053 0.051 0.050 0.050 0.050 0.053 0.060 0.073 0.097 0.133 0.165 0.183 0.190 0.191 0.187 0.174
17.669 18.473 18.838 18.897 18.803 18.592 18.303 17.982 17.648 17.298 16.931 16.563 16.204 15.826 15.360 14.696 13.765 12.573 11.169 9.611 7.968 6.296 4.661 3.257 2.174 1.408 0.912 0.620 0.457 0.366 0.318 0.295 0.283 0.273 0.264 0.256 0.248 0.241 0.228 0.205 0.175 0.148 0.127 0.108 0.089 0.069 0.052 0.042 0.035 0.031 0.029 0.028 0.028 0.028 0.029 0.032 0.036 0.040 0.042 0.043 0.043 0.043 0.042 0.041 0.041 0.042 0.044 0.049 0.058 0.074 0.100 0.138 0.171 0.188 0.193 0.192 0.185
18.988 20.032 20.649 20.924 20.997 20.950 20.827 20.655 20.436 20.146 19.780 19.366 18.962 18.553 18.086 17.452 16.572 15.437 14.085 12.567 10.912 9.118 7.162 5.201 3.536 2.263 1.386 0.850 0.552 0.394 0.317 0.281 0.259 0.242 0.225 0.210 0.195 0.179 0.159 0.131 0.105 0.086 0.072 0.060 0.050 0.040 0.032 0.027 0.024 0.022 0.021 0.021 0.021 0.021 0.022 0.025 0.028 0.031 0.034 0.035 0.035 0.035 0.035 0.035 0.035 0.036 0.038 0.042 0.048 0.058 0.075 0.104 0.143 0.174 0.187 0.189 0.186
19.330 20.493 21.325 21.882 22.235 22.436 22.520 22.505 22.413 22.207 21.855 21.384 20.927 20.494 20.028 19.438 18.637 17.593 16.302 14.781 13.057 11.134 8.973 6.588 4.473 2.826 1.678 0.979 0.599 0.402 0.302 0.248 0.212 0.184 0.159 0.139 0.124 0.110 0.095 0.077 0.062 0.051 0.042 0.036 0.030 0.025 0.021 0.019 0.017 0.016 0.016 0.016 0.016 0.017 0.018 0.019 0.022 0.025 0.027 0.028 0.029 0.029 0.030 0.030 0.031 0.033 0.034 0.037 0.041 0.048 0.059 0.078 0.109 0.146 0.169 0.178 0.180
19.166 20.388 21.339 22.068 22.643 23.071 23.321 23.404 23.386 23.249 22.920 22.400 21.902 21.474 21.028 20.480 19.758 18.815 17.604 16.097 14.304 12.246 9.903 7.257 4.886 3.051 1.780 1.017 0.607 0.391 0.272 0.201 0.152 0.118 0.096 0.083 0.073 0.065 0.057 0.047 0.038 0.032 0.027 0.023 0.020 0.017 0.015 0.014 0.013 0.013 0.013 0.013 0.013 0.013 0.014 0.015 0.017 0.019 0.021 0.023 0.024 0.025 0.026 0.027 0.028 0.030 0.032 0.034 0.037 0.042 0.050 0.062 0.082 0.112 0.139 0.156 0.164
18.527 19.867 20.992 21.900 22.616 23.136 23.437 23.547 23.545 23.438 23.124 22.586 22.072 21.660 21.231 20.702 20.016 19.134 17.993 16.521 14.700 12.557 10.110 7.364 4.927 3.048 1.759 0.994 0.579 0.354 0.225 0.148 0.101 0.074 0.059 0.050 0.045 0.040 0.035 0.030 0.025 0.022 0.019 0.016 0.014 0.012 0.011 0.010 0.010 0.010 0.010 0.010 0.010 0.010 0.011 0.011 0.013 0.014 0.016 0.018 0.020 0.021 0.023 0.024 0.026 0.027 0.029 0.031 0.034 0.038 0.044 0.053 0.066 0.086 0.108 0.126 0.140
17.435 18.916 20.225 21.335 22.207 22.803 23.122 23.225 23.215 23.105 22.802 22.285 21.760 21.326 20.877 20.334 19.663 18.824 17.738 16.305 14.491 12.315 9.784 7.013 4.622 2.805 1.583 0.871 0.487 0.278 0.161 0.097 0.064 0.047 0.037 0.032 0.029 0.026 0.023 0.020 0.017 0.015 0.013 0.012 0.010 0.009 0.008 0.007 0.007 0.007 0.007 0.007 0.007 0.007 0.008 0.008 0.009 0.011 0.012 0.014 0.016 0.018 0.020 0.021 0.023 0.025 0.027 0.029 0.032 0.035 0.040 0.047 0.057 0.070 0.087 0.102 0.114
16.026 17.607 19.033 20.268 21.244 21.904 22.249 22.343 22.304 22.146 21.839 21.402 20.894 20.367 19.801 19.183 18.492 17.678 16.642 15.246 13.418 11.174 8.559 5.935 3.775 2.197 1.181 0.610 0.317 0.169 0.095 0.059 0.041 0.031 0.025 0.022 0.020 0.018 0.016 0.014 0.013 0.011 0.010 0.008 0.007 0.006 0.006 0.005 0.005 0.005 0.005 0.005 0.005 0.005 0.005 0.006 0.007 0.008 0.009 0.011 0.013 0.015 0.017 0.019 0.021 0.023 0.025 0.027 0.030 0.033 0.037 0.043 0.051 0.061 0.074 0.086 0.097
14.348 15.944 17.397 18.683 19.735 20.479 20.888 20.996 20.923 20.702 20.399 20.070 19.613 18.960 18.196 17.442 16.676 15.818 14.724 13.235 11.273 8.868 6.301 4.054 2.380 1.269 0.629 0.308 0.156 0.086 0.053 0.036 0.027 0.021 0.018 0.016 0.014 0.013 0.012 0.010 0.009 0.008 0.007 0.006 0.005 0.004 0.004 0.003 0.003 0.003 0.003 0.003 0.003 0.003 0.003 0.004 0.005 0.006 0.007 0.008 0.010 0.012 0.014 0.016 0.018 0.020 0.023 0.025 0.028 0.031 0.035 0.041 0.048 0.057 0.067 0.077 0.086
12.409 13.931 15.367 16.709 17.886 18.785 19.322 19.489 19.419 19.193 18.900 18.593 18.120 17.359 16.429 15.516 14.604 13.557 12.184 10.352 8.017 5.562 3.514 2.063 1.123 0.569 0.276 0.136 0.074 0.045 0.031 0.023 0.019 0.016 0.013 0.012 0.011 0.009 0.008 0.007 0.006 0.006 0.005 0.004 0.003 0.003 0.002 0.002 0.002 0.001 0.001 0.001 0.001 0.002 0.002 0.002 0.003 0.004 0.005 0.006 0.007 0.009 0.011 0.013 0.015 0.018 0.020 0.023 0.026 0.029 0.034 0.039 0.047 0.055 0.064 0.073 0.080
10.279 11.675 13.082 14.496 15.831 16.915 17.615 17.891 17.869 17.675 17.354 16.930 16.311 15.446 14.429 13.375 12.248 10.853 8.974 6.693 4.477 2.755 1.563 0.839 0.436 0.222 0.113 0.062 0.038 0.027 0.020 0.016 0.014 0.012 0.010 0.009 0.008 0.007 0.006 0.005 0.004 0.004 0.003 0.002 0.002 0.001 0.001 0.001 0.001 0.000 0.000 0.000 0.000 0.001 0.001 0.001 0.002 0.002 0.003 0.004 0.005 0.007 0.009 0.011 0.013 0.015 0.018 0.021 0.024 0.028 0.032 0.038 0.046 0.054 0.062 0.070 0.077
8.136 9.350 10.649 12.042 13.444 14.626 15.439 15.821 15.860 15.682 15.246 14.571 13.702 12.704 11.626 10.446 9.044 7.248 5.210 3.361 1.987 1.071 0.548 0.285 0.154 0.085 0.050 0.032 0.023 0.018 0.015 0.012 0.010 0.009 0.008 0.007 0.006 0.005 0.004 0.003 0.003 0.002 0.002 0.001 0.001 0.001 0.000 0.000 0.000 0.000 0.000 0.000 0.000 0.000 0.000 0.000 0.001 0.001 0.002 0.003 0.004 0.005 0.007 0.008 0.010 0.013 0.015 0.019 0.022 0.026 0.031 0.038 0.045 0.054 0.062 0.068 0.075
6.073 7.000 8.021 9.146 10.315 11.337 12.086 12.480 12.547 12.372 11.837 10.922 9.751 8.585 7.469 6.291 4.979 3.548 2.245 1.271 0.655 0.327 0.172 0.098 0.059 0.038 0.027 0.020 0.016 0.013 0.011 0.009 0.008 0.007 0.006 0.005 0.004 0.003 0.002 0.002 0.001 0.001 0.001 0.000 0.000 0.000 0.000 0.000 0.000 0.000 0.000 0.000 0.000 0.000 0.000 0.000 0.000 0.000 0.001 0.002 0.002 0.004 0.005 0.006 0.008 0.011 0.013 0.016 0.020 0.025 0.030 0.037 0.045 0.053 0.061 0.068 0.075
4.119 4.632 5.145 5.679 6.266 6.849 7.319 7.587 7.642 7.508 7.038 6.226 5.211 4.294 3.512 2.775 2.011 1.265 0.702 0.357 0.182 0.101 0.062 0.041 0.030 0.022 0.018 0.015 0.012 0.010 0.009 0.007 0.006 0.005 0.004 0.003 0.002 0.002 0.001 0.001 0.001 0.000 0.000 0.000 0.000 0.000 0.000 0.000 0.000 0.000 0.000 0.000 0.000 0.000 0.000 0.000 0.000 0.000 0.000 0.001 0.001 0.002 0.003 0.005 0.007 0.009 0.011 0.014 0.018 0.023 0.029 0.036 0.044 0.052 0.060 0.068 0.075
2.421 2.605 2.761 2.902 3.055 3.230 3.385 3.473 3.486 3.421 3.184 2.738 2.139 1.620 1.226 0.895 0.591 0.345 0.185 0.102 0.061 0.041 0.030 0.024 0.019 0.016 0.014 0.012 0.010 0.008 0.007 0.006 0.005 0.003 0.003 0.002 0.001 0.001 0.000 0.000 0.000 0.000 0.000 0.000 0.000 0.000 0.000 0.000 0.000 0.000 0.000 0.000 0.000 0.000 0.000 0.000 0.000 0.000 0.000 0.000 0.001 0.001 0.002 0.003 0.005 0.007 0.009 0.012 0.016 0.021 0.027 0.033 0.041 0.050 0.058 0.067 0.077
1.166 1.184 1.189 1.189 1.191 1.204 1.222 1.229 1.220 1.187 1.091 0.914 0.671 0.477 0.346 0.245 0.162 0.099 0.061 0.040 0.030 0.023 0.020 0.017 0.015 0.013 0.011 0.010 0.008 0.007 0.006 0.004 0.003 0.002 0.002 0.001 0.000 0.000 0.000 0.000 0.000 0.000 0.000 0.000 0.000 0.000 0.000 0.000 0.000 0.000 0.000 0.000 0.000 0.000 0.000 0.000 0.000 0.000 0.000 0.000 0.000 0.001 0.001 0.002 0.004 0.005 0.007 0.010 0.014 0.018 0.024 0.030 0.038 0.046 0.056 0.066 0.078
0.461 0.448 0.436 0.426 0.418 0.409 0.400 0.390 0.379 0.363 0.330 0.274 0.198 0.142 0.104 0.077 0.055 0.040 0.029 0.023 0.020 0.017 0.015 0.014 0.013 0.011 0.010 0.009 0.007 0.006 0.004 0.003 0.002 0.001 0.001 0.000 0.000 0.000 0.000 0.000 0.000 0.000 0.000 0.000 0.000 0.000 0.000 0.000 0.000 0.000 0.000 0.000 0.000 0.000 0.000 0.000 0.000 0.000 0.000 0.000 0.000 0.000 0.001 0.001 0.002 0.004 0.006 0.008 0.011 0.015 0.020 0.026 0.033 0.042 0.052 0.064 0.078
0.175 0.168 0.162 0.158 0.153 0.147 0.139 0.132 0.125 0.118 0.107 0.091 0.069 0.053 0.042 0.034 0.028 0.023 0.020 0.017 0.016 0.014 0.013 0.012 0.011 0.010 0.009 0.008 0.006 0.004 0.003 0.002 0.001 0.001 0.000 0.000 0.000 0.000 0.000 0.000 0.000 0.000 0.000 0.000 0.000 0.000 0.000 0.000 0.000 0.000 0.000 0.000 0.000 0.000 0.000 0.000 0.000 0.000 0.000 0.000 0.000 0.000 0.000 0.001 0.001 0.003 0.004 0.006 0.009 0.012 0.016 0.021 0.028 0.036 0.046 0.060 0.075
0.073 0.070 0.068 0.066 0.064 0.061 0.057 0.053 0.050 0.047 0.044 0.039 0.033 0.028 0.024 0.021 0.019 0.017 0.016 0.014 0.013 0.013 0.012 0.011 0.010 0.009 0.008 0.007 0.005 0.004 0.002 0.001 0.001 0.000 0.000 0.000 0.000 0.000 0.000 0.000 0.000 0.000 0.000 0.000 0.000 0.000 0.000 0.000 0.000 0.000 0.000 0.000 0.000 0.000 0.000 0.000 0.000 0.000 0.000 0.000 0.000 0.000 0.000 0.000 0.001 0.002 0.003 0.004 0.006 0.009 0.012 0.016 0.022 0.029 0.038 0.051 0.067
0.036 0.035 0.034 0.033 0.032 0.031 0.029 0.028 0.027 0.025 0.024 0.023 0.021 0.019 0.017 0.016 0.015 0.014 0.013 0.013 0.012 0.012 0.011 0.010 0.009 0.008 0.007 0.006 0.004 0.003 0.002 0.001 0.000 0.000 0.000 0.000 0.000 0.000 0.000 0.000 0.000 0.000 0.000 0.000 0.000 0.000 0.000 0.000 0.000 0.000 0.000 0.000 0.000 0.000 0.000 0.000 0.000 0.000 0.000 0.000 0.000 0.000 0.000 0.000 0.000 0.001 0.002 0.003 0.005 0.007 0.009 0.012 0.016 0.021 0.028 0.038 0.052
0.022 0.021 0.021 0.020 0.020 0.019 0.019 0.018 0.017 0.017 0.017 0.016 0.016 0.015 0.014 0.013 0.013 0.012 0.012 0.011 0.011 0.011 0.010 0.009 0.009 0.008 0.007 0.005 0.003 0.002 0.001 0.000 0.000 0.000 0.000 0.000 0.000 0.000 0.000 0.000 0.000 0.000 0.000 0.000 0.000 0.000 0.000 0.000 0.000 0.000 0.000 0.000 0.000 0.000 0.000 0.000 0.000 0.000 0.000 0.000 0.000 0.000 0.000 0.000 0.000 0.000 0.001 0.002 0.003 0.005 0.007 0.009 0.012 0.015 0.020 0.027 0.035
0.014 0.014 0.014 0.014 0.014 0.014 0.013 0.013 0.013 0.013 0.013 0.013 0.013 0.012 0.012 0.012 0.011 0.011 0.011 0.010 0.010 0.010 0.009 0.009 0.008 0.007 0.006 0.004 0.003 0.002 0.001 0.000 0.000 0.000 0.000 0.000 0.000 0.000 0.000 0.000 0.000 0.000 0.000 0.000 0.000 0.000 0.000 0.000 0.000 0.000 0.000 0.000 0.000 0.000 0.000 0.000 0.000 0.000 0.000 0.000 0.000 0.000 0.000 0.000 0.000 0.000 0.000 0.001 0.002 0.003 0.004 0.006 0.009 0.011 0.014 0.019 0.024
0.010 0.010 0.010 0.010 0.010 0.010 0.010 0.010 0.010 0.010 0.010 0.010 0.010 0.010 0.010 0.010 0.010 0.010 0.010 0.010 0.009 0.009 0.009 0.008 0.007 0.007 0.005 0.004 0.002 0.001 0.000 0.000 0.000 0.000 0.000 0.000 0.000 0.000 0.000 0.000 0.000 0.000 0.000 0.000 0.000 0.000 0.000 0.000 0.000 0.000 0.000 0.000 0.000 0.000 0.000 0.000 0.000 0.000 0.000 0.000 0.000 0.000 0.000 0.000 0.000 0.000 0.000 0.000 0.001 0.002 0.003 0.004 0.006 0.008 0.010 0.013 0.017
0.008 0.008 0.008 0.008 0.008 0.008 0.008 0.008 0.008 0.008 0.009 0.009 0.009 0.009 0.009 0.009 0.009 0.009 0.009 0.009 0.009 0.009 0.008 0.008 0.007 0.006 0.005 0.003 0.002 0.001 0.000 0.000 0.000 0.000 0.000 0.000 0.000 0.000 0.000 0.000 0.000 0.000 0.000 0.000 0.000 0.000 0.000 0.000 0.000 0.000 0.000 0.000 0.000 0.000 0.000 0.000 0.000 0.000 0.000 0.000 0.000 0.000 0.000 0.000 0.000 0.000 0.000 0.000 0.000 0.001 0.002 0.003 0.004 0.006 0.007 0.009 0.012
0.006 0.006 0.006 0.006 0.006 0.006 0.006 0.006 0.007 0.007 0.007 0.007 0.008 0.008 0.008 0.008 0.008 0.008 0.008 0.008 0.008 0.008 0.008 0.007 0.006 0.006 0.004 0.003 0.002 0.001 0.000 0.000 0.000 0.000 0.000 0.000 0.000 0.000 0.000 0.000 0.000 0.000 0.000 0.000 0.000 0.000 0.000 0.000 0.000 0.000 0.000 0.000 0.000 0.000 0.000 0.000 0.000 0.000 0.000 0.000 0.000 0.000 0.000 0.000 0.000 0.000 0.000 0.000 0.000 0.000 0.001 0.001 0.002 0.004 0.005 0.007 0.008
0.004 0.004 0.004 0.004 0.004 0.005 0.005 0.005 0.005 0.005 0.006 0.006 0.006 0.006 0.007 0.007 0.007 0.007 0.007 0.007 0.007 0.007 0.007 0.007 0.006 0.005 0.004 0.002 0.001 0.000 0.000 0.000 0.000 0.000 0.000 0.000 0.000 0.000 0.000 0.000 0.000 0.000 0.000 0.000 0.000 0.000 0.000 0.000 0.000 0.000 0.000 0.000 0.000 0.000 0.000 0.000 0.000 0.000 0.000 0.000 0.000 0.000 0.000 0.000 0.000 0.000 0.000 0.000 0.000 0.000 0.000 0.001 0.001 0.002 0.003 0.004 0.006
0.003 0.003 0.003 0.003 0.003 0.003 0.003 0.004 0.004 0.004 0.005 0.005 0.005 0.005 0.006 0.006 0.006 0.006 0.006 0.006 0.006 0.006 0.006 0.006 0.005 0.004 0.003 0.002 0.001 0.000 0.000 0.000 0.000 0.000 0.000 0.000 0.000 0.000 0.000 0.000 0.000 0.000 0.000 0.000 0.000 0.000 0.000 0.000 0.000 0.000 0.000 0.000 0.000 0.000 0.000 0.000 0.000 0.000 0.000 0.000 0.000 0.000 0.000 0.000 0.000 0.000 0.000 0.000 0.000 0.000 0.000 0.000 0.000 0.001 0.002 0.003 0.004
0.002 0.002 0.002 0.002 0.002 0.002 0.002 0.003 0.003 0.003 0.003 0.004 0.004 0.004 0.004 0.005 0.005 0.005 0.005 0.005 0.006 0.005 0.005 0.005 0.004 0.004 0.003 0.002 0.001 0.000 0.000 0.000 0.000 0.000 0.000 0.000 0.000 0.000 0.000 0.000 0.000 0.000 0.000 0.000 0.000 0.000 0.000 0.000 0.000 0.000 0.000 0.000 0.000 0.000 0.000 0.000 0.000 0.000 0.000 0.000 0.000 0.000 0.000 0.000 0.000 0.000 0.000 0.000 0.000 0.000 0.000 0.000 0.000 0.000 0.001 0.001 0.002
0.001 0.001 0.001 0.001 0.001 0.001 0.001 0.002 0.002 0.002 0.002 0.003 0.003 0.003 0.003 0.004 0.004 0.004 0.004 0.005 0.005 0.005 0.004 0.004 0.004 0.003 0.002 0.001 0.000 0.000 0.000 0.000 0.000 0.000 0.000 0.000 0.000 0.000 0.000 0.000 0.000 0.000 0.000 0.000 0.000 0.000 0.000 0.000 0.000 0.000 0.000 0.000 0.000 0.000 0.000 0.000 0.000 0.000 0.000 0.000 0.000 0.000 0.000 0.000 0.000 0.000 0.000 0.000 0.000 0.000 0.000 0.000 0.000 0.000 0.000 0.001 0.001
0.001 0.001 0.000 0.000 0.000 0.001 0.001 0.001 0.001 0.001 0.002 0.002 0.002 0.002 0.002 0.003 0.003 0.003 0.004 0.004 0.004 0.004 0.004 0.003 0.003 0.002 0.002 0.001 0.000 0.000 0.000 0.000 0.000 0.000 0.000 0.000 0.000 0.000 0.000 0.000 0.000 0.000 0.000 0.000 0.000 0.000 0.000 0.000 0.000 0.000 0.000 0.000 0.000 0.000 0.000 0.000 0.000 0.000 0.000 0.000 0.000 0.000 0.000 0.000 0.000 0.000 0.000 0.000 0.000 0.000 0.000 0.000 0.000 0.000 0.000 0.000 0.000
0.000 0.000 0.000 0.000 0.000 0.000 0.000 0.000 0.000 0.001 0.001 0.001 0.001 0.001 0.002 0.002 0.002 0.002 0.003 0.003 0.003 0.003 0.003 0.002 0.002 0.002 0.001 0.000 0.000 0.000 0.000 0.000 0.000 0.000 0.000 0.000 0.000 0.000 0.000 0.000 0.000 0.000 0.000 0.000 0.000 0.000 0.000 0.000 0.000 0.000 0.000 0.000 0.000 0.000 0.000 0.000 0.000 0.000 0.000 0.000 0.000 0.000 0.000 0.000 0.000 0.000 0.000 0.000 0.000 0.000 0.000 0.000 0.000 0.000 0.000 0.000 0.000
0.000 0.000 0.000 0.000 0.000 0.000 0.000 0.000 0.000 0.000 0.000 0.000 0.000 0.001 0.001 0.001 0.001 0.001 0.002 0.002 0.002 0.002 0.002 0.001 0.001 0.001 0.000 0.000 0.000 0.000 0.000 0.000 0.000 0.000 0.000 0.000 0.000 0.000 0.000 0.000 0.000 0.000 0.000 0.000 0.000 0.000 0.000 0.000 0.000 0.000 0.000 0.000 0.000 0.000 0.000 0.000 0.000 0.000 0.000 0.000 0.000 0.000 0.000 0.000 0.000 0.000 0.000 0.000 0.000 0.000 0.000 0.000 0.000 0.000 0.000 0.000 0.000
