RESULTS/r.avaflow_results/21_results/21_ascii/21_hflow0035.asc
ncols 506
nrows 317
xllcenter 498237.50
yllcenter 5580050.00
cellsize 12.50
NODATA_value -9999.000
[rows 170 to 203 of 317, columns 154 to 230 of 506]
8.541 8.332 8.129 7.924 7.701 7.464 7.236 7.032 6.849 6.680 6.521 6.364 6.187 5.939 5.553 5.006 4.319 3.543 2.779 2.089 1.493 1.013 0.668 0.447 0.318 0.246 0.213 0.204 0.205 0.218 0.247 0.276 0.293 0.301 0.308 0.316 0.326 0.332 0.331 0.323 0.306 0.292 0.282 0.273 0.261 0.242 0.214 0.186 0.162 0.141 0.122 0.107 0.095 0.088 0.084 0.083 0.085 0.089 0.094 0.100 0.104 0.107 0.109 0.110 0.111 0.113 0.120 0.141 0.191 0.291 0.399 0.452 0.462 0.444 0.389 0.296 0.201
11.958 12.094 12.112 12.059 11.932 11.711 11.422 11.110 10.809 10.518 10.241 9.972 9.695 9.360 8.878 8.185 7.284 6.216 5.072 3.970 2.961 2.089 1.398 0.914 0.614 0.442 0.350 0.311 0.303 0.315 0.338 0.351 0.354 0.351 0.344 0.341 0.340 0.339 0.334 0.321 0.299 0.281 0.267 0.254 0.236 0.209 0.168 0.129 0.100 0.082 0.071 0.064 0.060 0.058 0.058 0.060 0.064 0.069 0.075 0.078 0.080 0.081 0.081 0.080 0.081 0.082 0.088 0.103 0.137 0.209 0.320 0.405 0.436 0.437 0.416 0.363 0.277
15.470 15.965 16.134 16.113 15.971 15.695 15.334 14.951 14.584 14.228 13.887 13.564 13.246 12.894 12.422 11.719 10.733 9.492 8.085 6.635 5.226 3.909 2.759 1.854 1.226 0.829 0.595 0.472 0.417 0.395 0.386 0.378 0.370 0.360 0.347 0.338 0.332 0.325 0.314 0.292 0.261 0.237 0.216 0.196 0.171 0.136 0.099 0.072 0.057 0.049 0.044 0.041 0.040 0.040 0.041 0.044 0.049 0.055 0.059 0.061 0.061 0.061 0.060 0.060 0.060 0.061 0.064 0.074 0.097 0.142 0.229 0.336 0.400 0.421 0.416 0.386 0.318
18.039 18.858 19.210 19.249 19.135 18.892 18.573 18.234 17.893 17.536 17.162 16.801 16.455 16.092 15.638 14.970 14.022 12.812 11.408 9.866 8.235 6.561 4.906 3.460 2.337 1.542 1.027 0.721 0.548 0.452 0.401 0.376 0.360 0.344 0.327 0.310 0.296 0.281 0.260 0.225 0.185 0.154 0.131 0.111 0.093 0.072 0.054 0.042 0.035 0.031 0.029 0.029 0.029 0.029 0.030 0.033 0.038 0.043 0.046 0.047 0.047 0.046 0.045 0.045 0.045 0.046 0.048 0.054 0.068 0.094 0.146 0.240 0.338 0.387 0.398 0.382 0.328
19.443 20.497 21.098 21.341 21.389 21.312 21.169 20.984 20.755 20.455 20.076 19.664 19.276 18.884 18.425 17.782 16.876 15.712 14.347 12.840 11.211 9.450 7.527 5.552 3.837 2.503 1.569 0.989 0.659 0.481 0.394 0.351 0.322 0.297 0.271 0.246 0.223 0.199 0.171 0.135 0.105 0.085 0.071 0.060 0.050 0.040 0.032 0.027 0.024 0.022 0.021 0.021 0.021 0.022 0.023 0.025 0.029 0.032 0.034 0.035 0.035 0.035 0.034 0.034 0.034 0.034 0.036 0.039 0.047 0.062 0.091 0.147 0.240 0.316 0.344 0.344 0.311
19.798 20.966 21.791 22.329 22.669 22.866 22.957 22.947 22.857 22.644 22.278 21.796 21.355 20.937 20.481 19.881 19.060 17.993 16.682 15.156 13.443 11.551 9.441 7.071 4.881 3.141 1.903 1.137 0.712 0.487 0.370 0.301 0.253 0.213 0.180 0.154 0.134 0.117 0.098 0.077 0.061 0.050 0.042 0.036 0.030 0.025 0.022 0.019 0.017 0.017 0.016 0.016 0.016 0.017 0.018 0.019 0.022 0.024 0.026 0.026 0.026 0.026 0.025 0.025 0.025 0.026 0.026 0.028 0.032 0.041 0.057 0.088 0.145 0.207 0.242 0.254 0.247
19.593 20.825 21.781 22.504 23.084 23.535 23.812 23.916 23.908 23.775 23.431 22.887 22.402 21.994 21.564 21.015 20.283 19.330 18.105 16.580 14.780 12.739 10.440 7.820 5.343 3.390 2.014 1.177 0.719 0.470 0.326 0.236 0.174 0.131 0.104 0.087 0.076 0.067 0.057 0.046 0.038 0.032 0.027 0.023 0.020 0.017 0.015 0.014 0.013 0.013 0.012 0.012 0.012 0.013 0.013 0.014 0.016 0.018 0.018 0.019 0.019 0.019 0.019 0.018 0.018 0.018 0.019 0.020 0.022 0.027 0.036 0.052 0.083 0.119 0.139 0.146 0.146
18.854 20.211 21.364 22.300 23.047 23.600 23.930 24.062 24.073 23.975 23.647 23.078 22.574 22.189 21.782 21.258 20.569 19.684 18.535 17.044 15.208 13.073 10.666 7.937 5.380 3.375 1.978 1.139 0.676 0.416 0.262 0.168 0.111 0.079 0.061 0.051 0.045 0.040 0.035 0.029 0.025 0.022 0.019 0.016 0.014 0.013 0.011 0.010 0.010 0.009 0.009 0.009 0.009 0.009 0.010 0.010 0.011 0.012 0.013 0.013 0.013 0.013 0.013 0.013 0.013 0.013 0.013 0.013 0.014 0.017 0.022 0.031 0.046 0.064 0.073 0.076 0.075
17.675 19.177 20.522 21.674 22.592 23.226 23.567 23.685 23.683 23.576 23.257 22.714 22.197 21.788 21.359 20.823 20.154 19.321 18.236 16.791 14.963 12.792 10.301 7.515 5.005 3.063 1.742 0.968 0.546 0.311 0.177 0.105 0.068 0.048 0.038 0.032 0.028 0.025 0.022 0.020 0.017 0.015 0.014 0.012 0.011 0.009 0.008 0.008 0.007 0.007 0.006 0.006 0.006 0.006 0.006 0.007 0.007 0.008 0.008 0.008 0.009 0.009 0.008 0.008 0.008 0.008 0.008 0.008 0.009 0.010 0.013 0.017 0.024 0.032 0.036 0.037 0.036
16.235 17.833 19.283 20.545 21.554 22.245 22.609 22.709 22.661 22.476 22.150 21.718 21.227 20.703 20.136 19.521 18.837 18.036 17.009 15.610 13.774 11.536 8.952 6.272 4.002 2.318 1.230 0.629 0.325 0.173 0.098 0.061 0.041 0.031 0.025 0.022 0.019 0.017 0.016 0.014 0.013 0.011 0.010 0.009 0.008 0.007 0.006 0.005 0.005 0.004 0.004 0.004 0.004 0.004 0.004 0.004 0.004 0.005 0.005 0.005 0.005 0.005 0.005 0.005 0.005 0.005 0.005 0.005 0.005 0.006 0.007 0.009 0.012 0.015 0.017 0.017 0.016
14.568 16.161 17.616 18.908 19.977 20.752 21.185 21.292 21.187 20.906 20.596 20.316 19.890 19.211 18.409 17.658 16.904 16.056 14.963 13.464 11.487 9.069 6.477 4.154 2.407 1.257 0.607 0.291 0.148 0.083 0.052 0.036 0.027 0.021 0.018 0.016 0.014 0.013 0.011 0.010 0.009 0.008 0.007 0.006 0.005 0.005 0.004 0.003 0.003 0.003 0.002 0.002 0.002 0.002 0.002 0.002 0.002 0.002 0.002 0.002 0.002 0.002 0.002 0.002 0.002 0.002 0.002 0.002 0.002 0.003 0.003 0.004 0.006 0.007 0.007 0.007 0.007
12.651 14.144 15.562 16.907 18.112 19.060 19.645 19.837 19.761 19.504 19.204 18.910 18.435 17.631 16.654 15.753 14.851 13.795 12.388 10.509 8.103 5.582 3.485 2.010 1.069 0.527 0.248 0.121 0.067 0.042 0.030 0.023 0.018 0.015 0.013 0.012 0.010 0.009 0.008 0.008 0.007 0.006 0.005 0.004 0.004 0.003 0.002 0.002 0.002 0.001 0.001 0.001 0.001 0.001 0.001 0.001 0.001 0.001 0.001 0.001 0.001 0.001 0.001 0.001 0.001 0.001 0.001 0.001 0.001 0.001 0.001 0.002 0.002 0.003 0.003 0.003 0.003
10.544 11.903 13.287 14.709 16.101 17.265 18.043 18.360 18.339 18.122 17.779 17.339 16.692 15.786 14.745 13.706 12.585 11.149 9.182 6.763 4.422 2.643 1.449 0.752 0.381 0.191 0.097 0.054 0.035 0.025 0.020 0.016 0.014 0.012 0.010 0.009 0.008 0.007 0.006 0.005 0.005 0.004 0.003 0.003 0.002 0.002 0.001 0.001 0.001 0.000 0.000 0.000 0.000 0.000 0.000 0.000 0.000 0.000 0.000 0.000 0.000 0.000 0.000 0.000 0.000 0.000 0.000 0.000 0.000 0.000 0.000 0.001 0.001 0.001 0.001 0.001 0.001
8.452 9.654 10.929 12.321 13.780 15.047 15.942 16.368 16.409 16.198 15.701 14.959 14.037 13.021 11.947 10.771 9.352 7.467 5.257 3.262 1.839 0.936 0.455 0.231 0.126 0.071 0.042 0.028 0.021 0.017 0.014 0.012 0.010 0.009 0.008 0.007 0.006 0.005 0.004 0.003 0.003 0.002 0.002 0.001 0.001 0.001 0.000 0.000 0.000 0.000 0.000 0.000 0.000 0.000 0.000 0.000 0.000 0.000 0.000 0.000 0.000 0.000 0.000 0.000 0.000 0.000 0.000 0.000 0.000 0.000 0.000 0.000 0.000 0.000 0.000 0.000 0.000
6.416 7.391 8.408 9.499 10.656 11.715 12.519 12.950 13.023 12.812 12.192 11.169 9.909 8.719 7.589 6.385 5.007 3.482 2.104 1.117 0.535 0.251 0.130 0.076 0.048 0.033 0.024 0.018 0.015 0.013 0.011 0.009 0.008 0.007 0.006 0.005 0.004 0.003 0.002 0.002 0.002 0.001 0.001 0.000 0.000 0.000 0.000 0.000 0.000 0.000 0.000 0.000 0.000 0.000 0.000 0.000 0.000 0.000 0.000 0.000 0.000 0.000 0.000 0.000 0.000 0.000 0.000 0.000 0.000 0.000 0.000 0.000 0.000 0.000 0.000 0.000 0.000
4.351 4.908 5.429 5.927 6.444 6.994 7.482 7.773 7.835 7.679 7.138 6.214 5.097 4.154 3.360 2.618 1.848 1.106 0.572 0.270 0.132 0.074 0.047 0.034 0.025 0.020 0.016 0.014 0.012 0.010 0.008 0.007 0.006 0.005 0.004 0.003 0.002 0.002 0.001 0.001 0.001 0.000 0.000 0.000 0.000 0.000 0.000 0.000 0.000 0.000 0.000 0.000 0.000 0.000 0.000 0.000 0.000 0.000 0.000 0.000 0.000 0.000 0.000 0.000 0.000 0.000 0.000 0.000 0.000 0.000 0.000 0.000 0.000 0.000 0.000 0.000 0.000
2.483 2.661 2.786 2.880 2.974 3.103 3.258 3.353 3.371 3.301 3.040 2.554 1.921 1.413 1.044 0.745 0.473 0.260 0.133 0.073 0.045 0.032 0.025 0.021 0.017 0.015 0.013 0.011 0.009 0.008 0.007 0.005 0.004 0.003 0.002 0.002 0.001 0.001 0.000 0.000 0.000 0.000 0.000 0.000 0.000 0.000 0.000 0.000 0.000 0.000 0.000 0.000 0.000 0.000 0.000 0.000 0.000 0.000 0.000 0.000 0.000 0.000 0.000 0.000 0.000 0.000 0.000 0.000 0.000 0.000 0.000 0.000 0.000 0.000 0.000 0.000 0.000
1.118 1.123 1.106 1.080 1.056 1.047 1.062 1.069 1.062 1.029 0.935 0.761 0.533 0.369 0.263 0.183 0.118 0.071 0.045 0.031 0.024 0.020 0.018 0.016 0.014 0.012 0.011 0.009 0.008 0.006 0.005 0.004 0.003 0.002 0.001 0.001 0.000 0.000 0.000 0.000 0.000 0.000 0.000 0.000 0.000 0.000 0.000 0.000 0.000 0.000 0.000 0.000 0.000 0.000 0.000 0.000 0.000 0.000 0.000 0.000 0.000 0.000 0.000 0.000 0.000 0.000 0.000 0.000 0.000 0.000 0.000 0.000 0.000 0.000 0.000 0.000 0.000
0.402 0.387 0.370 0.356 0.341 0.326 0.316 0.307 0.297 0.283 0.254 0.206 0.145 0.103 0.077 0.057 0.042 0.031 0.024 0.020 0.017 0.015 0.014 0.013 0.012 0.010 0.009 0.008 0.006 0.005 0.004 0.003 0.002 0.001 0.001 0.000 0.000 0.000 0.000 0.000 0.000 0.000 0.000 0.000 0.000 0.000 0.000 0.000 0.000 0.000 0.000 0.000 0.000 0.000 0.000 0.000 0.000 0.000 0.000 0.000 0.000 0.000 0.000 0.000 0.000 0.000 0.000 0.000 0.000 0.000 0.000 0.000 0.000 0.000 0.000 0.000 0.000
0.144 0.137 0.132 0.127 0.122 0.114 0.106 0.100 0.094 0.088 0.080 0.068 0.052 0.041 0.033 0.028 0.023 0.020 0.017 0.015 0.014 0.013 0.012 0.011 0.010 0.009 0.008 0.006 0.005 0.004 0.003 0.002 0.001 0.000 0.000 0.000 0.000 0.000 0.000 0.000 0.000 0.000 0.000 0.000 0.000 0.000 0.000 0.000 0.000 0.000 0.000 0.000 0.000 0.000 0.000 0.000 0.000 0.000 0.000 0.000 0.000 0.000 0.000 0.000 0.000 0.000 0.000 0.000 0.000 0.000 0.000 0.000 0.000 0.000 0.000 0.000 0.000
0.060 0.058 0.056 0.054 0.052 0.049 0.045 0.042 0.040 0.038 0.035 0.032 0.027 0.024 0.021 0.018 0.017 0.015 0.014 0.013 0.012 0.011 0.010 0.009 0.009 0.008 0.006 0.005 0.004 0.003 0.002 0.001 0.000 0.000 0.000 0.000 0.000 0.000 0.000 0.000 0.000 0.000 0.000 0.000 0.000 0.000 0.000 0.000 0.000 0.000 0.000 0.000 0.000 0.000 0.000 0.000 0.000 0.000 0.000 0.000 0.000 0.000 0.000 0.000 0.000 0.000 0.000 0.000 0.000 0.000 0.000 0.000 0.000 0.000 0.000 0.000 0.000
0.031 0.030 0.030 0.029 0.028 0.027 0.025 0.024 0.023 0.022 0.021 0.020 0.019 0.017 0.016 0.014 0.013 0.013 0.012 0.011 0.010 0.010 0.009 0.008 0.007 0.007 0.005 0.004 0.003 0.002 0.001 0.000 0.000 0.000 0.000 0.000 0.000 0.000 0.000 0.000 0.000 0.000 0.000 0.000 0.000 0.000 0.000 0.000 0.000 0.000 0.000 0.000 0.000 0.000 0.000 0.000 0.000 0.000 0.000 0.000 0.000 0.000 0.000 0.000 0.000 0.000 0.000 0.000 0.000 0.000 0.000 0.000 0.000 0.000 0.000 0.000 0.000
0.020 0.019 0.019 0.019 0.018 0.018 0.017 0.016 0.016 0.016 0.015 0.015 0.014 0.014 0.013 0.012 0.011 0.011 0.010 0.010 0.009 0.008 0.008 0.007 0.006 0.006 0.005 0.004 0.003 0.002 0.001 0.000 0.000 0.000 0.000 0.000 0.000 0.000 0.000 0.000 0.000 0.000 0.000 0.000 0.000 0.000 0.000 0.000 0.000 0.000 0.000 0.000 0.000 0.000 0.000 0.000 0.000 0.000 0.000 0.000 0.000 0.000 0.000 0.000 0.000 0.000 0.000 0.000 0.000 0.000 0.000 0.000 0.000 0.000 0.000 0.000 0.000
0.014 0.014 0.014 0.013 0.013 0.013 0.013 0.012 0.012 0.012 0.012 0.012 0.011 0.011 0.011 0.010 0.010 0.009 0.009 0.008 0.008 0.008 0.007 0.006 0.006 0.005 0.005 0.004 0.003 0.002 0.001 0.000 0.000 0.000 0.000 0.000 0.000 0.000 0.000 0.000 0.000 0.000 0.000 0.000 0.000 0.000 0.000 0.000 0.000 0.000 0.000 0.000 0.000 0.000 0.000 0.000 0.000 0.000 0.000 0.000 0.000 0.000 0.000 0.000 0.000 0.000 0.000 0.000 0.000 0.000 0.000 0.000 0.000 0.000 0.000 0.000 0.000
0.010 0.010 0.010 0.010 0.010 0.010 0.010 0.010 0.010 0.010 0.010 0.010 0.010 0.009 0.009 0.009 0.008 0.008 0.008 0.007 0.007 0.007 0.007 0.006 0.006 0.005 0.005 0.004 0.003 0.002 0.001 0.000 0.000 0.000 0.000 0.000 0.000 0.000 0.000 0.000 0.000 0.000 0.000 0.000 0.000 0.000 0.000 0.000 0.000 0.000 0.000 0.000 0.000 0.000 0.000 0.000 0.000 0.000 0.000 0.000 0.000 0.000 0.000 0.000 0.000 0.000 0.000 0.000 0.000 0.000 0.000 0.000 0.000 0.000 0.000 0.000 0.000
0.008 0.008 0.008 0.008 0.008 0.008 0.008 0.008 0.008 0.008 0.008 0.008 0.008 0.008 0.008 0.008 0.007 0.007 0.007 0.007 0.007 0.007 0.007 0.007 0.006 0.006 0.006 0.005 0.004 0.002 0.001 0.000 0.000 0.000 0.000 0.000 0.000 0.000 0.000 0.000 0.000 0.000 0.000 0.000 0.000 0.000 0.000 0.000 0.000 0.000 0.000 0.000 0.000 0.000 0.000 0.000 0.000 0.000 0.000 0.000 0.000 0.000 0.000 0.000 0.000 0.000 0.000 0.000 0.000 0.000 0.000 0.000 0.000 0.000 0.000 0.000 0.000
0.006 0.006 0.006 0.006 0.006 0.006 0.006 0.007 0.007 0.007 0.007 0.007 0.007 0.007 0.007 0.007 0.006 0.006 0.006 0.007 0.007 0.008 0.008 0.008 0.008 0.008 0.007 0.006 0.004 0.002 0.001 0.000 0.000 0.000 0.000 0.000 0.000 0.000 0.000 0.000 0.000 0.000 0.000 0.000 0.000 0.000 0.000 0.000 0.000 0.000 0.000 0.000 0.000 0.000 0.000 0.000 0.000 0.000 0.000 0.000 0.000 0.000 0.000 0.000 0.000 0.000 0.000 0.000 0.000 0.000 0.000 0.000 0.000 0.000 0.000 0.000 0.000
0.004 0.004 0.004 0.005 0.005 0.005 0.005 0.005 0.005 0.006 0.006 0.006 0.006 0.006 0.006 0.006 0.006 0.006 0.007 0.008 0.009 0.010 0.010 0.011 0.011 0.010 0.009 0.007 0.004 0.002 0.001 0.000 0.000 0.000 0.000 0.000 0.000 0.000 0.000 0.000 0.000 0.000 0.000 0.000 0.000 0.000 0.000 0.000 0.000 0.000 0.000 0.000 0.000 0.000 0.000 0.000 0.000 0.000 0.000 0.000 0.000 0.000 0.000 0.000 0.000 0.000 0.000 0.000 0.000 0.000 0.000 0.000 0.000 0.000 0.000 0.000 0.000
0.003 0.003 0.003 0.003 0.003 0.004 0.004 0.004 0.004 0.004 0.005 0.005 0.005 0.005 0.005 0.005 0.006 0.007 0.008 0.010 0.011 0.012 0.013 0.013 0.012 0.011 0.009 0.007 0.004 0.002 0.001 0.000 0.000 0.000 0.000 0.000 0.000 0.000 0.000 0.000 0.000 0.000 0.000 0.000 0.000 0.000 0.000 0.000 0.000 0.000 0.000 0.000 0.000 0.000 0.000 0.000 0.000 0.000 0.000 0.000 0.000 0.000 0.000 0.000 0.000 0.000 0.000 0.000 0.000 0.000 0.000 0.000 0.000 0.000 0.000 0.000 0.000
0.002 0.002 0.002 0.002 0.002 0.003 0.003 0.003 0.003 0.004 0.004 0.004 0.004 0.004 0.005 0.006 0.007 0.009 0.011 0.013 0.014 0.014 0.014 0.014 0.013 0.012 0.010 0.007 0.004 0.002 0.001 0.000 0.000 0.000 0.000 0.000 0.000 0.000 0.000 0.000 0.000 0.000 0.000 0.000 0.000 0.000 0.000 0.000 0.000 0.000 0.000 0.000 0.000 0.000 0.000 0.000 0.000 0.000 0.000 0.000 0.000 0.000 0.000 0.000 0.000 0.000 0.000 0.000 0.000 0.000 0.000 0.000 0.000 0.000 0.000 0.000 0.000
0.001 0.001 0.001 0.001 0.002 0.002 0.002 0.002 0.003 0.003 0.003 0.003 0.004 0.004 0.005 0.007 0.009 0.011 0.013 0.014 0.015 0.015 0.014 0.014 0.013 0.011 0.009 0.007 0.004 0.002 0.001 0.000 0.000 0.000 0.000 0.000 0.000 0.000 0.000 0.000 0.000 0.000 0.000 0.000 0.000 0.000 0.000 0.000 0.000 0.000 0.000 0.000 0.000 0.000 0.000 0.000 0.000 0.000 0.000 0.000 0.000 0.000 0.000 0.000 0.000 0.000 0.000 0.000 0.000 0.000 0.000 0.000 0.000 0.000 0.000 0.000 0.000
0.001 0.001 0.001 0.001 0.001 0.001 0.001 0.001 0.002 0.002 0.002 0.003 0.003 0.004 0.005 0.007 0.009 0.012 0.013 0.014 0.015 0.015 0.014 0.014 0.013 0.011 0.009 0.006 0.004 0.002 0.001 0.000 0.000 0.000 0.000 0.000 0.000 0.000 0.000 0.000 0.000 0.000 0.000 0.000 0.000 0.000 0.000 0.000 0.000 0.000 0.000 0.000 0.000 0.000 0.000 0.000 0.000 0.000 0.000 0.000 0.000 0.000 0.000 0.000 0.000 0.000 0.000 0.000 0.000 0.000 0.000 0.000 0.000 0.000 0.000 0.000 0.000
0.000 0.000 0.000 0.000 0.000 0.000 0.001 0.001 0.001 0.002 0.002 0.002 0.003 0.004 0.005 0.007 0.010 0.012 0.013 0.014 0.014 0.014 0.014 0.013 0.012 0.011 0.009 0.006 0.004 0.002 0.001 0.000 0.000 0.000 0.000 0.000 0.000 0.000 0.000 0.000 0.000 0.000 0.000 0.000 0.000 0.000 0.000 0.000 0.000 0.000 0.000 0.000 0.000 0.000 0.000 0.000 0.000 0.000 0.000 0.000 0.000 0.000 0.000 0.000 0.000 0.000 0.000 0.000 0.000 0.000 0.000 0.000 0.000 0.000 0.000 0.000 0.000
0.000 0.000 0.000 0.000 0.000 0.000 0.000 0.000 0.001 0.001 0.001 0.002 0.003 0.004 0.005 0.007 0.009 0.012 0.013 0.014 0.014 0.014 0.013 0.013 0.012 0.010 0.008 0.005 0.003 0.002 0.000 0.000 0.000 0.000 0.000 0.000 0.000 0.000 0.000 0.000 0.000 0.000 0.000 0.000 0.000 0.000 0.000 0.000 0.000 0.000 0.000 0.000 0.000 0.000 0.000 0.000 0.000 0.000 0.000 0.000 0.000 0.000 0.000 0.000 0.000 0.000 0.000 0.000 0.000 0.000 0.000 0.000 0.000 0.000 0.000 0.000 0.000
