RESULTS/r.avaflow_results/21_results/21_ascii/21_hflow0059.asc
ncols 506
nrows 317
xllcenter 498237.50
yllcenter 5580050.00
cellsize 12.50
NODATA_value -9999.000
[rows 170 to 203 of 317, columns 77 to 153 of 506]
0.000 0.000 0.000 0.000 0.000 0.000 0.000 0.000 0.000 0.000 0.000 0.000 0.000 0.000 0.000 0.000 0.000 0.000 0.000 0.000 0.000 0.000 0.001 0.001 0.002 0.002 0.002 0.002 0.002 0.002 0.002 0.002 0.002 0.001 0.001 0.001 0.001 0.001 0.001 0.001 0.001 0.001 0.002 0.003 0.004 0.006 0.009 0.014 0.021 0.036 0.072 0.161 0.372 0.790 1.458 2.306 3.292 4.532 6.162 8.193 10.368 12.143 13.387 14.096 14.337 14.303 14.123 13.851 13.513 13.055 12.400 11.559 10.709 10.019 9.471 9.025 8.678
0.000 0.000 0.000 0.000 0.000 0.000 0.000 0.000 0.000 0.000 0.000 0.000 0.000 0.000 0.000 0.000 0.000 0.000 0.000 0.000 0.000 0.001 0.002 0.003 0.003 0.004 0.004 0.004 0.004 0.004 0.004 0.003 0.003 0.002 0.002 0.002 0.002 0.002 0.002 0.002 0.002 0.002 0.003 0.004 0.006 0.010 0.014 0.023 0.040 0.080 0.177 0.398 0.825 1.507 2.372 3.329 4.425 5.795 7.565 9.725 11.741 13.212 14.139 14.567 14.625 14.509 14.267 13.928 13.527 13.056 12.507 11.966 11.594 11.403 11.336 11.347 11.482
0.000 0.000 0.000 0.000 0.000 0.000 0.000 0.000 0.000 0.000 0.000 0.000 0.000 0.000 0.000 0.000 0.000 0.000 0.000 0.000 0.001 0.002 0.003 0.005 0.005 0.006 0.006 0.006 0.006 0.006 0.005 0.005 0.004 0.004 0.003 0.003 0.003 0.003 0.003 0.003 0.004 0.004 0.005 0.007 0.010 0.015 0.025 0.045 0.089 0.195 0.425 0.849 1.459 2.178 2.959 3.856 4.978 6.428 8.268 10.449 12.287 13.559 14.301 14.609 14.627 14.512 14.291 13.985 13.652 13.345 13.097 12.989 13.017 13.109 13.292 13.676 14.367
0.000 0.000 0.000 0.000 0.000 0.000 0.000 0.000 0.000 0.000 0.000 0.000 0.000 0.000 0.000 0.000 0.000 0.000 0.000 0.001 0.002 0.004 0.006 0.007 0.008 0.008 0.008 0.008 0.008 0.008 0.008 0.007 0.006 0.005 0.004 0.004 0.004 0.004 0.005 0.005 0.005 0.006 0.007 0.010 0.016 0.026 0.049 0.098 0.211 0.449 0.873 1.427 2.017 2.613 3.252 4.038 5.122 6.589 8.455 10.597 12.325 13.516 14.196 14.481 14.521 14.453 14.324 14.181 14.089 14.067 14.062 14.079 14.135 14.281 14.619 15.309 16.451
0.000 0.000 0.000 0.000 0.000 0.000 0.000 0.000 0.000 0.000 0.000 0.000 0.000 0.000 0.000 0.000 0.000 0.000 0.001 0.002 0.004 0.007 0.008 0.010 0.010 0.011 0.011 0.011 0.011 0.010 0.010 0.009 0.008 0.006 0.006 0.005 0.005 0.006 0.006 0.007 0.007 0.008 0.011 0.016 0.027 0.051 0.104 0.220 0.452 0.850 1.348 1.850 2.339 2.826 3.365 4.064 5.093 6.539 8.401 10.484 12.112 13.206 13.844 14.170 14.321 14.397 14.453 14.501 14.549 14.587 14.594 14.599 14.653 14.867 15.372 16.281 17.633
0.000 0.000 0.000 0.000 0.000 0.000 0.000 0.000 0.000 0.000 0.000 0.000 0.000 0.000 0.000 0.000 0.000 0.001 0.002 0.004 0.006 0.009 0.011 0.012 0.013 0.013 0.013 0.013 0.013 0.013 0.012 0.011 0.009 0.007 0.006 0.006 0.006 0.007 0.007 0.008 0.009 0.011 0.016 0.026 0.050 0.104 0.217 0.434 0.783 1.209 1.634 2.048 2.459 2.893 3.388 4.018 4.935 6.301 8.138 10.138 11.631 12.625 13.267 13.710 14.051 14.313 14.482 14.587 14.654 14.676 14.667 14.661 14.721 14.989 15.604 16.611 17.978
0.000 0.000 0.000 0.000 0.000 0.000 0.000 0.000 0.000 0.000 0.000 0.000 0.000 0.000 0.000 0.000 0.000 0.001 0.002 0.005 0.008 0.011 0.013 0.014 0.015 0.015 0.016 0.016 0.015 0.015 0.014 0.013 0.011 0.009 0.007 0.007 0.007 0.007 0.008 0.009 0.011 0.015 0.024 0.044 0.093 0.200 0.396 0.692 1.048 1.406 1.753 2.102 2.480 2.898 3.368 3.916 4.662 5.868 7.643 9.572 10.960 11.893 12.577 13.160 13.673 14.058 14.273 14.366 14.390 14.354 14.301 14.268 14.329 14.659 15.364 16.430 17.794
0.000 0.000 0.000 0.000 0.000 0.000 0.000 0.000 0.000 0.000 0.000 0.000 0.000 0.000 0.000 0.000 0.000 0.001 0.002 0.005 0.009 0.012 0.014 0.016 0.017 0.017 0.018 0.018 0.017 0.017 0.016 0.014 0.012 0.009 0.008 0.007 0.007 0.007 0.008 0.009 0.012 0.019 0.035 0.074 0.163 0.331 0.583 0.882 1.183 1.480 1.779 2.105 2.470 2.874 3.314 3.799 4.414 5.428 7.044 8.873 10.188 11.095 11.819 12.470 13.016 13.381 13.545 13.571 13.516 13.386 13.257 13.178 13.230 13.610 14.419 15.602 17.040
0.000 0.000 0.000 0.000 0.000 0.000 0.000 0.000 0.000 0.000 0.000 0.000 0.000 0.000 0.000 0.000 0.000 0.001 0.002 0.005 0.009 0.013 0.016 0.018 0.019 0.019 0.019 0.019 0.019 0.019 0.018 0.016 0.013 0.010 0.008 0.007 0.007 0.008 0.008 0.010 0.013 0.023 0.048 0.109 0.237 0.445 0.709 0.973 1.229 1.491 1.776 2.092 2.441 2.822 3.233 3.678 4.224 5.097 6.496 8.116 9.311 10.170 10.874 11.471 11.915 12.156 12.211 12.153 11.997 11.738 11.519 11.405 11.471 11.932 12.872 14.210 15.789
0.000 0.000 0.000 0.000 0.000 0.000 0.000 0.000 0.000 0.000 0.000 0.000 0.000 0.000 0.000 0.000 0.000 0.001 0.002 0.005 0.009 0.014 0.017 0.019 0.020 0.021 0.021 0.021 0.021 0.020 0.019 0.017 0.014 0.011 0.009 0.007 0.007 0.008 0.008 0.010 0.013 0.024 0.056 0.135 0.290 0.520 0.767 1.000 1.234 1.484 1.759 2.063 2.391 2.748 3.132 3.548 4.044 4.802 5.987 7.308 8.279 9.001 9.590 10.049 10.332 10.416 10.363 10.222 9.965 9.651 9.464 9.425 9.643 10.256 11.277 12.654 14.288
0.000 0.000 0.000 0.000 0.000 0.000 0.000 0.000 0.000 0.000 0.000 0.000 0.000 0.000 0.000 0.000 0.000 0.001 0.002 0.005 0.009 0.014 0.018 0.020 0.021 0.022 0.022 0.022 0.022 0.021 0.020 0.018 0.015 0.012 0.009 0.008 0.007 0.007 0.008 0.009 0.013 0.025 0.058 0.147 0.319 0.557 0.782 0.997 1.219 1.460 1.723 2.010 2.320 2.656 3.016 3.405 3.860 4.511 5.486 6.476 7.146 7.622 7.997 8.270 8.410 8.426 8.369 8.246 8.049 7.867 7.782 7.833 8.165 8.840 9.838 11.129 12.672
0.000 0.000 0.000 0.000 0.000 0.000 0.000 0.000 0.000 0.000 0.000 0.000 0.000 0.000 0.000 0.000 0.000 0.001 0.002 0.004 0.008 0.013 0.018 0.021 0.022 0.023 0.023 0.023 0.022 0.022 0.021 0.019 0.016 0.013 0.010 0.008 0.007 0.007 0.008 0.009 0.013 0.024 0.058 0.149 0.328 0.567 0.777 0.974 1.182 1.410 1.658 1.929 2.224 2.543 2.882 3.244 3.654 4.198 4.968 5.684 6.131 6.399 6.576 6.693 6.750 6.747 6.698 6.613 6.496 6.414 6.393 6.511 6.869 7.502 8.404 9.561 10.932
0.000 0.000 0.000 0.000 0.000 0.000 0.000 0.000 0.000 0.000 0.000 0.000 0.000 0.000 0.000 0.000 0.000 0.000 0.001 0.002 0.005 0.011 0.017 0.021 0.023 0.023 0.023 0.023 0.023 0.022 0.021 0.020 0.017 0.014 0.011 0.008 0.007 0.007 0.007 0.009 0.012 0.022 0.054 0.142 0.320 0.556 0.753 0.929 1.115 1.322 1.554 1.813 2.094 2.395 2.714 3.050 3.413 3.848 4.417 4.924 5.234 5.387 5.455 5.478 5.475 5.445 5.392 5.316 5.232 5.187 5.195 5.329 5.647 6.172 6.916 7.882 9.036
0.000 0.000 0.000 0.000 0.000 0.000 0.000 0.000 0.000 0.000 0.000 0.000 0.000 0.000 0.000 0.000 0.000 0.000 0.000 0.001 0.003 0.007 0.014 0.020 0.023 0.024 0.024 0.023 0.023 0.023 0.022 0.020 0.018 0.015 0.011 0.009 0.007 0.007 0.007 0.008 0.010 0.019 0.046 0.121 0.282 0.508 0.697 0.856 1.014 1.187 1.386 1.620 1.884 2.173 2.479 2.793 3.118 3.464 3.865 4.213 4.434 4.540 4.572 4.561 4.528 4.479 4.410 4.312 4.204 4.140 4.134 4.227 4.458 4.841 5.401 6.160 7.110
0.000 0.000 0.000 0.000 0.000 0.000 0.000 0.000 0.000 0.000 0.000 0.000 0.000 0.000 0.000 0.000 0.000 0.000 0.000 0.001 0.001 0.004 0.010 0.018 0.022 0.024 0.024 0.023 0.023 0.023 0.022 0.021 0.019 0.016 0.013 0.010 0.008 0.007 0.007 0.007 0.009 0.014 0.032 0.084 0.208 0.407 0.593 0.742 0.867 0.989 1.122 1.288 1.507 1.786 2.100 2.425 2.748 3.049 3.337 3.574 3.733 3.819 3.846 3.829 3.788 3.730 3.640 3.512 3.361 3.247 3.191 3.211 3.330 3.580 3.987 4.564 5.302
0.000 0.000 0.000 0.000 0.000 0.000 0.000 0.000 0.000 0.000 0.000 0.000 0.000 0.000 0.000 0.000 0.000 0.000 0.000 0.000 0.001 0.002 0.005 0.013 0.020 0.023 0.023 0.023 0.023 0.023 0.022 0.021 0.019 0.017 0.014 0.011 0.008 0.007 0.007 0.007 0.008 0.011 0.020 0.047 0.120 0.265 0.436 0.567 0.655 0.718 0.775 0.849 0.979 1.197 1.508 1.877 2.260 2.580 2.819 2.995 3.113 3.181 3.203 3.187 3.145 3.083 2.980 2.832 2.659 2.496 2.372 2.314 2.338 2.468 2.733 3.131 3.629
0.000 0.000 0.000 0.000 0.000 0.000 0.000 0.000 0.000 0.000 0.000 0.000 0.000 0.000 0.000 0.000 0.000 0.000 0.000 0.000 0.000 0.001 0.003 0.008 0.016 0.021 0.023 0.023 0.023 0.023 0.022 0.021 0.020 0.018 0.016 0.012 0.009 0.008 0.007 0.007 0.008 0.009 0.014 0.027 0.064 0.145 0.264 0.360 0.415 0.441 0.455 0.470 0.514 0.635 0.881 1.241 1.647 2.016 2.270 2.434 2.536 2.592 2.607 2.589 2.548 2.483 2.376 2.227 2.055 1.872 1.692 1.567 1.522 1.559 1.692 1.916 2.171
0.000 0.000 0.000 0.000 0.000 0.000 0.000 0.000 0.000 0.000 0.000 0.000 0.000 0.000 0.000 0.000 0.000 0.000 0.000 0.000 0.000 0.001 0.001 0.004 0.010 0.017 0.021 0.022 0.023 0.023 0.022 0.022 0.020 0.019 0.017 0.014 0.011 0.009 0.008 0.008 0.008 0.009 0.011 0.018 0.035 0.075 0.144 0.204 0.239 0.252 0.252 0.247 0.253 0.294 0.418 0.673 1.034 1.408 1.686 1.867 1.975 2.030 2.045 2.025 1.980 1.911 1.807 1.673 1.521 1.344 1.143 0.982 0.891 0.866 0.898 0.981 1.057
0.000 0.000 0.000 0.000 0.000 0.000 0.000 0.000 0.000 0.000 0.000 0.000 0.000 0.000 0.000 0.000 0.000 0.000 0.000 0.000 0.000 0.000 0.001 0.002 0.005 0.011 0.018 0.021 0.022 0.022 0.022 0.022 0.021 0.019 0.018 0.015 0.012 0.010 0.009 0.008 0.008 0.009 0.010 0.014 0.023 0.043 0.079 0.115 0.137 0.146 0.146 0.139 0.136 0.144 0.187 0.303 0.527 0.827 1.107 1.295 1.410 1.474 1.498 1.483 1.438 1.369 1.276 1.165 1.040 0.887 0.707 0.558 0.465 0.419 0.402 0.407 0.410
0.000 0.000 0.000 0.000 0.000 0.000 0.000 0.000 0.000 0.000 0.000 0.000 0.000 0.000 0.000 0.000 0.000 0.000 0.000 0.000 0.000 0.000 0.000 0.001 0.002 0.006 0.012 0.018 0.020 0.021 0.022 0.021 0.021 0.020 0.018 0.016 0.013 0.011 0.009 0.008 0.008 0.009 0.009 0.012 0.017 0.028 0.049 0.071 0.087 0.093 0.094 0.090 0.085 0.084 0.094 0.134 0.228 0.392 0.590 0.750 0.856 0.921 0.954 0.954 0.924 0.869 0.795 0.710 0.618 0.510 0.384 0.282 0.219 0.185 0.167 0.158 0.152
0.000 0.000 0.000 0.000 0.000 0.000 0.000 0.000 0.000 0.000 0.000 0.000 0.000 0.000 0.000 0.000 0.000 0.000 0.000 0.000 0.000 0.000 0.000 0.001 0.001 0.003 0.006 0.012 0.017 0.020 0.021 0.021 0.021 0.020 0.018 0.016 0.013 0.011 0.010 0.009 0.008 0.008 0.009 0.010 0.014 0.021 0.035 0.050 0.061 0.066 0.067 0.065 0.061 0.058 0.059 0.069 0.100 0.164 0.260 0.352 0.417 0.458 0.478 0.483 0.474 0.447 0.406 0.357 0.308 0.249 0.181 0.129 0.099 0.083 0.074 0.069 0.064
0.000 0.000 0.000 0.000 0.000 0.000 0.000 0.000 0.000 0.000 0.000 0.000 0.000 0.000 0.000 0.000 0.000 0.000 0.000 0.000 0.000 0.000 0.000 0.000 0.001 0.001 0.003 0.006 0.012 0.017 0.020 0.021 0.021 0.020 0.018 0.016 0.014 0.012 0.010 0.009 0.008 0.008 0.008 0.009 0.012 0.017 0.026 0.037 0.045 0.049 0.051 0.050 0.047 0.043 0.042 0.044 0.052 0.073 0.109 0.148 0.177 0.194 0.202 0.205 0.202 0.193 0.176 0.154 0.132 0.108 0.080 0.060 0.048 0.041 0.038 0.035 0.033
0.000 0.000 0.000 0.000 0.000 0.000 0.000 0.000 0.000 0.000 0.000 0.000 0.000 0.000 0.000 0.000 0.000 0.000 0.000 0.000 0.000 0.000 0.000 0.000 0.000 0.001 0.001 0.003 0.006 0.012 0.017 0.019 0.020 0.019 0.018 0.016 0.014 0.012 0.010 0.009 0.008 0.008 0.008 0.008 0.010 0.014 0.020 0.028 0.034 0.037 0.038 0.038 0.036 0.033 0.031 0.031 0.033 0.039 0.052 0.066 0.077 0.083 0.086 0.087 0.085 0.082 0.075 0.067 0.058 0.049 0.039 0.031 0.027 0.024 0.022 0.021 0.020
0.000 0.000 0.000 0.000 0.000 0.000 0.000 0.000 0.000 0.000 0.000 0.000 0.000 0.000 0.000 0.000 0.000 0.000 0.000 0.000 0.000 0.000 0.000 0.000 0.000 0.000 0.001 0.001 0.003 0.006 0.012 0.016 0.018 0.018 0.018 0.016 0.014 0.011 0.010 0.009 0.008 0.007 0.007 0.007 0.008 0.011 0.015 0.020 0.025 0.027 0.028 0.028 0.027 0.025 0.023 0.022 0.022 0.024 0.029 0.034 0.038 0.040 0.041 0.041 0.041 0.039 0.036 0.033 0.029 0.026 0.022 0.019 0.017 0.016 0.015 0.014 0.014
0.000 0.000 0.000 0.000 0.000 0.000 0.000 0.000 0.000 0.000 0.000 0.000 0.000 0.000 0.000 0.000 0.000 0.000 0.000 0.000 0.000 0.001 0.001 0.000 0.000 0.000 0.001 0.001 0.001 0.003 0.007 0.012 0.015 0.016 0.016 0.015 0.013 0.011 0.010 0.008 0.007 0.006 0.006 0.006 0.007 0.008 0.010 0.014 0.017 0.019 0.019 0.019 0.019 0.018 0.016 0.015 0.015 0.016 0.017 0.020 0.021 0.022 0.023 0.023 0.023 0.022 0.020 0.019 0.017 0.016 0.014 0.013 0.012 0.011 0.011 0.010 0.010
0.000 0.000 0.000 0.000 0.000 0.000 0.000 0.000 0.000 0.000 0.000 0.000 0.000 0.000 0.000 0.000 0.000 0.000 0.000 0.000 0.001 0.001 0.001 0.001 0.001 0.000 0.000 0.001 0.001 0.001 0.003 0.007 0.011 0.013 0.014 0.013 0.012 0.011 0.009 0.008 0.006 0.005 0.005 0.005 0.005 0.005 0.006 0.008 0.010 0.012 0.012 0.013 0.012 0.012 0.011 0.010 0.010 0.010 0.011 0.012 0.013 0.013 0.014 0.014 0.014 0.013 0.012 0.012 0.011 0.010 0.009 0.009 0.008 0.008 0.008 0.008 0.008
0.000 0.000 0.000 0.000 0.000 0.000 0.000 0.000 0.000 0.000 0.000 0.000 0.000 0.000 0.000 0.000 0.000 0.000 0.000 0.000 0.001 0.001 0.001 0.001 0.001 0.000 0.000 0.000 0.000 0.001 0.002 0.003 0.006 0.009 0.010 0.011 0.011 0.010 0.009 0.007 0.006 0.005 0.004 0.003 0.003 0.003 0.004 0.005 0.006 0.007 0.007 0.007 0.007 0.007 0.007 0.006 0.006 0.007 0.007 0.008 0.008 0.009 0.009 0.009 0.009 0.008 0.008 0.007 0.007 0.007 0.006 0.006 0.006 0.006 0.006 0.006 0.006
0.000 0.000 0.000 0.000 0.000 0.000 0.000 0.000 0.000 0.000 0.000 0.000 0.000 0.000 0.000 0.000 0.000 0.000 0.000 0.001 0.001 0.001 0.001 0.001 0.001 0.001 0.000 0.000 0.000 0.000 0.001 0.002 0.003 0.005 0.007 0.008 0.008 0.008 0.007 0.006 0.005 0.004 0.003 0.002 0.002 0.002 0.002 0.002 0.003 0.003 0.004 0.004 0.004 0.004 0.004 0.004 0.004 0.004 0.005 0.005 0.005 0.005 0.006 0.006 0.006 0.005 0.005 0.005 0.005 0.005 0.005 0.004 0.004 0.004 0.004 0.004 0.004
0.000 0.000 0.000 0.000 0.000 0.000 0.000 0.000 0.000 0.000 0.000 0.000 0.000 0.000 0.000 0.000 0.000 0.001 0.001 0.001 0.001 0.001 0.001 0.001 0.001 0.001 0.001 0.000 0.000 0.000 0.001 0.001 0.002 0.003 0.004 0.004 0.005 0.005 0.005 0.005 0.004 0.003 0.002 0.001 0.001 0.001 0.001 0.001 0.001 0.002 0.002 0.002 0.002 0.002 0.002 0.002 0.002 0.003 0.003 0.003 0.003 0.003 0.003 0.003 0.003 0.003 0.003 0.003 0.003 0.003 0.003 0.003 0.003 0.003 0.003 0.003 0.003
0.000 0.000 0.000 0.000 0.000 0.000 0.000 0.000 0.000 0.000 0.000 0.000 0.000 0.000 0.000 0.000 0.000 0.001 0.001 0.001 0.001 0.001 0.001 0.001 0.001 0.001 0.001 0.001 0.000 0.000 0.001 0.001 0.001 0.001 0.002 0.002 0.002 0.002 0.002 0.002 0.002 0.001 0.001 0.001 0.001 0.001 0.001 0.001 0.001 0.001 0.001 0.001 0.001 0.001 0.001 0.001 0.001 0.001 0.002 0.002 0.002 0.002 0.002 0.002 0.002 0.002 0.002 0.002 0.002 0.002 0.002 0.002 0.002 0.002 0.002 0.002 0.002
0.000 0.000 0.000 0.000 0.001 0.000 0.000 0.000 0.000 0.000 0.000 0.000 0.000 0.000 0.000 0.000 0.000 0.001 0.001 0.001 0.001 0.001 0.001 0.001 0.001 0.001 0.001 0.001 0.001 0.001 0.001 0.001 0.001 0.001 0.001 0.001 0.001 0.001 0.001 0.001 0.001 0.001 0.001 0.001 0.001 0.000 0.000 0.000 0.000 0.000 0.000 0.000 0.000 0.000 0.000 0.000 0.000 0.001 0.001 0.001 0.001 0.001 0.001 0.001 0.001 0.001 0.001 0.001 0.001 0.001 0.001 0.001 0.001 0.001 0.001 0.001 0.001
0.000 0.000 0.000 0.000 0.000 0.000 0.000 0.000 0.000 0.000 0.000 0.000 0.000 0.000 0.000 0.000 0.001 0.001 0.001 0.001 0.001 0.001 0.001 0.001 0.001 0.001 0.001 0.001 0.001 0.001 0.001 0.001 0.001 0.001 0.001 0.001 0.001 0.001 0.001 0.001 0.001 0.001 0.001 0.001 0.001 0.001 0.000 0.000 0.000 0.000 0.000 0.000 0.000 0.000 0.000 0.000 0.000 0.000 0.001 0.001 0.001 0.001 0.001 0.001 0.001 0.001 0.001 0.001 0.001 0.001 0.001 0.001 0.001 0.000 0.000 0.000 0.001
0.000 0.000 0.000 0.000 0.000 0.000 0.000 0.000 0.000 0.000 0.000 0.000 0.000 0.000 0.000 0.000 0.001 0.001 0.001 0.001 0.001 0.001 0.001 0.001 0.001 0.001 0.001 0.001 0.001 0.001 0.001 0.001 0.001 0.001 0.000 0.000 0.000 0.000 0.001 0.001 0.001 0.001 0.001 0.001 0.001 0.001 0.001 0.000 0.000 0.000 0.000 0.000 0.000 0.000 0.000 0.000 0.000 0.000 0.000 0.001 0.001 0.001 0.001 0.001 0.001 0.001 0.001 0.001 0.001 0.001 0.001 0.001 0.001 0.000 0.000 0.000 0.000
0.000 0.000 0.000 0.000 0.000 0.000 0.000 0.000 0.000 0.000 0.000 0.000 0.000 0.000 0.000 0.001 0.001 0.001 0.001 0.001 0.001 0.001 0.001 0.001 0.001 0.001 0.001 0.001 0.001 0.001 0.001 0.001 0.001 0.001 0.001 0.000 0.000 0.000 0.000 0.001 0.001 0.001 0.001 0.001 0.001 0.001 0.001 0.001 0.000 0.000 0.000 0.000 0.000 0.000 0.000 0.000 0.000 0.000 0.000 0.000 0.001 0.001 0.001 0.001 0.001 0.001 0.001 0.001 0.001 0.001 0.001 0.000 0.000 0.000 0.000 0.000 0.000
