RESULTS/r.avaflow_results/21_results/21_ascii/21_hflow0040.asc
ncols 506
nrows 317
xllcenter 498237.50
yllcenter 5580050.00
cellsize 12.50
NODATA_value -9999.000
[rows 170 to 203 of 317, columns 154 to 230 of 506]
8.532 8.323 8.114 7.898 7.662 7.411 7.169 6.955 6.764 6.587 6.419 6.254 6.071 5.818 5.429 4.879 4.190 3.420 2.667 1.989 1.404 0.937 0.602 0.392 0.270 0.203 0.171 0.161 0.161 0.169 0.193 0.224 0.249 0.269 0.287 0.308 0.336 0.356 0.364 0.363 0.355 0.343 0.329 0.316 0.299 0.273 0.235 0.200 0.171 0.145 0.122 0.103 0.089 0.080 0.075 0.074 0.075 0.078 0.082 0.086 0.088 0.089 0.089 0.089 0.089 0.091 0.097 0.116 0.159 0.226 0.277 0.298 0.299 0.280 0.230 0.169 0.124
11.902 12.039 12.057 12.001 11.870 11.643 11.346 11.028 10.723 10.425 10.142 9.867 9.586 9.247 8.761 8.062 7.154 6.083 4.942 3.846 2.844 1.978 1.294 0.821 0.532 0.368 0.281 0.243 0.234 0.242 0.265 0.289 0.304 0.313 0.322 0.333 0.350 0.362 0.365 0.361 0.348 0.330 0.312 0.293 0.270 0.234 0.184 0.138 0.105 0.083 0.070 0.061 0.056 0.054 0.053 0.054 0.058 0.063 0.067 0.070 0.070 0.070 0.069 0.068 0.068 0.069 0.075 0.089 0.119 0.176 0.244 0.287 0.305 0.307 0.292 0.252 0.197
15.416 15.906 16.069 16.044 15.896 15.610 15.236 14.845 14.473 14.111 13.765 13.440 13.120 12.768 12.295 11.589 10.598 9.352 7.943 6.496 5.090 3.773 2.620 1.718 1.096 0.710 0.486 0.370 0.320 0.304 0.305 0.312 0.317 0.321 0.324 0.329 0.339 0.344 0.342 0.330 0.305 0.276 0.249 0.223 0.191 0.149 0.105 0.075 0.058 0.048 0.043 0.039 0.038 0.038 0.038 0.041 0.045 0.051 0.054 0.056 0.056 0.055 0.054 0.054 0.054 0.055 0.059 0.069 0.089 0.128 0.193 0.261 0.301 0.318 0.321 0.309 0.276
18.000 18.812 19.153 19.182 19.060 18.802 18.468 18.120 17.772 17.410 17.031 16.669 16.323 15.962 15.508 14.838 13.884 12.667 11.258 9.715 8.088 6.411 4.743 3.285 2.159 1.370 0.868 0.582 0.430 0.353 0.319 0.309 0.309 0.307 0.304 0.300 0.298 0.293 0.281 0.254 0.212 0.175 0.146 0.123 0.100 0.076 0.055 0.043 0.035 0.031 0.028 0.027 0.027 0.027 0.028 0.031 0.035 0.040 0.043 0.044 0.044 0.044 0.043 0.043 0.043 0.044 0.047 0.054 0.068 0.092 0.136 0.209 0.280 0.317 0.329 0.329 0.316
19.414 20.460 21.051 21.282 21.320 21.229 21.076 20.884 20.649 20.343 19.960 19.546 19.160 18.770 18.313 17.667 16.754 15.583 14.213 12.705 11.080 9.322 7.397 5.404 3.667 2.329 1.404 0.842 0.537 0.382 0.314 0.288 0.274 0.262 0.249 0.233 0.218 0.202 0.182 0.151 0.117 0.093 0.076 0.064 0.052 0.041 0.032 0.027 0.023 0.021 0.020 0.020 0.020 0.021 0.022 0.024 0.027 0.031 0.033 0.034 0.035 0.034 0.034 0.035 0.035 0.037 0.039 0.044 0.053 0.068 0.096 0.147 0.228 0.296 0.325 0.330 0.327
19.766 20.927 21.746 22.276 22.607 22.796 22.885 22.872 22.779 22.563 22.192 21.706 21.267 20.851 20.397 19.797 18.971 17.898 16.583 15.052 13.340 11.453 9.350 6.970 4.745 2.988 1.749 0.995 0.593 0.392 0.295 0.245 0.212 0.185 0.161 0.142 0.128 0.116 0.103 0.084 0.065 0.052 0.043 0.036 0.030 0.025 0.021 0.018 0.017 0.016 0.016 0.015 0.016 0.016 0.017 0.018 0.021 0.024 0.025 0.026 0.027 0.027 0.027 0.028 0.029 0.031 0.033 0.037 0.043 0.053 0.071 0.104 0.165 0.246 0.300 0.320 0.323
19.553 20.778 21.730 22.449 23.025 23.476 23.754 23.858 23.851 23.718 23.370 22.819 22.335 21.932 21.505 20.956 20.224 19.269 18.041 16.512 14.707 12.667 10.376 7.749 5.230 3.253 1.869 1.039 0.603 0.380 0.261 0.190 0.144 0.113 0.093 0.080 0.073 0.067 0.059 0.049 0.039 0.032 0.027 0.023 0.020 0.017 0.015 0.013 0.012 0.012 0.012 0.012 0.012 0.012 0.013 0.014 0.016 0.017 0.019 0.020 0.021 0.021 0.022 0.022 0.024 0.025 0.027 0.031 0.036 0.044 0.057 0.080 0.119 0.184 0.251 0.291 0.308
18.800 20.151 21.303 22.240 22.988 23.543 23.875 24.007 24.020 23.925 23.593 23.015 22.512 22.133 21.732 21.209 20.520 19.637 18.489 16.995 15.152 13.015 10.612 7.875 5.275 3.245 1.841 1.011 0.572 0.340 0.211 0.137 0.093 0.069 0.055 0.047 0.043 0.040 0.035 0.030 0.025 0.022 0.019 0.016 0.014 0.012 0.011 0.010 0.009 0.009 0.009 0.009 0.009 0.009 0.009 0.010 0.011 0.013 0.014 0.015 0.015 0.016 0.017 0.017 0.019 0.020 0.022 0.026 0.030 0.037 0.048 0.064 0.091 0.134 0.190 0.242 0.277
17.613 19.110 20.455 21.610 22.530 23.165 23.506 23.623 23.623 23.518 23.197 22.646 22.129 21.726 21.303 20.768 20.099 19.269 18.188 16.742 14.909 12.736 10.250 7.451 4.906 2.947 1.625 0.865 0.468 0.259 0.146 0.087 0.058 0.043 0.034 0.030 0.027 0.025 0.023 0.020 0.017 0.015 0.013 0.012 0.010 0.009 0.008 0.007 0.007 0.006 0.006 0.006 0.006 0.006 0.006 0.007 0.008 0.009 0.009 0.010 0.011 0.012 0.012 0.013 0.014 0.015 0.017 0.020 0.025 0.031 0.040 0.054 0.074 0.104 0.144 0.190 0.232
16.176 17.769 19.215 20.476 21.485 22.176 22.538 22.636 22.587 22.396 22.067 21.636 21.148 20.626 20.057 19.442 18.761 17.966 16.947 15.551 13.716 11.476 8.894 6.196 3.910 2.224 1.146 0.565 0.282 0.147 0.083 0.052 0.037 0.028 0.023 0.021 0.019 0.017 0.016 0.014 0.012 0.011 0.010 0.009 0.007 0.006 0.006 0.005 0.004 0.004 0.004 0.004 0.004 0.004 0.004 0.004 0.005 0.006 0.006 0.007 0.007 0.008 0.008 0.009 0.010 0.011 0.013 0.016 0.020 0.025 0.034 0.045 0.062 0.085 0.115 0.151 0.189
14.518 16.103 17.549 18.835 19.902 20.677 21.108 21.211 21.102 20.808 20.498 20.232 19.814 19.130 18.316 17.565 16.818 15.981 14.896 13.402 11.427 9.004 6.403 4.071 2.328 1.193 0.561 0.260 0.129 0.072 0.045 0.032 0.024 0.020 0.017 0.015 0.014 0.012 0.011 0.010 0.009 0.008 0.007 0.006 0.005 0.004 0.004 0.003 0.003 0.002 0.002 0.002 0.002 0.002 0.002 0.002 0.003 0.003 0.004 0.004 0.004 0.005 0.005 0.006 0.007 0.008 0.009 0.012 0.015 0.020 0.027 0.037 0.052 0.071 0.096 0.126 0.159
12.608 14.088 15.494 16.833 18.038 18.994 19.588 19.786 19.710 19.444 19.147 18.863 18.390 17.575 16.593 15.700 14.803 13.752 12.347 10.468 8.057 5.523 3.418 1.947 1.019 0.493 0.227 0.109 0.059 0.038 0.027 0.021 0.017 0.014 0.013 0.011 0.010 0.009 0.008 0.007 0.006 0.006 0.005 0.004 0.003 0.003 0.002 0.002 0.001 0.001 0.001 0.001 0.001 0.001 0.001 0.001 0.001 0.002 0.002 0.002 0.002 0.003 0.003 0.004 0.004 0.005 0.006 0.008 0.011 0.015 0.021 0.030 0.042 0.059 0.080 0.106 0.137
10.507 11.852 13.225 14.643 16.044 17.224 18.019 18.347 18.326 18.106 17.761 17.326 16.678 15.767 14.728 13.704 12.595 11.162 9.188 6.748 4.385 2.596 1.403 0.715 0.357 0.177 0.088 0.049 0.031 0.023 0.018 0.015 0.013 0.011 0.010 0.009 0.008 0.007 0.006 0.005 0.004 0.004 0.003 0.002 0.002 0.001 0.001 0.001 0.001 0.000 0.000 0.000 0.000 0.000 0.000 0.000 0.000 0.000 0.001 0.001 0.001 0.001 0.002 0.002 0.002 0.003 0.004 0.005 0.008 0.011 0.015 0.022 0.032 0.047 0.065 0.088 0.116
8.437 9.625 10.887 12.274 13.745 15.031 15.944 16.381 16.425 16.210 15.704 14.954 14.029 13.019 11.958 10.800 9.397 7.509 5.263 3.235 1.804 0.903 0.430 0.216 0.116 0.065 0.039 0.026 0.020 0.016 0.013 0.011 0.010 0.008 0.007 0.006 0.006 0.005 0.004 0.003 0.003 0.002 0.002 0.001 0.001 0.001 0.000 0.000 0.000 0.000 0.000 0.000 0.000 0.000 0.000 0.000 0.000 0.000 0.000 0.000 0.000 0.000 0.000 0.001 0.001 0.002 0.002 0.003 0.005 0.007 0.011 0.016 0.023 0.034 0.050 0.070 0.095
6.426 7.395 8.400 9.481 10.635 11.705 12.524 12.967 13.044 12.830 12.200 11.160 9.891 8.712 7.594 6.399 5.018 3.476 2.078 1.087 0.511 0.235 0.120 0.070 0.045 0.030 0.022 0.017 0.014 0.012 0.010 0.009 0.008 0.006 0.005 0.005 0.004 0.003 0.002 0.002 0.001 0.001 0.001 0.000 0.000 0.000 0.000 0.000 0.000 0.000 0.000 0.000 0.000 0.000 0.000 0.000 0.000 0.000 0.000 0.000 0.000 0.000 0.000 0.000 0.000 0.001 0.001 0.002 0.003 0.005 0.007 0.010 0.016 0.024 0.035 0.050 0.071
4.372 4.929 5.437 5.917 6.416 6.961 7.461 7.763 7.830 7.676 7.130 6.189 5.058 4.117 3.328 2.591 1.824 1.079 0.548 0.254 0.122 0.068 0.044 0.031 0.024 0.019 0.016 0.013 0.011 0.010 0.008 0.007 0.006 0.005 0.004 0.003 0.002 0.002 0.001 0.001 0.001 0.000 0.000 0.000 0.000 0.000 0.000 0.000 0.000 0.000 0.000 0.000 0.000 0.000 0.000 0.000 0.000 0.000 0.000 0.000 0.000 0.000 0.000 0.000 0.000 0.000 0.000 0.001 0.002 0.003 0.004 0.007 0.010 0.015 0.023 0.033 0.048
2.483 2.652 2.764 2.844 2.926 3.048 3.208 3.311 3.332 3.265 3.005 2.514 1.877 1.374 1.011 0.719 0.453 0.246 0.124 0.067 0.042 0.030 0.024 0.020 0.017 0.014 0.012 0.011 0.009 0.008 0.006 0.005 0.004 0.003 0.002 0.002 0.001 0.001 0.000 0.000 0.000 0.000 0.000 0.000 0.000 0.000 0.000 0.000 0.000 0.000 0.000 0.000 0.000 0.000 0.000 0.000 0.000 0.000 0.000 0.000 0.000 0.000 0.000 0.000 0.000 0.000 0.000 0.000 0.001 0.001 0.002 0.004 0.006 0.009 0.014 0.020 0.029
1.104 1.100 1.077 1.045 1.016 1.004 1.021 1.031 1.025 0.996 0.904 0.732 0.507 0.348 0.248 0.172 0.110 0.066 0.042 0.029 0.023 0.019 0.017 0.015 0.013 0.012 0.010 0.009 0.008 0.006 0.005 0.004 0.003 0.002 0.001 0.001 0.000 0.000 0.000 0.000 0.000 0.000 0.000 0.000 0.000 0.000 0.000 0.000 0.000 0.000 0.000 0.000 0.000 0.000 0.000 0.000 0.000 0.000 0.000 0.000 0.000 0.000 0.000 0.000 0.000 0.000 0.000 0.000 0.000 0.000 0.001 0.002 0.003 0.005 0.008 0.012 0.017
0.389 0.371 0.352 0.337 0.321 0.306 0.296 0.289 0.280 0.266 0.240 0.194 0.135 0.096 0.071 0.053 0.039 0.029 0.023 0.019 0.017 0.015 0.014 0.012 0.011 0.010 0.009 0.008 0.006 0.005 0.004 0.003 0.002 0.001 0.001 0.000 0.000 0.000 0.000 0.000 0.000 0.000 0.000 0.000 0.000 0.000 0.000 0.000 0.000 0.000 0.000 0.000 0.000 0.000 0.000 0.000 0.000 0.000 0.000 0.000 0.000 0.000 0.000 0.000 0.000 0.000 0.000 0.000 0.000 0.000 0.000 0.001 0.002 0.003 0.004 0.006 0.009
0.137 0.130 0.123 0.119 0.113 0.105 0.098 0.093 0.088 0.082 0.075 0.063 0.048 0.038 0.031 0.026 0.022 0.019 0.017 0.015 0.014 0.013 0.012 0.011 0.010 0.009 0.008 0.006 0.005 0.004 0.003 0.002 0.001 0.000 0.000 0.000 0.000 0.000 0.000 0.000 0.000 0.000 0.000 0.000 0.000 0.000 0.000 0.000 0.000 0.000 0.000 0.000 0.000 0.000 0.000 0.000 0.000 0.000 0.000 0.000 0.000 0.000 0.000 0.000 0.000 0.000 0.000 0.000 0.000 0.000 0.000 0.000 0.001 0.001 0.002 0.003 0.004
0.057 0.054 0.052 0.051 0.049 0.046 0.042 0.040 0.037 0.035 0.033 0.030 0.026 0.023 0.020 0.018 0.016 0.015 0.014 0.013 0.012 0.011 0.010 0.009 0.009 0.008 0.007 0.005 0.004 0.003 0.002 0.001 0.000 0.000 0.000 0.000 0.000 0.000 0.000 0.000 0.000 0.000 0.000 0.000 0.000 0.000 0.000 0.000 0.000 0.000 0.000 0.000 0.000 0.000 0.000 0.000 0.000 0.000 0.000 0.000 0.000 0.000 0.000 0.000 0.000 0.000 0.000 0.000 0.000 0.000 0.000 0.000 0.000 0.000 0.001 0.001 0.002
0.030 0.029 0.028 0.027 0.027 0.026 0.024 0.023 0.022 0.021 0.020 0.019 0.018 0.017 0.015 0.014 0.013 0.012 0.012 0.011 0.010 0.010 0.009 0.008 0.008 0.007 0.006 0.004 0.003 0.002 0.001 0.000 0.000 0.000 0.000 0.000 0.000 0.000 0.000 0.000 0.000 0.000 0.000 0.000 0.000 0.000 0.000 0.000 0.000 0.000 0.000 0.000 0.000 0.000 0.000 0.000 0.000 0.000 0.000 0.000 0.000 0.000 0.000 0.000 0.000 0.000 0.000 0.000 0.000 0.000 0.000 0.000 0.000 0.000 0.000 0.000 0.001
0.019 0.018 0.018 0.018 0.018 0.017 0.016 0.016 0.015 0.015 0.015 0.014 0.014 0.013 0.012 0.012 0.011 0.011 0.010 0.010 0.009 0.009 0.008 0.007 0.007 0.006 0.005 0.004 0.003 0.002 0.001 0.000 0.000 0.000 0.000 0.000 0.000 0.000 0.000 0.000 0.000 0.000 0.000 0.000 0.000 0.000 0.000 0.000 0.000 0.000 0.000 0.000 0.000 0.000 0.000 0.000 0.000 0.000 0.000 0.000 0.000 0.000 0.000 0.000 0.000 0.000 0.000 0.000 0.000 0.000 0.000 0.000 0.000 0.000 0.000 0.000 0.000
0.013 0.013 0.013 0.013 0.013 0.013 0.012 0.012 0.012 0.012 0.012 0.012 0.011 0.011 0.011 0.010 0.010 0.009 0.009 0.009 0.008 0.008 0.007 0.007 0.006 0.005 0.005 0.004 0.003 0.002 0.001 0.000 0.000 0.000 0.000 0.000 0.000 0.000 0.000 0.000 0.000 0.000 0.000 0.000 0.000 0.000 0.000 0.000 0.000 0.000 0.000 0.000 0.000 0.000 0.000 0.000 0.000 0.000 0.000 0.000 0.000 0.000 0.000 0.000 0.000 0.000 0.000 0.000 0.000 0.000 0.000 0.000 0.000 0.000 0.000 0.000 0.000
0.010 0.010 0.010 0.010 0.010 0.010 0.010 0.010 0.010 0.010 0.010 0.010 0.010 0.009 0.009 0.009 0.009 0.008 0.008 0.008 0.008 0.007 0.007 0.006 0.006 0.005 0.005 0.004 0.003 0.002 0.001 0.000 0.000 0.000 0.000 0.000 0.000 0.000 0.000 0.000 0.000 0.000 0.000 0.000 0.000 0.000 0.000 0.000 0.000 0.000 0.000 0.000 0.000 0.000 0.000 0.000 0.000 0.000 0.000 0.000 0.000 0.000 0.000 0.000 0.000 0.000 0.000 0.000 0.000 0.000 0.000 0.000 0.000 0.000 0.000 0.000 0.000
0.007 0.007 0.008 0.008 0.008 0.008 0.008 0.008 0.008 0.008 0.008 0.008 0.008 0.008 0.008 0.008 0.008 0.008 0.007 0.007 0.007 0.007 0.007 0.007 0.006 0.006 0.006 0.005 0.004 0.002 0.001 0.000 0.000 0.000 0.000 0.000 0.000 0.000 0.000 0.000 0.000 0.000 0.000 0.000 0.000 0.000 0.000 0.000 0.000 0.000 0.000 0.000 0.000 0.000 0.000 0.000 0.000 0.000 0.000 0.000 0.000 0.000 0.000 0.000 0.000 0.000 0.000 0.000 0.000 0.000 0.000 0.000 0.000 0.000 0.000 0.000 0.000
0.006 0.006 0.006 0.006 0.006 0.006 0.006 0.006 0.007 0.007 0.007 0.007 0.007 0.007 0.007 0.007 0.007 0.007 0.007 0.007 0.007 0.008 0.008 0.008 0.008 0.008 0.007 0.006 0.004 0.002 0.001 0.000 0.000 0.000 0.000 0.000 0.000 0.000 0.000 0.000 0.000 0.000 0.000 0.000 0.000 0.000 0.000 0.000 0.000 0.000 0.000 0.000 0.000 0.000 0.000 0.000 0.000 0.000 0.000 0.000 0.000 0.000 0.000 0.000 0.000 0.000 0.000 0.000 0.000 0.000 0.000 0.000 0.000 0.000 0.000 0.000 0.000
0.004 0.004 0.004 0.004 0.005 0.005 0.005 0.005 0.005 0.006 0.006 0.006 0.006 0.006 0.006 0.006 0.006 0.006 0.007 0.008 0.008 0.009 0.010 0.010 0.010 0.009 0.008 0.006 0.004 0.002 0.001 0.000 0.000 0.000 0.000 0.000 0.000 0.000 0.000 0.000 0.000 0.000 0.000 0.000 0.000 0.000 0.000 0.000 0.000 0.000 0.000 0.000 0.000 0.000 0.000 0.000 0.000 0.000 0.000 0.000 0.000 0.000 0.000 0.000 0.000 0.000 0.000 0.000 0.000 0.000 0.000 0.000 0.000 0.000 0.000 0.000 0.000
0.003 0.003 0.003 0.003 0.003 0.004 0.004 0.004 0.004 0.004 0.005 0.005 0.005 0.005 0.005 0.005 0.006 0.007 0.008 0.009 0.011 0.011 0.011 0.011 0.011 0.010 0.009 0.006 0.004 0.002 0.001 0.000 0.000 0.000 0.000 0.000 0.000 0.000 0.000 0.000 0.000 0.000 0.000 0.000 0.000 0.000 0.000 0.000 0.000 0.000 0.000 0.000 0.000 0.000 0.000 0.000 0.000 0.000 0.000 0.000 0.000 0.000 0.000 0.000 0.000 0.000 0.000 0.000 0.000 0.000 0.000 0.000 0.000 0.000 0.000 0.000 0.000
0.002 0.002 0.002 0.002 0.002 0.002 0.003 0.003 0.003 0.003 0.004 0.004 0.004 0.004 0.005 0.005 0.007 0.008 0.010 0.011 0.012 0.012 0.012 0.012 0.012 0.010 0.009 0.006 0.004 0.002 0.001 0.000 0.000 0.000 0.000 0.000 0.000 0.000 0.000 0.000 0.000 0.000 0.000 0.000 0.000 0.000 0.000 0.000 0.000 0.000 0.000 0.000 0.000 0.000 0.000 0.000 0.000 0.000 0.000 0.000 0.000 0.000 0.000 0.000 0.000 0.000 0.000 0.000 0.000 0.000 0.000 0.000 0.000 0.000 0.000 0.000 0.000
0.001 0.001 0.001 0.001 0.001 0.001 0.002 0.002 0.002 0.003 0.003 0.003 0.003 0.004 0.005 0.006 0.007 0.009 0.011 0.012 0.013 0.013 0.013 0.012 0.012 0.010 0.009 0.006 0.004 0.002 0.001 0.000 0.000 0.000 0.000 0.000 0.000 0.000 0.000 0.000 0.000 0.000 0.000 0.000 0.000 0.000 0.000 0.000 0.000 0.000 0.000 0.000 0.000 0.000 0.000 0.000 0.000 0.000 0.000 0.000 0.000 0.000 0.000 0.000 0.000 0.000 0.000 0.000 0.000 0.000 0.000 0.000 0.000 0.000 0.000 0.000 0.000
0.001 0.001 0.001 0.000 0.001 0.001 0.001 0.001 0.001 0.002 0.002 0.003 0.003 0.003 0.004 0.006 0.008 0.010 0.011 0.012 0.012 0.012 0.012 0.012 0.011 0.010 0.009 0.006 0.004 0.002 0.001 0.000 0.000 0.000 0.000 0.000 0.000 0.000 0.000 0.000 0.000 0.000 0.000 0.000 0.000 0.000 0.000 0.000 0.000 0.000 0.000 0.000 0.000 0.000 0.000 0.000 0.000 0.000 0.000 0.000 0.000 0.000 0.000 0.000 0.000 0.000 0.000 0.000 0.000 0.000 0.000 0.000 0.000 0.000 0.000 0.000 0.000
0.000 0.000 0.000 0.000 0.000 0.000 0.000 0.001 0.001 0.001 0.002 0.002 0.002 0.003 0.004 0.006 0.008 0.010 0.011 0.012 0.012 0.012 0.012 0.012 0.011 0.010 0.008 0.006 0.003 0.002 0.001 0.000 0.000 0.000 0.000 0.000 0.000 0.000 0.000 0.000 0.000 0.000 0.000 0.000 0.000 0.000 0.000 0.000 0.000 0.000 0.000 0.000 0.000 0.000 0.000 0.000 0.000 0.000 0.000 0.000 0.000 0.000 0.000 0.000 0.000 0.000 0.000 0.000 0.000 0.000 0.000 0.000 0.000 0.000 0.000 0.000 0.000
0.000 0.000 0.000 0.000 0.000 0.000 0.000 0.000 0.000 0.001 0.001 0.001 0.002 0.003 0.004 0.005 0.007 0.009 0.010 0.011 0.011 0.011 0.011 0.011 0.010 0.009 0.007 0.005 0.003 0.001 0.000 0.000 0.000 0.000 0.000 0.000 0.000 0.000 0.000 0.000 0.000 0.000 0.000 0.000 0.000 0.000 0.000 0.000 0.000 0.000 0.000 0.000 0.000 0.000 0.000 0.000 0.000 0.000 0.000 0.000 0.000 0.000 0.000 0.000 0.000 0.000 0.000 0.000 0.000 0.000 0.000 0.000 0.000 0.000 0.000 0.000 0.000
