RESULTS/r.avaflow_results/21_results/21_ascii/21_hflow30032.asc
ncols 506
nrows 317
xllcenter 498237.50
yllcenter 5580050.00
cellsize 12.50
NODATA_value -9999.000
[rows 170 to 203 of 317, columns 154 to 230 of 506]
8.329 8.137 7.945 7.752 7.540 7.310 7.090 6.898 6.727 6.570 6.423 6.278 6.115 5.883 5.517 4.993 4.331 3.581 2.834 2.156 1.562 1.077 0.719 0.483 0.341 0.260 0.219 0.203 0.201 0.206 0.223 0.242 0.254 0.262 0.268 0.277 0.292 0.306 0.312 0.312 0.309 0.307 0.309 0.311 0.307 0.297 0.275 0.245 0.213 0.182 0.155 0.134 0.117 0.105 0.098 0.096 0.097 0.100 0.105 0.109 0.114 0.118 0.120 0.121 0.121 0.121 0.123 0.127 0.139 0.155 0.164 0.166 0.161 0.136 0.082 0.040 0.018
11.724 11.879 11.910 11.872 11.755 11.541 11.259 10.961 10.674 10.397 10.135 9.880 9.617 9.298 8.834 8.166 7.293 6.254 5.133 4.048 3.050 2.178 1.477 0.977 0.660 0.472 0.366 0.316 0.300 0.302 0.311 0.316 0.312 0.306 0.301 0.301 0.306 0.312 0.314 0.310 0.301 0.294 0.290 0.286 0.276 0.254 0.216 0.168 0.128 0.102 0.086 0.076 0.070 0.066 0.065 0.067 0.070 0.075 0.079 0.083 0.084 0.085 0.085 0.085 0.083 0.083 0.083 0.086 0.093 0.101 0.104 0.104 0.098 0.079 0.047 0.022 0.010
15.211 15.726 15.916 15.917 15.794 15.535 15.188 14.822 14.474 14.135 13.810 13.502 13.196 12.857 12.400 11.715 10.749 9.532 8.148 6.718 5.324 4.016 2.865 1.950 1.304 0.887 0.633 0.492 0.423 0.387 0.364 0.345 0.328 0.314 0.304 0.300 0.299 0.300 0.296 0.283 0.263 0.246 0.231 0.216 0.195 0.164 0.124 0.090 0.069 0.058 0.051 0.047 0.045 0.045 0.045 0.048 0.052 0.057 0.060 0.062 0.062 0.062 0.061 0.060 0.058 0.057 0.056 0.058 0.060 0.063 0.063 0.061 0.055 0.041 0.023 0.011 0.005
17.751 18.593 18.972 19.037 18.948 18.727 18.429 18.110 17.788 17.451 17.098 16.753 16.421 16.071 15.632 14.982 14.054 12.863 11.475 9.949 8.334 6.673 5.029 3.587 2.456 1.642 1.101 0.768 0.571 0.454 0.384 0.346 0.322 0.304 0.289 0.278 0.269 0.261 0.247 0.220 0.186 0.158 0.138 0.121 0.105 0.085 0.064 0.050 0.041 0.036 0.033 0.031 0.031 0.031 0.032 0.035 0.039 0.042 0.045 0.046 0.046 0.045 0.044 0.042 0.040 0.039 0.038 0.037 0.037 0.037 0.036 0.033 0.028 0.019 0.010 0.005 0.002
19.135 20.214 20.843 21.113 21.188 21.136 21.014 20.851 20.642 20.364 20.008 19.615 19.243 18.865 18.423 17.798 16.912 15.767 14.417 12.923 11.307 9.558 7.651 5.692 3.983 2.640 1.680 1.062 0.698 0.493 0.385 0.329 0.294 0.268 0.245 0.225 0.207 0.189 0.165 0.135 0.107 0.088 0.075 0.065 0.056 0.046 0.037 0.031 0.027 0.024 0.023 0.023 0.023 0.023 0.024 0.026 0.029 0.031 0.033 0.033 0.033 0.032 0.031 0.030 0.028 0.026 0.025 0.024 0.022 0.021 0.019 0.017 0.013 0.008 0.004 0.002 0.001
19.480 20.673 21.525 22.090 22.455 22.677 22.791 22.803 22.733 22.542 22.201 21.743 21.318 20.917 20.479 19.898 19.096 18.046 16.751 15.239 13.540 11.661 9.567 7.221 5.047 3.303 2.038 1.227 0.761 0.506 0.369 0.291 0.240 0.201 0.169 0.145 0.128 0.113 0.097 0.078 0.062 0.052 0.044 0.039 0.033 0.028 0.024 0.021 0.019 0.018 0.017 0.017 0.017 0.017 0.018 0.019 0.021 0.022 0.023 0.023 0.023 0.023 0.022 0.020 0.019 0.017 0.016 0.014 0.013 0.011 0.010 0.008 0.006 0.003 0.002 0.001 0.000
19.272 20.526 21.507 22.257 22.862 23.338 23.639 23.766 23.779 23.668 23.350 22.834 22.368 21.978 21.565 21.035 20.322 19.386 18.177 16.668 14.883 12.856 10.575 7.982 5.524 3.568 2.162 1.273 0.771 0.494 0.336 0.239 0.173 0.128 0.100 0.084 0.074 0.066 0.057 0.047 0.039 0.033 0.029 0.025 0.022 0.019 0.017 0.015 0.014 0.013 0.013 0.013 0.013 0.013 0.013 0.014 0.015 0.016 0.016 0.016 0.016 0.015 0.015 0.014 0.012 0.011 0.010 0.008 0.007 0.006 0.005 0.003 0.002 0.001 0.001 0.000 0.000
18.534 19.912 21.086 22.045 22.816 23.393 23.750 23.908 23.941 23.866 23.566 23.027 22.544 22.177 21.789 21.283 20.612 19.746 18.615 17.141 15.320 13.199 10.808 8.108 5.568 3.559 2.129 1.238 0.732 0.447 0.279 0.176 0.114 0.079 0.060 0.050 0.045 0.040 0.035 0.030 0.026 0.023 0.020 0.018 0.016 0.014 0.012 0.011 0.010 0.010 0.010 0.009 0.009 0.009 0.009 0.010 0.010 0.011 0.011 0.011 0.011 0.010 0.010 0.009 0.008 0.006 0.005 0.004 0.004 0.003 0.002 0.001 0.001 0.000 0.000 0.000 0.000
17.356 18.876 20.241 21.414 22.354 23.014 23.385 23.533 23.555 23.475 23.187 22.675 22.181 21.791 21.382 20.865 20.213 19.396 18.327 16.898 15.086 12.931 10.461 7.702 5.205 3.252 1.892 1.065 0.603 0.344 0.194 0.112 0.070 0.048 0.037 0.032 0.028 0.026 0.023 0.020 0.018 0.016 0.015 0.013 0.012 0.010 0.009 0.008 0.008 0.007 0.007 0.006 0.006 0.006 0.006 0.006 0.007 0.007 0.007 0.007 0.007 0.006 0.006 0.005 0.004 0.003 0.003 0.002 0.002 0.001 0.001 0.000 0.000 0.000 0.000 0.000 0.000
15.911 17.528 18.997 20.282 21.315 22.034 22.432 22.565 22.547 22.396 22.103 21.699 21.232 20.732 20.186 19.590 18.923 18.137 17.126 15.743 13.924 11.704 9.142 6.482 4.213 2.505 1.367 0.711 0.370 0.195 0.107 0.064 0.042 0.031 0.025 0.022 0.020 0.018 0.016 0.015 0.013 0.012 0.011 0.010 0.008 0.007 0.007 0.006 0.005 0.005 0.004 0.004 0.004 0.004 0.004 0.004 0.004 0.004 0.004 0.004 0.004 0.004 0.003 0.003 0.002 0.002 0.001 0.001 0.001 0.000 0.000 0.000 0.000 0.000 0.000 0.000 0.000
14.236 15.851 17.328 18.644 19.740 20.545 21.012 21.154 21.083 20.844 20.568 20.312 19.911 19.260 18.486 17.753 17.015 16.184 15.110 13.630 11.674 9.280 6.705 4.382 2.605 1.401 0.692 0.334 0.168 0.092 0.055 0.037 0.027 0.021 0.018 0.016 0.014 0.013 0.012 0.011 0.010 0.009 0.008 0.007 0.006 0.005 0.004 0.004 0.003 0.003 0.002 0.002 0.002 0.002 0.002 0.002 0.002 0.002 0.002 0.002 0.002 0.002 0.001 0.001 0.001 0.001 0.000 0.000 0.000 0.000 0.000 0.000 0.000 0.000 0.000 0.000 0.000
12.316 13.831 15.271 16.641 17.871 18.847 19.463 19.686 19.643 19.426 19.163 18.901 18.458 17.687 16.737 15.855 14.973 13.939 12.557 10.706 8.327 5.809 3.684 2.169 1.183 0.597 0.284 0.138 0.074 0.045 0.031 0.023 0.018 0.015 0.013 0.012 0.011 0.010 0.009 0.008 0.007 0.006 0.005 0.005 0.004 0.003 0.003 0.002 0.002 0.001 0.001 0.001 0.001 0.001 0.001 0.001 0.001 0.001 0.001 0.001 0.001 0.001 0.000 0.000 0.000 0.000 0.000 0.000 0.000 0.000 0.000 0.000 0.000 0.000 0.000 0.000 0.000
10.211 11.589 12.991 14.434 15.851 17.040 17.846 18.197 18.209 18.033 17.731 17.330 16.719 15.845 14.829 13.810 12.712 11.305 9.373 6.967 4.611 2.794 1.561 0.828 0.427 0.216 0.109 0.059 0.037 0.026 0.020 0.016 0.013 0.011 0.010 0.009 0.008 0.007 0.006 0.006 0.005 0.004 0.003 0.003 0.002 0.002 0.001 0.001 0.001 0.000 0.000 0.000 0.000 0.000 0.000 0.000 0.000 0.000 0.000 0.000 0.000 0.000 0.000 0.000 0.000 0.000 0.000 0.000 0.000 0.000 0.000 0.000 0.000 0.000 0.000 0.000 0.000
8.114 9.329 10.621 12.034 13.522 14.818 15.744 16.206 16.281 16.111 15.662 14.967 14.086 13.097 12.047 10.894 9.503 7.645 5.428 3.403 1.949 1.011 0.500 0.257 0.140 0.078 0.046 0.030 0.022 0.017 0.014 0.012 0.010 0.009 0.008 0.007 0.006 0.005 0.004 0.004 0.003 0.002 0.002 0.001 0.001 0.001 0.000 0.000 0.000 0.000 0.000 0.000 0.000 0.000 0.000 0.000 0.000 0.000 0.000 0.000 0.000 0.000 0.000 0.000 0.000 0.000 0.000 0.000 0.000 0.000 0.000 0.000 0.000 0.000 0.000 0.000 0.000
6.072 7.054 8.092 9.212 10.407 11.506 12.347 12.814 12.919 12.749 12.180 11.214 10.003 8.830 7.715 6.525 5.154 3.617 2.208 1.189 0.580 0.276 0.143 0.083 0.052 0.034 0.024 0.018 0.015 0.012 0.010 0.009 0.008 0.006 0.006 0.005 0.004 0.003 0.003 0.002 0.002 0.001 0.001 0.000 0.000 0.000 0.000 0.000 0.000 0.000 0.000 0.000 0.000 0.000 0.000 0.000 0.000 0.000 0.000 0.000 0.000 0.000 0.000 0.000 0.000 0.000 0.000 0.000 0.000 0.000 0.000 0.000 0.000 0.000 0.000 0.000 0.000
4.032 4.594 5.141 5.682 6.250 6.847 7.374 7.697 7.784 7.663 7.166 6.282 5.192 4.251 3.457 2.714 1.938 1.173 0.614 0.293 0.144 0.080 0.050 0.035 0.026 0.020 0.016 0.013 0.011 0.010 0.008 0.007 0.006 0.005 0.004 0.003 0.002 0.002 0.001 0.001 0.001 0.000 0.000 0.000 0.000 0.000 0.000 0.000 0.000 0.000 0.000 0.000 0.000 0.000 0.000 0.000 0.000 0.000 0.000 0.000 0.000 0.000 0.000 0.000 0.000 0.000 0.000 0.000 0.000 0.000 0.000 0.000 0.000 0.000 0.000 0.000 0.000
2.240 2.435 2.596 2.738 2.878 3.045 3.225 3.339 3.370 3.318 3.080 2.614 1.989 1.474 1.097 0.790 0.506 0.281 0.144 0.078 0.048 0.033 0.025 0.021 0.017 0.014 0.012 0.010 0.009 0.007 0.006 0.005 0.004 0.003 0.002 0.002 0.001 0.001 0.000 0.000 0.000 0.000 0.000 0.000 0.000 0.000 0.000 0.000 0.000 0.000 0.000 0.000 0.000 0.000 0.000 0.000 0.000 0.000 0.000 0.000 0.000 0.000 0.000 0.000 0.000 0.000 0.000 0.000 0.000 0.000 0.000 0.000 0.000 0.000 0.000 0.000 0.000
0.995 1.020 1.032 1.036 1.035 1.043 1.069 1.082 1.079 1.053 0.965 0.795 0.563 0.391 0.280 0.196 0.127 0.076 0.047 0.032 0.024 0.020 0.017 0.015 0.013 0.011 0.010 0.008 0.007 0.006 0.005 0.003 0.003 0.002 0.001 0.001 0.000 0.000 0.000 0.000 0.000 0.000 0.000 0.000 0.000 0.000 0.000 0.000 0.000 0.000 0.000 0.000 0.000 0.000 0.000 0.000 0.000 0.000 0.000 0.000 0.000 0.000 0.000 0.000 0.000 0.000 0.000 0.000 0.000 0.000 0.000 0.000 0.000 0.000 0.000 0.000 0.000
0.361 0.355 0.350 0.347 0.340 0.330 0.323 0.316 0.307 0.294 0.267 0.219 0.154 0.110 0.081 0.060 0.044 0.032 0.024 0.020 0.017 0.015 0.013 0.012 0.011 0.009 0.008 0.007 0.005 0.004 0.003 0.002 0.002 0.001 0.000 0.000 0.000 0.000 0.000 0.000 0.000 0.000 0.000 0.000 0.000 0.000 0.000 0.000 0.000 0.000 0.000 0.000 0.000 0.000 0.000 0.000 0.000 0.000 0.000 0.000 0.000 0.000 0.000 0.000 0.000 0.000 0.000 0.000 0.000 0.000 0.000 0.000 0.000 0.000 0.000 0.000 0.000
0.131 0.128 0.126 0.125 0.122 0.116 0.109 0.103 0.098 0.092 0.084 0.071 0.054 0.042 0.034 0.028 0.023 0.019 0.017 0.015 0.013 0.012 0.011 0.010 0.009 0.008 0.007 0.005 0.004 0.003 0.002 0.001 0.001 0.000 0.000 0.000 0.000 0.000 0.000 0.000 0.000 0.000 0.000 0.000 0.000 0.000 0.000 0.000 0.000 0.000 0.000 0.000 0.000 0.000 0.000 0.000 0.000 0.000 0.000 0.000 0.000 0.000 0.000 0.000 0.000 0.000 0.000 0.000 0.000 0.000 0.000 0.000 0.000 0.000 0.000 0.000 0.000
0.056 0.054 0.054 0.053 0.052 0.050 0.046 0.043 0.041 0.038 0.036 0.032 0.028 0.023 0.020 0.018 0.016 0.014 0.013 0.012 0.011 0.010 0.009 0.008 0.007 0.006 0.005 0.004 0.003 0.002 0.001 0.001 0.000 0.000 0.000 0.000 0.000 0.000 0.000 0.000 0.000 0.000 0.000 0.000 0.000 0.000 0.000 0.000 0.000 0.000 0.000 0.000 0.000 0.000 0.000 0.000 0.000 0.000 0.000 0.000 0.000 0.000 0.000 0.000 0.000 0.000 0.000 0.000 0.000 0.000 0.000 0.000 0.000 0.000 0.000 0.000 0.000
0.029 0.029 0.029 0.028 0.028 0.027 0.025 0.024 0.023 0.022 0.021 0.020 0.018 0.016 0.015 0.013 0.012 0.011 0.011 0.010 0.009 0.008 0.008 0.007 0.006 0.005 0.004 0.003 0.002 0.001 0.001 0.000 0.000 0.000 0.000 0.000 0.000 0.000 0.000 0.000 0.000 0.000 0.000 0.000 0.000 0.000 0.000 0.000 0.000 0.000 0.000 0.000 0.000 0.000 0.000 0.000 0.000 0.000 0.000 0.000 0.000 0.000 0.000 0.000 0.000 0.000 0.000 0.000 0.000 0.000 0.000 0.000 0.000 0.000 0.000 0.000 0.000
0.018 0.018 0.018 0.018 0.018 0.017 0.016 0.016 0.015 0.015 0.014 0.014 0.013 0.013 0.012 0.011 0.010 0.009 0.009 0.008 0.008 0.007 0.006 0.006 0.005 0.004 0.003 0.002 0.002 0.001 0.000 0.000 0.000 0.000 0.000 0.000 0.000 0.000 0.000 0.000 0.000 0.000 0.000 0.000 0.000 0.000 0.000 0.000 0.000 0.000 0.000 0.000 0.000 0.000 0.000 0.000 0.000 0.000 0.000 0.000 0.000 0.000 0.000 0.000 0.000 0.000 0.000 0.000 0.000 0.000 0.000 0.000 0.000 0.000 0.000 0.000 0.000
0.013 0.013 0.013 0.013 0.013 0.012 0.012 0.012 0.011 0.011 0.011 0.011 0.010 0.010 0.010 0.009 0.008 0.008 0.007 0.007 0.006 0.006 0.005 0.004 0.004 0.003 0.003 0.002 0.001 0.001 0.000 0.000 0.000 0.000 0.000 0.000 0.000 0.000 0.000 0.000 0.000 0.000 0.000 0.000 0.000 0.000 0.000 0.000 0.000 0.000 0.000 0.000 0.000 0.000 0.000 0.000 0.000 0.000 0.000 0.000 0.000 0.000 0.000 0.000 0.000 0.000 0.000 0.000 0.000 0.000 0.000 0.000 0.000 0.000 0.000 0.000 0.000
0.009 0.009 0.009 0.009 0.009 0.009 0.009 0.009 0.009 0.009 0.009 0.009 0.008 0.008 0.008 0.008 0.007 0.007 0.006 0.005 0.005 0.004 0.004 0.003 0.003 0.003 0.002 0.002 0.001 0.001 0.000 0.000 0.000 0.000 0.000 0.000 0.000 0.000 0.000 0.000 0.000 0.000 0.000 0.000 0.000 0.000 0.000 0.000 0.000 0.000 0.000 0.000 0.000 0.000 0.000 0.000 0.000 0.000 0.000 0.000 0.000 0.000 0.000 0.000 0.000 0.000 0.000 0.000 0.000 0.000 0.000 0.000 0.000 0.000 0.000 0.000 0.000
0.007 0.007 0.007 0.007 0.007 0.007 0.007 0.007 0.007 0.007 0.007 0.007 0.007 0.007 0.007 0.006 0.006 0.005 0.005 0.004 0.004 0.003 0.003 0.003 0.003 0.002 0.002 0.001 0.001 0.000 0.000 0.000 0.000 0.000 0.000 0.000 0.000 0.000 0.000 0.000 0.000 0.000 0.000 0.000 0.000 0.000 0.000 0.000 0.000 0.000 0.000 0.000 0.000 0.000 0.000 0.000 0.000 0.000 0.000 0.000 0.000 0.000 0.000 0.000 0.000 0.000 0.000 0.000 0.000 0.000 0.000 0.000 0.000 0.000 0.000 0.000 0.000
0.005 0.005 0.005 0.005 0.005 0.006 0.006 0.006 0.006 0.006 0.006 0.006 0.006 0.005 0.005 0.005 0.005 0.004 0.004 0.003 0.003 0.003 0.003 0.002 0.002 0.002 0.002 0.001 0.001 0.000 0.000 0.000 0.000 0.000 0.000 0.000 0.000 0.000 0.000 0.000 0.000 0.000 0.000 0.000 0.000 0.000 0.000 0.000 0.000 0.000 0.000 0.000 0.000 0.000 0.000 0.000 0.000 0.000 0.000 0.000 0.000 0.000 0.000 0.000 0.000 0.000 0.000 0.000 0.000 0.000 0.000 0.000 0.000 0.000 0.000 0.000 0.000
0.004 0.004 0.004 0.004 0.004 0.004 0.004 0.004 0.004 0.004 0.004 0.004 0.004 0.004 0.004 0.004 0.004 0.003 0.003 0.003 0.002 0.002 0.002 0.002 0.002 0.002 0.002 0.001 0.001 0.000 0.000 0.000 0.000 0.000 0.000 0.000 0.000 0.000 0.000 0.000 0.000 0.000 0.000 0.000 0.000 0.000 0.000 0.000 0.000 0.000 0.000 0.000 0.000 0.000 0.000 0.000 0.000 0.000 0.000 0.000 0.000 0.000 0.000 0.000 0.000 0.000 0.000 0.000 0.000 0.000 0.000 0.000 0.000 0.000 0.000 0.000 0.000
0.002 0.002 0.003 0.003 0.003 0.003 0.003 0.003 0.003 0.004 0.004 0.004 0.004 0.003 0.003 0.003 0.003 0.003 0.002 0.002 0.002 0.003 0.003 0.003 0.002 0.002 0.002 0.001 0.001 0.000 0.000 0.000 0.000 0.000 0.000 0.000 0.000 0.000 0.000 0.000 0.000 0.000 0.000 0.000 0.000 0.000 0.000 0.000 0.000 0.000 0.000 0.000 0.000 0.000 0.000 0.000 0.000 0.000 0.000 0.000 0.000 0.000 0.000 0.000 0.000 0.000 0.000 0.000 0.000 0.000 0.000 0.000 0.000 0.000 0.000 0.000 0.000
0.001 0.002 0.002 0.002 0.002 0.002 0.002 0.002 0.003 0.003 0.003 0.003 0.003 0.003 0.003 0.003 0.002 0.002 0.002 0.002 0.003 0.003 0.003 0.003 0.002 0.002 0.002 0.001 0.001 0.000 0.000 0.000 0.000 0.000 0.000 0.000 0.000 0.000 0.000 0.000 0.000 0.000 0.000 0.000 0.000 0.000 0.000 0.000 0.000 0.000 0.000 0.000 0.000 0.000 0.000 0.000 0.000 0.000 0.000 0.000 0.000 0.000 0.000 0.000 0.000 0.000 0.000 0.000 0.000 0.000 0.000 0.000 0.000 0.000 0.000 0.000 0.000
0.001 0.001 0.001 0.001 0.001 0.001 0.002 0.002 0.002 0.002 0.002 0.002 0.002 0.002 0.002 0.002 0.002 0.002 0.002 0.002 0.002 0.003 0.002 0.002 0.002 0.002 0.002 0.001 0.001 0.000 0.000 0.000 0.000 0.000 0.000 0.000 0.000 0.000 0.000 0.000 0.000 0.000 0.000 0.000 0.000 0.000 0.000 0.000 0.000 0.000 0.000 0.000 0.000 0.000 0.000 0.000 0.000 0.000 0.000 0.000 0.000 0.000 0.000 0.000 0.000 0.000 0.000 0.000 0.000 0.000 0.000 0.000 0.000 0.000 0.000 0.000 0.000
0.000 0.000 0.000 0.000 0.001 0.001 0.001 0.001 0.001 0.001 0.002 0.002 0.002 0.002 0.002 0.002 0.002 0.002 0.002 0.002 0.002 0.002 0.002 0.002 0.002 0.002 0.001 0.001 0.001 0.000 0.000 0.000 0.000 0.000 0.000 0.000 0.000 0.000 0.000 0.000 0.000 0.000 0.000 0.000 0.000 0.000 0.000 0.000 0.000 0.000 0.000 0.000 0.000 0.000 0.000 0.000 0.000 0.000 0.000 0.000 0.000 0.000 0.000 0.000 0.000 0.000 0.000 0.000 0.000 0.000 0.000 0.000 0.000 0.000 0.000 0.000 0.000
0.000 0.000 0.000 0.000 0.000 0.000 0.000 0.001 0.001 0.001 0.001 0.001 0.001 0.001 0.001 0.001 0.002 0.002 0.002 0.002 0.002 0.002 0.002 0.002 0.002 0.001 0.001 0.001 0.000 0.000 0.000 0.000 0.000 0.000 0.000 0.000 0.000 0.000 0.000 0.000 0.000 0.000 0.000 0.000 0.000 0.000 0.000 0.000 0.000 0.000 0.000 0.000 0.000 0.000 0.000 0.000 0.000 0.000 0.000 0.000 0.000 0.000 0.000 0.000 0.000 0.000 0.000 0.000 0.000 0.000 0.000 0.000 0.000 0.000 0.000 0.000 0.000
0.000 0.000 0.000 0.000 0.000 0.000 0.000 0.000 0.000 0.001 0.001 0.001 0.001 0.001 0.001 0.001 0.001 0.002 0.002 0.002 0.002 0.002 0.002 0.001 0.001 0.001 0.001 0.000 0.000 0.000 0.000 0.000 0.000 0.000 0.000 0.000 0.000 0.000 0.000 0.000 0.000 0.000 0.000 0.000 0.000 0.000 0.000 0.000 0.000 0.000 0.000 0.000 0.000 0.000 0.000 0.000 0.000 0.000 0.000 0.000 0.000 0.000 0.000 0.000 0.000 0.000 0.000 0.000 0.000 0.000 0.000 0.000 0.000 0.000 0.000 0.000 0.000
