RESULTS/r.avaflow_results/21_results/21_ascii/21_hflow30036.asc
ncols 506
nrows 317
xllcenter 498237.50
yllcenter 5580050.00
cellsize 12.50
NODATA_value -9999.000
[rows 170 to 203 of 317, columns 154 to 230 of 506]
8.371 8.198 8.025 7.844 7.640 7.417 7.199 7.002 6.826 6.662 6.507 6.351 6.175 5.925 5.538 4.987 4.294 3.515 2.749 2.059 1.463 0.987 0.646 0.430 0.304 0.236 0.204 0.196 0.198 0.212 0.243 0.275 0.294 0.306 0.315 0.326 0.338 0.346 0.346 0.337 0.320 0.302 0.289 0.277 0.263 0.240 0.209 0.181 0.157 0.136 0.118 0.103 0.092 0.085 0.081 0.080 0.082 0.086 0.091 0.096 0.100 0.102 0.104 0.105 0.107 0.110 0.119 0.144 0.201 0.304 0.394 0.432 0.436 0.412 0.345 0.250 0.169
11.759 11.931 11.980 11.953 11.848 11.643 11.367 11.066 10.773 10.488 10.216 9.950 9.675 9.341 8.858 8.162 7.256 6.184 5.035 3.930 2.919 2.046 1.359 0.881 0.588 0.421 0.333 0.297 0.291 0.304 0.330 0.348 0.355 0.355 0.352 0.351 0.352 0.352 0.349 0.335 0.313 0.291 0.275 0.258 0.238 0.207 0.164 0.125 0.097 0.079 0.069 0.062 0.058 0.056 0.056 0.058 0.062 0.068 0.073 0.076 0.078 0.078 0.078 0.078 0.079 0.081 0.088 0.106 0.147 0.230 0.338 0.407 0.430 0.430 0.409 0.354 0.270
15.255 15.782 15.979 15.983 15.861 15.600 15.250 14.877 14.520 14.170 13.834 13.517 13.203 12.854 12.384 11.682 10.694 9.451 8.040 6.587 5.174 3.854 2.702 1.800 1.179 0.790 0.564 0.447 0.397 0.378 0.375 0.373 0.370 0.364 0.355 0.348 0.343 0.337 0.327 0.306 0.273 0.245 0.222 0.199 0.171 0.135 0.097 0.071 0.056 0.047 0.043 0.040 0.039 0.039 0.040 0.043 0.048 0.054 0.058 0.060 0.060 0.060 0.060 0.059 0.059 0.061 0.066 0.079 0.107 0.162 0.261 0.364 0.417 0.434 0.433 0.412 0.358
17.813 18.663 19.040 19.101 19.007 18.777 18.469 18.141 17.809 17.459 17.092 16.737 16.397 16.038 15.587 14.920 13.971 12.759 11.353 9.809 8.176 6.496 4.834 3.386 2.266 1.480 0.976 0.681 0.518 0.431 0.388 0.370 0.359 0.348 0.333 0.318 0.304 0.290 0.270 0.235 0.192 0.159 0.134 0.113 0.092 0.071 0.053 0.041 0.034 0.031 0.029 0.028 0.028 0.028 0.030 0.033 0.037 0.042 0.045 0.047 0.047 0.046 0.046 0.045 0.046 0.047 0.050 0.059 0.077 0.112 0.179 0.288 0.384 0.427 0.436 0.428 0.396
19.207 20.289 20.915 21.179 21.247 21.184 21.054 20.881 20.662 20.370 19.999 19.593 19.212 18.826 18.371 17.730 16.823 15.658 14.292 12.783 11.154 9.391 7.463 5.481 3.761 2.430 1.505 0.939 0.624 0.458 0.380 0.343 0.319 0.297 0.275 0.250 0.227 0.204 0.176 0.140 0.108 0.087 0.072 0.060 0.050 0.040 0.032 0.026 0.023 0.022 0.021 0.021 0.021 0.021 0.023 0.025 0.029 0.032 0.035 0.035 0.035 0.035 0.035 0.035 0.035 0.036 0.039 0.044 0.055 0.077 0.118 0.199 0.314 0.396 0.423 0.424 0.402
19.549 20.744 21.594 22.154 22.513 22.727 22.835 22.839 22.761 22.558 22.200 21.726 21.292 20.881 20.430 19.834 19.013 17.946 16.634 15.106 13.393 11.500 9.388 7.008 4.807 3.064 1.834 1.084 0.675 0.463 0.354 0.291 0.247 0.211 0.179 0.154 0.135 0.118 0.100 0.079 0.062 0.050 0.042 0.035 0.030 0.025 0.021 0.019 0.017 0.016 0.016 0.016 0.016 0.017 0.017 0.019 0.022 0.024 0.026 0.026 0.026 0.026 0.026 0.026 0.027 0.028 0.029 0.033 0.040 0.053 0.079 0.128 0.221 0.326 0.380 0.394 0.385
19.333 20.590 21.570 22.314 22.914 23.386 23.681 23.801 23.809 23.688 23.353 22.816 22.340 21.941 21.517 20.972 20.244 19.292 18.067 16.540 14.738 12.695 10.393 7.762 5.271 3.314 1.945 1.123 0.681 0.444 0.310 0.225 0.168 0.128 0.102 0.087 0.076 0.068 0.058 0.047 0.038 0.032 0.027 0.023 0.020 0.017 0.015 0.014 0.013 0.012 0.012 0.012 0.012 0.013 0.013 0.014 0.016 0.018 0.019 0.019 0.019 0.019 0.019 0.020 0.020 0.020 0.022 0.024 0.028 0.037 0.053 0.083 0.139 0.227 0.294 0.324 0.328
18.580 19.960 21.137 22.095 22.864 23.437 23.787 23.936 23.964 23.881 23.563 23.002 22.508 22.133 21.735 21.216 20.531 19.648 18.500 17.009 15.170 13.032 10.621 7.881 5.309 3.300 1.910 1.087 0.640 0.392 0.247 0.159 0.107 0.077 0.060 0.051 0.045 0.040 0.035 0.029 0.025 0.022 0.019 0.016 0.014 0.013 0.011 0.010 0.010 0.009 0.009 0.009 0.009 0.009 0.010 0.010 0.011 0.012 0.013 0.013 0.014 0.014 0.014 0.014 0.014 0.014 0.015 0.017 0.020 0.025 0.035 0.053 0.086 0.139 0.187 0.215 0.229
17.392 18.915 20.281 21.455 22.394 23.048 23.408 23.544 23.560 23.469 23.163 22.629 22.123 21.725 21.306 20.776 20.110 19.281 18.199 16.754 14.923 12.750 10.254 7.457 4.934 2.990 1.680 0.922 0.515 0.291 0.166 0.099 0.065 0.047 0.037 0.032 0.028 0.025 0.022 0.020 0.017 0.015 0.014 0.012 0.011 0.009 0.008 0.008 0.007 0.007 0.006 0.006 0.006 0.006 0.006 0.007 0.007 0.008 0.008 0.009 0.009 0.009 0.009 0.009 0.009 0.009 0.010 0.011 0.013 0.016 0.022 0.033 0.052 0.081 0.109 0.126 0.132
15.948 17.564 19.032 20.314 21.341 22.050 22.433 22.551 22.523 22.352 22.040 21.621 21.143 20.630 20.070 19.462 18.783 17.986 16.963 15.565 13.728 11.486 8.897 6.206 3.931 2.253 1.179 0.595 0.304 0.161 0.092 0.058 0.040 0.030 0.025 0.021 0.019 0.017 0.016 0.014 0.012 0.011 0.010 0.009 0.008 0.007 0.006 0.005 0.005 0.004 0.004 0.004 0.004 0.004 0.004 0.004 0.004 0.005 0.005 0.005 0.005 0.005 0.005 0.005 0.005 0.006 0.006 0.007 0.008 0.010 0.014 0.020 0.030 0.046 0.060 0.068 0.071
14.281 15.889 17.359 18.665 19.752 20.545 20.996 21.121 21.036 20.769 20.476 20.214 19.803 19.133 18.335 17.591 16.843 16.000 14.910 13.412 11.432 9.007 6.409 4.084 2.344 1.210 0.578 0.274 0.138 0.078 0.049 0.034 0.026 0.021 0.017 0.015 0.014 0.013 0.011 0.010 0.009 0.008 0.007 0.006 0.005 0.005 0.004 0.003 0.003 0.002 0.002 0.002 0.002 0.002 0.002 0.002 0.002 0.002 0.002 0.003 0.003 0.003 0.003 0.003 0.003 0.003 0.003 0.004 0.004 0.006 0.008 0.011 0.016 0.024 0.031 0.034 0.035
12.365 13.869 15.298 16.657 17.879 18.847 19.454 19.669 19.615 19.376 19.094 18.818 18.355 17.558 16.587 15.693 14.797 13.745 12.338 10.455 8.044 5.520 3.427 1.960 1.031 0.502 0.234 0.114 0.063 0.040 0.029 0.022 0.018 0.015 0.013 0.012 0.010 0.009 0.008 0.007 0.007 0.006 0.005 0.004 0.003 0.003 0.002 0.002 0.002 0.001 0.001 0.001 0.001 0.001 0.001 0.001 0.001 0.001 0.001 0.001 0.001 0.001 0.001 0.001 0.001 0.001 0.002 0.002 0.002 0.003 0.004 0.006 0.008 0.012 0.015 0.016 0.016
10.260 11.628 13.021 14.457 15.868 17.054 17.857 18.199 18.201 18.005 17.679 17.256 16.620 15.722 14.689 13.659 12.545 11.110 9.139 6.715 4.372 2.598 1.412 0.725 0.365 0.182 0.092 0.051 0.033 0.024 0.019 0.016 0.013 0.011 0.010 0.009 0.008 0.007 0.006 0.005 0.004 0.004 0.003 0.002 0.002 0.002 0.001 0.001 0.001 0.000 0.000 0.000 0.000 0.000 0.000 0.000 0.000 0.000 0.000 0.000 0.000 0.000 0.000 0.000 0.000 0.000 0.000 0.001 0.001 0.001 0.002 0.003 0.004 0.005 0.006 0.007 0.007
8.177 9.385 10.667 12.071 13.550 14.840 15.760 16.211 16.276 16.086 15.604 14.874 13.963 12.958 11.895 10.730 9.317 7.431 5.217 3.222 1.805 0.911 0.438 0.221 0.120 0.067 0.040 0.027 0.020 0.016 0.014 0.012 0.010 0.009 0.007 0.006 0.006 0.005 0.004 0.003 0.003 0.002 0.002 0.001 0.001 0.001 0.000 0.000 0.000 0.000 0.000 0.000 0.000 0.000 0.000 0.000 0.000 0.000 0.000 0.000 0.000 0.000 0.000 0.000 0.000 0.000 0.000 0.000 0.000 0.000 0.001 0.001 0.002 0.002 0.003 0.003 0.003
6.152 7.133 8.156 9.257 10.429 11.509 12.336 12.791 12.887 12.696 12.091 11.077 9.827 8.650 7.532 6.338 4.965 3.443 2.071 1.092 0.519 0.241 0.124 0.072 0.046 0.031 0.022 0.017 0.014 0.012 0.010 0.009 0.008 0.006 0.005 0.005 0.004 0.003 0.002 0.002 0.001 0.001 0.001 0.000 0.000 0.000 0.000 0.000 0.000 0.000 0.000 0.000 0.000 0.000 0.000 0.000 0.000 0.000 0.000 0.000 0.000 0.000 0.000 0.000 0.000 0.000 0.000 0.000 0.000 0.000 0.000 0.000 0.000 0.001 0.001 0.001 0.001
4.098 4.662 5.192 5.702 6.235 6.801 7.309 7.621 7.702 7.564 7.039 6.126 5.020 4.090 3.308 2.576 1.815 1.082 0.556 0.260 0.126 0.070 0.045 0.032 0.024 0.019 0.015 0.013 0.011 0.009 0.008 0.007 0.006 0.005 0.004 0.003 0.002 0.002 0.001 0.001 0.001 0.000 0.000 0.000 0.000 0.000 0.000 0.000 0.000 0.000 0.000 0.000 0.000 0.000 0.000 0.000 0.000 0.000 0.000 0.000 0.000 0.000 0.000 0.000 0.000 0.000 0.000 0.000 0.000 0.000 0.000 0.000 0.000 0.000 0.000 0.000 0.000
2.265 2.450 2.593 2.713 2.828 2.973 3.142 3.250 3.278 3.220 2.971 2.496 1.873 1.377 1.016 0.725 0.459 0.251 0.128 0.069 0.043 0.031 0.024 0.019 0.016 0.014 0.012 0.010 0.009 0.007 0.006 0.005 0.004 0.003 0.002 0.002 0.001 0.001 0.000 0.000 0.000 0.000 0.000 0.000 0.000 0.000 0.000 0.000 0.000 0.000 0.000 0.000 0.000 0.000 0.000 0.000 0.000 0.000 0.000 0.000 0.000 0.000 0.000 0.000 0.000 0.000 0.000 0.000 0.000 0.000 0.000 0.000 0.000 0.000 0.000 0.000 0.000
0.993 1.009 1.012 1.005 0.993 0.992 1.013 1.026 1.022 0.994 0.906 0.737 0.514 0.355 0.254 0.176 0.113 0.068 0.043 0.030 0.023 0.019 0.016 0.014 0.013 0.011 0.010 0.008 0.007 0.006 0.005 0.004 0.003 0.002 0.001 0.001 0.000 0.000 0.000 0.000 0.000 0.000 0.000 0.000 0.000 0.000 0.000 0.000 0.000 0.000 0.000 0.000 0.000 0.000 0.000 0.000 0.000 0.000 0.000 0.000 0.000 0.000 0.000 0.000 0.000 0.000 0.000 0.000 0.000 0.000 0.000 0.000 0.000 0.000 0.000 0.000 0.000
0.353 0.345 0.336 0.330 0.319 0.307 0.299 0.292 0.284 0.271 0.245 0.198 0.139 0.099 0.073 0.055 0.040 0.029 0.023 0.019 0.016 0.014 0.013 0.012 0.011 0.009 0.008 0.007 0.006 0.004 0.003 0.002 0.002 0.001 0.000 0.000 0.000 0.000 0.000 0.000 0.000 0.000 0.000 0.000 0.000 0.000 0.000 0.000 0.000 0.000 0.000 0.000 0.000 0.000 0.000 0.000 0.000 0.000 0.000 0.000 0.000 0.000 0.000 0.000 0.000 0.000 0.000 0.000 0.000 0.000 0.000 0.000 0.000 0.000 0.000 0.000 0.000
0.127 0.122 0.120 0.117 0.114 0.107 0.100 0.095 0.090 0.084 0.077 0.065 0.050 0.039 0.032 0.026 0.022 0.019 0.016 0.014 0.013 0.012 0.011 0.010 0.009 0.008 0.007 0.005 0.004 0.003 0.002 0.001 0.001 0.000 0.000 0.000 0.000 0.000 0.000 0.000 0.000 0.000 0.000 0.000 0.000 0.000 0.000 0.000 0.000 0.000 0.000 0.000 0.000 0.000 0.000 0.000 0.000 0.000 0.000 0.000 0.000 0.000 0.000 0.000 0.000 0.000 0.000 0.000 0.000 0.000 0.000 0.000 0.000 0.000 0.000 0.000 0.000
0.053 0.052 0.051 0.050 0.049 0.046 0.043 0.040 0.038 0.036 0.034 0.030 0.026 0.022 0.019 0.017 0.015 0.014 0.013 0.012 0.011 0.010 0.009 0.008 0.008 0.007 0.006 0.004 0.003 0.002 0.001 0.001 0.000 0.000 0.000 0.000 0.000 0.000 0.000 0.000 0.000 0.000 0.000 0.000 0.000 0.000 0.000 0.000 0.000 0.000 0.000 0.000 0.000 0.000 0.000 0.000 0.000 0.000 0.000 0.000 0.000 0.000 0.000 0.000 0.000 0.000 0.000 0.000 0.000 0.000 0.000 0.000 0.000 0.000 0.000 0.000 0.000
0.028 0.028 0.028 0.027 0.027 0.026 0.024 0.023 0.022 0.021 0.020 0.019 0.018 0.016 0.014 0.013 0.012 0.011 0.011 0.010 0.009 0.009 0.008 0.007 0.006 0.005 0.004 0.003 0.002 0.001 0.001 0.000 0.000 0.000 0.000 0.000 0.000 0.000 0.000 0.000 0.000 0.000 0.000 0.000 0.000 0.000 0.000 0.000 0.000 0.000 0.000 0.000 0.000 0.000 0.000 0.000 0.000 0.000 0.000 0.000 0.000 0.000 0.000 0.000 0.000 0.000 0.000 0.000 0.000 0.000 0.000 0.000 0.000 0.000 0.000 0.000 0.000
0.018 0.018 0.018 0.018 0.017 0.017 0.016 0.015 0.015 0.015 0.014 0.014 0.013 0.013 0.012 0.011 0.010 0.010 0.009 0.008 0.008 0.007 0.007 0.006 0.005 0.004 0.003 0.003 0.002 0.001 0.000 0.000 0.000 0.000 0.000 0.000 0.000 0.000 0.000 0.000 0.000 0.000 0.000 0.000 0.000 0.000 0.000 0.000 0.000 0.000 0.000 0.000 0.000 0.000 0.000 0.000 0.000 0.000 0.000 0.000 0.000 0.000 0.000 0.000 0.000 0.000 0.000 0.000 0.000 0.000 0.000 0.000 0.000 0.000 0.000 0.000 0.000
0.013 0.013 0.013 0.012 0.012 0.012 0.012 0.011 0.011 0.011 0.011 0.011 0.010 0.010 0.010 0.009 0.009 0.008 0.008 0.007 0.007 0.006 0.005 0.005 0.004 0.003 0.003 0.002 0.001 0.001 0.000 0.000 0.000 0.000 0.000 0.000 0.000 0.000 0.000 0.000 0.000 0.000 0.000 0.000 0.000 0.000 0.000 0.000 0.000 0.000 0.000 0.000 0.000 0.000 0.000 0.000 0.000 0.000 0.000 0.000 0.000 0.000 0.000 0.000 0.000 0.000 0.000 0.000 0.000 0.000 0.000 0.000 0.000 0.000 0.000 0.000 0.000
0.009 0.009 0.009 0.009 0.009 0.009 0.009 0.009 0.009 0.009 0.009 0.009 0.009 0.008 0.008 0.008 0.007 0.007 0.006 0.006 0.005 0.005 0.004 0.004 0.003 0.003 0.002 0.002 0.001 0.001 0.000 0.000 0.000 0.000 0.000 0.000 0.000 0.000 0.000 0.000 0.000 0.000 0.000 0.000 0.000 0.000 0.000 0.000 0.000 0.000 0.000 0.000 0.000 0.000 0.000 0.000 0.000 0.000 0.000 0.000 0.000 0.000 0.000 0.000 0.000 0.000 0.000 0.000 0.000 0.000 0.000 0.000 0.000 0.000 0.000 0.000 0.000
0.007 0.007 0.007 0.007 0.007 0.007 0.007 0.007 0.007 0.007 0.007 0.007 0.007 0.007 0.007 0.007 0.006 0.006 0.005 0.005 0.004 0.004 0.003 0.003 0.003 0.003 0.002 0.002 0.001 0.001 0.000 0.000 0.000 0.000 0.000 0.000 0.000 0.000 0.000 0.000 0.000 0.000 0.000 0.000 0.000 0.000 0.000 0.000 0.000 0.000 0.000 0.000 0.000 0.000 0.000 0.000 0.000 0.000 0.000 0.000 0.000 0.000 0.000 0.000 0.000 0.000 0.000 0.000 0.000 0.000 0.000 0.000 0.000 0.000 0.000 0.000 0.000
0.005 0.005 0.005 0.005 0.005 0.006 0.006 0.006 0.006 0.006 0.006 0.006 0.006 0.006 0.006 0.005 0.005 0.005 0.004 0.004 0.003 0.003 0.003 0.003 0.003 0.002 0.002 0.002 0.001 0.000 0.000 0.000 0.000 0.000 0.000 0.000 0.000 0.000 0.000 0.000 0.000 0.000 0.000 0.000 0.000 0.000 0.000 0.000 0.000 0.000 0.000 0.000 0.000 0.000 0.000 0.000 0.000 0.000 0.000 0.000 0.000 0.000 0.000 0.000 0.000 0.000 0.000 0.000 0.000 0.000 0.000 0.000 0.000 0.000 0.000 0.000 0.000
0.004 0.004 0.004 0.004 0.004 0.004 0.004 0.005 0.005 0.005 0.005 0.005 0.005 0.005 0.005 0.004 0.004 0.004 0.003 0.003 0.003 0.003 0.003 0.003 0.003 0.002 0.002 0.001 0.001 0.000 0.000 0.000 0.000 0.000 0.000 0.000 0.000 0.000 0.000 0.000 0.000 0.000 0.000 0.000 0.000 0.000 0.000 0.000 0.000 0.000 0.000 0.000 0.000 0.000 0.000 0.000 0.000 0.000 0.000 0.000 0.000 0.000 0.000 0.000 0.000 0.000 0.000 0.000 0.000 0.000 0.000 0.000 0.000 0.000 0.000 0.000 0.000
0.002 0.002 0.003 0.003 0.003 0.003 0.003 0.003 0.004 0.004 0.004 0.004 0.004 0.004 0.004 0.004 0.003 0.003 0.003 0.003 0.003 0.003 0.003 0.003 0.003 0.002 0.002 0.001 0.001 0.000 0.000 0.000 0.000 0.000 0.000 0.000 0.000 0.000 0.000 0.000 0.000 0.000 0.000 0.000 0.000 0.000 0.000 0.000 0.000 0.000 0.000 0.000 0.000 0.000 0.000 0.000 0.000 0.000 0.000 0.000 0.000 0.000 0.000 0.000 0.000 0.000 0.000 0.000 0.000 0.000 0.000 0.000 0.000 0.000 0.000 0.000 0.000
0.001 0.001 0.002 0.002 0.002 0.002 0.002 0.003 0.003 0.003 0.003 0.003 0.003 0.003 0.003 0.003 0.003 0.003 0.002 0.003 0.003 0.003 0.003 0.003 0.003 0.002 0.002 0.001 0.001 0.000 0.000 0.000 0.000 0.000 0.000 0.000 0.000 0.000 0.000 0.000 0.000 0.000 0.000 0.000 0.000 0.000 0.000 0.000 0.000 0.000 0.000 0.000 0.000 0.000 0.000 0.000 0.000 0.000 0.000 0.000 0.000 0.000 0.000 0.000 0.000 0.000 0.000 0.000 0.000 0.000 0.000 0.000 0.000 0.000 0.000 0.000 0.000
0.001 0.001 0.001 0.001 0.001 0.001 0.002 0.002 0.002 0.002 0.002 0.002 0.002 0.002 0.002 0.002 0.002 0.002 0.002 0.003 0.003 0.003 0.003 0.003 0.003 0.002 0.002 0.001 0.001 0.000 0.000 0.000 0.000 0.000 0.000 0.000 0.000 0.000 0.000 0.000 0.000 0.000 0.000 0.000 0.000 0.000 0.000 0.000 0.000 0.000 0.000 0.000 0.000 0.000 0.000 0.000 0.000 0.000 0.000 0.000 0.000 0.000 0.000 0.000 0.000 0.000 0.000 0.000 0.000 0.000 0.000 0.000 0.000 0.000 0.000 0.000 0.000
0.000 0.000 0.000 0.000 0.001 0.001 0.001 0.001 0.001 0.001 0.002 0.002 0.002 0.002 0.002 0.002 0.002 0.002 0.002 0.003 0.003 0.003 0.003 0.002 0.002 0.002 0.002 0.001 0.001 0.000 0.000 0.000 0.000 0.000 0.000 0.000 0.000 0.000 0.000 0.000 0.000 0.000 0.000 0.000 0.000 0.000 0.000 0.000 0.000 0.000 0.000 0.000 0.000 0.000 0.000 0.000 0.000 0.000 0.000 0.000 0.000 0.000 0.000 0.000 0.000 0.000 0.000 0.000 0.000 0.000 0.000 0.000 0.000 0.000 0.000 0.000 0.000
0.000 0.000 0.000 0.000 0.000 0.000 0.000 0.001 0.001 0.001 0.001 0.001 0.001 0.001 0.002 0.002 0.002 0.002 0.002 0.002 0.002 0.002 0.002 0.002 0.002 0.002 0.001 0.001 0.000 0.000 0.000 0.000 0.000 0.000 0.000 0.000 0.000 0.000 0.000 0.000 0.000 0.000 0.000 0.000 0.000 0.000 0.000 0.000 0.000 0.000 0.000 0.000 0.000 0.000 0.000 0.000 0.000 0.000 0.000 0.000 0.000 0.000 0.000 0.000 0.000 0.000 0.000 0.000 0.000 0.000 0.000 0.000 0.000 0.000 0.000 0.000 0.000
0.000 0.000 0.000 0.000 0.000 0.000 0.000 0.000 0.000 0.000 0.001 0.001 0.001 0.001 0.001 0.001 0.002 0.002 0.002 0.002 0.002 0.002 0.002 0.002 0.001 0.001 0.001 0.001 0.000 0.000 0.000 0.000 0.000 0.000 0.000 0.000 0.000 0.000 0.000 0.000 0.000 0.000 0.000 0.000 0.000 0.000 0.000 0.000 0.000 0.000 0.000 0.000 0.000 0.000 0.000 0.000 0.000 0.000 0.000 0.000 0.000 0.000 0.000 0.000 0.000 0.000 0.000 0.000 0.000 0.000 0.000 0.000 0.000 0.000 0.000 0.000 0.000
