RESULTS/r.avaflow_results/21_results/21_ascii/21_hflow0054.asc
ncols 506
nrows 317
xllcenter 498237.50
yllcenter 5580050.00
cellsize 12.50
NODATA_value -9999.000
[rows 170 to 203 of 317, columns 154 to 230 of 506]
8.510 8.288 8.069 7.846 7.605 7.354 7.112 6.894 6.703 6.527 6.361 6.198 6.018 5.775 5.411 4.899 4.256 3.523 2.779 2.108 1.526 1.054 0.703 0.468 0.323 0.237 0.191 0.171 0.167 0.169 0.182 0.201 0.217 0.229 0.241 0.254 0.271 0.281 0.284 0.283 0.276 0.267 0.258 0.248 0.235 0.216 0.191 0.168 0.149 0.132 0.115 0.100 0.088 0.080 0.076 0.074 0.075 0.077 0.081 0.083 0.085 0.085 0.084 0.083 0.083 0.084 0.089 0.103 0.132 0.173 0.200 0.210 0.209 0.198 0.174 0.141 0.109
11.799 11.905 11.897 11.822 11.674 11.438 11.136 10.812 10.501 10.205 9.926 9.656 9.380 9.051 8.590 7.939 7.089 6.077 4.976 3.909 2.935 2.089 1.412 0.927 0.615 0.426 0.317 0.263 0.243 0.242 0.250 0.258 0.262 0.264 0.266 0.271 0.280 0.285 0.286 0.282 0.272 0.259 0.246 0.233 0.216 0.190 0.155 0.122 0.097 0.080 0.069 0.062 0.057 0.054 0.054 0.055 0.058 0.062 0.065 0.067 0.067 0.067 0.066 0.064 0.064 0.065 0.069 0.079 0.101 0.139 0.178 0.200 0.208 0.209 0.202 0.185 0.156
15.232 15.705 15.867 15.841 15.703 15.438 15.088 14.711 14.342 13.985 13.641 13.315 12.992 12.635 12.157 11.452 10.481 9.273 7.899 6.478 5.103 3.821 2.701 1.819 1.195 0.790 0.543 0.406 0.339 0.307 0.291 0.281 0.275 0.271 0.269 0.270 0.273 0.274 0.271 0.261 0.244 0.224 0.205 0.186 0.163 0.131 0.097 0.072 0.057 0.049 0.043 0.040 0.039 0.038 0.039 0.041 0.045 0.050 0.053 0.054 0.054 0.053 0.052 0.051 0.051 0.052 0.055 0.062 0.077 0.104 0.145 0.183 0.204 0.212 0.212 0.207 0.190
17.709 18.518 18.880 18.933 18.833 18.615 18.321 17.999 17.667 17.318 16.951 16.587 16.233 15.860 15.398 14.731 13.795 12.599 11.200 9.653 8.021 6.358 4.730 3.324 2.231 1.449 0.937 0.630 0.457 0.360 0.308 0.283 0.271 0.262 0.255 0.250 0.246 0.241 0.231 0.211 0.182 0.154 0.132 0.112 0.093 0.072 0.054 0.043 0.036 0.031 0.029 0.028 0.028 0.028 0.029 0.031 0.035 0.040 0.042 0.043 0.043 0.043 0.042 0.042 0.042 0.043 0.045 0.051 0.061 0.078 0.107 0.150 0.189 0.208 0.213 0.212 0.204
19.052 20.102 20.715 20.980 21.045 20.990 20.863 20.690 20.470 20.180 19.811 19.397 18.998 18.594 18.127 17.489 16.597 15.449 14.089 12.571 10.923 9.143 7.206 5.258 3.596 2.315 1.422 0.870 0.558 0.392 0.309 0.270 0.248 0.232 0.218 0.205 0.192 0.179 0.161 0.135 0.108 0.088 0.074 0.062 0.051 0.041 0.033 0.027 0.024 0.022 0.021 0.021 0.021 0.021 0.022 0.024 0.027 0.031 0.033 0.035 0.035 0.035 0.035 0.035 0.036 0.037 0.039 0.043 0.049 0.060 0.079 0.111 0.157 0.192 0.206 0.209 0.205
19.397 20.562 21.394 21.946 22.296 22.497 22.583 22.570 22.479 22.271 21.915 21.440 20.986 20.556 20.091 19.495 18.683 17.625 16.320 14.792 13.066 11.152 9.009 6.645 4.538 2.886 1.722 1.005 0.610 0.402 0.297 0.241 0.206 0.178 0.154 0.136 0.122 0.109 0.096 0.079 0.063 0.052 0.043 0.037 0.031 0.026 0.022 0.019 0.017 0.016 0.016 0.016 0.016 0.016 0.017 0.019 0.021 0.024 0.026 0.028 0.028 0.029 0.030 0.030 0.031 0.033 0.035 0.037 0.042 0.049 0.061 0.082 0.117 0.159 0.186 0.196 0.198
19.218 20.443 21.396 22.124 22.702 23.139 23.399 23.489 23.473 23.336 23.002 22.472 21.976 21.554 21.109 20.558 19.828 18.876 17.654 16.135 14.335 12.279 9.950 7.324 4.958 3.115 1.828 1.045 0.620 0.394 0.272 0.199 0.150 0.116 0.094 0.081 0.072 0.065 0.057 0.047 0.039 0.033 0.028 0.024 0.020 0.017 0.015 0.014 0.013 0.012 0.012 0.012 0.012 0.013 0.013 0.014 0.016 0.018 0.020 0.022 0.023 0.024 0.025 0.027 0.028 0.029 0.031 0.034 0.037 0.042 0.051 0.064 0.087 0.120 0.151 0.171 0.180
18.546 19.891 21.024 21.941 22.668 23.201 23.512 23.629 23.630 23.525 23.205 22.655 22.142 21.738 21.315 20.784 20.093 19.206 18.058 16.576 14.746 12.602 10.166 7.435 5.000 3.112 1.806 1.023 0.595 0.361 0.228 0.148 0.100 0.073 0.057 0.049 0.044 0.040 0.035 0.030 0.025 0.022 0.019 0.016 0.014 0.012 0.011 0.010 0.009 0.009 0.009 0.009 0.009 0.009 0.010 0.011 0.012 0.014 0.015 0.017 0.019 0.020 0.022 0.023 0.025 0.026 0.028 0.031 0.034 0.038 0.044 0.054 0.068 0.090 0.115 0.137 0.153
17.431 18.915 20.233 21.354 22.242 22.851 23.178 23.285 23.276 23.165 22.856 22.328 21.804 21.378 20.933 20.390 19.716 18.876 17.789 16.351 14.530 12.354 9.834 7.077 4.689 2.863 1.625 0.898 0.503 0.287 0.165 0.098 0.064 0.046 0.037 0.031 0.028 0.025 0.023 0.020 0.017 0.015 0.013 0.012 0.010 0.009 0.008 0.007 0.007 0.006 0.006 0.006 0.006 0.007 0.007 0.008 0.009 0.010 0.012 0.013 0.015 0.017 0.018 0.020 0.022 0.024 0.026 0.028 0.031 0.034 0.040 0.047 0.057 0.072 0.090 0.108 0.123
16.018 17.598 19.027 20.268 21.254 21.924 22.276 22.372 22.329 22.163 21.849 21.409 20.903 20.378 19.811 19.193 18.502 17.692 16.662 15.268 13.440 11.201 8.601 5.990 3.832 2.246 1.215 0.632 0.330 0.175 0.097 0.060 0.040 0.030 0.025 0.021 0.019 0.017 0.016 0.014 0.012 0.011 0.010 0.008 0.007 0.006 0.006 0.005 0.004 0.004 0.004 0.004 0.004 0.004 0.005 0.005 0.006 0.007 0.008 0.010 0.011 0.013 0.015 0.017 0.019 0.021 0.023 0.025 0.028 0.032 0.036 0.042 0.051 0.062 0.076 0.090 0.102
14.351 15.938 17.384 18.669 19.726 20.479 20.896 21.005 20.922 20.680 20.375 20.060 19.611 18.950 18.177 17.426 16.666 15.816 14.731 13.249 11.295 8.900 6.345 4.104 2.425 1.302 0.648 0.317 0.161 0.088 0.053 0.036 0.026 0.021 0.018 0.015 0.014 0.013 0.011 0.010 0.009 0.008 0.007 0.006 0.005 0.004 0.004 0.003 0.003 0.002 0.002 0.002 0.002 0.002 0.003 0.003 0.004 0.005 0.006 0.007 0.009 0.010 0.012 0.014 0.016 0.018 0.020 0.023 0.026 0.029 0.034 0.039 0.047 0.056 0.068 0.079 0.089
12.424 13.931 15.355 16.695 17.879 18.791 19.342 19.516 19.443 19.205 18.908 18.608 18.140 17.369 16.429 15.525 14.623 13.584 12.216 10.394 8.065 5.603 3.541 2.081 1.136 0.579 0.281 0.138 0.075 0.046 0.031 0.023 0.018 0.015 0.013 0.012 0.010 0.009 0.008 0.007 0.006 0.005 0.005 0.004 0.003 0.003 0.002 0.002 0.001 0.001 0.001 0.001 0.001 0.001 0.001 0.002 0.002 0.003 0.004 0.005 0.006 0.008 0.009 0.011 0.013 0.015 0.018 0.020 0.023 0.027 0.031 0.037 0.045 0.054 0.063 0.073 0.081
10.307 11.692 13.090 14.501 15.849 16.954 17.676 17.967 17.946 17.745 17.418 16.993 16.370 15.499 14.481 13.437 12.320 10.927 9.044 6.740 4.496 2.751 1.552 0.830 0.433 0.222 0.113 0.062 0.038 0.027 0.020 0.016 0.013 0.011 0.010 0.009 0.008 0.007 0.006 0.005 0.004 0.004 0.003 0.002 0.002 0.001 0.001 0.001 0.001 0.000 0.000 0.000 0.000 0.000 0.000 0.001 0.001 0.002 0.002 0.003 0.004 0.005 0.007 0.009 0.010 0.013 0.015 0.018 0.021 0.025 0.029 0.036 0.043 0.052 0.061 0.069 0.077
8.189 9.405 10.698 12.089 13.502 14.707 15.546 15.946 15.989 15.803 15.352 14.664 13.785 12.786 11.715 10.540 9.140 7.328 5.245 3.352 1.960 1.042 0.528 0.276 0.151 0.084 0.049 0.032 0.023 0.018 0.014 0.012 0.010 0.009 0.007 0.006 0.005 0.005 0.004 0.003 0.003 0.002 0.002 0.001 0.001 0.001 0.000 0.000 0.000 0.000 0.000 0.000 0.000 0.000 0.000 0.000 0.000 0.001 0.001 0.002 0.003 0.004 0.005 0.006 0.008 0.010 0.013 0.016 0.019 0.023 0.028 0.034 0.042 0.051 0.059 0.066 0.074
6.151 7.099 8.131 9.250 10.411 11.442 12.209 12.618 12.691 12.508 11.953 11.021 9.837 8.661 7.537 6.347 5.010 3.544 2.213 1.229 0.621 0.306 0.162 0.094 0.058 0.038 0.026 0.020 0.016 0.013 0.011 0.009 0.008 0.006 0.005 0.005 0.004 0.003 0.002 0.002 0.001 0.001 0.001 0.000 0.000 0.000 0.000 0.000 0.000 0.000 0.000 0.000 0.000 0.000 0.000 0.000 0.000 0.000 0.000 0.001 0.002 0.002 0.003 0.005 0.006 0.008 0.011 0.013 0.017 0.021 0.026 0.033 0.040 0.049 0.057 0.065 0.072
4.189 4.718 5.241 5.781 6.361 6.935 7.406 7.681 7.740 7.602 7.115 6.273 5.226 4.288 3.491 2.743 1.970 1.220 0.661 0.329 0.167 0.094 0.059 0.040 0.029 0.022 0.018 0.014 0.012 0.010 0.008 0.007 0.006 0.005 0.004 0.003 0.002 0.002 0.001 0.001 0.001 0.000 0.000 0.000 0.000 0.000 0.000 0.000 0.000 0.000 0.000 0.000 0.000 0.000 0.000 0.000 0.000 0.000 0.000 0.000 0.001 0.001 0.002 0.003 0.005 0.006 0.009 0.011 0.015 0.019 0.024 0.031 0.038 0.047 0.055 0.064 0.072
2.458 2.646 2.800 2.936 3.077 3.238 3.384 3.469 3.483 3.415 3.168 2.709 2.095 1.569 1.175 0.851 0.554 0.318 0.169 0.093 0.057 0.039 0.029 0.023 0.019 0.016 0.013 0.011 0.010 0.008 0.007 0.005 0.004 0.003 0.002 0.002 0.001 0.001 0.000 0.000 0.000 0.000 0.000 0.000 0.000 0.000 0.000 0.000 0.000 0.000 0.000 0.000 0.000 0.000 0.000 0.000 0.000 0.000 0.000 0.000 0.000 0.001 0.001 0.002 0.003 0.005 0.007 0.009 0.013 0.017 0.022 0.028 0.036 0.044 0.053 0.062 0.072
1.172 1.189 1.190 1.185 1.180 1.183 1.194 1.195 1.184 1.149 1.052 0.874 0.633 0.445 0.321 0.226 0.149 0.091 0.056 0.038 0.028 0.023 0.019 0.017 0.015 0.013 0.011 0.009 0.008 0.006 0.005 0.004 0.003 0.002 0.001 0.001 0.000 0.000 0.000 0.000 0.000 0.000 0.000 0.000 0.000 0.000 0.000 0.000 0.000 0.000 0.000 0.000 0.000 0.000 0.000 0.000 0.000 0.000 0.000 0.000 0.000 0.000 0.000 0.001 0.002 0.003 0.005 0.007 0.010 0.014 0.019 0.025 0.032 0.040 0.050 0.061 0.073
0.455 0.442 0.429 0.419 0.409 0.397 0.385 0.373 0.360 0.343 0.310 0.256 0.183 0.131 0.096 0.072 0.052 0.038 0.028 0.023 0.019 0.017 0.015 0.013 0.012 0.011 0.009 0.008 0.007 0.005 0.004 0.003 0.002 0.001 0.000 0.000 0.000 0.000 0.000 0.000 0.000 0.000 0.000 0.000 0.000 0.000 0.000 0.000 0.000 0.000 0.000 0.000 0.000 0.000 0.000 0.000 0.000 0.000 0.000 0.000 0.000 0.000 0.000 0.000 0.001 0.002 0.003 0.005 0.008 0.011 0.016 0.021 0.027 0.035 0.046 0.058 0.072
0.172 0.165 0.160 0.155 0.151 0.144 0.135 0.126 0.119 0.111 0.101 0.085 0.065 0.050 0.040 0.033 0.027 0.022 0.019 0.017 0.015 0.014 0.013 0.012 0.010 0.009 0.008 0.007 0.005 0.004 0.003 0.002 0.001 0.000 0.000 0.000 0.000 0.000 0.000 0.000 0.000 0.000 0.000 0.000 0.000 0.000 0.000 0.000 0.000 0.000 0.000 0.000 0.000 0.000 0.000 0.000 0.000 0.000 0.000 0.000 0.000 0.000 0.000 0.000 0.000 0.001 0.002 0.004 0.006 0.009 0.012 0.017 0.022 0.030 0.040 0.053 0.068
0.072 0.069 0.067 0.065 0.063 0.060 0.056 0.052 0.049 0.046 0.042 0.038 0.032 0.027 0.023 0.021 0.018 0.017 0.015 0.014 0.013 0.012 0.011 0.010 0.009 0.008 0.007 0.006 0.004 0.003 0.002 0.001 0.000 0.000 0.000 0.000 0.000 0.000 0.000 0.000 0.000 0.000 0.000 0.000 0.000 0.000 0.000 0.000 0.000 0.000 0.000 0.000 0.000 0.000 0.000 0.000 0.000 0.000 0.000 0.000 0.000 0.000 0.000 0.000 0.000 0.001 0.001 0.003 0.004 0.006 0.009 0.013 0.017 0.024 0.033 0.045 0.060
0.036 0.035 0.034 0.033 0.032 0.031 0.029 0.028 0.026 0.025 0.024 0.023 0.021 0.019 0.017 0.016 0.014 0.014 0.013 0.012 0.011 0.011 0.010 0.009 0.008 0.007 0.006 0.005 0.004 0.002 0.001 0.000 0.000 0.000 0.000 0.000 0.000 0.000 0.000 0.000 0.000 0.000 0.000 0.000 0.000 0.000 0.000 0.000 0.000 0.000 0.000 0.000 0.000 0.000 0.000 0.000 0.000 0.000 0.000 0.000 0.000 0.000 0.000 0.000 0.000 0.000 0.001 0.002 0.003 0.004 0.007 0.009 0.013 0.017 0.024 0.033 0.046
0.021 0.021 0.021 0.020 0.020 0.019 0.019 0.018 0.017 0.017 0.017 0.016 0.015 0.015 0.014 0.013 0.012 0.012 0.011 0.011 0.010 0.010 0.009 0.009 0.008 0.007 0.006 0.005 0.003 0.002 0.001 0.000 0.000 0.000 0.000 0.000 0.000 0.000 0.000 0.000 0.000 0.000 0.000 0.000 0.000 0.000 0.000 0.000 0.000 0.000 0.000 0.000 0.000 0.000 0.000 0.000 0.000 0.000 0.000 0.000 0.000 0.000 0.000 0.000 0.000 0.000 0.000 0.001 0.002 0.003 0.004 0.007 0.009 0.013 0.017 0.023 0.031
0.014 0.014 0.014 0.014 0.014 0.014 0.013 0.013 0.013 0.013 0.013 0.013 0.012 0.012 0.012 0.011 0.011 0.010 0.010 0.010 0.009 0.009 0.009 0.008 0.007 0.006 0.005 0.004 0.003 0.002 0.001 0.000 0.000 0.000 0.000 0.000 0.000 0.000 0.000 0.000 0.000 0.000 0.000 0.000 0.000 0.000 0.000 0.000 0.000 0.000 0.000 0.000 0.000 0.000 0.000 0.000 0.000 0.000 0.000 0.000 0.000 0.000 0.000 0.000 0.000 0.000 0.000 0.000 0.001 0.002 0.003 0.004 0.006 0.009 0.012 0.016 0.021
0.010 0.010 0.010 0.010 0.010 0.010 0.010 0.010 0.010 0.010 0.010 0.010 0.010 0.010 0.010 0.010 0.010 0.009 0.009 0.009 0.009 0.009 0.008 0.008 0.007 0.006 0.005 0.004 0.003 0.001 0.000 0.000 0.000 0.000 0.000 0.000 0.000 0.000 0.000 0.000 0.000 0.000 0.000 0.000 0.000 0.000 0.000 0.000 0.000 0.000 0.000 0.000 0.000 0.000 0.000 0.000 0.000 0.000 0.000 0.000 0.000 0.000 0.000 0.000 0.000 0.000 0.000 0.000 0.000 0.001 0.002 0.003 0.004 0.006 0.008 0.011 0.015
0.008 0.008 0.008 0.008 0.008 0.008 0.008 0.008 0.008 0.008 0.008 0.009 0.009 0.009 0.009 0.009 0.009 0.008 0.008 0.008 0.008 0.008 0.008 0.008 0.007 0.006 0.005 0.004 0.003 0.001 0.000 0.000 0.000 0.000 0.000 0.000 0.000 0.000 0.000 0.000 0.000 0.000 0.000 0.000 0.000 0.000 0.000 0.000 0.000 0.000 0.000 0.000 0.000 0.000 0.000 0.000 0.000 0.000 0.000 0.000 0.000 0.000 0.000 0.000 0.000 0.000 0.000 0.000 0.000 0.000 0.001 0.002 0.003 0.004 0.006 0.008 0.010
0.005 0.006 0.006 0.006 0.006 0.006 0.006 0.006 0.007 0.007 0.007 0.007 0.007 0.007 0.008 0.008 0.008 0.008 0.008 0.008 0.008 0.008 0.008 0.008 0.007 0.007 0.005 0.004 0.002 0.001 0.000 0.000 0.000 0.000 0.000 0.000 0.000 0.000 0.000 0.000 0.000 0.000 0.000 0.000 0.000 0.000 0.000 0.000 0.000 0.000 0.000 0.000 0.000 0.000 0.000 0.000 0.000 0.000 0.000 0.000 0.000 0.000 0.000 0.000 0.000 0.000 0.000 0.000 0.000 0.000 0.000 0.001 0.001 0.002 0.004 0.005 0.007
0.004 0.004 0.004 0.004 0.004 0.005 0.005 0.005 0.005 0.005 0.006 0.006 0.006 0.006 0.007 0.007 0.007 0.007 0.008 0.008 0.008 0.008 0.008 0.008 0.007 0.007 0.005 0.004 0.002 0.001 0.000 0.000 0.000 0.000 0.000 0.000 0.000 0.000 0.000 0.000 0.000 0.000 0.000 0.000 0.000 0.000 0.000 0.000 0.000 0.000 0.000 0.000 0.000 0.000 0.000 0.000 0.000 0.000 0.000 0.000 0.000 0.000 0.000 0.000 0.000 0.000 0.000 0.000 0.000 0.000 0.000 0.000 0.001 0.001 0.002 0.003 0.004
0.003 0.003 0.003 0.003 0.003 0.003 0.003 0.004 0.004 0.004 0.005 0.005 0.005 0.005 0.006 0.006 0.006 0.007 0.007 0.008 0.008 0.008 0.008 0.008 0.007 0.006 0.005 0.004 0.002 0.001 0.000 0.000 0.000 0.000 0.000 0.000 0.000 0.000 0.000 0.000 0.000 0.000 0.000 0.000 0.000 0.000 0.000 0.000 0.000 0.000 0.000 0.000 0.000 0.000 0.000 0.000 0.000 0.000 0.000 0.000 0.000 0.000 0.000 0.000 0.000 0.000 0.000 0.000 0.000 0.000 0.000 0.000 0.000 0.000 0.001 0.002 0.003
0.002 0.002 0.002 0.002 0.002 0.002 0.002 0.003 0.003 0.003 0.004 0.004 0.004 0.004 0.005 0.005 0.006 0.006 0.007 0.007 0.007 0.008 0.007 0.007 0.007 0.006 0.005 0.003 0.002 0.001 0.000 0.000 0.000 0.000 0.000 0.000 0.000 0.000 0.000 0.000 0.000 0.000 0.000 0.000 0.000 0.000 0.000 0.000 0.000 0.000 0.000 0.000 0.000 0.000 0.000 0.000 0.000 0.000 0.000 0.000 0.000 0.000 0.000 0.000 0.000 0.000 0.000 0.000 0.000 0.000 0.000 0.000 0.000 0.000 0.000 0.001 0.001
0.001 0.001 0.001 0.001 0.001 0.001 0.002 0.002 0.002 0.002 0.003 0.003 0.003 0.004 0.004 0.004 0.005 0.006 0.006 0.007 0.007 0.007 0.007 0.007 0.006 0.006 0.005 0.003 0.002 0.001 0.000 0.000 0.000 0.000 0.000 0.000 0.000 0.000 0.000 0.000 0.000 0.000 0.000 0.000 0.000 0.000 0.000 0.000 0.000 0.000 0.000 0.000 0.000 0.000 0.000 0.000 0.000 0.000 0.000 0.000 0.000 0.000 0.000 0.000 0.000 0.000 0.000 0.000 0.000 0.000 0.000 0.000 0.000 0.000 0.000 0.000 0.000
0.001 0.001 0.000 0.000 0.001 0.001 0.001 0.001 0.001 0.002 0.002 0.002 0.002 0.003 0.003 0.004 0.004 0.005 0.006 0.006 0.006 0.006 0.006 0.006 0.006 0.005 0.004 0.003 0.001 0.000 0.000 0.000 0.000 0.000 0.000 0.000 0.000 0.000 0.000 0.000 0.000 0.000 0.000 0.000 0.000 0.000 0.000 0.000 0.000 0.000 0.000 0.000 0.000 0.000 0.000 0.000 0.000 0.000 0.000 0.000 0.000 0.000 0.000 0.000 0.000 0.000 0.000 0.000 0.000 0.000 0.000 0.000 0.000 0.000 0.000 0.000 0.000
0.000 0.000 0.000 0.000 0.000 0.000 0.000 0.001 0.001 0.001 0.001 0.001 0.002 0.002 0.002 0.003 0.004 0.004 0.005 0.005 0.005 0.005 0.005 0.005 0.005 0.004 0.004 0.002 0.001 0.000 0.000 0.000 0.000 0.000 0.000 0.000 0.000 0.000 0.000 0.000 0.000 0.000 0.000 0.000 0.000 0.000 0.000 0.000 0.000 0.000 0.000 0.000 0.000 0.000 0.000 0.000 0.000 0.000 0.000 0.000 0.000 0.000 0.000 0.000 0.000 0.000 0.000 0.000 0.000 0.000 0.000 0.000 0.000 0.000 0.000 0.000 0.000
0.000 0.000 0.000 0.000 0.000 0.000 0.000 0.000 0.000 0.000 0.001 0.001 0.001 0.001 0.002 0.002 0.003 0.004 0.004 0.004 0.005 0.005 0.005 0.004 0.004 0.004 0.003 0.002 0.001 0.000 0.000 0.000 0.000 0.000 0.000 0.000 0.000 0.000 0.000 0.000 0.000 0.000 0.000 0.000 0.000 0.000 0.000 0.000 0.000 0.000 0.000 0.000 0.000 0.000 0.000 0.000 0.000 0.000 0.000 0.000 0.000 0.000 0.000 0.000 0.000 0.000 0.000 0.000 0.000 0.000 0.000 0.000 0.000 0.000 0.000 0.000 0.000
