RESULTS/r.avaflow_results/21_results/21_ascii/21_hflow10013.asc
ncols 506
nrows 317
xllcenter 498237.50
yllcenter 5580050.00
cellsize 12.50
NODATA_value -9999.000
[rows 170 to 203 of 317, columns 77 to 153 of 506]
0.000 0.000 0.000 0.000 0.000 0.000 0.000 0.000 0.000 0.000 0.000 0.000 0.000 0.000 0.000 0.000 0.000 0.000 0.000 0.000 0.000 0.000 0.000 0.000 0.000 0.001 0.003 0.006 0.010 0.013 0.014 0.014 0.014 0.013 0.011 0.009 0.008 0.007 0.006 0.005 0.004 0.004 0.004 0.005 0.009 0.017 0.030 0.047 0.064 0.084 0.117 0.178 0.283 0.440 0.645 0.903 1.265 1.747 2.153 2.368 2.434 2.412 2.271 1.951 1.469 1.020 0.700 0.477 0.326 0.226 0.159 0.115 0.086 0.066 0.052 0.042 0.034
0.000 0.000 0.000 0.000 0.000 0.000 0.000 0.000 0.000 0.000 0.000 0.000 0.000 0.000 0.000 0.000 0.000 0.000 0.000 0.000 0.000 0.000 0.000 0.000 0.002 0.004 0.007 0.012 0.019 0.023 0.025 0.025 0.025 0.023 0.020 0.016 0.014 0.013 0.011 0.010 0.009 0.009 0.009 0.013 0.025 0.050 0.084 0.123 0.166 0.224 0.315 0.449 0.631 0.855 1.118 1.440 1.853 2.298 2.592 2.720 2.737 2.672 2.456 2.045 1.494 1.048 0.733 0.513 0.363 0.262 0.194 0.147 0.115 0.092 0.075 0.061 0.050
0.000 0.000 0.000 0.000 0.000 0.000 0.000 0.000 0.000 0.000 0.000 0.000 0.000 0.000 0.000 0.000 0.000 0.000 0.000 0.000 0.000 0.000 0.000 0.001 0.003 0.007 0.013 0.021 0.031 0.038 0.042 0.042 0.042 0.039 0.034 0.028 0.025 0.023 0.021 0.020 0.019 0.019 0.021 0.035 0.069 0.127 0.203 0.288 0.389 0.530 0.718 0.937 1.169 1.397 1.628 1.899 2.258 2.611 2.816 2.889 2.881 2.781 2.517 2.059 1.490 1.056 0.756 0.549 0.405 0.307 0.239 0.191 0.155 0.128 0.106 0.088 0.073
0.000 0.000 0.000 0.000 0.000 0.000 0.000 0.000 0.000 0.000 0.000 0.000 0.000 0.000 0.000 0.000 0.000 0.000 0.000 0.000 0.000 0.000 0.001 0.003 0.007 0.013 0.022 0.035 0.051 0.062 0.067 0.069 0.068 0.064 0.056 0.047 0.043 0.040 0.039 0.038 0.038 0.040 0.050 0.085 0.162 0.282 0.428 0.594 0.800 1.073 1.357 1.582 1.739 1.870 2.012 2.195 2.461 2.736 2.886 2.932 2.913 2.798 2.515 2.029 1.466 1.049 0.767 0.581 0.454 0.365 0.299 0.249 0.208 0.175 0.148 0.125 0.105
0.000 0.000 0.000 0.000 0.000 0.000 0.000 0.000 0.000 0.000 0.000 0.000 0.000 0.000 0.000 0.000 0.000 0.000 0.000 0.000 0.000 0.001 0.002 0.006 0.012 0.021 0.034 0.054 0.079 0.097 0.106 0.109 0.108 0.103 0.090 0.076 0.069 0.067 0.067 0.068 0.072 0.082 0.111 0.187 0.335 0.547 0.801 1.085 1.397 1.698 1.919 2.049 2.118 2.176 2.243 2.344 2.524 2.752 2.881 2.915 2.888 2.753 2.444 1.937 1.402 1.021 0.766 0.601 0.493 0.417 0.359 0.311 0.270 0.234 0.201 0.172 0.147
0.000 0.000 0.000 0.000 0.000 0.000 0.000 0.000 0.000 0.000 0.000 0.000 0.000 0.000 0.000 0.000 0.000 0.000 0.000 0.000 0.000 0.002 0.005 0.010 0.019 0.032 0.052 0.082 0.121 0.148 0.162 0.167 0.166 0.159 0.140 0.118 0.106 0.103 0.104 0.106 0.112 0.131 0.193 0.337 0.586 0.907 1.239 1.562 1.856 2.083 2.226 2.294 2.319 2.331 2.345 2.390 2.514 2.702 2.798 2.812 2.765 2.599 2.262 1.757 1.291 0.967 0.749 0.607 0.514 0.450 0.399 0.356 0.320 0.288 0.259 0.229 0.199
0.000 0.000 0.000 0.000 0.000 0.000 0.000 0.000 0.000 0.000 0.000 0.000 0.000 0.000 0.000 0.000 0.000 0.000 0.000 0.000 0.001 0.003 0.007 0.014 0.026 0.045 0.074 0.117 0.174 0.217 0.240 0.246 0.246 0.237 0.210 0.171 0.146 0.134 0.130 0.130 0.135 0.157 0.239 0.440 0.780 1.168 1.519 1.828 2.078 2.253 2.348 2.385 2.391 2.380 2.362 2.373 2.431 2.543 2.590 2.578 2.498 2.297 1.942 1.488 1.128 0.883 0.715 0.599 0.520 0.464 0.421 0.385 0.355 0.329 0.305 0.282 0.256
0.000 0.000 0.000 0.000 0.000 0.000 0.000 0.000 0.000 0.000 0.000 0.000 0.000 0.000 0.000 0.000 0.000 0.000 0.000 0.000 0.001 0.003 0.008 0.016 0.031 0.053 0.089 0.143 0.216 0.276 0.310 0.321 0.321 0.310 0.275 0.217 0.173 0.151 0.142 0.140 0.143 0.164 0.252 0.480 0.876 1.289 1.633 1.923 2.145 2.292 2.370 2.395 2.395 2.374 2.328 2.280 2.254 2.261 2.250 2.195 2.071 1.846 1.513 1.175 0.939 0.777 0.664 0.580 0.515 0.467 0.429 0.400 0.377 0.358 0.342 0.325 0.305
0.000 0.000 0.000 0.000 0.000 0.000 0.000 0.000 0.000 0.000 0.000 0.000 0.000 0.000 0.000 0.000 0.000 0.000 0.000 0.000 0.001 0.004 0.009 0.018 0.033 0.058 0.097 0.157 0.240 0.312 0.353 0.367 0.368 0.355 0.316 0.245 0.186 0.156 0.143 0.140 0.143 0.163 0.249 0.483 0.896 1.311 1.649 1.929 2.137 2.270 2.334 2.350 2.341 2.300 2.211 2.083 1.968 1.879 1.794 1.688 1.549 1.363 1.132 0.930 0.785 0.683 0.609 0.552 0.504 0.463 0.431 0.407 0.391 0.380 0.370 0.359 0.344
0.000 0.000 0.000 0.000 0.000 0.000 0.000 0.000 0.000 0.000 0.000 0.000 0.000 0.000 0.000 0.000 0.000 0.000 0.000 0.000 0.001 0.004 0.009 0.018 0.033 0.059 0.100 0.162 0.250 0.328 0.372 0.389 0.390 0.377 0.336 0.259 0.190 0.154 0.139 0.134 0.136 0.151 0.229 0.452 0.861 1.273 1.596 1.855 2.036 2.143 2.188 2.194 2.173 2.106 1.974 1.778 1.590 1.450 1.340 1.235 1.122 0.993 0.855 0.744 0.662 0.602 0.557 0.520 0.486 0.453 0.427 0.409 0.400 0.394 0.390 0.383 0.371
0.000 0.000 0.000 0.000 0.000 0.000 0.000 0.000 0.000 0.000 0.000 0.000 0.000 0.000 0.000 0.000 0.000 0.000 0.000 0.000 0.001 0.004 0.009 0.018 0.033 0.059 0.100 0.162 0.251 0.331 0.377 0.394 0.395 0.382 0.342 0.263 0.188 0.146 0.125 0.117 0.116 0.125 0.178 0.358 0.720 1.113 1.405 1.625 1.769 1.848 1.874 1.872 1.842 1.759 1.603 1.375 1.185 1.063 0.971 0.887 0.806 0.723 0.651 0.597 0.558 0.528 0.505 0.484 0.462 0.438 0.419 0.408 0.403 0.402 0.400 0.395 0.384
0.000 0.000 0.000 0.000 0.000 0.000 0.000 0.000 0.000 0.000 0.000 0.000 0.000 0.000 0.000 0.000 0.000 0.000 0.000 0.000 0.001 0.004 0.008 0.017 0.032 0.056 0.096 0.158 0.246 0.327 0.374 0.391 0.392 0.379 0.340 0.263 0.179 0.130 0.102 0.088 0.083 0.084 0.102 0.202 0.454 0.790 1.028 1.192 1.297 1.350 1.365 1.361 1.333 1.263 1.137 0.968 0.836 0.747 0.681 0.624 0.573 0.529 0.495 0.474 0.461 0.454 0.448 0.441 0.430 0.416 0.406 0.402 0.403 0.404 0.403 0.398 0.388
0.000 0.000 0.000 0.000 0.000 0.000 0.000 0.000 0.000 0.000 0.000 0.000 0.000 0.000 0.000 0.000 0.000 0.000 0.000 0.000 0.001 0.003 0.007 0.015 0.028 0.050 0.087 0.145 0.229 0.309 0.355 0.372 0.374 0.363 0.327 0.254 0.165 0.107 0.075 0.058 0.051 0.050 0.055 0.090 0.211 0.425 0.591 0.697 0.768 0.810 0.831 0.838 0.830 0.801 0.740 0.648 0.564 0.505 0.462 0.429 0.403 0.383 0.371 0.366 0.368 0.375 0.383 0.386 0.386 0.383 0.383 0.388 0.396 0.400 0.400 0.396 0.387
0.000 0.000 0.000 0.000 0.000 0.000 0.000 0.000 0.000 0.000 0.000 0.000 0.000 0.000 0.000 0.000 0.000 0.000 0.000 0.000 0.001 0.002 0.005 0.011 0.021 0.040 0.070 0.119 0.192 0.267 0.311 0.329 0.331 0.322 0.292 0.230 0.145 0.086 0.055 0.039 0.033 0.031 0.031 0.040 0.084 0.188 0.299 0.367 0.411 0.440 0.461 0.475 0.481 0.475 0.453 0.411 0.364 0.329 0.306 0.289 0.279 0.273 0.271 0.273 0.280 0.292 0.306 0.317 0.325 0.333 0.343 0.358 0.375 0.384 0.386 0.385 0.379
0.000 0.000 0.000 0.000 0.000 0.000 0.000 0.000 0.000 0.000 0.000 0.000 0.000 0.000 0.000 0.000 0.000 0.000 0.000 0.000 0.000 0.001 0.003 0.007 0.013 0.025 0.046 0.081 0.135 0.196 0.236 0.253 0.257 0.252 0.231 0.185 0.116 0.067 0.041 0.028 0.023 0.021 0.020 0.021 0.032 0.069 0.130 0.174 0.198 0.215 0.228 0.239 0.250 0.257 0.256 0.245 0.224 0.208 0.198 0.192 0.189 0.190 0.192 0.197 0.205 0.214 0.224 0.233 0.245 0.258 0.275 0.298 0.324 0.343 0.355 0.360 0.360
0.000 0.000 0.000 0.000 0.000 0.000 0.000 0.000 0.000 0.000 0.000 0.000 0.000 0.000 0.000 0.000 0.000 0.000 0.000 0.000 0.000 0.001 0.001 0.003 0.007 0.014 0.027 0.047 0.080 0.121 0.149 0.162 0.165 0.163 0.151 0.123 0.079 0.047 0.030 0.021 0.017 0.015 0.014 0.013 0.015 0.023 0.046 0.070 0.084 0.091 0.096 0.102 0.110 0.120 0.128 0.132 0.130 0.127 0.125 0.125 0.127 0.130 0.134 0.139 0.145 0.150 0.155 0.160 0.167 0.175 0.189 0.209 0.237 0.270 0.299 0.317 0.326
0.000 0.000 0.000 0.000 0.000 0.000 0.000 0.000 0.000 0.000 0.000 0.000 0.000 0.000 0.000 0.000 0.000 0.000 0.000 0.000 0.000 0.000 0.001 0.002 0.004 0.008 0.014 0.026 0.044 0.069 0.087 0.095 0.097 0.096 0.090 0.075 0.050 0.032 0.021 0.016 0.013 0.011 0.010 0.008 0.008 0.009 0.014 0.023 0.030 0.033 0.035 0.037 0.040 0.046 0.054 0.063 0.068 0.072 0.076 0.079 0.083 0.087 0.092 0.095 0.099 0.102 0.104 0.107 0.110 0.114 0.121 0.131 0.146 0.174 0.215 0.247 0.263
0.000 0.000 0.000 0.000 0.000 0.000 0.000 0.000 0.000 0.000 0.000 0.000 0.000 0.000 0.000 0.000 0.000 0.000 0.000 0.000 0.000 0.000 0.000 0.001 0.002 0.004 0.007 0.013 0.023 0.037 0.047 0.052 0.054 0.053 0.050 0.043 0.030 0.020 0.015 0.012 0.010 0.008 0.006 0.005 0.004 0.004 0.004 0.006 0.009 0.010 0.011 0.012 0.013 0.016 0.020 0.026 0.031 0.037 0.042 0.047 0.052 0.056 0.060 0.063 0.065 0.066 0.067 0.069 0.070 0.072 0.074 0.077 0.082 0.094 0.117 0.139 0.146
0.000 0.000 0.000 0.000 0.000 0.000 0.000 0.000 0.000 0.000 0.000 0.000 0.000 0.000 0.000 0.000 0.000 0.000 0.000 0.000 0.000 0.000 0.000 0.000 0.001 0.002 0.003 0.007 0.012 0.019 0.024 0.027 0.028 0.028 0.026 0.023 0.017 0.012 0.010 0.008 0.007 0.005 0.004 0.003 0.002 0.002 0.001 0.001 0.002 0.003 0.004 0.004 0.005 0.006 0.007 0.010 0.013 0.017 0.020 0.024 0.028 0.033 0.036 0.038 0.039 0.040 0.041 0.042 0.043 0.043 0.043 0.042 0.041 0.043 0.050 0.054 0.053
0.000 0.000 0.000 0.000 0.000 0.000 0.000 0.000 0.000 0.000 0.000 0.000 0.000 0.000 0.000 0.000 0.000 0.000 0.000 0.000 0.000 0.000 0.000 0.000 0.000 0.001 0.001 0.003 0.005 0.009 0.012 0.013 0.014 0.014 0.013 0.011 0.009 0.007 0.006 0.005 0.004 0.003 0.002 0.002 0.001 0.001 0.001 0.001 0.001 0.001 0.001 0.002 0.002 0.002 0.003 0.004 0.006 0.007 0.009 0.011 0.014 0.016 0.019 0.020 0.021 0.021 0.022 0.023 0.024 0.024 0.023 0.021 0.019 0.018 0.018 0.018 0.017
0.000 0.000 0.000 0.000 0.000 0.000 0.000 0.000 0.000 0.000 0.000 0.000 0.000 0.000 0.000 0.000 0.000 0.000 0.000 0.000 0.000 0.000 0.000 0.000 0.000 0.001 0.001 0.001 0.002 0.004 0.005 0.006 0.006 0.006 0.006 0.005 0.004 0.004 0.003 0.003 0.002 0.002 0.001 0.001 0.001 0.001 0.001 0.001 0.001 0.001 0.001 0.001 0.001 0.001 0.002 0.002 0.003 0.003 0.004 0.005 0.006 0.008 0.009 0.009 0.010 0.010 0.011 0.012 0.012 0.012 0.011 0.010 0.009 0.008 0.007 0.007 0.006
0.000 0.000 0.000 0.000 0.000 0.000 0.000 0.000 0.000 0.000 0.000 0.000 0.000 0.000 0.000 0.000 0.000 0.000 0.000 0.000 0.000 0.000 0.000 0.000 0.000 0.001 0.001 0.001 0.001 0.001 0.002 0.002 0.003 0.003 0.002 0.002 0.002 0.001 0.001 0.001 0.001 0.001 0.001 0.001 0.001 0.001 0.001 0.001 0.001 0.001 0.001 0.001 0.001 0.001 0.001 0.001 0.002 0.002 0.002 0.003 0.003 0.004 0.004 0.005 0.005 0.005 0.005 0.006 0.006 0.006 0.006 0.005 0.004 0.004 0.003 0.003 0.003
0.000 0.000 0.000 0.000 0.000 0.000 0.000 0.000 0.000 0.000 0.000 0.000 0.000 0.000 0.000 0.000 0.000 0.000 0.000 0.000 0.000 0.000 0.001 0.000 0.000 0.001 0.001 0.001 0.001 0.001 0.001 0.001 0.001 0.001 0.001 0.001 0.001 0.001 0.001 0.001 0.001 0.001 0.001 0.001 0.001 0.001 0.001 0.001 0.001 0.001 0.001 0.001 0.001 0.001 0.001 0.001 0.001 0.001 0.001 0.002 0.002 0.002 0.002 0.002 0.003 0.003 0.003 0.003 0.003 0.003 0.003 0.003 0.002 0.002 0.002 0.002 0.001
0.000 0.000 0.000 0.000 0.000 0.000 0.000 0.000 0.000 0.000 0.000 0.000 0.000 0.000 0.000 0.000 0.000 0.000 0.000 0.000 0.000 0.000 0.001 0.000 0.001 0.001 0.001 0.001 0.001 0.001 0.001 0.001 0.001 0.001 0.001 0.001 0.001 0.001 0.001 0.001 0.001 0.001 0.001 0.001 0.001 0.001 0.001 0.001 0.001 0.001 0.001 0.001 0.001 0.001 0.001 0.001 0.001 0.001 0.001 0.001 0.001 0.001 0.001 0.001 0.002 0.002 0.002 0.002 0.002 0.002 0.002 0.002 0.001 0.001 0.001 0.001 0.001
0.000 0.000 0.000 0.000 0.000 0.000 0.000 0.000 0.000 0.000 0.000 0.000 0.000 0.000 0.000 0.000 0.000 0.000 0.000 0.000 0.000 0.001 0.001 0.001 0.001 0.001 0.001 0.001 0.001 0.001 0.001 0.001 0.001 0.001 0.001 0.001 0.001 0.001 0.001 0.001 0.001 0.001 0.001 0.001 0.001 0.001 0.001 0.001 0.001 0.001 0.001 0.001 0.001 0.001 0.001 0.001 0.001 0.001 0.001 0.001 0.001 0.001 0.001 0.001 0.001 0.001 0.001 0.001 0.001 0.001 0.001 0.001 0.001 0.001 0.001 0.001 0.001
0.000 0.000 0.000 0.000 0.000 0.000 0.000 0.000 0.000 0.000 0.000 0.000 0.000 0.000 0.000 0.000 0.000 0.000 0.000 0.000 0.001 0.001 0.001 0.001 0.001 0.001 0.001 0.001 0.001 0.001 0.001 0.001 0.001 0.001 0.001 0.001 0.001 0.001 0.001 0.001 0.001 0.001 0.001 0.001 0.001 0.001 0.001 0.001 0.001 0.001 0.001 0.001 0.001 0.001 0.001 0.000 0.000 0.000 0.000 0.001 0.001 0.001 0.001 0.001 0.001 0.001 0.001 0.001 0.001 0.001 0.001 0.001 0.001 0.001 0.001 0.001 0.001
0.000 0.000 0.000 0.000 0.000 0.000 0.000 0.000 0.000 0.000 0.000 0.000 0.000 0.000 0.000 0.000 0.000 0.000 0.000 0.000 0.001 0.001 0.001 0.001 0.001 0.001 0.001 0.001 0.001 0.001 0.001 0.001 0.001 0.001 0.001 0.001 0.001 0.001 0.001 0.001 0.001 0.001 0.001 0.001 0.001 0.001 0.000 0.000 0.000 0.001 0.001 0.001 0.001 0.001 0.001 0.000 0.000 0.000 0.000 0.001 0.001 0.001 0.001 0.001 0.001 0.001 0.001 0.001 0.001 0.001 0.001 0.001 0.001 0.001 0.001 0.001 0.001
0.000 0.000 0.000 0.000 0.000 0.000 0.000 0.000 0.000 0.000 0.000 0.000 0.000 0.000 0.000 0.000 0.000 0.000 0.000 0.001 0.001 0.001 0.001 0.001 0.001 0.001 0.001 0.001 0.001 0.001 0.001 0.001 0.001 0.001 0.001 0.001 0.001 0.001 0.001 0.001 0.001 0.001 0.001 0.001 0.001 0.001 0.000 0.000 0.000 0.000 0.001 0.001 0.001 0.001 0.001 0.001 0.000 0.000 0.000 0.001 0.001 0.001 0.001 0.001 0.001 0.001 0.001 0.001 0.001 0.001 0.001 0.001 0.001 0.001 0.001 0.001 0.000
0.000 0.000 0.000 0.000 0.000 0.000 0.000 0.000 0.000 0.000 0.000 0.000 0.000 0.000 0.000 0.000 0.000 0.001 0.001 0.001 0.001 0.001 0.001 0.001 0.001 0.001 0.001 0.001 0.001 0.001 0.001 0.001 0.001 0.001 0.001 0.001 0.001 0.001 0.001 0.001 0.001 0.001 0.001 0.001 0.001 0.001 0.000 0.000 0.000 0.000 0.000 0.001 0.001 0.001 0.001 0.001 0.000 0.000 0.000 0.000 0.001 0.001 0.001 0.001 0.001 0.001 0.001 0.001 0.001 0.001 0.001 0.001 0.001 0.001 0.001 0.001 0.000
0.000 0.000 0.000 0.000 0.000 0.000 0.000 0.000 0.000 0.000 0.000 0.000 0.000 0.000 0.000 0.000 0.000 0.001 0.001 0.001 0.001 0.001 0.001 0.001 0.001 0.001 0.001 0.001 0.001 0.001 0.001 0.001 0.001 0.001 0.001 0.001 0.001 0.001 0.001 0.001 0.001 0.001 0.001 0.001 0.001 0.001 0.000 0.000 0.000 0.000 0.000 0.000 0.001 0.001 0.001 0.001 0.000 0.000 0.000 0.000 0.001 0.001 0.001 0.001 0.001 0.001 0.001 0.001 0.001 0.001 0.001 0.001 0.001 0.001 0.001 0.001 0.001
0.000 0.000 0.000 0.000 0.001 0.000 0.000 0.000 0.000 0.000 0.000 0.000 0.000 0.000 0.000 0.000 0.000 0.001 0.001 0.001 0.001 0.001 0.001 0.001 0.001 0.001 0.001 0.001 0.001 0.001 0.001 0.001 0.001 0.001 0.001 0.001 0.001 0.001 0.001 0.001 0.001 0.001 0.001 0.001 0.001 0.001 0.000 0.000 0.000 0.000 0.000 0.000 0.000 0.000 0.000 0.000 0.000 0.000 0.000 0.000 0.001 0.001 0.001 0.001 0.001 0.001 0.001 0.001 0.001 0.001 0.001 0.001 0.001 0.001 0.001 0.001 0.001
0.000 0.000 0.000 0.000 0.000 0.000 0.000 0.000 0.000 0.000 0.000 0.000 0.000 0.000 0.000 0.000 0.001 0.001 0.001 0.001 0.001 0.001 0.001 0.001 0.001 0.001 0.001 0.001 0.001 0.001 0.001 0.001 0.001 0.001 0.001 0.000 0.001 0.001 0.001 0.001 0.001 0.001 0.001 0.001 0.001 0.001 0.000 0.000 0.000 0.000 0.000 0.000 0.000 0.000 0.000 0.000 0.000 0.000 0.000 0.000 0.001 0.001 0.001 0.001 0.001 0.001 0.001 0.001 0.001 0.001 0.001 0.001 0.001 0.001 0.001 0.001 0.001
0.000 0.000 0.000 0.000 0.000 0.000 0.000 0.000 0.000 0.000 0.000 0.000 0.000 0.000 0.000 0.000 0.001 0.001 0.001 0.001 0.001 0.001 0.001 0.001 0.001 0.001 0.001 0.001 0.001 0.001 0.001 0.001 0.001 0.001 0.000 0.000 0.000 0.000 0.001 0.001 0.001 0.001 0.001 0.001 0.001 0.001 0.001 0.000 0.000 0.000 0.000 0.000 0.000 0.000 0.000 0.000 0.000 0.000 0.000 0.001 0.001 0.001 0.001 0.001 0.001 0.001 0.001 0.001 0.001 0.001 0.001 0.001 0.001 0.000 0.000 0.000 0.000
0.000 0.000 0.000 0.000 0.000 0.000 0.000 0.000 0.000 0.000 0.000 0.000 0.000 0.000 0.000 0.001 0.001 0.001 0.001 0.001 0.001 0.001 0.001 0.001 0.001 0.001 0.001 0.001 0.001 0.001 0.001 0.001 0.001 0.001 0.001 0.000 0.000 0.000 0.000 0.001 0.001 0.001 0.001 0.001 0.001 0.001 0.001 0.001 0.000 0.000 0.000 0.000 0.000 0.000 0.000 0.000 0.000 0.000 0.000 0.000 0.001 0.001 0.001 0.001 0.001 0.001 0.001 0.001 0.001 0.001 0.001 0.000 0.000 0.000 0.000 0.000 0.000
