RESULTS/r.avaflow_results/21_results/21_ascii/21_hflow10004.asc
ncols 506
nrows 317
xllcenter 498237.50
yllcenter 5580050.00
cellsize 12.50
NODATA_value -9999.000
[rows 204 to 237 of 317, columns 77 to 153 of 506]
0.000 0.000 0.000 0.000 0.000 0.000 0.000 0.000 0.000 0.000 0.000 0.000 0.000 0.000 0.000 0.000 0.000 0.000 0.000 0.000 0.000 0.000 0.000 0.000 0.000 0.000 0.000 0.000 0.000 0.000 0.000 0.000 0.000 0.000 0.000 0.000 0.000 0.000 0.000 0.000 0.000 0.000 0.000 0.000 0.000 0.000 0.000 0.000 0.000 0.000 0.000 0.001 0.003 0.008 0.019 0.040 0.078 0.138 0.206 0.252 0.278 0.294 0.310 0.329 0.371 0.459 0.550 0.585 0.583 0.551 0.469 0.332 0.196 0.108 0.055 0.026 0.011
0.000 0.000 0.000 0.000 0.000 0.000 0.000 0.000 0.000 0.000 0.000 0.000 0.000 0.000 0.000 0.000 0.000 0.000 0.000 0.000 0.000 0.000 0.000 0.000 0.000 0.000 0.000 0.000 0.000 0.000 0.000 0.000 0.000 0.000 0.000 0.000 0.000 0.000 0.000 0.000 0.000 0.000 0.000 0.000 0.000 0.000 0.000 0.000 0.000 0.000 0.000 0.001 0.004 0.011 0.027 0.057 0.110 0.194 0.293 0.361 0.396 0.416 0.434 0.465 0.537 0.642 0.708 0.729 0.722 0.666 0.539 0.352 0.202 0.108 0.054 0.025 0.010
0.000 0.000 0.000 0.000 0.000 0.000 0.000 0.000 0.000 0.000 0.000 0.000 0.000 0.000 0.000 0.000 0.000 0.000 0.000 0.000 0.000 0.000 0.000 0.000 0.000 0.000 0.000 0.000 0.000 0.000 0.000 0.000 0.000 0.000 0.000 0.000 0.000 0.000 0.000 0.000 0.000 0.000 0.000 0.000 0.000 0.000 0.000 0.000 0.000 0.000 0.000 0.001 0.005 0.014 0.034 0.074 0.145 0.254 0.371 0.443 0.475 0.489 0.504 0.538 0.624 0.715 0.750 0.758 0.748 0.687 0.548 0.346 0.196 0.102 0.048 0.020 0.007
0.000 0.000 0.000 0.000 0.000 0.000 0.000 0.000 0.000 0.000 0.000 0.000 0.000 0.000 0.000 0.000 0.000 0.000 0.000 0.000 0.000 0.000 0.000 0.000 0.000 0.000 0.000 0.000 0.000 0.000 0.000 0.000 0.000 0.000 0.000 0.000 0.000 0.000 0.000 0.000 0.001 0.002 0.002 0.002 0.002 0.001 0.001 0.000 0.000 0.000 0.001 0.002 0.006 0.015 0.038 0.085 0.170 0.298 0.418 0.485 0.514 0.527 0.541 0.578 0.666 0.738 0.759 0.759 0.741 0.673 0.524 0.310 0.158 0.070 0.025 0.007 0.002
0.000 0.000 0.000 0.000 0.000 0.000 0.000 0.000 0.000 0.000 0.000 0.000 0.000 0.000 0.000 0.000 0.000 0.000 0.000 0.000 0.000 0.000 0.000 0.000 0.000 0.000 0.000 0.000 0.000 0.000 0.000 0.000 0.000 0.000 0.000 0.000 0.000 0.000 0.001 0.003 0.004 0.004 0.004 0.004 0.003 0.002 0.002 0.002 0.002 0.002 0.002 0.003 0.006 0.015 0.038 0.090 0.186 0.327 0.446 0.511 0.540 0.555 0.569 0.604 0.683 0.738 0.753 0.745 0.699 0.586 0.383 0.182 0.070 0.023 0.007 0.002 0.001
0.000 0.000 0.000 0.000 0.000 0.000 0.000 0.000 0.000 0.000 0.000 0.000 0.000 0.000 0.000 0.000 0.000 0.000 0.000 0.000 0.000 0.000 0.000 0.000 0.000 0.000 0.000 0.000 0.000 0.000 0.000 0.000 0.000 0.000 0.000 0.000 0.000 0.001 0.003 0.005 0.006 0.007 0.006 0.005 0.004 0.003 0.002 0.002 0.002 0.002 0.002 0.003 0.006 0.014 0.037 0.092 0.197 0.351 0.468 0.532 0.559 0.571 0.584 0.617 0.678 0.706 0.701 0.657 0.540 0.351 0.167 0.066 0.024 0.008 0.002 0.001 0.000
0.000 0.000 0.000 0.000 0.000 0.000 0.000 0.000 0.000 0.000 0.000 0.000 0.000 0.000 0.000 0.000 0.000 0.000 0.000 0.000 0.000 0.000 0.000 0.000 0.000 0.000 0.000 0.000 0.000 0.000 0.000 0.000 0.000 0.000 0.000 0.000 0.001 0.002 0.005 0.007 0.009 0.009 0.008 0.007 0.005 0.003 0.003 0.002 0.002 0.003 0.003 0.004 0.006 0.014 0.037 0.093 0.205 0.363 0.474 0.534 0.560 0.571 0.581 0.606 0.625 0.605 0.547 0.449 0.311 0.165 0.075 0.030 0.011 0.004 0.001 0.000 0.000
0.000 0.000 0.000 0.000 0.000 0.000 0.000 0.000 0.000 0.000 0.000 0.000 0.000 0.000 0.000 0.000 0.000 0.000 0.000 0.000 0.000 0.000 0.000 0.000 0.000 0.000 0.000 0.000 0.000 0.000 0.000 0.000 0.000 0.000 0.000 0.000 0.001 0.003 0.006 0.009 0.011 0.011 0.011 0.008 0.005 0.004 0.003 0.003 0.003 0.003 0.003 0.004 0.006 0.014 0.037 0.094 0.209 0.361 0.457 0.502 0.516 0.517 0.513 0.506 0.482 0.436 0.370 0.285 0.181 0.092 0.041 0.016 0.005 0.002 0.001 0.000 0.000
0.000 0.000 0.000 0.000 0.000 0.000 0.000 0.000 0.000 0.001 0.001 0.002 0.002 0.003 0.003 0.003 0.002 0.002 0.001 0.001 0.002 0.003 0.003 0.003 0.003 0.003 0.003 0.003 0.003 0.002 0.001 0.000 0.000 0.000 0.000 0.001 0.002 0.005 0.008 0.011 0.013 0.014 0.013 0.010 0.006 0.004 0.003 0.003 0.003 0.003 0.004 0.004 0.007 0.014 0.037 0.095 0.210 0.340 0.404 0.417 0.406 0.382 0.365 0.356 0.343 0.312 0.265 0.201 0.119 0.058 0.025 0.009 0.003 0.001 0.000 0.000 0.000
0.000 0.000 0.001 0.001 0.001 0.002 0.002 0.002 0.003 0.003 0.004 0.005 0.006 0.007 0.007 0.007 0.006 0.005 0.005 0.005 0.005 0.006 0.007 0.007 0.007 0.007 0.007 0.007 0.006 0.005 0.003 0.002 0.000 0.000 0.000 0.001 0.003 0.006 0.010 0.013 0.015 0.016 0.015 0.012 0.007 0.005 0.004 0.004 0.004 0.004 0.004 0.004 0.006 0.014 0.036 0.091 0.197 0.283 0.309 0.311 0.304 0.289 0.283 0.280 0.271 0.248 0.207 0.149 0.083 0.039 0.016 0.006 0.002 0.001 0.000 0.000 0.000
0.002 0.002 0.003 0.004 0.005 0.005 0.006 0.006 0.007 0.009 0.011 0.013 0.015 0.016 0.016 0.016 0.014 0.011 0.009 0.009 0.010 0.011 0.013 0.013 0.013 0.013 0.012 0.012 0.011 0.009 0.006 0.003 0.002 0.001 0.001 0.003 0.005 0.008 0.012 0.015 0.017 0.018 0.017 0.013 0.008 0.005 0.004 0.004 0.004 0.004 0.004 0.005 0.007 0.012 0.032 0.084 0.178 0.235 0.250 0.249 0.240 0.230 0.228 0.229 0.224 0.203 0.165 0.111 0.058 0.027 0.011 0.004 0.002 0.001 0.000 0.000 0.000
0.005 0.007 0.009 0.012 0.013 0.013 0.014 0.015 0.017 0.021 0.026 0.029 0.031 0.033 0.033 0.031 0.026 0.020 0.017 0.016 0.017 0.019 0.022 0.023 0.023 0.022 0.021 0.020 0.018 0.015 0.010 0.006 0.004 0.003 0.003 0.004 0.006 0.010 0.015 0.018 0.020 0.021 0.020 0.016 0.009 0.006 0.005 0.004 0.004 0.004 0.005 0.005 0.007 0.013 0.029 0.075 0.157 0.197 0.205 0.204 0.195 0.188 0.190 0.193 0.188 0.167 0.131 0.083 0.042 0.019 0.008 0.003 0.001 0.000 0.000 0.000 0.000
0.013 0.017 0.022 0.026 0.028 0.029 0.029 0.031 0.036 0.045 0.054 0.060 0.063 0.064 0.064 0.059 0.046 0.034 0.029 0.027 0.028 0.032 0.036 0.038 0.038 0.037 0.035 0.034 0.030 0.023 0.015 0.009 0.005 0.004 0.004 0.006 0.009 0.013 0.018 0.022 0.024 0.025 0.023 0.018 0.011 0.007 0.005 0.005 0.005 0.005 0.005 0.006 0.008 0.014 0.030 0.074 0.142 0.172 0.175 0.170 0.160 0.154 0.155 0.158 0.152 0.132 0.100 0.061 0.031 0.014 0.006 0.002 0.001 0.000 0.000 0.000 0.000
0.025 0.030 0.036 0.043 0.049 0.052 0.055 0.060 0.071 0.089 0.108 0.117 0.120 0.119 0.116 0.105 0.080 0.058 0.048 0.045 0.046 0.051 0.058 0.061 0.062 0.060 0.058 0.054 0.047 0.035 0.022 0.013 0.008 0.006 0.006 0.008 0.012 0.018 0.023 0.027 0.029 0.029 0.028 0.022 0.013 0.009 0.006 0.005 0.005 0.005 0.006 0.007 0.010 0.016 0.033 0.075 0.126 0.142 0.143 0.139 0.132 0.129 0.132 0.133 0.125 0.105 0.077 0.046 0.023 0.010 0.004 0.001 0.000 0.000 0.000 0.000 0.000
0.033 0.036 0.041 0.049 0.060 0.073 0.087 0.102 0.124 0.161 0.198 0.214 0.216 0.213 0.204 0.179 0.134 0.098 0.080 0.074 0.075 0.081 0.092 0.097 0.098 0.095 0.091 0.084 0.071 0.051 0.032 0.019 0.011 0.009 0.009 0.011 0.016 0.023 0.030 0.034 0.036 0.036 0.034 0.027 0.017 0.011 0.008 0.007 0.007 0.007 0.007 0.009 0.012 0.019 0.038 0.083 0.121 0.130 0.128 0.120 0.114 0.113 0.115 0.114 0.105 0.085 0.059 0.035 0.018 0.008 0.003 0.001 0.000 0.000 0.000 0.000 0.000
0.034 0.036 0.041 0.049 0.062 0.082 0.110 0.150 0.202 0.274 0.336 0.363 0.367 0.363 0.343 0.296 0.219 0.160 0.131 0.120 0.119 0.127 0.143 0.151 0.151 0.146 0.138 0.125 0.104 0.072 0.044 0.025 0.015 0.012 0.012 0.015 0.021 0.031 0.039 0.043 0.045 0.046 0.043 0.034 0.022 0.014 0.011 0.009 0.009 0.009 0.009 0.011 0.015 0.024 0.047 0.096 0.123 0.125 0.118 0.108 0.103 0.102 0.103 0.099 0.087 0.069 0.047 0.027 0.013 0.006 0.002 0.001 0.000 0.000 0.000 0.000 0.000
0.033 0.035 0.039 0.048 0.061 0.083 0.121 0.184 0.283 0.423 0.537 0.582 0.587 0.577 0.543 0.464 0.346 0.261 0.216 0.196 0.194 0.202 0.224 0.235 0.235 0.225 0.211 0.190 0.151 0.101 0.060 0.033 0.020 0.017 0.017 0.020 0.029 0.042 0.052 0.057 0.059 0.059 0.056 0.044 0.028 0.019 0.014 0.012 0.012 0.012 0.013 0.015 0.021 0.032 0.063 0.110 0.127 0.125 0.111 0.100 0.096 0.095 0.093 0.085 0.072 0.056 0.038 0.021 0.010 0.004 0.002 0.000 0.000 0.000 0.000 0.000 0.000
0.028 0.029 0.033 0.041 0.057 0.082 0.125 0.200 0.325 0.517 0.698 0.788 0.814 0.812 0.776 0.679 0.527 0.418 0.358 0.330 0.323 0.331 0.354 0.365 0.362 0.345 0.320 0.282 0.218 0.140 0.080 0.044 0.028 0.023 0.023 0.028 0.040 0.059 0.072 0.079 0.082 0.081 0.076 0.058 0.038 0.026 0.020 0.017 0.017 0.017 0.018 0.021 0.028 0.045 0.087 0.124 0.129 0.121 0.105 0.096 0.091 0.088 0.083 0.073 0.060 0.046 0.031 0.017 0.008 0.003 0.001 0.000 0.000 0.000 0.000 0.000 0.000
0.018 0.018 0.021 0.029 0.046 0.076 0.124 0.204 0.339 0.554 0.782 0.907 0.954 0.959 0.933 0.849 0.698 0.577 0.511 0.481 0.474 0.482 0.515 0.534 0.526 0.502 0.468 0.408 0.305 0.189 0.106 0.058 0.038 0.033 0.033 0.040 0.057 0.082 0.102 0.112 0.115 0.114 0.104 0.079 0.053 0.037 0.029 0.025 0.024 0.024 0.026 0.030 0.039 0.064 0.113 0.138 0.138 0.121 0.102 0.093 0.087 0.082 0.074 0.063 0.051 0.040 0.026 0.014 0.006 0.002 0.001 0.000 0.000 0.000 0.000 0.000 0.000
0.008 0.009 0.012 0.020 0.036 0.066 0.119 0.204 0.340 0.562 0.820 0.967 1.021 1.028 1.007 0.932 0.790 0.654 0.580 0.553 0.548 0.561 0.606 0.659 0.680 0.675 0.651 0.574 0.422 0.251 0.138 0.078 0.054 0.047 0.048 0.058 0.081 0.116 0.145 0.159 0.163 0.160 0.143 0.107 0.073 0.053 0.041 0.036 0.035 0.035 0.037 0.042 0.055 0.089 0.135 0.149 0.144 0.120 0.101 0.091 0.084 0.076 0.065 0.054 0.044 0.034 0.022 0.010 0.004 0.001 0.000 0.000 0.000 0.000 0.000 0.000 0.000
0.003 0.004 0.008 0.015 0.031 0.062 0.115 0.202 0.341 0.563 0.832 0.989 1.047 1.054 1.034 0.966 0.833 0.681 0.600 0.577 0.578 0.595 0.647 0.736 0.799 0.819 0.807 0.726 0.539 0.320 0.178 0.105 0.076 0.069 0.071 0.084 0.114 0.163 0.204 0.223 0.227 0.220 0.191 0.140 0.098 0.073 0.059 0.053 0.051 0.050 0.052 0.057 0.074 0.116 0.151 0.158 0.146 0.118 0.101 0.091 0.083 0.072 0.059 0.048 0.039 0.029 0.017 0.008 0.003 0.001 0.000 0.000 0.000 0.000 0.000 0.000 0.000
0.001 0.003 0.006 0.013 0.029 0.058 0.111 0.198 0.337 0.556 0.825 0.989 1.053 1.063 1.048 0.994 0.863 0.691 0.610 0.590 0.592 0.611 0.670 0.790 0.897 0.937 0.930 0.847 0.635 0.380 0.220 0.140 0.108 0.101 0.103 0.121 0.161 0.225 0.276 0.299 0.300 0.283 0.235 0.164 0.113 0.083 0.069 0.063 0.062 0.062 0.065 0.073 0.096 0.137 0.159 0.161 0.144 0.118 0.103 0.093 0.083 0.069 0.055 0.044 0.035 0.025 0.013 0.005 0.002 0.000 0.000 0.000 0.000 0.000 0.000 0.000 0.000
0.001 0.002 0.005 0.011 0.026 0.055 0.105 0.189 0.321 0.526 0.791 0.966 1.044 1.062 1.056 1.015 0.881 0.692 0.611 0.594 0.596 0.618 0.686 0.834 0.984 1.043 1.041 0.955 0.722 0.439 0.266 0.182 0.151 0.144 0.148 0.170 0.223 0.300 0.350 0.368 0.366 0.336 0.269 0.182 0.123 0.090 0.076 0.071 0.071 0.072 0.076 0.089 0.118 0.152 0.164 0.163 0.143 0.120 0.107 0.097 0.086 0.069 0.052 0.041 0.031 0.019 0.009 0.003 0.001 0.000 0.000 0.000 0.000 0.000 0.000 0.000 0.000
0.001 0.002 0.004 0.010 0.022 0.049 0.095 0.171 0.288 0.469 0.725 0.917 1.012 1.047 1.051 1.018 0.885 0.687 0.603 0.586 0.588 0.612 0.685 0.856 1.059 1.145 1.150 1.063 0.814 0.511 0.326 0.236 0.204 0.196 0.201 0.226 0.287 0.366 0.413 0.429 0.424 0.384 0.296 0.194 0.130 0.096 0.083 0.080 0.080 0.082 0.088 0.105 0.138 0.161 0.167 0.163 0.142 0.124 0.115 0.105 0.091 0.069 0.050 0.037 0.026 0.014 0.006 0.002 0.001 0.000 0.000 0.000 0.000 0.000 0.000 0.000 0.000
0.001 0.001 0.003 0.008 0.018 0.039 0.077 0.138 0.235 0.394 0.638 0.842 0.948 0.990 0.997 0.968 0.843 0.639 0.546 0.528 0.535 0.569 0.657 0.852 1.106 1.229 1.242 1.160 0.919 0.606 0.405 0.304 0.262 0.252 0.257 0.283 0.344 0.422 0.468 0.483 0.476 0.428 0.321 0.205 0.137 0.104 0.093 0.091 0.091 0.093 0.101 0.123 0.154 0.167 0.170 0.162 0.143 0.130 0.121 0.110 0.092 0.067 0.047 0.032 0.020 0.010 0.004 0.001 0.000 0.000 0.000 0.000 0.000 0.000 0.000 0.000 0.000
0.001 0.001 0.002 0.006 0.014 0.030 0.057 0.103 0.175 0.297 0.505 0.720 0.830 0.862 0.861 0.829 0.712 0.515 0.416 0.397 0.411 0.462 0.576 0.805 1.102 1.251 1.271 1.204 1.009 0.717 0.504 0.384 0.324 0.306 0.310 0.336 0.395 0.473 0.520 0.534 0.525 0.468 0.344 0.216 0.144 0.113 0.105 0.104 0.104 0.106 0.114 0.141 0.166 0.173 0.172 0.160 0.143 0.131 0.121 0.107 0.086 0.061 0.041 0.026 0.014 0.006 0.002 0.001 0.000 0.000 0.000 0.000 0.000 0.000 0.000 0.000 0.000
0.001 0.001 0.002 0.005 0.011 0.023 0.045 0.080 0.135 0.219 0.360 0.549 0.662 0.695 0.691 0.657 0.556 0.392 0.308 0.283 0.284 0.320 0.432 0.678 1.034 1.219 1.244 1.201 1.073 0.843 0.619 0.475 0.392 0.361 0.360 0.383 0.443 0.527 0.576 0.590 0.577 0.505 0.362 0.228 0.154 0.124 0.117 0.116 0.116 0.118 0.127 0.154 0.174 0.177 0.172 0.156 0.141 0.129 0.116 0.099 0.077 0.052 0.033 0.018 0.009 0.003 0.001 0.000 0.000 0.000 0.000 0.000 0.000 0.000 0.000 0.000 0.000
0.000 0.001 0.001 0.004 0.008 0.018 0.035 0.061 0.102 0.163 0.259 0.400 0.488 0.513 0.509 0.480 0.407 0.291 0.221 0.196 0.195 0.216 0.292 0.504 0.901 1.156 1.212 1.201 1.132 0.971 0.748 0.578 0.470 0.419 0.410 0.427 0.488 0.584 0.639 0.652 0.633 0.540 0.371 0.236 0.165 0.137 0.130 0.128 0.127 0.128 0.136 0.162 0.176 0.177 0.168 0.150 0.134 0.120 0.106 0.088 0.067 0.043 0.024 0.012 0.005 0.002 0.001 0.000 0.000 0.000 0.000 0.000 0.000 0.000 0.000 0.000 0.000
0.000 0.000 0.001 0.002 0.006 0.013 0.026 0.045 0.073 0.115 0.182 0.281 0.341 0.356 0.352 0.331 0.278 0.192 0.138 0.120 0.120 0.137 0.201 0.384 0.775 1.100 1.206 1.222 1.191 1.078 0.880 0.689 0.555 0.484 0.464 0.475 0.534 0.641 0.707 0.722 0.694 0.568 0.369 0.239 0.175 0.150 0.140 0.136 0.134 0.134 0.141 0.164 0.174 0.173 0.161 0.141 0.123 0.106 0.091 0.075 0.054 0.032 0.016 0.007 0.002 0.001 0.000 0.000 0.000 0.000 0.000 0.000 0.000 0.000 0.000 0.000 0.000
0.000 0.000 0.001 0.001 0.003 0.008 0.017 0.029 0.048 0.075 0.118 0.183 0.219 0.226 0.222 0.206 0.168 0.108 0.073 0.064 0.066 0.082 0.142 0.309 0.674 1.044 1.208 1.259 1.252 1.176 1.008 0.798 0.641 0.554 0.527 0.534 0.591 0.704 0.780 0.799 0.751 0.580 0.364 0.241 0.186 0.163 0.150 0.142 0.138 0.138 0.143 0.161 0.167 0.163 0.150 0.129 0.109 0.092 0.076 0.060 0.040 0.021 0.009 0.004 0.001 0.000 0.000 0.000 0.000 0.000 0.000 0.000 0.000 0.000 0.000 0.000 0.000
0.000 0.000 0.001 0.001 0.001 0.004 0.009 0.016 0.027 0.043 0.069 0.107 0.125 0.128 0.125 0.113 0.089 0.053 0.033 0.029 0.031 0.047 0.103 0.256 0.583 0.989 1.218 1.310 1.325 1.279 1.134 0.909 0.728 0.627 0.596 0.604 0.664 0.777 0.843 0.849 0.774 0.567 0.351 0.239 0.196 0.176 0.162 0.152 0.145 0.143 0.146 0.159 0.164 0.158 0.140 0.117 0.098 0.081 0.063 0.045 0.026 0.012 0.005 0.002 0.001 0.000 0.000 0.000 0.000 0.000 0.000 0.000 0.000 0.000 0.000 0.000 0.000
0.000 0.000 0.000 0.001 0.001 0.001 0.003 0.007 0.013 0.021 0.035 0.053 0.061 0.061 0.060 0.053 0.041 0.022 0.012 0.011 0.013 0.026 0.075 0.209 0.496 0.928 1.246 1.393 1.420 1.387 1.251 1.014 0.820 0.711 0.677 0.687 0.745 0.828 0.865 0.857 0.755 0.528 0.327 0.233 0.199 0.183 0.172 0.164 0.157 0.153 0.153 0.160 0.161 0.153 0.132 0.108 0.088 0.069 0.050 0.030 0.015 0.006 0.002 0.001 0.000 0.000 0.000 0.000 0.000 0.000 0.000 0.000 0.000 0.000 0.000 0.000 0.000
0.000 0.000 0.000 0.001 0.001 0.001 0.001 0.002 0.004 0.008 0.014 0.022 0.024 0.024 0.023 0.020 0.015 0.006 0.003 0.003 0.004 0.014 0.051 0.161 0.407 0.833 1.250 1.478 1.540 1.512 1.373 1.126 0.922 0.808 0.770 0.775 0.810 0.841 0.850 0.823 0.691 0.459 0.293 0.220 0.194 0.182 0.173 0.167 0.160 0.155 0.154 0.155 0.152 0.141 0.122 0.099 0.078 0.057 0.035 0.018 0.008 0.003 0.001 0.000 0.000 0.000 0.000 0.000 0.000 0.000 0.000 0.000 0.000 0.000 0.000 0.000 0.000
0.000 0.000 0.000 0.001 0.001 0.001 0.001 0.001 0.001 0.002 0.004 0.006 0.007 0.006 0.006 0.005 0.003 0.001 0.001 0.001 0.002 0.007 0.031 0.110 0.306 0.687 1.180 1.525 1.669 1.670 1.548 1.299 1.065 0.928 0.868 0.852 0.846 0.831 0.812 0.752 0.593 0.383 0.255 0.200 0.180 0.170 0.164 0.160 0.155 0.150 0.147 0.143 0.135 0.122 0.106 0.088 0.066 0.042 0.021 0.009 0.003 0.001 0.000 0.000 0.000 0.000 0.000 0.000 0.000 0.000 0.000 0.000 0.000 0.000 0.000 0.000 0.000
