RESULTS/r.avaflow_results/21_results/21_ascii/21_hflow0024.asc
ncols 506
nrows 317
xllcenter 498237.50
yllcenter 5580050.00
cellsize 12.50
NODATA_value -9999.000
[rows 170 to 203 of 317, columns 77 to 153 of 506]
0.000 0.000 0.000 0.000 0.000 0.000 0.000 0.000 0.000 0.000 0.000 0.000 0.000 0.000 0.000 0.000 0.000 0.000 0.000 0.000 0.000 0.001 0.003 0.006 0.012 0.017 0.019 0.020 0.020 0.021 0.020 0.020 0.019 0.017 0.014 0.013 0.012 0.010 0.009 0.007 0.006 0.005 0.005 0.005 0.005 0.007 0.011 0.020 0.037 0.075 0.157 0.333 0.664 1.181 1.799 2.452 3.197 4.165 5.477 7.191 9.262 11.200 12.650 13.581 14.036 14.135 14.050 13.898 13.688 13.323 12.709 11.870 11.011 10.338 9.842 9.464 9.179
0.000 0.000 0.000 0.000 0.000 0.000 0.000 0.000 0.000 0.000 0.000 0.000 0.000 0.000 0.000 0.000 0.000 0.000 0.000 0.000 0.001 0.003 0.007 0.013 0.020 0.025 0.028 0.029 0.029 0.029 0.029 0.028 0.027 0.024 0.021 0.019 0.017 0.016 0.013 0.011 0.009 0.007 0.007 0.007 0.009 0.014 0.025 0.048 0.096 0.200 0.410 0.785 1.328 1.937 2.538 3.190 3.987 5.049 6.478 8.326 10.420 12.127 13.321 14.042 14.354 14.357 14.201 14.006 13.751 13.373 12.862 12.344 12.006 11.875 11.886 11.985 12.199
0.000 0.000 0.000 0.000 0.000 0.000 0.000 0.000 0.000 0.000 0.000 0.000 0.000 0.000 0.000 0.000 0.000 0.000 0.000 0.001 0.003 0.007 0.013 0.022 0.030 0.035 0.038 0.039 0.040 0.040 0.040 0.039 0.036 0.032 0.028 0.026 0.024 0.021 0.018 0.015 0.012 0.011 0.011 0.012 0.017 0.030 0.059 0.120 0.248 0.494 0.908 1.428 1.948 2.423 2.914 3.519 4.337 5.455 6.937 8.838 10.861 12.407 13.460 14.093 14.373 14.388 14.276 14.126 13.944 13.731 13.534 13.476 13.547 13.694 13.933 14.377 15.133
0.000 0.000 0.000 0.000 0.000 0.000 0.000 0.000 0.000 0.000 0.000 0.000 0.000 0.000 0.000 0.000 0.000 0.000 0.001 0.003 0.006 0.012 0.021 0.031 0.040 0.046 0.049 0.051 0.052 0.052 0.052 0.050 0.047 0.042 0.036 0.031 0.028 0.025 0.023 0.019 0.017 0.016 0.016 0.020 0.034 0.068 0.143 0.293 0.570 1.008 1.502 1.939 2.311 2.660 3.065 3.617 4.421 5.548 7.033 8.929 10.886 12.366 13.369 13.980 14.282 14.376 14.398 14.427 14.475 14.530 14.579 14.641 14.740 14.930 15.315 16.052 17.237
0.000 0.000 0.000 0.000 0.000 0.000 0.000 0.000 0.000 0.000 0.000 0.000 0.000 0.000 0.000 0.000 0.000 0.000 0.001 0.004 0.009 0.017 0.027 0.038 0.048 0.054 0.059 0.061 0.062 0.062 0.062 0.060 0.056 0.050 0.042 0.035 0.030 0.027 0.025 0.023 0.022 0.022 0.025 0.037 0.073 0.157 0.325 0.619 1.044 1.499 1.878 2.186 2.451 2.738 3.107 3.626 4.404 5.508 6.970 8.847 10.711 12.097 13.057 13.694 14.104 14.381 14.611 14.812 14.970 15.076 15.134 15.188 15.290 15.547 16.094 17.039 18.419
0.000 0.000 0.000 0.000 0.000 0.000 0.000 0.000 0.000 0.000 0.000 0.000 0.000 0.000 0.000 0.000 0.000 0.000 0.002 0.006 0.012 0.020 0.031 0.044 0.054 0.062 0.067 0.069 0.070 0.071 0.070 0.068 0.064 0.057 0.046 0.037 0.031 0.028 0.027 0.026 0.027 0.029 0.040 0.072 0.155 0.331 0.633 1.029 1.431 1.763 2.027 2.246 2.473 2.748 3.106 3.593 4.306 5.353 6.778 8.597 10.315 11.592 12.539 13.274 13.867 14.330 14.669 14.913 15.077 15.166 15.208 15.253 15.363 15.677 16.329 17.365 18.755
0.000 0.000 0.000 0.000 0.000 0.000 0.000 0.000 0.000 0.000 0.000 0.000 0.000 0.000 0.000 0.000 0.000 0.000 0.002 0.006 0.013 0.023 0.035 0.048 0.059 0.067 0.073 0.076 0.077 0.077 0.076 0.074 0.069 0.062 0.050 0.039 0.032 0.028 0.027 0.028 0.030 0.038 0.064 0.135 0.301 0.601 0.976 1.326 1.616 1.851 2.047 2.237 2.457 2.730 3.072 3.512 4.129 5.076 6.437 8.170 9.751 10.948 11.917 12.771 13.520 14.097 14.470 14.682 14.788 14.816 14.813 14.828 14.941 15.324 16.077 17.178 18.567
0.000 0.000 0.000 0.000 0.000 0.000 0.000 0.000 0.000 0.000 0.000 0.000 0.000 0.000 0.000 0.000 0.000 0.000 0.002 0.007 0.015 0.025 0.038 0.052 0.064 0.072 0.077 0.080 0.081 0.081 0.081 0.078 0.074 0.065 0.053 0.040 0.032 0.028 0.027 0.028 0.033 0.050 0.100 0.233 0.497 0.866 1.201 1.460 1.670 1.852 2.020 2.196 2.409 2.673 2.994 3.385 3.912 4.735 5.990 7.609 9.086 10.237 11.225 12.125 12.889 13.429 13.729 13.845 13.842 13.775 13.690 13.654 13.763 14.211 15.085 16.316 17.782
0.000 0.000 0.000 0.000 0.000 0.000 0.000 0.000 0.000 0.000 0.000 0.000 0.000 0.000 0.000 0.000 0.000 0.000 0.002 0.007 0.015 0.026 0.041 0.055 0.067 0.075 0.080 0.083 0.084 0.084 0.083 0.081 0.076 0.068 0.055 0.041 0.032 0.028 0.027 0.028 0.034 0.058 0.135 0.325 0.659 1.028 1.297 1.494 1.660 1.811 1.959 2.124 2.324 2.573 2.871 3.222 3.688 4.407 5.509 6.959 8.318 9.407 10.351 11.172 11.806 12.191 12.345 12.332 12.211 12.008 11.826 11.749 11.884 12.437 13.466 14.870 16.481
0.000 0.000 0.000 0.000 0.000 0.000 0.000 0.000 0.000 0.000 0.000 0.000 0.000 0.000 0.000 0.000 0.000 0.000 0.002 0.007 0.016 0.027 0.043 0.058 0.069 0.077 0.082 0.085 0.086 0.086 0.085 0.083 0.078 0.069 0.056 0.041 0.031 0.027 0.026 0.026 0.033 0.062 0.155 0.383 0.758 1.096 1.318 1.478 1.611 1.735 1.867 2.019 2.204 2.434 2.708 3.031 3.450 4.080 5.021 6.254 7.411 8.352 9.151 9.794 10.222 10.409 10.398 10.269 10.049 9.787 9.640 9.660 9.975 10.701 11.826 13.272 14.933
0.000 0.000 0.000 0.000 0.000 0.000 0.000 0.000 0.000 0.000 0.000 0.000 0.000 0.000 0.000 0.000 0.000 0.000 0.002 0.007 0.015 0.028 0.044 0.059 0.071 0.078 0.083 0.085 0.086 0.086 0.086 0.083 0.079 0.070 0.058 0.041 0.030 0.025 0.023 0.024 0.032 0.062 0.160 0.404 0.799 1.111 1.297 1.421 1.524 1.626 1.740 1.877 2.048 2.259 2.512 2.811 3.189 3.734 4.521 5.517 6.381 7.059 7.607 8.011 8.242 8.309 8.264 8.166 8.018 7.891 7.857 7.995 8.446 9.245 10.355 11.720 13.288
0.000 0.000 0.000 0.000 0.000 0.000 0.000 0.000 0.000 0.000 0.000 0.000 0.000 0.000 0.000 0.000 0.000 0.000 0.002 0.006 0.014 0.027 0.045 0.061 0.072 0.079 0.083 0.086 0.086 0.086 0.086 0.084 0.079 0.071 0.058 0.042 0.029 0.023 0.021 0.021 0.029 0.058 0.156 0.402 0.801 1.090 1.235 1.322 1.400 1.482 1.579 1.700 1.855 2.048 2.281 2.557 2.896 3.355 3.997 4.774 5.380 5.808 6.117 6.328 6.453 6.496 6.476 6.428 6.368 6.340 6.387 6.610 7.097 7.862 8.887 10.131 11.537
0.000 0.000 0.000 0.000 0.000 0.000 0.000 0.000 0.000 0.000 0.000 0.000 0.000 0.000 0.000 0.000 0.000 0.000 0.001 0.004 0.011 0.023 0.043 0.061 0.072 0.079 0.083 0.086 0.086 0.086 0.086 0.083 0.079 0.071 0.059 0.043 0.029 0.021 0.018 0.018 0.024 0.050 0.139 0.372 0.755 1.018 1.131 1.187 1.240 1.300 1.379 1.485 1.624 1.798 2.011 2.263 2.562 2.937 3.444 4.036 4.476 4.759 4.929 5.023 5.071 5.084 5.069 5.044 5.026 5.035 5.122 5.364 5.812 6.480 7.366 8.439 9.647
0.000 0.000 0.000 0.000 0.000 0.000 0.000 0.000 0.000 0.000 0.000 0.000 0.000 0.000 0.000 0.000 0.000 0.000 0.000 0.002 0.006 0.017 0.037 0.059 0.072 0.079 0.083 0.085 0.086 0.086 0.085 0.083 0.078 0.071 0.060 0.044 0.030 0.021 0.017 0.016 0.019 0.038 0.106 0.296 0.626 0.872 0.976 1.014 1.045 1.081 1.139 1.226 1.347 1.504 1.695 1.921 2.182 2.490 2.880 3.327 3.666 3.877 3.989 4.034 4.042 4.029 4.003 3.964 3.934 3.938 4.006 4.199 4.552 5.076 5.783 6.671 7.716
0.000 0.000 0.000 0.000 0.000 0.000 0.000 0.000 0.000 0.000 0.000 0.000 0.000 0.000 0.000 0.000 0.000 0.000 0.000 0.001 0.003 0.010 0.028 0.053 0.070 0.078 0.081 0.083 0.084 0.084 0.083 0.081 0.077 0.070 0.060 0.045 0.031 0.021 0.016 0.015 0.016 0.025 0.061 0.177 0.415 0.643 0.758 0.799 0.817 0.826 0.853 0.911 1.004 1.141 1.317 1.522 1.755 2.019 2.338 2.683 2.949 3.125 3.220 3.251 3.244 3.217 3.174 3.104 3.034 3.007 3.028 3.128 3.352 3.730 4.277 4.995 5.864
0.000 0.000 0.000 0.000 0.000 0.000 0.000 0.000 0.000 0.000 0.000 0.000 0.000 0.000 0.000 0.000 0.000 0.000 0.000 0.001 0.001 0.005 0.017 0.041 0.064 0.075 0.079 0.080 0.081 0.081 0.080 0.078 0.074 0.068 0.059 0.046 0.033 0.023 0.017 0.015 0.015 0.018 0.034 0.089 0.223 0.397 0.507 0.556 0.576 0.580 0.576 0.590 0.635 0.721 0.862 1.056 1.280 1.529 1.817 2.101 2.317 2.465 2.548 2.575 2.564 2.534 2.481 2.392 2.287 2.216 2.185 2.203 2.302 2.538 2.929 3.462 4.090
0.000 0.000 0.000 0.000 0.000 0.000 0.000 0.000 0.000 0.000 0.000 0.000 0.000 0.000 0.000 0.000 0.000 0.000 0.000 0.000 0.001 0.002 0.009 0.026 0.051 0.067 0.073 0.075 0.076 0.076 0.075 0.074 0.071 0.065 0.057 0.046 0.033 0.024 0.018 0.015 0.014 0.015 0.022 0.046 0.111 0.223 0.311 0.356 0.376 0.382 0.369 0.354 0.362 0.401 0.486 0.633 0.829 1.055 1.312 1.555 1.738 1.864 1.936 1.960 1.948 1.919 1.864 1.776 1.667 1.563 1.482 1.444 1.461 1.572 1.807 2.142 2.486
0.000 0.000 0.000 0.000 0.000 0.000 0.000 0.000 0.000 0.000 0.000 0.000 0.000 0.000 0.000 0.000 0.000 0.000 0.000 0.000 0.000 0.001 0.004 0.013 0.032 0.053 0.064 0.068 0.069 0.069 0.069 0.068 0.065 0.061 0.054 0.044 0.033 0.025 0.019 0.016 0.015 0.015 0.017 0.027 0.058 0.119 0.179 0.215 0.233 0.239 0.229 0.207 0.196 0.207 0.246 0.332 0.471 0.645 0.844 1.044 1.199 1.307 1.371 1.390 1.377 1.349 1.301 1.233 1.146 1.039 0.931 0.857 0.831 0.857 0.955 1.114 1.236
0.000 0.000 0.000 0.000 0.000 0.000 0.000 0.000 0.000 0.000 0.000 0.000 0.000 0.000 0.000 0.000 0.000 0.000 0.000 0.000 0.000 0.001 0.002 0.005 0.016 0.034 0.050 0.058 0.060 0.061 0.061 0.060 0.058 0.055 0.049 0.042 0.032 0.025 0.019 0.016 0.015 0.015 0.015 0.020 0.034 0.065 0.103 0.128 0.143 0.148 0.144 0.129 0.114 0.111 0.122 0.158 0.233 0.342 0.472 0.612 0.726 0.810 0.861 0.876 0.863 0.839 0.808 0.768 0.712 0.632 0.533 0.459 0.419 0.408 0.423 0.464 0.485
0.000 0.000 0.000 0.000 0.000 0.000 0.000 0.000 0.000 0.000 0.000 0.000 0.000 0.000 0.000 0.000 0.000 0.000 0.000 0.000 0.000 0.000 0.001 0.002 0.006 0.017 0.032 0.043 0.049 0.051 0.051 0.051 0.050 0.047 0.043 0.038 0.031 0.024 0.019 0.016 0.015 0.015 0.015 0.017 0.024 0.040 0.064 0.081 0.091 0.096 0.096 0.088 0.076 0.068 0.069 0.080 0.108 0.160 0.228 0.309 0.379 0.429 0.460 0.470 0.463 0.449 0.433 0.414 0.387 0.340 0.274 0.222 0.193 0.179 0.175 0.177 0.177
0.000 0.000 0.000 0.000 0.000 0.000 0.000 0.000 0.000 0.000 0.000 0.000 0.000 0.000 0.000 0.000 0.000 0.000 0.000 0.000 0.000 0.000 0.001 0.001 0.002 0.007 0.015 0.026 0.035 0.039 0.041 0.041 0.040 0.039 0.036 0.033 0.028 0.023 0.019 0.016 0.015 0.014 0.015 0.016 0.019 0.029 0.043 0.055 0.062 0.066 0.067 0.064 0.056 0.048 0.045 0.047 0.056 0.075 0.103 0.139 0.173 0.197 0.211 0.215 0.213 0.207 0.201 0.194 0.183 0.162 0.130 0.104 0.089 0.081 0.077 0.075 0.073
0.000 0.000 0.000 0.000 0.000 0.000 0.000 0.000 0.000 0.000 0.000 0.000 0.000 0.000 0.000 0.000 0.000 0.000 0.000 0.000 0.000 0.000 0.000 0.001 0.001 0.002 0.006 0.012 0.020 0.026 0.030 0.031 0.031 0.030 0.029 0.027 0.024 0.020 0.017 0.015 0.014 0.014 0.014 0.015 0.017 0.022 0.031 0.039 0.044 0.047 0.048 0.047 0.042 0.037 0.033 0.032 0.035 0.041 0.051 0.066 0.080 0.089 0.094 0.095 0.094 0.092 0.090 0.088 0.084 0.076 0.063 0.052 0.045 0.041 0.039 0.038 0.037
0.000 0.000 0.000 0.000 0.000 0.000 0.000 0.000 0.000 0.000 0.000 0.000 0.000 0.000 0.000 0.000 0.000 0.000 0.000 0.000 0.000 0.000 0.000 0.000 0.001 0.001 0.002 0.005 0.009 0.014 0.019 0.022 0.023 0.023 0.022 0.021 0.019 0.017 0.015 0.014 0.013 0.013 0.013 0.013 0.014 0.017 0.023 0.028 0.032 0.033 0.034 0.034 0.032 0.028 0.025 0.024 0.024 0.026 0.030 0.036 0.042 0.045 0.047 0.048 0.047 0.046 0.046 0.044 0.042 0.039 0.034 0.029 0.026 0.024 0.023 0.022 0.022
0.000 0.000 0.000 0.000 0.000 0.000 0.000 0.000 0.000 0.000 0.000 0.000 0.000 0.000 0.000 0.000 0.000 0.000 0.000 0.000 0.000 0.000 0.000 0.000 0.001 0.001 0.001 0.002 0.003 0.007 0.011 0.014 0.016 0.017 0.016 0.015 0.014 0.013 0.012 0.011 0.011 0.011 0.011 0.011 0.012 0.013 0.016 0.020 0.022 0.023 0.024 0.024 0.023 0.021 0.018 0.017 0.017 0.018 0.020 0.023 0.025 0.027 0.027 0.028 0.027 0.027 0.026 0.026 0.024 0.023 0.020 0.018 0.017 0.016 0.015 0.015 0.015
0.000 0.000 0.000 0.000 0.000 0.000 0.000 0.000 0.000 0.000 0.000 0.000 0.000 0.000 0.000 0.000 0.000 0.000 0.000 0.000 0.000 0.001 0.001 0.001 0.001 0.001 0.001 0.001 0.001 0.002 0.005 0.008 0.010 0.011 0.011 0.011 0.010 0.009 0.009 0.008 0.008 0.008 0.008 0.008 0.008 0.009 0.011 0.013 0.015 0.016 0.016 0.016 0.016 0.014 0.013 0.012 0.012 0.013 0.014 0.015 0.016 0.017 0.018 0.018 0.018 0.017 0.017 0.016 0.016 0.014 0.013 0.012 0.012 0.011 0.011 0.011 0.010
0.000 0.000 0.000 0.000 0.000 0.000 0.000 0.000 0.000 0.000 0.000 0.000 0.000 0.000 0.000 0.000 0.000 0.000 0.000 0.000 0.001 0.001 0.001 0.001 0.001 0.001 0.001 0.001 0.001 0.001 0.002 0.003 0.005 0.006 0.006 0.006 0.006 0.006 0.006 0.005 0.005 0.005 0.005 0.005 0.005 0.005 0.006 0.008 0.009 0.009 0.010 0.010 0.010 0.009 0.009 0.008 0.008 0.009 0.009 0.010 0.011 0.012 0.012 0.012 0.012 0.012 0.011 0.011 0.010 0.010 0.009 0.009 0.008 0.008 0.008 0.008 0.008
0.000 0.000 0.000 0.000 0.000 0.000 0.000 0.000 0.000 0.000 0.000 0.000 0.000 0.000 0.000 0.000 0.000 0.000 0.000 0.000 0.001 0.001 0.001 0.001 0.001 0.001 0.001 0.001 0.001 0.001 0.001 0.001 0.002 0.003 0.003 0.003 0.003 0.003 0.003 0.003 0.003 0.002 0.002 0.002 0.002 0.003 0.003 0.004 0.005 0.005 0.005 0.005 0.006 0.005 0.005 0.005 0.005 0.006 0.006 0.007 0.007 0.008 0.008 0.008 0.008 0.008 0.008 0.007 0.007 0.007 0.006 0.006 0.006 0.006 0.006 0.006 0.006
0.000 0.000 0.000 0.000 0.000 0.000 0.000 0.000 0.000 0.000 0.000 0.000 0.000 0.000 0.000 0.000 0.000 0.000 0.000 0.001 0.001 0.001 0.001 0.001 0.001 0.001 0.001 0.001 0.001 0.001 0.001 0.001 0.001 0.001 0.001 0.001 0.001 0.001 0.001 0.001 0.001 0.001 0.001 0.001 0.001 0.001 0.001 0.002 0.002 0.002 0.002 0.002 0.003 0.003 0.003 0.003 0.003 0.004 0.004 0.005 0.005 0.005 0.005 0.005 0.005 0.005 0.005 0.005 0.005 0.005 0.004 0.004 0.004 0.004 0.004 0.004 0.004
0.000 0.000 0.000 0.000 0.000 0.000 0.000 0.000 0.000 0.000 0.000 0.000 0.000 0.000 0.000 0.000 0.000 0.001 0.001 0.001 0.001 0.001 0.001 0.001 0.001 0.001 0.001 0.001 0.001 0.001 0.001 0.001 0.001 0.001 0.001 0.001 0.001 0.001 0.001 0.001 0.001 0.001 0.001 0.001 0.001 0.001 0.001 0.001 0.001 0.001 0.001 0.001 0.001 0.001 0.001 0.002 0.002 0.002 0.003 0.003 0.003 0.003 0.003 0.003 0.003 0.003 0.003 0.003 0.003 0.003 0.003 0.003 0.003 0.003 0.003 0.003 0.003
0.000 0.000 0.000 0.000 0.000 0.000 0.000 0.000 0.000 0.000 0.000 0.000 0.000 0.000 0.000 0.000 0.000 0.001 0.001 0.001 0.001 0.001 0.001 0.001 0.001 0.001 0.001 0.001 0.001 0.001 0.001 0.001 0.001 0.001 0.001 0.001 0.001 0.001 0.001 0.001 0.001 0.001 0.001 0.001 0.001 0.001 0.001 0.001 0.001 0.001 0.001 0.001 0.001 0.001 0.001 0.001 0.001 0.001 0.002 0.002 0.002 0.002 0.002 0.002 0.002 0.002 0.002 0.002 0.002 0.002 0.002 0.002 0.002 0.002 0.002 0.002 0.002
0.000 0.000 0.000 0.000 0.001 0.000 0.000 0.000 0.000 0.000 0.000 0.000 0.000 0.000 0.000 0.000 0.000 0.001 0.001 0.001 0.001 0.001 0.001 0.001 0.001 0.001 0.001 0.001 0.001 0.001 0.001 0.001 0.001 0.001 0.001 0.001 0.001 0.001 0.001 0.001 0.001 0.001 0.001 0.001 0.001 0.001 0.000 0.000 0.000 0.000 0.000 0.000 0.000 0.000 0.000 0.000 0.000 0.001 0.001 0.001 0.001 0.001 0.001 0.001 0.001 0.001 0.001 0.001 0.001 0.001 0.001 0.001 0.001 0.001 0.001 0.001 0.001
0.000 0.000 0.000 0.000 0.000 0.000 0.000 0.000 0.000 0.000 0.000 0.000 0.000 0.000 0.000 0.000 0.001 0.001 0.001 0.001 0.001 0.001 0.001 0.001 0.001 0.001 0.001 0.001 0.001 0.001 0.001 0.001 0.001 0.001 0.001 0.000 0.001 0.001 0.001 0.001 0.001 0.001 0.001 0.001 0.001 0.001 0.000 0.000 0.000 0.000 0.000 0.000 0.000 0.000 0.000 0.000 0.000 0.000 0.001 0.001 0.001 0.001 0.001 0.001 0.001 0.001 0.001 0.001 0.001 0.001 0.001 0.001 0.001 0.001 0.001 0.000 0.000
0.000 0.000 0.000 0.000 0.000 0.000 0.000 0.000 0.000 0.000 0.000 0.000 0.000 0.000 0.000 0.000 0.001 0.001 0.001 0.001 0.001 0.001 0.001 0.001 0.001 0.001 0.001 0.001 0.001 0.001 0.001 0.001 0.001 0.001 0.000 0.000 0.000 0.000 0.001 0.001 0.001 0.001 0.001 0.001 0.001 0.001 0.001 0.000 0.000 0.000 0.000 0.000 0.000 0.000 0.000 0.000 0.000 0.000 0.000 0.001 0.001 0.001 0.001 0.001 0.001 0.001 0.001 0.001 0.001 0.001 0.001 0.001 0.001 0.000 0.000 0.000 0.000
0.000 0.000 0.000 0.000 0.000 0.000 0.000 0.000 0.000 0.000 0.000 0.000 0.000 0.000 0.000 0.001 0.001 0.001 0.001 0.001 0.001 0.001 0.001 0.001 0.001 0.001 0.001 0.001 0.001 0.001 0.001 0.001 0.001 0.001 0.001 0.000 0.000 0.000 0.000 0.001 0.001 0.001 0.001 0.001 0.001 0.001 0.001 0.001 0.000 0.000 0.000 0.000 0.000 0.000 0.000 0.000 0.000 0.000 0.000 0.000 0.001 0.001 0.001 0.001 0.001 0.001 0.001 0.001 0.001 0.001 0.001 0.000 0.000 0.000 0.000 0.000 0.000
