RESULTS/r.avaflow_results/21_results/21_ascii/21_hflow10047.asc
ncols 506
nrows 317
xllcenter 498237.50
yllcenter 5580050.00
cellsize 12.50
NODATA_value -9999.000
[rows 170 to 203 of 317, columns 77 to 153 of 506]
0.000 0.000 0.000 0.000 0.000 0.000 0.000 0.000 0.000 0.000 0.000 0.000 0.000 0.000 0.000 0.000 0.000 0.000 0.000 0.000 0.000 0.000 0.001 0.002 0.004 0.005 0.006 0.006 0.006 0.006 0.006 0.005 0.005 0.004 0.003 0.003 0.002 0.002 0.001 0.001 0.001 0.001 0.001 0.001 0.002 0.003 0.005 0.008 0.013 0.022 0.044 0.096 0.208 0.403 0.637 0.847 1.038 1.241 1.430 1.558 1.621 1.638 1.628 1.590 1.517 1.413 1.284 1.138 0.988 0.853 0.733 0.630 0.541 0.466 0.403 0.350 0.305
0.000 0.000 0.000 0.000 0.000 0.000 0.000 0.000 0.000 0.000 0.000 0.000 0.000 0.000 0.000 0.000 0.000 0.000 0.000 0.000 0.000 0.001 0.003 0.005 0.007 0.008 0.009 0.009 0.009 0.009 0.008 0.008 0.007 0.006 0.005 0.004 0.003 0.003 0.002 0.002 0.002 0.002 0.002 0.003 0.004 0.006 0.009 0.016 0.029 0.057 0.121 0.251 0.472 0.726 0.936 1.099 1.259 1.423 1.552 1.625 1.650 1.650 1.633 1.589 1.515 1.412 1.283 1.133 0.979 0.843 0.728 0.630 0.547 0.477 0.417 0.366 0.323
0.000 0.000 0.000 0.000 0.000 0.000 0.000 0.000 0.000 0.000 0.000 0.000 0.000 0.000 0.000 0.000 0.000 0.000 0.000 0.001 0.002 0.004 0.006 0.009 0.011 0.012 0.012 0.012 0.012 0.012 0.011 0.010 0.009 0.007 0.006 0.005 0.005 0.004 0.004 0.003 0.003 0.003 0.003 0.004 0.007 0.011 0.019 0.036 0.073 0.153 0.306 0.546 0.792 0.968 1.094 1.211 1.348 1.488 1.583 1.631 1.644 1.641 1.621 1.577 1.505 1.404 1.276 1.123 0.970 0.838 0.726 0.631 0.552 0.484 0.426 0.377 0.333
0.000 0.000 0.000 0.000 0.000 0.000 0.000 0.000 0.000 0.000 0.000 0.000 0.000 0.000 0.000 0.000 0.000 0.000 0.001 0.002 0.004 0.007 0.011 0.013 0.015 0.015 0.015 0.015 0.015 0.015 0.014 0.013 0.012 0.009 0.008 0.006 0.006 0.005 0.005 0.005 0.005 0.005 0.005 0.007 0.012 0.023 0.044 0.089 0.184 0.364 0.625 0.867 1.013 1.097 1.164 1.246 1.365 1.495 1.576 1.608 1.615 1.611 1.592 1.550 1.481 1.385 1.261 1.112 0.962 0.834 0.725 0.632 0.554 0.488 0.432 0.383 0.340
0.000 0.000 0.000 0.000 0.000 0.000 0.000 0.000 0.000 0.000 0.000 0.000 0.000 0.000 0.000 0.000 0.000 0.000 0.002 0.004 0.007 0.011 0.015 0.017 0.018 0.019 0.019 0.019 0.019 0.019 0.018 0.017 0.014 0.011 0.009 0.007 0.006 0.006 0.006 0.006 0.006 0.007 0.008 0.013 0.024 0.050 0.103 0.209 0.399 0.662 0.903 1.046 1.111 1.148 1.189 1.251 1.357 1.479 1.546 1.567 1.570 1.566 1.548 1.509 1.445 1.355 1.238 1.098 0.953 0.829 0.722 0.631 0.554 0.489 0.434 0.387 0.344
0.000 0.000 0.000 0.000 0.000 0.000 0.000 0.000 0.000 0.000 0.000 0.000 0.000 0.000 0.000 0.000 0.000 0.001 0.003 0.006 0.010 0.014 0.018 0.020 0.022 0.022 0.023 0.023 0.023 0.022 0.021 0.019 0.017 0.013 0.010 0.008 0.007 0.006 0.006 0.007 0.007 0.009 0.013 0.024 0.050 0.109 0.222 0.413 0.662 0.889 1.035 1.105 1.136 1.162 1.195 1.242 1.323 1.432 1.496 1.515 1.515 1.510 1.492 1.455 1.396 1.314 1.208 1.078 0.940 0.820 0.717 0.628 0.553 0.489 0.434 0.387 0.346
0.000 0.000 0.000 0.000 0.000 0.000 0.000 0.000 0.000 0.000 0.000 0.000 0.000 0.000 0.000 0.000 0.000 0.001 0.003 0.007 0.012 0.017 0.021 0.023 0.025 0.025 0.026 0.026 0.026 0.025 0.024 0.022 0.019 0.015 0.011 0.008 0.007 0.007 0.007 0.007 0.009 0.012 0.022 0.044 0.100 0.215 0.406 0.634 0.841 0.988 1.071 1.111 1.138 1.163 1.191 1.222 1.267 1.355 1.431 1.454 1.454 1.446 1.426 1.391 1.337 1.263 1.167 1.049 0.919 0.803 0.704 0.620 0.548 0.486 0.433 0.387 0.346
0.000 0.000 0.000 0.000 0.000 0.000 0.000 0.000 0.000 0.000 0.000 0.000 0.000 0.000 0.000 0.000 0.000 0.001 0.004 0.008 0.013 0.019 0.023 0.026 0.027 0.028 0.028 0.028 0.028 0.028 0.026 0.024 0.020 0.016 0.012 0.009 0.007 0.007 0.007 0.008 0.010 0.017 0.034 0.080 0.183 0.362 0.581 0.772 0.914 1.011 1.070 1.108 1.135 1.158 1.177 1.194 1.214 1.273 1.353 1.385 1.386 1.376 1.354 1.319 1.268 1.199 1.111 1.003 0.883 0.776 0.683 0.603 0.535 0.477 0.427 0.384 0.345
0.000 0.000 0.000 0.000 0.000 0.000 0.000 0.000 0.000 0.000 0.000 0.000 0.000 0.000 0.000 0.000 0.000 0.001 0.004 0.008 0.014 0.021 0.025 0.028 0.030 0.030 0.031 0.031 0.030 0.030 0.028 0.026 0.022 0.017 0.012 0.009 0.007 0.007 0.007 0.008 0.011 0.021 0.051 0.127 0.276 0.490 0.684 0.826 0.930 1.008 1.062 1.099 1.125 1.144 1.155 1.163 1.171 1.208 1.276 1.306 1.307 1.297 1.274 1.238 1.187 1.121 1.039 0.942 0.834 0.736 0.651 0.579 0.517 0.464 0.418 0.378 0.342
0.000 0.000 0.000 0.000 0.000 0.000 0.000 0.000 0.000 0.000 0.000 0.000 0.000 0.000 0.000 0.000 0.000 0.001 0.004 0.008 0.014 0.022 0.027 0.030 0.032 0.032 0.033 0.033 0.032 0.031 0.030 0.027 0.023 0.018 0.013 0.010 0.007 0.007 0.007 0.007 0.011 0.024 0.062 0.161 0.345 0.565 0.725 0.838 0.925 0.995 1.047 1.083 1.107 1.121 1.126 1.128 1.130 1.152 1.197 1.217 1.217 1.207 1.184 1.146 1.095 1.032 0.955 0.866 0.771 0.685 0.611 0.548 0.494 0.448 0.407 0.371 0.339
0.000 0.000 0.000 0.000 0.000 0.000 0.000 0.000 0.000 0.000 0.000 0.000 0.000 0.000 0.000 0.000 0.000 0.001 0.003 0.008 0.014 0.022 0.028 0.032 0.033 0.034 0.034 0.034 0.034 0.033 0.031 0.028 0.024 0.019 0.014 0.010 0.007 0.007 0.006 0.007 0.011 0.024 0.066 0.178 0.384 0.597 0.734 0.831 0.909 0.973 1.023 1.058 1.079 1.089 1.092 1.091 1.090 1.098 1.120 1.127 1.122 1.109 1.083 1.044 0.992 0.929 0.856 0.775 0.696 0.626 0.565 0.513 0.468 0.429 0.394 0.362 0.334
0.000 0.000 0.000 0.000 0.000 0.000 0.000 0.000 0.000 0.000 0.000 0.000 0.000 0.000 0.000 0.000 0.000 0.001 0.003 0.006 0.012 0.020 0.028 0.033 0.034 0.035 0.035 0.035 0.034 0.033 0.032 0.029 0.025 0.021 0.015 0.010 0.008 0.006 0.006 0.007 0.010 0.023 0.065 0.180 0.395 0.605 0.726 0.809 0.878 0.937 0.985 1.022 1.043 1.052 1.053 1.051 1.047 1.046 1.048 1.046 1.034 1.012 0.979 0.935 0.881 0.817 0.746 0.676 0.615 0.561 0.514 0.474 0.439 0.408 0.379 0.352 0.327
0.000 0.000 0.000 0.000 0.000 0.000 0.000 0.000 0.000 0.000 0.000 0.000 0.000 0.000 0.000 0.000 0.000 0.000 0.001 0.003 0.008 0.016 0.027 0.033 0.035 0.036 0.036 0.035 0.035 0.034 0.032 0.030 0.026 0.022 0.016 0.011 0.008 0.006 0.006 0.006 0.010 0.021 0.061 0.171 0.386 0.595 0.705 0.771 0.828 0.881 0.930 0.972 0.999 1.010 1.012 1.009 1.002 0.992 0.982 0.970 0.951 0.922 0.884 0.836 0.780 0.715 0.648 0.589 0.538 0.496 0.462 0.433 0.408 0.384 0.361 0.340 0.319
0.000 0.000 0.000 0.000 0.000 0.000 0.000 0.000 0.000 0.000 0.000 0.000 0.000 0.000 0.000 0.000 0.000 0.000 0.000 0.001 0.004 0.010 0.022 0.031 0.035 0.036 0.036 0.036 0.035 0.034 0.033 0.030 0.027 0.023 0.017 0.012 0.008 0.006 0.006 0.006 0.008 0.018 0.051 0.146 0.342 0.550 0.662 0.718 0.759 0.801 0.847 0.895 0.935 0.960 0.967 0.964 0.954 0.938 0.919 0.898 0.872 0.839 0.798 0.749 0.693 0.629 0.566 0.512 0.467 0.433 0.408 0.389 0.373 0.358 0.342 0.327 0.311
0.000 0.000 0.000 0.000 0.000 0.000 0.000 0.000 0.000 0.000 0.000 0.000 0.000 0.000 0.000 0.000 0.000 0.000 0.000 0.001 0.002 0.005 0.015 0.027 0.034 0.036 0.036 0.036 0.035 0.034 0.033 0.031 0.028 0.024 0.019 0.013 0.009 0.007 0.006 0.006 0.007 0.013 0.034 0.099 0.251 0.453 0.580 0.638 0.667 0.692 0.720 0.759 0.809 0.861 0.897 0.907 0.900 0.881 0.857 0.829 0.798 0.762 0.720 0.672 0.617 0.555 0.494 0.442 0.401 0.370 0.351 0.339 0.332 0.326 0.320 0.312 0.302
0.000 0.000 0.000 0.000 0.000 0.000 0.000 0.000 0.000 0.000 0.000 0.000 0.000 0.000 0.000 0.000 0.000 0.000 0.000 0.000 0.001 0.002 0.008 0.020 0.031 0.035 0.035 0.035 0.035 0.034 0.033 0.031 0.029 0.025 0.021 0.015 0.011 0.008 0.006 0.006 0.006 0.009 0.019 0.052 0.140 0.302 0.443 0.510 0.531 0.536 0.534 0.543 0.578 0.650 0.738 0.803 0.826 0.817 0.794 0.763 0.728 0.689 0.647 0.600 0.548 0.489 0.430 0.379 0.337 0.307 0.288 0.279 0.277 0.280 0.285 0.287 0.285
0.000 0.000 0.000 0.000 0.000 0.000 0.000 0.000 0.000 0.000 0.000 0.000 0.000 0.000 0.000 0.000 0.000 0.000 0.000 0.000 0.000 0.001 0.004 0.012 0.024 0.032 0.034 0.035 0.034 0.034 0.033 0.031 0.029 0.026 0.022 0.017 0.013 0.009 0.007 0.006 0.006 0.008 0.012 0.027 0.071 0.165 0.272 0.330 0.347 0.344 0.329 0.315 0.320 0.363 0.466 0.602 0.697 0.727 0.719 0.694 0.658 0.619 0.578 0.533 0.484 0.429 0.370 0.319 0.277 0.243 0.219 0.206 0.202 0.208 0.221 0.231 0.234
0.000 0.000 0.000 0.000 0.000 0.000 0.000 0.000 0.000 0.000 0.000 0.000 0.000 0.000 0.000 0.000 0.000 0.000 0.000 0.000 0.000 0.001 0.002 0.006 0.015 0.026 0.031 0.033 0.033 0.033 0.033 0.031 0.030 0.027 0.024 0.019 0.015 0.011 0.009 0.007 0.007 0.007 0.009 0.017 0.036 0.083 0.150 0.191 0.205 0.204 0.192 0.173 0.165 0.175 0.226 0.339 0.482 0.577 0.608 0.604 0.582 0.548 0.509 0.469 0.423 0.370 0.312 0.261 0.218 0.182 0.152 0.132 0.121 0.119 0.126 0.133 0.133
0.000 0.000 0.000 0.000 0.000 0.000 0.000 0.000 0.000 0.000 0.000 0.000 0.000 0.000 0.000 0.000 0.000 0.000 0.000 0.000 0.000 0.000 0.001 0.002 0.007 0.017 0.026 0.030 0.032 0.032 0.032 0.031 0.030 0.027 0.024 0.021 0.016 0.013 0.010 0.009 0.008 0.008 0.009 0.012 0.022 0.044 0.082 0.109 0.121 0.122 0.117 0.102 0.092 0.091 0.105 0.154 0.249 0.359 0.432 0.462 0.466 0.453 0.429 0.397 0.356 0.305 0.249 0.200 0.158 0.122 0.095 0.075 0.063 0.058 0.055 0.054 0.052
0.000 0.000 0.000 0.000 0.000 0.000 0.000 0.000 0.000 0.000 0.000 0.000 0.000 0.000 0.000 0.000 0.000 0.000 0.000 0.000 0.000 0.000 0.001 0.001 0.003 0.008 0.017 0.025 0.029 0.031 0.031 0.031 0.030 0.028 0.025 0.021 0.017 0.014 0.011 0.009 0.008 0.008 0.008 0.010 0.016 0.028 0.049 0.068 0.077 0.080 0.078 0.070 0.060 0.055 0.056 0.070 0.108 0.174 0.232 0.269 0.288 0.295 0.293 0.280 0.252 0.210 0.164 0.125 0.094 0.070 0.051 0.038 0.030 0.025 0.022 0.020 0.018
0.000 0.000 0.000 0.000 0.000 0.000 0.000 0.000 0.000 0.000 0.000 0.000 0.000 0.000 0.000 0.000 0.000 0.000 0.000 0.000 0.000 0.000 0.000 0.001 0.001 0.003 0.009 0.017 0.024 0.028 0.030 0.030 0.029 0.028 0.025 0.022 0.018 0.014 0.012 0.010 0.009 0.008 0.008 0.009 0.012 0.020 0.034 0.048 0.055 0.057 0.057 0.053 0.046 0.039 0.037 0.039 0.049 0.074 0.104 0.125 0.137 0.142 0.142 0.139 0.128 0.107 0.082 0.062 0.046 0.034 0.024 0.017 0.013 0.011 0.009 0.008 0.007
0.000 0.000 0.000 0.000 0.000 0.000 0.000 0.000 0.000 0.000 0.000 0.000 0.000 0.000 0.000 0.000 0.000 0.000 0.000 0.000 0.000 0.000 0.000 0.000 0.001 0.001 0.004 0.008 0.016 0.023 0.027 0.029 0.028 0.027 0.025 0.022 0.018 0.015 0.012 0.010 0.009 0.008 0.008 0.008 0.011 0.016 0.025 0.035 0.041 0.043 0.043 0.041 0.036 0.031 0.027 0.026 0.028 0.034 0.045 0.053 0.057 0.059 0.059 0.058 0.053 0.045 0.035 0.026 0.020 0.014 0.011 0.008 0.006 0.005 0.005 0.004 0.003
0.000 0.000 0.000 0.000 0.000 0.000 0.000 0.000 0.000 0.000 0.000 0.000 0.000 0.000 0.000 0.000 0.000 0.000 0.000 0.000 0.000 0.000 0.000 0.000 0.000 0.001 0.001 0.003 0.008 0.015 0.023 0.026 0.027 0.026 0.025 0.022 0.018 0.015 0.012 0.010 0.009 0.008 0.008 0.008 0.009 0.012 0.019 0.026 0.031 0.032 0.032 0.031 0.028 0.024 0.020 0.019 0.018 0.019 0.022 0.024 0.025 0.025 0.025 0.024 0.023 0.019 0.015 0.011 0.009 0.006 0.005 0.004 0.003 0.003 0.002 0.002 0.002
0.000 0.000 0.000 0.000 0.000 0.000 0.000 0.000 0.000 0.000 0.000 0.000 0.000 0.000 0.000 0.000 0.000 0.000 0.000 0.000 0.000 0.000 0.000 0.000 0.000 0.001 0.001 0.001 0.003 0.008 0.015 0.022 0.024 0.025 0.023 0.021 0.018 0.015 0.012 0.010 0.008 0.007 0.007 0.007 0.007 0.009 0.013 0.018 0.022 0.023 0.024 0.023 0.021 0.018 0.015 0.013 0.012 0.012 0.013 0.013 0.013 0.013 0.012 0.012 0.011 0.009 0.007 0.006 0.004 0.003 0.003 0.002 0.002 0.002 0.001 0.001 0.001
0.000 0.000 0.000 0.000 0.000 0.000 0.000 0.000 0.000 0.000 0.000 0.000 0.000 0.000 0.000 0.000 0.000 0.000 0.000 0.000 0.000 0.001 0.001 0.000 0.000 0.001 0.001 0.001 0.001 0.003 0.008 0.015 0.020 0.021 0.021 0.019 0.017 0.014 0.012 0.010 0.008 0.007 0.006 0.006 0.006 0.007 0.009 0.012 0.015 0.016 0.016 0.016 0.015 0.013 0.011 0.009 0.008 0.008 0.008 0.007 0.007 0.007 0.007 0.006 0.006 0.005 0.004 0.003 0.002 0.002 0.002 0.001 0.001 0.001 0.001 0.001 0.001
0.000 0.000 0.000 0.000 0.000 0.000 0.000 0.000 0.000 0.000 0.000 0.000 0.000 0.000 0.000 0.000 0.000 0.000 0.000 0.000 0.001 0.001 0.001 0.001 0.001 0.001 0.001 0.001 0.001 0.001 0.004 0.008 0.013 0.016 0.017 0.017 0.016 0.014 0.011 0.009 0.007 0.006 0.005 0.004 0.004 0.004 0.005 0.007 0.009 0.010 0.010 0.010 0.010 0.008 0.007 0.006 0.005 0.005 0.005 0.004 0.004 0.004 0.004 0.004 0.004 0.003 0.002 0.002 0.001 0.001 0.001 0.001 0.001 0.001 0.001 0.001 0.001
0.000 0.000 0.000 0.000 0.000 0.000 0.000 0.000 0.000 0.000 0.000 0.000 0.000 0.000 0.000 0.000 0.000 0.000 0.000 0.000 0.001 0.001 0.001 0.001 0.001 0.001 0.001 0.001 0.001 0.001 0.002 0.004 0.008 0.011 0.012 0.013 0.013 0.012 0.010 0.009 0.007 0.005 0.004 0.003 0.003 0.003 0.003 0.004 0.005 0.005 0.006 0.006 0.005 0.005 0.004 0.004 0.003 0.003 0.003 0.003 0.003 0.003 0.002 0.002 0.002 0.002 0.001 0.001 0.001 0.001 0.001 0.001 0.001 0.001 0.001 0.001 0.001
0.000 0.000 0.000 0.000 0.000 0.000 0.000 0.000 0.000 0.000 0.000 0.000 0.000 0.000 0.000 0.000 0.000 0.000 0.000 0.001 0.001 0.001 0.001 0.001 0.001 0.001 0.001 0.001 0.001 0.001 0.001 0.002 0.004 0.006 0.008 0.009 0.009 0.009 0.009 0.008 0.006 0.004 0.003 0.002 0.001 0.001 0.001 0.001 0.002 0.002 0.003 0.003 0.003 0.002 0.002 0.002 0.002 0.002 0.002 0.002 0.002 0.002 0.002 0.001 0.001 0.001 0.001 0.001 0.001 0.001 0.001 0.001 0.001 0.001 0.001 0.001 0.001
0.000 0.000 0.000 0.000 0.000 0.000 0.000 0.000 0.000 0.000 0.000 0.000 0.000 0.000 0.000 0.000 0.000 0.001 0.001 0.001 0.001 0.001 0.001 0.001 0.001 0.001 0.001 0.001 0.001 0.001 0.001 0.001 0.002 0.003 0.004 0.005 0.006 0.006 0.006 0.005 0.004 0.003 0.002 0.001 0.001 0.001 0.001 0.001 0.001 0.001 0.001 0.001 0.001 0.001 0.001 0.001 0.001 0.001 0.001 0.001 0.001 0.001 0.001 0.001 0.001 0.001 0.001 0.001 0.001 0.001 0.001 0.001 0.001 0.001 0.001 0.001 0.000
0.000 0.000 0.000 0.000 0.000 0.000 0.000 0.000 0.000 0.000 0.000 0.000 0.000 0.000 0.000 0.000 0.000 0.001 0.001 0.001 0.001 0.001 0.001 0.001 0.001 0.001 0.001 0.001 0.000 0.000 0.001 0.001 0.001 0.001 0.002 0.002 0.003 0.003 0.003 0.003 0.002 0.002 0.001 0.001 0.001 0.001 0.001 0.001 0.001 0.001 0.001 0.001 0.001 0.001 0.000 0.001 0.001 0.001 0.001 0.001 0.001 0.001 0.001 0.001 0.001 0.001 0.001 0.001 0.001 0.001 0.001 0.001 0.001 0.000 0.000 0.000 0.000
0.000 0.000 0.000 0.000 0.001 0.000 0.000 0.000 0.000 0.000 0.000 0.000 0.000 0.000 0.000 0.000 0.000 0.001 0.001 0.001 0.001 0.001 0.001 0.001 0.001 0.001 0.001 0.001 0.001 0.001 0.001 0.001 0.001 0.001 0.001 0.001 0.001 0.001 0.001 0.001 0.001 0.001 0.001 0.001 0.001 0.000 0.000 0.000 0.000 0.000 0.000 0.000 0.000 0.000 0.000 0.000 0.000 0.000 0.001 0.001 0.001 0.001 0.001 0.001 0.001 0.001 0.001 0.001 0.001 0.001 0.001 0.001 0.000 0.000 0.000 0.000 0.000
0.000 0.000 0.000 0.000 0.000 0.000 0.000 0.000 0.000 0.000 0.000 0.000 0.000 0.000 0.000 0.000 0.001 0.001 0.001 0.001 0.001 0.001 0.001 0.001 0.001 0.001 0.001 0.001 0.001 0.001 0.001 0.001 0.001 0.001 0.001 0.001 0.001 0.001 0.001 0.001 0.001 0.001 0.001 0.001 0.001 0.001 0.000 0.000 0.000 0.000 0.000 0.000 0.000 0.000 0.000 0.000 0.000 0.000 0.001 0.001 0.001 0.001 0.001 0.001 0.001 0.001 0.001 0.001 0.001 0.001 0.001 0.001 0.000 0.000 0.000 0.000 0.000
0.000 0.000 0.000 0.000 0.000 0.000 0.000 0.000 0.000 0.000 0.000 0.000 0.000 0.000 0.000 0.000 0.001 0.001 0.001 0.001 0.001 0.001 0.001 0.001 0.001 0.001 0.001 0.001 0.001 0.001 0.001 0.001 0.001 0.001 0.000 0.000 0.000 0.000 0.001 0.001 0.001 0.001 0.001 0.001 0.001 0.001 0.001 0.000 0.000 0.000 0.000 0.000 0.000 0.000 0.000 0.000 0.000 0.000 0.000 0.001 0.001 0.001 0.001 0.001 0.001 0.001 0.001 0.001 0.001 0.001 0.001 0.001 0.001 0.000 0.000 0.000 0.000
0.000 0.000 0.000 0.000 0.000 0.000 0.000 0.000 0.000 0.000 0.000 0.000 0.000 0.000 0.000 0.001 0.001 0.001 0.001 0.001 0.001 0.001 0.001 0.001 0.001 0.001 0.001 0.001 0.001 0.001 0.001 0.001 0.001 0.001 0.001 0.000 0.000 0.000 0.000 0.001 0.001 0.001 0.001 0.001 0.001 0.001 0.001 0.001 0.000 0.000 0.000 0.000 0.000 0.000 0.000 0.000 0.000 0.000 0.000 0.000 0.001 0.001 0.001 0.001 0.001 0.001 0.001 0.001 0.001 0.001 0.001 0.000 0.000 0.000 0.000 0.000 0.000
