RESULTS/r.avaflow_results/21_results/21_ascii/21_hflow0017.asc
ncols 506
nrows 317
xllcenter 498237.50
yllcenter 5580050.00
cellsize 12.50
NODATA_value -9999.000
[rows 170 to 203 of 317, columns 77 to 153 of 506]
0.000 0.000 0.000 0.000 0.000 0.000 0.000 0.000 0.000 0.000 0.000 0.000 0.000 0.000 0.000 0.000 0.000 0.000 0.000 0.000 0.000 0.000 0.001 0.002 0.006 0.010 0.015 0.019 0.021 0.022 0.023 0.023 0.022 0.020 0.017 0.015 0.014 0.014 0.014 0.014 0.014 0.014 0.014 0.015 0.018 0.023 0.031 0.043 0.066 0.112 0.214 0.421 0.796 1.309 1.838 2.354 2.956 3.766 4.893 6.415 8.359 10.409 11.984 13.026 13.565 13.712 13.661 13.516 13.310 12.944 12.314 11.439 10.540 9.858 9.373 9.016 8.757
0.000 0.000 0.000 0.000 0.000 0.000 0.000 0.000 0.000 0.000 0.000 0.000 0.000 0.000 0.000 0.000 0.000 0.000 0.000 0.000 0.000 0.001 0.002 0.005 0.010 0.017 0.024 0.029 0.033 0.034 0.034 0.034 0.033 0.030 0.026 0.024 0.023 0.023 0.023 0.022 0.022 0.022 0.023 0.025 0.031 0.042 0.060 0.094 0.160 0.293 0.538 0.948 1.464 1.957 2.399 2.884 3.517 4.398 5.627 7.288 9.361 11.268 12.640 13.505 13.908 13.957 13.828 13.635 13.383 13.002 12.473 11.926 11.578 11.458 11.493 11.623 11.867
0.000 0.000 0.000 0.000 0.000 0.000 0.000 0.000 0.000 0.000 0.000 0.000 0.000 0.000 0.000 0.000 0.000 0.000 0.000 0.000 0.001 0.002 0.005 0.010 0.017 0.026 0.036 0.043 0.048 0.050 0.050 0.050 0.048 0.044 0.039 0.036 0.035 0.035 0.035 0.035 0.035 0.035 0.036 0.042 0.055 0.080 0.128 0.218 0.390 0.687 1.118 1.583 1.980 2.311 2.649 3.098 3.750 4.671 5.943 7.657 9.755 11.543 12.796 13.579 13.950 14.010 13.923 13.774 13.594 13.378 13.172 13.107 13.186 13.349 13.611 14.083 14.873
0.000 0.000 0.000 0.000 0.000 0.000 0.000 0.000 0.000 0.000 0.000 0.000 0.000 0.000 0.000 0.000 0.000 0.000 0.000 0.001 0.002 0.005 0.009 0.016 0.025 0.037 0.051 0.061 0.067 0.070 0.071 0.071 0.069 0.063 0.056 0.052 0.051 0.052 0.052 0.053 0.053 0.054 0.059 0.072 0.101 0.162 0.280 0.489 0.827 1.259 1.677 1.998 2.237 2.456 2.738 3.162 3.809 4.733 6.009 7.722 9.807 11.535 12.744 13.507 13.898 14.034 14.080 14.115 14.165 14.221 14.273 14.340 14.445 14.647 15.052 15.818 17.047
0.000 0.000 0.000 0.000 0.000 0.000 0.000 0.000 0.000 0.000 0.000 0.000 0.000 0.000 0.000 0.000 0.000 0.000 0.000 0.001 0.004 0.008 0.014 0.023 0.036 0.052 0.070 0.084 0.093 0.097 0.098 0.098 0.095 0.089 0.078 0.071 0.067 0.067 0.067 0.070 0.075 0.082 0.094 0.123 0.191 0.329 0.573 0.933 1.332 1.692 1.970 2.162 2.309 2.490 2.759 3.170 3.804 4.716 5.977 7.675 9.702 11.342 12.507 13.288 13.778 14.094 14.350 14.556 14.714 14.818 14.877 14.930 15.035 15.306 15.879 16.860 18.287
0.000 0.000 0.000 0.000 0.000 0.000 0.000 0.000 0.000 0.000 0.000 0.000 0.000 0.000 0.000 0.000 0.000 0.000 0.000 0.002 0.005 0.011 0.019 0.030 0.045 0.065 0.089 0.108 0.119 0.125 0.127 0.127 0.124 0.116 0.101 0.086 0.079 0.076 0.077 0.080 0.089 0.108 0.141 0.208 0.350 0.606 0.960 1.324 1.639 1.884 2.056 2.178 2.309 2.489 2.757 3.152 3.750 4.633 5.871 7.531 9.435 10.956 12.094 12.953 13.606 14.089 14.443 14.686 14.843 14.928 14.969 15.014 15.129 15.460 16.142 17.218 18.654
0.000 0.000 0.000 0.000 0.000 0.000 0.000 0.000 0.000 0.000 0.000 0.000 0.000 0.000 0.000 0.000 0.000 0.000 0.000 0.002 0.006 0.012 0.022 0.035 0.052 0.075 0.103 0.125 0.139 0.146 0.149 0.149 0.145 0.136 0.118 0.098 0.086 0.081 0.081 0.084 0.096 0.126 0.190 0.324 0.566 0.909 1.249 1.525 1.746 1.919 2.044 2.149 2.280 2.465 2.729 3.099 3.639 4.469 5.671 7.275 9.041 10.458 11.590 12.542 13.323 13.905 14.280 14.483 14.577 14.593 14.585 14.600 14.720 15.120 15.902 17.044 18.478
0.000 0.000 0.000 0.000 0.000 0.000 0.000 0.000 0.000 0.000 0.000 0.000 0.000 0.000 0.000 0.000 0.000 0.000 0.000 0.002 0.007 0.014 0.024 0.038 0.057 0.082 0.112 0.136 0.152 0.161 0.163 0.163 0.160 0.150 0.131 0.106 0.090 0.083 0.082 0.084 0.097 0.134 0.226 0.423 0.745 1.105 1.379 1.583 1.749 1.881 1.982 2.085 2.220 2.407 2.665 3.014 3.502 4.260 5.397 6.924 8.569 9.906 11.021 11.983 12.754 13.289 13.578 13.676 13.657 13.565 13.471 13.437 13.552 14.013 14.912 16.185 17.699
0.000 0.000 0.000 0.000 0.000 0.000 0.000 0.000 0.000 0.000 0.000 0.000 0.000 0.000 0.000 0.000 0.000 0.000 0.000 0.002 0.007 0.014 0.025 0.040 0.060 0.086 0.117 0.143 0.160 0.169 0.172 0.172 0.168 0.159 0.139 0.110 0.091 0.082 0.081 0.083 0.096 0.137 0.247 0.488 0.858 1.186 1.408 1.568 1.692 1.790 1.883 1.989 2.124 2.308 2.559 2.892 3.346 4.039 5.083 6.492 7.996 9.228 10.257 11.104 11.727 12.099 12.231 12.198 12.049 11.803 11.609 11.537 11.679 12.244 13.297 14.742 16.409
0.000 0.000 0.000 0.000 0.000 0.000 0.000 0.000 0.000 0.000 0.000 0.000 0.000 0.000 0.000 0.000 0.000 0.000 0.000 0.002 0.007 0.015 0.026 0.041 0.061 0.087 0.119 0.145 0.163 0.172 0.175 0.175 0.172 0.163 0.143 0.113 0.090 0.080 0.077 0.079 0.092 0.134 0.255 0.520 0.907 1.200 1.378 1.492 1.579 1.662 1.751 1.856 1.987 2.164 2.406 2.725 3.151 3.781 4.720 5.978 7.265 8.303 9.140 9.778 10.187 10.356 10.333 10.180 9.907 9.606 9.458 9.483 9.811 10.557 11.711 13.187 14.887
0.000 0.000 0.000 0.000 0.000 0.000 0.000 0.000 0.000 0.000 0.000 0.000 0.000 0.000 0.000 0.000 0.000 0.000 0.000 0.002 0.007 0.015 0.026 0.041 0.061 0.087 0.120 0.146 0.163 0.173 0.176 0.176 0.173 0.164 0.145 0.114 0.087 0.073 0.069 0.071 0.082 0.125 0.249 0.526 0.912 1.165 1.287 1.359 1.424 1.497 1.580 1.677 1.801 1.970 2.199 2.499 2.896 3.463 4.291 5.373 6.362 7.110 7.663 8.038 8.230 8.255 8.193 8.074 7.885 7.748 7.719 7.869 8.341 9.166 10.307 11.696 13.283
0.000 0.000 0.000 0.000 0.000 0.000 0.000 0.000 0.000 0.000 0.000 0.000 0.000 0.000 0.000 0.000 0.000 0.000 0.000 0.002 0.006 0.014 0.026 0.041 0.061 0.087 0.119 0.145 0.163 0.172 0.175 0.175 0.172 0.163 0.144 0.113 0.082 0.064 0.058 0.058 0.068 0.107 0.227 0.505 0.868 1.072 1.143 1.182 1.229 1.288 1.360 1.447 1.561 1.719 1.930 2.204 2.563 3.065 3.797 4.694 5.375 5.800 6.070 6.249 6.348 6.378 6.359 6.310 6.241 6.222 6.287 6.539 7.060 7.857 8.911 10.170 11.581
0.000 0.000 0.000 0.000 0.000 0.000 0.000 0.000 0.000 0.000 0.000 0.000 0.000 0.000 0.000 0.000 0.000 0.000 0.000 0.001 0.005 0.013 0.024 0.040 0.060 0.086 0.117 0.142 0.159 0.169 0.172 0.172 0.169 0.160 0.143 0.113 0.079 0.056 0.047 0.045 0.050 0.080 0.181 0.427 0.747 0.914 0.956 0.968 0.989 1.028 1.085 1.162 1.267 1.410 1.602 1.851 2.177 2.620 3.252 3.928 4.362 4.604 4.749 4.832 4.879 4.901 4.904 4.898 4.898 4.930 5.049 5.337 5.836 6.551 7.468 8.553 9.754
0.000 0.000 0.000 0.000 0.000 0.000 0.000 0.000 0.000 0.000 0.000 0.000 0.000 0.000 0.000 0.000 0.000 0.000 0.000 0.001 0.003 0.010 0.021 0.037 0.057 0.082 0.111 0.135 0.152 0.160 0.164 0.164 0.161 0.153 0.138 0.111 0.076 0.052 0.039 0.035 0.037 0.053 0.115 0.286 0.541 0.687 0.727 0.732 0.738 0.759 0.800 0.864 0.959 1.091 1.266 1.491 1.776 2.144 2.625 3.088 3.403 3.599 3.706 3.758 3.782 3.791 3.792 3.791 3.800 3.840 3.953 4.201 4.618 5.204 5.955 6.863 7.902
0.000 0.000 0.000 0.000 0.000 0.000 0.000 0.000 0.000 0.000 0.000 0.000 0.000 0.000 0.000 0.000 0.000 0.000 0.000 0.001 0.002 0.006 0.015 0.031 0.051 0.075 0.101 0.123 0.138 0.146 0.149 0.149 0.147 0.141 0.128 0.105 0.074 0.048 0.034 0.029 0.029 0.036 0.067 0.160 0.328 0.454 0.508 0.522 0.527 0.536 0.556 0.598 0.669 0.776 0.926 1.115 1.349 1.630 1.977 2.324 2.588 2.766 2.871 2.923 2.941 2.941 2.929 2.905 2.896 2.918 2.986 3.142 3.428 3.863 4.459 5.212 6.092
0.000 0.000 0.000 0.000 0.000 0.000 0.000 0.000 0.000 0.000 0.000 0.000 0.000 0.000 0.000 0.000 0.000 0.000 0.000 0.000 0.001 0.003 0.009 0.022 0.041 0.064 0.086 0.104 0.117 0.124 0.127 0.128 0.126 0.122 0.112 0.094 0.068 0.045 0.031 0.025 0.024 0.027 0.042 0.089 0.186 0.281 0.333 0.351 0.357 0.360 0.362 0.375 0.411 0.476 0.581 0.729 0.917 1.144 1.420 1.699 1.916 2.074 2.176 2.230 2.247 2.243 2.223 2.178 2.144 2.135 2.153 2.213 2.363 2.651 3.088 3.659 4.288
0.000 0.000 0.000 0.000 0.000 0.000 0.000 0.000 0.000 0.000 0.000 0.000 0.000 0.000 0.000 0.000 0.000 0.000 0.000 0.000 0.001 0.001 0.005 0.013 0.028 0.048 0.067 0.081 0.091 0.096 0.099 0.099 0.099 0.096 0.090 0.078 0.059 0.040 0.028 0.022 0.020 0.021 0.028 0.052 0.104 0.166 0.205 0.222 0.229 0.230 0.225 0.219 0.229 0.259 0.319 0.422 0.562 0.738 0.951 1.175 1.355 1.490 1.581 1.630 1.645 1.640 1.617 1.572 1.524 1.486 1.455 1.447 1.496 1.646 1.916 2.276 2.600
0.000 0.000 0.000 0.000 0.000 0.000 0.000 0.000 0.000 0.000 0.000 0.000 0.000 0.000 0.000 0.000 0.000 0.000 0.000 0.000 0.000 0.001 0.002 0.006 0.016 0.031 0.047 0.059 0.066 0.071 0.073 0.073 0.073 0.071 0.067 0.059 0.047 0.033 0.023 0.018 0.017 0.017 0.021 0.033 0.061 0.097 0.121 0.134 0.140 0.141 0.136 0.125 0.121 0.130 0.158 0.215 0.305 0.423 0.569 0.736 0.879 0.990 1.067 1.106 1.114 1.108 1.089 1.058 1.019 0.969 0.905 0.856 0.845 0.890 1.008 1.173 1.271
0.000 0.000 0.000 0.000 0.000 0.000 0.000 0.000 0.000 0.000 0.000 0.000 0.000 0.000 0.000 0.000 0.000 0.000 0.000 0.000 0.000 0.001 0.001 0.003 0.008 0.018 0.031 0.042 0.048 0.051 0.053 0.053 0.053 0.052 0.049 0.043 0.035 0.025 0.018 0.015 0.013 0.014 0.016 0.023 0.038 0.058 0.072 0.080 0.084 0.085 0.083 0.075 0.067 0.067 0.077 0.101 0.147 0.213 0.299 0.402 0.501 0.581 0.638 0.664 0.667 0.661 0.651 0.638 0.616 0.576 0.512 0.453 0.422 0.417 0.438 0.477 0.487
0.000 0.000 0.000 0.000 0.000 0.000 0.000 0.000 0.000 0.000 0.000 0.000 0.000 0.000 0.000 0.000 0.000 0.000 0.000 0.000 0.000 0.000 0.001 0.001 0.004 0.009 0.018 0.027 0.033 0.037 0.038 0.038 0.038 0.037 0.035 0.031 0.025 0.018 0.014 0.011 0.011 0.011 0.012 0.016 0.025 0.036 0.044 0.048 0.051 0.052 0.051 0.047 0.041 0.038 0.041 0.050 0.068 0.098 0.139 0.192 0.247 0.293 0.325 0.341 0.342 0.340 0.337 0.334 0.326 0.303 0.261 0.217 0.193 0.181 0.177 0.178 0.176
0.000 0.000 0.000 0.000 0.000 0.000 0.000 0.000 0.000 0.000 0.000 0.000 0.000 0.000 0.000 0.000 0.000 0.000 0.000 0.000 0.000 0.000 0.000 0.001 0.001 0.004 0.009 0.016 0.021 0.025 0.027 0.027 0.027 0.026 0.024 0.022 0.018 0.013 0.010 0.008 0.008 0.008 0.009 0.011 0.016 0.023 0.027 0.030 0.031 0.032 0.032 0.030 0.026 0.024 0.025 0.028 0.035 0.047 0.064 0.087 0.111 0.131 0.145 0.152 0.154 0.154 0.154 0.154 0.152 0.143 0.124 0.102 0.088 0.081 0.077 0.074 0.072
0.000 0.000 0.000 0.000 0.000 0.000 0.000 0.000 0.000 0.000 0.000 0.000 0.000 0.000 0.000 0.000 0.000 0.000 0.000 0.000 0.000 0.000 0.000 0.001 0.001 0.002 0.004 0.008 0.012 0.016 0.018 0.019 0.019 0.018 0.017 0.015 0.012 0.009 0.007 0.006 0.005 0.005 0.006 0.007 0.011 0.014 0.017 0.019 0.019 0.020 0.020 0.019 0.017 0.016 0.016 0.018 0.021 0.026 0.033 0.043 0.053 0.061 0.066 0.069 0.070 0.070 0.071 0.071 0.070 0.067 0.060 0.050 0.044 0.040 0.038 0.037 0.035
0.000 0.000 0.000 0.000 0.000 0.000 0.000 0.000 0.000 0.000 0.000 0.000 0.000 0.000 0.000 0.000 0.000 0.000 0.000 0.000 0.000 0.000 0.000 0.001 0.001 0.001 0.001 0.003 0.006 0.008 0.011 0.012 0.012 0.012 0.011 0.010 0.008 0.006 0.005 0.004 0.004 0.004 0.004 0.005 0.007 0.009 0.010 0.011 0.012 0.012 0.012 0.012 0.011 0.011 0.011 0.012 0.013 0.016 0.020 0.025 0.029 0.032 0.035 0.036 0.036 0.036 0.036 0.036 0.036 0.034 0.031 0.027 0.025 0.023 0.022 0.021 0.020
0.000 0.000 0.000 0.000 0.000 0.000 0.000 0.000 0.000 0.000 0.000 0.000 0.000 0.000 0.000 0.000 0.000 0.000 0.000 0.000 0.000 0.000 0.001 0.001 0.001 0.001 0.001 0.001 0.002 0.004 0.005 0.007 0.007 0.008 0.007 0.007 0.005 0.004 0.003 0.002 0.002 0.002 0.002 0.003 0.004 0.005 0.006 0.007 0.007 0.007 0.007 0.007 0.007 0.007 0.007 0.008 0.009 0.011 0.013 0.015 0.018 0.019 0.020 0.021 0.021 0.021 0.021 0.021 0.020 0.020 0.018 0.016 0.015 0.014 0.014 0.013 0.013
0.000 0.000 0.000 0.000 0.000 0.000 0.000 0.000 0.000 0.000 0.000 0.000 0.000 0.000 0.000 0.000 0.000 0.000 0.000 0.000 0.000 0.001 0.001 0.001 0.001 0.001 0.001 0.001 0.001 0.001 0.002 0.003 0.004 0.004 0.004 0.004 0.003 0.002 0.002 0.001 0.001 0.001 0.001 0.001 0.002 0.003 0.003 0.004 0.004 0.004 0.004 0.004 0.004 0.004 0.004 0.005 0.006 0.007 0.008 0.010 0.011 0.012 0.013 0.013 0.013 0.013 0.013 0.013 0.012 0.012 0.011 0.010 0.010 0.009 0.009 0.009 0.009
0.000 0.000 0.000 0.000 0.000 0.000 0.000 0.000 0.000 0.000 0.000 0.000 0.000 0.000 0.000 0.000 0.000 0.000 0.000 0.000 0.001 0.001 0.001 0.001 0.001 0.001 0.001 0.001 0.001 0.001 0.001 0.001 0.002 0.002 0.002 0.002 0.001 0.001 0.001 0.001 0.001 0.001 0.001 0.001 0.001 0.001 0.001 0.002 0.002 0.002 0.002 0.002 0.002 0.002 0.002 0.003 0.003 0.004 0.005 0.006 0.007 0.008 0.008 0.008 0.008 0.008 0.008 0.008 0.008 0.007 0.007 0.007 0.006 0.006 0.006 0.006 0.006
0.000 0.000 0.000 0.000 0.000 0.000 0.000 0.000 0.000 0.000 0.000 0.000 0.000 0.000 0.000 0.000 0.000 0.000 0.000 0.000 0.001 0.001 0.001 0.001 0.001 0.001 0.001 0.001 0.001 0.001 0.001 0.001 0.001 0.001 0.001 0.001 0.001 0.001 0.001 0.001 0.001 0.001 0.001 0.001 0.001 0.001 0.001 0.001 0.001 0.001 0.001 0.001 0.001 0.001 0.001 0.002 0.002 0.003 0.003 0.004 0.004 0.005 0.005 0.005 0.005 0.005 0.005 0.005 0.005 0.005 0.005 0.004 0.004 0.004 0.004 0.004 0.004
0.000 0.000 0.000 0.000 0.000 0.000 0.000 0.000 0.000 0.000 0.000 0.000 0.000 0.000 0.000 0.000 0.000 0.000 0.000 0.001 0.001 0.001 0.001 0.001 0.001 0.001 0.001 0.001 0.001 0.001 0.001 0.001 0.001 0.001 0.001 0.001 0.001 0.001 0.001 0.001 0.001 0.001 0.001 0.001 0.001 0.001 0.001 0.001 0.001 0.001 0.001 0.001 0.001 0.001 0.001 0.001 0.001 0.002 0.002 0.002 0.003 0.003 0.003 0.003 0.003 0.003 0.003 0.003 0.003 0.003 0.003 0.003 0.003 0.003 0.003 0.003 0.003
0.000 0.000 0.000 0.000 0.000 0.000 0.000 0.000 0.000 0.000 0.000 0.000 0.000 0.000 0.000 0.000 0.000 0.001 0.001 0.001 0.001 0.001 0.001 0.001 0.001 0.001 0.001 0.001 0.001 0.001 0.001 0.001 0.001 0.001 0.001 0.001 0.001 0.001 0.001 0.001 0.001 0.001 0.001 0.001 0.001 0.001 0.000 0.000 0.000 0.000 0.001 0.001 0.001 0.001 0.001 0.001 0.001 0.001 0.001 0.001 0.002 0.002 0.002 0.002 0.002 0.002 0.002 0.002 0.002 0.002 0.002 0.002 0.002 0.002 0.002 0.002 0.002
0.000 0.000 0.000 0.000 0.000 0.000 0.000 0.000 0.000 0.000 0.000 0.000 0.000 0.000 0.000 0.000 0.000 0.001 0.001 0.001 0.001 0.001 0.001 0.001 0.001 0.001 0.001 0.001 0.001 0.001 0.001 0.001 0.001 0.001 0.001 0.001 0.001 0.001 0.001 0.001 0.001 0.001 0.001 0.001 0.001 0.001 0.000 0.000 0.000 0.000 0.000 0.000 0.001 0.001 0.001 0.001 0.000 0.000 0.000 0.001 0.001 0.001 0.001 0.001 0.001 0.001 0.001 0.001 0.001 0.001 0.001 0.001 0.001 0.001 0.001 0.001 0.001
0.000 0.000 0.000 0.000 0.001 0.000 0.000 0.000 0.000 0.000 0.000 0.000 0.000 0.000 0.000 0.000 0.000 0.001 0.001 0.001 0.001 0.001 0.001 0.001 0.001 0.001 0.001 0.001 0.001 0.001 0.001 0.001 0.001 0.001 0.001 0.001 0.001 0.001 0.001 0.001 0.001 0.001 0.001 0.001 0.001 0.001 0.000 0.000 0.000 0.000 0.000 0.000 0.000 0.000 0.000 0.000 0.000 0.000 0.000 0.001 0.001 0.001 0.001 0.001 0.001 0.001 0.001 0.001 0.001 0.001 0.001 0.001 0.001 0.001 0.001 0.001 0.001
0.000 0.000 0.000 0.000 0.000 0.000 0.000 0.000 0.000 0.000 0.000 0.000 0.000 0.000 0.000 0.000 0.001 0.001 0.001 0.001 0.001 0.001 0.001 0.001 0.001 0.001 0.001 0.001 0.001 0.001 0.001 0.001 0.001 0.001 0.001 0.000 0.001 0.001 0.001 0.001 0.001 0.001 0.001 0.001 0.001 0.001 0.000 0.000 0.000 0.000 0.000 0.000 0.000 0.000 0.000 0.000 0.000 0.000 0.000 0.000 0.001 0.001 0.001 0.001 0.001 0.001 0.001 0.001 0.001 0.001 0.001 0.001 0.001 0.001 0.001 0.001 0.001
0.000 0.000 0.000 0.000 0.000 0.000 0.000 0.000 0.000 0.000 0.000 0.000 0.000 0.000 0.000 0.000 0.001 0.001 0.001 0.001 0.001 0.001 0.001 0.001 0.001 0.001 0.001 0.001 0.001 0.001 0.001 0.001 0.001 0.001 0.000 0.000 0.000 0.000 0.001 0.001 0.001 0.001 0.001 0.001 0.001 0.001 0.001 0.000 0.000 0.000 0.000 0.000 0.000 0.000 0.000 0.000 0.000 0.000 0.000 0.001 0.001 0.001 0.001 0.001 0.001 0.001 0.001 0.001 0.001 0.001 0.001 0.001 0.001 0.000 0.000 0.000 0.000
0.000 0.000 0.000 0.000 0.000 0.000 0.000 0.000 0.000 0.000 0.000 0.000 0.000 0.000 0.000 0.001 0.001 0.001 0.001 0.001 0.001 0.001 0.001 0.001 0.001 0.001 0.001 0.001 0.001 0.001 0.001 0.001 0.001 0.001 0.001 0.000 0.000 0.000 0.000 0.001 0.001 0.001 0.001 0.001 0.001 0.001 0.001 0.001 0.000 0.000 0.000 0.000 0.000 0.000 0.000 0.000 0.000 0.000 0.000 0.000 0.001 0.001 0.001 0.001 0.001 0.001 0.001 0.001 0.001 0.001 0.001 0.000 0.000 0.000 0.000 0.000 0.000
