RESULTS/r.avaflow_results/21_results/21_ascii/21_hflow0043.asc
ncols 506
nrows 317
xllcenter 498237.50
yllcenter 5580050.00
cellsize 12.50
NODATA_value -9999.000
[rows 170 to 203 of 317, columns 154 to 230 of 506]
8.493 8.283 8.076 7.862 7.630 7.385 7.150 6.941 6.757 6.585 6.424 6.266 6.091 5.847 5.467 4.925 4.244 3.478 2.726 2.046 1.457 0.981 0.637 0.417 0.287 0.213 0.176 0.162 0.160 0.165 0.183 0.207 0.227 0.242 0.257 0.274 0.299 0.319 0.327 0.328 0.324 0.316 0.311 0.304 0.293 0.274 0.243 0.209 0.180 0.154 0.130 0.110 0.095 0.084 0.079 0.077 0.077 0.080 0.083 0.086 0.087 0.087 0.086 0.084 0.084 0.085 0.090 0.105 0.139 0.190 0.227 0.241 0.242 0.227 0.191 0.147 0.111
11.843 11.978 11.996 11.940 11.811 11.588 11.297 10.985 10.685 10.394 10.118 9.851 9.578 9.248 8.771 8.084 7.189 6.130 4.997 3.905 2.904 2.036 1.346 0.862 0.562 0.388 0.292 0.248 0.235 0.239 0.254 0.270 0.278 0.283 0.288 0.296 0.311 0.324 0.328 0.326 0.317 0.305 0.293 0.282 0.265 0.235 0.190 0.144 0.110 0.088 0.074 0.065 0.059 0.056 0.055 0.056 0.059 0.063 0.067 0.069 0.069 0.068 0.067 0.065 0.065 0.065 0.070 0.081 0.106 0.151 0.203 0.234 0.247 0.249 0.238 0.212 0.173
15.346 15.838 16.004 15.980 15.837 15.556 15.189 14.804 14.437 14.081 13.742 13.422 13.107 12.760 12.293 11.595 10.613 9.379 7.981 6.542 5.143 3.831 2.680 1.774 1.144 0.746 0.511 0.385 0.327 0.304 0.296 0.294 0.292 0.291 0.290 0.293 0.303 0.309 0.308 0.298 0.278 0.255 0.235 0.214 0.188 0.152 0.110 0.079 0.061 0.050 0.044 0.041 0.039 0.039 0.039 0.042 0.046 0.051 0.054 0.055 0.055 0.054 0.053 0.051 0.051 0.052 0.055 0.063 0.080 0.112 0.163 0.214 0.244 0.257 0.259 0.252 0.229
17.918 18.733 19.080 19.113 18.994 18.744 18.418 18.076 17.732 17.375 17.003 16.645 16.304 15.946 15.497 14.834 13.888 12.680 11.278 9.743 8.122 6.455 4.799 3.347 2.221 1.425 0.912 0.611 0.446 0.357 0.312 0.294 0.286 0.279 0.273 0.269 0.267 0.264 0.254 0.231 0.195 0.163 0.139 0.119 0.100 0.077 0.057 0.044 0.036 0.032 0.029 0.028 0.028 0.028 0.029 0.031 0.035 0.040 0.043 0.044 0.044 0.043 0.042 0.042 0.042 0.043 0.045 0.051 0.062 0.082 0.117 0.173 0.227 0.255 0.264 0.264 0.255
19.323 20.372 20.968 21.204 21.247 21.163 21.015 20.827 20.596 20.296 19.919 19.509 19.127 18.740 18.287 17.648 16.743 15.580 14.217 12.713 11.093 9.341 7.426 5.449 3.725 2.387 1.453 0.878 0.558 0.391 0.312 0.277 0.257 0.242 0.226 0.212 0.199 0.185 0.167 0.139 0.109 0.088 0.074 0.063 0.052 0.042 0.033 0.027 0.024 0.022 0.021 0.021 0.021 0.021 0.022 0.024 0.027 0.031 0.033 0.034 0.034 0.034 0.034 0.034 0.035 0.036 0.038 0.042 0.050 0.062 0.084 0.123 0.185 0.237 0.259 0.264 0.260
19.675 20.837 21.658 22.191 22.526 22.720 22.810 22.801 22.710 22.498 22.133 21.653 21.216 20.804 20.354 19.759 18.941 17.875 16.566 15.042 13.335 11.453 9.355 6.990 4.785 3.038 1.796 1.031 0.615 0.402 0.296 0.240 0.204 0.175 0.151 0.132 0.120 0.109 0.096 0.079 0.062 0.051 0.043 0.036 0.031 0.026 0.022 0.019 0.017 0.016 0.016 0.016 0.016 0.016 0.017 0.018 0.021 0.024 0.025 0.026 0.027 0.027 0.028 0.028 0.029 0.031 0.033 0.036 0.041 0.050 0.064 0.089 0.135 0.195 0.236 0.253 0.256
19.465 20.691 21.643 22.362 22.940 23.392 23.671 23.777 23.771 23.640 23.297 22.753 22.272 21.872 21.448 20.905 20.178 19.230 18.008 16.486 14.689 12.654 10.368 7.754 5.260 3.297 1.915 1.075 0.626 0.392 0.266 0.192 0.143 0.110 0.089 0.077 0.069 0.063 0.056 0.047 0.038 0.032 0.027 0.023 0.020 0.017 0.015 0.014 0.013 0.012 0.012 0.012 0.012 0.012 0.013 0.014 0.015 0.017 0.019 0.020 0.021 0.022 0.023 0.024 0.025 0.026 0.029 0.032 0.036 0.042 0.052 0.069 0.098 0.144 0.193 0.224 0.239
18.719 20.070 21.220 22.154 22.901 23.456 23.789 23.923 23.937 23.843 23.517 22.946 22.446 22.069 21.671 21.153 20.470 19.592 18.450 16.963 15.129 12.998 10.600 7.877 5.303 3.288 1.886 1.046 0.595 0.354 0.219 0.140 0.094 0.068 0.053 0.046 0.042 0.038 0.034 0.029 0.025 0.021 0.019 0.016 0.014 0.012 0.011 0.010 0.009 0.009 0.009 0.009 0.009 0.009 0.009 0.010 0.011 0.013 0.014 0.015 0.016 0.017 0.018 0.019 0.021 0.022 0.024 0.027 0.031 0.037 0.045 0.057 0.077 0.106 0.144 0.181 0.208
17.538 19.033 20.374 21.526 22.444 23.080 23.423 23.542 23.543 23.439 23.123 22.580 22.066 21.666 21.246 20.716 20.052 19.227 18.151 16.712 14.887 12.721 10.240 7.456 4.935 2.988 1.666 0.897 0.489 0.272 0.153 0.090 0.059 0.042 0.034 0.029 0.027 0.025 0.022 0.020 0.017 0.015 0.013 0.012 0.010 0.009 0.008 0.007 0.007 0.006 0.006 0.006 0.006 0.006 0.006 0.007 0.008 0.009 0.010 0.011 0.012 0.013 0.014 0.015 0.017 0.018 0.020 0.023 0.027 0.032 0.039 0.049 0.064 0.084 0.110 0.140 0.168
16.101 17.691 19.135 20.395 21.403 22.095 22.459 22.560 22.513 22.327 22.003 21.575 21.090 20.573 20.011 19.402 18.725 17.933 16.918 15.529 13.700 11.468 8.892 6.212 3.941 2.262 1.181 0.590 0.298 0.155 0.087 0.054 0.037 0.028 0.023 0.020 0.018 0.017 0.015 0.014 0.012 0.011 0.010 0.009 0.007 0.006 0.006 0.005 0.005 0.004 0.004 0.004 0.004 0.004 0.004 0.004 0.005 0.006 0.007 0.007 0.008 0.009 0.010 0.011 0.013 0.014 0.017 0.019 0.023 0.028 0.035 0.044 0.056 0.071 0.091 0.113 0.137
14.440 16.024 17.470 18.756 19.824 20.599 21.031 21.137 21.032 20.746 20.439 20.170 19.755 19.079 18.276 17.532 16.788 15.953 14.874 13.388 11.420 9.007 6.417 4.098 2.361 1.222 0.582 0.273 0.136 0.075 0.047 0.032 0.024 0.020 0.017 0.015 0.013 0.012 0.011 0.010 0.009 0.008 0.007 0.006 0.005 0.004 0.004 0.003 0.003 0.002 0.002 0.002 0.002 0.002 0.002 0.002 0.003 0.003 0.004 0.005 0.006 0.006 0.007 0.008 0.009 0.011 0.013 0.016 0.019 0.024 0.030 0.039 0.050 0.063 0.079 0.098 0.118
12.529 14.010 15.415 16.754 17.958 18.911 19.502 19.700 19.626 19.367 19.072 18.788 18.319 17.515 16.540 15.650 14.760 13.718 12.323 10.455 8.056 5.535 3.440 1.972 1.042 0.509 0.236 0.114 0.062 0.039 0.028 0.021 0.017 0.014 0.013 0.011 0.010 0.009 0.008 0.007 0.006 0.006 0.005 0.004 0.003 0.003 0.002 0.002 0.001 0.001 0.001 0.001 0.001 0.001 0.001 0.001 0.001 0.002 0.002 0.003 0.003 0.004 0.005 0.006 0.007 0.008 0.010 0.012 0.016 0.020 0.026 0.034 0.044 0.057 0.072 0.088 0.106
10.427 11.773 13.145 14.560 15.956 17.130 17.920 18.247 18.228 18.013 17.674 17.242 16.600 15.697 14.662 13.640 12.537 11.115 9.156 6.736 4.392 2.612 1.421 0.731 0.368 0.183 0.092 0.051 0.032 0.024 0.019 0.015 0.013 0.011 0.010 0.008 0.008 0.007 0.006 0.005 0.004 0.004 0.003 0.002 0.002 0.001 0.001 0.001 0.001 0.000 0.000 0.000 0.000 0.000 0.000 0.000 0.000 0.001 0.001 0.001 0.002 0.002 0.003 0.003 0.004 0.006 0.007 0.009 0.012 0.016 0.022 0.030 0.039 0.052 0.065 0.081 0.097
8.353 9.539 10.799 12.182 13.650 14.930 15.839 16.277 16.322 16.113 15.616 14.876 13.959 12.952 11.892 10.736 9.340 7.467 5.246 3.239 1.816 0.917 0.441 0.222 0.120 0.067 0.040 0.027 0.020 0.016 0.013 0.011 0.010 0.008 0.007 0.006 0.005 0.005 0.004 0.003 0.003 0.002 0.002 0.001 0.001 0.001 0.000 0.000 0.000 0.000 0.000 0.000 0.000 0.000 0.000 0.000 0.000 0.000 0.000 0.000 0.001 0.001 0.001 0.002 0.003 0.004 0.005 0.007 0.009 0.013 0.018 0.025 0.034 0.046 0.059 0.073 0.088
6.340 7.301 8.304 9.384 10.540 11.609 12.427 12.870 12.947 12.740 12.121 11.096 9.838 8.663 7.549 6.362 4.995 3.469 2.084 1.097 0.520 0.241 0.124 0.072 0.046 0.031 0.023 0.018 0.014 0.012 0.010 0.009 0.007 0.006 0.005 0.004 0.004 0.003 0.002 0.002 0.001 0.001 0.001 0.000 0.000 0.000 0.000 0.000 0.000 0.000 0.000 0.000 0.000 0.000 0.000 0.000 0.000 0.000 0.000 0.000 0.000 0.000 0.000 0.001 0.001 0.002 0.003 0.005 0.007 0.010 0.014 0.020 0.029 0.039 0.052 0.065 0.080
4.299 4.845 5.353 5.837 6.344 6.895 7.395 7.696 7.763 7.614 7.078 6.156 5.041 4.107 3.323 2.591 1.829 1.088 0.557 0.259 0.126 0.070 0.045 0.032 0.024 0.019 0.016 0.013 0.011 0.010 0.008 0.007 0.006 0.005 0.004 0.003 0.002 0.002 0.001 0.001 0.001 0.000 0.000 0.000 0.000 0.000 0.000 0.000 0.000 0.000 0.000 0.000 0.000 0.000 0.000 0.000 0.000 0.000 0.000 0.000 0.000 0.000 0.000 0.000 0.001 0.001 0.002 0.003 0.005 0.007 0.010 0.015 0.022 0.032 0.043 0.057 0.072
2.447 2.614 2.729 2.815 2.903 3.030 3.191 3.293 3.314 3.250 2.995 2.512 1.883 1.382 1.019 0.727 0.460 0.251 0.127 0.069 0.043 0.031 0.024 0.020 0.017 0.014 0.012 0.011 0.009 0.008 0.006 0.005 0.004 0.003 0.002 0.002 0.001 0.001 0.000 0.000 0.000 0.000 0.000 0.000 0.000 0.000 0.000 0.000 0.000 0.000 0.000 0.000 0.000 0.000 0.000 0.000 0.000 0.000 0.000 0.000 0.000 0.000 0.000 0.000 0.000 0.000 0.001 0.002 0.003 0.005 0.007 0.011 0.016 0.024 0.034 0.047 0.063
1.095 1.091 1.070 1.042 1.016 1.007 1.024 1.034 1.028 1.000 0.909 0.739 0.515 0.355 0.253 0.176 0.113 0.068 0.043 0.030 0.023 0.020 0.017 0.015 0.013 0.012 0.010 0.009 0.008 0.006 0.005 0.004 0.003 0.002 0.001 0.001 0.000 0.000 0.000 0.000 0.000 0.000 0.000 0.000 0.000 0.000 0.000 0.000 0.000 0.000 0.000 0.000 0.000 0.000 0.000 0.000 0.000 0.000 0.000 0.000 0.000 0.000 0.000 0.000 0.000 0.000 0.000 0.001 0.002 0.003 0.005 0.007 0.011 0.017 0.026 0.037 0.053
0.390 0.371 0.353 0.339 0.324 0.309 0.300 0.292 0.283 0.270 0.244 0.198 0.138 0.098 0.073 0.055 0.040 0.030 0.023 0.019 0.017 0.015 0.014 0.012 0.011 0.010 0.009 0.008 0.006 0.005 0.004 0.003 0.002 0.001 0.000 0.000 0.000 0.000 0.000 0.000 0.000 0.000 0.000 0.000 0.000 0.000 0.000 0.000 0.000 0.000 0.000 0.000 0.000 0.000 0.000 0.000 0.000 0.000 0.000 0.000 0.000 0.000 0.000 0.000 0.000 0.000 0.000 0.000 0.001 0.002 0.003 0.005 0.008 0.012 0.018 0.028 0.042
0.139 0.131 0.125 0.120 0.115 0.107 0.100 0.094 0.089 0.084 0.076 0.065 0.049 0.039 0.032 0.026 0.022 0.019 0.017 0.015 0.014 0.013 0.012 0.011 0.010 0.009 0.008 0.007 0.005 0.004 0.003 0.002 0.001 0.000 0.000 0.000 0.000 0.000 0.000 0.000 0.000 0.000 0.000 0.000 0.000 0.000 0.000 0.000 0.000 0.000 0.000 0.000 0.000 0.000 0.000 0.000 0.000 0.000 0.000 0.000 0.000 0.000 0.000 0.000 0.000 0.000 0.000 0.000 0.000 0.001 0.002 0.003 0.005 0.008 0.012 0.019 0.029
0.058 0.055 0.053 0.051 0.049 0.046 0.043 0.040 0.038 0.036 0.034 0.031 0.026 0.023 0.020 0.018 0.016 0.015 0.014 0.013 0.012 0.011 0.010 0.009 0.009 0.008 0.007 0.005 0.004 0.003 0.002 0.001 0.000 0.000 0.000 0.000 0.000 0.000 0.000 0.000 0.000 0.000 0.000 0.000 0.000 0.000 0.000 0.000 0.000 0.000 0.000 0.000 0.000 0.000 0.000 0.000 0.000 0.000 0.000 0.000 0.000 0.000 0.000 0.000 0.000 0.000 0.000 0.000 0.000 0.000 0.001 0.002 0.003 0.005 0.007 0.012 0.018
0.030 0.029 0.028 0.028 0.027 0.026 0.024 0.023 0.022 0.021 0.020 0.019 0.018 0.017 0.015 0.014 0.013 0.012 0.012 0.011 0.010 0.010 0.009 0.008 0.008 0.007 0.006 0.005 0.003 0.002 0.001 0.000 0.000 0.000 0.000 0.000 0.000 0.000 0.000 0.000 0.000 0.000 0.000 0.000 0.000 0.000 0.000 0.000 0.000 0.000 0.000 0.000 0.000 0.000 0.000 0.000 0.000 0.000 0.000 0.000 0.000 0.000 0.000 0.000 0.000 0.000 0.000 0.000 0.000 0.000 0.000 0.001 0.001 0.003 0.004 0.007 0.011
0.019 0.018 0.018 0.018 0.018 0.017 0.016 0.016 0.015 0.015 0.015 0.014 0.014 0.013 0.012 0.012 0.011 0.011 0.010 0.010 0.009 0.009 0.008 0.008 0.007 0.006 0.005 0.004 0.003 0.002 0.001 0.000 0.000 0.000 0.000 0.000 0.000 0.000 0.000 0.000 0.000 0.000 0.000 0.000 0.000 0.000 0.000 0.000 0.000 0.000 0.000 0.000 0.000 0.000 0.000 0.000 0.000 0.000 0.000 0.000 0.000 0.000 0.000 0.000 0.000 0.000 0.000 0.000 0.000 0.000 0.000 0.000 0.001 0.001 0.002 0.004 0.006
0.013 0.013 0.013 0.013 0.013 0.013 0.012 0.012 0.012 0.012 0.012 0.012 0.011 0.011 0.011 0.010 0.010 0.009 0.009 0.009 0.008 0.008 0.008 0.007 0.006 0.005 0.005 0.004 0.003 0.002 0.001 0.000 0.000 0.000 0.000 0.000 0.000 0.000 0.000 0.000 0.000 0.000 0.000 0.000 0.000 0.000 0.000 0.000 0.000 0.000 0.000 0.000 0.000 0.000 0.000 0.000 0.000 0.000 0.000 0.000 0.000 0.000 0.000 0.000 0.000 0.000 0.000 0.000 0.000 0.000 0.000 0.000 0.000 0.000 0.001 0.002 0.003
0.010 0.010 0.010 0.010 0.010 0.010 0.010 0.010 0.010 0.010 0.010 0.010 0.010 0.009 0.009 0.009 0.009 0.009 0.008 0.008 0.008 0.008 0.007 0.007 0.006 0.005 0.005 0.004 0.003 0.002 0.001 0.000 0.000 0.000 0.000 0.000 0.000 0.000 0.000 0.000 0.000 0.000 0.000 0.000 0.000 0.000 0.000 0.000 0.000 0.000 0.000 0.000 0.000 0.000 0.000 0.000 0.000 0.000 0.000 0.000 0.000 0.000 0.000 0.000 0.000 0.000 0.000 0.000 0.000 0.000 0.000 0.000 0.000 0.000 0.000 0.001 0.001
0.007 0.007 0.007 0.008 0.008 0.008 0.008 0.008 0.008 0.008 0.008 0.008 0.008 0.008 0.008 0.008 0.008 0.008 0.008 0.008 0.008 0.007 0.007 0.007 0.006 0.006 0.005 0.005 0.003 0.002 0.001 0.000 0.000 0.000 0.000 0.000 0.000 0.000 0.000 0.000 0.000 0.000 0.000 0.000 0.000 0.000 0.000 0.000 0.000 0.000 0.000 0.000 0.000 0.000 0.000 0.000 0.000 0.000 0.000 0.000 0.000 0.000 0.000 0.000 0.000 0.000 0.000 0.000 0.000 0.000 0.000 0.000 0.000 0.000 0.000 0.000 0.000
0.005 0.006 0.006 0.006 0.006 0.006 0.006 0.006 0.007 0.007 0.007 0.007 0.007 0.007 0.007 0.007 0.007 0.007 0.007 0.007 0.008 0.008 0.008 0.008 0.007 0.007 0.007 0.005 0.004 0.002 0.001 0.000 0.000 0.000 0.000 0.000 0.000 0.000 0.000 0.000 0.000 0.000 0.000 0.000 0.000 0.000 0.000 0.000 0.000 0.000 0.000 0.000 0.000 0.000 0.000 0.000 0.000 0.000 0.000 0.000 0.000 0.000 0.000 0.000 0.000 0.000 0.000 0.000 0.000 0.000 0.000 0.000 0.000 0.000 0.000 0.000 0.000
0.004 0.004 0.004 0.004 0.004 0.005 0.005 0.005 0.005 0.005 0.006 0.006 0.006 0.006 0.006 0.006 0.006 0.007 0.007 0.008 0.008 0.009 0.009 0.009 0.009 0.008 0.008 0.006 0.004 0.002 0.001 0.000 0.000 0.000 0.000 0.000 0.000 0.000 0.000 0.000 0.000 0.000 0.000 0.000 0.000 0.000 0.000 0.000 0.000 0.000 0.000 0.000 0.000 0.000 0.000 0.000 0.000 0.000 0.000 0.000 0.000 0.000 0.000 0.000 0.000 0.000 0.000 0.000 0.000 0.000 0.000 0.000 0.000 0.000 0.000 0.000 0.000
0.003 0.003 0.003 0.003 0.003 0.003 0.004 0.004 0.004 0.004 0.005 0.005 0.005 0.005 0.005 0.006 0.006 0.007 0.008 0.009 0.010 0.010 0.010 0.010 0.010 0.009 0.008 0.006 0.004 0.002 0.001 0.000 0.000 0.000 0.000 0.000 0.000 0.000 0.000 0.000 0.000 0.000 0.000 0.000 0.000 0.000 0.000 0.000 0.000 0.000 0.000 0.000 0.000 0.000 0.000 0.000 0.000 0.000 0.000 0.000 0.000 0.000 0.000 0.000 0.000 0.000 0.000 0.000 0.000 0.000 0.000 0.000 0.000 0.000 0.000 0.000 0.000
0.002 0.002 0.002 0.002 0.002 0.002 0.003 0.003 0.003 0.003 0.004 0.004 0.004 0.004 0.005 0.005 0.006 0.008 0.009 0.010 0.011 0.011 0.011 0.011 0.010 0.009 0.008 0.006 0.004 0.002 0.001 0.000 0.000 0.000 0.000 0.000 0.000 0.000 0.000 0.000 0.000 0.000 0.000 0.000 0.000 0.000 0.000 0.000 0.000 0.000 0.000 0.000 0.000 0.000 0.000 0.000 0.000 0.000 0.000 0.000 0.000 0.000 0.000 0.000 0.000 0.000 0.000 0.000 0.000 0.000 0.000 0.000 0.000 0.000 0.000 0.000 0.000
0.001 0.001 0.001 0.001 0.001 0.001 0.002 0.002 0.002 0.002 0.003 0.003 0.003 0.004 0.004 0.005 0.007 0.009 0.010 0.011 0.011 0.011 0.011 0.011 0.010 0.009 0.008 0.006 0.004 0.002 0.001 0.000 0.000 0.000 0.000 0.000 0.000 0.000 0.000 0.000 0.000 0.000 0.000 0.000 0.000 0.000 0.000 0.000 0.000 0.000 0.000 0.000 0.000 0.000 0.000 0.000 0.000 0.000 0.000 0.000 0.000 0.000 0.000 0.000 0.000 0.000 0.000 0.000 0.000 0.000 0.000 0.000 0.000 0.000 0.000 0.000 0.000
0.001 0.001 0.001 0.000 0.001 0.001 0.001 0.001 0.001 0.002 0.002 0.002 0.003 0.003 0.004 0.005 0.007 0.009 0.010 0.011 0.011 0.011 0.011 0.011 0.010 0.009 0.008 0.006 0.003 0.002 0.001 0.000 0.000 0.000 0.000 0.000 0.000 0.000 0.000 0.000 0.000 0.000 0.000 0.000 0.000 0.000 0.000 0.000 0.000 0.000 0.000 0.000 0.000 0.000 0.000 0.000 0.000 0.000 0.000 0.000 0.000 0.000 0.000 0.000 0.000 0.000 0.000 0.000 0.000 0.000 0.000 0.000 0.000 0.000 0.000 0.000 0.000
0.000 0.000 0.000 0.000 0.000 0.000 0.000 0.001 0.001 0.001 0.001 0.002 0.002 0.003 0.004 0.005 0.007 0.008 0.010 0.010 0.010 0.011 0.010 0.010 0.010 0.009 0.007 0.005 0.003 0.002 0.001 0.000 0.000 0.000 0.000 0.000 0.000 0.000 0.000 0.000 0.000 0.000 0.000 0.000 0.000 0.000 0.000 0.000 0.000 0.000 0.000 0.000 0.000 0.000 0.000 0.000 0.000 0.000 0.000 0.000 0.000 0.000 0.000 0.000 0.000 0.000 0.000 0.000 0.000 0.000 0.000 0.000 0.000 0.000 0.000 0.000 0.000
0.000 0.000 0.000 0.000 0.000 0.000 0.000 0.000 0.000 0.001 0.001 0.001 0.002 0.002 0.003 0.005 0.006 0.008 0.009 0.009 0.010 0.010 0.010 0.009 0.009 0.008 0.006 0.005 0.003 0.001 0.000 0.000 0.000 0.000 0.000 0.000 0.000 0.000 0.000 0.000 0.000 0.000 0.000 0.000 0.000 0.000 0.000 0.000 0.000 0.000 0.000 0.000 0.000 0.000 0.000 0.000 0.000 0.000 0.000 0.000 0.000 0.000 0.000 0.000 0.000 0.000 0.000 0.000 0.000 0.000 0.000 0.000 0.000 0.000 0.000 0.000 0.000
