RESULTS/r.avaflow_results/21_results/21_ascii/21_hflow10029.asc
ncols 506
nrows 317
xllcenter 498237.50
yllcenter 5580050.00
cellsize 12.50
NODATA_value -9999.000
[rows 170 to 203 of 317, columns 77 to 153 of 506]
0.000 0.000 0.000 0.000 0.000 0.000 0.000 0.000 0.000 0.000 0.000 0.000 0.000 0.000 0.000 0.000 0.000 0.000 0.000 0.000 0.000 0.001 0.002 0.006 0.010 0.014 0.016 0.016 0.016 0.016 0.016 0.016 0.015 0.013 0.011 0.010 0.008 0.007 0.005 0.004 0.003 0.003 0.003 0.003 0.003 0.005 0.007 0.013 0.023 0.044 0.089 0.185 0.363 0.641 0.916 1.118 1.294 1.481 1.647 1.749 1.785 1.778 1.731 1.634 1.491 1.310 1.107 0.930 0.777 0.647 0.537 0.446 0.372 0.310 0.258 0.215 0.179
0.000 0.000 0.000 0.000 0.000 0.000 0.000 0.000 0.000 0.000 0.000 0.000 0.000 0.000 0.000 0.000 0.000 0.000 0.000 0.000 0.001 0.003 0.006 0.012 0.018 0.021 0.023 0.023 0.023 0.023 0.023 0.022 0.021 0.018 0.016 0.014 0.012 0.010 0.008 0.006 0.005 0.004 0.004 0.005 0.006 0.009 0.016 0.030 0.059 0.120 0.244 0.463 0.775 1.073 1.263 1.399 1.530 1.669 1.772 1.819 1.823 1.800 1.739 1.636 1.492 1.309 1.106 0.927 0.776 0.649 0.546 0.461 0.390 0.331 0.281 0.237 0.200
0.000 0.000 0.000 0.000 0.000 0.000 0.000 0.000 0.000 0.000 0.000 0.000 0.000 0.000 0.000 0.000 0.000 0.000 0.000 0.001 0.003 0.007 0.013 0.021 0.026 0.029 0.031 0.031 0.031 0.031 0.031 0.030 0.028 0.024 0.021 0.018 0.016 0.013 0.011 0.009 0.007 0.007 0.007 0.008 0.011 0.020 0.038 0.076 0.156 0.313 0.579 0.905 1.182 1.339 1.430 1.512 1.617 1.729 1.798 1.822 1.819 1.792 1.729 1.627 1.484 1.303 1.100 0.922 0.774 0.653 0.556 0.475 0.407 0.350 0.301 0.258 0.221
0.000 0.000 0.000 0.000 0.000 0.000 0.000 0.000 0.000 0.000 0.000 0.000 0.000 0.000 0.000 0.000 0.000 0.000 0.001 0.003 0.006 0.012 0.021 0.029 0.034 0.037 0.038 0.039 0.039 0.039 0.038 0.037 0.034 0.029 0.024 0.021 0.018 0.015 0.013 0.011 0.010 0.009 0.010 0.013 0.022 0.045 0.094 0.194 0.379 0.683 1.023 1.278 1.410 1.462 1.495 1.543 1.631 1.730 1.784 1.796 1.791 1.764 1.703 1.604 1.465 1.288 1.088 0.915 0.772 0.655 0.561 0.483 0.419 0.364 0.317 0.276 0.239
0.000 0.000 0.000 0.000 0.000 0.000 0.000 0.000 0.000 0.000 0.000 0.000 0.000 0.000 0.000 0.000 0.000 0.001 0.002 0.005 0.010 0.017 0.027 0.034 0.040 0.043 0.045 0.046 0.046 0.046 0.045 0.043 0.040 0.034 0.027 0.022 0.019 0.017 0.015 0.014 0.013 0.013 0.015 0.024 0.048 0.105 0.222 0.431 0.751 1.086 1.327 1.455 1.492 1.499 1.511 1.545 1.620 1.707 1.745 1.750 1.742 1.715 1.658 1.564 1.432 1.262 1.071 0.905 0.768 0.655 0.562 0.486 0.425 0.373 0.329 0.290 0.255
0.000 0.000 0.000 0.000 0.000 0.000 0.000 0.000 0.000 0.000 0.000 0.000 0.000 0.000 0.000 0.000 0.000 0.001 0.003 0.007 0.013 0.021 0.031 0.039 0.045 0.048 0.050 0.051 0.051 0.051 0.050 0.048 0.044 0.038 0.029 0.023 0.019 0.017 0.016 0.016 0.016 0.018 0.025 0.047 0.104 0.229 0.452 0.766 1.085 1.316 1.447 1.494 1.501 1.503 1.511 1.533 1.583 1.653 1.688 1.691 1.680 1.651 1.596 1.507 1.384 1.226 1.046 0.890 0.759 0.650 0.560 0.486 0.427 0.378 0.336 0.300 0.267
0.000 0.000 0.000 0.000 0.000 0.000 0.000 0.000 0.000 0.000 0.000 0.000 0.000 0.000 0.000 0.000 0.000 0.001 0.004 0.008 0.015 0.025 0.035 0.043 0.049 0.053 0.055 0.056 0.056 0.056 0.055 0.052 0.048 0.041 0.031 0.024 0.019 0.017 0.016 0.017 0.018 0.024 0.041 0.091 0.210 0.436 0.743 1.036 1.254 1.395 1.464 1.488 1.494 1.496 1.499 1.505 1.523 1.574 1.614 1.621 1.608 1.576 1.520 1.436 1.321 1.175 1.011 0.865 0.743 0.639 0.554 0.483 0.426 0.378 0.339 0.306 0.276
0.000 0.000 0.000 0.000 0.000 0.000 0.000 0.000 0.000 0.000 0.000 0.000 0.000 0.000 0.000 0.000 0.000 0.001 0.004 0.009 0.017 0.027 0.038 0.047 0.053 0.056 0.058 0.059 0.059 0.059 0.058 0.055 0.050 0.043 0.033 0.025 0.019 0.017 0.016 0.017 0.020 0.032 0.068 0.165 0.369 0.673 0.960 1.166 1.306 1.398 1.446 1.464 1.469 1.471 1.468 1.461 1.456 1.483 1.526 1.537 1.524 1.490 1.432 1.350 1.241 1.108 0.959 0.827 0.715 0.620 0.541 0.475 0.421 0.376 0.340 0.310 0.283
0.000 0.000 0.000 0.000 0.000 0.000 0.000 0.000 0.000 0.000 0.000 0.000 0.000 0.000 0.000 0.000 0.000 0.001 0.004 0.010 0.018 0.030 0.041 0.050 0.056 0.059 0.061 0.062 0.062 0.062 0.060 0.058 0.053 0.045 0.034 0.025 0.019 0.017 0.016 0.017 0.022 0.041 0.099 0.248 0.521 0.837 1.061 1.205 1.305 1.372 1.407 1.421 1.425 1.425 1.419 1.401 1.387 1.397 1.429 1.438 1.426 1.390 1.330 1.248 1.144 1.021 0.891 0.775 0.675 0.591 0.520 0.461 0.412 0.372 0.339 0.311 0.287
0.000 0.000 0.000 0.000 0.000 0.000 0.000 0.000 0.000 0.000 0.000 0.000 0.000 0.000 0.000 0.000 0.000 0.001 0.004 0.010 0.019 0.031 0.044 0.053 0.058 0.062 0.063 0.064 0.064 0.063 0.062 0.059 0.054 0.046 0.035 0.025 0.019 0.016 0.016 0.016 0.022 0.044 0.118 0.304 0.621 0.914 1.091 1.201 1.276 1.323 1.349 1.360 1.362 1.361 1.351 1.330 1.312 1.312 1.325 1.326 1.310 1.272 1.210 1.128 1.029 0.917 0.808 0.711 0.626 0.553 0.492 0.442 0.400 0.366 0.337 0.312 0.290
0.000 0.000 0.000 0.000 0.000 0.000 0.000 0.000 0.000 0.000 0.000 0.000 0.000 0.000 0.000 0.000 0.000 0.001 0.004 0.009 0.018 0.032 0.046 0.055 0.060 0.063 0.065 0.065 0.065 0.065 0.063 0.060 0.055 0.047 0.037 0.026 0.018 0.015 0.014 0.015 0.021 0.045 0.123 0.328 0.668 0.939 1.085 1.169 1.221 1.253 1.272 1.279 1.281 1.279 1.269 1.249 1.229 1.219 1.214 1.204 1.178 1.134 1.071 0.990 0.896 0.798 0.712 0.635 0.568 0.509 0.460 0.419 0.386 0.358 0.333 0.311 0.291
0.000 0.000 0.000 0.000 0.000 0.000 0.000 0.000 0.000 0.000 0.000 0.000 0.000 0.000 0.000 0.000 0.000 0.001 0.003 0.008 0.016 0.030 0.046 0.057 0.062 0.065 0.066 0.066 0.066 0.065 0.064 0.061 0.056 0.048 0.038 0.026 0.018 0.014 0.013 0.014 0.020 0.043 0.121 0.329 0.677 0.935 1.052 1.107 1.141 1.162 1.174 1.180 1.182 1.181 1.174 1.158 1.137 1.117 1.097 1.073 1.036 0.986 0.923 0.846 0.761 0.682 0.613 0.554 0.504 0.460 0.424 0.394 0.369 0.347 0.327 0.308 0.291
0.000 0.000 0.000 0.000 0.000 0.000 0.000 0.000 0.000 0.000 0.000 0.000 0.000 0.000 0.000 0.000 0.000 0.000 0.002 0.005 0.012 0.025 0.044 0.057 0.063 0.065 0.066 0.066 0.066 0.065 0.064 0.061 0.056 0.049 0.039 0.027 0.018 0.013 0.012 0.012 0.017 0.038 0.111 0.310 0.651 0.897 0.990 1.019 1.036 1.047 1.054 1.062 1.067 1.068 1.064 1.053 1.033 1.007 0.977 0.943 0.901 0.851 0.790 0.720 0.646 0.581 0.525 0.479 0.441 0.410 0.386 0.366 0.349 0.334 0.319 0.304 0.290
0.000 0.000 0.000 0.000 0.000 0.000 0.000 0.000 0.000 0.000 0.000 0.000 0.000 0.000 0.000 0.000 0.000 0.000 0.001 0.002 0.006 0.017 0.037 0.055 0.063 0.065 0.066 0.066 0.066 0.065 0.064 0.061 0.056 0.049 0.040 0.029 0.019 0.014 0.011 0.011 0.014 0.030 0.088 0.254 0.558 0.798 0.889 0.906 0.907 0.907 0.910 0.919 0.931 0.940 0.941 0.934 0.918 0.891 0.857 0.819 0.777 0.728 0.673 0.611 0.548 0.494 0.448 0.411 0.382 0.360 0.345 0.335 0.326 0.317 0.308 0.298 0.288
0.000 0.000 0.000 0.000 0.000 0.000 0.000 0.000 0.000 0.000 0.000 0.000 0.000 0.000 0.000 0.000 0.000 0.000 0.000 0.001 0.003 0.009 0.026 0.049 0.062 0.065 0.066 0.066 0.066 0.065 0.063 0.060 0.056 0.050 0.041 0.030 0.021 0.014 0.011 0.010 0.011 0.019 0.053 0.159 0.388 0.624 0.735 0.759 0.754 0.741 0.733 0.736 0.753 0.778 0.796 0.800 0.790 0.768 0.737 0.700 0.660 0.617 0.569 0.516 0.463 0.417 0.378 0.347 0.324 0.309 0.300 0.297 0.296 0.295 0.294 0.290 0.284
0.000 0.000 0.000 0.000 0.000 0.000 0.000 0.000 0.000 0.000 0.000 0.000 0.000 0.000 0.000 0.000 0.000 0.000 0.000 0.000 0.001 0.004 0.015 0.037 0.056 0.064 0.065 0.065 0.065 0.064 0.062 0.060 0.056 0.050 0.042 0.032 0.022 0.016 0.012 0.010 0.011 0.014 0.029 0.080 0.211 0.399 0.521 0.563 0.564 0.546 0.518 0.504 0.512 0.542 0.591 0.633 0.647 0.637 0.614 0.584 0.549 0.512 0.473 0.430 0.386 0.348 0.314 0.287 0.267 0.255 0.249 0.248 0.251 0.258 0.268 0.272 0.272
0.000 0.000 0.000 0.000 0.000 0.000 0.000 0.000 0.000 0.000 0.000 0.000 0.000 0.000 0.000 0.000 0.000 0.000 0.000 0.000 0.001 0.002 0.007 0.022 0.044 0.058 0.062 0.063 0.062 0.062 0.061 0.058 0.055 0.049 0.042 0.033 0.024 0.018 0.013 0.011 0.011 0.012 0.018 0.041 0.105 0.223 0.320 0.363 0.371 0.362 0.334 0.305 0.295 0.306 0.346 0.413 0.470 0.491 0.485 0.467 0.441 0.412 0.381 0.348 0.314 0.282 0.253 0.229 0.211 0.197 0.189 0.185 0.186 0.195 0.213 0.224 0.227
0.000 0.000 0.000 0.000 0.000 0.000 0.000 0.000 0.000 0.000 0.000 0.000 0.000 0.000 0.000 0.000 0.000 0.000 0.000 0.000 0.000 0.001 0.003 0.011 0.028 0.047 0.056 0.059 0.059 0.059 0.058 0.056 0.053 0.048 0.042 0.033 0.025 0.019 0.015 0.012 0.011 0.012 0.014 0.024 0.053 0.117 0.185 0.221 0.231 0.228 0.210 0.180 0.162 0.160 0.177 0.222 0.282 0.323 0.338 0.339 0.329 0.312 0.291 0.269 0.243 0.217 0.193 0.173 0.155 0.139 0.125 0.115 0.111 0.113 0.124 0.132 0.133
0.000 0.000 0.000 0.000 0.000 0.000 0.000 0.000 0.000 0.000 0.000 0.000 0.000 0.000 0.000 0.000 0.000 0.000 0.000 0.000 0.000 0.001 0.001 0.004 0.013 0.031 0.046 0.053 0.055 0.055 0.054 0.053 0.051 0.047 0.041 0.033 0.026 0.020 0.016 0.014 0.012 0.012 0.013 0.017 0.031 0.064 0.106 0.133 0.144 0.144 0.136 0.115 0.096 0.087 0.089 0.107 0.144 0.182 0.202 0.208 0.208 0.204 0.196 0.185 0.168 0.147 0.130 0.115 0.102 0.088 0.074 0.063 0.057 0.054 0.054 0.054 0.052
0.000 0.000 0.000 0.000 0.000 0.000 0.000 0.000 0.000 0.000 0.000 0.000 0.000 0.000 0.000 0.000 0.000 0.000 0.000 0.000 0.000 0.000 0.001 0.002 0.006 0.015 0.030 0.042 0.048 0.049 0.050 0.049 0.047 0.044 0.039 0.033 0.026 0.021 0.017 0.014 0.013 0.012 0.012 0.014 0.022 0.039 0.066 0.085 0.095 0.096 0.093 0.082 0.066 0.055 0.051 0.054 0.067 0.088 0.103 0.110 0.112 0.112 0.110 0.105 0.095 0.083 0.073 0.065 0.058 0.048 0.039 0.031 0.026 0.024 0.022 0.020 0.019
0.000 0.000 0.000 0.000 0.000 0.000 0.000 0.000 0.000 0.000 0.000 0.000 0.000 0.000 0.000 0.000 0.000 0.000 0.000 0.000 0.000 0.000 0.000 0.001 0.002 0.006 0.015 0.027 0.037 0.042 0.044 0.044 0.043 0.041 0.037 0.032 0.025 0.020 0.017 0.014 0.013 0.012 0.012 0.013 0.017 0.028 0.045 0.060 0.067 0.069 0.068 0.062 0.051 0.040 0.034 0.033 0.035 0.041 0.047 0.050 0.052 0.052 0.051 0.049 0.045 0.039 0.035 0.031 0.027 0.023 0.018 0.014 0.012 0.010 0.009 0.008 0.007
0.000 0.000 0.000 0.000 0.000 0.000 0.000 0.000 0.000 0.000 0.000 0.000 0.000 0.000 0.000 0.000 0.000 0.000 0.000 0.000 0.000 0.000 0.000 0.001 0.001 0.002 0.006 0.013 0.022 0.031 0.036 0.038 0.037 0.036 0.033 0.029 0.024 0.020 0.017 0.014 0.013 0.012 0.012 0.012 0.015 0.021 0.033 0.044 0.049 0.050 0.050 0.047 0.041 0.032 0.026 0.023 0.022 0.022 0.023 0.023 0.023 0.023 0.022 0.021 0.019 0.017 0.015 0.014 0.012 0.010 0.008 0.007 0.006 0.005 0.004 0.004 0.003
0.000 0.000 0.000 0.000 0.000 0.000 0.000 0.000 0.000 0.000 0.000 0.000 0.000 0.000 0.000 0.000 0.000 0.000 0.000 0.000 0.000 0.000 0.000 0.000 0.001 0.001 0.002 0.005 0.010 0.018 0.026 0.030 0.031 0.030 0.029 0.026 0.022 0.019 0.016 0.014 0.012 0.012 0.011 0.011 0.012 0.016 0.023 0.031 0.036 0.037 0.037 0.035 0.031 0.025 0.020 0.017 0.015 0.014 0.013 0.012 0.012 0.011 0.011 0.010 0.009 0.008 0.007 0.006 0.006 0.005 0.004 0.003 0.003 0.003 0.002 0.002 0.002
0.000 0.000 0.000 0.000 0.000 0.000 0.000 0.000 0.000 0.000 0.000 0.000 0.000 0.000 0.000 0.000 0.000 0.000 0.000 0.000 0.000 0.000 0.000 0.000 0.000 0.001 0.001 0.002 0.004 0.008 0.015 0.020 0.023 0.024 0.023 0.022 0.019 0.017 0.015 0.013 0.011 0.010 0.010 0.010 0.010 0.012 0.016 0.021 0.025 0.026 0.026 0.025 0.023 0.019 0.015 0.012 0.011 0.009 0.008 0.008 0.007 0.006 0.006 0.005 0.005 0.004 0.004 0.003 0.003 0.003 0.002 0.002 0.002 0.002 0.001 0.001 0.001
0.000 0.000 0.000 0.000 0.000 0.000 0.000 0.000 0.000 0.000 0.000 0.000 0.000 0.000 0.000 0.000 0.000 0.000 0.000 0.000 0.000 0.001 0.001 0.000 0.000 0.001 0.001 0.001 0.001 0.003 0.007 0.011 0.015 0.016 0.017 0.016 0.015 0.014 0.013 0.011 0.010 0.008 0.008 0.007 0.007 0.008 0.010 0.013 0.016 0.017 0.018 0.017 0.016 0.014 0.011 0.009 0.007 0.006 0.005 0.005 0.004 0.004 0.004 0.003 0.003 0.003 0.002 0.002 0.002 0.002 0.001 0.001 0.001 0.001 0.001 0.001 0.001
0.000 0.000 0.000 0.000 0.000 0.000 0.000 0.000 0.000 0.000 0.000 0.000 0.000 0.000 0.000 0.000 0.000 0.000 0.000 0.000 0.001 0.001 0.001 0.001 0.001 0.001 0.001 0.001 0.001 0.001 0.002 0.005 0.008 0.010 0.011 0.011 0.011 0.010 0.010 0.009 0.007 0.006 0.005 0.004 0.004 0.004 0.005 0.007 0.009 0.010 0.011 0.011 0.010 0.009 0.007 0.006 0.005 0.004 0.004 0.003 0.003 0.003 0.002 0.002 0.002 0.002 0.002 0.001 0.001 0.001 0.001 0.001 0.001 0.001 0.001 0.001 0.001
0.000 0.000 0.000 0.000 0.000 0.000 0.000 0.000 0.000 0.000 0.000 0.000 0.000 0.000 0.000 0.000 0.000 0.000 0.000 0.000 0.001 0.001 0.001 0.001 0.001 0.001 0.001 0.001 0.001 0.001 0.001 0.002 0.004 0.005 0.006 0.006 0.006 0.006 0.006 0.006 0.005 0.004 0.003 0.002 0.002 0.002 0.002 0.003 0.004 0.005 0.006 0.006 0.006 0.005 0.004 0.003 0.003 0.003 0.002 0.002 0.002 0.002 0.002 0.001 0.001 0.001 0.001 0.001 0.001 0.001 0.001 0.001 0.001 0.001 0.001 0.001 0.001
0.000 0.000 0.000 0.000 0.000 0.000 0.000 0.000 0.000 0.000 0.000 0.000 0.000 0.000 0.000 0.000 0.000 0.000 0.000 0.001 0.001 0.001 0.001 0.001 0.001 0.001 0.001 0.001 0.001 0.001 0.001 0.001 0.001 0.002 0.003 0.003 0.003 0.003 0.003 0.003 0.003 0.002 0.001 0.001 0.001 0.001 0.001 0.001 0.002 0.002 0.002 0.002 0.002 0.002 0.002 0.002 0.002 0.002 0.001 0.001 0.001 0.001 0.001 0.001 0.001 0.001 0.001 0.001 0.001 0.001 0.001 0.001 0.001 0.001 0.001 0.001 0.001
0.000 0.000 0.000 0.000 0.000 0.000 0.000 0.000 0.000 0.000 0.000 0.000 0.000 0.000 0.000 0.000 0.000 0.001 0.001 0.001 0.001 0.001 0.001 0.001 0.001 0.001 0.001 0.001 0.001 0.001 0.001 0.001 0.001 0.001 0.001 0.001 0.001 0.001 0.001 0.001 0.001 0.001 0.001 0.001 0.001 0.001 0.001 0.001 0.001 0.001 0.001 0.001 0.001 0.001 0.001 0.001 0.001 0.001 0.001 0.001 0.001 0.001 0.001 0.001 0.001 0.001 0.001 0.001 0.001 0.001 0.001 0.001 0.001 0.001 0.001 0.001 0.001
0.000 0.000 0.000 0.000 0.000 0.000 0.000 0.000 0.000 0.000 0.000 0.000 0.000 0.000 0.000 0.000 0.000 0.001 0.001 0.001 0.001 0.001 0.001 0.001 0.001 0.001 0.001 0.001 0.001 0.001 0.001 0.001 0.001 0.001 0.001 0.001 0.001 0.001 0.001 0.001 0.001 0.001 0.001 0.001 0.001 0.001 0.001 0.001 0.001 0.001 0.001 0.001 0.001 0.001 0.000 0.001 0.001 0.001 0.001 0.001 0.001 0.001 0.001 0.001 0.001 0.001 0.001 0.001 0.001 0.001 0.001 0.001 0.001 0.000 0.000 0.000 0.000
0.000 0.000 0.000 0.000 0.001 0.000 0.000 0.000 0.000 0.000 0.000 0.000 0.000 0.000 0.000 0.000 0.000 0.001 0.001 0.001 0.001 0.001 0.001 0.001 0.001 0.001 0.001 0.001 0.001 0.001 0.001 0.001 0.001 0.001 0.001 0.001 0.001 0.001 0.001 0.001 0.001 0.001 0.001 0.001 0.001 0.001 0.000 0.000 0.000 0.000 0.000 0.000 0.000 0.000 0.000 0.000 0.000 0.000 0.001 0.001 0.001 0.001 0.001 0.001 0.001 0.001 0.001 0.001 0.001 0.001 0.001 0.001 0.000 0.000 0.000 0.000 0.000
0.000 0.000 0.000 0.000 0.000 0.000 0.000 0.000 0.000 0.000 0.000 0.000 0.000 0.000 0.000 0.000 0.001 0.001 0.001 0.001 0.001 0.001 0.001 0.001 0.001 0.001 0.001 0.001 0.001 0.001 0.001 0.001 0.001 0.001 0.001 0.000 0.001 0.001 0.001 0.001 0.001 0.001 0.001 0.001 0.001 0.001 0.000 0.000 0.000 0.000 0.000 0.000 0.000 0.000 0.000 0.000 0.000 0.000 0.001 0.001 0.001 0.001 0.001 0.001 0.001 0.001 0.001 0.001 0.001 0.001 0.001 0.001 0.000 0.000 0.000 0.000 0.000
0.000 0.000 0.000 0.000 0.000 0.000 0.000 0.000 0.000 0.000 0.000 0.000 0.000 0.000 0.000 0.000 0.001 0.001 0.001 0.001 0.001 0.001 0.001 0.001 0.001 0.001 0.001 0.001 0.001 0.001 0.001 0.001 0.001 0.001 0.000 0.000 0.000 0.000 0.001 0.001 0.001 0.001 0.001 0.001 0.001 0.001 0.001 0.000 0.000 0.000 0.000 0.000 0.000 0.000 0.000 0.000 0.000 0.000 0.000 0.001 0.001 0.001 0.001 0.001 0.001 0.001 0.001 0.001 0.001 0.001 0.001 0.001 0.001 0.000 0.000 0.000 0.000
0.000 0.000 0.000 0.000 0.000 0.000 0.000 0.000 0.000 0.000 0.000 0.000 0.000 0.000 0.000 0.001 0.001 0.001 0.001 0.001 0.001 0.001 0.001 0.001 0.001 0.001 0.001 0.001 0.001 0.001 0.001 0.001 0.001 0.001 0.001 0.000 0.000 0.000 0.000 0.001 0.001 0.001 0.001 0.001 0.001 0.001 0.001 0.001 0.000 0.000 0.000 0.000 0.000 0.000 0.000 0.000 0.000 0.000 0.000 0.000 0.001 0.001 0.001 0.001 0.001 0.001 0.001 0.001 0.001 0.001 0.001 0.000 0.000 0.000 0.000 0.000 0.000
