RESULTS/r.avaflow_results/21_results/21_ascii/21_hflow_max0054.asc
ncols 506
nrows 317
xllcenter 498237.50
yllcenter 5580050.00
cellsize 12.50
NODATA_value -9999.000
[rows 170 to 203 of 317, columns 154 to 230 of 506]
12.927 12.722 12.487 12.212 11.876 11.507 11.264 11.089 10.918 10.708 10.474 10.216 9.896 9.481 8.908 8.143 7.239 6.203 5.125 4.078 3.141 2.350 1.718 1.262 0.956 0.769 0.671 0.646 0.658 0.712 0.767 0.801 0.817 0.824 0.827 0.825 0.824 0.827 0.825 0.821 0.807 0.782 0.762 0.744 0.719 0.680 0.622 0.547 0.464 0.382 0.305 0.241 0.193 0.162 0.143 0.132 0.126 0.123 0.122 0.123 0.124 0.125 0.125 0.125 0.124 0.123 0.123 0.144 0.214 0.323 0.409 0.452 0.463 0.445 0.391 0.302 0.207
16.813 16.896 16.789 16.541 16.151 15.660 15.151 14.806 14.472 14.115 13.738 13.394 13.091 12.731 12.199 11.381 10.285 8.999 7.634 6.267 4.961 3.814 2.851 2.116 1.596 1.248 1.036 0.937 0.901 0.894 0.891 0.884 0.876 0.864 0.850 0.840 0.828 0.823 0.820 0.810 0.786 0.750 0.716 0.683 0.643 0.582 0.493 0.381 0.276 0.202 0.154 0.123 0.103 0.091 0.086 0.083 0.083 0.083 0.084 0.086 0.086 0.086 0.086 0.085 0.083 0.083 0.088 0.106 0.154 0.246 0.353 0.415 0.439 0.440 0.419 0.367 0.282
20.104 20.432 20.430 20.220 19.817 19.303 18.761 18.233 17.732 17.316 16.842 16.416 16.134 15.818 15.328 14.553 13.460 12.098 10.572 8.985 7.411 5.941 4.594 3.484 2.630 2.003 1.576 1.310 1.134 1.010 0.937 0.906 0.885 0.870 0.851 0.828 0.803 0.781 0.760 0.731 0.685 0.628 0.570 0.511 0.446 0.367 0.272 0.187 0.132 0.099 0.079 0.066 0.059 0.055 0.054 0.054 0.056 0.058 0.060 0.062 0.062 0.062 0.061 0.060 0.060 0.061 0.066 0.079 0.110 0.172 0.276 0.374 0.423 0.436 0.434 0.412 0.358
22.363 22.922 23.067 22.930 22.628 22.222 21.798 21.386 20.952 20.453 19.915 19.393 19.053 18.705 18.209 17.445 16.370 15.033 13.509 11.939 10.365 8.692 6.976 5.387 4.070 3.035 2.264 1.711 1.367 1.134 0.984 0.904 0.862 0.830 0.797 0.755 0.708 0.661 0.613 0.552 0.475 0.397 0.326 0.267 0.217 0.169 0.122 0.088 0.066 0.052 0.044 0.039 0.036 0.035 0.035 0.037 0.039 0.043 0.046 0.047 0.047 0.046 0.046 0.045 0.046 0.047 0.051 0.060 0.079 0.117 0.192 0.305 0.394 0.429 0.436 0.430 0.403
23.295 24.044 24.447 24.588 24.515 24.332 24.109 23.847 23.501 23.046 22.491 21.904 21.469 21.092 20.609 19.882 18.852 17.556 16.049 14.532 12.890 11.093 9.110 7.196 5.477 4.068 2.976 2.174 1.609 1.230 0.994 0.865 0.785 0.723 0.662 0.595 0.521 0.445 0.377 0.311 0.250 0.195 0.155 0.124 0.099 0.077 0.059 0.045 0.037 0.031 0.028 0.025 0.024 0.024 0.024 0.026 0.029 0.032 0.035 0.035 0.035 0.035 0.035 0.035 0.036 0.037 0.040 0.046 0.058 0.082 0.128 0.218 0.334 0.403 0.428 0.430 0.416
23.248 24.164 24.784 25.181 25.441 25.585 25.584 25.448 25.163 24.709 24.145 23.532 23.051 22.646 22.187 21.531 20.600 19.382 18.019 16.467 14.745 12.950 10.960 8.744 6.599 4.826 3.447 2.440 1.737 1.268 0.973 0.788 0.660 0.552 0.451 0.362 0.290 0.235 0.194 0.160 0.125 0.097 0.077 0.062 0.050 0.040 0.033 0.027 0.023 0.021 0.019 0.018 0.017 0.017 0.018 0.019 0.022 0.024 0.026 0.028 0.028 0.029 0.030 0.030 0.031 0.033 0.035 0.037 0.044 0.060 0.090 0.147 0.251 0.348 0.400 0.415 0.412
22.647 23.739 24.571 25.168 25.623 25.932 26.053 26.028 25.841 25.421 24.853 24.244 23.661 23.255 22.853 22.325 21.574 20.552 19.434 18.013 16.276 14.277 12.011 9.529 7.119 5.140 3.616 2.516 1.762 1.256 0.916 0.678 0.499 0.354 0.250 0.185 0.145 0.119 0.099 0.084 0.066 0.052 0.042 0.034 0.029 0.024 0.021 0.018 0.016 0.015 0.013 0.013 0.013 0.013 0.013 0.014 0.016 0.018 0.020 0.022 0.023 0.024 0.025 0.027 0.028 0.029 0.031 0.034 0.037 0.047 0.066 0.104 0.172 0.268 0.345 0.381 0.390
21.578 22.837 23.904 24.742 25.362 25.744 25.980 26.015 25.962 25.684 25.092 24.411 23.817 23.444 23.076 22.563 21.840 20.995 20.036 18.659 16.867 14.748 12.325 9.673 7.180 5.139 3.577 2.459 1.691 1.162 0.790 0.520 0.325 0.200 0.131 0.094 0.074 0.062 0.054 0.046 0.038 0.031 0.026 0.022 0.019 0.016 0.014 0.013 0.011 0.010 0.010 0.009 0.009 0.009 0.010 0.011 0.012 0.014 0.015 0.017 0.019 0.020 0.022 0.023 0.025 0.026 0.028 0.031 0.034 0.039 0.052 0.076 0.119 0.187 0.267 0.325 0.353
20.335 21.657 22.850 23.893 24.699 25.237 25.491 25.540 25.472 25.235 24.716 24.025 23.374 22.993 22.599 22.068 21.356 20.555 19.673 18.354 16.571 14.409 11.911 9.283 6.808 4.790 3.254 2.165 1.426 0.920 0.563 0.322 0.180 0.106 0.069 0.051 0.041 0.035 0.031 0.027 0.023 0.020 0.017 0.015 0.013 0.011 0.010 0.009 0.008 0.007 0.007 0.006 0.006 0.007 0.007 0.008 0.009 0.010 0.012 0.013 0.015 0.017 0.018 0.020 0.022 0.024 0.026 0.028 0.031 0.035 0.043 0.059 0.087 0.131 0.192 0.256 0.301
19.016 20.378 21.618 22.671 23.503 24.070 24.348 24.391 24.261 23.953 23.555 23.054 22.459 21.854 21.270 20.622 19.962 19.234 18.265 16.948 15.174 13.020 10.597 8.046 5.751 3.905 2.517 1.543 0.916 0.526 0.290 0.160 0.091 0.056 0.039 0.030 0.025 0.022 0.020 0.018 0.016 0.014 0.012 0.011 0.009 0.008 0.007 0.006 0.005 0.005 0.004 0.004 0.004 0.004 0.005 0.005 0.006 0.007 0.008 0.010 0.011 0.013 0.015 0.017 0.019 0.021 0.023 0.025 0.028 0.032 0.038 0.048 0.068 0.097 0.139 0.191 0.242
17.658 18.927 20.059 21.057 21.870 22.464 22.805 22.865 22.621 22.143 21.861 21.566 21.101 20.373 19.473 18.734 18.064 17.295 16.272 14.837 12.928 10.641 8.170 5.868 3.947 2.474 1.428 0.768 0.410 0.223 0.125 0.074 0.047 0.032 0.024 0.019 0.017 0.015 0.014 0.012 0.011 0.010 0.008 0.007 0.006 0.005 0.005 0.004 0.003 0.003 0.002 0.002 0.002 0.002 0.003 0.003 0.004 0.005 0.006 0.007 0.009 0.010 0.012 0.014 0.016 0.018 0.020 0.023 0.026 0.030 0.035 0.042 0.055 0.076 0.105 0.143 0.187
15.915 17.039 18.114 19.122 20.030 20.798 21.310 21.438 21.223 20.743 20.457 20.221 19.743 18.855 17.787 16.855 16.046 15.089 13.784 11.989 9.661 7.119 4.863 3.182 1.984 1.150 0.609 0.302 0.157 0.089 0.056 0.037 0.027 0.020 0.016 0.014 0.012 0.011 0.010 0.009 0.008 0.007 0.006 0.005 0.004 0.003 0.003 0.002 0.002 0.001 0.001 0.001 0.001 0.001 0.001 0.002 0.002 0.003 0.004 0.005 0.006 0.008 0.009 0.011 0.013 0.015 0.018 0.020 0.024 0.028 0.033 0.040 0.048 0.063 0.084 0.113 0.150
13.763 14.790 15.856 17.006 18.134 19.112 19.805 20.046 19.877 19.606 19.272 18.845 18.157 17.142 15.987 15.082 14.186 12.871 10.925 8.335 5.733 3.629 2.208 1.313 0.757 0.415 0.214 0.109 0.063 0.041 0.029 0.022 0.017 0.014 0.012 0.010 0.009 0.008 0.007 0.006 0.005 0.004 0.004 0.003 0.002 0.002 0.001 0.001 0.001 0.000 0.000 0.000 0.000 0.000 0.000 0.001 0.001 0.002 0.002 0.003 0.004 0.005 0.007 0.009 0.010 0.013 0.015 0.018 0.022 0.026 0.032 0.038 0.047 0.056 0.071 0.093 0.122
11.353 12.395 13.430 14.562 15.758 16.806 17.661 18.168 18.216 17.963 17.390 16.547 15.519 14.387 13.370 12.473 11.271 9.458 6.850 4.365 2.563 1.405 0.746 0.409 0.231 0.132 0.075 0.045 0.031 0.023 0.018 0.015 0.012 0.010 0.008 0.007 0.006 0.005 0.005 0.004 0.003 0.003 0.002 0.001 0.001 0.001 0.000 0.000 0.000 0.000 0.000 0.000 0.000 0.000 0.000 0.000 0.000 0.001 0.001 0.002 0.003 0.004 0.005 0.006 0.008 0.010 0.013 0.016 0.020 0.024 0.030 0.037 0.046 0.054 0.063 0.078 0.101
8.716 9.672 10.518 11.383 12.559 13.683 14.561 15.025 15.089 14.810 14.028 12.787 11.314 10.103 9.146 8.010 6.539 4.674 2.934 1.695 0.897 0.449 0.229 0.126 0.075 0.049 0.033 0.024 0.019 0.015 0.012 0.010 0.009 0.007 0.006 0.005 0.004 0.003 0.003 0.002 0.002 0.001 0.001 0.001 0.000 0.000 0.000 0.000 0.000 0.000 0.000 0.000 0.000 0.000 0.000 0.000 0.000 0.000 0.000 0.001 0.002 0.002 0.003 0.005 0.006 0.008 0.011 0.014 0.018 0.022 0.028 0.036 0.044 0.052 0.060 0.069 0.085
6.513 7.163 7.670 8.093 8.543 9.040 9.515 9.779 9.792 9.541 8.772 7.579 6.328 5.291 4.450 3.617 2.729 1.776 1.009 0.518 0.257 0.135 0.078 0.049 0.033 0.025 0.019 0.016 0.013 0.011 0.009 0.008 0.006 0.005 0.004 0.003 0.003 0.002 0.001 0.001 0.001 0.000 0.000 0.000 0.000 0.000 0.000 0.000 0.000 0.000 0.000 0.000 0.000 0.000 0.000 0.000 0.000 0.000 0.000 0.000 0.001 0.001 0.002 0.003 0.005 0.006 0.009 0.012 0.016 0.020 0.026 0.033 0.041 0.050 0.059 0.067 0.077
4.112 4.316 4.379 4.367 4.329 4.324 4.378 4.405 4.381 4.256 3.932 3.420 2.758 2.189 1.704 1.281 0.876 0.517 0.275 0.143 0.080 0.049 0.033 0.024 0.020 0.016 0.014 0.011 0.010 0.008 0.007 0.005 0.004 0.003 0.003 0.002 0.001 0.001 0.001 0.000 0.000 0.000 0.000 0.000 0.000 0.000 0.000 0.000 0.000 0.000 0.000 0.000 0.000 0.000 0.000 0.000 0.000 0.000 0.000 0.000 0.000 0.001 0.001 0.002 0.003 0.005 0.007 0.010 0.013 0.018 0.023 0.030 0.038 0.047 0.056 0.067 0.078
2.036 2.020 1.973 1.893 1.771 1.663 1.595 1.539 1.511 1.474 1.366 1.160 0.952 0.697 0.508 0.362 0.238 0.143 0.082 0.049 0.033 0.024 0.019 0.017 0.015 0.013 0.011 0.009 0.008 0.006 0.005 0.004 0.003 0.002 0.001 0.001 0.000 0.000 0.000 0.000 0.000 0.000 0.000 0.000 0.000 0.000 0.000 0.000 0.000 0.000 0.000 0.000 0.000 0.000 0.000 0.000 0.000 0.000 0.000 0.000 0.000 0.000 0.000 0.001 0.002 0.003 0.005 0.008 0.011 0.015 0.020 0.026 0.034 0.043 0.053 0.066 0.079
0.919 0.849 0.791 0.737 0.673 0.601 0.554 0.519 0.482 0.444 0.402 0.361 0.294 0.211 0.151 0.107 0.074 0.049 0.033 0.023 0.019 0.017 0.015 0.013 0.012 0.011 0.009 0.008 0.007 0.005 0.004 0.003 0.002 0.001 0.001 0.000 0.000 0.000 0.000 0.000 0.000 0.000 0.000 0.000 0.000 0.000 0.000 0.000 0.000 0.000 0.000 0.000 0.000 0.000 0.000 0.000 0.000 0.000 0.000 0.000 0.000 0.000 0.000 0.000 0.001 0.002 0.004 0.006 0.008 0.012 0.016 0.022 0.029 0.038 0.049 0.063 0.079
0.498 0.431 0.377 0.338 0.301 0.270 0.242 0.211 0.182 0.157 0.138 0.124 0.102 0.075 0.055 0.041 0.030 0.023 0.019 0.017 0.015 0.014 0.013 0.012 0.011 0.009 0.008 0.007 0.005 0.004 0.003 0.002 0.001 0.000 0.000 0.000 0.000 0.000 0.000 0.000 0.000 0.000 0.000 0.000 0.000 0.000 0.000 0.000 0.000 0.000 0.000 0.000 0.000 0.000 0.000 0.000 0.000 0.000 0.000 0.000 0.000 0.000 0.000 0.000 0.001 0.001 0.002 0.004 0.006 0.009 0.012 0.017 0.023 0.031 0.043 0.057 0.074
0.369 0.296 0.242 0.204 0.176 0.155 0.135 0.114 0.093 0.077 0.065 0.056 0.048 0.037 0.028 0.022 0.019 0.017 0.015 0.014 0.013 0.012 0.011 0.010 0.009 0.008 0.007 0.006 0.005 0.003 0.002 0.001 0.000 0.000 0.000 0.000 0.000 0.000 0.000 0.000 0.000 0.000 0.000 0.000 0.000 0.000 0.000 0.000 0.000 0.000 0.000 0.000 0.000 0.000 0.000 0.000 0.000 0.000 0.000 0.000 0.000 0.000 0.000 0.000 0.000 0.001 0.001 0.003 0.004 0.006 0.009 0.013 0.017 0.024 0.033 0.046 0.061
0.313 0.243 0.193 0.158 0.133 0.114 0.096 0.079 0.064 0.053 0.045 0.041 0.036 0.030 0.023 0.019 0.016 0.014 0.013 0.012 0.012 0.011 0.010 0.010 0.009 0.008 0.007 0.005 0.004 0.003 0.001 0.001 0.000 0.000 0.000 0.000 0.000 0.000 0.000 0.000 0.000 0.000 0.000 0.000 0.000 0.000 0.000 0.000 0.000 0.000 0.000 0.000 0.000 0.000 0.000 0.000 0.000 0.000 0.000 0.000 0.000 0.000 0.000 0.000 0.000 0.000 0.001 0.002 0.003 0.004 0.007 0.009 0.013 0.017 0.024 0.033 0.046
0.278 0.215 0.170 0.140 0.117 0.097 0.079 0.063 0.050 0.042 0.037 0.034 0.031 0.027 0.022 0.017 0.015 0.013 0.012 0.012 0.011 0.011 0.010 0.009 0.009 0.007 0.006 0.005 0.004 0.002 0.001 0.000 0.000 0.000 0.000 0.000 0.000 0.000 0.000 0.000 0.000 0.000 0.000 0.000 0.000 0.000 0.000 0.000 0.000 0.000 0.000 0.000 0.000 0.000 0.000 0.000 0.000 0.000 0.000 0.000 0.000 0.000 0.000 0.000 0.000 0.000 0.000 0.001 0.002 0.003 0.004 0.007 0.009 0.013 0.017 0.023 0.031
0.253 0.198 0.159 0.131 0.108 0.088 0.069 0.054 0.043 0.037 0.033 0.030 0.028 0.025 0.021 0.017 0.014 0.012 0.011 0.011 0.011 0.011 0.011 0.010 0.009 0.008 0.007 0.005 0.004 0.002 0.001 0.000 0.000 0.000 0.000 0.000 0.000 0.000 0.000 0.000 0.000 0.000 0.000 0.000 0.000 0.000 0.000 0.000 0.000 0.000 0.000 0.000 0.000 0.000 0.000 0.000 0.000 0.000 0.000 0.000 0.000 0.000 0.000 0.000 0.000 0.000 0.000 0.000 0.001 0.002 0.003 0.004 0.006 0.009 0.012 0.016 0.021
0.239 0.190 0.155 0.127 0.104 0.082 0.063 0.049 0.040 0.035 0.031 0.028 0.026 0.023 0.020 0.017 0.014 0.012 0.012 0.012 0.013 0.012 0.012 0.012 0.011 0.009 0.008 0.006 0.004 0.002 0.001 0.000 0.000 0.000 0.000 0.000 0.000 0.000 0.000 0.000 0.000 0.000 0.000 0.000 0.000 0.000 0.000 0.000 0.000 0.000 0.000 0.000 0.000 0.000 0.000 0.000 0.000 0.000 0.000 0.000 0.000 0.000 0.000 0.000 0.000 0.000 0.000 0.000 0.000 0.001 0.002 0.003 0.004 0.006 0.008 0.011 0.015
0.232 0.187 0.152 0.125 0.100 0.079 0.062 0.051 0.043 0.037 0.032 0.028 0.025 0.023 0.020 0.017 0.014 0.013 0.014 0.015 0.016 0.016 0.016 0.015 0.013 0.011 0.009 0.007 0.005 0.003 0.001 0.000 0.000 0.000 0.000 0.000 0.000 0.000 0.000 0.000 0.000 0.000 0.000 0.000 0.000 0.000 0.000 0.000 0.000 0.000 0.000 0.000 0.000 0.000 0.000 0.000 0.000 0.000 0.000 0.000 0.000 0.000 0.000 0.000 0.000 0.000 0.000 0.000 0.000 0.000 0.001 0.002 0.003 0.004 0.006 0.008 0.010
0.226 0.184 0.149 0.120 0.096 0.078 0.065 0.056 0.049 0.042 0.036 0.030 0.026 0.023 0.020 0.017 0.016 0.017 0.019 0.020 0.021 0.021 0.020 0.018 0.016 0.014 0.011 0.008 0.005 0.003 0.001 0.000 0.000 0.000 0.000 0.000 0.000 0.000 0.000 0.000 0.000 0.000 0.000 0.000 0.000 0.000 0.000 0.000 0.000 0.000 0.000 0.000 0.000 0.000 0.000 0.000 0.000 0.000 0.000 0.000 0.000 0.000 0.000 0.000 0.000 0.000 0.000 0.000 0.000 0.000 0.000 0.001 0.001 0.002 0.004 0.005 0.007
0.222 0.179 0.144 0.116 0.095 0.082 0.072 0.063 0.055 0.048 0.041 0.034 0.029 0.024 0.021 0.019 0.022 0.025 0.026 0.026 0.026 0.025 0.023 0.021 0.018 0.015 0.012 0.009 0.005 0.003 0.001 0.000 0.000 0.000 0.000 0.000 0.000 0.000 0.000 0.000 0.000 0.000 0.000 0.000 0.000 0.000 0.000 0.000 0.000 0.000 0.000 0.000 0.000 0.000 0.000 0.000 0.000 0.000 0.000 0.000 0.000 0.000 0.000 0.000 0.000 0.000 0.000 0.000 0.000 0.000 0.000 0.000 0.001 0.001 0.002 0.003 0.004
0.215 0.172 0.140 0.116 0.099 0.087 0.077 0.069 0.062 0.056 0.049 0.042 0.035 0.029 0.025 0.026 0.030 0.033 0.036 0.037 0.036 0.030 0.025 0.023 0.020 0.017 0.013 0.009 0.005 0.003 0.001 0.000 0.000 0.000 0.000 0.000 0.000 0.000 0.000 0.000 0.000 0.000 0.000 0.000 0.000 0.000 0.000 0.000 0.000 0.000 0.000 0.000 0.000 0.000 0.000 0.000 0.000 0.000 0.000 0.000 0.000 0.000 0.000 0.000 0.000 0.000 0.000 0.000 0.000 0.000 0.000 0.000 0.000 0.000 0.001 0.002 0.003
0.206 0.165 0.136 0.116 0.101 0.090 0.080 0.073 0.067 0.062 0.056 0.051 0.046 0.040 0.036 0.033 0.040 0.047 0.052 0.052 0.046 0.038 0.027 0.024 0.021 0.017 0.012 0.009 0.005 0.002 0.001 0.000 0.000 0.000 0.000 0.000 0.000 0.000 0.000 0.000 0.000 0.000 0.000 0.000 0.000 0.000 0.000 0.000 0.000 0.000 0.000 0.000 0.000 0.000 0.000 0.000 0.000 0.000 0.000 0.000 0.000 0.000 0.000 0.000 0.000 0.000 0.000 0.000 0.000 0.000 0.000 0.000 0.000 0.000 0.000 0.001 0.001
0.195 0.155 0.128 0.111 0.099 0.089 0.080 0.074 0.069 0.065 0.060 0.056 0.052 0.049 0.046 0.045 0.056 0.063 0.063 0.059 0.053 0.042 0.028 0.023 0.020 0.016 0.012 0.008 0.005 0.002 0.001 0.000 0.000 0.000 0.000 0.000 0.000 0.000 0.000 0.000 0.000 0.000 0.000 0.000 0.000 0.000 0.000 0.000 0.000 0.000 0.000 0.000 0.000 0.000 0.000 0.000 0.000 0.000 0.000 0.000 0.000 0.000 0.000 0.000 0.000 0.000 0.000 0.000 0.000 0.000 0.000 0.000 0.000 0.000 0.000 0.000 0.000
0.168 0.131 0.108 0.094 0.086 0.080 0.075 0.071 0.067 0.064 0.060 0.057 0.054 0.053 0.053 0.054 0.064 0.067 0.066 0.063 0.055 0.042 0.028 0.023 0.019 0.015 0.012 0.008 0.005 0.002 0.001 0.000 0.000 0.000 0.000 0.000 0.000 0.000 0.000 0.000 0.000 0.000 0.000 0.000 0.000 0.000 0.000 0.000 0.000 0.000 0.000 0.000 0.000 0.000 0.000 0.000 0.000 0.000 0.000 0.000 0.000 0.000 0.000 0.000 0.000 0.000 0.000 0.000 0.000 0.000 0.000 0.000 0.000 0.000 0.000 0.000 0.000
0.113 0.084 0.068 0.059 0.056 0.056 0.057 0.058 0.059 0.059 0.058 0.056 0.055 0.055 0.056 0.057 0.064 0.066 0.067 0.063 0.054 0.040 0.028 0.021 0.018 0.014 0.011 0.007 0.004 0.002 0.001 0.000 0.000 0.000 0.000 0.000 0.000 0.000 0.000 0.000 0.000 0.000 0.000 0.000 0.000 0.000 0.000 0.000 0.000 0.000 0.000 0.000 0.000 0.000 0.000 0.000 0.000 0.000 0.000 0.000 0.000 0.000 0.000 0.000 0.000 0.000 0.000 0.000 0.000 0.000 0.000 0.000 0.000 0.000 0.000 0.000 0.000
0.053 0.036 0.028 0.025 0.024 0.027 0.031 0.038 0.045 0.050 0.052 0.053 0.053 0.054 0.055 0.056 0.059 0.064 0.063 0.058 0.049 0.036 0.026 0.019 0.016 0.013 0.009 0.006 0.004 0.002 0.001 0.000 0.000 0.000 0.000 0.000 0.000 0.000 0.000 0.000 0.000 0.000 0.000 0.000 0.000 0.000 0.000 0.000 0.000 0.000 0.000 0.000 0.000 0.000 0.000 0.000 0.000 0.000 0.000 0.000 0.000 0.000 0.000 0.000 0.000 0.000 0.000 0.000 0.000 0.000 0.000 0.000 0.000 0.000 0.000 0.000 0.000
