RESULTS/r.avaflow_results/21_results/21_ascii/21_r3max.asc
ncols 506
nrows 317
xllcenter 498237.50
yllcenter 5580050.00
cellsize 12.50
NODATA_value -9999.000
[rows 168 to 195 of 317, columns 126 to 188 of 506]
0.005 0.011 0.023 0.043 0.072 0.128 0.260 0.444 0.586 0.691 0.784 0.852 0.912 0.948 0.969 0.980 0.987 0.991 0.993 0.995 0.996 1.000 1.000 0.998 0.998 0.998 0.998 0.998 0.998 0.998 0.998 0.999 0.999 0.999 0.999 0.999 1.000 1.000 1.000 0.999 0.999 1.000 1.000 1.000 1.000 1.000 1.000 1.000 1.000 1.000 1.000 1.000 1.000 1.000 1.000 1.000 1.000 1.000 1.000 1.000 1.000 1.000 1.000
0.005 0.010 0.023 0.043 0.077 0.190 0.390 0.522 0.631 0.714 0.806 0.868 0.918 0.947 0.970 0.977 0.983 0.989 0.992 0.994 0.995 0.996 0.997 0.997 0.997 0.997 0.998 0.998 0.998 0.998 0.998 0.999 0.999 0.999 0.999 1.000 1.000 1.000 1.000 1.000 1.000 1.000 1.000 1.000 1.000 1.000 1.000 1.000 1.000 1.000 1.000 1.000 1.000 1.000 1.000 1.000 1.000 1.000 1.000 1.000 1.000 1.000 1.000
0.004 0.010 0.027 0.042 0.073 0.254 0.419 0.555 0.635 0.728 0.814 0.878 0.921 0.932 0.960 0.975 0.983 0.987 0.990 0.993 0.994 0.994 0.995 0.995 0.996 0.997 0.997 0.998 0.998 0.998 0.998 0.999 0.999 0.999 0.999 1.000 1.000 1.000 1.000 1.000 1.000 1.000 1.000 1.000 1.000 1.000 1.000 1.000 1.000 1.000 1.000 1.000 1.000 1.000 1.000 1.000 1.000 1.000 1.000 1.000 1.000 1.000 1.000
0.003 0.011 0.032 0.033 0.071 0.214 0.448 0.534 0.632 0.753 0.833 0.889 0.908 0.937 0.962 0.974 0.981 0.986 0.989 0.990 0.991 0.992 0.993 0.994 0.995 0.996 0.996 0.997 0.998 0.998 0.998 0.998 0.999 0.999 0.999 1.000 1.000 1.000 1.000 1.000 1.000 1.000 1.000 1.000 1.000 1.000 1.000 1.000 0.997 1.000 1.000 1.000 1.000 1.000 1.000 1.000 1.000 1.000 1.000 1.000 1.000 1.000 1.000
0.004 0.012 0.011 0.026 0.069 0.173 0.339 0.474 0.576 0.696 0.795 0.870 0.904 0.940 0.962 0.974 0.980 0.984 0.986 0.987 0.988 0.990 0.991 0.992 0.993 0.994 0.995 0.996 0.997 0.998 0.998 0.998 0.999 0.999 0.999 0.999 0.999 1.000 1.000 1.000 1.000 1.000 1.000 1.000 1.000 1.000 1.000 1.000 0.997 1.000 1.000 1.000 1.000 1.000 1.000 1.000 1.000 1.000 1.000 1.000 1.000 1.000 1.000
0.000 0.002 0.006 0.013 0.039 0.101 0.210 0.389 0.537 0.687 0.809 0.877 0.919 0.948 0.963 0.972 0.978 0.982 0.983 0.985 0.986 0.987 0.988 0.989 0.991 0.992 0.994 0.995 0.996 0.997 0.997 0.998 0.998 0.999 0.999 0.999 1.000 1.000 1.000 1.000 1.000 1.000 1.000 1.000 1.000 1.000 1.000 1.000 1.000 1.000 1.000 1.000 1.000 1.000 1.000 1.000 1.000 1.000 1.000 1.000 1.000 1.000 1.000
0.000 0.001 0.003 0.010 0.028 0.072 0.170 0.330 0.516 0.662 0.817 0.890 0.931 0.951 0.964 0.971 0.975 0.978 0.979 0.980 0.981 0.982 0.983 0.985 0.987 0.989 0.992 0.993 0.995 0.996 0.997 0.997 0.998 0.998 0.999 0.999 0.999 1.000 1.000 1.000 1.000 1.000 1.000 1.000 1.000 1.000 1.000 1.000 1.000 1.000 1.000 1.000 1.000 1.000 1.000 1.000 1.000 1.000 1.000 1.000 1.000 1.000 1.000
0.000 0.000 0.001 0.006 0.021 0.055 0.121 0.310 0.497 0.656 0.835 0.907 0.938 0.953 0.962 0.968 0.971 0.974 0.974 0.991 0.991 0.991 0.992 0.993 0.994 0.995 0.996 0.997 0.998 0.998 0.999 0.996 0.997 0.998 0.998 0.999 0.999 0.999 1.000 1.000 1.000 1.000 1.000 1.000 1.000 1.000 1.000 1.000 1.000 1.000 1.000 1.000 1.000 1.000 1.000 1.000 1.000 1.000 1.000 1.000 1.000 1.000 1.000
0.000 0.000 0.001 0.004 0.012 0.036 0.104 0.264 0.509 0.678 0.861 0.938 0.952 0.959 0.962 0.987 0.987 0.986 0.986 0.985 0.985 0.986 0.989 0.989 0.990 0.992 0.994 0.996 0.997 0.998 0.998 0.999 0.999 0.999 0.999 0.999 1.000 0.999 0.999 1.000 1.000 1.000 1.000 1.000 1.000 1.000 1.000 1.000 1.000 1.000 1.000 1.000 1.000 1.000 1.000 1.000 1.000 1.000 1.000 1.000 1.000 1.000 1.000
0.000 0.000 0.001 0.003 0.011 0.038 0.115 0.289 0.560 0.705 0.944 0.985 0.983 0.981 0.980 0.978 0.978 0.977 0.976 0.982 0.980 0.980 0.980 0.983 0.986 0.989 0.990 0.993 0.995 0.996 0.997 0.998 0.999 0.999 0.999 0.999 0.999 1.000 1.000 1.000 1.000 1.000 1.000 1.000 1.000 1.000 1.000 1.000 1.000 1.000 1.000 1.000 1.000 1.000 1.000 1.000 1.000 1.000 1.000 1.000 1.000 1.000 1.000
0.000 0.000 0.001 0.003 0.013 0.045 0.138 0.356 0.614 0.772 0.980 0.977 0.972 0.969 0.968 0.964 0.963 0.969 0.969 0.968 0.966 0.966 0.969 0.972 0.975 0.977 0.983 0.988 0.992 0.994 0.996 0.997 0.998 0.998 0.999 0.999 0.999 0.999 1.000 1.000 1.000 1.000 1.000 1.000 1.000 1.000 1.000 1.000 1.000 1.000 1.000 1.000 1.000 1.000 1.000 1.000 1.000 1.000 1.000 1.000 1.000 1.000 1.000
0.001 0.001 0.001 0.005 0.016 0.049 0.155 0.387 0.974 0.973 0.968 0.963 0.957 0.954 0.949 0.947 0.946 0.942 0.950 0.949 0.946 0.945 0.948 0.947 0.954 0.963 0.973 0.980 0.986 0.991 0.994 0.995 0.997 0.998 0.998 0.999 0.999 0.999 0.999 0.999 1.000 1.000 1.000 1.000 1.000 1.000 1.000 1.000 1.000 1.000 1.000 1.000 1.000 1.000 1.000 1.000 1.000 1.000 1.000 1.000 0.999 0.999 0.999
0.001 0.001 0.001 0.005 0.019 0.065 0.193 0.960 0.959 0.957 0.949 0.940 0.934 0.928 0.924 0.922 0.921 0.919 0.916 0.923 0.922 0.914 0.916 0.924 0.933 0.945 0.958 0.968 0.977 0.984 0.989 0.992 0.995 0.996 0.997 0.998 0.998 0.999 0.999 0.999 0.999 1.000 1.000 1.000 1.000 1.000 1.000 1.000 1.000 0.998 1.000 1.000 1.000 1.000 1.000 1.000 0.999 0.999 0.999 0.999 0.999 0.999 0.999
0.002 0.002 0.002 0.008 0.030 0.097 0.770 0.940 0.939 0.936 0.926 0.915 0.905 0.896 0.890 0.887 0.885 0.903 0.900 0.897 0.897 0.878 0.886 0.894 0.906 0.920 0.935 0.948 0.963 0.971 0.980 0.986 0.991 0.994 0.996 0.997 0.998 0.998 0.999 0.999 1.000 1.000 1.000 1.000 1.000 1.000 1.000 0.998 0.997 1.000 1.000 0.999 0.999 0.999 0.999 0.999 0.999 0.998 0.998 0.998 0.998 0.998 1.000
0.003 0.005 0.004 0.014 0.050 0.617 0.691 0.903 0.900 0.900 0.890 0.877 0.862 0.853 0.875 0.871 0.869 0.866 0.862 0.853 0.855 0.859 0.860 0.854 0.865 0.888 0.905 0.928 0.943 0.955 0.967 0.978 0.985 0.990 0.993 0.995 0.996 0.997 0.996 0.997 0.998 0.999 0.999 0.999 1.000 1.000 1.000 1.000 1.000 1.000 0.999 0.999 0.999 0.999 0.998 0.998 0.997 0.997 0.997 0.997 1.000 1.000 1.000
0.003 0.006 0.009 0.526 0.310 0.448 0.825 0.829 0.836 0.840 0.836 0.822 0.847 0.829 0.824 0.820 0.816 0.809 0.800 0.798 0.803 0.810 0.825 0.821 0.841 0.855 0.876 0.898 0.918 0.936 0.952 0.968 0.978 0.984 0.989 0.992 0.995 0.992 0.993 0.993 0.994 0.994 0.999 0.999 1.000 1.000 1.000 1.000 1.000 0.999 0.998 0.998 0.997 0.996 0.995 0.994 0.994 0.994 0.994 1.000 1.000 1.000 1.000
0.004 0.007 0.430 0.467 0.513 0.567 0.719 0.716 0.738 0.749 0.761 0.809 0.795 0.772 0.772 0.771 0.766 0.753 0.763 0.749 0.748 0.756 0.773 0.783 0.786 0.805 0.817 0.854 0.886 0.910 0.932 0.952 0.967 0.977 0.984 0.989 0.992 0.989 0.990 0.991 0.996 0.997 0.998 0.999 0.999 1.000 1.000 1.000 1.000 1.000 1.000 0.994 0.991 0.990 0.989 0.989 0.989 0.990 1.000 1.000 1.000 1.000 1.000
0.005 0.008 0.398 0.423 0.451 0.493 0.555 0.576 0.601 0.660 0.683 0.743 0.737 0.752 0.724 0.726 0.721 0.704 0.710 0.678 0.659 0.658 0.671 0.712 0.746 0.742 0.789 0.808 0.831 0.862 0.893 0.920 0.942 0.961 0.971 0.980 0.987 0.986 0.987 0.992 0.994 0.996 0.997 0.998 0.999 0.999 0.999 0.999 1.000 1.000 1.000 1.000 0.980 0.979 0.980 0.982 0.941 0.999 1.000 1.000 1.000 1.000 0.999
0.005 0.009 0.014 0.405 0.429 0.450 0.489 0.404 0.413 0.470 0.612 0.631 0.685 0.664 0.680 0.685 0.683 0.665 0.617 0.563 0.528 0.521 0.533 0.577 0.607 0.631 0.698 0.715 0.731 0.780 0.810 0.847 0.890 0.916 0.939 0.956 0.971 0.981 0.981 0.986 0.990 0.993 0.996 0.997 0.998 0.999 0.998 0.998 0.999 0.999 0.999 1.000 0.955 0.948 0.941 0.935 0.999 0.999 0.999 0.999 1.000 1.000 0.999
0.006 0.010 0.015 0.020 0.423 0.443 0.455 0.217 0.281 0.313 0.425 0.524 0.515 0.561 0.585 0.595 0.596 0.503 0.446 0.391 0.357 0.347 0.358 0.301 0.401 0.488 0.547 0.600 0.639 0.683 0.695 0.749 0.754 0.806 0.969 0.974 0.979 0.983 0.986 0.981 0.986 0.989 0.992 0.994 0.995 0.995 0.995 0.995 0.996 0.998 0.955 0.948 0.942 0.935 0.930 0.925 0.900 0.900 0.917 0.925 0.930 1.000 0.942
0.005 0.010 0.015 0.019 0.024 0.435 0.454 0.114 0.085 0.079 0.180 0.268 0.346 0.391 0.415 0.428 0.339 0.338 0.307 0.180 0.161 0.157 0.002 0.002 0.002 0.002 0.004 0.012 0.042 0.137 0.252 0.342 0.401 0.509 0.597 0.974 0.940 0.950 0.958 0.965 0.970 0.973 0.978 0.982 0.985 0.986 0.987 0.990 0.954 0.948 0.942 0.936 0.931 0.924 0.895 0.894 0.880 0.879 0.900 0.917 0.922 0.929 0.936
0.005 0.009 0.013 0.018 0.023 0.027 0.090 0.058 0.022 0.009 0.010 0.015 0.145 0.174 0.194 0.126 0.138 0.084 0.047 0.018 0.010 0.002 0.002 0.002 0.002 0.002 0.002 0.002 0.002 0.009 0.028 0.073 0.132 0.210 0.282 0.378 0.487 0.907 0.912 0.916 0.918 0.923 0.936 0.950 0.959 0.965 0.954 0.947 0.941 0.936 0.914 0.893 0.894 0.904 0.853 0.844 0.853 0.867 0.874 0.906 0.912 0.920 0.928
0.003 0.007 0.011 0.016 0.020 0.024 0.030 0.017 0.010 0.004 0.003 0.003 0.004 0.004 0.012 0.014 0.016 0.009 0.004 0.004 0.003 0.002 0.002 0.002 0.002 0.002 0.002 0.002 0.002 0.002 0.004 0.011 0.024 0.056 0.111 0.195 0.272 0.366 0.447 0.803 0.798 0.809 0.837 0.873 0.951 0.945 0.941 0.877 0.869 0.856 0.833 0.816 0.804 0.791 0.787 0.799 0.815 0.833 0.845 0.851 0.900 0.910 -nan
0.002 0.005 0.008 0.012 0.016 0.020 0.016 0.009 0.005 0.003 0.003 0.003 0.003 0.003 0.002 0.002 0.003 0.003 0.003 0.003 0.003 0.002 0.002 0.002 0.002 0.002 0.002 0.002 0.002 0.003 0.004 0.005 0.007 0.019 0.046 0.101 0.170 0.228 0.275 0.285 0.414 0.519 0.651 0.942 0.834 0.831 0.821 0.815 0.794 0.768 0.724 0.685 0.747 0.745 0.775 0.732 0.750 0.795 0.807 0.820 0.886 -nan -nan
0.002 0.003 0.005 0.008 0.012 0.016 0.013 0.008 0.005 0.003 0.003 0.003 0.003 0.003 0.003 0.003 0.003 0.002 0.002 0.002 0.002 0.002 0.002 0.002 0.002 0.002 0.002 0.002 0.003 0.003 0.004 0.006 0.006 0.010 0.018 0.045 0.102 0.142 0.172 0.176 0.228 0.263 0.763 0.781 0.778 0.761 0.747 0.708 0.663 0.609 0.551 0.666 0.676 0.746 0.692 0.715 0.663 0.739 0.753 0.766 -nan -nan -9999.000
0.001 0.002 0.003 0.005 0.008 0.011 0.008 0.006 0.004 0.003 0.003 0.002 0.002 0.002 0.003 0.003 0.002 0.002 0.002 0.002 0.002 0.002 0.002 0.002 0.002 0.002 0.002 0.002 0.003 0.003 0.004 0.006 0.008 0.010 0.015 0.027 0.051 0.086 0.090 0.116 0.155 0.725 0.724 0.755 0.715 0.667 0.602 0.531 0.465 0.539 0.562 0.503 0.685 0.650 0.684 0.611 0.547 0.670 0.682 -nan -nan -9999.000 -9999.000
0.001 0.001 0.002 0.003 0.005 0.007 0.004 0.003 0.003 0.002 0.002 0.002 0.002 0.002 0.002 0.002 0.002 0.002 0.002 0.002 0.002 0.002 0.001 0.001 0.002 0.002 0.002 0.002 0.003 0.003 0.004 0.005 0.007 0.010 0.014 0.020 0.034 0.043 0.050 0.076 0.100 0.680 0.688 0.627 0.553 0.473 0.392 0.320 0.390 0.452 0.506 0.442 0.564 0.610 0.565 0.485 0.415 0.371 0.376 -nan -9999.000 -9999.000 -9999.000
0.000 0.001 0.001 0.002 0.003 0.001 0.001 0.001 0.001 0.001 0.001 0.002 0.002 0.002 0.002 0.002 0.002 0.002 0.001 0.001 0.001 0.001 0.001 0.001 0.001 0.001 0.002 0.002 0.002 0.003 0.004 0.005 0.006 0.008 0.012 0.016 0.019 0.024 0.030 0.041 0.059 0.592 0.514 0.422 0.332 0.253 0.321 0.255 0.206 0.399 0.327 0.275 0.514 0.479 0.436 0.365 0.310 0.291 0.294 -nan -9999.000 -9999.000 -9999.000
