RESULTS/r.avaflow_results/31_results/31_ascii/31_hflow0031.asc
ncols 506
nrows 317
xllcenter 498237.50
yllcenter 5580050.00
cellsize 12.50
NODATA_value -9999.000
[rows 170 to 203 of 317, columns 77 to 153 of 506]
0.000 0.000 0.000 0.000 0.000 0.000 0.000 0.000 0.000 0.000 0.000 0.000 0.000 0.000 0.000 0.000 0.000 0.000 0.000 0.000 0.000 0.000 0.000 0.000 0.000 0.000 0.000 0.000 0.000 0.000 0.000 0.000 0.000 0.000 0.000 0.000 0.000 0.000 0.000 0.000 0.000 0.000 0.000 0.000 0.000 0.000 0.001 0.002 0.004 0.008 0.016 0.035 0.098 0.281 0.665 1.230 2.018 3.314 5.368 7.985 10.533 12.616 14.193 15.158 15.486 15.403 15.092 14.660 14.197 13.507 12.466 11.254 10.219 9.502 9.016 8.650 8.369
0.000 0.000 0.000 0.000 0.000 0.000 0.000 0.000 0.000 0.000 0.000 0.000 0.000 0.000 0.000 0.000 0.000 0.000 0.000 0.000 0.000 0.000 0.000 0.000 0.000 0.000 0.000 0.000 0.000 0.000 0.000 0.000 0.000 0.000 0.000 0.000 0.000 0.000 0.000 0.000 0.000 0.000 0.000 0.000 0.000 0.001 0.003 0.005 0.010 0.021 0.046 0.120 0.311 0.724 1.384 2.238 3.374 5.034 7.352 10.062 12.392 14.166 15.348 15.929 15.991 15.761 15.276 14.676 14.054 13.338 12.511 11.819 11.445 11.295 11.270 11.300 11.431
0.000 0.000 0.000 0.000 0.000 0.000 0.000 0.000 0.000 0.000 0.000 0.000 0.000 0.000 0.000 0.000 0.000 0.000 0.000 0.000 0.000 0.000 0.000 0.000 0.000 0.000 0.000 0.000 0.000 0.000 0.000 0.000 0.000 0.000 0.000 0.000 0.000 0.000 0.000 0.000 0.000 0.000 0.000 0.001 0.001 0.004 0.008 0.016 0.032 0.071 0.170 0.383 0.746 1.255 1.885 2.758 4.072 5.953 8.428 11.115 13.287 14.819 15.697 16.037 16.017 15.735 15.222 14.660 14.148 13.682 13.347 13.244 13.283 13.313 13.402 13.737 14.422
0.000 0.000 0.000 0.000 0.000 0.000 0.000 0.000 0.000 0.000 0.000 0.000 0.000 0.000 0.000 0.000 0.000 0.000 0.000 0.000 0.000 0.000 0.000 0.001 0.001 0.001 0.002 0.002 0.002 0.002 0.002 0.002 0.002 0.001 0.001 0.001 0.001 0.000 0.000 0.000 0.000 0.000 0.001 0.002 0.004 0.011 0.026 0.055 0.116 0.247 0.511 0.875 1.258 1.648 2.120 2.889 4.215 6.166 8.717 11.351 13.423 14.841 15.600 15.856 15.812 15.591 15.216 14.929 14.808 14.798 14.794 14.724 14.672 14.673 14.877 15.549 16.764
0.000 0.000 0.000 0.000 0.000 0.000 0.000 0.000 0.000 0.000 0.000 0.000 0.000 0.000 0.000 0.000 0.000 0.000 0.000 0.000 0.000 0.001 0.001 0.003 0.004 0.005 0.005 0.006 0.006 0.006 0.006 0.006 0.005 0.005 0.004 0.003 0.002 0.001 0.001 0.001 0.001 0.001 0.002 0.005 0.014 0.038 0.091 0.187 0.354 0.629 0.972 1.290 1.573 1.844 2.199 2.856 4.086 6.005 8.584 11.158 13.088 14.373 15.069 15.380 15.518 15.580 15.583 15.637 15.692 15.712 15.636 15.456 15.380 15.485 15.937 16.863 18.251
0.000 0.000 0.000 0.000 0.000 0.000 0.000 0.000 0.000 0.000 0.000 0.000 0.000 0.000 0.000 0.000 0.000 0.000 0.000 0.000 0.001 0.002 0.004 0.006 0.008 0.010 0.011 0.012 0.012 0.012 0.012 0.012 0.011 0.010 0.008 0.005 0.004 0.003 0.002 0.002 0.002 0.003 0.005 0.014 0.045 0.125 0.268 0.478 0.744 1.024 1.266 1.487 1.706 1.919 2.203 2.688 3.643 5.393 7.978 10.543 12.326 13.475 14.192 14.723 15.218 15.627 15.851 15.925 15.937 15.899 15.757 15.561 15.515 15.732 16.385 17.422 18.715
0.000 0.000 0.000 0.000 0.000 0.000 0.000 0.000 0.000 0.000 0.000 0.000 0.000 0.000 0.000 0.000 0.000 0.000 0.000 0.001 0.002 0.004 0.008 0.012 0.015 0.018 0.019 0.020 0.021 0.021 0.021 0.020 0.019 0.017 0.014 0.009 0.007 0.005 0.005 0.004 0.005 0.006 0.013 0.043 0.138 0.337 0.596 0.845 1.060 1.242 1.402 1.573 1.760 1.948 2.173 2.508 3.148 4.564 7.045 9.706 11.495 12.601 13.364 14.083 14.825 15.386 15.607 15.609 15.538 15.411 15.169 14.971 14.958 15.280 16.065 17.166 18.419
0.000 0.000 0.000 0.000 0.000 0.000 0.000 0.000 0.000 0.000 0.000 0.000 0.000 0.000 0.000 0.000 0.000 0.000 0.000 0.002 0.004 0.008 0.013 0.020 0.025 0.029 0.031 0.032 0.033 0.033 0.033 0.032 0.031 0.028 0.022 0.015 0.011 0.009 0.008 0.008 0.008 0.013 0.033 0.116 0.345 0.681 0.945 1.106 1.231 1.348 1.477 1.625 1.783 1.948 2.141 2.421 2.912 4.067 6.316 8.931 10.691 11.769 12.558 13.325 14.029 14.447 14.528 14.434 14.249 13.973 13.602 13.371 13.361 13.724 14.644 15.942 17.350
0.000 0.000 0.000 0.000 0.000 0.000 0.000 0.000 0.000 0.000 0.000 0.000 0.000 0.000 0.000 0.000 0.000 0.000 0.001 0.003 0.007 0.013 0.022 0.031 0.038 0.043 0.047 0.049 0.050 0.050 0.050 0.049 0.046 0.042 0.033 0.023 0.017 0.013 0.011 0.011 0.013 0.023 0.070 0.248 0.634 0.992 1.166 1.254 1.331 1.420 1.530 1.655 1.787 1.932 2.107 2.361 2.792 3.778 5.742 8.118 9.712 10.702 11.448 12.110 12.594 12.773 12.726 12.544 12.213 11.699 11.215 10.998 11.054 11.597 12.719 14.220 15.871
0.000 0.000 0.000 0.000 0.000 0.000 0.000 0.000 0.000 0.000 0.000 0.000 0.000 0.000 0.000 0.000 0.000 0.000 0.001 0.004 0.010 0.021 0.034 0.046 0.056 0.063 0.068 0.071 0.072 0.072 0.072 0.071 0.067 0.061 0.050 0.035 0.024 0.018 0.016 0.015 0.017 0.030 0.100 0.363 0.860 1.182 1.292 1.343 1.399 1.467 1.553 1.657 1.776 1.913 2.078 2.311 2.699 3.547 5.212 7.155 8.388 9.166 9.783 10.298 10.604 10.654 10.553 10.279 9.802 9.216 8.862 8.821 9.150 9.996 11.272 12.788 14.450
0.000 0.000 0.000 0.000 0.000 0.000 0.000 0.000 0.000 0.000 0.000 0.000 0.000 0.000 0.000 0.000 0.000 0.000 0.001 0.004 0.011 0.025 0.047 0.066 0.079 0.089 0.095 0.099 0.101 0.101 0.101 0.099 0.095 0.086 0.072 0.051 0.034 0.025 0.020 0.019 0.020 0.033 0.107 0.408 0.980 1.290 1.364 1.398 1.435 1.480 1.542 1.630 1.748 1.893 2.058 2.271 2.615 3.315 4.641 6.057 6.852 7.313 7.691 8.040 8.257 8.291 8.196 7.948 7.547 7.164 7.005 7.111 7.658 8.663 9.969 11.413 12.979
0.000 0.000 0.000 0.000 0.000 0.000 0.000 0.000 0.000 0.000 0.000 0.000 0.000 0.000 0.000 0.000 0.000 0.000 0.001 0.003 0.010 0.025 0.054 0.087 0.108 0.121 0.130 0.135 0.138 0.138 0.138 0.136 0.130 0.119 0.101 0.075 0.049 0.033 0.025 0.022 0.023 0.034 0.104 0.404 1.009 1.340 1.403 1.422 1.436 1.459 1.503 1.581 1.698 1.852 2.031 2.234 2.516 3.027 3.963 4.961 5.486 5.694 5.805 5.915 5.999 6.014 5.963 5.812 5.573 5.425 5.432 5.702 6.365 7.385 8.615 9.922 11.286
0.000 0.000 0.000 0.000 0.000 0.000 0.000 0.000 0.000 0.000 0.000 0.000 0.000 0.000 0.000 0.000 0.000 0.000 0.000 0.002 0.006 0.021 0.053 0.102 0.139 0.160 0.173 0.181 0.185 0.186 0.185 0.182 0.175 0.162 0.140 0.109 0.071 0.045 0.032 0.027 0.026 0.035 0.092 0.358 0.954 1.338 1.415 1.420 1.411 1.407 1.435 1.505 1.614 1.764 1.945 2.143 2.363 2.673 3.243 3.929 4.281 4.351 4.315 4.269 4.230 4.190 4.131 4.018 3.906 3.883 4.000 4.399 5.111 6.060 7.120 8.223 9.351
0.000 0.000 0.000 0.000 0.000 0.000 0.000 0.000 0.000 0.000 0.000 0.000 0.000 0.000 0.000 0.000 0.000 0.000 0.000 0.001 0.003 0.013 0.046 0.105 0.166 0.204 0.225 0.236 0.242 0.244 0.244 0.240 0.232 0.216 0.192 0.156 0.107 0.066 0.043 0.033 0.030 0.035 0.071 0.261 0.778 1.247 1.389 1.396 1.362 1.317 1.319 1.376 1.477 1.616 1.785 1.958 2.131 2.330 2.653 3.059 3.267 3.287 3.217 3.128 3.034 2.941 2.825 2.669 2.579 2.569 2.685 3.070 3.748 4.590 5.485 6.456 7.522
0.000 0.000 0.000 0.000 0.000 0.000 0.000 0.000 0.000 0.000 0.000 0.000 0.000 0.000 0.000 0.000 0.000 0.000 0.000 0.000 0.001 0.006 0.033 0.094 0.177 0.241 0.282 0.302 0.312 0.316 0.316 0.312 0.303 0.286 0.259 0.218 0.160 0.101 0.063 0.044 0.038 0.040 0.057 0.153 0.504 1.013 1.272 1.318 1.279 1.194 1.142 1.157 1.231 1.361 1.523 1.682 1.837 2.005 2.210 2.402 2.495 2.498 2.442 2.364 2.271 2.152 1.978 1.746 1.601 1.552 1.586 1.776 2.203 2.868 3.710 4.719 5.830
0.000 0.000 0.000 0.000 0.000 0.000 0.000 0.000 0.000 0.000 0.000 0.000 0.000 0.000 0.000 0.000 0.000 0.000 0.000 0.000 0.000 0.003 0.018 0.071 0.163 0.258 0.330 0.375 0.395 0.403 0.405 0.402 0.393 0.375 0.346 0.301 0.235 0.157 0.100 0.068 0.054 0.052 0.060 0.102 0.273 0.676 1.021 1.137 1.125 1.032 0.905 0.841 0.863 0.959 1.135 1.339 1.522 1.699 1.852 1.929 1.944 1.924 1.872 1.802 1.722 1.604 1.411 1.141 0.948 0.848 0.810 0.845 1.024 1.432 2.101 3.028 4.068
0.000 0.000 0.000 0.000 0.000 0.000 0.000 0.000 0.000 0.000 0.000 0.000 0.000 0.000 0.000 0.000 0.000 0.000 0.000 0.000 0.000 0.001 0.008 0.043 0.128 0.245 0.355 0.443 0.492 0.510 0.515 0.514 0.506 0.490 0.459 0.411 0.339 0.242 0.162 0.110 0.083 0.073 0.074 0.090 0.164 0.381 0.670 0.820 0.847 0.790 0.648 0.512 0.461 0.491 0.642 0.906 1.164 1.375 1.516 1.555 1.532 1.488 1.428 1.359 1.283 1.169 0.986 0.740 0.550 0.432 0.364 0.341 0.379 0.554 0.938 1.532 2.092
0.000 0.000 0.000 0.000 0.000 0.000 0.000 0.000 0.000 0.000 0.000 0.000 0.000 0.000 0.000 0.000 0.000 0.000 0.000 0.000 0.000 0.000 0.003 0.019 0.081 0.202 0.345 0.481 0.588 0.639 0.652 0.653 0.648 0.635 0.604 0.551 0.465 0.349 0.249 0.177 0.131 0.106 0.097 0.101 0.130 0.228 0.400 0.518 0.555 0.541 0.464 0.343 0.255 0.230 0.276 0.450 0.728 0.985 1.156 1.212 1.187 1.132 1.072 1.000 0.916 0.801 0.643 0.457 0.314 0.218 0.162 0.139 0.137 0.177 0.314 0.560 0.723
0.000 0.000 0.000 0.000 0.000 0.000 0.000 0.000 0.000 0.000 0.000 0.000 0.000 0.000 0.000 0.000 0.000 0.000 0.000 0.000 0.000 0.000 0.001 0.006 0.039 0.135 0.295 0.479 0.652 0.768 0.813 0.820 0.817 0.801 0.756 0.678 0.563 0.433 0.329 0.250 0.194 0.155 0.132 0.125 0.136 0.180 0.267 0.346 0.383 0.386 0.354 0.277 0.188 0.138 0.129 0.178 0.326 0.545 0.741 0.843 0.854 0.815 0.760 0.690 0.598 0.489 0.369 0.253 0.168 0.110 0.077 0.063 0.060 0.065 0.095 0.153 0.175
0.000 0.000 0.000 0.000 0.000 0.000 0.000 0.000 0.000 0.000 0.000 0.000 0.000 0.000 0.000 0.000 0.000 0.000 0.000 0.000 0.000 0.000 0.000 0.002 0.013 0.065 0.201 0.417 0.662 0.856 0.956 0.978 0.973 0.944 0.874 0.763 0.620 0.485 0.379 0.300 0.242 0.202 0.175 0.161 0.158 0.176 0.222 0.271 0.297 0.302 0.288 0.243 0.170 0.113 0.086 0.085 0.122 0.219 0.346 0.440 0.484 0.484 0.454 0.401 0.323 0.244 0.173 0.118 0.080 0.055 0.040 0.034 0.032 0.032 0.039 0.049 0.051
0.000 0.000 0.000 0.000 0.000 0.000 0.000 0.000 0.000 0.000 0.000 0.000 0.000 0.000 0.000 0.000 0.000 0.000 0.000 0.000 0.000 0.000 0.000 0.001 0.003 0.021 0.091 0.268 0.564 0.865 1.042 1.099 1.091 1.045 0.949 0.805 0.646 0.512 0.405 0.326 0.269 0.231 0.207 0.195 0.190 0.193 0.215 0.244 0.257 0.259 0.249 0.219 0.164 0.110 0.076 0.061 0.060 0.081 0.125 0.165 0.186 0.191 0.181 0.157 0.123 0.093 0.068 0.050 0.038 0.029 0.023 0.021 0.020 0.020 0.021 0.023 0.024
0.000 0.000 0.000 0.000 0.000 0.000 0.000 0.000 0.000 0.000 0.000 0.000 0.000 0.000 0.000 0.000 0.000 0.000 0.000 0.000 0.000 0.000 0.000 0.001 0.001 0.006 0.027 0.103 0.329 0.719 1.035 1.157 1.160 1.098 0.980 0.818 0.654 0.521 0.416 0.337 0.280 0.243 0.222 0.213 0.211 0.212 0.221 0.233 0.238 0.237 0.227 0.202 0.157 0.108 0.075 0.054 0.044 0.043 0.049 0.058 0.062 0.063 0.060 0.053 0.043 0.036 0.030 0.025 0.020 0.017 0.015 0.014 0.013 0.013 0.014 0.014 0.014
0.000 0.000 0.000 0.000 0.000 0.000 0.000 0.000 0.000 0.000 0.000 0.000 0.000 0.000 0.000 0.000 0.000 0.000 0.000 0.000 0.000 0.000 0.001 0.001 0.002 0.006 0.016 0.038 0.121 0.403 0.844 1.120 1.168 1.109 0.983 0.817 0.654 0.522 0.418 0.339 0.282 0.245 0.226 0.219 0.219 0.221 0.224 0.228 0.229 0.226 0.213 0.187 0.148 0.105 0.074 0.052 0.039 0.031 0.028 0.026 0.026 0.026 0.024 0.022 0.020 0.018 0.016 0.014 0.013 0.011 0.010 0.009 0.009 0.009 0.009 0.009 0.009
0.000 0.000 0.000 0.000 0.000 0.000 0.000 0.000 0.000 0.000 0.000 0.000 0.000 0.000 0.000 0.000 0.000 0.000 0.000 0.000 0.000 0.000 0.001 0.002 0.005 0.013 0.025 0.035 0.050 0.146 0.480 0.907 1.080 1.064 0.956 0.800 0.645 0.518 0.416 0.337 0.280 0.242 0.223 0.219 0.220 0.223 0.225 0.225 0.225 0.220 0.204 0.176 0.138 0.100 0.071 0.049 0.034 0.024 0.018 0.015 0.013 0.013 0.012 0.012 0.011 0.010 0.010 0.009 0.008 0.007 0.006 0.006 0.006 0.006 0.006 0.006 0.006
0.000 0.000 0.000 0.000 0.000 0.000 0.000 0.000 0.000 0.000 0.000 0.000 0.000 0.000 0.000 0.000 0.000 0.000 0.000 0.000 0.000 0.001 0.002 0.005 0.014 0.029 0.040 0.043 0.044 0.060 0.200 0.561 0.843 0.905 0.856 0.747 0.617 0.502 0.406 0.329 0.271 0.231 0.211 0.207 0.212 0.220 0.222 0.222 0.219 0.212 0.195 0.165 0.126 0.090 0.062 0.041 0.026 0.016 0.010 0.008 0.007 0.007 0.007 0.007 0.006 0.006 0.006 0.005 0.005 0.004 0.004 0.003 0.003 0.003 0.003 0.003 0.003
0.000 0.000 0.000 0.000 0.000 0.000 0.000 0.000 0.000 0.000 0.000 0.000 0.000 0.000 0.000 0.000 0.000 0.000 0.000 0.000 0.001 0.001 0.004 0.012 0.027 0.040 0.044 0.043 0.040 0.041 0.094 0.296 0.546 0.650 0.662 0.628 0.556 0.469 0.385 0.313 0.254 0.210 0.184 0.176 0.180 0.192 0.201 0.203 0.200 0.194 0.178 0.149 0.108 0.070 0.043 0.025 0.014 0.007 0.004 0.004 0.003 0.004 0.004 0.004 0.004 0.003 0.003 0.003 0.003 0.002 0.002 0.002 0.002 0.002 0.002 0.002 0.002
0.000 0.000 0.000 0.000 0.000 0.000 0.000 0.000 0.000 0.000 0.000 0.000 0.000 0.000 0.000 0.000 0.000 0.000 0.000 0.000 0.001 0.003 0.009 0.022 0.038 0.044 0.044 0.038 0.029 0.028 0.057 0.166 0.341 0.435 0.460 0.463 0.449 0.408 0.349 0.287 0.229 0.181 0.145 0.125 0.120 0.127 0.138 0.143 0.144 0.141 0.130 0.107 0.071 0.039 0.020 0.010 0.005 0.002 0.002 0.001 0.001 0.002 0.002 0.002 0.002 0.002 0.002 0.001 0.001 0.001 0.001 0.001 0.001 0.000 0.000 0.000 0.000
0.000 0.000 0.000 0.000 0.000 0.000 0.000 0.000 0.000 0.000 0.000 0.000 0.000 0.000 0.000 0.000 0.000 0.000 0.000 0.001 0.002 0.005 0.015 0.032 0.042 0.043 0.039 0.025 0.015 0.017 0.039 0.104 0.215 0.287 0.316 0.325 0.325 0.317 0.292 0.249 0.199 0.150 0.112 0.084 0.069 0.063 0.062 0.063 0.062 0.059 0.054 0.043 0.027 0.013 0.006 0.003 0.001 0.001 0.001 0.000 0.000 0.001 0.001 0.001 0.001 0.001 0.000 0.000 0.000 0.000 0.000 0.000 0.000 0.000 0.000 0.000 0.000
0.000 0.000 0.000 0.000 0.000 0.000 0.000 0.000 0.000 0.000 0.000 0.000 0.000 0.000 0.000 0.000 0.000 0.000 0.000 0.001 0.003 0.009 0.023 0.037 0.041 0.040 0.028 0.013 0.009 0.012 0.028 0.069 0.136 0.185 0.210 0.222 0.225 0.224 0.217 0.198 0.164 0.124 0.088 0.060 0.042 0.032 0.025 0.021 0.019 0.016 0.014 0.011 0.006 0.003 0.001 0.001 0.000 0.000 0.000 0.000 0.000 0.000 0.000 0.000 0.000 0.000 0.000 0.000 0.000 0.000 0.000 0.000 0.000 0.000 0.000 0.000 0.000
0.000 0.000 0.000 0.000 0.000 0.000 0.000 0.000 0.000 0.000 0.000 0.000 0.000 0.000 0.000 0.000 0.000 0.000 0.001 0.001 0.005 0.015 0.030 0.038 0.039 0.032 0.016 0.006 0.005 0.009 0.020 0.046 0.084 0.113 0.131 0.142 0.147 0.149 0.147 0.139 0.123 0.097 0.068 0.044 0.028 0.017 0.011 0.008 0.005 0.004 0.003 0.002 0.001 0.001 0.000 0.000 0.000 0.000 0.000 0.000 0.000 0.000 0.000 0.000 0.000 0.000 0.000 0.000 0.000 0.000 0.000 0.000 0.000 0.000 0.000 0.000 0.000
0.000 0.000 0.000 0.000 0.000 0.000 0.000 0.000 0.000 0.000 0.000 0.000 0.000 0.000 0.000 0.000 0.000 0.000 0.001 0.002 0.008 0.021 0.034 0.037 0.034 0.022 0.007 0.003 0.003 0.006 0.015 0.030 0.050 0.064 0.072 0.078 0.082 0.085 0.087 0.085 0.080 0.068 0.049 0.031 0.018 0.010 0.005 0.003 0.002 0.001 0.001 0.001 0.000 0.000 0.000 0.000 0.000 0.000 0.000 0.000 0.000 0.000 0.000 0.000 0.000 0.000 0.000 0.000 0.000 0.000 0.000 0.000 0.000 0.000 0.000 0.000 0.000
0.000 0.000 0.000 0.000 0.000 0.000 0.000 0.000 0.000 0.000 0.000 0.000 0.000 0.000 0.000 0.000 0.000 0.001 0.001 0.004 0.012 0.027 0.035 0.035 0.028 0.012 0.004 0.002 0.002 0.004 0.010 0.019 0.028 0.033 0.034 0.035 0.036 0.038 0.040 0.041 0.040 0.037 0.029 0.018 0.010 0.005 0.003 0.001 0.001 0.000 0.000 0.000 0.000 0.000 0.000 0.000 0.000 0.000 0.000 0.000 0.000 0.000 0.000 0.000 0.000 0.000 0.000 0.000 0.000 0.000 0.000 0.000 0.000 0.000 0.000 0.000 0.000
0.000 0.000 0.000 0.000 0.000 0.000 0.000 0.000 0.000 0.000 0.000 0.000 0.000 0.000 0.000 0.000 0.000 0.001 0.002 0.007 0.018 0.030 0.033 0.031 0.019 0.006 0.001 0.001 0.001 0.003 0.006 0.011 0.014 0.015 0.014 0.013 0.012 0.012 0.013 0.014 0.015 0.015 0.013 0.009 0.005 0.002 0.001 0.001 0.000 0.000 0.000 0.000 0.000 0.000 0.000 0.000 0.000 0.000 0.000 0.000 0.000 0.000 0.000 0.000 0.000 0.000 0.000 0.000 0.000 0.000 0.000 0.000 0.000 0.000 0.000 0.000 0.000
0.000 0.000 0.000 0.000 0.000 0.000 0.000 0.000 0.000 0.000 0.000 0.000 0.000 0.000 0.000 0.000 0.001 0.001 0.004 0.010 0.023 0.031 0.031 0.025 0.010 0.003 0.001 0.001 0.001 0.001 0.003 0.005 0.006 0.006 0.005 0.004 0.003 0.003 0.003 0.003 0.004 0.004 0.004 0.003 0.002 0.001 0.001 0.000 0.000 0.000 0.000 0.000 0.000 0.000 0.000 0.000 0.000 0.000 0.000 0.000 0.000 0.000 0.000 0.000 0.000 0.000 0.000 0.000 0.000 0.000 0.000 0.000 0.000 0.000 0.000 0.000 0.000
