RESULTS/r.avaflow_results/31_results/31_ascii/31_hflow10040.asc
ncols 506
nrows 317
xllcenter 498237.50
yllcenter 5580050.00
cellsize 12.50
NODATA_value -9999.000
[rows 170 to 203 of 317, columns 77 to 153 of 506]
0.000 0.000 0.000 0.000 0.000 0.000 0.000 0.000 0.000 0.000 0.000 0.000 0.000 0.000 0.000 0.000 0.000 0.000 0.000 0.000 0.000 0.000 0.000 0.000 0.000 0.000 0.000 0.000 0.000 0.000 0.000 0.000 0.000 0.000 0.000 0.000 0.000 0.000 0.000 0.000 0.000 0.000 0.000 0.000 0.000 0.000 0.000 0.001 0.002 0.004 0.008 0.017 0.044 0.114 0.230 0.331 0.416 0.504 0.557 0.562 0.536 0.488 0.424 0.347 0.272 0.211 0.161 0.122 0.092 0.069 0.051 0.038 0.028 0.020 0.015 0.010 0.007
0.000 0.000 0.000 0.000 0.000 0.000 0.000 0.000 0.000 0.000 0.000 0.000 0.000 0.000 0.000 0.000 0.000 0.000 0.000 0.000 0.000 0.000 0.000 0.000 0.000 0.000 0.000 0.000 0.000 0.000 0.000 0.000 0.000 0.000 0.000 0.000 0.000 0.000 0.000 0.000 0.000 0.000 0.000 0.000 0.000 0.001 0.002 0.003 0.006 0.013 0.027 0.066 0.151 0.297 0.444 0.535 0.595 0.634 0.643 0.625 0.585 0.526 0.453 0.367 0.287 0.222 0.170 0.129 0.098 0.073 0.055 0.040 0.030 0.022 0.016 0.011 0.008
0.000 0.000 0.000 0.000 0.000 0.000 0.000 0.000 0.000 0.000 0.000 0.000 0.000 0.000 0.000 0.000 0.000 0.000 0.000 0.000 0.000 0.000 0.000 0.000 0.000 0.000 0.000 0.000 0.000 0.000 0.000 0.000 0.000 0.000 0.000 0.000 0.000 0.000 0.000 0.000 0.000 0.000 0.000 0.000 0.001 0.002 0.005 0.011 0.022 0.047 0.110 0.227 0.374 0.504 0.578 0.631 0.676 0.691 0.683 0.658 0.615 0.553 0.474 0.382 0.298 0.231 0.178 0.135 0.102 0.077 0.058 0.043 0.031 0.023 0.017 0.012 0.009
0.000 0.000 0.000 0.000 0.000 0.000 0.000 0.000 0.000 0.000 0.000 0.000 0.000 0.000 0.000 0.000 0.000 0.000 0.000 0.000 0.000 0.001 0.001 0.002 0.002 0.002 0.002 0.002 0.002 0.002 0.002 0.002 0.002 0.002 0.001 0.001 0.001 0.000 0.000 0.000 0.000 0.000 0.000 0.001 0.003 0.008 0.019 0.040 0.084 0.175 0.348 0.528 0.626 0.648 0.644 0.660 0.697 0.707 0.699 0.674 0.632 0.571 0.490 0.394 0.308 0.239 0.184 0.140 0.106 0.080 0.060 0.044 0.033 0.024 0.017 0.012 0.009
0.000 0.000 0.000 0.000 0.000 0.000 0.000 0.000 0.000 0.000 0.000 0.000 0.000 0.000 0.000 0.000 0.000 0.000 0.000 0.000 0.001 0.003 0.004 0.005 0.006 0.007 0.007 0.007 0.007 0.007 0.007 0.007 0.006 0.005 0.004 0.003 0.002 0.001 0.001 0.001 0.001 0.001 0.001 0.004 0.010 0.028 0.068 0.141 0.265 0.464 0.670 0.771 0.775 0.725 0.675 0.666 0.691 0.709 0.704 0.683 0.645 0.586 0.504 0.403 0.315 0.244 0.188 0.143 0.109 0.082 0.061 0.045 0.033 0.024 0.018 0.013 0.009
0.000 0.000 0.000 0.000 0.000 0.000 0.000 0.000 0.000 0.000 0.000 0.000 0.000 0.000 0.000 0.000 0.000 0.000 0.000 0.001 0.003 0.006 0.009 0.011 0.013 0.014 0.014 0.015 0.015 0.015 0.015 0.014 0.013 0.011 0.009 0.006 0.004 0.003 0.002 0.002 0.002 0.002 0.004 0.011 0.033 0.095 0.208 0.373 0.578 0.768 0.867 0.883 0.849 0.770 0.693 0.660 0.666 0.697 0.705 0.692 0.657 0.599 0.513 0.408 0.318 0.247 0.190 0.145 0.110 0.083 0.062 0.046 0.034 0.025 0.018 0.013 0.009
0.000 0.000 0.000 0.000 0.000 0.000 0.000 0.000 0.000 0.000 0.000 0.000 0.000 0.000 0.000 0.000 0.000 0.000 0.001 0.003 0.006 0.011 0.016 0.020 0.022 0.024 0.025 0.025 0.026 0.025 0.025 0.024 0.023 0.020 0.015 0.010 0.007 0.006 0.005 0.004 0.004 0.005 0.011 0.032 0.105 0.265 0.481 0.682 0.838 0.929 0.953 0.939 0.894 0.807 0.712 0.656 0.644 0.674 0.704 0.699 0.668 0.608 0.518 0.410 0.320 0.248 0.191 0.145 0.110 0.083 0.062 0.046 0.034 0.025 0.018 0.013 0.009
0.000 0.000 0.000 0.000 0.000 0.000 0.000 0.000 0.000 0.000 0.000 0.000 0.000 0.000 0.000 0.000 0.000 0.000 0.002 0.006 0.011 0.019 0.026 0.031 0.035 0.038 0.039 0.040 0.040 0.040 0.039 0.038 0.035 0.031 0.024 0.016 0.012 0.009 0.008 0.008 0.008 0.011 0.026 0.088 0.272 0.561 0.787 0.908 0.975 1.004 1.004 0.983 0.929 0.839 0.735 0.666 0.642 0.664 0.704 0.705 0.675 0.612 0.519 0.410 0.319 0.248 0.190 0.145 0.110 0.083 0.062 0.046 0.034 0.025 0.018 0.013 0.009
0.000 0.000 0.000 0.000 0.000 0.000 0.000 0.000 0.000 0.000 0.000 0.000 0.000 0.000 0.000 0.000 0.000 0.000 0.003 0.008 0.017 0.029 0.039 0.047 0.052 0.055 0.057 0.058 0.058 0.058 0.057 0.056 0.052 0.046 0.035 0.024 0.017 0.013 0.011 0.011 0.012 0.020 0.055 0.195 0.522 0.841 0.983 1.030 1.050 1.055 1.047 1.020 0.962 0.874 0.766 0.688 0.655 0.669 0.706 0.707 0.676 0.610 0.516 0.407 0.317 0.245 0.189 0.144 0.110 0.083 0.062 0.046 0.034 0.025 0.018 0.013 0.009
0.000 0.000 0.000 0.000 0.000 0.000 0.000 0.000 0.000 0.000 0.000 0.000 0.000 0.000 0.000 0.000 0.000 0.000 0.003 0.009 0.021 0.039 0.055 0.066 0.073 0.078 0.080 0.081 0.082 0.082 0.081 0.078 0.073 0.065 0.051 0.035 0.024 0.018 0.015 0.015 0.016 0.026 0.080 0.295 0.724 1.011 1.091 1.100 1.101 1.093 1.075 1.043 0.990 0.914 0.813 0.728 0.686 0.689 0.711 0.707 0.671 0.602 0.504 0.398 0.311 0.241 0.186 0.143 0.109 0.082 0.062 0.046 0.034 0.025 0.019 0.013 0.010
0.000 0.000 0.000 0.000 0.000 0.000 0.000 0.000 0.000 0.000 0.000 0.000 0.000 0.000 0.000 0.000 0.000 0.000 0.002 0.009 0.021 0.043 0.072 0.090 0.100 0.106 0.109 0.111 0.111 0.111 0.110 0.107 0.101 0.090 0.073 0.050 0.034 0.024 0.019 0.018 0.018 0.028 0.086 0.334 0.831 1.106 1.149 1.144 1.131 1.110 1.084 1.054 1.016 0.962 0.881 0.792 0.737 0.723 0.721 0.705 0.659 0.583 0.481 0.381 0.300 0.235 0.182 0.140 0.107 0.081 0.062 0.046 0.035 0.026 0.019 0.014 0.010
0.000 0.000 0.000 0.000 0.000 0.000 0.000 0.000 0.000 0.000 0.000 0.000 0.000 0.000 0.000 0.000 0.000 0.000 0.002 0.006 0.018 0.041 0.080 0.114 0.131 0.140 0.145 0.147 0.148 0.148 0.147 0.143 0.135 0.122 0.101 0.072 0.047 0.031 0.023 0.020 0.021 0.029 0.083 0.331 0.855 1.149 1.183 1.168 1.141 1.111 1.083 1.059 1.036 1.005 0.956 0.882 0.811 0.766 0.737 0.701 0.642 0.556 0.451 0.358 0.284 0.224 0.175 0.136 0.105 0.081 0.062 0.047 0.036 0.027 0.019 0.014 0.010
0.000 0.000 0.000 0.000 0.000 0.000 0.000 0.000 0.000 0.000 0.000 0.000 0.000 0.000 0.000 0.000 0.000 0.000 0.001 0.002 0.010 0.031 0.074 0.129 0.164 0.180 0.188 0.192 0.194 0.194 0.192 0.188 0.178 0.162 0.138 0.104 0.067 0.043 0.029 0.024 0.023 0.029 0.073 0.290 0.806 1.150 1.199 1.177 1.136 1.095 1.070 1.056 1.046 1.032 1.006 0.955 0.884 0.815 0.756 0.697 0.625 0.531 0.427 0.339 0.267 0.211 0.166 0.130 0.102 0.080 0.063 0.049 0.038 0.028 0.020 0.015 0.010
0.000 0.000 0.000 0.000 0.000 0.000 0.000 0.000 0.000 0.000 0.000 0.000 0.000 0.000 0.000 0.000 0.000 0.000 0.000 0.001 0.003 0.017 0.058 0.129 0.188 0.222 0.239 0.246 0.249 0.249 0.248 0.243 0.232 0.214 0.187 0.149 0.100 0.062 0.039 0.029 0.026 0.029 0.055 0.205 0.645 1.070 1.187 1.172 1.117 1.057 1.029 1.026 1.034 1.042 1.029 0.990 0.929 0.855 0.777 0.698 0.613 0.514 0.415 0.329 0.259 0.202 0.158 0.124 0.098 0.078 0.063 0.050 0.040 0.030 0.022 0.016 0.011
0.000 0.000 0.000 0.000 0.000 0.000 0.000 0.000 0.000 0.000 0.000 0.000 0.000 0.000 0.000 0.000 0.000 0.000 0.000 0.000 0.001 0.007 0.038 0.111 0.197 0.256 0.292 0.308 0.315 0.317 0.315 0.310 0.298 0.279 0.250 0.208 0.150 0.094 0.058 0.039 0.033 0.033 0.044 0.116 0.401 0.852 1.093 1.122 1.071 0.986 0.930 0.919 0.941 0.987 1.016 0.995 0.946 0.878 0.795 0.704 0.607 0.507 0.412 0.328 0.257 0.198 0.153 0.118 0.093 0.075 0.061 0.050 0.040 0.031 0.023 0.017 0.012
0.000 0.000 0.000 0.000 0.000 0.000 0.000 0.000 0.000 0.000 0.000 0.000 0.000 0.000 0.000 0.000 0.000 0.000 0.000 0.000 0.000 0.003 0.020 0.079 0.180 0.269 0.335 0.375 0.392 0.398 0.398 0.394 0.382 0.363 0.332 0.286 0.222 0.147 0.093 0.061 0.046 0.042 0.047 0.075 0.206 0.547 0.867 0.970 0.952 0.865 0.745 0.679 0.681 0.746 0.856 0.933 0.933 0.884 0.807 0.713 0.608 0.507 0.414 0.330 0.258 0.198 0.149 0.113 0.087 0.067 0.052 0.041 0.034 0.028 0.022 0.017 0.012
0.000 0.000 0.000 0.000 0.000 0.000 0.000 0.000 0.000 0.000 0.000 0.000 0.000 0.000 0.000 0.000 0.000 0.000 0.000 0.000 0.000 0.001 0.008 0.044 0.136 0.254 0.356 0.436 0.481 0.496 0.500 0.498 0.489 0.470 0.439 0.391 0.320 0.228 0.150 0.099 0.071 0.059 0.057 0.067 0.119 0.293 0.552 0.686 0.706 0.653 0.525 0.405 0.358 0.377 0.501 0.702 0.835 0.854 0.804 0.717 0.613 0.513 0.421 0.337 0.263 0.200 0.148 0.108 0.078 0.055 0.036 0.024 0.019 0.017 0.017 0.015 0.012
0.000 0.000 0.000 0.000 0.000 0.000 0.000 0.000 0.000 0.000 0.000 0.000 0.000 0.000 0.000 0.000 0.000 0.000 0.000 0.000 0.000 0.000 0.002 0.019 0.082 0.206 0.344 0.469 0.567 0.614 0.626 0.626 0.621 0.605 0.575 0.524 0.444 0.334 0.233 0.159 0.111 0.085 0.075 0.075 0.095 0.172 0.321 0.426 0.456 0.442 0.376 0.274 0.202 0.180 0.218 0.367 0.587 0.724 0.745 0.699 0.613 0.518 0.432 0.350 0.270 0.202 0.146 0.102 0.067 0.041 0.023 0.013 0.008 0.007 0.007 0.008 0.007
0.000 0.000 0.000 0.000 0.000 0.000 0.000 0.000 0.000 0.000 0.000 0.000 0.000 0.000 0.000 0.000 0.000 0.000 0.000 0.000 0.000 0.000 0.001 0.006 0.038 0.133 0.292 0.464 0.623 0.732 0.774 0.781 0.779 0.763 0.724 0.651 0.545 0.418 0.311 0.229 0.167 0.124 0.100 0.093 0.101 0.139 0.218 0.290 0.322 0.323 0.298 0.235 0.163 0.120 0.111 0.153 0.283 0.455 0.567 0.595 0.563 0.499 0.428 0.352 0.267 0.192 0.134 0.088 0.053 0.029 0.014 0.007 0.004 0.003 0.002 0.002 0.002
0.000 0.000 0.000 0.000 0.000 0.000 0.000 0.000 0.000 0.000 0.000 0.000 0.000 0.000 0.000 0.000 0.000 0.000 0.000 0.000 0.000 0.000 0.000 0.002 0.012 0.063 0.194 0.402 0.630 0.811 0.908 0.932 0.930 0.902 0.840 0.739 0.606 0.471 0.362 0.278 0.215 0.168 0.137 0.122 0.121 0.142 0.192 0.242 0.267 0.271 0.260 0.224 0.162 0.111 0.085 0.082 0.113 0.197 0.296 0.358 0.379 0.369 0.337 0.285 0.210 0.140 0.090 0.056 0.031 0.016 0.008 0.004 0.002 0.001 0.001 0.001 0.001
0.000 0.000 0.000 0.000 0.000 0.000 0.000 0.000 0.000 0.000 0.000 0.000 0.000 0.000 0.000 0.000 0.000 0.000 0.000 0.000 0.000 0.000 0.000 0.001 0.003 0.020 0.086 0.255 0.535 0.819 0.990 1.048 1.044 1.001 0.915 0.788 0.636 0.499 0.390 0.306 0.243 0.199 0.170 0.155 0.151 0.160 0.194 0.234 0.251 0.253 0.246 0.221 0.171 0.117 0.084 0.067 0.063 0.079 0.115 0.142 0.154 0.155 0.146 0.125 0.091 0.057 0.036 0.022 0.013 0.007 0.004 0.002 0.001 0.001 0.001 0.001 0.001
0.000 0.000 0.000 0.000 0.000 0.000 0.000 0.000 0.000 0.000 0.000 0.000 0.000 0.000 0.000 0.000 0.000 0.000 0.000 0.000 0.000 0.000 0.000 0.001 0.001 0.005 0.025 0.097 0.311 0.680 0.984 1.105 1.112 1.055 0.950 0.804 0.645 0.511 0.402 0.318 0.256 0.213 0.188 0.177 0.174 0.180 0.205 0.236 0.249 0.251 0.244 0.224 0.184 0.133 0.092 0.067 0.053 0.047 0.049 0.051 0.052 0.050 0.046 0.039 0.029 0.019 0.013 0.009 0.006 0.003 0.002 0.001 0.001 0.001 0.001 0.001 0.000
0.000 0.000 0.000 0.000 0.000 0.000 0.000 0.000 0.000 0.000 0.000 0.000 0.000 0.000 0.000 0.000 0.000 0.000 0.000 0.000 0.000 0.000 0.000 0.001 0.002 0.005 0.013 0.034 0.113 0.381 0.804 1.073 1.122 1.069 0.955 0.803 0.645 0.513 0.406 0.322 0.259 0.217 0.194 0.186 0.184 0.190 0.209 0.240 0.254 0.255 0.249 0.229 0.194 0.145 0.102 0.071 0.050 0.038 0.030 0.024 0.021 0.019 0.017 0.014 0.011 0.008 0.005 0.004 0.003 0.002 0.001 0.001 0.001 0.001 0.000 0.000 0.000
0.000 0.000 0.000 0.000 0.000 0.000 0.000 0.000 0.000 0.000 0.000 0.000 0.000 0.000 0.000 0.000 0.000 0.000 0.000 0.000 0.000 0.000 0.001 0.002 0.004 0.010 0.021 0.030 0.045 0.137 0.461 0.875 1.045 1.032 0.932 0.789 0.638 0.511 0.405 0.322 0.259 0.216 0.193 0.186 0.187 0.192 0.208 0.238 0.257 0.260 0.253 0.233 0.198 0.148 0.104 0.072 0.048 0.031 0.020 0.014 0.010 0.008 0.007 0.006 0.005 0.004 0.003 0.002 0.001 0.001 0.001 0.001 0.000 0.000 0.000 0.000 0.000
0.000 0.000 0.000 0.000 0.000 0.000 0.000 0.000 0.000 0.000 0.000 0.000 0.000 0.000 0.000 0.000 0.000 0.000 0.000 0.000 0.000 0.001 0.001 0.004 0.011 0.024 0.034 0.038 0.039 0.056 0.195 0.551 0.827 0.889 0.842 0.741 0.616 0.499 0.400 0.319 0.255 0.209 0.184 0.177 0.179 0.185 0.198 0.221 0.242 0.249 0.245 0.227 0.192 0.142 0.096 0.063 0.039 0.022 0.012 0.007 0.005 0.004 0.003 0.003 0.002 0.002 0.001 0.001 0.001 0.001 0.000 0.000 0.000 0.000 0.000 0.000 0.000
0.000 0.000 0.000 0.000 0.000 0.000 0.000 0.000 0.000 0.000 0.000 0.000 0.000 0.000 0.000 0.000 0.000 0.000 0.000 0.000 0.000 0.001 0.003 0.010 0.023 0.035 0.039 0.039 0.036 0.040 0.095 0.297 0.547 0.651 0.664 0.633 0.562 0.474 0.387 0.309 0.245 0.196 0.164 0.150 0.148 0.153 0.161 0.174 0.188 0.195 0.196 0.185 0.156 0.111 0.068 0.039 0.021 0.010 0.005 0.003 0.002 0.002 0.002 0.001 0.001 0.001 0.001 0.001 0.000 0.000 0.000 0.000 0.000 0.000 0.000 0.000 0.000
0.000 0.000 0.000 0.000 0.000 0.000 0.000 0.000 0.000 0.000 0.000 0.000 0.000 0.000 0.000 0.000 0.000 0.000 0.000 0.000 0.001 0.002 0.007 0.019 0.033 0.038 0.039 0.034 0.028 0.029 0.060 0.171 0.347 0.443 0.472 0.478 0.464 0.422 0.360 0.293 0.231 0.177 0.136 0.110 0.097 0.093 0.092 0.093 0.096 0.100 0.102 0.098 0.084 0.055 0.029 0.014 0.006 0.003 0.001 0.001 0.001 0.001 0.001 0.001 0.001 0.000 0.000 0.000 0.000 0.000 0.000 0.000 0.000 0.000 0.000 0.000 0.000
0.000 0.000 0.000 0.000 0.000 0.000 0.000 0.000 0.000 0.000 0.000 0.000 0.000 0.000 0.000 0.000 0.000 0.000 0.000 0.000 0.001 0.004 0.012 0.027 0.037 0.038 0.035 0.023 0.017 0.020 0.043 0.110 0.222 0.297 0.330 0.343 0.347 0.339 0.313 0.267 0.211 0.158 0.115 0.083 0.062 0.049 0.041 0.036 0.033 0.033 0.032 0.031 0.027 0.017 0.008 0.004 0.002 0.001 0.000 0.000 0.000 0.000 0.000 0.000 0.000 0.000 0.000 0.000 0.000 0.000 0.000 0.000 0.000 0.000 0.000 0.000 0.000
0.000 0.000 0.000 0.000 0.000 0.000 0.000 0.000 0.000 0.000 0.000 0.000 0.000 0.000 0.000 0.000 0.000 0.000 0.000 0.001 0.002 0.007 0.019 0.032 0.036 0.035 0.025 0.013 0.011 0.016 0.033 0.075 0.143 0.195 0.223 0.239 0.247 0.248 0.243 0.223 0.186 0.140 0.098 0.067 0.044 0.030 0.020 0.014 0.011 0.009 0.008 0.007 0.006 0.004 0.002 0.001 0.000 0.000 0.000 0.000 0.000 0.000 0.000 0.000 0.000 0.000 0.000 0.000 0.000 0.000 0.000 0.000 0.000 0.000 0.000 0.000 0.000
0.000 0.000 0.000 0.000 0.000 0.000 0.000 0.000 0.000 0.000 0.000 0.000 0.000 0.000 0.000 0.000 0.000 0.000 0.000 0.001 0.004 0.012 0.026 0.034 0.034 0.028 0.014 0.008 0.008 0.013 0.026 0.052 0.091 0.121 0.141 0.154 0.163 0.168 0.170 0.165 0.149 0.119 0.084 0.054 0.034 0.020 0.011 0.006 0.004 0.002 0.002 0.001 0.001 0.001 0.000 0.000 0.000 0.000 0.000 0.000 0.000 0.000 0.000 0.000 0.000 0.000 0.000 0.000 0.000 0.000 0.000 0.000 0.000 0.000 0.000 0.000 0.000
0.000 0.000 0.000 0.000 0.000 0.000 0.000 0.000 0.000 0.000 0.000 0.000 0.000 0.000 0.000 0.000 0.000 0.000 0.001 0.002 0.006 0.018 0.030 0.033 0.031 0.019 0.007 0.005 0.006 0.010 0.020 0.036 0.056 0.070 0.079 0.086 0.092 0.098 0.102 0.104 0.102 0.091 0.068 0.043 0.025 0.013 0.007 0.003 0.002 0.001 0.001 0.000 0.000 0.000 0.000 0.000 0.000 0.000 0.000 0.000 0.000 0.000 0.000 0.000 0.000 0.000 0.000 0.000 0.000 0.000 0.000 0.000 0.000 0.000 0.000 0.000 0.000
0.000 0.000 0.000 0.000 0.000 0.000 0.000 0.000 0.000 0.000 0.000 0.000 0.000 0.000 0.000 0.000 0.000 0.001 0.001 0.003 0.010 0.023 0.031 0.031 0.024 0.010 0.003 0.003 0.004 0.008 0.014 0.024 0.033 0.037 0.038 0.039 0.040 0.043 0.047 0.051 0.053 0.052 0.045 0.030 0.016 0.008 0.004 0.002 0.001 0.000 0.000 0.000 0.000 0.000 0.000 0.000 0.000 0.000 0.000 0.000 0.000 0.000 0.000 0.000 0.000 0.000 0.000 0.000 0.000 0.000 0.000 0.000 0.000 0.000 0.000 0.000 0.000
0.000 0.000 0.000 0.000 0.000 0.000 0.000 0.000 0.000 0.000 0.000 0.000 0.000 0.000 0.000 0.000 0.000 0.001 0.002 0.006 0.015 0.026 0.030 0.027 0.016 0.005 0.002 0.002 0.003 0.005 0.010 0.015 0.017 0.018 0.016 0.014 0.013 0.014 0.015 0.017 0.019 0.021 0.020 0.015 0.008 0.004 0.002 0.001 0.000 0.000 0.000 0.000 0.000 0.000 0.000 0.000 0.000 0.000 0.000 0.000 0.000 0.000 0.000 0.000 0.000 0.000 0.000 0.000 0.000 0.000 0.000 0.000 0.000 0.000 0.000 0.000 0.000
0.000 0.000 0.000 0.000 0.000 0.000 0.000 0.000 0.000 0.000 0.000 0.000 0.000 0.000 0.000 0.000 0.001 0.001 0.003 0.009 0.020 0.027 0.028 0.022 0.009 0.002 0.001 0.001 0.002 0.003 0.006 0.007 0.008 0.008 0.007 0.005 0.004 0.003 0.003 0.004 0.005 0.006 0.006 0.005 0.003 0.002 0.001 0.000 0.000 0.000 0.000 0.000 0.000 0.000 0.000 0.000 0.000 0.000 0.000 0.000 0.000 0.000 0.000 0.000 0.000 0.000 0.000 0.000 0.000 0.000 0.000 0.000 0.000 0.000 0.000 0.000 0.000
