RESULTS/r.avaflow_results/31_results/31_ascii/31_hflow10029.asc
ncols 506
nrows 317
xllcenter 498237.50
yllcenter 5580050.00
cellsize 12.50
NODATA_value -9999.000
[rows 170 to 203 of 317, columns 77 to 153 of 506]
0.000 0.000 0.000 0.000 0.000 0.000 0.000 0.000 0.000 0.000 0.000 0.000 0.000 0.000 0.000 0.000 0.000 0.000 0.000 0.000 0.000 0.000 0.000 0.000 0.000 0.000 0.000 0.000 0.000 0.000 0.000 0.000 0.000 0.000 0.000 0.000 0.000 0.000 0.000 0.000 0.000 0.000 0.000 0.000 0.000 0.000 0.001 0.001 0.002 0.005 0.008 0.017 0.042 0.104 0.205 0.292 0.363 0.435 0.477 0.475 0.441 0.381 0.305 0.233 0.174 0.128 0.094 0.067 0.048 0.034 0.024 0.017 0.011 0.008 0.005 0.004 0.002
0.000 0.000 0.000 0.000 0.000 0.000 0.000 0.000 0.000 0.000 0.000 0.000 0.000 0.000 0.000 0.000 0.000 0.000 0.000 0.000 0.000 0.000 0.000 0.000 0.000 0.000 0.000 0.000 0.000 0.000 0.000 0.000 0.000 0.000 0.000 0.000 0.000 0.000 0.000 0.000 0.000 0.000 0.000 0.000 0.000 0.001 0.002 0.004 0.007 0.014 0.028 0.065 0.142 0.271 0.408 0.492 0.542 0.571 0.573 0.547 0.494 0.420 0.333 0.254 0.191 0.141 0.103 0.075 0.054 0.038 0.027 0.019 0.013 0.009 0.006 0.004 0.003
0.000 0.000 0.000 0.000 0.000 0.000 0.000 0.000 0.000 0.000 0.000 0.000 0.000 0.000 0.000 0.000 0.000 0.000 0.000 0.000 0.000 0.000 0.000 0.000 0.000 0.000 0.000 0.000 0.000 0.000 0.000 0.000 0.000 0.000 0.000 0.000 0.000 0.000 0.000 0.000 0.000 0.000 0.000 0.000 0.001 0.003 0.006 0.013 0.025 0.052 0.112 0.220 0.352 0.471 0.542 0.592 0.629 0.638 0.625 0.587 0.528 0.449 0.356 0.272 0.204 0.151 0.111 0.081 0.058 0.042 0.029 0.021 0.014 0.010 0.007 0.004 0.003
0.000 0.000 0.000 0.000 0.000 0.000 0.000 0.000 0.000 0.000 0.000 0.000 0.000 0.000 0.000 0.000 0.000 0.000 0.000 0.000 0.000 0.000 0.000 0.000 0.001 0.001 0.001 0.001 0.001 0.001 0.001 0.001 0.001 0.001 0.001 0.001 0.000 0.000 0.000 0.000 0.000 0.000 0.000 0.001 0.004 0.010 0.023 0.048 0.095 0.187 0.350 0.515 0.604 0.621 0.611 0.624 0.653 0.661 0.646 0.609 0.550 0.472 0.375 0.286 0.215 0.160 0.117 0.085 0.062 0.044 0.031 0.022 0.015 0.010 0.007 0.005 0.003
0.000 0.000 0.000 0.000 0.000 0.000 0.000 0.000 0.000 0.000 0.000 0.000 0.000 0.000 0.000 0.000 0.000 0.000 0.000 0.000 0.000 0.000 0.001 0.002 0.003 0.004 0.004 0.004 0.005 0.005 0.005 0.005 0.004 0.004 0.003 0.002 0.001 0.001 0.001 0.001 0.001 0.001 0.002 0.004 0.013 0.035 0.083 0.164 0.293 0.484 0.677 0.768 0.767 0.709 0.646 0.630 0.649 0.662 0.653 0.621 0.567 0.490 0.390 0.296 0.222 0.165 0.121 0.089 0.064 0.046 0.032 0.023 0.016 0.011 0.007 0.005 0.003
0.000 0.000 0.000 0.000 0.000 0.000 0.000 0.000 0.000 0.000 0.000 0.000 0.000 0.000 0.000 0.000 0.000 0.000 0.000 0.000 0.000 0.001 0.002 0.004 0.006 0.008 0.009 0.010 0.010 0.010 0.010 0.010 0.009 0.008 0.007 0.005 0.003 0.002 0.002 0.002 0.002 0.002 0.005 0.014 0.043 0.118 0.247 0.423 0.625 0.802 0.889 0.899 0.857 0.764 0.669 0.626 0.627 0.649 0.653 0.631 0.583 0.505 0.400 0.302 0.227 0.169 0.124 0.090 0.065 0.047 0.033 0.023 0.016 0.011 0.007 0.005 0.003
0.000 0.000 0.000 0.000 0.000 0.000 0.000 0.000 0.000 0.000 0.000 0.000 0.000 0.000 0.000 0.000 0.000 0.000 0.000 0.000 0.001 0.003 0.006 0.009 0.013 0.015 0.017 0.018 0.018 0.018 0.018 0.018 0.017 0.015 0.012 0.008 0.006 0.005 0.004 0.004 0.004 0.006 0.013 0.042 0.135 0.323 0.554 0.757 0.903 0.981 0.998 0.976 0.916 0.807 0.692 0.624 0.604 0.625 0.647 0.637 0.594 0.514 0.404 0.305 0.229 0.170 0.125 0.091 0.066 0.047 0.033 0.023 0.016 0.011 0.007 0.005 0.003
0.000 0.000 0.000 0.000 0.000 0.000 0.000 0.000 0.000 0.000 0.000 0.000 0.000 0.000 0.000 0.000 0.000 0.000 0.000 0.001 0.003 0.006 0.011 0.017 0.022 0.025 0.028 0.030 0.030 0.031 0.031 0.030 0.029 0.026 0.021 0.014 0.010 0.008 0.007 0.007 0.008 0.012 0.033 0.115 0.341 0.662 0.891 1.003 1.060 1.080 1.073 1.038 0.963 0.846 0.719 0.635 0.601 0.616 0.645 0.640 0.598 0.517 0.405 0.305 0.229 0.170 0.125 0.091 0.066 0.047 0.033 0.023 0.016 0.011 0.007 0.005 0.003
0.000 0.000 0.000 0.000 0.000 0.000 0.000 0.000 0.000 0.000 0.000 0.000 0.000 0.000 0.000 0.000 0.000 0.000 0.000 0.002 0.005 0.011 0.018 0.027 0.034 0.040 0.044 0.046 0.047 0.048 0.048 0.047 0.045 0.040 0.033 0.023 0.016 0.013 0.011 0.011 0.012 0.023 0.071 0.251 0.635 0.972 1.110 1.148 1.160 1.156 1.135 1.086 1.002 0.885 0.753 0.658 0.615 0.621 0.645 0.640 0.597 0.513 0.402 0.303 0.227 0.168 0.124 0.090 0.065 0.047 0.033 0.023 0.016 0.011 0.007 0.005 0.003
0.000 0.000 0.000 0.000 0.000 0.000 0.000 0.000 0.000 0.000 0.000 0.000 0.000 0.000 0.000 0.000 0.000 0.000 0.000 0.002 0.008 0.017 0.029 0.041 0.052 0.060 0.065 0.068 0.070 0.070 0.070 0.069 0.066 0.060 0.050 0.035 0.024 0.018 0.016 0.015 0.017 0.030 0.102 0.369 0.866 1.165 1.239 1.242 1.233 1.211 1.172 1.115 1.035 0.929 0.803 0.700 0.645 0.639 0.649 0.636 0.586 0.499 0.388 0.295 0.221 0.165 0.122 0.089 0.064 0.046 0.033 0.023 0.016 0.011 0.007 0.005 0.003
0.000 0.000 0.000 0.000 0.000 0.000 0.000 0.000 0.000 0.000 0.000 0.000 0.000 0.000 0.000 0.000 0.000 0.000 0.000 0.002 0.009 0.021 0.041 0.060 0.074 0.085 0.092 0.097 0.099 0.100 0.100 0.098 0.094 0.086 0.072 0.052 0.034 0.025 0.020 0.019 0.020 0.034 0.109 0.416 0.990 1.277 1.315 1.304 1.278 1.237 1.185 1.127 1.062 0.980 0.873 0.766 0.697 0.670 0.655 0.625 0.563 0.469 0.364 0.279 0.212 0.160 0.118 0.087 0.063 0.045 0.032 0.023 0.016 0.011 0.007 0.005 0.003
0.000 0.000 0.000 0.000 0.000 0.000 0.000 0.000 0.000 0.000 0.000 0.000 0.000 0.000 0.000 0.000 0.000 0.000 0.000 0.002 0.008 0.022 0.047 0.079 0.101 0.116 0.127 0.133 0.136 0.137 0.137 0.135 0.130 0.119 0.102 0.075 0.049 0.033 0.025 0.023 0.023 0.035 0.107 0.413 1.021 1.331 1.362 1.338 1.294 1.240 1.184 1.132 1.082 1.026 0.952 0.859 0.772 0.710 0.663 0.608 0.530 0.429 0.332 0.257 0.197 0.150 0.113 0.084 0.061 0.044 0.032 0.023 0.016 0.011 0.007 0.005 0.003
0.000 0.000 0.000 0.000 0.000 0.000 0.000 0.000 0.000 0.000 0.000 0.000 0.000 0.000 0.000 0.000 0.000 0.000 0.000 0.001 0.005 0.018 0.047 0.094 0.131 0.154 0.169 0.178 0.183 0.184 0.184 0.181 0.174 0.162 0.141 0.110 0.072 0.046 0.032 0.027 0.026 0.035 0.095 0.367 0.969 1.337 1.383 1.352 1.294 1.225 1.169 1.129 1.092 1.054 1.005 0.934 0.845 0.755 0.674 0.593 0.500 0.398 0.309 0.237 0.181 0.138 0.105 0.079 0.059 0.044 0.032 0.023 0.016 0.011 0.007 0.005 0.003
0.000 0.000 0.000 0.000 0.000 0.000 0.000 0.000 0.000 0.000 0.000 0.000 0.000 0.000 0.000 0.000 0.000 0.000 0.000 0.000 0.002 0.012 0.042 0.097 0.157 0.197 0.220 0.233 0.240 0.242 0.242 0.239 0.231 0.216 0.193 0.158 0.108 0.067 0.044 0.033 0.031 0.036 0.073 0.271 0.797 1.256 1.374 1.350 1.278 1.185 1.125 1.098 1.083 1.064 1.031 0.973 0.891 0.792 0.687 0.584 0.481 0.382 0.296 0.226 0.172 0.130 0.098 0.075 0.057 0.043 0.032 0.024 0.017 0.011 0.007 0.005 0.003
0.000 0.000 0.000 0.000 0.000 0.000 0.000 0.000 0.000 0.000 0.000 0.000 0.000 0.000 0.000 0.000 0.000 0.000 0.000 0.000 0.001 0.006 0.030 0.088 0.168 0.234 0.277 0.299 0.310 0.315 0.315 0.312 0.303 0.287 0.260 0.221 0.162 0.103 0.064 0.045 0.039 0.041 0.060 0.161 0.523 1.034 1.276 1.297 1.230 1.113 1.025 0.994 0.999 1.017 1.019 0.981 0.908 0.813 0.701 0.583 0.474 0.376 0.292 0.223 0.168 0.125 0.093 0.070 0.053 0.041 0.031 0.023 0.017 0.012 0.008 0.005 0.003
0.000 0.000 0.000 0.000 0.000 0.000 0.000 0.000 0.000 0.000 0.000 0.000 0.000 0.000 0.000 0.000 0.000 0.000 0.000 0.000 0.000 0.002 0.018 0.068 0.156 0.251 0.327 0.373 0.395 0.404 0.406 0.403 0.394 0.377 0.349 0.305 0.239 0.160 0.102 0.070 0.056 0.054 0.064 0.108 0.288 0.699 1.037 1.135 1.103 0.990 0.844 0.761 0.755 0.795 0.869 0.919 0.893 0.818 0.713 0.590 0.474 0.376 0.292 0.223 0.167 0.122 0.089 0.064 0.047 0.034 0.025 0.018 0.014 0.010 0.007 0.005 0.003
0.000 0.000 0.000 0.000 0.000 0.000 0.000 0.000 0.000 0.000 0.000 0.000 0.000 0.000 0.000 0.000 0.000 0.000 0.000 0.000 0.000 0.001 0.008 0.041 0.124 0.240 0.352 0.443 0.494 0.513 0.519 0.518 0.510 0.494 0.465 0.417 0.344 0.246 0.165 0.114 0.087 0.077 0.078 0.097 0.176 0.400 0.689 0.828 0.842 0.775 0.623 0.479 0.419 0.429 0.528 0.692 0.790 0.781 0.710 0.598 0.480 0.380 0.295 0.225 0.167 0.121 0.085 0.058 0.038 0.024 0.015 0.009 0.007 0.006 0.005 0.004 0.003
0.000 0.000 0.000 0.000 0.000 0.000 0.000 0.000 0.000 0.000 0.000 0.000 0.000 0.000 0.000 0.000 0.000 0.000 0.000 0.000 0.000 0.000 0.003 0.019 0.079 0.198 0.342 0.482 0.593 0.646 0.659 0.661 0.656 0.642 0.612 0.558 0.471 0.355 0.255 0.183 0.137 0.113 0.105 0.110 0.141 0.244 0.416 0.529 0.559 0.540 0.459 0.332 0.240 0.209 0.236 0.360 0.539 0.641 0.645 0.583 0.482 0.384 0.302 0.229 0.168 0.118 0.079 0.050 0.029 0.016 0.008 0.005 0.003 0.003 0.002 0.002 0.002
0.000 0.000 0.000 0.000 0.000 0.000 0.000 0.000 0.000 0.000 0.000 0.000 0.000 0.000 0.000 0.000 0.000 0.000 0.000 0.000 0.000 0.000 0.001 0.006 0.038 0.133 0.293 0.480 0.658 0.778 0.824 0.832 0.829 0.812 0.765 0.684 0.566 0.438 0.335 0.257 0.202 0.165 0.143 0.137 0.148 0.193 0.281 0.358 0.391 0.391 0.356 0.275 0.182 0.129 0.115 0.147 0.248 0.380 0.464 0.480 0.439 0.368 0.296 0.226 0.159 0.105 0.065 0.037 0.019 0.010 0.005 0.003 0.002 0.001 0.001 0.001 0.001
0.000 0.000 0.000 0.000 0.000 0.000 0.000 0.000 0.000 0.000 0.000 0.000 0.000 0.000 0.000 0.000 0.000 0.000 0.000 0.000 0.000 0.000 0.000 0.002 0.013 0.065 0.201 0.418 0.669 0.867 0.970 0.993 0.989 0.956 0.883 0.767 0.622 0.489 0.385 0.307 0.250 0.212 0.188 0.176 0.173 0.190 0.235 0.283 0.305 0.308 0.293 0.244 0.166 0.107 0.078 0.073 0.096 0.158 0.226 0.266 0.279 0.263 0.226 0.172 0.111 0.065 0.036 0.019 0.010 0.005 0.003 0.002 0.001 0.001 0.001 0.001 0.001
0.000 0.000 0.000 0.000 0.000 0.000 0.000 0.000 0.000 0.000 0.000 0.000 0.000 0.000 0.000 0.000 0.000 0.000 0.000 0.000 0.000 0.000 0.000 0.001 0.003 0.021 0.090 0.268 0.568 0.876 1.058 1.116 1.108 1.057 0.956 0.809 0.649 0.515 0.410 0.333 0.277 0.240 0.218 0.207 0.204 0.207 0.227 0.253 0.264 0.264 0.252 0.218 0.158 0.102 0.068 0.052 0.049 0.061 0.085 0.101 0.108 0.106 0.095 0.071 0.043 0.025 0.014 0.008 0.005 0.003 0.002 0.001 0.001 0.001 0.001 0.000 0.000
0.000 0.000 0.000 0.000 0.000 0.000 0.000 0.000 0.000 0.000 0.000 0.000 0.000 0.000 0.000 0.000 0.000 0.000 0.000 0.000 0.000 0.000 0.000 0.001 0.001 0.006 0.027 0.103 0.330 0.726 1.050 1.173 1.175 1.109 0.987 0.821 0.656 0.524 0.420 0.342 0.287 0.251 0.231 0.223 0.221 0.222 0.229 0.239 0.242 0.239 0.225 0.196 0.148 0.099 0.067 0.047 0.037 0.034 0.035 0.037 0.036 0.035 0.031 0.024 0.015 0.009 0.006 0.004 0.002 0.002 0.001 0.001 0.001 0.000 0.000 0.000 0.000
0.000 0.000 0.000 0.000 0.000 0.000 0.000 0.000 0.000 0.000 0.000 0.000 0.000 0.000 0.000 0.000 0.000 0.000 0.000 0.000 0.000 0.000 0.001 0.001 0.002 0.006 0.016 0.039 0.121 0.405 0.852 1.133 1.181 1.121 0.990 0.819 0.655 0.525 0.422 0.344 0.288 0.252 0.233 0.227 0.226 0.227 0.228 0.231 0.229 0.222 0.205 0.176 0.135 0.094 0.065 0.045 0.032 0.025 0.021 0.018 0.016 0.014 0.012 0.009 0.006 0.004 0.003 0.002 0.001 0.001 0.001 0.001 0.000 0.000 0.000 0.000 0.000
0.000 0.000 0.000 0.000 0.000 0.000 0.000 0.000 0.000 0.000 0.000 0.000 0.000 0.000 0.000 0.000 0.000 0.000 0.000 0.000 0.000 0.000 0.001 0.002 0.006 0.014 0.026 0.037 0.051 0.145 0.480 0.912 1.089 1.073 0.961 0.801 0.645 0.519 0.419 0.342 0.285 0.248 0.230 0.225 0.226 0.227 0.226 0.224 0.219 0.207 0.187 0.158 0.120 0.087 0.061 0.042 0.029 0.020 0.014 0.010 0.008 0.007 0.006 0.004 0.003 0.002 0.002 0.001 0.001 0.001 0.000 0.000 0.000 0.000 0.000 0.000 0.000
0.000 0.000 0.000 0.000 0.000 0.000 0.000 0.000 0.000 0.000 0.000 0.000 0.000 0.000 0.000 0.000 0.000 0.000 0.000 0.000 0.000 0.001 0.002 0.006 0.015 0.030 0.041 0.044 0.045 0.060 0.197 0.558 0.843 0.907 0.857 0.746 0.615 0.502 0.408 0.332 0.274 0.235 0.215 0.212 0.216 0.222 0.222 0.217 0.208 0.194 0.172 0.141 0.105 0.075 0.052 0.035 0.022 0.013 0.008 0.005 0.004 0.003 0.003 0.002 0.002 0.001 0.001 0.001 0.001 0.000 0.000 0.000 0.000 0.000 0.000 0.000 0.000
0.000 0.000 0.000 0.000 0.000 0.000 0.000 0.000 0.000 0.000 0.000 0.000 0.000 0.000 0.000 0.000 0.000 0.000 0.000 0.000 0.001 0.001 0.005 0.013 0.029 0.042 0.046 0.045 0.040 0.041 0.092 0.291 0.541 0.644 0.657 0.623 0.551 0.466 0.384 0.312 0.254 0.211 0.185 0.177 0.181 0.192 0.199 0.198 0.192 0.178 0.155 0.123 0.087 0.057 0.035 0.021 0.011 0.006 0.003 0.002 0.002 0.002 0.001 0.001 0.001 0.001 0.001 0.000 0.000 0.000 0.000 0.000 0.000 0.000 0.000 0.000 0.000
0.000 0.000 0.000 0.000 0.000 0.000 0.000 0.000 0.000 0.000 0.000 0.000 0.000 0.000 0.000 0.000 0.000 0.000 0.000 0.000 0.001 0.003 0.009 0.023 0.040 0.046 0.046 0.040 0.029 0.027 0.054 0.161 0.335 0.428 0.452 0.455 0.441 0.401 0.344 0.282 0.225 0.177 0.142 0.123 0.119 0.126 0.136 0.142 0.142 0.135 0.119 0.091 0.057 0.032 0.016 0.008 0.004 0.002 0.001 0.001 0.001 0.001 0.001 0.001 0.000 0.000 0.000 0.000 0.000 0.000 0.000 0.000 0.000 0.000 0.000 0.000 0.000
0.000 0.000 0.000 0.000 0.000 0.000 0.000 0.000 0.000 0.000 0.000 0.000 0.000 0.000 0.000 0.000 0.000 0.000 0.000 0.001 0.002 0.005 0.016 0.033 0.043 0.045 0.041 0.026 0.015 0.017 0.037 0.100 0.210 0.281 0.308 0.316 0.315 0.307 0.282 0.241 0.192 0.145 0.107 0.081 0.067 0.062 0.062 0.063 0.063 0.060 0.053 0.039 0.022 0.011 0.005 0.002 0.001 0.001 0.000 0.000 0.000 0.000 0.000 0.000 0.000 0.000 0.000 0.000 0.000 0.000 0.000 0.000 0.000 0.000 0.000 0.000 0.000
0.000 0.000 0.000 0.000 0.000 0.000 0.000 0.000 0.000 0.000 0.000 0.000 0.000 0.000 0.000 0.000 0.000 0.000 0.000 0.001 0.003 0.009 0.024 0.039 0.043 0.041 0.029 0.013 0.008 0.011 0.026 0.065 0.131 0.180 0.204 0.214 0.217 0.215 0.207 0.187 0.155 0.117 0.083 0.057 0.040 0.030 0.025 0.021 0.019 0.017 0.014 0.010 0.005 0.002 0.001 0.001 0.000 0.000 0.000 0.000 0.000 0.000 0.000 0.000 0.000 0.000 0.000 0.000 0.000 0.000 0.000 0.000 0.000 0.000 0.000 0.000 0.000
0.000 0.000 0.000 0.000 0.000 0.000 0.000 0.000 0.000 0.000 0.000 0.000 0.000 0.000 0.000 0.000 0.000 0.000 0.001 0.002 0.005 0.015 0.032 0.040 0.040 0.033 0.016 0.006 0.005 0.008 0.018 0.043 0.081 0.109 0.126 0.136 0.141 0.142 0.139 0.131 0.114 0.090 0.063 0.041 0.026 0.016 0.011 0.007 0.005 0.004 0.003 0.002 0.001 0.000 0.000 0.000 0.000 0.000 0.000 0.000 0.000 0.000 0.000 0.000 0.000 0.000 0.000 0.000 0.000 0.000 0.000 0.000 0.000 0.000 0.000 0.000 0.000
0.000 0.000 0.000 0.000 0.000 0.000 0.000 0.000 0.000 0.000 0.000 0.000 0.000 0.000 0.000 0.000 0.000 0.000 0.001 0.003 0.008 0.022 0.035 0.039 0.036 0.023 0.008 0.003 0.003 0.005 0.013 0.027 0.047 0.061 0.069 0.075 0.078 0.081 0.082 0.080 0.073 0.062 0.044 0.028 0.016 0.009 0.005 0.003 0.002 0.001 0.001 0.000 0.000 0.000 0.000 0.000 0.000 0.000 0.000 0.000 0.000 0.000 0.000 0.000 0.000 0.000 0.000 0.000 0.000 0.000 0.000 0.000 0.000 0.000 0.000 0.000 0.000
0.000 0.000 0.000 0.000 0.000 0.000 0.000 0.000 0.000 0.000 0.000 0.000 0.000 0.000 0.000 0.000 0.000 0.001 0.001 0.004 0.013 0.028 0.036 0.036 0.029 0.012 0.003 0.001 0.001 0.003 0.008 0.017 0.026 0.031 0.033 0.033 0.034 0.036 0.038 0.038 0.037 0.034 0.026 0.017 0.009 0.005 0.002 0.001 0.001 0.000 0.000 0.000 0.000 0.000 0.000 0.000 0.000 0.000 0.000 0.000 0.000 0.000 0.000 0.000 0.000 0.000 0.000 0.000 0.000 0.000 0.000 0.000 0.000 0.000 0.000 0.000 0.000
0.000 0.000 0.000 0.000 0.000 0.000 0.000 0.000 0.000 0.000 0.000 0.000 0.000 0.000 0.000 0.000 0.000 0.001 0.002 0.007 0.018 0.031 0.034 0.032 0.019 0.006 0.002 0.001 0.001 0.002 0.005 0.009 0.013 0.014 0.013 0.012 0.011 0.012 0.012 0.013 0.013 0.013 0.012 0.008 0.004 0.002 0.001 0.001 0.000 0.000 0.000 0.000 0.000 0.000 0.000 0.000 0.000 0.000 0.000 0.000 0.000 0.000 0.000 0.000 0.000 0.000 0.000 0.000 0.000 0.000 0.000 0.000 0.000 0.000 0.000 0.000 0.000
0.000 0.000 0.000 0.000 0.000 0.000 0.000 0.000 0.000 0.000 0.000 0.000 0.000 0.000 0.000 0.000 0.001 0.001 0.004 0.011 0.024 0.032 0.033 0.026 0.011 0.003 0.001 0.001 0.001 0.001 0.002 0.004 0.005 0.005 0.005 0.004 0.003 0.003 0.003 0.003 0.003 0.003 0.003 0.003 0.002 0.001 0.000 0.000 0.000 0.000 0.000 0.000 0.000 0.000 0.000 0.000 0.000 0.000 0.000 0.000 0.000 0.000 0.000 0.000 0.000 0.000 0.000 0.000 0.000 0.000 0.000 0.000 0.000 0.000 0.000 0.000 0.000
