RESULTS/r.avaflow_results/31_results/31_ascii/31_hflow0005.asc
ncols 506
nrows 317
xllcenter 498237.50
yllcenter 5580050.00
cellsize 12.50
NODATA_value -9999.000
[rows 170 to 203 of 317, columns 77 to 153 of 506]
0.000 0.000 0.000 0.000 0.000 0.000 0.000 0.000 0.000 0.000 0.000 0.000 0.000 0.000 0.000 0.000 0.000 0.000 0.000 0.000 0.000 0.000 0.000 0.000 0.000 0.000 0.000 0.000 0.000 0.000 0.000 0.000 0.000 0.000 0.000 0.000 0.000 0.000 0.000 0.000 0.000 0.000 0.000 0.000 0.000 0.000 0.000 0.001 0.002 0.004 0.008 0.013 0.022 0.048 0.138 0.429 1.188 2.773 5.315 8.244 10.828 12.913 14.457 15.364 15.645 15.534 15.159 14.677 14.175 13.473 12.437 11.213 10.167 9.455 8.960 8.579 8.290
0.000 0.000 0.000 0.000 0.000 0.000 0.000 0.000 0.000 0.000 0.000 0.000 0.000 0.000 0.000 0.000 0.000 0.000 0.000 0.000 0.000 0.000 0.000 0.000 0.000 0.000 0.000 0.000 0.000 0.000 0.000 0.000 0.000 0.000 0.000 0.000 0.000 0.000 0.000 0.000 0.000 0.000 0.000 0.000 0.000 0.000 0.001 0.002 0.004 0.008 0.013 0.021 0.041 0.105 0.347 1.053 2.503 4.772 7.680 10.499 12.806 14.547 15.677 16.188 16.220 15.939 15.385 14.745 14.107 13.376 12.536 11.835 11.463 11.320 11.302 11.345 11.495
0.000 0.000 0.000 0.000 0.000 0.000 0.000 0.000 0.000 0.000 0.000 0.000 0.000 0.000 0.000 0.000 0.000 0.000 0.000 0.000 0.000 0.000 0.000 0.000 0.000 0.000 0.000 0.000 0.000 0.000 0.000 0.000 0.000 0.000 0.000 0.000 0.000 0.000 0.000 0.000 0.000 0.000 0.000 0.000 0.000 0.000 0.001 0.004 0.009 0.016 0.027 0.044 0.083 0.200 0.560 1.522 3.352 5.965 8.971 11.638 13.769 15.251 16.058 16.322 16.274 15.935 15.365 14.779 14.252 13.782 13.448 13.344 13.388 13.424 13.516 13.856 14.552
0.000 0.000 0.000 0.000 0.000 0.000 0.000 0.000 0.000 0.000 0.000 0.000 0.000 0.000 0.000 0.000 0.000 0.000 0.000 0.000 0.000 0.000 0.000 0.000 0.000 0.000 0.000 0.000 0.000 0.000 0.000 0.000 0.000 0.000 0.000 0.000 0.000 0.000 0.000 0.000 0.000 0.000 0.000 0.000 0.000 0.001 0.003 0.008 0.018 0.038 0.065 0.105 0.182 0.341 0.714 1.678 3.553 6.260 9.285 11.872 13.906 15.273 15.963 16.158 16.095 15.819 15.403 15.111 14.985 14.971 14.971 14.909 14.860 14.863 15.063 15.727 16.929
0.000 0.000 0.000 0.000 0.000 0.000 0.000 0.000 0.000 0.000 0.000 0.000 0.000 0.000 0.000 0.000 0.000 0.000 0.000 0.000 0.000 0.000 0.000 0.000 0.000 0.000 0.000 0.000 0.000 0.000 0.000 0.000 0.000 0.000 0.000 0.000 0.000 0.000 0.000 0.000 0.000 0.000 0.000 0.000 0.001 0.002 0.007 0.018 0.043 0.093 0.146 0.210 0.321 0.503 0.821 1.646 3.374 6.013 9.092 11.636 13.548 14.797 15.442 15.707 15.817 15.842 15.826 15.872 15.923 15.944 15.869 15.695 15.621 15.720 16.158 17.063 18.431
0.000 0.000 0.000 0.000 0.000 0.000 0.000 0.000 0.000 0.000 0.000 0.000 0.000 0.000 0.000 0.000 0.000 0.000 0.000 0.000 0.000 0.000 0.000 0.000 0.000 0.000 0.000 0.000 0.000 0.000 0.000 0.000 0.000 0.000 0.000 0.000 0.000 0.000 0.000 0.000 0.000 0.000 0.000 0.001 0.002 0.007 0.020 0.050 0.114 0.229 0.326 0.409 0.525 0.697 0.922 1.466 2.773 5.138 8.301 10.941 12.766 13.908 14.589 15.081 15.538 15.922 16.128 16.186 16.196 16.158 16.016 15.824 15.776 15.983 16.618 17.630 18.907
0.000 0.000 0.000 0.000 0.000 0.000 0.000 0.000 0.000 0.000 0.000 0.000 0.000 0.000 0.000 0.000 0.000 0.000 0.000 0.000 0.000 0.000 0.000 0.000 0.000 0.000 0.000 0.000 0.000 0.000 0.000 0.000 0.000 0.000 0.000 0.000 0.000 0.000 0.000 0.000 0.000 0.001 0.002 0.004 0.009 0.023 0.059 0.140 0.291 0.504 0.661 0.768 0.879 1.017 1.089 1.337 2.200 4.131 7.244 10.127 11.997 13.093 13.810 14.477 15.178 15.706 15.905 15.904 15.835 15.702 15.461 15.266 15.250 15.556 16.313 17.389 18.630
0.000 0.000 0.000 0.000 0.000 0.000 0.000 0.000 0.000 0.000 0.000 0.000 0.000 0.000 0.000 0.000 0.000 0.000 0.000 0.000 0.000 0.000 0.000 0.000 0.000 0.000 0.000 0.000 0.000 0.000 0.000 0.000 0.000 0.000 0.000 0.000 0.000 0.000 0.001 0.001 0.002 0.003 0.005 0.011 0.026 0.065 0.161 0.358 0.661 0.962 1.176 1.292 1.371 1.428 1.326 1.358 1.985 3.621 6.557 9.464 11.288 12.331 13.055 13.758 14.414 14.800 14.875 14.782 14.587 14.303 13.939 13.714 13.702 14.056 14.948 16.210 17.594
0.000 0.000 0.000 0.000 0.000 0.000 0.000 0.000 0.000 0.000 0.000 0.000 0.000 0.000 0.000 0.000 0.000 0.000 0.000 0.000 0.000 0.000 0.000 0.000 0.000 0.000 0.000 0.000 0.000 0.000 0.000 0.000 0.000 0.000 0.001 0.001 0.001 0.002 0.003 0.004 0.006 0.009 0.015 0.030 0.066 0.161 0.376 0.788 1.233 1.513 1.657 1.713 1.710 1.616 1.384 1.353 1.898 3.379 6.086 8.767 10.400 11.327 11.993 12.586 13.016 13.177 13.136 12.934 12.582 12.061 11.592 11.382 11.433 11.956 13.042 14.507 16.129
0.000 0.000 0.000 0.000 0.000 0.000 0.000 0.000 0.000 0.000 0.000 0.000 0.000 0.000 0.000 0.000 0.000 0.000 0.000 0.000 0.000 0.000 0.000 0.000 0.000 0.000 0.000 0.000 0.000 0.000 0.001 0.001 0.002 0.002 0.003 0.004 0.005 0.006 0.008 0.010 0.015 0.022 0.037 0.070 0.153 0.352 0.761 1.310 1.705 1.891 1.955 1.952 1.865 1.640 1.300 1.249 1.779 3.187 5.671 7.924 9.169 9.853 10.384 10.826 11.080 11.124 11.012 10.696 10.178 9.588 9.244 9.204 9.521 10.344 11.585 13.067 14.694
0.000 0.000 0.000 0.000 0.000 0.000 0.000 0.000 0.000 0.000 0.000 0.000 0.000 0.000 0.000 0.000 0.000 0.000 0.000 0.000 0.000 0.000 0.000 0.000 0.000 0.000 0.000 0.000 0.000 0.001 0.003 0.005 0.007 0.008 0.009 0.011 0.012 0.015 0.019 0.025 0.034 0.050 0.080 0.148 0.316 0.707 1.251 1.691 1.950 2.062 2.084 2.039 1.889 1.593 1.179 1.074 1.556 2.902 5.161 6.930 7.748 8.099 8.380 8.645 8.807 8.835 8.714 8.404 7.951 7.567 7.408 7.503 8.028 9.003 10.271 11.683 13.210
0.000 0.000 0.000 0.000 0.000 0.000 0.000 0.000 0.000 0.000 0.000 0.000 0.000 0.000 0.000 0.000 0.000 0.000 0.000 0.000 0.000 0.000 0.000 0.000 0.000 0.000 0.000 0.000 0.002 0.004 0.009 0.016 0.019 0.022 0.024 0.027 0.030 0.035 0.043 0.055 0.073 0.103 0.159 0.281 0.590 1.194 1.659 1.885 2.025 2.092 2.100 2.034 1.825 1.450 1.027 0.865 1.210 2.378 4.371 5.828 6.420 6.547 6.563 6.567 6.589 6.588 6.516 6.312 6.031 5.874 5.872 6.114 6.743 7.721 8.912 10.189 11.518
0.000 0.000 0.000 0.000 0.000 0.000 0.000 0.000 0.000 0.000 0.000 0.000 0.000 0.000 0.000 0.000 0.000 0.000 0.000 0.000 0.000 0.000 0.000 0.000 0.000 0.000 0.000 0.002 0.005 0.011 0.023 0.039 0.048 0.053 0.058 0.063 0.069 0.077 0.091 0.113 0.145 0.198 0.295 0.492 0.938 1.554 1.845 1.949 2.017 2.048 2.021 1.893 1.568 1.119 0.783 0.633 0.797 1.593 3.200 4.539 5.069 5.111 5.024 4.883 4.790 4.733 4.662 4.524 4.394 4.365 4.468 4.836 5.502 6.397 7.414 8.487 9.578
0.000 0.000 0.000 0.000 0.000 0.000 0.000 0.000 0.000 0.000 0.000 0.000 0.000 0.000 0.000 0.000 0.000 0.000 0.000 0.000 0.000 0.000 0.000 0.000 0.000 0.000 0.002 0.005 0.011 0.025 0.051 0.086 0.108 0.120 0.129 0.139 0.150 0.165 0.188 0.222 0.273 0.360 0.521 0.808 1.262 1.683 1.867 1.927 1.933 1.869 1.715 1.438 1.009 0.625 0.431 0.365 0.452 0.880 1.907 3.040 3.625 3.770 3.733 3.616 3.492 3.385 3.263 3.114 3.029 3.023 3.137 3.519 4.158 4.930 5.767 6.674 7.663
0.000 0.000 0.000 0.000 0.000 0.000 0.000 0.000 0.000 0.000 0.000 0.000 0.000 0.000 0.000 0.000 0.000 0.000 0.000 0.000 0.000 0.000 0.000 0.000 0.000 0.001 0.004 0.010 0.023 0.049 0.099 0.174 0.225 0.252 0.272 0.291 0.313 0.338 0.371 0.420 0.496 0.627 0.838 1.118 1.428 1.663 1.771 1.778 1.677 1.429 1.087 0.756 0.478 0.303 0.210 0.178 0.220 0.432 0.987 1.791 2.348 2.607 2.672 2.644 2.562 2.440 2.255 2.044 1.926 1.892 1.933 2.127 2.548 3.169 3.929 4.826 5.828
0.000 0.000 0.000 0.000 0.000 0.000 0.000 0.000 0.000 0.000 0.000 0.000 0.000 0.000 0.000 0.000 0.000 0.000 0.000 0.000 0.000 0.000 0.000 0.000 0.001 0.003 0.008 0.019 0.043 0.090 0.180 0.320 0.431 0.499 0.544 0.582 0.619 0.658 0.705 0.777 0.869 0.980 1.111 1.272 1.433 1.518 1.502 1.379 1.099 0.755 0.487 0.323 0.218 0.149 0.108 0.092 0.106 0.196 0.457 0.930 1.374 1.661 1.800 1.832 1.801 1.697 1.491 1.244 1.094 1.028 1.008 1.048 1.219 1.593 2.194 2.993 3.886
0.000 0.000 0.000 0.000 0.000 0.000 0.000 0.000 0.000 0.000 0.000 0.000 0.000 0.000 0.000 0.000 0.000 0.000 0.000 0.000 0.000 0.000 0.000 0.001 0.002 0.006 0.015 0.035 0.075 0.153 0.300 0.540 0.755 0.899 0.994 1.061 1.111 1.155 1.198 1.239 1.257 1.244 1.241 1.282 1.309 1.235 1.040 0.757 0.480 0.292 0.185 0.129 0.098 0.077 0.060 0.051 0.055 0.088 0.196 0.423 0.715 0.951 1.097 1.153 1.148 1.073 0.901 0.685 0.548 0.476 0.437 0.425 0.462 0.617 0.958 1.462 1.921
0.000 0.000 0.000 0.000 0.000 0.000 0.000 0.000 0.000 0.000 0.000 0.000 0.000 0.000 0.000 0.000 0.000 0.000 0.000 0.000 0.000 0.000 0.001 0.002 0.005 0.013 0.029 0.061 0.125 0.243 0.451 0.769 1.057 1.258 1.392 1.474 1.520 1.543 1.551 1.527 1.461 1.348 1.248 1.156 1.006 0.777 0.522 0.312 0.172 0.096 0.062 0.049 0.044 0.041 0.035 0.030 0.030 0.042 0.081 0.171 0.319 0.472 0.580 0.628 0.627 0.580 0.470 0.338 0.253 0.204 0.177 0.166 0.167 0.200 0.316 0.517 0.647
0.000 0.000 0.000 0.000 0.000 0.000 0.000 0.000 0.000 0.000 0.000 0.000 0.000 0.000 0.000 0.000 0.000 0.000 0.000 0.000 0.000 0.001 0.002 0.005 0.011 0.024 0.053 0.109 0.206 0.363 0.601 0.927 1.223 1.428 1.563 1.649 1.695 1.701 1.679 1.612 1.494 1.326 1.103 0.829 0.559 0.344 0.198 0.106 0.053 0.028 0.019 0.018 0.020 0.021 0.021 0.019 0.018 0.022 0.036 0.068 0.124 0.199 0.256 0.280 0.278 0.254 0.206 0.151 0.114 0.091 0.077 0.071 0.070 0.074 0.099 0.144 0.159
0.000 0.000 0.000 0.000 0.000 0.000 0.000 0.000 0.000 0.000 0.000 0.000 0.000 0.000 0.000 0.000 0.000 0.000 0.000 0.000 0.001 0.002 0.005 0.010 0.022 0.048 0.101 0.195 0.336 0.524 0.752 1.036 1.302 1.476 1.588 1.666 1.703 1.692 1.630 1.512 1.324 1.043 0.692 0.392 0.215 0.117 0.060 0.029 0.014 0.007 0.006 0.006 0.009 0.011 0.011 0.011 0.011 0.013 0.019 0.031 0.051 0.078 0.098 0.105 0.104 0.097 0.083 0.066 0.054 0.044 0.038 0.035 0.035 0.036 0.041 0.048 0.049
0.000 0.000 0.000 0.000 0.000 0.000 0.000 0.000 0.000 0.000 0.000 0.000 0.000 0.000 0.000 0.000 0.000 0.000 0.000 0.001 0.002 0.005 0.010 0.022 0.046 0.097 0.196 0.352 0.540 0.719 0.886 1.093 1.318 1.467 1.546 1.585 1.571 1.483 1.300 1.047 0.758 0.468 0.245 0.122 0.061 0.030 0.014 0.007 0.003 0.002 0.002 0.002 0.004 0.005 0.006 0.006 0.007 0.008 0.011 0.017 0.025 0.034 0.040 0.042 0.042 0.041 0.037 0.032 0.027 0.024 0.021 0.020 0.020 0.020 0.021 0.023 0.023
0.000 0.000 0.000 0.000 0.000 0.000 0.000 0.000 0.000 0.000 0.000 0.000 0.000 0.000 0.000 0.000 0.000 0.000 0.000 0.001 0.004 0.010 0.022 0.045 0.095 0.201 0.384 0.578 0.733 0.846 0.948 1.102 1.277 1.373 1.397 1.350 1.207 0.942 0.637 0.384 0.220 0.115 0.056 0.026 0.012 0.006 0.003 0.001 0.001 0.001 0.001 0.001 0.002 0.002 0.003 0.003 0.004 0.004 0.006 0.010 0.014 0.018 0.020 0.020 0.021 0.020 0.019 0.017 0.015 0.013 0.012 0.012 0.012 0.012 0.012 0.013 0.013
0.000 0.000 0.000 0.000 0.000 0.000 0.000 0.000 0.000 0.000 0.000 0.000 0.000 0.000 0.000 0.000 0.000 0.000 0.001 0.002 0.006 0.017 0.039 0.086 0.181 0.352 0.562 0.713 0.815 0.883 0.948 1.052 1.131 1.140 1.068 0.878 0.605 0.346 0.183 0.090 0.044 0.020 0.009 0.004 0.002 0.001 0.001 0.001 0.000 0.000 0.001 0.001 0.001 0.001 0.001 0.001 0.002 0.002 0.004 0.006 0.008 0.010 0.011 0.011 0.011 0.011 0.010 0.010 0.008 0.008 0.007 0.007 0.007 0.007 0.007 0.007 0.007
0.000 0.000 0.000 0.000 0.000 0.000 0.000 0.000 0.000 0.000 0.000 0.000 0.000 0.000 0.000 0.000 0.000 0.000 0.001 0.002 0.007 0.022 0.055 0.121 0.244 0.435 0.620 0.740 0.821 0.862 0.876 0.866 0.803 0.683 0.522 0.342 0.191 0.094 0.042 0.018 0.007 0.003 0.001 0.001 0.001 0.000 0.000 0.000 0.000 0.000 0.000 0.000 0.000 0.000 0.000 0.001 0.001 0.001 0.002 0.003 0.004 0.005 0.006 0.006 0.006 0.006 0.006 0.005 0.004 0.004 0.004 0.004 0.004 0.004 0.004 0.004 0.004
0.000 0.000 0.000 0.000 0.000 0.000 0.000 0.000 0.000 0.000 0.000 0.000 0.000 0.000 0.000 0.000 0.000 0.000 0.001 0.002 0.008 0.025 0.067 0.151 0.288 0.465 0.617 0.713 0.755 0.728 0.631 0.490 0.363 0.263 0.176 0.102 0.051 0.023 0.010 0.004 0.001 0.001 0.001 0.001 0.000 0.000 0.000 0.000 0.000 0.000 0.000 0.000 0.000 0.000 0.000 0.000 0.000 0.000 0.001 0.001 0.002 0.002 0.003 0.003 0.003 0.003 0.002 0.002 0.002 0.002 0.002 0.002 0.002 0.002 0.002 0.002 0.002
0.000 0.000 0.000 0.000 0.000 0.000 0.000 0.000 0.000 0.000 0.000 0.000 0.000 0.000 0.000 0.000 0.000 0.000 0.001 0.002 0.010 0.032 0.089 0.200 0.338 0.467 0.550 0.568 0.500 0.385 0.268 0.181 0.126 0.085 0.052 0.029 0.015 0.007 0.003 0.001 0.001 0.001 0.001 0.000 0.000 0.000 0.000 0.000 0.000 0.000 0.000 0.000 0.000 0.000 0.000 0.000 0.000 0.000 0.000 0.000 0.001 0.001 0.001 0.001 0.001 0.001 0.001 0.001 0.001 0.001 0.000 0.000 0.000 0.000 0.001 0.001 0.001
0.000 0.000 0.000 0.000 0.000 0.000 0.000 0.000 0.000 0.000 0.000 0.000 0.000 0.000 0.000 0.000 0.000 0.000 0.001 0.005 0.017 0.055 0.148 0.279 0.374 0.415 0.390 0.300 0.195 0.127 0.085 0.057 0.040 0.028 0.018 0.011 0.006 0.003 0.001 0.001 0.001 0.000 0.000 0.000 0.000 0.000 0.000 0.000 0.000 0.000 0.000 0.000 0.000 0.000 0.000 0.000 0.000 0.000 0.000 0.000 0.000 0.000 0.000 0.000 0.000 0.000 0.000 0.000 0.000 0.000 0.000 0.000 0.000 0.000 0.000 0.000 0.000
0.000 0.000 0.000 0.000 0.000 0.000 0.000 0.000 0.000 0.000 0.000 0.000 0.000 0.000 0.000 0.000 0.000 0.001 0.002 0.009 0.032 0.095 0.220 0.322 0.357 0.347 0.270 0.153 0.081 0.048 0.033 0.024 0.018 0.014 0.011 0.007 0.004 0.002 0.001 0.001 0.001 0.000 0.000 0.000 0.000 0.000 0.000 0.000 0.000 0.000 0.000 0.000 0.000 0.000 0.000 0.000 0.000 0.000 0.000 0.000 0.000 0.000 0.000 0.000 0.000 0.000 0.000 0.000 0.000 0.000 0.000 0.000 0.000 0.000 0.000 0.000 0.000
0.000 0.000 0.000 0.000 0.000 0.000 0.000 0.000 0.000 0.000 0.000 0.000 0.000 0.000 0.000 0.000 0.000 0.001 0.004 0.016 0.051 0.141 0.262 0.321 0.327 0.286 0.174 0.082 0.044 0.028 0.020 0.016 0.013 0.010 0.008 0.005 0.002 0.001 0.001 0.001 0.000 0.000 0.000 0.000 0.000 0.000 0.000 0.000 0.000 0.000 0.000 0.000 0.000 0.000 0.000 0.000 0.000 0.000 0.000 0.000 0.000 0.000 0.000 0.000 0.000 0.000 0.000 0.000 0.000 0.000 0.000 0.000 0.000 0.000 0.000 0.000 0.000
0.000 0.000 0.000 0.000 0.000 0.000 0.000 0.000 0.000 0.000 0.000 0.000 0.000 0.000 0.000 0.000 0.001 0.002 0.007 0.024 0.074 0.184 0.277 0.301 0.287 0.209 0.100 0.049 0.029 0.021 0.016 0.013 0.010 0.008 0.005 0.002 0.001 0.001 0.001 0.000 0.000 0.000 0.000 0.000 0.000 0.000 0.000 0.000 0.000 0.000 0.000 0.000 0.000 0.000 0.000 0.000 0.000 0.000 0.000 0.000 0.000 0.000 0.000 0.000 0.000 0.000 0.000 0.000 0.000 0.000 0.000 0.000 0.000 0.000 0.000 0.000 0.000
0.000 0.000 0.000 0.000 0.000 0.000 0.000 0.000 0.000 0.000 0.000 0.000 0.000 0.000 0.000 0.000 0.001 0.003 0.010 0.035 0.103 0.214 0.271 0.275 0.234 0.133 0.061 0.034 0.023 0.017 0.013 0.011 0.008 0.006 0.003 0.002 0.001 0.001 0.000 0.000 0.000 0.000 0.000 0.000 0.000 0.000 0.000 0.000 0.000 0.000 0.000 0.000 0.000 0.000 0.000 0.000 0.000 0.000 0.000 0.000 0.000 0.000 0.000 0.000 0.000 0.000 0.000 0.000 0.000 0.000 0.000 0.000 0.000 0.000 0.000 0.000 0.000
0.000 0.000 0.000 0.000 0.000 0.000 0.000 0.000 0.000 0.000 0.000 0.000 0.000 0.000 0.000 0.000 0.001 0.004 0.016 0.052 0.137 0.228 0.254 0.244 0.175 0.080 0.041 0.026 0.018 0.014 0.011 0.008 0.006 0.004 0.002 0.001 0.001 0.000 0.000 0.000 0.000 0.000 0.000 0.000 0.000 0.000 0.000 0.000 0.000 0.000 0.000 0.000 0.000 0.000 0.000 0.000 0.000 0.000 0.000 0.000 0.000 0.000 0.000 0.000 0.000 0.000 0.000 0.000 0.000 0.000 0.000 0.000 0.000 0.000 0.000 0.000 0.000
0.000 0.000 0.000 0.000 0.000 0.000 0.000 0.000 0.000 0.000 0.000 0.000 0.000 0.000 0.000 0.001 0.002 0.007 0.024 0.073 0.167 0.226 0.233 0.200 0.112 0.052 0.030 0.021 0.015 0.012 0.009 0.007 0.005 0.003 0.002 0.001 0.001 0.000 0.000 0.000 0.000 0.000 0.000 0.000 0.000 0.000 0.000 0.000 0.000 0.000 0.000 0.000 0.000 0.000 0.000 0.000 0.000 0.000 0.000 0.000 0.000 0.000 0.000 0.000 0.000 0.000 0.000 0.000 0.000 0.000 0.000 0.000 0.000 0.000 0.000 0.000 0.000
0.000 0.000 0.000 0.000 0.000 0.000 0.000 0.000 0.000 0.000 0.000 0.000 0.000 0.000 0.000 0.001 0.002 0.010 0.035 0.102 0.188 0.217 0.211 0.155 0.073 0.037 0.024 0.017 0.013 0.009 0.007 0.005 0.003 0.002 0.001 0.001 0.001 0.000 0.000 0.000 0.000 0.000 0.000 0.000 0.000 0.000 0.000 0.000 0.000 0.000 0.000 0.000 0.000 0.000 0.000 0.000 0.000 0.000 0.000 0.000 0.000 0.000 0.000 0.000 0.000 0.000 0.000 0.000 0.000 0.000 0.000 0.000 0.000 0.000 0.000 0.000 0.000
