RESULTS/r.avaflow_results/31_results/31_ascii/31_hflow10030.asc
ncols 506
nrows 317
xllcenter 498237.50
yllcenter 5580050.00
cellsize 12.50
NODATA_value -9999.000
[rows 170 to 203 of 317, columns 77 to 153 of 506]
0.000 0.000 0.000 0.000 0.000 0.000 0.000 0.000 0.000 0.000 0.000 0.000 0.000 0.000 0.000 0.000 0.000 0.000 0.000 0.000 0.000 0.000 0.000 0.000 0.000 0.000 0.000 0.000 0.000 0.000 0.000 0.000 0.000 0.000 0.000 0.000 0.000 0.000 0.000 0.000 0.000 0.000 0.000 0.000 0.000 0.000 0.001 0.001 0.002 0.005 0.008 0.017 0.043 0.105 0.207 0.295 0.368 0.442 0.486 0.485 0.452 0.394 0.319 0.244 0.184 0.136 0.100 0.072 0.052 0.037 0.026 0.018 0.013 0.009 0.006 0.004 0.003
0.000 0.000 0.000 0.000 0.000 0.000 0.000 0.000 0.000 0.000 0.000 0.000 0.000 0.000 0.000 0.000 0.000 0.000 0.000 0.000 0.000 0.000 0.000 0.000 0.000 0.000 0.000 0.000 0.000 0.000 0.000 0.000 0.000 0.000 0.000 0.000 0.000 0.000 0.000 0.000 0.000 0.000 0.000 0.000 0.000 0.001 0.002 0.004 0.007 0.014 0.029 0.066 0.143 0.273 0.410 0.495 0.547 0.578 0.581 0.556 0.505 0.433 0.346 0.265 0.200 0.149 0.109 0.080 0.058 0.041 0.029 0.021 0.014 0.010 0.007 0.005 0.003
0.000 0.000 0.000 0.000 0.000 0.000 0.000 0.000 0.000 0.000 0.000 0.000 0.000 0.000 0.000 0.000 0.000 0.000 0.000 0.000 0.000 0.000 0.000 0.000 0.000 0.000 0.000 0.000 0.000 0.000 0.000 0.000 0.000 0.000 0.000 0.000 0.000 0.000 0.000 0.000 0.000 0.000 0.000 0.000 0.001 0.003 0.006 0.013 0.025 0.052 0.113 0.222 0.354 0.473 0.544 0.594 0.633 0.643 0.631 0.596 0.538 0.461 0.368 0.282 0.213 0.159 0.117 0.086 0.062 0.045 0.032 0.022 0.016 0.011 0.007 0.005 0.003
0.000 0.000 0.000 0.000 0.000 0.000 0.000 0.000 0.000 0.000 0.000 0.000 0.000 0.000 0.000 0.000 0.000 0.000 0.000 0.000 0.000 0.000 0.000 0.001 0.001 0.001 0.002 0.002 0.002 0.002 0.002 0.002 0.002 0.001 0.001 0.001 0.001 0.000 0.000 0.000 0.000 0.000 0.000 0.001 0.004 0.010 0.023 0.047 0.095 0.187 0.351 0.518 0.606 0.623 0.613 0.626 0.656 0.664 0.651 0.616 0.559 0.482 0.387 0.296 0.223 0.167 0.123 0.090 0.066 0.047 0.034 0.024 0.017 0.011 0.008 0.005 0.004
0.000 0.000 0.000 0.000 0.000 0.000 0.000 0.000 0.000 0.000 0.000 0.000 0.000 0.000 0.000 0.000 0.000 0.000 0.000 0.000 0.000 0.000 0.001 0.002 0.004 0.004 0.005 0.005 0.005 0.005 0.005 0.005 0.005 0.004 0.003 0.002 0.002 0.001 0.001 0.001 0.001 0.001 0.002 0.004 0.013 0.035 0.082 0.163 0.292 0.484 0.678 0.769 0.768 0.710 0.648 0.633 0.652 0.666 0.658 0.628 0.575 0.500 0.402 0.306 0.231 0.173 0.128 0.093 0.068 0.049 0.035 0.025 0.017 0.012 0.008 0.005 0.004
0.000 0.000 0.000 0.000 0.000 0.000 0.000 0.000 0.000 0.000 0.000 0.000 0.000 0.000 0.000 0.000 0.000 0.000 0.000 0.000 0.000 0.001 0.003 0.005 0.008 0.009 0.010 0.011 0.011 0.011 0.011 0.011 0.010 0.009 0.007 0.005 0.004 0.003 0.002 0.002 0.002 0.002 0.005 0.013 0.042 0.117 0.244 0.420 0.623 0.800 0.888 0.898 0.857 0.764 0.671 0.628 0.630 0.652 0.657 0.636 0.589 0.514 0.412 0.312 0.235 0.176 0.130 0.095 0.069 0.050 0.035 0.025 0.017 0.012 0.008 0.006 0.004
0.000 0.000 0.000 0.000 0.000 0.000 0.000 0.000 0.000 0.000 0.000 0.000 0.000 0.000 0.000 0.000 0.000 0.000 0.000 0.000 0.001 0.003 0.007 0.010 0.014 0.017 0.018 0.019 0.020 0.020 0.020 0.019 0.018 0.016 0.013 0.009 0.006 0.005 0.004 0.004 0.004 0.006 0.013 0.041 0.132 0.318 0.549 0.752 0.898 0.978 0.994 0.974 0.914 0.807 0.693 0.626 0.607 0.628 0.652 0.643 0.600 0.523 0.416 0.315 0.237 0.177 0.131 0.096 0.069 0.050 0.036 0.025 0.018 0.012 0.008 0.006 0.004
0.000 0.000 0.000 0.000 0.000 0.000 0.000 0.000 0.000 0.000 0.000 0.000 0.000 0.000 0.000 0.000 0.000 0.000 0.000 0.001 0.003 0.007 0.012 0.018 0.023 0.027 0.030 0.031 0.032 0.032 0.032 0.031 0.030 0.027 0.021 0.015 0.011 0.008 0.007 0.007 0.008 0.012 0.032 0.113 0.335 0.653 0.883 0.996 1.053 1.074 1.067 1.033 0.960 0.845 0.719 0.637 0.604 0.618 0.649 0.646 0.606 0.527 0.417 0.315 0.237 0.177 0.131 0.096 0.070 0.050 0.036 0.025 0.017 0.012 0.008 0.006 0.004
0.000 0.000 0.000 0.000 0.000 0.000 0.000 0.000 0.000 0.000 0.000 0.000 0.000 0.000 0.000 0.000 0.000 0.000 0.000 0.002 0.006 0.012 0.020 0.029 0.036 0.042 0.045 0.047 0.048 0.049 0.049 0.048 0.045 0.041 0.033 0.023 0.016 0.013 0.011 0.011 0.012 0.023 0.070 0.246 0.624 0.960 1.100 1.139 1.151 1.147 1.127 1.080 0.998 0.883 0.753 0.660 0.617 0.624 0.650 0.646 0.605 0.524 0.413 0.313 0.235 0.176 0.130 0.095 0.069 0.050 0.035 0.025 0.017 0.012 0.008 0.006 0.004
0.000 0.000 0.000 0.000 0.000 0.000 0.000 0.000 0.000 0.000 0.000 0.000 0.000 0.000 0.000 0.000 0.000 0.000 0.000 0.003 0.009 0.019 0.031 0.044 0.054 0.061 0.066 0.069 0.071 0.071 0.071 0.070 0.067 0.060 0.049 0.035 0.024 0.018 0.015 0.015 0.017 0.030 0.100 0.362 0.852 1.151 1.226 1.229 1.222 1.200 1.163 1.108 1.030 0.927 0.802 0.700 0.647 0.643 0.654 0.643 0.595 0.510 0.399 0.304 0.230 0.172 0.128 0.094 0.068 0.049 0.035 0.025 0.017 0.012 0.008 0.006 0.004
0.000 0.000 0.000 0.000 0.000 0.000 0.000 0.000 0.000 0.000 0.000 0.000 0.000 0.000 0.000 0.000 0.000 0.000 0.000 0.003 0.010 0.023 0.044 0.063 0.077 0.087 0.094 0.098 0.100 0.100 0.100 0.098 0.094 0.086 0.072 0.051 0.034 0.025 0.020 0.019 0.020 0.033 0.107 0.408 0.973 1.260 1.300 1.289 1.264 1.225 1.175 1.121 1.058 0.978 0.871 0.766 0.698 0.673 0.661 0.633 0.573 0.481 0.375 0.289 0.220 0.167 0.124 0.092 0.067 0.049 0.035 0.025 0.017 0.012 0.008 0.006 0.004
0.000 0.000 0.000 0.000 0.000 0.000 0.000 0.000 0.000 0.000 0.000 0.000 0.000 0.000 0.000 0.000 0.000 0.000 0.000 0.002 0.009 0.023 0.051 0.083 0.105 0.119 0.128 0.134 0.137 0.138 0.137 0.135 0.130 0.119 0.102 0.075 0.049 0.033 0.025 0.022 0.023 0.034 0.105 0.404 1.003 1.313 1.345 1.322 1.280 1.228 1.174 1.126 1.078 1.024 0.951 0.859 0.773 0.714 0.670 0.617 0.541 0.442 0.343 0.266 0.205 0.157 0.119 0.089 0.065 0.048 0.035 0.025 0.018 0.012 0.008 0.006 0.004
0.000 0.000 0.000 0.000 0.000 0.000 0.000 0.000 0.000 0.000 0.000 0.000 0.000 0.000 0.000 0.000 0.000 0.000 0.000 0.001 0.006 0.020 0.050 0.098 0.136 0.158 0.171 0.180 0.184 0.185 0.185 0.182 0.175 0.162 0.141 0.109 0.072 0.046 0.032 0.027 0.026 0.035 0.093 0.359 0.952 1.317 1.365 1.335 1.279 1.213 1.160 1.122 1.088 1.052 1.005 0.936 0.848 0.760 0.682 0.603 0.513 0.411 0.320 0.247 0.189 0.145 0.111 0.084 0.063 0.047 0.035 0.025 0.018 0.012 0.008 0.006 0.004
0.000 0.000 0.000 0.000 0.000 0.000 0.000 0.000 0.000 0.000 0.000 0.000 0.000 0.000 0.000 0.000 0.000 0.000 0.000 0.000 0.002 0.013 0.044 0.101 0.162 0.201 0.223 0.235 0.242 0.244 0.243 0.240 0.232 0.216 0.193 0.156 0.107 0.067 0.043 0.033 0.030 0.035 0.072 0.264 0.781 1.236 1.354 1.332 1.263 1.173 1.117 1.092 1.079 1.062 1.032 0.976 0.895 0.798 0.697 0.597 0.495 0.395 0.308 0.236 0.180 0.137 0.104 0.079 0.061 0.046 0.035 0.026 0.019 0.013 0.009 0.006 0.004
0.000 0.000 0.000 0.000 0.000 0.000 0.000 0.000 0.000 0.000 0.000 0.000 0.000 0.000 0.000 0.000 0.000 0.000 0.000 0.000 0.001 0.006 0.032 0.091 0.172 0.238 0.280 0.301 0.311 0.315 0.315 0.312 0.303 0.286 0.260 0.219 0.161 0.102 0.064 0.045 0.038 0.040 0.058 0.156 0.509 1.014 1.256 1.279 1.214 1.101 1.016 0.988 0.995 1.014 1.019 0.983 0.912 0.820 0.712 0.597 0.488 0.390 0.304 0.233 0.176 0.132 0.099 0.074 0.057 0.044 0.034 0.026 0.019 0.013 0.009 0.006 0.004
0.000 0.000 0.000 0.000 0.000 0.000 0.000 0.000 0.000 0.000 0.000 0.000 0.000 0.000 0.000 0.000 0.000 0.000 0.000 0.000 0.000 0.003 0.018 0.070 0.160 0.255 0.329 0.374 0.395 0.404 0.405 0.402 0.393 0.376 0.348 0.302 0.237 0.158 0.101 0.069 0.055 0.053 0.062 0.104 0.278 0.682 1.018 1.117 1.087 0.977 0.835 0.754 0.749 0.791 0.869 0.921 0.898 0.826 0.724 0.604 0.488 0.390 0.305 0.233 0.175 0.129 0.094 0.069 0.050 0.037 0.027 0.020 0.016 0.012 0.008 0.006 0.004
0.000 0.000 0.000 0.000 0.000 0.000 0.000 0.000 0.000 0.000 0.000 0.000 0.000 0.000 0.000 0.000 0.000 0.000 0.000 0.000 0.000 0.001 0.008 0.042 0.126 0.243 0.353 0.443 0.493 0.512 0.517 0.516 0.508 0.492 0.463 0.414 0.341 0.244 0.163 0.112 0.085 0.075 0.076 0.093 0.169 0.387 0.673 0.812 0.827 0.762 0.613 0.472 0.413 0.425 0.526 0.694 0.794 0.789 0.721 0.612 0.495 0.394 0.309 0.236 0.176 0.128 0.091 0.062 0.041 0.027 0.017 0.011 0.008 0.007 0.006 0.005 0.003
0.000 0.000 0.000 0.000 0.000 0.000 0.000 0.000 0.000 0.000 0.000 0.000 0.000 0.000 0.000 0.000 0.000 0.000 0.000 0.000 0.000 0.000 0.003 0.019 0.080 0.200 0.343 0.482 0.590 0.642 0.656 0.657 0.652 0.638 0.608 0.555 0.467 0.352 0.252 0.179 0.133 0.109 0.101 0.105 0.135 0.234 0.404 0.516 0.547 0.528 0.449 0.325 0.235 0.206 0.235 0.361 0.544 0.650 0.656 0.597 0.497 0.399 0.316 0.242 0.178 0.126 0.085 0.054 0.032 0.018 0.009 0.005 0.003 0.003 0.003 0.003 0.002
0.000 0.000 0.000 0.000 0.000 0.000 0.000 0.000 0.000 0.000 0.000 0.000 0.000 0.000 0.000 0.000 0.000 0.000 0.000 0.000 0.000 0.000 0.001 0.006 0.038 0.134 0.294 0.479 0.655 0.773 0.819 0.826 0.823 0.807 0.761 0.680 0.564 0.435 0.331 0.253 0.197 0.159 0.137 0.130 0.141 0.185 0.271 0.348 0.381 0.381 0.348 0.269 0.178 0.127 0.114 0.147 0.252 0.388 0.475 0.493 0.452 0.382 0.310 0.239 0.169 0.113 0.071 0.041 0.022 0.011 0.005 0.003 0.002 0.001 0.001 0.001 0.001
0.000 0.000 0.000 0.000 0.000 0.000 0.000 0.000 0.000 0.000 0.000 0.000 0.000 0.000 0.000 0.000 0.000 0.000 0.000 0.000 0.000 0.000 0.000 0.002 0.013 0.065 0.201 0.418 0.665 0.861 0.964 0.986 0.981 0.951 0.879 0.764 0.620 0.487 0.382 0.303 0.246 0.207 0.181 0.168 0.165 0.182 0.227 0.274 0.297 0.300 0.285 0.239 0.164 0.106 0.078 0.073 0.098 0.162 0.233 0.276 0.290 0.274 0.237 0.184 0.120 0.071 0.040 0.022 0.011 0.006 0.003 0.002 0.001 0.001 0.001 0.001 0.001
0.000 0.000 0.000 0.000 0.000 0.000 0.000 0.000 0.000 0.000 0.000 0.000 0.000 0.000 0.000 0.000 0.000 0.000 0.000 0.000 0.000 0.000 0.000 0.001 0.003 0.021 0.091 0.268 0.566 0.870 1.050 1.108 1.099 1.051 0.953 0.808 0.646 0.513 0.408 0.329 0.272 0.235 0.212 0.200 0.196 0.199 0.219 0.246 0.258 0.258 0.247 0.215 0.158 0.103 0.069 0.053 0.050 0.063 0.088 0.106 0.113 0.111 0.100 0.077 0.048 0.027 0.016 0.009 0.005 0.003 0.002 0.001 0.001 0.001 0.001 0.000 0.000
0.000 0.000 0.000 0.000 0.000 0.000 0.000 0.000 0.000 0.000 0.000 0.000 0.000 0.000 0.000 0.000 0.000 0.000 0.000 0.000 0.000 0.000 0.000 0.001 0.001 0.006 0.027 0.104 0.330 0.722 1.042 1.166 1.168 1.104 0.983 0.820 0.655 0.522 0.418 0.339 0.283 0.246 0.226 0.217 0.215 0.216 0.223 0.235 0.238 0.236 0.224 0.196 0.150 0.102 0.069 0.048 0.038 0.035 0.037 0.038 0.038 0.037 0.033 0.025 0.016 0.010 0.007 0.004 0.003 0.002 0.001 0.001 0.001 0.000 0.000 0.000 0.000
0.000 0.000 0.000 0.000 0.000 0.000 0.000 0.000 0.000 0.000 0.000 0.000 0.000 0.000 0.000 0.000 0.000 0.000 0.000 0.000 0.000 0.000 0.001 0.001 0.002 0.006 0.016 0.039 0.122 0.404 0.848 1.126 1.175 1.116 0.986 0.818 0.655 0.523 0.420 0.341 0.285 0.248 0.229 0.223 0.222 0.223 0.225 0.228 0.228 0.222 0.207 0.180 0.139 0.098 0.068 0.047 0.034 0.026 0.022 0.018 0.016 0.015 0.013 0.010 0.007 0.005 0.003 0.002 0.001 0.001 0.001 0.001 0.000 0.000 0.000 0.000 0.000
0.000 0.000 0.000 0.000 0.000 0.000 0.000 0.000 0.000 0.000 0.000 0.000 0.000 0.000 0.000 0.000 0.000 0.000 0.000 0.000 0.000 0.000 0.001 0.002 0.006 0.014 0.026 0.036 0.051 0.146 0.480 0.909 1.084 1.069 0.959 0.801 0.645 0.519 0.417 0.339 0.282 0.245 0.226 0.222 0.223 0.225 0.225 0.224 0.221 0.213 0.195 0.166 0.128 0.092 0.065 0.045 0.031 0.021 0.014 0.011 0.008 0.007 0.006 0.005 0.003 0.002 0.002 0.001 0.001 0.001 0.000 0.000 0.000 0.000 0.000 0.000 0.000
0.000 0.000 0.000 0.000 0.000 0.000 0.000 0.000 0.000 0.000 0.000 0.000 0.000 0.000 0.000 0.000 0.000 0.000 0.000 0.000 0.000 0.001 0.002 0.006 0.014 0.029 0.040 0.043 0.044 0.060 0.199 0.560 0.843 0.906 0.857 0.747 0.616 0.502 0.407 0.331 0.273 0.233 0.213 0.209 0.214 0.221 0.222 0.219 0.213 0.203 0.183 0.153 0.115 0.081 0.056 0.037 0.024 0.014 0.008 0.006 0.004 0.004 0.003 0.002 0.002 0.001 0.001 0.001 0.001 0.000 0.000 0.000 0.000 0.000 0.000 0.000 0.000
0.000 0.000 0.000 0.000 0.000 0.000 0.000 0.000 0.000 0.000 0.000 0.000 0.000 0.000 0.000 0.000 0.000 0.000 0.000 0.000 0.001 0.001 0.004 0.012 0.028 0.041 0.045 0.044 0.040 0.041 0.093 0.294 0.544 0.647 0.660 0.626 0.554 0.467 0.385 0.313 0.254 0.211 0.185 0.177 0.180 0.193 0.200 0.201 0.196 0.186 0.167 0.136 0.096 0.063 0.039 0.022 0.012 0.006 0.003 0.002 0.002 0.002 0.001 0.001 0.001 0.001 0.001 0.000 0.000 0.000 0.000 0.000 0.000 0.000 0.000 0.000 0.000
0.000 0.000 0.000 0.000 0.000 0.000 0.000 0.000 0.000 0.000 0.000 0.000 0.000 0.000 0.000 0.000 0.000 0.000 0.000 0.000 0.001 0.003 0.009 0.023 0.039 0.045 0.045 0.039 0.029 0.028 0.056 0.164 0.338 0.432 0.456 0.459 0.445 0.405 0.347 0.285 0.227 0.179 0.144 0.125 0.120 0.127 0.138 0.143 0.144 0.139 0.125 0.099 0.063 0.034 0.017 0.008 0.004 0.002 0.001 0.001 0.001 0.001 0.001 0.001 0.000 0.000 0.000 0.000 0.000 0.000 0.000 0.000 0.000 0.000 0.000 0.000 0.000
0.000 0.000 0.000 0.000 0.000 0.000 0.000 0.000 0.000 0.000 0.000 0.000 0.000 0.000 0.000 0.000 0.000 0.000 0.000 0.001 0.002 0.005 0.016 0.033 0.043 0.044 0.040 0.025 0.015 0.017 0.038 0.102 0.213 0.284 0.313 0.321 0.321 0.312 0.287 0.246 0.195 0.148 0.110 0.083 0.069 0.063 0.063 0.063 0.062 0.060 0.053 0.041 0.023 0.011 0.005 0.002 0.001 0.001 0.000 0.000 0.000 0.000 0.000 0.000 0.000 0.000 0.000 0.000 0.000 0.000 0.000 0.000 0.000 0.000 0.000 0.000 0.000
0.000 0.000 0.000 0.000 0.000 0.000 0.000 0.000 0.000 0.000 0.000 0.000 0.000 0.000 0.000 0.000 0.000 0.000 0.000 0.001 0.003 0.009 0.024 0.038 0.042 0.040 0.029 0.013 0.009 0.012 0.027 0.067 0.134 0.183 0.208 0.218 0.221 0.220 0.212 0.193 0.160 0.120 0.085 0.059 0.041 0.031 0.025 0.021 0.019 0.017 0.014 0.010 0.005 0.002 0.001 0.001 0.000 0.000 0.000 0.000 0.000 0.000 0.000 0.000 0.000 0.000 0.000 0.000 0.000 0.000 0.000 0.000 0.000 0.000 0.000 0.000 0.000
0.000 0.000 0.000 0.000 0.000 0.000 0.000 0.000 0.000 0.000 0.000 0.000 0.000 0.000 0.000 0.000 0.000 0.000 0.001 0.001 0.005 0.015 0.031 0.039 0.040 0.032 0.016 0.006 0.005 0.008 0.019 0.044 0.082 0.111 0.129 0.139 0.144 0.145 0.143 0.135 0.119 0.094 0.065 0.043 0.027 0.017 0.011 0.007 0.005 0.004 0.003 0.002 0.001 0.001 0.000 0.000 0.000 0.000 0.000 0.000 0.000 0.000 0.000 0.000 0.000 0.000 0.000 0.000 0.000 0.000 0.000 0.000 0.000 0.000 0.000 0.000 0.000
0.000 0.000 0.000 0.000 0.000 0.000 0.000 0.000 0.000 0.000 0.000 0.000 0.000 0.000 0.000 0.000 0.000 0.000 0.001 0.002 0.008 0.021 0.035 0.038 0.035 0.022 0.008 0.003 0.003 0.006 0.014 0.029 0.049 0.063 0.071 0.076 0.080 0.083 0.084 0.082 0.077 0.065 0.047 0.029 0.017 0.009 0.005 0.003 0.002 0.001 0.001 0.001 0.000 0.000 0.000 0.000 0.000 0.000 0.000 0.000 0.000 0.000 0.000 0.000 0.000 0.000 0.000 0.000 0.000 0.000 0.000 0.000 0.000 0.000 0.000 0.000 0.000
0.000 0.000 0.000 0.000 0.000 0.000 0.000 0.000 0.000 0.000 0.000 0.000 0.000 0.000 0.000 0.000 0.000 0.001 0.001 0.004 0.013 0.027 0.035 0.035 0.028 0.012 0.003 0.001 0.002 0.004 0.009 0.018 0.027 0.032 0.033 0.034 0.035 0.037 0.039 0.040 0.039 0.035 0.028 0.017 0.010 0.005 0.002 0.001 0.001 0.000 0.000 0.000 0.000 0.000 0.000 0.000 0.000 0.000 0.000 0.000 0.000 0.000 0.000 0.000 0.000 0.000 0.000 0.000 0.000 0.000 0.000 0.000 0.000 0.000 0.000 0.000 0.000
0.000 0.000 0.000 0.000 0.000 0.000 0.000 0.000 0.000 0.000 0.000 0.000 0.000 0.000 0.000 0.000 0.000 0.001 0.002 0.007 0.018 0.031 0.034 0.031 0.019 0.006 0.002 0.001 0.001 0.002 0.005 0.010 0.013 0.014 0.014 0.012 0.012 0.012 0.013 0.014 0.014 0.014 0.012 0.008 0.005 0.002 0.001 0.001 0.000 0.000 0.000 0.000 0.000 0.000 0.000 0.000 0.000 0.000 0.000 0.000 0.000 0.000 0.000 0.000 0.000 0.000 0.000 0.000 0.000 0.000 0.000 0.000 0.000 0.000 0.000 0.000 0.000
0.000 0.000 0.000 0.000 0.000 0.000 0.000 0.000 0.000 0.000 0.000 0.000 0.000 0.000 0.000 0.000 0.001 0.001 0.004 0.011 0.024 0.031 0.032 0.025 0.011 0.003 0.001 0.001 0.001 0.001 0.002 0.005 0.006 0.006 0.005 0.004 0.003 0.003 0.003 0.003 0.003 0.004 0.004 0.003 0.002 0.001 0.000 0.000 0.000 0.000 0.000 0.000 0.000 0.000 0.000 0.000 0.000 0.000 0.000 0.000 0.000 0.000 0.000 0.000 0.000 0.000 0.000 0.000 0.000 0.000 0.000 0.000 0.000 0.000 0.000 0.000 0.000
