RESULTS/r.avaflow_results/31_results/31_ascii/31_hflow10048.asc
ncols 506
nrows 317
xllcenter 498237.50
yllcenter 5580050.00
cellsize 12.50
NODATA_value -9999.000
[rows 170 to 203 of 317, columns 77 to 153 of 506]
0.000 0.000 0.000 0.000 0.000 0.000 0.000 0.000 0.000 0.000 0.000 0.000 0.000 0.000 0.000 0.000 0.000 0.000 0.000 0.000 0.000 0.000 0.000 0.000 0.000 0.000 0.000 0.000 0.000 0.000 0.000 0.000 0.000 0.000 0.000 0.000 0.000 0.000 0.000 0.000 0.000 0.000 0.000 0.000 0.000 0.000 0.000 0.001 0.002 0.004 0.008 0.017 0.046 0.120 0.243 0.350 0.440 0.536 0.600 0.610 0.590 0.549 0.490 0.419 0.339 0.268 0.210 0.163 0.126 0.097 0.073 0.056 0.042 0.031 0.023 0.017 0.013
0.000 0.000 0.000 0.000 0.000 0.000 0.000 0.000 0.000 0.000 0.000 0.000 0.000 0.000 0.000 0.000 0.000 0.000 0.000 0.000 0.000 0.000 0.000 0.000 0.000 0.000 0.000 0.000 0.000 0.000 0.000 0.000 0.000 0.000 0.000 0.000 0.000 0.000 0.000 0.000 0.000 0.000 0.000 0.000 0.000 0.001 0.002 0.003 0.006 0.012 0.027 0.067 0.156 0.309 0.462 0.557 0.623 0.670 0.685 0.671 0.638 0.586 0.520 0.439 0.353 0.279 0.218 0.170 0.132 0.101 0.077 0.059 0.044 0.033 0.025 0.018 0.014
0.000 0.000 0.000 0.000 0.000 0.000 0.000 0.000 0.000 0.000 0.000 0.000 0.000 0.000 0.000 0.000 0.000 0.000 0.000 0.000 0.000 0.000 0.000 0.000 0.000 0.000 0.000 0.000 0.000 0.000 0.000 0.000 0.000 0.000 0.000 0.000 0.000 0.000 0.000 0.000 0.000 0.000 0.000 0.000 0.001 0.002 0.005 0.010 0.021 0.045 0.108 0.230 0.384 0.518 0.594 0.652 0.705 0.727 0.723 0.701 0.664 0.610 0.540 0.454 0.363 0.288 0.226 0.176 0.137 0.105 0.081 0.061 0.046 0.035 0.026 0.019 0.014
0.000 0.000 0.000 0.000 0.000 0.000 0.000 0.000 0.000 0.000 0.000 0.000 0.000 0.000 0.000 0.000 0.000 0.000 0.000 0.000 0.001 0.001 0.002 0.002 0.002 0.002 0.002 0.002 0.002 0.002 0.002 0.002 0.002 0.002 0.001 0.001 0.001 0.000 0.000 0.000 0.000 0.000 0.000 0.001 0.003 0.007 0.017 0.036 0.077 0.167 0.341 0.528 0.633 0.658 0.659 0.680 0.724 0.744 0.738 0.716 0.680 0.626 0.555 0.465 0.372 0.295 0.232 0.181 0.141 0.109 0.083 0.063 0.048 0.036 0.027 0.020 0.015
0.000 0.000 0.000 0.000 0.000 0.000 0.000 0.000 0.000 0.000 0.000 0.000 0.000 0.000 0.000 0.000 0.000 0.000 0.000 0.001 0.003 0.004 0.006 0.007 0.007 0.008 0.008 0.008 0.008 0.008 0.008 0.007 0.007 0.006 0.004 0.003 0.002 0.001 0.001 0.001 0.001 0.001 0.001 0.003 0.009 0.024 0.060 0.127 0.245 0.443 0.654 0.763 0.772 0.731 0.689 0.684 0.717 0.745 0.744 0.726 0.692 0.640 0.567 0.474 0.378 0.300 0.237 0.185 0.144 0.111 0.085 0.065 0.049 0.037 0.028 0.021 0.015
0.000 0.000 0.000 0.000 0.000 0.000 0.000 0.000 0.000 0.000 0.000 0.000 0.000 0.000 0.000 0.000 0.000 0.000 0.001 0.003 0.006 0.010 0.012 0.014 0.015 0.016 0.016 0.016 0.016 0.016 0.016 0.015 0.014 0.012 0.009 0.006 0.004 0.003 0.002 0.002 0.002 0.002 0.004 0.010 0.029 0.082 0.184 0.338 0.539 0.734 0.840 0.862 0.836 0.772 0.707 0.678 0.689 0.730 0.746 0.734 0.704 0.653 0.577 0.479 0.382 0.303 0.239 0.187 0.145 0.112 0.086 0.066 0.050 0.037 0.028 0.021 0.016
0.000 0.000 0.000 0.000 0.000 0.000 0.000 0.000 0.000 0.000 0.000 0.000 0.000 0.000 0.000 0.000 0.000 0.001 0.003 0.006 0.011 0.017 0.021 0.024 0.026 0.027 0.028 0.028 0.028 0.028 0.027 0.026 0.024 0.020 0.015 0.010 0.007 0.006 0.005 0.004 0.004 0.005 0.010 0.027 0.089 0.228 0.430 0.626 0.787 0.884 0.913 0.906 0.873 0.806 0.725 0.676 0.666 0.703 0.744 0.743 0.717 0.665 0.584 0.481 0.384 0.304 0.239 0.187 0.146 0.112 0.086 0.066 0.050 0.038 0.028 0.021 0.016
0.000 0.000 0.000 0.000 0.000 0.000 0.000 0.000 0.000 0.000 0.000 0.000 0.000 0.000 0.000 0.000 0.000 0.002 0.005 0.011 0.019 0.027 0.033 0.037 0.040 0.042 0.043 0.043 0.043 0.043 0.042 0.040 0.037 0.032 0.024 0.016 0.012 0.009 0.008 0.007 0.008 0.010 0.022 0.074 0.230 0.493 0.713 0.839 0.913 0.948 0.952 0.941 0.904 0.836 0.747 0.686 0.665 0.692 0.743 0.749 0.725 0.671 0.587 0.481 0.383 0.303 0.239 0.187 0.145 0.112 0.086 0.066 0.050 0.038 0.029 0.021 0.016
0.000 0.000 0.000 0.000 0.000 0.000 0.000 0.000 0.000 0.000 0.000 0.000 0.000 0.000 0.000 0.000 0.000 0.002 0.006 0.014 0.026 0.039 0.048 0.055 0.059 0.061 0.062 0.062 0.062 0.062 0.061 0.059 0.054 0.047 0.036 0.024 0.017 0.013 0.011 0.011 0.012 0.018 0.047 0.165 0.453 0.754 0.898 0.951 0.978 0.988 0.987 0.973 0.934 0.868 0.779 0.710 0.681 0.698 0.744 0.751 0.727 0.670 0.584 0.477 0.380 0.300 0.236 0.185 0.144 0.112 0.086 0.066 0.050 0.038 0.029 0.022 0.016
0.000 0.000 0.000 0.000 0.000 0.000 0.000 0.000 0.000 0.000 0.000 0.000 0.000 0.000 0.000 0.000 0.000 0.002 0.007 0.015 0.030 0.050 0.067 0.076 0.082 0.085 0.086 0.087 0.087 0.086 0.085 0.082 0.076 0.067 0.052 0.035 0.024 0.018 0.015 0.014 0.015 0.023 0.069 0.254 0.638 0.914 0.997 1.012 1.019 1.018 1.012 0.996 0.961 0.906 0.825 0.750 0.714 0.720 0.750 0.751 0.723 0.662 0.574 0.467 0.373 0.295 0.233 0.183 0.143 0.111 0.086 0.066 0.051 0.039 0.029 0.022 0.017
0.000 0.000 0.000 0.000 0.000 0.000 0.000 0.000 0.000 0.000 0.000 0.000 0.000 0.000 0.000 0.000 0.000 0.002 0.006 0.014 0.029 0.055 0.085 0.102 0.110 0.114 0.116 0.117 0.117 0.116 0.115 0.111 0.104 0.091 0.073 0.050 0.033 0.024 0.019 0.017 0.018 0.026 0.075 0.290 0.737 1.003 1.049 1.048 1.042 1.033 1.021 1.008 0.987 0.951 0.890 0.814 0.767 0.756 0.762 0.752 0.714 0.647 0.554 0.450 0.361 0.288 0.227 0.179 0.140 0.110 0.086 0.067 0.052 0.040 0.030 0.023 0.017
0.000 0.000 0.000 0.000 0.000 0.000 0.000 0.000 0.000 0.000 0.000 0.000 0.000 0.000 0.000 0.000 0.000 0.001 0.004 0.010 0.024 0.051 0.093 0.128 0.143 0.149 0.153 0.154 0.154 0.153 0.151 0.147 0.137 0.123 0.101 0.071 0.046 0.031 0.023 0.020 0.020 0.027 0.073 0.287 0.760 1.042 1.079 1.068 1.049 1.033 1.021 1.014 1.006 0.991 0.958 0.900 0.840 0.803 0.780 0.752 0.702 0.626 0.526 0.425 0.342 0.275 0.219 0.174 0.137 0.109 0.086 0.068 0.054 0.042 0.032 0.024 0.018
0.000 0.000 0.000 0.000 0.000 0.000 0.000 0.000 0.000 0.000 0.000 0.000 0.000 0.000 0.000 0.000 0.000 0.000 0.001 0.004 0.012 0.037 0.085 0.142 0.175 0.189 0.195 0.198 0.199 0.198 0.196 0.190 0.179 0.162 0.137 0.102 0.065 0.041 0.028 0.023 0.022 0.027 0.064 0.252 0.715 1.042 1.094 1.076 1.044 1.022 1.012 1.012 1.017 1.017 1.003 0.967 0.910 0.852 0.803 0.753 0.691 0.606 0.503 0.405 0.324 0.259 0.208 0.166 0.133 0.107 0.087 0.071 0.057 0.045 0.034 0.026 0.019
0.000 0.000 0.000 0.000 0.000 0.000 0.000 0.000 0.000 0.000 0.000 0.000 0.000 0.000 0.000 0.000 0.000 0.000 0.000 0.001 0.004 0.019 0.065 0.139 0.197 0.230 0.244 0.250 0.252 0.252 0.250 0.244 0.231 0.212 0.184 0.144 0.097 0.060 0.038 0.028 0.025 0.027 0.049 0.177 0.569 0.967 1.084 1.073 1.029 0.989 0.977 0.984 1.007 1.027 1.025 0.999 0.952 0.892 0.825 0.757 0.682 0.592 0.490 0.395 0.315 0.250 0.198 0.158 0.127 0.104 0.086 0.072 0.060 0.048 0.037 0.028 0.021
0.000 0.000 0.000 0.000 0.000 0.000 0.000 0.000 0.000 0.000 0.000 0.000 0.000 0.000 0.000 0.000 0.000 0.000 0.000 0.000 0.001 0.008 0.041 0.118 0.203 0.259 0.294 0.309 0.315 0.316 0.314 0.308 0.295 0.275 0.245 0.201 0.144 0.091 0.056 0.038 0.031 0.031 0.040 0.100 0.349 0.763 0.997 1.031 0.989 0.924 0.883 0.881 0.914 0.973 1.012 1.003 0.968 0.914 0.843 0.764 0.678 0.585 0.486 0.394 0.314 0.247 0.193 0.151 0.120 0.098 0.082 0.070 0.059 0.049 0.039 0.030 0.023
0.000 0.000 0.000 0.000 0.000 0.000 0.000 0.000 0.000 0.000 0.000 0.000 0.000 0.000 0.000 0.000 0.000 0.000 0.000 0.000 0.000 0.003 0.020 0.082 0.184 0.270 0.332 0.371 0.387 0.392 0.392 0.387 0.375 0.355 0.323 0.277 0.213 0.141 0.089 0.058 0.043 0.039 0.043 0.066 0.177 0.482 0.788 0.893 0.881 0.808 0.704 0.646 0.654 0.731 0.855 0.944 0.958 0.920 0.855 0.773 0.681 0.585 0.488 0.397 0.317 0.248 0.190 0.146 0.113 0.089 0.071 0.058 0.050 0.044 0.038 0.031 0.024
0.000 0.000 0.000 0.000 0.000 0.000 0.000 0.000 0.000 0.000 0.000 0.000 0.000 0.000 0.000 0.000 0.000 0.000 0.000 0.000 0.000 0.001 0.008 0.045 0.137 0.254 0.350 0.426 0.469 0.484 0.488 0.485 0.475 0.457 0.425 0.377 0.308 0.218 0.143 0.094 0.067 0.054 0.052 0.060 0.103 0.256 0.497 0.628 0.650 0.604 0.489 0.380 0.339 0.365 0.500 0.718 0.866 0.893 0.852 0.776 0.685 0.589 0.495 0.406 0.324 0.251 0.190 0.141 0.104 0.075 0.052 0.036 0.028 0.027 0.028 0.026 0.022
0.000 0.000 0.000 0.000 0.000 0.000 0.000 0.000 0.000 0.000 0.000 0.000 0.000 0.000 0.000 0.000 0.000 0.000 0.000 0.000 0.000 0.000 0.002 0.019 0.082 0.203 0.337 0.455 0.548 0.593 0.605 0.605 0.600 0.585 0.555 0.505 0.428 0.322 0.223 0.151 0.104 0.078 0.067 0.067 0.084 0.151 0.288 0.388 0.418 0.407 0.348 0.256 0.192 0.175 0.219 0.382 0.621 0.770 0.797 0.758 0.682 0.593 0.507 0.422 0.335 0.256 0.190 0.136 0.093 0.060 0.035 0.020 0.013 0.011 0.012 0.012 0.012
0.000 0.000 0.000 0.000 0.000 0.000 0.000 0.000 0.000 0.000 0.000 0.000 0.000 0.000 0.000 0.000 0.000 0.000 0.000 0.000 0.000 0.000 0.001 0.006 0.037 0.131 0.284 0.447 0.597 0.702 0.744 0.751 0.749 0.735 0.698 0.630 0.529 0.406 0.300 0.217 0.155 0.113 0.089 0.082 0.089 0.123 0.197 0.266 0.297 0.300 0.277 0.221 0.156 0.119 0.113 0.162 0.308 0.500 0.623 0.655 0.628 0.570 0.502 0.426 0.335 0.249 0.179 0.123 0.078 0.045 0.023 0.011 0.006 0.005 0.004 0.004 0.003
0.000 0.000 0.000 0.000 0.000 0.000 0.000 0.000 0.000 0.000 0.000 0.000 0.000 0.000 0.000 0.000 0.000 0.000 0.000 0.000 0.000 0.000 0.000 0.002 0.012 0.061 0.188 0.386 0.602 0.775 0.869 0.894 0.892 0.870 0.812 0.717 0.593 0.459 0.349 0.265 0.200 0.153 0.122 0.107 0.107 0.127 0.176 0.226 0.250 0.255 0.246 0.214 0.157 0.111 0.088 0.087 0.125 0.221 0.337 0.409 0.435 0.428 0.401 0.351 0.274 0.192 0.131 0.085 0.050 0.026 0.013 0.006 0.003 0.002 0.002 0.001 0.001
0.000 0.000 0.000 0.000 0.000 0.000 0.000 0.000 0.000 0.000 0.000 0.000 0.000 0.000 0.000 0.000 0.000 0.000 0.000 0.000 0.000 0.000 0.000 0.001 0.003 0.019 0.083 0.244 0.510 0.781 0.946 1.005 1.002 0.967 0.886 0.767 0.623 0.487 0.377 0.291 0.227 0.181 0.152 0.137 0.134 0.144 0.180 0.220 0.239 0.242 0.236 0.213 0.168 0.118 0.087 0.071 0.069 0.089 0.132 0.165 0.181 0.183 0.178 0.161 0.127 0.084 0.055 0.035 0.021 0.012 0.006 0.003 0.002 0.001 0.001 0.001 0.001
0.000 0.000 0.000 0.000 0.000 0.000 0.000 0.000 0.000 0.000 0.000 0.000 0.000 0.000 0.000 0.000 0.000 0.000 0.000 0.000 0.000 0.000 0.000 0.001 0.001 0.005 0.024 0.093 0.296 0.648 0.942 1.060 1.068 1.020 0.921 0.786 0.632 0.499 0.390 0.304 0.240 0.196 0.169 0.157 0.154 0.163 0.190 0.224 0.238 0.240 0.235 0.218 0.184 0.136 0.096 0.071 0.057 0.051 0.054 0.059 0.060 0.059 0.056 0.050 0.040 0.027 0.019 0.013 0.008 0.005 0.003 0.002 0.001 0.001 0.001 0.001 0.001
0.000 0.000 0.000 0.000 0.000 0.000 0.000 0.000 0.000 0.000 0.000 0.000 0.000 0.000 0.000 0.000 0.000 0.000 0.000 0.000 0.000 0.000 0.000 0.001 0.001 0.004 0.012 0.031 0.108 0.364 0.771 1.031 1.080 1.033 0.927 0.786 0.633 0.502 0.394 0.308 0.244 0.200 0.175 0.166 0.165 0.171 0.193 0.227 0.243 0.245 0.240 0.224 0.194 0.149 0.107 0.075 0.054 0.040 0.032 0.026 0.023 0.021 0.019 0.017 0.014 0.010 0.007 0.005 0.004 0.002 0.002 0.001 0.001 0.001 0.001 0.000 0.000
0.000 0.000 0.000 0.000 0.000 0.000 0.000 0.000 0.000 0.000 0.000 0.000 0.000 0.000 0.000 0.000 0.000 0.000 0.000 0.000 0.000 0.000 0.001 0.001 0.003 0.009 0.018 0.028 0.042 0.133 0.445 0.846 1.010 0.999 0.907 0.774 0.627 0.500 0.394 0.309 0.244 0.199 0.174 0.167 0.167 0.173 0.191 0.225 0.246 0.249 0.244 0.227 0.197 0.153 0.109 0.076 0.051 0.033 0.021 0.014 0.011 0.009 0.008 0.007 0.006 0.005 0.003 0.003 0.002 0.001 0.001 0.001 0.001 0.000 0.000 0.000 0.000
0.000 0.000 0.000 0.000 0.000 0.000 0.000 0.000 0.000 0.000 0.000 0.000 0.000 0.000 0.000 0.000 0.000 0.000 0.000 0.000 0.000 0.000 0.001 0.003 0.009 0.021 0.031 0.035 0.036 0.054 0.190 0.537 0.806 0.866 0.824 0.728 0.607 0.491 0.390 0.307 0.241 0.194 0.167 0.158 0.160 0.166 0.179 0.206 0.229 0.238 0.235 0.220 0.191 0.145 0.100 0.066 0.041 0.023 0.012 0.007 0.005 0.004 0.004 0.003 0.003 0.002 0.002 0.001 0.001 0.001 0.001 0.000 0.000 0.000 0.000 0.000 0.000
0.000 0.000 0.000 0.000 0.000 0.000 0.000 0.000 0.000 0.000 0.000 0.000 0.000 0.000 0.000 0.000 0.000 0.000 0.000 0.000 0.000 0.001 0.003 0.008 0.020 0.032 0.036 0.036 0.035 0.039 0.094 0.292 0.538 0.642 0.656 0.625 0.557 0.469 0.380 0.301 0.235 0.184 0.150 0.135 0.132 0.136 0.143 0.157 0.174 0.185 0.186 0.177 0.153 0.111 0.068 0.039 0.021 0.010 0.005 0.003 0.002 0.002 0.002 0.002 0.001 0.001 0.001 0.001 0.001 0.000 0.000 0.000 0.000 0.000 0.000 0.000 0.000
0.000 0.000 0.000 0.000 0.000 0.000 0.000 0.000 0.000 0.000 0.000 0.000 0.000 0.000 0.000 0.000 0.000 0.000 0.000 0.000 0.001 0.002 0.006 0.017 0.030 0.036 0.036 0.033 0.027 0.029 0.060 0.169 0.342 0.439 0.469 0.477 0.463 0.422 0.358 0.289 0.224 0.170 0.128 0.102 0.088 0.082 0.080 0.081 0.086 0.092 0.094 0.092 0.080 0.054 0.028 0.014 0.006 0.003 0.001 0.001 0.001 0.001 0.001 0.001 0.001 0.001 0.000 0.000 0.000 0.000 0.000 0.000 0.000 0.000 0.000 0.000 0.000
0.000 0.000 0.000 0.000 0.000 0.000 0.000 0.000 0.000 0.000 0.000 0.000 0.000 0.000 0.000 0.000 0.000 0.000 0.000 0.000 0.001 0.004 0.011 0.025 0.034 0.035 0.032 0.023 0.017 0.020 0.044 0.109 0.220 0.296 0.331 0.346 0.351 0.344 0.316 0.267 0.210 0.156 0.112 0.080 0.059 0.046 0.037 0.032 0.030 0.030 0.030 0.029 0.026 0.017 0.008 0.004 0.002 0.001 0.000 0.000 0.000 0.000 0.000 0.000 0.000 0.000 0.000 0.000 0.000 0.000 0.000 0.000 0.000 0.000 0.000 0.000 0.000
0.000 0.000 0.000 0.000 0.000 0.000 0.000 0.000 0.000 0.000 0.000 0.000 0.000 0.000 0.000 0.000 0.000 0.000 0.000 0.001 0.002 0.006 0.018 0.030 0.034 0.033 0.024 0.013 0.011 0.016 0.034 0.076 0.143 0.195 0.225 0.242 0.252 0.256 0.251 0.229 0.190 0.142 0.100 0.068 0.045 0.030 0.020 0.014 0.010 0.008 0.007 0.007 0.006 0.004 0.002 0.001 0.000 0.000 0.000 0.000 0.000 0.000 0.000 0.000 0.000 0.000 0.000 0.000 0.000 0.000 0.000 0.000 0.000 0.000 0.000 0.000 0.000
0.000 0.000 0.000 0.000 0.000 0.000 0.000 0.000 0.000 0.000 0.000 0.000 0.000 0.000 0.000 0.000 0.000 0.000 0.000 0.001 0.003 0.011 0.024 0.031 0.032 0.026 0.014 0.008 0.008 0.014 0.027 0.053 0.091 0.122 0.142 0.157 0.168 0.175 0.179 0.175 0.158 0.126 0.089 0.058 0.036 0.022 0.012 0.007 0.004 0.002 0.002 0.001 0.001 0.001 0.000 0.000 0.000 0.000 0.000 0.000 0.000 0.000 0.000 0.000 0.000 0.000 0.000 0.000 0.000 0.000 0.000 0.000 0.000 0.000 0.000 0.000 0.000
0.000 0.000 0.000 0.000 0.000 0.000 0.000 0.000 0.000 0.000 0.000 0.000 0.000 0.000 0.000 0.000 0.000 0.000 0.001 0.002 0.006 0.016 0.028 0.031 0.028 0.018 0.007 0.005 0.006 0.011 0.021 0.037 0.057 0.071 0.080 0.087 0.094 0.102 0.109 0.114 0.113 0.101 0.077 0.050 0.029 0.016 0.008 0.004 0.002 0.001 0.001 0.000 0.000 0.000 0.000 0.000 0.000 0.000 0.000 0.000 0.000 0.000 0.000 0.000 0.000 0.000 0.000 0.000 0.000 0.000 0.000 0.000 0.000 0.000 0.000 0.000 0.000
0.000 0.000 0.000 0.000 0.000 0.000 0.000 0.000 0.000 0.000 0.000 0.000 0.000 0.000 0.000 0.000 0.000 0.000 0.001 0.003 0.009 0.021 0.028 0.029 0.023 0.010 0.004 0.003 0.005 0.009 0.015 0.025 0.033 0.038 0.039 0.040 0.041 0.045 0.051 0.056 0.060 0.061 0.054 0.038 0.021 0.010 0.005 0.002 0.001 0.001 0.000 0.000 0.000 0.000 0.000 0.000 0.000 0.000 0.000 0.000 0.000 0.000 0.000 0.000 0.000 0.000 0.000 0.000 0.000 0.000 0.000 0.000 0.000 0.000 0.000 0.000 0.000
0.000 0.000 0.000 0.000 0.000 0.000 0.000 0.000 0.000 0.000 0.000 0.000 0.000 0.000 0.000 0.000 0.000 0.001 0.002 0.005 0.014 0.024 0.027 0.026 0.016 0.005 0.002 0.002 0.003 0.006 0.010 0.015 0.018 0.018 0.017 0.015 0.014 0.014 0.016 0.019 0.022 0.025 0.024 0.019 0.011 0.005 0.002 0.001 0.001 0.000 0.000 0.000 0.000 0.000 0.000 0.000 0.000 0.000 0.000 0.000 0.000 0.000 0.000 0.000 0.000 0.000 0.000 0.000 0.000 0.000 0.000 0.000 0.000 0.000 0.000 0.000 0.000
0.000 0.000 0.000 0.000 0.000 0.000 0.000 0.000 0.000 0.000 0.000 0.000 0.000 0.000 0.000 0.000 0.001 0.001 0.003 0.008 0.019 0.025 0.026 0.021 0.008 0.002 0.001 0.001 0.002 0.004 0.006 0.008 0.008 0.008 0.007 0.005 0.004 0.004 0.004 0.004 0.005 0.007 0.007 0.007 0.004 0.002 0.001 0.001 0.000 0.000 0.000 0.000 0.000 0.000 0.000 0.000 0.000 0.000 0.000 0.000 0.000 0.000 0.000 0.000 0.000 0.000 0.000 0.000 0.000 0.000 0.000 0.000 0.000 0.000 0.000 0.000 0.000
