RESULTS/r.avaflow_results/31_results/31_ascii/31_hflow10014.asc
ncols 506
nrows 317
xllcenter 498237.50
yllcenter 5580050.00
cellsize 12.50
NODATA_value -9999.000
[rows 170 to 203 of 317, columns 77 to 153 of 506]
0.000 0.000 0.000 0.000 0.000 0.000 0.000 0.000 0.000 0.000 0.000 0.000 0.000 0.000 0.000 0.000 0.000 0.000 0.000 0.000 0.000 0.000 0.000 0.000 0.000 0.000 0.000 0.000 0.000 0.000 0.000 0.000 0.000 0.000 0.000 0.000 0.000 0.000 0.000 0.000 0.000 0.000 0.000 0.000 0.000 0.000 0.001 0.001 0.003 0.005 0.009 0.018 0.036 0.074 0.124 0.161 0.187 0.211 0.220 0.206 0.168 0.119 0.079 0.052 0.033 0.021 0.013 0.008 0.005 0.003 0.002 0.001 0.001 0.000 0.000 0.000 0.000
0.000 0.000 0.000 0.000 0.000 0.000 0.000 0.000 0.000 0.000 0.000 0.000 0.000 0.000 0.000 0.000 0.000 0.000 0.000 0.000 0.000 0.000 0.000 0.000 0.000 0.000 0.000 0.000 0.000 0.000 0.000 0.000 0.000 0.000 0.000 0.000 0.000 0.000 0.000 0.000 0.000 0.000 0.000 0.000 0.000 0.001 0.002 0.004 0.008 0.016 0.032 0.065 0.120 0.196 0.276 0.328 0.353 0.360 0.347 0.303 0.231 0.158 0.106 0.069 0.045 0.028 0.018 0.011 0.007 0.004 0.002 0.001 0.001 0.001 0.000 0.000 0.000
0.000 0.000 0.000 0.000 0.000 0.000 0.000 0.000 0.000 0.000 0.000 0.000 0.000 0.000 0.000 0.000 0.000 0.000 0.000 0.000 0.000 0.000 0.000 0.000 0.000 0.000 0.000 0.000 0.000 0.000 0.000 0.000 0.000 0.000 0.000 0.000 0.000 0.000 0.000 0.000 0.000 0.000 0.000 0.000 0.001 0.003 0.007 0.014 0.028 0.059 0.119 0.208 0.299 0.379 0.439 0.481 0.499 0.492 0.457 0.388 0.292 0.201 0.136 0.090 0.058 0.037 0.023 0.014 0.009 0.005 0.003 0.002 0.001 0.001 0.000 0.000 0.000
0.000 0.000 0.000 0.000 0.000 0.000 0.000 0.000 0.000 0.000 0.000 0.000 0.000 0.000 0.000 0.000 0.000 0.000 0.000 0.000 0.000 0.000 0.000 0.000 0.000 0.000 0.000 0.000 0.000 0.000 0.000 0.000 0.000 0.000 0.000 0.000 0.000 0.000 0.000 0.000 0.000 0.000 0.001 0.001 0.004 0.010 0.024 0.051 0.103 0.199 0.347 0.482 0.555 0.576 0.573 0.585 0.595 0.583 0.536 0.454 0.342 0.238 0.161 0.107 0.070 0.045 0.028 0.017 0.011 0.006 0.004 0.002 0.001 0.001 0.000 0.000 0.000
0.000 0.000 0.000 0.000 0.000 0.000 0.000 0.000 0.000 0.000 0.000 0.000 0.000 0.000 0.000 0.000 0.000 0.000 0.000 0.000 0.000 0.000 0.000 0.000 0.000 0.000 0.000 0.000 0.001 0.001 0.001 0.001 0.001 0.001 0.001 0.001 0.000 0.000 0.000 0.000 0.000 0.001 0.002 0.004 0.012 0.034 0.081 0.162 0.293 0.482 0.663 0.751 0.763 0.742 0.696 0.664 0.655 0.638 0.589 0.503 0.382 0.266 0.180 0.119 0.078 0.050 0.031 0.019 0.012 0.007 0.004 0.003 0.002 0.001 0.001 0.000 0.000
0.000 0.000 0.000 0.000 0.000 0.000 0.000 0.000 0.000 0.000 0.000 0.000 0.000 0.000 0.000 0.000 0.000 0.000 0.000 0.000 0.000 0.000 0.000 0.000 0.000 0.000 0.001 0.002 0.002 0.003 0.004 0.004 0.004 0.004 0.003 0.002 0.002 0.001 0.001 0.001 0.001 0.002 0.004 0.013 0.039 0.104 0.220 0.387 0.597 0.786 0.889 0.917 0.911 0.882 0.815 0.732 0.691 0.666 0.621 0.538 0.411 0.284 0.191 0.126 0.083 0.053 0.033 0.021 0.013 0.008 0.004 0.003 0.002 0.001 0.001 0.000 0.000
0.000 0.000 0.000 0.000 0.000 0.000 0.000 0.000 0.000 0.000 0.000 0.000 0.000 0.000 0.000 0.000 0.000 0.000 0.000 0.000 0.000 0.000 0.000 0.000 0.000 0.001 0.003 0.005 0.007 0.008 0.009 0.009 0.009 0.009 0.008 0.006 0.004 0.004 0.003 0.003 0.004 0.005 0.012 0.036 0.111 0.259 0.465 0.675 0.857 0.975 1.026 1.035 1.029 0.997 0.923 0.803 0.719 0.681 0.640 0.559 0.426 0.292 0.197 0.130 0.085 0.054 0.034 0.021 0.013 0.008 0.005 0.003 0.002 0.001 0.001 0.000 0.000
0.000 0.000 0.000 0.000 0.000 0.000 0.000 0.000 0.000 0.000 0.000 0.000 0.000 0.000 0.000 0.000 0.000 0.000 0.000 0.000 0.000 0.000 0.000 0.001 0.002 0.004 0.006 0.010 0.014 0.017 0.018 0.018 0.018 0.018 0.016 0.012 0.009 0.008 0.007 0.007 0.008 0.011 0.028 0.093 0.263 0.521 0.748 0.907 1.022 1.094 1.125 1.130 1.120 1.085 1.009 0.878 0.757 0.699 0.651 0.567 0.429 0.294 0.198 0.131 0.085 0.055 0.034 0.021 0.013 0.008 0.005 0.003 0.002 0.001 0.001 0.000 0.000
0.000 0.000 0.000 0.000 0.000 0.000 0.000 0.000 0.000 0.000 0.000 0.000 0.000 0.000 0.000 0.000 0.000 0.000 0.000 0.000 0.000 0.000 0.001 0.002 0.004 0.007 0.012 0.019 0.025 0.030 0.032 0.033 0.032 0.031 0.028 0.022 0.017 0.014 0.012 0.012 0.013 0.022 0.061 0.204 0.524 0.833 0.987 1.069 1.136 1.178 1.196 1.197 1.183 1.145 1.070 0.943 0.804 0.723 0.657 0.563 0.424 0.292 0.197 0.131 0.085 0.055 0.034 0.021 0.013 0.008 0.005 0.003 0.002 0.001 0.001 0.000 0.000
0.000 0.000 0.000 0.000 0.000 0.000 0.000 0.000 0.000 0.000 0.000 0.000 0.000 0.000 0.000 0.000 0.000 0.000 0.000 0.000 0.000 0.000 0.002 0.004 0.008 0.013 0.021 0.031 0.041 0.048 0.052 0.053 0.053 0.052 0.047 0.037 0.027 0.021 0.019 0.019 0.022 0.038 0.114 0.378 0.831 1.099 1.170 1.190 1.214 1.232 1.239 1.236 1.218 1.179 1.108 0.988 0.841 0.738 0.650 0.545 0.407 0.283 0.192 0.128 0.084 0.054 0.034 0.021 0.013 0.008 0.005 0.003 0.002 0.001 0.001 0.000 0.000
0.000 0.000 0.000 0.000 0.000 0.000 0.000 0.000 0.000 0.000 0.000 0.000 0.000 0.000 0.000 0.000 0.000 0.000 0.000 0.000 0.000 0.001 0.003 0.007 0.013 0.022 0.033 0.048 0.063 0.074 0.080 0.082 0.082 0.080 0.073 0.059 0.042 0.032 0.028 0.027 0.031 0.053 0.155 0.511 1.050 1.288 1.303 1.272 1.261 1.260 1.255 1.248 1.230 1.194 1.125 1.012 0.864 0.739 0.631 0.510 0.377 0.265 0.182 0.122 0.080 0.052 0.033 0.020 0.012 0.007 0.004 0.003 0.002 0.001 0.000 0.000 0.000
0.000 0.000 0.000 0.000 0.000 0.000 0.000 0.000 0.000 0.000 0.000 0.000 0.000 0.000 0.000 0.000 0.000 0.000 0.000 0.000 0.000 0.002 0.006 0.012 0.021 0.034 0.050 0.072 0.094 0.110 0.118 0.121 0.121 0.119 0.110 0.091 0.064 0.046 0.038 0.037 0.040 0.065 0.178 0.569 1.155 1.396 1.389 1.319 1.280 1.266 1.256 1.247 1.232 1.196 1.129 1.019 0.872 0.726 0.596 0.464 0.340 0.241 0.167 0.113 0.074 0.048 0.030 0.019 0.012 0.007 0.004 0.002 0.001 0.001 0.000 0.000 0.000
0.000 0.000 0.000 0.000 0.000 0.000 0.000 0.000 0.000 0.000 0.000 0.000 0.000 0.000 0.000 0.000 0.000 0.000 0.000 0.000 0.000 0.002 0.008 0.019 0.032 0.050 0.073 0.104 0.136 0.158 0.170 0.175 0.175 0.172 0.161 0.138 0.100 0.067 0.052 0.048 0.051 0.078 0.199 0.589 1.170 1.427 1.427 1.341 1.281 1.257 1.245 1.236 1.222 1.190 1.126 1.018 0.867 0.696 0.545 0.413 0.300 0.213 0.147 0.099 0.066 0.043 0.027 0.017 0.010 0.006 0.004 0.002 0.001 0.001 0.000 0.000 0.000
0.000 0.000 0.000 0.000 0.000 0.000 0.000 0.000 0.000 0.000 0.000 0.000 0.000 0.000 0.000 0.000 0.000 0.000 0.000 0.000 0.000 0.002 0.009 0.024 0.046 0.072 0.104 0.147 0.191 0.222 0.239 0.246 0.247 0.244 0.232 0.205 0.156 0.102 0.073 0.064 0.067 0.097 0.230 0.610 1.136 1.397 1.423 1.347 1.267 1.224 1.202 1.194 1.187 1.165 1.108 1.000 0.844 0.654 0.488 0.358 0.257 0.180 0.123 0.083 0.055 0.036 0.023 0.014 0.009 0.005 0.003 0.002 0.001 0.001 0.000 0.000 0.000
0.000 0.000 0.000 0.000 0.000 0.000 0.000 0.000 0.000 0.000 0.000 0.000 0.000 0.000 0.000 0.000 0.000 0.000 0.000 0.000 0.000 0.002 0.008 0.026 0.055 0.095 0.143 0.202 0.261 0.304 0.328 0.339 0.341 0.338 0.326 0.296 0.238 0.159 0.110 0.093 0.094 0.128 0.277 0.633 1.053 1.294 1.357 1.317 1.230 1.156 1.103 1.081 1.081 1.080 1.046 0.952 0.799 0.605 0.435 0.309 0.217 0.149 0.101 0.067 0.044 0.028 0.018 0.011 0.006 0.004 0.002 0.001 0.001 0.000 0.000 0.000 0.000
0.000 0.000 0.000 0.000 0.000 0.000 0.000 0.000 0.000 0.000 0.000 0.000 0.000 0.000 0.000 0.000 0.000 0.000 0.000 0.000 0.000 0.001 0.007 0.024 0.058 0.110 0.178 0.266 0.349 0.408 0.442 0.458 0.462 0.461 0.449 0.418 0.352 0.248 0.175 0.146 0.144 0.180 0.330 0.638 0.935 1.116 1.202 1.203 1.145 1.047 0.933 0.847 0.825 0.837 0.850 0.817 0.718 0.555 0.389 0.268 0.182 0.122 0.081 0.052 0.033 0.021 0.013 0.007 0.004 0.003 0.001 0.001 0.000 0.000 0.000 0.000 0.000
0.000 0.000 0.000 0.000 0.000 0.000 0.000 0.000 0.000 0.000 0.000 0.000 0.000 0.000 0.000 0.000 0.000 0.000 0.000 0.000 0.000 0.001 0.004 0.018 0.053 0.113 0.199 0.321 0.451 0.537 0.585 0.607 0.615 0.616 0.608 0.575 0.496 0.372 0.278 0.234 0.227 0.257 0.381 0.618 0.811 0.911 0.971 0.994 0.974 0.886 0.725 0.559 0.474 0.460 0.493 0.538 0.542 0.472 0.345 0.229 0.150 0.097 0.062 0.039 0.024 0.014 0.008 0.005 0.003 0.002 0.001 0.001 0.000 0.000 0.000 0.000 0.000
0.000 0.000 0.000 0.000 0.000 0.000 0.000 0.000 0.000 0.000 0.000 0.000 0.000 0.000 0.000 0.000 0.000 0.000 0.000 0.000 0.000 0.000 0.002 0.010 0.040 0.103 0.202 0.349 0.545 0.690 0.761 0.790 0.799 0.799 0.777 0.714 0.605 0.478 0.388 0.341 0.329 0.345 0.422 0.578 0.701 0.752 0.772 0.776 0.759 0.692 0.556 0.382 0.268 0.223 0.223 0.255 0.295 0.305 0.264 0.186 0.117 0.072 0.043 0.026 0.015 0.008 0.004 0.002 0.001 0.001 0.001 0.000 0.000 0.000 0.000 0.000 0.000
0.000 0.000 0.000 0.000 0.000 0.000 0.000 0.000 0.000 0.000 0.000 0.000 0.000 0.000 0.000 0.000 0.000 0.000 0.000 0.000 0.000 0.000 0.001 0.003 0.020 0.074 0.180 0.348 0.597 0.831 0.950 0.986 0.987 0.966 0.906 0.801 0.664 0.544 0.461 0.415 0.399 0.404 0.441 0.529 0.599 0.625 0.629 0.619 0.590 0.531 0.426 0.285 0.180 0.123 0.103 0.106 0.126 0.139 0.139 0.115 0.073 0.042 0.025 0.014 0.008 0.004 0.002 0.001 0.001 0.001 0.000 0.000 0.000 0.000 0.000 0.000 0.000
0.000 0.000 0.000 0.000 0.000 0.000 0.000 0.000 0.000 0.000 0.000 0.000 0.000 0.000 0.000 0.000 0.000 0.000 0.000 0.000 0.000 0.000 0.001 0.001 0.006 0.033 0.116 0.293 0.578 0.907 1.098 1.150 1.142 1.090 0.986 0.838 0.690 0.576 0.498 0.451 0.430 0.427 0.441 0.480 0.511 0.519 0.514 0.494 0.459 0.403 0.320 0.216 0.136 0.085 0.058 0.050 0.050 0.054 0.055 0.050 0.034 0.019 0.011 0.006 0.003 0.002 0.001 0.001 0.000 0.000 0.000 0.000 0.000 0.000 0.000 0.000 0.000
0.000 0.000 0.000 0.000 0.000 0.000 0.000 0.000 0.000 0.000 0.000 0.000 0.000 0.000 0.000 0.000 0.000 0.000 0.000 0.000 0.000 0.000 0.000 0.001 0.002 0.011 0.043 0.157 0.433 0.849 1.153 1.254 1.245 1.165 1.020 0.843 0.696 0.585 0.508 0.461 0.436 0.428 0.426 0.433 0.436 0.430 0.415 0.389 0.353 0.303 0.236 0.162 0.105 0.065 0.042 0.030 0.025 0.023 0.022 0.019 0.014 0.008 0.005 0.003 0.002 0.001 0.001 0.000 0.000 0.000 0.000 0.000 0.000 0.000 0.000 0.000 0.000
0.000 0.000 0.000 0.000 0.000 0.000 0.000 0.000 0.000 0.000 0.000 0.000 0.000 0.000 0.000 0.000 0.000 0.000 0.000 0.000 0.000 0.000 0.001 0.001 0.003 0.008 0.024 0.065 0.199 0.562 1.032 1.265 1.279 1.190 1.022 0.836 0.690 0.583 0.507 0.458 0.429 0.410 0.394 0.379 0.366 0.351 0.329 0.302 0.268 0.226 0.172 0.119 0.079 0.051 0.033 0.022 0.016 0.013 0.010 0.008 0.006 0.004 0.002 0.001 0.001 0.001 0.000 0.000 0.000 0.000 0.000 0.000 0.000 0.000 0.000 0.000 0.000
0.000 0.000 0.000 0.000 0.000 0.000 0.000 0.000 0.000 0.000 0.000 0.000 0.000 0.000 0.000 0.000 0.000 0.000 0.000 0.000 0.000 0.000 0.001 0.002 0.007 0.016 0.035 0.059 0.090 0.217 0.626 1.086 1.222 1.160 0.993 0.804 0.664 0.562 0.490 0.438 0.399 0.368 0.341 0.318 0.297 0.278 0.257 0.233 0.203 0.167 0.124 0.086 0.058 0.038 0.025 0.016 0.011 0.008 0.006 0.004 0.003 0.002 0.001 0.001 0.001 0.000 0.000 0.000 0.000 0.000 0.000 0.000 0.000 0.000 0.000 0.000 0.000
0.000 0.000 0.000 0.000 0.000 0.000 0.000 0.000 0.000 0.000 0.000 0.000 0.000 0.000 0.000 0.000 0.000 0.000 0.000 0.000 0.000 0.001 0.002 0.007 0.017 0.040 0.067 0.080 0.081 0.088 0.226 0.639 0.951 0.986 0.884 0.727 0.601 0.511 0.442 0.387 0.340 0.298 0.266 0.244 0.228 0.212 0.196 0.176 0.152 0.122 0.089 0.062 0.042 0.027 0.018 0.012 0.008 0.005 0.004 0.003 0.002 0.001 0.001 0.001 0.000 0.000 0.000 0.000 0.000 0.000 0.000 0.000 0.000 0.000 0.000 0.000 0.000
0.000 0.000 0.000 0.000 0.000 0.000 0.000 0.000 0.000 0.000 0.000 0.000 0.000 0.000 0.000 0.000 0.000 0.000 0.000 0.000 0.001 0.002 0.006 0.016 0.040 0.070 0.087 0.089 0.083 0.064 0.077 0.249 0.535 0.648 0.644 0.575 0.489 0.418 0.358 0.303 0.253 0.212 0.183 0.168 0.160 0.152 0.142 0.129 0.111 0.088 0.064 0.044 0.029 0.019 0.012 0.008 0.005 0.003 0.002 0.001 0.001 0.001 0.000 0.000 0.000 0.000 0.000 0.000 0.000 0.000 0.000 0.000 0.000 0.000 0.000 0.000 0.000
0.000 0.000 0.000 0.000 0.000 0.000 0.000 0.000 0.000 0.000 0.000 0.000 0.000 0.000 0.000 0.000 0.000 0.000 0.000 0.000 0.001 0.004 0.013 0.035 0.067 0.087 0.092 0.089 0.071 0.042 0.034 0.089 0.255 0.361 0.380 0.367 0.333 0.291 0.250 0.210 0.174 0.143 0.120 0.106 0.100 0.096 0.092 0.085 0.075 0.060 0.043 0.029 0.019 0.012 0.008 0.005 0.003 0.002 0.001 0.001 0.000 0.000 0.000 0.000 0.000 0.000 0.000 0.000 0.000 0.000 0.000 0.000 0.000 0.000 0.000 0.000 0.000
0.000 0.000 0.000 0.000 0.000 0.000 0.000 0.000 0.000 0.000 0.000 0.000 0.000 0.000 0.000 0.000 0.000 0.000 0.000 0.001 0.002 0.008 0.024 0.056 0.082 0.090 0.089 0.074 0.041 0.017 0.015 0.037 0.117 0.194 0.217 0.217 0.208 0.189 0.167 0.142 0.118 0.095 0.076 0.063 0.056 0.053 0.050 0.047 0.042 0.034 0.025 0.017 0.011 0.006 0.004 0.002 0.001 0.001 0.000 0.000 0.000 0.000 0.000 0.000 0.000 0.000 0.000 0.000 0.000 0.000 0.000 0.000 0.000 0.000 0.000 0.000 0.000
0.000 0.000 0.000 0.000 0.000 0.000 0.000 0.000 0.000 0.000 0.000 0.000 0.000 0.000 0.000 0.000 0.000 0.000 0.000 0.001 0.004 0.014 0.039 0.071 0.086 0.087 0.076 0.045 0.017 0.007 0.006 0.016 0.055 0.103 0.123 0.126 0.125 0.119 0.108 0.094 0.079 0.063 0.048 0.037 0.029 0.025 0.022 0.020 0.018 0.014 0.010 0.007 0.004 0.003 0.001 0.001 0.000 0.000 0.000 0.000 0.000 0.000 0.000 0.000 0.000 0.000 0.000 0.000 0.000 0.000 0.000 0.000 0.000 0.000 0.000 0.000 0.000
0.000 0.000 0.000 0.000 0.000 0.000 0.000 0.000 0.000 0.000 0.000 0.000 0.000 0.000 0.000 0.000 0.000 0.000 0.001 0.002 0.008 0.023 0.053 0.076 0.082 0.076 0.051 0.020 0.006 0.002 0.002 0.007 0.025 0.053 0.068 0.073 0.074 0.072 0.068 0.061 0.052 0.042 0.031 0.022 0.016 0.011 0.009 0.007 0.005 0.004 0.003 0.002 0.001 0.001 0.000 0.000 0.000 0.000 0.000 0.000 0.000 0.000 0.000 0.000 0.000 0.000 0.000 0.000 0.000 0.000 0.000 0.000 0.000 0.000 0.000 0.000 0.000
0.000 0.000 0.000 0.000 0.000 0.000 0.000 0.000 0.000 0.000 0.000 0.000 0.000 0.000 0.000 0.000 0.000 0.000 0.001 0.004 0.012 0.035 0.064 0.075 0.074 0.057 0.026 0.009 0.003 0.002 0.002 0.003 0.010 0.024 0.035 0.040 0.042 0.042 0.041 0.038 0.034 0.027 0.020 0.013 0.009 0.006 0.004 0.002 0.002 0.001 0.001 0.001 0.000 0.000 0.000 0.000 0.000 0.000 0.000 0.000 0.000 0.000 0.000 0.000 0.000 0.000 0.000 0.000 0.000 0.000 0.000 0.000 0.000 0.000 0.000 0.000 0.000
0.000 0.000 0.000 0.000 0.000 0.000 0.000 0.000 0.000 0.000 0.000 0.000 0.000 0.000 0.000 0.000 0.000 0.001 0.002 0.006 0.019 0.047 0.068 0.072 0.064 0.037 0.013 0.004 0.002 0.001 0.001 0.001 0.004 0.010 0.016 0.019 0.021 0.023 0.023 0.022 0.020 0.017 0.013 0.008 0.005 0.003 0.002 0.001 0.001 0.000 0.000 0.000 0.000 0.000 0.000 0.000 0.000 0.000 0.000 0.000 0.000 0.000 0.000 0.000 0.000 0.000 0.000 0.000 0.000 0.000 0.000 0.000 0.000 0.000 0.000 0.000 0.000
0.000 0.000 0.000 0.000 0.000 0.000 0.000 0.000 0.000 0.000 0.000 0.000 0.000 0.000 0.000 0.000 0.000 0.001 0.003 0.010 0.028 0.056 0.067 0.066 0.050 0.021 0.007 0.003 0.002 0.002 0.001 0.001 0.001 0.003 0.006 0.007 0.009 0.010 0.011 0.011 0.011 0.010 0.007 0.005 0.003 0.002 0.001 0.000 0.000 0.000 0.000 0.000 0.000 0.000 0.000 0.000 0.000 0.000 0.000 0.000 0.000 0.000 0.000 0.000 0.000 0.000 0.000 0.000 0.000 0.000 0.000 0.000 0.000 0.000 0.000 0.000 0.000
0.000 0.000 0.000 0.000 0.000 0.000 0.000 0.000 0.000 0.000 0.000 0.000 0.000 0.000 0.000 0.000 0.001 0.001 0.005 0.015 0.038 0.059 0.064 0.057 0.032 0.010 0.004 0.002 0.001 0.001 0.001 0.001 0.001 0.001 0.002 0.002 0.003 0.003 0.004 0.004 0.004 0.004 0.004 0.002 0.001 0.001 0.000 0.000 0.000 0.000 0.000 0.000 0.000 0.000 0.000 0.000 0.000 0.000 0.000 0.000 0.000 0.000 0.000 0.000 0.000 0.000 0.000 0.000 0.000 0.000 0.000 0.000 0.000 0.000 0.000 0.000 0.000
0.000 0.000 0.000 0.000 0.000 0.000 0.000 0.000 0.000 0.000 0.000 0.000 0.000 0.000 0.000 0.000 0.001 0.002 0.007 0.022 0.047 0.060 0.059 0.045 0.019 0.006 0.003 0.002 0.002 0.002 0.001 0.001 0.000 0.000 0.001 0.001 0.001 0.001 0.001 0.001 0.001 0.001 0.001 0.001 0.001 0.000 0.000 0.000 0.000 0.000 0.000 0.000 0.000 0.000 0.000 0.000 0.000 0.000 0.000 0.000 0.000 0.000 0.000 0.000 0.000 0.000 0.000 0.000 0.000 0.000 0.000 0.000 0.000 0.000 0.000 0.000 0.000
