RESULTS/r.avaflow_results/31_results/31_ascii/31_hflow10042.asc
ncols 506
nrows 317
xllcenter 498237.50
yllcenter 5580050.00
cellsize 12.50
NODATA_value -9999.000
[rows 170 to 203 of 317, columns 77 to 153 of 506]
0.000 0.000 0.000 0.000 0.000 0.000 0.000 0.000 0.000 0.000 0.000 0.000 0.000 0.000 0.000 0.000 0.000 0.000 0.000 0.000 0.000 0.000 0.000 0.000 0.000 0.000 0.000 0.000 0.000 0.000 0.000 0.000 0.000 0.000 0.000 0.000 0.000 0.000 0.000 0.000 0.000 0.000 0.000 0.000 0.000 0.000 0.000 0.001 0.002 0.004 0.008 0.017 0.045 0.117 0.235 0.337 0.423 0.512 0.568 0.573 0.549 0.504 0.441 0.366 0.290 0.225 0.173 0.133 0.101 0.076 0.057 0.042 0.031 0.023 0.017 0.012 0.009
0.000 0.000 0.000 0.000 0.000 0.000 0.000 0.000 0.000 0.000 0.000 0.000 0.000 0.000 0.000 0.000 0.000 0.000 0.000 0.000 0.000 0.000 0.000 0.000 0.000 0.000 0.000 0.000 0.000 0.000 0.000 0.000 0.000 0.000 0.000 0.000 0.000 0.000 0.000 0.000 0.000 0.000 0.000 0.000 0.000 0.001 0.002 0.003 0.006 0.012 0.027 0.067 0.153 0.303 0.452 0.543 0.602 0.642 0.653 0.636 0.597 0.542 0.471 0.386 0.304 0.236 0.182 0.139 0.106 0.080 0.060 0.045 0.033 0.024 0.018 0.013 0.009
0.000 0.000 0.000 0.000 0.000 0.000 0.000 0.000 0.000 0.000 0.000 0.000 0.000 0.000 0.000 0.000 0.000 0.000 0.000 0.000 0.000 0.000 0.000 0.000 0.000 0.000 0.000 0.000 0.000 0.000 0.000 0.000 0.000 0.000 0.000 0.000 0.000 0.000 0.000 0.000 0.000 0.000 0.000 0.000 0.001 0.002 0.005 0.011 0.021 0.047 0.109 0.229 0.379 0.511 0.585 0.638 0.683 0.699 0.692 0.668 0.627 0.567 0.492 0.401 0.315 0.245 0.189 0.145 0.111 0.084 0.063 0.047 0.035 0.026 0.019 0.014 0.010
0.000 0.000 0.000 0.000 0.000 0.000 0.000 0.000 0.000 0.000 0.000 0.000 0.000 0.000 0.000 0.000 0.000 0.000 0.000 0.000 0.000 0.001 0.001 0.002 0.002 0.002 0.002 0.002 0.002 0.002 0.002 0.002 0.002 0.002 0.001 0.001 0.001 0.000 0.000 0.000 0.000 0.000 0.000 0.001 0.003 0.008 0.018 0.039 0.082 0.173 0.347 0.530 0.631 0.653 0.650 0.667 0.704 0.716 0.708 0.684 0.644 0.585 0.507 0.413 0.324 0.253 0.196 0.150 0.115 0.087 0.065 0.049 0.036 0.027 0.019 0.014 0.010
0.000 0.000 0.000 0.000 0.000 0.000 0.000 0.000 0.000 0.000 0.000 0.000 0.000 0.000 0.000 0.000 0.000 0.000 0.000 0.001 0.001 0.003 0.005 0.006 0.007 0.007 0.007 0.007 0.007 0.007 0.007 0.007 0.006 0.006 0.004 0.003 0.002 0.001 0.001 0.001 0.001 0.001 0.001 0.003 0.010 0.027 0.065 0.137 0.259 0.459 0.667 0.771 0.777 0.729 0.680 0.672 0.698 0.718 0.713 0.693 0.657 0.600 0.520 0.422 0.331 0.258 0.200 0.154 0.117 0.089 0.067 0.050 0.037 0.027 0.020 0.015 0.011
0.000 0.000 0.000 0.000 0.000 0.000 0.000 0.000 0.000 0.000 0.000 0.000 0.000 0.000 0.000 0.000 0.000 0.000 0.001 0.002 0.004 0.007 0.010 0.012 0.014 0.014 0.015 0.015 0.015 0.015 0.015 0.014 0.013 0.012 0.009 0.006 0.004 0.003 0.002 0.002 0.002 0.002 0.004 0.010 0.032 0.091 0.201 0.363 0.568 0.760 0.861 0.879 0.848 0.773 0.698 0.666 0.673 0.705 0.715 0.701 0.669 0.613 0.529 0.426 0.335 0.261 0.202 0.155 0.119 0.090 0.068 0.051 0.038 0.028 0.020 0.015 0.011
0.000 0.000 0.000 0.000 0.000 0.000 0.000 0.000 0.000 0.000 0.000 0.000 0.000 0.000 0.000 0.000 0.000 0.001 0.002 0.004 0.008 0.013 0.017 0.021 0.023 0.025 0.026 0.026 0.026 0.026 0.026 0.025 0.023 0.020 0.015 0.010 0.007 0.006 0.005 0.004 0.004 0.005 0.010 0.031 0.101 0.255 0.467 0.667 0.825 0.918 0.943 0.932 0.890 0.808 0.717 0.663 0.651 0.682 0.714 0.709 0.681 0.623 0.535 0.428 0.336 0.262 0.203 0.156 0.119 0.090 0.068 0.051 0.038 0.028 0.020 0.015 0.011
0.000 0.000 0.000 0.000 0.000 0.000 0.000 0.000 0.000 0.000 0.000 0.000 0.000 0.000 0.000 0.000 0.000 0.001 0.004 0.008 0.013 0.021 0.028 0.033 0.037 0.039 0.040 0.041 0.041 0.041 0.040 0.039 0.036 0.031 0.024 0.016 0.012 0.009 0.008 0.008 0.008 0.011 0.025 0.084 0.260 0.543 0.767 0.890 0.959 0.989 0.990 0.973 0.924 0.840 0.739 0.672 0.649 0.672 0.714 0.716 0.688 0.628 0.537 0.428 0.336 0.261 0.203 0.155 0.119 0.090 0.068 0.051 0.038 0.028 0.021 0.015 0.011
0.000 0.000 0.000 0.000 0.000 0.000 0.000 0.000 0.000 0.000 0.000 0.000 0.000 0.000 0.000 0.000 0.000 0.001 0.005 0.011 0.020 0.031 0.041 0.049 0.054 0.057 0.059 0.059 0.060 0.059 0.059 0.057 0.053 0.046 0.035 0.024 0.017 0.013 0.011 0.011 0.012 0.019 0.053 0.186 0.503 0.818 0.960 1.009 1.031 1.037 1.032 1.007 0.955 0.873 0.771 0.695 0.663 0.678 0.716 0.719 0.688 0.627 0.534 0.424 0.333 0.259 0.201 0.154 0.118 0.090 0.068 0.051 0.038 0.028 0.021 0.015 0.011
0.000 0.000 0.000 0.000 0.000 0.000 0.000 0.000 0.000 0.000 0.000 0.000 0.000 0.000 0.000 0.000 0.000 0.001 0.005 0.012 0.024 0.042 0.058 0.069 0.076 0.080 0.082 0.083 0.083 0.083 0.082 0.079 0.074 0.065 0.052 0.035 0.024 0.018 0.015 0.015 0.016 0.025 0.077 0.283 0.700 0.985 1.065 1.076 1.079 1.073 1.058 1.030 0.983 0.912 0.817 0.735 0.695 0.699 0.721 0.719 0.684 0.618 0.522 0.415 0.326 0.255 0.197 0.152 0.117 0.089 0.068 0.051 0.038 0.029 0.021 0.015 0.011
0.000 0.000 0.000 0.000 0.000 0.000 0.000 0.000 0.000 0.000 0.000 0.000 0.000 0.000 0.000 0.000 0.000 0.001 0.005 0.011 0.024 0.046 0.075 0.093 0.103 0.108 0.112 0.113 0.113 0.113 0.111 0.108 0.102 0.090 0.073 0.050 0.033 0.024 0.019 0.017 0.018 0.027 0.083 0.322 0.805 1.078 1.121 1.117 1.107 1.089 1.067 1.042 1.009 0.959 0.884 0.799 0.746 0.733 0.733 0.718 0.674 0.600 0.500 0.399 0.316 0.248 0.194 0.150 0.115 0.088 0.067 0.051 0.039 0.029 0.021 0.016 0.011
0.000 0.000 0.000 0.000 0.000 0.000 0.000 0.000 0.000 0.000 0.000 0.000 0.000 0.000 0.000 0.000 0.000 0.001 0.003 0.008 0.020 0.044 0.084 0.118 0.135 0.143 0.147 0.149 0.150 0.150 0.148 0.144 0.136 0.122 0.101 0.072 0.046 0.031 0.023 0.020 0.020 0.028 0.080 0.318 0.829 1.119 1.154 1.140 1.115 1.089 1.066 1.047 1.028 1.002 0.957 0.888 0.819 0.777 0.749 0.715 0.659 0.575 0.471 0.376 0.299 0.237 0.186 0.145 0.113 0.088 0.068 0.052 0.040 0.030 0.022 0.016 0.012
0.000 0.000 0.000 0.000 0.000 0.000 0.000 0.000 0.000 0.000 0.000 0.000 0.000 0.000 0.000 0.000 0.000 0.000 0.001 0.003 0.011 0.032 0.077 0.133 0.167 0.183 0.190 0.194 0.195 0.195 0.194 0.189 0.178 0.162 0.138 0.103 0.067 0.042 0.029 0.023 0.023 0.028 0.070 0.279 0.781 1.120 1.170 1.149 1.110 1.074 1.054 1.044 1.038 1.029 1.006 0.959 0.892 0.825 0.769 0.713 0.643 0.552 0.447 0.356 0.282 0.223 0.177 0.139 0.110 0.086 0.069 0.054 0.042 0.032 0.024 0.017 0.012
0.000 0.000 0.000 0.000 0.000 0.000 0.000 0.000 0.000 0.000 0.000 0.000 0.000 0.000 0.000 0.000 0.000 0.000 0.000 0.001 0.004 0.018 0.060 0.132 0.191 0.225 0.241 0.247 0.250 0.250 0.249 0.243 0.232 0.213 0.186 0.147 0.099 0.061 0.039 0.029 0.026 0.028 0.053 0.196 0.623 1.041 1.159 1.144 1.092 1.037 1.014 1.015 1.027 1.038 1.028 0.993 0.936 0.865 0.790 0.715 0.632 0.536 0.435 0.347 0.273 0.214 0.168 0.133 0.105 0.084 0.068 0.056 0.044 0.034 0.025 0.018 0.013
0.000 0.000 0.000 0.000 0.000 0.000 0.000 0.000 0.000 0.000 0.000 0.000 0.000 0.000 0.000 0.000 0.000 0.000 0.000 0.000 0.001 0.007 0.039 0.113 0.200 0.257 0.293 0.309 0.315 0.317 0.315 0.310 0.298 0.278 0.249 0.206 0.148 0.093 0.057 0.039 0.032 0.032 0.043 0.111 0.386 0.827 1.066 1.096 1.047 0.967 0.916 0.908 0.933 0.983 1.015 0.998 0.952 0.888 0.809 0.721 0.627 0.528 0.432 0.345 0.272 0.211 0.163 0.127 0.100 0.080 0.066 0.054 0.044 0.035 0.027 0.020 0.014
0.000 0.000 0.000 0.000 0.000 0.000 0.000 0.000 0.000 0.000 0.000 0.000 0.000 0.000 0.000 0.000 0.000 0.000 0.000 0.000 0.000 0.003 0.020 0.080 0.182 0.270 0.335 0.375 0.391 0.397 0.397 0.392 0.381 0.361 0.330 0.284 0.219 0.145 0.091 0.060 0.045 0.041 0.046 0.072 0.197 0.528 0.844 0.948 0.932 0.848 0.732 0.668 0.672 0.741 0.856 0.936 0.940 0.894 0.821 0.730 0.629 0.528 0.433 0.348 0.274 0.211 0.160 0.121 0.093 0.073 0.057 0.045 0.037 0.032 0.026 0.020 0.015
0.000 0.000 0.000 0.000 0.000 0.000 0.000 0.000 0.000 0.000 0.000 0.000 0.000 0.000 0.000 0.000 0.000 0.000 0.000 0.000 0.000 0.001 0.008 0.045 0.137 0.255 0.354 0.433 0.478 0.493 0.497 0.495 0.485 0.467 0.436 0.387 0.316 0.224 0.148 0.098 0.070 0.057 0.056 0.065 0.114 0.282 0.536 0.670 0.690 0.639 0.514 0.397 0.352 0.373 0.499 0.706 0.844 0.865 0.818 0.734 0.633 0.533 0.441 0.356 0.279 0.213 0.159 0.117 0.085 0.060 0.040 0.027 0.021 0.019 0.019 0.017 0.014
0.000 0.000 0.000 0.000 0.000 0.000 0.000 0.000 0.000 0.000 0.000 0.000 0.000 0.000 0.000 0.000 0.000 0.000 0.000 0.000 0.000 0.000 0.002 0.019 0.082 0.205 0.342 0.466 0.562 0.609 0.620 0.621 0.615 0.601 0.571 0.520 0.439 0.330 0.230 0.157 0.109 0.083 0.072 0.073 0.091 0.166 0.312 0.415 0.446 0.433 0.369 0.270 0.199 0.179 0.218 0.371 0.596 0.737 0.760 0.716 0.632 0.539 0.452 0.369 0.288 0.216 0.158 0.111 0.074 0.046 0.026 0.015 0.009 0.008 0.008 0.009 0.008
0.000 0.000 0.000 0.000 0.000 0.000 0.000 0.000 0.000 0.000 0.000 0.000 0.000 0.000 0.000 0.000 0.000 0.000 0.000 0.000 0.000 0.000 0.001 0.006 0.037 0.133 0.290 0.460 0.616 0.724 0.766 0.773 0.771 0.757 0.718 0.647 0.541 0.415 0.308 0.226 0.164 0.121 0.097 0.090 0.097 0.134 0.212 0.284 0.316 0.318 0.294 0.233 0.162 0.121 0.112 0.155 0.289 0.467 0.582 0.612 0.581 0.518 0.448 0.372 0.285 0.207 0.146 0.097 0.060 0.033 0.016 0.008 0.005 0.003 0.003 0.003 0.002
0.000 0.000 0.000 0.000 0.000 0.000 0.000 0.000 0.000 0.000 0.000 0.000 0.000 0.000 0.000 0.000 0.000 0.000 0.000 0.000 0.000 0.000 0.000 0.002 0.012 0.062 0.193 0.398 0.624 0.802 0.897 0.921 0.918 0.895 0.835 0.735 0.603 0.468 0.359 0.274 0.211 0.164 0.133 0.118 0.117 0.138 0.188 0.239 0.264 0.268 0.259 0.223 0.162 0.112 0.087 0.083 0.117 0.203 0.307 0.372 0.394 0.385 0.355 0.303 0.227 0.153 0.101 0.063 0.036 0.018 0.009 0.004 0.002 0.002 0.001 0.001 0.001
0.000 0.000 0.000 0.000 0.000 0.000 0.000 0.000 0.000 0.000 0.000 0.000 0.000 0.000 0.000 0.000 0.000 0.000 0.000 0.000 0.000 0.000 0.000 0.001 0.003 0.020 0.085 0.253 0.530 0.810 0.978 1.036 1.031 0.994 0.910 0.783 0.632 0.496 0.386 0.302 0.238 0.194 0.165 0.150 0.146 0.156 0.191 0.231 0.249 0.252 0.246 0.221 0.173 0.119 0.086 0.069 0.065 0.082 0.120 0.148 0.161 0.162 0.155 0.135 0.099 0.064 0.041 0.026 0.015 0.008 0.004 0.002 0.001 0.001 0.001 0.001 0.001
0.000 0.000 0.000 0.000 0.000 0.000 0.000 0.000 0.000 0.000 0.000 0.000 0.000 0.000 0.000 0.000 0.000 0.000 0.000 0.000 0.000 0.000 0.000 0.001 0.001 0.005 0.024 0.096 0.308 0.673 0.973 1.093 1.100 1.047 0.943 0.800 0.643 0.508 0.399 0.314 0.251 0.208 0.183 0.171 0.168 0.175 0.201 0.234 0.248 0.250 0.244 0.225 0.187 0.136 0.095 0.069 0.055 0.049 0.051 0.053 0.054 0.053 0.049 0.042 0.031 0.021 0.014 0.010 0.006 0.004 0.002 0.001 0.001 0.001 0.001 0.001 0.001
0.000 0.000 0.000 0.000 0.000 0.000 0.000 0.000 0.000 0.000 0.000 0.000 0.000 0.000 0.000 0.000 0.000 0.000 0.000 0.000 0.000 0.000 0.000 0.001 0.002 0.005 0.012 0.033 0.111 0.377 0.797 1.062 1.111 1.060 0.948 0.799 0.643 0.511 0.403 0.318 0.255 0.212 0.188 0.180 0.178 0.184 0.205 0.237 0.252 0.254 0.248 0.230 0.196 0.148 0.105 0.073 0.052 0.039 0.031 0.025 0.022 0.019 0.017 0.015 0.011 0.008 0.006 0.004 0.003 0.002 0.001 0.001 0.001 0.001 0.000 0.000 0.000
0.000 0.000 0.000 0.000 0.000 0.000 0.000 0.000 0.000 0.000 0.000 0.000 0.000 0.000 0.000 0.000 0.000 0.000 0.000 0.000 0.000 0.000 0.001 0.002 0.004 0.010 0.020 0.030 0.044 0.136 0.457 0.869 1.036 1.023 0.926 0.786 0.637 0.509 0.403 0.318 0.254 0.211 0.187 0.180 0.181 0.186 0.203 0.235 0.255 0.258 0.252 0.233 0.200 0.152 0.107 0.074 0.050 0.032 0.021 0.014 0.010 0.009 0.007 0.006 0.005 0.004 0.003 0.002 0.001 0.001 0.001 0.001 0.000 0.000 0.000 0.000 0.000
0.000 0.000 0.000 0.000 0.000 0.000 0.000 0.000 0.000 0.000 0.000 0.000 0.000 0.000 0.000 0.000 0.000 0.000 0.000 0.000 0.000 0.001 0.001 0.004 0.011 0.023 0.033 0.037 0.038 0.056 0.194 0.548 0.822 0.883 0.838 0.739 0.615 0.498 0.398 0.316 0.251 0.205 0.178 0.171 0.173 0.179 0.192 0.216 0.239 0.246 0.243 0.227 0.194 0.145 0.098 0.065 0.040 0.023 0.012 0.007 0.005 0.004 0.004 0.003 0.003 0.002 0.001 0.001 0.001 0.001 0.000 0.000 0.000 0.000 0.000 0.000 0.000
0.000 0.000 0.000 0.000 0.000 0.000 0.000 0.000 0.000 0.000 0.000 0.000 0.000 0.000 0.000 0.000 0.000 0.000 0.000 0.000 0.000 0.001 0.003 0.009 0.022 0.034 0.038 0.038 0.036 0.039 0.095 0.296 0.546 0.650 0.663 0.631 0.562 0.474 0.386 0.307 0.242 0.193 0.159 0.145 0.143 0.147 0.155 0.168 0.183 0.192 0.193 0.183 0.156 0.113 0.069 0.040 0.021 0.010 0.005 0.003 0.002 0.002 0.002 0.001 0.001 0.001 0.001 0.001 0.000 0.000 0.000 0.000 0.000 0.000 0.000 0.000 0.000
0.000 0.000 0.000 0.000 0.000 0.000 0.000 0.000 0.000 0.000 0.000 0.000 0.000 0.000 0.000 0.000 0.000 0.000 0.000 0.000 0.001 0.002 0.007 0.018 0.032 0.038 0.038 0.034 0.027 0.029 0.060 0.171 0.346 0.443 0.472 0.478 0.464 0.423 0.361 0.293 0.229 0.175 0.134 0.107 0.094 0.089 0.088 0.088 0.092 0.097 0.099 0.096 0.083 0.056 0.029 0.014 0.006 0.003 0.001 0.001 0.001 0.001 0.001 0.001 0.001 0.000 0.000 0.000 0.000 0.000 0.000 0.000 0.000 0.000 0.000 0.000 0.000
0.000 0.000 0.000 0.000 0.000 0.000 0.000 0.000 0.000 0.000 0.000 0.000 0.000 0.000 0.000 0.000 0.000 0.000 0.000 0.000 0.001 0.004 0.012 0.026 0.036 0.037 0.034 0.023 0.017 0.020 0.044 0.110 0.222 0.298 0.331 0.345 0.348 0.341 0.315 0.268 0.211 0.158 0.114 0.082 0.061 0.048 0.039 0.034 0.032 0.032 0.031 0.031 0.027 0.018 0.008 0.004 0.002 0.001 0.000 0.000 0.000 0.000 0.000 0.000 0.000 0.000 0.000 0.000 0.000 0.000 0.000 0.000 0.000 0.000 0.000 0.000 0.000
0.000 0.000 0.000 0.000 0.000 0.000 0.000 0.000 0.000 0.000 0.000 0.000 0.000 0.000 0.000 0.000 0.000 0.000 0.000 0.001 0.002 0.007 0.019 0.032 0.036 0.034 0.024 0.013 0.011 0.016 0.034 0.076 0.144 0.195 0.224 0.241 0.249 0.251 0.246 0.226 0.188 0.141 0.099 0.067 0.044 0.029 0.020 0.014 0.010 0.009 0.008 0.007 0.006 0.004 0.002 0.001 0.000 0.000 0.000 0.000 0.000 0.000 0.000 0.000 0.000 0.000 0.000 0.000 0.000 0.000 0.000 0.000 0.000 0.000 0.000 0.000 0.000
0.000 0.000 0.000 0.000 0.000 0.000 0.000 0.000 0.000 0.000 0.000 0.000 0.000 0.000 0.000 0.000 0.000 0.000 0.000 0.001 0.004 0.012 0.026 0.033 0.034 0.028 0.014 0.008 0.008 0.013 0.026 0.053 0.091 0.121 0.141 0.156 0.165 0.171 0.173 0.169 0.153 0.122 0.085 0.056 0.034 0.020 0.012 0.006 0.004 0.002 0.002 0.001 0.001 0.001 0.000 0.000 0.000 0.000 0.000 0.000 0.000 0.000 0.000 0.000 0.000 0.000 0.000 0.000 0.000 0.000 0.000 0.000 0.000 0.000 0.000 0.000 0.000
0.000 0.000 0.000 0.000 0.000 0.000 0.000 0.000 0.000 0.000 0.000 0.000 0.000 0.000 0.000 0.000 0.000 0.000 0.001 0.002 0.006 0.017 0.029 0.032 0.030 0.018 0.007 0.005 0.006 0.011 0.020 0.036 0.056 0.070 0.079 0.086 0.093 0.099 0.105 0.107 0.106 0.094 0.071 0.045 0.026 0.014 0.007 0.003 0.002 0.001 0.001 0.000 0.000 0.000 0.000 0.000 0.000 0.000 0.000 0.000 0.000 0.000 0.000 0.000 0.000 0.000 0.000 0.000 0.000 0.000 0.000 0.000 0.000 0.000 0.000 0.000 0.000
0.000 0.000 0.000 0.000 0.000 0.000 0.000 0.000 0.000 0.000 0.000 0.000 0.000 0.000 0.000 0.000 0.000 0.000 0.001 0.003 0.010 0.023 0.030 0.030 0.024 0.010 0.003 0.003 0.005 0.008 0.015 0.024 0.033 0.037 0.039 0.039 0.041 0.044 0.048 0.053 0.055 0.055 0.048 0.032 0.017 0.009 0.004 0.002 0.001 0.000 0.000 0.000 0.000 0.000 0.000 0.000 0.000 0.000 0.000 0.000 0.000 0.000 0.000 0.000 0.000 0.000 0.000 0.000 0.000 0.000 0.000 0.000 0.000 0.000 0.000 0.000 0.000
0.000 0.000 0.000 0.000 0.000 0.000 0.000 0.000 0.000 0.000 0.000 0.000 0.000 0.000 0.000 0.000 0.000 0.001 0.002 0.005 0.015 0.026 0.029 0.027 0.016 0.005 0.002 0.002 0.003 0.006 0.010 0.015 0.017 0.018 0.017 0.014 0.013 0.014 0.015 0.018 0.020 0.022 0.021 0.016 0.009 0.004 0.002 0.001 0.000 0.000 0.000 0.000 0.000 0.000 0.000 0.000 0.000 0.000 0.000 0.000 0.000 0.000 0.000 0.000 0.000 0.000 0.000 0.000 0.000 0.000 0.000 0.000 0.000 0.000 0.000 0.000 0.000
0.000 0.000 0.000 0.000 0.000 0.000 0.000 0.000 0.000 0.000 0.000 0.000 0.000 0.000 0.000 0.000 0.000 0.001 0.003 0.009 0.020 0.027 0.027 0.022 0.009 0.002 0.001 0.001 0.002 0.003 0.006 0.008 0.008 0.008 0.007 0.005 0.004 0.003 0.004 0.004 0.005 0.006 0.006 0.006 0.003 0.002 0.001 0.000 0.000 0.000 0.000 0.000 0.000 0.000 0.000 0.000 0.000 0.000 0.000 0.000 0.000 0.000 0.000 0.000 0.000 0.000 0.000 0.000 0.000 0.000 0.000 0.000 0.000 0.000 0.000 0.000 0.000
