RESULTS/r.avaflow_results/31_results/31_ascii/31_hflow10032.asc
ncols 506
nrows 317
xllcenter 498237.50
yllcenter 5580050.00
cellsize 12.50
NODATA_value -9999.000
[rows 170 to 203 of 317, columns 77 to 153 of 506]
0.000 0.000 0.000 0.000 0.000 0.000 0.000 0.000 0.000 0.000 0.000 0.000 0.000 0.000 0.000 0.000 0.000 0.000 0.000 0.000 0.000 0.000 0.000 0.000 0.000 0.000 0.000 0.000 0.000 0.000 0.000 0.000 0.000 0.000 0.000 0.000 0.000 0.000 0.000 0.000 0.000 0.000 0.000 0.000 0.000 0.000 0.000 0.001 0.002 0.004 0.008 0.017 0.043 0.106 0.210 0.301 0.376 0.455 0.502 0.503 0.474 0.417 0.344 0.267 0.203 0.152 0.112 0.082 0.060 0.043 0.031 0.022 0.015 0.011 0.007 0.005 0.003
0.000 0.000 0.000 0.000 0.000 0.000 0.000 0.000 0.000 0.000 0.000 0.000 0.000 0.000 0.000 0.000 0.000 0.000 0.000 0.000 0.000 0.000 0.000 0.000 0.000 0.000 0.000 0.000 0.000 0.000 0.000 0.000 0.000 0.000 0.000 0.000 0.000 0.000 0.000 0.000 0.000 0.000 0.000 0.000 0.000 0.001 0.002 0.004 0.007 0.014 0.028 0.066 0.144 0.277 0.415 0.502 0.557 0.591 0.596 0.573 0.524 0.455 0.371 0.287 0.218 0.163 0.122 0.090 0.065 0.047 0.034 0.024 0.017 0.012 0.008 0.006 0.004
0.000 0.000 0.000 0.000 0.000 0.000 0.000 0.000 0.000 0.000 0.000 0.000 0.000 0.000 0.000 0.000 0.000 0.000 0.000 0.000 0.000 0.000 0.000 0.000 0.000 0.000 0.000 0.000 0.000 0.000 0.000 0.000 0.000 0.000 0.000 0.000 0.000 0.000 0.000 0.000 0.000 0.000 0.000 0.000 0.001 0.003 0.006 0.013 0.024 0.051 0.113 0.224 0.358 0.478 0.550 0.601 0.642 0.655 0.644 0.610 0.556 0.483 0.392 0.303 0.231 0.174 0.129 0.096 0.070 0.051 0.037 0.026 0.018 0.013 0.009 0.006 0.004
0.000 0.000 0.000 0.000 0.000 0.000 0.000 0.000 0.000 0.000 0.000 0.000 0.000 0.000 0.000 0.000 0.000 0.000 0.000 0.000 0.000 0.000 0.001 0.001 0.001 0.002 0.002 0.002 0.002 0.002 0.002 0.002 0.002 0.002 0.001 0.001 0.001 0.000 0.000 0.000 0.000 0.000 0.000 0.001 0.004 0.009 0.022 0.046 0.093 0.186 0.352 0.522 0.611 0.628 0.619 0.632 0.665 0.674 0.663 0.630 0.576 0.502 0.409 0.316 0.241 0.181 0.135 0.100 0.073 0.053 0.038 0.027 0.019 0.014 0.009 0.006 0.004
0.000 0.000 0.000 0.000 0.000 0.000 0.000 0.000 0.000 0.000 0.000 0.000 0.000 0.000 0.000 0.000 0.000 0.000 0.000 0.000 0.000 0.001 0.002 0.003 0.004 0.005 0.006 0.006 0.006 0.006 0.006 0.006 0.005 0.005 0.004 0.003 0.002 0.001 0.001 0.001 0.001 0.001 0.002 0.004 0.012 0.033 0.079 0.159 0.288 0.482 0.679 0.772 0.770 0.713 0.652 0.638 0.659 0.675 0.668 0.641 0.591 0.518 0.423 0.326 0.248 0.187 0.140 0.103 0.076 0.055 0.040 0.028 0.020 0.014 0.010 0.007 0.005
0.000 0.000 0.000 0.000 0.000 0.000 0.000 0.000 0.000 0.000 0.000 0.000 0.000 0.000 0.000 0.000 0.000 0.000 0.000 0.000 0.001 0.002 0.004 0.007 0.009 0.011 0.012 0.012 0.012 0.012 0.012 0.012 0.011 0.010 0.008 0.006 0.004 0.003 0.002 0.002 0.002 0.002 0.005 0.013 0.041 0.113 0.238 0.412 0.616 0.797 0.886 0.897 0.856 0.765 0.674 0.632 0.635 0.661 0.667 0.649 0.604 0.532 0.432 0.332 0.252 0.190 0.142 0.105 0.077 0.056 0.040 0.029 0.020 0.014 0.010 0.007 0.005
0.000 0.000 0.000 0.000 0.000 0.000 0.000 0.000 0.000 0.000 0.000 0.000 0.000 0.000 0.000 0.000 0.000 0.000 0.000 0.001 0.002 0.005 0.009 0.013 0.016 0.019 0.020 0.021 0.022 0.022 0.022 0.021 0.020 0.018 0.014 0.010 0.007 0.005 0.004 0.004 0.004 0.006 0.012 0.039 0.127 0.309 0.538 0.741 0.888 0.970 0.987 0.968 0.911 0.806 0.695 0.630 0.612 0.635 0.661 0.654 0.616 0.542 0.438 0.334 0.254 0.191 0.143 0.105 0.077 0.056 0.041 0.029 0.020 0.014 0.010 0.007 0.005
0.000 0.000 0.000 0.000 0.000 0.000 0.000 0.000 0.000 0.000 0.000 0.000 0.000 0.000 0.000 0.000 0.000 0.000 0.001 0.002 0.005 0.009 0.015 0.021 0.026 0.030 0.032 0.034 0.034 0.034 0.034 0.033 0.032 0.028 0.022 0.015 0.011 0.009 0.007 0.007 0.008 0.012 0.031 0.108 0.323 0.637 0.866 0.980 1.039 1.061 1.055 1.024 0.954 0.843 0.720 0.640 0.609 0.626 0.660 0.658 0.621 0.546 0.439 0.334 0.254 0.191 0.142 0.105 0.077 0.056 0.041 0.029 0.020 0.014 0.010 0.007 0.005
0.000 0.000 0.000 0.000 0.000 0.000 0.000 0.000 0.000 0.000 0.000 0.000 0.000 0.000 0.000 0.000 0.000 0.000 0.001 0.004 0.009 0.016 0.024 0.033 0.040 0.045 0.048 0.050 0.051 0.051 0.051 0.050 0.047 0.042 0.034 0.023 0.017 0.013 0.011 0.011 0.012 0.022 0.067 0.235 0.604 0.938 1.078 1.118 1.131 1.129 1.112 1.068 0.991 0.880 0.754 0.663 0.622 0.631 0.660 0.658 0.621 0.543 0.435 0.332 0.252 0.189 0.141 0.105 0.077 0.056 0.040 0.029 0.020 0.014 0.010 0.007 0.005
0.000 0.000 0.000 0.000 0.000 0.000 0.000 0.000 0.000 0.000 0.000 0.000 0.000 0.000 0.000 0.000 0.000 0.000 0.001 0.005 0.012 0.023 0.037 0.049 0.058 0.065 0.070 0.072 0.073 0.073 0.073 0.072 0.068 0.061 0.050 0.035 0.024 0.018 0.015 0.015 0.016 0.029 0.096 0.348 0.826 1.123 1.199 1.203 1.197 1.179 1.146 1.095 1.022 0.923 0.801 0.703 0.652 0.650 0.664 0.656 0.612 0.530 0.422 0.323 0.246 0.186 0.139 0.104 0.076 0.056 0.040 0.029 0.020 0.014 0.010 0.007 0.005
0.000 0.000 0.000 0.000 0.000 0.000 0.000 0.000 0.000 0.000 0.000 0.000 0.000 0.000 0.000 0.000 0.000 0.000 0.001 0.005 0.013 0.028 0.050 0.069 0.082 0.091 0.097 0.100 0.102 0.102 0.102 0.100 0.095 0.087 0.072 0.051 0.034 0.024 0.020 0.018 0.020 0.032 0.102 0.392 0.944 1.228 1.269 1.259 1.237 1.202 1.157 1.108 1.050 0.973 0.871 0.767 0.703 0.681 0.672 0.648 0.592 0.504 0.398 0.307 0.237 0.180 0.136 0.101 0.075 0.055 0.040 0.029 0.021 0.014 0.010 0.007 0.005
0.000 0.000 0.000 0.000 0.000 0.000 0.000 0.000 0.000 0.000 0.000 0.000 0.000 0.000 0.000 0.000 0.000 0.000 0.001 0.004 0.011 0.028 0.057 0.090 0.111 0.123 0.132 0.137 0.139 0.139 0.139 0.136 0.130 0.119 0.101 0.074 0.048 0.032 0.025 0.022 0.022 0.033 0.100 0.388 0.972 1.278 1.310 1.289 1.251 1.204 1.156 1.113 1.070 1.019 0.950 0.861 0.778 0.723 0.683 0.635 0.564 0.467 0.366 0.285 0.222 0.171 0.130 0.098 0.073 0.054 0.040 0.029 0.021 0.015 0.010 0.007 0.005
0.000 0.000 0.000 0.000 0.000 0.000 0.000 0.000 0.000 0.000 0.000 0.000 0.000 0.000 0.000 0.000 0.000 0.000 0.000 0.002 0.007 0.022 0.056 0.105 0.143 0.163 0.175 0.182 0.186 0.186 0.186 0.183 0.175 0.161 0.140 0.108 0.070 0.045 0.031 0.026 0.025 0.033 0.088 0.344 0.921 1.282 1.329 1.301 1.249 1.189 1.142 1.110 1.080 1.049 1.005 0.940 0.855 0.771 0.697 0.624 0.538 0.436 0.342 0.265 0.205 0.159 0.123 0.094 0.071 0.053 0.040 0.030 0.021 0.015 0.010 0.007 0.005
0.000 0.000 0.000 0.000 0.000 0.000 0.000 0.000 0.000 0.000 0.000 0.000 0.000 0.000 0.000 0.000 0.000 0.000 0.000 0.001 0.003 0.014 0.047 0.108 0.169 0.207 0.227 0.238 0.243 0.245 0.244 0.240 0.231 0.215 0.191 0.155 0.105 0.065 0.042 0.032 0.029 0.033 0.068 0.251 0.752 1.201 1.318 1.298 1.232 1.149 1.099 1.080 1.071 1.058 1.032 0.980 0.903 0.811 0.715 0.620 0.521 0.420 0.330 0.255 0.196 0.150 0.115 0.088 0.068 0.052 0.040 0.030 0.022 0.016 0.011 0.007 0.005
0.000 0.000 0.000 0.000 0.000 0.000 0.000 0.000 0.000 0.000 0.000 0.000 0.000 0.000 0.000 0.000 0.000 0.000 0.000 0.000 0.001 0.007 0.033 0.097 0.180 0.244 0.284 0.303 0.313 0.316 0.315 0.312 0.302 0.285 0.258 0.217 0.158 0.100 0.062 0.043 0.037 0.038 0.054 0.147 0.485 0.979 1.221 1.245 1.183 1.077 0.998 0.975 0.985 1.009 1.020 0.987 0.921 0.834 0.732 0.622 0.514 0.414 0.327 0.253 0.192 0.145 0.110 0.083 0.064 0.050 0.039 0.030 0.022 0.016 0.011 0.007 0.005
0.000 0.000 0.000 0.000 0.000 0.000 0.000 0.000 0.000 0.000 0.000 0.000 0.000 0.000 0.000 0.000 0.000 0.000 0.000 0.000 0.000 0.003 0.019 0.073 0.166 0.260 0.332 0.376 0.395 0.403 0.404 0.401 0.391 0.374 0.345 0.299 0.233 0.155 0.099 0.067 0.052 0.050 0.058 0.097 0.261 0.652 0.985 1.085 1.058 0.953 0.816 0.739 0.736 0.783 0.867 0.926 0.906 0.839 0.744 0.630 0.515 0.415 0.328 0.253 0.192 0.143 0.105 0.078 0.058 0.044 0.033 0.025 0.019 0.015 0.011 0.007 0.005
0.000 0.000 0.000 0.000 0.000 0.000 0.000 0.000 0.000 0.000 0.000 0.000 0.000 0.000 0.000 0.000 0.000 0.000 0.000 0.000 0.000 0.001 0.008 0.043 0.130 0.247 0.356 0.443 0.491 0.509 0.514 0.512 0.504 0.488 0.458 0.409 0.336 0.240 0.160 0.109 0.081 0.070 0.070 0.086 0.156 0.365 0.646 0.784 0.800 0.737 0.593 0.457 0.401 0.414 0.521 0.696 0.803 0.804 0.742 0.638 0.522 0.420 0.333 0.257 0.194 0.142 0.102 0.071 0.049 0.032 0.021 0.014 0.011 0.010 0.008 0.007 0.005
0.000 0.000 0.000 0.000 0.000 0.000 0.000 0.000 0.000 0.000 0.000 0.000 0.000 0.000 0.000 0.000 0.000 0.000 0.000 0.000 0.000 0.000 0.003 0.019 0.082 0.203 0.346 0.481 0.586 0.636 0.649 0.650 0.644 0.631 0.601 0.548 0.462 0.347 0.247 0.174 0.127 0.102 0.093 0.096 0.123 0.218 0.384 0.494 0.524 0.506 0.429 0.310 0.225 0.198 0.229 0.362 0.553 0.667 0.678 0.621 0.524 0.426 0.341 0.264 0.196 0.141 0.097 0.063 0.039 0.022 0.012 0.007 0.005 0.004 0.004 0.004 0.003
0.000 0.000 0.000 0.000 0.000 0.000 0.000 0.000 0.000 0.000 0.000 0.000 0.000 0.000 0.000 0.000 0.000 0.000 0.000 0.000 0.000 0.000 0.001 0.006 0.038 0.135 0.296 0.478 0.649 0.764 0.808 0.815 0.811 0.795 0.754 0.675 0.560 0.431 0.327 0.248 0.189 0.149 0.126 0.118 0.128 0.171 0.255 0.330 0.362 0.362 0.331 0.256 0.171 0.123 0.112 0.147 0.258 0.403 0.496 0.517 0.478 0.408 0.336 0.263 0.189 0.128 0.083 0.050 0.027 0.014 0.007 0.004 0.002 0.002 0.001 0.001 0.001
0.000 0.000 0.000 0.000 0.000 0.000 0.000 0.000 0.000 0.000 0.000 0.000 0.000 0.000 0.000 0.000 0.000 0.000 0.000 0.000 0.000 0.000 0.000 0.002 0.013 0.065 0.201 0.416 0.659 0.851 0.951 0.973 0.967 0.938 0.872 0.761 0.618 0.483 0.377 0.297 0.239 0.197 0.168 0.153 0.150 0.168 0.213 0.260 0.282 0.286 0.272 0.229 0.160 0.105 0.078 0.074 0.100 0.169 0.247 0.294 0.310 0.296 0.260 0.206 0.138 0.085 0.049 0.027 0.015 0.007 0.004 0.002 0.001 0.001 0.001 0.001 0.001
0.000 0.000 0.000 0.000 0.000 0.000 0.000 0.000 0.000 0.000 0.000 0.000 0.000 0.000 0.000 0.000 0.000 0.000 0.000 0.000 0.000 0.000 0.000 0.001 0.003 0.021 0.090 0.267 0.561 0.859 1.036 1.094 1.085 1.040 0.945 0.804 0.645 0.509 0.403 0.323 0.266 0.226 0.202 0.188 0.183 0.185 0.207 0.236 0.247 0.248 0.239 0.211 0.158 0.105 0.071 0.055 0.052 0.066 0.094 0.113 0.122 0.121 0.110 0.087 0.056 0.033 0.019 0.011 0.007 0.004 0.002 0.001 0.001 0.001 0.001 0.001 0.000
0.000 0.000 0.000 0.000 0.000 0.000 0.000 0.000 0.000 0.000 0.000 0.000 0.000 0.000 0.000 0.000 0.000 0.000 0.000 0.000 0.000 0.000 0.000 0.001 0.001 0.006 0.027 0.103 0.327 0.714 1.029 1.151 1.155 1.094 0.977 0.817 0.653 0.519 0.414 0.334 0.277 0.239 0.218 0.208 0.205 0.206 0.215 0.228 0.233 0.232 0.222 0.198 0.155 0.106 0.072 0.051 0.041 0.037 0.039 0.041 0.041 0.040 0.036 0.028 0.018 0.012 0.008 0.005 0.003 0.002 0.001 0.001 0.001 0.001 0.000 0.000 0.000
0.000 0.000 0.000 0.000 0.000 0.000 0.000 0.000 0.000 0.000 0.000 0.000 0.000 0.000 0.000 0.000 0.000 0.000 0.000 0.000 0.000 0.000 0.001 0.001 0.002 0.006 0.015 0.037 0.120 0.400 0.839 1.114 1.163 1.106 0.980 0.815 0.653 0.521 0.416 0.337 0.279 0.241 0.222 0.216 0.215 0.217 0.221 0.227 0.228 0.225 0.214 0.189 0.149 0.106 0.073 0.051 0.037 0.028 0.023 0.020 0.017 0.016 0.014 0.011 0.007 0.005 0.004 0.003 0.002 0.001 0.001 0.001 0.000 0.000 0.000 0.000 0.000
0.000 0.000 0.000 0.000 0.000 0.000 0.000 0.000 0.000 0.000 0.000 0.000 0.000 0.000 0.000 0.000 0.000 0.000 0.000 0.000 0.000 0.000 0.001 0.002 0.005 0.013 0.024 0.035 0.050 0.145 0.478 0.903 1.077 1.062 0.955 0.799 0.644 0.517 0.414 0.335 0.277 0.239 0.220 0.215 0.217 0.221 0.223 0.226 0.227 0.223 0.209 0.182 0.143 0.103 0.072 0.050 0.034 0.023 0.016 0.011 0.009 0.007 0.006 0.005 0.004 0.003 0.002 0.001 0.001 0.001 0.001 0.000 0.000 0.000 0.000 0.000 0.000
0.000 0.000 0.000 0.000 0.000 0.000 0.000 0.000 0.000 0.000 0.000 0.000 0.000 0.000 0.000 0.000 0.000 0.000 0.000 0.000 0.000 0.001 0.002 0.005 0.014 0.028 0.039 0.042 0.043 0.060 0.199 0.561 0.842 0.905 0.855 0.747 0.617 0.502 0.406 0.328 0.269 0.229 0.208 0.205 0.209 0.218 0.222 0.223 0.223 0.219 0.204 0.176 0.135 0.095 0.065 0.043 0.027 0.016 0.009 0.006 0.004 0.004 0.003 0.002 0.002 0.001 0.001 0.001 0.001 0.000 0.000 0.000 0.000 0.000 0.000 0.000 0.000
0.000 0.000 0.000 0.000 0.000 0.000 0.000 0.000 0.000 0.000 0.000 0.000 0.000 0.000 0.000 0.000 0.000 0.000 0.000 0.000 0.001 0.001 0.004 0.012 0.027 0.040 0.043 0.043 0.039 0.041 0.095 0.297 0.548 0.651 0.663 0.630 0.558 0.470 0.386 0.313 0.253 0.210 0.183 0.174 0.178 0.190 0.200 0.202 0.202 0.199 0.186 0.159 0.117 0.076 0.047 0.027 0.014 0.007 0.004 0.002 0.002 0.002 0.001 0.001 0.001 0.001 0.001 0.000 0.000 0.000 0.000 0.000 0.000 0.000 0.000 0.000 0.000
0.000 0.000 0.000 0.000 0.000 0.000 0.000 0.000 0.000 0.000 0.000 0.000 0.000 0.000 0.000 0.000 0.000 0.000 0.000 0.000 0.001 0.003 0.008 0.022 0.037 0.043 0.043 0.038 0.028 0.028 0.057 0.167 0.343 0.437 0.463 0.466 0.452 0.411 0.351 0.288 0.230 0.181 0.145 0.125 0.119 0.125 0.135 0.140 0.142 0.140 0.132 0.112 0.078 0.043 0.022 0.010 0.004 0.002 0.001 0.001 0.001 0.001 0.001 0.001 0.000 0.000 0.000 0.000 0.000 0.000 0.000 0.000 0.000 0.000 0.000 0.000 0.000
0.000 0.000 0.000 0.000 0.000 0.000 0.000 0.000 0.000 0.000 0.000 0.000 0.000 0.000 0.000 0.000 0.000 0.000 0.000 0.001 0.002 0.005 0.015 0.031 0.041 0.043 0.038 0.025 0.015 0.018 0.039 0.105 0.217 0.290 0.319 0.328 0.329 0.321 0.296 0.252 0.201 0.152 0.113 0.085 0.069 0.062 0.060 0.060 0.059 0.057 0.053 0.045 0.029 0.015 0.006 0.003 0.001 0.001 0.000 0.000 0.000 0.000 0.000 0.000 0.000 0.000 0.000 0.000 0.000 0.000 0.000 0.000 0.000 0.000 0.000 0.000 0.000
0.000 0.000 0.000 0.000 0.000 0.000 0.000 0.000 0.000 0.000 0.000 0.000 0.000 0.000 0.000 0.000 0.000 0.000 0.000 0.001 0.003 0.009 0.023 0.036 0.041 0.039 0.028 0.013 0.009 0.012 0.029 0.070 0.138 0.187 0.213 0.225 0.229 0.228 0.221 0.202 0.168 0.126 0.090 0.062 0.043 0.031 0.025 0.020 0.018 0.015 0.013 0.011 0.007 0.003 0.001 0.001 0.000 0.000 0.000 0.000 0.000 0.000 0.000 0.000 0.000 0.000 0.000 0.000 0.000 0.000 0.000 0.000 0.000 0.000 0.000 0.000 0.000
0.000 0.000 0.000 0.000 0.000 0.000 0.000 0.000 0.000 0.000 0.000 0.000 0.000 0.000 0.000 0.000 0.000 0.000 0.001 0.001 0.005 0.014 0.030 0.038 0.038 0.031 0.015 0.006 0.006 0.009 0.021 0.047 0.086 0.115 0.133 0.144 0.150 0.152 0.150 0.143 0.127 0.100 0.070 0.046 0.028 0.018 0.011 0.007 0.005 0.004 0.003 0.002 0.001 0.001 0.000 0.000 0.000 0.000 0.000 0.000 0.000 0.000 0.000 0.000 0.000 0.000 0.000 0.000 0.000 0.000 0.000 0.000 0.000 0.000 0.000 0.000 0.000
0.000 0.000 0.000 0.000 0.000 0.000 0.000 0.000 0.000 0.000 0.000 0.000 0.000 0.000 0.000 0.000 0.000 0.000 0.001 0.002 0.008 0.021 0.034 0.037 0.034 0.021 0.007 0.003 0.003 0.007 0.015 0.031 0.051 0.065 0.074 0.079 0.084 0.087 0.089 0.088 0.083 0.071 0.052 0.032 0.018 0.010 0.006 0.003 0.002 0.001 0.001 0.001 0.000 0.000 0.000 0.000 0.000 0.000 0.000 0.000 0.000 0.000 0.000 0.000 0.000 0.000 0.000 0.000 0.000 0.000 0.000 0.000 0.000 0.000 0.000 0.000 0.000
0.000 0.000 0.000 0.000 0.000 0.000 0.000 0.000 0.000 0.000 0.000 0.000 0.000 0.000 0.000 0.000 0.000 0.001 0.001 0.004 0.012 0.026 0.034 0.034 0.027 0.012 0.003 0.002 0.002 0.005 0.010 0.020 0.029 0.033 0.035 0.036 0.037 0.039 0.041 0.042 0.042 0.039 0.031 0.019 0.011 0.005 0.003 0.001 0.001 0.000 0.000 0.000 0.000 0.000 0.000 0.000 0.000 0.000 0.000 0.000 0.000 0.000 0.000 0.000 0.000 0.000 0.000 0.000 0.000 0.000 0.000 0.000 0.000 0.000 0.000 0.000 0.000
0.000 0.000 0.000 0.000 0.000 0.000 0.000 0.000 0.000 0.000 0.000 0.000 0.000 0.000 0.000 0.000 0.000 0.001 0.002 0.006 0.017 0.030 0.033 0.030 0.019 0.006 0.002 0.001 0.001 0.003 0.006 0.011 0.015 0.015 0.015 0.013 0.012 0.013 0.014 0.014 0.015 0.015 0.014 0.009 0.005 0.003 0.001 0.001 0.000 0.000 0.000 0.000 0.000 0.000 0.000 0.000 0.000 0.000 0.000 0.000 0.000 0.000 0.000 0.000 0.000 0.000 0.000 0.000 0.000 0.000 0.000 0.000 0.000 0.000 0.000 0.000 0.000
0.000 0.000 0.000 0.000 0.000 0.000 0.000 0.000 0.000 0.000 0.000 0.000 0.000 0.000 0.000 0.000 0.000 0.001 0.003 0.010 0.023 0.030 0.031 0.024 0.010 0.003 0.001 0.001 0.001 0.001 0.003 0.005 0.006 0.006 0.006 0.004 0.004 0.003 0.003 0.003 0.004 0.004 0.004 0.003 0.002 0.001 0.001 0.000 0.000 0.000 0.000 0.000 0.000 0.000 0.000 0.000 0.000 0.000 0.000 0.000 0.000 0.000 0.000 0.000 0.000 0.000 0.000 0.000 0.000 0.000 0.000 0.000 0.000 0.000 0.000 0.000 0.000
