RESULTS/r.avaflow_results/31_results/31_ascii/31_hflow10039.asc
ncols 506
nrows 317
xllcenter 498237.50
yllcenter 5580050.00
cellsize 12.50
NODATA_value -9999.000
[rows 170 to 203 of 317, columns 77 to 153 of 506]
0.000 0.000 0.000 0.000 0.000 0.000 0.000 0.000 0.000 0.000 0.000 0.000 0.000 0.000 0.000 0.000 0.000 0.000 0.000 0.000 0.000 0.000 0.000 0.000 0.000 0.000 0.000 0.000 0.000 0.000 0.000 0.000 0.000 0.000 0.000 0.000 0.000 0.000 0.000 0.000 0.000 0.000 0.000 0.000 0.000 0.000 0.000 0.001 0.002 0.004 0.008 0.017 0.044 0.113 0.227 0.327 0.411 0.499 0.552 0.556 0.530 0.480 0.415 0.338 0.265 0.204 0.156 0.118 0.088 0.066 0.049 0.036 0.026 0.019 0.014 0.010 0.007
0.000 0.000 0.000 0.000 0.000 0.000 0.000 0.000 0.000 0.000 0.000 0.000 0.000 0.000 0.000 0.000 0.000 0.000 0.000 0.000 0.000 0.000 0.000 0.000 0.000 0.000 0.000 0.000 0.000 0.000 0.000 0.000 0.000 0.000 0.000 0.000 0.000 0.000 0.000 0.000 0.000 0.000 0.000 0.000 0.000 0.001 0.002 0.003 0.007 0.013 0.027 0.066 0.149 0.293 0.440 0.531 0.591 0.630 0.639 0.620 0.579 0.519 0.445 0.358 0.279 0.215 0.164 0.124 0.094 0.070 0.052 0.038 0.028 0.020 0.015 0.010 0.007
0.000 0.000 0.000 0.000 0.000 0.000 0.000 0.000 0.000 0.000 0.000 0.000 0.000 0.000 0.000 0.000 0.000 0.000 0.000 0.000 0.000 0.000 0.000 0.000 0.000 0.000 0.000 0.000 0.000 0.000 0.000 0.000 0.000 0.000 0.000 0.000 0.000 0.000 0.000 0.000 0.000 0.000 0.000 0.000 0.001 0.002 0.005 0.011 0.022 0.048 0.110 0.226 0.370 0.499 0.573 0.627 0.672 0.687 0.680 0.654 0.609 0.546 0.466 0.373 0.291 0.224 0.172 0.130 0.098 0.074 0.055 0.040 0.030 0.022 0.016 0.011 0.008
0.000 0.000 0.000 0.000 0.000 0.000 0.000 0.000 0.000 0.000 0.000 0.000 0.000 0.000 0.000 0.000 0.000 0.000 0.000 0.000 0.000 0.001 0.001 0.002 0.002 0.002 0.002 0.002 0.002 0.002 0.002 0.002 0.002 0.002 0.001 0.001 0.001 0.000 0.000 0.000 0.000 0.000 0.000 0.001 0.003 0.008 0.019 0.041 0.085 0.177 0.348 0.527 0.624 0.644 0.640 0.657 0.693 0.704 0.695 0.670 0.626 0.564 0.482 0.385 0.300 0.232 0.178 0.135 0.102 0.077 0.057 0.042 0.031 0.022 0.016 0.012 0.008
0.000 0.000 0.000 0.000 0.000 0.000 0.000 0.000 0.000 0.000 0.000 0.000 0.000 0.000 0.000 0.000 0.000 0.000 0.000 0.000 0.001 0.002 0.004 0.005 0.006 0.007 0.007 0.007 0.007 0.007 0.007 0.007 0.006 0.005 0.004 0.003 0.002 0.001 0.001 0.001 0.001 0.001 0.001 0.004 0.010 0.028 0.069 0.143 0.268 0.466 0.671 0.771 0.774 0.723 0.671 0.662 0.688 0.706 0.701 0.679 0.640 0.579 0.495 0.394 0.307 0.237 0.182 0.138 0.105 0.078 0.058 0.043 0.032 0.023 0.017 0.012 0.008
0.000 0.000 0.000 0.000 0.000 0.000 0.000 0.000 0.000 0.000 0.000 0.000 0.000 0.000 0.000 0.000 0.000 0.000 0.000 0.001 0.003 0.006 0.009 0.011 0.013 0.014 0.014 0.015 0.015 0.015 0.014 0.014 0.013 0.011 0.009 0.006 0.004 0.003 0.002 0.002 0.002 0.002 0.004 0.011 0.034 0.097 0.212 0.378 0.583 0.772 0.870 0.885 0.850 0.769 0.690 0.656 0.662 0.693 0.701 0.686 0.651 0.592 0.504 0.399 0.310 0.240 0.184 0.140 0.106 0.079 0.059 0.044 0.032 0.023 0.017 0.012 0.009
0.000 0.000 0.000 0.000 0.000 0.000 0.000 0.000 0.000 0.000 0.000 0.000 0.000 0.000 0.000 0.000 0.000 0.000 0.001 0.003 0.006 0.011 0.016 0.019 0.022 0.024 0.025 0.025 0.025 0.025 0.025 0.024 0.022 0.020 0.015 0.010 0.007 0.006 0.005 0.004 0.004 0.005 0.011 0.033 0.108 0.270 0.488 0.690 0.845 0.934 0.957 0.943 0.896 0.806 0.709 0.652 0.640 0.670 0.699 0.694 0.663 0.602 0.509 0.401 0.312 0.241 0.185 0.141 0.106 0.080 0.059 0.044 0.032 0.023 0.017 0.012 0.009
0.000 0.000 0.000 0.000 0.000 0.000 0.000 0.000 0.000 0.000 0.000 0.000 0.000 0.000 0.000 0.000 0.000 0.000 0.002 0.005 0.011 0.018 0.025 0.031 0.034 0.037 0.038 0.039 0.039 0.039 0.039 0.038 0.035 0.031 0.024 0.016 0.012 0.009 0.008 0.007 0.008 0.011 0.026 0.090 0.278 0.571 0.797 0.917 0.983 1.011 1.010 0.988 0.932 0.839 0.732 0.662 0.638 0.660 0.699 0.699 0.669 0.605 0.510 0.401 0.312 0.241 0.185 0.140 0.106 0.080 0.059 0.044 0.032 0.024 0.017 0.012 0.009
0.000 0.000 0.000 0.000 0.000 0.000 0.000 0.000 0.000 0.000 0.000 0.000 0.000 0.000 0.000 0.000 0.000 0.000 0.002 0.008 0.016 0.028 0.038 0.045 0.051 0.054 0.056 0.057 0.058 0.058 0.057 0.055 0.052 0.045 0.035 0.024 0.017 0.013 0.011 0.011 0.012 0.020 0.057 0.200 0.531 0.853 0.995 1.041 1.060 1.064 1.055 1.025 0.965 0.874 0.764 0.685 0.651 0.664 0.700 0.701 0.670 0.603 0.507 0.398 0.309 0.238 0.183 0.139 0.106 0.079 0.059 0.044 0.032 0.024 0.017 0.012 0.009
0.000 0.000 0.000 0.000 0.000 0.000 0.000 0.000 0.000 0.000 0.000 0.000 0.000 0.000 0.000 0.000 0.000 0.000 0.003 0.009 0.020 0.037 0.054 0.064 0.072 0.077 0.079 0.081 0.081 0.081 0.080 0.078 0.073 0.065 0.051 0.035 0.024 0.018 0.015 0.015 0.016 0.026 0.082 0.301 0.736 1.025 1.104 1.113 1.113 1.104 1.084 1.049 0.994 0.915 0.811 0.725 0.682 0.684 0.705 0.701 0.664 0.593 0.494 0.389 0.303 0.235 0.181 0.138 0.105 0.079 0.059 0.044 0.033 0.024 0.017 0.012 0.009
0.000 0.000 0.000 0.000 0.000 0.000 0.000 0.000 0.000 0.000 0.000 0.000 0.000 0.000 0.000 0.000 0.000 0.000 0.002 0.008 0.020 0.042 0.070 0.088 0.098 0.105 0.108 0.110 0.110 0.110 0.109 0.106 0.100 0.090 0.073 0.050 0.034 0.024 0.019 0.018 0.018 0.029 0.088 0.341 0.844 1.120 1.163 1.157 1.144 1.121 1.093 1.061 1.020 0.963 0.880 0.789 0.733 0.717 0.715 0.698 0.651 0.574 0.472 0.373 0.293 0.228 0.176 0.135 0.103 0.078 0.059 0.044 0.033 0.024 0.018 0.013 0.009
0.000 0.000 0.000 0.000 0.000 0.000 0.000 0.000 0.000 0.000 0.000 0.000 0.000 0.000 0.000 0.000 0.000 0.000 0.001 0.006 0.017 0.040 0.078 0.112 0.129 0.138 0.144 0.146 0.147 0.147 0.146 0.142 0.134 0.121 0.101 0.073 0.047 0.032 0.024 0.021 0.021 0.029 0.085 0.337 0.869 1.164 1.198 1.182 1.153 1.121 1.091 1.066 1.040 1.006 0.955 0.879 0.807 0.761 0.731 0.693 0.633 0.546 0.442 0.350 0.277 0.218 0.170 0.131 0.101 0.078 0.059 0.045 0.034 0.025 0.018 0.013 0.009
0.000 0.000 0.000 0.000 0.000 0.000 0.000 0.000 0.000 0.000 0.000 0.000 0.000 0.000 0.000 0.000 0.000 0.000 0.001 0.002 0.009 0.030 0.072 0.127 0.162 0.179 0.187 0.191 0.193 0.193 0.192 0.187 0.177 0.162 0.139 0.105 0.068 0.043 0.030 0.024 0.023 0.029 0.075 0.296 0.819 1.165 1.214 1.191 1.149 1.106 1.078 1.062 1.050 1.034 1.005 0.953 0.881 0.810 0.749 0.689 0.616 0.521 0.417 0.330 0.260 0.204 0.161 0.126 0.098 0.077 0.060 0.047 0.035 0.026 0.019 0.014 0.010
0.000 0.000 0.000 0.000 0.000 0.000 0.000 0.000 0.000 0.000 0.000 0.000 0.000 0.000 0.000 0.000 0.000 0.000 0.000 0.001 0.003 0.017 0.057 0.127 0.187 0.221 0.238 0.245 0.248 0.249 0.247 0.242 0.231 0.213 0.187 0.149 0.101 0.062 0.040 0.029 0.027 0.029 0.056 0.210 0.657 1.084 1.202 1.186 1.130 1.067 1.037 1.032 1.038 1.044 1.030 0.989 0.926 0.850 0.770 0.690 0.603 0.504 0.405 0.321 0.251 0.196 0.153 0.120 0.094 0.075 0.060 0.048 0.037 0.028 0.020 0.014 0.010
0.000 0.000 0.000 0.000 0.000 0.000 0.000 0.000 0.000 0.000 0.000 0.000 0.000 0.000 0.000 0.000 0.000 0.000 0.000 0.000 0.001 0.007 0.038 0.110 0.196 0.255 0.291 0.308 0.315 0.317 0.315 0.310 0.299 0.279 0.251 0.209 0.151 0.095 0.059 0.040 0.033 0.033 0.045 0.119 0.410 0.866 1.107 1.135 1.083 0.996 0.937 0.925 0.946 0.989 1.016 0.994 0.943 0.873 0.788 0.695 0.597 0.497 0.402 0.319 0.249 0.192 0.147 0.114 0.089 0.072 0.058 0.047 0.038 0.029 0.021 0.015 0.011
0.000 0.000 0.000 0.000 0.000 0.000 0.000 0.000 0.000 0.000 0.000 0.000 0.000 0.000 0.000 0.000 0.000 0.000 0.000 0.000 0.000 0.003 0.019 0.079 0.179 0.269 0.335 0.376 0.393 0.399 0.399 0.394 0.383 0.364 0.333 0.288 0.223 0.148 0.093 0.061 0.047 0.043 0.048 0.077 0.211 0.557 0.879 0.982 0.963 0.874 0.752 0.685 0.687 0.750 0.857 0.932 0.929 0.879 0.800 0.704 0.598 0.496 0.404 0.321 0.250 0.191 0.144 0.109 0.083 0.064 0.050 0.039 0.032 0.026 0.021 0.016 0.011
0.000 0.000 0.000 0.000 0.000 0.000 0.000 0.000 0.000 0.000 0.000 0.000 0.000 0.000 0.000 0.000 0.000 0.000 0.000 0.000 0.000 0.001 0.008 0.044 0.136 0.254 0.356 0.437 0.482 0.498 0.502 0.500 0.490 0.472 0.442 0.393 0.321 0.228 0.151 0.100 0.072 0.060 0.058 0.068 0.122 0.300 0.560 0.696 0.715 0.660 0.530 0.409 0.361 0.380 0.502 0.701 0.831 0.848 0.797 0.709 0.603 0.502 0.411 0.328 0.255 0.193 0.142 0.103 0.074 0.052 0.034 0.023 0.018 0.016 0.016 0.014 0.011
0.000 0.000 0.000 0.000 0.000 0.000 0.000 0.000 0.000 0.000 0.000 0.000 0.000 0.000 0.000 0.000 0.000 0.000 0.000 0.000 0.000 0.000 0.002 0.019 0.082 0.206 0.344 0.471 0.570 0.617 0.629 0.629 0.623 0.608 0.579 0.527 0.446 0.335 0.234 0.161 0.113 0.086 0.076 0.077 0.097 0.175 0.327 0.431 0.461 0.447 0.380 0.276 0.203 0.181 0.219 0.366 0.583 0.718 0.738 0.690 0.603 0.508 0.422 0.340 0.262 0.195 0.140 0.097 0.064 0.039 0.022 0.012 0.008 0.007 0.007 0.007 0.006
0.000 0.000 0.000 0.000 0.000 0.000 0.000 0.000 0.000 0.000 0.000 0.000 0.000 0.000 0.000 0.000 0.000 0.000 0.000 0.000 0.000 0.000 0.001 0.006 0.038 0.134 0.292 0.466 0.626 0.736 0.778 0.785 0.782 0.768 0.727 0.654 0.547 0.420 0.313 0.231 0.169 0.126 0.102 0.095 0.102 0.141 0.221 0.293 0.324 0.326 0.299 0.236 0.163 0.120 0.111 0.152 0.279 0.449 0.559 0.586 0.553 0.489 0.418 0.342 0.258 0.185 0.128 0.084 0.050 0.027 0.013 0.007 0.004 0.003 0.002 0.002 0.002
0.000 0.000 0.000 0.000 0.000 0.000 0.000 0.000 0.000 0.000 0.000 0.000 0.000 0.000 0.000 0.000 0.000 0.000 0.000 0.000 0.000 0.000 0.000 0.002 0.013 0.063 0.195 0.404 0.634 0.816 0.913 0.936 0.932 0.907 0.845 0.742 0.608 0.473 0.364 0.280 0.217 0.171 0.139 0.124 0.123 0.144 0.194 0.243 0.267 0.271 0.260 0.224 0.162 0.110 0.085 0.081 0.112 0.194 0.290 0.351 0.371 0.360 0.329 0.277 0.202 0.134 0.086 0.052 0.029 0.015 0.007 0.004 0.002 0.001 0.001 0.001 0.001
0.000 0.000 0.000 0.000 0.000 0.000 0.000 0.000 0.000 0.000 0.000 0.000 0.000 0.000 0.000 0.000 0.000 0.000 0.000 0.000 0.000 0.000 0.000 0.001 0.003 0.020 0.087 0.257 0.539 0.824 0.995 1.053 1.047 1.007 0.919 0.790 0.637 0.501 0.392 0.307 0.245 0.201 0.173 0.158 0.153 0.162 0.196 0.234 0.250 0.252 0.245 0.219 0.169 0.116 0.082 0.066 0.062 0.078 0.113 0.139 0.150 0.151 0.142 0.121 0.086 0.054 0.034 0.021 0.012 0.007 0.004 0.002 0.001 0.001 0.001 0.001 0.001
0.000 0.000 0.000 0.000 0.000 0.000 0.000 0.000 0.000 0.000 0.000 0.000 0.000 0.000 0.000 0.000 0.000 0.000 0.000 0.000 0.000 0.000 0.000 0.001 0.001 0.005 0.025 0.098 0.313 0.685 0.990 1.110 1.116 1.061 0.953 0.805 0.646 0.512 0.404 0.320 0.258 0.216 0.191 0.180 0.177 0.183 0.206 0.236 0.248 0.249 0.243 0.222 0.182 0.130 0.090 0.065 0.052 0.046 0.048 0.050 0.050 0.049 0.045 0.038 0.027 0.018 0.012 0.008 0.005 0.003 0.002 0.001 0.001 0.001 0.001 0.001 0.000
0.000 0.000 0.000 0.000 0.000 0.000 0.000 0.000 0.000 0.000 0.000 0.000 0.000 0.000 0.000 0.000 0.000 0.000 0.000 0.000 0.000 0.000 0.000 0.001 0.002 0.005 0.013 0.034 0.113 0.383 0.808 1.078 1.126 1.073 0.958 0.805 0.647 0.514 0.407 0.324 0.261 0.220 0.197 0.189 0.188 0.193 0.211 0.240 0.253 0.254 0.246 0.227 0.191 0.142 0.099 0.069 0.049 0.037 0.029 0.024 0.021 0.018 0.016 0.014 0.010 0.007 0.005 0.004 0.003 0.002 0.001 0.001 0.001 0.001 0.000 0.000 0.000
0.000 0.000 0.000 0.000 0.000 0.000 0.000 0.000 0.000 0.000 0.000 0.000 0.000 0.000 0.000 0.000 0.000 0.000 0.000 0.000 0.000 0.000 0.001 0.002 0.004 0.011 0.021 0.031 0.045 0.138 0.463 0.879 1.049 1.035 0.935 0.791 0.639 0.512 0.407 0.323 0.261 0.219 0.196 0.190 0.190 0.195 0.210 0.239 0.256 0.259 0.252 0.231 0.195 0.145 0.102 0.070 0.047 0.031 0.020 0.014 0.010 0.008 0.007 0.006 0.005 0.004 0.003 0.002 0.001 0.001 0.001 0.001 0.000 0.000 0.000 0.000 0.000
0.000 0.000 0.000 0.000 0.000 0.000 0.000 0.000 0.000 0.000 0.000 0.000 0.000 0.000 0.000 0.000 0.000 0.000 0.000 0.000 0.000 0.001 0.001 0.004 0.011 0.024 0.035 0.038 0.039 0.057 0.195 0.553 0.829 0.891 0.844 0.742 0.616 0.500 0.401 0.320 0.257 0.212 0.187 0.180 0.182 0.189 0.201 0.223 0.242 0.248 0.244 0.226 0.190 0.139 0.094 0.062 0.038 0.022 0.012 0.007 0.005 0.004 0.003 0.003 0.002 0.002 0.001 0.001 0.001 0.001 0.000 0.000 0.000 0.000 0.000 0.000 0.000
0.000 0.000 0.000 0.000 0.000 0.000 0.000 0.000 0.000 0.000 0.000 0.000 0.000 0.000 0.000 0.000 0.000 0.000 0.000 0.000 0.000 0.001 0.003 0.010 0.023 0.035 0.039 0.039 0.037 0.040 0.095 0.297 0.548 0.652 0.665 0.633 0.562 0.474 0.387 0.310 0.247 0.198 0.167 0.153 0.152 0.157 0.166 0.178 0.191 0.197 0.197 0.185 0.155 0.109 0.067 0.039 0.020 0.010 0.005 0.003 0.002 0.002 0.002 0.001 0.001 0.001 0.001 0.001 0.000 0.000 0.000 0.000 0.000 0.000 0.000 0.000 0.000
0.000 0.000 0.000 0.000 0.000 0.000 0.000 0.000 0.000 0.000 0.000 0.000 0.000 0.000 0.000 0.000 0.000 0.000 0.000 0.000 0.001 0.002 0.007 0.019 0.033 0.039 0.039 0.035 0.028 0.029 0.060 0.171 0.347 0.443 0.471 0.477 0.463 0.422 0.360 0.293 0.231 0.179 0.138 0.112 0.100 0.097 0.097 0.098 0.101 0.104 0.105 0.101 0.085 0.055 0.029 0.014 0.006 0.003 0.001 0.001 0.001 0.001 0.001 0.001 0.001 0.000 0.000 0.000 0.000 0.000 0.000 0.000 0.000 0.000 0.000 0.000 0.000
0.000 0.000 0.000 0.000 0.000 0.000 0.000 0.000 0.000 0.000 0.000 0.000 0.000 0.000 0.000 0.000 0.000 0.000 0.000 0.001 0.001 0.004 0.013 0.028 0.037 0.038 0.035 0.024 0.017 0.020 0.043 0.109 0.222 0.297 0.330 0.342 0.345 0.338 0.312 0.266 0.211 0.158 0.115 0.084 0.064 0.051 0.043 0.038 0.035 0.034 0.034 0.032 0.028 0.017 0.008 0.004 0.002 0.001 0.000 0.000 0.000 0.000 0.000 0.000 0.000 0.000 0.000 0.000 0.000 0.000 0.000 0.000 0.000 0.000 0.000 0.000 0.000
0.000 0.000 0.000 0.000 0.000 0.000 0.000 0.000 0.000 0.000 0.000 0.000 0.000 0.000 0.000 0.000 0.000 0.000 0.000 0.001 0.002 0.007 0.020 0.033 0.037 0.035 0.025 0.013 0.011 0.015 0.033 0.075 0.143 0.194 0.223 0.238 0.245 0.247 0.241 0.222 0.185 0.139 0.098 0.066 0.044 0.030 0.020 0.014 0.011 0.009 0.008 0.007 0.006 0.004 0.002 0.001 0.000 0.000 0.000 0.000 0.000 0.000 0.000 0.000 0.000 0.000 0.000 0.000 0.000 0.000 0.000 0.000 0.000 0.000 0.000 0.000 0.000
0.000 0.000 0.000 0.000 0.000 0.000 0.000 0.000 0.000 0.000 0.000 0.000 0.000 0.000 0.000 0.000 0.000 0.000 0.000 0.001 0.004 0.012 0.027 0.034 0.035 0.028 0.014 0.008 0.008 0.013 0.026 0.052 0.091 0.121 0.140 0.154 0.162 0.167 0.168 0.163 0.148 0.118 0.083 0.054 0.033 0.020 0.011 0.006 0.004 0.002 0.002 0.002 0.001 0.001 0.000 0.000 0.000 0.000 0.000 0.000 0.000 0.000 0.000 0.000 0.000 0.000 0.000 0.000 0.000 0.000 0.000 0.000 0.000 0.000 0.000 0.000 0.000
0.000 0.000 0.000 0.000 0.000 0.000 0.000 0.000 0.000 0.000 0.000 0.000 0.000 0.000 0.000 0.000 0.000 0.000 0.001 0.002 0.006 0.018 0.030 0.033 0.031 0.019 0.007 0.005 0.006 0.010 0.020 0.036 0.056 0.070 0.079 0.085 0.091 0.097 0.101 0.103 0.100 0.089 0.067 0.042 0.024 0.013 0.006 0.003 0.002 0.001 0.001 0.000 0.000 0.000 0.000 0.000 0.000 0.000 0.000 0.000 0.000 0.000 0.000 0.000 0.000 0.000 0.000 0.000 0.000 0.000 0.000 0.000 0.000 0.000 0.000 0.000 0.000
0.000 0.000 0.000 0.000 0.000 0.000 0.000 0.000 0.000 0.000 0.000 0.000 0.000 0.000 0.000 0.000 0.000 0.000 0.001 0.003 0.010 0.024 0.031 0.031 0.025 0.010 0.003 0.003 0.004 0.008 0.014 0.024 0.032 0.037 0.038 0.039 0.040 0.043 0.047 0.050 0.052 0.051 0.043 0.028 0.015 0.008 0.004 0.002 0.001 0.000 0.000 0.000 0.000 0.000 0.000 0.000 0.000 0.000 0.000 0.000 0.000 0.000 0.000 0.000 0.000 0.000 0.000 0.000 0.000 0.000 0.000 0.000 0.000 0.000 0.000 0.000 0.000
0.000 0.000 0.000 0.000 0.000 0.000 0.000 0.000 0.000 0.000 0.000 0.000 0.000 0.000 0.000 0.000 0.000 0.001 0.002 0.006 0.015 0.027 0.030 0.028 0.017 0.005 0.002 0.002 0.003 0.005 0.009 0.014 0.017 0.018 0.016 0.014 0.013 0.014 0.015 0.017 0.019 0.020 0.019 0.014 0.008 0.004 0.002 0.001 0.000 0.000 0.000 0.000 0.000 0.000 0.000 0.000 0.000 0.000 0.000 0.000 0.000 0.000 0.000 0.000 0.000 0.000 0.000 0.000 0.000 0.000 0.000 0.000 0.000 0.000 0.000 0.000 0.000
0.000 0.000 0.000 0.000 0.000 0.000 0.000 0.000 0.000 0.000 0.000 0.000 0.000 0.000 0.000 0.000 0.001 0.001 0.003 0.009 0.021 0.028 0.028 0.022 0.009 0.002 0.001 0.001 0.002 0.003 0.005 0.007 0.008 0.008 0.006 0.005 0.004 0.003 0.003 0.004 0.005 0.005 0.006 0.005 0.003 0.002 0.001 0.000 0.000 0.000 0.000 0.000 0.000 0.000 0.000 0.000 0.000 0.000 0.000 0.000 0.000 0.000 0.000 0.000 0.000 0.000 0.000 0.000 0.000 0.000 0.000 0.000 0.000 0.000 0.000 0.000 0.000
