RESULTS/r.avaflow_results/31_results/31_ascii/31_hflow10058.asc
ncols 506
nrows 317
xllcenter 498237.50
yllcenter 5580050.00
cellsize 12.50
NODATA_value -9999.000
[rows 170 to 203 of 317, columns 77 to 153 of 506]
0.000 0.000 0.000 0.000 0.000 0.000 0.000 0.000 0.000 0.000 0.000 0.000 0.000 0.000 0.000 0.000 0.000 0.000 0.000 0.000 0.000 0.000 0.000 0.000 0.000 0.000 0.000 0.000 0.000 0.000 0.000 0.000 0.000 0.000 0.000 0.000 0.000 0.000 0.000 0.000 0.000 0.000 0.000 0.000 0.000 0.000 0.000 0.001 0.002 0.004 0.008 0.017 0.046 0.122 0.250 0.366 0.465 0.571 0.644 0.660 0.644 0.611 0.562 0.499 0.421 0.340 0.272 0.216 0.170 0.133 0.103 0.080 0.061 0.047 0.036 0.028 0.021
0.000 0.000 0.000 0.000 0.000 0.000 0.000 0.000 0.000 0.000 0.000 0.000 0.000 0.000 0.000 0.000 0.000 0.000 0.000 0.000 0.000 0.000 0.000 0.000 0.000 0.000 0.000 0.000 0.000 0.000 0.000 0.000 0.000 0.000 0.000 0.000 0.000 0.000 0.000 0.000 0.000 0.000 0.000 0.000 0.000 0.001 0.002 0.003 0.006 0.011 0.026 0.065 0.156 0.312 0.472 0.575 0.650 0.705 0.726 0.719 0.692 0.651 0.594 0.522 0.435 0.350 0.280 0.222 0.175 0.137 0.107 0.083 0.064 0.050 0.038 0.029 0.022
0.000 0.000 0.000 0.000 0.000 0.000 0.000 0.000 0.000 0.000 0.000 0.000 0.000 0.000 0.000 0.000 0.000 0.000 0.000 0.000 0.000 0.000 0.000 0.000 0.000 0.000 0.000 0.000 0.000 0.000 0.000 0.000 0.000 0.000 0.000 0.000 0.000 0.000 0.000 0.000 0.000 0.000 0.000 0.000 0.001 0.002 0.005 0.009 0.019 0.042 0.102 0.223 0.381 0.520 0.603 0.669 0.732 0.761 0.760 0.746 0.718 0.675 0.615 0.538 0.446 0.359 0.287 0.228 0.180 0.142 0.111 0.087 0.067 0.052 0.040 0.031 0.023
0.000 0.000 0.000 0.000 0.000 0.000 0.000 0.000 0.000 0.000 0.000 0.000 0.000 0.000 0.000 0.000 0.000 0.000 0.000 0.001 0.001 0.002 0.002 0.002 0.003 0.003 0.003 0.003 0.003 0.003 0.003 0.002 0.002 0.002 0.001 0.001 0.001 0.000 0.000 0.000 0.000 0.000 0.000 0.001 0.003 0.007 0.015 0.032 0.069 0.154 0.324 0.512 0.622 0.655 0.668 0.695 0.750 0.776 0.774 0.759 0.731 0.689 0.629 0.550 0.454 0.366 0.293 0.234 0.185 0.146 0.115 0.090 0.070 0.054 0.041 0.032 0.024
0.000 0.000 0.000 0.000 0.000 0.000 0.000 0.000 0.000 0.000 0.000 0.000 0.000 0.000 0.000 0.000 0.000 0.000 0.001 0.002 0.004 0.006 0.007 0.008 0.008 0.008 0.008 0.008 0.008 0.008 0.008 0.008 0.007 0.006 0.004 0.003 0.002 0.001 0.001 0.001 0.001 0.001 0.001 0.003 0.008 0.021 0.052 0.112 0.221 0.412 0.623 0.738 0.754 0.723 0.697 0.699 0.741 0.777 0.781 0.768 0.743 0.702 0.640 0.558 0.459 0.371 0.298 0.238 0.189 0.149 0.117 0.092 0.071 0.055 0.042 0.033 0.025
0.000 0.000 0.000 0.000 0.000 0.000 0.000 0.000 0.000 0.000 0.000 0.000 0.000 0.000 0.000 0.000 0.000 0.001 0.002 0.005 0.009 0.012 0.014 0.016 0.017 0.017 0.017 0.017 0.017 0.017 0.016 0.016 0.014 0.012 0.009 0.006 0.004 0.003 0.002 0.002 0.002 0.002 0.004 0.009 0.025 0.069 0.159 0.300 0.495 0.690 0.802 0.830 0.811 0.762 0.714 0.693 0.711 0.761 0.783 0.777 0.755 0.714 0.651 0.563 0.462 0.374 0.300 0.240 0.191 0.151 0.119 0.093 0.072 0.056 0.043 0.033 0.026
0.000 0.000 0.000 0.000 0.000 0.000 0.000 0.000 0.000 0.000 0.000 0.000 0.000 0.000 0.000 0.000 0.000 0.002 0.005 0.010 0.016 0.021 0.025 0.027 0.028 0.029 0.029 0.029 0.029 0.029 0.028 0.027 0.024 0.021 0.015 0.011 0.007 0.006 0.005 0.004 0.004 0.005 0.009 0.023 0.074 0.194 0.379 0.567 0.731 0.834 0.868 0.866 0.843 0.793 0.730 0.693 0.688 0.734 0.784 0.787 0.769 0.726 0.658 0.566 0.463 0.374 0.301 0.241 0.191 0.151 0.119 0.093 0.073 0.057 0.044 0.034 0.026
0.000 0.000 0.000 0.000 0.000 0.000 0.000 0.000 0.000 0.000 0.000 0.000 0.000 0.000 0.000 0.000 0.000 0.002 0.007 0.015 0.024 0.033 0.038 0.042 0.044 0.045 0.045 0.045 0.045 0.045 0.044 0.042 0.038 0.032 0.024 0.016 0.012 0.009 0.008 0.007 0.007 0.009 0.019 0.061 0.191 0.427 0.640 0.771 0.852 0.892 0.900 0.894 0.870 0.821 0.752 0.703 0.688 0.723 0.785 0.795 0.777 0.733 0.660 0.566 0.462 0.373 0.299 0.239 0.190 0.151 0.119 0.093 0.073 0.057 0.044 0.034 0.027
0.000 0.000 0.000 0.000 0.000 0.000 0.000 0.000 0.000 0.000 0.000 0.000 0.000 0.000 0.000 0.000 0.000 0.002 0.008 0.017 0.032 0.046 0.055 0.061 0.064 0.065 0.066 0.066 0.066 0.065 0.063 0.060 0.055 0.047 0.036 0.024 0.017 0.013 0.011 0.011 0.011 0.016 0.041 0.139 0.388 0.671 0.816 0.877 0.911 0.926 0.930 0.924 0.898 0.851 0.782 0.726 0.705 0.729 0.786 0.797 0.779 0.733 0.659 0.561 0.457 0.369 0.296 0.237 0.189 0.150 0.118 0.093 0.073 0.058 0.045 0.035 0.027
0.000 0.000 0.000 0.000 0.000 0.000 0.000 0.000 0.000 0.000 0.000 0.000 0.000 0.000 0.000 0.000 0.000 0.002 0.008 0.018 0.035 0.058 0.076 0.084 0.088 0.090 0.091 0.091 0.090 0.090 0.087 0.084 0.077 0.067 0.051 0.035 0.024 0.018 0.015 0.014 0.015 0.022 0.060 0.218 0.560 0.823 0.910 0.932 0.946 0.952 0.953 0.947 0.926 0.887 0.826 0.765 0.739 0.752 0.792 0.798 0.776 0.726 0.649 0.550 0.447 0.362 0.291 0.233 0.186 0.148 0.118 0.093 0.074 0.059 0.046 0.036 0.028
0.000 0.000 0.000 0.000 0.000 0.000 0.000 0.000 0.000 0.000 0.000 0.000 0.000 0.000 0.000 0.000 0.000 0.002 0.007 0.017 0.034 0.063 0.094 0.111 0.118 0.120 0.121 0.121 0.121 0.120 0.117 0.112 0.104 0.091 0.072 0.049 0.033 0.023 0.018 0.016 0.017 0.024 0.065 0.251 0.653 0.908 0.959 0.963 0.965 0.966 0.965 0.962 0.954 0.931 0.886 0.828 0.792 0.789 0.803 0.799 0.769 0.713 0.632 0.530 0.433 0.352 0.283 0.228 0.182 0.146 0.117 0.094 0.076 0.060 0.048 0.037 0.029
0.000 0.000 0.000 0.000 0.000 0.000 0.000 0.000 0.000 0.000 0.000 0.000 0.000 0.000 0.000 0.000 0.000 0.001 0.004 0.012 0.027 0.057 0.102 0.136 0.151 0.156 0.157 0.158 0.157 0.156 0.153 0.148 0.137 0.122 0.099 0.069 0.045 0.030 0.022 0.019 0.019 0.025 0.064 0.249 0.675 0.946 0.986 0.979 0.971 0.967 0.966 0.970 0.976 0.971 0.951 0.909 0.863 0.835 0.821 0.802 0.762 0.697 0.608 0.503 0.412 0.336 0.273 0.220 0.178 0.144 0.118 0.096 0.078 0.063 0.050 0.039 0.030
0.000 0.000 0.000 0.000 0.000 0.000 0.000 0.000 0.000 0.000 0.000 0.000 0.000 0.000 0.000 0.000 0.000 0.000 0.001 0.004 0.014 0.040 0.092 0.149 0.181 0.194 0.199 0.201 0.201 0.200 0.197 0.190 0.178 0.160 0.134 0.099 0.063 0.040 0.027 0.022 0.021 0.025 0.056 0.220 0.636 0.947 1.000 0.987 0.967 0.959 0.958 0.968 0.989 1.000 0.994 0.971 0.928 0.883 0.845 0.806 0.754 0.680 0.585 0.481 0.391 0.318 0.258 0.210 0.171 0.141 0.117 0.099 0.083 0.067 0.054 0.042 0.033
0.000 0.000 0.000 0.000 0.000 0.000 0.000 0.000 0.000 0.000 0.000 0.000 0.000 0.000 0.000 0.000 0.000 0.000 0.000 0.001 0.004 0.020 0.068 0.144 0.200 0.232 0.246 0.250 0.252 0.252 0.249 0.241 0.228 0.208 0.179 0.140 0.093 0.057 0.037 0.027 0.024 0.025 0.044 0.154 0.503 0.876 0.992 0.985 0.953 0.929 0.926 0.941 0.979 1.012 1.016 1.001 0.968 0.921 0.866 0.810 0.746 0.667 0.572 0.471 0.381 0.307 0.247 0.200 0.163 0.136 0.116 0.100 0.085 0.071 0.058 0.046 0.036
0.000 0.000 0.000 0.000 0.000 0.000 0.000 0.000 0.000 0.000 0.000 0.000 0.000 0.000 0.000 0.000 0.000 0.000 0.000 0.000 0.001 0.008 0.042 0.121 0.205 0.258 0.291 0.306 0.311 0.312 0.310 0.302 0.289 0.267 0.237 0.194 0.138 0.087 0.054 0.036 0.029 0.029 0.036 0.087 0.306 0.685 0.911 0.948 0.916 0.866 0.836 0.840 0.883 0.956 1.005 1.007 0.983 0.941 0.882 0.815 0.742 0.660 0.569 0.470 0.380 0.304 0.241 0.192 0.155 0.128 0.110 0.096 0.085 0.073 0.060 0.049 0.039
0.000 0.000 0.000 0.000 0.000 0.000 0.000 0.000 0.000 0.000 0.000 0.000 0.000 0.000 0.000 0.000 0.000 0.000 0.000 0.000 0.000 0.003 0.020 0.083 0.185 0.266 0.325 0.363 0.378 0.383 0.383 0.377 0.364 0.343 0.311 0.266 0.204 0.135 0.085 0.055 0.041 0.037 0.040 0.059 0.155 0.427 0.715 0.820 0.814 0.753 0.660 0.609 0.622 0.710 0.848 0.952 0.975 0.946 0.892 0.823 0.743 0.659 0.569 0.473 0.383 0.305 0.238 0.185 0.146 0.117 0.096 0.081 0.072 0.066 0.059 0.050 0.040
0.000 0.000 0.000 0.000 0.000 0.000 0.000 0.000 0.000 0.000 0.000 0.000 0.000 0.000 0.000 0.000 0.000 0.000 0.000 0.000 0.000 0.001 0.008 0.044 0.136 0.249 0.340 0.412 0.454 0.468 0.471 0.468 0.458 0.439 0.408 0.361 0.294 0.209 0.137 0.090 0.063 0.051 0.048 0.054 0.091 0.225 0.446 0.572 0.595 0.555 0.450 0.352 0.317 0.348 0.494 0.727 0.888 0.922 0.889 0.825 0.746 0.661 0.573 0.482 0.393 0.310 0.238 0.180 0.136 0.101 0.073 0.053 0.044 0.043 0.044 0.042 0.037
0.000 0.000 0.000 0.000 0.000 0.000 0.000 0.000 0.000 0.000 0.000 0.000 0.000 0.000 0.000 0.000 0.000 0.000 0.000 0.000 0.000 0.000 0.002 0.018 0.080 0.198 0.326 0.438 0.526 0.569 0.580 0.580 0.574 0.559 0.530 0.483 0.410 0.309 0.214 0.144 0.098 0.072 0.062 0.061 0.075 0.134 0.257 0.351 0.381 0.371 0.318 0.233 0.177 0.165 0.214 0.390 0.644 0.804 0.838 0.806 0.741 0.662 0.581 0.498 0.408 0.318 0.240 0.176 0.125 0.084 0.053 0.031 0.021 0.018 0.019 0.020 0.019
0.000 0.000 0.000 0.000 0.000 0.000 0.000 0.000 0.000 0.000 0.000 0.000 0.000 0.000 0.000 0.000 0.000 0.000 0.000 0.000 0.000 0.000 0.001 0.006 0.036 0.126 0.273 0.428 0.569 0.669 0.710 0.717 0.714 0.700 0.665 0.605 0.511 0.392 0.287 0.206 0.146 0.105 0.082 0.075 0.080 0.111 0.178 0.243 0.273 0.276 0.255 0.203 0.144 0.112 0.110 0.164 0.324 0.534 0.668 0.705 0.685 0.635 0.574 0.502 0.410 0.313 0.232 0.165 0.109 0.066 0.036 0.018 0.010 0.007 0.006 0.006 0.005
0.000 0.000 0.000 0.000 0.000 0.000 0.000 0.000 0.000 0.000 0.000 0.000 0.000 0.000 0.000 0.000 0.000 0.000 0.000 0.000 0.000 0.000 0.000 0.002 0.012 0.058 0.179 0.366 0.569 0.734 0.828 0.854 0.852 0.828 0.776 0.691 0.573 0.443 0.335 0.251 0.187 0.141 0.110 0.096 0.096 0.115 0.161 0.210 0.233 0.238 0.230 0.199 0.146 0.104 0.085 0.087 0.131 0.239 0.369 0.452 0.483 0.482 0.462 0.419 0.345 0.255 0.181 0.123 0.076 0.041 0.020 0.010 0.005 0.003 0.002 0.002 0.001
0.000 0.000 0.000 0.000 0.000 0.000 0.000 0.000 0.000 0.000 0.000 0.000 0.000 0.000 0.000 0.000 0.000 0.000 0.000 0.000 0.000 0.000 0.000 0.001 0.003 0.018 0.078 0.229 0.479 0.738 0.900 0.960 0.958 0.923 0.851 0.740 0.602 0.471 0.362 0.276 0.212 0.166 0.137 0.122 0.120 0.131 0.166 0.207 0.225 0.228 0.223 0.201 0.158 0.112 0.083 0.070 0.070 0.094 0.144 0.185 0.206 0.211 0.211 0.201 0.172 0.123 0.082 0.054 0.033 0.018 0.009 0.005 0.003 0.002 0.001 0.001 0.001
0.000 0.000 0.000 0.000 0.000 0.000 0.000 0.000 0.000 0.000 0.000 0.000 0.000 0.000 0.000 0.000 0.000 0.000 0.000 0.000 0.000 0.000 0.000 0.001 0.001 0.005 0.022 0.087 0.276 0.610 0.894 1.013 1.023 0.978 0.886 0.758 0.612 0.483 0.375 0.289 0.224 0.179 0.152 0.139 0.136 0.146 0.176 0.211 0.226 0.228 0.223 0.207 0.175 0.130 0.093 0.069 0.056 0.052 0.057 0.064 0.067 0.067 0.065 0.061 0.053 0.040 0.027 0.018 0.012 0.007 0.004 0.002 0.002 0.001 0.001 0.001 0.001
0.000 0.000 0.000 0.000 0.000 0.000 0.000 0.000 0.000 0.000 0.000 0.000 0.000 0.000 0.000 0.000 0.000 0.000 0.000 0.000 0.000 0.000 0.000 0.001 0.001 0.004 0.010 0.029 0.100 0.341 0.729 0.984 1.036 0.993 0.893 0.759 0.613 0.485 0.379 0.294 0.228 0.183 0.157 0.146 0.144 0.152 0.178 0.215 0.232 0.234 0.229 0.214 0.186 0.143 0.102 0.072 0.052 0.040 0.032 0.027 0.025 0.023 0.021 0.020 0.017 0.014 0.010 0.007 0.005 0.003 0.002 0.001 0.001 0.001 0.001 0.001 0.000
0.000 0.000 0.000 0.000 0.000 0.000 0.000 0.000 0.000 0.000 0.000 0.000 0.000 0.000 0.000 0.000 0.000 0.000 0.000 0.000 0.000 0.000 0.001 0.001 0.003 0.008 0.016 0.025 0.039 0.124 0.420 0.807 0.970 0.962 0.875 0.748 0.608 0.484 0.380 0.295 0.229 0.183 0.156 0.146 0.146 0.152 0.174 0.211 0.234 0.238 0.233 0.218 0.189 0.147 0.104 0.072 0.049 0.031 0.020 0.014 0.011 0.009 0.009 0.008 0.007 0.006 0.004 0.003 0.002 0.002 0.001 0.001 0.001 0.001 0.000 0.000 0.000
0.000 0.000 0.000 0.000 0.000 0.000 0.000 0.000 0.000 0.000 0.000 0.000 0.000 0.000 0.000 0.000 0.000 0.000 0.000 0.000 0.000 0.000 0.001 0.003 0.008 0.019 0.028 0.032 0.034 0.051 0.179 0.511 0.775 0.836 0.796 0.706 0.590 0.476 0.377 0.294 0.227 0.179 0.150 0.139 0.139 0.144 0.159 0.188 0.214 0.224 0.223 0.210 0.182 0.138 0.094 0.062 0.038 0.021 0.011 0.007 0.005 0.004 0.004 0.004 0.003 0.003 0.002 0.002 0.001 0.001 0.001 0.001 0.000 0.000 0.000 0.000 0.000
0.000 0.000 0.000 0.000 0.000 0.000 0.000 0.000 0.000 0.000 0.000 0.000 0.000 0.000 0.000 0.000 0.000 0.000 0.000 0.000 0.000 0.001 0.002 0.007 0.018 0.029 0.033 0.033 0.032 0.037 0.088 0.277 0.518 0.622 0.637 0.608 0.543 0.457 0.369 0.289 0.223 0.171 0.136 0.118 0.114 0.116 0.122 0.135 0.154 0.167 0.170 0.163 0.141 0.102 0.062 0.035 0.018 0.009 0.004 0.003 0.002 0.002 0.002 0.002 0.001 0.001 0.001 0.001 0.001 0.000 0.000 0.000 0.000 0.000 0.000 0.000 0.000
0.000 0.000 0.000 0.000 0.000 0.000 0.000 0.000 0.000 0.000 0.000 0.000 0.000 0.000 0.000 0.000 0.000 0.000 0.000 0.000 0.001 0.002 0.005 0.015 0.027 0.033 0.033 0.030 0.026 0.027 0.057 0.161 0.330 0.427 0.458 0.466 0.454 0.413 0.350 0.280 0.215 0.161 0.119 0.092 0.077 0.070 0.066 0.066 0.071 0.076 0.078 0.077 0.067 0.046 0.024 0.012 0.005 0.002 0.001 0.001 0.001 0.001 0.001 0.001 0.001 0.001 0.000 0.000 0.000 0.000 0.000 0.000 0.000 0.000 0.000 0.000 0.000
0.000 0.000 0.000 0.000 0.000 0.000 0.000 0.000 0.000 0.000 0.000 0.000 0.000 0.000 0.000 0.000 0.000 0.000 0.000 0.000 0.001 0.003 0.010 0.022 0.031 0.033 0.030 0.022 0.016 0.020 0.042 0.104 0.212 0.288 0.324 0.340 0.346 0.339 0.311 0.263 0.205 0.151 0.107 0.076 0.055 0.041 0.032 0.027 0.025 0.024 0.024 0.023 0.020 0.014 0.007 0.003 0.001 0.001 0.000 0.000 0.000 0.000 0.000 0.000 0.000 0.000 0.000 0.000 0.000 0.000 0.000 0.000 0.000 0.000 0.000 0.000 0.000
0.000 0.000 0.000 0.000 0.000 0.000 0.000 0.000 0.000 0.000 0.000 0.000 0.000 0.000 0.000 0.000 0.000 0.000 0.000 0.001 0.002 0.006 0.016 0.027 0.031 0.030 0.022 0.013 0.011 0.016 0.032 0.072 0.137 0.189 0.220 0.239 0.250 0.255 0.250 0.228 0.189 0.141 0.099 0.067 0.044 0.029 0.019 0.013 0.009 0.007 0.006 0.006 0.005 0.003 0.002 0.001 0.000 0.000 0.000 0.000 0.000 0.000 0.000 0.000 0.000 0.000 0.000 0.000 0.000 0.000 0.000 0.000 0.000 0.000 0.000 0.000 0.000
0.000 0.000 0.000 0.000 0.000 0.000 0.000 0.000 0.000 0.000 0.000 0.000 0.000 0.000 0.000 0.000 0.000 0.000 0.000 0.001 0.003 0.010 0.022 0.029 0.030 0.025 0.013 0.008 0.008 0.013 0.026 0.051 0.088 0.118 0.139 0.155 0.167 0.176 0.181 0.178 0.160 0.128 0.091 0.060 0.037 0.022 0.013 0.007 0.004 0.002 0.002 0.001 0.001 0.001 0.000 0.000 0.000 0.000 0.000 0.000 0.000 0.000 0.000 0.000 0.000 0.000 0.000 0.000 0.000 0.000 0.000 0.000 0.000 0.000 0.000 0.000 0.000
0.000 0.000 0.000 0.000 0.000 0.000 0.000 0.000 0.000 0.000 0.000 0.000 0.000 0.000 0.000 0.000 0.000 0.000 0.001 0.002 0.005 0.015 0.025 0.028 0.026 0.017 0.007 0.005 0.006 0.011 0.020 0.035 0.055 0.069 0.078 0.086 0.094 0.102 0.111 0.118 0.118 0.106 0.081 0.053 0.031 0.017 0.009 0.004 0.002 0.001 0.001 0.000 0.000 0.000 0.000 0.000 0.000 0.000 0.000 0.000 0.000 0.000 0.000 0.000 0.000 0.000 0.000 0.000 0.000 0.000 0.000 0.000 0.000 0.000 0.000 0.000 0.000
0.000 0.000 0.000 0.000 0.000 0.000 0.000 0.000 0.000 0.000 0.000 0.000 0.000 0.000 0.000 0.000 0.000 0.000 0.001 0.003 0.008 0.019 0.026 0.027 0.021 0.009 0.003 0.003 0.005 0.008 0.015 0.024 0.032 0.037 0.038 0.039 0.041 0.045 0.051 0.059 0.064 0.066 0.059 0.042 0.023 0.012 0.005 0.002 0.001 0.001 0.000 0.000 0.000 0.000 0.000 0.000 0.000 0.000 0.000 0.000 0.000 0.000 0.000 0.000 0.000 0.000 0.000 0.000 0.000 0.000 0.000 0.000 0.000 0.000 0.000 0.000 0.000
0.000 0.000 0.000 0.000 0.000 0.000 0.000 0.000 0.000 0.000 0.000 0.000 0.000 0.000 0.000 0.000 0.000 0.001 0.002 0.005 0.013 0.023 0.025 0.024 0.015 0.004 0.002 0.002 0.003 0.006 0.010 0.015 0.017 0.018 0.016 0.014 0.013 0.014 0.016 0.020 0.024 0.027 0.027 0.022 0.013 0.006 0.003 0.001 0.001 0.000 0.000 0.000 0.000 0.000 0.000 0.000 0.000 0.000 0.000 0.000 0.000 0.000 0.000 0.000 0.000 0.000 0.000 0.000 0.000 0.000 0.000 0.000 0.000 0.000 0.000 0.000 0.000
0.000 0.000 0.000 0.000 0.000 0.000 0.000 0.000 0.000 0.000 0.000 0.000 0.000 0.000 0.000 0.000 0.000 0.001 0.003 0.007 0.017 0.024 0.024 0.019 0.008 0.002 0.001 0.001 0.002 0.004 0.006 0.008 0.008 0.008 0.007 0.005 0.004 0.004 0.004 0.004 0.006 0.007 0.008 0.008 0.005 0.003 0.001 0.001 0.000 0.000 0.000 0.000 0.000 0.000 0.000 0.000 0.000 0.000 0.000 0.000 0.000 0.000 0.000 0.000 0.000 0.000 0.000 0.000 0.000 0.000 0.000 0.000 0.000 0.000 0.000 0.000 0.000
