RESULTS/r.avaflow_results/31_results/31_ascii/31_hflow10012.asc
ncols 506
nrows 317
xllcenter 498237.50
yllcenter 5580050.00
cellsize 12.50
NODATA_value -9999.000
[rows 170 to 203 of 317, columns 77 to 153 of 506]
0.000 0.000 0.000 0.000 0.000 0.000 0.000 0.000 0.000 0.000 0.000 0.000 0.000 0.000 0.000 0.000 0.000 0.000 0.000 0.000 0.000 0.000 0.000 0.000 0.000 0.000 0.000 0.000 0.000 0.000 0.000 0.000 0.000 0.000 0.000 0.000 0.000 0.000 0.000 0.000 0.000 0.000 0.000 0.000 0.000 0.000 0.001 0.001 0.003 0.005 0.009 0.017 0.034 0.064 0.104 0.132 0.154 0.173 0.178 0.163 0.126 0.084 0.053 0.033 0.020 0.012 0.007 0.004 0.002 0.001 0.001 0.001 0.000 0.000 0.000 0.000 0.000
0.000 0.000 0.000 0.000 0.000 0.000 0.000 0.000 0.000 0.000 0.000 0.000 0.000 0.000 0.000 0.000 0.000 0.000 0.000 0.000 0.000 0.000 0.000 0.000 0.000 0.000 0.000 0.000 0.000 0.000 0.000 0.000 0.000 0.000 0.000 0.000 0.000 0.000 0.000 0.000 0.000 0.000 0.000 0.000 0.000 0.001 0.002 0.004 0.008 0.015 0.031 0.062 0.110 0.172 0.235 0.279 0.303 0.310 0.295 0.249 0.176 0.115 0.073 0.046 0.028 0.017 0.010 0.006 0.003 0.002 0.001 0.001 0.000 0.000 0.000 0.000 0.000
0.000 0.000 0.000 0.000 0.000 0.000 0.000 0.000 0.000 0.000 0.000 0.000 0.000 0.000 0.000 0.000 0.000 0.000 0.000 0.000 0.000 0.000 0.000 0.000 0.000 0.000 0.000 0.000 0.000 0.000 0.000 0.000 0.000 0.000 0.000 0.000 0.000 0.000 0.000 0.000 0.000 0.000 0.000 0.001 0.002 0.004 0.007 0.014 0.027 0.057 0.115 0.197 0.275 0.341 0.398 0.447 0.469 0.464 0.422 0.341 0.235 0.154 0.098 0.062 0.038 0.023 0.014 0.008 0.005 0.003 0.002 0.001 0.001 0.000 0.000 0.000 0.000
0.000 0.000 0.000 0.000 0.000 0.000 0.000 0.000 0.000 0.000 0.000 0.000 0.000 0.000 0.000 0.000 0.000 0.000 0.000 0.000 0.000 0.000 0.000 0.000 0.000 0.000 0.000 0.000 0.000 0.000 0.000 0.000 0.000 0.000 0.000 0.000 0.000 0.000 0.000 0.000 0.000 0.000 0.001 0.002 0.005 0.011 0.023 0.047 0.095 0.185 0.327 0.455 0.525 0.550 0.560 0.578 0.592 0.577 0.519 0.417 0.289 0.192 0.124 0.078 0.049 0.029 0.018 0.010 0.006 0.003 0.002 0.001 0.001 0.000 0.000 0.000 0.000
0.000 0.000 0.000 0.000 0.000 0.000 0.000 0.000 0.000 0.000 0.000 0.000 0.000 0.000 0.000 0.000 0.000 0.000 0.000 0.000 0.000 0.000 0.000 0.000 0.000 0.000 0.000 0.000 0.000 0.000 0.000 0.000 0.000 0.000 0.000 0.000 0.000 0.000 0.000 0.000 0.000 0.001 0.003 0.006 0.015 0.034 0.073 0.142 0.258 0.444 0.638 0.742 0.765 0.755 0.723 0.687 0.673 0.648 0.585 0.475 0.333 0.222 0.143 0.091 0.056 0.034 0.020 0.012 0.007 0.004 0.002 0.001 0.001 0.000 0.000 0.000 0.000
0.000 0.000 0.000 0.000 0.000 0.000 0.000 0.000 0.000 0.000 0.000 0.000 0.000 0.000 0.000 0.000 0.000 0.000 0.000 0.000 0.000 0.000 0.000 0.000 0.000 0.000 0.000 0.001 0.001 0.002 0.002 0.002 0.002 0.002 0.002 0.002 0.001 0.001 0.001 0.001 0.002 0.003 0.007 0.017 0.042 0.095 0.187 0.325 0.529 0.749 0.889 0.943 0.948 0.932 0.879 0.786 0.724 0.684 0.622 0.515 0.365 0.242 0.156 0.098 0.061 0.037 0.022 0.013 0.008 0.004 0.002 0.001 0.001 0.000 0.000 0.000 0.000
0.000 0.000 0.000 0.000 0.000 0.000 0.000 0.000 0.000 0.000 0.000 0.000 0.000 0.000 0.000 0.000 0.000 0.000 0.000 0.000 0.000 0.000 0.000 0.000 0.000 0.000 0.001 0.003 0.005 0.006 0.007 0.007 0.007 0.007 0.006 0.005 0.004 0.003 0.003 0.003 0.004 0.008 0.017 0.043 0.104 0.215 0.376 0.582 0.803 0.971 1.063 1.095 1.098 1.078 1.013 0.884 0.765 0.705 0.643 0.538 0.384 0.252 0.162 0.102 0.063 0.039 0.023 0.013 0.008 0.004 0.003 0.001 0.001 0.000 0.000 0.000 0.000
0.000 0.000 0.000 0.000 0.000 0.000 0.000 0.000 0.000 0.000 0.000 0.000 0.000 0.000 0.000 0.000 0.000 0.000 0.000 0.000 0.000 0.000 0.000 0.000 0.001 0.002 0.004 0.006 0.010 0.013 0.015 0.015 0.016 0.015 0.014 0.011 0.008 0.007 0.007 0.007 0.009 0.015 0.036 0.096 0.219 0.403 0.614 0.824 1.003 1.128 1.194 1.214 1.212 1.186 1.113 0.972 0.813 0.725 0.653 0.545 0.388 0.254 0.164 0.103 0.064 0.039 0.023 0.014 0.008 0.004 0.003 0.001 0.001 0.000 0.000 0.000 0.000
0.000 0.000 0.000 0.000 0.000 0.000 0.000 0.000 0.000 0.000 0.000 0.000 0.000 0.000 0.000 0.000 0.000 0.000 0.000 0.000 0.000 0.000 0.000 0.001 0.002 0.004 0.008 0.013 0.019 0.024 0.027 0.028 0.028 0.028 0.025 0.020 0.015 0.013 0.012 0.013 0.015 0.027 0.069 0.189 0.401 0.635 0.833 1.007 1.148 1.241 1.287 1.298 1.290 1.256 1.178 1.035 0.857 0.745 0.656 0.541 0.384 0.253 0.163 0.103 0.064 0.039 0.023 0.014 0.008 0.004 0.003 0.001 0.001 0.000 0.000 0.000 0.000
0.000 0.000 0.000 0.000 0.000 0.000 0.000 0.000 0.000 0.000 0.000 0.000 0.000 0.000 0.000 0.000 0.000 0.000 0.000 0.000 0.000 0.000 0.001 0.002 0.004 0.008 0.014 0.022 0.032 0.041 0.046 0.048 0.048 0.047 0.043 0.035 0.026 0.021 0.020 0.020 0.024 0.044 0.124 0.341 0.643 0.856 1.003 1.140 1.247 1.312 1.340 1.344 1.332 1.294 1.212 1.069 0.885 0.754 0.647 0.521 0.367 0.245 0.159 0.101 0.063 0.038 0.023 0.013 0.008 0.004 0.002 0.001 0.001 0.000 0.000 0.000 0.000
0.000 0.000 0.000 0.000 0.000 0.000 0.000 0.000 0.000 0.000 0.000 0.000 0.000 0.000 0.000 0.000 0.000 0.000 0.000 0.000 0.000 0.000 0.002 0.004 0.008 0.014 0.023 0.035 0.052 0.065 0.073 0.076 0.077 0.076 0.070 0.058 0.042 0.032 0.029 0.029 0.035 0.068 0.200 0.522 0.864 1.026 1.120 1.219 1.300 1.345 1.361 1.361 1.347 1.307 1.222 1.082 0.896 0.748 0.621 0.482 0.339 0.229 0.151 0.096 0.060 0.037 0.022 0.013 0.007 0.004 0.002 0.001 0.001 0.000 0.000 0.000 0.000
0.000 0.000 0.000 0.000 0.000 0.000 0.000 0.000 0.000 0.000 0.000 0.000 0.000 0.000 0.000 0.000 0.000 0.000 0.000 0.000 0.000 0.001 0.003 0.007 0.014 0.023 0.036 0.055 0.079 0.100 0.112 0.118 0.119 0.117 0.110 0.093 0.067 0.048 0.041 0.040 0.048 0.092 0.268 0.653 1.000 1.134 1.188 1.254 1.316 1.351 1.361 1.361 1.348 1.306 1.220 1.081 0.894 0.723 0.575 0.431 0.304 0.207 0.137 0.089 0.056 0.034 0.021 0.012 0.007 0.004 0.002 0.001 0.001 0.000 0.000 0.000 0.000
0.000 0.000 0.000 0.000 0.000 0.000 0.000 0.000 0.000 0.000 0.000 0.000 0.000 0.000 0.000 0.000 0.000 0.000 0.000 0.000 0.000 0.001 0.005 0.012 0.022 0.035 0.055 0.082 0.118 0.149 0.167 0.176 0.177 0.176 0.168 0.147 0.108 0.073 0.057 0.054 0.061 0.116 0.327 0.737 1.053 1.176 1.217 1.265 1.314 1.342 1.350 1.349 1.333 1.288 1.202 1.062 0.870 0.673 0.511 0.375 0.263 0.179 0.119 0.077 0.049 0.030 0.018 0.011 0.006 0.003 0.002 0.001 0.001 0.000 0.000 0.000 0.000
0.000 0.000 0.000 0.000 0.000 0.000 0.000 0.000 0.000 0.000 0.000 0.000 0.000 0.000 0.000 0.000 0.000 0.000 0.000 0.000 0.000 0.001 0.006 0.017 0.032 0.052 0.080 0.118 0.169 0.214 0.242 0.255 0.258 0.257 0.248 0.224 0.173 0.114 0.082 0.074 0.080 0.143 0.381 0.794 1.061 1.175 1.220 1.260 1.294 1.308 1.309 1.301 1.281 1.237 1.151 1.010 0.813 0.603 0.436 0.311 0.216 0.147 0.097 0.063 0.040 0.025 0.015 0.009 0.005 0.003 0.001 0.001 0.000 0.000 0.000 0.000 0.000
0.000 0.000 0.000 0.000 0.000 0.000 0.000 0.000 0.000 0.000 0.000 0.000 0.000 0.000 0.000 0.000 0.000 0.000 0.000 0.000 0.000 0.001 0.006 0.018 0.040 0.070 0.111 0.165 0.236 0.299 0.339 0.360 0.367 0.366 0.358 0.330 0.270 0.182 0.126 0.107 0.112 0.179 0.424 0.819 1.046 1.146 1.200 1.231 1.242 1.238 1.216 1.176 1.149 1.113 1.042 0.912 0.726 0.519 0.361 0.248 0.169 0.113 0.074 0.048 0.030 0.018 0.011 0.006 0.003 0.002 0.001 0.001 0.000 0.000 0.000 0.000 0.000
0.000 0.000 0.000 0.000 0.000 0.000 0.000 0.000 0.000 0.000 0.000 0.000 0.000 0.000 0.000 0.000 0.000 0.000 0.000 0.000 0.000 0.001 0.005 0.017 0.042 0.082 0.139 0.218 0.319 0.405 0.462 0.493 0.507 0.509 0.502 0.474 0.405 0.288 0.200 0.167 0.167 0.229 0.453 0.811 1.011 1.089 1.137 1.156 1.152 1.121 1.045 0.926 0.857 0.828 0.799 0.733 0.606 0.436 0.295 0.196 0.128 0.083 0.054 0.034 0.020 0.012 0.007 0.004 0.002 0.001 0.001 0.000 0.000 0.000 0.000 0.000 0.000
0.000 0.000 0.000 0.000 0.000 0.000 0.000 0.000 0.000 0.000 0.000 0.000 0.000 0.000 0.000 0.000 0.000 0.000 0.000 0.000 0.000 0.001 0.003 0.014 0.039 0.084 0.154 0.260 0.408 0.537 0.615 0.659 0.680 0.688 0.684 0.650 0.567 0.428 0.316 0.264 0.256 0.301 0.474 0.767 0.938 1.000 1.026 1.030 1.012 0.948 0.809 0.613 0.489 0.442 0.436 0.440 0.416 0.337 0.232 0.148 0.092 0.057 0.035 0.021 0.013 0.007 0.004 0.002 0.001 0.001 0.000 0.000 0.000 0.000 0.000 0.000 0.000
0.000 0.000 0.000 0.000 0.000 0.000 0.000 0.000 0.000 0.000 0.000 0.000 0.000 0.000 0.000 0.000 0.000 0.000 0.000 0.000 0.000 0.000 0.001 0.007 0.029 0.076 0.155 0.280 0.478 0.681 0.796 0.848 0.867 0.869 0.847 0.788 0.679 0.538 0.432 0.376 0.362 0.383 0.482 0.680 0.814 0.862 0.873 0.864 0.826 0.743 0.600 0.409 0.276 0.212 0.197 0.203 0.209 0.198 0.154 0.098 0.059 0.035 0.021 0.012 0.007 0.004 0.002 0.001 0.001 0.000 0.000 0.000 0.000 0.000 0.000 0.000 0.000
0.000 0.000 0.000 0.000 0.000 0.000 0.000 0.000 0.000 0.000 0.000 0.000 0.000 0.000 0.000 0.000 0.000 0.000 0.000 0.000 0.000 0.000 0.001 0.002 0.014 0.052 0.133 0.274 0.506 0.794 0.964 1.022 1.030 1.014 0.962 0.867 0.733 0.601 0.506 0.451 0.432 0.437 0.481 0.585 0.666 0.694 0.696 0.681 0.638 0.560 0.441 0.291 0.179 0.116 0.091 0.085 0.088 0.088 0.077 0.052 0.031 0.018 0.011 0.006 0.003 0.002 0.001 0.001 0.000 0.000 0.000 0.000 0.000 0.000 0.000 0.000 0.000
0.000 0.000 0.000 0.000 0.000 0.000 0.000 0.000 0.000 0.000 0.000 0.000 0.000 0.000 0.000 0.000 0.000 0.000 0.000 0.000 0.000 0.000 0.000 0.001 0.004 0.020 0.076 0.212 0.469 0.834 1.081 1.162 1.160 1.118 1.027 0.894 0.748 0.627 0.540 0.486 0.461 0.456 0.471 0.514 0.547 0.556 0.547 0.523 0.479 0.411 0.315 0.208 0.128 0.077 0.051 0.041 0.037 0.035 0.032 0.023 0.014 0.008 0.005 0.003 0.002 0.001 0.001 0.000 0.000 0.000 0.000 0.000 0.000 0.000 0.000 0.000 0.000
0.000 0.000 0.000 0.000 0.000 0.000 0.000 0.000 0.000 0.000 0.000 0.000 0.000 0.000 0.000 0.000 0.000 0.000 0.000 0.000 0.000 0.000 0.000 0.001 0.002 0.008 0.029 0.099 0.308 0.717 1.095 1.237 1.241 1.174 1.049 0.891 0.748 0.631 0.548 0.495 0.466 0.453 0.449 0.453 0.454 0.445 0.424 0.393 0.350 0.293 0.219 0.146 0.092 0.056 0.035 0.024 0.019 0.016 0.013 0.010 0.006 0.004 0.002 0.001 0.001 0.001 0.000 0.000 0.000 0.000 0.000 0.000 0.000 0.000 0.000 0.000 0.000
0.000 0.000 0.000 0.000 0.000 0.000 0.000 0.000 0.000 0.000 0.000 0.000 0.000 0.000 0.000 0.000 0.000 0.000 0.000 0.000 0.000 0.000 0.001 0.001 0.003 0.009 0.024 0.054 0.131 0.406 0.890 1.208 1.256 1.186 1.038 0.867 0.728 0.620 0.542 0.490 0.456 0.431 0.410 0.390 0.371 0.350 0.323 0.290 0.251 0.203 0.148 0.100 0.065 0.041 0.025 0.016 0.012 0.009 0.006 0.004 0.003 0.002 0.001 0.001 0.001 0.000 0.000 0.000 0.000 0.000 0.000 0.000 0.000 0.000 0.000 0.000 0.000
0.000 0.000 0.000 0.000 0.000 0.000 0.000 0.000 0.000 0.000 0.000 0.000 0.000 0.000 0.000 0.000 0.000 0.000 0.000 0.000 0.000 0.001 0.001 0.003 0.008 0.020 0.045 0.071 0.089 0.156 0.461 0.928 1.145 1.118 0.975 0.801 0.672 0.579 0.511 0.461 0.420 0.383 0.350 0.320 0.293 0.267 0.240 0.210 0.177 0.138 0.099 0.067 0.044 0.028 0.018 0.011 0.008 0.005 0.004 0.002 0.002 0.001 0.001 0.000 0.000 0.000 0.000 0.000 0.000 0.000 0.000 0.000 0.000 0.000 0.000 0.000 0.000
0.000 0.000 0.000 0.000 0.000 0.000 0.000 0.000 0.000 0.000 0.000 0.000 0.000 0.000 0.000 0.000 0.000 0.000 0.000 0.000 0.000 0.001 0.003 0.008 0.021 0.049 0.082 0.097 0.099 0.090 0.149 0.449 0.788 0.872 0.802 0.670 0.565 0.493 0.438 0.393 0.350 0.306 0.268 0.240 0.218 0.197 0.175 0.151 0.124 0.093 0.066 0.045 0.029 0.019 0.012 0.008 0.005 0.003 0.002 0.001 0.001 0.001 0.000 0.000 0.000 0.000 0.000 0.000 0.000 0.000 0.000 0.000 0.000 0.000 0.000 0.000 0.000
0.000 0.000 0.000 0.000 0.000 0.000 0.000 0.000 0.000 0.000 0.000 0.000 0.000 0.000 0.000 0.000 0.000 0.000 0.000 0.000 0.001 0.002 0.008 0.020 0.049 0.084 0.103 0.105 0.099 0.075 0.057 0.139 0.369 0.497 0.505 0.460 0.401 0.357 0.321 0.286 0.249 0.211 0.181 0.162 0.149 0.136 0.122 0.105 0.085 0.063 0.044 0.029 0.019 0.012 0.007 0.005 0.003 0.002 0.001 0.001 0.001 0.000 0.000 0.000 0.000 0.000 0.000 0.000 0.000 0.000 0.000 0.000 0.000 0.000 0.000 0.000 0.000
0.000 0.000 0.000 0.000 0.000 0.000 0.000 0.000 0.000 0.000 0.000 0.000 0.000 0.000 0.000 0.000 0.000 0.000 0.000 0.001 0.002 0.005 0.016 0.043 0.081 0.103 0.107 0.104 0.083 0.046 0.027 0.043 0.144 0.246 0.272 0.267 0.247 0.225 0.205 0.185 0.163 0.138 0.115 0.100 0.092 0.085 0.077 0.068 0.055 0.041 0.028 0.019 0.012 0.007 0.004 0.003 0.001 0.001 0.001 0.000 0.000 0.000 0.000 0.000 0.000 0.000 0.000 0.000 0.000 0.000 0.000 0.000 0.000 0.000 0.000 0.000 0.000
0.000 0.000 0.000 0.000 0.000 0.000 0.000 0.000 0.000 0.000 0.000 0.000 0.000 0.000 0.000 0.000 0.000 0.000 0.000 0.001 0.003 0.010 0.030 0.068 0.097 0.105 0.104 0.085 0.048 0.018 0.010 0.015 0.054 0.117 0.143 0.147 0.144 0.136 0.126 0.115 0.103 0.087 0.070 0.058 0.050 0.046 0.041 0.037 0.031 0.023 0.016 0.010 0.006 0.004 0.002 0.001 0.001 0.000 0.000 0.000 0.000 0.000 0.000 0.000 0.000 0.000 0.000 0.000 0.000 0.000 0.000 0.000 0.000 0.000 0.000 0.000 0.000
0.000 0.000 0.000 0.000 0.000 0.000 0.000 0.000 0.000 0.000 0.000 0.000 0.000 0.000 0.000 0.000 0.000 0.000 0.001 0.001 0.005 0.017 0.047 0.084 0.100 0.101 0.087 0.050 0.019 0.007 0.003 0.005 0.020 0.054 0.074 0.080 0.080 0.079 0.075 0.070 0.063 0.054 0.042 0.032 0.026 0.021 0.018 0.016 0.013 0.010 0.007 0.004 0.003 0.002 0.001 0.000 0.000 0.000 0.000 0.000 0.000 0.000 0.000 0.000 0.000 0.000 0.000 0.000 0.000 0.000 0.000 0.000 0.000 0.000 0.000 0.000 0.000
0.000 0.000 0.000 0.000 0.000 0.000 0.000 0.000 0.000 0.000 0.000 0.000 0.000 0.000 0.000 0.000 0.000 0.000 0.001 0.003 0.009 0.028 0.063 0.089 0.095 0.088 0.057 0.022 0.008 0.003 0.002 0.002 0.008 0.023 0.037 0.042 0.044 0.044 0.043 0.041 0.037 0.032 0.025 0.018 0.013 0.009 0.007 0.005 0.004 0.003 0.002 0.001 0.001 0.001 0.000 0.000 0.000 0.000 0.000 0.000 0.000 0.000 0.000 0.000 0.000 0.000 0.000 0.000 0.000 0.000 0.000 0.000 0.000 0.000 0.000 0.000 0.000
0.000 0.000 0.000 0.000 0.000 0.000 0.000 0.000 0.000 0.000 0.000 0.000 0.000 0.000 0.000 0.000 0.000 0.000 0.001 0.004 0.015 0.042 0.075 0.087 0.085 0.065 0.030 0.010 0.004 0.002 0.002 0.002 0.003 0.009 0.017 0.021 0.023 0.024 0.024 0.023 0.021 0.019 0.015 0.010 0.006 0.004 0.003 0.002 0.001 0.001 0.001 0.000 0.000 0.000 0.000 0.000 0.000 0.000 0.000 0.000 0.000 0.000 0.000 0.000 0.000 0.000 0.000 0.000 0.000 0.000 0.000 0.000 0.000 0.000 0.000 0.000 0.000
0.000 0.000 0.000 0.000 0.000 0.000 0.000 0.000 0.000 0.000 0.000 0.000 0.000 0.000 0.000 0.000 0.000 0.001 0.002 0.007 0.022 0.055 0.079 0.082 0.073 0.042 0.014 0.005 0.002 0.001 0.001 0.001 0.001 0.003 0.006 0.009 0.011 0.012 0.012 0.012 0.012 0.010 0.008 0.005 0.003 0.002 0.001 0.001 0.000 0.000 0.000 0.000 0.000 0.000 0.000 0.000 0.000 0.000 0.000 0.000 0.000 0.000 0.000 0.000 0.000 0.000 0.000 0.000 0.000 0.000 0.000 0.000 0.000 0.000 0.000 0.000 0.000
0.000 0.000 0.000 0.000 0.000 0.000 0.000 0.000 0.000 0.000 0.000 0.000 0.000 0.000 0.000 0.000 0.000 0.001 0.003 0.011 0.033 0.065 0.077 0.076 0.056 0.023 0.008 0.003 0.002 0.001 0.001 0.001 0.001 0.001 0.002 0.003 0.004 0.005 0.005 0.006 0.006 0.005 0.004 0.003 0.002 0.001 0.000 0.000 0.000 0.000 0.000 0.000 0.000 0.000 0.000 0.000 0.000 0.000 0.000 0.000 0.000 0.000 0.000 0.000 0.000 0.000 0.000 0.000 0.000 0.000 0.000 0.000 0.000 0.000 0.000 0.000 0.000
0.000 0.000 0.000 0.000 0.000 0.000 0.000 0.000 0.000 0.000 0.000 0.000 0.000 0.000 0.000 0.000 0.001 0.002 0.005 0.017 0.045 0.069 0.073 0.065 0.037 0.012 0.005 0.003 0.002 0.002 0.001 0.001 0.001 0.001 0.001 0.001 0.001 0.002 0.002 0.002 0.002 0.002 0.002 0.001 0.001 0.000 0.000 0.000 0.000 0.000 0.000 0.000 0.000 0.000 0.000 0.000 0.000 0.000 0.000 0.000 0.000 0.000 0.000 0.000 0.000 0.000 0.000 0.000 0.000 0.000 0.000 0.000 0.000 0.000 0.000 0.000 0.000
0.000 0.000 0.000 0.000 0.000 0.000 0.000 0.000 0.000 0.000 0.000 0.000 0.000 0.000 0.000 0.000 0.001 0.002 0.009 0.026 0.055 0.069 0.068 0.052 0.021 0.007 0.003 0.002 0.001 0.001 0.001 0.000 0.000 0.000 0.000 0.000 0.000 0.001 0.001 0.001 0.001 0.001 0.001 0.000 0.000 0.000 0.000 0.000 0.000 0.000 0.000 0.000 0.000 0.000 0.000 0.000 0.000 0.000 0.000 0.000 0.000 0.000 0.000 0.000 0.000 0.000 0.000 0.000 0.000 0.000 0.000 0.000 0.000 0.000 0.000 0.000 0.000
