RESULTS/r.avaflow_results/31_results/31_ascii/31_hflow_max0048.asc
ncols 506
nrows 317
xllcenter 498237.50
yllcenter 5580050.00
cellsize 12.50
NODATA_value -9999.000
[rows 170 to 203 of 317, columns 77 to 153 of 506]
0.000 0.000 0.000 0.000 0.000 0.000 0.000 0.000 0.000 0.000 0.000 0.000 0.000 0.000 0.000 0.000 0.000 0.000 0.000 0.000 0.000 0.000 0.000 0.000 0.000 0.000 0.000 0.000 0.000 0.000 0.000 0.000 0.000 0.000 0.000 0.000 0.000 0.000 0.000 0.000 0.000 0.000 0.000 0.000 0.001 0.002 0.003 0.006 0.011 0.020 0.042 0.113 0.324 0.794 1.496 2.448 4.161 7.355 10.076 12.511 14.491 15.916 16.772 17.059 16.945 16.451 15.945 15.421 14.972 14.225 13.059 11.809 11.025 10.877 10.832 10.825 10.890
0.000 0.000 0.000 0.000 0.000 0.000 0.000 0.000 0.000 0.000 0.000 0.000 0.000 0.000 0.000 0.000 0.000 0.000 0.000 0.000 0.000 0.000 0.000 0.000 0.000 0.000 0.000 0.000 0.000 0.000 0.000 0.000 0.000 0.000 0.000 0.000 0.000 0.000 0.000 0.000 0.000 0.000 0.000 0.001 0.003 0.005 0.008 0.014 0.028 0.062 0.147 0.358 0.782 1.416 2.212 4.238 6.496 9.112 11.723 14.048 15.797 16.676 17.260 17.367 17.218 16.809 16.097 15.354 14.613 13.897 13.102 13.154 13.252 13.317 13.474 13.811 14.290
0.000 0.000 0.000 0.000 0.000 0.000 0.000 0.000 0.000 0.000 0.000 0.000 0.000 0.000 0.000 0.000 0.000 0.000 0.000 0.000 0.000 0.001 0.001 0.001 0.001 0.001 0.001 0.001 0.001 0.001 0.001 0.001 0.001 0.001 0.000 0.000 0.000 0.000 0.000 0.000 0.000 0.001 0.002 0.004 0.007 0.013 0.022 0.046 0.100 0.221 0.453 0.844 1.321 1.844 2.519 4.781 7.142 9.767 12.287 14.477 16.075 16.892 17.258 17.339 17.194 16.664 15.880 15.218 14.901 14.834 14.748 14.724 14.625 14.715 15.090 15.969 17.226
0.000 0.000 0.000 0.000 0.000 0.000 0.000 0.000 0.000 0.000 0.000 0.000 0.000 0.000 0.000 0.000 0.000 0.000 0.000 0.001 0.002 0.003 0.004 0.004 0.005 0.005 0.005 0.005 0.005 0.005 0.005 0.004 0.004 0.003 0.002 0.002 0.001 0.001 0.000 0.000 0.001 0.002 0.006 0.011 0.019 0.034 0.077 0.159 0.312 0.586 0.955 1.338 1.742 2.163 2.680 4.508 6.900 9.606 12.104 14.197 15.804 16.676 16.998 17.043 16.843 16.406 16.003 16.005 16.036 16.003 15.794 15.521 15.483 15.677 16.359 17.761 19.410
0.000 0.000 0.000 0.000 0.000 0.000 0.000 0.000 0.000 0.000 0.000 0.000 0.000 0.000 0.000 0.000 0.000 0.000 0.001 0.003 0.005 0.008 0.009 0.010 0.011 0.011 0.012 0.012 0.012 0.011 0.011 0.010 0.009 0.007 0.005 0.004 0.003 0.002 0.002 0.001 0.002 0.006 0.014 0.025 0.047 0.117 0.238 0.425 0.699 1.022 1.324 1.912 2.377 2.720 3.077 3.744 5.816 8.714 11.427 13.686 15.185 16.034 16.549 16.644 16.595 16.669 16.701 16.688 16.642 16.490 16.216 15.896 16.053 16.745 17.659 18.842 20.158
0.000 0.000 0.000 0.000 0.000 0.000 0.000 0.000 0.000 0.000 0.000 0.000 0.000 0.000 0.000 0.000 0.000 0.001 0.003 0.006 0.011 0.015 0.018 0.019 0.021 0.021 0.021 0.022 0.021 0.021 0.021 0.019 0.017 0.014 0.010 0.007 0.005 0.004 0.004 0.004 0.006 0.014 0.029 0.055 0.148 0.326 0.560 0.820 1.077 1.300 1.786 2.386 2.804 3.122 3.353 3.603 4.571 7.440 10.448 12.834 14.317 15.193 15.735 16.046 16.406 16.652 16.893 16.753 16.719 16.588 16.311 16.092 16.107 16.817 17.634 18.648 19.823
0.000 0.000 0.000 0.000 0.000 0.000 0.000 0.000 0.000 0.000 0.000 0.000 0.000 0.000 0.000 0.000 0.001 0.003 0.006 0.012 0.018 0.024 0.029 0.032 0.033 0.034 0.035 0.035 0.035 0.034 0.033 0.031 0.028 0.023 0.016 0.011 0.008 0.007 0.006 0.006 0.011 0.026 0.057 0.150 0.384 0.687 0.940 1.129 1.292 1.599 2.173 2.666 3.039 3.345 3.536 3.678 4.079 6.734 9.703 12.012 13.520 14.351 14.938 15.443 15.967 16.316 16.498 16.459 16.315 16.068 15.672 15.332 15.302 15.659 16.576 17.653 19.016
0.000 0.000 0.000 0.000 0.000 0.000 0.000 0.000 0.000 0.000 0.000 0.000 0.000 0.000 0.000 0.000 0.001 0.004 0.009 0.017 0.028 0.037 0.043 0.047 0.050 0.051 0.052 0.052 0.052 0.052 0.050 0.047 0.042 0.035 0.025 0.017 0.013 0.011 0.010 0.011 0.018 0.045 0.111 0.351 0.747 1.050 1.209 1.317 1.521 2.048 2.479 2.831 3.139 3.428 3.656 3.759 3.923 6.211 9.113 11.245 12.623 13.527 14.143 14.696 15.181 15.395 15.431 15.271 14.983 14.577 14.051 13.808 13.775 14.110 15.009 16.295 17.807
0.000 0.000 0.000 0.000 0.000 0.000 0.000 0.000 0.000 0.000 0.000 0.000 0.000 0.000 0.000 0.000 0.001 0.004 0.010 0.021 0.037 0.052 0.062 0.068 0.071 0.073 0.074 0.074 0.074 0.073 0.071 0.067 0.061 0.051 0.036 0.025 0.019 0.017 0.016 0.018 0.028 0.072 0.209 0.608 1.068 1.295 1.382 1.504 2.000 2.374 2.654 2.894 3.149 3.411 3.668 3.748 3.801 5.767 8.269 10.147 11.455 12.417 13.002 13.460 13.736 13.753 13.612 13.350 12.912 12.281 11.797 11.517 11.492 12.011 13.104 14.688 16.406
0.000 0.000 0.000 0.000 0.000 0.000 0.000 0.000 0.000 0.000 0.000 0.000 0.000 0.000 0.000 0.000 0.001 0.004 0.010 0.021 0.041 0.066 0.084 0.093 0.098 0.100 0.101 0.101 0.101 0.100 0.098 0.093 0.084 0.071 0.054 0.040 0.030 0.025 0.024 0.026 0.042 0.109 0.280 0.781 1.280 1.460 1.508 1.907 2.254 2.509 2.694 2.881 3.121 3.371 3.600 3.658 3.641 5.276 7.354 8.875 10.075 10.775 11.253 11.598 11.739 11.682 11.448 11.076 10.497 9.788 9.340 9.271 9.572 10.390 11.702 13.260 14.952
0.000 0.000 0.000 0.000 0.000 0.000 0.000 0.000 0.000 0.000 0.000 0.000 0.000 0.000 0.000 0.000 0.001 0.003 0.008 0.019 0.039 0.073 0.106 0.122 0.129 0.133 0.134 0.134 0.134 0.133 0.130 0.124 0.114 0.097 0.083 0.064 0.045 0.037 0.035 0.044 0.066 0.155 0.403 0.875 1.408 1.575 1.828 2.107 2.332 2.509 2.660 2.825 3.051 3.293 3.471 3.486 3.402 4.448 6.454 7.690 8.527 8.839 9.071 9.286 9.391 9.350 9.136 8.781 8.279 7.766 7.506 7.573 8.080 9.055 10.341 11.766 13.330
0.000 0.000 0.000 0.000 0.000 0.000 0.000 0.000 0.000 0.000 0.000 0.000 0.000 0.000 0.000 0.000 0.000 0.001 0.004 0.011 0.029 0.066 0.117 0.151 0.165 0.171 0.174 0.175 0.175 0.174 0.171 0.163 0.150 0.142 0.129 0.104 0.071 0.060 0.070 0.097 0.146 0.234 0.502 0.950 1.450 1.836 2.034 2.169 2.306 2.441 2.584 2.708 2.898 3.108 3.237 3.183 3.016 3.681 5.384 6.555 7.135 7.190 7.103 7.048 7.026 6.974 6.880 6.682 6.358 6.100 6.029 6.189 6.798 7.770 8.969 10.267 11.621
0.000 0.000 0.000 0.000 0.000 0.000 0.000 0.000 0.000 0.000 0.000 0.000 0.000 0.000 0.000 0.000 0.000 0.000 0.001 0.004 0.015 0.048 0.110 0.168 0.201 0.216 0.221 0.224 0.224 0.223 0.219 0.217 0.218 0.216 0.202 0.170 0.118 0.122 0.151 0.211 0.308 0.485 0.823 1.308 1.760 1.988 2.088 2.156 2.234 2.330 2.396 2.427 2.567 2.706 2.779 2.705 2.557 2.878 4.049 5.269 5.750 5.720 5.529 5.305 5.146 5.050 4.979 4.864 4.699 4.616 4.671 4.970 5.579 6.462 7.481 8.563 9.669
0.000 0.000 0.000 0.000 0.000 0.000 0.000 0.000 0.000 0.000 0.000 0.000 0.000 0.000 0.000 0.000 0.000 0.000 0.000 0.001 0.005 0.028 0.088 0.171 0.227 0.260 0.275 0.281 0.283 0.282 0.309 0.330 0.335 0.333 0.315 0.273 0.228 0.256 0.324 0.441 0.625 0.961 1.391 1.707 1.880 1.985 2.056 2.113 2.141 2.129 2.046 1.997 2.020 2.074 2.119 2.124 2.312 2.529 2.854 3.790 4.295 4.361 4.228 4.015 3.812 3.653 3.520 3.384 3.292 3.269 3.368 3.719 4.380 5.044 5.858 6.759 7.802
0.000 0.000 0.000 0.000 0.000 0.000 0.000 0.000 0.000 0.000 0.000 0.000 0.000 0.000 0.000 0.000 0.000 0.000 0.000 0.000 0.002 0.013 0.059 0.151 0.236 0.294 0.332 0.348 0.356 0.395 0.487 0.533 0.542 0.535 0.500 0.429 0.465 0.543 0.685 0.892 1.165 1.507 1.762 1.862 1.891 1.928 1.992 2.010 1.945 1.847 1.653 1.526 1.504 1.555 1.660 1.824 2.019 2.210 2.423 2.628 3.017 3.192 3.168 3.052 2.888 2.687 2.464 2.256 2.147 2.116 2.157 2.359 2.781 3.395 4.157 5.116 6.181
0.000 0.000 0.000 0.000 0.000 0.000 0.000 0.000 0.000 0.000 0.000 0.000 0.000 0.000 0.000 0.000 0.000 0.000 0.000 0.000 0.001 0.005 0.031 0.109 0.218 0.310 0.384 0.430 0.453 0.557 0.782 0.893 0.905 0.881 0.805 0.835 0.934 1.101 1.315 1.508 1.671 1.828 1.899 1.893 1.887 1.876 1.843 1.758 1.735 1.575 1.275 1.100 1.014 1.050 1.191 1.437 1.673 1.885 2.060 2.167 2.211 2.246 2.298 2.243 2.130 1.947 1.723 1.485 1.283 1.221 1.201 1.247 1.438 1.845 2.491 3.573 4.542
0.000 0.000 0.000 0.000 0.000 0.000 0.000 0.000 0.000 0.000 0.000 0.000 0.000 0.000 0.000 0.000 0.000 0.000 0.000 0.000 0.000 0.002 0.013 0.062 0.169 0.297 0.414 0.515 0.582 0.689 0.978 1.294 1.380 1.344 1.274 1.349 1.502 1.671 1.808 1.901 1.949 1.965 1.934 1.909 1.860 1.763 1.610 1.507 1.446 1.211 0.934 0.696 0.556 0.544 0.669 0.967 1.290 1.545 1.711 1.785 1.798 1.772 1.718 1.643 1.558 1.451 1.293 1.075 0.852 0.677 0.569 0.549 0.599 0.801 1.236 2.256 2.872
0.000 0.000 0.000 0.000 0.000 0.000 0.000 0.000 0.000 0.000 0.000 0.000 0.000 0.000 0.000 0.000 0.000 0.000 0.000 0.000 0.000 0.001 0.004 0.028 0.107 0.248 0.406 0.569 0.715 0.828 1.053 1.410 1.648 1.700 1.657 1.634 1.787 1.912 2.017 2.066 2.067 2.017 1.970 1.889 1.759 1.575 1.368 1.196 1.071 0.926 0.778 0.567 0.342 0.258 0.291 0.486 0.831 1.144 1.342 1.426 1.436 1.405 1.354 1.280 1.185 1.070 0.925 0.751 0.566 0.404 0.283 0.220 0.219 0.277 0.443 0.763 0.920
0.000 0.000 0.000 0.000 0.000 0.000 0.000 0.000 0.000 0.000 0.000 0.000 0.000 0.000 0.000 0.000 0.000 0.000 0.000 0.000 0.001 0.004 0.009 0.019 0.051 0.166 0.353 0.574 0.800 0.976 1.102 1.292 1.643 1.801 1.824 1.810 1.859 1.992 2.091 2.117 2.100 2.063 1.964 1.811 1.600 1.376 1.193 1.054 0.935 0.817 0.678 0.468 0.264 0.151 0.137 0.198 0.392 0.674 0.914 1.040 1.076 1.061 1.020 0.951 0.847 0.727 0.604 0.479 0.350 0.229 0.144 0.097 0.087 0.096 0.139 0.204 0.223
0.000 0.000 0.000 0.000 0.000 0.000 0.000 0.000 0.000 0.000 0.000 0.000 0.000 0.000 0.000 0.000 0.000 0.000 0.000 0.001 0.004 0.011 0.023 0.046 0.087 0.162 0.287 0.493 0.804 1.061 1.193 1.266 1.417 1.691 1.813 1.831 1.930 2.022 2.091 2.115 2.112 2.056 1.910 1.670 1.437 1.250 1.083 0.952 0.844 0.735 0.581 0.362 0.191 0.123 0.099 0.101 0.153 0.285 0.460 0.590 0.653 0.669 0.654 0.607 0.523 0.421 0.332 0.255 0.182 0.114 0.070 0.047 0.040 0.041 0.051 0.060 0.062
0.000 0.000 0.000 0.000 0.000 0.000 0.000 0.000 0.000 0.000 0.000 0.000 0.000 0.000 0.000 0.000 0.000 0.000 0.001 0.004 0.012 0.028 0.057 0.106 0.188 0.324 0.526 0.769 0.990 1.133 1.240 1.290 1.389 1.483 1.690 1.865 1.970 2.028 2.057 2.088 2.079 2.007 1.818 1.526 1.307 1.149 1.013 0.897 0.788 0.656 0.468 0.264 0.181 0.127 0.094 0.079 0.079 0.109 0.172 0.231 0.264 0.276 0.274 0.258 0.221 0.171 0.132 0.101 0.075 0.050 0.034 0.025 0.022 0.022 0.024 0.026 0.027
0.000 0.000 0.000 0.000 0.000 0.000 0.000 0.000 0.000 0.000 0.000 0.000 0.000 0.000 0.000 0.000 0.000 0.001 0.004 0.012 0.031 0.070 0.136 0.238 0.395 0.634 0.899 1.105 1.222 1.266 1.272 1.283 1.324 1.522 1.782 1.913 1.983 2.023 2.039 2.043 2.015 1.910 1.678 1.387 1.198 1.058 0.946 0.846 0.728 0.566 0.352 0.231 0.193 0.143 0.102 0.076 0.062 0.059 0.067 0.079 0.086 0.088 0.086 0.080 0.070 0.057 0.047 0.038 0.031 0.024 0.018 0.015 0.014 0.014 0.015 0.015 0.015
0.000 0.000 0.000 0.000 0.000 0.000 0.000 0.000 0.000 0.000 0.000 0.000 0.000 0.000 0.000 0.000 0.001 0.003 0.010 0.031 0.078 0.168 0.313 0.517 0.794 1.093 1.287 1.364 1.374 1.328 1.290 1.266 1.252 1.625 1.849 1.952 1.993 2.004 2.019 2.007 1.942 1.779 1.504 1.263 1.105 0.985 0.886 0.785 0.650 0.459 0.253 0.235 0.201 0.154 0.110 0.079 0.057 0.044 0.037 0.034 0.033 0.032 0.031 0.029 0.027 0.023 0.020 0.018 0.016 0.013 0.011 0.010 0.010 0.009 0.009 0.010 0.010
0.000 0.000 0.000 0.000 0.000 0.000 0.000 0.000 0.000 0.000 0.000 0.000 0.000 0.000 0.000 0.000 0.001 0.007 0.024 0.071 0.179 0.382 0.688 1.019 1.308 1.486 1.548 1.529 1.447 1.382 1.285 1.171 1.338 1.712 1.895 1.965 1.988 1.997 1.987 1.942 1.836 1.633 1.360 1.163 1.022 0.922 0.835 0.724 0.565 0.346 0.256 0.237 0.203 0.156 0.111 0.078 0.053 0.035 0.025 0.019 0.017 0.016 0.015 0.015 0.014 0.013 0.011 0.010 0.009 0.008 0.007 0.006 0.006 0.006 0.006 0.006 0.006
0.000 0.000 0.000 0.000 0.000 0.000 0.000 0.000 0.000 0.000 0.000 0.000 0.000 0.000 0.000 0.001 0.004 0.014 0.047 0.137 0.345 0.729 1.185 1.495 1.659 1.713 1.691 1.612 1.518 1.376 1.181 1.072 1.472 1.786 1.930 1.972 1.978 1.982 1.956 1.875 1.718 1.496 1.255 1.073 0.955 0.869 0.781 0.653 0.460 0.251 0.247 0.229 0.195 0.148 0.101 0.067 0.042 0.024 0.014 0.010 0.009 0.008 0.008 0.008 0.008 0.007 0.007 0.006 0.005 0.005 0.004 0.004 0.004 0.003 0.003 0.003 0.003
0.000 0.000 0.000 0.000 0.000 0.000 0.000 0.000 0.000 0.000 0.000 0.000 0.000 0.000 0.000 0.002 0.008 0.027 0.086 0.240 0.576 1.123 1.557 1.765 1.825 1.807 1.755 1.663 1.501 1.256 0.961 1.175 1.609 1.854 1.946 1.965 1.970 1.958 1.907 1.787 1.611 1.397 1.176 1.000 0.903 0.825 0.721 0.564 0.350 0.206 0.201 0.186 0.157 0.114 0.071 0.041 0.022 0.011 0.006 0.004 0.004 0.004 0.004 0.004 0.004 0.004 0.004 0.003 0.003 0.003 0.002 0.002 0.002 0.002 0.002 0.002 0.002
0.000 0.000 0.000 0.000 0.000 0.000 0.000 0.000 0.000 0.000 0.000 0.000 0.000 0.000 0.001 0.004 0.014 0.049 0.146 0.379 0.853 1.433 1.755 1.870 1.873 1.846 1.770 1.609 1.330 0.978 1.002 1.303 1.711 1.917 1.970 1.967 1.956 1.915 1.828 1.688 1.507 1.298 1.093 0.963 0.879 0.792 0.664 0.471 0.265 0.141 0.133 0.117 0.089 0.057 0.030 0.015 0.007 0.003 0.002 0.002 0.002 0.002 0.002 0.002 0.002 0.002 0.002 0.002 0.001 0.001 0.001 0.001 0.001 0.001 0.001 0.001 0.001
0.000 0.000 0.000 0.000 0.000 0.000 0.000 0.000 0.000 0.000 0.000 0.000 0.000 0.000 0.001 0.007 0.026 0.082 0.225 0.545 1.122 1.617 1.826 1.879 1.885 1.840 1.686 1.383 1.021 0.925 1.075 1.454 1.781 1.941 1.980 1.978 1.947 1.870 1.746 1.589 1.408 1.198 1.030 0.945 0.870 0.762 0.599 0.383 0.201 0.088 0.054 0.045 0.032 0.018 0.009 0.004 0.002 0.001 0.001 0.001 0.001 0.001 0.001 0.001 0.001 0.001 0.001 0.000 0.000 0.000 0.000 0.000 0.000 0.000 0.000 0.000 0.000
0.000 0.000 0.000 0.000 0.000 0.000 0.000 0.000 0.000 0.000 0.000 0.000 0.000 0.000 0.003 0.012 0.042 0.124 0.319 0.720 1.322 1.708 1.832 1.859 1.860 1.768 1.505 1.113 0.923 0.910 1.165 1.569 1.829 1.937 1.968 1.971 1.922 1.815 1.662 1.488 1.301 1.102 0.998 0.933 0.856 0.731 0.534 0.310 0.150 0.060 0.020 0.011 0.007 0.004 0.002 0.001 0.001 0.000 0.000 0.000 0.000 0.000 0.000 0.000 0.000 0.000 0.000 0.000 0.000 0.000 0.000 0.000 0.000 0.000 0.000 0.000 0.000
0.000 0.000 0.000 0.000 0.000 0.000 0.000 0.000 0.000 0.000 0.000 0.000 0.000 0.001 0.004 0.018 0.061 0.176 0.431 0.894 1.451 1.738 1.817 1.834 1.804 1.636 1.265 0.952 0.865 0.926 1.250 1.634 1.856 1.923 1.946 1.944 1.885 1.756 1.587 1.396 1.170 1.038 0.981 0.931 0.840 0.686 0.465 0.252 0.114 0.042 0.013 0.003 0.002 0.001 0.001 0.000 0.000 0.000 0.000 0.000 0.000 0.000 0.000 0.000 0.000 0.000 0.000 0.000 0.000 0.000 0.000 0.000 0.000 0.000 0.000 0.000 0.000
0.000 0.000 0.000 0.000 0.000 0.000 0.000 0.000 0.000 0.000 0.000 0.000 0.000 0.001 0.006 0.024 0.084 0.234 0.550 1.069 1.524 1.724 1.783 1.799 1.718 1.450 1.058 0.860 0.823 0.952 1.338 1.692 1.881 1.934 1.930 1.905 1.821 1.687 1.511 1.289 1.080 1.005 0.974 0.924 0.817 0.638 0.397 0.201 0.084 0.028 0.008 0.002 0.000 0.000 0.000 0.000 0.000 0.000 0.000 0.000 0.000 0.000 0.000 0.000 0.000 0.000 0.000 0.000 0.000 0.000 0.000 0.000 0.000 0.000 0.000 0.000 0.000
0.000 0.000 0.000 0.000 0.000 0.000 0.000 0.000 0.000 0.000 0.000 0.000 0.000 0.001 0.008 0.032 0.107 0.296 0.681 1.214 1.564 1.692 1.739 1.733 1.583 1.221 0.919 0.802 0.787 0.981 1.394 1.744 1.900 1.933 1.929 1.868 1.751 1.598 1.404 1.153 1.019 0.987 0.965 0.910 0.784 0.579 0.333 0.156 0.059 0.018 0.004 0.001 0.000 0.000 0.000 0.000 0.000 0.000 0.000 0.000 0.000 0.000 0.000 0.000 0.000 0.000 0.000 0.000 0.000 0.000 0.000 0.000 0.000 0.000 0.000 0.000 0.000
0.000 0.000 0.000 0.000 0.000 0.000 0.000 0.000 0.000 0.000 0.000 0.000 0.000 0.002 0.009 0.038 0.129 0.363 0.821 1.319 1.573 1.644 1.679 1.628 1.392 1.018 0.814 0.753 0.763 1.018 1.439 1.773 1.919 1.942 1.927 1.848 1.704 1.505 1.265 1.045 0.977 0.971 0.953 0.885 0.744 0.517 0.274 0.119 0.041 0.011 0.002 0.000 0.000 0.000 0.000 0.000 0.000 0.000 0.000 0.000 0.000 0.000 0.000 0.000 0.000 0.000 0.000 0.000 0.000 0.000 0.000 0.000 0.000 0.000 0.000 0.000 0.000
0.000 0.000 0.000 0.000 0.000 0.000 0.000 0.000 0.000 0.000 0.000 0.000 0.000 0.002 0.010 0.045 0.151 0.428 0.962 1.411 1.585 1.610 1.616 1.504 1.183 0.871 0.734 0.700 0.746 1.055 1.508 1.813 1.929 1.941 1.926 1.829 1.648 1.413 1.157 0.999 0.970 0.966 0.942 0.856 0.690 0.448 0.218 0.086 0.026 0.006 0.001 0.000 0.000 0.000 0.000 0.000 0.000 0.000 0.000 0.000 0.000 0.000 0.000 0.000 0.000 0.000 0.000 0.000 0.000 0.000 0.000 0.000 0.000 0.000 0.000 0.000 0.000
