RESULTS/r.avaflow_results/31_results/31_ascii/31_hflow0007.asc
ncols 506
nrows 317
xllcenter 498237.50
yllcenter 5580050.00
cellsize 12.50
NODATA_value -9999.000
[rows 170 to 203 of 317, columns 77 to 153 of 506]
0.000 0.000 0.000 0.000 0.000 0.000 0.000 0.000 0.000 0.000 0.000 0.000 0.000 0.000 0.000 0.000 0.000 0.000 0.000 0.000 0.000 0.000 0.000 0.000 0.000 0.000 0.000 0.000 0.000 0.000 0.000 0.000 0.000 0.000 0.000 0.000 0.000 0.000 0.000 0.000 0.000 0.000 0.000 0.000 0.000 0.000 0.000 0.001 0.002 0.005 0.010 0.021 0.055 0.149 0.364 0.818 1.725 3.410 5.973 8.828 11.306 13.317 14.796 15.641 15.880 15.714 15.260 14.717 14.187 13.459 12.396 11.182 10.158 9.465 9.002 8.668 8.431
0.000 0.000 0.000 0.000 0.000 0.000 0.000 0.000 0.000 0.000 0.000 0.000 0.000 0.000 0.000 0.000 0.000 0.000 0.000 0.000 0.000 0.000 0.000 0.000 0.000 0.000 0.000 0.000 0.000 0.000 0.000 0.000 0.000 0.000 0.000 0.000 0.000 0.000 0.000 0.000 0.000 0.000 0.000 0.000 0.000 0.000 0.000 0.002 0.004 0.009 0.022 0.061 0.160 0.358 0.737 1.496 2.925 5.208 8.198 11.044 13.330 15.023 16.086 16.534 16.521 16.158 15.513 14.807 14.121 13.345 12.481 11.788 11.424 11.286 11.264 11.298 11.435
0.000 0.000 0.000 0.000 0.000 0.000 0.000 0.000 0.000 0.000 0.000 0.000 0.000 0.000 0.000 0.000 0.000 0.000 0.000 0.000 0.000 0.000 0.000 0.000 0.000 0.000 0.000 0.000 0.000 0.000 0.000 0.000 0.000 0.000 0.000 0.000 0.000 0.000 0.000 0.000 0.000 0.000 0.000 0.000 0.000 0.000 0.001 0.003 0.009 0.024 0.072 0.189 0.364 0.601 1.009 1.847 3.483 6.037 9.236 12.078 14.275 15.745 16.501 16.707 16.609 16.179 15.515 14.856 14.268 13.749 13.387 13.262 13.276 13.295 13.373 13.699 14.381
0.000 0.000 0.000 0.000 0.000 0.000 0.000 0.000 0.000 0.000 0.000 0.000 0.000 0.000 0.000 0.000 0.000 0.000 0.000 0.000 0.000 0.000 0.000 0.000 0.000 0.000 0.000 0.000 0.000 0.000 0.000 0.000 0.000 0.000 0.000 0.000 0.000 0.000 0.000 0.000 0.000 0.000 0.000 0.000 0.000 0.001 0.004 0.010 0.026 0.078 0.213 0.439 0.654 0.878 1.249 2.035 3.632 6.194 9.437 12.261 14.397 15.775 16.435 16.584 16.471 16.092 15.581 15.205 15.014 14.942 14.875 14.745 14.663 14.651 14.831 15.485 16.694
0.000 0.000 0.000 0.000 0.000 0.000 0.000 0.000 0.000 0.000 0.000 0.000 0.000 0.000 0.000 0.000 0.000 0.000 0.000 0.000 0.000 0.000 0.000 0.000 0.000 0.000 0.000 0.000 0.000 0.000 0.000 0.000 0.000 0.000 0.000 0.000 0.000 0.000 0.000 0.000 0.000 0.000 0.000 0.000 0.002 0.005 0.014 0.033 0.082 0.209 0.478 0.805 1.029 1.226 1.531 2.129 3.425 5.775 9.043 11.936 14.003 15.309 15.959 16.175 16.221 16.155 16.045 15.989 15.943 15.871 15.711 15.465 15.365 15.440 15.856 16.763 18.146
0.000 0.000 0.000 0.000 0.000 0.000 0.000 0.000 0.000 0.000 0.000 0.000 0.000 0.000 0.000 0.000 0.000 0.000 0.000 0.000 0.000 0.000 0.000 0.000 0.000 0.000 0.000 0.000 0.000 0.000 0.000 0.000 0.000 0.000 0.000 0.000 0.000 0.000 0.000 0.000 0.000 0.000 0.000 0.001 0.005 0.017 0.042 0.092 0.204 0.440 0.850 1.219 1.434 1.599 1.801 2.094 2.845 4.700 7.893 11.037 13.119 14.392 15.109 15.562 15.953 16.243 16.340 16.309 16.204 16.063 15.828 15.570 15.493 15.662 16.268 17.286 18.584
0.000 0.000 0.000 0.000 0.000 0.000 0.000 0.000 0.000 0.000 0.000 0.000 0.000 0.000 0.000 0.000 0.000 0.000 0.000 0.000 0.000 0.000 0.000 0.000 0.000 0.000 0.000 0.000 0.000 0.000 0.000 0.000 0.000 0.000 0.000 0.000 0.000 0.000 0.000 0.000 0.000 0.001 0.001 0.004 0.015 0.043 0.100 0.204 0.402 0.760 1.233 1.560 1.733 1.854 1.984 2.108 2.442 3.747 6.614 10.004 12.238 13.530 14.300 14.950 15.583 16.014 16.117 16.029 15.836 15.593 15.256 14.990 14.938 15.204 15.936 17.017 18.273
0.000 0.000 0.000 0.000 0.000 0.000 0.000 0.000 0.000 0.000 0.000 0.000 0.000 0.000 0.000 0.000 0.000 0.000 0.000 0.000 0.000 0.000 0.000 0.000 0.000 0.000 0.000 0.000 0.000 0.001 0.001 0.002 0.002 0.002 0.002 0.002 0.001 0.001 0.001 0.002 0.002 0.003 0.004 0.010 0.033 0.092 0.197 0.376 0.673 1.125 1.559 1.810 1.932 2.022 2.105 2.153 2.292 3.253 5.745 9.132 11.401 12.695 13.496 14.196 14.793 15.093 15.096 14.903 14.583 14.183 13.713 13.406 13.351 13.652 14.512 15.781 17.187
0.000 0.000 0.000 0.000 0.000 0.000 0.000 0.000 0.000 0.000 0.000 0.000 0.000 0.000 0.000 0.000 0.000 0.000 0.000 0.000 0.000 0.000 0.000 0.000 0.000 0.000 0.000 0.000 0.001 0.003 0.005 0.006 0.007 0.007 0.007 0.006 0.005 0.005 0.005 0.005 0.005 0.006 0.009 0.020 0.063 0.166 0.338 0.611 1.009 1.461 1.794 1.973 2.052 2.113 2.155 2.152 2.209 2.972 5.117 8.255 10.373 11.584 12.357 12.961 13.348 13.452 13.341 13.035 12.563 11.918 11.329 11.038 11.038 11.502 12.564 14.035 15.684
0.000 0.000 0.000 0.000 0.000 0.000 0.000 0.000 0.000 0.000 0.000 0.000 0.000 0.000 0.000 0.000 0.000 0.000 0.000 0.000 0.000 0.000 0.000 0.000 0.000 0.000 0.000 0.002 0.004 0.008 0.012 0.015 0.016 0.016 0.015 0.013 0.011 0.010 0.010 0.010 0.011 0.012 0.016 0.034 0.104 0.267 0.531 0.907 1.328 1.688 1.928 2.048 2.097 2.136 2.143 2.100 2.109 2.738 4.576 7.250 8.977 9.956 10.621 11.109 11.357 11.382 11.214 10.807 10.180 9.458 8.996 8.886 9.127 9.882 11.094 12.584 14.239
0.000 0.000 0.000 0.000 0.000 0.000 0.000 0.000 0.000 0.000 0.000 0.000 0.000 0.000 0.000 0.000 0.000 0.000 0.000 0.000 0.000 0.000 0.000 0.000 0.000 0.000 0.002 0.004 0.009 0.017 0.026 0.031 0.033 0.034 0.032 0.028 0.022 0.019 0.018 0.018 0.019 0.021 0.028 0.050 0.142 0.381 0.776 1.202 1.555 1.815 1.979 2.059 2.093 2.114 2.092 2.014 1.978 2.478 4.005 6.138 7.396 8.029 8.461 8.818 9.023 9.057 8.907 8.525 7.967 7.450 7.196 7.218 7.640 8.540 9.775 11.193 12.751
0.000 0.000 0.000 0.000 0.000 0.000 0.000 0.000 0.000 0.000 0.000 0.000 0.000 0.000 0.000 0.000 0.000 0.000 0.000 0.000 0.000 0.000 0.000 0.000 0.000 0.002 0.004 0.010 0.019 0.035 0.052 0.062 0.066 0.066 0.064 0.055 0.042 0.034 0.031 0.031 0.031 0.034 0.043 0.069 0.168 0.466 0.998 1.441 1.698 1.865 1.976 2.030 2.050 2.040 1.976 1.854 1.765 2.119 3.302 4.997 5.959 6.333 6.484 6.595 6.673 6.691 6.613 6.369 5.999 5.741 5.671 5.823 6.351 7.258 8.417 9.695 11.051
0.000 0.000 0.000 0.000 0.000 0.000 0.000 0.000 0.000 0.000 0.000 0.000 0.000 0.000 0.000 0.000 0.000 0.000 0.000 0.000 0.000 0.000 0.000 0.000 0.001 0.004 0.009 0.020 0.039 0.070 0.102 0.119 0.125 0.126 0.121 0.105 0.077 0.058 0.051 0.049 0.050 0.054 0.065 0.094 0.193 0.511 1.128 1.598 1.783 1.863 1.911 1.921 1.901 1.843 1.730 1.558 1.407 1.594 2.401 3.736 4.535 4.796 4.821 4.793 4.758 4.723 4.648 4.472 4.264 4.178 4.221 4.502 5.093 5.937 6.931 8.002 9.117
0.000 0.000 0.000 0.000 0.000 0.000 0.000 0.000 0.000 0.000 0.000 0.000 0.000 0.000 0.000 0.000 0.000 0.000 0.000 0.000 0.000 0.000 0.000 0.000 0.002 0.007 0.018 0.038 0.074 0.132 0.189 0.220 0.230 0.230 0.221 0.193 0.142 0.102 0.084 0.079 0.079 0.085 0.103 0.142 0.240 0.544 1.156 1.640 1.799 1.805 1.732 1.601 1.496 1.409 1.291 1.112 0.939 1.010 1.480 2.415 3.119 3.412 3.468 3.438 3.373 3.285 3.144 2.937 2.793 2.761 2.821 3.127 3.716 4.468 5.303 6.239 7.288
0.000 0.000 0.000 0.000 0.000 0.000 0.000 0.000 0.000 0.000 0.000 0.000 0.000 0.000 0.000 0.000 0.000 0.000 0.000 0.000 0.000 0.000 0.000 0.000 0.003 0.009 0.025 0.061 0.127 0.233 0.338 0.391 0.409 0.408 0.391 0.339 0.251 0.180 0.145 0.134 0.134 0.144 0.174 0.236 0.354 0.629 1.143 1.564 1.690 1.640 1.420 1.062 0.828 0.724 0.666 0.596 0.523 0.569 0.823 1.363 1.923 2.251 2.388 2.411 2.376 2.271 2.057 1.785 1.633 1.590 1.611 1.767 2.140 2.736 3.520 4.488 5.592
0.000 0.000 0.000 0.000 0.000 0.000 0.000 0.000 0.000 0.000 0.000 0.000 0.000 0.000 0.000 0.000 0.000 0.000 0.000 0.000 0.000 0.000 0.000 0.000 0.003 0.009 0.027 0.070 0.165 0.343 0.555 0.666 0.699 0.696 0.663 0.575 0.429 0.317 0.261 0.243 0.242 0.256 0.305 0.405 0.554 0.763 1.082 1.333 1.399 1.311 1.000 0.601 0.375 0.280 0.252 0.246 0.248 0.288 0.418 0.686 1.052 1.344 1.514 1.575 1.568 1.480 1.259 0.983 0.827 0.769 0.757 0.796 0.954 1.315 1.932 2.804 3.835
0.000 0.000 0.000 0.000 0.000 0.000 0.000 0.000 0.000 0.000 0.000 0.000 0.000 0.000 0.000 0.000 0.000 0.000 0.000 0.000 0.000 0.000 0.000 0.000 0.002 0.007 0.023 0.065 0.170 0.393 0.735 0.975 1.067 1.078 1.041 0.920 0.711 0.553 0.475 0.448 0.445 0.464 0.534 0.639 0.735 0.834 0.948 1.007 0.980 0.848 0.575 0.308 0.159 0.095 0.078 0.082 0.099 0.130 0.196 0.320 0.514 0.712 0.846 0.906 0.911 0.852 0.690 0.490 0.374 0.321 0.300 0.298 0.336 0.483 0.828 1.388 1.958
0.000 0.000 0.000 0.000 0.000 0.000 0.000 0.000 0.000 0.000 0.000 0.000 0.000 0.000 0.000 0.000 0.000 0.000 0.000 0.000 0.000 0.000 0.000 0.000 0.001 0.003 0.012 0.042 0.138 0.374 0.791 1.149 1.308 1.337 1.311 1.211 1.034 0.895 0.820 0.786 0.778 0.785 0.806 0.822 0.821 0.821 0.806 0.745 0.634 0.480 0.295 0.152 0.074 0.039 0.029 0.030 0.039 0.056 0.087 0.141 0.229 0.335 0.410 0.443 0.445 0.412 0.328 0.227 0.167 0.135 0.121 0.116 0.119 0.153 0.271 0.500 0.675
0.000 0.000 0.000 0.000 0.000 0.000 0.000 0.000 0.000 0.000 0.000 0.000 0.000 0.000 0.000 0.000 0.000 0.000 0.000 0.000 0.000 0.000 0.000 0.001 0.001 0.003 0.010 0.029 0.083 0.254 0.665 1.148 1.388 1.443 1.423 1.350 1.233 1.142 1.098 1.078 1.059 1.022 0.962 0.894 0.835 0.775 0.687 0.556 0.411 0.274 0.158 0.080 0.038 0.020 0.014 0.014 0.018 0.027 0.040 0.063 0.098 0.145 0.178 0.190 0.188 0.173 0.141 0.104 0.079 0.064 0.056 0.053 0.053 0.059 0.086 0.141 0.167
0.000 0.000 0.000 0.000 0.000 0.000 0.000 0.000 0.000 0.000 0.000 0.000 0.000 0.000 0.000 0.000 0.000 0.000 0.000 0.000 0.000 0.000 0.001 0.001 0.003 0.006 0.017 0.040 0.090 0.175 0.382 0.821 1.247 1.417 1.424 1.373 1.296 1.231 1.203 1.194 1.171 1.110 1.008 0.897 0.802 0.700 0.562 0.398 0.265 0.164 0.091 0.045 0.021 0.011 0.008 0.008 0.010 0.015 0.021 0.031 0.046 0.063 0.075 0.079 0.078 0.073 0.063 0.051 0.042 0.035 0.031 0.029 0.029 0.030 0.036 0.047 0.050
0.000 0.000 0.000 0.000 0.000 0.000 0.000 0.000 0.000 0.000 0.000 0.000 0.000 0.000 0.000 0.000 0.000 0.000 0.000 0.000 0.000 0.000 0.001 0.002 0.006 0.017 0.040 0.088 0.157 0.210 0.258 0.383 0.707 1.052 1.222 1.257 1.238 1.203 1.184 1.182 1.163 1.100 0.988 0.848 0.710 0.569 0.408 0.262 0.164 0.096 0.052 0.026 0.012 0.007 0.005 0.005 0.006 0.009 0.013 0.018 0.025 0.031 0.035 0.037 0.037 0.035 0.032 0.028 0.024 0.021 0.019 0.018 0.018 0.019 0.020 0.023 0.023
0.000 0.000 0.000 0.000 0.000 0.000 0.000 0.000 0.000 0.000 0.000 0.000 0.000 0.000 0.000 0.000 0.000 0.000 0.000 0.000 0.000 0.001 0.002 0.006 0.016 0.040 0.091 0.161 0.218 0.244 0.249 0.239 0.259 0.403 0.617 0.800 0.906 0.959 0.988 1.005 0.997 0.947 0.842 0.691 0.526 0.374 0.245 0.154 0.093 0.053 0.028 0.014 0.007 0.004 0.003 0.003 0.004 0.006 0.008 0.011 0.015 0.018 0.020 0.020 0.020 0.020 0.019 0.017 0.015 0.014 0.013 0.012 0.012 0.012 0.013 0.013 0.014
0.000 0.000 0.000 0.000 0.000 0.000 0.000 0.000 0.000 0.000 0.000 0.000 0.000 0.000 0.000 0.000 0.000 0.000 0.000 0.000 0.001 0.002 0.006 0.015 0.038 0.090 0.166 0.218 0.240 0.246 0.234 0.190 0.117 0.090 0.144 0.260 0.373 0.473 0.553 0.594 0.599 0.576 0.509 0.401 0.286 0.197 0.128 0.079 0.047 0.027 0.014 0.007 0.003 0.002 0.002 0.002 0.002 0.003 0.005 0.007 0.009 0.011 0.012 0.012 0.012 0.012 0.011 0.010 0.009 0.008 0.008 0.008 0.008 0.008 0.008 0.008 0.008
0.000 0.000 0.000 0.000 0.000 0.000 0.000 0.000 0.000 0.000 0.000 0.000 0.000 0.000 0.000 0.000 0.000 0.000 0.000 0.001 0.001 0.005 0.014 0.035 0.086 0.164 0.223 0.241 0.243 0.227 0.175 0.107 0.052 0.026 0.021 0.045 0.094 0.153 0.205 0.232 0.237 0.231 0.209 0.170 0.126 0.089 0.058 0.036 0.021 0.012 0.006 0.003 0.001 0.001 0.001 0.001 0.001 0.002 0.003 0.004 0.005 0.006 0.007 0.007 0.007 0.007 0.006 0.006 0.005 0.005 0.005 0.004 0.004 0.004 0.004 0.005 0.005
0.000 0.000 0.000 0.000 0.000 0.000 0.000 0.000 0.000 0.000 0.000 0.000 0.000 0.000 0.000 0.000 0.000 0.000 0.000 0.001 0.003 0.010 0.029 0.075 0.154 0.219 0.243 0.244 0.225 0.165 0.090 0.041 0.019 0.008 0.004 0.005 0.014 0.033 0.057 0.070 0.074 0.074 0.070 0.060 0.046 0.034 0.022 0.014 0.008 0.005 0.002 0.001 0.000 0.000 0.000 0.000 0.000 0.001 0.001 0.002 0.003 0.003 0.003 0.003 0.003 0.003 0.003 0.003 0.003 0.002 0.002 0.002 0.002 0.002 0.002 0.002 0.002
0.000 0.000 0.000 0.000 0.000 0.000 0.000 0.000 0.000 0.000 0.000 0.000 0.000 0.000 0.000 0.000 0.000 0.000 0.001 0.001 0.005 0.019 0.055 0.128 0.203 0.237 0.244 0.227 0.163 0.082 0.034 0.014 0.007 0.003 0.002 0.001 0.001 0.005 0.012 0.017 0.020 0.020 0.019 0.018 0.014 0.011 0.007 0.005 0.003 0.001 0.001 0.000 0.000 0.000 0.000 0.000 0.000 0.000 0.000 0.001 0.001 0.001 0.001 0.001 0.001 0.001 0.001 0.001 0.001 0.001 0.001 0.001 0.001 0.001 0.001 0.001 0.001
0.000 0.000 0.000 0.000 0.000 0.000 0.000 0.000 0.000 0.000 0.000 0.000 0.000 0.000 0.000 0.000 0.000 0.000 0.001 0.003 0.010 0.032 0.088 0.170 0.219 0.233 0.221 0.159 0.077 0.030 0.012 0.005 0.003 0.001 0.001 0.001 0.001 0.001 0.002 0.003 0.004 0.005 0.005 0.004 0.004 0.003 0.002 0.001 0.001 0.000 0.000 0.000 0.000 0.000 0.000 0.000 0.000 0.000 0.000 0.000 0.000 0.000 0.000 0.000 0.000 0.000 0.000 0.000 0.000 0.000 0.000 0.000 0.000 0.000 0.000 0.000 0.000
0.000 0.000 0.000 0.000 0.000 0.000 0.000 0.000 0.000 0.000 0.000 0.000 0.000 0.000 0.000 0.000 0.000 0.000 0.001 0.004 0.016 0.050 0.121 0.188 0.212 0.208 0.155 0.075 0.028 0.011 0.005 0.003 0.002 0.002 0.001 0.001 0.000 0.000 0.000 0.001 0.001 0.001 0.001 0.001 0.001 0.001 0.001 0.000 0.000 0.000 0.000 0.000 0.000 0.000 0.000 0.000 0.000 0.000 0.000 0.000 0.000 0.000 0.000 0.000 0.000 0.000 0.000 0.000 0.000 0.000 0.000 0.000 0.000 0.000 0.000 0.000 0.000
0.000 0.000 0.000 0.000 0.000 0.000 0.000 0.000 0.000 0.000 0.000 0.000 0.000 0.000 0.000 0.000 0.000 0.001 0.002 0.007 0.026 0.074 0.146 0.185 0.189 0.159 0.086 0.032 0.013 0.006 0.003 0.002 0.002 0.001 0.001 0.001 0.000 0.000 0.000 0.000 0.000 0.000 0.000 0.000 0.000 0.000 0.000 0.000 0.000 0.000 0.000 0.000 0.000 0.000 0.000 0.000 0.000 0.000 0.000 0.000 0.000 0.000 0.000 0.000 0.000 0.000 0.000 0.000 0.000 0.000 0.000 0.000 0.000 0.000 0.000 0.000 0.000
0.000 0.000 0.000 0.000 0.000 0.000 0.000 0.000 0.000 0.000 0.000 0.000 0.000 0.000 0.000 0.000 0.000 0.001 0.003 0.012 0.038 0.099 0.156 0.171 0.159 0.109 0.044 0.016 0.007 0.004 0.003 0.002 0.002 0.001 0.001 0.000 0.000 0.000 0.000 0.000 0.000 0.000 0.000 0.000 0.000 0.000 0.000 0.000 0.000 0.000 0.000 0.000 0.000 0.000 0.000 0.000 0.000 0.000 0.000 0.000 0.000 0.000 0.000 0.000 0.000 0.000 0.000 0.000 0.000 0.000 0.000 0.000 0.000 0.000 0.000 0.000 0.000
0.000 0.000 0.000 0.000 0.000 0.000 0.000 0.000 0.000 0.000 0.000 0.000 0.000 0.000 0.000 0.000 0.001 0.001 0.005 0.018 0.054 0.119 0.154 0.156 0.130 0.066 0.023 0.009 0.005 0.003 0.002 0.002 0.002 0.001 0.001 0.000 0.000 0.000 0.000 0.000 0.000 0.000 0.000 0.000 0.000 0.000 0.000 0.000 0.000 0.000 0.000 0.000 0.000 0.000 0.000 0.000 0.000 0.000 0.000 0.000 0.000 0.000 0.000 0.000 0.000 0.000 0.000 0.000 0.000 0.000 0.000 0.000 0.000 0.000 0.000 0.000 0.000
0.000 0.000 0.000 0.000 0.000 0.000 0.000 0.000 0.000 0.000 0.000 0.000 0.000 0.000 0.000 0.000 0.001 0.002 0.008 0.027 0.073 0.129 0.146 0.139 0.095 0.036 0.013 0.007 0.004 0.003 0.002 0.001 0.001 0.001 0.000 0.000 0.000 0.000 0.000 0.000 0.000 0.000 0.000 0.000 0.000 0.000 0.000 0.000 0.000 0.000 0.000 0.000 0.000 0.000 0.000 0.000 0.000 0.000 0.000 0.000 0.000 0.000 0.000 0.000 0.000 0.000 0.000 0.000 0.000 0.000 0.000 0.000 0.000 0.000 0.000 0.000 0.000
0.000 0.000 0.000 0.000 0.000 0.000 0.000 0.000 0.000 0.000 0.000 0.000 0.000 0.000 0.000 0.000 0.001 0.003 0.012 0.038 0.092 0.130 0.134 0.114 0.058 0.020 0.009 0.005 0.004 0.003 0.002 0.002 0.001 0.001 0.000 0.000 0.000 0.000 0.000 0.000 0.000 0.000 0.000 0.000 0.000 0.000 0.000 0.000 0.000 0.000 0.000 0.000 0.000 0.000 0.000 0.000 0.000 0.000 0.000 0.000 0.000 0.000 0.000 0.000 0.000 0.000 0.000 0.000 0.000 0.000 0.000 0.000 0.000 0.000 0.000 0.000 0.000
0.000 0.000 0.000 0.000 0.000 0.000 0.000 0.000 0.000 0.000 0.000 0.000 0.000 0.000 0.000 0.001 0.001 0.005 0.018 0.054 0.106 0.126 0.122 0.087 0.034 0.013 0.007 0.004 0.003 0.002 0.002 0.002 0.001 0.001 0.000 0.000 0.000 0.000 0.000 0.000 0.000 0.000 0.000 0.000 0.000 0.000 0.000 0.000 0.000 0.000 0.000 0.000 0.000 0.000 0.000 0.000 0.000 0.000 0.000 0.000 0.000 0.000 0.000 0.000 0.000 0.000 0.000 0.000 0.000 0.000 0.000 0.000 0.000 0.000 0.000 0.000 0.000
