RESULTS/r.avaflow_results/31_results/31_ascii/31_hflow_max0052.asc
ncols 506
nrows 317
xllcenter 498237.50
yllcenter 5580050.00
cellsize 12.50
NODATA_value -9999.000
[rows 170 to 203 of 317, columns 77 to 153 of 506]
0.000 0.000 0.000 0.000 0.000 0.000 0.000 0.000 0.000 0.000 0.000 0.000 0.000 0.000 0.000 0.000 0.000 0.000 0.000 0.000 0.000 0.000 0.000 0.000 0.000 0.000 0.000 0.000 0.000 0.000 0.000 0.000 0.000 0.000 0.000 0.000 0.000 0.000 0.000 0.000 0.000 0.000 0.000 0.000 0.001 0.002 0.003 0.006 0.011 0.020 0.042 0.113 0.324 0.796 1.501 2.457 4.175 7.373 10.096 12.534 14.516 15.943 16.802 17.092 16.978 16.480 15.970 15.442 14.989 14.239 13.070 11.818 11.033 10.883 10.837 10.829 10.893
0.000 0.000 0.000 0.000 0.000 0.000 0.000 0.000 0.000 0.000 0.000 0.000 0.000 0.000 0.000 0.000 0.000 0.000 0.000 0.000 0.000 0.000 0.000 0.000 0.000 0.000 0.000 0.000 0.000 0.000 0.000 0.000 0.000 0.000 0.000 0.000 0.000 0.000 0.000 0.000 0.000 0.000 0.000 0.001 0.003 0.005 0.008 0.014 0.028 0.062 0.147 0.358 0.782 1.417 2.218 4.248 6.511 9.130 11.743 14.069 15.820 16.703 17.291 17.401 17.250 16.837 16.121 15.375 14.630 13.912 13.114 13.164 13.260 13.323 13.479 13.815 14.293
0.000 0.000 0.000 0.000 0.000 0.000 0.000 0.000 0.000 0.000 0.000 0.000 0.000 0.000 0.000 0.000 0.000 0.000 0.000 0.000 0.000 0.001 0.001 0.001 0.001 0.001 0.001 0.001 0.001 0.001 0.001 0.001 0.001 0.001 0.000 0.000 0.000 0.000 0.000 0.000 0.000 0.001 0.002 0.004 0.007 0.013 0.022 0.046 0.100 0.221 0.453 0.844 1.323 1.847 2.525 4.790 7.156 9.784 12.305 14.498 16.098 16.918 17.288 17.373 17.226 16.692 15.904 15.239 14.918 14.849 14.760 14.734 14.634 14.722 15.096 15.974 17.229
0.000 0.000 0.000 0.000 0.000 0.000 0.000 0.000 0.000 0.000 0.000 0.000 0.000 0.000 0.000 0.000 0.000 0.000 0.001 0.001 0.003 0.004 0.004 0.005 0.005 0.005 0.005 0.005 0.005 0.005 0.005 0.004 0.004 0.003 0.002 0.002 0.001 0.001 0.000 0.000 0.001 0.002 0.006 0.011 0.019 0.035 0.077 0.159 0.312 0.586 0.957 1.341 1.747 2.167 2.680 4.517 6.914 9.623 12.122 14.217 15.826 16.702 17.029 17.077 16.875 16.434 16.027 16.026 16.054 16.018 15.806 15.532 15.492 15.684 16.364 17.766 19.414
0.000 0.000 0.000 0.000 0.000 0.000 0.000 0.000 0.000 0.000 0.000 0.000 0.000 0.000 0.000 0.000 0.000 0.001 0.002 0.004 0.007 0.009 0.010 0.011 0.012 0.012 0.012 0.012 0.012 0.012 0.011 0.011 0.009 0.008 0.005 0.004 0.003 0.002 0.002 0.002 0.002 0.006 0.014 0.025 0.047 0.117 0.238 0.425 0.700 1.024 1.330 1.920 2.385 2.726 3.077 3.744 5.816 8.730 11.445 13.706 15.208 16.061 16.581 16.678 16.626 16.697 16.725 16.709 16.660 16.505 16.229 15.906 16.061 16.752 17.665 18.847 20.162
0.000 0.000 0.000 0.000 0.000 0.000 0.000 0.000 0.000 0.000 0.000 0.000 0.000 0.000 0.000 0.000 0.000 0.002 0.004 0.008 0.012 0.016 0.019 0.020 0.021 0.022 0.022 0.022 0.022 0.022 0.021 0.020 0.018 0.014 0.010 0.007 0.005 0.004 0.004 0.004 0.006 0.014 0.029 0.056 0.148 0.326 0.560 0.821 1.080 1.305 1.794 2.396 2.814 3.129 3.353 3.603 4.571 7.457 10.465 12.854 14.340 15.221 15.767 16.079 16.437 16.680 16.917 16.774 16.737 16.604 16.324 16.103 16.115 16.824 17.640 18.653 19.827
0.000 0.000 0.000 0.000 0.000 0.000 0.000 0.000 0.000 0.000 0.000 0.000 0.000 0.000 0.000 0.000 0.001 0.003 0.008 0.014 0.021 0.027 0.031 0.033 0.035 0.035 0.036 0.036 0.036 0.035 0.034 0.032 0.029 0.023 0.016 0.011 0.008 0.007 0.006 0.006 0.011 0.026 0.057 0.150 0.384 0.688 0.942 1.132 1.298 1.606 2.182 2.677 3.050 3.353 3.538 3.678 4.079 6.734 9.724 12.033 13.544 14.378 14.969 15.477 15.998 16.343 16.523 16.480 16.333 16.084 15.684 15.343 15.311 15.666 16.581 17.658 19.020
0.000 0.000 0.000 0.000 0.000 0.000 0.000 0.000 0.000 0.000 0.000 0.000 0.000 0.000 0.000 0.000 0.001 0.004 0.010 0.020 0.031 0.040 0.046 0.050 0.052 0.053 0.053 0.054 0.053 0.053 0.051 0.048 0.043 0.035 0.025 0.017 0.013 0.011 0.010 0.011 0.018 0.045 0.111 0.351 0.748 1.052 1.212 1.322 1.527 2.056 2.489 2.843 3.151 3.438 3.660 3.759 3.923 6.211 9.134 11.267 12.646 13.555 14.175 14.730 15.211 15.423 15.455 15.292 15.001 14.593 14.063 13.818 13.784 14.118 15.015 16.299 17.811
0.000 0.000 0.000 0.000 0.000 0.000 0.000 0.000 0.000 0.000 0.000 0.000 0.000 0.000 0.000 0.000 0.001 0.004 0.011 0.023 0.040 0.056 0.065 0.071 0.074 0.075 0.076 0.076 0.075 0.074 0.072 0.068 0.061 0.051 0.036 0.025 0.019 0.017 0.016 0.018 0.028 0.072 0.209 0.608 1.069 1.297 1.386 1.509 2.007 2.382 2.664 2.906 3.162 3.422 3.674 3.749 3.801 5.767 8.290 10.168 11.478 12.444 13.034 13.494 13.766 13.781 13.636 13.370 12.929 12.295 11.810 11.528 11.501 12.018 13.110 14.693 16.410
0.000 0.000 0.000 0.000 0.000 0.000 0.000 0.000 0.000 0.000 0.000 0.000 0.000 0.000 0.000 0.000 0.001 0.004 0.011 0.023 0.044 0.071 0.088 0.096 0.101 0.103 0.103 0.103 0.103 0.101 0.099 0.094 0.085 0.071 0.054 0.040 0.030 0.025 0.024 0.026 0.042 0.109 0.280 0.781 1.281 1.462 1.512 1.912 2.262 2.518 2.706 2.894 3.136 3.384 3.609 3.661 3.641 5.276 7.374 8.896 10.099 10.802 11.285 11.631 11.769 11.709 11.471 11.096 10.514 9.803 9.352 9.282 9.581 10.397 11.708 13.266 14.956
0.000 0.000 0.000 0.000 0.000 0.000 0.000 0.000 0.000 0.000 0.000 0.000 0.000 0.000 0.000 0.000 0.001 0.003 0.009 0.020 0.042 0.077 0.110 0.126 0.132 0.135 0.136 0.136 0.136 0.135 0.131 0.125 0.114 0.097 0.083 0.064 0.045 0.037 0.035 0.044 0.066 0.155 0.403 0.875 1.409 1.578 1.832 2.113 2.340 2.519 2.672 2.840 3.067 3.309 3.484 3.495 3.403 4.448 6.474 7.711 8.552 8.867 9.104 9.318 9.420 9.375 9.158 8.801 8.296 7.780 7.518 7.584 8.090 9.063 10.348 11.772 13.334
0.000 0.000 0.000 0.000 0.000 0.000 0.000 0.000 0.000 0.000 0.000 0.000 0.000 0.000 0.000 0.000 0.000 0.001 0.004 0.012 0.031 0.069 0.121 0.154 0.168 0.174 0.176 0.177 0.177 0.175 0.171 0.163 0.150 0.142 0.129 0.104 0.071 0.061 0.071 0.097 0.146 0.234 0.502 0.951 1.451 1.839 2.038 2.175 2.314 2.451 2.596 2.723 2.915 3.126 3.255 3.197 3.025 3.697 5.402 6.576 7.161 7.221 7.138 7.080 7.054 6.999 6.902 6.701 6.374 6.114 6.042 6.200 6.808 7.778 8.976 10.273 11.626
0.000 0.000 0.000 0.000 0.000 0.000 0.000 0.000 0.000 0.000 0.000 0.000 0.000 0.000 0.000 0.000 0.000 0.000 0.001 0.004 0.015 0.050 0.113 0.171 0.203 0.218 0.223 0.225 0.225 0.224 0.220 0.217 0.218 0.216 0.202 0.170 0.118 0.122 0.151 0.211 0.308 0.485 0.823 1.308 1.761 1.990 2.092 2.162 2.242 2.340 2.408 2.442 2.585 2.726 2.801 2.725 2.580 2.904 4.068 5.292 5.778 5.752 5.564 5.337 5.174 5.073 5.000 4.882 4.714 4.630 4.683 4.981 5.589 6.471 7.489 8.569 9.674
0.000 0.000 0.000 0.000 0.000 0.000 0.000 0.000 0.000 0.000 0.000 0.000 0.000 0.000 0.000 0.000 0.000 0.000 0.000 0.001 0.005 0.028 0.090 0.173 0.228 0.261 0.276 0.281 0.283 0.282 0.309 0.330 0.335 0.333 0.315 0.273 0.228 0.256 0.324 0.441 0.625 0.961 1.391 1.707 1.881 1.987 2.060 2.119 2.148 2.137 2.056 2.009 2.035 2.092 2.140 2.146 2.342 2.562 2.885 3.813 4.324 4.394 4.263 4.046 3.839 3.676 3.539 3.401 3.307 3.282 3.380 3.730 4.391 5.053 5.866 6.766 7.807
0.000 0.000 0.000 0.000 0.000 0.000 0.000 0.000 0.000 0.000 0.000 0.000 0.000 0.000 0.000 0.000 0.000 0.000 0.000 0.000 0.002 0.013 0.060 0.153 0.236 0.294 0.332 0.348 0.356 0.395 0.487 0.533 0.542 0.535 0.501 0.429 0.465 0.543 0.685 0.892 1.165 1.507 1.762 1.862 1.892 1.929 1.995 2.015 1.951 1.853 1.660 1.535 1.515 1.569 1.679 1.851 2.052 2.246 2.458 2.660 3.045 3.225 3.202 3.083 2.914 2.710 2.483 2.272 2.160 2.127 2.168 2.370 2.791 3.404 4.165 5.123 6.187
0.000 0.000 0.000 0.000 0.000 0.000 0.000 0.000 0.000 0.000 0.000 0.000 0.000 0.000 0.000 0.000 0.000 0.000 0.000 0.000 0.001 0.005 0.031 0.109 0.218 0.310 0.384 0.430 0.453 0.557 0.782 0.893 0.905 0.881 0.805 0.835 0.934 1.101 1.315 1.508 1.671 1.828 1.899 1.893 1.887 1.877 1.844 1.761 1.739 1.579 1.279 1.104 1.018 1.056 1.201 1.457 1.701 1.919 2.094 2.203 2.249 2.279 2.332 2.274 2.158 1.970 1.755 1.519 1.299 1.232 1.210 1.256 1.447 1.854 2.499 3.580 4.548
0.000 0.000 0.000 0.000 0.000 0.000 0.000 0.000 0.000 0.000 0.000 0.000 0.000 0.000 0.000 0.000 0.000 0.000 0.000 0.000 0.000 0.002 0.013 0.062 0.169 0.297 0.414 0.515 0.582 0.689 0.978 1.294 1.380 1.344 1.274 1.349 1.502 1.671 1.808 1.901 1.949 1.965 1.934 1.909 1.860 1.763 1.611 1.509 1.448 1.213 0.936 0.698 0.557 0.546 0.673 0.980 1.313 1.575 1.742 1.820 1.838 1.817 1.762 1.685 1.598 1.488 1.330 1.114 0.890 0.712 0.577 0.556 0.605 0.807 1.242 2.262 2.878
0.000 0.000 0.000 0.000 0.000 0.000 0.000 0.000 0.000 0.000 0.000 0.000 0.000 0.000 0.000 0.000 0.000 0.000 0.000 0.000 0.000 0.001 0.004 0.028 0.107 0.248 0.406 0.569 0.715 0.828 1.053 1.410 1.648 1.700 1.657 1.634 1.787 1.913 2.017 2.066 2.067 2.017 1.970 1.889 1.759 1.575 1.368 1.197 1.072 0.927 0.779 0.568 0.343 0.258 0.293 0.494 0.849 1.170 1.372 1.460 1.475 1.449 1.399 1.325 1.229 1.110 0.964 0.791 0.604 0.436 0.307 0.229 0.222 0.280 0.445 0.766 0.923
0.000 0.000 0.000 0.000 0.000 0.000 0.000 0.000 0.000 0.000 0.000 0.000 0.000 0.000 0.000 0.000 0.000 0.000 0.000 0.000 0.001 0.004 0.009 0.019 0.051 0.166 0.353 0.574 0.800 0.976 1.102 1.293 1.643 1.801 1.824 1.810 1.859 1.992 2.091 2.117 2.100 2.063 1.964 1.811 1.600 1.376 1.193 1.054 0.935 0.817 0.678 0.468 0.264 0.151 0.137 0.201 0.404 0.696 0.942 1.071 1.111 1.101 1.063 0.996 0.891 0.767 0.642 0.515 0.383 0.253 0.159 0.106 0.088 0.097 0.140 0.205 0.224
0.000 0.000 0.000 0.000 0.000 0.000 0.000 0.000 0.000 0.000 0.000 0.000 0.000 0.000 0.000 0.000 0.000 0.000 0.000 0.001 0.004 0.011 0.023 0.046 0.087 0.162 0.287 0.493 0.804 1.061 1.193 1.266 1.417 1.691 1.813 1.831 1.930 2.022 2.091 2.115 2.112 2.056 1.910 1.670 1.437 1.250 1.084 0.953 0.844 0.735 0.581 0.362 0.191 0.123 0.099 0.102 0.157 0.296 0.480 0.615 0.681 0.700 0.689 0.645 0.562 0.456 0.363 0.282 0.205 0.129 0.077 0.051 0.041 0.042 0.051 0.061 0.062
0.000 0.000 0.000 0.000 0.000 0.000 0.000 0.000 0.000 0.000 0.000 0.000 0.000 0.000 0.000 0.000 0.000 0.000 0.001 0.004 0.012 0.028 0.057 0.106 0.188 0.324 0.526 0.769 0.990 1.133 1.240 1.290 1.389 1.483 1.690 1.865 1.970 2.028 2.057 2.088 2.079 2.007 1.818 1.526 1.307 1.149 1.014 0.897 0.788 0.656 0.468 0.264 0.181 0.127 0.094 0.079 0.081 0.112 0.180 0.242 0.278 0.291 0.292 0.278 0.244 0.191 0.147 0.114 0.084 0.056 0.037 0.027 0.023 0.022 0.025 0.026 0.027
0.000 0.000 0.000 0.000 0.000 0.000 0.000 0.000 0.000 0.000 0.000 0.000 0.000 0.000 0.000 0.000 0.000 0.001 0.004 0.012 0.031 0.070 0.136 0.238 0.395 0.634 0.899 1.105 1.222 1.266 1.272 1.283 1.324 1.522 1.782 1.913 1.983 2.023 2.039 2.043 2.015 1.910 1.678 1.387 1.198 1.058 0.946 0.846 0.728 0.566 0.352 0.231 0.194 0.143 0.102 0.076 0.063 0.060 0.069 0.082 0.090 0.092 0.091 0.086 0.077 0.063 0.051 0.042 0.033 0.025 0.019 0.016 0.014 0.014 0.015 0.015 0.015
0.000 0.000 0.000 0.000 0.000 0.000 0.000 0.000 0.000 0.000 0.000 0.000 0.000 0.000 0.000 0.000 0.001 0.003 0.010 0.031 0.078 0.168 0.313 0.517 0.794 1.093 1.287 1.364 1.374 1.328 1.290 1.266 1.252 1.625 1.849 1.952 1.993 2.004 2.019 2.007 1.942 1.779 1.504 1.263 1.105 0.985 0.886 0.785 0.650 0.459 0.253 0.235 0.201 0.154 0.111 0.079 0.057 0.044 0.038 0.035 0.033 0.033 0.032 0.031 0.028 0.025 0.021 0.019 0.016 0.014 0.012 0.010 0.010 0.009 0.010 0.010 0.010
0.000 0.000 0.000 0.000 0.000 0.000 0.000 0.000 0.000 0.000 0.000 0.000 0.000 0.000 0.000 0.000 0.001 0.007 0.024 0.071 0.179 0.382 0.688 1.019 1.308 1.486 1.548 1.529 1.447 1.382 1.285 1.171 1.338 1.712 1.895 1.965 1.988 1.997 1.987 1.942 1.836 1.634 1.360 1.163 1.022 0.922 0.835 0.724 0.565 0.346 0.256 0.237 0.203 0.156 0.111 0.078 0.053 0.035 0.025 0.019 0.017 0.016 0.015 0.015 0.014 0.013 0.012 0.010 0.009 0.008 0.007 0.007 0.006 0.006 0.006 0.006 0.006
0.000 0.000 0.000 0.000 0.000 0.000 0.000 0.000 0.000 0.000 0.000 0.000 0.000 0.000 0.000 0.001 0.004 0.014 0.047 0.137 0.345 0.729 1.185 1.495 1.659 1.713 1.691 1.612 1.518 1.376 1.181 1.073 1.472 1.786 1.930 1.972 1.978 1.982 1.956 1.875 1.718 1.496 1.255 1.073 0.955 0.869 0.781 0.653 0.460 0.251 0.247 0.229 0.196 0.148 0.101 0.067 0.042 0.024 0.014 0.010 0.009 0.008 0.008 0.008 0.008 0.007 0.007 0.006 0.005 0.005 0.004 0.004 0.004 0.003 0.003 0.003 0.003
0.000 0.000 0.000 0.000 0.000 0.000 0.000 0.000 0.000 0.000 0.000 0.000 0.000 0.000 0.000 0.002 0.008 0.027 0.086 0.240 0.576 1.123 1.557 1.765 1.825 1.807 1.755 1.663 1.501 1.256 0.961 1.175 1.609 1.854 1.946 1.965 1.970 1.958 1.907 1.787 1.611 1.397 1.176 1.000 0.903 0.825 0.721 0.564 0.350 0.206 0.201 0.186 0.158 0.114 0.071 0.041 0.022 0.011 0.006 0.004 0.004 0.004 0.004 0.004 0.004 0.004 0.004 0.003 0.003 0.003 0.002 0.002 0.002 0.002 0.002 0.002 0.002
0.000 0.000 0.000 0.000 0.000 0.000 0.000 0.000 0.000 0.000 0.000 0.000 0.000 0.000 0.001 0.004 0.014 0.049 0.146 0.379 0.853 1.433 1.755 1.870 1.873 1.846 1.770 1.609 1.330 0.978 1.002 1.303 1.711 1.917 1.970 1.967 1.956 1.915 1.828 1.688 1.507 1.298 1.093 0.963 0.879 0.792 0.664 0.471 0.265 0.141 0.133 0.117 0.089 0.057 0.030 0.015 0.007 0.003 0.002 0.002 0.002 0.002 0.002 0.002 0.002 0.002 0.002 0.002 0.001 0.001 0.001 0.001 0.001 0.001 0.001 0.001 0.001
0.000 0.000 0.000 0.000 0.000 0.000 0.000 0.000 0.000 0.000 0.000 0.000 0.000 0.000 0.001 0.007 0.026 0.082 0.225 0.545 1.122 1.617 1.826 1.879 1.885 1.840 1.686 1.383 1.021 0.925 1.075 1.454 1.781 1.941 1.980 1.978 1.947 1.870 1.746 1.589 1.408 1.198 1.030 0.945 0.870 0.762 0.599 0.383 0.201 0.088 0.054 0.045 0.032 0.018 0.009 0.004 0.002 0.001 0.001 0.001 0.001 0.001 0.001 0.001 0.001 0.001 0.001 0.001 0.000 0.000 0.000 0.000 0.000 0.000 0.000 0.000 0.000
0.000 0.000 0.000 0.000 0.000 0.000 0.000 0.000 0.000 0.000 0.000 0.000 0.000 0.000 0.003 0.012 0.042 0.124 0.319 0.720 1.322 1.708 1.832 1.859 1.860 1.768 1.505 1.113 0.923 0.910 1.165 1.569 1.829 1.937 1.968 1.971 1.922 1.815 1.662 1.488 1.301 1.102 0.998 0.933 0.856 0.731 0.534 0.310 0.150 0.060 0.020 0.011 0.007 0.004 0.002 0.001 0.001 0.000 0.000 0.000 0.000 0.000 0.000 0.000 0.000 0.000 0.000 0.000 0.000 0.000 0.000 0.000 0.000 0.000 0.000 0.000 0.000
0.000 0.000 0.000 0.000 0.000 0.000 0.000 0.000 0.000 0.000 0.000 0.000 0.000 0.001 0.004 0.018 0.061 0.176 0.431 0.894 1.451 1.738 1.817 1.834 1.804 1.636 1.265 0.952 0.865 0.926 1.250 1.634 1.856 1.923 1.946 1.944 1.885 1.756 1.587 1.396 1.170 1.038 0.981 0.931 0.840 0.686 0.465 0.252 0.114 0.042 0.013 0.003 0.002 0.001 0.001 0.000 0.000 0.000 0.000 0.000 0.000 0.000 0.000 0.000 0.000 0.000 0.000 0.000 0.000 0.000 0.000 0.000 0.000 0.000 0.000 0.000 0.000
0.000 0.000 0.000 0.000 0.000 0.000 0.000 0.000 0.000 0.000 0.000 0.000 0.000 0.001 0.006 0.024 0.084 0.234 0.550 1.069 1.524 1.724 1.783 1.799 1.718 1.450 1.058 0.860 0.823 0.952 1.338 1.692 1.881 1.934 1.930 1.905 1.821 1.687 1.511 1.289 1.080 1.005 0.974 0.924 0.817 0.638 0.397 0.201 0.084 0.028 0.008 0.002 0.000 0.000 0.000 0.000 0.000 0.000 0.000 0.000 0.000 0.000 0.000 0.000 0.000 0.000 0.000 0.000 0.000 0.000 0.000 0.000 0.000 0.000 0.000 0.000 0.000
0.000 0.000 0.000 0.000 0.000 0.000 0.000 0.000 0.000 0.000 0.000 0.000 0.000 0.001 0.008 0.032 0.107 0.296 0.681 1.214 1.564 1.692 1.739 1.733 1.583 1.221 0.919 0.802 0.787 0.981 1.394 1.744 1.900 1.933 1.929 1.868 1.751 1.598 1.404 1.153 1.019 0.987 0.965 0.910 0.784 0.579 0.333 0.156 0.059 0.018 0.004 0.001 0.000 0.000 0.000 0.000 0.000 0.000 0.000 0.000 0.000 0.000 0.000 0.000 0.000 0.000 0.000 0.000 0.000 0.000 0.000 0.000 0.000 0.000 0.000 0.000 0.000
0.000 0.000 0.000 0.000 0.000 0.000 0.000 0.000 0.000 0.000 0.000 0.000 0.000 0.002 0.009 0.038 0.129 0.363 0.821 1.319 1.573 1.644 1.679 1.628 1.392 1.018 0.814 0.753 0.763 1.018 1.439 1.773 1.919 1.942 1.927 1.848 1.704 1.505 1.265 1.045 0.977 0.971 0.953 0.885 0.744 0.517 0.274 0.119 0.041 0.011 0.002 0.000 0.000 0.000 0.000 0.000 0.000 0.000 0.000 0.000 0.000 0.000 0.000 0.000 0.000 0.000 0.000 0.000 0.000 0.000 0.000 0.000 0.000 0.000 0.000 0.000 0.000
0.000 0.000 0.000 0.000 0.000 0.000 0.000 0.000 0.000 0.000 0.000 0.000 0.000 0.002 0.010 0.045 0.151 0.428 0.962 1.411 1.585 1.610 1.616 1.504 1.183 0.871 0.734 0.700 0.746 1.055 1.508 1.813 1.929 1.941 1.926 1.829 1.648 1.413 1.157 0.999 0.970 0.966 0.942 0.856 0.690 0.448 0.218 0.086 0.026 0.006 0.001 0.000 0.000 0.000 0.000 0.000 0.000 0.000 0.000 0.000 0.000 0.000 0.000 0.000 0.000 0.000 0.000 0.000 0.000 0.000 0.000 0.000 0.000 0.000 0.000 0.000 0.000
