RESULTS/r.avaflow_results/31_results/31_ascii/31_hflow10019.asc
ncols 506
nrows 317
xllcenter 498237.50
yllcenter 5580050.00
cellsize 12.50
NODATA_value -9999.000
[rows 170 to 203 of 317, columns 77 to 153 of 506]
0.000 0.000 0.000 0.000 0.000 0.000 0.000 0.000 0.000 0.000 0.000 0.000 0.000 0.000 0.000 0.000 0.000 0.000 0.000 0.000 0.000 0.000 0.000 0.000 0.000 0.000 0.000 0.000 0.000 0.000 0.000 0.000 0.000 0.000 0.000 0.000 0.000 0.000 0.000 0.000 0.000 0.000 0.000 0.000 0.000 0.000 0.001 0.001 0.003 0.005 0.009 0.017 0.039 0.090 0.165 0.223 0.269 0.314 0.338 0.326 0.283 0.219 0.157 0.110 0.075 0.051 0.034 0.023 0.015 0.010 0.006 0.004 0.003 0.002 0.001 0.001 0.000
0.000 0.000 0.000 0.000 0.000 0.000 0.000 0.000 0.000 0.000 0.000 0.000 0.000 0.000 0.000 0.000 0.000 0.000 0.000 0.000 0.000 0.000 0.000 0.000 0.000 0.000 0.000 0.000 0.000 0.000 0.000 0.000 0.000 0.000 0.000 0.000 0.000 0.000 0.000 0.000 0.000 0.000 0.000 0.000 0.000 0.001 0.002 0.004 0.008 0.015 0.030 0.065 0.132 0.239 0.352 0.421 0.455 0.470 0.461 0.420 0.350 0.263 0.190 0.134 0.093 0.064 0.043 0.029 0.019 0.012 0.008 0.005 0.003 0.002 0.001 0.001 0.001
0.000 0.000 0.000 0.000 0.000 0.000 0.000 0.000 0.000 0.000 0.000 0.000 0.000 0.000 0.000 0.000 0.000 0.000 0.000 0.000 0.000 0.000 0.000 0.000 0.000 0.000 0.000 0.000 0.000 0.000 0.000 0.000 0.000 0.000 0.000 0.000 0.000 0.000 0.000 0.000 0.000 0.000 0.000 0.000 0.001 0.003 0.007 0.014 0.026 0.055 0.115 0.216 0.330 0.432 0.499 0.544 0.569 0.569 0.543 0.487 0.404 0.303 0.219 0.156 0.108 0.075 0.051 0.034 0.023 0.015 0.010 0.006 0.004 0.002 0.002 0.001 0.001
0.000 0.000 0.000 0.000 0.000 0.000 0.000 0.000 0.000 0.000 0.000 0.000 0.000 0.000 0.000 0.000 0.000 0.000 0.000 0.000 0.000 0.000 0.000 0.000 0.000 0.000 0.000 0.000 0.000 0.000 0.000 0.000 0.000 0.000 0.000 0.000 0.000 0.000 0.000 0.000 0.000 0.000 0.001 0.001 0.004 0.011 0.024 0.050 0.099 0.192 0.350 0.502 0.581 0.597 0.587 0.600 0.621 0.620 0.591 0.534 0.446 0.337 0.244 0.173 0.120 0.083 0.056 0.038 0.025 0.017 0.011 0.007 0.004 0.003 0.002 0.001 0.001
0.000 0.000 0.000 0.000 0.000 0.000 0.000 0.000 0.000 0.000 0.000 0.000 0.000 0.000 0.000 0.000 0.000 0.000 0.000 0.000 0.000 0.000 0.000 0.000 0.000 0.001 0.001 0.002 0.002 0.002 0.002 0.002 0.002 0.002 0.002 0.001 0.001 0.001 0.001 0.001 0.001 0.001 0.002 0.005 0.014 0.037 0.086 0.166 0.294 0.483 0.670 0.756 0.758 0.712 0.646 0.625 0.635 0.638 0.619 0.566 0.480 0.365 0.263 0.185 0.129 0.089 0.060 0.041 0.027 0.018 0.011 0.007 0.005 0.003 0.002 0.001 0.001
0.000 0.000 0.000 0.000 0.000 0.000 0.000 0.000 0.000 0.000 0.000 0.000 0.000 0.000 0.000 0.000 0.000 0.000 0.000 0.000 0.000 0.000 0.000 0.000 0.001 0.002 0.004 0.005 0.006 0.007 0.007 0.007 0.007 0.006 0.005 0.004 0.003 0.002 0.002 0.002 0.002 0.003 0.005 0.015 0.047 0.122 0.248 0.415 0.613 0.791 0.881 0.896 0.869 0.800 0.699 0.641 0.632 0.639 0.631 0.590 0.506 0.386 0.274 0.192 0.134 0.092 0.063 0.042 0.028 0.018 0.012 0.008 0.005 0.003 0.002 0.001 0.001
0.000 0.000 0.000 0.000 0.000 0.000 0.000 0.000 0.000 0.000 0.000 0.000 0.000 0.000 0.000 0.000 0.000 0.000 0.000 0.000 0.000 0.000 0.000 0.001 0.003 0.006 0.009 0.011 0.013 0.014 0.014 0.014 0.014 0.013 0.011 0.008 0.006 0.005 0.004 0.004 0.005 0.006 0.015 0.047 0.142 0.325 0.544 0.740 0.889 0.974 0.998 0.989 0.951 0.872 0.752 0.658 0.626 0.632 0.635 0.605 0.522 0.396 0.279 0.196 0.136 0.094 0.063 0.043 0.028 0.019 0.012 0.008 0.005 0.003 0.002 0.001 0.001
0.000 0.000 0.000 0.000 0.000 0.000 0.000 0.000 0.000 0.000 0.000 0.000 0.000 0.000 0.000 0.000 0.000 0.000 0.000 0.000 0.000 0.000 0.002 0.003 0.006 0.011 0.016 0.020 0.023 0.025 0.025 0.025 0.025 0.023 0.020 0.014 0.011 0.009 0.008 0.008 0.008 0.014 0.038 0.127 0.356 0.665 0.888 1.001 1.063 1.089 1.088 1.066 1.014 0.930 0.806 0.689 0.632 0.631 0.637 0.611 0.528 0.399 0.280 0.197 0.136 0.094 0.064 0.043 0.028 0.019 0.012 0.008 0.005 0.003 0.002 0.001 0.001
0.000 0.000 0.000 0.000 0.000 0.000 0.000 0.000 0.000 0.000 0.000 0.000 0.000 0.000 0.000 0.000 0.000 0.000 0.000 0.000 0.000 0.001 0.004 0.007 0.012 0.018 0.026 0.033 0.037 0.039 0.040 0.040 0.039 0.037 0.032 0.024 0.017 0.014 0.012 0.012 0.014 0.027 0.083 0.279 0.681 1.014 1.146 1.179 1.191 1.184 1.161 1.121 1.060 0.978 0.863 0.735 0.659 0.643 0.641 0.610 0.524 0.394 0.278 0.195 0.136 0.093 0.063 0.043 0.028 0.019 0.012 0.008 0.005 0.003 0.002 0.001 0.001
0.000 0.000 0.000 0.000 0.000 0.000 0.000 0.000 0.000 0.000 0.000 0.000 0.000 0.000 0.000 0.000 0.000 0.000 0.000 0.000 0.001 0.003 0.007 0.012 0.019 0.029 0.041 0.050 0.056 0.059 0.060 0.060 0.060 0.056 0.049 0.037 0.026 0.020 0.018 0.017 0.020 0.038 0.124 0.426 0.955 1.255 1.320 1.315 1.293 1.254 1.206 1.153 1.090 1.016 0.921 0.800 0.709 0.670 0.645 0.597 0.504 0.378 0.269 0.190 0.133 0.092 0.063 0.042 0.028 0.018 0.012 0.008 0.005 0.003 0.002 0.001 0.001
0.000 0.000 0.000 0.000 0.000 0.000 0.000 0.000 0.000 0.000 0.000 0.000 0.000 0.000 0.000 0.000 0.000 0.000 0.000 0.000 0.001 0.005 0.011 0.019 0.030 0.044 0.060 0.073 0.081 0.086 0.088 0.088 0.087 0.082 0.072 0.055 0.038 0.028 0.024 0.023 0.025 0.043 0.135 0.490 1.113 1.411 1.443 1.415 1.360 1.289 1.224 1.166 1.107 1.044 0.965 0.863 0.763 0.693 0.637 0.567 0.466 0.348 0.252 0.180 0.127 0.088 0.060 0.041 0.027 0.018 0.011 0.007 0.005 0.003 0.002 0.001 0.001
0.000 0.000 0.000 0.000 0.000 0.000 0.000 0.000 0.000 0.000 0.000 0.000 0.000 0.000 0.000 0.000 0.000 0.000 0.000 0.000 0.001 0.006 0.016 0.029 0.045 0.065 0.087 0.104 0.116 0.122 0.124 0.125 0.123 0.117 0.105 0.082 0.055 0.038 0.030 0.028 0.030 0.046 0.134 0.489 1.167 1.499 1.525 1.476 1.390 1.297 1.225 1.168 1.116 1.062 0.996 0.909 0.803 0.705 0.618 0.524 0.413 0.309 0.227 0.165 0.118 0.083 0.057 0.039 0.026 0.017 0.011 0.007 0.004 0.003 0.002 0.001 0.001
0.000 0.000 0.000 0.000 0.000 0.000 0.000 0.000 0.000 0.000 0.000 0.000 0.000 0.000 0.000 0.000 0.000 0.000 0.000 0.000 0.001 0.006 0.018 0.039 0.064 0.094 0.122 0.145 0.161 0.170 0.173 0.173 0.170 0.163 0.148 0.122 0.083 0.054 0.040 0.035 0.035 0.049 0.125 0.449 1.130 1.520 1.564 1.505 1.398 1.289 1.215 1.164 1.118 1.071 1.015 0.935 0.828 0.706 0.589 0.478 0.369 0.275 0.202 0.146 0.105 0.075 0.052 0.036 0.024 0.016 0.010 0.006 0.004 0.003 0.002 0.001 0.001
0.000 0.000 0.000 0.000 0.000 0.000 0.000 0.000 0.000 0.000 0.000 0.000 0.000 0.000 0.000 0.000 0.000 0.000 0.000 0.000 0.001 0.005 0.018 0.045 0.084 0.129 0.168 0.198 0.219 0.231 0.235 0.235 0.233 0.224 0.207 0.176 0.127 0.081 0.055 0.045 0.044 0.054 0.111 0.365 0.978 1.453 1.558 1.509 1.391 1.259 1.176 1.133 1.105 1.072 1.024 0.946 0.839 0.706 0.566 0.444 0.337 0.250 0.181 0.130 0.093 0.066 0.046 0.032 0.021 0.014 0.009 0.006 0.004 0.002 0.001 0.001 0.000
0.000 0.000 0.000 0.000 0.000 0.000 0.000 0.000 0.000 0.000 0.000 0.000 0.000 0.000 0.000 0.000 0.000 0.000 0.000 0.000 0.001 0.003 0.015 0.045 0.095 0.160 0.220 0.263 0.292 0.309 0.315 0.315 0.313 0.304 0.284 0.249 0.191 0.124 0.081 0.063 0.059 0.066 0.107 0.264 0.718 1.251 1.464 1.463 1.357 1.198 1.082 1.032 1.025 1.025 1.004 0.942 0.840 0.707 0.554 0.422 0.315 0.230 0.166 0.118 0.083 0.058 0.040 0.028 0.019 0.012 0.008 0.005 0.003 0.002 0.001 0.001 0.000
0.000 0.000 0.000 0.000 0.000 0.000 0.000 0.000 0.000 0.000 0.000 0.000 0.000 0.000 0.000 0.000 0.000 0.000 0.000 0.000 0.000 0.002 0.011 0.040 0.096 0.174 0.266 0.339 0.383 0.407 0.417 0.418 0.416 0.407 0.386 0.346 0.280 0.192 0.130 0.098 0.090 0.093 0.123 0.219 0.479 0.930 1.232 1.301 1.242 1.089 0.912 0.811 0.794 0.817 0.854 0.866 0.814 0.701 0.551 0.410 0.299 0.216 0.154 0.108 0.074 0.050 0.034 0.022 0.014 0.009 0.006 0.004 0.002 0.001 0.001 0.000 0.000
0.000 0.000 0.000 0.000 0.000 0.000 0.000 0.000 0.000 0.000 0.000 0.000 0.000 0.000 0.000 0.000 0.000 0.000 0.000 0.000 0.000 0.001 0.006 0.029 0.085 0.174 0.288 0.411 0.492 0.530 0.547 0.550 0.548 0.541 0.519 0.477 0.402 0.293 0.208 0.160 0.142 0.142 0.161 0.222 0.361 0.631 0.888 0.993 0.991 0.895 0.704 0.534 0.459 0.458 0.525 0.634 0.691 0.650 0.540 0.402 0.288 0.204 0.143 0.098 0.066 0.043 0.027 0.015 0.009 0.005 0.003 0.002 0.001 0.001 0.001 0.000 0.000
0.000 0.000 0.000 0.000 0.000 0.000 0.000 0.000 0.000 0.000 0.000 0.000 0.000 0.000 0.000 0.000 0.000 0.000 0.000 0.000 0.000 0.000 0.002 0.015 0.062 0.156 0.286 0.451 0.602 0.682 0.709 0.715 0.714 0.708 0.682 0.624 0.523 0.403 0.311 0.251 0.222 0.216 0.223 0.254 0.327 0.464 0.612 0.689 0.702 0.663 0.543 0.377 0.265 0.225 0.239 0.320 0.436 0.493 0.466 0.378 0.275 0.193 0.133 0.089 0.057 0.034 0.018 0.009 0.005 0.003 0.002 0.001 0.001 0.001 0.000 0.000 0.000
0.000 0.000 0.000 0.000 0.000 0.000 0.000 0.000 0.000 0.000 0.000 0.000 0.000 0.000 0.000 0.000 0.000 0.000 0.000 0.000 0.000 0.000 0.001 0.006 0.033 0.113 0.255 0.447 0.673 0.833 0.897 0.910 0.907 0.887 0.831 0.733 0.600 0.479 0.390 0.331 0.298 0.286 0.285 0.298 0.335 0.400 0.466 0.506 0.518 0.501 0.429 0.300 0.190 0.131 0.113 0.131 0.194 0.262 0.291 0.281 0.230 0.166 0.113 0.072 0.041 0.021 0.010 0.005 0.003 0.001 0.001 0.001 0.000 0.000 0.000 0.000 0.000
0.000 0.000 0.000 0.000 0.000 0.000 0.000 0.000 0.000 0.000 0.000 0.000 0.000 0.000 0.000 0.000 0.000 0.000 0.000 0.000 0.000 0.000 0.000 0.002 0.011 0.056 0.176 0.388 0.675 0.928 1.059 1.085 1.075 1.032 0.936 0.794 0.643 0.523 0.436 0.377 0.341 0.325 0.321 0.325 0.343 0.375 0.399 0.410 0.410 0.393 0.340 0.247 0.156 0.098 0.069 0.062 0.076 0.106 0.126 0.132 0.125 0.098 0.064 0.037 0.019 0.009 0.005 0.002 0.001 0.001 0.001 0.000 0.000 0.000 0.000 0.000 0.000
0.000 0.000 0.000 0.000 0.000 0.000 0.000 0.000 0.000 0.000 0.000 0.000 0.000 0.000 0.000 0.000 0.000 0.000 0.000 0.000 0.000 0.000 0.000 0.001 0.003 0.017 0.074 0.236 0.552 0.926 1.149 1.213 1.196 1.128 0.993 0.817 0.661 0.541 0.455 0.396 0.358 0.339 0.332 0.333 0.341 0.353 0.358 0.353 0.341 0.316 0.270 0.201 0.131 0.084 0.054 0.041 0.037 0.042 0.047 0.048 0.046 0.038 0.024 0.013 0.007 0.004 0.002 0.001 0.001 0.001 0.000 0.000 0.000 0.000 0.000 0.000 0.000
0.000 0.000 0.000 0.000 0.000 0.000 0.000 0.000 0.000 0.000 0.000 0.000 0.000 0.000 0.000 0.000 0.000 0.000 0.000 0.000 0.000 0.000 0.000 0.001 0.002 0.007 0.025 0.086 0.295 0.724 1.114 1.261 1.257 1.170 1.012 0.820 0.663 0.545 0.459 0.399 0.361 0.340 0.331 0.328 0.328 0.326 0.318 0.305 0.285 0.256 0.216 0.161 0.109 0.072 0.047 0.033 0.025 0.022 0.020 0.019 0.017 0.014 0.009 0.005 0.003 0.002 0.001 0.001 0.001 0.000 0.000 0.000 0.000 0.000 0.000 0.000 0.000
0.000 0.000 0.000 0.000 0.000 0.000 0.000 0.000 0.000 0.000 0.000 0.000 0.000 0.000 0.000 0.000 0.000 0.000 0.000 0.000 0.000 0.000 0.001 0.002 0.004 0.010 0.023 0.045 0.108 0.363 0.837 1.179 1.247 1.170 1.006 0.812 0.657 0.541 0.455 0.395 0.355 0.330 0.316 0.308 0.301 0.291 0.277 0.258 0.236 0.208 0.172 0.127 0.088 0.060 0.040 0.027 0.020 0.015 0.012 0.010 0.008 0.006 0.004 0.003 0.002 0.001 0.001 0.001 0.000 0.000 0.000 0.000 0.000 0.000 0.000 0.000 0.000
0.000 0.000 0.000 0.000 0.000 0.000 0.000 0.000 0.000 0.000 0.000 0.000 0.000 0.000 0.000 0.000 0.000 0.000 0.000 0.000 0.000 0.001 0.001 0.004 0.010 0.024 0.043 0.056 0.063 0.123 0.411 0.864 1.094 1.083 0.956 0.778 0.631 0.521 0.438 0.376 0.331 0.299 0.279 0.268 0.258 0.247 0.231 0.213 0.191 0.166 0.135 0.099 0.070 0.048 0.033 0.022 0.015 0.011 0.008 0.006 0.004 0.003 0.002 0.001 0.001 0.001 0.000 0.000 0.000 0.000 0.000 0.000 0.000 0.000 0.000 0.000 0.000
0.000 0.000 0.000 0.000 0.000 0.000 0.000 0.000 0.000 0.000 0.000 0.000 0.000 0.000 0.000 0.000 0.000 0.000 0.000 0.000 0.000 0.001 0.003 0.010 0.025 0.047 0.061 0.064 0.061 0.059 0.141 0.448 0.757 0.846 0.804 0.693 0.574 0.477 0.399 0.336 0.284 0.244 0.217 0.205 0.199 0.192 0.181 0.166 0.148 0.128 0.103 0.075 0.052 0.036 0.024 0.016 0.011 0.007 0.005 0.003 0.002 0.002 0.001 0.001 0.001 0.000 0.000 0.000 0.000 0.000 0.000 0.000 0.000 0.000 0.000 0.000 0.000
0.000 0.000 0.000 0.000 0.000 0.000 0.000 0.000 0.000 0.000 0.000 0.000 0.000 0.000 0.000 0.000 0.000 0.000 0.000 0.000 0.001 0.003 0.008 0.022 0.045 0.062 0.066 0.064 0.052 0.041 0.058 0.197 0.432 0.539 0.553 0.529 0.472 0.403 0.336 0.273 0.219 0.176 0.147 0.132 0.127 0.125 0.123 0.116 0.106 0.091 0.073 0.052 0.036 0.023 0.015 0.009 0.006 0.003 0.002 0.002 0.001 0.001 0.001 0.000 0.000 0.000 0.000 0.000 0.000 0.000 0.000 0.000 0.000 0.000 0.000 0.000 0.000
0.000 0.000 0.000 0.000 0.000 0.000 0.000 0.000 0.000 0.000 0.000 0.000 0.000 0.000 0.000 0.000 0.000 0.000 0.000 0.001 0.001 0.005 0.015 0.037 0.058 0.065 0.065 0.055 0.032 0.021 0.030 0.095 0.239 0.328 0.349 0.347 0.332 0.300 0.254 0.205 0.162 0.126 0.099 0.081 0.072 0.069 0.067 0.064 0.060 0.053 0.043 0.030 0.020 0.012 0.007 0.004 0.002 0.001 0.001 0.001 0.001 0.000 0.000 0.000 0.000 0.000 0.000 0.000 0.000 0.000 0.000 0.000 0.000 0.000 0.000 0.000 0.000
0.000 0.000 0.000 0.000 0.000 0.000 0.000 0.000 0.000 0.000 0.000 0.000 0.000 0.000 0.000 0.000 0.000 0.000 0.000 0.001 0.003 0.009 0.025 0.049 0.062 0.063 0.057 0.035 0.014 0.010 0.017 0.052 0.133 0.198 0.220 0.223 0.219 0.206 0.183 0.152 0.120 0.091 0.068 0.050 0.040 0.033 0.030 0.027 0.025 0.022 0.017 0.012 0.008 0.005 0.003 0.001 0.001 0.000 0.000 0.000 0.000 0.000 0.000 0.000 0.000 0.000 0.000 0.000 0.000 0.000 0.000 0.000 0.000 0.000 0.000 0.000 0.000
0.000 0.000 0.000 0.000 0.000 0.000 0.000 0.000 0.000 0.000 0.000 0.000 0.000 0.000 0.000 0.000 0.000 0.000 0.001 0.001 0.005 0.015 0.037 0.055 0.060 0.057 0.039 0.015 0.005 0.004 0.009 0.029 0.074 0.117 0.135 0.141 0.141 0.137 0.126 0.110 0.089 0.067 0.048 0.033 0.023 0.016 0.012 0.009 0.008 0.006 0.004 0.003 0.002 0.001 0.001 0.000 0.000 0.000 0.000 0.000 0.000 0.000 0.000 0.000 0.000 0.000 0.000 0.000 0.000 0.000 0.000 0.000 0.000 0.000 0.000 0.000 0.000
0.000 0.000 0.000 0.000 0.000 0.000 0.000 0.000 0.000 0.000 0.000 0.000 0.000 0.000 0.000 0.000 0.000 0.000 0.001 0.002 0.008 0.024 0.046 0.055 0.056 0.045 0.021 0.007 0.003 0.002 0.005 0.016 0.040 0.064 0.078 0.084 0.087 0.086 0.083 0.075 0.063 0.048 0.034 0.022 0.014 0.009 0.005 0.003 0.002 0.002 0.001 0.001 0.000 0.000 0.000 0.000 0.000 0.000 0.000 0.000 0.000 0.000 0.000 0.000 0.000 0.000 0.000 0.000 0.000 0.000 0.000 0.000 0.000 0.000 0.000 0.000 0.000
0.000 0.000 0.000 0.000 0.000 0.000 0.000 0.000 0.000 0.000 0.000 0.000 0.000 0.000 0.000 0.000 0.000 0.000 0.001 0.004 0.012 0.032 0.050 0.053 0.049 0.030 0.010 0.003 0.001 0.001 0.002 0.008 0.020 0.032 0.040 0.044 0.046 0.048 0.047 0.045 0.040 0.033 0.023 0.014 0.008 0.005 0.003 0.001 0.001 0.001 0.000 0.000 0.000 0.000 0.000 0.000 0.000 0.000 0.000 0.000 0.000 0.000 0.000 0.000 0.000 0.000 0.000 0.000 0.000 0.000 0.000 0.000 0.000 0.000 0.000 0.000 0.000
0.000 0.000 0.000 0.000 0.000 0.000 0.000 0.000 0.000 0.000 0.000 0.000 0.000 0.000 0.000 0.000 0.000 0.001 0.002 0.006 0.019 0.040 0.050 0.050 0.038 0.016 0.005 0.001 0.001 0.001 0.001 0.004 0.009 0.014 0.017 0.018 0.020 0.021 0.022 0.022 0.021 0.018 0.014 0.008 0.005 0.002 0.001 0.001 0.000 0.000 0.000 0.000 0.000 0.000 0.000 0.000 0.000 0.000 0.000 0.000 0.000 0.000 0.000 0.000 0.000 0.000 0.000 0.000 0.000 0.000 0.000 0.000 0.000 0.000 0.000 0.000 0.000
0.000 0.000 0.000 0.000 0.000 0.000 0.000 0.000 0.000 0.000 0.000 0.000 0.000 0.000 0.000 0.000 0.000 0.001 0.003 0.010 0.027 0.044 0.047 0.043 0.025 0.008 0.003 0.002 0.001 0.001 0.001 0.001 0.003 0.005 0.006 0.006 0.006 0.007 0.007 0.007 0.008 0.008 0.006 0.004 0.002 0.001 0.001 0.000 0.000 0.000 0.000 0.000 0.000 0.000 0.000 0.000 0.000 0.000 0.000 0.000 0.000 0.000 0.000 0.000 0.000 0.000 0.000 0.000 0.000 0.000 0.000 0.000 0.000 0.000 0.000 0.000 0.000
0.000 0.000 0.000 0.000 0.000 0.000 0.000 0.000 0.000 0.000 0.000 0.000 0.000 0.000 0.000 0.000 0.001 0.002 0.005 0.016 0.034 0.044 0.044 0.035 0.014 0.004 0.002 0.001 0.001 0.001 0.001 0.001 0.001 0.002 0.002 0.002 0.002 0.002 0.002 0.002 0.002 0.002 0.002 0.002 0.001 0.001 0.000 0.000 0.000 0.000 0.000 0.000 0.000 0.000 0.000 0.000 0.000 0.000 0.000 0.000 0.000 0.000 0.000 0.000 0.000 0.000 0.000 0.000 0.000 0.000 0.000 0.000 0.000 0.000 0.000 0.000 0.000
