RESULTS/r.avaflow_results/31_results/31_ascii/31_hflow10059.asc
ncols 506
nrows 317
xllcenter 498237.50
yllcenter 5580050.00
cellsize 12.50
NODATA_value -9999.000
[rows 170 to 203 of 317, columns 77 to 153 of 506]
0.000 0.000 0.000 0.000 0.000 0.000 0.000 0.000 0.000 0.000 0.000 0.000 0.000 0.000 0.000 0.000 0.000 0.000 0.000 0.000 0.000 0.000 0.000 0.000 0.000 0.000 0.000 0.000 0.000 0.000 0.000 0.000 0.000 0.000 0.000 0.000 0.000 0.000 0.000 0.000 0.000 0.000 0.000 0.000 0.000 0.000 0.000 0.001 0.002 0.004 0.008 0.017 0.046 0.123 0.252 0.368 0.468 0.574 0.648 0.664 0.649 0.617 0.567 0.505 0.429 0.347 0.278 0.221 0.174 0.137 0.106 0.082 0.064 0.049 0.038 0.029 0.022
0.000 0.000 0.000 0.000 0.000 0.000 0.000 0.000 0.000 0.000 0.000 0.000 0.000 0.000 0.000 0.000 0.000 0.000 0.000 0.000 0.000 0.000 0.000 0.000 0.000 0.000 0.000 0.000 0.000 0.000 0.000 0.000 0.000 0.000 0.000 0.000 0.000 0.000 0.000 0.000 0.000 0.000 0.000 0.000 0.000 0.001 0.002 0.003 0.006 0.011 0.025 0.065 0.156 0.313 0.474 0.577 0.653 0.708 0.729 0.722 0.696 0.656 0.599 0.528 0.444 0.358 0.286 0.227 0.179 0.140 0.110 0.085 0.066 0.051 0.040 0.030 0.023
0.000 0.000 0.000 0.000 0.000 0.000 0.000 0.000 0.000 0.000 0.000 0.000 0.000 0.000 0.000 0.000 0.000 0.000 0.000 0.000 0.000 0.000 0.000 0.000 0.000 0.000 0.000 0.000 0.000 0.000 0.000 0.000 0.000 0.000 0.000 0.000 0.000 0.000 0.000 0.000 0.000 0.000 0.000 0.000 0.001 0.002 0.005 0.009 0.019 0.041 0.101 0.223 0.380 0.521 0.604 0.671 0.734 0.763 0.763 0.749 0.722 0.680 0.619 0.544 0.453 0.366 0.293 0.233 0.184 0.145 0.114 0.089 0.069 0.054 0.041 0.032 0.024
0.000 0.000 0.000 0.000 0.000 0.000 0.000 0.000 0.000 0.000 0.000 0.000 0.000 0.000 0.000 0.000 0.000 0.000 0.000 0.001 0.001 0.002 0.002 0.002 0.003 0.003 0.003 0.003 0.003 0.003 0.003 0.002 0.002 0.002 0.001 0.001 0.001 0.000 0.000 0.000 0.000 0.000 0.000 0.001 0.003 0.007 0.015 0.032 0.069 0.153 0.322 0.511 0.622 0.655 0.668 0.697 0.752 0.778 0.777 0.763 0.737 0.695 0.634 0.557 0.461 0.373 0.299 0.239 0.190 0.150 0.118 0.092 0.072 0.056 0.043 0.033 0.025
0.000 0.000 0.000 0.000 0.000 0.000 0.000 0.000 0.000 0.000 0.000 0.000 0.000 0.000 0.000 0.000 0.000 0.000 0.001 0.002 0.004 0.006 0.007 0.008 0.008 0.008 0.008 0.008 0.008 0.008 0.008 0.008 0.007 0.006 0.004 0.003 0.002 0.001 0.001 0.001 0.001 0.001 0.001 0.003 0.008 0.021 0.051 0.110 0.219 0.409 0.620 0.736 0.752 0.723 0.698 0.701 0.743 0.780 0.783 0.771 0.747 0.706 0.645 0.566 0.467 0.378 0.304 0.243 0.194 0.153 0.121 0.094 0.073 0.057 0.044 0.034 0.026
0.000 0.000 0.000 0.000 0.000 0.000 0.000 0.000 0.000 0.000 0.000 0.000 0.000 0.000 0.000 0.000 0.000 0.001 0.002 0.005 0.009 0.012 0.014 0.016 0.017 0.017 0.017 0.017 0.017 0.017 0.016 0.016 0.014 0.012 0.009 0.006 0.004 0.003 0.002 0.002 0.002 0.002 0.004 0.009 0.024 0.068 0.157 0.297 0.491 0.686 0.798 0.827 0.809 0.762 0.714 0.694 0.713 0.764 0.786 0.781 0.760 0.719 0.656 0.571 0.469 0.380 0.307 0.246 0.196 0.155 0.122 0.095 0.075 0.058 0.045 0.035 0.027
0.000 0.000 0.000 0.000 0.000 0.000 0.000 0.000 0.000 0.000 0.000 0.000 0.000 0.000 0.000 0.000 0.000 0.002 0.005 0.010 0.016 0.021 0.025 0.027 0.029 0.029 0.029 0.030 0.029 0.029 0.028 0.027 0.024 0.021 0.015 0.010 0.008 0.006 0.005 0.004 0.004 0.005 0.009 0.023 0.073 0.191 0.375 0.563 0.727 0.830 0.865 0.862 0.841 0.792 0.731 0.694 0.690 0.736 0.786 0.790 0.773 0.731 0.664 0.574 0.470 0.381 0.307 0.246 0.196 0.155 0.122 0.096 0.075 0.059 0.046 0.035 0.027
0.000 0.000 0.000 0.000 0.000 0.000 0.000 0.000 0.000 0.000 0.000 0.000 0.000 0.000 0.000 0.000 0.000 0.002 0.007 0.015 0.025 0.033 0.039 0.042 0.044 0.045 0.045 0.046 0.045 0.045 0.044 0.042 0.038 0.032 0.024 0.016 0.012 0.009 0.008 0.007 0.007 0.009 0.019 0.060 0.188 0.421 0.634 0.765 0.847 0.888 0.896 0.891 0.867 0.820 0.752 0.704 0.690 0.725 0.788 0.799 0.781 0.737 0.667 0.573 0.469 0.380 0.305 0.244 0.195 0.154 0.122 0.096 0.075 0.059 0.046 0.036 0.028
0.000 0.000 0.000 0.000 0.000 0.000 0.000 0.000 0.000 0.000 0.000 0.000 0.000 0.000 0.000 0.000 0.000 0.003 0.008 0.018 0.032 0.047 0.056 0.061 0.064 0.065 0.066 0.066 0.066 0.065 0.063 0.060 0.055 0.047 0.036 0.024 0.017 0.013 0.011 0.011 0.011 0.016 0.040 0.137 0.382 0.664 0.809 0.871 0.906 0.922 0.925 0.920 0.895 0.850 0.782 0.727 0.706 0.731 0.789 0.801 0.784 0.737 0.665 0.569 0.464 0.375 0.302 0.242 0.193 0.153 0.122 0.096 0.076 0.060 0.047 0.036 0.028
0.000 0.000 0.000 0.000 0.000 0.000 0.000 0.000 0.000 0.000 0.000 0.000 0.000 0.000 0.000 0.000 0.000 0.003 0.008 0.018 0.035 0.059 0.076 0.084 0.089 0.090 0.091 0.091 0.091 0.090 0.088 0.084 0.077 0.067 0.051 0.035 0.024 0.018 0.015 0.014 0.015 0.021 0.059 0.215 0.553 0.816 0.903 0.926 0.941 0.948 0.949 0.944 0.923 0.886 0.825 0.767 0.741 0.755 0.795 0.801 0.780 0.731 0.655 0.557 0.454 0.368 0.296 0.238 0.190 0.151 0.121 0.096 0.077 0.061 0.048 0.037 0.029
0.000 0.000 0.000 0.000 0.000 0.000 0.000 0.000 0.000 0.000 0.000 0.000 0.000 0.000 0.000 0.000 0.000 0.002 0.007 0.017 0.035 0.063 0.095 0.112 0.118 0.121 0.121 0.121 0.121 0.120 0.117 0.112 0.104 0.091 0.072 0.049 0.033 0.023 0.018 0.016 0.017 0.024 0.064 0.248 0.646 0.901 0.951 0.956 0.959 0.961 0.960 0.959 0.951 0.929 0.885 0.829 0.794 0.792 0.806 0.802 0.774 0.719 0.638 0.538 0.440 0.358 0.289 0.232 0.186 0.150 0.120 0.097 0.078 0.062 0.049 0.039 0.030
0.000 0.000 0.000 0.000 0.000 0.000 0.000 0.000 0.000 0.000 0.000 0.000 0.000 0.000 0.000 0.000 0.000 0.001 0.004 0.012 0.027 0.058 0.102 0.137 0.151 0.156 0.158 0.158 0.158 0.156 0.153 0.148 0.137 0.122 0.099 0.069 0.045 0.030 0.022 0.019 0.019 0.024 0.063 0.246 0.669 0.939 0.979 0.972 0.965 0.963 0.962 0.966 0.973 0.969 0.950 0.909 0.864 0.838 0.825 0.806 0.767 0.703 0.615 0.511 0.418 0.342 0.278 0.225 0.182 0.148 0.121 0.099 0.081 0.065 0.052 0.041 0.032
0.000 0.000 0.000 0.000 0.000 0.000 0.000 0.000 0.000 0.000 0.000 0.000 0.000 0.000 0.000 0.000 0.000 0.000 0.001 0.004 0.014 0.041 0.093 0.150 0.181 0.195 0.199 0.201 0.201 0.200 0.197 0.190 0.178 0.160 0.134 0.098 0.063 0.040 0.027 0.022 0.021 0.024 0.056 0.217 0.630 0.939 0.993 0.980 0.961 0.954 0.954 0.964 0.987 0.998 0.993 0.971 0.929 0.885 0.848 0.810 0.759 0.686 0.592 0.488 0.397 0.323 0.263 0.215 0.175 0.145 0.121 0.102 0.085 0.070 0.056 0.044 0.034
0.000 0.000 0.000 0.000 0.000 0.000 0.000 0.000 0.000 0.000 0.000 0.000 0.000 0.000 0.000 0.000 0.000 0.000 0.000 0.001 0.004 0.020 0.069 0.144 0.200 0.231 0.245 0.250 0.252 0.251 0.248 0.241 0.228 0.207 0.179 0.139 0.093 0.057 0.036 0.027 0.024 0.025 0.043 0.153 0.498 0.869 0.985 0.978 0.947 0.924 0.922 0.938 0.977 1.010 1.015 1.001 0.969 0.922 0.869 0.814 0.751 0.673 0.580 0.478 0.387 0.312 0.252 0.204 0.167 0.139 0.118 0.103 0.088 0.074 0.060 0.048 0.038
0.000 0.000 0.000 0.000 0.000 0.000 0.000 0.000 0.000 0.000 0.000 0.000 0.000 0.000 0.000 0.000 0.000 0.000 0.000 0.000 0.001 0.008 0.042 0.121 0.205 0.257 0.291 0.305 0.310 0.311 0.309 0.302 0.288 0.267 0.236 0.193 0.138 0.087 0.053 0.036 0.029 0.029 0.036 0.086 0.302 0.680 0.904 0.942 0.910 0.861 0.832 0.836 0.881 0.955 1.004 1.007 0.984 0.942 0.885 0.819 0.746 0.666 0.575 0.477 0.386 0.309 0.245 0.195 0.158 0.131 0.112 0.099 0.087 0.075 0.063 0.051 0.041
0.000 0.000 0.000 0.000 0.000 0.000 0.000 0.000 0.000 0.000 0.000 0.000 0.000 0.000 0.000 0.000 0.000 0.000 0.000 0.000 0.000 0.003 0.020 0.083 0.184 0.266 0.325 0.362 0.378 0.382 0.382 0.376 0.363 0.342 0.310 0.265 0.203 0.134 0.085 0.055 0.041 0.037 0.039 0.058 0.153 0.423 0.709 0.815 0.808 0.748 0.656 0.605 0.620 0.709 0.847 0.952 0.976 0.947 0.895 0.826 0.748 0.665 0.576 0.480 0.389 0.310 0.242 0.189 0.149 0.120 0.098 0.083 0.074 0.068 0.061 0.052 0.042
0.000 0.000 0.000 0.000 0.000 0.000 0.000 0.000 0.000 0.000 0.000 0.000 0.000 0.000 0.000 0.000 0.000 0.000 0.000 0.000 0.000 0.001 0.008 0.044 0.136 0.249 0.339 0.411 0.452 0.467 0.470 0.467 0.457 0.438 0.406 0.360 0.293 0.208 0.137 0.090 0.063 0.050 0.048 0.054 0.090 0.223 0.442 0.568 0.590 0.550 0.447 0.349 0.315 0.346 0.493 0.728 0.889 0.924 0.892 0.828 0.751 0.667 0.579 0.489 0.399 0.316 0.243 0.184 0.139 0.104 0.075 0.055 0.045 0.044 0.046 0.044 0.038
0.000 0.000 0.000 0.000 0.000 0.000 0.000 0.000 0.000 0.000 0.000 0.000 0.000 0.000 0.000 0.000 0.000 0.000 0.000 0.000 0.000 0.000 0.002 0.018 0.079 0.198 0.325 0.436 0.524 0.567 0.578 0.578 0.572 0.557 0.528 0.481 0.409 0.308 0.213 0.143 0.097 0.072 0.061 0.061 0.075 0.132 0.254 0.348 0.378 0.368 0.315 0.231 0.176 0.164 0.214 0.390 0.645 0.806 0.841 0.809 0.745 0.667 0.587 0.505 0.415 0.324 0.245 0.180 0.128 0.087 0.054 0.033 0.022 0.019 0.020 0.021 0.020
0.000 0.000 0.000 0.000 0.000 0.000 0.000 0.000 0.000 0.000 0.000 0.000 0.000 0.000 0.000 0.000 0.000 0.000 0.000 0.000 0.000 0.000 0.001 0.006 0.035 0.125 0.272 0.426 0.567 0.666 0.706 0.713 0.711 0.697 0.663 0.602 0.509 0.390 0.286 0.205 0.145 0.104 0.081 0.074 0.080 0.110 0.176 0.241 0.271 0.273 0.253 0.202 0.143 0.111 0.109 0.164 0.325 0.536 0.671 0.709 0.689 0.640 0.580 0.509 0.418 0.319 0.237 0.169 0.112 0.068 0.037 0.019 0.011 0.008 0.007 0.006 0.005
0.000 0.000 0.000 0.000 0.000 0.000 0.000 0.000 0.000 0.000 0.000 0.000 0.000 0.000 0.000 0.000 0.000 0.000 0.000 0.000 0.000 0.000 0.000 0.002 0.012 0.057 0.178 0.364 0.566 0.731 0.824 0.849 0.847 0.824 0.774 0.688 0.571 0.442 0.334 0.250 0.186 0.140 0.109 0.095 0.095 0.114 0.160 0.208 0.232 0.236 0.228 0.197 0.144 0.103 0.085 0.086 0.131 0.240 0.371 0.456 0.487 0.487 0.467 0.425 0.352 0.261 0.186 0.127 0.079 0.042 0.020 0.010 0.005 0.003 0.003 0.002 0.001
0.000 0.000 0.000 0.000 0.000 0.000 0.000 0.000 0.000 0.000 0.000 0.000 0.000 0.000 0.000 0.000 0.000 0.000 0.000 0.000 0.000 0.000 0.000 0.001 0.003 0.018 0.077 0.228 0.476 0.734 0.895 0.955 0.954 0.919 0.848 0.737 0.600 0.469 0.361 0.275 0.211 0.165 0.136 0.121 0.118 0.130 0.165 0.205 0.223 0.226 0.221 0.199 0.157 0.111 0.083 0.070 0.070 0.094 0.145 0.186 0.207 0.214 0.214 0.204 0.176 0.127 0.085 0.056 0.034 0.018 0.009 0.005 0.003 0.002 0.001 0.001 0.001
0.000 0.000 0.000 0.000 0.000 0.000 0.000 0.000 0.000 0.000 0.000 0.000 0.000 0.000 0.000 0.000 0.000 0.000 0.000 0.000 0.000 0.000 0.000 0.001 0.001 0.004 0.022 0.086 0.274 0.606 0.889 1.008 1.019 0.974 0.883 0.754 0.610 0.481 0.373 0.288 0.223 0.178 0.151 0.137 0.135 0.145 0.174 0.210 0.224 0.226 0.222 0.205 0.174 0.129 0.092 0.068 0.056 0.052 0.057 0.064 0.067 0.067 0.066 0.062 0.055 0.041 0.028 0.019 0.012 0.007 0.004 0.002 0.002 0.001 0.001 0.001 0.001
0.000 0.000 0.000 0.000 0.000 0.000 0.000 0.000 0.000 0.000 0.000 0.000 0.000 0.000 0.000 0.000 0.000 0.000 0.000 0.000 0.000 0.000 0.000 0.001 0.001 0.003 0.010 0.029 0.100 0.339 0.726 0.980 1.032 0.988 0.889 0.756 0.611 0.484 0.378 0.292 0.227 0.182 0.155 0.145 0.143 0.150 0.176 0.213 0.231 0.233 0.228 0.213 0.184 0.142 0.102 0.072 0.052 0.039 0.032 0.027 0.025 0.023 0.022 0.020 0.018 0.014 0.010 0.007 0.005 0.003 0.002 0.001 0.001 0.001 0.001 0.001 0.000
0.000 0.000 0.000 0.000 0.000 0.000 0.000 0.000 0.000 0.000 0.000 0.000 0.000 0.000 0.000 0.000 0.000 0.000 0.000 0.000 0.000 0.000 0.001 0.001 0.003 0.007 0.016 0.025 0.039 0.123 0.417 0.803 0.966 0.958 0.871 0.746 0.606 0.482 0.378 0.293 0.228 0.181 0.154 0.145 0.145 0.151 0.172 0.209 0.232 0.237 0.232 0.216 0.188 0.146 0.103 0.072 0.048 0.031 0.020 0.014 0.011 0.009 0.009 0.008 0.007 0.006 0.004 0.003 0.002 0.002 0.001 0.001 0.001 0.001 0.000 0.000 0.000
0.000 0.000 0.000 0.000 0.000 0.000 0.000 0.000 0.000 0.000 0.000 0.000 0.000 0.000 0.000 0.000 0.000 0.000 0.000 0.000 0.000 0.000 0.001 0.003 0.008 0.018 0.028 0.032 0.034 0.050 0.178 0.509 0.772 0.833 0.793 0.704 0.588 0.475 0.376 0.292 0.226 0.178 0.148 0.138 0.138 0.143 0.157 0.186 0.212 0.223 0.221 0.209 0.181 0.137 0.093 0.061 0.037 0.021 0.011 0.007 0.005 0.004 0.004 0.004 0.003 0.003 0.002 0.002 0.001 0.001 0.001 0.001 0.000 0.000 0.000 0.000 0.000
0.000 0.000 0.000 0.000 0.000 0.000 0.000 0.000 0.000 0.000 0.000 0.000 0.000 0.000 0.000 0.000 0.000 0.000 0.000 0.000 0.000 0.001 0.002 0.007 0.018 0.029 0.033 0.033 0.032 0.036 0.088 0.276 0.516 0.620 0.634 0.606 0.541 0.455 0.367 0.288 0.222 0.170 0.135 0.117 0.112 0.114 0.120 0.133 0.152 0.165 0.168 0.162 0.140 0.101 0.061 0.034 0.018 0.008 0.004 0.003 0.002 0.002 0.002 0.002 0.002 0.001 0.001 0.001 0.001 0.000 0.000 0.000 0.000 0.000 0.000 0.000 0.000
0.000 0.000 0.000 0.000 0.000 0.000 0.000 0.000 0.000 0.000 0.000 0.000 0.000 0.000 0.000 0.000 0.000 0.000 0.000 0.000 0.001 0.002 0.005 0.015 0.027 0.032 0.033 0.030 0.025 0.027 0.056 0.160 0.328 0.425 0.456 0.464 0.452 0.412 0.349 0.279 0.214 0.160 0.119 0.091 0.076 0.069 0.065 0.065 0.070 0.075 0.076 0.075 0.066 0.045 0.024 0.012 0.005 0.002 0.001 0.001 0.001 0.001 0.001 0.001 0.001 0.001 0.000 0.000 0.000 0.000 0.000 0.000 0.000 0.000 0.000 0.000 0.000
0.000 0.000 0.000 0.000 0.000 0.000 0.000 0.000 0.000 0.000 0.000 0.000 0.000 0.000 0.000 0.000 0.000 0.000 0.000 0.000 0.001 0.003 0.010 0.022 0.031 0.032 0.030 0.022 0.016 0.019 0.041 0.104 0.211 0.287 0.323 0.339 0.345 0.338 0.310 0.262 0.204 0.150 0.107 0.076 0.055 0.041 0.032 0.027 0.024 0.024 0.023 0.023 0.020 0.014 0.007 0.003 0.001 0.001 0.000 0.000 0.000 0.000 0.000 0.000 0.000 0.000 0.000 0.000 0.000 0.000 0.000 0.000 0.000 0.000 0.000 0.000 0.000
0.000 0.000 0.000 0.000 0.000 0.000 0.000 0.000 0.000 0.000 0.000 0.000 0.000 0.000 0.000 0.000 0.000 0.000 0.000 0.001 0.002 0.006 0.015 0.027 0.031 0.030 0.022 0.013 0.011 0.015 0.032 0.072 0.137 0.189 0.219 0.238 0.250 0.255 0.250 0.228 0.188 0.141 0.098 0.066 0.044 0.029 0.019 0.013 0.009 0.007 0.006 0.005 0.005 0.003 0.002 0.001 0.000 0.000 0.000 0.000 0.000 0.000 0.000 0.000 0.000 0.000 0.000 0.000 0.000 0.000 0.000 0.000 0.000 0.000 0.000 0.000 0.000
0.000 0.000 0.000 0.000 0.000 0.000 0.000 0.000 0.000 0.000 0.000 0.000 0.000 0.000 0.000 0.000 0.000 0.000 0.000 0.001 0.003 0.010 0.022 0.029 0.029 0.025 0.013 0.008 0.008 0.013 0.026 0.050 0.088 0.118 0.139 0.155 0.167 0.176 0.181 0.178 0.160 0.128 0.091 0.060 0.037 0.022 0.013 0.007 0.004 0.002 0.002 0.001 0.001 0.001 0.000 0.000 0.000 0.000 0.000 0.000 0.000 0.000 0.000 0.000 0.000 0.000 0.000 0.000 0.000 0.000 0.000 0.000 0.000 0.000 0.000 0.000 0.000
0.000 0.000 0.000 0.000 0.000 0.000 0.000 0.000 0.000 0.000 0.000 0.000 0.000 0.000 0.000 0.000 0.000 0.000 0.001 0.002 0.005 0.014 0.025 0.028 0.026 0.017 0.007 0.005 0.006 0.011 0.020 0.035 0.054 0.068 0.078 0.086 0.094 0.102 0.111 0.118 0.118 0.106 0.081 0.053 0.031 0.017 0.009 0.004 0.002 0.001 0.001 0.000 0.000 0.000 0.000 0.000 0.000 0.000 0.000 0.000 0.000 0.000 0.000 0.000 0.000 0.000 0.000 0.000 0.000 0.000 0.000 0.000 0.000 0.000 0.000 0.000 0.000
0.000 0.000 0.000 0.000 0.000 0.000 0.000 0.000 0.000 0.000 0.000 0.000 0.000 0.000 0.000 0.000 0.000 0.000 0.001 0.003 0.008 0.019 0.026 0.027 0.021 0.009 0.003 0.003 0.005 0.008 0.015 0.024 0.032 0.036 0.038 0.039 0.041 0.045 0.051 0.059 0.065 0.067 0.060 0.042 0.024 0.012 0.006 0.002 0.001 0.001 0.000 0.000 0.000 0.000 0.000 0.000 0.000 0.000 0.000 0.000 0.000 0.000 0.000 0.000 0.000 0.000 0.000 0.000 0.000 0.000 0.000 0.000 0.000 0.000 0.000 0.000 0.000
0.000 0.000 0.000 0.000 0.000 0.000 0.000 0.000 0.000 0.000 0.000 0.000 0.000 0.000 0.000 0.000 0.000 0.001 0.002 0.005 0.013 0.022 0.025 0.024 0.015 0.004 0.002 0.002 0.003 0.006 0.010 0.015 0.017 0.018 0.016 0.014 0.013 0.014 0.016 0.020 0.024 0.027 0.027 0.023 0.013 0.006 0.003 0.001 0.001 0.000 0.000 0.000 0.000 0.000 0.000 0.000 0.000 0.000 0.000 0.000 0.000 0.000 0.000 0.000 0.000 0.000 0.000 0.000 0.000 0.000 0.000 0.000 0.000 0.000 0.000 0.000 0.000
0.000 0.000 0.000 0.000 0.000 0.000 0.000 0.000 0.000 0.000 0.000 0.000 0.000 0.000 0.000 0.000 0.000 0.001 0.003 0.007 0.017 0.023 0.024 0.019 0.008 0.002 0.001 0.001 0.002 0.004 0.006 0.008 0.008 0.008 0.007 0.005 0.004 0.004 0.004 0.004 0.006 0.007 0.008 0.008 0.005 0.003 0.001 0.001 0.000 0.000 0.000 0.000 0.000 0.000 0.000 0.000 0.000 0.000 0.000 0.000 0.000 0.000 0.000 0.000 0.000 0.000 0.000 0.000 0.000 0.000 0.000 0.000 0.000 0.000 0.000 0.000 0.000
