RESULTS/r.avaflow_results/31_results/31_ascii/31_hflow10056.asc
ncols 506
nrows 317
xllcenter 498237.50
yllcenter 5580050.00
cellsize 12.50
NODATA_value -9999.000
[rows 170 to 203 of 317, columns 77 to 153 of 506]
0.000 0.000 0.000 0.000 0.000 0.000 0.000 0.000 0.000 0.000 0.000 0.000 0.000 0.000 0.000 0.000 0.000 0.000 0.000 0.000 0.000 0.000 0.000 0.000 0.000 0.000 0.000 0.000 0.000 0.000 0.000 0.000 0.000 0.000 0.000 0.000 0.000 0.000 0.000 0.000 0.000 0.000 0.000 0.000 0.000 0.000 0.000 0.001 0.002 0.004 0.008 0.017 0.046 0.121 0.248 0.363 0.460 0.564 0.636 0.651 0.634 0.600 0.548 0.484 0.405 0.326 0.259 0.205 0.161 0.125 0.097 0.075 0.057 0.044 0.033 0.025 0.019
0.000 0.000 0.000 0.000 0.000 0.000 0.000 0.000 0.000 0.000 0.000 0.000 0.000 0.000 0.000 0.000 0.000 0.000 0.000 0.000 0.000 0.000 0.000 0.000 0.000 0.000 0.000 0.000 0.000 0.000 0.000 0.000 0.000 0.000 0.000 0.000 0.000 0.000 0.000 0.000 0.000 0.000 0.000 0.000 0.000 0.001 0.002 0.003 0.006 0.012 0.026 0.065 0.155 0.311 0.470 0.572 0.645 0.699 0.719 0.711 0.683 0.640 0.580 0.507 0.418 0.335 0.267 0.211 0.166 0.129 0.100 0.078 0.060 0.046 0.035 0.027 0.020
0.000 0.000 0.000 0.000 0.000 0.000 0.000 0.000 0.000 0.000 0.000 0.000 0.000 0.000 0.000 0.000 0.000 0.000 0.000 0.000 0.000 0.000 0.000 0.000 0.000 0.000 0.000 0.000 0.000 0.000 0.000 0.000 0.000 0.000 0.000 0.000 0.000 0.000 0.000 0.000 0.000 0.000 0.000 0.000 0.001 0.002 0.005 0.010 0.019 0.042 0.102 0.223 0.380 0.520 0.602 0.667 0.727 0.754 0.753 0.738 0.710 0.665 0.602 0.522 0.428 0.344 0.274 0.218 0.171 0.134 0.105 0.081 0.063 0.048 0.037 0.028 0.021
0.000 0.000 0.000 0.000 0.000 0.000 0.000 0.000 0.000 0.000 0.000 0.000 0.000 0.000 0.000 0.000 0.000 0.000 0.000 0.001 0.001 0.002 0.002 0.002 0.003 0.003 0.003 0.003 0.003 0.003 0.003 0.002 0.002 0.002 0.001 0.001 0.001 0.000 0.000 0.000 0.000 0.000 0.000 0.001 0.003 0.007 0.015 0.033 0.071 0.156 0.326 0.514 0.624 0.656 0.667 0.694 0.746 0.768 0.765 0.752 0.725 0.681 0.617 0.533 0.436 0.351 0.280 0.223 0.176 0.139 0.108 0.084 0.065 0.050 0.038 0.029 0.022
0.000 0.000 0.000 0.000 0.000 0.000 0.000 0.000 0.000 0.000 0.000 0.000 0.000 0.000 0.000 0.000 0.000 0.000 0.001 0.002 0.004 0.006 0.007 0.008 0.008 0.008 0.008 0.008 0.008 0.008 0.008 0.008 0.007 0.006 0.004 0.003 0.002 0.001 0.001 0.001 0.001 0.001 0.001 0.003 0.008 0.022 0.053 0.114 0.225 0.417 0.628 0.743 0.758 0.726 0.697 0.698 0.738 0.771 0.772 0.762 0.737 0.694 0.629 0.542 0.442 0.356 0.285 0.227 0.180 0.142 0.111 0.086 0.066 0.051 0.039 0.030 0.023
0.000 0.000 0.000 0.000 0.000 0.000 0.000 0.000 0.000 0.000 0.000 0.000 0.000 0.000 0.000 0.000 0.000 0.001 0.002 0.005 0.008 0.012 0.014 0.016 0.016 0.017 0.017 0.017 0.017 0.017 0.016 0.016 0.014 0.012 0.009 0.006 0.004 0.003 0.002 0.002 0.002 0.002 0.004 0.009 0.025 0.071 0.163 0.307 0.503 0.698 0.809 0.836 0.817 0.765 0.713 0.691 0.708 0.756 0.775 0.769 0.748 0.706 0.638 0.546 0.445 0.359 0.288 0.230 0.182 0.143 0.112 0.087 0.067 0.052 0.040 0.031 0.023
0.000 0.000 0.000 0.000 0.000 0.000 0.000 0.000 0.000 0.000 0.000 0.000 0.000 0.000 0.000 0.000 0.000 0.001 0.005 0.009 0.015 0.020 0.024 0.027 0.028 0.029 0.029 0.029 0.029 0.029 0.028 0.027 0.024 0.021 0.015 0.010 0.007 0.006 0.005 0.004 0.004 0.005 0.009 0.024 0.077 0.200 0.388 0.578 0.741 0.843 0.877 0.873 0.849 0.796 0.729 0.690 0.685 0.730 0.776 0.778 0.760 0.717 0.646 0.549 0.446 0.360 0.288 0.230 0.182 0.143 0.112 0.088 0.068 0.053 0.041 0.031 0.024
0.000 0.000 0.000 0.000 0.000 0.000 0.000 0.000 0.000 0.000 0.000 0.000 0.000 0.000 0.000 0.000 0.000 0.002 0.007 0.014 0.024 0.032 0.038 0.041 0.043 0.044 0.045 0.045 0.045 0.045 0.044 0.041 0.038 0.032 0.024 0.016 0.012 0.009 0.008 0.007 0.008 0.010 0.020 0.063 0.197 0.438 0.653 0.783 0.863 0.902 0.909 0.903 0.876 0.824 0.751 0.700 0.684 0.718 0.778 0.787 0.769 0.722 0.648 0.549 0.446 0.359 0.287 0.229 0.181 0.143 0.112 0.088 0.068 0.053 0.041 0.032 0.024
0.000 0.000 0.000 0.000 0.000 0.000 0.000 0.000 0.000 0.000 0.000 0.000 0.000 0.000 0.000 0.000 0.000 0.002 0.008 0.017 0.031 0.045 0.054 0.060 0.063 0.064 0.065 0.065 0.065 0.064 0.063 0.060 0.055 0.047 0.036 0.024 0.017 0.013 0.011 0.011 0.011 0.017 0.042 0.143 0.399 0.686 0.830 0.890 0.922 0.937 0.939 0.932 0.904 0.854 0.781 0.723 0.701 0.723 0.780 0.790 0.771 0.722 0.646 0.545 0.441 0.354 0.284 0.226 0.179 0.142 0.112 0.088 0.069 0.054 0.042 0.032 0.025
0.000 0.000 0.000 0.000 0.000 0.000 0.000 0.000 0.000 0.000 0.000 0.000 0.000 0.000 0.000 0.000 0.000 0.002 0.008 0.018 0.034 0.057 0.074 0.083 0.087 0.089 0.090 0.090 0.090 0.089 0.087 0.083 0.077 0.067 0.051 0.035 0.024 0.018 0.015 0.014 0.015 0.022 0.062 0.224 0.573 0.839 0.925 0.946 0.958 0.963 0.963 0.956 0.933 0.890 0.825 0.763 0.734 0.746 0.785 0.790 0.767 0.715 0.636 0.534 0.433 0.348 0.279 0.223 0.177 0.140 0.111 0.088 0.069 0.054 0.042 0.033 0.025
0.000 0.000 0.000 0.000 0.000 0.000 0.000 0.000 0.000 0.000 0.000 0.000 0.000 0.000 0.000 0.000 0.000 0.002 0.007 0.017 0.034 0.062 0.093 0.110 0.117 0.119 0.120 0.121 0.120 0.119 0.117 0.112 0.104 0.092 0.072 0.049 0.033 0.023 0.018 0.017 0.017 0.024 0.067 0.258 0.667 0.925 0.974 0.977 0.978 0.977 0.974 0.970 0.960 0.935 0.887 0.826 0.787 0.784 0.796 0.791 0.760 0.702 0.618 0.515 0.419 0.339 0.272 0.218 0.174 0.139 0.111 0.089 0.071 0.056 0.044 0.034 0.026
0.000 0.000 0.000 0.000 0.000 0.000 0.000 0.000 0.000 0.000 0.000 0.000 0.000 0.000 0.000 0.000 0.000 0.001 0.004 0.011 0.027 0.056 0.101 0.135 0.150 0.155 0.157 0.157 0.157 0.156 0.153 0.148 0.138 0.122 0.100 0.070 0.045 0.030 0.022 0.019 0.019 0.025 0.065 0.256 0.690 0.963 1.002 0.994 0.984 0.978 0.976 0.977 0.982 0.975 0.953 0.908 0.859 0.830 0.814 0.794 0.752 0.685 0.593 0.489 0.398 0.324 0.262 0.211 0.170 0.137 0.111 0.091 0.073 0.059 0.046 0.036 0.028
0.000 0.000 0.000 0.000 0.000 0.000 0.000 0.000 0.000 0.000 0.000 0.000 0.000 0.000 0.000 0.000 0.000 0.000 0.001 0.004 0.014 0.040 0.091 0.148 0.180 0.194 0.199 0.201 0.201 0.200 0.197 0.190 0.178 0.161 0.135 0.099 0.064 0.040 0.028 0.022 0.021 0.025 0.058 0.225 0.649 0.963 1.016 1.002 0.980 0.969 0.968 0.976 0.994 1.003 0.996 0.970 0.925 0.878 0.838 0.797 0.743 0.667 0.570 0.466 0.378 0.306 0.249 0.202 0.164 0.134 0.111 0.093 0.077 0.063 0.050 0.039 0.030
0.000 0.000 0.000 0.000 0.000 0.000 0.000 0.000 0.000 0.000 0.000 0.000 0.000 0.000 0.000 0.000 0.000 0.000 0.000 0.001 0.004 0.020 0.068 0.143 0.200 0.232 0.246 0.251 0.252 0.252 0.249 0.242 0.229 0.209 0.181 0.141 0.094 0.058 0.037 0.027 0.024 0.026 0.044 0.158 0.514 0.891 1.008 1.000 0.965 0.940 0.935 0.949 0.984 1.015 1.018 1.001 0.966 0.916 0.859 0.801 0.735 0.654 0.557 0.456 0.368 0.296 0.237 0.192 0.156 0.129 0.110 0.094 0.080 0.066 0.054 0.042 0.033
0.000 0.000 0.000 0.000 0.000 0.000 0.000 0.000 0.000 0.000 0.000 0.000 0.000 0.000 0.000 0.000 0.000 0.000 0.000 0.000 0.001 0.008 0.042 0.121 0.205 0.258 0.292 0.307 0.312 0.313 0.311 0.304 0.290 0.269 0.238 0.196 0.140 0.088 0.054 0.036 0.030 0.029 0.037 0.089 0.313 0.699 0.926 0.962 0.928 0.876 0.844 0.847 0.889 0.960 1.006 1.007 0.981 0.937 0.876 0.807 0.731 0.647 0.553 0.455 0.367 0.292 0.231 0.184 0.148 0.122 0.104 0.091 0.080 0.068 0.056 0.045 0.035
0.000 0.000 0.000 0.000 0.000 0.000 0.000 0.000 0.000 0.000 0.000 0.000 0.000 0.000 0.000 0.000 0.000 0.000 0.000 0.000 0.000 0.003 0.020 0.083 0.185 0.267 0.327 0.365 0.380 0.385 0.385 0.379 0.366 0.346 0.313 0.268 0.206 0.136 0.086 0.056 0.041 0.037 0.040 0.060 0.159 0.436 0.727 0.833 0.825 0.762 0.668 0.615 0.628 0.714 0.849 0.951 0.973 0.942 0.887 0.815 0.733 0.647 0.554 0.458 0.370 0.293 0.228 0.177 0.139 0.111 0.091 0.076 0.068 0.061 0.054 0.046 0.037
0.000 0.000 0.000 0.000 0.000 0.000 0.000 0.000 0.000 0.000 0.000 0.000 0.000 0.000 0.000 0.000 0.000 0.000 0.000 0.000 0.000 0.001 0.008 0.045 0.137 0.251 0.342 0.415 0.457 0.472 0.475 0.472 0.461 0.442 0.411 0.364 0.297 0.211 0.139 0.091 0.064 0.051 0.049 0.055 0.093 0.231 0.455 0.582 0.604 0.563 0.457 0.357 0.321 0.351 0.495 0.727 0.885 0.918 0.884 0.817 0.736 0.649 0.559 0.468 0.379 0.298 0.229 0.172 0.129 0.096 0.069 0.049 0.040 0.039 0.040 0.039 0.034
0.000 0.000 0.000 0.000 0.000 0.000 0.000 0.000 0.000 0.000 0.000 0.000 0.000 0.000 0.000 0.000 0.000 0.000 0.000 0.000 0.000 0.000 0.002 0.018 0.080 0.200 0.329 0.441 0.530 0.574 0.585 0.585 0.579 0.563 0.535 0.487 0.414 0.312 0.215 0.145 0.099 0.073 0.063 0.062 0.077 0.137 0.263 0.358 0.388 0.378 0.323 0.238 0.180 0.167 0.215 0.389 0.641 0.799 0.832 0.798 0.731 0.650 0.567 0.484 0.393 0.305 0.230 0.168 0.119 0.079 0.049 0.029 0.019 0.016 0.017 0.018 0.017
0.000 0.000 0.000 0.000 0.000 0.000 0.000 0.000 0.000 0.000 0.000 0.000 0.000 0.000 0.000 0.000 0.000 0.000 0.000 0.000 0.000 0.000 0.001 0.006 0.036 0.127 0.275 0.432 0.575 0.676 0.716 0.723 0.720 0.706 0.671 0.610 0.515 0.395 0.289 0.208 0.148 0.106 0.083 0.076 0.082 0.113 0.182 0.248 0.278 0.280 0.259 0.207 0.147 0.114 0.111 0.164 0.322 0.529 0.661 0.697 0.675 0.624 0.561 0.488 0.396 0.300 0.221 0.156 0.103 0.062 0.033 0.017 0.009 0.007 0.006 0.005 0.004
0.000 0.000 0.000 0.000 0.000 0.000 0.000 0.000 0.000 0.000 0.000 0.000 0.000 0.000 0.000 0.000 0.000 0.000 0.000 0.000 0.000 0.000 0.000 0.002 0.012 0.058 0.180 0.370 0.575 0.742 0.836 0.862 0.859 0.835 0.783 0.696 0.577 0.447 0.338 0.253 0.190 0.143 0.112 0.098 0.098 0.117 0.164 0.213 0.237 0.242 0.233 0.202 0.148 0.105 0.086 0.087 0.130 0.236 0.364 0.446 0.475 0.473 0.450 0.406 0.332 0.242 0.171 0.116 0.071 0.038 0.018 0.009 0.005 0.003 0.002 0.002 0.001
0.000 0.000 0.000 0.000 0.000 0.000 0.000 0.000 0.000 0.000 0.000 0.000 0.000 0.000 0.000 0.000 0.000 0.000 0.000 0.000 0.000 0.000 0.000 0.001 0.003 0.018 0.079 0.232 0.485 0.746 0.909 0.969 0.967 0.931 0.858 0.745 0.606 0.475 0.365 0.279 0.215 0.169 0.139 0.124 0.122 0.134 0.169 0.210 0.228 0.231 0.226 0.204 0.160 0.113 0.084 0.071 0.070 0.093 0.143 0.182 0.201 0.206 0.205 0.193 0.163 0.115 0.076 0.050 0.030 0.016 0.008 0.004 0.003 0.002 0.001 0.001 0.001
0.000 0.000 0.000 0.000 0.000 0.000 0.000 0.000 0.000 0.000 0.000 0.000 0.000 0.000 0.000 0.000 0.000 0.000 0.000 0.000 0.000 0.000 0.000 0.001 0.001 0.005 0.023 0.088 0.280 0.617 0.903 1.022 1.032 0.986 0.893 0.763 0.616 0.486 0.378 0.292 0.227 0.182 0.155 0.142 0.139 0.149 0.179 0.214 0.229 0.231 0.226 0.210 0.177 0.132 0.094 0.069 0.057 0.052 0.057 0.063 0.066 0.065 0.063 0.059 0.051 0.037 0.025 0.017 0.011 0.007 0.004 0.002 0.001 0.001 0.001 0.001 0.001
0.000 0.000 0.000 0.000 0.000 0.000 0.000 0.000 0.000 0.000 0.000 0.000 0.000 0.000 0.000 0.000 0.000 0.000 0.000 0.000 0.000 0.000 0.000 0.001 0.001 0.004 0.011 0.029 0.102 0.346 0.738 0.994 1.045 1.001 0.899 0.764 0.617 0.489 0.382 0.297 0.231 0.186 0.160 0.149 0.148 0.155 0.181 0.218 0.235 0.237 0.232 0.217 0.188 0.145 0.104 0.073 0.053 0.040 0.032 0.027 0.024 0.022 0.021 0.019 0.017 0.013 0.009 0.007 0.005 0.003 0.002 0.001 0.001 0.001 0.001 0.001 0.000
0.000 0.000 0.000 0.000 0.000 0.000 0.000 0.000 0.000 0.000 0.000 0.000 0.000 0.000 0.000 0.000 0.000 0.000 0.000 0.000 0.000 0.000 0.001 0.001 0.003 0.008 0.016 0.026 0.040 0.126 0.425 0.815 0.979 0.969 0.881 0.753 0.612 0.487 0.383 0.297 0.232 0.185 0.159 0.150 0.150 0.156 0.177 0.214 0.237 0.241 0.236 0.220 0.191 0.148 0.105 0.073 0.049 0.032 0.021 0.014 0.011 0.009 0.008 0.008 0.007 0.006 0.004 0.003 0.002 0.001 0.001 0.001 0.001 0.001 0.000 0.000 0.000
0.000 0.000 0.000 0.000 0.000 0.000 0.000 0.000 0.000 0.000 0.000 0.000 0.000 0.000 0.000 0.000 0.000 0.000 0.000 0.000 0.000 0.000 0.001 0.003 0.008 0.019 0.029 0.032 0.034 0.052 0.181 0.517 0.782 0.842 0.802 0.711 0.593 0.479 0.380 0.296 0.230 0.182 0.153 0.142 0.142 0.148 0.163 0.192 0.218 0.228 0.226 0.213 0.184 0.140 0.095 0.063 0.038 0.021 0.011 0.007 0.005 0.004 0.004 0.004 0.003 0.003 0.002 0.002 0.001 0.001 0.001 0.000 0.000 0.000 0.000 0.000 0.000
0.000 0.000 0.000 0.000 0.000 0.000 0.000 0.000 0.000 0.000 0.000 0.000 0.000 0.000 0.000 0.000 0.000 0.000 0.000 0.000 0.000 0.001 0.003 0.007 0.018 0.030 0.034 0.034 0.033 0.037 0.090 0.280 0.523 0.626 0.641 0.612 0.546 0.459 0.371 0.292 0.225 0.174 0.139 0.121 0.116 0.119 0.125 0.139 0.158 0.170 0.173 0.166 0.144 0.104 0.063 0.036 0.018 0.009 0.004 0.003 0.002 0.002 0.002 0.002 0.001 0.001 0.001 0.001 0.001 0.000 0.000 0.000 0.000 0.000 0.000 0.000 0.000
0.000 0.000 0.000 0.000 0.000 0.000 0.000 0.000 0.000 0.000 0.000 0.000 0.000 0.000 0.000 0.000 0.000 0.000 0.000 0.000 0.001 0.002 0.005 0.015 0.028 0.033 0.034 0.031 0.026 0.028 0.057 0.162 0.333 0.430 0.461 0.469 0.456 0.415 0.352 0.282 0.217 0.163 0.121 0.093 0.078 0.071 0.068 0.069 0.074 0.079 0.081 0.079 0.069 0.047 0.025 0.012 0.005 0.002 0.001 0.001 0.001 0.001 0.001 0.001 0.001 0.001 0.000 0.000 0.000 0.000 0.000 0.000 0.000 0.000 0.000 0.000 0.000
0.000 0.000 0.000 0.000 0.000 0.000 0.000 0.000 0.000 0.000 0.000 0.000 0.000 0.000 0.000 0.000 0.000 0.000 0.000 0.000 0.001 0.003 0.010 0.023 0.032 0.033 0.031 0.022 0.017 0.020 0.042 0.105 0.214 0.290 0.325 0.342 0.347 0.341 0.313 0.264 0.206 0.152 0.108 0.077 0.056 0.042 0.033 0.028 0.026 0.025 0.025 0.024 0.021 0.014 0.007 0.003 0.001 0.001 0.000 0.000 0.000 0.000 0.000 0.000 0.000 0.000 0.000 0.000 0.000 0.000 0.000 0.000 0.000 0.000 0.000 0.000 0.000
0.000 0.000 0.000 0.000 0.000 0.000 0.000 0.000 0.000 0.000 0.000 0.000 0.000 0.000 0.000 0.000 0.000 0.000 0.000 0.001 0.002 0.006 0.016 0.028 0.032 0.031 0.023 0.013 0.011 0.016 0.033 0.073 0.139 0.191 0.221 0.240 0.251 0.256 0.251 0.229 0.189 0.142 0.099 0.067 0.044 0.029 0.019 0.013 0.009 0.007 0.006 0.006 0.005 0.003 0.002 0.001 0.000 0.000 0.000 0.000 0.000 0.000 0.000 0.000 0.000 0.000 0.000 0.000 0.000 0.000 0.000 0.000 0.000 0.000 0.000 0.000 0.000
0.000 0.000 0.000 0.000 0.000 0.000 0.000 0.000 0.000 0.000 0.000 0.000 0.000 0.000 0.000 0.000 0.000 0.000 0.000 0.001 0.003 0.010 0.022 0.029 0.030 0.025 0.013 0.008 0.008 0.013 0.026 0.051 0.089 0.119 0.140 0.156 0.168 0.176 0.181 0.178 0.161 0.128 0.091 0.060 0.037 0.022 0.013 0.007 0.004 0.002 0.002 0.001 0.001 0.001 0.000 0.000 0.000 0.000 0.000 0.000 0.000 0.000 0.000 0.000 0.000 0.000 0.000 0.000 0.000 0.000 0.000 0.000 0.000 0.000 0.000 0.000 0.000
0.000 0.000 0.000 0.000 0.000 0.000 0.000 0.000 0.000 0.000 0.000 0.000 0.000 0.000 0.000 0.000 0.000 0.000 0.001 0.002 0.005 0.015 0.026 0.029 0.027 0.017 0.007 0.005 0.006 0.011 0.020 0.036 0.055 0.069 0.079 0.087 0.094 0.103 0.111 0.117 0.118 0.106 0.081 0.052 0.031 0.017 0.009 0.004 0.002 0.001 0.001 0.000 0.000 0.000 0.000 0.000 0.000 0.000 0.000 0.000 0.000 0.000 0.000 0.000 0.000 0.000 0.000 0.000 0.000 0.000 0.000 0.000 0.000 0.000 0.000 0.000 0.000
0.000 0.000 0.000 0.000 0.000 0.000 0.000 0.000 0.000 0.000 0.000 0.000 0.000 0.000 0.000 0.000 0.000 0.000 0.001 0.003 0.009 0.020 0.027 0.027 0.022 0.009 0.003 0.003 0.005 0.008 0.015 0.024 0.032 0.037 0.039 0.039 0.041 0.045 0.052 0.058 0.064 0.066 0.059 0.041 0.023 0.012 0.005 0.002 0.001 0.001 0.000 0.000 0.000 0.000 0.000 0.000 0.000 0.000 0.000 0.000 0.000 0.000 0.000 0.000 0.000 0.000 0.000 0.000 0.000 0.000 0.000 0.000 0.000 0.000 0.000 0.000 0.000
0.000 0.000 0.000 0.000 0.000 0.000 0.000 0.000 0.000 0.000 0.000 0.000 0.000 0.000 0.000 0.000 0.000 0.001 0.002 0.005 0.013 0.023 0.026 0.024 0.015 0.004 0.002 0.002 0.003 0.006 0.010 0.015 0.017 0.018 0.017 0.014 0.014 0.014 0.016 0.020 0.024 0.027 0.027 0.022 0.013 0.006 0.003 0.001 0.001 0.000 0.000 0.000 0.000 0.000 0.000 0.000 0.000 0.000 0.000 0.000 0.000 0.000 0.000 0.000 0.000 0.000 0.000 0.000 0.000 0.000 0.000 0.000 0.000 0.000 0.000 0.000 0.000
0.000 0.000 0.000 0.000 0.000 0.000 0.000 0.000 0.000 0.000 0.000 0.000 0.000 0.000 0.000 0.000 0.000 0.001 0.003 0.008 0.018 0.024 0.024 0.020 0.008 0.002 0.001 0.001 0.002 0.004 0.006 0.008 0.008 0.008 0.007 0.005 0.004 0.004 0.004 0.004 0.006 0.007 0.008 0.008 0.005 0.002 0.001 0.001 0.000 0.000 0.000 0.000 0.000 0.000 0.000 0.000 0.000 0.000 0.000 0.000 0.000 0.000 0.000 0.000 0.000 0.000 0.000 0.000 0.000 0.000 0.000 0.000 0.000 0.000 0.000 0.000 0.000
