RESULTS/r.avaflow_results/31_results/31_ascii/31_hflow_max0033.asc
ncols 506
nrows 317
xllcenter 498237.50
yllcenter 5580050.00
cellsize 12.50
NODATA_value -9999.000
[rows 170 to 203 of 317, columns 77 to 153 of 506]
0.000 0.000 0.000 0.000 0.000 0.000 0.000 0.000 0.000 0.000 0.000 0.000 0.000 0.000 0.000 0.000 0.000 0.000 0.000 0.000 0.000 0.000 0.000 0.000 0.000 0.000 0.000 0.000 0.000 0.000 0.000 0.000 0.000 0.000 0.000 0.000 0.000 0.000 0.000 0.000 0.000 0.000 0.000 0.000 0.001 0.002 0.003 0.006 0.011 0.020 0.042 0.108 0.299 0.732 1.410 2.392 4.093 7.273 9.986 12.413 14.379 15.795 16.637 16.918 16.818 16.343 15.854 15.346 14.910 14.175 13.019 11.777 11.000 10.858 10.817 10.813 10.881
0.000 0.000 0.000 0.000 0.000 0.000 0.000 0.000 0.000 0.000 0.000 0.000 0.000 0.000 0.000 0.000 0.000 0.000 0.000 0.000 0.000 0.000 0.000 0.000 0.000 0.000 0.000 0.000 0.000 0.000 0.000 0.000 0.000 0.000 0.000 0.000 0.000 0.000 0.000 0.000 0.000 0.000 0.000 0.001 0.003 0.005 0.008 0.014 0.028 0.062 0.145 0.339 0.728 1.330 2.126 4.183 6.430 9.039 11.643 13.957 15.693 16.555 17.123 17.225 17.092 16.702 16.006 15.279 14.551 13.847 13.061 13.122 13.226 13.297 13.458 13.799 14.281
0.000 0.000 0.000 0.000 0.000 0.000 0.000 0.000 0.000 0.000 0.000 0.000 0.000 0.000 0.000 0.000 0.000 0.000 0.000 0.000 0.000 0.000 0.000 0.000 0.001 0.001 0.001 0.001 0.001 0.001 0.001 0.001 0.001 0.001 0.000 0.000 0.000 0.000 0.000 0.000 0.000 0.001 0.002 0.004 0.007 0.012 0.022 0.046 0.100 0.220 0.447 0.807 1.246 1.743 2.428 4.730 7.080 9.700 12.214 14.394 15.976 16.774 17.121 17.198 17.070 16.557 15.790 15.143 14.838 14.783 14.706 14.691 14.599 14.694 15.074 15.957 17.216
0.000 0.000 0.000 0.000 0.000 0.000 0.000 0.000 0.000 0.000 0.000 0.000 0.000 0.000 0.000 0.000 0.000 0.000 0.000 0.000 0.000 0.001 0.002 0.003 0.003 0.003 0.004 0.004 0.004 0.004 0.004 0.004 0.003 0.003 0.002 0.001 0.001 0.000 0.000 0.000 0.001 0.002 0.006 0.011 0.019 0.034 0.077 0.159 0.312 0.581 0.936 1.287 1.679 2.084 2.623 4.490 6.840 9.540 12.035 14.118 15.708 16.561 16.864 16.904 16.720 16.300 15.912 15.929 15.973 15.951 15.751 15.488 15.456 15.656 16.342 17.748 19.400
0.000 0.000 0.000 0.000 0.000 0.000 0.000 0.000 0.000 0.000 0.000 0.000 0.000 0.000 0.000 0.000 0.000 0.000 0.000 0.000 0.001 0.002 0.005 0.006 0.008 0.008 0.009 0.009 0.009 0.009 0.009 0.009 0.008 0.007 0.005 0.003 0.002 0.002 0.001 0.001 0.002 0.006 0.014 0.025 0.047 0.117 0.238 0.425 0.694 1.005 1.287 1.853 2.301 2.637 3.015 3.744 5.816 8.649 11.357 13.607 15.091 15.923 16.417 16.506 16.472 16.563 16.610 16.611 16.578 16.438 16.173 15.861 16.025 16.724 17.642 18.829 20.148
0.000 0.000 0.000 0.000 0.000 0.000 0.000 0.000 0.000 0.000 0.000 0.000 0.000 0.000 0.000 0.000 0.000 0.000 0.000 0.001 0.003 0.006 0.009 0.012 0.014 0.016 0.017 0.017 0.017 0.017 0.017 0.016 0.015 0.013 0.009 0.006 0.005 0.004 0.003 0.003 0.006 0.014 0.029 0.055 0.148 0.326 0.557 0.812 1.059 1.267 1.736 2.319 2.725 3.037 3.282 3.590 4.571 7.415 10.375 12.755 14.224 15.082 15.602 15.908 16.284 16.546 16.802 16.676 16.655 16.535 16.268 16.058 16.079 16.795 17.617 18.635 19.813
0.000 0.000 0.000 0.000 0.000 0.000 0.000 0.000 0.000 0.000 0.000 0.000 0.000 0.000 0.000 0.000 0.000 0.000 0.001 0.003 0.006 0.010 0.016 0.020 0.024 0.026 0.027 0.028 0.028 0.028 0.028 0.027 0.025 0.021 0.015 0.011 0.008 0.007 0.006 0.006 0.011 0.026 0.057 0.150 0.383 0.683 0.930 1.111 1.264 1.557 2.118 2.598 2.959 3.258 3.450 3.638 4.079 6.734 9.623 11.930 13.425 14.237 14.802 15.305 15.846 16.210 16.408 16.382 16.251 16.015 15.629 15.297 15.275 15.636 16.558 17.640 19.006
0.000 0.000 0.000 0.000 0.000 0.000 0.000 0.000 0.000 0.000 0.000 0.000 0.000 0.000 0.000 0.000 0.000 0.000 0.002 0.006 0.011 0.017 0.025 0.032 0.036 0.040 0.042 0.043 0.043 0.043 0.043 0.041 0.038 0.032 0.023 0.016 0.012 0.011 0.010 0.011 0.018 0.045 0.111 0.351 0.744 1.042 1.193 1.292 1.486 2.003 2.421 2.761 3.057 3.339 3.565 3.698 3.923 6.211 9.030 11.160 12.526 13.412 14.006 14.559 15.060 15.290 15.341 15.195 14.919 14.525 14.007 13.773 13.747 14.088 14.992 16.281 17.796
0.000 0.000 0.000 0.000 0.000 0.000 0.000 0.000 0.000 0.000 0.000 0.000 0.000 0.000 0.000 0.000 0.000 0.001 0.003 0.008 0.017 0.027 0.038 0.047 0.054 0.058 0.061 0.062 0.063 0.063 0.062 0.060 0.055 0.047 0.035 0.025 0.019 0.017 0.016 0.018 0.028 0.072 0.208 0.606 1.063 1.284 1.363 1.475 1.963 2.326 2.593 2.820 3.064 3.319 3.573 3.669 3.784 5.767 8.186 10.061 11.356 12.300 12.864 13.325 13.616 13.650 13.523 13.274 12.849 12.228 11.754 11.482 11.464 11.988 13.086 14.674 16.395
0.000 0.000 0.000 0.000 0.000 0.000 0.000 0.000 0.000 0.000 0.000 0.000 0.000 0.000 0.000 0.000 0.000 0.001 0.003 0.009 0.021 0.038 0.055 0.067 0.076 0.082 0.086 0.087 0.088 0.088 0.087 0.084 0.078 0.068 0.054 0.040 0.030 0.025 0.024 0.026 0.042 0.109 0.280 0.778 1.273 1.447 1.487 1.877 2.215 2.458 2.629 2.803 3.033 3.274 3.500 3.563 3.600 5.276 7.268 8.787 9.972 10.653 11.112 11.464 11.621 11.580 11.360 11.002 10.435 9.736 9.297 9.236 9.544 10.366 11.683 13.246 14.940
0.000 0.000 0.000 0.000 0.000 0.000 0.000 0.000 0.000 0.000 0.000 0.000 0.000 0.000 0.000 0.000 0.000 0.000 0.003 0.009 0.021 0.043 0.072 0.092 0.104 0.112 0.118 0.120 0.121 0.121 0.120 0.116 0.108 0.095 0.083 0.063 0.045 0.037 0.035 0.044 0.066 0.155 0.402 0.872 1.401 1.561 1.806 2.076 2.290 2.455 2.592 2.745 2.958 3.191 3.365 3.385 3.333 4.448 6.369 7.594 8.415 8.707 8.926 9.154 9.276 9.250 9.050 8.708 8.218 7.714 7.462 7.537 8.051 9.031 10.322 11.751 13.318
0.000 0.000 0.000 0.000 0.000 0.000 0.000 0.000 0.000 0.000 0.000 0.000 0.000 0.000 0.000 0.000 0.000 0.000 0.001 0.006 0.017 0.042 0.083 0.119 0.138 0.150 0.157 0.161 0.162 0.162 0.161 0.156 0.146 0.142 0.129 0.104 0.071 0.060 0.070 0.097 0.146 0.234 0.502 0.948 1.443 1.821 2.010 2.135 2.262 2.384 2.515 2.625 2.802 3.002 3.127 3.076 2.922 3.607 5.293 6.447 7.007 7.044 6.954 6.917 6.913 6.877 6.797 6.611 6.298 6.048 5.985 6.152 6.767 7.744 8.949 10.251 11.609
0.000 0.000 0.000 0.000 0.000 0.000 0.000 0.000 0.000 0.000 0.000 0.000 0.000 0.000 0.000 0.000 0.000 0.000 0.000 0.002 0.010 0.034 0.082 0.139 0.176 0.196 0.206 0.212 0.214 0.214 0.213 0.217 0.218 0.216 0.202 0.170 0.118 0.122 0.151 0.211 0.308 0.485 0.823 1.305 1.752 1.971 2.061 2.120 2.189 2.274 2.329 2.348 2.474 2.601 2.667 2.594 2.453 2.714 3.951 5.150 5.610 5.563 5.379 5.176 5.036 4.956 4.900 4.796 4.641 4.566 4.626 4.931 5.545 6.434 7.459 8.545 9.655
0.000 0.000 0.000 0.000 0.000 0.000 0.000 0.000 0.000 0.000 0.000 0.000 0.000 0.000 0.000 0.000 0.000 0.000 0.000 0.001 0.004 0.022 0.071 0.146 0.208 0.246 0.265 0.274 0.278 0.278 0.309 0.330 0.335 0.333 0.315 0.273 0.228 0.256 0.324 0.441 0.625 0.961 1.391 1.705 1.874 1.969 2.028 2.076 2.100 2.079 1.987 1.928 1.939 1.979 2.012 2.012 2.157 2.353 2.671 3.663 4.147 4.202 4.079 3.885 3.701 3.560 3.442 3.320 3.237 3.221 3.325 3.679 4.345 5.013 5.833 6.739 7.786
0.000 0.000 0.000 0.000 0.000 0.000 0.000 0.000 0.000 0.000 0.000 0.000 0.000 0.000 0.000 0.000 0.000 0.000 0.000 0.000 0.002 0.011 0.052 0.132 0.221 0.287 0.328 0.347 0.356 0.395 0.487 0.533 0.542 0.535 0.500 0.429 0.465 0.543 0.685 0.892 1.165 1.507 1.762 1.861 1.888 1.918 1.970 1.979 1.908 1.808 1.611 1.481 1.449 1.485 1.573 1.709 1.868 2.036 2.236 2.429 2.865 3.033 3.020 2.921 2.774 2.592 2.386 2.192 2.094 2.070 2.116 2.321 2.746 3.364 4.130 5.094 6.164
0.000 0.000 0.000 0.000 0.000 0.000 0.000 0.000 0.000 0.000 0.000 0.000 0.000 0.000 0.000 0.000 0.000 0.000 0.000 0.000 0.001 0.005 0.030 0.100 0.208 0.306 0.384 0.430 0.453 0.557 0.782 0.893 0.905 0.881 0.805 0.835 0.934 1.101 1.315 1.508 1.671 1.828 1.899 1.893 1.885 1.871 1.830 1.737 1.711 1.551 1.252 1.078 0.990 1.019 1.146 1.357 1.547 1.730 1.881 1.957 1.971 2.089 2.149 2.109 2.015 1.849 1.609 1.367 1.232 1.179 1.165 1.215 1.409 1.818 2.465 3.551 4.524
0.000 0.000 0.000 0.000 0.000 0.000 0.000 0.000 0.000 0.000 0.000 0.000 0.000 0.000 0.000 0.000 0.000 0.000 0.000 0.000 0.000 0.002 0.013 0.061 0.166 0.295 0.414 0.515 0.582 0.689 0.978 1.294 1.380 1.344 1.274 1.349 1.502 1.671 1.808 1.900 1.948 1.965 1.934 1.909 1.860 1.761 1.604 1.495 1.433 1.198 0.923 0.687 0.547 0.534 0.652 0.915 1.184 1.404 1.546 1.585 1.562 1.517 1.456 1.428 1.357 1.223 1.023 0.791 0.652 0.580 0.541 0.529 0.583 0.785 1.218 2.237 2.856
0.000 0.000 0.000 0.000 0.000 0.000 0.000 0.000 0.000 0.000 0.000 0.000 0.000 0.000 0.000 0.000 0.000 0.000 0.000 0.000 0.000 0.001 0.004 0.028 0.107 0.247 0.406 0.569 0.715 0.828 1.053 1.410 1.648 1.700 1.657 1.634 1.787 1.912 2.017 2.066 2.067 2.017 1.970 1.889 1.759 1.574 1.365 1.191 1.064 0.919 0.772 0.563 0.339 0.255 0.286 0.453 0.742 1.011 1.184 1.242 1.218 1.164 1.103 1.030 0.944 0.831 0.678 0.497 0.353 0.256 0.221 0.207 0.211 0.270 0.435 0.755 0.912
0.000 0.000 0.000 0.000 0.000 0.000 0.000 0.000 0.000 0.000 0.000 0.000 0.000 0.000 0.000 0.000 0.000 0.000 0.000 0.000 0.001 0.004 0.009 0.019 0.051 0.166 0.353 0.574 0.800 0.976 1.102 1.292 1.643 1.801 1.824 1.810 1.859 1.992 2.091 2.116 2.100 2.063 1.964 1.811 1.599 1.375 1.191 1.051 0.931 0.813 0.674 0.465 0.262 0.149 0.134 0.179 0.334 0.563 0.766 0.871 0.884 0.846 0.792 0.721 0.627 0.517 0.399 0.282 0.191 0.126 0.093 0.085 0.083 0.093 0.136 0.202 0.222
0.000 0.000 0.000 0.000 0.000 0.000 0.000 0.000 0.000 0.000 0.000 0.000 0.000 0.000 0.000 0.000 0.000 0.000 0.000 0.001 0.004 0.011 0.023 0.046 0.087 0.162 0.287 0.493 0.804 1.061 1.193 1.266 1.417 1.691 1.813 1.831 1.930 2.022 2.091 2.115 2.112 2.055 1.910 1.670 1.437 1.249 1.082 0.950 0.841 0.732 0.578 0.359 0.189 0.117 0.087 0.086 0.126 0.228 0.362 0.461 0.507 0.509 0.480 0.427 0.347 0.265 0.192 0.134 0.091 0.062 0.044 0.040 0.038 0.040 0.050 0.060 0.061
0.000 0.000 0.000 0.000 0.000 0.000 0.000 0.000 0.000 0.000 0.000 0.000 0.000 0.000 0.000 0.000 0.000 0.000 0.001 0.004 0.012 0.028 0.057 0.106 0.188 0.324 0.526 0.769 0.990 1.133 1.240 1.290 1.388 1.483 1.690 1.865 1.969 2.028 2.057 2.087 2.079 2.006 1.818 1.526 1.307 1.148 1.012 0.895 0.786 0.654 0.466 0.262 0.165 0.111 0.078 0.063 0.063 0.085 0.132 0.174 0.196 0.202 0.193 0.169 0.134 0.101 0.074 0.055 0.042 0.031 0.025 0.022 0.021 0.021 0.024 0.026 0.026
0.000 0.000 0.000 0.000 0.000 0.000 0.000 0.000 0.000 0.000 0.000 0.000 0.000 0.000 0.000 0.000 0.000 0.001 0.004 0.012 0.031 0.070 0.136 0.238 0.395 0.634 0.899 1.105 1.222 1.266 1.272 1.283 1.324 1.522 1.782 1.913 1.983 2.023 2.038 2.043 2.015 1.910 1.678 1.386 1.198 1.057 0.946 0.844 0.726 0.564 0.350 0.203 0.161 0.113 0.078 0.057 0.047 0.045 0.052 0.061 0.066 0.067 0.063 0.056 0.046 0.038 0.031 0.026 0.022 0.018 0.015 0.014 0.014 0.014 0.014 0.015 0.015
0.000 0.000 0.000 0.000 0.000 0.000 0.000 0.000 0.000 0.000 0.000 0.000 0.000 0.000 0.000 0.000 0.001 0.003 0.010 0.031 0.078 0.168 0.313 0.517 0.794 1.093 1.287 1.364 1.374 1.328 1.290 1.265 1.252 1.625 1.849 1.952 1.993 2.004 2.019 2.007 1.942 1.779 1.504 1.262 1.104 0.984 0.885 0.784 0.649 0.458 0.251 0.197 0.157 0.113 0.079 0.056 0.042 0.033 0.030 0.028 0.027 0.027 0.026 0.024 0.021 0.018 0.017 0.015 0.013 0.011 0.010 0.010 0.009 0.009 0.009 0.009 0.009
0.000 0.000 0.000 0.000 0.000 0.000 0.000 0.000 0.000 0.000 0.000 0.000 0.000 0.000 0.000 0.000 0.001 0.007 0.024 0.071 0.179 0.382 0.688 1.019 1.308 1.486 1.548 1.529 1.447 1.382 1.285 1.171 1.338 1.712 1.895 1.965 1.988 1.997 1.987 1.942 1.836 1.633 1.360 1.163 1.022 0.921 0.835 0.724 0.564 0.345 0.220 0.194 0.154 0.111 0.078 0.055 0.038 0.026 0.020 0.016 0.015 0.014 0.014 0.013 0.012 0.011 0.010 0.009 0.008 0.007 0.007 0.006 0.006 0.006 0.006 0.006 0.006
0.000 0.000 0.000 0.000 0.000 0.000 0.000 0.000 0.000 0.000 0.000 0.000 0.000 0.000 0.000 0.001 0.004 0.014 0.047 0.137 0.345 0.729 1.185 1.495 1.659 1.713 1.691 1.612 1.518 1.376 1.181 1.072 1.472 1.786 1.930 1.972 1.978 1.982 1.956 1.875 1.718 1.496 1.255 1.073 0.955 0.869 0.781 0.653 0.460 0.251 0.218 0.191 0.150 0.105 0.071 0.047 0.030 0.018 0.012 0.009 0.008 0.008 0.008 0.007 0.007 0.006 0.006 0.006 0.005 0.004 0.004 0.004 0.003 0.003 0.003 0.003 0.003
0.000 0.000 0.000 0.000 0.000 0.000 0.000 0.000 0.000 0.000 0.000 0.000 0.000 0.000 0.000 0.002 0.008 0.027 0.086 0.240 0.576 1.123 1.557 1.765 1.825 1.807 1.755 1.663 1.501 1.256 0.961 1.175 1.609 1.854 1.946 1.965 1.970 1.958 1.907 1.787 1.611 1.397 1.175 0.999 0.903 0.825 0.721 0.564 0.350 0.204 0.196 0.173 0.131 0.085 0.052 0.030 0.016 0.008 0.005 0.004 0.004 0.004 0.004 0.004 0.004 0.004 0.003 0.003 0.003 0.002 0.002 0.002 0.002 0.002 0.002 0.002 0.002
0.000 0.000 0.000 0.000 0.000 0.000 0.000 0.000 0.000 0.000 0.000 0.000 0.000 0.000 0.001 0.004 0.014 0.049 0.146 0.379 0.853 1.433 1.755 1.870 1.873 1.846 1.770 1.609 1.330 0.978 1.002 1.303 1.711 1.917 1.970 1.967 1.956 1.915 1.828 1.688 1.507 1.298 1.093 0.963 0.878 0.791 0.664 0.471 0.265 0.141 0.133 0.116 0.085 0.049 0.025 0.012 0.005 0.003 0.002 0.002 0.002 0.002 0.002 0.002 0.002 0.002 0.002 0.001 0.001 0.001 0.001 0.001 0.001 0.001 0.001 0.000 0.000
0.000 0.000 0.000 0.000 0.000 0.000 0.000 0.000 0.000 0.000 0.000 0.000 0.000 0.000 0.001 0.007 0.026 0.082 0.225 0.545 1.122 1.617 1.826 1.879 1.885 1.840 1.686 1.383 1.021 0.925 1.075 1.454 1.781 1.941 1.980 1.978 1.947 1.870 1.746 1.589 1.408 1.197 1.030 0.945 0.870 0.762 0.598 0.383 0.201 0.088 0.054 0.045 0.031 0.016 0.007 0.003 0.001 0.001 0.001 0.001 0.001 0.001 0.001 0.001 0.001 0.001 0.000 0.000 0.000 0.000 0.000 0.000 0.000 0.000 0.000 0.000 0.000
0.000 0.000 0.000 0.000 0.000 0.000 0.000 0.000 0.000 0.000 0.000 0.000 0.000 0.000 0.003 0.012 0.042 0.124 0.319 0.720 1.322 1.708 1.832 1.859 1.860 1.768 1.505 1.113 0.923 0.910 1.165 1.569 1.829 1.937 1.968 1.971 1.922 1.815 1.662 1.488 1.301 1.102 0.998 0.933 0.855 0.730 0.534 0.310 0.150 0.060 0.020 0.011 0.007 0.004 0.002 0.001 0.000 0.000 0.000 0.000 0.000 0.000 0.000 0.000 0.000 0.000 0.000 0.000 0.000 0.000 0.000 0.000 0.000 0.000 0.000 0.000 0.000
0.000 0.000 0.000 0.000 0.000 0.000 0.000 0.000 0.000 0.000 0.000 0.000 0.000 0.001 0.004 0.018 0.061 0.176 0.431 0.894 1.451 1.738 1.817 1.834 1.804 1.636 1.265 0.952 0.865 0.926 1.250 1.634 1.856 1.923 1.946 1.944 1.885 1.756 1.587 1.396 1.170 1.038 0.981 0.931 0.840 0.686 0.465 0.252 0.114 0.042 0.012 0.003 0.001 0.001 0.000 0.000 0.000 0.000 0.000 0.000 0.000 0.000 0.000 0.000 0.000 0.000 0.000 0.000 0.000 0.000 0.000 0.000 0.000 0.000 0.000 0.000 0.000
0.000 0.000 0.000 0.000 0.000 0.000 0.000 0.000 0.000 0.000 0.000 0.000 0.000 0.001 0.006 0.024 0.084 0.234 0.550 1.069 1.524 1.724 1.783 1.799 1.718 1.450 1.058 0.860 0.823 0.952 1.338 1.692 1.881 1.934 1.930 1.905 1.821 1.687 1.511 1.289 1.080 1.005 0.974 0.924 0.817 0.638 0.397 0.201 0.084 0.028 0.008 0.002 0.000 0.000 0.000 0.000 0.000 0.000 0.000 0.000 0.000 0.000 0.000 0.000 0.000 0.000 0.000 0.000 0.000 0.000 0.000 0.000 0.000 0.000 0.000 0.000 0.000
0.000 0.000 0.000 0.000 0.000 0.000 0.000 0.000 0.000 0.000 0.000 0.000 0.000 0.001 0.008 0.032 0.107 0.296 0.681 1.214 1.564 1.692 1.739 1.733 1.583 1.221 0.919 0.802 0.787 0.981 1.394 1.744 1.900 1.933 1.929 1.868 1.751 1.598 1.404 1.153 1.019 0.987 0.965 0.910 0.784 0.579 0.333 0.156 0.059 0.017 0.004 0.001 0.000 0.000 0.000 0.000 0.000 0.000 0.000 0.000 0.000 0.000 0.000 0.000 0.000 0.000 0.000 0.000 0.000 0.000 0.000 0.000 0.000 0.000 0.000 0.000 0.000
0.000 0.000 0.000 0.000 0.000 0.000 0.000 0.000 0.000 0.000 0.000 0.000 0.000 0.002 0.009 0.038 0.129 0.363 0.821 1.319 1.573 1.644 1.679 1.628 1.392 1.018 0.814 0.753 0.763 1.018 1.439 1.773 1.919 1.942 1.927 1.848 1.704 1.505 1.265 1.045 0.977 0.971 0.953 0.885 0.744 0.517 0.274 0.119 0.041 0.011 0.002 0.000 0.000 0.000 0.000 0.000 0.000 0.000 0.000 0.000 0.000 0.000 0.000 0.000 0.000 0.000 0.000 0.000 0.000 0.000 0.000 0.000 0.000 0.000 0.000 0.000 0.000
0.000 0.000 0.000 0.000 0.000 0.000 0.000 0.000 0.000 0.000 0.000 0.000 0.000 0.002 0.010 0.045 0.151 0.428 0.962 1.411 1.585 1.610 1.616 1.504 1.183 0.871 0.734 0.700 0.746 1.055 1.508 1.813 1.929 1.941 1.926 1.829 1.648 1.413 1.157 0.999 0.970 0.966 0.942 0.856 0.690 0.448 0.218 0.086 0.026 0.006 0.001 0.000 0.000 0.000 0.000 0.000 0.000 0.000 0.000 0.000 0.000 0.000 0.000 0.000 0.000 0.000 0.000 0.000 0.000 0.000 0.000 0.000 0.000 0.000 0.000 0.000 0.000
