RESULTS/r.avaflow_results/31_results/31_ascii/31_hflow10033.asc
ncols 506
nrows 317
xllcenter 498237.50
yllcenter 5580050.00
cellsize 12.50
NODATA_value -9999.000
[rows 170 to 203 of 317, columns 77 to 153 of 506]
0.000 0.000 0.000 0.000 0.000 0.000 0.000 0.000 0.000 0.000 0.000 0.000 0.000 0.000 0.000 0.000 0.000 0.000 0.000 0.000 0.000 0.000 0.000 0.000 0.000 0.000 0.000 0.000 0.000 0.000 0.000 0.000 0.000 0.000 0.000 0.000 0.000 0.000 0.000 0.000 0.000 0.000 0.000 0.000 0.000 0.000 0.000 0.001 0.002 0.004 0.008 0.017 0.043 0.107 0.212 0.304 0.380 0.460 0.510 0.512 0.483 0.428 0.356 0.278 0.213 0.160 0.119 0.088 0.064 0.046 0.033 0.024 0.017 0.012 0.008 0.006 0.004
0.000 0.000 0.000 0.000 0.000 0.000 0.000 0.000 0.000 0.000 0.000 0.000 0.000 0.000 0.000 0.000 0.000 0.000 0.000 0.000 0.000 0.000 0.000 0.000 0.000 0.000 0.000 0.000 0.000 0.000 0.000 0.000 0.000 0.000 0.000 0.000 0.000 0.000 0.000 0.000 0.000 0.000 0.000 0.000 0.000 0.001 0.002 0.004 0.007 0.014 0.029 0.066 0.145 0.278 0.417 0.506 0.561 0.597 0.604 0.582 0.534 0.466 0.382 0.297 0.227 0.171 0.128 0.095 0.070 0.051 0.036 0.026 0.019 0.013 0.009 0.006 0.004
0.000 0.000 0.000 0.000 0.000 0.000 0.000 0.000 0.000 0.000 0.000 0.000 0.000 0.000 0.000 0.000 0.000 0.000 0.000 0.000 0.000 0.000 0.000 0.000 0.000 0.000 0.000 0.000 0.000 0.000 0.000 0.000 0.000 0.000 0.000 0.000 0.000 0.000 0.000 0.000 0.000 0.000 0.000 0.000 0.001 0.003 0.006 0.013 0.024 0.051 0.113 0.225 0.360 0.481 0.552 0.604 0.646 0.660 0.651 0.618 0.565 0.493 0.404 0.313 0.239 0.181 0.135 0.101 0.074 0.054 0.039 0.028 0.020 0.014 0.010 0.007 0.005
0.000 0.000 0.000 0.000 0.000 0.000 0.000 0.000 0.000 0.000 0.000 0.000 0.000 0.000 0.000 0.000 0.000 0.000 0.000 0.000 0.000 0.000 0.001 0.001 0.001 0.002 0.002 0.002 0.002 0.002 0.002 0.002 0.002 0.002 0.001 0.001 0.001 0.000 0.000 0.000 0.000 0.000 0.001 0.001 0.004 0.009 0.022 0.046 0.093 0.185 0.353 0.523 0.612 0.630 0.621 0.635 0.669 0.680 0.668 0.637 0.583 0.512 0.420 0.326 0.249 0.189 0.141 0.105 0.077 0.057 0.041 0.029 0.021 0.015 0.010 0.007 0.005
0.000 0.000 0.000 0.000 0.000 0.000 0.000 0.000 0.000 0.000 0.000 0.000 0.000 0.000 0.000 0.000 0.000 0.000 0.000 0.000 0.000 0.001 0.002 0.004 0.005 0.005 0.006 0.006 0.006 0.006 0.006 0.006 0.006 0.005 0.004 0.003 0.002 0.001 0.001 0.001 0.001 0.001 0.002 0.004 0.012 0.033 0.078 0.158 0.286 0.481 0.678 0.771 0.771 0.714 0.654 0.641 0.663 0.680 0.674 0.647 0.597 0.528 0.435 0.336 0.256 0.194 0.146 0.108 0.080 0.058 0.042 0.030 0.022 0.015 0.011 0.007 0.005
0.000 0.000 0.000 0.000 0.000 0.000 0.000 0.000 0.000 0.000 0.000 0.000 0.000 0.000 0.000 0.000 0.000 0.000 0.000 0.000 0.001 0.003 0.005 0.008 0.010 0.011 0.012 0.013 0.013 0.013 0.013 0.012 0.012 0.010 0.008 0.006 0.004 0.003 0.002 0.002 0.002 0.002 0.005 0.013 0.040 0.111 0.235 0.409 0.612 0.793 0.884 0.895 0.855 0.765 0.676 0.635 0.639 0.666 0.672 0.654 0.610 0.542 0.444 0.342 0.260 0.197 0.148 0.110 0.081 0.059 0.043 0.031 0.022 0.015 0.011 0.007 0.005
0.000 0.000 0.000 0.000 0.000 0.000 0.000 0.000 0.000 0.000 0.000 0.000 0.000 0.000 0.000 0.000 0.000 0.000 0.000 0.001 0.003 0.006 0.010 0.014 0.017 0.020 0.021 0.022 0.022 0.022 0.022 0.022 0.020 0.018 0.014 0.010 0.007 0.005 0.005 0.004 0.004 0.006 0.012 0.039 0.125 0.304 0.531 0.734 0.882 0.964 0.983 0.964 0.908 0.806 0.697 0.632 0.615 0.640 0.668 0.661 0.622 0.552 0.449 0.344 0.262 0.198 0.149 0.110 0.082 0.059 0.043 0.031 0.022 0.016 0.011 0.007 0.005
0.000 0.000 0.000 0.000 0.000 0.000 0.000 0.000 0.000 0.000 0.000 0.000 0.000 0.000 0.000 0.000 0.000 0.000 0.001 0.003 0.006 0.011 0.017 0.023 0.028 0.031 0.033 0.035 0.035 0.035 0.035 0.034 0.032 0.029 0.023 0.016 0.011 0.009 0.008 0.007 0.008 0.012 0.030 0.106 0.317 0.628 0.857 0.971 1.030 1.053 1.048 1.019 0.950 0.842 0.722 0.643 0.613 0.630 0.665 0.664 0.628 0.555 0.450 0.345 0.262 0.198 0.149 0.110 0.081 0.060 0.043 0.031 0.022 0.016 0.011 0.007 0.005
0.000 0.000 0.000 0.000 0.000 0.000 0.000 0.000 0.000 0.000 0.000 0.000 0.000 0.000 0.000 0.000 0.000 0.000 0.002 0.005 0.010 0.018 0.027 0.035 0.042 0.047 0.050 0.052 0.052 0.052 0.052 0.051 0.048 0.043 0.034 0.024 0.017 0.013 0.011 0.011 0.012 0.022 0.066 0.231 0.594 0.925 1.065 1.107 1.120 1.119 1.103 1.062 0.987 0.879 0.754 0.665 0.626 0.635 0.666 0.665 0.628 0.553 0.446 0.342 0.260 0.197 0.148 0.110 0.081 0.059 0.043 0.031 0.022 0.016 0.011 0.008 0.005
0.000 0.000 0.000 0.000 0.000 0.000 0.000 0.000 0.000 0.000 0.000 0.000 0.000 0.000 0.000 0.000 0.000 0.000 0.002 0.006 0.014 0.026 0.040 0.051 0.061 0.067 0.071 0.073 0.074 0.075 0.074 0.073 0.069 0.062 0.050 0.035 0.024 0.018 0.015 0.015 0.016 0.029 0.094 0.341 0.812 1.107 1.184 1.190 1.184 1.168 1.137 1.089 1.018 0.921 0.802 0.705 0.656 0.655 0.670 0.663 0.620 0.541 0.433 0.333 0.255 0.193 0.145 0.108 0.080 0.059 0.043 0.031 0.022 0.016 0.011 0.008 0.005
0.000 0.000 0.000 0.000 0.000 0.000 0.000 0.000 0.000 0.000 0.000 0.000 0.000 0.000 0.000 0.000 0.000 0.000 0.002 0.006 0.014 0.030 0.054 0.072 0.084 0.093 0.099 0.102 0.103 0.103 0.103 0.101 0.096 0.087 0.072 0.051 0.034 0.024 0.020 0.018 0.019 0.032 0.101 0.385 0.928 1.211 1.252 1.243 1.223 1.190 1.148 1.101 1.045 0.971 0.871 0.770 0.707 0.686 0.678 0.656 0.602 0.515 0.409 0.318 0.245 0.188 0.142 0.106 0.079 0.058 0.043 0.031 0.022 0.016 0.011 0.008 0.005
0.000 0.000 0.000 0.000 0.000 0.000 0.000 0.000 0.000 0.000 0.000 0.000 0.000 0.000 0.000 0.000 0.000 0.000 0.001 0.004 0.012 0.030 0.061 0.094 0.114 0.126 0.134 0.138 0.140 0.140 0.140 0.137 0.131 0.120 0.101 0.074 0.048 0.032 0.024 0.022 0.022 0.033 0.098 0.381 0.956 1.260 1.293 1.273 1.237 1.192 1.147 1.106 1.066 1.017 0.950 0.863 0.782 0.728 0.690 0.644 0.575 0.479 0.377 0.295 0.230 0.178 0.136 0.103 0.077 0.057 0.042 0.031 0.022 0.016 0.011 0.008 0.005
0.000 0.000 0.000 0.000 0.000 0.000 0.000 0.000 0.000 0.000 0.000 0.000 0.000 0.000 0.000 0.000 0.000 0.000 0.000 0.002 0.007 0.024 0.059 0.109 0.146 0.166 0.177 0.184 0.187 0.187 0.186 0.183 0.175 0.161 0.140 0.107 0.070 0.044 0.031 0.025 0.025 0.033 0.087 0.338 0.905 1.263 1.311 1.284 1.234 1.176 1.133 1.103 1.076 1.046 1.005 0.942 0.859 0.777 0.705 0.634 0.550 0.449 0.353 0.275 0.214 0.166 0.128 0.098 0.075 0.057 0.043 0.032 0.023 0.016 0.011 0.008 0.005
0.000 0.000 0.000 0.000 0.000 0.000 0.000 0.000 0.000 0.000 0.000 0.000 0.000 0.000 0.000 0.000 0.000 0.000 0.000 0.001 0.003 0.014 0.049 0.112 0.172 0.209 0.229 0.239 0.244 0.245 0.244 0.240 0.231 0.215 0.190 0.154 0.105 0.065 0.042 0.031 0.029 0.033 0.066 0.246 0.738 1.182 1.300 1.280 1.217 1.137 1.090 1.073 1.066 1.055 1.032 0.981 0.907 0.817 0.723 0.631 0.534 0.432 0.341 0.265 0.204 0.157 0.121 0.093 0.072 0.055 0.043 0.032 0.024 0.017 0.012 0.008 0.005
0.000 0.000 0.000 0.000 0.000 0.000 0.000 0.000 0.000 0.000 0.000 0.000 0.000 0.000 0.000 0.000 0.000 0.000 0.000 0.000 0.001 0.007 0.034 0.099 0.183 0.246 0.285 0.304 0.313 0.316 0.315 0.311 0.301 0.284 0.257 0.215 0.157 0.099 0.062 0.043 0.036 0.037 0.053 0.143 0.474 0.962 1.203 1.228 1.168 1.064 0.989 0.968 0.979 1.006 1.019 0.988 0.924 0.840 0.741 0.634 0.527 0.427 0.338 0.263 0.201 0.152 0.115 0.088 0.068 0.053 0.042 0.032 0.024 0.017 0.012 0.008 0.005
0.000 0.000 0.000 0.000 0.000 0.000 0.000 0.000 0.000 0.000 0.000 0.000 0.000 0.000 0.000 0.000 0.000 0.000 0.000 0.000 0.000 0.003 0.019 0.074 0.169 0.262 0.333 0.376 0.395 0.402 0.403 0.400 0.390 0.372 0.343 0.297 0.232 0.154 0.098 0.066 0.051 0.049 0.056 0.093 0.253 0.638 0.969 1.069 1.044 0.941 0.807 0.732 0.729 0.778 0.866 0.926 0.909 0.846 0.754 0.643 0.528 0.427 0.339 0.263 0.201 0.150 0.111 0.082 0.062 0.047 0.035 0.027 0.021 0.016 0.012 0.008 0.006
0.000 0.000 0.000 0.000 0.000 0.000 0.000 0.000 0.000 0.000 0.000 0.000 0.000 0.000 0.000 0.000 0.000 0.000 0.000 0.000 0.000 0.001 0.008 0.044 0.131 0.249 0.356 0.442 0.490 0.507 0.512 0.510 0.502 0.485 0.455 0.406 0.334 0.238 0.159 0.107 0.079 0.068 0.068 0.082 0.149 0.354 0.632 0.771 0.787 0.725 0.583 0.449 0.395 0.409 0.518 0.697 0.807 0.811 0.751 0.650 0.535 0.433 0.345 0.267 0.202 0.149 0.108 0.076 0.053 0.036 0.023 0.015 0.012 0.010 0.009 0.008 0.005
0.000 0.000 0.000 0.000 0.000 0.000 0.000 0.000 0.000 0.000 0.000 0.000 0.000 0.000 0.000 0.000 0.000 0.000 0.000 0.000 0.000 0.000 0.003 0.019 0.082 0.204 0.346 0.480 0.584 0.634 0.646 0.647 0.642 0.627 0.597 0.544 0.460 0.346 0.245 0.172 0.125 0.099 0.089 0.092 0.118 0.209 0.373 0.483 0.513 0.495 0.420 0.303 0.221 0.195 0.228 0.362 0.557 0.675 0.687 0.632 0.537 0.438 0.353 0.275 0.206 0.149 0.103 0.069 0.043 0.025 0.013 0.008 0.005 0.004 0.004 0.004 0.004
0.000 0.000 0.000 0.000 0.000 0.000 0.000 0.000 0.000 0.000 0.000 0.000 0.000 0.000 0.000 0.000 0.000 0.000 0.000 0.000 0.000 0.000 0.001 0.007 0.039 0.135 0.296 0.477 0.646 0.760 0.804 0.811 0.808 0.791 0.748 0.671 0.558 0.429 0.325 0.245 0.186 0.144 0.120 0.113 0.123 0.164 0.247 0.321 0.353 0.353 0.323 0.250 0.168 0.121 0.111 0.148 0.261 0.410 0.505 0.528 0.490 0.421 0.349 0.275 0.199 0.137 0.089 0.055 0.031 0.016 0.008 0.004 0.002 0.002 0.002 0.002 0.001
0.000 0.000 0.000 0.000 0.000 0.000 0.000 0.000 0.000 0.000 0.000 0.000 0.000 0.000 0.000 0.000 0.000 0.000 0.000 0.000 0.000 0.000 0.000 0.002 0.013 0.065 0.200 0.415 0.655 0.845 0.945 0.967 0.963 0.934 0.865 0.757 0.617 0.482 0.375 0.295 0.235 0.192 0.162 0.146 0.144 0.162 0.208 0.254 0.276 0.279 0.267 0.225 0.158 0.105 0.078 0.074 0.102 0.173 0.254 0.303 0.320 0.306 0.271 0.217 0.148 0.092 0.054 0.031 0.016 0.008 0.004 0.002 0.001 0.001 0.001 0.001 0.001
0.000 0.000 0.000 0.000 0.000 0.000 0.000 0.000 0.000 0.000 0.000 0.000 0.000 0.000 0.000 0.000 0.000 0.000 0.000 0.000 0.000 0.000 0.000 0.001 0.003 0.021 0.090 0.266 0.558 0.854 1.029 1.087 1.080 1.035 0.939 0.802 0.645 0.508 0.402 0.321 0.262 0.222 0.196 0.182 0.176 0.180 0.203 0.232 0.244 0.245 0.236 0.208 0.158 0.105 0.072 0.056 0.053 0.067 0.097 0.118 0.126 0.126 0.115 0.092 0.060 0.036 0.021 0.013 0.007 0.004 0.002 0.001 0.001 0.001 0.001 0.001 0.001
0.000 0.000 0.000 0.000 0.000 0.000 0.000 0.000 0.000 0.000 0.000 0.000 0.000 0.000 0.000 0.000 0.000 0.000 0.000 0.000 0.000 0.000 0.000 0.001 0.001 0.006 0.027 0.103 0.326 0.710 1.023 1.145 1.148 1.088 0.973 0.816 0.653 0.518 0.413 0.332 0.274 0.235 0.214 0.203 0.200 0.202 0.212 0.227 0.233 0.232 0.222 0.199 0.156 0.108 0.074 0.053 0.042 0.038 0.040 0.043 0.043 0.041 0.038 0.030 0.020 0.013 0.008 0.005 0.003 0.002 0.001 0.001 0.001 0.001 0.001 0.000 0.000
0.000 0.000 0.000 0.000 0.000 0.000 0.000 0.000 0.000 0.000 0.000 0.000 0.000 0.000 0.000 0.000 0.000 0.000 0.000 0.000 0.000 0.000 0.001 0.001 0.002 0.006 0.015 0.037 0.120 0.398 0.834 1.108 1.157 1.100 0.978 0.815 0.652 0.520 0.415 0.335 0.276 0.238 0.218 0.212 0.211 0.213 0.220 0.228 0.231 0.229 0.218 0.194 0.154 0.110 0.076 0.053 0.039 0.030 0.024 0.020 0.018 0.016 0.014 0.011 0.008 0.006 0.004 0.003 0.002 0.001 0.001 0.001 0.001 0.000 0.000 0.000 0.000
0.000 0.000 0.000 0.000 0.000 0.000 0.000 0.000 0.000 0.000 0.000 0.000 0.000 0.000 0.000 0.000 0.000 0.000 0.000 0.000 0.000 0.000 0.001 0.002 0.005 0.012 0.024 0.034 0.049 0.145 0.476 0.899 1.072 1.057 0.952 0.799 0.643 0.516 0.413 0.333 0.275 0.236 0.217 0.212 0.213 0.217 0.222 0.229 0.232 0.230 0.218 0.192 0.152 0.109 0.076 0.053 0.036 0.024 0.016 0.012 0.009 0.008 0.006 0.005 0.004 0.003 0.002 0.001 0.001 0.001 0.001 0.000 0.000 0.000 0.000 0.000 0.000
0.000 0.000 0.000 0.000 0.000 0.000 0.000 0.000 0.000 0.000 0.000 0.000 0.000 0.000 0.000 0.000 0.000 0.000 0.000 0.000 0.000 0.001 0.002 0.005 0.013 0.027 0.038 0.041 0.042 0.060 0.200 0.560 0.840 0.903 0.854 0.747 0.617 0.502 0.405 0.327 0.268 0.227 0.206 0.202 0.206 0.214 0.221 0.226 0.229 0.228 0.216 0.190 0.148 0.104 0.070 0.046 0.029 0.017 0.009 0.006 0.005 0.004 0.003 0.003 0.002 0.002 0.001 0.001 0.001 0.000 0.000 0.000 0.000 0.000 0.000 0.000 0.000
0.000 0.000 0.000 0.000 0.000 0.000 0.000 0.000 0.000 0.000 0.000 0.000 0.000 0.000 0.000 0.000 0.000 0.000 0.000 0.000 0.001 0.001 0.004 0.011 0.026 0.039 0.043 0.042 0.039 0.041 0.095 0.298 0.549 0.652 0.665 0.631 0.559 0.471 0.386 0.313 0.253 0.209 0.182 0.172 0.175 0.187 0.198 0.202 0.204 0.203 0.195 0.172 0.130 0.085 0.052 0.029 0.015 0.007 0.004 0.003 0.002 0.002 0.001 0.001 0.001 0.001 0.001 0.000 0.000 0.000 0.000 0.000 0.000 0.000 0.000 0.000 0.000
0.000 0.000 0.000 0.000 0.000 0.000 0.000 0.000 0.000 0.000 0.000 0.000 0.000 0.000 0.000 0.000 0.000 0.000 0.000 0.000 0.001 0.003 0.008 0.021 0.037 0.042 0.042 0.037 0.028 0.028 0.058 0.169 0.344 0.439 0.465 0.469 0.454 0.413 0.353 0.289 0.231 0.182 0.145 0.124 0.118 0.123 0.131 0.135 0.137 0.137 0.132 0.116 0.084 0.048 0.024 0.011 0.005 0.002 0.001 0.001 0.001 0.001 0.001 0.001 0.000 0.000 0.000 0.000 0.000 0.000 0.000 0.000 0.000 0.000 0.000 0.000 0.000
0.000 0.000 0.000 0.000 0.000 0.000 0.000 0.000 0.000 0.000 0.000 0.000 0.000 0.000 0.000 0.000 0.000 0.000 0.000 0.001 0.002 0.005 0.015 0.031 0.040 0.042 0.038 0.024 0.016 0.018 0.040 0.106 0.218 0.292 0.322 0.331 0.332 0.325 0.299 0.255 0.204 0.154 0.114 0.086 0.069 0.061 0.058 0.056 0.055 0.053 0.050 0.044 0.031 0.016 0.007 0.003 0.001 0.001 0.000 0.000 0.000 0.000 0.000 0.000 0.000 0.000 0.000 0.000 0.000 0.000 0.000 0.000 0.000 0.000 0.000 0.000 0.000
0.000 0.000 0.000 0.000 0.000 0.000 0.000 0.000 0.000 0.000 0.000 0.000 0.000 0.000 0.000 0.000 0.000 0.000 0.000 0.001 0.003 0.008 0.022 0.036 0.040 0.038 0.027 0.013 0.009 0.013 0.030 0.071 0.139 0.189 0.215 0.228 0.232 0.232 0.225 0.206 0.171 0.129 0.092 0.063 0.044 0.031 0.024 0.019 0.016 0.014 0.013 0.011 0.007 0.003 0.002 0.001 0.000 0.000 0.000 0.000 0.000 0.000 0.000 0.000 0.000 0.000 0.000 0.000 0.000 0.000 0.000 0.000 0.000 0.000 0.000 0.000 0.000
0.000 0.000 0.000 0.000 0.000 0.000 0.000 0.000 0.000 0.000 0.000 0.000 0.000 0.000 0.000 0.000 0.000 0.000 0.001 0.001 0.005 0.014 0.029 0.037 0.038 0.031 0.015 0.007 0.006 0.010 0.022 0.048 0.087 0.116 0.135 0.146 0.152 0.155 0.153 0.147 0.131 0.104 0.073 0.047 0.029 0.018 0.011 0.007 0.005 0.004 0.003 0.002 0.001 0.001 0.000 0.000 0.000 0.000 0.000 0.000 0.000 0.000 0.000 0.000 0.000 0.000 0.000 0.000 0.000 0.000 0.000 0.000 0.000 0.000 0.000 0.000 0.000
0.000 0.000 0.000 0.000 0.000 0.000 0.000 0.000 0.000 0.000 0.000 0.000 0.000 0.000 0.000 0.000 0.000 0.000 0.001 0.002 0.007 0.020 0.033 0.036 0.033 0.021 0.007 0.004 0.004 0.007 0.016 0.032 0.052 0.066 0.075 0.081 0.085 0.089 0.091 0.090 0.085 0.074 0.054 0.034 0.019 0.011 0.006 0.003 0.002 0.001 0.001 0.001 0.000 0.000 0.000 0.000 0.000 0.000 0.000 0.000 0.000 0.000 0.000 0.000 0.000 0.000 0.000 0.000 0.000 0.000 0.000 0.000 0.000 0.000 0.000 0.000 0.000
0.000 0.000 0.000 0.000 0.000 0.000 0.000 0.000 0.000 0.000 0.000 0.000 0.000 0.000 0.000 0.000 0.000 0.001 0.001 0.004 0.012 0.026 0.033 0.034 0.027 0.011 0.003 0.002 0.002 0.005 0.011 0.020 0.029 0.034 0.036 0.036 0.038 0.040 0.042 0.044 0.043 0.041 0.033 0.020 0.011 0.006 0.003 0.001 0.001 0.000 0.000 0.000 0.000 0.000 0.000 0.000 0.000 0.000 0.000 0.000 0.000 0.000 0.000 0.000 0.000 0.000 0.000 0.000 0.000 0.000 0.000 0.000 0.000 0.000 0.000 0.000 0.000
0.000 0.000 0.000 0.000 0.000 0.000 0.000 0.000 0.000 0.000 0.000 0.000 0.000 0.000 0.000 0.000 0.000 0.001 0.002 0.006 0.017 0.029 0.032 0.030 0.018 0.006 0.002 0.001 0.001 0.003 0.007 0.012 0.015 0.016 0.015 0.013 0.013 0.013 0.014 0.015 0.016 0.016 0.014 0.010 0.005 0.003 0.001 0.001 0.000 0.000 0.000 0.000 0.000 0.000 0.000 0.000 0.000 0.000 0.000 0.000 0.000 0.000 0.000 0.000 0.000 0.000 0.000 0.000 0.000 0.000 0.000 0.000 0.000 0.000 0.000 0.000 0.000
0.000 0.000 0.000 0.000 0.000 0.000 0.000 0.000 0.000 0.000 0.000 0.000 0.000 0.000 0.000 0.000 0.001 0.001 0.003 0.010 0.023 0.030 0.030 0.024 0.010 0.003 0.001 0.001 0.001 0.002 0.004 0.006 0.007 0.007 0.006 0.004 0.004 0.003 0.003 0.003 0.004 0.004 0.004 0.003 0.002 0.001 0.001 0.000 0.000 0.000 0.000 0.000 0.000 0.000 0.000 0.000 0.000 0.000 0.000 0.000 0.000 0.000 0.000 0.000 0.000 0.000 0.000 0.000 0.000 0.000 0.000 0.000 0.000 0.000 0.000 0.000 0.000
