RESULTS/r.avaflow_results/31_results/31_ascii/31_hflow_max0020.asc
ncols 506
nrows 317
xllcenter 498237.50
yllcenter 5580050.00
cellsize 12.50
NODATA_value -9999.000
[rows 170 to 203 of 317, columns 77 to 153 of 506]
0.000 0.000 0.000 0.000 0.000 0.000 0.000 0.000 0.000 0.000 0.000 0.000 0.000 0.000 0.000 0.000 0.000 0.000 0.000 0.000 0.000 0.000 0.000 0.000 0.000 0.000 0.000 0.000 0.000 0.000 0.000 0.000 0.000 0.000 0.000 0.000 0.000 0.000 0.000 0.000 0.000 0.000 0.000 0.000 0.001 0.002 0.003 0.006 0.011 0.020 0.041 0.103 0.273 0.660 1.278 2.304 3.983 7.141 9.839 12.247 14.199 15.605 16.454 16.762 16.691 16.241 15.774 15.284 14.863 14.140 12.993 11.758 10.986 10.848 10.810 10.808 10.878
0.000 0.000 0.000 0.000 0.000 0.000 0.000 0.000 0.000 0.000 0.000 0.000 0.000 0.000 0.000 0.000 0.000 0.000 0.000 0.000 0.000 0.000 0.000 0.000 0.000 0.000 0.000 0.000 0.000 0.000 0.000 0.000 0.000 0.000 0.000 0.000 0.000 0.000 0.000 0.000 0.000 0.000 0.000 0.001 0.002 0.005 0.008 0.014 0.028 0.062 0.143 0.320 0.671 1.225 1.979 4.112 6.340 8.935 11.522 13.813 15.528 16.372 16.946 17.074 16.968 16.601 15.927 15.217 14.503 13.811 13.034 13.102 13.211 13.286 13.451 13.794 14.277
0.000 0.000 0.000 0.000 0.000 0.000 0.000 0.000 0.000 0.000 0.000 0.000 0.000 0.000 0.000 0.000 0.000 0.000 0.000 0.000 0.000 0.000 0.000 0.000 0.000 0.000 0.000 0.000 0.000 0.000 0.000 0.000 0.000 0.000 0.000 0.000 0.000 0.000 0.000 0.000 0.000 0.001 0.002 0.004 0.007 0.012 0.022 0.046 0.099 0.217 0.437 0.753 1.151 1.620 2.284 4.682 7.017 9.625 12.117 14.276 15.832 16.603 16.952 17.054 16.949 16.458 15.711 15.080 14.790 14.746 14.678 14.670 14.584 14.683 15.066 15.951 17.212
0.000 0.000 0.000 0.000 0.000 0.000 0.000 0.000 0.000 0.000 0.000 0.000 0.000 0.000 0.000 0.000 0.000 0.000 0.000 0.000 0.000 0.000 0.000 0.000 0.000 0.000 0.001 0.001 0.001 0.001 0.001 0.001 0.001 0.001 0.001 0.000 0.000 0.000 0.000 0.000 0.001 0.002 0.006 0.011 0.019 0.034 0.076 0.156 0.307 0.566 0.886 1.188 1.573 1.973 2.511 4.490 6.796 9.486 11.962 14.024 15.586 16.406 16.703 16.763 16.601 16.202 15.833 15.866 15.924 15.913 15.723 15.466 15.441 15.644 16.334 17.743 19.396
0.000 0.000 0.000 0.000 0.000 0.000 0.000 0.000 0.000 0.000 0.000 0.000 0.000 0.000 0.000 0.000 0.000 0.000 0.000 0.000 0.000 0.000 0.000 0.000 0.001 0.002 0.003 0.004 0.004 0.004 0.004 0.004 0.004 0.004 0.003 0.002 0.002 0.001 0.001 0.001 0.002 0.006 0.014 0.025 0.046 0.114 0.231 0.409 0.668 0.952 1.201 1.736 2.168 2.511 2.902 3.744 5.816 8.618 11.303 13.532 14.986 15.779 16.260 16.368 16.355 16.465 16.531 16.548 16.529 16.399 16.144 15.840 16.009 16.712 17.634 18.823 20.144
0.000 0.000 0.000 0.000 0.000 0.000 0.000 0.000 0.000 0.000 0.000 0.000 0.000 0.000 0.000 0.000 0.000 0.000 0.000 0.000 0.000 0.000 0.001 0.002 0.003 0.006 0.008 0.009 0.010 0.010 0.011 0.010 0.010 0.009 0.007 0.005 0.004 0.003 0.003 0.003 0.006 0.014 0.029 0.055 0.145 0.313 0.529 0.765 0.993 1.187 1.629 2.188 2.583 2.902 3.167 3.482 4.571 7.415 10.334 12.693 14.130 14.945 15.448 15.772 16.168 16.449 16.722 16.613 16.605 16.497 16.238 16.036 16.063 16.783 17.608 18.629 19.809
0.000 0.000 0.000 0.000 0.000 0.000 0.000 0.000 0.000 0.000 0.000 0.000 0.000 0.000 0.000 0.000 0.000 0.000 0.000 0.000 0.000 0.001 0.002 0.004 0.007 0.011 0.015 0.018 0.019 0.020 0.020 0.020 0.019 0.017 0.013 0.009 0.007 0.006 0.006 0.006 0.011 0.026 0.056 0.147 0.370 0.650 0.880 1.047 1.183 1.464 2.002 2.461 2.809 3.110 3.326 3.528 3.971 6.734 9.598 11.876 13.336 14.101 14.649 15.170 15.730 16.113 16.328 16.319 16.201 15.977 15.599 15.275 15.258 15.625 16.550 17.634 19.002
0.000 0.000 0.000 0.000 0.000 0.000 0.000 0.000 0.000 0.000 0.000 0.000 0.000 0.000 0.000 0.000 0.000 0.000 0.000 0.000 0.001 0.002 0.005 0.008 0.013 0.020 0.025 0.029 0.032 0.033 0.033 0.033 0.031 0.028 0.022 0.016 0.012 0.010 0.010 0.011 0.018 0.045 0.110 0.345 0.726 1.007 1.143 1.226 1.410 1.904 2.299 2.615 2.896 3.175 3.420 3.578 3.808 6.211 9.015 11.109 12.437 13.274 13.854 14.424 14.944 15.193 15.262 15.132 14.869 14.486 13.978 13.751 13.731 14.076 14.983 16.275 17.792
0.000 0.000 0.000 0.000 0.000 0.000 0.000 0.000 0.000 0.000 0.000 0.000 0.000 0.000 0.000 0.000 0.000 0.000 0.000 0.000 0.002 0.004 0.008 0.014 0.022 0.031 0.040 0.045 0.049 0.050 0.051 0.050 0.048 0.044 0.035 0.025 0.019 0.017 0.016 0.018 0.028 0.071 0.207 0.600 1.047 1.254 1.317 1.415 1.883 2.221 2.461 2.663 2.889 3.136 3.406 3.535 3.662 5.767 8.174 10.008 11.264 12.160 12.713 13.192 13.502 13.554 13.445 13.212 12.799 12.190 11.725 11.460 11.447 11.976 13.077 14.668 16.391
0.000 0.000 0.000 0.000 0.000 0.000 0.000 0.000 0.000 0.000 0.000 0.000 0.000 0.000 0.000 0.000 0.000 0.000 0.000 0.001 0.003 0.008 0.014 0.023 0.034 0.048 0.059 0.067 0.072 0.074 0.074 0.074 0.071 0.065 0.054 0.040 0.030 0.025 0.024 0.026 0.042 0.109 0.278 0.771 1.258 1.418 1.442 1.814 2.129 2.345 2.488 2.635 2.842 3.072 3.309 3.411 3.466 5.276 7.249 8.725 9.870 10.510 10.964 11.334 11.509 11.486 11.284 10.940 10.386 9.698 9.267 9.214 9.527 10.354 11.675 13.240 14.936
0.000 0.000 0.000 0.000 0.000 0.000 0.000 0.000 0.000 0.000 0.000 0.000 0.000 0.000 0.000 0.000 0.000 0.000 0.000 0.001 0.004 0.011 0.021 0.034 0.051 0.070 0.085 0.096 0.103 0.106 0.106 0.106 0.102 0.095 0.083 0.063 0.045 0.036 0.035 0.044 0.066 0.154 0.400 0.865 1.384 1.530 1.758 2.008 2.198 2.335 2.443 2.566 2.753 2.970 3.149 3.199 3.182 4.448 6.329 7.512 8.295 8.558 8.784 9.029 9.167 9.158 8.975 8.647 8.169 7.676 7.433 7.515 8.034 9.019 10.313 11.745 13.314
0.000 0.000 0.000 0.000 0.000 0.000 0.000 0.000 0.000 0.000 0.000 0.000 0.000 0.000 0.000 0.000 0.000 0.000 0.000 0.001 0.004 0.012 0.029 0.050 0.074 0.099 0.120 0.135 0.143 0.147 0.148 0.147 0.146 0.142 0.129 0.104 0.071 0.060 0.070 0.097 0.146 0.233 0.500 0.941 1.425 1.789 1.960 2.065 2.166 2.261 2.361 2.441 2.589 2.766 2.885 2.853 2.740 3.607 5.223 6.336 6.862 6.888 6.817 6.798 6.811 6.789 6.723 6.551 6.250 6.010 5.955 6.129 6.749 7.731 8.940 10.244 11.605
0.000 0.000 0.000 0.000 0.000 0.000 0.000 0.000 0.000 0.000 0.000 0.000 0.000 0.000 0.000 0.000 0.000 0.000 0.000 0.000 0.003 0.012 0.032 0.065 0.103 0.137 0.164 0.184 0.196 0.202 0.209 0.217 0.218 0.216 0.202 0.170 0.118 0.122 0.151 0.211 0.308 0.485 0.821 1.299 1.736 1.940 2.012 2.050 2.096 2.157 2.183 2.169 2.263 2.359 2.408 2.334 2.219 2.568 3.842 5.005 5.443 5.402 5.239 5.057 4.935 4.872 4.829 4.738 4.593 4.527 4.596 4.907 5.527 6.421 7.449 8.539 9.650
0.000 0.000 0.000 0.000 0.000 0.000 0.000 0.000 0.000 0.000 0.000 0.000 0.000 0.000 0.000 0.000 0.000 0.000 0.000 0.000 0.002 0.009 0.032 0.073 0.129 0.181 0.220 0.247 0.264 0.273 0.309 0.330 0.335 0.333 0.315 0.272 0.228 0.256 0.324 0.441 0.625 0.961 1.390 1.702 1.863 1.945 1.987 2.019 2.026 1.984 1.869 1.781 1.758 1.761 1.762 1.743 1.837 2.019 2.522 3.490 3.965 4.032 3.931 3.760 3.597 3.475 3.373 3.263 3.190 3.182 3.293 3.654 4.325 4.999 5.823 6.733 7.781
0.000 0.000 0.000 0.000 0.000 0.000 0.000 0.000 0.000 0.000 0.000 0.000 0.000 0.000 0.000 0.000 0.000 0.000 0.000 0.000 0.001 0.006 0.028 0.073 0.141 0.220 0.284 0.324 0.348 0.395 0.487 0.533 0.542 0.535 0.500 0.429 0.464 0.543 0.684 0.892 1.165 1.507 1.762 1.860 1.883 1.904 1.942 1.937 1.853 1.741 1.534 1.389 1.335 1.336 1.382 1.449 1.548 1.681 1.869 2.231 2.669 2.851 2.860 2.787 2.665 2.504 2.316 2.136 2.048 2.032 2.084 2.295 2.726 3.349 4.120 5.086 6.159
0.000 0.000 0.000 0.000 0.000 0.000 0.000 0.000 0.000 0.000 0.000 0.000 0.000 0.000 0.000 0.000 0.000 0.000 0.000 0.000 0.000 0.003 0.020 0.064 0.139 0.238 0.343 0.416 0.453 0.557 0.782 0.893 0.905 0.881 0.805 0.835 0.934 1.101 1.315 1.508 1.671 1.828 1.899 1.893 1.883 1.864 1.813 1.708 1.673 1.508 1.206 1.029 0.936 0.950 1.036 1.168 1.287 1.396 1.508 1.588 1.686 1.895 1.978 1.965 1.897 1.757 1.537 1.310 1.187 1.143 1.137 1.193 1.391 1.803 2.454 3.543 4.519
0.000 0.000 0.000 0.000 0.000 0.000 0.000 0.000 0.000 0.000 0.000 0.000 0.000 0.000 0.000 0.000 0.000 0.000 0.000 0.000 0.000 0.001 0.010 0.046 0.123 0.235 0.373 0.506 0.582 0.689 0.978 1.294 1.380 1.344 1.274 1.349 1.502 1.671 1.808 1.900 1.948 1.965 1.934 1.909 1.859 1.757 1.595 1.478 1.408 1.172 0.897 0.663 0.524 0.507 0.608 0.794 0.975 1.109 1.200 1.212 1.189 1.175 1.262 1.271 1.230 1.124 0.937 0.731 0.609 0.550 0.521 0.516 0.572 0.775 1.209 2.230 2.851
0.000 0.000 0.000 0.000 0.000 0.000 0.000 0.000 0.000 0.000 0.000 0.000 0.000 0.000 0.000 0.000 0.000 0.000 0.000 0.000 0.000 0.001 0.004 0.024 0.089 0.209 0.369 0.561 0.715 0.828 1.053 1.410 1.648 1.700 1.657 1.634 1.787 1.912 2.017 2.066 2.066 2.017 1.969 1.888 1.758 1.572 1.360 1.180 1.049 0.904 0.758 0.550 0.328 0.245 0.271 0.390 0.582 0.758 0.874 0.892 0.849 0.796 0.745 0.733 0.695 0.621 0.498 0.364 0.280 0.234 0.210 0.201 0.207 0.266 0.431 0.751 0.908
0.000 0.000 0.000 0.000 0.000 0.000 0.000 0.000 0.000 0.000 0.000 0.000 0.000 0.000 0.000 0.000 0.000 0.000 0.000 0.000 0.001 0.004 0.009 0.019 0.046 0.149 0.325 0.561 0.800 0.976 1.102 1.292 1.643 1.801 1.824 1.810 1.858 1.992 2.091 2.116 2.100 2.063 1.964 1.810 1.599 1.374 1.188 1.045 0.922 0.803 0.665 0.457 0.256 0.141 0.126 0.156 0.252 0.386 0.506 0.565 0.553 0.504 0.454 0.404 0.342 0.282 0.222 0.163 0.124 0.100 0.087 0.081 0.081 0.092 0.135 0.201 0.220
0.000 0.000 0.000 0.000 0.000 0.000 0.000 0.000 0.000 0.000 0.000 0.000 0.000 0.000 0.000 0.000 0.000 0.000 0.000 0.001 0.004 0.011 0.023 0.046 0.087 0.162 0.287 0.476 0.803 1.061 1.193 1.266 1.417 1.691 1.813 1.831 1.930 2.022 2.091 2.115 2.112 2.055 1.910 1.670 1.437 1.248 1.080 0.946 0.836 0.726 0.572 0.354 0.185 0.106 0.077 0.072 0.095 0.150 0.213 0.259 0.274 0.257 0.221 0.186 0.149 0.110 0.090 0.071 0.057 0.047 0.041 0.038 0.037 0.039 0.049 0.059 0.061
0.000 0.000 0.000 0.000 0.000 0.000 0.000 0.000 0.000 0.000 0.000 0.000 0.000 0.000 0.000 0.000 0.000 0.000 0.001 0.004 0.012 0.028 0.057 0.106 0.188 0.324 0.526 0.769 0.990 1.133 1.240 1.290 1.388 1.482 1.690 1.865 1.969 2.028 2.056 2.087 2.079 2.006 1.818 1.526 1.307 1.147 1.011 0.892 0.782 0.649 0.462 0.258 0.140 0.091 0.060 0.047 0.046 0.057 0.076 0.093 0.100 0.097 0.082 0.069 0.058 0.046 0.040 0.034 0.028 0.024 0.022 0.021 0.020 0.021 0.024 0.026 0.026
0.000 0.000 0.000 0.000 0.000 0.000 0.000 0.000 0.000 0.000 0.000 0.000 0.000 0.000 0.000 0.000 0.000 0.001 0.004 0.012 0.031 0.070 0.136 0.238 0.395 0.634 0.899 1.105 1.222 1.266 1.272 1.283 1.324 1.522 1.782 1.913 1.983 2.023 2.038 2.043 2.014 1.910 1.677 1.386 1.197 1.056 0.944 0.842 0.724 0.561 0.348 0.177 0.117 0.078 0.052 0.037 0.030 0.029 0.032 0.036 0.038 0.037 0.033 0.029 0.026 0.024 0.021 0.018 0.016 0.014 0.013 0.013 0.013 0.013 0.014 0.014 0.015
0.000 0.000 0.000 0.000 0.000 0.000 0.000 0.000 0.000 0.000 0.000 0.000 0.000 0.000 0.000 0.000 0.001 0.003 0.010 0.031 0.078 0.168 0.313 0.517 0.794 1.093 1.287 1.364 1.374 1.328 1.290 1.265 1.252 1.625 1.848 1.952 1.993 2.004 2.018 2.006 1.941 1.778 1.504 1.262 1.104 0.984 0.884 0.783 0.647 0.456 0.248 0.135 0.095 0.065 0.045 0.031 0.024 0.020 0.019 0.019 0.019 0.018 0.017 0.016 0.015 0.014 0.013 0.012 0.010 0.009 0.009 0.009 0.008 0.008 0.009 0.009 0.009
0.000 0.000 0.000 0.000 0.000 0.000 0.000 0.000 0.000 0.000 0.000 0.000 0.000 0.000 0.000 0.000 0.001 0.007 0.024 0.071 0.179 0.382 0.688 1.019 1.308 1.486 1.548 1.529 1.447 1.382 1.285 1.171 1.338 1.712 1.895 1.965 1.987 1.997 1.987 1.942 1.836 1.633 1.360 1.163 1.022 0.921 0.834 0.723 0.563 0.344 0.171 0.105 0.075 0.052 0.036 0.026 0.019 0.014 0.012 0.011 0.011 0.010 0.010 0.009 0.009 0.008 0.008 0.007 0.007 0.006 0.006 0.005 0.005 0.005 0.005 0.005 0.005
0.000 0.000 0.000 0.000 0.000 0.000 0.000 0.000 0.000 0.000 0.000 0.000 0.000 0.000 0.000 0.001 0.004 0.014 0.047 0.137 0.345 0.729 1.185 1.495 1.659 1.713 1.691 1.612 1.518 1.376 1.181 1.072 1.472 1.786 1.930 1.972 1.978 1.982 1.956 1.875 1.718 1.496 1.255 1.073 0.955 0.869 0.781 0.652 0.459 0.250 0.113 0.080 0.056 0.039 0.027 0.019 0.013 0.009 0.007 0.006 0.006 0.006 0.006 0.005 0.005 0.005 0.005 0.004 0.004 0.003 0.003 0.003 0.003 0.003 0.003 0.003 0.003
0.000 0.000 0.000 0.000 0.000 0.000 0.000 0.000 0.000 0.000 0.000 0.000 0.000 0.000 0.000 0.002 0.008 0.027 0.086 0.240 0.576 1.123 1.557 1.765 1.825 1.807 1.755 1.663 1.501 1.256 0.961 1.175 1.609 1.854 1.946 1.965 1.970 1.958 1.907 1.787 1.611 1.397 1.175 0.999 0.903 0.825 0.720 0.563 0.350 0.177 0.078 0.056 0.039 0.026 0.017 0.011 0.007 0.005 0.004 0.003 0.003 0.003 0.003 0.003 0.003 0.003 0.002 0.002 0.002 0.002 0.002 0.001 0.001 0.001 0.001 0.001 0.001
0.000 0.000 0.000 0.000 0.000 0.000 0.000 0.000 0.000 0.000 0.000 0.000 0.000 0.000 0.001 0.004 0.014 0.049 0.146 0.379 0.853 1.433 1.755 1.870 1.873 1.846 1.770 1.609 1.330 0.978 1.002 1.303 1.711 1.917 1.970 1.967 1.956 1.915 1.828 1.688 1.507 1.297 1.093 0.963 0.878 0.791 0.664 0.470 0.264 0.125 0.049 0.033 0.022 0.014 0.008 0.005 0.003 0.002 0.001 0.001 0.001 0.001 0.001 0.001 0.001 0.001 0.001 0.001 0.001 0.001 0.000 0.000 0.000 0.000 0.000 0.000 0.000
0.000 0.000 0.000 0.000 0.000 0.000 0.000 0.000 0.000 0.000 0.000 0.000 0.000 0.000 0.001 0.007 0.026 0.082 0.225 0.545 1.122 1.617 1.826 1.879 1.885 1.840 1.686 1.383 1.021 0.925 1.075 1.454 1.781 1.941 1.980 1.978 1.947 1.870 1.746 1.589 1.408 1.197 1.029 0.944 0.870 0.762 0.598 0.383 0.200 0.087 0.031 0.013 0.009 0.005 0.003 0.002 0.001 0.001 0.000 0.000 0.000 0.000 0.000 0.000 0.000 0.000 0.000 0.000 0.000 0.000 0.000 0.000 0.000 0.000 0.000 0.000 0.000
0.000 0.000 0.000 0.000 0.000 0.000 0.000 0.000 0.000 0.000 0.000 0.000 0.000 0.000 0.003 0.012 0.042 0.124 0.319 0.720 1.322 1.708 1.832 1.859 1.860 1.768 1.505 1.113 0.923 0.910 1.165 1.569 1.829 1.937 1.968 1.971 1.922 1.815 1.662 1.488 1.301 1.102 0.998 0.933 0.855 0.730 0.534 0.310 0.150 0.060 0.020 0.005 0.002 0.001 0.001 0.000 0.000 0.000 0.000 0.000 0.000 0.000 0.000 0.000 0.000 0.000 0.000 0.000 0.000 0.000 0.000 0.000 0.000 0.000 0.000 0.000 0.000
0.000 0.000 0.000 0.000 0.000 0.000 0.000 0.000 0.000 0.000 0.000 0.000 0.000 0.001 0.004 0.018 0.061 0.176 0.431 0.894 1.451 1.738 1.817 1.834 1.804 1.636 1.265 0.952 0.865 0.926 1.250 1.634 1.856 1.923 1.946 1.944 1.885 1.756 1.587 1.396 1.170 1.038 0.981 0.931 0.840 0.686 0.464 0.252 0.114 0.042 0.012 0.003 0.001 0.000 0.000 0.000 0.000 0.000 0.000 0.000 0.000 0.000 0.000 0.000 0.000 0.000 0.000 0.000 0.000 0.000 0.000 0.000 0.000 0.000 0.000 0.000 0.000
0.000 0.000 0.000 0.000 0.000 0.000 0.000 0.000 0.000 0.000 0.000 0.000 0.000 0.001 0.006 0.024 0.084 0.234 0.550 1.069 1.524 1.724 1.783 1.799 1.718 1.450 1.058 0.860 0.823 0.952 1.338 1.692 1.881 1.934 1.930 1.905 1.821 1.687 1.511 1.289 1.080 1.005 0.974 0.924 0.817 0.638 0.397 0.201 0.084 0.028 0.007 0.002 0.000 0.000 0.000 0.000 0.000 0.000 0.000 0.000 0.000 0.000 0.000 0.000 0.000 0.000 0.000 0.000 0.000 0.000 0.000 0.000 0.000 0.000 0.000 0.000 0.000
0.000 0.000 0.000 0.000 0.000 0.000 0.000 0.000 0.000 0.000 0.000 0.000 0.000 0.001 0.008 0.032 0.107 0.296 0.681 1.214 1.564 1.692 1.739 1.733 1.583 1.221 0.919 0.802 0.787 0.981 1.394 1.744 1.900 1.933 1.929 1.868 1.751 1.598 1.404 1.153 1.019 0.987 0.965 0.910 0.784 0.579 0.333 0.156 0.059 0.017 0.004 0.001 0.000 0.000 0.000 0.000 0.000 0.000 0.000 0.000 0.000 0.000 0.000 0.000 0.000 0.000 0.000 0.000 0.000 0.000 0.000 0.000 0.000 0.000 0.000 0.000 0.000
0.000 0.000 0.000 0.000 0.000 0.000 0.000 0.000 0.000 0.000 0.000 0.000 0.000 0.002 0.009 0.038 0.129 0.363 0.821 1.319 1.573 1.644 1.679 1.628 1.392 1.018 0.814 0.753 0.763 1.018 1.439 1.773 1.919 1.942 1.927 1.848 1.704 1.505 1.265 1.045 0.977 0.971 0.953 0.885 0.744 0.517 0.274 0.119 0.041 0.011 0.002 0.000 0.000 0.000 0.000 0.000 0.000 0.000 0.000 0.000 0.000 0.000 0.000 0.000 0.000 0.000 0.000 0.000 0.000 0.000 0.000 0.000 0.000 0.000 0.000 0.000 0.000
0.000 0.000 0.000 0.000 0.000 0.000 0.000 0.000 0.000 0.000 0.000 0.000 0.000 0.002 0.010 0.045 0.151 0.428 0.962 1.411 1.585 1.610 1.616 1.504 1.183 0.871 0.734 0.700 0.746 1.055 1.508 1.813 1.929 1.941 1.926 1.829 1.648 1.413 1.157 0.999 0.970 0.966 0.942 0.856 0.690 0.448 0.217 0.086 0.026 0.006 0.001 0.000 0.000 0.000 0.000 0.000 0.000 0.000 0.000 0.000 0.000 0.000 0.000 0.000 0.000 0.000 0.000 0.000 0.000 0.000 0.000 0.000 0.000 0.000 0.000 0.000 0.000
