RESULTS/r.avaflow_results/31_results/31_ascii/31_hflow_max0045.asc
ncols 506
nrows 317
xllcenter 498237.50
yllcenter 5580050.00
cellsize 12.50
NODATA_value -9999.000
[rows 170 to 203 of 317, columns 77 to 153 of 506]
0.000 0.000 0.000 0.000 0.000 0.000 0.000 0.000 0.000 0.000 0.000 0.000 0.000 0.000 0.000 0.000 0.000 0.000 0.000 0.000 0.000 0.000 0.000 0.000 0.000 0.000 0.000 0.000 0.000 0.000 0.000 0.000 0.000 0.000 0.000 0.000 0.000 0.000 0.000 0.000 0.000 0.000 0.000 0.000 0.001 0.002 0.003 0.006 0.011 0.020 0.042 0.112 0.322 0.791 1.490 2.440 4.150 7.340 10.059 12.493 14.470 15.893 16.748 17.033 16.920 16.429 15.927 15.406 14.959 14.214 13.050 11.802 11.020 10.873 10.828 10.822 10.888
0.000 0.000 0.000 0.000 0.000 0.000 0.000 0.000 0.000 0.000 0.000 0.000 0.000 0.000 0.000 0.000 0.000 0.000 0.000 0.000 0.000 0.000 0.000 0.000 0.000 0.000 0.000 0.000 0.000 0.000 0.000 0.000 0.000 0.000 0.000 0.000 0.000 0.000 0.000 0.000 0.000 0.000 0.000 0.001 0.003 0.005 0.008 0.014 0.028 0.062 0.146 0.356 0.778 1.410 2.206 4.230 6.483 9.097 11.706 14.029 15.777 16.654 17.237 17.340 17.193 16.788 16.079 15.339 14.600 13.887 13.093 13.147 13.246 13.312 13.470 13.808 14.288
0.000 0.000 0.000 0.000 0.000 0.000 0.000 0.000 0.000 0.000 0.000 0.000 0.000 0.000 0.000 0.000 0.000 0.000 0.000 0.000 0.000 0.001 0.001 0.001 0.001 0.001 0.001 0.001 0.001 0.001 0.001 0.001 0.001 0.001 0.000 0.000 0.000 0.000 0.000 0.000 0.000 0.001 0.002 0.004 0.007 0.013 0.022 0.046 0.100 0.220 0.452 0.841 1.315 1.837 2.512 4.773 7.129 9.751 12.270 14.459 16.056 16.871 17.235 17.313 17.170 16.643 15.862 15.203 14.888 14.824 14.739 14.717 14.620 14.710 15.087 15.966 17.223
0.000 0.000 0.000 0.000 0.000 0.000 0.000 0.000 0.000 0.000 0.000 0.000 0.000 0.000 0.000 0.000 0.000 0.000 0.000 0.001 0.002 0.003 0.004 0.004 0.004 0.005 0.005 0.005 0.005 0.005 0.004 0.004 0.004 0.003 0.002 0.002 0.001 0.001 0.000 0.000 0.001 0.002 0.006 0.011 0.019 0.034 0.077 0.159 0.312 0.585 0.952 1.331 1.733 2.155 2.676 4.501 6.888 9.590 12.087 14.180 15.786 16.657 16.975 17.017 16.819 16.385 15.984 15.990 16.023 15.992 15.785 15.514 15.477 15.672 16.355 17.758 19.408
0.000 0.000 0.000 0.000 0.000 0.000 0.000 0.000 0.000 0.000 0.000 0.000 0.000 0.000 0.000 0.000 0.000 0.000 0.001 0.002 0.005 0.007 0.009 0.010 0.011 0.011 0.011 0.011 0.011 0.011 0.011 0.010 0.009 0.007 0.005 0.004 0.003 0.002 0.002 0.001 0.002 0.006 0.014 0.025 0.047 0.117 0.238 0.425 0.698 1.018 1.317 1.901 2.365 2.710 3.072 3.744 5.816 8.698 11.410 13.669 15.168 16.016 16.527 16.618 16.571 16.648 16.682 16.672 16.629 16.479 16.207 15.888 16.046 16.741 17.655 18.839 20.156
0.000 0.000 0.000 0.000 0.000 0.000 0.000 0.000 0.000 0.000 0.000 0.000 0.000 0.000 0.000 0.000 0.000 0.001 0.003 0.005 0.009 0.013 0.016 0.018 0.020 0.020 0.021 0.021 0.021 0.021 0.020 0.019 0.017 0.014 0.010 0.007 0.005 0.004 0.004 0.004 0.006 0.014 0.029 0.055 0.148 0.326 0.559 0.818 1.073 1.294 1.777 2.374 2.791 3.111 3.346 3.602 4.571 7.426 10.431 12.818 14.300 15.174 15.712 16.019 16.382 16.631 16.874 16.737 16.706 16.577 16.302 16.085 16.100 16.812 17.630 18.645 19.821
0.000 0.000 0.000 0.000 0.000 0.000 0.000 0.000 0.000 0.000 0.000 0.000 0.000 0.000 0.000 0.000 0.000 0.002 0.005 0.010 0.016 0.022 0.027 0.030 0.032 0.033 0.034 0.034 0.034 0.034 0.033 0.031 0.028 0.023 0.016 0.011 0.008 0.007 0.006 0.006 0.011 0.026 0.057 0.150 0.383 0.686 0.938 1.126 1.287 1.591 2.163 2.654 3.026 3.332 3.527 3.675 4.079 6.734 9.687 11.994 13.501 14.330 14.914 15.416 15.944 16.294 16.480 16.443 16.301 16.057 15.662 15.324 15.296 15.654 16.572 17.650 19.014
0.000 0.000 0.000 0.000 0.000 0.000 0.000 0.000 0.000 0.000 0.000 0.000 0.000 0.000 0.000 0.000 0.001 0.003 0.008 0.015 0.025 0.034 0.041 0.045 0.048 0.050 0.051 0.051 0.051 0.051 0.049 0.047 0.042 0.035 0.024 0.017 0.013 0.011 0.010 0.011 0.018 0.045 0.111 0.351 0.747 1.049 1.207 1.313 1.515 2.040 2.468 2.818 3.125 3.414 3.644 3.755 3.923 6.211 9.097 11.229 12.604 13.506 14.118 14.669 15.157 15.374 15.413 15.256 14.969 14.566 14.041 13.800 13.769 14.105 15.005 16.291 17.805
0.000 0.000 0.000 0.000 0.000 0.000 0.000 0.000 0.000 0.000 0.000 0.000 0.000 0.000 0.000 0.000 0.001 0.004 0.009 0.019 0.034 0.048 0.058 0.065 0.069 0.071 0.072 0.072 0.072 0.072 0.070 0.067 0.060 0.050 0.036 0.025 0.019 0.017 0.016 0.018 0.028 0.072 0.209 0.608 1.067 1.294 1.379 1.499 1.994 2.365 2.643 2.880 3.134 3.396 3.655 3.741 3.800 5.767 8.254 10.130 11.436 12.396 12.977 13.434 13.713 13.733 13.594 13.334 12.898 12.269 11.788 11.510 11.486 12.006 13.100 14.685 16.403
0.000 0.000 0.000 0.000 0.000 0.000 0.000 0.000 0.000 0.000 0.000 0.000 0.000 0.000 0.000 0.000 0.001 0.003 0.009 0.020 0.038 0.062 0.080 0.089 0.095 0.098 0.099 0.099 0.099 0.098 0.096 0.092 0.084 0.071 0.054 0.040 0.030 0.025 0.024 0.026 0.042 0.109 0.280 0.780 1.279 1.458 1.505 1.902 2.248 2.500 2.682 2.866 3.105 3.354 3.584 3.648 3.639 5.276 7.339 8.859 10.056 10.753 11.227 11.571 11.716 11.662 11.430 11.061 10.484 9.777 9.330 9.264 9.566 10.384 11.697 13.257 14.949
0.000 0.000 0.000 0.000 0.000 0.000 0.000 0.000 0.000 0.000 0.000 0.000 0.000 0.000 0.000 0.000 0.000 0.003 0.007 0.017 0.036 0.068 0.101 0.118 0.126 0.130 0.132 0.132 0.132 0.132 0.129 0.123 0.113 0.097 0.083 0.064 0.045 0.037 0.035 0.044 0.066 0.155 0.403 0.874 1.407 1.573 1.824 2.102 2.325 2.500 2.648 2.811 3.034 3.275 3.453 3.472 3.395 4.448 6.439 7.673 8.508 8.815 9.044 9.260 9.369 9.330 9.118 8.766 8.266 7.755 7.496 7.565 8.074 9.049 10.337 11.762 13.327
0.000 0.000 0.000 0.000 0.000 0.000 0.000 0.000 0.000 0.000 0.000 0.000 0.000 0.000 0.000 0.000 0.000 0.001 0.004 0.010 0.027 0.063 0.112 0.147 0.162 0.169 0.172 0.173 0.174 0.173 0.169 0.162 0.150 0.142 0.129 0.104 0.071 0.060 0.070 0.097 0.146 0.234 0.502 0.950 1.449 1.834 2.031 2.164 2.299 2.432 2.572 2.694 2.881 3.089 3.217 3.165 3.002 3.667 5.369 6.537 7.114 7.165 7.076 7.023 7.005 6.955 6.864 6.668 6.346 6.089 6.020 6.181 6.791 7.764 8.964 10.263 11.618
0.000 0.000 0.000 0.000 0.000 0.000 0.000 0.000 0.000 0.000 0.000 0.000 0.000 0.000 0.000 0.000 0.000 0.000 0.001 0.003 0.014 0.046 0.106 0.165 0.199 0.214 0.220 0.223 0.223 0.222 0.219 0.217 0.218 0.216 0.202 0.170 0.118 0.122 0.151 0.211 0.308 0.485 0.823 1.307 1.759 1.986 2.084 2.151 2.228 2.322 2.386 2.414 2.551 2.687 2.759 2.685 2.538 2.851 4.033 5.250 5.727 5.694 5.501 5.281 5.126 5.032 4.964 4.851 4.687 4.606 4.661 4.962 5.572 6.455 7.476 8.558 9.665
0.000 0.000 0.000 0.000 0.000 0.000 0.000 0.000 0.000 0.000 0.000 0.000 0.000 0.000 0.000 0.000 0.000 0.000 0.000 0.001 0.005 0.027 0.086 0.168 0.225 0.259 0.275 0.281 0.283 0.282 0.309 0.330 0.335 0.333 0.315 0.273 0.228 0.256 0.324 0.441 0.625 0.961 1.391 1.707 1.879 1.983 2.052 2.108 2.136 2.122 2.037 1.986 2.007 2.058 2.100 2.103 2.283 2.497 2.823 3.770 4.272 4.334 4.201 3.992 3.791 3.635 3.505 3.372 3.281 3.259 3.359 3.711 4.373 5.037 5.852 6.754 7.798
0.000 0.000 0.000 0.000 0.000 0.000 0.000 0.000 0.000 0.000 0.000 0.000 0.000 0.000 0.000 0.000 0.000 0.000 0.000 0.000 0.002 0.012 0.058 0.149 0.235 0.294 0.332 0.348 0.356 0.395 0.487 0.533 0.542 0.535 0.500 0.429 0.465 0.543 0.685 0.892 1.165 1.507 1.762 1.862 1.891 1.926 1.989 2.006 1.940 1.841 1.647 1.520 1.496 1.544 1.645 1.802 1.989 2.176 2.390 2.597 2.992 3.164 3.141 3.029 2.867 2.669 2.449 2.243 2.136 2.106 2.148 2.351 2.774 3.388 4.151 5.110 6.176
0.000 0.000 0.000 0.000 0.000 0.000 0.000 0.000 0.000 0.000 0.000 0.000 0.000 0.000 0.000 0.000 0.000 0.000 0.000 0.000 0.001 0.005 0.031 0.108 0.218 0.310 0.384 0.430 0.453 0.557 0.782 0.893 0.905 0.881 0.805 0.835 0.934 1.101 1.315 1.508 1.671 1.828 1.899 1.893 1.887 1.876 1.841 1.755 1.732 1.572 1.272 1.097 1.010 1.045 1.182 1.421 1.648 1.855 2.027 2.133 2.175 2.218 2.271 2.219 2.109 1.929 1.692 1.450 1.273 1.213 1.194 1.240 1.432 1.839 2.485 3.568 4.537
0.000 0.000 0.000 0.000 0.000 0.000 0.000 0.000 0.000 0.000 0.000 0.000 0.000 0.000 0.000 0.000 0.000 0.000 0.000 0.000 0.000 0.002 0.013 0.062 0.169 0.297 0.414 0.515 0.582 0.689 0.978 1.294 1.380 1.344 1.274 1.349 1.502 1.671 1.808 1.901 1.949 1.965 1.934 1.909 1.860 1.763 1.610 1.506 1.445 1.210 0.933 0.695 0.554 0.542 0.666 0.955 1.269 1.518 1.680 1.751 1.760 1.732 1.679 1.605 1.522 1.417 1.259 1.037 0.815 0.646 0.563 0.545 0.596 0.798 1.232 2.251 2.868
0.000 0.000 0.000 0.000 0.000 0.000 0.000 0.000 0.000 0.000 0.000 0.000 0.000 0.000 0.000 0.000 0.000 0.000 0.000 0.000 0.000 0.001 0.004 0.028 0.107 0.248 0.406 0.569 0.715 0.828 1.053 1.410 1.648 1.700 1.657 1.634 1.787 1.912 2.017 2.066 2.067 2.017 1.970 1.889 1.759 1.575 1.368 1.196 1.070 0.925 0.777 0.567 0.342 0.257 0.290 0.478 0.814 1.119 1.314 1.395 1.400 1.366 1.315 1.241 1.148 1.035 0.890 0.715 0.531 0.377 0.264 0.217 0.217 0.275 0.441 0.761 0.918
0.000 0.000 0.000 0.000 0.000 0.000 0.000 0.000 0.000 0.000 0.000 0.000 0.000 0.000 0.000 0.000 0.000 0.000 0.000 0.000 0.001 0.004 0.009 0.019 0.051 0.166 0.353 0.574 0.800 0.976 1.102 1.292 1.643 1.801 1.824 1.810 1.859 1.992 2.091 2.117 2.100 2.063 1.964 1.811 1.600 1.376 1.193 1.054 0.935 0.816 0.678 0.468 0.264 0.151 0.136 0.194 0.381 0.654 0.888 1.011 1.044 1.025 0.983 0.914 0.811 0.693 0.572 0.449 0.322 0.209 0.132 0.091 0.086 0.096 0.138 0.204 0.223
0.000 0.000 0.000 0.000 0.000 0.000 0.000 0.000 0.000 0.000 0.000 0.000 0.000 0.000 0.000 0.000 0.000 0.000 0.000 0.001 0.004 0.011 0.023 0.046 0.087 0.162 0.287 0.493 0.804 1.061 1.193 1.266 1.417 1.691 1.813 1.831 1.930 2.022 2.091 2.115 2.112 2.056 1.910 1.670 1.437 1.250 1.083 0.952 0.844 0.735 0.581 0.361 0.191 0.122 0.098 0.099 0.149 0.275 0.443 0.568 0.628 0.642 0.625 0.576 0.492 0.393 0.308 0.234 0.165 0.103 0.064 0.044 0.040 0.041 0.050 0.060 0.062
0.000 0.000 0.000 0.000 0.000 0.000 0.000 0.000 0.000 0.000 0.000 0.000 0.000 0.000 0.000 0.000 0.000 0.000 0.001 0.004 0.012 0.028 0.057 0.106 0.188 0.324 0.526 0.769 0.990 1.133 1.240 1.290 1.389 1.483 1.690 1.865 1.969 2.028 2.057 2.088 2.079 2.007 1.818 1.526 1.307 1.149 1.013 0.897 0.787 0.656 0.468 0.264 0.181 0.127 0.094 0.078 0.078 0.106 0.165 0.221 0.252 0.263 0.259 0.241 0.203 0.156 0.120 0.093 0.068 0.046 0.032 0.024 0.022 0.022 0.024 0.026 0.026
0.000 0.000 0.000 0.000 0.000 0.000 0.000 0.000 0.000 0.000 0.000 0.000 0.000 0.000 0.000 0.000 0.000 0.001 0.004 0.012 0.031 0.070 0.136 0.238 0.395 0.634 0.899 1.105 1.222 1.266 1.272 1.283 1.324 1.522 1.782 1.913 1.983 2.023 2.039 2.043 2.015 1.910 1.678 1.387 1.198 1.058 0.946 0.845 0.728 0.565 0.352 0.231 0.193 0.143 0.102 0.075 0.062 0.058 0.065 0.076 0.082 0.084 0.081 0.075 0.065 0.053 0.043 0.036 0.029 0.022 0.018 0.015 0.014 0.014 0.014 0.015 0.015
0.000 0.000 0.000 0.000 0.000 0.000 0.000 0.000 0.000 0.000 0.000 0.000 0.000 0.000 0.000 0.000 0.001 0.003 0.010 0.031 0.078 0.168 0.313 0.517 0.794 1.093 1.287 1.364 1.374 1.328 1.290 1.265 1.252 1.625 1.849 1.952 1.993 2.004 2.019 2.007 1.942 1.779 1.504 1.263 1.105 0.985 0.886 0.785 0.650 0.459 0.253 0.235 0.201 0.154 0.110 0.078 0.057 0.044 0.037 0.034 0.032 0.031 0.030 0.028 0.025 0.022 0.019 0.017 0.015 0.013 0.011 0.010 0.009 0.009 0.009 0.010 0.010
0.000 0.000 0.000 0.000 0.000 0.000 0.000 0.000 0.000 0.000 0.000 0.000 0.000 0.000 0.000 0.000 0.001 0.007 0.024 0.071 0.179 0.382 0.688 1.019 1.308 1.486 1.548 1.529 1.447 1.382 1.285 1.171 1.338 1.712 1.895 1.965 1.988 1.997 1.987 1.942 1.836 1.633 1.360 1.163 1.022 0.921 0.835 0.724 0.565 0.346 0.256 0.237 0.203 0.156 0.111 0.078 0.053 0.035 0.025 0.019 0.016 0.016 0.015 0.014 0.013 0.012 0.011 0.010 0.009 0.008 0.007 0.006 0.006 0.006 0.006 0.006 0.006
0.000 0.000 0.000 0.000 0.000 0.000 0.000 0.000 0.000 0.000 0.000 0.000 0.000 0.000 0.000 0.001 0.004 0.014 0.047 0.137 0.345 0.729 1.185 1.495 1.659 1.713 1.691 1.612 1.518 1.376 1.181 1.072 1.472 1.786 1.930 1.972 1.978 1.982 1.956 1.875 1.718 1.496 1.255 1.073 0.955 0.869 0.781 0.653 0.460 0.251 0.247 0.229 0.195 0.148 0.101 0.067 0.042 0.024 0.014 0.010 0.009 0.008 0.008 0.008 0.008 0.007 0.006 0.006 0.005 0.005 0.004 0.004 0.004 0.003 0.003 0.003 0.003
0.000 0.000 0.000 0.000 0.000 0.000 0.000 0.000 0.000 0.000 0.000 0.000 0.000 0.000 0.000 0.002 0.008 0.027 0.086 0.240 0.576 1.123 1.557 1.765 1.825 1.807 1.755 1.663 1.501 1.256 0.961 1.175 1.609 1.854 1.946 1.965 1.970 1.958 1.907 1.787 1.611 1.397 1.176 1.000 0.903 0.825 0.721 0.564 0.350 0.206 0.201 0.186 0.157 0.114 0.071 0.041 0.022 0.011 0.006 0.004 0.004 0.004 0.004 0.004 0.004 0.004 0.004 0.003 0.003 0.003 0.002 0.002 0.002 0.002 0.002 0.002 0.002
0.000 0.000 0.000 0.000 0.000 0.000 0.000 0.000 0.000 0.000 0.000 0.000 0.000 0.000 0.001 0.004 0.014 0.049 0.146 0.379 0.853 1.433 1.755 1.870 1.873 1.846 1.770 1.609 1.330 0.978 1.002 1.303 1.711 1.917 1.970 1.967 1.956 1.915 1.828 1.688 1.507 1.298 1.093 0.963 0.879 0.792 0.664 0.471 0.265 0.141 0.133 0.117 0.089 0.057 0.030 0.015 0.007 0.003 0.002 0.002 0.002 0.002 0.002 0.002 0.002 0.002 0.002 0.002 0.001 0.001 0.001 0.001 0.001 0.001 0.001 0.001 0.001
0.000 0.000 0.000 0.000 0.000 0.000 0.000 0.000 0.000 0.000 0.000 0.000 0.000 0.000 0.001 0.007 0.026 0.082 0.225 0.545 1.122 1.617 1.826 1.879 1.885 1.840 1.686 1.383 1.021 0.925 1.075 1.454 1.781 1.941 1.980 1.978 1.947 1.870 1.746 1.589 1.408 1.197 1.030 0.945 0.870 0.762 0.599 0.383 0.201 0.088 0.054 0.045 0.032 0.018 0.009 0.004 0.002 0.001 0.001 0.001 0.001 0.001 0.001 0.001 0.001 0.001 0.001 0.000 0.000 0.000 0.000 0.000 0.000 0.000 0.000 0.000 0.000
0.000 0.000 0.000 0.000 0.000 0.000 0.000 0.000 0.000 0.000 0.000 0.000 0.000 0.000 0.003 0.012 0.042 0.124 0.319 0.720 1.322 1.708 1.832 1.859 1.860 1.768 1.505 1.113 0.923 0.910 1.165 1.569 1.829 1.937 1.968 1.971 1.922 1.815 1.662 1.488 1.301 1.102 0.998 0.933 0.855 0.731 0.534 0.310 0.150 0.060 0.020 0.011 0.007 0.004 0.002 0.001 0.001 0.000 0.000 0.000 0.000 0.000 0.000 0.000 0.000 0.000 0.000 0.000 0.000 0.000 0.000 0.000 0.000 0.000 0.000 0.000 0.000
0.000 0.000 0.000 0.000 0.000 0.000 0.000 0.000 0.000 0.000 0.000 0.000 0.000 0.001 0.004 0.018 0.061 0.176 0.431 0.894 1.451 1.738 1.817 1.834 1.804 1.636 1.265 0.952 0.865 0.926 1.250 1.634 1.856 1.923 1.946 1.944 1.885 1.756 1.587 1.396 1.170 1.038 0.981 0.931 0.840 0.686 0.465 0.252 0.114 0.042 0.013 0.003 0.002 0.001 0.001 0.000 0.000 0.000 0.000 0.000 0.000 0.000 0.000 0.000 0.000 0.000 0.000 0.000 0.000 0.000 0.000 0.000 0.000 0.000 0.000 0.000 0.000
0.000 0.000 0.000 0.000 0.000 0.000 0.000 0.000 0.000 0.000 0.000 0.000 0.000 0.001 0.006 0.024 0.084 0.234 0.550 1.069 1.524 1.724 1.783 1.799 1.718 1.450 1.058 0.860 0.823 0.952 1.338 1.692 1.881 1.934 1.930 1.905 1.821 1.687 1.511 1.289 1.080 1.005 0.974 0.924 0.817 0.638 0.397 0.201 0.084 0.028 0.008 0.002 0.000 0.000 0.000 0.000 0.000 0.000 0.000 0.000 0.000 0.000 0.000 0.000 0.000 0.000 0.000 0.000 0.000 0.000 0.000 0.000 0.000 0.000 0.000 0.000 0.000
0.000 0.000 0.000 0.000 0.000 0.000 0.000 0.000 0.000 0.000 0.000 0.000 0.000 0.001 0.008 0.032 0.107 0.296 0.681 1.214 1.564 1.692 1.739 1.733 1.583 1.221 0.919 0.802 0.787 0.981 1.394 1.744 1.900 1.933 1.929 1.868 1.751 1.598 1.404 1.153 1.019 0.987 0.965 0.910 0.784 0.579 0.333 0.156 0.059 0.018 0.004 0.001 0.000 0.000 0.000 0.000 0.000 0.000 0.000 0.000 0.000 0.000 0.000 0.000 0.000 0.000 0.000 0.000 0.000 0.000 0.000 0.000 0.000 0.000 0.000 0.000 0.000
0.000 0.000 0.000 0.000 0.000 0.000 0.000 0.000 0.000 0.000 0.000 0.000 0.000 0.002 0.009 0.038 0.129 0.363 0.821 1.319 1.573 1.644 1.679 1.628 1.392 1.018 0.814 0.753 0.763 1.018 1.439 1.773 1.919 1.942 1.927 1.848 1.704 1.505 1.265 1.045 0.977 0.971 0.953 0.885 0.744 0.517 0.274 0.119 0.041 0.011 0.002 0.000 0.000 0.000 0.000 0.000 0.000 0.000 0.000 0.000 0.000 0.000 0.000 0.000 0.000 0.000 0.000 0.000 0.000 0.000 0.000 0.000 0.000 0.000 0.000 0.000 0.000
0.000 0.000 0.000 0.000 0.000 0.000 0.000 0.000 0.000 0.000 0.000 0.000 0.000 0.002 0.010 0.045 0.151 0.428 0.962 1.411 1.585 1.610 1.616 1.504 1.183 0.871 0.734 0.700 0.746 1.055 1.508 1.813 1.929 1.941 1.926 1.829 1.648 1.413 1.157 0.999 0.970 0.966 0.942 0.856 0.690 0.448 0.218 0.086 0.026 0.006 0.001 0.000 0.000 0.000 0.000 0.000 0.000 0.000 0.000 0.000 0.000 0.000 0.000 0.000 0.000 0.000 0.000 0.000 0.000 0.000 0.000 0.000 0.000 0.000 0.000 0.000 0.000
