RESULTS/r.avaflow_results/31_results/31_ascii/31_hflow0016.asc
ncols 506
nrows 317
xllcenter 498237.50
yllcenter 5580050.00
cellsize 12.50
NODATA_value -9999.000
[rows 170 to 203 of 317, columns 77 to 153 of 506]
0.000 0.000 0.000 0.000 0.000 0.000 0.000 0.000 0.000 0.000 0.000 0.000 0.000 0.000 0.000 0.000 0.000 0.000 0.000 0.000 0.000 0.000 0.000 0.000 0.000 0.000 0.000 0.000 0.000 0.000 0.000 0.000 0.000 0.000 0.000 0.000 0.000 0.000 0.000 0.000 0.000 0.000 0.000 0.000 0.000 0.000 0.001 0.002 0.004 0.008 0.016 0.035 0.089 0.237 0.550 1.048 1.822 3.177 5.350 8.092 10.685 12.788 14.368 15.320 15.629 15.529 15.173 14.703 14.214 13.507 12.456 11.246 10.211 9.491 8.994 8.614 8.318
0.000 0.000 0.000 0.000 0.000 0.000 0.000 0.000 0.000 0.000 0.000 0.000 0.000 0.000 0.000 0.000 0.000 0.000 0.000 0.000 0.000 0.000 0.000 0.000 0.000 0.000 0.000 0.000 0.000 0.000 0.000 0.000 0.000 0.000 0.000 0.000 0.000 0.000 0.000 0.000 0.000 0.000 0.000 0.000 0.000 0.001 0.003 0.006 0.011 0.022 0.049 0.119 0.283 0.628 1.210 2.035 3.216 4.986 7.435 10.237 12.604 14.387 15.566 16.122 16.167 15.904 15.367 14.731 14.091 13.355 12.516 11.822 11.441 11.284 11.244 11.258 11.370
0.000 0.000 0.000 0.000 0.000 0.000 0.000 0.000 0.000 0.000 0.000 0.000 0.000 0.000 0.000 0.000 0.000 0.000 0.000 0.000 0.000 0.000 0.000 0.000 0.000 0.000 0.000 0.000 0.000 0.000 0.000 0.000 0.000 0.000 0.000 0.000 0.000 0.000 0.000 0.000 0.000 0.000 0.000 0.001 0.001 0.004 0.008 0.017 0.034 0.077 0.176 0.368 0.674 1.103 1.688 2.575 3.961 5.955 8.546 11.312 13.526 15.071 15.940 16.245 16.206 15.886 15.325 14.733 14.198 13.720 13.376 13.257 13.275 13.294 13.367 13.686 14.359
0.000 0.000 0.000 0.000 0.000 0.000 0.000 0.000 0.000 0.000 0.000 0.000 0.000 0.000 0.000 0.000 0.000 0.000 0.000 0.000 0.000 0.000 0.000 0.000 0.000 0.000 0.000 0.000 0.000 0.000 0.000 0.000 0.000 0.000 0.000 0.000 0.000 0.000 0.000 0.000 0.000 0.000 0.001 0.002 0.005 0.012 0.027 0.058 0.123 0.257 0.496 0.795 1.104 1.448 1.918 2.738 4.147 6.200 8.844 11.559 13.679 15.106 15.853 16.077 16.012 15.755 15.339 15.031 14.889 14.860 14.833 14.728 14.660 14.654 14.843 15.499 16.702
0.000 0.000 0.000 0.000 0.000 0.000 0.000 0.000 0.000 0.000 0.000 0.000 0.000 0.000 0.000 0.000 0.000 0.000 0.000 0.000 0.000 0.000 0.000 0.000 0.000 0.000 0.001 0.001 0.002 0.002 0.002 0.002 0.002 0.002 0.002 0.001 0.001 0.001 0.001 0.001 0.001 0.001 0.002 0.005 0.015 0.039 0.091 0.186 0.350 0.603 0.890 1.138 1.371 1.645 2.032 2.744 4.049 6.055 8.720 11.370 13.347 14.641 15.330 15.620 15.734 15.767 15.740 15.761 15.782 15.771 15.660 15.446 15.365 15.460 15.894 16.804 18.183
0.000 0.000 0.000 0.000 0.000 0.000 0.000 0.000 0.000 0.000 0.000 0.000 0.000 0.000 0.000 0.000 0.000 0.000 0.000 0.000 0.000 0.000 0.000 0.000 0.000 0.001 0.002 0.004 0.005 0.005 0.006 0.006 0.006 0.005 0.005 0.004 0.003 0.002 0.002 0.002 0.002 0.003 0.006 0.015 0.046 0.121 0.252 0.442 0.686 0.934 1.132 1.308 1.513 1.765 2.090 2.617 3.639 5.448 8.093 10.736 12.578 13.744 14.463 14.984 15.454 15.828 16.015 16.050 16.029 15.958 15.770 15.549 15.497 15.697 16.328 17.351 18.639
0.000 0.000 0.000 0.000 0.000 0.000 0.000 0.000 0.000 0.000 0.000 0.000 0.000 0.000 0.000 0.000 0.000 0.000 0.000 0.000 0.000 0.000 0.000 0.000 0.001 0.003 0.005 0.008 0.010 0.012 0.012 0.012 0.012 0.012 0.010 0.008 0.006 0.005 0.004 0.004 0.005 0.006 0.014 0.044 0.134 0.307 0.530 0.754 0.957 1.120 1.255 1.405 1.601 1.834 2.101 2.456 3.154 4.628 7.148 9.902 11.771 12.900 13.663 14.372 15.081 15.600 15.779 15.751 15.646 15.476 15.190 14.968 14.946 15.246 16.007 17.095 18.343
0.000 0.000 0.000 0.000 0.000 0.000 0.000 0.000 0.000 0.000 0.000 0.000 0.000 0.000 0.000 0.000 0.000 0.000 0.000 0.000 0.000 0.000 0.000 0.001 0.003 0.006 0.010 0.015 0.019 0.021 0.022 0.022 0.022 0.021 0.018 0.014 0.010 0.008 0.008 0.008 0.008 0.013 0.034 0.115 0.322 0.615 0.851 1.004 1.124 1.230 1.338 1.473 1.643 1.849 2.086 2.375 2.906 4.119 6.408 9.141 10.992 12.094 12.880 13.633 14.302 14.678 14.729 14.608 14.378 14.053 13.639 13.384 13.362 13.703 14.599 15.882 17.284
0.000 0.000 0.000 0.000 0.000 0.000 0.000 0.000 0.000 0.000 0.000 0.000 0.000 0.000 0.000 0.000 0.000 0.000 0.000 0.000 0.000 0.000 0.001 0.003 0.006 0.011 0.018 0.025 0.031 0.034 0.036 0.036 0.036 0.034 0.030 0.023 0.017 0.014 0.012 0.012 0.014 0.025 0.075 0.253 0.629 0.961 1.113 1.182 1.244 1.311 1.394 1.506 1.645 1.823 2.045 2.315 2.771 3.803 5.806 8.321 10.020 11.037 11.789 12.437 12.885 13.030 12.963 12.735 12.345 11.773 11.252 11.017 11.060 11.580 12.681 14.167 15.815
0.000 0.000 0.000 0.000 0.000 0.000 0.000 0.000 0.000 0.000 0.000 0.000 0.000 0.000 0.000 0.000 0.000 0.000 0.000 0.000 0.000 0.001 0.003 0.006 0.012 0.019 0.028 0.039 0.048 0.053 0.055 0.056 0.056 0.053 0.047 0.037 0.026 0.021 0.019 0.018 0.021 0.039 0.121 0.411 0.924 1.226 1.306 1.322 1.335 1.363 1.418 1.500 1.614 1.771 1.976 2.237 2.646 3.522 5.229 7.332 8.683 9.500 10.139 10.651 10.931 10.964 10.836 10.501 9.953 9.311 8.922 8.868 9.174 9.990 11.240 12.741 14.396
0.000 0.000 0.000 0.000 0.000 0.000 0.000 0.000 0.000 0.000 0.000 0.000 0.000 0.000 0.000 0.000 0.000 0.000 0.000 0.000 0.000 0.002 0.005 0.011 0.019 0.030 0.044 0.060 0.072 0.079 0.083 0.084 0.084 0.080 0.072 0.057 0.040 0.030 0.026 0.025 0.028 0.047 0.141 0.493 1.109 1.407 1.446 1.422 1.387 1.380 1.406 1.464 1.558 1.696 1.881 2.123 2.485 3.203 4.581 6.178 7.104 7.629 8.063 8.433 8.647 8.674 8.548 8.234 7.756 7.314 7.125 7.203 7.708 8.666 9.936 11.365 12.922
0.000 0.000 0.000 0.000 0.000 0.000 0.000 0.000 0.000 0.000 0.000 0.000 0.000 0.000 0.000 0.000 0.000 0.000 0.000 0.000 0.000 0.003 0.008 0.017 0.029 0.045 0.065 0.087 0.105 0.115 0.121 0.122 0.121 0.118 0.107 0.087 0.060 0.042 0.035 0.033 0.035 0.053 0.145 0.502 1.182 1.511 1.537 1.479 1.401 1.365 1.369 1.408 1.485 1.602 1.760 1.967 2.259 2.784 3.777 4.951 5.618 5.924 6.108 6.264 6.372 6.395 6.338 6.146 5.835 5.634 5.613 5.835 6.436 7.392 8.580 9.872 11.232
0.000 0.000 0.000 0.000 0.000 0.000 0.000 0.000 0.000 0.000 0.000 0.000 0.000 0.000 0.000 0.000 0.000 0.000 0.000 0.000 0.000 0.003 0.011 0.025 0.043 0.065 0.093 0.125 0.149 0.164 0.171 0.173 0.172 0.167 0.155 0.130 0.092 0.061 0.046 0.042 0.043 0.060 0.145 0.483 1.168 1.537 1.575 1.501 1.391 1.330 1.317 1.342 1.398 1.489 1.613 1.765 1.959 2.267 2.875 3.727 4.248 4.438 4.481 4.491 4.498 4.493 4.456 4.335 4.170 4.116 4.206 4.556 5.196 6.072 7.086 8.172 9.299
0.000 0.000 0.000 0.000 0.000 0.000 0.000 0.000 0.000 0.000 0.000 0.000 0.000 0.000 0.000 0.000 0.000 0.000 0.000 0.000 0.000 0.002 0.012 0.031 0.059 0.092 0.131 0.173 0.206 0.227 0.237 0.240 0.239 0.233 0.220 0.191 0.142 0.091 0.064 0.055 0.055 0.070 0.149 0.443 1.069 1.485 1.564 1.500 1.370 1.277 1.242 1.253 1.297 1.365 1.451 1.545 1.658 1.818 2.136 2.669 3.037 3.184 3.199 3.166 3.130 3.089 3.017 2.877 2.770 2.754 2.857 3.220 3.844 4.612 5.454 6.397 7.458
0.000 0.000 0.000 0.000 0.000 0.000 0.000 0.000 0.000 0.000 0.000 0.000 0.000 0.000 0.000 0.000 0.000 0.000 0.000 0.000 0.000 0.002 0.011 0.033 0.071 0.119 0.177 0.234 0.279 0.307 0.321 0.326 0.325 0.320 0.305 0.272 0.214 0.142 0.096 0.078 0.076 0.091 0.164 0.394 0.889 1.326 1.474 1.454 1.332 1.195 1.118 1.105 1.140 1.204 1.274 1.335 1.393 1.464 1.606 1.874 2.087 2.201 2.230 2.210 2.173 2.107 1.973 1.775 1.656 1.624 1.662 1.852 2.265 2.888 3.675 4.638 5.743
0.000 0.000 0.000 0.000 0.000 0.000 0.000 0.000 0.000 0.000 0.000 0.000 0.000 0.000 0.000 0.000 0.000 0.000 0.000 0.000 0.000 0.001 0.008 0.030 0.073 0.136 0.218 0.305 0.368 0.409 0.430 0.436 0.437 0.432 0.416 0.380 0.315 0.220 0.153 0.122 0.117 0.130 0.195 0.368 0.699 1.067 1.266 1.298 1.227 1.076 0.926 0.849 0.852 0.905 0.990 1.075 1.139 1.177 1.230 1.331 1.418 1.478 1.502 1.492 1.462 1.385 1.215 0.993 0.861 0.807 0.797 0.846 1.031 1.426 2.059 2.930 3.954
0.000 0.000 0.000 0.000 0.000 0.000 0.000 0.000 0.000 0.000 0.000 0.000 0.000 0.000 0.000 0.000 0.000 0.000 0.000 0.000 0.000 0.001 0.005 0.023 0.067 0.140 0.240 0.370 0.476 0.536 0.566 0.577 0.578 0.575 0.561 0.523 0.447 0.332 0.243 0.198 0.186 0.195 0.249 0.379 0.588 0.807 0.957 1.014 1.001 0.896 0.710 0.551 0.483 0.492 0.572 0.705 0.830 0.902 0.935 0.945 0.955 0.964 0.964 0.950 0.921 0.843 0.683 0.502 0.394 0.341 0.318 0.316 0.365 0.540 0.903 1.457 2.011
0.000 0.000 0.000 0.000 0.000 0.000 0.000 0.000 0.000 0.000 0.000 0.000 0.000 0.000 0.000 0.000 0.000 0.000 0.000 0.000 0.000 0.000 0.002 0.012 0.050 0.127 0.242 0.404 0.583 0.691 0.736 0.751 0.754 0.752 0.728 0.666 0.561 0.440 0.352 0.301 0.282 0.286 0.320 0.406 0.538 0.643 0.709 0.741 0.740 0.683 0.546 0.378 0.271 0.235 0.252 0.334 0.461 0.576 0.646 0.644 0.616 0.595 0.578 0.556 0.521 0.451 0.339 0.236 0.176 0.143 0.126 0.121 0.126 0.169 0.297 0.524 0.688
0.000 0.000 0.000 0.000 0.000 0.000 0.000 0.000 0.000 0.000 0.000 0.000 0.000 0.000 0.000 0.000 0.000 0.000 0.000 0.000 0.000 0.000 0.001 0.004 0.026 0.092 0.217 0.401 0.649 0.843 0.929 0.950 0.950 0.929 0.868 0.763 0.629 0.511 0.429 0.378 0.356 0.354 0.370 0.421 0.501 0.546 0.565 0.571 0.563 0.521 0.426 0.289 0.186 0.130 0.114 0.133 0.195 0.270 0.341 0.374 0.355 0.326 0.304 0.282 0.251 0.203 0.147 0.107 0.082 0.067 0.058 0.055 0.054 0.062 0.092 0.145 0.167
0.000 0.000 0.000 0.000 0.000 0.000 0.000 0.000 0.000 0.000 0.000 0.000 0.000 0.000 0.000 0.000 0.000 0.000 0.000 0.000 0.000 0.000 0.000 0.001 0.008 0.044 0.146 0.343 0.640 0.932 1.088 1.123 1.114 1.067 0.962 0.812 0.663 0.549 0.469 0.419 0.394 0.387 0.391 0.418 0.457 0.474 0.474 0.464 0.442 0.401 0.329 0.227 0.145 0.092 0.066 0.061 0.074 0.103 0.136 0.161 0.161 0.143 0.128 0.116 0.102 0.082 0.063 0.051 0.042 0.036 0.032 0.030 0.030 0.031 0.038 0.048 0.050
0.000 0.000 0.000 0.000 0.000 0.000 0.000 0.000 0.000 0.000 0.000 0.000 0.000 0.000 0.000 0.000 0.000 0.000 0.000 0.000 0.000 0.000 0.000 0.001 0.002 0.013 0.056 0.194 0.499 0.904 1.166 1.244 1.229 1.152 1.008 0.826 0.674 0.562 0.483 0.432 0.404 0.393 0.392 0.401 0.411 0.409 0.399 0.381 0.352 0.311 0.252 0.177 0.117 0.075 0.049 0.038 0.036 0.041 0.050 0.060 0.062 0.056 0.050 0.046 0.042 0.037 0.031 0.027 0.024 0.022 0.020 0.019 0.019 0.019 0.021 0.023 0.023
0.000 0.000 0.000 0.000 0.000 0.000 0.000 0.000 0.000 0.000 0.000 0.000 0.000 0.000 0.000 0.000 0.000 0.000 0.000 0.000 0.000 0.000 0.001 0.001 0.002 0.008 0.023 0.072 0.243 0.648 1.095 1.278 1.279 1.186 1.019 0.825 0.674 0.562 0.484 0.432 0.402 0.386 0.376 0.368 0.360 0.348 0.331 0.308 0.280 0.242 0.193 0.137 0.092 0.061 0.041 0.029 0.023 0.022 0.023 0.026 0.027 0.025 0.024 0.022 0.021 0.020 0.018 0.017 0.015 0.014 0.013 0.013 0.012 0.012 0.013 0.014 0.014
0.000 0.000 0.000 0.000 0.000 0.000 0.000 0.000 0.000 0.000 0.000 0.000 0.000 0.000 0.000 0.000 0.000 0.000 0.000 0.000 0.000 0.000 0.001 0.002 0.005 0.013 0.029 0.051 0.094 0.285 0.753 1.157 1.251 1.175 1.003 0.808 0.660 0.552 0.474 0.420 0.384 0.357 0.337 0.319 0.303 0.286 0.268 0.246 0.221 0.189 0.147 0.104 0.072 0.048 0.033 0.023 0.017 0.015 0.014 0.014 0.014 0.014 0.014 0.013 0.013 0.012 0.012 0.011 0.010 0.009 0.009 0.008 0.008 0.008 0.008 0.008 0.008
0.000 0.000 0.000 0.000 0.000 0.000 0.000 0.000 0.000 0.000 0.000 0.000 0.000 0.000 0.000 0.000 0.000 0.000 0.000 0.000 0.000 0.001 0.002 0.005 0.014 0.032 0.056 0.069 0.070 0.100 0.321 0.768 1.041 1.047 0.928 0.756 0.619 0.518 0.442 0.384 0.338 0.301 0.273 0.255 0.240 0.225 0.210 0.193 0.173 0.146 0.112 0.079 0.054 0.037 0.025 0.017 0.013 0.010 0.009 0.009 0.008 0.008 0.008 0.008 0.008 0.008 0.007 0.007 0.006 0.006 0.005 0.005 0.005 0.005 0.005 0.005 0.005
0.000 0.000 0.000 0.000 0.000 0.000 0.000 0.000 0.000 0.000 0.000 0.000 0.000 0.000 0.000 0.000 0.000 0.000 0.000 0.000 0.001 0.002 0.005 0.013 0.033 0.059 0.075 0.077 0.072 0.059 0.102 0.340 0.647 0.753 0.731 0.641 0.537 0.451 0.380 0.319 0.265 0.222 0.192 0.177 0.170 0.163 0.155 0.145 0.130 0.109 0.083 0.058 0.039 0.026 0.018 0.012 0.008 0.006 0.005 0.005 0.005 0.005 0.005 0.005 0.004 0.004 0.004 0.004 0.004 0.003 0.003 0.003 0.003 0.003 0.002 0.002 0.002
0.000 0.000 0.000 0.000 0.000 0.000 0.000 0.000 0.000 0.000 0.000 0.000 0.000 0.000 0.000 0.000 0.000 0.000 0.000 0.000 0.001 0.003 0.010 0.028 0.056 0.075 0.079 0.077 0.061 0.041 0.043 0.133 0.336 0.447 0.463 0.447 0.404 0.347 0.289 0.235 0.189 0.153 0.127 0.112 0.107 0.105 0.102 0.097 0.089 0.076 0.058 0.040 0.026 0.017 0.011 0.007 0.005 0.003 0.002 0.002 0.002 0.002 0.002 0.002 0.002 0.002 0.002 0.002 0.002 0.002 0.001 0.001 0.001 0.001 0.001 0.001 0.001
0.000 0.000 0.000 0.000 0.000 0.000 0.000 0.000 0.000 0.000 0.000 0.000 0.000 0.000 0.000 0.000 0.000 0.000 0.000 0.001 0.002 0.007 0.020 0.047 0.071 0.078 0.078 0.065 0.036 0.018 0.020 0.059 0.170 0.256 0.278 0.277 0.264 0.238 0.203 0.167 0.134 0.105 0.083 0.068 0.061 0.058 0.056 0.054 0.050 0.043 0.033 0.023 0.015 0.009 0.005 0.003 0.002 0.001 0.001 0.001 0.001 0.001 0.001 0.001 0.001 0.001 0.001 0.001 0.001 0.000 0.000 0.000 0.000 0.000 0.000 0.000 0.000
0.000 0.000 0.000 0.000 0.000 0.000 0.000 0.000 0.000 0.000 0.000 0.000 0.000 0.000 0.000 0.000 0.000 0.000 0.000 0.001 0.003 0.012 0.032 0.060 0.074 0.076 0.067 0.040 0.015 0.007 0.009 0.029 0.088 0.146 0.166 0.170 0.167 0.157 0.140 0.118 0.095 0.073 0.055 0.041 0.032 0.028 0.025 0.023 0.021 0.018 0.014 0.009 0.006 0.003 0.002 0.001 0.001 0.000 0.000 0.000 0.000 0.000 0.000 0.000 0.000 0.000 0.000 0.000 0.000 0.000 0.000 0.000 0.000 0.000 0.000 0.000 0.000
0.000 0.000 0.000 0.000 0.000 0.000 0.000 0.000 0.000 0.000 0.000 0.000 0.000 0.000 0.000 0.000 0.000 0.000 0.001 0.002 0.006 0.019 0.045 0.066 0.072 0.067 0.045 0.018 0.006 0.003 0.005 0.015 0.045 0.080 0.098 0.103 0.103 0.100 0.093 0.081 0.067 0.051 0.037 0.026 0.018 0.013 0.010 0.008 0.006 0.005 0.004 0.002 0.002 0.001 0.001 0.000 0.000 0.000 0.000 0.000 0.000 0.000 0.000 0.000 0.000 0.000 0.000 0.000 0.000 0.000 0.000 0.000 0.000 0.000 0.000 0.000 0.000
0.000 0.000 0.000 0.000 0.000 0.000 0.000 0.000 0.000 0.000 0.000 0.000 0.000 0.000 0.000 0.000 0.000 0.000 0.001 0.003 0.010 0.029 0.055 0.066 0.065 0.051 0.024 0.007 0.002 0.001 0.002 0.007 0.021 0.041 0.053 0.059 0.061 0.061 0.059 0.054 0.046 0.036 0.025 0.017 0.011 0.007 0.004 0.003 0.002 0.001 0.001 0.001 0.001 0.000 0.000 0.000 0.000 0.000 0.000 0.000 0.000 0.000 0.000 0.000 0.000 0.000 0.000 0.000 0.000 0.000 0.000 0.000 0.000 0.000 0.000 0.000 0.000
0.000 0.000 0.000 0.000 0.000 0.000 0.000 0.000 0.000 0.000 0.000 0.000 0.000 0.000 0.000 0.000 0.000 0.001 0.001 0.005 0.015 0.040 0.059 0.063 0.057 0.034 0.012 0.004 0.002 0.001 0.001 0.003 0.009 0.019 0.026 0.030 0.032 0.033 0.033 0.032 0.029 0.024 0.017 0.011 0.006 0.004 0.002 0.001 0.001 0.000 0.000 0.000 0.000 0.000 0.000 0.000 0.000 0.000 0.000 0.000 0.000 0.000 0.000 0.000 0.000 0.000 0.000 0.000 0.000 0.000 0.000 0.000 0.000 0.000 0.000 0.000 0.000
0.000 0.000 0.000 0.000 0.000 0.000 0.000 0.000 0.000 0.000 0.000 0.000 0.000 0.000 0.000 0.000 0.000 0.001 0.002 0.008 0.024 0.048 0.059 0.058 0.044 0.018 0.006 0.002 0.001 0.001 0.001 0.001 0.003 0.007 0.010 0.012 0.013 0.015 0.015 0.016 0.015 0.013 0.010 0.006 0.004 0.002 0.001 0.001 0.000 0.000 0.000 0.000 0.000 0.000 0.000 0.000 0.000 0.000 0.000 0.000 0.000 0.000 0.000 0.000 0.000 0.000 0.000 0.000 0.000 0.000 0.000 0.000 0.000 0.000 0.000 0.000 0.000
0.000 0.000 0.000 0.000 0.000 0.000 0.000 0.000 0.000 0.000 0.000 0.000 0.000 0.000 0.000 0.000 0.000 0.001 0.004 0.012 0.033 0.052 0.056 0.050 0.029 0.009 0.003 0.002 0.001 0.001 0.001 0.001 0.001 0.002 0.003 0.004 0.004 0.005 0.005 0.006 0.006 0.006 0.005 0.003 0.002 0.001 0.001 0.000 0.000 0.000 0.000 0.000 0.000 0.000 0.000 0.000 0.000 0.000 0.000 0.000 0.000 0.000 0.000 0.000 0.000 0.000 0.000 0.000 0.000 0.000 0.000 0.000 0.000 0.000 0.000 0.000 0.000
0.000 0.000 0.000 0.000 0.000 0.000 0.000 0.000 0.000 0.000 0.000 0.000 0.000 0.000 0.000 0.000 0.001 0.002 0.006 0.019 0.041 0.052 0.052 0.040 0.016 0.005 0.002 0.001 0.001 0.001 0.001 0.001 0.001 0.001 0.001 0.001 0.001 0.001 0.001 0.001 0.002 0.002 0.002 0.001 0.001 0.000 0.000 0.000 0.000 0.000 0.000 0.000 0.000 0.000 0.000 0.000 0.000 0.000 0.000 0.000 0.000 0.000 0.000 0.000 0.000 0.000 0.000 0.000 0.000 0.000 0.000 0.000 0.000 0.000 0.000 0.000 0.000
