RESULTS/r.avaflow_results/31_results/31_ascii/31_hflow10034.asc
ncols 506
nrows 317
xllcenter 498237.50
yllcenter 5580050.00
cellsize 12.50
NODATA_value -9999.000
[rows 170 to 203 of 317, columns 77 to 153 of 506]
0.000 0.000 0.000 0.000 0.000 0.000 0.000 0.000 0.000 0.000 0.000 0.000 0.000 0.000 0.000 0.000 0.000 0.000 0.000 0.000 0.000 0.000 0.000 0.000 0.000 0.000 0.000 0.000 0.000 0.000 0.000 0.000 0.000 0.000 0.000 0.000 0.000 0.000 0.000 0.000 0.000 0.000 0.000 0.000 0.000 0.000 0.000 0.001 0.002 0.004 0.008 0.017 0.043 0.107 0.213 0.306 0.384 0.466 0.518 0.521 0.493 0.439 0.367 0.289 0.222 0.168 0.125 0.093 0.068 0.050 0.036 0.026 0.018 0.013 0.009 0.006 0.004
0.000 0.000 0.000 0.000 0.000 0.000 0.000 0.000 0.000 0.000 0.000 0.000 0.000 0.000 0.000 0.000 0.000 0.000 0.000 0.000 0.000 0.000 0.000 0.000 0.000 0.000 0.000 0.000 0.000 0.000 0.000 0.000 0.000 0.000 0.000 0.000 0.000 0.000 0.000 0.000 0.000 0.000 0.000 0.000 0.000 0.001 0.002 0.004 0.007 0.013 0.028 0.066 0.145 0.280 0.420 0.509 0.566 0.603 0.611 0.590 0.542 0.476 0.394 0.308 0.236 0.179 0.134 0.100 0.074 0.054 0.039 0.028 0.020 0.014 0.010 0.007 0.005
0.000 0.000 0.000 0.000 0.000 0.000 0.000 0.000 0.000 0.000 0.000 0.000 0.000 0.000 0.000 0.000 0.000 0.000 0.000 0.000 0.000 0.000 0.000 0.000 0.000 0.000 0.000 0.000 0.000 0.000 0.000 0.000 0.000 0.000 0.000 0.000 0.000 0.000 0.000 0.000 0.000 0.000 0.000 0.000 0.001 0.003 0.006 0.012 0.024 0.051 0.112 0.225 0.361 0.483 0.555 0.607 0.651 0.666 0.657 0.626 0.573 0.502 0.415 0.323 0.248 0.189 0.142 0.106 0.078 0.057 0.042 0.030 0.021 0.015 0.011 0.007 0.005
0.000 0.000 0.000 0.000 0.000 0.000 0.000 0.000 0.000 0.000 0.000 0.000 0.000 0.000 0.000 0.000 0.000 0.000 0.000 0.000 0.000 0.000 0.001 0.001 0.002 0.002 0.002 0.002 0.002 0.002 0.002 0.002 0.002 0.002 0.001 0.001 0.001 0.000 0.000 0.000 0.000 0.000 0.000 0.001 0.003 0.009 0.021 0.045 0.091 0.184 0.352 0.524 0.614 0.632 0.623 0.638 0.673 0.685 0.675 0.644 0.591 0.521 0.432 0.336 0.258 0.196 0.148 0.110 0.082 0.060 0.044 0.031 0.022 0.016 0.011 0.008 0.005
0.000 0.000 0.000 0.000 0.000 0.000 0.000 0.000 0.000 0.000 0.000 0.000 0.000 0.000 0.000 0.000 0.000 0.000 0.000 0.000 0.000 0.001 0.002 0.004 0.005 0.006 0.006 0.006 0.006 0.006 0.006 0.006 0.006 0.005 0.004 0.003 0.002 0.001 0.001 0.001 0.001 0.001 0.002 0.004 0.012 0.032 0.077 0.155 0.284 0.479 0.678 0.772 0.771 0.715 0.656 0.644 0.668 0.686 0.680 0.653 0.605 0.536 0.445 0.346 0.265 0.201 0.151 0.113 0.084 0.062 0.045 0.032 0.023 0.016 0.012 0.008 0.006
0.000 0.000 0.000 0.000 0.000 0.000 0.000 0.000 0.000 0.000 0.000 0.000 0.000 0.000 0.000 0.000 0.000 0.000 0.000 0.000 0.001 0.003 0.006 0.008 0.010 0.012 0.013 0.013 0.013 0.013 0.013 0.013 0.012 0.011 0.008 0.006 0.004 0.003 0.002 0.002 0.002 0.002 0.004 0.012 0.039 0.109 0.232 0.404 0.608 0.791 0.882 0.893 0.854 0.765 0.678 0.638 0.642 0.671 0.679 0.661 0.618 0.550 0.455 0.351 0.269 0.205 0.154 0.115 0.085 0.063 0.046 0.033 0.024 0.017 0.012 0.008 0.006
0.000 0.000 0.000 0.000 0.000 0.000 0.000 0.000 0.000 0.000 0.000 0.000 0.000 0.000 0.000 0.000 0.000 0.000 0.000 0.002 0.004 0.007 0.011 0.015 0.018 0.020 0.022 0.023 0.023 0.023 0.023 0.022 0.021 0.018 0.014 0.010 0.007 0.005 0.005 0.004 0.004 0.006 0.012 0.037 0.122 0.299 0.525 0.728 0.876 0.959 0.978 0.960 0.906 0.805 0.698 0.635 0.618 0.644 0.673 0.667 0.630 0.561 0.460 0.354 0.271 0.206 0.155 0.116 0.086 0.063 0.046 0.033 0.024 0.017 0.012 0.008 0.006
0.000 0.000 0.000 0.000 0.000 0.000 0.000 0.000 0.000 0.000 0.000 0.000 0.000 0.000 0.000 0.000 0.000 0.000 0.001 0.003 0.007 0.012 0.018 0.025 0.029 0.032 0.034 0.036 0.036 0.036 0.036 0.035 0.033 0.029 0.023 0.016 0.011 0.009 0.008 0.007 0.008 0.012 0.030 0.103 0.311 0.619 0.848 0.962 1.022 1.045 1.041 1.013 0.947 0.841 0.723 0.645 0.616 0.634 0.671 0.670 0.636 0.564 0.461 0.354 0.271 0.205 0.154 0.115 0.085 0.063 0.046 0.033 0.024 0.017 0.012 0.008 0.006
0.000 0.000 0.000 0.000 0.000 0.000 0.000 0.000 0.000 0.000 0.000 0.000 0.000 0.000 0.000 0.000 0.000 0.000 0.002 0.005 0.011 0.019 0.029 0.037 0.044 0.048 0.051 0.053 0.053 0.053 0.053 0.052 0.049 0.044 0.034 0.024 0.017 0.013 0.011 0.011 0.012 0.022 0.064 0.225 0.584 0.913 1.054 1.095 1.109 1.109 1.095 1.056 0.983 0.878 0.756 0.668 0.629 0.640 0.672 0.671 0.636 0.562 0.457 0.351 0.268 0.204 0.154 0.115 0.085 0.063 0.046 0.033 0.024 0.017 0.012 0.008 0.006
0.000 0.000 0.000 0.000 0.000 0.000 0.000 0.000 0.000 0.000 0.000 0.000 0.000 0.000 0.000 0.000 0.000 0.000 0.002 0.006 0.015 0.028 0.043 0.054 0.063 0.069 0.073 0.075 0.076 0.076 0.075 0.074 0.070 0.063 0.051 0.035 0.024 0.018 0.015 0.015 0.016 0.028 0.092 0.334 0.800 1.094 1.170 1.176 1.172 1.156 1.128 1.082 1.013 0.920 0.803 0.708 0.660 0.659 0.676 0.670 0.628 0.550 0.444 0.343 0.263 0.200 0.151 0.113 0.084 0.062 0.045 0.033 0.024 0.017 0.012 0.008 0.006
0.000 0.000 0.000 0.000 0.000 0.000 0.000 0.000 0.000 0.000 0.000 0.000 0.000 0.000 0.000 0.000 0.000 0.000 0.002 0.006 0.015 0.032 0.057 0.075 0.087 0.095 0.101 0.103 0.104 0.105 0.104 0.102 0.097 0.088 0.072 0.051 0.034 0.024 0.020 0.018 0.019 0.031 0.098 0.377 0.915 1.196 1.237 1.228 1.209 1.178 1.138 1.094 1.041 0.970 0.872 0.772 0.711 0.691 0.685 0.663 0.610 0.526 0.420 0.327 0.253 0.194 0.148 0.111 0.083 0.061 0.045 0.033 0.024 0.017 0.012 0.008 0.006
0.000 0.000 0.000 0.000 0.000 0.000 0.000 0.000 0.000 0.000 0.000 0.000 0.000 0.000 0.000 0.000 0.000 0.000 0.001 0.005 0.013 0.032 0.064 0.098 0.117 0.128 0.136 0.140 0.141 0.141 0.141 0.138 0.132 0.120 0.101 0.074 0.048 0.032 0.024 0.021 0.022 0.032 0.095 0.373 0.942 1.244 1.276 1.257 1.222 1.179 1.137 1.099 1.061 1.015 0.951 0.866 0.786 0.734 0.697 0.653 0.585 0.492 0.389 0.304 0.238 0.185 0.142 0.108 0.081 0.061 0.045 0.033 0.024 0.017 0.012 0.008 0.006
0.000 0.000 0.000 0.000 0.000 0.000 0.000 0.000 0.000 0.000 0.000 0.000 0.000 0.000 0.000 0.000 0.000 0.000 0.000 0.002 0.008 0.025 0.062 0.113 0.149 0.168 0.179 0.185 0.188 0.188 0.187 0.184 0.176 0.161 0.139 0.107 0.070 0.044 0.031 0.025 0.025 0.032 0.084 0.330 0.890 1.247 1.294 1.268 1.219 1.164 1.123 1.096 1.071 1.044 1.005 0.944 0.862 0.782 0.713 0.644 0.562 0.462 0.365 0.285 0.222 0.172 0.134 0.103 0.079 0.060 0.045 0.034 0.025 0.018 0.012 0.009 0.006
0.000 0.000 0.000 0.000 0.000 0.000 0.000 0.000 0.000 0.000 0.000 0.000 0.000 0.000 0.000 0.000 0.000 0.000 0.000 0.001 0.003 0.015 0.051 0.115 0.175 0.212 0.230 0.240 0.245 0.246 0.245 0.241 0.231 0.215 0.190 0.153 0.104 0.064 0.041 0.031 0.028 0.032 0.064 0.238 0.723 1.166 1.284 1.264 1.201 1.125 1.081 1.067 1.062 1.054 1.032 0.983 0.910 0.823 0.732 0.641 0.546 0.445 0.353 0.275 0.212 0.164 0.126 0.098 0.075 0.058 0.045 0.035 0.026 0.019 0.013 0.009 0.006
0.000 0.000 0.000 0.000 0.000 0.000 0.000 0.000 0.000 0.000 0.000 0.000 0.000 0.000 0.000 0.000 0.000 0.000 0.000 0.000 0.001 0.007 0.035 0.102 0.186 0.248 0.286 0.305 0.313 0.316 0.315 0.311 0.301 0.283 0.255 0.214 0.156 0.099 0.061 0.042 0.036 0.036 0.051 0.137 0.462 0.945 1.187 1.213 1.153 1.052 0.980 0.961 0.974 1.003 1.019 0.990 0.927 0.846 0.749 0.646 0.540 0.439 0.349 0.273 0.209 0.159 0.121 0.092 0.072 0.056 0.044 0.035 0.026 0.019 0.014 0.009 0.006
0.000 0.000 0.000 0.000 0.000 0.000 0.000 0.000 0.000 0.000 0.000 0.000 0.000 0.000 0.000 0.000 0.000 0.000 0.000 0.000 0.000 0.003 0.019 0.075 0.171 0.264 0.333 0.376 0.395 0.402 0.402 0.399 0.389 0.370 0.341 0.295 0.230 0.153 0.097 0.065 0.050 0.047 0.054 0.089 0.244 0.622 0.953 1.055 1.030 0.929 0.798 0.724 0.722 0.773 0.865 0.928 0.913 0.852 0.762 0.654 0.540 0.440 0.351 0.273 0.209 0.157 0.117 0.087 0.066 0.050 0.038 0.029 0.023 0.018 0.013 0.009 0.006
0.000 0.000 0.000 0.000 0.000 0.000 0.000 0.000 0.000 0.000 0.000 0.000 0.000 0.000 0.000 0.000 0.000 0.000 0.000 0.000 0.000 0.001 0.008 0.044 0.132 0.251 0.357 0.441 0.489 0.506 0.510 0.508 0.500 0.483 0.452 0.404 0.332 0.237 0.157 0.106 0.078 0.066 0.066 0.078 0.143 0.343 0.619 0.757 0.774 0.714 0.573 0.442 0.388 0.403 0.515 0.697 0.811 0.818 0.759 0.661 0.547 0.445 0.356 0.278 0.211 0.157 0.114 0.081 0.057 0.039 0.025 0.016 0.012 0.011 0.010 0.009 0.006
0.000 0.000 0.000 0.000 0.000 0.000 0.000 0.000 0.000 0.000 0.000 0.000 0.000 0.000 0.000 0.000 0.000 0.000 0.000 0.000 0.000 0.000 0.003 0.019 0.082 0.205 0.346 0.478 0.581 0.631 0.643 0.644 0.638 0.624 0.593 0.541 0.457 0.344 0.243 0.170 0.122 0.096 0.086 0.088 0.113 0.202 0.363 0.472 0.502 0.485 0.411 0.297 0.216 0.192 0.225 0.362 0.562 0.683 0.697 0.643 0.549 0.451 0.366 0.286 0.215 0.157 0.110 0.074 0.047 0.027 0.015 0.008 0.005 0.004 0.005 0.005 0.004
0.000 0.000 0.000 0.000 0.000 0.000 0.000 0.000 0.000 0.000 0.000 0.000 0.000 0.000 0.000 0.000 0.000 0.000 0.000 0.000 0.000 0.000 0.001 0.006 0.038 0.135 0.296 0.475 0.643 0.756 0.799 0.806 0.803 0.788 0.744 0.668 0.556 0.428 0.323 0.242 0.182 0.140 0.116 0.108 0.117 0.158 0.240 0.314 0.345 0.346 0.316 0.244 0.165 0.120 0.110 0.148 0.264 0.417 0.515 0.538 0.502 0.433 0.361 0.287 0.209 0.145 0.096 0.060 0.034 0.018 0.009 0.004 0.003 0.002 0.002 0.002 0.001
0.000 0.000 0.000 0.000 0.000 0.000 0.000 0.000 0.000 0.000 0.000 0.000 0.000 0.000 0.000 0.000 0.000 0.000 0.000 0.000 0.000 0.000 0.000 0.002 0.013 0.065 0.200 0.414 0.652 0.840 0.939 0.962 0.958 0.929 0.861 0.754 0.615 0.480 0.374 0.292 0.231 0.187 0.157 0.140 0.138 0.157 0.203 0.249 0.271 0.275 0.262 0.221 0.156 0.104 0.079 0.075 0.103 0.176 0.260 0.312 0.329 0.316 0.281 0.228 0.157 0.099 0.060 0.034 0.019 0.009 0.005 0.002 0.001 0.001 0.001 0.001 0.001
0.000 0.000 0.000 0.000 0.000 0.000 0.000 0.000 0.000 0.000 0.000 0.000 0.000 0.000 0.000 0.000 0.000 0.000 0.000 0.000 0.000 0.000 0.000 0.001 0.003 0.021 0.089 0.264 0.555 0.849 1.023 1.081 1.075 1.029 0.936 0.799 0.642 0.507 0.400 0.319 0.259 0.218 0.191 0.176 0.171 0.175 0.200 0.231 0.243 0.244 0.235 0.208 0.158 0.106 0.073 0.058 0.055 0.069 0.099 0.121 0.130 0.130 0.120 0.097 0.065 0.039 0.023 0.014 0.008 0.005 0.003 0.002 0.001 0.001 0.001 0.001 0.001
0.000 0.000 0.000 0.000 0.000 0.000 0.000 0.000 0.000 0.000 0.000 0.000 0.000 0.000 0.000 0.000 0.000 0.000 0.000 0.000 0.000 0.000 0.000 0.001 0.001 0.006 0.026 0.101 0.324 0.706 1.018 1.139 1.143 1.083 0.970 0.813 0.650 0.517 0.411 0.330 0.271 0.232 0.209 0.199 0.196 0.197 0.210 0.227 0.234 0.234 0.225 0.202 0.160 0.111 0.076 0.055 0.044 0.040 0.042 0.044 0.044 0.043 0.039 0.031 0.021 0.014 0.009 0.006 0.004 0.002 0.001 0.001 0.001 0.001 0.001 0.000 0.000
0.000 0.000 0.000 0.000 0.000 0.000 0.000 0.000 0.000 0.000 0.000 0.000 0.000 0.000 0.000 0.000 0.000 0.000 0.000 0.000 0.000 0.000 0.001 0.001 0.002 0.005 0.015 0.036 0.118 0.396 0.831 1.103 1.151 1.096 0.974 0.812 0.651 0.519 0.414 0.333 0.274 0.235 0.215 0.208 0.207 0.210 0.218 0.229 0.234 0.233 0.224 0.201 0.162 0.116 0.081 0.056 0.041 0.031 0.025 0.021 0.018 0.017 0.014 0.012 0.008 0.006 0.004 0.003 0.002 0.001 0.001 0.001 0.001 0.000 0.000 0.000 0.000
0.000 0.000 0.000 0.000 0.000 0.000 0.000 0.000 0.000 0.000 0.000 0.000 0.000 0.000 0.000 0.000 0.000 0.000 0.000 0.000 0.000 0.000 0.001 0.002 0.005 0.012 0.023 0.033 0.048 0.143 0.475 0.898 1.069 1.054 0.949 0.797 0.643 0.515 0.412 0.332 0.272 0.233 0.213 0.208 0.210 0.214 0.221 0.231 0.236 0.235 0.225 0.202 0.163 0.117 0.082 0.056 0.038 0.025 0.017 0.012 0.009 0.008 0.007 0.005 0.004 0.003 0.002 0.002 0.001 0.001 0.001 0.000 0.000 0.000 0.000 0.000 0.000
0.000 0.000 0.000 0.000 0.000 0.000 0.000 0.000 0.000 0.000 0.000 0.000 0.000 0.000 0.000 0.000 0.000 0.000 0.000 0.000 0.000 0.001 0.002 0.005 0.013 0.027 0.038 0.041 0.042 0.059 0.199 0.560 0.840 0.901 0.853 0.746 0.618 0.502 0.404 0.326 0.266 0.225 0.203 0.199 0.202 0.211 0.220 0.227 0.232 0.233 0.224 0.201 0.161 0.113 0.076 0.050 0.031 0.018 0.010 0.006 0.005 0.004 0.003 0.003 0.002 0.002 0.001 0.001 0.001 0.001 0.000 0.000 0.000 0.000 0.000 0.000 0.000
0.000 0.000 0.000 0.000 0.000 0.000 0.000 0.000 0.000 0.000 0.000 0.000 0.000 0.000 0.000 0.000 0.000 0.000 0.000 0.000 0.000 0.001 0.004 0.011 0.026 0.038 0.042 0.042 0.038 0.041 0.095 0.298 0.549 0.653 0.665 0.632 0.560 0.472 0.387 0.312 0.252 0.207 0.180 0.170 0.172 0.183 0.195 0.201 0.204 0.205 0.199 0.179 0.141 0.092 0.056 0.032 0.017 0.008 0.004 0.003 0.002 0.002 0.002 0.001 0.001 0.001 0.001 0.001 0.000 0.000 0.000 0.000 0.000 0.000 0.000 0.000 0.000
0.000 0.000 0.000 0.000 0.000 0.000 0.000 0.000 0.000 0.000 0.000 0.000 0.000 0.000 0.000 0.000 0.000 0.000 0.000 0.000 0.001 0.003 0.008 0.021 0.036 0.042 0.042 0.037 0.028 0.028 0.058 0.169 0.345 0.440 0.467 0.471 0.457 0.415 0.355 0.291 0.232 0.182 0.145 0.123 0.116 0.120 0.127 0.131 0.133 0.132 0.129 0.116 0.088 0.051 0.026 0.012 0.005 0.002 0.001 0.001 0.001 0.001 0.001 0.001 0.001 0.000 0.000 0.000 0.000 0.000 0.000 0.000 0.000 0.000 0.000 0.000 0.000
0.000 0.000 0.000 0.000 0.000 0.000 0.000 0.000 0.000 0.000 0.000 0.000 0.000 0.000 0.000 0.000 0.000 0.000 0.000 0.001 0.001 0.005 0.014 0.030 0.040 0.041 0.037 0.024 0.016 0.018 0.041 0.107 0.220 0.293 0.324 0.334 0.335 0.328 0.302 0.258 0.206 0.156 0.115 0.086 0.069 0.060 0.056 0.053 0.051 0.049 0.047 0.042 0.031 0.016 0.007 0.003 0.001 0.001 0.000 0.000 0.000 0.000 0.000 0.000 0.000 0.000 0.000 0.000 0.000 0.000 0.000 0.000 0.000 0.000 0.000 0.000 0.000
0.000 0.000 0.000 0.000 0.000 0.000 0.000 0.000 0.000 0.000 0.000 0.000 0.000 0.000 0.000 0.000 0.000 0.000 0.000 0.001 0.003 0.008 0.022 0.035 0.039 0.038 0.027 0.013 0.010 0.013 0.030 0.072 0.140 0.191 0.217 0.230 0.235 0.235 0.229 0.209 0.175 0.132 0.093 0.064 0.044 0.031 0.023 0.018 0.015 0.013 0.011 0.010 0.007 0.004 0.002 0.001 0.000 0.000 0.000 0.000 0.000 0.000 0.000 0.000 0.000 0.000 0.000 0.000 0.000 0.000 0.000 0.000 0.000 0.000 0.000 0.000 0.000
0.000 0.000 0.000 0.000 0.000 0.000 0.000 0.000 0.000 0.000 0.000 0.000 0.000 0.000 0.000 0.000 0.000 0.000 0.001 0.001 0.004 0.014 0.029 0.037 0.037 0.030 0.015 0.007 0.006 0.010 0.023 0.049 0.088 0.117 0.136 0.148 0.155 0.157 0.156 0.150 0.135 0.107 0.075 0.049 0.030 0.018 0.011 0.007 0.005 0.003 0.003 0.002 0.001 0.001 0.000 0.000 0.000 0.000 0.000 0.000 0.000 0.000 0.000 0.000 0.000 0.000 0.000 0.000 0.000 0.000 0.000 0.000 0.000 0.000 0.000 0.000 0.000
0.000 0.000 0.000 0.000 0.000 0.000 0.000 0.000 0.000 0.000 0.000 0.000 0.000 0.000 0.000 0.000 0.000 0.000 0.001 0.002 0.007 0.020 0.032 0.035 0.033 0.020 0.007 0.003 0.004 0.008 0.017 0.033 0.053 0.067 0.076 0.082 0.087 0.091 0.093 0.092 0.088 0.077 0.056 0.035 0.020 0.011 0.006 0.003 0.002 0.001 0.001 0.001 0.000 0.000 0.000 0.000 0.000 0.000 0.000 0.000 0.000 0.000 0.000 0.000 0.000 0.000 0.000 0.000 0.000 0.000 0.000 0.000 0.000 0.000 0.000 0.000 0.000
0.000 0.000 0.000 0.000 0.000 0.000 0.000 0.000 0.000 0.000 0.000 0.000 0.000 0.000 0.000 0.000 0.000 0.000 0.001 0.004 0.011 0.025 0.033 0.033 0.026 0.011 0.003 0.002 0.003 0.006 0.012 0.021 0.030 0.035 0.036 0.037 0.038 0.041 0.043 0.045 0.045 0.042 0.034 0.022 0.012 0.006 0.003 0.001 0.001 0.000 0.000 0.000 0.000 0.000 0.000 0.000 0.000 0.000 0.000 0.000 0.000 0.000 0.000 0.000 0.000 0.000 0.000 0.000 0.000 0.000 0.000 0.000 0.000 0.000 0.000 0.000 0.000
0.000 0.000 0.000 0.000 0.000 0.000 0.000 0.000 0.000 0.000 0.000 0.000 0.000 0.000 0.000 0.000 0.000 0.001 0.002 0.006 0.017 0.029 0.032 0.029 0.018 0.005 0.002 0.001 0.002 0.004 0.007 0.012 0.016 0.016 0.015 0.013 0.013 0.013 0.014 0.015 0.016 0.017 0.015 0.010 0.006 0.003 0.001 0.001 0.000 0.000 0.000 0.000 0.000 0.000 0.000 0.000 0.000 0.000 0.000 0.000 0.000 0.000 0.000 0.000 0.000 0.000 0.000 0.000 0.000 0.000 0.000 0.000 0.000 0.000 0.000 0.000 0.000
0.000 0.000 0.000 0.000 0.000 0.000 0.000 0.000 0.000 0.000 0.000 0.000 0.000 0.000 0.000 0.000 0.001 0.001 0.003 0.010 0.022 0.030 0.030 0.024 0.010 0.002 0.001 0.001 0.001 0.002 0.004 0.006 0.007 0.007 0.006 0.004 0.004 0.003 0.003 0.003 0.004 0.004 0.004 0.004 0.002 0.001 0.001 0.000 0.000 0.000 0.000 0.000 0.000 0.000 0.000 0.000 0.000 0.000 0.000 0.000 0.000 0.000 0.000 0.000 0.000 0.000 0.000 0.000 0.000 0.000 0.000 0.000 0.000 0.000 0.000 0.000 0.000
