RESULTS/r.avaflow_results/31_results/31_ascii/31_hflow0055.asc
ncols 506
nrows 317
xllcenter 498237.50
yllcenter 5580050.00
cellsize 12.50
NODATA_value -9999.000
[rows 170 to 203 of 317, columns 77 to 153 of 506]
0.000 0.000 0.000 0.000 0.000 0.000 0.000 0.000 0.000 0.000 0.000 0.000 0.000 0.000 0.000 0.000 0.000 0.000 0.000 0.000 0.000 0.000 0.000 0.000 0.000 0.000 0.000 0.000 0.000 0.000 0.000 0.000 0.000 0.000 0.000 0.000 0.000 0.000 0.000 0.000 0.000 0.000 0.000 0.000 0.000 0.000 0.001 0.002 0.004 0.008 0.015 0.035 0.105 0.314 0.747 1.358 2.162 3.436 5.432 7.977 10.484 12.536 14.097 15.065 15.401 15.321 15.037 14.637 14.196 13.521 12.490 11.295 10.274 9.568 9.091 8.738 8.470
0.000 0.000 0.000 0.000 0.000 0.000 0.000 0.000 0.000 0.000 0.000 0.000 0.000 0.000 0.000 0.000 0.000 0.000 0.000 0.000 0.000 0.000 0.000 0.000 0.000 0.000 0.000 0.000 0.000 0.000 0.000 0.000 0.000 0.000 0.000 0.000 0.000 0.000 0.000 0.000 0.000 0.000 0.000 0.000 0.000 0.001 0.002 0.005 0.009 0.019 0.043 0.122 0.334 0.795 1.504 2.381 3.501 5.107 7.352 10.013 12.318 14.062 15.236 15.825 15.892 15.672 15.225 14.660 14.060 13.356 12.542 11.869 11.509 11.372 11.351 11.381 11.511
0.000 0.000 0.000 0.000 0.000 0.000 0.000 0.000 0.000 0.000 0.000 0.000 0.000 0.000 0.000 0.000 0.000 0.000 0.000 0.000 0.000 0.000 0.000 0.000 0.000 0.000 0.000 0.000 0.000 0.000 0.000 0.000 0.000 0.000 0.000 0.000 0.000 0.000 0.000 0.000 0.000 0.000 0.000 0.001 0.001 0.003 0.007 0.013 0.026 0.061 0.161 0.391 0.795 1.351 2.013 2.892 4.175 5.990 8.389 11.048 13.201 14.707 15.577 15.931 15.912 15.651 15.181 14.650 14.154 13.707 13.390 13.298 13.344 13.379 13.468 13.801 14.484
0.000 0.000 0.000 0.000 0.000 0.000 0.000 0.000 0.000 0.000 0.000 0.000 0.000 0.000 0.000 0.000 0.000 0.000 0.000 0.001 0.001 0.002 0.002 0.002 0.002 0.003 0.003 0.003 0.003 0.003 0.003 0.002 0.002 0.002 0.001 0.001 0.001 0.000 0.000 0.000 0.000 0.000 0.001 0.002 0.004 0.009 0.019 0.042 0.093 0.218 0.492 0.892 1.323 1.753 2.255 3.018 4.309 6.193 8.668 11.279 13.335 14.729 15.482 15.758 15.723 15.516 15.185 14.919 14.821 14.832 14.836 14.772 14.725 14.725 14.928 15.601 16.817
0.000 0.000 0.000 0.000 0.000 0.000 0.000 0.000 0.000 0.000 0.000 0.000 0.000 0.000 0.000 0.000 0.000 0.000 0.001 0.002 0.004 0.005 0.007 0.007 0.008 0.008 0.008 0.008 0.008 0.008 0.008 0.008 0.007 0.006 0.004 0.003 0.002 0.001 0.001 0.001 0.001 0.001 0.002 0.004 0.010 0.026 0.064 0.141 0.290 0.570 0.948 1.317 1.643 1.952 2.336 2.984 4.181 6.041 8.544 11.090 13.006 14.272 14.966 15.295 15.445 15.522 15.560 15.630 15.709 15.740 15.672 15.503 15.429 15.536 15.990 16.915 18.303
0.000 0.000 0.000 0.000 0.000 0.000 0.000 0.000 0.000 0.000 0.000 0.000 0.000 0.000 0.000 0.000 0.000 0.001 0.002 0.005 0.008 0.012 0.014 0.015 0.016 0.017 0.017 0.017 0.017 0.017 0.016 0.016 0.014 0.012 0.009 0.006 0.004 0.003 0.003 0.002 0.002 0.003 0.005 0.010 0.029 0.082 0.193 0.374 0.641 0.954 1.240 1.504 1.764 2.022 2.336 2.816 3.743 5.449 7.964 10.488 12.255 13.387 14.106 14.648 15.151 15.578 15.826 15.921 15.951 15.923 15.794 15.608 15.562 15.786 16.445 17.477 18.763
0.000 0.000 0.000 0.000 0.000 0.000 0.000 0.000 0.000 0.000 0.000 0.000 0.000 0.000 0.000 0.000 0.000 0.001 0.004 0.009 0.015 0.020 0.024 0.026 0.028 0.029 0.029 0.029 0.029 0.029 0.028 0.027 0.024 0.021 0.015 0.011 0.008 0.006 0.005 0.005 0.005 0.006 0.010 0.027 0.086 0.227 0.450 0.695 0.940 1.160 1.357 1.564 1.799 2.044 2.306 2.646 3.264 4.644 7.063 9.664 11.424 12.516 13.288 14.013 14.766 15.346 15.588 15.602 15.547 15.438 15.208 15.013 14.998 15.325 16.115 17.211 18.450
0.000 0.000 0.000 0.000 0.000 0.000 0.000 0.000 0.000 0.000 0.000 0.000 0.000 0.000 0.000 0.000 0.000 0.002 0.007 0.014 0.023 0.031 0.037 0.041 0.043 0.044 0.045 0.045 0.045 0.044 0.043 0.041 0.038 0.032 0.024 0.017 0.012 0.009 0.008 0.008 0.008 0.011 0.022 0.069 0.218 0.487 0.744 0.933 1.093 1.244 1.402 1.592 1.809 2.039 2.276 2.567 3.043 4.163 6.354 8.899 10.621 11.686 12.488 13.264 13.984 14.426 14.516 14.428 14.262 14.007 13.640 13.404 13.385 13.747 14.666 15.959 17.357
0.000 0.000 0.000 0.000 0.000 0.000 0.000 0.000 0.000 0.000 0.000 0.000 0.000 0.000 0.000 0.000 0.000 0.002 0.008 0.017 0.030 0.045 0.054 0.059 0.062 0.064 0.065 0.065 0.065 0.064 0.063 0.060 0.055 0.047 0.036 0.024 0.017 0.013 0.012 0.011 0.012 0.018 0.045 0.154 0.429 0.747 0.937 1.056 1.166 1.285 1.433 1.612 1.808 2.021 2.248 2.517 2.939 3.889 5.791 8.087 9.640 10.622 11.387 12.066 12.565 12.766 12.718 12.546 12.236 11.741 11.252 11.028 11.080 11.622 12.737 14.224 15.864
0.000 0.000 0.000 0.000 0.000 0.000 0.000 0.000 0.000 0.000 0.000 0.000 0.000 0.000 0.000 0.000 0.000 0.002 0.008 0.018 0.034 0.056 0.074 0.082 0.087 0.089 0.090 0.090 0.090 0.089 0.087 0.083 0.077 0.067 0.052 0.035 0.024 0.018 0.015 0.015 0.015 0.023 0.065 0.237 0.608 0.907 1.039 1.117 1.204 1.312 1.450 1.616 1.801 2.005 2.224 2.479 2.863 3.676 5.274 7.123 8.310 9.088 9.734 10.266 10.584 10.645 10.540 10.280 9.829 9.257 8.903 8.857 9.183 10.025 11.288 12.788 14.438
0.000 0.000 0.000 0.000 0.000 0.000 0.000 0.000 0.000 0.000 0.000 0.000 0.000 0.000 0.000 0.000 0.000 0.002 0.007 0.016 0.033 0.061 0.092 0.109 0.116 0.119 0.120 0.120 0.120 0.119 0.117 0.112 0.104 0.092 0.073 0.049 0.033 0.024 0.019 0.017 0.018 0.025 0.070 0.271 0.704 0.995 1.089 1.148 1.222 1.318 1.443 1.597 1.780 1.988 2.210 2.451 2.795 3.465 4.722 6.048 6.803 7.267 7.669 8.024 8.245 8.282 8.188 7.964 7.593 7.218 7.058 7.158 7.697 8.687 9.974 11.403 12.956
0.000 0.000 0.000 0.000 0.000 0.000 0.000 0.000 0.000 0.000 0.000 0.000 0.000 0.000 0.000 0.000 0.000 0.001 0.004 0.011 0.026 0.056 0.100 0.134 0.149 0.154 0.156 0.157 0.157 0.156 0.153 0.148 0.138 0.122 0.100 0.070 0.045 0.031 0.023 0.020 0.020 0.026 0.068 0.268 0.726 1.033 1.116 1.161 1.218 1.301 1.411 1.555 1.738 1.951 2.181 2.420 2.711 3.204 4.087 5.019 5.516 5.737 5.870 5.982 6.067 6.079 6.023 5.891 5.671 5.522 5.521 5.776 6.413 7.400 8.603 9.893 11.245
0.000 0.000 0.000 0.000 0.000 0.000 0.000 0.000 0.000 0.000 0.000 0.000 0.000 0.000 0.000 0.000 0.000 0.000 0.001 0.004 0.013 0.040 0.091 0.148 0.180 0.193 0.198 0.200 0.201 0.200 0.197 0.191 0.179 0.161 0.135 0.100 0.064 0.041 0.028 0.023 0.022 0.026 0.060 0.236 0.682 1.029 1.124 1.158 1.194 1.257 1.351 1.482 1.660 1.869 2.097 2.331 2.572 2.888 3.438 4.079 4.413 4.500 4.477 4.429 4.394 4.353 4.295 4.197 4.086 4.054 4.150 4.511 5.173 6.067 7.087 8.168 9.284
0.000 0.000 0.000 0.000 0.000 0.000 0.000 0.000 0.000 0.000 0.000 0.000 0.000 0.000 0.000 0.000 0.000 0.000 0.000 0.001 0.004 0.020 0.068 0.143 0.200 0.231 0.246 0.251 0.252 0.252 0.249 0.242 0.229 0.209 0.181 0.142 0.094 0.058 0.037 0.028 0.025 0.026 0.046 0.165 0.538 0.946 1.102 1.138 1.149 1.176 1.240 1.347 1.513 1.718 1.935 2.150 2.358 2.580 2.902 3.288 3.496 3.535 3.473 3.376 3.286 3.199 3.099 2.959 2.856 2.832 2.920 3.248 3.844 4.604 5.439 6.377 7.434
0.000 0.000 0.000 0.000 0.000 0.000 0.000 0.000 0.000 0.000 0.000 0.000 0.000 0.000 0.000 0.000 0.000 0.000 0.000 0.000 0.001 0.008 0.042 0.121 0.205 0.259 0.292 0.307 0.312 0.313 0.311 0.304 0.291 0.270 0.239 0.197 0.141 0.088 0.055 0.037 0.030 0.030 0.038 0.093 0.326 0.734 0.996 1.073 1.070 1.045 1.046 1.096 1.219 1.420 1.649 1.865 2.071 2.267 2.478 2.679 2.791 2.815 2.766 2.675 2.578 2.472 2.327 2.125 1.960 1.884 1.890 2.029 2.373 2.934 3.684 4.633 5.724
0.000 0.000 0.000 0.000 0.000 0.000 0.000 0.000 0.000 0.000 0.000 0.000 0.000 0.000 0.000 0.000 0.000 0.000 0.000 0.000 0.000 0.003 0.020 0.083 0.185 0.268 0.328 0.366 0.381 0.386 0.386 0.380 0.368 0.346 0.315 0.270 0.207 0.137 0.087 0.057 0.042 0.038 0.041 0.062 0.165 0.456 0.771 0.908 0.921 0.870 0.786 0.747 0.788 0.936 1.188 1.468 1.718 1.938 2.114 2.224 2.273 2.275 2.229 2.147 2.056 1.949 1.789 1.560 1.345 1.201 1.117 1.104 1.214 1.535 2.112 2.948 3.947
0.000 0.000 0.000 0.000 0.000 0.000 0.000 0.000 0.000 0.000 0.000 0.000 0.000 0.000 0.000 0.000 0.000 0.000 0.000 0.000 0.000 0.001 0.008 0.045 0.137 0.251 0.343 0.416 0.458 0.473 0.476 0.473 0.463 0.444 0.413 0.366 0.299 0.212 0.140 0.092 0.064 0.052 0.050 0.057 0.096 0.240 0.479 0.627 0.664 0.628 0.522 0.422 0.389 0.440 0.641 0.987 1.326 1.592 1.761 1.842 1.863 1.846 1.794 1.717 1.628 1.519 1.363 1.153 0.932 0.753 0.613 0.533 0.524 0.642 0.962 1.488 2.016
0.000 0.000 0.000 0.000 0.000 0.000 0.000 0.000 0.000 0.000 0.000 0.000 0.000 0.000 0.000 0.000 0.000 0.000 0.000 0.000 0.000 0.000 0.002 0.018 0.080 0.200 0.330 0.443 0.533 0.577 0.587 0.588 0.581 0.566 0.537 0.490 0.416 0.313 0.217 0.146 0.100 0.074 0.064 0.063 0.079 0.142 0.275 0.383 0.422 0.416 0.360 0.271 0.211 0.200 0.268 0.498 0.859 1.186 1.390 1.481 1.499 1.477 1.430 1.357 1.260 1.141 0.995 0.825 0.640 0.468 0.332 0.246 0.213 0.225 0.329 0.541 0.690
0.000 0.000 0.000 0.000 0.000 0.000 0.000 0.000 0.000 0.000 0.000 0.000 0.000 0.000 0.000 0.000 0.000 0.000 0.000 0.000 0.000 0.000 0.001 0.006 0.036 0.127 0.276 0.434 0.578 0.679 0.720 0.727 0.724 0.709 0.674 0.612 0.517 0.396 0.291 0.210 0.149 0.107 0.084 0.078 0.084 0.117 0.189 0.262 0.298 0.304 0.282 0.228 0.165 0.130 0.131 0.202 0.410 0.709 0.960 1.091 1.133 1.127 1.093 1.027 0.923 0.797 0.671 0.543 0.411 0.276 0.174 0.115 0.090 0.085 0.101 0.147 0.165
0.000 0.000 0.000 0.000 0.000 0.000 0.000 0.000 0.000 0.000 0.000 0.000 0.000 0.000 0.000 0.000 0.000 0.000 0.000 0.000 0.000 0.000 0.000 0.002 0.012 0.059 0.181 0.372 0.578 0.746 0.840 0.866 0.863 0.839 0.786 0.700 0.579 0.448 0.340 0.255 0.191 0.144 0.114 0.100 0.100 0.120 0.170 0.223 0.251 0.257 0.249 0.217 0.161 0.117 0.097 0.102 0.160 0.303 0.491 0.631 0.699 0.721 0.713 0.671 0.590 0.482 0.387 0.303 0.222 0.141 0.084 0.054 0.042 0.039 0.041 0.047 0.049
0.000 0.000 0.000 0.000 0.000 0.000 0.000 0.000 0.000 0.000 0.000 0.000 0.000 0.000 0.000 0.000 0.000 0.000 0.000 0.000 0.000 0.000 0.000 0.001 0.003 0.019 0.079 0.234 0.488 0.750 0.913 0.973 0.971 0.935 0.861 0.749 0.609 0.476 0.367 0.281 0.217 0.171 0.141 0.127 0.124 0.137 0.174 0.217 0.238 0.242 0.237 0.214 0.170 0.122 0.092 0.079 0.081 0.114 0.184 0.249 0.287 0.301 0.304 0.293 0.261 0.207 0.159 0.123 0.092 0.061 0.039 0.028 0.023 0.022 0.022 0.023 0.023
0.000 0.000 0.000 0.000 0.000 0.000 0.000 0.000 0.000 0.000 0.000 0.000 0.000 0.000 0.000 0.000 0.000 0.000 0.000 0.000 0.000 0.000 0.000 0.001 0.001 0.005 0.023 0.089 0.282 0.621 0.908 1.027 1.037 0.990 0.897 0.766 0.618 0.487 0.379 0.294 0.229 0.184 0.157 0.144 0.142 0.152 0.183 0.220 0.236 0.239 0.234 0.218 0.185 0.138 0.099 0.075 0.063 0.060 0.070 0.084 0.092 0.095 0.094 0.090 0.082 0.068 0.054 0.044 0.035 0.027 0.020 0.016 0.015 0.014 0.014 0.014 0.014
0.000 0.000 0.000 0.000 0.000 0.000 0.000 0.000 0.000 0.000 0.000 0.000 0.000 0.000 0.000 0.000 0.000 0.000 0.000 0.000 0.000 0.000 0.000 0.001 0.001 0.004 0.011 0.030 0.103 0.348 0.741 0.998 1.050 1.005 0.903 0.767 0.619 0.490 0.384 0.298 0.233 0.188 0.162 0.152 0.150 0.158 0.184 0.222 0.241 0.243 0.238 0.223 0.193 0.150 0.108 0.077 0.057 0.044 0.037 0.035 0.034 0.033 0.032 0.031 0.029 0.025 0.022 0.019 0.017 0.014 0.012 0.010 0.010 0.009 0.009 0.009 0.009
0.000 0.000 0.000 0.000 0.000 0.000 0.000 0.000 0.000 0.000 0.000 0.000 0.000 0.000 0.000 0.000 0.000 0.000 0.000 0.000 0.000 0.000 0.001 0.001 0.003 0.008 0.017 0.026 0.040 0.127 0.427 0.818 0.983 0.973 0.885 0.756 0.614 0.489 0.384 0.299 0.233 0.187 0.161 0.152 0.152 0.159 0.180 0.218 0.241 0.246 0.241 0.225 0.195 0.152 0.108 0.076 0.052 0.034 0.023 0.017 0.015 0.014 0.014 0.014 0.013 0.012 0.011 0.010 0.009 0.008 0.007 0.007 0.006 0.006 0.006 0.006 0.006
0.000 0.000 0.000 0.000 0.000 0.000 0.000 0.000 0.000 0.000 0.000 0.000 0.000 0.000 0.000 0.000 0.000 0.000 0.000 0.000 0.000 0.000 0.001 0.003 0.008 0.019 0.029 0.033 0.035 0.052 0.182 0.519 0.785 0.846 0.805 0.713 0.595 0.481 0.381 0.298 0.232 0.183 0.154 0.144 0.145 0.150 0.165 0.195 0.221 0.231 0.229 0.216 0.187 0.143 0.097 0.064 0.040 0.023 0.013 0.008 0.007 0.007 0.007 0.007 0.007 0.007 0.006 0.006 0.005 0.005 0.004 0.004 0.004 0.003 0.003 0.003 0.003
0.000 0.000 0.000 0.000 0.000 0.000 0.000 0.000 0.000 0.000 0.000 0.000 0.000 0.000 0.000 0.000 0.000 0.000 0.000 0.000 0.000 0.001 0.003 0.008 0.019 0.030 0.034 0.034 0.033 0.037 0.090 0.282 0.525 0.629 0.643 0.614 0.548 0.461 0.373 0.293 0.227 0.175 0.140 0.122 0.118 0.121 0.128 0.142 0.161 0.173 0.176 0.169 0.146 0.105 0.064 0.037 0.019 0.010 0.005 0.003 0.003 0.003 0.003 0.004 0.004 0.004 0.003 0.003 0.003 0.003 0.002 0.002 0.002 0.002 0.002 0.002 0.002
0.000 0.000 0.000 0.000 0.000 0.000 0.000 0.000 0.000 0.000 0.000 0.000 0.000 0.000 0.000 0.000 0.000 0.000 0.000 0.000 0.001 0.002 0.006 0.015 0.028 0.034 0.034 0.031 0.026 0.028 0.058 0.163 0.334 0.431 0.462 0.470 0.457 0.416 0.353 0.283 0.218 0.164 0.122 0.094 0.080 0.073 0.069 0.070 0.076 0.081 0.083 0.081 0.071 0.048 0.026 0.013 0.006 0.003 0.002 0.001 0.001 0.001 0.001 0.002 0.002 0.002 0.002 0.001 0.001 0.001 0.001 0.001 0.001 0.001 0.001 0.000 0.000
0.000 0.000 0.000 0.000 0.000 0.000 0.000 0.000 0.000 0.000 0.000 0.000 0.000 0.000 0.000 0.000 0.000 0.000 0.000 0.000 0.001 0.003 0.010 0.023 0.032 0.033 0.031 0.022 0.017 0.020 0.042 0.106 0.215 0.291 0.326 0.342 0.348 0.341 0.313 0.265 0.207 0.153 0.109 0.077 0.056 0.043 0.034 0.029 0.027 0.026 0.026 0.025 0.022 0.015 0.007 0.003 0.002 0.001 0.001 0.000 0.000 0.000 0.000 0.001 0.001 0.001 0.001 0.000 0.000 0.000 0.000 0.000 0.000 0.000 0.000 0.000 0.000
0.000 0.000 0.000 0.000 0.000 0.000 0.000 0.000 0.000 0.000 0.000 0.000 0.000 0.000 0.000 0.000 0.000 0.000 0.000 0.001 0.002 0.006 0.016 0.028 0.032 0.031 0.023 0.013 0.011 0.016 0.033 0.073 0.139 0.191 0.222 0.241 0.252 0.256 0.251 0.229 0.190 0.142 0.100 0.067 0.045 0.030 0.019 0.013 0.010 0.008 0.007 0.006 0.005 0.004 0.002 0.001 0.001 0.000 0.000 0.000 0.000 0.000 0.000 0.000 0.000 0.000 0.000 0.000 0.000 0.000 0.000 0.000 0.000 0.000 0.000 0.000 0.000
0.000 0.000 0.000 0.000 0.000 0.000 0.000 0.000 0.000 0.000 0.000 0.000 0.000 0.000 0.000 0.000 0.000 0.000 0.000 0.001 0.003 0.010 0.022 0.030 0.030 0.025 0.014 0.008 0.008 0.013 0.026 0.051 0.089 0.120 0.140 0.156 0.168 0.177 0.181 0.178 0.161 0.128 0.091 0.060 0.037 0.023 0.013 0.007 0.004 0.003 0.002 0.002 0.001 0.001 0.000 0.000 0.000 0.000 0.000 0.000 0.000 0.000 0.000 0.000 0.000 0.000 0.000 0.000 0.000 0.000 0.000 0.000 0.000 0.000 0.000 0.000 0.000
0.000 0.000 0.000 0.000 0.000 0.000 0.000 0.000 0.000 0.000 0.000 0.000 0.000 0.000 0.000 0.000 0.000 0.000 0.001 0.002 0.005 0.015 0.026 0.029 0.027 0.017 0.007 0.005 0.006 0.011 0.020 0.036 0.055 0.069 0.079 0.087 0.094 0.103 0.111 0.117 0.117 0.105 0.080 0.052 0.031 0.017 0.009 0.004 0.002 0.001 0.001 0.001 0.000 0.000 0.000 0.000 0.000 0.000 0.000 0.000 0.000 0.000 0.000 0.000 0.000 0.000 0.000 0.000 0.000 0.000 0.000 0.000 0.000 0.000 0.000 0.000 0.000
0.000 0.000 0.000 0.000 0.000 0.000 0.000 0.000 0.000 0.000 0.000 0.000 0.000 0.000 0.000 0.000 0.000 0.000 0.001 0.003 0.009 0.020 0.027 0.027 0.022 0.009 0.003 0.003 0.005 0.009 0.015 0.024 0.033 0.037 0.039 0.039 0.041 0.045 0.052 0.058 0.064 0.065 0.058 0.041 0.023 0.012 0.005 0.002 0.001 0.001 0.000 0.000 0.000 0.000 0.000 0.000 0.000 0.000 0.000 0.000 0.000 0.000 0.000 0.000 0.000 0.000 0.000 0.000 0.000 0.000 0.000 0.000 0.000 0.000 0.000 0.000 0.000
0.000 0.000 0.000 0.000 0.000 0.000 0.000 0.000 0.000 0.000 0.000 0.000 0.000 0.000 0.000 0.000 0.000 0.001 0.002 0.005 0.013 0.023 0.026 0.024 0.015 0.005 0.002 0.002 0.003 0.006 0.010 0.015 0.017 0.018 0.017 0.014 0.014 0.014 0.016 0.020 0.024 0.026 0.026 0.022 0.013 0.006 0.003 0.001 0.001 0.000 0.000 0.000 0.000 0.000 0.000 0.000 0.000 0.000 0.000 0.000 0.000 0.000 0.000 0.000 0.000 0.000 0.000 0.000 0.000 0.000 0.000 0.000 0.000 0.000 0.000 0.000 0.000
0.000 0.000 0.000 0.000 0.000 0.000 0.000 0.000 0.000 0.000 0.000 0.000 0.000 0.000 0.000 0.000 0.000 0.001 0.003 0.008 0.018 0.024 0.025 0.020 0.008 0.002 0.001 0.001 0.002 0.004 0.006 0.008 0.008 0.008 0.007 0.005 0.004 0.004 0.004 0.004 0.006 0.007 0.008 0.007 0.005 0.002 0.001 0.001 0.000 0.000 0.000 0.000 0.000 0.000 0.000 0.000 0.000 0.000 0.000 0.000 0.000 0.000 0.000 0.000 0.000 0.000 0.000 0.000 0.000 0.000 0.000 0.000 0.000 0.000 0.000 0.000 0.000
