RESULTS/r.avaflow_results/31_results/31_ascii/31_hflow_max0035.asc
ncols 506
nrows 317
xllcenter 498237.50
yllcenter 5580050.00
cellsize 12.50
NODATA_value -9999.000
[rows 170 to 203 of 317, columns 77 to 153 of 506]
0.000 0.000 0.000 0.000 0.000 0.000 0.000 0.000 0.000 0.000 0.000 0.000 0.000 0.000 0.000 0.000 0.000 0.000 0.000 0.000 0.000 0.000 0.000 0.000 0.000 0.000 0.000 0.000 0.000 0.000 0.000 0.000 0.000 0.000 0.000 0.000 0.000 0.000 0.000 0.000 0.000 0.000 0.000 0.000 0.001 0.002 0.003 0.006 0.011 0.020 0.042 0.108 0.299 0.734 1.415 2.400 4.104 7.288 10.002 12.430 14.397 15.815 16.659 16.939 16.837 16.358 15.867 15.356 14.918 14.181 13.024 11.781 11.003 10.860 10.818 10.814 10.882
0.000 0.000 0.000 0.000 0.000 0.000 0.000 0.000 0.000 0.000 0.000 0.000 0.000 0.000 0.000 0.000 0.000 0.000 0.000 0.000 0.000 0.000 0.000 0.000 0.000 0.000 0.000 0.000 0.000 0.000 0.000 0.000 0.000 0.000 0.000 0.000 0.000 0.000 0.000 0.000 0.000 0.000 0.000 0.001 0.003 0.005 0.008 0.014 0.028 0.062 0.145 0.339 0.731 1.335 2.132 4.192 6.442 9.052 11.656 13.972 15.710 16.575 17.145 17.245 17.110 16.717 16.019 15.289 14.559 13.853 13.067 13.126 13.229 13.299 13.460 13.800 14.282
0.000 0.000 0.000 0.000 0.000 0.000 0.000 0.000 0.000 0.000 0.000 0.000 0.000 0.000 0.000 0.000 0.000 0.000 0.000 0.000 0.000 0.000 0.000 0.001 0.001 0.001 0.001 0.001 0.001 0.001 0.001 0.001 0.001 0.001 0.000 0.000 0.000 0.000 0.000 0.000 0.000 0.001 0.002 0.004 0.007 0.012 0.022 0.046 0.100 0.220 0.447 0.809 1.250 1.748 2.434 4.738 7.090 9.710 12.226 14.409 15.994 16.793 17.143 17.218 17.088 16.572 15.802 15.153 14.846 14.790 14.712 14.695 14.602 14.697 15.076 15.958 17.217
0.000 0.000 0.000 0.000 0.000 0.000 0.000 0.000 0.000 0.000 0.000 0.000 0.000 0.000 0.000 0.000 0.000 0.000 0.000 0.000 0.000 0.001 0.002 0.003 0.003 0.004 0.004 0.004 0.004 0.004 0.004 0.004 0.003 0.003 0.002 0.001 0.001 0.001 0.000 0.000 0.001 0.002 0.006 0.011 0.019 0.034 0.077 0.159 0.312 0.581 0.938 1.292 1.682 2.084 2.623 4.490 6.850 9.550 12.045 14.131 15.725 16.581 16.885 16.923 16.737 16.315 15.924 15.939 15.981 15.958 15.757 15.492 15.460 15.658 16.344 17.750 19.401
0.000 0.000 0.000 0.000 0.000 0.000 0.000 0.000 0.000 0.000 0.000 0.000 0.000 0.000 0.000 0.000 0.000 0.000 0.000 0.001 0.002 0.003 0.005 0.007 0.008 0.009 0.009 0.010 0.010 0.010 0.009 0.009 0.008 0.007 0.005 0.004 0.002 0.002 0.001 0.001 0.002 0.006 0.014 0.025 0.047 0.117 0.238 0.425 0.695 1.007 1.292 1.858 2.307 2.638 3.015 3.744 5.816 8.658 11.367 13.619 15.108 15.942 16.438 16.526 16.490 16.577 16.622 16.621 16.586 16.444 16.179 15.866 16.028 16.726 17.644 18.831 20.149
0.000 0.000 0.000 0.000 0.000 0.000 0.000 0.000 0.000 0.000 0.000 0.000 0.000 0.000 0.000 0.000 0.000 0.000 0.001 0.002 0.004 0.007 0.011 0.014 0.016 0.017 0.018 0.018 0.018 0.018 0.018 0.017 0.016 0.013 0.009 0.007 0.005 0.004 0.003 0.003 0.006 0.014 0.029 0.055 0.148 0.326 0.558 0.814 1.062 1.272 1.743 2.326 2.731 3.040 3.282 3.590 4.571 7.415 10.385 12.767 14.239 15.100 15.623 15.928 16.301 16.561 16.814 16.686 16.663 16.542 16.273 16.062 16.082 16.797 17.619 18.636 19.814
0.000 0.000 0.000 0.000 0.000 0.000 0.000 0.000 0.000 0.000 0.000 0.000 0.000 0.000 0.000 0.000 0.000 0.000 0.002 0.004 0.008 0.013 0.018 0.023 0.026 0.028 0.029 0.030 0.030 0.030 0.029 0.028 0.026 0.021 0.015 0.011 0.008 0.007 0.006 0.006 0.011 0.026 0.057 0.150 0.383 0.684 0.932 1.115 1.269 1.564 2.125 2.606 2.966 3.263 3.450 3.638 4.079 6.734 9.634 11.941 13.440 14.255 14.823 15.325 15.863 16.224 16.420 16.392 16.259 16.022 15.634 15.301 15.278 15.639 16.560 17.641 19.007
0.000 0.000 0.000 0.000 0.000 0.000 0.000 0.000 0.000 0.000 0.000 0.000 0.000 0.000 0.000 0.000 0.000 0.001 0.003 0.007 0.013 0.021 0.029 0.035 0.039 0.042 0.044 0.045 0.045 0.045 0.044 0.042 0.039 0.033 0.024 0.017 0.012 0.011 0.010 0.011 0.018 0.045 0.111 0.351 0.745 1.043 1.197 1.297 1.492 2.010 2.430 2.769 3.066 3.346 3.569 3.698 3.923 6.211 9.042 11.173 12.541 13.430 14.027 14.579 15.077 15.304 15.353 15.205 14.927 14.531 14.013 13.777 13.750 14.090 14.994 16.282 17.798
0.000 0.000 0.000 0.000 0.000 0.000 0.000 0.000 0.000 0.000 0.000 0.000 0.000 0.000 0.000 0.000 0.000 0.001 0.004 0.010 0.020 0.032 0.043 0.051 0.057 0.061 0.064 0.065 0.065 0.065 0.064 0.061 0.057 0.048 0.036 0.025 0.019 0.017 0.016 0.018 0.028 0.072 0.208 0.607 1.064 1.286 1.366 1.481 1.970 2.334 2.602 2.830 3.075 3.328 3.580 3.669 3.784 5.767 8.198 10.073 11.372 12.318 12.886 13.344 13.633 13.664 13.535 13.284 12.857 12.235 11.760 11.487 11.467 11.991 13.088 14.675 16.396
0.000 0.000 0.000 0.000 0.000 0.000 0.000 0.000 0.000 0.000 0.000 0.000 0.000 0.000 0.000 0.000 0.000 0.001 0.004 0.011 0.024 0.043 0.061 0.072 0.080 0.086 0.089 0.090 0.091 0.090 0.089 0.086 0.080 0.069 0.054 0.040 0.030 0.025 0.024 0.026 0.042 0.109 0.280 0.779 1.275 1.450 1.491 1.883 2.222 2.466 2.640 2.815 3.045 3.285 3.509 3.567 3.600 5.276 7.281 8.800 9.988 10.672 11.134 11.483 11.637 11.594 11.372 11.012 10.443 9.743 9.302 9.240 9.547 10.369 11.685 13.247 14.941
0.000 0.000 0.000 0.000 0.000 0.000 0.000 0.000 0.000 0.000 0.000 0.000 0.000 0.000 0.000 0.000 0.000 0.001 0.003 0.010 0.024 0.049 0.079 0.098 0.109 0.117 0.121 0.123 0.123 0.123 0.122 0.117 0.109 0.095 0.083 0.063 0.045 0.037 0.035 0.044 0.066 0.155 0.402 0.873 1.402 1.564 1.810 2.082 2.298 2.464 2.604 2.758 2.972 3.205 3.377 3.392 3.333 4.448 6.382 7.609 8.433 8.728 8.948 9.173 9.292 9.263 9.061 8.718 8.226 7.721 7.468 7.541 8.054 9.033 10.324 11.752 13.319
0.000 0.000 0.000 0.000 0.000 0.000 0.000 0.000 0.000 0.000 0.000 0.000 0.000 0.000 0.000 0.000 0.000 0.000 0.002 0.006 0.019 0.046 0.090 0.125 0.144 0.154 0.161 0.164 0.165 0.164 0.163 0.157 0.147 0.142 0.129 0.104 0.071 0.060 0.070 0.097 0.146 0.234 0.502 0.948 1.444 1.824 2.015 2.142 2.270 2.395 2.527 2.640 2.818 3.018 3.141 3.086 2.924 3.612 5.308 6.464 7.028 7.068 6.976 6.936 6.929 6.891 6.808 6.621 6.306 6.055 5.991 6.156 6.770 7.747 8.951 10.252 11.610
0.000 0.000 0.000 0.000 0.000 0.000 0.000 0.000 0.000 0.000 0.000 0.000 0.000 0.000 0.000 0.000 0.000 0.000 0.001 0.002 0.011 0.037 0.088 0.146 0.182 0.200 0.209 0.214 0.216 0.216 0.214 0.217 0.218 0.216 0.202 0.170 0.118 0.122 0.151 0.211 0.308 0.485 0.823 1.306 1.754 1.975 2.067 2.127 2.198 2.286 2.343 2.363 2.491 2.618 2.684 2.608 2.462 2.725 3.967 5.169 5.633 5.588 5.402 5.195 5.052 4.969 4.911 4.806 4.648 4.572 4.632 4.936 5.549 6.437 7.461 8.547 9.656
0.000 0.000 0.000 0.000 0.000 0.000 0.000 0.000 0.000 0.000 0.000 0.000 0.000 0.000 0.000 0.000 0.000 0.000 0.000 0.001 0.004 0.023 0.075 0.152 0.213 0.249 0.267 0.276 0.279 0.279 0.309 0.330 0.335 0.333 0.315 0.273 0.228 0.256 0.324 0.441 0.625 0.961 1.391 1.706 1.875 1.972 2.034 2.084 2.109 2.089 1.999 1.942 1.955 1.996 2.031 2.029 2.177 2.372 2.687 3.684 4.172 4.227 4.101 3.905 3.717 3.573 3.453 3.328 3.244 3.227 3.330 3.684 4.349 5.017 5.836 6.741 7.788
0.000 0.000 0.000 0.000 0.000 0.000 0.000 0.000 0.000 0.000 0.000 0.000 0.000 0.000 0.000 0.000 0.000 0.000 0.000 0.000 0.002 0.012 0.053 0.137 0.226 0.290 0.330 0.348 0.356 0.395 0.487 0.533 0.542 0.535 0.500 0.429 0.465 0.543 0.685 0.892 1.165 1.507 1.762 1.862 1.889 1.920 1.974 1.985 1.916 1.815 1.620 1.490 1.460 1.499 1.590 1.730 1.892 2.060 2.257 2.451 2.890 3.058 3.042 2.941 2.791 2.606 2.397 2.201 2.102 2.076 2.121 2.326 2.750 3.368 4.133 5.096 6.165
0.000 0.000 0.000 0.000 0.000 0.000 0.000 0.000 0.000 0.000 0.000 0.000 0.000 0.000 0.000 0.000 0.000 0.000 0.000 0.000 0.001 0.005 0.030 0.103 0.211 0.308 0.384 0.430 0.453 0.557 0.782 0.893 0.905 0.881 0.805 0.835 0.934 1.101 1.315 1.508 1.671 1.828 1.899 1.893 1.886 1.872 1.833 1.741 1.716 1.556 1.257 1.083 0.995 1.025 1.155 1.371 1.567 1.754 1.905 1.986 2.002 2.113 2.172 2.129 2.032 1.864 1.621 1.376 1.240 1.185 1.170 1.219 1.412 1.821 2.468 3.553 4.526
0.000 0.000 0.000 0.000 0.000 0.000 0.000 0.000 0.000 0.000 0.000 0.000 0.000 0.000 0.000 0.000 0.000 0.000 0.000 0.000 0.000 0.002 0.013 0.061 0.167 0.296 0.414 0.515 0.582 0.689 0.978 1.294 1.380 1.344 1.274 1.349 1.502 1.671 1.808 1.900 1.948 1.965 1.934 1.909 1.860 1.762 1.606 1.498 1.436 1.201 0.925 0.689 0.549 0.536 0.655 0.921 1.200 1.427 1.570 1.614 1.596 1.554 1.495 1.449 1.375 1.245 1.081 0.857 0.661 0.585 0.544 0.531 0.584 0.786 1.219 2.239 2.857
0.000 0.000 0.000 0.000 0.000 0.000 0.000 0.000 0.000 0.000 0.000 0.000 0.000 0.000 0.000 0.000 0.000 0.000 0.000 0.000 0.000 0.001 0.004 0.028 0.107 0.248 0.406 0.569 0.715 0.828 1.053 1.410 1.648 1.700 1.657 1.634 1.787 1.912 2.017 2.066 2.067 2.017 1.970 1.889 1.759 1.574 1.366 1.192 1.066 0.921 0.773 0.564 0.339 0.255 0.287 0.455 0.755 1.032 1.209 1.270 1.251 1.200 1.142 1.068 0.982 0.873 0.728 0.552 0.395 0.277 0.224 0.209 0.211 0.271 0.436 0.756 0.913
0.000 0.000 0.000 0.000 0.000 0.000 0.000 0.000 0.000 0.000 0.000 0.000 0.000 0.000 0.000 0.000 0.000 0.000 0.000 0.000 0.001 0.004 0.009 0.019 0.051 0.166 0.353 0.574 0.800 0.976 1.102 1.292 1.643 1.801 1.824 1.810 1.859 1.992 2.091 2.117 2.100 2.063 1.964 1.811 1.600 1.375 1.192 1.052 0.932 0.814 0.675 0.465 0.262 0.149 0.135 0.180 0.341 0.579 0.789 0.897 0.914 0.879 0.828 0.757 0.661 0.553 0.438 0.320 0.219 0.142 0.095 0.085 0.083 0.094 0.136 0.202 0.222
0.000 0.000 0.000 0.000 0.000 0.000 0.000 0.000 0.000 0.000 0.000 0.000 0.000 0.000 0.000 0.000 0.000 0.000 0.000 0.001 0.004 0.011 0.023 0.046 0.087 0.162 0.287 0.493 0.804 1.061 1.193 1.266 1.417 1.691 1.813 1.831 1.930 2.022 2.091 2.115 2.112 2.056 1.910 1.670 1.437 1.249 1.082 0.951 0.842 0.733 0.579 0.360 0.189 0.117 0.088 0.088 0.129 0.236 0.377 0.481 0.529 0.533 0.507 0.455 0.374 0.289 0.216 0.154 0.105 0.069 0.047 0.040 0.039 0.040 0.050 0.060 0.061
0.000 0.000 0.000 0.000 0.000 0.000 0.000 0.000 0.000 0.000 0.000 0.000 0.000 0.000 0.000 0.000 0.000 0.000 0.001 0.004 0.012 0.028 0.057 0.106 0.188 0.324 0.526 0.769 0.990 1.133 1.240 1.290 1.388 1.483 1.690 1.865 1.969 2.028 2.057 2.088 2.079 2.006 1.818 1.526 1.307 1.149 1.013 0.896 0.786 0.654 0.466 0.262 0.166 0.114 0.081 0.066 0.065 0.089 0.138 0.182 0.206 0.212 0.204 0.181 0.145 0.111 0.083 0.062 0.046 0.034 0.026 0.022 0.021 0.021 0.024 0.026 0.026
0.000 0.000 0.000 0.000 0.000 0.000 0.000 0.000 0.000 0.000 0.000 0.000 0.000 0.000 0.000 0.000 0.000 0.001 0.004 0.012 0.031 0.070 0.136 0.238 0.395 0.634 0.899 1.105 1.222 1.266 1.272 1.283 1.324 1.522 1.782 1.913 1.983 2.023 2.038 2.043 2.015 1.910 1.678 1.387 1.198 1.057 0.946 0.845 0.727 0.564 0.351 0.212 0.170 0.120 0.084 0.061 0.050 0.048 0.055 0.064 0.068 0.069 0.066 0.059 0.049 0.040 0.034 0.028 0.023 0.019 0.016 0.014 0.014 0.014 0.014 0.015 0.015
0.000 0.000 0.000 0.000 0.000 0.000 0.000 0.000 0.000 0.000 0.000 0.000 0.000 0.000 0.000 0.000 0.001 0.003 0.010 0.031 0.078 0.168 0.313 0.517 0.794 1.093 1.287 1.364 1.374 1.328 1.290 1.265 1.252 1.625 1.849 1.952 1.993 2.004 2.019 2.007 1.942 1.779 1.504 1.263 1.105 0.984 0.885 0.784 0.649 0.458 0.251 0.212 0.174 0.126 0.089 0.063 0.046 0.036 0.031 0.029 0.028 0.028 0.027 0.025 0.021 0.019 0.017 0.015 0.013 0.012 0.010 0.010 0.009 0.009 0.009 0.009 0.009
0.000 0.000 0.000 0.000 0.000 0.000 0.000 0.000 0.000 0.000 0.000 0.000 0.000 0.000 0.000 0.000 0.001 0.007 0.024 0.071 0.179 0.382 0.688 1.019 1.308 1.486 1.548 1.529 1.447 1.382 1.285 1.171 1.338 1.712 1.895 1.965 1.988 1.997 1.987 1.942 1.836 1.633 1.360 1.163 1.022 0.921 0.835 0.724 0.565 0.346 0.236 0.214 0.177 0.128 0.089 0.062 0.042 0.029 0.021 0.017 0.015 0.015 0.014 0.013 0.012 0.011 0.010 0.009 0.008 0.007 0.007 0.006 0.006 0.006 0.006 0.006 0.006
0.000 0.000 0.000 0.000 0.000 0.000 0.000 0.000 0.000 0.000 0.000 0.000 0.000 0.000 0.000 0.001 0.004 0.014 0.047 0.137 0.345 0.729 1.185 1.495 1.659 1.713 1.691 1.612 1.518 1.376 1.181 1.072 1.472 1.786 1.930 1.972 1.978 1.982 1.956 1.875 1.718 1.496 1.255 1.073 0.955 0.869 0.781 0.653 0.460 0.251 0.232 0.211 0.173 0.122 0.082 0.054 0.034 0.020 0.012 0.009 0.008 0.008 0.008 0.007 0.007 0.007 0.006 0.006 0.005 0.004 0.004 0.004 0.003 0.003 0.003 0.003 0.003
0.000 0.000 0.000 0.000 0.000 0.000 0.000 0.000 0.000 0.000 0.000 0.000 0.000 0.000 0.000 0.002 0.008 0.027 0.086 0.240 0.576 1.123 1.557 1.765 1.825 1.807 1.755 1.663 1.501 1.256 0.961 1.175 1.609 1.854 1.946 1.965 1.970 1.958 1.907 1.787 1.611 1.397 1.175 1.000 0.903 0.825 0.721 0.564 0.350 0.206 0.201 0.183 0.148 0.098 0.060 0.034 0.018 0.009 0.005 0.004 0.004 0.004 0.004 0.004 0.004 0.004 0.003 0.003 0.003 0.002 0.002 0.002 0.002 0.002 0.002 0.002 0.002
0.000 0.000 0.000 0.000 0.000 0.000 0.000 0.000 0.000 0.000 0.000 0.000 0.000 0.000 0.001 0.004 0.014 0.049 0.146 0.379 0.853 1.433 1.755 1.870 1.873 1.846 1.770 1.609 1.330 0.978 1.002 1.303 1.711 1.917 1.970 1.967 1.956 1.915 1.828 1.688 1.507 1.298 1.093 0.963 0.878 0.792 0.664 0.471 0.265 0.141 0.133 0.117 0.089 0.053 0.027 0.013 0.006 0.003 0.002 0.002 0.002 0.002 0.002 0.002 0.002 0.002 0.002 0.001 0.001 0.001 0.001 0.001 0.001 0.001 0.001 0.000 0.000
0.000 0.000 0.000 0.000 0.000 0.000 0.000 0.000 0.000 0.000 0.000 0.000 0.000 0.000 0.001 0.007 0.026 0.082 0.225 0.545 1.122 1.617 1.826 1.879 1.885 1.840 1.686 1.383 1.021 0.925 1.075 1.454 1.781 1.941 1.980 1.978 1.947 1.870 1.746 1.589 1.408 1.197 1.030 0.945 0.870 0.762 0.598 0.383 0.201 0.088 0.054 0.045 0.032 0.017 0.008 0.003 0.002 0.001 0.001 0.001 0.001 0.001 0.001 0.001 0.001 0.001 0.001 0.000 0.000 0.000 0.000 0.000 0.000 0.000 0.000 0.000 0.000
0.000 0.000 0.000 0.000 0.000 0.000 0.000 0.000 0.000 0.000 0.000 0.000 0.000 0.000 0.003 0.012 0.042 0.124 0.319 0.720 1.322 1.708 1.832 1.859 1.860 1.768 1.505 1.113 0.923 0.910 1.165 1.569 1.829 1.937 1.968 1.971 1.922 1.815 1.662 1.488 1.301 1.102 0.998 0.933 0.855 0.730 0.534 0.310 0.150 0.060 0.020 0.011 0.007 0.004 0.002 0.001 0.000 0.000 0.000 0.000 0.000 0.000 0.000 0.000 0.000 0.000 0.000 0.000 0.000 0.000 0.000 0.000 0.000 0.000 0.000 0.000 0.000
0.000 0.000 0.000 0.000 0.000 0.000 0.000 0.000 0.000 0.000 0.000 0.000 0.000 0.001 0.004 0.018 0.061 0.176 0.431 0.894 1.451 1.738 1.817 1.834 1.804 1.636 1.265 0.952 0.865 0.926 1.250 1.634 1.856 1.923 1.946 1.944 1.885 1.756 1.587 1.396 1.170 1.038 0.981 0.931 0.840 0.686 0.465 0.252 0.114 0.042 0.013 0.003 0.002 0.001 0.000 0.000 0.000 0.000 0.000 0.000 0.000 0.000 0.000 0.000 0.000 0.000 0.000 0.000 0.000 0.000 0.000 0.000 0.000 0.000 0.000 0.000 0.000
0.000 0.000 0.000 0.000 0.000 0.000 0.000 0.000 0.000 0.000 0.000 0.000 0.000 0.001 0.006 0.024 0.084 0.234 0.550 1.069 1.524 1.724 1.783 1.799 1.718 1.450 1.058 0.860 0.823 0.952 1.338 1.692 1.881 1.934 1.930 1.905 1.821 1.687 1.511 1.289 1.080 1.005 0.974 0.924 0.817 0.638 0.397 0.201 0.084 0.028 0.008 0.002 0.000 0.000 0.000 0.000 0.000 0.000 0.000 0.000 0.000 0.000 0.000 0.000 0.000 0.000 0.000 0.000 0.000 0.000 0.000 0.000 0.000 0.000 0.000 0.000 0.000
0.000 0.000 0.000 0.000 0.000 0.000 0.000 0.000 0.000 0.000 0.000 0.000 0.000 0.001 0.008 0.032 0.107 0.296 0.681 1.214 1.564 1.692 1.739 1.733 1.583 1.221 0.919 0.802 0.787 0.981 1.394 1.744 1.900 1.933 1.929 1.868 1.751 1.598 1.404 1.153 1.019 0.987 0.965 0.910 0.784 0.579 0.333 0.156 0.059 0.018 0.004 0.001 0.000 0.000 0.000 0.000 0.000 0.000 0.000 0.000 0.000 0.000 0.000 0.000 0.000 0.000 0.000 0.000 0.000 0.000 0.000 0.000 0.000 0.000 0.000 0.000 0.000
0.000 0.000 0.000 0.000 0.000 0.000 0.000 0.000 0.000 0.000 0.000 0.000 0.000 0.002 0.009 0.038 0.129 0.363 0.821 1.319 1.573 1.644 1.679 1.628 1.392 1.018 0.814 0.753 0.763 1.018 1.439 1.773 1.919 1.942 1.927 1.848 1.704 1.505 1.265 1.045 0.977 0.971 0.953 0.885 0.744 0.517 0.274 0.119 0.041 0.011 0.002 0.000 0.000 0.000 0.000 0.000 0.000 0.000 0.000 0.000 0.000 0.000 0.000 0.000 0.000 0.000 0.000 0.000 0.000 0.000 0.000 0.000 0.000 0.000 0.000 0.000 0.000
0.000 0.000 0.000 0.000 0.000 0.000 0.000 0.000 0.000 0.000 0.000 0.000 0.000 0.002 0.010 0.045 0.151 0.428 0.962 1.411 1.585 1.610 1.616 1.504 1.183 0.871 0.734 0.700 0.746 1.055 1.508 1.813 1.929 1.941 1.926 1.829 1.648 1.413 1.157 0.999 0.970 0.966 0.942 0.856 0.690 0.448 0.218 0.086 0.026 0.006 0.001 0.000 0.000 0.000 0.000 0.000 0.000 0.000 0.000 0.000 0.000 0.000 0.000 0.000 0.000 0.000 0.000 0.000 0.000 0.000 0.000 0.000 0.000 0.000 0.000 0.000 0.000
