RESULTS/r.avaflow_results/31_results/31_ascii/31_hflow10023.asc
ncols 506
nrows 317
xllcenter 498237.50
yllcenter 5580050.00
cellsize 12.50
NODATA_value -9999.000
[rows 170 to 203 of 317, columns 77 to 153 of 506]
0.000 0.000 0.000 0.000 0.000 0.000 0.000 0.000 0.000 0.000 0.000 0.000 0.000 0.000 0.000 0.000 0.000 0.000 0.000 0.000 0.000 0.000 0.000 0.000 0.000 0.000 0.000 0.000 0.000 0.000 0.000 0.000 0.000 0.000 0.000 0.000 0.000 0.000 0.000 0.000 0.000 0.000 0.000 0.000 0.000 0.000 0.000 0.001 0.002 0.005 0.009 0.017 0.041 0.100 0.193 0.267 0.325 0.382 0.410 0.399 0.357 0.290 0.218 0.159 0.114 0.080 0.056 0.039 0.026 0.018 0.012 0.008 0.005 0.003 0.002 0.002 0.001
0.000 0.000 0.000 0.000 0.000 0.000 0.000 0.000 0.000 0.000 0.000 0.000 0.000 0.000 0.000 0.000 0.000 0.000 0.000 0.000 0.000 0.000 0.000 0.000 0.000 0.000 0.000 0.000 0.000 0.000 0.000 0.000 0.000 0.000 0.000 0.000 0.000 0.000 0.000 0.000 0.000 0.000 0.000 0.000 0.000 0.001 0.002 0.004 0.007 0.014 0.029 0.064 0.137 0.261 0.389 0.464 0.503 0.520 0.515 0.479 0.417 0.334 0.251 0.184 0.133 0.094 0.066 0.046 0.032 0.022 0.015 0.010 0.006 0.004 0.003 0.002 0.001
0.000 0.000 0.000 0.000 0.000 0.000 0.000 0.000 0.000 0.000 0.000 0.000 0.000 0.000 0.000 0.000 0.000 0.000 0.000 0.000 0.000 0.000 0.000 0.000 0.000 0.000 0.000 0.000 0.000 0.000 0.000 0.000 0.000 0.000 0.000 0.000 0.000 0.000 0.000 0.000 0.000 0.000 0.000 0.000 0.001 0.003 0.007 0.013 0.026 0.053 0.112 0.215 0.341 0.456 0.526 0.570 0.596 0.597 0.576 0.530 0.461 0.371 0.279 0.205 0.149 0.106 0.075 0.052 0.036 0.025 0.017 0.011 0.007 0.005 0.003 0.002 0.001
0.000 0.000 0.000 0.000 0.000 0.000 0.000 0.000 0.000 0.000 0.000 0.000 0.000 0.000 0.000 0.000 0.000 0.000 0.000 0.000 0.000 0.000 0.000 0.000 0.000 0.000 0.000 0.000 0.000 0.000 0.000 0.000 0.000 0.000 0.000 0.000 0.000 0.000 0.000 0.000 0.000 0.000 0.001 0.001 0.004 0.010 0.024 0.049 0.097 0.188 0.346 0.503 0.590 0.609 0.598 0.611 0.630 0.630 0.607 0.562 0.493 0.401 0.302 0.222 0.161 0.115 0.081 0.057 0.039 0.027 0.018 0.012 0.008 0.005 0.003 0.002 0.001
0.000 0.000 0.000 0.000 0.000 0.000 0.000 0.000 0.000 0.000 0.000 0.000 0.000 0.000 0.000 0.000 0.000 0.000 0.000 0.000 0.000 0.000 0.000 0.000 0.001 0.001 0.002 0.002 0.002 0.002 0.002 0.002 0.002 0.002 0.002 0.001 0.001 0.001 0.001 0.001 0.001 0.001 0.002 0.005 0.014 0.037 0.086 0.168 0.295 0.481 0.669 0.757 0.757 0.704 0.639 0.622 0.634 0.638 0.623 0.583 0.517 0.425 0.320 0.234 0.169 0.121 0.085 0.060 0.041 0.028 0.019 0.013 0.008 0.005 0.003 0.002 0.001
0.000 0.000 0.000 0.000 0.000 0.000 0.000 0.000 0.000 0.000 0.000 0.000 0.000 0.000 0.000 0.000 0.000 0.000 0.000 0.000 0.000 0.000 0.001 0.001 0.003 0.005 0.006 0.007 0.007 0.008 0.008 0.008 0.007 0.007 0.006 0.004 0.003 0.002 0.002 0.002 0.002 0.002 0.005 0.015 0.046 0.125 0.255 0.428 0.627 0.800 0.885 0.895 0.857 0.769 0.672 0.625 0.622 0.633 0.629 0.598 0.537 0.443 0.331 0.241 0.174 0.124 0.088 0.061 0.042 0.029 0.020 0.013 0.009 0.006 0.004 0.002 0.001
0.000 0.000 0.000 0.000 0.000 0.000 0.000 0.000 0.000 0.000 0.000 0.000 0.000 0.000 0.000 0.000 0.000 0.000 0.000 0.000 0.000 0.001 0.002 0.004 0.007 0.010 0.013 0.014 0.015 0.016 0.016 0.016 0.015 0.014 0.012 0.008 0.006 0.005 0.004 0.004 0.004 0.006 0.014 0.046 0.145 0.337 0.568 0.767 0.910 0.988 1.004 0.984 0.926 0.822 0.703 0.631 0.608 0.619 0.628 0.609 0.550 0.453 0.337 0.245 0.176 0.126 0.089 0.062 0.043 0.029 0.020 0.013 0.009 0.006 0.004 0.002 0.001
0.000 0.000 0.000 0.000 0.000 0.000 0.000 0.000 0.000 0.000 0.000 0.000 0.000 0.000 0.000 0.000 0.000 0.000 0.000 0.000 0.000 0.002 0.004 0.008 0.012 0.018 0.022 0.025 0.027 0.028 0.028 0.028 0.027 0.025 0.020 0.014 0.011 0.008 0.007 0.007 0.008 0.013 0.036 0.127 0.365 0.690 0.917 1.026 1.081 1.101 1.092 1.056 0.981 0.868 0.737 0.646 0.608 0.615 0.628 0.614 0.556 0.455 0.337 0.245 0.176 0.126 0.089 0.062 0.043 0.029 0.020 0.013 0.009 0.006 0.004 0.002 0.001
0.000 0.000 0.000 0.000 0.000 0.000 0.000 0.000 0.000 0.000 0.000 0.000 0.000 0.000 0.000 0.000 0.000 0.000 0.000 0.000 0.001 0.004 0.008 0.013 0.021 0.029 0.035 0.040 0.042 0.043 0.044 0.044 0.042 0.039 0.033 0.023 0.017 0.013 0.012 0.011 0.013 0.025 0.079 0.276 0.684 1.024 1.158 1.191 1.200 1.192 1.164 1.110 1.025 0.911 0.777 0.675 0.623 0.621 0.630 0.614 0.553 0.451 0.334 0.243 0.175 0.125 0.088 0.062 0.043 0.029 0.020 0.013 0.009 0.006 0.004 0.002 0.002
0.000 0.000 0.000 0.000 0.000 0.000 0.000 0.000 0.000 0.000 0.000 0.000 0.000 0.000 0.000 0.000 0.000 0.000 0.000 0.000 0.002 0.006 0.013 0.022 0.033 0.045 0.053 0.059 0.063 0.065 0.065 0.065 0.063 0.058 0.049 0.036 0.025 0.019 0.016 0.016 0.018 0.034 0.116 0.412 0.938 1.241 1.309 1.307 1.292 1.258 1.208 1.142 1.059 0.956 0.830 0.721 0.657 0.639 0.634 0.607 0.540 0.435 0.324 0.237 0.172 0.123 0.087 0.061 0.042 0.029 0.019 0.013 0.009 0.006 0.004 0.002 0.002
0.000 0.000 0.000 0.000 0.000 0.000 0.000 0.000 0.000 0.000 0.000 0.000 0.000 0.000 0.000 0.000 0.000 0.000 0.000 0.000 0.003 0.009 0.020 0.033 0.049 0.065 0.077 0.085 0.090 0.092 0.093 0.093 0.090 0.084 0.072 0.053 0.036 0.026 0.022 0.020 0.022 0.038 0.125 0.467 1.077 1.373 1.408 1.389 1.349 1.291 1.223 1.156 1.084 1.002 0.899 0.789 0.710 0.667 0.635 0.588 0.510 0.405 0.303 0.224 0.164 0.118 0.084 0.059 0.041 0.028 0.019 0.013 0.008 0.005 0.004 0.002 0.002
0.000 0.000 0.000 0.000 0.000 0.000 0.000 0.000 0.000 0.000 0.000 0.000 0.000 0.000 0.000 0.000 0.000 0.000 0.000 0.000 0.003 0.011 0.026 0.048 0.071 0.092 0.108 0.119 0.126 0.129 0.130 0.129 0.126 0.118 0.103 0.078 0.052 0.035 0.027 0.025 0.026 0.040 0.122 0.463 1.118 1.442 1.471 1.437 1.374 1.296 1.223 1.160 1.101 1.038 0.963 0.868 0.774 0.696 0.630 0.557 0.465 0.362 0.274 0.206 0.152 0.111 0.080 0.056 0.039 0.027 0.018 0.012 0.008 0.005 0.003 0.002 0.002
0.000 0.000 0.000 0.000 0.000 0.000 0.000 0.000 0.000 0.000 0.000 0.000 0.000 0.000 0.000 0.000 0.000 0.000 0.000 0.000 0.002 0.010 0.028 0.061 0.097 0.126 0.147 0.163 0.172 0.176 0.177 0.176 0.171 0.162 0.144 0.115 0.077 0.049 0.035 0.030 0.030 0.041 0.110 0.415 1.070 1.454 1.500 1.457 1.378 1.283 1.210 1.156 1.109 1.061 1.004 0.926 0.826 0.721 0.621 0.524 0.423 0.326 0.247 0.185 0.137 0.101 0.074 0.053 0.037 0.025 0.017 0.012 0.008 0.005 0.003 0.002 0.001
0.000 0.000 0.000 0.000 0.000 0.000 0.000 0.000 0.000 0.000 0.000 0.000 0.000 0.000 0.000 0.000 0.000 0.000 0.000 0.000 0.001 0.007 0.027 0.066 0.120 0.165 0.196 0.217 0.230 0.236 0.237 0.236 0.231 0.219 0.199 0.165 0.116 0.072 0.048 0.038 0.036 0.043 0.090 0.317 0.898 1.378 1.493 1.458 1.366 1.247 1.168 1.126 1.099 1.068 1.024 0.954 0.858 0.743 0.618 0.502 0.395 0.303 0.228 0.169 0.125 0.092 0.067 0.048 0.034 0.024 0.016 0.011 0.007 0.005 0.003 0.002 0.001
0.000 0.000 0.000 0.000 0.000 0.000 0.000 0.000 0.000 0.000 0.000 0.000 0.000 0.000 0.000 0.000 0.000 0.000 0.000 0.000 0.001 0.004 0.022 0.063 0.129 0.201 0.253 0.284 0.302 0.311 0.313 0.312 0.306 0.293 0.270 0.232 0.174 0.111 0.071 0.052 0.047 0.051 0.078 0.204 0.616 1.158 1.395 1.408 1.322 1.180 1.070 1.024 1.019 1.023 1.009 0.958 0.870 0.756 0.622 0.492 0.381 0.289 0.216 0.160 0.117 0.084 0.061 0.043 0.031 0.022 0.015 0.010 0.007 0.004 0.003 0.002 0.001
0.000 0.000 0.000 0.000 0.000 0.000 0.000 0.000 0.000 0.000 0.000 0.000 0.000 0.000 0.000 0.000 0.000 0.000 0.000 0.000 0.000 0.002 0.014 0.053 0.124 0.216 0.303 0.361 0.391 0.406 0.410 0.409 0.403 0.390 0.365 0.322 0.255 0.172 0.113 0.081 0.069 0.070 0.086 0.150 0.368 0.817 1.153 1.241 1.197 1.062 0.894 0.796 0.782 0.810 0.860 0.892 0.853 0.758 0.628 0.491 0.376 0.283 0.210 0.154 0.111 0.078 0.055 0.038 0.027 0.018 0.012 0.008 0.005 0.003 0.002 0.001 0.001
0.000 0.000 0.000 0.000 0.000 0.000 0.000 0.000 0.000 0.000 0.000 0.000 0.000 0.000 0.000 0.000 0.000 0.000 0.000 0.000 0.000 0.001 0.007 0.036 0.105 0.209 0.328 0.434 0.497 0.523 0.532 0.532 0.528 0.515 0.489 0.442 0.367 0.264 0.182 0.132 0.109 0.103 0.110 0.144 0.248 0.501 0.793 0.925 0.934 0.854 0.682 0.519 0.447 0.449 0.528 0.664 0.742 0.718 0.625 0.495 0.376 0.282 0.208 0.150 0.106 0.073 0.049 0.031 0.019 0.012 0.007 0.005 0.003 0.002 0.001 0.001 0.001
0.000 0.000 0.000 0.000 0.000 0.000 0.000 0.000 0.000 0.000 0.000 0.000 0.000 0.000 0.000 0.000 0.000 0.000 0.000 0.000 0.000 0.000 0.002 0.017 0.072 0.180 0.321 0.475 0.604 0.667 0.685 0.687 0.684 0.673 0.645 0.589 0.493 0.374 0.277 0.211 0.172 0.155 0.152 0.166 0.212 0.330 0.507 0.614 0.641 0.615 0.518 0.370 0.262 0.223 0.240 0.341 0.490 0.572 0.557 0.481 0.376 0.282 0.207 0.147 0.101 0.066 0.041 0.023 0.012 0.006 0.004 0.002 0.001 0.001 0.001 0.001 0.000
0.000 0.000 0.000 0.000 0.000 0.000 0.000 0.000 0.000 0.000 0.000 0.000 0.000 0.000 0.000 0.000 0.000 0.000 0.000 0.000 0.000 0.000 0.001 0.006 0.036 0.126 0.280 0.473 0.674 0.811 0.863 0.872 0.870 0.851 0.800 0.709 0.581 0.455 0.358 0.289 0.243 0.218 0.209 0.208 0.224 0.273 0.362 0.433 0.461 0.456 0.410 0.307 0.197 0.135 0.117 0.140 0.221 0.323 0.378 0.381 0.335 0.264 0.196 0.136 0.087 0.051 0.027 0.014 0.007 0.004 0.002 0.001 0.001 0.001 0.001 0.000 0.000
0.000 0.000 0.000 0.000 0.000 0.000 0.000 0.000 0.000 0.000 0.000 0.000 0.000 0.000 0.000 0.000 0.000 0.000 0.000 0.000 0.000 0.000 0.000 0.002 0.013 0.062 0.194 0.412 0.683 0.906 1.021 1.044 1.037 1.000 0.913 0.783 0.632 0.503 0.407 0.338 0.291 0.263 0.251 0.248 0.252 0.269 0.309 0.347 0.363 0.361 0.332 0.263 0.170 0.107 0.076 0.068 0.085 0.132 0.174 0.196 0.200 0.179 0.139 0.091 0.051 0.026 0.013 0.007 0.004 0.002 0.001 0.001 0.001 0.000 0.000 0.000 0.000
0.000 0.000 0.000 0.000 0.000 0.000 0.000 0.000 0.000 0.000 0.000 0.000 0.000 0.000 0.000 0.000 0.000 0.000 0.000 0.000 0.000 0.000 0.000 0.001 0.003 0.020 0.085 0.260 0.571 0.911 1.111 1.172 1.159 1.101 0.980 0.815 0.654 0.526 0.430 0.361 0.313 0.285 0.271 0.267 0.268 0.274 0.291 0.306 0.309 0.302 0.275 0.223 0.150 0.096 0.062 0.047 0.043 0.051 0.065 0.072 0.074 0.071 0.057 0.035 0.019 0.010 0.006 0.003 0.002 0.001 0.001 0.001 0.000 0.000 0.000 0.000 0.000
0.000 0.000 0.000 0.000 0.000 0.000 0.000 0.000 0.000 0.000 0.000 0.000 0.000 0.000 0.000 0.000 0.000 0.000 0.000 0.000 0.000 0.000 0.000 0.001 0.002 0.007 0.026 0.097 0.321 0.740 1.095 1.228 1.225 1.149 1.006 0.822 0.659 0.533 0.437 0.368 0.320 0.291 0.276 0.271 0.270 0.273 0.277 0.278 0.272 0.257 0.230 0.185 0.129 0.085 0.056 0.039 0.030 0.027 0.027 0.027 0.026 0.024 0.020 0.012 0.007 0.004 0.003 0.002 0.001 0.001 0.001 0.000 0.000 0.000 0.000 0.000 0.000
0.000 0.000 0.000 0.000 0.000 0.000 0.000 0.000 0.000 0.000 0.000 0.000 0.000 0.000 0.000 0.000 0.000 0.000 0.000 0.000 0.000 0.000 0.001 0.001 0.003 0.008 0.020 0.042 0.117 0.396 0.863 1.171 1.225 1.155 1.005 0.817 0.657 0.532 0.437 0.367 0.319 0.289 0.274 0.268 0.266 0.265 0.261 0.253 0.240 0.220 0.191 0.151 0.107 0.074 0.050 0.034 0.025 0.019 0.016 0.014 0.012 0.010 0.008 0.005 0.003 0.002 0.001 0.001 0.001 0.001 0.000 0.000 0.000 0.000 0.000 0.000 0.000
0.000 0.000 0.000 0.000 0.000 0.000 0.000 0.000 0.000 0.000 0.000 0.000 0.000 0.000 0.000 0.000 0.000 0.000 0.000 0.000 0.000 0.000 0.001 0.003 0.007 0.019 0.033 0.045 0.056 0.138 0.460 0.908 1.107 1.091 0.968 0.794 0.641 0.522 0.429 0.359 0.309 0.277 0.259 0.254 0.252 0.248 0.240 0.227 0.209 0.187 0.157 0.121 0.087 0.061 0.042 0.029 0.020 0.014 0.011 0.008 0.006 0.005 0.004 0.003 0.002 0.001 0.001 0.001 0.000 0.000 0.000 0.000 0.000 0.000 0.000 0.000 0.000
0.000 0.000 0.000 0.000 0.000 0.000 0.000 0.000 0.000 0.000 0.000 0.000 0.000 0.000 0.000 0.000 0.000 0.000 0.000 0.000 0.000 0.001 0.003 0.007 0.019 0.038 0.050 0.053 0.052 0.059 0.175 0.521 0.819 0.893 0.843 0.728 0.600 0.494 0.408 0.338 0.285 0.248 0.227 0.221 0.222 0.220 0.212 0.198 0.179 0.156 0.127 0.094 0.068 0.047 0.033 0.022 0.015 0.009 0.006 0.004 0.003 0.003 0.002 0.001 0.001 0.001 0.001 0.000 0.000 0.000 0.000 0.000 0.000 0.000 0.000 0.000 0.000
0.000 0.000 0.000 0.000 0.000 0.000 0.000 0.000 0.000 0.000 0.000 0.000 0.000 0.000 0.000 0.000 0.000 0.000 0.000 0.000 0.001 0.002 0.006 0.017 0.036 0.051 0.055 0.053 0.045 0.041 0.077 0.253 0.500 0.605 0.618 0.588 0.521 0.442 0.368 0.301 0.245 0.201 0.174 0.164 0.165 0.169 0.168 0.161 0.146 0.125 0.098 0.070 0.048 0.032 0.021 0.013 0.008 0.004 0.003 0.002 0.002 0.001 0.001 0.001 0.001 0.000 0.000 0.000 0.000 0.000 0.000 0.000 0.000 0.000 0.000 0.000 0.000
0.000 0.000 0.000 0.000 0.000 0.000 0.000 0.000 0.000 0.000 0.000 0.000 0.000 0.000 0.000 0.000 0.000 0.000 0.000 0.000 0.001 0.004 0.012 0.029 0.048 0.054 0.054 0.046 0.030 0.024 0.043 0.132 0.296 0.387 0.408 0.409 0.394 0.359 0.308 0.251 0.196 0.153 0.121 0.103 0.097 0.097 0.099 0.099 0.094 0.082 0.063 0.043 0.028 0.017 0.010 0.005 0.003 0.001 0.001 0.001 0.001 0.001 0.000 0.000 0.000 0.000 0.000 0.000 0.000 0.000 0.000 0.000 0.000 0.000 0.000 0.000 0.000
0.000 0.000 0.000 0.000 0.000 0.000 0.000 0.000 0.000 0.000 0.000 0.000 0.000 0.000 0.000 0.000 0.000 0.000 0.000 0.001 0.002 0.007 0.020 0.040 0.052 0.053 0.048 0.030 0.014 0.013 0.026 0.077 0.176 0.245 0.268 0.273 0.270 0.258 0.232 0.195 0.154 0.117 0.087 0.066 0.054 0.048 0.044 0.042 0.040 0.035 0.026 0.017 0.011 0.006 0.003 0.002 0.001 0.000 0.000 0.000 0.000 0.000 0.000 0.000 0.000 0.000 0.000 0.000 0.000 0.000 0.000 0.000 0.000 0.000 0.000 0.000 0.000
0.000 0.000 0.000 0.000 0.000 0.000 0.000 0.000 0.000 0.000 0.000 0.000 0.000 0.000 0.000 0.000 0.000 0.000 0.000 0.001 0.004 0.012 0.030 0.046 0.051 0.049 0.034 0.014 0.006 0.007 0.017 0.047 0.105 0.151 0.172 0.179 0.180 0.176 0.164 0.145 0.118 0.089 0.064 0.044 0.031 0.023 0.018 0.015 0.012 0.010 0.007 0.004 0.003 0.001 0.001 0.000 0.000 0.000 0.000 0.000 0.000 0.000 0.000 0.000 0.000 0.000 0.000 0.000 0.000 0.000 0.000 0.000 0.000 0.000 0.000 0.000 0.000
0.000 0.000 0.000 0.000 0.000 0.000 0.000 0.000 0.000 0.000 0.000 0.000 0.000 0.000 0.000 0.000 0.000 0.000 0.001 0.002 0.006 0.019 0.038 0.047 0.047 0.038 0.018 0.005 0.003 0.004 0.011 0.029 0.061 0.088 0.103 0.111 0.114 0.113 0.110 0.100 0.086 0.067 0.047 0.031 0.020 0.012 0.008 0.005 0.003 0.002 0.001 0.001 0.001 0.000 0.000 0.000 0.000 0.000 0.000 0.000 0.000 0.000 0.000 0.000 0.000 0.000 0.000 0.000 0.000 0.000 0.000 0.000 0.000 0.000 0.000 0.000 0.000
0.000 0.000 0.000 0.000 0.000 0.000 0.000 0.000 0.000 0.000 0.000 0.000 0.000 0.000 0.000 0.000 0.000 0.000 0.001 0.003 0.010 0.026 0.042 0.045 0.042 0.026 0.009 0.003 0.002 0.002 0.006 0.017 0.033 0.047 0.055 0.059 0.062 0.064 0.064 0.061 0.055 0.045 0.032 0.021 0.012 0.007 0.004 0.002 0.001 0.001 0.000 0.000 0.000 0.000 0.000 0.000 0.000 0.000 0.000 0.000 0.000 0.000 0.000 0.000 0.000 0.000 0.000 0.000 0.000 0.000 0.000 0.000 0.000 0.000 0.000 0.000 0.000
0.000 0.000 0.000 0.000 0.000 0.000 0.000 0.000 0.000 0.000 0.000 0.000 0.000 0.000 0.000 0.000 0.000 0.001 0.002 0.005 0.016 0.033 0.042 0.042 0.033 0.014 0.004 0.001 0.001 0.001 0.004 0.009 0.017 0.022 0.025 0.026 0.027 0.028 0.029 0.029 0.028 0.025 0.019 0.012 0.007 0.004 0.002 0.001 0.000 0.000 0.000 0.000 0.000 0.000 0.000 0.000 0.000 0.000 0.000 0.000 0.000 0.000 0.000 0.000 0.000 0.000 0.000 0.000 0.000 0.000 0.000 0.000 0.000 0.000 0.000 0.000 0.000
0.000 0.000 0.000 0.000 0.000 0.000 0.000 0.000 0.000 0.000 0.000 0.000 0.000 0.000 0.000 0.000 0.000 0.001 0.003 0.008 0.022 0.037 0.040 0.037 0.022 0.007 0.003 0.001 0.001 0.001 0.002 0.004 0.008 0.009 0.009 0.009 0.009 0.009 0.009 0.010 0.010 0.010 0.008 0.006 0.003 0.002 0.001 0.000 0.000 0.000 0.000 0.000 0.000 0.000 0.000 0.000 0.000 0.000 0.000 0.000 0.000 0.000 0.000 0.000 0.000 0.000 0.000 0.000 0.000 0.000 0.000 0.000 0.000 0.000 0.000 0.000 0.000
0.000 0.000 0.000 0.000 0.000 0.000 0.000 0.000 0.000 0.000 0.000 0.000 0.000 0.000 0.000 0.000 0.001 0.001 0.004 0.013 0.029 0.038 0.038 0.030 0.013 0.004 0.001 0.001 0.001 0.001 0.001 0.002 0.003 0.003 0.003 0.003 0.002 0.002 0.002 0.002 0.003 0.003 0.003 0.002 0.001 0.001 0.000 0.000 0.000 0.000 0.000 0.000 0.000 0.000 0.000 0.000 0.000 0.000 0.000 0.000 0.000 0.000 0.000 0.000 0.000 0.000 0.000 0.000 0.000 0.000 0.000 0.000 0.000 0.000 0.000 0.000 0.000
