RESULTS/r.avaflow_results/31_results/31_ascii/31_hflow10011.asc
ncols 506
nrows 317
xllcenter 498237.50
yllcenter 5580050.00
cellsize 12.50
NODATA_value -9999.000
[rows 170 to 203 of 317, columns 77 to 153 of 506]
0.000 0.000 0.000 0.000 0.000 0.000 0.000 0.000 0.000 0.000 0.000 0.000 0.000 0.000 0.000 0.000 0.000 0.000 0.000 0.000 0.000 0.000 0.000 0.000 0.000 0.000 0.000 0.000 0.000 0.000 0.000 0.000 0.000 0.000 0.000 0.000 0.000 0.000 0.000 0.000 0.000 0.000 0.000 0.000 0.000 0.000 0.001 0.001 0.003 0.005 0.009 0.017 0.034 0.064 0.097 0.118 0.134 0.150 0.154 0.139 0.104 0.067 0.041 0.025 0.014 0.008 0.005 0.003 0.002 0.001 0.001 0.000 0.000 0.000 0.000 0.000 0.000
0.000 0.000 0.000 0.000 0.000 0.000 0.000 0.000 0.000 0.000 0.000 0.000 0.000 0.000 0.000 0.000 0.000 0.000 0.000 0.000 0.000 0.000 0.000 0.000 0.000 0.000 0.000 0.000 0.000 0.000 0.000 0.000 0.000 0.000 0.000 0.000 0.000 0.000 0.000 0.000 0.000 0.000 0.000 0.000 0.001 0.001 0.003 0.005 0.008 0.015 0.031 0.062 0.111 0.169 0.220 0.252 0.271 0.277 0.262 0.216 0.147 0.093 0.057 0.035 0.020 0.012 0.007 0.004 0.002 0.001 0.001 0.000 0.000 0.000 0.000 0.000 0.000
0.000 0.000 0.000 0.000 0.000 0.000 0.000 0.000 0.000 0.000 0.000 0.000 0.000 0.000 0.000 0.000 0.000 0.000 0.000 0.000 0.000 0.000 0.000 0.000 0.000 0.000 0.000 0.000 0.000 0.000 0.000 0.000 0.000 0.000 0.000 0.000 0.000 0.000 0.000 0.000 0.000 0.000 0.000 0.001 0.002 0.005 0.008 0.014 0.027 0.056 0.113 0.195 0.274 0.333 0.379 0.421 0.444 0.439 0.394 0.304 0.200 0.126 0.078 0.048 0.028 0.017 0.010 0.005 0.003 0.002 0.001 0.001 0.000 0.000 0.000 0.000 0.000
0.000 0.000 0.000 0.000 0.000 0.000 0.000 0.000 0.000 0.000 0.000 0.000 0.000 0.000 0.000 0.000 0.000 0.000 0.000 0.000 0.000 0.000 0.000 0.000 0.000 0.000 0.000 0.000 0.000 0.000 0.000 0.000 0.000 0.000 0.000 0.000 0.000 0.000 0.000 0.000 0.000 0.000 0.002 0.004 0.007 0.013 0.024 0.046 0.091 0.178 0.317 0.446 0.517 0.542 0.552 0.572 0.585 0.568 0.501 0.383 0.255 0.164 0.103 0.063 0.038 0.022 0.013 0.007 0.004 0.002 0.001 0.001 0.000 0.000 0.000 0.000 0.000
0.000 0.000 0.000 0.000 0.000 0.000 0.000 0.000 0.000 0.000 0.000 0.000 0.000 0.000 0.000 0.000 0.000 0.000 0.000 0.000 0.000 0.000 0.000 0.000 0.000 0.000 0.000 0.000 0.000 0.000 0.000 0.000 0.000 0.000 0.000 0.000 0.000 0.000 0.000 0.000 0.001 0.002 0.005 0.010 0.019 0.037 0.071 0.132 0.240 0.422 0.626 0.744 0.773 0.769 0.743 0.705 0.683 0.649 0.573 0.444 0.299 0.193 0.122 0.075 0.045 0.027 0.015 0.009 0.005 0.003 0.002 0.001 0.000 0.000 0.000 0.000 0.000
0.000 0.000 0.000 0.000 0.000 0.000 0.000 0.000 0.000 0.000 0.000 0.000 0.000 0.000 0.000 0.000 0.000 0.000 0.000 0.000 0.000 0.000 0.000 0.000 0.000 0.000 0.000 0.000 0.001 0.001 0.002 0.002 0.002 0.002 0.002 0.001 0.001 0.001 0.001 0.001 0.002 0.005 0.012 0.024 0.048 0.092 0.168 0.289 0.483 0.722 0.893 0.968 0.982 0.973 0.927 0.830 0.749 0.693 0.615 0.488 0.331 0.214 0.134 0.082 0.050 0.029 0.017 0.010 0.005 0.003 0.002 0.001 0.001 0.000 0.000 0.000 0.000
0.000 0.000 0.000 0.000 0.000 0.000 0.000 0.000 0.000 0.000 0.000 0.000 0.000 0.000 0.000 0.000 0.000 0.000 0.000 0.000 0.000 0.000 0.000 0.000 0.000 0.000 0.001 0.002 0.003 0.005 0.006 0.006 0.006 0.006 0.005 0.004 0.003 0.003 0.003 0.003 0.005 0.011 0.025 0.053 0.105 0.192 0.321 0.503 0.747 0.964 1.090 1.142 1.152 1.139 1.079 0.947 0.802 0.719 0.638 0.514 0.349 0.224 0.141 0.086 0.052 0.031 0.018 0.010 0.006 0.003 0.002 0.001 0.001 0.000 0.000 0.000 0.000
0.000 0.000 0.000 0.000 0.000 0.000 0.000 0.000 0.000 0.000 0.000 0.000 0.000 0.000 0.000 0.000 0.000 0.000 0.000 0.000 0.000 0.000 0.000 0.000 0.000 0.001 0.002 0.005 0.008 0.011 0.012 0.013 0.013 0.013 0.012 0.010 0.007 0.006 0.006 0.007 0.010 0.020 0.048 0.105 0.199 0.334 0.510 0.731 0.971 1.145 1.242 1.278 1.281 1.260 1.190 1.043 0.854 0.741 0.648 0.521 0.354 0.227 0.143 0.088 0.053 0.031 0.018 0.010 0.006 0.003 0.002 0.001 0.001 0.000 0.000 0.000 0.000
0.000 0.000 0.000 0.000 0.000 0.000 0.000 0.000 0.000 0.000 0.000 0.000 0.000 0.000 0.000 0.000 0.000 0.000 0.000 0.000 0.000 0.000 0.000 0.000 0.001 0.003 0.005 0.009 0.015 0.020 0.023 0.025 0.025 0.025 0.023 0.018 0.014 0.012 0.011 0.012 0.016 0.033 0.085 0.184 0.331 0.511 0.715 0.946 1.146 1.281 1.351 1.371 1.367 1.336 1.258 1.105 0.897 0.759 0.650 0.516 0.352 0.226 0.142 0.088 0.053 0.031 0.018 0.010 0.006 0.003 0.002 0.001 0.000 0.000 0.000 0.000 0.000
0.000 0.000 0.000 0.000 0.000 0.000 0.000 0.000 0.000 0.000 0.000 0.000 0.000 0.000 0.000 0.000 0.000 0.000 0.000 0.000 0.000 0.000 0.000 0.001 0.003 0.006 0.010 0.017 0.027 0.035 0.041 0.043 0.044 0.043 0.040 0.033 0.024 0.020 0.019 0.019 0.025 0.052 0.139 0.300 0.505 0.707 0.913 1.116 1.273 1.369 1.413 1.422 1.413 1.374 1.288 1.134 0.922 0.766 0.639 0.494 0.337 0.220 0.139 0.086 0.052 0.031 0.018 0.010 0.006 0.003 0.002 0.001 0.000 0.000 0.000 0.000 0.000
0.000 0.000 0.000 0.000 0.000 0.000 0.000 0.000 0.000 0.000 0.000 0.000 0.000 0.000 0.000 0.000 0.000 0.000 0.000 0.000 0.000 0.000 0.001 0.002 0.006 0.011 0.018 0.029 0.044 0.059 0.067 0.072 0.073 0.072 0.067 0.056 0.041 0.031 0.028 0.028 0.036 0.078 0.214 0.461 0.707 0.890 1.067 1.228 1.346 1.413 1.438 1.441 1.427 1.385 1.294 1.139 0.929 0.755 0.610 0.456 0.312 0.206 0.131 0.082 0.050 0.029 0.017 0.010 0.005 0.003 0.002 0.001 0.000 0.000 0.000 0.000 0.000
0.000 0.000 0.000 0.000 0.000 0.000 0.000 0.000 0.000 0.000 0.000 0.000 0.000 0.000 0.000 0.000 0.000 0.000 0.000 0.000 0.000 0.000 0.002 0.005 0.010 0.018 0.030 0.047 0.070 0.093 0.107 0.114 0.116 0.115 0.108 0.093 0.067 0.048 0.040 0.039 0.048 0.101 0.287 0.612 0.866 1.024 1.165 1.286 1.374 1.423 1.440 1.441 1.428 1.381 1.287 1.131 0.919 0.722 0.559 0.407 0.279 0.185 0.119 0.075 0.046 0.027 0.016 0.009 0.005 0.003 0.001 0.001 0.000 0.000 0.000 0.000 0.000
0.000 0.000 0.000 0.000 0.000 0.000 0.000 0.000 0.000 0.000 0.000 0.000 0.000 0.000 0.000 0.000 0.000 0.000 0.000 0.000 0.000 0.001 0.003 0.008 0.016 0.028 0.046 0.072 0.107 0.142 0.164 0.175 0.178 0.177 0.169 0.149 0.112 0.074 0.057 0.054 0.062 0.122 0.343 0.716 0.960 1.100 1.214 1.307 1.375 1.414 1.426 1.425 1.406 1.352 1.251 1.093 0.876 0.659 0.489 0.351 0.240 0.159 0.103 0.064 0.039 0.023 0.013 0.008 0.004 0.002 0.001 0.001 0.000 0.000 0.000 0.000 0.000
0.000 0.000 0.000 0.000 0.000 0.000 0.000 0.000 0.000 0.000 0.000 0.000 0.000 0.000 0.000 0.000 0.000 0.000 0.000 0.000 0.000 0.001 0.004 0.012 0.024 0.043 0.069 0.105 0.157 0.208 0.242 0.260 0.265 0.264 0.257 0.232 0.182 0.119 0.084 0.074 0.080 0.146 0.386 0.774 1.001 1.125 1.228 1.307 1.357 1.378 1.381 1.369 1.338 1.276 1.170 1.008 0.790 0.571 0.404 0.283 0.193 0.128 0.082 0.051 0.031 0.019 0.011 0.006 0.003 0.002 0.001 0.000 0.000 0.000 0.000 0.000 0.000
0.000 0.000 0.000 0.000 0.000 0.000 0.000 0.000 0.000 0.000 0.000 0.000 0.000 0.000 0.000 0.000 0.000 0.000 0.000 0.000 0.000 0.001 0.004 0.014 0.031 0.057 0.096 0.148 0.221 0.295 0.345 0.373 0.383 0.384 0.376 0.349 0.287 0.194 0.130 0.108 0.112 0.178 0.416 0.793 1.008 1.125 1.220 1.281 1.304 1.303 1.280 1.230 1.180 1.119 1.022 0.871 0.668 0.465 0.316 0.213 0.143 0.094 0.060 0.037 0.022 0.013 0.007 0.004 0.002 0.001 0.001 0.000 0.000 0.000 0.000 0.000 0.000
0.000 0.000 0.000 0.000 0.000 0.000 0.000 0.000 0.000 0.000 0.000 0.000 0.000 0.000 0.000 0.000 0.000 0.000 0.000 0.000 0.000 0.001 0.004 0.013 0.033 0.066 0.117 0.194 0.300 0.405 0.477 0.518 0.538 0.543 0.536 0.509 0.436 0.310 0.210 0.170 0.168 0.226 0.438 0.787 0.996 1.103 1.175 1.208 1.209 1.180 1.100 0.964 0.863 0.802 0.744 0.657 0.520 0.362 0.240 0.157 0.102 0.065 0.041 0.025 0.015 0.008 0.005 0.003 0.001 0.001 0.000 0.000 0.000 0.000 0.000 0.000 0.000
0.000 0.000 0.000 0.000 0.000 0.000 0.000 0.000 0.000 0.000 0.000 0.000 0.000 0.000 0.000 0.000 0.000 0.000 0.000 0.000 0.000 0.001 0.003 0.011 0.031 0.067 0.128 0.226 0.377 0.536 0.638 0.697 0.728 0.738 0.734 0.700 0.613 0.465 0.334 0.271 0.259 0.299 0.461 0.751 0.943 1.031 1.073 1.080 1.062 0.995 0.845 0.632 0.490 0.423 0.393 0.371 0.330 0.255 0.172 0.110 0.069 0.042 0.026 0.015 0.009 0.005 0.003 0.002 0.001 0.000 0.000 0.000 0.000 0.000 0.000 0.000 0.000
0.000 0.000 0.000 0.000 0.000 0.000 0.000 0.000 0.000 0.000 0.000 0.000 0.000 0.000 0.000 0.000 0.000 0.000 0.000 0.000 0.000 0.000 0.001 0.006 0.023 0.060 0.126 0.239 0.428 0.664 0.813 0.883 0.910 0.915 0.897 0.841 0.735 0.583 0.459 0.390 0.371 0.388 0.480 0.677 0.833 0.899 0.917 0.909 0.867 0.773 0.614 0.414 0.274 0.203 0.178 0.171 0.166 0.146 0.107 0.068 0.041 0.024 0.014 0.008 0.005 0.003 0.001 0.001 0.001 0.000 0.000 0.000 0.000 0.000 0.000 0.000 0.000
0.000 0.000 0.000 0.000 0.000 0.000 0.000 0.000 0.000 0.000 0.000 0.000 0.000 0.000 0.000 0.000 0.000 0.000 0.000 0.000 0.000 0.000 0.000 0.002 0.010 0.039 0.104 0.226 0.440 0.750 0.965 1.046 1.063 1.052 1.006 0.919 0.791 0.648 0.539 0.472 0.445 0.447 0.485 0.589 0.684 0.721 0.725 0.709 0.662 0.574 0.439 0.285 0.174 0.110 0.082 0.073 0.070 0.067 0.055 0.035 0.021 0.012 0.007 0.004 0.002 0.001 0.001 0.001 0.000 0.000 0.000 0.000 0.000 0.000 0.000 0.000 0.000
0.000 0.000 0.000 0.000 0.000 0.000 0.000 0.000 0.000 0.000 0.000 0.000 0.000 0.000 0.000 0.000 0.000 0.000 0.000 0.000 0.000 0.000 0.000 0.001 0.003 0.014 0.054 0.162 0.389 0.755 1.058 1.175 1.182 1.144 1.063 0.943 0.801 0.672 0.575 0.511 0.477 0.467 0.478 0.521 0.560 0.571 0.562 0.536 0.487 0.411 0.304 0.197 0.119 0.071 0.046 0.035 0.030 0.027 0.023 0.016 0.009 0.006 0.003 0.002 0.001 0.001 0.000 0.000 0.000 0.000 0.000 0.000 0.000 0.000 0.000 0.000 0.000
0.000 0.000 0.000 0.000 0.000 0.000 0.000 0.000 0.000 0.000 0.000 0.000 0.000 0.000 0.000 0.000 0.000 0.000 0.000 0.000 0.000 0.000 0.000 0.001 0.002 0.007 0.023 0.070 0.227 0.596 1.035 1.230 1.247 1.188 1.076 0.937 0.794 0.673 0.582 0.519 0.483 0.466 0.460 0.461 0.462 0.451 0.429 0.395 0.347 0.283 0.203 0.133 0.082 0.049 0.030 0.021 0.016 0.013 0.010 0.007 0.004 0.003 0.002 0.001 0.001 0.000 0.000 0.000 0.000 0.000 0.000 0.000 0.000 0.000 0.000 0.000 0.000
0.000 0.000 0.000 0.000 0.000 0.000 0.000 0.000 0.000 0.000 0.000 0.000 0.000 0.000 0.000 0.000 0.000 0.000 0.000 0.000 0.000 0.000 0.001 0.001 0.004 0.010 0.024 0.053 0.105 0.295 0.749 1.150 1.242 1.185 1.053 0.896 0.761 0.653 0.571 0.513 0.474 0.446 0.421 0.397 0.375 0.349 0.319 0.282 0.240 0.188 0.133 0.088 0.055 0.034 0.021 0.013 0.009 0.007 0.005 0.003 0.002 0.001 0.001 0.001 0.000 0.000 0.000 0.000 0.000 0.000 0.000 0.000 0.000 0.000 0.000 0.000 0.000
0.000 0.000 0.000 0.000 0.000 0.000 0.000 0.000 0.000 0.000 0.000 0.000 0.000 0.000 0.000 0.000 0.000 0.000 0.000 0.000 0.000 0.001 0.001 0.004 0.010 0.023 0.051 0.079 0.094 0.125 0.332 0.782 1.068 1.071 0.956 0.799 0.681 0.594 0.527 0.477 0.436 0.398 0.360 0.324 0.292 0.261 0.230 0.197 0.162 0.122 0.085 0.057 0.036 0.022 0.014 0.009 0.006 0.004 0.003 0.002 0.001 0.001 0.001 0.000 0.000 0.000 0.000 0.000 0.000 0.000 0.000 0.000 0.000 0.000 0.000 0.000 0.000
0.000 0.000 0.000 0.000 0.000 0.000 0.000 0.000 0.000 0.000 0.000 0.000 0.000 0.000 0.000 0.000 0.000 0.000 0.000 0.000 0.000 0.001 0.003 0.010 0.024 0.055 0.090 0.108 0.110 0.095 0.111 0.308 0.629 0.754 0.720 0.622 0.537 0.478 0.433 0.395 0.358 0.317 0.274 0.239 0.212 0.187 0.161 0.135 0.107 0.078 0.054 0.036 0.023 0.014 0.009 0.005 0.003 0.002 0.001 0.001 0.001 0.000 0.000 0.000 0.000 0.000 0.000 0.000 0.000 0.000 0.000 0.000 0.000 0.000 0.000 0.000 0.000
0.000 0.000 0.000 0.000 0.000 0.000 0.000 0.000 0.000 0.000 0.000 0.000 0.000 0.000 0.000 0.000 0.000 0.000 0.000 0.000 0.001 0.003 0.008 0.023 0.055 0.093 0.113 0.115 0.109 0.084 0.053 0.082 0.250 0.386 0.409 0.383 0.344 0.316 0.293 0.271 0.245 0.214 0.180 0.157 0.141 0.125 0.109 0.090 0.070 0.050 0.034 0.022 0.014 0.009 0.005 0.003 0.002 0.001 0.001 0.001 0.000 0.000 0.000 0.000 0.000 0.000 0.000 0.000 0.000 0.000 0.000 0.000 0.000 0.000 0.000 0.000 0.000
0.000 0.000 0.000 0.000 0.000 0.000 0.000 0.000 0.000 0.000 0.000 0.000 0.000 0.000 0.000 0.000 0.000 0.000 0.000 0.001 0.002 0.006 0.018 0.048 0.089 0.112 0.117 0.113 0.090 0.050 0.024 0.025 0.081 0.173 0.208 0.211 0.201 0.189 0.178 0.167 0.153 0.134 0.111 0.095 0.084 0.076 0.067 0.056 0.044 0.031 0.021 0.013 0.008 0.005 0.003 0.002 0.001 0.001 0.000 0.000 0.000 0.000 0.000 0.000 0.000 0.000 0.000 0.000 0.000 0.000 0.000 0.000 0.000 0.000 0.000 0.000 0.000
0.000 0.000 0.000 0.000 0.000 0.000 0.000 0.000 0.000 0.000 0.000 0.000 0.000 0.000 0.000 0.000 0.000 0.000 0.000 0.001 0.003 0.011 0.034 0.075 0.106 0.115 0.113 0.092 0.052 0.020 0.008 0.008 0.025 0.072 0.102 0.110 0.111 0.108 0.104 0.098 0.091 0.080 0.065 0.053 0.045 0.040 0.035 0.030 0.024 0.017 0.011 0.007 0.004 0.002 0.001 0.001 0.000 0.000 0.000 0.000 0.000 0.000 0.000 0.000 0.000 0.000 0.000 0.000 0.000 0.000 0.000 0.000 0.000 0.000 0.000 0.000 0.000
0.000 0.000 0.000 0.000 0.000 0.000 0.000 0.000 0.000 0.000 0.000 0.000 0.000 0.000 0.000 0.000 0.000 0.000 0.001 0.002 0.006 0.020 0.052 0.092 0.109 0.110 0.094 0.054 0.021 0.008 0.003 0.003 0.009 0.028 0.048 0.056 0.058 0.059 0.058 0.056 0.052 0.046 0.037 0.028 0.022 0.018 0.015 0.013 0.010 0.007 0.005 0.003 0.002 0.001 0.000 0.000 0.000 0.000 0.000 0.000 0.000 0.000 0.000 0.000 0.000 0.000 0.000 0.000 0.000 0.000 0.000 0.000 0.000 0.000 0.000 0.000 0.000
0.000 0.000 0.000 0.000 0.000 0.000 0.000 0.000 0.000 0.000 0.000 0.000 0.000 0.000 0.000 0.000 0.000 0.000 0.001 0.003 0.010 0.031 0.070 0.097 0.103 0.095 0.061 0.024 0.008 0.003 0.001 0.001 0.002 0.010 0.021 0.027 0.030 0.031 0.031 0.030 0.028 0.025 0.020 0.014 0.010 0.007 0.006 0.004 0.003 0.002 0.001 0.001 0.001 0.000 0.000 0.000 0.000 0.000 0.000 0.000 0.000 0.000 0.000 0.000 0.000 0.000 0.000 0.000 0.000 0.000 0.000 0.000 0.000 0.000 0.000 0.000 0.000
0.000 0.000 0.000 0.000 0.000 0.000 0.000 0.000 0.000 0.000 0.000 0.000 0.000 0.000 0.000 0.000 0.000 0.001 0.001 0.005 0.016 0.046 0.082 0.094 0.093 0.070 0.032 0.011 0.004 0.002 0.002 0.002 0.001 0.003 0.008 0.012 0.015 0.016 0.016 0.016 0.015 0.013 0.011 0.007 0.005 0.003 0.002 0.001 0.001 0.001 0.001 0.000 0.000 0.000 0.000 0.000 0.000 0.000 0.000 0.000 0.000 0.000 0.000 0.000 0.000 0.000 0.000 0.000 0.000 0.000 0.000 0.000 0.000 0.000 0.000 0.000 0.000
0.000 0.000 0.000 0.000 0.000 0.000 0.000 0.000 0.000 0.000 0.000 0.000 0.000 0.000 0.000 0.000 0.000 0.001 0.002 0.008 0.025 0.061 0.086 0.089 0.079 0.045 0.016 0.006 0.002 0.001 0.001 0.001 0.001 0.001 0.002 0.005 0.006 0.007 0.008 0.008 0.007 0.007 0.005 0.004 0.002 0.001 0.001 0.001 0.000 0.000 0.000 0.000 0.000 0.000 0.000 0.000 0.000 0.000 0.000 0.000 0.000 0.000 0.000 0.000 0.000 0.000 0.000 0.000 0.000 0.000 0.000 0.000 0.000 0.000 0.000 0.000 0.000
0.000 0.000 0.000 0.000 0.000 0.000 0.000 0.000 0.000 0.000 0.000 0.000 0.000 0.000 0.000 0.000 0.000 0.001 0.004 0.013 0.036 0.071 0.084 0.082 0.061 0.025 0.008 0.004 0.002 0.002 0.002 0.001 0.001 0.001 0.001 0.001 0.002 0.003 0.003 0.003 0.003 0.003 0.003 0.002 0.001 0.001 0.000 0.000 0.000 0.000 0.000 0.000 0.000 0.000 0.000 0.000 0.000 0.000 0.000 0.000 0.000 0.000 0.000 0.000 0.000 0.000 0.000 0.000 0.000 0.000 0.000 0.000 0.000 0.000 0.000 0.000 0.000
0.000 0.000 0.000 0.000 0.000 0.000 0.000 0.000 0.000 0.000 0.000 0.000 0.000 0.000 0.000 0.000 0.001 0.002 0.006 0.019 0.049 0.075 0.079 0.070 0.039 0.013 0.005 0.003 0.002 0.002 0.001 0.001 0.001 0.000 0.000 0.001 0.001 0.001 0.001 0.001 0.001 0.001 0.001 0.001 0.000 0.000 0.000 0.000 0.000 0.000 0.000 0.000 0.000 0.000 0.000 0.000 0.000 0.000 0.000 0.000 0.000 0.000 0.000 0.000 0.000 0.000 0.000 0.000 0.000 0.000 0.000 0.000 0.000 0.000 0.000 0.000 0.000
0.000 0.000 0.000 0.000 0.000 0.000 0.000 0.000 0.000 0.000 0.000 0.000 0.000 0.000 0.000 0.000 0.001 0.003 0.009 0.029 0.060 0.074 0.074 0.056 0.023 0.008 0.004 0.002 0.001 0.001 0.001 0.001 0.000 0.000 0.000 0.000 0.000 0.000 0.000 0.000 0.000 0.000 0.000 0.000 0.000 0.000 0.000 0.000 0.000 0.000 0.000 0.000 0.000 0.000 0.000 0.000 0.000 0.000 0.000 0.000 0.000 0.000 0.000 0.000 0.000 0.000 0.000 0.000 0.000 0.000 0.000 0.000 0.000 0.000 0.000 0.000 0.000
