RESULTS/r.avaflow_results/31_results/31_ascii/31_hflow0022.asc
ncols 506
nrows 317
xllcenter 498237.50
yllcenter 5580050.00
cellsize 12.50
NODATA_value -9999.000
[rows 170 to 203 of 317, columns 77 to 153 of 506]
0.000 0.000 0.000 0.000 0.000 0.000 0.000 0.000 0.000 0.000 0.000 0.000 0.000 0.000 0.000 0.000 0.000 0.000 0.000 0.000 0.000 0.000 0.000 0.000 0.000 0.000 0.000 0.000 0.000 0.000 0.000 0.000 0.000 0.000 0.000 0.000 0.000 0.000 0.000 0.000 0.000 0.000 0.000 0.000 0.000 0.000 0.001 0.002 0.004 0.008 0.016 0.035 0.095 0.269 0.639 1.200 2.016 3.386 5.539 8.249 10.830 12.934 14.521 15.485 15.800 15.710 15.375 14.926 14.450 13.746 12.693 11.473 10.429 9.700 9.200 8.820 8.528
0.000 0.000 0.000 0.000 0.000 0.000 0.000 0.000 0.000 0.000 0.000 0.000 0.000 0.000 0.000 0.000 0.000 0.000 0.000 0.000 0.000 0.000 0.000 0.000 0.000 0.000 0.000 0.000 0.000 0.000 0.000 0.000 0.000 0.000 0.000 0.000 0.000 0.000 0.000 0.000 0.000 0.000 0.000 0.000 0.000 0.001 0.003 0.005 0.011 0.021 0.046 0.117 0.298 0.696 1.345 2.211 3.397 5.140 7.554 10.333 12.700 14.495 15.689 16.265 16.317 16.073 15.561 14.940 14.305 13.575 12.736 12.035 11.649 11.486 11.441 11.450 11.557
0.000 0.000 0.000 0.000 0.000 0.000 0.000 0.000 0.000 0.000 0.000 0.000 0.000 0.000 0.000 0.000 0.000 0.000 0.000 0.000 0.000 0.000 0.000 0.000 0.000 0.000 0.000 0.000 0.000 0.000 0.000 0.000 0.000 0.000 0.000 0.000 0.000 0.000 0.000 0.000 0.000 0.000 0.000 0.001 0.001 0.004 0.008 0.016 0.033 0.071 0.167 0.369 0.714 1.204 1.833 2.735 4.110 6.074 8.637 11.384 13.600 15.156 16.043 16.375 16.347 16.046 15.505 14.925 14.398 13.919 13.570 13.454 13.475 13.492 13.560 13.871 14.532
0.000 0.000 0.000 0.000 0.000 0.000 0.000 0.000 0.000 0.000 0.000 0.000 0.000 0.000 0.000 0.000 0.000 0.000 0.000 0.000 0.000 0.000 0.000 0.000 0.000 0.000 0.000 0.000 0.000 0.000 0.000 0.000 0.000 0.000 0.000 0.000 0.000 0.000 0.000 0.000 0.000 0.000 0.001 0.002 0.005 0.012 0.027 0.057 0.118 0.246 0.495 0.832 1.191 1.571 2.054 2.870 4.263 6.294 8.923 11.620 13.741 15.182 15.943 16.190 16.133 15.899 15.500 15.198 15.060 15.033 15.013 14.922 14.853 14.842 15.022 15.669 16.862
0.000 0.000 0.000 0.000 0.000 0.000 0.000 0.000 0.000 0.000 0.000 0.000 0.000 0.000 0.000 0.000 0.000 0.000 0.000 0.000 0.000 0.000 0.000 0.000 0.001 0.001 0.002 0.002 0.002 0.002 0.002 0.002 0.002 0.002 0.002 0.001 0.001 0.001 0.001 0.001 0.001 0.001 0.002 0.005 0.015 0.040 0.095 0.191 0.352 0.612 0.930 1.219 1.484 1.757 2.132 2.838 4.135 6.129 8.786 11.417 13.394 14.701 15.399 15.706 15.834 15.887 15.871 15.907 15.941 15.945 15.848 15.642 15.553 15.642 16.066 16.968 18.337
0.000 0.000 0.000 0.000 0.000 0.000 0.000 0.000 0.000 0.000 0.000 0.000 0.000 0.000 0.000 0.000 0.000 0.000 0.000 0.000 0.000 0.000 0.000 0.001 0.002 0.004 0.006 0.007 0.007 0.007 0.007 0.007 0.007 0.007 0.006 0.004 0.003 0.002 0.002 0.002 0.002 0.003 0.006 0.016 0.050 0.133 0.278 0.479 0.729 0.988 1.207 1.406 1.616 1.838 2.141 2.671 3.694 5.509 8.156 10.771 12.607 13.783 14.506 15.044 15.536 15.934 16.141 16.193 16.189 16.132 15.964 15.744 15.685 15.881 16.506 17.518 18.794
0.000 0.000 0.000 0.000 0.000 0.000 0.000 0.000 0.000 0.000 0.000 0.000 0.000 0.000 0.000 0.000 0.000 0.000 0.000 0.000 0.000 0.000 0.001 0.003 0.006 0.009 0.012 0.014 0.015 0.015 0.016 0.015 0.015 0.014 0.012 0.008 0.006 0.005 0.004 0.004 0.005 0.007 0.015 0.049 0.152 0.355 0.606 0.840 1.039 1.202 1.344 1.501 1.682 1.875 2.110 2.480 3.184 4.668 7.199 9.915 11.764 12.902 13.674 14.406 15.145 15.693 15.895 15.879 15.793 15.642 15.374 15.151 15.125 15.426 16.183 17.259 18.493
0.000 0.000 0.000 0.000 0.000 0.000 0.000 0.000 0.000 0.000 0.000 0.000 0.000 0.000 0.000 0.000 0.000 0.000 0.000 0.000 0.000 0.001 0.003 0.006 0.011 0.016 0.021 0.024 0.026 0.027 0.027 0.027 0.026 0.024 0.020 0.015 0.011 0.009 0.008 0.008 0.009 0.014 0.038 0.132 0.377 0.715 0.966 1.112 1.221 1.323 1.434 1.564 1.711 1.875 2.072 2.376 2.925 4.149 6.447 9.128 10.950 12.061 12.863 13.644 14.343 14.748 14.815 14.709 14.503 14.201 13.804 13.549 13.524 13.867 14.759 16.030 17.418
0.000 0.000 0.000 0.000 0.000 0.000 0.000 0.000 0.000 0.000 0.000 0.000 0.000 0.000 0.000 0.000 0.000 0.000 0.000 0.000 0.001 0.003 0.006 0.011 0.018 0.027 0.033 0.038 0.041 0.043 0.043 0.043 0.042 0.038 0.033 0.023 0.017 0.013 0.012 0.012 0.014 0.026 0.082 0.284 0.702 1.057 1.215 1.284 1.345 1.414 1.498 1.598 1.713 1.854 2.031 2.301 2.779 3.827 5.840 8.293 9.953 10.978 11.745 12.421 12.900 13.071 13.017 12.816 12.459 11.917 11.407 11.172 11.210 11.728 12.823 14.297 15.928
0.000 0.000 0.000 0.000 0.000 0.000 0.000 0.000 0.000 0.000 0.000 0.000 0.000 0.000 0.000 0.000 0.000 0.000 0.000 0.000 0.002 0.005 0.011 0.019 0.029 0.041 0.051 0.057 0.061 0.063 0.064 0.064 0.062 0.058 0.049 0.036 0.025 0.019 0.017 0.017 0.019 0.036 0.120 0.423 0.961 1.280 1.372 1.404 1.437 1.473 1.524 1.596 1.694 1.824 1.992 2.236 2.660 3.555 5.269 7.298 8.604 9.422 10.068 10.603 10.912 10.961 10.855 10.558 10.051 9.434 9.052 8.997 9.300 10.118 11.363 12.854 14.494
0.000 0.000 0.000 0.000 0.000 0.000 0.000 0.000 0.000 0.000 0.000 0.000 0.000 0.000 0.000 0.000 0.000 0.000 0.000 0.000 0.002 0.008 0.017 0.029 0.044 0.060 0.073 0.083 0.088 0.091 0.092 0.091 0.089 0.084 0.072 0.054 0.036 0.027 0.022 0.021 0.023 0.040 0.130 0.481 1.105 1.417 1.474 1.485 1.488 1.490 1.510 1.564 1.654 1.784 1.952 2.177 2.545 3.276 4.645 6.153 7.025 7.533 7.959 8.339 8.575 8.618 8.517 8.245 7.811 7.395 7.212 7.294 7.807 8.777 10.047 11.467 13.012
0.000 0.000 0.000 0.000 0.000 0.000 0.000 0.000 0.000 0.000 0.000 0.000 0.000 0.000 0.000 0.000 0.000 0.000 0.000 0.000 0.002 0.009 0.023 0.042 0.065 0.086 0.103 0.116 0.123 0.127 0.128 0.128 0.125 0.118 0.103 0.079 0.053 0.036 0.028 0.026 0.027 0.042 0.127 0.477 1.147 1.488 1.537 1.527 1.498 1.469 1.468 1.509 1.592 1.718 1.885 2.093 2.391 2.921 3.893 4.980 5.575 5.835 5.995 6.144 6.260 6.295 6.253 6.099 5.835 5.664 5.654 5.891 6.514 7.490 8.682 9.963 11.309
0.000 0.000 0.000 0.000 0.000 0.000 0.000 0.000 0.000 0.000 0.000 0.000 0.000 0.000 0.000 0.000 0.000 0.000 0.000 0.000 0.002 0.009 0.026 0.055 0.090 0.119 0.142 0.159 0.169 0.174 0.176 0.175 0.171 0.162 0.145 0.116 0.078 0.050 0.036 0.031 0.032 0.043 0.115 0.428 1.097 1.497 1.559 1.534 1.477 1.419 1.402 1.432 1.503 1.617 1.770 1.952 2.167 2.484 3.081 3.846 4.268 4.392 4.398 4.386 4.384 4.376 4.341 4.246 4.126 4.098 4.208 4.585 5.257 6.156 7.173 8.249 9.361
0.000 0.000 0.000 0.000 0.000 0.000 0.000 0.000 0.000 0.000 0.000 0.000 0.000 0.000 0.000 0.000 0.000 0.000 0.000 0.000 0.001 0.007 0.024 0.060 0.111 0.158 0.190 0.213 0.228 0.234 0.236 0.235 0.231 0.220 0.200 0.167 0.118 0.074 0.049 0.039 0.038 0.046 0.095 0.329 0.923 1.413 1.540 1.518 1.439 1.344 1.300 1.315 1.376 1.473 1.601 1.741 1.893 2.088 2.423 2.883 3.149 3.217 3.182 3.120 3.060 3.000 2.915 2.788 2.713 2.710 2.833 3.223 3.883 4.678 5.527 6.463 7.507
0.000 0.000 0.000 0.000 0.000 0.000 0.000 0.000 0.000 0.000 0.000 0.000 0.000 0.000 0.000 0.000 0.000 0.000 0.000 0.000 0.001 0.004 0.020 0.059 0.121 0.191 0.246 0.279 0.300 0.310 0.313 0.312 0.308 0.295 0.273 0.236 0.177 0.114 0.073 0.055 0.050 0.055 0.084 0.216 0.640 1.189 1.432 1.453 1.377 1.247 1.155 1.138 1.182 1.268 1.375 1.491 1.613 1.757 1.947 2.163 2.291 2.328 2.300 2.246 2.180 2.085 1.928 1.728 1.619 1.591 1.639 1.845 2.282 2.930 3.733 4.699 5.789
0.000 0.000 0.000 0.000 0.000 0.000 0.000 0.000 0.000 0.000 0.000 0.000 0.000 0.000 0.000 0.000 0.000 0.000 0.000 0.000 0.000 0.002 0.013 0.050 0.117 0.206 0.296 0.357 0.389 0.406 0.411 0.411 0.406 0.393 0.369 0.327 0.260 0.176 0.116 0.084 0.074 0.075 0.094 0.164 0.391 0.846 1.183 1.276 1.238 1.109 0.949 0.861 0.868 0.935 1.056 1.207 1.343 1.471 1.589 1.661 1.690 1.688 1.656 1.608 1.548 1.443 1.249 1.008 0.863 0.804 0.792 0.846 1.042 1.452 2.101 2.985 4.001
0.000 0.000 0.000 0.000 0.000 0.000 0.000 0.000 0.000 0.000 0.000 0.000 0.000 0.000 0.000 0.000 0.000 0.000 0.000 0.000 0.000 0.001 0.007 0.034 0.101 0.201 0.320 0.430 0.496 0.525 0.535 0.536 0.532 0.521 0.494 0.449 0.374 0.270 0.187 0.138 0.116 0.112 0.121 0.159 0.270 0.529 0.820 0.954 0.967 0.889 0.717 0.555 0.488 0.504 0.616 0.821 1.023 1.178 1.277 1.288 1.261 1.222 1.175 1.124 1.065 0.958 0.770 0.555 0.421 0.352 0.322 0.318 0.370 0.554 0.929 1.495 2.043
0.000 0.000 0.000 0.000 0.000 0.000 0.000 0.000 0.000 0.000 0.000 0.000 0.000 0.000 0.000 0.000 0.000 0.000 0.000 0.000 0.000 0.000 0.002 0.017 0.070 0.175 0.314 0.471 0.604 0.671 0.691 0.694 0.691 0.681 0.652 0.594 0.499 0.380 0.284 0.219 0.182 0.168 0.168 0.183 0.234 0.357 0.534 0.639 0.667 0.642 0.543 0.391 0.281 0.245 0.274 0.405 0.620 0.818 0.945 0.968 0.925 0.866 0.810 0.754 0.687 0.582 0.429 0.287 0.200 0.153 0.129 0.122 0.127 0.173 0.308 0.542 0.704
0.000 0.000 0.000 0.000 0.000 0.000 0.000 0.000 0.000 0.000 0.000 0.000 0.000 0.000 0.000 0.000 0.000 0.000 0.000 0.000 0.000 0.000 0.001 0.006 0.036 0.124 0.276 0.468 0.676 0.817 0.872 0.882 0.879 0.860 0.808 0.713 0.584 0.459 0.365 0.298 0.255 0.234 0.227 0.228 0.247 0.298 0.387 0.455 0.482 0.478 0.427 0.317 0.206 0.145 0.129 0.162 0.270 0.427 0.565 0.633 0.625 0.575 0.519 0.462 0.392 0.303 0.206 0.137 0.096 0.072 0.059 0.055 0.055 0.063 0.093 0.149 0.170
0.000 0.000 0.000 0.000 0.000 0.000 0.000 0.000 0.000 0.000 0.000 0.000 0.000 0.000 0.000 0.000 0.000 0.000 0.000 0.000 0.000 0.000 0.000 0.002 0.012 0.061 0.191 0.408 0.683 0.912 1.031 1.054 1.046 1.006 0.921 0.785 0.632 0.507 0.413 0.346 0.302 0.277 0.267 0.265 0.270 0.290 0.329 0.364 0.379 0.376 0.343 0.268 0.174 0.111 0.081 0.076 0.101 0.167 0.245 0.301 0.324 0.311 0.273 0.228 0.180 0.129 0.087 0.063 0.048 0.038 0.032 0.030 0.030 0.031 0.038 0.048 0.050
0.000 0.000 0.000 0.000 0.000 0.000 0.000 0.000 0.000 0.000 0.000 0.000 0.000 0.000 0.000 0.000 0.000 0.000 0.000 0.000 0.000 0.000 0.000 0.001 0.003 0.019 0.083 0.256 0.568 0.917 1.122 1.183 1.169 1.107 0.986 0.815 0.654 0.529 0.435 0.368 0.323 0.297 0.285 0.281 0.283 0.291 0.307 0.319 0.320 0.311 0.280 0.223 0.150 0.097 0.065 0.050 0.049 0.062 0.087 0.109 0.119 0.119 0.105 0.085 0.068 0.053 0.040 0.032 0.026 0.023 0.020 0.019 0.019 0.019 0.021 0.023 0.023
0.000 0.000 0.000 0.000 0.000 0.000 0.000 0.000 0.000 0.000 0.000 0.000 0.000 0.000 0.000 0.000 0.000 0.000 0.000 0.000 0.000 0.000 0.000 0.001 0.002 0.007 0.026 0.095 0.316 0.740 1.102 1.238 1.234 1.156 1.008 0.820 0.660 0.535 0.442 0.374 0.329 0.302 0.288 0.284 0.284 0.286 0.289 0.286 0.278 0.261 0.231 0.183 0.127 0.085 0.057 0.041 0.033 0.032 0.036 0.041 0.043 0.043 0.039 0.033 0.029 0.025 0.022 0.018 0.016 0.015 0.013 0.013 0.013 0.013 0.013 0.014 0.014
0.000 0.000 0.000 0.000 0.000 0.000 0.000 0.000 0.000 0.000 0.000 0.000 0.000 0.000 0.000 0.000 0.000 0.000 0.000 0.000 0.000 0.000 0.001 0.001 0.003 0.008 0.020 0.042 0.115 0.391 0.861 1.176 1.232 1.161 1.007 0.815 0.657 0.534 0.441 0.374 0.327 0.299 0.284 0.278 0.276 0.274 0.267 0.256 0.241 0.220 0.189 0.147 0.105 0.072 0.050 0.035 0.026 0.022 0.020 0.020 0.020 0.020 0.019 0.017 0.016 0.014 0.013 0.012 0.011 0.010 0.009 0.009 0.009 0.009 0.009 0.009 0.009
0.000 0.000 0.000 0.000 0.000 0.000 0.000 0.000 0.000 0.000 0.000 0.000 0.000 0.000 0.000 0.000 0.000 0.000 0.000 0.000 0.000 0.000 0.001 0.003 0.008 0.020 0.035 0.047 0.057 0.135 0.452 0.902 1.107 1.092 0.967 0.791 0.639 0.522 0.431 0.364 0.315 0.283 0.266 0.260 0.256 0.251 0.241 0.226 0.207 0.183 0.152 0.116 0.084 0.059 0.041 0.029 0.021 0.016 0.013 0.012 0.012 0.011 0.011 0.010 0.009 0.009 0.008 0.008 0.007 0.006 0.006 0.006 0.005 0.005 0.005 0.006 0.005
0.000 0.000 0.000 0.000 0.000 0.000 0.000 0.000 0.000 0.000 0.000 0.000 0.000 0.000 0.000 0.000 0.000 0.000 0.000 0.000 0.000 0.001 0.003 0.008 0.020 0.040 0.052 0.055 0.053 0.059 0.168 0.507 0.808 0.885 0.836 0.721 0.595 0.491 0.407 0.339 0.286 0.249 0.227 0.220 0.219 0.216 0.207 0.193 0.173 0.149 0.120 0.089 0.064 0.045 0.031 0.022 0.015 0.010 0.008 0.007 0.007 0.006 0.006 0.006 0.006 0.005 0.005 0.005 0.004 0.004 0.003 0.003 0.003 0.003 0.003 0.003 0.003
0.000 0.000 0.000 0.000 0.000 0.000 0.000 0.000 0.000 0.000 0.000 0.000 0.000 0.000 0.000 0.000 0.000 0.000 0.000 0.000 0.001 0.002 0.006 0.018 0.038 0.053 0.057 0.055 0.046 0.041 0.073 0.242 0.487 0.592 0.605 0.576 0.511 0.435 0.362 0.296 0.240 0.196 0.168 0.157 0.157 0.159 0.158 0.150 0.136 0.115 0.090 0.064 0.045 0.030 0.020 0.012 0.008 0.005 0.004 0.003 0.003 0.003 0.003 0.003 0.003 0.003 0.003 0.002 0.002 0.002 0.002 0.001 0.001 0.001 0.001 0.001 0.001
0.000 0.000 0.000 0.000 0.000 0.000 0.000 0.000 0.000 0.000 0.000 0.000 0.000 0.000 0.000 0.000 0.000 0.000 0.000 0.000 0.001 0.004 0.012 0.031 0.050 0.057 0.056 0.048 0.030 0.023 0.040 0.124 0.284 0.375 0.396 0.396 0.381 0.347 0.297 0.240 0.188 0.146 0.116 0.098 0.091 0.089 0.090 0.089 0.084 0.073 0.056 0.038 0.025 0.016 0.010 0.005 0.003 0.002 0.001 0.001 0.002 0.002 0.002 0.002 0.001 0.001 0.001 0.001 0.001 0.001 0.000 0.000 0.000 0.000 0.000 0.000 0.000
0.000 0.000 0.000 0.000 0.000 0.000 0.000 0.000 0.000 0.000 0.000 0.000 0.000 0.000 0.000 0.000 0.000 0.000 0.000 0.001 0.002 0.007 0.021 0.042 0.054 0.055 0.050 0.030 0.014 0.012 0.024 0.072 0.167 0.235 0.258 0.262 0.259 0.246 0.220 0.184 0.145 0.110 0.082 0.062 0.050 0.044 0.040 0.038 0.035 0.030 0.023 0.016 0.010 0.006 0.003 0.002 0.001 0.001 0.000 0.000 0.000 0.001 0.001 0.000 0.000 0.000 0.000 0.000 0.000 0.000 0.000 0.000 0.000 0.000 0.000 0.000 0.000
0.000 0.000 0.000 0.000 0.000 0.000 0.000 0.000 0.000 0.000 0.000 0.000 0.000 0.000 0.000 0.000 0.000 0.000 0.000 0.001 0.004 0.012 0.031 0.048 0.053 0.050 0.035 0.014 0.006 0.006 0.015 0.043 0.098 0.144 0.164 0.171 0.171 0.167 0.155 0.136 0.111 0.084 0.060 0.041 0.029 0.021 0.016 0.013 0.011 0.008 0.006 0.004 0.002 0.001 0.001 0.000 0.000 0.000 0.000 0.000 0.000 0.000 0.000 0.000 0.000 0.000 0.000 0.000 0.000 0.000 0.000 0.000 0.000 0.000 0.000 0.000 0.000
0.000 0.000 0.000 0.000 0.000 0.000 0.000 0.000 0.000 0.000 0.000 0.000 0.000 0.000 0.000 0.000 0.000 0.000 0.001 0.002 0.007 0.020 0.040 0.049 0.049 0.040 0.019 0.006 0.003 0.003 0.009 0.025 0.056 0.083 0.098 0.105 0.107 0.107 0.103 0.094 0.080 0.062 0.044 0.029 0.018 0.011 0.007 0.005 0.003 0.002 0.001 0.001 0.001 0.000 0.000 0.000 0.000 0.000 0.000 0.000 0.000 0.000 0.000 0.000 0.000 0.000 0.000 0.000 0.000 0.000 0.000 0.000 0.000 0.000 0.000 0.000 0.000
0.000 0.000 0.000 0.000 0.000 0.000 0.000 0.000 0.000 0.000 0.000 0.000 0.000 0.000 0.000 0.000 0.000 0.000 0.001 0.003 0.010 0.028 0.043 0.047 0.043 0.027 0.009 0.003 0.002 0.002 0.005 0.014 0.030 0.043 0.051 0.056 0.058 0.060 0.060 0.057 0.052 0.042 0.030 0.019 0.011 0.006 0.003 0.002 0.001 0.001 0.000 0.000 0.000 0.000 0.000 0.000 0.000 0.000 0.000 0.000 0.000 0.000 0.000 0.000 0.000 0.000 0.000 0.000 0.000 0.000 0.000 0.000 0.000 0.000 0.000 0.000 0.000
0.000 0.000 0.000 0.000 0.000 0.000 0.000 0.000 0.000 0.000 0.000 0.000 0.000 0.000 0.000 0.000 0.000 0.001 0.002 0.005 0.016 0.035 0.044 0.044 0.034 0.015 0.004 0.001 0.001 0.001 0.003 0.007 0.015 0.020 0.023 0.024 0.025 0.026 0.027 0.028 0.026 0.023 0.018 0.011 0.006 0.003 0.002 0.001 0.001 0.000 0.000 0.000 0.000 0.000 0.000 0.000 0.000 0.000 0.000 0.000 0.000 0.000 0.000 0.000 0.000 0.000 0.000 0.000 0.000 0.000 0.000 0.000 0.000 0.000 0.000 0.000 0.000
0.000 0.000 0.000 0.000 0.000 0.000 0.000 0.000 0.000 0.000 0.000 0.000 0.000 0.000 0.000 0.000 0.000 0.001 0.003 0.009 0.023 0.038 0.042 0.038 0.023 0.007 0.003 0.001 0.001 0.001 0.001 0.003 0.007 0.008 0.008 0.008 0.008 0.008 0.009 0.009 0.010 0.009 0.008 0.005 0.003 0.002 0.001 0.000 0.000 0.000 0.000 0.000 0.000 0.000 0.000 0.000 0.000 0.000 0.000 0.000 0.000 0.000 0.000 0.000 0.000 0.000 0.000 0.000 0.000 0.000 0.000 0.000 0.000 0.000 0.000 0.000 0.000
0.000 0.000 0.000 0.000 0.000 0.000 0.000 0.000 0.000 0.000 0.000 0.000 0.000 0.000 0.000 0.000 0.001 0.001 0.004 0.014 0.030 0.039 0.039 0.031 0.013 0.004 0.001 0.001 0.001 0.001 0.001 0.001 0.002 0.003 0.003 0.002 0.002 0.002 0.002 0.002 0.002 0.003 0.002 0.002 0.001 0.001 0.000 0.000 0.000 0.000 0.000 0.000 0.000 0.000 0.000 0.000 0.000 0.000 0.000 0.000 0.000 0.000 0.000 0.000 0.000 0.000 0.000 0.000 0.000 0.000 0.000 0.000 0.000 0.000 0.000 0.000 0.000
