RESULTS/r.avaflow_results/31_results/31_ascii/31_hflow0013.asc
ncols 506
nrows 317
xllcenter 498237.50
yllcenter 5580050.00
cellsize 12.50
NODATA_value -9999.000
[rows 170 to 203 of 317, columns 77 to 153 of 506]
0.000 0.000 0.000 0.000 0.000 0.000 0.000 0.000 0.000 0.000 0.000 0.000 0.000 0.000 0.000 0.000 0.000 0.000 0.000 0.000 0.000 0.000 0.000 0.000 0.000 0.000 0.000 0.000 0.000 0.000 0.000 0.000 0.000 0.000 0.000 0.000 0.000 0.000 0.000 0.000 0.000 0.000 0.000 0.000 0.000 0.000 0.001 0.002 0.004 0.008 0.016 0.033 0.080 0.203 0.467 0.920 1.683 3.076 5.325 8.154 10.758 12.854 14.409 15.321 15.600 15.487 15.127 14.664 14.179 13.482 12.448 11.246 10.233 9.556 9.109 8.786 8.549
0.000 0.000 0.000 0.000 0.000 0.000 0.000 0.000 0.000 0.000 0.000 0.000 0.000 0.000 0.000 0.000 0.000 0.000 0.000 0.000 0.000 0.000 0.000 0.000 0.000 0.000 0.000 0.000 0.000 0.000 0.000 0.000 0.000 0.000 0.000 0.000 0.000 0.000 0.000 0.000 0.000 0.000 0.000 0.000 0.000 0.001 0.003 0.005 0.011 0.021 0.047 0.109 0.249 0.538 1.044 1.816 2.997 4.825 7.384 10.274 12.655 14.438 15.598 16.123 16.153 15.879 15.339 14.711 14.080 13.354 12.524 11.848 11.503 11.388 11.396 11.464 11.635
0.000 0.000 0.000 0.000 0.000 0.000 0.000 0.000 0.000 0.000 0.000 0.000 0.000 0.000 0.000 0.000 0.000 0.000 0.000 0.000 0.000 0.000 0.000 0.000 0.000 0.000 0.000 0.000 0.000 0.000 0.000 0.000 0.000 0.000 0.000 0.000 0.000 0.000 0.000 0.000 0.000 0.000 0.000 0.001 0.001 0.004 0.008 0.016 0.033 0.074 0.164 0.330 0.586 0.950 1.485 2.340 3.721 5.765 8.469 11.319 13.560 15.110 15.964 16.250 16.201 15.870 15.304 14.719 14.195 13.728 13.405 13.317 13.376 13.433 13.554 13.921 14.636
0.000 0.000 0.000 0.000 0.000 0.000 0.000 0.000 0.000 0.000 0.000 0.000 0.000 0.000 0.000 0.000 0.000 0.000 0.000 0.000 0.000 0.000 0.000 0.000 0.000 0.000 0.000 0.000 0.000 0.000 0.000 0.000 0.000 0.000 0.000 0.000 0.000 0.000 0.000 0.000 0.000 0.000 0.001 0.002 0.005 0.011 0.025 0.055 0.116 0.240 0.451 0.706 0.972 1.282 1.728 2.524 3.920 6.006 8.748 11.550 13.700 15.135 15.867 16.075 16.004 15.737 15.318 15.017 14.889 14.879 14.881 14.824 14.794 14.817 15.050 15.748 16.982
0.000 0.000 0.000 0.000 0.000 0.000 0.000 0.000 0.000 0.000 0.000 0.000 0.000 0.000 0.000 0.000 0.000 0.000 0.000 0.000 0.000 0.000 0.000 0.000 0.000 0.000 0.000 0.000 0.000 0.000 0.000 0.000 0.000 0.000 0.000 0.000 0.000 0.000 0.000 0.000 0.000 0.001 0.002 0.005 0.014 0.035 0.083 0.169 0.316 0.550 0.816 1.041 1.248 1.505 1.882 2.566 3.841 5.852 8.582 11.318 13.329 14.635 15.316 15.595 15.703 15.731 15.706 15.746 15.792 15.813 15.739 15.576 15.522 15.645 16.119 17.063 18.466
0.000 0.000 0.000 0.000 0.000 0.000 0.000 0.000 0.000 0.000 0.000 0.000 0.000 0.000 0.000 0.000 0.000 0.000 0.000 0.000 0.000 0.000 0.000 0.000 0.000 0.000 0.001 0.001 0.002 0.002 0.002 0.003 0.003 0.002 0.002 0.002 0.001 0.001 0.001 0.001 0.002 0.002 0.005 0.014 0.040 0.104 0.218 0.388 0.626 0.876 1.072 1.235 1.420 1.661 1.982 2.475 3.453 5.232 7.891 10.613 12.499 13.688 14.409 14.928 15.398 15.781 15.983 16.040 16.050 16.012 15.870 15.695 15.665 15.903 16.573 17.622 18.930
0.000 0.000 0.000 0.000 0.000 0.000 0.000 0.000 0.000 0.000 0.000 0.000 0.000 0.000 0.000 0.000 0.000 0.000 0.000 0.000 0.000 0.000 0.000 0.000 0.000 0.001 0.002 0.004 0.006 0.007 0.008 0.008 0.008 0.008 0.007 0.005 0.004 0.004 0.003 0.003 0.004 0.006 0.013 0.037 0.107 0.245 0.446 0.673 0.901 1.085 1.228 1.366 1.541 1.761 2.023 2.350 2.994 4.412 6.890 9.710 11.629 12.782 13.556 14.277 15.004 15.544 15.746 15.742 15.671 15.540 15.302 15.126 15.128 15.466 16.262 17.370 18.634
0.000 0.000 0.000 0.000 0.000 0.000 0.000 0.000 0.000 0.000 0.000 0.000 0.000 0.000 0.000 0.000 0.000 0.000 0.000 0.000 0.000 0.000 0.000 0.000 0.001 0.003 0.005 0.009 0.012 0.015 0.017 0.017 0.017 0.017 0.015 0.012 0.009 0.008 0.007 0.007 0.008 0.012 0.029 0.090 0.242 0.478 0.713 0.912 1.081 1.219 1.336 1.457 1.611 1.802 2.024 2.289 2.759 3.898 6.111 8.891 10.789 11.918 12.726 13.504 14.199 14.603 14.677 14.584 14.394 14.116 13.758 13.550 13.556 13.938 14.865 16.160 17.570
0.000 0.000 0.000 0.000 0.000 0.000 0.000 0.000 0.000 0.000 0.000 0.000 0.000 0.000 0.000 0.000 0.000 0.000 0.000 0.000 0.000 0.000 0.000 0.001 0.003 0.006 0.010 0.016 0.022 0.027 0.030 0.031 0.031 0.030 0.027 0.021 0.016 0.014 0.013 0.013 0.014 0.023 0.059 0.191 0.470 0.755 0.937 1.076 1.203 1.309 1.403 1.506 1.635 1.796 1.990 2.224 2.618 3.565 5.476 8.018 9.758 10.808 11.588 12.266 12.748 12.926 12.884 12.695 12.355 11.844 11.388 11.194 11.269 11.828 12.950 14.443 16.089
0.000 0.000 0.000 0.000 0.000 0.000 0.000 0.000 0.000 0.000 0.000 0.000 0.000 0.000 0.000 0.000 0.000 0.000 0.000 0.000 0.000 0.000 0.001 0.003 0.006 0.011 0.017 0.026 0.037 0.045 0.049 0.051 0.051 0.050 0.045 0.036 0.027 0.022 0.020 0.020 0.023 0.039 0.113 0.362 0.759 1.002 1.103 1.186 1.276 1.355 1.428 1.513 1.621 1.756 1.925 2.134 2.471 3.262 4.869 6.975 8.361 9.217 9.889 10.436 10.755 10.816 10.721 10.437 9.952 9.380 9.056 9.034 9.381 10.235 11.502 13.007 14.653
0.000 0.000 0.000 0.000 0.000 0.000 0.000 0.000 0.000 0.000 0.000 0.000 0.000 0.000 0.000 0.000 0.000 0.000 0.000 0.000 0.000 0.001 0.002 0.006 0.011 0.018 0.028 0.041 0.058 0.070 0.077 0.079 0.080 0.078 0.072 0.059 0.042 0.032 0.029 0.029 0.033 0.060 0.174 0.532 0.992 1.183 1.217 1.249 1.305 1.364 1.419 1.488 1.578 1.693 1.834 2.014 2.297 2.931 4.201 5.768 6.715 7.277 7.747 8.159 8.421 8.485 8.397 8.140 7.732 7.365 7.225 7.351 7.911 8.914 10.202 11.633 13.173
0.000 0.000 0.000 0.000 0.000 0.000 0.000 0.000 0.000 0.000 0.000 0.000 0.000 0.000 0.000 0.000 0.000 0.000 0.000 0.000 0.000 0.001 0.005 0.010 0.018 0.028 0.043 0.063 0.087 0.105 0.116 0.120 0.120 0.118 0.110 0.093 0.066 0.047 0.040 0.039 0.044 0.078 0.217 0.631 1.116 1.287 1.281 1.276 1.304 1.348 1.390 1.445 1.520 1.613 1.725 1.864 2.076 2.515 3.399 4.515 5.175 5.492 5.703 5.899 6.060 6.135 6.119 5.994 5.767 5.638 5.672 5.970 6.645 7.653 8.858 10.140 11.467
0.000 0.000 0.000 0.000 0.000 0.000 0.000 0.000 0.000 0.000 0.000 0.000 0.000 0.000 0.000 0.000 0.000 0.000 0.000 0.000 0.000 0.002 0.007 0.015 0.027 0.043 0.063 0.092 0.127 0.154 0.169 0.175 0.176 0.174 0.165 0.143 0.104 0.070 0.055 0.052 0.057 0.096 0.259 0.689 1.148 1.315 1.306 1.281 1.292 1.322 1.352 1.394 1.448 1.515 1.592 1.681 1.795 2.024 2.550 3.315 3.781 3.954 4.006 4.040 4.087 4.126 4.131 4.091 4.028 4.050 4.234 4.689 5.423 6.352 7.377 8.438 9.517
0.000 0.000 0.000 0.000 0.000 0.000 0.000 0.000 0.000 0.000 0.000 0.000 0.000 0.000 0.000 0.000 0.000 0.000 0.000 0.000 0.000 0.002 0.008 0.020 0.039 0.062 0.091 0.131 0.181 0.218 0.241 0.250 0.252 0.250 0.240 0.214 0.164 0.108 0.078 0.070 0.074 0.120 0.311 0.736 1.133 1.298 1.303 1.273 1.269 1.277 1.291 1.314 1.351 1.395 1.437 1.471 1.509 1.594 1.857 2.295 2.579 2.680 2.681 2.657 2.638 2.620 2.587 2.554 2.553 2.621 2.853 3.357 4.098 4.922 5.776 6.685 7.680
0.000 0.000 0.000 0.000 0.000 0.000 0.000 0.000 0.000 0.000 0.000 0.000 0.000 0.000 0.000 0.000 0.000 0.000 0.000 0.000 0.000 0.001 0.007 0.022 0.048 0.083 0.126 0.182 0.249 0.302 0.333 0.348 0.353 0.351 0.341 0.312 0.253 0.170 0.119 0.101 0.104 0.156 0.364 0.769 1.082 1.225 1.258 1.241 1.220 1.203 1.181 1.167 1.187 1.220 1.246 1.250 1.238 1.241 1.348 1.537 1.667 1.720 1.715 1.687 1.647 1.581 1.484 1.427 1.420 1.469 1.623 1.949 2.498 3.214 4.034 4.966 5.971
0.000 0.000 0.000 0.000 0.000 0.000 0.000 0.000 0.000 0.000 0.000 0.000 0.000 0.000 0.000 0.000 0.000 0.000 0.000 0.000 0.000 0.001 0.006 0.021 0.050 0.096 0.158 0.241 0.335 0.407 0.452 0.474 0.482 0.482 0.474 0.444 0.377 0.268 0.188 0.158 0.158 0.209 0.409 0.765 1.000 1.106 1.153 1.156 1.132 1.086 1.002 0.908 0.880 0.902 0.941 0.970 0.970 0.955 0.979 1.022 1.047 1.054 1.042 1.018 0.976 0.892 0.766 0.692 0.674 0.692 0.755 0.898 1.182 1.662 2.355 3.246 4.177
0.000 0.000 0.000 0.000 0.000 0.000 0.000 0.000 0.000 0.000 0.000 0.000 0.000 0.000 0.000 0.000 0.000 0.000 0.000 0.000 0.000 0.001 0.003 0.016 0.046 0.099 0.177 0.290 0.432 0.537 0.598 0.630 0.644 0.648 0.643 0.610 0.529 0.398 0.297 0.251 0.245 0.286 0.444 0.724 0.897 0.963 0.996 1.005 0.986 0.916 0.775 0.597 0.499 0.482 0.519 0.589 0.653 0.689 0.688 0.666 0.640 0.615 0.593 0.571 0.534 0.460 0.359 0.300 0.279 0.278 0.291 0.330 0.434 0.669 1.088 1.662 2.135
0.000 0.000 0.000 0.000 0.000 0.000 0.000 0.000 0.000 0.000 0.000 0.000 0.000 0.000 0.000 0.000 0.000 0.000 0.000 0.000 0.000 0.000 0.001 0.009 0.034 0.090 0.179 0.316 0.515 0.687 0.777 0.817 0.831 0.831 0.809 0.748 0.638 0.505 0.409 0.360 0.348 0.369 0.465 0.651 0.770 0.809 0.819 0.816 0.792 0.719 0.583 0.402 0.280 0.230 0.231 0.269 0.328 0.396 0.428 0.401 0.363 0.332 0.311 0.293 0.266 0.217 0.162 0.132 0.119 0.114 0.114 0.120 0.144 0.214 0.375 0.606 0.726
0.000 0.000 0.000 0.000 0.000 0.000 0.000 0.000 0.000 0.000 0.000 0.000 0.000 0.000 0.000 0.000 0.000 0.000 0.000 0.000 0.000 0.000 0.001 0.003 0.017 0.063 0.158 0.314 0.557 0.817 0.958 1.004 1.007 0.988 0.931 0.830 0.694 0.569 0.482 0.433 0.417 0.423 0.468 0.568 0.639 0.662 0.664 0.650 0.614 0.548 0.437 0.292 0.184 0.125 0.105 0.109 0.134 0.171 0.205 0.201 0.177 0.158 0.147 0.138 0.123 0.098 0.076 0.064 0.058 0.055 0.053 0.053 0.057 0.074 0.115 0.164 0.175
0.000 0.000 0.000 0.000 0.000 0.000 0.000 0.000 0.000 0.000 0.000 0.000 0.000 0.000 0.000 0.000 0.000 0.000 0.000 0.000 0.000 0.000 0.000 0.001 0.005 0.026 0.097 0.256 0.530 0.879 1.093 1.158 1.152 1.103 1.004 0.862 0.713 0.598 0.517 0.468 0.446 0.443 0.459 0.503 0.533 0.540 0.532 0.510 0.470 0.409 0.320 0.215 0.135 0.084 0.059 0.051 0.053 0.065 0.081 0.085 0.076 0.069 0.065 0.062 0.057 0.047 0.039 0.035 0.033 0.031 0.030 0.029 0.030 0.034 0.044 0.052 0.053
0.000 0.000 0.000 0.000 0.000 0.000 0.000 0.000 0.000 0.000 0.000 0.000 0.000 0.000 0.000 0.000 0.000 0.000 0.000 0.000 0.000 0.000 0.000 0.001 0.002 0.009 0.036 0.130 0.378 0.797 1.130 1.249 1.246 1.171 1.033 0.863 0.716 0.605 0.526 0.477 0.451 0.441 0.439 0.445 0.446 0.439 0.421 0.392 0.353 0.299 0.229 0.156 0.100 0.063 0.041 0.030 0.027 0.028 0.033 0.036 0.034 0.033 0.032 0.031 0.029 0.026 0.023 0.022 0.020 0.019 0.019 0.019 0.019 0.020 0.023 0.024 0.024
0.000 0.000 0.000 0.000 0.000 0.000 0.000 0.000 0.000 0.000 0.000 0.000 0.000 0.000 0.000 0.000 0.000 0.000 0.000 0.000 0.000 0.000 0.001 0.001 0.003 0.009 0.024 0.059 0.166 0.491 0.969 1.242 1.271 1.190 1.030 0.849 0.705 0.599 0.523 0.473 0.442 0.420 0.402 0.385 0.369 0.351 0.327 0.297 0.260 0.215 0.161 0.110 0.073 0.047 0.031 0.021 0.017 0.016 0.017 0.018 0.018 0.018 0.018 0.018 0.017 0.017 0.015 0.014 0.013 0.013 0.012 0.012 0.012 0.013 0.014 0.014 0.014
0.000 0.000 0.000 0.000 0.000 0.000 0.000 0.000 0.000 0.000 0.000 0.000 0.000 0.000 0.000 0.000 0.000 0.000 0.000 0.000 0.000 0.000 0.001 0.003 0.007 0.018 0.040 0.064 0.088 0.182 0.542 1.015 1.191 1.145 0.987 0.803 0.668 0.570 0.499 0.448 0.408 0.374 0.344 0.318 0.295 0.273 0.249 0.222 0.191 0.153 0.112 0.077 0.052 0.034 0.022 0.015 0.012 0.010 0.010 0.011 0.011 0.011 0.011 0.011 0.011 0.011 0.010 0.010 0.009 0.008 0.008 0.008 0.008 0.008 0.008 0.009 0.009
0.000 0.000 0.000 0.000 0.000 0.000 0.000 0.000 0.000 0.000 0.000 0.000 0.000 0.000 0.000 0.000 0.000 0.000 0.000 0.000 0.000 0.001 0.003 0.007 0.019 0.044 0.074 0.089 0.090 0.086 0.183 0.550 0.883 0.940 0.850 0.703 0.586 0.504 0.441 0.390 0.343 0.301 0.266 0.242 0.223 0.205 0.186 0.164 0.139 0.108 0.078 0.054 0.036 0.024 0.016 0.011 0.008 0.007 0.006 0.007 0.007 0.007 0.007 0.007 0.007 0.007 0.007 0.006 0.006 0.005 0.005 0.005 0.005 0.005 0.005 0.005 0.005
0.000 0.000 0.000 0.000 0.000 0.000 0.000 0.000 0.000 0.000 0.000 0.000 0.000 0.000 0.000 0.000 0.000 0.000 0.000 0.000 0.001 0.002 0.007 0.018 0.044 0.077 0.095 0.097 0.090 0.069 0.067 0.197 0.458 0.579 0.582 0.523 0.449 0.390 0.342 0.295 0.250 0.211 0.182 0.165 0.155 0.145 0.133 0.118 0.099 0.076 0.054 0.037 0.024 0.016 0.010 0.007 0.005 0.004 0.004 0.004 0.004 0.004 0.004 0.004 0.004 0.004 0.004 0.004 0.003 0.003 0.003 0.002 0.002 0.002 0.002 0.002 0.002
0.000 0.000 0.000 0.000 0.000 0.000 0.000 0.000 0.000 0.000 0.000 0.000 0.000 0.000 0.000 0.000 0.000 0.000 0.000 0.001 0.001 0.005 0.014 0.039 0.074 0.095 0.099 0.096 0.077 0.043 0.031 0.066 0.202 0.307 0.328 0.319 0.290 0.258 0.228 0.198 0.168 0.140 0.117 0.103 0.096 0.091 0.086 0.077 0.066 0.051 0.035 0.024 0.015 0.010 0.006 0.004 0.003 0.002 0.002 0.002 0.002 0.002 0.002 0.002 0.002 0.002 0.002 0.002 0.002 0.001 0.001 0.001 0.001 0.001 0.001 0.001 0.001
0.000 0.000 0.000 0.000 0.000 0.000 0.000 0.000 0.000 0.000 0.000 0.000 0.000 0.000 0.000 0.000 0.000 0.000 0.000 0.001 0.003 0.009 0.027 0.062 0.089 0.097 0.096 0.079 0.044 0.018 0.013 0.025 0.086 0.157 0.180 0.182 0.176 0.162 0.146 0.129 0.111 0.091 0.073 0.061 0.054 0.050 0.046 0.042 0.036 0.029 0.020 0.013 0.008 0.005 0.003 0.002 0.001 0.001 0.001 0.001 0.001 0.001 0.001 0.001 0.001 0.001 0.001 0.001 0.001 0.000 0.000 0.000 0.000 0.000 0.000 0.000 0.000
0.000 0.000 0.000 0.000 0.000 0.000 0.000 0.000 0.000 0.000 0.000 0.000 0.000 0.000 0.000 0.000 0.000 0.000 0.001 0.001 0.005 0.016 0.042 0.077 0.092 0.093 0.081 0.048 0.018 0.006 0.004 0.010 0.037 0.079 0.098 0.102 0.102 0.098 0.091 0.082 0.071 0.059 0.045 0.035 0.028 0.024 0.021 0.018 0.015 0.012 0.008 0.006 0.004 0.002 0.001 0.001 0.000 0.000 0.000 0.000 0.000 0.000 0.000 0.000 0.000 0.000 0.000 0.000 0.000 0.000 0.000 0.000 0.000 0.000 0.000 0.000 0.000
0.000 0.000 0.000 0.000 0.000 0.000 0.000 0.000 0.000 0.000 0.000 0.000 0.000 0.000 0.000 0.000 0.000 0.000 0.001 0.002 0.008 0.026 0.058 0.082 0.088 0.082 0.054 0.021 0.007 0.003 0.002 0.004 0.015 0.038 0.052 0.057 0.058 0.058 0.055 0.051 0.045 0.037 0.028 0.020 0.014 0.011 0.008 0.006 0.005 0.003 0.002 0.002 0.001 0.001 0.000 0.000 0.000 0.000 0.000 0.000 0.000 0.000 0.000 0.000 0.000 0.000 0.000 0.000 0.000 0.000 0.000 0.000 0.000 0.000 0.000 0.000 0.000
0.000 0.000 0.000 0.000 0.000 0.000 0.000 0.000 0.000 0.000 0.000 0.000 0.000 0.000 0.000 0.000 0.000 0.000 0.001 0.004 0.013 0.038 0.069 0.081 0.080 0.061 0.028 0.009 0.004 0.002 0.002 0.002 0.006 0.016 0.025 0.030 0.032 0.033 0.032 0.030 0.027 0.023 0.017 0.012 0.008 0.005 0.003 0.002 0.001 0.001 0.001 0.001 0.000 0.000 0.000 0.000 0.000 0.000 0.000 0.000 0.000 0.000 0.000 0.000 0.000 0.000 0.000 0.000 0.000 0.000 0.000 0.000 0.000 0.000 0.000 0.000 0.000
0.000 0.000 0.000 0.000 0.000 0.000 0.000 0.000 0.000 0.000 0.000 0.000 0.000 0.000 0.000 0.000 0.000 0.001 0.002 0.006 0.020 0.051 0.073 0.077 0.068 0.039 0.014 0.005 0.002 0.001 0.001 0.001 0.002 0.006 0.011 0.014 0.016 0.017 0.017 0.017 0.016 0.014 0.010 0.007 0.004 0.002 0.001 0.001 0.001 0.000 0.000 0.000 0.000 0.000 0.000 0.000 0.000 0.000 0.000 0.000 0.000 0.000 0.000 0.000 0.000 0.000 0.000 0.000 0.000 0.000 0.000 0.000 0.000 0.000 0.000 0.000 0.000
0.000 0.000 0.000 0.000 0.000 0.000 0.000 0.000 0.000 0.000 0.000 0.000 0.000 0.000 0.000 0.000 0.000 0.001 0.003 0.010 0.031 0.060 0.072 0.071 0.053 0.022 0.007 0.003 0.001 0.001 0.001 0.001 0.001 0.002 0.003 0.005 0.006 0.007 0.008 0.008 0.008 0.007 0.006 0.004 0.002 0.001 0.001 0.000 0.000 0.000 0.000 0.000 0.000 0.000 0.000 0.000 0.000 0.000 0.000 0.000 0.000 0.000 0.000 0.000 0.000 0.000 0.000 0.000 0.000 0.000 0.000 0.000 0.000 0.000 0.000 0.000 0.000
0.000 0.000 0.000 0.000 0.000 0.000 0.000 0.000 0.000 0.000 0.000 0.000 0.000 0.000 0.000 0.000 0.001 0.001 0.005 0.016 0.041 0.064 0.068 0.061 0.034 0.011 0.004 0.002 0.002 0.002 0.001 0.001 0.001 0.001 0.001 0.001 0.002 0.002 0.003 0.003 0.003 0.003 0.003 0.002 0.001 0.001 0.000 0.000 0.000 0.000 0.000 0.000 0.000 0.000 0.000 0.000 0.000 0.000 0.000 0.000 0.000 0.000 0.000 0.000 0.000 0.000 0.000 0.000 0.000 0.000 0.000 0.000 0.000 0.000 0.000 0.000 0.000
0.000 0.000 0.000 0.000 0.000 0.000 0.000 0.000 0.000 0.000 0.000 0.000 0.000 0.000 0.000 0.000 0.001 0.002 0.008 0.024 0.051 0.064 0.064 0.048 0.020 0.006 0.003 0.001 0.001 0.001 0.001 0.000 0.000 0.000 0.000 0.001 0.001 0.001 0.001 0.001 0.001 0.001 0.001 0.001 0.000 0.000 0.000 0.000 0.000 0.000 0.000 0.000 0.000 0.000 0.000 0.000 0.000 0.000 0.000 0.000 0.000 0.000 0.000 0.000 0.000 0.000 0.000 0.000 0.000 0.000 0.000 0.000 0.000 0.000 0.000 0.000 0.000
