RESULTS/r.avaflow_results/31_results/31_ascii/31_hflow10060.asc
ncols 506
nrows 317
xllcenter 498237.50
yllcenter 5580050.00
cellsize 12.50
NODATA_value -9999.000
[rows 170 to 203 of 317, columns 77 to 153 of 506]
0.000 0.000 0.000 0.000 0.000 0.000 0.000 0.000 0.000 0.000 0.000 0.000 0.000 0.000 0.000 0.000 0.000 0.000 0.000 0.000 0.000 0.000 0.000 0.000 0.000 0.000 0.000 0.000 0.000 0.000 0.000 0.000 0.000 0.000 0.000 0.000 0.000 0.000 0.000 0.000 0.000 0.000 0.000 0.000 0.000 0.000 0.000 0.001 0.002 0.004 0.008 0.017 0.046 0.123 0.253 0.370 0.470 0.577 0.651 0.668 0.654 0.620 0.574 0.513 0.436 0.354 0.284 0.226 0.179 0.140 0.109 0.085 0.066 0.051 0.039 0.030 0.023
0.000 0.000 0.000 0.000 0.000 0.000 0.000 0.000 0.000 0.000 0.000 0.000 0.000 0.000 0.000 0.000 0.000 0.000 0.000 0.000 0.000 0.000 0.000 0.000 0.000 0.000 0.000 0.000 0.000 0.000 0.000 0.000 0.000 0.000 0.000 0.000 0.000 0.000 0.000 0.000 0.000 0.000 0.000 0.000 0.000 0.001 0.002 0.003 0.006 0.011 0.025 0.065 0.156 0.314 0.475 0.579 0.654 0.711 0.733 0.725 0.701 0.660 0.606 0.536 0.451 0.364 0.292 0.232 0.183 0.144 0.113 0.088 0.068 0.053 0.041 0.032 0.024
0.000 0.000 0.000 0.000 0.000 0.000 0.000 0.000 0.000 0.000 0.000 0.000 0.000 0.000 0.000 0.000 0.000 0.000 0.000 0.000 0.000 0.000 0.000 0.000 0.000 0.000 0.001 0.001 0.001 0.000 0.000 0.000 0.000 0.000 0.000 0.000 0.000 0.000 0.000 0.000 0.000 0.000 0.000 0.000 0.001 0.002 0.005 0.009 0.018 0.041 0.101 0.222 0.380 0.521 0.605 0.672 0.736 0.766 0.766 0.752 0.725 0.685 0.626 0.551 0.461 0.373 0.299 0.238 0.189 0.149 0.117 0.092 0.071 0.056 0.043 0.033 0.025
0.000 0.000 0.000 0.000 0.000 0.000 0.000 0.000 0.000 0.000 0.000 0.000 0.000 0.000 0.000 0.000 0.000 0.000 0.000 0.001 0.001 0.002 0.002 0.002 0.003 0.003 0.003 0.003 0.003 0.003 0.003 0.002 0.002 0.002 0.001 0.001 0.001 0.000 0.000 0.000 0.000 0.000 0.000 0.001 0.003 0.007 0.015 0.032 0.068 0.151 0.321 0.510 0.621 0.655 0.669 0.698 0.754 0.781 0.779 0.766 0.741 0.700 0.641 0.563 0.469 0.379 0.305 0.244 0.194 0.154 0.121 0.095 0.074 0.057 0.044 0.034 0.026
0.000 0.000 0.000 0.000 0.000 0.000 0.000 0.000 0.000 0.000 0.000 0.000 0.000 0.000 0.000 0.000 0.000 0.000 0.001 0.002 0.004 0.006 0.007 0.008 0.008 0.008 0.008 0.008 0.008 0.008 0.008 0.008 0.007 0.006 0.004 0.003 0.002 0.001 0.001 0.001 0.001 0.001 0.001 0.003 0.008 0.021 0.051 0.109 0.217 0.406 0.617 0.734 0.751 0.722 0.698 0.702 0.745 0.782 0.785 0.775 0.751 0.712 0.653 0.572 0.474 0.384 0.310 0.248 0.198 0.157 0.124 0.097 0.076 0.059 0.046 0.035 0.027
0.000 0.000 0.000 0.000 0.000 0.000 0.000 0.000 0.000 0.000 0.000 0.000 0.000 0.000 0.000 0.000 0.000 0.001 0.002 0.005 0.009 0.012 0.015 0.016 0.017 0.017 0.017 0.017 0.017 0.017 0.017 0.016 0.014 0.012 0.009 0.006 0.004 0.003 0.002 0.002 0.002 0.002 0.004 0.009 0.024 0.067 0.155 0.294 0.488 0.683 0.795 0.825 0.808 0.761 0.715 0.695 0.715 0.766 0.788 0.782 0.763 0.725 0.664 0.578 0.476 0.387 0.312 0.251 0.200 0.159 0.125 0.098 0.077 0.060 0.047 0.036 0.028
0.000 0.000 0.000 0.000 0.000 0.000 0.000 0.000 0.000 0.000 0.000 0.000 0.000 0.000 0.000 0.000 0.000 0.002 0.005 0.010 0.016 0.021 0.025 0.027 0.029 0.029 0.030 0.030 0.030 0.029 0.028 0.027 0.024 0.021 0.015 0.010 0.007 0.006 0.005 0.004 0.004 0.005 0.009 0.023 0.072 0.189 0.371 0.558 0.722 0.826 0.861 0.859 0.838 0.791 0.731 0.696 0.692 0.739 0.790 0.792 0.776 0.737 0.671 0.580 0.477 0.387 0.313 0.251 0.200 0.159 0.126 0.099 0.077 0.061 0.047 0.037 0.028
0.000 0.000 0.000 0.000 0.000 0.000 0.000 0.000 0.000 0.000 0.000 0.000 0.000 0.000 0.000 0.000 0.000 0.002 0.007 0.015 0.025 0.033 0.039 0.042 0.044 0.045 0.046 0.046 0.046 0.045 0.044 0.042 0.038 0.032 0.024 0.016 0.012 0.009 0.008 0.007 0.007 0.009 0.019 0.059 0.185 0.416 0.628 0.760 0.842 0.883 0.892 0.887 0.865 0.819 0.752 0.706 0.691 0.728 0.791 0.801 0.785 0.743 0.673 0.580 0.476 0.386 0.311 0.250 0.199 0.158 0.125 0.099 0.078 0.061 0.048 0.037 0.029
0.000 0.000 0.000 0.000 0.000 0.000 0.000 0.000 0.000 0.000 0.000 0.000 0.000 0.000 0.000 0.000 0.000 0.003 0.008 0.018 0.032 0.047 0.056 0.061 0.064 0.065 0.066 0.066 0.066 0.065 0.064 0.060 0.055 0.047 0.036 0.024 0.017 0.013 0.011 0.011 0.011 0.016 0.040 0.135 0.377 0.657 0.802 0.865 0.901 0.917 0.921 0.916 0.892 0.848 0.782 0.728 0.708 0.734 0.793 0.805 0.787 0.742 0.671 0.576 0.471 0.382 0.308 0.247 0.197 0.157 0.125 0.099 0.078 0.062 0.049 0.038 0.029
0.000 0.000 0.000 0.000 0.000 0.000 0.000 0.000 0.000 0.000 0.000 0.000 0.000 0.000 0.000 0.000 0.000 0.003 0.008 0.019 0.036 0.059 0.077 0.085 0.089 0.091 0.091 0.091 0.091 0.090 0.088 0.084 0.077 0.067 0.051 0.035 0.024 0.018 0.015 0.014 0.014 0.021 0.059 0.212 0.547 0.808 0.896 0.920 0.935 0.943 0.945 0.940 0.920 0.883 0.825 0.767 0.743 0.757 0.798 0.805 0.784 0.735 0.662 0.564 0.461 0.375 0.302 0.243 0.194 0.155 0.124 0.099 0.079 0.063 0.050 0.039 0.030
0.000 0.000 0.000 0.000 0.000 0.000 0.000 0.000 0.000 0.000 0.000 0.000 0.000 0.000 0.000 0.000 0.000 0.002 0.007 0.017 0.035 0.063 0.095 0.112 0.119 0.121 0.122 0.122 0.121 0.120 0.117 0.113 0.104 0.091 0.072 0.049 0.032 0.023 0.018 0.016 0.017 0.023 0.064 0.245 0.640 0.893 0.944 0.949 0.954 0.956 0.956 0.955 0.948 0.927 0.885 0.829 0.796 0.794 0.810 0.806 0.778 0.724 0.645 0.545 0.446 0.364 0.294 0.237 0.191 0.153 0.124 0.100 0.081 0.065 0.051 0.040 0.031
0.000 0.000 0.000 0.000 0.000 0.000 0.000 0.000 0.000 0.000 0.000 0.000 0.000 0.000 0.000 0.000 0.000 0.001 0.004 0.012 0.028 0.058 0.103 0.137 0.151 0.156 0.158 0.158 0.158 0.156 0.153 0.148 0.137 0.121 0.099 0.069 0.044 0.030 0.022 0.019 0.019 0.024 0.062 0.244 0.662 0.931 0.972 0.966 0.959 0.958 0.957 0.962 0.971 0.967 0.949 0.909 0.866 0.840 0.828 0.810 0.772 0.709 0.622 0.518 0.424 0.347 0.283 0.229 0.186 0.151 0.124 0.102 0.083 0.068 0.054 0.043 0.033
0.000 0.000 0.000 0.000 0.000 0.000 0.000 0.000 0.000 0.000 0.000 0.000 0.000 0.000 0.000 0.000 0.000 0.000 0.001 0.004 0.014 0.041 0.093 0.150 0.181 0.195 0.199 0.201 0.201 0.200 0.197 0.190 0.177 0.159 0.134 0.098 0.063 0.040 0.027 0.022 0.021 0.024 0.055 0.215 0.623 0.932 0.986 0.973 0.955 0.949 0.950 0.961 0.985 0.996 0.992 0.970 0.930 0.887 0.851 0.814 0.764 0.692 0.599 0.495 0.403 0.328 0.268 0.219 0.179 0.148 0.124 0.104 0.088 0.072 0.058 0.046 0.036
0.000 0.000 0.000 0.000 0.000 0.000 0.000 0.000 0.000 0.000 0.000 0.000 0.000 0.000 0.000 0.000 0.000 0.000 0.000 0.001 0.004 0.020 0.069 0.144 0.200 0.231 0.245 0.250 0.252 0.251 0.248 0.241 0.227 0.206 0.178 0.139 0.092 0.057 0.036 0.026 0.023 0.025 0.043 0.151 0.493 0.862 0.978 0.972 0.941 0.920 0.918 0.934 0.974 1.009 1.015 1.001 0.970 0.924 0.872 0.817 0.755 0.678 0.586 0.484 0.393 0.317 0.256 0.208 0.170 0.142 0.121 0.105 0.091 0.076 0.063 0.050 0.039
0.000 0.000 0.000 0.000 0.000 0.000 0.000 0.000 0.000 0.000 0.000 0.000 0.000 0.000 0.000 0.000 0.000 0.000 0.000 0.000 0.001 0.008 0.042 0.121 0.204 0.257 0.290 0.305 0.310 0.311 0.308 0.301 0.287 0.266 0.236 0.193 0.137 0.086 0.053 0.036 0.029 0.028 0.036 0.085 0.299 0.674 0.898 0.936 0.905 0.857 0.828 0.833 0.878 0.953 1.004 1.007 0.984 0.943 0.887 0.822 0.751 0.672 0.582 0.484 0.392 0.314 0.250 0.199 0.161 0.134 0.115 0.102 0.090 0.077 0.065 0.053 0.043
0.000 0.000 0.000 0.000 0.000 0.000 0.000 0.000 0.000 0.000 0.000 0.000 0.000 0.000 0.000 0.000 0.000 0.000 0.000 0.000 0.000 0.003 0.020 0.083 0.184 0.265 0.324 0.361 0.377 0.381 0.381 0.375 0.362 0.341 0.310 0.264 0.202 0.134 0.084 0.055 0.040 0.036 0.039 0.058 0.152 0.419 0.704 0.809 0.803 0.743 0.653 0.602 0.617 0.707 0.847 0.952 0.977 0.948 0.897 0.829 0.752 0.670 0.582 0.487 0.396 0.315 0.247 0.193 0.152 0.122 0.101 0.086 0.077 0.070 0.063 0.054 0.044
0.000 0.000 0.000 0.000 0.000 0.000 0.000 0.000 0.000 0.000 0.000 0.000 0.000 0.000 0.000 0.000 0.000 0.000 0.000 0.000 0.000 0.001 0.008 0.044 0.135 0.248 0.338 0.409 0.451 0.465 0.468 0.465 0.455 0.436 0.405 0.358 0.292 0.207 0.136 0.089 0.062 0.050 0.048 0.054 0.089 0.220 0.438 0.563 0.586 0.546 0.443 0.347 0.313 0.345 0.492 0.728 0.890 0.925 0.894 0.832 0.755 0.672 0.586 0.496 0.406 0.321 0.248 0.188 0.142 0.106 0.077 0.056 0.047 0.046 0.047 0.046 0.040
0.000 0.000 0.000 0.000 0.000 0.000 0.000 0.000 0.000 0.000 0.000 0.000 0.000 0.000 0.000 0.000 0.000 0.000 0.000 0.000 0.000 0.000 0.002 0.018 0.079 0.197 0.324 0.434 0.522 0.565 0.576 0.576 0.569 0.554 0.525 0.479 0.407 0.306 0.212 0.142 0.097 0.072 0.061 0.060 0.074 0.131 0.252 0.345 0.374 0.365 0.312 0.229 0.175 0.163 0.213 0.390 0.646 0.808 0.844 0.813 0.750 0.672 0.593 0.512 0.422 0.330 0.250 0.184 0.131 0.089 0.056 0.034 0.023 0.020 0.020 0.022 0.021
0.000 0.000 0.000 0.000 0.000 0.000 0.000 0.000 0.000 0.000 0.000 0.000 0.000 0.000 0.000 0.000 0.000 0.000 0.000 0.000 0.000 0.000 0.001 0.006 0.035 0.125 0.271 0.424 0.564 0.663 0.703 0.710 0.708 0.693 0.660 0.600 0.507 0.389 0.285 0.204 0.144 0.103 0.080 0.074 0.079 0.109 0.174 0.239 0.268 0.271 0.250 0.200 0.142 0.111 0.109 0.164 0.326 0.538 0.674 0.712 0.693 0.645 0.586 0.515 0.425 0.325 0.242 0.173 0.115 0.070 0.038 0.020 0.011 0.008 0.007 0.006 0.005
0.000 0.000 0.000 0.000 0.000 0.000 0.000 0.000 0.000 0.000 0.000 0.000 0.000 0.000 0.000 0.000 0.000 0.000 0.000 0.000 0.000 0.000 0.000 0.002 0.011 0.057 0.177 0.362 0.563 0.727 0.820 0.845 0.844 0.820 0.770 0.686 0.569 0.440 0.333 0.249 0.185 0.139 0.109 0.095 0.095 0.113 0.158 0.206 0.230 0.234 0.226 0.195 0.143 0.103 0.084 0.086 0.131 0.241 0.373 0.459 0.491 0.491 0.472 0.431 0.358 0.267 0.191 0.131 0.081 0.044 0.021 0.010 0.006 0.004 0.003 0.002 0.002
0.000 0.000 0.000 0.000 0.000 0.000 0.000 0.000 0.000 0.000 0.000 0.000 0.000 0.000 0.000 0.000 0.000 0.000 0.000 0.000 0.000 0.000 0.000 0.001 0.003 0.018 0.077 0.226 0.473 0.730 0.891 0.951 0.949 0.915 0.844 0.735 0.598 0.467 0.359 0.274 0.210 0.164 0.135 0.120 0.117 0.129 0.163 0.204 0.222 0.224 0.219 0.198 0.155 0.110 0.082 0.070 0.070 0.094 0.146 0.188 0.209 0.216 0.216 0.207 0.179 0.131 0.088 0.058 0.035 0.019 0.010 0.005 0.003 0.002 0.001 0.001 0.001
0.000 0.000 0.000 0.000 0.000 0.000 0.000 0.000 0.000 0.000 0.000 0.000 0.000 0.000 0.000 0.000 0.000 0.000 0.000 0.000 0.000 0.000 0.000 0.001 0.001 0.005 0.022 0.086 0.273 0.603 0.885 1.003 1.014 0.970 0.879 0.752 0.607 0.479 0.372 0.286 0.222 0.177 0.149 0.136 0.134 0.143 0.172 0.208 0.223 0.225 0.220 0.204 0.173 0.128 0.091 0.068 0.056 0.052 0.057 0.065 0.068 0.068 0.067 0.063 0.056 0.042 0.029 0.019 0.012 0.007 0.004 0.003 0.002 0.001 0.001 0.001 0.001
0.000 0.000 0.000 0.000 0.000 0.000 0.000 0.000 0.000 0.000 0.000 0.000 0.000 0.000 0.000 0.000 0.000 0.000 0.000 0.000 0.000 0.000 0.000 0.001 0.001 0.004 0.010 0.028 0.099 0.337 0.722 0.975 1.027 0.984 0.885 0.753 0.609 0.482 0.376 0.291 0.226 0.180 0.154 0.143 0.142 0.149 0.174 0.211 0.229 0.231 0.226 0.212 0.183 0.141 0.101 0.071 0.052 0.039 0.032 0.027 0.025 0.023 0.022 0.020 0.018 0.014 0.010 0.007 0.005 0.003 0.002 0.001 0.001 0.001 0.001 0.001 0.000
0.000 0.000 0.000 0.000 0.000 0.000 0.000 0.000 0.000 0.000 0.000 0.000 0.000 0.000 0.000 0.000 0.000 0.000 0.000 0.000 0.000 0.000 0.001 0.001 0.003 0.007 0.016 0.025 0.039 0.122 0.415 0.799 0.962 0.954 0.868 0.743 0.604 0.481 0.377 0.292 0.226 0.180 0.153 0.144 0.143 0.149 0.170 0.207 0.230 0.235 0.230 0.215 0.187 0.145 0.103 0.071 0.048 0.031 0.020 0.014 0.011 0.009 0.009 0.008 0.007 0.006 0.005 0.003 0.002 0.002 0.001 0.001 0.001 0.001 0.000 0.000 0.000
0.000 0.000 0.000 0.000 0.000 0.000 0.000 0.000 0.000 0.000 0.000 0.000 0.000 0.000 0.000 0.000 0.000 0.000 0.000 0.000 0.000 0.000 0.001 0.003 0.008 0.018 0.028 0.031 0.033 0.050 0.177 0.506 0.769 0.829 0.790 0.701 0.586 0.473 0.374 0.291 0.225 0.177 0.147 0.136 0.136 0.141 0.155 0.184 0.210 0.221 0.220 0.207 0.180 0.136 0.093 0.061 0.037 0.020 0.011 0.007 0.005 0.004 0.004 0.004 0.003 0.003 0.002 0.002 0.001 0.001 0.001 0.001 0.000 0.000 0.000 0.000 0.000
0.000 0.000 0.000 0.000 0.000 0.000 0.000 0.000 0.000 0.000 0.000 0.000 0.000 0.000 0.000 0.000 0.000 0.000 0.000 0.000 0.000 0.001 0.002 0.007 0.018 0.029 0.033 0.033 0.032 0.036 0.087 0.274 0.514 0.618 0.632 0.604 0.539 0.454 0.366 0.287 0.221 0.169 0.134 0.116 0.111 0.113 0.119 0.131 0.150 0.163 0.166 0.160 0.139 0.100 0.061 0.034 0.017 0.008 0.004 0.003 0.002 0.002 0.002 0.002 0.002 0.001 0.001 0.001 0.001 0.000 0.000 0.000 0.000 0.000 0.000 0.000 0.000
0.000 0.000 0.000 0.000 0.000 0.000 0.000 0.000 0.000 0.000 0.000 0.000 0.000 0.000 0.000 0.000 0.000 0.000 0.000 0.000 0.001 0.002 0.005 0.014 0.027 0.032 0.033 0.030 0.025 0.027 0.056 0.159 0.327 0.424 0.455 0.463 0.451 0.410 0.348 0.278 0.213 0.159 0.118 0.091 0.076 0.068 0.064 0.064 0.069 0.073 0.075 0.074 0.065 0.045 0.024 0.011 0.005 0.002 0.001 0.001 0.001 0.001 0.001 0.001 0.001 0.001 0.000 0.000 0.000 0.000 0.000 0.000 0.000 0.000 0.000 0.000 0.000
0.000 0.000 0.000 0.000 0.000 0.000 0.000 0.000 0.000 0.000 0.000 0.000 0.000 0.000 0.000 0.000 0.000 0.000 0.000 0.000 0.001 0.003 0.009 0.022 0.030 0.032 0.030 0.022 0.016 0.019 0.041 0.103 0.210 0.286 0.322 0.338 0.344 0.337 0.310 0.261 0.203 0.150 0.107 0.075 0.055 0.041 0.032 0.026 0.024 0.023 0.023 0.022 0.020 0.013 0.007 0.003 0.001 0.001 0.000 0.000 0.000 0.000 0.000 0.000 0.000 0.000 0.000 0.000 0.000 0.000 0.000 0.000 0.000 0.000 0.000 0.000 0.000
0.000 0.000 0.000 0.000 0.000 0.000 0.000 0.000 0.000 0.000 0.000 0.000 0.000 0.000 0.000 0.000 0.000 0.000 0.000 0.001 0.002 0.006 0.015 0.027 0.031 0.030 0.022 0.013 0.011 0.015 0.032 0.071 0.136 0.188 0.219 0.238 0.249 0.254 0.249 0.227 0.188 0.140 0.098 0.066 0.044 0.029 0.019 0.012 0.009 0.007 0.006 0.005 0.005 0.003 0.002 0.001 0.000 0.000 0.000 0.000 0.000 0.000 0.000 0.000 0.000 0.000 0.000 0.000 0.000 0.000 0.000 0.000 0.000 0.000 0.000 0.000 0.000
0.000 0.000 0.000 0.000 0.000 0.000 0.000 0.000 0.000 0.000 0.000 0.000 0.000 0.000 0.000 0.000 0.000 0.000 0.000 0.001 0.003 0.009 0.021 0.029 0.029 0.024 0.013 0.008 0.008 0.013 0.025 0.050 0.087 0.117 0.138 0.154 0.166 0.176 0.181 0.177 0.160 0.128 0.091 0.060 0.037 0.023 0.013 0.007 0.004 0.002 0.002 0.001 0.001 0.001 0.000 0.000 0.000 0.000 0.000 0.000 0.000 0.000 0.000 0.000 0.000 0.000 0.000 0.000 0.000 0.000 0.000 0.000 0.000 0.000 0.000 0.000 0.000
0.000 0.000 0.000 0.000 0.000 0.000 0.000 0.000 0.000 0.000 0.000 0.000 0.000 0.000 0.000 0.000 0.000 0.000 0.001 0.002 0.005 0.014 0.025 0.028 0.026 0.017 0.007 0.005 0.006 0.011 0.020 0.035 0.054 0.068 0.078 0.086 0.093 0.102 0.111 0.118 0.118 0.106 0.081 0.053 0.031 0.017 0.009 0.004 0.002 0.001 0.001 0.000 0.000 0.000 0.000 0.000 0.000 0.000 0.000 0.000 0.000 0.000 0.000 0.000 0.000 0.000 0.000 0.000 0.000 0.000 0.000 0.000 0.000 0.000 0.000 0.000 0.000
0.000 0.000 0.000 0.000 0.000 0.000 0.000 0.000 0.000 0.000 0.000 0.000 0.000 0.000 0.000 0.000 0.000 0.000 0.001 0.003 0.008 0.019 0.026 0.026 0.021 0.009 0.003 0.003 0.005 0.008 0.015 0.024 0.032 0.036 0.038 0.039 0.041 0.045 0.051 0.059 0.065 0.067 0.060 0.042 0.024 0.012 0.006 0.002 0.001 0.001 0.000 0.000 0.000 0.000 0.000 0.000 0.000 0.000 0.000 0.000 0.000 0.000 0.000 0.000 0.000 0.000 0.000 0.000 0.000 0.000 0.000 0.000 0.000 0.000 0.000 0.000 0.000
0.000 0.000 0.000 0.000 0.000 0.000 0.000 0.000 0.000 0.000 0.000 0.000 0.000 0.000 0.000 0.000 0.000 0.001 0.002 0.005 0.012 0.022 0.025 0.023 0.014 0.004 0.001 0.002 0.003 0.006 0.010 0.014 0.017 0.018 0.016 0.014 0.013 0.014 0.016 0.020 0.024 0.027 0.027 0.023 0.013 0.006 0.003 0.001 0.001 0.000 0.000 0.000 0.000 0.000 0.000 0.000 0.000 0.000 0.000 0.000 0.000 0.000 0.000 0.000 0.000 0.000 0.000 0.000 0.000 0.000 0.000 0.000 0.000 0.000 0.000 0.000 0.000
0.000 0.000 0.000 0.000 0.000 0.000 0.000 0.000 0.000 0.000 0.000 0.000 0.000 0.000 0.000 0.000 0.000 0.001 0.003 0.007 0.017 0.023 0.024 0.019 0.008 0.002 0.001 0.001 0.002 0.003 0.006 0.008 0.008 0.008 0.006 0.005 0.004 0.004 0.004 0.004 0.006 0.008 0.008 0.008 0.005 0.003 0.001 0.001 0.000 0.000 0.000 0.000 0.000 0.000 0.000 0.000 0.000 0.000 0.000 0.000 0.000 0.000 0.000 0.000 0.000 0.000 0.000 0.000 0.000 0.000 0.000 0.000 0.000 0.000 0.000 0.000 0.000
