RESULTS/r.avaflow_results/31_results/31_ascii/31_hflow10027.asc
ncols 506
nrows 317
xllcenter 498237.50
yllcenter 5580050.00
cellsize 12.50
NODATA_value -9999.000
[rows 170 to 203 of 317, columns 77 to 153 of 506]
0.000 0.000 0.000 0.000 0.000 0.000 0.000 0.000 0.000 0.000 0.000 0.000 0.000 0.000 0.000 0.000 0.000 0.000 0.000 0.000 0.000 0.000 0.000 0.000 0.000 0.000 0.000 0.000 0.000 0.000 0.000 0.000 0.000 0.000 0.000 0.000 0.000 0.000 0.000 0.000 0.000 0.000 0.000 0.000 0.000 0.000 0.000 0.001 0.002 0.005 0.008 0.017 0.042 0.103 0.203 0.286 0.352 0.419 0.457 0.452 0.416 0.354 0.278 0.209 0.154 0.112 0.080 0.057 0.040 0.028 0.019 0.013 0.009 0.006 0.004 0.003 0.002
0.000 0.000 0.000 0.000 0.000 0.000 0.000 0.000 0.000 0.000 0.000 0.000 0.000 0.000 0.000 0.000 0.000 0.000 0.000 0.000 0.000 0.000 0.000 0.000 0.000 0.000 0.000 0.000 0.000 0.000 0.000 0.000 0.000 0.000 0.000 0.000 0.000 0.000 0.000 0.000 0.000 0.000 0.000 0.000 0.000 0.001 0.002 0.004 0.007 0.014 0.028 0.065 0.140 0.270 0.405 0.485 0.530 0.555 0.555 0.526 0.471 0.394 0.306 0.232 0.171 0.125 0.091 0.065 0.046 0.032 0.022 0.016 0.011 0.007 0.005 0.003 0.002
0.000 0.000 0.000 0.000 0.000 0.000 0.000 0.000 0.000 0.000 0.000 0.000 0.000 0.000 0.000 0.000 0.000 0.000 0.000 0.000 0.000 0.000 0.000 0.000 0.000 0.000 0.000 0.000 0.000 0.000 0.000 0.000 0.000 0.000 0.000 0.000 0.000 0.000 0.000 0.000 0.000 0.000 0.000 0.000 0.001 0.003 0.007 0.013 0.025 0.052 0.112 0.218 0.349 0.468 0.540 0.586 0.618 0.624 0.608 0.568 0.507 0.426 0.330 0.250 0.186 0.136 0.099 0.071 0.051 0.036 0.025 0.017 0.012 0.008 0.005 0.003 0.002
0.000 0.000 0.000 0.000 0.000 0.000 0.000 0.000 0.000 0.000 0.000 0.000 0.000 0.000 0.000 0.000 0.000 0.000 0.000 0.000 0.000 0.000 0.000 0.000 0.000 0.000 0.000 0.000 0.000 0.000 0.000 0.000 0.000 0.000 0.000 0.000 0.000 0.000 0.000 0.000 0.000 0.000 0.001 0.001 0.004 0.010 0.023 0.049 0.096 0.188 0.348 0.511 0.600 0.619 0.608 0.620 0.645 0.649 0.632 0.592 0.531 0.450 0.351 0.265 0.197 0.145 0.105 0.076 0.054 0.038 0.027 0.018 0.013 0.008 0.006 0.004 0.002
0.000 0.000 0.000 0.000 0.000 0.000 0.000 0.000 0.000 0.000 0.000 0.000 0.000 0.000 0.000 0.000 0.000 0.000 0.000 0.000 0.000 0.000 0.000 0.001 0.002 0.002 0.002 0.003 0.003 0.003 0.003 0.003 0.003 0.002 0.002 0.001 0.001 0.001 0.001 0.001 0.001 0.001 0.002 0.004 0.013 0.036 0.085 0.167 0.295 0.484 0.675 0.766 0.765 0.708 0.642 0.627 0.643 0.652 0.641 0.607 0.550 0.469 0.368 0.276 0.205 0.151 0.110 0.079 0.056 0.040 0.028 0.019 0.013 0.009 0.006 0.004 0.002
0.000 0.000 0.000 0.000 0.000 0.000 0.000 0.000 0.000 0.000 0.000 0.000 0.000 0.000 0.000 0.000 0.000 0.000 0.000 0.000 0.000 0.001 0.002 0.003 0.005 0.006 0.007 0.008 0.008 0.008 0.008 0.008 0.008 0.007 0.006 0.004 0.003 0.002 0.002 0.002 0.002 0.002 0.005 0.014 0.044 0.121 0.252 0.427 0.629 0.804 0.890 0.900 0.858 0.764 0.668 0.624 0.624 0.641 0.642 0.618 0.566 0.484 0.378 0.282 0.210 0.154 0.112 0.081 0.057 0.040 0.028 0.020 0.013 0.009 0.006 0.004 0.003
0.000 0.000 0.000 0.000 0.000 0.000 0.000 0.000 0.000 0.000 0.000 0.000 0.000 0.000 0.000 0.000 0.000 0.000 0.000 0.000 0.001 0.002 0.004 0.007 0.011 0.013 0.015 0.016 0.017 0.017 0.017 0.017 0.016 0.015 0.012 0.008 0.006 0.005 0.004 0.004 0.004 0.006 0.013 0.043 0.139 0.330 0.563 0.765 0.909 0.987 1.003 0.981 0.920 0.810 0.693 0.623 0.603 0.621 0.638 0.626 0.578 0.493 0.383 0.285 0.211 0.155 0.113 0.081 0.058 0.041 0.029 0.020 0.013 0.009 0.006 0.004 0.003
0.000 0.000 0.000 0.000 0.000 0.000 0.000 0.000 0.000 0.000 0.000 0.000 0.000 0.000 0.000 0.000 0.000 0.000 0.000 0.001 0.002 0.005 0.008 0.013 0.019 0.023 0.026 0.028 0.029 0.030 0.030 0.029 0.028 0.026 0.021 0.014 0.010 0.008 0.007 0.007 0.008 0.012 0.034 0.120 0.351 0.676 0.905 1.016 1.071 1.091 1.083 1.046 0.969 0.850 0.721 0.634 0.600 0.612 0.635 0.629 0.583 0.496 0.383 0.286 0.211 0.155 0.113 0.081 0.058 0.041 0.029 0.020 0.013 0.009 0.006 0.004 0.003
0.000 0.000 0.000 0.000 0.000 0.000 0.000 0.000 0.000 0.000 0.000 0.000 0.000 0.000 0.000 0.000 0.000 0.000 0.000 0.001 0.004 0.009 0.015 0.022 0.031 0.037 0.042 0.045 0.046 0.047 0.047 0.046 0.044 0.040 0.033 0.023 0.016 0.013 0.011 0.011 0.013 0.023 0.074 0.260 0.654 0.993 1.130 1.167 1.178 1.172 1.148 1.096 1.010 0.890 0.757 0.660 0.614 0.617 0.636 0.628 0.581 0.492 0.379 0.283 0.210 0.154 0.112 0.081 0.058 0.041 0.028 0.020 0.013 0.009 0.006 0.004 0.003
0.000 0.000 0.000 0.000 0.000 0.000 0.000 0.000 0.000 0.000 0.000 0.000 0.000 0.000 0.000 0.000 0.000 0.000 0.000 0.002 0.007 0.014 0.023 0.035 0.046 0.055 0.062 0.066 0.068 0.069 0.069 0.068 0.066 0.060 0.050 0.035 0.024 0.018 0.016 0.015 0.017 0.031 0.106 0.384 0.892 1.193 1.265 1.267 1.257 1.231 1.188 1.126 1.043 0.936 0.807 0.703 0.645 0.635 0.640 0.624 0.569 0.477 0.366 0.275 0.205 0.151 0.110 0.080 0.057 0.040 0.028 0.019 0.013 0.009 0.006 0.004 0.003
0.000 0.000 0.000 0.000 0.000 0.000 0.000 0.000 0.000 0.000 0.000 0.000 0.000 0.000 0.000 0.000 0.000 0.000 0.000 0.002 0.007 0.018 0.034 0.052 0.067 0.079 0.088 0.094 0.096 0.098 0.098 0.097 0.093 0.086 0.072 0.052 0.035 0.025 0.020 0.019 0.021 0.035 0.114 0.434 1.020 1.310 1.348 1.334 1.305 1.259 1.202 1.140 1.070 0.986 0.878 0.770 0.698 0.665 0.645 0.610 0.543 0.447 0.343 0.261 0.196 0.146 0.107 0.077 0.055 0.039 0.027 0.019 0.013 0.009 0.006 0.004 0.003
0.000 0.000 0.000 0.000 0.000 0.000 0.000 0.000 0.000 0.000 0.000 0.000 0.000 0.000 0.000 0.000 0.000 0.000 0.000 0.002 0.006 0.018 0.041 0.070 0.093 0.109 0.121 0.129 0.133 0.134 0.135 0.133 0.128 0.119 0.102 0.076 0.050 0.034 0.026 0.023 0.024 0.036 0.112 0.430 1.053 1.369 1.399 1.372 1.324 1.262 1.200 1.144 1.090 1.030 0.954 0.860 0.771 0.704 0.650 0.589 0.507 0.405 0.312 0.239 0.182 0.137 0.102 0.074 0.053 0.038 0.027 0.018 0.013 0.009 0.006 0.004 0.002
0.000 0.000 0.000 0.000 0.000 0.000 0.000 0.000 0.000 0.000 0.000 0.000 0.000 0.000 0.000 0.000 0.000 0.000 0.000 0.001 0.004 0.016 0.041 0.084 0.122 0.146 0.163 0.174 0.179 0.182 0.182 0.180 0.173 0.162 0.142 0.111 0.073 0.047 0.033 0.028 0.027 0.037 0.099 0.383 1.002 1.375 1.422 1.388 1.325 1.248 1.186 1.140 1.099 1.057 1.004 0.931 0.839 0.744 0.657 0.570 0.474 0.373 0.287 0.219 0.166 0.125 0.094 0.070 0.051 0.037 0.026 0.018 0.013 0.008 0.006 0.004 0.002
0.000 0.000 0.000 0.000 0.000 0.000 0.000 0.000 0.000 0.000 0.000 0.000 0.000 0.000 0.000 0.000 0.000 0.000 0.000 0.000 0.002 0.011 0.037 0.087 0.147 0.189 0.213 0.229 0.237 0.240 0.240 0.238 0.231 0.217 0.194 0.159 0.110 0.068 0.045 0.034 0.032 0.038 0.078 0.284 0.828 1.296 1.413 1.386 1.310 1.209 1.142 1.109 1.090 1.066 1.029 0.967 0.881 0.777 0.667 0.559 0.453 0.355 0.273 0.207 0.156 0.117 0.087 0.065 0.049 0.036 0.026 0.019 0.013 0.008 0.005 0.004 0.002
0.000 0.000 0.000 0.000 0.000 0.000 0.000 0.000 0.000 0.000 0.000 0.000 0.000 0.000 0.000 0.000 0.000 0.000 0.000 0.000 0.001 0.006 0.028 0.081 0.158 0.226 0.271 0.295 0.308 0.314 0.314 0.312 0.304 0.289 0.263 0.223 0.165 0.105 0.066 0.047 0.041 0.043 0.064 0.173 0.549 1.073 1.315 1.334 1.262 1.137 1.041 1.005 1.007 1.020 1.016 0.974 0.897 0.796 0.678 0.555 0.444 0.348 0.267 0.202 0.150 0.111 0.082 0.061 0.046 0.034 0.025 0.018 0.013 0.008 0.005 0.003 0.002
0.000 0.000 0.000 0.000 0.000 0.000 0.000 0.000 0.000 0.000 0.000 0.000 0.000 0.000 0.000 0.000 0.000 0.000 0.000 0.000 0.000 0.002 0.017 0.064 0.148 0.243 0.321 0.371 0.394 0.404 0.407 0.404 0.397 0.381 0.353 0.309 0.243 0.163 0.105 0.073 0.059 0.058 0.069 0.119 0.309 0.734 1.074 1.170 1.134 1.014 0.861 0.773 0.765 0.801 0.867 0.912 0.882 0.801 0.688 0.560 0.444 0.347 0.267 0.201 0.148 0.108 0.078 0.056 0.041 0.029 0.021 0.015 0.011 0.008 0.005 0.003 0.002
0.000 0.000 0.000 0.000 0.000 0.000 0.000 0.000 0.000 0.000 0.000 0.000 0.000 0.000 0.000 0.000 0.000 0.000 0.000 0.000 0.000 0.001 0.007 0.040 0.119 0.232 0.347 0.442 0.495 0.516 0.522 0.522 0.515 0.500 0.472 0.423 0.350 0.251 0.170 0.119 0.092 0.083 0.086 0.108 0.194 0.429 0.721 0.859 0.872 0.800 0.642 0.493 0.429 0.437 0.530 0.685 0.777 0.763 0.685 0.568 0.448 0.350 0.268 0.201 0.147 0.105 0.074 0.050 0.033 0.021 0.013 0.008 0.006 0.005 0.004 0.002 0.001
0.000 0.000 0.000 0.000 0.000 0.000 0.000 0.000 0.000 0.000 0.000 0.000 0.000 0.000 0.000 0.000 0.000 0.000 0.000 0.000 0.000 0.000 0.002 0.018 0.077 0.193 0.337 0.483 0.597 0.652 0.667 0.668 0.663 0.651 0.622 0.567 0.477 0.360 0.261 0.190 0.146 0.123 0.116 0.123 0.158 0.266 0.443 0.555 0.585 0.564 0.478 0.346 0.248 0.215 0.239 0.356 0.527 0.622 0.619 0.554 0.451 0.353 0.273 0.204 0.147 0.102 0.067 0.041 0.024 0.013 0.007 0.004 0.002 0.002 0.002 0.001 0.001
0.000 0.000 0.000 0.000 0.000 0.000 0.000 0.000 0.000 0.000 0.000 0.000 0.000 0.000 0.000 0.000 0.000 0.000 0.000 0.000 0.000 0.000 0.001 0.006 0.037 0.131 0.290 0.480 0.664 0.788 0.836 0.843 0.840 0.824 0.776 0.691 0.571 0.443 0.341 0.266 0.213 0.179 0.160 0.155 0.167 0.213 0.303 0.380 0.412 0.411 0.374 0.287 0.189 0.132 0.117 0.146 0.241 0.364 0.439 0.452 0.408 0.337 0.267 0.199 0.136 0.087 0.052 0.029 0.015 0.007 0.004 0.002 0.001 0.001 0.001 0.001 0.001
0.000 0.000 0.000 0.000 0.000 0.000 0.000 0.000 0.000 0.000 0.000 0.000 0.000 0.000 0.000 0.000 0.000 0.000 0.000 0.000 0.000 0.000 0.000 0.002 0.013 0.065 0.199 0.419 0.674 0.879 0.985 1.008 1.003 0.970 0.893 0.773 0.626 0.494 0.391 0.315 0.261 0.226 0.205 0.196 0.194 0.210 0.254 0.301 0.323 0.325 0.307 0.252 0.170 0.108 0.078 0.072 0.093 0.150 0.210 0.245 0.256 0.238 0.200 0.147 0.091 0.051 0.027 0.014 0.007 0.004 0.002 0.001 0.001 0.001 0.001 0.000 0.000
0.000 0.000 0.000 0.000 0.000 0.000 0.000 0.000 0.000 0.000 0.000 0.000 0.000 0.000 0.000 0.000 0.000 0.000 0.000 0.000 0.000 0.000 0.000 0.001 0.003 0.021 0.090 0.268 0.571 0.887 1.074 1.133 1.123 1.071 0.964 0.813 0.651 0.519 0.416 0.340 0.286 0.252 0.232 0.224 0.223 0.226 0.244 0.268 0.277 0.276 0.261 0.222 0.158 0.101 0.067 0.050 0.047 0.057 0.078 0.092 0.097 0.096 0.084 0.060 0.035 0.019 0.011 0.006 0.004 0.002 0.001 0.001 0.001 0.001 0.000 0.000 0.000
0.000 0.000 0.000 0.000 0.000 0.000 0.000 0.000 0.000 0.000 0.000 0.000 0.000 0.000 0.000 0.000 0.000 0.000 0.000 0.000 0.000 0.000 0.000 0.001 0.001 0.006 0.027 0.102 0.330 0.732 1.064 1.190 1.191 1.123 0.994 0.824 0.659 0.527 0.425 0.349 0.295 0.261 0.243 0.235 0.234 0.235 0.242 0.250 0.251 0.246 0.229 0.195 0.144 0.095 0.063 0.044 0.034 0.031 0.032 0.034 0.033 0.032 0.028 0.020 0.012 0.008 0.005 0.003 0.002 0.001 0.001 0.001 0.000 0.000 0.000 0.000 0.000
0.000 0.000 0.000 0.000 0.000 0.000 0.000 0.000 0.000 0.000 0.000 0.000 0.000 0.000 0.000 0.000 0.000 0.000 0.000 0.000 0.000 0.000 0.001 0.001 0.002 0.007 0.017 0.040 0.121 0.404 0.857 1.145 1.196 1.133 0.996 0.821 0.658 0.527 0.426 0.350 0.296 0.262 0.244 0.237 0.236 0.237 0.238 0.237 0.233 0.222 0.201 0.169 0.126 0.087 0.059 0.040 0.029 0.023 0.019 0.016 0.014 0.013 0.011 0.008 0.005 0.004 0.002 0.002 0.001 0.001 0.001 0.000 0.000 0.000 0.000 0.000 0.000
0.000 0.000 0.000 0.000 0.000 0.000 0.000 0.000 0.000 0.000 0.000 0.000 0.000 0.000 0.000 0.000 0.000 0.000 0.000 0.000 0.000 0.000 0.001 0.002 0.006 0.015 0.028 0.039 0.053 0.144 0.476 0.913 1.097 1.081 0.966 0.802 0.646 0.521 0.422 0.347 0.292 0.256 0.238 0.234 0.234 0.234 0.232 0.226 0.217 0.201 0.178 0.145 0.107 0.076 0.053 0.036 0.025 0.018 0.013 0.009 0.008 0.006 0.005 0.004 0.003 0.002 0.001 0.001 0.001 0.001 0.000 0.000 0.000 0.000 0.000 0.000 0.000
0.000 0.000 0.000 0.000 0.000 0.000 0.000 0.000 0.000 0.000 0.000 0.000 0.000 0.000 0.000 0.000 0.000 0.000 0.000 0.000 0.000 0.001 0.002 0.006 0.016 0.032 0.044 0.047 0.047 0.060 0.192 0.551 0.840 0.906 0.856 0.743 0.613 0.501 0.408 0.334 0.278 0.240 0.220 0.216 0.220 0.223 0.221 0.214 0.201 0.182 0.156 0.122 0.089 0.063 0.044 0.029 0.019 0.012 0.007 0.005 0.004 0.003 0.003 0.002 0.002 0.001 0.001 0.001 0.000 0.000 0.000 0.000 0.000 0.000 0.000 0.000 0.000
0.000 0.000 0.000 0.000 0.000 0.000 0.000 0.000 0.000 0.000 0.000 0.000 0.000 0.000 0.000 0.000 0.000 0.000 0.000 0.000 0.001 0.002 0.005 0.014 0.031 0.044 0.048 0.047 0.042 0.041 0.088 0.282 0.532 0.636 0.648 0.615 0.544 0.461 0.381 0.311 0.253 0.211 0.185 0.176 0.179 0.188 0.193 0.190 0.180 0.162 0.135 0.101 0.070 0.047 0.030 0.018 0.010 0.005 0.003 0.002 0.002 0.002 0.001 0.001 0.001 0.001 0.000 0.000 0.000 0.000 0.000 0.000 0.000 0.000 0.000 0.000 0.000
0.000 0.000 0.000 0.000 0.000 0.000 0.000 0.000 0.000 0.000 0.000 0.000 0.000 0.000 0.000 0.000 0.000 0.000 0.000 0.000 0.001 0.003 0.010 0.025 0.042 0.048 0.048 0.041 0.029 0.026 0.051 0.155 0.326 0.418 0.441 0.443 0.429 0.391 0.336 0.276 0.219 0.172 0.137 0.119 0.114 0.119 0.127 0.131 0.130 0.121 0.102 0.073 0.046 0.027 0.015 0.007 0.004 0.002 0.001 0.001 0.001 0.001 0.001 0.000 0.000 0.000 0.000 0.000 0.000 0.000 0.000 0.000 0.000 0.000 0.000 0.000 0.000
0.000 0.000 0.000 0.000 0.000 0.000 0.000 0.000 0.000 0.000 0.000 0.000 0.000 0.000 0.000 0.000 0.000 0.000 0.000 0.001 0.002 0.006 0.017 0.035 0.046 0.047 0.043 0.027 0.015 0.015 0.034 0.094 0.202 0.272 0.298 0.304 0.303 0.294 0.270 0.230 0.182 0.137 0.102 0.077 0.064 0.058 0.057 0.058 0.057 0.054 0.045 0.032 0.019 0.010 0.005 0.002 0.001 0.001 0.000 0.000 0.000 0.000 0.000 0.000 0.000 0.000 0.000 0.000 0.000 0.000 0.000 0.000 0.000 0.000 0.000 0.000 0.000
0.000 0.000 0.000 0.000 0.000 0.000 0.000 0.000 0.000 0.000 0.000 0.000 0.000 0.000 0.000 0.000 0.000 0.000 0.000 0.001 0.003 0.010 0.026 0.040 0.045 0.043 0.030 0.013 0.008 0.010 0.023 0.061 0.125 0.173 0.196 0.205 0.207 0.204 0.194 0.174 0.144 0.108 0.077 0.053 0.038 0.028 0.023 0.020 0.017 0.015 0.012 0.008 0.004 0.002 0.001 0.001 0.000 0.000 0.000 0.000 0.000 0.000 0.000 0.000 0.000 0.000 0.000 0.000 0.000 0.000 0.000 0.000 0.000 0.000 0.000 0.000 0.000
0.000 0.000 0.000 0.000 0.000 0.000 0.000 0.000 0.000 0.000 0.000 0.000 0.000 0.000 0.000 0.000 0.000 0.000 0.001 0.002 0.005 0.016 0.033 0.042 0.042 0.035 0.017 0.006 0.004 0.007 0.016 0.039 0.076 0.104 0.120 0.129 0.133 0.134 0.130 0.121 0.105 0.082 0.058 0.038 0.024 0.015 0.010 0.007 0.005 0.004 0.003 0.002 0.001 0.000 0.000 0.000 0.000 0.000 0.000 0.000 0.000 0.000 0.000 0.000 0.000 0.000 0.000 0.000 0.000 0.000 0.000 0.000 0.000 0.000 0.000 0.000 0.000
0.000 0.000 0.000 0.000 0.000 0.000 0.000 0.000 0.000 0.000 0.000 0.000 0.000 0.000 0.000 0.000 0.000 0.000 0.001 0.003 0.009 0.023 0.037 0.040 0.037 0.024 0.008 0.003 0.002 0.004 0.011 0.024 0.044 0.057 0.065 0.070 0.074 0.076 0.076 0.074 0.068 0.056 0.040 0.026 0.015 0.008 0.005 0.003 0.002 0.001 0.001 0.000 0.000 0.000 0.000 0.000 0.000 0.000 0.000 0.000 0.000 0.000 0.000 0.000 0.000 0.000 0.000 0.000 0.000 0.000 0.000 0.000 0.000 0.000 0.000 0.000 0.000
0.000 0.000 0.000 0.000 0.000 0.000 0.000 0.000 0.000 0.000 0.000 0.000 0.000 0.000 0.000 0.000 0.000 0.001 0.001 0.004 0.014 0.029 0.037 0.038 0.030 0.014 0.004 0.002 0.001 0.003 0.007 0.015 0.023 0.028 0.030 0.031 0.032 0.034 0.035 0.036 0.034 0.031 0.024 0.015 0.008 0.004 0.002 0.001 0.001 0.000 0.000 0.000 0.000 0.000 0.000 0.000 0.000 0.000 0.000 0.000 0.000 0.000 0.000 0.000 0.000 0.000 0.000 0.000 0.000 0.000 0.000 0.000 0.000 0.000 0.000 0.000 0.000
0.000 0.000 0.000 0.000 0.000 0.000 0.000 0.000 0.000 0.000 0.000 0.000 0.000 0.000 0.000 0.000 0.000 0.001 0.002 0.007 0.019 0.033 0.036 0.033 0.020 0.006 0.002 0.001 0.001 0.001 0.004 0.008 0.011 0.012 0.012 0.011 0.011 0.011 0.011 0.012 0.012 0.012 0.011 0.007 0.004 0.002 0.001 0.001 0.000 0.000 0.000 0.000 0.000 0.000 0.000 0.000 0.000 0.000 0.000 0.000 0.000 0.000 0.000 0.000 0.000 0.000 0.000 0.000 0.000 0.000 0.000 0.000 0.000 0.000 0.000 0.000 0.000
0.000 0.000 0.000 0.000 0.000 0.000 0.000 0.000 0.000 0.000 0.000 0.000 0.000 0.000 0.000 0.000 0.001 0.001 0.004 0.011 0.025 0.034 0.034 0.027 0.011 0.003 0.001 0.001 0.001 0.001 0.002 0.003 0.004 0.005 0.004 0.003 0.003 0.003 0.003 0.003 0.003 0.003 0.003 0.003 0.002 0.001 0.000 0.000 0.000 0.000 0.000 0.000 0.000 0.000 0.000 0.000 0.000 0.000 0.000 0.000 0.000 0.000 0.000 0.000 0.000 0.000 0.000 0.000 0.000 0.000 0.000 0.000 0.000 0.000 0.000 0.000 0.000
