RESULTS/r.avaflow_results/31_results/31_ascii/31_hflow1_max.asc
ncols 506
nrows 317
xllcenter 498237.50
yllcenter 5580050.00
cellsize 12.50
NODATA_value -9999.000
[rows 170 to 203 of 317, columns 77 to 153 of 506]
0.000 0.000 0.000 0.000 0.000 0.000 0.000 0.000 0.000 0.000 0.000 0.000 0.000 0.000 0.000 0.000 0.000 0.000 0.000 0.000 0.000 0.000 0.000 0.000 0.000 0.000 0.000 0.000 0.000 0.000 0.000 0.000 0.000 0.000 0.000 0.000 0.000 0.000 0.000 0.000 0.000 0.000 0.000 0.000 0.000 0.001 0.002 0.004 0.006 0.012 0.024 0.055 0.138 0.291 0.438 0.535 0.619 0.684 0.704 0.693 0.663 0.621 0.574 0.513 0.436 0.354 0.284 0.226 0.179 0.140 0.109 0.085 0.066 0.051 0.039 0.030 0.023
0.000 0.000 0.000 0.000 0.000 0.000 0.000 0.000 0.000 0.000 0.000 0.000 0.000 0.000 0.000 0.000 0.000 0.000 0.000 0.000 0.000 0.000 0.000 0.000 0.000 0.000 0.000 0.000 0.000 0.000 0.000 0.000 0.000 0.000 0.000 0.000 0.000 0.000 0.000 0.000 0.000 0.000 0.000 0.001 0.002 0.004 0.006 0.011 0.021 0.044 0.090 0.187 0.339 0.495 0.597 0.674 0.730 0.753 0.749 0.730 0.701 0.660 0.606 0.536 0.451 0.364 0.292 0.232 0.183 0.144 0.113 0.088 0.068 0.053 0.041 0.032 0.024
0.000 0.000 0.000 0.000 0.000 0.000 0.000 0.000 0.000 0.000 0.000 0.000 0.000 0.000 0.000 0.000 0.000 0.000 0.000 0.000 0.001 0.001 0.001 0.001 0.001 0.001 0.001 0.001 0.001 0.001 0.001 0.001 0.001 0.001 0.000 0.000 0.000 0.000 0.000 0.000 0.000 0.001 0.002 0.004 0.007 0.011 0.019 0.039 0.080 0.161 0.287 0.452 0.568 0.623 0.664 0.721 0.768 0.777 0.769 0.752 0.726 0.685 0.626 0.551 0.461 0.373 0.299 0.238 0.189 0.149 0.117 0.092 0.071 0.056 0.043 0.033 0.025
0.000 0.000 0.000 0.000 0.000 0.000 0.000 0.000 0.000 0.000 0.000 0.000 0.000 0.000 0.000 0.000 0.000 0.000 0.001 0.002 0.003 0.004 0.005 0.005 0.005 0.005 0.005 0.005 0.005 0.005 0.005 0.004 0.004 0.003 0.002 0.002 0.001 0.001 0.000 0.000 0.001 0.002 0.005 0.010 0.017 0.031 0.067 0.135 0.250 0.428 0.608 0.705 0.765 0.786 0.754 0.724 0.773 0.785 0.779 0.766 0.741 0.700 0.641 0.563 0.469 0.379 0.305 0.244 0.194 0.154 0.121 0.095 0.074 0.057 0.044 0.034 0.026
0.000 0.000 0.000 0.000 0.000 0.000 0.000 0.000 0.000 0.000 0.000 0.000 0.000 0.000 0.000 0.000 0.000 0.001 0.002 0.005 0.008 0.010 0.011 0.012 0.012 0.012 0.012 0.012 0.012 0.012 0.012 0.011 0.010 0.008 0.005 0.004 0.003 0.002 0.001 0.001 0.002 0.006 0.013 0.024 0.043 0.107 0.211 0.361 0.557 0.743 0.835 1.150 1.308 1.301 1.186 0.965 0.758 0.786 0.785 0.775 0.752 0.712 0.653 0.572 0.474 0.384 0.310 0.248 0.198 0.157 0.124 0.097 0.076 0.059 0.046 0.035 0.027
0.000 0.000 0.000 0.000 0.000 0.000 0.000 0.000 0.000 0.000 0.000 0.000 0.000 0.000 0.000 0.000 0.000 0.002 0.005 0.010 0.015 0.018 0.020 0.022 0.023 0.023 0.023 0.023 0.023 0.022 0.022 0.020 0.018 0.014 0.010 0.007 0.005 0.004 0.003 0.003 0.005 0.013 0.028 0.053 0.139 0.299 0.498 0.699 0.860 0.942 1.235 1.591 1.723 1.712 1.560 1.255 0.926 0.777 0.791 0.783 0.763 0.725 0.664 0.578 0.476 0.387 0.312 0.251 0.200 0.159 0.125 0.098 0.077 0.060 0.047 0.036 0.028
0.000 0.000 0.000 0.000 0.000 0.000 0.000 0.000 0.000 0.000 0.000 0.000 0.000 0.000 0.000 0.000 0.001 0.004 0.009 0.017 0.024 0.029 0.033 0.035 0.036 0.037 0.037 0.037 0.037 0.036 0.035 0.032 0.029 0.023 0.016 0.011 0.008 0.007 0.006 0.006 0.010 0.025 0.055 0.143 0.363 0.637 0.843 0.966 1.035 1.209 1.608 1.875 1.974 1.970 1.820 1.540 1.078 0.767 0.798 0.793 0.776 0.737 0.671 0.580 0.477 0.387 0.313 0.251 0.200 0.159 0.126 0.099 0.077 0.061 0.047 0.037 0.028
0.000 0.000 0.000 0.000 0.000 0.000 0.000 0.000 0.000 0.000 0.000 0.000 0.000 0.000 0.000 0.000 0.001 0.005 0.012 0.023 0.035 0.044 0.049 0.053 0.054 0.055 0.055 0.055 0.055 0.054 0.052 0.049 0.043 0.035 0.025 0.017 0.013 0.010 0.010 0.011 0.018 0.044 0.107 0.339 0.715 0.983 1.092 1.134 1.248 1.651 1.915 2.056 2.110 2.104 2.006 1.726 1.197 0.796 0.803 0.801 0.785 0.743 0.673 0.580 0.476 0.386 0.311 0.250 0.199 0.158 0.125 0.099 0.078 0.061 0.048 0.037 0.029
0.000 0.000 0.000 0.000 0.000 0.000 0.000 0.000 0.000 0.000 0.000 0.000 0.000 0.000 0.000 0.000 0.001 0.005 0.013 0.026 0.045 0.061 0.070 0.074 0.077 0.078 0.078 0.078 0.077 0.076 0.073 0.069 0.062 0.051 0.036 0.025 0.019 0.016 0.016 0.017 0.028 0.070 0.204 0.593 1.030 1.220 1.257 1.314 1.724 1.978 2.099 2.142 2.164 2.147 2.090 1.804 1.254 0.814 0.805 0.805 0.787 0.742 0.671 0.576 0.471 0.382 0.308 0.247 0.197 0.157 0.125 0.099 0.078 0.062 0.049 0.038 0.029
0.000 0.000 0.000 0.000 0.000 0.000 0.000 0.000 0.000 0.000 0.000 0.000 0.000 0.000 0.000 0.000 0.001 0.005 0.012 0.026 0.048 0.076 0.094 0.101 0.104 0.106 0.106 0.106 0.105 0.103 0.100 0.094 0.085 0.071 0.054 0.040 0.029 0.025 0.024 0.026 0.041 0.108 0.275 0.764 1.239 1.382 1.381 1.716 1.980 2.121 2.159 2.164 2.186 2.174 2.104 1.813 1.259 0.815 0.807 0.805 0.784 0.735 0.662 0.564 0.461 0.375 0.302 0.243 0.194 0.155 0.124 0.099 0.079 0.063 0.050 0.039 0.030
0.000 0.000 0.000 0.000 0.000 0.000 0.000 0.000 0.000 0.000 0.000 0.000 0.000 0.000 0.000 0.000 0.001 0.004 0.010 0.022 0.045 0.082 0.116 0.131 0.137 0.139 0.139 0.139 0.138 0.136 0.132 0.125 0.114 0.097 0.083 0.063 0.045 0.036 0.035 0.043 0.066 0.154 0.398 0.858 1.366 1.496 1.702 1.921 2.066 2.139 2.159 2.159 2.179 2.175 2.072 1.760 1.211 0.817 0.815 0.806 0.778 0.724 0.645 0.545 0.446 0.364 0.294 0.237 0.191 0.153 0.124 0.100 0.081 0.065 0.051 0.040 0.031
0.000 0.000 0.000 0.000 0.000 0.000 0.000 0.000 0.000 0.000 0.000 0.000 0.000 0.000 0.000 0.000 0.000 0.001 0.005 0.013 0.033 0.073 0.126 0.159 0.172 0.177 0.178 0.179 0.178 0.176 0.172 0.163 0.150 0.142 0.129 0.104 0.071 0.060 0.070 0.097 0.145 0.233 0.498 0.935 1.410 1.760 1.914 1.994 2.061 2.105 2.134 2.110 2.112 2.094 1.962 1.614 1.078 0.851 0.828 0.810 0.772 0.709 0.622 0.518 0.424 0.347 0.283 0.229 0.186 0.151 0.124 0.102 0.083 0.068 0.054 0.043 0.033
0.000 0.000 0.000 0.000 0.000 0.000 0.000 0.000 0.000 0.000 0.000 0.000 0.000 0.000 0.000 0.000 0.000 0.000 0.001 0.004 0.016 0.052 0.117 0.174 0.205 0.219 0.224 0.225 0.226 0.224 0.219 0.217 0.218 0.215 0.202 0.170 0.118 0.122 0.151 0.210 0.308 0.484 0.820 1.296 1.726 1.919 1.978 2.000 2.022 2.048 2.021 1.928 1.904 1.837 1.675 1.344 0.930 0.887 0.851 0.814 0.764 0.692 0.599 0.495 0.403 0.328 0.268 0.219 0.179 0.148 0.124 0.104 0.088 0.072 0.058 0.046 0.036
0.000 0.000 0.000 0.000 0.000 0.000 0.000 0.000 0.000 0.000 0.000 0.000 0.000 0.000 0.000 0.000 0.000 0.000 0.000 0.001 0.006 0.029 0.092 0.174 0.228 0.261 0.276 0.281 0.283 0.282 0.309 0.330 0.335 0.332 0.315 0.272 0.227 0.256 0.324 0.441 0.625 0.961 1.390 1.700 1.858 1.933 1.965 1.985 1.975 1.911 1.762 1.621 1.518 1.402 1.237 1.010 0.970 0.924 0.872 0.817 0.755 0.678 0.586 0.484 0.393 0.317 0.256 0.208 0.170 0.142 0.121 0.105 0.091 0.076 0.063 0.050 0.039
0.000 0.000 0.000 0.000 0.000 0.000 0.000 0.000 0.000 0.000 0.000 0.000 0.000 0.000 0.000 0.000 0.000 0.000 0.000 0.000 0.002 0.013 0.060 0.153 0.236 0.294 0.332 0.348 0.356 0.395 0.487 0.533 0.542 0.535 0.500 0.429 0.464 0.542 0.684 0.891 1.165 1.506 1.761 1.859 1.880 1.897 1.929 1.915 1.820 1.693 1.467 1.294 1.194 1.120 1.049 1.007 0.984 0.943 0.887 0.822 0.751 0.672 0.582 0.484 0.392 0.314 0.250 0.199 0.161 0.134 0.115 0.102 0.090 0.077 0.065 0.053 0.043
0.000 0.000 0.000 0.000 0.000 0.000 0.000 0.000 0.000 0.000 0.000 0.000 0.000 0.000 0.000 0.000 0.000 0.000 0.000 0.000 0.001 0.005 0.031 0.109 0.218 0.310 0.384 0.430 0.453 0.557 0.782 0.893 0.905 0.881 0.805 0.835 0.934 1.101 1.315 1.507 1.671 1.827 1.898 1.892 1.881 1.860 1.805 1.694 1.652 1.478 1.167 0.978 0.864 0.840 0.869 0.952 0.977 0.948 0.897 0.829 0.752 0.670 0.582 0.487 0.396 0.315 0.247 0.193 0.152 0.122 0.101 0.086 0.077 0.070 0.063 0.054 0.044
0.000 0.000 0.000 0.000 0.000 0.000 0.000 0.000 0.000 0.000 0.000 0.000 0.000 0.000 0.000 0.000 0.000 0.000 0.000 0.000 0.000 0.002 0.013 0.062 0.169 0.297 0.414 0.515 0.582 0.689 0.978 1.294 1.380 1.344 1.274 1.349 1.502 1.671 1.807 1.900 1.948 1.965 1.933 1.908 1.858 1.755 1.590 1.470 1.395 1.154 0.875 0.636 0.492 0.460 0.530 0.728 0.890 0.925 0.894 0.832 0.755 0.672 0.586 0.496 0.406 0.321 0.248 0.188 0.142 0.106 0.077 0.056 0.047 0.046 0.047 0.046 0.040
0.000 0.000 0.000 0.000 0.000 0.000 0.000 0.000 0.000 0.000 0.000 0.000 0.000 0.000 0.000 0.000 0.000 0.000 0.000 0.000 0.000 0.001 0.004 0.028 0.107 0.248 0.406 0.569 0.715 0.828 1.053 1.410 1.648 1.700 1.657 1.634 1.787 1.912 2.017 2.066 2.066 2.017 1.969 1.888 1.758 1.570 1.357 1.176 1.041 0.893 0.745 0.536 0.313 0.226 0.241 0.390 0.646 0.808 0.844 0.813 0.750 0.672 0.593 0.512 0.422 0.330 0.250 0.184 0.131 0.089 0.056 0.034 0.023 0.020 0.020 0.022 0.021
0.000 0.000 0.000 0.000 0.000 0.000 0.000 0.000 0.000 0.000 0.000 0.000 0.000 0.000 0.000 0.000 0.000 0.000 0.000 0.000 0.001 0.004 0.009 0.019 0.051 0.166 0.353 0.574 0.800 0.976 1.102 1.292 1.643 1.801 1.824 1.810 1.858 1.992 2.091 2.116 2.100 2.062 1.963 1.810 1.598 1.373 1.186 1.042 0.917 0.797 0.658 0.449 0.248 0.135 0.118 0.164 0.326 0.538 0.674 0.712 0.693 0.645 0.586 0.515 0.425 0.325 0.242 0.173 0.115 0.070 0.038 0.020 0.011 0.008 0.007 0.006 0.005
0.000 0.000 0.000 0.000 0.000 0.000 0.000 0.000 0.000 0.000 0.000 0.000 0.000 0.000 0.000 0.000 0.000 0.000 0.000 0.001 0.004 0.011 0.023 0.046 0.087 0.162 0.287 0.493 0.804 1.061 1.193 1.266 1.417 1.691 1.813 1.831 1.930 2.022 2.091 2.115 2.112 2.055 1.910 1.669 1.436 1.247 1.079 0.944 0.833 0.722 0.568 0.349 0.180 0.112 0.088 0.087 0.131 0.241 0.373 0.459 0.491 0.491 0.472 0.431 0.358 0.267 0.191 0.131 0.081 0.044 0.021 0.010 0.006 0.004 0.003 0.002 0.002
0.000 0.000 0.000 0.000 0.000 0.000 0.000 0.000 0.000 0.000 0.000 0.000 0.000 0.000 0.000 0.000 0.000 0.000 0.001 0.004 0.012 0.028 0.057 0.106 0.188 0.324 0.526 0.769 0.990 1.133 1.240 1.290 1.388 1.482 1.690 1.865 1.969 2.028 2.056 2.087 2.079 2.006 1.817 1.525 1.306 1.147 1.010 0.891 0.780 0.647 0.459 0.255 0.173 0.120 0.087 0.072 0.070 0.094 0.146 0.188 0.209 0.216 0.216 0.207 0.179 0.131 0.088 0.058 0.035 0.019 0.010 0.005 0.003 0.002 0.001 0.001 0.001
0.000 0.000 0.000 0.000 0.000 0.000 0.000 0.000 0.000 0.000 0.000 0.000 0.000 0.000 0.000 0.000 0.000 0.001 0.004 0.012 0.031 0.070 0.136 0.238 0.395 0.634 0.899 1.105 1.222 1.266 1.272 1.283 1.324 1.522 1.782 1.913 1.983 2.023 2.038 2.043 2.014 1.909 1.677 1.386 1.197 1.056 0.944 0.842 0.722 0.559 0.346 0.225 0.187 0.137 0.097 0.071 0.057 0.052 0.057 0.065 0.068 0.068 0.067 0.063 0.056 0.042 0.029 0.019 0.012 0.007 0.004 0.003 0.002 0.001 0.001 0.001 0.001
0.000 0.000 0.000 0.000 0.000 0.000 0.000 0.000 0.000 0.000 0.000 0.000 0.000 0.000 0.000 0.000 0.001 0.003 0.010 0.031 0.078 0.168 0.313 0.517 0.794 1.093 1.287 1.364 1.374 1.328 1.290 1.265 1.252 1.625 1.848 1.952 1.993 2.004 2.018 2.006 1.941 1.778 1.504 1.262 1.104 0.983 0.884 0.782 0.646 0.455 0.249 0.230 0.196 0.150 0.107 0.075 0.054 0.041 0.032 0.027 0.025 0.023 0.022 0.020 0.018 0.014 0.010 0.007 0.005 0.003 0.002 0.001 0.001 0.001 0.001 0.001 0.000
0.000 0.000 0.000 0.000 0.000 0.000 0.000 0.000 0.000 0.000 0.000 0.000 0.000 0.000 0.000 0.000 0.001 0.007 0.024 0.071 0.179 0.382 0.688 1.019 1.308 1.486 1.548 1.529 1.447 1.382 1.285 1.171 1.338 1.712 1.895 1.965 1.987 1.997 1.987 1.942 1.836 1.633 1.360 1.163 1.021 0.921 0.834 0.722 0.563 0.343 0.253 0.234 0.200 0.154 0.109 0.076 0.051 0.033 0.021 0.014 0.011 0.009 0.009 0.008 0.007 0.006 0.005 0.003 0.002 0.002 0.001 0.001 0.001 0.001 0.000 0.000 0.000
0.000 0.000 0.000 0.000 0.000 0.000 0.000 0.000 0.000 0.000 0.000 0.000 0.000 0.000 0.000 0.001 0.004 0.014 0.047 0.137 0.345 0.729 1.185 1.495 1.659 1.713 1.691 1.612 1.518 1.376 1.181 1.072 1.472 1.786 1.930 1.972 1.978 1.982 1.956 1.875 1.718 1.496 1.255 1.073 0.954 0.868 0.781 0.652 0.459 0.250 0.245 0.227 0.194 0.146 0.100 0.066 0.041 0.023 0.012 0.007 0.005 0.004 0.004 0.004 0.003 0.003 0.002 0.002 0.001 0.001 0.001 0.001 0.000 0.000 0.000 0.000 0.000
0.000 0.000 0.000 0.000 0.000 0.000 0.000 0.000 0.000 0.000 0.000 0.000 0.000 0.000 0.000 0.002 0.008 0.027 0.086 0.240 0.576 1.123 1.557 1.765 1.825 1.807 1.755 1.663 1.501 1.256 0.961 1.175 1.609 1.854 1.946 1.965 1.970 1.958 1.907 1.787 1.611 1.397 1.175 0.999 0.902 0.825 0.720 0.563 0.349 0.205 0.200 0.185 0.156 0.113 0.070 0.040 0.021 0.010 0.005 0.003 0.002 0.002 0.002 0.002 0.002 0.001 0.001 0.001 0.001 0.000 0.000 0.000 0.000 0.000 0.000 0.000 0.000
0.000 0.000 0.000 0.000 0.000 0.000 0.000 0.000 0.000 0.000 0.000 0.000 0.000 0.000 0.001 0.004 0.014 0.049 0.146 0.379 0.853 1.433 1.755 1.870 1.873 1.846 1.770 1.609 1.330 0.978 1.002 1.303 1.711 1.917 1.970 1.967 1.956 1.915 1.828 1.688 1.507 1.297 1.093 0.963 0.878 0.791 0.664 0.470 0.264 0.141 0.133 0.116 0.088 0.056 0.030 0.014 0.007 0.003 0.001 0.001 0.001 0.001 0.001 0.001 0.001 0.001 0.000 0.000 0.000 0.000 0.000 0.000 0.000 0.000 0.000 0.000 0.000
0.000 0.000 0.000 0.000 0.000 0.000 0.000 0.000 0.000 0.000 0.000 0.000 0.000 0.000 0.001 0.007 0.026 0.082 0.225 0.545 1.122 1.617 1.826 1.879 1.885 1.840 1.686 1.383 1.021 0.925 1.075 1.454 1.781 1.941 1.980 1.978 1.947 1.870 1.746 1.589 1.408 1.197 1.029 0.944 0.870 0.762 0.598 0.383 0.200 0.087 0.054 0.045 0.031 0.018 0.008 0.004 0.002 0.001 0.000 0.000 0.000 0.000 0.000 0.000 0.000 0.000 0.000 0.000 0.000 0.000 0.000 0.000 0.000 0.000 0.000 0.000 0.000
0.000 0.000 0.000 0.000 0.000 0.000 0.000 0.000 0.000 0.000 0.000 0.000 0.000 0.000 0.003 0.012 0.042 0.124 0.319 0.720 1.322 1.708 1.832 1.859 1.860 1.768 1.505 1.113 0.923 0.910 1.165 1.569 1.829 1.937 1.968 1.971 1.922 1.815 1.662 1.488 1.301 1.102 0.998 0.933 0.855 0.730 0.534 0.310 0.150 0.060 0.019 0.011 0.007 0.004 0.002 0.001 0.000 0.000 0.000 0.000 0.000 0.000 0.000 0.000 0.000 0.000 0.000 0.000 0.000 0.000 0.000 0.000 0.000 0.000 0.000 0.000 0.000
0.000 0.000 0.000 0.000 0.000 0.000 0.000 0.000 0.000 0.000 0.000 0.000 0.000 0.001 0.004 0.018 0.061 0.176 0.431 0.894 1.451 1.738 1.817 1.834 1.804 1.636 1.265 0.952 0.865 0.926 1.250 1.634 1.856 1.923 1.946 1.944 1.885 1.756 1.587 1.396 1.170 1.038 0.981 0.931 0.840 0.686 0.464 0.252 0.114 0.042 0.012 0.003 0.001 0.001 0.000 0.000 0.000 0.000 0.000 0.000 0.000 0.000 0.000 0.000 0.000 0.000 0.000 0.000 0.000 0.000 0.000 0.000 0.000 0.000 0.000 0.000 0.000
0.000 0.000 0.000 0.000 0.000 0.000 0.000 0.000 0.000 0.000 0.000 0.000 0.000 0.001 0.006 0.024 0.084 0.234 0.550 1.069 1.524 1.724 1.783 1.799 1.718 1.450 1.058 0.860 0.823 0.952 1.338 1.692 1.881 1.934 1.930 1.905 1.821 1.687 1.511 1.289 1.080 1.005 0.974 0.924 0.817 0.638 0.397 0.201 0.084 0.028 0.007 0.002 0.000 0.000 0.000 0.000 0.000 0.000 0.000 0.000 0.000 0.000 0.000 0.000 0.000 0.000 0.000 0.000 0.000 0.000 0.000 0.000 0.000 0.000 0.000 0.000 0.000
0.000 0.000 0.000 0.000 0.000 0.000 0.000 0.000 0.000 0.000 0.000 0.000 0.000 0.001 0.008 0.032 0.107 0.296 0.681 1.214 1.564 1.692 1.739 1.733 1.583 1.221 0.919 0.802 0.787 0.981 1.394 1.744 1.900 1.933 1.929 1.868 1.751 1.598 1.404 1.153 1.019 0.987 0.965 0.910 0.784 0.579 0.333 0.156 0.059 0.017 0.004 0.001 0.000 0.000 0.000 0.000 0.000 0.000 0.000 0.000 0.000 0.000 0.000 0.000 0.000 0.000 0.000 0.000 0.000 0.000 0.000 0.000 0.000 0.000 0.000 0.000 0.000
0.000 0.000 0.000 0.000 0.000 0.000 0.000 0.000 0.000 0.000 0.000 0.000 0.000 0.002 0.009 0.038 0.129 0.363 0.821 1.319 1.573 1.644 1.679 1.628 1.392 1.018 0.814 0.753 0.763 1.018 1.439 1.773 1.919 1.942 1.927 1.848 1.704 1.505 1.265 1.045 0.977 0.971 0.953 0.885 0.744 0.517 0.274 0.119 0.041 0.011 0.002 0.000 0.000 0.000 0.000 0.000 0.000 0.000 0.000 0.000 0.000 0.000 0.000 0.000 0.000 0.000 0.000 0.000 0.000 0.000 0.000 0.000 0.000 0.000 0.000 0.000 0.000
0.000 0.000 0.000 0.000 0.000 0.000 0.000 0.000 0.000 0.000 0.000 0.000 0.000 0.002 0.010 0.045 0.151 0.428 0.962 1.411 1.585 1.610 1.616 1.504 1.183 0.871 0.734 0.700 0.746 1.055 1.508 1.813 1.929 1.941 1.926 1.829 1.648 1.413 1.157 0.999 0.970 0.966 0.942 0.856 0.690 0.448 0.217 0.086 0.026 0.006 0.001 0.000 0.000 0.000 0.000 0.000 0.000 0.000 0.000 0.000 0.000 0.000 0.000 0.000 0.000 0.000 0.000 0.000 0.000 0.000 0.000 0.000 0.000 0.000 0.000 0.000 0.000
