RESULTS/r.avaflow_results/31_results/31_ascii/31_hflow_max0034.asc
ncols 506
nrows 317
xllcenter 498237.50
yllcenter 5580050.00
cellsize 12.50
NODATA_value -9999.000
[rows 170 to 203 of 317, columns 77 to 153 of 506]
0.000 0.000 0.000 0.000 0.000 0.000 0.000 0.000 0.000 0.000 0.000 0.000 0.000 0.000 0.000 0.000 0.000 0.000 0.000 0.000 0.000 0.000 0.000 0.000 0.000 0.000 0.000 0.000 0.000 0.000 0.000 0.000 0.000 0.000 0.000 0.000 0.000 0.000 0.000 0.000 0.000 0.000 0.000 0.000 0.001 0.002 0.003 0.006 0.011 0.020 0.042 0.108 0.299 0.733 1.413 2.395 4.098 7.280 9.994 12.421 14.388 15.806 16.649 16.929 16.828 16.351 15.860 15.351 14.914 14.178 13.021 11.779 11.001 10.859 10.817 10.814 10.882
0.000 0.000 0.000 0.000 0.000 0.000 0.000 0.000 0.000 0.000 0.000 0.000 0.000 0.000 0.000 0.000 0.000 0.000 0.000 0.000 0.000 0.000 0.000 0.000 0.000 0.000 0.000 0.000 0.000 0.000 0.000 0.000 0.000 0.000 0.000 0.000 0.000 0.000 0.000 0.000 0.000 0.000 0.000 0.001 0.003 0.005 0.008 0.014 0.028 0.062 0.145 0.339 0.730 1.332 2.129 4.188 6.436 9.046 11.650 13.965 15.701 16.566 17.134 17.236 17.101 16.709 16.013 15.284 14.555 13.850 13.064 13.124 13.228 13.298 13.459 13.799 14.281
0.000 0.000 0.000 0.000 0.000 0.000 0.000 0.000 0.000 0.000 0.000 0.000 0.000 0.000 0.000 0.000 0.000 0.000 0.000 0.000 0.000 0.000 0.000 0.001 0.001 0.001 0.001 0.001 0.001 0.001 0.001 0.001 0.001 0.001 0.000 0.000 0.000 0.000 0.000 0.000 0.000 0.001 0.002 0.004 0.007 0.012 0.022 0.046 0.100 0.220 0.447 0.808 1.248 1.746 2.431 4.734 7.085 9.706 12.221 14.402 15.984 16.783 17.132 17.208 17.079 16.565 15.796 15.148 14.842 14.786 14.709 14.693 14.601 14.695 15.075 15.958 17.216
0.000 0.000 0.000 0.000 0.000 0.000 0.000 0.000 0.000 0.000 0.000 0.000 0.000 0.000 0.000 0.000 0.000 0.000 0.000 0.000 0.000 0.001 0.002 0.003 0.003 0.004 0.004 0.004 0.004 0.004 0.004 0.004 0.003 0.003 0.002 0.001 0.001 0.000 0.000 0.000 0.001 0.002 0.006 0.011 0.019 0.034 0.077 0.159 0.312 0.581 0.937 1.290 1.681 2.084 2.623 4.490 6.845 9.546 12.041 14.125 15.716 16.570 16.875 16.914 16.729 16.307 15.918 15.934 15.977 15.954 15.754 15.490 15.458 15.657 16.343 17.749 19.401
0.000 0.000 0.000 0.000 0.000 0.000 0.000 0.000 0.000 0.000 0.000 0.000 0.000 0.000 0.000 0.000 0.000 0.000 0.000 0.000 0.001 0.003 0.005 0.007 0.008 0.009 0.009 0.009 0.009 0.009 0.009 0.009 0.008 0.007 0.005 0.004 0.002 0.002 0.001 0.001 0.002 0.006 0.014 0.025 0.047 0.117 0.238 0.425 0.694 1.006 1.290 1.856 2.304 2.637 3.015 3.744 5.816 8.654 11.363 13.613 15.098 15.931 16.428 16.516 16.481 16.570 16.616 16.616 16.582 16.441 16.176 15.864 16.027 16.725 17.643 18.830 20.149
0.000 0.000 0.000 0.000 0.000 0.000 0.000 0.000 0.000 0.000 0.000 0.000 0.000 0.000 0.000 0.000 0.000 0.000 0.000 0.002 0.003 0.006 0.010 0.013 0.015 0.016 0.017 0.018 0.018 0.018 0.017 0.017 0.015 0.013 0.009 0.007 0.005 0.004 0.003 0.003 0.006 0.014 0.029 0.055 0.148 0.326 0.558 0.813 1.061 1.270 1.740 2.323 2.728 3.039 3.282 3.590 4.571 7.415 10.381 12.761 14.231 15.091 15.612 15.918 16.293 16.553 16.808 16.681 16.659 16.539 16.270 16.060 16.080 16.796 17.618 18.635 19.813
0.000 0.000 0.000 0.000 0.000 0.000 0.000 0.000 0.000 0.000 0.000 0.000 0.000 0.000 0.000 0.000 0.000 0.000 0.001 0.003 0.007 0.011 0.017 0.021 0.025 0.027 0.028 0.029 0.029 0.029 0.029 0.027 0.025 0.021 0.015 0.011 0.008 0.007 0.006 0.006 0.011 0.026 0.057 0.150 0.383 0.684 0.931 1.113 1.267 1.560 2.122 2.602 2.963 3.261 3.450 3.638 4.079 6.734 9.629 11.935 13.433 14.247 14.813 15.316 15.854 16.217 16.413 16.387 16.255 16.019 15.631 15.299 15.276 15.638 16.559 17.640 19.006
0.000 0.000 0.000 0.000 0.000 0.000 0.000 0.000 0.000 0.000 0.000 0.000 0.000 0.000 0.000 0.000 0.000 0.001 0.003 0.006 0.012 0.019 0.027 0.033 0.038 0.041 0.043 0.044 0.044 0.044 0.044 0.042 0.038 0.032 0.024 0.016 0.012 0.011 0.010 0.011 0.018 0.045 0.111 0.351 0.744 1.043 1.195 1.295 1.489 2.006 2.426 2.765 3.062 3.343 3.567 3.698 3.923 6.211 9.036 11.166 12.534 13.421 14.017 14.569 15.068 15.297 15.347 15.200 14.923 14.528 14.010 13.775 13.749 14.089 14.993 16.281 17.797
0.000 0.000 0.000 0.000 0.000 0.000 0.000 0.000 0.000 0.000 0.000 0.000 0.000 0.000 0.000 0.000 0.000 0.001 0.004 0.009 0.018 0.030 0.040 0.049 0.056 0.060 0.062 0.064 0.064 0.064 0.063 0.061 0.056 0.048 0.035 0.025 0.019 0.017 0.016 0.018 0.028 0.072 0.208 0.607 1.063 1.285 1.365 1.478 1.966 2.330 2.597 2.825 3.070 3.323 3.576 3.669 3.784 5.767 8.192 10.067 11.365 12.309 12.875 13.335 13.625 13.657 13.529 13.279 12.853 12.231 11.757 11.484 11.465 11.989 13.087 14.675 16.395
0.000 0.000 0.000 0.000 0.000 0.000 0.000 0.000 0.000 0.000 0.000 0.000 0.000 0.000 0.000 0.000 0.000 0.001 0.004 0.010 0.022 0.041 0.058 0.070 0.078 0.084 0.087 0.089 0.089 0.089 0.088 0.085 0.079 0.068 0.054 0.040 0.030 0.025 0.024 0.026 0.042 0.109 0.280 0.779 1.274 1.448 1.489 1.880 2.219 2.462 2.635 2.809 3.039 3.279 3.504 3.564 3.600 5.276 7.275 8.793 9.981 10.663 11.123 11.474 11.629 11.587 11.366 11.007 10.439 9.739 9.299 9.238 9.545 10.368 11.684 13.246 14.941
0.000 0.000 0.000 0.000 0.000 0.000 0.000 0.000 0.000 0.000 0.000 0.000 0.000 0.000 0.000 0.000 0.000 0.001 0.003 0.009 0.022 0.046 0.076 0.095 0.106 0.115 0.119 0.121 0.122 0.122 0.121 0.117 0.109 0.095 0.083 0.063 0.045 0.037 0.035 0.044 0.066 0.155 0.402 0.872 1.402 1.563 1.808 2.079 2.294 2.460 2.598 2.751 2.965 3.198 3.371 3.388 3.333 4.448 6.375 7.602 8.424 8.718 8.937 9.163 9.283 9.256 9.056 8.713 8.222 7.717 7.465 7.539 8.052 9.032 10.323 11.752 13.319
0.000 0.000 0.000 0.000 0.000 0.000 0.000 0.000 0.000 0.000 0.000 0.000 0.000 0.000 0.000 0.000 0.000 0.000 0.002 0.006 0.018 0.044 0.087 0.122 0.141 0.152 0.159 0.162 0.163 0.163 0.162 0.157 0.147 0.142 0.129 0.104 0.071 0.060 0.070 0.097 0.146 0.234 0.502 0.948 1.443 1.823 2.013 2.138 2.266 2.390 2.521 2.633 2.811 3.010 3.134 3.081 2.922 3.607 5.301 6.455 7.018 7.056 6.965 6.927 6.921 6.884 6.802 6.616 6.302 6.052 5.988 6.154 6.768 7.745 8.950 10.251 11.609
0.000 0.000 0.000 0.000 0.000 0.000 0.000 0.000 0.000 0.000 0.000 0.000 0.000 0.000 0.000 0.000 0.000 0.000 0.001 0.002 0.010 0.035 0.085 0.143 0.179 0.198 0.208 0.213 0.215 0.215 0.213 0.217 0.218 0.216 0.202 0.170 0.118 0.122 0.151 0.211 0.308 0.485 0.823 1.305 1.753 1.973 2.064 2.124 2.193 2.280 2.336 2.356 2.483 2.610 2.676 2.601 2.457 2.720 3.959 5.159 5.622 5.576 5.391 5.186 5.044 4.963 4.905 4.801 4.645 4.569 4.629 4.933 5.547 6.435 7.460 8.546 9.655
0.000 0.000 0.000 0.000 0.000 0.000 0.000 0.000 0.000 0.000 0.000 0.000 0.000 0.000 0.000 0.000 0.000 0.000 0.000 0.001 0.004 0.023 0.073 0.150 0.210 0.247 0.266 0.275 0.279 0.279 0.309 0.330 0.335 0.333 0.315 0.273 0.228 0.256 0.324 0.441 0.625 0.961 1.391 1.705 1.875 1.971 2.031 2.080 2.104 2.084 1.993 1.935 1.947 1.988 2.022 2.021 2.167 2.362 2.679 3.674 4.160 4.214 4.091 3.895 3.709 3.566 3.448 3.324 3.241 3.224 3.328 3.682 4.347 5.015 5.834 6.740 7.787
0.000 0.000 0.000 0.000 0.000 0.000 0.000 0.000 0.000 0.000 0.000 0.000 0.000 0.000 0.000 0.000 0.000 0.000 0.000 0.000 0.002 0.011 0.053 0.135 0.224 0.289 0.329 0.348 0.356 0.395 0.487 0.533 0.542 0.535 0.500 0.429 0.465 0.543 0.685 0.892 1.165 1.507 1.762 1.862 1.888 1.919 1.972 1.982 1.912 1.812 1.616 1.485 1.455 1.493 1.582 1.720 1.881 2.048 2.246 2.440 2.878 3.046 3.031 2.931 2.783 2.599 2.392 2.197 2.098 2.073 2.119 2.323 2.748 3.366 4.132 5.095 6.165
0.000 0.000 0.000 0.000 0.000 0.000 0.000 0.000 0.000 0.000 0.000 0.000 0.000 0.000 0.000 0.000 0.000 0.000 0.000 0.000 0.001 0.005 0.030 0.102 0.210 0.307 0.384 0.430 0.453 0.557 0.782 0.893 0.905 0.881 0.805 0.835 0.934 1.101 1.315 1.508 1.671 1.828 1.899 1.893 1.886 1.872 1.832 1.739 1.713 1.553 1.255 1.080 0.993 1.023 1.151 1.365 1.558 1.743 1.893 1.971 1.984 2.101 2.161 2.119 2.023 1.857 1.615 1.371 1.236 1.182 1.168 1.217 1.410 1.819 2.466 3.552 4.525
0.000 0.000 0.000 0.000 0.000 0.000 0.000 0.000 0.000 0.000 0.000 0.000 0.000 0.000 0.000 0.000 0.000 0.000 0.000 0.000 0.000 0.002 0.013 0.061 0.167 0.296 0.414 0.515 0.582 0.689 0.978 1.294 1.380 1.344 1.274 1.349 1.502 1.671 1.808 1.900 1.948 1.965 1.934 1.909 1.860 1.761 1.605 1.497 1.434 1.200 0.924 0.688 0.548 0.535 0.654 0.919 1.192 1.416 1.558 1.599 1.578 1.534 1.474 1.438 1.366 1.231 1.053 0.826 0.656 0.583 0.543 0.530 0.583 0.785 1.219 2.238 2.857
0.000 0.000 0.000 0.000 0.000 0.000 0.000 0.000 0.000 0.000 0.000 0.000 0.000 0.000 0.000 0.000 0.000 0.000 0.000 0.000 0.000 0.001 0.004 0.028 0.107 0.248 0.406 0.569 0.715 0.828 1.053 1.410 1.648 1.700 1.657 1.634 1.787 1.912 2.017 2.066 2.067 2.017 1.970 1.889 1.759 1.574 1.365 1.191 1.065 0.920 0.773 0.563 0.339 0.255 0.286 0.455 0.749 1.022 1.197 1.256 1.234 1.182 1.122 1.048 0.962 0.851 0.703 0.525 0.376 0.267 0.223 0.208 0.211 0.270 0.436 0.755 0.912
0.000 0.000 0.000 0.000 0.000 0.000 0.000 0.000 0.000 0.000 0.000 0.000 0.000 0.000 0.000 0.000 0.000 0.000 0.000 0.000 0.001 0.004 0.009 0.019 0.051 0.166 0.353 0.574 0.800 0.976 1.102 1.292 1.643 1.801 1.824 1.810 1.859 1.992 2.091 2.116 2.100 2.063 1.964 1.811 1.600 1.375 1.191 1.051 0.931 0.813 0.675 0.465 0.262 0.149 0.134 0.180 0.338 0.572 0.778 0.884 0.899 0.863 0.810 0.739 0.643 0.535 0.418 0.301 0.206 0.135 0.094 0.085 0.083 0.094 0.136 0.202 0.222
0.000 0.000 0.000 0.000 0.000 0.000 0.000 0.000 0.000 0.000 0.000 0.000 0.000 0.000 0.000 0.000 0.000 0.000 0.000 0.001 0.004 0.011 0.023 0.046 0.087 0.162 0.287 0.493 0.804 1.061 1.193 1.266 1.417 1.691 1.813 1.831 1.930 2.022 2.091 2.115 2.112 2.055 1.910 1.670 1.437 1.249 1.082 0.950 0.841 0.732 0.578 0.359 0.189 0.117 0.087 0.087 0.127 0.232 0.370 0.471 0.519 0.521 0.494 0.442 0.360 0.277 0.204 0.143 0.098 0.066 0.046 0.040 0.039 0.040 0.050 0.060 0.061
0.000 0.000 0.000 0.000 0.000 0.000 0.000 0.000 0.000 0.000 0.000 0.000 0.000 0.000 0.000 0.000 0.000 0.000 0.001 0.004 0.012 0.028 0.057 0.106 0.188 0.324 0.526 0.769 0.990 1.133 1.240 1.290 1.388 1.483 1.690 1.865 1.969 2.028 2.057 2.087 2.079 2.006 1.818 1.526 1.307 1.148 1.013 0.895 0.786 0.654 0.466 0.262 0.165 0.112 0.079 0.064 0.064 0.087 0.135 0.178 0.201 0.207 0.199 0.175 0.139 0.106 0.078 0.059 0.044 0.033 0.025 0.022 0.021 0.021 0.024 0.026 0.026
0.000 0.000 0.000 0.000 0.000 0.000 0.000 0.000 0.000 0.000 0.000 0.000 0.000 0.000 0.000 0.000 0.000 0.001 0.004 0.012 0.031 0.070 0.136 0.238 0.395 0.634 0.899 1.105 1.222 1.266 1.272 1.283 1.324 1.522 1.782 1.913 1.983 2.023 2.038 2.043 2.015 1.910 1.678 1.387 1.198 1.057 0.946 0.845 0.726 0.564 0.351 0.207 0.165 0.116 0.081 0.059 0.048 0.047 0.053 0.062 0.067 0.068 0.065 0.057 0.047 0.039 0.032 0.027 0.022 0.018 0.016 0.014 0.014 0.014 0.014 0.015 0.015
0.000 0.000 0.000 0.000 0.000 0.000 0.000 0.000 0.000 0.000 0.000 0.000 0.000 0.000 0.000 0.000 0.001 0.003 0.010 0.031 0.078 0.168 0.313 0.517 0.794 1.093 1.287 1.364 1.374 1.328 1.290 1.265 1.252 1.625 1.849 1.952 1.993 2.004 2.019 2.007 1.942 1.779 1.504 1.262 1.104 0.984 0.885 0.784 0.649 0.458 0.251 0.204 0.165 0.119 0.084 0.059 0.044 0.035 0.030 0.029 0.028 0.028 0.026 0.024 0.021 0.019 0.017 0.015 0.013 0.011 0.010 0.010 0.009 0.009 0.009 0.009 0.009
0.000 0.000 0.000 0.000 0.000 0.000 0.000 0.000 0.000 0.000 0.000 0.000 0.000 0.000 0.000 0.000 0.001 0.007 0.024 0.071 0.179 0.382 0.688 1.019 1.308 1.486 1.548 1.529 1.447 1.382 1.285 1.171 1.338 1.712 1.895 1.965 1.988 1.997 1.987 1.942 1.836 1.633 1.360 1.163 1.022 0.921 0.835 0.724 0.564 0.345 0.228 0.204 0.165 0.119 0.084 0.058 0.040 0.028 0.020 0.017 0.015 0.014 0.014 0.013 0.012 0.011 0.010 0.009 0.008 0.007 0.007 0.006 0.006 0.006 0.006 0.006 0.006
0.000 0.000 0.000 0.000 0.000 0.000 0.000 0.000 0.000 0.000 0.000 0.000 0.000 0.000 0.000 0.001 0.004 0.014 0.047 0.137 0.345 0.729 1.185 1.495 1.659 1.713 1.691 1.612 1.518 1.376 1.181 1.072 1.472 1.786 1.930 1.972 1.978 1.982 1.956 1.875 1.718 1.496 1.255 1.073 0.955 0.869 0.781 0.653 0.460 0.251 0.226 0.203 0.163 0.114 0.077 0.051 0.032 0.019 0.012 0.009 0.008 0.008 0.008 0.007 0.007 0.006 0.006 0.006 0.005 0.004 0.004 0.004 0.003 0.003 0.003 0.003 0.003
0.000 0.000 0.000 0.000 0.000 0.000 0.000 0.000 0.000 0.000 0.000 0.000 0.000 0.000 0.000 0.002 0.008 0.027 0.086 0.240 0.576 1.123 1.557 1.765 1.825 1.807 1.755 1.663 1.501 1.256 0.961 1.175 1.609 1.854 1.946 1.965 1.970 1.958 1.907 1.787 1.611 1.397 1.175 1.000 0.903 0.825 0.721 0.564 0.350 0.206 0.200 0.180 0.142 0.093 0.057 0.033 0.017 0.009 0.005 0.004 0.004 0.004 0.004 0.004 0.004 0.004 0.003 0.003 0.003 0.002 0.002 0.002 0.002 0.002 0.002 0.002 0.002
0.000 0.000 0.000 0.000 0.000 0.000 0.000 0.000 0.000 0.000 0.000 0.000 0.000 0.000 0.001 0.004 0.014 0.049 0.146 0.379 0.853 1.433 1.755 1.870 1.873 1.846 1.770 1.609 1.330 0.978 1.002 1.303 1.711 1.917 1.970 1.967 1.956 1.915 1.828 1.688 1.507 1.298 1.093 0.963 0.878 0.792 0.664 0.471 0.265 0.141 0.133 0.117 0.089 0.052 0.026 0.013 0.006 0.003 0.002 0.002 0.002 0.002 0.002 0.002 0.002 0.002 0.002 0.001 0.001 0.001 0.001 0.001 0.001 0.001 0.001 0.000 0.000
0.000 0.000 0.000 0.000 0.000 0.000 0.000 0.000 0.000 0.000 0.000 0.000 0.000 0.000 0.001 0.007 0.026 0.082 0.225 0.545 1.122 1.617 1.826 1.879 1.885 1.840 1.686 1.383 1.021 0.925 1.075 1.454 1.781 1.941 1.980 1.978 1.947 1.870 1.746 1.589 1.408 1.197 1.030 0.945 0.870 0.762 0.598 0.383 0.201 0.088 0.054 0.045 0.032 0.017 0.008 0.003 0.002 0.001 0.001 0.001 0.001 0.001 0.001 0.001 0.001 0.001 0.001 0.000 0.000 0.000 0.000 0.000 0.000 0.000 0.000 0.000 0.000
0.000 0.000 0.000 0.000 0.000 0.000 0.000 0.000 0.000 0.000 0.000 0.000 0.000 0.000 0.003 0.012 0.042 0.124 0.319 0.720 1.322 1.708 1.832 1.859 1.860 1.768 1.505 1.113 0.923 0.910 1.165 1.569 1.829 1.937 1.968 1.971 1.922 1.815 1.662 1.488 1.301 1.102 0.998 0.933 0.855 0.730 0.534 0.310 0.150 0.060 0.020 0.011 0.007 0.004 0.002 0.001 0.000 0.000 0.000 0.000 0.000 0.000 0.000 0.000 0.000 0.000 0.000 0.000 0.000 0.000 0.000 0.000 0.000 0.000 0.000 0.000 0.000
0.000 0.000 0.000 0.000 0.000 0.000 0.000 0.000 0.000 0.000 0.000 0.000 0.000 0.001 0.004 0.018 0.061 0.176 0.431 0.894 1.451 1.738 1.817 1.834 1.804 1.636 1.265 0.952 0.865 0.926 1.250 1.634 1.856 1.923 1.946 1.944 1.885 1.756 1.587 1.396 1.170 1.038 0.981 0.931 0.840 0.686 0.465 0.252 0.114 0.042 0.013 0.003 0.002 0.001 0.000 0.000 0.000 0.000 0.000 0.000 0.000 0.000 0.000 0.000 0.000 0.000 0.000 0.000 0.000 0.000 0.000 0.000 0.000 0.000 0.000 0.000 0.000
0.000 0.000 0.000 0.000 0.000 0.000 0.000 0.000 0.000 0.000 0.000 0.000 0.000 0.001 0.006 0.024 0.084 0.234 0.550 1.069 1.524 1.724 1.783 1.799 1.718 1.450 1.058 0.860 0.823 0.952 1.338 1.692 1.881 1.934 1.930 1.905 1.821 1.687 1.511 1.289 1.080 1.005 0.974 0.924 0.817 0.638 0.397 0.201 0.084 0.028 0.008 0.002 0.000 0.000 0.000 0.000 0.000 0.000 0.000 0.000 0.000 0.000 0.000 0.000 0.000 0.000 0.000 0.000 0.000 0.000 0.000 0.000 0.000 0.000 0.000 0.000 0.000
0.000 0.000 0.000 0.000 0.000 0.000 0.000 0.000 0.000 0.000 0.000 0.000 0.000 0.001 0.008 0.032 0.107 0.296 0.681 1.214 1.564 1.692 1.739 1.733 1.583 1.221 0.919 0.802 0.787 0.981 1.394 1.744 1.900 1.933 1.929 1.868 1.751 1.598 1.404 1.153 1.019 0.987 0.965 0.910 0.784 0.579 0.333 0.156 0.059 0.017 0.004 0.001 0.000 0.000 0.000 0.000 0.000 0.000 0.000 0.000 0.000 0.000 0.000 0.000 0.000 0.000 0.000 0.000 0.000 0.000 0.000 0.000 0.000 0.000 0.000 0.000 0.000
0.000 0.000 0.000 0.000 0.000 0.000 0.000 0.000 0.000 0.000 0.000 0.000 0.000 0.002 0.009 0.038 0.129 0.363 0.821 1.319 1.573 1.644 1.679 1.628 1.392 1.018 0.814 0.753 0.763 1.018 1.439 1.773 1.919 1.942 1.927 1.848 1.704 1.505 1.265 1.045 0.977 0.971 0.953 0.885 0.744 0.517 0.274 0.119 0.041 0.011 0.002 0.000 0.000 0.000 0.000 0.000 0.000 0.000 0.000 0.000 0.000 0.000 0.000 0.000 0.000 0.000 0.000 0.000 0.000 0.000 0.000 0.000 0.000 0.000 0.000 0.000 0.000
0.000 0.000 0.000 0.000 0.000 0.000 0.000 0.000 0.000 0.000 0.000 0.000 0.000 0.002 0.010 0.045 0.151 0.428 0.962 1.411 1.585 1.610 1.616 1.504 1.183 0.871 0.734 0.700 0.746 1.055 1.508 1.813 1.929 1.941 1.926 1.829 1.648 1.413 1.157 0.999 0.970 0.966 0.942 0.856 0.690 0.448 0.218 0.086 0.026 0.006 0.001 0.000 0.000 0.000 0.000 0.000 0.000 0.000 0.000 0.000 0.000 0.000 0.000 0.000 0.000 0.000 0.000 0.000 0.000 0.000 0.000 0.000 0.000 0.000 0.000 0.000 0.000
