RESULTS/r.avaflow_results/31_results/31_ascii/31_hflow_max0047.asc
ncols 506
nrows 317
xllcenter 498237.50
yllcenter 5580050.00
cellsize 12.50
NODATA_value -9999.000
[rows 170 to 203 of 317, columns 77 to 153 of 506]
0.000 0.000 0.000 0.000 0.000 0.000 0.000 0.000 0.000 0.000 0.000 0.000 0.000 0.000 0.000 0.000 0.000 0.000 0.000 0.000 0.000 0.000 0.000 0.000 0.000 0.000 0.000 0.000 0.000 0.000 0.000 0.000 0.000 0.000 0.000 0.000 0.000 0.000 0.000 0.000 0.000 0.000 0.000 0.000 0.001 0.002 0.003 0.006 0.011 0.020 0.042 0.113 0.324 0.794 1.494 2.446 4.157 7.350 10.071 12.505 14.484 15.908 16.764 17.051 16.937 16.444 15.939 15.416 14.967 14.221 13.056 11.807 11.023 10.876 10.831 10.824 10.889
0.000 0.000 0.000 0.000 0.000 0.000 0.000 0.000 0.000 0.000 0.000 0.000 0.000 0.000 0.000 0.000 0.000 0.000 0.000 0.000 0.000 0.000 0.000 0.000 0.000 0.000 0.000 0.000 0.000 0.000 0.000 0.000 0.000 0.000 0.000 0.000 0.000 0.000 0.000 0.000 0.000 0.000 0.000 0.001 0.003 0.005 0.008 0.014 0.028 0.062 0.147 0.357 0.781 1.415 2.211 4.235 6.492 9.107 11.718 14.041 15.789 16.667 17.253 17.359 17.210 16.802 16.091 15.350 14.609 13.894 13.099 13.152 13.250 13.315 13.473 13.810 14.289
0.000 0.000 0.000 0.000 0.000 0.000 0.000 0.000 0.000 0.000 0.000 0.000 0.000 0.000 0.000 0.000 0.000 0.000 0.000 0.000 0.000 0.001 0.001 0.001 0.001 0.001 0.001 0.001 0.001 0.001 0.001 0.001 0.001 0.001 0.000 0.000 0.000 0.000 0.000 0.000 0.000 0.001 0.002 0.004 0.007 0.013 0.022 0.046 0.100 0.221 0.453 0.844 1.320 1.843 2.517 4.778 7.138 9.762 12.281 14.472 16.068 16.883 17.249 17.331 17.186 16.657 15.874 15.213 14.897 14.831 14.745 14.722 14.624 14.714 15.089 15.968 17.225
0.000 0.000 0.000 0.000 0.000 0.000 0.000 0.000 0.000 0.000 0.000 0.000 0.000 0.000 0.000 0.000 0.000 0.000 0.000 0.001 0.002 0.003 0.004 0.004 0.005 0.005 0.005 0.005 0.005 0.005 0.005 0.004 0.004 0.003 0.002 0.002 0.001 0.001 0.000 0.000 0.001 0.002 0.006 0.011 0.019 0.034 0.077 0.159 0.312 0.586 0.955 1.336 1.740 2.161 2.679 4.505 6.896 9.602 12.099 14.191 15.797 16.668 16.990 17.035 16.835 16.400 15.997 16.000 16.032 15.999 15.791 15.519 15.481 15.676 16.357 17.760 19.409
0.000 0.000 0.000 0.000 0.000 0.000 0.000 0.000 0.000 0.000 0.000 0.000 0.000 0.000 0.000 0.000 0.000 0.000 0.001 0.003 0.005 0.008 0.009 0.010 0.011 0.011 0.011 0.011 0.011 0.011 0.011 0.010 0.009 0.007 0.005 0.004 0.003 0.002 0.002 0.001 0.002 0.006 0.014 0.025 0.047 0.117 0.238 0.425 0.699 1.021 1.322 1.909 2.374 2.718 3.076 3.744 5.816 8.709 11.422 13.680 15.179 16.028 16.543 16.636 16.587 16.662 16.695 16.682 16.638 16.486 16.213 15.893 16.051 16.744 17.658 18.841 20.158
0.000 0.000 0.000 0.000 0.000 0.000 0.000 0.000 0.000 0.000 0.000 0.000 0.000 0.000 0.000 0.000 0.000 0.001 0.003 0.006 0.010 0.014 0.017 0.019 0.020 0.021 0.021 0.021 0.021 0.021 0.020 0.019 0.017 0.014 0.010 0.007 0.005 0.004 0.004 0.004 0.006 0.014 0.029 0.055 0.148 0.326 0.560 0.820 1.076 1.298 1.783 2.382 2.801 3.119 3.351 3.603 4.571 7.435 10.442 12.829 14.311 15.188 15.728 16.037 16.398 16.645 16.887 16.748 16.715 16.585 16.308 16.090 16.105 16.815 17.633 18.647 19.822
0.000 0.000 0.000 0.000 0.000 0.000 0.000 0.000 0.000 0.000 0.000 0.000 0.000 0.000 0.000 0.000 0.000 0.002 0.006 0.011 0.018 0.024 0.028 0.031 0.033 0.034 0.034 0.035 0.035 0.034 0.033 0.031 0.028 0.023 0.016 0.011 0.008 0.007 0.006 0.006 0.011 0.026 0.057 0.150 0.384 0.687 0.940 1.128 1.291 1.596 2.170 2.663 3.036 3.342 3.534 3.678 4.079 6.734 9.699 12.006 13.514 14.344 14.930 15.434 15.960 16.309 16.492 16.454 16.310 16.064 15.669 15.330 15.300 15.657 16.574 17.652 19.015
0.000 0.000 0.000 0.000 0.000 0.000 0.000 0.000 0.000 0.000 0.000 0.000 0.000 0.000 0.000 0.000 0.001 0.004 0.009 0.017 0.027 0.036 0.042 0.047 0.049 0.051 0.052 0.052 0.052 0.051 0.050 0.047 0.042 0.035 0.024 0.017 0.013 0.011 0.010 0.011 0.018 0.045 0.111 0.351 0.747 1.050 1.209 1.316 1.519 2.045 2.476 2.828 3.135 3.425 3.653 3.759 3.923 6.211 9.108 11.240 12.617 13.521 14.135 14.687 15.173 15.388 15.425 15.266 14.978 14.574 14.048 13.805 13.773 14.109 15.008 16.293 17.806
0.000 0.000 0.000 0.000 0.000 0.000 0.000 0.000 0.000 0.000 0.000 0.000 0.000 0.000 0.000 0.000 0.001 0.004 0.010 0.020 0.036 0.051 0.061 0.067 0.071 0.073 0.073 0.074 0.073 0.073 0.071 0.067 0.061 0.050 0.036 0.025 0.019 0.017 0.016 0.018 0.028 0.072 0.209 0.608 1.068 1.295 1.381 1.502 1.998 2.371 2.650 2.890 3.145 3.407 3.665 3.747 3.801 5.767 8.264 10.142 11.449 12.410 12.994 13.452 13.728 13.747 13.606 13.344 12.907 12.277 11.794 11.515 11.490 12.009 13.103 14.687 16.405
0.000 0.000 0.000 0.000 0.000 0.000 0.000 0.000 0.000 0.000 0.000 0.000 0.000 0.000 0.000 0.000 0.001 0.004 0.010 0.021 0.040 0.065 0.083 0.092 0.097 0.099 0.100 0.100 0.100 0.099 0.097 0.093 0.084 0.071 0.054 0.040 0.030 0.025 0.024 0.026 0.042 0.109 0.280 0.780 1.280 1.460 1.507 1.905 2.252 2.506 2.690 2.876 3.117 3.366 3.596 3.656 3.641 5.276 7.349 8.870 10.069 10.767 11.245 11.589 11.731 11.676 11.442 11.071 10.493 9.785 9.336 9.269 9.570 10.388 11.700 13.259 14.951
0.000 0.000 0.000 0.000 0.000 0.000 0.000 0.000 0.000 0.000 0.000 0.000 0.000 0.000 0.000 0.000 0.001 0.003 0.008 0.018 0.038 0.071 0.104 0.121 0.128 0.132 0.134 0.134 0.134 0.133 0.130 0.124 0.114 0.097 0.083 0.064 0.045 0.037 0.035 0.044 0.066 0.155 0.403 0.874 1.408 1.575 1.827 2.105 2.330 2.506 2.656 2.821 3.046 3.288 3.466 3.482 3.400 4.448 6.449 7.684 8.521 8.831 9.062 9.277 9.383 9.343 9.130 8.776 8.275 7.762 7.503 7.570 8.078 9.053 10.340 11.765 13.329
0.000 0.000 0.000 0.000 0.000 0.000 0.000 0.000 0.000 0.000 0.000 0.000 0.000 0.000 0.000 0.000 0.000 0.001 0.004 0.011 0.029 0.065 0.115 0.150 0.164 0.170 0.174 0.175 0.175 0.174 0.170 0.163 0.150 0.142 0.129 0.104 0.071 0.060 0.070 0.097 0.146 0.234 0.502 0.950 1.450 1.836 2.033 2.167 2.304 2.438 2.580 2.703 2.893 3.102 3.231 3.178 3.013 3.677 5.379 6.549 7.128 7.182 7.094 7.040 7.019 6.968 6.875 6.678 6.354 6.096 6.026 6.186 6.795 7.768 8.968 10.265 11.620
0.000 0.000 0.000 0.000 0.000 0.000 0.000 0.000 0.000 0.000 0.000 0.000 0.000 0.000 0.000 0.000 0.000 0.000 0.001 0.004 0.014 0.047 0.109 0.167 0.200 0.215 0.221 0.224 0.224 0.223 0.219 0.217 0.218 0.216 0.202 0.170 0.118 0.122 0.151 0.211 0.308 0.485 0.823 1.308 1.760 1.987 2.087 2.154 2.232 2.328 2.393 2.423 2.562 2.700 2.773 2.699 2.552 2.870 4.044 5.263 5.743 5.712 5.520 5.297 5.139 5.044 4.974 4.860 4.695 4.613 4.668 4.967 5.577 6.460 7.479 8.561 9.667
0.000 0.000 0.000 0.000 0.000 0.000 0.000 0.000 0.000 0.000 0.000 0.000 0.000 0.000 0.000 0.000 0.000 0.000 0.000 0.001 0.005 0.027 0.088 0.170 0.226 0.260 0.275 0.281 0.283 0.282 0.309 0.330 0.335 0.333 0.315 0.273 0.228 0.256 0.324 0.441 0.625 0.961 1.391 1.707 1.880 1.984 2.055 2.112 2.139 2.127 2.043 1.993 2.016 2.069 2.113 2.117 2.303 2.519 2.845 3.783 4.288 4.353 4.219 4.008 3.805 3.647 3.515 3.380 3.289 3.266 3.365 3.716 4.378 5.041 5.856 6.758 7.800
0.000 0.000 0.000 0.000 0.000 0.000 0.000 0.000 0.000 0.000 0.000 0.000 0.000 0.000 0.000 0.000 0.000 0.000 0.000 0.000 0.002 0.013 0.059 0.151 0.236 0.294 0.332 0.348 0.356 0.395 0.487 0.533 0.542 0.535 0.500 0.429 0.465 0.543 0.685 0.892 1.165 1.507 1.762 1.862 1.891 1.927 1.991 2.009 1.943 1.845 1.651 1.524 1.502 1.551 1.655 1.817 2.009 2.199 2.413 2.619 3.009 3.183 3.159 3.045 2.881 2.681 2.459 2.252 2.143 2.113 2.154 2.356 2.779 3.393 4.155 5.114 6.179
0.000 0.000 0.000 0.000 0.000 0.000 0.000 0.000 0.000 0.000 0.000 0.000 0.000 0.000 0.000 0.000 0.000 0.000 0.000 0.000 0.001 0.005 0.031 0.109 0.218 0.310 0.384 0.430 0.453 0.557 0.782 0.893 0.905 0.881 0.805 0.835 0.934 1.101 1.315 1.508 1.671 1.828 1.899 1.893 1.887 1.876 1.842 1.757 1.734 1.574 1.274 1.099 1.013 1.048 1.188 1.432 1.665 1.876 2.050 2.157 2.200 2.237 2.289 2.235 2.124 1.941 1.713 1.474 1.280 1.219 1.199 1.245 1.436 1.843 2.489 3.571 4.540
0.000 0.000 0.000 0.000 0.000 0.000 0.000 0.000 0.000 0.000 0.000 0.000 0.000 0.000 0.000 0.000 0.000 0.000 0.000 0.000 0.000 0.002 0.013 0.062 0.169 0.297 0.414 0.515 0.582 0.689 0.978 1.294 1.380 1.344 1.274 1.349 1.502 1.671 1.808 1.901 1.949 1.965 1.934 1.909 1.860 1.763 1.610 1.507 1.446 1.211 0.934 0.696 0.555 0.544 0.668 0.963 1.283 1.536 1.701 1.774 1.786 1.760 1.706 1.631 1.547 1.440 1.282 1.063 0.841 0.669 0.567 0.548 0.598 0.800 1.235 2.254 2.871
0.000 0.000 0.000 0.000 0.000 0.000 0.000 0.000 0.000 0.000 0.000 0.000 0.000 0.000 0.000 0.000 0.000 0.000 0.000 0.000 0.000 0.001 0.004 0.028 0.107 0.248 0.406 0.569 0.715 0.828 1.053 1.410 1.648 1.700 1.657 1.634 1.787 1.912 2.017 2.066 2.067 2.017 1.970 1.889 1.759 1.575 1.368 1.196 1.071 0.926 0.778 0.567 0.342 0.258 0.291 0.484 0.826 1.136 1.333 1.417 1.425 1.393 1.342 1.268 1.174 1.058 0.914 0.739 0.555 0.396 0.278 0.219 0.218 0.276 0.442 0.762 0.919
0.000 0.000 0.000 0.000 0.000 0.000 0.000 0.000 0.000 0.000 0.000 0.000 0.000 0.000 0.000 0.000 0.000 0.000 0.000 0.000 0.001 0.004 0.009 0.019 0.051 0.166 0.353 0.574 0.800 0.976 1.102 1.292 1.643 1.801 1.824 1.810 1.859 1.992 2.091 2.117 2.100 2.063 1.964 1.811 1.600 1.376 1.193 1.054 0.935 0.817 0.678 0.468 0.264 0.151 0.136 0.197 0.389 0.668 0.906 1.031 1.066 1.050 1.009 0.939 0.836 0.716 0.594 0.470 0.341 0.222 0.140 0.095 0.087 0.096 0.138 0.204 0.223
0.000 0.000 0.000 0.000 0.000 0.000 0.000 0.000 0.000 0.000 0.000 0.000 0.000 0.000 0.000 0.000 0.000 0.000 0.000 0.001 0.004 0.011 0.023 0.046 0.087 0.162 0.287 0.493 0.804 1.061 1.193 1.266 1.417 1.691 1.813 1.831 1.930 2.022 2.091 2.115 2.112 2.056 1.910 1.670 1.437 1.250 1.083 0.952 0.844 0.735 0.581 0.362 0.191 0.122 0.099 0.100 0.152 0.282 0.455 0.584 0.646 0.661 0.645 0.598 0.513 0.412 0.324 0.248 0.176 0.111 0.068 0.046 0.040 0.041 0.050 0.060 0.062
0.000 0.000 0.000 0.000 0.000 0.000 0.000 0.000 0.000 0.000 0.000 0.000 0.000 0.000 0.000 0.000 0.000 0.000 0.001 0.004 0.012 0.028 0.057 0.106 0.188 0.324 0.526 0.769 0.990 1.133 1.240 1.290 1.389 1.483 1.690 1.865 1.970 2.028 2.057 2.088 2.079 2.007 1.818 1.526 1.307 1.149 1.013 0.897 0.788 0.656 0.468 0.264 0.181 0.127 0.094 0.079 0.079 0.108 0.170 0.228 0.261 0.272 0.269 0.252 0.215 0.166 0.128 0.098 0.073 0.049 0.033 0.025 0.022 0.022 0.024 0.026 0.027
0.000 0.000 0.000 0.000 0.000 0.000 0.000 0.000 0.000 0.000 0.000 0.000 0.000 0.000 0.000 0.000 0.000 0.001 0.004 0.012 0.031 0.070 0.136 0.238 0.395 0.634 0.899 1.105 1.222 1.266 1.272 1.283 1.324 1.522 1.782 1.913 1.983 2.023 2.039 2.043 2.015 1.910 1.678 1.387 1.198 1.058 0.946 0.846 0.728 0.565 0.352 0.231 0.193 0.143 0.102 0.076 0.062 0.059 0.066 0.078 0.085 0.087 0.084 0.079 0.069 0.056 0.046 0.037 0.030 0.023 0.018 0.015 0.014 0.014 0.015 0.015 0.015
0.000 0.000 0.000 0.000 0.000 0.000 0.000 0.000 0.000 0.000 0.000 0.000 0.000 0.000 0.000 0.000 0.001 0.003 0.010 0.031 0.078 0.168 0.313 0.517 0.794 1.093 1.287 1.364 1.374 1.328 1.290 1.266 1.252 1.625 1.849 1.952 1.993 2.004 2.019 2.007 1.942 1.779 1.504 1.263 1.105 0.985 0.886 0.785 0.650 0.459 0.253 0.235 0.201 0.154 0.110 0.079 0.057 0.044 0.037 0.034 0.033 0.032 0.031 0.029 0.026 0.023 0.020 0.018 0.015 0.013 0.011 0.010 0.009 0.009 0.009 0.010 0.010
0.000 0.000 0.000 0.000 0.000 0.000 0.000 0.000 0.000 0.000 0.000 0.000 0.000 0.000 0.000 0.000 0.001 0.007 0.024 0.071 0.179 0.382 0.688 1.019 1.308 1.486 1.548 1.529 1.447 1.382 1.285 1.171 1.338 1.712 1.895 1.965 1.988 1.997 1.987 1.942 1.836 1.633 1.360 1.163 1.022 0.922 0.835 0.724 0.565 0.346 0.256 0.237 0.203 0.156 0.111 0.078 0.053 0.035 0.025 0.019 0.017 0.016 0.015 0.015 0.014 0.012 0.011 0.010 0.009 0.008 0.007 0.006 0.006 0.006 0.006 0.006 0.006
0.000 0.000 0.000 0.000 0.000 0.000 0.000 0.000 0.000 0.000 0.000 0.000 0.000 0.000 0.000 0.001 0.004 0.014 0.047 0.137 0.345 0.729 1.185 1.495 1.659 1.713 1.691 1.612 1.518 1.376 1.181 1.072 1.472 1.786 1.930 1.972 1.978 1.982 1.956 1.875 1.718 1.496 1.255 1.073 0.955 0.869 0.781 0.653 0.460 0.251 0.247 0.229 0.195 0.148 0.101 0.067 0.042 0.024 0.014 0.010 0.009 0.008 0.008 0.008 0.008 0.007 0.007 0.006 0.005 0.005 0.004 0.004 0.004 0.003 0.003 0.003 0.003
0.000 0.000 0.000 0.000 0.000 0.000 0.000 0.000 0.000 0.000 0.000 0.000 0.000 0.000 0.000 0.002 0.008 0.027 0.086 0.240 0.576 1.123 1.557 1.765 1.825 1.807 1.755 1.663 1.501 1.256 0.961 1.175 1.609 1.854 1.946 1.965 1.970 1.958 1.907 1.787 1.611 1.397 1.176 1.000 0.903 0.825 0.721 0.564 0.350 0.206 0.201 0.186 0.157 0.114 0.071 0.041 0.022 0.011 0.006 0.004 0.004 0.004 0.004 0.004 0.004 0.004 0.004 0.003 0.003 0.003 0.002 0.002 0.002 0.002 0.002 0.002 0.002
0.000 0.000 0.000 0.000 0.000 0.000 0.000 0.000 0.000 0.000 0.000 0.000 0.000 0.000 0.001 0.004 0.014 0.049 0.146 0.379 0.853 1.433 1.755 1.870 1.873 1.846 1.770 1.609 1.330 0.978 1.002 1.303 1.711 1.917 1.970 1.967 1.956 1.915 1.828 1.688 1.507 1.298 1.093 0.963 0.879 0.792 0.664 0.471 0.265 0.141 0.133 0.117 0.089 0.057 0.030 0.015 0.007 0.003 0.002 0.002 0.002 0.002 0.002 0.002 0.002 0.002 0.002 0.002 0.001 0.001 0.001 0.001 0.001 0.001 0.001 0.001 0.001
0.000 0.000 0.000 0.000 0.000 0.000 0.000 0.000 0.000 0.000 0.000 0.000 0.000 0.000 0.001 0.007 0.026 0.082 0.225 0.545 1.122 1.617 1.826 1.879 1.885 1.840 1.686 1.383 1.021 0.925 1.075 1.454 1.781 1.941 1.980 1.978 1.947 1.870 1.746 1.589 1.408 1.198 1.030 0.945 0.870 0.762 0.599 0.383 0.201 0.088 0.054 0.045 0.032 0.018 0.009 0.004 0.002 0.001 0.001 0.001 0.001 0.001 0.001 0.001 0.001 0.001 0.001 0.000 0.000 0.000 0.000 0.000 0.000 0.000 0.000 0.000 0.000
0.000 0.000 0.000 0.000 0.000 0.000 0.000 0.000 0.000 0.000 0.000 0.000 0.000 0.000 0.003 0.012 0.042 0.124 0.319 0.720 1.322 1.708 1.832 1.859 1.860 1.768 1.505 1.113 0.923 0.910 1.165 1.569 1.829 1.937 1.968 1.971 1.922 1.815 1.662 1.488 1.301 1.102 0.998 0.933 0.855 0.731 0.534 0.310 0.150 0.060 0.020 0.011 0.007 0.004 0.002 0.001 0.001 0.000 0.000 0.000 0.000 0.000 0.000 0.000 0.000 0.000 0.000 0.000 0.000 0.000 0.000 0.000 0.000 0.000 0.000 0.000 0.000
0.000 0.000 0.000 0.000 0.000 0.000 0.000 0.000 0.000 0.000 0.000 0.000 0.000 0.001 0.004 0.018 0.061 0.176 0.431 0.894 1.451 1.738 1.817 1.834 1.804 1.636 1.265 0.952 0.865 0.926 1.250 1.634 1.856 1.923 1.946 1.944 1.885 1.756 1.587 1.396 1.170 1.038 0.981 0.931 0.840 0.686 0.465 0.252 0.114 0.042 0.013 0.003 0.002 0.001 0.001 0.000 0.000 0.000 0.000 0.000 0.000 0.000 0.000 0.000 0.000 0.000 0.000 0.000 0.000 0.000 0.000 0.000 0.000 0.000 0.000 0.000 0.000
0.000 0.000 0.000 0.000 0.000 0.000 0.000 0.000 0.000 0.000 0.000 0.000 0.000 0.001 0.006 0.024 0.084 0.234 0.550 1.069 1.524 1.724 1.783 1.799 1.718 1.450 1.058 0.860 0.823 0.952 1.338 1.692 1.881 1.934 1.930 1.905 1.821 1.687 1.511 1.289 1.080 1.005 0.974 0.924 0.817 0.638 0.397 0.201 0.084 0.028 0.008 0.002 0.000 0.000 0.000 0.000 0.000 0.000 0.000 0.000 0.000 0.000 0.000 0.000 0.000 0.000 0.000 0.000 0.000 0.000 0.000 0.000 0.000 0.000 0.000 0.000 0.000
0.000 0.000 0.000 0.000 0.000 0.000 0.000 0.000 0.000 0.000 0.000 0.000 0.000 0.001 0.008 0.032 0.107 0.296 0.681 1.214 1.564 1.692 1.739 1.733 1.583 1.221 0.919 0.802 0.787 0.981 1.394 1.744 1.900 1.933 1.929 1.868 1.751 1.598 1.404 1.153 1.019 0.987 0.965 0.910 0.784 0.579 0.333 0.156 0.059 0.018 0.004 0.001 0.000 0.000 0.000 0.000 0.000 0.000 0.000 0.000 0.000 0.000 0.000 0.000 0.000 0.000 0.000 0.000 0.000 0.000 0.000 0.000 0.000 0.000 0.000 0.000 0.000
0.000 0.000 0.000 0.000 0.000 0.000 0.000 0.000 0.000 0.000 0.000 0.000 0.000 0.002 0.009 0.038 0.129 0.363 0.821 1.319 1.573 1.644 1.679 1.628 1.392 1.018 0.814 0.753 0.763 1.018 1.439 1.773 1.919 1.942 1.927 1.848 1.704 1.505 1.265 1.045 0.977 0.971 0.953 0.885 0.744 0.517 0.274 0.119 0.041 0.011 0.002 0.000 0.000 0.000 0.000 0.000 0.000 0.000 0.000 0.000 0.000 0.000 0.000 0.000 0.000 0.000 0.000 0.000 0.000 0.000 0.000 0.000 0.000 0.000 0.000 0.000 0.000
0.000 0.000 0.000 0.000 0.000 0.000 0.000 0.000 0.000 0.000 0.000 0.000 0.000 0.002 0.010 0.045 0.151 0.428 0.962 1.411 1.585 1.610 1.616 1.504 1.183 0.871 0.734 0.700 0.746 1.055 1.508 1.813 1.929 1.941 1.926 1.829 1.648 1.413 1.157 0.999 0.970 0.966 0.942 0.856 0.690 0.448 0.218 0.086 0.026 0.006 0.001 0.000 0.000 0.000 0.000 0.000 0.000 0.000 0.000 0.000 0.000 0.000 0.000 0.000 0.000 0.000 0.000 0.000 0.000 0.000 0.000 0.000 0.000 0.000 0.000 0.000 0.000
