RESULTS/r.avaflow_results/31_results/31_ascii/31_hflow_max0054.asc
ncols 506
nrows 317
xllcenter 498237.50
yllcenter 5580050.00
cellsize 12.50
NODATA_value -9999.000
[rows 170 to 203 of 317, columns 77 to 153 of 506]
0.000 0.000 0.000 0.000 0.000 0.000 0.000 0.000 0.000 0.000 0.000 0.000 0.000 0.000 0.000 0.000 0.000 0.000 0.000 0.000 0.000 0.000 0.000 0.000 0.000 0.000 0.000 0.000 0.000 0.000 0.000 0.000 0.000 0.000 0.000 0.000 0.000 0.000 0.000 0.000 0.000 0.000 0.000 0.000 0.001 0.002 0.003 0.006 0.011 0.020 0.042 0.113 0.325 0.799 1.504 2.462 4.181 7.381 10.106 12.545 14.527 15.955 16.815 17.108 16.994 16.494 15.982 15.452 14.998 14.246 13.076 11.823 11.036 10.887 10.839 10.831 10.895
0.000 0.000 0.000 0.000 0.000 0.000 0.000 0.000 0.000 0.000 0.000 0.000 0.000 0.000 0.000 0.000 0.000 0.000 0.000 0.000 0.000 0.000 0.000 0.000 0.000 0.000 0.000 0.000 0.000 0.000 0.000 0.000 0.000 0.000 0.000 0.000 0.000 0.000 0.000 0.000 0.000 0.000 0.000 0.001 0.003 0.005 0.008 0.014 0.028 0.062 0.147 0.358 0.783 1.420 2.221 4.253 6.517 9.138 11.751 14.080 15.831 16.716 17.306 17.417 17.266 16.851 16.134 15.386 14.639 13.919 13.120 13.169 13.264 13.326 13.482 13.817 14.295
0.000 0.000 0.000 0.000 0.000 0.000 0.000 0.000 0.000 0.000 0.000 0.000 0.000 0.000 0.000 0.000 0.000 0.000 0.000 0.000 0.001 0.001 0.001 0.001 0.001 0.001 0.001 0.001 0.001 0.001 0.001 0.001 0.001 0.001 0.000 0.000 0.000 0.000 0.000 0.000 0.000 0.001 0.002 0.004 0.007 0.013 0.022 0.046 0.100 0.221 0.453 0.845 1.324 1.851 2.527 4.795 7.163 9.791 12.313 14.507 16.110 16.932 17.303 17.389 17.242 16.706 15.917 15.249 14.927 14.856 14.766 14.739 14.638 14.725 15.099 15.976 17.231
0.000 0.000 0.000 0.000 0.000 0.000 0.000 0.000 0.000 0.000 0.000 0.000 0.000 0.000 0.000 0.000 0.000 0.000 0.001 0.002 0.003 0.004 0.004 0.005 0.005 0.005 0.005 0.005 0.005 0.005 0.005 0.004 0.004 0.003 0.002 0.002 0.001 0.001 0.000 0.000 0.001 0.002 0.006 0.011 0.019 0.035 0.077 0.159 0.312 0.586 0.958 1.343 1.750 2.170 2.680 4.521 6.921 9.630 12.129 14.226 15.838 16.716 17.043 17.093 16.890 16.448 16.039 16.037 16.063 16.025 15.812 15.537 15.496 15.688 16.367 17.768 19.416
0.000 0.000 0.000 0.000 0.000 0.000 0.000 0.000 0.000 0.000 0.000 0.000 0.000 0.000 0.000 0.000 0.000 0.001 0.002 0.004 0.007 0.009 0.010 0.011 0.012 0.012 0.012 0.012 0.012 0.012 0.011 0.011 0.009 0.008 0.005 0.004 0.003 0.002 0.002 0.002 0.002 0.006 0.014 0.025 0.047 0.117 0.238 0.425 0.700 1.025 1.332 1.923 2.389 2.729 3.077 3.744 5.817 8.738 11.452 13.715 15.218 16.074 16.595 16.695 16.642 16.711 16.737 16.719 16.669 16.513 16.235 15.912 16.066 16.756 17.668 18.849 20.164
0.000 0.000 0.000 0.000 0.000 0.000 0.000 0.000 0.000 0.000 0.000 0.000 0.000 0.000 0.000 0.000 0.000 0.002 0.005 0.009 0.013 0.017 0.019 0.021 0.022 0.022 0.022 0.022 0.022 0.022 0.021 0.020 0.018 0.014 0.010 0.007 0.005 0.004 0.004 0.004 0.006 0.014 0.029 0.056 0.148 0.326 0.560 0.822 1.081 1.307 1.797 2.400 2.818 3.132 3.355 3.603 4.571 7.464 10.475 12.864 14.351 15.233 15.780 16.096 16.453 16.694 16.929 16.785 16.746 16.611 16.330 16.108 16.120 16.828 17.643 18.655 19.829
0.000 0.000 0.000 0.000 0.000 0.000 0.000 0.000 0.000 0.000 0.000 0.000 0.000 0.000 0.000 0.000 0.001 0.003 0.008 0.015 0.022 0.027 0.031 0.034 0.035 0.036 0.036 0.036 0.036 0.036 0.034 0.032 0.029 0.023 0.016 0.011 0.008 0.007 0.006 0.006 0.011 0.026 0.057 0.150 0.384 0.688 0.942 1.134 1.300 1.609 2.186 2.681 3.054 3.357 3.541 3.678 4.079 6.734 9.733 12.042 13.554 14.390 14.984 15.493 16.014 16.357 16.535 16.491 16.342 16.091 15.691 15.348 15.316 15.670 16.585 17.661 19.022
0.000 0.000 0.000 0.000 0.000 0.000 0.000 0.000 0.000 0.000 0.000 0.000 0.000 0.000 0.000 0.000 0.001 0.004 0.011 0.021 0.032 0.041 0.047 0.051 0.053 0.054 0.054 0.054 0.054 0.053 0.051 0.048 0.043 0.035 0.025 0.017 0.013 0.011 0.010 0.011 0.018 0.045 0.111 0.351 0.748 1.052 1.213 1.323 1.530 2.059 2.493 2.847 3.156 3.442 3.663 3.759 3.923 6.211 9.143 11.276 12.658 13.567 14.190 14.747 15.227 15.437 15.467 15.303 15.010 14.600 14.070 13.824 13.789 14.121 15.019 16.302 17.813
0.000 0.000 0.000 0.000 0.000 0.000 0.000 0.000 0.000 0.000 0.000 0.000 0.000 0.000 0.000 0.000 0.001 0.005 0.012 0.024 0.042 0.057 0.066 0.072 0.075 0.076 0.076 0.076 0.076 0.075 0.073 0.069 0.062 0.051 0.036 0.025 0.019 0.017 0.016 0.018 0.028 0.072 0.209 0.608 1.070 1.298 1.387 1.511 2.010 2.386 2.669 2.911 3.167 3.427 3.678 3.749 3.801 5.767 8.299 10.178 11.490 12.457 13.049 13.511 13.782 13.794 13.647 13.380 12.938 12.303 11.816 11.534 11.505 12.022 13.113 14.696 16.412
0.000 0.000 0.000 0.000 0.000 0.000 0.000 0.000 0.000 0.000 0.000 0.000 0.000 0.000 0.000 0.000 0.001 0.004 0.012 0.024 0.045 0.072 0.090 0.098 0.102 0.103 0.104 0.104 0.103 0.102 0.099 0.094 0.085 0.071 0.054 0.040 0.030 0.025 0.024 0.026 0.042 0.109 0.280 0.781 1.282 1.463 1.513 1.914 2.265 2.522 2.710 2.899 3.141 3.390 3.614 3.664 3.641 5.276 7.383 8.906 10.110 10.816 11.300 11.648 11.784 11.722 11.483 11.106 10.523 9.810 9.358 9.288 9.586 10.401 11.711 13.268 14.958
0.000 0.000 0.000 0.000 0.000 0.000 0.000 0.000 0.000 0.000 0.000 0.000 0.000 0.000 0.000 0.000 0.001 0.003 0.009 0.021 0.043 0.078 0.112 0.128 0.134 0.136 0.137 0.137 0.137 0.135 0.132 0.125 0.114 0.097 0.083 0.064 0.045 0.037 0.035 0.044 0.066 0.155 0.403 0.875 1.410 1.579 1.834 2.115 2.343 2.523 2.677 2.845 3.073 3.315 3.490 3.498 3.403 4.455 6.483 7.721 8.563 8.881 9.120 9.335 9.435 9.388 9.169 8.810 8.304 7.788 7.525 7.589 8.094 9.067 10.351 11.774 13.337
0.000 0.000 0.000 0.000 0.000 0.000 0.000 0.000 0.000 0.000 0.000 0.000 0.000 0.000 0.000 0.000 0.000 0.001 0.004 0.012 0.032 0.071 0.122 0.156 0.170 0.175 0.177 0.178 0.177 0.176 0.172 0.163 0.150 0.142 0.129 0.104 0.071 0.061 0.071 0.097 0.146 0.234 0.502 0.951 1.452 1.840 2.040 2.177 2.317 2.455 2.601 2.729 2.922 3.134 3.262 3.203 3.028 3.705 5.410 6.587 7.173 7.235 7.154 7.096 7.068 7.011 6.912 6.710 6.382 6.121 6.048 6.206 6.812 7.782 8.980 10.276 11.629
0.000 0.000 0.000 0.000 0.000 0.000 0.000 0.000 0.000 0.000 0.000 0.000 0.000 0.000 0.000 0.000 0.000 0.000 0.001 0.004 0.016 0.051 0.114 0.172 0.204 0.218 0.223 0.225 0.225 0.224 0.220 0.217 0.218 0.216 0.202 0.170 0.118 0.122 0.151 0.211 0.308 0.485 0.823 1.308 1.762 1.991 2.094 2.164 2.245 2.344 2.413 2.448 2.592 2.734 2.809 2.733 2.590 2.914 4.076 5.302 5.790 5.767 5.580 5.352 5.187 5.085 5.010 4.891 4.722 4.637 4.689 4.987 5.594 6.475 7.493 8.572 9.676
0.000 0.000 0.000 0.000 0.000 0.000 0.000 0.000 0.000 0.000 0.000 0.000 0.000 0.000 0.000 0.000 0.000 0.000 0.000 0.001 0.006 0.028 0.091 0.174 0.228 0.261 0.276 0.281 0.283 0.282 0.309 0.330 0.335 0.333 0.315 0.273 0.228 0.256 0.324 0.441 0.625 0.961 1.391 1.707 1.882 1.988 2.062 2.121 2.151 2.140 2.060 2.014 2.042 2.100 2.149 2.155 2.353 2.574 2.896 3.824 4.336 4.409 4.279 4.061 3.852 3.687 3.549 3.410 3.314 3.289 3.386 3.736 4.396 5.058 5.870 6.770 7.810
0.000 0.000 0.000 0.000 0.000 0.000 0.000 0.000 0.000 0.000 0.000 0.000 0.000 0.000 0.000 0.000 0.000 0.000 0.000 0.000 0.002 0.013 0.060 0.153 0.236 0.294 0.332 0.348 0.356 0.395 0.487 0.533 0.542 0.535 0.501 0.429 0.465 0.543 0.685 0.892 1.165 1.507 1.762 1.862 1.892 1.930 1.996 2.017 1.953 1.856 1.663 1.538 1.519 1.575 1.687 1.861 2.065 2.261 2.472 2.673 3.058 3.240 3.219 3.098 2.928 2.721 2.493 2.280 2.167 2.134 2.173 2.375 2.796 3.409 4.170 5.127 6.190
0.000 0.000 0.000 0.000 0.000 0.000 0.000 0.000 0.000 0.000 0.000 0.000 0.000 0.000 0.000 0.000 0.000 0.000 0.000 0.000 0.001 0.005 0.031 0.109 0.218 0.310 0.384 0.430 0.453 0.557 0.782 0.893 0.905 0.881 0.805 0.835 0.934 1.101 1.315 1.508 1.671 1.828 1.899 1.893 1.887 1.877 1.845 1.762 1.740 1.580 1.280 1.105 1.020 1.059 1.205 1.464 1.713 1.933 2.107 2.217 2.265 2.294 2.348 2.289 2.171 1.981 1.776 1.545 1.330 1.238 1.216 1.260 1.451 1.858 2.503 3.584 4.552
0.000 0.000 0.000 0.000 0.000 0.000 0.000 0.000 0.000 0.000 0.000 0.000 0.000 0.000 0.000 0.000 0.000 0.000 0.000 0.000 0.000 0.002 0.013 0.062 0.169 0.297 0.414 0.515 0.582 0.689 0.978 1.294 1.380 1.344 1.274 1.349 1.502 1.671 1.808 1.901 1.949 1.965 1.934 1.909 1.860 1.764 1.611 1.509 1.449 1.214 0.937 0.698 0.558 0.547 0.675 0.985 1.322 1.587 1.756 1.835 1.855 1.836 1.783 1.706 1.617 1.508 1.351 1.139 0.918 0.740 0.603 0.559 0.608 0.811 1.245 2.265 2.881
0.000 0.000 0.000 0.000 0.000 0.000 0.000 0.000 0.000 0.000 0.000 0.000 0.000 0.000 0.000 0.000 0.000 0.000 0.000 0.000 0.000 0.001 0.004 0.028 0.107 0.248 0.406 0.569 0.715 0.828 1.053 1.410 1.648 1.700 1.657 1.634 1.787 1.913 2.017 2.066 2.067 2.017 1.970 1.889 1.759 1.575 1.368 1.197 1.073 0.928 0.779 0.568 0.343 0.259 0.293 0.497 0.856 1.181 1.385 1.474 1.491 1.468 1.420 1.346 1.249 1.130 0.984 0.813 0.627 0.457 0.324 0.241 0.223 0.281 0.447 0.767 0.924
0.000 0.000 0.000 0.000 0.000 0.000 0.000 0.000 0.000 0.000 0.000 0.000 0.000 0.000 0.000 0.000 0.000 0.000 0.000 0.000 0.001 0.004 0.009 0.019 0.051 0.166 0.353 0.574 0.800 0.976 1.102 1.293 1.643 1.801 1.824 1.810 1.859 1.992 2.091 2.117 2.100 2.063 1.964 1.811 1.600 1.376 1.193 1.054 0.936 0.818 0.679 0.469 0.265 0.152 0.137 0.202 0.408 0.705 0.954 1.084 1.126 1.118 1.083 1.016 0.912 0.787 0.661 0.534 0.401 0.268 0.169 0.112 0.089 0.098 0.140 0.205 0.224
0.000 0.000 0.000 0.000 0.000 0.000 0.000 0.000 0.000 0.000 0.000 0.000 0.000 0.000 0.000 0.000 0.000 0.000 0.000 0.001 0.004 0.011 0.023 0.046 0.087 0.162 0.287 0.493 0.804 1.061 1.193 1.266 1.417 1.691 1.813 1.831 1.930 2.022 2.091 2.115 2.112 2.056 1.910 1.670 1.437 1.250 1.084 0.953 0.844 0.735 0.581 0.362 0.191 0.123 0.099 0.102 0.159 0.301 0.488 0.626 0.693 0.714 0.705 0.662 0.580 0.474 0.379 0.296 0.216 0.137 0.082 0.053 0.042 0.042 0.051 0.061 0.062
0.000 0.000 0.000 0.000 0.000 0.000 0.000 0.000 0.000 0.000 0.000 0.000 0.000 0.000 0.000 0.000 0.000 0.000 0.001 0.004 0.012 0.028 0.057 0.106 0.188 0.324 0.526 0.769 0.990 1.133 1.240 1.290 1.389 1.483 1.690 1.866 1.970 2.028 2.057 2.088 2.079 2.007 1.818 1.526 1.307 1.149 1.014 0.897 0.788 0.656 0.468 0.264 0.181 0.128 0.094 0.079 0.081 0.114 0.183 0.247 0.284 0.298 0.300 0.288 0.255 0.201 0.155 0.120 0.089 0.059 0.038 0.028 0.023 0.022 0.025 0.027 0.027
0.000 0.000 0.000 0.000 0.000 0.000 0.000 0.000 0.000 0.000 0.000 0.000 0.000 0.000 0.000 0.000 0.000 0.001 0.004 0.012 0.031 0.070 0.136 0.238 0.395 0.634 0.899 1.105 1.222 1.266 1.272 1.283 1.324 1.522 1.782 1.913 1.983 2.023 2.039 2.043 2.015 1.910 1.678 1.387 1.198 1.058 0.946 0.846 0.728 0.566 0.352 0.231 0.194 0.143 0.102 0.076 0.063 0.060 0.070 0.083 0.091 0.094 0.093 0.089 0.080 0.066 0.053 0.043 0.035 0.026 0.020 0.016 0.015 0.014 0.015 0.015 0.015
0.000 0.000 0.000 0.000 0.000 0.000 0.000 0.000 0.000 0.000 0.000 0.000 0.000 0.000 0.000 0.000 0.001 0.003 0.010 0.031 0.078 0.168 0.313 0.517 0.794 1.093 1.287 1.364 1.374 1.328 1.290 1.266 1.252 1.625 1.849 1.952 1.993 2.004 2.019 2.007 1.942 1.779 1.504 1.263 1.105 0.985 0.886 0.785 0.650 0.459 0.254 0.235 0.201 0.154 0.111 0.079 0.057 0.045 0.038 0.035 0.034 0.033 0.032 0.031 0.029 0.025 0.022 0.019 0.017 0.014 0.012 0.010 0.010 0.009 0.010 0.010 0.010
0.000 0.000 0.000 0.000 0.000 0.000 0.000 0.000 0.000 0.000 0.000 0.000 0.000 0.000 0.000 0.000 0.001 0.007 0.024 0.071 0.179 0.382 0.688 1.019 1.308 1.486 1.548 1.529 1.447 1.382 1.285 1.171 1.338 1.712 1.895 1.965 1.988 1.997 1.987 1.942 1.836 1.634 1.360 1.163 1.022 0.922 0.835 0.724 0.565 0.346 0.256 0.237 0.203 0.156 0.111 0.078 0.053 0.035 0.025 0.019 0.017 0.016 0.016 0.015 0.014 0.013 0.012 0.011 0.009 0.008 0.007 0.007 0.006 0.006 0.006 0.006 0.006
0.000 0.000 0.000 0.000 0.000 0.000 0.000 0.000 0.000 0.000 0.000 0.000 0.000 0.000 0.000 0.001 0.004 0.014 0.047 0.137 0.345 0.729 1.185 1.495 1.659 1.713 1.691 1.612 1.518 1.376 1.181 1.073 1.472 1.786 1.930 1.972 1.978 1.982 1.956 1.875 1.718 1.496 1.255 1.073 0.955 0.869 0.781 0.653 0.460 0.251 0.247 0.229 0.196 0.148 0.101 0.067 0.042 0.024 0.014 0.010 0.009 0.008 0.008 0.008 0.008 0.007 0.007 0.006 0.005 0.005 0.004 0.004 0.004 0.003 0.003 0.003 0.003
0.000 0.000 0.000 0.000 0.000 0.000 0.000 0.000 0.000 0.000 0.000 0.000 0.000 0.000 0.000 0.002 0.008 0.027 0.086 0.240 0.576 1.123 1.557 1.765 1.825 1.807 1.755 1.663 1.501 1.256 0.961 1.175 1.609 1.854 1.946 1.965 1.970 1.958 1.907 1.787 1.611 1.397 1.176 1.000 0.903 0.825 0.721 0.564 0.350 0.206 0.201 0.186 0.158 0.114 0.071 0.041 0.022 0.011 0.006 0.004 0.004 0.004 0.004 0.004 0.004 0.004 0.004 0.003 0.003 0.003 0.002 0.002 0.002 0.002 0.002 0.002 0.002
0.000 0.000 0.000 0.000 0.000 0.000 0.000 0.000 0.000 0.000 0.000 0.000 0.000 0.000 0.001 0.004 0.014 0.049 0.146 0.379 0.853 1.433 1.755 1.870 1.873 1.846 1.770 1.609 1.330 0.978 1.002 1.303 1.711 1.917 1.970 1.967 1.956 1.915 1.828 1.688 1.507 1.298 1.093 0.963 0.879 0.792 0.664 0.471 0.265 0.141 0.133 0.117 0.089 0.057 0.030 0.015 0.007 0.003 0.002 0.002 0.002 0.002 0.002 0.002 0.002 0.002 0.002 0.002 0.001 0.001 0.001 0.001 0.001 0.001 0.001 0.001 0.001
0.000 0.000 0.000 0.000 0.000 0.000 0.000 0.000 0.000 0.000 0.000 0.000 0.000 0.000 0.001 0.007 0.026 0.082 0.225 0.545 1.122 1.617 1.826 1.879 1.885 1.840 1.686 1.383 1.021 0.925 1.075 1.454 1.781 1.941 1.980 1.978 1.947 1.870 1.746 1.589 1.408 1.198 1.030 0.945 0.870 0.762 0.599 0.383 0.201 0.088 0.054 0.045 0.032 0.018 0.009 0.004 0.002 0.001 0.001 0.001 0.001 0.001 0.001 0.001 0.001 0.001 0.001 0.001 0.000 0.000 0.000 0.000 0.000 0.000 0.000 0.000 0.000
0.000 0.000 0.000 0.000 0.000 0.000 0.000 0.000 0.000 0.000 0.000 0.000 0.000 0.000 0.003 0.012 0.042 0.124 0.319 0.720 1.322 1.708 1.832 1.859 1.860 1.768 1.505 1.113 0.923 0.910 1.165 1.569 1.829 1.937 1.968 1.971 1.922 1.815 1.662 1.488 1.301 1.102 0.998 0.933 0.856 0.731 0.534 0.310 0.150 0.060 0.020 0.011 0.007 0.004 0.002 0.001 0.001 0.000 0.000 0.000 0.000 0.000 0.000 0.000 0.000 0.000 0.000 0.000 0.000 0.000 0.000 0.000 0.000 0.000 0.000 0.000 0.000
0.000 0.000 0.000 0.000 0.000 0.000 0.000 0.000 0.000 0.000 0.000 0.000 0.000 0.001 0.004 0.018 0.061 0.176 0.431 0.894 1.451 1.738 1.817 1.834 1.804 1.636 1.265 0.952 0.865 0.926 1.250 1.634 1.856 1.923 1.946 1.944 1.885 1.756 1.587 1.396 1.170 1.038 0.981 0.931 0.840 0.686 0.465 0.252 0.114 0.042 0.013 0.003 0.002 0.001 0.001 0.000 0.000 0.000 0.000 0.000 0.000 0.000 0.000 0.000 0.000 0.000 0.000 0.000 0.000 0.000 0.000 0.000 0.000 0.000 0.000 0.000 0.000
0.000 0.000 0.000 0.000 0.000 0.000 0.000 0.000 0.000 0.000 0.000 0.000 0.000 0.001 0.006 0.024 0.084 0.234 0.550 1.069 1.524 1.724 1.783 1.799 1.718 1.450 1.058 0.860 0.823 0.952 1.338 1.692 1.881 1.934 1.930 1.905 1.821 1.687 1.511 1.289 1.080 1.005 0.974 0.924 0.817 0.638 0.397 0.201 0.084 0.028 0.008 0.002 0.000 0.000 0.000 0.000 0.000 0.000 0.000 0.000 0.000 0.000 0.000 0.000 0.000 0.000 0.000 0.000 0.000 0.000 0.000 0.000 0.000 0.000 0.000 0.000 0.000
0.000 0.000 0.000 0.000 0.000 0.000 0.000 0.000 0.000 0.000 0.000 0.000 0.000 0.001 0.008 0.032 0.107 0.296 0.681 1.214 1.564 1.692 1.739 1.733 1.583 1.221 0.919 0.802 0.787 0.981 1.394 1.744 1.900 1.933 1.929 1.868 1.751 1.598 1.404 1.153 1.019 0.987 0.965 0.910 0.784 0.579 0.333 0.156 0.059 0.018 0.004 0.001 0.000 0.000 0.000 0.000 0.000 0.000 0.000 0.000 0.000 0.000 0.000 0.000 0.000 0.000 0.000 0.000 0.000 0.000 0.000 0.000 0.000 0.000 0.000 0.000 0.000
0.000 0.000 0.000 0.000 0.000 0.000 0.000 0.000 0.000 0.000 0.000 0.000 0.000 0.002 0.009 0.038 0.129 0.363 0.821 1.319 1.573 1.644 1.679 1.628 1.392 1.018 0.814 0.753 0.763 1.018 1.439 1.773 1.919 1.942 1.927 1.848 1.704 1.505 1.265 1.045 0.977 0.971 0.953 0.885 0.744 0.517 0.274 0.119 0.041 0.011 0.002 0.000 0.000 0.000 0.000 0.000 0.000 0.000 0.000 0.000 0.000 0.000 0.000 0.000 0.000 0.000 0.000 0.000 0.000 0.000 0.000 0.000 0.000 0.000 0.000 0.000 0.000
0.000 0.000 0.000 0.000 0.000 0.000 0.000 0.000 0.000 0.000 0.000 0.000 0.000 0.002 0.010 0.045 0.151 0.428 0.962 1.411 1.585 1.610 1.616 1.504 1.183 0.871 0.734 0.700 0.746 1.055 1.508 1.813 1.929 1.941 1.926 1.829 1.648 1.413 1.157 0.999 0.970 0.966 0.942 0.856 0.690 0.448 0.218 0.086 0.026 0.006 0.001 0.000 0.000 0.000 0.000 0.000 0.000 0.000 0.000 0.000 0.000 0.000 0.000 0.000 0.000 0.000 0.000 0.000 0.000 0.000 0.000 0.000 0.000 0.000 0.000 0.000 0.000
