RESULTS/r.avaflow_results/31_results/31_ascii/31_hflow_fin.asc
ncols 506
nrows 317
xllcenter 498237.50
yllcenter 5580050.00
cellsize 12.50
NODATA_value -9999.000
[rows 170 to 203 of 317, columns 77 to 153 of 506]
0.000 0.000 0.000 0.000 0.000 0.000 0.000 0.000 0.000 0.000 0.000 0.000 0.000 0.000 0.000 0.000 0.000 0.000 0.000 0.000 0.000 0.000 0.000 0.000 0.000 0.000 0.000 0.000 0.000 0.000 0.000 0.000 0.000 0.000 0.000 0.000 0.000 0.000 0.000 0.000 0.000 0.000 0.000 0.000 0.000 0.000 0.001 0.002 0.004 0.008 0.015 0.035 0.106 0.320 0.764 1.387 2.201 3.480 5.477 8.020 10.522 12.567 14.123 15.086 15.419 15.340 15.058 14.660 14.221 13.543 12.512 11.312 10.287 9.575 9.092 8.733 8.459
0.000 0.000 0.000 0.000 0.000 0.000 0.000 0.000 0.000 0.000 0.000 0.000 0.000 0.000 0.000 0.000 0.000 0.000 0.000 0.000 0.000 0.000 0.000 0.000 0.000 0.000 0.000 0.000 0.000 0.000 0.000 0.000 0.000 0.000 0.000 0.000 0.000 0.000 0.000 0.000 0.000 0.000 0.000 0.000 0.000 0.001 0.003 0.005 0.009 0.019 0.043 0.122 0.338 0.808 1.527 2.412 3.537 5.143 7.385 10.044 12.346 14.086 15.254 15.839 15.906 15.687 15.243 14.681 14.081 13.376 12.560 11.883 11.519 11.376 11.350 11.377 11.502
0.000 0.000 0.000 0.000 0.000 0.000 0.000 0.000 0.000 0.000 0.000 0.000 0.000 0.000 0.000 0.000 0.000 0.000 0.000 0.000 0.000 0.000 0.000 0.000 0.000 0.000 0.001 0.001 0.001 0.000 0.000 0.000 0.000 0.000 0.000 0.000 0.000 0.000 0.000 0.000 0.000 0.000 0.000 0.001 0.001 0.003 0.007 0.013 0.026 0.060 0.159 0.391 0.801 1.366 2.036 2.921 4.207 6.020 8.415 11.072 13.221 14.726 15.591 15.943 15.926 15.664 15.199 14.669 14.173 13.724 13.403 13.308 13.350 13.381 13.466 13.796 14.475
0.000 0.000 0.000 0.000 0.000 0.000 0.000 0.000 0.000 0.000 0.000 0.000 0.000 0.000 0.000 0.000 0.000 0.000 0.000 0.001 0.001 0.002 0.002 0.002 0.003 0.003 0.003 0.003 0.003 0.003 0.003 0.002 0.002 0.002 0.001 0.001 0.001 0.000 0.000 0.000 0.000 0.000 0.001 0.002 0.004 0.008 0.018 0.040 0.089 0.212 0.485 0.889 1.328 1.766 2.277 3.046 4.339 6.221 8.693 11.303 13.355 14.745 15.494 15.770 15.737 15.528 15.202 14.934 14.834 14.842 14.844 14.779 14.728 14.726 14.926 15.595 16.809
0.000 0.000 0.000 0.000 0.000 0.000 0.000 0.000 0.000 0.000 0.000 0.000 0.000 0.000 0.000 0.000 0.000 0.000 0.001 0.002 0.004 0.006 0.007 0.008 0.008 0.008 0.008 0.008 0.008 0.008 0.008 0.008 0.007 0.006 0.004 0.003 0.002 0.001 0.001 0.001 0.001 0.001 0.002 0.004 0.010 0.025 0.060 0.134 0.279 0.556 0.937 1.312 1.645 1.963 2.357 3.011 4.211 6.069 8.568 11.111 13.023 14.286 14.977 15.306 15.457 15.531 15.569 15.638 15.716 15.746 15.678 15.508 15.431 15.536 15.987 16.910 18.295
0.000 0.000 0.000 0.000 0.000 0.000 0.000 0.000 0.000 0.000 0.000 0.000 0.000 0.000 0.000 0.000 0.000 0.001 0.002 0.005 0.009 0.012 0.015 0.016 0.017 0.017 0.017 0.017 0.017 0.017 0.017 0.016 0.014 0.012 0.009 0.006 0.004 0.003 0.003 0.002 0.002 0.003 0.004 0.010 0.027 0.077 0.182 0.358 0.622 0.936 1.228 1.498 1.765 2.032 2.356 2.843 3.774 5.480 7.990 10.509 12.273 13.403 14.118 14.661 15.161 15.586 15.832 15.927 15.957 15.928 15.800 15.612 15.563 15.784 16.441 17.471 18.755
0.000 0.000 0.000 0.000 0.000 0.000 0.000 0.000 0.000 0.000 0.000 0.000 0.000 0.000 0.000 0.000 0.000 0.002 0.005 0.010 0.016 0.021 0.025 0.027 0.029 0.029 0.030 0.030 0.030 0.029 0.028 0.027 0.025 0.021 0.015 0.011 0.008 0.006 0.005 0.005 0.005 0.006 0.010 0.025 0.080 0.213 0.429 0.671 0.918 1.143 1.345 1.556 1.798 2.053 2.325 2.674 3.295 4.677 7.093 9.684 11.439 12.529 13.298 14.022 14.773 15.351 15.595 15.607 15.554 15.444 15.215 15.017 14.999 15.323 16.111 17.205 18.442
0.000 0.000 0.000 0.000 0.000 0.000 0.000 0.000 0.000 0.000 0.000 0.000 0.000 0.000 0.000 0.000 0.000 0.002 0.007 0.015 0.025 0.033 0.039 0.042 0.044 0.045 0.046 0.046 0.046 0.045 0.044 0.042 0.038 0.032 0.024 0.016 0.012 0.009 0.008 0.008 0.008 0.010 0.021 0.064 0.202 0.459 0.714 0.906 1.071 1.226 1.388 1.583 1.807 2.047 2.295 2.594 3.073 4.195 6.382 8.915 10.631 11.695 12.496 13.273 13.991 14.432 14.525 14.436 14.270 14.016 13.648 13.409 13.387 13.745 14.661 15.952 17.349
0.000 0.000 0.000 0.000 0.000 0.000 0.000 0.000 0.000 0.000 0.000 0.000 0.000 0.000 0.000 0.000 0.000 0.003 0.008 0.018 0.032 0.047 0.056 0.061 0.064 0.065 0.066 0.066 0.066 0.065 0.064 0.061 0.055 0.047 0.036 0.024 0.017 0.013 0.012 0.011 0.012 0.017 0.042 0.143 0.401 0.712 0.904 1.028 1.142 1.266 1.417 1.602 1.805 2.028 2.264 2.542 2.966 3.918 5.818 8.103 9.649 10.628 11.394 12.077 12.574 12.775 12.727 12.557 12.248 11.753 11.262 11.035 11.083 11.620 12.732 14.216 15.855
0.000 0.000 0.000 0.000 0.000 0.000 0.000 0.000 0.000 0.000 0.000 0.000 0.000 0.000 0.000 0.000 0.000 0.003 0.008 0.019 0.036 0.059 0.077 0.085 0.089 0.091 0.091 0.091 0.091 0.090 0.088 0.084 0.077 0.067 0.051 0.035 0.024 0.018 0.015 0.014 0.015 0.022 0.061 0.222 0.575 0.869 1.004 1.087 1.180 1.292 1.434 1.606 1.798 2.010 2.239 2.501 2.889 3.703 5.299 7.139 8.319 9.094 9.744 10.278 10.594 10.654 10.547 10.289 9.841 9.271 8.914 8.865 9.186 10.023 11.282 12.781 14.430
0.000 0.000 0.000 0.000 0.000 0.000 0.000 0.000 0.000 0.000 0.000 0.000 0.000 0.000 0.000 0.000 0.000 0.002 0.007 0.017 0.035 0.063 0.095 0.112 0.119 0.121 0.122 0.122 0.121 0.120 0.117 0.113 0.104 0.091 0.072 0.049 0.033 0.023 0.019 0.017 0.017 0.024 0.066 0.255 0.669 0.956 1.053 1.116 1.196 1.298 1.428 1.589 1.778 1.993 2.222 2.470 2.820 3.491 4.747 6.064 6.815 7.279 7.683 8.041 8.257 8.290 8.195 7.975 7.608 7.233 7.070 7.166 7.698 8.684 9.968 11.397 12.950
0.000 0.000 0.000 0.000 0.000 0.000 0.000 0.000 0.000 0.000 0.000 0.000 0.000 0.000 0.000 0.000 0.000 0.001 0.004 0.012 0.028 0.058 0.103 0.137 0.151 0.156 0.158 0.158 0.158 0.156 0.154 0.148 0.137 0.122 0.099 0.069 0.045 0.030 0.022 0.019 0.019 0.025 0.064 0.253 0.691 0.994 1.080 1.128 1.192 1.282 1.397 1.547 1.738 1.957 2.193 2.437 2.733 3.228 4.110 5.038 5.534 5.759 5.896 6.010 6.092 6.101 6.042 5.912 5.693 5.542 5.537 5.785 6.415 7.397 8.597 9.887 11.239
0.000 0.000 0.000 0.000 0.000 0.000 0.000 0.000 0.000 0.000 0.000 0.000 0.000 0.000 0.000 0.000 0.000 0.000 0.001 0.004 0.014 0.041 0.093 0.150 0.181 0.195 0.199 0.201 0.201 0.200 0.197 0.190 0.178 0.159 0.134 0.098 0.063 0.040 0.028 0.022 0.021 0.025 0.057 0.222 0.649 0.991 1.088 1.125 1.168 1.239 1.336 1.474 1.661 1.876 2.110 2.348 2.593 2.914 3.466 4.106 4.441 4.532 4.516 4.469 4.433 4.389 4.331 4.233 4.120 4.085 4.174 4.526 5.177 6.064 7.082 8.162 9.277
0.000 0.000 0.000 0.000 0.000 0.000 0.000 0.000 0.000 0.000 0.000 0.000 0.000 0.000 0.000 0.000 0.000 0.000 0.000 0.001 0.004 0.020 0.069 0.144 0.200 0.231 0.245 0.250 0.252 0.251 0.248 0.241 0.227 0.207 0.179 0.139 0.093 0.057 0.037 0.027 0.024 0.026 0.044 0.156 0.512 0.909 1.066 1.106 1.123 1.157 1.226 1.338 1.513 1.726 1.947 2.167 2.380 2.605 2.931 3.319 3.531 3.575 3.522 3.425 3.334 3.247 3.149 3.010 2.903 2.876 2.956 3.273 3.856 4.606 5.436 6.373 7.430
0.000 0.000 0.000 0.000 0.000 0.000 0.000 0.000 0.000 0.000 0.000 0.000 0.000 0.000 0.000 0.000 0.000 0.000 0.000 0.000 0.001 0.008 0.042 0.121 0.204 0.257 0.290 0.305 0.310 0.311 0.308 0.301 0.288 0.266 0.236 0.193 0.138 0.087 0.054 0.036 0.029 0.029 0.037 0.088 0.309 0.703 0.963 1.042 1.044 1.026 1.031 1.084 1.213 1.422 1.659 1.882 2.092 2.292 2.507 2.712 2.830 2.860 2.819 2.729 2.631 2.525 2.384 2.185 2.017 1.937 1.938 2.068 2.403 2.953 3.696 4.638 5.726
0.000 0.000 0.000 0.000 0.000 0.000 0.000 0.000 0.000 0.000 0.000 0.000 0.000 0.000 0.000 0.000 0.000 0.000 0.000 0.000 0.000 0.003 0.020 0.083 0.184 0.265 0.324 0.361 0.377 0.381 0.381 0.375 0.362 0.341 0.310 0.264 0.202 0.134 0.085 0.055 0.041 0.037 0.040 0.059 0.156 0.434 0.742 0.880 0.895 0.849 0.770 0.733 0.777 0.931 1.191 1.480 1.737 1.962 2.141 2.257 2.313 2.322 2.283 2.203 2.110 2.002 1.846 1.622 1.406 1.258 1.168 1.149 1.254 1.568 2.137 2.964 3.957
0.000 0.000 0.000 0.000 0.000 0.000 0.000 0.000 0.000 0.000 0.000 0.000 0.000 0.000 0.000 0.000 0.000 0.000 0.000 0.000 0.000 0.001 0.008 0.044 0.135 0.248 0.338 0.409 0.451 0.465 0.468 0.465 0.455 0.436 0.405 0.358 0.292 0.208 0.136 0.090 0.063 0.051 0.048 0.055 0.092 0.228 0.458 0.604 0.641 0.608 0.507 0.410 0.380 0.433 0.640 0.994 1.341 1.612 1.786 1.873 1.902 1.892 1.847 1.772 1.682 1.572 1.418 1.211 0.992 0.807 0.659 0.571 0.558 0.672 0.987 1.508 2.031
0.000 0.000 0.000 0.000 0.000 0.000 0.000 0.000 0.000 0.000 0.000 0.000 0.000 0.000 0.000 0.000 0.000 0.000 0.000 0.000 0.000 0.000 0.002 0.018 0.079 0.197 0.324 0.434 0.522 0.565 0.576 0.576 0.569 0.555 0.525 0.479 0.407 0.307 0.212 0.143 0.098 0.072 0.062 0.061 0.075 0.135 0.262 0.367 0.406 0.400 0.347 0.262 0.204 0.196 0.266 0.502 0.871 1.205 1.413 1.509 1.536 1.521 1.479 1.410 1.314 1.193 1.046 0.877 0.694 0.513 0.366 0.271 0.232 0.241 0.343 0.553 0.700
0.000 0.000 0.000 0.000 0.000 0.000 0.000 0.000 0.000 0.000 0.000 0.000 0.000 0.000 0.000 0.000 0.000 0.000 0.000 0.000 0.000 0.000 0.001 0.006 0.035 0.125 0.271 0.424 0.564 0.663 0.703 0.710 0.708 0.694 0.660 0.600 0.507 0.389 0.285 0.205 0.145 0.104 0.081 0.075 0.080 0.111 0.180 0.251 0.287 0.292 0.272 0.219 0.159 0.127 0.129 0.203 0.417 0.724 0.981 1.117 1.165 1.166 1.138 1.076 0.975 0.846 0.717 0.587 0.453 0.309 0.196 0.128 0.098 0.092 0.106 0.151 0.168
0.000 0.000 0.000 0.000 0.000 0.000 0.000 0.000 0.000 0.000 0.000 0.000 0.000 0.000 0.000 0.000 0.000 0.000 0.000 0.000 0.000 0.000 0.000 0.002 0.011 0.057 0.177 0.362 0.563 0.727 0.820 0.846 0.844 0.820 0.770 0.686 0.569 0.440 0.333 0.249 0.185 0.139 0.109 0.095 0.096 0.115 0.162 0.214 0.242 0.248 0.240 0.209 0.155 0.113 0.095 0.101 0.162 0.310 0.505 0.652 0.725 0.752 0.749 0.712 0.634 0.524 0.424 0.336 0.250 0.162 0.095 0.060 0.045 0.041 0.042 0.048 0.049
0.000 0.000 0.000 0.000 0.000 0.000 0.000 0.000 0.000 0.000 0.000 0.000 0.000 0.000 0.000 0.000 0.000 0.000 0.000 0.000 0.000 0.000 0.000 0.001 0.003 0.018 0.077 0.226 0.473 0.730 0.891 0.951 0.949 0.915 0.844 0.735 0.598 0.468 0.360 0.274 0.210 0.165 0.135 0.121 0.118 0.130 0.166 0.209 0.230 0.234 0.229 0.207 0.164 0.118 0.090 0.078 0.081 0.116 0.189 0.258 0.300 0.318 0.323 0.316 0.287 0.233 0.180 0.139 0.103 0.069 0.043 0.030 0.024 0.023 0.022 0.023 0.023
0.000 0.000 0.000 0.000 0.000 0.000 0.000 0.000 0.000 0.000 0.000 0.000 0.000 0.000 0.000 0.000 0.000 0.000 0.000 0.000 0.000 0.000 0.000 0.001 0.001 0.005 0.022 0.086 0.273 0.603 0.885 1.003 1.014 0.970 0.879 0.752 0.608 0.479 0.372 0.287 0.222 0.177 0.150 0.137 0.135 0.145 0.175 0.212 0.228 0.231 0.227 0.211 0.179 0.134 0.097 0.073 0.062 0.060 0.070 0.086 0.096 0.100 0.099 0.097 0.090 0.076 0.060 0.048 0.039 0.029 0.021 0.017 0.015 0.014 0.014 0.014 0.014
0.000 0.000 0.000 0.000 0.000 0.000 0.000 0.000 0.000 0.000 0.000 0.000 0.000 0.000 0.000 0.000 0.000 0.000 0.000 0.000 0.000 0.000 0.000 0.001 0.001 0.004 0.010 0.028 0.099 0.337 0.722 0.975 1.027 0.984 0.885 0.754 0.609 0.482 0.377 0.291 0.226 0.181 0.155 0.144 0.142 0.150 0.176 0.214 0.233 0.236 0.231 0.216 0.188 0.146 0.105 0.075 0.055 0.043 0.037 0.035 0.034 0.034 0.033 0.032 0.031 0.027 0.024 0.020 0.018 0.015 0.012 0.011 0.010 0.009 0.009 0.009 0.009
0.000 0.000 0.000 0.000 0.000 0.000 0.000 0.000 0.000 0.000 0.000 0.000 0.000 0.000 0.000 0.000 0.000 0.000 0.000 0.000 0.000 0.000 0.001 0.001 0.003 0.007 0.016 0.025 0.039 0.122 0.415 0.799 0.962 0.954 0.868 0.743 0.604 0.481 0.377 0.292 0.227 0.180 0.154 0.144 0.144 0.150 0.172 0.209 0.233 0.238 0.234 0.218 0.190 0.147 0.105 0.074 0.050 0.033 0.023 0.017 0.015 0.014 0.014 0.014 0.014 0.013 0.012 0.010 0.010 0.009 0.007 0.007 0.006 0.006 0.006 0.006 0.006
0.000 0.000 0.000 0.000 0.000 0.000 0.000 0.000 0.000 0.000 0.000 0.000 0.000 0.000 0.000 0.000 0.000 0.000 0.000 0.000 0.000 0.000 0.001 0.003 0.008 0.018 0.028 0.031 0.033 0.050 0.177 0.506 0.769 0.829 0.790 0.701 0.586 0.473 0.374 0.291 0.225 0.177 0.148 0.137 0.137 0.142 0.156 0.185 0.212 0.223 0.222 0.209 0.182 0.138 0.094 0.062 0.038 0.022 0.012 0.008 0.007 0.007 0.007 0.007 0.007 0.007 0.006 0.006 0.005 0.005 0.004 0.004 0.004 0.004 0.003 0.003 0.003
0.000 0.000 0.000 0.000 0.000 0.000 0.000 0.000 0.000 0.000 0.000 0.000 0.000 0.000 0.000 0.000 0.000 0.000 0.000 0.000 0.000 0.001 0.002 0.007 0.018 0.029 0.033 0.033 0.032 0.036 0.087 0.274 0.514 0.618 0.632 0.604 0.540 0.454 0.366 0.287 0.221 0.170 0.134 0.116 0.112 0.114 0.119 0.132 0.151 0.164 0.167 0.161 0.140 0.101 0.061 0.035 0.018 0.009 0.005 0.003 0.003 0.003 0.003 0.003 0.004 0.003 0.003 0.003 0.003 0.003 0.002 0.002 0.002 0.002 0.002 0.002 0.002
0.000 0.000 0.000 0.000 0.000 0.000 0.000 0.000 0.000 0.000 0.000 0.000 0.000 0.000 0.000 0.000 0.000 0.000 0.000 0.000 0.001 0.002 0.005 0.014 0.027 0.032 0.033 0.030 0.025 0.027 0.056 0.159 0.327 0.424 0.455 0.463 0.451 0.410 0.348 0.278 0.213 0.160 0.118 0.091 0.076 0.069 0.065 0.065 0.069 0.074 0.076 0.075 0.066 0.045 0.024 0.012 0.006 0.003 0.002 0.001 0.001 0.001 0.001 0.002 0.002 0.002 0.002 0.001 0.001 0.001 0.001 0.001 0.001 0.001 0.001 0.000 0.000
0.000 0.000 0.000 0.000 0.000 0.000 0.000 0.000 0.000 0.000 0.000 0.000 0.000 0.000 0.000 0.000 0.000 0.000 0.000 0.000 0.001 0.003 0.009 0.022 0.030 0.032 0.030 0.022 0.016 0.019 0.041 0.103 0.210 0.286 0.322 0.338 0.344 0.337 0.310 0.261 0.204 0.150 0.107 0.075 0.055 0.041 0.032 0.027 0.024 0.024 0.023 0.023 0.020 0.014 0.007 0.003 0.002 0.001 0.001 0.000 0.000 0.000 0.000 0.000 0.001 0.001 0.000 0.000 0.000 0.000 0.000 0.000 0.000 0.000 0.000 0.000 0.000
0.000 0.000 0.000 0.000 0.000 0.000 0.000 0.000 0.000 0.000 0.000 0.000 0.000 0.000 0.000 0.000 0.000 0.000 0.000 0.001 0.002 0.006 0.015 0.027 0.031 0.030 0.022 0.013 0.011 0.015 0.032 0.071 0.136 0.188 0.219 0.238 0.249 0.254 0.249 0.227 0.188 0.141 0.098 0.066 0.044 0.029 0.019 0.013 0.009 0.007 0.006 0.006 0.005 0.003 0.002 0.001 0.000 0.000 0.000 0.000 0.000 0.000 0.000 0.000 0.000 0.000 0.000 0.000 0.000 0.000 0.000 0.000 0.000 0.000 0.000 0.000 0.000
0.000 0.000 0.000 0.000 0.000 0.000 0.000 0.000 0.000 0.000 0.000 0.000 0.000 0.000 0.000 0.000 0.000 0.000 0.000 0.001 0.003 0.009 0.021 0.029 0.029 0.024 0.013 0.008 0.008 0.013 0.025 0.050 0.087 0.117 0.138 0.154 0.166 0.176 0.181 0.177 0.160 0.128 0.091 0.060 0.038 0.023 0.013 0.007 0.004 0.002 0.002 0.001 0.001 0.001 0.000 0.000 0.000 0.000 0.000 0.000 0.000 0.000 0.000 0.000 0.000 0.000 0.000 0.000 0.000 0.000 0.000 0.000 0.000 0.000 0.000 0.000 0.000
0.000 0.000 0.000 0.000 0.000 0.000 0.000 0.000 0.000 0.000 0.000 0.000 0.000 0.000 0.000 0.000 0.000 0.000 0.001 0.002 0.005 0.014 0.025 0.028 0.026 0.017 0.007 0.005 0.006 0.011 0.020 0.035 0.054 0.068 0.078 0.086 0.093 0.102 0.111 0.118 0.118 0.106 0.081 0.053 0.031 0.017 0.009 0.004 0.002 0.001 0.001 0.001 0.000 0.000 0.000 0.000 0.000 0.000 0.000 0.000 0.000 0.000 0.000 0.000 0.000 0.000 0.000 0.000 0.000 0.000 0.000 0.000 0.000 0.000 0.000 0.000 0.000
0.000 0.000 0.000 0.000 0.000 0.000 0.000 0.000 0.000 0.000 0.000 0.000 0.000 0.000 0.000 0.000 0.000 0.000 0.001 0.003 0.008 0.019 0.026 0.026 0.021 0.009 0.003 0.003 0.005 0.008 0.015 0.024 0.032 0.036 0.038 0.039 0.041 0.045 0.051 0.059 0.065 0.067 0.060 0.042 0.024 0.012 0.006 0.003 0.001 0.001 0.000 0.000 0.000 0.000 0.000 0.000 0.000 0.000 0.000 0.000 0.000 0.000 0.000 0.000 0.000 0.000 0.000 0.000 0.000 0.000 0.000 0.000 0.000 0.000 0.000 0.000 0.000
0.000 0.000 0.000 0.000 0.000 0.000 0.000 0.000 0.000 0.000 0.000 0.000 0.000 0.000 0.000 0.000 0.000 0.001 0.002 0.005 0.012 0.022 0.025 0.023 0.014 0.004 0.001 0.002 0.003 0.006 0.010 0.014 0.017 0.018 0.016 0.014 0.013 0.014 0.016 0.020 0.024 0.027 0.027 0.023 0.013 0.006 0.003 0.001 0.001 0.000 0.000 0.000 0.000 0.000 0.000 0.000 0.000 0.000 0.000 0.000 0.000 0.000 0.000 0.000 0.000 0.000 0.000 0.000 0.000 0.000 0.000 0.000 0.000 0.000 0.000 0.000 0.000
0.000 0.000 0.000 0.000 0.000 0.000 0.000 0.000 0.000 0.000 0.000 0.000 0.000 0.000 0.000 0.000 0.000 0.001 0.003 0.007 0.017 0.023 0.024 0.019 0.008 0.002 0.001 0.001 0.002 0.003 0.006 0.008 0.008 0.008 0.006 0.005 0.004 0.004 0.004 0.004 0.006 0.008 0.008 0.008 0.005 0.003 0.001 0.001 0.000 0.000 0.000 0.000 0.000 0.000 0.000 0.000 0.000 0.000 0.000 0.000 0.000 0.000 0.000 0.000 0.000 0.000 0.000 0.000 0.000 0.000 0.000 0.000 0.000 0.000 0.000 0.000 0.000
