RESULTS/r.avaflow_results/31_results/31_ascii/31_hflow0049.asc
ncols 506
nrows 317
xllcenter 498237.50
yllcenter 5580050.00
cellsize 12.50
NODATA_value -9999.000
[rows 170 to 203 of 317, columns 77 to 153 of 506]
0.000 0.000 0.000 0.000 0.000 0.000 0.000 0.000 0.000 0.000 0.000 0.000 0.000 0.000 0.000 0.000 0.000 0.000 0.000 0.000 0.000 0.000 0.000 0.000 0.000 0.000 0.000 0.000 0.000 0.000 0.000 0.000 0.000 0.000 0.000 0.000 0.000 0.000 0.000 0.000 0.000 0.000 0.000 0.000 0.000 0.000 0.001 0.002 0.004 0.008 0.015 0.035 0.104 0.311 0.739 1.345 2.149 3.432 5.445 8.005 10.511 12.567 14.130 15.097 15.430 15.347 15.057 14.647 14.202 13.522 12.487 11.286 10.262 9.553 9.074 8.719 8.450
0.000 0.000 0.000 0.000 0.000 0.000 0.000 0.000 0.000 0.000 0.000 0.000 0.000 0.000 0.000 0.000 0.000 0.000 0.000 0.000 0.000 0.000 0.000 0.000 0.000 0.000 0.000 0.000 0.000 0.000 0.000 0.000 0.000 0.000 0.000 0.000 0.000 0.000 0.000 0.000 0.000 0.000 0.000 0.000 0.000 0.001 0.003 0.005 0.010 0.019 0.044 0.123 0.334 0.791 1.495 2.371 3.498 5.121 7.385 10.053 12.355 14.104 15.277 15.861 15.925 15.703 15.244 14.669 14.061 13.353 12.535 11.856 11.494 11.353 11.331 11.361 11.489
0.000 0.000 0.000 0.000 0.000 0.000 0.000 0.000 0.000 0.000 0.000 0.000 0.000 0.000 0.000 0.000 0.000 0.000 0.000 0.000 0.000 0.000 0.000 0.000 0.000 0.000 0.000 0.000 0.000 0.000 0.000 0.000 0.000 0.000 0.000 0.000 0.000 0.000 0.000 0.000 0.000 0.000 0.000 0.001 0.001 0.003 0.007 0.014 0.028 0.064 0.165 0.396 0.796 1.347 2.005 2.885 4.180 6.017 8.436 11.094 13.244 14.752 15.622 15.970 15.947 15.681 15.198 14.656 14.155 13.701 13.379 13.284 13.328 13.360 13.448 13.780 14.462
0.000 0.000 0.000 0.000 0.000 0.000 0.000 0.000 0.000 0.000 0.000 0.000 0.000 0.000 0.000 0.000 0.000 0.000 0.000 0.000 0.001 0.001 0.002 0.002 0.002 0.002 0.002 0.002 0.002 0.002 0.002 0.002 0.002 0.002 0.001 0.001 0.001 0.000 0.000 0.000 0.000 0.000 0.001 0.002 0.004 0.009 0.020 0.044 0.098 0.226 0.503 0.901 1.325 1.748 2.245 3.013 4.317 6.223 8.719 11.328 13.380 14.775 15.527 15.797 15.756 15.545 15.200 14.926 14.820 14.824 14.826 14.760 14.708 14.707 14.908 15.579 16.795
0.000 0.000 0.000 0.000 0.000 0.000 0.000 0.000 0.000 0.000 0.000 0.000 0.000 0.000 0.000 0.000 0.000 0.000 0.000 0.001 0.003 0.005 0.006 0.007 0.007 0.008 0.008 0.008 0.008 0.008 0.008 0.007 0.007 0.006 0.004 0.003 0.002 0.001 0.001 0.001 0.001 0.001 0.002 0.004 0.011 0.028 0.069 0.150 0.306 0.590 0.965 1.326 1.644 1.946 2.325 2.978 4.187 6.067 8.592 11.139 13.052 14.316 15.007 15.331 15.475 15.547 15.575 15.639 15.709 15.735 15.665 15.489 15.412 15.516 15.967 16.892 18.280
0.000 0.000 0.000 0.000 0.000 0.000 0.000 0.000 0.000 0.000 0.000 0.000 0.000 0.000 0.000 0.000 0.000 0.000 0.002 0.003 0.006 0.010 0.012 0.014 0.015 0.016 0.016 0.016 0.016 0.016 0.016 0.015 0.014 0.012 0.009 0.006 0.004 0.003 0.003 0.002 0.002 0.003 0.005 0.011 0.032 0.090 0.208 0.397 0.667 0.978 1.257 1.514 1.766 2.016 2.324 2.807 3.743 5.466 8.004 10.533 12.298 13.429 14.145 14.683 15.182 15.605 15.845 15.932 15.952 15.920 15.787 15.593 15.544 15.764 16.420 17.453 18.740
0.000 0.000 0.000 0.000 0.000 0.000 0.000 0.000 0.000 0.000 0.000 0.000 0.000 0.000 0.000 0.000 0.000 0.001 0.003 0.007 0.012 0.017 0.022 0.024 0.026 0.027 0.028 0.028 0.028 0.028 0.027 0.026 0.024 0.021 0.015 0.011 0.008 0.006 0.005 0.005 0.005 0.006 0.011 0.029 0.095 0.249 0.481 0.730 0.970 1.185 1.375 1.577 1.804 2.039 2.294 2.633 3.258 4.652 7.093 9.705 11.468 12.561 13.329 14.049 14.798 15.371 15.606 15.613 15.549 15.433 15.198 14.996 14.979 15.303 16.091 17.187 18.429
0.000 0.000 0.000 0.000 0.000 0.000 0.000 0.000 0.000 0.000 0.000 0.000 0.000 0.000 0.000 0.000 0.000 0.002 0.006 0.011 0.019 0.028 0.034 0.038 0.041 0.042 0.043 0.043 0.043 0.043 0.042 0.040 0.037 0.032 0.024 0.017 0.012 0.009 0.008 0.008 0.008 0.011 0.023 0.077 0.243 0.527 0.788 0.971 1.125 1.270 1.423 1.608 1.816 2.035 2.263 2.553 3.035 4.166 6.378 8.940 10.668 11.735 12.532 13.300 14.015 14.446 14.532 14.438 14.262 13.997 13.626 13.385 13.365 13.724 14.643 15.936 17.336
0.000 0.000 0.000 0.000 0.000 0.000 0.000 0.000 0.000 0.000 0.000 0.000 0.000 0.000 0.000 0.000 0.000 0.002 0.007 0.015 0.027 0.040 0.049 0.055 0.059 0.062 0.063 0.063 0.063 0.063 0.061 0.059 0.054 0.047 0.036 0.025 0.017 0.013 0.012 0.011 0.012 0.019 0.049 0.170 0.469 0.798 0.985 1.097 1.200 1.314 1.457 1.628 1.814 2.017 2.234 2.502 2.928 3.888 5.811 8.128 9.691 10.671 11.432 12.102 12.593 12.782 12.732 12.553 12.232 11.727 11.234 11.006 11.055 11.594 12.710 14.199 15.841
0.000 0.000 0.000 0.000 0.000 0.000 0.000 0.000 0.000 0.000 0.000 0.000 0.000 0.000 0.000 0.000 0.000 0.002 0.007 0.016 0.030 0.051 0.068 0.077 0.083 0.086 0.087 0.087 0.087 0.087 0.085 0.082 0.076 0.067 0.052 0.035 0.024 0.018 0.015 0.015 0.016 0.024 0.071 0.259 0.656 0.961 1.089 1.161 1.242 1.343 1.473 1.631 1.805 1.999 2.210 2.462 2.849 3.671 5.290 7.164 8.362 9.137 9.778 10.300 10.611 10.665 10.558 10.290 9.826 9.244 8.881 8.831 9.153 9.994 11.258 12.761 14.413
0.000 0.000 0.000 0.000 0.000 0.000 0.000 0.000 0.000 0.000 0.000 0.000 0.000 0.000 0.000 0.000 0.000 0.002 0.006 0.015 0.030 0.056 0.086 0.104 0.111 0.115 0.117 0.117 0.117 0.117 0.115 0.111 0.104 0.092 0.073 0.050 0.033 0.024 0.019 0.017 0.018 0.026 0.076 0.295 0.755 1.051 1.141 1.195 1.262 1.349 1.464 1.609 1.782 1.980 2.194 2.431 2.776 3.456 4.734 6.081 6.845 7.309 7.705 8.056 8.274 8.307 8.209 7.974 7.589 7.203 7.035 7.128 7.663 8.654 9.942 11.374 12.930
0.000 0.000 0.000 0.000 0.000 0.000 0.000 0.000 0.000 0.000 0.000 0.000 0.000 0.000 0.000 0.000 0.000 0.001 0.004 0.010 0.024 0.052 0.095 0.129 0.144 0.150 0.153 0.154 0.154 0.154 0.152 0.147 0.138 0.123 0.101 0.071 0.046 0.031 0.023 0.020 0.020 0.027 0.074 0.292 0.778 1.090 1.169 1.210 1.258 1.331 1.431 1.565 1.736 1.941 2.164 2.397 2.686 3.186 4.085 5.034 5.538 5.758 5.883 5.993 6.077 6.087 6.029 5.889 5.657 5.501 5.493 5.740 6.376 7.365 8.571 9.863 11.218
0.000 0.000 0.000 0.000 0.000 0.000 0.000 0.000 0.000 0.000 0.000 0.000 0.000 0.000 0.000 0.000 0.000 0.000 0.001 0.004 0.012 0.037 0.086 0.143 0.176 0.190 0.196 0.198 0.199 0.199 0.196 0.190 0.179 0.162 0.137 0.102 0.066 0.042 0.029 0.023 0.022 0.027 0.065 0.256 0.730 1.086 1.178 1.207 1.234 1.285 1.370 1.492 1.656 1.855 2.077 2.305 2.541 2.858 3.415 4.070 4.411 4.496 4.466 4.416 4.380 4.339 4.280 4.175 4.055 4.020 4.111 4.470 5.132 6.029 7.053 8.137 9.257
0.000 0.000 0.000 0.000 0.000 0.000 0.000 0.000 0.000 0.000 0.000 0.000 0.000 0.000 0.000 0.000 0.000 0.000 0.000 0.001 0.004 0.019 0.065 0.139 0.197 0.230 0.245 0.250 0.252 0.252 0.250 0.243 0.231 0.211 0.184 0.144 0.097 0.060 0.038 0.028 0.025 0.027 0.049 0.179 0.578 1.000 1.155 1.186 1.188 1.203 1.259 1.358 1.510 1.703 1.912 2.120 2.321 2.538 2.863 3.258 3.471 3.506 3.438 3.342 3.252 3.165 3.063 2.915 2.806 2.780 2.865 3.193 3.793 4.556 5.397 6.339 7.400
0.000 0.000 0.000 0.000 0.000 0.000 0.000 0.000 0.000 0.000 0.000 0.000 0.000 0.000 0.000 0.000 0.000 0.000 0.000 0.000 0.001 0.008 0.041 0.119 0.204 0.259 0.294 0.309 0.314 0.316 0.314 0.307 0.295 0.274 0.244 0.201 0.144 0.091 0.056 0.038 0.031 0.031 0.040 0.100 0.353 0.781 1.046 1.118 1.108 1.073 1.066 1.111 1.223 1.411 1.628 1.831 2.028 2.220 2.433 2.637 2.748 2.768 2.714 2.626 2.532 2.425 2.277 2.067 1.895 1.817 1.821 1.957 2.300 2.864 3.622 4.578 5.679
0.000 0.000 0.000 0.000 0.000 0.000 0.000 0.000 0.000 0.000 0.000 0.000 0.000 0.000 0.000 0.000 0.000 0.000 0.000 0.000 0.000 0.003 0.020 0.083 0.185 0.270 0.332 0.370 0.386 0.391 0.391 0.386 0.374 0.354 0.322 0.276 0.212 0.141 0.089 0.058 0.044 0.040 0.043 0.066 0.179 0.490 0.814 0.949 0.958 0.900 0.809 0.765 0.802 0.940 1.178 1.442 1.681 1.894 2.069 2.177 2.222 2.217 2.167 2.089 2.003 1.896 1.733 1.495 1.274 1.128 1.045 1.031 1.140 1.461 2.040 2.879 3.888
0.000 0.000 0.000 0.000 0.000 0.000 0.000 0.000 0.000 0.000 0.000 0.000 0.000 0.000 0.000 0.000 0.000 0.000 0.000 0.000 0.000 0.001 0.008 0.045 0.137 0.254 0.349 0.424 0.467 0.482 0.486 0.483 0.474 0.455 0.424 0.376 0.306 0.217 0.143 0.094 0.067 0.054 0.052 0.060 0.104 0.260 0.510 0.660 0.696 0.657 0.545 0.438 0.401 0.447 0.639 0.970 1.296 1.553 1.719 1.794 1.809 1.784 1.730 1.654 1.569 1.461 1.304 1.086 0.862 0.685 0.551 0.477 0.471 0.588 0.907 1.432 1.969
0.000 0.000 0.000 0.000 0.000 0.000 0.000 0.000 0.000 0.000 0.000 0.000 0.000 0.000 0.000 0.000 0.000 0.000 0.000 0.000 0.000 0.000 0.002 0.019 0.082 0.203 0.336 0.454 0.546 0.591 0.602 0.603 0.597 0.583 0.553 0.504 0.426 0.320 0.222 0.150 0.104 0.078 0.067 0.067 0.084 0.152 0.293 0.404 0.444 0.436 0.378 0.284 0.219 0.205 0.269 0.488 0.835 1.151 1.350 1.435 1.447 1.417 1.366 1.292 1.197 1.081 0.935 0.762 0.576 0.411 0.287 0.213 0.186 0.200 0.303 0.513 0.668
0.000 0.000 0.000 0.000 0.000 0.000 0.000 0.000 0.000 0.000 0.000 0.000 0.000 0.000 0.000 0.000 0.000 0.000 0.000 0.000 0.000 0.000 0.001 0.006 0.037 0.130 0.283 0.446 0.595 0.699 0.740 0.747 0.745 0.732 0.695 0.629 0.528 0.404 0.298 0.216 0.155 0.112 0.089 0.082 0.089 0.124 0.200 0.275 0.312 0.317 0.295 0.238 0.171 0.134 0.132 0.199 0.395 0.680 0.922 1.048 1.085 1.072 1.031 0.963 0.859 0.737 0.614 0.489 0.358 0.235 0.147 0.098 0.079 0.077 0.094 0.140 0.160
0.000 0.000 0.000 0.000 0.000 0.000 0.000 0.000 0.000 0.000 0.000 0.000 0.000 0.000 0.000 0.000 0.000 0.000 0.000 0.000 0.000 0.000 0.000 0.002 0.012 0.061 0.187 0.384 0.599 0.771 0.865 0.889 0.887 0.866 0.809 0.716 0.591 0.457 0.348 0.263 0.199 0.152 0.121 0.106 0.106 0.127 0.178 0.231 0.259 0.266 0.258 0.225 0.167 0.120 0.098 0.101 0.154 0.288 0.465 0.597 0.661 0.677 0.663 0.617 0.532 0.430 0.340 0.262 0.188 0.118 0.071 0.048 0.039 0.037 0.038 0.046 0.047
0.000 0.000 0.000 0.000 0.000 0.000 0.000 0.000 0.000 0.000 0.000 0.000 0.000 0.000 0.000 0.000 0.000 0.000 0.000 0.000 0.000 0.000 0.000 0.001 0.003 0.019 0.082 0.243 0.507 0.777 0.941 1.000 0.996 0.961 0.883 0.766 0.622 0.485 0.376 0.290 0.226 0.180 0.151 0.136 0.133 0.145 0.181 0.224 0.245 0.249 0.244 0.221 0.175 0.125 0.094 0.079 0.080 0.110 0.174 0.234 0.268 0.280 0.279 0.263 0.226 0.176 0.135 0.104 0.077 0.052 0.035 0.026 0.022 0.021 0.021 0.023 0.023
0.000 0.000 0.000 0.000 0.000 0.000 0.000 0.000 0.000 0.000 0.000 0.000 0.000 0.000 0.000 0.000 0.000 0.000 0.000 0.000 0.000 0.000 0.000 0.001 0.001 0.005 0.024 0.093 0.295 0.645 0.936 1.055 1.061 1.015 0.918 0.783 0.631 0.497 0.388 0.303 0.238 0.194 0.168 0.156 0.154 0.162 0.191 0.226 0.242 0.245 0.240 0.223 0.189 0.141 0.101 0.076 0.063 0.059 0.067 0.080 0.087 0.089 0.087 0.082 0.072 0.058 0.048 0.039 0.032 0.024 0.019 0.016 0.014 0.014 0.014 0.014 0.014
0.000 0.000 0.000 0.000 0.000 0.000 0.000 0.000 0.000 0.000 0.000 0.000 0.000 0.000 0.000 0.000 0.000 0.000 0.000 0.000 0.000 0.000 0.000 0.001 0.001 0.004 0.012 0.031 0.107 0.363 0.768 1.027 1.075 1.029 0.923 0.784 0.632 0.500 0.393 0.307 0.242 0.198 0.174 0.164 0.163 0.170 0.193 0.229 0.246 0.248 0.243 0.227 0.197 0.153 0.110 0.079 0.057 0.044 0.037 0.034 0.033 0.032 0.030 0.029 0.027 0.023 0.021 0.018 0.016 0.013 0.011 0.010 0.009 0.009 0.009 0.009 0.009
0.000 0.000 0.000 0.000 0.000 0.000 0.000 0.000 0.000 0.000 0.000 0.000 0.000 0.000 0.000 0.000 0.000 0.000 0.000 0.000 0.000 0.000 0.001 0.001 0.003 0.009 0.018 0.027 0.042 0.132 0.443 0.842 1.007 0.995 0.904 0.772 0.626 0.499 0.393 0.307 0.242 0.198 0.173 0.165 0.166 0.171 0.191 0.226 0.247 0.251 0.246 0.229 0.199 0.155 0.111 0.078 0.053 0.035 0.024 0.018 0.015 0.014 0.014 0.013 0.013 0.012 0.011 0.010 0.009 0.008 0.007 0.006 0.006 0.006 0.006 0.006 0.006
0.000 0.000 0.000 0.000 0.000 0.000 0.000 0.000 0.000 0.000 0.000 0.000 0.000 0.000 0.000 0.000 0.000 0.000 0.000 0.000 0.000 0.000 0.001 0.003 0.009 0.021 0.031 0.034 0.036 0.054 0.189 0.535 0.803 0.863 0.821 0.727 0.606 0.490 0.389 0.306 0.240 0.193 0.166 0.157 0.158 0.164 0.178 0.206 0.230 0.238 0.236 0.221 0.191 0.146 0.101 0.067 0.042 0.024 0.013 0.009 0.007 0.007 0.007 0.007 0.007 0.007 0.006 0.006 0.005 0.005 0.004 0.004 0.004 0.003 0.003 0.003 0.003
0.000 0.000 0.000 0.000 0.000 0.000 0.000 0.000 0.000 0.000 0.000 0.000 0.000 0.000 0.000 0.000 0.000 0.000 0.000 0.000 0.000 0.001 0.003 0.008 0.020 0.032 0.036 0.036 0.034 0.038 0.093 0.290 0.536 0.640 0.654 0.624 0.556 0.468 0.379 0.300 0.234 0.183 0.149 0.133 0.131 0.134 0.142 0.156 0.174 0.184 0.186 0.177 0.153 0.111 0.068 0.039 0.021 0.010 0.005 0.004 0.003 0.003 0.003 0.004 0.004 0.003 0.003 0.003 0.003 0.003 0.002 0.002 0.002 0.002 0.002 0.002 0.002
0.000 0.000 0.000 0.000 0.000 0.000 0.000 0.000 0.000 0.000 0.000 0.000 0.000 0.000 0.000 0.000 0.000 0.000 0.000 0.000 0.001 0.002 0.006 0.016 0.030 0.035 0.036 0.032 0.027 0.028 0.059 0.168 0.341 0.438 0.469 0.476 0.463 0.421 0.358 0.288 0.223 0.169 0.128 0.101 0.087 0.081 0.079 0.080 0.085 0.092 0.094 0.092 0.079 0.053 0.028 0.014 0.007 0.003 0.002 0.001 0.001 0.001 0.001 0.002 0.002 0.002 0.002 0.001 0.001 0.001 0.001 0.001 0.001 0.001 0.001 0.000 0.000
0.000 0.000 0.000 0.000 0.000 0.000 0.000 0.000 0.000 0.000 0.000 0.000 0.000 0.000 0.000 0.000 0.000 0.000 0.000 0.000 0.001 0.004 0.011 0.025 0.033 0.035 0.032 0.023 0.017 0.020 0.044 0.109 0.220 0.296 0.330 0.346 0.351 0.344 0.316 0.267 0.210 0.156 0.112 0.080 0.059 0.046 0.037 0.032 0.030 0.030 0.030 0.030 0.026 0.017 0.008 0.004 0.002 0.001 0.001 0.000 0.000 0.000 0.000 0.001 0.001 0.001 0.000 0.000 0.000 0.000 0.000 0.000 0.000 0.000 0.000 0.000 0.000
0.000 0.000 0.000 0.000 0.000 0.000 0.000 0.000 0.000 0.000 0.000 0.000 0.000 0.000 0.000 0.000 0.000 0.000 0.000 0.001 0.002 0.006 0.017 0.030 0.033 0.032 0.023 0.013 0.011 0.016 0.034 0.075 0.142 0.194 0.224 0.242 0.252 0.256 0.251 0.230 0.190 0.143 0.100 0.068 0.045 0.030 0.020 0.014 0.010 0.009 0.008 0.007 0.006 0.004 0.002 0.001 0.000 0.000 0.000 0.000 0.000 0.000 0.000 0.000 0.000 0.000 0.000 0.000 0.000 0.000 0.000 0.000 0.000 0.000 0.000 0.000 0.000
0.000 0.000 0.000 0.000 0.000 0.000 0.000 0.000 0.000 0.000 0.000 0.000 0.000 0.000 0.000 0.000 0.000 0.000 0.000 0.001 0.003 0.011 0.024 0.031 0.032 0.026 0.014 0.008 0.009 0.014 0.027 0.053 0.091 0.121 0.142 0.157 0.168 0.176 0.180 0.176 0.159 0.127 0.090 0.059 0.037 0.022 0.013 0.007 0.004 0.003 0.002 0.002 0.001 0.001 0.000 0.000 0.000 0.000 0.000 0.000 0.000 0.000 0.000 0.000 0.000 0.000 0.000 0.000 0.000 0.000 0.000 0.000 0.000 0.000 0.000 0.000 0.000
0.000 0.000 0.000 0.000 0.000 0.000 0.000 0.000 0.000 0.000 0.000 0.000 0.000 0.000 0.000 0.000 0.000 0.000 0.001 0.002 0.006 0.016 0.027 0.030 0.028 0.018 0.007 0.005 0.006 0.011 0.021 0.037 0.056 0.070 0.080 0.087 0.094 0.102 0.110 0.114 0.114 0.102 0.078 0.050 0.029 0.016 0.008 0.004 0.002 0.001 0.001 0.001 0.000 0.000 0.000 0.000 0.000 0.000 0.000 0.000 0.000 0.000 0.000 0.000 0.000 0.000 0.000 0.000 0.000 0.000 0.000 0.000 0.000 0.000 0.000 0.000 0.000
0.000 0.000 0.000 0.000 0.000 0.000 0.000 0.000 0.000 0.000 0.000 0.000 0.000 0.000 0.000 0.000 0.000 0.000 0.001 0.003 0.009 0.021 0.028 0.029 0.023 0.009 0.003 0.003 0.005 0.009 0.015 0.025 0.033 0.037 0.039 0.040 0.041 0.045 0.051 0.057 0.061 0.062 0.055 0.038 0.021 0.010 0.005 0.002 0.001 0.001 0.000 0.000 0.000 0.000 0.000 0.000 0.000 0.000 0.000 0.000 0.000 0.000 0.000 0.000 0.000 0.000 0.000 0.000 0.000 0.000 0.000 0.000 0.000 0.000 0.000 0.000 0.000
0.000 0.000 0.000 0.000 0.000 0.000 0.000 0.000 0.000 0.000 0.000 0.000 0.000 0.000 0.000 0.000 0.000 0.001 0.002 0.005 0.014 0.024 0.027 0.025 0.015 0.004 0.002 0.002 0.003 0.006 0.010 0.015 0.018 0.018 0.017 0.015 0.014 0.014 0.016 0.019 0.023 0.025 0.025 0.020 0.011 0.005 0.002 0.001 0.001 0.000 0.000 0.000 0.000 0.000 0.000 0.000 0.000 0.000 0.000 0.000 0.000 0.000 0.000 0.000 0.000 0.000 0.000 0.000 0.000 0.000 0.000 0.000 0.000 0.000 0.000 0.000 0.000
0.000 0.000 0.000 0.000 0.000 0.000 0.000 0.000 0.000 0.000 0.000 0.000 0.000 0.000 0.000 0.000 0.001 0.001 0.003 0.008 0.019 0.025 0.026 0.021 0.009 0.002 0.001 0.001 0.002 0.004 0.006 0.008 0.008 0.008 0.007 0.005 0.004 0.004 0.004 0.004 0.006 0.007 0.007 0.007 0.004 0.002 0.001 0.001 0.000 0.000 0.000 0.000 0.000 0.000 0.000 0.000 0.000 0.000 0.000 0.000 0.000 0.000 0.000 0.000 0.000 0.000 0.000 0.000 0.000 0.000 0.000 0.000 0.000 0.000 0.000 0.000 0.000
