RESULTS/r.avaflow_results/31_results/31_ascii/31_hflow10049.asc
ncols 506
nrows 317
xllcenter 498237.50
yllcenter 5580050.00
cellsize 12.50
NODATA_value -9999.000
[rows 170 to 203 of 317, columns 77 to 153 of 506]
0.000 0.000 0.000 0.000 0.000 0.000 0.000 0.000 0.000 0.000 0.000 0.000 0.000 0.000 0.000 0.000 0.000 0.000 0.000 0.000 0.000 0.000 0.000 0.000 0.000 0.000 0.000 0.000 0.000 0.000 0.000 0.000 0.000 0.000 0.000 0.000 0.000 0.000 0.000 0.000 0.000 0.000 0.000 0.000 0.000 0.000 0.000 0.001 0.002 0.004 0.008 0.017 0.046 0.120 0.243 0.351 0.442 0.540 0.605 0.616 0.596 0.555 0.498 0.427 0.348 0.275 0.216 0.168 0.130 0.100 0.076 0.058 0.044 0.033 0.025 0.018 0.013
0.000 0.000 0.000 0.000 0.000 0.000 0.000 0.000 0.000 0.000 0.000 0.000 0.000 0.000 0.000 0.000 0.000 0.000 0.000 0.000 0.000 0.000 0.000 0.000 0.000 0.000 0.000 0.000 0.000 0.000 0.000 0.000 0.000 0.000 0.000 0.000 0.000 0.000 0.000 0.000 0.000 0.000 0.000 0.000 0.000 0.001 0.002 0.003 0.006 0.012 0.027 0.067 0.156 0.309 0.463 0.559 0.626 0.674 0.690 0.677 0.644 0.594 0.528 0.447 0.361 0.286 0.225 0.175 0.136 0.104 0.080 0.061 0.046 0.035 0.026 0.019 0.014
0.000 0.000 0.000 0.000 0.000 0.000 0.000 0.000 0.000 0.000 0.000 0.000 0.000 0.000 0.000 0.000 0.000 0.000 0.000 0.000 0.000 0.000 0.000 0.000 0.000 0.000 0.000 0.000 0.000 0.000 0.000 0.000 0.000 0.000 0.000 0.000 0.000 0.000 0.000 0.000 0.000 0.000 0.000 0.000 0.001 0.002 0.005 0.010 0.020 0.045 0.107 0.229 0.383 0.518 0.595 0.654 0.708 0.732 0.728 0.707 0.670 0.617 0.548 0.462 0.371 0.294 0.232 0.181 0.141 0.109 0.084 0.064 0.048 0.036 0.027 0.020 0.015
0.000 0.000 0.000 0.000 0.000 0.000 0.000 0.000 0.000 0.000 0.000 0.000 0.000 0.000 0.000 0.000 0.000 0.000 0.000 0.000 0.001 0.001 0.002 0.002 0.002 0.002 0.002 0.002 0.002 0.002 0.002 0.002 0.002 0.002 0.001 0.001 0.001 0.000 0.000 0.000 0.000 0.000 0.000 0.001 0.003 0.007 0.017 0.036 0.076 0.165 0.339 0.527 0.632 0.658 0.660 0.681 0.728 0.748 0.742 0.722 0.686 0.634 0.562 0.474 0.380 0.302 0.238 0.186 0.145 0.112 0.086 0.066 0.050 0.038 0.028 0.021 0.016
0.000 0.000 0.000 0.000 0.000 0.000 0.000 0.000 0.000 0.000 0.000 0.000 0.000 0.000 0.000 0.000 0.000 0.000 0.000 0.001 0.003 0.005 0.006 0.007 0.007 0.008 0.008 0.008 0.008 0.008 0.008 0.007 0.007 0.006 0.004 0.003 0.002 0.001 0.001 0.001 0.001 0.001 0.001 0.003 0.009 0.024 0.059 0.125 0.242 0.440 0.651 0.761 0.771 0.730 0.690 0.686 0.720 0.749 0.748 0.731 0.699 0.648 0.574 0.482 0.386 0.307 0.242 0.190 0.148 0.115 0.088 0.067 0.051 0.038 0.029 0.022 0.016
0.000 0.000 0.000 0.000 0.000 0.000 0.000 0.000 0.000 0.000 0.000 0.000 0.000 0.000 0.000 0.000 0.000 0.000 0.002 0.003 0.006 0.010 0.012 0.014 0.015 0.016 0.016 0.016 0.016 0.016 0.016 0.015 0.014 0.012 0.009 0.006 0.004 0.003 0.002 0.002 0.002 0.002 0.004 0.010 0.028 0.080 0.181 0.334 0.535 0.730 0.836 0.859 0.834 0.772 0.708 0.680 0.692 0.734 0.750 0.739 0.711 0.661 0.585 0.487 0.390 0.310 0.245 0.192 0.150 0.116 0.089 0.068 0.052 0.039 0.029 0.022 0.016
0.000 0.000 0.000 0.000 0.000 0.000 0.000 0.000 0.000 0.000 0.000 0.000 0.000 0.000 0.000 0.000 0.000 0.001 0.003 0.007 0.012 0.017 0.022 0.024 0.026 0.027 0.028 0.028 0.028 0.028 0.027 0.026 0.024 0.021 0.015 0.010 0.007 0.006 0.005 0.004 0.004 0.005 0.010 0.027 0.087 0.224 0.424 0.619 0.780 0.879 0.909 0.902 0.870 0.805 0.725 0.678 0.669 0.707 0.748 0.747 0.724 0.673 0.592 0.490 0.391 0.311 0.246 0.193 0.150 0.116 0.089 0.068 0.052 0.039 0.030 0.022 0.017
0.000 0.000 0.000 0.000 0.000 0.000 0.000 0.000 0.000 0.000 0.000 0.000 0.000 0.000 0.000 0.000 0.000 0.002 0.006 0.011 0.019 0.028 0.034 0.038 0.041 0.042 0.043 0.043 0.043 0.043 0.042 0.040 0.037 0.032 0.024 0.016 0.012 0.009 0.008 0.007 0.008 0.010 0.022 0.072 0.226 0.485 0.705 0.831 0.906 0.942 0.946 0.936 0.901 0.835 0.748 0.688 0.668 0.696 0.748 0.754 0.731 0.678 0.595 0.489 0.391 0.310 0.245 0.192 0.149 0.116 0.089 0.068 0.052 0.040 0.030 0.023 0.017
0.000 0.000 0.000 0.000 0.000 0.000 0.000 0.000 0.000 0.000 0.000 0.000 0.000 0.000 0.000 0.000 0.000 0.002 0.007 0.015 0.027 0.040 0.049 0.055 0.059 0.062 0.063 0.063 0.063 0.062 0.061 0.059 0.054 0.047 0.036 0.024 0.017 0.013 0.011 0.011 0.012 0.018 0.047 0.162 0.445 0.745 0.888 0.943 0.970 0.981 0.981 0.967 0.930 0.867 0.780 0.711 0.683 0.702 0.749 0.756 0.732 0.676 0.593 0.486 0.387 0.307 0.242 0.190 0.148 0.115 0.089 0.069 0.053 0.040 0.030 0.023 0.017
0.000 0.000 0.000 0.000 0.000 0.000 0.000 0.000 0.000 0.000 0.000 0.000 0.000 0.000 0.000 0.000 0.000 0.002 0.007 0.016 0.030 0.051 0.068 0.077 0.083 0.086 0.087 0.087 0.087 0.087 0.085 0.082 0.076 0.067 0.052 0.035 0.024 0.018 0.015 0.014 0.015 0.023 0.068 0.250 0.630 0.904 0.987 1.003 1.010 1.010 1.005 0.990 0.958 0.904 0.826 0.752 0.717 0.724 0.754 0.756 0.729 0.669 0.582 0.476 0.379 0.302 0.238 0.187 0.147 0.114 0.089 0.069 0.053 0.041 0.031 0.023 0.017
0.000 0.000 0.000 0.000 0.000 0.000 0.000 0.000 0.000 0.000 0.000 0.000 0.000 0.000 0.000 0.000 0.000 0.002 0.006 0.015 0.030 0.056 0.086 0.104 0.111 0.115 0.117 0.117 0.117 0.117 0.115 0.111 0.104 0.092 0.073 0.050 0.033 0.024 0.019 0.017 0.017 0.026 0.074 0.286 0.728 0.992 1.039 1.038 1.033 1.025 1.015 1.003 0.983 0.949 0.890 0.816 0.770 0.760 0.766 0.757 0.720 0.654 0.563 0.458 0.368 0.294 0.233 0.184 0.144 0.113 0.089 0.069 0.054 0.042 0.032 0.024 0.018
0.000 0.000 0.000 0.000 0.000 0.000 0.000 0.000 0.000 0.000 0.000 0.000 0.000 0.000 0.000 0.000 0.000 0.001 0.004 0.010 0.024 0.052 0.095 0.129 0.144 0.150 0.153 0.154 0.154 0.154 0.152 0.147 0.137 0.123 0.101 0.071 0.046 0.031 0.023 0.020 0.020 0.026 0.072 0.283 0.750 1.031 1.068 1.058 1.040 1.025 1.015 1.009 1.003 0.989 0.958 0.902 0.843 0.807 0.785 0.758 0.709 0.634 0.535 0.433 0.349 0.281 0.225 0.178 0.141 0.112 0.089 0.071 0.056 0.044 0.033 0.025 0.019
0.000 0.000 0.000 0.000 0.000 0.000 0.000 0.000 0.000 0.000 0.000 0.000 0.000 0.000 0.000 0.000 0.000 0.000 0.001 0.004 0.012 0.037 0.086 0.143 0.176 0.190 0.196 0.198 0.199 0.199 0.196 0.190 0.179 0.162 0.137 0.102 0.065 0.041 0.028 0.023 0.022 0.026 0.063 0.249 0.706 1.031 1.083 1.066 1.035 1.014 1.006 1.007 1.014 1.015 1.002 0.968 0.912 0.856 0.808 0.759 0.698 0.614 0.512 0.412 0.331 0.265 0.213 0.171 0.137 0.110 0.090 0.074 0.060 0.047 0.036 0.027 0.020
0.000 0.000 0.000 0.000 0.000 0.000 0.000 0.000 0.000 0.000 0.000 0.000 0.000 0.000 0.000 0.000 0.000 0.000 0.000 0.001 0.004 0.019 0.065 0.139 0.197 0.230 0.245 0.250 0.252 0.252 0.250 0.243 0.231 0.211 0.184 0.144 0.096 0.060 0.038 0.028 0.025 0.027 0.048 0.174 0.561 0.956 1.073 1.063 1.020 0.982 0.972 0.980 1.004 1.026 1.024 1.000 0.955 0.895 0.830 0.764 0.689 0.600 0.499 0.403 0.322 0.256 0.203 0.162 0.131 0.107 0.089 0.075 0.062 0.050 0.039 0.030 0.022
0.000 0.000 0.000 0.000 0.000 0.000 0.000 0.000 0.000 0.000 0.000 0.000 0.000 0.000 0.000 0.000 0.000 0.000 0.000 0.000 0.001 0.008 0.041 0.119 0.204 0.259 0.294 0.309 0.314 0.316 0.314 0.307 0.295 0.274 0.244 0.201 0.144 0.090 0.056 0.037 0.031 0.030 0.039 0.098 0.344 0.754 0.987 1.021 0.981 0.918 0.879 0.877 0.911 0.972 1.012 1.004 0.971 0.918 0.848 0.770 0.686 0.594 0.495 0.402 0.321 0.253 0.198 0.155 0.124 0.101 0.085 0.073 0.062 0.051 0.041 0.032 0.024
0.000 0.000 0.000 0.000 0.000 0.000 0.000 0.000 0.000 0.000 0.000 0.000 0.000 0.000 0.000 0.000 0.000 0.000 0.000 0.000 0.000 0.003 0.020 0.083 0.185 0.270 0.332 0.370 0.386 0.391 0.391 0.386 0.374 0.354 0.322 0.276 0.212 0.140 0.088 0.058 0.043 0.039 0.043 0.065 0.175 0.476 0.779 0.885 0.874 0.802 0.700 0.642 0.651 0.729 0.854 0.945 0.961 0.923 0.860 0.779 0.688 0.593 0.496 0.405 0.323 0.253 0.195 0.150 0.116 0.092 0.073 0.060 0.052 0.046 0.040 0.033 0.025
0.000 0.000 0.000 0.000 0.000 0.000 0.000 0.000 0.000 0.000 0.000 0.000 0.000 0.000 0.000 0.000 0.000 0.000 0.000 0.000 0.000 0.001 0.008 0.045 0.137 0.254 0.349 0.424 0.467 0.482 0.486 0.483 0.474 0.455 0.424 0.376 0.306 0.217 0.143 0.094 0.066 0.054 0.052 0.059 0.102 0.253 0.491 0.622 0.644 0.599 0.485 0.377 0.337 0.363 0.499 0.720 0.869 0.897 0.857 0.782 0.693 0.597 0.504 0.414 0.331 0.257 0.195 0.145 0.107 0.077 0.053 0.037 0.030 0.028 0.029 0.028 0.023
0.000 0.000 0.000 0.000 0.000 0.000 0.000 0.000 0.000 0.000 0.000 0.000 0.000 0.000 0.000 0.000 0.000 0.000 0.000 0.000 0.000 0.000 0.002 0.019 0.082 0.203 0.336 0.454 0.546 0.591 0.602 0.603 0.597 0.582 0.553 0.504 0.426 0.320 0.222 0.150 0.103 0.077 0.066 0.066 0.083 0.149 0.284 0.383 0.414 0.403 0.345 0.253 0.190 0.174 0.218 0.384 0.624 0.774 0.803 0.764 0.689 0.601 0.515 0.430 0.343 0.262 0.195 0.140 0.096 0.062 0.037 0.021 0.014 0.012 0.012 0.013 0.012
0.000 0.000 0.000 0.000 0.000 0.000 0.000 0.000 0.000 0.000 0.000 0.000 0.000 0.000 0.000 0.000 0.000 0.000 0.000 0.000 0.000 0.000 0.001 0.006 0.037 0.130 0.283 0.446 0.595 0.699 0.740 0.747 0.744 0.732 0.695 0.628 0.527 0.404 0.298 0.216 0.154 0.112 0.088 0.081 0.088 0.122 0.194 0.263 0.294 0.297 0.275 0.219 0.154 0.118 0.113 0.162 0.310 0.504 0.629 0.661 0.635 0.578 0.510 0.434 0.342 0.255 0.184 0.127 0.081 0.047 0.024 0.012 0.007 0.005 0.004 0.004 0.003
0.000 0.000 0.000 0.000 0.000 0.000 0.000 0.000 0.000 0.000 0.000 0.000 0.000 0.000 0.000 0.000 0.000 0.000 0.000 0.000 0.000 0.000 0.000 0.002 0.012 0.061 0.187 0.384 0.599 0.771 0.865 0.889 0.887 0.866 0.809 0.716 0.591 0.457 0.348 0.263 0.198 0.152 0.120 0.106 0.105 0.125 0.174 0.224 0.248 0.253 0.244 0.212 0.156 0.110 0.088 0.087 0.126 0.224 0.341 0.414 0.440 0.434 0.407 0.358 0.281 0.199 0.136 0.089 0.053 0.028 0.013 0.006 0.004 0.002 0.002 0.001 0.001
0.000 0.000 0.000 0.000 0.000 0.000 0.000 0.000 0.000 0.000 0.000 0.000 0.000 0.000 0.000 0.000 0.000 0.000 0.000 0.000 0.000 0.000 0.000 0.001 0.003 0.019 0.082 0.243 0.507 0.777 0.941 1.000 0.996 0.961 0.883 0.766 0.621 0.485 0.375 0.290 0.225 0.180 0.151 0.135 0.132 0.143 0.178 0.219 0.237 0.240 0.234 0.212 0.167 0.118 0.087 0.072 0.069 0.090 0.133 0.167 0.184 0.186 0.182 0.166 0.131 0.088 0.057 0.037 0.022 0.012 0.006 0.003 0.002 0.001 0.001 0.001 0.001
0.000 0.000 0.000 0.000 0.000 0.000 0.000 0.000 0.000 0.000 0.000 0.000 0.000 0.000 0.000 0.000 0.000 0.000 0.000 0.000 0.000 0.000 0.000 0.001 0.001 0.005 0.024 0.093 0.295 0.645 0.936 1.055 1.061 1.015 0.918 0.783 0.631 0.497 0.388 0.302 0.238 0.194 0.168 0.155 0.153 0.161 0.188 0.222 0.237 0.239 0.234 0.217 0.183 0.136 0.096 0.071 0.057 0.052 0.055 0.059 0.061 0.060 0.057 0.051 0.041 0.028 0.019 0.013 0.008 0.005 0.003 0.002 0.001 0.001 0.001 0.001 0.001
0.000 0.000 0.000 0.000 0.000 0.000 0.000 0.000 0.000 0.000 0.000 0.000 0.000 0.000 0.000 0.000 0.000 0.000 0.000 0.000 0.000 0.000 0.000 0.001 0.001 0.004 0.012 0.031 0.107 0.363 0.768 1.027 1.075 1.029 0.923 0.784 0.632 0.500 0.392 0.307 0.242 0.198 0.173 0.164 0.163 0.169 0.192 0.226 0.242 0.244 0.239 0.223 0.193 0.149 0.107 0.075 0.054 0.041 0.032 0.027 0.023 0.021 0.019 0.017 0.014 0.011 0.008 0.005 0.004 0.002 0.002 0.001 0.001 0.001 0.001 0.000 0.000
0.000 0.000 0.000 0.000 0.000 0.000 0.000 0.000 0.000 0.000 0.000 0.000 0.000 0.000 0.000 0.000 0.000 0.000 0.000 0.000 0.000 0.000 0.001 0.001 0.003 0.009 0.018 0.027 0.042 0.132 0.443 0.842 1.006 0.995 0.904 0.772 0.626 0.499 0.392 0.307 0.242 0.197 0.172 0.165 0.165 0.171 0.190 0.224 0.245 0.248 0.243 0.226 0.196 0.152 0.109 0.076 0.051 0.033 0.021 0.014 0.011 0.009 0.008 0.007 0.006 0.005 0.004 0.003 0.002 0.001 0.001 0.001 0.001 0.000 0.000 0.000 0.000
0.000 0.000 0.000 0.000 0.000 0.000 0.000 0.000 0.000 0.000 0.000 0.000 0.000 0.000 0.000 0.000 0.000 0.000 0.000 0.000 0.000 0.000 0.001 0.003 0.009 0.021 0.031 0.034 0.036 0.054 0.189 0.535 0.803 0.863 0.821 0.727 0.606 0.490 0.389 0.306 0.240 0.193 0.165 0.156 0.158 0.164 0.178 0.204 0.228 0.236 0.234 0.219 0.190 0.145 0.099 0.066 0.041 0.023 0.012 0.007 0.005 0.004 0.004 0.003 0.003 0.002 0.002 0.001 0.001 0.001 0.001 0.000 0.000 0.000 0.000 0.000 0.000
0.000 0.000 0.000 0.000 0.000 0.000 0.000 0.000 0.000 0.000 0.000 0.000 0.000 0.000 0.000 0.000 0.000 0.000 0.000 0.000 0.000 0.001 0.003 0.008 0.020 0.032 0.036 0.036 0.034 0.038 0.093 0.290 0.536 0.640 0.654 0.624 0.556 0.468 0.379 0.299 0.234 0.183 0.149 0.133 0.130 0.134 0.141 0.155 0.173 0.183 0.185 0.176 0.152 0.110 0.068 0.039 0.020 0.010 0.005 0.003 0.002 0.002 0.002 0.002 0.001 0.001 0.001 0.001 0.001 0.000 0.000 0.000 0.000 0.000 0.000 0.000 0.000
0.000 0.000 0.000 0.000 0.000 0.000 0.000 0.000 0.000 0.000 0.000 0.000 0.000 0.000 0.000 0.000 0.000 0.000 0.000 0.000 0.001 0.002 0.006 0.016 0.030 0.035 0.036 0.032 0.027 0.028 0.059 0.168 0.341 0.438 0.469 0.476 0.463 0.421 0.358 0.288 0.223 0.169 0.128 0.101 0.087 0.081 0.079 0.080 0.085 0.091 0.093 0.091 0.079 0.053 0.028 0.013 0.006 0.003 0.001 0.001 0.001 0.001 0.001 0.001 0.001 0.001 0.000 0.000 0.000 0.000 0.000 0.000 0.000 0.000 0.000 0.000 0.000
0.000 0.000 0.000 0.000 0.000 0.000 0.000 0.000 0.000 0.000 0.000 0.000 0.000 0.000 0.000 0.000 0.000 0.000 0.000 0.000 0.001 0.004 0.011 0.025 0.033 0.035 0.032 0.023 0.017 0.020 0.043 0.109 0.220 0.296 0.330 0.345 0.350 0.343 0.316 0.267 0.210 0.155 0.112 0.080 0.059 0.046 0.037 0.032 0.030 0.030 0.030 0.029 0.025 0.017 0.008 0.003 0.002 0.001 0.000 0.000 0.000 0.000 0.000 0.000 0.000 0.000 0.000 0.000 0.000 0.000 0.000 0.000 0.000 0.000 0.000 0.000 0.000
0.000 0.000 0.000 0.000 0.000 0.000 0.000 0.000 0.000 0.000 0.000 0.000 0.000 0.000 0.000 0.000 0.000 0.000 0.000 0.001 0.002 0.006 0.017 0.030 0.033 0.032 0.023 0.013 0.011 0.016 0.034 0.075 0.142 0.194 0.224 0.242 0.252 0.256 0.251 0.229 0.190 0.142 0.100 0.068 0.045 0.030 0.020 0.014 0.010 0.008 0.007 0.007 0.006 0.004 0.002 0.001 0.000 0.000 0.000 0.000 0.000 0.000 0.000 0.000 0.000 0.000 0.000 0.000 0.000 0.000 0.000 0.000 0.000 0.000 0.000 0.000 0.000
0.000 0.000 0.000 0.000 0.000 0.000 0.000 0.000 0.000 0.000 0.000 0.000 0.000 0.000 0.000 0.000 0.000 0.000 0.000 0.001 0.003 0.011 0.024 0.031 0.032 0.026 0.014 0.008 0.009 0.014 0.027 0.053 0.091 0.121 0.142 0.157 0.168 0.176 0.180 0.176 0.159 0.127 0.090 0.059 0.037 0.022 0.013 0.007 0.004 0.002 0.002 0.001 0.001 0.001 0.000 0.000 0.000 0.000 0.000 0.000 0.000 0.000 0.000 0.000 0.000 0.000 0.000 0.000 0.000 0.000 0.000 0.000 0.000 0.000 0.000 0.000 0.000
0.000 0.000 0.000 0.000 0.000 0.000 0.000 0.000 0.000 0.000 0.000 0.000 0.000 0.000 0.000 0.000 0.000 0.000 0.001 0.002 0.006 0.016 0.027 0.030 0.028 0.018 0.007 0.005 0.006 0.011 0.021 0.037 0.056 0.070 0.080 0.087 0.094 0.102 0.110 0.114 0.114 0.102 0.078 0.050 0.029 0.016 0.008 0.004 0.002 0.001 0.001 0.000 0.000 0.000 0.000 0.000 0.000 0.000 0.000 0.000 0.000 0.000 0.000 0.000 0.000 0.000 0.000 0.000 0.000 0.000 0.000 0.000 0.000 0.000 0.000 0.000 0.000
0.000 0.000 0.000 0.000 0.000 0.000 0.000 0.000 0.000 0.000 0.000 0.000 0.000 0.000 0.000 0.000 0.000 0.000 0.001 0.003 0.009 0.021 0.028 0.029 0.023 0.009 0.003 0.003 0.005 0.009 0.015 0.025 0.033 0.037 0.039 0.040 0.041 0.045 0.051 0.057 0.061 0.062 0.055 0.038 0.021 0.010 0.005 0.002 0.001 0.001 0.000 0.000 0.000 0.000 0.000 0.000 0.000 0.000 0.000 0.000 0.000 0.000 0.000 0.000 0.000 0.000 0.000 0.000 0.000 0.000 0.000 0.000 0.000 0.000 0.000 0.000 0.000
0.000 0.000 0.000 0.000 0.000 0.000 0.000 0.000 0.000 0.000 0.000 0.000 0.000 0.000 0.000 0.000 0.000 0.001 0.002 0.005 0.014 0.024 0.027 0.025 0.015 0.004 0.002 0.002 0.003 0.006 0.010 0.015 0.018 0.018 0.017 0.015 0.014 0.014 0.016 0.019 0.023 0.025 0.025 0.020 0.011 0.005 0.002 0.001 0.001 0.000 0.000 0.000 0.000 0.000 0.000 0.000 0.000 0.000 0.000 0.000 0.000 0.000 0.000 0.000 0.000 0.000 0.000 0.000 0.000 0.000 0.000 0.000 0.000 0.000 0.000 0.000 0.000
0.000 0.000 0.000 0.000 0.000 0.000 0.000 0.000 0.000 0.000 0.000 0.000 0.000 0.000 0.000 0.000 0.001 0.001 0.003 0.008 0.019 0.025 0.026 0.021 0.009 0.002 0.001 0.001 0.002 0.004 0.006 0.008 0.008 0.008 0.007 0.005 0.004 0.004 0.004 0.004 0.006 0.007 0.007 0.007 0.004 0.002 0.001 0.001 0.000 0.000 0.000 0.000 0.000 0.000 0.000 0.000 0.000 0.000 0.000 0.000 0.000 0.000 0.000 0.000 0.000 0.000 0.000 0.000 0.000 0.000 0.000 0.000 0.000 0.000 0.000 0.000 0.000
