RESULTS/r.avaflow_results/31_results/31_ascii/31_hflow_max0025.asc
ncols 506
nrows 317
xllcenter 498237.50
yllcenter 5580050.00
cellsize 12.50
NODATA_value -9999.000
[rows 170 to 203 of 317, columns 77 to 153 of 506]
0.000 0.000 0.000 0.000 0.000 0.000 0.000 0.000 0.000 0.000 0.000 0.000 0.000 0.000 0.000 0.000 0.000 0.000 0.000 0.000 0.000 0.000 0.000 0.000 0.000 0.000 0.000 0.000 0.000 0.000 0.000 0.000 0.000 0.000 0.000 0.000 0.000 0.000 0.000 0.000 0.000 0.000 0.000 0.000 0.001 0.002 0.003 0.006 0.011 0.020 0.042 0.106 0.293 0.721 1.387 2.356 4.042 7.206 9.909 12.324 14.283 15.690 16.529 16.824 16.740 16.279 15.803 15.306 14.879 14.151 13.001 11.764 10.990 10.851 10.812 10.810 10.879
0.000 0.000 0.000 0.000 0.000 0.000 0.000 0.000 0.000 0.000 0.000 0.000 0.000 0.000 0.000 0.000 0.000 0.000 0.000 0.000 0.000 0.000 0.000 0.000 0.000 0.000 0.000 0.000 0.000 0.000 0.000 0.000 0.000 0.000 0.000 0.000 0.000 0.000 0.000 0.000 0.000 0.000 0.000 0.001 0.002 0.005 0.008 0.014 0.028 0.062 0.145 0.331 0.715 1.314 2.104 4.149 6.381 8.980 11.574 13.878 15.602 16.454 17.020 17.135 17.017 16.640 15.957 15.240 14.520 13.823 13.043 13.108 13.216 13.289 13.453 13.795 14.278
0.000 0.000 0.000 0.000 0.000 0.000 0.000 0.000 0.000 0.000 0.000 0.000 0.000 0.000 0.000 0.000 0.000 0.000 0.000 0.000 0.000 0.000 0.000 0.000 0.000 0.000 0.000 0.000 0.000 0.000 0.000 0.000 0.000 0.000 0.000 0.000 0.000 0.000 0.000 0.000 0.000 0.001 0.002 0.004 0.007 0.012 0.022 0.046 0.100 0.219 0.444 0.785 1.221 1.723 2.408 4.702 7.039 9.651 12.155 14.325 15.895 16.680 17.022 17.112 16.998 16.497 15.741 15.104 14.807 14.759 14.688 14.677 14.589 14.687 15.069 15.953 17.213
0.000 0.000 0.000 0.000 0.000 0.000 0.000 0.000 0.000 0.000 0.000 0.000 0.000 0.000 0.000 0.000 0.000 0.000 0.000 0.000 0.000 0.000 0.000 0.000 0.001 0.001 0.001 0.001 0.001 0.001 0.001 0.001 0.001 0.001 0.001 0.000 0.000 0.000 0.000 0.000 0.001 0.002 0.006 0.011 0.019 0.034 0.076 0.157 0.310 0.576 0.913 1.248 1.651 2.071 2.621 4.490 6.805 9.499 11.985 14.058 15.636 16.475 16.769 16.821 16.650 16.241 15.864 15.890 15.942 15.927 15.733 15.473 15.446 15.648 16.336 17.744 19.397
0.000 0.000 0.000 0.000 0.000 0.000 0.000 0.000 0.000 0.000 0.000 0.000 0.000 0.000 0.000 0.000 0.000 0.000 0.000 0.000 0.000 0.000 0.001 0.002 0.003 0.004 0.004 0.005 0.005 0.005 0.005 0.005 0.005 0.004 0.003 0.002 0.002 0.001 0.001 0.001 0.002 0.006 0.014 0.025 0.047 0.116 0.236 0.421 0.683 0.981 1.250 1.809 2.260 2.615 3.012 3.744 5.816 8.618 11.315 13.555 15.027 15.841 16.325 16.425 16.404 16.504 16.562 16.572 16.547 16.413 16.154 15.847 16.014 16.716 17.636 18.825 20.145
0.000 0.000 0.000 0.000 0.000 0.000 0.000 0.000 0.000 0.000 0.000 0.000 0.000 0.000 0.000 0.000 0.000 0.000 0.000 0.000 0.000 0.001 0.003 0.005 0.007 0.009 0.011 0.011 0.012 0.012 0.012 0.012 0.011 0.009 0.007 0.005 0.004 0.003 0.003 0.003 0.006 0.014 0.029 0.055 0.147 0.323 0.550 0.798 1.035 1.231 1.689 2.267 2.678 3.009 3.276 3.590 4.571 7.415 10.337 12.708 14.164 15.003 15.512 15.828 16.216 16.488 16.754 16.637 16.623 16.511 16.249 16.043 16.068 16.787 17.611 18.630 19.809
0.000 0.000 0.000 0.000 0.000 0.000 0.000 0.000 0.000 0.000 0.000 0.000 0.000 0.000 0.000 0.000 0.000 0.000 0.000 0.000 0.001 0.003 0.006 0.010 0.014 0.018 0.020 0.021 0.022 0.022 0.022 0.022 0.020 0.018 0.013 0.010 0.007 0.006 0.006 0.006 0.011 0.026 0.057 0.149 0.380 0.675 0.915 1.088 1.230 1.513 2.065 2.541 2.906 3.219 3.439 3.637 4.079 6.734 9.598 11.885 13.366 14.159 14.713 15.226 15.778 16.152 16.360 16.343 16.219 15.991 15.609 15.283 15.263 15.628 16.552 17.635 19.002
0.000 0.000 0.000 0.000 0.000 0.000 0.000 0.000 0.000 0.000 0.000 0.000 0.000 0.000 0.000 0.000 0.000 0.000 0.000 0.001 0.003 0.006 0.011 0.017 0.024 0.029 0.033 0.035 0.036 0.036 0.036 0.036 0.034 0.029 0.022 0.016 0.012 0.010 0.010 0.011 0.018 0.045 0.110 0.348 0.738 1.029 1.173 1.263 1.448 1.955 2.365 2.698 2.995 3.287 3.538 3.692 3.923 6.211 9.015 11.116 12.466 13.333 13.916 14.480 14.992 15.232 15.293 15.156 14.888 14.500 13.988 13.758 13.736 14.080 14.985 16.276 17.793
0.000 0.000 0.000 0.000 0.000 0.000 0.000 0.000 0.000 0.000 0.000 0.000 0.000 0.000 0.000 0.000 0.000 0.000 0.000 0.002 0.006 0.011 0.018 0.027 0.037 0.045 0.050 0.053 0.055 0.055 0.055 0.054 0.051 0.045 0.035 0.025 0.019 0.017 0.016 0.018 0.028 0.072 0.207 0.603 1.055 1.269 1.340 1.444 1.923 2.275 2.530 2.749 2.991 3.252 3.528 3.655 3.781 5.767 8.174 10.016 11.295 12.219 12.775 13.247 13.549 13.593 13.476 13.236 12.818 12.204 11.735 11.468 11.452 11.980 13.080 14.669 16.392
0.000 0.000 0.000 0.000 0.000 0.000 0.000 0.000 0.000 0.000 0.000 0.000 0.000 0.000 0.000 0.000 0.000 0.000 0.001 0.003 0.008 0.017 0.028 0.041 0.055 0.065 0.073 0.077 0.080 0.080 0.080 0.079 0.075 0.066 0.054 0.040 0.030 0.025 0.024 0.026 0.042 0.109 0.279 0.775 1.265 1.431 1.463 1.844 2.171 2.402 2.561 2.724 2.948 3.192 3.437 3.537 3.592 5.276 7.249 8.738 9.906 10.570 11.024 11.387 11.555 11.524 11.314 10.964 10.404 9.712 9.277 9.221 9.532 10.358 11.677 13.241 14.937
0.000 0.000 0.000 0.000 0.000 0.000 0.000 0.000 0.000 0.000 0.000 0.000 0.000 0.000 0.000 0.000 0.000 0.000 0.000 0.003 0.009 0.022 0.040 0.060 0.078 0.092 0.102 0.109 0.112 0.113 0.112 0.110 0.105 0.095 0.083 0.063 0.045 0.037 0.035 0.044 0.066 0.155 0.401 0.868 1.392 1.545 1.780 2.040 2.242 2.394 2.518 2.657 2.862 3.093 3.281 3.332 3.312 4.448 6.329 7.536 8.340 8.618 8.841 9.079 9.211 9.194 9.004 8.670 8.187 7.690 7.443 7.522 8.039 9.022 10.316 11.746 13.315
0.000 0.000 0.000 0.000 0.000 0.000 0.000 0.000 0.000 0.000 0.000 0.000 0.000 0.000 0.000 0.000 0.000 0.000 0.000 0.002 0.008 0.023 0.050 0.083 0.108 0.127 0.140 0.149 0.153 0.154 0.154 0.151 0.146 0.142 0.129 0.104 0.071 0.060 0.070 0.097 0.146 0.233 0.501 0.944 1.433 1.803 1.983 2.097 2.211 2.320 2.436 2.532 2.697 2.890 3.020 2.990 2.873 3.607 5.243 6.375 6.918 6.948 6.870 6.845 6.851 6.823 6.751 6.574 6.267 6.023 5.965 6.136 6.754 7.735 8.942 10.246 11.606
0.000 0.000 0.000 0.000 0.000 0.000 0.000 0.000 0.000 0.000 0.000 0.000 0.000 0.000 0.000 0.000 0.000 0.000 0.000 0.001 0.006 0.020 0.052 0.101 0.142 0.169 0.188 0.200 0.206 0.207 0.209 0.217 0.218 0.216 0.202 0.170 0.118 0.122 0.151 0.211 0.308 0.485 0.822 1.302 1.744 1.954 2.034 2.081 2.137 2.210 2.251 2.254 2.366 2.480 2.542 2.475 2.355 2.613 3.886 5.063 5.507 5.463 5.293 5.102 4.973 4.903 4.855 4.759 4.610 4.540 4.605 4.914 5.532 6.424 7.452 8.540 9.651
0.000 0.000 0.000 0.000 0.000 0.000 0.000 0.000 0.000 0.000 0.000 0.000 0.000 0.000 0.000 0.000 0.000 0.000 0.000 0.000 0.003 0.015 0.049 0.108 0.172 0.218 0.246 0.263 0.271 0.274 0.309 0.330 0.335 0.333 0.315 0.272 0.228 0.256 0.324 0.441 0.625 0.961 1.391 1.703 1.868 1.955 2.003 2.042 2.056 2.024 1.920 1.846 1.841 1.865 1.886 1.879 1.993 2.195 2.589 3.564 4.037 4.098 3.988 3.808 3.636 3.507 3.398 3.283 3.206 3.195 3.303 3.661 4.330 5.002 5.825 6.734 7.783
0.000 0.000 0.000 0.000 0.000 0.000 0.000 0.000 0.000 0.000 0.000 0.000 0.000 0.000 0.000 0.000 0.000 0.000 0.000 0.000 0.001 0.009 0.039 0.102 0.186 0.261 0.312 0.339 0.353 0.395 0.487 0.533 0.542 0.535 0.500 0.429 0.465 0.543 0.684 0.892 1.165 1.507 1.762 1.861 1.885 1.909 1.953 1.953 1.875 1.769 1.566 1.429 1.385 1.401 1.465 1.562 1.700 1.858 2.062 2.318 2.752 2.925 2.923 2.839 2.707 2.537 2.342 2.156 2.064 2.045 2.094 2.302 2.731 3.352 4.122 5.088 6.160
0.000 0.000 0.000 0.000 0.000 0.000 0.000 0.000 0.000 0.000 0.000 0.000 0.000 0.000 0.000 0.000 0.000 0.000 0.000 0.000 0.001 0.004 0.025 0.084 0.177 0.282 0.372 0.428 0.453 0.557 0.782 0.893 0.905 0.881 0.805 0.835 0.934 1.101 1.315 1.508 1.671 1.828 1.899 1.893 1.884 1.867 1.820 1.719 1.688 1.526 1.226 1.051 0.960 0.980 1.087 1.259 1.412 1.561 1.699 1.780 1.812 1.978 2.049 2.023 1.943 1.792 1.564 1.331 1.204 1.156 1.146 1.200 1.396 1.807 2.456 3.545 4.520
0.000 0.000 0.000 0.000 0.000 0.000 0.000 0.000 0.000 0.000 0.000 0.000 0.000 0.000 0.000 0.000 0.000 0.000 0.000 0.000 0.000 0.001 0.011 0.054 0.147 0.273 0.404 0.515 0.582 0.689 0.978 1.294 1.380 1.344 1.274 1.349 1.502 1.671 1.808 1.900 1.948 1.965 1.934 1.909 1.859 1.759 1.598 1.484 1.418 1.183 0.908 0.673 0.535 0.519 0.628 0.856 1.079 1.255 1.375 1.401 1.381 1.346 1.342 1.337 1.281 1.164 0.967 0.753 0.625 0.560 0.528 0.520 0.575 0.777 1.211 2.231 2.851
0.000 0.000 0.000 0.000 0.000 0.000 0.000 0.000 0.000 0.000 0.000 0.000 0.000 0.000 0.000 0.000 0.000 0.000 0.000 0.000 0.000 0.001 0.004 0.026 0.100 0.234 0.397 0.569 0.715 0.828 1.053 1.410 1.648 1.700 1.657 1.634 1.787 1.912 2.017 2.066 2.067 2.017 1.969 1.888 1.759 1.573 1.362 1.185 1.055 0.911 0.764 0.556 0.333 0.249 0.278 0.425 0.664 0.884 1.029 1.070 1.036 0.983 0.928 0.867 0.796 0.692 0.539 0.384 0.292 0.241 0.213 0.203 0.208 0.267 0.432 0.751 0.909
0.000 0.000 0.000 0.000 0.000 0.000 0.000 0.000 0.000 0.000 0.000 0.000 0.000 0.000 0.000 0.000 0.000 0.000 0.000 0.000 0.001 0.004 0.009 0.019 0.050 0.162 0.347 0.574 0.800 0.976 1.102 1.292 1.643 1.801 1.824 1.810 1.858 1.992 2.091 2.116 2.100 2.063 1.964 1.810 1.599 1.374 1.189 1.047 0.926 0.808 0.669 0.460 0.259 0.146 0.131 0.169 0.292 0.472 0.634 0.720 0.721 0.677 0.622 0.559 0.480 0.384 0.276 0.186 0.131 0.103 0.088 0.082 0.082 0.093 0.135 0.201 0.221
0.000 0.000 0.000 0.000 0.000 0.000 0.000 0.000 0.000 0.000 0.000 0.000 0.000 0.000 0.000 0.000 0.000 0.000 0.000 0.001 0.004 0.011 0.023 0.046 0.087 0.162 0.287 0.493 0.804 1.061 1.193 1.266 1.417 1.691 1.813 1.831 1.930 2.022 2.091 2.115 2.112 2.055 1.910 1.670 1.437 1.248 1.081 0.948 0.838 0.729 0.575 0.356 0.187 0.115 0.084 0.080 0.109 0.186 0.283 0.357 0.390 0.383 0.349 0.296 0.234 0.172 0.118 0.083 0.060 0.048 0.041 0.038 0.038 0.040 0.049 0.059 0.061
0.000 0.000 0.000 0.000 0.000 0.000 0.000 0.000 0.000 0.000 0.000 0.000 0.000 0.000 0.000 0.000 0.000 0.000 0.001 0.004 0.012 0.028 0.057 0.106 0.188 0.324 0.526 0.769 0.990 1.133 1.240 1.290 1.388 1.482 1.690 1.865 1.969 2.028 2.056 2.087 2.079 2.006 1.818 1.526 1.307 1.148 1.011 0.893 0.783 0.651 0.464 0.260 0.160 0.103 0.069 0.054 0.052 0.068 0.100 0.130 0.145 0.148 0.136 0.112 0.087 0.066 0.049 0.038 0.031 0.025 0.022 0.021 0.021 0.021 0.024 0.026 0.026
0.000 0.000 0.000 0.000 0.000 0.000 0.000 0.000 0.000 0.000 0.000 0.000 0.000 0.000 0.000 0.000 0.000 0.001 0.004 0.012 0.031 0.070 0.136 0.238 0.395 0.634 0.899 1.105 1.222 1.266 1.272 1.283 1.324 1.522 1.782 1.913 1.983 2.023 2.038 2.043 2.015 1.910 1.677 1.386 1.197 1.057 0.945 0.843 0.725 0.562 0.349 0.194 0.140 0.094 0.063 0.045 0.036 0.035 0.040 0.047 0.050 0.051 0.048 0.041 0.034 0.029 0.025 0.021 0.018 0.016 0.014 0.014 0.013 0.013 0.014 0.015 0.015
0.000 0.000 0.000 0.000 0.000 0.000 0.000 0.000 0.000 0.000 0.000 0.000 0.000 0.000 0.000 0.000 0.001 0.003 0.010 0.031 0.078 0.168 0.313 0.517 0.794 1.093 1.287 1.364 1.374 1.328 1.290 1.265 1.252 1.625 1.848 1.952 1.993 2.004 2.018 2.006 1.941 1.778 1.504 1.262 1.104 0.984 0.885 0.783 0.648 0.457 0.249 0.163 0.119 0.083 0.057 0.040 0.030 0.025 0.023 0.023 0.023 0.023 0.022 0.019 0.017 0.016 0.014 0.013 0.011 0.010 0.010 0.009 0.009 0.009 0.009 0.009 0.009
0.000 0.000 0.000 0.000 0.000 0.000 0.000 0.000 0.000 0.000 0.000 0.000 0.000 0.000 0.000 0.000 0.001 0.007 0.024 0.071 0.179 0.382 0.688 1.019 1.308 1.486 1.548 1.529 1.447 1.382 1.285 1.171 1.338 1.712 1.895 1.965 1.987 1.997 1.987 1.942 1.836 1.633 1.360 1.163 1.022 0.921 0.834 0.723 0.564 0.344 0.171 0.134 0.098 0.070 0.049 0.034 0.024 0.018 0.015 0.014 0.013 0.012 0.012 0.011 0.010 0.010 0.009 0.008 0.007 0.007 0.006 0.006 0.006 0.006 0.006 0.006 0.006
0.000 0.000 0.000 0.000 0.000 0.000 0.000 0.000 0.000 0.000 0.000 0.000 0.000 0.000 0.000 0.001 0.004 0.014 0.047 0.137 0.345 0.729 1.185 1.495 1.659 1.713 1.691 1.612 1.518 1.376 1.181 1.072 1.472 1.786 1.930 1.972 1.978 1.982 1.956 1.875 1.718 1.496 1.255 1.073 0.955 0.869 0.781 0.652 0.459 0.250 0.142 0.108 0.078 0.055 0.039 0.026 0.018 0.012 0.009 0.008 0.007 0.007 0.007 0.007 0.006 0.006 0.005 0.005 0.004 0.004 0.004 0.003 0.003 0.003 0.003 0.003 0.003
0.000 0.000 0.000 0.000 0.000 0.000 0.000 0.000 0.000 0.000 0.000 0.000 0.000 0.000 0.000 0.002 0.008 0.027 0.086 0.240 0.576 1.123 1.557 1.765 1.825 1.807 1.755 1.663 1.501 1.256 0.961 1.175 1.609 1.854 1.946 1.965 1.970 1.958 1.907 1.787 1.611 1.397 1.175 0.999 0.903 0.825 0.720 0.563 0.350 0.177 0.116 0.084 0.058 0.039 0.026 0.016 0.009 0.006 0.004 0.004 0.004 0.004 0.004 0.004 0.003 0.003 0.003 0.003 0.002 0.002 0.002 0.002 0.002 0.002 0.002 0.002 0.002
0.000 0.000 0.000 0.000 0.000 0.000 0.000 0.000 0.000 0.000 0.000 0.000 0.000 0.000 0.001 0.004 0.014 0.049 0.146 0.379 0.853 1.433 1.755 1.870 1.873 1.846 1.770 1.609 1.330 0.978 1.002 1.303 1.711 1.917 1.970 1.967 1.956 1.915 1.828 1.688 1.507 1.298 1.093 0.963 0.878 0.791 0.664 0.470 0.264 0.125 0.082 0.056 0.036 0.022 0.012 0.007 0.004 0.002 0.002 0.002 0.002 0.002 0.002 0.002 0.002 0.002 0.001 0.001 0.001 0.001 0.001 0.001 0.000 0.000 0.000 0.000 0.000
0.000 0.000 0.000 0.000 0.000 0.000 0.000 0.000 0.000 0.000 0.000 0.000 0.000 0.000 0.001 0.007 0.026 0.082 0.225 0.545 1.122 1.617 1.826 1.879 1.885 1.840 1.686 1.383 1.021 0.925 1.075 1.454 1.781 1.941 1.980 1.978 1.947 1.870 1.746 1.589 1.408 1.197 1.029 0.945 0.870 0.762 0.598 0.383 0.200 0.088 0.036 0.024 0.014 0.008 0.004 0.002 0.001 0.001 0.000 0.000 0.001 0.001 0.001 0.001 0.001 0.000 0.000 0.000 0.000 0.000 0.000 0.000 0.000 0.000 0.000 0.000 0.000
0.000 0.000 0.000 0.000 0.000 0.000 0.000 0.000 0.000 0.000 0.000 0.000 0.000 0.000 0.003 0.012 0.042 0.124 0.319 0.720 1.322 1.708 1.832 1.859 1.860 1.768 1.505 1.113 0.923 0.910 1.165 1.569 1.829 1.937 1.968 1.971 1.922 1.815 1.662 1.488 1.301 1.102 0.998 0.933 0.855 0.730 0.534 0.310 0.150 0.060 0.020 0.006 0.003 0.002 0.001 0.001 0.000 0.000 0.000 0.000 0.000 0.000 0.000 0.000 0.000 0.000 0.000 0.000 0.000 0.000 0.000 0.000 0.000 0.000 0.000 0.000 0.000
0.000 0.000 0.000 0.000 0.000 0.000 0.000 0.000 0.000 0.000 0.000 0.000 0.000 0.001 0.004 0.018 0.061 0.176 0.431 0.894 1.451 1.738 1.817 1.834 1.804 1.636 1.265 0.952 0.865 0.926 1.250 1.634 1.856 1.923 1.946 1.944 1.885 1.756 1.587 1.396 1.170 1.038 0.981 0.931 0.840 0.686 0.465 0.252 0.114 0.042 0.012 0.003 0.001 0.000 0.000 0.000 0.000 0.000 0.000 0.000 0.000 0.000 0.000 0.000 0.000 0.000 0.000 0.000 0.000 0.000 0.000 0.000 0.000 0.000 0.000 0.000 0.000
0.000 0.000 0.000 0.000 0.000 0.000 0.000 0.000 0.000 0.000 0.000 0.000 0.000 0.001 0.006 0.024 0.084 0.234 0.550 1.069 1.524 1.724 1.783 1.799 1.718 1.450 1.058 0.860 0.823 0.952 1.338 1.692 1.881 1.934 1.930 1.905 1.821 1.687 1.511 1.289 1.080 1.005 0.974 0.924 0.817 0.638 0.397 0.201 0.084 0.028 0.008 0.002 0.000 0.000 0.000 0.000 0.000 0.000 0.000 0.000 0.000 0.000 0.000 0.000 0.000 0.000 0.000 0.000 0.000 0.000 0.000 0.000 0.000 0.000 0.000 0.000 0.000
0.000 0.000 0.000 0.000 0.000 0.000 0.000 0.000 0.000 0.000 0.000 0.000 0.000 0.001 0.008 0.032 0.107 0.296 0.681 1.214 1.564 1.692 1.739 1.733 1.583 1.221 0.919 0.802 0.787 0.981 1.394 1.744 1.900 1.933 1.929 1.868 1.751 1.598 1.404 1.153 1.019 0.987 0.965 0.910 0.784 0.579 0.333 0.156 0.059 0.017 0.004 0.001 0.000 0.000 0.000 0.000 0.000 0.000 0.000 0.000 0.000 0.000 0.000 0.000 0.000 0.000 0.000 0.000 0.000 0.000 0.000 0.000 0.000 0.000 0.000 0.000 0.000
0.000 0.000 0.000 0.000 0.000 0.000 0.000 0.000 0.000 0.000 0.000 0.000 0.000 0.002 0.009 0.038 0.129 0.363 0.821 1.319 1.573 1.644 1.679 1.628 1.392 1.018 0.814 0.753 0.763 1.018 1.439 1.773 1.919 1.942 1.927 1.848 1.704 1.505 1.265 1.045 0.977 0.971 0.953 0.885 0.744 0.517 0.274 0.119 0.041 0.011 0.002 0.000 0.000 0.000 0.000 0.000 0.000 0.000 0.000 0.000 0.000 0.000 0.000 0.000 0.000 0.000 0.000 0.000 0.000 0.000 0.000 0.000 0.000 0.000 0.000 0.000 0.000
0.000 0.000 0.000 0.000 0.000 0.000 0.000 0.000 0.000 0.000 0.000 0.000 0.000 0.002 0.010 0.045 0.151 0.428 0.962 1.411 1.585 1.610 1.616 1.504 1.183 0.871 0.734 0.700 0.746 1.055 1.508 1.813 1.929 1.941 1.926 1.829 1.648 1.413 1.157 0.999 0.970 0.966 0.942 0.856 0.690 0.448 0.217 0.086 0.026 0.006 0.001 0.000 0.000 0.000 0.000 0.000 0.000 0.000 0.000 0.000 0.000 0.000 0.000 0.000 0.000 0.000 0.000 0.000 0.000 0.000 0.000 0.000 0.000 0.000 0.000 0.000 0.000
