RESULTS/r.avaflow_results/31_results/31_ascii/31_hflow0038.asc
ncols 506
nrows 317
xllcenter 498237.50
yllcenter 5580050.00
cellsize 12.50
NODATA_value -9999.000
[rows 170 to 203 of 317, columns 77 to 153 of 506]
0.000 0.000 0.000 0.000 0.000 0.000 0.000 0.000 0.000 0.000 0.000 0.000 0.000 0.000 0.000 0.000 0.000 0.000 0.000 0.000 0.000 0.000 0.000 0.000 0.000 0.000 0.000 0.000 0.000 0.000 0.000 0.000 0.000 0.000 0.000 0.000 0.000 0.000 0.000 0.000 0.000 0.000 0.000 0.000 0.000 0.000 0.001 0.002 0.004 0.008 0.015 0.034 0.098 0.288 0.686 1.265 2.060 3.359 5.411 8.027 10.575 12.666 14.259 15.242 15.578 15.494 15.192 14.770 14.313 13.616 12.567 11.356 10.322 9.602 9.113 8.744 8.460
0.000 0.000 0.000 0.000 0.000 0.000 0.000 0.000 0.000 0.000 0.000 0.000 0.000 0.000 0.000 0.000 0.000 0.000 0.000 0.000 0.000 0.000 0.000 0.000 0.000 0.000 0.000 0.000 0.000 0.000 0.000 0.000 0.000 0.000 0.000 0.000 0.000 0.000 0.000 0.000 0.000 0.000 0.000 0.000 0.000 0.001 0.002 0.005 0.010 0.019 0.044 0.119 0.315 0.741 1.415 2.273 3.404 5.055 7.368 10.086 12.426 14.208 15.408 16.005 16.071 15.844 15.371 14.781 14.161 13.442 12.613 11.925 11.552 11.400 11.366 11.385 11.500
0.000 0.000 0.000 0.000 0.000 0.000 0.000 0.000 0.000 0.000 0.000 0.000 0.000 0.000 0.000 0.000 0.000 0.000 0.000 0.000 0.000 0.000 0.000 0.000 0.000 0.000 0.000 0.000 0.000 0.000 0.000 0.000 0.000 0.000 0.000 0.000 0.000 0.000 0.000 0.000 0.000 0.000 0.000 0.001 0.001 0.003 0.007 0.015 0.029 0.066 0.166 0.384 0.759 1.280 1.916 2.786 4.090 5.957 8.427 11.135 13.320 14.859 15.752 16.107 16.089 15.815 15.316 14.763 14.253 13.789 13.455 13.352 13.385 13.406 13.482 13.804 14.476
0.000 0.000 0.000 0.000 0.000 0.000 0.000 0.000 0.000 0.000 0.000 0.000 0.000 0.000 0.000 0.000 0.000 0.000 0.000 0.000 0.000 0.001 0.001 0.002 0.002 0.002 0.002 0.002 0.002 0.002 0.002 0.002 0.002 0.002 0.001 0.001 0.001 0.000 0.000 0.000 0.000 0.000 0.001 0.002 0.004 0.010 0.023 0.049 0.107 0.237 0.506 0.882 1.279 1.676 2.151 2.914 4.228 6.164 8.710 11.367 13.456 14.880 15.653 15.923 15.884 15.668 15.312 15.032 14.917 14.911 14.902 14.824 14.762 14.754 14.944 15.605 16.813
0.000 0.000 0.000 0.000 0.000 0.000 0.000 0.000 0.000 0.000 0.000 0.000 0.000 0.000 0.000 0.000 0.000 0.000 0.000 0.000 0.001 0.002 0.004 0.005 0.006 0.006 0.007 0.007 0.007 0.007 0.007 0.007 0.006 0.005 0.004 0.003 0.002 0.001 0.001 0.001 0.001 0.001 0.002 0.004 0.012 0.033 0.080 0.170 0.333 0.614 0.971 1.304 1.596 1.872 2.229 2.880 4.098 6.004 8.578 11.171 13.119 14.410 15.119 15.443 15.592 15.665 15.687 15.747 15.805 15.823 15.739 15.548 15.466 15.564 16.005 16.921 18.300
0.000 0.000 0.000 0.000 0.000 0.000 0.000 0.000 0.000 0.000 0.000 0.000 0.000 0.000 0.000 0.000 0.000 0.000 0.000 0.001 0.003 0.005 0.008 0.011 0.012 0.013 0.014 0.014 0.014 0.014 0.014 0.014 0.013 0.011 0.009 0.006 0.004 0.003 0.003 0.002 0.002 0.003 0.005 0.012 0.038 0.109 0.242 0.445 0.715 1.011 1.267 1.499 1.725 1.944 2.230 2.709 3.656 5.399 7.975 10.552 12.353 13.509 14.239 14.784 15.293 15.718 15.955 16.034 16.048 16.007 15.855 15.650 15.599 15.812 16.459 17.482 18.761
0.000 0.000 0.000 0.000 0.000 0.000 0.000 0.000 0.000 0.000 0.000 0.000 0.000 0.000 0.000 0.000 0.000 0.000 0.001 0.002 0.006 0.010 0.015 0.019 0.021 0.023 0.024 0.025 0.025 0.025 0.024 0.024 0.022 0.019 0.015 0.010 0.007 0.006 0.005 0.005 0.005 0.006 0.012 0.036 0.119 0.300 0.550 0.801 1.028 1.224 1.396 1.576 1.772 1.971 2.200 2.533 3.168 4.580 7.052 9.714 11.517 12.634 13.412 14.142 14.902 15.479 15.708 15.710 15.639 15.511 15.260 15.051 15.033 15.351 16.130 17.217 18.450
0.000 0.000 0.000 0.000 0.000 0.000 0.000 0.000 0.000 0.000 0.000 0.000 0.000 0.000 0.000 0.000 0.000 0.000 0.002 0.005 0.010 0.017 0.024 0.030 0.034 0.036 0.038 0.039 0.039 0.039 0.038 0.037 0.035 0.030 0.024 0.016 0.012 0.009 0.008 0.008 0.008 0.012 0.028 0.098 0.301 0.620 0.884 1.056 1.193 1.321 1.458 1.619 1.791 1.970 2.171 2.451 2.939 4.088 6.329 8.942 10.710 11.800 12.607 13.385 14.108 14.540 14.622 14.524 14.340 14.066 13.682 13.438 13.417 13.772 14.683 15.969 17.363
0.000 0.000 0.000 0.000 0.000 0.000 0.000 0.000 0.000 0.000 0.000 0.000 0.000 0.000 0.000 0.000 0.000 0.000 0.002 0.007 0.016 0.026 0.036 0.044 0.050 0.053 0.055 0.057 0.057 0.057 0.056 0.055 0.051 0.045 0.035 0.024 0.017 0.013 0.012 0.012 0.013 0.021 0.060 0.212 0.564 0.914 1.095 1.192 1.280 1.379 1.502 1.645 1.794 1.956 2.142 2.398 2.826 3.801 5.752 8.122 9.722 10.726 11.495 12.172 12.672 12.861 12.811 12.626 12.296 11.781 11.282 11.055 11.107 11.646 12.758 14.240 15.875
0.000 0.000 0.000 0.000 0.000 0.000 0.000 0.000 0.000 0.000 0.000 0.000 0.000 0.000 0.000 0.000 0.000 0.000 0.002 0.008 0.019 0.036 0.052 0.063 0.070 0.075 0.078 0.080 0.080 0.080 0.079 0.077 0.073 0.065 0.051 0.035 0.024 0.018 0.016 0.015 0.017 0.027 0.086 0.316 0.773 1.091 1.209 1.268 1.335 1.418 1.522 1.647 1.786 1.942 2.119 2.356 2.740 3.573 5.218 7.147 8.382 9.178 9.824 10.356 10.679 10.737 10.636 10.363 9.884 9.290 8.927 8.883 9.210 10.053 11.315 12.810 14.455
0.000 0.000 0.000 0.000 0.000 0.000 0.000 0.000 0.000 0.000 0.000 0.000 0.000 0.000 0.000 0.000 0.000 0.000 0.002 0.008 0.020 0.040 0.068 0.086 0.096 0.103 0.107 0.109 0.109 0.109 0.108 0.106 0.100 0.090 0.073 0.051 0.034 0.024 0.020 0.018 0.019 0.030 0.092 0.357 0.883 1.189 1.270 1.313 1.363 1.427 1.512 1.624 1.763 1.927 2.107 2.322 2.662 3.346 4.644 6.041 6.838 7.321 7.727 8.095 8.329 8.374 8.281 8.037 7.635 7.243 7.079 7.184 7.728 8.723 10.008 11.432 12.979
0.000 0.000 0.000 0.000 0.000 0.000 0.000 0.000 0.000 0.000 0.000 0.000 0.000 0.000 0.000 0.000 0.000 0.000 0.001 0.006 0.016 0.038 0.076 0.110 0.127 0.137 0.142 0.145 0.146 0.146 0.145 0.142 0.134 0.121 0.101 0.073 0.047 0.032 0.024 0.021 0.022 0.031 0.089 0.352 0.908 1.233 1.303 1.332 1.362 1.407 1.476 1.579 1.718 1.891 2.084 2.292 2.568 3.063 3.971 4.958 5.491 5.722 5.852 5.979 6.079 6.103 6.054 5.913 5.674 5.521 5.527 5.794 6.445 7.442 8.646 9.930 11.275
0.000 0.000 0.000 0.000 0.000 0.000 0.000 0.000 0.000 0.000 0.000 0.000 0.000 0.000 0.000 0.000 0.000 0.000 0.000 0.002 0.009 0.029 0.071 0.125 0.160 0.177 0.185 0.190 0.192 0.192 0.191 0.186 0.177 0.162 0.139 0.105 0.068 0.043 0.030 0.025 0.024 0.031 0.078 0.309 0.855 1.230 1.313 1.330 1.337 1.357 1.412 1.506 1.638 1.808 2.004 2.207 2.424 2.727 3.280 3.959 4.319 4.406 4.380 4.344 4.320 4.291 4.240 4.139 4.027 4.003 4.119 4.509 5.199 6.114 7.139 8.216 9.326
0.000 0.000 0.000 0.000 0.000 0.000 0.000 0.000 0.000 0.000 0.000 0.000 0.000 0.000 0.000 0.000 0.000 0.000 0.000 0.001 0.003 0.016 0.056 0.125 0.185 0.220 0.236 0.244 0.248 0.248 0.247 0.242 0.231 0.214 0.188 0.150 0.101 0.063 0.040 0.030 0.027 0.030 0.058 0.219 0.684 1.138 1.287 1.306 1.288 1.269 1.297 1.375 1.498 1.661 1.846 2.029 2.206 2.405 2.719 3.122 3.339 3.370 3.305 3.219 3.136 3.057 2.959 2.816 2.724 2.712 2.825 3.198 3.847 4.645 5.498 6.440 7.492
0.000 0.000 0.000 0.000 0.000 0.000 0.000 0.000 0.000 0.000 0.000 0.000 0.000 0.000 0.000 0.000 0.000 0.000 0.000 0.000 0.001 0.007 0.037 0.109 0.195 0.254 0.290 0.307 0.314 0.316 0.315 0.310 0.299 0.280 0.252 0.210 0.152 0.096 0.059 0.041 0.034 0.034 0.047 0.124 0.427 0.903 1.170 1.228 1.202 1.138 1.108 1.139 1.230 1.388 1.577 1.753 1.921 2.092 2.293 2.490 2.591 2.602 2.550 2.471 2.384 2.280 2.129 1.916 1.764 1.705 1.729 1.901 2.299 2.922 3.719 4.694 5.794
0.000 0.000 0.000 0.000 0.000 0.000 0.000 0.000 0.000 0.000 0.000 0.000 0.000 0.000 0.000 0.000 0.000 0.000 0.000 0.000 0.000 0.003 0.019 0.078 0.178 0.268 0.335 0.376 0.393 0.399 0.400 0.395 0.384 0.365 0.335 0.289 0.224 0.149 0.094 0.062 0.048 0.044 0.050 0.080 0.220 0.580 0.920 1.047 1.046 0.968 0.856 0.801 0.829 0.946 1.153 1.386 1.591 1.783 1.940 2.030 2.055 2.040 1.991 1.919 1.841 1.736 1.566 1.319 1.113 0.991 0.930 0.943 1.093 1.468 2.101 2.995 4.021
0.000 0.000 0.000 0.000 0.000 0.000 0.000 0.000 0.000 0.000 0.000 0.000 0.000 0.000 0.000 0.000 0.000 0.000 0.000 0.000 0.000 0.001 0.008 0.044 0.135 0.254 0.356 0.438 0.483 0.499 0.504 0.501 0.492 0.475 0.443 0.395 0.323 0.230 0.152 0.102 0.073 0.061 0.060 0.071 0.127 0.312 0.586 0.737 0.769 0.720 0.590 0.469 0.425 0.462 0.632 0.929 1.220 1.454 1.603 1.655 1.646 1.609 1.553 1.481 1.404 1.299 1.137 0.909 0.699 0.549 0.448 0.401 0.419 0.572 0.932 1.499 2.043
0.000 0.000 0.000 0.000 0.000 0.000 0.000 0.000 0.000 0.000 0.000 0.000 0.000 0.000 0.000 0.000 0.000 0.000 0.000 0.000 0.000 0.000 0.002 0.019 0.082 0.206 0.345 0.472 0.572 0.620 0.632 0.632 0.627 0.612 0.581 0.530 0.448 0.337 0.236 0.162 0.114 0.088 0.078 0.079 0.100 0.182 0.341 0.455 0.494 0.482 0.414 0.308 0.232 0.212 0.266 0.460 0.771 1.058 1.241 1.308 1.297 1.253 1.197 1.124 1.036 0.925 0.780 0.602 0.432 0.302 0.213 0.167 0.156 0.185 0.307 0.537 0.690
0.000 0.000 0.000 0.000 0.000 0.000 0.000 0.000 0.000 0.000 0.000 0.000 0.000 0.000 0.000 0.000 0.000 0.000 0.000 0.000 0.000 0.000 0.001 0.006 0.038 0.134 0.293 0.468 0.630 0.740 0.783 0.790 0.787 0.772 0.730 0.656 0.548 0.421 0.315 0.233 0.171 0.128 0.105 0.097 0.106 0.146 0.228 0.306 0.343 0.346 0.320 0.254 0.178 0.134 0.128 0.184 0.352 0.602 0.819 0.933 0.955 0.926 0.878 0.808 0.709 0.598 0.482 0.361 0.248 0.159 0.103 0.075 0.067 0.069 0.093 0.145 0.163
0.000 0.000 0.000 0.000 0.000 0.000 0.000 0.000 0.000 0.000 0.000 0.000 0.000 0.000 0.000 0.000 0.000 0.000 0.000 0.000 0.000 0.000 0.000 0.002 0.013 0.063 0.196 0.406 0.638 0.821 0.919 0.942 0.939 0.911 0.847 0.743 0.609 0.474 0.366 0.283 0.220 0.174 0.142 0.127 0.126 0.148 0.199 0.250 0.277 0.283 0.272 0.235 0.171 0.119 0.093 0.092 0.135 0.247 0.397 0.508 0.560 0.567 0.544 0.494 0.411 0.322 0.245 0.179 0.121 0.077 0.051 0.038 0.034 0.034 0.038 0.047 0.048
0.000 0.000 0.000 0.000 0.000 0.000 0.000 0.000 0.000 0.000 0.000 0.000 0.000 0.000 0.000 0.000 0.000 0.000 0.000 0.000 0.000 0.000 0.000 0.001 0.003 0.020 0.087 0.259 0.542 0.829 1.001 1.059 1.054 1.011 0.922 0.791 0.638 0.502 0.394 0.310 0.248 0.205 0.177 0.161 0.157 0.165 0.199 0.238 0.255 0.258 0.251 0.225 0.175 0.121 0.088 0.071 0.070 0.094 0.146 0.194 0.220 0.228 0.221 0.199 0.162 0.124 0.095 0.071 0.052 0.037 0.027 0.022 0.021 0.020 0.021 0.023 0.023
0.000 0.000 0.000 0.000 0.000 0.000 0.000 0.000 0.000 0.000 0.000 0.000 0.000 0.000 0.000 0.000 0.000 0.000 0.000 0.000 0.000 0.000 0.000 0.001 0.001 0.006 0.025 0.099 0.315 0.689 0.995 1.116 1.122 1.065 0.957 0.807 0.647 0.513 0.406 0.322 0.261 0.220 0.196 0.184 0.181 0.187 0.209 0.238 0.251 0.252 0.246 0.225 0.184 0.133 0.093 0.068 0.055 0.052 0.058 0.068 0.073 0.074 0.071 0.064 0.053 0.044 0.036 0.030 0.025 0.020 0.016 0.014 0.014 0.013 0.014 0.014 0.014
0.000 0.000 0.000 0.000 0.000 0.000 0.000 0.000 0.000 0.000 0.000 0.000 0.000 0.000 0.000 0.000 0.000 0.000 0.000 0.000 0.000 0.000 0.000 0.001 0.002 0.005 0.013 0.034 0.114 0.386 0.813 1.082 1.132 1.078 0.961 0.806 0.647 0.515 0.409 0.326 0.264 0.223 0.201 0.194 0.193 0.197 0.214 0.240 0.253 0.254 0.247 0.227 0.191 0.142 0.100 0.071 0.051 0.040 0.033 0.031 0.029 0.028 0.027 0.025 0.022 0.019 0.018 0.016 0.014 0.012 0.010 0.010 0.009 0.009 0.009 0.009 0.009
0.000 0.000 0.000 0.000 0.000 0.000 0.000 0.000 0.000 0.000 0.000 0.000 0.000 0.000 0.000 0.000 0.000 0.000 0.000 0.000 0.000 0.000 0.001 0.002 0.004 0.011 0.022 0.031 0.046 0.139 0.465 0.883 1.053 1.039 0.938 0.792 0.640 0.513 0.408 0.325 0.263 0.222 0.200 0.194 0.195 0.200 0.214 0.240 0.255 0.258 0.251 0.230 0.194 0.144 0.101 0.070 0.048 0.032 0.022 0.017 0.014 0.013 0.013 0.012 0.011 0.011 0.010 0.009 0.008 0.007 0.007 0.006 0.006 0.006 0.006 0.006 0.006
0.000 0.000 0.000 0.000 0.000 0.000 0.000 0.000 0.000 0.000 0.000 0.000 0.000 0.000 0.000 0.000 0.000 0.000 0.000 0.000 0.000 0.001 0.002 0.004 0.012 0.025 0.035 0.039 0.040 0.057 0.196 0.554 0.831 0.893 0.846 0.743 0.617 0.501 0.402 0.321 0.259 0.215 0.191 0.185 0.187 0.194 0.206 0.226 0.243 0.248 0.243 0.224 0.188 0.137 0.093 0.061 0.039 0.022 0.013 0.009 0.007 0.007 0.007 0.007 0.007 0.006 0.006 0.005 0.005 0.005 0.004 0.004 0.003 0.003 0.003 0.003 0.003
0.000 0.000 0.000 0.000 0.000 0.000 0.000 0.000 0.000 0.000 0.000 0.000 0.000 0.000 0.000 0.000 0.000 0.000 0.000 0.000 0.000 0.001 0.003 0.010 0.024 0.036 0.040 0.040 0.037 0.040 0.095 0.298 0.548 0.652 0.665 0.633 0.562 0.474 0.387 0.311 0.248 0.201 0.170 0.157 0.157 0.163 0.173 0.185 0.195 0.200 0.199 0.186 0.155 0.108 0.066 0.038 0.020 0.010 0.005 0.004 0.003 0.003 0.003 0.004 0.004 0.003 0.003 0.003 0.003 0.002 0.002 0.002 0.002 0.002 0.002 0.002 0.002
0.000 0.000 0.000 0.000 0.000 0.000 0.000 0.000 0.000 0.000 0.000 0.000 0.000 0.000 0.000 0.000 0.000 0.000 0.000 0.000 0.001 0.002 0.007 0.019 0.034 0.040 0.040 0.035 0.028 0.029 0.060 0.171 0.347 0.443 0.471 0.476 0.462 0.421 0.359 0.293 0.232 0.180 0.140 0.115 0.104 0.102 0.104 0.106 0.108 0.109 0.109 0.104 0.086 0.055 0.029 0.014 0.007 0.003 0.002 0.001 0.001 0.001 0.002 0.002 0.002 0.002 0.002 0.001 0.001 0.001 0.001 0.001 0.001 0.001 0.000 0.000 0.000
0.000 0.000 0.000 0.000 0.000 0.000 0.000 0.000 0.000 0.000 0.000 0.000 0.000 0.000 0.000 0.000 0.000 0.000 0.000 0.001 0.001 0.004 0.013 0.028 0.038 0.039 0.035 0.024 0.017 0.020 0.043 0.109 0.222 0.297 0.329 0.341 0.344 0.337 0.310 0.265 0.211 0.158 0.116 0.085 0.065 0.053 0.046 0.041 0.038 0.037 0.036 0.034 0.028 0.017 0.008 0.004 0.002 0.001 0.001 0.000 0.000 0.000 0.001 0.001 0.001 0.001 0.000 0.000 0.000 0.000 0.000 0.000 0.000 0.000 0.000 0.000 0.000
0.000 0.000 0.000 0.000 0.000 0.000 0.000 0.000 0.000 0.000 0.000 0.000 0.000 0.000 0.000 0.000 0.000 0.000 0.000 0.001 0.002 0.008 0.020 0.033 0.037 0.036 0.025 0.013 0.011 0.015 0.032 0.074 0.142 0.194 0.222 0.237 0.244 0.245 0.239 0.220 0.183 0.138 0.098 0.066 0.045 0.031 0.021 0.015 0.012 0.010 0.009 0.008 0.006 0.004 0.002 0.001 0.000 0.000 0.000 0.000 0.000 0.000 0.000 0.000 0.000 0.000 0.000 0.000 0.000 0.000 0.000 0.000 0.000 0.000 0.000 0.000 0.000
0.000 0.000 0.000 0.000 0.000 0.000 0.000 0.000 0.000 0.000 0.000 0.000 0.000 0.000 0.000 0.000 0.000 0.000 0.000 0.001 0.004 0.013 0.027 0.035 0.035 0.029 0.014 0.007 0.008 0.012 0.025 0.051 0.090 0.120 0.140 0.153 0.161 0.165 0.166 0.161 0.146 0.116 0.082 0.053 0.033 0.020 0.011 0.007 0.004 0.003 0.002 0.002 0.001 0.001 0.000 0.000 0.000 0.000 0.000 0.000 0.000 0.000 0.000 0.000 0.000 0.000 0.000 0.000 0.000 0.000 0.000 0.000 0.000 0.000 0.000 0.000 0.000
0.000 0.000 0.000 0.000 0.000 0.000 0.000 0.000 0.000 0.000 0.000 0.000 0.000 0.000 0.000 0.000 0.000 0.000 0.001 0.002 0.007 0.018 0.031 0.034 0.031 0.019 0.007 0.005 0.006 0.010 0.019 0.035 0.055 0.069 0.078 0.085 0.090 0.096 0.099 0.101 0.098 0.087 0.065 0.041 0.023 0.013 0.006 0.003 0.002 0.001 0.001 0.001 0.000 0.000 0.000 0.000 0.000 0.000 0.000 0.000 0.000 0.000 0.000 0.000 0.000 0.000 0.000 0.000 0.000 0.000 0.000 0.000 0.000 0.000 0.000 0.000 0.000
0.000 0.000 0.000 0.000 0.000 0.000 0.000 0.000 0.000 0.000 0.000 0.000 0.000 0.000 0.000 0.000 0.000 0.000 0.001 0.003 0.011 0.024 0.031 0.032 0.025 0.010 0.003 0.003 0.004 0.007 0.014 0.023 0.032 0.036 0.038 0.038 0.040 0.043 0.046 0.049 0.050 0.049 0.042 0.027 0.015 0.007 0.003 0.002 0.001 0.000 0.000 0.000 0.000 0.000 0.000 0.000 0.000 0.000 0.000 0.000 0.000 0.000 0.000 0.000 0.000 0.000 0.000 0.000 0.000 0.000 0.000 0.000 0.000 0.000 0.000 0.000 0.000
0.000 0.000 0.000 0.000 0.000 0.000 0.000 0.000 0.000 0.000 0.000 0.000 0.000 0.000 0.000 0.000 0.000 0.001 0.002 0.006 0.016 0.027 0.030 0.028 0.017 0.005 0.002 0.002 0.003 0.005 0.009 0.014 0.017 0.017 0.016 0.014 0.013 0.014 0.015 0.017 0.018 0.019 0.018 0.013 0.007 0.004 0.002 0.001 0.000 0.000 0.000 0.000 0.000 0.000 0.000 0.000 0.000 0.000 0.000 0.000 0.000 0.000 0.000 0.000 0.000 0.000 0.000 0.000 0.000 0.000 0.000 0.000 0.000 0.000 0.000 0.000 0.000
0.000 0.000 0.000 0.000 0.000 0.000 0.000 0.000 0.000 0.000 0.000 0.000 0.000 0.000 0.000 0.000 0.001 0.001 0.003 0.009 0.021 0.028 0.029 0.023 0.009 0.002 0.001 0.001 0.001 0.003 0.005 0.007 0.008 0.008 0.006 0.005 0.004 0.003 0.003 0.004 0.004 0.005 0.005 0.005 0.003 0.001 0.001 0.000 0.000 0.000 0.000 0.000 0.000 0.000 0.000 0.000 0.000 0.000 0.000 0.000 0.000 0.000 0.000 0.000 0.000 0.000 0.000 0.000 0.000 0.000 0.000 0.000 0.000 0.000 0.000 0.000 0.000
