RESULTS/r.avaflow_results/31_results/31_ascii/31_hflow0037.asc
ncols 506
nrows 317
xllcenter 498237.50
yllcenter 5580050.00
cellsize 12.50
NODATA_value -9999.000
[rows 170 to 203 of 317, columns 77 to 153 of 506]
0.000 0.000 0.000 0.000 0.000 0.000 0.000 0.000 0.000 0.000 0.000 0.000 0.000 0.000 0.000 0.000 0.000 0.000 0.000 0.000 0.000 0.000 0.000 0.000 0.000 0.000 0.000 0.000 0.000 0.000 0.000 0.000 0.000 0.000 0.000 0.000 0.000 0.000 0.000 0.000 0.000 0.000 0.000 0.000 0.000 0.000 0.001 0.002 0.004 0.008 0.015 0.034 0.097 0.284 0.677 1.248 2.034 3.324 5.370 7.982 10.533 12.627 14.221 15.207 15.545 15.464 15.164 14.745 14.290 13.596 12.551 11.344 10.315 9.599 9.113 8.747 8.465
0.000 0.000 0.000 0.000 0.000 0.000 0.000 0.000 0.000 0.000 0.000 0.000 0.000 0.000 0.000 0.000 0.000 0.000 0.000 0.000 0.000 0.000 0.000 0.000 0.000 0.000 0.000 0.000 0.000 0.000 0.000 0.000 0.000 0.000 0.000 0.000 0.000 0.000 0.000 0.000 0.000 0.000 0.000 0.000 0.000 0.001 0.003 0.005 0.010 0.020 0.044 0.119 0.313 0.733 1.400 2.253 3.377 5.022 7.330 10.047 12.387 14.171 15.372 15.971 16.040 15.814 15.343 14.755 14.138 13.423 12.598 11.914 11.546 11.397 11.366 11.386 11.503
0.000 0.000 0.000 0.000 0.000 0.000 0.000 0.000 0.000 0.000 0.000 0.000 0.000 0.000 0.000 0.000 0.000 0.000 0.000 0.000 0.000 0.000 0.000 0.000 0.000 0.000 0.000 0.000 0.000 0.000 0.000 0.000 0.000 0.000 0.000 0.000 0.000 0.000 0.000 0.000 0.000 0.000 0.000 0.001 0.001 0.003 0.007 0.015 0.030 0.067 0.166 0.383 0.754 1.271 1.902 2.766 4.065 5.926 8.392 11.098 13.284 14.825 15.720 16.075 16.059 15.786 15.289 14.739 14.232 13.771 13.441 13.342 13.378 13.402 13.480 13.805 14.479
0.000 0.000 0.000 0.000 0.000 0.000 0.000 0.000 0.000 0.000 0.000 0.000 0.000 0.000 0.000 0.000 0.000 0.000 0.000 0.000 0.000 0.001 0.001 0.002 0.002 0.002 0.002 0.002 0.002 0.002 0.002 0.002 0.002 0.002 0.001 0.001 0.001 0.000 0.000 0.000 0.000 0.000 0.001 0.002 0.004 0.010 0.023 0.050 0.109 0.239 0.507 0.881 1.273 1.667 2.138 2.896 4.204 6.135 8.676 11.332 13.421 14.847 15.622 15.893 15.855 15.641 15.288 15.011 14.900 14.896 14.888 14.812 14.754 14.748 14.941 15.605 16.815
0.000 0.000 0.000 0.000 0.000 0.000 0.000 0.000 0.000 0.000 0.000 0.000 0.000 0.000 0.000 0.000 0.000 0.000 0.000 0.000 0.001 0.002 0.004 0.005 0.006 0.006 0.007 0.007 0.007 0.007 0.007 0.007 0.006 0.005 0.004 0.003 0.002 0.001 0.001 0.001 0.001 0.001 0.002 0.005 0.012 0.033 0.082 0.173 0.337 0.617 0.972 1.302 1.591 1.864 2.218 2.864 4.077 5.977 8.545 11.138 13.086 14.379 15.091 15.416 15.567 15.641 15.667 15.728 15.787 15.806 15.723 15.535 15.456 15.557 16.000 16.918 18.300
0.000 0.000 0.000 0.000 0.000 0.000 0.000 0.000 0.000 0.000 0.000 0.000 0.000 0.000 0.000 0.000 0.000 0.000 0.000 0.001 0.002 0.005 0.008 0.010 0.012 0.013 0.014 0.014 0.014 0.014 0.014 0.014 0.013 0.011 0.009 0.006 0.004 0.003 0.003 0.002 0.002 0.003 0.005 0.013 0.039 0.111 0.246 0.450 0.720 1.014 1.268 1.497 1.721 1.938 2.221 2.698 3.639 5.376 7.946 10.522 12.324 13.482 14.213 14.758 15.269 15.695 15.934 16.014 16.028 15.988 15.838 15.636 15.587 15.802 16.451 17.477 18.760
0.000 0.000 0.000 0.000 0.000 0.000 0.000 0.000 0.000 0.000 0.000 0.000 0.000 0.000 0.000 0.000 0.000 0.000 0.001 0.002 0.005 0.009 0.014 0.018 0.021 0.023 0.024 0.024 0.024 0.024 0.024 0.023 0.022 0.019 0.015 0.010 0.007 0.006 0.005 0.005 0.005 0.006 0.012 0.037 0.122 0.306 0.558 0.808 1.034 1.228 1.397 1.575 1.769 1.965 2.194 2.525 3.156 4.560 7.025 9.687 11.490 12.609 13.389 14.120 14.879 15.456 15.687 15.689 15.619 15.493 15.243 15.036 15.020 15.340 16.122 17.212 18.449
0.000 0.000 0.000 0.000 0.000 0.000 0.000 0.000 0.000 0.000 0.000 0.000 0.000 0.000 0.000 0.000 0.000 0.000 0.002 0.005 0.009 0.016 0.023 0.028 0.033 0.035 0.037 0.038 0.038 0.038 0.038 0.037 0.034 0.030 0.023 0.016 0.012 0.009 0.008 0.008 0.008 0.012 0.029 0.100 0.308 0.630 0.894 1.064 1.199 1.325 1.461 1.620 1.790 1.966 2.165 2.444 2.929 4.071 6.306 8.920 10.689 11.779 12.585 13.364 14.085 14.518 14.601 14.504 14.321 14.048 13.665 13.422 13.403 13.761 14.676 15.965 17.362
0.000 0.000 0.000 0.000 0.000 0.000 0.000 0.000 0.000 0.000 0.000 0.000 0.000 0.000 0.000 0.000 0.000 0.000 0.002 0.007 0.015 0.025 0.035 0.042 0.048 0.052 0.054 0.056 0.056 0.056 0.056 0.054 0.051 0.045 0.035 0.024 0.017 0.013 0.012 0.012 0.013 0.021 0.062 0.217 0.574 0.925 1.106 1.201 1.287 1.385 1.507 1.646 1.793 1.952 2.136 2.389 2.815 3.788 5.733 8.104 9.706 10.709 11.477 12.153 12.652 12.841 12.792 12.607 12.277 11.762 11.264 11.037 11.091 11.633 12.749 14.235 15.874
0.000 0.000 0.000 0.000 0.000 0.000 0.000 0.000 0.000 0.000 0.000 0.000 0.000 0.000 0.000 0.000 0.000 0.000 0.002 0.008 0.018 0.034 0.050 0.061 0.069 0.074 0.077 0.078 0.079 0.079 0.078 0.076 0.072 0.064 0.051 0.035 0.024 0.018 0.016 0.015 0.017 0.028 0.088 0.323 0.786 1.104 1.221 1.279 1.344 1.425 1.527 1.649 1.785 1.937 2.111 2.345 2.728 3.561 5.204 7.135 8.371 9.165 9.810 10.340 10.662 10.720 10.618 10.344 9.864 9.270 8.908 8.864 9.193 10.040 11.304 12.804 14.452
0.000 0.000 0.000 0.000 0.000 0.000 0.000 0.000 0.000 0.000 0.000 0.000 0.000 0.000 0.000 0.000 0.000 0.000 0.002 0.008 0.019 0.039 0.065 0.084 0.094 0.101 0.106 0.107 0.108 0.108 0.107 0.105 0.099 0.089 0.073 0.051 0.034 0.024 0.020 0.018 0.019 0.030 0.094 0.364 0.897 1.203 1.283 1.325 1.373 1.435 1.517 1.626 1.761 1.922 2.098 2.311 2.648 3.332 4.632 6.030 6.829 7.311 7.717 8.083 8.316 8.359 8.266 8.020 7.615 7.223 7.060 7.165 7.710 8.707 9.995 11.422 12.973
0.000 0.000 0.000 0.000 0.000 0.000 0.000 0.000 0.000 0.000 0.000 0.000 0.000 0.000 0.000 0.000 0.000 0.000 0.001 0.006 0.016 0.037 0.073 0.107 0.125 0.135 0.141 0.144 0.145 0.145 0.144 0.141 0.133 0.121 0.101 0.073 0.047 0.032 0.024 0.021 0.022 0.031 0.091 0.359 0.922 1.247 1.317 1.344 1.373 1.415 1.481 1.580 1.716 1.886 2.076 2.281 2.556 3.051 3.959 4.947 5.481 5.711 5.841 5.968 6.067 6.090 6.042 5.898 5.657 5.503 5.508 5.774 6.424 7.422 8.629 9.918 11.269
0.000 0.000 0.000 0.000 0.000 0.000 0.000 0.000 0.000 0.000 0.000 0.000 0.000 0.000 0.000 0.000 0.000 0.000 0.000 0.002 0.009 0.028 0.069 0.122 0.157 0.175 0.184 0.189 0.191 0.191 0.190 0.186 0.177 0.162 0.139 0.105 0.068 0.044 0.030 0.025 0.024 0.031 0.080 0.316 0.868 1.244 1.327 1.342 1.347 1.365 1.416 1.507 1.636 1.803 1.996 2.197 2.413 2.715 3.267 3.947 4.307 4.393 4.368 4.332 4.308 4.278 4.228 4.125 4.011 3.986 4.099 4.486 5.173 6.088 7.117 8.200 9.317
0.000 0.000 0.000 0.000 0.000 0.000 0.000 0.000 0.000 0.000 0.000 0.000 0.000 0.000 0.000 0.000 0.000 0.000 0.000 0.001 0.003 0.016 0.055 0.123 0.183 0.218 0.235 0.243 0.247 0.248 0.246 0.242 0.231 0.214 0.188 0.151 0.102 0.063 0.041 0.030 0.028 0.031 0.060 0.224 0.697 1.152 1.301 1.319 1.298 1.277 1.301 1.377 1.497 1.657 1.840 2.021 2.197 2.393 2.706 3.108 3.324 3.354 3.290 3.205 3.123 3.044 2.946 2.803 2.709 2.696 2.804 3.171 3.814 4.610 5.466 6.414 7.475
0.000 0.000 0.000 0.000 0.000 0.000 0.000 0.000 0.000 0.000 0.000 0.000 0.000 0.000 0.000 0.000 0.000 0.000 0.000 0.000 0.001 0.007 0.037 0.107 0.193 0.252 0.290 0.307 0.314 0.316 0.315 0.310 0.300 0.281 0.253 0.211 0.153 0.096 0.060 0.041 0.034 0.035 0.048 0.127 0.437 0.918 1.184 1.241 1.212 1.146 1.113 1.142 1.232 1.386 1.572 1.746 1.911 2.081 2.281 2.476 2.575 2.585 2.533 2.455 2.369 2.266 2.116 1.903 1.750 1.688 1.709 1.876 2.264 2.879 3.675 4.655 5.768
0.000 0.000 0.000 0.000 0.000 0.000 0.000 0.000 0.000 0.000 0.000 0.000 0.000 0.000 0.000 0.000 0.000 0.000 0.000 0.000 0.000 0.003 0.019 0.078 0.177 0.267 0.335 0.376 0.393 0.400 0.400 0.396 0.385 0.366 0.336 0.291 0.225 0.150 0.095 0.063 0.048 0.045 0.051 0.082 0.226 0.592 0.934 1.059 1.056 0.976 0.862 0.807 0.834 0.949 1.152 1.381 1.583 1.773 1.928 2.015 2.038 2.022 1.973 1.902 1.824 1.720 1.551 1.305 1.099 0.976 0.913 0.924 1.068 1.435 2.061 2.948 3.985
0.000 0.000 0.000 0.000 0.000 0.000 0.000 0.000 0.000 0.000 0.000 0.000 0.000 0.000 0.000 0.000 0.000 0.000 0.000 0.000 0.000 0.001 0.008 0.044 0.135 0.253 0.357 0.439 0.485 0.501 0.505 0.503 0.494 0.476 0.446 0.397 0.325 0.232 0.153 0.103 0.074 0.062 0.061 0.072 0.130 0.320 0.596 0.748 0.779 0.728 0.597 0.474 0.429 0.465 0.633 0.926 1.213 1.445 1.592 1.642 1.630 1.592 1.535 1.463 1.387 1.283 1.121 0.894 0.685 0.537 0.436 0.390 0.406 0.554 0.905 1.466 2.020
0.000 0.000 0.000 0.000 0.000 0.000 0.000 0.000 0.000 0.000 0.000 0.000 0.000 0.000 0.000 0.000 0.000 0.000 0.000 0.000 0.000 0.000 0.002 0.019 0.083 0.206 0.346 0.474 0.574 0.622 0.635 0.635 0.629 0.615 0.584 0.532 0.450 0.338 0.238 0.164 0.116 0.090 0.080 0.081 0.103 0.186 0.346 0.461 0.500 0.488 0.419 0.310 0.233 0.213 0.266 0.458 0.766 1.050 1.230 1.296 1.282 1.236 1.180 1.106 1.019 0.910 0.766 0.588 0.420 0.292 0.206 0.162 0.151 0.179 0.297 0.523 0.683
0.000 0.000 0.000 0.000 0.000 0.000 0.000 0.000 0.000 0.000 0.000 0.000 0.000 0.000 0.000 0.000 0.000 0.000 0.000 0.000 0.000 0.000 0.001 0.006 0.038 0.135 0.294 0.470 0.633 0.743 0.787 0.794 0.791 0.776 0.733 0.659 0.550 0.423 0.317 0.235 0.174 0.131 0.107 0.100 0.108 0.148 0.231 0.308 0.345 0.348 0.321 0.255 0.178 0.134 0.127 0.183 0.349 0.594 0.809 0.921 0.942 0.911 0.862 0.792 0.694 0.585 0.469 0.349 0.238 0.154 0.100 0.073 0.065 0.067 0.091 0.142 0.162
0.000 0.000 0.000 0.000 0.000 0.000 0.000 0.000 0.000 0.000 0.000 0.000 0.000 0.000 0.000 0.000 0.000 0.000 0.000 0.000 0.000 0.000 0.000 0.002 0.013 0.064 0.197 0.408 0.641 0.826 0.923 0.947 0.943 0.916 0.849 0.747 0.610 0.476 0.368 0.285 0.222 0.177 0.145 0.129 0.128 0.150 0.200 0.250 0.277 0.282 0.271 0.233 0.170 0.117 0.092 0.091 0.133 0.243 0.390 0.499 0.550 0.556 0.533 0.482 0.399 0.312 0.237 0.172 0.116 0.075 0.049 0.038 0.034 0.033 0.038 0.046 0.048
0.000 0.000 0.000 0.000 0.000 0.000 0.000 0.000 0.000 0.000 0.000 0.000 0.000 0.000 0.000 0.000 0.000 0.000 0.000 0.000 0.000 0.000 0.000 0.001 0.003 0.020 0.088 0.260 0.546 0.834 1.006 1.064 1.059 1.015 0.925 0.794 0.639 0.504 0.395 0.312 0.251 0.208 0.180 0.165 0.160 0.168 0.199 0.237 0.253 0.256 0.249 0.223 0.173 0.119 0.086 0.070 0.069 0.092 0.143 0.190 0.216 0.223 0.216 0.193 0.157 0.120 0.091 0.069 0.050 0.036 0.027 0.022 0.020 0.020 0.021 0.023 0.023
0.000 0.000 0.000 0.000 0.000 0.000 0.000 0.000 0.000 0.000 0.000 0.000 0.000 0.000 0.000 0.000 0.000 0.000 0.000 0.000 0.000 0.000 0.000 0.001 0.001 0.006 0.026 0.099 0.318 0.693 1.001 1.121 1.127 1.068 0.959 0.809 0.648 0.514 0.407 0.324 0.263 0.223 0.199 0.188 0.185 0.189 0.209 0.236 0.248 0.250 0.243 0.221 0.181 0.129 0.091 0.066 0.054 0.051 0.057 0.066 0.071 0.073 0.069 0.062 0.052 0.043 0.036 0.029 0.024 0.019 0.016 0.014 0.014 0.013 0.014 0.014 0.014
0.000 0.000 0.000 0.000 0.000 0.000 0.000 0.000 0.000 0.000 0.000 0.000 0.000 0.000 0.000 0.000 0.000 0.000 0.000 0.000 0.000 0.000 0.000 0.001 0.002 0.005 0.014 0.035 0.115 0.389 0.818 1.087 1.136 1.082 0.964 0.809 0.648 0.516 0.410 0.327 0.266 0.226 0.205 0.197 0.197 0.201 0.216 0.239 0.250 0.251 0.244 0.224 0.188 0.138 0.097 0.069 0.050 0.039 0.033 0.030 0.029 0.028 0.026 0.024 0.021 0.019 0.017 0.016 0.014 0.012 0.010 0.010 0.009 0.009 0.009 0.009 0.009
0.000 0.000 0.000 0.000 0.000 0.000 0.000 0.000 0.000 0.000 0.000 0.000 0.000 0.000 0.000 0.000 0.000 0.000 0.000 0.000 0.000 0.000 0.001 0.002 0.005 0.011 0.022 0.032 0.047 0.140 0.468 0.886 1.056 1.042 0.941 0.794 0.641 0.513 0.409 0.327 0.266 0.225 0.203 0.198 0.199 0.204 0.216 0.239 0.253 0.254 0.247 0.227 0.190 0.140 0.098 0.068 0.046 0.031 0.022 0.017 0.014 0.013 0.013 0.012 0.011 0.011 0.010 0.009 0.008 0.007 0.007 0.006 0.006 0.006 0.006 0.006 0.006
0.000 0.000 0.000 0.000 0.000 0.000 0.000 0.000 0.000 0.000 0.000 0.000 0.000 0.000 0.000 0.000 0.000 0.000 0.000 0.000 0.000 0.001 0.002 0.004 0.012 0.025 0.036 0.039 0.040 0.058 0.197 0.556 0.833 0.895 0.848 0.744 0.617 0.501 0.403 0.322 0.261 0.218 0.194 0.188 0.191 0.199 0.210 0.228 0.242 0.246 0.241 0.222 0.185 0.134 0.090 0.059 0.037 0.022 0.013 0.009 0.007 0.007 0.007 0.007 0.007 0.006 0.006 0.005 0.005 0.004 0.004 0.004 0.003 0.003 0.003 0.003 0.003
0.000 0.000 0.000 0.000 0.000 0.000 0.000 0.000 0.000 0.000 0.000 0.000 0.000 0.000 0.000 0.000 0.000 0.000 0.000 0.000 0.000 0.001 0.003 0.010 0.024 0.037 0.040 0.040 0.037 0.040 0.095 0.298 0.549 0.653 0.665 0.633 0.562 0.474 0.387 0.311 0.250 0.203 0.172 0.160 0.161 0.168 0.179 0.190 0.198 0.202 0.200 0.185 0.153 0.105 0.065 0.037 0.020 0.010 0.005 0.004 0.003 0.003 0.004 0.004 0.004 0.003 0.003 0.003 0.003 0.002 0.002 0.002 0.002 0.002 0.002 0.002 0.002
0.000 0.000 0.000 0.000 0.000 0.000 0.000 0.000 0.000 0.000 0.000 0.000 0.000 0.000 0.000 0.000 0.000 0.000 0.000 0.000 0.001 0.002 0.007 0.020 0.034 0.040 0.040 0.035 0.028 0.029 0.059 0.171 0.347 0.443 0.470 0.475 0.461 0.420 0.359 0.293 0.232 0.181 0.141 0.117 0.107 0.106 0.109 0.112 0.113 0.114 0.112 0.105 0.086 0.054 0.028 0.014 0.006 0.003 0.002 0.001 0.001 0.001 0.002 0.002 0.002 0.002 0.002 0.001 0.001 0.001 0.001 0.001 0.001 0.001 0.000 0.000 0.000
0.000 0.000 0.000 0.000 0.000 0.000 0.000 0.000 0.000 0.000 0.000 0.000 0.000 0.000 0.000 0.000 0.000 0.000 0.000 0.001 0.001 0.004 0.013 0.029 0.038 0.040 0.036 0.024 0.016 0.019 0.042 0.109 0.221 0.296 0.328 0.340 0.342 0.335 0.309 0.264 0.210 0.158 0.116 0.085 0.066 0.055 0.048 0.044 0.041 0.039 0.037 0.034 0.028 0.017 0.008 0.004 0.002 0.001 0.001 0.000 0.000 0.000 0.001 0.001 0.001 0.001 0.000 0.000 0.000 0.000 0.000 0.000 0.000 0.000 0.000 0.000 0.000
0.000 0.000 0.000 0.000 0.000 0.000 0.000 0.000 0.000 0.000 0.000 0.000 0.000 0.000 0.000 0.000 0.000 0.000 0.000 0.001 0.002 0.008 0.021 0.034 0.038 0.036 0.026 0.013 0.010 0.015 0.032 0.074 0.142 0.193 0.221 0.236 0.242 0.243 0.237 0.218 0.182 0.137 0.097 0.066 0.045 0.031 0.022 0.016 0.012 0.010 0.009 0.008 0.006 0.004 0.002 0.001 0.000 0.000 0.000 0.000 0.000 0.000 0.000 0.000 0.000 0.000 0.000 0.000 0.000 0.000 0.000 0.000 0.000 0.000 0.000 0.000 0.000
0.000 0.000 0.000 0.000 0.000 0.000 0.000 0.000 0.000 0.000 0.000 0.000 0.000 0.000 0.000 0.000 0.000 0.000 0.000 0.001 0.004 0.013 0.027 0.035 0.036 0.029 0.014 0.007 0.007 0.012 0.025 0.051 0.090 0.120 0.139 0.152 0.160 0.163 0.164 0.159 0.143 0.114 0.080 0.052 0.032 0.019 0.011 0.007 0.004 0.003 0.002 0.002 0.001 0.001 0.000 0.000 0.000 0.000 0.000 0.000 0.000 0.000 0.000 0.000 0.000 0.000 0.000 0.000 0.000 0.000 0.000 0.000 0.000 0.000 0.000 0.000 0.000
0.000 0.000 0.000 0.000 0.000 0.000 0.000 0.000 0.000 0.000 0.000 0.000 0.000 0.000 0.000 0.000 0.000 0.000 0.001 0.002 0.007 0.019 0.031 0.034 0.032 0.020 0.007 0.004 0.005 0.010 0.019 0.034 0.055 0.069 0.078 0.084 0.090 0.095 0.098 0.099 0.096 0.085 0.063 0.040 0.023 0.012 0.006 0.003 0.002 0.001 0.001 0.001 0.000 0.000 0.000 0.000 0.000 0.000 0.000 0.000 0.000 0.000 0.000 0.000 0.000 0.000 0.000 0.000 0.000 0.000 0.000 0.000 0.000 0.000 0.000 0.000 0.000
0.000 0.000 0.000 0.000 0.000 0.000 0.000 0.000 0.000 0.000 0.000 0.000 0.000 0.000 0.000 0.000 0.000 0.000 0.001 0.003 0.011 0.024 0.032 0.032 0.025 0.011 0.003 0.002 0.004 0.007 0.013 0.023 0.032 0.036 0.038 0.038 0.039 0.042 0.045 0.048 0.049 0.047 0.040 0.026 0.014 0.007 0.003 0.002 0.001 0.000 0.000 0.000 0.000 0.000 0.000 0.000 0.000 0.000 0.000 0.000 0.000 0.000 0.000 0.000 0.000 0.000 0.000 0.000 0.000 0.000 0.000 0.000 0.000 0.000 0.000 0.000 0.000
0.000 0.000 0.000 0.000 0.000 0.000 0.000 0.000 0.000 0.000 0.000 0.000 0.000 0.000 0.000 0.000 0.000 0.001 0.002 0.006 0.016 0.028 0.031 0.028 0.017 0.005 0.002 0.001 0.002 0.005 0.009 0.014 0.017 0.017 0.016 0.014 0.013 0.013 0.015 0.016 0.018 0.019 0.017 0.013 0.007 0.003 0.002 0.001 0.000 0.000 0.000 0.000 0.000 0.000 0.000 0.000 0.000 0.000 0.000 0.000 0.000 0.000 0.000 0.000 0.000 0.000 0.000 0.000 0.000 0.000 0.000 0.000 0.000 0.000 0.000 0.000 0.000
0.000 0.000 0.000 0.000 0.000 0.000 0.000 0.000 0.000 0.000 0.000 0.000 0.000 0.000 0.000 0.000 0.001 0.001 0.003 0.009 0.021 0.028 0.029 0.023 0.010 0.002 0.001 0.001 0.001 0.003 0.005 0.007 0.008 0.007 0.006 0.005 0.004 0.003 0.003 0.004 0.004 0.005 0.005 0.004 0.003 0.001 0.001 0.000 0.000 0.000 0.000 0.000 0.000 0.000 0.000 0.000 0.000 0.000 0.000 0.000 0.000 0.000 0.000 0.000 0.000 0.000 0.000 0.000 0.000 0.000 0.000 0.000 0.000 0.000 0.000 0.000 0.000
