RESULTS/r.avaflow_results/31_results/31_ascii/31_hflow0010.asc
ncols 506
nrows 317
xllcenter 498237.50
yllcenter 5580050.00
cellsize 12.50
NODATA_value -9999.000
[rows 170 to 203 of 317, columns 77 to 153 of 506]
0.000 0.000 0.000 0.000 0.000 0.000 0.000 0.000 0.000 0.000 0.000 0.000 0.000 0.000 0.000 0.000 0.000 0.000 0.000 0.000 0.000 0.000 0.000 0.000 0.000 0.000 0.000 0.000 0.000 0.000 0.000 0.000 0.000 0.000 0.000 0.000 0.000 0.000 0.000 0.000 0.000 0.000 0.000 0.000 0.000 0.000 0.001 0.002 0.004 0.008 0.015 0.032 0.075 0.179 0.379 0.729 1.366 2.636 4.816 7.652 10.349 12.528 14.174 15.195 15.572 15.544 15.285 14.909 14.497 13.850 12.859 11.700 10.708 10.012 9.534 9.166 8.869
0.000 0.000 0.000 0.000 0.000 0.000 0.000 0.000 0.000 0.000 0.000 0.000 0.000 0.000 0.000 0.000 0.000 0.000 0.000 0.000 0.000 0.000 0.000 0.000 0.000 0.000 0.000 0.000 0.000 0.000 0.000 0.000 0.000 0.000 0.000 0.000 0.000 0.000 0.000 0.000 0.000 0.000 0.000 0.000 0.001 0.002 0.003 0.006 0.011 0.021 0.046 0.105 0.234 0.474 0.880 1.542 2.640 4.431 6.984 9.891 12.310 14.142 15.371 15.987 16.087 15.893 15.442 14.878 14.297 13.636 12.865 12.210 11.862 11.733 11.716 11.742 11.857
0.000 0.000 0.000 0.000 0.000 0.000 0.000 0.000 0.000 0.000 0.000 0.000 0.000 0.000 0.000 0.000 0.000 0.000 0.000 0.000 0.000 0.000 0.000 0.000 0.000 0.000 0.000 0.000 0.000 0.000 0.000 0.000 0.000 0.000 0.000 0.000 0.000 0.000 0.000 0.000 0.000 0.000 0.000 0.001 0.003 0.006 0.009 0.016 0.032 0.069 0.153 0.304 0.524 0.825 1.278 2.054 3.392 5.433 8.136 10.984 13.240 14.827 15.739 16.099 16.108 15.849 15.350 14.824 14.359 13.935 13.636 13.560 13.626 13.679 13.782 14.118 14.793
0.000 0.000 0.000 0.000 0.000 0.000 0.000 0.000 0.000 0.000 0.000 0.000 0.000 0.000 0.000 0.000 0.000 0.000 0.000 0.000 0.000 0.000 0.000 0.000 0.000 0.000 0.000 0.000 0.000 0.000 0.000 0.000 0.000 0.000 0.000 0.000 0.000 0.000 0.000 0.000 0.000 0.001 0.002 0.005 0.009 0.015 0.026 0.049 0.100 0.206 0.390 0.613 0.844 1.119 1.533 2.284 3.643 5.717 8.445 11.231 13.388 14.853 15.636 15.902 15.877 15.672 15.313 15.059 14.961 14.984 15.009 14.973 14.953 14.977 15.198 15.874 17.081
0.000 0.000 0.000 0.000 0.000 0.000 0.000 0.000 0.000 0.000 0.000 0.000 0.000 0.000 0.000 0.000 0.000 0.000 0.000 0.000 0.000 0.000 0.000 0.000 0.000 0.000 0.000 0.000 0.000 0.000 0.000 0.000 0.000 0.000 0.000 0.000 0.000 0.000 0.000 0.000 0.001 0.002 0.006 0.012 0.021 0.038 0.069 0.131 0.247 0.449 0.713 0.945 1.141 1.382 1.752 2.397 3.603 5.565 8.271 11.001 13.019 14.350 15.068 15.393 15.545 15.621 15.638 15.709 15.783 15.832 15.785 15.648 15.601 15.727 16.198 17.129 18.514
0.000 0.000 0.000 0.000 0.000 0.000 0.000 0.000 0.000 0.000 0.000 0.000 0.000 0.000 0.000 0.000 0.000 0.000 0.000 0.000 0.000 0.000 0.000 0.000 0.000 0.000 0.000 0.000 0.000 0.001 0.001 0.001 0.001 0.001 0.001 0.001 0.001 0.000 0.000 0.001 0.002 0.006 0.014 0.027 0.048 0.085 0.154 0.271 0.469 0.751 1.008 1.201 1.380 1.611 1.927 2.379 3.240 4.915 7.537 10.285 12.192 13.403 14.151 14.703 15.211 15.630 15.866 15.960 15.998 15.983 15.873 15.721 15.699 15.935 16.600 17.643 18.944
0.000 0.000 0.000 0.000 0.000 0.000 0.000 0.000 0.000 0.000 0.000 0.000 0.000 0.000 0.000 0.000 0.000 0.000 0.000 0.000 0.000 0.000 0.000 0.000 0.000 0.000 0.000 0.001 0.002 0.003 0.004 0.004 0.004 0.004 0.004 0.003 0.002 0.002 0.002 0.002 0.005 0.012 0.027 0.053 0.095 0.165 0.279 0.457 0.723 1.015 1.231 1.396 1.557 1.761 2.010 2.305 2.830 4.115 6.527 9.381 11.331 12.508 13.297 14.033 14.783 15.352 15.586 15.606 15.555 15.452 15.249 15.093 15.105 15.453 16.258 17.370 18.633
0.000 0.000 0.000 0.000 0.000 0.000 0.000 0.000 0.000 0.000 0.000 0.000 0.000 0.000 0.000 0.000 0.000 0.000 0.000 0.000 0.000 0.000 0.000 0.000 0.000 0.000 0.001 0.003 0.005 0.008 0.009 0.010 0.010 0.010 0.009 0.007 0.006 0.005 0.005 0.005 0.009 0.021 0.049 0.096 0.167 0.275 0.434 0.667 0.964 1.220 1.400 1.532 1.663 1.832 2.035 2.271 2.638 3.646 5.783 8.582 10.510 11.658 12.466 13.238 13.935 14.353 14.450 14.380 14.216 13.968 13.643 13.453 13.469 13.868 14.815 16.128 17.547
0.000 0.000 0.000 0.000 0.000 0.000 0.000 0.000 0.000 0.000 0.000 0.000 0.000 0.000 0.000 0.000 0.000 0.000 0.000 0.000 0.000 0.000 0.000 0.000 0.000 0.002 0.003 0.007 0.011 0.016 0.019 0.020 0.021 0.021 0.019 0.016 0.012 0.010 0.010 0.010 0.015 0.033 0.080 0.159 0.266 0.411 0.610 0.887 1.168 1.374 1.511 1.609 1.712 1.849 2.017 2.218 2.524 3.364 5.215 7.756 9.503 10.550 11.308 11.963 12.437 12.623 12.600 12.440 12.132 11.652 11.217 11.032 11.121 11.707 12.863 14.384 16.048
0.000 0.000 0.000 0.000 0.000 0.000 0.000 0.000 0.000 0.000 0.000 0.000 0.000 0.000 0.000 0.000 0.000 0.000 0.000 0.000 0.000 0.000 0.000 0.000 0.002 0.004 0.007 0.013 0.021 0.030 0.035 0.038 0.039 0.038 0.036 0.030 0.022 0.018 0.017 0.017 0.022 0.049 0.123 0.246 0.396 0.578 0.818 1.095 1.320 1.472 1.568 1.638 1.721 1.828 1.962 2.131 2.401 3.118 4.698 6.783 8.137 8.949 9.575 10.089 10.395 10.459 10.382 10.130 9.680 9.138 8.827 8.816 9.191 10.086 11.399 12.940 14.615
0.000 0.000 0.000 0.000 0.000 0.000 0.000 0.000 0.000 0.000 0.000 0.000 0.000 0.000 0.000 0.000 0.000 0.000 0.000 0.000 0.000 0.000 0.000 0.001 0.004 0.007 0.014 0.023 0.037 0.051 0.061 0.066 0.067 0.067 0.063 0.053 0.039 0.029 0.026 0.026 0.032 0.068 0.177 0.365 0.571 0.788 1.027 1.248 1.414 1.520 1.582 1.632 1.697 1.780 1.883 2.020 2.250 2.840 4.126 5.675 6.560 7.035 7.418 7.771 7.999 8.054 7.979 7.748 7.380 7.045 6.922 7.074 7.676 8.733 10.079 11.552 13.132
0.000 0.000 0.000 0.000 0.000 0.000 0.000 0.000 0.000 0.000 0.000 0.000 0.000 0.000 0.000 0.000 0.000 0.000 0.000 0.000 0.000 0.000 0.001 0.003 0.007 0.013 0.024 0.039 0.060 0.084 0.100 0.108 0.111 0.110 0.105 0.090 0.066 0.046 0.038 0.037 0.043 0.086 0.235 0.510 0.767 0.979 1.175 1.337 1.455 1.528 1.570 1.609 1.657 1.712 1.779 1.872 2.038 2.462 3.410 4.526 5.116 5.342 5.448 5.545 5.630 5.661 5.634 5.516 5.327 5.220 5.273 5.610 6.342 7.426 8.711 10.054 11.439
0.000 0.000 0.000 0.000 0.000 0.000 0.000 0.000 0.000 0.000 0.000 0.000 0.000 0.000 0.000 0.000 0.000 0.000 0.000 0.000 0.000 0.000 0.002 0.006 0.012 0.022 0.038 0.061 0.095 0.133 0.158 0.171 0.175 0.174 0.168 0.149 0.112 0.074 0.055 0.050 0.055 0.101 0.282 0.622 0.904 1.099 1.257 1.377 1.462 1.514 1.541 1.565 1.585 1.601 1.620 1.652 1.721 1.949 2.541 3.335 3.762 3.861 3.830 3.765 3.712 3.678 3.641 3.586 3.536 3.556 3.742 4.231 5.035 6.069 7.198 8.347 9.499
0.000 0.000 0.000 0.000 0.000 0.000 0.000 0.000 0.000 0.000 0.000 0.000 0.000 0.000 0.000 0.000 0.000 0.000 0.000 0.000 0.000 0.000 0.002 0.008 0.019 0.035 0.058 0.093 0.144 0.201 0.240 0.261 0.268 0.268 0.261 0.237 0.187 0.121 0.082 0.070 0.073 0.121 0.319 0.690 0.974 1.151 1.286 1.383 1.443 1.470 1.478 1.473 1.456 1.430 1.397 1.362 1.342 1.431 1.751 2.253 2.545 2.605 2.560 2.467 2.353 2.254 2.162 2.103 2.093 2.138 2.339 2.826 3.605 4.548 5.523 6.537 7.628
0.000 0.000 0.000 0.000 0.000 0.000 0.000 0.000 0.000 0.000 0.000 0.000 0.000 0.000 0.000 0.000 0.000 0.000 0.000 0.000 0.000 0.000 0.002 0.010 0.023 0.046 0.081 0.133 0.207 0.292 0.351 0.385 0.398 0.399 0.393 0.364 0.300 0.201 0.131 0.104 0.103 0.151 0.349 0.718 0.995 1.161 1.283 1.358 1.388 1.386 1.357 1.295 1.234 1.178 1.116 1.042 0.974 0.991 1.150 1.413 1.582 1.634 1.617 1.564 1.471 1.353 1.210 1.110 1.081 1.105 1.223 1.516 2.038 2.781 3.681 4.726 5.884
0.000 0.000 0.000 0.000 0.000 0.000 0.000 0.000 0.000 0.000 0.000 0.000 0.000 0.000 0.000 0.000 0.000 0.000 0.000 0.000 0.000 0.000 0.002 0.010 0.025 0.051 0.096 0.170 0.279 0.406 0.496 0.548 0.572 0.578 0.573 0.542 0.464 0.329 0.215 0.164 0.157 0.199 0.377 0.720 0.992 1.146 1.244 1.285 1.286 1.250 1.153 0.988 0.861 0.786 0.735 0.689 0.647 0.650 0.733 0.848 0.921 0.952 0.950 0.930 0.881 0.791 0.657 0.547 0.499 0.495 0.530 0.641 0.890 1.347 2.042 2.977 4.079
0.000 0.000 0.000 0.000 0.000 0.000 0.000 0.000 0.000 0.000 0.000 0.000 0.000 0.000 0.000 0.000 0.000 0.000 0.000 0.000 0.000 0.000 0.002 0.008 0.023 0.052 0.102 0.191 0.337 0.531 0.669 0.747 0.784 0.795 0.789 0.753 0.663 0.503 0.348 0.266 0.245 0.272 0.410 0.698 0.951 1.080 1.141 1.153 1.130 1.048 0.871 0.634 0.479 0.403 0.374 0.369 0.376 0.393 0.438 0.483 0.506 0.515 0.515 0.509 0.488 0.434 0.343 0.265 0.225 0.212 0.211 0.230 0.305 0.501 0.891 1.489 2.115
0.000 0.000 0.000 0.000 0.000 0.000 0.000 0.000 0.000 0.000 0.000 0.000 0.000 0.000 0.000 0.000 0.000 0.000 0.000 0.000 0.000 0.000 0.001 0.004 0.017 0.045 0.098 0.195 0.369 0.633 0.834 0.932 0.968 0.974 0.957 0.903 0.799 0.643 0.493 0.399 0.364 0.372 0.449 0.647 0.848 0.943 0.972 0.967 0.920 0.805 0.613 0.402 0.263 0.193 0.168 0.167 0.182 0.204 0.230 0.247 0.253 0.256 0.258 0.257 0.248 0.220 0.171 0.131 0.108 0.097 0.093 0.093 0.105 0.155 0.294 0.549 0.753
0.000 0.000 0.000 0.000 0.000 0.000 0.000 0.000 0.000 0.000 0.000 0.000 0.000 0.000 0.000 0.000 0.000 0.000 0.000 0.000 0.000 0.000 0.000 0.001 0.007 0.026 0.074 0.175 0.367 0.687 0.965 1.082 1.109 1.102 1.061 0.979 0.860 0.716 0.588 0.498 0.454 0.447 0.476 0.576 0.697 0.751 0.760 0.744 0.689 0.583 0.422 0.265 0.161 0.102 0.077 0.070 0.075 0.088 0.104 0.112 0.115 0.118 0.122 0.122 0.118 0.105 0.084 0.068 0.058 0.051 0.047 0.046 0.047 0.057 0.089 0.153 0.186
0.000 0.000 0.000 0.000 0.000 0.000 0.000 0.000 0.000 0.000 0.000 0.000 0.000 0.000 0.000 0.000 0.000 0.000 0.000 0.000 0.000 0.000 0.000 0.001 0.002 0.009 0.033 0.106 0.293 0.651 1.023 1.185 1.209 1.180 1.107 0.998 0.871 0.741 0.630 0.547 0.497 0.478 0.482 0.518 0.568 0.587 0.580 0.552 0.495 0.403 0.281 0.177 0.106 0.063 0.041 0.033 0.032 0.036 0.044 0.049 0.052 0.054 0.057 0.057 0.056 0.051 0.044 0.038 0.034 0.030 0.028 0.027 0.027 0.029 0.036 0.049 0.053
0.000 0.000 0.000 0.000 0.000 0.000 0.000 0.000 0.000 0.000 0.000 0.000 0.000 0.000 0.000 0.000 0.000 0.000 0.000 0.000 0.000 0.000 0.001 0.001 0.002 0.006 0.019 0.050 0.149 0.445 0.913 1.200 1.252 1.209 1.110 0.984 0.858 0.740 0.637 0.559 0.508 0.481 0.469 0.467 0.469 0.459 0.436 0.398 0.342 0.267 0.182 0.115 0.070 0.041 0.026 0.019 0.017 0.018 0.021 0.024 0.027 0.028 0.029 0.030 0.030 0.028 0.026 0.024 0.021 0.020 0.018 0.018 0.018 0.018 0.020 0.023 0.023
0.000 0.000 0.000 0.000 0.000 0.000 0.000 0.000 0.000 0.000 0.000 0.000 0.000 0.000 0.000 0.000 0.000 0.000 0.000 0.000 0.000 0.000 0.001 0.002 0.004 0.011 0.026 0.054 0.092 0.192 0.538 1.009 1.207 1.183 1.068 0.924 0.805 0.706 0.619 0.551 0.501 0.466 0.436 0.407 0.380 0.351 0.317 0.276 0.228 0.170 0.115 0.073 0.045 0.027 0.017 0.012 0.010 0.010 0.011 0.014 0.016 0.017 0.018 0.018 0.018 0.017 0.017 0.015 0.014 0.013 0.012 0.012 0.012 0.012 0.012 0.013 0.014
0.000 0.000 0.000 0.000 0.000 0.000 0.000 0.000 0.000 0.000 0.000 0.000 0.000 0.000 0.000 0.000 0.000 0.000 0.000 0.000 0.000 0.001 0.002 0.004 0.011 0.027 0.059 0.093 0.110 0.116 0.196 0.542 0.917 0.996 0.917 0.787 0.688 0.615 0.554 0.504 0.460 0.419 0.375 0.332 0.292 0.256 0.221 0.185 0.146 0.106 0.071 0.045 0.028 0.017 0.011 0.007 0.006 0.006 0.007 0.009 0.010 0.011 0.011 0.011 0.011 0.011 0.011 0.010 0.009 0.008 0.008 0.008 0.008 0.008 0.008 0.008 0.008
0.000 0.000 0.000 0.000 0.000 0.000 0.000 0.000 0.000 0.000 0.000 0.000 0.000 0.000 0.000 0.000 0.000 0.000 0.000 0.000 0.001 0.001 0.004 0.011 0.028 0.063 0.102 0.121 0.123 0.112 0.088 0.167 0.432 0.598 0.605 0.546 0.488 0.451 0.423 0.397 0.368 0.330 0.283 0.239 0.205 0.176 0.148 0.121 0.092 0.065 0.043 0.027 0.017 0.010 0.006 0.004 0.004 0.003 0.004 0.005 0.006 0.007 0.007 0.007 0.007 0.007 0.007 0.006 0.006 0.005 0.005 0.005 0.004 0.004 0.004 0.005 0.005
0.000 0.000 0.000 0.000 0.000 0.000 0.000 0.000 0.000 0.000 0.000 0.000 0.000 0.000 0.000 0.000 0.000 0.000 0.000 0.000 0.001 0.003 0.010 0.026 0.062 0.104 0.125 0.128 0.122 0.097 0.054 0.045 0.130 0.262 0.306 0.303 0.286 0.272 0.262 0.250 0.235 0.211 0.178 0.150 0.130 0.112 0.094 0.076 0.056 0.039 0.026 0.016 0.010 0.006 0.003 0.002 0.002 0.002 0.002 0.003 0.003 0.004 0.004 0.004 0.004 0.004 0.004 0.004 0.003 0.003 0.003 0.002 0.002 0.002 0.002 0.002 0.002
0.000 0.000 0.000 0.000 0.000 0.000 0.000 0.000 0.000 0.000 0.000 0.000 0.000 0.000 0.000 0.000 0.000 0.000 0.000 0.001 0.002 0.007 0.021 0.054 0.099 0.124 0.130 0.125 0.100 0.057 0.023 0.015 0.032 0.095 0.140 0.154 0.155 0.153 0.149 0.145 0.137 0.123 0.102 0.084 0.073 0.064 0.055 0.045 0.033 0.023 0.015 0.009 0.005 0.003 0.002 0.001 0.001 0.001 0.001 0.001 0.002 0.002 0.002 0.002 0.002 0.002 0.002 0.002 0.002 0.001 0.001 0.001 0.001 0.001 0.001 0.001 0.001
0.000 0.000 0.000 0.000 0.000 0.000 0.000 0.000 0.000 0.000 0.000 0.000 0.000 0.000 0.000 0.000 0.000 0.000 0.000 0.001 0.004 0.013 0.038 0.084 0.117 0.127 0.124 0.101 0.056 0.022 0.008 0.005 0.008 0.029 0.058 0.073 0.079 0.081 0.080 0.079 0.075 0.068 0.055 0.043 0.036 0.031 0.027 0.022 0.017 0.012 0.008 0.005 0.003 0.001 0.001 0.000 0.000 0.000 0.000 0.000 0.001 0.001 0.001 0.001 0.001 0.001 0.001 0.001 0.001 0.000 0.000 0.000 0.000 0.000 0.000 0.000 0.000
0.000 0.000 0.000 0.000 0.000 0.000 0.000 0.000 0.000 0.000 0.000 0.000 0.000 0.000 0.000 0.000 0.000 0.000 0.001 0.002 0.007 0.022 0.058 0.101 0.119 0.120 0.102 0.058 0.022 0.009 0.003 0.002 0.002 0.008 0.022 0.033 0.038 0.041 0.041 0.041 0.039 0.035 0.029 0.021 0.016 0.013 0.011 0.009 0.007 0.005 0.003 0.002 0.001 0.001 0.000 0.000 0.000 0.000 0.000 0.000 0.000 0.000 0.000 0.000 0.000 0.000 0.000 0.000 0.000 0.000 0.000 0.000 0.000 0.000 0.000 0.000 0.000
0.000 0.000 0.000 0.000 0.000 0.000 0.000 0.000 0.000 0.000 0.000 0.000 0.000 0.000 0.000 0.000 0.000 0.000 0.001 0.003 0.012 0.035 0.077 0.106 0.113 0.103 0.066 0.026 0.009 0.004 0.002 0.002 0.001 0.002 0.007 0.013 0.017 0.019 0.020 0.020 0.019 0.018 0.014 0.010 0.007 0.005 0.004 0.003 0.002 0.001 0.001 0.001 0.000 0.000 0.000 0.000 0.000 0.000 0.000 0.000 0.000 0.000 0.000 0.000 0.000 0.000 0.000 0.000 0.000 0.000 0.000 0.000 0.000 0.000 0.000 0.000 0.000
0.000 0.000 0.000 0.000 0.000 0.000 0.000 0.000 0.000 0.000 0.000 0.000 0.000 0.000 0.000 0.000 0.000 0.001 0.001 0.005 0.018 0.051 0.090 0.103 0.101 0.076 0.034 0.012 0.005 0.002 0.001 0.001 0.001 0.001 0.002 0.005 0.007 0.009 0.009 0.009 0.009 0.008 0.007 0.004 0.003 0.002 0.001 0.001 0.001 0.000 0.000 0.000 0.000 0.000 0.000 0.000 0.000 0.000 0.000 0.000 0.000 0.000 0.000 0.000 0.000 0.000 0.000 0.000 0.000 0.000 0.000 0.000 0.000 0.000 0.000 0.000 0.000
0.000 0.000 0.000 0.000 0.000 0.000 0.000 0.000 0.000 0.000 0.000 0.000 0.000 0.000 0.000 0.000 0.000 0.001 0.003 0.009 0.027 0.066 0.094 0.097 0.085 0.049 0.017 0.006 0.003 0.002 0.002 0.001 0.001 0.001 0.001 0.001 0.002 0.003 0.004 0.004 0.004 0.004 0.003 0.002 0.001 0.001 0.000 0.000 0.000 0.000 0.000 0.000 0.000 0.000 0.000 0.000 0.000 0.000 0.000 0.000 0.000 0.000 0.000 0.000 0.000 0.000 0.000 0.000 0.000 0.000 0.000 0.000 0.000 0.000 0.000 0.000 0.000
0.000 0.000 0.000 0.000 0.000 0.000 0.000 0.000 0.000 0.000 0.000 0.000 0.000 0.000 0.000 0.000 0.000 0.001 0.004 0.014 0.040 0.077 0.091 0.089 0.066 0.027 0.009 0.004 0.002 0.002 0.002 0.001 0.001 0.000 0.000 0.000 0.001 0.001 0.001 0.001 0.001 0.001 0.001 0.001 0.000 0.000 0.000 0.000 0.000 0.000 0.000 0.000 0.000 0.000 0.000 0.000 0.000 0.000 0.000 0.000 0.000 0.000 0.000 0.000 0.000 0.000 0.000 0.000 0.000 0.000 0.000 0.000 0.000 0.000 0.000 0.000 0.000
0.000 0.000 0.000 0.000 0.000 0.000 0.000 0.000 0.000 0.000 0.000 0.000 0.000 0.000 0.000 0.000 0.001 0.002 0.007 0.021 0.054 0.081 0.086 0.076 0.043 0.014 0.006 0.003 0.002 0.001 0.001 0.001 0.001 0.000 0.000 0.000 0.000 0.000 0.000 0.000 0.000 0.000 0.000 0.000 0.000 0.000 0.000 0.000 0.000 0.000 0.000 0.000 0.000 0.000 0.000 0.000 0.000 0.000 0.000 0.000 0.000 0.000 0.000 0.000 0.000 0.000 0.000 0.000 0.000 0.000 0.000 0.000 0.000 0.000 0.000 0.000 0.000
0.000 0.000 0.000 0.000 0.000 0.000 0.000 0.000 0.000 0.000 0.000 0.000 0.000 0.000 0.000 0.000 0.001 0.003 0.010 0.031 0.065 0.081 0.080 0.060 0.025 0.009 0.004 0.003 0.002 0.002 0.001 0.001 0.000 0.000 0.000 0.000 0.000 0.000 0.000 0.000 0.000 0.000 0.000 0.000 0.000 0.000 0.000 0.000 0.000 0.000 0.000 0.000 0.000 0.000 0.000 0.000 0.000 0.000 0.000 0.000 0.000 0.000 0.000 0.000 0.000 0.000 0.000 0.000 0.000 0.000 0.000 0.000 0.000 0.000 0.000 0.000 0.000
