RESULTS/r.avaflow_results/31_results/31_ascii/31_hflow_max0017.asc
ncols 506
nrows 317
xllcenter 498237.50
yllcenter 5580050.00
cellsize 12.50
NODATA_value -9999.000
[rows 170 to 203 of 317, columns 77 to 153 of 506]
0.000 0.000 0.000 0.000 0.000 0.000 0.000 0.000 0.000 0.000 0.000 0.000 0.000 0.000 0.000 0.000 0.000 0.000 0.000 0.000 0.000 0.000 0.000 0.000 0.000 0.000 0.000 0.000 0.000 0.000 0.000 0.000 0.000 0.000 0.000 0.000 0.000 0.000 0.000 0.000 0.000 0.000 0.000 0.000 0.001 0.002 0.003 0.006 0.011 0.020 0.041 0.102 0.263 0.623 1.231 2.251 3.921 7.075 9.771 12.181 14.134 15.547 16.407 16.725 16.663 16.220 15.760 15.274 14.856 14.135 12.989 11.756 10.985 10.847 10.809 10.808 10.878
0.000 0.000 0.000 0.000 0.000 0.000 0.000 0.000 0.000 0.000 0.000 0.000 0.000 0.000 0.000 0.000 0.000 0.000 0.000 0.000 0.000 0.000 0.000 0.000 0.000 0.000 0.000 0.000 0.000 0.000 0.000 0.000 0.000 0.000 0.000 0.000 0.000 0.000 0.000 0.000 0.000 0.000 0.000 0.001 0.002 0.005 0.008 0.014 0.028 0.062 0.143 0.319 0.649 1.174 1.943 4.070 6.294 8.886 11.468 13.752 15.464 16.313 16.898 17.036 16.938 16.579 15.911 15.205 14.495 13.805 13.030 13.099 13.210 13.285 13.450 13.793 14.277
0.000 0.000 0.000 0.000 0.000 0.000 0.000 0.000 0.000 0.000 0.000 0.000 0.000 0.000 0.000 0.000 0.000 0.000 0.000 0.000 0.000 0.000 0.000 0.000 0.000 0.000 0.000 0.000 0.000 0.000 0.000 0.000 0.000 0.000 0.000 0.000 0.000 0.000 0.000 0.000 0.000 0.001 0.002 0.004 0.007 0.012 0.022 0.046 0.099 0.216 0.433 0.738 1.109 1.562 2.265 4.661 6.993 9.596 12.079 14.225 15.771 16.545 16.904 17.015 16.919 16.435 15.693 15.068 14.781 14.740 14.674 14.667 14.582 14.682 15.066 15.951 17.212
0.000 0.000 0.000 0.000 0.000 0.000 0.000 0.000 0.000 0.000 0.000 0.000 0.000 0.000 0.000 0.000 0.000 0.000 0.000 0.000 0.000 0.000 0.000 0.000 0.000 0.000 0.000 0.001 0.001 0.001 0.001 0.001 0.001 0.001 0.001 0.000 0.000 0.000 0.000 0.000 0.001 0.002 0.006 0.011 0.018 0.034 0.075 0.155 0.304 0.557 0.864 1.147 1.519 1.916 2.466 4.490 6.794 9.476 11.939 13.985 15.530 16.347 16.654 16.724 16.570 16.179 15.816 15.854 15.914 15.906 15.718 15.463 15.438 15.643 16.333 17.742 19.396
0.000 0.000 0.000 0.000 0.000 0.000 0.000 0.000 0.000 0.000 0.000 0.000 0.000 0.000 0.000 0.000 0.000 0.000 0.000 0.000 0.000 0.000 0.000 0.000 0.000 0.001 0.002 0.003 0.003 0.004 0.004 0.004 0.004 0.003 0.003 0.002 0.001 0.001 0.001 0.001 0.002 0.006 0.014 0.025 0.046 0.110 0.223 0.400 0.655 0.927 1.159 1.678 2.101 2.448 2.857 3.744 5.816 8.618 11.294 13.504 14.936 15.717 16.210 16.328 16.324 16.441 16.512 16.534 16.519 16.392 16.139 15.836 16.007 16.711 17.633 18.823 20.144
0.000 0.000 0.000 0.000 0.000 0.000 0.000 0.000 0.000 0.000 0.000 0.000 0.000 0.000 0.000 0.000 0.000 0.000 0.000 0.000 0.000 0.000 0.000 0.001 0.002 0.003 0.005 0.007 0.008 0.009 0.009 0.009 0.009 0.008 0.007 0.005 0.004 0.003 0.003 0.003 0.006 0.014 0.029 0.055 0.136 0.292 0.497 0.729 0.957 1.151 1.578 2.124 2.513 2.836 3.120 3.462 4.571 7.415 10.333 12.672 14.083 14.881 15.396 15.731 16.136 16.425 16.704 16.599 16.595 16.490 16.233 16.032 16.060 16.781 17.607 18.628 19.808
0.000 0.000 0.000 0.000 0.000 0.000 0.000 0.000 0.000 0.000 0.000 0.000 0.000 0.000 0.000 0.000 0.000 0.000 0.000 0.000 0.000 0.000 0.001 0.002 0.004 0.007 0.011 0.014 0.016 0.017 0.018 0.018 0.017 0.016 0.013 0.009 0.007 0.006 0.006 0.006 0.011 0.026 0.056 0.137 0.339 0.599 0.822 0.993 1.135 1.424 1.948 2.394 2.734 3.036 3.268 3.500 3.971 6.734 9.598 11.857 13.288 14.036 14.597 15.129 15.698 16.089 16.310 16.305 16.191 15.970 15.594 15.272 15.256 15.623 16.549 17.633 19.001
0.000 0.000 0.000 0.000 0.000 0.000 0.000 0.000 0.000 0.000 0.000 0.000 0.000 0.000 0.000 0.000 0.000 0.000 0.000 0.000 0.000 0.001 0.002 0.004 0.008 0.013 0.019 0.024 0.027 0.029 0.030 0.030 0.029 0.026 0.022 0.016 0.012 0.010 0.010 0.011 0.018 0.045 0.101 0.317 0.673 0.944 1.082 1.169 1.379 1.862 2.242 2.545 2.815 3.091 3.348 3.537 3.805 6.211 9.015 11.090 12.387 13.208 13.801 14.384 14.913 15.169 15.244 15.119 14.859 14.479 13.973 13.747 13.728 14.074 14.982 16.274 17.792
0.000 0.000 0.000 0.000 0.000 0.000 0.000 0.000 0.000 0.000 0.000 0.000 0.000 0.000 0.000 0.000 0.000 0.000 0.000 0.000 0.000 0.002 0.004 0.008 0.014 0.021 0.031 0.038 0.043 0.046 0.047 0.047 0.046 0.042 0.035 0.025 0.019 0.016 0.016 0.017 0.028 0.071 0.197 0.575 1.009 1.211 1.269 1.392 1.850 2.176 2.402 2.589 2.803 3.044 3.320 3.477 3.647 5.767 8.174 9.986 11.212 12.094 12.661 13.151 13.471 13.530 13.427 13.198 12.789 12.183 11.720 11.457 11.445 11.975 13.076 14.667 16.390
0.000 0.000 0.000 0.000 0.000 0.000 0.000 0.000 0.000 0.000 0.000 0.000 0.000 0.000 0.000 0.000 0.000 0.000 0.000 0.000 0.001 0.003 0.007 0.013 0.022 0.033 0.047 0.058 0.065 0.069 0.070 0.070 0.069 0.064 0.054 0.040 0.030 0.025 0.024 0.026 0.042 0.109 0.277 0.762 1.240 1.394 1.410 1.790 2.095 2.299 2.427 2.557 2.751 2.971 3.211 3.336 3.435 5.276 7.249 8.697 9.814 10.447 10.915 11.295 11.479 11.463 11.266 10.927 10.376 9.691 9.262 9.211 9.525 10.353 11.674 13.239 14.936
0.000 0.000 0.000 0.000 0.000 0.000 0.000 0.000 0.000 0.000 0.000 0.000 0.000 0.000 0.000 0.000 0.000 0.000 0.000 0.000 0.002 0.006 0.012 0.021 0.034 0.050 0.069 0.085 0.095 0.101 0.102 0.102 0.100 0.095 0.083 0.063 0.045 0.036 0.035 0.044 0.066 0.154 0.400 0.863 1.376 1.516 1.742 1.984 2.164 2.288 2.381 2.488 2.659 2.863 3.039 3.106 3.127 4.448 6.328 7.481 8.238 8.503 8.739 8.992 9.138 9.135 8.957 8.634 8.159 7.669 7.428 7.511 8.032 9.017 10.312 11.744 13.313
0.000 0.000 0.000 0.000 0.000 0.000 0.000 0.000 0.000 0.000 0.000 0.000 0.000 0.000 0.000 0.000 0.000 0.000 0.000 0.000 0.002 0.007 0.017 0.031 0.050 0.073 0.100 0.121 0.136 0.143 0.146 0.146 0.146 0.142 0.129 0.104 0.071 0.060 0.070 0.097 0.146 0.233 0.500 0.938 1.420 1.779 1.945 2.042 2.135 2.217 2.304 2.367 2.496 2.656 2.766 2.737 2.648 3.607 5.217 6.302 6.813 6.845 6.780 6.766 6.784 6.767 6.706 6.539 6.240 6.003 5.951 6.126 6.747 7.730 8.939 10.244 11.604
0.000 0.000 0.000 0.000 0.000 0.000 0.000 0.000 0.000 0.000 0.000 0.000 0.000 0.000 0.000 0.000 0.000 0.000 0.000 0.000 0.002 0.008 0.022 0.044 0.071 0.104 0.140 0.169 0.189 0.199 0.209 0.217 0.218 0.216 0.202 0.170 0.118 0.122 0.151 0.211 0.308 0.485 0.821 1.298 1.732 1.932 1.999 2.033 2.073 2.124 2.139 2.108 2.182 2.256 2.284 2.201 2.094 2.568 3.826 4.969 5.401 5.364 5.206 5.028 4.911 4.852 4.813 4.725 4.584 4.521 4.591 4.904 5.525 6.419 7.448 8.538 9.650
0.000 0.000 0.000 0.000 0.000 0.000 0.000 0.000 0.000 0.000 0.000 0.000 0.000 0.000 0.000 0.000 0.000 0.000 0.000 0.000 0.001 0.007 0.023 0.053 0.095 0.143 0.192 0.231 0.257 0.273 0.309 0.330 0.335 0.333 0.315 0.272 0.227 0.256 0.324 0.441 0.625 0.961 1.390 1.701 1.861 1.941 1.979 2.007 2.009 1.962 1.839 1.739 1.700 1.682 1.660 1.622 1.710 1.889 2.491 3.448 3.921 3.992 3.896 3.731 3.573 3.456 3.357 3.250 3.181 3.175 3.288 3.651 4.323 4.997 5.822 6.732 7.781
0.000 0.000 0.000 0.000 0.000 0.000 0.000 0.000 0.000 0.000 0.000 0.000 0.000 0.000 0.000 0.000 0.000 0.000 0.000 0.000 0.001 0.005 0.021 0.055 0.109 0.178 0.252 0.307 0.343 0.395 0.487 0.533 0.542 0.535 0.500 0.429 0.464 0.543 0.684 0.892 1.165 1.507 1.762 1.860 1.882 1.901 1.937 1.929 1.842 1.726 1.514 1.365 1.303 1.291 1.319 1.365 1.434 1.531 1.694 2.177 2.618 2.806 2.822 2.755 2.640 2.485 2.301 2.124 2.039 2.025 2.079 2.292 2.724 3.347 4.119 5.086 6.159
0.000 0.000 0.000 0.000 0.000 0.000 0.000 0.000 0.000 0.000 0.000 0.000 0.000 0.000 0.000 0.000 0.000 0.000 0.000 0.000 0.000 0.003 0.016 0.051 0.112 0.197 0.305 0.395 0.450 0.557 0.782 0.893 0.905 0.881 0.805 0.835 0.934 1.101 1.315 1.508 1.671 1.828 1.898 1.893 1.882 1.862 1.810 1.703 1.665 1.498 1.194 1.016 0.919 0.928 1.001 1.098 1.179 1.239 1.313 1.425 1.623 1.841 1.934 1.930 1.871 1.737 1.522 1.299 1.180 1.138 1.134 1.191 1.389 1.802 2.453 3.543 4.518
0.000 0.000 0.000 0.000 0.000 0.000 0.000 0.000 0.000 0.000 0.000 0.000 0.000 0.000 0.000 0.000 0.000 0.000 0.000 0.000 0.000 0.001 0.009 0.038 0.102 0.199 0.331 0.482 0.581 0.689 0.978 1.294 1.380 1.344 1.274 1.349 1.502 1.671 1.807 1.900 1.948 1.965 1.934 1.909 1.858 1.756 1.593 1.475 1.403 1.166 0.890 0.656 0.517 0.498 0.581 0.731 0.871 0.958 1.009 1.032 1.044 1.112 1.212 1.233 1.202 1.104 0.923 0.722 0.604 0.547 0.519 0.515 0.572 0.775 1.209 2.230 2.850
0.000 0.000 0.000 0.000 0.000 0.000 0.000 0.000 0.000 0.000 0.000 0.000 0.000 0.000 0.000 0.000 0.000 0.000 0.000 0.000 0.000 0.001 0.003 0.020 0.075 0.180 0.330 0.533 0.713 0.828 1.053 1.410 1.648 1.700 1.657 1.634 1.787 1.912 2.017 2.066 2.066 2.017 1.969 1.888 1.758 1.571 1.359 1.179 1.046 0.900 0.754 0.546 0.325 0.238 0.257 0.349 0.494 0.624 0.707 0.719 0.694 0.670 0.676 0.690 0.666 0.601 0.486 0.358 0.278 0.233 0.209 0.201 0.206 0.266 0.431 0.751 0.908
0.000 0.000 0.000 0.000 0.000 0.000 0.000 0.000 0.000 0.000 0.000 0.000 0.000 0.000 0.000 0.000 0.000 0.000 0.000 0.000 0.001 0.004 0.009 0.019 0.040 0.128 0.291 0.528 0.797 0.976 1.102 1.292 1.643 1.801 1.824 1.810 1.858 1.992 2.091 2.116 2.100 2.062 1.963 1.810 1.599 1.373 1.187 1.044 0.920 0.801 0.663 0.455 0.254 0.133 0.117 0.139 0.211 0.300 0.383 0.428 0.415 0.382 0.353 0.325 0.302 0.267 0.215 0.159 0.122 0.099 0.086 0.081 0.081 0.092 0.135 0.201 0.220
0.000 0.000 0.000 0.000 0.000 0.000 0.000 0.000 0.000 0.000 0.000 0.000 0.000 0.000 0.000 0.000 0.000 0.000 0.000 0.001 0.004 0.011 0.023 0.046 0.087 0.162 0.287 0.472 0.789 1.061 1.193 1.266 1.417 1.691 1.813 1.831 1.930 2.022 2.091 2.115 2.112 2.055 1.910 1.670 1.436 1.248 1.079 0.945 0.834 0.725 0.571 0.352 0.183 0.095 0.069 0.064 0.080 0.115 0.155 0.186 0.192 0.172 0.152 0.136 0.117 0.103 0.087 0.069 0.056 0.046 0.040 0.038 0.037 0.039 0.049 0.059 0.061
0.000 0.000 0.000 0.000 0.000 0.000 0.000 0.000 0.000 0.000 0.000 0.000 0.000 0.000 0.000 0.000 0.000 0.000 0.001 0.004 0.012 0.028 0.057 0.106 0.188 0.324 0.526 0.769 0.990 1.133 1.240 1.290 1.388 1.482 1.690 1.865 1.969 2.028 2.056 2.087 2.079 2.006 1.818 1.526 1.306 1.147 1.010 0.892 0.781 0.648 0.461 0.257 0.123 0.079 0.052 0.040 0.039 0.045 0.056 0.068 0.072 0.066 0.058 0.052 0.047 0.043 0.038 0.033 0.028 0.024 0.022 0.021 0.020 0.021 0.023 0.026 0.026
0.000 0.000 0.000 0.000 0.000 0.000 0.000 0.000 0.000 0.000 0.000 0.000 0.000 0.000 0.000 0.000 0.000 0.001 0.004 0.012 0.031 0.070 0.136 0.238 0.395 0.634 0.899 1.105 1.222 1.266 1.272 1.283 1.324 1.522 1.782 1.913 1.983 2.023 2.038 2.043 2.014 1.909 1.677 1.386 1.197 1.056 0.944 0.842 0.723 0.560 0.347 0.177 0.099 0.065 0.044 0.031 0.025 0.024 0.025 0.028 0.030 0.028 0.026 0.024 0.023 0.022 0.020 0.018 0.016 0.014 0.013 0.013 0.013 0.013 0.014 0.014 0.015
0.000 0.000 0.000 0.000 0.000 0.000 0.000 0.000 0.000 0.000 0.000 0.000 0.000 0.000 0.000 0.000 0.001 0.003 0.010 0.031 0.078 0.168 0.313 0.517 0.794 1.093 1.287 1.364 1.374 1.328 1.290 1.265 1.252 1.625 1.848 1.952 1.993 2.004 2.018 2.006 1.941 1.778 1.504 1.262 1.104 0.984 0.884 0.782 0.647 0.456 0.248 0.114 0.078 0.053 0.036 0.025 0.019 0.016 0.015 0.015 0.015 0.015 0.014 0.014 0.013 0.013 0.012 0.011 0.010 0.009 0.009 0.008 0.008 0.008 0.008 0.009 0.009
0.000 0.000 0.000 0.000 0.000 0.000 0.000 0.000 0.000 0.000 0.000 0.000 0.000 0.000 0.000 0.000 0.001 0.007 0.024 0.071 0.179 0.382 0.688 1.019 1.308 1.486 1.548 1.529 1.447 1.382 1.285 1.171 1.338 1.712 1.895 1.965 1.987 1.997 1.987 1.942 1.836 1.633 1.360 1.163 1.021 0.921 0.834 0.723 0.563 0.344 0.170 0.086 0.060 0.041 0.028 0.019 0.014 0.011 0.010 0.009 0.009 0.009 0.009 0.008 0.008 0.008 0.008 0.007 0.006 0.006 0.005 0.005 0.005 0.005 0.005 0.005 0.005
0.000 0.000 0.000 0.000 0.000 0.000 0.000 0.000 0.000 0.000 0.000 0.000 0.000 0.000 0.000 0.001 0.004 0.014 0.047 0.137 0.345 0.729 1.185 1.495 1.659 1.713 1.691 1.612 1.518 1.376 1.181 1.072 1.472 1.786 1.930 1.972 1.978 1.982 1.956 1.875 1.718 1.496 1.255 1.073 0.954 0.868 0.781 0.652 0.459 0.250 0.113 0.064 0.044 0.030 0.020 0.014 0.009 0.007 0.006 0.005 0.005 0.005 0.005 0.005 0.005 0.004 0.004 0.004 0.004 0.003 0.003 0.003 0.003 0.003 0.003 0.003 0.002
0.000 0.000 0.000 0.000 0.000 0.000 0.000 0.000 0.000 0.000 0.000 0.000 0.000 0.000 0.000 0.002 0.008 0.027 0.086 0.240 0.576 1.123 1.557 1.765 1.825 1.807 1.755 1.663 1.501 1.256 0.961 1.175 1.609 1.854 1.946 1.965 1.970 1.958 1.907 1.787 1.611 1.397 1.175 0.999 0.903 0.825 0.720 0.563 0.349 0.177 0.076 0.045 0.030 0.019 0.012 0.008 0.005 0.004 0.003 0.002 0.002 0.002 0.002 0.002 0.002 0.002 0.002 0.002 0.002 0.002 0.001 0.001 0.001 0.001 0.001 0.001 0.001
0.000 0.000 0.000 0.000 0.000 0.000 0.000 0.000 0.000 0.000 0.000 0.000 0.000 0.000 0.001 0.004 0.014 0.049 0.146 0.379 0.853 1.433 1.755 1.870 1.873 1.846 1.770 1.609 1.330 0.978 1.002 1.303 1.711 1.917 1.970 1.967 1.956 1.915 1.828 1.688 1.507 1.297 1.093 0.963 0.878 0.791 0.664 0.470 0.264 0.125 0.049 0.026 0.017 0.010 0.006 0.004 0.002 0.001 0.001 0.001 0.001 0.001 0.001 0.001 0.001 0.001 0.001 0.001 0.001 0.000 0.000 0.000 0.000 0.000 0.000 0.000 0.000
0.000 0.000 0.000 0.000 0.000 0.000 0.000 0.000 0.000 0.000 0.000 0.000 0.000 0.000 0.001 0.007 0.026 0.082 0.225 0.545 1.122 1.617 1.826 1.879 1.885 1.840 1.686 1.383 1.021 0.925 1.075 1.454 1.781 1.941 1.980 1.978 1.947 1.870 1.746 1.589 1.408 1.197 1.029 0.944 0.870 0.762 0.598 0.383 0.200 0.087 0.031 0.011 0.007 0.004 0.002 0.001 0.001 0.000 0.000 0.000 0.000 0.000 0.000 0.000 0.000 0.000 0.000 0.000 0.000 0.000 0.000 0.000 0.000 0.000 0.000 0.000 0.000
0.000 0.000 0.000 0.000 0.000 0.000 0.000 0.000 0.000 0.000 0.000 0.000 0.000 0.000 0.003 0.012 0.042 0.124 0.319 0.720 1.322 1.708 1.832 1.859 1.860 1.768 1.505 1.113 0.923 0.910 1.165 1.569 1.829 1.937 1.968 1.971 1.922 1.815 1.662 1.488 1.301 1.102 0.998 0.933 0.855 0.730 0.534 0.310 0.150 0.060 0.020 0.005 0.002 0.001 0.001 0.000 0.000 0.000 0.000 0.000 0.000 0.000 0.000 0.000 0.000 0.000 0.000 0.000 0.000 0.000 0.000 0.000 0.000 0.000 0.000 0.000 0.000
0.000 0.000 0.000 0.000 0.000 0.000 0.000 0.000 0.000 0.000 0.000 0.000 0.000 0.001 0.004 0.018 0.061 0.176 0.431 0.894 1.451 1.738 1.817 1.834 1.804 1.636 1.265 0.952 0.865 0.926 1.250 1.634 1.856 1.923 1.946 1.944 1.885 1.756 1.587 1.396 1.170 1.038 0.981 0.931 0.840 0.686 0.464 0.252 0.114 0.042 0.012 0.003 0.001 0.000 0.000 0.000 0.000 0.000 0.000 0.000 0.000 0.000 0.000 0.000 0.000 0.000 0.000 0.000 0.000 0.000 0.000 0.000 0.000 0.000 0.000 0.000 0.000
0.000 0.000 0.000 0.000 0.000 0.000 0.000 0.000 0.000 0.000 0.000 0.000 0.000 0.001 0.006 0.024 0.084 0.234 0.550 1.069 1.524 1.724 1.783 1.799 1.718 1.450 1.058 0.860 0.823 0.952 1.338 1.692 1.881 1.934 1.930 1.905 1.821 1.687 1.511 1.289 1.080 1.005 0.974 0.924 0.817 0.638 0.397 0.201 0.084 0.028 0.007 0.002 0.000 0.000 0.000 0.000 0.000 0.000 0.000 0.000 0.000 0.000 0.000 0.000 0.000 0.000 0.000 0.000 0.000 0.000 0.000 0.000 0.000 0.000 0.000 0.000 0.000
0.000 0.000 0.000 0.000 0.000 0.000 0.000 0.000 0.000 0.000 0.000 0.000 0.000 0.001 0.008 0.032 0.107 0.296 0.681 1.214 1.564 1.692 1.739 1.733 1.583 1.221 0.919 0.802 0.787 0.981 1.394 1.744 1.900 1.933 1.929 1.868 1.751 1.598 1.404 1.153 1.019 0.987 0.965 0.910 0.784 0.579 0.333 0.156 0.059 0.017 0.004 0.001 0.000 0.000 0.000 0.000 0.000 0.000 0.000 0.000 0.000 0.000 0.000 0.000 0.000 0.000 0.000 0.000 0.000 0.000 0.000 0.000 0.000 0.000 0.000 0.000 0.000
0.000 0.000 0.000 0.000 0.000 0.000 0.000 0.000 0.000 0.000 0.000 0.000 0.000 0.002 0.009 0.038 0.129 0.363 0.821 1.319 1.573 1.644 1.679 1.628 1.392 1.018 0.814 0.753 0.763 1.018 1.439 1.773 1.919 1.942 1.927 1.848 1.704 1.505 1.265 1.045 0.977 0.971 0.953 0.885 0.744 0.517 0.274 0.119 0.041 0.011 0.002 0.000 0.000 0.000 0.000 0.000 0.000 0.000 0.000 0.000 0.000 0.000 0.000 0.000 0.000 0.000 0.000 0.000 0.000 0.000 0.000 0.000 0.000 0.000 0.000 0.000 0.000
0.000 0.000 0.000 0.000 0.000 0.000 0.000 0.000 0.000 0.000 0.000 0.000 0.000 0.002 0.010 0.045 0.151 0.428 0.962 1.411 1.585 1.610 1.616 1.504 1.183 0.871 0.734 0.700 0.746 1.055 1.508 1.813 1.929 1.941 1.926 1.829 1.648 1.413 1.157 0.999 0.970 0.966 0.942 0.856 0.690 0.448 0.217 0.086 0.026 0.006 0.001 0.000 0.000 0.000 0.000 0.000 0.000 0.000 0.000 0.000 0.000 0.000 0.000 0.000 0.000 0.000 0.000 0.000 0.000 0.000 0.000 0.000 0.000 0.000 0.000 0.000 0.000
