RESULTS/r.avaflow_results/31_results/31_ascii/31_hflow_max0059.asc
ncols 506
nrows 317
xllcenter 498237.50
yllcenter 5580050.00
cellsize 12.50
NODATA_value -9999.000
[rows 170 to 203 of 317, columns 77 to 153 of 506]
0.000 0.000 0.000 0.000 0.000 0.000 0.000 0.000 0.000 0.000 0.000 0.000 0.000 0.000 0.000 0.000 0.000 0.000 0.000 0.000 0.000 0.000 0.000 0.000 0.000 0.000 0.000 0.000 0.000 0.000 0.000 0.000 0.000 0.000 0.000 0.000 0.000 0.000 0.000 0.000 0.000 0.000 0.000 0.000 0.001 0.002 0.003 0.006 0.011 0.020 0.042 0.114 0.330 0.811 1.526 2.473 4.195 7.398 10.125 12.566 14.555 15.984 16.849 17.145 17.035 16.530 16.013 15.479 15.020 14.265 13.092 11.836 11.047 10.895 10.846 10.836 10.899
0.000 0.000 0.000 0.000 0.000 0.000 0.000 0.000 0.000 0.000 0.000 0.000 0.000 0.000 0.000 0.000 0.000 0.000 0.000 0.000 0.000 0.000 0.000 0.000 0.000 0.000 0.000 0.000 0.000 0.000 0.000 0.000 0.000 0.000 0.000 0.000 0.000 0.000 0.000 0.000 0.000 0.000 0.000 0.001 0.003 0.005 0.008 0.014 0.028 0.062 0.147 0.360 0.790 1.436 2.240 4.263 6.530 9.152 11.768 14.101 15.855 16.746 17.340 17.456 17.309 16.888 16.164 15.411 14.661 13.937 13.135 13.181 13.274 13.335 13.489 13.823 14.300
0.000 0.000 0.000 0.000 0.000 0.000 0.000 0.000 0.000 0.000 0.000 0.000 0.000 0.000 0.000 0.000 0.000 0.000 0.000 0.000 0.001 0.001 0.001 0.001 0.001 0.001 0.001 0.001 0.001 0.001 0.001 0.001 0.001 0.001 0.000 0.000 0.000 0.000 0.000 0.000 0.000 0.001 0.002 0.004 0.007 0.013 0.022 0.046 0.100 0.221 0.454 0.849 1.333 1.866 2.546 4.804 7.174 9.804 12.329 14.525 16.133 16.961 17.337 17.429 17.284 16.742 15.947 15.275 14.949 14.874 14.781 14.752 14.648 14.734 15.106 15.982 17.236
0.000 0.000 0.000 0.000 0.000 0.000 0.000 0.000 0.000 0.000 0.000 0.000 0.000 0.000 0.000 0.000 0.000 0.000 0.001 0.002 0.003 0.004 0.005 0.005 0.005 0.005 0.005 0.005 0.005 0.005 0.005 0.004 0.004 0.003 0.002 0.002 0.001 0.001 0.000 0.000 0.001 0.002 0.006 0.011 0.019 0.035 0.077 0.159 0.312 0.586 0.960 1.350 1.761 2.184 2.695 4.529 6.932 9.643 12.143 14.244 15.861 16.744 17.077 17.134 16.932 16.484 16.070 16.063 16.085 16.044 15.828 15.550 15.507 15.697 16.375 17.774 19.421
0.000 0.000 0.000 0.000 0.000 0.000 0.000 0.000 0.000 0.000 0.000 0.000 0.000 0.000 0.000 0.000 0.000 0.001 0.002 0.005 0.008 0.010 0.011 0.012 0.012 0.012 0.012 0.012 0.012 0.012 0.012 0.011 0.010 0.008 0.005 0.004 0.003 0.002 0.002 0.002 0.002 0.006 0.014 0.026 0.047 0.117 0.238 0.425 0.700 1.027 1.337 1.932 2.401 2.744 3.093 3.744 5.829 8.752 11.467 13.732 15.241 16.101 16.629 16.736 16.683 16.746 16.768 16.746 16.692 16.533 16.252 15.925 16.077 16.766 17.676 18.856 20.169
0.000 0.000 0.000 0.000 0.000 0.000 0.000 0.000 0.000 0.000 0.000 0.000 0.000 0.000 0.000 0.000 0.000 0.002 0.005 0.010 0.014 0.018 0.020 0.022 0.022 0.023 0.023 0.023 0.023 0.022 0.022 0.020 0.018 0.014 0.010 0.007 0.005 0.004 0.004 0.004 0.006 0.014 0.029 0.056 0.148 0.326 0.560 0.822 1.083 1.312 1.805 2.410 2.831 3.147 3.371 3.609 4.571 7.479 10.491 12.881 14.373 15.260 15.814 16.137 16.493 16.729 16.960 16.811 16.769 16.631 16.347 16.122 16.131 16.837 17.651 18.662 19.834
0.000 0.000 0.000 0.000 0.000 0.000 0.000 0.000 0.000 0.000 0.000 0.000 0.000 0.000 0.000 0.000 0.001 0.004 0.009 0.016 0.024 0.029 0.033 0.035 0.036 0.037 0.037 0.037 0.037 0.036 0.035 0.032 0.029 0.023 0.016 0.011 0.008 0.007 0.006 0.006 0.011 0.026 0.057 0.150 0.384 0.688 0.943 1.136 1.304 1.615 2.195 2.692 3.067 3.371 3.557 3.688 4.079 6.735 9.750 12.060 13.575 14.417 15.017 15.535 16.054 16.392 16.566 16.517 16.365 16.111 15.708 15.362 15.328 15.679 16.593 17.667 19.028
0.000 0.000 0.000 0.000 0.000 0.000 0.000 0.000 0.000 0.000 0.000 0.000 0.000 0.000 0.000 0.000 0.001 0.005 0.012 0.022 0.035 0.044 0.049 0.052 0.054 0.055 0.055 0.055 0.055 0.054 0.052 0.049 0.043 0.035 0.025 0.017 0.013 0.011 0.010 0.011 0.018 0.045 0.111 0.352 0.748 1.053 1.215 1.327 1.535 2.066 2.502 2.858 3.169 3.457 3.679 3.773 3.923 6.211 9.161 11.295 12.679 13.594 14.223 14.788 15.266 15.471 15.498 15.329 15.032 14.620 14.086 13.838 13.800 14.131 15.027 16.309 17.819
0.000 0.000 0.000 0.000 0.000 0.000 0.000 0.000 0.000 0.000 0.000 0.000 0.000 0.000 0.000 0.000 0.001 0.005 0.013 0.025 0.044 0.060 0.069 0.074 0.077 0.078 0.078 0.078 0.077 0.076 0.073 0.069 0.062 0.051 0.036 0.025 0.019 0.017 0.016 0.018 0.028 0.072 0.209 0.609 1.070 1.300 1.390 1.515 2.015 2.393 2.678 2.923 3.181 3.442 3.693 3.764 3.801 5.767 8.317 10.197 11.512 12.484 13.083 13.552 13.820 13.828 13.677 13.406 12.960 12.322 11.833 11.548 11.517 12.032 13.122 14.703 16.418
0.000 0.000 0.000 0.000 0.000 0.000 0.000 0.000 0.000 0.000 0.000 0.000 0.000 0.000 0.000 0.000 0.001 0.005 0.012 0.026 0.048 0.076 0.093 0.101 0.104 0.105 0.106 0.105 0.105 0.103 0.100 0.094 0.085 0.071 0.054 0.040 0.030 0.025 0.024 0.026 0.042 0.109 0.280 0.781 1.282 1.465 1.516 1.918 2.270 2.530 2.720 2.912 3.155 3.405 3.629 3.678 3.646 5.276 7.401 8.925 10.133 10.843 11.334 11.688 11.821 11.755 11.511 11.131 10.545 9.829 9.375 9.302 9.598 10.411 11.720 13.276 14.964
0.000 0.000 0.000 0.000 0.000 0.000 0.000 0.000 0.000 0.000 0.000 0.000 0.000 0.000 0.000 0.000 0.001 0.004 0.010 0.022 0.045 0.081 0.115 0.131 0.136 0.138 0.139 0.139 0.138 0.136 0.132 0.125 0.114 0.097 0.083 0.064 0.045 0.037 0.035 0.044 0.066 0.155 0.403 0.875 1.410 1.580 1.837 2.119 2.349 2.531 2.687 2.858 3.088 3.331 3.506 3.512 3.414 4.471 6.502 7.741 8.588 8.911 9.155 9.374 9.470 9.420 9.197 8.834 8.325 7.806 7.540 7.603 8.107 9.077 10.360 11.782 13.343
0.000 0.000 0.000 0.000 0.000 0.000 0.000 0.000 0.000 0.000 0.000 0.000 0.000 0.000 0.000 0.000 0.000 0.001 0.005 0.013 0.033 0.073 0.126 0.158 0.172 0.177 0.178 0.179 0.178 0.176 0.172 0.163 0.150 0.142 0.129 0.104 0.071 0.061 0.071 0.097 0.146 0.234 0.502 0.951 1.453 1.842 2.043 2.182 2.324 2.463 2.611 2.742 2.937 3.150 3.278 3.218 3.039 3.721 5.428 6.609 7.200 7.267 7.191 7.133 7.102 7.041 6.939 6.733 6.402 6.139 6.064 6.220 6.825 7.793 8.990 10.284 11.635
0.000 0.000 0.000 0.000 0.000 0.000 0.000 0.000 0.000 0.000 0.000 0.000 0.000 0.000 0.000 0.000 0.000 0.000 0.001 0.004 0.016 0.052 0.117 0.174 0.205 0.219 0.224 0.225 0.226 0.224 0.220 0.217 0.218 0.216 0.202 0.170 0.118 0.122 0.151 0.211 0.308 0.485 0.823 1.308 1.763 1.993 2.097 2.169 2.251 2.352 2.423 2.460 2.607 2.751 2.826 2.749 2.611 2.938 4.094 5.326 5.819 5.800 5.619 5.388 5.219 5.113 5.035 4.913 4.741 4.654 4.704 5.001 5.607 6.487 7.503 8.581 9.684
0.000 0.000 0.000 0.000 0.000 0.000 0.000 0.000 0.000 0.000 0.000 0.000 0.000 0.000 0.000 0.000 0.000 0.000 0.000 0.001 0.006 0.029 0.092 0.174 0.228 0.261 0.276 0.281 0.283 0.282 0.309 0.330 0.335 0.333 0.315 0.273 0.228 0.256 0.324 0.441 0.625 0.961 1.391 1.707 1.882 1.990 2.065 2.126 2.157 2.147 2.068 2.024 2.054 2.115 2.166 2.173 2.376 2.600 2.925 3.846 4.364 4.442 4.318 4.098 3.884 3.715 3.573 3.430 3.332 3.305 3.401 3.749 4.409 5.070 5.881 6.780 7.818
0.000 0.000 0.000 0.000 0.000 0.000 0.000 0.000 0.000 0.000 0.000 0.000 0.000 0.000 0.000 0.000 0.000 0.000 0.000 0.000 0.002 0.013 0.060 0.153 0.236 0.294 0.332 0.348 0.356 0.396 0.487 0.533 0.542 0.535 0.501 0.429 0.465 0.543 0.685 0.892 1.165 1.507 1.762 1.862 1.892 1.931 1.999 2.021 1.958 1.861 1.669 1.545 1.528 1.587 1.702 1.879 2.088 2.287 2.501 2.706 3.085 3.272 3.257 3.135 2.960 2.749 2.516 2.300 2.184 2.148 2.187 2.388 2.809 3.421 4.181 5.137 6.199
0.000 0.000 0.000 0.000 0.000 0.000 0.000 0.000 0.000 0.000 0.000 0.000 0.000 0.000 0.000 0.000 0.000 0.000 0.000 0.000 0.001 0.005 0.031 0.109 0.218 0.310 0.384 0.430 0.453 0.557 0.782 0.893 0.905 0.881 0.805 0.835 0.934 1.101 1.315 1.508 1.671 1.828 1.899 1.893 1.887 1.878 1.847 1.765 1.743 1.584 1.283 1.108 1.023 1.064 1.213 1.478 1.733 1.958 2.136 2.251 2.305 2.326 2.386 2.326 2.203 2.009 1.835 1.610 1.394 1.252 1.228 1.272 1.462 1.870 2.514 3.594 4.561
0.000 0.000 0.000 0.000 0.000 0.000 0.000 0.000 0.000 0.000 0.000 0.000 0.000 0.000 0.000 0.000 0.000 0.000 0.000 0.000 0.000 0.002 0.013 0.062 0.169 0.297 0.414 0.515 0.582 0.689 0.978 1.294 1.380 1.344 1.274 1.349 1.502 1.671 1.808 1.901 1.949 1.965 1.934 1.909 1.861 1.764 1.612 1.511 1.451 1.216 0.938 0.699 0.559 0.549 0.678 0.993 1.338 1.609 1.782 1.867 1.895 1.883 1.837 1.761 1.671 1.561 1.407 1.200 0.980 0.796 0.650 0.568 0.616 0.818 1.254 2.274 2.889
0.000 0.000 0.000 0.000 0.000 0.000 0.000 0.000 0.000 0.000 0.000 0.000 0.000 0.000 0.000 0.000 0.000 0.000 0.000 0.000 0.000 0.001 0.004 0.028 0.107 0.248 0.406 0.569 0.715 0.828 1.053 1.410 1.648 1.700 1.657 1.634 1.787 1.913 2.017 2.066 2.067 2.017 1.970 1.889 1.759 1.575 1.369 1.198 1.073 0.928 0.780 0.568 0.343 0.259 0.294 0.501 0.869 1.201 1.409 1.504 1.529 1.512 1.470 1.399 1.303 1.182 1.036 0.867 0.683 0.504 0.359 0.266 0.228 0.285 0.451 0.771 0.928
0.000 0.000 0.000 0.000 0.000 0.000 0.000 0.000 0.000 0.000 0.000 0.000 0.000 0.000 0.000 0.000 0.000 0.000 0.000 0.000 0.001 0.004 0.009 0.019 0.051 0.166 0.353 0.574 0.800 0.976 1.102 1.293 1.643 1.801 1.824 1.810 1.859 1.992 2.091 2.117 2.100 2.063 1.964 1.811 1.600 1.376 1.193 1.055 0.936 0.818 0.679 0.469 0.265 0.152 0.137 0.203 0.416 0.721 0.977 1.112 1.159 1.158 1.130 1.067 0.965 0.836 0.708 0.579 0.445 0.303 0.191 0.125 0.096 0.099 0.141 0.207 0.225
0.000 0.000 0.000 0.000 0.000 0.000 0.000 0.000 0.000 0.000 0.000 0.000 0.000 0.000 0.000 0.000 0.000 0.000 0.000 0.001 0.004 0.011 0.023 0.046 0.087 0.162 0.287 0.493 0.804 1.061 1.193 1.266 1.417 1.691 1.813 1.831 1.930 2.022 2.091 2.115 2.112 2.056 1.910 1.670 1.437 1.250 1.084 0.953 0.845 0.736 0.582 0.362 0.191 0.123 0.099 0.102 0.162 0.309 0.503 0.648 0.720 0.746 0.742 0.704 0.625 0.516 0.417 0.330 0.245 0.158 0.093 0.059 0.045 0.043 0.051 0.061 0.062
0.000 0.000 0.000 0.000 0.000 0.000 0.000 0.000 0.000 0.000 0.000 0.000 0.000 0.000 0.000 0.000 0.000 0.000 0.001 0.004 0.012 0.028 0.057 0.106 0.188 0.324 0.526 0.769 0.990 1.133 1.240 1.290 1.389 1.483 1.690 1.866 1.970 2.028 2.057 2.088 2.079 2.007 1.818 1.526 1.307 1.149 1.014 0.897 0.788 0.656 0.469 0.264 0.181 0.128 0.095 0.080 0.081 0.116 0.188 0.257 0.297 0.315 0.320 0.312 0.282 0.228 0.176 0.136 0.101 0.067 0.042 0.029 0.024 0.023 0.025 0.027 0.027
0.000 0.000 0.000 0.000 0.000 0.000 0.000 0.000 0.000 0.000 0.000 0.000 0.000 0.000 0.000 0.000 0.000 0.001 0.004 0.012 0.031 0.070 0.136 0.238 0.395 0.634 0.899 1.105 1.222 1.266 1.272 1.283 1.324 1.522 1.782 1.913 1.983 2.023 2.039 2.043 2.015 1.910 1.678 1.387 1.198 1.058 0.946 0.846 0.728 0.566 0.352 0.232 0.194 0.143 0.102 0.076 0.063 0.060 0.070 0.086 0.095 0.099 0.098 0.096 0.088 0.074 0.059 0.048 0.038 0.029 0.021 0.017 0.015 0.014 0.015 0.015 0.015
0.000 0.000 0.000 0.000 0.000 0.000 0.000 0.000 0.000 0.000 0.000 0.000 0.000 0.000 0.000 0.000 0.001 0.003 0.010 0.031 0.078 0.168 0.313 0.517 0.794 1.093 1.287 1.364 1.374 1.328 1.290 1.266 1.252 1.625 1.849 1.952 1.993 2.004 2.019 2.007 1.942 1.779 1.504 1.263 1.105 0.985 0.886 0.785 0.650 0.460 0.254 0.235 0.201 0.154 0.111 0.079 0.058 0.045 0.038 0.035 0.034 0.034 0.034 0.033 0.030 0.027 0.023 0.020 0.017 0.015 0.012 0.011 0.010 0.009 0.010 0.010 0.010
0.000 0.000 0.000 0.000 0.000 0.000 0.000 0.000 0.000 0.000 0.000 0.000 0.000 0.000 0.000 0.000 0.001 0.007 0.024 0.071 0.179 0.382 0.688 1.019 1.308 1.486 1.548 1.529 1.447 1.382 1.285 1.171 1.338 1.712 1.895 1.965 1.988 1.997 1.987 1.942 1.836 1.634 1.360 1.163 1.022 0.922 0.835 0.724 0.565 0.346 0.257 0.237 0.203 0.156 0.111 0.078 0.053 0.035 0.025 0.019 0.017 0.016 0.016 0.016 0.015 0.014 0.012 0.011 0.010 0.009 0.007 0.007 0.006 0.006 0.006 0.006 0.006
0.000 0.000 0.000 0.000 0.000 0.000 0.000 0.000 0.000 0.000 0.000 0.000 0.000 0.000 0.000 0.001 0.004 0.014 0.047 0.137 0.345 0.729 1.185 1.495 1.659 1.713 1.691 1.612 1.518 1.376 1.181 1.073 1.472 1.786 1.930 1.972 1.978 1.982 1.956 1.875 1.718 1.496 1.255 1.073 0.955 0.869 0.781 0.653 0.460 0.251 0.247 0.229 0.196 0.148 0.101 0.067 0.042 0.024 0.014 0.010 0.009 0.008 0.008 0.008 0.008 0.008 0.007 0.006 0.006 0.005 0.004 0.004 0.004 0.004 0.003 0.003 0.003
0.000 0.000 0.000 0.000 0.000 0.000 0.000 0.000 0.000 0.000 0.000 0.000 0.000 0.000 0.000 0.002 0.008 0.027 0.086 0.240 0.576 1.123 1.557 1.765 1.825 1.807 1.755 1.663 1.501 1.256 0.961 1.175 1.609 1.854 1.946 1.965 1.970 1.958 1.907 1.787 1.611 1.397 1.176 1.000 0.903 0.825 0.721 0.564 0.350 0.206 0.201 0.186 0.158 0.114 0.071 0.041 0.022 0.011 0.006 0.004 0.004 0.004 0.004 0.004 0.004 0.004 0.004 0.003 0.003 0.003 0.002 0.002 0.002 0.002 0.002 0.002 0.002
0.000 0.000 0.000 0.000 0.000 0.000 0.000 0.000 0.000 0.000 0.000 0.000 0.000 0.000 0.001 0.004 0.014 0.049 0.146 0.379 0.853 1.433 1.755 1.870 1.873 1.846 1.770 1.609 1.330 0.978 1.002 1.303 1.711 1.917 1.970 1.967 1.956 1.915 1.828 1.688 1.507 1.298 1.093 0.963 0.879 0.792 0.664 0.471 0.265 0.141 0.133 0.117 0.089 0.057 0.030 0.015 0.007 0.003 0.002 0.002 0.002 0.002 0.002 0.002 0.002 0.002 0.002 0.002 0.001 0.001 0.001 0.001 0.001 0.001 0.001 0.001 0.001
0.000 0.000 0.000 0.000 0.000 0.000 0.000 0.000 0.000 0.000 0.000 0.000 0.000 0.000 0.001 0.007 0.026 0.082 0.225 0.545 1.122 1.617 1.826 1.879 1.885 1.840 1.686 1.383 1.021 0.925 1.075 1.454 1.781 1.941 1.980 1.978 1.947 1.870 1.746 1.589 1.408 1.198 1.030 0.945 0.870 0.762 0.599 0.383 0.201 0.088 0.054 0.045 0.032 0.018 0.009 0.004 0.002 0.001 0.001 0.001 0.001 0.001 0.001 0.001 0.001 0.001 0.001 0.001 0.000 0.000 0.000 0.000 0.000 0.000 0.000 0.000 0.000
0.000 0.000 0.000 0.000 0.000 0.000 0.000 0.000 0.000 0.000 0.000 0.000 0.000 0.000 0.003 0.012 0.042 0.124 0.319 0.720 1.322 1.708 1.832 1.859 1.860 1.768 1.505 1.113 0.923 0.910 1.165 1.569 1.829 1.937 1.968 1.971 1.922 1.815 1.662 1.489 1.301 1.102 0.998 0.933 0.856 0.731 0.534 0.310 0.150 0.060 0.020 0.011 0.007 0.004 0.002 0.001 0.001 0.000 0.000 0.000 0.000 0.000 0.000 0.000 0.000 0.000 0.000 0.000 0.000 0.000 0.000 0.000 0.000 0.000 0.000 0.000 0.000
0.000 0.000 0.000 0.000 0.000 0.000 0.000 0.000 0.000 0.000 0.000 0.000 0.000 0.001 0.004 0.018 0.061 0.176 0.431 0.894 1.451 1.738 1.817 1.834 1.804 1.636 1.265 0.952 0.865 0.926 1.250 1.634 1.856 1.923 1.946 1.944 1.885 1.756 1.587 1.396 1.170 1.038 0.981 0.931 0.840 0.686 0.465 0.252 0.114 0.042 0.013 0.003 0.002 0.001 0.001 0.000 0.000 0.000 0.000 0.000 0.000 0.000 0.000 0.000 0.000 0.000 0.000 0.000 0.000 0.000 0.000 0.000 0.000 0.000 0.000 0.000 0.000
0.000 0.000 0.000 0.000 0.000 0.000 0.000 0.000 0.000 0.000 0.000 0.000 0.000 0.001 0.006 0.024 0.084 0.234 0.550 1.069 1.524 1.724 1.783 1.799 1.718 1.450 1.058 0.860 0.823 0.952 1.338 1.692 1.881 1.934 1.930 1.905 1.821 1.687 1.511 1.289 1.080 1.005 0.974 0.924 0.817 0.638 0.397 0.201 0.084 0.028 0.008 0.002 0.000 0.000 0.000 0.000 0.000 0.000 0.000 0.000 0.000 0.000 0.000 0.000 0.000 0.000 0.000 0.000 0.000 0.000 0.000 0.000 0.000 0.000 0.000 0.000 0.000
0.000 0.000 0.000 0.000 0.000 0.000 0.000 0.000 0.000 0.000 0.000 0.000 0.000 0.001 0.008 0.032 0.107 0.296 0.681 1.214 1.564 1.692 1.739 1.733 1.583 1.221 0.919 0.802 0.787 0.981 1.394 1.744 1.900 1.933 1.929 1.868 1.751 1.598 1.404 1.153 1.019 0.987 0.965 0.910 0.784 0.579 0.333 0.156 0.059 0.018 0.004 0.001 0.000 0.000 0.000 0.000 0.000 0.000 0.000 0.000 0.000 0.000 0.000 0.000 0.000 0.000 0.000 0.000 0.000 0.000 0.000 0.000 0.000 0.000 0.000 0.000 0.000
0.000 0.000 0.000 0.000 0.000 0.000 0.000 0.000 0.000 0.000 0.000 0.000 0.000 0.002 0.009 0.038 0.129 0.363 0.821 1.319 1.573 1.644 1.679 1.628 1.392 1.018 0.814 0.753 0.763 1.018 1.439 1.773 1.919 1.942 1.927 1.848 1.704 1.505 1.265 1.045 0.977 0.971 0.953 0.885 0.744 0.517 0.274 0.119 0.041 0.011 0.002 0.000 0.000 0.000 0.000 0.000 0.000 0.000 0.000 0.000 0.000 0.000 0.000 0.000 0.000 0.000 0.000 0.000 0.000 0.000 0.000 0.000 0.000 0.000 0.000 0.000 0.000
0.000 0.000 0.000 0.000 0.000 0.000 0.000 0.000 0.000 0.000 0.000 0.000 0.000 0.002 0.010 0.045 0.151 0.428 0.962 1.411 1.585 1.610 1.616 1.504 1.183 0.871 0.734 0.700 0.746 1.055 1.508 1.813 1.929 1.941 1.926 1.829 1.648 1.413 1.157 0.999 0.970 0.966 0.942 0.856 0.690 0.448 0.218 0.086 0.026 0.006 0.001 0.000 0.000 0.000 0.000 0.000 0.000 0.000 0.000 0.000 0.000 0.000 0.000 0.000 0.000 0.000 0.000 0.000 0.000 0.000 0.000 0.000 0.000 0.000 0.000 0.000 0.000
