RESULTS/r.avaflow_results/31_results/31_ascii/31_hflow10018.asc
ncols 506
nrows 317
xllcenter 498237.50
yllcenter 5580050.00
cellsize 12.50
NODATA_value -9999.000
[rows 170 to 203 of 317, columns 77 to 153 of 506]
0.000 0.000 0.000 0.000 0.000 0.000 0.000 0.000 0.000 0.000 0.000 0.000 0.000 0.000 0.000 0.000 0.000 0.000 0.000 0.000 0.000 0.000 0.000 0.000 0.000 0.000 0.000 0.000 0.000 0.000 0.000 0.000 0.000 0.000 0.000 0.000 0.000 0.000 0.000 0.000 0.000 0.000 0.000 0.000 0.000 0.000 0.001 0.001 0.003 0.005 0.009 0.017 0.039 0.087 0.158 0.210 0.251 0.292 0.313 0.301 0.260 0.199 0.141 0.097 0.066 0.044 0.029 0.019 0.012 0.008 0.005 0.003 0.002 0.001 0.001 0.001 0.000
0.000 0.000 0.000 0.000 0.000 0.000 0.000 0.000 0.000 0.000 0.000 0.000 0.000 0.000 0.000 0.000 0.000 0.000 0.000 0.000 0.000 0.000 0.000 0.000 0.000 0.000 0.000 0.000 0.000 0.000 0.000 0.000 0.000 0.000 0.000 0.000 0.000 0.000 0.000 0.000 0.000 0.000 0.000 0.000 0.000 0.001 0.002 0.004 0.008 0.015 0.030 0.065 0.131 0.233 0.340 0.405 0.437 0.450 0.440 0.397 0.328 0.243 0.173 0.121 0.083 0.056 0.037 0.025 0.016 0.010 0.007 0.004 0.003 0.002 0.001 0.001 0.000
0.000 0.000 0.000 0.000 0.000 0.000 0.000 0.000 0.000 0.000 0.000 0.000 0.000 0.000 0.000 0.000 0.000 0.000 0.000 0.000 0.000 0.000 0.000 0.000 0.000 0.000 0.000 0.000 0.000 0.000 0.000 0.000 0.000 0.000 0.000 0.000 0.000 0.000 0.000 0.000 0.000 0.000 0.000 0.000 0.001 0.003 0.007 0.014 0.027 0.056 0.117 0.217 0.328 0.426 0.490 0.534 0.558 0.556 0.528 0.469 0.383 0.283 0.202 0.142 0.098 0.067 0.045 0.030 0.019 0.013 0.008 0.005 0.003 0.002 0.001 0.001 0.001
0.000 0.000 0.000 0.000 0.000 0.000 0.000 0.000 0.000 0.000 0.000 0.000 0.000 0.000 0.000 0.000 0.000 0.000 0.000 0.000 0.000 0.000 0.000 0.000 0.000 0.000 0.000 0.000 0.000 0.000 0.000 0.000 0.000 0.000 0.000 0.000 0.000 0.000 0.000 0.000 0.000 0.000 0.001 0.001 0.004 0.011 0.024 0.050 0.100 0.195 0.353 0.504 0.580 0.596 0.585 0.598 0.618 0.615 0.583 0.521 0.427 0.316 0.226 0.159 0.110 0.075 0.050 0.033 0.022 0.014 0.009 0.006 0.004 0.002 0.001 0.001 0.001
0.000 0.000 0.000 0.000 0.000 0.000 0.000 0.000 0.000 0.000 0.000 0.000 0.000 0.000 0.000 0.000 0.000 0.000 0.000 0.000 0.000 0.000 0.000 0.000 0.000 0.001 0.001 0.002 0.002 0.002 0.002 0.002 0.002 0.002 0.002 0.001 0.001 0.001 0.001 0.001 0.001 0.001 0.002 0.005 0.014 0.037 0.085 0.166 0.294 0.486 0.672 0.758 0.761 0.719 0.653 0.630 0.639 0.640 0.617 0.557 0.463 0.343 0.244 0.171 0.118 0.080 0.054 0.036 0.024 0.015 0.010 0.006 0.004 0.002 0.002 0.001 0.001
0.000 0.000 0.000 0.000 0.000 0.000 0.000 0.000 0.000 0.000 0.000 0.000 0.000 0.000 0.000 0.000 0.000 0.000 0.000 0.000 0.000 0.000 0.000 0.000 0.001 0.002 0.004 0.005 0.006 0.006 0.006 0.007 0.006 0.006 0.005 0.004 0.003 0.002 0.002 0.002 0.002 0.003 0.005 0.015 0.046 0.120 0.244 0.410 0.610 0.790 0.881 0.898 0.876 0.815 0.718 0.653 0.640 0.643 0.632 0.583 0.490 0.363 0.255 0.178 0.123 0.084 0.056 0.037 0.025 0.016 0.010 0.006 0.004 0.002 0.002 0.001 0.001
0.000 0.000 0.000 0.000 0.000 0.000 0.000 0.000 0.000 0.000 0.000 0.000 0.000 0.000 0.000 0.000 0.000 0.000 0.000 0.000 0.000 0.000 0.000 0.001 0.002 0.005 0.008 0.010 0.012 0.013 0.014 0.014 0.014 0.013 0.011 0.008 0.006 0.005 0.004 0.004 0.005 0.006 0.015 0.046 0.139 0.317 0.533 0.728 0.880 0.970 0.997 0.992 0.962 0.894 0.781 0.678 0.638 0.640 0.639 0.600 0.506 0.372 0.261 0.181 0.125 0.085 0.057 0.038 0.025 0.016 0.010 0.006 0.004 0.003 0.002 0.001 0.001
0.000 0.000 0.000 0.000 0.000 0.000 0.000 0.000 0.000 0.000 0.000 0.000 0.000 0.000 0.000 0.000 0.000 0.000 0.000 0.000 0.000 0.000 0.001 0.003 0.005 0.009 0.014 0.019 0.022 0.023 0.024 0.024 0.024 0.023 0.019 0.014 0.011 0.009 0.008 0.008 0.008 0.014 0.036 0.124 0.346 0.649 0.870 0.987 1.052 1.083 1.086 1.070 1.028 0.957 0.845 0.718 0.649 0.640 0.641 0.605 0.510 0.374 0.262 0.182 0.125 0.085 0.057 0.038 0.025 0.016 0.010 0.007 0.004 0.003 0.002 0.001 0.001
0.000 0.000 0.000 0.000 0.000 0.000 0.000 0.000 0.000 0.000 0.000 0.000 0.000 0.000 0.000 0.000 0.000 0.000 0.000 0.000 0.000 0.001 0.003 0.005 0.010 0.016 0.023 0.030 0.035 0.038 0.039 0.039 0.038 0.036 0.031 0.024 0.017 0.014 0.012 0.012 0.014 0.026 0.081 0.273 0.669 1.000 1.131 1.167 1.180 1.176 1.158 1.126 1.075 1.005 0.906 0.775 0.684 0.657 0.645 0.602 0.505 0.370 0.259 0.181 0.125 0.085 0.057 0.038 0.025 0.016 0.010 0.006 0.004 0.003 0.002 0.001 0.001
0.000 0.000 0.000 0.000 0.000 0.000 0.000 0.000 0.000 0.000 0.000 0.000 0.000 0.000 0.000 0.000 0.000 0.000 0.000 0.000 0.001 0.002 0.005 0.010 0.016 0.025 0.036 0.046 0.053 0.057 0.059 0.059 0.058 0.056 0.049 0.037 0.026 0.020 0.018 0.018 0.020 0.038 0.123 0.424 0.950 1.248 1.313 1.306 1.283 1.245 1.204 1.158 1.104 1.040 0.956 0.842 0.741 0.688 0.648 0.586 0.483 0.354 0.251 0.176 0.122 0.084 0.056 0.037 0.025 0.016 0.010 0.006 0.004 0.002 0.002 0.001 0.001
0.000 0.000 0.000 0.000 0.000 0.000 0.000 0.000 0.000 0.000 0.000 0.000 0.000 0.000 0.000 0.000 0.000 0.000 0.000 0.000 0.001 0.004 0.009 0.016 0.026 0.039 0.055 0.069 0.078 0.084 0.086 0.087 0.086 0.082 0.072 0.056 0.038 0.028 0.024 0.023 0.026 0.044 0.137 0.493 1.116 1.412 1.441 1.410 1.350 1.281 1.222 1.170 1.119 1.062 0.991 0.896 0.790 0.708 0.638 0.555 0.444 0.327 0.236 0.168 0.117 0.081 0.054 0.036 0.024 0.015 0.010 0.006 0.004 0.002 0.002 0.001 0.001
0.000 0.000 0.000 0.000 0.000 0.000 0.000 0.000 0.000 0.000 0.000 0.000 0.000 0.000 0.000 0.000 0.000 0.000 0.000 0.000 0.001 0.005 0.013 0.024 0.039 0.057 0.080 0.099 0.112 0.120 0.123 0.124 0.122 0.117 0.105 0.084 0.057 0.040 0.032 0.030 0.031 0.048 0.136 0.494 1.175 1.507 1.529 1.475 1.381 1.290 1.224 1.172 1.125 1.075 1.013 0.930 0.822 0.714 0.616 0.511 0.396 0.293 0.214 0.154 0.109 0.075 0.051 0.034 0.022 0.014 0.009 0.006 0.004 0.002 0.001 0.001 0.001
0.000 0.000 0.000 0.000 0.000 0.000 0.000 0.000 0.000 0.000 0.000 0.000 0.000 0.000 0.000 0.000 0.000 0.000 0.000 0.000 0.001 0.005 0.016 0.034 0.056 0.082 0.113 0.139 0.157 0.168 0.172 0.172 0.170 0.164 0.150 0.124 0.086 0.056 0.041 0.037 0.037 0.051 0.130 0.458 1.144 1.531 1.572 1.506 1.390 1.283 1.214 1.167 1.124 1.080 1.025 0.946 0.838 0.710 0.584 0.466 0.354 0.262 0.190 0.137 0.097 0.068 0.046 0.031 0.021 0.013 0.008 0.005 0.003 0.002 0.001 0.001 0.000
0.000 0.000 0.000 0.000 0.000 0.000 0.000 0.000 0.000 0.000 0.000 0.000 0.000 0.000 0.000 0.000 0.000 0.000 0.000 0.000 0.001 0.004 0.016 0.040 0.075 0.115 0.157 0.191 0.215 0.229 0.235 0.236 0.234 0.226 0.211 0.180 0.131 0.084 0.057 0.048 0.047 0.058 0.120 0.383 1.004 1.469 1.567 1.512 1.384 1.253 1.175 1.136 1.109 1.079 1.030 0.951 0.841 0.704 0.557 0.430 0.322 0.236 0.170 0.120 0.084 0.059 0.041 0.027 0.018 0.012 0.007 0.005 0.003 0.002 0.001 0.001 0.000
0.000 0.000 0.000 0.000 0.000 0.000 0.000 0.000 0.000 0.000 0.000 0.000 0.000 0.000 0.000 0.000 0.000 0.000 0.000 0.000 0.000 0.003 0.014 0.041 0.087 0.146 0.208 0.255 0.289 0.308 0.316 0.318 0.316 0.308 0.290 0.256 0.198 0.129 0.086 0.067 0.064 0.073 0.121 0.293 0.760 1.278 1.476 1.469 1.353 1.192 1.080 1.034 1.027 1.029 1.007 0.943 0.837 0.698 0.538 0.404 0.297 0.215 0.153 0.107 0.074 0.051 0.035 0.023 0.015 0.010 0.006 0.004 0.002 0.001 0.001 0.000 0.000
0.000 0.000 0.000 0.000 0.000 0.000 0.000 0.000 0.000 0.000 0.000 0.000 0.000 0.000 0.000 0.000 0.000 0.000 0.000 0.000 0.000 0.002 0.010 0.037 0.088 0.162 0.252 0.329 0.379 0.408 0.421 0.423 0.422 0.414 0.394 0.357 0.290 0.200 0.136 0.105 0.098 0.103 0.140 0.252 0.530 0.971 1.250 1.309 1.244 1.085 0.909 0.812 0.796 0.818 0.853 0.860 0.804 0.684 0.527 0.386 0.278 0.197 0.138 0.096 0.065 0.044 0.029 0.018 0.012 0.007 0.004 0.003 0.002 0.001 0.001 0.000 0.000
0.000 0.000 0.000 0.000 0.000 0.000 0.000 0.000 0.000 0.000 0.000 0.000 0.000 0.000 0.000 0.000 0.000 0.000 0.000 0.000 0.000 0.001 0.005 0.027 0.079 0.163 0.273 0.400 0.488 0.532 0.553 0.558 0.557 0.550 0.531 0.490 0.415 0.305 0.218 0.171 0.155 0.157 0.184 0.259 0.415 0.684 0.915 1.006 0.999 0.898 0.703 0.534 0.459 0.458 0.520 0.622 0.672 0.626 0.510 0.371 0.262 0.182 0.126 0.085 0.056 0.036 0.022 0.012 0.007 0.004 0.002 0.002 0.001 0.001 0.000 0.000 0.000
0.000 0.000 0.000 0.000 0.000 0.000 0.000 0.000 0.000 0.000 0.000 0.000 0.000 0.000 0.000 0.000 0.000 0.000 0.000 0.000 0.000 0.000 0.002 0.014 0.058 0.147 0.273 0.438 0.598 0.686 0.717 0.726 0.726 0.721 0.696 0.636 0.534 0.414 0.323 0.266 0.241 0.238 0.251 0.293 0.381 0.520 0.645 0.707 0.716 0.671 0.543 0.373 0.263 0.224 0.235 0.310 0.414 0.464 0.433 0.344 0.244 0.167 0.113 0.074 0.047 0.027 0.015 0.007 0.004 0.002 0.001 0.001 0.001 0.000 0.000 0.000 0.000
0.000 0.000 0.000 0.000 0.000 0.000 0.000 0.000 0.000 0.000 0.000 0.000 0.000 0.000 0.000 0.000 0.000 0.000 0.000 0.000 0.000 0.000 0.001 0.005 0.031 0.107 0.244 0.435 0.668 0.837 0.907 0.922 0.921 0.900 0.842 0.742 0.609 0.489 0.402 0.345 0.316 0.308 0.311 0.333 0.383 0.448 0.499 0.527 0.533 0.508 0.428 0.294 0.186 0.128 0.111 0.126 0.183 0.241 0.263 0.250 0.199 0.138 0.091 0.056 0.031 0.016 0.008 0.004 0.002 0.001 0.001 0.001 0.000 0.000 0.000 0.000 0.000
0.000 0.000 0.000 0.000 0.000 0.000 0.000 0.000 0.000 0.000 0.000 0.000 0.000 0.000 0.000 0.000 0.000 0.000 0.000 0.000 0.000 0.000 0.000 0.002 0.010 0.052 0.168 0.376 0.667 0.932 1.069 1.096 1.088 1.041 0.944 0.799 0.648 0.530 0.446 0.390 0.358 0.346 0.344 0.352 0.380 0.411 0.425 0.428 0.422 0.396 0.336 0.239 0.151 0.095 0.067 0.060 0.071 0.097 0.112 0.115 0.105 0.077 0.048 0.027 0.014 0.007 0.003 0.002 0.001 0.001 0.001 0.000 0.000 0.000 0.000 0.000 0.000
0.000 0.000 0.000 0.000 0.000 0.000 0.000 0.000 0.000 0.000 0.000 0.000 0.000 0.000 0.000 0.000 0.000 0.000 0.000 0.000 0.000 0.000 0.000 0.001 0.003 0.016 0.069 0.224 0.539 0.924 1.157 1.223 1.206 1.133 0.997 0.820 0.664 0.547 0.463 0.407 0.373 0.357 0.352 0.355 0.368 0.376 0.374 0.364 0.346 0.315 0.264 0.192 0.126 0.080 0.052 0.039 0.035 0.038 0.041 0.041 0.039 0.030 0.018 0.010 0.005 0.003 0.002 0.001 0.001 0.001 0.000 0.000 0.000 0.000 0.000 0.000 0.000
0.000 0.000 0.000 0.000 0.000 0.000 0.000 0.000 0.000 0.000 0.000 0.000 0.000 0.000 0.000 0.000 0.000 0.000 0.000 0.000 0.000 0.000 0.000 0.001 0.002 0.007 0.024 0.081 0.281 0.708 1.115 1.269 1.263 1.173 1.013 0.821 0.666 0.550 0.466 0.410 0.375 0.356 0.348 0.345 0.343 0.337 0.325 0.308 0.284 0.252 0.209 0.152 0.103 0.068 0.044 0.031 0.023 0.020 0.019 0.017 0.015 0.012 0.007 0.004 0.002 0.001 0.001 0.001 0.000 0.000 0.000 0.000 0.000 0.000 0.000 0.000 0.000
0.000 0.000 0.000 0.000 0.000 0.000 0.000 0.000 0.000 0.000 0.000 0.000 0.000 0.000 0.000 0.000 0.000 0.000 0.000 0.000 0.000 0.000 0.001 0.002 0.004 0.011 0.025 0.047 0.103 0.345 0.821 1.178 1.248 1.171 1.004 0.810 0.658 0.544 0.461 0.403 0.365 0.341 0.327 0.316 0.305 0.292 0.275 0.255 0.232 0.202 0.164 0.120 0.083 0.056 0.037 0.025 0.018 0.014 0.011 0.009 0.007 0.005 0.003 0.002 0.001 0.001 0.001 0.000 0.000 0.000 0.000 0.000 0.000 0.000 0.000 0.000 0.000
0.000 0.000 0.000 0.000 0.000 0.000 0.000 0.000 0.000 0.000 0.000 0.000 0.000 0.000 0.000 0.000 0.000 0.000 0.000 0.000 0.000 0.001 0.002 0.004 0.011 0.027 0.047 0.060 0.065 0.117 0.390 0.844 1.082 1.074 0.948 0.771 0.628 0.520 0.440 0.379 0.335 0.303 0.280 0.266 0.253 0.240 0.224 0.205 0.185 0.160 0.128 0.093 0.064 0.044 0.030 0.020 0.014 0.010 0.007 0.005 0.004 0.003 0.002 0.001 0.001 0.001 0.000 0.000 0.000 0.000 0.000 0.000 0.000 0.000 0.000 0.000 0.000
0.000 0.000 0.000 0.000 0.000 0.000 0.000 0.000 0.000 0.000 0.000 0.000 0.000 0.000 0.000 0.000 0.000 0.000 0.000 0.000 0.001 0.001 0.004 0.011 0.027 0.051 0.065 0.068 0.064 0.059 0.130 0.419 0.728 0.821 0.784 0.678 0.564 0.470 0.394 0.331 0.279 0.237 0.209 0.195 0.188 0.180 0.170 0.157 0.141 0.122 0.097 0.070 0.048 0.032 0.022 0.014 0.009 0.006 0.004 0.003 0.002 0.001 0.001 0.001 0.000 0.000 0.000 0.000 0.000 0.000 0.000 0.000 0.000 0.000 0.000 0.000 0.000
0.000 0.000 0.000 0.000 0.000 0.000 0.000 0.000 0.000 0.000 0.000 0.000 0.000 0.000 0.000 0.000 0.000 0.000 0.000 0.000 0.001 0.003 0.008 0.024 0.048 0.066 0.070 0.068 0.055 0.040 0.052 0.177 0.404 0.513 0.527 0.505 0.452 0.388 0.322 0.261 0.209 0.168 0.139 0.124 0.118 0.116 0.113 0.107 0.099 0.086 0.069 0.049 0.033 0.021 0.013 0.008 0.005 0.003 0.002 0.001 0.001 0.001 0.000 0.000 0.000 0.000 0.000 0.000 0.000 0.000 0.000 0.000 0.000 0.000 0.000 0.000 0.000
0.000 0.000 0.000 0.000 0.000 0.000 0.000 0.000 0.000 0.000 0.000 0.000 0.000 0.000 0.000 0.000 0.000 0.000 0.000 0.001 0.002 0.006 0.017 0.040 0.062 0.069 0.069 0.058 0.033 0.020 0.026 0.083 0.218 0.306 0.327 0.326 0.310 0.279 0.237 0.192 0.152 0.119 0.093 0.076 0.067 0.064 0.062 0.059 0.055 0.049 0.040 0.028 0.018 0.011 0.007 0.004 0.002 0.001 0.001 0.001 0.000 0.000 0.000 0.000 0.000 0.000 0.000 0.000 0.000 0.000 0.000 0.000 0.000 0.000 0.000 0.000 0.000
0.000 0.000 0.000 0.000 0.000 0.000 0.000 0.000 0.000 0.000 0.000 0.000 0.000 0.000 0.000 0.000 0.000 0.000 0.000 0.001 0.003 0.010 0.027 0.053 0.066 0.067 0.060 0.036 0.014 0.009 0.014 0.044 0.119 0.182 0.203 0.206 0.203 0.190 0.168 0.141 0.111 0.085 0.063 0.047 0.037 0.031 0.028 0.025 0.023 0.020 0.016 0.011 0.007 0.004 0.002 0.001 0.001 0.000 0.000 0.000 0.000 0.000 0.000 0.000 0.000 0.000 0.000 0.000 0.000 0.000 0.000 0.000 0.000 0.000 0.000 0.000 0.000
0.000 0.000 0.000 0.000 0.000 0.000 0.000 0.000 0.000 0.000 0.000 0.000 0.000 0.000 0.000 0.000 0.000 0.000 0.001 0.001 0.005 0.016 0.039 0.058 0.064 0.060 0.041 0.016 0.005 0.004 0.007 0.024 0.065 0.105 0.123 0.129 0.129 0.125 0.115 0.100 0.081 0.061 0.044 0.030 0.021 0.015 0.011 0.009 0.007 0.006 0.004 0.003 0.002 0.001 0.001 0.000 0.000 0.000 0.000 0.000 0.000 0.000 0.000 0.000 0.000 0.000 0.000 0.000 0.000 0.000 0.000 0.000 0.000 0.000 0.000 0.000 0.000
0.000 0.000 0.000 0.000 0.000 0.000 0.000 0.000 0.000 0.000 0.000 0.000 0.000 0.000 0.000 0.000 0.000 0.000 0.001 0.003 0.009 0.025 0.049 0.058 0.058 0.047 0.022 0.007 0.003 0.002 0.004 0.013 0.033 0.057 0.070 0.076 0.078 0.078 0.075 0.068 0.057 0.044 0.031 0.020 0.013 0.008 0.005 0.003 0.002 0.001 0.001 0.001 0.000 0.000 0.000 0.000 0.000 0.000 0.000 0.000 0.000 0.000 0.000 0.000 0.000 0.000 0.000 0.000 0.000 0.000 0.000 0.000 0.000 0.000 0.000 0.000 0.000
0.000 0.000 0.000 0.000 0.000 0.000 0.000 0.000 0.000 0.000 0.000 0.000 0.000 0.000 0.000 0.000 0.000 0.000 0.001 0.004 0.013 0.035 0.053 0.056 0.051 0.031 0.010 0.003 0.001 0.001 0.002 0.006 0.016 0.028 0.035 0.039 0.042 0.043 0.043 0.041 0.037 0.030 0.021 0.013 0.008 0.004 0.002 0.001 0.001 0.001 0.000 0.000 0.000 0.000 0.000 0.000 0.000 0.000 0.000 0.000 0.000 0.000 0.000 0.000 0.000 0.000 0.000 0.000 0.000 0.000 0.000 0.000 0.000 0.000 0.000 0.000 0.000
0.000 0.000 0.000 0.000 0.000 0.000 0.000 0.000 0.000 0.000 0.000 0.000 0.000 0.000 0.000 0.000 0.000 0.001 0.002 0.007 0.020 0.042 0.052 0.052 0.040 0.017 0.005 0.002 0.002 0.001 0.001 0.003 0.007 0.012 0.014 0.016 0.018 0.019 0.020 0.020 0.019 0.017 0.012 0.008 0.004 0.002 0.001 0.001 0.000 0.000 0.000 0.000 0.000 0.000 0.000 0.000 0.000 0.000 0.000 0.000 0.000 0.000 0.000 0.000 0.000 0.000 0.000 0.000 0.000 0.000 0.000 0.000 0.000 0.000 0.000 0.000 0.000
0.000 0.000 0.000 0.000 0.000 0.000 0.000 0.000 0.000 0.000 0.000 0.000 0.000 0.000 0.000 0.000 0.000 0.001 0.003 0.011 0.029 0.046 0.050 0.045 0.026 0.008 0.002 0.001 0.001 0.001 0.001 0.001 0.002 0.004 0.005 0.005 0.005 0.006 0.006 0.007 0.007 0.007 0.006 0.004 0.002 0.001 0.001 0.000 0.000 0.000 0.000 0.000 0.000 0.000 0.000 0.000 0.000 0.000 0.000 0.000 0.000 0.000 0.000 0.000 0.000 0.000 0.000 0.000 0.000 0.000 0.000 0.000 0.000 0.000 0.000 0.000 0.000
0.000 0.000 0.000 0.000 0.000 0.000 0.000 0.000 0.000 0.000 0.000 0.000 0.000 0.000 0.000 0.000 0.001 0.002 0.006 0.017 0.036 0.047 0.047 0.036 0.015 0.005 0.002 0.002 0.001 0.001 0.001 0.001 0.001 0.001 0.001 0.001 0.001 0.001 0.002 0.002 0.002 0.002 0.002 0.001 0.001 0.000 0.000 0.000 0.000 0.000 0.000 0.000 0.000 0.000 0.000 0.000 0.000 0.000 0.000 0.000 0.000 0.000 0.000 0.000 0.000 0.000 0.000 0.000 0.000 0.000 0.000 0.000 0.000 0.000 0.000 0.000 0.000
