RESULTS/r.avaflow_results/31_results/31_ascii/31_hflow0027.asc
ncols 506
nrows 317
xllcenter 498237.50
yllcenter 5580050.00
cellsize 12.50
NODATA_value -9999.000
[rows 170 to 203 of 317, columns 77 to 153 of 506]
0.000 0.000 0.000 0.000 0.000 0.000 0.000 0.000 0.000 0.000 0.000 0.000 0.000 0.000 0.000 0.000 0.000 0.000 0.000 0.000 0.000 0.000 0.000 0.000 0.000 0.000 0.000 0.000 0.000 0.000 0.000 0.000 0.000 0.000 0.000 0.000 0.000 0.000 0.000 0.000 0.000 0.000 0.000 0.000 0.000 0.000 0.001 0.002 0.004 0.008 0.016 0.035 0.097 0.279 0.664 1.232 2.031 3.346 5.425 8.061 10.617 12.705 14.284 15.255 15.586 15.506 15.194 14.761 14.302 13.618 12.585 11.383 10.358 9.649 9.172 8.818 8.551
0.000 0.000 0.000 0.000 0.000 0.000 0.000 0.000 0.000 0.000 0.000 0.000 0.000 0.000 0.000 0.000 0.000 0.000 0.000 0.000 0.000 0.000 0.000 0.000 0.000 0.000 0.000 0.000 0.000 0.000 0.000 0.000 0.000 0.000 0.000 0.000 0.000 0.000 0.000 0.000 0.000 0.000 0.000 0.000 0.000 0.001 0.003 0.005 0.011 0.021 0.046 0.118 0.307 0.721 1.388 2.256 3.414 5.101 7.443 10.160 12.497 14.272 15.456 16.040 16.102 15.872 15.382 14.782 14.165 13.453 12.632 11.949 11.582 11.436 11.411 11.440 11.568
0.000 0.000 0.000 0.000 0.000 0.000 0.000 0.000 0.000 0.000 0.000 0.000 0.000 0.000 0.000 0.000 0.000 0.000 0.000 0.000 0.000 0.000 0.000 0.000 0.000 0.000 0.000 0.000 0.000 0.000 0.000 0.000 0.000 0.000 0.000 0.000 0.000 0.000 0.000 0.000 0.000 0.000 0.000 0.001 0.001 0.004 0.008 0.016 0.032 0.071 0.168 0.376 0.737 1.250 1.892 2.785 4.129 6.042 8.538 11.227 13.405 14.939 15.814 16.154 16.132 15.849 15.333 14.772 14.263 13.801 13.471 13.372 13.411 13.439 13.524 13.854 14.533
0.000 0.000 0.000 0.000 0.000 0.000 0.000 0.000 0.000 0.000 0.000 0.000 0.000 0.000 0.000 0.000 0.000 0.000 0.000 0.000 0.000 0.000 0.000 0.000 0.000 0.000 0.000 0.000 0.000 0.000 0.000 0.000 0.000 0.000 0.000 0.000 0.000 0.000 0.000 0.000 0.000 0.000 0.001 0.002 0.005 0.012 0.027 0.057 0.118 0.248 0.505 0.861 1.242 1.638 2.122 2.918 4.277 6.264 8.834 11.470 13.547 14.968 15.723 15.979 15.933 15.712 15.335 15.050 14.930 14.921 14.916 14.843 14.786 14.784 14.980 15.644 16.851
0.000 0.000 0.000 0.000 0.000 0.000 0.000 0.000 0.000 0.000 0.000 0.000 0.000 0.000 0.000 0.000 0.000 0.000 0.000 0.000 0.000 0.000 0.000 0.001 0.002 0.002 0.002 0.003 0.003 0.003 0.003 0.003 0.003 0.002 0.002 0.001 0.001 0.001 0.001 0.001 0.001 0.001 0.002 0.005 0.014 0.039 0.094 0.192 0.357 0.626 0.961 1.272 1.554 1.831 2.197 2.882 4.147 6.101 8.704 11.280 13.217 14.505 15.199 15.511 15.649 15.712 15.713 15.765 15.816 15.833 15.753 15.563 15.481 15.579 16.019 16.935 18.315
0.000 0.000 0.000 0.000 0.000 0.000 0.000 0.000 0.000 0.000 0.000 0.000 0.000 0.000 0.000 0.000 0.000 0.000 0.000 0.000 0.000 0.001 0.002 0.003 0.005 0.006 0.007 0.008 0.008 0.008 0.008 0.008 0.008 0.007 0.006 0.004 0.003 0.002 0.002 0.002 0.002 0.003 0.005 0.015 0.048 0.131 0.278 0.486 0.747 1.019 1.253 1.468 1.687 1.905 2.199 2.707 3.696 5.480 8.093 10.664 12.457 13.610 14.328 14.862 15.358 15.766 15.986 16.055 16.063 16.018 15.869 15.661 15.607 15.813 16.452 17.477 18.763
0.000 0.000 0.000 0.000 0.000 0.000 0.000 0.000 0.000 0.000 0.000 0.000 0.000 0.000 0.000 0.000 0.000 0.000 0.000 0.000 0.001 0.002 0.004 0.007 0.011 0.013 0.015 0.016 0.017 0.017 0.017 0.017 0.016 0.015 0.012 0.008 0.006 0.005 0.004 0.004 0.005 0.006 0.014 0.046 0.147 0.352 0.611 0.856 1.064 1.238 1.392 1.559 1.745 1.935 2.167 2.519 3.189 4.643 7.157 9.834 11.636 12.749 13.513 14.236 14.974 15.529 15.744 15.741 15.664 15.527 15.276 15.060 15.037 15.348 16.119 17.206 18.447
0.000 0.000 0.000 0.000 0.000 0.000 0.000 0.000 0.000 0.000 0.000 0.000 0.000 0.000 0.000 0.000 0.000 0.000 0.000 0.001 0.002 0.005 0.008 0.013 0.019 0.023 0.026 0.028 0.029 0.030 0.030 0.029 0.028 0.026 0.021 0.015 0.011 0.008 0.007 0.007 0.008 0.013 0.035 0.124 0.365 0.708 0.968 1.123 1.241 1.352 1.474 1.616 1.769 1.933 2.130 2.424 2.944 4.138 6.426 9.067 10.844 11.929 12.717 13.486 14.184 14.595 14.670 14.572 14.377 14.088 13.701 13.449 13.426 13.776 14.680 15.960 17.353
0.000 0.000 0.000 0.000 0.000 0.000 0.000 0.000 0.000 0.000 0.000 0.000 0.000 0.000 0.000 0.000 0.000 0.000 0.000 0.001 0.004 0.009 0.015 0.022 0.031 0.037 0.042 0.045 0.046 0.047 0.047 0.046 0.044 0.040 0.033 0.023 0.016 0.013 0.011 0.011 0.013 0.024 0.076 0.266 0.672 1.031 1.200 1.279 1.351 1.433 1.533 1.648 1.771 1.913 2.092 2.358 2.816 3.840 5.845 8.255 9.870 10.868 11.616 12.279 12.756 12.929 12.877 12.686 12.341 11.809 11.302 11.069 11.110 11.637 12.739 14.217 15.849
0.000 0.000 0.000 0.000 0.000 0.000 0.000 0.000 0.000 0.000 0.000 0.000 0.000 0.000 0.000 0.000 0.000 0.000 0.000 0.002 0.007 0.014 0.023 0.035 0.046 0.055 0.062 0.066 0.068 0.069 0.069 0.068 0.066 0.060 0.050 0.035 0.024 0.018 0.016 0.016 0.018 0.032 0.108 0.391 0.911 1.233 1.336 1.380 1.428 1.485 1.558 1.648 1.756 1.889 2.057 2.302 2.715 3.596 5.305 7.290 8.547 9.335 9.955 10.476 10.780 10.827 10.721 10.434 9.938 9.329 8.950 8.894 9.201 10.024 11.271 12.762 14.400
0.000 0.000 0.000 0.000 0.000 0.000 0.000 0.000 0.000 0.000 0.000 0.000 0.000 0.000 0.000 0.000 0.000 0.000 0.000 0.002 0.007 0.018 0.034 0.052 0.067 0.079 0.088 0.094 0.096 0.098 0.098 0.097 0.093 0.086 0.072 0.052 0.035 0.025 0.021 0.020 0.021 0.036 0.116 0.441 1.039 1.351 1.418 1.444 1.469 1.500 1.544 1.618 1.723 1.861 2.029 2.253 2.618 3.346 4.716 6.180 7.003 7.476 7.869 8.230 8.453 8.488 8.388 8.126 7.707 7.298 7.116 7.196 7.710 8.680 9.946 11.363 12.901
0.000 0.000 0.000 0.000 0.000 0.000 0.000 0.000 0.000 0.000 0.000 0.000 0.000 0.000 0.000 0.000 0.000 0.000 0.000 0.002 0.006 0.018 0.041 0.070 0.093 0.109 0.121 0.129 0.133 0.134 0.135 0.133 0.128 0.119 0.102 0.076 0.050 0.034 0.026 0.024 0.024 0.037 0.113 0.436 1.072 1.407 1.465 1.474 1.473 1.477 1.503 1.564 1.666 1.809 1.986 2.198 2.496 3.031 4.004 5.048 5.603 5.829 5.959 6.085 6.182 6.204 6.156 6.004 5.750 5.582 5.569 5.801 6.420 7.389 8.571 9.845 11.180
0.000 0.000 0.000 0.000 0.000 0.000 0.000 0.000 0.000 0.000 0.000 0.000 0.000 0.000 0.000 0.000 0.000 0.000 0.000 0.001 0.004 0.016 0.041 0.084 0.122 0.146 0.163 0.174 0.179 0.182 0.182 0.180 0.173 0.162 0.142 0.111 0.073 0.047 0.033 0.028 0.028 0.038 0.101 0.387 1.017 1.409 1.480 1.475 1.449 1.425 1.433 1.485 1.579 1.714 1.886 2.083 2.309 2.632 3.226 3.959 4.347 4.441 4.424 4.392 4.371 4.347 4.302 4.200 4.077 4.044 4.141 4.504 5.163 6.048 7.055 8.121 9.218
0.000 0.000 0.000 0.000 0.000 0.000 0.000 0.000 0.000 0.000 0.000 0.000 0.000 0.000 0.000 0.000 0.000 0.000 0.000 0.000 0.002 0.011 0.037 0.087 0.147 0.189 0.213 0.229 0.237 0.240 0.240 0.238 0.231 0.217 0.194 0.159 0.110 0.069 0.045 0.035 0.033 0.038 0.079 0.287 0.838 1.319 1.456 1.452 1.403 1.337 1.319 1.357 1.442 1.565 1.718 1.881 2.049 2.251 2.591 3.033 3.276 3.322 3.270 3.194 3.119 3.047 2.953 2.813 2.718 2.702 2.800 3.157 3.785 4.555 5.392 6.316 7.342
0.000 0.000 0.000 0.000 0.000 0.000 0.000 0.000 0.000 0.000 0.000 0.000 0.000 0.000 0.000 0.000 0.000 0.000 0.000 0.000 0.001 0.006 0.028 0.081 0.158 0.226 0.271 0.295 0.308 0.314 0.314 0.312 0.304 0.289 0.263 0.223 0.165 0.105 0.066 0.047 0.042 0.044 0.065 0.174 0.554 1.086 1.342 1.379 1.326 1.222 1.153 1.154 1.215 1.325 1.464 1.606 1.751 1.915 2.123 2.336 2.455 2.481 2.442 2.378 2.302 2.204 2.051 1.833 1.687 1.631 1.652 1.815 2.195 2.794 3.568 4.514 5.583
0.000 0.000 0.000 0.000 0.000 0.000 0.000 0.000 0.000 0.000 0.000 0.000 0.000 0.000 0.000 0.000 0.000 0.000 0.000 0.000 0.000 0.002 0.017 0.064 0.148 0.243 0.321 0.371 0.394 0.404 0.407 0.404 0.397 0.381 0.353 0.309 0.243 0.163 0.105 0.073 0.060 0.059 0.070 0.120 0.311 0.742 1.090 1.199 1.177 1.069 0.927 0.854 0.869 0.952 1.105 1.289 1.453 1.612 1.759 1.843 1.873 1.869 1.832 1.774 1.709 1.607 1.427 1.167 0.976 0.872 0.826 0.844 0.988 1.341 1.941 2.773 3.742
0.000 0.000 0.000 0.000 0.000 0.000 0.000 0.000 0.000 0.000 0.000 0.000 0.000 0.000 0.000 0.000 0.000 0.000 0.000 0.000 0.000 0.001 0.007 0.040 0.119 0.232 0.347 0.442 0.495 0.516 0.522 0.522 0.515 0.500 0.472 0.423 0.350 0.251 0.170 0.119 0.093 0.084 0.086 0.109 0.195 0.432 0.730 0.877 0.899 0.834 0.680 0.534 0.476 0.500 0.635 0.876 1.111 1.299 1.430 1.464 1.445 1.410 1.361 1.301 1.237 1.134 0.959 0.718 0.537 0.423 0.356 0.330 0.353 0.491 0.818 1.336 1.851
0.000 0.000 0.000 0.000 0.000 0.000 0.000 0.000 0.000 0.000 0.000 0.000 0.000 0.000 0.000 0.000 0.000 0.000 0.000 0.000 0.000 0.000 0.002 0.018 0.077 0.193 0.337 0.483 0.597 0.652 0.667 0.668 0.663 0.651 0.622 0.567 0.477 0.360 0.261 0.190 0.146 0.123 0.116 0.123 0.159 0.269 0.448 0.566 0.601 0.584 0.500 0.367 0.270 0.239 0.278 0.436 0.690 0.922 1.077 1.127 1.097 1.046 0.990 0.926 0.851 0.744 0.591 0.414 0.285 0.201 0.152 0.131 0.128 0.155 0.262 0.465 0.614
0.000 0.000 0.000 0.000 0.000 0.000 0.000 0.000 0.000 0.000 0.000 0.000 0.000 0.000 0.000 0.000 0.000 0.000 0.000 0.000 0.000 0.000 0.001 0.006 0.037 0.131 0.290 0.480 0.664 0.788 0.836 0.843 0.840 0.824 0.776 0.691 0.571 0.443 0.341 0.266 0.213 0.179 0.161 0.155 0.168 0.215 0.306 0.386 0.422 0.423 0.387 0.300 0.200 0.144 0.131 0.173 0.305 0.498 0.675 0.769 0.774 0.732 0.678 0.612 0.529 0.428 0.315 0.213 0.143 0.097 0.071 0.060 0.057 0.060 0.083 0.129 0.149
0.000 0.000 0.000 0.000 0.000 0.000 0.000 0.000 0.000 0.000 0.000 0.000 0.000 0.000 0.000 0.000 0.000 0.000 0.000 0.000 0.000 0.000 0.000 0.002 0.013 0.065 0.199 0.419 0.674 0.879 0.985 1.008 1.003 0.970 0.893 0.773 0.626 0.494 0.391 0.315 0.261 0.226 0.206 0.197 0.195 0.211 0.257 0.305 0.329 0.333 0.315 0.261 0.177 0.115 0.085 0.082 0.114 0.198 0.306 0.388 0.426 0.422 0.389 0.336 0.268 0.199 0.138 0.095 0.067 0.049 0.037 0.033 0.031 0.032 0.036 0.044 0.046
0.000 0.000 0.000 0.000 0.000 0.000 0.000 0.000 0.000 0.000 0.000 0.000 0.000 0.000 0.000 0.000 0.000 0.000 0.000 0.000 0.000 0.000 0.000 0.001 0.003 0.021 0.090 0.268 0.571 0.887 1.074 1.133 1.123 1.071 0.964 0.813 0.651 0.519 0.416 0.340 0.286 0.252 0.233 0.225 0.223 0.227 0.246 0.271 0.282 0.281 0.267 0.228 0.163 0.106 0.072 0.056 0.055 0.072 0.109 0.143 0.160 0.164 0.153 0.128 0.100 0.076 0.056 0.043 0.033 0.027 0.022 0.020 0.020 0.020 0.021 0.023 0.023
0.000 0.000 0.000 0.000 0.000 0.000 0.000 0.000 0.000 0.000 0.000 0.000 0.000 0.000 0.000 0.000 0.000 0.000 0.000 0.000 0.000 0.000 0.000 0.001 0.001 0.006 0.027 0.102 0.330 0.732 1.064 1.190 1.191 1.123 0.994 0.824 0.659 0.527 0.425 0.349 0.295 0.261 0.243 0.236 0.235 0.236 0.244 0.252 0.254 0.249 0.232 0.199 0.147 0.099 0.066 0.047 0.038 0.037 0.043 0.050 0.055 0.056 0.053 0.045 0.037 0.032 0.026 0.022 0.019 0.016 0.015 0.014 0.013 0.013 0.014 0.014 0.014
0.000 0.000 0.000 0.000 0.000 0.000 0.000 0.000 0.000 0.000 0.000 0.000 0.000 0.000 0.000 0.000 0.000 0.000 0.000 0.000 0.000 0.000 0.001 0.001 0.002 0.007 0.017 0.040 0.121 0.404 0.857 1.145 1.196 1.133 0.996 0.821 0.658 0.527 0.426 0.350 0.296 0.262 0.244 0.238 0.237 0.237 0.239 0.239 0.235 0.224 0.204 0.171 0.128 0.089 0.061 0.043 0.032 0.026 0.024 0.024 0.024 0.023 0.022 0.020 0.018 0.016 0.015 0.013 0.012 0.011 0.010 0.009 0.009 0.009 0.009 0.009 0.009
0.000 0.000 0.000 0.000 0.000 0.000 0.000 0.000 0.000 0.000 0.000 0.000 0.000 0.000 0.000 0.000 0.000 0.000 0.000 0.000 0.000 0.000 0.001 0.002 0.006 0.015 0.028 0.039 0.053 0.144 0.476 0.913 1.097 1.081 0.966 0.802 0.646 0.521 0.422 0.347 0.292 0.256 0.238 0.234 0.235 0.235 0.233 0.227 0.218 0.203 0.179 0.146 0.109 0.078 0.055 0.038 0.027 0.020 0.016 0.014 0.013 0.012 0.012 0.011 0.011 0.010 0.009 0.009 0.008 0.007 0.006 0.006 0.006 0.006 0.006 0.006 0.006
0.000 0.000 0.000 0.000 0.000 0.000 0.000 0.000 0.000 0.000 0.000 0.000 0.000 0.000 0.000 0.000 0.000 0.000 0.000 0.000 0.000 0.001 0.002 0.006 0.016 0.032 0.044 0.047 0.047 0.060 0.192 0.551 0.840 0.906 0.856 0.743 0.613 0.501 0.408 0.334 0.278 0.240 0.220 0.216 0.220 0.224 0.222 0.214 0.201 0.183 0.157 0.123 0.090 0.064 0.045 0.031 0.020 0.013 0.009 0.007 0.007 0.007 0.007 0.007 0.006 0.006 0.006 0.005 0.005 0.004 0.004 0.003 0.003 0.003 0.003 0.003 0.003
0.000 0.000 0.000 0.000 0.000 0.000 0.000 0.000 0.000 0.000 0.000 0.000 0.000 0.000 0.000 0.000 0.000 0.000 0.000 0.000 0.001 0.002 0.005 0.014 0.031 0.044 0.048 0.047 0.042 0.041 0.088 0.282 0.532 0.636 0.648 0.615 0.544 0.461 0.381 0.311 0.253 0.211 0.185 0.176 0.179 0.188 0.193 0.190 0.180 0.162 0.136 0.102 0.071 0.048 0.031 0.019 0.011 0.006 0.004 0.004 0.003 0.004 0.004 0.004 0.004 0.003 0.003 0.003 0.003 0.002 0.002 0.002 0.002 0.002 0.002 0.002 0.002
0.000 0.000 0.000 0.000 0.000 0.000 0.000 0.000 0.000 0.000 0.000 0.000 0.000 0.000 0.000 0.000 0.000 0.000 0.000 0.000 0.001 0.003 0.010 0.025 0.042 0.048 0.048 0.041 0.029 0.026 0.051 0.155 0.326 0.418 0.441 0.443 0.429 0.391 0.336 0.276 0.219 0.172 0.137 0.119 0.114 0.120 0.127 0.131 0.130 0.121 0.102 0.074 0.047 0.028 0.015 0.008 0.004 0.002 0.002 0.001 0.001 0.002 0.002 0.002 0.002 0.002 0.001 0.001 0.001 0.001 0.001 0.001 0.001 0.000 0.000 0.000 0.000
0.000 0.000 0.000 0.000 0.000 0.000 0.000 0.000 0.000 0.000 0.000 0.000 0.000 0.000 0.000 0.000 0.000 0.000 0.000 0.001 0.002 0.006 0.017 0.035 0.046 0.047 0.043 0.027 0.015 0.015 0.034 0.094 0.202 0.272 0.298 0.304 0.303 0.294 0.270 0.230 0.182 0.137 0.102 0.077 0.064 0.058 0.057 0.058 0.057 0.054 0.046 0.032 0.019 0.010 0.005 0.002 0.001 0.001 0.001 0.000 0.000 0.001 0.001 0.001 0.001 0.000 0.000 0.000 0.000 0.000 0.000 0.000 0.000 0.000 0.000 0.000 0.000
0.000 0.000 0.000 0.000 0.000 0.000 0.000 0.000 0.000 0.000 0.000 0.000 0.000 0.000 0.000 0.000 0.000 0.000 0.000 0.001 0.003 0.010 0.026 0.040 0.045 0.043 0.030 0.013 0.008 0.010 0.023 0.061 0.125 0.173 0.196 0.205 0.207 0.204 0.194 0.174 0.144 0.108 0.077 0.053 0.038 0.028 0.023 0.020 0.017 0.015 0.012 0.008 0.005 0.002 0.001 0.001 0.000 0.000 0.000 0.000 0.000 0.000 0.000 0.000 0.000 0.000 0.000 0.000 0.000 0.000 0.000 0.000 0.000 0.000 0.000 0.000 0.000
0.000 0.000 0.000 0.000 0.000 0.000 0.000 0.000 0.000 0.000 0.000 0.000 0.000 0.000 0.000 0.000 0.000 0.000 0.001 0.002 0.005 0.016 0.033 0.042 0.042 0.035 0.017 0.006 0.004 0.007 0.016 0.039 0.076 0.104 0.120 0.129 0.133 0.134 0.130 0.121 0.105 0.082 0.058 0.038 0.024 0.015 0.010 0.007 0.005 0.004 0.003 0.002 0.001 0.001 0.000 0.000 0.000 0.000 0.000 0.000 0.000 0.000 0.000 0.000 0.000 0.000 0.000 0.000 0.000 0.000 0.000 0.000 0.000 0.000 0.000 0.000 0.000
0.000 0.000 0.000 0.000 0.000 0.000 0.000 0.000 0.000 0.000 0.000 0.000 0.000 0.000 0.000 0.000 0.000 0.000 0.001 0.003 0.009 0.023 0.037 0.040 0.037 0.024 0.008 0.003 0.002 0.004 0.011 0.024 0.044 0.057 0.065 0.070 0.074 0.076 0.076 0.074 0.068 0.056 0.040 0.026 0.015 0.008 0.005 0.003 0.002 0.001 0.001 0.001 0.000 0.000 0.000 0.000 0.000 0.000 0.000 0.000 0.000 0.000 0.000 0.000 0.000 0.000 0.000 0.000 0.000 0.000 0.000 0.000 0.000 0.000 0.000 0.000 0.000
0.000 0.000 0.000 0.000 0.000 0.000 0.000 0.000 0.000 0.000 0.000 0.000 0.000 0.000 0.000 0.000 0.000 0.001 0.001 0.004 0.014 0.029 0.037 0.038 0.030 0.014 0.004 0.002 0.001 0.003 0.007 0.015 0.023 0.028 0.030 0.031 0.032 0.034 0.035 0.036 0.034 0.031 0.024 0.015 0.008 0.004 0.002 0.001 0.001 0.000 0.000 0.000 0.000 0.000 0.000 0.000 0.000 0.000 0.000 0.000 0.000 0.000 0.000 0.000 0.000 0.000 0.000 0.000 0.000 0.000 0.000 0.000 0.000 0.000 0.000 0.000 0.000
0.000 0.000 0.000 0.000 0.000 0.000 0.000 0.000 0.000 0.000 0.000 0.000 0.000 0.000 0.000 0.000 0.000 0.001 0.002 0.007 0.019 0.033 0.036 0.033 0.020 0.006 0.002 0.001 0.001 0.001 0.004 0.008 0.011 0.012 0.012 0.011 0.011 0.011 0.011 0.012 0.012 0.012 0.011 0.007 0.004 0.002 0.001 0.001 0.000 0.000 0.000 0.000 0.000 0.000 0.000 0.000 0.000 0.000 0.000 0.000 0.000 0.000 0.000 0.000 0.000 0.000 0.000 0.000 0.000 0.000 0.000 0.000 0.000 0.000 0.000 0.000 0.000
0.000 0.000 0.000 0.000 0.000 0.000 0.000 0.000 0.000 0.000 0.000 0.000 0.000 0.000 0.000 0.000 0.001 0.001 0.004 0.011 0.025 0.034 0.034 0.027 0.011 0.003 0.001 0.001 0.001 0.001 0.002 0.003 0.004 0.005 0.004 0.003 0.003 0.003 0.003 0.003 0.003 0.003 0.003 0.003 0.002 0.001 0.000 0.000 0.000 0.000 0.000 0.000 0.000 0.000 0.000 0.000 0.000 0.000 0.000 0.000 0.000 0.000 0.000 0.000 0.000 0.000 0.000 0.000 0.000 0.000 0.000 0.000 0.000 0.000 0.000 0.000 0.000
