RESULTS/r.avaflow_results/31_results/31_ascii/31_hflow0018.asc
ncols 506
nrows 317
xllcenter 498237.50
yllcenter 5580050.00
cellsize 12.50
NODATA_value -9999.000
[rows 170 to 203 of 317, columns 77 to 153 of 506]
0.000 0.000 0.000 0.000 0.000 0.000 0.000 0.000 0.000 0.000 0.000 0.000 0.000 0.000 0.000 0.000 0.000 0.000 0.000 0.000 0.000 0.000 0.000 0.000 0.000 0.000 0.000 0.000 0.000 0.000 0.000 0.000 0.000 0.000 0.000 0.000 0.000 0.000 0.000 0.000 0.000 0.000 0.000 0.000 0.000 0.000 0.001 0.002 0.004 0.008 0.016 0.035 0.090 0.246 0.575 1.088 1.867 3.214 5.370 8.101 10.704 12.822 14.420 15.396 15.722 15.641 15.313 14.871 14.405 13.712 12.673 11.471 10.442 9.723 9.231 8.855 8.563
0.000 0.000 0.000 0.000 0.000 0.000 0.000 0.000 0.000 0.000 0.000 0.000 0.000 0.000 0.000 0.000 0.000 0.000 0.000 0.000 0.000 0.000 0.000 0.000 0.000 0.000 0.000 0.000 0.000 0.000 0.000 0.000 0.000 0.000 0.000 0.000 0.000 0.000 0.000 0.000 0.000 0.000 0.000 0.000 0.000 0.001 0.003 0.006 0.011 0.021 0.047 0.117 0.286 0.648 1.252 2.082 3.250 4.993 7.413 10.206 12.584 14.384 15.586 16.168 16.228 15.990 15.485 14.873 14.252 13.540 12.717 12.030 11.652 11.497 11.459 11.474 11.586
0.000 0.000 0.000 0.000 0.000 0.000 0.000 0.000 0.000 0.000 0.000 0.000 0.000 0.000 0.000 0.000 0.000 0.000 0.000 0.000 0.000 0.000 0.000 0.000 0.000 0.000 0.000 0.000 0.000 0.000 0.000 0.000 0.000 0.000 0.000 0.000 0.000 0.000 0.000 0.000 0.000 0.000 0.000 0.001 0.001 0.004 0.008 0.017 0.033 0.074 0.171 0.367 0.687 1.139 1.737 2.618 3.981 5.944 8.502 11.258 13.482 15.041 15.937 16.272 16.249 15.954 15.420 14.854 14.344 13.883 13.549 13.441 13.469 13.493 13.570 13.890 14.560
0.000 0.000 0.000 0.000 0.000 0.000 0.000 0.000 0.000 0.000 0.000 0.000 0.000 0.000 0.000 0.000 0.000 0.000 0.000 0.000 0.000 0.000 0.000 0.000 0.000 0.000 0.000 0.000 0.000 0.000 0.000 0.000 0.000 0.000 0.000 0.000 0.000 0.000 0.000 0.000 0.000 0.000 0.001 0.002 0.005 0.012 0.027 0.057 0.120 0.251 0.496 0.812 1.141 1.497 1.964 2.769 4.154 6.177 8.791 11.493 13.620 15.060 15.829 16.077 16.026 15.798 15.413 15.126 15.001 14.991 14.982 14.897 14.838 14.837 15.030 15.686 16.883
0.000 0.000 0.000 0.000 0.000 0.000 0.000 0.000 0.000 0.000 0.000 0.000 0.000 0.000 0.000 0.000 0.000 0.000 0.000 0.000 0.000 0.000 0.000 0.000 0.000 0.001 0.001 0.002 0.002 0.002 0.002 0.002 0.002 0.002 0.002 0.001 0.001 0.001 0.001 0.001 0.001 0.001 0.002 0.005 0.015 0.040 0.093 0.187 0.348 0.604 0.907 1.175 1.422 1.693 2.061 2.757 4.041 6.022 8.661 11.294 13.271 14.570 15.274 15.584 15.717 15.778 15.777 15.825 15.868 15.885 15.796 15.603 15.528 15.630 16.069 16.976 18.345
0.000 0.000 0.000 0.000 0.000 0.000 0.000 0.000 0.000 0.000 0.000 0.000 0.000 0.000 0.000 0.000 0.000 0.000 0.000 0.000 0.000 0.000 0.000 0.000 0.001 0.002 0.004 0.005 0.006 0.006 0.006 0.007 0.006 0.006 0.005 0.004 0.003 0.002 0.002 0.002 0.002 0.003 0.006 0.016 0.049 0.128 0.264 0.455 0.699 0.953 1.161 1.349 1.558 1.797 2.099 2.612 3.616 5.406 8.031 10.651 12.484 13.649 14.377 14.916 15.411 15.816 16.033 16.097 16.104 16.059 15.897 15.695 15.651 15.858 16.493 17.511 18.787
0.000 0.000 0.000 0.000 0.000 0.000 0.000 0.000 0.000 0.000 0.000 0.000 0.000 0.000 0.000 0.000 0.000 0.000 0.000 0.000 0.000 0.000 0.000 0.001 0.002 0.005 0.008 0.010 0.012 0.013 0.014 0.014 0.014 0.013 0.011 0.008 0.006 0.005 0.004 0.004 0.005 0.007 0.015 0.048 0.145 0.332 0.565 0.789 0.987 1.149 1.287 1.443 1.635 1.853 2.094 2.441 3.126 4.584 7.086 9.808 11.660 12.783 13.553 14.278 15.014 15.567 15.778 15.771 15.694 15.556 15.295 15.094 15.082 15.390 16.157 17.241 18.475
0.000 0.000 0.000 0.000 0.000 0.000 0.000 0.000 0.000 0.000 0.000 0.000 0.000 0.000 0.000 0.000 0.000 0.000 0.000 0.000 0.000 0.000 0.001 0.003 0.005 0.009 0.014 0.019 0.022 0.023 0.024 0.024 0.024 0.023 0.019 0.014 0.011 0.009 0.008 0.008 0.009 0.014 0.037 0.127 0.355 0.669 0.909 1.054 1.164 1.264 1.373 1.508 1.671 1.863 2.077 2.354 2.879 4.081 6.355 9.044 10.869 11.959 12.748 13.515 14.207 14.615 14.689 14.590 14.393 14.104 13.718 13.485 13.474 13.823 14.723 16.002 17.392
0.000 0.000 0.000 0.000 0.000 0.000 0.000 0.000 0.000 0.000 0.000 0.000 0.000 0.000 0.000 0.000 0.000 0.000 0.000 0.000 0.000 0.001 0.003 0.005 0.010 0.016 0.023 0.030 0.035 0.038 0.039 0.039 0.038 0.036 0.031 0.024 0.017 0.014 0.012 0.012 0.015 0.027 0.082 0.276 0.679 1.022 1.172 1.235 1.292 1.353 1.433 1.538 1.670 1.840 2.046 2.297 2.751 3.780 5.775 8.234 9.895 10.890 11.636 12.293 12.762 12.933 12.885 12.689 12.338 11.805 11.314 11.099 11.155 11.685 12.789 14.268 15.901
0.000 0.000 0.000 0.000 0.000 0.000 0.000 0.000 0.000 0.000 0.000 0.000 0.000 0.000 0.000 0.000 0.000 0.000 0.000 0.000 0.001 0.002 0.005 0.010 0.016 0.025 0.036 0.046 0.053 0.057 0.059 0.059 0.058 0.056 0.049 0.037 0.026 0.020 0.018 0.018 0.021 0.039 0.124 0.428 0.960 1.270 1.353 1.373 1.390 1.412 1.457 1.532 1.641 1.794 1.995 2.244 2.651 3.530 5.234 7.270 8.567 9.347 9.966 10.477 10.775 10.824 10.721 10.426 9.918 9.314 8.959 8.922 9.247 10.078 11.334 12.827 14.467
0.000 0.000 0.000 0.000 0.000 0.000 0.000 0.000 0.000 0.000 0.000 0.000 0.000 0.000 0.000 0.000 0.000 0.000 0.000 0.000 0.001 0.004 0.009 0.016 0.026 0.039 0.055 0.069 0.078 0.084 0.086 0.087 0.086 0.082 0.072 0.056 0.039 0.029 0.024 0.024 0.026 0.045 0.138 0.496 1.126 1.433 1.479 1.471 1.446 1.429 1.443 1.496 1.588 1.727 1.916 2.161 2.525 3.250 4.629 6.157 7.012 7.481 7.873 8.225 8.442 8.481 8.381 8.105 7.671 7.276 7.117 7.222 7.753 8.735 10.016 11.437 12.978
0.000 0.000 0.000 0.000 0.000 0.000 0.000 0.000 0.000 0.000 0.000 0.000 0.000 0.000 0.000 0.000 0.000 0.000 0.000 0.000 0.001 0.005 0.013 0.024 0.039 0.057 0.080 0.099 0.112 0.120 0.123 0.124 0.122 0.117 0.105 0.084 0.057 0.040 0.032 0.030 0.032 0.048 0.137 0.497 1.184 1.525 1.562 1.526 1.460 1.411 1.403 1.437 1.514 1.637 1.808 2.029 2.335 2.876 3.881 4.991 5.578 5.819 5.949 6.064 6.151 6.173 6.126 5.958 5.692 5.539 5.547 5.808 6.449 7.441 8.646 9.930 11.271
0.000 0.000 0.000 0.000 0.000 0.000 0.000 0.000 0.000 0.000 0.000 0.000 0.000 0.000 0.000 0.000 0.000 0.000 0.000 0.000 0.001 0.005 0.016 0.034 0.056 0.082 0.113 0.139 0.157 0.168 0.172 0.172 0.170 0.164 0.150 0.124 0.086 0.056 0.042 0.037 0.038 0.052 0.130 0.460 1.150 1.545 1.596 1.544 1.447 1.369 1.344 1.364 1.422 1.522 1.664 1.842 2.062 2.390 3.016 3.819 4.263 4.387 4.375 4.340 4.310 4.279 4.229 4.105 3.980 3.959 4.079 4.476 5.173 6.100 7.136 8.218 9.324
0.000 0.000 0.000 0.000 0.000 0.000 0.000 0.000 0.000 0.000 0.000 0.000 0.000 0.000 0.000 0.000 0.000 0.000 0.000 0.000 0.001 0.004 0.016 0.040 0.075 0.115 0.157 0.191 0.215 0.229 0.235 0.236 0.234 0.226 0.211 0.180 0.131 0.084 0.058 0.048 0.047 0.058 0.120 0.384 1.007 1.477 1.583 1.538 1.423 1.311 1.261 1.266 1.310 1.386 1.488 1.607 1.749 1.945 2.293 2.803 3.112 3.198 3.163 3.096 3.017 2.932 2.816 2.653 2.564 2.562 2.689 3.089 3.776 4.610 5.487 6.438 7.485
0.000 0.000 0.000 0.000 0.000 0.000 0.000 0.000 0.000 0.000 0.000 0.000 0.000 0.000 0.000 0.000 0.000 0.000 0.000 0.000 0.000 0.003 0.014 0.041 0.087 0.146 0.208 0.255 0.289 0.308 0.316 0.318 0.316 0.308 0.290 0.256 0.198 0.129 0.086 0.067 0.064 0.073 0.121 0.293 0.762 1.282 1.486 1.485 1.378 1.229 1.134 1.112 1.146 1.215 1.298 1.382 1.474 1.589 1.768 2.033 2.210 2.280 2.269 2.223 2.154 2.042 1.850 1.611 1.484 1.455 1.508 1.725 2.180 2.857 3.690 4.678 5.766
0.000 0.000 0.000 0.000 0.000 0.000 0.000 0.000 0.000 0.000 0.000 0.000 0.000 0.000 0.000 0.000 0.000 0.000 0.000 0.000 0.000 0.002 0.010 0.037 0.088 0.162 0.252 0.329 0.379 0.408 0.421 0.423 0.422 0.414 0.394 0.357 0.290 0.200 0.136 0.105 0.098 0.104 0.141 0.252 0.531 0.974 1.256 1.319 1.260 1.108 0.941 0.854 0.856 0.913 1.010 1.122 1.217 1.297 1.390 1.498 1.569 1.603 1.597 1.565 1.513 1.400 1.180 0.915 0.761 0.704 0.697 0.760 0.971 1.400 2.066 2.964 3.960
0.000 0.000 0.000 0.000 0.000 0.000 0.000 0.000 0.000 0.000 0.000 0.000 0.000 0.000 0.000 0.000 0.000 0.000 0.000 0.000 0.000 0.001 0.005 0.027 0.079 0.163 0.273 0.400 0.488 0.532 0.553 0.558 0.557 0.550 0.531 0.490 0.415 0.305 0.218 0.171 0.156 0.158 0.184 0.260 0.416 0.686 0.918 1.012 1.009 0.911 0.720 0.555 0.486 0.498 0.591 0.754 0.908 1.012 1.081 1.106 1.109 1.103 1.083 1.051 1.005 0.899 0.700 0.485 0.360 0.301 0.279 0.279 0.337 0.526 0.906 1.472 1.995
0.000 0.000 0.000 0.000 0.000 0.000 0.000 0.000 0.000 0.000 0.000 0.000 0.000 0.000 0.000 0.000 0.000 0.000 0.000 0.000 0.000 0.000 0.002 0.014 0.058 0.147 0.273 0.438 0.598 0.686 0.717 0.726 0.726 0.721 0.696 0.636 0.534 0.414 0.323 0.266 0.241 0.238 0.251 0.294 0.382 0.521 0.647 0.711 0.721 0.679 0.553 0.385 0.276 0.240 0.262 0.364 0.526 0.671 0.767 0.786 0.757 0.724 0.692 0.656 0.605 0.511 0.366 0.239 0.168 0.131 0.115 0.110 0.117 0.165 0.298 0.526 0.672
0.000 0.000 0.000 0.000 0.000 0.000 0.000 0.000 0.000 0.000 0.000 0.000 0.000 0.000 0.000 0.000 0.000 0.000 0.000 0.000 0.000 0.000 0.001 0.005 0.031 0.107 0.244 0.435 0.668 0.837 0.907 0.922 0.921 0.900 0.842 0.742 0.609 0.489 0.402 0.345 0.316 0.308 0.311 0.333 0.383 0.449 0.500 0.529 0.536 0.513 0.434 0.301 0.193 0.135 0.120 0.145 0.226 0.330 0.426 0.478 0.467 0.428 0.392 0.357 0.309 0.241 0.165 0.111 0.081 0.063 0.055 0.052 0.052 0.061 0.092 0.145 0.162
0.000 0.000 0.000 0.000 0.000 0.000 0.000 0.000 0.000 0.000 0.000 0.000 0.000 0.000 0.000 0.000 0.000 0.000 0.000 0.000 0.000 0.000 0.000 0.002 0.010 0.052 0.168 0.376 0.667 0.932 1.069 1.096 1.088 1.041 0.944 0.799 0.648 0.530 0.446 0.390 0.358 0.346 0.344 0.353 0.380 0.412 0.426 0.430 0.424 0.399 0.340 0.243 0.155 0.099 0.072 0.067 0.086 0.128 0.175 0.211 0.220 0.201 0.175 0.152 0.128 0.098 0.070 0.053 0.042 0.035 0.031 0.029 0.029 0.031 0.038 0.047 0.049
0.000 0.000 0.000 0.000 0.000 0.000 0.000 0.000 0.000 0.000 0.000 0.000 0.000 0.000 0.000 0.000 0.000 0.000 0.000 0.000 0.000 0.000 0.000 0.001 0.003 0.016 0.069 0.224 0.539 0.924 1.157 1.223 1.206 1.133 0.997 0.820 0.664 0.547 0.463 0.407 0.373 0.357 0.352 0.356 0.368 0.376 0.374 0.365 0.347 0.317 0.266 0.195 0.128 0.083 0.055 0.042 0.041 0.049 0.062 0.076 0.081 0.076 0.065 0.057 0.051 0.043 0.034 0.029 0.024 0.022 0.020 0.019 0.019 0.019 0.021 0.023 0.023
0.000 0.000 0.000 0.000 0.000 0.000 0.000 0.000 0.000 0.000 0.000 0.000 0.000 0.000 0.000 0.000 0.000 0.000 0.000 0.000 0.000 0.000 0.000 0.001 0.002 0.007 0.024 0.081 0.281 0.708 1.115 1.269 1.263 1.173 1.013 0.821 0.666 0.550 0.466 0.410 0.375 0.356 0.348 0.345 0.343 0.337 0.325 0.308 0.285 0.254 0.210 0.154 0.105 0.070 0.047 0.033 0.027 0.026 0.027 0.031 0.033 0.032 0.028 0.026 0.024 0.022 0.020 0.017 0.016 0.014 0.013 0.013 0.012 0.013 0.013 0.014 0.014
0.000 0.000 0.000 0.000 0.000 0.000 0.000 0.000 0.000 0.000 0.000 0.000 0.000 0.000 0.000 0.000 0.000 0.000 0.000 0.000 0.000 0.000 0.001 0.002 0.004 0.011 0.025 0.047 0.103 0.345 0.821 1.178 1.248 1.171 1.004 0.810 0.658 0.544 0.461 0.403 0.365 0.342 0.327 0.316 0.305 0.292 0.276 0.256 0.232 0.203 0.165 0.121 0.084 0.057 0.039 0.027 0.021 0.017 0.016 0.016 0.017 0.016 0.015 0.015 0.014 0.013 0.013 0.011 0.010 0.009 0.009 0.008 0.008 0.008 0.008 0.009 0.009
0.000 0.000 0.000 0.000 0.000 0.000 0.000 0.000 0.000 0.000 0.000 0.000 0.000 0.000 0.000 0.000 0.000 0.000 0.000 0.000 0.000 0.001 0.002 0.004 0.011 0.027 0.047 0.060 0.065 0.117 0.390 0.844 1.082 1.074 0.948 0.771 0.628 0.520 0.440 0.379 0.335 0.303 0.280 0.266 0.253 0.240 0.224 0.206 0.185 0.160 0.129 0.093 0.065 0.045 0.031 0.022 0.016 0.012 0.010 0.010 0.010 0.009 0.009 0.009 0.008 0.008 0.008 0.007 0.006 0.006 0.006 0.005 0.005 0.005 0.005 0.005 0.005
0.000 0.000 0.000 0.000 0.000 0.000 0.000 0.000 0.000 0.000 0.000 0.000 0.000 0.000 0.000 0.000 0.000 0.000 0.000 0.000 0.001 0.001 0.004 0.011 0.027 0.051 0.065 0.068 0.064 0.059 0.130 0.419 0.728 0.821 0.784 0.678 0.564 0.470 0.394 0.331 0.279 0.237 0.209 0.195 0.188 0.180 0.170 0.157 0.142 0.122 0.098 0.070 0.048 0.033 0.022 0.015 0.011 0.008 0.006 0.006 0.005 0.005 0.005 0.005 0.005 0.005 0.004 0.004 0.004 0.003 0.003 0.003 0.003 0.003 0.003 0.003 0.003
0.000 0.000 0.000 0.000 0.000 0.000 0.000 0.000 0.000 0.000 0.000 0.000 0.000 0.000 0.000 0.000 0.000 0.000 0.000 0.000 0.001 0.003 0.008 0.024 0.048 0.066 0.070 0.068 0.055 0.040 0.052 0.177 0.404 0.513 0.527 0.505 0.452 0.388 0.322 0.261 0.209 0.168 0.139 0.124 0.118 0.116 0.113 0.107 0.099 0.086 0.069 0.049 0.033 0.022 0.014 0.009 0.006 0.004 0.003 0.003 0.003 0.002 0.002 0.002 0.002 0.002 0.002 0.002 0.002 0.002 0.001 0.001 0.001 0.001 0.001 0.001 0.001
0.000 0.000 0.000 0.000 0.000 0.000 0.000 0.000 0.000 0.000 0.000 0.000 0.000 0.000 0.000 0.000 0.000 0.000 0.000 0.001 0.002 0.006 0.017 0.040 0.062 0.069 0.069 0.058 0.033 0.020 0.026 0.083 0.218 0.306 0.327 0.326 0.310 0.279 0.237 0.192 0.152 0.119 0.093 0.076 0.067 0.064 0.062 0.059 0.055 0.049 0.040 0.028 0.019 0.012 0.007 0.004 0.002 0.002 0.001 0.001 0.001 0.001 0.001 0.001 0.001 0.001 0.001 0.001 0.001 0.001 0.000 0.000 0.000 0.000 0.000 0.000 0.000
0.000 0.000 0.000 0.000 0.000 0.000 0.000 0.000 0.000 0.000 0.000 0.000 0.000 0.000 0.000 0.000 0.000 0.000 0.000 0.001 0.003 0.010 0.027 0.053 0.066 0.067 0.060 0.036 0.014 0.009 0.014 0.044 0.119 0.182 0.203 0.206 0.203 0.190 0.168 0.141 0.111 0.085 0.063 0.047 0.037 0.031 0.028 0.025 0.023 0.020 0.016 0.012 0.007 0.004 0.002 0.001 0.001 0.001 0.000 0.000 0.000 0.000 0.000 0.000 0.000 0.000 0.000 0.000 0.000 0.000 0.000 0.000 0.000 0.000 0.000 0.000 0.000
0.000 0.000 0.000 0.000 0.000 0.000 0.000 0.000 0.000 0.000 0.000 0.000 0.000 0.000 0.000 0.000 0.000 0.000 0.001 0.001 0.005 0.016 0.039 0.058 0.064 0.060 0.041 0.016 0.005 0.004 0.007 0.024 0.065 0.105 0.123 0.129 0.129 0.125 0.115 0.100 0.081 0.061 0.044 0.030 0.021 0.015 0.011 0.009 0.007 0.006 0.004 0.003 0.002 0.001 0.001 0.000 0.000 0.000 0.000 0.000 0.000 0.000 0.000 0.000 0.000 0.000 0.000 0.000 0.000 0.000 0.000 0.000 0.000 0.000 0.000 0.000 0.000
0.000 0.000 0.000 0.000 0.000 0.000 0.000 0.000 0.000 0.000 0.000 0.000 0.000 0.000 0.000 0.000 0.000 0.000 0.001 0.003 0.009 0.025 0.049 0.058 0.058 0.047 0.022 0.007 0.003 0.002 0.004 0.013 0.033 0.057 0.070 0.076 0.078 0.078 0.075 0.068 0.057 0.044 0.031 0.020 0.013 0.008 0.005 0.003 0.002 0.001 0.001 0.001 0.000 0.000 0.000 0.000 0.000 0.000 0.000 0.000 0.000 0.000 0.000 0.000 0.000 0.000 0.000 0.000 0.000 0.000 0.000 0.000 0.000 0.000 0.000 0.000 0.000
0.000 0.000 0.000 0.000 0.000 0.000 0.000 0.000 0.000 0.000 0.000 0.000 0.000 0.000 0.000 0.000 0.000 0.000 0.001 0.004 0.013 0.035 0.053 0.056 0.051 0.031 0.010 0.003 0.001 0.001 0.002 0.006 0.016 0.028 0.035 0.039 0.042 0.043 0.043 0.041 0.037 0.030 0.021 0.013 0.008 0.004 0.002 0.001 0.001 0.001 0.000 0.000 0.000 0.000 0.000 0.000 0.000 0.000 0.000 0.000 0.000 0.000 0.000 0.000 0.000 0.000 0.000 0.000 0.000 0.000 0.000 0.000 0.000 0.000 0.000 0.000 0.000
0.000 0.000 0.000 0.000 0.000 0.000 0.000 0.000 0.000 0.000 0.000 0.000 0.000 0.000 0.000 0.000 0.000 0.001 0.002 0.007 0.020 0.042 0.052 0.052 0.040 0.017 0.005 0.002 0.002 0.001 0.001 0.003 0.007 0.012 0.014 0.016 0.018 0.019 0.020 0.020 0.019 0.017 0.012 0.008 0.004 0.002 0.001 0.001 0.000 0.000 0.000 0.000 0.000 0.000 0.000 0.000 0.000 0.000 0.000 0.000 0.000 0.000 0.000 0.000 0.000 0.000 0.000 0.000 0.000 0.000 0.000 0.000 0.000 0.000 0.000 0.000 0.000
0.000 0.000 0.000 0.000 0.000 0.000 0.000 0.000 0.000 0.000 0.000 0.000 0.000 0.000 0.000 0.000 0.000 0.001 0.003 0.011 0.029 0.046 0.050 0.045 0.026 0.008 0.002 0.001 0.001 0.001 0.001 0.001 0.002 0.004 0.005 0.005 0.005 0.006 0.006 0.007 0.007 0.007 0.006 0.004 0.002 0.001 0.001 0.000 0.000 0.000 0.000 0.000 0.000 0.000 0.000 0.000 0.000 0.000 0.000 0.000 0.000 0.000 0.000 0.000 0.000 0.000 0.000 0.000 0.000 0.000 0.000 0.000 0.000 0.000 0.000 0.000 0.000
0.000 0.000 0.000 0.000 0.000 0.000 0.000 0.000 0.000 0.000 0.000 0.000 0.000 0.000 0.000 0.000 0.001 0.002 0.006 0.017 0.036 0.047 0.047 0.036 0.015 0.005 0.002 0.002 0.001 0.001 0.001 0.001 0.001 0.001 0.001 0.001 0.001 0.001 0.002 0.002 0.002 0.002 0.002 0.001 0.001 0.000 0.000 0.000 0.000 0.000 0.000 0.000 0.000 0.000 0.000 0.000 0.000 0.000 0.000 0.000 0.000 0.000 0.000 0.000 0.000 0.000 0.000 0.000 0.000 0.000 0.000 0.000 0.000 0.000 0.000 0.000 0.000
