RESULTS/r.avaflow_results/31_results/31_ascii/31_hflow0019.asc
ncols 506
nrows 317
xllcenter 498237.50
yllcenter 5580050.00
cellsize 12.50
NODATA_value -9999.000
[rows 170 to 203 of 317, columns 77 to 153 of 506]
0.000 0.000 0.000 0.000 0.000 0.000 0.000 0.000 0.000 0.000 0.000 0.000 0.000 0.000 0.000 0.000 0.000 0.000 0.000 0.000 0.000 0.000 0.000 0.000 0.000 0.000 0.000 0.000 0.000 0.000 0.000 0.000 0.000 0.000 0.000 0.000 0.000 0.000 0.000 0.000 0.000 0.000 0.000 0.000 0.000 0.000 0.001 0.002 0.004 0.008 0.016 0.035 0.091 0.251 0.588 1.110 1.894 3.243 5.399 8.132 10.740 12.865 14.469 15.448 15.774 15.695 15.374 14.937 14.473 13.782 12.746 11.545 10.519 9.806 9.322 8.958 8.680
0.000 0.000 0.000 0.000 0.000 0.000 0.000 0.000 0.000 0.000 0.000 0.000 0.000 0.000 0.000 0.000 0.000 0.000 0.000 0.000 0.000 0.000 0.000 0.000 0.000 0.000 0.000 0.000 0.000 0.000 0.000 0.000 0.000 0.000 0.000 0.000 0.000 0.000 0.000 0.000 0.000 0.000 0.000 0.000 0.000 0.001 0.003 0.005 0.011 0.021 0.047 0.117 0.288 0.658 1.271 2.105 3.271 5.009 7.429 10.227 12.615 14.424 15.634 16.222 16.283 16.049 15.550 14.943 14.323 13.612 12.791 12.106 11.734 11.583 11.550 11.571 11.690
0.000 0.000 0.000 0.000 0.000 0.000 0.000 0.000 0.000 0.000 0.000 0.000 0.000 0.000 0.000 0.000 0.000 0.000 0.000 0.000 0.000 0.000 0.000 0.000 0.000 0.000 0.000 0.000 0.000 0.000 0.000 0.000 0.000 0.000 0.000 0.000 0.000 0.000 0.000 0.000 0.000 0.000 0.000 0.001 0.001 0.004 0.008 0.016 0.033 0.073 0.169 0.367 0.693 1.153 1.756 2.636 3.994 5.951 8.511 11.275 13.509 15.079 15.984 16.326 16.306 16.015 15.487 14.924 14.415 13.954 13.623 13.519 13.550 13.575 13.654 13.977 14.649
0.000 0.000 0.000 0.000 0.000 0.000 0.000 0.000 0.000 0.000 0.000 0.000 0.000 0.000 0.000 0.000 0.000 0.000 0.000 0.000 0.000 0.000 0.000 0.000 0.000 0.000 0.000 0.000 0.000 0.000 0.000 0.000 0.000 0.000 0.000 0.000 0.000 0.000 0.000 0.000 0.000 0.000 0.001 0.002 0.005 0.012 0.027 0.057 0.119 0.249 0.495 0.817 1.154 1.514 1.981 2.781 4.159 6.178 8.795 11.507 13.646 15.098 15.876 16.131 16.082 15.860 15.478 15.194 15.071 15.062 15.053 14.973 14.914 14.912 15.105 15.762 16.959
0.000 0.000 0.000 0.000 0.000 0.000 0.000 0.000 0.000 0.000 0.000 0.000 0.000 0.000 0.000 0.000 0.000 0.000 0.000 0.000 0.000 0.000 0.000 0.000 0.000 0.001 0.001 0.002 0.002 0.002 0.002 0.002 0.002 0.002 0.002 0.001 0.001 0.001 0.001 0.001 0.001 0.001 0.002 0.005 0.015 0.040 0.094 0.188 0.348 0.606 0.913 1.187 1.437 1.706 2.071 2.762 4.040 6.018 8.662 11.303 13.292 14.605 15.318 15.635 15.772 15.837 15.840 15.892 15.937 15.955 15.868 15.676 15.599 15.699 16.136 17.042 18.410
0.000 0.000 0.000 0.000 0.000 0.000 0.000 0.000 0.000 0.000 0.000 0.000 0.000 0.000 0.000 0.000 0.000 0.000 0.000 0.000 0.000 0.000 0.000 0.000 0.001 0.002 0.004 0.005 0.006 0.007 0.007 0.007 0.007 0.006 0.005 0.004 0.003 0.002 0.002 0.002 0.002 0.003 0.006 0.016 0.049 0.130 0.269 0.462 0.707 0.962 1.174 1.365 1.573 1.803 2.097 2.609 3.609 5.398 8.026 10.653 12.499 13.678 14.413 14.961 15.464 15.874 16.095 16.163 16.174 16.129 15.970 15.767 15.720 15.925 16.556 17.570 18.846
0.000 0.000 0.000 0.000 0.000 0.000 0.000 0.000 0.000 0.000 0.000 0.000 0.000 0.000 0.000 0.000 0.000 0.000 0.000 0.000 0.000 0.000 0.000 0.001 0.003 0.006 0.009 0.011 0.013 0.014 0.014 0.014 0.014 0.013 0.011 0.008 0.006 0.005 0.005 0.005 0.005 0.007 0.016 0.049 0.148 0.341 0.579 0.806 1.003 1.165 1.304 1.460 1.647 1.854 2.084 2.431 3.113 4.567 7.067 9.797 11.659 12.796 13.574 14.313 15.061 15.623 15.840 15.837 15.762 15.626 15.368 15.163 15.147 15.455 16.218 17.295 18.527
0.000 0.000 0.000 0.000 0.000 0.000 0.000 0.000 0.000 0.000 0.000 0.000 0.000 0.000 0.000 0.000 0.000 0.000 0.000 0.000 0.000 0.000 0.002 0.003 0.006 0.011 0.016 0.020 0.023 0.025 0.025 0.025 0.025 0.023 0.020 0.014 0.011 0.009 0.008 0.008 0.009 0.015 0.039 0.130 0.365 0.687 0.930 1.075 1.183 1.282 1.392 1.525 1.681 1.862 2.061 2.339 2.863 4.059 6.326 9.016 10.849 11.954 12.757 13.541 14.248 14.666 14.746 14.650 14.458 14.173 13.787 13.549 13.534 13.882 14.776 16.047 17.432
0.000 0.000 0.000 0.000 0.000 0.000 0.000 0.000 0.000 0.000 0.000 0.000 0.000 0.000 0.000 0.000 0.000 0.000 0.000 0.000 0.000 0.001 0.004 0.007 0.012 0.018 0.026 0.033 0.037 0.039 0.040 0.040 0.039 0.037 0.032 0.024 0.017 0.014 0.012 0.012 0.015 0.028 0.084 0.283 0.692 1.038 1.190 1.254 1.312 1.374 1.454 1.556 1.682 1.841 2.031 2.277 2.731 3.753 5.738 8.193 9.858 10.871 11.632 12.307 12.793 12.976 12.933 12.745 12.403 11.875 11.381 11.161 11.213 11.739 12.833 14.301 15.928
0.000 0.000 0.000 0.000 0.000 0.000 0.000 0.000 0.000 0.000 0.000 0.000 0.000 0.000 0.000 0.000 0.000 0.000 0.000 0.000 0.001 0.003 0.007 0.012 0.019 0.029 0.041 0.050 0.056 0.059 0.060 0.060 0.060 0.056 0.049 0.037 0.026 0.020 0.018 0.018 0.021 0.039 0.125 0.430 0.966 1.279 1.365 1.388 1.410 1.434 1.478 1.551 1.656 1.802 1.990 2.226 2.630 3.502 5.193 7.219 8.520 9.314 9.947 10.477 10.793 10.853 10.759 10.477 9.982 9.382 9.023 8.982 9.300 10.122 11.363 12.845 14.477
0.000 0.000 0.000 0.000 0.000 0.000 0.000 0.000 0.000 0.000 0.000 0.000 0.000 0.000 0.000 0.000 0.000 0.000 0.000 0.000 0.001 0.005 0.011 0.019 0.030 0.044 0.060 0.073 0.081 0.086 0.088 0.088 0.087 0.082 0.072 0.055 0.038 0.028 0.024 0.023 0.026 0.044 0.137 0.494 1.124 1.435 1.485 1.483 1.466 1.451 1.464 1.516 1.606 1.742 1.925 2.158 2.516 3.232 4.593 6.103 6.957 7.431 7.834 8.202 8.439 8.492 8.404 8.145 7.723 7.331 7.171 7.273 7.799 8.769 10.033 11.442 12.974
0.000 0.000 0.000 0.000 0.000 0.000 0.000 0.000 0.000 0.000 0.000 0.000 0.000 0.000 0.000 0.000 0.000 0.000 0.000 0.000 0.001 0.006 0.016 0.029 0.045 0.065 0.087 0.104 0.116 0.122 0.124 0.125 0.123 0.117 0.105 0.083 0.056 0.039 0.031 0.029 0.030 0.047 0.135 0.493 1.177 1.521 1.562 1.535 1.479 1.431 1.423 1.457 1.535 1.659 1.828 2.044 2.343 2.875 3.861 4.948 5.522 5.758 5.892 6.019 6.121 6.156 6.120 5.970 5.721 5.575 5.586 5.848 6.486 7.466 8.652 9.921 11.253
0.000 0.000 0.000 0.000 0.000 0.000 0.000 0.000 0.000 0.000 0.000 0.000 0.000 0.000 0.000 0.000 0.000 0.000 0.000 0.000 0.001 0.006 0.018 0.039 0.064 0.094 0.122 0.145 0.161 0.170 0.173 0.173 0.170 0.163 0.148 0.122 0.083 0.054 0.040 0.035 0.036 0.049 0.126 0.451 1.138 1.537 1.592 1.549 1.463 1.387 1.361 1.382 1.443 1.547 1.693 1.873 2.091 2.414 3.028 3.802 4.219 4.330 4.317 4.286 4.261 4.238 4.195 4.091 3.984 3.972 4.103 4.506 5.202 6.114 7.130 8.196 9.293
0.000 0.000 0.000 0.000 0.000 0.000 0.000 0.000 0.000 0.000 0.000 0.000 0.000 0.000 0.000 0.000 0.000 0.000 0.000 0.000 0.001 0.005 0.018 0.045 0.084 0.129 0.168 0.198 0.219 0.231 0.235 0.235 0.233 0.224 0.207 0.176 0.127 0.081 0.055 0.045 0.044 0.054 0.112 0.366 0.982 1.463 1.577 1.539 1.436 1.325 1.273 1.279 1.325 1.407 1.518 1.644 1.791 1.987 2.333 2.815 3.093 3.159 3.115 3.045 2.964 2.879 2.767 2.622 2.551 2.558 2.696 3.105 3.793 4.611 5.469 6.402 7.432
0.000 0.000 0.000 0.000 0.000 0.000 0.000 0.000 0.000 0.000 0.000 0.000 0.000 0.000 0.000 0.000 0.000 0.000 0.000 0.000 0.001 0.003 0.015 0.045 0.095 0.160 0.220 0.263 0.292 0.309 0.315 0.315 0.313 0.304 0.284 0.249 0.191 0.124 0.082 0.063 0.060 0.067 0.108 0.265 0.720 1.257 1.475 1.483 1.386 1.240 1.142 1.119 1.155 1.227 1.317 1.411 1.513 1.640 1.827 2.070 2.219 2.266 2.241 2.188 2.111 1.992 1.797 1.574 1.463 1.444 1.503 1.727 2.182 2.846 3.659 4.622 5.689
0.000 0.000 0.000 0.000 0.000 0.000 0.000 0.000 0.000 0.000 0.000 0.000 0.000 0.000 0.000 0.000 0.000 0.000 0.000 0.000 0.000 0.002 0.011 0.040 0.096 0.174 0.266 0.339 0.383 0.407 0.417 0.418 0.416 0.407 0.386 0.347 0.280 0.192 0.130 0.098 0.090 0.094 0.124 0.219 0.481 0.933 1.238 1.313 1.261 1.115 0.947 0.858 0.861 0.920 1.024 1.146 1.255 1.352 1.458 1.551 1.601 1.614 1.593 1.552 1.490 1.369 1.142 0.887 0.745 0.694 0.691 0.757 0.969 1.389 2.034 2.896 3.857
0.000 0.000 0.000 0.000 0.000 0.000 0.000 0.000 0.000 0.000 0.000 0.000 0.000 0.000 0.000 0.000 0.000 0.000 0.000 0.000 0.000 0.001 0.006 0.029 0.085 0.174 0.288 0.411 0.492 0.530 0.547 0.550 0.548 0.541 0.519 0.477 0.402 0.293 0.208 0.160 0.143 0.142 0.162 0.223 0.362 0.632 0.891 0.999 1.002 0.911 0.724 0.558 0.489 0.502 0.601 0.776 0.944 1.064 1.148 1.166 1.155 1.133 1.099 1.058 1.003 0.887 0.682 0.472 0.352 0.297 0.276 0.277 0.335 0.519 0.884 1.424 1.923
0.000 0.000 0.000 0.000 0.000 0.000 0.000 0.000 0.000 0.000 0.000 0.000 0.000 0.000 0.000 0.000 0.000 0.000 0.000 0.000 0.000 0.000 0.002 0.015 0.062 0.156 0.286 0.451 0.602 0.682 0.709 0.715 0.714 0.708 0.682 0.624 0.523 0.403 0.311 0.251 0.223 0.216 0.223 0.254 0.328 0.465 0.614 0.693 0.709 0.673 0.555 0.389 0.279 0.242 0.267 0.379 0.557 0.718 0.826 0.845 0.809 0.764 0.721 0.677 0.617 0.513 0.362 0.236 0.166 0.130 0.114 0.109 0.116 0.163 0.290 0.504 0.642
0.000 0.000 0.000 0.000 0.000 0.000 0.000 0.000 0.000 0.000 0.000 0.000 0.000 0.000 0.000 0.000 0.000 0.000 0.000 0.000 0.000 0.000 0.001 0.006 0.033 0.113 0.255 0.447 0.673 0.833 0.897 0.910 0.907 0.887 0.831 0.733 0.600 0.479 0.390 0.331 0.298 0.286 0.286 0.299 0.336 0.400 0.468 0.509 0.522 0.507 0.436 0.308 0.197 0.139 0.123 0.151 0.240 0.360 0.469 0.525 0.513 0.469 0.424 0.381 0.325 0.249 0.166 0.112 0.081 0.063 0.054 0.051 0.052 0.060 0.090 0.139 0.155
0.000 0.000 0.000 0.000 0.000 0.000 0.000 0.000 0.000 0.000 0.000 0.000 0.000 0.000 0.000 0.000 0.000 0.000 0.000 0.000 0.000 0.000 0.000 0.002 0.011 0.056 0.176 0.388 0.675 0.928 1.059 1.085 1.075 1.032 0.936 0.794 0.643 0.523 0.436 0.377 0.341 0.325 0.321 0.325 0.343 0.376 0.400 0.411 0.413 0.396 0.345 0.252 0.160 0.102 0.074 0.070 0.091 0.140 0.195 0.236 0.249 0.230 0.197 0.168 0.138 0.102 0.072 0.054 0.042 0.035 0.031 0.029 0.029 0.031 0.038 0.046 0.047
0.000 0.000 0.000 0.000 0.000 0.000 0.000 0.000 0.000 0.000 0.000 0.000 0.000 0.000 0.000 0.000 0.000 0.000 0.000 0.000 0.000 0.000 0.000 0.001 0.003 0.017 0.074 0.236 0.552 0.926 1.149 1.213 1.196 1.128 0.993 0.817 0.661 0.541 0.455 0.396 0.359 0.339 0.332 0.333 0.342 0.353 0.358 0.354 0.342 0.318 0.273 0.204 0.134 0.087 0.058 0.045 0.043 0.053 0.069 0.085 0.091 0.086 0.073 0.063 0.054 0.044 0.035 0.029 0.025 0.022 0.020 0.019 0.019 0.019 0.021 0.023 0.023
0.000 0.000 0.000 0.000 0.000 0.000 0.000 0.000 0.000 0.000 0.000 0.000 0.000 0.000 0.000 0.000 0.000 0.000 0.000 0.000 0.000 0.000 0.000 0.001 0.002 0.007 0.025 0.086 0.295 0.724 1.114 1.261 1.257 1.170 1.012 0.820 0.663 0.545 0.459 0.399 0.361 0.340 0.331 0.328 0.329 0.326 0.318 0.305 0.286 0.257 0.217 0.163 0.111 0.074 0.050 0.035 0.029 0.028 0.030 0.034 0.035 0.035 0.031 0.028 0.025 0.023 0.020 0.018 0.016 0.014 0.013 0.013 0.013 0.013 0.013 0.014 0.014
0.000 0.000 0.000 0.000 0.000 0.000 0.000 0.000 0.000 0.000 0.000 0.000 0.000 0.000 0.000 0.000 0.000 0.000 0.000 0.000 0.000 0.000 0.001 0.002 0.004 0.010 0.023 0.045 0.108 0.363 0.837 1.179 1.247 1.170 1.006 0.812 0.657 0.541 0.455 0.395 0.355 0.330 0.317 0.308 0.301 0.291 0.277 0.259 0.236 0.209 0.173 0.128 0.090 0.062 0.042 0.029 0.022 0.019 0.017 0.017 0.018 0.017 0.016 0.015 0.014 0.014 0.013 0.011 0.010 0.009 0.009 0.008 0.008 0.008 0.009 0.009 0.009
0.000 0.000 0.000 0.000 0.000 0.000 0.000 0.000 0.000 0.000 0.000 0.000 0.000 0.000 0.000 0.000 0.000 0.000 0.000 0.000 0.000 0.001 0.001 0.004 0.010 0.024 0.043 0.056 0.063 0.123 0.411 0.864 1.094 1.083 0.956 0.778 0.631 0.521 0.438 0.376 0.331 0.300 0.280 0.268 0.258 0.247 0.232 0.213 0.192 0.166 0.135 0.100 0.070 0.049 0.034 0.024 0.017 0.013 0.011 0.010 0.010 0.010 0.009 0.009 0.009 0.008 0.008 0.007 0.007 0.006 0.006 0.005 0.005 0.005 0.005 0.005 0.005
0.000 0.000 0.000 0.000 0.000 0.000 0.000 0.000 0.000 0.000 0.000 0.000 0.000 0.000 0.000 0.000 0.000 0.000 0.000 0.000 0.000 0.001 0.003 0.010 0.025 0.047 0.061 0.064 0.061 0.059 0.141 0.448 0.757 0.846 0.804 0.693 0.574 0.477 0.399 0.336 0.284 0.244 0.217 0.205 0.199 0.192 0.181 0.166 0.149 0.128 0.103 0.075 0.053 0.036 0.025 0.017 0.012 0.009 0.007 0.006 0.006 0.006 0.005 0.005 0.005 0.005 0.005 0.004 0.004 0.003 0.003 0.003 0.003 0.003 0.003 0.003 0.003
0.000 0.000 0.000 0.000 0.000 0.000 0.000 0.000 0.000 0.000 0.000 0.000 0.000 0.000 0.000 0.000 0.000 0.000 0.000 0.000 0.001 0.003 0.008 0.022 0.045 0.062 0.066 0.064 0.052 0.041 0.058 0.197 0.432 0.539 0.553 0.529 0.472 0.403 0.336 0.273 0.219 0.176 0.147 0.132 0.127 0.125 0.123 0.116 0.106 0.091 0.073 0.053 0.036 0.024 0.016 0.010 0.006 0.004 0.003 0.003 0.003 0.003 0.003 0.003 0.002 0.002 0.002 0.002 0.002 0.002 0.002 0.001 0.001 0.001 0.001 0.001 0.001
0.000 0.000 0.000 0.000 0.000 0.000 0.000 0.000 0.000 0.000 0.000 0.000 0.000 0.000 0.000 0.000 0.000 0.000 0.000 0.001 0.001 0.005 0.015 0.037 0.058 0.065 0.065 0.055 0.032 0.021 0.030 0.095 0.239 0.328 0.349 0.347 0.332 0.300 0.254 0.205 0.162 0.126 0.099 0.081 0.072 0.069 0.067 0.064 0.060 0.053 0.043 0.030 0.020 0.013 0.008 0.004 0.003 0.002 0.001 0.001 0.001 0.001 0.001 0.001 0.001 0.001 0.001 0.001 0.001 0.001 0.000 0.000 0.000 0.000 0.000 0.000 0.000
0.000 0.000 0.000 0.000 0.000 0.000 0.000 0.000 0.000 0.000 0.000 0.000 0.000 0.000 0.000 0.000 0.000 0.000 0.000 0.001 0.003 0.009 0.025 0.049 0.062 0.063 0.057 0.035 0.014 0.010 0.017 0.052 0.133 0.198 0.220 0.223 0.219 0.206 0.183 0.152 0.120 0.091 0.068 0.050 0.040 0.034 0.030 0.027 0.025 0.022 0.018 0.012 0.008 0.005 0.003 0.001 0.001 0.001 0.000 0.000 0.000 0.000 0.000 0.000 0.000 0.000 0.000 0.000 0.000 0.000 0.000 0.000 0.000 0.000 0.000 0.000 0.000
0.000 0.000 0.000 0.000 0.000 0.000 0.000 0.000 0.000 0.000 0.000 0.000 0.000 0.000 0.000 0.000 0.000 0.000 0.001 0.001 0.005 0.015 0.037 0.055 0.060 0.057 0.039 0.015 0.005 0.004 0.009 0.029 0.074 0.117 0.135 0.141 0.141 0.137 0.126 0.110 0.089 0.067 0.048 0.033 0.023 0.016 0.012 0.010 0.008 0.006 0.005 0.003 0.002 0.001 0.001 0.000 0.000 0.000 0.000 0.000 0.000 0.000 0.000 0.000 0.000 0.000 0.000 0.000 0.000 0.000 0.000 0.000 0.000 0.000 0.000 0.000 0.000
0.000 0.000 0.000 0.000 0.000 0.000 0.000 0.000 0.000 0.000 0.000 0.000 0.000 0.000 0.000 0.000 0.000 0.000 0.001 0.002 0.008 0.024 0.046 0.055 0.056 0.045 0.021 0.007 0.003 0.002 0.005 0.016 0.040 0.064 0.078 0.084 0.087 0.086 0.083 0.075 0.063 0.048 0.034 0.022 0.014 0.009 0.005 0.003 0.002 0.002 0.001 0.001 0.001 0.000 0.000 0.000 0.000 0.000 0.000 0.000 0.000 0.000 0.000 0.000 0.000 0.000 0.000 0.000 0.000 0.000 0.000 0.000 0.000 0.000 0.000 0.000 0.000
0.000 0.000 0.000 0.000 0.000 0.000 0.000 0.000 0.000 0.000 0.000 0.000 0.000 0.000 0.000 0.000 0.000 0.000 0.001 0.004 0.012 0.032 0.050 0.053 0.049 0.030 0.010 0.003 0.001 0.001 0.002 0.008 0.020 0.032 0.040 0.044 0.046 0.048 0.047 0.045 0.040 0.033 0.023 0.014 0.008 0.005 0.003 0.001 0.001 0.001 0.000 0.000 0.000 0.000 0.000 0.000 0.000 0.000 0.000 0.000 0.000 0.000 0.000 0.000 0.000 0.000 0.000 0.000 0.000 0.000 0.000 0.000 0.000 0.000 0.000 0.000 0.000
0.000 0.000 0.000 0.000 0.000 0.000 0.000 0.000 0.000 0.000 0.000 0.000 0.000 0.000 0.000 0.000 0.000 0.001 0.002 0.006 0.019 0.040 0.050 0.050 0.038 0.016 0.005 0.001 0.001 0.001 0.001 0.004 0.009 0.014 0.017 0.018 0.020 0.021 0.022 0.022 0.021 0.018 0.014 0.008 0.005 0.002 0.001 0.001 0.000 0.000 0.000 0.000 0.000 0.000 0.000 0.000 0.000 0.000 0.000 0.000 0.000 0.000 0.000 0.000 0.000 0.000 0.000 0.000 0.000 0.000 0.000 0.000 0.000 0.000 0.000 0.000 0.000
0.000 0.000 0.000 0.000 0.000 0.000 0.000 0.000 0.000 0.000 0.000 0.000 0.000 0.000 0.000 0.000 0.000 0.001 0.003 0.010 0.027 0.044 0.047 0.043 0.025 0.008 0.003 0.002 0.001 0.001 0.001 0.001 0.003 0.005 0.006 0.006 0.006 0.007 0.007 0.007 0.008 0.008 0.006 0.004 0.002 0.001 0.001 0.000 0.000 0.000 0.000 0.000 0.000 0.000 0.000 0.000 0.000 0.000 0.000 0.000 0.000 0.000 0.000 0.000 0.000 0.000 0.000 0.000 0.000 0.000 0.000 0.000 0.000 0.000 0.000 0.000 0.000
0.000 0.000 0.000 0.000 0.000 0.000 0.000 0.000 0.000 0.000 0.000 0.000 0.000 0.000 0.000 0.000 0.001 0.002 0.005 0.016 0.034 0.044 0.044 0.035 0.014 0.004 0.002 0.001 0.001 0.001 0.001 0.001 0.001 0.002 0.002 0.002 0.002 0.002 0.002 0.002 0.002 0.002 0.002 0.002 0.001 0.001 0.000 0.000 0.000 0.000 0.000 0.000 0.000 0.000 0.000 0.000 0.000 0.000 0.000 0.000 0.000 0.000 0.000 0.000 0.000 0.000 0.000 0.000 0.000 0.000 0.000 0.000 0.000 0.000 0.000 0.000 0.000
