RESULTS/r.avaflow_results/31_results/31_ascii/31_hflow0032.asc
ncols 506
nrows 317
xllcenter 498237.50
yllcenter 5580050.00
cellsize 12.50
NODATA_value -9999.000
[rows 170 to 203 of 317, columns 77 to 153 of 506]
0.000 0.000 0.000 0.000 0.000 0.000 0.000 0.000 0.000 0.000 0.000 0.000 0.000 0.000 0.000 0.000 0.000 0.000 0.000 0.000 0.000 0.000 0.000 0.000 0.000 0.000 0.000 0.000 0.000 0.000 0.000 0.000 0.000 0.000 0.000 0.000 0.000 0.000 0.000 0.000 0.000 0.000 0.000 0.000 0.000 0.000 0.001 0.002 0.004 0.008 0.016 0.035 0.097 0.280 0.665 1.229 2.013 3.304 5.350 7.961 10.504 12.582 14.155 15.119 15.447 15.363 15.055 14.625 14.165 13.480 12.444 11.239 10.213 9.509 9.034 8.681 8.413
0.000 0.000 0.000 0.000 0.000 0.000 0.000 0.000 0.000 0.000 0.000 0.000 0.000 0.000 0.000 0.000 0.000 0.000 0.000 0.000 0.000 0.000 0.000 0.000 0.000 0.000 0.000 0.000 0.000 0.000 0.000 0.000 0.000 0.000 0.000 0.000 0.000 0.000 0.000 0.000 0.000 0.000 0.000 0.000 0.000 0.001 0.003 0.005 0.010 0.020 0.046 0.120 0.311 0.724 1.384 2.237 3.369 5.024 7.335 10.040 12.366 14.133 15.315 15.895 15.958 15.727 15.245 14.649 14.032 13.319 12.496 11.815 11.452 11.313 11.296 11.336 11.478
0.000 0.000 0.000 0.000 0.000 0.000 0.000 0.000 0.000 0.000 0.000 0.000 0.000 0.000 0.000 0.000 0.000 0.000 0.000 0.000 0.000 0.000 0.000 0.000 0.000 0.000 0.000 0.000 0.000 0.000 0.000 0.000 0.000 0.000 0.000 0.000 0.000 0.000 0.000 0.000 0.000 0.000 0.000 0.001 0.001 0.003 0.008 0.016 0.031 0.070 0.169 0.383 0.747 1.257 1.887 2.756 4.066 5.943 8.412 11.095 13.262 14.790 15.666 16.006 15.986 15.706 15.198 14.640 14.132 13.673 13.346 13.251 13.298 13.334 13.431 13.774 14.468
0.000 0.000 0.000 0.000 0.000 0.000 0.000 0.000 0.000 0.000 0.000 0.000 0.000 0.000 0.000 0.000 0.000 0.000 0.000 0.000 0.000 0.000 0.001 0.001 0.001 0.002 0.002 0.002 0.002 0.002 0.002 0.002 0.002 0.002 0.001 0.001 0.001 0.000 0.000 0.000 0.000 0.000 0.001 0.002 0.004 0.011 0.025 0.054 0.115 0.246 0.511 0.877 1.262 1.651 2.122 2.887 4.209 6.155 8.701 11.332 13.400 14.815 15.573 15.830 15.787 15.568 15.200 14.918 14.803 14.801 14.802 14.737 14.691 14.698 14.909 15.587 16.808
0.000 0.000 0.000 0.000 0.000 0.000 0.000 0.000 0.000 0.000 0.000 0.000 0.000 0.000 0.000 0.000 0.000 0.000 0.000 0.000 0.000 0.001 0.002 0.003 0.004 0.005 0.006 0.006 0.006 0.006 0.006 0.006 0.005 0.005 0.004 0.003 0.002 0.001 0.001 0.001 0.001 0.001 0.002 0.005 0.013 0.037 0.089 0.185 0.352 0.628 0.974 1.294 1.577 1.848 2.201 2.854 4.079 5.994 8.568 11.139 13.066 14.349 15.046 15.360 15.500 15.567 15.578 15.636 15.696 15.721 15.649 15.474 15.404 15.514 15.972 16.902 18.293
0.000 0.000 0.000 0.000 0.000 0.000 0.000 0.000 0.000 0.000 0.000 0.000 0.000 0.000 0.000 0.000 0.000 0.000 0.000 0.000 0.001 0.002 0.004 0.007 0.009 0.011 0.012 0.012 0.012 0.012 0.012 0.012 0.011 0.010 0.008 0.006 0.004 0.003 0.002 0.002 0.002 0.003 0.005 0.014 0.044 0.123 0.265 0.474 0.741 1.024 1.268 1.491 1.710 1.923 2.204 2.686 3.636 5.381 7.961 10.525 12.308 13.454 14.173 14.708 15.207 15.622 15.851 15.930 15.945 15.911 15.772 15.582 15.540 15.762 16.422 17.461 18.755
0.000 0.000 0.000 0.000 0.000 0.000 0.000 0.000 0.000 0.000 0.000 0.000 0.000 0.000 0.000 0.000 0.000 0.000 0.000 0.001 0.002 0.005 0.009 0.013 0.016 0.019 0.020 0.021 0.022 0.022 0.022 0.021 0.020 0.018 0.014 0.010 0.007 0.005 0.005 0.005 0.005 0.006 0.013 0.042 0.136 0.333 0.591 0.840 1.057 1.241 1.402 1.575 1.763 1.951 2.175 2.507 3.141 4.552 7.028 9.688 11.477 12.583 13.350 14.073 14.820 15.385 15.611 15.616 15.549 15.426 15.188 14.995 14.985 15.310 16.100 17.203 18.454
0.000 0.000 0.000 0.000 0.000 0.000 0.000 0.000 0.000 0.000 0.000 0.000 0.000 0.000 0.000 0.000 0.000 0.000 0.001 0.002 0.005 0.009 0.015 0.021 0.026 0.030 0.032 0.034 0.034 0.034 0.034 0.033 0.032 0.028 0.022 0.016 0.011 0.009 0.008 0.008 0.008 0.013 0.032 0.113 0.339 0.674 0.938 1.100 1.227 1.346 1.475 1.626 1.785 1.951 2.143 2.421 2.907 4.056 6.300 8.915 10.675 11.754 12.547 13.318 14.028 14.452 14.536 14.445 14.264 13.992 13.625 13.397 13.389 13.755 14.676 15.974 17.380
0.000 0.000 0.000 0.000 0.000 0.000 0.000 0.000 0.000 0.000 0.000 0.000 0.000 0.000 0.000 0.000 0.000 0.000 0.001 0.004 0.009 0.016 0.024 0.033 0.040 0.045 0.048 0.050 0.051 0.051 0.051 0.050 0.047 0.042 0.034 0.024 0.017 0.013 0.011 0.011 0.013 0.023 0.069 0.243 0.624 0.982 1.158 1.246 1.325 1.415 1.528 1.655 1.788 1.935 2.110 2.361 2.788 3.767 5.724 8.099 9.695 10.688 11.439 12.106 12.596 12.782 12.737 12.558 12.231 11.721 11.241 11.027 11.087 11.634 12.756 14.252 15.899
0.000 0.000 0.000 0.000 0.000 0.000 0.000 0.000 0.000 0.000 0.000 0.000 0.000 0.000 0.000 0.000 0.000 0.000 0.001 0.005 0.012 0.023 0.037 0.049 0.058 0.065 0.070 0.072 0.073 0.073 0.073 0.072 0.068 0.061 0.050 0.035 0.024 0.018 0.016 0.015 0.017 0.030 0.098 0.356 0.848 1.170 1.281 1.333 1.391 1.461 1.550 1.657 1.778 1.917 2.081 2.312 2.697 3.538 5.195 7.134 8.368 9.150 9.774 10.295 10.609 10.665 10.567 10.298 9.825 9.244 8.896 8.859 9.193 10.042 11.315 12.824 14.479
0.000 0.000 0.000 0.000 0.000 0.000 0.000 0.000 0.000 0.000 0.000 0.000 0.000 0.000 0.000 0.000 0.000 0.000 0.001 0.005 0.013 0.028 0.050 0.069 0.082 0.091 0.097 0.100 0.102 0.102 0.102 0.100 0.095 0.087 0.072 0.051 0.034 0.025 0.020 0.019 0.020 0.033 0.105 0.400 0.967 1.276 1.351 1.386 1.425 1.473 1.538 1.631 1.752 1.898 2.064 2.274 2.614 3.307 4.625 6.035 6.830 7.295 7.682 8.037 8.263 8.305 8.215 7.974 7.581 7.204 7.050 7.162 7.713 8.719 10.016 11.451 13.007
0.000 0.000 0.000 0.000 0.000 0.000 0.000 0.000 0.000 0.000 0.000 0.000 0.000 0.000 0.000 0.000 0.000 0.000 0.001 0.004 0.011 0.028 0.057 0.090 0.111 0.123 0.132 0.137 0.139 0.139 0.139 0.137 0.130 0.119 0.101 0.074 0.048 0.033 0.025 0.022 0.023 0.034 0.102 0.396 0.994 1.325 1.390 1.409 1.426 1.452 1.501 1.582 1.703 1.858 2.038 2.240 2.518 3.023 3.951 4.944 5.468 5.679 5.796 5.913 6.006 6.028 5.983 5.844 5.617 5.476 5.491 5.770 6.437 7.451 8.667 9.961 11.313
0.000 0.000 0.000 0.000 0.000 0.000 0.000 0.000 0.000 0.000 0.000 0.000 0.000 0.000 0.000 0.000 0.000 0.000 0.000 0.002 0.007 0.022 0.056 0.105 0.143 0.163 0.175 0.182 0.186 0.186 0.186 0.183 0.175 0.161 0.140 0.108 0.071 0.045 0.031 0.026 0.026 0.034 0.090 0.350 0.940 1.323 1.401 1.408 1.401 1.401 1.433 1.507 1.620 1.773 1.956 2.152 2.370 2.677 3.241 3.921 4.271 4.342 4.309 4.267 4.236 4.203 4.151 4.053 3.956 3.942 4.074 4.486 5.200 6.137 7.178 8.264 9.376
0.000 0.000 0.000 0.000 0.000 0.000 0.000 0.000 0.000 0.000 0.000 0.000 0.000 0.000 0.000 0.000 0.000 0.000 0.000 0.001 0.003 0.014 0.047 0.108 0.169 0.207 0.227 0.238 0.243 0.245 0.244 0.240 0.231 0.215 0.191 0.155 0.106 0.066 0.042 0.032 0.030 0.034 0.068 0.254 0.764 1.231 1.375 1.384 1.352 1.311 1.317 1.378 1.483 1.625 1.797 1.972 2.145 2.341 2.660 3.060 3.266 3.285 3.216 3.128 3.039 2.952 2.844 2.704 2.631 2.631 2.764 3.169 3.855 4.684 5.559 6.509 7.556
0.000 0.000 0.000 0.000 0.000 0.000 0.000 0.000 0.000 0.000 0.000 0.000 0.000 0.000 0.000 0.000 0.000 0.000 0.000 0.000 0.001 0.007 0.033 0.097 0.180 0.244 0.284 0.303 0.313 0.316 0.315 0.312 0.302 0.285 0.258 0.217 0.158 0.100 0.063 0.044 0.037 0.039 0.055 0.148 0.492 0.997 1.258 1.306 1.268 1.186 1.138 1.156 1.233 1.367 1.535 1.697 1.853 2.021 2.223 2.411 2.501 2.502 2.446 2.368 2.277 2.162 1.994 1.776 1.648 1.609 1.653 1.858 2.302 2.972 3.802 4.788 5.870
0.000 0.000 0.000 0.000 0.000 0.000 0.000 0.000 0.000 0.000 0.000 0.000 0.000 0.000 0.000 0.000 0.000 0.000 0.000 0.000 0.000 0.003 0.019 0.073 0.166 0.260 0.332 0.376 0.395 0.403 0.404 0.401 0.391 0.374 0.345 0.299 0.233 0.156 0.099 0.067 0.053 0.050 0.058 0.098 0.264 0.662 1.007 1.125 1.114 1.023 0.899 0.836 0.859 0.958 1.139 1.349 1.535 1.716 1.868 1.943 1.956 1.934 1.880 1.810 1.730 1.614 1.425 1.165 0.984 0.891 0.857 0.897 1.085 1.503 2.176 3.097 4.110
0.000 0.000 0.000 0.000 0.000 0.000 0.000 0.000 0.000 0.000 0.000 0.000 0.000 0.000 0.000 0.000 0.000 0.000 0.000 0.000 0.000 0.001 0.008 0.043 0.130 0.247 0.356 0.443 0.491 0.509 0.514 0.512 0.504 0.488 0.458 0.409 0.336 0.240 0.160 0.109 0.081 0.071 0.071 0.086 0.157 0.370 0.658 0.809 0.836 0.780 0.639 0.506 0.455 0.486 0.640 0.911 1.174 1.390 1.532 1.571 1.547 1.502 1.441 1.370 1.294 1.180 1.000 0.759 0.575 0.458 0.390 0.366 0.407 0.590 0.982 1.576 2.112
0.000 0.000 0.000 0.000 0.000 0.000 0.000 0.000 0.000 0.000 0.000 0.000 0.000 0.000 0.000 0.000 0.000 0.000 0.000 0.000 0.000 0.000 0.003 0.019 0.082 0.203 0.346 0.481 0.586 0.636 0.649 0.650 0.644 0.631 0.601 0.548 0.462 0.347 0.247 0.175 0.128 0.103 0.093 0.097 0.124 0.220 0.391 0.508 0.546 0.531 0.455 0.336 0.250 0.226 0.273 0.451 0.735 0.999 1.171 1.228 1.203 1.148 1.087 1.014 0.929 0.814 0.657 0.473 0.330 0.233 0.174 0.149 0.147 0.189 0.331 0.576 0.725
0.000 0.000 0.000 0.000 0.000 0.000 0.000 0.000 0.000 0.000 0.000 0.000 0.000 0.000 0.000 0.000 0.000 0.000 0.000 0.000 0.000 0.000 0.001 0.006 0.038 0.135 0.296 0.478 0.649 0.764 0.808 0.815 0.811 0.795 0.754 0.675 0.560 0.431 0.327 0.248 0.190 0.150 0.126 0.119 0.129 0.173 0.259 0.338 0.375 0.378 0.347 0.271 0.184 0.136 0.128 0.178 0.329 0.554 0.754 0.858 0.870 0.831 0.776 0.705 0.611 0.502 0.382 0.265 0.178 0.117 0.082 0.067 0.063 0.068 0.100 0.156 0.174
0.000 0.000 0.000 0.000 0.000 0.000 0.000 0.000 0.000 0.000 0.000 0.000 0.000 0.000 0.000 0.000 0.000 0.000 0.000 0.000 0.000 0.000 0.000 0.002 0.013 0.065 0.201 0.416 0.659 0.851 0.951 0.973 0.967 0.938 0.872 0.761 0.618 0.483 0.377 0.297 0.239 0.197 0.169 0.154 0.151 0.170 0.216 0.265 0.291 0.295 0.282 0.239 0.169 0.113 0.086 0.085 0.124 0.223 0.354 0.451 0.496 0.496 0.467 0.414 0.334 0.254 0.181 0.125 0.085 0.058 0.042 0.035 0.033 0.033 0.040 0.050 0.051
0.000 0.000 0.000 0.000 0.000 0.000 0.000 0.000 0.000 0.000 0.000 0.000 0.000 0.000 0.000 0.000 0.000 0.000 0.000 0.000 0.000 0.000 0.000 0.001 0.003 0.021 0.090 0.267 0.561 0.859 1.036 1.094 1.085 1.040 0.945 0.805 0.645 0.510 0.403 0.323 0.266 0.227 0.202 0.188 0.183 0.187 0.210 0.239 0.253 0.255 0.246 0.217 0.165 0.110 0.077 0.061 0.061 0.083 0.128 0.169 0.191 0.196 0.187 0.163 0.128 0.096 0.071 0.053 0.039 0.030 0.024 0.021 0.020 0.020 0.022 0.024 0.024
0.000 0.000 0.000 0.000 0.000 0.000 0.000 0.000 0.000 0.000 0.000 0.000 0.000 0.000 0.000 0.000 0.000 0.000 0.000 0.000 0.000 0.000 0.000 0.001 0.001 0.006 0.027 0.103 0.327 0.714 1.029 1.151 1.155 1.094 0.977 0.817 0.653 0.520 0.414 0.334 0.277 0.239 0.218 0.209 0.206 0.207 0.217 0.231 0.236 0.236 0.227 0.202 0.159 0.110 0.076 0.056 0.046 0.044 0.050 0.059 0.064 0.065 0.062 0.054 0.044 0.037 0.030 0.025 0.021 0.017 0.015 0.014 0.013 0.013 0.014 0.014 0.014
0.000 0.000 0.000 0.000 0.000 0.000 0.000 0.000 0.000 0.000 0.000 0.000 0.000 0.000 0.000 0.000 0.000 0.000 0.000 0.000 0.000 0.000 0.001 0.001 0.002 0.006 0.015 0.038 0.120 0.400 0.839 1.114 1.163 1.106 0.980 0.815 0.653 0.521 0.416 0.337 0.279 0.242 0.222 0.216 0.216 0.218 0.223 0.229 0.231 0.228 0.217 0.192 0.152 0.109 0.076 0.054 0.040 0.032 0.028 0.027 0.027 0.026 0.025 0.022 0.020 0.018 0.016 0.014 0.013 0.011 0.010 0.009 0.009 0.009 0.009 0.009 0.009
0.000 0.000 0.000 0.000 0.000 0.000 0.000 0.000 0.000 0.000 0.000 0.000 0.000 0.000 0.000 0.000 0.000 0.000 0.000 0.000 0.000 0.000 0.001 0.002 0.005 0.013 0.024 0.035 0.050 0.145 0.478 0.903 1.077 1.062 0.955 0.799 0.644 0.517 0.414 0.335 0.277 0.239 0.220 0.216 0.217 0.221 0.224 0.228 0.229 0.225 0.211 0.184 0.145 0.105 0.074 0.052 0.036 0.025 0.018 0.015 0.014 0.013 0.012 0.012 0.011 0.010 0.010 0.009 0.008 0.007 0.006 0.006 0.006 0.006 0.006 0.006 0.006
0.000 0.000 0.000 0.000 0.000 0.000 0.000 0.000 0.000 0.000 0.000 0.000 0.000 0.000 0.000 0.000 0.000 0.000 0.000 0.000 0.000 0.001 0.002 0.005 0.014 0.028 0.039 0.042 0.043 0.060 0.199 0.561 0.842 0.905 0.856 0.747 0.617 0.502 0.406 0.328 0.269 0.229 0.209 0.205 0.210 0.218 0.223 0.224 0.224 0.221 0.206 0.177 0.136 0.096 0.066 0.044 0.028 0.017 0.011 0.008 0.007 0.007 0.007 0.007 0.006 0.006 0.006 0.005 0.005 0.004 0.004 0.004 0.003 0.003 0.003 0.003 0.003
0.000 0.000 0.000 0.000 0.000 0.000 0.000 0.000 0.000 0.000 0.000 0.000 0.000 0.000 0.000 0.000 0.000 0.000 0.000 0.000 0.001 0.001 0.004 0.012 0.027 0.040 0.043 0.043 0.039 0.041 0.095 0.297 0.548 0.651 0.663 0.630 0.558 0.470 0.386 0.313 0.253 0.210 0.183 0.174 0.178 0.191 0.200 0.203 0.203 0.200 0.187 0.160 0.118 0.077 0.048 0.028 0.015 0.008 0.005 0.003 0.003 0.004 0.004 0.004 0.004 0.003 0.003 0.003 0.003 0.002 0.002 0.002 0.002 0.002 0.002 0.002 0.002
0.000 0.000 0.000 0.000 0.000 0.000 0.000 0.000 0.000 0.000 0.000 0.000 0.000 0.000 0.000 0.000 0.000 0.000 0.000 0.000 0.001 0.003 0.008 0.022 0.037 0.043 0.043 0.038 0.028 0.028 0.057 0.167 0.343 0.437 0.463 0.466 0.452 0.411 0.351 0.288 0.230 0.181 0.145 0.125 0.119 0.126 0.135 0.141 0.142 0.141 0.133 0.113 0.078 0.044 0.022 0.011 0.005 0.002 0.002 0.001 0.001 0.002 0.002 0.002 0.002 0.002 0.002 0.001 0.001 0.001 0.001 0.001 0.001 0.000 0.000 0.000 0.000
0.000 0.000 0.000 0.000 0.000 0.000 0.000 0.000 0.000 0.000 0.000 0.000 0.000 0.000 0.000 0.000 0.000 0.000 0.000 0.001 0.002 0.005 0.015 0.031 0.041 0.043 0.038 0.025 0.015 0.018 0.039 0.105 0.217 0.290 0.319 0.328 0.329 0.321 0.296 0.252 0.201 0.152 0.113 0.085 0.069 0.063 0.061 0.060 0.059 0.058 0.054 0.045 0.030 0.015 0.007 0.003 0.001 0.001 0.001 0.000 0.000 0.000 0.001 0.001 0.001 0.001 0.000 0.000 0.000 0.000 0.000 0.000 0.000 0.000 0.000 0.000 0.000
0.000 0.000 0.000 0.000 0.000 0.000 0.000 0.000 0.000 0.000 0.000 0.000 0.000 0.000 0.000 0.000 0.000 0.000 0.000 0.001 0.003 0.009 0.023 0.036 0.041 0.039 0.028 0.013 0.009 0.012 0.029 0.070 0.138 0.187 0.213 0.225 0.229 0.228 0.221 0.202 0.168 0.126 0.090 0.062 0.043 0.032 0.025 0.021 0.018 0.016 0.014 0.011 0.007 0.003 0.002 0.001 0.000 0.000 0.000 0.000 0.000 0.000 0.000 0.000 0.000 0.000 0.000 0.000 0.000 0.000 0.000 0.000 0.000 0.000 0.000 0.000 0.000
0.000 0.000 0.000 0.000 0.000 0.000 0.000 0.000 0.000 0.000 0.000 0.000 0.000 0.000 0.000 0.000 0.000 0.000 0.001 0.001 0.005 0.014 0.030 0.038 0.038 0.031 0.015 0.006 0.006 0.009 0.021 0.047 0.086 0.115 0.133 0.144 0.150 0.152 0.150 0.143 0.127 0.100 0.070 0.046 0.029 0.018 0.011 0.008 0.005 0.004 0.003 0.002 0.001 0.001 0.000 0.000 0.000 0.000 0.000 0.000 0.000 0.000 0.000 0.000 0.000 0.000 0.000 0.000 0.000 0.000 0.000 0.000 0.000 0.000 0.000 0.000 0.000
0.000 0.000 0.000 0.000 0.000 0.000 0.000 0.000 0.000 0.000 0.000 0.000 0.000 0.000 0.000 0.000 0.000 0.000 0.001 0.002 0.008 0.021 0.034 0.037 0.034 0.021 0.007 0.003 0.003 0.007 0.015 0.031 0.051 0.065 0.074 0.079 0.084 0.087 0.089 0.088 0.083 0.071 0.052 0.032 0.019 0.010 0.006 0.003 0.002 0.001 0.001 0.001 0.000 0.000 0.000 0.000 0.000 0.000 0.000 0.000 0.000 0.000 0.000 0.000 0.000 0.000 0.000 0.000 0.000 0.000 0.000 0.000 0.000 0.000 0.000 0.000 0.000
0.000 0.000 0.000 0.000 0.000 0.000 0.000 0.000 0.000 0.000 0.000 0.000 0.000 0.000 0.000 0.000 0.000 0.001 0.001 0.004 0.012 0.026 0.034 0.034 0.027 0.012 0.003 0.002 0.002 0.005 0.010 0.020 0.029 0.033 0.035 0.036 0.037 0.039 0.041 0.042 0.042 0.039 0.031 0.019 0.011 0.005 0.003 0.001 0.001 0.000 0.000 0.000 0.000 0.000 0.000 0.000 0.000 0.000 0.000 0.000 0.000 0.000 0.000 0.000 0.000 0.000 0.000 0.000 0.000 0.000 0.000 0.000 0.000 0.000 0.000 0.000 0.000
0.000 0.000 0.000 0.000 0.000 0.000 0.000 0.000 0.000 0.000 0.000 0.000 0.000 0.000 0.000 0.000 0.000 0.001 0.002 0.006 0.017 0.030 0.033 0.030 0.019 0.006 0.002 0.001 0.001 0.003 0.006 0.011 0.015 0.015 0.015 0.013 0.012 0.013 0.014 0.014 0.015 0.015 0.014 0.009 0.005 0.003 0.001 0.001 0.000 0.000 0.000 0.000 0.000 0.000 0.000 0.000 0.000 0.000 0.000 0.000 0.000 0.000 0.000 0.000 0.000 0.000 0.000 0.000 0.000 0.000 0.000 0.000 0.000 0.000 0.000 0.000 0.000
0.000 0.000 0.000 0.000 0.000 0.000 0.000 0.000 0.000 0.000 0.000 0.000 0.000 0.000 0.000 0.000 0.000 0.001 0.003 0.010 0.023 0.030 0.031 0.024 0.010 0.003 0.001 0.001 0.001 0.001 0.003 0.005 0.006 0.006 0.006 0.004 0.004 0.003 0.003 0.003 0.004 0.004 0.004 0.003 0.002 0.001 0.001 0.000 0.000 0.000 0.000 0.000 0.000 0.000 0.000 0.000 0.000 0.000 0.000 0.000 0.000 0.000 0.000 0.000 0.000 0.000 0.000 0.000 0.000 0.000 0.000 0.000 0.000 0.000 0.000 0.000 0.000
