RESULTS/r.avaflow_results/31_results/31_ascii/31_hflow0046.asc
ncols 506
nrows 317
xllcenter 498237.50
yllcenter 5580050.00
cellsize 12.50
NODATA_value -9999.000
[rows 170 to 203 of 317, columns 77 to 153 of 506]
0.000 0.000 0.000 0.000 0.000 0.000 0.000 0.000 0.000 0.000 0.000 0.000 0.000 0.000 0.000 0.000 0.000 0.000 0.000 0.000 0.000 0.000 0.000 0.000 0.000 0.000 0.000 0.000 0.000 0.000 0.000 0.000 0.000 0.000 0.000 0.000 0.000 0.000 0.000 0.000 0.000 0.000 0.000 0.000 0.000 0.000 0.001 0.002 0.004 0.008 0.015 0.035 0.104 0.311 0.737 1.343 2.151 3.445 5.475 8.054 10.565 12.624 14.191 15.158 15.488 15.404 15.108 14.691 14.241 13.556 12.515 11.308 10.278 9.565 9.083 8.725 8.452
0.000 0.000 0.000 0.000 0.000 0.000 0.000 0.000 0.000 0.000 0.000 0.000 0.000 0.000 0.000 0.000 0.000 0.000 0.000 0.000 0.000 0.000 0.000 0.000 0.000 0.000 0.000 0.000 0.000 0.000 0.000 0.000 0.000 0.000 0.000 0.000 0.000 0.000 0.000 0.000 0.000 0.000 0.000 0.000 0.000 0.001 0.002 0.005 0.010 0.019 0.045 0.124 0.334 0.791 1.494 2.371 3.506 5.142 7.424 10.104 12.410 14.162 15.338 15.923 15.985 15.761 15.295 14.711 14.098 13.385 12.562 11.878 11.511 11.366 11.341 11.370 11.496
0.000 0.000 0.000 0.000 0.000 0.000 0.000 0.000 0.000 0.000 0.000 0.000 0.000 0.000 0.000 0.000 0.000 0.000 0.000 0.000 0.000 0.000 0.000 0.000 0.000 0.000 0.000 0.000 0.000 0.000 0.000 0.000 0.000 0.000 0.000 0.000 0.000 0.000 0.000 0.000 0.000 0.000 0.000 0.001 0.001 0.003 0.007 0.014 0.028 0.065 0.166 0.397 0.796 1.345 2.002 2.886 4.192 6.043 8.478 11.145 13.299 14.811 15.684 16.030 16.008 15.737 15.245 14.697 14.191 13.733 13.405 13.307 13.349 13.377 13.462 13.792 14.472
0.000 0.000 0.000 0.000 0.000 0.000 0.000 0.000 0.000 0.000 0.000 0.000 0.000 0.000 0.000 0.000 0.000 0.000 0.000 0.000 0.001 0.001 0.002 0.002 0.002 0.002 0.002 0.002 0.002 0.002 0.002 0.002 0.002 0.002 0.001 0.001 0.001 0.000 0.000 0.000 0.000 0.000 0.001 0.002 0.004 0.009 0.021 0.045 0.101 0.230 0.507 0.902 1.323 1.743 2.239 3.014 4.329 6.249 8.760 11.377 13.435 14.836 15.589 15.855 15.813 15.597 15.244 14.966 14.856 14.856 14.856 14.786 14.731 14.727 14.924 15.592 16.806
0.000 0.000 0.000 0.000 0.000 0.000 0.000 0.000 0.000 0.000 0.000 0.000 0.000 0.000 0.000 0.000 0.000 0.000 0.000 0.001 0.002 0.004 0.006 0.006 0.007 0.007 0.008 0.008 0.008 0.008 0.007 0.007 0.007 0.006 0.004 0.003 0.002 0.001 0.001 0.001 0.001 0.001 0.002 0.004 0.011 0.029 0.071 0.155 0.313 0.598 0.970 1.326 1.640 1.939 2.317 2.978 4.198 6.092 8.631 11.184 13.101 14.372 15.066 15.387 15.529 15.598 15.619 15.680 15.747 15.771 15.699 15.518 15.438 15.539 15.987 16.909 18.293
0.000 0.000 0.000 0.000 0.000 0.000 0.000 0.000 0.000 0.000 0.000 0.000 0.000 0.000 0.000 0.000 0.000 0.000 0.001 0.003 0.005 0.009 0.012 0.013 0.015 0.015 0.016 0.016 0.016 0.016 0.015 0.015 0.014 0.012 0.009 0.006 0.004 0.003 0.003 0.002 0.002 0.003 0.005 0.011 0.033 0.095 0.216 0.409 0.680 0.988 1.263 1.514 1.762 2.008 2.316 2.805 3.751 5.485 8.036 10.573 12.345 13.482 14.199 14.735 15.233 15.654 15.891 15.975 15.992 15.958 15.823 15.624 15.572 15.789 16.442 17.473 18.756
0.000 0.000 0.000 0.000 0.000 0.000 0.000 0.000 0.000 0.000 0.000 0.000 0.000 0.000 0.000 0.000 0.000 0.001 0.003 0.006 0.010 0.016 0.020 0.023 0.025 0.026 0.027 0.027 0.027 0.027 0.027 0.026 0.024 0.020 0.015 0.011 0.008 0.006 0.005 0.005 0.005 0.006 0.011 0.030 0.101 0.261 0.498 0.748 0.986 1.196 1.382 1.580 1.801 2.031 2.284 2.628 3.261 4.666 7.119 9.741 11.513 12.613 13.382 14.098 14.847 15.419 15.651 15.656 15.590 15.470 15.233 15.027 15.008 15.329 16.114 17.208 18.446
0.000 0.000 0.000 0.000 0.000 0.000 0.000 0.000 0.000 0.000 0.000 0.000 0.000 0.000 0.000 0.000 0.000 0.002 0.005 0.010 0.017 0.025 0.032 0.036 0.039 0.041 0.042 0.042 0.042 0.042 0.041 0.040 0.037 0.032 0.024 0.017 0.012 0.009 0.008 0.008 0.008 0.011 0.024 0.081 0.256 0.549 0.811 0.993 1.143 1.283 1.433 1.613 1.814 2.027 2.252 2.545 3.034 4.175 6.401 8.977 10.715 11.786 12.583 13.348 14.061 14.490 14.574 14.479 14.301 14.033 13.659 13.416 13.394 13.752 14.668 15.958 17.355
0.000 0.000 0.000 0.000 0.000 0.000 0.000 0.000 0.000 0.000 0.000 0.000 0.000 0.000 0.000 0.000 0.000 0.002 0.006 0.013 0.024 0.037 0.046 0.053 0.057 0.060 0.061 0.062 0.062 0.061 0.060 0.058 0.054 0.047 0.036 0.025 0.017 0.013 0.012 0.012 0.012 0.019 0.051 0.179 0.491 0.826 1.011 1.120 1.220 1.330 1.469 1.634 1.813 2.008 2.221 2.491 2.923 3.893 5.832 8.165 9.735 10.720 11.479 12.145 12.637 12.824 12.774 12.593 12.269 11.761 11.267 11.038 11.087 11.625 12.739 14.225 15.863
0.000 0.000 0.000 0.000 0.000 0.000 0.000 0.000 0.000 0.000 0.000 0.000 0.000 0.000 0.000 0.000 0.000 0.002 0.006 0.014 0.028 0.048 0.065 0.074 0.080 0.084 0.085 0.086 0.086 0.085 0.084 0.081 0.076 0.066 0.052 0.035 0.024 0.018 0.015 0.015 0.016 0.025 0.074 0.272 0.684 0.992 1.117 1.186 1.264 1.361 1.485 1.636 1.802 1.989 2.195 2.448 2.839 3.670 5.306 7.198 8.403 9.182 9.819 10.341 10.655 10.707 10.601 10.331 9.864 9.279 8.916 8.866 9.188 10.029 11.291 12.792 14.439
0.000 0.000 0.000 0.000 0.000 0.000 0.000 0.000 0.000 0.000 0.000 0.000 0.000 0.000 0.000 0.000 0.000 0.002 0.006 0.013 0.028 0.052 0.082 0.100 0.108 0.113 0.115 0.116 0.116 0.115 0.114 0.110 0.103 0.091 0.073 0.050 0.034 0.024 0.019 0.018 0.018 0.027 0.080 0.309 0.785 1.084 1.171 1.223 1.286 1.368 1.475 1.612 1.778 1.970 2.178 2.413 2.761 3.449 4.741 6.105 6.876 7.343 7.740 8.094 8.315 8.349 8.252 8.015 7.627 7.239 7.071 7.166 7.702 8.696 9.983 11.411 12.961
0.000 0.000 0.000 0.000 0.000 0.000 0.000 0.000 0.000 0.000 0.000 0.000 0.000 0.000 0.000 0.000 0.000 0.001 0.003 0.009 0.023 0.049 0.091 0.125 0.141 0.147 0.151 0.152 0.153 0.152 0.150 0.146 0.137 0.122 0.101 0.072 0.046 0.031 0.023 0.020 0.021 0.028 0.077 0.306 0.808 1.124 1.200 1.239 1.283 1.349 1.441 1.567 1.732 1.931 2.148 2.377 2.666 3.170 4.079 5.042 5.554 5.776 5.902 6.015 6.103 6.115 6.060 5.920 5.688 5.533 5.528 5.780 6.422 7.415 8.620 9.907 11.254
0.000 0.000 0.000 0.000 0.000 0.000 0.000 0.000 0.000 0.000 0.000 0.000 0.000 0.000 0.000 0.000 0.000 0.000 0.001 0.004 0.012 0.035 0.083 0.139 0.173 0.188 0.194 0.197 0.198 0.198 0.195 0.190 0.179 0.162 0.137 0.102 0.066 0.042 0.029 0.024 0.023 0.028 0.068 0.268 0.759 1.120 1.210 1.236 1.258 1.301 1.379 1.494 1.651 1.844 2.060 2.284 2.517 2.834 3.395 4.061 4.411 4.497 4.466 4.420 4.386 4.348 4.291 4.188 4.073 4.042 4.141 4.511 5.185 6.088 7.111 8.190 9.300
0.000 0.000 0.000 0.000 0.000 0.000 0.000 0.000 0.000 0.000 0.000 0.000 0.000 0.000 0.000 0.000 0.000 0.000 0.000 0.001 0.004 0.019 0.063 0.137 0.195 0.228 0.243 0.249 0.252 0.252 0.250 0.243 0.231 0.212 0.185 0.146 0.098 0.061 0.039 0.029 0.026 0.028 0.051 0.187 0.602 1.032 1.186 1.215 1.211 1.217 1.267 1.362 1.507 1.692 1.895 2.097 2.293 2.508 2.834 3.237 3.455 3.490 3.422 3.328 3.240 3.155 3.054 2.908 2.806 2.786 2.881 3.229 3.851 4.627 5.470 6.409 7.459
0.000 0.000 0.000 0.000 0.000 0.000 0.000 0.000 0.000 0.000 0.000 0.000 0.000 0.000 0.000 0.000 0.000 0.000 0.000 0.000 0.001 0.008 0.040 0.117 0.202 0.259 0.294 0.310 0.315 0.316 0.315 0.308 0.296 0.276 0.246 0.203 0.146 0.092 0.057 0.039 0.032 0.032 0.041 0.105 0.369 0.809 1.075 1.144 1.129 1.087 1.076 1.117 1.224 1.404 1.614 1.810 1.999 2.187 2.402 2.609 2.721 2.739 2.685 2.600 2.509 2.403 2.254 2.043 1.878 1.807 1.819 1.971 2.339 2.930 3.705 4.666 5.757
0.000 0.000 0.000 0.000 0.000 0.000 0.000 0.000 0.000 0.000 0.000 0.000 0.000 0.000 0.000 0.000 0.000 0.000 0.000 0.000 0.000 0.003 0.020 0.082 0.184 0.270 0.333 0.373 0.389 0.394 0.394 0.389 0.377 0.356 0.325 0.279 0.215 0.143 0.090 0.059 0.044 0.041 0.045 0.069 0.188 0.510 0.839 0.971 0.978 0.915 0.819 0.773 0.807 0.941 1.171 1.426 1.656 1.865 2.038 2.145 2.188 2.181 2.132 2.056 1.972 1.866 1.702 1.461 1.244 1.107 1.031 1.028 1.154 1.499 2.106 2.973 3.984
0.000 0.000 0.000 0.000 0.000 0.000 0.000 0.000 0.000 0.000 0.000 0.000 0.000 0.000 0.000 0.000 0.000 0.000 0.000 0.000 0.000 0.001 0.008 0.045 0.137 0.254 0.351 0.428 0.472 0.487 0.491 0.488 0.478 0.460 0.428 0.380 0.311 0.221 0.145 0.096 0.068 0.056 0.054 0.062 0.108 0.271 0.527 0.678 0.712 0.671 0.556 0.445 0.407 0.450 0.636 0.959 1.276 1.527 1.691 1.763 1.774 1.746 1.692 1.618 1.535 1.429 1.270 1.049 0.827 0.657 0.533 0.468 0.470 0.603 0.944 1.494 2.029
0.000 0.000 0.000 0.000 0.000 0.000 0.000 0.000 0.000 0.000 0.000 0.000 0.000 0.000 0.000 0.000 0.000 0.000 0.000 0.000 0.000 0.000 0.002 0.019 0.082 0.204 0.338 0.458 0.553 0.599 0.610 0.610 0.604 0.590 0.560 0.510 0.431 0.324 0.226 0.153 0.106 0.080 0.070 0.070 0.087 0.159 0.304 0.416 0.456 0.448 0.388 0.291 0.223 0.208 0.268 0.481 0.820 1.127 1.323 1.406 1.412 1.380 1.329 1.255 1.161 1.046 0.902 0.727 0.542 0.386 0.271 0.205 0.182 0.202 0.316 0.538 0.689
0.000 0.000 0.000 0.000 0.000 0.000 0.000 0.000 0.000 0.000 0.000 0.000 0.000 0.000 0.000 0.000 0.000 0.000 0.000 0.000 0.000 0.000 0.001 0.006 0.037 0.131 0.285 0.451 0.603 0.709 0.751 0.758 0.757 0.742 0.704 0.636 0.533 0.409 0.303 0.221 0.159 0.116 0.093 0.086 0.093 0.129 0.207 0.283 0.321 0.326 0.303 0.244 0.175 0.135 0.132 0.196 0.385 0.661 0.897 1.021 1.055 1.038 0.996 0.927 0.823 0.704 0.583 0.459 0.331 0.216 0.136 0.093 0.077 0.076 0.097 0.146 0.164
0.000 0.000 0.000 0.000 0.000 0.000 0.000 0.000 0.000 0.000 0.000 0.000 0.000 0.000 0.000 0.000 0.000 0.000 0.000 0.000 0.000 0.000 0.000 0.002 0.012 0.061 0.189 0.388 0.607 0.783 0.879 0.904 0.903 0.877 0.819 0.724 0.596 0.462 0.353 0.268 0.204 0.157 0.126 0.111 0.111 0.132 0.183 0.238 0.266 0.272 0.264 0.230 0.170 0.122 0.098 0.100 0.150 0.279 0.449 0.576 0.637 0.651 0.635 0.587 0.502 0.402 0.315 0.241 0.170 0.107 0.066 0.045 0.038 0.036 0.039 0.047 0.048
0.000 0.000 0.000 0.000 0.000 0.000 0.000 0.000 0.000 0.000 0.000 0.000 0.000 0.000 0.000 0.000 0.000 0.000 0.000 0.000 0.000 0.000 0.000 0.001 0.003 0.019 0.083 0.246 0.514 0.789 0.957 1.016 1.014 0.975 0.894 0.774 0.626 0.491 0.381 0.295 0.231 0.186 0.157 0.142 0.139 0.150 0.186 0.229 0.250 0.254 0.249 0.225 0.179 0.127 0.094 0.079 0.078 0.107 0.168 0.224 0.256 0.267 0.264 0.246 0.209 0.161 0.124 0.095 0.070 0.047 0.033 0.025 0.022 0.021 0.022 0.023 0.023
0.000 0.000 0.000 0.000 0.000 0.000 0.000 0.000 0.000 0.000 0.000 0.000 0.000 0.000 0.000 0.000 0.000 0.000 0.000 0.000 0.000 0.000 0.000 0.001 0.001 0.005 0.024 0.094 0.299 0.655 0.952 1.072 1.080 1.028 0.930 0.791 0.636 0.502 0.393 0.308 0.244 0.200 0.174 0.162 0.160 0.168 0.196 0.231 0.247 0.250 0.245 0.227 0.192 0.143 0.102 0.076 0.062 0.058 0.066 0.077 0.084 0.085 0.083 0.077 0.067 0.054 0.044 0.037 0.030 0.023 0.018 0.015 0.014 0.014 0.014 0.014 0.014
0.000 0.000 0.000 0.000 0.000 0.000 0.000 0.000 0.000 0.000 0.000 0.000 0.000 0.000 0.000 0.000 0.000 0.000 0.000 0.000 0.000 0.000 0.000 0.001 0.001 0.004 0.012 0.032 0.109 0.368 0.780 1.042 1.091 1.042 0.935 0.792 0.637 0.505 0.397 0.312 0.247 0.204 0.180 0.171 0.170 0.176 0.198 0.233 0.250 0.253 0.247 0.231 0.200 0.154 0.110 0.078 0.057 0.044 0.037 0.033 0.032 0.031 0.030 0.028 0.025 0.022 0.020 0.017 0.015 0.013 0.011 0.010 0.009 0.009 0.009 0.009 0.009
0.000 0.000 0.000 0.000 0.000 0.000 0.000 0.000 0.000 0.000 0.000 0.000 0.000 0.000 0.000 0.000 0.000 0.000 0.000 0.000 0.000 0.000 0.001 0.001 0.004 0.009 0.019 0.028 0.043 0.134 0.450 0.854 1.020 1.008 0.914 0.779 0.631 0.503 0.397 0.312 0.247 0.203 0.179 0.171 0.172 0.178 0.196 0.230 0.251 0.255 0.250 0.233 0.201 0.156 0.111 0.078 0.053 0.035 0.024 0.018 0.015 0.014 0.013 0.013 0.012 0.012 0.011 0.010 0.009 0.008 0.007 0.006 0.006 0.006 0.006 0.006 0.006
0.000 0.000 0.000 0.000 0.000 0.000 0.000 0.000 0.000 0.000 0.000 0.000 0.000 0.000 0.000 0.000 0.000 0.000 0.000 0.000 0.000 0.000 0.001 0.004 0.010 0.022 0.032 0.035 0.037 0.055 0.192 0.542 0.812 0.873 0.829 0.733 0.610 0.494 0.393 0.310 0.244 0.198 0.171 0.163 0.164 0.171 0.184 0.210 0.234 0.242 0.240 0.225 0.194 0.147 0.101 0.067 0.042 0.024 0.013 0.009 0.007 0.007 0.007 0.007 0.007 0.006 0.006 0.006 0.005 0.005 0.004 0.004 0.004 0.003 0.003 0.003 0.003
0.000 0.000 0.000 0.000 0.000 0.000 0.000 0.000 0.000 0.000 0.000 0.000 0.000 0.000 0.000 0.000 0.000 0.000 0.000 0.000 0.000 0.001 0.003 0.009 0.021 0.033 0.036 0.037 0.035 0.039 0.094 0.294 0.541 0.645 0.659 0.628 0.559 0.471 0.382 0.303 0.237 0.187 0.153 0.138 0.136 0.140 0.147 0.161 0.178 0.188 0.189 0.181 0.155 0.113 0.070 0.041 0.022 0.011 0.005 0.004 0.003 0.003 0.003 0.004 0.004 0.003 0.003 0.003 0.003 0.003 0.002 0.002 0.002 0.002 0.002 0.002 0.002
0.000 0.000 0.000 0.000 0.000 0.000 0.000 0.000 0.000 0.000 0.000 0.000 0.000 0.000 0.000 0.000 0.000 0.000 0.000 0.000 0.001 0.002 0.006 0.017 0.030 0.036 0.036 0.033 0.027 0.029 0.060 0.170 0.344 0.441 0.471 0.478 0.464 0.423 0.359 0.290 0.226 0.172 0.130 0.103 0.090 0.084 0.083 0.083 0.088 0.094 0.096 0.094 0.082 0.055 0.029 0.015 0.007 0.003 0.002 0.001 0.001 0.001 0.001 0.002 0.002 0.002 0.002 0.001 0.001 0.001 0.001 0.001 0.001 0.001 0.000 0.000 0.000
0.000 0.000 0.000 0.000 0.000 0.000 0.000 0.000 0.000 0.000 0.000 0.000 0.000 0.000 0.000 0.000 0.000 0.000 0.000 0.000 0.001 0.004 0.011 0.025 0.034 0.036 0.033 0.023 0.017 0.020 0.044 0.110 0.221 0.297 0.331 0.346 0.350 0.343 0.316 0.268 0.211 0.157 0.113 0.081 0.060 0.047 0.038 0.033 0.031 0.031 0.031 0.030 0.027 0.018 0.009 0.004 0.002 0.001 0.001 0.000 0.000 0.000 0.000 0.001 0.001 0.001 0.000 0.000 0.000 0.000 0.000 0.000 0.000 0.000 0.000 0.000 0.000
0.000 0.000 0.000 0.000 0.000 0.000 0.000 0.000 0.000 0.000 0.000 0.000 0.000 0.000 0.000 0.000 0.000 0.000 0.000 0.001 0.002 0.007 0.018 0.030 0.034 0.033 0.024 0.013 0.011 0.016 0.034 0.076 0.143 0.195 0.225 0.242 0.252 0.255 0.250 0.229 0.189 0.142 0.100 0.068 0.045 0.030 0.020 0.014 0.010 0.009 0.008 0.007 0.006 0.004 0.002 0.001 0.000 0.000 0.000 0.000 0.000 0.000 0.000 0.000 0.000 0.000 0.000 0.000 0.000 0.000 0.000 0.000 0.000 0.000 0.000 0.000 0.000
0.000 0.000 0.000 0.000 0.000 0.000 0.000 0.000 0.000 0.000 0.000 0.000 0.000 0.000 0.000 0.000 0.000 0.000 0.000 0.001 0.004 0.011 0.025 0.032 0.032 0.027 0.014 0.008 0.008 0.014 0.027 0.053 0.091 0.122 0.142 0.157 0.167 0.174 0.178 0.174 0.157 0.125 0.088 0.058 0.036 0.022 0.012 0.007 0.004 0.003 0.002 0.002 0.001 0.001 0.001 0.000 0.000 0.000 0.000 0.000 0.000 0.000 0.000 0.000 0.000 0.000 0.000 0.000 0.000 0.000 0.000 0.000 0.000 0.000 0.000 0.000 0.000
0.000 0.000 0.000 0.000 0.000 0.000 0.000 0.000 0.000 0.000 0.000 0.000 0.000 0.000 0.000 0.000 0.000 0.000 0.001 0.002 0.006 0.017 0.028 0.031 0.029 0.018 0.007 0.005 0.006 0.011 0.021 0.037 0.057 0.071 0.080 0.087 0.094 0.101 0.108 0.112 0.111 0.099 0.075 0.048 0.028 0.015 0.008 0.004 0.002 0.001 0.001 0.001 0.000 0.000 0.000 0.000 0.000 0.000 0.000 0.000 0.000 0.000 0.000 0.000 0.000 0.000 0.000 0.000 0.000 0.000 0.000 0.000 0.000 0.000 0.000 0.000 0.000
0.000 0.000 0.000 0.000 0.000 0.000 0.000 0.000 0.000 0.000 0.000 0.000 0.000 0.000 0.000 0.000 0.000 0.000 0.001 0.003 0.010 0.022 0.029 0.029 0.023 0.010 0.004 0.003 0.005 0.009 0.015 0.025 0.033 0.037 0.039 0.040 0.041 0.045 0.050 0.055 0.059 0.059 0.053 0.036 0.020 0.010 0.005 0.002 0.001 0.001 0.000 0.000 0.000 0.000 0.000 0.000 0.000 0.000 0.000 0.000 0.000 0.000 0.000 0.000 0.000 0.000 0.000 0.000 0.000 0.000 0.000 0.000 0.000 0.000 0.000 0.000 0.000
0.000 0.000 0.000 0.000 0.000 0.000 0.000 0.000 0.000 0.000 0.000 0.000 0.000 0.000 0.000 0.000 0.000 0.001 0.002 0.005 0.014 0.025 0.028 0.026 0.016 0.004 0.002 0.002 0.003 0.006 0.010 0.015 0.018 0.018 0.017 0.014 0.014 0.014 0.016 0.019 0.022 0.024 0.023 0.018 0.010 0.005 0.002 0.001 0.001 0.000 0.000 0.000 0.000 0.000 0.000 0.000 0.000 0.000 0.000 0.000 0.000 0.000 0.000 0.000 0.000 0.000 0.000 0.000 0.000 0.000 0.000 0.000 0.000 0.000 0.000 0.000 0.000
0.000 0.000 0.000 0.000 0.000 0.000 0.000 0.000 0.000 0.000 0.000 0.000 0.000 0.000 0.000 0.000 0.001 0.001 0.003 0.008 0.019 0.026 0.026 0.021 0.009 0.002 0.001 0.001 0.002 0.004 0.006 0.008 0.008 0.008 0.007 0.005 0.004 0.004 0.004 0.004 0.005 0.007 0.007 0.006 0.004 0.002 0.001 0.001 0.000 0.000 0.000 0.000 0.000 0.000 0.000 0.000 0.000 0.000 0.000 0.000 0.000 0.000 0.000 0.000 0.000 0.000 0.000 0.000 0.000 0.000 0.000 0.000 0.000 0.000 0.000 0.000 0.000
