RESULTS/r.avaflow_results/31_results/31_ascii/31_hflow0020.asc
ncols 506
nrows 317
xllcenter 498237.50
yllcenter 5580050.00
cellsize 12.50
NODATA_value -9999.000
[rows 170 to 203 of 317, columns 77 to 153 of 506]
0.000 0.000 0.000 0.000 0.000 0.000 0.000 0.000 0.000 0.000 0.000 0.000 0.000 0.000 0.000 0.000 0.000 0.000 0.000 0.000 0.000 0.000 0.000 0.000 0.000 0.000 0.000 0.000 0.000 0.000 0.000 0.000 0.000 0.000 0.000 0.000 0.000 0.000 0.000 0.000 0.000 0.000 0.000 0.000 0.000 0.000 0.001 0.002 0.004 0.008 0.016 0.035 0.092 0.256 0.603 1.136 1.930 3.288 5.447 8.180 10.786 12.907 14.507 15.480 15.800 15.717 15.391 14.950 14.482 13.788 12.748 11.545 10.520 9.809 9.328 8.970 8.699
0.000 0.000 0.000 0.000 0.000 0.000 0.000 0.000 0.000 0.000 0.000 0.000 0.000 0.000 0.000 0.000 0.000 0.000 0.000 0.000 0.000 0.000 0.000 0.000 0.000 0.000 0.000 0.000 0.000 0.000 0.000 0.000 0.000 0.000 0.000 0.000 0.000 0.000 0.000 0.000 0.000 0.000 0.000 0.000 0.000 0.001 0.003 0.005 0.011 0.021 0.046 0.117 0.291 0.669 1.292 2.135 3.305 5.046 7.470 10.271 12.658 14.467 15.673 16.257 16.313 16.075 15.572 14.960 14.335 13.618 12.794 12.109 11.739 11.590 11.559 11.582 11.705
0.000 0.000 0.000 0.000 0.000 0.000 0.000 0.000 0.000 0.000 0.000 0.000 0.000 0.000 0.000 0.000 0.000 0.000 0.000 0.000 0.000 0.000 0.000 0.000 0.000 0.000 0.000 0.000 0.000 0.000 0.000 0.000 0.000 0.000 0.000 0.000 0.000 0.000 0.000 0.000 0.000 0.000 0.000 0.001 0.001 0.004 0.008 0.016 0.033 0.072 0.168 0.367 0.698 1.167 1.777 2.662 4.023 5.983 8.551 11.319 13.554 15.123 16.024 16.364 16.339 16.045 15.513 14.943 14.429 13.963 13.629 13.526 13.559 13.584 13.664 13.989 14.662
0.000 0.000 0.000 0.000 0.000 0.000 0.000 0.000 0.000 0.000 0.000 0.000 0.000 0.000 0.000 0.000 0.000 0.000 0.000 0.000 0.000 0.000 0.000 0.000 0.000 0.000 0.000 0.000 0.000 0.000 0.000 0.000 0.000 0.000 0.000 0.000 0.000 0.000 0.000 0.000 0.000 0.000 0.001 0.002 0.005 0.012 0.027 0.057 0.119 0.247 0.494 0.821 1.164 1.530 2.001 2.803 4.183 6.206 8.833 11.551 13.692 15.144 15.919 16.171 16.120 15.894 15.506 15.216 15.090 15.075 15.064 14.983 14.925 14.922 15.114 15.772 16.972
0.000 0.000 0.000 0.000 0.000 0.000 0.000 0.000 0.000 0.000 0.000 0.000 0.000 0.000 0.000 0.000 0.000 0.000 0.000 0.000 0.000 0.000 0.000 0.000 0.000 0.001 0.001 0.002 0.002 0.002 0.002 0.002 0.002 0.002 0.002 0.001 0.001 0.001 0.001 0.001 0.001 0.001 0.002 0.005 0.015 0.041 0.095 0.190 0.350 0.607 0.918 1.197 1.451 1.719 2.085 2.778 4.060 6.043 8.697 11.346 13.339 14.654 15.364 15.680 15.815 15.876 15.873 15.920 15.963 15.976 15.886 15.692 15.613 15.711 16.146 17.054 18.425
0.000 0.000 0.000 0.000 0.000 0.000 0.000 0.000 0.000 0.000 0.000 0.000 0.000 0.000 0.000 0.000 0.000 0.000 0.000 0.000 0.000 0.000 0.000 0.001 0.001 0.003 0.005 0.006 0.007 0.007 0.007 0.007 0.007 0.006 0.005 0.004 0.003 0.002 0.002 0.002 0.002 0.003 0.006 0.016 0.050 0.132 0.273 0.469 0.715 0.971 1.185 1.379 1.586 1.810 2.103 2.618 3.625 5.423 8.061 10.695 12.544 13.727 14.460 15.009 15.510 15.917 16.134 16.197 16.203 16.155 15.994 15.787 15.736 15.940 16.570 17.585 18.864
0.000 0.000 0.000 0.000 0.000 0.000 0.000 0.000 0.000 0.000 0.000 0.000 0.000 0.000 0.000 0.000 0.000 0.000 0.000 0.000 0.000 0.000 0.001 0.002 0.004 0.007 0.010 0.012 0.014 0.014 0.015 0.015 0.014 0.013 0.011 0.008 0.006 0.005 0.005 0.004 0.005 0.007 0.016 0.049 0.151 0.348 0.591 0.819 1.017 1.178 1.318 1.474 1.657 1.855 2.082 2.434 3.122 4.585 7.099 9.833 11.697 12.839 13.621 14.363 15.111 15.670 15.882 15.876 15.797 15.656 15.396 15.184 15.165 15.472 16.234 17.312 18.545
0.000 0.000 0.000 0.000 0.000 0.000 0.000 0.000 0.000 0.000 0.000 0.000 0.000 0.000 0.000 0.000 0.000 0.000 0.000 0.000 0.000 0.001 0.002 0.005 0.008 0.013 0.018 0.022 0.024 0.025 0.026 0.026 0.025 0.024 0.020 0.015 0.011 0.009 0.008 0.008 0.009 0.014 0.039 0.132 0.373 0.701 0.946 1.090 1.198 1.298 1.408 1.539 1.690 1.861 2.054 2.338 2.868 4.071 6.347 9.042 10.878 11.991 12.801 13.591 14.301 14.717 14.793 14.694 14.497 14.206 13.817 13.571 13.552 13.899 14.793 16.062 17.448
0.000 0.000 0.000 0.000 0.000 0.000 0.000 0.000 0.000 0.000 0.000 0.000 0.000 0.000 0.000 0.000 0.000 0.000 0.000 0.000 0.001 0.002 0.005 0.008 0.014 0.021 0.029 0.035 0.038 0.040 0.041 0.041 0.040 0.038 0.032 0.024 0.017 0.014 0.012 0.012 0.014 0.027 0.084 0.286 0.701 1.049 1.202 1.267 1.326 1.391 1.472 1.571 1.691 1.841 2.022 2.273 2.732 3.757 5.746 8.206 9.878 10.902 11.674 12.358 12.849 13.030 12.983 12.791 12.444 11.911 11.410 11.183 11.229 11.752 12.844 14.312 15.938
0.000 0.000 0.000 0.000 0.000 0.000 0.000 0.000 0.000 0.000 0.000 0.000 0.000 0.000 0.000 0.000 0.000 0.000 0.000 0.000 0.001 0.004 0.008 0.014 0.022 0.033 0.044 0.052 0.058 0.061 0.062 0.062 0.061 0.057 0.049 0.036 0.026 0.020 0.017 0.017 0.020 0.038 0.124 0.431 0.969 1.282 1.369 1.396 1.423 1.452 1.496 1.567 1.668 1.807 1.985 2.219 2.625 3.497 5.186 7.215 8.528 9.339 9.986 10.528 10.849 10.909 10.811 10.526 10.027 9.420 9.050 9.002 9.313 10.130 11.368 12.848 14.480
0.000 0.000 0.000 0.000 0.000 0.000 0.000 0.000 0.000 0.000 0.000 0.000 0.000 0.000 0.000 0.000 0.000 0.000 0.000 0.000 0.002 0.006 0.013 0.022 0.034 0.050 0.065 0.076 0.084 0.088 0.089 0.089 0.088 0.083 0.072 0.055 0.037 0.028 0.023 0.023 0.025 0.043 0.135 0.493 1.121 1.431 1.483 1.487 1.478 1.468 1.482 1.533 1.622 1.755 1.932 2.158 2.515 3.227 4.577 6.083 6.950 7.445 7.866 8.249 8.494 8.549 8.460 8.197 7.772 7.370 7.200 7.291 7.808 8.772 10.031 11.439 12.972
0.000 0.000 0.000 0.000 0.000 0.000 0.000 0.000 0.000 0.000 0.000 0.000 0.000 0.000 0.000 0.000 0.000 0.000 0.000 0.000 0.002 0.007 0.018 0.033 0.051 0.073 0.093 0.108 0.118 0.124 0.126 0.126 0.123 0.117 0.104 0.081 0.054 0.038 0.030 0.028 0.029 0.045 0.133 0.490 1.169 1.511 1.555 1.534 1.490 1.447 1.440 1.476 1.555 1.679 1.846 2.057 2.350 2.875 3.845 4.925 5.508 5.755 5.905 6.048 6.163 6.204 6.170 6.024 5.772 5.617 5.619 5.868 6.495 7.465 8.644 9.912 11.244
0.000 0.000 0.000 0.000 0.000 0.000 0.000 0.000 0.000 0.000 0.000 0.000 0.000 0.000 0.000 0.000 0.000 0.000 0.000 0.000 0.001 0.007 0.020 0.044 0.073 0.103 0.130 0.150 0.164 0.171 0.173 0.173 0.170 0.163 0.147 0.119 0.081 0.053 0.039 0.034 0.034 0.047 0.122 0.444 1.126 1.525 1.583 1.546 1.472 1.401 1.377 1.400 1.464 1.571 1.719 1.898 2.113 2.429 3.030 3.793 4.206 4.321 4.316 4.296 4.285 4.271 4.235 4.142 4.035 4.019 4.142 4.533 5.213 6.109 7.116 8.179 9.276
0.000 0.000 0.000 0.000 0.000 0.000 0.000 0.000 0.000 0.000 0.000 0.000 0.000 0.000 0.000 0.000 0.000 0.000 0.000 0.000 0.001 0.005 0.020 0.050 0.093 0.140 0.176 0.204 0.222 0.232 0.235 0.235 0.232 0.222 0.204 0.172 0.124 0.078 0.053 0.043 0.042 0.051 0.105 0.352 0.962 1.447 1.566 1.534 1.440 1.334 1.284 1.291 1.342 1.429 1.546 1.678 1.826 2.019 2.358 2.823 3.089 3.151 3.110 3.042 2.970 2.895 2.795 2.665 2.599 2.604 2.737 3.135 3.805 4.602 5.445 6.369 7.396
0.000 0.000 0.000 0.000 0.000 0.000 0.000 0.000 0.000 0.000 0.000 0.000 0.000 0.000 0.000 0.000 0.000 0.000 0.000 0.000 0.001 0.003 0.017 0.049 0.104 0.171 0.230 0.269 0.295 0.309 0.314 0.314 0.311 0.300 0.280 0.243 0.186 0.120 0.078 0.060 0.056 0.062 0.098 0.245 0.690 1.234 1.462 1.475 1.386 1.245 1.148 1.126 1.164 1.241 1.337 1.438 1.548 1.681 1.869 2.096 2.229 2.266 2.236 2.181 2.106 1.993 1.810 1.603 1.500 1.482 1.537 1.752 2.190 2.832 3.625 4.573 5.637
0.000 0.000 0.000 0.000 0.000 0.000 0.000 0.000 0.000 0.000 0.000 0.000 0.000 0.000 0.000 0.000 0.000 0.000 0.000 0.000 0.000 0.002 0.012 0.043 0.103 0.185 0.277 0.346 0.385 0.407 0.415 0.415 0.412 0.402 0.380 0.338 0.273 0.186 0.125 0.093 0.083 0.086 0.111 0.196 0.444 0.901 1.220 1.302 1.255 1.116 0.950 0.860 0.864 0.926 1.036 1.168 1.287 1.396 1.508 1.588 1.624 1.625 1.596 1.550 1.486 1.366 1.146 0.901 0.766 0.717 0.713 0.774 0.974 1.377 2.002 2.838 3.793
0.000 0.000 0.000 0.000 0.000 0.000 0.000 0.000 0.000 0.000 0.000 0.000 0.000 0.000 0.000 0.000 0.000 0.000 0.000 0.000 0.000 0.001 0.006 0.031 0.091 0.184 0.300 0.419 0.494 0.528 0.542 0.545 0.542 0.533 0.510 0.465 0.391 0.284 0.200 0.152 0.132 0.130 0.145 0.196 0.324 0.592 0.866 0.984 0.990 0.905 0.725 0.559 0.490 0.505 0.608 0.794 0.975 1.109 1.200 1.212 1.189 1.156 1.113 1.067 1.006 0.890 0.687 0.480 0.361 0.305 0.284 0.283 0.337 0.512 0.863 1.386 1.883
0.000 0.000 0.000 0.000 0.000 0.000 0.000 0.000 0.000 0.000 0.000 0.000 0.000 0.000 0.000 0.000 0.000 0.000 0.000 0.000 0.000 0.000 0.002 0.016 0.065 0.163 0.297 0.460 0.604 0.679 0.702 0.707 0.705 0.697 0.671 0.613 0.513 0.394 0.301 0.239 0.207 0.198 0.202 0.225 0.289 0.422 0.585 0.674 0.694 0.663 0.553 0.392 0.281 0.244 0.271 0.390 0.582 0.758 0.874 0.892 0.849 0.796 0.745 0.695 0.630 0.522 0.369 0.242 0.170 0.133 0.116 0.111 0.116 0.160 0.281 0.489 0.629
0.000 0.000 0.000 0.000 0.000 0.000 0.000 0.000 0.000 0.000 0.000 0.000 0.000 0.000 0.000 0.000 0.000 0.000 0.000 0.000 0.000 0.000 0.001 0.006 0.034 0.117 0.263 0.456 0.676 0.828 0.888 0.899 0.897 0.877 0.823 0.726 0.594 0.472 0.381 0.319 0.282 0.267 0.264 0.271 0.301 0.360 0.439 0.490 0.508 0.498 0.435 0.313 0.201 0.141 0.126 0.156 0.252 0.386 0.506 0.565 0.553 0.504 0.454 0.404 0.342 0.259 0.172 0.115 0.083 0.064 0.055 0.052 0.052 0.059 0.088 0.135 0.152
0.000 0.000 0.000 0.000 0.000 0.000 0.000 0.000 0.000 0.000 0.000 0.000 0.000 0.000 0.000 0.000 0.000 0.000 0.000 0.000 0.000 0.000 0.000 0.002 0.012 0.058 0.182 0.397 0.680 0.924 1.050 1.074 1.066 1.022 0.930 0.791 0.640 0.517 0.427 0.365 0.327 0.308 0.301 0.303 0.315 0.343 0.376 0.396 0.402 0.391 0.346 0.259 0.166 0.106 0.077 0.072 0.095 0.150 0.213 0.259 0.274 0.257 0.221 0.186 0.149 0.108 0.074 0.055 0.043 0.035 0.031 0.029 0.029 0.030 0.037 0.045 0.047
0.000 0.000 0.000 0.000 0.000 0.000 0.000 0.000 0.000 0.000 0.000 0.000 0.000 0.000 0.000 0.000 0.000 0.000 0.000 0.000 0.000 0.000 0.000 0.001 0.003 0.018 0.078 0.244 0.559 0.925 1.141 1.203 1.187 1.119 0.989 0.816 0.659 0.537 0.448 0.385 0.346 0.324 0.315 0.314 0.319 0.332 0.341 0.343 0.337 0.317 0.277 0.211 0.140 0.091 0.060 0.047 0.046 0.057 0.076 0.093 0.100 0.097 0.082 0.069 0.058 0.046 0.036 0.029 0.025 0.022 0.020 0.019 0.019 0.019 0.021 0.022 0.023
0.000 0.000 0.000 0.000 0.000 0.000 0.000 0.000 0.000 0.000 0.000 0.000 0.000 0.000 0.000 0.000 0.000 0.000 0.000 0.000 0.000 0.000 0.000 0.001 0.002 0.007 0.025 0.089 0.303 0.733 1.113 1.255 1.249 1.164 1.009 0.819 0.662 0.541 0.452 0.390 0.349 0.326 0.315 0.312 0.313 0.314 0.309 0.300 0.285 0.260 0.223 0.170 0.117 0.078 0.052 0.037 0.030 0.029 0.032 0.036 0.038 0.037 0.033 0.029 0.026 0.024 0.020 0.018 0.016 0.014 0.013 0.013 0.013 0.013 0.013 0.014 0.014
0.000 0.000 0.000 0.000 0.000 0.000 0.000 0.000 0.000 0.000 0.000 0.000 0.000 0.000 0.000 0.000 0.000 0.000 0.000 0.000 0.000 0.000 0.001 0.001 0.004 0.009 0.022 0.044 0.111 0.376 0.851 1.182 1.242 1.166 1.005 0.813 0.657 0.538 0.450 0.387 0.345 0.319 0.306 0.299 0.294 0.287 0.276 0.260 0.239 0.213 0.179 0.135 0.095 0.065 0.045 0.031 0.024 0.020 0.018 0.019 0.019 0.018 0.017 0.016 0.015 0.014 0.013 0.012 0.010 0.009 0.009 0.009 0.008 0.008 0.009 0.009 0.009
0.000 0.000 0.000 0.000 0.000 0.000 0.000 0.000 0.000 0.000 0.000 0.000 0.000 0.000 0.000 0.000 0.000 0.000 0.000 0.000 0.000 0.001 0.001 0.003 0.009 0.023 0.040 0.052 0.061 0.129 0.429 0.883 1.101 1.087 0.960 0.782 0.634 0.522 0.436 0.372 0.326 0.295 0.276 0.267 0.260 0.250 0.237 0.219 0.197 0.172 0.141 0.105 0.075 0.052 0.036 0.026 0.019 0.014 0.012 0.011 0.011 0.010 0.010 0.009 0.009 0.008 0.008 0.007 0.007 0.006 0.006 0.005 0.005 0.005 0.005 0.005 0.005
0.000 0.000 0.000 0.000 0.000 0.000 0.000 0.000 0.000 0.000 0.000 0.000 0.000 0.000 0.000 0.000 0.000 0.000 0.000 0.000 0.000 0.001 0.003 0.009 0.023 0.045 0.058 0.060 0.058 0.059 0.152 0.473 0.779 0.862 0.817 0.704 0.582 0.483 0.403 0.338 0.286 0.248 0.223 0.212 0.208 0.202 0.191 0.176 0.157 0.135 0.108 0.080 0.056 0.039 0.027 0.019 0.013 0.009 0.007 0.006 0.006 0.006 0.006 0.005 0.005 0.005 0.005 0.004 0.004 0.003 0.003 0.003 0.003 0.003 0.003 0.003 0.003
0.000 0.000 0.000 0.000 0.000 0.000 0.000 0.000 0.000 0.000 0.000 0.000 0.000 0.000 0.000 0.000 0.000 0.000 0.000 0.000 0.001 0.002 0.007 0.020 0.042 0.058 0.062 0.060 0.050 0.041 0.063 0.214 0.454 0.560 0.574 0.548 0.487 0.416 0.347 0.283 0.228 0.184 0.155 0.140 0.137 0.137 0.135 0.127 0.115 0.098 0.078 0.056 0.039 0.026 0.017 0.011 0.007 0.005 0.004 0.003 0.003 0.003 0.003 0.003 0.003 0.003 0.002 0.002 0.002 0.002 0.002 0.001 0.001 0.001 0.001 0.001 0.001
0.000 0.000 0.000 0.000 0.000 0.000 0.000 0.000 0.000 0.000 0.000 0.000 0.000 0.000 0.000 0.000 0.000 0.000 0.000 0.001 0.001 0.005 0.014 0.035 0.055 0.062 0.062 0.052 0.031 0.022 0.033 0.106 0.256 0.346 0.367 0.365 0.350 0.317 0.270 0.218 0.171 0.133 0.104 0.086 0.078 0.075 0.073 0.071 0.066 0.057 0.046 0.033 0.022 0.014 0.008 0.005 0.003 0.002 0.001 0.001 0.001 0.001 0.001 0.001 0.001 0.001 0.001 0.001 0.001 0.001 0.000 0.000 0.000 0.000 0.000 0.000 0.000
0.000 0.000 0.000 0.000 0.000 0.000 0.000 0.000 0.000 0.000 0.000 0.000 0.000 0.000 0.000 0.000 0.000 0.000 0.000 0.001 0.003 0.008 0.024 0.047 0.059 0.060 0.054 0.033 0.014 0.010 0.019 0.059 0.146 0.212 0.234 0.237 0.234 0.220 0.196 0.163 0.129 0.098 0.072 0.054 0.043 0.037 0.033 0.030 0.027 0.024 0.019 0.013 0.009 0.005 0.003 0.002 0.001 0.001 0.000 0.000 0.000 0.000 0.000 0.000 0.000 0.000 0.000 0.000 0.000 0.000 0.000 0.000 0.000 0.000 0.000 0.000 0.000
0.000 0.000 0.000 0.000 0.000 0.000 0.000 0.000 0.000 0.000 0.000 0.000 0.000 0.000 0.000 0.000 0.000 0.000 0.001 0.001 0.004 0.014 0.034 0.052 0.057 0.055 0.038 0.015 0.006 0.005 0.011 0.034 0.083 0.127 0.146 0.152 0.152 0.148 0.136 0.119 0.096 0.072 0.051 0.035 0.025 0.018 0.013 0.010 0.008 0.007 0.005 0.003 0.002 0.001 0.001 0.000 0.000 0.000 0.000 0.000 0.000 0.000 0.000 0.000 0.000 0.000 0.000 0.000 0.000 0.000 0.000 0.000 0.000 0.000 0.000 0.000 0.000
0.000 0.000 0.000 0.000 0.000 0.000 0.000 0.000 0.000 0.000 0.000 0.000 0.000 0.000 0.000 0.000 0.000 0.000 0.001 0.002 0.007 0.022 0.043 0.053 0.053 0.043 0.020 0.006 0.002 0.002 0.006 0.019 0.046 0.071 0.085 0.092 0.094 0.093 0.090 0.081 0.069 0.053 0.037 0.024 0.015 0.009 0.006 0.004 0.002 0.002 0.001 0.001 0.001 0.000 0.000 0.000 0.000 0.000 0.000 0.000 0.000 0.000 0.000 0.000 0.000 0.000 0.000 0.000 0.000 0.000 0.000 0.000 0.000 0.000 0.000 0.000 0.000
0.000 0.000 0.000 0.000 0.000 0.000 0.000 0.000 0.000 0.000 0.000 0.000 0.000 0.000 0.000 0.000 0.000 0.000 0.001 0.004 0.012 0.031 0.047 0.051 0.046 0.029 0.010 0.003 0.002 0.001 0.003 0.010 0.023 0.036 0.044 0.048 0.051 0.052 0.052 0.049 0.044 0.036 0.025 0.016 0.009 0.005 0.003 0.002 0.001 0.001 0.000 0.000 0.000 0.000 0.000 0.000 0.000 0.000 0.000 0.000 0.000 0.000 0.000 0.000 0.000 0.000 0.000 0.000 0.000 0.000 0.000 0.000 0.000 0.000 0.000 0.000 0.000
0.000 0.000 0.000 0.000 0.000 0.000 0.000 0.000 0.000 0.000 0.000 0.000 0.000 0.000 0.000 0.000 0.000 0.001 0.002 0.006 0.018 0.038 0.047 0.047 0.037 0.016 0.005 0.002 0.001 0.001 0.002 0.005 0.011 0.016 0.019 0.020 0.022 0.023 0.024 0.024 0.023 0.020 0.015 0.010 0.005 0.003 0.001 0.001 0.000 0.000 0.000 0.000 0.000 0.000 0.000 0.000 0.000 0.000 0.000 0.000 0.000 0.000 0.000 0.000 0.000 0.000 0.000 0.000 0.000 0.000 0.000 0.000 0.000 0.000 0.000 0.000 0.000
0.000 0.000 0.000 0.000 0.000 0.000 0.000 0.000 0.000 0.000 0.000 0.000 0.000 0.000 0.000 0.000 0.000 0.001 0.003 0.010 0.025 0.042 0.045 0.041 0.025 0.008 0.003 0.002 0.001 0.001 0.001 0.002 0.004 0.006 0.007 0.007 0.007 0.007 0.008 0.008 0.009 0.008 0.007 0.005 0.003 0.001 0.001 0.000 0.000 0.000 0.000 0.000 0.000 0.000 0.000 0.000 0.000 0.000 0.000 0.000 0.000 0.000 0.000 0.000 0.000 0.000 0.000 0.000 0.000 0.000 0.000 0.000 0.000 0.000 0.000 0.000 0.000
0.000 0.000 0.000 0.000 0.000 0.000 0.000 0.000 0.000 0.000 0.000 0.000 0.000 0.000 0.000 0.000 0.001 0.002 0.005 0.015 0.033 0.042 0.043 0.033 0.014 0.004 0.001 0.001 0.001 0.001 0.001 0.001 0.002 0.002 0.002 0.002 0.002 0.002 0.002 0.002 0.002 0.002 0.002 0.002 0.001 0.001 0.000 0.000 0.000 0.000 0.000 0.000 0.000 0.000 0.000 0.000 0.000 0.000 0.000 0.000 0.000 0.000 0.000 0.000 0.000 0.000 0.000 0.000 0.000 0.000 0.000 0.000 0.000 0.000 0.000 0.000 0.000
