RESULTS/r.avaflow_results/31_results/31_ascii/31_hflow_max0038.asc
ncols 506
nrows 317
xllcenter 498237.50
yllcenter 5580050.00
cellsize 12.50
NODATA_value -9999.000
[rows 170 to 203 of 317, columns 77 to 153 of 506]
0.000 0.000 0.000 0.000 0.000 0.000 0.000 0.000 0.000 0.000 0.000 0.000 0.000 0.000 0.000 0.000 0.000 0.000 0.000 0.000 0.000 0.000 0.000 0.000 0.000 0.000 0.000 0.000 0.000 0.000 0.000 0.000 0.000 0.000 0.000 0.000 0.000 0.000 0.000 0.000 0.000 0.000 0.000 0.000 0.001 0.002 0.003 0.006 0.011 0.020 0.042 0.108 0.302 0.743 1.428 2.415 4.121 7.305 10.020 12.449 14.420 15.841 16.688 16.968 16.862 16.379 15.884 15.371 14.930 14.191 13.031 11.787 11.008 10.864 10.821 10.816 10.884
0.000 0.000 0.000 0.000 0.000 0.000 0.000 0.000 0.000 0.000 0.000 0.000 0.000 0.000 0.000 0.000 0.000 0.000 0.000 0.000 0.000 0.000 0.000 0.000 0.000 0.000 0.000 0.000 0.000 0.000 0.000 0.000 0.000 0.000 0.000 0.000 0.000 0.000 0.000 0.000 0.000 0.000 0.000 0.001 0.003 0.005 0.008 0.014 0.028 0.062 0.145 0.341 0.737 1.346 2.144 4.205 6.455 9.066 11.672 13.990 15.731 16.601 17.175 17.275 17.135 16.738 16.037 15.304 14.571 13.863 13.074 13.132 13.234 13.303 13.463 13.802 14.283
0.000 0.000 0.000 0.000 0.000 0.000 0.000 0.000 0.000 0.000 0.000 0.000 0.000 0.000 0.000 0.000 0.000 0.000 0.000 0.000 0.000 0.000 0.001 0.001 0.001 0.001 0.001 0.001 0.001 0.001 0.001 0.001 0.001 0.001 0.000 0.000 0.000 0.000 0.000 0.000 0.000 0.001 0.002 0.004 0.007 0.012 0.022 0.046 0.100 0.220 0.447 0.813 1.263 1.763 2.445 4.749 7.102 9.722 12.239 14.425 16.014 16.819 17.174 17.248 17.113 16.593 15.820 15.167 14.859 14.800 14.719 14.701 14.607 14.700 15.079 15.960 17.219
0.000 0.000 0.000 0.000 0.000 0.000 0.000 0.000 0.000 0.000 0.000 0.000 0.000 0.000 0.000 0.000 0.000 0.000 0.000 0.000 0.001 0.002 0.003 0.003 0.004 0.004 0.004 0.004 0.004 0.004 0.004 0.004 0.004 0.003 0.002 0.002 0.001 0.001 0.000 0.000 0.001 0.002 0.006 0.011 0.019 0.034 0.077 0.159 0.312 0.581 0.939 1.299 1.690 2.096 2.623 4.490 6.861 9.561 12.058 14.146 15.745 16.605 16.916 16.953 16.762 16.336 15.942 15.954 15.993 15.967 15.765 15.498 15.465 15.662 16.347 17.752 19.403
0.000 0.000 0.000 0.000 0.000 0.000 0.000 0.000 0.000 0.000 0.000 0.000 0.000 0.000 0.000 0.000 0.000 0.000 0.000 0.001 0.002 0.005 0.007 0.008 0.009 0.010 0.010 0.010 0.010 0.010 0.010 0.010 0.009 0.007 0.005 0.004 0.003 0.002 0.002 0.001 0.002 0.006 0.014 0.025 0.047 0.117 0.238 0.425 0.695 1.008 1.297 1.867 2.318 2.651 3.015 3.744 5.816 8.670 11.380 13.635 15.127 15.966 16.468 16.554 16.514 16.598 16.640 16.636 16.599 16.454 16.187 15.872 16.033 16.730 17.647 18.833 20.151
0.000 0.000 0.000 0.000 0.000 0.000 0.000 0.000 0.000 0.000 0.000 0.000 0.000 0.000 0.000 0.000 0.000 0.000 0.001 0.003 0.006 0.009 0.013 0.015 0.017 0.018 0.019 0.019 0.019 0.019 0.019 0.018 0.016 0.013 0.010 0.007 0.005 0.004 0.004 0.003 0.006 0.014 0.029 0.055 0.148 0.326 0.558 0.815 1.065 1.278 1.751 2.337 2.743 3.052 3.282 3.590 4.571 7.415 10.399 12.782 14.258 15.124 15.653 15.956 16.326 16.582 16.832 16.701 16.675 16.552 16.281 16.068 16.087 16.801 17.622 18.638 19.815
0.000 0.000 0.000 0.000 0.000 0.000 0.000 0.000 0.000 0.000 0.000 0.000 0.000 0.000 0.000 0.000 0.000 0.000 0.002 0.005 0.010 0.016 0.022 0.025 0.028 0.030 0.031 0.031 0.031 0.031 0.031 0.029 0.026 0.022 0.016 0.011 0.008 0.007 0.006 0.006 0.011 0.026 0.057 0.150 0.383 0.685 0.934 1.118 1.275 1.571 2.135 2.617 2.978 3.275 3.462 3.638 4.079 6.734 9.650 11.957 13.459 14.279 14.853 15.353 15.887 16.245 16.437 16.407 16.271 16.032 15.642 15.308 15.283 15.643 16.563 17.643 19.009
0.000 0.000 0.000 0.000 0.000 0.000 0.000 0.000 0.000 0.000 0.000 0.000 0.000 0.000 0.000 0.000 0.000 0.001 0.004 0.009 0.017 0.026 0.033 0.039 0.043 0.045 0.047 0.047 0.047 0.047 0.046 0.044 0.040 0.034 0.024 0.017 0.012 0.011 0.010 0.011 0.018 0.045 0.111 0.351 0.745 1.045 1.200 1.302 1.500 2.019 2.440 2.782 3.079 3.359 3.582 3.698 3.923 6.211 9.059 11.190 12.560 13.454 14.057 14.607 15.101 15.325 15.371 15.220 14.939 14.541 14.021 13.783 13.755 14.094 14.997 16.285 17.799
0.000 0.000 0.000 0.000 0.000 0.000 0.000 0.000 0.000 0.000 0.000 0.000 0.000 0.000 0.000 0.000 0.000 0.001 0.005 0.012 0.024 0.038 0.048 0.056 0.062 0.065 0.067 0.068 0.068 0.067 0.066 0.063 0.058 0.049 0.036 0.025 0.019 0.017 0.016 0.018 0.028 0.072 0.209 0.607 1.065 1.289 1.371 1.487 1.978 2.344 2.614 2.843 3.089 3.343 3.595 3.676 3.784 5.767 8.216 10.091 11.391 12.342 12.915 13.372 13.657 13.685 13.553 13.299 12.869 12.245 11.768 11.493 11.472 11.995 13.091 14.678 16.398
0.000 0.000 0.000 0.000 0.000 0.000 0.000 0.000 0.000 0.000 0.000 0.000 0.000 0.000 0.000 0.000 0.000 0.001 0.005 0.013 0.028 0.050 0.068 0.078 0.086 0.090 0.093 0.093 0.094 0.093 0.092 0.088 0.081 0.070 0.054 0.040 0.030 0.025 0.024 0.026 0.042 0.109 0.280 0.779 1.276 1.453 1.496 1.889 2.231 2.477 2.653 2.830 3.061 3.302 3.527 3.585 3.600 5.276 7.300 8.818 10.010 10.698 11.163 11.510 11.662 11.615 11.390 11.026 10.455 9.753 9.310 9.247 9.552 10.373 11.688 13.250 14.943
0.000 0.000 0.000 0.000 0.000 0.000 0.000 0.000 0.000 0.000 0.000 0.000 0.000 0.000 0.000 0.000 0.000 0.001 0.004 0.012 0.028 0.056 0.088 0.106 0.115 0.122 0.125 0.126 0.126 0.126 0.124 0.120 0.111 0.096 0.083 0.063 0.045 0.037 0.035 0.044 0.066 0.155 0.402 0.873 1.404 1.567 1.815 2.089 2.307 2.476 2.619 2.775 2.991 3.224 3.397 3.411 3.333 4.448 6.400 7.630 8.457 8.757 8.979 9.199 9.315 9.283 9.078 8.732 8.238 7.731 7.476 7.548 8.059 9.038 10.327 11.755 13.321
0.000 0.000 0.000 0.000 0.000 0.000 0.000 0.000 0.000 0.000 0.000 0.000 0.000 0.000 0.000 0.000 0.000 0.000 0.002 0.007 0.022 0.052 0.099 0.133 0.151 0.160 0.165 0.167 0.168 0.167 0.165 0.159 0.148 0.142 0.129 0.104 0.071 0.060 0.070 0.097 0.146 0.234 0.502 0.949 1.446 1.828 2.021 2.150 2.281 2.408 2.543 2.658 2.839 3.040 3.163 3.106 2.940 3.628 5.327 6.488 7.057 7.100 7.008 6.963 6.952 6.910 6.825 6.635 6.318 6.065 5.999 6.163 6.776 7.751 8.954 10.255 11.612
0.000 0.000 0.000 0.000 0.000 0.000 0.000 0.000 0.000 0.000 0.000 0.000 0.000 0.000 0.000 0.000 0.000 0.000 0.001 0.003 0.012 0.040 0.094 0.153 0.188 0.205 0.213 0.218 0.219 0.218 0.216 0.217 0.218 0.216 0.202 0.170 0.118 0.122 0.151 0.211 0.308 0.485 0.823 1.306 1.756 1.979 2.073 2.136 2.209 2.299 2.358 2.381 2.512 2.641 2.707 2.628 2.479 2.755 3.989 5.196 5.665 5.623 5.433 5.222 5.074 4.988 4.927 4.819 4.660 4.582 4.641 4.943 5.556 6.442 7.465 8.550 9.658
0.000 0.000 0.000 0.000 0.000 0.000 0.000 0.000 0.000 0.000 0.000 0.000 0.000 0.000 0.000 0.000 0.000 0.000 0.000 0.001 0.004 0.025 0.079 0.159 0.218 0.253 0.270 0.278 0.280 0.280 0.309 0.330 0.335 0.333 0.315 0.273 0.228 0.256 0.324 0.441 0.625 0.961 1.391 1.706 1.877 1.976 2.041 2.093 2.119 2.102 2.013 1.958 1.973 2.017 2.053 2.051 2.206 2.405 2.719 3.713 4.206 4.261 4.133 3.932 3.740 3.592 3.468 3.341 3.255 3.237 3.339 3.692 4.356 5.022 5.840 6.745 7.790
0.000 0.000 0.000 0.000 0.000 0.000 0.000 0.000 0.000 0.000 0.000 0.000 0.000 0.000 0.000 0.000 0.000 0.000 0.000 0.000 0.002 0.012 0.055 0.142 0.230 0.292 0.331 0.348 0.356 0.395 0.487 0.533 0.542 0.535 0.500 0.429 0.465 0.543 0.685 0.892 1.165 1.507 1.762 1.862 1.890 1.922 1.979 1.993 1.925 1.825 1.630 1.501 1.473 1.515 1.609 1.753 1.921 2.092 2.293 2.490 2.924 3.091 3.073 2.968 2.815 2.625 2.413 2.214 2.112 2.086 2.130 2.333 2.757 3.373 4.138 5.099 6.168
0.000 0.000 0.000 0.000 0.000 0.000 0.000 0.000 0.000 0.000 0.000 0.000 0.000 0.000 0.000 0.000 0.000 0.000 0.000 0.000 0.001 0.005 0.030 0.105 0.215 0.310 0.384 0.430 0.453 0.557 0.782 0.893 0.905 0.881 0.805 0.835 0.934 1.101 1.315 1.508 1.671 1.828 1.899 1.893 1.886 1.874 1.836 1.746 1.722 1.562 1.262 1.088 1.000 1.032 1.164 1.386 1.591 1.783 1.940 2.030 2.055 2.147 2.203 2.157 2.056 1.884 1.636 1.388 1.250 1.193 1.177 1.225 1.418 1.826 2.472 3.557 4.528
0.000 0.000 0.000 0.000 0.000 0.000 0.000 0.000 0.000 0.000 0.000 0.000 0.000 0.000 0.000 0.000 0.000 0.000 0.000 0.000 0.000 0.002 0.013 0.062 0.169 0.297 0.414 0.515 0.582 0.689 0.978 1.294 1.380 1.344 1.274 1.349 1.502 1.671 1.808 1.900 1.949 1.965 1.934 1.909 1.860 1.762 1.607 1.501 1.439 1.204 0.928 0.691 0.551 0.538 0.658 0.929 1.220 1.454 1.603 1.655 1.646 1.609 1.553 1.481 1.404 1.299 1.137 0.909 0.699 0.592 0.549 0.535 0.587 0.789 1.223 2.242 2.860
0.000 0.000 0.000 0.000 0.000 0.000 0.000 0.000 0.000 0.000 0.000 0.000 0.000 0.000 0.000 0.000 0.000 0.000 0.000 0.000 0.000 0.001 0.004 0.028 0.107 0.248 0.406 0.569 0.715 0.828 1.053 1.410 1.648 1.700 1.657 1.634 1.787 1.912 2.017 2.066 2.067 2.017 1.970 1.889 1.759 1.574 1.366 1.193 1.067 0.923 0.775 0.565 0.340 0.256 0.287 0.460 0.771 1.058 1.241 1.308 1.297 1.253 1.197 1.124 1.036 0.925 0.780 0.602 0.432 0.302 0.228 0.211 0.213 0.272 0.437 0.757 0.914
0.000 0.000 0.000 0.000 0.000 0.000 0.000 0.000 0.000 0.000 0.000 0.000 0.000 0.000 0.000 0.000 0.000 0.000 0.000 0.000 0.001 0.004 0.009 0.019 0.051 0.166 0.353 0.574 0.800 0.976 1.102 1.292 1.643 1.801 1.824 1.810 1.859 1.992 2.091 2.117 2.100 2.063 1.964 1.811 1.600 1.376 1.192 1.052 0.933 0.815 0.676 0.466 0.263 0.150 0.135 0.184 0.352 0.602 0.819 0.933 0.955 0.926 0.878 0.808 0.709 0.598 0.482 0.361 0.248 0.159 0.103 0.087 0.084 0.094 0.137 0.203 0.222
0.000 0.000 0.000 0.000 0.000 0.000 0.000 0.000 0.000 0.000 0.000 0.000 0.000 0.000 0.000 0.000 0.000 0.000 0.000 0.001 0.004 0.011 0.023 0.046 0.087 0.162 0.287 0.493 0.804 1.061 1.193 1.266 1.417 1.691 1.813 1.831 1.930 2.022 2.091 2.115 2.112 2.056 1.910 1.670 1.437 1.249 1.083 0.951 0.843 0.734 0.580 0.360 0.190 0.119 0.093 0.092 0.135 0.247 0.397 0.508 0.560 0.567 0.544 0.494 0.411 0.322 0.245 0.179 0.121 0.077 0.051 0.041 0.039 0.040 0.050 0.060 0.061
0.000 0.000 0.000 0.000 0.000 0.000 0.000 0.000 0.000 0.000 0.000 0.000 0.000 0.000 0.000 0.000 0.000 0.000 0.001 0.004 0.012 0.028 0.057 0.106 0.188 0.324 0.526 0.769 0.990 1.133 1.240 1.290 1.388 1.483 1.690 1.865 1.969 2.028 2.057 2.088 2.079 2.007 1.818 1.526 1.307 1.149 1.013 0.896 0.787 0.655 0.467 0.263 0.175 0.121 0.088 0.071 0.070 0.094 0.146 0.194 0.220 0.228 0.221 0.199 0.162 0.124 0.095 0.071 0.052 0.037 0.027 0.022 0.021 0.021 0.024 0.026 0.026
0.000 0.000 0.000 0.000 0.000 0.000 0.000 0.000 0.000 0.000 0.000 0.000 0.000 0.000 0.000 0.000 0.000 0.001 0.004 0.012 0.031 0.070 0.136 0.238 0.395 0.634 0.899 1.105 1.222 1.266 1.272 1.283 1.324 1.522 1.782 1.913 1.983 2.023 2.038 2.043 2.015 1.910 1.678 1.387 1.198 1.058 0.946 0.845 0.727 0.565 0.351 0.225 0.184 0.133 0.093 0.068 0.055 0.052 0.058 0.068 0.073 0.074 0.071 0.064 0.053 0.044 0.036 0.030 0.025 0.020 0.016 0.014 0.014 0.014 0.014 0.015 0.015
0.000 0.000 0.000 0.000 0.000 0.000 0.000 0.000 0.000 0.000 0.000 0.000 0.000 0.000 0.000 0.000 0.001 0.003 0.010 0.031 0.078 0.168 0.313 0.517 0.794 1.093 1.287 1.364 1.374 1.328 1.290 1.265 1.252 1.625 1.849 1.952 1.993 2.004 2.019 2.007 1.942 1.779 1.504 1.263 1.105 0.984 0.886 0.784 0.650 0.459 0.251 0.227 0.191 0.142 0.100 0.071 0.051 0.040 0.034 0.031 0.030 0.029 0.028 0.026 0.022 0.020 0.018 0.016 0.014 0.012 0.010 0.010 0.009 0.009 0.009 0.009 0.009
0.000 0.000 0.000 0.000 0.000 0.000 0.000 0.000 0.000 0.000 0.000 0.000 0.000 0.000 0.000 0.000 0.001 0.007 0.024 0.071 0.179 0.382 0.688 1.019 1.308 1.486 1.548 1.529 1.447 1.382 1.285 1.171 1.338 1.712 1.895 1.965 1.988 1.997 1.987 1.942 1.836 1.633 1.360 1.163 1.022 0.921 0.835 0.724 0.565 0.346 0.251 0.230 0.194 0.144 0.101 0.070 0.048 0.032 0.023 0.018 0.016 0.015 0.014 0.014 0.012 0.011 0.010 0.009 0.008 0.007 0.007 0.006 0.006 0.006 0.006 0.006 0.006
0.000 0.000 0.000 0.000 0.000 0.000 0.000 0.000 0.000 0.000 0.000 0.000 0.000 0.000 0.000 0.001 0.004 0.014 0.047 0.137 0.345 0.729 1.185 1.495 1.659 1.713 1.691 1.612 1.518 1.376 1.181 1.072 1.472 1.786 1.930 1.972 1.978 1.982 1.956 1.875 1.718 1.496 1.255 1.073 0.955 0.869 0.781 0.653 0.460 0.251 0.243 0.224 0.188 0.137 0.093 0.061 0.039 0.023 0.014 0.010 0.008 0.008 0.008 0.008 0.007 0.007 0.006 0.006 0.005 0.005 0.004 0.004 0.003 0.003 0.003 0.003 0.003
0.000 0.000 0.000 0.000 0.000 0.000 0.000 0.000 0.000 0.000 0.000 0.000 0.000 0.000 0.000 0.002 0.008 0.027 0.086 0.240 0.576 1.123 1.557 1.765 1.825 1.807 1.755 1.663 1.501 1.256 0.961 1.175 1.609 1.854 1.946 1.965 1.970 1.958 1.907 1.787 1.611 1.397 1.176 1.000 0.903 0.825 0.721 0.564 0.350 0.206 0.201 0.186 0.155 0.108 0.066 0.038 0.020 0.010 0.006 0.004 0.004 0.004 0.004 0.004 0.004 0.004 0.003 0.003 0.003 0.002 0.002 0.002 0.002 0.002 0.002 0.002 0.002
0.000 0.000 0.000 0.000 0.000 0.000 0.000 0.000 0.000 0.000 0.000 0.000 0.000 0.000 0.001 0.004 0.014 0.049 0.146 0.379 0.853 1.433 1.755 1.870 1.873 1.846 1.770 1.609 1.330 0.978 1.002 1.303 1.711 1.917 1.970 1.967 1.956 1.915 1.828 1.688 1.507 1.298 1.093 0.963 0.879 0.792 0.664 0.471 0.265 0.141 0.133 0.117 0.089 0.055 0.029 0.014 0.007 0.003 0.002 0.002 0.002 0.002 0.002 0.002 0.002 0.002 0.002 0.001 0.001 0.001 0.001 0.001 0.001 0.001 0.001 0.001 0.000
0.000 0.000 0.000 0.000 0.000 0.000 0.000 0.000 0.000 0.000 0.000 0.000 0.000 0.000 0.001 0.007 0.026 0.082 0.225 0.545 1.122 1.617 1.826 1.879 1.885 1.840 1.686 1.383 1.021 0.925 1.075 1.454 1.781 1.941 1.980 1.978 1.947 1.870 1.746 1.589 1.408 1.197 1.030 0.945 0.870 0.762 0.598 0.383 0.201 0.088 0.054 0.045 0.032 0.017 0.008 0.004 0.002 0.001 0.001 0.001 0.001 0.001 0.001 0.001 0.001 0.001 0.001 0.000 0.000 0.000 0.000 0.000 0.000 0.000 0.000 0.000 0.000
0.000 0.000 0.000 0.000 0.000 0.000 0.000 0.000 0.000 0.000 0.000 0.000 0.000 0.000 0.003 0.012 0.042 0.124 0.319 0.720 1.322 1.708 1.832 1.859 1.860 1.768 1.505 1.113 0.923 0.910 1.165 1.569 1.829 1.937 1.968 1.971 1.922 1.815 1.662 1.488 1.301 1.102 0.998 0.933 0.855 0.730 0.534 0.310 0.150 0.060 0.020 0.011 0.007 0.004 0.002 0.001 0.001 0.000 0.000 0.000 0.000 0.000 0.000 0.000 0.000 0.000 0.000 0.000 0.000 0.000 0.000 0.000 0.000 0.000 0.000 0.000 0.000
0.000 0.000 0.000 0.000 0.000 0.000 0.000 0.000 0.000 0.000 0.000 0.000 0.000 0.001 0.004 0.018 0.061 0.176 0.431 0.894 1.451 1.738 1.817 1.834 1.804 1.636 1.265 0.952 0.865 0.926 1.250 1.634 1.856 1.923 1.946 1.944 1.885 1.756 1.587 1.396 1.170 1.038 0.981 0.931 0.840 0.686 0.465 0.252 0.114 0.042 0.013 0.003 0.002 0.001 0.000 0.000 0.000 0.000 0.000 0.000 0.000 0.000 0.000 0.000 0.000 0.000 0.000 0.000 0.000 0.000 0.000 0.000 0.000 0.000 0.000 0.000 0.000
0.000 0.000 0.000 0.000 0.000 0.000 0.000 0.000 0.000 0.000 0.000 0.000 0.000 0.001 0.006 0.024 0.084 0.234 0.550 1.069 1.524 1.724 1.783 1.799 1.718 1.450 1.058 0.860 0.823 0.952 1.338 1.692 1.881 1.934 1.930 1.905 1.821 1.687 1.511 1.289 1.080 1.005 0.974 0.924 0.817 0.638 0.397 0.201 0.084 0.028 0.008 0.002 0.000 0.000 0.000 0.000 0.000 0.000 0.000 0.000 0.000 0.000 0.000 0.000 0.000 0.000 0.000 0.000 0.000 0.000 0.000 0.000 0.000 0.000 0.000 0.000 0.000
0.000 0.000 0.000 0.000 0.000 0.000 0.000 0.000 0.000 0.000 0.000 0.000 0.000 0.001 0.008 0.032 0.107 0.296 0.681 1.214 1.564 1.692 1.739 1.733 1.583 1.221 0.919 0.802 0.787 0.981 1.394 1.744 1.900 1.933 1.929 1.868 1.751 1.598 1.404 1.153 1.019 0.987 0.965 0.910 0.784 0.579 0.333 0.156 0.059 0.018 0.004 0.001 0.000 0.000 0.000 0.000 0.000 0.000 0.000 0.000 0.000 0.000 0.000 0.000 0.000 0.000 0.000 0.000 0.000 0.000 0.000 0.000 0.000 0.000 0.000 0.000 0.000
0.000 0.000 0.000 0.000 0.000 0.000 0.000 0.000 0.000 0.000 0.000 0.000 0.000 0.002 0.009 0.038 0.129 0.363 0.821 1.319 1.573 1.644 1.679 1.628 1.392 1.018 0.814 0.753 0.763 1.018 1.439 1.773 1.919 1.942 1.927 1.848 1.704 1.505 1.265 1.045 0.977 0.971 0.953 0.885 0.744 0.517 0.274 0.119 0.041 0.011 0.002 0.000 0.000 0.000 0.000 0.000 0.000 0.000 0.000 0.000 0.000 0.000 0.000 0.000 0.000 0.000 0.000 0.000 0.000 0.000 0.000 0.000 0.000 0.000 0.000 0.000 0.000
0.000 0.000 0.000 0.000 0.000 0.000 0.000 0.000 0.000 0.000 0.000 0.000 0.000 0.002 0.010 0.045 0.151 0.428 0.962 1.411 1.585 1.610 1.616 1.504 1.183 0.871 0.734 0.700 0.746 1.055 1.508 1.813 1.929 1.941 1.926 1.829 1.648 1.413 1.157 0.999 0.970 0.966 0.942 0.856 0.690 0.448 0.218 0.086 0.026 0.006 0.001 0.000 0.000 0.000 0.000 0.000 0.000 0.000 0.000 0.000 0.000 0.000 0.000 0.000 0.000 0.000 0.000 0.000 0.000 0.000 0.000 0.000 0.000 0.000 0.000 0.000 0.000
