RESULTS/r.avaflow_results/31_results/31_ascii/31_hflow_max0039.asc
ncols 506
nrows 317
xllcenter 498237.50
yllcenter 5580050.00
cellsize 12.50
NODATA_value -9999.000
[rows 170 to 203 of 317, columns 77 to 153 of 506]
0.000 0.000 0.000 0.000 0.000 0.000 0.000 0.000 0.000 0.000 0.000 0.000 0.000 0.000 0.000 0.000 0.000 0.000 0.000 0.000 0.000 0.000 0.000 0.000 0.000 0.000 0.000 0.000 0.000 0.000 0.000 0.000 0.000 0.000 0.000 0.000 0.000 0.000 0.000 0.000 0.000 0.000 0.000 0.000 0.001 0.002 0.003 0.006 0.011 0.020 0.042 0.108 0.306 0.752 1.433 2.420 4.126 7.311 10.026 12.455 14.427 15.847 16.697 16.978 16.871 16.387 15.891 15.376 14.934 14.194 13.034 11.789 11.009 10.865 10.822 10.817 10.884
0.000 0.000 0.000 0.000 0.000 0.000 0.000 0.000 0.000 0.000 0.000 0.000 0.000 0.000 0.000 0.000 0.000 0.000 0.000 0.000 0.000 0.000 0.000 0.000 0.000 0.000 0.000 0.000 0.000 0.000 0.000 0.000 0.000 0.000 0.000 0.000 0.000 0.000 0.000 0.000 0.000 0.000 0.000 0.001 0.003 0.005 0.008 0.014 0.028 0.062 0.145 0.343 0.745 1.356 2.149 4.209 6.459 9.070 11.677 13.995 15.738 16.608 17.185 17.285 17.144 16.745 16.043 15.309 14.575 13.866 13.077 13.134 13.236 13.304 13.464 13.803 14.284
0.000 0.000 0.000 0.000 0.000 0.000 0.000 0.000 0.000 0.000 0.000 0.000 0.000 0.000 0.000 0.000 0.000 0.000 0.000 0.000 0.000 0.000 0.001 0.001 0.001 0.001 0.001 0.001 0.001 0.001 0.001 0.001 0.001 0.001 0.000 0.000 0.000 0.000 0.000 0.000 0.000 0.001 0.002 0.004 0.007 0.012 0.022 0.046 0.100 0.220 0.447 0.817 1.272 1.777 2.449 4.753 7.105 9.726 12.244 14.430 16.020 16.827 17.184 17.258 17.121 16.600 15.826 15.172 14.863 14.803 14.722 14.703 14.609 14.702 15.080 15.961 17.219
0.000 0.000 0.000 0.000 0.000 0.000 0.000 0.000 0.000 0.000 0.000 0.000 0.000 0.000 0.000 0.000 0.000 0.000 0.000 0.000 0.001 0.002 0.003 0.004 0.004 0.004 0.004 0.004 0.004 0.004 0.004 0.004 0.004 0.003 0.002 0.002 0.001 0.001 0.000 0.000 0.001 0.002 0.006 0.011 0.019 0.034 0.077 0.159 0.312 0.581 0.940 1.303 1.696 2.106 2.623 4.490 6.865 9.565 12.062 14.151 15.751 16.614 16.925 16.963 16.771 16.343 15.948 15.959 15.997 15.971 15.767 15.500 15.466 15.664 16.348 17.753 19.404
0.000 0.000 0.000 0.000 0.000 0.000 0.000 0.000 0.000 0.000 0.000 0.000 0.000 0.000 0.000 0.000 0.000 0.000 0.000 0.001 0.003 0.005 0.007 0.009 0.009 0.010 0.010 0.010 0.010 0.010 0.010 0.010 0.009 0.007 0.005 0.004 0.003 0.002 0.002 0.001 0.002 0.006 0.014 0.025 0.047 0.117 0.238 0.425 0.695 1.009 1.299 1.871 2.324 2.660 3.015 3.744 5.816 8.674 11.384 13.639 15.133 15.973 16.477 16.564 16.523 16.606 16.646 16.641 16.603 16.458 16.190 15.874 16.035 16.732 17.648 18.834 20.152
0.000 0.000 0.000 0.000 0.000 0.000 0.000 0.000 0.000 0.000 0.000 0.000 0.000 0.000 0.000 0.000 0.000 0.000 0.001 0.003 0.006 0.010 0.014 0.016 0.018 0.019 0.019 0.019 0.019 0.019 0.019 0.018 0.016 0.014 0.010 0.007 0.005 0.004 0.004 0.003 0.006 0.014 0.029 0.055 0.148 0.326 0.558 0.815 1.066 1.280 1.754 2.341 2.749 3.060 3.290 3.590 4.571 7.415 10.403 12.787 14.264 15.132 15.662 15.965 16.334 16.589 16.838 16.706 16.680 16.556 16.284 16.070 16.089 16.803 17.623 18.639 19.816
0.000 0.000 0.000 0.000 0.000 0.000 0.000 0.000 0.000 0.000 0.000 0.000 0.000 0.000 0.000 0.000 0.000 0.000 0.002 0.006 0.011 0.017 0.022 0.026 0.029 0.030 0.031 0.032 0.032 0.032 0.031 0.029 0.027 0.022 0.016 0.011 0.008 0.007 0.006 0.006 0.011 0.026 0.057 0.150 0.383 0.685 0.935 1.119 1.276 1.574 2.139 2.621 2.984 3.282 3.471 3.638 4.079 6.734 9.656 11.962 13.465 14.287 14.863 15.363 15.895 16.252 16.444 16.412 16.275 16.036 15.645 15.310 15.285 15.644 16.564 17.644 19.009
0.000 0.000 0.000 0.000 0.000 0.000 0.000 0.000 0.000 0.000 0.000 0.000 0.000 0.000 0.000 0.000 0.000 0.001 0.004 0.010 0.018 0.027 0.034 0.040 0.044 0.046 0.047 0.048 0.048 0.048 0.047 0.045 0.040 0.034 0.024 0.017 0.013 0.011 0.010 0.011 0.018 0.045 0.111 0.351 0.746 1.046 1.201 1.304 1.502 2.022 2.444 2.786 3.084 3.366 3.590 3.698 3.923 6.211 9.065 11.195 12.567 13.462 14.067 14.616 15.109 15.332 15.377 15.225 14.944 14.545 14.024 13.786 13.757 14.096 14.998 16.285 17.800
0.000 0.000 0.000 0.000 0.000 0.000 0.000 0.000 0.000 0.000 0.000 0.000 0.000 0.000 0.000 0.000 0.000 0.001 0.005 0.013 0.025 0.040 0.050 0.058 0.063 0.066 0.068 0.068 0.069 0.068 0.067 0.064 0.059 0.049 0.036 0.025 0.019 0.017 0.016 0.018 0.028 0.072 0.209 0.607 1.066 1.290 1.372 1.489 1.980 2.347 2.618 2.848 3.095 3.349 3.602 3.685 3.784 5.767 8.222 10.097 11.398 12.350 12.925 13.381 13.665 13.691 13.558 13.304 12.873 12.248 11.771 11.495 11.474 11.996 13.092 14.679 16.398
0.000 0.000 0.000 0.000 0.000 0.000 0.000 0.000 0.000 0.000 0.000 0.000 0.000 0.000 0.000 0.000 0.000 0.001 0.005 0.014 0.030 0.052 0.070 0.080 0.087 0.092 0.094 0.095 0.095 0.094 0.093 0.089 0.082 0.070 0.054 0.040 0.030 0.025 0.024 0.026 0.042 0.109 0.280 0.779 1.277 1.454 1.497 1.891 2.233 2.481 2.658 2.835 3.067 3.309 3.534 3.593 3.600 5.276 7.306 8.825 10.017 10.706 11.173 11.520 11.670 11.622 11.396 11.032 10.459 9.756 9.313 9.249 9.554 10.375 11.690 13.251 14.944
0.000 0.000 0.000 0.000 0.000 0.000 0.000 0.000 0.000 0.000 0.000 0.000 0.000 0.000 0.000 0.000 0.000 0.001 0.004 0.012 0.029 0.058 0.090 0.108 0.117 0.123 0.126 0.127 0.128 0.127 0.125 0.120 0.111 0.096 0.083 0.063 0.045 0.037 0.035 0.044 0.066 0.155 0.403 0.873 1.405 1.568 1.817 2.091 2.310 2.480 2.623 2.780 2.997 3.232 3.405 3.419 3.339 4.448 6.406 7.637 8.465 8.766 8.989 9.209 9.323 9.290 9.084 8.737 8.242 7.734 7.479 7.550 8.061 9.039 10.329 11.756 13.322
0.000 0.000 0.000 0.000 0.000 0.000 0.000 0.000 0.000 0.000 0.000 0.000 0.000 0.000 0.000 0.000 0.000 0.000 0.002 0.008 0.023 0.054 0.101 0.136 0.153 0.161 0.166 0.168 0.169 0.168 0.166 0.160 0.149 0.142 0.129 0.104 0.071 0.060 0.070 0.097 0.146 0.234 0.502 0.949 1.447 1.829 2.022 2.152 2.284 2.412 2.548 2.664 2.845 3.047 3.171 3.114 2.948 3.634 5.334 6.496 7.066 7.111 7.018 6.972 6.960 6.917 6.830 6.640 6.322 6.068 6.002 6.166 6.778 7.753 8.956 10.256 11.613
0.000 0.000 0.000 0.000 0.000 0.000 0.000 0.000 0.000 0.000 0.000 0.000 0.000 0.000 0.000 0.000 0.000 0.000 0.001 0.003 0.012 0.041 0.096 0.155 0.190 0.207 0.215 0.219 0.220 0.219 0.216 0.217 0.218 0.216 0.202 0.170 0.118 0.122 0.151 0.211 0.308 0.485 0.823 1.307 1.757 1.980 2.075 2.138 2.212 2.303 2.363 2.387 2.518 2.648 2.715 2.636 2.487 2.768 3.996 5.205 5.675 5.635 5.443 5.231 5.082 4.995 4.932 4.824 4.664 4.586 4.644 4.946 5.558 6.444 7.466 8.551 9.659
0.000 0.000 0.000 0.000 0.000 0.000 0.000 0.000 0.000 0.000 0.000 0.000 0.000 0.000 0.000 0.000 0.000 0.000 0.000 0.001 0.005 0.025 0.081 0.161 0.220 0.255 0.271 0.278 0.281 0.281 0.309 0.330 0.335 0.333 0.315 0.273 0.228 0.256 0.324 0.441 0.625 0.961 1.391 1.706 1.877 1.977 2.043 2.096 2.122 2.105 2.018 1.963 1.979 2.024 2.061 2.059 2.218 2.418 2.734 3.722 4.216 4.273 4.143 3.941 3.748 3.598 3.474 3.346 3.259 3.240 3.342 3.695 4.358 5.024 5.842 6.746 7.791
0.000 0.000 0.000 0.000 0.000 0.000 0.000 0.000 0.000 0.000 0.000 0.000 0.000 0.000 0.000 0.000 0.000 0.000 0.000 0.000 0.002 0.012 0.056 0.144 0.231 0.293 0.331 0.348 0.356 0.395 0.487 0.533 0.542 0.535 0.500 0.429 0.465 0.543 0.685 0.892 1.165 1.507 1.762 1.862 1.890 1.923 1.981 1.995 1.928 1.828 1.632 1.504 1.477 1.520 1.615 1.761 1.931 2.104 2.307 2.505 2.935 3.103 3.084 2.978 2.823 2.632 2.418 2.218 2.116 2.089 2.133 2.336 2.759 3.375 4.139 5.101 6.169
0.000 0.000 0.000 0.000 0.000 0.000 0.000 0.000 0.000 0.000 0.000 0.000 0.000 0.000 0.000 0.000 0.000 0.000 0.000 0.000 0.001 0.005 0.030 0.106 0.215 0.310 0.384 0.430 0.453 0.557 0.782 0.893 0.905 0.881 0.805 0.835 0.934 1.101 1.315 1.508 1.671 1.828 1.899 1.893 1.886 1.874 1.837 1.748 1.724 1.564 1.264 1.089 1.002 1.034 1.167 1.391 1.599 1.793 1.953 2.045 2.073 2.158 2.214 2.167 2.064 1.890 1.642 1.393 1.253 1.196 1.180 1.228 1.420 1.828 2.474 3.558 4.529
0.000 0.000 0.000 0.000 0.000 0.000 0.000 0.000 0.000 0.000 0.000 0.000 0.000 0.000 0.000 0.000 0.000 0.000 0.000 0.000 0.000 0.002 0.013 0.062 0.169 0.297 0.414 0.515 0.582 0.689 0.978 1.294 1.380 1.344 1.274 1.349 1.502 1.671 1.808 1.901 1.949 1.965 1.934 1.909 1.860 1.762 1.608 1.502 1.440 1.205 0.929 0.692 0.551 0.539 0.659 0.931 1.227 1.463 1.614 1.670 1.663 1.628 1.572 1.500 1.421 1.317 1.155 0.928 0.719 0.595 0.552 0.536 0.588 0.790 1.224 2.243 2.861
0.000 0.000 0.000 0.000 0.000 0.000 0.000 0.000 0.000 0.000 0.000 0.000 0.000 0.000 0.000 0.000 0.000 0.000 0.000 0.000 0.000 0.001 0.004 0.028 0.107 0.248 0.406 0.569 0.715 0.828 1.053 1.410 1.648 1.700 1.657 1.634 1.787 1.912 2.017 2.066 2.067 2.017 1.970 1.889 1.759 1.574 1.367 1.194 1.068 0.923 0.775 0.565 0.340 0.256 0.288 0.462 0.778 1.068 1.252 1.321 1.313 1.270 1.215 1.141 1.052 0.941 0.796 0.618 0.447 0.314 0.230 0.212 0.213 0.272 0.438 0.758 0.915
0.000 0.000 0.000 0.000 0.000 0.000 0.000 0.000 0.000 0.000 0.000 0.000 0.000 0.000 0.000 0.000 0.000 0.000 0.000 0.000 0.001 0.004 0.009 0.019 0.051 0.166 0.353 0.574 0.800 0.976 1.102 1.292 1.643 1.801 1.824 1.810 1.859 1.992 2.091 2.117 2.100 2.063 1.964 1.811 1.600 1.376 1.192 1.053 0.933 0.815 0.676 0.467 0.263 0.150 0.135 0.185 0.357 0.610 0.830 0.945 0.968 0.941 0.894 0.824 0.724 0.612 0.494 0.374 0.258 0.167 0.108 0.087 0.084 0.094 0.137 0.203 0.222
0.000 0.000 0.000 0.000 0.000 0.000 0.000 0.000 0.000 0.000 0.000 0.000 0.000 0.000 0.000 0.000 0.000 0.000 0.000 0.001 0.004 0.011 0.023 0.046 0.087 0.162 0.287 0.493 0.804 1.061 1.193 1.266 1.417 1.691 1.813 1.831 1.930 2.022 2.091 2.115 2.112 2.056 1.910 1.670 1.437 1.249 1.083 0.951 0.843 0.734 0.580 0.361 0.190 0.120 0.094 0.093 0.137 0.252 0.404 0.517 0.571 0.579 0.556 0.506 0.422 0.332 0.254 0.187 0.127 0.081 0.053 0.041 0.039 0.040 0.050 0.060 0.061
0.000 0.000 0.000 0.000 0.000 0.000 0.000 0.000 0.000 0.000 0.000 0.000 0.000 0.000 0.000 0.000 0.000 0.000 0.001 0.004 0.012 0.028 0.057 0.106 0.188 0.324 0.526 0.769 0.990 1.133 1.240 1.290 1.388 1.483 1.690 1.865 1.969 2.028 2.057 2.088 2.079 2.007 1.818 1.526 1.307 1.149 1.013 0.896 0.787 0.655 0.467 0.263 0.177 0.123 0.089 0.073 0.072 0.096 0.149 0.198 0.225 0.233 0.226 0.205 0.168 0.128 0.098 0.074 0.054 0.038 0.028 0.023 0.021 0.021 0.024 0.026 0.026
0.000 0.000 0.000 0.000 0.000 0.000 0.000 0.000 0.000 0.000 0.000 0.000 0.000 0.000 0.000 0.000 0.000 0.001 0.004 0.012 0.031 0.070 0.136 0.238 0.395 0.634 0.899 1.105 1.222 1.266 1.272 1.283 1.324 1.522 1.782 1.913 1.983 2.023 2.038 2.043 2.015 1.910 1.678 1.387 1.198 1.058 0.946 0.845 0.727 0.565 0.351 0.227 0.187 0.135 0.095 0.070 0.057 0.053 0.059 0.069 0.074 0.075 0.072 0.065 0.055 0.045 0.037 0.031 0.025 0.020 0.016 0.014 0.014 0.014 0.014 0.015 0.015
0.000 0.000 0.000 0.000 0.000 0.000 0.000 0.000 0.000 0.000 0.000 0.000 0.000 0.000 0.000 0.000 0.001 0.003 0.010 0.031 0.078 0.168 0.313 0.517 0.794 1.093 1.287 1.364 1.374 1.328 1.290 1.265 1.252 1.625 1.849 1.952 1.993 2.004 2.019 2.007 1.942 1.779 1.504 1.263 1.105 0.984 0.886 0.785 0.650 0.459 0.251 0.231 0.195 0.145 0.103 0.073 0.053 0.041 0.035 0.031 0.030 0.029 0.028 0.026 0.023 0.020 0.018 0.016 0.014 0.012 0.010 0.010 0.009 0.009 0.009 0.009 0.009
0.000 0.000 0.000 0.000 0.000 0.000 0.000 0.000 0.000 0.000 0.000 0.000 0.000 0.000 0.000 0.000 0.001 0.007 0.024 0.071 0.179 0.382 0.688 1.019 1.308 1.486 1.548 1.529 1.447 1.382 1.285 1.171 1.338 1.712 1.895 1.965 1.988 1.997 1.987 1.942 1.836 1.633 1.360 1.163 1.022 0.921 0.835 0.724 0.565 0.346 0.254 0.234 0.198 0.147 0.104 0.072 0.049 0.033 0.023 0.018 0.016 0.015 0.014 0.014 0.013 0.011 0.011 0.010 0.008 0.008 0.007 0.006 0.006 0.006 0.006 0.006 0.006
0.000 0.000 0.000 0.000 0.000 0.000 0.000 0.000 0.000 0.000 0.000 0.000 0.000 0.000 0.000 0.001 0.004 0.014 0.047 0.137 0.345 0.729 1.185 1.495 1.659 1.713 1.691 1.612 1.518 1.376 1.181 1.072 1.472 1.786 1.930 1.972 1.978 1.982 1.956 1.875 1.718 1.496 1.255 1.073 0.955 0.869 0.781 0.653 0.460 0.251 0.246 0.227 0.191 0.140 0.095 0.063 0.040 0.023 0.014 0.010 0.008 0.008 0.008 0.008 0.007 0.007 0.006 0.006 0.005 0.005 0.004 0.004 0.003 0.003 0.003 0.003 0.003
0.000 0.000 0.000 0.000 0.000 0.000 0.000 0.000 0.000 0.000 0.000 0.000 0.000 0.000 0.000 0.002 0.008 0.027 0.086 0.240 0.576 1.123 1.557 1.765 1.825 1.807 1.755 1.663 1.501 1.256 0.961 1.175 1.609 1.854 1.946 1.965 1.970 1.958 1.907 1.787 1.611 1.397 1.176 1.000 0.903 0.825 0.721 0.564 0.350 0.206 0.201 0.186 0.156 0.110 0.068 0.039 0.021 0.010 0.006 0.004 0.004 0.004 0.004 0.004 0.004 0.004 0.003 0.003 0.003 0.002 0.002 0.002 0.002 0.002 0.002 0.002 0.002
0.000 0.000 0.000 0.000 0.000 0.000 0.000 0.000 0.000 0.000 0.000 0.000 0.000 0.000 0.001 0.004 0.014 0.049 0.146 0.379 0.853 1.433 1.755 1.870 1.873 1.846 1.770 1.609 1.330 0.978 1.002 1.303 1.711 1.917 1.970 1.967 1.956 1.915 1.828 1.688 1.507 1.298 1.093 0.963 0.879 0.792 0.664 0.471 0.265 0.141 0.133 0.117 0.089 0.056 0.029 0.014 0.007 0.003 0.002 0.002 0.002 0.002 0.002 0.002 0.002 0.002 0.002 0.001 0.001 0.001 0.001 0.001 0.001 0.001 0.001 0.001 0.000
0.000 0.000 0.000 0.000 0.000 0.000 0.000 0.000 0.000 0.000 0.000 0.000 0.000 0.000 0.001 0.007 0.026 0.082 0.225 0.545 1.122 1.617 1.826 1.879 1.885 1.840 1.686 1.383 1.021 0.925 1.075 1.454 1.781 1.941 1.980 1.978 1.947 1.870 1.746 1.589 1.408 1.197 1.030 0.945 0.870 0.762 0.598 0.383 0.201 0.088 0.054 0.045 0.032 0.018 0.009 0.004 0.002 0.001 0.001 0.001 0.001 0.001 0.001 0.001 0.001 0.001 0.001 0.000 0.000 0.000 0.000 0.000 0.000 0.000 0.000 0.000 0.000
0.000 0.000 0.000 0.000 0.000 0.000 0.000 0.000 0.000 0.000 0.000 0.000 0.000 0.000 0.003 0.012 0.042 0.124 0.319 0.720 1.322 1.708 1.832 1.859 1.860 1.768 1.505 1.113 0.923 0.910 1.165 1.569 1.829 1.937 1.968 1.971 1.922 1.815 1.662 1.488 1.301 1.102 0.998 0.933 0.855 0.730 0.534 0.310 0.150 0.060 0.020 0.011 0.007 0.004 0.002 0.001 0.001 0.000 0.000 0.000 0.000 0.000 0.000 0.000 0.000 0.000 0.000 0.000 0.000 0.000 0.000 0.000 0.000 0.000 0.000 0.000 0.000
0.000 0.000 0.000 0.000 0.000 0.000 0.000 0.000 0.000 0.000 0.000 0.000 0.000 0.001 0.004 0.018 0.061 0.176 0.431 0.894 1.451 1.738 1.817 1.834 1.804 1.636 1.265 0.952 0.865 0.926 1.250 1.634 1.856 1.923 1.946 1.944 1.885 1.756 1.587 1.396 1.170 1.038 0.981 0.931 0.840 0.686 0.465 0.252 0.114 0.042 0.013 0.003 0.002 0.001 0.000 0.000 0.000 0.000 0.000 0.000 0.000 0.000 0.000 0.000 0.000 0.000 0.000 0.000 0.000 0.000 0.000 0.000 0.000 0.000 0.000 0.000 0.000
0.000 0.000 0.000 0.000 0.000 0.000 0.000 0.000 0.000 0.000 0.000 0.000 0.000 0.001 0.006 0.024 0.084 0.234 0.550 1.069 1.524 1.724 1.783 1.799 1.718 1.450 1.058 0.860 0.823 0.952 1.338 1.692 1.881 1.934 1.930 1.905 1.821 1.687 1.511 1.289 1.080 1.005 0.974 0.924 0.817 0.638 0.397 0.201 0.084 0.028 0.008 0.002 0.000 0.000 0.000 0.000 0.000 0.000 0.000 0.000 0.000 0.000 0.000 0.000 0.000 0.000 0.000 0.000 0.000 0.000 0.000 0.000 0.000 0.000 0.000 0.000 0.000
0.000 0.000 0.000 0.000 0.000 0.000 0.000 0.000 0.000 0.000 0.000 0.000 0.000 0.001 0.008 0.032 0.107 0.296 0.681 1.214 1.564 1.692 1.739 1.733 1.583 1.221 0.919 0.802 0.787 0.981 1.394 1.744 1.900 1.933 1.929 1.868 1.751 1.598 1.404 1.153 1.019 0.987 0.965 0.910 0.784 0.579 0.333 0.156 0.059 0.018 0.004 0.001 0.000 0.000 0.000 0.000 0.000 0.000 0.000 0.000 0.000 0.000 0.000 0.000 0.000 0.000 0.000 0.000 0.000 0.000 0.000 0.000 0.000 0.000 0.000 0.000 0.000
0.000 0.000 0.000 0.000 0.000 0.000 0.000 0.000 0.000 0.000 0.000 0.000 0.000 0.002 0.009 0.038 0.129 0.363 0.821 1.319 1.573 1.644 1.679 1.628 1.392 1.018 0.814 0.753 0.763 1.018 1.439 1.773 1.919 1.942 1.927 1.848 1.704 1.505 1.265 1.045 0.977 0.971 0.953 0.885 0.744 0.517 0.274 0.119 0.041 0.011 0.002 0.000 0.000 0.000 0.000 0.000 0.000 0.000 0.000 0.000 0.000 0.000 0.000 0.000 0.000 0.000 0.000 0.000 0.000 0.000 0.000 0.000 0.000 0.000 0.000 0.000 0.000
0.000 0.000 0.000 0.000 0.000 0.000 0.000 0.000 0.000 0.000 0.000 0.000 0.000 0.002 0.010 0.045 0.151 0.428 0.962 1.411 1.585 1.610 1.616 1.504 1.183 0.871 0.734 0.700 0.746 1.055 1.508 1.813 1.929 1.941 1.926 1.829 1.648 1.413 1.157 0.999 0.970 0.966 0.942 0.856 0.690 0.448 0.218 0.086 0.026 0.006 0.001 0.000 0.000 0.000 0.000 0.000 0.000 0.000 0.000 0.000 0.000 0.000 0.000 0.000 0.000 0.000 0.000 0.000 0.000 0.000 0.000 0.000 0.000 0.000 0.000 0.000 0.000
