RESULTS/r.avaflow_results/31_results/31_ascii/31_hflow_max0004.asc
ncols 506
nrows 317
xllcenter 498237.50
yllcenter 5580050.00
cellsize 12.50
NODATA_value -9999.000
[rows 170 to 203 of 317, columns 77 to 153 of 506]
0.000 0.000 0.000 0.000 0.000 0.000 0.000 0.000 0.000 0.000 0.000 0.000 0.000 0.000 0.000 0.000 0.000 0.000 0.000 0.000 0.000 0.000 0.000 0.000 0.000 0.000 0.000 0.000 0.000 0.000 0.000 0.000 0.000 0.000 0.000 0.000 0.000 0.000 0.000 0.000 0.000 0.000 0.000 0.000 0.000 0.000 0.000 0.001 0.004 0.007 0.012 0.027 0.098 0.365 0.964 1.939 3.579 6.717 9.425 11.878 13.896 15.367 16.282 16.640 16.606 16.183 15.735 15.258 14.846 14.128 12.985 11.754 10.967 10.846 10.808 10.808 10.877
0.000 0.000 0.000 0.000 0.000 0.000 0.000 0.000 0.000 0.000 0.000 0.000 0.000 0.000 0.000 0.000 0.000 0.000 0.000 0.000 0.000 0.000 0.000 0.000 0.000 0.000 0.000 0.000 0.000 0.000 0.000 0.000 0.000 0.000 0.000 0.000 0.000 0.000 0.000 0.000 0.000 0.000 0.000 0.000 0.000 0.000 0.001 0.003 0.006 0.011 0.021 0.059 0.199 0.618 1.501 3.590 5.802 8.402 11.022 13.375 15.159 16.090 16.741 16.927 16.865 16.530 15.879 15.184 14.481 13.796 13.025 13.096 13.207 13.284 13.449 13.792 14.276
0.000 0.000 0.000 0.000 0.000 0.000 0.000 0.000 0.000 0.000 0.000 0.000 0.000 0.000 0.000 0.000 0.000 0.000 0.000 0.000 0.000 0.000 0.000 0.000 0.000 0.000 0.000 0.000 0.000 0.000 0.000 0.000 0.000 0.000 0.000 0.000 0.000 0.000 0.000 0.000 0.000 0.000 0.000 0.000 0.000 0.000 0.002 0.005 0.009 0.017 0.038 0.103 0.288 0.751 1.717 4.084 6.408 9.030 11.564 13.776 15.411 16.281 16.717 16.885 16.831 16.376 15.654 15.042 14.764 14.729 14.667 14.663 14.579 14.680 15.064 15.950 17.211
0.000 0.000 0.000 0.000 0.000 0.000 0.000 0.000 0.000 0.000 0.000 0.000 0.000 0.000 0.000 0.000 0.000 0.000 0.000 0.000 0.000 0.000 0.000 0.000 0.000 0.000 0.000 0.000 0.000 0.000 0.000 0.000 0.000 0.000 0.000 0.000 0.000 0.000 0.000 0.000 0.000 0.000 0.000 0.000 0.000 0.000 0.003 0.007 0.013 0.025 0.057 0.140 0.341 0.789 1.704 3.807 6.161 8.861 11.366 13.432 15.014 15.935 16.440 16.574 16.432 15.985 15.771 15.824 15.895 15.894 15.710 15.458 15.435 15.641 16.332 17.741 19.395
0.000 0.000 0.000 0.000 0.000 0.000 0.000 0.000 0.000 0.000 0.000 0.000 0.000 0.000 0.000 0.000 0.000 0.000 0.000 0.000 0.000 0.000 0.000 0.000 0.000 0.000 0.000 0.000 0.000 0.000 0.000 0.000 0.000 0.000 0.000 0.000 0.000 0.000 0.000 0.000 0.000 0.000 0.000 0.000 0.000 0.001 0.003 0.008 0.016 0.031 0.068 0.159 0.357 0.751 1.484 2.779 5.073 7.968 10.565 12.590 14.075 15.147 15.728 15.905 15.964 16.369 16.464 16.503 16.498 16.379 16.131 15.831 16.004 16.709 17.632 18.822 20.143
0.000 0.000 0.000 0.000 0.000 0.000 0.000 0.000 0.000 0.000 0.000 0.000 0.000 0.000 0.000 0.000 0.000 0.000 0.000 0.000 0.000 0.000 0.000 0.000 0.000 0.000 0.000 0.000 0.000 0.000 0.000 0.000 0.000 0.000 0.000 0.000 0.000 0.000 0.000 0.000 0.000 0.000 0.000 0.000 0.000 0.001 0.003 0.008 0.017 0.033 0.072 0.161 0.337 0.635 1.113 1.981 3.645 6.704 9.593 11.744 13.155 14.065 14.715 15.176 15.886 16.349 16.654 16.566 16.574 16.476 16.225 16.027 16.057 16.779 17.606 18.627 19.808
0.000 0.000 0.000 0.000 0.000 0.000 0.000 0.000 0.000 0.000 0.000 0.000 0.000 0.000 0.000 0.000 0.000 0.000 0.000 0.000 0.000 0.000 0.000 0.000 0.000 0.000 0.000 0.000 0.000 0.000 0.000 0.000 0.000 0.000 0.000 0.000 0.000 0.000 0.000 0.000 0.000 0.000 0.000 0.000 0.000 0.002 0.005 0.010 0.019 0.035 0.070 0.145 0.279 0.488 0.822 1.441 2.796 5.972 8.955 11.251 12.568 13.250 13.912 14.629 15.390 15.984 16.259 16.271 16.169 15.956 15.585 15.237 15.250 15.621 16.547 17.632 19.000
0.000 0.000 0.000 0.000 0.000 0.000 0.000 0.000 0.000 0.000 0.000 0.000 0.000 0.000 0.000 0.000 0.000 0.000 0.000 0.000 0.000 0.000 0.000 0.000 0.000 0.000 0.000 0.000 0.000 0.000 0.000 0.000 0.000 0.000 0.000 0.000 0.000 0.000 0.000 0.000 0.000 0.000 0.000 0.001 0.002 0.005 0.010 0.016 0.026 0.042 0.072 0.124 0.217 0.379 0.660 1.201 2.389 5.416 8.361 10.496 11.779 12.677 13.160 13.821 14.598 15.082 15.192 15.085 14.838 14.465 13.964 13.742 13.725 14.045 14.947 16.267 17.791
0.000 0.000 0.000 0.000 0.000 0.000 0.000 0.000 0.000 0.000 0.000 0.000 0.000 0.000 0.000 0.000 0.000 0.000 0.000 0.000 0.000 0.000 0.000 0.000 0.000 0.000 0.000 0.000 0.000 0.000 0.000 0.000 0.000 0.000 0.000 0.000 0.000 0.000 0.000 0.000 0.001 0.002 0.003 0.006 0.010 0.018 0.029 0.039 0.050 0.067 0.093 0.134 0.199 0.322 0.561 1.053 2.139 4.954 7.517 9.239 10.475 11.409 12.074 12.640 13.175 13.400 13.375 13.164 12.767 12.169 11.711 11.451 11.441 11.915 13.051 14.664 16.389
0.000 0.000 0.000 0.000 0.000 0.000 0.000 0.000 0.000 0.000 0.000 0.000 0.000 0.000 0.000 0.000 0.000 0.000 0.000 0.000 0.000 0.000 0.000 0.000 0.000 0.000 0.000 0.000 0.000 0.000 0.000 0.000 0.000 0.000 0.000 0.000 0.000 0.001 0.002 0.003 0.006 0.009 0.014 0.024 0.040 0.063 0.083 0.101 0.115 0.130 0.151 0.179 0.221 0.310 0.507 0.935 1.918 4.462 6.598 8.016 9.202 9.928 10.464 10.880 11.191 11.279 11.197 10.894 10.355 9.677 9.254 9.171 9.445 10.292 11.654 13.232 14.932
0.000 0.000 0.000 0.000 0.000 0.000 0.000 0.000 0.000 0.000 0.000 0.000 0.000 0.000 0.000 0.000 0.000 0.000 0.000 0.000 0.000 0.000 0.000 0.000 0.000 0.000 0.000 0.000 0.000 0.000 0.000 0.000 0.000 0.000 0.001 0.001 0.003 0.005 0.008 0.013 0.021 0.033 0.051 0.084 0.138 0.187 0.221 0.245 0.261 0.272 0.280 0.286 0.290 0.331 0.476 0.832 1.674 3.657 5.602 6.807 7.722 8.138 8.441 8.692 8.906 8.974 8.886 8.602 8.139 7.656 7.420 7.454 7.968 9.015 10.292 11.729 13.308
0.000 0.000 0.000 0.000 0.000 0.000 0.000 0.000 0.000 0.000 0.000 0.000 0.000 0.000 0.000 0.000 0.000 0.000 0.000 0.000 0.000 0.000 0.000 0.000 0.000 0.000 0.000 0.000 0.000 0.000 0.000 0.001 0.001 0.002 0.004 0.006 0.011 0.018 0.029 0.044 0.067 0.101 0.157 0.255 0.385 0.471 0.519 0.546 0.554 0.534 0.495 0.448 0.402 0.385 0.451 0.712 1.343 2.656 4.425 5.661 6.319 6.511 6.569 6.600 6.641 6.688 6.661 6.508 6.221 5.991 5.943 6.121 6.719 7.704 8.918 10.225 11.582
0.000 0.000 0.000 0.000 0.000 0.000 0.000 0.000 0.000 0.000 0.000 0.000 0.000 0.000 0.000 0.000 0.000 0.000 0.000 0.000 0.000 0.000 0.000 0.000 0.000 0.000 0.000 0.000 0.001 0.002 0.003 0.004 0.006 0.009 0.013 0.022 0.035 0.056 0.086 0.127 0.186 0.277 0.426 0.644 0.857 0.982 1.030 1.028 0.960 0.838 0.713 0.603 0.486 0.395 0.380 0.516 0.893 1.718 3.038 4.325 4.923 5.024 4.983 4.891 4.822 4.790 4.772 4.698 4.566 4.509 4.584 4.899 5.522 6.412 7.431 8.505 9.601
0.000 0.000 0.000 0.000 0.000 0.000 0.000 0.000 0.000 0.000 0.000 0.000 0.000 0.000 0.000 0.000 0.000 0.000 0.000 0.000 0.000 0.000 0.000 0.000 0.000 0.000 0.001 0.002 0.004 0.007 0.011 0.015 0.021 0.029 0.043 0.066 0.104 0.158 0.230 0.326 0.459 0.677 0.972 1.227 1.366 1.415 1.397 1.317 1.218 1.062 0.887 0.705 0.505 0.360 0.295 0.322 0.514 0.978 1.817 2.871 3.471 3.650 3.644 3.568 3.479 3.402 3.321 3.226 3.165 3.166 3.282 3.647 4.321 4.996 5.817 6.713 7.714
0.000 0.000 0.000 0.000 0.000 0.000 0.000 0.000 0.000 0.000 0.000 0.000 0.000 0.000 0.000 0.000 0.000 0.000 0.000 0.000 0.000 0.000 0.000 0.000 0.000 0.002 0.004 0.007 0.013 0.022 0.033 0.047 0.064 0.086 0.124 0.185 0.278 0.405 0.564 0.754 0.999 1.305 1.540 1.630 1.639 1.592 1.547 1.466 1.320 1.128 0.939 0.727 0.495 0.330 0.238 0.211 0.273 0.505 0.986 1.683 2.206 2.468 2.547 2.539 2.487 2.402 2.266 2.104 2.026 2.017 2.075 2.289 2.722 3.346 4.118 5.044 6.105
0.000 0.000 0.000 0.000 0.000 0.000 0.000 0.000 0.000 0.000 0.000 0.000 0.000 0.000 0.000 0.000 0.000 0.000 0.000 0.000 0.000 0.000 0.000 0.001 0.002 0.005 0.011 0.021 0.036 0.060 0.090 0.126 0.169 0.228 0.320 0.466 0.677 0.941 1.211 1.438 1.618 1.767 1.825 1.798 1.746 1.686 1.590 1.470 1.310 1.121 0.933 0.709 0.463 0.292 0.194 0.147 0.151 0.241 0.481 0.872 1.260 1.525 1.664 1.705 1.692 1.622 1.470 1.280 1.170 1.132 1.130 1.189 1.388 1.802 2.453 3.543 4.518
0.000 0.000 0.000 0.000 0.000 0.000 0.000 0.000 0.000 0.000 0.000 0.000 0.000 0.000 0.000 0.000 0.000 0.000 0.000 0.000 0.000 0.000 0.001 0.003 0.006 0.014 0.028 0.052 0.090 0.145 0.213 0.292 0.389 0.524 0.732 1.022 1.336 1.608 1.790 1.896 1.948 1.962 1.921 1.876 1.795 1.685 1.541 1.377 1.209 1.045 0.869 0.637 0.393 0.232 0.145 0.102 0.087 0.112 0.210 0.397 0.636 0.842 0.977 1.037 1.041 0.993 0.868 0.703 0.598 0.544 0.517 0.514 0.571 0.774 1.208 2.229 2.850
0.000 0.000 0.000 0.000 0.000 0.000 0.000 0.000 0.000 0.000 0.000 0.000 0.000 0.000 0.000 0.000 0.000 0.000 0.000 0.000 0.000 0.001 0.003 0.007 0.017 0.034 0.066 0.119 0.199 0.306 0.434 0.585 0.769 1.002 1.277 1.540 1.751 1.911 2.017 2.066 2.066 2.017 1.969 1.884 1.753 1.570 1.357 1.176 1.028 0.893 0.745 0.537 0.315 0.174 0.099 0.063 0.049 0.054 0.087 0.162 0.277 0.406 0.502 0.549 0.553 0.523 0.445 0.341 0.272 0.231 0.208 0.200 0.206 0.266 0.431 0.750 0.908
0.000 0.000 0.000 0.000 0.000 0.000 0.000 0.000 0.000 0.000 0.000 0.000 0.000 0.000 0.000 0.000 0.000 0.000 0.000 0.000 0.001 0.004 0.009 0.019 0.039 0.077 0.144 0.248 0.387 0.554 0.737 0.918 1.105 1.323 1.552 1.729 1.858 1.992 2.091 2.116 2.100 2.062 1.963 1.810 1.598 1.373 1.186 1.042 0.917 0.797 0.658 0.449 0.248 0.127 0.064 0.036 0.026 0.027 0.039 0.065 0.108 0.169 0.219 0.244 0.244 0.229 0.193 0.148 0.117 0.097 0.085 0.081 0.080 0.092 0.135 0.199 0.213
0.000 0.000 0.000 0.000 0.000 0.000 0.000 0.000 0.000 0.000 0.000 0.000 0.000 0.000 0.000 0.000 0.000 0.000 0.000 0.001 0.004 0.011 0.023 0.046 0.087 0.162 0.285 0.464 0.664 0.842 0.992 1.124 1.261 1.431 1.608 1.796 1.930 2.022 2.091 2.115 2.112 2.055 1.910 1.669 1.436 1.247 1.079 0.944 0.833 0.722 0.568 0.349 0.180 0.083 0.037 0.018 0.013 0.014 0.019 0.030 0.045 0.067 0.085 0.093 0.093 0.088 0.077 0.063 0.052 0.044 0.039 0.037 0.037 0.039 0.049 0.059 0.060
0.000 0.000 0.000 0.000 0.000 0.000 0.000 0.000 0.000 0.000 0.000 0.000 0.000 0.000 0.000 0.000 0.000 0.000 0.001 0.004 0.012 0.028 0.057 0.106 0.188 0.324 0.526 0.768 0.972 1.091 1.162 1.217 1.294 1.427 1.690 1.865 1.969 2.028 2.056 2.087 2.079 2.006 1.817 1.525 1.306 1.147 1.010 0.891 0.780 0.647 0.459 0.255 0.121 0.050 0.019 0.008 0.006 0.007 0.010 0.015 0.022 0.030 0.035 0.037 0.037 0.036 0.033 0.029 0.025 0.022 0.020 0.019 0.019 0.020 0.023 0.025 0.025
0.000 0.000 0.000 0.000 0.000 0.000 0.000 0.000 0.000 0.000 0.000 0.000 0.000 0.000 0.000 0.000 0.000 0.001 0.004 0.012 0.031 0.070 0.136 0.238 0.395 0.634 0.899 1.105 1.220 1.255 1.240 1.230 1.255 1.522 1.782 1.913 1.983 2.023 2.038 2.043 2.014 1.909 1.677 1.386 1.197 1.056 0.944 0.842 0.722 0.559 0.346 0.175 0.076 0.028 0.009 0.003 0.003 0.004 0.006 0.008 0.012 0.015 0.017 0.017 0.017 0.017 0.016 0.014 0.013 0.012 0.011 0.011 0.011 0.011 0.012 0.013 0.013
0.000 0.000 0.000 0.000 0.000 0.000 0.000 0.000 0.000 0.000 0.000 0.000 0.000 0.000 0.000 0.000 0.001 0.003 0.010 0.031 0.078 0.168 0.313 0.517 0.794 1.093 1.287 1.364 1.374 1.328 1.282 1.232 1.227 1.625 1.848 1.952 1.993 2.004 2.018 2.006 1.941 1.778 1.504 1.262 1.104 0.983 0.884 0.782 0.646 0.455 0.247 0.113 0.044 0.015 0.004 0.001 0.001 0.002 0.003 0.004 0.006 0.008 0.008 0.009 0.009 0.009 0.008 0.007 0.006 0.006 0.006 0.006 0.006 0.006 0.006 0.007 0.007
0.000 0.000 0.000 0.000 0.000 0.000 0.000 0.000 0.000 0.000 0.000 0.000 0.000 0.000 0.000 0.000 0.001 0.007 0.024 0.071 0.179 0.382 0.688 1.019 1.308 1.486 1.548 1.529 1.447 1.382 1.283 1.150 1.338 1.712 1.895 1.965 1.987 1.997 1.987 1.942 1.836 1.633 1.360 1.163 1.021 0.921 0.834 0.722 0.563 0.343 0.170 0.071 0.025 0.007 0.002 0.001 0.000 0.001 0.001 0.002 0.003 0.004 0.004 0.004 0.004 0.004 0.004 0.003 0.003 0.003 0.003 0.003 0.003 0.003 0.003 0.003 0.003
0.000 0.000 0.000 0.000 0.000 0.000 0.000 0.000 0.000 0.000 0.000 0.000 0.000 0.000 0.000 0.001 0.004 0.014 0.047 0.137 0.345 0.729 1.185 1.495 1.659 1.713 1.691 1.612 1.518 1.376 1.181 1.072 1.472 1.786 1.930 1.972 1.978 1.982 1.956 1.875 1.718 1.496 1.255 1.073 0.954 0.868 0.781 0.652 0.459 0.250 0.113 0.044 0.014 0.004 0.001 0.000 0.000 0.000 0.000 0.001 0.001 0.001 0.002 0.002 0.002 0.002 0.002 0.001 0.001 0.001 0.001 0.001 0.001 0.001 0.001 0.001 0.001
0.000 0.000 0.000 0.000 0.000 0.000 0.000 0.000 0.000 0.000 0.000 0.000 0.000 0.000 0.000 0.002 0.008 0.027 0.086 0.240 0.576 1.123 1.557 1.765 1.825 1.807 1.755 1.663 1.501 1.256 0.961 1.175 1.609 1.854 1.946 1.965 1.970 1.958 1.907 1.787 1.611 1.397 1.175 0.999 0.902 0.825 0.720 0.563 0.349 0.177 0.076 0.027 0.008 0.002 0.000 0.000 0.000 0.000 0.000 0.000 0.000 0.000 0.000 0.000 0.000 0.000 0.000 0.000 0.000 0.000 0.000 0.000 0.000 0.000 0.000 0.000 0.000
0.000 0.000 0.000 0.000 0.000 0.000 0.000 0.000 0.000 0.000 0.000 0.000 0.000 0.000 0.001 0.004 0.014 0.049 0.146 0.379 0.853 1.433 1.755 1.870 1.873 1.846 1.770 1.609 1.330 0.978 1.002 1.303 1.711 1.917 1.970 1.967 1.956 1.915 1.828 1.688 1.507 1.297 1.093 0.963 0.878 0.791 0.664 0.470 0.264 0.125 0.049 0.016 0.004 0.001 0.000 0.000 0.000 0.000 0.000 0.000 0.000 0.000 0.000 0.000 0.000 0.000 0.000 0.000 0.000 0.000 0.000 0.000 0.000 0.000 0.000 0.000 0.000
0.000 0.000 0.000 0.000 0.000 0.000 0.000 0.000 0.000 0.000 0.000 0.000 0.000 0.000 0.001 0.007 0.026 0.082 0.225 0.545 1.122 1.617 1.826 1.879 1.885 1.840 1.686 1.383 1.021 0.925 1.075 1.454 1.781 1.941 1.980 1.978 1.947 1.870 1.746 1.589 1.408 1.197 1.029 0.944 0.870 0.762 0.598 0.383 0.200 0.087 0.031 0.009 0.002 0.000 0.000 0.000 0.000 0.000 0.000 0.000 0.000 0.000 0.000 0.000 0.000 0.000 0.000 0.000 0.000 0.000 0.000 0.000 0.000 0.000 0.000 0.000 0.000
0.000 0.000 0.000 0.000 0.000 0.000 0.000 0.000 0.000 0.000 0.000 0.000 0.000 0.000 0.003 0.012 0.042 0.124 0.319 0.720 1.322 1.708 1.832 1.859 1.860 1.768 1.505 1.113 0.923 0.910 1.165 1.569 1.829 1.937 1.968 1.971 1.922 1.815 1.662 1.488 1.301 1.102 0.998 0.933 0.855 0.730 0.534 0.310 0.150 0.060 0.019 0.005 0.001 0.000 0.000 0.000 0.000 0.000 0.000 0.000 0.000 0.000 0.000 0.000 0.000 0.000 0.000 0.000 0.000 0.000 0.000 0.000 0.000 0.000 0.000 0.000 0.000
0.000 0.000 0.000 0.000 0.000 0.000 0.000 0.000 0.000 0.000 0.000 0.000 0.000 0.001 0.004 0.018 0.061 0.176 0.431 0.894 1.451 1.738 1.817 1.834 1.804 1.636 1.265 0.952 0.865 0.926 1.250 1.634 1.856 1.923 1.946 1.944 1.885 1.756 1.587 1.396 1.170 1.038 0.981 0.931 0.840 0.686 0.464 0.252 0.114 0.042 0.012 0.003 0.000 0.000 0.000 0.000 0.000 0.000 0.000 0.000 0.000 0.000 0.000 0.000 0.000 0.000 0.000 0.000 0.000 0.000 0.000 0.000 0.000 0.000 0.000 0.000 0.000
0.000 0.000 0.000 0.000 0.000 0.000 0.000 0.000 0.000 0.000 0.000 0.000 0.000 0.001 0.006 0.024 0.084 0.234 0.550 1.069 1.524 1.724 1.783 1.799 1.718 1.450 1.058 0.860 0.823 0.952 1.338 1.692 1.881 1.934 1.930 1.905 1.821 1.687 1.511 1.289 1.080 1.005 0.974 0.924 0.817 0.638 0.397 0.201 0.084 0.028 0.007 0.002 0.000 0.000 0.000 0.000 0.000 0.000 0.000 0.000 0.000 0.000 0.000 0.000 0.000 0.000 0.000 0.000 0.000 0.000 0.000 0.000 0.000 0.000 0.000 0.000 0.000
0.000 0.000 0.000 0.000 0.000 0.000 0.000 0.000 0.000 0.000 0.000 0.000 0.000 0.001 0.008 0.032 0.107 0.296 0.681 1.214 1.564 1.692 1.739 1.733 1.583 1.221 0.919 0.802 0.787 0.981 1.394 1.744 1.900 1.933 1.929 1.868 1.751 1.598 1.404 1.153 1.019 0.987 0.965 0.910 0.784 0.579 0.333 0.156 0.059 0.017 0.004 0.001 0.000 0.000 0.000 0.000 0.000 0.000 0.000 0.000 0.000 0.000 0.000 0.000 0.000 0.000 0.000 0.000 0.000 0.000 0.000 0.000 0.000 0.000 0.000 0.000 0.000
0.000 0.000 0.000 0.000 0.000 0.000 0.000 0.000 0.000 0.000 0.000 0.000 0.000 0.002 0.009 0.038 0.129 0.363 0.821 1.319 1.573 1.644 1.679 1.628 1.392 1.018 0.814 0.753 0.763 1.018 1.439 1.773 1.919 1.942 1.927 1.848 1.704 1.505 1.265 1.045 0.977 0.971 0.953 0.885 0.744 0.517 0.274 0.119 0.041 0.011 0.002 0.000 0.000 0.000 0.000 0.000 0.000 0.000 0.000 0.000 0.000 0.000 0.000 0.000 0.000 0.000 0.000 0.000 0.000 0.000 0.000 0.000 0.000 0.000 0.000 0.000 0.000
0.000 0.000 0.000 0.000 0.000 0.000 0.000 0.000 0.000 0.000 0.000 0.000 0.000 0.002 0.010 0.045 0.151 0.428 0.962 1.411 1.585 1.610 1.616 1.504 1.183 0.871 0.734 0.700 0.746 1.055 1.508 1.813 1.929 1.941 1.926 1.829 1.648 1.413 1.157 0.999 0.970 0.966 0.942 0.856 0.690 0.448 0.217 0.086 0.026 0.006 0.001 0.000 0.000 0.000 0.000 0.000 0.000 0.000 0.000 0.000 0.000 0.000 0.000 0.000 0.000 0.000 0.000 0.000 0.000 0.000 0.000 0.000 0.000 0.000 0.000 0.000 0.000
