RESULTS/r.avaflow_results/31_results/31_ascii/31_hflow10021.asc
ncols 506
nrows 317
xllcenter 498237.50
yllcenter 5580050.00
cellsize 12.50
NODATA_value -9999.000
[rows 170 to 203 of 317, columns 77 to 153 of 506]
0.000 0.000 0.000 0.000 0.000 0.000 0.000 0.000 0.000 0.000 0.000 0.000 0.000 0.000 0.000 0.000 0.000 0.000 0.000 0.000 0.000 0.000 0.000 0.000 0.000 0.000 0.000 0.000 0.000 0.000 0.000 0.000 0.000 0.000 0.000 0.000 0.000 0.000 0.000 0.000 0.000 0.000 0.000 0.000 0.000 0.000 0.001 0.001 0.002 0.005 0.009 0.017 0.040 0.095 0.180 0.248 0.301 0.353 0.379 0.366 0.322 0.255 0.187 0.134 0.094 0.065 0.044 0.030 0.020 0.013 0.009 0.006 0.004 0.002 0.002 0.001 0.001
0.000 0.000 0.000 0.000 0.000 0.000 0.000 0.000 0.000 0.000 0.000 0.000 0.000 0.000 0.000 0.000 0.000 0.000 0.000 0.000 0.000 0.000 0.000 0.000 0.000 0.000 0.000 0.000 0.000 0.000 0.000 0.000 0.000 0.000 0.000 0.000 0.000 0.000 0.000 0.000 0.000 0.000 0.000 0.000 0.000 0.001 0.002 0.004 0.008 0.014 0.029 0.064 0.134 0.250 0.372 0.446 0.483 0.499 0.492 0.453 0.386 0.300 0.221 0.159 0.113 0.079 0.054 0.037 0.025 0.017 0.011 0.007 0.005 0.003 0.002 0.001 0.001
0.000 0.000 0.000 0.000 0.000 0.000 0.000 0.000 0.000 0.000 0.000 0.000 0.000 0.000 0.000 0.000 0.000 0.000 0.000 0.000 0.000 0.000 0.000 0.000 0.000 0.000 0.000 0.000 0.000 0.000 0.000 0.000 0.000 0.000 0.000 0.000 0.000 0.000 0.000 0.000 0.000 0.000 0.000 0.000 0.001 0.003 0.007 0.013 0.026 0.053 0.113 0.214 0.335 0.444 0.513 0.559 0.585 0.585 0.562 0.511 0.435 0.340 0.250 0.181 0.128 0.090 0.062 0.043 0.029 0.019 0.013 0.008 0.005 0.003 0.002 0.001 0.001
0.000 0.000 0.000 0.000 0.000 0.000 0.000 0.000 0.000 0.000 0.000 0.000 0.000 0.000 0.000 0.000 0.000 0.000 0.000 0.000 0.000 0.000 0.000 0.000 0.000 0.000 0.000 0.000 0.000 0.000 0.000 0.000 0.000 0.000 0.000 0.000 0.000 0.000 0.000 0.000 0.000 0.000 0.001 0.001 0.004 0.010 0.024 0.050 0.098 0.189 0.346 0.501 0.583 0.602 0.592 0.605 0.626 0.625 0.599 0.549 0.473 0.374 0.275 0.198 0.141 0.099 0.068 0.047 0.032 0.021 0.014 0.009 0.006 0.004 0.002 0.002 0.001
0.000 0.000 0.000 0.000 0.000 0.000 0.000 0.000 0.000 0.000 0.000 0.000 0.000 0.000 0.000 0.000 0.000 0.000 0.000 0.000 0.000 0.000 0.000 0.000 0.001 0.001 0.002 0.002 0.002 0.002 0.002 0.002 0.002 0.002 0.002 0.001 0.001 0.001 0.001 0.001 0.001 0.001 0.002 0.005 0.014 0.037 0.086 0.168 0.294 0.480 0.667 0.755 0.755 0.705 0.640 0.622 0.633 0.636 0.619 0.575 0.503 0.401 0.294 0.211 0.149 0.105 0.073 0.050 0.034 0.023 0.015 0.010 0.006 0.004 0.003 0.002 0.001
0.000 0.000 0.000 0.000 0.000 0.000 0.000 0.000 0.000 0.000 0.000 0.000 0.000 0.000 0.000 0.000 0.000 0.000 0.000 0.000 0.000 0.000 0.000 0.001 0.002 0.004 0.005 0.006 0.007 0.007 0.007 0.007 0.007 0.007 0.005 0.004 0.003 0.002 0.002 0.002 0.002 0.003 0.005 0.015 0.047 0.125 0.253 0.424 0.621 0.795 0.882 0.894 0.860 0.778 0.680 0.630 0.625 0.634 0.628 0.594 0.525 0.420 0.306 0.218 0.154 0.108 0.075 0.051 0.035 0.023 0.015 0.010 0.007 0.004 0.003 0.002 0.001
0.000 0.000 0.000 0.000 0.000 0.000 0.000 0.000 0.000 0.000 0.000 0.000 0.000 0.000 0.000 0.000 0.000 0.000 0.000 0.000 0.000 0.000 0.001 0.002 0.005 0.008 0.011 0.013 0.014 0.015 0.015 0.015 0.015 0.014 0.011 0.008 0.006 0.005 0.004 0.004 0.004 0.006 0.015 0.047 0.145 0.335 0.560 0.758 0.902 0.982 1.001 0.985 0.935 0.839 0.717 0.639 0.614 0.624 0.631 0.607 0.539 0.430 0.311 0.222 0.157 0.109 0.076 0.052 0.035 0.024 0.016 0.010 0.007 0.004 0.003 0.002 0.001
0.000 0.000 0.000 0.000 0.000 0.000 0.000 0.000 0.000 0.000 0.000 0.000 0.000 0.000 0.000 0.000 0.000 0.000 0.000 0.000 0.000 0.001 0.003 0.005 0.009 0.014 0.019 0.023 0.025 0.026 0.027 0.026 0.026 0.024 0.020 0.014 0.011 0.009 0.008 0.007 0.008 0.014 0.037 0.129 0.366 0.685 0.909 1.019 1.076 1.098 1.092 1.060 0.994 0.890 0.758 0.659 0.616 0.620 0.631 0.613 0.545 0.433 0.312 0.222 0.157 0.110 0.076 0.052 0.035 0.024 0.016 0.010 0.007 0.004 0.003 0.002 0.001
0.000 0.000 0.000 0.000 0.000 0.000 0.000 0.000 0.000 0.000 0.000 0.000 0.000 0.000 0.000 0.000 0.000 0.000 0.000 0.000 0.001 0.002 0.005 0.010 0.016 0.024 0.031 0.037 0.040 0.041 0.042 0.042 0.041 0.038 0.032 0.023 0.017 0.013 0.012 0.012 0.014 0.026 0.082 0.281 0.690 1.027 1.158 1.191 1.201 1.193 1.166 1.116 1.039 0.936 0.805 0.694 0.634 0.628 0.633 0.612 0.542 0.428 0.309 0.221 0.156 0.109 0.076 0.052 0.035 0.024 0.016 0.010 0.007 0.004 0.003 0.002 0.001
0.000 0.000 0.000 0.000 0.000 0.000 0.000 0.000 0.000 0.000 0.000 0.000 0.000 0.000 0.000 0.000 0.000 0.000 0.000 0.000 0.002 0.005 0.010 0.017 0.026 0.037 0.048 0.055 0.060 0.062 0.063 0.063 0.061 0.057 0.049 0.036 0.025 0.019 0.017 0.017 0.019 0.036 0.121 0.423 0.953 1.254 1.320 1.316 1.298 1.262 1.210 1.147 1.071 0.980 0.863 0.746 0.673 0.648 0.637 0.603 0.526 0.412 0.300 0.215 0.153 0.107 0.074 0.051 0.035 0.023 0.015 0.010 0.007 0.004 0.003 0.002 0.001
0.000 0.000 0.000 0.000 0.000 0.000 0.000 0.000 0.000 0.000 0.000 0.000 0.000 0.000 0.000 0.000 0.000 0.000 0.000 0.000 0.002 0.007 0.015 0.026 0.039 0.055 0.070 0.080 0.086 0.089 0.090 0.090 0.089 0.083 0.072 0.054 0.037 0.027 0.023 0.022 0.024 0.041 0.131 0.483 1.101 1.397 1.430 1.407 1.361 1.296 1.227 1.161 1.093 1.018 0.925 0.817 0.729 0.675 0.635 0.579 0.493 0.381 0.280 0.204 0.146 0.104 0.072 0.050 0.034 0.023 0.015 0.010 0.006 0.004 0.003 0.002 0.001
0.000 0.000 0.000 0.000 0.000 0.000 0.000 0.000 0.000 0.000 0.000 0.000 0.000 0.000 0.000 0.000 0.000 0.000 0.000 0.000 0.002 0.008 0.021 0.038 0.058 0.080 0.099 0.112 0.121 0.126 0.127 0.127 0.124 0.117 0.103 0.080 0.053 0.037 0.029 0.026 0.028 0.043 0.129 0.480 1.147 1.475 1.502 1.462 1.389 1.302 1.227 1.164 1.107 1.046 0.974 0.882 0.782 0.695 0.622 0.542 0.443 0.338 0.253 0.186 0.136 0.097 0.068 0.047 0.032 0.022 0.014 0.009 0.006 0.004 0.003 0.002 0.001
0.000 0.000 0.000 0.000 0.000 0.000 0.000 0.000 0.000 0.000 0.000 0.000 0.000 0.000 0.000 0.000 0.000 0.000 0.000 0.000 0.002 0.008 0.023 0.049 0.081 0.112 0.136 0.155 0.167 0.173 0.175 0.174 0.171 0.162 0.146 0.118 0.080 0.051 0.037 0.032 0.032 0.044 0.117 0.433 1.103 1.491 1.536 1.486 1.394 1.291 1.215 1.161 1.112 1.064 1.005 0.925 0.822 0.709 0.603 0.501 0.397 0.301 0.225 0.166 0.121 0.088 0.063 0.044 0.030 0.020 0.014 0.009 0.006 0.004 0.002 0.002 0.001
0.000 0.000 0.000 0.000 0.000 0.000 0.000 0.000 0.000 0.000 0.000 0.000 0.000 0.000 0.000 0.000 0.000 0.000 0.000 0.000 0.001 0.006 0.022 0.055 0.102 0.149 0.184 0.209 0.225 0.233 0.235 0.235 0.231 0.221 0.202 0.169 0.121 0.076 0.051 0.041 0.039 0.048 0.099 0.338 0.936 1.418 1.529 1.488 1.385 1.258 1.175 1.131 1.101 1.068 1.021 0.946 0.845 0.721 0.590 0.472 0.366 0.276 0.205 0.150 0.109 0.079 0.057 0.040 0.028 0.019 0.012 0.008 0.005 0.003 0.002 0.001 0.001
0.000 0.000 0.000 0.000 0.000 0.000 0.000 0.000 0.000 0.000 0.000 0.000 0.000 0.000 0.000 0.000 0.000 0.000 0.000 0.000 0.001 0.004 0.018 0.054 0.112 0.182 0.238 0.275 0.298 0.310 0.313 0.313 0.309 0.298 0.276 0.239 0.181 0.117 0.076 0.057 0.052 0.057 0.090 0.228 0.659 1.204 1.433 1.440 1.345 1.194 1.079 1.029 1.022 1.024 1.004 0.948 0.852 0.729 0.586 0.456 0.347 0.260 0.191 0.139 0.100 0.071 0.050 0.036 0.025 0.017 0.011 0.007 0.005 0.003 0.002 0.001 0.001
0.000 0.000 0.000 0.000 0.000 0.000 0.000 0.000 0.000 0.000 0.000 0.000 0.000 0.000 0.000 0.000 0.000 0.000 0.000 0.000 0.000 0.002 0.012 0.047 0.110 0.196 0.287 0.352 0.387 0.406 0.413 0.412 0.408 0.397 0.374 0.332 0.266 0.181 0.120 0.088 0.078 0.080 0.101 0.177 0.413 0.867 1.193 1.274 1.224 1.081 0.907 0.805 0.790 0.815 0.857 0.879 0.833 0.729 0.590 0.451 0.338 0.250 0.182 0.130 0.092 0.064 0.044 0.030 0.020 0.013 0.009 0.006 0.003 0.002 0.001 0.001 0.000
0.000 0.000 0.000 0.000 0.000 0.000 0.000 0.000 0.000 0.000 0.000 0.000 0.000 0.000 0.000 0.000 0.000 0.000 0.000 0.000 0.000 0.001 0.006 0.033 0.096 0.193 0.311 0.426 0.495 0.526 0.538 0.540 0.537 0.526 0.501 0.457 0.383 0.277 0.192 0.144 0.123 0.120 0.131 0.175 0.293 0.556 0.838 0.960 0.964 0.878 0.697 0.529 0.455 0.456 0.528 0.651 0.720 0.688 0.586 0.452 0.334 0.244 0.175 0.123 0.085 0.057 0.037 0.022 0.013 0.008 0.005 0.003 0.002 0.001 0.001 0.001 0.000
0.000 0.000 0.000 0.000 0.000 0.000 0.000 0.000 0.000 0.000 0.000 0.000 0.000 0.000 0.000 0.000 0.000 0.000 0.000 0.000 0.000 0.000 0.002 0.016 0.068 0.169 0.306 0.467 0.605 0.675 0.696 0.700 0.698 0.688 0.661 0.603 0.506 0.386 0.291 0.228 0.194 0.182 0.183 0.202 0.258 0.385 0.556 0.651 0.671 0.641 0.535 0.377 0.266 0.226 0.241 0.333 0.468 0.539 0.518 0.435 0.329 0.239 0.170 0.117 0.078 0.049 0.028 0.015 0.008 0.004 0.002 0.001 0.001 0.001 0.001 0.000 0.000
0.000 0.000 0.000 0.000 0.000 0.000 0.000 0.000 0.000 0.000 0.000 0.000 0.000 0.000 0.000 0.000 0.000 0.000 0.000 0.000 0.000 0.000 0.001 0.006 0.035 0.121 0.270 0.463 0.677 0.823 0.880 0.890 0.888 0.868 0.814 0.719 0.589 0.465 0.372 0.307 0.268 0.249 0.244 0.248 0.271 0.325 0.410 0.469 0.490 0.480 0.423 0.308 0.196 0.134 0.116 0.137 0.210 0.297 0.340 0.335 0.286 0.218 0.154 0.102 0.062 0.034 0.017 0.008 0.004 0.002 0.001 0.001 0.001 0.000 0.000 0.000 0.000
0.000 0.000 0.000 0.000 0.000 0.000 0.000 0.000 0.000 0.000 0.000 0.000 0.000 0.000 0.000 0.000 0.000 0.000 0.000 0.000 0.000 0.000 0.000 0.002 0.012 0.060 0.187 0.403 0.683 0.919 1.040 1.065 1.056 1.015 0.923 0.788 0.635 0.512 0.419 0.355 0.314 0.291 0.283 0.283 0.291 0.313 0.351 0.378 0.388 0.380 0.341 0.259 0.165 0.104 0.073 0.066 0.081 0.121 0.152 0.164 0.163 0.140 0.100 0.061 0.032 0.016 0.008 0.004 0.002 0.001 0.001 0.001 0.000 0.000 0.000 0.000 0.000
0.000 0.000 0.000 0.000 0.000 0.000 0.000 0.000 0.000 0.000 0.000 0.000 0.000 0.000 0.000 0.000 0.000 0.000 0.000 0.000 0.000 0.000 0.000 0.001 0.003 0.019 0.081 0.251 0.565 0.922 1.132 1.194 1.178 1.114 0.986 0.815 0.656 0.533 0.441 0.376 0.334 0.310 0.299 0.296 0.299 0.309 0.323 0.330 0.327 0.312 0.276 0.215 0.142 0.090 0.059 0.044 0.041 0.047 0.056 0.060 0.060 0.054 0.039 0.023 0.012 0.006 0.003 0.002 0.001 0.001 0.001 0.000 0.000 0.000 0.000 0.000 0.000
0.000 0.000 0.000 0.000 0.000 0.000 0.000 0.000 0.000 0.000 0.000 0.000 0.000 0.000 0.000 0.000 0.000 0.000 0.000 0.000 0.000 0.000 0.000 0.001 0.002 0.007 0.025 0.092 0.310 0.738 1.109 1.246 1.242 1.161 1.009 0.819 0.660 0.538 0.447 0.382 0.339 0.313 0.301 0.297 0.298 0.299 0.298 0.293 0.281 0.260 0.225 0.175 0.120 0.079 0.052 0.036 0.028 0.025 0.024 0.023 0.022 0.019 0.014 0.008 0.005 0.003 0.002 0.001 0.001 0.001 0.000 0.000 0.000 0.000 0.000 0.000 0.000
0.000 0.000 0.000 0.000 0.000 0.000 0.000 0.000 0.000 0.000 0.000 0.000 0.000 0.000 0.000 0.000 0.000 0.000 0.000 0.000 0.000 0.000 0.001 0.001 0.003 0.009 0.021 0.043 0.113 0.385 0.858 1.179 1.237 1.165 1.007 0.813 0.656 0.536 0.445 0.380 0.336 0.309 0.295 0.289 0.285 0.281 0.272 0.258 0.240 0.216 0.183 0.140 0.098 0.067 0.045 0.031 0.022 0.017 0.014 0.012 0.010 0.008 0.006 0.004 0.002 0.002 0.001 0.001 0.001 0.000 0.000 0.000 0.000 0.000 0.000 0.000 0.000
0.000 0.000 0.000 0.000 0.000 0.000 0.000 0.000 0.000 0.000 0.000 0.000 0.000 0.000 0.000 0.000 0.000 0.000 0.000 0.000 0.000 0.001 0.001 0.003 0.009 0.021 0.038 0.049 0.059 0.132 0.442 0.894 1.105 1.091 0.964 0.786 0.637 0.522 0.434 0.368 0.321 0.289 0.271 0.264 0.259 0.251 0.240 0.223 0.202 0.177 0.146 0.110 0.078 0.055 0.038 0.026 0.018 0.013 0.009 0.007 0.005 0.004 0.003 0.002 0.001 0.001 0.001 0.000 0.000 0.000 0.000 0.000 0.000 0.000 0.000 0.000 0.000
0.000 0.000 0.000 0.000 0.000 0.000 0.000 0.000 0.000 0.000 0.000 0.000 0.000 0.000 0.000 0.000 0.000 0.000 0.000 0.000 0.000 0.001 0.003 0.008 0.022 0.042 0.055 0.057 0.055 0.059 0.160 0.492 0.795 0.875 0.828 0.713 0.589 0.487 0.405 0.339 0.287 0.249 0.226 0.217 0.214 0.210 0.200 0.184 0.164 0.141 0.113 0.084 0.059 0.041 0.028 0.019 0.013 0.008 0.006 0.004 0.003 0.002 0.002 0.001 0.001 0.001 0.000 0.000 0.000 0.000 0.000 0.000 0.000 0.000 0.000 0.000 0.000
0.000 0.000 0.000 0.000 0.000 0.000 0.000 0.000 0.000 0.000 0.000 0.000 0.000 0.000 0.000 0.000 0.000 0.000 0.000 0.000 0.001 0.002 0.007 0.019 0.040 0.056 0.059 0.058 0.048 0.041 0.068 0.229 0.472 0.578 0.591 0.563 0.500 0.426 0.355 0.290 0.235 0.191 0.162 0.148 0.147 0.148 0.147 0.139 0.125 0.106 0.083 0.059 0.041 0.027 0.018 0.011 0.007 0.004 0.003 0.002 0.001 0.001 0.001 0.001 0.000 0.000 0.000 0.000 0.000 0.000 0.000 0.000 0.000 0.000 0.000 0.000 0.000
0.000 0.000 0.000 0.000 0.000 0.000 0.000 0.000 0.000 0.000 0.000 0.000 0.000 0.000 0.000 0.000 0.000 0.000 0.000 0.001 0.001 0.004 0.013 0.033 0.052 0.059 0.059 0.050 0.031 0.023 0.037 0.116 0.271 0.362 0.383 0.382 0.366 0.333 0.284 0.230 0.180 0.140 0.110 0.092 0.084 0.082 0.081 0.079 0.074 0.064 0.050 0.035 0.023 0.014 0.009 0.005 0.002 0.001 0.001 0.001 0.001 0.000 0.000 0.000 0.000 0.000 0.000 0.000 0.000 0.000 0.000 0.000 0.000 0.000 0.000 0.000 0.000
0.000 0.000 0.000 0.000 0.000 0.000 0.000 0.000 0.000 0.000 0.000 0.000 0.000 0.000 0.000 0.000 0.000 0.000 0.000 0.001 0.002 0.008 0.022 0.044 0.056 0.058 0.052 0.032 0.013 0.011 0.021 0.066 0.157 0.224 0.247 0.250 0.247 0.233 0.208 0.174 0.137 0.104 0.077 0.058 0.046 0.040 0.036 0.034 0.031 0.027 0.020 0.014 0.009 0.005 0.003 0.001 0.001 0.000 0.000 0.000 0.000 0.000 0.000 0.000 0.000 0.000 0.000 0.000 0.000 0.000 0.000 0.000 0.000 0.000 0.000 0.000 0.000
0.000 0.000 0.000 0.000 0.000 0.000 0.000 0.000 0.000 0.000 0.000 0.000 0.000 0.000 0.000 0.000 0.000 0.000 0.000 0.001 0.004 0.013 0.032 0.050 0.055 0.052 0.037 0.015 0.006 0.006 0.013 0.039 0.091 0.136 0.155 0.162 0.162 0.158 0.146 0.127 0.103 0.078 0.055 0.038 0.027 0.019 0.015 0.012 0.009 0.007 0.005 0.004 0.002 0.001 0.001 0.000 0.000 0.000 0.000 0.000 0.000 0.000 0.000 0.000 0.000 0.000 0.000 0.000 0.000 0.000 0.000 0.000 0.000 0.000 0.000 0.000 0.000
0.000 0.000 0.000 0.000 0.000 0.000 0.000 0.000 0.000 0.000 0.000 0.000 0.000 0.000 0.000 0.000 0.000 0.000 0.001 0.002 0.007 0.021 0.041 0.051 0.051 0.041 0.020 0.006 0.003 0.003 0.008 0.022 0.051 0.077 0.092 0.099 0.101 0.101 0.097 0.088 0.075 0.057 0.040 0.026 0.017 0.010 0.007 0.004 0.003 0.002 0.001 0.001 0.001 0.000 0.000 0.000 0.000 0.000 0.000 0.000 0.000 0.000 0.000 0.000 0.000 0.000 0.000 0.000 0.000 0.000 0.000 0.000 0.000 0.000 0.000 0.000 0.000
0.000 0.000 0.000 0.000 0.000 0.000 0.000 0.000 0.000 0.000 0.000 0.000 0.000 0.000 0.000 0.000 0.000 0.000 0.001 0.003 0.011 0.029 0.045 0.049 0.045 0.028 0.009 0.003 0.001 0.001 0.004 0.012 0.027 0.040 0.048 0.052 0.055 0.056 0.056 0.054 0.048 0.039 0.028 0.018 0.010 0.006 0.003 0.002 0.001 0.001 0.000 0.000 0.000 0.000 0.000 0.000 0.000 0.000 0.000 0.000 0.000 0.000 0.000 0.000 0.000 0.000 0.000 0.000 0.000 0.000 0.000 0.000 0.000 0.000 0.000 0.000 0.000
0.000 0.000 0.000 0.000 0.000 0.000 0.000 0.000 0.000 0.000 0.000 0.000 0.000 0.000 0.000 0.000 0.000 0.001 0.002 0.006 0.017 0.036 0.045 0.045 0.036 0.016 0.005 0.002 0.001 0.001 0.002 0.006 0.013 0.018 0.021 0.022 0.024 0.025 0.026 0.026 0.025 0.022 0.017 0.010 0.006 0.003 0.002 0.001 0.000 0.000 0.000 0.000 0.000 0.000 0.000 0.000 0.000 0.000 0.000 0.000 0.000 0.000 0.000 0.000 0.000 0.000 0.000 0.000 0.000 0.000 0.000 0.000 0.000 0.000 0.000 0.000 0.000
0.000 0.000 0.000 0.000 0.000 0.000 0.000 0.000 0.000 0.000 0.000 0.000 0.000 0.000 0.000 0.000 0.000 0.001 0.003 0.009 0.024 0.040 0.043 0.040 0.024 0.007 0.002 0.001 0.001 0.001 0.001 0.003 0.006 0.007 0.008 0.007 0.008 0.008 0.008 0.009 0.009 0.009 0.008 0.005 0.003 0.001 0.001 0.000 0.000 0.000 0.000 0.000 0.000 0.000 0.000 0.000 0.000 0.000 0.000 0.000 0.000 0.000 0.000 0.000 0.000 0.000 0.000 0.000 0.000 0.000 0.000 0.000 0.000 0.000 0.000 0.000 0.000
0.000 0.000 0.000 0.000 0.000 0.000 0.000 0.000 0.000 0.000 0.000 0.000 0.000 0.000 0.000 0.000 0.001 0.002 0.005 0.014 0.031 0.040 0.041 0.032 0.013 0.004 0.002 0.001 0.001 0.001 0.001 0.001 0.002 0.003 0.002 0.002 0.002 0.002 0.002 0.002 0.002 0.002 0.002 0.002 0.001 0.001 0.000 0.000 0.000 0.000 0.000 0.000 0.000 0.000 0.000 0.000 0.000 0.000 0.000 0.000 0.000 0.000 0.000 0.000 0.000 0.000 0.000 0.000 0.000 0.000 0.000 0.000 0.000 0.000 0.000 0.000 0.000
