RESULTS/r.avaflow_results/31_results/31_ascii/31_hflow0008.asc
ncols 506
nrows 317
xllcenter 498237.50
yllcenter 5580050.00
cellsize 12.50
NODATA_value -9999.000
[rows 170 to 203 of 317, columns 77 to 153 of 506]
0.000 0.000 0.000 0.000 0.000 0.000 0.000 0.000 0.000 0.000 0.000 0.000 0.000 0.000 0.000 0.000 0.000 0.000 0.000 0.000 0.000 0.000 0.000 0.000 0.000 0.000 0.000 0.000 0.000 0.000 0.000 0.000 0.000 0.000 0.000 0.000 0.000 0.000 0.000 0.000 0.000 0.000 0.000 0.000 0.000 0.000 0.000 0.001 0.003 0.007 0.014 0.030 0.072 0.173 0.381 0.783 1.558 3.066 5.489 8.389 10.971 13.082 14.657 15.585 15.889 15.787 15.403 14.899 14.392 13.673 12.585 11.347 10.300 9.569 9.073 8.710 8.445
0.000 0.000 0.000 0.000 0.000 0.000 0.000 0.000 0.000 0.000 0.000 0.000 0.000 0.000 0.000 0.000 0.000 0.000 0.000 0.000 0.000 0.000 0.000 0.000 0.000 0.000 0.000 0.000 0.000 0.000 0.000 0.000 0.000 0.000 0.000 0.000 0.000 0.000 0.000 0.000 0.000 0.000 0.000 0.000 0.000 0.000 0.001 0.003 0.007 0.017 0.040 0.095 0.214 0.433 0.818 1.509 2.730 4.711 7.470 10.398 12.780 14.583 15.755 16.297 16.360 16.117 15.581 14.935 14.280 13.514 12.637 11.918 11.522 11.359 11.318 11.335 11.460
0.000 0.000 0.000 0.000 0.000 0.000 0.000 0.000 0.000 0.000 0.000 0.000 0.000 0.000 0.000 0.000 0.000 0.000 0.000 0.000 0.000 0.000 0.000 0.000 0.000 0.000 0.000 0.000 0.000 0.000 0.000 0.000 0.000 0.000 0.000 0.000 0.000 0.000 0.000 0.000 0.000 0.000 0.000 0.000 0.001 0.002 0.005 0.010 0.022 0.054 0.125 0.258 0.447 0.707 1.132 1.923 3.361 5.573 8.483 11.366 13.619 15.182 16.046 16.363 16.361 16.077 15.527 14.927 14.375 13.870 13.504 13.362 13.358 13.371 13.446 13.768 14.449
0.000 0.000 0.000 0.000 0.000 0.000 0.000 0.000 0.000 0.000 0.000 0.000 0.000 0.000 0.000 0.000 0.000 0.000 0.000 0.000 0.000 0.000 0.000 0.000 0.000 0.000 0.000 0.000 0.000 0.000 0.000 0.000 0.000 0.000 0.000 0.000 0.000 0.000 0.000 0.000 0.000 0.000 0.000 0.001 0.003 0.007 0.015 0.031 0.069 0.151 0.306 0.510 0.717 0.963 1.361 2.131 3.581 5.814 8.737 11.561 13.720 15.158 15.900 16.150 16.131 15.918 15.519 15.205 15.052 15.010 14.971 14.837 14.742 14.729 14.916 15.576 16.794
0.000 0.000 0.000 0.000 0.000 0.000 0.000 0.000 0.000 0.000 0.000 0.000 0.000 0.000 0.000 0.000 0.000 0.000 0.000 0.000 0.000 0.000 0.000 0.000 0.000 0.000 0.000 0.000 0.000 0.000 0.000 0.000 0.000 0.000 0.000 0.000 0.000 0.000 0.000 0.000 0.000 0.000 0.001 0.003 0.009 0.020 0.040 0.081 0.166 0.326 0.579 0.823 1.020 1.244 1.602 2.258 3.510 5.585 8.468 11.258 13.287 14.602 15.312 15.642 15.806 15.885 15.881 15.904 15.921 15.904 15.785 15.542 15.439 15.519 15.949 16.874 18.272
0.000 0.000 0.000 0.000 0.000 0.000 0.000 0.000 0.000 0.000 0.000 0.000 0.000 0.000 0.000 0.000 0.000 0.000 0.000 0.000 0.000 0.000 0.000 0.000 0.000 0.000 0.000 0.000 0.000 0.000 0.000 0.000 0.000 0.000 0.000 0.000 0.000 0.000 0.000 0.000 0.000 0.001 0.003 0.009 0.022 0.045 0.089 0.173 0.325 0.583 0.917 1.175 1.360 1.555 1.833 2.251 3.084 4.795 7.566 10.423 12.375 13.613 14.389 14.956 15.485 15.906 16.116 16.168 16.153 16.079 15.886 15.633 15.566 15.740 16.365 17.413 18.725
0.000 0.000 0.000 0.000 0.000 0.000 0.000 0.000 0.000 0.000 0.000 0.000 0.000 0.000 0.000 0.000 0.000 0.000 0.000 0.000 0.000 0.000 0.000 0.000 0.000 0.000 0.000 0.000 0.000 0.001 0.001 0.001 0.001 0.001 0.001 0.001 0.001 0.001 0.001 0.000 0.001 0.002 0.007 0.019 0.044 0.088 0.168 0.307 0.540 0.899 1.245 1.470 1.621 1.774 1.969 2.213 2.682 3.963 6.486 9.483 11.519 12.752 13.576 14.317 15.083 15.650 15.862 15.857 15.763 15.592 15.295 15.044 15.010 15.282 16.037 17.154 18.427
0.000 0.000 0.000 0.000 0.000 0.000 0.000 0.000 0.000 0.000 0.000 0.000 0.000 0.000 0.000 0.000 0.000 0.000 0.000 0.000 0.000 0.000 0.000 0.000 0.000 0.000 0.000 0.000 0.001 0.002 0.003 0.004 0.004 0.004 0.004 0.004 0.003 0.002 0.002 0.002 0.002 0.004 0.014 0.037 0.080 0.154 0.279 0.483 0.805 1.204 1.502 1.677 1.786 1.906 2.048 2.211 2.506 3.498 5.728 8.687 10.720 11.935 12.776 13.561 14.290 14.712 14.801 14.708 14.490 14.161 13.731 13.451 13.417 13.731 14.622 15.933 17.361
0.000 0.000 0.000 0.000 0.000 0.000 0.000 0.000 0.000 0.000 0.000 0.000 0.000 0.000 0.000 0.000 0.000 0.000 0.000 0.000 0.000 0.000 0.000 0.000 0.000 0.000 0.001 0.002 0.004 0.006 0.009 0.010 0.011 0.011 0.010 0.009 0.007 0.006 0.005 0.005 0.006 0.009 0.025 0.064 0.133 0.245 0.424 0.699 1.086 1.448 1.680 1.804 1.880 1.969 2.068 2.181 2.404 3.221 5.162 7.877 9.744 10.869 11.671 12.363 12.872 13.057 13.028 12.831 12.453 11.870 11.319 11.063 11.085 11.567 12.664 14.189 15.872
0.000 0.000 0.000 0.000 0.000 0.000 0.000 0.000 0.000 0.000 0.000 0.000 0.000 0.000 0.000 0.000 0.000 0.000 0.000 0.000 0.000 0.000 0.000 0.000 0.000 0.001 0.002 0.004 0.009 0.015 0.020 0.023 0.024 0.024 0.023 0.019 0.015 0.012 0.011 0.011 0.011 0.016 0.041 0.104 0.210 0.370 0.610 0.953 1.336 1.616 1.779 1.858 1.912 1.973 2.036 2.111 2.289 2.982 4.653 6.930 8.422 9.329 10.016 10.585 10.929 10.997 10.910 10.609 10.069 9.393 8.961 8.878 9.137 9.913 11.175 12.723 14.420
0.000 0.000 0.000 0.000 0.000 0.000 0.000 0.000 0.000 0.000 0.000 0.000 0.000 0.000 0.000 0.000 0.000 0.000 0.000 0.000 0.000 0.000 0.000 0.000 0.001 0.002 0.005 0.010 0.018 0.030 0.040 0.045 0.047 0.047 0.045 0.038 0.029 0.022 0.019 0.018 0.019 0.025 0.060 0.154 0.315 0.540 0.846 1.205 1.514 1.712 1.815 1.862 1.900 1.939 1.972 2.012 2.146 2.712 4.092 5.869 6.935 7.520 7.968 8.391 8.662 8.719 8.631 8.342 7.853 7.359 7.127 7.164 7.605 8.535 9.834 11.314 12.914
0.000 0.000 0.000 0.000 0.000 0.000 0.000 0.000 0.000 0.000 0.000 0.000 0.000 0.000 0.000 0.000 0.000 0.000 0.000 0.000 0.000 0.000 0.000 0.000 0.002 0.005 0.010 0.019 0.034 0.056 0.074 0.083 0.087 0.086 0.083 0.072 0.052 0.038 0.031 0.029 0.029 0.035 0.071 0.199 0.451 0.782 1.116 1.412 1.624 1.749 1.810 1.840 1.858 1.865 1.858 1.855 1.925 2.335 3.390 4.779 5.582 5.926 6.096 6.254 6.383 6.420 6.380 6.195 5.862 5.613 5.553 5.717 6.266 7.217 8.447 9.786 11.182
0.000 0.000 0.000 0.000 0.000 0.000 0.000 0.000 0.000 0.000 0.000 0.000 0.000 0.000 0.000 0.000 0.000 0.000 0.000 0.000 0.000 0.000 0.000 0.001 0.004 0.009 0.019 0.035 0.061 0.099 0.130 0.147 0.153 0.153 0.147 0.129 0.095 0.064 0.049 0.043 0.043 0.047 0.078 0.218 0.574 1.046 1.359 1.558 1.678 1.743 1.769 1.766 1.742 1.701 1.647 1.589 1.573 1.799 2.501 3.581 4.239 4.472 4.507 4.501 4.502 4.492 4.443 4.297 4.099 4.015 4.060 4.347 4.960 5.854 6.915 8.045 9.205
0.000 0.000 0.000 0.000 0.000 0.000 0.000 0.000 0.000 0.000 0.000 0.000 0.000 0.000 0.000 0.000 0.000 0.000 0.000 0.000 0.000 0.000 0.000 0.002 0.007 0.016 0.032 0.059 0.103 0.166 0.220 0.249 0.259 0.259 0.251 0.223 0.167 0.109 0.078 0.066 0.064 0.067 0.092 0.222 0.618 1.214 1.526 1.644 1.691 1.700 1.664 1.591 1.505 1.415 1.318 1.211 1.126 1.214 1.606 2.347 2.911 3.152 3.194 3.165 3.117 3.057 2.945 2.757 2.619 2.589 2.650 2.948 3.535 4.325 5.216 6.204 7.299
0.000 0.000 0.000 0.000 0.000 0.000 0.000 0.000 0.000 0.000 0.000 0.000 0.000 0.000 0.000 0.000 0.000 0.000 0.000 0.000 0.000 0.000 0.000 0.002 0.008 0.020 0.045 0.089 0.162 0.266 0.354 0.403 0.421 0.423 0.411 0.369 0.284 0.186 0.129 0.106 0.102 0.106 0.131 0.242 0.613 1.253 1.601 1.674 1.665 1.602 1.460 1.268 1.114 0.993 0.884 0.779 0.702 0.741 0.944 1.362 1.789 2.038 2.136 2.144 2.111 2.029 1.858 1.619 1.483 1.449 1.473 1.625 1.986 2.577 3.376 4.374 5.506
0.000 0.000 0.000 0.000 0.000 0.000 0.000 0.000 0.000 0.000 0.000 0.000 0.000 0.000 0.000 0.000 0.000 0.000 0.000 0.000 0.000 0.000 0.000 0.002 0.008 0.021 0.050 0.108 0.216 0.388 0.545 0.626 0.657 0.662 0.647 0.586 0.462 0.312 0.222 0.183 0.175 0.182 0.215 0.318 0.621 1.194 1.582 1.642 1.586 1.424 1.131 0.821 0.632 0.531 0.468 0.426 0.399 0.420 0.518 0.716 0.976 1.179 1.293 1.329 1.321 1.253 1.084 0.858 0.729 0.682 0.675 0.713 0.862 1.203 1.796 2.641 3.639
0.000 0.000 0.000 0.000 0.000 0.000 0.000 0.000 0.000 0.000 0.000 0.000 0.000 0.000 0.000 0.000 0.000 0.000 0.000 0.000 0.000 0.000 0.000 0.002 0.007 0.020 0.048 0.110 0.240 0.477 0.743 0.890 0.944 0.953 0.934 0.860 0.703 0.506 0.380 0.325 0.312 0.321 0.364 0.459 0.658 1.047 1.396 1.470 1.388 1.149 0.777 0.477 0.311 0.233 0.203 0.195 0.199 0.217 0.262 0.347 0.476 0.600 0.684 0.721 0.723 0.683 0.570 0.418 0.326 0.284 0.267 0.266 0.299 0.429 0.741 1.257 1.787
0.000 0.000 0.000 0.000 0.000 0.000 0.000 0.000 0.000 0.000 0.000 0.000 0.000 0.000 0.000 0.000 0.000 0.000 0.000 0.000 0.000 0.000 0.000 0.001 0.004 0.012 0.036 0.095 0.231 0.501 0.870 1.090 1.165 1.172 1.142 1.052 0.889 0.717 0.604 0.547 0.528 0.525 0.542 0.585 0.670 0.844 1.038 1.095 1.026 0.799 0.489 0.274 0.151 0.094 0.075 0.074 0.083 0.098 0.119 0.156 0.212 0.276 0.321 0.341 0.342 0.322 0.269 0.195 0.148 0.123 0.111 0.106 0.109 0.138 0.238 0.438 0.596
0.000 0.000 0.000 0.000 0.000 0.000 0.000 0.000 0.000 0.000 0.000 0.000 0.000 0.000 0.000 0.000 0.000 0.000 0.000 0.000 0.000 0.000 0.000 0.001 0.001 0.005 0.017 0.052 0.162 0.438 0.884 1.193 1.301 1.304 1.255 1.141 0.979 0.848 0.773 0.737 0.713 0.679 0.646 0.637 0.652 0.693 0.737 0.734 0.662 0.491 0.290 0.158 0.082 0.044 0.030 0.028 0.032 0.040 0.052 0.068 0.092 0.121 0.142 0.150 0.149 0.140 0.120 0.092 0.072 0.060 0.053 0.051 0.050 0.055 0.078 0.125 0.148
0.000 0.000 0.000 0.000 0.000 0.000 0.000 0.000 0.000 0.000 0.000 0.000 0.000 0.000 0.000 0.000 0.000 0.000 0.000 0.000 0.000 0.000 0.000 0.001 0.002 0.004 0.013 0.036 0.090 0.259 0.674 1.138 1.337 1.354 1.294 1.158 1.001 0.897 0.846 0.825 0.801 0.749 0.679 0.641 0.618 0.596 0.565 0.511 0.420 0.287 0.168 0.092 0.047 0.024 0.015 0.013 0.015 0.019 0.025 0.033 0.043 0.055 0.063 0.066 0.066 0.062 0.056 0.047 0.039 0.034 0.030 0.029 0.028 0.029 0.035 0.044 0.047
0.000 0.000 0.000 0.000 0.000 0.000 0.000 0.000 0.000 0.000 0.000 0.000 0.000 0.000 0.000 0.000 0.000 0.000 0.000 0.000 0.000 0.000 0.001 0.001 0.004 0.009 0.022 0.050 0.098 0.160 0.326 0.733 1.150 1.301 1.264 1.129 0.981 0.894 0.854 0.837 0.815 0.760 0.677 0.615 0.561 0.505 0.443 0.366 0.266 0.168 0.098 0.053 0.028 0.015 0.009 0.008 0.008 0.010 0.014 0.018 0.024 0.029 0.032 0.033 0.033 0.032 0.030 0.026 0.023 0.021 0.019 0.018 0.018 0.018 0.020 0.022 0.023
0.000 0.000 0.000 0.000 0.000 0.000 0.000 0.000 0.000 0.000 0.000 0.000 0.000 0.000 0.000 0.000 0.000 0.000 0.000 0.000 0.000 0.001 0.001 0.004 0.009 0.023 0.053 0.102 0.148 0.171 0.190 0.287 0.591 0.920 1.031 0.969 0.875 0.821 0.800 0.788 0.767 0.712 0.621 0.533 0.459 0.390 0.321 0.248 0.166 0.101 0.057 0.031 0.016 0.009 0.006 0.005 0.005 0.006 0.009 0.011 0.015 0.017 0.018 0.019 0.019 0.019 0.018 0.016 0.015 0.013 0.012 0.012 0.012 0.012 0.013 0.013 0.013
0.000 0.000 0.000 0.000 0.000 0.000 0.000 0.000 0.000 0.000 0.000 0.000 0.000 0.000 0.000 0.000 0.000 0.000 0.000 0.000 0.001 0.001 0.003 0.009 0.022 0.054 0.108 0.155 0.178 0.182 0.170 0.137 0.165 0.327 0.505 0.584 0.605 0.616 0.623 0.619 0.602 0.553 0.465 0.372 0.301 0.246 0.199 0.152 0.100 0.059 0.033 0.017 0.009 0.005 0.003 0.003 0.003 0.004 0.005 0.007 0.009 0.011 0.011 0.012 0.012 0.011 0.011 0.010 0.009 0.008 0.008 0.008 0.008 0.008 0.008 0.008 0.008
0.000 0.000 0.000 0.000 0.000 0.000 0.000 0.000 0.000 0.000 0.000 0.000 0.000 0.000 0.000 0.000 0.000 0.000 0.000 0.000 0.001 0.003 0.008 0.021 0.051 0.108 0.159 0.179 0.183 0.175 0.142 0.084 0.047 0.057 0.134 0.215 0.278 0.320 0.339 0.341 0.333 0.304 0.249 0.195 0.157 0.130 0.107 0.084 0.056 0.033 0.018 0.009 0.005 0.003 0.002 0.001 0.002 0.002 0.003 0.004 0.006 0.006 0.007 0.007 0.007 0.007 0.007 0.006 0.006 0.005 0.005 0.004 0.004 0.004 0.004 0.005 0.005
0.000 0.000 0.000 0.000 0.000 0.000 0.000 0.000 0.000 0.000 0.000 0.000 0.000 0.000 0.000 0.000 0.000 0.000 0.000 0.001 0.002 0.006 0.017 0.045 0.102 0.158 0.182 0.185 0.174 0.135 0.079 0.036 0.017 0.011 0.018 0.051 0.095 0.132 0.150 0.154 0.151 0.138 0.113 0.088 0.071 0.059 0.049 0.040 0.028 0.017 0.009 0.005 0.002 0.001 0.001 0.000 0.001 0.001 0.001 0.002 0.003 0.004 0.004 0.004 0.004 0.004 0.004 0.003 0.003 0.003 0.002 0.002 0.002 0.002 0.002 0.002 0.002
0.000 0.000 0.000 0.000 0.000 0.000 0.000 0.000 0.000 0.000 0.000 0.000 0.000 0.000 0.000 0.000 0.000 0.000 0.000 0.001 0.003 0.012 0.034 0.086 0.147 0.178 0.185 0.176 0.134 0.073 0.031 0.013 0.005 0.003 0.002 0.007 0.023 0.044 0.056 0.059 0.059 0.055 0.046 0.035 0.028 0.023 0.019 0.016 0.012 0.007 0.004 0.002 0.001 0.000 0.000 0.000 0.000 0.000 0.001 0.001 0.001 0.002 0.002 0.002 0.002 0.002 0.002 0.002 0.001 0.001 0.001 0.001 0.001 0.001 0.001 0.001 0.001
0.000 0.000 0.000 0.000 0.000 0.000 0.000 0.000 0.000 0.000 0.000 0.000 0.000 0.000 0.000 0.000 0.000 0.000 0.001 0.002 0.006 0.021 0.059 0.123 0.164 0.177 0.172 0.132 0.069 0.027 0.011 0.005 0.002 0.002 0.001 0.001 0.004 0.012 0.018 0.020 0.020 0.019 0.017 0.013 0.009 0.008 0.006 0.005 0.004 0.002 0.001 0.001 0.000 0.000 0.000 0.000 0.000 0.000 0.000 0.000 0.000 0.001 0.001 0.001 0.001 0.001 0.001 0.000 0.000 0.000 0.000 0.000 0.000 0.000 0.000 0.000 0.000
0.000 0.000 0.000 0.000 0.000 0.000 0.000 0.000 0.000 0.000 0.000 0.000 0.000 0.000 0.000 0.000 0.000 0.000 0.001 0.003 0.011 0.034 0.086 0.141 0.163 0.163 0.131 0.070 0.027 0.010 0.005 0.003 0.002 0.001 0.001 0.001 0.001 0.002 0.005 0.006 0.006 0.006 0.005 0.004 0.003 0.002 0.002 0.001 0.001 0.001 0.000 0.000 0.000 0.000 0.000 0.000 0.000 0.000 0.000 0.000 0.000 0.000 0.000 0.000 0.000 0.000 0.000 0.000 0.000 0.000 0.000 0.000 0.000 0.000 0.000 0.000 0.000
0.000 0.000 0.000 0.000 0.000 0.000 0.000 0.000 0.000 0.000 0.000 0.000 0.000 0.000 0.000 0.000 0.000 0.001 0.001 0.005 0.017 0.052 0.108 0.145 0.151 0.134 0.080 0.030 0.011 0.005 0.003 0.001 0.001 0.001 0.001 0.001 0.000 0.001 0.001 0.001 0.002 0.002 0.001 0.001 0.001 0.001 0.001 0.000 0.000 0.000 0.000 0.000 0.000 0.000 0.000 0.000 0.000 0.000 0.000 0.000 0.000 0.000 0.000 0.000 0.000 0.000 0.000 0.000 0.000 0.000 0.000 0.000 0.000 0.000 0.000 0.000 0.000
0.000 0.000 0.000 0.000 0.000 0.000 0.000 0.000 0.000 0.000 0.000 0.000 0.000 0.000 0.000 0.000 0.000 0.001 0.002 0.008 0.027 0.072 0.121 0.136 0.132 0.096 0.041 0.015 0.006 0.003 0.002 0.002 0.001 0.001 0.000 0.000 0.000 0.000 0.000 0.000 0.000 0.000 0.000 0.000 0.000 0.000 0.000 0.000 0.000 0.000 0.000 0.000 0.000 0.000 0.000 0.000 0.000 0.000 0.000 0.000 0.000 0.000 0.000 0.000 0.000 0.000 0.000 0.000 0.000 0.000 0.000 0.000 0.000 0.000 0.000 0.000 0.000
0.000 0.000 0.000 0.000 0.000 0.000 0.000 0.000 0.000 0.000 0.000 0.000 0.000 0.000 0.000 0.000 0.000 0.001 0.004 0.013 0.039 0.090 0.123 0.126 0.109 0.059 0.021 0.008 0.004 0.002 0.002 0.001 0.001 0.001 0.000 0.000 0.000 0.000 0.000 0.000 0.000 0.000 0.000 0.000 0.000 0.000 0.000 0.000 0.000 0.000 0.000 0.000 0.000 0.000 0.000 0.000 0.000 0.000 0.000 0.000 0.000 0.000 0.000 0.000 0.000 0.000 0.000 0.000 0.000 0.000 0.000 0.000 0.000 0.000 0.000 0.000 0.000
0.000 0.000 0.000 0.000 0.000 0.000 0.000 0.000 0.000 0.000 0.000 0.000 0.000 0.000 0.000 0.000 0.001 0.001 0.006 0.020 0.055 0.102 0.118 0.115 0.082 0.033 0.012 0.005 0.003 0.002 0.002 0.002 0.001 0.001 0.000 0.000 0.000 0.000 0.000 0.000 0.000 0.000 0.000 0.000 0.000 0.000 0.000 0.000 0.000 0.000 0.000 0.000 0.000 0.000 0.000 0.000 0.000 0.000 0.000 0.000 0.000 0.000 0.000 0.000 0.000 0.000 0.000 0.000 0.000 0.000 0.000 0.000 0.000 0.000 0.000 0.000 0.000
0.000 0.000 0.000 0.000 0.000 0.000 0.000 0.000 0.000 0.000 0.000 0.000 0.000 0.000 0.000 0.000 0.001 0.003 0.009 0.029 0.071 0.105 0.110 0.096 0.052 0.018 0.007 0.004 0.003 0.002 0.001 0.001 0.001 0.000 0.000 0.000 0.000 0.000 0.000 0.000 0.000 0.000 0.000 0.000 0.000 0.000 0.000 0.000 0.000 0.000 0.000 0.000 0.000 0.000 0.000 0.000 0.000 0.000 0.000 0.000 0.000 0.000 0.000 0.000 0.000 0.000 0.000 0.000 0.000 0.000 0.000 0.000 0.000 0.000 0.000 0.000 0.000
0.000 0.000 0.000 0.000 0.000 0.000 0.000 0.000 0.000 0.000 0.000 0.000 0.000 0.000 0.000 0.000 0.001 0.004 0.014 0.042 0.085 0.103 0.102 0.075 0.031 0.011 0.006 0.004 0.003 0.002 0.002 0.002 0.001 0.000 0.000 0.000 0.000 0.000 0.000 0.000 0.000 0.000 0.000 0.000 0.000 0.000 0.000 0.000 0.000 0.000 0.000 0.000 0.000 0.000 0.000 0.000 0.000 0.000 0.000 0.000 0.000 0.000 0.000 0.000 0.000 0.000 0.000 0.000 0.000 0.000 0.000 0.000 0.000 0.000 0.000 0.000 0.000
