RESULTS/r.avaflow_results/31_results/31_ascii/31_hflow10020.asc
ncols 506
nrows 317
xllcenter 498237.50
yllcenter 5580050.00
cellsize 12.50
NODATA_value -9999.000
[rows 170 to 203 of 317, columns 77 to 153 of 506]
0.000 0.000 0.000 0.000 0.000 0.000 0.000 0.000 0.000 0.000 0.000 0.000 0.000 0.000 0.000 0.000 0.000 0.000 0.000 0.000 0.000 0.000 0.000 0.000 0.000 0.000 0.000 0.000 0.000 0.000 0.000 0.000 0.000 0.000 0.000 0.000 0.000 0.000 0.000 0.000 0.000 0.000 0.000 0.000 0.000 0.000 0.001 0.001 0.002 0.005 0.009 0.017 0.040 0.092 0.173 0.236 0.285 0.335 0.360 0.347 0.303 0.237 0.172 0.122 0.085 0.058 0.039 0.026 0.017 0.011 0.007 0.005 0.003 0.002 0.001 0.001 0.001
0.000 0.000 0.000 0.000 0.000 0.000 0.000 0.000 0.000 0.000 0.000 0.000 0.000 0.000 0.000 0.000 0.000 0.000 0.000 0.000 0.000 0.000 0.000 0.000 0.000 0.000 0.000 0.000 0.000 0.000 0.000 0.000 0.000 0.000 0.000 0.000 0.000 0.000 0.000 0.000 0.000 0.000 0.000 0.000 0.000 0.001 0.002 0.004 0.008 0.014 0.029 0.065 0.133 0.244 0.363 0.434 0.470 0.486 0.478 0.438 0.369 0.283 0.206 0.147 0.103 0.071 0.049 0.033 0.022 0.014 0.009 0.006 0.004 0.003 0.002 0.001 0.001
0.000 0.000 0.000 0.000 0.000 0.000 0.000 0.000 0.000 0.000 0.000 0.000 0.000 0.000 0.000 0.000 0.000 0.000 0.000 0.000 0.000 0.000 0.000 0.000 0.000 0.000 0.000 0.000 0.000 0.000 0.000 0.000 0.000 0.000 0.000 0.000 0.000 0.000 0.000 0.000 0.000 0.000 0.000 0.000 0.001 0.003 0.007 0.014 0.026 0.054 0.114 0.215 0.332 0.438 0.506 0.552 0.578 0.578 0.553 0.500 0.421 0.322 0.235 0.168 0.118 0.082 0.056 0.038 0.026 0.017 0.011 0.007 0.005 0.003 0.002 0.001 0.001
0.000 0.000 0.000 0.000 0.000 0.000 0.000 0.000 0.000 0.000 0.000 0.000 0.000 0.000 0.000 0.000 0.000 0.000 0.000 0.000 0.000 0.000 0.000 0.000 0.000 0.000 0.000 0.000 0.000 0.000 0.000 0.000 0.000 0.000 0.000 0.000 0.000 0.000 0.000 0.000 0.000 0.000 0.001 0.001 0.004 0.011 0.024 0.050 0.098 0.191 0.348 0.501 0.581 0.599 0.589 0.603 0.624 0.623 0.596 0.543 0.461 0.356 0.259 0.185 0.131 0.091 0.062 0.042 0.028 0.019 0.012 0.008 0.005 0.003 0.002 0.001 0.001
0.000 0.000 0.000 0.000 0.000 0.000 0.000 0.000 0.000 0.000 0.000 0.000 0.000 0.000 0.000 0.000 0.000 0.000 0.000 0.000 0.000 0.000 0.000 0.000 0.000 0.001 0.001 0.002 0.002 0.002 0.002 0.002 0.002 0.002 0.002 0.001 0.001 0.001 0.001 0.001 0.001 0.001 0.002 0.005 0.014 0.038 0.086 0.167 0.294 0.481 0.668 0.754 0.755 0.707 0.642 0.623 0.634 0.637 0.620 0.572 0.493 0.384 0.278 0.198 0.139 0.097 0.066 0.045 0.030 0.020 0.013 0.009 0.005 0.003 0.002 0.001 0.001
0.000 0.000 0.000 0.000 0.000 0.000 0.000 0.000 0.000 0.000 0.000 0.000 0.000 0.000 0.000 0.000 0.000 0.000 0.000 0.000 0.000 0.000 0.000 0.001 0.001 0.003 0.005 0.006 0.007 0.007 0.007 0.007 0.007 0.006 0.005 0.004 0.003 0.002 0.002 0.002 0.002 0.003 0.005 0.015 0.047 0.124 0.251 0.419 0.617 0.793 0.881 0.894 0.864 0.787 0.687 0.634 0.628 0.636 0.630 0.593 0.517 0.405 0.290 0.206 0.144 0.100 0.069 0.047 0.031 0.021 0.014 0.009 0.006 0.004 0.002 0.001 0.001
0.000 0.000 0.000 0.000 0.000 0.000 0.000 0.000 0.000 0.000 0.000 0.000 0.000 0.000 0.000 0.000 0.000 0.000 0.000 0.000 0.000 0.000 0.001 0.002 0.004 0.007 0.010 0.012 0.014 0.014 0.015 0.015 0.014 0.013 0.011 0.008 0.006 0.005 0.004 0.004 0.005 0.006 0.015 0.048 0.145 0.331 0.553 0.749 0.896 0.978 1.000 0.987 0.942 0.853 0.731 0.646 0.618 0.627 0.633 0.607 0.533 0.415 0.296 0.209 0.147 0.102 0.070 0.047 0.032 0.021 0.014 0.009 0.006 0.004 0.002 0.002 0.001
0.000 0.000 0.000 0.000 0.000 0.000 0.000 0.000 0.000 0.000 0.000 0.000 0.000 0.000 0.000 0.000 0.000 0.000 0.000 0.000 0.000 0.001 0.002 0.005 0.008 0.013 0.018 0.022 0.024 0.025 0.026 0.026 0.025 0.024 0.020 0.015 0.011 0.009 0.008 0.008 0.008 0.014 0.038 0.129 0.363 0.677 0.900 1.011 1.070 1.094 1.090 1.063 1.003 0.908 0.778 0.670 0.621 0.625 0.634 0.613 0.539 0.418 0.297 0.210 0.147 0.102 0.070 0.047 0.032 0.021 0.014 0.009 0.006 0.004 0.002 0.002 0.001
0.000 0.000 0.000 0.000 0.000 0.000 0.000 0.000 0.000 0.000 0.000 0.000 0.000 0.000 0.000 0.000 0.000 0.000 0.000 0.000 0.001 0.002 0.005 0.008 0.014 0.021 0.029 0.035 0.038 0.040 0.041 0.041 0.040 0.038 0.032 0.024 0.017 0.013 0.012 0.012 0.014 0.027 0.083 0.282 0.689 1.023 1.153 1.186 1.197 1.190 1.164 1.118 1.048 0.954 0.830 0.710 0.644 0.634 0.637 0.613 0.536 0.413 0.295 0.208 0.146 0.101 0.070 0.047 0.032 0.021 0.014 0.009 0.006 0.004 0.002 0.002 0.001
0.000 0.000 0.000 0.000 0.000 0.000 0.000 0.000 0.000 0.000 0.000 0.000 0.000 0.000 0.000 0.000 0.000 0.000 0.000 0.000 0.001 0.004 0.008 0.014 0.022 0.033 0.044 0.052 0.058 0.061 0.062 0.062 0.061 0.057 0.049 0.036 0.026 0.020 0.017 0.017 0.020 0.037 0.123 0.427 0.956 1.256 1.321 1.317 1.298 1.260 1.209 1.150 1.079 0.996 0.889 0.768 0.687 0.656 0.640 0.601 0.518 0.397 0.286 0.203 0.143 0.100 0.069 0.047 0.031 0.021 0.014 0.009 0.006 0.004 0.002 0.002 0.001
0.000 0.000 0.000 0.000 0.000 0.000 0.000 0.000 0.000 0.000 0.000 0.000 0.000 0.000 0.000 0.000 0.000 0.000 0.000 0.000 0.002 0.006 0.013 0.022 0.034 0.050 0.065 0.076 0.084 0.088 0.089 0.089 0.088 0.083 0.072 0.055 0.037 0.027 0.023 0.022 0.024 0.042 0.134 0.489 1.108 1.405 1.436 1.412 1.363 1.294 1.226 1.163 1.099 1.029 0.943 0.837 0.743 0.683 0.635 0.574 0.481 0.366 0.267 0.193 0.137 0.096 0.066 0.045 0.030 0.020 0.013 0.009 0.005 0.004 0.002 0.001 0.001
0.000 0.000 0.000 0.000 0.000 0.000 0.000 0.000 0.000 0.000 0.000 0.000 0.000 0.000 0.000 0.000 0.000 0.000 0.000 0.000 0.002 0.007 0.018 0.033 0.051 0.073 0.093 0.108 0.118 0.124 0.126 0.126 0.123 0.117 0.104 0.081 0.054 0.038 0.030 0.027 0.029 0.045 0.132 0.486 1.158 1.487 1.513 1.470 1.392 1.301 1.226 1.166 1.111 1.053 0.983 0.893 0.790 0.698 0.619 0.534 0.429 0.324 0.240 0.176 0.127 0.090 0.063 0.043 0.029 0.019 0.013 0.008 0.005 0.003 0.002 0.001 0.001
0.000 0.000 0.000 0.000 0.000 0.000 0.000 0.000 0.000 0.000 0.000 0.000 0.000 0.000 0.000 0.000 0.000 0.000 0.000 0.000 0.001 0.007 0.020 0.044 0.073 0.103 0.130 0.150 0.164 0.171 0.173 0.173 0.170 0.163 0.147 0.119 0.081 0.053 0.038 0.033 0.034 0.047 0.122 0.442 1.117 1.506 1.550 1.496 1.398 1.292 1.216 1.162 1.114 1.066 1.008 0.928 0.823 0.705 0.595 0.490 0.383 0.288 0.213 0.156 0.113 0.082 0.058 0.040 0.027 0.018 0.012 0.008 0.005 0.003 0.002 0.001 0.001
0.000 0.000 0.000 0.000 0.000 0.000 0.000 0.000 0.000 0.000 0.000 0.000 0.000 0.000 0.000 0.000 0.000 0.000 0.000 0.000 0.001 0.005 0.020 0.050 0.093 0.140 0.176 0.204 0.222 0.232 0.235 0.235 0.232 0.222 0.204 0.172 0.123 0.078 0.053 0.043 0.041 0.051 0.105 0.351 0.957 1.436 1.544 1.500 1.390 1.260 1.176 1.132 1.103 1.069 1.021 0.944 0.840 0.712 0.577 0.457 0.351 0.263 0.193 0.140 0.101 0.072 0.051 0.036 0.025 0.016 0.011 0.007 0.004 0.003 0.002 0.001 0.001
0.000 0.000 0.000 0.000 0.000 0.000 0.000 0.000 0.000 0.000 0.000 0.000 0.000 0.000 0.000 0.000 0.000 0.000 0.000 0.000 0.001 0.003 0.017 0.049 0.104 0.171 0.230 0.269 0.295 0.309 0.314 0.314 0.311 0.300 0.280 0.243 0.186 0.120 0.078 0.060 0.056 0.061 0.097 0.244 0.687 1.228 1.449 1.452 1.352 1.198 1.082 1.031 1.023 1.024 1.003 0.944 0.845 0.716 0.569 0.439 0.331 0.245 0.179 0.128 0.091 0.064 0.045 0.032 0.022 0.015 0.009 0.006 0.004 0.002 0.001 0.001 0.000
0.000 0.000 0.000 0.000 0.000 0.000 0.000 0.000 0.000 0.000 0.000 0.000 0.000 0.000 0.000 0.000 0.000 0.000 0.000 0.000 0.000 0.002 0.012 0.043 0.103 0.185 0.277 0.346 0.385 0.407 0.415 0.415 0.412 0.402 0.380 0.338 0.272 0.186 0.124 0.093 0.083 0.086 0.111 0.195 0.443 0.897 1.213 1.288 1.234 1.086 0.911 0.809 0.793 0.816 0.856 0.872 0.823 0.715 0.571 0.431 0.319 0.233 0.168 0.119 0.083 0.057 0.039 0.026 0.017 0.011 0.007 0.004 0.003 0.002 0.001 0.001 0.000
0.000 0.000 0.000 0.000 0.000 0.000 0.000 0.000 0.000 0.000 0.000 0.000 0.000 0.000 0.000 0.000 0.000 0.000 0.000 0.000 0.000 0.001 0.006 0.031 0.091 0.184 0.300 0.419 0.494 0.528 0.542 0.545 0.542 0.533 0.510 0.465 0.391 0.284 0.200 0.151 0.132 0.130 0.145 0.196 0.323 0.590 0.862 0.976 0.977 0.887 0.702 0.533 0.458 0.458 0.527 0.644 0.707 0.670 0.564 0.428 0.312 0.225 0.159 0.111 0.076 0.050 0.031 0.018 0.010 0.006 0.004 0.002 0.002 0.001 0.001 0.000 0.000
0.000 0.000 0.000 0.000 0.000 0.000 0.000 0.000 0.000 0.000 0.000 0.000 0.000 0.000 0.000 0.000 0.000 0.000 0.000 0.000 0.000 0.000 0.002 0.016 0.065 0.163 0.297 0.460 0.604 0.679 0.702 0.707 0.705 0.697 0.671 0.613 0.513 0.394 0.300 0.239 0.207 0.198 0.201 0.225 0.288 0.420 0.583 0.670 0.686 0.653 0.541 0.378 0.266 0.226 0.241 0.328 0.453 0.518 0.494 0.408 0.303 0.217 0.152 0.103 0.067 0.041 0.023 0.012 0.006 0.003 0.002 0.001 0.001 0.001 0.000 0.000 0.000
0.000 0.000 0.000 0.000 0.000 0.000 0.000 0.000 0.000 0.000 0.000 0.000 0.000 0.000 0.000 0.000 0.000 0.000 0.000 0.000 0.000 0.000 0.001 0.006 0.034 0.117 0.263 0.456 0.676 0.828 0.888 0.899 0.897 0.877 0.823 0.726 0.594 0.472 0.380 0.318 0.282 0.267 0.264 0.271 0.300 0.359 0.437 0.487 0.503 0.491 0.428 0.305 0.193 0.133 0.115 0.134 0.203 0.281 0.317 0.309 0.259 0.192 0.133 0.087 0.051 0.027 0.013 0.006 0.003 0.002 0.001 0.001 0.001 0.000 0.000 0.000 0.000
0.000 0.000 0.000 0.000 0.000 0.000 0.000 0.000 0.000 0.000 0.000 0.000 0.000 0.000 0.000 0.000 0.000 0.000 0.000 0.000 0.000 0.000 0.000 0.002 0.012 0.058 0.182 0.397 0.680 0.924 1.050 1.074 1.066 1.022 0.930 0.791 0.639 0.517 0.427 0.365 0.327 0.307 0.301 0.303 0.315 0.342 0.375 0.394 0.399 0.387 0.342 0.254 0.161 0.101 0.072 0.065 0.079 0.114 0.139 0.148 0.144 0.119 0.081 0.048 0.025 0.012 0.006 0.003 0.002 0.001 0.001 0.001 0.000 0.000 0.000 0.000 0.000
0.000 0.000 0.000 0.000 0.000 0.000 0.000 0.000 0.000 0.000 0.000 0.000 0.000 0.000 0.000 0.000 0.000 0.000 0.000 0.000 0.000 0.000 0.000 0.001 0.003 0.018 0.078 0.244 0.559 0.925 1.141 1.203 1.187 1.119 0.989 0.815 0.659 0.537 0.447 0.385 0.346 0.324 0.315 0.313 0.319 0.331 0.340 0.342 0.335 0.315 0.274 0.208 0.137 0.087 0.057 0.043 0.039 0.044 0.051 0.054 0.053 0.045 0.031 0.018 0.009 0.005 0.003 0.002 0.001 0.001 0.001 0.000 0.000 0.000 0.000 0.000 0.000
0.000 0.000 0.000 0.000 0.000 0.000 0.000 0.000 0.000 0.000 0.000 0.000 0.000 0.000 0.000 0.000 0.000 0.000 0.000 0.000 0.000 0.000 0.000 0.001 0.002 0.007 0.025 0.089 0.303 0.733 1.113 1.255 1.249 1.164 1.009 0.819 0.662 0.541 0.452 0.390 0.349 0.326 0.315 0.312 0.313 0.313 0.309 0.299 0.284 0.259 0.221 0.168 0.114 0.076 0.050 0.034 0.027 0.024 0.022 0.021 0.019 0.017 0.012 0.007 0.004 0.002 0.001 0.001 0.001 0.000 0.000 0.000 0.000 0.000 0.000 0.000 0.000
0.000 0.000 0.000 0.000 0.000 0.000 0.000 0.000 0.000 0.000 0.000 0.000 0.000 0.000 0.000 0.000 0.000 0.000 0.000 0.000 0.000 0.000 0.001 0.001 0.004 0.009 0.022 0.044 0.111 0.376 0.851 1.182 1.242 1.166 1.005 0.813 0.657 0.538 0.450 0.387 0.345 0.319 0.306 0.299 0.294 0.287 0.275 0.259 0.239 0.212 0.178 0.134 0.093 0.064 0.043 0.029 0.021 0.016 0.013 0.011 0.009 0.007 0.005 0.003 0.002 0.001 0.001 0.001 0.000 0.000 0.000 0.000 0.000 0.000 0.000 0.000 0.000
0.000 0.000 0.000 0.000 0.000 0.000 0.000 0.000 0.000 0.000 0.000 0.000 0.000 0.000 0.000 0.000 0.000 0.000 0.000 0.000 0.000 0.001 0.001 0.003 0.009 0.023 0.040 0.052 0.061 0.129 0.429 0.883 1.101 1.087 0.960 0.782 0.634 0.522 0.436 0.372 0.326 0.295 0.276 0.267 0.260 0.250 0.236 0.218 0.197 0.172 0.140 0.104 0.074 0.051 0.035 0.024 0.017 0.012 0.009 0.007 0.005 0.004 0.003 0.002 0.001 0.001 0.001 0.000 0.000 0.000 0.000 0.000 0.000 0.000 0.000 0.000 0.000
0.000 0.000 0.000 0.000 0.000 0.000 0.000 0.000 0.000 0.000 0.000 0.000 0.000 0.000 0.000 0.000 0.000 0.000 0.000 0.000 0.000 0.001 0.003 0.009 0.023 0.045 0.058 0.060 0.058 0.059 0.152 0.473 0.779 0.862 0.817 0.704 0.582 0.483 0.403 0.338 0.286 0.248 0.223 0.212 0.208 0.202 0.191 0.176 0.156 0.134 0.108 0.079 0.056 0.038 0.026 0.018 0.012 0.008 0.005 0.004 0.003 0.002 0.001 0.001 0.001 0.000 0.000 0.000 0.000 0.000 0.000 0.000 0.000 0.000 0.000 0.000 0.000
0.000 0.000 0.000 0.000 0.000 0.000 0.000 0.000 0.000 0.000 0.000 0.000 0.000 0.000 0.000 0.000 0.000 0.000 0.000 0.000 0.001 0.002 0.007 0.020 0.042 0.058 0.062 0.060 0.050 0.041 0.063 0.214 0.454 0.560 0.574 0.548 0.487 0.416 0.347 0.283 0.228 0.184 0.155 0.140 0.137 0.137 0.135 0.127 0.115 0.098 0.077 0.056 0.038 0.025 0.016 0.010 0.006 0.004 0.002 0.002 0.001 0.001 0.001 0.001 0.000 0.000 0.000 0.000 0.000 0.000 0.000 0.000 0.000 0.000 0.000 0.000 0.000
0.000 0.000 0.000 0.000 0.000 0.000 0.000 0.000 0.000 0.000 0.000 0.000 0.000 0.000 0.000 0.000 0.000 0.000 0.000 0.001 0.001 0.005 0.014 0.035 0.055 0.062 0.062 0.052 0.031 0.022 0.033 0.106 0.256 0.346 0.367 0.365 0.350 0.317 0.270 0.218 0.171 0.133 0.104 0.086 0.078 0.075 0.073 0.071 0.066 0.057 0.046 0.032 0.021 0.013 0.008 0.004 0.002 0.001 0.001 0.001 0.001 0.000 0.000 0.000 0.000 0.000 0.000 0.000 0.000 0.000 0.000 0.000 0.000 0.000 0.000 0.000 0.000
0.000 0.000 0.000 0.000 0.000 0.000 0.000 0.000 0.000 0.000 0.000 0.000 0.000 0.000 0.000 0.000 0.000 0.000 0.000 0.001 0.003 0.008 0.024 0.047 0.059 0.060 0.054 0.033 0.014 0.010 0.019 0.059 0.146 0.212 0.234 0.237 0.234 0.220 0.196 0.163 0.129 0.098 0.072 0.054 0.043 0.037 0.033 0.030 0.027 0.024 0.019 0.013 0.008 0.005 0.003 0.001 0.001 0.000 0.000 0.000 0.000 0.000 0.000 0.000 0.000 0.000 0.000 0.000 0.000 0.000 0.000 0.000 0.000 0.000 0.000 0.000 0.000
0.000 0.000 0.000 0.000 0.000 0.000 0.000 0.000 0.000 0.000 0.000 0.000 0.000 0.000 0.000 0.000 0.000 0.000 0.001 0.001 0.004 0.014 0.034 0.052 0.057 0.055 0.038 0.015 0.006 0.005 0.011 0.034 0.083 0.127 0.146 0.152 0.152 0.148 0.136 0.119 0.096 0.072 0.051 0.035 0.024 0.018 0.013 0.010 0.008 0.007 0.005 0.003 0.002 0.001 0.001 0.000 0.000 0.000 0.000 0.000 0.000 0.000 0.000 0.000 0.000 0.000 0.000 0.000 0.000 0.000 0.000 0.000 0.000 0.000 0.000 0.000 0.000
0.000 0.000 0.000 0.000 0.000 0.000 0.000 0.000 0.000 0.000 0.000 0.000 0.000 0.000 0.000 0.000 0.000 0.000 0.001 0.002 0.007 0.022 0.043 0.053 0.053 0.043 0.020 0.006 0.002 0.002 0.006 0.019 0.046 0.071 0.085 0.092 0.094 0.093 0.090 0.081 0.069 0.053 0.037 0.024 0.015 0.009 0.006 0.004 0.002 0.002 0.001 0.001 0.001 0.000 0.000 0.000 0.000 0.000 0.000 0.000 0.000 0.000 0.000 0.000 0.000 0.000 0.000 0.000 0.000 0.000 0.000 0.000 0.000 0.000 0.000 0.000 0.000
0.000 0.000 0.000 0.000 0.000 0.000 0.000 0.000 0.000 0.000 0.000 0.000 0.000 0.000 0.000 0.000 0.000 0.000 0.001 0.004 0.012 0.031 0.047 0.051 0.046 0.029 0.010 0.003 0.002 0.001 0.003 0.010 0.023 0.036 0.044 0.048 0.051 0.052 0.052 0.049 0.044 0.036 0.025 0.016 0.009 0.005 0.003 0.002 0.001 0.001 0.000 0.000 0.000 0.000 0.000 0.000 0.000 0.000 0.000 0.000 0.000 0.000 0.000 0.000 0.000 0.000 0.000 0.000 0.000 0.000 0.000 0.000 0.000 0.000 0.000 0.000 0.000
0.000 0.000 0.000 0.000 0.000 0.000 0.000 0.000 0.000 0.000 0.000 0.000 0.000 0.000 0.000 0.000 0.000 0.001 0.002 0.006 0.018 0.038 0.047 0.047 0.037 0.016 0.005 0.002 0.001 0.001 0.002 0.005 0.011 0.016 0.019 0.020 0.022 0.023 0.024 0.024 0.023 0.020 0.015 0.010 0.005 0.003 0.001 0.001 0.000 0.000 0.000 0.000 0.000 0.000 0.000 0.000 0.000 0.000 0.000 0.000 0.000 0.000 0.000 0.000 0.000 0.000 0.000 0.000 0.000 0.000 0.000 0.000 0.000 0.000 0.000 0.000 0.000
0.000 0.000 0.000 0.000 0.000 0.000 0.000 0.000 0.000 0.000 0.000 0.000 0.000 0.000 0.000 0.000 0.000 0.001 0.003 0.010 0.025 0.042 0.045 0.041 0.025 0.008 0.003 0.002 0.001 0.001 0.001 0.002 0.004 0.006 0.007 0.007 0.007 0.007 0.008 0.008 0.009 0.008 0.007 0.005 0.003 0.001 0.001 0.000 0.000 0.000 0.000 0.000 0.000 0.000 0.000 0.000 0.000 0.000 0.000 0.000 0.000 0.000 0.000 0.000 0.000 0.000 0.000 0.000 0.000 0.000 0.000 0.000 0.000 0.000 0.000 0.000 0.000
0.000 0.000 0.000 0.000 0.000 0.000 0.000 0.000 0.000 0.000 0.000 0.000 0.000 0.000 0.000 0.000 0.001 0.002 0.005 0.015 0.033 0.042 0.043 0.033 0.014 0.004 0.001 0.001 0.001 0.001 0.001 0.001 0.002 0.002 0.002 0.002 0.002 0.002 0.002 0.002 0.002 0.002 0.002 0.002 0.001 0.001 0.000 0.000 0.000 0.000 0.000 0.000 0.000 0.000 0.000 0.000 0.000 0.000 0.000 0.000 0.000 0.000 0.000 0.000 0.000 0.000 0.000 0.000 0.000 0.000 0.000 0.000 0.000 0.000 0.000 0.000 0.000
