RESULTS/r.avaflow_results/31_results/31_ascii/31_hflow_max0041.asc
ncols 506
nrows 317
xllcenter 498237.50
yllcenter 5580050.00
cellsize 12.50
NODATA_value -9999.000
[rows 170 to 203 of 317, columns 77 to 153 of 506]
0.000 0.000 0.000 0.000 0.000 0.000 0.000 0.000 0.000 0.000 0.000 0.000 0.000 0.000 0.000 0.000 0.000 0.000 0.000 0.000 0.000 0.000 0.000 0.000 0.000 0.000 0.000 0.000 0.000 0.000 0.000 0.000 0.000 0.000 0.000 0.000 0.000 0.000 0.000 0.000 0.000 0.000 0.000 0.000 0.001 0.002 0.003 0.006 0.011 0.020 0.042 0.110 0.314 0.772 1.462 2.428 4.135 7.320 10.036 12.468 14.440 15.863 16.715 16.997 16.886 16.401 15.902 15.386 14.942 14.201 13.039 11.794 11.013 10.867 10.824 10.819 10.885
0.000 0.000 0.000 0.000 0.000 0.000 0.000 0.000 0.000 0.000 0.000 0.000 0.000 0.000 0.000 0.000 0.000 0.000 0.000 0.000 0.000 0.000 0.000 0.000 0.000 0.000 0.000 0.000 0.000 0.000 0.000 0.000 0.000 0.000 0.000 0.000 0.000 0.000 0.000 0.000 0.000 0.000 0.000 0.001 0.003 0.005 0.008 0.014 0.028 0.062 0.145 0.349 0.761 1.383 2.174 4.217 6.467 9.078 11.686 14.006 15.750 16.623 17.202 17.304 17.160 16.760 16.055 15.319 14.583 13.873 13.082 13.138 13.239 13.307 13.466 13.804 14.285
0.000 0.000 0.000 0.000 0.000 0.000 0.000 0.000 0.000 0.000 0.000 0.000 0.000 0.000 0.000 0.000 0.000 0.000 0.000 0.000 0.000 0.000 0.001 0.001 0.001 0.001 0.001 0.001 0.001 0.001 0.001 0.001 0.001 0.001 0.000 0.000 0.000 0.000 0.000 0.000 0.000 0.001 0.002 0.004 0.007 0.012 0.022 0.046 0.100 0.220 0.448 0.828 1.292 1.805 2.477 4.760 7.113 9.734 12.252 14.439 16.031 16.841 17.201 17.277 17.138 16.615 15.838 15.183 14.871 14.810 14.728 14.708 14.612 14.705 15.082 15.963 17.220
0.000 0.000 0.000 0.000 0.000 0.000 0.000 0.000 0.000 0.000 0.000 0.000 0.000 0.000 0.000 0.000 0.000 0.000 0.000 0.000 0.001 0.002 0.003 0.004 0.004 0.004 0.004 0.004 0.004 0.004 0.004 0.004 0.004 0.003 0.002 0.002 0.001 0.001 0.000 0.000 0.001 0.002 0.006 0.011 0.019 0.034 0.077 0.159 0.312 0.582 0.944 1.315 1.711 2.128 2.649 4.490 6.872 9.573 12.070 14.160 15.763 16.628 16.942 16.981 16.787 16.358 15.960 15.970 16.006 15.978 15.773 15.505 15.470 15.666 16.350 17.755 19.405
0.000 0.000 0.000 0.000 0.000 0.000 0.000 0.000 0.000 0.000 0.000 0.000 0.000 0.000 0.000 0.000 0.000 0.000 0.000 0.001 0.003 0.006 0.008 0.009 0.010 0.010 0.011 0.011 0.011 0.011 0.010 0.010 0.009 0.007 0.005 0.004 0.003 0.002 0.002 0.001 0.002 0.006 0.014 0.025 0.047 0.117 0.238 0.425 0.695 1.012 1.305 1.882 2.340 2.682 3.044 3.744 5.816 8.682 11.392 13.648 15.144 15.987 16.494 16.583 16.539 16.620 16.658 16.651 16.611 16.465 16.195 15.879 16.039 16.735 17.651 18.835 20.153
0.000 0.000 0.000 0.000 0.000 0.000 0.000 0.000 0.000 0.000 0.000 0.000 0.000 0.000 0.000 0.000 0.000 0.000 0.001 0.004 0.007 0.011 0.014 0.017 0.018 0.019 0.020 0.020 0.020 0.020 0.019 0.018 0.017 0.014 0.010 0.007 0.005 0.004 0.004 0.004 0.006 0.014 0.029 0.055 0.148 0.326 0.558 0.816 1.068 1.284 1.762 2.352 2.765 3.081 3.316 3.590 4.571 7.415 10.412 12.796 14.276 15.147 15.679 15.984 16.350 16.603 16.850 16.716 16.688 16.562 16.290 16.075 16.093 16.806 17.625 18.641 19.817
0.000 0.000 0.000 0.000 0.000 0.000 0.000 0.000 0.000 0.000 0.000 0.000 0.000 0.000 0.000 0.000 0.000 0.001 0.003 0.007 0.012 0.019 0.024 0.028 0.030 0.032 0.032 0.033 0.033 0.032 0.032 0.030 0.027 0.022 0.016 0.011 0.008 0.007 0.006 0.006 0.011 0.026 0.057 0.150 0.383 0.685 0.936 1.121 1.280 1.579 2.147 2.632 2.999 3.301 3.495 3.646 4.079 6.734 9.666 11.973 13.477 14.302 14.880 15.380 15.912 16.266 16.456 16.422 16.284 16.043 15.651 15.315 15.288 15.647 16.567 17.646 19.011
0.000 0.000 0.000 0.000 0.000 0.000 0.000 0.000 0.000 0.000 0.000 0.000 0.000 0.000 0.000 0.000 0.000 0.002 0.006 0.011 0.020 0.029 0.037 0.042 0.045 0.048 0.049 0.049 0.049 0.049 0.048 0.045 0.041 0.034 0.024 0.017 0.013 0.011 0.010 0.011 0.018 0.045 0.111 0.351 0.746 1.047 1.203 1.307 1.506 2.028 2.452 2.797 3.098 3.383 3.611 3.723 3.923 6.211 9.076 11.206 12.580 13.477 14.085 14.634 15.125 15.346 15.389 15.235 14.952 14.552 14.029 13.790 13.761 14.099 15.000 16.287 17.802
0.000 0.000 0.000 0.000 0.000 0.000 0.000 0.000 0.000 0.000 0.000 0.000 0.000 0.000 0.000 0.000 0.000 0.002 0.007 0.015 0.028 0.042 0.053 0.060 0.065 0.068 0.069 0.070 0.070 0.070 0.068 0.065 0.059 0.050 0.036 0.025 0.019 0.017 0.016 0.018 0.028 0.072 0.209 0.608 1.066 1.291 1.375 1.492 1.985 2.353 2.626 2.858 3.107 3.364 3.620 3.706 3.784 5.767 8.233 10.109 11.411 12.365 12.943 13.399 13.681 13.705 13.570 13.314 12.882 12.255 11.776 11.500 11.478 11.999 13.095 14.680 16.400
0.000 0.000 0.000 0.000 0.000 0.000 0.000 0.000 0.000 0.000 0.000 0.000 0.000 0.000 0.000 0.000 0.000 0.002 0.007 0.016 0.032 0.055 0.073 0.083 0.090 0.094 0.096 0.096 0.096 0.096 0.094 0.090 0.083 0.070 0.054 0.040 0.030 0.025 0.024 0.026 0.042 0.109 0.280 0.780 1.278 1.455 1.500 1.895 2.238 2.487 2.666 2.845 3.079 3.323 3.550 3.612 3.606 5.276 7.318 8.837 10.030 10.722 11.192 11.537 11.685 11.635 11.407 11.041 10.467 9.763 9.318 9.254 9.558 10.378 11.692 13.253 14.946
0.000 0.000 0.000 0.000 0.000 0.000 0.000 0.000 0.000 0.000 0.000 0.000 0.000 0.000 0.000 0.000 0.000 0.002 0.006 0.014 0.031 0.061 0.094 0.112 0.120 0.126 0.129 0.129 0.129 0.129 0.127 0.121 0.112 0.097 0.083 0.063 0.045 0.037 0.035 0.044 0.066 0.155 0.403 0.874 1.405 1.570 1.819 2.095 2.315 2.487 2.631 2.790 3.009 3.245 3.420 3.437 3.359 4.448 6.418 7.650 8.480 8.783 9.008 9.226 9.339 9.304 9.096 8.747 8.250 7.741 7.484 7.555 8.065 9.043 10.331 11.758 13.324
0.000 0.000 0.000 0.000 0.000 0.000 0.000 0.000 0.000 0.000 0.000 0.000 0.000 0.000 0.000 0.000 0.000 0.001 0.003 0.009 0.024 0.057 0.105 0.140 0.156 0.164 0.169 0.170 0.171 0.170 0.167 0.161 0.149 0.142 0.129 0.104 0.071 0.060 0.070 0.097 0.146 0.234 0.502 0.949 1.448 1.831 2.025 2.156 2.290 2.419 2.556 2.674 2.857 3.061 3.186 3.130 2.966 3.646 5.347 6.511 7.083 7.131 7.038 6.990 6.975 6.930 6.842 6.649 6.330 6.075 6.008 6.171 6.782 7.756 8.958 10.258 11.614
0.000 0.000 0.000 0.000 0.000 0.000 0.000 0.000 0.000 0.000 0.000 0.000 0.000 0.000 0.000 0.000 0.000 0.000 0.001 0.003 0.013 0.043 0.100 0.159 0.194 0.210 0.217 0.220 0.221 0.220 0.217 0.217 0.218 0.216 0.202 0.170 0.118 0.122 0.151 0.211 0.308 0.485 0.823 1.307 1.758 1.982 2.078 2.143 2.218 2.310 2.372 2.397 2.530 2.662 2.729 2.652 2.503 2.796 4.009 5.221 5.694 5.656 5.464 5.248 5.097 5.008 4.943 4.833 4.672 4.592 4.649 4.951 5.562 6.447 7.469 8.553 9.661
0.000 0.000 0.000 0.000 0.000 0.000 0.000 0.000 0.000 0.000 0.000 0.000 0.000 0.000 0.000 0.000 0.000 0.000 0.000 0.001 0.005 0.026 0.083 0.164 0.222 0.257 0.273 0.279 0.282 0.281 0.309 0.330 0.335 0.333 0.315 0.273 0.228 0.256 0.324 0.441 0.625 0.961 1.391 1.706 1.878 1.979 2.046 2.101 2.127 2.112 2.025 1.972 1.989 2.036 2.074 2.073 2.239 2.444 2.763 3.739 4.236 4.295 4.163 3.959 3.763 3.611 3.484 3.355 3.267 3.247 3.348 3.700 4.363 5.028 5.845 6.748 7.793
0.000 0.000 0.000 0.000 0.000 0.000 0.000 0.000 0.000 0.000 0.000 0.000 0.000 0.000 0.000 0.000 0.000 0.000 0.000 0.000 0.002 0.012 0.057 0.146 0.233 0.294 0.332 0.348 0.356 0.395 0.487 0.533 0.542 0.535 0.500 0.429 0.465 0.543 0.685 0.892 1.165 1.507 1.762 1.862 1.890 1.924 1.984 1.999 1.932 1.833 1.638 1.510 1.484 1.529 1.626 1.775 1.950 2.128 2.334 2.537 2.956 3.124 3.104 2.995 2.838 2.645 2.429 2.227 2.123 2.095 2.138 2.341 2.764 3.379 4.143 5.104 6.171
0.000 0.000 0.000 0.000 0.000 0.000 0.000 0.000 0.000 0.000 0.000 0.000 0.000 0.000 0.000 0.000 0.000 0.000 0.000 0.000 0.001 0.005 0.030 0.107 0.217 0.310 0.384 0.430 0.453 0.557 0.782 0.893 0.905 0.881 0.805 0.835 0.934 1.101 1.315 1.508 1.671 1.828 1.899 1.893 1.886 1.875 1.839 1.751 1.727 1.567 1.267 1.092 1.005 1.038 1.172 1.401 1.616 1.814 1.977 2.075 2.109 2.179 2.234 2.185 2.080 1.904 1.653 1.402 1.260 1.202 1.185 1.232 1.423 1.831 2.477 3.561 4.532
0.000 0.000 0.000 0.000 0.000 0.000 0.000 0.000 0.000 0.000 0.000 0.000 0.000 0.000 0.000 0.000 0.000 0.000 0.000 0.000 0.000 0.002 0.013 0.062 0.169 0.297 0.414 0.515 0.582 0.689 0.978 1.294 1.380 1.344 1.274 1.349 1.502 1.671 1.808 1.901 1.949 1.965 1.934 1.909 1.860 1.763 1.608 1.503 1.442 1.207 0.930 0.693 0.552 0.540 0.661 0.938 1.241 1.482 1.636 1.697 1.697 1.664 1.610 1.537 1.458 1.355 1.197 0.975 0.762 0.604 0.556 0.539 0.591 0.793 1.226 2.246 2.863
0.000 0.000 0.000 0.000 0.000 0.000 0.000 0.000 0.000 0.000 0.000 0.000 0.000 0.000 0.000 0.000 0.000 0.000 0.000 0.000 0.000 0.001 0.004 0.028 0.107 0.248 0.406 0.569 0.715 0.828 1.053 1.410 1.648 1.700 1.657 1.634 1.787 1.912 2.017 2.066 2.067 2.017 1.970 1.889 1.759 1.575 1.367 1.194 1.069 0.924 0.776 0.566 0.341 0.256 0.288 0.467 0.789 1.085 1.273 1.347 1.343 1.303 1.250 1.176 1.086 0.975 0.831 0.657 0.481 0.340 0.239 0.214 0.214 0.273 0.439 0.758 0.915
0.000 0.000 0.000 0.000 0.000 0.000 0.000 0.000 0.000 0.000 0.000 0.000 0.000 0.000 0.000 0.000 0.000 0.000 0.000 0.000 0.001 0.004 0.009 0.019 0.051 0.166 0.353 0.574 0.800 0.976 1.102 1.292 1.643 1.801 1.824 1.810 1.859 1.992 2.091 2.117 2.100 2.063 1.964 1.811 1.600 1.376 1.192 1.053 0.934 0.816 0.677 0.467 0.263 0.150 0.135 0.188 0.365 0.624 0.850 0.968 0.995 0.970 0.925 0.855 0.754 0.640 0.522 0.402 0.282 0.183 0.117 0.088 0.085 0.095 0.137 0.203 0.222
0.000 0.000 0.000 0.000 0.000 0.000 0.000 0.000 0.000 0.000 0.000 0.000 0.000 0.000 0.000 0.000 0.000 0.000 0.000 0.001 0.004 0.011 0.023 0.046 0.087 0.162 0.287 0.493 0.804 1.061 1.193 1.266 1.417 1.691 1.813 1.831 1.930 2.022 2.091 2.115 2.112 2.056 1.910 1.670 1.437 1.249 1.083 0.952 0.843 0.734 0.580 0.361 0.190 0.121 0.096 0.095 0.141 0.259 0.417 0.535 0.590 0.600 0.580 0.530 0.446 0.352 0.272 0.204 0.140 0.089 0.057 0.042 0.039 0.041 0.050 0.060 0.061
0.000 0.000 0.000 0.000 0.000 0.000 0.000 0.000 0.000 0.000 0.000 0.000 0.000 0.000 0.000 0.000 0.000 0.000 0.001 0.004 0.012 0.028 0.057 0.106 0.188 0.324 0.526 0.769 0.990 1.133 1.240 1.290 1.388 1.483 1.690 1.865 1.969 2.028 2.057 2.088 2.079 2.007 1.818 1.526 1.307 1.149 1.013 0.896 0.787 0.655 0.467 0.263 0.180 0.126 0.092 0.075 0.074 0.100 0.155 0.206 0.234 0.243 0.237 0.217 0.179 0.138 0.105 0.080 0.059 0.041 0.029 0.023 0.021 0.022 0.024 0.026 0.026
0.000 0.000 0.000 0.000 0.000 0.000 0.000 0.000 0.000 0.000 0.000 0.000 0.000 0.000 0.000 0.000 0.000 0.001 0.004 0.012 0.031 0.070 0.136 0.238 0.395 0.634 0.899 1.105 1.222 1.266 1.272 1.283 1.324 1.522 1.782 1.913 1.983 2.023 2.038 2.043 2.015 1.910 1.678 1.387 1.198 1.058 0.946 0.845 0.727 0.565 0.352 0.231 0.192 0.140 0.099 0.073 0.059 0.055 0.062 0.071 0.077 0.078 0.075 0.069 0.058 0.047 0.039 0.032 0.026 0.021 0.017 0.015 0.014 0.014 0.014 0.015 0.015
0.000 0.000 0.000 0.000 0.000 0.000 0.000 0.000 0.000 0.000 0.000 0.000 0.000 0.000 0.000 0.000 0.001 0.003 0.010 0.031 0.078 0.168 0.313 0.517 0.794 1.093 1.287 1.364 1.374 1.328 1.290 1.265 1.252 1.625 1.849 1.952 1.993 2.004 2.019 2.007 1.942 1.779 1.504 1.263 1.105 0.984 0.886 0.785 0.650 0.459 0.253 0.234 0.200 0.151 0.107 0.076 0.055 0.042 0.036 0.032 0.031 0.030 0.029 0.027 0.024 0.021 0.018 0.016 0.014 0.012 0.011 0.010 0.009 0.009 0.009 0.010 0.009
0.000 0.000 0.000 0.000 0.000 0.000 0.000 0.000 0.000 0.000 0.000 0.000 0.000 0.000 0.000 0.000 0.001 0.007 0.024 0.071 0.179 0.382 0.688 1.019 1.308 1.486 1.548 1.529 1.447 1.382 1.285 1.171 1.338 1.712 1.895 1.965 1.988 1.997 1.987 1.942 1.836 1.633 1.360 1.163 1.022 0.921 0.835 0.724 0.565 0.346 0.256 0.237 0.202 0.153 0.108 0.075 0.051 0.034 0.024 0.019 0.016 0.015 0.015 0.014 0.013 0.012 0.011 0.010 0.009 0.008 0.007 0.006 0.006 0.006 0.006 0.006 0.006
0.000 0.000 0.000 0.000 0.000 0.000 0.000 0.000 0.000 0.000 0.000 0.000 0.000 0.000 0.000 0.001 0.004 0.014 0.047 0.137 0.345 0.729 1.185 1.495 1.659 1.713 1.691 1.612 1.518 1.376 1.181 1.072 1.472 1.786 1.930 1.972 1.978 1.982 1.956 1.875 1.718 1.496 1.255 1.073 0.955 0.869 0.781 0.653 0.460 0.251 0.247 0.229 0.195 0.145 0.099 0.065 0.041 0.024 0.014 0.010 0.008 0.008 0.008 0.008 0.007 0.007 0.006 0.006 0.005 0.005 0.004 0.004 0.003 0.003 0.003 0.003 0.003
0.000 0.000 0.000 0.000 0.000 0.000 0.000 0.000 0.000 0.000 0.000 0.000 0.000 0.000 0.000 0.002 0.008 0.027 0.086 0.240 0.576 1.123 1.557 1.765 1.825 1.807 1.755 1.663 1.501 1.256 0.961 1.175 1.609 1.854 1.946 1.965 1.970 1.958 1.907 1.787 1.611 1.397 1.176 1.000 0.903 0.825 0.721 0.564 0.350 0.206 0.201 0.186 0.157 0.113 0.070 0.040 0.021 0.011 0.006 0.004 0.004 0.004 0.004 0.004 0.004 0.004 0.003 0.003 0.003 0.002 0.002 0.002 0.002 0.002 0.002 0.002 0.002
0.000 0.000 0.000 0.000 0.000 0.000 0.000 0.000 0.000 0.000 0.000 0.000 0.000 0.000 0.001 0.004 0.014 0.049 0.146 0.379 0.853 1.433 1.755 1.870 1.873 1.846 1.770 1.609 1.330 0.978 1.002 1.303 1.711 1.917 1.970 1.967 1.956 1.915 1.828 1.688 1.507 1.298 1.093 0.963 0.879 0.792 0.664 0.471 0.265 0.141 0.133 0.117 0.089 0.056 0.030 0.015 0.007 0.003 0.002 0.002 0.002 0.002 0.002 0.002 0.002 0.002 0.002 0.002 0.001 0.001 0.001 0.001 0.001 0.001 0.001 0.001 0.000
0.000 0.000 0.000 0.000 0.000 0.000 0.000 0.000 0.000 0.000 0.000 0.000 0.000 0.000 0.001 0.007 0.026 0.082 0.225 0.545 1.122 1.617 1.826 1.879 1.885 1.840 1.686 1.383 1.021 0.925 1.075 1.454 1.781 1.941 1.980 1.978 1.947 1.870 1.746 1.589 1.408 1.197 1.030 0.945 0.870 0.762 0.598 0.383 0.201 0.088 0.054 0.045 0.032 0.018 0.009 0.004 0.002 0.001 0.001 0.001 0.001 0.001 0.001 0.001 0.001 0.001 0.001 0.000 0.000 0.000 0.000 0.000 0.000 0.000 0.000 0.000 0.000
0.000 0.000 0.000 0.000 0.000 0.000 0.000 0.000 0.000 0.000 0.000 0.000 0.000 0.000 0.003 0.012 0.042 0.124 0.319 0.720 1.322 1.708 1.832 1.859 1.860 1.768 1.505 1.113 0.923 0.910 1.165 1.569 1.829 1.937 1.968 1.971 1.922 1.815 1.662 1.488 1.301 1.102 0.998 0.933 0.855 0.731 0.534 0.310 0.150 0.060 0.020 0.011 0.007 0.004 0.002 0.001 0.001 0.000 0.000 0.000 0.000 0.000 0.000 0.000 0.000 0.000 0.000 0.000 0.000 0.000 0.000 0.000 0.000 0.000 0.000 0.000 0.000
0.000 0.000 0.000 0.000 0.000 0.000 0.000 0.000 0.000 0.000 0.000 0.000 0.000 0.001 0.004 0.018 0.061 0.176 0.431 0.894 1.451 1.738 1.817 1.834 1.804 1.636 1.265 0.952 0.865 0.926 1.250 1.634 1.856 1.923 1.946 1.944 1.885 1.756 1.587 1.396 1.170 1.038 0.981 0.931 0.840 0.686 0.465 0.252 0.114 0.042 0.013 0.003 0.002 0.001 0.000 0.000 0.000 0.000 0.000 0.000 0.000 0.000 0.000 0.000 0.000 0.000 0.000 0.000 0.000 0.000 0.000 0.000 0.000 0.000 0.000 0.000 0.000
0.000 0.000 0.000 0.000 0.000 0.000 0.000 0.000 0.000 0.000 0.000 0.000 0.000 0.001 0.006 0.024 0.084 0.234 0.550 1.069 1.524 1.724 1.783 1.799 1.718 1.450 1.058 0.860 0.823 0.952 1.338 1.692 1.881 1.934 1.930 1.905 1.821 1.687 1.511 1.289 1.080 1.005 0.974 0.924 0.817 0.638 0.397 0.201 0.084 0.028 0.008 0.002 0.000 0.000 0.000 0.000 0.000 0.000 0.000 0.000 0.000 0.000 0.000 0.000 0.000 0.000 0.000 0.000 0.000 0.000 0.000 0.000 0.000 0.000 0.000 0.000 0.000
0.000 0.000 0.000 0.000 0.000 0.000 0.000 0.000 0.000 0.000 0.000 0.000 0.000 0.001 0.008 0.032 0.107 0.296 0.681 1.214 1.564 1.692 1.739 1.733 1.583 1.221 0.919 0.802 0.787 0.981 1.394 1.744 1.900 1.933 1.929 1.868 1.751 1.598 1.404 1.153 1.019 0.987 0.965 0.910 0.784 0.579 0.333 0.156 0.059 0.018 0.004 0.001 0.000 0.000 0.000 0.000 0.000 0.000 0.000 0.000 0.000 0.000 0.000 0.000 0.000 0.000 0.000 0.000 0.000 0.000 0.000 0.000 0.000 0.000 0.000 0.000 0.000
0.000 0.000 0.000 0.000 0.000 0.000 0.000 0.000 0.000 0.000 0.000 0.000 0.000 0.002 0.009 0.038 0.129 0.363 0.821 1.319 1.573 1.644 1.679 1.628 1.392 1.018 0.814 0.753 0.763 1.018 1.439 1.773 1.919 1.942 1.927 1.848 1.704 1.505 1.265 1.045 0.977 0.971 0.953 0.885 0.744 0.517 0.274 0.119 0.041 0.011 0.002 0.000 0.000 0.000 0.000 0.000 0.000 0.000 0.000 0.000 0.000 0.000 0.000 0.000 0.000 0.000 0.000 0.000 0.000 0.000 0.000 0.000 0.000 0.000 0.000 0.000 0.000
0.000 0.000 0.000 0.000 0.000 0.000 0.000 0.000 0.000 0.000 0.000 0.000 0.000 0.002 0.010 0.045 0.151 0.428 0.962 1.411 1.585 1.610 1.616 1.504 1.183 0.871 0.734 0.700 0.746 1.055 1.508 1.813 1.929 1.941 1.926 1.829 1.648 1.413 1.157 0.999 0.970 0.966 0.942 0.856 0.690 0.448 0.218 0.086 0.026 0.006 0.001 0.000 0.000 0.000 0.000 0.000 0.000 0.000 0.000 0.000 0.000 0.000 0.000 0.000 0.000 0.000 0.000 0.000 0.000 0.000 0.000 0.000 0.000 0.000 0.000 0.000 0.000
