RESULTS/r.avaflow_results/31_results/31_ascii/31_vfront.asc
ncols 506
nrows 317
xllcenter 498237.50
yllcenter 5580050.00
cellsize 12.50
NODATA_value -9999.000
[rows 156 to 181 of 317, columns 120 to 179 of 506]
-9999.000 -9999.000 -9999.000 -9999.000 -9999.000 -9999.000 -9999.000 -9999.000 -9999.000 -9999.000 -9999.000 -9999.000 -9999.000 -9999.000 -9999.000 -9999.000 -9999.000 -9999.000 -9999.000 -9999.000 -9999.000 -9999.000 -9999.000 -9999.000 -9999.000 -9999.000 -9999.000 -9999.000 -9999.000 -9999.000 -9999.000 -9999.000 -9999.000 -9999.000 -9999.000 -9999.000 -9999.000 -9999.000 -9999.000 -9999.000 -9999.000 -9999.000 -9999.000 -9999.000 -9999.000 -9999.000 -9999.000 -9999.000 -9999.000 -9999.000 -9999.000 -9999.000 -9999.000 -9999.000 -9999.000 -9999.000 -9999.000 -9999.000 -9999.000 -9999.000
-9999.000 -9999.000 -9999.000 -9999.000 -9999.000 -9999.000 -9999.000 -9999.000 -9999.000 -9999.000 -9999.000 -9999.000 -9999.000 -9999.000 -9999.000 -9999.000 -9999.000 -9999.000 -9999.000 -9999.000 -9999.000 -9999.000 -9999.000 -9999.000 -9999.000 -9999.000 -9999.000 -9999.000 -9999.000 -9999.000 -9999.000 -9999.000 -9999.000 -9999.000 -9999.000 -9999.000 -9999.000 -9999.000 -9999.000 -9999.000 -9999.000 -9999.000 -9999.000 -9999.000 -9999.000 -9999.000 -9999.000 -9999.000 -9999.000 -9999.000 -9999.000 -9999.000 -9999.000 -9999.000 -9999.000 -9999.000 -9999.000 -9999.000 -9999.000 -9999.000
-9999.000 -9999.000 -9999.000 -9999.000 -9999.000 -9999.000 -9999.000 -9999.000 -9999.000 -9999.000 -9999.000 -9999.000 -9999.000 -9999.000 -9999.000 -9999.000 -9999.000 -9999.000 -9999.000 -9999.000 -9999.000 -9999.000 -9999.000 -9999.000 -9999.000 -9999.000 -9999.000 -9999.000 -9999.000 -9999.000 -9999.000 -9999.000 -9999.000 -9999.000 -9999.000 -9999.000 -9999.000 -9999.000 -9999.000 -9999.000 -9999.000 -9999.000 -9999.000 -9999.000 -9999.000 -9999.000 -9999.000 -9999.000 -9999.000 -9999.000 -9999.000 -9999.000 -9999.000 -9999.000 -9999.000 -9999.000 -9999.000 -9999.000 -9999.000 -9999.000
-9999.000 -9999.000 -9999.000 -9999.000 -9999.000 -9999.000 -9999.000 -9999.000 -9999.000 -9999.000 -9999.000 -9999.000 -9999.000 -9999.000 -9999.000 -9999.000 -9999.000 -9999.000 -9999.000 -9999.000 -9999.000 -9999.000 -9999.000 -9999.000 -9999.000 -9999.000 -9999.000 -9999.000 -9999.000 -9999.000 -9999.000 -9999.000 -9999.000 -9999.000 -9999.000 -9999.000 -9999.000 -9999.000 -9999.000 -9999.000 -9999.000 -9999.000 -9999.000 -9999.000 -9999.000 -9999.000 -9999.000 -9999.000 -9999.000 -9999.000 -9999.000 -9999.000 -9999.000 -9999.000 -9999.000 -9999.000 -9999.000 -9999.000 -9999.000 -9999.000
-9999.000 -9999.000 -9999.000 -9999.000 -9999.000 -9999.000 -9999.000 -9999.000 -9999.000 -9999.000 -9999.000 -9999.000 -9999.000 -9999.000 -9999.000 -9999.000 -9999.000 -9999.000 -9999.000 -9999.000 -9999.000 3.213 4.803 -9999.000 -9999.000 -9999.000 -9999.000 -9999.000 -9999.000 -9999.000 -9999.000 -9999.000 -9999.000 -9999.000 -9999.000 -9999.000 -9999.000 -9999.000 -9999.000 -9999.000 -9999.000 -9999.000 -9999.000 -9999.000 -9999.000 -9999.000 -9999.000 -9999.000 -9999.000 -9999.000 -9999.000 -9999.000 -9999.000 -9999.000 -9999.000 -9999.000 -9999.000 -9999.000 -9999.000 -9999.000
-9999.000 -9999.000 -9999.000 -9999.000 -9999.000 -9999.000 -9999.000 -9999.000 -9999.000 -9999.000 -9999.000 -9999.000 -9999.000 -9999.000 -9999.000 -9999.000 -9999.000 -9999.000 -9999.000 -9999.000 1.491 1.026 2.967 3.866 1.688 0.879 1.000 0.949 6.418 -9999.000 -9999.000 -9999.000 -9999.000 -9999.000 -9999.000 -9999.000 -9999.000 -9999.000 -9999.000 -9999.000 -9999.000 -9999.000 -9999.000 -9999.000 -9999.000 -9999.000 -9999.000 -9999.000 -9999.000 -9999.000 -9999.000 -9999.000 -9999.000 -9999.000 -9999.000 -9999.000 -9999.000 -9999.000 -9999.000 -9999.000
-9999.000 -9999.000 -9999.000 -9999.000 -9999.000 -9999.000 -9999.000 -9999.000 -9999.000 -9999.000 -9999.000 -9999.000 -9999.000 -9999.000 -9999.000 -9999.000 -9999.000 -9999.000 -9999.000 4.706 2.028 0.937 0.692 0.513 0.415 0.597 0.706 0.802 0.981 0.785 1.715 5.340 -9999.000 -9999.000 -9999.000 -9999.000 -9999.000 -9999.000 -9999.000 -9999.000 -9999.000 -9999.000 -9999.000 -9999.000 -9999.000 -9999.000 -9999.000 -9999.000 -9999.000 -9999.000 -9999.000 -9999.000 -9999.000 -9999.000 -9999.000 -9999.000 -9999.000 -9999.000 -9999.000 -9999.000
-9999.000 -9999.000 -9999.000 -9999.000 -9999.000 -9999.000 -9999.000 -9999.000 -9999.000 -9999.000 -9999.000 -9999.000 -9999.000 -9999.000 -9999.000 -9999.000 -9999.000 -9999.000 -9999.000 2.435 0.703 0.334 0.294 0.172 0.211 0.239 0.191 0.199 0.431 0.671 0.617 0.544 2.515 4.257 -9999.000 -9999.000 -9999.000 -9999.000 -9999.000 -9999.000 -9999.000 -9999.000 -9999.000 -9999.000 -9999.000 -9999.000 -9999.000 -9999.000 -9999.000 -9999.000 -9999.000 -9999.000 -9999.000 -9999.000 -9999.000 -9999.000 -9999.000 -9999.000 -9999.000 -9999.000
-9999.000 -9999.000 -9999.000 -9999.000 -9999.000 -9999.000 -9999.000 -9999.000 -9999.000 -9999.000 -9999.000 -9999.000 -9999.000 -9999.000 -9999.000 -9999.000 -9999.000 -9999.000 3.045 0.610 0.113 0.229 0.217 0.078 0.067 0.044 0.038 0.046 0.159 0.310 0.353 0.464 0.420 1.573 2.845 2.749 2.924 -9999.000 -9999.000 -9999.000 -9999.000 -9999.000 -9999.000 -9999.000 -9999.000 -9999.000 -9999.000 -9999.000 -9999.000 -9999.000 -9999.000 -9999.000 -9999.000 -9999.000 -9999.000 -9999.000 -9999.000 -9999.000 -9999.000 -9999.000
-9999.000 -9999.000 -9999.000 -9999.000 -9999.000 -9999.000 -9999.000 -9999.000 -9999.000 -9999.000 -9999.000 -9999.000 -9999.000 -9999.000 -9999.000 -9999.000 -9999.000 2.853 0.883 0.174 0.155 0.120 0.059 0.073 0.066 0.050 0.066 0.121 0.187 0.200 0.233 0.242 0.212 0.233 0.629 1.012 1.382 1.583 1.964 2.498 3.287 -9999.000 -9999.000 -9999.000 -9999.000 -9999.000 -9999.000 -9999.000 -9999.000 -9999.000 -9999.000 -9999.000 -9999.000 -9999.000 -9999.000 -9999.000 -9999.000 -9999.000 -9999.000 -9999.000
-9999.000 -9999.000 -9999.000 -9999.000 -9999.000 -9999.000 -9999.000 -9999.000 -9999.000 -9999.000 -9999.000 -9999.000 -9999.000 -9999.000 -9999.000 5.215 1.635 0.294 0.064 0.102 0.088 0.069 0.109 0.125 0.095 0.087 0.130 0.206 0.255 0.203 0.127 0.066 0.064 0.066 0.047 0.161 0.375 0.845 1.231 1.248 1.494 1.592 1.979 2.242 2.406 2.480 2.433 2.212 2.113 2.469 2.775 3.141 -9999.000 -9999.000 -9999.000 -9999.000 -9999.000 -9999.000 -9999.000 -9999.000
-9999.000 -9999.000 -9999.000 -9999.000 -9999.000 -9999.000 -9999.000 -9999.000 -9999.000 -9999.000 -9999.000 -9999.000 -9999.000 -9999.000 3.004 0.528 0.251 0.121 0.072 0.099 0.113 0.125 0.165 0.145 0.109 0.122 0.180 0.238 0.195 0.074 0.046 0.088 0.083 0.072 0.073 0.114 0.080 0.006 0.090 0.196 0.015 0.027 0.113 0.326 0.376 0.391 0.427 0.534 0.813 0.854 1.079 1.349 1.446 1.365 1.536 -9999.000 -9999.000 -9999.000 -9999.000 -9999.000
-9999.000 -9999.000 -9999.000 -9999.000 -9999.000 -9999.000 -9999.000 -9999.000 -9999.000 -9999.000 -9999.000 -9999.000 7.141 2.807 0.411 0.120 0.069 0.052 0.101 0.122 0.127 0.186 0.184 0.133 0.102 0.139 0.199 0.196 0.058 0.074 0.120 0.134 0.125 0.113 0.124 0.130 0.086 0.084 0.079 0.130 0.211 0.199 0.193 0.198 0.203 0.172 0.165 0.182 0.135 0.103 0.128 0.160 0.312 0.338 0.286 0.769 1.469 -9999.000 -9999.000 -9999.000
-9999.000 -9999.000 -9999.000 -9999.000 -9999.000 -9999.000 -9999.000 -9999.000 -9999.000 -9999.000 -9999.000 6.510 2.243 0.298 0.063 0.049 0.041 0.057 0.101 0.138 0.198 0.214 0.163 0.101 0.094 0.153 0.169 0.047 0.121 0.162 0.175 0.172 0.148 0.130 0.136 0.103 0.071 0.084 0.124 0.152 0.095 0.087 0.086 0.092 0.133 0.161 0.152 0.108 0.052 0.042 0.089 0.079 0.058 0.091 0.057 0.315 0.874 1.102 1.936 -9999.000
-9999.000 -9999.000 -9999.000 -9999.000 -9999.000 -9999.000 -9999.000 -9999.000 -9999.000 7.455 4.409 1.232 0.252 0.263 0.086 0.018 0.055 0.113 0.154 0.197 0.225 0.172 0.113 0.081 0.101 0.111 0.042 0.142 0.190 0.197 0.190 0.153 0.121 0.107 0.097 0.081 0.066 0.057 0.063 0.024 0.037 0.041 0.043 0.041 0.014 0.016 0.026 0.041 0.053 0.049 0.057 0.034 0.022 0.051 0.054 0.042 0.102 0.691 0.951 2.066
-9999.000 -9999.000 -9999.000 -9999.000 -9999.000 -9999.000 -9999.000 -9999.000 5.663 6.199 2.403 0.237 0.199 0.222 0.125 0.108 0.130 0.165 0.203 0.204 0.151 0.089 0.068 0.055 0.038 0.047 0.146 0.192 0.178 0.125 0.061 0.040 0.037 0.048 0.056 0.041 0.016 0.008 0.029 0.045 0.049 0.052 0.052 0.051 0.057 0.056 0.050 0.040 0.036 0.032 0.026 0.022 0.031 0.028 0.029 0.017 0.076 0.127 0.301 0.792
-9999.000 -9999.000 -9999.000 -9999.000 -9999.000 -9999.000 -9999.000 4.771 7.168 3.634 1.487 0.134 0.101 0.135 0.165 0.123 0.142 0.169 0.171 0.124 0.072 0.058 0.028 0.031 0.085 0.141 0.149 0.101 0.020 0.068 0.096 0.087 0.096 0.100 0.055 0.026 0.065 0.082 0.089 0.081 0.069 0.057 0.046 0.040 0.036 0.028 0.018 0.015 0.026 0.031 0.028 0.024 0.023 0.019 0.019 0.036 0.013 0.086 0.113 0.104
-9999.000 -9999.000 -9999.000 -9999.000 -9999.000 5.275 4.184 9.150 6.371 2.650 0.543 0.050 0.054 0.104 0.083 0.089 0.111 0.138 0.120 0.079 0.045 0.018 0.082 0.127 0.119 0.077 0.001 0.068 0.097 0.068 0.042 0.112 0.137 0.080 0.090 0.142 0.142 0.111 0.078 0.051 0.032 0.018 0.008 0.004 0.002 0.006 0.005 0.012 0.028 0.036 0.030 0.023 0.023 0.022 0.021 0.023 0.029 0.054 0.083 0.071
-9999.000 -9999.000 -9999.000 -9999.000 2.466 2.854 11.646 8.821 4.408 1.324 0.361 0.124 0.105 0.100 0.077 0.058 0.085 0.097 0.074 0.031 0.020 0.083 0.098 0.035 0.039 0.085 0.103 0.099 0.082 0.073 0.100 0.100 0.087 0.146 0.174 0.163 0.136 0.118 0.099 0.070 0.047 0.036 0.027 0.025 0.031 0.042 0.048 0.057 0.065 0.059 0.039 0.027 0.026 0.027 0.033 0.046 0.060 0.063 0.059 0.054
-9999.000 -9999.000 4.364 0.996 1.370 13.842 11.368 8.599 2.648 0.424 0.181 0.156 0.065 0.064 0.065 0.025 0.055 0.071 0.067 0.036 0.061 0.054 0.040 0.114 0.123 0.120 0.112 0.107 0.104 0.117 0.127 0.158 0.177 0.154 0.111 0.077 0.070 0.087 0.091 0.092 0.107 0.117 0.121 0.127 0.138 0.153 0.140 0.124 0.109 0.091 0.074 0.065 0.065 0.073 0.083 0.095 0.111 0.124 0.116 0.099
-9999.000 2.091 0.286 0.311 15.346 13.858 12.165 8.750 1.861 0.077 0.438 0.412 0.128 0.135 0.120 0.059 0.081 0.097 0.061 0.004 0.025 0.056 0.127 0.118 0.097 0.097 0.112 0.117 0.113 0.122 0.115 0.100 0.087 0.067 0.044 0.021 0.021 0.021 0.036 0.043 0.103 0.120 0.133 0.147 0.158 0.161 0.128 0.115 0.116 0.115 0.119 0.133 0.147 0.157 0.155 0.153 0.157 0.148 0.117 0.097
1.596 0.206 0.351 17.023 15.889 14.392 12.682 10.058 3.062 0.496 0.520 0.631 0.373 0.159 0.068 0.081 0.109 0.132 0.087 0.064 0.076 0.130 0.126 0.080 0.067 0.079 0.097 0.079 0.058 0.066 0.072 0.057 0.047 0.041 0.023 0.001 0.010 0.016 0.020 0.078 0.085 0.070 0.076 0.092 0.103 0.096 0.087 0.101 0.130 0.135 0.141 0.155 0.164 0.164 0.155 0.148 0.142 0.120 0.099 0.091
0.767 0.713 18.504 17.944 16.396 15.464 13.905 11.299 4.302 1.000 0.132 0.586 0.417 0.168 0.056 0.108 0.166 0.161 0.100 0.076 0.078 0.088 0.057 0.035 0.045 0.068 0.062 0.031 0.078 0.112 0.111 0.072 0.046 0.029 0.004 0.019 0.026 0.040 0.084 0.106 0.078 0.077 0.094 0.125 0.107 0.069 0.081 0.124 0.143 0.139 0.134 0.123 0.112 0.113 0.121 0.129 0.124 0.098 0.097 0.101
2.082 20.159 20.055 18.291 17.180 16.038 15.186 12.629 6.804 1.625 0.372 0.415 0.397 0.160 0.055 0.148 0.186 0.130 0.043 0.017 0.027 0.042 0.035 0.032 0.033 0.037 0.028 0.105 0.123 0.127 0.078 0.024 0.013 0.017 0.041 0.059 0.068 0.074 0.085 0.054 0.026 0.041 0.081 0.060 0.044 0.073 0.021 0.078 0.040 0.021 0.018 0.010 0.037 0.074 0.091 0.096 0.095 0.080 0.094 0.124
21.522 21.556 19.848 18.602 17.967 17.196 16.531 14.379 11.818 4.092 0.887 0.273 0.327 0.141 0.090 0.150 0.145 0.079 0.031 0.017 0.040 0.050 0.041 0.021 0.010 0.036 0.090 0.117 0.110 0.081 0.022 0.031 0.039 0.055 0.074 0.073 0.057 0.031 0.014 0.048 0.066 0.067 0.048 0.113 0.149 0.081 0.075 0.022 0.081 0.085 0.070 0.075 0.105 0.102 0.075 0.068 0.059 0.067 0.173 0.198
22.725 21.874 20.179 19.113 18.630 18.235 17.857 16.911 13.076 8.527 1.678 0.297 0.292 0.116 0.096 0.097 0.117 0.078 0.049 0.046 0.043 0.034 0.025 0.033 0.042 0.050 0.082 0.088 0.077 0.017 0.036 0.043 0.050 0.066 0.060 0.023 0.021 0.040 0.045 0.034 0.037 0.065 0.010 0.074 0.041 0.153 0.142 0.071 0.069 0.083 0.125 0.162 0.162 0.112 0.069 0.042 0.067 0.237 0.232 0.861
