RESULTS/r.avaflow_results/23_results/23_ascii/23_hflow0028.asc
ncols 506
nrows 317
xllcenter 498237.50
yllcenter 5580050.00
cellsize 12.50
NODATA_value -9999.000
[rows 170 to 203 of 317, columns 77 to 153 of 506]
0.000 0.000 0.000 0.000 0.000 0.000 0.000 0.000 0.000 0.000 0.000 0.000 0.001 0.003 0.005 0.009 0.013 0.017 0.022 0.028 0.035 0.051 0.088 0.168 0.309 0.491 0.645 0.779 0.914 1.053 1.201 1.367 1.554 1.771 2.014 2.222 2.359 2.433 2.455 2.444 2.367 2.222 2.199 2.460 3.158 4.173 5.155 6.102 7.081 8.123 9.260 10.535 11.798 12.820 13.415 13.588 13.653 13.769 14.003 14.344 14.721 15.179 15.664 16.183 16.763 17.318 17.604 17.560 17.158 16.508 15.809 15.196 14.659 14.140 13.637 13.204 12.858
0.000 0.000 0.000 0.000 0.000 0.000 0.000 0.000 0.000 0.000 0.001 0.002 0.005 0.010 0.016 0.025 0.034 0.045 0.058 0.073 0.095 0.134 0.209 0.337 0.522 0.716 0.874 1.023 1.172 1.325 1.488 1.667 1.867 2.095 2.362 2.629 2.835 2.962 3.014 3.016 2.962 2.881 2.977 3.497 4.536 5.821 6.928 7.976 9.014 10.045 11.071 12.073 12.921 13.493 13.738 13.811 13.889 14.026 14.257 14.573 14.927 15.360 15.825 16.326 16.873 17.307 17.404 17.159 16.661 16.134 15.688 15.339 15.074 14.876 14.777 14.774 14.881
0.000 0.000 0.000 0.000 0.000 0.000 0.000 0.000 0.000 0.001 0.003 0.007 0.014 0.024 0.037 0.053 0.071 0.092 0.119 0.153 0.200 0.276 0.399 0.573 0.775 0.958 1.123 1.284 1.447 1.614 1.790 1.982 2.194 2.431 2.700 2.997 3.276 3.498 3.633 3.693 3.713 3.740 4.027 4.831 6.142 7.454 8.549 9.605 10.618 11.553 12.393 13.052 13.500 13.700 13.770 13.832 13.938 14.095 14.311 14.603 14.962 15.379 15.816 16.273 16.747 17.003 16.935 16.619 16.230 15.923 15.712 15.586 15.575 15.648 15.825 16.178 16.798
0.000 0.000 0.000 0.000 0.000 0.000 0.000 0.000 0.001 0.004 0.008 0.016 0.028 0.045 0.065 0.089 0.119 0.156 0.203 0.264 0.347 0.467 0.635 0.840 1.039 1.218 1.391 1.563 1.736 1.915 2.102 2.302 2.518 2.762 3.033 3.338 3.667 3.976 4.237 4.444 4.623 4.833 5.352 6.319 7.637 8.832 9.897 10.897 11.816 12.591 13.203 13.577 13.729 13.739 13.750 13.800 13.909 14.066 14.268 14.546 14.891 15.270 15.650 16.022 16.348 16.444 16.322 16.065 15.848 15.750 15.712 15.744 15.859 16.067 16.429 17.059 18.068
0.000 0.000 0.000 0.000 0.000 0.000 0.000 0.000 0.002 0.006 0.013 0.025 0.042 0.065 0.095 0.132 0.177 0.232 0.303 0.395 0.517 0.678 0.881 1.106 1.307 1.494 1.675 1.857 2.037 2.221 2.412 2.615 2.835 3.077 3.349 3.665 4.017 4.394 4.760 5.110 5.463 5.894 6.613 7.638 8.859 9.961 10.960 11.841 12.595 13.167 13.554 13.728 13.765 13.733 13.685 13.709 13.813 13.958 14.144 14.404 14.705 15.016 15.313 15.562 15.732 15.759 15.674 15.523 15.449 15.522 15.611 15.739 15.930 16.233 16.741 17.547 18.729
0.000 0.000 0.000 0.000 0.000 0.000 0.000 0.000 0.002 0.008 0.016 0.030 0.050 0.079 0.119 0.171 0.237 0.317 0.415 0.539 0.698 0.897 1.133 1.372 1.585 1.783 1.974 2.163 2.349 2.533 2.722 2.923 3.139 3.376 3.646 3.969 4.342 4.758 5.191 5.641 6.114 6.710 7.602 8.717 9.841 10.837 11.687 12.391 12.968 13.372 13.605 13.704 13.732 13.681 13.574 13.540 13.615 13.737 13.906 14.131 14.367 14.591 14.770 14.886 14.958 14.992 14.977 14.923 14.952 15.126 15.308 15.514 15.800 16.211 16.822 17.709 18.912
0.000 0.000 0.000 0.000 0.000 0.000 0.000 0.000 0.002 0.008 0.017 0.032 0.055 0.088 0.136 0.201 0.286 0.396 0.531 0.694 0.893 1.131 1.399 1.653 1.879 2.089 2.288 2.480 2.667 2.852 3.038 3.229 3.431 3.659 3.925 4.246 4.626 5.056 5.529 6.041 6.602 7.335 8.397 9.602 10.624 11.460 12.109 12.644 13.077 13.380 13.550 13.613 13.621 13.555 13.414 13.302 13.313 13.403 13.563 13.745 13.917 14.052 14.117 14.136 14.125 14.117 14.109 14.111 14.192 14.410 14.638 14.917 15.283 15.786 16.502 17.454 18.653
0.000 0.000 0.000 0.000 0.000 0.000 0.000 0.000 0.002 0.008 0.017 0.032 0.056 0.093 0.145 0.219 0.322 0.459 0.637 0.853 1.105 1.392 1.689 1.959 2.199 2.415 2.618 2.810 2.995 3.177 3.358 3.536 3.721 3.931 4.182 4.484 4.849 5.278 5.779 6.338 6.969 7.823 9.049 10.296 11.212 11.847 12.322 12.735 13.072 13.315 13.434 13.464 13.454 13.372 13.208 13.033 12.984 13.050 13.175 13.311 13.434 13.491 13.470 13.409 13.306 13.189 13.056 12.985 13.024 13.231 13.476 13.795 14.214 14.779 15.569 16.589 17.815
0.000 0.000 0.000 0.000 0.000 0.000 0.000 0.000 0.002 0.007 0.016 0.031 0.055 0.093 0.148 0.227 0.340 0.500 0.721 1.008 1.345 1.690 2.014 2.301 2.551 2.773 2.974 3.161 3.338 3.509 3.677 3.843 4.011 4.196 4.413 4.675 5.000 5.414 5.932 6.552 7.272 8.223 9.557 10.794 11.593 12.055 12.422 12.751 13.035 13.202 13.264 13.275 13.239 13.137 12.958 12.740 12.647 12.669 12.751 12.844 12.896 12.880 12.786 12.628 12.431 12.203 11.950 11.728 11.616 11.684 11.874 12.180 12.619 13.241 14.096 15.192 16.488
0.000 0.000 0.000 0.000 0.000 0.000 0.000 0.000 0.002 0.006 0.013 0.027 0.051 0.089 0.146 0.227 0.345 0.518 0.770 1.125 1.582 2.026 2.382 2.687 2.948 3.171 3.365 3.539 3.703 3.857 4.006 4.153 4.298 4.449 4.624 4.828 5.093 5.483 6.008 6.677 7.497 8.529 9.873 11.083 11.796 12.148 12.443 12.707 12.904 13.014 13.049 13.047 12.996 12.875 12.677 12.428 12.293 12.271 12.293 12.311 12.282 12.177 12.002 11.756 11.472 11.144 10.805 10.493 10.294 10.242 10.327 10.558 10.957 11.559 12.394 13.489 14.834
0.000 0.000 0.000 0.000 0.000 0.000 0.000 0.000 0.001 0.003 0.008 0.018 0.038 0.074 0.130 0.214 0.336 0.514 0.779 1.173 1.729 2.347 2.798 3.131 3.400 3.620 3.802 3.959 4.101 4.233 4.357 4.475 4.586 4.700 4.830 4.968 5.155 5.509 6.033 6.736 7.632 8.731 10.017 11.151 11.879 12.183 12.396 12.585 12.714 12.777 12.790 12.775 12.707 12.571 12.364 12.091 11.904 11.815 11.765 11.700 11.575 11.371 11.102 10.766 10.388 9.981 9.590 9.260 9.046 8.960 9.005 9.200 9.564 10.104 10.830 11.768 12.972
0.000 0.000 0.000 0.000 0.000 0.000 0.000 0.000 0.000 0.001 0.003 0.008 0.020 0.044 0.091 0.167 0.284 0.460 0.729 1.143 1.749 2.545 3.197 3.614 3.911 4.134 4.304 4.439 4.552 4.651 4.739 4.813 4.884 4.962 5.050 5.125 5.230 5.519 6.021 6.745 7.683 8.868 10.107 11.127 11.866 12.158 12.282 12.390 12.474 12.508 12.491 12.454 12.380 12.240 12.018 11.723 11.473 11.296 11.149 10.989 10.767 10.462 10.079 9.631 9.142 8.682 8.294 8.012 7.846 7.789 7.847 8.035 8.359 8.821 9.425 10.192 11.169
0.000 0.000 0.000 0.000 0.000 0.000 0.000 0.000 0.000 0.000 0.001 0.003 0.007 0.017 0.039 0.086 0.169 0.310 0.551 0.962 1.624 2.575 3.477 4.043 4.404 4.664 4.848 4.975 5.061 5.117 5.153 5.176 5.200 5.231 5.275 5.311 5.355 5.551 6.002 6.721 7.685 8.929 10.123 11.051 11.737 12.040 12.083 12.129 12.158 12.162 12.124 12.076 11.977 11.826 11.600 11.299 10.982 10.701 10.449 10.191 9.874 9.456 8.937 8.352 7.795 7.347 7.015 6.801 6.699 6.701 6.798 6.993 7.288 7.673 8.161 8.775 9.554
0.000 0.000 0.000 0.000 0.000 0.000 0.000 0.000 0.000 0.000 0.000 0.001 0.002 0.005 0.012 0.028 0.063 0.132 0.280 0.610 1.277 2.380 3.589 4.358 4.806 5.114 5.324 5.459 5.541 5.576 5.583 5.576 5.554 5.543 5.554 5.561 5.563 5.655 6.023 6.696 7.659 8.945 10.107 10.889 11.427 11.721 11.779 11.783 11.769 11.737 11.679 11.598 11.465 11.290 11.069 10.775 10.421 10.041 9.676 9.307 8.879 8.354 7.746 7.139 6.626 6.222 5.933 5.759 5.691 5.721 5.836 6.029 6.293 6.615 7.018 7.521 8.158
0.000 0.000 0.000 0.000 0.000 0.000 0.000 0.000 0.000 0.000 0.000 0.000 0.001 0.001 0.003 0.008 0.018 0.045 0.113 0.308 0.836 1.953 3.465 4.510 5.081 5.439 5.694 5.858 5.944 5.980 5.984 5.971 5.942 5.908 5.890 5.879 5.864 5.884 6.116 6.698 7.624 8.895 9.990 10.635 11.031 11.249 11.347 11.367 11.328 11.264 11.138 10.975 10.798 10.595 10.376 10.089 9.747 9.322 8.865 8.380 7.854 7.278 6.676 6.121 5.654 5.283 5.018 4.862 4.810 4.849 4.960 5.129 5.351 5.627 5.975 6.408 6.951
0.000 0.000 0.000 0.000 0.000 0.000 0.000 0.000 0.000 0.000 0.000 0.000 0.000 0.001 0.001 0.002 0.006 0.018 0.053 0.167 0.534 1.488 3.107 4.462 5.217 5.655 5.945 6.141 6.260 6.314 6.325 6.317 6.295 6.276 6.266 6.269 6.259 6.263 6.394 6.818 7.597 8.714 9.690 10.245 10.555 10.712 10.798 10.830 10.783 10.676 10.466 10.174 9.910 9.695 9.483 9.230 8.929 8.521 8.029 7.475 6.894 6.310 5.747 5.244 4.819 4.479 4.229 4.077 4.024 4.057 4.151 4.281 4.454 4.690 5.003 5.397 5.868
0.000 0.000 0.000 0.000 0.000 0.000 0.000 0.000 0.000 0.000 0.000 0.000 0.000 0.000 0.001 0.001 0.004 0.012 0.037 0.117 0.376 1.111 2.570 4.198 5.205 5.756 6.099 6.326 6.484 6.567 6.591 6.589 6.578 6.571 6.575 6.597 6.616 6.666 6.793 7.082 7.633 8.474 9.260 9.738 10.001 10.112 10.150 10.153 10.103 9.951 9.634 9.172 8.753 8.524 8.368 8.194 7.960 7.614 7.143 6.570 5.977 5.425 4.915 4.463 4.078 3.766 3.532 3.379 3.312 3.324 3.389 3.479 3.605 3.797 4.086 4.467 4.844
0.000 0.000 0.000 0.000 0.000 0.000 0.000 0.000 0.000 0.000 0.000 0.000 0.000 0.000 0.000 0.001 0.003 0.011 0.034 0.104 0.303 0.847 2.002 3.672 5.013 5.764 6.160 6.418 6.606 6.723 6.774 6.785 6.785 6.790 6.802 6.825 6.860 6.931 7.048 7.268 7.655 8.255 8.834 9.199 9.392 9.459 9.468 9.429 9.310 9.093 8.729 8.181 7.588 7.223 7.054 6.954 6.824 6.573 6.159 5.621 5.066 4.580 4.145 3.748 3.398 3.111 2.892 2.743 2.660 2.637 2.661 2.714 2.794 2.939 3.191 3.488 3.662
0.000 0.000 0.000 0.000 0.000 0.000 0.000 0.000 0.000 0.000 0.000 0.000 0.000 0.000 0.000 0.001 0.003 0.011 0.035 0.102 0.274 0.683 1.538 2.977 4.581 5.627 6.158 6.449 6.662 6.806 6.885 6.916 6.926 6.934 6.944 6.967 7.011 7.076 7.173 7.346 7.640 8.072 8.458 8.709 8.828 8.867 8.850 8.764 8.611 8.348 7.959 7.392 6.717 6.186 5.877 5.693 5.544 5.359 5.041 4.594 4.135 3.745 3.402 3.070 2.753 2.486 2.283 2.140 2.046 1.986 1.961 1.968 1.996 2.055 2.137 2.182 2.111
0.000 0.000 0.000 0.000 0.000 0.000 0.000 0.000 0.000 0.000 0.000 0.000 0.000 0.000 0.000 0.001 0.003 0.011 0.036 0.102 0.259 0.590 1.233 2.352 3.958 5.292 6.043 6.432 6.672 6.831 6.926 6.979 7.004 7.015 7.027 7.045 7.084 7.133 7.213 7.368 7.594 7.882 8.111 8.263 8.316 8.325 8.288 8.165 7.985 7.701 7.293 6.740 6.066 5.439 4.982 4.668 4.403 4.144 3.850 3.502 3.174 2.891 2.630 2.365 2.099 1.863 1.681 1.549 1.445 1.355 1.280 1.219 1.159 1.097 1.024 0.934 0.831
0.000 0.000 0.000 0.000 0.000 0.000 0.000 0.000 0.000 0.000 0.000 0.000 0.000 0.000 0.001 0.001 0.003 0.011 0.035 0.099 0.246 0.536 1.054 1.939 3.341 4.812 5.755 6.289 6.616 6.820 6.938 7.000 7.034 7.048 7.058 7.074 7.099 7.140 7.215 7.357 7.519 7.673 7.779 7.843 7.849 7.838 7.783 7.636 7.428 7.127 6.713 6.176 5.527 4.875 4.334 3.896 3.513 3.159 2.821 2.497 2.211 1.953 1.714 1.496 1.301 1.128 0.988 0.883 0.799 0.723 0.647 0.570 0.492 0.417 0.346 0.284 0.237
0.000 0.000 0.000 0.000 0.000 0.000 0.000 0.000 0.000 0.000 0.000 0.000 0.001 0.001 0.001 0.002 0.003 0.010 0.031 0.089 0.227 0.499 0.961 1.700 2.853 4.266 5.305 5.979 6.435 6.730 6.912 7.000 7.033 7.054 7.064 7.077 7.088 7.121 7.193 7.303 7.380 7.430 7.438 7.438 7.416 7.387 7.301 7.142 6.922 6.611 6.196 5.666 5.023 4.372 3.806 3.309 2.853 2.432 2.050 1.711 1.414 1.146 0.911 0.720 0.575 0.470 0.398 0.345 0.303 0.262 0.220 0.177 0.137 0.106 0.084 0.069 0.060
0.000 0.000 0.000 0.000 0.000 0.000 0.000 0.000 0.000 0.001 0.001 0.001 0.002 0.002 0.002 0.002 0.003 0.007 0.022 0.069 0.199 0.468 0.917 1.586 2.536 3.730 4.754 5.530 6.105 6.518 6.792 6.952 7.008 7.026 7.032 7.032 7.043 7.063 7.113 7.167 7.177 7.149 7.083 7.039 6.994 6.936 6.832 6.676 6.451 6.137 5.716 5.180 4.536 3.880 3.312 2.807 2.343 1.909 1.512 1.157 0.850 0.595 0.398 0.260 0.173 0.126 0.100 0.084 0.070 0.058 0.047 0.038 0.031 0.028 0.025 0.023 0.022
0.000 0.000 0.000 0.000 0.000 0.000 0.001 0.001 0.001 0.001 0.002 0.002 0.002 0.002 0.002 0.002 0.003 0.004 0.011 0.043 0.157 0.431 0.892 1.528 2.332 3.283 4.196 4.983 5.640 6.160 6.528 6.770 6.890 6.921 6.931 6.923 6.933 6.946 6.957 6.948 6.910 6.813 6.699 6.627 6.565 6.487 6.372 6.208 5.988 5.675 5.250 4.714 4.063 3.402 2.840 2.344 1.896 1.480 1.097 0.758 0.480 0.276 0.146 0.074 0.040 0.027 0.021 0.018 0.015 0.014 0.014 0.015 0.016 0.017 0.017 0.017 0.017
0.000 0.000 0.000 0.001 0.001 0.001 0.001 0.001 0.002 0.002 0.002 0.002 0.002 0.002 0.002 0.002 0.002 0.003 0.005 0.022 0.107 0.375 0.860 1.483 2.158 2.897 3.660 4.398 5.077 5.661 6.120 6.440 6.632 6.702 6.737 6.730 6.734 6.733 6.718 6.664 6.573 6.419 6.283 6.194 6.114 6.026 5.917 5.758 5.534 5.226 4.799 4.253 3.596 2.937 2.380 1.898 1.468 1.075 0.728 0.445 0.240 0.112 0.047 0.021 0.013 0.010 0.009 0.009 0.009 0.009 0.011 0.013 0.015 0.016 0.016 0.016 0.016
0.001 0.001 0.001 0.001 0.002 0.002 0.002 0.002 0.002 0.002 0.002 0.002 0.002 0.002 0.002 0.002 0.002 0.002 0.005 0.016 0.069 0.290 0.774 1.405 1.966 2.522 3.125 3.779 4.449 5.067 5.584 5.974 6.234 6.361 6.425 6.431 6.436 6.426 6.390 6.304 6.173 5.985 5.833 5.723 5.638 5.554 5.448 5.303 5.091 4.785 4.356 3.800 3.134 2.477 1.922 1.448 1.030 0.674 0.399 0.209 0.093 0.036 0.015 0.010 0.009 0.008 0.008 0.008 0.008 0.009 0.011 0.013 0.015 0.016 0.017 0.017 0.016
0.001 0.001 0.002 0.002 0.002 0.002 0.003 0.003 0.003 0.003 0.003 0.002 0.002 0.002 0.002 0.002 0.002 0.003 0.006 0.020 0.061 0.196 0.574 1.172 1.688 2.116 2.581 3.125 3.745 4.386 4.956 5.409 5.740 5.930 6.016 6.045 6.056 6.046 5.996 5.889 5.723 5.510 5.337 5.208 5.113 5.035 4.951 4.827 4.627 4.322 3.887 3.320 2.644 1.984 1.415 0.943 0.583 0.330 0.163 0.068 0.026 0.012 0.009 0.008 0.008 0.008 0.008 0.008 0.008 0.010 0.012 0.015 0.017 0.018 0.018 0.018 0.017
0.002 0.002 0.002 0.003 0.003 0.003 0.003 0.003 0.003 0.003 0.002 0.002 0.002 0.002 0.002 0.002 0.002 0.003 0.011 0.040 0.085 0.137 0.294 0.689 1.203 1.624 2.009 2.455 2.995 3.615 4.238 4.760 5.165 5.425 5.561 5.613 5.624 5.612 5.551 5.421 5.229 4.991 4.793 4.641 4.538 4.459 4.374 4.247 4.029 3.690 3.223 2.635 1.956 1.320 0.817 0.468 0.247 0.115 0.046 0.017 0.009 0.008 0.008 0.008 0.008 0.008 0.008 0.008 0.009 0.011 0.014 0.017 0.018 0.019 0.020 0.019 0.019
0.003 0.003 0.003 0.003 0.004 0.004 0.004 0.003 0.003 0.003 0.002 0.002 0.002 0.002 0.002 0.002 0.002 0.006 0.021 0.065 0.109 0.123 0.142 0.255 0.557 0.965 1.370 1.773 2.236 2.792 3.429 4.049 4.551 4.898 5.091 5.160 5.169 5.147 5.067 4.917 4.705 4.450 4.223 4.034 3.898 3.783 3.644 3.441 3.137 2.713 2.181 1.599 1.049 0.625 0.339 0.166 0.073 0.028 0.011 0.006 0.007 0.007 0.008 0.008 0.008 0.008 0.008 0.008 0.010 0.012 0.016 0.019 0.021 0.022 0.022 0.021 0.020
0.005 0.005 0.004 0.005 0.005 0.005 0.004 0.003 0.003 0.003 0.002 0.002 0.002 0.002 0.002 0.002 0.004 0.011 0.036 0.082 0.110 0.115 0.103 0.096 0.170 0.376 0.685 1.048 1.465 1.963 2.569 3.273 3.894 4.334 4.594 4.697 4.703 4.656 4.541 4.371 4.156 3.909 3.652 3.387 3.118 2.862 2.587 2.259 1.889 1.492 1.082 0.705 0.410 0.211 0.097 0.041 0.016 0.007 0.004 0.005 0.007 0.008 0.008 0.008 0.008 0.008 0.008 0.009 0.011 0.014 0.018 0.022 0.024 0.025 0.025 0.023 0.021
0.008 0.007 0.006 0.006 0.006 0.005 0.004 0.003 0.003 0.003 0.002 0.002 0.002 0.002 0.003 0.003 0.007 0.019 0.052 0.088 0.100 0.099 0.087 0.071 0.067 0.103 0.216 0.412 0.685 1.059 1.577 2.277 2.950 3.422 3.715 3.864 3.915 3.893 3.799 3.643 3.457 3.233 2.919 2.462 1.934 1.504 1.200 0.978 0.788 0.599 0.402 0.233 0.117 0.052 0.022 0.009 0.004 0.003 0.003 0.005 0.007 0.008 0.008 0.008 0.008 0.008 0.009 0.010 0.013 0.017 0.022 0.025 0.027 0.027 0.026 0.024 0.022
0.013 0.010 0.009 0.007 0.006 0.005 0.004 0.003 0.003 0.003 0.003 0.003 0.003 0.003 0.004 0.006 0.011 0.027 0.061 0.083 0.087 0.085 0.073 0.062 0.057 0.055 0.063 0.101 0.186 0.330 0.557 0.901 1.292 1.602 1.831 2.008 2.159 2.270 2.310 2.266 2.160 1.962 1.612 1.107 0.669 0.422 0.307 0.250 0.206 0.161 0.106 0.058 0.027 0.011 0.004 0.002 0.002 0.002 0.004 0.006 0.007 0.008 0.009 0.009 0.009 0.009 0.010 0.012 0.015 0.021 0.026 0.028 0.029 0.029 0.027 0.023 0.021
0.016 0.013 0.010 0.008 0.006 0.005 0.004 0.003 0.003 0.003 0.003 0.004 0.004 0.005 0.006 0.008 0.014 0.033 0.064 0.077 0.079 0.075 0.064 0.057 0.054 0.052 0.052 0.053 0.059 0.080 0.124 0.204 0.295 0.361 0.416 0.471 0.542 0.639 0.703 0.715 0.689 0.608 0.458 0.256 0.124 0.067 0.048 0.042 0.037 0.032 0.022 0.011 0.005 0.003 0.002 0.002 0.002 0.002 0.004 0.006 0.008 0.009 0.009 0.009 0.009 0.010 0.011 0.014 0.019 0.025 0.029 0.031 0.031 0.029 0.026 0.021 0.019
0.018 0.014 0.011 0.008 0.006 0.005 0.004 0.004 0.004 0.004 0.004 0.004 0.005 0.005 0.006 0.008 0.016 0.038 0.063 0.072 0.072 0.066 0.058 0.054 0.052 0.051 0.051 0.052 0.055 0.063 0.081 0.112 0.132 0.138 0.136 0.120 0.100 0.106 0.117 0.119 0.121 0.116 0.098 0.071 0.053 0.035 0.021 0.013 0.010 0.008 0.006 0.003 0.002 0.002 0.001 0.001 0.002 0.003 0.004 0.007 0.008 0.009 0.009 0.010 0.010 0.011 0.013 0.017 0.024 0.029 0.031 0.031 0.031 0.028 0.022 0.017 0.018
