RESULTS/r.avaflow_results/23_results/23_ascii/23_hflow10019.asc
ncols 506
nrows 317
xllcenter 498237.50
yllcenter 5580050.00
cellsize 12.50
NODATA_value -9999.000
[rows 170 to 203 of 317, columns 77 to 153 of 506]
0.000 0.000 0.000 0.000 0.000 0.000 0.000 0.000 0.000 0.000 0.000 0.000 0.000 0.001 0.002 0.005 0.008 0.012 0.017 0.025 0.039 0.068 0.135 0.268 0.480 0.681 0.814 0.919 1.023 1.130 1.243 1.364 1.497 1.642 1.808 2.002 2.229 2.500 2.824 3.199 3.574 3.898 4.167 4.430 4.764 5.213 5.738 6.340 7.033 7.864 8.856 10.037 11.328 12.382 13.001 13.162 13.211 13.271 13.335 13.350 13.336 13.273 13.119 12.830 12.392 11.761 10.948 9.965 8.828 7.637 6.566 5.617 4.772 4.034 3.399 2.867 2.436
0.000 0.000 0.000 0.000 0.000 0.000 0.000 0.000 0.000 0.000 0.000 0.001 0.002 0.004 0.008 0.014 0.022 0.032 0.047 0.068 0.104 0.174 0.306 0.521 0.772 0.954 1.079 1.193 1.308 1.428 1.554 1.690 1.834 1.992 2.173 2.384 2.636 2.939 3.303 3.722 4.176 4.636 5.079 5.525 6.059 6.713 7.406 8.122 8.893 9.747 10.646 11.595 12.476 13.091 13.376 13.460 13.551 13.648 13.714 13.730 13.722 13.649 13.474 13.168 12.702 12.044 11.208 10.185 9.015 7.867 6.883 6.024 5.268 4.605 4.010 3.484 3.028
0.000 0.000 0.000 0.000 0.000 0.000 0.000 0.000 0.000 0.000 0.000 0.002 0.005 0.011 0.019 0.030 0.046 0.068 0.100 0.148 0.222 0.348 0.546 0.805 1.036 1.205 1.345 1.476 1.607 1.739 1.875 2.016 2.164 2.326 2.511 2.731 3.001 3.334 3.737 4.217 4.768 5.380 6.018 6.675 7.395 8.164 8.921 9.691 10.478 11.290 12.021 12.658 13.119 13.374 13.495 13.585 13.711 13.818 13.881 13.902 13.895 13.828 13.644 13.321 12.841 12.173 11.329 10.287 9.117 8.019 7.101 6.316 5.645 5.066 4.551 4.106 3.698
0.000 0.000 0.000 0.000 0.000 0.000 0.000 0.000 0.000 0.000 0.001 0.004 0.010 0.018 0.031 0.050 0.076 0.113 0.166 0.241 0.350 0.510 0.734 1.006 1.247 1.444 1.614 1.762 1.902 2.039 2.178 2.319 2.466 2.627 2.815 3.041 3.325 3.683 4.122 4.666 5.316 6.066 6.872 7.704 8.570 9.408 10.201 10.977 11.689 12.386 12.915 13.290 13.456 13.522 13.562 13.616 13.736 13.853 13.923 13.946 13.939 13.874 13.694 13.374 12.896 12.230 11.374 10.324 9.157 8.101 7.224 6.489 5.885 5.380 4.945 4.589 4.256
0.000 0.000 0.000 0.000 0.000 0.000 0.000 0.000 0.000 0.000 0.002 0.006 0.013 0.024 0.041 0.064 0.099 0.147 0.215 0.310 0.442 0.624 0.864 1.159 1.443 1.681 1.879 2.048 2.193 2.330 2.466 2.606 2.746 2.903 3.087 3.317 3.612 3.985 4.462 5.062 5.798 6.672 7.636 8.603 9.544 10.415 11.212 11.935 12.522 13.039 13.374 13.563 13.595 13.599 13.585 13.616 13.718 13.848 13.921 13.943 13.933 13.860 13.684 13.365 12.880 12.215 11.366 10.327 9.160 8.118 7.260 6.560 6.007 5.569 5.215 4.925 4.663
0.000 0.000 0.000 0.000 0.000 0.000 0.000 0.000 0.000 0.000 0.002 0.007 0.015 0.027 0.047 0.075 0.116 0.174 0.254 0.365 0.515 0.717 0.981 1.306 1.639 1.917 2.144 2.331 2.484 2.619 2.749 2.882 3.015 3.160 3.332 3.560 3.868 4.253 4.759 5.401 6.207 7.178 8.291 9.342 10.310 11.191 11.935 12.543 13.010 13.363 13.558 13.649 13.655 13.626 13.579 13.583 13.640 13.771 13.847 13.872 13.863 13.792 13.611 13.290 12.807 12.153 11.321 10.295 9.136 8.106 7.256 6.571 6.043 5.649 5.359 5.123 4.922
0.000 0.000 0.000 0.000 0.000 0.000 0.000 0.000 0.000 0.000 0.002 0.007 0.016 0.029 0.050 0.081 0.127 0.193 0.286 0.413 0.584 0.809 1.099 1.458 1.837 2.155 2.410 2.613 2.776 2.912 3.035 3.153 3.272 3.403 3.567 3.788 4.094 4.490 5.014 5.688 6.544 7.608 8.835 9.922 10.889 11.738 12.390 12.901 13.273 13.509 13.614 13.657 13.662 13.618 13.541 13.489 13.486 13.588 13.683 13.714 13.705 13.621 13.424 13.088 12.605 11.961 11.142 10.129 9.004 8.017 7.197 6.536 6.029 5.656 5.399 5.214 5.072
0.000 0.000 0.000 0.000 0.000 0.000 0.000 0.000 0.000 0.000 0.002 0.007 0.016 0.029 0.051 0.083 0.132 0.205 0.311 0.456 0.650 0.902 1.223 1.621 2.045 2.398 2.679 2.899 3.070 3.205 3.319 3.422 3.525 3.644 3.798 4.007 4.297 4.693 5.228 5.932 6.836 7.982 9.274 10.371 11.303 12.092 12.681 13.102 13.381 13.566 13.655 13.666 13.643 13.577 13.458 13.339 13.290 13.330 13.407 13.429 13.413 13.307 13.082 12.731 12.230 11.576 10.759 9.767 8.710 7.794 7.034 6.427 5.963 5.625 5.392 5.236 5.136
0.000 0.000 0.000 0.000 0.000 0.000 0.000 0.000 0.000 0.000 0.002 0.007 0.015 0.029 0.051 0.083 0.133 0.210 0.327 0.493 0.715 1.000 1.360 1.803 2.270 2.657 2.960 3.193 3.367 3.498 3.603 3.695 3.785 3.888 4.023 4.208 4.474 4.863 5.408 6.139 7.091 8.288 9.617 10.708 11.584 12.289 12.825 13.180 13.416 13.563 13.630 13.637 13.593 13.490 13.310 13.112 13.006 12.997 13.012 13.002 12.948 12.797 12.533 12.137 11.605 10.928 10.117 9.171 8.221 7.408 6.738 6.210 5.813 5.533 5.346 5.223 5.155
0.000 0.000 0.000 0.000 0.000 0.000 0.000 0.000 0.000 0.000 0.002 0.006 0.014 0.027 0.048 0.081 0.132 0.210 0.332 0.519 0.779 1.109 1.515 2.012 2.521 2.938 3.260 3.500 3.675 3.801 3.897 3.978 4.056 4.137 4.242 4.396 4.636 5.009 5.552 6.304 7.286 8.531 9.872 10.947 11.766 12.389 12.870 13.203 13.411 13.536 13.580 13.574 13.501 13.346 13.095 12.811 12.630 12.552 12.500 12.418 12.287 12.063 11.728 11.264 10.679 9.970 9.170 8.317 7.521 6.845 6.298 5.877 5.576 5.372 5.243 5.171 5.136
0.000 0.000 0.000 0.000 0.000 0.000 0.000 0.000 0.000 0.000 0.001 0.004 0.010 0.022 0.041 0.072 0.121 0.198 0.323 0.522 0.821 1.222 1.701 2.258 2.801 3.243 3.583 3.830 4.006 4.129 4.213 4.278 4.334 4.394 4.472 4.586 4.783 5.130 5.665 6.426 7.443 8.721 10.030 11.077 11.863 12.434 12.860 13.186 13.365 13.462 13.476 13.442 13.343 13.136 12.815 12.432 12.158 11.985 11.839 11.659 11.421 11.089 10.647 10.095 9.430 8.678 7.921 7.218 6.616 6.115 5.719 5.430 5.239 5.125 5.066 5.045 5.063
0.000 0.000 0.000 0.000 0.000 0.000 0.000 0.000 0.000 0.000 0.000 0.002 0.005 0.012 0.026 0.049 0.090 0.157 0.274 0.480 0.811 1.298 1.910 2.538 3.111 3.581 3.942 4.200 4.377 4.493 4.563 4.602 4.635 4.669 4.716 4.782 4.927 5.232 5.742 6.492 7.537 8.850 10.133 11.149 11.907 12.444 12.811 13.090 13.257 13.320 13.315 13.249 13.108 12.846 12.457 11.974 11.581 11.281 11.008 10.719 10.362 9.896 9.311 8.628 7.873 7.122 6.472 5.950 5.551 5.254 5.034 4.884 4.806 4.776 4.789 4.834 4.913
0.000 0.000 0.000 0.000 0.000 0.000 0.000 0.000 0.000 0.000 0.000 0.001 0.002 0.004 0.010 0.021 0.042 0.083 0.169 0.354 0.714 1.300 2.103 2.846 3.457 3.963 4.348 4.621 4.800 4.904 4.951 4.965 4.965 4.968 4.983 5.012 5.103 5.342 5.811 6.536 7.569 8.899 10.180 11.155 11.892 12.406 12.713 12.922 13.044 13.089 13.048 12.960 12.766 12.447 11.990 11.422 10.896 10.454 10.045 9.622 9.133 8.550 7.886 7.160 6.424 5.772 5.235 4.828 4.544 4.371 4.286 4.256 4.266 4.307 4.384 4.503 4.660
0.000 0.000 0.000 0.000 0.000 0.000 0.000 0.000 0.000 0.000 0.000 0.000 0.001 0.001 0.003 0.006 0.013 0.029 0.071 0.193 0.524 1.193 2.206 3.150 3.843 4.395 4.812 5.102 5.281 5.367 5.390 5.385 5.355 5.318 5.305 5.317 5.362 5.517 5.913 6.589 7.582 8.904 10.192 11.131 11.828 12.280 12.541 12.678 12.717 12.748 12.680 12.535 12.269 11.892 11.379 10.743 10.099 9.523 8.987 8.455 7.897 7.297 6.648 5.952 5.282 4.705 4.240 3.900 3.684 3.574 3.543 3.559 3.623 3.726 3.872 4.069 4.314
0.000 0.000 0.000 0.000 0.000 0.000 0.000 0.000 0.000 0.000 0.000 0.000 0.000 0.001 0.001 0.002 0.004 0.010 0.029 0.100 0.349 1.004 2.153 3.386 4.252 4.882 5.341 5.648 5.825 5.899 5.908 5.888 5.830 5.752 5.718 5.713 5.732 5.816 6.098 6.678 7.596 8.872 10.151 11.048 11.675 12.053 12.263 12.343 12.315 12.287 12.157 11.939 11.593 11.142 10.579 9.898 9.188 8.518 7.917 7.347 6.780 6.203 5.602 4.968 4.373 3.856 3.437 3.134 2.947 2.862 2.844 2.859 2.930 3.070 3.277 3.556 3.901
0.000 0.000 0.000 0.000 0.000 0.000 0.000 0.000 0.000 0.000 0.000 0.000 0.000 0.000 0.000 0.001 0.001 0.004 0.015 0.061 0.244 0.818 1.985 3.494 4.626 5.411 5.939 6.271 6.452 6.524 6.536 6.509 6.425 6.311 6.248 6.229 6.232 6.274 6.449 6.879 7.654 8.796 10.006 10.852 11.407 11.727 11.875 11.911 11.848 11.747 11.482 11.120 10.631 10.108 9.536 8.877 8.180 7.475 6.855 6.294 5.759 5.232 4.700 4.151 3.627 3.163 2.779 2.492 2.309 2.221 2.199 2.210 2.274 2.422 2.669 3.019 3.458
0.000 0.000 0.000 0.000 0.000 0.000 0.000 0.000 0.000 0.000 0.000 0.000 0.000 0.000 0.000 0.000 0.001 0.002 0.009 0.040 0.174 0.645 1.725 3.366 4.854 5.876 6.524 6.906 7.107 7.181 7.186 7.138 7.007 6.851 6.773 6.751 6.753 6.791 6.921 7.221 7.795 8.695 9.758 10.532 11.020 11.278 11.348 11.356 11.269 11.067 10.656 10.071 9.327 8.714 8.192 7.642 7.059 6.406 5.791 5.263 4.793 4.344 3.896 3.442 2.988 2.571 2.217 1.942 1.752 1.642 1.599 1.600 1.651 1.799 2.081 2.491 2.935
0.000 0.000 0.000 0.000 0.000 0.000 0.000 0.000 0.000 0.000 0.000 0.000 0.000 0.000 0.000 0.000 0.001 0.001 0.005 0.024 0.113 0.465 1.393 3.031 4.902 6.221 7.023 7.440 7.635 7.698 7.689 7.609 7.429 7.250 7.156 7.121 7.122 7.157 7.261 7.490 7.921 8.610 9.474 10.115 10.498 10.682 10.708 10.669 10.528 10.223 9.685 8.873 7.850 7.092 6.585 6.172 5.765 5.266 4.698 4.233 3.854 3.501 3.152 2.793 2.407 2.028 1.702 1.440 1.243 1.111 1.036 1.006 1.018 1.110 1.341 1.696 1.944
0.000 0.000 0.000 0.000 0.000 0.000 0.000 0.000 0.000 0.000 0.000 0.000 0.000 0.000 0.000 0.000 0.001 0.001 0.002 0.012 0.060 0.276 0.980 2.481 4.643 6.361 7.359 7.850 8.026 8.054 8.027 7.906 7.691 7.496 7.394 7.359 7.353 7.373 7.452 7.630 7.972 8.508 9.149 9.618 9.883 9.974 9.955 9.853 9.640 9.239 8.578 7.654 6.602 5.764 5.175 4.767 4.410 4.037 3.604 3.235 2.938 2.678 2.428 2.159 1.828 1.469 1.160 0.912 0.730 0.601 0.515 0.462 0.439 0.445 0.511 0.651 0.718
0.000 0.000 0.000 0.000 0.000 0.000 0.000 0.000 0.000 0.000 0.000 0.000 0.000 0.000 0.000 0.001 0.001 0.001 0.002 0.006 0.026 0.124 0.528 1.714 3.958 6.192 7.455 8.035 8.224 8.233 8.188 8.046 7.822 7.625 7.516 7.477 7.475 7.488 7.540 7.681 7.954 8.361 8.778 9.045 9.168 9.189 9.115 8.923 8.623 8.139 7.426 6.488 5.530 4.744 4.118 3.652 3.280 2.937 2.599 2.302 2.042 1.807 1.583 1.339 1.041 0.738 0.517 0.375 0.280 0.211 0.164 0.136 0.123 0.120 0.127 0.155 0.171
0.000 0.000 0.000 0.000 0.000 0.000 0.000 0.000 0.000 0.000 0.000 0.000 0.000 0.001 0.001 0.001 0.001 0.002 0.002 0.005 0.015 0.055 0.223 0.903 2.804 5.508 7.214 7.969 8.236 8.276 8.228 8.086 7.866 7.668 7.555 7.512 7.508 7.517 7.555 7.670 7.876 8.147 8.353 8.449 8.476 8.441 8.315 8.057 7.672 7.112 6.355 5.432 4.587 3.892 3.317 2.833 2.426 2.074 1.762 1.487 1.231 0.977 0.737 0.523 0.339 0.206 0.130 0.090 0.066 0.052 0.045 0.044 0.047 0.052 0.057 0.063 0.065
0.000 0.000 0.000 0.000 0.000 0.000 0.000 0.000 0.000 0.001 0.001 0.001 0.001 0.002 0.002 0.003 0.003 0.003 0.004 0.006 0.016 0.048 0.135 0.423 1.543 4.032 6.327 7.454 7.949 8.126 8.146 8.061 7.863 7.665 7.557 7.511 7.504 7.511 7.542 7.613 7.718 7.826 7.866 7.857 7.835 7.768 7.604 7.302 6.847 6.215 5.400 4.512 3.762 3.148 2.639 2.203 1.814 1.467 1.161 0.894 0.652 0.430 0.251 0.133 0.070 0.044 0.034 0.030 0.028 0.028 0.031 0.036 0.041 0.047 0.051 0.052 0.052
0.000 0.000 0.000 0.000 0.000 0.000 0.001 0.001 0.001 0.001 0.001 0.002 0.002 0.003 0.003 0.004 0.004 0.005 0.006 0.011 0.028 0.075 0.176 0.338 0.774 2.219 4.539 6.286 7.162 7.596 7.789 7.843 7.755 7.599 7.506 7.465 7.456 7.458 7.463 7.461 7.441 7.389 7.327 7.278 7.228 7.150 6.966 6.635 6.127 5.425 4.554 3.722 3.045 2.498 2.050 1.671 1.338 1.038 0.765 0.522 0.316 0.164 0.076 0.041 0.031 0.028 0.026 0.025 0.025 0.027 0.030 0.036 0.042 0.047 0.050 0.051 0.050
0.000 0.000 0.000 0.001 0.001 0.001 0.001 0.001 0.002 0.002 0.002 0.003 0.004 0.004 0.004 0.004 0.004 0.005 0.008 0.019 0.056 0.159 0.337 0.460 0.550 0.996 2.359 4.281 5.729 6.525 7.012 7.296 7.400 7.382 7.351 7.329 7.316 7.305 7.274 7.192 7.037 6.855 6.747 6.700 6.665 6.590 6.402 6.042 5.480 4.707 3.809 3.036 2.417 1.927 1.536 1.214 0.939 0.694 0.472 0.280 0.139 0.062 0.034 0.029 0.028 0.027 0.025 0.025 0.025 0.027 0.031 0.037 0.044 0.049 0.051 0.051 0.049
0.000 0.001 0.001 0.001 0.001 0.002 0.002 0.002 0.002 0.003 0.003 0.004 0.004 0.004 0.004 0.004 0.004 0.006 0.011 0.033 0.103 0.284 0.480 0.546 0.541 0.531 0.903 2.036 3.585 4.844 5.706 6.337 6.737 6.949 7.060 7.091 7.093 7.065 6.982 6.800 6.502 6.206 6.080 6.078 6.095 6.032 5.847 5.469 4.860 4.030 3.137 2.412 1.847 1.411 1.075 0.811 0.591 0.400 0.236 0.115 0.050 0.029 0.027 0.027 0.027 0.026 0.025 0.024 0.025 0.027 0.033 0.039 0.046 0.051 0.052 0.052 0.050
0.001 0.001 0.001 0.002 0.002 0.002 0.003 0.003 0.004 0.004 0.004 0.004 0.004 0.004 0.004 0.004 0.004 0.006 0.017 0.055 0.179 0.398 0.528 0.555 0.518 0.372 0.341 0.686 1.598 2.781 3.911 4.928 5.733 6.263 6.566 6.686 6.705 6.664 6.539 6.267 5.869 5.466 5.283 5.270 5.280 5.220 5.047 4.699 4.125 3.332 2.486 1.813 1.302 0.924 0.651 0.449 0.291 0.167 0.079 0.034 0.023 0.024 0.026 0.027 0.026 0.025 0.024 0.024 0.025 0.029 0.036 0.043 0.049 0.053 0.055 0.055 0.052
0.002 0.002 0.002 0.003 0.003 0.004 0.004 0.004 0.005 0.005 0.004 0.004 0.004 0.004 0.004 0.004 0.004 0.009 0.028 0.097 0.274 0.459 0.524 0.522 0.424 0.254 0.183 0.208 0.476 1.066 1.864 2.858 3.983 4.881 5.398 5.658 5.750 5.729 5.603 5.314 4.892 4.373 3.969 3.705 3.507 3.375 3.278 3.127 2.830 2.327 1.683 1.131 0.737 0.473 0.296 0.177 0.095 0.043 0.020 0.016 0.020 0.024 0.026 0.026 0.026 0.025 0.024 0.024 0.026 0.031 0.040 0.047 0.053 0.057 0.058 0.058 0.055
0.003 0.003 0.003 0.004 0.004 0.005 0.005 0.005 0.005 0.005 0.004 0.004 0.004 0.003 0.003 0.004 0.005 0.014 0.051 0.170 0.355 0.460 0.480 0.415 0.276 0.176 0.141 0.130 0.142 0.255 0.511 0.903 1.475 2.159 2.698 3.031 3.212 3.281 3.262 3.124 2.828 2.322 1.742 1.339 1.115 1.026 1.037 1.092 1.094 0.977 0.726 0.459 0.274 0.156 0.083 0.041 0.018 0.010 0.011 0.015 0.021 0.024 0.025 0.025 0.025 0.024 0.024 0.025 0.028 0.035 0.045 0.053 0.059 0.062 0.064 0.064 0.060
0.004 0.004 0.004 0.005 0.006 0.006 0.006 0.006 0.005 0.005 0.004 0.004 0.004 0.003 0.003 0.004 0.008 0.026 0.094 0.249 0.381 0.419 0.387 0.280 0.187 0.148 0.130 0.123 0.122 0.125 0.156 0.235 0.359 0.535 0.683 0.776 0.820 0.829 0.840 0.841 0.781 0.624 0.410 0.278 0.218 0.189 0.170 0.191 0.216 0.221 0.179 0.105 0.054 0.027 0.013 0.008 0.006 0.007 0.010 0.016 0.022 0.025 0.025 0.025 0.025 0.025 0.025 0.026 0.031 0.039 0.051 0.061 0.067 0.071 0.072 0.071 0.067
0.006 0.006 0.006 0.007 0.007 0.008 0.007 0.006 0.005 0.005 0.004 0.004 0.004 0.004 0.004 0.005 0.014 0.049 0.153 0.294 0.353 0.352 0.292 0.200 0.156 0.136 0.125 0.120 0.121 0.127 0.148 0.198 0.260 0.292 0.304 0.301 0.273 0.215 0.187 0.183 0.185 0.185 0.170 0.161 0.146 0.116 0.075 0.051 0.041 0.036 0.031 0.019 0.010 0.007 0.005 0.005 0.005 0.007 0.011 0.017 0.023 0.026 0.026 0.026 0.026 0.026 0.026 0.029 0.036 0.046 0.059 0.070 0.078 0.081 0.082 0.080 0.073
0.010 0.010 0.009 0.010 0.009 0.009 0.007 0.006 0.005 0.005 0.004 0.004 0.004 0.005 0.006 0.010 0.027 0.087 0.209 0.294 0.312 0.292 0.223 0.166 0.142 0.129 0.122 0.119 0.121 0.130 0.156 0.212 0.264 0.280 0.281 0.270 0.229 0.170 0.142 0.137 0.141 0.153 0.158 0.155 0.142 0.110 0.066 0.040 0.026 0.018 0.013 0.009 0.006 0.005 0.005 0.005 0.005 0.007 0.012 0.019 0.024 0.027 0.028 0.027 0.027 0.028 0.029 0.033 0.041 0.055 0.071 0.082 0.088 0.090 0.089 0.084 0.076
0.016 0.015 0.014 0.012 0.011 0.009 0.007 0.006 0.005 0.005 0.005 0.005 0.006 0.007 0.010 0.019 0.047 0.123 0.233 0.275 0.276 0.240 0.179 0.147 0.132 0.124 0.120 0.119 0.122 0.133 0.163 0.224 0.267 0.277 0.276 0.257 0.204 0.150 0.131 0.128 0.136 0.150 0.155 0.153 0.139 0.104 0.061 0.037 0.024 0.016 0.012 0.008 0.006 0.005 0.005 0.005 0.005 0.008 0.012 0.020 0.025 0.027 0.028 0.029 0.029 0.030 0.032 0.038 0.050 0.068 0.084 0.094 0.097 0.096 0.093 0.085 0.074
0.022 0.020 0.017 0.014 0.011 0.009 0.007 0.006 0.006 0.006 0.006 0.007 0.009 0.011 0.015 0.027 0.063 0.151 0.231 0.250 0.241 0.196 0.154 0.135 0.125 0.119 0.118 0.119 0.123 0.136 0.170 0.231 0.267 0.275 0.271 0.245 0.184 0.138 0.124 0.124 0.133 0.148 0.152 0.150 0.135 0.098 0.057 0.035 0.023 0.016 0.011 0.008 0.006 0.005 0.004 0.004 0.005 0.008 0.014 0.021 0.026 0.028 0.029 0.030 0.031 0.033 0.037 0.047 0.063 0.083 0.095 0.101 0.102 0.099 0.091 0.079 0.064
0.025 0.022 0.018 0.014 0.011 0.009 0.007 0.007 0.007 0.008 0.009 0.010 0.011 0.013 0.018 0.033 0.077 0.169 0.222 0.229 0.209 0.165 0.140 0.127 0.120 0.116 0.115 0.117 0.123 0.139 0.178 0.238 0.267 0.273 0.268 0.232 0.165 0.128 0.119 0.121 0.132 0.147 0.151 0.148 0.131 0.092 0.053 0.033 0.022 0.016 0.011 0.008 0.006 0.005 0.004 0.004 0.005 0.009 0.015 0.023 0.028 0.030 0.031 0.032 0.034 0.037 0.044 0.057 0.078 0.094 0.102 0.104 0.104 0.097 0.082 0.059 0.041
