RESULTS/r.avaflow_results/23_results/23_ascii/23_hflow0035.asc
ncols 506
nrows 317
xllcenter 498237.50
yllcenter 5580050.00
cellsize 12.50
NODATA_value -9999.000
[rows 170 to 203 of 317, columns 77 to 153 of 506]
0.000 0.000 0.000 0.000 0.000 0.000 0.000 0.000 0.000 0.000 0.000 0.001 0.002 0.004 0.008 0.013 0.018 0.024 0.030 0.036 0.043 0.057 0.090 0.160 0.285 0.456 0.619 0.770 0.923 1.088 1.274 1.491 1.698 1.853 1.951 1.998 2.009 2.000 1.956 1.843 1.640 1.512 1.543 1.895 2.686 3.759 4.745 5.712 6.735 7.822 9.008 10.300 11.593 12.622 13.243 13.455 13.545 13.695 13.952 14.255 14.648 15.071 15.512 15.946 16.424 16.841 17.023 16.919 16.535 15.956 15.341 14.802 14.299 13.813 13.361 12.973 12.655
0.000 0.000 0.000 0.000 0.000 0.000 0.000 0.000 0.000 0.001 0.002 0.005 0.009 0.015 0.025 0.036 0.049 0.062 0.076 0.092 0.113 0.147 0.213 0.324 0.487 0.677 0.847 1.012 1.181 1.361 1.562 1.791 2.036 2.248 2.404 2.492 2.518 2.509 2.459 2.326 2.139 2.087 2.293 2.963 4.130 5.445 6.562 7.642 8.704 9.773 10.823 11.827 12.698 13.288 13.553 13.665 13.765 13.935 14.182 14.480 14.850 15.239 15.642 16.062 16.512 16.832 16.866 16.583 16.135 15.669 15.289 14.983 14.728 14.557 14.487 14.503 14.628
0.000 0.000 0.000 0.000 0.000 0.000 0.000 0.000 0.002 0.004 0.007 0.013 0.023 0.037 0.055 0.076 0.098 0.124 0.154 0.190 0.234 0.302 0.409 0.559 0.739 0.923 1.098 1.274 1.455 1.647 1.856 2.088 2.344 2.597 2.810 2.968 3.062 3.091 3.053 2.938 2.836 2.926 3.407 4.423 5.899 7.222 8.314 9.361 10.368 11.322 12.147 12.818 13.273 13.496 13.577 13.672 13.808 13.990 14.218 14.508 14.864 15.252 15.642 16.026 16.411 16.590 16.483 16.144 15.811 15.549 15.375 15.287 15.307 15.405 15.606 15.978 16.611
0.000 0.000 0.000 0.000 0.000 0.000 0.000 0.001 0.004 0.009 0.017 0.028 0.046 0.069 0.096 0.128 0.165 0.209 0.261 0.325 0.404 0.513 0.659 0.834 1.016 1.195 1.374 1.556 1.744 1.943 2.153 2.381 2.630 2.896 3.140 3.344 3.506 3.619 3.686 3.703 3.776 4.128 4.926 6.224 7.674 8.823 9.846 10.784 11.649 12.414 12.995 13.369 13.521 13.551 13.570 13.651 13.782 13.958 14.190 14.482 14.816 15.172 15.524 15.847 16.113 16.149 15.992 15.728 15.559 15.484 15.472 15.529 15.676 15.904 16.280 16.930 17.962
0.000 0.000 0.000 0.000 0.000 0.000 0.000 0.002 0.007 0.014 0.026 0.043 0.068 0.101 0.141 0.189 0.245 0.311 0.391 0.487 0.607 0.755 0.932 1.125 1.310 1.492 1.675 1.862 2.052 2.247 2.450 2.670 2.906 3.158 3.400 3.624 3.824 4.007 4.194 4.409 4.771 5.498 6.618 7.972 9.181 10.199 11.105 11.877 12.529 13.054 13.392 13.554 13.587 13.553 13.518 13.567 13.686 13.854 14.075 14.353 14.659 14.969 15.256 15.484 15.626 15.611 15.486 15.325 15.298 15.369 15.462 15.587 15.791 16.115 16.643 17.478 18.676
0.000 0.000 0.000 0.000 0.000 0.000 0.000 0.003 0.008 0.017 0.031 0.052 0.082 0.124 0.179 0.249 0.333 0.431 0.544 0.677 0.837 1.023 1.230 1.436 1.629 1.816 2.002 2.191 2.377 2.562 2.754 2.957 3.169 3.391 3.602 3.814 4.030 4.258 4.535 4.911 5.519 6.567 8.015 9.398 10.473 11.354 12.055 12.597 13.031 13.335 13.488 13.549 13.570 13.509 13.415 13.405 13.485 13.640 13.845 14.092 14.350 14.593 14.792 14.921 14.992 14.998 14.942 14.871 14.947 15.113 15.278 15.471 15.736 16.132 16.745 17.645 18.862
0.000 0.000 0.000 0.000 0.000 0.000 0.000 0.003 0.008 0.018 0.033 0.055 0.090 0.139 0.206 0.294 0.406 0.545 0.709 0.895 1.103 1.332 1.564 1.780 1.980 2.172 2.359 2.542 2.721 2.897 3.071 3.246 3.421 3.596 3.764 3.933 4.138 4.398 4.742 5.228 6.021 7.345 9.110 10.563 11.568 12.267 12.715 13.000 13.243 13.398 13.472 13.510 13.502 13.407 13.255 13.162 13.188 13.322 13.505 13.703 13.905 14.075 14.167 14.208 14.222 14.237 14.232 14.222 14.350 14.555 14.763 15.015 15.343 15.813 16.500 17.440 18.645
0.000 0.000 0.000 0.000 0.000 0.000 0.000 0.003 0.008 0.018 0.033 0.056 0.092 0.146 0.222 0.322 0.456 0.630 0.850 1.114 1.407 1.684 1.938 2.169 2.377 2.568 2.749 2.923 3.089 3.250 3.402 3.541 3.670 3.789 3.897 4.005 4.174 4.452 4.858 5.423 6.329 7.852 9.888 11.460 12.423 12.917 13.114 13.211 13.296 13.376 13.416 13.414 13.364 13.241 13.039 12.876 12.845 12.932 13.082 13.251 13.408 13.497 13.521 13.491 13.418 13.340 13.274 13.249 13.360 13.557 13.777 14.056 14.421 14.938 15.690 16.684 17.909
0.000 0.000 0.000 0.000 0.000 0.000 0.000 0.002 0.007 0.016 0.031 0.054 0.091 0.148 0.227 0.335 0.482 0.682 0.947 1.288 1.694 2.062 2.362 2.612 2.827 3.014 3.182 3.339 3.484 3.618 3.741 3.844 3.923 3.977 4.012 4.051 4.174 4.452 4.901 5.547 6.516 8.112 10.342 12.062 12.981 13.299 13.330 13.304 13.293 13.305 13.300 13.267 13.170 13.005 12.774 12.563 12.494 12.546 12.650 12.771 12.867 12.883 12.842 12.731 12.568 12.378 12.182 12.025 12.013 12.134 12.324 12.601 12.994 13.563 14.378 15.439 16.720
0.000 0.000 0.000 0.000 0.000 0.000 0.000 0.002 0.006 0.013 0.025 0.047 0.084 0.142 0.225 0.337 0.490 0.703 0.998 1.398 1.909 2.410 2.801 3.104 3.337 3.520 3.669 3.794 3.908 4.008 4.091 4.151 4.181 4.169 4.122 4.092 4.163 4.428 4.902 5.603 6.623 8.195 10.500 12.379 13.275 13.467 13.424 13.315 13.239 13.177 13.119 13.044 12.912 12.715 12.463 12.228 12.123 12.134 12.190 12.244 12.264 12.217 12.094 11.910 11.664 11.388 11.096 10.836 10.704 10.701 10.807 11.037 11.422 12.001 12.827 13.909 15.237
0.000 0.000 0.000 0.000 0.000 0.000 0.000 0.001 0.003 0.007 0.015 0.032 0.064 0.120 0.204 0.321 0.481 0.700 1.006 1.437 2.024 2.680 3.183 3.557 3.837 4.038 4.180 4.281 4.357 4.414 4.448 4.462 4.440 4.366 4.233 4.141 4.167 4.406 4.887 5.612 6.663 8.217 10.485 12.452 13.378 13.516 13.428 13.264 13.129 13.002 12.878 12.756 12.599 12.388 12.123 11.872 11.730 11.689 11.688 11.671 11.601 11.472 11.267 11.006 10.686 10.340 9.988 9.694 9.517 9.459 9.522 9.722 10.080 10.616 11.351 12.307 13.542
0.000 0.000 0.000 0.000 0.000 0.000 0.000 0.000 0.001 0.002 0.006 0.014 0.033 0.074 0.147 0.259 0.419 0.640 0.953 1.402 2.026 2.825 3.484 3.931 4.255 4.484 4.634 4.725 4.774 4.797 4.800 4.776 4.706 4.577 4.375 4.219 4.207 4.405 4.874 5.608 6.675 8.201 10.344 12.338 13.343 13.494 13.362 13.136 12.925 12.743 12.565 12.395 12.218 12.008 11.750 11.486 11.301 11.193 11.110 11.023 10.876 10.656 10.363 10.006 9.605 9.209 8.845 8.576 8.409 8.351 8.409 8.595 8.920 9.382 9.996 10.780 11.783
0.000 0.000 0.000 0.000 0.000 0.000 0.000 0.000 0.000 0.001 0.002 0.005 0.012 0.029 0.067 0.142 0.267 0.458 0.748 1.197 1.879 2.814 3.670 4.220 4.581 4.839 5.006 5.100 5.140 5.148 5.136 5.089 4.988 4.823 4.580 4.376 4.323 4.456 4.888 5.610 6.678 8.154 10.114 11.996 13.078 13.299 13.164 12.886 12.604 12.373 12.159 11.961 11.767 11.563 11.328 11.064 10.823 10.637 10.476 10.311 10.084 9.771 9.378 8.906 8.423 8.010 7.687 7.476 7.360 7.336 7.412 7.595 7.879 8.262 8.752 9.373 10.171
0.000 0.000 0.000 0.000 0.000 0.000 0.000 0.000 0.000 0.000 0.001 0.001 0.003 0.008 0.021 0.050 0.106 0.206 0.397 0.775 1.472 2.580 3.715 4.412 4.815 5.094 5.285 5.399 5.451 5.459 5.445 5.398 5.292 5.120 4.873 4.656 4.560 4.614 4.952 5.626 6.649 8.051 9.805 11.429 12.464 12.776 12.723 12.483 12.182 11.888 11.636 11.427 11.226 11.027 10.816 10.571 10.303 10.039 9.786 9.529 9.214 8.813 8.325 7.790 7.312 6.930 6.650 6.474 6.394 6.403 6.497 6.673 6.915 7.226 7.616 8.115 8.754
0.000 0.000 0.000 0.000 0.000 0.000 0.000 0.000 0.000 0.000 0.000 0.001 0.001 0.002 0.005 0.014 0.032 0.070 0.156 0.374 0.927 2.062 3.536 4.477 4.947 5.245 5.468 5.617 5.697 5.725 5.720 5.685 5.609 5.476 5.266 5.068 4.956 4.947 5.144 5.693 6.610 7.941 9.433 10.662 11.499 11.905 11.974 11.861 11.611 11.300 10.985 10.731 10.541 10.374 10.182 9.967 9.711 9.406 9.069 8.709 8.306 7.841 7.323 6.807 6.366 6.012 5.755 5.595 5.532 5.553 5.645 5.794 5.997 6.253 6.577 6.987 7.503
0.000 0.000 0.000 0.000 0.000 0.000 0.000 0.000 0.000 0.000 0.000 0.000 0.001 0.001 0.002 0.004 0.010 0.025 0.063 0.177 0.534 1.474 3.078 4.354 4.990 5.318 5.561 5.749 5.873 5.935 5.952 5.940 5.902 5.835 5.723 5.600 5.516 5.488 5.577 5.948 6.674 7.790 8.970 9.858 10.437 10.815 10.979 10.988 10.855 10.589 10.211 9.875 9.662 9.530 9.396 9.235 9.028 8.731 8.358 7.929 7.455 6.942 6.420 5.941 5.536 5.209 4.964 4.808 4.746 4.764 4.838 4.953 5.115 5.327 5.605 5.954 6.366
0.000 0.000 0.000 0.000 0.000 0.000 0.000 0.000 0.000 0.000 0.000 0.000 0.000 0.001 0.001 0.002 0.006 0.015 0.039 0.108 0.330 1.000 2.404 3.975 4.894 5.331 5.588 5.799 5.970 6.080 6.130 6.143 6.138 6.119 6.087 6.052 6.038 6.061 6.150 6.393 6.874 7.684 8.589 9.229 9.625 9.861 9.960 9.983 9.924 9.724 9.343 8.874 8.563 8.453 8.419 8.361 8.236 7.988 7.623 7.159 6.640 6.104 5.601 5.156 4.781 4.479 4.249 4.095 4.021 4.019 4.066 4.150 4.267 4.431 4.673 4.987 5.281
0.000 0.000 0.000 0.000 0.000 0.000 0.000 0.000 0.000 0.000 0.000 0.000 0.000 0.001 0.001 0.002 0.006 0.015 0.037 0.094 0.248 0.694 1.724 3.300 4.582 5.260 5.583 5.808 6.009 6.166 6.253 6.292 6.312 6.328 6.340 6.356 6.387 6.439 6.542 6.730 7.084 7.641 8.290 8.743 8.998 9.131 9.158 9.158 9.096 8.913 8.572 8.063 7.595 7.355 7.302 7.315 7.294 7.135 6.806 6.354 5.820 5.295 4.835 4.425 4.075 3.794 3.581 3.435 3.348 3.311 3.321 3.366 3.437 3.548 3.742 3.960 4.067
0.000 0.000 0.000 0.000 0.000 0.000 0.000 0.000 0.000 0.000 0.000 0.000 0.000 0.001 0.001 0.003 0.008 0.019 0.044 0.101 0.232 0.539 1.234 2.497 4.006 5.016 5.509 5.784 6.008 6.192 6.318 6.389 6.434 6.475 6.514 6.553 6.600 6.661 6.756 6.916 7.180 7.573 8.017 8.325 8.484 8.549 8.547 8.514 8.423 8.239 7.921 7.447 6.894 6.501 6.313 6.236 6.198 6.111 5.859 5.463 4.964 4.490 4.090 3.723 3.396 3.132 2.939 2.803 2.704 2.632 2.592 2.584 2.597 2.628 2.666 2.649 2.524
0.000 0.000 0.000 0.000 0.000 0.000 0.000 0.000 0.000 0.000 0.000 0.000 0.000 0.001 0.002 0.006 0.014 0.031 0.065 0.129 0.252 0.491 0.965 1.862 3.273 4.565 5.304 5.702 5.984 6.193 6.341 6.441 6.509 6.558 6.602 6.656 6.711 6.774 6.857 7.001 7.214 7.487 7.753 7.938 8.035 8.059 8.053 7.983 7.858 7.661 7.359 6.930 6.376 5.889 5.552 5.337 5.160 4.984 4.763 4.456 4.058 3.664 3.325 3.010 2.720 2.481 2.304 2.177 2.069 1.966 1.869 1.779 1.689 1.586 1.456 1.299 1.132
0.000 0.000 0.000 0.000 0.000 0.000 0.000 0.000 0.000 0.000 0.000 0.000 0.001 0.001 0.004 0.012 0.028 0.058 0.106 0.182 0.305 0.511 0.867 1.510 2.615 3.980 4.936 5.502 5.883 6.148 6.333 6.460 6.548 6.597 6.647 6.697 6.750 6.809 6.894 7.024 7.198 7.363 7.501 7.597 7.643 7.635 7.608 7.518 7.367 7.152 6.851 6.458 5.935 5.419 4.988 4.633 4.311 3.998 3.684 3.366 3.041 2.719 2.417 2.152 1.924 1.725 1.565 1.440 1.329 1.214 1.088 0.961 0.840 0.719 0.599 0.484 0.391
0.000 0.000 0.000 0.000 0.000 0.000 0.000 0.000 0.000 0.000 0.000 0.000 0.001 0.002 0.008 0.023 0.052 0.098 0.165 0.257 0.384 0.570 0.866 1.359 2.190 3.381 4.433 5.165 5.683 6.047 6.295 6.457 6.554 6.607 6.660 6.706 6.752 6.812 6.893 7.012 7.131 7.202 7.238 7.264 7.263 7.246 7.186 7.078 6.917 6.691 6.381 5.997 5.507 4.978 4.499 4.063 3.641 3.227 2.823 2.439 2.082 1.755 1.468 1.235 1.050 0.902 0.785 0.692 0.612 0.535 0.456 0.378 0.303 0.236 0.180 0.139 0.112
0.000 0.000 0.000 0.000 0.000 0.000 0.000 0.000 0.000 0.000 0.001 0.001 0.001 0.003 0.011 0.031 0.070 0.130 0.212 0.320 0.463 0.654 0.921 1.332 1.983 2.906 3.913 4.741 5.383 5.855 6.197 6.417 6.532 6.599 6.643 6.687 6.725 6.792 6.862 6.943 6.987 6.992 6.961 6.933 6.896 6.858 6.774 6.651 6.481 6.245 5.929 5.536 5.062 4.526 4.008 3.533 3.073 2.614 2.159 1.725 1.338 1.015 0.762 0.575 0.441 0.348 0.283 0.235 0.195 0.159 0.128 0.100 0.077 0.058 0.045 0.036 0.031
0.000 0.000 0.000 0.000 0.000 0.000 0.000 0.000 0.001 0.001 0.001 0.001 0.002 0.004 0.011 0.033 0.076 0.145 0.239 0.361 0.521 0.733 1.009 1.380 1.906 2.618 3.479 4.309 5.012 5.571 5.993 6.279 6.445 6.533 6.575 6.615 6.653 6.717 6.772 6.796 6.786 6.733 6.653 6.590 6.527 6.459 6.358 6.222 6.040 5.797 5.472 5.073 4.595 4.046 3.501 3.007 2.534 2.056 1.580 1.141 0.778 0.507 0.323 0.207 0.138 0.097 0.072 0.056 0.044 0.035 0.028 0.023 0.019 0.016 0.014 0.012 0.011
0.000 0.000 0.000 0.000 0.000 0.001 0.001 0.001 0.001 0.001 0.002 0.002 0.002 0.004 0.011 0.032 0.076 0.148 0.251 0.389 0.567 0.795 1.079 1.431 1.877 2.448 3.146 3.909 4.614 5.209 5.685 6.031 6.249 6.369 6.430 6.467 6.513 6.556 6.569 6.555 6.514 6.420 6.307 6.220 6.132 6.042 5.925 5.770 5.577 5.330 5.000 4.595 4.109 3.538 2.963 2.448 1.955 1.461 1.006 0.641 0.376 0.206 0.110 0.061 0.035 0.023 0.016 0.012 0.010 0.008 0.008 0.008 0.008 0.009 0.008 0.008 0.008
0.000 0.000 0.001 0.001 0.001 0.001 0.001 0.002 0.002 0.002 0.002 0.002 0.002 0.003 0.008 0.026 0.067 0.140 0.253 0.410 0.611 0.853 1.129 1.451 1.836 2.306 2.873 3.529 4.207 4.809 5.305 5.686 5.944 6.095 6.178 6.228 6.273 6.290 6.282 6.250 6.178 6.070 5.938 5.812 5.699 5.588 5.459 5.288 5.083 4.831 4.504 4.095 3.594 3.000 2.375 1.805 1.287 0.848 0.511 0.278 0.137 0.065 0.031 0.016 0.009 0.006 0.005 0.004 0.004 0.005 0.005 0.006 0.007 0.007 0.007 0.007 0.008
0.001 0.001 0.001 0.001 0.002 0.002 0.002 0.002 0.002 0.002 0.002 0.002 0.002 0.002 0.004 0.015 0.047 0.117 0.240 0.424 0.660 0.908 1.164 1.446 1.774 2.158 2.615 3.157 3.771 4.363 4.862 5.257 5.549 5.735 5.840 5.898 5.934 5.940 5.927 5.887 5.804 5.681 5.527 5.369 5.225 5.085 4.944 4.769 4.560 4.307 3.981 3.563 3.044 2.420 1.748 1.169 0.722 0.404 0.199 0.088 0.038 0.017 0.008 0.005 0.004 0.004 0.003 0.003 0.004 0.004 0.005 0.006 0.007 0.007 0.007 0.007 0.007
0.002 0.002 0.002 0.002 0.002 0.002 0.002 0.002 0.002 0.002 0.002 0.002 0.001 0.001 0.002 0.007 0.025 0.080 0.207 0.430 0.715 0.954 1.179 1.419 1.688 1.994 2.354 2.790 3.312 3.869 4.368 4.770 5.082 5.306 5.430 5.496 5.524 5.531 5.512 5.470 5.387 5.254 5.082 4.892 4.708 4.525 4.350 4.165 3.948 3.681 3.343 2.914 2.371 1.711 1.089 0.632 0.330 0.152 0.062 0.024 0.010 0.005 0.004 0.003 0.003 0.003 0.003 0.003 0.004 0.005 0.006 0.007 0.007 0.008 0.008 0.008 0.008
0.003 0.002 0.002 0.003 0.003 0.003 0.003 0.002 0.002 0.002 0.002 0.001 0.001 0.001 0.001 0.003 0.011 0.047 0.162 0.411 0.750 0.985 1.172 1.365 1.573 1.807 2.084 2.423 2.842 3.331 3.821 4.236 4.564 4.809 4.954 5.026 5.056 5.066 5.054 5.012 4.921 4.785 4.604 4.388 4.159 3.927 3.699 3.461 3.186 2.848 2.446 1.984 1.455 0.929 0.530 0.267 0.118 0.047 0.018 0.007 0.004 0.003 0.003 0.003 0.003 0.003 0.003 0.003 0.004 0.005 0.007 0.008 0.008 0.009 0.009 0.009 0.009
0.004 0.004 0.003 0.003 0.003 0.003 0.003 0.002 0.002 0.002 0.002 0.001 0.001 0.001 0.001 0.002 0.005 0.023 0.111 0.360 0.742 0.995 1.145 1.282 1.428 1.594 1.796 2.046 2.364 2.765 3.232 3.664 4.004 4.257 4.426 4.517 4.554 4.558 4.548 4.507 4.415 4.277 4.096 3.863 3.593 3.304 3.012 2.692 2.325 1.921 1.503 1.090 0.706 0.401 0.197 0.086 0.034 0.012 0.005 0.003 0.003 0.003 0.003 0.003 0.003 0.003 0.003 0.004 0.004 0.006 0.007 0.009 0.010 0.010 0.010 0.009 0.009
0.006 0.005 0.005 0.004 0.004 0.004 0.003 0.002 0.002 0.002 0.002 0.002 0.002 0.002 0.002 0.002 0.004 0.011 0.055 0.244 0.623 0.938 1.085 1.169 1.253 1.356 1.488 1.659 1.891 2.205 2.612 3.047 3.397 3.661 3.849 3.964 4.017 4.027 4.019 3.979 3.892 3.754 3.569 3.326 3.024 2.673 2.303 1.921 1.534 1.162 0.817 0.517 0.287 0.139 0.059 0.023 0.008 0.003 0.002 0.002 0.003 0.003 0.003 0.003 0.003 0.003 0.004 0.004 0.005 0.007 0.009 0.010 0.011 0.011 0.010 0.009 0.009
0.010 0.008 0.006 0.005 0.004 0.004 0.003 0.002 0.002 0.002 0.002 0.002 0.002 0.002 0.003 0.003 0.005 0.010 0.024 0.094 0.331 0.679 0.911 1.003 1.047 1.096 1.166 1.271 1.427 1.660 1.996 2.413 2.752 2.994 3.155 3.256 3.317 3.345 3.357 3.341 3.289 3.186 3.018 2.773 2.436 2.005 1.569 1.191 0.874 0.602 0.377 0.208 0.099 0.042 0.016 0.005 0.002 0.001 0.001 0.002 0.003 0.003 0.003 0.003 0.004 0.004 0.004 0.005 0.006 0.008 0.010 0.011 0.011 0.011 0.010 0.009 0.009
0.012 0.010 0.008 0.006 0.005 0.003 0.003 0.002 0.002 0.002 0.002 0.002 0.003 0.003 0.003 0.004 0.006 0.012 0.024 0.035 0.091 0.266 0.503 0.676 0.755 0.793 0.826 0.875 0.954 1.094 1.329 1.642 1.869 1.986 2.038 2.073 2.115 2.174 2.242 2.286 2.308 2.292 2.208 2.006 1.662 1.203 0.830 0.579 0.390 0.244 0.137 0.068 0.029 0.011 0.003 0.001 0.001 0.001 0.002 0.002 0.003 0.003 0.004 0.004 0.004 0.004 0.005 0.006 0.008 0.010 0.011 0.012 0.012 0.011 0.010 0.009 0.010
0.013 0.011 0.008 0.006 0.004 0.003 0.003 0.002 0.002 0.002 0.003 0.003 0.003 0.003 0.003 0.004 0.007 0.014 0.026 0.032 0.033 0.059 0.140 0.247 0.320 0.362 0.387 0.409 0.437 0.482 0.562 0.665 0.719 0.732 0.728 0.732 0.757 0.814 0.886 0.936 0.971 0.987 0.975 0.894 0.717 0.467 0.292 0.185 0.116 0.068 0.036 0.016 0.006 0.002 0.001 0.001 0.001 0.001 0.002 0.003 0.003 0.004 0.004 0.004 0.004 0.004 0.005 0.007 0.009 0.011 0.012 0.012 0.012 0.011 0.009 0.009 0.012
