RESULTS/r.avaflow_results/23_results/23_ascii/23_hflow0013.asc
ncols 506
nrows 317
xllcenter 498237.50
yllcenter 5580050.00
cellsize 12.50
NODATA_value -9999.000
[rows 204 to 237 of 317, columns 77 to 153 of 506]
0.034 0.032 0.028 0.023 0.019 0.017 0.016 0.017 0.018 0.021 0.025 0.030 0.040 0.066 0.139 0.340 0.620 0.726 0.729 0.619 0.426 0.332 0.285 0.251 0.232 0.227 0.227 0.232 0.246 0.287 0.385 0.498 0.541 0.547 0.531 0.458 0.327 0.255 0.237 0.240 0.259 0.282 0.288 0.281 0.249 0.177 0.105 0.067 0.047 0.035 0.026 0.019 0.015 0.012 0.012 0.013 0.017 0.028 0.051 0.074 0.085 0.090 0.093 0.095 0.100 0.112 0.135 0.176 0.229 0.262 0.276 0.280 0.274 0.245 0.178 0.104 0.056
0.038 0.034 0.030 0.025 0.022 0.021 0.021 0.022 0.023 0.026 0.029 0.034 0.046 0.080 0.182 0.422 0.616 0.664 0.637 0.502 0.376 0.317 0.277 0.245 0.226 0.223 0.224 0.229 0.243 0.290 0.403 0.507 0.538 0.539 0.511 0.415 0.294 0.241 0.230 0.237 0.264 0.285 0.288 0.278 0.240 0.164 0.099 0.065 0.046 0.034 0.025 0.019 0.014 0.012 0.012 0.013 0.018 0.031 0.056 0.081 0.092 0.096 0.099 0.103 0.111 0.125 0.150 0.193 0.244 0.268 0.276 0.273 0.244 0.171 0.092 0.046 0.022
0.043 0.038 0.033 0.029 0.026 0.026 0.026 0.027 0.028 0.029 0.032 0.038 0.054 0.104 0.254 0.481 0.584 0.600 0.549 0.423 0.351 0.311 0.275 0.246 0.230 0.226 0.227 0.232 0.250 0.307 0.427 0.508 0.531 0.528 0.485 0.372 0.270 0.231 0.225 0.235 0.267 0.287 0.289 0.275 0.230 0.152 0.094 0.063 0.046 0.034 0.025 0.018 0.013 0.012 0.012 0.014 0.020 0.036 0.065 0.091 0.102 0.106 0.108 0.112 0.120 0.136 0.160 0.201 0.246 0.264 0.265 0.244 0.178 0.094 0.045 0.021 0.010
0.052 0.044 0.038 0.035 0.033 0.032 0.031 0.031 0.032 0.033 0.035 0.044 0.069 0.147 0.328 0.489 0.542 0.541 0.472 0.376 0.334 0.308 0.278 0.251 0.241 0.238 0.237 0.239 0.261 0.331 0.448 0.506 0.518 0.511 0.455 0.334 0.251 0.222 0.219 0.235 0.271 0.289 0.289 0.271 0.219 0.141 0.090 0.062 0.045 0.034 0.025 0.017 0.013 0.011 0.012 0.014 0.024 0.044 0.077 0.104 0.114 0.116 0.116 0.120 0.128 0.143 0.168 0.205 0.234 0.242 0.233 0.190 0.110 0.052 0.025 0.012 0.005
0.072 0.058 0.050 0.045 0.041 0.038 0.036 0.036 0.035 0.036 0.041 0.055 0.097 0.204 0.369 0.462 0.490 0.481 0.413 0.350 0.325 0.308 0.288 0.262 0.248 0.245 0.244 0.247 0.272 0.356 0.464 0.506 0.512 0.489 0.410 0.298 0.237 0.215 0.215 0.235 0.274 0.290 0.288 0.266 0.206 0.130 0.084 0.060 0.044 0.033 0.024 0.017 0.012 0.011 0.012 0.016 0.028 0.053 0.090 0.114 0.122 0.123 0.122 0.124 0.131 0.144 0.171 0.201 0.212 0.211 0.193 0.138 0.069 0.032 0.015 0.007 0.004
0.109 0.086 0.071 0.060 0.052 0.045 0.042 0.040 0.040 0.042 0.051 0.077 0.139 0.257 0.366 0.420 0.440 0.429 0.373 0.331 0.318 0.309 0.296 0.274 0.257 0.251 0.250 0.258 0.293 0.388 0.477 0.503 0.503 0.465 0.367 0.270 0.223 0.208 0.210 0.234 0.273 0.290 0.287 0.260 0.194 0.121 0.079 0.056 0.042 0.032 0.023 0.015 0.012 0.011 0.012 0.018 0.033 0.065 0.103 0.123 0.129 0.128 0.126 0.126 0.131 0.143 0.170 0.193 0.197 0.192 0.162 0.097 0.045 0.021 0.011 0.005 0.003
0.169 0.136 0.107 0.084 0.067 0.055 0.049 0.047 0.047 0.052 0.069 0.112 0.192 0.282 0.342 0.379 0.396 0.386 0.346 0.319 0.312 0.312 0.305 0.287 0.270 0.261 0.260 0.270 0.316 0.419 0.486 0.501 0.489 0.432 0.327 0.250 0.212 0.200 0.205 0.233 0.275 0.291 0.288 0.259 0.189 0.117 0.077 0.056 0.042 0.031 0.021 0.014 0.011 0.011 0.013 0.020 0.041 0.078 0.112 0.128 0.131 0.130 0.126 0.125 0.128 0.141 0.167 0.182 0.183 0.172 0.130 0.066 0.031 0.015 0.008 0.004 0.002
0.243 0.211 0.167 0.125 0.093 0.071 0.060 0.057 0.058 0.067 0.097 0.162 0.236 0.276 0.300 0.330 0.353 0.349 0.322 0.307 0.308 0.314 0.313 0.301 0.283 0.273 0.272 0.282 0.336 0.442 0.494 0.502 0.479 0.396 0.290 0.229 0.200 0.193 0.199 0.231 0.279 0.300 0.297 0.262 0.184 0.115 0.077 0.056 0.042 0.030 0.020 0.014 0.011 0.011 0.014 0.024 0.049 0.091 0.120 0.130 0.131 0.128 0.121 0.119 0.123 0.143 0.166 0.172 0.169 0.149 0.098 0.047 0.023 0.012 0.006 0.003 0.002
0.303 0.284 0.246 0.192 0.137 0.099 0.079 0.074 0.076 0.091 0.138 0.210 0.253 0.265 0.272 0.295 0.320 0.320 0.305 0.299 0.304 0.319 0.323 0.318 0.302 0.288 0.285 0.296 0.358 0.461 0.500 0.500 0.463 0.365 0.267 0.214 0.191 0.187 0.196 0.231 0.283 0.307 0.304 0.265 0.182 0.114 0.078 0.057 0.042 0.029 0.019 0.013 0.011 0.011 0.015 0.028 0.058 0.101 0.123 0.130 0.128 0.120 0.112 0.111 0.120 0.145 0.163 0.165 0.159 0.130 0.074 0.036 0.018 0.009 0.005 0.002 0.001
0.341 0.332 0.310 0.269 0.208 0.147 0.112 0.101 0.103 0.124 0.183 0.239 0.254 0.250 0.251 0.272 0.297 0.298 0.291 0.291 0.301 0.327 0.339 0.338 0.326 0.308 0.304 0.319 0.387 0.475 0.504 0.501 0.449 0.337 0.248 0.202 0.184 0.183 0.195 0.231 0.284 0.309 0.307 0.266 0.181 0.115 0.079 0.056 0.040 0.027 0.017 0.011 0.010 0.011 0.016 0.031 0.067 0.107 0.123 0.127 0.123 0.112 0.105 0.106 0.120 0.148 0.159 0.160 0.149 0.111 0.057 0.029 0.015 0.008 0.004 0.002 0.001
0.362 0.359 0.347 0.320 0.273 0.209 0.162 0.143 0.143 0.168 0.220 0.247 0.246 0.234 0.234 0.259 0.282 0.283 0.280 0.284 0.300 0.334 0.356 0.359 0.352 0.337 0.334 0.350 0.420 0.488 0.506 0.497 0.434 0.312 0.231 0.192 0.179 0.181 0.197 0.235 0.285 0.311 0.311 0.271 0.183 0.115 0.078 0.054 0.037 0.023 0.014 0.010 0.010 0.011 0.017 0.036 0.076 0.109 0.120 0.120 0.114 0.104 0.100 0.103 0.123 0.150 0.157 0.155 0.137 0.093 0.047 0.024 0.012 0.006 0.003 0.001 0.000
0.370 0.370 0.363 0.345 0.311 0.255 0.206 0.185 0.186 0.208 0.238 0.243 0.230 0.217 0.223 0.254 0.273 0.274 0.273 0.280 0.300 0.339 0.372 0.382 0.378 0.365 0.362 0.381 0.450 0.502 0.511 0.492 0.412 0.290 0.218 0.185 0.176 0.180 0.201 0.243 0.288 0.311 0.311 0.273 0.186 0.113 0.073 0.048 0.031 0.019 0.012 0.010 0.009 0.010 0.017 0.039 0.083 0.111 0.117 0.116 0.108 0.099 0.097 0.103 0.127 0.150 0.155 0.150 0.127 0.078 0.039 0.020 0.010 0.005 0.002 0.001 0.000
0.371 0.371 0.366 0.353 0.326 0.280 0.233 0.214 0.215 0.232 0.240 0.231 0.208 0.202 0.219 0.254 0.269 0.271 0.273 0.280 0.299 0.344 0.388 0.404 0.403 0.394 0.391 0.412 0.476 0.515 0.518 0.487 0.388 0.268 0.206 0.180 0.175 0.182 0.206 0.249 0.292 0.312 0.312 0.276 0.192 0.115 0.071 0.044 0.027 0.016 0.010 0.009 0.009 0.010 0.018 0.043 0.087 0.108 0.112 0.110 0.103 0.096 0.095 0.103 0.128 0.144 0.147 0.141 0.114 0.065 0.033 0.017 0.008 0.004 0.002 0.001 0.000
0.366 0.367 0.364 0.353 0.329 0.289 0.248 0.229 0.228 0.235 0.230 0.206 0.187 0.191 0.221 0.255 0.268 0.272 0.275 0.281 0.301 0.350 0.403 0.426 0.429 0.423 0.421 0.444 0.502 0.526 0.523 0.479 0.363 0.246 0.194 0.175 0.173 0.186 0.215 0.257 0.294 0.312 0.313 0.281 0.199 0.118 0.070 0.041 0.023 0.014 0.009 0.008 0.008 0.010 0.019 0.048 0.088 0.106 0.108 0.107 0.101 0.095 0.095 0.106 0.129 0.138 0.138 0.129 0.098 0.054 0.027 0.014 0.007 0.003 0.001 0.000 0.000
0.349 0.352 0.351 0.343 0.324 0.289 0.253 0.234 0.228 0.217 0.192 0.168 0.164 0.185 0.227 0.256 0.269 0.276 0.281 0.288 0.309 0.363 0.425 0.452 0.455 0.445 0.442 0.472 0.526 0.539 0.524 0.462 0.329 0.221 0.180 0.170 0.172 0.190 0.225 0.269 0.303 0.320 0.322 0.294 0.216 0.127 0.071 0.039 0.021 0.012 0.008 0.007 0.007 0.010 0.021 0.053 0.090 0.104 0.106 0.105 0.100 0.097 0.098 0.113 0.131 0.135 0.133 0.118 0.083 0.044 0.022 0.011 0.005 0.002 0.001 0.000 0.000
0.314 0.320 0.321 0.317 0.305 0.280 0.251 0.230 0.205 0.167 0.137 0.130 0.146 0.184 0.230 0.258 0.275 0.286 0.295 0.303 0.323 0.378 0.447 0.477 0.479 0.466 0.465 0.502 0.548 0.553 0.523 0.430 0.285 0.197 0.168 0.165 0.172 0.197 0.239 0.283 0.317 0.333 0.334 0.308 0.227 0.130 0.070 0.037 0.019 0.011 0.008 0.007 0.007 0.010 0.023 0.059 0.092 0.103 0.105 0.104 0.101 0.100 0.104 0.121 0.132 0.133 0.127 0.106 0.069 0.036 0.018 0.008 0.004 0.001 0.000 0.000 0.000
0.259 0.268 0.271 0.270 0.265 0.252 0.232 0.200 0.151 0.111 0.099 0.107 0.133 0.177 0.224 0.256 0.281 0.301 0.314 0.326 0.347 0.401 0.474 0.508 0.510 0.501 0.507 0.552 0.583 0.578 0.526 0.396 0.246 0.176 0.158 0.158 0.171 0.205 0.256 0.302 0.334 0.349 0.349 0.318 0.232 0.129 0.067 0.034 0.018 0.010 0.008 0.007 0.007 0.011 0.026 0.064 0.093 0.103 0.104 0.104 0.103 0.104 0.110 0.124 0.131 0.130 0.119 0.094 0.057 0.029 0.014 0.006 0.003 0.001 0.000 0.000 0.000
0.187 0.196 0.201 0.203 0.203 0.199 0.179 0.134 0.090 0.074 0.076 0.092 0.121 0.161 0.205 0.246 0.282 0.314 0.339 0.359 0.383 0.432 0.508 0.549 0.557 0.556 0.571 0.619 0.636 0.616 0.530 0.358 0.217 0.162 0.150 0.152 0.171 0.214 0.277 0.326 0.357 0.369 0.365 0.330 0.236 0.129 0.065 0.032 0.016 0.010 0.008 0.007 0.008 0.012 0.031 0.070 0.094 0.103 0.105 0.106 0.108 0.110 0.117 0.127 0.129 0.125 0.111 0.084 0.047 0.023 0.011 0.005 0.002 0.001 0.000 0.000 0.000
0.125 0.131 0.134 0.135 0.134 0.125 0.103 0.071 0.055 0.055 0.064 0.083 0.111 0.144 0.186 0.233 0.278 0.322 0.362 0.394 0.424 0.468 0.539 0.590 0.611 0.621 0.650 0.691 0.696 0.648 0.514 0.318 0.198 0.155 0.145 0.149 0.172 0.225 0.299 0.349 0.376 0.384 0.377 0.335 0.235 0.126 0.062 0.029 0.015 0.010 0.008 0.008 0.009 0.014 0.035 0.075 0.097 0.105 0.109 0.111 0.113 0.115 0.122 0.128 0.128 0.121 0.103 0.072 0.038 0.018 0.008 0.003 0.001 0.000 0.000 0.000 0.000
0.080 0.083 0.085 0.085 0.081 0.069 0.052 0.041 0.040 0.045 0.057 0.075 0.099 0.128 0.167 0.215 0.269 0.324 0.379 0.428 0.468 0.509 0.568 0.629 0.673 0.709 0.753 0.780 0.763 0.671 0.481 0.286 0.188 0.152 0.145 0.149 0.175 0.236 0.318 0.369 0.391 0.394 0.381 0.330 0.224 0.116 0.055 0.026 0.014 0.010 0.008 0.008 0.010 0.017 0.040 0.079 0.102 0.112 0.116 0.118 0.119 0.121 0.126 0.128 0.124 0.114 0.093 0.059 0.029 0.013 0.005 0.002 0.001 0.000 0.000 0.000 0.000
0.049 0.050 0.051 0.049 0.044 0.035 0.030 0.030 0.033 0.040 0.051 0.067 0.087 0.111 0.145 0.193 0.254 0.319 0.385 0.452 0.509 0.557 0.606 0.671 0.749 0.813 0.853 0.860 0.816 0.676 0.442 0.265 0.183 0.152 0.146 0.152 0.181 0.249 0.337 0.387 0.405 0.404 0.380 0.317 0.204 0.102 0.047 0.022 0.013 0.010 0.009 0.009 0.012 0.021 0.045 0.083 0.107 0.120 0.126 0.127 0.128 0.128 0.129 0.127 0.120 0.106 0.082 0.047 0.021 0.009 0.004 0.002 0.001 0.000 0.000 0.000 0.000
0.029 0.029 0.028 0.025 0.022 0.019 0.021 0.025 0.030 0.036 0.045 0.059 0.076 0.097 0.126 0.170 0.233 0.306 0.381 0.460 0.538 0.601 0.657 0.725 0.821 0.895 0.923 0.915 0.837 0.648 0.398 0.248 0.181 0.156 0.151 0.159 0.192 0.268 0.358 0.404 0.416 0.412 0.379 0.302 0.181 0.087 0.039 0.019 0.012 0.010 0.009 0.011 0.015 0.025 0.050 0.086 0.114 0.131 0.139 0.141 0.141 0.139 0.136 0.129 0.117 0.099 0.070 0.035 0.015 0.006 0.003 0.001 0.000 0.000 0.000 0.000 0.000
0.016 0.015 0.014 0.012 0.012 0.014 0.018 0.022 0.026 0.032 0.040 0.053 0.068 0.085 0.108 0.146 0.203 0.278 0.363 0.456 0.550 0.636 0.712 0.793 0.893 0.963 0.982 0.955 0.837 0.600 0.362 0.237 0.181 0.162 0.160 0.169 0.206 0.288 0.378 0.420 0.428 0.418 0.376 0.286 0.159 0.073 0.032 0.016 0.011 0.010 0.010 0.012 0.018 0.030 0.054 0.088 0.121 0.145 0.157 0.160 0.159 0.154 0.145 0.131 0.113 0.090 0.055 0.025 0.010 0.004 0.002 0.001 0.000 0.000 0.000 0.000 0.000
0.008 0.007 0.006 0.006 0.008 0.012 0.017 0.020 0.024 0.028 0.036 0.048 0.062 0.076 0.093 0.120 0.165 0.233 0.325 0.432 0.544 0.658 0.764 0.869 0.975 1.035 1.045 0.998 0.843 0.569 0.344 0.231 0.184 0.169 0.167 0.178 0.216 0.302 0.395 0.437 0.443 0.428 0.377 0.273 0.142 0.063 0.028 0.015 0.011 0.010 0.011 0.014 0.021 0.035 0.058 0.090 0.128 0.161 0.178 0.183 0.180 0.170 0.153 0.130 0.106 0.076 0.040 0.017 0.007 0.003 0.001 0.000 0.000 0.000 0.000 0.000 0.000
0.004 0.003 0.003 0.005 0.007 0.012 0.015 0.018 0.021 0.026 0.033 0.045 0.057 0.069 0.081 0.098 0.129 0.181 0.267 0.382 0.516 0.662 0.814 0.960 1.081 1.135 1.134 1.064 0.860 0.549 0.336 0.230 0.186 0.174 0.174 0.185 0.223 0.310 0.407 0.451 0.459 0.444 0.386 0.263 0.128 0.056 0.025 0.014 0.011 0.011 0.012 0.016 0.025 0.039 0.062 0.092 0.134 0.177 0.201 0.206 0.202 0.186 0.159 0.125 0.093 0.058 0.027 0.011 0.005 0.002 0.001 0.000 0.000 0.000 0.000 0.000 0.000
0.001 0.001 0.002 0.004 0.007 0.011 0.014 0.017 0.020 0.024 0.031 0.041 0.053 0.062 0.071 0.082 0.102 0.142 0.213 0.322 0.466 0.642 0.847 1.037 1.172 1.223 1.214 1.117 0.864 0.537 0.336 0.235 0.192 0.180 0.180 0.192 0.229 0.317 0.419 0.465 0.474 0.460 0.396 0.254 0.117 0.050 0.023 0.014 0.012 0.012 0.014 0.019 0.028 0.043 0.065 0.096 0.142 0.197 0.226 0.232 0.226 0.203 0.162 0.116 0.076 0.040 0.018 0.007 0.003 0.001 0.000 0.000 0.000 0.000 0.000 0.000 0.000
0.001 0.001 0.002 0.004 0.006 0.010 0.013 0.016 0.019 0.022 0.028 0.038 0.050 0.058 0.063 0.070 0.083 0.113 0.173 0.271 0.413 0.608 0.861 1.090 1.235 1.283 1.264 1.137 0.847 0.531 0.347 0.252 0.206 0.189 0.188 0.199 0.238 0.334 0.442 0.491 0.499 0.482 0.407 0.243 0.107 0.045 0.022 0.015 0.014 0.014 0.016 0.021 0.032 0.047 0.069 0.101 0.153 0.220 0.256 0.263 0.254 0.219 0.157 0.100 0.057 0.028 0.012 0.005 0.002 0.001 0.000 0.000 0.000 0.000 0.000 0.000 0.000
0.001 0.001 0.002 0.003 0.006 0.009 0.012 0.015 0.017 0.021 0.026 0.035 0.047 0.054 0.057 0.061 0.069 0.091 0.139 0.228 0.366 0.572 0.861 1.125 1.280 1.325 1.295 1.141 0.834 0.539 0.372 0.280 0.227 0.203 0.198 0.207 0.250 0.363 0.482 0.531 0.538 0.513 0.415 0.227 0.096 0.041 0.021 0.016 0.015 0.015 0.017 0.023 0.035 0.052 0.075 0.109 0.168 0.245 0.285 0.292 0.278 0.227 0.147 0.082 0.042 0.019 0.008 0.003 0.001 0.000 0.000 0.000 0.000 0.000 0.000 0.000 0.000
0.000 0.001 0.002 0.003 0.005 0.008 0.011 0.014 0.016 0.019 0.024 0.032 0.044 0.051 0.053 0.055 0.059 0.073 0.111 0.189 0.325 0.542 0.863 1.153 1.309 1.348 1.308 1.142 0.832 0.556 0.404 0.312 0.254 0.224 0.214 0.220 0.266 0.393 0.522 0.570 0.574 0.535 0.403 0.202 0.084 0.036 0.020 0.017 0.016 0.016 0.018 0.024 0.037 0.056 0.083 0.125 0.195 0.274 0.311 0.315 0.292 0.225 0.131 0.066 0.031 0.013 0.005 0.002 0.001 0.000 0.000 0.000 0.000 0.000 0.000 0.000 0.000
0.000 0.001 0.001 0.003 0.005 0.008 0.010 0.013 0.015 0.018 0.022 0.030 0.041 0.048 0.050 0.050 0.052 0.060 0.086 0.152 0.284 0.515 0.865 1.171 1.320 1.350 1.305 1.143 0.847 0.586 0.435 0.341 0.282 0.250 0.240 0.245 0.296 0.432 0.561 0.607 0.607 0.549 0.372 0.167 0.068 0.031 0.020 0.017 0.017 0.017 0.019 0.025 0.039 0.061 0.096 0.151 0.238 0.308 0.335 0.332 0.296 0.209 0.110 0.051 0.021 0.008 0.003 0.001 0.001 0.000 0.000 0.000 0.000 0.000 0.000 0.000 0.000
0.000 0.001 0.001 0.003 0.004 0.007 0.009 0.012 0.014 0.016 0.020 0.027 0.038 0.045 0.047 0.047 0.048 0.051 0.067 0.115 0.233 0.465 0.839 1.168 1.316 1.340 1.299 1.159 0.902 0.644 0.478 0.374 0.311 0.279 0.270 0.280 0.342 0.486 0.603 0.640 0.632 0.544 0.321 0.133 0.056 0.030 0.021 0.018 0.017 0.017 0.019 0.026 0.041 0.069 0.115 0.192 0.289 0.345 0.358 0.343 0.282 0.173 0.083 0.035 0.014 0.005 0.002 0.001 0.000 0.000 0.000 0.000 0.000 0.000 0.000 0.000 0.000
0.000 0.001 0.001 0.002 0.004 0.006 0.008 0.011 0.013 0.015 0.019 0.025 0.035 0.042 0.045 0.045 0.045 0.046 0.054 0.082 0.165 0.363 0.730 1.121 1.311 1.349 1.321 1.216 1.005 0.733 0.536 0.415 0.348 0.317 0.310 0.327 0.404 0.553 0.650 0.673 0.650 0.513 0.259 0.105 0.049 0.030 0.023 0.020 0.019 0.019 0.020 0.027 0.046 0.084 0.150 0.253 0.345 0.382 0.380 0.339 0.237 0.120 0.052 0.021 0.008 0.003 0.001 0.000 0.000 0.000 0.000 0.000 0.000 0.000 0.000 0.000 0.000
0.000 0.000 0.001 0.002 0.003 0.005 0.007 0.010 0.012 0.014 0.017 0.022 0.031 0.039 0.042 0.043 0.043 0.043 0.047 0.062 0.109 0.238 0.538 0.994 1.292 1.388 1.385 1.314 1.143 0.862 0.611 0.467 0.395 0.368 0.366 0.393 0.487 0.630 0.704 0.717 0.668 0.464 0.209 0.089 0.047 0.032 0.026 0.022 0.021 0.021 0.022 0.030 0.055 0.109 0.209 0.332 0.404 0.421 0.397 0.309 0.171 0.074 0.031 0.012 0.004 0.002 0.001 0.000 0.000 0.000 0.000 0.000 0.000 0.000 0.000 0.000 0.000
0.000 0.000 0.001 0.002 0.003 0.005 0.007 0.009 0.011 0.013 0.016 0.021 0.029 0.037 0.041 0.042 0.042 0.042 0.043 0.050 0.077 0.155 0.357 0.778 1.215 1.419 1.470 1.442 1.320 1.060 0.746 0.557 0.468 0.439 0.441 0.482 0.596 0.725 0.781 0.784 0.687 0.415 0.182 0.083 0.049 0.036 0.029 0.025 0.024 0.023 0.025 0.035 0.067 0.145 0.291 0.416 0.462 0.459 0.398 0.254 0.115 0.047 0.018 0.007 0.002 0.001 0.000 0.000 0.000 0.000 0.000 0.000 0.000 0.000 0.000 0.000 0.000
