RESULTS/r.avaflow_results/23_results/23_ascii/23_hflow1_max.asc
ncols 506
nrows 317
xllcenter 498237.50
yllcenter 5580050.00
cellsize 12.50
NODATA_value -9999.000
[rows 170 to 203 of 317, columns 77 to 153 of 506]
0.000 0.000 0.000 0.000 0.001 0.002 0.005 0.007 0.010 0.014 0.020 0.030 0.048 0.075 0.111 0.149 0.187 0.223 0.259 0.297 0.344 0.416 0.532 0.704 0.866 1.038 1.211 1.441 2.022 2.572 3.010 3.343 3.612 3.858 4.117 4.408 4.769 5.253 5.902 6.352 6.556 6.704 6.936 7.317 8.039 8.956 9.723 10.568 11.246 11.716 12.114 12.549 13.155 14.231 15.198 15.671 16.169 17.214 18.951 20.316 20.821 20.607 19.696 18.355 16.762 14.674 12.634 10.704 9.050 7.667 6.893 6.346 5.855 5.408 4.997 4.608 4.242
0.000 0.000 0.000 0.001 0.003 0.006 0.010 0.016 0.023 0.032 0.047 0.072 0.112 0.167 0.230 0.293 0.352 0.412 0.472 0.537 0.617 0.735 0.885 1.038 1.150 1.384 1.734 2.431 3.159 3.686 4.031 4.249 4.412 4.577 4.779 5.047 5.391 5.843 6.437 6.916 7.239 7.557 7.983 8.524 9.357 10.272 11.161 12.219 13.135 13.680 13.976 14.256 14.472 14.713 15.039 15.444 16.058 17.690 19.877 21.525 22.046 21.686 20.807 19.289 17.322 15.058 12.929 10.935 9.287 7.952 6.924 6.409 5.949 5.535 5.160 4.811 4.480
0.000 0.000 0.000 0.002 0.006 0.011 0.018 0.028 0.041 0.060 0.088 0.132 0.194 0.273 0.361 0.457 0.556 0.652 0.746 0.846 0.963 1.100 1.225 1.326 1.415 1.775 2.507 3.481 4.160 4.585 4.824 4.948 5.041 5.153 5.302 5.514 5.807 6.185 6.688 7.237 7.750 8.263 8.853 9.599 10.562 11.562 12.599 13.791 14.818 15.403 15.678 15.771 15.620 15.116 14.899 15.053 15.889 18.067 20.397 22.049 22.495 22.235 21.232 19.560 17.457 15.184 13.017 11.092 9.542 8.203 7.133 6.454 6.013 5.619 5.270 4.953 4.659
0.000 0.000 0.001 0.003 0.008 0.014 0.024 0.038 0.057 0.083 0.120 0.175 0.250 0.343 0.454 0.584 0.736 0.890 1.026 1.155 1.281 1.401 1.505 1.587 1.671 2.122 3.096 4.262 4.949 5.283 5.431 5.495 5.534 5.599 5.712 5.859 6.082 6.407 6.811 7.342 7.985 8.665 9.422 10.356 11.427 12.552 13.821 15.100 16.071 16.646 16.919 16.876 16.481 15.781 14.853 14.608 15.661 17.965 20.333 21.973 22.434 22.398 21.325 19.527 17.399 15.180 13.023 11.225 9.747 8.494 7.474 6.686 6.072 5.666 5.383 5.166 4.955
0.000 0.000 0.001 0.004 0.009 0.016 0.027 0.043 0.064 0.095 0.138 0.198 0.281 0.387 0.518 0.680 0.876 1.093 1.279 1.433 1.563 1.677 1.774 1.862 1.956 2.395 3.458 4.800 5.561 5.875 5.963 5.978 5.968 5.969 6.037 6.187 6.349 6.572 6.885 7.313 7.960 8.728 9.921 10.965 12.009 13.165 14.599 15.905 16.825 17.343 17.573 17.476 17.049 16.215 14.719 13.974 14.827 17.114 19.566 21.095 21.994 21.901 20.853 19.138 17.153 15.095 12.964 11.250 9.789 8.591 7.697 6.967 6.456 6.148 5.908 5.768 5.650
0.000 0.000 0.001 0.004 0.009 0.017 0.028 0.044 0.067 0.099 0.145 0.209 0.297 0.413 0.560 0.744 0.972 1.246 1.498 1.688 1.834 1.956 2.058 2.151 2.265 2.610 3.676 5.160 6.027 6.385 6.465 6.432 6.370 6.334 6.344 6.481 6.587 6.689 6.893 7.199 7.684 9.136 10.719 11.881 12.711 13.573 14.961 16.271 17.176 17.668 17.786 17.700 17.369 16.337 14.558 13.857 14.253 15.225 17.746 19.671 20.597 20.525 19.683 18.292 16.717 14.827 12.822 11.105 9.665 8.506 7.849 7.265 6.796 6.539 6.538 6.602 6.577
0.000 0.000 0.001 0.004 0.009 0.017 0.028 0.044 0.067 0.100 0.146 0.212 0.304 0.426 0.583 0.780 1.028 1.337 1.668 1.919 2.104 2.243 2.359 2.477 2.603 2.781 3.829 5.399 6.380 6.795 6.879 6.809 6.757 6.704 6.644 6.684 6.734 6.770 6.851 7.020 7.437 9.990 11.816 13.018 13.758 14.128 15.120 16.354 17.279 17.700 17.789 17.735 17.323 16.283 14.405 13.730 13.871 14.408 15.387 17.539 18.516 18.613 18.108 17.164 15.962 14.293 12.386 10.604 9.193 8.099 7.281 6.886 6.633 6.527 6.574 6.927 7.215
0.000 0.000 0.001 0.004 0.009 0.016 0.027 0.043 0.065 0.097 0.144 0.211 0.305 0.430 0.591 0.794 1.050 1.374 1.767 2.117 2.369 2.546 2.693 2.849 2.988 3.171 4.333 5.556 6.637 7.087 7.194 7.167 7.137 7.018 6.865 6.799 6.784 6.794 6.854 6.958 7.742 10.516 12.655 13.920 14.546 14.734 15.061 16.268 17.120 17.553 17.683 17.590 17.084 16.020 14.211 13.546 13.567 13.781 14.352 15.369 16.491 16.709 16.473 15.855 14.823 13.340 11.660 10.061 8.816 7.832 7.050 6.443 6.150 6.151 6.290 6.751 7.255
0.000 0.000 0.001 0.003 0.008 0.015 0.025 0.039 0.059 0.088 0.133 0.202 0.299 0.429 0.591 0.796 1.054 1.381 1.796 2.257 2.624 2.862 3.042 3.229 3.389 3.904 4.949 5.838 6.873 7.324 7.425 7.491 7.431 7.234 7.026 6.874 6.811 6.799 6.867 7.155 8.057 10.738 13.199 14.575 15.095 15.164 15.241 16.024 16.850 17.271 17.429 17.283 16.718 15.600 13.896 13.241 13.172 13.219 13.436 13.874 14.780 14.941 14.752 14.204 13.294 12.055 10.567 9.269 8.250 7.412 6.740 6.265 5.878 5.711 5.894 6.488 7.021
0.000 0.000 0.001 0.003 0.006 0.012 0.020 0.030 0.046 0.070 0.110 0.175 0.273 0.408 0.577 0.786 1.046 1.374 1.790 2.313 2.827 3.172 3.385 3.584 3.777 4.582 5.525 6.296 7.112 7.612 7.673 7.701 7.598 7.420 7.151 6.953 6.873 6.866 6.904 7.310 8.305 10.695 13.421 14.938 15.420 15.422 15.316 15.840 16.500 16.893 17.010 16.873 16.269 15.128 13.497 12.855 12.687 12.619 12.597 12.564 13.069 13.097 12.824 12.299 11.498 10.378 9.208 8.318 7.572 7.011 6.525 6.104 5.743 5.439 5.392 6.023 6.654
0.000 0.000 0.000 0.002 0.004 0.008 0.013 0.020 0.030 0.045 0.072 0.124 0.212 0.343 0.517 0.733 0.998 1.326 1.744 2.281 2.923 3.423 3.710 3.927 4.188 5.147 6.046 6.685 7.325 7.921 7.956 7.847 7.736 7.534 7.258 7.038 7.003 7.034 7.057 7.375 8.467 10.395 13.380 15.038 15.566 15.531 15.408 15.801 16.148 16.501 16.566 16.380 15.769 14.648 13.051 12.440 12.161 11.986 11.839 11.666 11.428 11.250 10.848 10.232 9.620 9.061 8.453 7.840 7.253 6.740 6.290 5.903 5.576 5.302 5.103 5.359 6.038
0.000 0.000 0.000 0.001 0.002 0.004 0.007 0.011 0.016 0.024 0.039 0.068 0.124 0.222 0.378 0.586 0.844 1.163 1.572 2.127 2.861 3.544 3.976 4.274 4.636 5.628 6.397 6.965 7.478 8.173 8.247 7.997 7.866 7.667 7.491 7.336 7.245 7.256 7.315 7.379 8.517 9.878 13.037 14.914 15.551 15.591 15.426 15.615 15.867 16.057 16.057 15.826 15.223 14.141 12.602 12.002 11.623 11.346 11.102 10.836 10.540 10.226 9.860 9.444 8.969 8.466 7.948 7.410 6.886 6.424 6.018 5.671 5.381 5.133 4.951 4.860 5.255
0.000 0.000 0.000 0.000 0.001 0.002 0.003 0.005 0.008 0.011 0.017 0.030 0.057 0.111 0.211 0.369 0.584 0.854 1.196 1.751 2.569 3.491 4.116 4.537 5.252 6.047 6.607 7.080 7.563 8.348 8.487 8.274 8.088 7.953 7.880 7.802 7.716 7.642 7.692 7.685 8.506 9.993 12.363 14.474 15.282 15.507 15.341 15.430 15.530 15.536 15.433 15.148 14.542 13.533 12.132 11.511 11.062 10.727 10.457 10.183 9.880 9.545 9.173 8.768 8.333 7.881 7.414 6.929 6.473 6.071 5.716 5.414 5.156 4.934 4.755 4.676 4.675
0.000 0.000 0.000 0.000 0.000 0.001 0.001 0.002 0.003 0.005 0.007 0.014 0.026 0.048 0.090 0.169 0.295 0.477 0.752 1.268 2.083 3.216 4.127 4.884 5.752 6.368 6.749 7.110 7.678 8.484 8.717 8.553 8.380 8.313 8.311 8.337 8.316 8.214 8.139 8.048 8.438 10.068 12.000 13.668 14.708 15.096 15.141 15.239 15.200 15.070 14.726 14.322 13.653 12.651 11.461 11.009 10.674 10.352 10.039 9.729 9.397 9.037 8.641 8.214 7.756 7.288 6.837 6.418 6.034 5.689 5.384 5.123 4.897 4.702 4.537 4.447 4.445
0.000 0.000 0.000 0.000 0.000 0.000 0.000 0.001 0.001 0.002 0.003 0.006 0.011 0.021 0.040 0.074 0.136 0.243 0.555 1.111 1.951 3.115 4.444 5.444 6.139 6.590 6.865 7.125 8.112 8.734 8.967 8.879 8.678 8.740 8.797 8.891 8.937 8.853 8.738 8.571 8.448 10.096 12.055 13.474 14.355 14.789 14.992 15.011 14.875 14.558 14.002 13.308 12.462 11.542 10.976 10.641 10.309 9.977 9.645 9.308 8.949 8.564 8.147 7.700 7.229 6.765 6.331 5.940 5.593 5.288 5.021 4.793 4.596 4.428 4.289 4.179 4.196
0.000 0.000 0.000 0.000 0.000 0.000 0.000 0.000 0.001 0.001 0.002 0.003 0.005 0.010 0.022 0.061 0.168 0.424 0.936 1.769 2.851 4.008 5.026 5.822 6.408 6.719 6.925 7.855 8.840 9.349 9.445 9.339 9.051 9.160 9.384 9.556 9.628 9.603 9.469 9.239 8.897 10.065 11.944 13.269 14.022 14.470 14.636 14.581 14.338 13.825 13.115 12.178 11.114 10.731 10.474 10.206 9.921 9.608 9.273 8.918 8.535 8.123 7.684 7.219 6.746 6.292 5.868 5.487 5.158 4.875 4.629 4.419 4.246 4.109 4.007 3.937 3.917
0.000 0.000 0.000 0.000 0.000 0.000 0.000 0.000 0.001 0.002 0.003 0.005 0.009 0.017 0.040 0.109 0.293 0.717 1.521 2.734 3.912 4.826 5.540 6.113 6.578 6.850 7.463 8.556 9.523 9.991 10.045 9.931 9.631 9.446 9.867 10.160 10.326 10.371 10.245 9.940 9.421 9.984 11.605 12.750 13.462 13.889 13.962 13.850 13.469 12.812 11.913 10.714 10.120 9.938 9.808 9.659 9.477 9.223 8.904 8.540 8.137 7.704 7.245 6.766 6.296 5.850 5.434 5.058 4.729 4.450 4.211 4.012 3.857 3.751 3.686 3.655 3.652
0.000 0.000 0.000 0.000 0.000 0.000 0.001 0.001 0.002 0.003 0.005 0.008 0.014 0.030 0.074 0.196 0.503 1.169 2.352 3.846 4.930 5.572 6.011 6.378 6.733 6.946 7.973 9.023 9.863 10.325 10.384 10.286 10.104 9.946 10.074 10.582 10.860 10.933 10.827 10.412 9.937 9.842 11.079 11.980 12.708 13.007 13.000 12.801 12.333 11.541 10.436 9.600 9.234 9.045 8.990 8.967 8.917 8.772 8.503 8.149 7.741 7.296 6.825 6.338 5.863 5.422 5.017 4.646 4.313 4.022 3.778 3.581 3.437 3.346 3.297 3.267 3.222
0.000 0.000 0.000 0.000 0.000 0.001 0.001 0.002 0.004 0.005 0.008 0.014 0.025 0.055 0.135 0.346 0.843 1.818 3.403 4.985 5.891 6.310 6.486 6.629 6.856 7.008 8.204 9.204 9.869 10.243 10.418 10.393 10.274 10.239 10.303 10.648 11.047 11.118 11.070 10.770 10.153 9.621 10.402 11.163 11.728 11.920 11.847 11.536 10.979 10.085 9.222 8.929 8.580 8.331 8.233 8.220 8.227 8.189 8.017 7.714 7.324 6.885 6.415 5.922 5.435 4.996 4.603 4.242 3.908 3.604 3.342 3.133 2.974 2.849 2.733 2.593 2.410
0.000 0.000 0.000 0.000 0.001 0.001 0.002 0.004 0.005 0.008 0.014 0.023 0.045 0.100 0.243 0.600 1.364 2.716 4.509 5.981 6.789 7.029 7.047 7.008 7.009 7.115 8.073 8.993 9.556 9.929 10.133 10.212 10.205 10.216 10.313 10.590 10.827 11.005 10.961 10.595 9.842 9.235 9.761 10.252 10.582 10.678 10.521 10.099 9.435 8.665 8.565 8.377 8.102 7.824 7.641 7.556 7.511 7.474 7.381 7.166 6.831 6.416 5.958 5.472 4.997 4.566 4.185 3.836 3.505 3.186 2.892 2.635 2.400 2.157 1.891 1.606 1.378
0.000 0.000 0.000 0.001 0.002 0.003 0.004 0.006 0.009 0.014 0.023 0.041 0.080 0.177 0.419 0.982 2.093 3.850 5.623 6.891 7.571 7.753 7.719 7.541 7.418 7.293 7.477 8.360 9.032 9.409 9.479 9.464 9.499 9.658 9.898 10.119 10.259 10.184 9.829 9.244 8.526 8.838 9.061 9.220 9.300 9.287 9.085 8.619 8.089 8.082 8.024 7.902 7.699 7.441 7.195 7.005 6.855 6.728 6.599 6.419 6.141 5.766 5.318 4.857 4.435 4.040 3.674 3.327 2.987 2.642 2.285 1.926 1.579 1.337 1.371 1.368 1.323
0.000 0.000 0.001 0.002 0.003 0.004 0.006 0.009 0.014 0.023 0.039 0.071 0.139 0.299 0.679 1.510 3.049 5.041 6.678 7.769 8.317 8.481 8.394 8.142 7.821 7.523 7.247 7.511 8.223 8.647 8.795 8.700 8.387 8.302 8.387 8.328 8.171 7.904 7.998 8.155 8.262 8.251 8.186 8.143 8.101 7.994 7.736 7.565 7.607 7.606 7.572 7.483 7.318 7.087 6.817 6.544 6.279 6.022 5.772 5.519 5.229 4.872 4.438 3.997 3.598 3.222 2.855 2.488 2.115 1.735 1.357 1.286 1.329 1.370 1.372 1.366 1.313
0.000 0.001 0.002 0.004 0.005 0.007 0.010 0.014 0.023 0.038 0.065 0.119 0.229 0.474 1.028 2.177 4.171 6.186 7.644 8.578 9.104 9.209 9.022 8.641 8.197 7.740 7.313 6.783 7.170 7.661 7.937 8.026 7.899 7.730 7.680 7.691 7.736 7.804 7.843 7.804 7.670 7.477 7.368 7.305 7.252 7.160 6.976 7.128 7.195 7.201 7.176 7.095 6.945 6.725 6.443 6.112 5.749 5.361 4.961 4.568 4.181 3.769 3.310 2.856 2.442 2.056 1.690 1.352 1.236 1.231 1.259 1.321 1.377 1.400 1.390 1.358 1.279
0.001 0.003 0.004 0.006 0.008 0.011 0.016 0.023 0.037 0.061 0.105 0.191 0.361 0.716 1.471 2.975 5.267 7.187 8.452 9.259 9.738 9.799 9.533 9.096 8.543 7.927 7.262 6.633 6.103 6.621 7.020 7.298 7.404 7.419 7.458 7.504 7.518 7.505 7.430 7.281 7.063 6.881 6.776 6.722 6.682 6.612 6.463 6.702 6.811 6.827 6.804 6.724 6.579 6.354 6.049 5.669 5.218 4.705 4.154 3.603 3.069 2.565 2.104 1.736 1.599 1.424 1.303 1.241 1.222 1.249 1.300 1.366 1.428 1.441 1.415 1.370 1.272
0.003 0.005 0.007 0.009 0.013 0.017 0.025 0.037 0.058 0.094 0.160 0.288 0.542 1.051 2.067 3.958 6.267 7.988 9.113 9.827 10.135 10.124 9.892 9.452 8.765 7.952 7.156 6.446 5.823 5.740 6.229 6.581 6.797 6.954 7.104 7.180 7.185 7.150 7.033 6.821 6.581 6.454 6.327 6.225 6.174 6.127 6.004 6.181 6.363 6.420 6.410 6.335 6.175 5.901 5.508 5.026 4.471 3.839 3.153 2.491 1.928 1.803 1.783 1.708 1.561 1.391 1.281 1.228 1.228 1.294 1.381 1.440 1.482 1.490 1.452 1.387 1.339
0.005 0.008 0.010 0.014 0.019 0.027 0.038 0.057 0.089 0.142 0.241 0.429 0.792 1.494 2.852 5.075 7.190 8.579 9.598 10.222 10.393 10.319 10.112 9.587 8.733 7.811 6.919 6.077 5.272 5.071 5.595 6.000 6.278 6.428 6.581 6.690 6.711 6.671 6.541 6.316 6.205 6.085 5.967 5.838 5.707 5.641 5.548 5.375 5.620 5.729 5.744 5.669 5.446 5.044 4.467 3.802 3.116 2.428 1.794 1.723 1.776 1.787 1.760 1.660 1.495 1.349 1.265 1.240 1.274 1.381 1.488 1.537 1.551 1.544 1.512 1.479 1.477
0.008 0.011 0.015 0.021 0.028 0.039 0.057 0.086 0.133 0.217 0.370 0.646 1.158 2.120 3.967 6.240 7.871 9.074 9.887 10.311 10.459 10.448 10.127 9.329 8.345 7.245 6.113 5.003 3.867 4.445 4.983 5.416 5.744 5.946 6.047 6.104 6.119 6.077 6.005 5.922 5.816 5.699 5.569 5.416 5.249 5.086 5.016 4.859 4.630 4.501 4.493 4.369 4.046 3.490 2.751 2.056 1.501 1.448 1.606 1.729 1.775 1.774 1.727 1.603 1.432 1.316 1.264 1.272 1.353 1.505 1.604 1.642 1.652 1.646 1.633 1.637 1.669
0.012 0.016 0.022 0.029 0.040 0.056 0.082 0.125 0.201 0.335 0.573 0.982 1.691 2.989 5.228 7.184 8.422 9.340 9.925 10.204 10.370 10.270 9.611 8.598 7.184 5.599 4.091 2.997 3.461 3.907 4.381 4.828 5.175 5.438 5.582 5.637 5.645 5.626 5.559 5.486 5.388 5.271 5.134 4.964 4.776 4.563 4.401 4.256 4.038 3.739 3.357 2.915 2.373 1.748 1.231 1.030 1.304 1.521 1.678 1.764 1.790 1.776 1.703 1.540 1.387 1.305 1.277 1.314 1.447 1.643 1.756 1.791 1.801 1.814 1.838 1.888 1.994
0.018 0.024 0.031 0.041 0.057 0.080 0.119 0.186 0.306 0.519 0.884 1.485 2.459 4.035 6.148 7.742 8.690 9.343 9.672 9.966 9.936 9.365 8.146 6.249 4.386 2.791 2.374 2.710 3.080 3.479 3.872 4.246 4.605 4.905 5.117 5.199 5.198 5.154 5.087 5.012 4.922 4.799 4.661 4.483 4.269 4.027 3.760 3.491 3.236 2.889 2.456 1.984 1.468 1.004 0.785 1.072 1.359 1.586 1.756 1.837 1.843 1.797 1.693 1.510 1.380 1.327 1.336 1.416 1.599 1.800 1.921 1.982 2.019 2.057 2.130 2.245 2.373
0.026 0.034 0.044 0.059 0.082 0.116 0.176 0.280 0.465 0.791 1.341 2.209 3.418 5.034 6.719 7.899 8.656 9.015 9.330 9.292 8.695 7.203 4.886 2.844 1.971 1.949 2.194 2.458 2.739 3.070 3.399 3.699 4.018 4.357 4.599 4.704 4.706 4.664 4.590 4.512 4.421 4.288 4.151 3.973 3.751 3.479 3.163 2.814 2.433 2.025 1.609 1.213 0.850 0.609 0.821 1.128 1.429 1.657 1.826 1.908 1.910 1.853 1.718 1.514 1.418 1.415 1.450 1.570 1.799 2.007 2.127 2.211 2.298 2.407 2.519 2.622 2.670
0.038 0.049 0.063 0.084 0.116 0.169 0.261 0.423 0.707 1.192 1.969 2.974 4.182 5.698 6.928 7.740 8.229 8.614 8.516 7.825 6.279 4.048 2.515 2.138 1.904 1.822 2.027 2.229 2.460 2.803 3.243 3.446 3.514 3.747 3.980 4.090 4.111 4.098 4.057 3.990 3.897 3.762 3.634 3.463 3.231 2.940 2.601 2.223 1.815 1.412 1.041 0.721 0.506 0.627 0.856 1.194 1.511 1.739 1.895 1.967 1.963 1.909 1.754 1.562 1.502 1.507 1.577 1.754 2.022 2.250 2.400 2.492 2.583 2.716 2.800 2.834 2.821
0.055 0.070 0.089 0.118 0.164 0.245 0.388 0.639 1.077 1.784 2.659 3.556 4.640 5.917 6.766 7.227 7.692 7.660 7.133 5.817 3.839 2.822 2.347 2.042 1.848 1.761 1.854 2.032 2.340 2.858 3.253 3.451 3.505 3.516 3.507 3.415 3.320 3.348 3.361 3.344 3.293 3.217 3.118 2.953 2.723 2.431 2.089 1.703 1.302 0.942 0.639 0.514 0.507 0.642 0.883 1.245 1.596 1.828 1.966 2.017 1.996 1.937 1.761 1.615 1.597 1.626 1.754 2.018 2.307 2.508 2.674 2.798 2.863 2.925 2.955 2.918 2.870
0.076 0.097 0.123 0.163 0.231 0.353 0.568 0.937 1.545 2.352 3.099 3.870 4.813 5.800 6.311 6.723 6.784 6.525 5.664 4.243 3.227 2.601 2.210 1.936 1.778 1.726 1.789 1.995 2.398 2.897 3.239 3.413 3.487 3.503 3.483 3.384 3.114 2.669 2.569 2.615 2.638 2.630 2.568 2.429 2.217 1.939 1.604 1.231 0.885 0.594 0.531 0.511 0.517 0.661 0.917 1.295 1.670 1.917 2.043 2.077 2.043 1.958 1.772 1.696 1.707 1.791 1.996 2.325 2.601 2.760 2.880 2.996 3.053 3.048 3.012 2.968 2.879
0.101 0.129 0.166 0.226 0.328 0.508 0.813 1.299 1.980 2.687 3.295 3.927 4.769 5.462 5.905 6.088 6.037 5.694 4.931 3.804 2.972 2.461 2.105 1.861 1.740 1.711 1.792 2.003 2.413 2.914 3.248 3.418 3.488 3.499 3.489 3.353 3.022 2.533 2.189 2.024 1.951 1.909 1.870 1.808 1.657 1.429 1.133 0.811 0.633 0.568 0.530 0.510 0.524 0.681 0.959 1.355 1.738 2.006 2.144 2.169 2.109 1.999 1.817 1.791 1.829 1.967 2.240 2.595 2.838 2.968 3.040 3.101 3.134 3.101 3.054 2.951 2.735
