RESULTS/r.avaflow_results/23_results/23_ascii/23_hflow10010.asc
ncols 506
nrows 317
xllcenter 498237.50
yllcenter 5580050.00
cellsize 12.50
NODATA_value -9999.000
[rows 204 to 237 of 317, columns 77 to 153 of 506]
0.037 0.037 0.036 0.033 0.030 0.029 0.029 0.030 0.035 0.044 0.063 0.098 0.173 0.347 0.774 1.452 1.856 1.941 1.844 1.399 0.871 0.626 0.504 0.431 0.394 0.384 0.385 0.395 0.424 0.498 0.667 0.849 0.919 0.930 0.910 0.813 0.603 0.450 0.400 0.396 0.413 0.446 0.457 0.450 0.410 0.312 0.198 0.134 0.099 0.077 0.061 0.047 0.036 0.031 0.030 0.032 0.042 0.068 0.116 0.159 0.177 0.183 0.184 0.186 0.192 0.211 0.251 0.319 0.409 0.471 0.502 0.515 0.513 0.475 0.367 0.229 0.131
0.043 0.042 0.041 0.038 0.036 0.036 0.037 0.041 0.049 0.063 0.088 0.136 0.238 0.485 1.018 1.524 1.698 1.707 1.538 1.092 0.753 0.584 0.482 0.416 0.382 0.375 0.378 0.389 0.417 0.501 0.692 0.860 0.912 0.915 0.879 0.748 0.537 0.419 0.384 0.388 0.417 0.449 0.456 0.445 0.396 0.290 0.184 0.127 0.094 0.073 0.056 0.043 0.034 0.030 0.029 0.032 0.044 0.073 0.127 0.171 0.189 0.192 0.194 0.198 0.210 0.234 0.277 0.348 0.436 0.483 0.502 0.502 0.465 0.351 0.205 0.106 0.056
0.052 0.049 0.047 0.045 0.045 0.046 0.050 0.056 0.067 0.084 0.116 0.179 0.319 0.654 1.166 1.441 1.507 1.483 1.279 0.910 0.691 0.565 0.474 0.414 0.385 0.379 0.382 0.393 0.426 0.525 0.726 0.858 0.897 0.895 0.840 0.678 0.486 0.397 0.374 0.380 0.418 0.452 0.457 0.440 0.382 0.270 0.176 0.124 0.093 0.072 0.055 0.041 0.032 0.029 0.029 0.033 0.049 0.085 0.143 0.189 0.205 0.208 0.208 0.213 0.226 0.251 0.292 0.360 0.440 0.476 0.480 0.453 0.357 0.208 0.103 0.052 0.026
0.067 0.061 0.058 0.057 0.058 0.061 0.065 0.073 0.085 0.108 0.151 0.241 0.444 0.827 1.174 1.310 1.334 1.297 1.087 0.803 0.648 0.554 0.474 0.419 0.400 0.398 0.397 0.402 0.441 0.563 0.756 0.851 0.873 0.867 0.795 0.614 0.446 0.375 0.362 0.377 0.423 0.453 0.457 0.435 0.366 0.251 0.169 0.122 0.093 0.071 0.054 0.040 0.031 0.028 0.028 0.035 0.056 0.101 0.167 0.211 0.224 0.224 0.222 0.226 0.238 0.261 0.301 0.364 0.420 0.439 0.429 0.370 0.242 0.120 0.058 0.029 0.015
0.097 0.084 0.077 0.075 0.076 0.078 0.083 0.091 0.106 0.137 0.202 0.338 0.585 0.905 1.089 1.157 1.176 1.141 0.955 0.736 0.622 0.548 0.484 0.433 0.410 0.406 0.406 0.413 0.458 0.600 0.778 0.848 0.859 0.831 0.727 0.546 0.416 0.361 0.353 0.373 0.426 0.453 0.453 0.426 0.349 0.235 0.161 0.119 0.092 0.071 0.053 0.038 0.029 0.027 0.028 0.038 0.065 0.120 0.190 0.228 0.238 0.236 0.231 0.232 0.242 0.262 0.303 0.355 0.378 0.378 0.357 0.280 0.155 0.074 0.037 0.019 0.010
0.152 0.126 0.111 0.103 0.100 0.100 0.103 0.112 0.132 0.181 0.287 0.477 0.693 0.866 0.957 1.017 1.050 1.022 0.858 0.684 0.602 0.548 0.496 0.450 0.424 0.415 0.414 0.429 0.491 0.650 0.795 0.840 0.843 0.794 0.660 0.487 0.385 0.346 0.343 0.367 0.423 0.451 0.449 0.413 0.325 0.217 0.152 0.115 0.090 0.070 0.051 0.036 0.028 0.026 0.029 0.042 0.077 0.144 0.211 0.242 0.249 0.244 0.235 0.234 0.240 0.256 0.297 0.338 0.346 0.341 0.303 0.207 0.103 0.050 0.026 0.014 0.007
0.239 0.202 0.168 0.147 0.136 0.131 0.132 0.141 0.171 0.248 0.409 0.606 0.735 0.793 0.836 0.905 0.953 0.928 0.782 0.645 0.586 0.551 0.512 0.470 0.443 0.430 0.430 0.447 0.525 0.697 0.808 0.833 0.819 0.745 0.594 0.446 0.363 0.332 0.332 0.363 0.425 0.450 0.448 0.411 0.314 0.207 0.146 0.111 0.087 0.067 0.048 0.033 0.026 0.026 0.030 0.047 0.093 0.169 0.226 0.249 0.253 0.246 0.234 0.230 0.231 0.249 0.293 0.323 0.328 0.316 0.260 0.152 0.072 0.036 0.019 0.011 0.006
0.355 0.318 0.266 0.220 0.191 0.177 0.175 0.184 0.226 0.340 0.531 0.668 0.716 0.724 0.740 0.809 0.867 0.842 0.713 0.612 0.573 0.551 0.527 0.493 0.462 0.448 0.446 0.465 0.555 0.732 0.817 0.832 0.802 0.692 0.525 0.404 0.339 0.317 0.320 0.356 0.429 0.463 0.462 0.417 0.308 0.202 0.144 0.110 0.086 0.065 0.046 0.031 0.025 0.025 0.032 0.055 0.111 0.192 0.238 0.252 0.251 0.238 0.221 0.214 0.218 0.247 0.293 0.308 0.308 0.284 0.210 0.107 0.053 0.028 0.015 0.008 0.004
0.453 0.439 0.400 0.339 0.280 0.246 0.237 0.246 0.300 0.445 0.616 0.682 0.680 0.666 0.677 0.744 0.793 0.766 0.659 0.589 0.567 0.556 0.544 0.523 0.490 0.469 0.465 0.486 0.587 0.760 0.826 0.827 0.778 0.644 0.480 0.374 0.321 0.306 0.312 0.354 0.435 0.474 0.472 0.422 0.304 0.201 0.145 0.110 0.085 0.063 0.042 0.028 0.024 0.025 0.034 0.063 0.130 0.206 0.242 0.250 0.243 0.219 0.201 0.198 0.210 0.251 0.287 0.293 0.285 0.248 0.162 0.081 0.042 0.022 0.012 0.006 0.003
0.518 0.519 0.505 0.469 0.407 0.348 0.325 0.331 0.392 0.539 0.652 0.673 0.650 0.627 0.641 0.707 0.737 0.705 0.618 0.572 0.562 0.564 0.564 0.555 0.528 0.500 0.494 0.520 0.631 0.779 0.830 0.827 0.758 0.599 0.442 0.350 0.306 0.298 0.308 0.353 0.435 0.478 0.478 0.423 0.303 0.201 0.146 0.109 0.081 0.057 0.037 0.025 0.023 0.024 0.036 0.071 0.147 0.214 0.239 0.241 0.229 0.202 0.188 0.188 0.208 0.258 0.281 0.284 0.271 0.221 0.129 0.065 0.035 0.018 0.010 0.005 0.002
0.551 0.561 0.560 0.546 0.508 0.449 0.420 0.423 0.482 0.596 0.650 0.649 0.614 0.599 0.624 0.680 0.695 0.658 0.589 0.561 0.559 0.571 0.586 0.585 0.569 0.544 0.539 0.567 0.682 0.799 0.831 0.822 0.736 0.558 0.410 0.330 0.297 0.293 0.309 0.357 0.436 0.481 0.484 0.431 0.307 0.205 0.147 0.106 0.076 0.050 0.032 0.023 0.021 0.024 0.038 0.081 0.162 0.215 0.230 0.227 0.210 0.188 0.180 0.182 0.212 0.263 0.279 0.277 0.255 0.194 0.106 0.055 0.029 0.015 0.008 0.004 0.002
0.559 0.576 0.580 0.576 0.555 0.510 0.484 0.490 0.544 0.611 0.626 0.607 0.580 0.584 0.620 0.661 0.667 0.630 0.573 0.554 0.556 0.580 0.609 0.616 0.607 0.585 0.582 0.615 0.728 0.820 0.838 0.813 0.704 0.517 0.384 0.314 0.290 0.291 0.312 0.366 0.440 0.480 0.483 0.435 0.316 0.208 0.144 0.100 0.067 0.042 0.027 0.021 0.020 0.023 0.039 0.089 0.174 0.215 0.223 0.217 0.197 0.177 0.173 0.180 0.218 0.264 0.276 0.271 0.241 0.169 0.089 0.046 0.024 0.012 0.006 0.002 0.001
0.554 0.574 0.580 0.579 0.566 0.533 0.514 0.520 0.561 0.586 0.581 0.562 0.556 0.579 0.623 0.653 0.653 0.622 0.571 0.551 0.555 0.587 0.632 0.648 0.644 0.629 0.627 0.662 0.769 0.838 0.846 0.805 0.670 0.478 0.360 0.303 0.286 0.291 0.318 0.376 0.445 0.481 0.484 0.437 0.323 0.207 0.133 0.086 0.055 0.034 0.022 0.018 0.018 0.022 0.041 0.097 0.177 0.209 0.212 0.205 0.187 0.172 0.169 0.179 0.220 0.256 0.263 0.258 0.223 0.146 0.075 0.039 0.020 0.010 0.004 0.002 0.001
0.526 0.553 0.564 0.564 0.556 0.534 0.518 0.516 0.517 0.509 0.502 0.513 0.545 0.583 0.624 0.648 0.648 0.622 0.573 0.551 0.556 0.597 0.654 0.679 0.682 0.672 0.671 0.710 0.808 0.853 0.853 0.795 0.632 0.439 0.336 0.293 0.283 0.294 0.328 0.386 0.448 0.480 0.484 0.442 0.332 0.210 0.131 0.081 0.048 0.029 0.019 0.017 0.017 0.022 0.043 0.106 0.177 0.200 0.202 0.197 0.181 0.170 0.168 0.181 0.223 0.245 0.249 0.239 0.199 0.122 0.062 0.032 0.016 0.007 0.003 0.001 0.000
0.464 0.495 0.511 0.516 0.514 0.505 0.485 0.443 0.392 0.367 0.390 0.463 0.539 0.590 0.628 0.649 0.648 0.628 0.585 0.562 0.569 0.616 0.686 0.716 0.719 0.705 0.702 0.751 0.844 0.870 0.854 0.771 0.578 0.391 0.309 0.283 0.281 0.298 0.341 0.404 0.461 0.490 0.495 0.459 0.355 0.222 0.132 0.077 0.044 0.025 0.017 0.015 0.016 0.021 0.047 0.116 0.177 0.196 0.198 0.191 0.180 0.173 0.173 0.193 0.229 0.241 0.241 0.224 0.175 0.100 0.051 0.025 0.012 0.006 0.002 0.001 0.000
0.359 0.392 0.410 0.419 0.420 0.407 0.363 0.295 0.257 0.263 0.316 0.420 0.523 0.588 0.630 0.654 0.659 0.649 0.617 0.591 0.595 0.640 0.717 0.752 0.752 0.735 0.736 0.797 0.877 0.889 0.851 0.726 0.502 0.343 0.286 0.273 0.278 0.306 0.360 0.426 0.481 0.509 0.514 0.483 0.382 0.234 0.132 0.073 0.040 0.023 0.016 0.015 0.015 0.022 0.051 0.126 0.181 0.194 0.194 0.188 0.180 0.177 0.181 0.205 0.233 0.239 0.233 0.206 0.149 0.081 0.041 0.020 0.009 0.004 0.002 0.001 0.000
0.235 0.256 0.270 0.274 0.267 0.243 0.206 0.181 0.184 0.209 0.265 0.362 0.477 0.564 0.619 0.652 0.672 0.678 0.661 0.637 0.639 0.678 0.756 0.797 0.798 0.787 0.799 0.874 0.929 0.926 0.859 0.676 0.432 0.304 0.266 0.262 0.275 0.316 0.385 0.455 0.507 0.533 0.535 0.500 0.391 0.236 0.129 0.068 0.036 0.021 0.016 0.014 0.015 0.023 0.057 0.134 0.180 0.192 0.192 0.188 0.185 0.184 0.189 0.214 0.232 0.234 0.223 0.188 0.126 0.066 0.033 0.015 0.007 0.003 0.001 0.000 0.000
0.142 0.151 0.155 0.152 0.143 0.131 0.124 0.132 0.148 0.176 0.223 0.300 0.408 0.511 0.584 0.637 0.679 0.706 0.712 0.701 0.701 0.733 0.806 0.856 0.868 0.869 0.896 0.976 1.008 0.986 0.870 0.617 0.378 0.277 0.250 0.251 0.273 0.330 0.416 0.490 0.540 0.561 0.559 0.516 0.397 0.234 0.125 0.063 0.033 0.020 0.015 0.014 0.016 0.026 0.067 0.143 0.181 0.191 0.192 0.191 0.191 0.193 0.200 0.222 0.230 0.229 0.213 0.172 0.104 0.053 0.025 0.011 0.005 0.002 0.001 0.000 0.000
0.079 0.081 0.079 0.077 0.076 0.082 0.094 0.110 0.128 0.151 0.189 0.254 0.349 0.458 0.547 0.617 0.677 0.731 0.765 0.772 0.772 0.795 0.858 0.917 0.946 0.966 1.015 1.086 1.098 1.037 0.850 0.550 0.342 0.261 0.242 0.245 0.273 0.345 0.448 0.523 0.567 0.582 0.576 0.524 0.396 0.229 0.118 0.058 0.030 0.019 0.015 0.015 0.017 0.030 0.078 0.151 0.184 0.195 0.197 0.198 0.200 0.201 0.209 0.225 0.229 0.224 0.201 0.152 0.084 0.040 0.019 0.008 0.003 0.001 0.001 0.000 0.000
0.039 0.038 0.037 0.039 0.048 0.065 0.082 0.098 0.112 0.131 0.163 0.216 0.296 0.401 0.505 0.592 0.669 0.743 0.809 0.845 0.856 0.870 0.912 0.974 1.034 1.096 1.171 1.217 1.200 1.075 0.804 0.493 0.321 0.255 0.239 0.244 0.278 0.360 0.476 0.552 0.588 0.595 0.581 0.518 0.381 0.213 0.106 0.051 0.027 0.019 0.016 0.016 0.020 0.036 0.088 0.158 0.192 0.205 0.209 0.210 0.210 0.210 0.216 0.226 0.226 0.216 0.186 0.128 0.065 0.030 0.013 0.006 0.002 0.001 0.000 0.000 0.000
0.017 0.017 0.018 0.025 0.040 0.058 0.074 0.087 0.099 0.116 0.143 0.186 0.248 0.335 0.443 0.552 0.650 0.743 0.832 0.905 0.943 0.960 0.984 1.039 1.144 1.253 1.321 1.336 1.279 1.085 0.746 0.454 0.309 0.253 0.240 0.246 0.285 0.380 0.505 0.579 0.607 0.608 0.580 0.500 0.350 0.188 0.090 0.043 0.025 0.018 0.017 0.018 0.023 0.043 0.097 0.165 0.202 0.218 0.224 0.225 0.224 0.222 0.223 0.226 0.221 0.205 0.167 0.102 0.048 0.021 0.009 0.004 0.002 0.001 0.000 0.000 0.000
0.008 0.009 0.012 0.021 0.035 0.053 0.066 0.077 0.088 0.102 0.125 0.161 0.212 0.280 0.375 0.496 0.616 0.727 0.835 0.936 1.008 1.044 1.072 1.129 1.256 1.378 1.424 1.416 1.310 1.045 0.674 0.421 0.303 0.257 0.247 0.256 0.302 0.408 0.536 0.603 0.623 0.618 0.577 0.479 0.314 0.159 0.074 0.036 0.022 0.018 0.018 0.020 0.028 0.051 0.104 0.170 0.213 0.237 0.247 0.249 0.247 0.241 0.237 0.233 0.220 0.194 0.146 0.078 0.035 0.015 0.006 0.003 0.001 0.000 0.000 0.000 0.000
0.004 0.006 0.011 0.019 0.031 0.048 0.060 0.069 0.078 0.090 0.111 0.142 0.184 0.238 0.316 0.428 0.556 0.681 0.811 0.939 1.044 1.113 1.164 1.235 1.370 1.480 1.511 1.474 1.307 0.972 0.608 0.399 0.301 0.265 0.259 0.271 0.323 0.438 0.565 0.626 0.638 0.626 0.573 0.457 0.276 0.133 0.060 0.031 0.020 0.018 0.019 0.023 0.034 0.060 0.110 0.175 0.227 0.261 0.278 0.281 0.278 0.267 0.255 0.240 0.217 0.180 0.120 0.057 0.024 0.010 0.004 0.002 0.001 0.000 0.000 0.000 0.000
0.003 0.006 0.010 0.017 0.028 0.043 0.054 0.062 0.070 0.082 0.101 0.130 0.165 0.206 0.264 0.349 0.463 0.593 0.741 0.901 1.049 1.164 1.253 1.352 1.499 1.589 1.603 1.535 1.315 0.926 0.574 0.386 0.302 0.273 0.270 0.284 0.338 0.459 0.589 0.649 0.659 0.640 0.574 0.440 0.247 0.114 0.051 0.027 0.020 0.018 0.020 0.026 0.041 0.069 0.116 0.176 0.239 0.288 0.313 0.319 0.314 0.297 0.273 0.242 0.206 0.157 0.089 0.039 0.016 0.007 0.003 0.001 0.000 0.000 0.000 0.000 0.000
0.003 0.005 0.009 0.016 0.026 0.039 0.049 0.057 0.064 0.075 0.093 0.120 0.151 0.183 0.222 0.278 0.359 0.471 0.621 0.805 1.005 1.187 1.341 1.501 1.664 1.738 1.734 1.629 1.341 0.891 0.558 0.381 0.304 0.281 0.279 0.294 0.348 0.470 0.605 0.670 0.682 0.662 0.587 0.427 0.223 0.100 0.046 0.026 0.020 0.020 0.022 0.031 0.048 0.078 0.122 0.178 0.249 0.316 0.351 0.359 0.351 0.327 0.287 0.238 0.185 0.122 0.060 0.026 0.011 0.005 0.002 0.001 0.000 0.000 0.000 0.000 0.000
0.003 0.005 0.008 0.014 0.024 0.036 0.046 0.052 0.060 0.070 0.086 0.112 0.141 0.166 0.191 0.225 0.282 0.374 0.509 0.689 0.916 1.169 1.411 1.633 1.803 1.866 1.850 1.706 1.349 0.868 0.554 0.386 0.311 0.289 0.288 0.304 0.357 0.479 0.621 0.689 0.702 0.685 0.605 0.417 0.201 0.088 0.042 0.026 0.022 0.022 0.026 0.036 0.055 0.086 0.128 0.183 0.261 0.348 0.395 0.404 0.395 0.360 0.297 0.224 0.154 0.087 0.041 0.018 0.007 0.003 0.001 0.000 0.000 0.000 0.000 0.000 0.000
0.003 0.004 0.008 0.013 0.022 0.034 0.043 0.049 0.056 0.065 0.080 0.104 0.133 0.152 0.168 0.188 0.227 0.301 0.426 0.600 0.826 1.123 1.452 1.723 1.902 1.954 1.921 1.734 1.321 0.853 0.566 0.408 0.330 0.301 0.299 0.313 0.369 0.503 0.655 0.726 0.739 0.718 0.622 0.401 0.183 0.079 0.039 0.026 0.024 0.025 0.029 0.040 0.062 0.093 0.135 0.191 0.278 0.388 0.446 0.457 0.443 0.389 0.294 0.197 0.119 0.061 0.028 0.012 0.005 0.002 0.001 0.000 0.000 0.000 0.000 0.000 0.000
0.002 0.004 0.007 0.012 0.020 0.031 0.040 0.046 0.053 0.061 0.074 0.097 0.125 0.142 0.151 0.162 0.185 0.241 0.350 0.519 0.753 1.077 1.475 1.786 1.971 2.018 1.968 1.737 1.288 0.854 0.597 0.449 0.363 0.322 0.312 0.324 0.386 0.545 0.712 0.783 0.794 0.764 0.640 0.378 0.164 0.070 0.037 0.027 0.026 0.027 0.032 0.044 0.067 0.101 0.144 0.205 0.304 0.429 0.496 0.508 0.486 0.408 0.279 0.165 0.089 0.042 0.018 0.007 0.003 0.001 0.000 0.000 0.000 0.000 0.000 0.000 0.000
0.002 0.004 0.006 0.011 0.018 0.028 0.037 0.043 0.050 0.057 0.069 0.090 0.118 0.133 0.139 0.144 0.156 0.194 0.282 0.444 0.690 1.046 1.501 1.838 2.018 2.057 1.989 1.733 1.274 0.872 0.639 0.495 0.402 0.352 0.335 0.343 0.408 0.588 0.769 0.838 0.845 0.797 0.629 0.336 0.141 0.061 0.035 0.029 0.028 0.029 0.033 0.046 0.071 0.109 0.159 0.232 0.349 0.476 0.539 0.547 0.513 0.410 0.254 0.136 0.066 0.029 0.011 0.004 0.002 0.001 0.000 0.000 0.000 0.000 0.000 0.000 0.000
0.002 0.003 0.006 0.009 0.016 0.025 0.034 0.040 0.046 0.053 0.064 0.084 0.111 0.126 0.130 0.131 0.136 0.157 0.221 0.367 0.626 1.024 1.525 1.876 2.037 2.064 1.985 1.727 1.284 0.909 0.682 0.536 0.442 0.390 0.373 0.380 0.451 0.642 0.823 0.890 0.892 0.819 0.586 0.276 0.113 0.053 0.034 0.030 0.029 0.030 0.034 0.047 0.074 0.118 0.181 0.277 0.419 0.533 0.578 0.576 0.522 0.389 0.219 0.107 0.047 0.019 0.007 0.002 0.001 0.000 0.000 0.000 0.000 0.000 0.000 0.000 0.000
0.002 0.003 0.005 0.008 0.014 0.022 0.031 0.037 0.043 0.049 0.060 0.078 0.105 0.120 0.123 0.123 0.124 0.133 0.172 0.285 0.531 0.956 1.511 1.882 2.035 2.051 1.971 1.737 1.342 0.981 0.741 0.582 0.484 0.433 0.418 0.431 0.517 0.719 0.883 0.936 0.928 0.817 0.510 0.216 0.092 0.049 0.035 0.031 0.030 0.031 0.035 0.048 0.079 0.132 0.215 0.345 0.504 0.594 0.617 0.595 0.504 0.334 0.169 0.075 0.030 0.011 0.004 0.001 0.001 0.000 0.000 0.000 0.000 0.000 0.000 0.000 0.000
0.001 0.003 0.004 0.007 0.012 0.019 0.027 0.034 0.040 0.046 0.055 0.071 0.096 0.113 0.118 0.118 0.117 0.120 0.139 0.206 0.389 0.777 1.383 1.847 2.035 2.057 1.992 1.803 1.474 1.097 0.819 0.640 0.536 0.487 0.476 0.499 0.605 0.813 0.947 0.981 0.953 0.778 0.414 0.170 0.079 0.048 0.038 0.034 0.033 0.033 0.037 0.051 0.088 0.159 0.276 0.448 0.595 0.654 0.654 0.592 0.436 0.239 0.108 0.045 0.018 0.006 0.002 0.001 0.000 0.000 0.000 0.000 0.000 0.000 0.000 0.000 0.000
0.001 0.002 0.004 0.007 0.011 0.017 0.024 0.030 0.036 0.042 0.051 0.065 0.088 0.105 0.112 0.113 0.113 0.113 0.121 0.156 0.262 0.537 1.098 1.723 2.030 2.102 2.067 1.932 1.666 1.271 0.921 0.710 0.602 0.560 0.555 0.593 0.724 0.920 1.022 1.041 0.979 0.708 0.330 0.142 0.074 0.051 0.042 0.038 0.036 0.036 0.040 0.057 0.103 0.204 0.379 0.578 0.692 0.718 0.682 0.549 0.324 0.148 0.064 0.026 0.010 0.003 0.001 0.000 0.000 0.000 0.000 0.000 0.000 0.000 0.000 0.000 0.000
0.001 0.002 0.004 0.006 0.010 0.015 0.021 0.027 0.033 0.039 0.047 0.060 0.081 0.099 0.108 0.110 0.110 0.108 0.111 0.129 0.189 0.358 0.774 1.464 1.960 2.143 2.168 2.103 1.912 1.545 1.107 0.834 0.703 0.660 0.662 0.718 0.875 1.052 1.128 1.132 1.008 0.636 0.284 0.131 0.076 0.056 0.047 0.042 0.041 0.041 0.045 0.065 0.125 0.268 0.518 0.714 0.784 0.779 0.687 0.463 0.223 0.094 0.038 0.014 0.005 0.002 0.001 0.000 0.000 0.000 0.000 0.000 0.000 0.000 0.000 0.000 0.000
