RESULTS/r.avaflow_results/23_results/23_ascii/23_hflow_fin.asc
ncols 506
nrows 317
xllcenter 498237.50
yllcenter 5580050.00
cellsize 12.50
NODATA_value -9999.000
[rows 136 to 169 of 317, columns 154 to 230 of 506]
0.000 0.000 0.000 0.000 0.000 0.000 0.000 0.000 0.000 0.000 0.000 0.000 0.000 0.000 0.000 0.000 0.000 0.000 0.000 0.000 0.000 0.000 0.000 0.000 0.000 0.000 0.000 0.000 0.000 0.000 0.000 0.000 0.000 0.000 0.000 0.000 0.000 0.000 0.000 0.000 0.000 0.000 0.000 0.000 0.000 0.000 0.000 0.000 0.000 0.000 0.000 0.000 0.000 0.000 0.000 0.000 0.000 0.000 0.000 0.000 0.000 0.000 0.000 0.000 0.000 0.000 0.000 0.000 0.000 0.000 0.000 0.000 0.000 0.000 0.000 0.000 0.000
0.000 0.000 0.000 0.000 0.000 0.000 0.000 0.000 0.000 0.000 0.000 0.000 0.000 0.000 0.000 0.000 0.000 0.000 0.000 0.000 0.000 0.000 0.000 0.000 0.000 0.000 0.000 0.000 0.000 0.000 0.000 0.000 0.000 0.000 0.000 0.000 0.000 0.000 0.000 0.000 0.000 0.000 0.000 0.000 0.000 0.000 0.000 0.000 0.000 0.000 0.000 0.000 0.000 0.000 0.000 0.000 0.000 0.000 0.000 0.000 0.000 0.000 0.000 0.000 0.000 0.000 0.000 0.000 0.000 0.000 0.000 0.000 0.000 0.000 0.000 0.000 0.000
0.000 0.000 0.000 0.000 0.000 0.000 0.000 0.000 0.000 0.000 0.000 0.000 0.000 0.000 0.000 0.000 0.000 0.000 0.000 0.000 0.000 0.000 0.000 0.000 0.000 0.000 0.000 0.000 0.000 0.000 0.000 0.000 0.000 0.000 0.000 0.000 0.000 0.000 0.000 0.000 0.000 0.000 0.000 0.000 0.000 0.000 0.000 0.000 0.000 0.000 0.000 0.000 0.000 0.000 0.000 0.000 0.000 0.000 0.000 0.000 0.000 0.000 0.000 0.000 0.000 0.000 0.000 0.000 0.000 0.000 0.000 0.000 0.000 0.000 0.000 0.000 0.000
0.000 0.000 0.000 0.000 0.000 0.000 0.000 0.000 0.000 0.000 0.000 0.000 0.000 0.000 0.000 0.000 0.000 0.000 0.000 0.000 0.000 0.000 0.000 0.000 0.000 0.000 0.000 0.000 0.000 0.000 0.000 0.000 0.000 0.000 0.000 0.000 0.000 0.000 0.000 0.000 0.000 0.000 0.000 0.000 0.000 0.000 0.000 0.000 0.000 0.000 0.000 0.000 0.000 0.000 0.000 0.000 0.000 0.000 0.000 0.000 0.000 0.000 0.000 0.000 0.000 0.000 0.000 0.000 0.000 0.000 0.000 0.000 0.000 0.000 0.000 0.000 0.000
0.000 0.000 0.000 0.000 0.000 0.000 0.000 0.000 0.000 0.000 0.000 0.000 0.000 0.000 0.000 0.000 0.000 0.000 0.000 0.000 0.000 0.000 0.000 0.000 0.000 0.000 0.000 0.000 0.000 0.000 0.000 0.000 0.000 0.000 0.000 0.000 0.000 0.000 0.000 0.000 0.000 0.000 0.000 0.000 0.000 0.000 0.000 0.000 0.000 0.000 0.000 0.000 0.000 0.000 0.000 0.000 0.000 0.000 0.000 0.000 0.000 0.000 0.000 0.000 0.000 0.000 0.000 0.000 0.000 0.000 0.000 0.000 0.000 0.000 0.000 0.000 0.000
0.000 0.000 0.000 0.000 0.000 0.000 0.000 0.000 0.000 0.000 0.000 0.000 0.000 0.000 0.000 0.000 0.000 0.000 0.000 0.000 0.000 0.000 0.000 0.000 0.000 0.000 0.000 0.000 0.000 0.000 0.000 0.000 0.000 0.000 0.000 0.000 0.000 0.000 0.000 0.000 0.000 0.000 0.000 0.000 0.000 0.000 0.000 0.000 0.000 0.000 0.000 0.000 0.000 0.000 0.000 0.000 0.000 0.000 0.000 0.000 0.000 0.000 0.000 0.000 0.000 0.000 0.000 0.000 0.000 0.000 0.000 0.000 0.000 0.000 0.000 0.000 0.000
0.000 0.000 0.000 0.000 0.000 0.000 0.000 0.000 0.000 0.000 0.000 0.000 0.000 0.000 0.000 0.000 0.000 0.000 0.000 0.000 0.000 0.000 0.000 0.000 0.000 0.000 0.000 0.000 0.000 0.000 0.000 0.000 0.000 0.000 0.000 0.000 0.000 0.000 0.000 0.000 0.000 0.000 0.000 0.000 0.000 0.000 0.000 0.000 0.000 0.000 0.000 0.000 0.000 0.000 0.000 0.000 0.000 0.000 0.000 0.000 0.000 0.000 0.000 0.000 0.000 0.000 0.000 0.000 0.000 0.000 0.000 0.000 0.000 0.000 0.000 0.000 0.000
0.000 0.000 0.000 0.000 0.000 0.000 0.000 0.000 0.000 0.000 0.000 0.000 0.000 0.000 0.000 0.000 0.000 0.000 0.000 0.000 0.000 0.000 0.000 0.000 0.000 0.000 0.000 0.000 0.000 0.000 0.000 0.000 0.000 0.000 0.000 0.000 0.000 0.000 0.000 0.000 0.000 0.000 0.000 0.000 0.000 0.000 0.000 0.000 0.000 0.000 0.000 0.000 0.000 0.000 0.000 0.000 0.000 0.000 0.000 0.000 0.000 0.000 0.000 0.000 0.000 0.000 0.000 0.000 0.000 0.000 0.000 0.000 0.000 0.000 0.000 0.000 0.000
0.000 0.000 0.000 0.000 0.000 0.000 0.000 0.000 0.000 0.000 0.000 0.000 0.000 0.000 0.000 0.000 0.000 0.000 0.000 0.000 0.000 0.000 0.000 0.000 0.000 0.000 0.000 0.000 0.000 0.000 0.000 0.000 0.000 0.000 0.000 0.000 0.000 0.000 0.000 0.000 0.000 0.000 0.000 0.000 0.000 0.000 0.000 0.000 0.000 0.000 0.000 0.000 0.000 0.000 0.000 0.000 0.000 0.000 0.000 0.000 0.000 0.000 0.000 0.000 0.000 0.000 0.000 0.000 0.000 0.000 0.000 0.000 0.000 0.000 0.000 0.000 0.000
0.000 0.000 0.000 0.000 0.000 0.000 0.000 0.000 0.000 0.000 0.000 0.000 0.000 0.000 0.000 0.000 0.000 0.000 0.000 0.000 0.000 0.000 0.000 0.000 0.000 0.000 0.000 0.000 0.000 0.000 0.000 0.000 0.000 0.000 0.000 0.000 0.000 0.000 0.000 0.000 0.000 0.000 0.000 0.000 0.000 0.000 0.000 0.000 0.000 0.000 0.000 0.000 0.000 0.000 0.000 0.000 0.000 0.000 0.000 0.000 0.000 0.000 0.000 0.000 0.000 0.000 0.000 0.000 0.000 0.000 0.000 0.000 0.000 0.000 0.000 0.000 0.000
0.000 0.000 0.000 0.000 0.000 0.000 0.000 0.000 0.000 0.000 0.000 0.000 0.000 0.000 0.000 0.000 0.000 0.000 0.000 0.000 0.000 0.000 0.000 0.000 0.000 0.000 0.000 0.000 0.000 0.000 0.000 0.000 0.000 0.000 0.000 0.000 0.000 0.000 0.000 0.000 0.000 0.000 0.000 0.000 0.000 0.000 0.000 0.000 0.000 0.000 0.000 0.000 0.000 0.000 0.000 0.000 0.000 0.000 0.000 0.000 0.000 0.000 0.000 0.000 0.000 0.000 0.000 0.000 0.000 0.000 0.000 0.000 0.000 0.000 0.000 0.000 0.000
0.000 0.000 0.000 0.000 0.000 0.000 0.000 0.000 0.000 0.000 0.000 0.000 0.000 0.000 0.000 0.000 0.000 0.000 0.000 0.000 0.000 0.000 0.000 0.000 0.000 0.000 0.000 0.000 0.000 0.000 0.000 0.000 0.000 0.000 0.000 0.000 0.000 0.000 0.000 0.000 0.000 0.000 0.000 0.000 0.000 0.000 0.000 0.000 0.000 0.000 0.000 0.000 0.000 0.000 0.000 0.000 0.000 0.000 0.000 0.000 0.000 0.000 0.000 0.000 0.000 0.000 0.000 0.000 0.000 0.000 0.000 0.000 0.000 0.000 0.000 0.000 0.000
0.000 0.000 0.000 0.000 0.000 0.000 0.000 0.000 0.000 0.000 0.000 0.000 0.000 0.000 0.000 0.000 0.000 0.000 0.000 0.000 0.000 0.000 0.000 0.000 0.000 0.000 0.000 0.000 0.000 0.000 0.000 0.000 0.000 0.000 0.000 0.000 0.000 0.000 0.000 0.000 0.000 0.000 0.000 0.000 0.000 0.000 0.000 0.000 0.000 0.000 0.000 0.000 0.000 0.000 0.000 0.000 0.000 0.000 0.000 0.000 0.000 0.000 0.000 0.000 0.000 0.000 0.000 0.000 0.000 0.000 0.000 0.000 0.000 0.000 0.000 0.000 0.000
0.000 0.000 0.000 0.000 0.000 0.000 0.000 0.000 0.000 0.000 0.000 0.000 0.000 0.000 0.000 0.000 0.000 0.000 0.000 0.000 0.000 0.000 0.000 0.000 0.000 0.000 0.000 0.000 0.000 0.000 0.000 0.000 0.000 0.000 0.000 0.000 0.000 0.000 0.000 0.000 0.000 0.000 0.000 0.000 0.000 0.000 0.000 0.000 0.000 0.000 0.000 0.000 0.000 0.000 0.000 0.000 0.000 0.000 0.000 0.000 0.000 0.000 0.000 0.000 0.000 0.000 0.000 0.000 0.000 0.000 0.000 0.000 0.000 0.000 0.000 0.000 0.000
0.001 0.001 0.001 0.001 0.001 0.001 0.001 0.000 0.000 0.000 0.000 0.000 0.000 0.000 0.000 0.000 0.000 0.000 0.000 0.000 0.000 0.000 0.000 0.000 0.000 0.000 0.000 0.000 0.000 0.000 0.000 0.000 0.000 0.000 0.000 0.000 0.000 0.000 0.000 0.000 0.000 0.000 0.000 0.000 0.000 0.000 0.000 0.000 0.000 0.000 0.000 0.000 0.000 0.000 0.000 0.000 0.000 0.000 0.000 0.000 0.000 0.000 0.000 0.000 0.000 0.000 0.000 0.000 0.000 0.000 0.000 0.000 0.000 0.000 0.000 0.000 0.000
0.003 0.003 0.002 0.002 0.002 0.002 0.001 0.001 0.001 0.001 0.001 0.001 0.000 0.000 0.000 0.000 0.000 0.000 0.000 0.000 0.000 0.000 0.000 0.000 0.000 0.000 0.000 0.000 0.000 0.000 0.000 0.000 0.000 0.000 0.000 0.000 0.000 0.000 0.000 0.000 0.000 0.000 0.000 0.000 0.000 0.000 0.000 0.000 0.001 0.001 0.001 0.001 0.001 0.001 0.001 0.001 0.001 0.001 0.001 0.001 0.001 0.001 0.001 0.001 0.001 0.001 0.001 0.001 0.001 0.001 0.001 0.001 0.000 0.000 0.000 0.000 0.000
0.005 0.004 0.004 0.004 0.003 0.003 0.003 0.002 0.002 0.002 0.002 0.001 0.001 0.001 0.001 0.001 0.001 0.000 0.000 0.000 0.000 0.000 0.000 0.000 0.000 0.000 0.000 0.000 0.000 0.000 0.000 0.000 0.000 0.000 0.000 0.000 0.000 0.000 0.000 0.000 0.000 0.000 0.000 0.000 0.000 0.000 0.001 0.002 0.002 0.002 0.002 0.003 0.003 0.003 0.003 0.003 0.002 0.002 0.002 0.002 0.002 0.002 0.002 0.002 0.002 0.002 0.002 0.002 0.002 0.002 0.002 0.002 0.002 0.001 0.001 0.001 0.001
0.008 0.007 0.006 0.005 0.005 0.004 0.004 0.004 0.003 0.003 0.003 0.003 0.002 0.002 0.002 0.002 0.002 0.001 0.001 0.001 0.001 0.001 0.001 0.000 0.000 0.000 0.000 0.000 0.000 0.000 0.000 0.000 0.000 0.000 0.000 0.000 0.000 0.000 0.000 0.000 0.000 0.000 0.000 0.000 0.001 0.002 0.003 0.004 0.004 0.005 0.005 0.005 0.005 0.005 0.005 0.005 0.005 0.005 0.005 0.004 0.004 0.004 0.004 0.004 0.004 0.004 0.005 0.005 0.004 0.004 0.004 0.004 0.003 0.003 0.002 0.002 0.001
0.012 0.010 0.009 0.008 0.007 0.007 0.006 0.006 0.005 0.005 0.005 0.004 0.004 0.004 0.004 0.003 0.003 0.003 0.003 0.002 0.002 0.002 0.002 0.001 0.001 0.001 0.001 0.001 0.001 0.001 0.001 0.001 0.001 0.001 0.001 0.001 0.001 0.001 0.001 0.001 0.001 0.001 0.001 0.002 0.003 0.004 0.005 0.007 0.008 0.008 0.009 0.009 0.009 0.009 0.009 0.009 0.009 0.008 0.008 0.008 0.007 0.007 0.007 0.007 0.007 0.008 0.008 0.008 0.008 0.007 0.007 0.006 0.005 0.004 0.004 0.003 0.002
0.019 0.016 0.013 0.012 0.010 0.009 0.009 0.008 0.008 0.007 0.007 0.006 0.006 0.006 0.006 0.005 0.005 0.005 0.004 0.004 0.004 0.003 0.003 0.003 0.003 0.003 0.002 0.002 0.002 0.002 0.002 0.002 0.002 0.002 0.002 0.002 0.002 0.002 0.002 0.002 0.003 0.003 0.004 0.004 0.006 0.007 0.009 0.011 0.012 0.013 0.014 0.014 0.014 0.014 0.014 0.014 0.013 0.013 0.012 0.012 0.011 0.011 0.011 0.011 0.012 0.012 0.012 0.012 0.012 0.012 0.011 0.009 0.008 0.006 0.005 0.004 0.004
0.038 0.028 0.021 0.017 0.015 0.013 0.012 0.011 0.011 0.010 0.010 0.009 0.009 0.008 0.008 0.008 0.007 0.007 0.007 0.006 0.006 0.005 0.005 0.005 0.005 0.004 0.004 0.004 0.004 0.004 0.004 0.003 0.003 0.004 0.004 0.004 0.004 0.004 0.004 0.005 0.005 0.006 0.007 0.008 0.009 0.011 0.013 0.016 0.018 0.019 0.020 0.021 0.021 0.021 0.021 0.021 0.020 0.019 0.018 0.018 0.017 0.017 0.017 0.017 0.017 0.018 0.019 0.019 0.019 0.018 0.016 0.013 0.011 0.009 0.008 0.006 0.005
0.091 0.060 0.040 0.030 0.023 0.020 0.017 0.016 0.015 0.014 0.013 0.013 0.012 0.012 0.011 0.011 0.010 0.010 0.009 0.009 0.009 0.008 0.008 0.007 0.007 0.007 0.006 0.006 0.006 0.006 0.006 0.006 0.006 0.006 0.006 0.006 0.006 0.007 0.007 0.008 0.009 0.010 0.011 0.012 0.014 0.016 0.019 0.022 0.025 0.027 0.029 0.030 0.031 0.031 0.031 0.031 0.030 0.029 0.028 0.027 0.026 0.025 0.025 0.025 0.025 0.028 0.030 0.031 0.030 0.028 0.024 0.019 0.015 0.012 0.010 0.008 0.007
0.261 0.158 0.095 0.061 0.043 0.033 0.027 0.024 0.022 0.020 0.019 0.018 0.017 0.016 0.015 0.015 0.014 0.014 0.013 0.013 0.012 0.012 0.011 0.011 0.010 0.010 0.009 0.009 0.009 0.009 0.009 0.009 0.009 0.009 0.009 0.009 0.010 0.010 0.011 0.012 0.013 0.014 0.016 0.018 0.020 0.023 0.026 0.030 0.034 0.037 0.040 0.043 0.045 0.046 0.046 0.046 0.045 0.044 0.043 0.041 0.039 0.038 0.037 0.037 0.039 0.044 0.050 0.052 0.052 0.047 0.037 0.027 0.020 0.016 0.013 0.011 0.009
0.721 0.447 0.261 0.154 0.098 0.068 0.051 0.041 0.035 0.031 0.028 0.026 0.025 0.023 0.022 0.020 0.020 0.019 0.018 0.017 0.017 0.016 0.015 0.015 0.014 0.014 0.013 0.013 0.013 0.013 0.013 0.013 0.013 0.013 0.013 0.013 0.014 0.015 0.016 0.017 0.019 0.021 0.023 0.025 0.028 0.031 0.035 0.040 0.045 0.050 0.055 0.061 0.066 0.069 0.071 0.071 0.070 0.069 0.067 0.065 0.063 0.061 0.060 0.061 0.065 0.077 0.091 0.096 0.096 0.086 0.063 0.040 0.028 0.021 0.016 0.014 0.012
1.581 1.073 0.669 0.405 0.249 0.162 0.112 0.084 0.066 0.054 0.047 0.042 0.038 0.035 0.032 0.030 0.028 0.027 0.025 0.024 0.023 0.022 0.021 0.020 0.019 0.018 0.018 0.017 0.017 0.017 0.017 0.017 0.017 0.017 0.018 0.018 0.019 0.020 0.021 0.023 0.026 0.028 0.031 0.034 0.038 0.042 0.047 0.053 0.060 0.068 0.077 0.088 0.098 0.106 0.110 0.112 0.112 0.111 0.109 0.107 0.105 0.103 0.104 0.107 0.118 0.147 0.180 0.193 0.192 0.171 0.120 0.068 0.041 0.028 0.021 0.017 0.014
2.770 2.054 1.395 0.923 0.605 0.399 0.269 0.188 0.138 0.106 0.087 0.075 0.067 0.060 0.054 0.048 0.044 0.041 0.039 0.037 0.034 0.032 0.030 0.028 0.026 0.025 0.024 0.023 0.023 0.023 0.022 0.022 0.023 0.023 0.023 0.024 0.025 0.027 0.029 0.032 0.035 0.039 0.043 0.047 0.051 0.056 0.062 0.070 0.080 0.094 0.112 0.134 0.152 0.167 0.178 0.183 0.184 0.184 0.183 0.181 0.181 0.182 0.187 0.198 0.226 0.291 0.368 0.399 0.396 0.352 0.245 0.130 0.069 0.040 0.028 0.021 0.018
3.988 3.216 2.400 1.728 1.227 0.863 0.605 0.423 0.298 0.219 0.171 0.144 0.127 0.113 0.101 0.090 0.081 0.073 0.067 0.061 0.056 0.050 0.044 0.041 0.038 0.035 0.033 0.032 0.030 0.030 0.029 0.029 0.029 0.030 0.030 0.032 0.034 0.037 0.041 0.045 0.050 0.055 0.060 0.065 0.071 0.078 0.085 0.097 0.114 0.139 0.173 0.212 0.245 0.271 0.289 0.298 0.302 0.302 0.301 0.301 0.303 0.309 0.320 0.343 0.391 0.485 0.616 0.700 0.716 0.662 0.492 0.263 0.127 0.064 0.038 0.027 0.022
5.067 4.313 3.509 2.739 2.089 1.566 1.159 0.847 0.613 0.449 0.347 0.289 0.255 0.230 0.206 0.184 0.164 0.147 0.132 0.118 0.103 0.087 0.074 0.065 0.058 0.053 0.048 0.044 0.041 0.039 0.038 0.038 0.038 0.039 0.040 0.042 0.046 0.052 0.059 0.066 0.074 0.081 0.088 0.095 0.103 0.111 0.122 0.140 0.168 0.213 0.278 0.342 0.393 0.426 0.441 0.438 0.426 0.418 0.416 0.416 0.417 0.421 0.432 0.455 0.503 0.594 0.741 0.872 0.925 0.908 0.772 0.488 0.234 0.109 0.057 0.036 0.028
6.056 5.311 4.555 3.787 3.074 2.449 1.919 1.485 1.137 0.876 0.697 0.588 0.522 0.475 0.433 0.391 0.351 0.314 0.280 0.247 0.213 0.175 0.141 0.115 0.097 0.084 0.074 0.065 0.059 0.054 0.052 0.052 0.052 0.053 0.055 0.060 0.067 0.077 0.090 0.103 0.115 0.126 0.136 0.145 0.155 0.166 0.182 0.210 0.257 0.337 0.437 0.511 0.549 0.561 0.550 0.519 0.491 0.478 0.476 0.475 0.476 0.478 0.485 0.504 0.542 0.621 0.759 0.910 0.992 1.004 0.927 0.697 0.384 0.180 0.087 0.050 0.036
6.973 6.244 5.526 4.804 4.095 3.432 2.842 2.333 1.909 1.575 1.330 1.163 1.048 0.960 0.881 0.802 0.728 0.658 0.590 0.523 0.452 0.369 0.287 0.224 0.178 0.146 0.122 0.104 0.090 0.082 0.077 0.075 0.075 0.077 0.083 0.093 0.107 0.126 0.151 0.173 0.192 0.207 0.220 0.231 0.242 0.257 0.282 0.328 0.400 0.491 0.571 0.615 0.629 0.621 0.587 0.536 0.503 0.490 0.488 0.488 0.489 0.490 0.496 0.510 0.542 0.607 0.725 0.882 0.984 1.010 0.975 0.820 0.529 0.269 0.131 0.071 0.047
7.852 7.146 6.474 5.811 5.148 4.498 3.904 3.382 2.941 2.588 2.313 2.101 1.931 1.781 1.632 1.482 1.353 1.237 1.123 1.005 0.872 0.713 0.552 0.425 0.333 0.266 0.217 0.180 0.153 0.135 0.126 0.123 0.123 0.128 0.139 0.158 0.187 0.228 0.271 0.306 0.334 0.354 0.367 0.378 0.388 0.408 0.444 0.491 0.540 0.587 0.624 0.642 0.644 0.626 0.578 0.520 0.485 0.470 0.468 0.468 0.470 0.474 0.481 0.492 0.514 0.556 0.639 0.782 0.917 0.971 0.961 0.867 0.647 0.367 0.186 0.100 0.063
8.745 8.065 7.442 6.849 6.258 5.656 5.099 4.615 4.214 3.891 3.625 3.392 3.176 2.955 2.710 2.452 2.239 2.059 1.884 1.697 1.478 1.211 0.942 0.730 0.573 0.461 0.380 0.320 0.276 0.246 0.230 0.224 0.225 0.234 0.253 0.289 0.349 0.429 0.495 0.542 0.575 0.595 0.605 0.609 0.609 0.609 0.608 0.606 0.606 0.613 0.624 0.630 0.621 0.587 0.522 0.459 0.421 0.404 0.400 0.401 0.406 0.416 0.427 0.437 0.447 0.465 0.506 0.609 0.770 0.877 0.903 0.862 0.721 0.472 0.254 0.139 0.086
9.732 9.107 8.545 8.021 7.502 6.955 6.451 6.038 5.703 5.430 5.193 4.965 4.724 4.446 4.115 3.746 3.408 3.118 2.842 2.553 2.220 1.823 1.433 1.121 0.887 0.724 0.615 0.541 0.488 0.451 0.431 0.425 0.429 0.444 0.476 0.536 0.643 0.760 0.833 0.870 0.881 0.871 0.850 0.824 0.790 0.746 0.691 0.643 0.613 0.597 0.583 0.566 0.534 0.476 0.400 0.341 0.307 0.292 0.288 0.290 0.300 0.315 0.328 0.336 0.339 0.342 0.360 0.422 0.567 0.734 0.812 0.817 0.749 0.571 0.340 0.191 0.118
10.925 10.436 9.969 9.527 9.081 8.604 8.167 7.821 7.537 7.292 7.067 6.843 6.596 6.296 5.919 5.464 4.971 4.486 4.017 3.552 3.058 2.510 1.993 1.572 1.251 1.027 0.892 0.821 0.783 0.761 0.751 0.755 0.768 0.792 0.831 0.896 0.996 1.076 1.108 1.108 1.079 1.029 0.978 0.925 0.866 0.792 0.703 0.629 0.572 0.521 0.471 0.417 0.357 0.294 0.243 0.212 0.196 0.192 0.194 0.199 0.208 0.216 0.224 0.228 0.232 0.237 0.251 0.292 0.395 0.572 0.704 0.748 0.733 0.638 0.451 0.269 0.167
