RESULTS/r.avaflow_results/23_results/23_ascii/23_hflow0005.asc
ncols 506
nrows 317
xllcenter 498237.50
yllcenter 5580050.00
cellsize 12.50
NODATA_value -9999.000
[rows 170 to 203 of 317, columns 77 to 153 of 506]
0.000 0.000 0.000 0.000 0.000 0.000 0.000 0.000 0.000 0.000 0.000 0.000 0.000 0.000 0.000 0.000 0.000 0.000 0.000 0.000 0.000 0.000 0.000 0.000 0.000 0.000 0.000 0.000 0.000 0.000 0.000 0.000 0.000 0.000 0.000 0.000 0.000 0.000 0.000 0.000 0.000 0.000 0.000 0.000 0.000 0.000 0.001 0.002 0.004 0.008 0.012 0.020 0.036 0.077 0.197 0.512 1.253 2.732 5.104 8.039 10.750 12.873 14.381 15.238 15.517 15.462 15.180 14.728 14.206 13.547 12.626 11.495 10.455 9.698 9.140 8.705 8.375
0.000 0.000 0.000 0.000 0.000 0.000 0.000 0.000 0.000 0.000 0.000 0.000 0.000 0.000 0.000 0.000 0.000 0.000 0.000 0.000 0.000 0.000 0.000 0.000 0.000 0.000 0.000 0.000 0.000 0.000 0.000 0.000 0.000 0.000 0.000 0.000 0.000 0.000 0.000 0.000 0.000 0.000 0.000 0.000 0.000 0.000 0.001 0.003 0.007 0.011 0.018 0.031 0.063 0.160 0.430 1.089 2.403 4.520 7.377 10.338 12.721 14.472 15.574 16.061 16.107 15.902 15.444 14.851 14.224 13.537 12.763 12.058 11.626 11.434 11.389 11.430 11.595
0.000 0.000 0.000 0.000 0.000 0.000 0.000 0.000 0.000 0.000 0.000 0.000 0.000 0.000 0.000 0.000 0.000 0.000 0.000 0.000 0.000 0.000 0.000 0.000 0.000 0.000 0.000 0.000 0.000 0.000 0.000 0.000 0.000 0.000 0.000 0.000 0.000 0.000 0.000 0.000 0.000 0.000 0.000 0.000 0.000 0.001 0.002 0.005 0.010 0.016 0.027 0.049 0.108 0.262 0.637 1.501 3.130 5.571 8.635 11.452 13.619 15.109 15.935 16.215 16.195 15.951 15.491 14.941 14.418 13.946 13.591 13.445 13.451 13.494 13.614 13.968 14.668
0.000 0.000 0.000 0.000 0.000 0.000 0.000 0.000 0.000 0.000 0.000 0.000 0.000 0.000 0.000 0.000 0.000 0.000 0.000 0.000 0.000 0.000 0.000 0.000 0.000 0.000 0.000 0.000 0.000 0.000 0.000 0.000 0.000 0.000 0.000 0.000 0.000 0.000 0.000 0.000 0.000 0.001 0.001 0.002 0.003 0.003 0.005 0.008 0.013 0.022 0.039 0.075 0.154 0.333 0.733 1.634 3.331 5.857 8.978 11.695 13.751 15.129 15.859 16.100 16.086 15.900 15.560 15.261 15.091 15.004 14.943 14.888 14.870 14.908 15.151 15.805 16.954
0.000 0.000 0.000 0.000 0.000 0.000 0.000 0.000 0.000 0.000 0.000 0.000 0.000 0.000 0.000 0.000 0.000 0.000 0.000 0.000 0.000 0.000 0.000 0.000 0.000 0.000 0.000 0.000 0.000 0.000 0.000 0.000 0.000 0.000 0.000 0.000 0.000 0.000 0.001 0.001 0.002 0.003 0.006 0.008 0.010 0.011 0.013 0.014 0.019 0.029 0.050 0.094 0.184 0.366 0.750 1.598 3.224 5.712 8.841 11.501 13.423 14.665 15.343 15.664 15.815 15.868 15.834 15.813 15.809 15.781 15.681 15.557 15.525 15.636 16.074 16.957 18.297
0.000 0.000 0.000 0.000 0.000 0.000 0.000 0.000 0.000 0.000 0.000 0.000 0.000 0.000 0.000 0.000 0.000 0.000 0.000 0.000 0.000 0.000 0.000 0.000 0.000 0.000 0.000 0.000 0.000 0.000 0.000 0.000 0.000 0.000 0.000 0.000 0.001 0.002 0.003 0.005 0.007 0.011 0.018 0.025 0.030 0.033 0.037 0.037 0.034 0.040 0.060 0.107 0.201 0.379 0.724 1.419 2.795 5.103 8.239 10.979 12.858 14.035 14.769 15.294 15.704 15.979 16.087 16.087 16.035 15.950 15.791 15.646 15.619 15.799 16.371 17.359 18.689
0.000 0.000 0.000 0.000 0.000 0.000 0.000 0.000 0.000 0.000 0.000 0.000 0.000 0.000 0.000 0.000 0.000 0.000 0.000 0.000 0.000 0.000 0.000 0.000 0.000 0.000 0.000 0.000 0.000 0.000 0.000 0.000 0.001 0.001 0.002 0.003 0.004 0.007 0.010 0.015 0.022 0.032 0.048 0.066 0.078 0.086 0.092 0.094 0.083 0.073 0.084 0.128 0.222 0.401 0.736 1.370 2.602 4.840 8.112 11.079 13.045 14.237 15.006 15.602 16.074 16.342 16.372 16.173 15.887 15.630 15.351 15.161 15.135 15.384 16.063 17.127 18.459
0.000 0.000 0.000 0.000 0.000 0.000 0.000 0.000 0.000 0.000 0.000 0.000 0.000 0.000 0.000 0.000 0.000 0.000 0.000 0.000 0.000 0.000 0.000 0.001 0.001 0.002 0.002 0.002 0.002 0.002 0.002 0.003 0.004 0.005 0.007 0.009 0.014 0.020 0.028 0.039 0.055 0.079 0.117 0.156 0.178 0.189 0.197 0.199 0.179 0.147 0.150 0.195 0.300 0.512 0.913 1.640 2.993 5.464 9.173 12.627 14.885 16.224 17.055 17.607 17.867 17.805 17.356 16.593 15.708 14.886 14.241 13.867 13.777 14.016 14.768 15.966 17.426
0.000 0.000 0.000 0.000 0.000 0.000 0.000 0.000 0.000 0.000 0.000 0.000 0.000 0.000 0.000 0.000 0.000 0.000 0.000 0.000 0.000 0.001 0.002 0.005 0.006 0.007 0.007 0.007 0.007 0.008 0.008 0.010 0.012 0.015 0.020 0.027 0.037 0.051 0.069 0.093 0.126 0.177 0.257 0.327 0.365 0.379 0.381 0.370 0.327 0.275 0.270 0.322 0.452 0.723 1.240 2.163 3.805 6.690 10.875 14.658 17.086 18.563 19.496 20.036 20.162 19.928 19.200 17.961 16.488 15.139 14.133 13.534 13.318 13.438 14.080 15.153 16.448
0.000 0.000 0.000 0.000 0.000 0.000 0.000 0.000 0.000 0.000 0.000 0.000 0.000 0.000 0.000 0.000 0.000 0.000 0.000 0.000 0.002 0.004 0.010 0.016 0.020 0.022 0.022 0.022 0.022 0.023 0.024 0.027 0.033 0.041 0.053 0.070 0.093 0.122 0.156 0.202 0.264 0.356 0.501 0.618 0.675 0.701 0.700 0.639 0.511 0.406 0.385 0.436 0.557 0.803 1.273 2.122 3.681 6.529 10.813 14.703 17.189 18.730 19.715 20.320 20.573 20.454 19.872 18.779 17.326 15.831 14.738 14.125 13.898 14.059 14.666 15.597 16.632
0.000 0.000 0.000 0.000 0.000 0.000 0.000 0.000 0.000 0.000 0.000 0.000 0.000 0.000 0.000 0.000 0.000 0.000 0.001 0.003 0.007 0.015 0.031 0.048 0.055 0.058 0.059 0.058 0.058 0.059 0.063 0.070 0.082 0.101 0.130 0.168 0.214 0.267 0.326 0.400 0.503 0.657 0.870 1.028 1.084 1.079 1.009 0.852 0.639 0.475 0.387 0.369 0.406 0.510 0.725 1.128 1.921 3.567 6.508 9.580 11.592 12.825 13.639 14.270 14.843 15.354 15.737 15.692 15.159 14.471 14.044 13.996 14.225 14.785 15.636 16.648 17.602
0.000 0.000 0.000 0.000 0.000 0.000 0.000 0.000 0.000 0.000 0.000 0.000 0.000 0.000 0.000 0.000 0.000 0.001 0.003 0.008 0.020 0.045 0.089 0.123 0.137 0.142 0.143 0.140 0.137 0.139 0.146 0.161 0.187 0.230 0.293 0.368 0.446 0.529 0.619 0.722 0.870 1.082 1.257 1.339 1.354 1.302 1.162 0.950 0.725 0.548 0.425 0.363 0.353 0.381 0.471 0.644 0.933 1.460 2.508 3.863 4.766 5.270 5.560 5.774 6.004 6.320 6.778 7.284 7.712 8.159 8.783 9.737 11.070 12.716 14.589 16.464 17.950
0.000 0.000 0.000 0.000 0.000 0.000 0.000 0.000 0.000 0.000 0.000 0.000 0.000 0.000 0.000 0.000 0.001 0.003 0.009 0.024 0.055 0.122 0.222 0.283 0.307 0.313 0.310 0.299 0.294 0.295 0.308 0.335 0.388 0.481 0.614 0.747 0.860 0.966 1.074 1.201 1.354 1.494 1.547 1.546 1.498 1.387 1.216 1.014 0.807 0.623 0.485 0.409 0.386 0.394 0.459 0.602 0.819 1.096 1.474 1.935 2.244 2.390 2.446 2.470 2.479 2.496 2.574 2.724 2.850 3.014 3.307 3.811 4.670 6.183 8.521 11.513 14.531
0.000 0.000 0.000 0.000 0.000 0.000 0.000 0.000 0.000 0.000 0.000 0.000 0.000 0.000 0.000 0.001 0.003 0.009 0.024 0.061 0.138 0.294 0.490 0.586 0.617 0.623 0.606 0.575 0.562 0.562 0.582 0.637 0.739 0.916 1.163 1.370 1.507 1.594 1.659 1.711 1.752 1.765 1.741 1.672 1.546 1.391 1.226 1.058 0.876 0.689 0.550 0.478 0.458 0.468 0.529 0.672 0.898 1.152 1.401 1.637 1.813 1.912 1.948 1.951 1.922 1.840 1.710 1.616 1.574 1.556 1.565 1.622 1.775 2.108 2.825 4.241 6.527
0.000 0.000 0.000 0.000 0.000 0.000 0.000 0.000 0.000 0.000 0.000 0.000 0.000 0.000 0.001 0.002 0.008 0.023 0.060 0.145 0.315 0.622 0.944 1.086 1.119 1.119 1.081 1.006 0.973 0.969 0.998 1.088 1.270 1.579 1.916 2.134 2.237 2.263 2.246 2.184 2.087 1.979 1.865 1.728 1.558 1.383 1.229 1.077 0.902 0.722 0.588 0.518 0.503 0.516 0.578 0.717 0.950 1.220 1.430 1.609 1.765 1.872 1.918 1.922 1.891 1.800 1.641 1.511 1.439 1.383 1.326 1.266 1.232 1.234 1.316 1.590 2.216
0.000 0.000 0.000 0.000 0.000 0.000 0.000 0.000 0.000 0.000 0.000 0.000 0.000 0.000 0.002 0.006 0.020 0.055 0.140 0.323 0.661 1.163 1.571 1.747 1.792 1.753 1.583 1.402 1.321 1.310 1.359 1.509 1.803 2.244 2.589 2.751 2.795 2.786 2.730 2.608 2.404 2.167 1.957 1.764 1.577 1.402 1.243 1.077 0.898 0.728 0.602 0.536 0.520 0.533 0.597 0.739 0.966 1.244 1.467 1.635 1.774 1.879 1.928 1.933 1.906 1.816 1.647 1.502 1.426 1.376 1.317 1.242 1.194 1.182 1.195 1.248 1.340
0.000 0.000 0.000 0.000 0.000 0.000 0.000 0.000 0.000 0.000 0.000 0.000 0.000 0.002 0.005 0.016 0.045 0.123 0.303 0.667 1.274 1.900 2.277 2.403 2.395 2.230 1.877 1.630 1.535 1.522 1.594 1.811 2.225 2.754 3.087 3.220 3.239 3.211 3.106 2.900 2.593 2.275 2.018 1.799 1.613 1.440 1.259 1.060 0.876 0.721 0.605 0.543 0.528 0.541 0.608 0.750 0.967 1.238 1.473 1.657 1.798 1.889 1.924 1.928 1.902 1.812 1.653 1.508 1.424 1.375 1.330 1.265 1.217 1.208 1.234 1.281 1.292
0.000 0.000 0.000 0.000 0.000 0.000 0.000 0.000 0.000 0.000 0.000 0.000 0.001 0.004 0.013 0.036 0.099 0.257 0.604 1.256 2.122 2.702 2.932 2.968 2.851 2.494 2.045 1.772 1.669 1.667 1.760 2.038 2.564 3.117 3.415 3.518 3.526 3.480 3.320 3.026 2.649 2.307 2.038 1.830 1.651 1.473 1.271 1.045 0.853 0.705 0.603 0.550 0.539 0.555 0.621 0.758 0.962 1.209 1.428 1.619 1.780 1.884 1.918 1.916 1.883 1.771 1.620 1.510 1.429 1.376 1.332 1.283 1.244 1.231 1.255 1.301 1.292
0.000 0.000 0.000 0.000 0.000 0.000 0.000 0.000 0.000 0.000 0.000 0.002 0.004 0.011 0.028 0.077 0.204 0.503 1.115 2.146 3.044 3.430 3.507 3.428 3.113 2.566 2.109 1.852 1.745 1.745 1.864 2.207 2.837 3.374 3.624 3.694 3.685 3.600 3.390 3.055 2.656 2.308 2.034 1.834 1.664 1.487 1.278 1.041 0.847 0.703 0.609 0.564 0.556 0.572 0.635 0.763 0.956 1.188 1.391 1.563 1.711 1.834 1.899 1.898 1.830 1.674 1.533 1.466 1.416 1.364 1.322 1.285 1.256 1.248 1.266 1.289 1.277
0.000 0.000 0.000 0.000 0.000 0.000 0.000 0.000 0.000 0.001 0.002 0.004 0.010 0.024 0.060 0.159 0.402 0.927 1.896 3.157 3.883 4.062 4.031 3.782 3.207 2.540 2.100 1.865 1.778 1.783 1.923 2.331 3.053 3.544 3.730 3.771 3.752 3.639 3.392 3.058 2.660 2.303 2.028 1.830 1.667 1.499 1.286 1.029 0.829 0.695 0.611 0.572 0.566 0.586 0.650 0.774 0.957 1.177 1.377 1.551 1.678 1.753 1.794 1.797 1.730 1.578 1.441 1.376 1.348 1.323 1.294 1.275 1.263 1.268 1.301 1.309 1.283
0.000 0.000 0.000 0.000 0.000 0.000 0.000 0.000 0.001 0.002 0.005 0.010 0.021 0.049 0.121 0.308 0.742 1.598 2.943 4.071 4.557 4.631 4.500 4.025 3.197 2.488 2.052 1.832 1.771 1.799 1.971 2.422 3.189 3.646 3.779 3.795 3.756 3.612 3.333 2.987 2.608 2.288 2.035 1.842 1.673 1.501 1.293 1.034 0.819 0.682 0.610 0.581 0.576 0.597 0.667 0.792 0.974 1.188 1.369 1.530 1.665 1.731 1.739 1.721 1.666 1.538 1.388 1.308 1.280 1.276 1.272 1.264 1.264 1.289 1.351 1.366 1.318
0.000 0.000 0.000 0.000 0.000 0.000 0.000 0.001 0.002 0.005 0.010 0.020 0.042 0.095 0.228 0.555 1.268 2.556 4.037 4.872 5.142 5.148 4.887 4.148 3.130 2.413 1.977 1.780 1.746 1.798 2.019 2.527 3.272 3.680 3.787 3.790 3.721 3.547 3.260 2.887 2.510 2.233 2.026 1.849 1.684 1.502 1.276 1.008 0.795 0.665 0.601 0.580 0.578 0.601 0.673 0.800 0.988 1.212 1.387 1.530 1.659 1.733 1.746 1.721 1.633 1.484 1.351 1.276 1.242 1.236 1.245 1.261 1.284 1.330 1.369 1.366 1.310
0.000 0.000 0.000 0.000 0.000 0.000 0.001 0.003 0.005 0.010 0.020 0.039 0.079 0.172 0.398 0.925 2.015 3.720 4.999 5.558 5.693 5.627 5.179 4.168 3.026 2.304 1.914 1.761 1.741 1.807 2.052 2.607 3.313 3.671 3.765 3.751 3.667 3.483 3.199 2.814 2.449 2.190 2.005 1.846 1.688 1.494 1.219 0.934 0.745 0.639 0.584 0.563 0.563 0.590 0.664 0.796 0.998 1.243 1.438 1.580 1.681 1.738 1.748 1.710 1.605 1.440 1.312 1.248 1.226 1.218 1.229 1.271 1.325 1.370 1.385 1.357 1.279
0.000 0.000 0.000 0.000 0.000 0.001 0.003 0.006 0.011 0.020 0.037 0.072 0.142 0.293 0.641 1.424 2.963 4.793 5.763 6.105 6.164 5.999 5.319 4.057 2.893 2.210 1.872 1.751 1.741 1.825 2.104 2.671 3.312 3.628 3.712 3.707 3.632 3.445 3.130 2.719 2.382 2.148 1.978 1.835 1.679 1.465 1.160 0.880 0.701 0.599 0.553 0.539 0.539 0.563 0.637 0.782 1.000 1.247 1.451 1.609 1.710 1.750 1.753 1.707 1.578 1.408 1.287 1.224 1.204 1.210 1.237 1.289 1.364 1.404 1.406 1.367 1.273
0.000 0.000 0.000 0.000 0.001 0.003 0.006 0.011 0.020 0.035 0.065 0.122 0.236 0.475 0.988 2.069 3.984 5.593 6.303 6.510 6.498 6.189 5.279 3.813 2.727 2.137 1.861 1.769 1.768 1.879 2.205 2.785 3.313 3.572 3.652 3.647 3.572 3.388 3.077 2.666 2.342 2.124 1.959 1.816 1.655 1.416 1.098 0.831 0.661 0.568 0.524 0.510 0.514 0.542 0.613 0.752 0.972 1.214 1.418 1.590 1.700 1.737 1.727 1.663 1.527 1.363 1.256 1.203 1.191 1.209 1.268 1.336 1.404 1.443 1.432 1.375 1.304
0.000 0.000 0.000 0.001 0.003 0.006 0.011 0.020 0.035 0.061 0.108 0.198 0.373 0.729 1.463 2.929 4.942 6.156 6.636 6.772 6.695 6.183 4.988 3.497 2.558 2.075 1.866 1.809 1.830 1.990 2.369 2.942 3.362 3.542 3.602 3.601 3.521 3.328 3.001 2.598 2.303 2.113 1.959 1.794 1.603 1.352 1.038 0.790 0.630 0.544 0.505 0.491 0.491 0.514 0.581 0.714 0.924 1.158 1.358 1.535 1.653 1.692 1.681 1.603 1.456 1.317 1.235 1.198 1.193 1.235 1.339 1.421 1.463 1.479 1.467 1.420 1.390
0.000 0.000 0.001 0.003 0.006 0.011 0.020 0.035 0.060 0.102 0.178 0.317 0.578 1.090 2.121 4.007 5.721 6.545 6.847 6.903 6.725 5.941 4.406 3.096 2.366 2.002 1.848 1.809 1.856 2.089 2.543 3.049 3.406 3.566 3.586 3.572 3.477 3.236 2.867 2.514 2.269 2.097 1.954 1.800 1.596 1.322 1.007 0.766 0.613 0.531 0.494 0.481 0.483 0.506 0.568 0.697 0.915 1.152 1.343 1.514 1.627 1.656 1.635 1.539 1.383 1.270 1.219 1.206 1.227 1.313 1.440 1.513 1.539 1.538 1.521 1.503 1.508
0.000 0.001 0.002 0.005 0.010 0.019 0.033 0.057 0.098 0.167 0.290 0.507 0.889 1.610 3.091 5.131 6.283 6.799 6.987 6.943 6.437 5.169 3.652 2.713 2.199 1.923 1.813 1.804 1.890 2.169 2.680 3.140 3.427 3.589 3.630 3.598 3.469 3.179 2.744 2.429 2.236 2.085 1.949 1.803 1.604 1.308 0.978 0.744 0.598 0.520 0.486 0.476 0.476 0.497 0.561 0.693 0.915 1.172 1.367 1.513 1.606 1.630 1.592 1.464 1.325 1.249 1.214 1.211 1.265 1.416 1.570 1.632 1.647 1.650 1.648 1.659 1.703
0.001 0.002 0.005 0.009 0.017 0.031 0.054 0.091 0.157 0.271 0.468 0.799 1.349 2.313 4.081 5.849 6.647 6.954 7.025 6.783 5.793 4.222 3.051 2.416 2.058 1.859 1.781 1.788 1.924 2.260 2.811 3.264 3.491 3.594 3.628 3.595 3.440 3.107 2.649 2.350 2.193 2.074 1.950 1.798 1.593 1.294 0.960 0.724 0.584 0.510 0.478 0.469 0.471 0.490 0.553 0.690 0.918 1.189 1.399 1.541 1.611 1.620 1.559 1.413 1.296 1.240 1.220 1.236 1.331 1.529 1.707 1.789 1.813 1.826 1.850 1.903 2.010
0.002 0.004 0.008 0.016 0.029 0.050 0.086 0.145 0.249 0.431 0.739 1.236 2.014 3.232 4.936 6.195 6.786 6.979 6.907 6.252 4.830 3.514 2.734 2.253 1.970 1.817 1.764 1.784 1.948 2.348 2.905 3.304 3.500 3.549 3.562 3.542 3.390 3.017 2.566 2.294 2.141 2.040 1.939 1.804 1.590 1.267 0.936 0.713 0.583 0.516 0.484 0.472 0.473 0.493 0.555 0.692 0.932 1.220 1.440 1.584 1.643 1.640 1.564 1.402 1.300 1.265 1.264 1.311 1.453 1.685 1.857 1.959 2.029 2.092 2.168 2.282 2.413
0.004 0.008 0.014 0.026 0.046 0.080 0.135 0.229 0.391 0.667 1.122 1.823 2.769 4.058 5.455 6.332 6.773 6.867 6.534 5.418 3.992 3.079 2.502 2.122 1.888 1.777 1.749 1.789 1.990 2.427 2.989 3.332 3.486 3.530 3.524 3.478 3.298 2.912 2.474 2.229 2.108 2.022 1.937 1.804 1.582 1.249 0.919 0.700 0.577 0.519 0.495 0.486 0.487 0.509 0.575 0.720 0.971 1.264 1.484 1.627 1.683 1.671 1.571 1.411 1.330 1.314 1.332 1.415 1.598 1.859 2.045 2.157 2.249 2.362 2.495 2.612 2.696
0.007 0.013 0.023 0.041 0.072 0.124 0.210 0.356 0.606 1.016 1.651 2.448 3.332 4.534 5.653 6.315 6.597 6.538 5.926 4.656 3.520 2.806 2.330 2.013 1.817 1.732 1.728 1.809 2.041 2.487 3.034 3.370 3.491 3.515 3.503 3.411 3.181 2.758 2.352 2.140 2.047 1.988 1.917 1.795 1.570 1.231 0.904 0.694 0.577 0.520 0.496 0.490 0.491 0.511 0.581 0.743 1.026 1.329 1.534 1.655 1.698 1.677 1.557 1.429 1.379 1.372 1.412 1.549 1.789 2.049 2.256 2.404 2.498 2.598 2.721 2.780 2.796
0.012 0.022 0.037 0.065 0.111 0.188 0.320 0.542 0.913 1.499 2.224 2.930 3.687 4.729 5.650 6.108 6.195 5.960 5.229 4.104 3.200 2.593 2.176 1.899 1.742 1.689 1.705 1.817 2.077 2.541 3.049 3.347 3.471 3.496 3.475 3.379 3.109 2.639 2.250 2.059 1.979 1.931 1.872 1.758 1.550 1.216 0.887 0.688 0.580 0.526 0.499 0.490 0.493 0.513 0.583 0.745 1.042 1.368 1.575 1.681 1.709 1.676 1.549 1.456 1.433 1.447 1.534 1.747 2.063 2.307 2.483 2.640 2.743 2.792 2.838 2.841 2.795
0.020 0.035 0.059 0.099 0.167 0.281 0.472 0.786 1.281 1.954 2.598 3.167 3.842 4.778 5.477 5.725 5.686 5.413 4.763 3.771 2.968 2.432 2.057 1.811 1.691 1.662 1.689 1.812 2.084 2.569 3.054 3.322 3.442 3.486 3.474 3.344 3.018 2.525 2.189 2.020 1.946 1.907 1.858 1.746 1.530 1.194 0.864 0.672 0.577 0.527 0.503 0.494 0.494 0.514 0.584 0.748 1.046 1.390 1.616 1.719 1.739 1.693 1.561 1.493 1.490 1.536 1.688 1.965 2.291 2.506 2.639 2.750 2.845 2.875 2.866 2.803 2.605
