RESULTS/r.avaflow_results/23_results/23_ascii/23_hflow10012.asc
ncols 506
nrows 317
xllcenter 498237.50
yllcenter 5580050.00
cellsize 12.50
NODATA_value -9999.000
[rows 238 to 271 of 317, columns 77 to 153 of 506]
0.000 0.001 0.001 0.003 0.004 0.006 0.009 0.011 0.014 0.017 0.021 0.027 0.038 0.049 0.055 0.057 0.057 0.056 0.056 0.060 0.080 0.138 0.295 0.673 1.231 1.582 1.714 1.740 1.683 1.479 1.116 0.809 0.656 0.607 0.610 0.669 0.819 0.944 0.984 0.958 0.774 0.421 0.192 0.097 0.062 0.046 0.037 0.033 0.031 0.031 0.034 0.051 0.102 0.235 0.448 0.573 0.601 0.571 0.442 0.233 0.095 0.036 0.013 0.005 0.002 0.001 0.000 0.000 0.000 0.000 0.000 0.000 0.000 0.000 0.000 0.000 0.000
0.000 0.001 0.001 0.002 0.004 0.006 0.008 0.010 0.012 0.015 0.019 0.025 0.035 0.046 0.053 0.056 0.056 0.055 0.054 0.056 0.068 0.106 0.205 0.443 0.942 1.458 1.704 1.801 1.823 1.747 1.491 1.110 0.853 0.763 0.758 0.822 0.974 1.065 1.076 1.002 0.736 0.382 0.189 0.108 0.074 0.055 0.044 0.038 0.036 0.036 0.041 0.063 0.131 0.309 0.536 0.634 0.645 0.580 0.382 0.168 0.064 0.022 0.007 0.002 0.001 0.001 0.000 0.000 0.000 0.000 0.000 0.000 0.000 0.000 0.000 0.000 0.000
0.000 0.000 0.001 0.002 0.003 0.005 0.007 0.009 0.011 0.014 0.018 0.024 0.033 0.045 0.053 0.056 0.056 0.055 0.053 0.053 0.061 0.089 0.159 0.314 0.647 1.175 1.579 1.786 1.895 1.928 1.838 1.539 1.166 0.986 0.953 0.998 1.107 1.149 1.131 1.003 0.679 0.362 0.201 0.130 0.095 0.071 0.056 0.047 0.045 0.045 0.051 0.077 0.164 0.388 0.612 0.686 0.675 0.553 0.299 0.118 0.042 0.013 0.004 0.001 0.001 0.000 0.000 0.000 0.000 0.000 0.000 0.000 0.000 0.000 0.000 0.000 0.000
0.000 0.000 0.001 0.002 0.003 0.005 0.007 0.008 0.011 0.013 0.017 0.022 0.031 0.044 0.053 0.056 0.057 0.056 0.053 0.052 0.057 0.080 0.136 0.252 0.464 0.827 1.268 1.640 1.880 2.013 2.038 1.920 1.601 1.308 1.195 1.180 1.200 1.189 1.136 0.955 0.611 0.356 0.229 0.166 0.125 0.096 0.076 0.064 0.060 0.060 0.066 0.098 0.210 0.481 0.694 0.747 0.702 0.497 0.226 0.084 0.027 0.008 0.002 0.001 0.001 0.001 0.000 0.000 0.000 0.000 0.000 0.000 0.000 0.000 0.000 0.000 0.000
0.000 0.000 0.001 0.002 0.003 0.004 0.006 0.008 0.010 0.012 0.016 0.021 0.030 0.043 0.053 0.058 0.059 0.058 0.053 0.052 0.056 0.075 0.124 0.221 0.378 0.603 0.901 1.290 1.709 1.995 2.114 2.114 1.967 1.681 1.447 1.329 1.252 1.177 1.063 0.826 0.543 0.369 0.270 0.214 0.173 0.140 0.114 0.097 0.088 0.087 0.094 0.136 0.295 0.634 0.834 0.865 0.751 0.438 0.176 0.058 0.016 0.004 0.001 0.001 0.001 0.001 0.001 0.000 0.000 0.000 0.000 0.000 0.000 0.000 0.000 0.000 0.000
0.000 0.000 0.001 0.001 0.002 0.004 0.006 0.008 0.010 0.012 0.015 0.020 0.028 0.042 0.055 0.061 0.062 0.060 0.055 0.052 0.055 0.071 0.115 0.201 0.332 0.492 0.669 0.905 1.314 1.799 2.089 2.184 2.158 1.975 1.688 1.461 1.287 1.113 0.924 0.710 0.525 0.399 0.326 0.283 0.248 0.214 0.183 0.157 0.143 0.139 0.149 0.214 0.477 0.922 1.117 1.103 0.813 0.378 0.132 0.038 0.009 0.002 0.001 0.001 0.001 0.001 0.001 0.001 0.000 0.000 0.000 0.000 0.000 0.000 0.000 0.000 0.000
0.000 0.000 0.000 0.001 0.002 0.003 0.005 0.007 0.009 0.012 0.015 0.020 0.028 0.042 0.057 0.064 0.066 0.063 0.056 0.051 0.053 0.067 0.106 0.184 0.298 0.422 0.544 0.694 0.954 1.428 1.928 2.180 2.231 2.154 1.913 1.604 1.325 1.085 0.872 0.690 0.554 0.464 0.415 0.387 0.363 0.336 0.302 0.266 0.245 0.241 0.265 0.398 0.883 1.478 1.642 1.403 0.780 0.300 0.090 0.021 0.004 0.001 0.001 0.001 0.001 0.001 0.001 0.001 0.001 0.000 0.000 0.000 0.000 0.000 0.000 0.000 0.000
0.000 0.000 0.000 0.001 0.001 0.003 0.005 0.007 0.009 0.011 0.015 0.020 0.028 0.043 0.060 0.068 0.070 0.066 0.056 0.049 0.049 0.061 0.096 0.166 0.268 0.370 0.466 0.588 0.788 1.149 1.689 2.096 2.253 2.246 2.087 1.761 1.382 1.092 0.879 0.733 0.643 0.590 0.567 0.559 0.551 0.536 0.503 0.456 0.437 0.454 0.546 0.791 1.390 1.955 2.006 1.507 0.663 0.207 0.050 0.009 0.002 0.001 0.001 0.001 0.001 0.001 0.001 0.001 0.001 0.001 0.000 0.000 0.000 0.000 0.000 0.000 0.000
0.000 0.000 0.000 0.001 0.001 0.002 0.004 0.006 0.008 0.011 0.015 0.020 0.028 0.044 0.062 0.072 0.073 0.068 0.055 0.046 0.045 0.054 0.084 0.145 0.235 0.324 0.411 0.525 0.713 1.034 1.548 2.031 2.269 2.306 2.203 1.896 1.463 1.151 0.964 0.867 0.829 0.820 0.837 0.870 0.885 0.883 0.851 0.803 0.807 0.879 0.978 1.108 1.518 1.942 1.936 1.306 0.463 0.108 0.019 0.003 0.001 0.001 0.001 0.001 0.001 0.001 0.001 0.001 0.001 0.001 0.001 0.000 0.000 0.000 0.000 0.000 0.000
0.000 0.000 0.000 0.000 0.001 0.002 0.003 0.006 0.008 0.011 0.015 0.021 0.030 0.046 0.065 0.074 0.075 0.070 0.055 0.043 0.041 0.048 0.073 0.123 0.197 0.278 0.364 0.483 0.678 0.997 1.504 2.034 2.318 2.378 2.292 2.000 1.586 1.318 1.191 1.155 1.185 1.257 1.360 1.483 1.555 1.562 1.504 1.425 1.347 1.230 1.129 1.088 1.161 1.239 1.137 0.677 0.191 0.032 0.005 0.001 0.001 0.001 0.001 0.001 0.001 0.001 0.001 0.001 0.001 0.001 0.000 0.000 0.000 0.000 0.000 0.000 0.000
0.000 0.000 0.000 0.000 0.001 0.001 0.003 0.005 0.008 0.012 0.016 0.023 0.032 0.047 0.066 0.076 0.077 0.071 0.055 0.042 0.039 0.044 0.064 0.105 0.163 0.232 0.319 0.450 0.661 0.990 1.497 2.095 2.437 2.496 2.389 2.104 1.799 1.652 1.619 1.695 1.882 2.159 2.440 2.666 2.789 2.762 2.526 2.121 1.681 1.285 0.967 0.685 0.468 0.355 0.284 0.156 0.039 0.005 0.001 0.001 0.001 0.001 0.001 0.001 0.001 0.001 0.001 0.001 0.001 0.001 0.000 0.000 0.000 0.001 0.000 0.000 0.000
0.000 0.000 0.000 0.000 0.001 0.001 0.002 0.004 0.007 0.012 0.017 0.024 0.033 0.047 0.065 0.076 0.078 0.072 0.056 0.041 0.038 0.042 0.059 0.091 0.135 0.189 0.275 0.422 0.653 0.994 1.505 2.182 2.609 2.686 2.567 2.338 2.212 2.223 2.397 2.790 3.318 3.844 4.211 4.334 4.213 3.886 3.313 2.526 1.760 1.147 0.653 0.313 0.142 0.079 0.050 0.024 0.005 0.001 0.001 0.001 0.001 0.001 0.001 0.001 0.001 0.001 0.001 0.001 0.001 0.001 0.000 0.000 0.000 0.001 0.001 0.001 0.000
0.000 0.000 0.000 0.000 0.000 0.001 0.002 0.004 0.007 0.012 0.018 0.026 0.035 0.047 0.065 0.075 0.078 0.073 0.056 0.041 0.038 0.042 0.056 0.082 0.115 0.159 0.244 0.404 0.654 1.010 1.528 2.253 2.829 3.034 3.023 2.983 3.083 3.372 3.956 4.757 5.303 5.493 5.498 5.361 5.014 4.457 3.697 2.712 1.722 0.963 0.445 0.166 0.055 0.020 0.008 0.003 0.001 0.001 0.001 0.001 0.001 0.001 0.001 0.001 0.001 0.001 0.001 0.001 0.001 0.000 0.000 0.000 0.000 0.001 0.001 0.001 0.000
0.000 0.000 0.000 0.000 0.000 0.001 0.001 0.003 0.006 0.011 0.018 0.027 0.037 0.050 0.066 0.077 0.079 0.074 0.059 0.044 0.040 0.043 0.056 0.078 0.103 0.143 0.231 0.402 0.676 1.075 1.641 2.430 3.236 3.824 4.235 4.569 4.993 5.598 6.110 6.376 6.279 6.083 5.853 5.587 5.201 4.619 3.820 2.763 1.636 0.805 0.314 0.095 0.024 0.006 0.002 0.001 0.001 0.001 0.001 0.001 0.001 0.001 0.001 0.001 0.001 0.001 0.001 0.001 0.001 0.000 0.000 0.000 0.000 0.001 0.001 0.001 0.000
0.000 0.000 0.000 0.000 0.000 0.000 0.001 0.001 0.004 0.009 0.016 0.027 0.041 0.058 0.074 0.083 0.085 0.080 0.066 0.051 0.047 0.050 0.059 0.076 0.098 0.138 0.231 0.424 0.761 1.284 2.069 3.192 4.405 5.548 6.568 7.170 7.417 7.560 7.387 6.914 6.273 5.817 5.475 5.188 4.862 4.395 3.688 2.648 1.457 0.630 0.201 0.047 0.009 0.002 0.001 0.000 0.000 0.000 0.000 0.001 0.001 0.001 0.001 0.001 0.001 0.001 0.001 0.001 0.001 0.000 0.000 0.000 0.000 0.001 0.000 0.000 0.000
0.000 0.000 0.000 0.000 0.000 0.000 0.000 0.001 0.002 0.005 0.013 0.025 0.045 0.069 0.086 0.094 0.095 0.091 0.079 0.066 0.061 0.062 0.067 0.078 0.097 0.142 0.256 0.509 1.005 1.845 3.130 4.897 6.447 7.516 8.267 8.611 8.592 8.292 7.680 6.799 5.689 4.720 4.102 3.775 3.557 3.305 2.874 2.084 1.050 0.379 0.092 0.016 0.002 0.001 0.000 0.000 0.000 0.000 0.000 0.000 0.001 0.001 0.001 0.001 0.001 0.001 0.001 0.001 0.001 0.001 0.000 0.000 0.000 0.000 0.000 0.000 0.000
0.000 0.000 0.000 0.000 0.000 0.000 0.000 0.001 0.001 0.003 0.008 0.021 0.043 0.075 0.097 0.106 0.108 0.105 0.098 0.089 0.084 0.082 0.082 0.086 0.103 0.165 0.335 0.719 1.483 2.758 4.412 6.105 7.454 8.325 8.772 8.876 8.767 8.335 7.522 6.245 4.492 2.922 2.000 1.648 1.533 1.457 1.328 0.976 0.434 0.128 0.025 0.004 0.001 0.000 0.000 0.000 0.000 0.000 0.000 0.000 0.000 0.000 0.001 0.001 0.001 0.001 0.001 0.001 0.001 0.001 0.000 0.000 0.000 0.000 0.000 0.000 0.000
0.001 0.000 0.000 0.000 0.000 0.000 0.000 0.000 0.001 0.001 0.004 0.014 0.037 0.074 0.105 0.120 0.126 0.128 0.127 0.124 0.120 0.116 0.111 0.112 0.129 0.198 0.403 0.890 1.800 3.217 4.950 6.392 7.548 8.364 8.793 8.890 8.720 8.125 7.027 5.274 3.048 1.446 0.707 0.487 0.435 0.409 0.372 0.268 0.105 0.026 0.005 0.001 0.001 0.000 0.000 0.000 0.000 0.000 0.000 0.000 0.000 0.000 0.000 0.001 0.000 0.000 0.001 0.001 0.001 0.001 0.000 0.000 0.000 0.000 0.000 0.000 0.000
0.001 0.001 0.001 0.000 0.000 0.000 0.000 0.000 0.000 0.001 0.002 0.008 0.026 0.065 0.107 0.134 0.150 0.162 0.173 0.182 0.189 0.191 0.185 0.169 0.174 0.220 0.401 0.890 1.824 3.226 4.937 6.365 7.484 8.261 8.665 8.720 8.440 7.642 6.227 4.053 1.867 0.645 0.216 0.120 0.101 0.091 0.080 0.054 0.019 0.004 0.001 0.001 0.000 0.000 0.000 0.000 0.000 0.000 0.000 0.000 0.000 0.000 0.000 0.000 0.001 0.001 0.001 0.001 0.000 0.001 0.000 0.000 0.000 0.000 0.000 0.000 0.000
0.001 0.001 0.001 0.000 0.000 0.000 0.000 0.000 0.000 0.000 0.001 0.003 0.014 0.045 0.098 0.148 0.186 0.219 0.257 0.292 0.314 0.320 0.293 0.224 0.190 0.205 0.316 0.686 1.520 2.893 4.661 6.166 7.260 7.951 8.265 8.274 7.890 6.895 5.175 2.856 1.095 0.285 0.069 0.028 0.021 0.018 0.015 0.009 0.003 0.001 0.001 0.000 0.000 0.000 0.000 0.000 0.000 0.000 0.000 0.000 0.000 0.000 0.000 0.000 0.000 0.000 0.001 0.001 0.000 0.000 0.000 0.000 0.000 0.000 0.000 0.000 0.000
0.001 0.001 0.001 0.001 0.000 0.000 0.000 0.000 0.000 0.000 0.000 0.002 0.008 0.031 0.085 0.171 0.257 0.320 0.372 0.407 0.415 0.391 0.327 0.227 0.158 0.126 0.136 0.293 0.871 2.120 3.993 5.720 6.831 7.413 7.599 7.532 7.041 5.909 4.039 1.929 0.634 0.137 0.027 0.008 0.004 0.003 0.003 0.001 0.001 0.001 0.000 0.000 0.000 0.000 0.000 0.000 0.000 0.000 0.000 0.000 0.000 0.000 0.000 0.000 0.000 0.000 0.000 0.000 0.000 0.000 0.000 0.000 0.000 0.000 0.000 0.000 0.000
0.000 0.001 0.001 0.001 0.001 0.000 0.000 0.000 0.000 0.000 0.000 0.001 0.005 0.022 0.076 0.185 0.316 0.393 0.427 0.441 0.429 0.373 0.272 0.159 0.079 0.044 0.040 0.077 0.308 1.090 2.754 4.818 6.097 6.612 6.702 6.558 5.976 4.793 2.961 1.264 0.364 0.072 0.013 0.003 0.001 0.001 0.001 0.001 0.001 0.000 0.000 0.000 0.000 0.000 0.000 0.000 0.000 0.000 0.000 0.000 0.000 0.000 0.000 0.000 0.000 0.000 0.000 0.000 0.000 0.000 0.000 0.000 0.000 0.000 0.000 0.000 0.000
0.000 0.001 0.001 0.001 0.001 0.001 0.000 0.000 0.000 0.000 0.000 0.000 0.002 0.015 0.064 0.178 0.316 0.388 0.406 0.390 0.332 0.231 0.125 0.054 0.022 0.011 0.009 0.017 0.073 0.361 1.311 3.245 4.939 5.560 5.616 5.414 4.801 3.629 1.985 0.758 0.193 0.036 0.006 0.001 0.001 0.001 0.001 0.000 0.000 0.000 0.000 0.000 0.000 0.000 0.000 0.000 0.000 0.000 0.000 0.000 0.000 0.000 0.000 0.000 0.000 0.000 0.000 0.000 0.000 0.000 0.000 0.000 0.000 0.000 0.000 0.000 0.000
0.000 0.000 0.001 0.001 0.001 0.001 0.000 0.000 0.000 0.000 0.000 0.000 0.001 0.006 0.037 0.122 0.220 0.258 0.254 0.215 0.142 0.070 0.030 0.012 0.004 0.002 0.002 0.003 0.013 0.078 0.429 1.553 3.263 4.182 4.311 4.127 3.541 2.440 1.151 0.383 0.088 0.016 0.003 0.001 0.001 0.001 0.001 0.000 0.000 0.001 0.000 0.000 0.000 0.000 0.000 0.000 0.000 0.000 0.000 0.000 0.000 0.000 0.000 0.000 0.000 0.000 0.000 0.000 0.000 0.000 0.000 0.000 0.000 0.000 0.000 0.000 0.000
0.000 0.000 0.001 0.001 0.001 0.001 0.000 0.000 0.000 0.000 0.000 0.000 0.000 0.001 0.009 0.038 0.075 0.087 0.084 0.068 0.038 0.016 0.006 0.002 0.001 0.001 0.001 0.001 0.002 0.014 0.098 0.552 1.671 2.541 2.759 2.662 2.205 1.342 0.538 0.153 0.033 0.006 0.001 0.001 0.001 0.001 0.001 0.001 0.000 0.000 0.000 0.000 0.000 0.000 0.000 0.000 0.000 0.000 0.000 0.000 0.000 0.000 0.000 0.000 0.000 0.000 0.000 0.000 0.000 0.000 0.000 0.000 0.000 0.000 0.000 0.000 0.000
0.000 0.000 0.000 0.001 0.001 0.001 0.001 0.000 0.000 0.000 0.000 0.000 0.000 0.000 0.001 0.008 0.018 0.022 0.022 0.018 0.009 0.003 0.001 0.001 0.000 0.000 0.000 0.001 0.001 0.002 0.021 0.159 0.680 1.247 1.422 1.375 1.093 0.566 0.188 0.047 0.010 0.002 0.001 0.001 0.001 0.001 0.001 0.000 0.000 0.000 0.000 0.000 0.000 0.000 0.000 0.000 0.000 0.000 0.000 0.000 0.000 0.000 0.000 0.000 0.000 0.000 0.000 0.000 0.000 0.000 0.000 0.000 0.000 0.000 0.000 0.000 0.000
0.000 0.000 0.000 0.000 0.001 0.001 0.001 0.000 0.000 0.000 0.000 0.000 0.000 0.000 0.000 0.001 0.004 0.005 0.005 0.004 0.002 0.001 0.001 0.000 0.000 0.000 0.000 0.000 0.001 0.001 0.005 0.046 0.240 0.497 0.575 0.544 0.403 0.173 0.050 0.012 0.003 0.001 0.001 0.000 0.000 0.001 0.001 0.000 0.001 0.001 0.001 0.001 0.001 0.000 0.000 0.000 0.000 0.000 0.000 0.000 0.000 0.000 0.000 0.000 0.000 0.000 0.000 0.000 0.000 0.000 0.000 0.000 0.000 0.000 0.000 0.000 0.000
0.000 0.000 0.000 0.000 0.000 0.001 0.001 0.000 0.000 0.000 0.000 0.000 0.000 0.000 0.000 0.000 0.001 0.001 0.001 0.001 0.001 0.000 0.000 0.000 0.000 0.000 0.000 0.000 0.000 0.000 0.002 0.015 0.081 0.170 0.189 0.171 0.112 0.041 0.011 0.003 0.001 0.001 0.000 0.000 0.000 0.001 0.000 0.000 0.001 0.001 0.001 0.001 0.000 0.000 0.000 0.000 0.000 0.000 0.000 0.000 0.000 0.000 0.000 0.000 0.000 0.000 0.000 0.000 0.000 0.000 0.000 0.000 0.000 0.000 0.000 0.000 0.000
0.000 0.000 0.000 0.000 0.000 0.000 0.000 0.000 0.000 0.000 0.000 0.000 0.000 0.000 0.000 0.000 0.000 0.000 0.000 0.000 0.000 0.000 0.000 0.000 0.000 0.000 0.000 0.000 0.000 0.000 0.001 0.004 0.025 0.051 0.054 0.046 0.026 0.008 0.002 0.001 0.001 0.000 0.000 0.000 0.000 0.000 0.000 0.000 0.001 0.001 0.001 0.001 0.000 0.000 0.000 0.000 0.000 0.000 0.000 0.000 0.000 0.000 0.000 0.000 0.000 0.000 0.000 0.000 0.000 0.000 0.000 0.000 0.000 0.000 0.000 0.000 0.000
0.000 0.000 0.000 0.000 0.000 0.000 0.000 0.000 0.000 0.000 0.000 0.000 0.000 0.000 0.000 0.000 0.000 0.000 0.000 0.000 0.000 0.000 0.000 0.000 0.000 0.000 0.000 0.000 0.000 0.000 0.000 0.001 0.007 0.013 0.013 0.010 0.005 0.001 0.001 0.001 0.000 0.000 0.000 0.000 0.001 0.000 0.000 0.000 0.001 0.001 0.001 0.001 0.000 0.000 0.000 0.000 0.000 0.000 0.000 0.000 0.000 0.000 0.000 0.000 0.000 0.000 0.000 0.000 0.000 0.000 0.000 0.000 0.000 0.000 0.000 0.000 0.000
0.000 0.000 0.000 0.000 0.000 0.000 0.000 0.000 0.000 0.000 0.000 0.000 0.000 0.000 0.000 0.000 0.000 0.000 0.000 0.000 0.000 0.000 0.000 0.000 0.000 0.000 0.000 0.000 0.000 0.000 0.000 0.000 0.002 0.003 0.003 0.002 0.001 0.000 0.000 0.000 0.000 0.000 0.000 0.000 0.000 0.000 0.000 0.000 0.001 0.001 0.001 0.000 0.000 0.000 0.000 0.000 0.000 0.000 0.000 0.001 0.000 0.000 0.000 0.000 0.000 0.000 0.000 0.000 0.000 0.000 0.000 0.000 0.000 0.000 0.000 0.000 0.000
0.000 0.000 0.000 0.000 0.000 0.000 0.000 0.000 0.000 0.000 0.001 0.001 0.000 0.000 0.000 0.000 0.000 0.000 0.000 0.000 0.000 0.000 0.000 0.000 0.000 0.000 0.000 0.000 0.000 0.000 0.000 0.000 0.000 0.001 0.001 0.001 0.000 0.000 0.000 0.000 0.000 0.000 0.000 0.000 0.000 0.000 0.000 0.001 0.001 0.001 0.001 0.000 0.000 0.000 0.000 0.000 0.000 0.000 0.000 0.000 0.000 0.000 0.000 0.000 0.000 0.000 0.000 0.000 0.000 0.000 0.000 0.000 0.000 0.000 0.000 0.000 0.000
0.000 0.000 0.000 0.000 0.000 0.000 0.000 0.000 0.000 0.000 0.000 0.001 0.000 0.000 0.001 0.000 0.000 0.000 0.000 0.000 0.000 0.000 0.000 0.000 0.000 0.000 0.000 0.000 0.000 0.000 0.000 0.000 0.000 0.000 0.000 0.000 0.000 0.000 0.000 0.000 0.000 0.000 0.000 0.000 0.000 0.000 0.000 0.000 0.001 0.001 0.001 0.001 0.000 0.000 0.000 0.000 0.000 0.000 0.000 0.000 0.000 0.000 0.000 0.000 0.000 0.000 0.000 0.000 0.000 0.000 0.000 0.000 0.000 0.000 0.000 0.000 0.000
0.000 0.000 0.000 0.000 0.000 0.000 0.000 0.000 0.000 0.000 0.000 0.000 0.000 0.000 0.001 0.001 0.001 0.000 0.000 0.000 0.000 0.000 0.000 0.000 0.000 0.000 0.000 0.000 0.000 0.000 0.000 0.000 0.000 0.000 0.000 0.000 0.000 0.000 0.000 0.000 0.000 0.000 0.000 0.000 0.000 0.000 0.000 0.000 0.000 0.001 0.001 0.001 0.001 0.000 0.000 0.000 0.000 0.000 0.000 0.000 0.000 0.000 0.000 0.000 0.000 0.000 0.000 0.000 0.000 0.000 0.000 0.000 0.000 0.000 0.000 0.000 0.000
