RESULTS/r.avaflow_results/23_results/23_ascii/23_hflow30035.asc
ncols 506
nrows 317
xllcenter 498237.50
yllcenter 5580050.00
cellsize 12.50
NODATA_value -9999.000
[rows 136 to 169 of 317, columns 154 to 230 of 506]
0.000 0.000 0.000 0.000 0.000 0.000 0.000 0.000 0.000 0.000 0.000 0.000 0.000 0.000 0.000 0.000 0.000 0.000 0.000 0.000 0.000 0.000 0.000 0.000 0.000 0.000 0.000 0.000 0.000 0.000 0.000 0.000 0.000 0.000 0.000 0.000 0.000 0.000 0.000 0.000 0.000 0.000 0.000 0.000 0.000 0.000 0.000 0.000 0.000 0.000 0.000 0.000 0.000 0.000 0.000 0.000 0.000 0.000 0.000 0.000 0.000 0.000 0.000 0.000 0.000 0.000 0.000 0.000 0.000 0.000 0.000 0.000 0.000 0.000 0.000 0.000 0.000
0.000 0.000 0.000 0.000 0.000 0.000 0.000 0.000 0.000 0.000 0.000 0.000 0.000 0.000 0.000 0.000 0.000 0.000 0.000 0.000 0.000 0.000 0.000 0.000 0.000 0.000 0.000 0.000 0.000 0.000 0.000 0.000 0.000 0.000 0.000 0.000 0.000 0.000 0.000 0.000 0.000 0.000 0.000 0.000 0.000 0.000 0.000 0.000 0.000 0.000 0.000 0.000 0.000 0.000 0.000 0.000 0.000 0.000 0.000 0.000 0.000 0.000 0.000 0.000 0.000 0.000 0.000 0.000 0.000 0.000 0.000 0.000 0.000 0.000 0.000 0.000 0.000
0.000 0.000 0.000 0.000 0.000 0.000 0.000 0.000 0.000 0.000 0.000 0.000 0.000 0.000 0.000 0.000 0.000 0.000 0.000 0.000 0.000 0.000 0.000 0.000 0.000 0.000 0.000 0.000 0.000 0.000 0.000 0.000 0.000 0.000 0.000 0.000 0.000 0.000 0.000 0.000 0.000 0.000 0.000 0.000 0.000 0.000 0.000 0.000 0.000 0.000 0.000 0.000 0.000 0.000 0.000 0.000 0.000 0.000 0.000 0.000 0.000 0.000 0.000 0.000 0.000 0.000 0.000 0.000 0.000 0.000 0.000 0.000 0.000 0.000 0.000 0.000 0.000
0.000 0.000 0.000 0.000 0.000 0.000 0.000 0.000 0.000 0.000 0.000 0.000 0.000 0.000 0.000 0.000 0.000 0.000 0.000 0.000 0.000 0.000 0.000 0.000 0.000 0.000 0.000 0.000 0.000 0.000 0.000 0.000 0.000 0.000 0.000 0.000 0.000 0.000 0.000 0.000 0.000 0.000 0.000 0.000 0.000 0.000 0.000 0.000 0.000 0.000 0.000 0.000 0.000 0.000 0.000 0.000 0.000 0.000 0.000 0.000 0.000 0.000 0.000 0.000 0.000 0.000 0.000 0.000 0.000 0.000 0.000 0.000 0.000 0.000 0.000 0.000 0.000
0.000 0.000 0.000 0.000 0.000 0.000 0.000 0.000 0.000 0.000 0.000 0.000 0.000 0.000 0.000 0.000 0.000 0.000 0.000 0.000 0.000 0.000 0.000 0.000 0.000 0.000 0.000 0.000 0.000 0.000 0.000 0.000 0.000 0.000 0.000 0.000 0.000 0.000 0.000 0.000 0.000 0.000 0.000 0.000 0.000 0.000 0.000 0.000 0.000 0.000 0.000 0.000 0.000 0.000 0.000 0.000 0.000 0.000 0.000 0.000 0.000 0.000 0.000 0.000 0.000 0.000 0.000 0.000 0.000 0.000 0.000 0.000 0.000 0.000 0.000 0.000 0.000
0.000 0.000 0.000 0.000 0.000 0.000 0.000 0.000 0.000 0.000 0.000 0.000 0.000 0.000 0.000 0.000 0.000 0.000 0.000 0.000 0.000 0.000 0.000 0.000 0.000 0.000 0.000 0.000 0.000 0.000 0.000 0.000 0.000 0.000 0.000 0.000 0.000 0.000 0.000 0.000 0.000 0.000 0.000 0.000 0.000 0.000 0.000 0.000 0.000 0.000 0.000 0.000 0.000 0.000 0.000 0.000 0.000 0.000 0.000 0.000 0.000 0.000 0.000 0.000 0.000 0.000 0.000 0.000 0.000 0.000 0.000 0.000 0.000 0.000 0.000 0.000 0.000
0.000 0.000 0.000 0.000 0.000 0.000 0.000 0.000 0.000 0.000 0.000 0.000 0.000 0.000 0.000 0.000 0.000 0.000 0.000 0.000 0.000 0.000 0.000 0.000 0.000 0.000 0.000 0.000 0.000 0.000 0.000 0.000 0.000 0.000 0.000 0.000 0.000 0.000 0.000 0.000 0.000 0.000 0.000 0.000 0.000 0.000 0.000 0.000 0.000 0.000 0.000 0.000 0.000 0.000 0.000 0.000 0.000 0.000 0.000 0.000 0.000 0.000 0.000 0.000 0.000 0.000 0.000 0.000 0.000 0.000 0.000 0.000 0.000 0.000 0.000 0.000 0.000
0.000 0.000 0.000 0.000 0.000 0.000 0.000 0.000 0.000 0.000 0.000 0.000 0.000 0.000 0.000 0.000 0.000 0.000 0.000 0.000 0.000 0.000 0.000 0.000 0.000 0.000 0.000 0.000 0.000 0.000 0.000 0.000 0.000 0.000 0.000 0.000 0.000 0.000 0.000 0.000 0.000 0.000 0.000 0.000 0.000 0.000 0.000 0.000 0.000 0.000 0.000 0.000 0.000 0.000 0.000 0.000 0.000 0.000 0.000 0.000 0.000 0.000 0.000 0.000 0.000 0.000 0.000 0.000 0.000 0.000 0.000 0.000 0.000 0.000 0.000 0.000 0.000
0.000 0.000 0.000 0.000 0.000 0.000 0.000 0.000 0.000 0.000 0.000 0.000 0.000 0.000 0.000 0.000 0.000 0.000 0.000 0.000 0.000 0.000 0.000 0.000 0.000 0.000 0.000 0.000 0.000 0.000 0.000 0.000 0.000 0.000 0.000 0.000 0.000 0.000 0.000 0.000 0.000 0.000 0.000 0.000 0.000 0.000 0.000 0.000 0.000 0.000 0.000 0.000 0.000 0.000 0.000 0.000 0.000 0.000 0.000 0.000 0.000 0.000 0.000 0.000 0.000 0.000 0.000 0.000 0.000 0.000 0.000 0.000 0.000 0.000 0.000 0.000 0.000
0.000 0.000 0.000 0.000 0.000 0.000 0.000 0.000 0.000 0.000 0.000 0.000 0.000 0.000 0.000 0.000 0.000 0.000 0.000 0.000 0.000 0.000 0.000 0.000 0.000 0.000 0.000 0.000 0.000 0.000 0.000 0.000 0.000 0.000 0.000 0.000 0.000 0.000 0.000 0.000 0.000 0.000 0.000 0.000 0.000 0.000 0.000 0.000 0.000 0.000 0.000 0.000 0.000 0.000 0.000 0.000 0.000 0.000 0.000 0.000 0.000 0.000 0.000 0.000 0.000 0.000 0.000 0.000 0.000 0.000 0.000 0.000 0.000 0.000 0.000 0.000 0.000
0.000 0.000 0.000 0.000 0.000 0.000 0.000 0.000 0.000 0.000 0.000 0.000 0.000 0.000 0.000 0.000 0.000 0.000 0.000 0.000 0.000 0.000 0.000 0.000 0.000 0.000 0.000 0.000 0.000 0.000 0.000 0.000 0.000 0.000 0.000 0.000 0.000 0.000 0.000 0.000 0.000 0.000 0.000 0.000 0.000 0.000 0.000 0.000 0.000 0.000 0.000 0.000 0.000 0.000 0.000 0.000 0.000 0.000 0.000 0.000 0.000 0.000 0.000 0.000 0.000 0.000 0.000 0.000 0.000 0.000 0.000 0.000 0.000 0.000 0.000 0.000 0.000
0.000 0.000 0.000 0.000 0.000 0.000 0.000 0.000 0.000 0.000 0.000 0.000 0.000 0.000 0.000 0.000 0.000 0.000 0.000 0.000 0.000 0.000 0.000 0.000 0.000 0.000 0.000 0.000 0.000 0.000 0.000 0.000 0.000 0.000 0.000 0.000 0.000 0.000 0.000 0.000 0.000 0.000 0.000 0.000 0.000 0.000 0.000 0.000 0.000 0.000 0.000 0.000 0.000 0.000 0.000 0.000 0.000 0.000 0.000 0.000 0.000 0.000 0.000 0.000 0.000 0.000 0.000 0.000 0.000 0.000 0.000 0.000 0.000 0.000 0.000 0.000 0.000
0.000 0.000 0.000 0.000 0.000 0.000 0.000 0.000 0.000 0.000 0.000 0.000 0.000 0.000 0.000 0.000 0.000 0.000 0.000 0.000 0.000 0.000 0.000 0.000 0.000 0.000 0.000 0.000 0.000 0.000 0.000 0.000 0.000 0.000 0.000 0.000 0.000 0.000 0.000 0.000 0.000 0.000 0.000 0.000 0.000 0.000 0.000 0.000 0.000 0.000 0.000 0.000 0.000 0.000 0.000 0.000 0.000 0.000 0.000 0.000 0.000 0.000 0.000 0.000 0.000 0.000 0.000 0.000 0.000 0.000 0.000 0.000 0.000 0.000 0.000 0.000 0.000
0.000 0.000 0.000 0.000 0.000 0.000 0.000 0.000 0.000 0.000 0.000 0.000 0.000 0.000 0.000 0.000 0.000 0.000 0.000 0.000 0.000 0.000 0.000 0.000 0.000 0.000 0.000 0.000 0.000 0.000 0.000 0.000 0.000 0.000 0.000 0.000 0.000 0.000 0.000 0.000 0.000 0.000 0.000 0.000 0.000 0.000 0.000 0.000 0.000 0.000 0.000 0.000 0.000 0.000 0.000 0.000 0.000 0.000 0.000 0.000 0.000 0.000 0.000 0.000 0.000 0.000 0.000 0.000 0.000 0.000 0.000 0.000 0.000 0.000 0.000 0.000 0.000
0.001 0.001 0.001 0.001 0.001 0.000 0.000 0.000 0.000 0.000 0.000 0.000 0.000 0.000 0.000 0.000 0.000 0.000 0.000 0.000 0.000 0.000 0.000 0.000 0.000 0.000 0.000 0.000 0.000 0.000 0.000 0.000 0.000 0.000 0.000 0.000 0.000 0.000 0.000 0.000 0.000 0.000 0.000 0.000 0.000 0.000 0.000 0.000 0.000 0.000 0.000 0.000 0.000 0.000 0.000 0.000 0.000 0.000 0.000 0.000 0.000 0.000 0.000 0.000 0.000 0.000 0.000 0.000 0.000 0.000 0.000 0.000 0.000 0.000 0.000 0.000 0.000
0.002 0.002 0.002 0.001 0.001 0.001 0.001 0.001 0.001 0.000 0.000 0.000 0.000 0.000 0.000 0.000 0.000 0.000 0.000 0.000 0.000 0.000 0.000 0.000 0.000 0.000 0.000 0.000 0.000 0.000 0.000 0.000 0.000 0.000 0.000 0.000 0.000 0.000 0.000 0.000 0.000 0.000 0.000 0.000 0.000 0.000 0.000 0.000 0.001 0.001 0.001 0.001 0.001 0.001 0.001 0.001 0.001 0.001 0.001 0.001 0.001 0.001 0.001 0.001 0.001 0.001 0.001 0.001 0.001 0.001 0.001 0.001 0.001 0.001 0.000 0.000 0.000
0.004 0.003 0.003 0.003 0.002 0.002 0.002 0.001 0.001 0.001 0.001 0.001 0.001 0.001 0.000 0.000 0.000 0.000 0.000 0.000 0.000 0.000 0.000 0.000 0.000 0.000 0.000 0.000 0.000 0.000 0.000 0.000 0.000 0.000 0.000 0.000 0.000 0.000 0.000 0.000 0.000 0.000 0.000 0.000 0.000 0.000 0.001 0.001 0.002 0.002 0.002 0.002 0.002 0.002 0.002 0.002 0.002 0.002 0.002 0.002 0.002 0.002 0.002 0.002 0.002 0.002 0.002 0.002 0.002 0.002 0.002 0.002 0.002 0.002 0.001 0.001 0.001
0.005 0.005 0.004 0.004 0.003 0.003 0.003 0.002 0.002 0.002 0.002 0.002 0.001 0.001 0.001 0.001 0.001 0.001 0.001 0.001 0.000 0.000 0.000 0.000 0.000 0.000 0.000 0.000 0.000 0.000 0.000 0.000 0.000 0.000 0.000 0.000 0.000 0.000 0.000 0.000 0.000 0.000 0.000 0.000 0.001 0.002 0.002 0.003 0.004 0.004 0.004 0.005 0.005 0.005 0.005 0.005 0.005 0.005 0.004 0.004 0.004 0.004 0.004 0.004 0.004 0.004 0.004 0.004 0.004 0.004 0.004 0.004 0.004 0.003 0.003 0.002 0.002
0.008 0.007 0.006 0.005 0.005 0.004 0.004 0.004 0.003 0.003 0.003 0.003 0.002 0.002 0.002 0.002 0.002 0.002 0.001 0.001 0.001 0.001 0.001 0.001 0.001 0.001 0.001 0.001 0.000 0.000 0.000 0.000 0.000 0.000 0.000 0.000 0.000 0.000 0.001 0.001 0.001 0.001 0.001 0.002 0.002 0.003 0.005 0.006 0.006 0.007 0.007 0.008 0.008 0.008 0.008 0.008 0.008 0.008 0.008 0.008 0.007 0.007 0.007 0.007 0.007 0.007 0.008 0.008 0.008 0.007 0.007 0.007 0.006 0.005 0.005 0.004 0.003
0.011 0.009 0.008 0.007 0.006 0.006 0.005 0.005 0.005 0.005 0.004 0.004 0.004 0.004 0.003 0.003 0.003 0.003 0.003 0.002 0.002 0.002 0.002 0.002 0.002 0.002 0.002 0.001 0.001 0.001 0.001 0.001 0.001 0.001 0.001 0.001 0.001 0.002 0.002 0.002 0.002 0.002 0.003 0.004 0.005 0.006 0.008 0.009 0.010 0.011 0.011 0.012 0.012 0.012 0.012 0.012 0.012 0.012 0.012 0.012 0.012 0.011 0.011 0.011 0.011 0.012 0.012 0.012 0.012 0.012 0.011 0.011 0.009 0.008 0.007 0.006 0.005
0.016 0.013 0.011 0.010 0.009 0.008 0.007 0.007 0.006 0.006 0.006 0.006 0.006 0.005 0.005 0.005 0.005 0.004 0.004 0.004 0.004 0.004 0.003 0.003 0.003 0.003 0.003 0.003 0.003 0.003 0.003 0.003 0.003 0.003 0.003 0.003 0.003 0.003 0.003 0.004 0.004 0.005 0.005 0.006 0.008 0.010 0.012 0.013 0.015 0.016 0.017 0.017 0.018 0.018 0.019 0.019 0.019 0.019 0.019 0.019 0.018 0.018 0.017 0.017 0.017 0.018 0.018 0.019 0.019 0.019 0.018 0.016 0.013 0.011 0.010 0.008 0.007
0.027 0.020 0.016 0.013 0.011 0.010 0.009 0.009 0.008 0.008 0.008 0.008 0.008 0.007 0.007 0.007 0.007 0.006 0.006 0.006 0.006 0.005 0.005 0.005 0.005 0.005 0.005 0.005 0.004 0.004 0.004 0.004 0.004 0.005 0.005 0.005 0.005 0.005 0.006 0.006 0.007 0.008 0.009 0.010 0.012 0.014 0.016 0.019 0.021 0.022 0.023 0.024 0.026 0.027 0.028 0.028 0.029 0.029 0.030 0.030 0.029 0.028 0.027 0.026 0.027 0.027 0.029 0.031 0.031 0.031 0.028 0.023 0.018 0.015 0.013 0.011 0.010
0.063 0.039 0.026 0.020 0.016 0.014 0.013 0.012 0.011 0.011 0.010 0.010 0.010 0.010 0.010 0.009 0.009 0.009 0.009 0.008 0.008 0.008 0.007 0.007 0.007 0.007 0.007 0.007 0.007 0.007 0.007 0.007 0.007 0.007 0.007 0.007 0.007 0.008 0.008 0.009 0.010 0.011 0.013 0.014 0.016 0.019 0.022 0.026 0.029 0.030 0.032 0.034 0.036 0.040 0.043 0.045 0.047 0.048 0.050 0.051 0.050 0.049 0.046 0.045 0.045 0.046 0.050 0.055 0.057 0.056 0.051 0.038 0.026 0.020 0.016 0.014 0.012
0.200 0.106 0.059 0.037 0.026 0.021 0.018 0.016 0.015 0.014 0.014 0.013 0.013 0.013 0.013 0.012 0.012 0.012 0.011 0.011 0.011 0.010 0.010 0.010 0.010 0.009 0.009 0.009 0.009 0.009 0.009 0.009 0.009 0.010 0.010 0.010 0.011 0.011 0.012 0.013 0.014 0.015 0.017 0.019 0.022 0.025 0.029 0.034 0.038 0.041 0.044 0.047 0.052 0.059 0.068 0.075 0.081 0.086 0.090 0.093 0.093 0.092 0.088 0.086 0.085 0.087 0.094 0.110 0.119 0.119 0.106 0.072 0.042 0.028 0.021 0.017 0.015
0.612 0.331 0.171 0.092 0.056 0.039 0.030 0.024 0.021 0.019 0.018 0.018 0.018 0.017 0.017 0.017 0.016 0.016 0.015 0.015 0.014 0.014 0.013 0.013 0.013 0.013 0.012 0.012 0.012 0.012 0.012 0.013 0.013 0.013 0.013 0.014 0.014 0.015 0.016 0.017 0.019 0.021 0.023 0.026 0.029 0.033 0.038 0.044 0.049 0.054 0.060 0.068 0.079 0.094 0.113 0.131 0.145 0.157 0.167 0.175 0.181 0.184 0.183 0.180 0.180 0.183 0.203 0.249 0.277 0.279 0.250 0.163 0.081 0.044 0.029 0.022 0.019
1.418 0.862 0.484 0.264 0.149 0.092 0.062 0.046 0.036 0.030 0.027 0.026 0.025 0.025 0.025 0.024 0.023 0.022 0.021 0.020 0.019 0.018 0.017 0.017 0.017 0.016 0.016 0.016 0.016 0.016 0.016 0.016 0.017 0.017 0.017 0.018 0.019 0.019 0.021 0.023 0.025 0.028 0.031 0.035 0.039 0.044 0.050 0.057 0.066 0.076 0.088 0.105 0.129 0.160 0.199 0.236 0.265 0.288 0.308 0.328 0.347 0.364 0.377 0.385 0.393 0.410 0.461 0.572 0.666 0.672 0.605 0.403 0.186 0.084 0.044 0.029 0.023
2.527 1.742 1.102 0.675 0.406 0.245 0.155 0.103 0.072 0.055 0.046 0.042 0.041 0.041 0.040 0.038 0.036 0.034 0.031 0.030 0.028 0.025 0.024 0.023 0.022 0.022 0.022 0.021 0.021 0.021 0.021 0.021 0.021 0.021 0.022 0.023 0.024 0.026 0.028 0.030 0.034 0.038 0.042 0.048 0.055 0.062 0.071 0.081 0.095 0.114 0.141 0.178 0.228 0.294 0.368 0.432 0.481 0.517 0.545 0.570 0.596 0.621 0.643 0.664 0.689 0.727 0.801 0.955 1.189 1.320 1.263 0.938 0.455 0.183 0.079 0.043 0.030
3.606 2.820 2.010 1.374 0.915 0.595 0.384 0.251 0.168 0.119 0.093 0.082 0.079 0.078 0.076 0.073 0.068 0.061 0.056 0.051 0.045 0.040 0.035 0.033 0.031 0.030 0.029 0.028 0.027 0.027 0.026 0.026 0.027 0.027 0.028 0.029 0.031 0.034 0.038 0.042 0.048 0.054 0.063 0.072 0.083 0.094 0.106 0.123 0.148 0.186 0.241 0.321 0.431 0.554 0.659 0.721 0.748 0.754 0.762 0.770 0.776 0.785 0.798 0.816 0.846 0.890 0.962 1.107 1.408 1.703 1.775 1.584 0.986 0.400 0.155 0.070 0.042
4.474 3.772 3.001 2.274 1.663 1.186 0.831 0.578 0.403 0.290 0.225 0.193 0.180 0.174 0.169 0.160 0.146 0.130 0.116 0.104 0.091 0.076 0.062 0.053 0.048 0.045 0.042 0.040 0.037 0.035 0.035 0.034 0.035 0.035 0.037 0.040 0.043 0.048 0.054 0.063 0.073 0.087 0.102 0.118 0.134 0.150 0.171 0.202 0.249 0.322 0.436 0.596 0.754 0.858 0.902 0.902 0.874 0.847 0.839 0.839 0.835 0.831 0.833 0.844 0.868 0.908 0.971 1.101 1.397 1.777 1.936 1.896 1.498 0.775 0.296 0.121 0.063
5.155 4.511 3.831 3.158 2.540 1.991 1.534 1.174 0.901 0.707 0.580 0.505 0.462 0.434 0.406 0.373 0.339 0.307 0.277 0.249 0.218 0.178 0.134 0.103 0.085 0.075 0.068 0.062 0.056 0.052 0.049 0.049 0.049 0.050 0.054 0.059 0.066 0.075 0.088 0.106 0.129 0.156 0.182 0.206 0.230 0.256 0.294 0.354 0.444 0.572 0.738 0.890 0.972 0.997 0.981 0.940 0.882 0.841 0.824 0.820 0.813 0.806 0.804 0.807 0.818 0.839 0.879 0.974 1.222 1.649 1.915 1.945 1.750 1.155 0.508 0.203 0.096
5.730 5.147 4.580 4.016 3.466 2.947 2.479 2.079 1.760 1.523 1.354 1.235 1.143 1.057 0.954 0.845 0.769 0.713 0.660 0.604 0.533 0.429 0.314 0.231 0.178 0.147 0.127 0.111 0.097 0.088 0.082 0.080 0.080 0.083 0.091 0.102 0.116 0.137 0.168 0.210 0.255 0.300 0.340 0.376 0.412 0.456 0.529 0.641 0.760 0.862 0.950 1.006 1.023 1.012 0.972 0.899 0.815 0.754 0.719 0.701 0.691 0.685 0.684 0.683 0.680 0.670 0.671 0.707 0.864 1.272 1.711 1.859 1.794 1.422 0.770 0.324 0.149
6.309 5.790 5.341 4.910 4.469 4.022 3.612 3.255 2.969 2.757 2.597 2.461 2.329 2.170 1.945 1.701 1.540 1.439 1.348 1.244 1.099 0.887 0.653 0.480 0.368 0.300 0.257 0.225 0.197 0.175 0.162 0.157 0.158 0.164 0.178 0.199 0.232 0.284 0.359 0.436 0.507 0.570 0.630 0.687 0.741 0.802 0.884 0.959 0.991 0.996 1.002 1.007 0.995 0.951 0.866 0.749 0.634 0.545 0.491 0.465 0.456 0.456 0.461 0.462 0.455 0.435 0.427 0.439 0.523 0.799 1.303 1.634 1.687 1.519 1.018 0.484 0.224
7.009 6.602 6.272 5.969 5.644 5.263 4.926 4.663 4.461 4.318 4.209 4.102 3.965 3.754 3.432 3.045 2.737 2.519 2.333 2.133 1.876 1.521 1.142 0.852 0.658 0.543 0.479 0.438 0.402 0.370 0.348 0.341 0.343 0.356 0.382 0.420 0.484 0.597 0.735 0.842 0.920 0.983 1.035 1.075 1.102 1.118 1.120 1.093 1.049 1.002 0.963 0.916 0.845 0.737 0.601 0.469 0.374 0.312 0.280 0.268 0.266 0.266 0.269 0.273 0.273 0.268 0.267 0.278 0.333 0.503 0.906 1.324 1.477 1.444 1.153 0.657 0.323
7.976 7.781 7.607 7.429 7.216 6.929 6.677 6.505 6.377 6.286 6.218 6.145 6.030 5.820 5.477 5.004 4.500 4.039 3.624 3.224 2.789 2.264 1.737 1.322 1.030 0.854 0.770 0.737 0.717 0.697 0.683 0.687 0.704 0.735 0.774 0.826 0.910 1.045 1.166 1.229 1.254 1.263 1.270 1.273 1.262 1.233 1.175 1.093 1.000 0.898 0.783 0.650 0.513 0.395 0.307 0.248 0.209 0.185 0.174 0.171 0.171 0.170 0.169 0.170 0.170 0.170 0.172 0.184 0.226 0.346 0.638 1.061 1.266 1.293 1.174 0.820 0.446
