RESULTS/r.avaflow_results/23_results/23_ascii/23_hflow30038.asc
ncols 506
nrows 317
xllcenter 498237.50
yllcenter 5580050.00
cellsize 12.50
NODATA_value -9999.000
[rows 170 to 203 of 317, columns 154 to 230 of 506]
9.515 9.578 9.585 9.542 9.453 9.317 9.185 9.076 8.977 8.880 8.781 8.673 8.541 8.346 8.030 7.554 6.930 6.215 5.467 4.719 3.977 3.234 2.557 1.994 1.562 1.259 1.075 0.982 0.954 0.959 0.980 1.009 1.026 1.034 1.038 1.048 1.075 1.120 1.145 1.149 1.135 1.109 1.081 1.054 1.017 0.960 0.874 0.760 0.636 0.514 0.401 0.311 0.248 0.205 0.176 0.157 0.146 0.142 0.141 0.142 0.142 0.141 0.140 0.139 0.140 0.143 0.152 0.177 0.239 0.375 0.631 0.878 0.985 0.999 0.941 0.766 0.514
11.309 11.693 11.945 12.077 12.123 12.110 12.063 11.988 11.893 11.782 11.657 11.524 11.375 11.178 10.858 10.335 9.592 8.669 7.638 6.559 5.480 4.458 3.535 2.757 2.151 1.708 1.409 1.229 1.146 1.130 1.147 1.169 1.176 1.169 1.150 1.137 1.139 1.152 1.158 1.148 1.118 1.072 1.020 0.968 0.906 0.814 0.678 0.513 0.365 0.261 0.195 0.154 0.128 0.112 0.104 0.100 0.099 0.100 0.103 0.104 0.103 0.102 0.099 0.098 0.098 0.099 0.106 0.126 0.173 0.272 0.464 0.724 0.888 0.941 0.936 0.862 0.682
13.139 13.891 14.381 14.654 14.775 14.808 14.791 14.744 14.670 14.580 14.476 14.358 14.228 14.056 13.774 13.278 12.503 11.462 10.234 8.903 7.531 6.188 4.943 3.862 2.990 2.320 1.829 1.502 1.317 1.237 1.213 1.208 1.202 1.188 1.159 1.133 1.122 1.114 1.102 1.069 1.002 0.911 0.818 0.726 0.623 0.496 0.358 0.242 0.167 0.123 0.096 0.080 0.071 0.066 0.065 0.066 0.069 0.074 0.077 0.078 0.077 0.076 0.073 0.072 0.071 0.073 0.078 0.093 0.126 0.196 0.332 0.565 0.788 0.895 0.922 0.902 0.810
14.351 15.395 16.097 16.522 16.769 16.913 16.993 17.025 17.012 16.973 16.912 16.834 16.744 16.623 16.402 15.969 15.252 14.255 13.033 11.644 10.132 8.540 6.939 5.472 4.227 3.214 2.432 1.875 1.522 1.327 1.232 1.191 1.166 1.138 1.098 1.053 1.016 0.981 0.938 0.861 0.732 0.588 0.468 0.375 0.295 0.218 0.154 0.108 0.080 0.063 0.052 0.047 0.044 0.043 0.044 0.046 0.050 0.055 0.058 0.059 0.059 0.057 0.056 0.055 0.055 0.056 0.061 0.072 0.095 0.142 0.235 0.412 0.666 0.842 0.905 0.910 0.871
14.903 16.121 17.008 17.622 18.058 18.382 18.630 18.799 18.884 18.905 18.888 18.850 18.801 18.733 18.586 18.248 17.635 16.734 15.580 14.236 12.737 11.080 9.255 7.358 5.650 4.228 3.111 2.294 1.741 1.400 1.214 1.117 1.052 0.995 0.931 0.856 0.787 0.716 0.632 0.518 0.387 0.284 0.215 0.167 0.128 0.096 0.071 0.054 0.043 0.036 0.033 0.031 0.030 0.030 0.031 0.033 0.037 0.042 0.044 0.045 0.045 0.045 0.044 0.044 0.045 0.047 0.050 0.058 0.074 0.106 0.169 0.293 0.523 0.763 0.875 0.900 0.887
14.977 16.250 17.249 18.030 18.665 19.188 19.608 19.917 20.106 20.182 20.187 20.163 20.145 20.130 20.066 19.850 19.394 18.651 17.605 16.283 14.732 12.970 10.970 8.731 6.640 4.903 3.548 2.557 1.875 1.434 1.162 0.988 0.861 0.746 0.634 0.534 0.457 0.391 0.326 0.252 0.183 0.134 0.101 0.078 0.061 0.048 0.038 0.031 0.027 0.024 0.023 0.022 0.022 0.023 0.024 0.025 0.028 0.032 0.034 0.035 0.036 0.036 0.037 0.037 0.038 0.040 0.044 0.050 0.062 0.084 0.127 0.215 0.388 0.646 0.814 0.871 0.875
14.768 16.094 17.176 18.049 18.793 19.434 19.952 20.335 20.589 20.705 20.716 20.685 20.684 20.728 20.737 20.632 20.324 19.740 18.820 17.543 15.942 14.064 11.901 9.442 7.110 5.194 3.717 2.649 1.913 1.414 1.068 0.815 0.614 0.453 0.338 0.266 0.222 0.189 0.156 0.120 0.090 0.068 0.053 0.042 0.034 0.028 0.024 0.021 0.019 0.018 0.017 0.017 0.017 0.018 0.018 0.020 0.022 0.024 0.026 0.028 0.029 0.030 0.031 0.032 0.034 0.036 0.039 0.045 0.054 0.070 0.102 0.164 0.286 0.506 0.715 0.814 0.842
14.207 15.618 16.832 17.849 18.698 19.386 19.913 20.300 20.568 20.699 20.711 20.671 20.672 20.755 20.798 20.741 20.500 19.996 19.162 17.943 16.334 14.386 12.130 9.579 7.175 5.208 3.701 2.617 1.856 1.310 0.905 0.599 0.384 0.248 0.169 0.128 0.106 0.091 0.076 0.060 0.048 0.038 0.031 0.026 0.022 0.019 0.017 0.015 0.014 0.014 0.014 0.014 0.014 0.014 0.014 0.015 0.016 0.018 0.020 0.022 0.023 0.025 0.026 0.028 0.030 0.032 0.036 0.041 0.048 0.061 0.085 0.131 0.217 0.372 0.579 0.724 0.787
13.302 14.821 16.177 17.341 18.293 19.015 19.522 19.876 20.115 20.233 20.246 20.209 20.206 20.285 20.330 20.280 20.072 19.635 18.878 17.714 16.124 14.154 11.847 9.255 6.874 4.930 3.441 2.364 1.602 1.050 0.644 0.370 0.212 0.127 0.085 0.064 0.054 0.047 0.040 0.033 0.028 0.024 0.021 0.018 0.016 0.014 0.013 0.012 0.011 0.011 0.011 0.010 0.011 0.011 0.011 0.012 0.012 0.014 0.015 0.017 0.018 0.020 0.022 0.024 0.027 0.029 0.032 0.037 0.044 0.055 0.074 0.108 0.169 0.275 0.440 0.606 0.708
12.102 13.715 15.178 16.430 17.432 18.165 18.651 18.945 19.099 19.162 19.179 19.181 19.178 19.188 19.162 19.063 18.844 18.444 17.755 16.649 15.071 13.065 10.707 8.199 5.980 4.174 2.784 1.772 1.079 0.622 0.341 0.186 0.105 0.065 0.045 0.036 0.031 0.027 0.024 0.021 0.019 0.017 0.015 0.013 0.012 0.011 0.010 0.009 0.009 0.008 0.008 0.008 0.008 0.008 0.008 0.009 0.009 0.010 0.011 0.013 0.014 0.016 0.018 0.020 0.023 0.026 0.029 0.034 0.040 0.049 0.065 0.092 0.137 0.213 0.330 0.481 0.605
10.606 12.247 13.773 15.067 16.096 16.847 17.331 17.569 17.631 17.637 17.678 17.763 17.771 17.689 17.530 17.330 17.056 16.626 15.899 14.727 13.052 10.926 8.547 6.308 4.407 2.871 1.714 0.942 0.501 0.268 0.147 0.085 0.052 0.036 0.027 0.023 0.020 0.018 0.016 0.015 0.013 0.012 0.011 0.010 0.009 0.008 0.007 0.007 0.006 0.006 0.006 0.006 0.006 0.006 0.006 0.006 0.007 0.007 0.008 0.009 0.011 0.013 0.015 0.017 0.020 0.023 0.026 0.031 0.036 0.045 0.058 0.081 0.116 0.173 0.259 0.376 0.500
8.816 10.371 11.945 13.296 14.396 15.221 15.747 15.977 16.006 16.003 16.079 16.207 16.213 16.072 15.810 15.507 15.132 14.551 13.585 12.107 10.092 7.702 5.450 3.693 2.382 1.423 0.765 0.378 0.190 0.104 0.062 0.041 0.029 0.022 0.018 0.016 0.014 0.013 0.012 0.011 0.010 0.009 0.008 0.008 0.007 0.006 0.006 0.005 0.005 0.005 0.004 0.004 0.004 0.004 0.004 0.004 0.005 0.005 0.006 0.007 0.008 0.010 0.012 0.014 0.017 0.020 0.023 0.028 0.033 0.041 0.054 0.073 0.104 0.149 0.215 0.304 0.411
7.013 8.293 9.778 11.230 12.437 13.369 13.980 14.269 14.339 14.360 14.433 14.505 14.463 14.281 13.976 13.586 13.049 12.176 10.768 8.708 6.283 4.117 2.592 1.597 0.954 0.532 0.270 0.132 0.071 0.045 0.031 0.023 0.018 0.015 0.013 0.012 0.011 0.010 0.009 0.008 0.007 0.007 0.006 0.006 0.005 0.005 0.004 0.004 0.004 0.003 0.003 0.003 0.003 0.003 0.003 0.003 0.003 0.003 0.004 0.005 0.006 0.007 0.009 0.011 0.014 0.017 0.021 0.025 0.031 0.039 0.051 0.069 0.096 0.135 0.187 0.255 0.339
5.490 6.466 7.615 8.937 10.203 11.205 11.898 12.280 12.421 12.449 12.441 12.366 12.201 11.943 11.577 11.056 10.256 8.944 6.975 4.769 2.924 1.665 0.916 0.513 0.292 0.163 0.088 0.050 0.032 0.024 0.019 0.015 0.013 0.011 0.010 0.009 0.008 0.007 0.007 0.006 0.006 0.005 0.005 0.004 0.004 0.004 0.003 0.003 0.003 0.003 0.002 0.002 0.002 0.002 0.002 0.002 0.002 0.002 0.002 0.003 0.004 0.005 0.007 0.009 0.011 0.015 0.018 0.023 0.029 0.038 0.050 0.067 0.092 0.126 0.170 0.223 0.287
4.206 4.897 5.681 6.581 7.577 8.478 9.164 9.589 9.769 9.786 9.689 9.446 9.074 8.613 8.051 7.312 6.270 4.835 3.199 1.854 0.974 0.487 0.253 0.145 0.088 0.055 0.035 0.024 0.019 0.015 0.012 0.011 0.009 0.008 0.007 0.006 0.006 0.005 0.005 0.004 0.004 0.004 0.003 0.003 0.003 0.003 0.003 0.002 0.002 0.002 0.002 0.002 0.002 0.001 0.001 0.001 0.001 0.001 0.001 0.002 0.003 0.004 0.005 0.007 0.010 0.013 0.016 0.021 0.027 0.036 0.048 0.065 0.089 0.120 0.158 0.202 0.255
3.099 3.526 3.976 4.444 4.933 5.396 5.787 6.068 6.204 6.215 6.093 5.787 5.325 4.758 4.150 3.507 2.755 1.843 1.024 0.505 0.242 0.126 0.074 0.049 0.034 0.025 0.019 0.015 0.012 0.010 0.009 0.008 0.006 0.006 0.005 0.004 0.004 0.004 0.003 0.003 0.003 0.003 0.002 0.002 0.002 0.002 0.002 0.002 0.002 0.002 0.002 0.002 0.001 0.001 0.001 0.000 0.000 0.000 0.000 0.001 0.002 0.003 0.004 0.006 0.008 0.011 0.015 0.019 0.026 0.034 0.046 0.063 0.085 0.114 0.149 0.191 0.241
2.133 2.339 2.543 2.727 2.887 3.014 3.109 3.163 3.176 3.149 3.053 2.841 2.490 2.025 1.597 1.226 0.856 0.491 0.244 0.120 0.065 0.042 0.030 0.023 0.019 0.015 0.012 0.010 0.009 0.007 0.006 0.005 0.004 0.004 0.003 0.003 0.003 0.003 0.002 0.002 0.002 0.002 0.002 0.002 0.002 0.002 0.002 0.002 0.002 0.002 0.002 0.001 0.001 0.001 0.000 0.000 0.000 0.000 0.000 0.000 0.001 0.002 0.003 0.004 0.006 0.009 0.013 0.018 0.024 0.032 0.044 0.060 0.081 0.108 0.142 0.185 0.238
1.333 1.401 1.466 1.506 1.512 1.475 1.410 1.347 1.294 1.240 1.166 1.045 0.859 0.626 0.449 0.319 0.205 0.116 0.063 0.038 0.026 0.021 0.017 0.014 0.012 0.010 0.008 0.007 0.006 0.005 0.004 0.003 0.003 0.003 0.002 0.002 0.002 0.002 0.002 0.002 0.002 0.001 0.001 0.001 0.002 0.002 0.002 0.002 0.002 0.002 0.002 0.001 0.001 0.001 0.000 0.000 0.000 0.000 0.000 0.000 0.000 0.001 0.002 0.003 0.005 0.007 0.011 0.016 0.022 0.030 0.041 0.056 0.076 0.102 0.138 0.184 0.241
0.747 0.752 0.755 0.743 0.707 0.635 0.541 0.468 0.417 0.375 0.336 0.290 0.229 0.161 0.114 0.081 0.055 0.036 0.025 0.019 0.015 0.013 0.011 0.010 0.008 0.007 0.006 0.005 0.004 0.003 0.003 0.002 0.002 0.002 0.002 0.001 0.001 0.001 0.001 0.001 0.001 0.001 0.001 0.001 0.001 0.002 0.002 0.002 0.002 0.002 0.002 0.001 0.001 0.000 0.000 0.000 0.000 0.000 0.000 0.000 0.000 0.000 0.001 0.002 0.004 0.006 0.009 0.013 0.019 0.027 0.037 0.051 0.069 0.096 0.133 0.185 0.253
0.364 0.352 0.340 0.324 0.296 0.246 0.189 0.149 0.123 0.106 0.092 0.078 0.062 0.046 0.036 0.028 0.022 0.017 0.014 0.012 0.010 0.009 0.007 0.006 0.005 0.004 0.004 0.003 0.002 0.002 0.002 0.002 0.001 0.001 0.001 0.001 0.001 0.001 0.001 0.001 0.001 0.001 0.001 0.002 0.002 0.002 0.002 0.002 0.002 0.002 0.002 0.001 0.001 0.000 0.000 0.000 0.000 0.000 0.000 0.000 0.000 0.000 0.000 0.001 0.002 0.004 0.007 0.011 0.016 0.023 0.031 0.044 0.061 0.087 0.126 0.181 0.256
0.149 0.141 0.133 0.124 0.110 0.087 0.062 0.046 0.037 0.032 0.029 0.026 0.022 0.019 0.016 0.014 0.012 0.011 0.009 0.008 0.007 0.006 0.005 0.004 0.003 0.003 0.002 0.002 0.002 0.001 0.001 0.001 0.001 0.001 0.001 0.001 0.001 0.001 0.001 0.001 0.001 0.002 0.002 0.002 0.002 0.003 0.003 0.003 0.003 0.002 0.002 0.001 0.001 0.000 0.000 0.000 0.000 0.000 0.000 0.000 0.000 0.000 0.000 0.001 0.002 0.003 0.005 0.008 0.012 0.017 0.025 0.035 0.049 0.072 0.108 0.163 0.241
0.053 0.050 0.047 0.044 0.038 0.029 0.021 0.016 0.014 0.012 0.012 0.011 0.011 0.010 0.009 0.008 0.008 0.007 0.006 0.005 0.004 0.004 0.003 0.003 0.002 0.002 0.002 0.001 0.001 0.001 0.001 0.001 0.001 0.001 0.001 0.001 0.001 0.002 0.002 0.002 0.002 0.003 0.003 0.003 0.003 0.003 0.003 0.003 0.003 0.002 0.001 0.001 0.001 0.000 0.000 0.000 0.000 0.000 0.000 0.000 0.000 0.000 0.000 0.000 0.001 0.002 0.003 0.006 0.009 0.013 0.018 0.025 0.035 0.051 0.078 0.124 0.194
0.018 0.017 0.016 0.015 0.013 0.010 0.008 0.007 0.006 0.006 0.006 0.006 0.006 0.006 0.006 0.005 0.005 0.004 0.004 0.003 0.003 0.002 0.002 0.002 0.002 0.001 0.001 0.001 0.001 0.001 0.001 0.001 0.002 0.002 0.002 0.002 0.002 0.003 0.003 0.003 0.004 0.004 0.004 0.004 0.004 0.004 0.003 0.003 0.003 0.002 0.001 0.001 0.000 0.000 0.000 0.000 0.000 0.000 0.000 0.000 0.000 0.000 0.000 0.000 0.000 0.001 0.002 0.004 0.006 0.009 0.013 0.017 0.024 0.033 0.048 0.075 0.119
0.006 0.006 0.006 0.006 0.005 0.004 0.004 0.003 0.003 0.003 0.003 0.004 0.004 0.004 0.004 0.003 0.003 0.003 0.002 0.002 0.002 0.002 0.001 0.001 0.001 0.001 0.002 0.002 0.002 0.002 0.002 0.002 0.003 0.003 0.003 0.004 0.004 0.004 0.004 0.005 0.004 0.004 0.004 0.004 0.004 0.004 0.003 0.003 0.002 0.002 0.001 0.001 0.000 0.000 0.000 0.000 0.000 0.000 0.000 0.000 0.000 0.000 0.000 0.000 0.000 0.000 0.001 0.002 0.004 0.006 0.009 0.012 0.016 0.022 0.030 0.044 0.066
0.002 0.003 0.003 0.003 0.003 0.002 0.002 0.002 0.002 0.002 0.002 0.002 0.002 0.002 0.002 0.002 0.002 0.002 0.002 0.001 0.001 0.001 0.001 0.001 0.002 0.002 0.002 0.003 0.003 0.004 0.004 0.004 0.005 0.005 0.005 0.005 0.005 0.005 0.005 0.005 0.005 0.004 0.004 0.004 0.004 0.003 0.003 0.002 0.002 0.001 0.001 0.000 0.000 0.000 0.000 0.000 0.000 0.000 0.000 0.000 0.000 0.000 0.000 0.000 0.000 0.000 0.000 0.001 0.002 0.004 0.006 0.008 0.011 0.015 0.020 0.027 0.038
0.001 0.001 0.001 0.001 0.001 0.001 0.001 0.001 0.001 0.002 0.002 0.002 0.002 0.002 0.002 0.002 0.001 0.001 0.001 0.001 0.001 0.001 0.002 0.002 0.003 0.003 0.004 0.005 0.005 0.006 0.006 0.006 0.006 0.006 0.006 0.006 0.006 0.006 0.005 0.005 0.005 0.004 0.004 0.003 0.003 0.003 0.002 0.002 0.001 0.001 0.001 0.000 0.000 0.000 0.000 0.000 0.000 0.000 0.000 0.000 0.000 0.000 0.000 0.000 0.000 0.000 0.000 0.001 0.001 0.002 0.004 0.006 0.008 0.010 0.014 0.018 0.024
0.001 0.001 0.001 0.001 0.001 0.001 0.001 0.001 0.001 0.001 0.001 0.001 0.001 0.001 0.001 0.001 0.001 0.001 0.001 0.001 0.002 0.002 0.003 0.003 0.005 0.006 0.006 0.007 0.007 0.007 0.007 0.007 0.007 0.006 0.006 0.006 0.006 0.006 0.005 0.005 0.004 0.004 0.003 0.003 0.002 0.002 0.001 0.001 0.001 0.001 0.000 0.000 0.000 0.000 0.000 0.000 0.000 0.000 0.000 0.000 0.000 0.000 0.000 0.000 0.000 0.000 0.000 0.000 0.001 0.001 0.002 0.003 0.005 0.007 0.010 0.013 0.016
0.001 0.001 0.001 0.001 0.001 0.001 0.001 0.001 0.001 0.001 0.001 0.001 0.001 0.001 0.001 0.001 0.001 0.001 0.002 0.002 0.002 0.003 0.004 0.005 0.006 0.007 0.007 0.008 0.008 0.007 0.007 0.007 0.007 0.006 0.006 0.006 0.006 0.005 0.005 0.004 0.004 0.003 0.002 0.002 0.002 0.001 0.001 0.001 0.001 0.000 0.000 0.000 0.000 0.000 0.000 0.000 0.000 0.000 0.000 0.000 0.000 0.000 0.000 0.000 0.000 0.000 0.000 0.000 0.000 0.001 0.001 0.002 0.003 0.005 0.007 0.009 0.011
0.001 0.001 0.001 0.001 0.001 0.001 0.001 0.001 0.001 0.001 0.001 0.001 0.001 0.001 0.001 0.001 0.001 0.002 0.002 0.003 0.003 0.004 0.005 0.006 0.007 0.007 0.008 0.008 0.008 0.007 0.007 0.007 0.006 0.006 0.006 0.006 0.005 0.005 0.004 0.004 0.003 0.002 0.002 0.001 0.001 0.001 0.001 0.001 0.000 0.000 0.000 0.000 0.000 0.000 0.000 0.000 0.000 0.000 0.000 0.000 0.000 0.000 0.000 0.000 0.000 0.000 0.000 0.000 0.000 0.000 0.000 0.001 0.002 0.003 0.004 0.006 0.008
0.000 0.000 0.000 0.000 0.000 0.000 0.000 0.000 0.001 0.001 0.001 0.001 0.001 0.001 0.001 0.001 0.001 0.002 0.002 0.003 0.004 0.005 0.006 0.006 0.007 0.007 0.007 0.007 0.007 0.007 0.007 0.006 0.006 0.006 0.005 0.005 0.005 0.004 0.003 0.002 0.002 0.001 0.001 0.001 0.001 0.001 0.000 0.000 0.000 0.000 0.000 0.000 0.000 0.000 0.000 0.000 0.000 0.000 0.000 0.000 0.000 0.000 0.000 0.000 0.000 0.000 0.000 0.000 0.000 0.000 0.000 0.000 0.001 0.002 0.003 0.004 0.005
0.000 0.000 0.000 0.000 0.000 0.000 0.000 0.000 0.000 0.000 0.001 0.001 0.001 0.001 0.001 0.001 0.001 0.002 0.002 0.003 0.004 0.005 0.006 0.006 0.007 0.007 0.007 0.007 0.007 0.007 0.006 0.006 0.005 0.005 0.004 0.004 0.003 0.002 0.002 0.001 0.001 0.001 0.001 0.001 0.001 0.000 0.000 0.000 0.000 0.000 0.000 0.000 0.000 0.000 0.000 0.000 0.000 0.000 0.000 0.000 0.000 0.000 0.000 0.000 0.000 0.000 0.000 0.000 0.000 0.000 0.000 0.000 0.000 0.001 0.001 0.002 0.003
0.000 0.000 0.000 0.000 0.000 0.000 0.000 0.000 0.000 0.000 0.000 0.000 0.001 0.001 0.001 0.001 0.001 0.002 0.002 0.003 0.004 0.005 0.005 0.006 0.006 0.006 0.006 0.006 0.006 0.006 0.006 0.005 0.004 0.003 0.003 0.002 0.002 0.001 0.001 0.001 0.001 0.001 0.001 0.000 0.000 0.000 0.000 0.000 0.000 0.000 0.000 0.000 0.000 0.000 0.000 0.000 0.000 0.000 0.000 0.000 0.000 0.000 0.000 0.000 0.000 0.000 0.000 0.000 0.000 0.000 0.000 0.000 0.000 0.000 0.000 0.001 0.002
0.000 0.000 0.000 0.000 0.000 0.000 0.000 0.000 0.000 0.000 0.000 0.000 0.000 0.001 0.001 0.001 0.001 0.002 0.002 0.003 0.003 0.004 0.005 0.005 0.005 0.005 0.005 0.005 0.005 0.005 0.004 0.003 0.003 0.002 0.001 0.001 0.001 0.001 0.001 0.001 0.001 0.000 0.000 0.000 0.000 0.000 0.000 0.000 0.000 0.000 0.000 0.000 0.000 0.000 0.000 0.000 0.000 0.000 0.000 0.000 0.000 0.000 0.000 0.000 0.000 0.000 0.000 0.000 0.000 0.000 0.000 0.000 0.000 0.000 0.000 0.000 0.001
0.000 0.000 0.000 0.000 0.000 0.000 0.000 0.000 0.000 0.000 0.000 0.000 0.000 0.000 0.001 0.001 0.001 0.001 0.002 0.002 0.003 0.003 0.004 0.004 0.004 0.003 0.003 0.003 0.003 0.003 0.002 0.002 0.001 0.001 0.001 0.001 0.001 0.001 0.001 0.000 0.000 0.000 0.000 0.000 0.000 0.000 0.000 0.000 0.000 0.000 0.000 0.000 0.000 0.000 0.000 0.000 0.000 0.000 0.000 0.000 0.000 0.000 0.000 0.000 0.000 0.000 0.000 0.000 0.000 0.000 0.000 0.000 0.000 0.000 0.000 0.000 0.000
