RESULTS/r.avaflow_results/23_results/23_ascii/23_hflow0032.asc
ncols 506
nrows 317
xllcenter 498237.50
yllcenter 5580050.00
cellsize 12.50
NODATA_value -9999.000
[rows 170 to 203 of 317, columns 77 to 153 of 506]
0.000 0.000 0.000 0.000 0.000 0.000 0.000 0.000 0.000 0.000 0.000 0.001 0.002 0.003 0.006 0.011 0.016 0.021 0.026 0.032 0.039 0.053 0.086 0.158 0.286 0.460 0.619 0.763 0.909 1.063 1.233 1.427 1.649 1.857 2.011 2.105 2.145 2.152 2.136 2.067 1.899 1.748 1.753 2.071 2.835 3.902 4.901 5.873 6.882 7.953 9.113 10.409 11.686 12.723 13.328 13.525 13.604 13.738 13.999 14.285 14.677 15.104 15.564 16.023 16.544 17.009 17.231 17.145 16.756 16.153 15.511 14.941 14.434 13.937 13.470 13.062 12.739
0.000 0.000 0.000 0.000 0.000 0.000 0.000 0.000 0.000 0.001 0.002 0.003 0.007 0.012 0.020 0.030 0.042 0.054 0.067 0.083 0.103 0.138 0.205 0.320 0.488 0.679 0.844 1.003 1.164 1.333 1.517 1.724 1.961 2.219 2.442 2.594 2.663 2.680 2.666 2.597 2.434 2.347 2.499 3.108 4.236 5.561 6.691 7.768 8.831 9.885 10.929 11.941 12.807 13.393 13.640 13.735 13.820 13.990 14.227 14.513 14.873 15.272 15.700 16.142 16.640 16.998 17.063 16.780 16.310 15.830 15.426 15.111 14.856 14.678 14.603 14.608 14.727
0.000 0.000 0.000 0.000 0.000 0.000 0.000 0.000 0.001 0.003 0.006 0.010 0.018 0.030 0.046 0.064 0.085 0.109 0.137 0.171 0.216 0.285 0.395 0.550 0.737 0.920 1.092 1.263 1.437 1.619 1.814 2.031 2.274 2.551 2.828 3.058 3.213 3.288 3.293 3.250 3.158 3.183 3.567 4.489 5.929 7.277 8.372 9.441 10.464 11.413 12.249 12.920 13.375 13.592 13.660 13.744 13.870 14.050 14.271 14.552 14.898 15.291 15.696 16.102 16.520 16.732 16.644 16.301 15.941 15.673 15.489 15.393 15.402 15.500 15.694 16.057 16.690
0.000 0.000 0.000 0.000 0.000 0.000 0.000 0.001 0.003 0.007 0.013 0.022 0.037 0.057 0.081 0.109 0.143 0.184 0.234 0.295 0.375 0.485 0.636 0.817 1.005 1.185 1.363 1.543 1.726 1.918 2.121 2.341 2.585 2.859 3.158 3.441 3.676 3.856 3.973 4.042 4.100 4.333 4.983 6.140 7.580 8.778 9.831 10.813 11.703 12.473 13.071 13.452 13.600 13.632 13.645 13.720 13.847 14.013 14.233 14.504 14.839 15.201 15.559 15.902 16.194 16.247 16.101 15.835 15.642 15.561 15.549 15.598 15.738 15.968 16.341 16.986 18.016
0.000 0.000 0.000 0.000 0.000 0.000 0.000 0.002 0.005 0.011 0.021 0.035 0.056 0.084 0.120 0.162 0.213 0.274 0.350 0.444 0.563 0.713 0.896 1.097 1.288 1.472 1.656 1.844 2.033 2.226 2.428 2.647 2.889 3.151 3.442 3.748 4.038 4.297 4.534 4.760 5.033 5.574 6.481 7.722 8.975 10.045 11.000 11.832 12.537 13.079 13.448 13.619 13.646 13.626 13.591 13.634 13.750 13.907 14.119 14.377 14.679 14.981 15.266 15.500 15.658 15.652 15.536 15.375 15.331 15.405 15.502 15.638 15.835 16.160 16.684 17.511 18.708
0.000 0.000 0.000 0.000 0.000 0.000 0.000 0.002 0.006 0.014 0.025 0.042 0.068 0.105 0.153 0.215 0.291 0.381 0.487 0.616 0.774 0.962 1.176 1.391 1.590 1.781 1.973 2.164 2.355 2.543 2.739 2.950 3.178 3.423 3.694 3.993 4.309 4.613 4.930 5.279 5.737 6.542 7.725 9.049 10.160 11.099 11.867 12.488 12.983 13.330 13.529 13.605 13.624 13.580 13.487 13.465 13.552 13.699 13.872 14.107 14.358 14.587 14.776 14.905 14.967 14.970 14.923 14.870 14.926 15.097 15.270 15.483 15.755 16.164 16.779 17.678 18.893
0.000 0.000 0.000 0.000 0.000 0.000 0.000 0.002 0.007 0.014 0.027 0.046 0.075 0.118 0.177 0.256 0.358 0.485 0.637 0.811 1.014 1.244 1.485 1.711 1.919 2.118 2.312 2.503 2.690 2.875 3.061 3.253 3.453 3.672 3.918 4.190 4.492 4.815 5.178 5.617 6.228 7.266 8.732 10.137 11.162 11.917 12.433 12.826 13.143 13.373 13.498 13.546 13.548 13.473 13.330 13.228 13.242 13.364 13.525 13.727 13.914 14.059 14.140 14.158 14.162 14.169 14.157 14.163 14.264 14.479 14.701 14.968 15.317 15.808 16.508 17.457 18.659
0.000 0.000 0.000 0.000 0.000 0.000 0.000 0.002 0.007 0.014 0.027 0.046 0.077 0.124 0.191 0.282 0.405 0.566 0.771 1.017 1.291 1.567 1.831 2.070 2.286 2.486 2.678 2.863 3.043 3.220 3.393 3.559 3.727 3.909 4.112 4.334 4.589 4.909 5.318 5.838 6.565 7.785 9.498 10.999 11.957 12.483 12.760 12.972 13.171 13.321 13.398 13.419 13.395 13.296 13.113 12.947 12.905 12.983 13.117 13.278 13.400 13.475 13.477 13.433 13.349 13.249 13.159 13.123 13.207 13.417 13.650 13.949 14.340 14.882 15.650 16.658 17.891
0.000 0.000 0.000 0.000 0.000 0.000 0.000 0.002 0.006 0.013 0.025 0.045 0.077 0.126 0.196 0.294 0.430 0.617 0.869 1.194 1.580 1.929 2.222 2.477 2.699 2.897 3.080 3.254 3.420 3.579 3.729 3.867 4.001 4.139 4.283 4.432 4.620 4.928 5.380 5.988 6.812 8.119 9.995 11.581 12.477 12.812 12.913 13.011 13.138 13.209 13.244 13.242 13.186 13.060 12.849 12.640 12.558 12.598 12.693 12.790 12.857 12.872 12.799 12.670 12.492 12.285 12.073 11.883 11.835 11.942 12.138 12.430 12.849 13.448 14.287 15.361 16.654
0.000 0.000 0.000 0.000 0.000 0.000 0.000 0.001 0.004 0.010 0.020 0.039 0.071 0.121 0.194 0.295 0.437 0.638 0.921 1.311 1.811 2.291 2.656 2.940 3.170 3.363 3.531 3.683 3.826 3.957 4.076 4.184 4.279 4.362 4.437 4.506 4.626 4.917 5.396 6.069 6.980 8.316 10.241 11.910 12.744 12.950 12.972 12.990 13.032 13.046 13.050 13.024 12.936 12.782 12.550 12.310 12.190 12.181 12.224 12.254 12.254 12.185 12.041 11.834 11.572 11.277 10.969 10.685 10.530 10.507 10.610 10.849 11.247 11.841 12.679 13.776 15.110
0.000 0.000 0.000 0.000 0.000 0.000 0.000 0.001 0.002 0.005 0.012 0.026 0.054 0.102 0.176 0.281 0.428 0.635 0.931 1.354 1.937 2.584 3.070 3.425 3.691 3.889 4.041 4.161 4.268 4.364 4.446 4.512 4.556 4.583 4.594 4.577 4.633 4.900 5.390 6.096 7.063 8.409 10.275 11.987 12.829 12.985 12.942 12.890 12.863 12.835 12.796 12.735 12.627 12.461 12.221 11.957 11.797 11.736 11.710 11.673 11.581 11.419 11.193 10.901 10.559 10.194 9.827 9.518 9.326 9.256 9.313 9.515 9.880 10.423 11.160 12.122 13.348
0.000 0.000 0.000 0.000 0.000 0.000 0.000 0.000 0.001 0.002 0.005 0.012 0.028 0.063 0.126 0.225 0.371 0.578 0.880 1.321 1.944 2.745 3.405 3.846 4.165 4.394 4.556 4.669 4.746 4.801 4.834 4.848 4.842 4.816 4.759 4.676 4.680 4.901 5.387 6.105 7.110 8.459 10.238 11.899 12.794 12.956 12.851 12.714 12.633 12.556 12.483 12.379 12.257 12.089 11.855 11.578 11.361 11.223 11.121 11.010 10.834 10.576 10.246 9.854 9.421 9.003 8.636 8.362 8.191 8.130 8.186 8.373 8.704 9.175 9.791 10.576 11.571
0.000 0.000 0.000 0.000 0.000 0.000 0.000 0.000 0.000 0.001 0.002 0.004 0.010 0.024 0.057 0.122 0.232 0.407 0.683 1.123 1.803 2.747 3.618 4.174 4.541 4.809 4.993 5.111 5.178 5.205 5.210 5.193 5.144 5.069 4.963 4.834 4.800 4.950 5.391 6.101 7.119 8.477 10.162 11.652 12.546 12.762 12.649 12.459 12.319 12.182 12.082 11.947 11.815 11.643 11.419 11.154 10.884 10.658 10.462 10.265 10.000 9.650 9.204 8.687 8.174 7.746 7.426 7.219 7.108 7.092 7.175 7.363 7.655 8.044 8.537 9.162 9.956
0.000 0.000 0.000 0.000 0.000 0.000 0.000 0.000 0.000 0.000 0.001 0.001 0.003 0.007 0.018 0.042 0.090 0.180 0.358 0.722 1.414 2.525 3.682 4.400 4.820 5.122 5.336 5.468 5.539 5.561 5.557 5.535 5.473 5.372 5.246 5.096 5.027 5.094 5.443 6.111 7.111 8.481 9.994 11.216 12.002 12.307 12.254 12.093 11.916 11.725 11.578 11.414 11.268 11.098 10.898 10.648 10.349 10.040 9.746 9.451 9.088 8.636 8.094 7.528 7.038 6.650 6.369 6.197 6.123 6.141 6.245 6.428 6.681 7.001 7.402 7.906 8.543
0.000 0.000 0.000 0.000 0.000 0.000 0.000 0.000 0.000 0.000 0.000 0.001 0.001 0.002 0.005 0.011 0.027 0.061 0.141 0.352 0.899 2.033 3.519 4.489 4.994 5.323 5.567 5.732 5.826 5.864 5.867 5.849 5.805 5.721 5.599 5.467 5.388 5.394 5.612 6.170 7.095 8.448 9.741 10.639 11.222 11.552 11.635 11.568 11.403 11.180 10.968 10.752 10.583 10.423 10.238 10.011 9.729 9.381 8.996 8.589 8.138 7.621 7.057 6.526 6.077 5.721 5.463 5.307 5.251 5.282 5.384 5.545 5.757 6.024 6.360 6.780 7.306
0.000 0.000 0.000 0.000 0.000 0.000 0.000 0.000 0.000 0.000 0.000 0.000 0.000 0.001 0.001 0.003 0.009 0.023 0.060 0.173 0.534 1.482 3.092 4.388 5.054 5.420 5.694 5.902 6.037 6.106 6.128 6.123 6.102 6.065 6.005 5.938 5.885 5.871 5.982 6.378 7.118 8.257 9.308 9.971 10.400 10.640 10.799 10.831 10.737 10.537 10.234 9.910 9.696 9.557 9.410 9.233 8.991 8.656 8.236 7.759 7.239 6.684 6.137 5.651 5.240 4.913 4.669 4.517 4.463 4.490 4.577 4.704 4.872 5.094 5.384 5.754 6.190
0.000 0.000 0.000 0.000 0.000 0.000 0.000 0.000 0.000 0.000 0.000 0.000 0.000 0.000 0.001 0.002 0.005 0.015 0.040 0.113 0.347 1.039 2.461 4.041 4.980 5.450 5.747 5.984 6.162 6.274 6.324 6.339 6.341 6.338 6.333 6.327 6.331 6.367 6.476 6.744 7.252 8.067 8.866 9.377 9.702 9.849 9.933 9.962 9.906 9.735 9.383 8.919 8.585 8.436 8.375 8.289 8.127 7.848 7.442 6.936 6.378 5.820 5.310 4.863 4.487 4.185 3.958 3.808 3.742 3.750 3.810 3.903 4.023 4.197 4.459 4.802 5.131
0.000 0.000 0.000 0.000 0.000 0.000 0.000 0.000 0.000 0.000 0.000 0.000 0.000 0.000 0.001 0.002 0.005 0.014 0.038 0.102 0.272 0.749 1.817 3.410 4.700 5.396 5.740 5.999 6.220 6.374 6.456 6.492 6.517 6.540 6.560 6.581 6.621 6.690 6.800 7.009 7.372 7.933 8.505 8.878 9.096 9.184 9.203 9.201 9.113 8.925 8.584 8.069 7.566 7.280 7.189 7.163 7.106 6.915 6.556 6.071 5.517 4.994 4.539 4.134 3.787 3.508 3.298 3.156 3.077 3.051 3.072 3.123 3.196 3.321 3.540 3.795 3.931
0.000 0.000 0.000 0.000 0.000 0.000 0.000 0.000 0.000 0.000 0.000 0.000 0.000 0.000 0.001 0.002 0.007 0.018 0.045 0.110 0.258 0.599 1.340 2.643 4.166 5.182 5.689 5.992 6.233 6.411 6.526 6.589 6.629 6.665 6.705 6.748 6.801 6.868 6.967 7.142 7.421 7.812 8.190 8.431 8.575 8.628 8.610 8.563 8.454 8.254 7.910 7.414 6.823 6.373 6.137 6.018 5.935 5.811 5.539 5.121 4.626 4.176 3.793 3.439 3.117 2.857 2.666 2.534 2.444 2.383 2.353 2.352 2.371 2.416 2.474 2.483 2.383
0.000 0.000 0.000 0.000 0.000 0.000 0.000 0.000 0.000 0.000 0.000 0.000 0.000 0.000 0.001 0.004 0.011 0.028 0.065 0.138 0.280 0.551 1.073 2.021 3.473 4.770 5.517 5.926 6.209 6.416 6.558 6.641 6.697 6.743 6.788 6.833 6.895 6.954 7.038 7.193 7.417 7.667 7.897 8.046 8.122 8.138 8.107 8.023 7.888 7.671 7.326 6.863 6.274 5.724 5.336 5.076 4.859 4.643 4.392 4.072 3.693 3.340 3.027 2.730 2.451 2.217 2.044 1.920 1.821 1.729 1.644 1.567 1.493 1.406 1.297 1.166 1.025
0.000 0.000 0.000 0.000 0.000 0.000 0.000 0.000 0.000 0.000 0.000 0.000 0.000 0.001 0.002 0.008 0.021 0.049 0.101 0.189 0.331 0.569 0.968 1.667 2.832 4.223 5.178 5.748 6.127 6.384 6.556 6.661 6.727 6.783 6.827 6.863 6.921 6.978 7.064 7.200 7.366 7.496 7.606 7.686 7.708 7.701 7.655 7.548 7.386 7.149 6.809 6.370 5.811 5.229 4.750 4.354 4.000 3.663 3.334 3.008 2.692 2.396 2.118 1.870 1.655 1.466 1.317 1.204 1.108 1.011 0.911 0.812 0.712 0.609 0.505 0.408 0.332
0.000 0.000 0.000 0.000 0.000 0.000 0.000 0.000 0.000 0.000 0.000 0.000 0.001 0.001 0.004 0.013 0.034 0.076 0.144 0.247 0.397 0.617 0.956 1.505 2.402 3.647 4.699 5.429 5.941 6.290 6.523 6.658 6.732 6.796 6.839 6.866 6.915 6.972 7.054 7.168 7.258 7.300 7.328 7.328 7.310 7.289 7.222 7.094 6.920 6.675 6.337 5.901 5.363 4.771 4.252 3.780 3.335 2.910 2.508 2.136 1.798 1.491 1.224 1.008 0.840 0.710 0.611 0.537 0.476 0.419 0.359 0.299 0.239 0.184 0.140 0.109 0.089
0.000 0.000 0.000 0.000 0.000 0.000 0.000 0.000 0.000 0.000 0.001 0.001 0.001 0.002 0.005 0.015 0.042 0.091 0.170 0.285 0.447 0.675 0.994 1.464 2.176 3.159 4.184 5.007 5.640 6.091 6.409 6.612 6.717 6.779 6.816 6.836 6.877 6.931 6.995 7.061 7.082 7.059 7.025 6.971 6.927 6.881 6.794 6.648 6.475 6.218 5.876 5.438 4.907 4.307 3.758 3.259 2.788 2.330 1.891 1.483 1.125 0.827 0.597 0.430 0.316 0.243 0.196 0.162 0.136 0.112 0.091 0.072 0.055 0.043 0.034 0.028 0.025
0.000 0.000 0.000 0.000 0.000 0.000 0.000 0.001 0.001 0.001 0.001 0.002 0.002 0.002 0.005 0.016 0.043 0.096 0.181 0.305 0.480 0.723 1.047 1.479 2.064 2.828 3.718 4.550 5.249 5.792 6.192 6.469 6.626 6.698 6.734 6.752 6.785 6.828 6.858 6.868 6.844 6.771 6.685 6.605 6.542 6.467 6.361 6.212 6.023 5.762 5.413 4.974 4.439 3.825 3.255 2.747 2.276 1.817 1.373 0.971 0.641 0.396 0.235 0.139 0.085 0.058 0.043 0.035 0.029 0.023 0.019 0.017 0.015 0.014 0.013 0.012 0.012
0.000 0.000 0.000 0.000 0.001 0.001 0.001 0.001 0.001 0.002 0.002 0.002 0.002 0.002 0.005 0.014 0.041 0.093 0.181 0.315 0.507 0.763 1.090 1.490 1.986 2.600 3.326 4.095 4.800 5.396 5.862 6.205 6.415 6.516 6.571 6.591 6.615 6.634 6.635 6.611 6.548 6.434 6.311 6.213 6.131 6.038 5.918 5.760 5.553 5.299 4.946 4.500 3.957 3.331 2.742 2.225 1.750 1.291 0.879 0.548 0.309 0.158 0.077 0.038 0.021 0.013 0.010 0.009 0.008 0.007 0.008 0.009 0.010 0.010 0.011 0.010 0.011
0.000 0.001 0.001 0.001 0.001 0.001 0.002 0.002 0.002 0.002 0.002 0.002 0.002 0.002 0.003 0.010 0.031 0.079 0.169 0.318 0.534 0.807 1.126 1.484 1.898 2.393 2.979 3.647 4.328 4.935 5.436 5.827 6.087 6.223 6.298 6.328 6.349 6.348 6.338 6.293 6.200 6.058 5.907 5.780 5.674 5.572 5.444 5.279 5.073 4.816 4.466 4.014 3.459 2.822 2.214 1.676 1.190 0.778 0.462 0.245 0.115 0.050 0.022 0.011 0.007 0.006 0.005 0.005 0.005 0.006 0.007 0.008 0.009 0.010 0.010 0.010 0.010
0.001 0.001 0.001 0.002 0.002 0.002 0.002 0.002 0.002 0.002 0.002 0.002 0.002 0.002 0.002 0.004 0.015 0.051 0.136 0.302 0.561 0.863 1.153 1.455 1.790 2.180 2.644 3.193 3.811 4.417 4.944 5.361 5.660 5.841 5.930 5.972 5.991 5.982 5.971 5.909 5.797 5.643 5.465 5.309 5.174 5.055 4.926 4.772 4.575 4.322 3.974 3.514 2.945 2.287 1.650 1.105 0.681 0.381 0.187 0.080 0.032 0.013 0.007 0.005 0.005 0.005 0.005 0.005 0.005 0.006 0.007 0.009 0.010 0.011 0.011 0.011 0.011
0.002 0.002 0.002 0.002 0.002 0.003 0.003 0.003 0.002 0.002 0.002 0.002 0.002 0.002 0.002 0.002 0.005 0.021 0.086 0.258 0.567 0.902 1.158 1.399 1.656 1.951 2.307 2.739 3.257 3.833 4.369 4.815 5.151 5.380 5.506 5.557 5.569 5.563 5.542 5.473 5.354 5.191 4.986 4.793 4.628 4.481 4.337 4.186 3.990 3.722 3.356 2.880 2.286 1.614 1.020 0.588 0.308 0.142 0.057 0.021 0.009 0.006 0.005 0.005 0.005 0.005 0.005 0.005 0.005 0.007 0.008 0.010 0.011 0.012 0.012 0.012 0.012
0.003 0.003 0.003 0.003 0.003 0.003 0.003 0.003 0.002 0.002 0.002 0.002 0.002 0.001 0.001 0.002 0.002 0.008 0.039 0.180 0.514 0.899 1.133 1.304 1.485 1.696 1.952 2.273 2.684 3.193 3.738 4.219 4.602 4.871 5.025 5.093 5.116 5.114 5.082 5.007 4.880 4.704 4.480 4.249 4.045 3.858 3.675 3.478 3.228 2.888 2.448 1.927 1.365 0.851 0.477 0.237 0.104 0.041 0.015 0.006 0.004 0.005 0.005 0.005 0.005 0.005 0.005 0.005 0.006 0.007 0.010 0.011 0.012 0.013 0.013 0.013 0.012
0.005 0.004 0.004 0.004 0.004 0.004 0.003 0.003 0.002 0.002 0.002 0.002 0.002 0.002 0.002 0.002 0.002 0.006 0.021 0.088 0.334 0.736 1.017 1.156 1.270 1.407 1.578 1.809 2.124 2.539 3.055 3.580 4.007 4.317 4.515 4.610 4.634 4.627 4.588 4.504 4.374 4.189 3.960 3.704 3.444 3.190 2.935 2.651 2.298 1.873 1.427 0.997 0.624 0.342 0.164 0.070 0.027 0.010 0.004 0.003 0.004 0.005 0.005 0.005 0.005 0.005 0.005 0.005 0.007 0.009 0.011 0.013 0.014 0.015 0.015 0.014 0.013
0.007 0.006 0.005 0.005 0.005 0.004 0.003 0.003 0.002 0.002 0.002 0.002 0.002 0.002 0.002 0.002 0.004 0.010 0.026 0.049 0.121 0.352 0.664 0.880 0.994 1.084 1.195 1.352 1.583 1.911 2.361 2.911 3.386 3.728 3.950 4.066 4.102 4.093 4.052 3.964 3.835 3.661 3.437 3.160 2.817 2.440 2.069 1.694 1.335 1.000 0.690 0.424 0.227 0.106 0.044 0.016 0.005 0.002 0.002 0.003 0.004 0.005 0.005 0.005 0.005 0.005 0.005 0.006 0.008 0.010 0.013 0.015 0.016 0.016 0.015 0.014 0.013
0.011 0.009 0.007 0.006 0.005 0.004 0.003 0.003 0.002 0.002 0.002 0.002 0.002 0.003 0.003 0.004 0.007 0.016 0.036 0.051 0.056 0.096 0.224 0.403 0.559 0.671 0.767 0.876 1.027 1.264 1.637 2.147 2.588 2.878 3.053 3.155 3.213 3.241 3.242 3.198 3.112 2.982 2.780 2.469 2.003 1.487 1.093 0.812 0.596 0.414 0.259 0.142 0.067 0.027 0.010 0.003 0.001 0.001 0.002 0.003 0.004 0.005 0.005 0.005 0.005 0.005 0.006 0.007 0.009 0.012 0.015 0.017 0.017 0.017 0.016 0.014 0.013
0.014 0.011 0.009 0.007 0.005 0.004 0.003 0.003 0.002 0.002 0.003 0.003 0.003 0.004 0.004 0.005 0.009 0.019 0.038 0.049 0.051 0.048 0.057 0.098 0.167 0.238 0.304 0.371 0.449 0.560 0.740 1.010 1.238 1.366 1.446 1.518 1.607 1.712 1.784 1.806 1.793 1.739 1.601 1.330 0.921 0.568 0.366 0.253 0.177 0.117 0.070 0.036 0.015 0.005 0.002 0.001 0.002 0.002 0.002 0.004 0.005 0.005 0.005 0.005 0.006 0.006 0.007 0.008 0.011 0.015 0.017 0.018 0.018 0.017 0.015 0.013 0.013
0.015 0.012 0.009 0.007 0.005 0.004 0.003 0.003 0.003 0.003 0.003 0.003 0.004 0.004 0.004 0.005 0.009 0.021 0.039 0.046 0.046 0.043 0.038 0.037 0.043 0.056 0.073 0.092 0.114 0.142 0.185 0.251 0.296 0.320 0.337 0.354 0.390 0.462 0.517 0.536 0.538 0.525 0.481 0.382 0.225 0.112 0.064 0.046 0.034 0.023 0.014 0.007 0.004 0.002 0.002 0.002 0.002 0.002 0.003 0.004 0.005 0.005 0.005 0.006 0.006 0.007 0.008 0.010 0.014 0.017 0.018 0.018 0.018 0.016 0.013 0.012 0.014
