RESULTS/r.avaflow_results/23_results/23_ascii/23_hflow3_max.asc
ncols 506
nrows 317
xllcenter 498237.50
yllcenter 5580050.00
cellsize 12.50
NODATA_value -9999.000
[rows 136 to 169 of 317, columns 154 to 230 of 506]
0.000 0.000 0.000 0.000 0.000 0.000 0.000 0.000 0.000 0.000 0.000 0.000 0.000 0.000 0.000 0.000 0.000 0.000 0.000 0.000 0.000 0.000 0.000 0.000 0.000 0.000 0.000 0.000 0.000 0.000 0.000 0.000 0.000 0.000 0.000 0.000 0.000 0.000 0.000 0.000 0.000 0.000 0.000 0.000 0.000 0.000 0.000 0.000 0.000 0.000 0.000 0.000 0.000 0.000 0.000 0.000 0.000 0.000 0.000 0.000 0.000 0.000 0.000 0.000 0.000 0.000 0.000 0.000 0.000 0.000 0.000 0.000 0.000 0.000 0.000 0.000 0.000
0.000 0.000 0.000 0.000 0.000 0.000 0.000 0.000 0.000 0.000 0.000 0.000 0.000 0.000 0.000 0.000 0.000 0.000 0.000 0.000 0.000 0.000 0.000 0.000 0.000 0.000 0.000 0.000 0.000 0.000 0.000 0.000 0.000 0.000 0.000 0.000 0.000 0.000 0.000 0.000 0.000 0.000 0.000 0.000 0.000 0.000 0.000 0.000 0.000 0.000 0.000 0.000 0.000 0.000 0.000 0.000 0.000 0.000 0.000 0.000 0.000 0.000 0.000 0.000 0.000 0.000 0.000 0.000 0.000 0.000 0.000 0.000 0.000 0.000 0.000 0.000 0.000
0.000 0.000 0.000 0.000 0.000 0.000 0.000 0.000 0.000 0.000 0.000 0.000 0.000 0.000 0.000 0.000 0.000 0.000 0.000 0.000 0.000 0.000 0.000 0.000 0.000 0.000 0.000 0.000 0.000 0.000 0.000 0.000 0.000 0.000 0.000 0.000 0.000 0.000 0.000 0.000 0.000 0.000 0.000 0.000 0.000 0.000 0.000 0.000 0.000 0.000 0.000 0.000 0.000 0.000 0.000 0.000 0.000 0.000 0.000 0.000 0.000 0.000 0.000 0.000 0.000 0.000 0.000 0.000 0.000 0.000 0.000 0.000 0.000 0.000 0.000 0.000 0.000
0.000 0.000 0.000 0.000 0.000 0.000 0.000 0.000 0.000 0.000 0.000 0.000 0.000 0.000 0.000 0.000 0.000 0.000 0.000 0.000 0.000 0.000 0.000 0.000 0.000 0.000 0.000 0.000 0.000 0.000 0.000 0.000 0.000 0.000 0.000 0.000 0.000 0.000 0.000 0.000 0.000 0.000 0.000 0.000 0.000 0.000 0.000 0.000 0.000 0.000 0.000 0.000 0.000 0.000 0.000 0.000 0.000 0.000 0.000 0.000 0.000 0.000 0.000 0.000 0.000 0.000 0.000 0.000 0.000 0.000 0.000 0.000 0.000 0.000 0.000 0.000 0.000
0.000 0.000 0.000 0.000 0.000 0.000 0.000 0.000 0.000 0.000 0.000 0.000 0.000 0.000 0.000 0.000 0.000 0.000 0.000 0.000 0.000 0.000 0.000 0.000 0.000 0.000 0.000 0.000 0.000 0.000 0.000 0.000 0.000 0.000 0.000 0.000 0.000 0.000 0.000 0.000 0.000 0.000 0.000 0.000 0.000 0.000 0.000 0.000 0.000 0.000 0.000 0.000 0.000 0.000 0.000 0.000 0.000 0.000 0.000 0.000 0.000 0.000 0.000 0.000 0.000 0.000 0.000 0.000 0.000 0.000 0.000 0.000 0.000 0.000 0.000 0.000 0.000
0.000 0.000 0.000 0.000 0.000 0.000 0.000 0.000 0.000 0.000 0.000 0.000 0.000 0.000 0.000 0.000 0.000 0.000 0.000 0.000 0.000 0.000 0.000 0.000 0.000 0.000 0.000 0.000 0.000 0.000 0.000 0.000 0.000 0.000 0.000 0.000 0.000 0.000 0.000 0.000 0.000 0.000 0.000 0.000 0.000 0.000 0.000 0.000 0.000 0.000 0.000 0.000 0.000 0.000 0.000 0.000 0.000 0.000 0.000 0.000 0.000 0.000 0.000 0.000 0.000 0.000 0.000 0.000 0.000 0.000 0.000 0.000 0.000 0.000 0.000 0.000 0.000
0.000 0.000 0.000 0.000 0.000 0.000 0.000 0.000 0.000 0.000 0.000 0.000 0.000 0.000 0.000 0.000 0.000 0.000 0.000 0.000 0.000 0.000 0.000 0.000 0.000 0.000 0.000 0.000 0.000 0.000 0.000 0.000 0.000 0.000 0.000 0.000 0.000 0.000 0.000 0.000 0.000 0.000 0.000 0.000 0.000 0.000 0.000 0.000 0.000 0.000 0.000 0.000 0.000 0.000 0.000 0.000 0.000 0.000 0.000 0.000 0.000 0.000 0.000 0.000 0.000 0.000 0.000 0.000 0.000 0.000 0.000 0.000 0.000 0.000 0.000 0.000 0.000
0.000 0.000 0.000 0.000 0.000 0.000 0.000 0.000 0.000 0.000 0.000 0.000 0.000 0.000 0.000 0.000 0.000 0.000 0.000 0.000 0.000 0.000 0.000 0.000 0.000 0.000 0.000 0.000 0.000 0.000 0.000 0.000 0.000 0.000 0.000 0.000 0.000 0.000 0.000 0.000 0.000 0.000 0.000 0.000 0.000 0.000 0.000 0.000 0.000 0.000 0.000 0.000 0.000 0.000 0.000 0.000 0.000 0.000 0.000 0.000 0.000 0.000 0.000 0.000 0.000 0.000 0.000 0.000 0.000 0.000 0.000 0.000 0.000 0.000 0.000 0.000 0.000
0.000 0.000 0.000 0.000 0.000 0.000 0.000 0.000 0.000 0.000 0.000 0.000 0.000 0.000 0.000 0.000 0.000 0.000 0.000 0.000 0.000 0.000 0.000 0.000 0.000 0.000 0.000 0.000 0.000 0.000 0.000 0.000 0.000 0.000 0.000 0.000 0.000 0.000 0.000 0.000 0.000 0.000 0.000 0.000 0.000 0.000 0.000 0.000 0.000 0.000 0.000 0.000 0.000 0.000 0.000 0.000 0.000 0.000 0.000 0.000 0.000 0.000 0.000 0.000 0.000 0.000 0.000 0.000 0.000 0.000 0.000 0.000 0.000 0.000 0.000 0.000 0.000
0.000 0.000 0.000 0.000 0.000 0.000 0.000 0.000 0.000 0.000 0.000 0.000 0.000 0.000 0.000 0.000 0.000 0.000 0.000 0.000 0.000 0.000 0.000 0.000 0.000 0.000 0.000 0.000 0.000 0.000 0.000 0.000 0.000 0.000 0.000 0.000 0.000 0.000 0.000 0.000 0.000 0.000 0.000 0.000 0.000 0.000 0.000 0.000 0.000 0.000 0.000 0.000 0.000 0.000 0.000 0.000 0.000 0.000 0.000 0.000 0.000 0.000 0.000 0.000 0.000 0.000 0.000 0.000 0.000 0.000 0.000 0.000 0.000 0.000 0.000 0.000 0.000
0.000 0.000 0.000 0.000 0.000 0.000 0.000 0.000 0.000 0.000 0.000 0.000 0.000 0.000 0.000 0.000 0.000 0.000 0.000 0.000 0.000 0.000 0.000 0.000 0.000 0.000 0.000 0.000 0.000 0.000 0.000 0.000 0.000 0.000 0.000 0.000 0.000 0.000 0.000 0.000 0.000 0.000 0.000 0.000 0.000 0.000 0.000 0.000 0.000 0.000 0.000 0.000 0.000 0.000 0.000 0.000 0.000 0.000 0.000 0.000 0.000 0.000 0.000 0.000 0.000 0.000 0.000 0.000 0.000 0.000 0.000 0.000 0.000 0.000 0.000 0.000 0.000
0.002 0.002 0.001 0.001 0.001 0.001 0.000 0.000 0.000 0.000 0.000 0.000 0.000 0.000 0.000 0.000 0.000 0.000 0.000 0.000 0.000 0.000 0.000 0.000 0.000 0.000 0.000 0.000 0.000 0.000 0.000 0.000 0.000 0.000 0.000 0.000 0.000 0.000 0.000 0.000 0.000 0.000 0.000 0.000 0.000 0.000 0.000 0.000 0.000 0.000 0.000 0.000 0.000 0.000 0.000 0.000 0.000 0.000 0.000 0.000 0.000 0.000 0.000 0.000 0.000 0.000 0.000 0.000 0.000 0.000 0.000 0.000 0.000 0.000 0.000 0.000 0.000
0.004 0.004 0.003 0.003 0.003 0.002 0.001 0.001 0.000 0.000 0.000 0.000 0.000 0.000 0.000 0.000 0.000 0.000 0.000 0.000 0.000 0.000 0.000 0.000 0.000 0.000 0.000 0.000 0.000 0.000 0.000 0.000 0.000 0.000 0.000 0.000 0.000 0.000 0.000 0.000 0.000 0.000 0.000 0.000 0.000 0.000 0.000 0.000 0.000 0.000 0.000 0.000 0.000 0.000 0.000 0.000 0.000 0.000 0.000 0.000 0.000 0.000 0.000 0.000 0.000 0.000 0.000 0.000 0.000 0.000 0.000 0.000 0.000 0.000 0.000 0.000 0.000
0.008 0.007 0.007 0.006 0.005 0.004 0.003 0.002 0.002 0.001 0.000 0.000 0.000 0.000 0.000 0.000 0.000 0.000 0.000 0.000 0.000 0.000 0.000 0.000 0.000 0.000 0.000 0.000 0.000 0.000 0.000 0.000 0.000 0.000 0.000 0.000 0.000 0.000 0.000 0.000 0.000 0.000 0.000 0.000 0.000 0.000 0.000 0.000 0.000 0.000 0.000 0.000 0.000 0.000 0.000 0.000 0.000 0.000 0.000 0.000 0.000 0.000 0.000 0.000 0.000 0.000 0.000 0.000 0.000 0.000 0.000 0.000 0.000 0.000 0.000 0.000 0.000
0.015 0.015 0.014 0.012 0.010 0.008 0.006 0.004 0.003 0.002 0.002 0.001 0.001 0.000 0.000 0.000 0.000 0.000 0.000 0.000 0.000 0.000 0.000 0.000 0.000 0.000 0.000 0.000 0.000 0.000 0.000 0.000 0.000 0.000 0.000 0.000 0.000 0.000 0.000 0.000 0.000 0.000 0.000 0.000 0.000 0.000 0.000 0.000 0.000 0.000 0.001 0.001 0.001 0.001 0.001 0.001 0.001 0.001 0.001 0.001 0.001 0.001 0.001 0.001 0.001 0.001 0.000 0.000 0.000 0.000 0.000 0.000 0.000 0.000 0.000 0.000 0.000
0.035 0.034 0.032 0.027 0.020 0.013 0.010 0.007 0.006 0.005 0.004 0.003 0.002 0.002 0.001 0.001 0.001 0.000 0.000 0.000 0.000 0.000 0.000 0.000 0.000 0.000 0.000 0.000 0.000 0.000 0.000 0.000 0.000 0.000 0.000 0.000 0.000 0.000 0.000 0.000 0.000 0.000 0.000 0.000 0.000 0.000 0.001 0.002 0.002 0.002 0.003 0.003 0.003 0.003 0.003 0.003 0.003 0.003 0.003 0.003 0.003 0.003 0.003 0.003 0.003 0.003 0.003 0.002 0.002 0.002 0.002 0.002 0.002 0.002 0.002 0.001 0.001
0.096 0.096 0.090 0.071 0.045 0.028 0.019 0.013 0.010 0.008 0.007 0.005 0.005 0.004 0.003 0.003 0.002 0.002 0.001 0.001 0.001 0.000 0.000 0.000 0.000 0.000 0.000 0.000 0.000 0.000 0.000 0.000 0.000 0.000 0.000 0.000 0.000 0.000 0.000 0.000 0.000 0.000 0.000 0.000 0.001 0.002 0.003 0.004 0.005 0.006 0.007 0.007 0.008 0.008 0.008 0.008 0.008 0.008 0.008 0.008 0.007 0.007 0.007 0.007 0.007 0.006 0.006 0.006 0.006 0.006 0.005 0.005 0.005 0.004 0.004 0.003 0.002
0.281 0.281 0.258 0.195 0.117 0.069 0.042 0.027 0.019 0.014 0.011 0.009 0.008 0.007 0.006 0.005 0.004 0.004 0.003 0.003 0.002 0.002 0.002 0.001 0.001 0.001 0.001 0.001 0.000 0.000 0.000 0.000 0.000 0.000 0.000 0.000 0.000 0.000 0.000 0.000 0.000 0.000 0.001 0.002 0.003 0.004 0.006 0.007 0.009 0.011 0.012 0.014 0.015 0.015 0.015 0.015 0.015 0.015 0.015 0.015 0.015 0.014 0.014 0.013 0.013 0.012 0.012 0.012 0.011 0.011 0.010 0.010 0.009 0.008 0.007 0.006 0.005
0.754 0.752 0.680 0.500 0.301 0.177 0.105 0.065 0.042 0.030 0.022 0.018 0.014 0.012 0.011 0.009 0.008 0.007 0.006 0.005 0.005 0.004 0.004 0.003 0.003 0.003 0.003 0.002 0.002 0.002 0.002 0.002 0.002 0.002 0.001 0.001 0.001 0.001 0.001 0.002 0.002 0.002 0.003 0.004 0.006 0.008 0.010 0.012 0.016 0.019 0.021 0.024 0.027 0.029 0.030 0.031 0.031 0.031 0.031 0.030 0.030 0.029 0.027 0.026 0.024 0.023 0.022 0.021 0.021 0.020 0.019 0.018 0.017 0.014 0.012 0.010 0.008
1.704 1.686 1.510 1.124 0.702 0.427 0.260 0.161 0.103 0.070 0.050 0.038 0.030 0.024 0.020 0.017 0.015 0.012 0.011 0.009 0.008 0.008 0.007 0.006 0.006 0.006 0.005 0.005 0.005 0.004 0.004 0.004 0.004 0.004 0.003 0.003 0.003 0.003 0.004 0.004 0.004 0.005 0.006 0.008 0.010 0.013 0.017 0.021 0.027 0.033 0.039 0.045 0.052 0.060 0.066 0.070 0.072 0.072 0.073 0.072 0.070 0.068 0.063 0.057 0.052 0.049 0.046 0.044 0.041 0.040 0.039 0.037 0.033 0.026 0.020 0.015 0.012
3.229 3.159 2.812 2.137 1.401 0.901 0.581 0.379 0.254 0.175 0.125 0.092 0.070 0.055 0.044 0.036 0.030 0.025 0.021 0.018 0.015 0.014 0.012 0.011 0.010 0.010 0.009 0.009 0.009 0.008 0.008 0.008 0.007 0.007 0.006 0.006 0.006 0.006 0.006 0.007 0.008 0.009 0.011 0.014 0.018 0.023 0.029 0.038 0.048 0.060 0.073 0.087 0.102 0.120 0.139 0.154 0.165 0.174 0.184 0.189 0.187 0.179 0.165 0.145 0.128 0.117 0.110 0.103 0.098 0.096 0.093 0.088 0.076 0.056 0.036 0.025 0.019
5.249 4.997 4.397 3.435 2.397 1.646 1.143 0.806 0.579 0.423 0.313 0.232 0.174 0.134 0.106 0.085 0.069 0.057 0.046 0.038 0.032 0.027 0.024 0.021 0.019 0.017 0.016 0.015 0.015 0.014 0.014 0.013 0.012 0.011 0.010 0.009 0.009 0.010 0.010 0.011 0.013 0.015 0.019 0.024 0.030 0.039 0.051 0.068 0.088 0.110 0.134 0.160 0.192 0.230 0.275 0.314 0.348 0.381 0.422 0.458 0.473 0.468 0.442 0.397 0.347 0.310 0.284 0.263 0.254 0.249 0.241 0.224 0.192 0.136 0.083 0.050 0.032
7.074 6.508 5.659 4.589 3.507 2.652 1.994 1.515 1.169 0.914 0.714 0.548 0.418 0.323 0.255 0.205 0.166 0.134 0.109 0.088 0.073 0.061 0.052 0.046 0.040 0.035 0.032 0.030 0.028 0.026 0.025 0.023 0.021 0.019 0.017 0.015 0.014 0.014 0.015 0.017 0.020 0.025 0.032 0.041 0.053 0.070 0.093 0.122 0.157 0.195 0.237 0.286 0.346 0.421 0.507 0.589 0.666 0.745 0.839 0.934 0.999 1.024 1.012 0.960 0.873 0.791 0.730 0.677 0.651 0.642 0.616 0.568 0.482 0.345 0.208 0.117 0.068
8.786 7.584 6.667 5.612 4.497 3.667 3.006 2.462 2.026 1.680 1.385 1.109 0.875 0.701 0.569 0.465 0.381 0.312 0.256 0.209 0.172 0.144 0.121 0.103 0.089 0.079 0.071 0.065 0.060 0.055 0.051 0.046 0.041 0.036 0.031 0.027 0.023 0.021 0.023 0.026 0.033 0.042 0.055 0.073 0.098 0.130 0.170 0.218 0.274 0.336 0.409 0.499 0.608 0.732 0.871 1.023 1.172 1.313 1.446 1.557 1.641 1.696 1.718 1.708 1.665 1.599 1.551 1.521 1.493 1.447 1.414 1.311 1.124 0.838 0.523 0.285 0.155
11.410 8.807 7.474 6.395 5.338 4.478 3.821 3.258 2.779 2.380 2.047 1.769 1.520 1.293 1.104 0.947 0.809 0.684 0.572 0.477 0.397 0.331 0.279 0.237 0.205 0.182 0.164 0.149 0.135 0.122 0.109 0.097 0.084 0.072 0.061 0.050 0.041 0.033 0.034 0.042 0.055 0.074 0.102 0.139 0.187 0.244 0.310 0.384 0.468 0.570 0.702 0.864 1.038 1.224 1.428 1.633 1.780 1.870 1.933 1.991 2.054 2.118 2.172 2.204 2.224 2.248 2.301 2.403 2.569 2.713 2.674 2.479 2.163 1.764 1.215 0.678 0.360
13.522 11.269 8.355 6.972 6.008 5.177 4.466 3.847 3.303 2.832 2.470 2.242 2.102 1.979 1.836 1.677 1.515 1.348 1.172 0.999 0.842 0.711 0.605 0.523 0.462 0.412 0.369 0.331 0.296 0.262 0.229 0.198 0.169 0.141 0.116 0.094 0.076 0.061 0.056 0.073 0.101 0.143 0.200 0.275 0.361 0.453 0.551 0.658 0.790 0.971 1.215 1.459 1.680 1.880 2.038 2.144 2.194 2.211 2.215 2.224 2.252 2.304 2.369 2.438 2.514 2.606 2.719 2.873 3.141 3.536 3.808 3.843 3.631 3.095 2.209 1.447 0.803
14.893 13.309 10.611 7.968 6.559 5.696 4.974 4.328 3.730 3.198 2.842 2.682 2.635 2.642 2.627 2.565 2.450 2.284 2.064 1.808 1.556 1.351 1.184 1.051 0.945 0.851 0.761 0.675 0.594 0.516 0.442 0.373 0.311 0.256 0.207 0.167 0.136 0.112 0.101 0.142 0.203 0.292 0.408 0.540 0.671 0.800 0.932 1.087 1.309 1.616 1.900 2.100 2.243 2.355 2.414 2.428 2.406 2.374 2.346 2.325 2.319 2.343 2.397 2.477 2.577 2.703 2.850 3.014 3.256 3.727 4.253 4.525 4.537 4.266 3.583 2.481 1.474
15.706 14.603 12.758 10.243 7.725 6.217 5.327 4.621 4.102 3.767 3.489 3.337 3.307 3.343 3.361 3.343 3.276 3.141 2.948 2.727 2.493 2.262 2.052 1.862 1.689 1.525 1.364 1.210 1.058 0.906 0.762 0.631 0.518 0.423 0.346 0.284 0.236 0.198 0.206 0.295 0.428 0.610 0.813 0.998 1.161 1.318 1.498 1.732 1.997 2.249 2.409 2.504 2.560 2.590 2.574 2.533 2.477 2.431 2.388 2.355 2.331 2.326 2.350 2.404 2.487 2.598 2.738 2.894 3.081 3.486 4.164 4.663 4.805 4.714 4.346 3.579 2.441
16.233 15.392 14.091 12.260 9.831 7.324 5.777 5.192 4.910 4.652 4.418 4.255 4.188 4.187 4.172 4.099 3.962 3.799 3.648 3.528 3.427 3.311 3.137 2.898 2.611 2.324 2.074 1.848 1.629 1.398 1.165 0.955 0.784 0.652 0.551 0.471 0.404 0.349 0.449 0.638 0.904 1.226 1.499 1.700 1.873 2.052 2.249 2.432 2.558 2.635 2.675 2.689 2.684 2.659 2.623 2.576 2.512 2.446 2.387 2.343 2.307 2.274 2.255 2.264 2.305 2.375 2.464 2.566 2.709 2.965 3.486 4.298 4.738 4.807 4.636 4.118 3.254
16.498 15.761 14.717 13.267 11.412 9.106 6.801 6.243 5.985 5.792 5.634 5.487 5.364 5.265 5.132 4.912 4.632 4.379 4.247 4.208 4.195 4.155 4.019 3.744 3.364 2.989 2.681 2.408 2.148 1.886 1.608 1.335 1.127 0.974 0.859 0.767 0.688 0.724 0.991 1.358 1.816 2.250 2.517 2.650 2.733 2.807 2.870 2.893 2.862 2.807 2.759 2.729 2.711 2.685 2.634 2.560 2.469 2.378 2.292 2.229 2.179 2.121 2.067 2.029 2.005 1.997 1.989 1.984 2.016 2.111 2.396 3.285 4.256 4.623 4.585 4.243 3.617
16.499 15.781 14.866 13.683 12.245 10.579 8.604 7.582 7.344 7.179 7.066 6.949 6.785 6.559 6.232 5.804 5.349 4.991 4.788 4.754 4.769 4.736 4.582 4.278 3.878 3.490 3.168 2.881 2.609 2.341 2.064 1.797 1.584 1.428 1.305 1.211 1.210 1.581 2.103 2.656 3.106 3.368 3.456 3.440 3.374 3.292 3.197 3.082 2.976 2.882 2.796 2.740 2.702 2.651 2.568 2.453 2.325 2.186 2.061 1.959 1.870 1.785 1.704 1.629 1.550 1.455 1.341 1.254 1.226 1.334 1.712 2.211 3.146 3.961 4.196 4.077 3.677
16.256 15.542 14.816 13.943 12.868 11.607 10.147 9.298 9.063 8.886 8.755 8.616 8.401 8.063 7.573 6.953 6.317 5.791 5.415 5.173 5.120 5.061 4.868 4.610 4.244 3.859 3.548 3.282 3.026 2.773 2.525 2.309 2.138 1.996 1.879 2.028 2.481 3.090 3.615 3.930 4.058 4.055 3.980 3.853 3.683 3.497 3.341 3.182 3.029 2.887 2.765 2.708 2.652 2.545 2.402 2.226 2.045 1.881 1.733 1.601 1.483 1.380 1.289 1.201 1.112 1.014 0.906 0.799 0.839 1.053 1.335 1.705 2.170 2.995 3.459 3.575 3.457
16.108 15.521 14.939 14.459 13.784 12.840 12.215 11.897 11.630 11.390 11.165 10.910 10.563 10.096 9.496 8.749 7.909 7.085 6.384 5.841 5.389 5.219 5.064 4.775 4.399 4.082 3.824 3.634 3.436 3.208 3.005 2.847 2.841 2.998 3.223 3.522 3.946 4.336 4.508 4.535 4.454 4.307 4.165 4.014 3.833 3.618 3.386 3.162 2.981 2.899 2.819 2.721 2.597 2.432 2.226 1.996 1.771 1.560 1.365 1.193 1.047 0.927 0.828 0.750 0.681 0.614 0.549 0.487 0.629 0.837 1.047 1.324 1.725 2.198 2.681 2.870 2.968
18.996 18.471 18.004 17.538 17.047 16.530 16.043 15.609 15.203 14.792 14.366 13.926 13.452 12.915 12.257 11.416 10.346 9.128 7.946 6.949 6.146 5.441 5.169 4.813 4.430 4.167 3.983 3.860 3.758 3.624 3.551 3.708 3.931 4.134 4.303 4.474 4.666 4.761 4.749 4.672 4.582 4.419 4.228 4.029 3.811 3.560 3.278 3.181 3.058 2.919 2.759 2.562 2.326 2.050 1.765 1.485 1.236 1.032 0.865 0.738 0.643 0.566 0.500 0.445 0.398 0.356 0.318 0.341 0.447 0.654 0.865 1.095 1.408 1.704 2.114 2.349 2.456
