RESULTS/r.avaflow_results/23_results/23_ascii/23_hflow1_fin.asc
ncols 506
nrows 317
xllcenter 498237.50
yllcenter 5580050.00
cellsize 12.50
NODATA_value -9999.000
[rows 170 to 203 of 317, columns 77 to 153 of 506]
0.000 0.000 0.000 0.000 0.000 0.001 0.002 0.004 0.006 0.008 0.010 0.015 0.022 0.036 0.057 0.084 0.112 0.140 0.166 0.193 0.223 0.266 0.336 0.451 0.599 0.700 0.731 0.726 0.708 0.678 0.637 0.583 0.515 0.443 0.389 0.356 0.343 0.343 0.363 0.421 0.539 0.762 1.172 1.859 2.818 3.848 4.777 5.697 6.666 7.715 8.851 10.040 11.159 12.022 12.503 12.642 12.649 12.624 12.591 12.541 12.461 12.301 12.004 11.557 11.009 10.363 9.646 8.886 8.167 7.502 6.893 6.345 5.855 5.408 4.997 4.608 4.242
0.000 0.000 0.000 0.000 0.001 0.003 0.005 0.009 0.013 0.019 0.026 0.039 0.060 0.094 0.139 0.190 0.239 0.286 0.333 0.381 0.435 0.511 0.625 0.773 0.897 0.949 0.951 0.935 0.904 0.860 0.799 0.720 0.625 0.543 0.491 0.468 0.465 0.485 0.554 0.711 1.002 1.478 2.212 3.255 4.522 5.684 6.707 7.711 8.701 9.688 10.646 11.539 12.273 12.734 12.897 12.892 12.855 12.808 12.748 12.672 12.555 12.347 12.023 11.576 11.026 10.374 9.649 8.879 8.158 7.505 6.924 6.408 5.949 5.534 5.160 4.809 4.480
0.000 0.000 0.000 0.001 0.003 0.006 0.011 0.018 0.027 0.038 0.055 0.083 0.126 0.187 0.261 0.339 0.416 0.491 0.565 0.643 0.732 0.851 0.993 1.110 1.167 1.178 1.170 1.149 1.110 1.052 0.972 0.865 0.746 0.660 0.617 0.606 0.619 0.683 0.855 1.212 1.800 2.639 3.746 5.137 6.533 7.652 8.605 9.542 10.442 11.293 12.013 12.579 12.923 13.047 13.012 12.947 12.888 12.832 12.760 12.670 12.537 12.322 12.004 11.566 11.017 10.373 9.646 8.867 8.151 7.517 6.954 6.453 6.012 5.618 5.269 4.951 4.657
0.000 0.000 0.000 0.001 0.005 0.010 0.017 0.027 0.041 0.060 0.088 0.129 0.189 0.267 0.360 0.466 0.587 0.715 0.833 0.947 1.066 1.194 1.309 1.377 1.400 1.401 1.392 1.368 1.324 1.254 1.155 1.019 0.881 0.795 0.761 0.760 0.800 0.947 1.310 1.993 3.015 4.319 5.765 7.214 8.430 9.408 10.271 11.084 11.820 12.465 12.942 13.221 13.286 13.199 13.049 12.945 12.873 12.803 12.720 12.615 12.470 12.258 11.947 11.521 10.987 10.351 9.627 8.854 8.149 7.524 6.970 6.477 6.046 5.665 5.331 5.039 4.774
0.000 0.000 0.000 0.002 0.005 0.012 0.020 0.033 0.050 0.074 0.108 0.157 0.225 0.315 0.425 0.559 0.720 0.906 1.080 1.228 1.362 1.481 1.569 1.616 1.630 1.630 1.621 1.595 1.546 1.466 1.349 1.186 1.027 0.928 0.890 0.890 0.949 1.175 1.752 2.805 4.330 6.111 7.688 8.994 10.056 10.929 11.671 12.311 12.838 13.241 13.486 13.551 13.459 13.251 13.045 12.917 12.819 12.727 12.631 12.513 12.359 12.143 11.839 11.429 10.918 10.305 9.600 8.840 8.147 7.525 6.974 6.484 6.058 5.685 5.363 5.083 4.836
0.000 0.000 0.000 0.002 0.006 0.012 0.022 0.035 0.054 0.081 0.118 0.171 0.245 0.343 0.468 0.624 0.817 1.052 1.292 1.484 1.633 1.747 1.822 1.858 1.870 1.869 1.860 1.833 1.780 1.690 1.556 1.370 1.178 1.051 0.996 0.992 1.054 1.312 2.000 3.295 5.218 7.429 9.172 10.472 11.459 12.226 12.800 13.221 13.532 13.722 13.779 13.711 13.528 13.253 13.005 12.834 12.710 12.606 12.497 12.365 12.203 11.982 11.682 11.291 10.806 10.225 9.553 8.816 8.126 7.513 6.964 6.480 6.057 5.688 5.373 5.098 4.858
0.000 0.000 0.000 0.002 0.006 0.013 0.022 0.036 0.055 0.082 0.121 0.176 0.253 0.357 0.493 0.664 0.879 1.146 1.453 1.707 1.887 2.008 2.080 2.115 2.125 2.124 2.114 2.085 2.027 1.929 1.779 1.570 1.335 1.168 1.085 1.072 1.126 1.377 2.081 3.480 5.659 8.296 10.321 11.719 12.665 13.290 13.662 13.870 13.992 14.024 13.948 13.773 13.520 13.211 12.924 12.703 12.548 12.429 12.312 12.174 12.001 11.775 11.471 11.094 10.635 10.096 9.463 8.761 8.076 7.471 6.929 6.452 6.038 5.676 5.367 5.094 4.858
0.000 0.000 0.000 0.002 0.006 0.012 0.022 0.035 0.054 0.081 0.120 0.176 0.255 0.363 0.504 0.683 0.909 1.192 1.545 1.887 2.126 2.271 2.353 2.392 2.403 2.403 2.391 2.359 2.294 2.184 2.019 1.784 1.501 1.284 1.164 1.133 1.172 1.396 2.072 3.486 5.777 8.779 11.183 12.744 13.659 14.118 14.294 14.348 14.324 14.222 14.032 13.775 13.473 13.124 12.798 12.536 12.343 12.204 12.085 11.944 11.767 11.528 11.229 10.861 10.422 9.909 9.312 8.642 7.973 7.378 6.848 6.382 5.979 5.629 5.333 5.071 4.846
0.000 0.000 0.000 0.002 0.006 0.012 0.021 0.033 0.051 0.077 0.114 0.171 0.252 0.363 0.507 0.688 0.917 1.207 1.575 2.002 2.344 2.546 2.650 2.698 2.712 2.711 2.698 2.659 2.584 2.458 2.271 2.012 1.683 1.407 1.239 1.178 1.196 1.380 1.992 3.375 5.717 8.946 11.751 13.518 14.407 14.715 14.756 14.702 14.564 14.335 14.047 13.734 13.377 12.987 12.630 12.341 12.122 11.959 11.823 11.663 11.484 11.237 10.938 10.574 10.146 9.651 9.086 8.447 7.803 7.225 6.713 6.265 5.877 5.546 5.268 5.024 4.814
0.000 0.000 0.000 0.002 0.005 0.010 0.018 0.028 0.043 0.065 0.099 0.154 0.236 0.352 0.500 0.685 0.915 1.206 1.575 2.041 2.508 2.822 2.979 3.039 3.056 3.057 3.041 2.993 2.901 2.753 2.540 2.252 1.884 1.543 1.318 1.215 1.207 1.330 1.828 3.103 5.461 8.858 11.999 13.996 14.898 15.101 15.070 14.921 14.662 14.354 14.011 13.642 13.231 12.810 12.432 12.121 11.883 11.701 11.541 11.360 11.153 10.891 10.581 10.221 9.800 9.320 8.778 8.173 7.561 7.011 6.525 6.104 5.741 5.436 5.180 4.956 4.759
0.000 0.000 0.000 0.001 0.004 0.007 0.013 0.020 0.030 0.045 0.072 0.118 0.195 0.310 0.464 0.656 0.892 1.185 1.554 2.024 2.577 3.036 3.297 3.396 3.420 3.420 3.401 3.345 3.238 3.069 2.829 2.512 2.107 1.703 1.412 1.254 1.213 1.271 1.618 2.697 4.987 8.551 11.988 14.168 15.154 15.315 15.220 14.997 14.674 14.320 13.919 13.485 13.036 12.601 12.208 11.878 11.616 11.407 11.212 11.007 10.768 10.487 10.166 9.797 9.381 8.914 8.392 7.820 7.252 6.740 6.290 5.902 5.575 5.298 5.060 4.857 4.679
0.000 0.000 0.000 0.001 0.002 0.004 0.007 0.011 0.016 0.024 0.039 0.068 0.124 0.222 0.368 0.560 0.799 1.092 1.457 1.926 2.520 3.127 3.537 3.710 3.746 3.745 3.724 3.662 3.547 3.370 3.120 2.785 2.356 1.895 1.537 1.315 1.232 1.249 1.469 2.285 4.346 7.936 11.703 14.105 15.208 15.385 15.251 14.991 14.628 14.220 13.751 13.266 12.798 12.360 11.963 11.618 11.330 11.085 10.857 10.615 10.346 10.035 9.693 9.312 8.890 8.430 7.929 7.397 6.885 6.424 6.017 5.670 5.381 5.133 4.922 4.737 4.578
0.000 0.000 0.000 0.000 0.001 0.002 0.003 0.005 0.008 0.011 0.017 0.030 0.057 0.111 0.211 0.369 0.583 0.851 1.190 1.645 2.272 3.039 3.642 3.946 4.017 4.016 3.992 3.928 3.816 3.642 3.395 3.062 2.634 2.136 1.714 1.425 1.288 1.274 1.409 2.000 3.694 7.029 11.076 13.759 15.059 15.327 15.195 14.883 14.469 13.995 13.472 12.969 12.507 12.079 11.687 11.332 11.014 10.725 10.454 10.178 9.880 9.543 9.172 8.768 8.331 7.869 7.391 6.919 6.473 6.071 5.715 5.412 5.156 4.932 4.745 4.581 4.442
0.000 0.000 0.000 0.000 0.000 0.001 0.001 0.002 0.003 0.005 0.007 0.012 0.021 0.043 0.088 0.168 0.293 0.472 0.733 1.132 1.766 2.700 3.574 4.064 4.217 4.224 4.200 4.142 4.040 3.881 3.654 3.344 2.937 2.436 1.965 1.619 1.420 1.365 1.441 1.863 3.187 6.076 10.165 13.104 14.587 14.984 14.906 14.604 14.172 13.643 13.078 12.584 12.141 11.735 11.361 11.009 10.674 10.352 10.039 9.729 9.397 9.036 8.641 8.214 7.756 7.288 6.837 6.418 6.034 5.689 5.384 5.123 4.897 4.700 4.535 4.395 4.280
0.000 0.000 0.000 0.000 0.000 0.000 0.000 0.001 0.001 0.002 0.003 0.004 0.008 0.015 0.030 0.061 0.115 0.200 0.340 0.597 1.115 2.085 3.293 4.038 4.322 4.363 4.347 4.301 4.217 4.086 3.896 3.629 3.268 2.802 2.309 1.922 1.669 1.566 1.585 1.880 2.895 5.257 9.035 12.113 13.715 14.253 14.278 14.067 13.660 13.119 12.533 12.054 11.660 11.313 10.976 10.641 10.308 9.977 9.645 9.308 8.949 8.563 8.147 7.700 7.229 6.765 6.331 5.940 5.593 5.288 5.021 4.793 4.595 4.427 4.288 4.178 4.092
0.000 0.000 0.000 0.000 0.000 0.000 0.000 0.000 0.001 0.001 0.001 0.002 0.003 0.005 0.011 0.021 0.041 0.077 0.143 0.284 0.623 1.412 2.737 3.824 4.321 4.438 4.440 4.411 4.352 4.255 4.112 3.906 3.618 3.229 2.760 2.354 2.074 1.930 1.908 2.075 2.817 4.662 7.820 10.808 12.496 13.161 13.273 13.168 12.867 12.398 11.830 11.347 10.998 10.731 10.474 10.205 9.921 9.608 9.273 8.918 8.535 8.123 7.684 7.219 6.746 6.292 5.868 5.487 5.158 4.875 4.629 4.419 4.246 4.109 4.007 3.932 3.880
0.000 0.000 0.000 0.000 0.000 0.000 0.000 0.000 0.000 0.000 0.001 0.001 0.001 0.002 0.005 0.010 0.019 0.036 0.069 0.145 0.344 0.877 1.998 3.349 4.154 4.447 4.485 4.475 4.445 4.388 4.294 4.148 3.939 3.655 3.286 2.925 2.658 2.502 2.452 2.526 3.010 4.355 6.776 9.369 10.987 11.726 11.908 11.889 11.749 11.437 10.959 10.459 10.120 9.938 9.808 9.657 9.477 9.223 8.904 8.540 8.137 7.704 7.245 6.766 6.296 5.850 5.434 5.058 4.729 4.450 4.211 4.012 3.857 3.750 3.686 3.647 3.619
0.000 0.000 0.000 0.000 0.000 0.000 0.000 0.000 0.000 0.000 0.000 0.001 0.001 0.002 0.004 0.007 0.014 0.026 0.050 0.098 0.216 0.537 1.300 2.597 3.749 4.329 4.493 4.510 4.508 4.487 4.437 4.345 4.202 4.004 3.748 3.504 3.330 3.229 3.192 3.209 3.458 4.329 6.060 8.195 9.625 10.313 10.516 10.532 10.489 10.326 10.021 9.600 9.234 9.045 8.990 8.967 8.917 8.772 8.503 8.149 7.739 7.296 6.825 6.338 5.863 5.422 5.017 4.646 4.313 4.022 3.778 3.581 3.437 3.346 3.296 3.257 3.181
0.000 0.000 0.000 0.000 0.000 0.000 0.000 0.000 0.000 0.000 0.000 0.001 0.001 0.002 0.004 0.008 0.014 0.026 0.049 0.091 0.175 0.368 0.840 1.789 3.072 4.007 4.410 4.517 4.546 4.558 4.543 4.495 4.407 4.274 4.097 3.946 3.852 3.808 3.808 3.851 4.020 4.543 5.676 7.320 8.567 9.198 9.419 9.474 9.473 9.399 9.222 8.929 8.580 8.331 8.232 8.220 8.227 8.189 8.017 7.714 7.324 6.885 6.415 5.922 5.435 4.996 4.603 4.242 3.908 3.604 3.342 3.133 2.974 2.849 2.733 2.588 2.374
0.000 0.000 0.000 0.000 0.000 0.000 0.000 0.000 0.000 0.000 0.000 0.001 0.001 0.003 0.005 0.010 0.019 0.033 0.057 0.098 0.173 0.309 0.594 1.205 2.285 3.459 4.161 4.455 4.560 4.603 4.617 4.603 4.557 4.469 4.347 4.256 4.211 4.195 4.207 4.270 4.426 4.775 5.506 6.697 7.772 8.363 8.598 8.677 8.693 8.665 8.565 8.377 8.102 7.824 7.641 7.556 7.511 7.474 7.381 7.166 6.831 6.416 5.958 5.472 4.997 4.566 4.185 3.836 3.505 3.186 2.892 2.635 2.400 2.157 1.891 1.605 1.326
0.000 0.000 0.000 0.000 0.000 0.000 0.000 0.000 0.000 0.000 0.000 0.001 0.002 0.004 0.009 0.017 0.031 0.051 0.080 0.123 0.191 0.306 0.506 0.901 1.663 2.780 3.709 4.236 4.498 4.620 4.668 4.676 4.656 4.596 4.509 4.452 4.429 4.426 4.442 4.508 4.645 4.901 5.394 6.248 7.156 7.713 7.968 8.063 8.089 8.081 8.023 7.902 7.699 7.441 7.195 7.005 6.855 6.728 6.599 6.419 6.141 5.766 5.318 4.857 4.435 4.040 3.674 3.327 2.987 2.642 2.285 1.926 1.579 1.264 1.000 0.781 0.599
0.000 0.000 0.000 0.000 0.000 0.000 0.000 0.000 0.000 0.000 0.000 0.001 0.003 0.007 0.016 0.031 0.053 0.083 0.121 0.171 0.238 0.337 0.503 0.793 1.327 2.176 3.126 3.838 4.299 4.559 4.680 4.715 4.711 4.665 4.597 4.556 4.540 4.544 4.561 4.621 4.734 4.940 5.284 5.869 6.609 7.150 7.438 7.564 7.607 7.606 7.572 7.483 7.318 7.087 6.817 6.544 6.279 6.022 5.772 5.519 5.229 4.872 4.438 3.997 3.598 3.222 2.855 2.488 2.115 1.735 1.357 1.022 0.761 0.566 0.420 0.308 0.227
0.000 0.000 0.000 0.000 0.000 0.000 0.000 0.000 0.000 0.000 0.000 0.001 0.004 0.009 0.022 0.044 0.078 0.123 0.177 0.239 0.314 0.410 0.551 0.791 1.200 1.818 2.614 3.367 3.970 4.385 4.619 4.716 4.725 4.688 4.628 4.595 4.585 4.590 4.608 4.657 4.756 4.918 5.152 5.524 6.084 6.615 6.952 7.128 7.195 7.200 7.176 7.095 6.945 6.725 6.443 6.112 5.749 5.361 4.961 4.568 4.181 3.769 3.310 2.856 2.442 2.056 1.690 1.352 1.050 0.782 0.561 0.395 0.277 0.197 0.143 0.105 0.078
0.000 0.000 0.000 0.000 0.000 0.000 0.000 0.000 0.000 0.000 0.000 0.001 0.004 0.010 0.024 0.050 0.092 0.150 0.222 0.307 0.405 0.520 0.659 0.860 1.192 1.677 2.299 2.992 3.619 4.122 4.465 4.649 4.701 4.681 4.628 4.599 4.594 4.598 4.616 4.660 4.741 4.853 4.993 5.200 5.569 6.053 6.454 6.701 6.811 6.827 6.804 6.724 6.579 6.354 6.049 5.669 5.218 4.705 4.154 3.603 3.069 2.565 2.104 1.698 1.344 1.035 0.771 0.555 0.385 0.259 0.172 0.116 0.082 0.060 0.045 0.034 0.026
0.000 0.000 0.000 0.000 0.000 0.000 0.000 0.000 0.000 0.000 0.000 0.001 0.004 0.010 0.024 0.051 0.096 0.162 0.249 0.355 0.480 0.626 0.794 0.994 1.264 1.656 2.166 2.764 3.349 3.849 4.240 4.496 4.608 4.622 4.601 4.583 4.583 4.588 4.605 4.638 4.687 4.740 4.791 4.867 5.051 5.401 5.840 6.181 6.363 6.420 6.410 6.335 6.175 5.901 5.508 5.026 4.471 3.839 3.153 2.491 1.928 1.488 1.137 0.849 0.611 0.420 0.277 0.177 0.112 0.071 0.046 0.032 0.024 0.019 0.015 0.012 0.010
0.000 0.000 0.000 0.000 0.000 0.000 0.000 0.000 0.000 0.000 0.000 0.001 0.003 0.009 0.022 0.048 0.093 0.163 0.261 0.386 0.534 0.703 0.894 1.112 1.370 1.699 2.123 2.636 3.161 3.616 3.992 4.272 4.436 4.497 4.518 4.523 4.533 4.543 4.557 4.571 4.585 4.580 4.547 4.499 4.528 4.676 5.000 5.374 5.620 5.729 5.744 5.669 5.446 5.044 4.467 3.802 3.116 2.428 1.794 1.303 0.951 0.690 0.490 0.337 0.222 0.139 0.084 0.050 0.030 0.019 0.013 0.009 0.008 0.006 0.006 0.005 0.004
0.000 0.000 0.000 0.000 0.000 0.000 0.000 0.000 0.000 0.000 0.000 0.001 0.002 0.007 0.017 0.039 0.082 0.155 0.262 0.403 0.570 0.756 0.958 1.180 1.432 1.732 2.098 2.540 3.004 3.410 3.750 4.017 4.203 4.311 4.369 4.402 4.428 4.442 4.450 4.447 4.429 4.376 4.278 4.131 4.030 4.002 4.075 4.249 4.418 4.501 4.493 4.369 4.046 3.490 2.751 2.056 1.501 1.061 0.731 0.504 0.348 0.240 0.163 0.108 0.069 0.041 0.023 0.013 0.008 0.005 0.004 0.003 0.003 0.003 0.003 0.003 0.003
0.000 0.000 0.000 0.000 0.000 0.000 0.000 0.000 0.000 0.000 0.000 0.001 0.001 0.004 0.010 0.026 0.064 0.137 0.253 0.408 0.591 0.788 0.994 1.214 1.458 1.739 2.068 2.450 2.851 3.205 3.507 3.752 3.940 4.076 4.165 4.220 4.257 4.273 4.273 4.262 4.224 4.139 4.002 3.801 3.587 3.424 3.307 3.207 3.103 2.967 2.793 2.562 2.223 1.748 1.231 0.833 0.550 0.355 0.228 0.149 0.100 0.069 0.047 0.031 0.019 0.011 0.006 0.003 0.002 0.002 0.002 0.001 0.001 0.001 0.002 0.002 0.002
0.000 0.000 0.000 0.000 0.000 0.000 0.000 0.000 0.000 0.000 0.001 0.001 0.001 0.002 0.006 0.018 0.047 0.115 0.234 0.401 0.599 0.802 1.008 1.226 1.464 1.730 2.027 2.357 2.693 2.993 3.253 3.474 3.656 3.799 3.905 3.974 4.016 4.032 4.029 4.014 3.967 3.871 3.716 3.486 3.203 2.932 2.678 2.422 2.151 1.865 1.582 1.305 1.014 0.710 0.457 0.286 0.176 0.107 0.065 0.041 0.027 0.018 0.012 0.008 0.005 0.003 0.001 0.001 0.001 0.001 0.001 0.001 0.001 0.001 0.001 0.001 0.002
0.000 0.001 0.001 0.001 0.001 0.001 0.001 0.001 0.001 0.001 0.001 0.001 0.001 0.001 0.004 0.013 0.036 0.096 0.212 0.385 0.596 0.804 1.011 1.227 1.458 1.706 1.971 2.253 2.527 2.774 2.993 3.185 3.344 3.475 3.580 3.657 3.705 3.726 3.725 3.711 3.666 3.570 3.410 3.168 2.853 2.507 2.167 1.831 1.498 1.179 0.891 0.641 0.431 0.269 0.161 0.094 0.054 0.031 0.018 0.011 0.007 0.005 0.003 0.002 0.001 0.001 0.001 0.000 0.000 0.000 0.000 0.000 0.001 0.001 0.001 0.001 0.002
0.001 0.001 0.001 0.001 0.001 0.001 0.001 0.001 0.001 0.001 0.001 0.001 0.001 0.001 0.003 0.009 0.028 0.079 0.186 0.358 0.576 0.795 1.005 1.219 1.439 1.666 1.900 2.132 2.349 2.546 2.721 2.872 2.994 3.097 3.183 3.257 3.319 3.360 3.372 3.366 3.331 3.242 3.084 2.841 2.514 2.131 1.745 1.382 1.048 0.755 0.509 0.319 0.187 0.105 0.057 0.031 0.016 0.009 0.005 0.003 0.002 0.001 0.001 0.001 0.000 0.000 0.000 0.000 0.000 0.000 0.000 0.000 0.000 0.001 0.001 0.001 0.002
0.002 0.002 0.002 0.002 0.001 0.001 0.001 0.001 0.001 0.001 0.001 0.001 0.001 0.001 0.002 0.006 0.020 0.060 0.153 0.311 0.527 0.763 0.984 1.195 1.403 1.608 1.805 1.988 2.153 2.302 2.429 2.531 2.606 2.663 2.712 2.762 2.829 2.902 2.943 2.954 2.938 2.874 2.733 2.501 2.177 1.782 1.383 1.029 0.725 0.476 0.287 0.159 0.083 0.042 0.020 0.010 0.005 0.002 0.001 0.001 0.001 0.000 0.000 0.000 0.000 0.000 0.000 0.000 0.000 0.000 0.000 0.000 0.000 0.000 0.001 0.001 0.002
0.003 0.003 0.002 0.002 0.001 0.001 0.001 0.001 0.001 0.001 0.001 0.001 0.001 0.001 0.002 0.004 0.012 0.038 0.106 0.235 0.432 0.679 0.928 1.147 1.344 1.522 1.681 1.819 1.938 2.036 2.110 2.159 2.181 2.180 2.161 2.154 2.189 2.266 2.333 2.374 2.390 2.372 2.286 2.101 1.813 1.437 1.048 0.728 0.475 0.284 0.154 0.077 0.037 0.016 0.007 0.003 0.001 0.001 0.000 0.000 0.000 0.000 0.000 0.000 0.000 0.000 0.000 0.000 0.000 0.000 0.000 0.000 0.000 0.000 0.001 0.002 0.004
0.003 0.003 0.002 0.002 0.001 0.001 0.001 0.001 0.001 0.001 0.001 0.001 0.001 0.001 0.001 0.002 0.006 0.018 0.053 0.133 0.281 0.507 0.781 1.032 1.234 1.395 1.522 1.621 1.694 1.739 1.761 1.760 1.734 1.671 1.569 1.478 1.440 1.457 1.503 1.551 1.597 1.631 1.624 1.542 1.354 1.058 0.723 0.466 0.279 0.152 0.076 0.035 0.015 0.006 0.002 0.001 0.001 0.000 0.000 0.000 0.000 0.000 0.000 0.000 0.000 0.000 0.000 0.000 0.000 0.000 0.000 0.000 0.000 0.001 0.001 0.003 0.009
