RESULTS/r.avaflow_results/23_results/23_ascii/23_hflow30016.asc
ncols 506
nrows 317
xllcenter 498237.50
yllcenter 5580050.00
cellsize 12.50
NODATA_value -9999.000
[rows 170 to 203 of 317, columns 154 to 230 of 506]
11.226 11.066 10.916 10.757 10.549 10.285 10.054 9.883 9.753 9.663 9.621 9.622 9.615 9.559 9.378 9.013 8.442 7.745 7.083 6.488 5.919 5.319 4.659 4.055 3.579 3.238 3.036 2.943 2.909 2.900 2.913 2.986 3.174 3.442 3.622 3.724 3.784 3.832 3.851 3.818 3.735 3.606 3.510 3.440 3.370 3.264 3.079 2.783 2.375 1.890 1.398 0.985 0.702 0.529 0.424 0.361 0.324 0.303 0.295 0.293 0.291 0.286 0.275 0.256 0.228 0.192 0.149 0.100 0.051 0.020 0.006 0.001 0.000 0.000 0.000 0.000 0.000
13.287 13.604 13.803 13.886 13.860 13.768 13.631 13.479 13.322 13.178 13.072 13.007 12.958 12.886 12.699 12.290 11.595 10.662 9.640 8.628 7.641 6.662 5.701 4.854 4.181 3.671 3.324 3.139 3.081 3.090 3.155 3.309 3.620 3.960 4.123 4.170 4.157 4.103 4.029 3.936 3.802 3.627 3.460 3.299 3.110 2.844 2.432 1.866 1.278 0.831 0.557 0.392 0.290 0.228 0.195 0.180 0.174 0.173 0.177 0.179 0.180 0.176 0.167 0.148 0.122 0.093 0.064 0.037 0.017 0.006 0.002 0.000 0.000 0.000 0.000 0.000 0.000
14.800 15.551 16.050 16.328 16.456 16.506 16.495 16.437 16.347 16.243 16.146 16.086 16.045 15.989 15.826 15.430 14.714 13.723 12.571 11.332 10.037 8.708 7.400 6.222 5.245 4.465 3.871 3.490 3.318 3.287 3.337 3.480 3.772 4.074 4.192 4.209 4.175 4.091 3.988 3.874 3.702 3.443 3.102 2.698 2.236 1.704 1.174 0.741 0.466 0.304 0.213 0.159 0.126 0.107 0.099 0.097 0.099 0.103 0.107 0.109 0.108 0.104 0.095 0.079 0.059 0.040 0.024 0.012 0.005 0.002 0.000 0.000 0.000 0.000 0.000 0.000 0.000
15.617 16.649 17.348 17.799 18.111 18.364 18.591 18.773 18.886 18.929 18.930 18.943 18.959 18.945 18.827 18.460 17.741 16.716 15.547 14.293 12.932 11.443 9.859 8.320 6.974 5.836 4.911 4.234 3.818 3.624 3.581 3.643 3.833 4.068 4.146 4.134 4.044 3.907 3.761 3.583 3.286 2.796 2.123 1.469 0.982 0.642 0.408 0.258 0.169 0.118 0.090 0.073 0.062 0.057 0.056 0.057 0.059 0.062 0.064 0.064 0.063 0.058 0.049 0.037 0.025 0.015 0.008 0.004 0.001 0.000 0.000 0.000 0.000 0.000 0.000 0.000 0.000
15.824 16.963 17.767 18.353 18.863 19.355 19.868 20.396 20.826 21.113 21.284 21.422 21.535 21.570 21.503 21.209 20.572 19.597 18.419 17.149 15.793 14.302 12.624 10.792 9.067 7.597 6.390 5.432 4.718 4.243 3.978 3.880 3.935 4.049 4.048 3.921 3.672 3.398 3.128 2.785 2.245 1.547 0.943 0.579 0.363 0.230 0.148 0.099 0.072 0.056 0.046 0.040 0.036 0.035 0.034 0.035 0.036 0.037 0.037 0.036 0.034 0.030 0.023 0.016 0.010 0.005 0.003 0.001 0.000 0.000 0.000 0.000 0.000 0.000 0.000 0.000 0.000
15.628 16.790 17.664 18.346 18.979 19.642 20.376 21.179 21.914 22.464 22.810 23.068 23.303 23.442 23.445 23.275 22.821 22.026 20.926 19.609 18.144 16.536 14.711 12.605 10.497 8.728 7.332 6.266 5.453 4.841 4.422 4.189 4.084 4.003 3.809 3.372 2.794 2.280 1.835 1.412 0.988 0.616 0.366 0.221 0.139 0.092 0.064 0.048 0.038 0.032 0.028 0.026 0.023 0.022 0.022 0.022 0.022 0.021 0.021 0.019 0.017 0.014 0.010 0.006 0.003 0.002 0.001 0.000 0.000 0.000 0.000 0.000 0.000 0.000 0.000 0.000 0.000
14.842 16.063 17.081 17.929 18.726 19.532 20.382 21.279 22.144 22.851 23.324 23.652 23.981 24.268 24.377 24.328 24.073 23.508 22.565 21.253 19.660 17.874 15.859 13.518 11.113 9.126 7.621 6.521 5.693 5.059 4.603 4.301 4.066 3.733 3.093 2.158 1.377 0.954 0.714 0.527 0.363 0.231 0.143 0.091 0.062 0.045 0.035 0.028 0.024 0.021 0.019 0.017 0.015 0.014 0.013 0.013 0.012 0.012 0.011 0.009 0.008 0.006 0.004 0.002 0.001 0.000 0.000 0.000 0.000 0.000 0.000 0.000 0.000 0.000 0.000 0.000 0.000
13.407 14.745 15.954 17.029 18.041 19.012 19.949 20.876 21.808 22.598 23.136 23.502 23.889 24.282 24.473 24.471 24.309 23.864 23.039 21.780 20.129 18.225 16.098 13.647 11.133 9.073 7.545 6.453 5.640 5.009 4.516 4.088 3.580 2.769 1.701 0.858 0.482 0.329 0.247 0.185 0.133 0.092 0.063 0.045 0.034 0.027 0.022 0.019 0.016 0.014 0.013 0.011 0.010 0.009 0.008 0.007 0.006 0.006 0.005 0.004 0.003 0.002 0.001 0.001 0.000 0.000 0.000 0.000 0.000 0.000 0.000 0.000 0.000 0.000 0.000 0.000 0.000
11.415 12.934 14.364 15.688 16.899 17.974 18.932 19.846 20.759 21.579 22.216 22.695 23.163 23.607 23.830 23.843 23.723 23.366 22.642 21.449 19.812 17.856 15.648 13.143 10.665 8.632 7.103 6.004 5.182 4.498 3.854 3.129 2.220 1.271 0.593 0.281 0.161 0.113 0.088 0.070 0.056 0.044 0.034 0.027 0.022 0.018 0.015 0.013 0.011 0.009 0.008 0.007 0.006 0.005 0.004 0.004 0.003 0.002 0.002 0.002 0.001 0.001 0.000 0.000 0.000 0.000 0.000 0.000 0.000 0.000 0.000 0.000 0.000 0.000 0.000 0.000 0.000
8.970 10.642 12.313 13.846 15.202 16.353 17.337 18.212 19.022 19.785 20.527 21.232 21.756 22.077 22.201 22.197 22.098 21.814 21.185 20.067 18.451 16.452 14.191 11.783 9.544 7.653 6.097 4.860 3.873 2.997 2.181 1.433 0.806 0.397 0.185 0.095 0.061 0.047 0.040 0.034 0.029 0.025 0.021 0.018 0.015 0.012 0.010 0.008 0.007 0.006 0.005 0.004 0.003 0.002 0.002 0.002 0.001 0.001 0.001 0.000 0.000 0.000 0.000 0.000 0.000 0.000 0.000 0.000 0.000 0.000 0.000 0.000 0.000 0.000 0.000 0.000 0.000
6.526 7.992 9.694 11.406 12.922 14.193 15.262 16.149 16.899 17.659 18.609 19.593 20.148 20.307 20.303 20.252 20.092 19.721 18.995 17.770 16.037 13.908 11.659 9.566 7.711 5.972 4.257 2.791 1.764 1.111 0.694 0.419 0.234 0.122 0.065 0.041 0.031 0.026 0.023 0.021 0.018 0.016 0.014 0.012 0.010 0.008 0.006 0.005 0.004 0.003 0.002 0.002 0.001 0.001 0.001 0.000 0.000 0.000 0.000 0.000 0.000 0.000 0.000 0.000 0.000 0.000 0.000 0.000 0.000 0.000 0.000 0.000 0.000 0.000 0.000 0.000 0.000
4.540 5.624 6.950 8.514 10.155 11.665 12.922 13.964 14.886 15.841 16.994 18.073 18.619 18.735 18.724 18.651 18.378 17.734 16.613 14.975 12.814 10.316 8.079 6.342 4.884 3.374 1.947 0.996 0.520 0.300 0.187 0.119 0.074 0.046 0.031 0.023 0.019 0.017 0.015 0.014 0.012 0.011 0.009 0.007 0.006 0.005 0.004 0.003 0.002 0.001 0.001 0.001 0.000 0.000 0.000 0.000 0.000 0.000 0.000 0.000 0.000 0.000 0.000 0.000 0.000 0.000 0.000 0.000 0.000 0.000 0.000 0.000 0.000 0.000 0.000 0.000 0.000
3.056 3.821 4.788 5.979 7.384 8.930 10.420 11.719 12.897 14.078 15.326 16.341 16.854 17.000 17.003 16.892 16.454 15.460 13.798 11.481 8.550 5.758 3.858 2.722 1.890 1.134 0.560 0.254 0.134 0.084 0.059 0.043 0.032 0.024 0.019 0.015 0.013 0.011 0.010 0.009 0.008 0.007 0.005 0.004 0.003 0.002 0.002 0.001 0.001 0.000 0.000 0.000 0.000 0.000 0.000 0.000 0.000 0.000 0.000 0.000 0.000 0.000 0.000 0.000 0.000 0.000 0.000 0.000 0.000 0.000 0.000 0.000 0.000 0.000 0.000 0.000 0.000
2.004 2.522 3.181 4.011 5.030 6.246 7.689 9.224 10.686 12.002 13.117 13.912 14.358 14.541 14.551 14.316 13.583 12.119 9.704 6.650 3.905 2.125 1.172 0.722 0.446 0.244 0.121 0.065 0.043 0.033 0.027 0.023 0.019 0.015 0.013 0.011 0.009 0.008 0.007 0.006 0.005 0.004 0.003 0.002 0.002 0.001 0.001 0.000 0.000 0.000 0.000 0.000 0.000 0.000 0.000 0.000 0.000 0.000 0.000 0.000 0.000 0.000 0.000 0.000 0.000 0.000 0.000 0.000 0.000 0.000 0.000 0.000 0.000 0.000 0.000 0.000 0.000
1.262 1.595 2.006 2.512 3.133 3.906 4.904 6.248 7.831 9.132 10.010 10.549 10.847 10.947 10.805 10.238 9.011 6.996 4.525 2.400 1.102 0.476 0.239 0.150 0.095 0.058 0.037 0.027 0.022 0.019 0.017 0.015 0.013 0.011 0.009 0.007 0.006 0.005 0.004 0.003 0.003 0.002 0.001 0.001 0.001 0.000 0.000 0.000 0.000 0.000 0.000 0.000 0.000 0.000 0.000 0.000 0.000 0.000 0.000 0.000 0.000 0.000 0.000 0.000 0.000 0.000 0.000 0.000 0.000 0.000 0.000 0.000 0.000 0.000 0.000 0.000 0.000
0.730 0.922 1.143 1.398 1.701 2.096 2.653 3.474 4.592 5.546 6.121 6.376 6.412 6.211 5.735 5.009 3.949 2.514 1.245 0.505 0.192 0.092 0.059 0.043 0.032 0.024 0.020 0.017 0.015 0.014 0.012 0.010 0.009 0.007 0.006 0.005 0.004 0.003 0.002 0.002 0.001 0.001 0.000 0.000 0.000 0.000 0.000 0.000 0.000 0.000 0.000 0.000 0.000 0.000 0.000 0.000 0.000 0.000 0.000 0.000 0.000 0.000 0.000 0.000 0.000 0.000 0.000 0.000 0.000 0.000 0.000 0.000 0.000 0.000 0.000 0.000 0.000
0.347 0.437 0.533 0.635 0.751 0.909 1.153 1.554 2.156 2.678 2.948 3.014 2.914 2.561 2.067 1.594 1.078 0.532 0.211 0.084 0.044 0.030 0.025 0.021 0.018 0.016 0.014 0.012 0.011 0.010 0.009 0.007 0.006 0.005 0.004 0.003 0.002 0.002 0.001 0.001 0.000 0.000 0.000 0.000 0.000 0.000 0.000 0.000 0.000 0.000 0.000 0.000 0.000 0.000 0.000 0.000 0.000 0.000 0.000 0.000 0.000 0.000 0.000 0.000 0.000 0.000 0.000 0.000 0.000 0.000 0.000 0.000 0.000 0.000 0.000 0.000 0.000
0.114 0.145 0.175 0.205 0.236 0.278 0.351 0.490 0.724 0.927 1.008 1.007 0.919 0.701 0.475 0.327 0.192 0.090 0.042 0.025 0.019 0.016 0.015 0.014 0.012 0.011 0.010 0.009 0.008 0.007 0.006 0.005 0.004 0.003 0.003 0.002 0.001 0.001 0.001 0.000 0.000 0.000 0.000 0.000 0.000 0.000 0.000 0.000 0.000 0.000 0.000 0.000 0.000 0.000 0.000 0.000 0.000 0.000 0.000 0.000 0.000 0.000 0.000 0.000 0.000 0.000 0.000 0.000 0.000 0.000 0.000 0.000 0.000 0.000 0.000 0.000 0.000
0.020 0.026 0.033 0.039 0.046 0.055 0.071 0.104 0.163 0.212 0.226 0.224 0.200 0.142 0.093 0.063 0.039 0.024 0.016 0.013 0.012 0.011 0.010 0.010 0.009 0.008 0.007 0.006 0.006 0.005 0.004 0.003 0.003 0.002 0.002 0.001 0.001 0.001 0.000 0.000 0.000 0.000 0.000 0.000 0.000 0.000 0.000 0.000 0.000 0.000 0.000 0.000 0.000 0.000 0.000 0.000 0.000 0.000 0.000 0.000 0.000 0.000 0.000 0.000 0.000 0.000 0.000 0.000 0.000 0.000 0.000 0.000 0.000 0.000 0.000 0.000 0.000
0.002 0.003 0.004 0.005 0.007 0.009 0.012 0.019 0.033 0.043 0.047 0.047 0.044 0.033 0.024 0.018 0.013 0.011 0.009 0.008 0.008 0.007 0.007 0.007 0.006 0.006 0.005 0.004 0.004 0.003 0.003 0.002 0.002 0.002 0.001 0.001 0.001 0.000 0.000 0.000 0.000 0.000 0.000 0.000 0.000 0.000 0.000 0.000 0.000 0.000 0.000 0.000 0.000 0.000 0.000 0.000 0.000 0.000 0.000 0.000 0.000 0.000 0.000 0.000 0.000 0.000 0.000 0.000 0.000 0.000 0.000 0.000 0.000 0.000 0.000 0.000 0.000
0.001 0.001 0.001 0.001 0.001 0.001 0.002 0.004 0.007 0.010 0.011 0.012 0.012 0.011 0.009 0.008 0.007 0.006 0.005 0.005 0.005 0.005 0.004 0.004 0.004 0.004 0.003 0.003 0.002 0.002 0.002 0.002 0.001 0.001 0.001 0.001 0.001 0.000 0.000 0.000 0.000 0.000 0.000 0.000 0.000 0.000 0.000 0.000 0.000 0.000 0.000 0.000 0.000 0.000 0.000 0.000 0.000 0.000 0.000 0.000 0.000 0.000 0.000 0.000 0.000 0.000 0.000 0.000 0.000 0.000 0.000 0.000 0.000 0.000 0.000 0.000 0.000
0.001 0.001 0.001 0.001 0.001 0.001 0.001 0.001 0.002 0.003 0.004 0.004 0.005 0.005 0.005 0.004 0.004 0.003 0.003 0.003 0.003 0.003 0.003 0.003 0.002 0.002 0.002 0.002 0.001 0.001 0.001 0.001 0.001 0.001 0.001 0.001 0.001 0.000 0.000 0.000 0.000 0.000 0.000 0.000 0.000 0.000 0.000 0.000 0.000 0.000 0.000 0.000 0.000 0.000 0.000 0.000 0.000 0.000 0.000 0.000 0.000 0.000 0.000 0.000 0.000 0.000 0.000 0.000 0.000 0.000 0.000 0.000 0.000 0.000 0.000 0.000 0.000
0.001 0.001 0.001 0.001 0.001 0.001 0.001 0.001 0.001 0.001 0.002 0.002 0.002 0.003 0.003 0.002 0.002 0.002 0.002 0.002 0.002 0.002 0.002 0.002 0.002 0.001 0.001 0.001 0.001 0.001 0.001 0.001 0.001 0.001 0.001 0.001 0.001 0.000 0.000 0.000 0.000 0.000 0.000 0.000 0.000 0.000 0.000 0.000 0.000 0.000 0.000 0.000 0.000 0.000 0.000 0.000 0.000 0.000 0.000 0.000 0.000 0.000 0.000 0.000 0.000 0.000 0.000 0.000 0.000 0.000 0.000 0.000 0.000 0.000 0.000 0.000 0.000
0.001 0.001 0.001 0.001 0.001 0.001 0.001 0.001 0.001 0.001 0.001 0.001 0.002 0.002 0.002 0.002 0.002 0.001 0.001 0.001 0.001 0.001 0.001 0.001 0.001 0.001 0.001 0.001 0.001 0.001 0.001 0.001 0.001 0.001 0.001 0.001 0.000 0.000 0.000 0.000 0.000 0.000 0.000 0.000 0.000 0.000 0.000 0.000 0.000 0.000 0.000 0.000 0.000 0.000 0.000 0.000 0.000 0.000 0.000 0.000 0.000 0.000 0.000 0.000 0.000 0.000 0.000 0.000 0.000 0.000 0.000 0.000 0.000 0.000 0.000 0.000 0.000
0.001 0.001 0.001 0.001 0.001 0.001 0.001 0.001 0.001 0.001 0.001 0.001 0.001 0.001 0.001 0.001 0.001 0.001 0.001 0.001 0.001 0.001 0.001 0.001 0.001 0.001 0.001 0.001 0.001 0.001 0.001 0.002 0.002 0.001 0.001 0.001 0.000 0.000 0.000 0.000 0.000 0.000 0.000 0.000 0.000 0.000 0.000 0.000 0.000 0.000 0.000 0.000 0.000 0.000 0.000 0.000 0.000 0.000 0.000 0.000 0.000 0.000 0.000 0.000 0.000 0.000 0.000 0.000 0.000 0.000 0.000 0.000 0.000 0.000 0.000 0.000 0.000
0.000 0.000 0.000 0.000 0.000 0.000 0.000 0.000 0.000 0.001 0.001 0.001 0.001 0.001 0.001 0.001 0.001 0.001 0.001 0.001 0.001 0.001 0.001 0.002 0.002 0.002 0.002 0.002 0.002 0.002 0.002 0.002 0.002 0.002 0.001 0.001 0.000 0.000 0.000 0.000 0.000 0.000 0.000 0.000 0.000 0.000 0.000 0.000 0.000 0.000 0.000 0.000 0.000 0.000 0.000 0.000 0.000 0.000 0.000 0.000 0.000 0.000 0.000 0.000 0.000 0.000 0.000 0.000 0.000 0.000 0.000 0.000 0.000 0.000 0.000 0.000 0.000
0.000 0.000 0.000 0.000 0.000 0.000 0.000 0.000 0.000 0.000 0.000 0.000 0.001 0.001 0.001 0.001 0.001 0.001 0.001 0.001 0.001 0.002 0.002 0.002 0.002 0.003 0.003 0.003 0.003 0.003 0.003 0.002 0.002 0.002 0.001 0.001 0.000 0.000 0.000 0.000 0.000 0.000 0.000 0.000 0.000 0.000 0.000 0.000 0.000 0.000 0.000 0.000 0.000 0.000 0.000 0.000 0.000 0.000 0.000 0.000 0.000 0.000 0.000 0.000 0.000 0.000 0.000 0.000 0.000 0.000 0.000 0.000 0.000 0.000 0.000 0.000 0.000
0.000 0.000 0.000 0.000 0.000 0.000 0.000 0.000 0.000 0.000 0.000 0.000 0.000 0.000 0.000 0.001 0.001 0.001 0.001 0.001 0.001 0.002 0.002 0.002 0.003 0.003 0.004 0.004 0.003 0.003 0.003 0.002 0.002 0.001 0.001 0.001 0.000 0.000 0.000 0.000 0.000 0.000 0.000 0.000 0.000 0.000 0.000 0.000 0.000 0.000 0.000 0.000 0.000 0.000 0.000 0.000 0.000 0.000 0.000 0.000 0.000 0.000 0.000 0.000 0.000 0.000 0.000 0.000 0.000 0.000 0.000 0.000 0.000 0.000 0.000 0.000 0.000
0.000 0.000 0.000 0.000 0.000 0.000 0.000 0.000 0.000 0.000 0.000 0.000 0.000 0.000 0.000 0.000 0.000 0.001 0.001 0.001 0.001 0.002 0.002 0.002 0.003 0.003 0.003 0.003 0.003 0.003 0.003 0.002 0.002 0.001 0.001 0.000 0.000 0.000 0.000 0.000 0.000 0.000 0.000 0.000 0.000 0.000 0.000 0.000 0.000 0.000 0.000 0.000 0.000 0.000 0.000 0.000 0.000 0.000 0.000 0.000 0.000 0.000 0.000 0.000 0.000 0.000 0.000 0.000 0.000 0.000 0.000 0.000 0.000 0.000 0.000 0.000 0.000
0.000 0.000 0.000 0.000 0.000 0.000 0.000 0.000 0.000 0.000 0.000 0.000 0.000 0.000 0.000 0.000 0.000 0.000 0.000 0.001 0.001 0.001 0.002 0.002 0.003 0.003 0.003 0.003 0.003 0.003 0.002 0.002 0.001 0.001 0.000 0.000 0.000 0.000 0.000 0.000 0.000 0.000 0.000 0.000 0.000 0.000 0.000 0.000 0.000 0.000 0.000 0.000 0.000 0.000 0.000 0.000 0.000 0.000 0.000 0.000 0.000 0.000 0.000 0.000 0.000 0.000 0.000 0.000 0.000 0.000 0.000 0.000 0.000 0.000 0.000 0.000 0.000
0.000 0.000 0.000 0.000 0.000 0.000 0.000 0.000 0.000 0.000 0.000 0.000 0.000 0.000 0.000 0.000 0.000 0.000 0.000 0.000 0.001 0.001 0.001 0.002 0.002 0.002 0.002 0.002 0.002 0.002 0.001 0.001 0.001 0.000 0.000 0.000 0.000 0.000 0.000 0.000 0.000 0.000 0.000 0.000 0.000 0.000 0.000 0.000 0.000 0.000 0.000 0.000 0.000 0.000 0.000 0.000 0.000 0.000 0.000 0.000 0.000 0.000 0.000 0.000 0.000 0.000 0.000 0.000 0.000 0.000 0.000 0.000 0.000 0.000 0.000 0.000 0.000
0.000 0.000 0.000 0.000 0.000 0.000 0.000 0.000 0.000 0.000 0.000 0.000 0.000 0.000 0.000 0.000 0.000 0.000 0.000 0.000 0.000 0.000 0.001 0.001 0.001 0.001 0.001 0.001 0.001 0.001 0.001 0.001 0.000 0.000 0.000 0.000 0.000 0.000 0.000 0.000 0.000 0.000 0.000 0.000 0.000 0.000 0.000 0.000 0.000 0.000 0.000 0.000 0.000 0.000 0.000 0.000 0.000 0.000 0.000 0.000 0.000 0.000 0.000 0.000 0.000 0.000 0.000 0.000 0.000 0.000 0.000 0.000 0.000 0.000 0.000 0.000 0.000
0.000 0.000 0.000 0.000 0.000 0.000 0.000 0.000 0.000 0.000 0.000 0.000 0.000 0.000 0.000 0.000 0.000 0.000 0.000 0.000 0.000 0.000 0.000 0.001 0.001 0.001 0.001 0.001 0.001 0.001 0.001 0.000 0.000 0.000 0.000 0.000 0.000 0.000 0.000 0.000 0.000 0.000 0.000 0.000 0.000 0.000 0.000 0.000 0.000 0.000 0.000 0.000 0.000 0.000 0.000 0.000 0.000 0.000 0.000 0.000 0.000 0.000 0.000 0.000 0.000 0.000 0.000 0.000 0.000 0.000 0.000 0.000 0.000 0.000 0.000 0.000 0.000
0.000 0.000 0.000 0.000 0.000 0.000 0.000 0.000 0.000 0.000 0.000 0.000 0.000 0.000 0.000 0.000 0.000 0.000 0.000 0.000 0.000 0.000 0.000 0.000 0.000 0.000 0.000 0.000 0.000 0.000 0.000 0.000 0.000 0.000 0.000 0.000 0.000 0.000 0.000 0.000 0.000 0.000 0.000 0.000 0.000 0.000 0.000 0.000 0.000 0.000 0.000 0.000 0.000 0.000 0.000 0.000 0.000 0.000 0.000 0.000 0.000 0.000 0.000 0.000 0.000 0.000 0.000 0.000 0.000 0.000 0.000 0.000 0.000 0.000 0.000 0.000 0.000
