RESULTS/r.avaflow_results/23_results/23_ascii/23_hflow_max0004.asc
ncols 506
nrows 317
xllcenter 498237.50
yllcenter 5580050.00
cellsize 12.50
NODATA_value -9999.000
[rows 204 to 237 of 317, columns 77 to 153 of 506]
0.001 0.002 0.006 0.012 0.025 0.050 0.095 0.171 0.293 0.477 0.734 1.090 1.619 2.129 2.455 2.623 2.656 2.616 2.410 2.076 1.838 1.661 1.485 1.324 1.246 1.252 1.332 1.519 1.791 1.996 2.128 2.199 2.212 2.167 2.015 1.821 1.691 1.605 1.552 1.509 1.469 1.417 1.314 1.119 0.833 0.584 0.434 0.363 0.338 0.343 0.366 0.417 0.521 0.708 1.012 1.424 1.810 2.098 2.247 2.265 2.178 2.001 1.847 1.843 1.907 2.070 2.352 2.731 2.961 3.059 3.091 3.088 3.059 3.006 2.849 2.562 2.113
0.002 0.005 0.011 0.024 0.047 0.090 0.165 0.285 0.464 0.707 1.010 1.369 1.839 2.319 2.650 2.815 2.839 2.801 2.538 2.186 1.961 1.775 1.570 1.382 1.311 1.334 1.430 1.640 1.942 2.166 2.298 2.362 2.371 2.345 2.183 1.948 1.795 1.697 1.639 1.599 1.559 1.496 1.371 1.155 0.849 0.598 0.451 0.381 0.359 0.364 0.385 0.436 0.543 0.748 1.090 1.545 1.947 2.243 2.392 2.403 2.292 2.082 1.969 1.990 2.075 2.221 2.458 2.830 3.064 3.129 3.127 3.121 3.085 2.960 2.675 2.132 1.577
0.004 0.010 0.021 0.043 0.083 0.154 0.269 0.444 0.691 0.991 1.300 1.628 2.021 2.470 2.827 3.000 3.018 2.954 2.643 2.295 2.086 1.901 1.672 1.476 1.440 1.458 1.550 1.782 2.109 2.318 2.423 2.460 2.465 2.431 2.264 2.030 1.870 1.773 1.711 1.670 1.637 1.582 1.449 1.201 0.863 0.608 0.464 0.398 0.383 0.387 0.404 0.453 0.566 0.799 1.196 1.736 2.179 2.465 2.588 2.588 2.445 2.214 2.111 2.129 2.201 2.334 2.534 2.839 3.057 3.120 3.134 3.110 3.020 2.751 2.216 1.647 1.196
0.008 0.018 0.037 0.074 0.141 0.250 0.416 0.654 0.971 1.295 1.570 1.849 2.185 2.601 2.971 3.155 3.176 3.085 2.734 2.395 2.196 2.019 1.786 1.584 1.562 1.582 1.675 1.922 2.257 2.461 2.549 2.573 2.564 2.510 2.337 2.129 1.963 1.845 1.782 1.744 1.704 1.639 1.497 1.232 0.871 0.611 0.472 0.412 0.401 0.408 0.427 0.476 0.599 0.867 1.325 1.947 2.420 2.690 2.783 2.758 2.618 2.358 2.198 2.207 2.260 2.384 2.578 2.800 2.954 3.061 3.074 3.011 2.777 2.345 1.762 1.274 0.962
0.015 0.031 0.063 0.123 0.224 0.383 0.614 0.928 1.304 1.609 1.839 2.063 2.334 2.697 3.076 3.275 3.300 3.194 2.816 2.497 2.302 2.126 1.910 1.707 1.660 1.676 1.786 2.081 2.407 2.593 2.665 2.668 2.644 2.531 2.339 2.162 2.009 1.900 1.841 1.806 1.772 1.700 1.543 1.259 0.878 0.611 0.476 0.424 0.419 0.424 0.446 0.502 0.641 0.957 1.499 2.192 2.664 2.891 2.946 2.892 2.750 2.461 2.256 2.227 2.264 2.369 2.556 2.710 2.825 2.896 2.887 2.759 2.441 1.911 1.382 1.034 0.796
0.027 0.053 0.103 0.194 0.341 0.556 0.852 1.247 1.650 1.922 2.106 2.270 2.459 2.753 3.152 3.374 3.397 3.274 2.881 2.574 2.403 2.239 2.027 1.833 1.774 1.779 1.908 2.263 2.590 2.734 2.772 2.758 2.702 2.540 2.360 2.195 2.037 1.934 1.880 1.845 1.808 1.740 1.583 1.283 0.880 0.609 0.479 0.438 0.436 0.439 0.462 0.523 0.694 1.068 1.715 2.463 2.900 3.063 3.080 3.000 2.847 2.517 2.290 2.225 2.230 2.303 2.494 2.636 2.710 2.731 2.676 2.480 2.062 1.518 1.129 0.870 0.666
0.047 0.089 0.168 0.304 0.510 0.790 1.155 1.607 1.990 2.218 2.349 2.457 2.579 2.788 3.172 3.419 3.462 3.317 2.929 2.649 2.487 2.351 2.163 1.969 1.895 1.900 2.032 2.411 2.751 2.880 2.902 2.857 2.738 2.545 2.399 2.245 2.069 1.956 1.907 1.882 1.853 1.789 1.636 1.328 0.897 0.616 0.493 0.464 0.460 0.460 0.485 0.557 0.763 1.209 1.983 2.726 3.095 3.197 3.175 3.092 2.884 2.524 2.286 2.199 2.185 2.280 2.469 2.558 2.614 2.603 2.498 2.211 1.713 1.244 0.973 0.762 0.569
0.080 0.148 0.270 0.469 0.751 1.106 1.546 2.006 2.325 2.499 2.580 2.631 2.698 2.847 3.177 3.417 3.479 3.327 2.948 2.702 2.566 2.444 2.295 2.113 2.029 2.026 2.158 2.542 2.887 3.006 3.009 2.965 2.786 2.563 2.410 2.244 2.066 1.954 1.909 1.898 1.899 1.860 1.735 1.411 0.936 0.642 0.526 0.503 0.497 0.495 0.507 0.594 0.853 1.391 2.259 2.939 3.229 3.289 3.241 3.131 2.844 2.442 2.209 2.117 2.107 2.293 2.453 2.495 2.514 2.465 2.298 1.949 1.469 1.093 0.868 0.677 0.491
0.134 0.237 0.418 0.698 1.068 1.514 1.979 2.368 2.622 2.754 2.801 2.809 2.823 2.926 3.208 3.401 3.447 3.301 2.954 2.743 2.636 2.541 2.442 2.300 2.184 2.165 2.295 2.679 2.997 3.113 3.110 3.044 2.840 2.634 2.471 2.268 2.066 1.948 1.908 1.928 1.940 1.913 1.798 1.464 0.967 0.672 0.558 0.521 0.511 0.513 0.528 0.631 0.943 1.583 2.503 3.086 3.299 3.322 3.294 3.131 2.727 2.262 2.057 2.010 2.083 2.327 2.458 2.470 2.457 2.361 2.126 1.734 1.306 1.005 0.787 0.603 0.418
0.215 0.365 0.613 0.980 1.446 1.935 2.360 2.684 2.891 2.990 3.013 3.003 3.000 3.075 3.305 3.420 3.427 3.265 2.974 2.796 2.705 2.654 2.598 2.498 2.383 2.353 2.480 2.865 3.136 3.205 3.181 3.101 2.845 2.633 2.475 2.268 2.062 1.954 1.932 1.952 1.977 1.959 1.854 1.513 1.000 0.701 0.582 0.535 0.517 0.515 0.546 0.679 1.036 1.775 2.710 3.182 3.309 3.324 3.277 3.031 2.509 2.097 1.928 1.901 2.098 2.397 2.477 2.473 2.439 2.291 2.003 1.590 1.219 0.938 0.711 0.518 0.336
0.332 0.537 0.860 1.323 1.832 2.264 2.636 2.951 3.153 3.222 3.214 3.183 3.180 3.234 3.377 3.426 3.417 3.227 2.965 2.825 2.785 2.776 2.760 2.696 2.588 2.563 2.688 3.052 3.276 3.316 3.265 3.136 2.831 2.597 2.431 2.244 2.078 1.991 1.974 2.002 2.034 2.024 1.935 1.594 1.049 0.735 0.606 0.547 0.522 0.515 0.562 0.730 1.132 1.936 2.860 3.262 3.324 3.306 3.186 2.777 2.241 1.939 1.829 1.854 2.158 2.468 2.510 2.483 2.408 2.231 1.915 1.490 1.144 0.875 0.646 0.439 0.257
0.492 0.757 1.149 1.651 2.109 2.469 2.804 3.134 3.376 3.455 3.435 3.375 3.366 3.405 3.473 3.475 3.421 3.228 2.973 2.859 2.859 2.897 2.916 2.884 2.794 2.769 2.896 3.245 3.445 3.463 3.379 3.185 2.839 2.618 2.446 2.249 2.096 2.019 2.014 2.054 2.090 2.077 2.007 1.687 1.133 0.789 0.630 0.553 0.520 0.511 0.568 0.769 1.216 2.083 2.905 3.235 3.310 3.292 3.065 2.539 2.054 1.832 1.772 1.847 2.192 2.469 2.516 2.504 2.402 2.187 1.837 1.427 1.085 0.803 0.564 0.354 0.187
0.702 1.008 1.415 1.885 2.272 2.587 2.893 3.213 3.497 3.647 3.663 3.610 3.559 3.567 3.616 3.607 3.506 3.321 3.058 2.915 2.925 3.007 3.066 3.062 3.017 3.011 3.134 3.434 3.576 3.581 3.498 3.241 2.867 2.650 2.486 2.300 2.150 2.072 2.057 2.095 2.133 2.120 2.050 1.755 1.224 0.855 0.659 0.550 0.502 0.489 0.575 0.799 1.289 2.202 2.904 3.130 3.230 3.169 2.832 2.301 1.956 1.778 1.728 1.857 2.210 2.443 2.495 2.495 2.402 2.168 1.786 1.373 1.035 0.745 0.484 0.272 0.135
0.877 1.199 1.615 2.041 2.385 2.678 2.954 3.232 3.507 3.723 3.827 3.837 3.786 3.748 3.759 3.745 3.649 3.468 3.175 2.994 3.016 3.134 3.232 3.250 3.223 3.203 3.316 3.608 3.721 3.691 3.592 3.285 2.883 2.656 2.491 2.315 2.189 2.127 2.114 2.151 2.194 2.186 2.109 1.838 1.330 0.926 0.692 0.556 0.494 0.499 0.592 0.837 1.356 2.279 2.869 3.011 3.060 2.941 2.567 2.165 1.914 1.757 1.737 1.944 2.264 2.422 2.455 2.452 2.363 2.128 1.729 1.289 0.953 0.665 0.402 0.205 0.096
0.982 1.318 1.751 2.150 2.462 2.728 2.971 3.211 3.470 3.707 3.869 3.959 3.976 3.958 3.951 3.907 3.787 3.610 3.313 3.114 3.125 3.259 3.404 3.430 3.382 3.348 3.466 3.751 3.848 3.793 3.664 3.298 2.881 2.628 2.461 2.322 2.234 2.198 2.190 2.241 2.296 2.283 2.191 1.945 1.463 1.014 0.742 0.585 0.511 0.529 0.637 0.896 1.423 2.328 2.841 2.944 2.955 2.790 2.415 2.105 1.906 1.793 1.822 2.060 2.357 2.452 2.460 2.443 2.325 2.040 1.621 1.187 0.843 0.550 0.308 0.151 0.067
1.035 1.392 1.839 2.220 2.502 2.739 2.962 3.176 3.401 3.647 3.852 3.999 4.093 4.124 4.118 4.077 3.968 3.792 3.517 3.268 3.271 3.406 3.579 3.613 3.557 3.531 3.680 3.936 4.003 3.914 3.734 3.295 2.856 2.584 2.419 2.312 2.289 2.295 2.299 2.352 2.417 2.411 2.312 2.091 1.623 1.124 0.808 0.628 0.548 0.577 0.703 0.984 1.541 2.384 2.813 2.905 2.901 2.672 2.307 2.064 1.904 1.854 1.900 2.167 2.426 2.481 2.468 2.424 2.253 1.904 1.475 1.063 0.719 0.431 0.229 0.108 0.047
1.054 1.429 1.891 2.259 2.525 2.731 2.912 3.083 3.262 3.499 3.761 3.968 4.129 4.232 4.252 4.224 4.164 4.030 3.756 3.532 3.515 3.622 3.802 3.862 3.836 3.840 4.040 4.246 4.264 4.104 3.840 3.297 2.774 2.477 2.348 2.287 2.344 2.407 2.438 2.523 2.583 2.570 2.452 2.228 1.751 1.215 0.868 0.670 0.595 0.638 0.789 1.100 1.711 2.482 2.813 2.863 2.824 2.558 2.240 2.056 1.944 1.930 2.002 2.270 2.479 2.521 2.487 2.394 2.160 1.789 1.355 0.932 0.589 0.336 0.170 0.078 0.033
1.060 1.446 1.918 2.286 2.535 2.697 2.823 2.950 3.096 3.274 3.563 3.871 4.125 4.310 4.406 4.422 4.395 4.321 4.119 3.878 3.819 3.888 4.061 4.158 4.174 4.216 4.437 4.597 4.581 4.362 3.994 3.302 2.690 2.371 2.260 2.242 2.400 2.540 2.613 2.708 2.757 2.733 2.614 2.361 1.854 1.290 0.917 0.706 0.647 0.713 0.895 1.241 1.887 2.574 2.836 2.851 2.763 2.474 2.217 2.070 2.026 2.023 2.107 2.386 2.548 2.565 2.526 2.391 2.080 1.665 1.225 0.811 0.480 0.257 0.125 0.056 0.022
1.058 1.452 1.929 2.288 2.508 2.618 2.712 2.804 2.915 3.082 3.416 3.808 4.111 4.322 4.478 4.577 4.614 4.597 4.478 4.247 4.129 4.161 4.302 4.444 4.537 4.664 4.887 4.989 4.908 4.622 4.091 3.279 2.653 2.325 2.218 2.256 2.464 2.661 2.776 2.852 2.883 2.848 2.739 2.454 1.919 1.341 0.949 0.726 0.700 0.794 1.018 1.411 2.090 2.674 2.875 2.866 2.748 2.456 2.231 2.129 2.103 2.105 2.205 2.487 2.611 2.599 2.549 2.354 1.969 1.515 1.056 0.669 0.378 0.190 0.091 0.039 0.014
1.057 1.453 1.925 2.259 2.441 2.530 2.600 2.664 2.774 2.989 3.302 3.697 4.026 4.275 4.471 4.656 4.804 4.858 4.826 4.672 4.513 4.482 4.553 4.746 4.999 5.217 5.387 5.408 5.213 4.869 4.149 3.272 2.650 2.318 2.223 2.295 2.540 2.779 2.922 2.987 2.993 2.927 2.811 2.489 1.941 1.367 0.967 0.737 0.749 0.879 1.151 1.608 2.317 2.807 2.955 2.910 2.759 2.492 2.316 2.244 2.206 2.199 2.297 2.560 2.647 2.627 2.542 2.278 1.841 1.342 0.879 0.531 0.284 0.140 0.065 0.026 0.009
1.037 1.430 1.887 2.212 2.380 2.457 2.512 2.573 2.690 2.908 3.202 3.542 3.940 4.248 4.490 4.715 4.928 5.080 5.121 5.063 4.929 4.848 4.875 5.097 5.475 5.712 5.803 5.760 5.511 5.038 4.162 3.292 2.689 2.357 2.294 2.378 2.653 2.915 3.075 3.118 3.101 3.019 2.851 2.495 1.950 1.378 0.972 0.742 0.787 0.962 1.294 1.824 2.513 2.925 3.039 2.984 2.815 2.591 2.489 2.416 2.363 2.345 2.440 2.659 2.714 2.660 2.510 2.155 1.666 1.138 0.712 0.403 0.205 0.101 0.044 0.016 0.005
0.993 1.357 1.798 2.108 2.264 2.359 2.403 2.457 2.555 2.736 3.010 3.370 3.803 4.240 4.560 4.783 4.986 5.198 5.354 5.382 5.299 5.221 5.252 5.491 5.889 6.104 6.139 6.002 5.730 5.092 4.129 3.318 2.752 2.437 2.375 2.502 2.833 3.082 3.222 3.243 3.186 3.090 2.870 2.483 1.927 1.345 0.939 0.744 0.806 1.028 1.443 2.057 2.680 3.030 3.119 3.059 2.905 2.807 2.755 2.701 2.616 2.578 2.675 2.824 2.809 2.717 2.473 2.021 1.453 0.930 0.549 0.293 0.145 0.069 0.028 0.010 0.003
0.940 1.281 1.683 1.973 2.132 2.223 2.267 2.320 2.399 2.580 2.874 3.237 3.655 4.187 4.592 4.826 5.007 5.221 5.468 5.610 5.625 5.580 5.616 5.883 6.279 6.465 6.467 6.246 5.879 5.074 4.067 3.331 2.808 2.510 2.456 2.618 2.996 3.254 3.359 3.363 3.280 3.146 2.879 2.438 1.820 1.219 0.833 0.734 0.831 1.102 1.604 2.287 2.829 3.120 3.194 3.138 3.066 3.049 3.060 3.045 2.950 2.863 2.915 2.966 2.893 2.749 2.406 1.885 1.262 0.753 0.412 0.200 0.098 0.044 0.017 0.005 0.002
0.880 1.202 1.603 1.880 2.030 2.119 2.169 2.217 2.299 2.500 2.807 3.161 3.569 4.080 4.534 4.788 4.980 5.205 5.463 5.698 5.872 5.941 6.039 6.406 6.838 6.966 6.909 6.568 6.073 5.141 4.093 3.352 2.849 2.563 2.525 2.717 3.106 3.368 3.467 3.477 3.393 3.225 2.903 2.425 1.766 1.158 0.794 0.767 0.884 1.199 1.794 2.498 2.961 3.197 3.259 3.244 3.246 3.323 3.411 3.419 3.325 3.188 3.136 3.042 2.952 2.705 2.274 1.675 1.055 0.584 0.290 0.134 0.063 0.026 0.009 0.003 0.001
0.829 1.120 1.535 1.829 1.981 2.045 2.095 2.137 2.240 2.453 2.759 3.112 3.490 3.935 4.326 4.606 4.836 5.073 5.349 5.672 6.000 6.273 6.605 7.178 7.580 7.666 7.560 7.084 6.447 5.325 4.208 3.413 2.882 2.603 2.589 2.799 3.175 3.437 3.547 3.563 3.499 3.340 2.991 2.454 1.728 1.116 0.828 0.848 0.980 1.333 2.008 2.694 3.084 3.272 3.334 3.362 3.445 3.676 3.838 3.853 3.759 3.564 3.340 3.160 2.938 2.577 2.043 1.400 0.820 0.423 0.189 0.087 0.037 0.014 0.005 0.001 0.000
0.790 1.061 1.473 1.799 1.954 2.020 2.061 2.117 2.224 2.413 2.703 3.073 3.424 3.788 4.131 4.391 4.625 4.886 5.213 5.600 6.041 6.517 7.106 7.802 8.154 8.206 8.041 7.619 6.809 5.535 4.384 3.525 2.945 2.654 2.650 2.874 3.258 3.540 3.666 3.689 3.623 3.462 3.124 2.539 1.714 1.089 0.912 0.946 1.095 1.471 2.202 2.886 3.221 3.358 3.417 3.489 3.715 4.126 4.338 4.361 4.239 3.926 3.595 3.236 2.845 2.355 1.758 1.110 0.603 0.282 0.123 0.053 0.021 0.007 0.002 0.001 0.000
0.761 0.992 1.385 1.733 1.917 2.005 2.066 2.132 2.234 2.390 2.637 3.020 3.386 3.705 3.989 4.224 4.438 4.704 5.081 5.509 6.038 6.715 7.521 8.274 8.638 8.676 8.416 7.966 7.038 5.741 4.595 3.693 3.061 2.736 2.717 2.946 3.402 3.755 3.895 3.922 3.843 3.623 3.283 2.654 1.722 1.088 1.007 1.050 1.204 1.587 2.347 3.071 3.395 3.488 3.525 3.631 4.019 4.622 4.885 4.904 4.714 4.313 3.820 3.237 2.677 2.081 1.439 0.834 0.408 0.172 0.076 0.031 0.011 0.004 0.001 0.000 0.000
0.734 0.940 1.291 1.674 1.881 1.983 2.060 2.145 2.247 2.381 2.603 2.976 3.319 3.598 3.834 4.055 4.291 4.576 4.946 5.412 6.070 6.928 7.914 8.703 9.101 9.116 8.811 8.265 7.233 5.938 4.831 3.931 3.258 2.858 2.814 3.027 3.544 3.999 4.167 4.186 4.091 3.859 3.474 2.722 1.699 1.118 1.098 1.146 1.296 1.666 2.406 3.189 3.567 3.672 3.716 3.884 4.402 5.109 5.413 5.403 5.109 4.682 3.993 3.180 2.445 1.758 1.107 0.576 0.248 0.103 0.043 0.016 0.005 0.002 0.000 0.000 0.000
0.708 0.894 1.193 1.604 1.843 1.961 2.053 2.142 2.230 2.356 2.591 2.972 3.275 3.509 3.732 3.964 4.210 4.481 4.860 5.436 6.233 7.287 8.357 9.121 9.435 9.399 9.144 8.518 7.400 6.116 5.047 4.173 3.502 3.066 3.014 3.187 3.714 4.220 4.425 4.445 4.322 4.077 3.607 2.712 1.653 1.187 1.175 1.218 1.359 1.706 2.404 3.223 3.694 3.893 4.039 4.339 4.978 5.623 5.873 5.820 5.497 4.947 4.099 3.133 2.257 1.468 0.808 0.360 0.137 0.058 0.023 0.008 0.003 0.001 0.000 0.000 0.000
0.683 0.850 1.098 1.490 1.799 1.955 2.043 2.120 2.215 2.357 2.606 2.995 3.276 3.469 3.653 3.855 4.093 4.384 4.789 5.448 6.408 7.633 8.771 9.454 9.654 9.576 9.338 8.692 7.604 6.339 5.268 4.391 3.716 3.305 3.274 3.456 3.982 4.479 4.671 4.689 4.532 4.268 3.672 2.586 1.556 1.260 1.253 1.288 1.411 1.728 2.368 3.251 3.849 4.171 4.468 4.950 5.672 6.154 6.291 6.138 5.801 5.094 4.120 3.059 2.060 1.188 0.544 0.198 0.077 0.030 0.011 0.003 0.001 0.000 0.000 0.000 0.000
0.657 0.811 1.027 1.345 1.697 1.897 2.010 2.111 2.218 2.366 2.628 3.008 3.290 3.460 3.609 3.782 4.017 4.321 4.734 5.361 6.393 7.727 8.956 9.688 9.907 9.824 9.523 8.875 7.889 6.708 5.610 4.665 3.943 3.586 3.574 3.787 4.328 4.766 4.899 4.877 4.729 4.395 3.633 2.344 1.472 1.346 1.343 1.377 1.496 1.786 2.382 3.345 4.158 4.634 5.073 5.716 6.403 6.693 6.679 6.421 5.963 5.119 4.037 2.836 1.735 0.851 0.315 0.104 0.040 0.014 0.005 0.001 0.000 0.000 0.000 0.000 0.000
0.639 0.779 0.962 1.218 1.560 1.800 1.957 2.082 2.205 2.357 2.601 2.964 3.252 3.427 3.563 3.726 3.973 4.317 4.727 5.282 6.203 7.579 8.964 9.853 10.193 10.170 9.847 9.235 8.245 7.070 5.925 4.932 4.200 3.945 3.969 4.236 4.743 5.065 5.141 5.082 4.887 4.458 3.444 2.081 1.515 1.445 1.448 1.494 1.623 1.914 2.505 3.534 4.689 5.437 6.033 6.689 7.153 7.247 7.005 6.647 5.939 4.942 3.707 2.368 1.255 0.501 0.153 0.055 0.020 0.007 0.002 0.001 0.000 0.000 0.000 0.000 0.000
0.614 0.743 0.910 1.133 1.431 1.693 1.890 2.042 2.180 2.333 2.568 2.937 3.228 3.389 3.529 3.713 3.961 4.306 4.688 5.170 5.946 7.261 8.797 9.893 10.435 10.493 10.222 9.651 8.682 7.478 6.265 5.221 4.529 4.402 4.463 4.773 5.215 5.437 5.463 5.361 5.081 4.471 3.160 1.901 1.578 1.556 1.565 1.623 1.774 2.092 2.725 3.836 5.349 6.498 7.276 7.787 7.975 7.838 7.397 6.738 5.684 4.389 2.979 1.722 0.764 0.255 0.075 0.027 0.009 0.003 0.001 0.000 0.000 0.000 0.000 0.000 0.000
0.591 0.715 0.872 1.068 1.330 1.581 1.784 1.958 2.126 2.305 2.563 2.936 3.231 3.396 3.518 3.692 3.955 4.273 4.617 5.029 5.711 6.892 8.511 9.847 10.587 10.767 10.575 10.105 9.259 8.122 6.915 5.776 5.103 4.961 5.044 5.408 5.803 5.953 5.953 5.779 5.369 4.519 2.969 1.929 1.711 1.682 1.691 1.756 1.942 2.341 3.113 4.402 6.209 7.648 8.485 8.799 8.775 8.358 7.777 6.727 5.349 3.740 2.235 1.085 0.398 0.114 0.037 0.012 0.004 0.001 0.000 0.000 0.000 0.000 0.000 0.000 0.000
