RESULTS/r.avaflow_results/23_results/23_ascii/23_hflow30036.asc
ncols 506
nrows 317
xllcenter 498237.50
yllcenter 5580050.00
cellsize 12.50
NODATA_value -9999.000
[rows 170 to 203 of 317, columns 154 to 230 of 506]
9.427 9.513 9.548 9.527 9.452 9.324 9.189 9.074 8.967 8.861 8.755 8.650 8.528 8.342 8.028 7.541 6.899 6.163 5.401 4.650 3.909 3.164 2.481 1.922 1.502 1.216 1.048 0.967 0.943 0.947 0.967 1.007 1.047 1.074 1.094 1.115 1.153 1.218 1.256 1.264 1.251 1.224 1.200 1.177 1.142 1.086 0.997 0.877 0.736 0.589 0.447 0.331 0.253 0.204 0.171 0.150 0.136 0.130 0.128 0.128 0.127 0.125 0.122 0.121 0.120 0.122 0.127 0.145 0.192 0.306 0.550 0.876 1.044 1.078 1.035 0.863 0.572
11.299 11.713 12.002 12.172 12.241 12.249 12.218 12.150 12.054 11.934 11.801 11.665 11.524 11.337 11.023 10.492 9.718 8.758 7.697 6.596 5.496 4.449 3.501 2.707 2.100 1.664 1.371 1.195 1.115 1.103 1.127 1.176 1.215 1.228 1.227 1.223 1.230 1.255 1.267 1.260 1.229 1.179 1.125 1.073 1.009 0.913 0.766 0.582 0.407 0.282 0.203 0.154 0.123 0.105 0.096 0.091 0.089 0.091 0.093 0.094 0.093 0.091 0.087 0.085 0.084 0.084 0.089 0.103 0.140 0.225 0.401 0.697 0.923 1.006 1.008 0.937 0.738
13.296 14.088 14.606 14.902 15.031 15.064 15.047 14.996 14.916 14.816 14.699 14.572 14.440 14.272 13.990 13.482 12.695 11.646 10.409 9.064 7.666 6.279 4.986 3.863 2.966 2.285 1.785 1.451 1.265 1.191 1.182 1.209 1.239 1.244 1.233 1.213 1.205 1.205 1.195 1.162 1.088 0.983 0.878 0.775 0.664 0.529 0.381 0.255 0.172 0.123 0.094 0.076 0.065 0.060 0.058 0.059 0.062 0.067 0.070 0.071 0.071 0.069 0.065 0.063 0.062 0.063 0.066 0.077 0.104 0.165 0.289 0.523 0.801 0.950 0.991 0.974 0.870
14.661 15.759 16.480 16.908 17.142 17.268 17.332 17.353 17.329 17.280 17.207 17.115 17.017 16.888 16.657 16.194 15.435 14.403 13.181 11.819 10.322 8.707 7.061 5.540 4.254 3.214 2.406 1.825 1.461 1.270 1.195 1.179 1.182 1.175 1.151 1.110 1.073 1.039 0.994 0.909 0.761 0.597 0.466 0.369 0.290 0.215 0.151 0.105 0.076 0.059 0.048 0.042 0.039 0.038 0.039 0.041 0.045 0.050 0.054 0.055 0.055 0.053 0.051 0.049 0.049 0.050 0.052 0.060 0.079 0.120 0.206 0.375 0.660 0.889 0.975 0.984 0.940
15.295 16.572 17.479 18.093 18.515 18.819 19.056 19.220 19.303 19.322 19.296 19.245 19.187 19.106 18.940 18.555 17.878 16.911 15.715 14.365 12.877 11.231 9.403 7.479 5.735 4.283 3.137 2.291 1.714 1.360 1.171 1.082 1.033 0.992 0.940 0.865 0.790 0.715 0.632 0.516 0.377 0.269 0.199 0.153 0.118 0.089 0.066 0.049 0.039 0.033 0.029 0.027 0.027 0.027 0.027 0.030 0.033 0.038 0.042 0.043 0.043 0.042 0.041 0.040 0.041 0.042 0.044 0.050 0.063 0.090 0.147 0.266 0.505 0.799 0.944 0.976 0.961
15.377 16.705 17.725 18.513 19.149 19.668 20.097 20.422 20.627 20.707 20.706 20.664 20.637 20.611 20.528 20.268 19.752 18.945 17.843 16.483 14.916 13.153 11.156 8.902 6.767 4.995 3.610 2.591 1.879 1.408 1.115 0.932 0.803 0.692 0.585 0.489 0.420 0.364 0.308 0.239 0.169 0.120 0.089 0.069 0.054 0.043 0.034 0.028 0.024 0.022 0.020 0.020 0.020 0.020 0.021 0.023 0.026 0.030 0.032 0.034 0.034 0.034 0.034 0.034 0.035 0.036 0.039 0.043 0.052 0.071 0.110 0.194 0.370 0.666 0.877 0.947 0.951
15.111 16.491 17.611 18.501 19.255 19.911 20.456 20.871 21.153 21.281 21.287 21.228 21.215 21.261 21.264 21.131 20.783 20.154 19.184 17.850 16.202 14.301 12.132 9.656 7.265 5.305 3.796 2.701 1.931 1.397 1.026 0.758 0.556 0.401 0.292 0.228 0.193 0.168 0.142 0.110 0.079 0.059 0.045 0.036 0.029 0.024 0.021 0.018 0.017 0.016 0.016 0.015 0.015 0.016 0.016 0.018 0.020 0.023 0.025 0.027 0.028 0.029 0.029 0.030 0.031 0.033 0.035 0.039 0.046 0.060 0.089 0.148 0.273 0.514 0.767 0.887 0.921
14.451 15.916 17.180 18.239 19.122 19.836 20.383 20.792 21.090 21.241 21.251 21.176 21.165 21.271 21.327 21.258 20.991 20.458 19.588 18.312 16.639 14.651 12.384 9.810 7.337 5.322 3.786 2.676 1.884 1.303 0.872 0.558 0.345 0.213 0.141 0.106 0.089 0.078 0.067 0.053 0.041 0.033 0.027 0.022 0.019 0.016 0.015 0.013 0.013 0.012 0.012 0.012 0.012 0.012 0.013 0.014 0.015 0.017 0.019 0.021 0.022 0.024 0.025 0.027 0.028 0.030 0.032 0.036 0.042 0.053 0.074 0.118 0.205 0.373 0.615 0.790 0.869
13.427 15.013 16.426 17.645 18.641 19.391 19.906 20.262 20.517 20.652 20.662 20.596 20.585 20.700 20.766 20.709 20.479 20.021 19.243 18.037 16.393 14.387 12.072 9.462 7.025 5.045 3.531 2.427 1.628 1.042 0.618 0.339 0.185 0.106 0.069 0.053 0.045 0.039 0.034 0.029 0.024 0.021 0.018 0.016 0.014 0.012 0.011 0.010 0.010 0.010 0.009 0.009 0.009 0.010 0.010 0.011 0.011 0.013 0.014 0.016 0.018 0.019 0.021 0.023 0.025 0.027 0.029 0.033 0.038 0.047 0.064 0.096 0.158 0.272 0.459 0.662 0.789
12.100 13.798 15.326 16.635 17.668 18.412 18.897 19.182 19.333 19.395 19.410 19.414 19.411 19.436 19.412 19.301 19.067 18.656 17.962 16.840 15.243 13.229 10.886 8.380 6.138 4.310 2.886 1.825 1.083 0.598 0.312 0.162 0.089 0.053 0.037 0.029 0.026 0.023 0.021 0.018 0.016 0.014 0.013 0.012 0.010 0.009 0.009 0.008 0.008 0.007 0.007 0.007 0.007 0.007 0.007 0.008 0.008 0.009 0.010 0.012 0.013 0.015 0.017 0.019 0.021 0.024 0.027 0.030 0.035 0.043 0.056 0.081 0.126 0.206 0.337 0.519 0.676
10.466 12.196 13.787 15.126 16.174 16.936 17.428 17.658 17.696 17.673 17.722 17.868 17.900 17.806 17.617 17.394 17.124 16.700 15.977 14.812 13.159 11.075 8.746 6.534 4.641 3.072 1.835 0.978 0.485 0.241 0.125 0.070 0.043 0.029 0.022 0.019 0.017 0.015 0.014 0.013 0.012 0.011 0.010 0.009 0.008 0.007 0.007 0.006 0.006 0.005 0.005 0.005 0.005 0.005 0.005 0.005 0.006 0.006 0.007 0.008 0.010 0.012 0.014 0.016 0.018 0.021 0.023 0.027 0.031 0.038 0.050 0.070 0.105 0.163 0.257 0.395 0.550
8.545 10.151 11.786 13.185 14.315 15.172 15.729 15.968 15.986 15.970 16.070 16.275 16.313 16.164 15.893 15.599 15.237 14.653 13.690 12.238 10.292 7.959 5.742 3.994 2.646 1.597 0.840 0.385 0.173 0.088 0.051 0.034 0.024 0.018 0.015 0.013 0.012 0.011 0.011 0.010 0.009 0.008 0.008 0.007 0.006 0.006 0.005 0.005 0.004 0.004 0.004 0.004 0.003 0.003 0.003 0.003 0.004 0.004 0.005 0.006 0.007 0.009 0.010 0.012 0.015 0.017 0.020 0.024 0.029 0.035 0.046 0.063 0.092 0.137 0.208 0.310 0.441
6.729 7.987 9.469 10.963 12.227 13.214 13.875 14.194 14.268 14.291 14.398 14.523 14.512 14.350 14.074 13.731 13.248 12.406 11.025 9.036 6.631 4.385 2.786 1.757 1.074 0.594 0.282 0.123 0.061 0.037 0.026 0.019 0.015 0.013 0.011 0.010 0.009 0.009 0.008 0.007 0.007 0.006 0.006 0.005 0.005 0.004 0.004 0.004 0.003 0.003 0.003 0.002 0.002 0.002 0.002 0.002 0.002 0.002 0.003 0.004 0.005 0.006 0.008 0.010 0.012 0.015 0.018 0.022 0.026 0.033 0.044 0.060 0.085 0.123 0.177 0.254 0.355
5.210 6.151 7.258 8.563 9.875 10.944 11.703 12.130 12.291 12.323 12.328 12.271 12.143 11.946 11.663 11.230 10.519 9.286 7.347 5.061 3.090 1.745 0.947 0.527 0.296 0.158 0.080 0.043 0.027 0.020 0.016 0.013 0.011 0.009 0.008 0.008 0.007 0.007 0.006 0.006 0.005 0.005 0.004 0.004 0.004 0.003 0.003 0.003 0.002 0.002 0.002 0.002 0.001 0.001 0.001 0.001 0.001 0.001 0.002 0.002 0.003 0.004 0.006 0.007 0.010 0.012 0.015 0.019 0.025 0.032 0.042 0.058 0.081 0.114 0.158 0.216 0.290
3.934 4.584 5.321 6.168 7.165 8.124 8.879 9.366 9.582 9.607 9.519 9.292 8.968 8.596 8.135 7.483 6.494 5.044 3.328 1.882 0.952 0.453 0.226 0.128 0.077 0.047 0.030 0.021 0.016 0.013 0.011 0.009 0.008 0.007 0.006 0.006 0.005 0.005 0.005 0.004 0.004 0.004 0.003 0.003 0.003 0.003 0.002 0.002 0.002 0.002 0.002 0.001 0.001 0.001 0.000 0.000 0.000 0.000 0.001 0.001 0.002 0.003 0.004 0.006 0.008 0.010 0.013 0.018 0.023 0.031 0.041 0.057 0.079 0.108 0.146 0.192 0.249
2.841 3.230 3.646 4.093 4.588 5.101 5.543 5.874 6.056 6.093 6.006 5.749 5.330 4.785 4.196 3.571 2.807 1.837 0.966 0.439 0.195 0.100 0.061 0.041 0.029 0.021 0.016 0.013 0.011 0.009 0.008 0.007 0.006 0.005 0.005 0.004 0.004 0.004 0.003 0.003 0.003 0.003 0.002 0.002 0.002 0.002 0.002 0.002 0.002 0.002 0.001 0.001 0.001 0.000 0.000 0.000 0.000 0.000 0.000 0.000 0.001 0.002 0.003 0.004 0.006 0.008 0.012 0.016 0.021 0.029 0.040 0.055 0.076 0.103 0.137 0.178 0.229
1.901 2.077 2.262 2.448 2.627 2.801 2.950 3.056 3.109 3.108 3.044 2.860 2.515 2.016 1.556 1.175 0.798 0.423 0.190 0.088 0.050 0.033 0.025 0.020 0.016 0.013 0.011 0.009 0.007 0.006 0.005 0.005 0.004 0.004 0.003 0.003 0.003 0.002 0.002 0.002 0.002 0.002 0.002 0.002 0.002 0.002 0.002 0.002 0.002 0.001 0.001 0.001 0.001 0.000 0.000 0.000 0.000 0.000 0.000 0.000 0.000 0.001 0.002 0.003 0.005 0.007 0.010 0.014 0.020 0.027 0.038 0.053 0.072 0.097 0.130 0.172 0.224
1.141 1.188 1.251 1.307 1.334 1.330 1.305 1.270 1.237 1.198 1.135 1.022 0.829 0.573 0.389 0.269 0.165 0.088 0.046 0.029 0.022 0.017 0.014 0.012 0.010 0.009 0.007 0.006 0.005 0.004 0.004 0.003 0.003 0.003 0.002 0.002 0.002 0.002 0.002 0.002 0.001 0.001 0.001 0.001 0.001 0.001 0.002 0.002 0.001 0.001 0.001 0.001 0.000 0.000 0.000 0.000 0.000 0.000 0.000 0.000 0.000 0.000 0.001 0.002 0.003 0.005 0.008 0.012 0.018 0.025 0.035 0.049 0.067 0.092 0.126 0.171 0.227
0.605 0.605 0.614 0.617 0.599 0.548 0.476 0.412 0.366 0.329 0.294 0.253 0.195 0.129 0.090 0.064 0.043 0.028 0.020 0.016 0.013 0.011 0.009 0.008 0.007 0.006 0.005 0.004 0.003 0.003 0.002 0.002 0.002 0.002 0.002 0.001 0.001 0.001 0.001 0.001 0.001 0.001 0.001 0.001 0.001 0.001 0.002 0.002 0.002 0.001 0.001 0.001 0.000 0.000 0.000 0.000 0.000 0.000 0.000 0.000 0.000 0.000 0.000 0.001 0.002 0.004 0.007 0.010 0.015 0.022 0.032 0.044 0.062 0.087 0.122 0.173 0.240
0.274 0.265 0.260 0.254 0.238 0.203 0.156 0.121 0.099 0.084 0.073 0.062 0.049 0.036 0.028 0.022 0.018 0.014 0.012 0.010 0.009 0.007 0.006 0.005 0.004 0.004 0.003 0.003 0.002 0.002 0.002 0.001 0.001 0.001 0.001 0.001 0.001 0.001 0.001 0.001 0.001 0.001 0.001 0.001 0.001 0.002 0.002 0.002 0.002 0.002 0.001 0.001 0.000 0.000 0.000 0.000 0.000 0.000 0.000 0.000 0.000 0.000 0.000 0.001 0.001 0.003 0.005 0.008 0.012 0.019 0.027 0.038 0.054 0.079 0.116 0.171 0.246
0.101 0.097 0.094 0.090 0.082 0.067 0.048 0.035 0.028 0.025 0.022 0.020 0.018 0.015 0.013 0.012 0.010 0.009 0.008 0.007 0.006 0.005 0.004 0.003 0.003 0.002 0.002 0.002 0.001 0.001 0.001 0.001 0.001 0.001 0.001 0.001 0.001 0.001 0.001 0.001 0.001 0.001 0.002 0.002 0.002 0.002 0.002 0.002 0.002 0.002 0.001 0.001 0.000 0.000 0.000 0.000 0.000 0.000 0.000 0.000 0.000 0.000 0.000 0.000 0.001 0.002 0.003 0.006 0.009 0.014 0.020 0.029 0.043 0.064 0.099 0.154 0.233
0.032 0.031 0.029 0.028 0.025 0.020 0.015 0.012 0.010 0.009 0.009 0.009 0.009 0.008 0.007 0.007 0.006 0.006 0.005 0.004 0.004 0.003 0.003 0.002 0.002 0.002 0.001 0.001 0.001 0.001 0.001 0.001 0.001 0.001 0.001 0.001 0.001 0.001 0.001 0.002 0.002 0.002 0.003 0.003 0.003 0.003 0.003 0.003 0.002 0.001 0.001 0.001 0.000 0.000 0.000 0.000 0.000 0.000 0.000 0.000 0.000 0.000 0.000 0.000 0.000 0.001 0.002 0.004 0.006 0.010 0.014 0.021 0.030 0.044 0.070 0.115 0.187
0.009 0.009 0.009 0.009 0.008 0.007 0.005 0.005 0.004 0.004 0.004 0.005 0.005 0.005 0.004 0.004 0.004 0.004 0.003 0.003 0.002 0.002 0.002 0.001 0.001 0.001 0.001 0.001 0.001 0.001 0.001 0.001 0.001 0.001 0.001 0.002 0.002 0.002 0.003 0.003 0.003 0.003 0.003 0.003 0.003 0.003 0.003 0.002 0.002 0.001 0.001 0.000 0.000 0.000 0.000 0.000 0.000 0.000 0.000 0.000 0.000 0.000 0.000 0.000 0.000 0.000 0.001 0.002 0.004 0.007 0.010 0.014 0.020 0.028 0.042 0.068 0.112
0.003 0.003 0.003 0.003 0.003 0.003 0.002 0.002 0.002 0.002 0.003 0.003 0.003 0.003 0.003 0.003 0.002 0.002 0.002 0.002 0.001 0.001 0.001 0.001 0.001 0.001 0.001 0.001 0.001 0.001 0.002 0.002 0.002 0.002 0.003 0.003 0.003 0.004 0.004 0.004 0.004 0.004 0.004 0.003 0.003 0.003 0.003 0.002 0.002 0.001 0.001 0.000 0.000 0.000 0.000 0.000 0.000 0.000 0.000 0.000 0.000 0.000 0.000 0.000 0.000 0.000 0.001 0.001 0.003 0.004 0.007 0.010 0.013 0.018 0.026 0.038 0.059
0.001 0.001 0.001 0.001 0.001 0.001 0.001 0.001 0.001 0.001 0.002 0.002 0.002 0.002 0.002 0.002 0.002 0.001 0.001 0.001 0.001 0.001 0.001 0.001 0.001 0.001 0.002 0.002 0.002 0.003 0.003 0.004 0.004 0.004 0.005 0.005 0.005 0.005 0.005 0.005 0.004 0.004 0.004 0.003 0.003 0.003 0.002 0.002 0.001 0.001 0.001 0.000 0.000 0.000 0.000 0.000 0.000 0.000 0.000 0.000 0.000 0.000 0.000 0.000 0.000 0.000 0.000 0.001 0.001 0.003 0.004 0.006 0.009 0.013 0.017 0.023 0.033
0.001 0.001 0.001 0.001 0.001 0.001 0.001 0.001 0.001 0.001 0.001 0.001 0.001 0.001 0.001 0.001 0.001 0.001 0.001 0.001 0.001 0.001 0.001 0.001 0.002 0.003 0.003 0.004 0.005 0.005 0.005 0.005 0.006 0.006 0.006 0.006 0.006 0.005 0.005 0.005 0.004 0.004 0.003 0.003 0.003 0.002 0.002 0.001 0.001 0.001 0.000 0.000 0.000 0.000 0.000 0.000 0.000 0.000 0.000 0.000 0.000 0.000 0.000 0.000 0.000 0.000 0.000 0.000 0.001 0.002 0.003 0.004 0.006 0.009 0.012 0.016 0.021
0.001 0.001 0.001 0.001 0.001 0.001 0.001 0.001 0.001 0.001 0.001 0.001 0.001 0.001 0.001 0.001 0.001 0.001 0.001 0.001 0.001 0.001 0.002 0.003 0.004 0.005 0.006 0.006 0.006 0.007 0.006 0.006 0.006 0.006 0.006 0.006 0.006 0.005 0.005 0.004 0.004 0.003 0.003 0.002 0.002 0.002 0.001 0.001 0.001 0.000 0.000 0.000 0.000 0.000 0.000 0.000 0.000 0.000 0.000 0.000 0.000 0.000 0.000 0.000 0.000 0.000 0.000 0.000 0.000 0.001 0.001 0.002 0.004 0.006 0.008 0.011 0.014
0.000 0.000 0.000 0.001 0.001 0.001 0.001 0.001 0.001 0.001 0.001 0.001 0.001 0.001 0.001 0.001 0.001 0.001 0.001 0.001 0.002 0.003 0.003 0.005 0.006 0.006 0.007 0.007 0.007 0.007 0.007 0.006 0.006 0.006 0.006 0.006 0.006 0.005 0.005 0.004 0.003 0.003 0.002 0.002 0.001 0.001 0.001 0.001 0.000 0.000 0.000 0.000 0.000 0.000 0.000 0.000 0.000 0.000 0.000 0.000 0.000 0.000 0.000 0.000 0.000 0.000 0.000 0.000 0.000 0.000 0.001 0.001 0.002 0.003 0.005 0.007 0.009
0.000 0.000 0.000 0.000 0.000 0.000 0.000 0.000 0.001 0.001 0.001 0.001 0.001 0.001 0.001 0.001 0.001 0.001 0.002 0.002 0.003 0.004 0.005 0.006 0.007 0.007 0.007 0.007 0.007 0.007 0.007 0.006 0.006 0.006 0.006 0.006 0.005 0.005 0.004 0.003 0.002 0.002 0.001 0.001 0.001 0.001 0.001 0.000 0.000 0.000 0.000 0.000 0.000 0.000 0.000 0.000 0.000 0.000 0.000 0.000 0.000 0.000 0.000 0.000 0.000 0.000 0.000 0.000 0.000 0.000 0.000 0.001 0.001 0.002 0.003 0.005 0.006
0.000 0.000 0.000 0.000 0.000 0.000 0.000 0.000 0.000 0.000 0.001 0.001 0.001 0.001 0.001 0.001 0.001 0.001 0.002 0.002 0.003 0.004 0.005 0.006 0.007 0.007 0.007 0.007 0.007 0.007 0.007 0.006 0.006 0.005 0.005 0.005 0.004 0.004 0.003 0.002 0.002 0.001 0.001 0.001 0.001 0.000 0.000 0.000 0.000 0.000 0.000 0.000 0.000 0.000 0.000 0.000 0.000 0.000 0.000 0.000 0.000 0.000 0.000 0.000 0.000 0.000 0.000 0.000 0.000 0.000 0.000 0.000 0.000 0.001 0.002 0.003 0.004
0.000 0.000 0.000 0.000 0.000 0.000 0.000 0.000 0.000 0.000 0.000 0.000 0.001 0.001 0.001 0.001 0.001 0.001 0.002 0.003 0.003 0.004 0.005 0.006 0.006 0.007 0.007 0.007 0.007 0.007 0.006 0.006 0.005 0.004 0.004 0.003 0.003 0.002 0.002 0.001 0.001 0.001 0.001 0.001 0.000 0.000 0.000 0.000 0.000 0.000 0.000 0.000 0.000 0.000 0.000 0.000 0.000 0.000 0.000 0.000 0.000 0.000 0.000 0.000 0.000 0.000 0.000 0.000 0.000 0.000 0.000 0.000 0.000 0.000 0.001 0.001 0.002
0.000 0.000 0.000 0.000 0.000 0.000 0.000 0.000 0.000 0.000 0.000 0.000 0.000 0.001 0.001 0.001 0.001 0.001 0.002 0.002 0.003 0.004 0.005 0.006 0.006 0.006 0.006 0.006 0.006 0.006 0.005 0.005 0.004 0.003 0.002 0.002 0.001 0.001 0.001 0.001 0.001 0.001 0.000 0.000 0.000 0.000 0.000 0.000 0.000 0.000 0.000 0.000 0.000 0.000 0.000 0.000 0.000 0.000 0.000 0.000 0.000 0.000 0.000 0.000 0.000 0.000 0.000 0.000 0.000 0.000 0.000 0.000 0.000 0.000 0.000 0.001 0.001
0.000 0.000 0.000 0.000 0.000 0.000 0.000 0.000 0.000 0.000 0.000 0.000 0.000 0.001 0.001 0.001 0.001 0.001 0.002 0.002 0.003 0.004 0.004 0.005 0.005 0.005 0.005 0.005 0.005 0.004 0.004 0.003 0.002 0.002 0.001 0.001 0.001 0.001 0.001 0.001 0.000 0.000 0.000 0.000 0.000 0.000 0.000 0.000 0.000 0.000 0.000 0.000 0.000 0.000 0.000 0.000 0.000 0.000 0.000 0.000 0.000 0.000 0.000 0.000 0.000 0.000 0.000 0.000 0.000 0.000 0.000 0.000 0.000 0.000 0.000 0.000 0.000
0.000 0.000 0.000 0.000 0.000 0.000 0.000 0.000 0.000 0.000 0.000 0.000 0.000 0.000 0.001 0.001 0.001 0.001 0.002 0.002 0.003 0.003 0.003 0.003 0.003 0.003 0.003 0.003 0.003 0.002 0.002 0.002 0.001 0.001 0.001 0.001 0.001 0.001 0.000 0.000 0.000 0.000 0.000 0.000 0.000 0.000 0.000 0.000 0.000 0.000 0.000 0.000 0.000 0.000 0.000 0.000 0.000 0.000 0.000 0.000 0.000 0.000 0.000 0.000 0.000 0.000 0.000 0.000 0.000 0.000 0.000 0.000 0.000 0.000 0.000 0.000 0.000
