RESULTS/r.avaflow_results/23_results/23_ascii/23_hflow0006.asc
ncols 506
nrows 317
xllcenter 498237.50
yllcenter 5580050.00
cellsize 12.50
NODATA_value -9999.000
[rows 204 to 237 of 317, columns 77 to 153 of 506]
0.095 0.127 0.168 0.221 0.297 0.416 0.612 0.936 1.442 2.128 2.803 3.403 4.137 4.857 5.208 5.284 5.202 4.829 4.013 2.997 2.294 1.838 1.533 1.332 1.238 1.224 1.245 1.323 1.500 1.850 2.380 2.720 2.862 2.895 2.884 2.795 2.529 2.069 1.754 1.630 1.593 1.584 1.575 1.527 1.401 1.159 0.863 0.669 0.555 0.480 0.421 0.374 0.342 0.329 0.331 0.362 0.458 0.652 0.890 1.025 1.062 1.050 1.005 0.984 0.994 1.050 1.178 1.399 1.665 1.843 1.947 2.022 2.097 2.133 2.061 1.793 1.354
0.125 0.166 0.219 0.293 0.404 0.579 0.855 1.272 1.848 2.467 2.938 3.324 3.781 4.214 4.455 4.554 4.556 4.281 3.543 2.708 2.156 1.768 1.484 1.289 1.200 1.191 1.220 1.296 1.469 1.838 2.384 2.715 2.827 2.840 2.816 2.692 2.395 1.947 1.678 1.591 1.577 1.571 1.559 1.508 1.368 1.100 0.810 0.628 0.518 0.450 0.399 0.354 0.323 0.313 0.318 0.357 0.464 0.673 0.924 1.062 1.092 1.067 1.018 1.012 1.038 1.113 1.247 1.478 1.750 1.893 1.965 2.008 2.018 1.927 1.643 1.196 0.819
0.164 0.213 0.284 0.388 0.546 0.787 1.136 1.618 2.208 2.696 3.002 3.211 3.408 3.703 4.013 4.141 4.117 3.837 3.167 2.483 2.054 1.728 1.458 1.282 1.209 1.202 1.228 1.303 1.489 1.895 2.404 2.672 2.768 2.783 2.735 2.564 2.231 1.835 1.617 1.547 1.545 1.554 1.543 1.476 1.301 1.002 0.731 0.572 0.475 0.406 0.354 0.319 0.300 0.297 0.308 0.362 0.497 0.740 0.991 1.123 1.150 1.112 1.058 1.054 1.086 1.160 1.280 1.491 1.758 1.882 1.911 1.885 1.785 1.544 1.150 0.794 0.573
0.218 0.279 0.372 0.515 0.726 1.027 1.429 1.945 2.484 2.842 3.010 3.110 3.231 3.449 3.719 3.834 3.813 3.550 2.923 2.326 1.971 1.704 1.458 1.293 1.250 1.253 1.263 1.320 1.524 1.979 2.426 2.629 2.699 2.716 2.659 2.468 2.113 1.735 1.561 1.521 1.525 1.532 1.516 1.435 1.238 0.930 0.691 0.549 0.458 0.392 0.342 0.307 0.290 0.287 0.303 0.373 0.543 0.829 1.075 1.188 1.206 1.154 1.086 1.081 1.108 1.176 1.291 1.474 1.682 1.767 1.766 1.708 1.552 1.263 0.886 0.620 0.457
0.295 0.374 0.495 0.680 0.943 1.288 1.727 2.255 2.705 2.950 3.020 3.042 3.095 3.240 3.439 3.539 3.538 3.305 2.715 2.206 1.914 1.692 1.484 1.329 1.274 1.271 1.283 1.345 1.565 2.046 2.440 2.603 2.646 2.626 2.521 2.313 1.969 1.642 1.507 1.489 1.508 1.515 1.487 1.391 1.178 0.871 0.660 0.538 0.455 0.389 0.336 0.298 0.281 0.279 0.301 0.390 0.596 0.915 1.143 1.230 1.235 1.173 1.090 1.079 1.102 1.157 1.258 1.418 1.559 1.611 1.608 1.540 1.347 1.000 0.676 0.489 0.370
0.409 0.513 0.666 0.890 1.194 1.574 2.029 2.523 2.878 3.032 3.052 3.019 3.008 3.073 3.215 3.336 3.355 3.124 2.544 2.099 1.872 1.693 1.513 1.375 1.306 1.288 1.298 1.385 1.658 2.140 2.447 2.555 2.575 2.529 2.387 2.160 1.826 1.558 1.458 1.446 1.473 1.490 1.469 1.365 1.132 0.834 0.646 0.536 0.458 0.391 0.331 0.287 0.270 0.271 0.302 0.417 0.671 0.997 1.190 1.257 1.254 1.183 1.080 1.042 1.037 1.057 1.146 1.328 1.441 1.469 1.449 1.335 1.064 0.719 0.505 0.385 0.292
0.577 0.716 0.905 1.168 1.514 1.921 2.353 2.745 2.992 3.073 3.070 3.005 2.931 2.922 3.006 3.170 3.204 2.956 2.376 1.996 1.819 1.698 1.556 1.423 1.350 1.322 1.331 1.427 1.744 2.217 2.456 2.521 2.511 2.425 2.263 2.034 1.697 1.465 1.395 1.400 1.448 1.474 1.454 1.351 1.100 0.808 0.640 0.539 0.462 0.393 0.328 0.279 0.261 0.263 0.306 0.450 0.755 1.062 1.213 1.262 1.251 1.160 1.029 0.963 0.944 0.971 1.085 1.252 1.310 1.305 1.252 1.100 0.821 0.565 0.426 0.330 0.245
0.806 0.989 1.223 1.542 1.936 2.309 2.646 2.918 3.054 3.081 3.062 2.975 2.844 2.792 2.827 2.995 3.035 2.762 2.208 1.908 1.782 1.693 1.595 1.479 1.393 1.362 1.369 1.463 1.808 2.268 2.463 2.507 2.471 2.328 2.116 1.872 1.572 1.389 1.342 1.358 1.439 1.492 1.480 1.363 1.082 0.801 0.650 0.557 0.478 0.400 0.324 0.271 0.253 0.259 0.315 0.491 0.830 1.106 1.216 1.238 1.191 1.041 0.911 0.866 0.870 0.937 1.094 1.205 1.224 1.203 1.122 0.943 0.679 0.484 0.371 0.285 0.204
0.997 1.217 1.499 1.892 2.303 2.605 2.839 3.012 3.086 3.094 3.064 2.954 2.751 2.661 2.681 2.789 2.793 2.507 2.047 1.832 1.753 1.699 1.639 1.555 1.457 1.409 1.410 1.506 1.864 2.308 2.474 2.485 2.414 2.238 2.006 1.737 1.464 1.321 1.289 1.321 1.437 1.512 1.501 1.370 1.067 0.803 0.666 0.569 0.483 0.398 0.314 0.258 0.243 0.252 0.324 0.533 0.891 1.122 1.197 1.188 1.084 0.903 0.814 0.798 0.819 0.921 1.102 1.180 1.183 1.147 1.033 0.824 0.587 0.430 0.326 0.243 0.166
1.106 1.348 1.666 2.120 2.519 2.766 2.935 3.049 3.099 3.109 3.081 2.948 2.693 2.570 2.573 2.641 2.610 2.311 1.945 1.786 1.733 1.713 1.689 1.640 1.549 1.483 1.479 1.585 1.948 2.329 2.471 2.481 2.379 2.159 1.902 1.628 1.390 1.282 1.265 1.306 1.441 1.530 1.519 1.379 1.064 0.799 0.657 0.551 0.460 0.373 0.287 0.234 0.223 0.241 0.331 0.574 0.920 1.094 1.130 1.097 0.961 0.807 0.747 0.740 0.780 0.932 1.112 1.167 1.163 1.104 0.963 0.738 0.527 0.388 0.286 0.203 0.130
1.138 1.392 1.733 2.219 2.600 2.813 2.954 3.070 3.132 3.142 3.101 2.927 2.659 2.532 2.518 2.541 2.472 2.164 1.852 1.736 1.713 1.724 1.732 1.709 1.646 1.592 1.589 1.700 2.054 2.361 2.459 2.458 2.340 2.086 1.806 1.537 1.332 1.253 1.246 1.293 1.437 1.541 1.542 1.404 1.075 0.793 0.634 0.515 0.417 0.328 0.252 0.212 0.205 0.228 0.335 0.616 0.924 1.041 1.053 0.997 0.850 0.741 0.701 0.698 0.758 0.956 1.125 1.156 1.141 1.069 0.910 0.674 0.480 0.349 0.249 0.166 0.100
1.120 1.376 1.728 2.212 2.570 2.773 2.917 3.058 3.162 3.189 3.132 2.916 2.650 2.527 2.495 2.481 2.385 2.085 1.802 1.707 1.704 1.743 1.781 1.782 1.741 1.690 1.690 1.807 2.147 2.401 2.463 2.436 2.279 2.010 1.731 1.464 1.287 1.228 1.229 1.289 1.444 1.553 1.564 1.443 1.120 0.810 0.623 0.484 0.372 0.279 0.216 0.189 0.187 0.214 0.335 0.642 0.917 0.995 0.989 0.913 0.767 0.685 0.663 0.672 0.752 0.973 1.130 1.154 1.128 1.035 0.857 0.622 0.441 0.312 0.212 0.133 0.075
1.025 1.279 1.627 2.044 2.335 2.524 2.694 2.920 3.130 3.195 3.137 2.917 2.654 2.533 2.493 2.462 2.349 2.062 1.783 1.685 1.686 1.744 1.819 1.840 1.823 1.790 1.796 1.914 2.224 2.434 2.473 2.420 2.224 1.930 1.657 1.407 1.259 1.218 1.223 1.287 1.445 1.555 1.569 1.464 1.171 0.843 0.622 0.459 0.335 0.241 0.186 0.168 0.169 0.202 0.340 0.658 0.881 0.927 0.909 0.829 0.716 0.654 0.636 0.653 0.745 0.970 1.106 1.129 1.104 1.002 0.807 0.571 0.402 0.277 0.178 0.104 0.056
0.809 1.037 1.332 1.611 1.809 1.986 2.210 2.567 2.946 3.110 3.088 2.918 2.674 2.539 2.488 2.452 2.335 2.060 1.780 1.679 1.685 1.758 1.865 1.909 1.909 1.888 1.895 2.020 2.301 2.452 2.479 2.404 2.163 1.839 1.568 1.347 1.234 1.211 1.223 1.286 1.430 1.519 1.527 1.433 1.180 0.857 0.616 0.436 0.302 0.208 0.160 0.146 0.150 0.191 0.350 0.665 0.829 0.856 0.837 0.768 0.683 0.635 0.625 0.646 0.754 0.964 1.067 1.080 1.053 0.952 0.745 0.508 0.351 0.236 0.144 0.080 0.041
0.520 0.694 0.937 1.180 1.380 1.576 1.806 2.146 2.581 2.846 2.908 2.847 2.689 2.568 2.508 2.456 2.335 2.076 1.797 1.691 1.698 1.783 1.920 1.978 1.980 1.952 1.957 2.102 2.369 2.474 2.471 2.358 2.062 1.701 1.448 1.287 1.215 1.206 1.230 1.306 1.445 1.521 1.526 1.436 1.200 0.872 0.607 0.415 0.277 0.187 0.145 0.133 0.137 0.184 0.368 0.674 0.799 0.818 0.797 0.731 0.667 0.634 0.628 0.659 0.795 0.983 1.053 1.060 1.016 0.884 0.655 0.432 0.290 0.189 0.112 0.060 0.029
0.363 0.503 0.715 0.961 1.160 1.340 1.534 1.786 2.141 2.468 2.628 2.676 2.646 2.587 2.539 2.483 2.363 2.143 1.873 1.743 1.738 1.820 1.977 2.049 2.045 2.007 2.020 2.193 2.427 2.493 2.457 2.275 1.905 1.536 1.326 1.228 1.196 1.206 1.254 1.344 1.480 1.549 1.552 1.473 1.250 0.909 0.606 0.397 0.256 0.172 0.133 0.123 0.128 0.181 0.390 0.680 0.780 0.784 0.754 0.699 0.656 0.639 0.641 0.685 0.843 1.001 1.041 1.035 0.969 0.806 0.561 0.365 0.238 0.149 0.085 0.044 0.020
0.284 0.405 0.594 0.829 1.016 1.168 1.320 1.498 1.741 2.070 2.354 2.502 2.554 2.561 2.539 2.491 2.407 2.250 2.006 1.844 1.825 1.897 2.051 2.135 2.138 2.114 2.157 2.362 2.537 2.565 2.486 2.204 1.723 1.373 1.218 1.166 1.163 1.206 1.296 1.411 1.540 1.605 1.610 1.536 1.313 0.946 0.608 0.381 0.239 0.160 0.126 0.117 0.124 0.188 0.421 0.680 0.756 0.758 0.729 0.687 0.661 0.651 0.657 0.710 0.877 1.006 1.026 1.003 0.910 0.722 0.479 0.304 0.192 0.116 0.064 0.032 0.014
0.234 0.338 0.508 0.735 0.912 1.039 1.147 1.260 1.415 1.679 2.045 2.312 2.437 2.492 2.513 2.502 2.465 2.383 2.208 2.025 1.982 2.026 2.156 2.260 2.287 2.293 2.369 2.594 2.714 2.709 2.546 2.120 1.563 1.244 1.127 1.104 1.127 1.221 1.365 1.507 1.632 1.688 1.682 1.587 1.340 0.954 0.599 0.362 0.223 0.151 0.121 0.114 0.124 0.203 0.460 0.683 0.736 0.734 0.711 0.683 0.672 0.669 0.679 0.740 0.906 1.008 1.022 0.981 0.849 0.620 0.397 0.250 0.153 0.089 0.048 0.022 0.009
0.198 0.290 0.443 0.657 0.824 0.929 0.999 1.063 1.154 1.341 1.703 2.094 2.329 2.445 2.500 2.530 2.542 2.517 2.423 2.253 2.165 2.180 2.273 2.386 2.447 2.495 2.626 2.837 2.907 2.847 2.566 2.009 1.447 1.162 1.067 1.058 1.105 1.250 1.445 1.586 1.690 1.733 1.717 1.604 1.341 0.939 0.574 0.337 0.206 0.143 0.118 0.113 0.127 0.224 0.496 0.690 0.735 0.732 0.710 0.691 0.688 0.691 0.704 0.774 0.939 1.009 1.009 0.945 0.767 0.511 0.320 0.200 0.120 0.067 0.034 0.015 0.006
0.171 0.251 0.387 0.583 0.740 0.828 0.873 0.905 0.952 1.085 1.401 1.863 2.192 2.371 2.464 2.526 2.583 2.616 2.596 2.495 2.377 2.353 2.400 2.504 2.624 2.768 2.969 3.122 3.132 2.968 2.535 1.884 1.369 1.115 1.032 1.029 1.095 1.277 1.505 1.646 1.722 1.745 1.720 1.588 1.304 0.888 0.528 0.304 0.188 0.136 0.116 0.114 0.136 0.253 0.532 0.697 0.737 0.738 0.727 0.716 0.711 0.710 0.722 0.804 0.957 1.003 0.987 0.883 0.659 0.411 0.254 0.156 0.091 0.049 0.024 0.010 0.004
0.149 0.217 0.334 0.512 0.660 0.736 0.763 0.778 0.806 0.895 1.126 1.555 1.974 2.224 2.372 2.483 2.584 2.673 2.721 2.707 2.627 2.562 2.561 2.641 2.844 3.094 3.281 3.357 3.311 3.033 2.464 1.778 1.317 1.089 1.016 1.017 1.094 1.313 1.565 1.699 1.752 1.755 1.698 1.530 1.224 0.803 0.464 0.265 0.169 0.129 0.116 0.118 0.150 0.286 0.557 0.707 0.754 0.767 0.766 0.760 0.750 0.743 0.750 0.840 0.971 0.995 0.952 0.798 0.539 0.325 0.197 0.117 0.066 0.034 0.016 0.006 0.002
0.128 0.186 0.284 0.440 0.578 0.646 0.666 0.673 0.691 0.750 0.899 1.211 1.667 2.039 2.266 2.428 2.564 2.684 2.794 2.856 2.839 2.772 2.751 2.826 3.075 3.357 3.493 3.514 3.390 2.992 2.325 1.678 1.275 1.076 1.011 1.016 1.116 1.367 1.624 1.743 1.774 1.761 1.669 1.460 1.121 0.696 0.386 0.221 0.149 0.123 0.117 0.124 0.170 0.320 0.571 0.716 0.784 0.819 0.831 0.828 0.813 0.798 0.808 0.907 0.999 0.997 0.910 0.700 0.430 0.254 0.148 0.084 0.046 0.023 0.010 0.004 0.001
0.109 0.159 0.241 0.373 0.501 0.566 0.584 0.590 0.602 0.643 0.746 0.955 1.334 1.811 2.157 2.368 2.522 2.656 2.801 2.940 2.991 2.960 2.945 3.032 3.298 3.561 3.658 3.631 3.399 2.868 2.150 1.588 1.241 1.067 1.013 1.029 1.158 1.438 1.679 1.780 1.793 1.757 1.638 1.394 1.009 0.587 0.317 0.185 0.132 0.116 0.116 0.133 0.194 0.354 0.577 0.722 0.819 0.885 0.917 0.923 0.909 0.884 0.895 0.982 1.019 0.984 0.848 0.589 0.339 0.193 0.108 0.058 0.030 0.014 0.006 0.002 0.001
0.093 0.136 0.208 0.323 0.439 0.501 0.519 0.525 0.536 0.568 0.647 0.798 1.060 1.519 1.980 2.240 2.411 2.565 2.740 2.939 3.075 3.123 3.142 3.253 3.553 3.778 3.834 3.757 3.433 2.805 2.057 1.523 1.208 1.056 1.016 1.041 1.183 1.474 1.717 1.814 1.824 1.773 1.624 1.350 0.928 0.514 0.273 0.163 0.123 0.113 0.117 0.146 0.223 0.384 0.577 0.721 0.846 0.951 1.013 1.029 1.016 0.983 0.987 1.028 1.019 0.934 0.736 0.459 0.258 0.143 0.076 0.039 0.019 0.008 0.003 0.001 0.000
0.079 0.116 0.178 0.282 0.390 0.446 0.464 0.472 0.482 0.513 0.580 0.693 0.876 1.199 1.646 1.958 2.167 2.360 2.570 2.830 3.081 3.246 3.375 3.585 3.928 4.106 4.122 3.974 3.520 2.760 2.001 1.483 1.179 1.043 1.017 1.047 1.188 1.479 1.728 1.833 1.851 1.803 1.639 1.324 0.854 0.457 0.243 0.151 0.119 0.113 0.122 0.163 0.255 0.408 0.575 0.720 0.867 1.019 1.119 1.150 1.139 1.101 1.083 1.054 0.977 0.825 0.578 0.338 0.191 0.102 0.051 0.024 0.011 0.005 0.002 0.001 0.000
0.068 0.100 0.153 0.245 0.347 0.403 0.421 0.431 0.444 0.473 0.528 0.617 0.753 0.967 1.292 1.603 1.844 2.071 2.317 2.632 2.998 3.308 3.591 3.943 4.275 4.399 4.381 4.146 3.571 2.718 1.972 1.469 1.169 1.040 1.018 1.050 1.186 1.474 1.736 1.849 1.870 1.832 1.666 1.314 0.790 0.409 0.220 0.143 0.118 0.116 0.131 0.184 0.285 0.425 0.576 0.721 0.887 1.097 1.244 1.292 1.287 1.242 1.161 1.040 0.880 0.670 0.430 0.249 0.136 0.069 0.033 0.014 0.006 0.002 0.001 0.000 0.000
0.058 0.086 0.131 0.209 0.307 0.365 0.388 0.401 0.416 0.441 0.485 0.557 0.668 0.826 1.044 1.313 1.578 1.841 2.129 2.464 2.867 3.312 3.747 4.191 4.503 4.590 4.525 4.194 3.543 2.667 1.959 1.475 1.178 1.046 1.022 1.052 1.193 1.503 1.788 1.912 1.933 1.887 1.704 1.304 0.736 0.370 0.201 0.138 0.121 0.122 0.144 0.206 0.310 0.442 0.580 0.726 0.916 1.193 1.394 1.460 1.450 1.367 1.198 0.974 0.749 0.524 0.321 0.178 0.091 0.043 0.019 0.008 0.003 0.001 0.000 0.000 0.000
0.050 0.073 0.112 0.177 0.270 0.331 0.359 0.375 0.391 0.414 0.450 0.512 0.606 0.726 0.866 1.050 1.304 1.611 1.953 2.326 2.773 3.319 3.870 4.360 4.668 4.730 4.613 4.198 3.475 2.621 1.969 1.514 1.224 1.075 1.035 1.059 1.216 1.579 1.895 2.019 2.036 1.973 1.748 1.275 0.678 0.331 0.183 0.133 0.123 0.128 0.154 0.220 0.328 0.460 0.598 0.750 0.970 1.303 1.537 1.604 1.581 1.447 1.189 0.883 0.627 0.406 0.232 0.119 0.056 0.025 0.011 0.004 0.002 0.001 0.000 0.000 0.000
0.042 0.063 0.095 0.150 0.234 0.299 0.330 0.349 0.366 0.386 0.419 0.478 0.563 0.650 0.737 0.850 1.050 1.369 1.769 2.216 2.740 3.380 4.000 4.500 4.780 4.818 4.658 4.191 3.415 2.595 2.005 1.593 1.310 1.143 1.081 1.095 1.260 1.661 1.999 2.117 2.121 2.030 1.753 1.196 0.597 0.285 0.163 0.128 0.124 0.130 0.158 0.224 0.337 0.482 0.638 0.819 1.082 1.432 1.653 1.709 1.662 1.477 1.160 0.807 0.524 0.306 0.157 0.073 0.032 0.013 0.005 0.002 0.001 0.000 0.000 0.000 0.000
0.036 0.054 0.081 0.126 0.199 0.269 0.305 0.323 0.339 0.359 0.392 0.451 0.530 0.592 0.643 0.706 0.835 1.106 1.538 2.089 2.752 3.528 4.180 4.623 4.828 4.833 4.647 4.157 3.377 2.604 2.052 1.666 1.397 1.235 1.172 1.184 1.351 1.762 2.092 2.204 2.200 2.070 1.700 1.028 0.478 0.230 0.144 0.124 0.123 0.130 0.157 0.222 0.341 0.507 0.704 0.942 1.264 1.584 1.748 1.775 1.696 1.465 1.102 0.720 0.422 0.216 0.098 0.041 0.017 0.007 0.003 0.001 0.000 0.000 0.000 0.000 0.000
0.031 0.047 0.070 0.106 0.166 0.238 0.279 0.299 0.316 0.337 0.370 0.426 0.498 0.545 0.575 0.608 0.681 0.864 1.246 1.853 2.652 3.569 4.274 4.688 4.832 4.813 4.612 4.133 3.396 2.669 2.130 1.739 1.476 1.327 1.276 1.300 1.489 1.901 2.189 2.271 2.250 2.073 1.570 0.816 0.366 0.192 0.136 0.123 0.122 0.129 0.155 0.222 0.351 0.547 0.800 1.115 1.478 1.736 1.828 1.814 1.683 1.395 0.971 0.581 0.301 0.134 0.055 0.021 0.008 0.003 0.001 0.001 0.000 0.000 0.000 0.000 0.000
0.026 0.040 0.061 0.091 0.139 0.204 0.249 0.274 0.294 0.315 0.345 0.396 0.461 0.501 0.522 0.542 0.583 0.695 0.960 1.489 2.331 3.409 4.258 4.716 4.859 4.835 4.638 4.194 3.524 2.813 2.246 1.828 1.566 1.433 1.398 1.444 1.670 2.065 2.290 2.333 2.277 2.009 1.337 0.622 0.292 0.171 0.135 0.126 0.125 0.131 0.157 0.229 0.381 0.633 0.973 1.361 1.701 1.874 1.899 1.818 1.578 1.165 0.708 0.372 0.173 0.073 0.028 0.011 0.004 0.001 0.001 0.000 0.000 0.000 0.000 0.000 0.000
0.022 0.035 0.053 0.079 0.118 0.174 0.220 0.248 0.270 0.292 0.319 0.362 0.423 0.461 0.481 0.496 0.522 0.587 0.752 1.113 1.820 2.952 4.055 4.678 4.899 4.904 4.747 4.371 3.795 3.081 2.407 1.936 1.678 1.573 1.559 1.639 1.908 2.253 2.409 2.426 2.317 1.895 1.083 0.494 0.248 0.164 0.139 0.132 0.132 0.137 0.163 0.245 0.436 0.784 1.263 1.676 1.927 2.004 1.956 1.743 1.315 0.792 0.415 0.202 0.090 0.036 0.014 0.005 0.002 0.001 0.000 0.000 0.000 0.000 0.000 0.000 0.000
0.018 0.030 0.046 0.070 0.103 0.149 0.192 0.221 0.245 0.269 0.297 0.337 0.395 0.433 0.451 0.464 0.481 0.519 0.614 0.842 1.336 2.302 3.612 4.519 4.888 4.952 4.882 4.643 4.203 3.539 2.743 2.159 1.867 1.772 1.776 1.895 2.204 2.497 2.603 2.595 2.395 1.773 0.905 0.423 0.230 0.167 0.147 0.141 0.141 0.146 0.176 0.272 0.513 0.991 1.600 1.980 2.124 2.123 1.972 1.587 0.999 0.513 0.242 0.107 0.044 0.017 0.006 0.002 0.001 0.000 0.000 0.000 0.000 0.000 0.000 0.000 0.000
