RESULTS/r.avaflow_results/23_results/23_ascii/23_hflow30045.asc
ncols 506
nrows 317
xllcenter 498237.50
yllcenter 5580050.00
cellsize 12.50
NODATA_value -9999.000
[rows 170 to 203 of 317, columns 154 to 230 of 506]
9.246 9.318 9.327 9.286 9.205 9.077 8.947 8.841 8.747 8.656 8.561 8.456 8.325 8.135 7.841 7.407 6.838 6.172 5.455 4.718 3.980 3.259 2.609 2.068 1.648 1.348 1.162 1.070 1.044 1.046 1.057 1.068 1.074 1.074 1.073 1.080 1.101 1.123 1.128 1.115 1.084 1.041 0.996 0.947 0.888 0.813 0.720 0.620 0.530 0.443 0.361 0.290 0.237 0.199 0.174 0.160 0.155 0.154 0.157 0.161 0.165 0.168 0.171 0.175 0.179 0.186 0.201 0.236 0.312 0.455 0.625 0.719 0.746 0.732 0.666 0.533 0.370
10.885 11.229 11.459 11.587 11.640 11.635 11.603 11.550 11.482 11.403 11.311 11.205 11.078 10.897 10.598 10.113 9.423 8.564 7.589 6.539 5.467 4.463 3.567 2.816 2.230 1.798 1.503 1.325 1.242 1.221 1.220 1.219 1.212 1.196 1.173 1.159 1.153 1.149 1.139 1.113 1.067 1.010 0.948 0.882 0.805 0.706 0.579 0.445 0.331 0.247 0.191 0.154 0.130 0.116 0.108 0.105 0.107 0.110 0.115 0.119 0.121 0.122 0.123 0.124 0.125 0.130 0.141 0.167 0.220 0.322 0.487 0.629 0.696 0.712 0.695 0.634 0.512
12.546 13.244 13.716 13.999 14.146 14.202 14.209 14.182 14.133 14.072 13.997 13.908 13.801 13.652 13.395 12.942 12.242 11.296 10.148 8.856 7.483 6.136 4.914 3.868 3.029 2.385 1.912 1.593 1.410 1.320 1.279 1.257 1.239 1.215 1.184 1.158 1.138 1.118 1.090 1.042 0.967 0.879 0.790 0.699 0.596 0.469 0.337 0.233 0.167 0.126 0.101 0.086 0.076 0.072 0.071 0.072 0.076 0.081 0.087 0.090 0.090 0.091 0.091 0.091 0.091 0.094 0.102 0.121 0.158 0.228 0.352 0.517 0.637 0.688 0.696 0.678 0.616
13.655 14.647 15.340 15.782 16.054 16.221 16.317 16.358 16.356 16.330 16.283 16.219 16.141 16.030 15.829 15.440 14.797 13.898 12.779 11.473 9.993 8.391 6.793 5.363 4.161 3.191 2.444 1.912 1.570 1.378 1.285 1.241 1.209 1.175 1.135 1.092 1.049 1.006 0.950 0.864 0.743 0.617 0.504 0.403 0.312 0.227 0.160 0.114 0.086 0.068 0.058 0.052 0.049 0.048 0.049 0.051 0.056 0.062 0.066 0.069 0.069 0.069 0.069 0.069 0.070 0.072 0.078 0.091 0.116 0.163 0.246 0.391 0.559 0.655 0.687 0.687 0.661
14.175 15.350 16.232 16.859 17.308 17.641 17.888 18.050 18.127 18.143 18.124 18.082 18.023 17.945 17.799 17.491 16.936 16.116 15.049 13.770 12.301 10.640 8.788 6.928 5.301 3.964 2.929 2.184 1.694 1.406 1.253 1.168 1.108 1.054 0.995 0.927 0.857 0.783 0.690 0.563 0.430 0.326 0.250 0.192 0.145 0.108 0.080 0.061 0.049 0.041 0.037 0.035 0.034 0.034 0.035 0.038 0.042 0.048 0.052 0.054 0.054 0.055 0.055 0.055 0.056 0.059 0.064 0.073 0.089 0.120 0.175 0.278 0.449 0.598 0.664 0.679 0.670
14.256 15.497 16.498 17.292 17.931 18.445 18.846 19.131 19.295 19.349 19.343 19.302 19.255 19.209 19.124 18.911 18.478 17.780 16.793 15.524 14.002 12.237 10.207 8.003 6.048 4.448 3.219 2.341 1.758 1.397 1.180 1.038 0.933 0.838 0.739 0.642 0.553 0.469 0.381 0.291 0.215 0.161 0.122 0.094 0.073 0.056 0.044 0.036 0.031 0.028 0.027 0.026 0.026 0.026 0.027 0.029 0.033 0.037 0.040 0.043 0.044 0.045 0.045 0.047 0.048 0.051 0.054 0.061 0.073 0.093 0.131 0.201 0.332 0.505 0.614 0.654 0.658
14.109 15.395 16.464 17.343 18.088 18.717 19.205 19.555 19.774 19.862 19.858 19.800 19.763 19.760 19.736 19.611 19.292 18.715 17.823 16.582 15.010 13.139 10.964 8.543 6.391 4.647 3.324 2.390 1.766 1.353 1.068 0.860 0.691 0.544 0.428 0.345 0.286 0.237 0.189 0.144 0.109 0.083 0.065 0.051 0.041 0.033 0.028 0.025 0.022 0.021 0.021 0.020 0.021 0.021 0.022 0.023 0.026 0.029 0.032 0.034 0.036 0.038 0.039 0.041 0.043 0.045 0.048 0.054 0.062 0.077 0.103 0.151 0.239 0.388 0.529 0.603 0.629
13.700 15.059 16.232 17.223 18.045 18.705 19.197 19.546 19.776 19.874 19.872 19.801 19.769 19.792 19.799 19.713 19.446 18.933 18.107 16.907 15.323 13.391 11.137 8.640 6.429 4.645 3.301 2.354 1.701 1.237 0.894 0.631 0.436 0.305 0.221 0.171 0.140 0.116 0.094 0.074 0.059 0.047 0.038 0.031 0.026 0.022 0.020 0.018 0.017 0.017 0.017 0.017 0.017 0.017 0.018 0.019 0.021 0.023 0.025 0.028 0.030 0.032 0.034 0.036 0.038 0.041 0.044 0.048 0.055 0.066 0.085 0.119 0.177 0.277 0.412 0.521 0.578
13.038 14.483 15.765 16.863 17.759 18.436 18.902 19.213 19.411 19.493 19.491 19.425 19.386 19.402 19.404 19.314 19.064 18.600 17.837 16.683 15.115 13.164 10.858 8.349 6.156 4.397 3.073 2.133 1.475 0.997 0.642 0.396 0.247 0.160 0.112 0.086 0.071 0.060 0.050 0.041 0.034 0.029 0.025 0.021 0.018 0.016 0.015 0.014 0.014 0.014 0.014 0.014 0.014 0.014 0.014 0.015 0.017 0.018 0.020 0.023 0.025 0.027 0.030 0.032 0.034 0.037 0.040 0.044 0.050 0.059 0.073 0.097 0.137 0.202 0.299 0.414 0.501
12.132 13.648 15.006 16.162 17.084 17.758 18.198 18.450 18.571 18.607 18.606 18.576 18.538 18.493 18.413 18.259 17.985 17.537 16.818 15.703 14.141 12.160 9.820 7.423 5.376 3.747 2.519 1.640 1.035 0.624 0.364 0.213 0.129 0.084 0.060 0.047 0.040 0.034 0.030 0.026 0.022 0.020 0.017 0.015 0.014 0.013 0.012 0.011 0.011 0.011 0.011 0.011 0.011 0.011 0.012 0.012 0.013 0.015 0.016 0.018 0.020 0.023 0.025 0.028 0.031 0.034 0.037 0.041 0.046 0.053 0.064 0.082 0.111 0.156 0.222 0.310 0.404
10.956 12.485 13.876 15.051 15.981 16.659 17.089 17.288 17.329 17.319 17.333 17.373 17.350 17.217 16.993 16.725 16.383 15.887 15.118 13.937 12.289 10.215 7.905 5.784 4.035 2.657 1.630 0.938 0.529 0.300 0.172 0.104 0.066 0.046 0.035 0.029 0.025 0.022 0.020 0.018 0.016 0.014 0.013 0.012 0.011 0.010 0.009 0.009 0.009 0.009 0.009 0.009 0.009 0.009 0.009 0.010 0.011 0.012 0.013 0.015 0.017 0.019 0.021 0.024 0.027 0.030 0.034 0.038 0.042 0.049 0.059 0.074 0.096 0.129 0.176 0.239 0.315
9.501 10.959 12.353 13.550 14.520 15.245 15.704 15.890 15.900 15.881 15.915 15.981 15.951 15.746 15.403 15.015 14.557 13.909 12.924 11.486 9.570 7.317 5.194 3.537 2.305 1.408 0.789 0.415 0.222 0.127 0.078 0.052 0.037 0.028 0.023 0.019 0.017 0.016 0.014 0.013 0.012 0.011 0.010 0.009 0.008 0.007 0.007 0.007 0.007 0.007 0.007 0.007 0.007 0.007 0.008 0.008 0.009 0.010 0.011 0.012 0.014 0.016 0.018 0.021 0.024 0.027 0.031 0.035 0.040 0.046 0.055 0.069 0.088 0.114 0.150 0.197 0.253
7.860 9.150 10.521 11.753 12.779 13.565 14.074 14.299 14.333 14.325 14.339 14.341 14.237 13.964 13.554 13.057 12.431 11.521 10.165 8.277 6.092 4.099 2.637 1.655 1.009 0.579 0.307 0.159 0.090 0.057 0.039 0.029 0.023 0.019 0.016 0.014 0.013 0.012 0.011 0.010 0.009 0.008 0.007 0.007 0.006 0.006 0.005 0.005 0.005 0.005 0.005 0.005 0.006 0.006 0.006 0.007 0.007 0.008 0.009 0.010 0.011 0.013 0.015 0.018 0.021 0.024 0.028 0.032 0.038 0.044 0.054 0.067 0.084 0.108 0.137 0.173 0.217
6.342 7.339 8.509 9.702 10.719 11.521 12.066 12.348 12.427 12.418 12.350 12.204 11.954 11.591 11.109 10.474 9.607 8.334 6.565 4.651 3.009 1.804 1.035 0.597 0.347 0.198 0.111 0.065 0.042 0.030 0.023 0.019 0.015 0.013 0.012 0.010 0.009 0.009 0.008 0.007 0.006 0.006 0.005 0.005 0.004 0.004 0.004 0.004 0.004 0.004 0.004 0.004 0.005 0.005 0.005 0.006 0.006 0.007 0.007 0.008 0.009 0.011 0.013 0.015 0.018 0.022 0.026 0.031 0.036 0.044 0.053 0.066 0.084 0.105 0.132 0.162 0.198
4.993 5.699 6.498 7.388 8.212 8.893 9.394 9.689 9.796 9.780 9.639 9.329 8.883 8.352 7.718 6.924 5.902 4.617 3.198 1.976 1.117 0.598 0.327 0.192 0.117 0.073 0.047 0.032 0.024 0.019 0.015 0.013 0.011 0.009 0.008 0.008 0.007 0.006 0.006 0.005 0.005 0.004 0.004 0.003 0.003 0.003 0.003 0.003 0.003 0.003 0.004 0.004 0.004 0.004 0.005 0.005 0.005 0.005 0.006 0.007 0.008 0.009 0.011 0.013 0.016 0.019 0.024 0.029 0.035 0.043 0.053 0.066 0.084 0.105 0.130 0.159 0.192
3.773 4.208 4.659 5.104 5.500 5.839 6.110 6.297 6.382 6.375 6.235 5.918 5.452 4.868 4.227 3.561 2.813 1.942 1.154 0.619 0.322 0.179 0.108 0.070 0.048 0.034 0.025 0.019 0.015 0.013 0.010 0.009 0.008 0.007 0.006 0.005 0.005 0.004 0.004 0.003 0.003 0.003 0.003 0.003 0.002 0.002 0.002 0.003 0.003 0.003 0.004 0.004 0.004 0.004 0.004 0.004 0.004 0.004 0.005 0.005 0.006 0.007 0.009 0.011 0.014 0.018 0.022 0.028 0.034 0.042 0.053 0.067 0.084 0.105 0.130 0.158 0.191
2.673 2.878 3.071 3.229 3.343 3.423 3.477 3.503 3.503 3.472 3.366 3.141 2.779 2.294 1.816 1.398 0.992 0.601 0.326 0.174 0.100 0.064 0.045 0.033 0.025 0.019 0.015 0.012 0.010 0.009 0.007 0.006 0.005 0.005 0.004 0.004 0.003 0.003 0.003 0.002 0.002 0.002 0.002 0.002 0.002 0.002 0.002 0.003 0.003 0.003 0.004 0.004 0.004 0.004 0.004 0.003 0.003 0.004 0.004 0.004 0.005 0.006 0.007 0.010 0.012 0.016 0.021 0.026 0.033 0.042 0.052 0.066 0.083 0.104 0.129 0.159 0.194
1.743 1.801 1.848 1.871 1.850 1.792 1.715 1.647 1.588 1.526 1.437 1.296 1.084 0.812 0.587 0.420 0.279 0.170 0.098 0.061 0.041 0.030 0.023 0.019 0.015 0.012 0.010 0.008 0.007 0.006 0.005 0.004 0.004 0.003 0.003 0.002 0.002 0.002 0.002 0.002 0.002 0.002 0.002 0.002 0.002 0.002 0.002 0.003 0.003 0.004 0.004 0.004 0.004 0.003 0.003 0.003 0.003 0.003 0.003 0.003 0.004 0.005 0.006 0.008 0.011 0.014 0.019 0.025 0.032 0.040 0.051 0.065 0.082 0.103 0.130 0.164 0.205
1.044 1.035 1.018 0.989 0.931 0.838 0.734 0.651 0.587 0.532 0.478 0.415 0.335 0.243 0.174 0.125 0.087 0.058 0.039 0.028 0.022 0.018 0.014 0.012 0.010 0.008 0.007 0.006 0.005 0.004 0.003 0.003 0.002 0.002 0.002 0.002 0.002 0.002 0.002 0.002 0.002 0.002 0.002 0.002 0.002 0.002 0.003 0.003 0.004 0.004 0.004 0.004 0.004 0.003 0.003 0.002 0.002 0.002 0.002 0.002 0.003 0.004 0.005 0.007 0.009 0.012 0.017 0.023 0.030 0.038 0.049 0.062 0.078 0.100 0.129 0.167 0.217
0.563 0.535 0.506 0.471 0.423 0.357 0.290 0.239 0.203 0.175 0.152 0.130 0.106 0.079 0.060 0.046 0.035 0.027 0.021 0.016 0.013 0.011 0.009 0.008 0.006 0.005 0.004 0.004 0.003 0.003 0.002 0.002 0.002 0.002 0.002 0.002 0.002 0.002 0.002 0.002 0.002 0.002 0.002 0.002 0.002 0.003 0.004 0.005 0.005 0.005 0.005 0.004 0.003 0.003 0.002 0.002 0.002 0.002 0.002 0.002 0.002 0.003 0.004 0.005 0.007 0.010 0.014 0.020 0.026 0.034 0.044 0.056 0.072 0.093 0.123 0.164 0.219
0.263 0.241 0.221 0.199 0.173 0.139 0.108 0.085 0.070 0.061 0.053 0.046 0.040 0.032 0.026 0.022 0.018 0.015 0.012 0.010 0.009 0.007 0.006 0.005 0.004 0.004 0.003 0.003 0.002 0.002 0.002 0.002 0.002 0.002 0.002 0.002 0.002 0.002 0.002 0.002 0.002 0.002 0.003 0.003 0.004 0.005 0.006 0.006 0.006 0.005 0.005 0.004 0.003 0.002 0.002 0.001 0.001 0.001 0.001 0.001 0.001 0.002 0.002 0.004 0.005 0.008 0.012 0.016 0.022 0.029 0.037 0.047 0.060 0.080 0.108 0.150 0.207
0.107 0.097 0.087 0.077 0.066 0.051 0.039 0.032 0.027 0.024 0.022 0.020 0.019 0.017 0.014 0.013 0.011 0.009 0.008 0.007 0.006 0.005 0.004 0.003 0.003 0.003 0.002 0.002 0.002 0.002 0.002 0.002 0.002 0.002 0.002 0.002 0.002 0.002 0.003 0.003 0.004 0.004 0.004 0.005 0.005 0.006 0.006 0.006 0.006 0.005 0.005 0.004 0.003 0.002 0.002 0.001 0.001 0.001 0.001 0.001 0.001 0.001 0.002 0.002 0.004 0.006 0.009 0.012 0.016 0.022 0.028 0.035 0.045 0.059 0.082 0.119 0.174
0.041 0.037 0.034 0.030 0.025 0.019 0.016 0.013 0.012 0.011 0.011 0.011 0.010 0.010 0.009 0.008 0.007 0.006 0.005 0.004 0.004 0.003 0.003 0.003 0.003 0.002 0.002 0.002 0.002 0.002 0.002 0.003 0.003 0.003 0.003 0.003 0.004 0.004 0.005 0.005 0.005 0.005 0.006 0.006 0.006 0.006 0.007 0.006 0.006 0.005 0.004 0.003 0.002 0.002 0.001 0.001 0.001 0.001 0.000 0.000 0.000 0.001 0.001 0.001 0.003 0.004 0.006 0.009 0.012 0.016 0.020 0.025 0.031 0.040 0.054 0.079 0.121
0.016 0.015 0.014 0.012 0.010 0.009 0.007 0.007 0.006 0.006 0.006 0.006 0.006 0.006 0.006 0.005 0.004 0.004 0.003 0.003 0.003 0.002 0.002 0.002 0.003 0.003 0.003 0.003 0.003 0.003 0.004 0.004 0.004 0.005 0.005 0.006 0.006 0.006 0.006 0.006 0.006 0.006 0.006 0.006 0.006 0.007 0.007 0.006 0.006 0.005 0.004 0.003 0.002 0.001 0.001 0.001 0.001 0.000 0.000 0.000 0.000 0.000 0.000 0.001 0.001 0.003 0.004 0.006 0.008 0.011 0.014 0.018 0.022 0.028 0.036 0.050 0.074
0.007 0.007 0.006 0.006 0.005 0.004 0.004 0.004 0.004 0.004 0.004 0.004 0.004 0.004 0.004 0.003 0.003 0.003 0.002 0.002 0.002 0.002 0.002 0.003 0.003 0.004 0.004 0.005 0.005 0.006 0.006 0.007 0.007 0.007 0.007 0.008 0.008 0.007 0.007 0.007 0.006 0.006 0.006 0.006 0.006 0.006 0.006 0.006 0.005 0.004 0.003 0.002 0.001 0.001 0.001 0.001 0.000 0.000 0.000 0.000 0.000 0.000 0.000 0.000 0.001 0.002 0.003 0.004 0.006 0.008 0.010 0.013 0.016 0.020 0.025 0.033 0.045
0.004 0.004 0.003 0.003 0.003 0.003 0.002 0.002 0.002 0.002 0.002 0.002 0.002 0.002 0.002 0.002 0.002 0.002 0.002 0.002 0.002 0.002 0.003 0.004 0.005 0.006 0.007 0.008 0.009 0.009 0.009 0.009 0.009 0.009 0.009 0.008 0.008 0.008 0.007 0.007 0.006 0.006 0.006 0.006 0.006 0.005 0.005 0.005 0.004 0.003 0.002 0.001 0.001 0.001 0.001 0.000 0.000 0.000 0.000 0.000 0.000 0.000 0.000 0.000 0.000 0.001 0.001 0.003 0.004 0.005 0.007 0.009 0.012 0.014 0.018 0.023 0.030
0.002 0.002 0.002 0.002 0.002 0.002 0.002 0.002 0.002 0.002 0.002 0.002 0.002 0.002 0.002 0.002 0.002 0.002 0.002 0.002 0.003 0.003 0.005 0.006 0.008 0.009 0.010 0.011 0.011 0.011 0.010 0.010 0.010 0.009 0.009 0.009 0.008 0.008 0.007 0.007 0.006 0.006 0.005 0.005 0.004 0.004 0.003 0.003 0.002 0.002 0.001 0.001 0.001 0.001 0.000 0.000 0.000 0.000 0.000 0.000 0.000 0.000 0.000 0.000 0.000 0.000 0.001 0.001 0.002 0.003 0.005 0.007 0.008 0.011 0.013 0.017 0.021
0.001 0.001 0.001 0.001 0.001 0.001 0.001 0.001 0.001 0.001 0.001 0.001 0.001 0.001 0.001 0.002 0.002 0.002 0.002 0.003 0.004 0.006 0.007 0.009 0.010 0.011 0.011 0.012 0.011 0.011 0.011 0.010 0.010 0.009 0.009 0.008 0.008 0.007 0.007 0.006 0.005 0.005 0.004 0.003 0.003 0.002 0.002 0.002 0.001 0.001 0.001 0.001 0.001 0.000 0.000 0.000 0.000 0.000 0.000 0.000 0.000 0.000 0.000 0.000 0.000 0.000 0.000 0.001 0.001 0.002 0.003 0.004 0.006 0.008 0.010 0.012 0.015
0.001 0.001 0.001 0.001 0.001 0.001 0.001 0.001 0.001 0.001 0.001 0.001 0.001 0.001 0.001 0.002 0.002 0.003 0.003 0.005 0.006 0.008 0.009 0.010 0.011 0.011 0.012 0.012 0.011 0.011 0.010 0.010 0.009 0.009 0.009 0.008 0.008 0.007 0.006 0.005 0.004 0.003 0.002 0.002 0.002 0.001 0.001 0.001 0.001 0.001 0.001 0.000 0.000 0.000 0.000 0.000 0.000 0.000 0.000 0.000 0.000 0.000 0.000 0.000 0.000 0.000 0.000 0.000 0.000 0.001 0.002 0.003 0.004 0.005 0.007 0.009 0.011
0.001 0.001 0.001 0.001 0.001 0.001 0.001 0.001 0.001 0.001 0.001 0.001 0.001 0.001 0.001 0.002 0.002 0.003 0.004 0.006 0.007 0.008 0.009 0.010 0.011 0.011 0.011 0.011 0.011 0.011 0.010 0.009 0.009 0.008 0.008 0.007 0.007 0.006 0.005 0.004 0.003 0.002 0.001 0.001 0.001 0.001 0.001 0.001 0.001 0.001 0.000 0.000 0.000 0.000 0.000 0.000 0.000 0.000 0.000 0.000 0.000 0.000 0.000 0.000 0.000 0.000 0.000 0.000 0.000 0.000 0.001 0.002 0.002 0.003 0.005 0.006 0.008
0.001 0.001 0.001 0.001 0.001 0.001 0.001 0.001 0.001 0.001 0.001 0.001 0.001 0.001 0.001 0.002 0.002 0.003 0.005 0.006 0.007 0.008 0.009 0.010 0.011 0.011 0.011 0.011 0.011 0.010 0.009 0.009 0.008 0.007 0.006 0.005 0.005 0.004 0.003 0.002 0.001 0.001 0.001 0.001 0.001 0.001 0.001 0.001 0.000 0.000 0.000 0.000 0.000 0.000 0.000 0.000 0.000 0.000 0.000 0.000 0.000 0.000 0.000 0.000 0.000 0.000 0.000 0.000 0.000 0.000 0.000 0.001 0.001 0.002 0.003 0.004 0.005
0.001 0.001 0.001 0.001 0.001 0.001 0.001 0.001 0.001 0.001 0.001 0.001 0.001 0.001 0.001 0.002 0.002 0.003 0.005 0.006 0.007 0.008 0.009 0.010 0.010 0.010 0.010 0.010 0.009 0.009 0.008 0.007 0.006 0.005 0.004 0.003 0.002 0.002 0.001 0.001 0.001 0.001 0.001 0.001 0.001 0.001 0.000 0.000 0.000 0.000 0.000 0.000 0.000 0.000 0.000 0.000 0.000 0.000 0.000 0.000 0.000 0.000 0.000 0.000 0.000 0.000 0.000 0.000 0.000 0.000 0.000 0.000 0.000 0.001 0.002 0.002 0.003
0.000 0.000 0.000 0.000 0.000 0.000 0.000 0.000 0.001 0.001 0.001 0.001 0.001 0.001 0.001 0.002 0.002 0.003 0.005 0.006 0.007 0.008 0.008 0.008 0.008 0.008 0.008 0.008 0.007 0.007 0.006 0.005 0.004 0.003 0.002 0.002 0.001 0.001 0.001 0.001 0.001 0.001 0.001 0.000 0.000 0.000 0.000 0.000 0.000 0.000 0.000 0.000 0.000 0.000 0.000 0.000 0.000 0.000 0.000 0.000 0.000 0.000 0.000 0.000 0.000 0.000 0.000 0.000 0.000 0.000 0.000 0.000 0.000 0.000 0.001 0.001 0.002
0.000 0.000 0.000 0.000 0.000 0.000 0.000 0.000 0.000 0.000 0.001 0.001 0.001 0.001 0.001 0.001 0.002 0.003 0.004 0.005 0.006 0.006 0.006 0.006 0.006 0.006 0.005 0.005 0.004 0.004 0.003 0.003 0.002 0.001 0.001 0.001 0.001 0.001 0.001 0.001 0.000 0.000 0.000 0.000 0.000 0.000 0.000 0.000 0.000 0.000 0.000 0.000 0.000 0.000 0.000 0.000 0.000 0.000 0.000 0.000 0.000 0.000 0.000 0.000 0.000 0.000 0.000 0.000 0.000 0.000 0.000 0.000 0.000 0.000 0.000 0.000 0.001
