RESULTS/r.avaflow_results/23_results/23_ascii/23_hflow_max0048.asc
ncols 506
nrows 317
xllcenter 498237.50
yllcenter 5580050.00
cellsize 12.50
NODATA_value -9999.000
[rows 170 to 203 of 317, columns 231 to 307 of 506]
2.234 2.356 2.397 2.316 2.145 1.917 1.611 1.201 0.916 0.639 0.367 0.244 0.240 0.219 0.174 0.111 0.068 0.043 0.028 0.020 0.014 0.010 0.008 0.006 0.004 0.003 0.001 0.001 0.000 0.000 0.000 0.000 0.000 0.000 0.000 0.000 0.000 0.000 0.000 0.000 0.000 0.000 0.000 0.000 0.000 0.000 0.000 0.000 0.000 0.000 0.000 0.000 0.000 0.000 0.000 0.000 0.000 0.000 0.000 0.000 0.000 0.000 0.000 0.000 0.000 0.000 0.000 0.000 0.000 0.000 0.000 0.000 0.000 0.000 0.000 0.000 0.000
2.020 2.114 2.208 2.225 2.151 2.006 1.818 1.563 1.213 0.944 0.705 0.479 0.468 0.413 0.310 0.187 0.110 0.064 0.040 0.026 0.018 0.013 0.010 0.007 0.005 0.004 0.002 0.001 0.001 0.000 0.000 0.000 0.000 0.000 0.000 0.000 0.000 0.000 0.000 0.000 0.000 0.000 0.000 0.000 0.000 0.000 0.000 0.000 0.000 0.000 0.000 0.000 0.000 0.000 0.000 0.000 0.000 0.000 0.000 0.000 0.000 0.000 0.000 0.000 0.000 0.000 0.000 0.000 0.000 0.000 0.000 0.000 0.000 0.000 0.000 0.000 0.000
1.867 1.925 1.978 2.050 2.066 2.000 1.878 1.721 1.513 1.255 0.994 0.790 0.748 0.672 0.509 0.321 0.177 0.097 0.056 0.034 0.023 0.017 0.012 0.009 0.007 0.005 0.004 0.002 0.001 0.001 0.000 0.000 0.000 0.000 0.000 0.000 0.000 0.000 0.000 0.000 0.000 0.000 0.000 0.000 0.000 0.000 0.000 0.000 0.000 0.000 0.000 0.000 0.000 0.000 0.000 0.000 0.000 0.000 0.000 0.000 0.000 0.000 0.000 0.000 0.000 0.000 0.000 0.000 0.000 0.000 0.000 0.000 0.000 0.000 0.000 0.000 0.000
1.741 1.792 1.806 1.839 1.906 1.917 1.860 1.761 1.641 1.488 1.316 1.083 0.918 0.840 0.697 0.478 0.269 0.162 0.096 0.055 0.031 0.021 0.015 0.011 0.009 0.007 0.005 0.004 0.002 0.002 0.001 0.000 0.000 0.000 0.000 0.000 0.000 0.000 0.000 0.000 0.000 0.000 0.000 0.000 0.000 0.000 0.000 0.000 0.000 0.000 0.000 0.000 0.000 0.000 0.000 0.000 0.000 0.000 0.000 0.000 0.000 0.000 0.000 0.000 0.000 0.000 0.000 0.000 0.000 0.000 0.000 0.000 0.000 0.000 0.000 0.000 0.001
1.631 1.696 1.713 1.712 1.726 1.768 1.774 1.736 1.668 1.583 1.502 1.422 1.298 1.141 0.945 0.727 0.520 0.346 0.208 0.114 0.060 0.033 0.020 0.014 0.011 0.009 0.007 0.005 0.004 0.003 0.002 0.001 0.000 0.000 0.000 0.000 0.000 0.000 0.000 0.000 0.000 0.000 0.000 0.000 0.000 0.000 0.000 0.000 0.000 0.000 0.000 0.000 0.000 0.000 0.000 0.000 0.000 0.000 0.000 0.000 0.000 0.000 0.000 0.000 0.000 0.000 0.000 0.000 0.000 0.000 0.000 0.000 0.000 0.000 0.001 0.002 0.003
1.532 1.615 1.647 1.644 1.622 1.605 1.627 1.646 1.634 1.599 1.562 1.565 1.557 1.513 1.423 1.248 0.991 0.716 0.464 0.255 0.128 0.064 0.034 0.020 0.014 0.011 0.009 0.007 0.005 0.004 0.003 0.002 0.001 0.000 0.000 0.000 0.000 0.000 0.000 0.000 0.000 0.000 0.000 0.000 0.000 0.000 0.000 0.000 0.000 0.000 0.000 0.000 0.000 0.000 0.000 0.000 0.000 0.000 0.000 0.000 0.000 0.000 0.000 0.000 0.000 0.000 0.000 0.000 0.000 0.000 0.000 0.000 0.001 0.002 0.003 0.004 0.006
1.431 1.535 1.585 1.587 1.561 1.522 1.493 1.500 1.540 1.566 1.564 1.592 1.637 1.669 1.669 1.623 1.503 1.280 0.950 0.569 0.285 0.134 0.064 0.033 0.020 0.014 0.011 0.009 0.007 0.006 0.004 0.003 0.002 0.001 0.001 0.000 0.000 0.000 0.000 0.000 0.000 0.000 0.000 0.000 0.000 0.000 0.000 0.000 0.000 0.000 0.000 0.000 0.000 0.000 0.000 0.000 0.000 0.000 0.000 0.000 0.000 0.000 0.000 0.000 0.000 0.000 0.000 0.000 0.000 0.000 0.001 0.002 0.003 0.004 0.006 0.008 0.011
1.312 1.440 1.513 1.529 1.513 1.475 1.433 1.408 1.426 1.480 1.527 1.570 1.636 1.699 1.749 1.778 1.772 1.699 1.499 1.096 0.603 0.289 0.133 0.063 0.033 0.019 0.015 0.012 0.010 0.008 0.006 0.005 0.003 0.002 0.002 0.001 0.000 0.000 0.000 0.000 0.000 0.000 0.000 0.000 0.000 0.000 0.000 0.000 0.000 0.000 0.000 0.000 0.000 0.000 0.000 0.000 0.000 0.000 0.000 0.000 0.000 0.000 0.000 0.000 0.000 0.000 0.000 0.000 0.001 0.002 0.003 0.004 0.006 0.008 0.010 0.014 0.018
1.169 1.325 1.425 1.465 1.467 1.444 1.410 1.382 1.374 1.399 1.443 1.502 1.585 1.676 1.754 1.816 1.853 1.860 1.789 1.565 1.107 0.594 0.278 0.126 0.059 0.031 0.020 0.016 0.013 0.011 0.009 0.007 0.005 0.004 0.003 0.002 0.001 0.001 0.000 0.000 0.000 0.000 0.000 0.000 0.000 0.000 0.000 0.000 0.000 0.000 0.000 0.000 0.000 0.000 0.000 0.000 0.000 0.000 0.000 0.000 0.000 0.000 0.000 0.000 0.000 0.001 0.001 0.002 0.003 0.004 0.005 0.007 0.010 0.013 0.017 0.023 0.030
1.011 1.199 1.322 1.395 1.422 1.420 1.400 1.378 1.367 1.368 1.379 1.408 1.482 1.605 1.718 1.806 1.862 1.889 1.885 1.808 1.572 1.084 0.551 0.253 0.114 0.053 0.029 0.023 0.019 0.015 0.012 0.009 0.008 0.006 0.005 0.004 0.003 0.002 0.001 0.001 0.000 0.000 0.000 0.000 0.000 0.000 0.000 0.000 0.000 0.000 0.000 0.000 0.000 0.000 0.000 0.000 0.000 0.000 0.000 0.000 0.001 0.002 0.002 0.002 0.002 0.003 0.003 0.004 0.005 0.007 0.009 0.012 0.016 0.021 0.028 0.038 0.052
0.891 1.067 1.220 1.317 1.375 1.396 1.392 1.379 1.370 1.365 1.361 1.365 1.406 1.509 1.638 1.751 1.836 1.887 1.911 1.907 1.826 1.563 1.015 0.488 0.221 0.099 0.048 0.036 0.027 0.021 0.016 0.013 0.010 0.008 0.007 0.006 0.005 0.004 0.003 0.002 0.001 0.001 0.000 0.000 0.000 0.000 0.000 0.000 0.000 0.000 0.000 0.000 0.000 0.000 0.000 0.000 0.000 0.001 0.002 0.002 0.003 0.004 0.005 0.005 0.006 0.006 0.007 0.008 0.010 0.012 0.015 0.019 0.025 0.034 0.048 0.068 0.096
0.783 0.933 1.110 1.238 1.320 1.366 1.379 1.378 1.377 1.373 1.364 1.357 1.367 1.417 1.520 1.645 1.765 1.859 1.915 1.939 1.926 1.822 1.489 0.894 0.417 0.185 0.087 0.062 0.044 0.031 0.023 0.018 0.014 0.012 0.010 0.008 0.007 0.006 0.005 0.004 0.003 0.002 0.002 0.001 0.001 0.001 0.000 0.000 0.000 0.000 0.000 0.000 0.000 0.000 0.001 0.001 0.002 0.003 0.004 0.006 0.007 0.008 0.009 0.010 0.011 0.012 0.013 0.014 0.016 0.019 0.023 0.030 0.041 0.058 0.085 0.126 0.185
0.677 0.817 0.993 1.145 1.254 1.321 1.357 1.371 1.379 1.379 1.373 1.359 1.348 1.359 1.404 1.500 1.638 1.782 1.887 1.943 1.959 1.928 1.778 1.345 0.740 0.337 0.179 0.120 0.079 0.052 0.035 0.026 0.020 0.016 0.013 0.011 0.010 0.008 0.007 0.006 0.005 0.004 0.004 0.003 0.002 0.002 0.002 0.002 0.002 0.002 0.002 0.002 0.002 0.002 0.003 0.003 0.005 0.006 0.008 0.010 0.012 0.013 0.015 0.016 0.018 0.019 0.021 0.024 0.027 0.032 0.040 0.051 0.070 0.103 0.156 0.239 0.354
0.570 0.715 0.877 1.041 1.169 1.260 1.319 1.354 1.373 1.379 1.374 1.357 1.334 1.315 1.310 1.339 1.451 1.650 1.814 1.918 1.962 1.965 1.915 1.694 1.172 0.588 0.385 0.251 0.162 0.095 0.059 0.039 0.028 0.022 0.018 0.015 0.013 0.012 0.010 0.009 0.008 0.007 0.006 0.005 0.005 0.004 0.004 0.004 0.004 0.004 0.004 0.004 0.004 0.005 0.006 0.007 0.009 0.011 0.014 0.017 0.020 0.022 0.024 0.026 0.029 0.031 0.034 0.039 0.047 0.057 0.069 0.091 0.125 0.181 0.284 0.456 0.654
0.472 0.610 0.771 0.936 1.075 1.186 1.266 1.320 1.352 1.366 1.365 1.348 1.319 1.283 1.252 1.247 1.305 1.484 1.688 1.843 1.934 1.969 1.969 1.893 1.599 1.004 0.776 0.522 0.365 0.205 0.108 0.064 0.043 0.032 0.026 0.021 0.018 0.016 0.015 0.013 0.012 0.011 0.010 0.009 0.008 0.008 0.007 0.007 0.007 0.007 0.007 0.008 0.008 0.009 0.010 0.012 0.015 0.018 0.023 0.028 0.033 0.037 0.040 0.044 0.050 0.056 0.063 0.074 0.089 0.110 0.131 0.166 0.223 0.318 0.488 0.713 0.900
0.405 0.532 0.677 0.844 0.988 1.112 1.204 1.267 1.308 1.331 1.337 1.327 1.300 1.262 1.229 1.211 1.234 1.345 1.528 1.719 1.862 1.945 1.973 1.967 1.855 1.691 1.399 1.008 0.705 0.397 0.215 0.119 0.070 0.049 0.038 0.031 0.026 0.023 0.021 0.019 0.017 0.016 0.014 0.013 0.012 0.012 0.012 0.011 0.011 0.011 0.012 0.012 0.013 0.014 0.016 0.019 0.023 0.029 0.037 0.047 0.056 0.064 0.074 0.083 0.094 0.106 0.122 0.143 0.174 0.211 0.250 0.305 0.385 0.502 0.659 0.837 0.976
0.377 0.498 0.638 0.769 0.916 1.044 1.255 1.461 1.610 1.706 1.756 1.770 1.757 1.691 1.641 1.567 1.538 1.559 1.646 1.837 2.113 2.340 2.518 2.623 2.644 2.552 2.247 1.710 1.200 0.710 0.394 0.230 0.140 0.090 0.060 0.046 0.039 0.034 0.031 0.028 0.025 0.023 0.021 0.019 0.018 0.017 0.017 0.017 0.017 0.017 0.017 0.018 0.019 0.022 0.025 0.030 0.038 0.049 0.064 0.083 0.102 0.123 0.143 0.163 0.183 0.208 0.241 0.284 0.337 0.391 0.457 0.530 0.599 0.667 0.739 0.846 0.946
0.377 0.497 0.640 0.843 1.108 1.466 1.913 2.275 2.513 2.646 2.707 2.721 2.679 2.538 2.285 2.106 2.017 1.994 2.020 2.207 2.596 2.946 3.182 3.327 3.379 3.319 3.016 2.434 1.826 1.158 0.671 0.417 0.269 0.178 0.119 0.081 0.061 0.053 0.048 0.044 0.040 0.036 0.032 0.028 0.026 0.025 0.024 0.024 0.024 0.024 0.025 0.026 0.029 0.033 0.040 0.049 0.065 0.087 0.118 0.155 0.201 0.243 0.282 0.320 0.359 0.406 0.467 0.540 0.609 0.676 0.728 0.768 0.780 0.795 0.799 0.816 0.867
0.420 0.582 0.802 1.103 1.512 2.074 2.716 3.183 3.437 3.522 3.530 3.488 3.372 3.148 2.814 2.538 2.446 2.423 2.453 2.632 3.191 3.717 4.017 4.134 4.128 3.941 3.556 3.044 2.453 1.671 1.058 0.709 0.491 0.341 0.235 0.163 0.118 0.092 0.082 0.075 0.068 0.061 0.054 0.052 0.050 0.047 0.044 0.040 0.037 0.035 0.036 0.039 0.044 0.053 0.066 0.086 0.117 0.163 0.226 0.305 0.386 0.459 0.528 0.596 0.661 0.729 0.800 0.859 0.901 0.924 0.933 0.917 0.879 0.853 0.822 0.795 0.791
0.430 0.610 0.866 1.235 1.764 2.508 3.277 3.781 4.010 4.051 4.020 3.931 3.768 3.498 3.183 2.890 2.771 2.762 2.831 3.256 3.914 4.487 4.811 4.890 4.805 4.584 4.229 3.614 2.929 2.125 1.517 1.144 0.854 0.630 0.458 0.333 0.251 0.203 0.177 0.162 0.151 0.143 0.136 0.129 0.120 0.109 0.098 0.087 0.076 0.067 0.058 0.061 0.072 0.090 0.117 0.156 0.218 0.308 0.433 0.571 0.689 0.783 0.859 0.929 0.989 1.037 1.070 1.082 1.077 1.068 1.037 0.980 0.928 0.889 0.832 0.766 0.681
0.432 0.592 0.861 1.258 1.854 2.708 3.541 4.053 4.258 4.280 4.236 4.130 3.978 3.754 3.428 3.155 3.074 3.087 3.381 3.867 4.592 5.178 5.467 5.725 5.719 5.502 4.960 4.241 3.316 2.520 1.981 1.623 1.323 1.069 0.848 0.668 0.542 0.469 0.435 0.421 0.412 0.397 0.375 0.346 0.312 0.274 0.235 0.200 0.171 0.145 0.124 0.105 0.127 0.165 0.224 0.300 0.403 0.565 0.767 0.915 1.006 1.067 1.109 1.145 1.172 1.186 1.181 1.168 1.153 1.119 1.084 1.025 0.971 0.892 0.795 0.675 0.534
0.370 0.520 0.779 1.193 1.823 2.715 3.572 4.092 4.294 4.315 4.299 4.227 4.090 3.863 3.548 3.318 3.289 3.500 3.859 4.421 5.134 5.653 6.081 6.349 6.367 6.154 5.625 4.854 3.814 2.992 2.466 2.082 1.767 1.507 1.289 1.118 1.012 0.961 0.956 0.987 1.004 0.991 0.944 0.867 0.770 0.665 0.559 0.460 0.380 0.316 0.266 0.226 0.236 0.319 0.424 0.553 0.707 0.876 1.037 1.139 1.180 1.189 1.184 1.189 1.196 1.202 1.198 1.185 1.173 1.142 1.101 1.052 0.968 0.846 0.694 0.526 0.364
0.237 0.382 0.585 0.978 1.595 2.483 3.372 3.934 4.188 4.292 4.289 4.234 4.109 3.887 3.593 3.577 3.643 3.865 4.274 4.820 5.394 5.791 6.150 6.479 6.581 6.474 6.139 5.422 4.437 3.583 2.982 2.544 2.198 1.922 1.708 1.550 1.466 1.451 1.497 1.577 1.631 1.638 1.600 1.510 1.385 1.242 1.079 0.906 0.763 0.649 0.553 0.480 0.443 0.589 0.735 0.876 1.018 1.115 1.175 1.208 1.211 1.206 1.191 1.176 1.173 1.168 1.167 1.162 1.149 1.127 1.095 1.028 0.906 0.739 0.542 0.364 0.238
0.122 0.207 0.354 0.636 1.121 1.880 2.780 3.475 3.925 4.121 4.177 4.162 4.072 4.009 3.917 3.871 3.925 4.205 4.475 4.899 5.300 5.587 5.832 6.243 6.511 6.554 6.345 5.776 4.979 4.197 3.521 2.984 2.567 2.257 2.042 1.902 1.820 1.790 1.816 1.873 1.918 1.928 1.906 1.834 1.718 1.571 1.399 1.232 1.110 1.020 0.950 0.892 0.850 0.894 1.023 1.117 1.179 1.205 1.216 1.220 1.217 1.201 1.170 1.128 1.081 1.036 1.067 1.080 1.076 1.060 1.028 0.943 0.785 0.570 0.373 0.241 0.158
0.071 0.113 0.191 0.342 0.634 1.137 1.888 2.724 3.335 3.700 3.882 4.034 4.166 4.154 4.060 4.024 4.241 4.501 4.580 4.678 4.978 5.187 5.299 5.648 6.096 6.260 6.187 5.800 5.184 4.576 3.960 3.371 2.887 2.514 2.248 2.072 1.974 1.912 1.888 1.920 1.949 1.963 1.959 1.922 1.837 1.711 1.557 1.389 1.280 1.236 1.219 1.214 1.214 1.219 1.218 1.209 1.221 1.266 1.309 1.289 1.230 1.185 1.127 1.056 0.966 0.863 0.877 0.903 0.910 0.902 0.861 0.756 0.578 0.379 0.242 0.161 0.112
0.043 0.064 0.102 0.177 0.319 0.578 1.014 1.669 2.372 2.945 3.621 3.989 4.127 4.174 4.120 4.050 4.378 4.553 4.585 4.536 4.400 4.303 4.410 4.763 5.289 5.560 5.575 5.382 4.970 4.489 3.989 3.466 2.983 2.599 2.329 2.150 2.027 1.942 1.889 1.873 1.892 1.900 1.889 1.863 1.808 1.711 1.581 1.441 1.344 1.329 1.358 1.396 1.426 1.447 1.462 1.477 1.494 1.492 1.449 1.372 1.288 1.192 1.086 0.968 0.834 0.679 0.601 0.613 0.615 0.605 0.568 0.485 0.357 0.240 0.163 0.113 0.081
0.028 0.039 0.057 0.090 0.154 0.273 0.483 0.812 1.391 2.485 3.277 3.728 3.972 4.041 4.016 3.981 4.291 4.461 4.489 4.336 4.022 3.791 3.738 3.888 4.267 4.470 4.487 4.349 4.064 3.738 3.421 3.093 2.753 2.451 2.226 2.059 1.937 1.844 1.770 1.718 1.691 1.663 1.617 1.563 1.539 1.502 1.453 1.391 1.341 1.330 1.389 1.449 1.487 1.506 1.520 1.537 1.543 1.535 1.497 1.408 1.284 1.144 1.003 0.837 0.651 0.464 0.346 0.350 0.350 0.345 0.326 0.284 0.219 0.155 0.110 0.080 0.059
0.020 0.025 0.034 0.050 0.077 0.126 0.214 0.361 0.644 1.480 2.506 3.160 3.472 3.593 3.634 3.710 4.041 4.223 4.200 3.980 3.578 3.254 3.106 3.116 3.161 3.066 2.882 2.629 2.370 2.190 2.088 2.020 1.958 1.876 1.786 1.697 1.619 1.544 1.470 1.400 1.333 1.262 1.196 1.238 1.265 1.247 1.215 1.211 1.226 1.259 1.320 1.393 1.442 1.467 1.478 1.494 1.506 1.496 1.445 1.337 1.193 1.022 0.839 0.636 0.442 0.298 0.202 0.194 0.193 0.191 0.183 0.166 0.136 0.102 0.076 0.057 0.044
0.014 0.018 0.023 0.030 0.042 0.063 0.097 0.155 0.247 0.613 1.310 1.957 2.384 2.649 2.907 3.418 3.737 3.860 3.815 3.576 3.151 2.734 2.406 2.082 1.769 1.504 1.277 1.097 0.976 0.909 0.891 0.904 0.934 0.968 1.000 1.022 1.022 1.003 0.965 0.908 0.833 0.745 0.719 0.772 0.851 0.939 1.024 1.084 1.122 1.145 1.169 1.204 1.230 1.230 1.230 1.241 1.247 1.238 1.188 1.085 0.951 0.791 0.610 0.429 0.289 0.193 0.130 0.113 0.112 0.110 0.106 0.099 0.087 0.070 0.054 0.042 0.034
0.010 0.013 0.016 0.020 0.026 0.035 0.049 0.072 0.108 0.243 0.579 1.119 1.641 2.169 2.698 3.088 3.404 3.495 3.443 3.173 2.665 2.012 1.451 1.051 0.791 0.611 0.479 0.393 0.346 0.324 0.326 0.345 0.370 0.398 0.426 0.448 0.457 0.459 0.450 0.425 0.384 0.333 0.356 0.398 0.459 0.554 0.678 0.797 0.870 0.893 0.891 0.868 0.819 0.767 0.743 0.737 0.738 0.734 0.713 0.661 0.591 0.498 0.392 0.279 0.188 0.125 0.084 0.070 0.069 0.067 0.066 0.063 0.057 0.049 0.040 0.033 0.027
0.007 0.009 0.011 0.014 0.018 0.022 0.029 0.039 0.053 0.099 0.232 0.520 1.007 1.597 2.180 2.637 2.876 2.928 2.844 2.491 1.831 1.140 0.710 0.472 0.335 0.246 0.185 0.147 0.127 0.118 0.120 0.128 0.139 0.152 0.166 0.176 0.181 0.182 0.180 0.173 0.159 0.155 0.170 0.190 0.221 0.272 0.352 0.434 0.480 0.491 0.483 0.457 0.412 0.368 0.347 0.343 0.346 0.352 0.354 0.347 0.325 0.287 0.237 0.177 0.120 0.081 0.055 0.047 0.046 0.045 0.043 0.042 0.039 0.035 0.031 0.026 0.021
0.005 0.006 0.008 0.010 0.012 0.015 0.019 0.024 0.030 0.040 0.088 0.195 0.415 0.814 1.286 1.649 1.821 1.850 1.737 1.395 0.899 0.522 0.316 0.207 0.145 0.105 0.079 0.063 0.054 0.050 0.050 0.053 0.057 0.062 0.068 0.072 0.074 0.074 0.073 0.075 0.080 0.085 0.091 0.099 0.112 0.132 0.168 0.200 0.216 0.219 0.217 0.207 0.188 0.168 0.159 0.158 0.161 0.168 0.173 0.174 0.170 0.160 0.140 0.109 0.076 0.053 0.036 0.034 0.032 0.032 0.031 0.030 0.029 0.027 0.024 0.020 0.016
0.003 0.004 0.006 0.007 0.009 0.011 0.013 0.016 0.020 0.025 0.034 0.069 0.147 0.307 0.514 0.675 0.756 0.775 0.728 0.577 0.366 0.217 0.136 0.092 0.067 0.050 0.038 0.031 0.027 0.025 0.025 0.026 0.027 0.029 0.031 0.033 0.036 0.039 0.043 0.045 0.048 0.051 0.054 0.059 0.065 0.073 0.081 0.093 0.098 0.099 0.099 0.096 0.089 0.082 0.079 0.079 0.081 0.086 0.091 0.093 0.093 0.090 0.080 0.065 0.049 0.034 0.027 0.025 0.025 0.024 0.024 0.023 0.022 0.020 0.018 0.015 0.012
0.002 0.003 0.004 0.005 0.006 0.008 0.009 0.011 0.013 0.016 0.020 0.026 0.050 0.100 0.170 0.224 0.254 0.263 0.254 0.209 0.142 0.090 0.061 0.044 0.034 0.027 0.022 0.019 0.019 0.019 0.019 0.019 0.019 0.020 0.021 0.022 0.024 0.026 0.028 0.030 0.032 0.033 0.036 0.038 0.042 0.044 0.046 0.046 0.049 0.050 0.050 0.050 0.048 0.045 0.044 0.044 0.045 0.048 0.051 0.052 0.051 0.050 0.046 0.040 0.031 0.023 0.021 0.020 0.019 0.018 0.018 0.017 0.016 0.015 0.013 0.010 0.008
