RESULTS/r.avaflow_results/23_results/23_ascii/23_hflow10006.asc
ncols 506
nrows 317
xllcenter 498237.50
yllcenter 5580050.00
cellsize 12.50
NODATA_value -9999.000
[rows 170 to 203 of 317, columns 77 to 153 of 506]
0.000 0.000 0.000 0.000 0.000 0.000 0.000 0.000 0.000 0.000 0.000 0.000 0.000 0.000 0.000 0.000 0.000 0.000 0.000 0.000 0.000 0.000 0.001 0.003 0.010 0.025 0.057 0.113 0.163 0.191 0.203 0.206 0.205 0.200 0.198 0.201 0.216 0.254 0.320 0.416 0.521 0.616 0.708 0.813 0.959 1.169 1.444 1.754 2.070 2.400 2.686 2.811 2.761 2.509 1.806 0.960 0.532 0.387 0.363 0.378 0.411 0.428 0.432 0.429 0.413 0.378 0.328 0.266 0.202 0.149 0.106 0.074 0.052 0.037 0.026 0.019 0.014
0.000 0.000 0.000 0.000 0.000 0.000 0.000 0.000 0.000 0.000 0.000 0.000 0.000 0.000 0.000 0.000 0.000 0.000 0.000 0.000 0.000 0.001 0.004 0.011 0.028 0.066 0.144 0.273 0.382 0.443 0.471 0.477 0.471 0.450 0.441 0.442 0.461 0.520 0.629 0.782 0.954 1.117 1.282 1.478 1.750 2.152 2.615 3.027 3.296 3.421 3.440 3.300 3.004 2.664 2.242 1.688 1.235 0.995 0.942 0.955 0.994 1.010 1.010 0.995 0.953 0.877 0.771 0.641 0.501 0.379 0.279 0.200 0.143 0.102 0.073 0.054 0.040
0.000 0.000 0.000 0.000 0.000 0.000 0.000 0.000 0.000 0.000 0.000 0.000 0.000 0.000 0.000 0.000 0.000 0.000 0.000 0.000 0.001 0.004 0.011 0.028 0.070 0.158 0.325 0.582 0.788 0.905 0.956 0.968 0.951 0.898 0.864 0.860 0.879 0.951 1.104 1.338 1.598 1.834 2.076 2.368 2.750 3.251 3.655 3.931 4.071 4.068 3.887 3.479 2.984 2.587 2.343 2.219 2.147 2.087 2.069 2.091 2.135 2.151 2.142 2.096 1.996 1.842 1.643 1.404 1.133 0.877 0.660 0.490 0.358 0.262 0.192 0.142 0.105
0.000 0.000 0.000 0.000 0.000 0.000 0.000 0.000 0.000 0.000 0.000 0.000 0.000 0.000 0.000 0.000 0.000 0.000 0.000 0.001 0.003 0.009 0.025 0.065 0.154 0.333 0.656 1.092 1.418 1.607 1.686 1.701 1.669 1.579 1.512 1.488 1.502 1.568 1.716 1.952 2.233 2.503 2.770 3.093 3.507 3.995 4.315 4.473 4.517 4.416 4.055 3.468 2.812 2.357 2.209 2.257 2.506 2.944 3.478 3.857 4.030 4.078 4.049 3.956 3.784 3.519 3.180 2.785 2.325 1.848 1.430 1.091 0.819 0.615 0.460 0.346 0.260
0.000 0.000 0.000 0.000 0.000 0.000 0.000 0.000 0.000 0.000 0.000 0.000 0.000 0.000 0.000 0.000 0.000 0.000 0.001 0.002 0.007 0.020 0.053 0.132 0.300 0.620 1.166 1.821 2.263 2.497 2.591 2.613 2.572 2.429 2.280 2.194 2.149 2.155 2.222 2.386 2.651 2.970 3.316 3.683 4.096 4.490 4.706 4.774 4.734 4.510 4.038 3.304 2.448 1.932 1.830 1.960 2.373 3.057 4.015 4.909 5.482 5.785 5.902 5.896 5.796 5.592 5.277 4.814 4.202 3.485 2.803 2.210 1.711 1.315 1.009 0.774 0.595
0.000 0.000 0.000 0.000 0.000 0.000 0.000 0.000 0.000 0.000 0.000 0.000 0.000 0.000 0.000 0.000 0.000 0.000 0.001 0.005 0.015 0.040 0.101 0.239 0.522 1.027 1.806 2.589 3.084 3.321 3.413 3.433 3.375 3.149 2.848 2.694 2.618 2.586 2.607 2.723 2.965 3.327 3.776 4.176 4.530 4.798 4.896 4.894 4.783 4.462 3.855 2.949 2.075 1.538 1.325 1.362 1.754 2.585 3.802 4.992 5.779 6.262 6.554 6.707 6.773 6.737 6.575 6.210 5.677 5.027 4.398 3.784 3.161 2.557 2.022 1.586 1.251
0.000 0.000 0.000 0.000 0.000 0.000 0.000 0.000 0.000 0.000 0.000 0.000 0.000 0.000 0.000 0.000 0.000 0.001 0.003 0.010 0.028 0.073 0.175 0.394 0.825 1.552 2.505 3.268 3.741 3.993 4.086 4.094 4.003 3.689 3.264 3.045 2.957 2.918 2.911 2.994 3.230 3.645 4.153 4.541 4.792 4.937 4.966 4.909 4.701 4.237 3.413 2.463 1.777 1.356 1.134 1.059 1.121 1.561 2.664 4.125 5.155 5.768 6.150 6.422 6.624 6.722 6.677 6.448 6.038 5.538 5.091 4.684 4.295 3.885 3.431 2.927 2.413
0.000 0.000 0.000 0.000 0.000 0.000 0.000 0.000 0.000 0.000 0.000 0.000 0.000 0.000 0.000 0.000 0.000 0.001 0.006 0.019 0.050 0.122 0.280 0.605 1.212 2.169 3.203 3.914 4.305 4.525 4.623 4.628 4.500 4.060 3.549 3.295 3.199 3.169 3.170 3.246 3.482 3.953 4.435 4.752 4.906 4.960 4.967 4.838 4.432 3.647 2.738 2.026 1.558 1.252 1.077 1.007 0.997 1.086 1.485 2.338 3.112 3.652 4.066 4.431 4.760 5.029 5.203 5.285 5.217 5.024 4.820 4.639 4.477 4.345 4.247 4.107 3.857
0.000 0.000 0.000 0.000 0.000 0.000 0.000 0.000 0.000 0.000 0.000 0.000 0.000 0.000 0.000 0.000 0.001 0.004 0.011 0.032 0.081 0.191 0.423 0.876 1.688 2.881 3.885 4.511 4.828 4.966 5.044 5.057 4.873 4.270 3.723 3.471 3.384 3.358 3.374 3.490 3.737 4.201 4.623 4.833 4.924 4.942 4.889 4.613 3.898 2.992 2.309 1.793 1.410 1.167 1.037 0.990 0.990 1.059 1.284 1.673 1.961 2.138 2.277 2.402 2.513 2.612 2.702 2.795 2.903 3.032 3.203 3.440 3.726 4.000 4.236 4.441 4.584
0.000 0.000 0.000 0.000 0.000 0.000 0.000 0.000 0.000 0.000 0.000 0.000 0.000 0.000 0.000 0.001 0.002 0.007 0.020 0.053 0.128 0.288 0.610 1.210 2.231 3.609 4.538 5.030 5.289 5.380 5.407 5.380 5.088 4.342 3.829 3.614 3.550 3.534 3.561 3.709 3.999 4.383 4.710 4.858 4.889 4.877 4.697 4.135 3.280 2.586 2.068 1.617 1.282 1.084 0.991 0.966 0.979 1.061 1.275 1.579 1.769 1.882 1.959 2.009 2.035 2.042 2.022 1.962 1.868 1.773 1.732 1.808 2.068 2.569 3.226 3.884 4.422
0.000 0.000 0.000 0.000 0.000 0.000 0.000 0.000 0.000 0.000 0.000 0.000 0.000 0.000 0.000 0.001 0.004 0.012 0.034 0.086 0.200 0.431 0.866 1.632 2.840 4.237 5.117 5.493 5.651 5.716 5.715 5.594 5.151 4.361 3.919 3.748 3.710 3.714 3.766 3.915 4.208 4.511 4.719 4.838 4.844 4.737 4.310 3.458 2.754 2.294 1.848 1.434 1.143 0.988 0.928 0.921 0.949 1.048 1.263 1.548 1.732 1.842 1.911 1.949 1.959 1.951 1.913 1.835 1.723 1.591 1.476 1.407 1.383 1.460 1.700 2.206 2.991
0.000 0.000 0.000 0.000 0.000 0.000 0.000 0.000 0.000 0.000 0.000 0.000 0.000 0.000 0.001 0.002 0.007 0.021 0.056 0.136 0.307 0.640 1.230 2.193 3.604 4.833 5.552 5.862 5.940 5.951 5.915 5.710 5.130 4.391 4.042 3.903 3.857 3.865 3.946 4.114 4.359 4.572 4.676 4.744 4.749 4.499 3.740 2.867 2.401 2.032 1.629 1.260 1.019 0.897 0.855 0.856 0.901 1.013 1.223 1.511 1.718 1.839 1.904 1.930 1.932 1.913 1.864 1.782 1.677 1.564 1.455 1.362 1.296 1.266 1.271 1.330 1.523
0.000 0.000 0.000 0.000 0.000 0.000 0.000 0.000 0.000 0.000 0.000 0.000 0.000 0.000 0.001 0.004 0.013 0.036 0.092 0.219 0.475 0.945 1.741 2.955 4.394 5.361 5.854 6.061 6.115 6.091 6.003 5.752 5.082 4.402 4.173 4.112 4.067 4.049 4.120 4.290 4.461 4.579 4.600 4.562 4.431 3.955 3.136 2.529 2.170 1.840 1.475 1.144 0.928 0.826 0.799 0.807 0.859 0.972 1.158 1.429 1.669 1.817 1.884 1.899 1.891 1.862 1.805 1.719 1.628 1.541 1.451 1.360 1.281 1.233 1.220 1.240 1.282
0.000 0.000 0.000 0.000 0.000 0.000 0.000 0.000 0.000 0.000 0.000 0.000 0.000 0.001 0.003 0.008 0.023 0.060 0.153 0.355 0.740 1.397 2.444 3.860 5.063 5.772 6.079 6.170 6.185 6.132 6.003 5.750 5.030 4.375 4.230 4.264 4.296 4.302 4.343 4.442 4.529 4.561 4.527 4.330 3.832 3.194 2.665 2.308 2.004 1.706 1.362 1.049 0.852 0.768 0.752 0.767 0.832 0.957 1.131 1.344 1.568 1.740 1.829 1.854 1.851 1.821 1.744 1.634 1.549 1.480 1.412 1.337 1.264 1.219 1.212 1.242 1.276
0.000 0.000 0.000 0.000 0.000 0.000 0.000 0.000 0.000 0.000 0.000 0.000 0.001 0.003 0.006 0.014 0.038 0.103 0.257 0.576 1.136 2.003 3.260 4.664 5.585 6.066 6.238 6.254 6.216 6.128 5.945 5.584 4.859 4.331 4.250 4.371 4.483 4.527 4.551 4.561 4.553 4.513 4.370 3.966 3.260 2.714 2.395 2.120 1.851 1.583 1.269 0.966 0.789 0.722 0.711 0.729 0.803 0.942 1.118 1.306 1.500 1.665 1.770 1.808 1.810 1.778 1.676 1.539 1.457 1.397 1.334 1.264 1.211 1.187 1.197 1.254 1.286
0.000 0.000 0.000 0.000 0.000 0.000 0.000 0.000 0.000 0.000 0.000 0.001 0.003 0.005 0.010 0.025 0.066 0.179 0.440 0.944 1.742 2.809 4.082 5.219 5.955 6.262 6.332 6.307 6.209 6.081 5.815 5.198 4.484 4.215 4.290 4.528 4.665 4.712 4.718 4.687 4.569 4.372 4.016 3.417 2.823 2.454 2.181 1.930 1.693 1.457 1.176 0.901 0.740 0.681 0.673 0.695 0.773 0.915 1.101 1.284 1.456 1.602 1.697 1.735 1.738 1.704 1.589 1.450 1.379 1.334 1.278 1.200 1.155 1.149 1.181 1.253 1.279
0.000 0.000 0.000 0.000 0.000 0.000 0.000 0.000 0.000 0.001 0.001 0.003 0.005 0.009 0.018 0.042 0.114 0.307 0.744 1.539 2.662 3.797 4.851 5.644 6.181 6.389 6.380 6.305 6.146 5.883 5.406 4.575 4.030 4.008 4.313 4.635 4.778 4.822 4.806 4.729 4.535 4.167 3.593 2.968 2.556 2.273 2.019 1.778 1.554 1.339 1.092 0.859 0.714 0.656 0.650 0.668 0.734 0.865 1.053 1.249 1.414 1.538 1.609 1.636 1.637 1.600 1.495 1.374 1.307 1.270 1.233 1.176 1.139 1.134 1.175 1.242 1.251
0.000 0.000 0.000 0.000 0.000 0.000 0.000 0.000 0.001 0.002 0.003 0.005 0.008 0.015 0.030 0.074 0.198 0.518 1.207 2.391 3.782 4.780 5.486 6.017 6.364 6.467 6.422 6.235 5.943 5.441 4.532 3.746 3.547 3.777 4.273 4.620 4.779 4.835 4.814 4.693 4.431 3.961 3.277 2.723 2.388 2.143 1.911 1.680 1.462 1.252 1.032 0.835 0.707 0.652 0.642 0.654 0.703 0.803 0.957 1.153 1.336 1.471 1.538 1.557 1.548 1.487 1.388 1.306 1.247 1.209 1.184 1.153 1.126 1.119 1.161 1.219 1.209
0.000 0.000 0.000 0.000 0.000 0.000 0.000 0.001 0.002 0.003 0.005 0.008 0.013 0.025 0.053 0.130 0.342 0.849 1.870 3.483 4.916 5.708 6.106 6.361 6.515 6.529 6.399 6.091 5.521 4.543 3.544 3.147 3.233 3.702 4.230 4.528 4.664 4.696 4.669 4.518 4.210 3.694 3.003 2.538 2.266 2.046 1.830 1.604 1.389 1.184 0.984 0.817 0.703 0.647 0.633 0.641 0.682 0.773 0.919 1.099 1.253 1.381 1.462 1.475 1.444 1.358 1.260 1.213 1.178 1.142 1.122 1.106 1.092 1.095 1.133 1.162 1.156
0.000 0.000 0.000 0.000 0.000 0.000 0.001 0.002 0.003 0.005 0.008 0.013 0.022 0.042 0.094 0.232 0.581 1.348 2.726 4.616 5.971 6.545 6.711 6.744 6.679 6.539 6.258 5.753 4.789 3.491 2.814 2.757 3.093 3.709 4.155 4.366 4.436 4.421 4.350 4.200 3.898 3.374 2.753 2.380 2.164 1.977 1.773 1.531 1.300 1.107 0.934 0.792 0.695 0.644 0.629 0.634 0.669 0.754 0.898 1.082 1.221 1.306 1.351 1.363 1.340 1.262 1.154 1.096 1.076 1.063 1.052 1.049 1.054 1.084 1.138 1.154 1.141
0.000 0.000 0.000 0.000 0.000 0.001 0.002 0.003 0.005 0.009 0.013 0.022 0.038 0.074 0.165 0.400 0.953 2.050 3.803 5.710 6.903 7.328 7.361 7.229 6.927 6.504 5.910 4.974 3.671 2.668 2.380 2.493 3.040 3.706 4.032 4.137 4.145 4.092 3.970 3.803 3.533 3.068 2.561 2.266 2.078 1.911 1.730 1.489 1.228 1.028 0.884 0.772 0.689 0.643 0.630 0.633 0.664 0.747 0.886 1.056 1.197 1.278 1.300 1.298 1.281 1.209 1.086 1.018 0.997 0.995 0.999 1.008 1.033 1.084 1.151 1.171 1.147
0.000 0.000 0.000 0.000 0.001 0.002 0.003 0.005 0.009 0.014 0.022 0.036 0.064 0.126 0.278 0.650 1.468 2.943 5.019 6.754 7.678 7.977 7.954 7.671 7.125 6.410 5.381 3.930 2.698 2.169 2.114 2.363 3.027 3.661 3.909 3.955 3.945 3.904 3.797 3.603 3.286 2.793 2.388 2.162 2.006 1.855 1.677 1.427 1.152 0.953 0.822 0.735 0.673 0.637 0.624 0.625 0.652 0.738 0.885 1.042 1.175 1.261 1.286 1.282 1.242 1.146 1.030 0.966 0.941 0.937 0.951 0.987 1.036 1.094 1.140 1.150 1.117
0.000 0.000 0.000 0.001 0.002 0.004 0.006 0.009 0.014 0.022 0.036 0.060 0.106 0.205 0.440 0.986 2.120 4.029 6.209 7.736 8.457 8.621 8.488 8.005 7.195 6.104 4.569 2.987 2.134 1.901 1.948 2.296 3.014 3.568 3.760 3.791 3.779 3.734 3.634 3.433 3.058 2.545 2.230 2.063 1.933 1.796 1.597 1.318 1.054 0.869 0.738 0.645 0.591 0.573 0.571 0.584 0.630 0.735 0.900 1.057 1.176 1.249 1.270 1.259 1.208 1.097 0.985 0.929 0.910 0.906 0.922 0.979 1.050 1.104 1.129 1.117 1.066
0.000 0.000 0.001 0.002 0.004 0.006 0.010 0.015 0.023 0.035 0.057 0.095 0.167 0.315 0.648 1.395 2.875 5.196 7.279 8.533 9.058 9.131 8.865 8.147 6.997 5.355 3.510 2.280 1.826 1.764 1.882 2.273 2.971 3.447 3.604 3.632 3.623 3.569 3.429 3.175 2.774 2.349 2.106 1.972 1.855 1.714 1.504 1.223 0.975 0.798 0.680 0.598 0.541 0.512 0.507 0.526 0.592 0.717 0.894 1.060 1.176 1.235 1.252 1.238 1.173 1.053 0.949 0.895 0.877 0.882 0.914 0.979 1.064 1.114 1.126 1.108 1.049
0.000 0.001 0.002 0.004 0.007 0.010 0.016 0.024 0.036 0.055 0.086 0.141 0.247 0.464 0.926 1.899 3.748 6.325 8.207 9.187 9.492 9.466 9.030 7.993 6.277 4.164 2.573 1.873 1.689 1.703 1.880 2.319 2.966 3.358 3.500 3.518 3.498 3.433 3.279 2.997 2.575 2.232 2.029 1.895 1.768 1.608 1.397 1.121 0.892 0.741 0.639 0.566 0.516 0.490 0.485 0.496 0.550 0.664 0.837 1.012 1.131 1.185 1.192 1.177 1.117 0.999 0.907 0.864 0.855 0.870 0.922 1.000 1.083 1.132 1.134 1.103 1.054
0.001 0.002 0.004 0.007 0.011 0.017 0.025 0.038 0.055 0.081 0.124 0.201 0.353 0.665 1.308 2.584 4.852 7.362 8.877 9.599 9.742 9.572 8.861 7.270 4.904 2.960 2.006 1.680 1.626 1.691 1.936 2.442 3.023 3.303 3.403 3.428 3.411 3.329 3.133 2.791 2.393 2.135 1.972 1.830 1.690 1.530 1.307 1.035 0.827 0.693 0.605 0.540 0.494 0.469 0.464 0.474 0.520 0.624 0.784 0.951 1.064 1.115 1.123 1.102 1.034 0.931 0.868 0.846 0.844 0.874 0.956 1.054 1.119 1.151 1.153 1.124 1.098
0.002 0.004 0.007 0.011 0.017 0.026 0.039 0.056 0.081 0.117 0.178 0.290 0.512 0.962 1.859 3.588 6.155 8.213 9.279 9.728 9.812 9.488 8.146 5.611 3.330 2.148 1.695 1.572 1.576 1.708 2.035 2.547 3.050 3.300 3.349 3.354 3.323 3.201 2.958 2.594 2.256 2.043 1.905 1.783 1.644 1.469 1.230 0.964 0.773 0.650 0.569 0.512 0.474 0.454 0.447 0.456 0.505 0.611 0.772 0.930 1.037 1.079 1.078 1.041 0.956 0.877 0.843 0.835 0.847 0.902 1.013 1.112 1.169 1.190 1.189 1.181 1.183
0.004 0.007 0.011 0.017 0.026 0.039 0.056 0.080 0.115 0.168 0.262 0.437 0.771 1.419 2.698 5.042 7.365 8.743 9.450 9.694 9.577 8.550 6.111 3.636 2.330 1.766 1.560 1.517 1.550 1.724 2.119 2.645 3.047 3.282 3.345 3.330 3.263 3.097 2.783 2.397 2.125 1.962 1.843 1.739 1.615 1.425 1.157 0.898 0.717 0.599 0.528 0.480 0.446 0.431 0.429 0.440 0.489 0.602 0.775 0.922 1.016 1.051 1.045 0.990 0.903 0.851 0.829 0.828 0.859 0.955 1.100 1.194 1.241 1.268 1.283 1.300 1.341
0.008 0.012 0.017 0.026 0.039 0.056 0.080 0.112 0.162 0.246 0.396 0.675 1.178 2.096 3.824 6.373 8.095 8.963 9.382 9.409 8.607 6.302 3.800 2.495 1.883 1.600 1.487 1.469 1.533 1.752 2.198 2.739 3.058 3.227 3.294 3.276 3.183 2.983 2.623 2.234 2.015 1.896 1.802 1.701 1.573 1.381 1.096 0.832 0.661 0.551 0.481 0.437 0.410 0.399 0.400 0.420 0.479 0.601 0.782 0.931 1.016 1.041 1.026 0.958 0.878 0.840 0.827 0.835 0.894 1.030 1.201 1.307 1.359 1.396 1.438 1.496 1.596
0.012 0.018 0.026 0.039 0.057 0.081 0.113 0.158 0.232 0.364 0.608 1.048 1.808 3.075 5.033 7.119 8.334 8.893 9.015 8.431 6.497 4.132 2.736 2.035 1.687 1.513 1.441 1.436 1.522 1.791 2.270 2.772 3.040 3.124 3.154 3.157 3.081 2.858 2.462 2.091 1.903 1.818 1.756 1.680 1.550 1.338 1.048 0.795 0.630 0.528 0.459 0.412 0.388 0.382 0.385 0.407 0.475 0.610 0.802 0.951 1.027 1.045 1.026 0.949 0.874 0.845 0.841 0.869 0.965 1.141 1.318 1.437 1.525 1.603 1.688 1.799 1.936
0.020 0.028 0.040 0.058 0.082 0.115 0.159 0.226 0.339 0.546 0.927 1.604 2.686 4.190 5.945 7.365 8.175 8.434 8.082 6.637 4.488 3.019 2.224 1.787 1.552 1.438 1.398 1.410 1.528 1.830 2.338 2.782 3.002 3.072 3.072 3.046 2.944 2.714 2.300 1.970 1.833 1.772 1.725 1.654 1.522 1.302 1.004 0.758 0.601 0.505 0.442 0.398 0.374 0.369 0.373 0.399 0.475 0.625 0.826 0.970 1.039 1.053 1.029 0.948 0.884 0.867 0.875 0.927 1.059 1.273 1.471 1.600 1.705 1.823 1.944 2.057 2.170
0.030 0.043 0.060 0.084 0.117 0.161 0.224 0.325 0.505 0.829 1.411 2.321 3.480 4.927 6.302 7.186 7.551 7.465 6.770 5.146 3.479 2.516 1.968 1.651 1.468 1.380 1.362 1.398 1.541 1.856 2.373 2.803 2.984 3.026 3.020 2.968 2.830 2.534 2.102 1.831 1.738 1.705 1.671 1.613 1.485 1.264 0.966 0.733 0.585 0.493 0.431 0.389 0.364 0.357 0.360 0.389 0.471 0.634 0.837 0.974 1.039 1.050 1.018 0.946 0.907 0.900 0.922 1.011 1.188 1.425 1.638 1.790 1.890 1.992 2.108 2.181 2.240
0.046 0.065 0.088 0.119 0.161 0.221 0.313 0.470 0.751 1.249 2.021 2.967 3.989 5.215 6.210 6.647 6.696 6.479 5.629 4.090 2.871 2.180 1.767 1.515 1.374 1.319 1.321 1.384 1.549 1.873 2.379 2.764 2.939 2.978 2.971 2.919 2.746 2.384 1.953 1.732 1.662 1.643 1.621 1.567 1.451 1.234 0.934 0.716 0.579 0.490 0.427 0.383 0.358 0.349 0.351 0.378 0.464 0.640 0.848 0.977 1.035 1.042 1.006 0.952 0.936 0.945 1.000 1.140 1.379 1.606 1.775 1.925 2.038 2.110 2.180 2.212 2.215
0.068 0.093 0.124 0.164 0.219 0.301 0.436 0.670 1.073 1.712 2.520 3.317 4.182 5.185 5.818 6.011 5.970 5.650 4.762 3.433 2.519 1.978 1.634 1.417 1.307 1.274 1.286 1.361 1.540 1.877 2.378 2.723 2.886 2.943 2.944 2.863 2.635 2.219 1.842 1.665 1.611 1.605 1.597 1.548 1.422 1.200 0.902 0.696 0.572 0.487 0.425 0.379 0.351 0.342 0.343 0.370 0.460 0.646 0.865 0.992 1.041 1.044 1.002 0.964 0.964 0.997 1.095 1.282 1.543 1.743 1.874 1.990 2.099 2.158 2.182 2.144 1.981
