RESULTS/r.avaflow_results/23_results/23_ascii/23_hflow0056.asc
ncols 506
nrows 317
xllcenter 498237.50
yllcenter 5580050.00
cellsize 12.50
NODATA_value -9999.000
[rows 170 to 203 of 317, columns 77 to 153 of 506]
0.000 0.000 0.000 0.000 0.000 0.000 0.001 0.003 0.004 0.006 0.008 0.012 0.019 0.030 0.048 0.070 0.095 0.120 0.146 0.174 0.208 0.255 0.333 0.459 0.622 0.734 0.771 0.771 0.761 0.743 0.714 0.673 0.617 0.546 0.484 0.444 0.426 0.425 0.442 0.494 0.605 0.819 1.222 1.909 2.879 3.917 4.843 5.759 6.741 7.807 8.972 10.206 11.389 12.342 12.950 13.227 13.395 13.569 13.805 14.097 14.441 14.804 15.111 15.361 15.575 15.690 15.627 15.405 15.082 14.671 14.236 13.832 13.474 13.190 12.978 12.815 12.644
0.000 0.000 0.000 0.000 0.000 0.002 0.004 0.007 0.011 0.016 0.022 0.033 0.051 0.080 0.117 0.160 0.204 0.249 0.297 0.348 0.409 0.492 0.618 0.782 0.923 0.986 0.994 0.985 0.967 0.938 0.895 0.834 0.750 0.664 0.607 0.580 0.576 0.595 0.659 0.808 1.089 1.554 2.281 3.327 4.604 5.766 6.785 7.787 8.799 9.802 10.790 11.736 12.531 13.080 13.364 13.497 13.626 13.780 13.998 14.266 14.567 14.875 15.146 15.386 15.594 15.661 15.534 15.236 14.888 14.545 14.256 14.023 13.885 13.857 13.929 14.077 14.276
0.000 0.000 0.000 0.000 0.001 0.004 0.008 0.014 0.022 0.033 0.048 0.072 0.110 0.163 0.226 0.292 0.360 0.431 0.508 0.592 0.691 0.822 0.986 1.125 1.198 1.219 1.218 1.207 1.184 1.145 1.086 1.002 0.891 0.803 0.758 0.748 0.762 0.825 0.990 1.334 1.908 2.733 3.833 5.229 6.633 7.746 8.708 9.652 10.563 11.427 12.180 12.794 13.200 13.409 13.481 13.554 13.664 13.814 14.018 14.270 14.556 14.850 15.113 15.345 15.520 15.518 15.328 15.013 14.731 14.515 14.389 14.360 14.440 14.614 14.890 15.315 15.946
0.000 0.000 0.000 0.000 0.002 0.006 0.013 0.023 0.035 0.053 0.078 0.116 0.170 0.240 0.324 0.418 0.525 0.641 0.762 0.886 1.023 1.174 1.313 1.402 1.441 1.448 1.446 1.435 1.408 1.361 1.287 1.177 1.043 0.954 0.919 0.919 0.962 1.112 1.468 2.135 3.139 4.425 5.864 7.317 8.543 9.518 10.389 11.212 11.956 12.621 13.129 13.452 13.574 13.568 13.523 13.555 13.646 13.783 13.974 14.208 14.477 14.756 15.004 15.207 15.326 15.267 15.064 14.800 14.620 14.539 14.547 14.636 14.810 15.078 15.486 16.122 17.068
0.000 0.000 0.000 0.000 0.002 0.008 0.016 0.027 0.044 0.067 0.098 0.143 0.206 0.289 0.390 0.514 0.662 0.835 1.017 1.183 1.337 1.478 1.588 1.654 1.680 1.686 1.684 1.672 1.641 1.585 1.496 1.360 1.200 1.094 1.053 1.054 1.115 1.342 1.910 2.948 4.455 6.215 7.785 9.098 10.173 11.051 11.805 12.456 12.992 13.414 13.687 13.797 13.762 13.622 13.513 13.510 13.577 13.690 13.859 14.069 14.306 14.547 14.763 14.930 15.002 14.940 14.787 14.600 14.513 14.519 14.595 14.732 14.950 15.284 15.795 16.559 17.636
0.000 0.000 0.000 0.000 0.003 0.008 0.017 0.030 0.047 0.073 0.108 0.157 0.226 0.318 0.436 0.584 0.766 0.989 1.238 1.451 1.624 1.760 1.855 1.909 1.931 1.935 1.933 1.920 1.885 1.819 1.712 1.554 1.360 1.221 1.160 1.156 1.220 1.476 2.155 3.437 5.344 7.534 9.268 10.571 11.569 12.350 12.940 13.373 13.696 13.905 13.992 13.962 13.825 13.611 13.465 13.409 13.430 13.519 13.658 13.836 14.034 14.233 14.406 14.527 14.580 14.560 14.480 14.370 14.357 14.429 14.548 14.713 14.953 15.320 15.878 16.683 17.770
0.000 0.000 0.000 0.000 0.003 0.008 0.017 0.030 0.048 0.074 0.111 0.163 0.236 0.335 0.464 0.628 0.835 1.094 1.405 1.685 1.890 2.035 2.127 2.177 2.198 2.201 2.198 2.182 2.141 2.064 1.941 1.759 1.525 1.342 1.250 1.234 1.288 1.536 2.232 3.622 5.787 8.406 10.420 11.813 12.766 13.415 13.810 14.023 14.161 14.211 14.164 14.019 13.808 13.555 13.361 13.244 13.210 13.267 13.374 13.517 13.672 13.823 13.941 14.022 14.071 14.089 14.071 14.022 14.049 14.158 14.304 14.503 14.772 15.168 15.760 16.582 17.650
0.000 0.000 0.000 0.000 0.003 0.008 0.017 0.030 0.048 0.074 0.110 0.163 0.238 0.342 0.477 0.651 0.872 1.152 1.505 1.870 2.137 2.308 2.411 2.466 2.486 2.489 2.484 2.464 2.415 2.325 2.183 1.975 1.699 1.463 1.329 1.294 1.331 1.552 2.222 3.627 5.909 8.897 11.288 12.838 13.755 14.237 14.441 14.500 14.492 14.401 14.234 14.006 13.737 13.439 13.195 13.019 12.932 12.944 13.009 13.111 13.223 13.319 13.386 13.434 13.462 13.482 13.482 13.459 13.490 13.603 13.756 13.967 14.250 14.668 15.286 16.137 17.206
0.000 0.000 0.000 0.000 0.002 0.008 0.016 0.028 0.045 0.069 0.105 0.159 0.236 0.342 0.481 0.658 0.884 1.173 1.544 1.988 2.359 2.590 2.717 2.781 2.804 2.807 2.800 2.772 2.712 2.604 2.439 2.203 1.886 1.589 1.404 1.336 1.352 1.533 2.140 3.515 5.848 9.068 11.863 13.618 14.509 14.836 14.896 14.844 14.708 14.486 14.229 13.941 13.605 13.261 12.972 12.751 12.621 12.587 12.605 12.649 12.700 12.736 12.748 12.747 12.728 12.714 12.688 12.652 12.656 12.741 12.881 13.088 13.386 13.830 14.472 15.342 16.435
0.000 0.000 0.000 0.000 0.002 0.006 0.013 0.023 0.038 0.059 0.091 0.143 0.222 0.333 0.477 0.657 0.885 1.176 1.550 2.030 2.527 2.869 3.050 3.128 3.156 3.161 3.151 3.114 3.036 2.906 2.713 2.446 2.091 1.729 1.483 1.369 1.358 1.480 1.974 3.241 5.591 8.982 12.114 14.104 15.006 15.217 15.192 15.040 14.796 14.494 14.173 13.813 13.412 13.029 12.703 12.449 12.285 12.207 12.176 12.166 12.149 12.129 12.080 12.020 11.945 11.866 11.773 11.671 11.607 11.635 11.745 11.948 12.276 12.764 13.442 14.318 15.414
0.000 0.000 0.000 0.000 0.001 0.004 0.009 0.016 0.025 0.041 0.066 0.110 0.183 0.294 0.443 0.632 0.866 1.160 1.536 2.020 2.601 3.090 3.373 3.488 3.524 3.528 3.516 3.473 3.381 3.230 3.008 2.709 2.318 1.893 1.579 1.406 1.359 1.416 1.764 2.836 5.116 8.676 12.104 14.280 15.262 15.427 15.333 15.097 14.794 14.438 14.045 13.611 13.166 12.757 12.405 12.126 11.932 11.813 11.734 11.666 11.591 11.507 11.403 11.292 11.167 11.032 10.887 10.730 10.616 10.596 10.670 10.850 11.164 11.635 12.294 13.144 14.200
0.000 0.000 0.000 0.000 0.001 0.002 0.005 0.008 0.013 0.021 0.035 0.063 0.117 0.211 0.353 0.542 0.781 1.076 1.449 1.933 2.551 3.189 3.622 3.809 3.854 3.858 3.844 3.796 3.699 3.540 3.308 2.989 2.572 2.093 1.708 1.466 1.375 1.391 1.610 2.421 4.472 8.058 11.818 14.214 15.310 15.487 15.351 15.073 14.722 14.307 13.837 13.337 12.866 12.448 12.085 11.788 11.560 11.397 11.268 11.146 11.024 10.883 10.729 10.563 10.389 10.209 10.026 9.841 9.710 9.668 9.720 9.877 10.155 10.563 11.114 11.846 12.786
0.000 0.000 0.000 0.000 0.000 0.001 0.002 0.004 0.006 0.009 0.015 0.028 0.053 0.105 0.203 0.359 0.573 0.846 1.194 1.665 2.315 3.112 3.738 4.055 4.131 4.134 4.118 4.069 3.974 3.820 3.591 3.274 2.855 2.346 1.894 1.583 1.432 1.414 1.547 2.131 3.812 7.144 11.182 13.860 15.150 15.411 15.273 14.947 14.532 14.046 13.515 12.996 12.524 12.109 11.747 11.436 11.174 10.962 10.779 10.608 10.438 10.253 10.051 9.832 9.610 9.388 9.177 8.991 8.863 8.812 8.848 8.979 9.205 9.526 9.956 10.527 11.270
0.000 0.000 0.000 0.000 0.000 0.000 0.001 0.002 0.003 0.004 0.006 0.011 0.020 0.041 0.084 0.163 0.289 0.473 0.743 1.159 1.818 2.784 3.680 4.182 4.341 4.352 4.334 4.288 4.203 4.065 3.857 3.564 3.167 2.662 2.161 1.789 1.571 1.508 1.580 1.994 3.303 6.180 10.257 13.183 14.648 15.031 14.954 14.640 14.189 13.643 13.064 12.552 12.107 11.716 11.370 11.055 10.771 10.511 10.274 10.056 9.835 9.606 9.364 9.100 8.831 8.572 8.351 8.179 8.062 8.006 8.023 8.116 8.285 8.524 8.851 9.292 9.870
0.000 0.000 0.000 0.000 0.000 0.000 0.000 0.001 0.001 0.002 0.002 0.004 0.007 0.014 0.029 0.059 0.113 0.201 0.347 0.618 1.164 2.174 3.414 4.171 4.459 4.502 4.490 4.455 4.386 4.274 4.104 3.855 3.507 3.046 2.530 2.114 1.839 1.722 1.735 2.023 3.020 5.352 9.105 12.171 13.759 14.276 14.294 14.066 13.643 13.078 12.474 11.981 11.585 11.250 10.931 10.630 10.343 10.063 9.790 9.526 9.258 8.982 8.697 8.396 8.097 7.822 7.595 7.420 7.302 7.236 7.224 7.265 7.370 7.541 7.794 8.139 8.577
0.000 0.000 0.000 0.000 0.000 0.000 0.000 0.000 0.000 0.001 0.001 0.002 0.003 0.005 0.010 0.021 0.041 0.078 0.148 0.298 0.660 1.496 2.872 3.972 4.471 4.589 4.591 4.568 4.522 4.444 4.321 4.132 3.861 3.487 3.011 2.580 2.276 2.115 2.086 2.242 2.959 4.755 7.859 10.817 12.478 13.122 13.233 13.129 12.814 12.323 11.731 11.240 10.888 10.625 10.385 10.142 9.889 9.619 9.334 9.033 8.720 8.398 8.066 7.732 7.418 7.138 6.900 6.710 6.575 6.488 6.437 6.425 6.471 6.594 6.795 7.057 7.353
0.000 0.000 0.000 0.000 0.000 0.000 0.000 0.000 0.000 0.000 0.001 0.001 0.001 0.002 0.005 0.010 0.019 0.038 0.074 0.156 0.372 0.946 2.128 3.509 4.313 4.605 4.646 4.640 4.620 4.577 4.499 4.368 4.174 3.906 3.551 3.183 2.904 2.731 2.672 2.735 3.181 4.457 6.797 9.335 10.920 11.639 11.815 11.804 11.653 11.336 10.837 10.318 9.973 9.794 9.677 9.547 9.388 9.162 8.884 8.555 8.205 7.838 7.464 7.104 6.780 6.492 6.246 6.040 5.875 5.751 5.659 5.602 5.602 5.676 5.825 6.005 6.154
0.000 0.000 0.000 0.000 0.000 0.000 0.000 0.000 0.000 0.000 0.000 0.001 0.001 0.002 0.004 0.008 0.015 0.029 0.055 0.109 0.241 0.594 1.412 2.759 3.917 4.494 4.658 4.679 4.687 4.675 4.637 4.558 4.430 4.248 4.007 3.761 3.588 3.488 3.447 3.460 3.674 4.463 6.090 8.147 9.541 10.203 10.396 10.420 10.368 10.209 9.891 9.448 9.067 8.867 8.817 8.805 8.773 8.646 8.400 8.066 7.693 7.294 6.891 6.508 6.163 5.865 5.614 5.395 5.199 5.029 4.892 4.796 4.751 4.769 4.841 4.902 4.879
0.000 0.000 0.000 0.000 0.000 0.000 0.000 0.000 0.000 0.000 0.000 0.001 0.001 0.002 0.004 0.008 0.016 0.029 0.055 0.103 0.199 0.416 0.930 1.934 3.247 4.180 4.580 4.691 4.730 4.748 4.740 4.703 4.627 4.510 4.349 4.198 4.106 4.067 4.063 4.106 4.261 4.711 5.740 7.288 8.478 9.082 9.292 9.346 9.338 9.266 9.079 8.771 8.402 8.132 8.025 8.010 8.027 7.998 7.832 7.534 7.164 6.752 6.333 5.929 5.559 5.246 4.988 4.760 4.540 4.329 4.146 4.003 3.900 3.824 3.747 3.616 3.390
0.000 0.000 0.000 0.000 0.000 0.000 0.000 0.000 0.000 0.000 0.000 0.001 0.001 0.003 0.006 0.011 0.021 0.037 0.065 0.113 0.198 0.354 0.670 1.325 2.457 3.642 4.338 4.631 4.742 4.794 4.814 4.806 4.770 4.697 4.590 4.504 4.461 4.448 4.460 4.524 4.680 4.993 5.634 6.714 7.702 8.246 8.461 8.531 8.543 8.512 8.407 8.202 7.910 7.605 7.404 7.304 7.254 7.217 7.121 6.903 6.573 6.172 5.743 5.333 4.957 4.632 4.365 4.125 3.888 3.644 3.406 3.190 2.980 2.748 2.478 2.168 1.853
0.000 0.000 0.000 0.000 0.000 0.000 0.000 0.000 0.000 0.000 0.000 0.001 0.002 0.005 0.010 0.020 0.035 0.058 0.092 0.142 0.220 0.351 0.575 1.006 1.817 2.967 3.895 4.418 4.682 4.810 4.865 4.876 4.864 4.818 4.746 4.697 4.678 4.677 4.694 4.760 4.903 5.156 5.591 6.332 7.126 7.609 7.825 7.899 7.917 7.904 7.843 7.702 7.485 7.201 6.935 6.725 6.557 6.412 6.272 6.087 5.806 5.433 5.002 4.608 4.264 3.954 3.674 3.409 3.139 2.854 2.544 2.214 1.880 1.566 1.286 1.040 0.827
0.000 0.000 0.000 0.000 0.000 0.000 0.000 0.000 0.000 0.000 0.000 0.001 0.003 0.008 0.017 0.035 0.060 0.095 0.139 0.196 0.272 0.386 0.571 0.890 1.463 2.357 3.319 4.027 4.486 4.750 4.877 4.917 4.915 4.882 4.829 4.798 4.788 4.794 4.815 4.877 4.999 5.203 5.525 6.023 6.645 7.080 7.303 7.388 7.411 7.406 7.362 7.255 7.076 6.823 6.532 6.237 5.949 5.671 5.401 5.135 4.840 4.479 4.058 3.673 3.340 3.032 2.726 2.415 2.097 1.773 1.441 1.138 0.890 0.691 0.531 0.405 0.310
0.000 0.000 0.000 0.000 0.000 0.000 0.000 0.000 0.000 0.000 0.000 0.001 0.004 0.010 0.024 0.049 0.088 0.139 0.200 0.271 0.356 0.465 0.623 0.886 1.326 1.981 2.801 3.559 4.162 4.578 4.816 4.918 4.928 4.901 4.856 4.833 4.830 4.842 4.866 4.924 5.030 5.195 5.430 5.750 6.197 6.593 6.827 6.938 6.975 6.975 6.939 6.844 6.678 6.435 6.130 5.779 5.394 4.986 4.568 4.160 3.757 3.337 2.907 2.513 2.164 1.842 1.538 1.259 1.004 0.776 0.583 0.432 0.318 0.236 0.178 0.137 0.106
0.000 0.000 0.000 0.000 0.000 0.000 0.000 0.000 0.000 0.000 0.000 0.001 0.004 0.011 0.026 0.056 0.103 0.167 0.247 0.342 0.453 0.581 0.736 0.957 1.313 1.825 2.473 3.180 3.813 4.319 4.662 4.849 4.905 4.891 4.856 4.836 4.837 4.850 4.878 4.931 5.022 5.147 5.301 5.491 5.764 6.091 6.354 6.506 6.571 6.578 6.545 6.452 6.289 6.041 5.714 5.313 4.841 4.311 3.744 3.189 2.664 2.192 1.789 1.447 1.153 0.897 0.679 0.499 0.357 0.250 0.175 0.126 0.094 0.072 0.057 0.045 0.037
0.000 0.000 0.000 0.000 0.000 0.000 0.000 0.000 0.000 0.000 0.000 0.001 0.004 0.011 0.026 0.057 0.106 0.180 0.275 0.391 0.529 0.688 0.873 1.092 1.383 1.795 2.326 2.942 3.533 4.038 4.433 4.692 4.809 4.830 4.824 4.816 4.823 4.840 4.867 4.913 4.977 5.048 5.125 5.211 5.342 5.545 5.795 6.002 6.120 6.154 6.135 6.048 5.869 5.571 5.155 4.654 4.083 3.438 2.749 2.116 1.610 1.231 0.933 0.695 0.502 0.349 0.236 0.155 0.102 0.068 0.048 0.036 0.028 0.023 0.020 0.017 0.015
0.000 0.000 0.000 0.000 0.000 0.000 0.000 0.000 0.000 0.000 0.000 0.001 0.003 0.010 0.024 0.053 0.103 0.180 0.287 0.423 0.583 0.765 0.970 1.203 1.479 1.827 2.268 2.797 3.329 3.790 4.173 4.460 4.631 4.701 4.733 4.750 4.770 4.796 4.820 4.848 4.879 4.900 4.909 4.904 4.911 4.974 5.108 5.290 5.433 5.494 5.493 5.396 5.150 4.726 4.130 3.452 2.763 2.091 1.503 1.068 0.765 0.546 0.385 0.265 0.177 0.114 0.071 0.044 0.028 0.019 0.014 0.012 0.010 0.010 0.009 0.009 0.008
0.000 0.000 0.000 0.000 0.000 0.000 0.000 0.000 0.000 0.000 0.000 0.001 0.002 0.007 0.018 0.043 0.091 0.172 0.288 0.441 0.620 0.817 1.031 1.264 1.529 1.845 2.226 2.679 3.151 3.565 3.914 4.191 4.387 4.504 4.575 4.622 4.660 4.692 4.711 4.721 4.722 4.701 4.652 4.570 4.463 4.383 4.349 4.364 4.390 4.388 4.336 4.168 3.813 3.234 2.496 1.823 1.296 0.887 0.591 0.395 0.267 0.182 0.124 0.084 0.054 0.033 0.020 0.012 0.008 0.006 0.006 0.005 0.005 0.005 0.005 0.006 0.006
0.000 0.000 0.000 0.000 0.000 0.000 0.000 0.000 0.001 0.001 0.001 0.001 0.001 0.004 0.011 0.029 0.070 0.151 0.278 0.446 0.642 0.849 1.063 1.292 1.546 1.838 2.178 2.568 2.976 3.338 3.650 3.907 4.109 4.256 4.359 4.429 4.482 4.514 4.524 4.523 4.505 4.455 4.361 4.219 4.024 3.817 3.625 3.441 3.245 3.025 2.785 2.502 2.126 1.629 1.119 0.734 0.466 0.289 0.178 0.113 0.075 0.051 0.035 0.024 0.015 0.009 0.005 0.004 0.003 0.003 0.003 0.003 0.003 0.004 0.004 0.004 0.005
0.000 0.000 0.001 0.001 0.001 0.001 0.001 0.001 0.001 0.001 0.001 0.001 0.001 0.002 0.006 0.019 0.052 0.126 0.257 0.438 0.650 0.862 1.075 1.299 1.545 1.818 2.119 2.452 2.796 3.105 3.375 3.611 3.807 3.963 4.085 4.170 4.228 4.255 4.259 4.254 4.226 4.160 4.038 3.851 3.596 3.299 2.994 2.681 2.349 2.001 1.664 1.341 1.015 0.688 0.428 0.256 0.150 0.087 0.051 0.031 0.020 0.014 0.009 0.006 0.004 0.003 0.002 0.001 0.001 0.001 0.002 0.002 0.002 0.002 0.003 0.003 0.004
0.001 0.001 0.001 0.001 0.001 0.001 0.001 0.001 0.001 0.001 0.001 0.001 0.001 0.001 0.004 0.013 0.039 0.105 0.232 0.421 0.648 0.862 1.075 1.297 1.532 1.782 2.047 2.330 2.609 2.863 3.090 3.294 3.473 3.619 3.740 3.832 3.893 3.923 3.926 3.920 3.890 3.817 3.682 3.471 3.177 2.826 2.450 2.065 1.682 1.318 0.989 0.701 0.460 0.277 0.158 0.088 0.047 0.026 0.014 0.008 0.005 0.004 0.002 0.002 0.001 0.001 0.001 0.001 0.001 0.001 0.001 0.001 0.001 0.002 0.002 0.003 0.003
0.002 0.002 0.002 0.002 0.001 0.001 0.001 0.001 0.001 0.001 0.001 0.001 0.001 0.001 0.003 0.009 0.030 0.086 0.204 0.392 0.627 0.852 1.067 1.282 1.503 1.728 1.957 2.186 2.405 2.608 2.793 2.958 3.098 3.216 3.317 3.402 3.473 3.520 3.536 3.535 3.509 3.435 3.298 3.078 2.772 2.396 1.983 1.575 1.201 0.871 0.590 0.368 0.211 0.114 0.059 0.030 0.015 0.008 0.004 0.002 0.001 0.001 0.001 0.001 0.000 0.000 0.000 0.000 0.000 0.000 0.000 0.001 0.001 0.001 0.002 0.002 0.003
0.003 0.003 0.002 0.002 0.002 0.001 0.001 0.001 0.001 0.001 0.001 0.001 0.001 0.001 0.002 0.006 0.021 0.065 0.167 0.340 0.574 0.820 1.041 1.250 1.453 1.650 1.839 2.018 2.184 2.339 2.476 2.590 2.680 2.751 2.812 2.873 2.949 3.029 3.074 3.089 3.076 3.018 2.888 2.674 2.373 1.997 1.576 1.186 0.847 0.565 0.345 0.191 0.098 0.048 0.022 0.010 0.005 0.002 0.001 0.001 0.001 0.000 0.000 0.000 0.000 0.000 0.000 0.001 0.000 0.000 0.000 0.000 0.001 0.001 0.002 0.002 0.004
0.004 0.003 0.003 0.002 0.002 0.001 0.001 0.001 0.001 0.001 0.001 0.001 0.001 0.001 0.002 0.004 0.012 0.040 0.113 0.255 0.469 0.732 0.981 1.192 1.376 1.541 1.690 1.823 1.943 2.048 2.132 2.190 2.222 2.231 2.224 2.234 2.280 2.367 2.444 2.489 2.509 2.492 2.410 2.233 1.962 1.607 1.202 0.853 0.568 0.346 0.190 0.095 0.044 0.020 0.008 0.004 0.002 0.001 0.001 0.000 0.000 0.000 0.000 0.000 0.000 0.000 0.000 0.000 0.000 0.000 0.000 0.000 0.000 0.001 0.001 0.003 0.006
0.004 0.004 0.003 0.002 0.002 0.001 0.001 0.001 0.001 0.001 0.001 0.001 0.001 0.001 0.002 0.002 0.006 0.019 0.056 0.141 0.300 0.543 0.824 1.065 1.250 1.394 1.508 1.602 1.676 1.729 1.759 1.765 1.743 1.692 1.609 1.535 1.505 1.533 1.591 1.649 1.704 1.746 1.743 1.664 1.479 1.191 0.843 0.557 0.342 0.189 0.094 0.043 0.019 0.008 0.003 0.001 0.001 0.000 0.000 0.000 0.000 0.000 0.000 0.000 0.000 0.000 0.000 0.000 0.000 0.000 0.000 0.000 0.000 0.001 0.002 0.005 0.013
