RESULTS/r.avaflow_results/23_results/23_ascii/23_hflow10053.asc
ncols 506
nrows 317
xllcenter 498237.50
yllcenter 5580050.00
cellsize 12.50
NODATA_value -9999.000
[rows 170 to 203 of 317, columns 77 to 153 of 506]
0.000 0.000 0.000 0.000 0.000 0.000 0.001 0.002 0.004 0.005 0.007 0.010 0.016 0.026 0.040 0.059 0.080 0.103 0.126 0.153 0.186 0.236 0.319 0.456 0.638 0.771 0.821 0.828 0.826 0.818 0.803 0.776 0.732 0.666 0.594 0.543 0.517 0.511 0.524 0.568 0.665 0.857 1.235 1.901 2.860 3.895 4.812 5.715 6.672 7.716 8.855 10.060 11.182 12.066 12.563 12.694 12.682 12.642 12.608 12.556 12.471 12.316 12.004 11.547 10.970 10.297 9.550 8.773 8.050 7.382 6.773 6.225 5.730 5.282 4.865 4.473 4.104
0.000 0.000 0.000 0.000 0.000 0.001 0.003 0.006 0.009 0.014 0.019 0.029 0.044 0.069 0.101 0.138 0.176 0.217 0.261 0.311 0.372 0.461 0.595 0.780 0.946 1.028 1.046 1.046 1.039 1.024 0.998 0.955 0.887 0.800 0.731 0.694 0.684 0.699 0.755 0.890 1.148 1.588 2.292 3.323 4.596 5.754 6.759 7.744 8.730 9.711 10.674 11.583 12.323 12.785 12.953 12.932 12.885 12.821 12.766 12.689 12.566 12.361 12.023 11.563 10.987 10.311 9.555 8.773 8.053 7.402 6.821 6.305 5.845 5.431 5.052 4.697 4.367
0.000 0.000 0.000 0.000 0.001 0.003 0.007 0.012 0.019 0.029 0.042 0.063 0.097 0.143 0.198 0.256 0.315 0.379 0.452 0.536 0.636 0.776 0.961 1.130 1.228 1.265 1.271 1.269 1.260 1.240 1.202 1.141 1.047 0.949 0.893 0.877 0.887 0.941 1.092 1.414 1.964 2.767 3.852 5.241 6.639 7.739 8.676 9.600 10.497 11.337 12.070 12.640 12.990 13.098 13.052 12.972 12.912 12.845 12.776 12.684 12.546 12.330 11.999 11.544 10.975 10.306 9.550 8.768 8.057 7.423 6.862 6.364 5.924 5.531 5.181 4.862 4.568
0.000 0.000 0.000 0.000 0.002 0.005 0.011 0.020 0.032 0.048 0.071 0.105 0.153 0.217 0.293 0.377 0.471 0.573 0.684 0.809 0.954 1.128 1.299 1.416 1.477 1.499 1.503 1.501 1.489 1.463 1.414 1.332 1.210 1.105 1.058 1.052 1.088 1.226 1.565 2.211 3.198 4.474 5.909 7.360 8.565 9.520 10.365 11.172 11.901 12.535 13.025 13.297 13.351 13.237 13.075 12.966 12.886 12.809 12.731 12.621 12.474 12.254 11.931 11.494 10.944 10.289 9.539 8.761 8.061 7.438 6.886 6.398 5.966 5.588 5.258 4.967 4.703
0.000 0.000 0.000 0.000 0.002 0.007 0.014 0.025 0.040 0.061 0.090 0.132 0.190 0.266 0.360 0.473 0.608 0.763 0.934 1.108 1.279 1.448 1.586 1.678 1.724 1.741 1.745 1.742 1.727 1.694 1.631 1.526 1.375 1.249 1.195 1.190 1.241 1.450 1.997 3.019 4.518 6.286 7.863 9.169 10.218 11.074 11.801 12.430 12.942 13.333 13.574 13.631 13.511 13.272 13.054 12.921 12.820 12.726 12.635 12.512 12.353 12.129 11.814 11.396 10.870 10.240 9.520 8.756 8.062 7.442 6.893 6.409 5.983 5.616 5.298 5.022 4.777
0.000 0.000 0.000 0.000 0.002 0.007 0.015 0.027 0.043 0.067 0.099 0.146 0.210 0.296 0.407 0.546 0.716 0.922 1.160 1.388 1.582 1.744 1.866 1.942 1.982 1.996 1.999 1.995 1.976 1.933 1.854 1.727 1.543 1.382 1.306 1.296 1.349 1.585 2.240 3.502 5.398 7.607 9.358 10.661 11.646 12.404 12.961 13.368 13.655 13.824 13.870 13.778 13.553 13.250 12.995 12.815 12.692 12.588 12.482 12.350 12.184 11.955 11.645 11.247 10.750 10.161 9.482 8.741 8.051 7.435 6.888 6.406 5.985 5.624 5.312 5.042 4.806
0.000 0.000 0.000 0.000 0.002 0.007 0.016 0.027 0.044 0.068 0.102 0.151 0.220 0.314 0.438 0.594 0.791 1.037 1.339 1.635 1.862 2.032 2.150 2.219 2.256 2.268 2.270 2.264 2.239 2.185 2.089 1.936 1.716 1.508 1.399 1.377 1.422 1.651 2.318 3.681 5.826 8.464 10.503 11.912 12.871 13.493 13.842 14.037 14.131 14.123 14.014 13.802 13.523 13.185 12.888 12.663 12.507 12.388 12.275 12.135 11.968 11.734 11.427 11.047 10.580 10.033 9.399 8.691 8.009 7.397 6.856 6.381 5.969 5.614 5.306 5.042 4.807
0.000 0.000 0.000 0.000 0.002 0.007 0.015 0.027 0.044 0.068 0.102 0.152 0.223 0.322 0.453 0.620 0.834 1.106 1.452 1.832 2.121 2.318 2.443 2.516 2.551 2.561 2.561 2.551 2.519 2.452 2.337 2.156 1.896 1.635 1.482 1.438 1.468 1.672 2.310 3.684 5.938 8.931 11.355 12.935 13.877 14.334 14.488 14.528 14.473 14.305 14.067 13.774 13.436 13.067 12.732 12.468 12.275 12.140 12.026 11.883 11.713 11.479 11.175 10.806 10.365 9.849 9.252 8.581 7.913 7.312 6.782 6.316 5.915 5.570 5.274 5.019 4.796
0.000 0.000 0.000 0.000 0.002 0.007 0.014 0.025 0.041 0.064 0.097 0.147 0.221 0.323 0.458 0.630 0.851 1.136 1.504 1.958 2.354 2.609 2.756 2.837 2.872 2.882 2.879 2.863 2.820 2.735 2.596 2.386 2.089 1.769 1.561 1.482 1.491 1.659 2.236 3.573 5.874 9.084 11.913 13.703 14.623 14.928 14.953 14.872 14.685 14.382 14.046 13.693 13.299 12.897 12.537 12.244 12.026 11.874 11.743 11.592 11.413 11.175 10.871 10.512 10.085 9.593 9.029 8.397 7.750 7.168 6.654 6.206 5.820 5.492 5.215 4.977 4.769
0.000 0.000 0.000 0.000 0.002 0.006 0.012 0.021 0.034 0.054 0.084 0.132 0.207 0.314 0.453 0.630 0.853 1.142 1.516 2.005 2.528 2.895 3.096 3.189 3.227 3.235 3.231 3.204 3.144 3.037 2.870 2.630 2.300 1.917 1.645 1.515 1.498 1.611 2.081 3.306 5.614 8.988 12.153 14.174 15.103 15.302 15.256 15.067 14.768 14.382 13.982 13.556 13.109 12.683 12.305 11.991 11.758 11.588 11.431 11.263 11.063 10.813 10.507 10.153 9.737 9.263 8.730 8.132 7.517 6.962 6.473 6.050 5.691 5.385 5.129 4.912 4.722
0.000 0.000 0.000 0.000 0.001 0.004 0.008 0.014 0.023 0.037 0.060 0.101 0.171 0.277 0.421 0.606 0.837 1.130 1.508 2.000 2.606 3.124 3.427 3.556 3.600 3.608 3.601 3.566 3.489 3.359 3.163 2.893 2.530 2.090 1.746 1.553 1.497 1.548 1.877 2.911 5.142 8.671 12.132 14.338 15.341 15.502 15.387 15.122 14.762 14.328 13.851 13.358 12.878 12.440 12.049 11.721 11.467 11.272 11.088 10.893 10.664 10.398 10.086 9.727 9.321 8.864 8.355 7.790 7.216 6.698 6.245 5.856 5.532 5.255 5.023 4.825 4.655
0.000 0.000 0.000 0.000 0.001 0.002 0.004 0.007 0.012 0.019 0.032 0.057 0.107 0.197 0.333 0.519 0.755 1.050 1.428 1.922 2.559 3.229 3.685 3.886 3.940 3.947 3.937 3.897 3.812 3.671 3.462 3.171 2.784 2.302 1.882 1.615 1.512 1.523 1.733 2.518 4.517 8.047 11.827 14.258 15.380 15.559 15.402 15.101 14.685 14.192 13.642 13.099 12.608 12.166 11.767 11.427 11.149 10.922 10.710 10.482 10.232 9.942 9.612 9.241 8.838 8.392 7.906 7.378 6.856 6.387 5.978 5.629 5.341 5.097 4.889 4.713 4.560
0.000 0.000 0.000 0.000 0.000 0.001 0.002 0.003 0.005 0.008 0.014 0.024 0.048 0.096 0.189 0.340 0.552 0.825 1.178 1.660 2.328 3.154 3.808 4.142 4.226 4.232 4.220 4.179 4.095 3.954 3.746 3.455 3.064 2.566 2.078 1.737 1.570 1.548 1.679 2.254 3.884 7.132 11.169 13.883 15.207 15.475 15.319 14.967 14.494 13.927 13.329 12.778 12.288 11.849 11.455 11.107 10.802 10.536 10.292 10.034 9.758 9.444 9.094 8.709 8.296 7.854 7.389 6.909 6.448 6.037 5.679 5.376 5.121 4.906 4.722 4.569 4.436
0.000 0.000 0.000 0.000 0.000 0.000 0.001 0.001 0.002 0.003 0.005 0.009 0.018 0.037 0.077 0.153 0.275 0.458 0.731 1.156 1.833 2.827 3.755 4.277 4.446 4.460 4.448 4.408 4.331 4.204 4.014 3.744 3.374 2.891 2.361 1.955 1.718 1.648 1.720 2.134 3.403 6.185 10.217 13.177 14.677 15.075 14.990 14.648 14.139 13.518 12.893 12.359 11.896 11.479 11.103 10.755 10.432 10.131 9.846 9.555 9.250 8.915 8.544 8.140 7.708 7.263 6.823 6.400 6.005 5.651 5.345 5.085 4.865 4.676 4.519 4.389 4.282
0.000 0.000 0.000 0.000 0.000 0.000 0.000 0.001 0.001 0.001 0.002 0.003 0.006 0.012 0.026 0.054 0.106 0.192 0.339 0.615 1.176 2.216 3.492 4.274 4.573 4.621 4.613 4.582 4.519 4.417 4.262 4.034 3.712 3.278 2.752 2.302 2.005 1.879 1.891 2.177 3.146 5.384 9.039 12.126 13.740 14.275 14.292 14.050 13.579 12.955 12.318 11.798 11.390 11.029 10.685 10.352 10.034 9.714 9.394 9.066 8.725 8.362 7.970 7.547 7.104 6.669 6.258 5.881 5.541 5.235 4.972 4.747 4.560 4.402 4.276 4.177 4.103
0.000 0.000 0.000 0.000 0.000 0.000 0.000 0.000 0.000 0.001 0.001 0.001 0.002 0.004 0.009 0.019 0.039 0.075 0.145 0.298 0.671 1.533 2.950 4.078 4.591 4.715 4.722 4.705 4.663 4.592 4.480 4.308 4.061 3.717 3.257 2.797 2.472 2.302 2.270 2.424 3.116 4.812 7.783 10.725 12.413 13.088 13.200 13.080 12.741 12.207 11.583 11.065 10.702 10.417 10.151 9.882 9.596 9.288 8.956 8.601 8.220 7.820 7.396 6.962 6.528 6.112 5.722 5.371 5.064 4.794 4.559 4.361 4.202 4.079 3.992 3.934 3.898
0.000 0.000 0.000 0.000 0.000 0.000 0.000 0.000 0.000 0.000 0.001 0.001 0.001 0.002 0.005 0.010 0.019 0.037 0.074 0.159 0.383 0.980 2.201 3.615 4.435 4.734 4.778 4.779 4.765 4.728 4.658 4.542 4.368 4.125 3.800 3.428 3.140 2.961 2.898 2.953 3.367 4.541 6.748 9.244 10.828 11.562 11.745 11.725 11.568 11.219 10.695 10.155 9.799 9.601 9.453 9.301 9.103 8.842 8.516 8.142 7.730 7.292 6.841 6.402 5.980 5.580 5.208 4.872 4.580 4.329 4.112 3.932 3.797 3.711 3.667 3.649 3.642
0.000 0.000 0.000 0.000 0.000 0.000 0.000 0.000 0.000 0.000 0.000 0.001 0.001 0.002 0.004 0.008 0.015 0.029 0.057 0.115 0.253 0.624 1.477 2.861 4.039 4.625 4.793 4.822 4.835 4.828 4.797 4.729 4.616 4.453 4.238 3.999 3.832 3.731 3.696 3.709 3.897 4.600 6.096 8.077 9.455 10.123 10.314 10.327 10.270 10.089 9.753 9.283 8.882 8.667 8.595 8.559 8.493 8.331 8.041 7.663 7.234 6.772 6.309 5.865 5.446 5.060 4.706 4.385 4.098 3.849 3.640 3.472 3.356 3.293 3.271 3.258 3.208
0.000 0.000 0.000 0.000 0.000 0.000 0.000 0.000 0.000 0.000 0.000 0.001 0.001 0.002 0.004 0.008 0.016 0.031 0.058 0.110 0.213 0.444 0.985 2.027 3.370 4.315 4.718 4.833 4.880 4.902 4.900 4.871 4.807 4.704 4.564 4.424 4.340 4.300 4.302 4.349 4.499 4.894 5.807 7.262 8.413 9.003 9.201 9.241 9.229 9.141 8.938 8.600 8.205 7.913 7.784 7.747 7.739 7.679 7.477 7.140 6.720 6.252 5.786 5.340 4.918 4.540 4.205 3.902 3.623 3.371 3.155 2.988 2.866 2.777 2.694 2.579 2.388
0.000 0.000 0.000 0.000 0.000 0.000 0.000 0.000 0.000 0.000 0.000 0.001 0.001 0.003 0.006 0.012 0.023 0.041 0.070 0.122 0.215 0.383 0.719 1.405 2.575 3.779 4.480 4.774 4.891 4.949 4.973 4.970 4.942 4.884 4.795 4.719 4.679 4.669 4.687 4.757 4.911 5.205 5.768 6.739 7.657 8.166 8.364 8.419 8.421 8.380 8.256 8.027 7.704 7.374 7.148 7.025 6.950 6.885 6.759 6.506 6.134 5.686 5.226 4.794 4.385 4.018 3.701 3.417 3.150 2.894 2.658 2.452 2.264 2.064 1.835 1.579 1.320
0.000 0.000 0.000 0.000 0.000 0.000 0.000 0.000 0.000 0.000 0.000 0.001 0.002 0.005 0.011 0.021 0.039 0.065 0.102 0.157 0.242 0.384 0.624 1.079 1.923 3.101 4.037 4.562 4.831 4.964 5.024 5.039 5.031 4.998 4.940 4.900 4.885 4.886 4.910 4.983 5.128 5.371 5.764 6.414 7.118 7.539 7.725 7.783 7.788 7.765 7.684 7.524 7.273 6.961 6.670 6.435 6.239 6.063 5.896 5.681 5.369 4.963 4.518 4.117 3.758 3.424 3.123 2.846 2.576 2.303 2.017 1.724 1.437 1.178 0.951 0.755 0.587
0.000 0.000 0.000 0.000 0.000 0.000 0.000 0.000 0.000 0.000 0.000 0.001 0.003 0.008 0.019 0.038 0.067 0.106 0.156 0.218 0.302 0.424 0.621 0.959 1.560 2.486 3.461 4.171 4.634 4.902 5.036 5.079 5.079 5.055 5.015 4.993 4.989 4.994 5.027 5.094 5.222 5.418 5.719 6.165 6.689 7.032 7.202 7.263 7.273 7.260 7.199 7.069 6.860 6.578 6.261 5.941 5.629 5.319 5.014 4.715 4.395 4.016 3.596 3.220 2.890 2.579 2.278 1.986 1.701 1.416 1.130 0.877 0.675 0.516 0.391 0.292 0.218
0.000 0.000 0.000 0.000 0.000 0.000 0.000 0.000 0.000 0.000 0.000 0.001 0.004 0.010 0.026 0.054 0.097 0.154 0.223 0.302 0.394 0.511 0.678 0.956 1.416 2.098 2.938 3.703 4.310 4.729 4.972 5.080 5.092 5.069 5.036 5.024 5.024 5.036 5.071 5.135 5.247 5.412 5.643 5.942 6.299 6.574 6.734 6.809 6.826 6.816 6.764 6.643 6.453 6.186 5.857 5.481 5.072 4.637 4.187 3.745 3.313 2.888 2.477 2.111 1.792 1.507 1.247 1.010 0.797 0.609 0.451 0.329 0.239 0.175 0.130 0.097 0.074
0.000 0.000 0.000 0.000 0.000 0.000 0.000 0.000 0.000 0.000 0.000 0.001 0.004 0.011 0.028 0.060 0.112 0.184 0.272 0.375 0.496 0.634 0.800 1.031 1.400 1.931 2.599 3.319 3.958 4.467 4.816 5.008 5.068 5.057 5.033 5.025 5.027 5.044 5.078 5.144 5.239 5.364 5.517 5.698 5.915 6.119 6.276 6.373 6.407 6.399 6.348 6.236 6.053 5.787 5.438 5.012 4.518 3.963 3.371 2.804 2.287 1.844 1.478 1.176 0.924 0.711 0.534 0.390 0.278 0.193 0.134 0.095 0.069 0.053 0.041 0.032 0.025
0.000 0.000 0.000 0.000 0.000 0.000 0.000 0.000 0.000 0.000 0.000 0.001 0.004 0.011 0.028 0.061 0.116 0.196 0.300 0.426 0.573 0.743 0.938 1.168 1.470 1.894 2.439 3.070 3.669 4.181 4.580 4.843 4.967 4.993 4.996 4.998 5.010 5.032 5.072 5.126 5.198 5.275 5.349 5.433 5.533 5.644 5.767 5.889 5.955 5.966 5.930 5.823 5.628 5.315 4.879 4.357 3.765 3.099 2.411 1.809 1.345 1.002 0.741 0.541 0.386 0.267 0.180 0.119 0.079 0.052 0.036 0.026 0.020 0.016 0.013 0.011 0.010
0.000 0.000 0.000 0.000 0.000 0.000 0.000 0.000 0.000 0.000 0.001 0.001 0.004 0.010 0.025 0.057 0.112 0.196 0.313 0.458 0.628 0.820 1.034 1.274 1.557 1.915 2.368 2.910 3.451 3.920 4.309 4.601 4.778 4.856 4.896 4.921 4.951 4.984 5.022 5.058 5.097 5.124 5.135 5.139 5.138 5.150 5.181 5.246 5.313 5.340 5.315 5.189 4.921 4.478 3.864 3.172 2.479 1.822 1.280 0.891 0.620 0.428 0.293 0.199 0.132 0.085 0.053 0.033 0.021 0.014 0.010 0.008 0.007 0.006 0.005 0.005 0.005
0.000 0.000 0.000 0.000 0.000 0.000 0.000 0.001 0.001 0.001 0.001 0.001 0.003 0.007 0.018 0.045 0.097 0.186 0.313 0.476 0.666 0.873 1.092 1.330 1.599 1.921 2.312 2.776 3.257 3.679 4.036 4.319 4.521 4.647 4.725 4.780 4.831 4.876 4.907 4.922 4.930 4.916 4.876 4.814 4.723 4.629 4.544 4.472 4.419 4.354 4.238 4.014 3.618 3.015 2.280 1.630 1.132 0.757 0.493 0.321 0.210 0.139 0.093 0.062 0.040 0.025 0.015 0.009 0.006 0.004 0.003 0.003 0.003 0.003 0.003 0.003 0.004
0.000 0.000 0.000 0.001 0.001 0.001 0.001 0.001 0.001 0.001 0.001 0.001 0.001 0.004 0.011 0.029 0.074 0.162 0.300 0.482 0.690 0.903 1.120 1.352 1.610 1.908 2.252 2.646 3.063 3.436 3.755 4.019 4.228 4.383 4.495 4.576 4.641 4.687 4.706 4.709 4.698 4.656 4.576 4.456 4.285 4.079 3.861 3.642 3.403 3.127 2.814 2.456 2.023 1.503 1.009 0.645 0.400 0.243 0.147 0.091 0.059 0.039 0.026 0.017 0.011 0.006 0.004 0.002 0.002 0.002 0.001 0.001 0.002 0.002 0.002 0.002 0.003
0.001 0.001 0.001 0.001 0.001 0.001 0.001 0.001 0.001 0.001 0.001 0.001 0.001 0.002 0.006 0.019 0.054 0.134 0.276 0.474 0.699 0.914 1.129 1.356 1.605 1.879 2.180 2.515 2.865 3.183 3.463 3.705 3.908 4.074 4.206 4.303 4.373 4.413 4.422 4.420 4.399 4.343 4.236 4.069 3.832 3.543 3.230 2.901 2.542 2.147 1.746 1.359 0.985 0.641 0.386 0.224 0.128 0.072 0.041 0.025 0.015 0.010 0.007 0.004 0.003 0.002 0.001 0.001 0.001 0.001 0.001 0.001 0.001 0.001 0.001 0.002 0.003
0.001 0.001 0.001 0.002 0.001 0.001 0.001 0.001 0.001 0.001 0.001 0.001 0.001 0.002 0.004 0.013 0.040 0.110 0.248 0.455 0.698 0.914 1.128 1.350 1.583 1.831 2.093 2.374 2.658 2.920 3.157 3.369 3.554 3.712 3.845 3.949 4.021 4.058 4.067 4.063 4.040 3.976 3.856 3.661 3.385 3.045 2.671 2.273 1.857 1.445 1.065 0.732 0.461 0.266 0.145 0.077 0.040 0.021 0.011 0.006 0.004 0.002 0.002 0.001 0.001 0.001 0.000 0.000 0.000 0.000 0.000 0.001 0.001 0.001 0.001 0.002 0.003
0.002 0.002 0.002 0.002 0.002 0.001 0.001 0.001 0.001 0.001 0.001 0.001 0.001 0.001 0.003 0.009 0.030 0.088 0.216 0.422 0.677 0.904 1.115 1.327 1.542 1.762 1.987 2.216 2.438 2.648 2.840 3.013 3.162 3.292 3.405 3.500 3.578 3.632 3.653 3.653 3.633 3.568 3.443 3.238 2.947 2.585 2.178 1.749 1.337 0.966 0.648 0.396 0.219 0.113 0.056 0.027 0.013 0.006 0.003 0.002 0.001 0.001 0.001 0.000 0.000 0.000 0.000 0.000 0.000 0.000 0.000 0.000 0.000 0.001 0.001 0.002 0.003
0.003 0.003 0.003 0.002 0.002 0.001 0.001 0.001 0.001 0.001 0.001 0.001 0.001 0.001 0.002 0.006 0.021 0.065 0.174 0.363 0.618 0.869 1.085 1.284 1.478 1.667 1.853 2.031 2.201 2.361 2.506 2.629 2.728 2.809 2.880 2.949 3.030 3.114 3.165 3.182 3.173 3.122 3.002 2.801 2.515 2.153 1.738 1.320 0.948 0.634 0.385 0.210 0.104 0.049 0.022 0.009 0.004 0.002 0.001 0.001 0.000 0.000 0.000 0.000 0.000 0.000 0.000 0.000 0.000 0.000 0.000 0.000 0.000 0.001 0.001 0.002 0.004
0.005 0.004 0.003 0.002 0.002 0.001 0.001 0.001 0.001 0.001 0.001 0.001 0.001 0.001 0.002 0.004 0.012 0.038 0.113 0.265 0.498 0.773 1.016 1.215 1.387 1.543 1.687 1.821 1.943 2.053 2.144 2.211 2.251 2.269 2.270 2.288 2.339 2.430 2.512 2.563 2.587 2.575 2.500 2.331 2.072 1.730 1.327 0.951 0.639 0.392 0.215 0.105 0.048 0.020 0.008 0.003 0.001 0.001 0.000 0.000 0.000 0.000 0.000 0.000 0.000 0.000 0.000 0.000 0.000 0.000 0.000 0.000 0.000 0.001 0.001 0.003 0.007
0.005 0.004 0.003 0.003 0.002 0.002 0.001 0.001 0.001 0.001 0.001 0.001 0.001 0.001 0.002 0.002 0.005 0.017 0.052 0.139 0.307 0.563 0.845 1.074 1.247 1.380 1.489 1.582 1.658 1.716 1.751 1.764 1.746 1.703 1.631 1.563 1.537 1.569 1.632 1.696 1.758 1.809 1.814 1.739 1.561 1.281 0.930 0.621 0.386 0.215 0.107 0.048 0.020 0.008 0.003 0.001 0.001 0.000 0.000 0.000 0.000 0.000 0.000 0.000 0.000 0.000 0.000 0.000 0.000 0.000 0.000 0.000 0.000 0.001 0.002 0.005 0.014
