RESULTS/r.avaflow_results/23_results/23_ascii/23_hflow0017.asc
ncols 506
nrows 317
xllcenter 498237.50
yllcenter 5580050.00
cellsize 12.50
NODATA_value -9999.000
[rows 136 to 169 of 317, columns 154 to 230 of 506]
0.000 0.000 0.000 0.000 0.000 0.000 0.000 0.000 0.000 0.000 0.000 0.000 0.000 0.000 0.000 0.000 0.000 0.000 0.000 0.000 0.000 0.000 0.000 0.000 0.000 0.000 0.000 0.000 0.000 0.000 0.000 0.000 0.000 0.000 0.000 0.000 0.000 0.000 0.000 0.000 0.000 0.000 0.000 0.000 0.000 0.000 0.000 0.000 0.000 0.000 0.000 0.000 0.000 0.000 0.000 0.000 0.000 0.000 0.000 0.000 0.000 0.000 0.000 0.000 0.000 0.000 0.000 0.000 0.000 0.000 0.000 0.000 0.000 0.000 0.000 0.000 0.000
0.000 0.000 0.000 0.000 0.000 0.000 0.000 0.000 0.000 0.000 0.000 0.000 0.000 0.000 0.000 0.000 0.000 0.000 0.000 0.000 0.000 0.000 0.000 0.000 0.000 0.000 0.000 0.000 0.000 0.000 0.000 0.000 0.000 0.000 0.000 0.000 0.000 0.000 0.000 0.000 0.000 0.000 0.000 0.000 0.000 0.000 0.000 0.000 0.000 0.000 0.000 0.000 0.000 0.000 0.000 0.000 0.000 0.000 0.000 0.000 0.000 0.000 0.000 0.000 0.000 0.000 0.000 0.000 0.000 0.000 0.000 0.000 0.000 0.000 0.000 0.000 0.000
0.000 0.000 0.000 0.000 0.000 0.000 0.000 0.000 0.000 0.000 0.000 0.000 0.000 0.000 0.000 0.000 0.000 0.000 0.000 0.000 0.000 0.000 0.000 0.000 0.000 0.000 0.000 0.000 0.000 0.000 0.000 0.000 0.000 0.000 0.000 0.000 0.000 0.000 0.000 0.000 0.000 0.000 0.000 0.000 0.000 0.000 0.000 0.000 0.000 0.000 0.000 0.000 0.000 0.000 0.000 0.000 0.000 0.000 0.000 0.000 0.000 0.000 0.000 0.000 0.000 0.000 0.000 0.000 0.000 0.000 0.000 0.000 0.000 0.000 0.000 0.000 0.000
0.000 0.000 0.000 0.000 0.000 0.000 0.000 0.000 0.000 0.000 0.000 0.000 0.000 0.000 0.000 0.000 0.000 0.000 0.000 0.000 0.000 0.000 0.000 0.000 0.000 0.000 0.000 0.000 0.000 0.000 0.000 0.000 0.000 0.000 0.000 0.000 0.000 0.000 0.000 0.000 0.000 0.000 0.000 0.000 0.000 0.000 0.000 0.000 0.000 0.000 0.000 0.000 0.000 0.000 0.000 0.000 0.000 0.000 0.000 0.000 0.000 0.000 0.000 0.000 0.000 0.000 0.000 0.000 0.000 0.000 0.000 0.000 0.000 0.000 0.000 0.000 0.000
0.000 0.000 0.000 0.000 0.000 0.000 0.000 0.000 0.000 0.000 0.000 0.000 0.000 0.000 0.000 0.000 0.000 0.000 0.000 0.000 0.000 0.000 0.000 0.000 0.000 0.000 0.000 0.000 0.000 0.000 0.000 0.000 0.000 0.000 0.000 0.000 0.000 0.000 0.000 0.000 0.000 0.000 0.000 0.000 0.000 0.000 0.000 0.000 0.000 0.000 0.000 0.000 0.000 0.000 0.000 0.000 0.000 0.000 0.000 0.000 0.000 0.000 0.000 0.000 0.000 0.000 0.000 0.000 0.000 0.000 0.000 0.000 0.000 0.000 0.000 0.000 0.000
0.000 0.000 0.000 0.000 0.000 0.000 0.000 0.000 0.000 0.000 0.000 0.000 0.000 0.000 0.000 0.000 0.000 0.000 0.000 0.000 0.000 0.000 0.000 0.000 0.000 0.000 0.000 0.000 0.000 0.000 0.000 0.000 0.000 0.000 0.000 0.000 0.000 0.000 0.000 0.000 0.000 0.000 0.000 0.000 0.000 0.000 0.000 0.000 0.000 0.000 0.000 0.000 0.000 0.000 0.000 0.000 0.000 0.000 0.000 0.000 0.000 0.000 0.000 0.000 0.000 0.000 0.000 0.000 0.000 0.000 0.000 0.000 0.000 0.000 0.000 0.000 0.000
0.000 0.000 0.000 0.000 0.000 0.000 0.000 0.000 0.000 0.000 0.000 0.000 0.000 0.000 0.000 0.000 0.000 0.000 0.000 0.000 0.000 0.000 0.000 0.000 0.000 0.000 0.000 0.000 0.000 0.000 0.000 0.000 0.000 0.000 0.000 0.000 0.000 0.000 0.000 0.000 0.000 0.000 0.000 0.000 0.000 0.000 0.000 0.000 0.000 0.000 0.000 0.000 0.000 0.000 0.000 0.000 0.000 0.000 0.000 0.000 0.000 0.000 0.000 0.000 0.000 0.000 0.000 0.000 0.000 0.000 0.000 0.000 0.000 0.000 0.000 0.000 0.000
0.000 0.000 0.000 0.000 0.000 0.000 0.000 0.000 0.000 0.000 0.000 0.000 0.000 0.000 0.000 0.000 0.000 0.000 0.000 0.000 0.000 0.000 0.000 0.000 0.000 0.000 0.000 0.000 0.000 0.000 0.000 0.000 0.000 0.000 0.000 0.000 0.000 0.000 0.000 0.000 0.000 0.000 0.000 0.000 0.000 0.000 0.000 0.000 0.000 0.000 0.000 0.000 0.000 0.000 0.000 0.000 0.000 0.000 0.000 0.000 0.000 0.000 0.000 0.000 0.000 0.000 0.000 0.000 0.000 0.000 0.000 0.000 0.000 0.000 0.000 0.000 0.000
0.000 0.000 0.000 0.000 0.000 0.000 0.000 0.000 0.000 0.000 0.000 0.000 0.000 0.000 0.000 0.000 0.000 0.000 0.000 0.000 0.000 0.000 0.000 0.000 0.000 0.000 0.000 0.000 0.000 0.000 0.000 0.000 0.000 0.000 0.000 0.000 0.000 0.000 0.000 0.000 0.000 0.000 0.000 0.000 0.000 0.000 0.000 0.000 0.000 0.000 0.000 0.000 0.000 0.000 0.000 0.000 0.000 0.000 0.000 0.000 0.000 0.000 0.000 0.000 0.000 0.000 0.000 0.000 0.000 0.000 0.000 0.000 0.000 0.000 0.000 0.000 0.000
0.000 0.000 0.000 0.000 0.000 0.000 0.000 0.000 0.000 0.000 0.000 0.000 0.000 0.000 0.000 0.000 0.000 0.000 0.000 0.000 0.000 0.000 0.000 0.000 0.000 0.000 0.000 0.000 0.000 0.000 0.000 0.000 0.000 0.000 0.000 0.000 0.000 0.000 0.000 0.000 0.000 0.000 0.000 0.000 0.000 0.000 0.000 0.000 0.000 0.000 0.000 0.000 0.000 0.000 0.000 0.000 0.000 0.000 0.000 0.000 0.000 0.000 0.000 0.000 0.000 0.000 0.000 0.000 0.000 0.000 0.000 0.000 0.000 0.000 0.000 0.000 0.000
0.000 0.000 0.000 0.000 0.000 0.000 0.000 0.000 0.000 0.000 0.000 0.000 0.000 0.000 0.000 0.000 0.000 0.000 0.000 0.000 0.000 0.000 0.000 0.000 0.000 0.000 0.000 0.000 0.000 0.000 0.000 0.000 0.000 0.000 0.000 0.000 0.000 0.000 0.000 0.000 0.000 0.000 0.000 0.000 0.000 0.000 0.000 0.000 0.000 0.000 0.000 0.000 0.000 0.000 0.000 0.000 0.000 0.000 0.000 0.000 0.000 0.000 0.000 0.000 0.000 0.000 0.000 0.000 0.000 0.000 0.000 0.000 0.000 0.000 0.000 0.000 0.000
0.000 0.000 0.000 0.000 0.000 0.000 0.000 0.000 0.000 0.000 0.000 0.000 0.000 0.000 0.000 0.000 0.000 0.000 0.000 0.000 0.000 0.000 0.000 0.000 0.000 0.000 0.000 0.000 0.000 0.000 0.000 0.000 0.000 0.000 0.000 0.000 0.000 0.000 0.000 0.000 0.000 0.000 0.000 0.000 0.000 0.000 0.000 0.000 0.000 0.000 0.000 0.000 0.000 0.000 0.000 0.000 0.000 0.000 0.000 0.000 0.000 0.000 0.000 0.000 0.000 0.000 0.000 0.000 0.000 0.000 0.000 0.000 0.000 0.000 0.000 0.000 0.000
0.001 0.001 0.001 0.001 0.001 0.001 0.000 0.000 0.000 0.000 0.000 0.000 0.000 0.000 0.000 0.000 0.000 0.000 0.000 0.000 0.000 0.000 0.000 0.000 0.000 0.000 0.000 0.000 0.000 0.000 0.000 0.000 0.000 0.000 0.000 0.000 0.000 0.000 0.000 0.000 0.000 0.000 0.000 0.000 0.000 0.000 0.000 0.000 0.000 0.000 0.000 0.000 0.000 0.000 0.000 0.000 0.000 0.000 0.000 0.000 0.000 0.000 0.000 0.000 0.000 0.000 0.000 0.000 0.000 0.000 0.000 0.000 0.000 0.000 0.000 0.000 0.000
0.002 0.002 0.002 0.002 0.002 0.001 0.001 0.001 0.001 0.000 0.000 0.000 0.000 0.000 0.000 0.000 0.000 0.000 0.000 0.000 0.000 0.000 0.000 0.000 0.000 0.000 0.000 0.000 0.000 0.000 0.000 0.000 0.000 0.000 0.000 0.000 0.000 0.000 0.000 0.000 0.000 0.000 0.000 0.000 0.000 0.000 0.000 0.000 0.000 0.000 0.000 0.000 0.000 0.000 0.000 0.000 0.000 0.000 0.000 0.000 0.000 0.000 0.000 0.000 0.000 0.000 0.000 0.000 0.000 0.000 0.000 0.000 0.000 0.000 0.000 0.000 0.000
0.004 0.004 0.003 0.003 0.003 0.003 0.002 0.002 0.001 0.001 0.001 0.000 0.000 0.000 0.000 0.000 0.000 0.000 0.000 0.000 0.000 0.000 0.000 0.000 0.000 0.000 0.000 0.000 0.000 0.000 0.000 0.000 0.000 0.000 0.000 0.000 0.000 0.000 0.000 0.000 0.000 0.000 0.000 0.000 0.000 0.000 0.000 0.000 0.000 0.000 0.000 0.000 0.000 0.000 0.000 0.000 0.000 0.000 0.000 0.000 0.000 0.000 0.000 0.000 0.000 0.000 0.000 0.000 0.000 0.000 0.000 0.000 0.000 0.000 0.000 0.000 0.000
0.005 0.005 0.005 0.005 0.004 0.004 0.004 0.003 0.003 0.002 0.002 0.001 0.001 0.001 0.000 0.000 0.000 0.000 0.000 0.000 0.000 0.000 0.000 0.000 0.000 0.000 0.000 0.000 0.000 0.000 0.000 0.000 0.000 0.000 0.000 0.000 0.000 0.000 0.000 0.000 0.000 0.000 0.000 0.000 0.000 0.000 0.000 0.000 0.000 0.000 0.000 0.000 0.000 0.000 0.000 0.000 0.000 0.000 0.000 0.000 0.000 0.000 0.000 0.000 0.000 0.000 0.000 0.000 0.000 0.000 0.000 0.000 0.000 0.000 0.000 0.000 0.000
0.007 0.007 0.007 0.006 0.006 0.006 0.005 0.005 0.004 0.003 0.003 0.003 0.002 0.002 0.001 0.001 0.001 0.001 0.000 0.000 0.000 0.000 0.000 0.000 0.000 0.000 0.000 0.000 0.000 0.000 0.000 0.000 0.000 0.000 0.000 0.000 0.000 0.000 0.000 0.000 0.000 0.000 0.000 0.000 0.000 0.000 0.000 0.000 0.000 0.000 0.000 0.000 0.000 0.000 0.000 0.000 0.000 0.000 0.000 0.000 0.000 0.000 0.000 0.000 0.000 0.000 0.000 0.000 0.000 0.000 0.000 0.000 0.000 0.000 0.000 0.000 0.000
0.009 0.009 0.008 0.008 0.008 0.007 0.007 0.006 0.006 0.005 0.005 0.004 0.004 0.003 0.003 0.002 0.002 0.002 0.001 0.001 0.001 0.001 0.001 0.001 0.001 0.000 0.000 0.000 0.000 0.000 0.000 0.000 0.000 0.000 0.000 0.000 0.000 0.000 0.000 0.000 0.000 0.000 0.000 0.000 0.000 0.000 0.000 0.000 0.000 0.000 0.000 0.000 0.000 0.000 0.000 0.000 0.000 0.001 0.001 0.001 0.001 0.001 0.001 0.001 0.001 0.001 0.001 0.001 0.001 0.001 0.001 0.001 0.000 0.000 0.000 0.000 0.000
0.012 0.011 0.010 0.010 0.009 0.009 0.008 0.008 0.007 0.007 0.006 0.006 0.005 0.005 0.004 0.004 0.003 0.003 0.003 0.002 0.002 0.002 0.002 0.002 0.002 0.002 0.001 0.001 0.001 0.001 0.001 0.001 0.001 0.001 0.001 0.001 0.001 0.001 0.000 0.000 0.000 0.000 0.000 0.000 0.000 0.000 0.000 0.000 0.000 0.000 0.000 0.001 0.001 0.001 0.002 0.002 0.003 0.003 0.004 0.004 0.004 0.004 0.004 0.004 0.004 0.004 0.004 0.004 0.004 0.004 0.003 0.003 0.001 0.001 0.000 0.000 0.000
0.014 0.013 0.013 0.012 0.011 0.011 0.010 0.010 0.009 0.009 0.008 0.008 0.007 0.007 0.006 0.006 0.005 0.005 0.004 0.004 0.004 0.004 0.004 0.003 0.003 0.003 0.003 0.003 0.003 0.002 0.002 0.002 0.002 0.002 0.002 0.002 0.002 0.002 0.001 0.001 0.001 0.001 0.001 0.001 0.001 0.001 0.001 0.001 0.001 0.001 0.002 0.003 0.004 0.005 0.006 0.007 0.008 0.009 0.010 0.011 0.011 0.011 0.011 0.011 0.011 0.011 0.011 0.012 0.011 0.011 0.010 0.009 0.006 0.003 0.001 0.000 0.000
0.018 0.016 0.015 0.014 0.013 0.013 0.012 0.012 0.011 0.011 0.010 0.010 0.009 0.009 0.008 0.008 0.007 0.007 0.007 0.006 0.006 0.006 0.006 0.006 0.006 0.006 0.005 0.005 0.005 0.005 0.005 0.005 0.004 0.004 0.004 0.004 0.004 0.004 0.003 0.003 0.003 0.002 0.002 0.002 0.002 0.002 0.003 0.003 0.004 0.005 0.006 0.007 0.009 0.011 0.014 0.017 0.020 0.023 0.026 0.027 0.028 0.028 0.028 0.027 0.027 0.027 0.028 0.029 0.030 0.030 0.028 0.025 0.019 0.010 0.004 0.001 0.000
0.024 0.021 0.018 0.017 0.016 0.015 0.014 0.013 0.013 0.013 0.012 0.012 0.011 0.011 0.011 0.010 0.010 0.010 0.009 0.009 0.009 0.009 0.009 0.009 0.009 0.009 0.009 0.009 0.008 0.008 0.008 0.008 0.008 0.007 0.007 0.007 0.007 0.006 0.006 0.005 0.005 0.005 0.005 0.005 0.005 0.005 0.006 0.007 0.009 0.010 0.013 0.015 0.019 0.024 0.030 0.038 0.047 0.055 0.063 0.070 0.074 0.075 0.074 0.071 0.070 0.070 0.071 0.075 0.079 0.080 0.079 0.074 0.060 0.034 0.014 0.005 0.002
0.038 0.029 0.024 0.020 0.018 0.017 0.016 0.015 0.015 0.015 0.014 0.014 0.014 0.014 0.013 0.013 0.013 0.013 0.013 0.012 0.012 0.013 0.013 0.013 0.013 0.013 0.013 0.013 0.013 0.013 0.013 0.012 0.012 0.011 0.011 0.010 0.010 0.010 0.009 0.009 0.009 0.009 0.009 0.009 0.010 0.011 0.012 0.014 0.017 0.021 0.026 0.032 0.040 0.052 0.068 0.088 0.110 0.130 0.151 0.170 0.184 0.192 0.193 0.190 0.186 0.185 0.187 0.199 0.215 0.220 0.219 0.208 0.176 0.107 0.046 0.017 0.005
0.081 0.052 0.036 0.027 0.023 0.020 0.019 0.018 0.018 0.017 0.017 0.017 0.017 0.017 0.017 0.016 0.016 0.016 0.016 0.016 0.017 0.017 0.018 0.018 0.018 0.018 0.019 0.019 0.019 0.019 0.019 0.018 0.017 0.016 0.016 0.015 0.015 0.014 0.014 0.014 0.014 0.015 0.015 0.017 0.018 0.021 0.024 0.028 0.033 0.041 0.051 0.065 0.086 0.115 0.153 0.202 0.254 0.300 0.342 0.383 0.420 0.447 0.459 0.459 0.453 0.451 0.456 0.489 0.545 0.567 0.565 0.541 0.468 0.309 0.136 0.051 0.017
0.228 0.123 0.069 0.044 0.032 0.026 0.023 0.022 0.021 0.021 0.021 0.021 0.020 0.021 0.021 0.021 0.021 0.021 0.021 0.021 0.022 0.023 0.024 0.025 0.026 0.026 0.027 0.027 0.027 0.027 0.027 0.026 0.025 0.023 0.022 0.021 0.021 0.020 0.020 0.021 0.022 0.024 0.027 0.030 0.034 0.039 0.046 0.054 0.065 0.081 0.105 0.139 0.189 0.255 0.341 0.449 0.557 0.647 0.725 0.803 0.883 0.946 0.980 0.986 0.977 0.968 0.978 1.052 1.188 1.255 1.265 1.229 1.089 0.778 0.367 0.141 0.047
0.657 0.341 0.171 0.091 0.055 0.039 0.032 0.028 0.027 0.026 0.026 0.026 0.026 0.027 0.027 0.027 0.027 0.028 0.028 0.029 0.031 0.032 0.034 0.036 0.038 0.039 0.040 0.041 0.041 0.041 0.041 0.039 0.036 0.033 0.031 0.030 0.030 0.030 0.031 0.033 0.038 0.043 0.050 0.058 0.068 0.079 0.092 0.109 0.133 0.170 0.227 0.309 0.419 0.561 0.743 0.947 1.128 1.259 1.347 1.405 1.452 1.493 1.521 1.535 1.543 1.558 1.592 1.686 1.864 1.977 2.013 1.994 1.873 1.515 0.846 0.340 0.117
1.545 0.885 0.458 0.229 0.122 0.075 0.053 0.042 0.038 0.036 0.035 0.035 0.036 0.038 0.040 0.041 0.041 0.042 0.043 0.044 0.047 0.050 0.053 0.057 0.061 0.063 0.065 0.066 0.067 0.066 0.063 0.059 0.052 0.047 0.045 0.044 0.044 0.046 0.050 0.058 0.070 0.084 0.102 0.122 0.144 0.167 0.193 0.229 0.284 0.371 0.501 0.679 0.910 1.185 1.461 1.658 1.749 1.771 1.757 1.732 1.711 1.704 1.709 1.724 1.751 1.793 1.852 1.944 2.112 2.246 2.313 2.321 2.256 1.998 1.334 0.602 0.226
2.907 1.889 1.117 0.606 0.317 0.174 0.109 0.079 0.065 0.059 0.057 0.057 0.060 0.066 0.072 0.075 0.076 0.078 0.079 0.082 0.089 0.095 0.100 0.105 0.111 0.115 0.117 0.117 0.116 0.112 0.104 0.092 0.080 0.072 0.068 0.068 0.070 0.078 0.092 0.114 0.145 0.183 0.226 0.269 0.313 0.358 0.410 0.486 0.608 0.795 1.070 1.393 1.697 1.921 2.037 2.068 2.023 1.946 1.874 1.811 1.756 1.722 1.712 1.718 1.743 1.785 1.842 1.922 2.062 2.199 2.290 2.331 2.307 2.122 1.559 0.749 0.290
4.485 3.274 2.189 1.354 0.790 0.449 0.270 0.184 0.145 0.130 0.125 0.125 0.131 0.148 0.163 0.171 0.174 0.176 0.180 0.189 0.209 0.222 0.228 0.231 0.233 0.233 0.231 0.226 0.218 0.203 0.179 0.151 0.130 0.119 0.116 0.119 0.129 0.153 0.192 0.250 0.326 0.418 0.506 0.586 0.664 0.743 0.846 1.009 1.259 1.566 1.870 2.091 2.218 2.267 2.242 2.173 2.064 1.950 1.861 1.787 1.716 1.659 1.626 1.614 1.619 1.641 1.669 1.707 1.789 1.901 2.010 2.096 2.124 2.026 1.586 0.790 0.308
5.752 4.556 3.418 2.415 1.629 1.069 0.706 0.500 0.401 0.361 0.351 0.352 0.370 0.407 0.435 0.447 0.452 0.456 0.467 0.497 0.545 0.572 0.575 0.564 0.539 0.513 0.489 0.463 0.430 0.386 0.325 0.267 0.235 0.225 0.227 0.244 0.281 0.342 0.437 0.575 0.750 0.931 1.082 1.208 1.328 1.467 1.668 1.919 2.138 2.266 2.342 2.377 2.372 2.335 2.256 2.135 1.978 1.827 1.709 1.612 1.520 1.439 1.384 1.351 1.328 1.307 1.275 1.255 1.269 1.323 1.418 1.545 1.643 1.651 1.419 0.774 0.299
6.799 5.646 4.602 3.638 2.796 2.121 1.620 1.290 1.111 1.039 1.023 1.031 1.071 1.110 1.124 1.103 1.083 1.084 1.112 1.176 1.253 1.287 1.284 1.244 1.173 1.102 1.031 0.954 0.867 0.762 0.632 0.531 0.487 0.481 0.499 0.548 0.636 0.780 1.006 1.310 1.633 1.924 2.151 2.309 2.428 2.536 2.630 2.671 2.638 2.552 2.472 2.414 2.355 2.263 2.106 1.887 1.647 1.435 1.270 1.144 1.044 0.971 0.927 0.897 0.868 0.837 0.798 0.779 0.779 0.798 0.845 0.935 1.026 1.071 1.018 0.636 0.247
7.864 6.757 5.845 5.026 4.254 3.580 3.051 2.681 2.475 2.397 2.384 2.416 2.456 2.456 2.395 2.265 2.163 2.148 2.183 2.267 2.338 2.357 2.305 2.179 2.060 1.966 1.868 1.752 1.608 1.434 1.231 1.090 1.037 1.036 1.080 1.184 1.377 1.715 2.212 2.716 3.091 3.304 3.392 3.397 3.344 3.243 3.111 2.947 2.763 2.586 2.438 2.299 2.135 1.912 1.609 1.290 1.019 0.824 0.700 0.624 0.574 0.546 0.537 0.534 0.531 0.525 0.511 0.505 0.507 0.517 0.539 0.579 0.616 0.626 0.578 0.363 0.140
9.112 8.137 7.379 6.733 6.089 5.463 4.978 4.662 4.493 4.436 4.445 4.506 4.515 4.452 4.286 4.009 3.747 3.627 3.597 3.603 3.568 3.440 3.197 2.920 2.744 2.667 2.626 2.578 2.502 2.364 2.168 2.030 1.982 2.018 2.147 2.383 2.775 3.340 3.826 4.076 4.161 4.117 4.014 3.873 3.696 3.476 3.221 2.956 2.690 2.420 2.138 1.827 1.489 1.151 0.861 0.660 0.528 0.440 0.387 0.359 0.344 0.336 0.335 0.338 0.342 0.343 0.340 0.339 0.342 0.349 0.358 0.370 0.371 0.354 0.292 0.161 0.059
10.740 10.038 9.479 8.992 8.501 7.980 7.588 7.347 7.217 7.160 7.161 7.203 7.178 7.065 6.819 6.425 5.954 5.559 5.269 5.022 4.751 4.385 3.919 3.511 3.243 3.124 3.111 3.129 3.150 3.146 3.123 3.136 3.225 3.400 3.616 3.865 4.182 4.491 4.625 4.615 4.519 4.351 4.152 3.945 3.720 3.455 3.123 2.714 2.257 1.792 1.345 0.968 0.698 0.520 0.402 0.326 0.277 0.247 0.232 0.228 0.227 0.225 0.225 0.227 0.230 0.230 0.228 0.227 0.228 0.230 0.231 0.228 0.215 0.184 0.128 0.060 0.021
