RESULTS/r.avaflow_results/23_results/23_ascii/23_hflow0050.asc
ncols 506
nrows 317
xllcenter 498237.50
yllcenter 5580050.00
cellsize 12.50
NODATA_value -9999.000
[rows 170 to 203 of 317, columns 154 to 230 of 506]
12.496 12.234 11.931 11.610 11.273 10.914 10.571 10.273 10.008 9.762 9.526 9.295 9.048 8.752 8.351 7.810 7.141 6.396 5.623 4.856 4.102 3.354 2.671 2.107 1.673 1.363 1.168 1.070 1.043 1.046 1.067 1.101 1.124 1.139 1.153 1.175 1.220 1.262 1.275 1.259 1.216 1.155 1.097 1.041 0.978 0.896 0.785 0.655 0.536 0.426 0.331 0.260 0.211 0.177 0.154 0.142 0.137 0.139 0.144 0.150 0.155 0.159 0.162 0.164 0.166 0.170 0.180 0.205 0.266 0.395 0.582 0.705 0.743 0.727 0.643 0.474 0.301
14.492 14.530 14.454 14.291 14.066 13.807 13.531 13.250 12.973 12.697 12.424 12.158 11.891 11.587 11.175 10.580 9.783 8.818 7.751 6.639 5.534 4.497 3.573 2.802 2.203 1.758 1.450 1.269 1.197 1.194 1.221 1.265 1.291 1.297 1.293 1.286 1.291 1.296 1.289 1.256 1.192 1.109 1.030 0.953 0.867 0.752 0.596 0.430 0.301 0.215 0.163 0.131 0.111 0.100 0.094 0.092 0.095 0.101 0.108 0.113 0.115 0.116 0.116 0.116 0.116 0.118 0.125 0.144 0.187 0.276 0.436 0.603 0.686 0.707 0.686 0.607 0.455
16.631 17.061 17.246 17.239 17.090 16.871 16.618 16.346 16.063 15.774 15.483 15.195 14.907 14.593 14.182 13.571 12.700 11.583 10.299 8.919 7.499 6.124 4.870 3.797 2.936 2.274 1.789 1.475 1.313 1.264 1.268 1.299 1.321 1.323 1.311 1.289 1.273 1.255 1.224 1.159 1.052 0.927 0.815 0.706 0.587 0.449 0.308 0.204 0.140 0.104 0.083 0.071 0.064 0.061 0.061 0.063 0.069 0.077 0.084 0.087 0.088 0.087 0.086 0.085 0.084 0.085 0.090 0.104 0.133 0.192 0.304 0.476 0.620 0.683 0.694 0.670 0.591
18.119 18.884 19.313 19.479 19.470 19.366 19.205 19.000 18.763 18.503 18.226 17.939 17.647 17.335 16.942 16.363 15.523 14.421 13.100 11.615 10.019 8.361 6.724 5.255 4.022 3.031 2.277 1.755 1.447 1.305 1.265 1.270 1.278 1.272 1.250 1.209 1.160 1.107 1.036 0.915 0.743 0.581 0.456 0.359 0.275 0.196 0.135 0.094 0.069 0.055 0.047 0.043 0.041 0.041 0.042 0.046 0.052 0.060 0.066 0.068 0.068 0.067 0.066 0.065 0.065 0.066 0.070 0.079 0.098 0.135 0.206 0.340 0.522 0.645 0.685 0.686 0.653
18.853 19.836 20.490 20.877 21.083 21.177 21.192 21.120 20.971 20.759 20.510 20.228 19.936 19.631 19.264 18.739 17.970 16.938 15.668 14.213 12.605 10.849 8.944 7.013 5.310 3.916 2.845 2.085 1.599 1.335 1.219 1.171 1.142 1.113 1.068 0.996 0.909 0.812 0.692 0.537 0.384 0.278 0.207 0.158 0.119 0.087 0.064 0.049 0.039 0.034 0.031 0.030 0.030 0.030 0.032 0.035 0.041 0.048 0.052 0.054 0.054 0.054 0.053 0.053 0.053 0.054 0.058 0.064 0.076 0.099 0.143 0.229 0.393 0.571 0.657 0.677 0.667
19.019 20.101 20.918 21.515 21.953 22.268 22.470 22.544 22.495 22.332 22.104 21.811 21.517 21.229 20.895 20.444 19.788 18.874 17.685 16.237 14.568 12.695 10.596 8.293 6.206 4.505 3.210 2.294 1.693 1.333 1.130 1.007 0.916 0.829 0.734 0.631 0.534 0.443 0.351 0.256 0.180 0.130 0.097 0.074 0.058 0.045 0.036 0.030 0.026 0.024 0.024 0.023 0.023 0.024 0.026 0.028 0.033 0.038 0.042 0.044 0.045 0.045 0.045 0.045 0.046 0.048 0.051 0.055 0.063 0.077 0.105 0.161 0.271 0.450 0.590 0.645 0.653
18.890 20.036 20.953 21.673 22.258 22.722 23.040 23.206 23.229 23.113 22.895 22.580 22.285 22.024 21.724 21.334 20.777 19.984 18.891 17.468 15.742 13.749 11.483 8.949 6.628 4.757 3.350 2.367 1.717 1.294 1.009 0.801 0.633 0.495 0.388 0.311 0.256 0.210 0.164 0.121 0.088 0.066 0.051 0.040 0.033 0.027 0.024 0.021 0.020 0.019 0.019 0.019 0.020 0.020 0.021 0.023 0.026 0.031 0.034 0.037 0.038 0.039 0.040 0.041 0.042 0.044 0.046 0.050 0.056 0.065 0.084 0.120 0.190 0.317 0.475 0.576 0.615
18.439 19.682 20.741 21.609 22.302 22.824 23.167 23.353 23.403 23.309 23.099 22.767 22.461 22.208 21.914 21.535 21.012 20.274 19.247 17.866 16.123 14.059 11.703 9.079 6.688 4.768 3.336 2.340 1.663 1.187 0.837 0.573 0.386 0.263 0.187 0.144 0.118 0.098 0.078 0.060 0.047 0.038 0.031 0.026 0.022 0.019 0.018 0.017 0.016 0.016 0.016 0.016 0.017 0.017 0.018 0.020 0.022 0.025 0.028 0.031 0.033 0.035 0.036 0.038 0.039 0.041 0.044 0.047 0.051 0.058 0.071 0.095 0.140 0.218 0.341 0.468 0.547
17.696 19.042 20.239 21.253 22.052 22.615 22.953 23.114 23.143 23.043 22.837 22.507 22.183 21.897 21.567 21.163 20.643 19.949 18.982 17.646 15.918 13.835 11.427 8.774 6.405 4.511 3.101 2.116 1.437 0.951 0.593 0.352 0.210 0.132 0.091 0.070 0.058 0.049 0.041 0.034 0.028 0.024 0.021 0.019 0.017 0.015 0.014 0.014 0.014 0.014 0.014 0.014 0.014 0.015 0.016 0.017 0.018 0.021 0.023 0.026 0.029 0.031 0.033 0.035 0.037 0.039 0.041 0.044 0.048 0.054 0.063 0.080 0.109 0.159 0.237 0.344 0.446
16.693 18.122 19.413 20.505 21.354 21.930 22.256 22.371 22.331 22.192 21.982 21.694 21.357 20.974 20.527 20.041 19.488 18.809 17.895 16.608 14.890 12.772 10.316 7.763 5.555 3.801 2.495 1.580 0.971 0.570 0.320 0.180 0.105 0.067 0.048 0.038 0.033 0.028 0.025 0.022 0.020 0.018 0.016 0.014 0.013 0.012 0.012 0.011 0.011 0.012 0.012 0.012 0.012 0.013 0.014 0.015 0.016 0.018 0.020 0.022 0.025 0.028 0.030 0.033 0.035 0.037 0.039 0.042 0.045 0.050 0.058 0.070 0.091 0.124 0.175 0.248 0.335
15.446 16.882 18.201 19.316 20.187 20.778 21.107 21.183 21.077 20.891 20.690 20.471 20.139 19.633 19.008 18.390 17.760 17.035 16.072 14.714 12.895 10.655 8.197 5.925 4.043 2.577 1.519 0.838 0.457 0.252 0.141 0.083 0.053 0.037 0.028 0.024 0.021 0.019 0.018 0.016 0.015 0.014 0.012 0.011 0.011 0.010 0.010 0.009 0.009 0.010 0.010 0.011 0.011 0.012 0.012 0.013 0.014 0.016 0.017 0.019 0.021 0.024 0.027 0.030 0.032 0.035 0.037 0.040 0.043 0.047 0.054 0.065 0.081 0.106 0.142 0.191 0.255
13.940 15.285 16.600 17.738 18.667 19.328 19.704 19.785 19.665 19.468 19.283 19.081 18.729 18.127 17.366 16.614 15.856 14.964 13.758 12.094 9.919 7.447 5.181 3.443 2.180 1.281 0.683 0.340 0.176 0.099 0.061 0.041 0.030 0.023 0.019 0.017 0.016 0.014 0.013 0.012 0.011 0.011 0.010 0.009 0.009 0.008 0.008 0.008 0.008 0.008 0.009 0.010 0.010 0.011 0.012 0.013 0.014 0.015 0.016 0.017 0.019 0.021 0.024 0.027 0.030 0.032 0.035 0.038 0.041 0.045 0.052 0.062 0.077 0.098 0.125 0.162 0.207
12.256 13.422 14.695 15.882 16.895 17.661 18.130 18.280 18.192 18.009 17.797 17.516 17.071 16.392 15.564 14.698 13.755 12.556 10.897 8.660 6.178 4.020 2.492 1.505 0.882 0.485 0.244 0.121 0.068 0.043 0.031 0.024 0.019 0.016 0.014 0.013 0.012 0.011 0.010 0.010 0.009 0.008 0.008 0.007 0.007 0.007 0.007 0.007 0.007 0.008 0.009 0.010 0.011 0.012 0.013 0.013 0.014 0.014 0.015 0.015 0.017 0.018 0.020 0.023 0.026 0.029 0.032 0.036 0.039 0.044 0.051 0.062 0.076 0.095 0.119 0.148 0.183
10.671 11.578 12.648 13.794 14.841 15.675 16.220 16.455 16.424 16.245 15.933 15.470 14.849 14.063 13.155 12.134 10.908 9.252 7.054 4.774 2.927 1.646 0.887 0.488 0.275 0.152 0.082 0.047 0.032 0.024 0.019 0.016 0.014 0.012 0.011 0.010 0.009 0.009 0.008 0.008 0.007 0.007 0.006 0.006 0.006 0.006 0.006 0.006 0.007 0.008 0.010 0.011 0.013 0.014 0.015 0.015 0.015 0.015 0.014 0.015 0.015 0.016 0.018 0.020 0.023 0.026 0.030 0.034 0.038 0.044 0.051 0.062 0.077 0.095 0.118 0.143 0.173
9.195 9.830 10.560 11.420 12.291 13.020 13.532 13.792 13.800 13.612 13.193 12.516 11.635 10.607 9.496 8.268 6.816 5.094 3.311 1.894 0.982 0.484 0.248 0.140 0.085 0.052 0.034 0.024 0.019 0.016 0.013 0.012 0.011 0.010 0.009 0.008 0.007 0.007 0.006 0.006 0.006 0.005 0.005 0.005 0.005 0.005 0.005 0.006 0.008 0.010 0.013 0.016 0.017 0.019 0.019 0.019 0.018 0.016 0.015 0.014 0.014 0.015 0.016 0.018 0.021 0.024 0.028 0.032 0.037 0.044 0.052 0.064 0.078 0.097 0.118 0.143 0.172
7.771 8.139 8.499 8.854 9.184 9.483 9.731 9.862 9.842 9.666 9.232 8.478 7.474 6.339 5.242 4.181 3.090 1.970 1.069 0.518 0.245 0.126 0.074 0.048 0.034 0.025 0.019 0.016 0.013 0.012 0.010 0.009 0.008 0.007 0.007 0.006 0.006 0.005 0.005 0.005 0.005 0.004 0.004 0.005 0.005 0.005 0.006 0.008 0.011 0.016 0.021 0.025 0.027 0.028 0.027 0.025 0.021 0.018 0.016 0.014 0.014 0.014 0.015 0.016 0.019 0.022 0.026 0.031 0.037 0.044 0.053 0.065 0.081 0.100 0.122 0.147 0.178
6.343 6.423 6.434 6.362 6.206 6.054 5.918 5.792 5.653 5.463 5.118 4.542 3.715 2.793 2.053 1.467 0.956 0.528 0.257 0.124 0.067 0.042 0.030 0.023 0.019 0.016 0.013 0.011 0.010 0.009 0.008 0.007 0.006 0.006 0.005 0.005 0.005 0.005 0.004 0.004 0.004 0.004 0.005 0.005 0.006 0.007 0.010 0.014 0.021 0.030 0.038 0.042 0.044 0.042 0.037 0.030 0.024 0.020 0.016 0.014 0.013 0.013 0.013 0.015 0.017 0.020 0.025 0.030 0.036 0.044 0.053 0.066 0.082 0.103 0.129 0.161 0.201
4.807 4.595 4.309 3.929 3.493 3.091 2.769 2.542 2.366 2.198 1.988 1.685 1.271 0.855 0.570 0.377 0.230 0.127 0.067 0.040 0.028 0.021 0.018 0.015 0.013 0.011 0.010 0.009 0.008 0.007 0.006 0.006 0.005 0.005 0.005 0.005 0.005 0.005 0.005 0.005 0.005 0.006 0.007 0.008 0.010 0.013 0.020 0.031 0.046 0.060 0.069 0.072 0.067 0.055 0.043 0.033 0.026 0.020 0.017 0.014 0.012 0.012 0.012 0.013 0.016 0.019 0.023 0.029 0.036 0.043 0.053 0.066 0.082 0.106 0.139 0.185 0.248
3.109 2.724 2.346 1.985 1.640 1.317 1.060 0.884 0.762 0.664 0.569 0.460 0.331 0.217 0.144 0.096 0.062 0.040 0.027 0.020 0.017 0.014 0.013 0.011 0.010 0.009 0.008 0.007 0.006 0.006 0.005 0.005 0.005 0.005 0.005 0.006 0.006 0.007 0.007 0.008 0.010 0.012 0.014 0.018 0.023 0.032 0.049 0.074 0.096 0.109 0.113 0.101 0.080 0.060 0.045 0.034 0.026 0.021 0.016 0.013 0.011 0.010 0.011 0.012 0.014 0.017 0.022 0.027 0.034 0.042 0.052 0.064 0.081 0.106 0.144 0.202 0.289
1.591 1.321 1.085 0.875 0.683 0.507 0.372 0.284 0.228 0.188 0.154 0.121 0.089 0.062 0.045 0.033 0.025 0.020 0.016 0.014 0.012 0.011 0.009 0.008 0.007 0.007 0.006 0.006 0.006 0.006 0.006 0.006 0.007 0.008 0.009 0.010 0.011 0.014 0.016 0.020 0.024 0.030 0.037 0.047 0.061 0.085 0.122 0.156 0.173 0.168 0.145 0.113 0.083 0.061 0.046 0.034 0.026 0.020 0.015 0.012 0.010 0.009 0.009 0.010 0.012 0.015 0.019 0.025 0.031 0.039 0.048 0.060 0.076 0.101 0.141 0.204 0.298
0.675 0.544 0.436 0.341 0.255 0.179 0.125 0.091 0.071 0.058 0.048 0.040 0.032 0.025 0.021 0.018 0.015 0.013 0.012 0.010 0.009 0.008 0.007 0.007 0.006 0.006 0.006 0.007 0.007 0.008 0.010 0.012 0.014 0.017 0.020 0.024 0.029 0.037 0.046 0.057 0.070 0.085 0.104 0.125 0.154 0.194 0.233 0.249 0.238 0.203 0.156 0.114 0.084 0.061 0.045 0.033 0.025 0.019 0.014 0.011 0.009 0.008 0.008 0.008 0.010 0.013 0.016 0.021 0.027 0.033 0.041 0.051 0.065 0.088 0.126 0.187 0.283
0.251 0.201 0.159 0.123 0.090 0.062 0.044 0.034 0.028 0.024 0.021 0.019 0.017 0.015 0.014 0.012 0.011 0.010 0.009 0.008 0.007 0.007 0.006 0.006 0.007 0.008 0.010 0.012 0.015 0.019 0.024 0.030 0.038 0.047 0.057 0.069 0.086 0.107 0.132 0.158 0.184 0.212 0.238 0.262 0.285 0.305 0.315 0.304 0.268 0.211 0.156 0.114 0.083 0.061 0.044 0.032 0.024 0.018 0.013 0.010 0.008 0.007 0.006 0.006 0.008 0.010 0.012 0.016 0.020 0.025 0.031 0.038 0.048 0.064 0.093 0.145 0.229
0.089 0.072 0.058 0.046 0.035 0.026 0.020 0.017 0.015 0.014 0.013 0.013 0.012 0.011 0.010 0.009 0.009 0.008 0.007 0.006 0.006 0.006 0.007 0.009 0.012 0.016 0.022 0.030 0.041 0.054 0.069 0.089 0.111 0.136 0.163 0.194 0.235 0.277 0.318 0.347 0.363 0.366 0.365 0.364 0.363 0.360 0.350 0.321 0.273 0.210 0.155 0.113 0.082 0.059 0.043 0.031 0.023 0.017 0.012 0.009 0.007 0.006 0.005 0.005 0.006 0.007 0.009 0.011 0.015 0.018 0.022 0.027 0.032 0.041 0.057 0.086 0.141
0.033 0.029 0.025 0.021 0.018 0.015 0.013 0.012 0.011 0.011 0.010 0.010 0.009 0.009 0.008 0.008 0.007 0.006 0.006 0.006 0.007 0.009 0.013 0.020 0.030 0.044 0.064 0.091 0.124 0.163 0.206 0.256 0.308 0.359 0.408 0.461 0.508 0.537 0.537 0.514 0.478 0.443 0.419 0.402 0.388 0.375 0.355 0.322 0.272 0.208 0.154 0.112 0.080 0.058 0.042 0.030 0.022 0.016 0.011 0.008 0.006 0.004 0.004 0.003 0.004 0.005 0.006 0.008 0.010 0.013 0.016 0.019 0.023 0.027 0.035 0.049 0.075
0.015 0.015 0.015 0.014 0.013 0.012 0.011 0.010 0.010 0.009 0.009 0.008 0.008 0.007 0.007 0.006 0.006 0.006 0.007 0.009 0.013 0.021 0.034 0.056 0.088 0.134 0.199 0.278 0.361 0.445 0.531 0.617 0.692 0.745 0.777 0.784 0.763 0.719 0.653 0.581 0.513 0.460 0.426 0.405 0.388 0.370 0.347 0.312 0.262 0.199 0.146 0.106 0.076 0.054 0.039 0.028 0.019 0.014 0.009 0.006 0.004 0.003 0.002 0.002 0.002 0.003 0.004 0.006 0.007 0.009 0.011 0.014 0.017 0.020 0.024 0.031 0.043
0.010 0.011 0.012 0.012 0.012 0.011 0.010 0.010 0.010 0.009 0.008 0.008 0.007 0.007 0.006 0.006 0.007 0.008 0.011 0.019 0.033 0.060 0.103 0.171 0.267 0.395 0.551 0.709 0.844 0.951 1.029 1.073 1.084 1.066 1.027 0.965 0.883 0.783 0.682 0.591 0.515 0.457 0.418 0.389 0.363 0.335 0.304 0.266 0.218 0.164 0.120 0.088 0.063 0.046 0.033 0.023 0.016 0.010 0.007 0.004 0.003 0.002 0.001 0.001 0.001 0.002 0.002 0.004 0.005 0.006 0.008 0.010 0.012 0.015 0.018 0.022 0.028
0.008 0.009 0.011 0.012 0.013 0.013 0.013 0.012 0.012 0.011 0.009 0.008 0.008 0.007 0.007 0.008 0.010 0.016 0.028 0.053 0.100 0.181 0.305 0.475 0.692 0.930 1.149 1.297 1.371 1.397 1.383 1.340 1.276 1.201 1.115 1.017 0.907 0.789 0.680 0.586 0.507 0.441 0.386 0.339 0.295 0.253 0.211 0.171 0.132 0.099 0.074 0.056 0.042 0.031 0.023 0.016 0.010 0.007 0.004 0.002 0.001 0.001 0.000 0.000 0.000 0.001 0.001 0.002 0.003 0.004 0.006 0.007 0.009 0.011 0.013 0.016 0.020
0.007 0.009 0.013 0.016 0.018 0.019 0.019 0.018 0.017 0.016 0.013 0.012 0.011 0.011 0.011 0.014 0.022 0.042 0.082 0.159 0.290 0.483 0.738 1.024 1.290 1.488 1.608 1.657 1.655 1.614 1.537 1.435 1.328 1.225 1.124 1.019 0.906 0.785 0.671 0.570 0.480 0.396 0.318 0.247 0.186 0.140 0.106 0.080 0.061 0.048 0.038 0.031 0.025 0.019 0.014 0.010 0.006 0.004 0.002 0.001 0.000 0.000 0.000 0.000 0.000 0.000 0.000 0.001 0.002 0.003 0.004 0.005 0.006 0.008 0.010 0.012 0.014
0.007 0.011 0.017 0.024 0.028 0.030 0.030 0.030 0.029 0.027 0.023 0.021 0.020 0.020 0.022 0.032 0.059 0.118 0.229 0.415 0.680 0.977 1.259 1.493 1.668 1.770 1.804 1.797 1.762 1.694 1.590 1.459 1.334 1.225 1.121 1.016 0.901 0.772 0.641 0.520 0.406 0.300 0.208 0.139 0.094 0.066 0.048 0.036 0.029 0.025 0.021 0.018 0.015 0.012 0.009 0.006 0.004 0.002 0.001 0.000 0.000 0.000 0.000 0.000 0.000 0.000 0.000 0.000 0.001 0.001 0.002 0.003 0.004 0.006 0.007 0.009 0.011
0.008 0.014 0.024 0.037 0.045 0.050 0.052 0.053 0.052 0.050 0.045 0.041 0.040 0.042 0.051 0.081 0.154 0.292 0.516 0.811 1.106 1.349 1.546 1.700 1.802 1.848 1.854 1.842 1.803 1.727 1.610 1.464 1.327 1.210 1.097 0.981 0.850 0.702 0.546 0.401 0.274 0.175 0.109 0.069 0.046 0.032 0.024 0.020 0.017 0.015 0.014 0.012 0.010 0.008 0.006 0.004 0.002 0.001 0.000 0.000 0.000 0.000 0.000 0.000 0.000 0.000 0.000 0.000 0.000 0.001 0.001 0.002 0.003 0.004 0.005 0.006 0.008
0.010 0.020 0.038 0.059 0.075 0.085 0.090 0.093 0.093 0.090 0.085 0.081 0.080 0.086 0.110 0.177 0.315 0.534 0.821 1.105 1.329 1.501 1.638 1.748 1.823 1.861 1.871 1.863 1.824 1.741 1.613 1.453 1.284 1.126 0.977 0.830 0.676 0.512 0.355 0.229 0.141 0.085 0.053 0.034 0.024 0.018 0.015 0.013 0.012 0.011 0.010 0.008 0.007 0.005 0.004 0.002 0.001 0.000 0.000 0.000 0.000 0.000 0.000 0.000 0.000 0.000 0.000 0.000 0.000 0.000 0.000 0.001 0.001 0.002 0.003 0.004 0.006
0.014 0.032 0.065 0.099 0.123 0.138 0.146 0.149 0.149 0.147 0.141 0.137 0.137 0.145 0.179 0.267 0.437 0.690 0.985 1.224 1.400 1.535 1.651 1.750 1.822 1.862 1.872 1.860 1.812 1.718 1.571 1.376 1.145 0.916 0.709 0.527 0.374 0.252 0.163 0.101 0.062 0.039 0.026 0.018 0.014 0.012 0.010 0.009 0.008 0.008 0.007 0.006 0.004 0.003 0.002 0.001 0.001 0.000 0.000 0.000 0.000 0.000 0.000 0.000 0.000 0.000 0.000 0.000 0.000 0.000 0.000 0.000 0.001 0.001 0.002 0.003 0.004
0.025 0.059 0.114 0.160 0.184 0.194 0.198 0.198 0.197 0.194 0.187 0.181 0.179 0.185 0.218 0.309 0.484 0.746 1.030 1.245 1.407 1.536 1.643 1.725 1.772 1.787 1.767 1.720 1.644 1.526 1.358 1.133 0.851 0.578 0.374 0.239 0.152 0.097 0.062 0.040 0.026 0.018 0.013 0.010 0.009 0.008 0.007 0.007 0.006 0.005 0.004 0.004 0.003 0.002 0.001 0.000 0.000 0.000 0.000 0.000 0.000 0.000 0.000 0.000 0.000 0.000 0.000 0.000 0.000 0.000 0.000 0.000 0.000 0.000 0.001 0.001 0.002
0.047 0.104 0.173 0.215 0.230 0.234 0.233 0.232 0.231 0.227 0.220 0.210 0.205 0.206 0.231 0.315 0.484 0.740 1.014 1.219 1.370 1.481 1.552 1.581 1.560 1.494 1.393 1.286 1.169 1.036 0.879 0.683 0.457 0.276 0.160 0.092 0.055 0.034 0.023 0.016 0.011 0.009 0.007 0.006 0.006 0.005 0.005 0.005 0.004 0.003 0.003 0.002 0.001 0.001 0.000 0.000 0.000 0.000 0.000 0.000 0.000 0.000 0.000 0.000 0.000 0.000 0.000 0.000 0.000 0.000 0.000 0.000 0.000 0.000 0.000 0.001 0.001
