RESULTS/r.avaflow_results/23_results/23_ascii/23_hflow0026.asc
ncols 506
nrows 317
xllcenter 498237.50
yllcenter 5580050.00
cellsize 12.50
NODATA_value -9999.000
[rows 170 to 203 of 317, columns 77 to 153 of 506]
0.000 0.000 0.000 0.000 0.000 0.000 0.000 0.000 0.000 0.000 0.000 0.000 0.001 0.002 0.005 0.008 0.012 0.016 0.021 0.027 0.035 0.053 0.094 0.182 0.334 0.522 0.672 0.801 0.928 1.060 1.200 1.354 1.526 1.723 1.955 2.218 2.442 2.586 2.655 2.671 2.642 2.538 2.503 2.731 3.379 4.340 5.292 6.213 7.160 8.173 9.295 10.559 11.839 12.854 13.442 13.609 13.667 13.783 14.032 14.337 14.744 15.213 15.721 16.289 16.920 17.517 17.852 17.839 17.442 16.754 16.019 15.364 14.805 14.263 13.739 13.283 12.929
0.000 0.000 0.000 0.000 0.000 0.000 0.000 0.000 0.000 0.000 0.001 0.002 0.004 0.009 0.015 0.023 0.032 0.042 0.055 0.071 0.094 0.138 0.221 0.362 0.561 0.754 0.906 1.048 1.190 1.336 1.491 1.660 1.847 2.059 2.302 2.579 2.858 3.076 3.204 3.258 3.267 3.232 3.306 3.770 4.729 5.962 7.043 8.067 9.080 10.090 11.098 12.102 12.979 13.537 13.770 13.831 13.898 14.038 14.284 14.586 14.972 15.407 15.900 16.449 17.044 17.507 17.646 17.423 16.912 16.348 15.873 15.502 15.214 14.992 14.880 14.856 14.957
0.000 0.000 0.000 0.000 0.000 0.000 0.000 0.000 0.000 0.001 0.003 0.006 0.012 0.021 0.033 0.048 0.065 0.087 0.114 0.149 0.199 0.283 0.420 0.615 0.825 1.001 1.158 1.312 1.468 1.627 1.797 1.981 2.179 2.400 2.649 2.928 3.240 3.534 3.763 3.924 4.025 4.109 4.356 5.083 6.296 7.579 8.648 9.678 10.677 11.606 12.422 13.092 13.542 13.738 13.794 13.850 13.949 14.107 14.332 14.624 14.999 15.436 15.901 16.383 16.892 17.178 17.145 16.844 16.442 16.105 15.863 15.719 15.684 15.735 15.897 16.235 16.845
0.000 0.000 0.000 0.000 0.000 0.000 0.000 0.000 0.001 0.003 0.007 0.013 0.024 0.039 0.058 0.081 0.110 0.147 0.194 0.257 0.344 0.474 0.659 0.880 1.081 1.257 1.425 1.590 1.757 1.929 2.107 2.296 2.500 2.727 2.982 3.271 3.598 3.947 4.283 4.601 4.888 5.170 5.638 6.517 7.746 8.945 9.990 10.957 11.855 12.631 13.232 13.618 13.760 13.781 13.771 13.815 13.921 14.077 14.288 14.576 14.925 15.313 15.718 16.117 16.475 16.583 16.485 16.256 16.023 15.896 15.836 15.846 15.942 16.134 16.479 17.091 18.082
0.000 0.000 0.000 0.000 0.000 0.000 0.000 0.000 0.002 0.005 0.011 0.020 0.035 0.055 0.083 0.118 0.162 0.217 0.287 0.380 0.505 0.672 0.885 1.123 1.334 1.523 1.704 1.880 2.055 2.233 2.412 2.601 2.810 3.037 3.296 3.600 3.945 4.332 4.750 5.195 5.650 6.130 6.790 7.739 8.913 10.027 11.011 11.879 12.615 13.184 13.577 13.760 13.789 13.764 13.704 13.726 13.827 13.974 14.169 14.428 14.725 15.044 15.340 15.595 15.798 15.850 15.790 15.660 15.574 15.618 15.705 15.817 15.998 16.288 16.769 17.550 18.712
0.000 0.000 0.000 0.000 0.000 0.000 0.000 0.000 0.002 0.006 0.013 0.024 0.041 0.067 0.102 0.149 0.210 0.287 0.385 0.508 0.667 0.867 1.110 1.365 1.592 1.798 1.992 2.179 2.359 2.537 2.716 2.903 3.108 3.334 3.591 3.900 4.269 4.688 5.161 5.692 6.262 6.884 7.683 8.700 9.814 10.822 11.685 12.401 12.973 13.385 13.631 13.728 13.746 13.697 13.593 13.560 13.630 13.759 13.939 14.165 14.390 14.604 14.782 14.898 14.980 15.027 15.036 15.004 15.029 15.181 15.355 15.550 15.830 16.240 16.842 17.711 18.891
0.000 0.000 0.000 0.000 0.000 0.000 0.000 0.000 0.002 0.006 0.014 0.026 0.045 0.073 0.114 0.171 0.248 0.349 0.476 0.634 0.830 1.068 1.343 1.618 1.863 2.085 2.290 2.484 2.667 2.846 3.024 3.206 3.396 3.616 3.872 4.181 4.563 5.006 5.515 6.098 6.748 7.483 8.393 9.458 10.482 11.347 12.056 12.628 13.079 13.396 13.571 13.639 13.649 13.583 13.438 13.330 13.344 13.455 13.599 13.750 13.920 14.059 14.133 14.157 14.159 14.132 14.125 14.120 14.196 14.406 14.624 14.899 15.265 15.775 16.488 17.435 18.620
0.000 0.000 0.000 0.000 0.000 0.000 0.000 0.000 0.002 0.006 0.014 0.026 0.046 0.076 0.121 0.185 0.275 0.398 0.560 0.761 1.003 1.285 1.599 1.895 2.156 2.389 2.601 2.798 2.982 3.160 3.335 3.506 3.684 3.887 4.134 4.440 4.814 5.263 5.795 6.417 7.133 7.965 8.974 10.032 10.946 11.665 12.254 12.718 13.085 13.343 13.468 13.495 13.480 13.404 13.241 13.074 13.028 13.091 13.221 13.343 13.456 13.518 13.498 13.431 13.331 13.190 13.055 12.940 12.957 13.152 13.396 13.715 14.137 14.712 15.506 16.523 17.745
0.000 0.000 0.000 0.000 0.000 0.000 0.000 0.000 0.002 0.006 0.013 0.025 0.045 0.076 0.123 0.190 0.289 0.431 0.629 0.886 1.194 1.538 1.888 2.204 2.479 2.720 2.935 3.130 3.310 3.480 3.645 3.808 3.973 4.157 4.380 4.656 5.007 5.453 6.001 6.663 7.442 8.353 9.417 10.427 11.240 11.834 12.336 12.739 13.045 13.230 13.304 13.321 13.284 13.192 13.011 12.799 12.706 12.724 12.803 12.881 12.920 12.904 12.806 12.647 12.439 12.192 11.929 11.671 11.524 11.561 11.736 12.041 12.481 13.106 13.970 15.063 16.358
0.000 0.000 0.000 0.000 0.000 0.000 0.000 0.000 0.001 0.004 0.010 0.021 0.041 0.073 0.121 0.190 0.292 0.444 0.671 0.992 1.405 1.841 2.219 2.554 2.842 3.089 3.301 3.487 3.656 3.814 3.964 4.113 4.262 4.418 4.606 4.842 5.155 5.579 6.124 6.821 7.676 8.675 9.736 10.680 11.411 11.916 12.353 12.703 12.932 13.062 13.112 13.115 13.061 12.950 12.754 12.504 12.354 12.320 12.336 12.344 12.296 12.190 12.003 11.748 11.445 11.106 10.745 10.404 10.177 10.101 10.172 10.395 10.789 11.382 12.208 13.291 14.626
0.000 0.000 0.000 0.000 0.000 0.000 0.000 0.000 0.001 0.002 0.006 0.014 0.031 0.060 0.107 0.177 0.282 0.439 0.677 1.038 1.555 2.153 2.603 2.954 3.252 3.500 3.707 3.881 4.035 4.176 4.307 4.431 4.553 4.679 4.830 5.015 5.262 5.652 6.187 6.900 7.823 8.917 9.944 10.803 11.492 11.947 12.312 12.597 12.778 12.863 12.878 12.868 12.803 12.674 12.462 12.179 11.972 11.867 11.801 11.716 11.566 11.359 11.071 10.714 10.311 9.881 9.468 9.121 8.892 8.793 8.827 9.013 9.368 9.899 10.615 11.540 12.722
0.000 0.000 0.000 0.000 0.000 0.000 0.000 0.000 0.000 0.001 0.002 0.006 0.016 0.035 0.073 0.136 0.234 0.386 0.627 1.009 1.581 2.360 3.003 3.415 3.722 3.969 4.168 4.330 4.463 4.580 4.682 4.770 4.853 4.946 5.061 5.196 5.367 5.688 6.196 6.917 7.880 9.058 10.075 10.862 11.499 11.929 12.213 12.417 12.552 12.597 12.601 12.567 12.492 12.352 12.127 11.820 11.542 11.338 11.166 10.985 10.736 10.404 9.991 9.505 8.988 8.499 8.097 7.810 7.642 7.586 7.641 7.823 8.141 8.594 9.192 9.949 10.902
0.000 0.000 0.000 0.000 0.000 0.000 0.000 0.000 0.000 0.000 0.001 0.002 0.005 0.013 0.031 0.067 0.134 0.251 0.462 0.838 1.467 2.400 3.312 3.875 4.234 4.504 4.703 4.850 4.958 5.035 5.093 5.136 5.177 5.226 5.295 5.385 5.497 5.726 6.183 6.897 7.870 9.102 10.138 10.872 11.438 11.828 12.043 12.170 12.255 12.258 12.260 12.213 12.116 11.956 11.712 11.394 11.043 10.725 10.436 10.144 9.791 9.336 8.777 8.152 7.580 7.117 6.775 6.557 6.454 6.458 6.561 6.758 7.050 7.436 7.923 8.531 9.296
0.000 0.000 0.000 0.000 0.000 0.000 0.000 0.000 0.000 0.000 0.000 0.001 0.002 0.004 0.009 0.022 0.048 0.104 0.228 0.524 1.153 2.223 3.453 4.247 4.702 5.020 5.246 5.398 5.490 5.531 5.543 5.544 5.540 5.550 5.580 5.628 5.688 5.819 6.194 6.866 7.826 9.095 10.147 10.822 11.296 11.598 11.788 11.860 11.885 11.864 11.830 11.751 11.616 11.432 11.178 10.853 10.457 10.038 9.631 9.216 8.739 8.173 7.537 6.919 6.393 5.975 5.676 5.497 5.428 5.460 5.580 5.777 6.040 6.368 6.773 7.278 7.911
0.000 0.000 0.000 0.000 0.000 0.000 0.000 0.000 0.000 0.000 0.000 0.000 0.001 0.001 0.002 0.006 0.015 0.036 0.096 0.273 0.769 1.844 3.355 4.450 5.064 5.445 5.703 5.868 5.962 6.000 6.003 5.988 5.956 5.929 5.922 5.935 5.962 6.020 6.271 6.850 7.758 9.016 10.060 10.673 11.042 11.259 11.410 11.450 11.453 11.399 11.297 11.149 10.956 10.733 10.471 10.144 9.741 9.281 8.778 8.250 7.685 7.078 6.460 5.897 5.417 5.036 4.760 4.597 4.543 4.582 4.696 4.865 5.087 5.368 5.723 6.162 6.712
0.000 0.000 0.000 0.000 0.000 0.000 0.000 0.000 0.000 0.000 0.000 0.000 0.000 0.001 0.001 0.002 0.005 0.016 0.049 0.159 0.515 1.445 3.051 4.467 5.281 5.749 6.047 6.241 6.347 6.392 6.401 6.387 6.359 6.336 6.326 6.325 6.339 6.358 6.506 6.944 7.709 8.829 9.804 10.376 10.674 10.840 10.927 10.930 10.926 10.826 10.635 10.348 10.044 9.794 9.542 9.246 8.879 8.428 7.883 7.298 6.696 6.100 5.533 5.023 4.590 4.241 3.982 3.821 3.762 3.792 3.882 4.008 4.181 4.423 4.746 5.156 5.649
0.000 0.000 0.000 0.000 0.000 0.000 0.000 0.000 0.000 0.000 0.000 0.000 0.000 0.000 0.001 0.001 0.003 0.010 0.035 0.116 0.376 1.113 2.577 4.259 5.342 5.945 6.288 6.500 6.635 6.699 6.711 6.702 6.679 6.668 6.668 6.679 6.706 6.745 6.876 7.176 7.721 8.582 9.411 9.926 10.201 10.315 10.352 10.330 10.265 10.094 9.792 9.313 8.849 8.565 8.366 8.143 7.863 7.466 6.950 6.349 5.756 5.210 4.706 4.253 3.864 3.545 3.302 3.141 3.065 3.067 3.122 3.206 3.331 3.531 3.836 4.241 4.652
0.000 0.000 0.000 0.000 0.000 0.000 0.000 0.000 0.000 0.000 0.000 0.000 0.000 0.000 0.000 0.001 0.002 0.008 0.029 0.096 0.297 0.854 2.045 3.782 5.194 6.010 6.423 6.660 6.815 6.903 6.930 6.928 6.912 6.906 6.906 6.917 6.950 7.007 7.127 7.351 7.743 8.355 8.980 9.375 9.607 9.672 9.687 9.631 9.494 9.230 8.829 8.240 7.605 7.185 6.975 6.830 6.662 6.369 5.922 5.362 4.828 4.361 3.942 3.551 3.201 2.908 2.682 2.525 2.433 2.398 2.410 2.455 2.533 2.686 2.955 3.277 3.477
0.000 0.000 0.000 0.000 0.000 0.000 0.000 0.000 0.000 0.000 0.000 0.000 0.000 0.000 0.000 0.001 0.001 0.006 0.024 0.080 0.243 0.662 1.563 3.101 4.807 5.911 6.464 6.736 6.912 7.015 7.058 7.066 7.060 7.057 7.060 7.068 7.099 7.153 7.247 7.423 7.723 8.156 8.572 8.843 8.979 9.012 9.003 8.906 8.739 8.438 7.987 7.371 6.650 6.075 5.733 5.516 5.331 5.111 4.764 4.306 3.882 3.523 3.203 2.889 2.573 2.303 2.092 1.941 1.837 1.769 1.734 1.734 1.757 1.815 1.908 1.971 1.920
0.000 0.000 0.000 0.000 0.000 0.000 0.000 0.000 0.000 0.000 0.000 0.000 0.000 0.000 0.000 0.001 0.001 0.004 0.018 0.063 0.192 0.514 1.208 2.457 4.218 5.614 6.379 6.738 6.932 7.048 7.117 7.143 7.145 7.140 7.136 7.143 7.173 7.217 7.294 7.438 7.670 7.956 8.203 8.366 8.435 8.447 8.404 8.269 8.062 7.740 7.270 6.660 5.926 5.267 4.788 4.453 4.169 3.892 3.581 3.229 2.921 2.666 2.431 2.187 1.925 1.686 1.498 1.357 1.246 1.153 1.079 1.021 0.966 0.911 0.852 0.784 0.706
0.000 0.000 0.000 0.000 0.000 0.000 0.000 0.000 0.000 0.000 0.000 0.000 0.000 0.000 0.001 0.001 0.001 0.003 0.011 0.041 0.135 0.386 0.949 2.009 3.644 5.174 6.112 6.612 6.895 7.054 7.131 7.167 7.176 7.172 7.163 7.166 7.192 7.230 7.293 7.412 7.581 7.737 7.845 7.915 7.942 7.933 7.865 7.711 7.464 7.125 6.653 6.059 5.333 4.658 4.108 3.658 3.270 2.915 2.578 2.262 1.988 1.739 1.512 1.306 1.112 0.939 0.802 0.705 0.630 0.564 0.501 0.438 0.375 0.314 0.261 0.217 0.185
0.000 0.000 0.000 0.000 0.000 0.000 0.000 0.000 0.000 0.000 0.000 0.000 0.001 0.001 0.001 0.002 0.002 0.003 0.006 0.022 0.082 0.271 0.750 1.696 3.188 4.679 5.666 6.288 6.705 6.969 7.112 7.169 7.181 7.174 7.165 7.165 7.186 7.218 7.263 7.343 7.436 7.491 7.494 7.488 7.485 7.450 7.356 7.187 6.928 6.582 6.109 5.511 4.797 4.129 3.561 3.064 2.614 2.204 1.838 1.517 1.236 0.981 0.758 0.577 0.440 0.344 0.282 0.240 0.207 0.177 0.148 0.119 0.093 0.074 0.062 0.054 0.048
0.000 0.000 0.000 0.000 0.000 0.000 0.000 0.000 0.000 0.001 0.001 0.001 0.002 0.002 0.002 0.003 0.003 0.003 0.004 0.012 0.046 0.179 0.588 1.454 2.796 4.130 5.091 5.806 6.345 6.730 6.980 7.111 7.150 7.139 7.133 7.126 7.133 7.152 7.173 7.203 7.219 7.189 7.126 7.072 7.029 6.977 6.874 6.697 6.443 6.088 5.609 4.998 4.281 3.624 3.061 2.567 2.117 1.704 1.332 1.005 0.723 0.488 0.308 0.184 0.112 0.076 0.059 0.050 0.042 0.036 0.031 0.028 0.026 0.025 0.025 0.024 0.023
0.000 0.000 0.000 0.000 0.000 0.001 0.001 0.001 0.001 0.001 0.002 0.002 0.002 0.003 0.003 0.003 0.003 0.003 0.004 0.009 0.030 0.119 0.452 1.227 2.421 3.556 4.428 5.179 5.809 6.316 6.683 6.910 7.008 7.023 7.028 7.012 7.005 7.012 7.001 6.986 6.937 6.837 6.722 6.653 6.583 6.507 6.396 6.226 5.979 5.618 5.127 4.508 3.789 3.140 2.590 2.117 1.691 1.302 0.952 0.647 0.400 0.220 0.107 0.050 0.026 0.018 0.015 0.014 0.013 0.013 0.014 0.016 0.019 0.020 0.021 0.021 0.021
0.000 0.000 0.000 0.001 0.001 0.001 0.001 0.002 0.002 0.002 0.002 0.003 0.003 0.003 0.003 0.003 0.003 0.003 0.004 0.010 0.031 0.096 0.340 0.980 2.016 2.981 3.740 4.467 5.144 5.732 6.198 6.531 6.713 6.780 6.814 6.796 6.793 6.784 6.743 6.678 6.570 6.420 6.279 6.206 6.125 6.040 5.935 5.772 5.525 5.160 4.663 4.034 3.314 2.676 2.139 1.688 1.290 0.934 0.624 0.374 0.195 0.087 0.035 0.017 0.012 0.011 0.010 0.010 0.010 0.011 0.013 0.016 0.019 0.020 0.021 0.021 0.020
0.001 0.001 0.001 0.001 0.002 0.002 0.002 0.002 0.003 0.003 0.003 0.003 0.003 0.003 0.002 0.002 0.002 0.003 0.005 0.016 0.048 0.117 0.257 0.674 1.489 2.362 3.035 3.706 4.394 5.028 5.571 5.999 6.274 6.407 6.469 6.474 6.481 6.462 6.405 6.295 6.128 5.934 5.783 5.697 5.629 5.564 5.478 5.328 5.082 4.712 4.207 3.568 2.850 2.222 1.694 1.254 0.879 0.570 0.333 0.169 0.072 0.028 0.014 0.011 0.011 0.010 0.010 0.010 0.010 0.012 0.014 0.017 0.020 0.021 0.022 0.022 0.021
0.001 0.002 0.002 0.002 0.002 0.003 0.003 0.003 0.003 0.003 0.003 0.003 0.002 0.002 0.002 0.002 0.002 0.003 0.009 0.031 0.093 0.160 0.210 0.370 0.842 1.582 2.264 2.893 3.562 4.222 4.830 5.337 5.719 5.942 6.042 6.076 6.079 6.056 5.984 5.840 5.621 5.397 5.237 5.143 5.095 5.057 4.995 4.857 4.609 4.231 3.716 3.071 2.357 1.728 1.197 0.779 0.475 0.265 0.128 0.052 0.020 0.011 0.010 0.010 0.010 0.010 0.010 0.010 0.011 0.013 0.016 0.019 0.021 0.023 0.023 0.023 0.022
0.002 0.002 0.003 0.003 0.003 0.003 0.004 0.004 0.003 0.003 0.003 0.002 0.002 0.002 0.002 0.002 0.002 0.005 0.015 0.056 0.132 0.174 0.182 0.197 0.357 0.790 1.404 2.032 2.667 3.323 3.988 4.595 5.084 5.412 5.580 5.636 5.643 5.612 5.512 5.337 5.082 4.827 4.648 4.546 4.501 4.467 4.392 4.229 3.945 3.531 2.994 2.347 1.666 1.080 0.648 0.364 0.188 0.085 0.033 0.013 0.009 0.010 0.010 0.010 0.010 0.010 0.010 0.010 0.011 0.014 0.018 0.021 0.024 0.025 0.025 0.025 0.024
0.004 0.003 0.003 0.004 0.004 0.004 0.004 0.004 0.003 0.003 0.003 0.002 0.002 0.002 0.002 0.002 0.003 0.008 0.027 0.084 0.146 0.166 0.160 0.128 0.136 0.285 0.646 1.156 1.734 2.365 3.057 3.786 4.420 4.868 5.114 5.192 5.191 5.138 4.999 4.795 4.537 4.266 4.042 3.876 3.761 3.647 3.475 3.217 2.857 2.395 1.859 1.300 0.820 0.471 0.246 0.117 0.049 0.019 0.009 0.007 0.008 0.010 0.010 0.010 0.010 0.010 0.010 0.010 0.012 0.016 0.020 0.024 0.027 0.028 0.028 0.028 0.026
0.006 0.005 0.005 0.005 0.005 0.005 0.005 0.004 0.003 0.003 0.003 0.002 0.002 0.002 0.002 0.003 0.005 0.014 0.047 0.105 0.139 0.146 0.133 0.099 0.084 0.095 0.196 0.443 0.828 1.337 1.987 2.791 3.578 4.140 4.472 4.606 4.615 4.545 4.376 4.160 3.917 3.635 3.317 2.951 2.588 2.258 1.970 1.693 1.418 1.131 0.811 0.508 0.282 0.138 0.061 0.025 0.010 0.005 0.005 0.006 0.009 0.010 0.010 0.010 0.010 0.010 0.011 0.012 0.014 0.018 0.024 0.028 0.031 0.032 0.032 0.030 0.027
0.009 0.008 0.007 0.007 0.006 0.006 0.005 0.004 0.003 0.003 0.003 0.003 0.003 0.003 0.003 0.004 0.009 0.025 0.068 0.112 0.125 0.123 0.108 0.085 0.073 0.069 0.070 0.112 0.235 0.456 0.791 1.310 1.962 2.498 2.878 3.129 3.271 3.317 3.243 3.096 2.888 2.567 2.076 1.475 1.012 0.746 0.606 0.524 0.450 0.364 0.252 0.141 0.068 0.030 0.012 0.005 0.003 0.003 0.004 0.007 0.009 0.010 0.011 0.011 0.011 0.011 0.012 0.013 0.016 0.022 0.028 0.032 0.035 0.035 0.035 0.031 0.028
0.014 0.011 0.010 0.008 0.007 0.006 0.005 0.004 0.003 0.003 0.003 0.003 0.003 0.004 0.005 0.007 0.015 0.036 0.079 0.106 0.111 0.107 0.091 0.076 0.069 0.065 0.064 0.063 0.071 0.105 0.182 0.317 0.508 0.688 0.851 1.002 1.148 1.266 1.317 1.299 1.202 1.007 0.695 0.381 0.199 0.123 0.100 0.091 0.085 0.077 0.057 0.031 0.014 0.006 0.003 0.002 0.002 0.003 0.005 0.008 0.010 0.011 0.011 0.011 0.011 0.012 0.013 0.015 0.020 0.027 0.033 0.037 0.038 0.037 0.035 0.031 0.027
0.018 0.015 0.012 0.009 0.007 0.006 0.004 0.004 0.003 0.003 0.004 0.004 0.005 0.005 0.007 0.010 0.018 0.044 0.082 0.098 0.100 0.093 0.078 0.069 0.065 0.063 0.062 0.063 0.066 0.074 0.094 0.130 0.162 0.180 0.194 0.201 0.206 0.235 0.260 0.266 0.253 0.215 0.146 0.093 0.069 0.049 0.031 0.022 0.018 0.016 0.012 0.007 0.004 0.002 0.002 0.002 0.002 0.003 0.005 0.008 0.010 0.011 0.012 0.012 0.012 0.013 0.015 0.018 0.025 0.033 0.038 0.040 0.040 0.038 0.034 0.028 0.024
0.019 0.016 0.012 0.009 0.007 0.005 0.004 0.004 0.004 0.004 0.005 0.005 0.005 0.006 0.007 0.010 0.021 0.050 0.082 0.092 0.091 0.082 0.071 0.066 0.063 0.061 0.061 0.063 0.066 0.075 0.097 0.131 0.148 0.152 0.148 0.126 0.089 0.073 0.070 0.071 0.076 0.081 0.079 0.074 0.064 0.044 0.025 0.015 0.010 0.008 0.006 0.004 0.003 0.002 0.002 0.002 0.002 0.003 0.006 0.009 0.011 0.012 0.012 0.013 0.013 0.015 0.017 0.023 0.031 0.037 0.040 0.041 0.040 0.037 0.029 0.022 0.020
