RESULTS/r.avaflow_results/23_results/23_ascii/23_hflow10052.asc
ncols 506
nrows 317
xllcenter 498237.50
yllcenter 5580050.00
cellsize 12.50
NODATA_value -9999.000
[rows 170 to 203 of 317, columns 154 to 230 of 506]
3.728 3.398 3.086 2.798 2.534 2.297 2.080 1.882 1.699 1.528 1.367 1.217 1.078 0.950 0.832 0.722 0.618 0.523 0.437 0.361 0.294 0.235 0.185 0.144 0.110 0.084 0.066 0.056 0.051 0.049 0.048 0.048 0.048 0.048 0.047 0.047 0.047 0.047 0.046 0.044 0.041 0.038 0.035 0.032 0.029 0.026 0.022 0.018 0.014 0.011 0.009 0.007 0.005 0.005 0.004 0.004 0.003 0.003 0.004 0.004 0.004 0.004 0.004 0.004 0.004 0.004 0.004 0.004 0.005 0.008 0.011 0.012 0.013 0.012 0.011 0.008 0.005
4.027 3.728 3.436 3.160 2.899 2.657 2.428 2.214 2.014 1.825 1.646 1.477 1.319 1.173 1.035 0.904 0.780 0.663 0.554 0.457 0.371 0.297 0.233 0.181 0.138 0.104 0.079 0.064 0.057 0.054 0.054 0.055 0.055 0.054 0.053 0.051 0.050 0.049 0.047 0.044 0.040 0.036 0.033 0.030 0.026 0.022 0.017 0.012 0.008 0.006 0.004 0.003 0.003 0.003 0.002 0.002 0.003 0.003 0.003 0.003 0.003 0.003 0.003 0.003 0.002 0.002 0.003 0.003 0.004 0.005 0.008 0.011 0.012 0.012 0.011 0.010 0.007
4.265 3.992 3.721 3.456 3.200 2.957 2.726 2.508 2.300 2.103 1.913 1.732 1.557 1.389 1.229 1.077 0.932 0.798 0.674 0.561 0.460 0.370 0.292 0.226 0.172 0.128 0.095 0.073 0.061 0.057 0.056 0.056 0.056 0.055 0.054 0.051 0.049 0.047 0.045 0.041 0.036 0.031 0.027 0.023 0.019 0.014 0.009 0.006 0.004 0.003 0.002 0.002 0.002 0.002 0.002 0.002 0.002 0.002 0.002 0.002 0.002 0.002 0.002 0.002 0.002 0.002 0.002 0.002 0.003 0.004 0.006 0.008 0.011 0.011 0.011 0.011 0.010
4.437 4.185 3.934 3.684 3.441 3.211 2.988 2.772 2.564 2.364 2.167 1.975 1.786 1.600 1.416 1.240 1.075 0.921 0.781 0.654 0.541 0.440 0.351 0.274 0.210 0.157 0.115 0.084 0.066 0.058 0.055 0.055 0.054 0.053 0.052 0.049 0.046 0.043 0.039 0.033 0.026 0.020 0.016 0.012 0.009 0.006 0.004 0.003 0.002 0.002 0.001 0.001 0.001 0.001 0.001 0.002 0.002 0.002 0.002 0.002 0.002 0.002 0.002 0.002 0.001 0.001 0.001 0.002 0.002 0.003 0.004 0.006 0.009 0.011 0.011 0.011 0.011
4.538 4.309 4.084 3.858 3.638 3.425 3.213 3.006 2.806 2.604 2.405 2.206 2.006 1.801 1.592 1.389 1.201 1.028 0.871 0.731 0.606 0.495 0.397 0.312 0.240 0.180 0.133 0.097 0.073 0.059 0.054 0.051 0.049 0.048 0.045 0.042 0.038 0.033 0.027 0.020 0.014 0.010 0.007 0.005 0.004 0.003 0.002 0.001 0.001 0.001 0.001 0.001 0.001 0.001 0.001 0.002 0.002 0.002 0.002 0.002 0.002 0.002 0.001 0.001 0.001 0.001 0.001 0.001 0.002 0.002 0.003 0.004 0.007 0.009 0.011 0.011 0.011
4.584 4.380 4.183 3.984 3.786 3.591 3.399 3.205 3.015 2.819 2.621 2.416 2.205 1.982 1.747 1.518 1.307 1.115 0.943 0.790 0.655 0.536 0.431 0.339 0.261 0.197 0.145 0.106 0.078 0.061 0.051 0.045 0.041 0.038 0.033 0.029 0.024 0.019 0.014 0.010 0.007 0.005 0.003 0.002 0.002 0.001 0.001 0.001 0.001 0.001 0.001 0.001 0.001 0.001 0.001 0.002 0.002 0.002 0.002 0.002 0.002 0.001 0.001 0.001 0.001 0.001 0.001 0.001 0.001 0.001 0.002 0.003 0.005 0.008 0.010 0.010 0.010
4.598 4.413 4.241 4.069 3.897 3.723 3.552 3.372 3.191 3.004 2.811 2.604 2.379 2.137 1.874 1.619 1.386 1.178 0.993 0.830 0.688 0.563 0.453 0.357 0.275 0.207 0.152 0.111 0.081 0.061 0.047 0.038 0.031 0.024 0.019 0.015 0.012 0.009 0.007 0.005 0.003 0.002 0.002 0.001 0.001 0.001 0.001 0.001 0.001 0.001 0.001 0.001 0.001 0.001 0.001 0.002 0.002 0.002 0.002 0.002 0.002 0.001 0.001 0.001 0.001 0.001 0.001 0.001 0.001 0.001 0.002 0.002 0.003 0.005 0.008 0.009 0.010
4.595 4.425 4.271 4.124 3.975 3.820 3.670 3.505 3.336 3.161 2.973 2.763 2.525 2.263 1.972 1.689 1.437 1.215 1.020 0.851 0.705 0.577 0.465 0.367 0.281 0.210 0.154 0.112 0.082 0.059 0.043 0.030 0.020 0.013 0.009 0.007 0.005 0.004 0.003 0.002 0.002 0.001 0.001 0.001 0.001 0.001 0.001 0.001 0.001 0.001 0.001 0.001 0.001 0.001 0.002 0.002 0.002 0.002 0.002 0.002 0.002 0.001 0.001 0.001 0.001 0.001 0.001 0.001 0.001 0.001 0.001 0.002 0.002 0.004 0.006 0.007 0.008
4.581 4.423 4.284 4.155 4.027 3.894 3.762 3.618 3.465 3.302 3.115 2.900 2.651 2.362 2.044 1.736 1.467 1.232 1.030 0.857 0.709 0.581 0.468 0.368 0.281 0.208 0.151 0.108 0.076 0.053 0.034 0.021 0.012 0.007 0.004 0.003 0.003 0.002 0.002 0.001 0.001 0.001 0.001 0.001 0.001 0.001 0.001 0.001 0.001 0.001 0.001 0.001 0.002 0.002 0.002 0.002 0.002 0.002 0.002 0.002 0.002 0.001 0.001 0.001 0.001 0.001 0.001 0.001 0.001 0.001 0.001 0.001 0.002 0.003 0.004 0.005 0.007
4.551 4.407 4.282 4.165 4.057 3.949 3.839 3.716 3.582 3.428 3.243 3.021 2.757 2.444 2.096 1.769 1.485 1.240 1.031 0.855 0.705 0.576 0.461 0.359 0.268 0.193 0.134 0.090 0.059 0.037 0.021 0.011 0.006 0.004 0.002 0.002 0.001 0.001 0.001 0.001 0.001 0.001 0.001 0.001 0.001 0.001 0.001 0.001 0.001 0.001 0.002 0.002 0.002 0.002 0.002 0.002 0.002 0.002 0.002 0.002 0.002 0.002 0.001 0.001 0.001 0.001 0.001 0.001 0.001 0.001 0.001 0.001 0.002 0.002 0.003 0.004 0.005
4.501 4.374 4.262 4.162 4.074 3.989 3.904 3.807 3.692 3.542 3.352 3.120 2.839 2.503 2.132 1.793 1.498 1.244 1.028 0.844 0.687 0.551 0.431 0.325 0.233 0.158 0.098 0.056 0.031 0.017 0.009 0.005 0.003 0.002 0.001 0.001 0.001 0.001 0.001 0.001 0.001 0.001 0.001 0.001 0.001 0.001 0.001 0.001 0.001 0.002 0.002 0.003 0.003 0.003 0.003 0.003 0.003 0.003 0.003 0.002 0.002 0.002 0.001 0.001 0.001 0.001 0.001 0.001 0.001 0.001 0.001 0.001 0.001 0.002 0.002 0.003 0.004
4.426 4.317 4.226 4.148 4.084 4.021 3.962 3.889 3.787 3.638 3.439 3.193 2.893 2.539 2.158 1.812 1.508 1.243 1.015 0.816 0.641 0.487 0.356 0.248 0.161 0.095 0.049 0.023 0.012 0.006 0.004 0.002 0.002 0.001 0.001 0.001 0.001 0.001 0.001 0.001 0.001 0.001 0.001 0.001 0.001 0.001 0.001 0.001 0.002 0.002 0.003 0.004 0.004 0.004 0.004 0.004 0.004 0.004 0.003 0.003 0.002 0.002 0.002 0.001 0.001 0.001 0.001 0.001 0.001 0.001 0.001 0.001 0.001 0.002 0.002 0.002 0.003
4.324 4.236 4.168 4.115 4.077 4.040 4.007 3.952 3.853 3.700 3.493 3.231 2.916 2.550 2.167 1.819 1.509 1.229 0.973 0.741 0.532 0.352 0.215 0.124 0.069 0.036 0.017 0.008 0.004 0.003 0.002 0.002 0.001 0.001 0.001 0.001 0.001 0.001 0.001 0.001 0.001 0.001 0.001 0.001 0.001 0.001 0.001 0.002 0.002 0.003 0.004 0.005 0.006 0.006 0.006 0.006 0.006 0.005 0.004 0.003 0.003 0.002 0.002 0.001 0.001 0.001 0.001 0.001 0.001 0.001 0.001 0.001 0.001 0.001 0.002 0.002 0.003
4.196 4.133 4.090 4.065 4.055 4.045 4.028 3.978 3.881 3.724 3.508 3.233 2.906 2.532 2.148 1.788 1.452 1.130 0.824 0.546 0.318 0.162 0.079 0.040 0.021 0.011 0.005 0.003 0.002 0.002 0.001 0.001 0.001 0.001 0.001 0.001 0.001 0.001 0.001 0.001 0.001 0.001 0.001 0.001 0.001 0.002 0.002 0.002 0.003 0.004 0.006 0.008 0.009 0.009 0.009 0.009 0.008 0.007 0.005 0.004 0.003 0.002 0.002 0.002 0.001 0.001 0.001 0.001 0.001 0.001 0.001 0.001 0.001 0.001 0.002 0.002 0.003
4.050 4.012 3.989 3.980 3.980 3.976 3.963 3.912 3.821 3.663 3.426 3.122 2.761 2.361 1.960 1.569 1.183 0.810 0.482 0.244 0.109 0.046 0.021 0.011 0.006 0.004 0.002 0.002 0.001 0.001 0.001 0.001 0.001 0.001 0.001 0.001 0.001 0.001 0.001 0.001 0.001 0.001 0.001 0.002 0.002 0.002 0.002 0.003 0.005 0.007 0.010 0.013 0.014 0.015 0.015 0.014 0.012 0.010 0.007 0.005 0.004 0.003 0.002 0.002 0.001 0.001 0.001 0.001 0.001 0.001 0.001 0.001 0.001 0.001 0.002 0.002 0.003
3.883 3.866 3.836 3.781 3.706 3.640 3.583 3.511 3.417 3.268 3.026 2.692 2.270 1.809 1.377 0.978 0.619 0.336 0.156 0.063 0.025 0.011 0.006 0.004 0.002 0.002 0.002 0.001 0.001 0.001 0.001 0.001 0.001 0.001 0.001 0.001 0.001 0.001 0.001 0.001 0.002 0.002 0.002 0.002 0.002 0.003 0.004 0.006 0.009 0.014 0.019 0.023 0.025 0.026 0.025 0.022 0.018 0.013 0.010 0.007 0.005 0.004 0.003 0.002 0.002 0.001 0.001 0.001 0.001 0.001 0.001 0.001 0.001 0.001 0.002 0.002 0.003
3.629 3.564 3.436 3.241 2.991 2.781 2.614 2.476 2.356 2.213 2.000 1.684 1.264 0.849 0.547 0.335 0.183 0.084 0.034 0.013 0.006 0.004 0.002 0.002 0.002 0.002 0.001 0.001 0.001 0.001 0.001 0.001 0.001 0.002 0.002 0.002 0.002 0.002 0.002 0.002 0.002 0.002 0.003 0.003 0.004 0.005 0.008 0.012 0.020 0.030 0.039 0.045 0.047 0.045 0.038 0.030 0.023 0.017 0.012 0.009 0.006 0.004 0.003 0.002 0.002 0.001 0.001 0.001 0.001 0.001 0.001 0.001 0.001 0.001 0.002 0.002 0.003
3.086 2.861 2.559 2.181 1.785 1.471 1.253 1.104 0.993 0.889 0.768 0.607 0.407 0.241 0.137 0.077 0.039 0.018 0.008 0.004 0.003 0.002 0.002 0.002 0.002 0.002 0.002 0.002 0.002 0.002 0.002 0.002 0.002 0.002 0.002 0.002 0.002 0.003 0.003 0.003 0.004 0.004 0.005 0.006 0.008 0.012 0.018 0.031 0.048 0.065 0.077 0.081 0.075 0.061 0.047 0.036 0.027 0.020 0.014 0.010 0.007 0.005 0.003 0.002 0.002 0.001 0.001 0.001 0.001 0.001 0.001 0.001 0.001 0.001 0.002 0.003 0.004
2.109 1.754 1.413 1.100 0.829 0.615 0.466 0.368 0.303 0.252 0.203 0.150 0.094 0.054 0.031 0.017 0.010 0.005 0.003 0.002 0.002 0.002 0.002 0.002 0.002 0.002 0.002 0.002 0.002 0.002 0.002 0.002 0.003 0.003 0.003 0.004 0.004 0.005 0.005 0.007 0.008 0.010 0.012 0.016 0.021 0.032 0.051 0.080 0.107 0.124 0.128 0.115 0.091 0.068 0.051 0.038 0.029 0.021 0.015 0.011 0.007 0.005 0.003 0.002 0.002 0.001 0.001 0.001 0.001 0.001 0.001 0.001 0.001 0.001 0.002 0.003 0.004
1.070 0.839 0.644 0.478 0.339 0.232 0.159 0.114 0.086 0.067 0.051 0.036 0.022 0.014 0.008 0.005 0.004 0.003 0.002 0.002 0.002 0.002 0.002 0.002 0.002 0.002 0.002 0.002 0.003 0.003 0.003 0.004 0.005 0.006 0.007 0.008 0.009 0.011 0.014 0.018 0.022 0.028 0.036 0.047 0.063 0.091 0.134 0.175 0.195 0.191 0.165 0.128 0.095 0.070 0.052 0.039 0.029 0.022 0.016 0.011 0.008 0.005 0.003 0.002 0.002 0.001 0.001 0.001 0.001 0.001 0.001 0.001 0.001 0.001 0.002 0.003 0.004
0.443 0.337 0.253 0.182 0.124 0.080 0.052 0.035 0.026 0.019 0.015 0.011 0.007 0.005 0.004 0.003 0.003 0.002 0.002 0.002 0.002 0.002 0.002 0.002 0.003 0.003 0.003 0.004 0.005 0.006 0.007 0.009 0.011 0.014 0.017 0.021 0.026 0.033 0.042 0.054 0.067 0.085 0.106 0.131 0.165 0.213 0.259 0.279 0.267 0.228 0.176 0.130 0.096 0.071 0.053 0.040 0.030 0.022 0.016 0.011 0.008 0.005 0.004 0.002 0.002 0.001 0.001 0.001 0.001 0.001 0.001 0.001 0.001 0.001 0.002 0.002 0.004
0.160 0.121 0.090 0.064 0.043 0.028 0.018 0.013 0.010 0.008 0.006 0.005 0.004 0.004 0.003 0.003 0.002 0.002 0.002 0.002 0.002 0.002 0.003 0.003 0.004 0.005 0.007 0.009 0.012 0.015 0.020 0.026 0.033 0.042 0.052 0.064 0.081 0.104 0.130 0.157 0.187 0.219 0.250 0.280 0.309 0.335 0.347 0.336 0.297 0.236 0.176 0.130 0.096 0.071 0.053 0.040 0.030 0.022 0.016 0.011 0.008 0.005 0.004 0.002 0.002 0.001 0.001 0.001 0.001 0.001 0.001 0.001 0.001 0.001 0.001 0.002 0.003
0.055 0.042 0.032 0.023 0.017 0.012 0.009 0.007 0.006 0.005 0.005 0.004 0.004 0.003 0.003 0.003 0.003 0.002 0.002 0.003 0.003 0.004 0.005 0.006 0.009 0.013 0.018 0.025 0.035 0.047 0.062 0.081 0.104 0.129 0.156 0.189 0.233 0.280 0.324 0.357 0.376 0.382 0.385 0.388 0.391 0.392 0.382 0.353 0.302 0.236 0.176 0.130 0.096 0.072 0.053 0.040 0.030 0.022 0.016 0.011 0.008 0.005 0.003 0.002 0.001 0.001 0.001 0.001 0.001 0.001 0.001 0.001 0.001 0.001 0.001 0.001 0.002
0.020 0.016 0.014 0.011 0.009 0.008 0.006 0.006 0.005 0.005 0.004 0.004 0.004 0.003 0.003 0.003 0.003 0.003 0.003 0.003 0.005 0.007 0.010 0.016 0.024 0.037 0.056 0.081 0.113 0.151 0.195 0.246 0.300 0.354 0.407 0.464 0.518 0.552 0.555 0.532 0.497 0.463 0.440 0.426 0.416 0.405 0.387 0.354 0.302 0.236 0.176 0.130 0.096 0.071 0.053 0.040 0.029 0.021 0.015 0.010 0.007 0.005 0.003 0.002 0.001 0.001 0.001 0.001 0.000 0.000 0.000 0.000 0.000 0.001 0.001 0.001 0.001
0.009 0.009 0.009 0.008 0.008 0.007 0.006 0.006 0.005 0.005 0.004 0.004 0.004 0.003 0.003 0.003 0.003 0.003 0.004 0.006 0.010 0.017 0.029 0.048 0.077 0.121 0.182 0.260 0.345 0.433 0.523 0.614 0.694 0.752 0.789 0.800 0.783 0.740 0.674 0.601 0.531 0.479 0.446 0.428 0.414 0.400 0.379 0.346 0.294 0.229 0.170 0.125 0.092 0.068 0.050 0.037 0.026 0.018 0.012 0.008 0.005 0.003 0.002 0.001 0.001 0.001 0.000 0.000 0.000 0.000 0.000 0.000 0.000 0.000 0.001 0.001 0.001
0.006 0.007 0.008 0.008 0.008 0.007 0.007 0.006 0.006 0.006 0.005 0.004 0.004 0.004 0.004 0.004 0.004 0.006 0.009 0.015 0.028 0.051 0.092 0.155 0.247 0.373 0.531 0.694 0.838 0.951 1.034 1.082 1.096 1.082 1.046 0.987 0.905 0.806 0.702 0.609 0.531 0.474 0.436 0.411 0.389 0.364 0.335 0.299 0.248 0.190 0.141 0.104 0.077 0.056 0.041 0.029 0.020 0.013 0.008 0.005 0.003 0.002 0.001 0.001 0.000 0.000 0.000 0.000 0.000 0.000 0.000 0.000 0.000 0.000 0.000 0.001 0.001
0.005 0.006 0.008 0.009 0.009 0.009 0.009 0.008 0.008 0.007 0.006 0.006 0.005 0.005 0.005 0.006 0.008 0.013 0.023 0.045 0.089 0.165 0.285 0.453 0.670 0.912 1.141 1.297 1.376 1.404 1.391 1.349 1.288 1.216 1.133 1.037 0.929 0.811 0.700 0.603 0.523 0.457 0.404 0.358 0.316 0.274 0.233 0.191 0.150 0.113 0.085 0.064 0.048 0.036 0.026 0.017 0.011 0.007 0.004 0.002 0.001 0.001 0.000 0.000 0.000 0.000 0.000 0.000 0.000 0.000 0.000 0.000 0.000 0.000 0.000 0.000 0.000
0.004 0.006 0.009 0.012 0.013 0.013 0.013 0.013 0.012 0.011 0.009 0.008 0.008 0.008 0.008 0.011 0.018 0.035 0.072 0.144 0.269 0.460 0.716 1.005 1.276 1.481 1.606 1.659 1.657 1.616 1.538 1.439 1.335 1.237 1.140 1.038 0.928 0.807 0.691 0.588 0.496 0.411 0.331 0.258 0.196 0.148 0.113 0.086 0.066 0.051 0.041 0.033 0.026 0.020 0.014 0.010 0.006 0.004 0.002 0.001 0.001 0.000 0.000 0.000 0.000 0.000 0.000 0.000 0.000 0.000 0.000 0.000 0.000 0.000 0.000 0.000 0.000
0.005 0.008 0.013 0.018 0.021 0.022 0.021 0.021 0.020 0.019 0.016 0.015 0.014 0.015 0.017 0.026 0.051 0.105 0.209 0.388 0.650 0.948 1.233 1.473 1.655 1.762 1.798 1.791 1.756 1.689 1.587 1.461 1.340 1.236 1.138 1.037 0.925 0.798 0.664 0.539 0.421 0.311 0.214 0.142 0.096 0.066 0.048 0.037 0.030 0.025 0.021 0.018 0.015 0.012 0.009 0.006 0.003 0.002 0.001 0.000 0.000 0.000 0.000 0.000 0.000 0.000 0.000 0.000 0.000 0.000 0.000 0.000 0.000 0.000 0.000 0.000 0.000
0.006 0.010 0.019 0.029 0.035 0.038 0.039 0.039 0.038 0.037 0.033 0.031 0.031 0.033 0.042 0.070 0.137 0.268 0.482 0.771 1.064 1.311 1.513 1.673 1.782 1.833 1.840 1.829 1.793 1.722 1.610 1.468 1.335 1.223 1.117 1.006 0.879 0.731 0.569 0.417 0.283 0.179 0.110 0.068 0.044 0.031 0.023 0.019 0.016 0.015 0.013 0.012 0.010 0.008 0.006 0.004 0.002 0.001 0.001 0.000 0.000 0.000 0.000 0.000 0.000 0.000 0.000 0.000 0.000 0.000 0.000 0.000 0.000 0.000 0.000 0.000 0.000
0.007 0.015 0.031 0.050 0.062 0.069 0.073 0.074 0.074 0.071 0.067 0.065 0.065 0.071 0.094 0.157 0.289 0.498 0.774 1.053 1.277 1.452 1.596 1.714 1.798 1.843 1.856 1.851 1.818 1.740 1.617 1.461 1.295 1.142 0.998 0.853 0.700 0.533 0.369 0.236 0.142 0.085 0.051 0.032 0.022 0.017 0.014 0.012 0.011 0.010 0.009 0.008 0.007 0.005 0.004 0.002 0.001 0.001 0.000 0.000 0.000 0.000 0.000 0.000 0.000 0.000 0.000 0.000 0.000 0.000 0.000 0.000 0.000 0.000 0.000 0.000 0.000
0.011 0.027 0.056 0.088 0.108 0.120 0.127 0.129 0.128 0.125 0.119 0.116 0.117 0.126 0.158 0.242 0.405 0.648 0.932 1.165 1.341 1.482 1.606 1.715 1.797 1.845 1.860 1.852 1.810 1.721 1.579 1.387 1.159 0.929 0.720 0.537 0.381 0.256 0.164 0.101 0.061 0.037 0.024 0.017 0.013 0.010 0.009 0.008 0.008 0.007 0.006 0.006 0.005 0.003 0.002 0.001 0.001 0.000 0.000 0.000 0.000 0.000 0.000 0.000 0.000 0.000 0.000 0.000 0.000 0.000 0.000 0.000 0.000 0.000 0.000 0.000 0.000
0.021 0.052 0.104 0.147 0.170 0.178 0.181 0.180 0.178 0.174 0.166 0.159 0.157 0.163 0.194 0.280 0.449 0.702 0.976 1.186 1.349 1.484 1.600 1.692 1.749 1.771 1.755 1.713 1.643 1.530 1.366 1.145 0.863 0.582 0.372 0.236 0.149 0.094 0.060 0.038 0.025 0.017 0.012 0.009 0.008 0.007 0.006 0.006 0.005 0.005 0.004 0.004 0.003 0.002 0.001 0.001 0.000 0.000 0.000 0.000 0.000 0.000 0.000 0.000 0.000 0.000 0.000 0.000 0.000 0.000 0.000 0.000 0.000 0.000 0.000 0.000 0.000
0.041 0.097 0.163 0.203 0.217 0.219 0.218 0.216 0.213 0.208 0.199 0.187 0.180 0.182 0.205 0.285 0.449 0.696 0.963 1.166 1.319 1.437 1.516 1.552 1.534 1.470 1.370 1.265 1.153 1.026 0.875 0.685 0.458 0.272 0.154 0.088 0.052 0.032 0.021 0.014 0.010 0.008 0.006 0.005 0.005 0.005 0.004 0.004 0.004 0.003 0.003 0.002 0.001 0.001 0.000 0.000 0.000 0.000 0.000 0.000 0.000 0.000 0.000 0.000 0.000 0.000 0.000 0.000 0.000 0.000 0.000 0.000 0.000 0.000 0.000 0.000 0.000
