RESULTS/r.avaflow_results/23_results/23_ascii/23_hflow0018.asc
ncols 506
nrows 317
xllcenter 498237.50
yllcenter 5580050.00
cellsize 12.50
NODATA_value -9999.000
[rows 136 to 169 of 317, columns 154 to 230 of 506]
0.000 0.000 0.000 0.000 0.000 0.000 0.000 0.000 0.000 0.000 0.000 0.000 0.000 0.000 0.000 0.000 0.000 0.000 0.000 0.000 0.000 0.000 0.000 0.000 0.000 0.000 0.000 0.000 0.000 0.000 0.000 0.000 0.000 0.000 0.000 0.000 0.000 0.000 0.000 0.000 0.000 0.000 0.000 0.000 0.000 0.000 0.000 0.000 0.000 0.000 0.000 0.000 0.000 0.000 0.000 0.000 0.000 0.000 0.000 0.000 0.000 0.000 0.000 0.000 0.000 0.000 0.000 0.000 0.000 0.000 0.000 0.000 0.000 0.000 0.000 0.000 0.000
0.000 0.000 0.000 0.000 0.000 0.000 0.000 0.000 0.000 0.000 0.000 0.000 0.000 0.000 0.000 0.000 0.000 0.000 0.000 0.000 0.000 0.000 0.000 0.000 0.000 0.000 0.000 0.000 0.000 0.000 0.000 0.000 0.000 0.000 0.000 0.000 0.000 0.000 0.000 0.000 0.000 0.000 0.000 0.000 0.000 0.000 0.000 0.000 0.000 0.000 0.000 0.000 0.000 0.000 0.000 0.000 0.000 0.000 0.000 0.000 0.000 0.000 0.000 0.000 0.000 0.000 0.000 0.000 0.000 0.000 0.000 0.000 0.000 0.000 0.000 0.000 0.000
0.000 0.000 0.000 0.000 0.000 0.000 0.000 0.000 0.000 0.000 0.000 0.000 0.000 0.000 0.000 0.000 0.000 0.000 0.000 0.000 0.000 0.000 0.000 0.000 0.000 0.000 0.000 0.000 0.000 0.000 0.000 0.000 0.000 0.000 0.000 0.000 0.000 0.000 0.000 0.000 0.000 0.000 0.000 0.000 0.000 0.000 0.000 0.000 0.000 0.000 0.000 0.000 0.000 0.000 0.000 0.000 0.000 0.000 0.000 0.000 0.000 0.000 0.000 0.000 0.000 0.000 0.000 0.000 0.000 0.000 0.000 0.000 0.000 0.000 0.000 0.000 0.000
0.000 0.000 0.000 0.000 0.000 0.000 0.000 0.000 0.000 0.000 0.000 0.000 0.000 0.000 0.000 0.000 0.000 0.000 0.000 0.000 0.000 0.000 0.000 0.000 0.000 0.000 0.000 0.000 0.000 0.000 0.000 0.000 0.000 0.000 0.000 0.000 0.000 0.000 0.000 0.000 0.000 0.000 0.000 0.000 0.000 0.000 0.000 0.000 0.000 0.000 0.000 0.000 0.000 0.000 0.000 0.000 0.000 0.000 0.000 0.000 0.000 0.000 0.000 0.000 0.000 0.000 0.000 0.000 0.000 0.000 0.000 0.000 0.000 0.000 0.000 0.000 0.000
0.000 0.000 0.000 0.000 0.000 0.000 0.000 0.000 0.000 0.000 0.000 0.000 0.000 0.000 0.000 0.000 0.000 0.000 0.000 0.000 0.000 0.000 0.000 0.000 0.000 0.000 0.000 0.000 0.000 0.000 0.000 0.000 0.000 0.000 0.000 0.000 0.000 0.000 0.000 0.000 0.000 0.000 0.000 0.000 0.000 0.000 0.000 0.000 0.000 0.000 0.000 0.000 0.000 0.000 0.000 0.000 0.000 0.000 0.000 0.000 0.000 0.000 0.000 0.000 0.000 0.000 0.000 0.000 0.000 0.000 0.000 0.000 0.000 0.000 0.000 0.000 0.000
0.000 0.000 0.000 0.000 0.000 0.000 0.000 0.000 0.000 0.000 0.000 0.000 0.000 0.000 0.000 0.000 0.000 0.000 0.000 0.000 0.000 0.000 0.000 0.000 0.000 0.000 0.000 0.000 0.000 0.000 0.000 0.000 0.000 0.000 0.000 0.000 0.000 0.000 0.000 0.000 0.000 0.000 0.000 0.000 0.000 0.000 0.000 0.000 0.000 0.000 0.000 0.000 0.000 0.000 0.000 0.000 0.000 0.000 0.000 0.000 0.000 0.000 0.000 0.000 0.000 0.000 0.000 0.000 0.000 0.000 0.000 0.000 0.000 0.000 0.000 0.000 0.000
0.000 0.000 0.000 0.000 0.000 0.000 0.000 0.000 0.000 0.000 0.000 0.000 0.000 0.000 0.000 0.000 0.000 0.000 0.000 0.000 0.000 0.000 0.000 0.000 0.000 0.000 0.000 0.000 0.000 0.000 0.000 0.000 0.000 0.000 0.000 0.000 0.000 0.000 0.000 0.000 0.000 0.000 0.000 0.000 0.000 0.000 0.000 0.000 0.000 0.000 0.000 0.000 0.000 0.000 0.000 0.000 0.000 0.000 0.000 0.000 0.000 0.000 0.000 0.000 0.000 0.000 0.000 0.000 0.000 0.000 0.000 0.000 0.000 0.000 0.000 0.000 0.000
0.000 0.000 0.000 0.000 0.000 0.000 0.000 0.000 0.000 0.000 0.000 0.000 0.000 0.000 0.000 0.000 0.000 0.000 0.000 0.000 0.000 0.000 0.000 0.000 0.000 0.000 0.000 0.000 0.000 0.000 0.000 0.000 0.000 0.000 0.000 0.000 0.000 0.000 0.000 0.000 0.000 0.000 0.000 0.000 0.000 0.000 0.000 0.000 0.000 0.000 0.000 0.000 0.000 0.000 0.000 0.000 0.000 0.000 0.000 0.000 0.000 0.000 0.000 0.000 0.000 0.000 0.000 0.000 0.000 0.000 0.000 0.000 0.000 0.000 0.000 0.000 0.000
0.000 0.000 0.000 0.000 0.000 0.000 0.000 0.000 0.000 0.000 0.000 0.000 0.000 0.000 0.000 0.000 0.000 0.000 0.000 0.000 0.000 0.000 0.000 0.000 0.000 0.000 0.000 0.000 0.000 0.000 0.000 0.000 0.000 0.000 0.000 0.000 0.000 0.000 0.000 0.000 0.000 0.000 0.000 0.000 0.000 0.000 0.000 0.000 0.000 0.000 0.000 0.000 0.000 0.000 0.000 0.000 0.000 0.000 0.000 0.000 0.000 0.000 0.000 0.000 0.000 0.000 0.000 0.000 0.000 0.000 0.000 0.000 0.000 0.000 0.000 0.000 0.000
0.000 0.000 0.000 0.000 0.000 0.000 0.000 0.000 0.000 0.000 0.000 0.000 0.000 0.000 0.000 0.000 0.000 0.000 0.000 0.000 0.000 0.000 0.000 0.000 0.000 0.000 0.000 0.000 0.000 0.000 0.000 0.000 0.000 0.000 0.000 0.000 0.000 0.000 0.000 0.000 0.000 0.000 0.000 0.000 0.000 0.000 0.000 0.000 0.000 0.000 0.000 0.000 0.000 0.000 0.000 0.000 0.000 0.000 0.000 0.000 0.000 0.000 0.000 0.000 0.000 0.000 0.000 0.000 0.000 0.000 0.000 0.000 0.000 0.000 0.000 0.000 0.000
0.000 0.000 0.000 0.000 0.000 0.000 0.000 0.000 0.000 0.000 0.000 0.000 0.000 0.000 0.000 0.000 0.000 0.000 0.000 0.000 0.000 0.000 0.000 0.000 0.000 0.000 0.000 0.000 0.000 0.000 0.000 0.000 0.000 0.000 0.000 0.000 0.000 0.000 0.000 0.000 0.000 0.000 0.000 0.000 0.000 0.000 0.000 0.000 0.000 0.000 0.000 0.000 0.000 0.000 0.000 0.000 0.000 0.000 0.000 0.000 0.000 0.000 0.000 0.000 0.000 0.000 0.000 0.000 0.000 0.000 0.000 0.000 0.000 0.000 0.000 0.000 0.000
0.000 0.000 0.000 0.000 0.000 0.000 0.000 0.000 0.000 0.000 0.000 0.000 0.000 0.000 0.000 0.000 0.000 0.000 0.000 0.000 0.000 0.000 0.000 0.000 0.000 0.000 0.000 0.000 0.000 0.000 0.000 0.000 0.000 0.000 0.000 0.000 0.000 0.000 0.000 0.000 0.000 0.000 0.000 0.000 0.000 0.000 0.000 0.000 0.000 0.000 0.000 0.000 0.000 0.000 0.000 0.000 0.000 0.000 0.000 0.000 0.000 0.000 0.000 0.000 0.000 0.000 0.000 0.000 0.000 0.000 0.000 0.000 0.000 0.000 0.000 0.000 0.000
0.001 0.001 0.001 0.001 0.001 0.001 0.000 0.000 0.000 0.000 0.000 0.000 0.000 0.000 0.000 0.000 0.000 0.000 0.000 0.000 0.000 0.000 0.000 0.000 0.000 0.000 0.000 0.000 0.000 0.000 0.000 0.000 0.000 0.000 0.000 0.000 0.000 0.000 0.000 0.000 0.000 0.000 0.000 0.000 0.000 0.000 0.000 0.000 0.000 0.000 0.000 0.000 0.000 0.000 0.000 0.000 0.000 0.000 0.000 0.000 0.000 0.000 0.000 0.000 0.000 0.000 0.000 0.000 0.000 0.000 0.000 0.000 0.000 0.000 0.000 0.000 0.000
0.002 0.002 0.002 0.002 0.002 0.001 0.001 0.001 0.001 0.000 0.000 0.000 0.000 0.000 0.000 0.000 0.000 0.000 0.000 0.000 0.000 0.000 0.000 0.000 0.000 0.000 0.000 0.000 0.000 0.000 0.000 0.000 0.000 0.000 0.000 0.000 0.000 0.000 0.000 0.000 0.000 0.000 0.000 0.000 0.000 0.000 0.000 0.000 0.000 0.000 0.000 0.000 0.000 0.000 0.000 0.000 0.000 0.000 0.000 0.000 0.000 0.000 0.000 0.000 0.000 0.000 0.000 0.000 0.000 0.000 0.000 0.000 0.000 0.000 0.000 0.000 0.000
0.003 0.003 0.003 0.003 0.003 0.002 0.002 0.002 0.001 0.001 0.001 0.000 0.000 0.000 0.000 0.000 0.000 0.000 0.000 0.000 0.000 0.000 0.000 0.000 0.000 0.000 0.000 0.000 0.000 0.000 0.000 0.000 0.000 0.000 0.000 0.000 0.000 0.000 0.000 0.000 0.000 0.000 0.000 0.000 0.000 0.000 0.000 0.000 0.000 0.000 0.000 0.000 0.000 0.000 0.000 0.000 0.000 0.000 0.000 0.000 0.000 0.000 0.000 0.000 0.000 0.000 0.000 0.000 0.000 0.000 0.000 0.000 0.000 0.000 0.000 0.000 0.000
0.005 0.005 0.005 0.004 0.004 0.004 0.003 0.003 0.002 0.002 0.002 0.001 0.001 0.001 0.000 0.000 0.000 0.000 0.000 0.000 0.000 0.000 0.000 0.000 0.000 0.000 0.000 0.000 0.000 0.000 0.000 0.000 0.000 0.000 0.000 0.000 0.000 0.000 0.000 0.000 0.000 0.000 0.000 0.000 0.000 0.000 0.000 0.000 0.000 0.000 0.000 0.000 0.000 0.000 0.000 0.000 0.000 0.000 0.000 0.000 0.000 0.000 0.000 0.000 0.000 0.000 0.000 0.000 0.000 0.000 0.000 0.000 0.000 0.000 0.000 0.000 0.000
0.007 0.006 0.006 0.006 0.006 0.005 0.005 0.004 0.004 0.003 0.003 0.002 0.002 0.002 0.001 0.001 0.001 0.001 0.000 0.000 0.000 0.000 0.000 0.000 0.000 0.000 0.000 0.000 0.000 0.000 0.000 0.000 0.000 0.000 0.000 0.000 0.000 0.000 0.000 0.000 0.000 0.000 0.000 0.000 0.000 0.000 0.000 0.000 0.000 0.000 0.000 0.000 0.000 0.000 0.000 0.000 0.001 0.001 0.001 0.001 0.001 0.001 0.001 0.001 0.001 0.001 0.001 0.001 0.001 0.001 0.001 0.001 0.001 0.000 0.000 0.000 0.000
0.009 0.008 0.008 0.007 0.007 0.007 0.006 0.006 0.005 0.005 0.004 0.004 0.003 0.003 0.002 0.002 0.002 0.001 0.001 0.001 0.001 0.001 0.001 0.001 0.001 0.000 0.000 0.000 0.000 0.000 0.000 0.000 0.000 0.000 0.000 0.000 0.000 0.000 0.000 0.000 0.000 0.000 0.000 0.000 0.000 0.000 0.000 0.000 0.000 0.000 0.000 0.001 0.001 0.001 0.002 0.002 0.003 0.003 0.004 0.004 0.004 0.004 0.004 0.004 0.004 0.004 0.004 0.003 0.003 0.003 0.003 0.003 0.003 0.002 0.002 0.001 0.000
0.011 0.010 0.010 0.009 0.009 0.008 0.008 0.007 0.007 0.006 0.006 0.005 0.005 0.004 0.004 0.004 0.003 0.003 0.003 0.002 0.002 0.002 0.002 0.002 0.002 0.002 0.001 0.001 0.001 0.001 0.001 0.001 0.001 0.001 0.001 0.001 0.001 0.001 0.000 0.000 0.000 0.000 0.000 0.000 0.000 0.000 0.000 0.001 0.001 0.001 0.002 0.003 0.004 0.005 0.006 0.007 0.009 0.010 0.010 0.011 0.011 0.011 0.011 0.010 0.010 0.010 0.010 0.010 0.009 0.009 0.009 0.009 0.008 0.007 0.005 0.003 0.002
0.014 0.013 0.012 0.011 0.011 0.010 0.010 0.009 0.009 0.008 0.008 0.007 0.007 0.006 0.006 0.005 0.005 0.005 0.004 0.004 0.004 0.004 0.003 0.003 0.003 0.003 0.003 0.003 0.003 0.002 0.002 0.002 0.002 0.002 0.002 0.002 0.002 0.002 0.001 0.001 0.001 0.001 0.001 0.001 0.001 0.002 0.002 0.003 0.004 0.005 0.006 0.008 0.010 0.012 0.015 0.018 0.021 0.023 0.025 0.026 0.027 0.027 0.026 0.025 0.024 0.023 0.023 0.023 0.023 0.022 0.022 0.021 0.020 0.018 0.013 0.008 0.005
0.017 0.016 0.014 0.013 0.013 0.012 0.011 0.011 0.010 0.010 0.010 0.009 0.009 0.008 0.008 0.007 0.007 0.007 0.006 0.006 0.006 0.006 0.006 0.006 0.006 0.006 0.005 0.005 0.005 0.005 0.005 0.005 0.005 0.004 0.004 0.004 0.004 0.004 0.003 0.003 0.003 0.003 0.003 0.004 0.004 0.005 0.006 0.008 0.010 0.012 0.015 0.018 0.022 0.028 0.034 0.042 0.050 0.057 0.064 0.068 0.069 0.069 0.067 0.063 0.058 0.056 0.056 0.055 0.055 0.054 0.053 0.051 0.048 0.041 0.029 0.018 0.011
0.023 0.020 0.018 0.016 0.015 0.014 0.013 0.013 0.012 0.012 0.012 0.011 0.011 0.011 0.010 0.010 0.009 0.009 0.009 0.009 0.009 0.009 0.009 0.009 0.009 0.009 0.009 0.009 0.008 0.008 0.008 0.008 0.008 0.007 0.007 0.007 0.007 0.006 0.006 0.006 0.006 0.007 0.008 0.009 0.010 0.012 0.015 0.018 0.022 0.027 0.033 0.040 0.050 0.062 0.079 0.098 0.117 0.136 0.156 0.174 0.183 0.184 0.180 0.169 0.155 0.147 0.144 0.142 0.140 0.139 0.137 0.132 0.121 0.100 0.068 0.041 0.025
0.039 0.029 0.023 0.020 0.018 0.016 0.015 0.015 0.014 0.014 0.014 0.014 0.013 0.013 0.013 0.013 0.012 0.012 0.012 0.012 0.012 0.012 0.012 0.012 0.012 0.012 0.012 0.013 0.013 0.013 0.013 0.012 0.012 0.012 0.011 0.011 0.010 0.010 0.010 0.011 0.011 0.013 0.015 0.018 0.021 0.026 0.032 0.040 0.049 0.060 0.072 0.088 0.110 0.139 0.176 0.220 0.264 0.308 0.354 0.400 0.431 0.444 0.444 0.432 0.407 0.386 0.374 0.369 0.369 0.370 0.365 0.348 0.315 0.257 0.171 0.099 0.057
0.087 0.054 0.036 0.027 0.022 0.020 0.018 0.017 0.017 0.017 0.017 0.016 0.016 0.016 0.016 0.016 0.016 0.015 0.015 0.016 0.016 0.016 0.016 0.017 0.017 0.017 0.017 0.018 0.018 0.018 0.018 0.018 0.017 0.017 0.016 0.016 0.016 0.016 0.016 0.017 0.019 0.023 0.028 0.035 0.044 0.055 0.069 0.086 0.105 0.127 0.154 0.190 0.238 0.300 0.374 0.462 0.557 0.646 0.733 0.821 0.891 0.930 0.943 0.934 0.898 0.861 0.846 0.850 0.881 0.913 0.905 0.863 0.775 0.636 0.434 0.246 0.135
0.255 0.135 0.074 0.046 0.033 0.026 0.023 0.022 0.021 0.020 0.020 0.020 0.020 0.020 0.020 0.020 0.020 0.020 0.020 0.020 0.021 0.021 0.022 0.022 0.022 0.023 0.024 0.024 0.025 0.025 0.025 0.025 0.025 0.024 0.023 0.023 0.022 0.023 0.024 0.027 0.032 0.041 0.053 0.069 0.091 0.116 0.146 0.179 0.217 0.262 0.322 0.400 0.497 0.610 0.742 0.907 1.075 1.210 1.295 1.351 1.395 1.429 1.448 1.452 1.438 1.424 1.437 1.483 1.583 1.732 1.821 1.797 1.678 1.427 1.035 0.600 0.324
0.733 0.383 0.191 0.101 0.060 0.042 0.034 0.029 0.027 0.027 0.026 0.026 0.027 0.027 0.027 0.027 0.027 0.027 0.027 0.028 0.029 0.029 0.030 0.030 0.031 0.032 0.033 0.034 0.034 0.035 0.035 0.035 0.034 0.033 0.032 0.032 0.032 0.033 0.037 0.045 0.058 0.078 0.107 0.145 0.192 0.244 0.300 0.361 0.432 0.525 0.651 0.807 0.979 1.169 1.376 1.567 1.674 1.702 1.670 1.638 1.627 1.634 1.648 1.669 1.694 1.725 1.777 1.854 1.981 2.200 2.440 2.548 2.535 2.382 1.991 1.353 0.749
1.676 0.977 0.520 0.266 0.143 0.087 0.061 0.048 0.042 0.040 0.039 0.039 0.040 0.042 0.043 0.043 0.042 0.042 0.042 0.043 0.044 0.045 0.044 0.044 0.045 0.046 0.048 0.049 0.049 0.049 0.049 0.049 0.048 0.046 0.045 0.045 0.047 0.052 0.063 0.083 0.114 0.161 0.226 0.308 0.399 0.491 0.585 0.688 0.818 1.003 1.253 1.502 1.716 1.886 1.997 2.044 2.001 1.907 1.802 1.721 1.673 1.657 1.662 1.685 1.725 1.780 1.854 1.941 2.068 2.290 2.600 2.816 2.883 2.842 2.630 2.165 1.473
3.076 2.027 1.231 0.698 0.382 0.217 0.139 0.101 0.083 0.075 0.072 0.072 0.075 0.082 0.084 0.084 0.083 0.082 0.082 0.083 0.084 0.083 0.081 0.077 0.075 0.076 0.077 0.078 0.078 0.076 0.073 0.071 0.069 0.067 0.067 0.069 0.075 0.091 0.119 0.166 0.239 0.344 0.484 0.636 0.780 0.917 1.055 1.220 1.446 1.741 2.010 2.175 2.271 2.319 2.302 2.225 2.088 1.933 1.814 1.720 1.650 1.609 1.593 1.600 1.627 1.675 1.741 1.817 1.920 2.108 2.421 2.751 2.918 2.924 2.806 2.498 1.997
4.637 3.429 2.342 1.505 0.931 0.568 0.363 0.258 0.207 0.184 0.175 0.174 0.181 0.196 0.204 0.204 0.201 0.198 0.197 0.198 0.197 0.194 0.182 0.163 0.151 0.147 0.146 0.145 0.141 0.133 0.121 0.114 0.111 0.109 0.111 0.120 0.142 0.184 0.253 0.360 0.517 0.739 0.990 1.207 1.388 1.557 1.746 1.977 2.199 2.382 2.494 2.537 2.529 2.480 2.381 2.237 2.050 1.870 1.737 1.630 1.530 1.449 1.397 1.370 1.358 1.361 1.374 1.398 1.444 1.552 1.789 2.200 2.619 2.790 2.747 2.522 2.148
5.879 4.708 3.591 2.611 1.843 1.288 0.920 0.699 0.581 0.525 0.504 0.500 0.512 0.536 0.545 0.538 0.523 0.516 0.515 0.515 0.513 0.501 0.465 0.404 0.359 0.335 0.321 0.308 0.291 0.263 0.231 0.214 0.208 0.209 0.222 0.256 0.318 0.415 0.566 0.791 1.103 1.496 1.845 2.078 2.237 2.379 2.522 2.652 2.726 2.742 2.712 2.661 2.590 2.488 2.332 2.110 1.843 1.615 1.452 1.325 1.204 1.092 1.007 0.946 0.893 0.842 0.805 0.795 0.807 0.855 0.975 1.256 1.776 2.251 2.412 2.340 2.101
6.924 5.807 4.788 3.858 3.058 2.421 1.949 1.633 1.453 1.369 1.340 1.334 1.344 1.348 1.319 1.250 1.197 1.183 1.183 1.183 1.173 1.137 1.055 0.936 0.850 0.794 0.751 0.708 0.655 0.580 0.505 0.467 0.459 0.469 0.511 0.595 0.726 0.933 1.247 1.683 2.185 2.659 2.942 3.043 3.063 3.060 3.060 3.039 2.976 2.875 2.762 2.655 2.529 2.341 2.056 1.689 1.333 1.064 0.887 0.768 0.680 0.617 0.574 0.543 0.514 0.479 0.451 0.442 0.446 0.466 0.521 0.651 0.935 1.398 1.753 1.884 1.842
7.985 6.928 6.040 5.247 4.526 3.912 3.437 3.108 2.921 2.841 2.817 2.818 2.808 2.758 2.629 2.425 2.288 2.249 2.240 2.226 2.190 2.105 1.938 1.760 1.659 1.605 1.557 1.496 1.401 1.267 1.133 1.062 1.048 1.070 1.150 1.298 1.547 1.977 2.548 3.089 3.458 3.640 3.699 3.660 3.568 3.441 3.308 3.174 3.029 2.871 2.695 2.487 2.217 1.840 1.395 0.995 0.723 0.556 0.459 0.402 0.366 0.345 0.334 0.325 0.316 0.299 0.286 0.282 0.285 0.297 0.325 0.387 0.521 0.777 1.078 1.278 1.390
9.211 8.287 7.551 6.920 6.315 5.757 5.337 5.068 4.921 4.864 4.859 4.870 4.836 4.720 4.480 4.127 3.833 3.675 3.581 3.489 3.352 3.118 2.783 2.519 2.397 2.376 2.388 2.409 2.387 2.305 2.181 2.109 2.099 2.162 2.313 2.550 2.925 3.451 3.881 4.097 4.166 4.123 4.029 3.898 3.741 3.557 3.358 3.158 2.941 2.678 2.350 1.930 1.465 1.028 0.702 0.499 0.374 0.299 0.257 0.236 0.223 0.216 0.214 0.212 0.209 0.203 0.199 0.199 0.203 0.215 0.234 0.268 0.333 0.456 0.644 0.812 0.946
10.790 10.125 9.584 9.112 8.640 8.183 7.853 7.653 7.537 7.475 7.459 7.452 7.394 7.235 6.925 6.461 5.948 5.508 5.149 4.822 4.464 4.005 3.494 3.112 2.894 2.830 2.858 2.942 3.014 3.051 3.073 3.137 3.264 3.435 3.613 3.802 4.040 4.315 4.443 4.446 4.372 4.236 4.073 3.902 3.718 3.510 3.250 2.918 2.511 2.026 1.505 1.031 0.689 0.470 0.334 0.251 0.201 0.174 0.162 0.157 0.154 0.152 0.150 0.149 0.147 0.144 0.144 0.145 0.150 0.161 0.176 0.197 0.232 0.294 0.394 0.510 0.605
