RESULTS/r.avaflow_results/23_results/23_ascii/23_hflow10038.asc
ncols 506
nrows 317
xllcenter 498237.50
yllcenter 5580050.00
cellsize 12.50
NODATA_value -9999.000
[rows 170 to 203 of 317, columns 77 to 153 of 506]
0.000 0.000 0.000 0.000 0.000 0.000 0.000 0.000 0.000 0.001 0.002 0.003 0.006 0.010 0.016 0.023 0.032 0.043 0.054 0.066 0.083 0.109 0.155 0.232 0.348 0.496 0.650 0.801 0.958 1.132 1.333 1.529 1.683 1.786 1.840 1.855 1.850 1.817 1.738 1.605 1.501 1.485 1.613 2.034 2.786 3.753 4.712 5.663 6.662 7.728 8.878 10.090 11.218 12.086 12.556 12.675 12.672 12.649 12.632 12.588 12.518 12.357 12.066 11.649 11.122 10.492 9.765 8.949 8.108 7.339 6.647 6.028 5.471 4.965 4.496 4.055 3.640
0.000 0.000 0.000 0.000 0.000 0.000 0.000 0.001 0.002 0.003 0.006 0.010 0.016 0.026 0.038 0.054 0.071 0.091 0.113 0.139 0.171 0.219 0.293 0.400 0.541 0.704 0.870 1.036 1.212 1.405 1.624 1.841 2.023 2.166 2.266 2.319 2.329 2.298 2.213 2.088 2.033 2.106 2.440 3.144 4.207 5.392 6.477 7.530 8.565 9.585 10.584 11.515 12.266 12.734 12.897 12.902 12.877 12.852 12.820 12.762 12.661 12.465 12.161 11.748 11.221 10.586 9.838 9.003 8.173 7.434 6.779 6.205 5.691 5.229 4.804 4.406 4.035
0.000 0.000 0.000 0.000 0.000 0.000 0.001 0.002 0.004 0.008 0.014 0.022 0.035 0.053 0.075 0.100 0.129 0.163 0.202 0.248 0.305 0.381 0.487 0.622 0.777 0.943 1.114 1.294 1.484 1.691 1.917 2.134 2.324 2.488 2.623 2.727 2.794 2.818 2.773 2.709 2.750 3.009 3.618 4.633 5.963 7.183 8.227 9.229 10.191 11.080 11.855 12.466 12.839 12.971 12.965 12.943 12.922 12.895 12.853 12.788 12.677 12.489 12.194 11.783 11.258 10.621 9.865 9.021 8.212 7.500 6.871 6.327 5.843 5.418 5.034 4.683 4.355
0.000 0.000 0.000 0.000 0.000 0.000 0.001 0.004 0.009 0.016 0.026 0.040 0.062 0.089 0.121 0.159 0.203 0.256 0.318 0.391 0.479 0.590 0.726 0.881 1.045 1.213 1.389 1.576 1.776 1.989 2.210 2.412 2.594 2.758 2.905 3.034 3.148 3.243 3.322 3.430 3.699 4.261 5.189 6.484 7.803 8.851 9.777 10.656 11.458 12.149 12.682 13.003 13.093 13.051 12.984 12.943 12.915 12.887 12.845 12.780 12.668 12.482 12.193 11.785 11.265 10.626 9.875 9.028 8.232 7.534 6.923 6.396 5.935 5.536 5.187 4.874 4.589
0.000 0.000 0.000 0.000 0.000 0.000 0.002 0.006 0.012 0.022 0.036 0.057 0.085 0.123 0.170 0.226 0.290 0.366 0.455 0.560 0.684 0.830 0.993 1.168 1.342 1.517 1.699 1.889 2.089 2.298 2.501 2.683 2.844 2.989 3.125 3.256 3.387 3.538 3.739 4.070 4.692 5.669 6.954 8.287 9.400 10.301 11.073 11.762 12.345 12.799 13.090 13.191 13.162 13.069 12.975 12.923 12.886 12.854 12.814 12.750 12.640 12.454 12.168 11.766 11.253 10.616 9.870 9.027 8.236 7.544 6.941 6.421 5.978 5.598 5.277 4.999 4.745
0.000 0.000 0.000 0.000 0.000 0.000 0.002 0.007 0.014 0.026 0.042 0.066 0.101 0.148 0.210 0.287 0.381 0.490 0.615 0.757 0.921 1.103 1.296 1.488 1.675 1.859 2.043 2.233 2.426 2.617 2.795 2.951 3.083 3.195 3.298 3.407 3.538 3.721 4.013 4.526 5.428 6.781 8.403 9.743 10.751 11.518 12.087 12.526 12.872 13.107 13.205 13.212 13.166 13.059 12.939 12.860 12.814 12.780 12.745 12.682 12.570 12.381 12.098 11.705 11.201 10.577 9.842 9.012 8.226 7.537 6.940 6.423 5.987 5.619 5.313 5.055 4.827
0.000 0.000 0.000 0.000 0.000 0.000 0.002 0.007 0.015 0.027 0.045 0.071 0.110 0.165 0.238 0.334 0.455 0.604 0.781 0.981 1.199 1.423 1.646 1.855 2.052 2.241 2.425 2.606 2.783 2.949 3.095 3.216 3.311 3.383 3.443 3.512 3.624 3.823 4.170 4.789 5.881 7.555 9.477 10.907 11.868 12.477 12.809 12.995 13.130 13.201 13.211 13.188 13.127 13.016 12.870 12.752 12.684 12.650 12.616 12.551 12.443 12.254 11.967 11.580 11.089 10.483 9.765 8.950 8.177 7.499 6.912 6.405 5.977 5.616 5.317 5.071 4.859
0.000 0.000 0.000 0.000 0.000 0.000 0.002 0.007 0.015 0.027 0.045 0.072 0.114 0.173 0.255 0.364 0.506 0.689 0.918 1.192 1.501 1.793 2.048 2.276 2.482 2.670 2.845 3.009 3.159 3.292 3.401 3.480 3.533 3.562 3.573 3.594 3.673 3.867 4.240 4.908 6.102 8.006 10.218 11.793 12.722 13.152 13.272 13.274 13.243 13.211 13.177 13.129 13.047 12.921 12.754 12.599 12.504 12.457 12.419 12.352 12.236 12.046 11.762 11.381 10.900 10.308 9.603 8.807 8.057 7.401 6.832 6.343 5.931 5.587 5.301 5.066 4.864
0.000 0.000 0.000 0.000 0.000 0.000 0.002 0.006 0.014 0.025 0.043 0.071 0.114 0.176 0.262 0.379 0.535 0.743 1.014 1.356 1.766 2.159 2.483 2.750 2.970 3.153 3.310 3.443 3.554 3.643 3.707 3.745 3.758 3.741 3.691 3.667 3.708 3.877 4.256 4.949 6.172 8.178 10.656 12.388 13.282 13.560 13.550 13.428 13.284 13.186 13.109 13.024 12.912 12.764 12.577 12.398 12.277 12.210 12.155 12.076 11.949 11.749 11.460 11.080 10.601 10.020 9.331 8.565 7.852 7.228 6.689 6.229 5.843 5.524 5.261 5.041 4.854
0.000 0.000 0.000 0.000 0.000 0.000 0.002 0.005 0.012 0.022 0.038 0.065 0.108 0.172 0.261 0.382 0.545 0.766 1.065 1.460 1.960 2.467 2.873 3.197 3.449 3.640 3.780 3.879 3.949 3.993 4.015 4.017 3.993 3.926 3.804 3.733 3.740 3.878 4.250 4.956 6.176 8.181 10.824 12.698 13.582 13.766 13.693 13.479 13.272 13.130 13.002 12.868 12.719 12.542 12.328 12.130 11.988 11.897 11.815 11.709 11.557 11.341 11.040 10.654 10.177 9.603 8.933 8.211 7.550 6.972 6.476 6.058 5.711 5.427 5.194 4.997 4.827
0.000 0.000 0.000 0.000 0.000 0.000 0.001 0.003 0.008 0.015 0.029 0.052 0.091 0.154 0.245 0.370 0.538 0.766 1.076 1.498 2.062 2.700 3.199 3.576 3.862 4.066 4.200 4.280 4.321 4.336 4.331 4.304 4.242 4.121 3.929 3.799 3.777 3.887 4.245 4.951 6.146 8.101 10.795 12.768 13.690 13.846 13.730 13.462 13.212 13.009 12.825 12.649 12.457 12.252 12.019 11.801 11.632 11.504 11.388 11.254 11.067 10.818 10.499 10.099 9.617 9.047 8.403 7.742 7.150 6.635 6.196 5.833 5.536 5.293 5.090 4.921 4.776
0.000 0.000 0.000 0.000 0.000 0.000 0.000 0.002 0.004 0.008 0.015 0.031 0.060 0.113 0.196 0.318 0.487 0.717 1.035 1.473 2.068 2.820 3.450 3.882 4.195 4.419 4.562 4.637 4.664 4.667 4.653 4.603 4.502 4.335 4.086 3.894 3.841 3.920 4.257 4.949 6.097 7.928 10.563 12.662 13.674 13.845 13.695 13.376 13.067 12.809 12.570 12.344 12.122 11.891 11.643 11.407 11.210 11.044 10.885 10.708 10.486 10.199 9.845 9.416 8.914 8.345 7.745 7.172 6.663 6.224 5.855 5.554 5.313 5.115 4.948 4.806 4.686
0.000 0.000 0.000 0.000 0.000 0.000 0.000 0.001 0.001 0.003 0.007 0.014 0.028 0.057 0.114 0.209 0.355 0.565 0.867 1.312 1.952 2.805 3.595 4.116 4.452 4.695 4.855 4.942 4.974 4.975 4.956 4.898 4.779 4.585 4.303 4.060 3.967 4.016 4.318 4.973 6.041 7.682 10.117 12.308 13.442 13.682 13.533 13.180 12.801 12.489 12.211 11.951 11.701 11.452 11.199 10.951 10.720 10.508 10.304 10.087 9.823 9.492 9.090 8.613 8.070 7.508 6.984 6.516 6.105 5.752 5.462 5.227 5.037 4.880 4.752 4.643 4.552
0.000 0.000 0.000 0.000 0.000 0.000 0.000 0.000 0.001 0.001 0.002 0.005 0.011 0.022 0.047 0.094 0.177 0.318 0.555 0.961 1.628 2.618 3.618 4.262 4.637 4.892 5.074 5.186 5.237 5.247 5.234 5.186 5.075 4.885 4.607 4.338 4.206 4.216 4.455 5.042 6.003 7.426 9.530 11.667 12.864 13.206 13.123 12.811 12.406 12.043 11.726 11.444 11.183 10.932 10.683 10.429 10.174 9.920 9.667 9.399 9.086 8.705 8.247 7.707 7.137 6.619 6.176 5.805 5.494 5.231 5.017 4.845 4.707 4.591 4.500 4.425 4.369
0.000 0.000 0.000 0.000 0.000 0.000 0.000 0.000 0.000 0.000 0.001 0.002 0.004 0.008 0.017 0.036 0.072 0.141 0.275 0.555 1.144 2.194 3.465 4.301 4.743 5.010 5.212 5.357 5.443 5.478 5.478 5.452 5.381 5.240 5.011 4.756 4.604 4.576 4.716 5.178 6.004 7.225 8.923 10.742 11.908 12.361 12.386 12.200 11.850 11.465 11.105 10.797 10.543 10.311 10.078 9.834 9.572 9.291 8.989 8.662 8.294 7.862 7.357 6.802 6.275 5.814 5.426 5.113 4.868 4.677 4.526 4.408 4.315 4.241 4.188 4.153 4.135
0.000 0.000 0.000 0.000 0.000 0.000 0.000 0.000 0.000 0.000 0.001 0.001 0.002 0.003 0.007 0.015 0.032 0.065 0.138 0.311 0.736 1.660 3.073 4.181 4.768 5.067 5.284 5.461 5.586 5.658 5.684 5.682 5.654 5.586 5.465 5.303 5.182 5.137 5.188 5.490 6.126 7.119 8.447 9.759 10.688 11.188 11.324 11.277 11.073 10.745 10.358 10.001 9.747 9.554 9.362 9.154 8.911 8.625 8.293 7.916 7.494 7.022 6.501 5.975 5.499 5.085 4.736 4.459 4.254 4.106 3.999 3.919 3.865 3.829 3.815 3.823 3.848
0.000 0.000 0.000 0.000 0.000 0.000 0.000 0.000 0.000 0.000 0.000 0.001 0.001 0.002 0.005 0.010 0.021 0.043 0.090 0.203 0.491 1.184 2.467 3.839 4.668 5.075 5.306 5.501 5.663 5.775 5.838 5.864 5.871 5.856 5.821 5.765 5.731 5.737 5.799 6.002 6.428 7.143 8.130 9.036 9.666 10.045 10.178 10.176 10.093 9.880 9.531 9.103 8.786 8.616 8.499 8.370 8.184 7.918 7.577 7.167 6.710 6.211 5.696 5.213 4.782 4.408 4.094 3.844 3.659 3.532 3.447 3.395 3.370 3.366 3.387 3.438 3.494
0.000 0.000 0.000 0.000 0.000 0.000 0.000 0.000 0.000 0.000 0.000 0.000 0.001 0.002 0.004 0.009 0.019 0.039 0.081 0.169 0.371 0.856 1.837 3.240 4.376 5.000 5.302 5.510 5.694 5.840 5.937 5.994 6.030 6.052 6.067 6.076 6.097 6.143 6.233 6.409 6.730 7.233 7.925 8.538 8.938 9.173 9.268 9.275 9.219 9.063 8.774 8.343 7.916 7.651 7.528 7.454 7.349 7.140 6.812 6.396 5.920 5.415 4.935 4.494 4.102 3.765 3.484 3.260 3.087 2.964 2.887 2.846 2.836 2.846 2.888 2.945 2.967
0.000 0.000 0.000 0.000 0.000 0.000 0.000 0.000 0.000 0.000 0.000 0.000 0.001 0.002 0.005 0.010 0.021 0.043 0.085 0.169 0.333 0.672 1.355 2.515 3.858 4.769 5.236 5.493 5.693 5.859 5.985 6.072 6.132 6.181 6.225 6.268 6.320 6.388 6.483 6.638 6.891 7.269 7.758 8.154 8.397 8.515 8.565 8.566 8.513 8.373 8.112 7.720 7.245 6.867 6.642 6.499 6.385 6.232 5.960 5.571 5.104 4.624 4.193 3.800 3.444 3.142 2.896 2.696 2.534 2.410 2.324 2.275 2.251 2.239 2.235 2.196 2.099
0.000 0.000 0.000 0.000 0.000 0.000 0.000 0.000 0.000 0.000 0.000 0.001 0.001 0.003 0.007 0.015 0.030 0.056 0.103 0.187 0.338 0.601 1.078 1.918 3.188 4.351 5.045 5.422 5.668 5.855 6.000 6.108 6.190 6.255 6.312 6.371 6.437 6.512 6.607 6.746 6.952 7.241 7.568 7.808 7.948 8.001 8.014 7.988 7.917 7.766 7.521 7.162 6.701 6.253 5.913 5.661 5.442 5.228 4.982 4.658 4.248 3.820 3.442 3.098 2.788 2.523 2.309 2.135 1.987 1.859 1.752 1.663 1.579 1.491 1.387 1.266 1.131
0.000 0.000 0.000 0.000 0.000 0.000 0.000 0.000 0.000 0.000 0.000 0.001 0.002 0.005 0.012 0.025 0.048 0.084 0.140 0.228 0.368 0.595 0.959 1.574 2.573 3.799 4.700 5.240 5.587 5.827 5.996 6.120 6.212 6.286 6.351 6.414 6.484 6.560 6.654 6.776 6.955 7.166 7.353 7.483 7.550 7.565 7.550 7.488 7.387 7.216 6.971 6.634 6.202 5.733 5.319 4.961 4.633 4.315 3.996 3.663 3.306 2.940 2.607 2.316 2.063 1.843 1.659 1.506 1.371 1.243 1.118 1.001 0.895 0.794 0.695 0.596 0.502
0.000 0.000 0.000 0.000 0.000 0.000 0.000 0.000 0.000 0.000 0.000 0.001 0.003 0.008 0.020 0.042 0.077 0.127 0.197 0.293 0.428 0.629 0.936 1.417 2.181 3.247 4.233 4.931 5.412 5.744 5.967 6.114 6.213 6.292 6.360 6.423 6.489 6.569 6.661 6.779 6.916 7.039 7.119 7.161 7.177 7.164 7.116 7.024 6.893 6.701 6.446 6.118 5.705 5.233 4.778 4.356 3.950 3.556 3.167 2.784 2.413 2.067 1.763 1.508 1.296 1.119 0.973 0.852 0.748 0.653 0.564 0.481 0.405 0.338 0.280 0.231 0.190
0.000 0.000 0.000 0.000 0.000 0.000 0.000 0.000 0.000 0.000 0.001 0.002 0.004 0.010 0.026 0.055 0.100 0.165 0.250 0.361 0.507 0.700 0.973 1.379 1.988 2.829 3.761 4.542 5.142 5.576 5.879 6.078 6.196 6.278 6.347 6.411 6.475 6.553 6.641 6.738 6.812 6.855 6.860 6.843 6.818 6.773 6.691 6.572 6.414 6.201 5.931 5.599 5.194 4.725 4.241 3.787 3.345 2.908 2.475 2.055 1.672 1.343 1.075 0.863 0.696 0.565 0.463 0.384 0.319 0.264 0.216 0.175 0.141 0.115 0.096 0.081 0.069
0.000 0.000 0.000 0.000 0.000 0.000 0.000 0.000 0.001 0.001 0.001 0.002 0.004 0.011 0.027 0.059 0.112 0.186 0.284 0.408 0.569 0.778 1.047 1.408 1.912 2.579 3.383 4.160 4.814 5.329 5.707 5.964 6.121 6.217 6.294 6.359 6.423 6.496 6.565 6.619 6.635 6.626 6.583 6.524 6.457 6.374 6.264 6.119 5.938 5.703 5.418 5.072 4.663 4.192 3.693 3.223 2.762 2.295 1.837 1.415 1.057 0.776 0.567 0.414 0.304 0.227 0.172 0.133 0.104 0.082 0.065 0.053 0.044 0.038 0.033 0.029 0.027
0.000 0.000 0.000 0.000 0.000 0.000 0.001 0.001 0.001 0.001 0.001 0.002 0.004 0.011 0.027 0.059 0.113 0.193 0.302 0.440 0.613 0.832 1.107 1.446 1.879 2.431 3.099 3.822 4.472 5.018 5.448 5.758 5.960 6.084 6.177 6.246 6.311 6.370 6.407 6.417 6.396 6.354 6.277 6.184 6.087 5.964 5.824 5.657 5.454 5.200 4.899 4.535 4.111 3.628 3.111 2.616 2.127 1.642 1.204 0.845 0.571 0.375 0.246 0.163 0.109 0.076 0.054 0.040 0.030 0.024 0.020 0.017 0.015 0.014 0.013 0.013 0.013
0.000 0.000 0.000 0.001 0.001 0.001 0.001 0.001 0.001 0.001 0.002 0.002 0.004 0.009 0.024 0.054 0.108 0.192 0.308 0.460 0.647 0.873 1.142 1.461 1.842 2.310 2.869 3.506 4.129 4.674 5.121 5.465 5.706 5.862 5.973 6.052 6.112 6.149 6.157 6.142 6.103 6.036 5.936 5.815 5.685 5.535 5.369 5.178 4.951 4.683 4.367 3.985 3.538 3.020 2.439 1.892 1.403 0.986 0.654 0.410 0.246 0.146 0.088 0.055 0.035 0.023 0.016 0.011 0.009 0.008 0.007 0.007 0.007 0.007 0.007 0.008 0.009
0.001 0.001 0.001 0.001 0.001 0.002 0.002 0.002 0.002 0.002 0.002 0.002 0.003 0.006 0.017 0.042 0.093 0.178 0.305 0.472 0.676 0.907 1.163 1.452 1.790 2.188 2.654 3.194 3.772 4.303 4.751 5.108 5.374 5.555 5.678 5.761 5.808 5.827 5.824 5.800 5.752 5.668 5.550 5.408 5.245 5.071 4.882 4.670 4.428 4.147 3.816 3.417 2.942 2.370 1.749 1.224 0.812 0.504 0.289 0.157 0.085 0.048 0.028 0.017 0.010 0.007 0.005 0.004 0.004 0.004 0.004 0.005 0.005 0.005 0.006 0.006 0.007
0.001 0.002 0.002 0.002 0.002 0.002 0.002 0.002 0.002 0.002 0.001 0.001 0.002 0.003 0.009 0.026 0.067 0.151 0.289 0.479 0.705 0.934 1.170 1.429 1.721 2.055 2.438 2.883 3.392 3.895 4.331 4.689 4.968 5.169 5.298 5.377 5.414 5.426 5.420 5.392 5.342 5.252 5.122 4.961 4.768 4.558 4.334 4.095 3.832 3.531 3.181 2.765 2.258 1.667 1.123 0.708 0.413 0.221 0.110 0.054 0.027 0.014 0.008 0.005 0.003 0.003 0.002 0.002 0.003 0.003 0.004 0.004 0.005 0.005 0.005 0.005 0.007
0.002 0.002 0.002 0.003 0.003 0.003 0.002 0.002 0.002 0.002 0.001 0.001 0.001 0.002 0.005 0.015 0.045 0.117 0.259 0.475 0.728 0.948 1.160 1.385 1.631 1.904 2.212 2.569 2.989 3.448 3.865 4.217 4.496 4.702 4.836 4.912 4.944 4.955 4.951 4.927 4.876 4.786 4.653 4.474 4.253 4.000 3.722 3.425 3.105 2.754 2.370 1.941 1.466 1.000 0.623 0.353 0.182 0.088 0.040 0.018 0.008 0.004 0.003 0.002 0.002 0.002 0.002 0.002 0.003 0.003 0.004 0.004 0.005 0.005 0.005 0.005 0.007
0.004 0.003 0.003 0.003 0.003 0.003 0.002 0.002 0.002 0.002 0.001 0.001 0.001 0.002 0.003 0.009 0.028 0.086 0.222 0.457 0.738 0.951 1.135 1.321 1.517 1.730 1.969 2.244 2.573 2.963 3.357 3.694 3.960 4.160 4.295 4.378 4.420 4.434 4.433 4.415 4.368 4.278 4.144 3.953 3.704 3.406 3.070 2.711 2.340 1.964 1.582 1.199 0.832 0.522 0.294 0.150 0.071 0.032 0.014 0.006 0.003 0.002 0.002 0.002 0.002 0.002 0.002 0.002 0.003 0.004 0.004 0.005 0.005 0.005 0.005 0.006 0.008
0.005 0.005 0.004 0.004 0.004 0.003 0.002 0.002 0.002 0.002 0.002 0.001 0.002 0.002 0.002 0.005 0.016 0.058 0.176 0.410 0.718 0.941 1.095 1.235 1.378 1.533 1.705 1.906 2.150 2.455 2.807 3.118 3.361 3.545 3.680 3.778 3.841 3.868 3.874 3.863 3.824 3.740 3.603 3.403 3.138 2.816 2.453 2.066 1.688 1.329 0.989 0.680 0.424 0.238 0.121 0.057 0.026 0.011 0.005 0.003 0.002 0.002 0.002 0.002 0.002 0.002 0.002 0.003 0.003 0.004 0.005 0.006 0.006 0.006 0.006 0.007 0.009
0.008 0.007 0.006 0.005 0.004 0.003 0.003 0.002 0.002 0.002 0.002 0.002 0.002 0.002 0.003 0.004 0.009 0.030 0.109 0.308 0.617 0.874 1.028 1.128 1.218 1.314 1.424 1.558 1.727 1.951 2.234 2.505 2.715 2.871 2.994 3.097 3.179 3.230 3.252 3.256 3.235 3.170 3.040 2.838 2.573 2.245 1.870 1.494 1.150 0.840 0.571 0.353 0.196 0.099 0.047 0.021 0.009 0.004 0.002 0.002 0.002 0.002 0.002 0.002 0.002 0.002 0.003 0.003 0.004 0.005 0.006 0.006 0.007 0.007 0.007 0.008 0.011
0.010 0.008 0.007 0.005 0.004 0.003 0.003 0.002 0.002 0.002 0.002 0.002 0.002 0.003 0.003 0.004 0.006 0.015 0.046 0.152 0.383 0.666 0.865 0.969 1.026 1.073 1.129 1.203 1.307 1.454 1.656 1.866 2.021 2.125 2.192 2.248 2.310 2.371 2.416 2.448 2.468 2.454 2.382 2.223 1.983 1.666 1.304 0.984 0.710 0.478 0.295 0.164 0.083 0.039 0.017 0.007 0.003 0.002 0.001 0.002 0.002 0.002 0.002 0.002 0.002 0.002 0.003 0.004 0.005 0.006 0.007 0.007 0.007 0.007 0.007 0.009 0.014
0.011 0.009 0.007 0.005 0.004 0.003 0.003 0.002 0.002 0.002 0.002 0.003 0.003 0.003 0.003 0.004 0.006 0.011 0.022 0.051 0.138 0.316 0.521 0.664 0.736 0.769 0.792 0.819 0.861 0.929 1.032 1.135 1.195 1.214 1.208 1.204 1.218 1.250 1.290 1.341 1.404 1.453 1.464 1.407 1.262 1.035 0.767 0.545 0.367 0.227 0.128 0.066 0.031 0.013 0.005 0.002 0.001 0.001 0.001 0.002 0.002 0.002 0.002 0.002 0.002 0.003 0.003 0.004 0.006 0.007 0.007 0.007 0.007 0.007 0.008 0.011 0.022
