RESULTS/r.avaflow_results/23_results/23_ascii/23_hflow0033.asc
ncols 506
nrows 317
xllcenter 498237.50
yllcenter 5580050.00
cellsize 12.50
NODATA_value -9999.000
[rows 170 to 203 of 317, columns 154 to 230 of 506]
12.453 12.203 11.946 11.672 11.372 11.049 10.749 10.493 10.260 10.037 9.825 9.619 9.401 9.120 8.705 8.101 7.339 6.506 5.678 4.886 4.111 3.321 2.584 1.992 1.561 1.282 1.126 1.058 1.044 1.051 1.074 1.127 1.188 1.229 1.256 1.281 1.320 1.395 1.457 1.475 1.466 1.436 1.413 1.395 1.364 1.307 1.205 1.052 0.861 0.664 0.482 0.345 0.257 0.203 0.170 0.149 0.136 0.130 0.129 0.129 0.129 0.127 0.122 0.118 0.116 0.115 0.117 0.125 0.150 0.215 0.369 0.700 1.080 1.239 1.250 1.147 0.866
14.875 14.966 14.960 14.856 14.670 14.453 14.217 13.966 13.697 13.415 13.129 12.856 12.590 12.295 11.874 11.226 10.325 9.238 8.071 6.895 5.735 4.625 3.618 2.785 2.160 1.720 1.431 1.264 1.195 1.192 1.227 1.306 1.389 1.423 1.429 1.423 1.425 1.451 1.474 1.472 1.440 1.378 1.312 1.251 1.178 1.065 0.883 0.650 0.435 0.290 0.202 0.149 0.118 0.100 0.091 0.088 0.088 0.091 0.095 0.097 0.097 0.094 0.089 0.084 0.081 0.081 0.082 0.089 0.109 0.158 0.270 0.509 0.877 1.115 1.178 1.150 1.004
17.413 17.918 18.152 18.156 17.990 17.747 17.478 17.195 16.897 16.592 16.282 15.979 15.687 15.380 14.967 14.327 13.401 12.219 10.866 9.433 7.965 6.512 5.154 3.977 3.042 2.338 1.828 1.496 1.320 1.258 1.263 1.328 1.411 1.437 1.433 1.410 1.394 1.389 1.379 1.345 1.256 1.117 0.973 0.839 0.708 0.555 0.391 0.256 0.168 0.117 0.088 0.071 0.061 0.056 0.055 0.057 0.061 0.067 0.072 0.074 0.074 0.072 0.067 0.063 0.061 0.060 0.061 0.067 0.082 0.118 0.196 0.364 0.681 0.998 1.129 1.142 1.080
19.197 20.048 20.506 20.643 20.584 20.435 20.228 19.991 19.720 19.435 19.136 18.836 18.547 18.249 17.858 17.234 16.310 15.122 13.766 12.294 10.712 9.032 7.321 5.731 4.386 3.303 2.465 1.871 1.505 1.322 1.265 1.281 1.323 1.336 1.319 1.271 1.217 1.170 1.114 1.011 0.828 0.620 0.463 0.359 0.279 0.205 0.142 0.097 0.070 0.054 0.045 0.039 0.037 0.036 0.037 0.039 0.044 0.051 0.055 0.057 0.057 0.055 0.052 0.049 0.048 0.048 0.049 0.054 0.064 0.088 0.140 0.257 0.502 0.862 1.077 1.127 1.109
20.087 21.150 21.829 22.181 22.342 22.410 22.402 22.330 22.167 21.928 21.649 21.359 21.076 20.790 20.430 19.856 18.989 17.845 16.502 15.033 13.455 11.737 9.851 7.865 6.042 4.520 3.318 2.422 1.806 1.431 1.238 1.156 1.118 1.086 1.031 0.937 0.838 0.749 0.654 0.532 0.379 0.258 0.184 0.139 0.107 0.079 0.059 0.044 0.036 0.030 0.027 0.026 0.025 0.026 0.027 0.029 0.033 0.039 0.043 0.044 0.044 0.043 0.041 0.040 0.040 0.041 0.042 0.045 0.052 0.068 0.102 0.182 0.358 0.698 0.997 1.102 1.109
20.307 21.449 22.269 22.829 23.245 23.573 23.800 23.924 23.916 23.763 23.504 23.201 22.909 22.642 22.324 21.843 21.118 20.121 18.854 17.354 15.680 13.841 11.790 9.476 7.229 5.360 3.892 2.803 2.031 1.510 1.184 0.981 0.835 0.706 0.584 0.478 0.406 0.352 0.299 0.234 0.161 0.110 0.079 0.061 0.048 0.038 0.031 0.026 0.022 0.021 0.020 0.019 0.019 0.020 0.021 0.022 0.026 0.030 0.033 0.034 0.035 0.035 0.034 0.034 0.035 0.035 0.037 0.040 0.045 0.056 0.080 0.135 0.261 0.527 0.872 1.047 1.091
20.046 21.278 22.252 22.968 23.546 24.039 24.426 24.664 24.757 24.673 24.433 24.102 23.794 23.564 23.289 22.906 22.334 21.511 20.369 18.882 17.108 15.117 12.887 10.338 7.807 5.725 4.118 2.943 2.105 1.516 1.102 0.802 0.573 0.396 0.275 0.208 0.175 0.154 0.132 0.103 0.073 0.053 0.040 0.032 0.027 0.023 0.020 0.018 0.016 0.016 0.015 0.015 0.015 0.016 0.016 0.018 0.020 0.023 0.025 0.027 0.028 0.028 0.029 0.030 0.030 0.032 0.033 0.036 0.041 0.049 0.067 0.108 0.197 0.385 0.701 0.945 1.048
19.308 20.658 21.814 22.755 23.526 24.128 24.545 24.804 24.937 24.876 24.652 24.301 23.972 23.766 23.510 23.158 22.645 21.903 20.849 19.412 17.601 15.511 13.172 10.520 7.894 5.746 4.103 2.911 2.053 1.419 0.941 0.588 0.347 0.203 0.127 0.092 0.078 0.069 0.061 0.049 0.038 0.030 0.025 0.021 0.018 0.016 0.014 0.013 0.013 0.012 0.012 0.012 0.012 0.012 0.013 0.014 0.015 0.017 0.019 0.021 0.022 0.023 0.024 0.026 0.027 0.028 0.030 0.033 0.037 0.045 0.060 0.090 0.154 0.285 0.521 0.797 0.967
18.152 19.646 20.985 22.143 23.075 23.750 24.150 24.374 24.482 24.425 24.207 23.858 23.518 23.292 23.011 22.646 22.154 21.476 20.508 19.138 17.349 15.232 12.838 10.143 7.547 5.427 3.799 2.607 1.743 1.107 0.644 0.341 0.176 0.096 0.060 0.046 0.039 0.035 0.032 0.027 0.023 0.020 0.017 0.015 0.014 0.012 0.011 0.010 0.010 0.010 0.009 0.009 0.009 0.009 0.010 0.010 0.011 0.012 0.014 0.015 0.017 0.019 0.020 0.022 0.023 0.025 0.027 0.030 0.034 0.041 0.054 0.078 0.125 0.216 0.380 0.627 0.846
16.697 18.313 19.785 21.060 22.060 22.762 23.165 23.335 23.335 23.207 22.982 22.724 22.380 22.011 21.593 21.150 20.649 20.026 19.147 17.860 16.113 13.981 11.554 8.948 6.558 4.586 3.037 1.879 1.082 0.581 0.295 0.150 0.079 0.047 0.033 0.026 0.024 0.022 0.020 0.018 0.016 0.015 0.013 0.012 0.011 0.010 0.009 0.008 0.008 0.007 0.007 0.007 0.007 0.007 0.007 0.007 0.008 0.009 0.010 0.011 0.013 0.014 0.016 0.017 0.019 0.021 0.024 0.027 0.031 0.038 0.049 0.069 0.105 0.170 0.285 0.465 0.685
14.926 16.592 18.144 19.462 20.505 21.243 21.693 21.829 21.710 21.495 21.313 21.231 20.903 20.363 19.758 19.192 18.632 17.975 17.056 15.706 13.885 11.665 9.230 6.904 4.878 3.172 1.830 0.928 0.439 0.210 0.108 0.061 0.038 0.026 0.021 0.018 0.016 0.015 0.014 0.013 0.012 0.011 0.010 0.010 0.009 0.008 0.007 0.006 0.006 0.005 0.005 0.005 0.005 0.005 0.005 0.005 0.005 0.006 0.007 0.008 0.009 0.010 0.012 0.014 0.015 0.018 0.020 0.024 0.028 0.035 0.045 0.062 0.091 0.141 0.224 0.354 0.534
12.913 14.433 16.033 17.447 18.603 19.465 20.025 20.222 20.146 19.974 19.852 19.771 19.398 18.809 18.151 17.523 16.851 15.964 14.722 13.032 10.867 8.335 5.964 4.113 2.695 1.590 0.797 0.340 0.143 0.071 0.043 0.029 0.022 0.017 0.015 0.014 0.013 0.012 0.011 0.010 0.010 0.009 0.008 0.008 0.007 0.006 0.006 0.005 0.004 0.004 0.003 0.003 0.003 0.003 0.003 0.003 0.003 0.004 0.004 0.005 0.006 0.007 0.009 0.010 0.012 0.014 0.017 0.021 0.025 0.032 0.042 0.058 0.083 0.124 0.188 0.287 0.427
11.027 12.234 13.668 15.164 16.496 17.539 18.250 18.575 18.582 18.454 18.327 18.122 17.684 17.075 16.415 15.738 14.931 13.756 12.043 9.730 7.015 4.536 2.815 1.736 1.037 0.553 0.248 0.101 0.049 0.030 0.022 0.018 0.015 0.013 0.012 0.011 0.010 0.009 0.009 0.008 0.008 0.007 0.007 0.006 0.006 0.005 0.004 0.004 0.003 0.003 0.002 0.002 0.002 0.001 0.001 0.001 0.002 0.002 0.002 0.003 0.004 0.005 0.006 0.007 0.009 0.011 0.014 0.018 0.023 0.030 0.040 0.055 0.079 0.115 0.169 0.246 0.356
9.409 10.351 11.460 12.762 14.129 15.311 16.155 16.607 16.697 16.560 16.296 15.878 15.316 14.671 13.988 13.196 12.134 10.540 8.203 5.514 3.237 1.730 0.886 0.474 0.259 0.134 0.065 0.034 0.023 0.017 0.015 0.013 0.011 0.010 0.009 0.009 0.008 0.008 0.007 0.007 0.006 0.006 0.005 0.005 0.004 0.004 0.004 0.003 0.003 0.002 0.002 0.001 0.001 0.001 0.000 0.000 0.001 0.001 0.001 0.001 0.002 0.003 0.004 0.005 0.007 0.009 0.012 0.016 0.021 0.028 0.039 0.054 0.078 0.112 0.158 0.220 0.303
8.001 8.693 9.462 10.338 11.372 12.446 13.300 13.812 13.949 13.779 13.388 12.764 11.968 11.112 10.203 9.129 7.717 5.833 3.718 1.989 0.930 0.404 0.187 0.103 0.062 0.038 0.024 0.018 0.014 0.012 0.011 0.010 0.009 0.008 0.007 0.007 0.006 0.006 0.006 0.005 0.005 0.005 0.004 0.004 0.004 0.003 0.003 0.003 0.002 0.002 0.002 0.001 0.000 0.000 0.000 0.000 0.000 0.000 0.000 0.001 0.001 0.002 0.003 0.004 0.005 0.007 0.010 0.014 0.019 0.027 0.038 0.054 0.077 0.109 0.151 0.202 0.266
6.715 7.179 7.624 8.066 8.513 9.022 9.494 9.822 9.932 9.785 9.396 8.698 7.719 6.592 5.515 4.463 3.319 2.050 1.008 0.418 0.166 0.078 0.046 0.032 0.023 0.018 0.014 0.012 0.010 0.009 0.008 0.007 0.007 0.006 0.006 0.005 0.005 0.005 0.004 0.004 0.004 0.004 0.003 0.003 0.003 0.003 0.003 0.003 0.003 0.002 0.002 0.001 0.000 0.000 0.000 0.000 0.000 0.000 0.000 0.000 0.000 0.001 0.001 0.002 0.004 0.005 0.008 0.012 0.017 0.025 0.036 0.053 0.076 0.107 0.145 0.189 0.243
5.440 5.638 5.754 5.792 5.745 5.713 5.729 5.733 5.687 5.547 5.248 4.679 3.783 2.747 1.951 1.369 0.868 0.426 0.174 0.072 0.038 0.026 0.020 0.016 0.014 0.012 0.010 0.009 0.008 0.007 0.006 0.006 0.005 0.005 0.004 0.004 0.004 0.004 0.003 0.003 0.003 0.003 0.003 0.003 0.003 0.003 0.003 0.004 0.004 0.003 0.003 0.001 0.000 0.000 0.000 0.000 0.000 0.000 0.000 0.000 0.000 0.000 0.001 0.001 0.002 0.004 0.006 0.010 0.015 0.023 0.034 0.050 0.072 0.101 0.137 0.181 0.233
3.953 3.831 3.650 3.388 3.033 2.695 2.449 2.282 2.154 2.028 1.855 1.570 1.133 0.692 0.426 0.272 0.155 0.076 0.038 0.023 0.018 0.015 0.013 0.011 0.010 0.009 0.008 0.007 0.006 0.005 0.005 0.004 0.004 0.004 0.003 0.003 0.003 0.003 0.003 0.003 0.003 0.003 0.003 0.003 0.004 0.004 0.005 0.006 0.006 0.006 0.004 0.002 0.001 0.000 0.000 0.000 0.000 0.000 0.000 0.000 0.000 0.000 0.000 0.001 0.002 0.003 0.005 0.008 0.013 0.020 0.030 0.045 0.066 0.093 0.129 0.176 0.233
2.217 1.967 1.751 1.527 1.262 0.999 0.787 0.648 0.558 0.488 0.421 0.338 0.227 0.133 0.085 0.056 0.036 0.023 0.017 0.014 0.012 0.010 0.009 0.008 0.007 0.006 0.006 0.005 0.004 0.004 0.004 0.003 0.003 0.003 0.003 0.003 0.003 0.003 0.003 0.003 0.004 0.004 0.005 0.005 0.006 0.007 0.009 0.011 0.011 0.009 0.006 0.003 0.001 0.000 0.000 0.000 0.000 0.000 0.000 0.000 0.000 0.000 0.000 0.000 0.001 0.002 0.003 0.006 0.010 0.016 0.025 0.038 0.056 0.083 0.121 0.174 0.240
0.916 0.791 0.686 0.582 0.456 0.329 0.228 0.168 0.134 0.112 0.093 0.073 0.051 0.035 0.026 0.020 0.016 0.013 0.011 0.010 0.008 0.008 0.007 0.006 0.005 0.005 0.004 0.004 0.004 0.003 0.003 0.003 0.003 0.003 0.004 0.004 0.004 0.005 0.005 0.006 0.007 0.009 0.010 0.012 0.013 0.016 0.019 0.020 0.018 0.012 0.007 0.003 0.001 0.000 0.000 0.000 0.000 0.000 0.000 0.000 0.000 0.000 0.000 0.000 0.000 0.001 0.002 0.004 0.007 0.012 0.018 0.029 0.045 0.071 0.111 0.170 0.251
0.296 0.259 0.228 0.192 0.145 0.099 0.066 0.047 0.038 0.033 0.029 0.025 0.021 0.017 0.014 0.012 0.010 0.009 0.008 0.007 0.006 0.006 0.005 0.005 0.004 0.004 0.004 0.004 0.004 0.004 0.004 0.005 0.005 0.006 0.007 0.008 0.009 0.011 0.014 0.016 0.020 0.024 0.027 0.030 0.033 0.035 0.036 0.031 0.022 0.013 0.007 0.003 0.001 0.000 0.000 0.000 0.000 0.000 0.000 0.000 0.000 0.000 0.000 0.000 0.000 0.000 0.001 0.003 0.005 0.008 0.013 0.021 0.033 0.055 0.093 0.155 0.245
0.085 0.077 0.071 0.061 0.047 0.033 0.024 0.020 0.018 0.017 0.017 0.016 0.015 0.012 0.010 0.009 0.008 0.007 0.006 0.005 0.005 0.004 0.004 0.004 0.004 0.004 0.004 0.005 0.006 0.007 0.009 0.012 0.014 0.017 0.019 0.022 0.027 0.035 0.043 0.050 0.058 0.065 0.069 0.069 0.064 0.057 0.047 0.035 0.023 0.013 0.007 0.003 0.001 0.000 0.000 0.000 0.000 0.000 0.000 0.000 0.000 0.000 0.000 0.000 0.000 0.000 0.001 0.002 0.003 0.006 0.009 0.014 0.022 0.036 0.065 0.118 0.208
0.026 0.027 0.027 0.026 0.021 0.017 0.015 0.014 0.014 0.014 0.014 0.014 0.013 0.011 0.009 0.008 0.007 0.006 0.005 0.005 0.004 0.004 0.004 0.004 0.005 0.007 0.009 0.012 0.017 0.023 0.030 0.038 0.046 0.054 0.062 0.073 0.089 0.107 0.122 0.132 0.134 0.127 0.113 0.097 0.081 0.065 0.050 0.035 0.022 0.013 0.007 0.003 0.001 0.000 0.000 0.000 0.000 0.000 0.000 0.000 0.000 0.000 0.000 0.000 0.000 0.000 0.000 0.001 0.002 0.004 0.006 0.010 0.015 0.023 0.038 0.070 0.132
0.012 0.015 0.018 0.018 0.016 0.015 0.014 0.014 0.015 0.015 0.015 0.015 0.014 0.012 0.010 0.008 0.006 0.006 0.005 0.005 0.005 0.005 0.006 0.009 0.013 0.020 0.030 0.044 0.063 0.084 0.107 0.131 0.152 0.171 0.191 0.213 0.236 0.249 0.241 0.219 0.189 0.158 0.129 0.104 0.083 0.064 0.047 0.032 0.020 0.012 0.007 0.003 0.001 0.000 0.000 0.000 0.000 0.000 0.000 0.000 0.000 0.000 0.000 0.000 0.000 0.000 0.000 0.000 0.001 0.002 0.004 0.006 0.010 0.015 0.023 0.038 0.066
0.010 0.014 0.017 0.017 0.016 0.016 0.018 0.020 0.021 0.022 0.022 0.022 0.019 0.016 0.012 0.010 0.008 0.008 0.007 0.007 0.008 0.011 0.017 0.028 0.045 0.073 0.114 0.170 0.228 0.285 0.338 0.382 0.417 0.441 0.451 0.443 0.413 0.366 0.310 0.254 0.204 0.162 0.129 0.102 0.079 0.059 0.042 0.028 0.018 0.011 0.006 0.003 0.001 0.000 0.000 0.000 0.000 0.000 0.000 0.000 0.000 0.000 0.000 0.000 0.000 0.000 0.000 0.000 0.000 0.001 0.002 0.004 0.006 0.010 0.014 0.022 0.034
0.010 0.013 0.017 0.019 0.021 0.025 0.030 0.035 0.037 0.038 0.037 0.035 0.029 0.023 0.019 0.017 0.016 0.015 0.016 0.017 0.022 0.034 0.060 0.104 0.172 0.269 0.402 0.536 0.646 0.730 0.782 0.799 0.780 0.737 0.674 0.592 0.497 0.405 0.324 0.257 0.202 0.158 0.123 0.095 0.071 0.051 0.035 0.023 0.015 0.009 0.005 0.002 0.001 0.000 0.000 0.000 0.000 0.000 0.000 0.000 0.000 0.000 0.000 0.000 0.000 0.000 0.000 0.000 0.000 0.000 0.001 0.002 0.004 0.006 0.009 0.013 0.019
0.010 0.014 0.020 0.026 0.033 0.043 0.054 0.061 0.064 0.065 0.063 0.056 0.046 0.039 0.036 0.036 0.037 0.040 0.044 0.053 0.077 0.131 0.226 0.368 0.553 0.779 1.008 1.169 1.236 1.228 1.169 1.076 0.973 0.867 0.753 0.630 0.510 0.407 0.322 0.253 0.196 0.150 0.113 0.084 0.060 0.042 0.028 0.019 0.012 0.007 0.004 0.002 0.001 0.000 0.000 0.000 0.000 0.000 0.000 0.000 0.000 0.000 0.000 0.000 0.000 0.000 0.000 0.000 0.000 0.000 0.001 0.001 0.002 0.004 0.006 0.009 0.012
0.011 0.016 0.025 0.038 0.053 0.072 0.089 0.100 0.104 0.104 0.101 0.091 0.080 0.076 0.079 0.088 0.102 0.116 0.136 0.181 0.276 0.441 0.679 0.962 1.245 1.466 1.590 1.629 1.591 1.490 1.341 1.173 1.024 0.889 0.760 0.631 0.509 0.404 0.316 0.244 0.185 0.138 0.099 0.070 0.048 0.033 0.022 0.014 0.009 0.005 0.003 0.001 0.000 0.000 0.000 0.000 0.000 0.000 0.000 0.000 0.000 0.000 0.000 0.000 0.000 0.000 0.000 0.000 0.000 0.000 0.000 0.001 0.001 0.002 0.003 0.005 0.008
0.012 0.019 0.033 0.054 0.080 0.110 0.134 0.151 0.159 0.162 0.159 0.152 0.147 0.153 0.175 0.213 0.257 0.306 0.380 0.520 0.752 1.048 1.336 1.576 1.751 1.845 1.863 1.828 1.743 1.604 1.411 1.202 1.032 0.890 0.761 0.633 0.510 0.399 0.304 0.225 0.163 0.116 0.080 0.054 0.037 0.025 0.017 0.011 0.007 0.004 0.002 0.001 0.000 0.000 0.000 0.000 0.000 0.000 0.000 0.000 0.000 0.000 0.000 0.000 0.000 0.000 0.000 0.000 0.000 0.000 0.000 0.000 0.000 0.001 0.002 0.003 0.005
0.013 0.021 0.041 0.073 0.113 0.156 0.191 0.219 0.237 0.246 0.251 0.254 0.264 0.292 0.348 0.426 0.515 0.622 0.779 1.006 1.279 1.528 1.717 1.856 1.941 1.967 1.957 1.915 1.823 1.669 1.449 1.212 1.027 0.880 0.748 0.617 0.487 0.367 0.265 0.185 0.126 0.085 0.058 0.041 0.028 0.019 0.013 0.008 0.005 0.003 0.001 0.000 0.000 0.000 0.000 0.000 0.000 0.000 0.000 0.000 0.000 0.000 0.000 0.000 0.000 0.000 0.000 0.000 0.000 0.000 0.000 0.000 0.000 0.000 0.001 0.002 0.003
0.013 0.024 0.052 0.100 0.161 0.219 0.268 0.303 0.326 0.342 0.356 0.374 0.402 0.449 0.519 0.612 0.724 0.865 1.055 1.294 1.526 1.702 1.831 1.927 1.987 2.007 2.005 1.969 1.872 1.703 1.463 1.201 0.988 0.811 0.656 0.513 0.382 0.270 0.184 0.123 0.083 0.058 0.042 0.030 0.021 0.015 0.010 0.006 0.004 0.002 0.001 0.000 0.000 0.000 0.000 0.000 0.000 0.000 0.000 0.000 0.000 0.000 0.000 0.000 0.000 0.000 0.000 0.000 0.000 0.000 0.000 0.000 0.000 0.000 0.000 0.001 0.001
0.014 0.030 0.074 0.153 0.236 0.299 0.341 0.369 0.389 0.407 0.428 0.455 0.492 0.545 0.617 0.710 0.829 0.982 1.175 1.395 1.584 1.732 1.849 1.939 1.999 2.027 2.027 1.986 1.880 1.698 1.441 1.138 0.866 0.637 0.448 0.302 0.200 0.135 0.095 0.069 0.052 0.039 0.029 0.022 0.015 0.011 0.007 0.004 0.002 0.001 0.000 0.000 0.000 0.000 0.000 0.000 0.000 0.000 0.000 0.000 0.000 0.000 0.000 0.000 0.000 0.000 0.000 0.000 0.000 0.000 0.000 0.000 0.000 0.000 0.000 0.000 0.001
0.018 0.048 0.128 0.238 0.315 0.358 0.385 0.405 0.424 0.445 0.469 0.499 0.538 0.592 0.663 0.756 0.876 1.030 1.220 1.421 1.593 1.735 1.848 1.928 1.967 1.967 1.927 1.845 1.713 1.517 1.252 0.929 0.625 0.383 0.221 0.129 0.080 0.057 0.045 0.037 0.031 0.026 0.020 0.015 0.011 0.007 0.005 0.003 0.001 0.001 0.000 0.000 0.000 0.000 0.000 0.000 0.000 0.000 0.000 0.000 0.000 0.000 0.000 0.000 0.000 0.000 0.000 0.000 0.000 0.000 0.000 0.000 0.000 0.000 0.000 0.000 0.000
0.031 0.089 0.202 0.307 0.360 0.385 0.403 0.422 0.442 0.464 0.489 0.519 0.557 0.610 0.679 0.771 0.893 1.048 1.236 1.427 1.588 1.713 1.788 1.813 1.771 1.663 1.508 1.343 1.174 0.987 0.774 0.533 0.323 0.178 0.093 0.050 0.031 0.024 0.021 0.020 0.018 0.016 0.014 0.010 0.007 0.005 0.003 0.002 0.001 0.000 0.000 0.000 0.000 0.000 0.000 0.000 0.000 0.000 0.000 0.000 0.000 0.000 0.000 0.000 0.000 0.000 0.000 0.000 0.000 0.000 0.000 0.000 0.000 0.000 0.000 0.000 0.000
