RESULTS/r.avaflow_results/23_results/23_ascii/23_hflow0046.asc
ncols 506
nrows 317
xllcenter 498237.50
yllcenter 5580050.00
cellsize 12.50
NODATA_value -9999.000
[rows 170 to 203 of 317, columns 231 to 307 of 506]
0.219 0.151 0.110 0.086 0.075 0.070 0.069 0.072 0.083 0.110 0.143 0.159 0.161 0.155 0.134 0.095 0.059 0.038 0.026 0.019 0.014 0.010 0.007 0.005 0.003 0.002 0.001 0.001 0.000 0.000 0.000 0.000 0.000 0.000 0.000 0.000 0.000 0.000 0.000 0.000 0.000 0.000 0.000 0.000 0.000 0.000 0.000 0.000 0.000 0.000 0.000 0.000 0.000 0.000 0.000 0.000 0.000 0.000 0.000 0.000 0.000 0.000 0.000 0.000 0.000 0.000 0.000 0.000 0.000 0.000 0.000 0.000 0.000 0.000 0.000 0.000 0.000
0.331 0.216 0.149 0.112 0.095 0.090 0.091 0.099 0.129 0.197 0.277 0.314 0.319 0.302 0.252 0.168 0.096 0.056 0.035 0.024 0.017 0.013 0.010 0.007 0.005 0.003 0.002 0.001 0.001 0.000 0.000 0.000 0.000 0.000 0.000 0.000 0.000 0.000 0.000 0.000 0.000 0.000 0.000 0.000 0.000 0.000 0.000 0.000 0.000 0.000 0.000 0.000 0.000 0.000 0.000 0.000 0.000 0.000 0.000 0.000 0.000 0.000 0.000 0.000 0.000 0.000 0.000 0.000 0.000 0.000 0.000 0.000 0.000 0.000 0.000 0.000 0.000
0.481 0.318 0.208 0.149 0.122 0.115 0.117 0.135 0.196 0.328 0.486 0.562 0.572 0.540 0.449 0.294 0.157 0.084 0.049 0.031 0.021 0.016 0.012 0.009 0.007 0.005 0.003 0.002 0.001 0.001 0.000 0.000 0.000 0.000 0.000 0.000 0.000 0.000 0.000 0.000 0.000 0.000 0.000 0.000 0.000 0.000 0.000 0.000 0.000 0.000 0.000 0.000 0.000 0.000 0.000 0.000 0.000 0.000 0.000 0.000 0.000 0.000 0.000 0.000 0.000 0.000 0.000 0.000 0.000 0.000 0.000 0.000 0.000 0.000 0.000 0.000 0.000
0.601 0.450 0.296 0.202 0.158 0.145 0.147 0.171 0.249 0.426 0.650 0.766 0.787 0.753 0.645 0.448 0.244 0.124 0.066 0.040 0.026 0.019 0.015 0.011 0.009 0.006 0.005 0.003 0.002 0.001 0.001 0.000 0.000 0.000 0.000 0.000 0.000 0.000 0.000 0.000 0.000 0.000 0.000 0.000 0.000 0.000 0.000 0.000 0.000 0.000 0.000 0.000 0.000 0.000 0.000 0.000 0.000 0.000 0.000 0.000 0.000 0.000 0.000 0.000 0.000 0.000 0.000 0.000 0.000 0.000 0.000 0.000 0.000 0.000 0.000 0.000 0.000
0.655 0.561 0.412 0.277 0.205 0.181 0.181 0.204 0.286 0.474 0.721 0.857 0.885 0.856 0.751 0.554 0.323 0.170 0.089 0.051 0.033 0.023 0.018 0.014 0.011 0.008 0.006 0.005 0.004 0.002 0.001 0.001 0.000 0.000 0.000 0.000 0.000 0.000 0.000 0.000 0.000 0.000 0.000 0.000 0.000 0.000 0.000 0.000 0.000 0.000 0.000 0.000 0.000 0.000 0.000 0.000 0.000 0.000 0.000 0.000 0.000 0.000 0.000 0.000 0.000 0.000 0.000 0.000 0.000 0.000 0.000 0.000 0.000 0.000 0.000 0.000 0.001
0.667 0.613 0.513 0.370 0.266 0.224 0.219 0.238 0.316 0.492 0.730 0.867 0.899 0.874 0.779 0.605 0.381 0.214 0.115 0.064 0.040 0.028 0.021 0.016 0.013 0.011 0.009 0.007 0.005 0.004 0.003 0.002 0.001 0.000 0.000 0.000 0.000 0.000 0.000 0.000 0.000 0.000 0.000 0.000 0.000 0.000 0.000 0.000 0.000 0.000 0.000 0.000 0.000 0.000 0.000 0.000 0.000 0.000 0.000 0.000 0.000 0.000 0.000 0.000 0.000 0.000 0.000 0.000 0.000 0.000 0.000 0.000 0.000 0.000 0.001 0.001 0.002
0.650 0.624 0.562 0.453 0.337 0.277 0.265 0.279 0.345 0.499 0.706 0.828 0.862 0.844 0.765 0.617 0.420 0.254 0.144 0.081 0.049 0.034 0.025 0.020 0.016 0.013 0.011 0.009 0.007 0.005 0.004 0.003 0.002 0.001 0.001 0.000 0.000 0.000 0.000 0.000 0.000 0.000 0.000 0.000 0.000 0.000 0.000 0.000 0.000 0.000 0.000 0.000 0.000 0.000 0.000 0.000 0.000 0.000 0.000 0.000 0.000 0.000 0.000 0.000 0.000 0.000 0.000 0.000 0.000 0.000 0.000 0.000 0.001 0.001 0.003 0.004 0.006
0.609 0.606 0.573 0.505 0.410 0.345 0.325 0.332 0.380 0.494 0.641 0.729 0.758 0.751 0.701 0.593 0.437 0.284 0.172 0.101 0.061 0.041 0.030 0.024 0.020 0.016 0.014 0.011 0.009 0.008 0.006 0.004 0.003 0.002 0.001 0.001 0.000 0.000 0.000 0.000 0.000 0.000 0.000 0.000 0.000 0.000 0.000 0.000 0.000 0.000 0.000 0.000 0.000 0.000 0.000 0.000 0.000 0.000 0.000 0.000 0.000 0.000 0.000 0.000 0.000 0.000 0.000 0.000 0.000 0.000 0.001 0.001 0.002 0.004 0.006 0.008 0.011
0.545 0.564 0.557 0.524 0.466 0.421 0.403 0.403 0.428 0.495 0.573 0.612 0.622 0.613 0.585 0.526 0.426 0.302 0.197 0.123 0.077 0.052 0.038 0.030 0.024 0.020 0.017 0.014 0.012 0.010 0.008 0.006 0.005 0.004 0.003 0.002 0.001 0.001 0.000 0.000 0.000 0.000 0.000 0.000 0.000 0.000 0.000 0.000 0.000 0.000 0.000 0.000 0.000 0.000 0.000 0.000 0.000 0.000 0.000 0.000 0.000 0.000 0.000 0.000 0.000 0.000 0.000 0.001 0.001 0.002 0.002 0.004 0.006 0.008 0.010 0.014 0.018
0.459 0.506 0.522 0.515 0.492 0.472 0.465 0.467 0.481 0.514 0.542 0.548 0.539 0.516 0.484 0.443 0.389 0.312 0.222 0.149 0.098 0.067 0.049 0.038 0.031 0.026 0.021 0.018 0.015 0.013 0.011 0.009 0.007 0.006 0.004 0.003 0.002 0.002 0.001 0.001 0.000 0.000 0.000 0.000 0.000 0.000 0.000 0.000 0.000 0.000 0.000 0.000 0.000 0.000 0.000 0.000 0.000 0.000 0.000 0.000 0.000 0.001 0.001 0.001 0.001 0.001 0.001 0.002 0.003 0.004 0.006 0.007 0.010 0.013 0.017 0.022 0.029
0.371 0.433 0.474 0.491 0.496 0.497 0.502 0.510 0.522 0.534 0.537 0.527 0.502 0.466 0.431 0.398 0.363 0.316 0.251 0.182 0.128 0.092 0.068 0.053 0.042 0.034 0.028 0.023 0.020 0.016 0.014 0.011 0.009 0.008 0.006 0.005 0.004 0.003 0.002 0.002 0.001 0.001 0.000 0.000 0.000 0.000 0.000 0.000 0.000 0.000 0.000 0.000 0.000 0.000 0.000 0.000 0.000 0.000 0.001 0.001 0.001 0.002 0.003 0.003 0.003 0.004 0.004 0.005 0.006 0.008 0.010 0.012 0.016 0.021 0.027 0.037 0.050
0.300 0.359 0.410 0.451 0.481 0.503 0.522 0.539 0.551 0.554 0.547 0.526 0.491 0.448 0.414 0.385 0.358 0.326 0.285 0.231 0.176 0.133 0.101 0.080 0.063 0.050 0.040 0.032 0.026 0.021 0.018 0.015 0.012 0.010 0.009 0.007 0.006 0.005 0.004 0.003 0.003 0.002 0.001 0.001 0.001 0.000 0.000 0.000 0.000 0.000 0.000 0.000 0.000 0.000 0.000 0.000 0.001 0.001 0.002 0.003 0.004 0.005 0.005 0.006 0.007 0.007 0.008 0.009 0.011 0.013 0.016 0.019 0.025 0.033 0.045 0.064 0.093
0.254 0.303 0.352 0.400 0.448 0.495 0.534 0.562 0.577 0.578 0.568 0.538 0.493 0.447 0.414 0.390 0.372 0.356 0.336 0.303 0.255 0.206 0.166 0.134 0.108 0.085 0.065 0.049 0.038 0.029 0.023 0.019 0.016 0.013 0.012 0.010 0.009 0.008 0.006 0.005 0.004 0.004 0.003 0.002 0.002 0.001 0.001 0.001 0.001 0.001 0.001 0.001 0.001 0.001 0.001 0.002 0.002 0.004 0.005 0.007 0.008 0.009 0.009 0.010 0.011 0.012 0.013 0.014 0.016 0.019 0.023 0.029 0.039 0.054 0.079 0.120 0.181
0.230 0.273 0.321 0.371 0.426 0.486 0.543 0.585 0.608 0.613 0.604 0.573 0.519 0.471 0.442 0.428 0.423 0.426 0.427 0.415 0.384 0.339 0.292 0.248 0.205 0.164 0.122 0.086 0.061 0.043 0.032 0.025 0.020 0.017 0.015 0.013 0.012 0.010 0.009 0.008 0.007 0.006 0.005 0.004 0.004 0.003 0.003 0.003 0.003 0.003 0.003 0.003 0.003 0.003 0.004 0.004 0.006 0.007 0.009 0.011 0.013 0.014 0.015 0.016 0.017 0.018 0.019 0.021 0.024 0.028 0.035 0.047 0.065 0.094 0.143 0.226 0.357
0.222 0.263 0.311 0.364 0.422 0.489 0.562 0.623 0.663 0.680 0.679 0.657 0.608 0.562 0.541 0.537 0.543 0.560 0.581 0.592 0.588 0.565 0.526 0.476 0.416 0.346 0.262 0.174 0.111 0.071 0.048 0.035 0.027 0.023 0.020 0.017 0.016 0.014 0.013 0.012 0.010 0.009 0.008 0.007 0.007 0.006 0.006 0.006 0.005 0.005 0.005 0.006 0.006 0.006 0.007 0.008 0.010 0.012 0.015 0.018 0.019 0.021 0.022 0.023 0.024 0.026 0.028 0.031 0.036 0.044 0.057 0.078 0.112 0.165 0.255 0.418 0.636
0.222 0.264 0.314 0.371 0.437 0.517 0.615 0.713 0.789 0.838 0.860 0.859 0.834 0.804 0.786 0.773 0.770 0.783 0.811 0.845 0.879 0.901 0.895 0.865 0.806 0.708 0.564 0.377 0.220 0.127 0.078 0.052 0.038 0.031 0.026 0.023 0.021 0.019 0.017 0.016 0.015 0.013 0.012 0.011 0.010 0.010 0.009 0.009 0.009 0.009 0.009 0.009 0.010 0.011 0.012 0.014 0.016 0.019 0.023 0.027 0.029 0.031 0.033 0.034 0.035 0.038 0.041 0.047 0.057 0.073 0.099 0.140 0.199 0.287 0.432 0.643 0.839
0.231 0.279 0.337 0.408 0.497 0.612 0.761 0.937 1.085 1.195 1.265 1.299 1.306 1.294 1.259 1.188 1.125 1.106 1.120 1.168 1.247 1.339 1.397 1.414 1.386 1.290 1.093 0.776 0.441 0.236 0.133 0.083 0.057 0.044 0.036 0.031 0.028 0.025 0.023 0.022 0.020 0.019 0.017 0.016 0.015 0.014 0.014 0.014 0.014 0.014 0.014 0.014 0.015 0.016 0.018 0.021 0.024 0.029 0.035 0.041 0.046 0.049 0.051 0.053 0.055 0.059 0.067 0.079 0.100 0.134 0.185 0.256 0.349 0.470 0.616 0.770 0.894
0.260 0.322 0.400 0.501 0.635 0.822 1.082 1.405 1.674 1.867 1.997 2.070 2.092 2.072 1.977 1.785 1.605 1.521 1.511 1.554 1.669 1.852 2.017 2.107 2.130 2.073 1.856 1.410 0.826 0.438 0.236 0.139 0.091 0.066 0.052 0.043 0.038 0.035 0.033 0.031 0.028 0.026 0.024 0.022 0.021 0.020 0.020 0.020 0.020 0.020 0.020 0.020 0.021 0.023 0.026 0.031 0.038 0.046 0.057 0.068 0.076 0.082 0.087 0.091 0.096 0.105 0.121 0.148 0.193 0.259 0.348 0.458 0.568 0.656 0.727 0.798 0.864
0.298 0.390 0.509 0.666 0.881 1.190 1.644 2.178 2.580 2.823 2.938 2.971 2.947 2.849 2.645 2.359 2.128 2.000 1.962 1.991 2.136 2.429 2.738 2.921 2.982 2.938 2.687 2.151 1.368 0.762 0.417 0.242 0.153 0.106 0.079 0.065 0.056 0.052 0.049 0.046 0.043 0.039 0.036 0.032 0.030 0.028 0.027 0.027 0.027 0.027 0.028 0.029 0.031 0.034 0.040 0.049 0.062 0.079 0.101 0.124 0.140 0.153 0.164 0.174 0.187 0.207 0.241 0.299 0.384 0.494 0.613 0.711 0.760 0.771 0.764 0.760 0.747
0.313 0.426 0.583 0.810 1.142 1.631 2.316 2.975 3.387 3.569 3.611 3.593 3.514 3.344 3.066 2.766 2.559 2.448 2.416 2.456 2.663 3.104 3.527 3.724 3.753 3.650 3.312 2.685 1.838 1.155 0.696 0.418 0.262 0.176 0.129 0.103 0.090 0.083 0.079 0.076 0.072 0.067 0.059 0.051 0.044 0.041 0.039 0.038 0.038 0.039 0.040 0.042 0.046 0.054 0.066 0.085 0.112 0.150 0.200 0.245 0.279 0.305 0.328 0.352 0.379 0.419 0.485 0.584 0.699 0.802 0.867 0.891 0.869 0.813 0.742 0.656 0.538
0.306 0.427 0.600 0.862 1.274 1.902 2.751 3.455 3.849 3.981 3.986 3.938 3.820 3.606 3.299 3.039 2.887 2.824 2.827 2.946 3.291 3.848 4.247 4.388 4.368 4.170 3.713 2.979 2.132 1.482 1.016 0.682 0.450 0.305 0.222 0.178 0.157 0.148 0.145 0.143 0.139 0.129 0.113 0.092 0.075 0.064 0.059 0.057 0.057 0.057 0.059 0.064 0.074 0.092 0.121 0.162 0.218 0.298 0.396 0.476 0.535 0.577 0.609 0.640 0.681 0.739 0.818 0.900 0.967 1.005 1.012 0.980 0.905 0.799 0.665 0.500 0.347
0.266 0.390 0.573 0.851 1.295 1.985 2.910 3.632 4.016 4.131 4.130 4.075 3.945 3.715 3.414 3.208 3.116 3.105 3.174 3.406 3.874 4.430 4.748 4.834 4.770 4.481 3.910 3.079 2.272 1.680 1.248 0.925 0.683 0.507 0.388 0.321 0.292 0.285 0.289 0.295 0.292 0.276 0.240 0.188 0.141 0.113 0.097 0.091 0.090 0.091 0.096 0.108 0.133 0.176 0.238 0.317 0.420 0.565 0.707 0.794 0.832 0.844 0.848 0.860 0.890 0.945 1.014 1.062 1.084 1.086 1.063 1.000 0.889 0.728 0.530 0.351 0.233
0.187 0.300 0.476 0.758 1.215 1.924 2.866 3.606 4.004 4.133 4.140 4.094 3.969 3.738 3.460 3.299 3.254 3.283 3.427 3.741 4.252 4.727 4.968 5.019 4.930 4.590 3.954 3.074 2.304 1.753 1.352 1.054 0.834 0.678 0.579 0.527 0.509 0.517 0.553 0.583 0.588 0.566 0.501 0.394 0.286 0.215 0.177 0.160 0.156 0.158 0.169 0.199 0.258 0.349 0.465 0.595 0.741 0.884 0.973 1.007 0.996 0.961 0.939 0.937 0.956 1.003 1.061 1.093 1.100 1.093 1.057 0.969 0.813 0.591 0.385 0.248 0.166
0.107 0.177 0.308 0.549 0.963 1.624 2.533 3.320 3.788 3.995 4.052 4.034 3.937 3.724 3.464 3.331 3.311 3.370 3.556 3.897 4.379 4.770 4.963 4.998 4.894 4.531 3.851 2.950 2.236 1.731 1.360 1.084 0.887 0.759 0.689 0.663 0.666 0.706 0.793 0.860 0.879 0.866 0.805 0.686 0.530 0.406 0.329 0.293 0.284 0.288 0.314 0.376 0.491 0.650 0.801 0.921 1.015 1.077 1.101 1.085 1.035 0.969 0.932 0.922 0.932 0.969 1.020 1.044 1.047 1.034 0.981 0.861 0.658 0.428 0.269 0.177 0.123
0.060 0.093 0.159 0.291 0.558 1.046 1.800 2.628 3.235 3.597 3.773 3.823 3.783 3.634 3.424 3.321 3.312 3.383 3.573 3.892 4.268 4.521 4.622 4.618 4.471 4.071 3.369 2.535 1.936 1.539 1.251 1.032 0.872 0.769 0.720 0.711 0.727 0.788 0.901 0.985 1.014 1.008 0.963 0.864 0.721 0.602 0.527 0.492 0.483 0.495 0.541 0.632 0.770 0.922 1.034 1.104 1.139 1.146 1.128 1.080 0.993 0.896 0.835 0.808 0.803 0.819 0.851 0.870 0.872 0.855 0.790 0.651 0.449 0.284 0.186 0.128 0.093
0.037 0.052 0.080 0.137 0.256 0.494 0.920 1.568 2.274 2.838 3.190 3.365 3.414 3.366 3.257 3.206 3.215 3.286 3.430 3.601 3.726 3.743 3.688 3.585 3.368 2.952 2.319 1.702 1.311 1.086 0.943 0.836 0.755 0.709 0.692 0.698 0.726 0.796 0.914 1.001 1.033 1.031 0.996 0.916 0.798 0.704 0.653 0.634 0.635 0.657 0.711 0.798 0.913 1.027 1.106 1.147 1.157 1.144 1.092 0.992 0.843 0.708 0.616 0.564 0.543 0.538 0.546 0.558 0.560 0.545 0.494 0.398 0.275 0.185 0.129 0.094 0.071
0.025 0.033 0.045 0.068 0.114 0.207 0.390 0.711 1.178 1.724 2.223 2.560 2.739 2.815 2.832 2.843 2.865 2.900 2.914 2.823 2.615 2.375 2.162 1.961 1.744 1.466 1.102 0.803 0.631 0.549 0.511 0.498 0.505 0.529 0.562 0.601 0.652 0.733 0.845 0.925 0.960 0.964 0.945 0.890 0.799 0.730 0.699 0.693 0.700 0.725 0.773 0.842 0.932 1.018 1.077 1.104 1.104 1.064 0.957 0.778 0.580 0.438 0.356 0.313 0.295 0.291 0.291 0.295 0.296 0.291 0.271 0.229 0.170 0.124 0.092 0.071 0.056
0.018 0.023 0.029 0.039 0.057 0.090 0.155 0.278 0.489 0.798 1.165 1.496 1.751 1.936 2.059 2.121 2.135 2.087 1.924 1.630 1.319 1.104 0.953 0.829 0.709 0.577 0.429 0.322 0.264 0.242 0.238 0.244 0.261 0.293 0.342 0.402 0.473 0.560 0.650 0.711 0.744 0.757 0.761 0.749 0.720 0.697 0.691 0.694 0.704 0.725 0.758 0.803 0.853 0.897 0.923 0.932 0.917 0.844 0.687 0.489 0.341 0.253 0.203 0.177 0.165 0.161 0.160 0.160 0.160 0.158 0.150 0.134 0.110 0.086 0.068 0.054 0.043
0.013 0.016 0.020 0.025 0.033 0.046 0.069 0.110 0.184 0.310 0.496 0.709 0.898 1.046 1.145 1.186 1.179 1.108 0.948 0.726 0.550 0.442 0.373 0.320 0.270 0.219 0.169 0.134 0.117 0.112 0.113 0.119 0.131 0.150 0.179 0.217 0.264 0.321 0.368 0.399 0.420 0.437 0.457 0.484 0.523 0.570 0.605 0.625 0.638 0.646 0.649 0.643 0.628 0.615 0.606 0.598 0.574 0.508 0.396 0.280 0.203 0.154 0.126 0.110 0.102 0.098 0.096 0.095 0.093 0.092 0.089 0.083 0.074 0.063 0.052 0.042 0.034
0.010 0.012 0.015 0.018 0.022 0.028 0.037 0.052 0.077 0.120 0.192 0.294 0.402 0.486 0.538 0.554 0.544 0.498 0.405 0.293 0.220 0.179 0.153 0.134 0.116 0.096 0.079 0.068 0.063 0.062 0.063 0.066 0.072 0.081 0.095 0.114 0.139 0.165 0.185 0.198 0.209 0.220 0.234 0.256 0.295 0.359 0.418 0.447 0.455 0.447 0.419 0.372 0.332 0.312 0.304 0.300 0.293 0.269 0.222 0.168 0.129 0.102 0.085 0.075 0.070 0.066 0.064 0.062 0.060 0.059 0.058 0.056 0.052 0.047 0.040 0.032 0.026
0.007 0.009 0.011 0.013 0.016 0.019 0.024 0.030 0.040 0.056 0.082 0.123 0.174 0.211 0.232 0.237 0.232 0.212 0.171 0.126 0.098 0.083 0.074 0.068 0.061 0.054 0.047 0.043 0.041 0.041 0.041 0.043 0.046 0.050 0.057 0.065 0.077 0.088 0.096 0.102 0.108 0.114 0.121 0.134 0.156 0.193 0.223 0.235 0.236 0.229 0.211 0.183 0.163 0.154 0.152 0.152 0.152 0.146 0.132 0.109 0.088 0.073 0.062 0.055 0.051 0.048 0.045 0.044 0.042 0.041 0.041 0.040 0.038 0.035 0.031 0.024 0.019
0.005 0.006 0.008 0.010 0.012 0.014 0.017 0.020 0.025 0.032 0.042 0.059 0.081 0.096 0.104 0.106 0.104 0.096 0.080 0.063 0.053 0.048 0.044 0.042 0.040 0.037 0.034 0.031 0.031 0.030 0.031 0.031 0.033 0.035 0.038 0.042 0.047 0.052 0.056 0.059 0.062 0.065 0.069 0.076 0.087 0.102 0.113 0.116 0.115 0.113 0.107 0.096 0.088 0.084 0.084 0.085 0.087 0.087 0.083 0.075 0.064 0.054 0.047 0.042 0.039 0.036 0.034 0.032 0.031 0.031 0.030 0.030 0.028 0.026 0.022 0.018 0.013
0.003 0.004 0.005 0.007 0.009 0.010 0.012 0.015 0.017 0.021 0.026 0.034 0.043 0.049 0.052 0.053 0.053 0.050 0.044 0.038 0.034 0.032 0.031 0.030 0.029 0.027 0.026 0.024 0.024 0.024 0.024 0.024 0.025 0.026 0.027 0.029 0.032 0.034 0.036 0.038 0.040 0.042 0.045 0.048 0.053 0.059 0.062 0.063 0.063 0.062 0.060 0.056 0.054 0.053 0.053 0.053 0.055 0.056 0.056 0.053 0.048 0.042 0.036 0.033 0.030 0.028 0.026 0.025 0.024 0.023 0.023 0.022 0.021 0.019 0.016 0.012 0.009
0.002 0.003 0.004 0.005 0.006 0.007 0.009 0.011 0.013 0.015 0.018 0.022 0.026 0.029 0.031 0.031 0.031 0.030 0.028 0.025 0.024 0.023 0.023 0.022 0.022 0.021 0.020 0.019 0.019 0.018 0.018 0.018 0.019 0.019 0.020 0.021 0.023 0.024 0.026 0.027 0.028 0.030 0.031 0.033 0.036 0.038 0.039 0.039 0.039 0.039 0.038 0.037 0.037 0.036 0.037 0.037 0.038 0.039 0.040 0.039 0.036 0.032 0.028 0.026 0.023 0.022 0.020 0.019 0.018 0.017 0.017 0.016 0.014 0.013 0.010 0.008 0.006
