RESULTS/r.avaflow_results/23_results/23_ascii/23_hflow0047.asc
ncols 506
nrows 317
xllcenter 498237.50
yllcenter 5580050.00
cellsize 12.50
NODATA_value -9999.000
[rows 136 to 169 of 317, columns 154 to 230 of 506]
0.000 0.000 0.000 0.000 0.000 0.000 0.000 0.000 0.000 0.000 0.000 0.000 0.000 0.000 0.000 0.000 0.000 0.000 0.000 0.000 0.000 0.000 0.000 0.000 0.000 0.000 0.000 0.000 0.000 0.000 0.000 0.000 0.000 0.000 0.000 0.000 0.000 0.000 0.000 0.000 0.000 0.000 0.000 0.000 0.000 0.000 0.000 0.000 0.000 0.000 0.000 0.000 0.000 0.000 0.000 0.000 0.000 0.000 0.000 0.000 0.000 0.000 0.000 0.000 0.000 0.000 0.000 0.000 0.000 0.000 0.000 0.000 0.000 0.000 0.000 0.000 0.000
0.000 0.000 0.000 0.000 0.000 0.000 0.000 0.000 0.000 0.000 0.000 0.000 0.000 0.000 0.000 0.000 0.000 0.000 0.000 0.000 0.000 0.000 0.000 0.000 0.000 0.000 0.000 0.000 0.000 0.000 0.000 0.000 0.000 0.000 0.000 0.000 0.000 0.000 0.000 0.000 0.000 0.000 0.000 0.000 0.000 0.000 0.000 0.000 0.000 0.000 0.000 0.000 0.000 0.000 0.000 0.000 0.000 0.000 0.000 0.000 0.000 0.000 0.000 0.000 0.000 0.000 0.000 0.000 0.000 0.000 0.000 0.000 0.000 0.000 0.000 0.000 0.000
0.000 0.000 0.000 0.000 0.000 0.000 0.000 0.000 0.000 0.000 0.000 0.000 0.000 0.000 0.000 0.000 0.000 0.000 0.000 0.000 0.000 0.000 0.000 0.000 0.000 0.000 0.000 0.000 0.000 0.000 0.000 0.000 0.000 0.000 0.000 0.000 0.000 0.000 0.000 0.000 0.000 0.000 0.000 0.000 0.000 0.000 0.000 0.000 0.000 0.000 0.000 0.000 0.000 0.000 0.000 0.000 0.000 0.000 0.000 0.000 0.000 0.000 0.000 0.000 0.000 0.000 0.000 0.000 0.000 0.000 0.000 0.000 0.000 0.000 0.000 0.000 0.000
0.000 0.000 0.000 0.000 0.000 0.000 0.000 0.000 0.000 0.000 0.000 0.000 0.000 0.000 0.000 0.000 0.000 0.000 0.000 0.000 0.000 0.000 0.000 0.000 0.000 0.000 0.000 0.000 0.000 0.000 0.000 0.000 0.000 0.000 0.000 0.000 0.000 0.000 0.000 0.000 0.000 0.000 0.000 0.000 0.000 0.000 0.000 0.000 0.000 0.000 0.000 0.000 0.000 0.000 0.000 0.000 0.000 0.000 0.000 0.000 0.000 0.000 0.000 0.000 0.000 0.000 0.000 0.000 0.000 0.000 0.000 0.000 0.000 0.000 0.000 0.000 0.000
0.000 0.000 0.000 0.000 0.000 0.000 0.000 0.000 0.000 0.000 0.000 0.000 0.000 0.000 0.000 0.000 0.000 0.000 0.000 0.000 0.000 0.000 0.000 0.000 0.000 0.000 0.000 0.000 0.000 0.000 0.000 0.000 0.000 0.000 0.000 0.000 0.000 0.000 0.000 0.000 0.000 0.000 0.000 0.000 0.000 0.000 0.000 0.000 0.000 0.000 0.000 0.000 0.000 0.000 0.000 0.000 0.000 0.000 0.000 0.000 0.000 0.000 0.000 0.000 0.000 0.000 0.000 0.000 0.000 0.000 0.000 0.000 0.000 0.000 0.000 0.000 0.000
0.000 0.000 0.000 0.000 0.000 0.000 0.000 0.000 0.000 0.000 0.000 0.000 0.000 0.000 0.000 0.000 0.000 0.000 0.000 0.000 0.000 0.000 0.000 0.000 0.000 0.000 0.000 0.000 0.000 0.000 0.000 0.000 0.000 0.000 0.000 0.000 0.000 0.000 0.000 0.000 0.000 0.000 0.000 0.000 0.000 0.000 0.000 0.000 0.000 0.000 0.000 0.000 0.000 0.000 0.000 0.000 0.000 0.000 0.000 0.000 0.000 0.000 0.000 0.000 0.000 0.000 0.000 0.000 0.000 0.000 0.000 0.000 0.000 0.000 0.000 0.000 0.000
0.000 0.000 0.000 0.000 0.000 0.000 0.000 0.000 0.000 0.000 0.000 0.000 0.000 0.000 0.000 0.000 0.000 0.000 0.000 0.000 0.000 0.000 0.000 0.000 0.000 0.000 0.000 0.000 0.000 0.000 0.000 0.000 0.000 0.000 0.000 0.000 0.000 0.000 0.000 0.000 0.000 0.000 0.000 0.000 0.000 0.000 0.000 0.000 0.000 0.000 0.000 0.000 0.000 0.000 0.000 0.000 0.000 0.000 0.000 0.000 0.000 0.000 0.000 0.000 0.000 0.000 0.000 0.000 0.000 0.000 0.000 0.000 0.000 0.000 0.000 0.000 0.000
0.000 0.000 0.000 0.000 0.000 0.000 0.000 0.000 0.000 0.000 0.000 0.000 0.000 0.000 0.000 0.000 0.000 0.000 0.000 0.000 0.000 0.000 0.000 0.000 0.000 0.000 0.000 0.000 0.000 0.000 0.000 0.000 0.000 0.000 0.000 0.000 0.000 0.000 0.000 0.000 0.000 0.000 0.000 0.000 0.000 0.000 0.000 0.000 0.000 0.000 0.000 0.000 0.000 0.000 0.000 0.000 0.000 0.000 0.000 0.000 0.000 0.000 0.000 0.000 0.000 0.000 0.000 0.000 0.000 0.000 0.000 0.000 0.000 0.000 0.000 0.000 0.000
0.000 0.000 0.000 0.000 0.000 0.000 0.000 0.000 0.000 0.000 0.000 0.000 0.000 0.000 0.000 0.000 0.000 0.000 0.000 0.000 0.000 0.000 0.000 0.000 0.000 0.000 0.000 0.000 0.000 0.000 0.000 0.000 0.000 0.000 0.000 0.000 0.000 0.000 0.000 0.000 0.000 0.000 0.000 0.000 0.000 0.000 0.000 0.000 0.000 0.000 0.000 0.000 0.000 0.000 0.000 0.000 0.000 0.000 0.000 0.000 0.000 0.000 0.000 0.000 0.000 0.000 0.000 0.000 0.000 0.000 0.000 0.000 0.000 0.000 0.000 0.000 0.000
0.000 0.000 0.000 0.000 0.000 0.000 0.000 0.000 0.000 0.000 0.000 0.000 0.000 0.000 0.000 0.000 0.000 0.000 0.000 0.000 0.000 0.000 0.000 0.000 0.000 0.000 0.000 0.000 0.000 0.000 0.000 0.000 0.000 0.000 0.000 0.000 0.000 0.000 0.000 0.000 0.000 0.000 0.000 0.000 0.000 0.000 0.000 0.000 0.000 0.000 0.000 0.000 0.000 0.000 0.000 0.000 0.000 0.000 0.000 0.000 0.000 0.000 0.000 0.000 0.000 0.000 0.000 0.000 0.000 0.000 0.000 0.000 0.000 0.000 0.000 0.000 0.000
0.000 0.000 0.000 0.000 0.000 0.000 0.000 0.000 0.000 0.000 0.000 0.000 0.000 0.000 0.000 0.000 0.000 0.000 0.000 0.000 0.000 0.000 0.000 0.000 0.000 0.000 0.000 0.000 0.000 0.000 0.000 0.000 0.000 0.000 0.000 0.000 0.000 0.000 0.000 0.000 0.000 0.000 0.000 0.000 0.000 0.000 0.000 0.000 0.000 0.000 0.000 0.000 0.000 0.000 0.000 0.000 0.000 0.000 0.000 0.000 0.000 0.000 0.000 0.000 0.000 0.000 0.000 0.000 0.000 0.000 0.000 0.000 0.000 0.000 0.000 0.000 0.000
0.000 0.000 0.000 0.000 0.000 0.000 0.000 0.000 0.000 0.000 0.000 0.000 0.000 0.000 0.000 0.000 0.000 0.000 0.000 0.000 0.000 0.000 0.000 0.000 0.000 0.000 0.000 0.000 0.000 0.000 0.000 0.000 0.000 0.000 0.000 0.000 0.000 0.000 0.000 0.000 0.000 0.000 0.000 0.000 0.000 0.000 0.000 0.000 0.000 0.000 0.000 0.000 0.000 0.000 0.000 0.000 0.000 0.000 0.000 0.000 0.000 0.000 0.000 0.000 0.000 0.000 0.000 0.000 0.000 0.000 0.000 0.000 0.000 0.000 0.000 0.000 0.000
0.000 0.000 0.000 0.000 0.000 0.000 0.000 0.000 0.000 0.000 0.000 0.000 0.000 0.000 0.000 0.000 0.000 0.000 0.000 0.000 0.000 0.000 0.000 0.000 0.000 0.000 0.000 0.000 0.000 0.000 0.000 0.000 0.000 0.000 0.000 0.000 0.000 0.000 0.000 0.000 0.000 0.000 0.000 0.000 0.000 0.000 0.000 0.000 0.000 0.000 0.000 0.000 0.000 0.000 0.000 0.000 0.000 0.000 0.000 0.000 0.000 0.000 0.000 0.000 0.000 0.000 0.000 0.000 0.000 0.000 0.000 0.000 0.000 0.000 0.000 0.000 0.000
0.001 0.001 0.000 0.000 0.000 0.000 0.000 0.000 0.000 0.000 0.000 0.000 0.000 0.000 0.000 0.000 0.000 0.000 0.000 0.000 0.000 0.000 0.000 0.000 0.000 0.000 0.000 0.000 0.000 0.000 0.000 0.000 0.000 0.000 0.000 0.000 0.000 0.000 0.000 0.000 0.000 0.000 0.000 0.000 0.000 0.000 0.000 0.000 0.000 0.000 0.000 0.000 0.000 0.000 0.000 0.000 0.000 0.000 0.000 0.000 0.000 0.000 0.000 0.000 0.000 0.000 0.000 0.000 0.000 0.000 0.000 0.000 0.000 0.000 0.000 0.000 0.000
0.002 0.002 0.001 0.001 0.001 0.001 0.001 0.001 0.001 0.000 0.000 0.000 0.000 0.000 0.000 0.000 0.000 0.000 0.000 0.000 0.000 0.000 0.000 0.000 0.000 0.000 0.000 0.000 0.000 0.000 0.000 0.000 0.000 0.000 0.000 0.000 0.000 0.000 0.000 0.000 0.000 0.000 0.000 0.000 0.000 0.000 0.000 0.000 0.000 0.000 0.000 0.000 0.000 0.000 0.000 0.000 0.000 0.000 0.000 0.000 0.000 0.000 0.000 0.000 0.000 0.000 0.000 0.000 0.000 0.000 0.000 0.000 0.000 0.000 0.000 0.000 0.000
0.004 0.003 0.003 0.003 0.002 0.002 0.002 0.002 0.001 0.001 0.001 0.001 0.001 0.001 0.000 0.000 0.000 0.000 0.000 0.000 0.000 0.000 0.000 0.000 0.000 0.000 0.000 0.000 0.000 0.000 0.000 0.000 0.000 0.000 0.000 0.000 0.000 0.000 0.000 0.000 0.000 0.000 0.000 0.000 0.000 0.000 0.000 0.001 0.001 0.001 0.001 0.001 0.001 0.001 0.001 0.001 0.001 0.001 0.001 0.001 0.001 0.001 0.001 0.001 0.001 0.001 0.001 0.001 0.001 0.001 0.001 0.001 0.001 0.000 0.000 0.000 0.000
0.006 0.006 0.005 0.004 0.004 0.004 0.003 0.003 0.003 0.002 0.002 0.002 0.002 0.001 0.001 0.001 0.001 0.001 0.000 0.000 0.000 0.000 0.000 0.000 0.000 0.000 0.000 0.000 0.000 0.000 0.000 0.000 0.000 0.000 0.000 0.000 0.000 0.000 0.000 0.000 0.000 0.000 0.000 0.000 0.000 0.001 0.001 0.002 0.002 0.003 0.003 0.003 0.003 0.003 0.003 0.003 0.003 0.003 0.003 0.003 0.003 0.003 0.003 0.003 0.003 0.003 0.003 0.003 0.003 0.002 0.002 0.002 0.002 0.002 0.001 0.001 0.001
0.010 0.009 0.008 0.007 0.006 0.005 0.005 0.005 0.004 0.004 0.004 0.003 0.003 0.003 0.002 0.002 0.002 0.002 0.001 0.001 0.001 0.001 0.001 0.000 0.000 0.000 0.000 0.000 0.000 0.000 0.000 0.000 0.000 0.000 0.000 0.000 0.000 0.000 0.000 0.000 0.000 0.000 0.000 0.001 0.001 0.002 0.003 0.004 0.005 0.006 0.006 0.006 0.006 0.006 0.006 0.006 0.006 0.006 0.006 0.005 0.005 0.005 0.005 0.005 0.005 0.005 0.005 0.005 0.005 0.005 0.005 0.004 0.004 0.003 0.003 0.002 0.002
0.015 0.013 0.011 0.010 0.009 0.008 0.007 0.007 0.006 0.006 0.005 0.005 0.005 0.004 0.004 0.004 0.003 0.003 0.003 0.002 0.002 0.002 0.002 0.002 0.001 0.001 0.001 0.001 0.001 0.001 0.001 0.001 0.001 0.001 0.001 0.001 0.001 0.001 0.001 0.001 0.001 0.001 0.001 0.002 0.003 0.004 0.006 0.008 0.009 0.010 0.010 0.011 0.011 0.011 0.011 0.011 0.011 0.010 0.010 0.009 0.009 0.009 0.009 0.009 0.009 0.009 0.009 0.009 0.009 0.009 0.008 0.007 0.006 0.005 0.004 0.004 0.003
0.025 0.020 0.017 0.014 0.012 0.011 0.010 0.009 0.009 0.008 0.008 0.007 0.007 0.007 0.006 0.006 0.006 0.005 0.005 0.004 0.004 0.004 0.003 0.003 0.003 0.003 0.002 0.002 0.002 0.002 0.002 0.002 0.002 0.002 0.002 0.002 0.002 0.002 0.002 0.002 0.003 0.003 0.004 0.005 0.006 0.008 0.010 0.012 0.014 0.015 0.016 0.017 0.017 0.017 0.017 0.017 0.017 0.016 0.015 0.015 0.014 0.014 0.014 0.014 0.014 0.014 0.015 0.015 0.015 0.014 0.013 0.011 0.009 0.008 0.006 0.005 0.004
0.046 0.034 0.026 0.021 0.018 0.015 0.014 0.013 0.012 0.011 0.011 0.010 0.010 0.009 0.009 0.009 0.008 0.008 0.007 0.007 0.006 0.006 0.005 0.005 0.005 0.005 0.004 0.004 0.004 0.004 0.004 0.004 0.004 0.004 0.004 0.004 0.004 0.004 0.005 0.005 0.006 0.006 0.007 0.009 0.010 0.012 0.015 0.018 0.020 0.023 0.024 0.025 0.026 0.026 0.026 0.026 0.025 0.024 0.023 0.022 0.022 0.021 0.021 0.021 0.021 0.022 0.023 0.023 0.023 0.022 0.020 0.016 0.013 0.011 0.009 0.008 0.006
0.100 0.067 0.046 0.034 0.027 0.023 0.020 0.018 0.016 0.015 0.015 0.014 0.013 0.013 0.012 0.012 0.011 0.011 0.010 0.010 0.009 0.009 0.008 0.008 0.007 0.007 0.007 0.007 0.006 0.006 0.006 0.006 0.006 0.006 0.006 0.007 0.007 0.007 0.008 0.009 0.009 0.011 0.012 0.014 0.016 0.018 0.021 0.025 0.029 0.032 0.035 0.037 0.039 0.039 0.039 0.039 0.038 0.037 0.036 0.035 0.033 0.032 0.031 0.031 0.032 0.034 0.036 0.037 0.037 0.034 0.030 0.023 0.018 0.015 0.012 0.010 0.009
0.253 0.157 0.098 0.066 0.048 0.037 0.031 0.026 0.024 0.022 0.020 0.019 0.018 0.018 0.017 0.016 0.016 0.015 0.014 0.014 0.013 0.012 0.012 0.011 0.011 0.010 0.010 0.010 0.010 0.010 0.010 0.010 0.010 0.010 0.010 0.010 0.011 0.011 0.012 0.013 0.014 0.016 0.018 0.020 0.022 0.026 0.029 0.034 0.039 0.044 0.049 0.053 0.057 0.059 0.060 0.060 0.059 0.058 0.057 0.055 0.052 0.050 0.049 0.049 0.050 0.055 0.060 0.062 0.062 0.057 0.047 0.034 0.025 0.020 0.016 0.013 0.011
0.654 0.407 0.242 0.148 0.098 0.070 0.054 0.043 0.037 0.032 0.030 0.028 0.026 0.025 0.024 0.023 0.022 0.021 0.020 0.019 0.018 0.017 0.016 0.015 0.015 0.014 0.014 0.014 0.014 0.014 0.014 0.014 0.014 0.014 0.014 0.014 0.015 0.016 0.017 0.018 0.020 0.022 0.025 0.028 0.031 0.035 0.040 0.046 0.053 0.060 0.068 0.076 0.084 0.090 0.093 0.094 0.094 0.093 0.091 0.089 0.086 0.082 0.081 0.081 0.084 0.095 0.107 0.112 0.111 0.103 0.080 0.053 0.036 0.026 0.020 0.017 0.014
1.419 0.953 0.594 0.363 0.228 0.152 0.108 0.081 0.064 0.053 0.047 0.042 0.039 0.037 0.035 0.033 0.031 0.029 0.028 0.026 0.025 0.023 0.022 0.021 0.020 0.019 0.019 0.019 0.018 0.018 0.018 0.018 0.018 0.019 0.019 0.020 0.021 0.022 0.023 0.025 0.028 0.031 0.034 0.038 0.042 0.048 0.054 0.062 0.071 0.083 0.096 0.111 0.126 0.138 0.146 0.150 0.152 0.151 0.150 0.147 0.144 0.142 0.141 0.143 0.151 0.175 0.203 0.214 0.214 0.195 0.148 0.090 0.055 0.037 0.027 0.021 0.018
2.524 1.831 1.237 0.816 0.533 0.351 0.238 0.169 0.125 0.097 0.081 0.071 0.065 0.060 0.056 0.052 0.048 0.045 0.041 0.039 0.036 0.033 0.031 0.029 0.027 0.026 0.025 0.025 0.024 0.024 0.024 0.024 0.025 0.025 0.026 0.026 0.028 0.029 0.032 0.035 0.038 0.043 0.047 0.053 0.059 0.066 0.074 0.085 0.098 0.116 0.140 0.167 0.193 0.214 0.231 0.241 0.246 0.247 0.246 0.246 0.245 0.246 0.249 0.258 0.281 0.331 0.394 0.421 0.418 0.381 0.288 0.169 0.094 0.055 0.036 0.027 0.022
3.783 2.955 2.156 1.542 1.084 0.751 0.517 0.359 0.255 0.190 0.151 0.130 0.117 0.108 0.100 0.091 0.083 0.076 0.069 0.063 0.056 0.050 0.045 0.042 0.039 0.037 0.035 0.034 0.033 0.032 0.032 0.032 0.032 0.033 0.034 0.035 0.037 0.040 0.044 0.049 0.054 0.061 0.067 0.075 0.083 0.093 0.104 0.120 0.141 0.172 0.213 0.260 0.301 0.335 0.362 0.378 0.384 0.383 0.382 0.383 0.384 0.388 0.396 0.413 0.448 0.517 0.619 0.691 0.712 0.676 0.542 0.329 0.170 0.090 0.053 0.036 0.028
4.937 4.113 3.258 2.498 1.877 1.381 1.000 0.717 0.514 0.379 0.297 0.251 0.225 0.207 0.191 0.175 0.159 0.142 0.127 0.113 0.099 0.085 0.074 0.065 0.059 0.054 0.050 0.047 0.045 0.043 0.043 0.043 0.043 0.044 0.045 0.047 0.051 0.057 0.063 0.071 0.080 0.090 0.100 0.111 0.123 0.136 0.153 0.176 0.210 0.263 0.335 0.407 0.465 0.504 0.521 0.519 0.506 0.495 0.489 0.487 0.486 0.489 0.496 0.514 0.551 0.619 0.730 0.839 0.892 0.890 0.797 0.567 0.303 0.151 0.080 0.050 0.036
5.992 5.185 4.366 3.562 2.840 2.218 1.702 1.291 0.974 0.745 0.594 0.503 0.449 0.412 0.380 0.349 0.316 0.283 0.252 0.222 0.193 0.162 0.134 0.111 0.096 0.084 0.076 0.069 0.064 0.061 0.060 0.059 0.060 0.061 0.063 0.068 0.075 0.084 0.096 0.111 0.126 0.141 0.157 0.172 0.188 0.206 0.230 0.266 0.323 0.411 0.511 0.581 0.619 0.632 0.623 0.594 0.564 0.548 0.541 0.538 0.536 0.536 0.541 0.555 0.585 0.645 0.749 0.874 0.950 0.971 0.929 0.763 0.475 0.242 0.124 0.071 0.048
6.977 6.189 5.410 4.630 3.884 3.205 2.610 2.108 1.702 1.391 1.168 1.014 0.909 0.830 0.759 0.691 0.628 0.569 0.512 0.457 0.400 0.333 0.265 0.210 0.171 0.143 0.124 0.110 0.100 0.093 0.090 0.089 0.089 0.091 0.097 0.106 0.118 0.135 0.158 0.184 0.210 0.234 0.255 0.275 0.295 0.319 0.356 0.413 0.493 0.579 0.645 0.682 0.694 0.686 0.655 0.607 0.572 0.555 0.549 0.546 0.544 0.544 0.546 0.557 0.583 0.634 0.725 0.853 0.946 0.979 0.966 0.867 0.635 0.354 0.183 0.101 0.064
7.926 7.166 6.436 5.712 4.994 4.316 3.706 3.177 2.737 2.390 2.123 1.915 1.747 1.597 1.446 1.305 1.189 1.089 0.994 0.897 0.787 0.653 0.512 0.399 0.316 0.257 0.217 0.188 0.167 0.154 0.148 0.146 0.146 0.151 0.162 0.178 0.203 0.237 0.280 0.323 0.361 0.393 0.420 0.443 0.467 0.499 0.547 0.595 0.638 0.673 0.697 0.707 0.706 0.688 0.643 0.586 0.548 0.530 0.524 0.522 0.522 0.522 0.526 0.535 0.553 0.589 0.657 0.775 0.894 0.950 0.954 0.902 0.741 0.473 0.256 0.141 0.088
8.888 8.160 7.486 6.839 6.193 5.553 4.977 4.479 4.069 3.739 3.466 3.227 3.005 2.777 2.522 2.267 2.063 1.897 1.738 1.572 1.376 1.136 0.891 0.695 0.549 0.446 0.376 0.328 0.296 0.276 0.265 0.262 0.263 0.272 0.289 0.318 0.364 0.433 0.502 0.560 0.608 0.644 0.671 0.689 0.702 0.709 0.714 0.709 0.702 0.698 0.697 0.695 0.683 0.648 0.584 0.520 0.479 0.458 0.452 0.451 0.453 0.458 0.466 0.475 0.487 0.507 0.548 0.639 0.778 0.876 0.908 0.889 0.793 0.588 0.344 0.194 0.120
9.935 9.272 8.667 8.104 7.547 6.966 6.445 6.020 5.673 5.388 5.140 4.902 4.653 4.367 4.025 3.651 3.312 3.022 2.748 2.465 2.144 1.764 1.393 1.092 0.866 0.708 0.607 0.545 0.509 0.488 0.478 0.476 0.481 0.496 0.522 0.566 0.645 0.749 0.829 0.877 0.901 0.910 0.908 0.895 0.872 0.838 0.790 0.742 0.707 0.682 0.659 0.634 0.597 0.538 0.460 0.396 0.357 0.338 0.332 0.333 0.339 0.349 0.361 0.371 0.379 0.387 0.407 0.466 0.601 0.756 0.833 0.846 0.805 0.672 0.448 0.265 0.165
11.161 10.652 10.165 9.701 9.238 8.745 8.301 7.950 7.658 7.407 7.178 6.951 6.700 6.395 6.009 5.543 5.038 4.538 4.051 3.568 3.063 2.513 2.001 1.578 1.255 1.030 0.895 0.830 0.807 0.798 0.799 0.807 0.819 0.837 0.863 0.903 0.970 1.045 1.086 1.098 1.087 1.062 1.028 0.988 0.940 0.877 0.799 0.726 0.665 0.609 0.552 0.490 0.422 0.350 0.289 0.251 0.231 0.224 0.224 0.227 0.234 0.241 0.249 0.256 0.263 0.270 0.286 0.328 0.427 0.597 0.732 0.782 0.778 0.713 0.559 0.367 0.232
