RESULTS/r.avaflow_results/23_results/23_ascii/23_hflow10015.asc
ncols 506
nrows 317
xllcenter 498237.50
yllcenter 5580050.00
cellsize 12.50
NODATA_value -9999.000
[rows 170 to 203 of 317, columns 77 to 153 of 506]
0.000 0.000 0.000 0.000 0.000 0.000 0.000 0.000 0.000 0.000 0.000 0.000 0.000 0.000 0.001 0.002 0.004 0.006 0.011 0.019 0.035 0.071 0.152 0.311 0.558 0.775 0.908 1.001 1.086 1.169 1.252 1.336 1.426 1.526 1.643 1.789 1.979 2.228 2.555 2.982 3.529 4.214 4.915 5.439 5.788 6.013 6.191 6.435 6.882 7.579 8.481 9.560 10.775 11.874 12.590 12.957 13.259 13.633 13.995 14.199 14.274 14.289 14.216 13.998 13.544 12.843 11.812 10.528 9.036 7.633 6.408 5.326 4.371 3.553 2.879 2.338 1.916
0.000 0.000 0.000 0.000 0.000 0.000 0.000 0.000 0.000 0.000 0.000 0.000 0.000 0.001 0.003 0.006 0.011 0.019 0.032 0.054 0.094 0.174 0.329 0.582 0.878 1.082 1.210 1.314 1.409 1.501 1.592 1.685 1.782 1.892 2.025 2.194 2.412 2.703 3.089 3.593 4.235 5.033 5.904 6.625 7.132 7.540 7.879 8.292 8.859 9.563 10.338 11.197 12.049 12.720 13.142 13.442 13.764 14.173 14.544 14.758 14.838 14.837 14.748 14.472 13.984 13.220 12.119 10.774 9.263 7.945 6.834 5.875 5.027 4.280 3.616 3.049 2.585
0.000 0.000 0.000 0.000 0.000 0.000 0.000 0.000 0.000 0.000 0.000 0.000 0.001 0.003 0.007 0.014 0.026 0.043 0.072 0.118 0.197 0.334 0.551 0.848 1.149 1.368 1.529 1.655 1.764 1.865 1.960 2.053 2.147 2.250 2.378 2.548 2.780 3.100 3.532 4.104 4.840 5.751 6.778 7.678 8.349 8.908 9.391 9.936 10.553 11.194 11.809 12.395 12.849 13.184 13.438 13.688 14.016 14.444 14.823 15.029 15.101 15.088 14.984 14.706 14.213 13.408 12.280 10.874 9.382 8.136 7.126 6.275 5.547 4.922 4.367 3.876 3.427
0.000 0.000 0.000 0.000 0.000 0.000 0.000 0.000 0.000 0.000 0.000 0.000 0.002 0.006 0.012 0.024 0.041 0.070 0.115 0.184 0.293 0.460 0.700 1.011 1.349 1.626 1.839 1.996 2.118 2.217 2.305 2.387 2.470 2.562 2.677 2.837 3.075 3.418 3.887 4.514 5.342 6.377 7.568 8.597 9.403 10.078 10.686 11.292 11.875 12.385 12.835 13.172 13.353 13.493 13.629 13.793 14.092 14.507 14.887 15.100 15.166 15.159 15.048 14.752 14.248 13.442 12.321 10.906 9.429 8.227 7.278 6.507 5.883 5.372 4.936 4.558 4.212
0.000 0.000 0.000 0.000 0.000 0.000 0.000 0.000 0.000 0.000 0.000 0.000 0.002 0.007 0.016 0.030 0.052 0.087 0.141 0.225 0.350 0.534 0.787 1.117 1.510 1.858 2.123 2.315 2.449 2.542 2.617 2.688 2.758 2.832 2.926 3.077 3.309 3.659 4.157 4.832 5.735 6.896 8.238 9.377 10.299 11.061 11.728 12.325 12.811 13.177 13.453 13.606 13.654 13.676 13.714 13.823 14.087 14.492 14.887 15.093 15.156 15.145 15.034 14.742 14.240 13.425 12.307 10.892 9.431 8.248 7.324 6.603 6.055 5.641 5.311 5.036 4.784
0.000 0.000 0.000 0.000 0.000 0.000 0.000 0.000 0.000 0.000 0.000 0.000 0.002 0.008 0.018 0.033 0.058 0.097 0.158 0.250 0.386 0.581 0.851 1.207 1.652 2.072 2.389 2.613 2.760 2.852 2.913 2.965 3.016 3.068 3.139 3.271 3.488 3.833 4.350 5.066 6.045 7.335 8.808 10.046 11.039 11.845 12.506 13.044 13.428 13.674 13.794 13.842 13.824 13.757 13.739 13.798 14.010 14.382 14.776 14.984 15.042 15.030 14.921 14.622 14.110 13.316 12.224 10.810 9.376 8.221 7.311 6.618 6.111 5.761 5.514 5.324 5.154
0.000 0.000 0.000 0.000 0.000 0.000 0.000 0.000 0.000 0.000 0.000 0.000 0.003 0.008 0.018 0.035 0.061 0.103 0.168 0.267 0.412 0.620 0.908 1.293 1.788 2.276 2.643 2.897 3.057 3.149 3.198 3.226 3.250 3.277 3.328 3.434 3.630 3.960 4.481 5.235 6.289 7.688 9.285 10.616 11.648 12.451 13.055 13.525 13.809 13.959 14.014 13.999 13.906 13.764 13.715 13.723 13.833 14.116 14.500 14.702 14.765 14.747 14.621 14.323 13.803 13.021 11.941 10.554 9.184 8.091 7.230 6.578 6.102 5.780 5.576 5.450 5.359
0.000 0.000 0.000 0.000 0.000 0.000 0.000 0.000 0.000 0.000 0.000 0.000 0.003 0.008 0.019 0.035 0.062 0.106 0.174 0.279 0.434 0.655 0.963 1.379 1.922 2.476 2.894 3.179 3.349 3.437 3.472 3.479 3.471 3.471 3.497 3.573 3.740 4.051 4.568 5.356 6.480 7.987 9.691 11.065 12.103 12.877 13.418 13.806 14.021 14.101 14.112 14.061 13.923 13.722 13.594 13.543 13.560 13.725 14.051 14.227 14.260 14.227 14.073 13.762 13.244 12.451 11.380 10.057 8.801 7.803 7.025 6.441 6.023 5.746 5.575 5.486 5.446
0.000 0.000 0.000 0.000 0.000 0.000 0.000 0.000 0.000 0.000 0.000 0.000 0.003 0.008 0.018 0.035 0.062 0.106 0.176 0.286 0.451 0.687 1.018 1.466 2.057 2.678 3.147 3.460 3.639 3.720 3.743 3.737 3.697 3.655 3.652 3.694 3.829 4.118 4.630 5.444 6.624 8.226 10.021 11.422 12.458 13.180 13.647 13.951 14.111 14.155 14.141 14.073 13.891 13.611 13.364 13.212 13.159 13.216 13.401 13.505 13.506 13.437 13.244 12.883 12.325 11.522 10.472 9.249 8.164 7.304 6.647 6.166 5.833 5.627 5.516 5.467 5.457
0.000 0.000 0.000 0.000 0.000 0.000 0.000 0.000 0.000 0.000 0.000 0.000 0.002 0.008 0.017 0.033 0.060 0.103 0.175 0.289 0.464 0.718 1.072 1.554 2.194 2.886 3.407 3.746 3.935 4.012 4.026 4.012 3.938 3.836 3.794 3.806 3.911 4.176 4.677 5.499 6.724 8.393 10.252 11.684 12.686 13.351 13.768 14.005 14.111 14.146 14.138 14.053 13.812 13.422 13.027 12.745 12.595 12.552 12.575 12.563 12.491 12.329 12.056 11.631 11.029 10.205 9.180 8.130 7.262 6.584 6.079 5.729 5.511 5.397 5.356 5.365 5.408
0.000 0.000 0.000 0.000 0.000 0.000 0.000 0.000 0.000 0.000 0.000 0.000 0.002 0.006 0.014 0.029 0.053 0.094 0.165 0.282 0.467 0.742 1.125 1.643 2.333 3.099 3.680 4.051 4.250 4.329 4.340 4.314 4.198 4.024 3.929 3.918 3.989 4.229 4.718 5.543 6.792 8.507 10.400 11.847 12.834 13.449 13.808 14.011 14.114 14.125 14.101 13.961 13.652 13.168 12.608 12.170 11.888 11.714 11.568 11.412 11.213 10.922 10.535 10.009 9.327 8.458 7.515 6.714 6.109 5.659 5.338 5.140 5.044 5.019 5.050 5.131 5.264
0.000 0.000 0.000 0.000 0.000 0.000 0.000 0.000 0.000 0.000 0.000 0.000 0.001 0.004 0.009 0.019 0.038 0.071 0.132 0.246 0.442 0.745 1.172 1.738 2.482 3.330 3.979 4.394 4.612 4.693 4.703 4.656 4.493 4.232 4.072 4.029 4.068 4.276 4.745 5.570 6.837 8.591 10.503 11.950 12.910 13.486 13.806 13.976 14.050 14.041 13.989 13.800 13.415 12.823 12.102 11.520 11.084 10.751 10.454 10.148 9.802 9.381 8.864 8.236 7.481 6.626 5.847 5.258 4.855 4.611 4.478 4.420 4.421 4.470 4.577 4.749 4.992
0.000 0.000 0.000 0.000 0.000 0.000 0.000 0.000 0.000 0.000 0.000 0.000 0.000 0.001 0.004 0.008 0.017 0.035 0.074 0.166 0.360 0.698 1.196 1.837 2.656 3.598 4.328 4.799 5.045 5.130 5.133 5.061 4.846 4.494 4.249 4.166 4.177 4.341 4.779 5.594 6.867 8.636 10.533 11.971 12.916 13.485 13.777 13.880 13.909 13.893 13.758 13.497 13.043 12.366 11.531 10.831 10.265 9.805 9.392 8.982 8.535 8.022 7.426 6.738 5.953 5.171 4.526 4.055 3.762 3.619 3.581 3.597 3.657 3.771 3.954 4.218 4.570
0.000 0.000 0.000 0.000 0.000 0.000 0.000 0.000 0.000 0.000 0.000 0.000 0.000 0.001 0.001 0.002 0.005 0.011 0.028 0.079 0.233 0.583 1.160 1.927 2.872 3.924 4.748 5.286 5.567 5.657 5.653 5.560 5.294 4.845 4.496 4.361 4.344 4.456 4.844 5.629 6.889 8.672 10.559 11.964 12.881 13.405 13.647 13.732 13.728 13.645 13.437 13.077 12.523 11.771 10.874 10.096 9.449 8.901 8.405 7.916 7.403 6.841 6.214 5.513 4.753 4.058 3.492 3.079 2.825 2.712 2.694 2.723 2.816 2.980 3.228 3.573 4.020
0.000 0.000 0.000 0.000 0.000 0.000 0.000 0.000 0.000 0.000 0.000 0.000 0.000 0.000 0.001 0.001 0.001 0.003 0.008 0.031 0.127 0.434 1.064 1.982 3.114 4.323 5.261 5.878 6.201 6.307 6.301 6.186 5.873 5.321 4.848 4.642 4.598 4.676 4.994 5.711 6.927 8.691 10.548 11.887 12.762 13.248 13.452 13.493 13.458 13.291 12.968 12.459 11.773 10.973 10.093 9.293 8.607 8.006 7.458 6.923 6.376 5.799 5.178 4.504 3.806 3.181 2.662 2.269 2.007 1.868 1.822 1.838 1.928 2.125 2.437 2.863 3.397
0.000 0.000 0.000 0.000 0.000 0.000 0.000 0.000 0.000 0.000 0.000 0.000 0.000 0.000 0.000 0.000 0.001 0.001 0.003 0.012 0.065 0.296 0.903 1.928 3.295 4.786 5.898 6.602 6.981 7.115 7.120 6.995 6.628 5.962 5.349 5.053 4.979 5.027 5.285 5.917 7.048 8.727 10.498 11.731 12.533 12.956 13.125 13.139 13.071 12.818 12.352 11.662 10.785 9.933 9.125 8.380 7.704 7.081 6.507 5.958 5.412 4.853 4.272 3.657 3.025 2.447 1.950 1.549 1.253 1.061 0.955 0.923 0.959 1.126 1.483 2.017 2.666
0.000 0.000 0.000 0.000 0.000 0.000 0.000 0.000 0.000 0.000 0.000 0.000 0.000 0.000 0.000 0.000 0.001 0.001 0.001 0.005 0.029 0.172 0.680 1.745 3.337 5.192 6.594 7.446 7.884 8.029 8.028 7.880 7.460 6.717 6.010 5.632 5.519 5.539 5.737 6.277 7.278 8.786 10.379 11.484 12.165 12.495 12.608 12.611 12.486 12.121 11.484 10.600 9.555 8.663 7.939 7.292 6.675 6.078 5.523 4.993 4.479 3.968 3.449 2.906 2.325 1.763 1.262 0.857 0.579 0.415 0.333 0.306 0.312 0.383 0.580 0.949 1.502
0.000 0.000 0.000 0.000 0.000 0.000 0.000 0.000 0.000 0.000 0.000 0.000 0.000 0.000 0.000 0.000 0.001 0.001 0.001 0.002 0.011 0.076 0.405 1.360 3.115 5.394 7.138 8.167 8.637 8.779 8.762 8.556 8.073 7.333 6.705 6.356 6.229 6.229 6.376 6.815 7.652 8.898 10.200 11.119 11.666 11.911 11.962 11.905 11.667 11.171 10.358 9.253 8.116 7.216 6.526 5.966 5.447 4.931 4.439 3.981 3.540 3.108 2.671 2.188 1.604 1.031 0.594 0.322 0.180 0.118 0.099 0.097 0.102 0.119 0.169 0.282 0.479
0.000 0.000 0.000 0.000 0.000 0.000 0.000 0.000 0.000 0.000 0.000 0.000 0.000 0.000 0.000 0.000 0.001 0.001 0.001 0.002 0.006 0.031 0.169 0.786 2.435 5.119 7.373 8.646 9.182 9.288 9.229 8.967 8.431 7.731 7.229 6.975 6.904 6.918 7.064 7.432 8.068 8.986 9.956 10.629 10.993 11.117 11.102 10.974 10.624 9.973 8.964 7.655 6.502 5.640 4.996 4.499 4.064 3.657 3.274 2.920 2.584 2.243 1.847 1.336 0.791 0.394 0.180 0.093 0.068 0.063 0.065 0.070 0.078 0.088 0.097 0.112 0.141
0.000 0.000 0.000 0.000 0.000 0.000 0.000 0.000 0.000 0.000 0.000 0.000 0.000 0.000 0.001 0.001 0.001 0.001 0.002 0.003 0.008 0.027 0.092 0.344 1.356 3.874 6.943 8.694 9.384 9.521 9.448 9.145 8.579 7.943 7.549 7.390 7.366 7.410 7.573 7.879 8.313 8.923 9.563 9.979 10.167 10.192 10.103 9.854 9.351 8.516 7.289 5.963 4.952 4.220 3.676 3.252 2.891 2.562 2.253 1.958 1.650 1.297 0.904 0.517 0.240 0.104 0.063 0.056 0.055 0.056 0.059 0.067 0.076 0.086 0.094 0.099 0.102
0.000 0.000 0.000 0.000 0.000 0.000 0.000 0.000 0.000 0.000 0.001 0.001 0.001 0.001 0.001 0.002 0.002 0.002 0.003 0.006 0.016 0.044 0.114 0.285 0.705 2.046 4.905 7.626 8.964 9.389 9.373 9.122 8.597 8.009 7.695 7.604 7.611 7.703 7.872 8.096 8.373 8.704 8.981 9.142 9.188 9.143 8.956 8.571 7.906 6.898 5.604 4.480 3.646 3.048 2.610 2.266 1.975 1.706 1.441 1.170 0.871 0.563 0.299 0.136 0.072 0.057 0.053 0.051 0.051 0.053 0.058 0.066 0.076 0.086 0.095 0.099 0.099
0.000 0.000 0.000 0.000 0.000 0.000 0.000 0.001 0.001 0.001 0.001 0.001 0.002 0.002 0.002 0.003 0.003 0.004 0.006 0.013 0.036 0.097 0.226 0.449 0.730 1.152 2.270 4.548 6.868 8.218 8.667 8.671 8.381 7.933 7.714 7.662 7.687 7.821 7.983 8.130 8.234 8.241 8.180 8.132 8.087 7.992 7.714 7.195 6.409 5.348 4.172 3.255 2.594 2.124 1.784 1.517 1.285 1.068 0.847 0.605 0.367 0.187 0.090 0.060 0.057 0.054 0.051 0.049 0.049 0.051 0.057 0.066 0.077 0.086 0.094 0.097 0.097
0.000 0.000 0.000 0.000 0.000 0.001 0.001 0.001 0.001 0.001 0.002 0.002 0.003 0.003 0.004 0.004 0.005 0.006 0.010 0.026 0.076 0.206 0.475 0.806 1.011 1.089 1.214 1.770 3.225 5.110 6.632 7.316 7.521 7.495 7.501 7.504 7.542 7.662 7.739 7.694 7.534 7.208 6.925 6.781 6.716 6.618 6.311 5.737 4.940 3.942 2.974 2.256 1.757 1.411 1.160 0.961 0.782 0.609 0.428 0.251 0.127 0.069 0.055 0.055 0.055 0.053 0.050 0.048 0.048 0.050 0.057 0.068 0.079 0.088 0.094 0.095 0.094
0.000 0.000 0.000 0.001 0.001 0.001 0.001 0.002 0.002 0.002 0.002 0.003 0.004 0.004 0.005 0.005 0.006 0.008 0.017 0.048 0.148 0.407 0.800 1.067 1.158 1.155 1.041 0.805 0.922 1.692 3.153 4.638 5.667 6.226 6.450 6.461 6.385 6.272 6.060 5.672 5.146 4.595 4.253 4.156 4.207 4.303 4.238 3.931 3.365 2.616 1.933 1.444 1.101 0.863 0.689 0.548 0.415 0.284 0.164 0.084 0.053 0.050 0.053 0.054 0.054 0.052 0.049 0.047 0.047 0.051 0.058 0.070 0.082 0.091 0.095 0.096 0.094
0.000 0.001 0.001 0.001 0.002 0.002 0.002 0.002 0.003 0.003 0.004 0.004 0.005 0.005 0.005 0.005 0.006 0.010 0.026 0.086 0.265 0.673 1.046 1.174 1.186 1.118 0.877 0.522 0.351 0.379 0.782 1.609 2.581 3.250 3.458 3.390 3.147 2.784 2.373 1.994 1.641 1.363 1.215 1.193 1.243 1.371 1.494 1.563 1.492 1.283 1.006 0.759 0.570 0.430 0.324 0.237 0.157 0.089 0.047 0.035 0.041 0.048 0.052 0.053 0.053 0.050 0.047 0.046 0.047 0.051 0.061 0.074 0.086 0.094 0.097 0.097 0.095
0.001 0.001 0.002 0.002 0.002 0.003 0.003 0.004 0.004 0.004 0.005 0.005 0.005 0.005 0.005 0.005 0.006 0.014 0.044 0.151 0.456 0.908 1.138 1.185 1.134 0.894 0.555 0.322 0.236 0.213 0.219 0.365 0.707 0.938 0.976 0.952 0.874 0.736 0.564 0.441 0.366 0.322 0.305 0.301 0.296 0.292 0.286 0.307 0.343 0.361 0.325 0.258 0.189 0.135 0.093 0.059 0.034 0.021 0.021 0.029 0.041 0.048 0.051 0.051 0.051 0.049 0.046 0.046 0.047 0.054 0.066 0.081 0.091 0.099 0.102 0.102 0.099
0.002 0.002 0.002 0.003 0.003 0.004 0.004 0.005 0.005 0.005 0.005 0.005 0.005 0.005 0.005 0.005 0.008 0.023 0.080 0.265 0.676 1.019 1.127 1.109 0.880 0.533 0.313 0.230 0.202 0.198 0.208 0.247 0.367 0.472 0.497 0.502 0.488 0.430 0.330 0.270 0.248 0.244 0.245 0.245 0.237 0.210 0.153 0.099 0.072 0.063 0.059 0.049 0.035 0.024 0.016 0.012 0.011 0.013 0.019 0.029 0.041 0.047 0.050 0.050 0.049 0.047 0.046 0.046 0.050 0.059 0.074 0.088 0.098 0.105 0.108 0.108 0.106
0.003 0.003 0.003 0.004 0.005 0.005 0.006 0.006 0.006 0.006 0.005 0.005 0.005 0.005 0.005 0.006 0.012 0.042 0.153 0.450 0.828 1.004 1.021 0.838 0.514 0.306 0.229 0.201 0.193 0.194 0.214 0.267 0.372 0.451 0.471 0.468 0.444 0.377 0.286 0.244 0.234 0.236 0.240 0.240 0.231 0.199 0.138 0.083 0.052 0.035 0.026 0.019 0.014 0.011 0.009 0.009 0.010 0.013 0.019 0.031 0.042 0.047 0.049 0.049 0.048 0.046 0.046 0.047 0.053 0.065 0.083 0.098 0.108 0.116 0.119 0.120 0.116
0.004 0.004 0.005 0.005 0.007 0.007 0.007 0.007 0.007 0.006 0.005 0.005 0.005 0.005 0.005 0.008 0.022 0.082 0.280 0.629 0.861 0.910 0.782 0.503 0.311 0.236 0.204 0.191 0.189 0.195 0.222 0.294 0.395 0.446 0.459 0.454 0.421 0.341 0.260 0.230 0.227 0.233 0.239 0.237 0.225 0.190 0.128 0.076 0.049 0.033 0.023 0.017 0.012 0.010 0.009 0.009 0.010 0.013 0.021 0.033 0.043 0.048 0.049 0.049 0.048 0.047 0.047 0.049 0.058 0.073 0.094 0.111 0.123 0.131 0.135 0.135 0.130
0.006 0.007 0.007 0.008 0.009 0.009 0.009 0.008 0.007 0.006 0.006 0.005 0.005 0.005 0.006 0.013 0.044 0.155 0.429 0.702 0.790 0.746 0.532 0.327 0.247 0.212 0.194 0.187 0.187 0.198 0.233 0.314 0.405 0.437 0.444 0.438 0.397 0.304 0.237 0.218 0.218 0.229 0.237 0.236 0.222 0.181 0.117 0.072 0.046 0.032 0.023 0.016 0.012 0.010 0.009 0.009 0.010 0.014 0.022 0.035 0.045 0.049 0.050 0.050 0.049 0.049 0.050 0.055 0.066 0.085 0.109 0.128 0.143 0.152 0.154 0.152 0.143
0.010 0.010 0.010 0.011 0.011 0.011 0.009 0.008 0.007 0.006 0.006 0.006 0.006 0.007 0.010 0.025 0.085 0.268 0.538 0.668 0.675 0.566 0.370 0.265 0.223 0.201 0.190 0.185 0.188 0.203 0.245 0.333 0.409 0.432 0.432 0.418 0.361 0.269 0.221 0.210 0.214 0.229 0.236 0.234 0.217 0.172 0.108 0.067 0.044 0.031 0.023 0.016 0.012 0.010 0.009 0.009 0.010 0.014 0.023 0.037 0.047 0.052 0.053 0.052 0.052 0.052 0.055 0.062 0.077 0.102 0.130 0.150 0.163 0.169 0.169 0.162 0.148
0.016 0.016 0.015 0.015 0.014 0.012 0.010 0.008 0.008 0.007 0.007 0.008 0.009 0.011 0.020 0.049 0.146 0.374 0.569 0.614 0.573 0.419 0.286 0.233 0.206 0.192 0.186 0.185 0.189 0.207 0.256 0.349 0.411 0.426 0.425 0.398 0.324 0.239 0.205 0.200 0.208 0.227 0.234 0.231 0.211 0.162 0.100 0.062 0.041 0.030 0.022 0.016 0.012 0.009 0.009 0.009 0.010 0.015 0.025 0.039 0.049 0.053 0.054 0.055 0.055 0.056 0.060 0.071 0.092 0.123 0.154 0.172 0.180 0.181 0.176 0.163 0.146
0.024 0.023 0.021 0.018 0.015 0.012 0.010 0.009 0.009 0.009 0.009 0.011 0.015 0.021 0.036 0.081 0.211 0.431 0.538 0.545 0.466 0.320 0.246 0.214 0.195 0.185 0.182 0.183 0.191 0.212 0.265 0.358 0.411 0.423 0.418 0.383 0.295 0.219 0.194 0.192 0.202 0.223 0.230 0.226 0.206 0.154 0.093 0.057 0.039 0.028 0.020 0.015 0.011 0.009 0.008 0.009 0.010 0.016 0.027 0.041 0.050 0.054 0.056 0.057 0.059 0.062 0.069 0.086 0.116 0.150 0.173 0.187 0.190 0.186 0.175 0.155 0.128
0.029 0.027 0.024 0.019 0.015 0.013 0.011 0.010 0.011 0.012 0.014 0.017 0.021 0.028 0.049 0.111 0.270 0.445 0.496 0.476 0.369 0.266 0.224 0.200 0.186 0.179 0.178 0.181 0.190 0.216 0.277 0.366 0.409 0.420 0.413 0.364 0.264 0.202 0.186 0.186 0.200 0.222 0.228 0.223 0.199 0.144 0.085 0.052 0.036 0.026 0.019 0.014 0.010 0.009 0.008 0.008 0.011 0.017 0.030 0.045 0.053 0.057 0.059 0.061 0.063 0.069 0.081 0.105 0.141 0.171 0.186 0.193 0.193 0.185 0.161 0.121 0.081
