RESULTS/r.avaflow_results/23_results/23_ascii/23_hflow10041.asc
ncols 506
nrows 317
xllcenter 498237.50
yllcenter 5580050.00
cellsize 12.50
NODATA_value -9999.000
[rows 204 to 237 of 317, columns 77 to 153 of 506]
0.010 0.009 0.007 0.005 0.004 0.003 0.003 0.003 0.003 0.003 0.003 0.003 0.003 0.003 0.003 0.004 0.006 0.011 0.020 0.041 0.093 0.198 0.349 0.478 0.562 0.609 0.637 0.659 0.685 0.721 0.751 0.765 0.765 0.750 0.714 0.679 0.666 0.668 0.683 0.712 0.761 0.819 0.850 0.850 0.811 0.711 0.551 0.371 0.231 0.133 0.071 0.035 0.016 0.007 0.003 0.002 0.001 0.001 0.001 0.001 0.001 0.002 0.002 0.002 0.002 0.002 0.003 0.004 0.005 0.005 0.005 0.005 0.006 0.007 0.010 0.019 0.040
0.011 0.009 0.007 0.005 0.004 0.004 0.003 0.003 0.003 0.003 0.003 0.003 0.003 0.003 0.003 0.004 0.006 0.011 0.016 0.021 0.033 0.063 0.122 0.191 0.242 0.274 0.294 0.310 0.325 0.339 0.346 0.346 0.339 0.322 0.292 0.264 0.250 0.246 0.248 0.259 0.284 0.321 0.350 0.362 0.357 0.324 0.250 0.156 0.089 0.048 0.025 0.012 0.006 0.003 0.002 0.001 0.001 0.001 0.001 0.001 0.002 0.002 0.002 0.002 0.002 0.003 0.003 0.004 0.005 0.005 0.005 0.005 0.006 0.007 0.011 0.022 0.048
0.011 0.009 0.007 0.006 0.005 0.004 0.004 0.003 0.003 0.003 0.002 0.002 0.002 0.002 0.003 0.004 0.007 0.011 0.015 0.016 0.018 0.022 0.035 0.058 0.079 0.093 0.103 0.111 0.118 0.122 0.123 0.122 0.117 0.109 0.095 0.081 0.075 0.073 0.073 0.076 0.084 0.099 0.113 0.119 0.120 0.113 0.089 0.052 0.029 0.015 0.008 0.004 0.002 0.001 0.001 0.001 0.001 0.001 0.001 0.002 0.002 0.002 0.002 0.002 0.002 0.003 0.003 0.004 0.005 0.005 0.005 0.005 0.005 0.006 0.011 0.024 0.051
0.012 0.009 0.008 0.006 0.005 0.005 0.004 0.004 0.003 0.003 0.002 0.002 0.002 0.002 0.003 0.004 0.007 0.012 0.014 0.015 0.014 0.013 0.015 0.019 0.024 0.028 0.031 0.033 0.036 0.040 0.041 0.042 0.041 0.039 0.035 0.029 0.025 0.023 0.023 0.023 0.025 0.030 0.034 0.035 0.035 0.033 0.026 0.016 0.008 0.005 0.003 0.001 0.001 0.001 0.001 0.001 0.001 0.001 0.002 0.002 0.002 0.002 0.002 0.002 0.003 0.003 0.003 0.004 0.004 0.004 0.004 0.004 0.004 0.006 0.011 0.024 0.050
0.014 0.011 0.009 0.007 0.006 0.005 0.004 0.004 0.003 0.002 0.002 0.002 0.002 0.002 0.003 0.004 0.008 0.012 0.014 0.014 0.013 0.011 0.011 0.011 0.012 0.013 0.013 0.015 0.017 0.020 0.023 0.024 0.024 0.024 0.021 0.017 0.014 0.012 0.012 0.012 0.012 0.013 0.014 0.014 0.012 0.011 0.008 0.005 0.003 0.002 0.001 0.001 0.001 0.001 0.001 0.001 0.001 0.001 0.002 0.002 0.002 0.002 0.002 0.003 0.003 0.003 0.003 0.004 0.004 0.004 0.003 0.003 0.003 0.005 0.010 0.021 0.044
0.018 0.013 0.011 0.009 0.007 0.006 0.005 0.004 0.003 0.002 0.002 0.002 0.002 0.002 0.003 0.005 0.009 0.012 0.013 0.013 0.012 0.011 0.010 0.010 0.010 0.010 0.011 0.011 0.014 0.017 0.020 0.021 0.021 0.021 0.018 0.014 0.011 0.010 0.010 0.010 0.010 0.010 0.010 0.009 0.008 0.006 0.004 0.003 0.002 0.002 0.001 0.001 0.001 0.001 0.001 0.001 0.001 0.001 0.002 0.002 0.002 0.002 0.003 0.003 0.003 0.003 0.003 0.003 0.003 0.003 0.003 0.002 0.002 0.003 0.007 0.015 0.030
0.024 0.018 0.014 0.011 0.008 0.006 0.005 0.004 0.003 0.002 0.002 0.002 0.002 0.002 0.003 0.005 0.009 0.012 0.012 0.012 0.011 0.010 0.010 0.010 0.010 0.010 0.010 0.011 0.014 0.018 0.020 0.021 0.021 0.020 0.017 0.013 0.010 0.009 0.009 0.009 0.010 0.010 0.010 0.009 0.007 0.005 0.003 0.002 0.002 0.001 0.001 0.001 0.001 0.001 0.001 0.001 0.001 0.002 0.002 0.002 0.003 0.003 0.003 0.003 0.003 0.003 0.003 0.003 0.003 0.003 0.002 0.001 0.001 0.001 0.003 0.007 0.014
0.033 0.026 0.019 0.014 0.011 0.008 0.005 0.004 0.003 0.002 0.002 0.002 0.002 0.002 0.003 0.006 0.010 0.011 0.012 0.011 0.010 0.010 0.010 0.010 0.010 0.010 0.011 0.012 0.015 0.019 0.020 0.021 0.020 0.019 0.015 0.012 0.010 0.009 0.009 0.009 0.010 0.010 0.010 0.009 0.007 0.004 0.003 0.002 0.002 0.001 0.001 0.001 0.001 0.001 0.001 0.001 0.001 0.002 0.002 0.003 0.003 0.003 0.003 0.003 0.003 0.003 0.003 0.003 0.003 0.003 0.002 0.001 0.001 0.001 0.001 0.003 0.005
0.043 0.036 0.028 0.020 0.014 0.010 0.007 0.005 0.003 0.003 0.002 0.002 0.002 0.002 0.004 0.007 0.010 0.011 0.011 0.010 0.010 0.010 0.010 0.011 0.011 0.011 0.012 0.013 0.016 0.019 0.020 0.021 0.020 0.018 0.014 0.011 0.009 0.009 0.009 0.009 0.010 0.010 0.010 0.009 0.007 0.004 0.003 0.002 0.002 0.001 0.001 0.001 0.001 0.001 0.001 0.001 0.001 0.002 0.002 0.003 0.003 0.002 0.002 0.002 0.003 0.003 0.003 0.003 0.003 0.002 0.001 0.001 0.001 0.001 0.001 0.001 0.002
0.051 0.045 0.038 0.029 0.020 0.014 0.009 0.006 0.004 0.003 0.003 0.003 0.003 0.003 0.004 0.007 0.009 0.010 0.010 0.010 0.010 0.010 0.011 0.012 0.012 0.012 0.013 0.014 0.017 0.020 0.021 0.021 0.020 0.017 0.013 0.010 0.009 0.008 0.008 0.009 0.010 0.010 0.010 0.009 0.007 0.004 0.003 0.002 0.002 0.001 0.001 0.001 0.001 0.001 0.001 0.001 0.002 0.002 0.002 0.002 0.002 0.002 0.002 0.002 0.002 0.003 0.003 0.003 0.003 0.002 0.001 0.001 0.000 0.000 0.000 0.000 0.001
0.057 0.052 0.046 0.038 0.029 0.020 0.013 0.008 0.006 0.004 0.003 0.003 0.003 0.004 0.005 0.008 0.009 0.010 0.010 0.009 0.009 0.010 0.011 0.012 0.013 0.013 0.014 0.015 0.018 0.020 0.021 0.021 0.019 0.016 0.012 0.010 0.009 0.008 0.008 0.009 0.010 0.010 0.010 0.009 0.007 0.004 0.003 0.002 0.002 0.001 0.001 0.001 0.001 0.001 0.001 0.001 0.002 0.002 0.002 0.002 0.002 0.002 0.002 0.002 0.002 0.003 0.003 0.003 0.002 0.002 0.001 0.000 0.000 0.000 0.000 0.000 0.000
0.061 0.057 0.052 0.045 0.037 0.027 0.018 0.012 0.008 0.005 0.004 0.004 0.004 0.005 0.006 0.008 0.009 0.009 0.009 0.009 0.009 0.010 0.012 0.013 0.014 0.014 0.015 0.016 0.019 0.021 0.021 0.021 0.019 0.015 0.012 0.009 0.008 0.008 0.008 0.009 0.010 0.010 0.010 0.009 0.007 0.004 0.003 0.002 0.002 0.001 0.001 0.001 0.001 0.001 0.001 0.001 0.002 0.002 0.002 0.002 0.002 0.002 0.002 0.002 0.002 0.003 0.003 0.003 0.002 0.002 0.001 0.000 0.000 0.000 0.000 0.000 0.000
0.063 0.060 0.056 0.050 0.043 0.033 0.024 0.016 0.011 0.007 0.006 0.005 0.005 0.006 0.007 0.009 0.009 0.009 0.009 0.009 0.009 0.010 0.012 0.014 0.015 0.016 0.016 0.018 0.020 0.021 0.021 0.021 0.019 0.015 0.011 0.009 0.008 0.008 0.008 0.009 0.010 0.010 0.010 0.009 0.007 0.005 0.003 0.002 0.002 0.001 0.001 0.001 0.001 0.001 0.001 0.001 0.002 0.002 0.002 0.002 0.002 0.002 0.002 0.002 0.002 0.003 0.003 0.003 0.002 0.001 0.001 0.000 0.000 0.000 0.000 0.000 0.000
0.064 0.062 0.058 0.053 0.047 0.038 0.029 0.020 0.014 0.010 0.007 0.007 0.007 0.007 0.008 0.009 0.009 0.009 0.009 0.009 0.009 0.011 0.013 0.015 0.016 0.017 0.018 0.019 0.021 0.022 0.022 0.021 0.018 0.014 0.010 0.009 0.008 0.008 0.008 0.009 0.010 0.011 0.010 0.010 0.007 0.005 0.003 0.002 0.001 0.001 0.001 0.001 0.001 0.001 0.001 0.001 0.002 0.002 0.002 0.002 0.002 0.002 0.002 0.002 0.002 0.003 0.003 0.003 0.002 0.001 0.001 0.000 0.000 0.000 0.000 0.000 0.000
0.065 0.063 0.060 0.055 0.049 0.041 0.032 0.024 0.017 0.012 0.010 0.008 0.008 0.008 0.009 0.009 0.009 0.009 0.009 0.009 0.009 0.011 0.014 0.016 0.017 0.018 0.019 0.020 0.022 0.022 0.022 0.021 0.017 0.013 0.010 0.008 0.008 0.008 0.009 0.010 0.010 0.011 0.011 0.010 0.008 0.005 0.003 0.002 0.001 0.001 0.001 0.001 0.001 0.001 0.001 0.001 0.002 0.002 0.002 0.002 0.002 0.002 0.002 0.002 0.002 0.003 0.003 0.002 0.002 0.001 0.000 0.000 0.000 0.000 0.000 0.000 0.000
0.065 0.063 0.060 0.056 0.050 0.043 0.035 0.026 0.020 0.015 0.011 0.010 0.009 0.009 0.009 0.010 0.010 0.009 0.009 0.009 0.010 0.011 0.015 0.017 0.018 0.019 0.020 0.021 0.023 0.023 0.022 0.020 0.016 0.011 0.009 0.008 0.008 0.008 0.009 0.010 0.011 0.011 0.011 0.010 0.008 0.005 0.003 0.002 0.001 0.001 0.001 0.001 0.001 0.001 0.001 0.001 0.002 0.002 0.002 0.002 0.002 0.002 0.002 0.002 0.002 0.003 0.003 0.002 0.002 0.001 0.000 0.000 0.000 0.000 0.000 0.000 0.000
0.065 0.063 0.060 0.056 0.051 0.044 0.036 0.028 0.021 0.016 0.013 0.011 0.010 0.010 0.010 0.010 0.010 0.009 0.009 0.009 0.010 0.012 0.016 0.018 0.020 0.020 0.021 0.023 0.024 0.024 0.023 0.019 0.014 0.010 0.008 0.008 0.008 0.008 0.009 0.011 0.012 0.012 0.012 0.011 0.009 0.006 0.003 0.002 0.001 0.001 0.001 0.001 0.001 0.001 0.001 0.001 0.002 0.002 0.002 0.002 0.002 0.002 0.002 0.002 0.002 0.003 0.002 0.002 0.001 0.001 0.000 0.000 0.000 0.000 0.000 0.000 0.000
0.064 0.062 0.059 0.056 0.051 0.044 0.037 0.029 0.023 0.018 0.014 0.012 0.010 0.010 0.010 0.010 0.009 0.009 0.009 0.010 0.011 0.013 0.017 0.020 0.022 0.023 0.024 0.025 0.026 0.025 0.024 0.019 0.012 0.009 0.008 0.007 0.008 0.009 0.010 0.012 0.012 0.013 0.013 0.012 0.009 0.006 0.003 0.002 0.001 0.001 0.001 0.001 0.001 0.001 0.001 0.002 0.002 0.002 0.002 0.002 0.002 0.002 0.002 0.002 0.002 0.002 0.002 0.002 0.001 0.000 0.000 0.000 0.000 0.000 0.000 0.000 0.000
0.062 0.060 0.058 0.055 0.050 0.044 0.037 0.029 0.023 0.018 0.015 0.012 0.011 0.010 0.010 0.010 0.009 0.009 0.009 0.010 0.011 0.014 0.018 0.022 0.024 0.025 0.027 0.028 0.028 0.028 0.024 0.018 0.011 0.008 0.007 0.007 0.008 0.009 0.011 0.012 0.013 0.013 0.013 0.012 0.009 0.006 0.003 0.002 0.001 0.001 0.001 0.001 0.001 0.001 0.001 0.002 0.002 0.002 0.002 0.002 0.002 0.002 0.002 0.002 0.002 0.002 0.002 0.002 0.001 0.000 0.000 0.000 0.000 0.000 0.000 0.000 0.000
0.059 0.058 0.056 0.053 0.049 0.044 0.037 0.030 0.024 0.019 0.015 0.013 0.011 0.010 0.010 0.010 0.009 0.009 0.009 0.010 0.012 0.014 0.019 0.024 0.027 0.029 0.031 0.032 0.031 0.030 0.024 0.016 0.010 0.008 0.007 0.007 0.008 0.009 0.012 0.013 0.014 0.014 0.013 0.012 0.009 0.006 0.003 0.002 0.001 0.001 0.001 0.001 0.001 0.001 0.001 0.002 0.002 0.002 0.002 0.002 0.002 0.002 0.002 0.002 0.002 0.002 0.002 0.001 0.001 0.000 0.000 0.000 0.000 0.000 0.000 0.000 0.000
0.054 0.054 0.052 0.050 0.047 0.042 0.036 0.029 0.024 0.019 0.016 0.013 0.011 0.010 0.010 0.010 0.009 0.009 0.010 0.011 0.012 0.015 0.020 0.026 0.030 0.033 0.034 0.035 0.034 0.031 0.023 0.015 0.010 0.008 0.007 0.007 0.008 0.010 0.012 0.014 0.014 0.014 0.014 0.012 0.009 0.005 0.003 0.002 0.001 0.001 0.001 0.001 0.001 0.001 0.001 0.002 0.002 0.002 0.002 0.002 0.002 0.002 0.002 0.002 0.002 0.002 0.002 0.001 0.000 0.000 0.000 0.000 0.000 0.000 0.000 0.000 0.000
0.048 0.048 0.047 0.046 0.043 0.040 0.035 0.029 0.023 0.019 0.016 0.013 0.011 0.010 0.010 0.009 0.009 0.009 0.010 0.011 0.013 0.017 0.022 0.028 0.033 0.036 0.037 0.037 0.036 0.031 0.022 0.013 0.009 0.008 0.007 0.007 0.008 0.011 0.013 0.014 0.014 0.014 0.014 0.012 0.008 0.005 0.003 0.002 0.001 0.001 0.001 0.001 0.001 0.001 0.001 0.002 0.002 0.002 0.002 0.002 0.002 0.002 0.002 0.002 0.002 0.002 0.002 0.001 0.000 0.000 0.000 0.000 0.000 0.000 0.000 0.000 0.000
0.041 0.041 0.041 0.040 0.038 0.036 0.032 0.028 0.022 0.018 0.015 0.013 0.011 0.010 0.009 0.009 0.009 0.009 0.010 0.011 0.014 0.018 0.023 0.030 0.036 0.039 0.040 0.040 0.037 0.030 0.020 0.012 0.009 0.008 0.007 0.008 0.009 0.011 0.014 0.015 0.015 0.015 0.014 0.011 0.007 0.004 0.002 0.001 0.001 0.001 0.001 0.001 0.001 0.001 0.001 0.002 0.002 0.003 0.003 0.003 0.003 0.003 0.003 0.003 0.002 0.002 0.001 0.001 0.000 0.000 0.000 0.000 0.000 0.000 0.000 0.000 0.000
0.033 0.033 0.033 0.033 0.032 0.031 0.029 0.025 0.021 0.017 0.014 0.012 0.010 0.009 0.009 0.009 0.009 0.009 0.009 0.011 0.014 0.019 0.025 0.033 0.039 0.042 0.043 0.042 0.038 0.029 0.018 0.012 0.009 0.008 0.008 0.008 0.009 0.012 0.014 0.015 0.015 0.015 0.014 0.011 0.007 0.004 0.002 0.001 0.001 0.001 0.001 0.001 0.001 0.001 0.002 0.002 0.003 0.003 0.003 0.003 0.003 0.003 0.003 0.003 0.002 0.002 0.001 0.000 0.000 0.000 0.000 0.000 0.000 0.000 0.000 0.000 0.000
0.026 0.026 0.026 0.026 0.026 0.025 0.024 0.022 0.019 0.016 0.013 0.011 0.009 0.008 0.007 0.007 0.007 0.007 0.008 0.010 0.013 0.019 0.026 0.035 0.042 0.045 0.045 0.044 0.039 0.028 0.017 0.011 0.009 0.008 0.008 0.008 0.009 0.012 0.015 0.016 0.016 0.015 0.014 0.011 0.006 0.003 0.002 0.001 0.001 0.001 0.001 0.001 0.001 0.001 0.002 0.002 0.003 0.003 0.003 0.004 0.003 0.003 0.003 0.003 0.002 0.001 0.001 0.000 0.000 0.000 0.000 0.000 0.000 0.000 0.000 0.000 0.000
0.020 0.020 0.020 0.020 0.020 0.019 0.018 0.017 0.015 0.013 0.011 0.009 0.007 0.006 0.005 0.005 0.005 0.005 0.006 0.009 0.013 0.019 0.027 0.037 0.044 0.047 0.048 0.046 0.040 0.028 0.017 0.011 0.009 0.008 0.008 0.008 0.010 0.012 0.015 0.016 0.016 0.016 0.014 0.010 0.006 0.003 0.002 0.001 0.001 0.001 0.001 0.001 0.001 0.001 0.002 0.002 0.003 0.004 0.004 0.004 0.004 0.004 0.003 0.003 0.002 0.001 0.001 0.000 0.000 0.000 0.000 0.000 0.000 0.000 0.000 0.000 0.000
0.015 0.015 0.015 0.015 0.015 0.014 0.014 0.013 0.011 0.010 0.008 0.006 0.005 0.004 0.004 0.003 0.003 0.004 0.005 0.008 0.012 0.018 0.027 0.038 0.046 0.049 0.049 0.047 0.040 0.027 0.017 0.011 0.009 0.008 0.008 0.009 0.010 0.013 0.016 0.017 0.017 0.017 0.015 0.010 0.006 0.003 0.002 0.001 0.001 0.001 0.001 0.001 0.001 0.001 0.002 0.002 0.003 0.004 0.004 0.005 0.004 0.004 0.003 0.002 0.002 0.001 0.000 0.000 0.000 0.000 0.000 0.000 0.000 0.000 0.000 0.000 0.000
0.011 0.011 0.011 0.011 0.011 0.011 0.010 0.009 0.008 0.007 0.006 0.004 0.003 0.003 0.002 0.002 0.002 0.003 0.004 0.007 0.011 0.017 0.027 0.039 0.047 0.050 0.050 0.047 0.039 0.027 0.017 0.012 0.010 0.009 0.009 0.009 0.010 0.014 0.017 0.018 0.018 0.018 0.015 0.010 0.005 0.003 0.002 0.001 0.001 0.001 0.001 0.001 0.001 0.001 0.002 0.002 0.003 0.005 0.005 0.005 0.005 0.004 0.003 0.002 0.001 0.001 0.000 0.000 0.000 0.000 0.000 0.000 0.000 0.000 0.000 0.000 0.000
0.008 0.008 0.008 0.008 0.008 0.007 0.007 0.006 0.006 0.005 0.004 0.003 0.002 0.002 0.001 0.001 0.002 0.002 0.004 0.006 0.010 0.016 0.026 0.039 0.047 0.051 0.050 0.047 0.039 0.027 0.018 0.013 0.010 0.009 0.009 0.010 0.011 0.015 0.018 0.019 0.019 0.019 0.016 0.010 0.005 0.002 0.001 0.001 0.001 0.001 0.001 0.001 0.001 0.001 0.002 0.003 0.004 0.005 0.005 0.006 0.005 0.004 0.003 0.002 0.001 0.000 0.000 0.000 0.000 0.000 0.000 0.000 0.000 0.000 0.000 0.000 0.000
0.005 0.005 0.005 0.005 0.005 0.005 0.005 0.004 0.004 0.003 0.002 0.002 0.001 0.001 0.001 0.001 0.001 0.002 0.003 0.005 0.009 0.015 0.025 0.039 0.048 0.051 0.050 0.047 0.040 0.028 0.019 0.014 0.012 0.011 0.010 0.011 0.012 0.016 0.020 0.021 0.021 0.019 0.015 0.009 0.004 0.002 0.001 0.001 0.001 0.001 0.001 0.001 0.001 0.002 0.002 0.003 0.004 0.005 0.006 0.006 0.005 0.004 0.003 0.002 0.001 0.000 0.000 0.000 0.000 0.000 0.000 0.000 0.000 0.000 0.000 0.000 0.000
0.003 0.003 0.003 0.003 0.003 0.003 0.003 0.002 0.002 0.002 0.001 0.001 0.001 0.000 0.000 0.000 0.001 0.001 0.002 0.004 0.008 0.014 0.024 0.038 0.047 0.050 0.050 0.047 0.040 0.030 0.021 0.016 0.013 0.012 0.012 0.012 0.014 0.018 0.021 0.022 0.022 0.020 0.014 0.007 0.004 0.002 0.001 0.001 0.001 0.001 0.001 0.001 0.001 0.002 0.003 0.004 0.005 0.006 0.006 0.006 0.005 0.004 0.002 0.001 0.000 0.000 0.000 0.000 0.000 0.000 0.000 0.000 0.000 0.000 0.000 0.000 0.000
0.001 0.001 0.001 0.001 0.001 0.001 0.001 0.001 0.001 0.001 0.001 0.000 0.000 0.000 0.000 0.000 0.000 0.001 0.002 0.003 0.006 0.012 0.022 0.036 0.047 0.050 0.050 0.048 0.043 0.033 0.024 0.018 0.015 0.014 0.013 0.014 0.016 0.020 0.023 0.024 0.023 0.020 0.013 0.006 0.003 0.002 0.001 0.001 0.001 0.001 0.001 0.001 0.001 0.002 0.003 0.005 0.006 0.006 0.006 0.006 0.005 0.003 0.002 0.001 0.000 0.000 0.000 0.000 0.000 0.000 0.000 0.000 0.000 0.000 0.000 0.000 0.000
0.000 0.000 0.000 0.000 0.000 0.000 0.000 0.000 0.000 0.000 0.000 0.000 0.000 0.000 0.000 0.000 0.000 0.001 0.001 0.002 0.004 0.009 0.018 0.032 0.044 0.051 0.052 0.051 0.046 0.038 0.027 0.021 0.017 0.016 0.016 0.017 0.019 0.023 0.025 0.025 0.024 0.019 0.011 0.005 0.002 0.001 0.001 0.001 0.001 0.001 0.001 0.001 0.002 0.002 0.004 0.006 0.007 0.007 0.007 0.006 0.004 0.002 0.001 0.001 0.000 0.000 0.000 0.000 0.000 0.000 0.000 0.000 0.000 0.000 0.000 0.000 0.000
0.000 0.000 0.000 0.000 0.000 0.000 0.000 0.000 0.000 0.000 0.000 0.000 0.000 0.000 0.000 0.000 0.000 0.000 0.001 0.001 0.003 0.006 0.012 0.024 0.040 0.051 0.055 0.055 0.052 0.044 0.033 0.024 0.020 0.019 0.019 0.020 0.023 0.027 0.028 0.028 0.025 0.018 0.009 0.004 0.002 0.001 0.001 0.001 0.001 0.001 0.001 0.001 0.002 0.003 0.005 0.007 0.008 0.007 0.007 0.005 0.003 0.002 0.001 0.001 0.000 0.000 0.000 0.000 0.000 0.000 0.000 0.000 0.000 0.000 0.000 0.000 0.000
