RESULTS/r.avaflow_results/23_results/23_ascii/23_hflow10018.asc
ncols 506
nrows 317
xllcenter 498237.50
yllcenter 5580050.00
cellsize 12.50
NODATA_value -9999.000
[rows 170 to 203 of 317, columns 77 to 153 of 506]
0.000 0.000 0.000 0.000 0.000 0.000 0.000 0.000 0.000 0.000 0.000 0.000 0.000 0.001 0.002 0.004 0.007 0.011 0.016 0.024 0.039 0.070 0.142 0.283 0.506 0.709 0.839 0.940 1.040 1.142 1.248 1.363 1.486 1.622 1.778 1.963 2.184 2.452 2.781 3.173 3.626 4.049 4.396 4.704 5.008 5.369 5.792 6.305 6.947 7.765 8.753 9.924 11.185 12.250 12.901 13.141 13.236 13.363 13.443 13.492 13.481 13.432 13.300 13.042 12.603 11.969 11.136 10.100 8.897 7.660 6.539 5.562 4.691 3.923 3.282 2.749 2.319
0.000 0.000 0.000 0.000 0.000 0.000 0.000 0.000 0.000 0.000 0.000 0.000 0.001 0.003 0.007 0.012 0.020 0.030 0.044 0.066 0.104 0.178 0.319 0.546 0.806 0.989 1.111 1.221 1.333 1.447 1.567 1.695 1.828 1.975 2.145 2.350 2.596 2.900 3.273 3.716 4.236 4.788 5.306 5.802 6.305 6.877 7.471 8.113 8.834 9.660 10.529 11.475 12.344 12.988 13.319 13.473 13.624 13.769 13.866 13.906 13.898 13.852 13.706 13.412 12.941 12.284 11.407 10.328 9.086 7.908 6.876 5.995 5.219 4.528 3.918 3.379 2.925
0.000 0.000 0.000 0.000 0.000 0.000 0.000 0.000 0.000 0.000 0.000 0.001 0.004 0.008 0.016 0.027 0.042 0.064 0.096 0.144 0.221 0.352 0.557 0.826 1.068 1.244 1.386 1.515 1.641 1.766 1.895 2.026 2.162 2.311 2.484 2.697 2.960 3.293 3.707 4.211 4.817 5.505 6.225 6.923 7.598 8.303 8.983 9.694 10.444 11.211 11.921 12.552 13.037 13.326 13.487 13.624 13.797 13.949 14.053 14.094 14.090 14.046 13.890 13.582 13.106 12.438 11.541 10.438 9.188 8.069 7.115 6.309 5.622 5.028 4.503 4.044 3.634
0.000 0.000 0.000 0.000 0.000 0.000 0.000 0.000 0.000 0.000 0.001 0.003 0.007 0.015 0.026 0.043 0.068 0.104 0.156 0.231 0.341 0.505 0.734 1.016 1.274 1.483 1.658 1.806 1.941 2.072 2.201 2.330 2.464 2.613 2.787 3.002 3.274 3.628 4.081 4.647 5.347 6.165 7.060 7.926 8.730 9.529 10.275 10.997 11.695 12.322 12.847 13.214 13.421 13.514 13.589 13.681 13.826 13.999 14.108 14.153 14.153 14.099 13.940 13.632 13.153 12.473 11.579 10.469 9.239 8.150 7.241 6.496 5.881 5.368 4.936 4.569 4.237
0.000 0.000 0.000 0.000 0.000 0.000 0.000 0.000 0.000 0.000 0.001 0.004 0.010 0.019 0.034 0.056 0.088 0.134 0.200 0.293 0.424 0.608 0.851 1.155 1.461 1.717 1.925 2.094 2.236 2.365 2.490 2.614 2.742 2.889 3.055 3.269 3.543 3.910 4.398 5.026 5.804 6.748 7.790 8.784 9.678 10.535 11.299 11.964 12.553 13.012 13.358 13.548 13.609 13.618 13.637 13.687 13.806 13.991 14.105 14.149 14.147 14.096 13.931 13.624 13.144 12.469 11.578 10.473 9.248 8.172 7.286 6.574 6.014 5.576 5.226 4.932 4.673
0.000 0.000 0.000 0.000 0.000 0.000 0.000 0.000 0.000 0.000 0.002 0.005 0.011 0.022 0.038 0.064 0.102 0.156 0.233 0.340 0.488 0.689 0.955 1.288 1.646 1.948 2.189 2.379 2.529 2.656 2.774 2.888 3.005 3.140 3.297 3.498 3.778 4.152 4.667 5.348 6.189 7.231 8.412 9.503 10.451 11.324 12.039 12.611 13.075 13.396 13.599 13.682 13.699 13.666 13.647 13.657 13.736 13.902 14.034 14.080 14.074 14.016 13.848 13.541 13.058 12.391 11.512 10.423 9.212 8.152 7.281 6.585 6.052 5.664 5.379 5.150 4.953
0.000 0.000 0.000 0.000 0.000 0.000 0.000 0.000 0.000 0.000 0.002 0.005 0.012 0.023 0.041 0.069 0.110 0.172 0.259 0.380 0.545 0.768 1.058 1.423 1.833 2.180 2.453 2.662 2.821 2.947 3.056 3.157 3.258 3.374 3.518 3.708 3.986 4.366 4.898 5.612 6.512 7.633 8.931 10.068 11.026 11.868 12.529 13.011 13.372 13.595 13.696 13.730 13.721 13.670 13.611 13.571 13.591 13.711 13.854 13.900 13.897 13.831 13.644 13.321 12.837 12.175 11.315 10.247 9.070 8.053 7.217 6.551 6.042 5.676 5.423 5.247 5.112
0.000 0.000 0.000 0.000 0.000 0.000 0.000 0.000 0.000 0.000 0.002 0.005 0.012 0.023 0.042 0.070 0.114 0.181 0.278 0.414 0.600 0.847 1.166 1.568 2.028 2.416 2.718 2.946 3.113 3.238 3.338 3.423 3.507 3.606 3.731 3.908 4.173 4.554 5.091 5.827 6.783 7.982 9.353 10.510 11.456 12.228 12.828 13.241 13.510 13.671 13.729 13.741 13.716 13.640 13.518 13.415 13.380 13.435 13.555 13.588 13.573 13.489 13.273 12.924 12.418 11.751 10.902 9.861 8.759 7.817 7.044 6.433 5.973 5.643 5.418 5.273 5.186
0.000 0.000 0.000 0.000 0.000 0.000 0.000 0.000 0.000 0.000 0.001 0.005 0.012 0.023 0.041 0.070 0.115 0.184 0.289 0.442 0.652 0.928 1.281 1.728 2.236 2.663 2.992 3.236 3.407 3.527 3.618 3.691 3.761 3.840 3.939 4.093 4.340 4.717 5.254 6.005 7.001 8.268 9.687 10.840 11.734 12.445 12.982 13.340 13.552 13.682 13.730 13.729 13.673 13.551 13.361 13.168 13.078 13.072 13.107 13.110 13.069 12.935 12.671 12.283 11.743 11.057 10.212 9.220 8.243 7.409 6.734 6.207 5.818 5.546 5.369 5.259 5.199
0.000 0.000 0.000 0.000 0.000 0.000 0.000 0.000 0.000 0.000 0.001 0.004 0.011 0.022 0.040 0.068 0.113 0.183 0.292 0.460 0.701 1.015 1.411 1.908 2.466 2.931 3.283 3.536 3.711 3.827 3.906 3.969 4.026 4.083 4.155 4.276 4.494 4.853 5.390 6.152 7.177 8.490 9.914 11.064 11.927 12.560 13.040 13.365 13.558 13.661 13.697 13.678 13.586 13.405 13.131 12.838 12.665 12.590 12.541 12.477 12.358 12.137 11.800 11.346 10.747 10.026 9.192 8.307 7.498 6.817 6.271 5.857 5.566 5.374 5.261 5.202 5.178
0.000 0.000 0.000 0.000 0.000 0.000 0.000 0.000 0.000 0.000 0.001 0.003 0.008 0.017 0.033 0.060 0.103 0.171 0.282 0.460 0.730 1.100 1.559 2.118 2.722 3.220 3.595 3.858 4.035 4.149 4.220 4.266 4.299 4.326 4.375 4.459 4.638 4.974 5.502 6.266 7.312 8.653 10.063 11.196 12.031 12.613 13.045 13.346 13.524 13.597 13.606 13.559 13.427 13.190 12.831 12.429 12.150 11.972 11.822 11.649 11.416 11.079 10.644 10.082 9.409 8.640 7.851 7.139 6.541 6.048 5.662 5.384 5.207 5.109 5.067 5.064 5.095
0.000 0.000 0.000 0.000 0.000 0.000 0.000 0.000 0.000 0.000 0.000 0.001 0.004 0.010 0.021 0.041 0.075 0.134 0.236 0.417 0.713 1.150 1.711 2.360 3.010 3.542 3.942 4.219 4.397 4.505 4.565 4.586 4.590 4.585 4.607 4.652 4.782 5.081 5.582 6.339 7.399 8.757 10.147 11.255 12.078 12.630 13.000 13.263 13.423 13.468 13.457 13.375 13.190 12.891 12.443 11.929 11.525 11.220 10.943 10.646 10.280 9.799 9.224 8.537 7.778 7.014 6.350 5.820 5.427 5.145 4.942 4.808 4.746 4.734 4.764 4.825 4.922
0.000 0.000 0.000 0.000 0.000 0.000 0.000 0.000 0.000 0.000 0.000 0.000 0.001 0.004 0.008 0.017 0.034 0.068 0.141 0.299 0.614 1.128 1.847 2.633 3.329 3.906 4.338 4.634 4.818 4.914 4.949 4.947 4.917 4.881 4.871 4.885 4.960 5.197 5.660 6.394 7.443 8.805 10.186 11.279 12.070 12.600 12.903 13.087 13.203 13.241 13.215 13.096 12.849 12.474 11.946 11.333 10.793 10.341 9.928 9.496 8.996 8.418 7.774 7.056 6.313 5.641 5.088 4.673 4.392 4.230 4.160 4.142 4.167 4.227 4.325 4.465 4.643
0.000 0.000 0.000 0.000 0.000 0.000 0.000 0.000 0.000 0.000 0.000 0.000 0.000 0.001 0.002 0.005 0.011 0.024 0.058 0.158 0.438 1.019 1.919 2.898 3.687 4.320 4.794 5.113 5.298 5.377 5.391 5.375 5.313 5.233 5.192 5.182 5.216 5.374 5.771 6.452 7.459 8.823 10.194 11.257 12.001 12.496 12.743 12.859 12.896 12.898 12.845 12.677 12.364 11.907 11.311 10.617 9.959 9.376 8.837 8.311 7.766 7.179 6.544 5.852 5.165 4.566 4.082 3.731 3.511 3.406 3.381 3.403 3.479 3.602 3.771 3.991 4.265
0.000 0.000 0.000 0.000 0.000 0.000 0.000 0.000 0.000 0.000 0.000 0.000 0.000 0.000 0.001 0.001 0.003 0.007 0.023 0.080 0.287 0.849 1.856 3.098 4.068 4.793 5.316 5.659 5.850 5.923 5.927 5.894 5.805 5.672 5.595 5.569 5.585 5.677 5.966 6.557 7.492 8.814 10.159 11.162 11.850 12.282 12.480 12.554 12.541 12.470 12.328 12.065 11.674 11.154 10.511 9.758 9.020 8.353 7.763 7.206 6.653 6.088 5.500 4.871 4.255 3.717 3.279 2.958 2.759 2.669 2.651 2.670 2.749 2.905 3.137 3.442 3.817
0.000 0.000 0.000 0.000 0.000 0.000 0.000 0.000 0.000 0.000 0.000 0.000 0.000 0.000 0.000 0.001 0.001 0.003 0.011 0.047 0.197 0.686 1.714 3.173 4.413 5.306 5.913 6.296 6.499 6.577 6.589 6.550 6.431 6.242 6.122 6.081 6.083 6.134 6.320 6.769 7.568 8.751 10.030 10.976 11.590 11.946 12.099 12.142 12.097 11.944 11.670 11.255 10.714 10.112 9.466 8.737 8.001 7.311 6.705 6.158 5.634 5.118 4.597 4.052 3.510 3.026 2.623 2.316 2.114 2.009 1.978 1.990 2.059 2.224 2.498 2.877 3.340
0.000 0.000 0.000 0.000 0.000 0.000 0.000 0.000 0.000 0.000 0.000 0.000 0.000 0.000 0.000 0.000 0.001 0.001 0.006 0.029 0.135 0.532 1.493 3.038 4.631 5.785 6.535 6.976 7.208 7.295 7.299 7.238 7.070 6.842 6.701 6.648 6.644 6.685 6.823 7.136 7.740 8.701 9.846 10.685 11.199 11.495 11.591 11.592 11.514 11.276 10.842 10.211 9.414 8.716 8.128 7.525 6.897 6.242 5.639 5.129 4.667 4.227 3.788 3.339 2.873 2.433 2.058 1.762 1.550 1.419 1.359 1.348 1.392 1.547 1.847 2.290 2.764
0.000 0.000 0.000 0.000 0.000 0.000 0.000 0.000 0.000 0.000 0.000 0.000 0.000 0.000 0.000 0.000 0.001 0.001 0.003 0.015 0.081 0.367 1.187 2.716 4.655 6.141 7.069 7.568 7.795 7.867 7.860 7.759 7.533 7.281 7.137 7.078 7.068 7.098 7.212 7.455 7.911 8.656 9.598 10.297 10.709 10.918 10.945 10.912 10.763 10.428 9.852 8.995 7.919 7.092 6.534 6.078 5.630 5.108 4.547 4.100 3.728 3.381 3.037 2.683 2.292 1.883 1.527 1.240 1.023 0.872 0.779 0.731 0.723 0.784 0.993 1.367 1.672
0.000 0.000 0.000 0.000 0.000 0.000 0.000 0.000 0.000 0.000 0.000 0.000 0.000 0.000 0.000 0.000 0.001 0.001 0.001 0.007 0.038 0.194 0.788 2.176 4.357 6.288 7.441 8.019 8.229 8.267 8.234 8.091 7.823 7.559 7.415 7.359 7.354 7.366 7.448 7.636 7.990 8.562 9.287 9.815 10.095 10.198 10.198 10.106 9.873 9.432 8.716 7.707 6.600 5.732 5.110 4.673 4.291 3.894 3.467 3.108 2.813 2.552 2.298 2.021 1.675 1.275 0.933 0.679 0.504 0.385 0.308 0.264 0.248 0.251 0.307 0.443 0.548
0.000 0.000 0.000 0.000 0.000 0.000 0.000 0.000 0.000 0.000 0.000 0.000 0.000 0.000 0.000 0.001 0.001 0.001 0.002 0.004 0.017 0.079 0.373 1.398 3.568 6.069 7.552 8.245 8.472 8.478 8.404 8.235 7.961 7.703 7.556 7.508 7.506 7.504 7.560 7.707 7.997 8.428 8.912 9.246 9.385 9.409 9.340 9.152 8.815 8.264 7.459 6.424 5.448 4.658 4.032 3.559 3.172 2.816 2.481 2.186 1.920 1.669 1.421 1.149 0.832 0.536 0.342 0.224 0.152 0.107 0.082 0.072 0.072 0.075 0.084 0.110 0.134
0.000 0.000 0.000 0.000 0.000 0.000 0.000 0.000 0.000 0.000 0.000 0.000 0.000 0.001 0.001 0.001 0.001 0.002 0.002 0.004 0.013 0.044 0.160 0.660 2.319 5.154 7.227 8.173 8.494 8.532 8.461 8.273 8.000 7.753 7.608 7.558 7.551 7.552 7.591 7.710 7.930 8.215 8.474 8.609 8.631 8.585 8.440 8.173 7.737 7.102 6.250 5.272 4.429 3.749 3.195 2.730 2.330 1.978 1.667 1.389 1.126 0.863 0.616 0.401 0.232 0.126 0.074 0.052 0.042 0.038 0.039 0.042 0.048 0.054 0.060 0.065 0.068
0.000 0.000 0.000 0.000 0.000 0.000 0.000 0.000 0.000 0.001 0.001 0.001 0.001 0.002 0.002 0.003 0.003 0.004 0.004 0.007 0.017 0.049 0.136 0.344 1.118 3.304 5.967 7.493 8.137 8.344 8.357 8.230 7.984 7.745 7.614 7.564 7.556 7.558 7.583 7.655 7.772 7.888 7.959 7.953 7.920 7.824 7.635 7.299 6.791 6.082 5.180 4.281 3.548 2.960 2.483 2.079 1.716 1.387 1.087 0.819 0.575 0.358 0.194 0.096 0.053 0.038 0.033 0.031 0.030 0.031 0.035 0.041 0.047 0.054 0.058 0.060 0.060
0.000 0.000 0.000 0.000 0.000 0.000 0.001 0.001 0.001 0.001 0.001 0.002 0.002 0.003 0.004 0.004 0.004 0.005 0.007 0.013 0.034 0.092 0.218 0.383 0.623 1.502 3.613 5.827 7.080 7.651 7.892 7.948 7.832 7.662 7.569 7.528 7.517 7.511 7.506 7.505 7.490 7.424 7.354 7.294 7.235 7.127 6.911 6.534 5.963 5.182 4.256 3.440 2.792 2.282 1.874 1.533 1.231 0.956 0.697 0.463 0.267 0.131 0.062 0.039 0.034 0.032 0.030 0.029 0.029 0.031 0.035 0.042 0.049 0.055 0.058 0.059 0.058
0.000 0.000 0.000 0.001 0.001 0.001 0.001 0.001 0.002 0.002 0.002 0.003 0.004 0.004 0.004 0.004 0.005 0.006 0.009 0.023 0.069 0.194 0.416 0.566 0.601 0.731 1.489 3.207 5.041 6.215 6.862 7.237 7.389 7.413 7.414 7.408 7.397 7.381 7.330 7.233 7.056 6.830 6.685 6.637 6.597 6.495 6.260 5.848 5.214 4.364 3.456 2.717 2.141 1.698 1.354 1.074 0.832 0.613 0.408 0.232 0.110 0.051 0.035 0.033 0.032 0.031 0.029 0.029 0.029 0.031 0.036 0.043 0.051 0.056 0.059 0.060 0.058
0.000 0.001 0.001 0.001 0.001 0.002 0.002 0.002 0.003 0.003 0.004 0.004 0.004 0.004 0.004 0.004 0.005 0.006 0.013 0.040 0.126 0.340 0.567 0.648 0.646 0.555 0.575 1.130 2.442 3.925 5.121 5.981 6.552 6.911 7.099 7.177 7.174 7.137 7.024 6.808 6.475 6.102 5.918 5.906 5.902 5.805 5.568 5.149 4.478 3.592 2.727 2.060 1.558 1.184 0.903 0.683 0.494 0.326 0.184 0.087 0.041 0.030 0.031 0.032 0.032 0.031 0.029 0.028 0.029 0.032 0.038 0.046 0.053 0.059 0.061 0.061 0.058
0.001 0.001 0.001 0.002 0.002 0.002 0.003 0.003 0.004 0.004 0.004 0.004 0.004 0.004 0.004 0.004 0.005 0.007 0.020 0.068 0.219 0.475 0.623 0.654 0.625 0.462 0.303 0.328 0.763 1.672 2.805 4.004 5.081 5.824 6.257 6.470 6.519 6.488 6.337 6.036 5.612 5.113 4.802 4.677 4.608 4.510 4.342 4.038 3.509 2.758 1.996 1.418 1.004 0.714 0.504 0.346 0.219 0.119 0.054 0.027 0.024 0.028 0.030 0.031 0.031 0.030 0.028 0.028 0.029 0.033 0.041 0.050 0.057 0.061 0.063 0.063 0.060
0.002 0.002 0.002 0.003 0.003 0.004 0.004 0.005 0.005 0.005 0.005 0.004 0.004 0.004 0.004 0.004 0.005 0.010 0.035 0.119 0.332 0.545 0.618 0.614 0.499 0.306 0.193 0.164 0.203 0.444 0.922 1.579 2.461 3.280 3.820 4.161 4.346 4.418 4.366 4.160 3.773 3.193 2.651 2.273 2.050 1.964 1.957 1.966 1.851 1.543 1.104 0.737 0.487 0.316 0.199 0.116 0.060 0.027 0.015 0.018 0.024 0.028 0.030 0.030 0.030 0.029 0.028 0.028 0.031 0.036 0.046 0.055 0.061 0.065 0.067 0.067 0.064
0.003 0.003 0.003 0.004 0.004 0.005 0.005 0.006 0.005 0.005 0.005 0.004 0.004 0.004 0.004 0.004 0.006 0.018 0.065 0.210 0.427 0.546 0.566 0.483 0.315 0.199 0.156 0.142 0.137 0.145 0.216 0.371 0.633 0.914 1.112 1.254 1.345 1.395 1.418 1.402 1.283 1.013 0.714 0.522 0.421 0.382 0.388 0.451 0.499 0.476 0.369 0.236 0.142 0.081 0.044 0.022 0.011 0.009 0.011 0.018 0.025 0.028 0.030 0.030 0.029 0.028 0.028 0.029 0.032 0.040 0.052 0.061 0.068 0.072 0.074 0.074 0.070
0.004 0.004 0.004 0.005 0.006 0.007 0.007 0.006 0.006 0.005 0.005 0.004 0.004 0.004 0.004 0.005 0.010 0.033 0.118 0.306 0.457 0.498 0.454 0.318 0.209 0.164 0.144 0.136 0.135 0.138 0.157 0.208 0.287 0.343 0.369 0.378 0.363 0.317 0.283 0.278 0.276 0.249 0.207 0.188 0.173 0.143 0.101 0.079 0.079 0.078 0.067 0.041 0.023 0.013 0.008 0.006 0.006 0.008 0.012 0.019 0.026 0.029 0.029 0.030 0.029 0.029 0.029 0.030 0.036 0.045 0.059 0.070 0.077 0.082 0.083 0.083 0.078
0.007 0.006 0.007 0.007 0.008 0.008 0.007 0.006 0.006 0.005 0.005 0.004 0.004 0.004 0.004 0.006 0.018 0.063 0.191 0.357 0.423 0.418 0.336 0.223 0.173 0.150 0.138 0.133 0.133 0.140 0.163 0.219 0.287 0.312 0.317 0.311 0.278 0.212 0.171 0.161 0.162 0.171 0.175 0.174 0.161 0.129 0.081 0.050 0.033 0.024 0.018 0.013 0.008 0.006 0.006 0.005 0.006 0.008 0.013 0.021 0.027 0.030 0.030 0.030 0.030 0.030 0.031 0.034 0.041 0.053 0.069 0.081 0.090 0.094 0.095 0.093 0.085
0.010 0.010 0.010 0.010 0.010 0.009 0.008 0.007 0.006 0.005 0.005 0.005 0.005 0.005 0.006 0.012 0.035 0.111 0.259 0.354 0.372 0.340 0.250 0.184 0.157 0.143 0.135 0.132 0.133 0.144 0.173 0.234 0.291 0.308 0.309 0.297 0.253 0.188 0.157 0.151 0.155 0.168 0.174 0.172 0.158 0.122 0.075 0.045 0.029 0.020 0.015 0.010 0.008 0.006 0.005 0.005 0.006 0.008 0.014 0.022 0.028 0.031 0.032 0.032 0.032 0.032 0.034 0.038 0.048 0.064 0.082 0.094 0.101 0.105 0.104 0.098 0.088
0.016 0.015 0.014 0.013 0.011 0.010 0.008 0.007 0.006 0.005 0.005 0.006 0.006 0.008 0.012 0.023 0.059 0.158 0.285 0.329 0.325 0.273 0.198 0.163 0.146 0.137 0.133 0.132 0.135 0.147 0.180 0.247 0.294 0.305 0.304 0.284 0.227 0.167 0.145 0.143 0.151 0.167 0.172 0.170 0.154 0.116 0.069 0.041 0.027 0.019 0.014 0.010 0.007 0.006 0.005 0.005 0.006 0.009 0.015 0.023 0.029 0.032 0.033 0.033 0.034 0.035 0.037 0.044 0.058 0.078 0.097 0.108 0.112 0.112 0.108 0.099 0.087
0.023 0.021 0.018 0.015 0.012 0.009 0.008 0.007 0.006 0.006 0.007 0.008 0.010 0.013 0.018 0.034 0.081 0.191 0.278 0.297 0.281 0.219 0.171 0.150 0.138 0.132 0.130 0.131 0.136 0.151 0.188 0.255 0.294 0.303 0.299 0.271 0.205 0.154 0.138 0.138 0.148 0.164 0.169 0.166 0.150 0.109 0.064 0.039 0.026 0.018 0.013 0.009 0.007 0.005 0.005 0.005 0.006 0.009 0.016 0.025 0.030 0.033 0.034 0.035 0.036 0.038 0.043 0.054 0.073 0.095 0.109 0.117 0.118 0.115 0.106 0.093 0.075
0.026 0.024 0.020 0.015 0.012 0.010 0.008 0.008 0.008 0.008 0.010 0.011 0.012 0.015 0.021 0.042 0.100 0.210 0.265 0.270 0.240 0.184 0.156 0.141 0.132 0.128 0.128 0.129 0.135 0.153 0.197 0.262 0.293 0.301 0.295 0.257 0.184 0.143 0.133 0.134 0.147 0.163 0.168 0.164 0.145 0.102 0.059 0.036 0.025 0.018 0.013 0.009 0.007 0.005 0.005 0.005 0.006 0.010 0.018 0.027 0.032 0.035 0.036 0.037 0.039 0.043 0.051 0.066 0.090 0.108 0.117 0.121 0.120 0.113 0.096 0.070 0.047
