RESULTS/r.avaflow_results/23_results/23_ascii/23_hflow30058.asc
ncols 506
nrows 317
xllcenter 498237.50
yllcenter 5580050.00
cellsize 12.50
NODATA_value -9999.000
[rows 136 to 169 of 317, columns 154 to 230 of 506]
0.000 0.000 0.000 0.000 0.000 0.000 0.000 0.000 0.000 0.000 0.000 0.000 0.000 0.000 0.000 0.000 0.000 0.000 0.000 0.000 0.000 0.000 0.000 0.000 0.000 0.000 0.000 0.000 0.000 0.000 0.000 0.000 0.000 0.000 0.000 0.000 0.000 0.000 0.000 0.000 0.000 0.000 0.000 0.000 0.000 0.000 0.000 0.000 0.000 0.000 0.000 0.000 0.000 0.000 0.000 0.000 0.000 0.000 0.000 0.000 0.000 0.000 0.000 0.000 0.000 0.000 0.000 0.000 0.000 0.000 0.000 0.000 0.000 0.000 0.000 0.000 0.000
0.000 0.000 0.000 0.000 0.000 0.000 0.000 0.000 0.000 0.000 0.000 0.000 0.000 0.000 0.000 0.000 0.000 0.000 0.000 0.000 0.000 0.000 0.000 0.000 0.000 0.000 0.000 0.000 0.000 0.000 0.000 0.000 0.000 0.000 0.000 0.000 0.000 0.000 0.000 0.000 0.000 0.000 0.000 0.000 0.000 0.000 0.000 0.000 0.000 0.000 0.000 0.000 0.000 0.000 0.000 0.000 0.000 0.000 0.000 0.000 0.000 0.000 0.000 0.000 0.000 0.000 0.000 0.000 0.000 0.000 0.000 0.000 0.000 0.000 0.000 0.000 0.000
0.000 0.000 0.000 0.000 0.000 0.000 0.000 0.000 0.000 0.000 0.000 0.000 0.000 0.000 0.000 0.000 0.000 0.000 0.000 0.000 0.000 0.000 0.000 0.000 0.000 0.000 0.000 0.000 0.000 0.000 0.000 0.000 0.000 0.000 0.000 0.000 0.000 0.000 0.000 0.000 0.000 0.000 0.000 0.000 0.000 0.000 0.000 0.000 0.000 0.000 0.000 0.000 0.000 0.000 0.000 0.000 0.000 0.000 0.000 0.000 0.000 0.000 0.000 0.000 0.000 0.000 0.000 0.000 0.000 0.000 0.000 0.000 0.000 0.000 0.000 0.000 0.000
0.000 0.000 0.000 0.000 0.000 0.000 0.000 0.000 0.000 0.000 0.000 0.000 0.000 0.000 0.000 0.000 0.000 0.000 0.000 0.000 0.000 0.000 0.000 0.000 0.000 0.000 0.000 0.000 0.000 0.000 0.000 0.000 0.000 0.000 0.000 0.000 0.000 0.000 0.000 0.000 0.000 0.000 0.000 0.000 0.000 0.000 0.000 0.000 0.000 0.000 0.000 0.000 0.000 0.000 0.000 0.000 0.000 0.000 0.000 0.000 0.000 0.000 0.000 0.000 0.000 0.000 0.000 0.000 0.000 0.000 0.000 0.000 0.000 0.000 0.000 0.000 0.000
0.000 0.000 0.000 0.000 0.000 0.000 0.000 0.000 0.000 0.000 0.000 0.000 0.000 0.000 0.000 0.000 0.000 0.000 0.000 0.000 0.000 0.000 0.000 0.000 0.000 0.000 0.000 0.000 0.000 0.000 0.000 0.000 0.000 0.000 0.000 0.000 0.000 0.000 0.000 0.000 0.000 0.000 0.000 0.000 0.000 0.000 0.000 0.000 0.000 0.000 0.000 0.000 0.000 0.000 0.000 0.000 0.000 0.000 0.000 0.000 0.000 0.000 0.000 0.000 0.000 0.000 0.000 0.000 0.000 0.000 0.000 0.000 0.000 0.000 0.000 0.000 0.000
0.000 0.000 0.000 0.000 0.000 0.000 0.000 0.000 0.000 0.000 0.000 0.000 0.000 0.000 0.000 0.000 0.000 0.000 0.000 0.000 0.000 0.000 0.000 0.000 0.000 0.000 0.000 0.000 0.000 0.000 0.000 0.000 0.000 0.000 0.000 0.000 0.000 0.000 0.000 0.000 0.000 0.000 0.000 0.000 0.000 0.000 0.000 0.000 0.000 0.000 0.000 0.000 0.000 0.000 0.000 0.000 0.000 0.000 0.000 0.000 0.000 0.000 0.000 0.000 0.000 0.000 0.000 0.000 0.000 0.000 0.000 0.000 0.000 0.000 0.000 0.000 0.000
0.000 0.000 0.000 0.000 0.000 0.000 0.000 0.000 0.000 0.000 0.000 0.000 0.000 0.000 0.000 0.000 0.000 0.000 0.000 0.000 0.000 0.000 0.000 0.000 0.000 0.000 0.000 0.000 0.000 0.000 0.000 0.000 0.000 0.000 0.000 0.000 0.000 0.000 0.000 0.000 0.000 0.000 0.000 0.000 0.000 0.000 0.000 0.000 0.000 0.000 0.000 0.000 0.000 0.000 0.000 0.000 0.000 0.000 0.000 0.000 0.000 0.000 0.000 0.000 0.000 0.000 0.000 0.000 0.000 0.000 0.000 0.000 0.000 0.000 0.000 0.000 0.000
0.000 0.000 0.000 0.000 0.000 0.000 0.000 0.000 0.000 0.000 0.000 0.000 0.000 0.000 0.000 0.000 0.000 0.000 0.000 0.000 0.000 0.000 0.000 0.000 0.000 0.000 0.000 0.000 0.000 0.000 0.000 0.000 0.000 0.000 0.000 0.000 0.000 0.000 0.000 0.000 0.000 0.000 0.000 0.000 0.000 0.000 0.000 0.000 0.000 0.000 0.000 0.000 0.000 0.000 0.000 0.000 0.000 0.000 0.000 0.000 0.000 0.000 0.000 0.000 0.000 0.000 0.000 0.000 0.000 0.000 0.000 0.000 0.000 0.000 0.000 0.000 0.000
0.000 0.000 0.000 0.000 0.000 0.000 0.000 0.000 0.000 0.000 0.000 0.000 0.000 0.000 0.000 0.000 0.000 0.000 0.000 0.000 0.000 0.000 0.000 0.000 0.000 0.000 0.000 0.000 0.000 0.000 0.000 0.000 0.000 0.000 0.000 0.000 0.000 0.000 0.000 0.000 0.000 0.000 0.000 0.000 0.000 0.000 0.000 0.000 0.000 0.000 0.000 0.000 0.000 0.000 0.000 0.000 0.000 0.000 0.000 0.000 0.000 0.000 0.000 0.000 0.000 0.000 0.000 0.000 0.000 0.000 0.000 0.000 0.000 0.000 0.000 0.000 0.000
0.000 0.000 0.000 0.000 0.000 0.000 0.000 0.000 0.000 0.000 0.000 0.000 0.000 0.000 0.000 0.000 0.000 0.000 0.000 0.000 0.000 0.000 0.000 0.000 0.000 0.000 0.000 0.000 0.000 0.000 0.000 0.000 0.000 0.000 0.000 0.000 0.000 0.000 0.000 0.000 0.000 0.000 0.000 0.000 0.000 0.000 0.000 0.000 0.000 0.000 0.000 0.000 0.000 0.000 0.000 0.000 0.000 0.000 0.000 0.000 0.000 0.000 0.000 0.000 0.000 0.000 0.000 0.000 0.000 0.000 0.000 0.000 0.000 0.000 0.000 0.000 0.000
0.000 0.000 0.000 0.000 0.000 0.000 0.000 0.000 0.000 0.000 0.000 0.000 0.000 0.000 0.000 0.000 0.000 0.000 0.000 0.000 0.000 0.000 0.000 0.000 0.000 0.000 0.000 0.000 0.000 0.000 0.000 0.000 0.000 0.000 0.000 0.000 0.000 0.000 0.000 0.000 0.000 0.000 0.000 0.000 0.000 0.000 0.000 0.000 0.000 0.000 0.000 0.000 0.000 0.000 0.000 0.000 0.000 0.000 0.000 0.000 0.000 0.000 0.000 0.000 0.000 0.000 0.000 0.000 0.000 0.000 0.000 0.000 0.000 0.000 0.000 0.000 0.000
0.000 0.000 0.000 0.000 0.000 0.000 0.000 0.000 0.000 0.000 0.000 0.000 0.000 0.000 0.000 0.000 0.000 0.000 0.000 0.000 0.000 0.000 0.000 0.000 0.000 0.000 0.000 0.000 0.000 0.000 0.000 0.000 0.000 0.000 0.000 0.000 0.000 0.000 0.000 0.000 0.000 0.000 0.000 0.000 0.000 0.000 0.000 0.000 0.000 0.000 0.000 0.000 0.000 0.000 0.000 0.000 0.000 0.000 0.000 0.000 0.000 0.000 0.000 0.000 0.000 0.000 0.000 0.000 0.000 0.000 0.000 0.000 0.000 0.000 0.000 0.000 0.000
0.000 0.000 0.000 0.000 0.000 0.000 0.000 0.000 0.000 0.000 0.000 0.000 0.000 0.000 0.000 0.000 0.000 0.000 0.000 0.000 0.000 0.000 0.000 0.000 0.000 0.000 0.000 0.000 0.000 0.000 0.000 0.000 0.000 0.000 0.000 0.000 0.000 0.000 0.000 0.000 0.000 0.000 0.000 0.000 0.000 0.000 0.000 0.000 0.000 0.000 0.000 0.000 0.000 0.000 0.000 0.000 0.000 0.000 0.000 0.000 0.000 0.000 0.000 0.000 0.000 0.000 0.000 0.000 0.000 0.000 0.000 0.000 0.000 0.000 0.000 0.000 0.000
0.000 0.000 0.000 0.000 0.000 0.000 0.000 0.000 0.000 0.000 0.000 0.000 0.000 0.000 0.000 0.000 0.000 0.000 0.000 0.000 0.000 0.000 0.000 0.000 0.000 0.000 0.000 0.000 0.000 0.000 0.000 0.000 0.000 0.000 0.000 0.000 0.000 0.000 0.000 0.000 0.000 0.000 0.000 0.000 0.000 0.000 0.000 0.000 0.000 0.000 0.000 0.000 0.000 0.000 0.000 0.000 0.000 0.000 0.000 0.000 0.000 0.000 0.000 0.000 0.000 0.000 0.000 0.000 0.000 0.000 0.000 0.000 0.000 0.000 0.000 0.000 0.000
0.001 0.001 0.001 0.001 0.001 0.001 0.000 0.000 0.000 0.000 0.000 0.000 0.000 0.000 0.000 0.000 0.000 0.000 0.000 0.000 0.000 0.000 0.000 0.000 0.000 0.000 0.000 0.000 0.000 0.000 0.000 0.000 0.000 0.000 0.000 0.000 0.000 0.000 0.000 0.000 0.000 0.000 0.000 0.000 0.000 0.000 0.000 0.000 0.000 0.000 0.000 0.000 0.000 0.000 0.000 0.000 0.000 0.000 0.000 0.000 0.000 0.000 0.000 0.000 0.000 0.000 0.000 0.000 0.000 0.000 0.000 0.000 0.000 0.000 0.000 0.000 0.000
0.002 0.002 0.002 0.002 0.002 0.001 0.001 0.001 0.001 0.001 0.001 0.001 0.000 0.000 0.000 0.000 0.000 0.000 0.000 0.000 0.000 0.000 0.000 0.000 0.000 0.000 0.000 0.000 0.000 0.000 0.000 0.000 0.000 0.000 0.000 0.000 0.000 0.000 0.000 0.000 0.000 0.000 0.000 0.000 0.000 0.000 0.000 0.000 0.001 0.001 0.001 0.001 0.001 0.001 0.001 0.001 0.001 0.001 0.001 0.001 0.001 0.001 0.001 0.001 0.001 0.001 0.001 0.001 0.001 0.001 0.001 0.001 0.000 0.000 0.000 0.000 0.000
0.004 0.004 0.003 0.003 0.003 0.002 0.002 0.002 0.002 0.002 0.001 0.001 0.001 0.001 0.001 0.001 0.001 0.000 0.000 0.000 0.000 0.000 0.000 0.000 0.000 0.000 0.000 0.000 0.000 0.000 0.000 0.000 0.000 0.000 0.000 0.000 0.000 0.000 0.000 0.000 0.000 0.000 0.000 0.000 0.000 0.000 0.001 0.002 0.002 0.002 0.002 0.002 0.002 0.002 0.002 0.002 0.002 0.002 0.002 0.002 0.002 0.002 0.002 0.002 0.002 0.002 0.002 0.002 0.002 0.002 0.002 0.002 0.001 0.001 0.001 0.001 0.001
0.006 0.005 0.005 0.004 0.004 0.004 0.003 0.003 0.003 0.003 0.002 0.002 0.002 0.002 0.002 0.002 0.001 0.001 0.001 0.001 0.001 0.001 0.000 0.000 0.000 0.000 0.000 0.000 0.000 0.000 0.000 0.000 0.000 0.000 0.000 0.000 0.000 0.000 0.000 0.000 0.000 0.000 0.000 0.000 0.001 0.002 0.003 0.004 0.004 0.005 0.005 0.005 0.005 0.005 0.005 0.005 0.005 0.005 0.004 0.004 0.004 0.004 0.004 0.004 0.004 0.004 0.004 0.004 0.004 0.004 0.004 0.004 0.003 0.002 0.002 0.002 0.001
0.009 0.008 0.007 0.006 0.006 0.005 0.005 0.005 0.004 0.004 0.004 0.004 0.004 0.003 0.003 0.003 0.003 0.002 0.002 0.002 0.002 0.002 0.001 0.001 0.001 0.001 0.001 0.001 0.001 0.001 0.001 0.001 0.001 0.001 0.001 0.001 0.001 0.001 0.001 0.001 0.001 0.001 0.001 0.002 0.003 0.004 0.005 0.006 0.007 0.008 0.008 0.009 0.009 0.009 0.009 0.009 0.008 0.008 0.008 0.007 0.007 0.007 0.007 0.007 0.007 0.007 0.008 0.008 0.007 0.007 0.007 0.006 0.005 0.004 0.003 0.003 0.002
0.014 0.012 0.010 0.009 0.008 0.007 0.007 0.006 0.006 0.006 0.006 0.005 0.005 0.005 0.005 0.005 0.004 0.004 0.004 0.003 0.003 0.003 0.003 0.003 0.002 0.002 0.002 0.002 0.002 0.002 0.002 0.002 0.002 0.002 0.002 0.002 0.002 0.002 0.002 0.002 0.002 0.003 0.003 0.004 0.005 0.007 0.009 0.010 0.012 0.013 0.013 0.014 0.014 0.014 0.014 0.013 0.013 0.013 0.012 0.012 0.011 0.011 0.011 0.011 0.011 0.012 0.012 0.012 0.012 0.011 0.011 0.009 0.008 0.006 0.005 0.004 0.004
0.025 0.019 0.015 0.013 0.011 0.010 0.009 0.009 0.008 0.008 0.008 0.008 0.007 0.007 0.007 0.007 0.006 0.006 0.006 0.005 0.005 0.005 0.005 0.004 0.004 0.004 0.004 0.004 0.003 0.003 0.003 0.003 0.003 0.003 0.003 0.003 0.004 0.004 0.004 0.004 0.005 0.006 0.006 0.007 0.009 0.011 0.013 0.015 0.017 0.018 0.019 0.020 0.021 0.021 0.020 0.020 0.020 0.019 0.018 0.017 0.017 0.016 0.016 0.016 0.017 0.018 0.019 0.019 0.019 0.018 0.016 0.013 0.011 0.009 0.007 0.006 0.005
0.058 0.039 0.027 0.021 0.017 0.014 0.013 0.012 0.012 0.011 0.011 0.010 0.010 0.010 0.010 0.009 0.009 0.009 0.008 0.008 0.008 0.007 0.007 0.007 0.006 0.006 0.006 0.006 0.006 0.005 0.005 0.005 0.005 0.005 0.006 0.006 0.006 0.006 0.007 0.007 0.008 0.009 0.010 0.012 0.014 0.016 0.018 0.021 0.024 0.026 0.028 0.029 0.030 0.031 0.030 0.030 0.029 0.028 0.027 0.026 0.025 0.024 0.024 0.024 0.025 0.027 0.029 0.030 0.030 0.028 0.024 0.019 0.015 0.012 0.010 0.008 0.007
0.164 0.101 0.062 0.041 0.029 0.023 0.020 0.018 0.016 0.015 0.015 0.014 0.014 0.013 0.013 0.013 0.012 0.012 0.011 0.011 0.011 0.010 0.010 0.010 0.009 0.009 0.009 0.008 0.008 0.008 0.008 0.008 0.008 0.008 0.008 0.009 0.009 0.010 0.010 0.011 0.012 0.014 0.015 0.017 0.019 0.022 0.025 0.029 0.033 0.036 0.039 0.042 0.044 0.045 0.046 0.046 0.045 0.044 0.043 0.041 0.039 0.038 0.037 0.037 0.039 0.044 0.049 0.051 0.051 0.047 0.037 0.027 0.020 0.016 0.013 0.011 0.009
0.455 0.284 0.166 0.099 0.064 0.045 0.035 0.029 0.025 0.023 0.022 0.021 0.020 0.019 0.018 0.017 0.017 0.016 0.016 0.015 0.015 0.014 0.014 0.013 0.013 0.012 0.012 0.012 0.012 0.012 0.012 0.012 0.012 0.012 0.012 0.012 0.013 0.014 0.014 0.016 0.017 0.019 0.021 0.024 0.026 0.030 0.034 0.039 0.044 0.048 0.053 0.059 0.064 0.068 0.070 0.070 0.070 0.069 0.068 0.066 0.064 0.061 0.061 0.061 0.065 0.076 0.090 0.095 0.095 0.086 0.064 0.041 0.028 0.020 0.016 0.013 0.011
1.009 0.695 0.430 0.260 0.161 0.106 0.075 0.057 0.046 0.039 0.035 0.032 0.030 0.028 0.026 0.025 0.024 0.023 0.022 0.021 0.021 0.020 0.019 0.018 0.017 0.017 0.016 0.016 0.016 0.016 0.016 0.016 0.016 0.016 0.016 0.017 0.018 0.018 0.020 0.022 0.024 0.027 0.029 0.032 0.036 0.040 0.045 0.051 0.058 0.065 0.074 0.085 0.096 0.105 0.110 0.112 0.113 0.112 0.111 0.109 0.107 0.105 0.105 0.107 0.117 0.144 0.177 0.191 0.191 0.172 0.123 0.070 0.042 0.028 0.021 0.017 0.014
1.799 1.359 0.917 0.604 0.395 0.262 0.179 0.127 0.095 0.075 0.063 0.056 0.051 0.047 0.043 0.040 0.037 0.035 0.033 0.032 0.030 0.028 0.026 0.025 0.023 0.023 0.022 0.021 0.021 0.021 0.021 0.021 0.021 0.021 0.022 0.022 0.023 0.025 0.027 0.030 0.033 0.037 0.040 0.044 0.049 0.054 0.060 0.067 0.078 0.091 0.108 0.130 0.150 0.166 0.178 0.185 0.187 0.188 0.187 0.186 0.186 0.187 0.191 0.200 0.225 0.285 0.364 0.398 0.397 0.358 0.254 0.137 0.071 0.041 0.028 0.021 0.017
2.650 2.174 1.613 1.155 0.819 0.577 0.406 0.286 0.205 0.153 0.123 0.106 0.096 0.088 0.080 0.073 0.067 0.061 0.057 0.053 0.048 0.043 0.039 0.036 0.034 0.032 0.030 0.028 0.027 0.027 0.027 0.027 0.027 0.027 0.028 0.029 0.031 0.034 0.037 0.042 0.047 0.051 0.057 0.062 0.068 0.074 0.082 0.093 0.110 0.134 0.167 0.207 0.242 0.270 0.290 0.302 0.307 0.308 0.308 0.309 0.311 0.316 0.327 0.348 0.391 0.477 0.608 0.700 0.722 0.674 0.510 0.279 0.134 0.067 0.039 0.027 0.022
3.393 2.950 2.411 1.872 1.425 1.070 0.795 0.584 0.427 0.318 0.251 0.215 0.194 0.179 0.164 0.149 0.135 0.122 0.111 0.100 0.089 0.076 0.065 0.057 0.051 0.046 0.043 0.040 0.037 0.036 0.035 0.035 0.035 0.036 0.037 0.039 0.042 0.047 0.054 0.061 0.069 0.076 0.083 0.091 0.098 0.107 0.118 0.136 0.163 0.206 0.269 0.336 0.390 0.427 0.444 0.444 0.433 0.426 0.424 0.424 0.425 0.429 0.439 0.460 0.504 0.587 0.730 0.870 0.932 0.923 0.798 0.517 0.249 0.116 0.059 0.037 0.028
4.060 3.640 3.166 2.642 2.145 1.711 1.347 1.049 0.811 0.634 0.514 0.443 0.402 0.373 0.345 0.317 0.288 0.261 0.235 0.210 0.183 0.152 0.122 0.100 0.085 0.074 0.065 0.058 0.053 0.049 0.048 0.047 0.047 0.048 0.051 0.055 0.061 0.071 0.083 0.096 0.107 0.118 0.129 0.139 0.149 0.161 0.178 0.206 0.252 0.329 0.429 0.506 0.548 0.562 0.554 0.526 0.498 0.485 0.483 0.483 0.483 0.485 0.491 0.508 0.543 0.615 0.746 0.907 0.999 1.018 0.953 0.734 0.412 0.192 0.092 0.052 0.036
4.667 4.273 3.849 3.386 2.907 2.449 2.040 1.689 1.398 1.170 1.006 0.897 0.824 0.767 0.713 0.657 0.603 0.551 0.500 0.448 0.391 0.321 0.250 0.195 0.156 0.128 0.108 0.093 0.081 0.074 0.070 0.069 0.069 0.071 0.076 0.085 0.098 0.116 0.139 0.161 0.180 0.196 0.210 0.222 0.234 0.250 0.277 0.323 0.394 0.485 0.567 0.613 0.628 0.622 0.592 0.543 0.510 0.496 0.494 0.494 0.495 0.496 0.501 0.514 0.543 0.602 0.714 0.876 0.991 1.025 0.998 0.856 0.568 0.289 0.139 0.074 0.048
5.243 4.880 4.511 4.120 3.700 3.266 2.863 2.507 2.209 1.974 1.796 1.662 1.555 1.456 1.349 1.237 1.140 1.053 0.966 0.874 0.765 0.629 0.486 0.375 0.293 0.235 0.193 0.161 0.137 0.122 0.114 0.112 0.112 0.117 0.127 0.144 0.171 0.209 0.251 0.287 0.315 0.336 0.352 0.365 0.379 0.401 0.439 0.488 0.537 0.585 0.622 0.641 0.643 0.627 0.583 0.525 0.489 0.474 0.471 0.472 0.474 0.477 0.484 0.494 0.514 0.552 0.630 0.770 0.918 0.984 0.981 0.899 0.686 0.395 0.200 0.105 0.065
5.831 5.503 5.194 4.883 4.545 4.168 3.807 3.495 3.239 3.041 2.882 2.746 2.615 2.469 2.289 2.088 1.922 1.783 1.646 1.497 1.315 1.082 0.841 0.651 0.511 0.412 0.340 0.288 0.249 0.223 0.209 0.205 0.205 0.214 0.232 0.264 0.320 0.397 0.462 0.511 0.545 0.569 0.583 0.592 0.598 0.604 0.608 0.607 0.607 0.613 0.623 0.629 0.621 0.588 0.525 0.461 0.422 0.404 0.400 0.400 0.405 0.415 0.426 0.435 0.445 0.460 0.497 0.594 0.760 0.883 0.918 0.885 0.753 0.505 0.272 0.147 0.089
6.510 6.243 6.003 5.770 5.513 5.199 4.896 4.658 4.473 4.333 4.216 4.100 3.966 3.787 3.545 3.251 2.979 2.746 2.522 2.284 2.001 1.648 1.294 1.010 0.800 0.653 0.556 0.490 0.444 0.412 0.395 0.390 0.393 0.408 0.439 0.494 0.594 0.711 0.788 0.828 0.844 0.839 0.825 0.806 0.779 0.742 0.693 0.645 0.615 0.598 0.583 0.565 0.533 0.476 0.400 0.338 0.303 0.287 0.283 0.285 0.293 0.308 0.322 0.330 0.334 0.337 0.352 0.409 0.549 0.729 0.821 0.833 0.774 0.601 0.363 0.202 0.123
7.380 7.247 7.105 6.956 6.776 6.539 6.311 6.146 6.023 5.926 5.841 5.750 5.630 5.449 5.180 4.823 4.417 4.012 3.615 3.216 2.784 2.290 1.817 1.431 1.138 0.937 0.815 0.753 0.720 0.701 0.693 0.698 0.711 0.734 0.772 0.836 0.934 1.018 1.055 1.060 1.038 0.996 0.952 0.906 0.854 0.788 0.706 0.632 0.575 0.523 0.471 0.416 0.355 0.292 0.240 0.208 0.192 0.187 0.189 0.194 0.201 0.210 0.218 0.223 0.227 0.232 0.244 0.283 0.380 0.558 0.704 0.758 0.748 0.660 0.474 0.282 0.173
