RESULTS/r.avaflow_results/23_results/23_ascii/23_hflow10047.asc
ncols 506
nrows 317
xllcenter 498237.50
yllcenter 5580050.00
cellsize 12.50
NODATA_value -9999.000
[rows 170 to 203 of 317, columns 77 to 153 of 506]
0.000 0.000 0.000 0.000 0.000 0.000 0.001 0.001 0.003 0.005 0.007 0.010 0.016 0.024 0.036 0.050 0.067 0.086 0.106 0.131 0.165 0.215 0.295 0.421 0.600 0.772 0.885 0.958 1.009 1.041 1.055 1.057 1.052 1.028 0.979 0.917 0.869 0.844 0.838 0.855 0.914 1.065 1.397 1.999 2.864 3.842 4.763 5.676 6.648 7.706 8.854 10.046 11.135 11.987 12.461 12.591 12.597 12.566 12.533 12.479 12.394 12.221 11.901 11.438 10.865 10.212 9.477 8.702 7.974 7.307 6.697 6.146 5.649 5.193 4.770 4.369 3.985
0.000 0.000 0.000 0.000 0.000 0.001 0.002 0.004 0.007 0.011 0.017 0.025 0.038 0.057 0.080 0.107 0.137 0.169 0.207 0.251 0.308 0.388 0.505 0.670 0.869 1.028 1.132 1.202 1.248 1.273 1.282 1.282 1.271 1.235 1.179 1.130 1.105 1.102 1.129 1.211 1.400 1.765 2.394 3.327 4.505 5.646 6.674 7.687 8.697 9.684 10.650 11.541 12.263 12.720 12.871 12.854 12.803 12.745 12.687 12.604 12.479 12.258 11.914 11.452 10.887 10.236 9.498 8.720 7.999 7.347 6.762 6.243 5.778 5.357 4.968 4.605 4.261
0.000 0.000 0.000 0.000 0.001 0.002 0.005 0.010 0.015 0.023 0.035 0.052 0.076 0.109 0.147 0.189 0.234 0.286 0.347 0.418 0.506 0.622 0.778 0.975 1.159 1.294 1.389 1.453 1.492 1.509 1.513 1.506 1.478 1.425 1.379 1.361 1.368 1.406 1.505 1.733 2.164 2.852 3.843 5.137 6.503 7.635 8.606 9.548 10.458 11.293 12.019 12.577 12.924 13.039 12.978 12.903 12.831 12.770 12.694 12.597 12.454 12.227 11.890 11.441 10.881 10.238 9.506 8.729 8.014 7.376 6.809 6.307 5.864 5.467 5.109 4.783 4.479
0.000 0.000 0.000 0.000 0.001 0.004 0.009 0.015 0.025 0.038 0.057 0.084 0.121 0.168 0.224 0.285 0.352 0.428 0.517 0.622 0.747 0.902 1.091 1.291 1.451 1.570 1.656 1.710 1.739 1.747 1.745 1.724 1.672 1.598 1.561 1.557 1.589 1.706 1.966 2.467 3.272 4.394 5.795 7.253 8.500 9.469 10.322 11.124 11.853 12.473 12.946 13.216 13.272 13.160 13.002 12.896 12.814 12.735 12.644 12.532 12.377 12.152 11.829 11.398 10.861 10.231 9.504 8.730 8.024 7.393 6.835 6.342 5.910 5.530 5.196 4.901 4.633
0.000 0.000 0.000 0.000 0.002 0.005 0.011 0.019 0.031 0.048 0.072 0.106 0.152 0.213 0.286 0.374 0.475 0.588 0.713 0.855 1.019 1.208 1.416 1.603 1.748 1.855 1.929 1.970 1.988 1.989 1.977 1.940 1.859 1.760 1.715 1.712 1.757 1.929 2.359 3.188 4.454 6.094 7.754 9.123 10.206 11.056 11.770 12.376 12.876 13.249 13.474 13.524 13.400 13.175 12.986 12.858 12.758 12.656 12.548 12.421 12.254 12.029 11.720 11.313 10.802 10.194 9.494 8.729 8.025 7.397 6.842 6.353 5.929 5.561 5.244 4.968 4.721
0.000 0.000 0.000 0.000 0.002 0.005 0.012 0.021 0.034 0.053 0.080 0.119 0.172 0.243 0.333 0.445 0.581 0.741 0.922 1.119 1.325 1.539 1.746 1.920 2.053 2.147 2.206 2.235 2.243 2.238 2.213 2.156 2.046 1.911 1.841 1.831 1.877 2.073 2.596 3.644 5.270 7.375 9.250 10.632 11.645 12.389 12.918 13.287 13.554 13.701 13.727 13.620 13.406 13.144 12.930 12.770 12.644 12.527 12.405 12.265 12.090 11.861 11.561 11.176 10.697 10.126 9.463 8.719 8.017 7.392 6.839 6.352 5.931 5.569 5.260 4.994 4.762
0.000 0.000 0.000 0.000 0.002 0.006 0.012 0.021 0.035 0.054 0.083 0.124 0.182 0.262 0.365 0.497 0.661 0.862 1.105 1.384 1.654 1.889 2.086 2.247 2.366 2.446 2.490 2.507 2.509 2.497 2.459 2.378 2.236 2.056 1.950 1.926 1.964 2.154 2.691 3.836 5.702 8.197 10.361 11.848 12.827 13.439 13.758 13.900 13.970 13.947 13.824 13.614 13.354 13.068 12.825 12.624 12.464 12.333 12.205 12.053 11.872 11.650 11.359 10.992 10.545 10.013 9.389 8.678 7.980 7.363 6.814 6.334 5.919 5.563 5.259 4.997 4.769
0.000 0.000 0.000 0.000 0.002 0.006 0.012 0.021 0.034 0.054 0.083 0.125 0.186 0.271 0.383 0.527 0.712 0.946 1.239 1.598 1.950 2.225 2.433 2.586 2.691 2.755 2.785 2.794 2.791 2.769 2.715 2.608 2.432 2.202 2.051 2.004 2.027 2.192 2.701 3.854 5.838 8.638 11.153 12.793 13.747 14.199 14.329 14.323 14.236 14.069 13.835 13.556 13.246 12.944 12.672 12.435 12.248 12.103 11.966 11.808 11.625 11.393 11.107 10.759 10.338 9.838 9.254 8.579 7.896 7.289 6.752 6.283 5.877 5.530 5.237 4.983 4.764
0.000 0.000 0.000 0.000 0.002 0.005 0.011 0.020 0.033 0.052 0.080 0.123 0.186 0.273 0.389 0.540 0.737 0.992 1.321 1.743 2.193 2.538 2.779 2.937 3.032 3.081 3.100 3.102 3.091 3.056 2.981 2.849 2.639 2.357 2.151 2.067 2.069 2.202 2.665 3.787 5.812 8.791 11.645 13.463 14.388 14.692 14.705 14.599 14.389 14.105 13.786 13.440 13.082 12.755 12.461 12.204 11.998 11.837 11.688 11.521 11.330 11.098 10.814 10.474 10.070 9.594 9.044 8.407 7.751 7.161 6.642 6.191 5.801 5.469 5.191 4.951 4.744
0.000 0.000 0.000 0.000 0.001 0.005 0.010 0.017 0.028 0.045 0.071 0.113 0.177 0.267 0.387 0.542 0.744 1.008 1.357 1.817 2.366 2.813 3.108 3.287 3.386 3.429 3.439 3.435 3.413 3.361 3.262 3.102 2.861 2.528 2.257 2.123 2.101 2.190 2.581 3.618 5.644 8.738 11.846 13.847 14.772 14.973 14.925 14.731 14.440 14.073 13.677 13.261 12.871 12.523 12.211 11.940 11.720 11.543 11.377 11.196 10.990 10.748 10.461 10.127 9.737 9.278 8.754 8.156 7.534 6.974 6.481 6.056 5.688 5.380 5.121 4.897 4.707
0.000 0.000 0.000 0.000 0.001 0.003 0.007 0.012 0.020 0.033 0.055 0.092 0.151 0.241 0.364 0.526 0.734 1.004 1.360 1.833 2.446 3.026 3.404 3.614 3.721 3.766 3.777 3.772 3.744 3.678 3.559 3.373 3.100 2.724 2.382 2.187 2.131 2.176 2.471 3.368 5.321 8.502 11.821 13.967 14.947 15.105 15.002 14.752 14.414 13.985 13.501 13.036 12.621 12.255 11.930 11.645 11.410 11.214 11.028 10.831 10.605 10.348 10.053 9.717 9.332 8.889 8.387 7.822 7.244 6.724 6.267 5.876 5.542 5.261 5.022 4.820 4.649
0.000 0.000 0.000 0.000 0.001 0.002 0.004 0.006 0.011 0.019 0.032 0.058 0.105 0.182 0.298 0.459 0.670 0.945 1.308 1.792 2.427 3.130 3.636 3.904 4.024 4.071 4.082 4.078 4.049 3.981 3.856 3.655 3.360 2.956 2.545 2.279 2.176 2.192 2.401 3.112 4.869 8.002 11.540 13.875 14.962 15.133 14.990 14.704 14.308 13.810 13.254 12.759 12.329 11.952 11.617 11.322 11.069 10.849 10.642 10.421 10.177 9.900 9.591 9.245 8.856 8.422 7.939 7.410 6.885 6.416 6.004 5.653 5.356 5.105 4.891 4.712 4.560
0.000 0.000 0.000 0.000 0.000 0.001 0.002 0.003 0.005 0.009 0.015 0.028 0.053 0.101 0.186 0.320 0.510 0.766 1.114 1.597 2.265 3.088 3.753 4.130 4.279 4.334 4.348 4.344 4.319 4.257 4.137 3.940 3.645 3.235 2.770 2.434 2.270 2.249 2.389 2.941 4.396 7.255 10.946 13.501 14.762 15.017 14.868 14.534 14.080 13.526 12.930 12.425 11.991 11.611 11.272 10.967 10.692 10.442 10.210 9.964 9.701 9.403 9.074 8.710 8.311 7.879 7.413 6.928 6.466 6.054 5.695 5.390 5.129 4.907 4.723 4.568 4.439
0.000 0.000 0.000 0.000 0.000 0.000 0.001 0.001 0.002 0.004 0.006 0.012 0.022 0.044 0.085 0.159 0.279 0.465 0.749 1.195 1.881 2.845 3.727 4.256 4.477 4.546 4.567 4.566 4.549 4.498 4.397 4.224 3.955 3.568 3.085 2.688 2.456 2.387 2.461 2.873 4.027 6.466 10.069 12.807 14.212 14.582 14.491 14.170 13.691 13.110 12.507 12.004 11.580 11.211 10.880 10.569 10.278 10.000 9.734 9.463 9.176 8.856 8.504 8.118 7.703 7.268 6.825 6.393 5.995 5.642 5.337 5.078 4.854 4.666 4.511 4.383 4.283
0.000 0.000 0.000 0.000 0.000 0.000 0.000 0.000 0.001 0.002 0.003 0.005 0.009 0.017 0.034 0.065 0.123 0.220 0.391 0.710 1.321 2.358 3.531 4.269 4.594 4.699 4.735 4.744 4.736 4.703 4.631 4.498 4.282 3.954 3.506 3.073 2.787 2.663 2.676 2.954 3.839 5.781 8.957 11.772 13.284 13.782 13.784 13.554 13.123 12.566 11.966 11.473 11.082 10.742 10.422 10.113 9.816 9.522 9.225 8.923 8.605 8.261 7.884 7.473 7.037 6.605 6.198 5.825 5.487 5.188 4.930 4.713 4.527 4.376 4.253 4.159 4.092
0.000 0.000 0.000 0.000 0.000 0.000 0.000 0.000 0.000 0.001 0.001 0.002 0.004 0.008 0.015 0.028 0.054 0.103 0.197 0.396 0.838 1.753 3.092 4.115 4.616 4.786 4.848 4.878 4.885 4.871 4.828 4.741 4.592 4.361 4.018 3.610 3.302 3.139 3.107 3.253 3.884 5.329 7.814 10.409 11.975 12.606 12.704 12.594 12.295 11.841 11.288 10.797 10.428 10.139 9.863 9.590 9.308 9.010 8.692 8.359 8.005 7.628 7.221 6.781 6.341 5.933 5.564 5.238 4.950 4.697 4.477 4.293 4.144 4.030 3.948 3.895 3.864
0.000 0.000 0.000 0.000 0.000 0.000 0.000 0.000 0.000 0.000 0.001 0.001 0.002 0.005 0.009 0.017 0.032 0.061 0.119 0.243 0.536 1.212 2.437 3.727 4.489 4.805 4.902 4.958 4.992 5.001 4.987 4.939 4.848 4.703 4.490 4.218 3.988 3.842 3.788 3.829 4.181 5.156 6.957 9.076 10.481 11.153 11.322 11.304 11.174 10.902 10.472 9.975 9.596 9.358 9.162 8.962 8.737 8.460 8.138 7.778 7.391 6.974 6.533 6.089 5.673 5.292 4.950 4.651 4.395 4.174 3.985 3.829 3.712 3.636 3.597 3.582 3.579
0.000 0.000 0.000 0.000 0.000 0.000 0.000 0.000 0.000 0.000 0.001 0.001 0.002 0.004 0.008 0.015 0.028 0.052 0.098 0.187 0.383 0.841 1.762 3.080 4.153 4.714 4.914 4.996 5.062 5.100 5.108 5.092 5.048 4.969 4.847 4.698 4.586 4.526 4.511 4.548 4.737 5.319 6.487 8.082 9.250 9.844 10.017 10.028 9.980 9.840 9.563 9.142 8.722 8.456 8.311 8.195 8.058 7.847 7.543 7.172 6.762 6.315 5.863 5.431 5.032 4.671 4.352 4.073 3.834 3.631 3.463 3.329 3.237 3.189 3.174 3.169 3.132
0.000 0.000 0.000 0.000 0.000 0.000 0.000 0.000 0.000 0.000 0.000 0.001 0.002 0.004 0.008 0.016 0.029 0.054 0.098 0.179 0.329 0.634 1.255 2.323 3.583 4.449 4.851 5.001 5.091 5.159 5.194 5.203 5.190 5.158 5.101 5.034 4.996 4.985 5.007 5.084 5.267 5.623 6.316 7.419 8.325 8.813 8.987 9.024 9.015 8.941 8.753 8.434 8.019 7.671 7.470 7.352 7.258 7.122 6.876 6.525 6.109 5.651 5.210 4.794 4.405 4.060 3.761 3.502 3.277 3.082 2.922 2.801 2.715 2.654 2.596 2.510 2.362
0.000 0.000 0.000 0.000 0.000 0.000 0.000 0.000 0.000 0.000 0.000 0.001 0.003 0.005 0.011 0.021 0.037 0.065 0.112 0.191 0.325 0.551 0.965 1.713 2.873 3.987 4.647 4.950 5.093 5.184 5.247 5.278 5.287 5.282 5.266 5.251 5.252 5.267 5.313 5.410 5.585 5.870 6.331 7.038 7.680 8.047 8.198 8.237 8.235 8.190 8.052 7.799 7.442 7.054 6.765 6.569 6.417 6.277 6.089 5.798 5.411 4.967 4.540 4.146 3.781 3.453 3.173 2.935 2.724 2.535 2.368 2.226 2.096 1.953 1.782 1.585 1.378
0.000 0.000 0.000 0.000 0.000 0.000 0.000 0.000 0.000 0.000 0.001 0.001 0.004 0.008 0.017 0.032 0.056 0.093 0.147 0.227 0.349 0.541 0.845 1.370 2.250 3.386 4.266 4.767 5.038 5.187 5.274 5.321 5.346 5.354 5.361 5.371 5.390 5.424 5.486 5.582 5.743 5.974 6.320 6.800 7.218 7.465 7.574 7.605 7.602 7.556 7.431 7.216 6.907 6.534 6.188 5.895 5.639 5.403 5.174 4.913 4.580 4.174 3.766 3.407 3.086 2.795 2.539 2.315 2.111 1.913 1.712 1.511 1.318 1.138 0.971 0.813 0.666
0.000 0.000 0.000 0.000 0.000 0.000 0.000 0.000 0.000 0.000 0.001 0.002 0.005 0.013 0.027 0.052 0.089 0.139 0.204 0.290 0.406 0.573 0.827 1.227 1.877 2.817 3.758 4.432 4.869 5.131 5.275 5.342 5.371 5.385 5.403 5.423 5.451 5.495 5.567 5.661 5.803 5.998 6.272 6.592 6.838 6.984 7.052 7.067 7.054 6.995 6.866 6.663 6.382 6.037 5.665 5.302 4.949 4.604 4.260 3.919 3.572 3.195 2.821 2.495 2.214 1.962 1.734 1.526 1.330 1.140 0.961 0.800 0.659 0.538 0.434 0.345 0.271
0.000 0.000 0.000 0.000 0.000 0.000 0.000 0.000 0.000 0.000 0.001 0.002 0.006 0.016 0.035 0.069 0.120 0.188 0.271 0.372 0.494 0.652 0.871 1.204 1.713 2.432 3.281 4.025 4.593 4.978 5.213 5.334 5.374 5.389 5.411 5.433 5.468 5.517 5.591 5.681 5.810 5.977 6.179 6.360 6.489 6.559 6.584 6.580 6.547 6.469 6.332 6.132 5.862 5.532 5.148 4.739 4.312 3.872 3.431 2.995 2.579 2.196 1.862 1.581 1.343 1.137 0.957 0.798 0.657 0.530 0.422 0.332 0.260 0.204 0.161 0.127 0.101
0.000 0.000 0.000 0.000 0.000 0.000 0.000 0.000 0.000 0.000 0.001 0.003 0.007 0.017 0.038 0.077 0.137 0.217 0.317 0.438 0.583 0.757 0.970 1.257 1.674 2.244 2.948 3.663 4.273 4.743 5.064 5.256 5.340 5.369 5.398 5.425 5.464 5.518 5.589 5.674 5.787 5.912 6.023 6.105 6.149 6.162 6.147 6.111 6.056 5.961 5.821 5.623 5.357 5.023 4.624 4.176 3.685 3.155 2.631 2.144 1.720 1.375 1.101 0.882 0.704 0.555 0.433 0.333 0.252 0.189 0.142 0.110 0.086 0.070 0.057 0.046 0.038
0.000 0.000 0.000 0.000 0.000 0.000 0.000 0.000 0.000 0.001 0.001 0.003 0.007 0.017 0.038 0.078 0.141 0.229 0.343 0.481 0.647 0.842 1.074 1.351 1.708 2.174 2.754 3.398 3.979 4.464 4.838 5.092 5.232 5.297 5.345 5.386 5.434 5.495 5.557 5.630 5.710 5.778 5.810 5.824 5.810 5.775 5.717 5.639 5.556 5.457 5.320 5.123 4.850 4.481 4.021 3.497 2.927 2.330 1.776 1.331 0.995 0.743 0.554 0.413 0.305 0.222 0.159 0.114 0.081 0.059 0.044 0.035 0.029 0.025 0.021 0.018 0.016
0.000 0.000 0.000 0.000 0.000 0.000 0.001 0.001 0.001 0.001 0.001 0.003 0.006 0.015 0.035 0.074 0.138 0.230 0.354 0.508 0.690 0.900 1.140 1.414 1.738 2.138 2.628 3.191 3.726 4.185 4.565 4.853 5.044 5.153 5.231 5.294 5.356 5.420 5.472 5.522 5.556 5.570 5.552 5.513 5.452 5.376 5.282 5.164 5.032 4.899 4.747 4.520 4.183 3.710 3.109 2.475 1.871 1.351 0.954 0.669 0.467 0.325 0.228 0.162 0.114 0.079 0.054 0.037 0.026 0.019 0.015 0.012 0.011 0.010 0.009 0.009 0.009
0.000 0.000 0.000 0.000 0.001 0.001 0.001 0.001 0.001 0.001 0.001 0.002 0.005 0.012 0.028 0.062 0.124 0.221 0.354 0.523 0.720 0.939 1.178 1.440 1.741 2.096 2.514 2.997 3.485 3.914 4.277 4.568 4.787 4.937 5.045 5.133 5.208 5.270 5.308 5.328 5.327 5.304 5.251 5.172 5.063 4.938 4.804 4.647 4.457 4.234 3.974 3.635 3.167 2.558 1.905 1.350 0.924 0.611 0.397 0.259 0.171 0.116 0.081 0.057 0.039 0.026 0.017 0.012 0.008 0.007 0.006 0.005 0.005 0.005 0.005 0.005 0.006
0.000 0.001 0.001 0.001 0.001 0.001 0.001 0.001 0.001 0.001 0.001 0.001 0.003 0.007 0.018 0.045 0.101 0.199 0.343 0.528 0.739 0.962 1.195 1.445 1.726 2.042 2.399 2.807 3.240 3.632 3.972 4.256 4.484 4.659 4.794 4.896 4.976 5.024 5.045 5.046 5.030 4.984 4.904 4.791 4.638 4.453 4.254 4.037 3.776 3.437 3.017 2.533 2.000 1.453 0.977 0.619 0.376 0.225 0.136 0.085 0.056 0.038 0.027 0.019 0.013 0.008 0.006 0.004 0.003 0.003 0.003 0.003 0.003 0.003 0.003 0.004 0.006
0.001 0.001 0.001 0.002 0.002 0.002 0.002 0.001 0.001 0.001 0.001 0.001 0.002 0.004 0.011 0.031 0.076 0.169 0.320 0.520 0.748 0.971 1.197 1.436 1.694 1.972 2.277 2.618 2.989 3.336 3.642 3.911 4.138 4.322 4.468 4.575 4.650 4.683 4.692 4.686 4.662 4.606 4.509 4.367 4.174 3.929 3.647 3.337 2.982 2.562 2.089 1.610 1.151 0.753 0.454 0.259 0.145 0.081 0.046 0.028 0.018 0.012 0.008 0.005 0.004 0.002 0.002 0.001 0.001 0.001 0.001 0.001 0.002 0.002 0.003 0.004 0.005
0.002 0.002 0.002 0.002 0.002 0.002 0.002 0.001 0.001 0.001 0.001 0.001 0.001 0.003 0.007 0.021 0.057 0.139 0.288 0.501 0.748 0.971 1.187 1.410 1.641 1.883 2.141 2.421 2.725 3.025 3.293 3.534 3.744 3.918 4.056 4.161 4.229 4.256 4.262 4.255 4.229 4.170 4.069 3.908 3.684 3.392 3.055 2.682 2.269 1.824 1.379 0.972 0.631 0.375 0.208 0.110 0.058 0.030 0.016 0.009 0.005 0.003 0.002 0.001 0.001 0.001 0.001 0.001 0.001 0.001 0.001 0.001 0.001 0.001 0.002 0.004 0.006
0.003 0.003 0.003 0.003 0.002 0.002 0.002 0.001 0.001 0.001 0.001 0.001 0.001 0.002 0.005 0.014 0.042 0.111 0.251 0.466 0.731 0.958 1.161 1.362 1.564 1.769 1.983 2.207 2.448 2.695 2.920 3.121 3.292 3.437 3.553 3.647 3.717 3.756 3.770 3.767 3.746 3.688 3.586 3.419 3.181 2.874 2.514 2.109 1.680 1.264 0.891 0.577 0.341 0.186 0.096 0.048 0.023 0.011 0.006 0.003 0.002 0.001 0.001 0.001 0.000 0.000 0.000 0.000 0.000 0.000 0.000 0.001 0.001 0.001 0.002 0.004 0.007
0.004 0.004 0.004 0.003 0.003 0.002 0.002 0.002 0.001 0.001 0.001 0.001 0.002 0.002 0.004 0.009 0.028 0.081 0.201 0.404 0.674 0.920 1.116 1.290 1.460 1.628 1.798 1.972 2.157 2.347 2.517 2.662 2.779 2.875 2.957 3.032 3.108 3.175 3.212 3.224 3.214 3.169 3.070 2.907 2.674 2.373 2.014 1.609 1.210 0.857 0.560 0.333 0.180 0.091 0.044 0.021 0.009 0.004 0.002 0.001 0.001 0.000 0.000 0.000 0.000 0.000 0.000 0.000 0.000 0.000 0.000 0.000 0.001 0.001 0.002 0.004 0.009
0.006 0.005 0.004 0.003 0.003 0.002 0.002 0.002 0.002 0.002 0.002 0.002 0.002 0.002 0.003 0.006 0.016 0.047 0.130 0.296 0.546 0.819 1.032 1.193 1.329 1.457 1.584 1.713 1.846 1.974 2.081 2.158 2.209 2.244 2.273 2.310 2.372 2.455 2.521 2.561 2.580 2.569 2.507 2.369 2.160 1.881 1.540 1.168 0.832 0.550 0.331 0.180 0.090 0.043 0.019 0.009 0.004 0.002 0.001 0.000 0.000 0.000 0.000 0.000 0.000 0.000 0.000 0.000 0.000 0.000 0.000 0.000 0.001 0.001 0.002 0.006 0.014
0.007 0.006 0.005 0.004 0.003 0.002 0.002 0.002 0.002 0.002 0.002 0.002 0.002 0.002 0.003 0.004 0.008 0.021 0.060 0.155 0.335 0.597 0.849 1.029 1.156 1.255 1.343 1.430 1.510 1.574 1.616 1.635 1.640 1.634 1.606 1.569 1.563 1.595 1.647 1.701 1.752 1.792 1.797 1.736 1.593 1.371 1.084 0.779 0.521 0.319 0.176 0.088 0.042 0.019 0.008 0.003 0.001 0.001 0.000 0.000 0.000 0.000 0.000 0.000 0.000 0.000 0.000 0.000 0.000 0.000 0.000 0.000 0.001 0.001 0.003 0.009 0.024
