RESULTS/r.avaflow_results/23_results/23_ascii/23_hflow0054.asc
ncols 506
nrows 317
xllcenter 498237.50
yllcenter 5580050.00
cellsize 12.50
NODATA_value -9999.000
[rows 170 to 203 of 317, columns 154 to 230 of 506]
12.409 12.153 11.855 11.534 11.196 10.834 10.483 10.178 9.904 9.650 9.406 9.167 8.917 8.623 8.228 7.697 7.040 6.306 5.545 4.789 4.046 3.305 2.629 2.071 1.640 1.330 1.131 1.030 1.001 1.002 1.021 1.055 1.082 1.100 1.120 1.150 1.203 1.249 1.260 1.242 1.195 1.129 1.071 1.016 0.952 0.869 0.759 0.631 0.515 0.408 0.317 0.249 0.203 0.170 0.149 0.137 0.132 0.134 0.138 0.144 0.148 0.152 0.155 0.157 0.159 0.162 0.171 0.196 0.258 0.392 0.585 0.712 0.751 0.733 0.639 0.457 0.283
14.405 14.440 14.360 14.188 13.956 13.695 13.411 13.118 12.824 12.534 12.248 11.968 11.691 11.386 10.981 10.400 9.617 8.668 7.618 6.524 5.433 4.409 3.496 2.734 2.142 1.701 1.394 1.214 1.145 1.143 1.172 1.220 1.251 1.262 1.263 1.264 1.274 1.283 1.276 1.241 1.172 1.086 1.008 0.932 0.846 0.732 0.577 0.414 0.287 0.204 0.155 0.125 0.106 0.095 0.090 0.089 0.091 0.097 0.104 0.109 0.110 0.111 0.110 0.110 0.110 0.112 0.118 0.137 0.181 0.272 0.437 0.607 0.692 0.711 0.686 0.598 0.437
16.602 17.027 17.201 17.176 17.013 16.782 16.520 16.233 15.932 15.629 15.322 15.017 14.714 14.387 13.970 13.357 12.490 11.383 10.118 8.761 7.361 5.999 4.756 3.693 2.842 2.189 1.712 1.404 1.250 1.206 1.216 1.254 1.284 1.290 1.283 1.268 1.257 1.243 1.213 1.145 1.031 0.905 0.795 0.689 0.573 0.436 0.296 0.194 0.133 0.098 0.079 0.067 0.061 0.059 0.059 0.061 0.066 0.074 0.081 0.084 0.084 0.084 0.082 0.080 0.080 0.081 0.085 0.098 0.128 0.188 0.303 0.480 0.624 0.686 0.696 0.669 0.581
18.146 18.913 19.336 19.481 19.455 19.331 19.152 18.927 18.673 18.398 18.104 17.796 17.490 17.164 16.764 16.180 15.336 14.230 12.905 11.425 9.842 8.194 6.567 5.110 3.891 2.916 2.177 1.667 1.372 1.242 1.210 1.226 1.242 1.242 1.225 1.190 1.146 1.097 1.027 0.902 0.726 0.564 0.442 0.347 0.266 0.189 0.128 0.089 0.065 0.052 0.045 0.041 0.039 0.039 0.041 0.044 0.050 0.058 0.064 0.066 0.066 0.065 0.063 0.061 0.061 0.062 0.066 0.074 0.093 0.131 0.204 0.342 0.527 0.649 0.689 0.688 0.651
18.922 19.913 20.560 20.931 21.119 21.193 21.186 21.094 20.925 20.704 20.439 20.135 19.828 19.509 19.130 18.593 17.814 16.772 15.496 14.040 12.436 10.689 8.795 6.874 5.183 3.802 2.746 1.999 1.524 1.271 1.164 1.126 1.106 1.086 1.047 0.981 0.899 0.806 0.687 0.528 0.373 0.267 0.198 0.151 0.114 0.083 0.061 0.046 0.037 0.032 0.030 0.028 0.028 0.029 0.030 0.034 0.039 0.046 0.051 0.053 0.052 0.052 0.050 0.050 0.050 0.051 0.054 0.060 0.072 0.095 0.140 0.229 0.397 0.578 0.662 0.681 0.668
19.098 20.188 21.002 21.597 22.019 22.322 22.504 22.563 22.492 22.324 22.083 21.770 21.459 21.153 20.806 20.341 19.672 18.748 17.550 16.098 14.431 12.564 10.474 8.179 6.097 4.404 3.119 2.214 1.623 1.270 1.076 0.963 0.882 0.806 0.719 0.622 0.528 0.440 0.348 0.251 0.174 0.124 0.092 0.070 0.055 0.043 0.034 0.028 0.025 0.023 0.022 0.022 0.022 0.023 0.024 0.027 0.031 0.037 0.041 0.043 0.044 0.043 0.043 0.043 0.044 0.045 0.048 0.052 0.060 0.074 0.102 0.159 0.273 0.457 0.597 0.650 0.655
18.969 20.121 21.034 21.755 22.330 22.791 23.094 23.248 23.256 23.134 22.906 22.567 22.251 21.976 21.666 21.263 20.693 19.892 18.793 17.365 15.636 13.645 11.386 8.857 6.534 4.665 3.266 2.293 1.652 1.236 0.961 0.764 0.608 0.479 0.378 0.304 0.252 0.207 0.161 0.117 0.084 0.062 0.048 0.038 0.031 0.026 0.022 0.020 0.019 0.018 0.018 0.018 0.018 0.019 0.020 0.022 0.026 0.030 0.034 0.036 0.037 0.038 0.039 0.039 0.040 0.042 0.044 0.048 0.053 0.063 0.081 0.118 0.189 0.322 0.483 0.582 0.617
18.516 19.763 20.816 21.681 22.369 22.887 23.216 23.387 23.424 23.327 23.106 22.751 22.426 22.163 21.863 21.473 20.938 20.195 19.165 17.782 16.036 13.972 11.619 8.996 6.601 4.682 3.257 2.271 1.605 1.141 0.802 0.550 0.371 0.253 0.181 0.139 0.115 0.095 0.076 0.058 0.045 0.036 0.029 0.024 0.021 0.018 0.017 0.016 0.015 0.015 0.015 0.015 0.016 0.016 0.017 0.019 0.021 0.024 0.027 0.030 0.033 0.034 0.036 0.037 0.038 0.040 0.042 0.045 0.049 0.056 0.069 0.093 0.138 0.219 0.348 0.474 0.549
17.758 19.110 20.305 21.317 22.114 22.673 22.991 23.137 23.153 23.049 22.834 22.483 22.139 21.847 21.514 21.099 20.568 19.869 18.900 17.563 15.834 13.752 11.349 8.698 6.326 4.435 3.034 2.061 1.396 0.922 0.574 0.339 0.202 0.126 0.087 0.067 0.056 0.047 0.039 0.032 0.027 0.023 0.020 0.018 0.016 0.014 0.013 0.013 0.013 0.013 0.013 0.013 0.013 0.014 0.015 0.016 0.018 0.020 0.023 0.026 0.029 0.031 0.033 0.035 0.037 0.038 0.041 0.043 0.046 0.052 0.061 0.077 0.107 0.158 0.239 0.348 0.448
16.736 18.171 19.459 20.556 21.402 21.971 22.278 22.379 22.326 22.180 21.963 21.660 21.304 20.912 20.458 19.960 19.397 18.714 17.802 16.519 14.805 12.692 10.245 7.696 5.490 3.742 2.447 1.546 0.949 0.556 0.311 0.173 0.100 0.063 0.045 0.036 0.031 0.027 0.024 0.021 0.018 0.017 0.015 0.014 0.012 0.012 0.011 0.011 0.011 0.011 0.011 0.011 0.012 0.012 0.013 0.014 0.016 0.017 0.020 0.022 0.025 0.029 0.031 0.033 0.035 0.037 0.039 0.041 0.044 0.049 0.056 0.068 0.089 0.123 0.175 0.248 0.335
15.466 16.903 18.225 19.343 20.207 20.796 21.111 21.171 21.055 20.850 20.642 20.424 20.087 19.563 18.922 18.287 17.651 16.925 15.970 14.622 12.813 10.584 8.139 5.876 4.002 2.545 1.493 0.819 0.444 0.243 0.136 0.079 0.050 0.035 0.027 0.023 0.020 0.018 0.017 0.015 0.014 0.013 0.012 0.011 0.010 0.009 0.009 0.009 0.009 0.009 0.009 0.010 0.011 0.011 0.012 0.013 0.014 0.016 0.018 0.020 0.022 0.026 0.029 0.031 0.034 0.036 0.038 0.040 0.043 0.046 0.053 0.063 0.079 0.104 0.140 0.190 0.253
13.928 15.266 16.583 17.727 18.653 19.319 19.688 19.757 19.630 19.415 19.231 19.032 18.682 18.063 17.280 16.512 15.753 14.868 13.673 12.022 9.863 7.401 5.142 3.413 2.158 1.264 0.668 0.329 0.168 0.094 0.058 0.039 0.028 0.022 0.018 0.016 0.015 0.014 0.013 0.012 0.011 0.010 0.009 0.009 0.008 0.008 0.007 0.007 0.007 0.008 0.008 0.009 0.010 0.011 0.012 0.013 0.014 0.015 0.017 0.018 0.020 0.023 0.026 0.029 0.032 0.034 0.036 0.038 0.041 0.045 0.051 0.061 0.076 0.096 0.124 0.160 0.206
12.212 13.363 14.631 15.827 16.849 17.628 18.099 18.245 18.156 17.965 17.751 17.473 17.025 16.338 15.493 14.618 13.682 12.498 10.855 8.634 6.154 3.989 2.461 1.480 0.865 0.473 0.235 0.115 0.064 0.041 0.029 0.022 0.018 0.015 0.014 0.012 0.011 0.011 0.010 0.009 0.008 0.008 0.007 0.007 0.006 0.006 0.006 0.006 0.006 0.007 0.008 0.010 0.011 0.013 0.014 0.015 0.015 0.016 0.017 0.018 0.019 0.021 0.023 0.026 0.029 0.032 0.034 0.037 0.040 0.044 0.051 0.061 0.075 0.094 0.118 0.147 0.183
10.609 11.495 12.550 13.701 14.768 15.620 16.178 16.417 16.385 16.205 15.888 15.425 14.798 14.011 13.101 12.087 10.874 9.236 7.048 4.761 2.899 1.614 0.860 0.470 0.263 0.144 0.077 0.044 0.030 0.022 0.018 0.015 0.013 0.012 0.010 0.010 0.009 0.008 0.008 0.007 0.007 0.006 0.006 0.005 0.005 0.005 0.005 0.006 0.006 0.008 0.010 0.012 0.014 0.016 0.017 0.018 0.018 0.018 0.018 0.018 0.018 0.019 0.021 0.024 0.026 0.029 0.032 0.036 0.039 0.044 0.051 0.061 0.076 0.094 0.117 0.144 0.177
9.124 9.739 10.451 11.295 12.184 12.938 13.471 13.746 13.762 13.579 13.155 12.475 11.586 10.561 9.458 8.242 6.799 5.078 3.286 1.862 0.951 0.461 0.233 0.131 0.079 0.049 0.032 0.023 0.018 0.015 0.013 0.011 0.010 0.009 0.008 0.007 0.007 0.006 0.006 0.006 0.005 0.005 0.005 0.004 0.004 0.005 0.005 0.006 0.007 0.010 0.014 0.018 0.021 0.023 0.024 0.024 0.023 0.021 0.019 0.019 0.018 0.019 0.020 0.022 0.024 0.027 0.031 0.035 0.039 0.045 0.053 0.064 0.078 0.097 0.120 0.146 0.179
7.703 8.052 8.398 8.743 9.080 9.393 9.656 9.805 9.801 9.636 9.206 8.452 7.441 6.302 5.207 4.148 3.058 1.936 1.036 0.492 0.227 0.116 0.068 0.045 0.031 0.023 0.018 0.015 0.012 0.011 0.009 0.008 0.008 0.007 0.006 0.006 0.005 0.005 0.005 0.004 0.004 0.004 0.004 0.004 0.004 0.005 0.006 0.008 0.012 0.018 0.025 0.031 0.035 0.037 0.036 0.034 0.030 0.026 0.022 0.020 0.019 0.019 0.020 0.021 0.023 0.026 0.030 0.034 0.040 0.046 0.055 0.067 0.083 0.103 0.127 0.158 0.197
6.285 6.346 6.345 6.263 6.108 5.965 5.841 5.729 5.606 5.428 5.092 4.519 3.686 2.751 2.009 1.429 0.924 0.501 0.239 0.113 0.061 0.039 0.028 0.022 0.018 0.015 0.012 0.011 0.009 0.008 0.007 0.006 0.006 0.005 0.005 0.005 0.004 0.004 0.004 0.004 0.004 0.004 0.004 0.005 0.006 0.007 0.010 0.015 0.025 0.038 0.050 0.058 0.062 0.061 0.054 0.046 0.038 0.031 0.026 0.023 0.021 0.020 0.019 0.020 0.022 0.025 0.029 0.034 0.040 0.047 0.056 0.069 0.087 0.111 0.143 0.187 0.248
4.754 4.522 4.221 3.833 3.402 3.008 2.696 2.477 2.310 2.151 1.948 1.650 1.236 0.819 0.540 0.354 0.214 0.116 0.061 0.037 0.026 0.020 0.017 0.014 0.012 0.011 0.009 0.008 0.007 0.006 0.006 0.005 0.005 0.005 0.004 0.004 0.004 0.004 0.004 0.005 0.005 0.006 0.007 0.008 0.010 0.014 0.022 0.037 0.059 0.081 0.096 0.103 0.097 0.083 0.067 0.054 0.044 0.036 0.030 0.025 0.022 0.020 0.019 0.019 0.021 0.024 0.028 0.033 0.039 0.047 0.056 0.070 0.089 0.118 0.165 0.237 0.338
3.053 2.652 2.269 1.913 1.575 1.260 1.009 0.840 0.723 0.629 0.540 0.436 0.310 0.200 0.132 0.088 0.057 0.036 0.025 0.019 0.016 0.013 0.012 0.010 0.009 0.008 0.007 0.006 0.006 0.005 0.005 0.005 0.005 0.005 0.005 0.005 0.005 0.006 0.007 0.008 0.010 0.012 0.014 0.019 0.025 0.037 0.061 0.095 0.129 0.151 0.159 0.145 0.119 0.092 0.073 0.058 0.047 0.039 0.032 0.026 0.022 0.019 0.018 0.018 0.020 0.022 0.026 0.032 0.038 0.046 0.056 0.069 0.088 0.120 0.175 0.267 0.402
1.544 1.270 1.037 0.833 0.648 0.477 0.347 0.263 0.211 0.173 0.142 0.112 0.081 0.056 0.040 0.030 0.023 0.018 0.015 0.013 0.011 0.010 0.009 0.008 0.007 0.006 0.006 0.005 0.005 0.005 0.005 0.006 0.006 0.007 0.008 0.009 0.011 0.013 0.016 0.020 0.024 0.031 0.040 0.052 0.072 0.105 0.156 0.206 0.231 0.230 0.204 0.163 0.124 0.096 0.075 0.060 0.049 0.039 0.032 0.026 0.022 0.019 0.017 0.017 0.018 0.020 0.024 0.029 0.035 0.043 0.052 0.065 0.084 0.116 0.174 0.271 0.416
0.647 0.516 0.411 0.320 0.238 0.166 0.114 0.083 0.064 0.053 0.044 0.036 0.029 0.023 0.019 0.016 0.014 0.012 0.011 0.010 0.008 0.007 0.007 0.006 0.006 0.006 0.006 0.006 0.006 0.007 0.009 0.011 0.013 0.016 0.019 0.023 0.028 0.036 0.046 0.057 0.072 0.091 0.115 0.144 0.186 0.243 0.298 0.322 0.313 0.275 0.218 0.165 0.126 0.097 0.076 0.060 0.048 0.039 0.031 0.025 0.021 0.017 0.015 0.015 0.015 0.017 0.021 0.025 0.031 0.037 0.045 0.056 0.072 0.102 0.155 0.249 0.392
0.236 0.187 0.148 0.113 0.082 0.057 0.040 0.030 0.025 0.022 0.019 0.017 0.016 0.014 0.013 0.011 0.010 0.009 0.008 0.007 0.006 0.006 0.006 0.006 0.006 0.007 0.008 0.010 0.013 0.017 0.022 0.028 0.036 0.045 0.055 0.067 0.085 0.109 0.136 0.165 0.197 0.232 0.269 0.306 0.344 0.378 0.395 0.387 0.349 0.286 0.218 0.165 0.126 0.097 0.076 0.060 0.048 0.038 0.030 0.024 0.019 0.015 0.013 0.012 0.012 0.014 0.016 0.019 0.024 0.029 0.034 0.042 0.053 0.073 0.112 0.187 0.309
0.082 0.066 0.053 0.041 0.031 0.023 0.018 0.015 0.014 0.013 0.012 0.011 0.011 0.010 0.009 0.009 0.008 0.007 0.006 0.006 0.006 0.006 0.007 0.008 0.011 0.014 0.020 0.027 0.037 0.050 0.065 0.084 0.108 0.133 0.161 0.196 0.240 0.289 0.335 0.371 0.395 0.406 0.415 0.424 0.434 0.440 0.434 0.407 0.355 0.286 0.218 0.165 0.125 0.096 0.075 0.059 0.047 0.037 0.028 0.022 0.017 0.013 0.011 0.009 0.009 0.010 0.012 0.014 0.017 0.020 0.024 0.029 0.035 0.045 0.064 0.104 0.176
0.030 0.025 0.022 0.018 0.015 0.013 0.011 0.010 0.010 0.009 0.009 0.009 0.008 0.008 0.007 0.007 0.006 0.006 0.005 0.006 0.006 0.008 0.012 0.017 0.026 0.039 0.058 0.085 0.117 0.155 0.200 0.251 0.306 0.361 0.415 0.475 0.532 0.570 0.578 0.558 0.525 0.494 0.475 0.466 0.460 0.454 0.440 0.408 0.355 0.285 0.217 0.164 0.124 0.095 0.073 0.057 0.044 0.033 0.025 0.018 0.013 0.010 0.008 0.007 0.007 0.007 0.008 0.010 0.012 0.015 0.017 0.020 0.024 0.029 0.038 0.055 0.087
0.013 0.013 0.012 0.011 0.010 0.009 0.009 0.008 0.008 0.008 0.007 0.007 0.007 0.006 0.006 0.006 0.005 0.005 0.006 0.008 0.011 0.018 0.030 0.050 0.080 0.124 0.187 0.266 0.351 0.438 0.528 0.620 0.702 0.765 0.806 0.823 0.811 0.772 0.708 0.634 0.564 0.513 0.483 0.468 0.459 0.448 0.431 0.398 0.345 0.275 0.208 0.156 0.117 0.088 0.067 0.050 0.037 0.026 0.018 0.013 0.009 0.007 0.005 0.005 0.004 0.005 0.006 0.007 0.009 0.010 0.012 0.015 0.017 0.020 0.025 0.033 0.046
0.009 0.009 0.009 0.009 0.009 0.008 0.008 0.007 0.007 0.007 0.006 0.006 0.006 0.006 0.005 0.005 0.006 0.007 0.010 0.016 0.029 0.053 0.093 0.157 0.249 0.376 0.536 0.699 0.843 0.956 1.042 1.094 1.114 1.106 1.074 1.021 0.943 0.846 0.741 0.644 0.566 0.509 0.472 0.450 0.430 0.407 0.380 0.343 0.291 0.227 0.171 0.127 0.095 0.070 0.052 0.037 0.025 0.016 0.010 0.006 0.004 0.003 0.003 0.002 0.003 0.003 0.004 0.005 0.006 0.007 0.009 0.011 0.013 0.015 0.018 0.022 0.029
0.007 0.008 0.009 0.009 0.009 0.008 0.008 0.008 0.008 0.007 0.007 0.006 0.006 0.006 0.006 0.006 0.008 0.013 0.024 0.046 0.088 0.163 0.281 0.448 0.666 0.910 1.141 1.301 1.384 1.416 1.409 1.372 1.317 1.249 1.170 1.078 0.972 0.855 0.739 0.639 0.557 0.490 0.436 0.391 0.348 0.306 0.264 0.221 0.177 0.134 0.101 0.076 0.058 0.042 0.030 0.020 0.013 0.008 0.005 0.003 0.002 0.001 0.001 0.001 0.001 0.001 0.002 0.003 0.004 0.005 0.006 0.008 0.009 0.011 0.013 0.016 0.020
0.006 0.007 0.009 0.010 0.011 0.011 0.010 0.010 0.010 0.009 0.008 0.008 0.008 0.008 0.008 0.011 0.018 0.035 0.071 0.140 0.262 0.446 0.697 0.989 1.266 1.477 1.608 1.665 1.671 1.636 1.566 1.472 1.372 1.275 1.180 1.080 0.972 0.851 0.730 0.623 0.528 0.439 0.356 0.280 0.215 0.166 0.128 0.100 0.077 0.060 0.047 0.037 0.029 0.022 0.016 0.010 0.007 0.004 0.002 0.001 0.001 0.001 0.000 0.000 0.000 0.001 0.001 0.001 0.002 0.003 0.004 0.005 0.007 0.008 0.010 0.012 0.014
0.005 0.008 0.011 0.014 0.015 0.016 0.016 0.015 0.015 0.014 0.013 0.013 0.013 0.013 0.016 0.026 0.049 0.101 0.201 0.371 0.622 0.918 1.207 1.455 1.645 1.760 1.801 1.798 1.772 1.713 1.620 1.499 1.379 1.275 1.178 1.078 0.967 0.839 0.701 0.570 0.447 0.331 0.229 0.154 0.105 0.074 0.054 0.042 0.034 0.028 0.024 0.020 0.016 0.012 0.009 0.006 0.004 0.002 0.001 0.001 0.000 0.000 0.000 0.000 0.000 0.000 0.000 0.001 0.001 0.002 0.002 0.003 0.004 0.006 0.007 0.009 0.011
0.006 0.009 0.015 0.022 0.026 0.028 0.029 0.029 0.028 0.027 0.026 0.026 0.026 0.028 0.038 0.065 0.130 0.253 0.456 0.734 1.024 1.278 1.488 1.656 1.773 1.830 1.842 1.835 1.807 1.744 1.641 1.506 1.373 1.261 1.155 1.043 0.915 0.765 0.599 0.439 0.299 0.190 0.117 0.073 0.048 0.034 0.025 0.021 0.018 0.016 0.014 0.012 0.010 0.008 0.006 0.004 0.002 0.001 0.001 0.000 0.000 0.000 0.000 0.000 0.000 0.000 0.000 0.000 0.000 0.001 0.001 0.002 0.003 0.004 0.005 0.006 0.008
0.007 0.013 0.025 0.040 0.050 0.055 0.057 0.057 0.057 0.056 0.054 0.054 0.055 0.062 0.085 0.146 0.270 0.467 0.730 1.005 1.236 1.422 1.575 1.700 1.789 1.836 1.853 1.852 1.825 1.757 1.643 1.494 1.329 1.174 1.028 0.882 0.727 0.558 0.388 0.249 0.151 0.090 0.054 0.034 0.024 0.018 0.014 0.013 0.011 0.010 0.009 0.008 0.007 0.005 0.004 0.002 0.001 0.001 0.000 0.000 0.000 0.000 0.000 0.000 0.000 0.000 0.000 0.000 0.000 0.000 0.000 0.001 0.001 0.002 0.003 0.004 0.005
0.010 0.023 0.048 0.075 0.093 0.102 0.107 0.108 0.108 0.105 0.102 0.101 0.103 0.113 0.145 0.224 0.377 0.606 0.881 1.117 1.302 1.453 1.586 1.701 1.786 1.836 1.854 1.848 1.812 1.731 1.596 1.410 1.182 0.950 0.740 0.555 0.398 0.270 0.174 0.107 0.065 0.039 0.025 0.017 0.013 0.011 0.009 0.009 0.008 0.007 0.006 0.006 0.005 0.003 0.002 0.001 0.001 0.000 0.000 0.000 0.000 0.000 0.000 0.000 0.000 0.000 0.000 0.000 0.000 0.000 0.000 0.000 0.001 0.001 0.002 0.003 0.003
0.019 0.046 0.093 0.133 0.154 0.163 0.165 0.165 0.164 0.160 0.152 0.145 0.143 0.149 0.178 0.260 0.418 0.655 0.925 1.139 1.310 1.454 1.577 1.674 1.735 1.760 1.746 1.705 1.637 1.528 1.368 1.150 0.870 0.591 0.383 0.246 0.158 0.101 0.064 0.041 0.026 0.017 0.012 0.009 0.008 0.007 0.006 0.006 0.005 0.005 0.004 0.004 0.003 0.002 0.001 0.001 0.000 0.000 0.000 0.000 0.000 0.000 0.000 0.000 0.000 0.000 0.000 0.000 0.000 0.000 0.000 0.000 0.000 0.000 0.001 0.001 0.002
0.038 0.088 0.151 0.189 0.203 0.206 0.205 0.204 0.201 0.196 0.185 0.171 0.165 0.166 0.189 0.264 0.417 0.650 0.913 1.120 1.280 1.404 1.488 1.527 1.516 1.458 1.362 1.258 1.145 1.017 0.867 0.680 0.458 0.276 0.159 0.092 0.055 0.035 0.023 0.015 0.011 0.008 0.006 0.005 0.005 0.005 0.004 0.004 0.004 0.003 0.003 0.002 0.001 0.001 0.000 0.000 0.000 0.000 0.000 0.000 0.000 0.000 0.000 0.000 0.000 0.000 0.000 0.000 0.000 0.000 0.000 0.000 0.000 0.000 0.000 0.000 0.001
