RESULTS/r.avaflow_results/23_results/23_ascii/23_hflow30024.asc
ncols 506
nrows 317
xllcenter 498237.50
yllcenter 5580050.00
cellsize 12.50
NODATA_value -9999.000
[rows 136 to 169 of 317, columns 154 to 230 of 506]
0.000 0.000 0.000 0.000 0.000 0.000 0.000 0.000 0.000 0.000 0.000 0.000 0.000 0.000 0.000 0.000 0.000 0.000 0.000 0.000 0.000 0.000 0.000 0.000 0.000 0.000 0.000 0.000 0.000 0.000 0.000 0.000 0.000 0.000 0.000 0.000 0.000 0.000 0.000 0.000 0.000 0.000 0.000 0.000 0.000 0.000 0.000 0.000 0.000 0.000 0.000 0.000 0.000 0.000 0.000 0.000 0.000 0.000 0.000 0.000 0.000 0.000 0.000 0.000 0.000 0.000 0.000 0.000 0.000 0.000 0.000 0.000 0.000 0.000 0.000 0.000 0.000
0.000 0.000 0.000 0.000 0.000 0.000 0.000 0.000 0.000 0.000 0.000 0.000 0.000 0.000 0.000 0.000 0.000 0.000 0.000 0.000 0.000 0.000 0.000 0.000 0.000 0.000 0.000 0.000 0.000 0.000 0.000 0.000 0.000 0.000 0.000 0.000 0.000 0.000 0.000 0.000 0.000 0.000 0.000 0.000 0.000 0.000 0.000 0.000 0.000 0.000 0.000 0.000 0.000 0.000 0.000 0.000 0.000 0.000 0.000 0.000 0.000 0.000 0.000 0.000 0.000 0.000 0.000 0.000 0.000 0.000 0.000 0.000 0.000 0.000 0.000 0.000 0.000
0.000 0.000 0.000 0.000 0.000 0.000 0.000 0.000 0.000 0.000 0.000 0.000 0.000 0.000 0.000 0.000 0.000 0.000 0.000 0.000 0.000 0.000 0.000 0.000 0.000 0.000 0.000 0.000 0.000 0.000 0.000 0.000 0.000 0.000 0.000 0.000 0.000 0.000 0.000 0.000 0.000 0.000 0.000 0.000 0.000 0.000 0.000 0.000 0.000 0.000 0.000 0.000 0.000 0.000 0.000 0.000 0.000 0.000 0.000 0.000 0.000 0.000 0.000 0.000 0.000 0.000 0.000 0.000 0.000 0.000 0.000 0.000 0.000 0.000 0.000 0.000 0.000
0.000 0.000 0.000 0.000 0.000 0.000 0.000 0.000 0.000 0.000 0.000 0.000 0.000 0.000 0.000 0.000 0.000 0.000 0.000 0.000 0.000 0.000 0.000 0.000 0.000 0.000 0.000 0.000 0.000 0.000 0.000 0.000 0.000 0.000 0.000 0.000 0.000 0.000 0.000 0.000 0.000 0.000 0.000 0.000 0.000 0.000 0.000 0.000 0.000 0.000 0.000 0.000 0.000 0.000 0.000 0.000 0.000 0.000 0.000 0.000 0.000 0.000 0.000 0.000 0.000 0.000 0.000 0.000 0.000 0.000 0.000 0.000 0.000 0.000 0.000 0.000 0.000
0.000 0.000 0.000 0.000 0.000 0.000 0.000 0.000 0.000 0.000 0.000 0.000 0.000 0.000 0.000 0.000 0.000 0.000 0.000 0.000 0.000 0.000 0.000 0.000 0.000 0.000 0.000 0.000 0.000 0.000 0.000 0.000 0.000 0.000 0.000 0.000 0.000 0.000 0.000 0.000 0.000 0.000 0.000 0.000 0.000 0.000 0.000 0.000 0.000 0.000 0.000 0.000 0.000 0.000 0.000 0.000 0.000 0.000 0.000 0.000 0.000 0.000 0.000 0.000 0.000 0.000 0.000 0.000 0.000 0.000 0.000 0.000 0.000 0.000 0.000 0.000 0.000
0.000 0.000 0.000 0.000 0.000 0.000 0.000 0.000 0.000 0.000 0.000 0.000 0.000 0.000 0.000 0.000 0.000 0.000 0.000 0.000 0.000 0.000 0.000 0.000 0.000 0.000 0.000 0.000 0.000 0.000 0.000 0.000 0.000 0.000 0.000 0.000 0.000 0.000 0.000 0.000 0.000 0.000 0.000 0.000 0.000 0.000 0.000 0.000 0.000 0.000 0.000 0.000 0.000 0.000 0.000 0.000 0.000 0.000 0.000 0.000 0.000 0.000 0.000 0.000 0.000 0.000 0.000 0.000 0.000 0.000 0.000 0.000 0.000 0.000 0.000 0.000 0.000
0.000 0.000 0.000 0.000 0.000 0.000 0.000 0.000 0.000 0.000 0.000 0.000 0.000 0.000 0.000 0.000 0.000 0.000 0.000 0.000 0.000 0.000 0.000 0.000 0.000 0.000 0.000 0.000 0.000 0.000 0.000 0.000 0.000 0.000 0.000 0.000 0.000 0.000 0.000 0.000 0.000 0.000 0.000 0.000 0.000 0.000 0.000 0.000 0.000 0.000 0.000 0.000 0.000 0.000 0.000 0.000 0.000 0.000 0.000 0.000 0.000 0.000 0.000 0.000 0.000 0.000 0.000 0.000 0.000 0.000 0.000 0.000 0.000 0.000 0.000 0.000 0.000
0.000 0.000 0.000 0.000 0.000 0.000 0.000 0.000 0.000 0.000 0.000 0.000 0.000 0.000 0.000 0.000 0.000 0.000 0.000 0.000 0.000 0.000 0.000 0.000 0.000 0.000 0.000 0.000 0.000 0.000 0.000 0.000 0.000 0.000 0.000 0.000 0.000 0.000 0.000 0.000 0.000 0.000 0.000 0.000 0.000 0.000 0.000 0.000 0.000 0.000 0.000 0.000 0.000 0.000 0.000 0.000 0.000 0.000 0.000 0.000 0.000 0.000 0.000 0.000 0.000 0.000 0.000 0.000 0.000 0.000 0.000 0.000 0.000 0.000 0.000 0.000 0.000
0.000 0.000 0.000 0.000 0.000 0.000 0.000 0.000 0.000 0.000 0.000 0.000 0.000 0.000 0.000 0.000 0.000 0.000 0.000 0.000 0.000 0.000 0.000 0.000 0.000 0.000 0.000 0.000 0.000 0.000 0.000 0.000 0.000 0.000 0.000 0.000 0.000 0.000 0.000 0.000 0.000 0.000 0.000 0.000 0.000 0.000 0.000 0.000 0.000 0.000 0.000 0.000 0.000 0.000 0.000 0.000 0.000 0.000 0.000 0.000 0.000 0.000 0.000 0.000 0.000 0.000 0.000 0.000 0.000 0.000 0.000 0.000 0.000 0.000 0.000 0.000 0.000
0.000 0.000 0.000 0.000 0.000 0.000 0.000 0.000 0.000 0.000 0.000 0.000 0.000 0.000 0.000 0.000 0.000 0.000 0.000 0.000 0.000 0.000 0.000 0.000 0.000 0.000 0.000 0.000 0.000 0.000 0.000 0.000 0.000 0.000 0.000 0.000 0.000 0.000 0.000 0.000 0.000 0.000 0.000 0.000 0.000 0.000 0.000 0.000 0.000 0.000 0.000 0.000 0.000 0.000 0.000 0.000 0.000 0.000 0.000 0.000 0.000 0.000 0.000 0.000 0.000 0.000 0.000 0.000 0.000 0.000 0.000 0.000 0.000 0.000 0.000 0.000 0.000
0.000 0.000 0.000 0.000 0.000 0.000 0.000 0.000 0.000 0.000 0.000 0.000 0.000 0.000 0.000 0.000 0.000 0.000 0.000 0.000 0.000 0.000 0.000 0.000 0.000 0.000 0.000 0.000 0.000 0.000 0.000 0.000 0.000 0.000 0.000 0.000 0.000 0.000 0.000 0.000 0.000 0.000 0.000 0.000 0.000 0.000 0.000 0.000 0.000 0.000 0.000 0.000 0.000 0.000 0.000 0.000 0.000 0.000 0.000 0.000 0.000 0.000 0.000 0.000 0.000 0.000 0.000 0.000 0.000 0.000 0.000 0.000 0.000 0.000 0.000 0.000 0.000
0.000 0.000 0.000 0.000 0.000 0.000 0.000 0.000 0.000 0.000 0.000 0.000 0.000 0.000 0.000 0.000 0.000 0.000 0.000 0.000 0.000 0.000 0.000 0.000 0.000 0.000 0.000 0.000 0.000 0.000 0.000 0.000 0.000 0.000 0.000 0.000 0.000 0.000 0.000 0.000 0.000 0.000 0.000 0.000 0.000 0.000 0.000 0.000 0.000 0.000 0.000 0.000 0.000 0.000 0.000 0.000 0.000 0.000 0.000 0.000 0.000 0.000 0.000 0.000 0.000 0.000 0.000 0.000 0.000 0.000 0.000 0.000 0.000 0.000 0.000 0.000 0.000
0.000 0.000 0.000 0.000 0.000 0.000 0.000 0.000 0.000 0.000 0.000 0.000 0.000 0.000 0.000 0.000 0.000 0.000 0.000 0.000 0.000 0.000 0.000 0.000 0.000 0.000 0.000 0.000 0.000 0.000 0.000 0.000 0.000 0.000 0.000 0.000 0.000 0.000 0.000 0.000 0.000 0.000 0.000 0.000 0.000 0.000 0.000 0.000 0.000 0.000 0.000 0.000 0.000 0.000 0.000 0.000 0.000 0.000 0.000 0.000 0.000 0.000 0.000 0.000 0.000 0.000 0.000 0.000 0.000 0.000 0.000 0.000 0.000 0.000 0.000 0.000 0.000
0.001 0.001 0.001 0.001 0.001 0.000 0.000 0.000 0.000 0.000 0.000 0.000 0.000 0.000 0.000 0.000 0.000 0.000 0.000 0.000 0.000 0.000 0.000 0.000 0.000 0.000 0.000 0.000 0.000 0.000 0.000 0.000 0.000 0.000 0.000 0.000 0.000 0.000 0.000 0.000 0.000 0.000 0.000 0.000 0.000 0.000 0.000 0.000 0.000 0.000 0.000 0.000 0.000 0.000 0.000 0.000 0.000 0.000 0.000 0.000 0.000 0.000 0.000 0.000 0.000 0.000 0.000 0.000 0.000 0.000 0.000 0.000 0.000 0.000 0.000 0.000 0.000
0.002 0.002 0.002 0.001 0.001 0.001 0.001 0.001 0.001 0.001 0.000 0.000 0.000 0.000 0.000 0.000 0.000 0.000 0.000 0.000 0.000 0.000 0.000 0.000 0.000 0.000 0.000 0.000 0.000 0.000 0.000 0.000 0.000 0.000 0.000 0.000 0.000 0.000 0.000 0.000 0.000 0.000 0.000 0.000 0.000 0.000 0.000 0.000 0.000 0.000 0.000 0.000 0.000 0.000 0.000 0.000 0.000 0.000 0.000 0.000 0.000 0.000 0.000 0.000 0.000 0.000 0.000 0.000 0.000 0.000 0.000 0.000 0.000 0.000 0.000 0.000 0.000
0.003 0.003 0.003 0.003 0.002 0.002 0.002 0.002 0.001 0.001 0.001 0.001 0.001 0.000 0.000 0.000 0.000 0.000 0.000 0.000 0.000 0.000 0.000 0.000 0.000 0.000 0.000 0.000 0.000 0.000 0.000 0.000 0.000 0.000 0.000 0.000 0.000 0.000 0.000 0.000 0.000 0.000 0.000 0.000 0.000 0.000 0.000 0.001 0.001 0.001 0.001 0.001 0.001 0.001 0.001 0.001 0.001 0.001 0.001 0.001 0.001 0.001 0.001 0.001 0.001 0.001 0.001 0.001 0.001 0.001 0.001 0.001 0.001 0.001 0.001 0.001 0.001
0.005 0.004 0.004 0.004 0.004 0.003 0.003 0.003 0.002 0.002 0.002 0.002 0.001 0.001 0.001 0.001 0.001 0.000 0.000 0.000 0.000 0.000 0.000 0.000 0.000 0.000 0.000 0.000 0.000 0.000 0.000 0.000 0.000 0.000 0.000 0.000 0.000 0.000 0.000 0.000 0.000 0.000 0.000 0.000 0.000 0.001 0.001 0.002 0.003 0.003 0.003 0.003 0.003 0.003 0.003 0.003 0.003 0.003 0.003 0.003 0.003 0.003 0.003 0.003 0.003 0.003 0.003 0.003 0.003 0.003 0.003 0.003 0.003 0.003 0.003 0.002 0.002
0.006 0.006 0.006 0.005 0.005 0.005 0.004 0.004 0.004 0.003 0.003 0.003 0.002 0.002 0.002 0.002 0.001 0.001 0.001 0.001 0.001 0.000 0.000 0.000 0.000 0.000 0.000 0.000 0.000 0.000 0.000 0.000 0.000 0.000 0.000 0.000 0.000 0.000 0.000 0.000 0.000 0.000 0.000 0.001 0.001 0.002 0.003 0.005 0.006 0.006 0.007 0.007 0.007 0.007 0.007 0.007 0.007 0.006 0.006 0.006 0.006 0.006 0.006 0.006 0.006 0.006 0.006 0.007 0.007 0.007 0.007 0.007 0.007 0.006 0.006 0.005 0.004
0.009 0.008 0.007 0.007 0.006 0.006 0.006 0.005 0.005 0.005 0.004 0.004 0.004 0.003 0.003 0.003 0.002 0.002 0.002 0.002 0.002 0.001 0.001 0.001 0.001 0.001 0.001 0.001 0.001 0.001 0.001 0.001 0.001 0.001 0.001 0.001 0.001 0.001 0.001 0.001 0.001 0.001 0.001 0.002 0.003 0.005 0.006 0.008 0.010 0.011 0.011 0.012 0.012 0.012 0.012 0.011 0.011 0.011 0.011 0.011 0.011 0.011 0.011 0.011 0.011 0.011 0.011 0.011 0.012 0.012 0.012 0.012 0.011 0.011 0.010 0.009 0.007
0.011 0.010 0.009 0.009 0.008 0.007 0.007 0.007 0.006 0.006 0.006 0.005 0.005 0.005 0.004 0.004 0.004 0.004 0.003 0.003 0.003 0.003 0.003 0.003 0.002 0.002 0.002 0.002 0.002 0.002 0.002 0.002 0.002 0.002 0.002 0.002 0.002 0.002 0.002 0.002 0.003 0.003 0.004 0.005 0.006 0.008 0.010 0.013 0.015 0.017 0.018 0.018 0.018 0.018 0.018 0.018 0.018 0.017 0.017 0.017 0.017 0.017 0.017 0.017 0.017 0.018 0.018 0.019 0.019 0.019 0.019 0.019 0.019 0.018 0.016 0.014 0.011
0.016 0.013 0.012 0.011 0.010 0.009 0.009 0.008 0.008 0.008 0.007 0.007 0.007 0.006 0.006 0.006 0.006 0.005 0.005 0.005 0.005 0.004 0.004 0.004 0.004 0.004 0.004 0.004 0.004 0.004 0.004 0.004 0.004 0.004 0.004 0.004 0.004 0.004 0.004 0.005 0.005 0.006 0.007 0.008 0.010 0.012 0.016 0.019 0.022 0.024 0.026 0.026 0.027 0.027 0.027 0.027 0.028 0.028 0.028 0.029 0.029 0.029 0.028 0.028 0.028 0.029 0.031 0.033 0.034 0.034 0.034 0.034 0.034 0.032 0.027 0.021 0.017
0.024 0.019 0.016 0.014 0.012 0.011 0.011 0.010 0.010 0.010 0.009 0.009 0.009 0.009 0.008 0.008 0.008 0.007 0.007 0.007 0.007 0.007 0.006 0.006 0.006 0.006 0.006 0.006 0.006 0.006 0.006 0.006 0.006 0.006 0.006 0.006 0.007 0.007 0.007 0.008 0.008 0.009 0.011 0.013 0.015 0.018 0.022 0.027 0.031 0.034 0.036 0.038 0.039 0.041 0.043 0.045 0.046 0.048 0.050 0.053 0.054 0.054 0.054 0.053 0.053 0.055 0.058 0.062 0.067 0.069 0.070 0.069 0.068 0.061 0.046 0.033 0.026
0.049 0.032 0.023 0.019 0.016 0.014 0.013 0.013 0.012 0.012 0.012 0.011 0.011 0.011 0.011 0.010 0.010 0.010 0.010 0.009 0.009 0.009 0.009 0.009 0.009 0.009 0.009 0.009 0.009 0.009 0.009 0.009 0.009 0.009 0.009 0.009 0.010 0.010 0.011 0.011 0.012 0.014 0.016 0.018 0.020 0.024 0.029 0.036 0.042 0.047 0.050 0.054 0.058 0.063 0.070 0.077 0.084 0.092 0.101 0.110 0.116 0.119 0.119 0.118 0.118 0.121 0.127 0.135 0.149 0.161 0.164 0.164 0.157 0.136 0.094 0.060 0.043
0.137 0.075 0.045 0.030 0.024 0.020 0.018 0.016 0.015 0.015 0.015 0.014 0.014 0.014 0.014 0.014 0.013 0.013 0.013 0.012 0.012 0.012 0.012 0.012 0.012 0.012 0.012 0.012 0.012 0.012 0.012 0.012 0.013 0.013 0.013 0.013 0.014 0.014 0.015 0.016 0.017 0.019 0.021 0.024 0.027 0.031 0.038 0.046 0.055 0.062 0.069 0.076 0.086 0.099 0.117 0.137 0.160 0.182 0.205 0.228 0.249 0.268 0.279 0.283 0.285 0.290 0.301 0.321 0.365 0.411 0.423 0.419 0.397 0.336 0.223 0.127 0.080
0.436 0.225 0.115 0.065 0.043 0.032 0.026 0.023 0.020 0.019 0.019 0.019 0.019 0.018 0.018 0.018 0.017 0.017 0.016 0.016 0.016 0.016 0.015 0.015 0.015 0.015 0.015 0.015 0.016 0.016 0.016 0.016 0.017 0.017 0.017 0.018 0.018 0.018 0.019 0.020 0.022 0.024 0.027 0.031 0.035 0.041 0.048 0.058 0.070 0.082 0.095 0.111 0.133 0.163 0.203 0.253 0.307 0.357 0.405 0.454 0.505 0.560 0.604 0.632 0.651 0.670 0.698 0.750 0.859 1.012 1.070 1.051 0.977 0.824 0.559 0.306 0.171
1.118 0.633 0.334 0.177 0.102 0.066 0.047 0.037 0.031 0.028 0.026 0.026 0.026 0.026 0.025 0.025 0.024 0.023 0.022 0.022 0.021 0.020 0.020 0.019 0.019 0.019 0.020 0.020 0.020 0.020 0.020 0.021 0.021 0.022 0.022 0.023 0.023 0.024 0.025 0.027 0.029 0.032 0.036 0.041 0.047 0.055 0.065 0.077 0.093 0.113 0.140 0.175 0.223 0.289 0.377 0.486 0.593 0.688 0.781 0.873 0.965 1.058 1.136 1.193 1.238 1.285 1.349 1.442 1.594 1.845 2.106 2.193 2.095 1.824 1.330 0.746 0.396
2.203 1.412 0.850 0.492 0.283 0.169 0.109 0.076 0.057 0.047 0.042 0.040 0.040 0.040 0.040 0.039 0.037 0.035 0.033 0.031 0.030 0.028 0.026 0.026 0.025 0.025 0.025 0.025 0.025 0.025 0.026 0.026 0.026 0.027 0.027 0.028 0.029 0.031 0.033 0.035 0.038 0.043 0.049 0.057 0.067 0.080 0.094 0.113 0.139 0.177 0.231 0.306 0.413 0.556 0.743 0.933 1.090 1.206 1.290 1.354 1.410 1.462 1.513 1.564 1.619 1.688 1.775 1.879 2.018 2.253 2.645 2.997 3.105 2.984 2.522 1.674 0.898
3.511 2.553 1.726 1.128 0.714 0.443 0.279 0.184 0.129 0.097 0.082 0.076 0.076 0.076 0.075 0.073 0.069 0.063 0.058 0.053 0.049 0.043 0.039 0.036 0.035 0.035 0.034 0.034 0.033 0.033 0.032 0.033 0.033 0.033 0.034 0.035 0.037 0.040 0.044 0.048 0.054 0.062 0.074 0.089 0.107 0.127 0.151 0.184 0.234 0.310 0.422 0.584 0.817 1.082 1.315 1.454 1.515 1.537 1.551 1.564 1.572 1.583 1.603 1.639 1.696 1.770 1.859 1.960 2.085 2.298 2.688 3.210 3.500 3.534 3.320 2.707 1.769
4.638 3.742 2.837 2.055 1.444 0.990 0.671 0.460 0.325 0.244 0.200 0.180 0.174 0.172 0.170 0.162 0.149 0.134 0.122 0.110 0.098 0.084 0.068 0.059 0.054 0.052 0.050 0.049 0.047 0.044 0.043 0.043 0.043 0.043 0.045 0.048 0.051 0.056 0.063 0.072 0.086 0.104 0.128 0.155 0.186 0.221 0.266 0.332 0.433 0.582 0.811 1.119 1.414 1.602 1.682 1.692 1.656 1.612 1.591 1.585 1.576 1.567 1.570 1.587 1.623 1.679 1.744 1.815 1.911 2.078 2.412 2.998 3.499 3.635 3.556 3.201 2.518
5.485 4.665 3.843 3.074 2.397 1.829 1.380 1.045 0.807 0.648 0.550 0.494 0.465 0.445 0.424 0.391 0.357 0.326 0.298 0.271 0.241 0.200 0.151 0.118 0.099 0.090 0.085 0.080 0.074 0.068 0.063 0.062 0.062 0.063 0.067 0.073 0.081 0.091 0.106 0.128 0.159 0.199 0.245 0.295 0.349 0.412 0.500 0.636 0.838 1.094 1.378 1.624 1.758 1.799 1.778 1.726 1.649 1.575 1.529 1.500 1.470 1.439 1.420 1.409 1.408 1.412 1.412 1.422 1.454 1.537 1.746 2.264 3.041 3.483 3.515 3.308 2.861
6.175 5.436 4.745 4.085 3.463 2.903 2.419 2.024 1.725 1.517 1.377 1.281 1.207 1.134 1.037 0.920 0.838 0.782 0.731 0.675 0.603 0.496 0.367 0.274 0.218 0.188 0.170 0.155 0.139 0.124 0.113 0.109 0.109 0.112 0.120 0.133 0.150 0.175 0.213 0.267 0.332 0.407 0.489 0.577 0.671 0.789 0.970 1.215 1.443 1.606 1.724 1.801 1.827 1.812 1.753 1.649 1.514 1.390 1.294 1.221 1.160 1.111 1.076 1.045 1.010 0.963 0.902 0.874 0.875 0.907 1.008 1.298 2.026 2.897 3.229 3.189 2.922
6.859 6.204 5.654 5.140 4.632 4.144 3.715 3.356 3.082 2.893 2.758 2.647 2.535 2.387 2.161 1.891 1.712 1.607 1.514 1.409 1.260 1.036 0.776 0.584 0.465 0.399 0.362 0.331 0.299 0.266 0.243 0.232 0.230 0.237 0.254 0.281 0.321 0.382 0.469 0.578 0.695 0.822 0.963 1.118 1.277 1.445 1.626 1.762 1.814 1.807 1.801 1.798 1.771 1.695 1.552 1.356 1.149 0.966 0.831 0.738 0.678 0.647 0.630 0.617 0.602 0.578 0.542 0.525 0.525 0.539 0.591 0.739 1.136 1.960 2.623 2.823 2.767
7.665 7.148 6.740 6.376 5.996 5.578 5.232 4.974 4.786 4.663 4.578 4.493 4.373 4.164 3.828 3.403 3.060 2.827 2.632 2.425 2.157 1.781 1.363 1.045 0.840 0.733 0.684 0.653 0.622 0.580 0.542 0.524 0.522 0.537 0.568 0.616 0.692 0.815 0.993 1.181 1.353 1.521 1.687 1.829 1.929 1.985 1.996 1.952 1.887 1.810 1.732 1.635 1.493 1.289 1.045 0.814 0.645 0.531 0.460 0.419 0.394 0.379 0.373 0.371 0.367 0.358 0.343 0.337 0.340 0.351 0.383 0.464 0.674 1.159 1.821 2.245 2.413
8.742 8.480 8.257 8.043 7.794 7.475 7.227 7.068 6.956 6.881 6.829 6.771 6.663 6.444 6.075 5.559 5.006 4.510 4.070 3.650 3.193 2.637 2.062 1.614 1.311 1.148 1.094 1.089 1.087 1.072 1.052 1.051 1.072 1.114 1.170 1.242 1.351 1.529 1.738 1.888 1.990 2.071 2.144 2.187 2.191 2.150 2.061 1.937 1.789 1.614 1.398 1.140 0.876 0.660 0.507 0.406 0.338 0.295 0.271 0.260 0.253 0.247 0.243 0.241 0.238 0.232 0.227 0.226 0.231 0.244 0.268 0.319 0.437 0.701 1.165 1.634 1.960
