RESULTS/r.avaflow_results/23_results/23_ascii/23_hflow30023.asc
ncols 506
nrows 317
xllcenter 498237.50
yllcenter 5580050.00
cellsize 12.50
NODATA_value -9999.000
[rows 170 to 203 of 317, columns 154 to 230 of 506]
10.328 10.394 10.424 10.408 10.331 10.204 10.099 10.022 9.944 9.862 9.778 9.695 9.587 9.391 9.031 8.459 7.709 6.884 6.070 5.292 4.525 3.726 2.968 2.365 1.940 1.680 1.554 1.519 1.531 1.557 1.597 1.667 1.759 1.822 1.864 1.905 1.963 2.064 2.189 2.268 2.311 2.335 2.365 2.397 2.401 2.362 2.252 2.059 1.792 1.467 1.122 0.810 0.585 0.445 0.359 0.304 0.269 0.248 0.239 0.236 0.234 0.229 0.223 0.215 0.204 0.191 0.183 0.181 0.184 0.193 0.210 0.247 0.329 0.509 0.848 1.303 1.705
12.306 12.775 13.114 13.324 13.419 13.439 13.413 13.350 13.258 13.145 13.016 12.882 12.739 12.544 12.196 11.603 10.741 9.676 8.527 7.371 6.220 5.106 4.086 3.242 2.617 2.186 1.914 1.771 1.726 1.747 1.816 1.945 2.109 2.195 2.220 2.228 2.241 2.282 2.338 2.362 2.364 2.344 2.315 2.273 2.196 2.052 1.799 1.415 1.000 0.669 0.457 0.325 0.243 0.194 0.168 0.155 0.149 0.149 0.153 0.157 0.159 0.158 0.154 0.147 0.136 0.126 0.122 0.122 0.125 0.134 0.149 0.180 0.243 0.372 0.614 0.983 1.375
14.102 14.983 15.581 15.939 16.118 16.188 16.209 16.185 16.127 16.037 15.922 15.789 15.651 15.475 15.166 14.611 13.757 12.638 11.343 9.951 8.508 7.068 5.710 4.523 3.579 2.873 2.364 2.039 1.875 1.830 1.863 1.984 2.172 2.262 2.277 2.267 2.262 2.279 2.304 2.306 2.266 2.162 1.996 1.782 1.529 1.222 0.882 0.574 0.370 0.247 0.176 0.133 0.107 0.093 0.087 0.087 0.090 0.096 0.104 0.109 0.110 0.110 0.107 0.102 0.092 0.086 0.084 0.085 0.088 0.095 0.108 0.134 0.186 0.291 0.486 0.796 1.160
15.225 16.404 17.202 17.699 18.006 18.214 18.371 18.482 18.536 18.535 18.487 18.411 18.321 18.194 17.942 17.432 16.600 15.484 14.198 12.796 11.276 9.642 7.959 6.371 5.019 3.924 3.071 2.461 2.085 1.902 1.859 1.922 2.075 2.164 2.176 2.149 2.122 2.112 2.102 2.056 1.916 1.626 1.244 0.901 0.647 0.454 0.303 0.199 0.134 0.097 0.075 0.062 0.055 0.052 0.052 0.054 0.059 0.066 0.073 0.076 0.077 0.077 0.075 0.070 0.065 0.061 0.061 0.061 0.064 0.069 0.080 0.102 0.147 0.237 0.403 0.673 1.012
15.648 16.974 17.926 18.588 19.087 19.500 19.871 20.195 20.431 20.569 20.625 20.639 20.623 20.563 20.385 19.959 19.212 18.156 16.887 15.492 13.988 12.338 10.505 8.551 6.739 5.216 4.003 3.083 2.430 2.023 1.823 1.771 1.826 1.882 1.873 1.801 1.725 1.668 1.602 1.467 1.194 0.823 0.518 0.340 0.232 0.160 0.109 0.077 0.058 0.046 0.040 0.036 0.034 0.034 0.035 0.037 0.041 0.047 0.051 0.053 0.054 0.053 0.052 0.049 0.046 0.045 0.044 0.045 0.047 0.052 0.061 0.081 0.121 0.199 0.341 0.573 0.886
15.590 16.958 17.997 18.775 19.444 20.072 20.656 21.175 21.589 21.866 22.010 22.093 22.162 22.183 22.103 21.819 21.254 20.377 19.205 17.791 16.198 14.438 12.451 10.186 7.964 6.099 4.625 3.515 2.702 2.129 1.770 1.582 1.494 1.418 1.287 1.130 1.009 0.914 0.821 0.703 0.525 0.327 0.201 0.130 0.090 0.065 0.048 0.038 0.032 0.028 0.026 0.025 0.024 0.024 0.025 0.027 0.030 0.034 0.036 0.037 0.038 0.037 0.036 0.035 0.033 0.033 0.033 0.033 0.035 0.040 0.050 0.069 0.105 0.174 0.294 0.488 0.764
15.080 16.497 17.655 18.582 19.384 20.132 20.815 21.421 21.934 22.298 22.486 22.598 22.730 22.862 22.881 22.742 22.373 21.709 20.691 19.303 17.617 15.711 13.553 11.060 8.556 6.476 4.862 3.667 2.790 2.154 1.704 1.376 1.100 0.840 0.619 0.481 0.411 0.369 0.331 0.282 0.207 0.130 0.083 0.057 0.042 0.033 0.027 0.024 0.021 0.020 0.019 0.018 0.018 0.018 0.019 0.020 0.021 0.024 0.025 0.026 0.026 0.026 0.025 0.024 0.023 0.023 0.023 0.025 0.027 0.033 0.043 0.062 0.096 0.156 0.260 0.422 0.659
14.035 15.533 16.854 17.995 18.988 19.850 20.571 21.192 21.729 22.119 22.328 22.447 22.603 22.839 22.925 22.860 22.587 22.037 21.133 19.810 18.092 16.091 13.831 11.237 8.635 6.486 4.833 3.622 2.730 2.053 1.512 1.053 0.670 0.403 0.253 0.183 0.154 0.140 0.128 0.110 0.083 0.057 0.041 0.031 0.025 0.021 0.018 0.017 0.015 0.015 0.014 0.014 0.013 0.013 0.014 0.014 0.015 0.016 0.017 0.017 0.018 0.017 0.017 0.016 0.016 0.016 0.016 0.018 0.021 0.027 0.038 0.056 0.088 0.143 0.234 0.374 0.578
12.558 14.166 15.665 17.010 18.161 19.085 19.793 20.369 20.868 21.247 21.490 21.649 21.850 22.131 22.250 22.210 21.994 21.541 20.745 19.505 17.816 15.789 13.473 10.838 8.261 6.134 4.484 3.262 2.350 1.638 1.055 0.600 0.315 0.169 0.102 0.074 0.063 0.058 0.053 0.047 0.039 0.030 0.024 0.020 0.017 0.015 0.013 0.012 0.011 0.011 0.010 0.010 0.010 0.009 0.009 0.010 0.010 0.011 0.011 0.011 0.011 0.011 0.011 0.010 0.010 0.010 0.011 0.012 0.015 0.021 0.032 0.051 0.081 0.132 0.213 0.336 0.511
10.748 12.455 14.109 15.575 16.799 17.745 18.440 18.947 19.326 19.627 19.909 20.209 20.442 20.595 20.633 20.559 20.370 20.003 19.321 18.180 16.539 14.496 12.151 9.602 7.227 5.236 3.634 2.398 1.493 0.865 0.467 0.243 0.126 0.071 0.046 0.036 0.031 0.029 0.027 0.025 0.022 0.019 0.017 0.014 0.013 0.011 0.010 0.009 0.008 0.008 0.007 0.007 0.006 0.006 0.006 0.006 0.006 0.007 0.007 0.007 0.007 0.007 0.006 0.006 0.006 0.006 0.006 0.008 0.011 0.016 0.027 0.045 0.074 0.120 0.193 0.302 0.453
8.663 10.347 12.100 13.649 14.924 15.915 16.633 17.096 17.366 17.609 17.993 18.504 18.743 18.749 18.668 18.523 18.290 17.891 17.176 15.980 14.269 12.141 9.791 7.511 5.490 3.728 2.262 1.219 0.609 0.303 0.158 0.088 0.052 0.034 0.025 0.021 0.019 0.018 0.017 0.016 0.015 0.014 0.012 0.011 0.009 0.008 0.007 0.006 0.006 0.005 0.004 0.004 0.004 0.004 0.004 0.004 0.004 0.004 0.004 0.004 0.004 0.004 0.003 0.003 0.003 0.003 0.004 0.005 0.007 0.012 0.021 0.038 0.065 0.108 0.175 0.272 0.406
6.631 8.001 9.629 11.292 12.712 13.836 14.660 15.201 15.547 15.871 16.354 16.898 17.106 17.089 16.986 16.818 16.501 15.876 14.828 13.288 11.241 8.790 6.470 4.612 3.128 1.912 1.002 0.449 0.193 0.095 0.056 0.037 0.026 0.020 0.017 0.015 0.014 0.013 0.012 0.012 0.011 0.010 0.009 0.008 0.007 0.006 0.005 0.004 0.003 0.003 0.002 0.002 0.002 0.002 0.002 0.002 0.002 0.002 0.002 0.002 0.002 0.002 0.002 0.001 0.001 0.001 0.002 0.003 0.004 0.008 0.015 0.030 0.054 0.094 0.155 0.243 0.364
4.955 5.990 7.255 8.764 10.313 11.636 12.639 13.328 13.785 14.191 14.695 15.135 15.298 15.293 15.211 15.021 14.582 13.675 12.160 10.019 7.375 4.855 3.084 1.971 1.223 0.678 0.315 0.129 0.060 0.036 0.026 0.020 0.017 0.014 0.012 0.011 0.011 0.010 0.009 0.009 0.008 0.007 0.006 0.005 0.004 0.004 0.003 0.002 0.002 0.001 0.001 0.001 0.001 0.001 0.001 0.001 0.001 0.001 0.001 0.001 0.001 0.001 0.000 0.000 0.000 0.000 0.001 0.001 0.002 0.005 0.010 0.020 0.041 0.077 0.132 0.212 0.324
3.642 4.392 5.310 6.430 7.793 9.207 10.380 11.227 11.793 12.208 12.549 12.761 12.841 12.847 12.762 12.466 11.787 10.490 8.353 5.708 3.396 1.864 0.991 0.549 0.307 0.162 0.079 0.040 0.026 0.019 0.016 0.014 0.012 0.011 0.010 0.009 0.008 0.008 0.007 0.007 0.006 0.005 0.004 0.004 0.003 0.002 0.002 0.001 0.001 0.001 0.000 0.000 0.000 0.000 0.000 0.000 0.000 0.000 0.000 0.000 0.000 0.000 0.000 0.000 0.000 0.000 0.000 0.000 0.001 0.003 0.006 0.013 0.027 0.055 0.103 0.176 0.279
2.615 3.118 3.711 4.422 5.287 6.375 7.540 8.485 9.099 9.422 9.541 9.540 9.466 9.326 9.029 8.444 7.403 5.757 3.759 2.060 0.992 0.443 0.211 0.117 0.070 0.043 0.027 0.019 0.015 0.013 0.011 0.010 0.009 0.008 0.007 0.007 0.006 0.006 0.005 0.005 0.004 0.004 0.003 0.002 0.002 0.001 0.001 0.000 0.000 0.000 0.000 0.000 0.000 0.000 0.000 0.000 0.000 0.000 0.000 0.000 0.000 0.000 0.000 0.000 0.000 0.000 0.000 0.000 0.000 0.001 0.003 0.007 0.016 0.034 0.069 0.129 0.222
1.785 2.078 2.401 2.765 3.196 3.741 4.443 5.116 5.578 5.778 5.790 5.703 5.468 5.056 4.532 3.924 3.107 2.016 1.030 0.442 0.180 0.085 0.050 0.034 0.025 0.019 0.015 0.013 0.011 0.010 0.008 0.008 0.007 0.006 0.006 0.005 0.005 0.004 0.004 0.003 0.003 0.003 0.002 0.002 0.001 0.001 0.000 0.000 0.000 0.000 0.000 0.000 0.000 0.000 0.000 0.000 0.000 0.000 0.000 0.000 0.000 0.000 0.000 0.000 0.000 0.000 0.000 0.000 0.000 0.000 0.001 0.004 0.009 0.019 0.041 0.082 0.155
1.100 1.227 1.363 1.507 1.668 1.874 2.164 2.480 2.691 2.775 2.776 2.692 2.444 2.005 1.566 1.206 0.831 0.426 0.179 0.076 0.040 0.027 0.021 0.017 0.014 0.012 0.010 0.009 0.008 0.007 0.006 0.006 0.005 0.005 0.004 0.004 0.003 0.003 0.003 0.002 0.002 0.002 0.002 0.001 0.001 0.000 0.000 0.000 0.000 0.000 0.000 0.000 0.000 0.000 0.000 0.000 0.000 0.000 0.000 0.000 0.000 0.000 0.000 0.000 0.000 0.000 0.000 0.000 0.000 0.000 0.001 0.002 0.004 0.010 0.022 0.047 0.095
0.569 0.603 0.647 0.689 0.723 0.761 0.823 0.906 0.955 0.967 0.951 0.891 0.747 0.520 0.353 0.247 0.151 0.075 0.037 0.023 0.017 0.015 0.013 0.011 0.010 0.009 0.008 0.007 0.006 0.005 0.005 0.004 0.004 0.003 0.003 0.003 0.002 0.002 0.002 0.002 0.002 0.001 0.001 0.001 0.001 0.000 0.000 0.000 0.000 0.000 0.000 0.000 0.000 0.000 0.000 0.000 0.000 0.000 0.000 0.000 0.000 0.000 0.000 0.000 0.000 0.000 0.000 0.000 0.000 0.000 0.000 0.001 0.002 0.004 0.010 0.024 0.051
0.229 0.232 0.241 0.248 0.247 0.240 0.236 0.238 0.234 0.228 0.217 0.198 0.160 0.104 0.072 0.051 0.033 0.022 0.016 0.013 0.011 0.010 0.009 0.008 0.007 0.006 0.005 0.005 0.004 0.004 0.003 0.003 0.002 0.002 0.002 0.002 0.002 0.002 0.001 0.001 0.001 0.001 0.001 0.001 0.000 0.000 0.000 0.000 0.000 0.000 0.000 0.000 0.000 0.000 0.000 0.000 0.000 0.000 0.000 0.000 0.000 0.000 0.000 0.000 0.000 0.000 0.000 0.000 0.000 0.000 0.000 0.000 0.001 0.002 0.004 0.010 0.024
0.062 0.062 0.064 0.067 0.067 0.063 0.058 0.054 0.051 0.049 0.046 0.043 0.036 0.026 0.020 0.016 0.013 0.011 0.009 0.008 0.007 0.007 0.006 0.005 0.005 0.004 0.004 0.003 0.003 0.002 0.002 0.002 0.002 0.002 0.001 0.001 0.001 0.001 0.001 0.001 0.001 0.001 0.001 0.001 0.000 0.000 0.000 0.000 0.000 0.000 0.000 0.000 0.000 0.000 0.000 0.000 0.000 0.000 0.000 0.000 0.000 0.000 0.000 0.000 0.000 0.000 0.000 0.000 0.000 0.000 0.000 0.000 0.000 0.001 0.002 0.004 0.010
0.011 0.011 0.012 0.013 0.014 0.014 0.013 0.013 0.012 0.012 0.012 0.012 0.012 0.010 0.009 0.008 0.007 0.007 0.006 0.005 0.005 0.005 0.004 0.004 0.003 0.003 0.002 0.002 0.002 0.002 0.001 0.001 0.001 0.001 0.001 0.001 0.001 0.001 0.001 0.001 0.001 0.001 0.001 0.001 0.000 0.000 0.000 0.000 0.000 0.000 0.000 0.000 0.000 0.000 0.000 0.000 0.000 0.000 0.000 0.000 0.000 0.000 0.000 0.000 0.000 0.000 0.000 0.000 0.000 0.000 0.000 0.000 0.000 0.000 0.000 0.001 0.003
0.002 0.002 0.002 0.002 0.003 0.003 0.003 0.004 0.004 0.004 0.004 0.005 0.005 0.005 0.005 0.005 0.004 0.004 0.004 0.003 0.003 0.003 0.003 0.002 0.002 0.002 0.002 0.001 0.001 0.001 0.001 0.001 0.001 0.001 0.001 0.001 0.001 0.001 0.001 0.001 0.001 0.001 0.001 0.001 0.000 0.000 0.000 0.000 0.000 0.000 0.000 0.000 0.000 0.000 0.000 0.000 0.000 0.000 0.000 0.000 0.000 0.000 0.000 0.000 0.000 0.000 0.000 0.000 0.000 0.000 0.000 0.000 0.000 0.000 0.000 0.000 0.001
0.001 0.001 0.001 0.001 0.001 0.001 0.001 0.001 0.002 0.002 0.002 0.002 0.003 0.003 0.003 0.003 0.003 0.002 0.002 0.002 0.002 0.002 0.002 0.002 0.001 0.001 0.001 0.001 0.001 0.001 0.001 0.001 0.001 0.001 0.001 0.001 0.001 0.001 0.001 0.001 0.001 0.001 0.001 0.000 0.000 0.000 0.000 0.000 0.000 0.000 0.000 0.000 0.000 0.000 0.000 0.000 0.000 0.000 0.000 0.000 0.000 0.000 0.000 0.000 0.000 0.000 0.000 0.000 0.000 0.000 0.000 0.000 0.000 0.000 0.000 0.000 0.000
0.001 0.001 0.001 0.001 0.001 0.001 0.001 0.001 0.001 0.001 0.001 0.001 0.002 0.002 0.002 0.002 0.002 0.002 0.001 0.001 0.001 0.001 0.001 0.001 0.001 0.001 0.001 0.001 0.001 0.001 0.001 0.001 0.001 0.001 0.001 0.002 0.002 0.002 0.002 0.002 0.001 0.001 0.001 0.000 0.000 0.000 0.000 0.000 0.000 0.000 0.000 0.000 0.000 0.000 0.000 0.000 0.000 0.000 0.000 0.000 0.000 0.000 0.000 0.000 0.000 0.000 0.000 0.000 0.000 0.000 0.000 0.000 0.000 0.000 0.000 0.000 0.000
0.001 0.001 0.001 0.001 0.001 0.001 0.001 0.001 0.001 0.001 0.001 0.001 0.001 0.001 0.001 0.001 0.001 0.001 0.001 0.001 0.001 0.001 0.001 0.001 0.001 0.001 0.001 0.001 0.002 0.002 0.002 0.002 0.002 0.003 0.003 0.003 0.003 0.002 0.002 0.002 0.001 0.001 0.001 0.000 0.000 0.000 0.000 0.000 0.000 0.000 0.000 0.000 0.000 0.000 0.000 0.000 0.000 0.000 0.000 0.000 0.000 0.000 0.000 0.000 0.000 0.000 0.000 0.000 0.000 0.000 0.000 0.000 0.000 0.000 0.000 0.000 0.000
0.000 0.000 0.000 0.000 0.000 0.001 0.001 0.001 0.001 0.001 0.001 0.001 0.001 0.001 0.001 0.001 0.001 0.001 0.001 0.001 0.001 0.001 0.001 0.001 0.001 0.002 0.002 0.003 0.003 0.004 0.004 0.004 0.004 0.004 0.003 0.003 0.003 0.002 0.002 0.002 0.001 0.001 0.000 0.000 0.000 0.000 0.000 0.000 0.000 0.000 0.000 0.000 0.000 0.000 0.000 0.000 0.000 0.000 0.000 0.000 0.000 0.000 0.000 0.000 0.000 0.000 0.000 0.000 0.000 0.000 0.000 0.000 0.000 0.000 0.000 0.000 0.000
0.000 0.000 0.000 0.000 0.000 0.000 0.000 0.000 0.000 0.001 0.001 0.001 0.001 0.001 0.001 0.001 0.001 0.001 0.001 0.001 0.001 0.001 0.001 0.002 0.002 0.003 0.004 0.005 0.005 0.005 0.005 0.004 0.004 0.004 0.004 0.003 0.003 0.002 0.002 0.001 0.001 0.000 0.000 0.000 0.000 0.000 0.000 0.000 0.000 0.000 0.000 0.000 0.000 0.000 0.000 0.000 0.000 0.000 0.000 0.000 0.000 0.000 0.000 0.000 0.000 0.000 0.000 0.000 0.000 0.000 0.000 0.000 0.000 0.000 0.000 0.000 0.000
0.000 0.000 0.000 0.000 0.000 0.000 0.000 0.000 0.000 0.000 0.000 0.001 0.001 0.001 0.001 0.001 0.001 0.001 0.001 0.001 0.001 0.002 0.002 0.003 0.004 0.005 0.005 0.005 0.005 0.005 0.005 0.004 0.004 0.004 0.003 0.003 0.002 0.002 0.001 0.001 0.001 0.000 0.000 0.000 0.000 0.000 0.000 0.000 0.000 0.000 0.000 0.000 0.000 0.000 0.000 0.000 0.000 0.000 0.000 0.000 0.000 0.000 0.000 0.000 0.000 0.000 0.000 0.000 0.000 0.000 0.000 0.000 0.000 0.000 0.000 0.000 0.000
0.000 0.000 0.000 0.000 0.000 0.000 0.000 0.000 0.000 0.000 0.000 0.000 0.000 0.001 0.001 0.001 0.001 0.001 0.001 0.001 0.002 0.002 0.003 0.004 0.005 0.005 0.005 0.005 0.005 0.005 0.005 0.004 0.004 0.003 0.003 0.002 0.002 0.001 0.001 0.001 0.000 0.000 0.000 0.000 0.000 0.000 0.000 0.000 0.000 0.000 0.000 0.000 0.000 0.000 0.000 0.000 0.000 0.000 0.000 0.000 0.000 0.000 0.000 0.000 0.000 0.000 0.000 0.000 0.000 0.000 0.000 0.000 0.000 0.000 0.000 0.000 0.000
0.000 0.000 0.000 0.000 0.000 0.000 0.000 0.000 0.000 0.000 0.000 0.000 0.000 0.000 0.001 0.001 0.001 0.001 0.001 0.001 0.002 0.003 0.003 0.004 0.005 0.005 0.005 0.005 0.005 0.005 0.004 0.004 0.003 0.003 0.002 0.002 0.001 0.001 0.001 0.000 0.000 0.000 0.000 0.000 0.000 0.000 0.000 0.000 0.000 0.000 0.000 0.000 0.000 0.000 0.000 0.000 0.000 0.000 0.000 0.000 0.000 0.000 0.000 0.000 0.000 0.000 0.000 0.000 0.000 0.000 0.000 0.000 0.000 0.000 0.000 0.000 0.000
0.000 0.000 0.000 0.000 0.000 0.000 0.000 0.000 0.000 0.000 0.000 0.000 0.000 0.000 0.000 0.000 0.001 0.001 0.001 0.001 0.002 0.003 0.003 0.004 0.004 0.005 0.005 0.005 0.004 0.004 0.004 0.003 0.002 0.002 0.001 0.001 0.001 0.001 0.000 0.000 0.000 0.000 0.000 0.000 0.000 0.000 0.000 0.000 0.000 0.000 0.000 0.000 0.000 0.000 0.000 0.000 0.000 0.000 0.000 0.000 0.000 0.000 0.000 0.000 0.000 0.000 0.000 0.000 0.000 0.000 0.000 0.000 0.000 0.000 0.000 0.000 0.000
0.000 0.000 0.000 0.000 0.000 0.000 0.000 0.000 0.000 0.000 0.000 0.000 0.000 0.000 0.000 0.000 0.001 0.001 0.001 0.001 0.002 0.002 0.003 0.003 0.004 0.004 0.004 0.004 0.003 0.003 0.003 0.002 0.002 0.001 0.001 0.001 0.001 0.000 0.000 0.000 0.000 0.000 0.000 0.000 0.000 0.000 0.000 0.000 0.000 0.000 0.000 0.000 0.000 0.000 0.000 0.000 0.000 0.000 0.000 0.000 0.000 0.000 0.000 0.000 0.000 0.000 0.000 0.000 0.000 0.000 0.000 0.000 0.000 0.000 0.000 0.000 0.000
0.000 0.000 0.000 0.000 0.000 0.000 0.000 0.000 0.000 0.000 0.000 0.000 0.000 0.000 0.000 0.000 0.000 0.001 0.001 0.001 0.001 0.002 0.002 0.002 0.002 0.002 0.002 0.002 0.002 0.002 0.002 0.001 0.001 0.001 0.001 0.000 0.000 0.000 0.000 0.000 0.000 0.000 0.000 0.000 0.000 0.000 0.000 0.000 0.000 0.000 0.000 0.000 0.000 0.000 0.000 0.000 0.000 0.000 0.000 0.000 0.000 0.000 0.000 0.000 0.000 0.000 0.000 0.000 0.000 0.000 0.000 0.000 0.000 0.000 0.000 0.000 0.000
0.000 0.000 0.000 0.000 0.000 0.000 0.000 0.000 0.000 0.000 0.000 0.000 0.000 0.000 0.000 0.000 0.000 0.000 0.001 0.001 0.001 0.001 0.001 0.002 0.002 0.002 0.001 0.001 0.001 0.001 0.001 0.001 0.001 0.001 0.000 0.000 0.000 0.000 0.000 0.000 0.000 0.000 0.000 0.000 0.000 0.000 0.000 0.000 0.000 0.000 0.000 0.000 0.000 0.000 0.000 0.000 0.000 0.000 0.000 0.000 0.000 0.000 0.000 0.000 0.000 0.000 0.000 0.000 0.000 0.000 0.000 0.000 0.000 0.000 0.000 0.000 0.000
