RESULTS/r.avaflow_results/23_results/23_ascii/23_hflow10042.asc
ncols 506
nrows 317
xllcenter 498237.50
yllcenter 5580050.00
cellsize 12.50
NODATA_value -9999.000
[rows 170 to 203 of 317, columns 154 to 230 of 506]
3.450 3.101 2.781 2.493 2.232 1.997 1.787 1.598 1.429 1.275 1.131 0.997 0.871 0.754 0.648 0.553 0.467 0.391 0.324 0.265 0.214 0.169 0.132 0.101 0.077 0.058 0.046 0.039 0.035 0.033 0.032 0.031 0.030 0.028 0.027 0.027 0.026 0.026 0.026 0.025 0.023 0.022 0.020 0.019 0.017 0.016 0.013 0.011 0.009 0.008 0.006 0.005 0.004 0.003 0.003 0.003 0.002 0.002 0.002 0.002 0.002 0.002 0.002 0.002 0.002 0.003 0.003 0.003 0.004 0.006 0.008 0.010 0.010 0.010 0.009 0.007 0.005
3.813 3.495 3.192 2.911 2.647 2.399 2.168 1.949 1.747 1.561 1.389 1.229 1.081 0.945 0.820 0.705 0.599 0.502 0.415 0.338 0.272 0.216 0.168 0.129 0.098 0.075 0.057 0.047 0.041 0.038 0.036 0.035 0.033 0.031 0.030 0.028 0.027 0.027 0.026 0.025 0.023 0.021 0.019 0.018 0.016 0.014 0.011 0.008 0.006 0.004 0.003 0.003 0.002 0.002 0.002 0.002 0.002 0.002 0.002 0.002 0.002 0.002 0.002 0.002 0.002 0.002 0.002 0.002 0.003 0.004 0.007 0.008 0.009 0.010 0.009 0.008 0.007
4.112 3.823 3.542 3.272 3.011 2.760 2.521 2.292 2.069 1.856 1.657 1.472 1.301 1.143 0.996 0.860 0.735 0.620 0.516 0.423 0.342 0.272 0.213 0.165 0.125 0.094 0.071 0.055 0.045 0.041 0.038 0.036 0.034 0.032 0.030 0.028 0.027 0.026 0.025 0.023 0.021 0.018 0.016 0.014 0.012 0.009 0.006 0.004 0.003 0.002 0.002 0.001 0.001 0.001 0.001 0.001 0.001 0.001 0.001 0.001 0.001 0.001 0.001 0.001 0.001 0.001 0.001 0.002 0.002 0.003 0.005 0.007 0.008 0.009 0.009 0.009 0.008
4.334 4.075 3.817 3.561 3.311 3.068 2.835 2.607 2.382 2.158 1.939 1.731 1.535 1.352 1.182 1.025 0.880 0.747 0.626 0.517 0.421 0.338 0.267 0.208 0.159 0.119 0.087 0.065 0.051 0.043 0.039 0.036 0.033 0.031 0.029 0.027 0.025 0.024 0.022 0.019 0.016 0.013 0.010 0.008 0.006 0.004 0.003 0.002 0.002 0.001 0.001 0.001 0.001 0.001 0.001 0.001 0.001 0.001 0.001 0.001 0.001 0.001 0.001 0.001 0.001 0.001 0.001 0.001 0.002 0.002 0.003 0.005 0.007 0.009 0.009 0.009 0.008
4.481 4.247 4.014 3.782 3.555 3.332 3.113 2.896 2.679 2.460 2.236 2.011 1.790 1.580 1.382 1.197 1.025 0.868 0.726 0.601 0.492 0.397 0.315 0.246 0.188 0.141 0.104 0.076 0.057 0.045 0.038 0.034 0.031 0.029 0.026 0.024 0.021 0.019 0.016 0.013 0.009 0.007 0.005 0.004 0.003 0.002 0.002 0.001 0.001 0.001 0.001 0.001 0.001 0.001 0.001 0.001 0.001 0.001 0.001 0.001 0.001 0.001 0.001 0.001 0.001 0.001 0.001 0.001 0.001 0.002 0.002 0.004 0.006 0.008 0.009 0.009 0.009
4.563 4.355 4.152 3.950 3.750 3.550 3.352 3.153 2.948 2.737 2.519 2.290 2.054 1.811 1.573 1.352 1.150 0.969 0.809 0.669 0.548 0.443 0.352 0.275 0.211 0.158 0.117 0.085 0.062 0.047 0.038 0.032 0.028 0.024 0.020 0.017 0.014 0.012 0.009 0.007 0.005 0.003 0.003 0.002 0.002 0.001 0.001 0.001 0.001 0.001 0.001 0.001 0.001 0.001 0.001 0.001 0.001 0.001 0.001 0.001 0.001 0.001 0.001 0.001 0.001 0.001 0.001 0.001 0.001 0.001 0.002 0.003 0.004 0.007 0.008 0.008 0.008
4.601 4.419 4.244 4.069 3.897 3.723 3.547 3.367 3.177 2.977 2.764 2.534 2.284 2.013 1.734 1.478 1.248 1.045 0.869 0.718 0.587 0.475 0.378 0.296 0.226 0.169 0.124 0.089 0.065 0.048 0.036 0.029 0.022 0.017 0.013 0.010 0.008 0.006 0.005 0.003 0.002 0.002 0.001 0.001 0.001 0.001 0.001 0.001 0.001 0.001 0.001 0.001 0.001 0.001 0.001 0.001 0.001 0.001 0.000 0.000 0.000 0.000 0.000 0.000 0.001 0.001 0.001 0.001 0.001 0.001 0.001 0.002 0.003 0.005 0.007 0.008 0.008
4.612 4.450 4.300 4.151 4.003 3.853 3.697 3.535 3.362 3.175 2.968 2.735 2.471 2.176 1.858 1.569 1.316 1.096 0.909 0.748 0.612 0.495 0.394 0.307 0.233 0.173 0.126 0.090 0.065 0.047 0.034 0.024 0.016 0.010 0.007 0.005 0.004 0.003 0.002 0.002 0.001 0.001 0.001 0.001 0.001 0.001 0.001 0.001 0.001 0.001 0.001 0.001 0.001 0.001 0.001 0.001 0.001 0.000 0.000 0.000 0.000 0.000 0.000 0.000 0.000 0.000 0.001 0.001 0.001 0.001 0.001 0.001 0.002 0.004 0.005 0.007 0.007
4.609 4.458 4.326 4.201 4.076 3.948 3.811 3.667 3.511 3.336 3.135 2.898 2.621 2.301 1.950 1.634 1.360 1.127 0.930 0.763 0.623 0.503 0.399 0.310 0.234 0.172 0.123 0.087 0.061 0.042 0.028 0.017 0.010 0.006 0.004 0.003 0.002 0.002 0.001 0.001 0.001 0.001 0.001 0.001 0.001 0.001 0.001 0.001 0.001 0.001 0.001 0.001 0.001 0.001 0.001 0.001 0.000 0.000 0.000 0.000 0.000 0.000 0.000 0.000 0.000 0.000 0.000 0.000 0.001 0.001 0.001 0.001 0.002 0.003 0.004 0.005 0.006
4.591 4.452 4.334 4.226 4.119 4.013 3.899 3.776 3.636 3.471 3.272 3.031 2.740 2.397 2.020 1.683 1.393 1.147 0.940 0.767 0.623 0.501 0.396 0.304 0.226 0.161 0.111 0.075 0.049 0.031 0.018 0.010 0.005 0.003 0.002 0.002 0.001 0.001 0.001 0.001 0.001 0.001 0.001 0.001 0.001 0.001 0.001 0.001 0.001 0.001 0.001 0.001 0.001 0.001 0.001 0.001 0.001 0.000 0.000 0.000 0.000 0.000 0.000 0.000 0.000 0.000 0.000 0.000 0.001 0.001 0.001 0.001 0.001 0.002 0.003 0.004 0.005
4.553 4.429 4.325 4.232 4.145 4.062 3.972 3.873 3.749 3.592 3.391 3.141 2.835 2.470 2.074 1.723 1.420 1.162 0.944 0.763 0.612 0.483 0.373 0.279 0.199 0.134 0.084 0.049 0.027 0.015 0.008 0.005 0.003 0.002 0.001 0.001 0.001 0.001 0.001 0.001 0.001 0.001 0.001 0.001 0.001 0.001 0.001 0.001 0.001 0.001 0.001 0.001 0.001 0.001 0.001 0.001 0.001 0.000 0.000 0.000 0.000 0.000 0.000 0.000 0.000 0.000 0.000 0.000 0.000 0.001 0.001 0.001 0.001 0.002 0.002 0.003 0.004
4.484 4.382 4.296 4.223 4.159 4.102 4.041 3.964 3.854 3.699 3.491 3.229 2.907 2.523 2.116 1.754 1.440 1.170 0.940 0.744 0.575 0.432 0.313 0.217 0.141 0.083 0.044 0.022 0.011 0.006 0.004 0.002 0.002 0.001 0.001 0.001 0.001 0.001 0.001 0.001 0.001 0.001 0.001 0.001 0.001 0.001 0.001 0.001 0.001 0.001 0.002 0.002 0.002 0.001 0.001 0.001 0.001 0.000 0.000 0.000 0.000 0.000 0.000 0.000 0.000 0.000 0.000 0.000 0.000 0.000 0.001 0.001 0.001 0.001 0.002 0.003 0.003
4.384 4.306 4.244 4.197 4.160 4.132 4.097 4.039 3.937 3.780 3.562 3.283 2.946 2.548 2.136 1.769 1.446 1.161 0.906 0.680 0.484 0.321 0.198 0.115 0.064 0.034 0.017 0.008 0.004 0.003 0.002 0.002 0.001 0.001 0.001 0.001 0.001 0.001 0.001 0.001 0.001 0.001 0.001 0.001 0.001 0.001 0.001 0.002 0.002 0.002 0.002 0.002 0.002 0.002 0.002 0.001 0.001 0.001 0.000 0.000 0.000 0.000 0.000 0.000 0.000 0.000 0.000 0.000 0.000 0.000 0.001 0.001 0.001 0.001 0.002 0.002 0.003
4.245 4.197 4.165 4.151 4.145 4.141 4.121 4.072 3.974 3.813 3.584 3.291 2.939 2.533 2.118 1.739 1.393 1.071 0.774 0.512 0.302 0.158 0.079 0.040 0.021 0.011 0.006 0.003 0.002 0.002 0.001 0.001 0.001 0.001 0.001 0.001 0.001 0.001 0.001 0.001 0.001 0.001 0.001 0.001 0.001 0.002 0.002 0.002 0.003 0.003 0.003 0.003 0.003 0.003 0.002 0.002 0.001 0.001 0.000 0.000 0.000 0.000 0.000 0.000 0.000 0.000 0.000 0.000 0.000 0.000 0.000 0.001 0.001 0.001 0.001 0.002 0.002
4.072 4.056 4.054 4.066 4.081 4.086 4.068 4.016 3.918 3.755 3.508 3.186 2.799 2.365 1.936 1.533 1.148 0.786 0.475 0.247 0.115 0.051 0.024 0.012 0.007 0.004 0.003 0.002 0.002 0.001 0.001 0.001 0.001 0.001 0.001 0.001 0.001 0.001 0.001 0.001 0.001 0.001 0.002 0.002 0.002 0.002 0.002 0.003 0.004 0.004 0.005 0.005 0.005 0.004 0.003 0.002 0.001 0.001 0.001 0.000 0.000 0.000 0.000 0.000 0.000 0.000 0.000 0.000 0.000 0.000 0.000 0.001 0.001 0.001 0.001 0.002 0.002
3.858 3.868 3.873 3.861 3.823 3.772 3.714 3.638 3.531 3.368 3.113 2.760 2.318 1.840 1.397 0.993 0.636 0.355 0.172 0.074 0.031 0.014 0.007 0.004 0.003 0.002 0.002 0.002 0.002 0.001 0.001 0.001 0.001 0.001 0.002 0.002 0.002 0.002 0.002 0.002 0.002 0.002 0.002 0.002 0.003 0.003 0.004 0.005 0.006 0.007 0.007 0.008 0.007 0.006 0.005 0.003 0.002 0.001 0.001 0.000 0.000 0.000 0.000 0.000 0.000 0.000 0.000 0.000 0.000 0.000 0.000 0.000 0.001 0.001 0.001 0.002 0.002
3.549 3.527 3.458 3.332 3.148 2.962 2.805 2.661 2.519 2.352 2.113 1.774 1.339 0.915 0.600 0.375 0.211 0.103 0.044 0.019 0.009 0.005 0.003 0.002 0.002 0.002 0.002 0.002 0.002 0.002 0.002 0.002 0.002 0.002 0.002 0.002 0.002 0.002 0.002 0.002 0.003 0.003 0.003 0.003 0.004 0.005 0.006 0.009 0.011 0.012 0.013 0.013 0.012 0.009 0.006 0.004 0.002 0.001 0.001 0.000 0.000 0.000 0.000 0.000 0.000 0.000 0.000 0.000 0.000 0.000 0.000 0.000 0.001 0.001 0.001 0.001 0.002
2.990 2.843 2.624 2.328 1.982 1.671 1.441 1.278 1.147 1.022 0.876 0.691 0.470 0.290 0.173 0.100 0.053 0.026 0.012 0.006 0.004 0.003 0.002 0.002 0.002 0.002 0.002 0.002 0.002 0.002 0.002 0.002 0.002 0.002 0.003 0.003 0.003 0.003 0.003 0.004 0.004 0.005 0.005 0.006 0.008 0.009 0.012 0.017 0.021 0.023 0.023 0.021 0.017 0.011 0.007 0.004 0.003 0.001 0.001 0.000 0.000 0.000 0.000 0.000 0.000 0.000 0.000 0.000 0.000 0.000 0.000 0.000 0.000 0.001 0.001 0.001 0.002
2.072 1.807 1.523 1.241 0.971 0.748 0.584 0.472 0.391 0.325 0.262 0.194 0.125 0.075 0.044 0.026 0.015 0.008 0.005 0.003 0.003 0.002 0.002 0.002 0.002 0.002 0.002 0.002 0.003 0.003 0.003 0.003 0.004 0.004 0.004 0.005 0.005 0.006 0.007 0.007 0.009 0.010 0.012 0.014 0.016 0.021 0.027 0.035 0.039 0.040 0.037 0.028 0.019 0.013 0.008 0.005 0.003 0.001 0.001 0.000 0.000 0.000 0.000 0.000 0.000 0.000 0.000 0.000 0.000 0.000 0.000 0.000 0.000 0.001 0.001 0.001 0.002
1.104 0.915 0.736 0.570 0.423 0.304 0.218 0.162 0.125 0.098 0.075 0.053 0.035 0.022 0.014 0.009 0.006 0.004 0.003 0.003 0.003 0.003 0.002 0.003 0.003 0.003 0.003 0.004 0.004 0.004 0.005 0.006 0.007 0.008 0.009 0.010 0.011 0.013 0.015 0.018 0.021 0.025 0.029 0.034 0.040 0.049 0.059 0.067 0.068 0.059 0.045 0.031 0.020 0.013 0.008 0.005 0.003 0.001 0.001 0.000 0.000 0.000 0.000 0.000 0.000 0.000 0.000 0.000 0.000 0.000 0.000 0.000 0.000 0.000 0.001 0.001 0.002
0.488 0.392 0.309 0.234 0.168 0.116 0.079 0.057 0.043 0.033 0.026 0.019 0.014 0.010 0.007 0.005 0.004 0.004 0.003 0.003 0.003 0.003 0.003 0.003 0.004 0.004 0.005 0.006 0.008 0.009 0.011 0.013 0.016 0.018 0.021 0.025 0.029 0.035 0.042 0.049 0.058 0.067 0.075 0.083 0.092 0.101 0.108 0.104 0.089 0.067 0.046 0.031 0.021 0.013 0.008 0.005 0.003 0.001 0.000 0.000 0.000 0.000 0.000 0.000 0.000 0.000 0.000 0.000 0.000 0.000 0.000 0.000 0.000 0.000 0.001 0.001 0.001
0.189 0.152 0.120 0.091 0.065 0.046 0.032 0.024 0.020 0.017 0.014 0.012 0.010 0.008 0.006 0.005 0.004 0.004 0.003 0.003 0.003 0.004 0.004 0.005 0.006 0.008 0.011 0.014 0.018 0.022 0.028 0.034 0.042 0.050 0.058 0.068 0.080 0.097 0.113 0.129 0.144 0.155 0.161 0.162 0.160 0.153 0.143 0.124 0.096 0.067 0.046 0.031 0.021 0.013 0.008 0.005 0.003 0.001 0.000 0.000 0.000 0.000 0.000 0.000 0.000 0.000 0.000 0.000 0.000 0.000 0.000 0.000 0.000 0.000 0.000 0.001 0.001
0.071 0.059 0.048 0.038 0.030 0.023 0.019 0.016 0.015 0.014 0.012 0.011 0.009 0.008 0.006 0.005 0.004 0.004 0.004 0.004 0.005 0.005 0.007 0.010 0.014 0.020 0.028 0.038 0.049 0.063 0.079 0.097 0.117 0.137 0.157 0.181 0.208 0.236 0.257 0.268 0.265 0.251 0.235 0.217 0.199 0.179 0.156 0.128 0.094 0.066 0.045 0.031 0.020 0.013 0.008 0.005 0.002 0.001 0.000 0.000 0.000 0.000 0.000 0.000 0.000 0.000 0.000 0.000 0.000 0.000 0.000 0.000 0.000 0.000 0.000 0.000 0.001
0.029 0.026 0.024 0.021 0.020 0.018 0.016 0.015 0.014 0.014 0.013 0.012 0.010 0.008 0.007 0.006 0.005 0.005 0.005 0.006 0.007 0.010 0.016 0.024 0.037 0.055 0.079 0.109 0.143 0.180 0.221 0.265 0.305 0.341 0.375 0.404 0.426 0.428 0.408 0.376 0.336 0.297 0.265 0.237 0.211 0.185 0.158 0.125 0.091 0.064 0.044 0.030 0.020 0.013 0.008 0.004 0.002 0.001 0.000 0.000 0.000 0.000 0.000 0.000 0.000 0.000 0.000 0.000 0.000 0.000 0.000 0.000 0.000 0.000 0.000 0.000 0.001
0.016 0.016 0.016 0.017 0.018 0.018 0.017 0.017 0.016 0.016 0.015 0.014 0.012 0.010 0.009 0.008 0.007 0.007 0.008 0.011 0.016 0.025 0.042 0.068 0.106 0.160 0.230 0.308 0.386 0.463 0.537 0.602 0.649 0.675 0.675 0.650 0.606 0.546 0.481 0.416 0.356 0.306 0.268 0.238 0.210 0.182 0.152 0.119 0.086 0.061 0.042 0.028 0.018 0.012 0.007 0.004 0.002 0.001 0.000 0.000 0.000 0.000 0.000 0.000 0.000 0.000 0.000 0.000 0.000 0.000 0.000 0.000 0.000 0.000 0.000 0.000 0.000
0.011 0.013 0.015 0.017 0.020 0.022 0.023 0.023 0.023 0.022 0.021 0.019 0.016 0.014 0.012 0.012 0.012 0.013 0.017 0.026 0.042 0.072 0.123 0.199 0.305 0.441 0.595 0.739 0.854 0.937 0.987 1.000 0.978 0.933 0.864 0.778 0.680 0.584 0.497 0.420 0.355 0.303 0.263 0.230 0.198 0.167 0.135 0.103 0.075 0.053 0.036 0.025 0.016 0.010 0.006 0.004 0.002 0.001 0.000 0.000 0.000 0.000 0.000 0.000 0.000 0.000 0.000 0.000 0.000 0.000 0.000 0.000 0.000 0.000 0.000 0.000 0.000
0.010 0.013 0.016 0.020 0.026 0.032 0.035 0.036 0.036 0.035 0.032 0.028 0.024 0.022 0.021 0.021 0.023 0.029 0.043 0.071 0.123 0.212 0.346 0.525 0.742 0.967 1.156 1.275 1.324 1.328 1.292 1.226 1.137 1.036 0.927 0.809 0.691 0.585 0.494 0.415 0.349 0.294 0.247 0.206 0.169 0.134 0.102 0.075 0.054 0.039 0.027 0.019 0.013 0.008 0.005 0.003 0.001 0.000 0.000 0.000 0.000 0.000 0.000 0.000 0.000 0.000 0.000 0.000 0.000 0.000 0.000 0.000 0.000 0.000 0.000 0.000 0.000
0.010 0.014 0.020 0.028 0.040 0.050 0.055 0.058 0.058 0.056 0.053 0.048 0.043 0.040 0.040 0.042 0.052 0.075 0.120 0.203 0.340 0.543 0.801 1.072 1.303 1.465 1.559 1.592 1.573 1.515 1.421 1.303 1.175 1.051 0.929 0.806 0.687 0.579 0.486 0.404 0.333 0.269 0.212 0.163 0.120 0.086 0.062 0.045 0.033 0.025 0.018 0.013 0.009 0.006 0.003 0.002 0.001 0.000 0.000 0.000 0.000 0.000 0.000 0.000 0.000 0.000 0.000 0.000 0.000 0.000 0.000 0.000 0.000 0.000 0.000 0.000 0.000
0.011 0.018 0.028 0.043 0.061 0.076 0.085 0.090 0.092 0.092 0.090 0.084 0.079 0.077 0.080 0.094 0.128 0.195 0.310 0.498 0.760 1.043 1.299 1.499 1.638 1.712 1.732 1.715 1.665 1.581 1.464 1.321 1.176 1.047 0.924 0.800 0.680 0.568 0.466 0.374 0.291 0.218 0.155 0.106 0.072 0.050 0.036 0.027 0.021 0.016 0.012 0.009 0.006 0.004 0.002 0.001 0.000 0.000 0.000 0.000 0.000 0.000 0.000 0.000 0.000 0.000 0.000 0.000 0.000 0.000 0.000 0.000 0.000 0.000 0.000 0.000 0.000
0.013 0.024 0.041 0.064 0.090 0.110 0.126 0.137 0.145 0.148 0.148 0.145 0.143 0.145 0.158 0.200 0.285 0.426 0.635 0.905 1.175 1.396 1.565 1.686 1.757 1.781 1.778 1.755 1.703 1.614 1.485 1.326 1.170 1.034 0.905 0.776 0.647 0.523 0.407 0.303 0.214 0.143 0.094 0.062 0.043 0.031 0.023 0.018 0.015 0.011 0.009 0.006 0.004 0.002 0.001 0.001 0.000 0.000 0.000 0.000 0.000 0.000 0.000 0.000 0.000 0.000 0.000 0.000 0.000 0.000 0.000 0.000 0.000 0.000 0.000 0.000 0.000
0.017 0.033 0.059 0.095 0.129 0.158 0.181 0.199 0.212 0.220 0.225 0.229 0.233 0.243 0.273 0.345 0.476 0.667 0.914 1.174 1.383 1.537 1.648 1.728 1.777 1.796 1.797 1.780 1.728 1.632 1.492 1.320 1.138 0.974 0.822 0.676 0.535 0.404 0.288 0.193 0.124 0.080 0.053 0.037 0.027 0.021 0.017 0.013 0.011 0.008 0.006 0.004 0.003 0.001 0.001 0.000 0.000 0.000 0.000 0.000 0.000 0.000 0.000 0.000 0.000 0.000 0.000 0.000 0.000 0.000 0.000 0.000 0.000 0.000 0.000 0.000 0.000
0.023 0.049 0.092 0.143 0.185 0.215 0.237 0.253 0.265 0.276 0.286 0.296 0.307 0.324 0.361 0.445 0.592 0.800 1.054 1.280 1.447 1.568 1.659 1.730 1.779 1.802 1.805 1.784 1.724 1.618 1.463 1.262 1.032 0.818 0.630 0.466 0.330 0.225 0.149 0.097 0.064 0.043 0.031 0.023 0.018 0.015 0.012 0.010 0.007 0.006 0.004 0.003 0.001 0.001 0.000 0.000 0.000 0.000 0.000 0.000 0.000 0.000 0.000 0.000 0.000 0.000 0.000 0.000 0.000 0.000 0.000 0.000 0.000 0.000 0.000 0.000 0.000
0.035 0.079 0.146 0.204 0.239 0.261 0.276 0.289 0.301 0.313 0.325 0.337 0.352 0.372 0.410 0.492 0.635 0.843 1.092 1.299 1.454 1.570 1.656 1.717 1.748 1.753 1.730 1.679 1.596 1.469 1.293 1.066 0.797 0.553 0.363 0.233 0.150 0.098 0.065 0.045 0.032 0.024 0.019 0.015 0.013 0.011 0.009 0.007 0.005 0.004 0.002 0.001 0.001 0.000 0.000 0.000 0.000 0.000 0.000 0.000 0.000 0.000 0.000 0.000 0.000 0.000 0.000 0.000 0.000 0.000 0.000 0.000 0.000 0.000 0.000 0.000 0.000
0.059 0.123 0.200 0.250 0.275 0.289 0.300 0.312 0.324 0.336 0.348 0.360 0.376 0.396 0.432 0.504 0.639 0.842 1.085 1.282 1.427 1.529 1.589 1.611 1.591 1.531 1.438 1.331 1.211 1.066 0.892 0.681 0.455 0.281 0.167 0.099 0.061 0.040 0.027 0.020 0.016 0.013 0.011 0.010 0.009 0.007 0.006 0.004 0.003 0.002 0.001 0.001 0.000 0.000 0.000 0.000 0.000 0.000 0.000 0.000 0.000 0.000 0.000 0.000 0.000 0.000 0.000 0.000 0.000 0.000 0.000 0.000 0.000 0.000 0.000 0.000 0.000
