RESULTS/r.avaflow_results/23_results/23_ascii/23_hflow30022.asc
ncols 506
nrows 317
xllcenter 498237.50
yllcenter 5580050.00
cellsize 12.50
NODATA_value -9999.000
[rows 136 to 169 of 317, columns 154 to 230 of 506]
0.000 0.000 0.000 0.000 0.000 0.000 0.000 0.000 0.000 0.000 0.000 0.000 0.000 0.000 0.000 0.000 0.000 0.000 0.000 0.000 0.000 0.000 0.000 0.000 0.000 0.000 0.000 0.000 0.000 0.000 0.000 0.000 0.000 0.000 0.000 0.000 0.000 0.000 0.000 0.000 0.000 0.000 0.000 0.000 0.000 0.000 0.000 0.000 0.000 0.000 0.000 0.000 0.000 0.000 0.000 0.000 0.000 0.000 0.000 0.000 0.000 0.000 0.000 0.000 0.000 0.000 0.000 0.000 0.000 0.000 0.000 0.000 0.000 0.000 0.000 0.000 0.000
0.000 0.000 0.000 0.000 0.000 0.000 0.000 0.000 0.000 0.000 0.000 0.000 0.000 0.000 0.000 0.000 0.000 0.000 0.000 0.000 0.000 0.000 0.000 0.000 0.000 0.000 0.000 0.000 0.000 0.000 0.000 0.000 0.000 0.000 0.000 0.000 0.000 0.000 0.000 0.000 0.000 0.000 0.000 0.000 0.000 0.000 0.000 0.000 0.000 0.000 0.000 0.000 0.000 0.000 0.000 0.000 0.000 0.000 0.000 0.000 0.000 0.000 0.000 0.000 0.000 0.000 0.000 0.000 0.000 0.000 0.000 0.000 0.000 0.000 0.000 0.000 0.000
0.000 0.000 0.000 0.000 0.000 0.000 0.000 0.000 0.000 0.000 0.000 0.000 0.000 0.000 0.000 0.000 0.000 0.000 0.000 0.000 0.000 0.000 0.000 0.000 0.000 0.000 0.000 0.000 0.000 0.000 0.000 0.000 0.000 0.000 0.000 0.000 0.000 0.000 0.000 0.000 0.000 0.000 0.000 0.000 0.000 0.000 0.000 0.000 0.000 0.000 0.000 0.000 0.000 0.000 0.000 0.000 0.000 0.000 0.000 0.000 0.000 0.000 0.000 0.000 0.000 0.000 0.000 0.000 0.000 0.000 0.000 0.000 0.000 0.000 0.000 0.000 0.000
0.000 0.000 0.000 0.000 0.000 0.000 0.000 0.000 0.000 0.000 0.000 0.000 0.000 0.000 0.000 0.000 0.000 0.000 0.000 0.000 0.000 0.000 0.000 0.000 0.000 0.000 0.000 0.000 0.000 0.000 0.000 0.000 0.000 0.000 0.000 0.000 0.000 0.000 0.000 0.000 0.000 0.000 0.000 0.000 0.000 0.000 0.000 0.000 0.000 0.000 0.000 0.000 0.000 0.000 0.000 0.000 0.000 0.000 0.000 0.000 0.000 0.000 0.000 0.000 0.000 0.000 0.000 0.000 0.000 0.000 0.000 0.000 0.000 0.000 0.000 0.000 0.000
0.000 0.000 0.000 0.000 0.000 0.000 0.000 0.000 0.000 0.000 0.000 0.000 0.000 0.000 0.000 0.000 0.000 0.000 0.000 0.000 0.000 0.000 0.000 0.000 0.000 0.000 0.000 0.000 0.000 0.000 0.000 0.000 0.000 0.000 0.000 0.000 0.000 0.000 0.000 0.000 0.000 0.000 0.000 0.000 0.000 0.000 0.000 0.000 0.000 0.000 0.000 0.000 0.000 0.000 0.000 0.000 0.000 0.000 0.000 0.000 0.000 0.000 0.000 0.000 0.000 0.000 0.000 0.000 0.000 0.000 0.000 0.000 0.000 0.000 0.000 0.000 0.000
0.000 0.000 0.000 0.000 0.000 0.000 0.000 0.000 0.000 0.000 0.000 0.000 0.000 0.000 0.000 0.000 0.000 0.000 0.000 0.000 0.000 0.000 0.000 0.000 0.000 0.000 0.000 0.000 0.000 0.000 0.000 0.000 0.000 0.000 0.000 0.000 0.000 0.000 0.000 0.000 0.000 0.000 0.000 0.000 0.000 0.000 0.000 0.000 0.000 0.000 0.000 0.000 0.000 0.000 0.000 0.000 0.000 0.000 0.000 0.000 0.000 0.000 0.000 0.000 0.000 0.000 0.000 0.000 0.000 0.000 0.000 0.000 0.000 0.000 0.000 0.000 0.000
0.000 0.000 0.000 0.000 0.000 0.000 0.000 0.000 0.000 0.000 0.000 0.000 0.000 0.000 0.000 0.000 0.000 0.000 0.000 0.000 0.000 0.000 0.000 0.000 0.000 0.000 0.000 0.000 0.000 0.000 0.000 0.000 0.000 0.000 0.000 0.000 0.000 0.000 0.000 0.000 0.000 0.000 0.000 0.000 0.000 0.000 0.000 0.000 0.000 0.000 0.000 0.000 0.000 0.000 0.000 0.000 0.000 0.000 0.000 0.000 0.000 0.000 0.000 0.000 0.000 0.000 0.000 0.000 0.000 0.000 0.000 0.000 0.000 0.000 0.000 0.000 0.000
0.000 0.000 0.000 0.000 0.000 0.000 0.000 0.000 0.000 0.000 0.000 0.000 0.000 0.000 0.000 0.000 0.000 0.000 0.000 0.000 0.000 0.000 0.000 0.000 0.000 0.000 0.000 0.000 0.000 0.000 0.000 0.000 0.000 0.000 0.000 0.000 0.000 0.000 0.000 0.000 0.000 0.000 0.000 0.000 0.000 0.000 0.000 0.000 0.000 0.000 0.000 0.000 0.000 0.000 0.000 0.000 0.000 0.000 0.000 0.000 0.000 0.000 0.000 0.000 0.000 0.000 0.000 0.000 0.000 0.000 0.000 0.000 0.000 0.000 0.000 0.000 0.000
0.000 0.000 0.000 0.000 0.000 0.000 0.000 0.000 0.000 0.000 0.000 0.000 0.000 0.000 0.000 0.000 0.000 0.000 0.000 0.000 0.000 0.000 0.000 0.000 0.000 0.000 0.000 0.000 0.000 0.000 0.000 0.000 0.000 0.000 0.000 0.000 0.000 0.000 0.000 0.000 0.000 0.000 0.000 0.000 0.000 0.000 0.000 0.000 0.000 0.000 0.000 0.000 0.000 0.000 0.000 0.000 0.000 0.000 0.000 0.000 0.000 0.000 0.000 0.000 0.000 0.000 0.000 0.000 0.000 0.000 0.000 0.000 0.000 0.000 0.000 0.000 0.000
0.000 0.000 0.000 0.000 0.000 0.000 0.000 0.000 0.000 0.000 0.000 0.000 0.000 0.000 0.000 0.000 0.000 0.000 0.000 0.000 0.000 0.000 0.000 0.000 0.000 0.000 0.000 0.000 0.000 0.000 0.000 0.000 0.000 0.000 0.000 0.000 0.000 0.000 0.000 0.000 0.000 0.000 0.000 0.000 0.000 0.000 0.000 0.000 0.000 0.000 0.000 0.000 0.000 0.000 0.000 0.000 0.000 0.000 0.000 0.000 0.000 0.000 0.000 0.000 0.000 0.000 0.000 0.000 0.000 0.000 0.000 0.000 0.000 0.000 0.000 0.000 0.000
0.000 0.000 0.000 0.000 0.000 0.000 0.000 0.000 0.000 0.000 0.000 0.000 0.000 0.000 0.000 0.000 0.000 0.000 0.000 0.000 0.000 0.000 0.000 0.000 0.000 0.000 0.000 0.000 0.000 0.000 0.000 0.000 0.000 0.000 0.000 0.000 0.000 0.000 0.000 0.000 0.000 0.000 0.000 0.000 0.000 0.000 0.000 0.000 0.000 0.000 0.000 0.000 0.000 0.000 0.000 0.000 0.000 0.000 0.000 0.000 0.000 0.000 0.000 0.000 0.000 0.000 0.000 0.000 0.000 0.000 0.000 0.000 0.000 0.000 0.000 0.000 0.000
0.000 0.000 0.000 0.000 0.000 0.000 0.000 0.000 0.000 0.000 0.000 0.000 0.000 0.000 0.000 0.000 0.000 0.000 0.000 0.000 0.000 0.000 0.000 0.000 0.000 0.000 0.000 0.000 0.000 0.000 0.000 0.000 0.000 0.000 0.000 0.000 0.000 0.000 0.000 0.000 0.000 0.000 0.000 0.000 0.000 0.000 0.000 0.000 0.000 0.000 0.000 0.000 0.000 0.000 0.000 0.000 0.000 0.000 0.000 0.000 0.000 0.000 0.000 0.000 0.000 0.000 0.000 0.000 0.000 0.000 0.000 0.000 0.000 0.000 0.000 0.000 0.000
0.000 0.000 0.000 0.000 0.000 0.000 0.000 0.000 0.000 0.000 0.000 0.000 0.000 0.000 0.000 0.000 0.000 0.000 0.000 0.000 0.000 0.000 0.000 0.000 0.000 0.000 0.000 0.000 0.000 0.000 0.000 0.000 0.000 0.000 0.000 0.000 0.000 0.000 0.000 0.000 0.000 0.000 0.000 0.000 0.000 0.000 0.000 0.000 0.000 0.000 0.000 0.000 0.000 0.000 0.000 0.000 0.000 0.000 0.000 0.000 0.000 0.000 0.000 0.000 0.000 0.000 0.000 0.000 0.000 0.000 0.000 0.000 0.000 0.000 0.000 0.000 0.000
0.001 0.001 0.001 0.001 0.001 0.001 0.001 0.000 0.000 0.000 0.000 0.000 0.000 0.000 0.000 0.000 0.000 0.000 0.000 0.000 0.000 0.000 0.000 0.000 0.000 0.000 0.000 0.000 0.000 0.000 0.000 0.000 0.000 0.000 0.000 0.000 0.000 0.000 0.000 0.000 0.000 0.000 0.000 0.000 0.000 0.000 0.000 0.000 0.000 0.000 0.000 0.000 0.000 0.000 0.000 0.000 0.000 0.000 0.000 0.000 0.000 0.000 0.000 0.000 0.000 0.000 0.000 0.000 0.000 0.000 0.000 0.000 0.000 0.000 0.000 0.000 0.000
0.002 0.002 0.002 0.002 0.002 0.001 0.001 0.001 0.001 0.001 0.000 0.000 0.000 0.000 0.000 0.000 0.000 0.000 0.000 0.000 0.000 0.000 0.000 0.000 0.000 0.000 0.000 0.000 0.000 0.000 0.000 0.000 0.000 0.000 0.000 0.000 0.000 0.000 0.000 0.000 0.000 0.000 0.000 0.000 0.000 0.000 0.000 0.000 0.000 0.000 0.000 0.000 0.000 0.000 0.000 0.000 0.000 0.000 0.000 0.000 0.000 0.000 0.000 0.000 0.000 0.000 0.000 0.000 0.000 0.000 0.000 0.000 0.000 0.000 0.000 0.000 0.000
0.004 0.003 0.003 0.003 0.003 0.003 0.002 0.002 0.002 0.001 0.001 0.001 0.001 0.001 0.000 0.000 0.000 0.000 0.000 0.000 0.000 0.000 0.000 0.000 0.000 0.000 0.000 0.000 0.000 0.000 0.000 0.000 0.000 0.000 0.000 0.000 0.000 0.000 0.000 0.000 0.000 0.000 0.000 0.000 0.000 0.000 0.000 0.000 0.001 0.001 0.001 0.001 0.001 0.001 0.001 0.001 0.001 0.001 0.001 0.001 0.001 0.001 0.001 0.001 0.001 0.001 0.001 0.001 0.001 0.001 0.001 0.001 0.001 0.001 0.001 0.001 0.000
0.005 0.005 0.005 0.004 0.004 0.004 0.003 0.003 0.003 0.002 0.002 0.002 0.001 0.001 0.001 0.001 0.001 0.000 0.000 0.000 0.000 0.000 0.000 0.000 0.000 0.000 0.000 0.000 0.000 0.000 0.000 0.000 0.000 0.000 0.000 0.000 0.000 0.000 0.000 0.000 0.000 0.000 0.000 0.000 0.000 0.001 0.001 0.002 0.003 0.004 0.004 0.004 0.005 0.005 0.005 0.004 0.004 0.004 0.004 0.004 0.004 0.004 0.004 0.004 0.004 0.004 0.004 0.004 0.004 0.004 0.004 0.004 0.003 0.003 0.003 0.002 0.001
0.007 0.006 0.006 0.006 0.005 0.005 0.005 0.004 0.004 0.004 0.003 0.003 0.003 0.002 0.002 0.002 0.001 0.001 0.001 0.001 0.001 0.001 0.000 0.000 0.000 0.000 0.000 0.000 0.000 0.000 0.000 0.000 0.000 0.000 0.000 0.000 0.000 0.000 0.000 0.000 0.000 0.000 0.000 0.001 0.001 0.002 0.003 0.004 0.006 0.007 0.008 0.009 0.009 0.009 0.009 0.009 0.009 0.009 0.008 0.008 0.008 0.008 0.008 0.008 0.008 0.008 0.008 0.008 0.008 0.008 0.008 0.007 0.007 0.007 0.006 0.004 0.003
0.009 0.008 0.008 0.007 0.007 0.006 0.006 0.006 0.005 0.005 0.005 0.004 0.004 0.003 0.003 0.003 0.003 0.002 0.002 0.002 0.002 0.002 0.001 0.001 0.001 0.001 0.001 0.001 0.001 0.001 0.001 0.001 0.001 0.001 0.001 0.001 0.001 0.001 0.001 0.001 0.001 0.001 0.001 0.002 0.003 0.005 0.006 0.008 0.011 0.013 0.015 0.015 0.016 0.016 0.016 0.015 0.015 0.014 0.014 0.014 0.014 0.014 0.013 0.013 0.013 0.013 0.014 0.013 0.013 0.013 0.013 0.013 0.012 0.012 0.010 0.008 0.006
0.012 0.011 0.010 0.009 0.008 0.008 0.008 0.007 0.007 0.006 0.006 0.006 0.005 0.005 0.005 0.004 0.004 0.004 0.004 0.003 0.003 0.003 0.003 0.003 0.003 0.003 0.003 0.002 0.002 0.002 0.002 0.002 0.002 0.002 0.002 0.002 0.002 0.002 0.002 0.003 0.003 0.003 0.004 0.005 0.007 0.009 0.011 0.014 0.018 0.021 0.023 0.025 0.025 0.025 0.025 0.025 0.024 0.023 0.023 0.022 0.022 0.022 0.021 0.021 0.021 0.022 0.022 0.022 0.022 0.022 0.022 0.022 0.021 0.020 0.017 0.013 0.010
0.015 0.014 0.012 0.011 0.010 0.010 0.009 0.009 0.008 0.008 0.008 0.007 0.007 0.007 0.007 0.006 0.006 0.006 0.005 0.005 0.005 0.005 0.005 0.005 0.005 0.005 0.004 0.004 0.004 0.004 0.004 0.004 0.004 0.004 0.004 0.004 0.004 0.004 0.005 0.005 0.006 0.007 0.008 0.009 0.011 0.014 0.018 0.022 0.027 0.032 0.036 0.038 0.040 0.040 0.040 0.040 0.039 0.038 0.037 0.037 0.037 0.036 0.035 0.035 0.035 0.036 0.038 0.039 0.040 0.040 0.040 0.040 0.039 0.036 0.030 0.021 0.016
0.023 0.019 0.016 0.014 0.013 0.012 0.011 0.011 0.010 0.010 0.010 0.009 0.009 0.009 0.009 0.008 0.008 0.008 0.008 0.007 0.007 0.007 0.007 0.007 0.007 0.007 0.007 0.007 0.007 0.007 0.007 0.007 0.007 0.007 0.007 0.007 0.007 0.007 0.008 0.008 0.009 0.011 0.012 0.015 0.018 0.021 0.026 0.032 0.040 0.048 0.054 0.059 0.063 0.066 0.067 0.067 0.066 0.066 0.067 0.068 0.069 0.068 0.067 0.066 0.066 0.068 0.073 0.077 0.081 0.082 0.082 0.082 0.080 0.074 0.057 0.038 0.026
0.044 0.030 0.023 0.019 0.016 0.015 0.014 0.013 0.013 0.012 0.012 0.012 0.012 0.011 0.011 0.011 0.011 0.010 0.010 0.010 0.010 0.010 0.010 0.010 0.010 0.010 0.010 0.010 0.010 0.010 0.010 0.010 0.010 0.010 0.010 0.010 0.011 0.011 0.012 0.013 0.014 0.016 0.018 0.021 0.025 0.030 0.036 0.045 0.057 0.068 0.078 0.087 0.096 0.106 0.113 0.119 0.122 0.127 0.133 0.141 0.146 0.149 0.149 0.147 0.148 0.153 0.161 0.172 0.187 0.196 0.198 0.197 0.191 0.173 0.130 0.078 0.048
0.119 0.067 0.041 0.029 0.023 0.019 0.018 0.016 0.016 0.015 0.015 0.015 0.015 0.015 0.014 0.014 0.014 0.014 0.013 0.013 0.013 0.013 0.013 0.013 0.013 0.013 0.013 0.013 0.013 0.014 0.014 0.014 0.014 0.014 0.014 0.015 0.015 0.015 0.016 0.017 0.019 0.022 0.025 0.029 0.034 0.040 0.049 0.061 0.076 0.091 0.106 0.122 0.140 0.159 0.180 0.201 0.221 0.243 0.266 0.292 0.316 0.339 0.354 0.362 0.368 0.379 0.396 0.422 0.472 0.512 0.520 0.515 0.492 0.438 0.327 0.184 0.102
0.378 0.195 0.101 0.058 0.039 0.030 0.025 0.022 0.021 0.020 0.019 0.019 0.019 0.019 0.019 0.018 0.018 0.018 0.017 0.017 0.017 0.017 0.017 0.017 0.017 0.017 0.017 0.017 0.018 0.018 0.018 0.018 0.019 0.019 0.019 0.020 0.020 0.020 0.021 0.023 0.025 0.029 0.033 0.038 0.045 0.054 0.065 0.080 0.098 0.119 0.141 0.166 0.196 0.231 0.273 0.322 0.378 0.435 0.493 0.554 0.621 0.697 0.769 0.821 0.861 0.900 0.947 1.018 1.148 1.302 1.344 1.314 1.228 1.077 0.818 0.464 0.240
1.003 0.558 0.291 0.154 0.090 0.060 0.044 0.035 0.030 0.028 0.027 0.027 0.027 0.027 0.026 0.026 0.025 0.024 0.023 0.023 0.022 0.022 0.021 0.021 0.021 0.021 0.022 0.022 0.022 0.023 0.023 0.023 0.024 0.024 0.025 0.025 0.026 0.027 0.028 0.030 0.033 0.037 0.043 0.050 0.060 0.072 0.088 0.107 0.130 0.158 0.191 0.231 0.280 0.342 0.422 0.523 0.637 0.753 0.870 0.992 1.131 1.283 1.427 1.541 1.633 1.721 1.820 1.941 2.123 2.410 2.687 2.769 2.648 2.363 1.859 1.138 0.580
2.045 1.287 0.761 0.433 0.247 0.149 0.098 0.070 0.054 0.046 0.042 0.041 0.041 0.042 0.042 0.040 0.039 0.036 0.034 0.033 0.031 0.029 0.028 0.027 0.027 0.028 0.028 0.028 0.028 0.029 0.029 0.029 0.030 0.030 0.031 0.032 0.033 0.034 0.037 0.040 0.044 0.050 0.058 0.069 0.084 0.102 0.124 0.150 0.183 0.225 0.279 0.347 0.435 0.554 0.710 0.898 1.095 1.286 1.459 1.605 1.729 1.844 1.950 2.044 2.137 2.239 2.363 2.504 2.680 2.962 3.412 3.800 3.911 3.780 3.327 2.404 1.311
3.383 2.399 1.596 1.029 0.643 0.396 0.250 0.168 0.121 0.094 0.081 0.078 0.078 0.078 0.078 0.077 0.072 0.065 0.060 0.056 0.051 0.045 0.040 0.038 0.037 0.037 0.037 0.037 0.037 0.036 0.036 0.037 0.037 0.038 0.038 0.039 0.041 0.044 0.048 0.053 0.060 0.069 0.083 0.102 0.126 0.154 0.187 0.226 0.278 0.349 0.443 0.570 0.746 0.991 1.272 1.534 1.722 1.844 1.930 1.994 2.039 2.078 2.120 2.176 2.255 2.357 2.481 2.619 2.785 3.044 3.500 4.095 4.412 4.446 4.225 3.570 2.395
4.589 3.638 2.715 1.936 1.346 0.915 0.619 0.428 0.308 0.237 0.199 0.183 0.180 0.179 0.178 0.171 0.157 0.142 0.128 0.116 0.103 0.086 0.070 0.061 0.057 0.055 0.055 0.054 0.052 0.049 0.047 0.047 0.047 0.048 0.049 0.052 0.055 0.060 0.066 0.075 0.088 0.107 0.134 0.167 0.207 0.251 0.303 0.369 0.457 0.581 0.755 1.011 1.358 1.704 1.935 2.045 2.084 2.077 2.076 2.085 2.091 2.094 2.104 2.129 2.180 2.255 2.347 2.447 2.575 2.783 3.181 3.863 4.428 4.579 4.491 4.083 3.240
5.490 4.620 3.766 2.978 2.300 1.745 1.317 1.004 0.785 0.640 0.553 0.506 0.482 0.466 0.447 0.415 0.379 0.347 0.316 0.286 0.253 0.207 0.155 0.122 0.104 0.097 0.092 0.088 0.082 0.074 0.068 0.066 0.066 0.067 0.070 0.076 0.082 0.090 0.102 0.122 0.151 0.192 0.243 0.301 0.365 0.436 0.521 0.637 0.797 1.018 1.336 1.725 2.043 2.202 2.247 2.217 2.160 2.094 2.057 2.040 2.022 1.993 1.968 1.951 1.945 1.952 1.956 1.963 2.001 2.098 2.346 2.962 3.887 4.402 4.437 4.189 3.617
6.222 5.437 4.712 4.028 3.396 2.839 2.370 1.995 1.718 1.528 1.404 1.322 1.258 1.193 1.098 0.979 0.895 0.837 0.783 0.723 0.643 0.523 0.384 0.288 0.233 0.204 0.187 0.172 0.156 0.135 0.119 0.113 0.111 0.113 0.120 0.129 0.142 0.162 0.193 0.240 0.304 0.382 0.470 0.565 0.667 0.783 0.932 1.148 1.429 1.730 2.016 2.233 2.333 2.343 2.298 2.214 2.103 1.988 1.896 1.825 1.761 1.699 1.643 1.590 1.528 1.447 1.340 1.254 1.226 1.248 1.359 1.717 2.633 3.682 4.069 4.024 3.673
6.946 6.247 5.666 5.130 4.608 4.122 3.706 3.366 3.115 2.947 2.833 2.740 2.643 2.504 2.280 2.004 1.822 1.716 1.623 1.513 1.355 1.112 0.834 0.634 0.514 0.452 0.415 0.381 0.342 0.294 0.254 0.235 0.230 0.233 0.243 0.262 0.294 0.345 0.421 0.520 0.636 0.763 0.903 1.058 1.226 1.418 1.658 1.923 2.134 2.256 2.328 2.365 2.360 2.315 2.211 2.055 1.866 1.673 1.500 1.352 1.235 1.151 1.087 1.027 0.967 0.900 0.812 0.742 0.714 0.715 0.766 0.956 1.495 2.546 3.316 3.538 3.452
7.789 7.234 6.800 6.420 6.026 5.612 5.280 5.042 4.876 4.775 4.712 4.649 4.545 4.344 4.007 3.574 3.226 2.994 2.802 2.594 2.318 1.922 1.481 1.153 0.952 0.857 0.818 0.786 0.740 0.668 0.590 0.547 0.535 0.538 0.555 0.590 0.652 0.757 0.904 1.075 1.255 1.439 1.636 1.853 2.053 2.213 2.343 2.424 2.433 2.397 2.354 2.304 2.216 2.069 1.857 1.601 1.342 1.108 0.930 0.812 0.734 0.678 0.640 0.609 0.578 0.542 0.490 0.449 0.434 0.435 0.463 0.574 0.894 1.607 2.405 2.819 2.966
8.903 8.612 8.370 8.145 7.886 7.573 7.343 7.203 7.112 7.057 7.024 6.984 6.890 6.678 6.307 5.783 5.221 4.723 4.285 3.866 3.406 2.835 2.240 1.785 1.491 1.349 1.312 1.310 1.307 1.269 1.203 1.162 1.154 1.165 1.195 1.248 1.338 1.488 1.692 1.872 2.016 2.151 2.300 2.459 2.570 2.619 2.604 2.537 2.439 2.322 2.168 1.967 1.707 1.413 1.132 0.899 0.730 0.612 0.533 0.484 0.450 0.420 0.395 0.375 0.354 0.328 0.297 0.279 0.274 0.280 0.304 0.381 0.589 1.049 1.716 2.187 2.441
