RESULTS/r.avaflow_results/23_results/23_ascii/23_hflow30025.asc
ncols 506
nrows 317
xllcenter 498237.50
yllcenter 5580050.00
cellsize 12.50
NODATA_value -9999.000
[rows 170 to 203 of 317, columns 154 to 230 of 506]
10.136 10.211 10.247 10.233 10.158 10.028 9.905 9.813 9.724 9.632 9.542 9.455 9.344 9.150 8.797 8.237 7.501 6.691 5.886 5.116 4.357 3.569 2.823 2.226 1.799 1.532 1.393 1.345 1.346 1.366 1.406 1.480 1.586 1.668 1.725 1.775 1.840 1.957 2.075 2.128 2.139 2.127 2.108 2.082 2.025 1.918 1.733 1.465 1.146 0.832 0.574 0.398 0.290 0.224 0.184 0.160 0.145 0.139 0.139 0.141 0.141 0.140 0.137 0.133 0.128 0.126 0.126 0.128 0.135 0.148 0.173 0.219 0.316 0.515 0.852 1.228 1.514
12.108 12.578 12.912 13.115 13.199 13.213 13.182 13.113 13.012 12.891 12.752 12.613 12.469 12.274 11.934 11.350 10.499 9.448 8.311 7.165 6.024 4.919 3.909 3.070 2.446 2.012 1.731 1.574 1.515 1.523 1.576 1.686 1.838 1.924 1.954 1.968 1.989 2.048 2.111 2.129 2.112 2.056 1.968 1.858 1.710 1.486 1.162 0.804 0.516 0.339 0.233 0.169 0.131 0.109 0.098 0.093 0.093 0.096 0.102 0.106 0.107 0.106 0.104 0.099 0.094 0.092 0.092 0.095 0.101 0.112 0.131 0.163 0.229 0.359 0.591 0.921 1.242
13.984 14.859 15.444 15.783 15.938 15.991 15.994 15.952 15.880 15.781 15.659 15.524 15.384 15.208 14.904 14.355 13.508 12.396 11.105 9.720 8.285 6.852 5.502 4.324 3.386 2.681 2.168 1.833 1.657 1.597 1.612 1.705 1.865 1.944 1.959 1.955 1.956 1.983 2.006 1.987 1.904 1.737 1.496 1.238 0.976 0.713 0.472 0.301 0.195 0.134 0.099 0.078 0.066 0.060 0.059 0.060 0.064 0.071 0.078 0.082 0.083 0.082 0.079 0.075 0.072 0.071 0.071 0.073 0.078 0.085 0.098 0.120 0.165 0.256 0.423 0.685 1.008
15.182 16.358 17.142 17.618 17.896 18.072 18.197 18.275 18.303 18.281 18.225 18.142 18.049 17.921 17.671 17.165 16.340 15.233 13.953 12.553 11.033 9.401 7.722 6.144 4.802 3.713 2.865 2.254 1.870 1.673 1.613 1.650 1.760 1.821 1.825 1.793 1.753 1.726 1.690 1.596 1.381 1.050 0.737 0.520 0.369 0.254 0.169 0.113 0.079 0.060 0.049 0.043 0.040 0.039 0.039 0.042 0.047 0.054 0.060 0.063 0.063 0.063 0.061 0.058 0.056 0.056 0.056 0.057 0.060 0.065 0.073 0.087 0.119 0.183 0.303 0.504 0.792
15.657 16.989 17.936 18.584 19.056 19.434 19.765 20.045 20.235 20.337 20.373 20.368 20.344 20.279 20.101 19.677 18.935 17.888 16.629 15.240 13.737 12.087 10.255 8.305 6.501 4.988 3.783 2.871 2.222 1.807 1.593 1.521 1.525 1.531 1.494 1.398 1.288 1.184 1.073 0.911 0.679 0.442 0.287 0.195 0.137 0.096 0.068 0.050 0.039 0.033 0.030 0.028 0.028 0.028 0.029 0.031 0.036 0.042 0.046 0.048 0.048 0.048 0.046 0.045 0.045 0.045 0.045 0.046 0.047 0.050 0.055 0.065 0.088 0.133 0.219 0.367 0.597
15.635 17.007 18.042 18.820 19.480 20.079 20.617 21.089 21.444 21.670 21.777 21.829 21.879 21.895 21.812 21.524 20.962 20.094 18.931 17.526 15.938 14.178 12.192 9.930 7.714 5.859 4.394 3.295 2.492 1.926 1.561 1.350 1.210 1.076 0.918 0.756 0.642 0.562 0.487 0.399 0.281 0.178 0.116 0.080 0.059 0.044 0.034 0.028 0.025 0.023 0.021 0.021 0.021 0.021 0.022 0.024 0.027 0.032 0.035 0.036 0.036 0.036 0.036 0.035 0.036 0.036 0.036 0.037 0.038 0.040 0.044 0.052 0.069 0.102 0.163 0.268 0.440
15.184 16.597 17.749 18.667 19.457 20.177 20.817 21.380 21.836 22.145 22.285 22.353 22.449 22.572 22.585 22.444 22.076 21.417 20.407 19.028 17.350 15.446 13.289 10.799 8.301 6.232 4.628 3.445 2.580 1.954 1.503 1.161 0.867 0.614 0.426 0.317 0.264 0.233 0.203 0.166 0.116 0.077 0.054 0.040 0.031 0.026 0.022 0.019 0.018 0.017 0.017 0.017 0.017 0.017 0.018 0.019 0.021 0.024 0.026 0.027 0.027 0.027 0.027 0.027 0.028 0.028 0.029 0.030 0.031 0.033 0.037 0.045 0.059 0.083 0.126 0.200 0.326
14.215 15.713 17.026 18.151 19.122 19.948 20.620 21.183 21.656 21.992 22.145 22.217 22.334 22.556 22.634 22.564 22.291 21.744 20.846 19.532 17.825 15.827 13.567 10.976 8.381 6.245 4.604 3.403 2.524 1.856 1.324 0.881 0.533 0.306 0.185 0.131 0.108 0.097 0.086 0.071 0.053 0.039 0.030 0.024 0.020 0.018 0.016 0.015 0.014 0.013 0.013 0.013 0.013 0.013 0.013 0.014 0.015 0.017 0.019 0.019 0.020 0.020 0.020 0.021 0.021 0.021 0.022 0.023 0.025 0.028 0.033 0.040 0.052 0.071 0.103 0.156 0.245
12.823 14.432 15.919 17.243 18.364 19.243 19.895 20.414 20.845 21.165 21.344 21.452 21.604 21.864 21.971 21.928 21.708 21.254 20.464 19.232 17.553 15.530 13.217 10.585 8.019 5.905 4.271 3.062 2.164 1.471 0.917 0.505 0.259 0.137 0.081 0.058 0.049 0.045 0.040 0.035 0.029 0.024 0.020 0.017 0.015 0.013 0.012 0.011 0.011 0.010 0.010 0.010 0.010 0.010 0.010 0.010 0.011 0.012 0.013 0.013 0.014 0.014 0.014 0.014 0.015 0.015 0.016 0.018 0.020 0.024 0.029 0.037 0.048 0.064 0.088 0.127 0.190
11.114 12.829 14.454 15.887 17.071 17.961 18.596 19.040 19.356 19.592 19.801 20.044 20.230 20.359 20.380 20.300 20.104 19.734 19.054 17.921 16.290 14.253 11.910 9.368 7.005 5.031 3.451 2.239 1.362 0.770 0.406 0.208 0.108 0.061 0.040 0.031 0.027 0.025 0.023 0.021 0.019 0.017 0.015 0.013 0.012 0.010 0.009 0.009 0.008 0.007 0.007 0.007 0.007 0.007 0.007 0.007 0.007 0.008 0.008 0.009 0.009 0.009 0.009 0.009 0.010 0.010 0.012 0.013 0.016 0.020 0.026 0.034 0.045 0.059 0.080 0.110 0.158
9.112 10.827 12.555 14.049 15.266 16.191 16.851 17.240 17.439 17.606 17.907 18.356 18.556 18.538 18.434 18.273 18.034 17.637 16.927 15.738 14.037 11.914 9.568 7.298 5.294 3.559 2.130 1.126 0.551 0.270 0.139 0.078 0.047 0.031 0.023 0.020 0.018 0.017 0.016 0.015 0.014 0.012 0.011 0.010 0.009 0.008 0.007 0.006 0.006 0.005 0.005 0.004 0.004 0.004 0.004 0.004 0.004 0.004 0.005 0.005 0.005 0.005 0.005 0.006 0.006 0.007 0.008 0.010 0.013 0.017 0.023 0.032 0.043 0.057 0.076 0.102 0.141
7.073 8.513 10.175 11.789 13.127 14.176 14.932 15.393 15.656 15.894 16.282 16.761 16.930 16.891 16.763 16.573 16.248 15.627 14.589 13.058 11.019 8.575 6.268 4.433 2.981 1.806 0.936 0.413 0.176 0.087 0.051 0.034 0.025 0.019 0.016 0.014 0.013 0.013 0.012 0.011 0.010 0.010 0.009 0.008 0.007 0.006 0.005 0.004 0.004 0.003 0.003 0.002 0.002 0.002 0.002 0.002 0.002 0.002 0.002 0.002 0.003 0.003 0.003 0.003 0.004 0.004 0.005 0.007 0.010 0.014 0.021 0.029 0.041 0.056 0.075 0.099 0.132
5.359 6.451 7.769 9.301 10.807 12.041 12.960 13.561 13.920 14.232 14.641 15.011 15.132 15.106 14.997 14.780 14.333 13.431 11.926 9.786 7.164 4.687 2.957 1.875 1.154 0.635 0.293 0.120 0.056 0.034 0.025 0.019 0.016 0.014 0.012 0.011 0.010 0.010 0.009 0.009 0.008 0.007 0.007 0.006 0.005 0.004 0.003 0.003 0.002 0.002 0.001 0.001 0.001 0.001 0.001 0.001 0.001 0.001 0.001 0.001 0.001 0.001 0.001 0.002 0.002 0.002 0.003 0.005 0.008 0.012 0.018 0.027 0.039 0.055 0.074 0.097 0.127
3.995 4.791 5.753 6.914 8.295 9.665 10.734 11.481 11.945 12.265 12.520 12.660 12.699 12.673 12.555 12.234 11.546 10.253 8.130 5.525 3.268 1.782 0.940 0.518 0.289 0.152 0.074 0.038 0.024 0.019 0.015 0.013 0.011 0.010 0.009 0.009 0.008 0.008 0.007 0.007 0.006 0.005 0.005 0.004 0.003 0.003 0.002 0.001 0.001 0.001 0.000 0.000 0.000 0.000 0.000 0.000 0.000 0.000 0.000 0.000 0.000 0.000 0.000 0.001 0.001 0.001 0.002 0.004 0.006 0.010 0.016 0.025 0.037 0.054 0.073 0.096 0.123
2.910 3.447 4.070 4.807 5.704 6.809 7.901 8.729 9.239 9.481 9.546 9.484 9.358 9.171 8.840 8.238 7.202 5.583 3.628 1.977 0.946 0.421 0.199 0.111 0.067 0.041 0.026 0.019 0.015 0.013 0.011 0.010 0.009 0.008 0.007 0.007 0.006 0.006 0.005 0.005 0.004 0.004 0.003 0.003 0.002 0.002 0.001 0.001 0.000 0.000 0.000 0.000 0.000 0.000 0.000 0.000 0.000 0.000 0.000 0.000 0.000 0.000 0.000 0.000 0.000 0.001 0.001 0.002 0.004 0.008 0.014 0.022 0.035 0.052 0.072 0.094 0.120
2.018 2.330 2.668 3.044 3.482 4.030 4.698 5.286 5.674 5.822 5.808 5.680 5.399 4.956 4.419 3.810 3.005 1.942 0.986 0.421 0.171 0.082 0.048 0.033 0.024 0.019 0.015 0.012 0.010 0.009 0.008 0.007 0.007 0.006 0.005 0.005 0.005 0.004 0.004 0.004 0.003 0.003 0.002 0.002 0.002 0.001 0.001 0.000 0.000 0.000 0.000 0.000 0.000 0.000 0.000 0.000 0.000 0.000 0.000 0.000 0.000 0.000 0.000 0.000 0.000 0.000 0.001 0.001 0.003 0.006 0.011 0.019 0.031 0.048 0.069 0.092 0.118
1.269 1.403 1.544 1.690 1.849 2.045 2.312 2.574 2.739 2.796 2.784 2.679 2.408 1.957 1.522 1.167 0.798 0.408 0.171 0.073 0.039 0.026 0.020 0.017 0.014 0.012 0.010 0.009 0.008 0.007 0.006 0.005 0.005 0.004 0.004 0.004 0.003 0.003 0.003 0.003 0.002 0.002 0.002 0.001 0.001 0.001 0.000 0.000 0.000 0.000 0.000 0.000 0.000 0.000 0.000 0.000 0.000 0.000 0.000 0.000 0.000 0.000 0.000 0.000 0.000 0.000 0.000 0.001 0.002 0.004 0.008 0.015 0.026 0.042 0.062 0.087 0.115
0.680 0.713 0.757 0.798 0.826 0.853 0.898 0.951 0.978 0.975 0.952 0.882 0.732 0.505 0.341 0.238 0.145 0.072 0.036 0.023 0.017 0.014 0.012 0.011 0.010 0.008 0.007 0.006 0.006 0.005 0.004 0.004 0.003 0.003 0.003 0.003 0.002 0.002 0.002 0.002 0.002 0.001 0.001 0.001 0.001 0.001 0.000 0.000 0.000 0.000 0.000 0.000 0.000 0.000 0.000 0.000 0.000 0.000 0.000 0.000 0.000 0.000 0.000 0.000 0.000 0.000 0.000 0.000 0.001 0.003 0.006 0.011 0.019 0.033 0.053 0.079 0.110
0.292 0.293 0.300 0.305 0.299 0.284 0.267 0.255 0.243 0.231 0.216 0.195 0.155 0.101 0.070 0.049 0.033 0.021 0.016 0.013 0.011 0.010 0.009 0.008 0.007 0.006 0.005 0.004 0.004 0.003 0.003 0.003 0.002 0.002 0.002 0.002 0.002 0.002 0.001 0.001 0.001 0.001 0.001 0.001 0.001 0.001 0.000 0.000 0.000 0.000 0.000 0.000 0.000 0.000 0.000 0.000 0.000 0.000 0.000 0.000 0.000 0.000 0.000 0.000 0.000 0.000 0.000 0.000 0.001 0.002 0.004 0.007 0.014 0.025 0.043 0.070 0.103
0.089 0.088 0.089 0.090 0.088 0.081 0.069 0.060 0.054 0.050 0.046 0.042 0.035 0.026 0.020 0.016 0.013 0.011 0.009 0.008 0.007 0.007 0.006 0.005 0.005 0.004 0.003 0.003 0.003 0.002 0.002 0.002 0.002 0.002 0.001 0.001 0.001 0.001 0.001 0.001 0.001 0.001 0.001 0.001 0.001 0.000 0.000 0.000 0.000 0.000 0.000 0.000 0.000 0.000 0.000 0.000 0.000 0.000 0.000 0.000 0.000 0.000 0.000 0.000 0.000 0.000 0.000 0.000 0.000 0.001 0.002 0.005 0.009 0.018 0.033 0.058 0.093
0.018 0.018 0.019 0.020 0.021 0.019 0.017 0.014 0.013 0.013 0.012 0.012 0.012 0.010 0.009 0.008 0.007 0.007 0.006 0.006 0.005 0.005 0.004 0.004 0.003 0.003 0.002 0.002 0.002 0.002 0.001 0.001 0.001 0.001 0.001 0.001 0.001 0.001 0.001 0.001 0.001 0.001 0.001 0.001 0.001 0.000 0.000 0.000 0.000 0.000 0.000 0.000 0.000 0.000 0.000 0.000 0.000 0.000 0.000 0.000 0.000 0.000 0.000 0.000 0.000 0.000 0.000 0.000 0.000 0.000 0.001 0.003 0.006 0.012 0.023 0.043 0.077
0.003 0.003 0.003 0.004 0.004 0.004 0.004 0.004 0.004 0.004 0.005 0.005 0.005 0.005 0.005 0.005 0.005 0.004 0.004 0.004 0.003 0.003 0.003 0.002 0.002 0.002 0.002 0.001 0.001 0.001 0.001 0.001 0.001 0.001 0.001 0.001 0.001 0.001 0.001 0.001 0.001 0.001 0.001 0.001 0.001 0.000 0.000 0.000 0.000 0.000 0.000 0.000 0.000 0.000 0.000 0.000 0.000 0.000 0.000 0.000 0.000 0.000 0.000 0.000 0.000 0.000 0.000 0.000 0.000 0.000 0.000 0.001 0.003 0.007 0.014 0.028 0.054
0.001 0.001 0.001 0.001 0.001 0.001 0.001 0.002 0.002 0.002 0.002 0.003 0.003 0.003 0.003 0.003 0.003 0.003 0.002 0.002 0.002 0.002 0.002 0.002 0.001 0.001 0.001 0.001 0.001 0.001 0.001 0.001 0.001 0.001 0.001 0.001 0.001 0.001 0.002 0.002 0.002 0.002 0.001 0.001 0.001 0.000 0.000 0.000 0.000 0.000 0.000 0.000 0.000 0.000 0.000 0.000 0.000 0.000 0.000 0.000 0.000 0.000 0.000 0.000 0.000 0.000 0.000 0.000 0.000 0.000 0.000 0.001 0.002 0.004 0.008 0.017 0.032
0.001 0.001 0.001 0.001 0.001 0.001 0.001 0.001 0.001 0.001 0.001 0.002 0.002 0.002 0.002 0.002 0.002 0.002 0.002 0.001 0.001 0.001 0.001 0.001 0.001 0.001 0.001 0.001 0.001 0.001 0.001 0.001 0.001 0.002 0.002 0.002 0.002 0.002 0.002 0.002 0.002 0.002 0.001 0.001 0.001 0.000 0.000 0.000 0.000 0.000 0.000 0.000 0.000 0.000 0.000 0.000 0.000 0.000 0.000 0.000 0.000 0.000 0.000 0.000 0.000 0.000 0.000 0.000 0.000 0.000 0.000 0.000 0.001 0.002 0.005 0.009 0.018
0.001 0.001 0.001 0.001 0.001 0.001 0.001 0.001 0.001 0.001 0.001 0.001 0.001 0.001 0.001 0.001 0.001 0.001 0.001 0.001 0.001 0.001 0.001 0.001 0.001 0.001 0.001 0.001 0.002 0.002 0.002 0.002 0.003 0.003 0.003 0.003 0.003 0.003 0.003 0.002 0.002 0.002 0.001 0.001 0.000 0.000 0.000 0.000 0.000 0.000 0.000 0.000 0.000 0.000 0.000 0.000 0.000 0.000 0.000 0.000 0.000 0.000 0.000 0.000 0.000 0.000 0.000 0.000 0.000 0.000 0.000 0.000 0.000 0.001 0.002 0.005 0.009
0.000 0.000 0.000 0.001 0.001 0.001 0.001 0.001 0.001 0.001 0.001 0.001 0.001 0.001 0.001 0.001 0.001 0.001 0.001 0.001 0.001 0.001 0.001 0.001 0.001 0.002 0.002 0.003 0.003 0.004 0.004 0.004 0.004 0.004 0.004 0.004 0.003 0.003 0.003 0.002 0.002 0.001 0.001 0.000 0.000 0.000 0.000 0.000 0.000 0.000 0.000 0.000 0.000 0.000 0.000 0.000 0.000 0.000 0.000 0.000 0.000 0.000 0.000 0.000 0.000 0.000 0.000 0.000 0.000 0.000 0.000 0.000 0.000 0.000 0.001 0.002 0.005
0.000 0.000 0.000 0.000 0.000 0.000 0.000 0.000 0.001 0.001 0.001 0.001 0.001 0.001 0.001 0.001 0.001 0.001 0.001 0.001 0.001 0.001 0.001 0.002 0.002 0.003 0.004 0.005 0.005 0.005 0.005 0.005 0.005 0.004 0.004 0.004 0.003 0.003 0.002 0.002 0.001 0.001 0.001 0.000 0.000 0.000 0.000 0.000 0.000 0.000 0.000 0.000 0.000 0.000 0.000 0.000 0.000 0.000 0.000 0.000 0.000 0.000 0.000 0.000 0.000 0.000 0.000 0.000 0.000 0.000 0.000 0.000 0.000 0.000 0.000 0.001 0.002
0.000 0.000 0.000 0.000 0.000 0.000 0.000 0.000 0.000 0.000 0.001 0.001 0.001 0.001 0.001 0.001 0.001 0.001 0.001 0.001 0.001 0.002 0.002 0.003 0.004 0.005 0.005 0.006 0.006 0.005 0.005 0.005 0.005 0.004 0.004 0.004 0.003 0.002 0.002 0.001 0.001 0.001 0.000 0.000 0.000 0.000 0.000 0.000 0.000 0.000 0.000 0.000 0.000 0.000 0.000 0.000 0.000 0.000 0.000 0.000 0.000 0.000 0.000 0.000 0.000 0.000 0.000 0.000 0.000 0.000 0.000 0.000 0.000 0.000 0.000 0.000 0.001
0.000 0.000 0.000 0.000 0.000 0.000 0.000 0.000 0.000 0.000 0.000 0.000 0.001 0.001 0.001 0.001 0.001 0.001 0.001 0.002 0.002 0.003 0.003 0.004 0.005 0.006 0.006 0.006 0.006 0.005 0.005 0.005 0.004 0.004 0.004 0.003 0.002 0.002 0.001 0.001 0.001 0.000 0.000 0.000 0.000 0.000 0.000 0.000 0.000 0.000 0.000 0.000 0.000 0.000 0.000 0.000 0.000 0.000 0.000 0.000 0.000 0.000 0.000 0.000 0.000 0.000 0.000 0.000 0.000 0.000 0.000 0.000 0.000 0.000 0.000 0.000 0.000
0.000 0.000 0.000 0.000 0.000 0.000 0.000 0.000 0.000 0.000 0.000 0.000 0.000 0.000 0.001 0.001 0.001 0.001 0.001 0.002 0.002 0.003 0.004 0.005 0.005 0.005 0.006 0.006 0.005 0.005 0.005 0.004 0.004 0.003 0.003 0.002 0.002 0.001 0.001 0.001 0.000 0.000 0.000 0.000 0.000 0.000 0.000 0.000 0.000 0.000 0.000 0.000 0.000 0.000 0.000 0.000 0.000 0.000 0.000 0.000 0.000 0.000 0.000 0.000 0.000 0.000 0.000 0.000 0.000 0.000 0.000 0.000 0.000 0.000 0.000 0.000 0.000
0.000 0.000 0.000 0.000 0.000 0.000 0.000 0.000 0.000 0.000 0.000 0.000 0.000 0.000 0.000 0.001 0.001 0.001 0.001 0.002 0.002 0.003 0.004 0.004 0.005 0.005 0.005 0.005 0.005 0.005 0.004 0.004 0.003 0.002 0.002 0.001 0.001 0.001 0.001 0.000 0.000 0.000 0.000 0.000 0.000 0.000 0.000 0.000 0.000 0.000 0.000 0.000 0.000 0.000 0.000 0.000 0.000 0.000 0.000 0.000 0.000 0.000 0.000 0.000 0.000 0.000 0.000 0.000 0.000 0.000 0.000 0.000 0.000 0.000 0.000 0.000 0.000
0.000 0.000 0.000 0.000 0.000 0.000 0.000 0.000 0.000 0.000 0.000 0.000 0.000 0.000 0.000 0.000 0.001 0.001 0.001 0.002 0.002 0.003 0.003 0.004 0.004 0.004 0.004 0.004 0.004 0.004 0.003 0.003 0.002 0.001 0.001 0.001 0.001 0.001 0.000 0.000 0.000 0.000 0.000 0.000 0.000 0.000 0.000 0.000 0.000 0.000 0.000 0.000 0.000 0.000 0.000 0.000 0.000 0.000 0.000 0.000 0.000 0.000 0.000 0.000 0.000 0.000 0.000 0.000 0.000 0.000 0.000 0.000 0.000 0.000 0.000 0.000 0.000
0.000 0.000 0.000 0.000 0.000 0.000 0.000 0.000 0.000 0.000 0.000 0.000 0.000 0.000 0.000 0.000 0.001 0.001 0.001 0.001 0.002 0.002 0.003 0.003 0.003 0.003 0.003 0.003 0.003 0.002 0.002 0.002 0.001 0.001 0.001 0.001 0.000 0.000 0.000 0.000 0.000 0.000 0.000 0.000 0.000 0.000 0.000 0.000 0.000 0.000 0.000 0.000 0.000 0.000 0.000 0.000 0.000 0.000 0.000 0.000 0.000 0.000 0.000 0.000 0.000 0.000 0.000 0.000 0.000 0.000 0.000 0.000 0.000 0.000 0.000 0.000 0.000
0.000 0.000 0.000 0.000 0.000 0.000 0.000 0.000 0.000 0.000 0.000 0.000 0.000 0.000 0.000 0.000 0.000 0.001 0.001 0.001 0.001 0.002 0.002 0.002 0.002 0.002 0.002 0.002 0.001 0.001 0.001 0.001 0.001 0.001 0.001 0.000 0.000 0.000 0.000 0.000 0.000 0.000 0.000 0.000 0.000 0.000 0.000 0.000 0.000 0.000 0.000 0.000 0.000 0.000 0.000 0.000 0.000 0.000 0.000 0.000 0.000 0.000 0.000 0.000 0.000 0.000 0.000 0.000 0.000 0.000 0.000 0.000 0.000 0.000 0.000 0.000 0.000
