RESULTS/r.avaflow_results/23_results/23_ascii/23_hflow_max0060.asc
ncols 506
nrows 317
xllcenter 498237.50
yllcenter 5580050.00
cellsize 12.50
NODATA_value -9999.000
[rows 170 to 203 of 317, columns 77 to 153 of 506]
0.000 0.000 0.000 0.000 0.001 0.002 0.005 0.007 0.010 0.014 0.020 0.030 0.048 0.075 0.111 0.149 0.187 0.223 0.259 0.297 0.344 0.416 0.532 0.704 0.866 1.038 1.211 1.441 2.022 2.572 3.010 3.344 3.612 3.859 4.117 4.408 4.770 5.254 5.903 6.353 6.558 6.707 6.943 7.329 8.058 8.986 9.765 10.627 11.327 11.828 12.269 12.763 13.662 15.570 18.502 22.301 26.943 32.040 37.672 42.586 45.904 47.673 47.920 46.938 45.289 42.848 40.302 37.757 35.483 33.381 31.731 30.400 29.419 28.628 27.992 27.474 26.999
0.000 0.000 0.000 0.001 0.003 0.006 0.010 0.016 0.023 0.032 0.047 0.072 0.112 0.167 0.230 0.293 0.352 0.412 0.472 0.537 0.617 0.735 0.885 1.038 1.150 1.384 1.734 2.431 3.160 3.686 4.032 4.249 4.412 4.578 4.779 5.048 5.392 5.844 6.438 6.918 7.242 7.563 7.993 8.540 9.381 10.307 11.210 12.285 13.226 13.805 14.147 14.525 15.079 16.155 18.354 22.007 26.894 33.026 39.507 44.753 47.934 49.285 49.251 47.935 46.006 43.461 40.736 38.088 35.825 33.915 32.450 31.563 30.842 30.255 29.864 29.771 29.980
0.000 0.000 0.000 0.002 0.006 0.011 0.018 0.028 0.041 0.060 0.088 0.132 0.194 0.273 0.361 0.457 0.556 0.652 0.746 0.846 0.963 1.100 1.225 1.326 1.415 1.775 2.507 3.481 4.160 4.585 4.824 4.948 5.041 5.153 5.303 5.515 5.808 6.186 6.689 7.240 7.754 8.271 8.865 9.617 10.588 11.600 12.651 13.863 14.917 15.538 15.861 16.088 16.300 16.597 18.100 21.311 26.415 33.398 40.108 45.276 48.241 49.542 49.279 48.014 45.928 43.391 40.726 38.302 36.350 34.711 33.348 32.383 31.731 31.208 31.074 31.441 32.272
0.000 0.000 0.001 0.003 0.008 0.014 0.024 0.038 0.057 0.083 0.120 0.175 0.250 0.343 0.454 0.584 0.736 0.890 1.026 1.155 1.281 1.401 1.505 1.587 1.671 2.122 3.096 4.262 4.950 5.283 5.431 5.495 5.534 5.599 5.713 5.859 6.082 6.408 6.813 7.346 7.990 8.674 9.435 10.376 11.455 12.592 13.876 15.176 16.174 16.787 17.108 17.224 17.191 17.214 17.789 20.248 25.345 32.588 39.425 44.494 47.344 48.776 48.692 47.347 45.317 42.975 40.582 38.528 36.817 35.314 34.023 32.927 32.050 31.652 31.849 32.628 33.732
0.000 0.000 0.001 0.004 0.009 0.016 0.027 0.043 0.064 0.095 0.138 0.198 0.281 0.387 0.518 0.680 0.876 1.093 1.279 1.433 1.563 1.677 1.774 1.862 1.956 2.395 3.458 4.800 5.561 5.875 5.964 5.979 5.969 5.969 6.037 6.187 6.349 6.573 6.887 7.317 7.966 8.737 9.935 10.986 12.038 13.206 14.656 15.983 16.931 17.486 17.764 17.834 17.738 17.531 17.243 18.745 23.201 30.313 37.390 42.342 45.586 47.018 47.065 45.923 44.257 42.346 40.242 38.430 36.800 35.374 34.178 33.083 32.296 32.005 32.467 33.425 34.658
0.000 0.000 0.001 0.004 0.009 0.017 0.028 0.044 0.067 0.099 0.145 0.209 0.297 0.413 0.560 0.744 0.972 1.246 1.498 1.688 1.834 1.956 2.058 2.151 2.265 2.610 3.676 5.160 6.027 6.385 6.466 6.432 6.370 6.334 6.344 6.482 6.588 6.690 6.895 7.202 7.690 9.145 10.733 11.902 12.741 13.615 15.019 16.350 17.283 17.811 17.977 18.041 18.000 17.490 16.661 17.736 21.173 26.655 33.956 39.382 42.651 44.185 44.470 43.810 42.812 41.308 39.455 37.710 36.076 34.612 33.573 32.522 31.814 31.757 32.374 33.633 34.969
0.000 0.000 0.001 0.004 0.009 0.017 0.028 0.044 0.067 0.100 0.146 0.212 0.304 0.426 0.583 0.780 1.028 1.337 1.668 1.919 2.104 2.243 2.359 2.477 2.603 2.782 3.829 5.399 6.380 6.795 6.879 6.810 6.758 6.705 6.644 6.685 6.734 6.771 6.853 7.024 7.443 9.999 11.830 13.039 13.788 14.170 15.178 16.433 17.385 17.842 17.977 18.044 17.878 17.269 16.154 16.885 19.568 24.210 29.961 35.616 38.909 40.685 41.365 41.274 40.747 39.490 37.729 35.865 34.189 32.682 31.340 30.389 29.972 30.178 31.028 32.602 34.320
0.000 0.000 0.001 0.004 0.009 0.016 0.027 0.043 0.065 0.097 0.144 0.211 0.305 0.430 0.591 0.794 1.050 1.374 1.767 2.117 2.369 2.546 2.693 2.849 2.988 3.171 4.333 5.556 6.638 7.087 7.194 7.167 7.138 7.018 6.866 6.799 6.785 6.795 6.856 6.961 7.748 10.525 12.670 13.941 14.576 14.776 15.118 16.346 17.224 17.691 17.863 17.859 17.554 16.850 15.682 16.179 18.365 22.249 27.371 31.705 34.965 36.972 37.923 38.157 37.696 36.489 34.899 33.140 31.497 29.903 28.385 27.287 26.995 27.437 28.557 30.469 32.647
0.000 0.000 0.001 0.003 0.008 0.015 0.025 0.039 0.059 0.088 0.133 0.202 0.299 0.429 0.591 0.796 1.054 1.381 1.796 2.257 2.625 2.862 3.042 3.229 3.390 3.904 4.949 5.838 6.873 7.324 7.425 7.491 7.431 7.235 7.027 6.875 6.812 6.800 6.868 7.158 8.063 10.747 13.213 14.595 15.124 15.205 15.297 16.099 16.950 17.402 17.599 17.505 17.107 16.286 15.118 15.443 17.225 20.486 24.772 28.146 31.233 32.981 33.859 34.049 33.565 32.496 30.991 29.384 27.791 26.183 24.769 23.992 23.824 24.314 25.676 27.928 30.322
0.000 0.000 0.001 0.003 0.006 0.012 0.020 0.030 0.046 0.070 0.110 0.175 0.273 0.408 0.577 0.786 1.046 1.374 1.790 2.313 2.827 3.172 3.385 3.584 3.777 4.582 5.525 6.296 7.113 7.612 7.673 7.702 7.598 7.421 7.152 6.953 6.874 6.867 6.906 7.312 8.309 10.703 13.434 14.957 15.448 15.461 15.369 15.911 16.593 17.014 17.164 17.068 16.580 15.683 14.500 14.679 16.060 18.727 22.214 24.655 27.196 28.539 29.129 29.184 28.705 27.695 26.410 25.097 23.699 22.320 21.335 20.862 20.903 21.476 22.779 25.223 27.823
0.000 0.000 0.000 0.002 0.004 0.008 0.013 0.020 0.030 0.045 0.072 0.124 0.212 0.343 0.517 0.733 0.998 1.326 1.744 2.281 2.923 3.423 3.710 3.927 4.188 5.147 6.046 6.685 7.325 7.921 7.956 7.848 7.737 7.535 7.258 7.039 7.004 7.035 7.058 7.377 8.470 10.402 13.391 15.056 15.592 15.567 15.456 15.865 16.231 16.607 16.700 16.548 16.006 15.080 13.842 13.894 14.870 16.925 19.675 21.662 23.168 24.020 24.254 24.032 23.630 23.161 22.352 21.277 19.948 18.769 18.037 17.845 18.094 18.866 20.168 22.309 24.954
0.000 0.000 0.000 0.001 0.002 0.004 0.007 0.011 0.016 0.024 0.039 0.068 0.124 0.222 0.378 0.586 0.844 1.163 1.572 2.127 2.861 3.544 3.976 4.274 4.636 5.628 6.398 6.965 7.478 8.173 8.247 7.997 7.867 7.667 7.492 7.336 7.245 7.257 7.316 7.381 8.520 9.883 13.045 14.928 15.574 15.623 15.468 15.670 15.937 16.146 16.168 15.965 15.395 14.448 13.182 13.091 13.668 15.097 17.130 18.841 19.936 20.388 20.427 20.204 19.801 19.295 18.518 17.474 16.292 15.488 15.020 14.950 15.316 16.173 17.530 19.261 21.508
0.000 0.000 0.000 0.000 0.001 0.002 0.003 0.005 0.008 0.011 0.017 0.030 0.057 0.111 0.211 0.369 0.584 0.854 1.196 1.751 2.570 3.491 4.116 4.537 5.252 6.047 6.608 7.080 7.563 8.349 8.487 8.274 8.088 7.954 7.881 7.802 7.717 7.642 7.692 7.686 8.508 9.997 12.370 14.485 15.299 15.532 15.375 15.474 15.586 15.607 15.522 15.259 14.681 13.726 12.503 12.222 12.409 13.222 14.595 16.107 16.940 17.183 17.045 16.711 16.237 15.680 14.945 13.996 13.171 12.606 12.312 12.289 12.662 13.458 14.700 16.240 17.901
0.000 0.000 0.000 0.000 0.000 0.001 0.001 0.002 0.003 0.005 0.007 0.014 0.026 0.048 0.090 0.169 0.295 0.477 0.752 1.268 2.083 3.216 4.127 4.884 5.752 6.368 6.749 7.111 7.678 8.485 8.718 8.554 8.380 8.314 8.312 8.337 8.316 8.215 8.139 8.049 8.439 10.071 12.005 13.677 14.721 15.116 15.168 15.274 15.244 15.127 14.797 14.411 13.764 12.789 11.667 11.410 11.449 11.812 12.620 13.646 14.238 14.386 14.203 13.833 13.309 12.708 11.981 11.180 10.548 10.124 9.865 9.834 10.145 10.774 11.753 13.040 14.490
0.000 0.000 0.000 0.000 0.000 0.000 0.000 0.001 0.001 0.002 0.003 0.006 0.011 0.021 0.040 0.074 0.136 0.243 0.555 1.111 1.951 3.115 4.444 5.444 6.139 6.590 6.865 7.125 8.112 8.734 8.967 8.879 8.679 8.740 8.798 8.891 8.937 8.854 8.739 8.572 8.450 10.098 12.059 13.481 14.365 14.804 15.013 15.039 14.911 14.602 14.059 13.378 12.550 11.652 11.113 10.847 10.711 10.753 11.094 11.619 11.981 12.041 11.850 11.488 11.003 10.409 9.717 9.002 8.436 8.047 7.785 7.686 7.831 8.267 9.000 10.024 11.241
0.000 0.000 0.000 0.000 0.000 0.000 0.000 0.000 0.001 0.001 0.002 0.003 0.005 0.010 0.022 0.061 0.168 0.424 0.936 1.769 2.851 4.008 5.026 5.822 6.408 6.719 6.925 7.855 8.840 9.349 9.446 9.339 9.051 9.160 9.385 9.556 9.628 9.603 9.469 9.240 8.898 10.067 11.948 13.274 14.030 14.482 14.652 14.603 14.366 13.860 13.159 12.233 11.182 10.816 10.582 10.341 10.124 10.001 10.014 10.171 10.286 10.232 9.991 9.628 9.160 8.613 7.982 7.333 6.812 6.603 6.540 6.516 6.547 6.651 6.833 7.480 8.436
0.000 0.000 0.000 0.000 0.000 0.000 0.000 0.000 0.001 0.002 0.003 0.005 0.009 0.017 0.040 0.109 0.293 0.717 1.521 2.734 3.912 4.826 5.540 6.113 6.578 6.850 7.463 8.556 9.523 9.991 10.046 9.932 9.631 9.446 9.867 10.160 10.326 10.372 10.246 9.941 9.422 9.986 11.607 12.754 13.468 13.898 13.975 13.867 13.491 12.840 11.948 10.757 10.173 10.004 9.891 9.765 9.613 9.413 9.259 9.161 9.059 8.877 8.573 8.173 7.713 7.214 6.666 6.213 6.025 5.879 5.770 5.696 5.675 5.729 5.861 6.054 6.502
0.000 0.000 0.000 0.000 0.000 0.000 0.001 0.001 0.002 0.003 0.005 0.008 0.014 0.030 0.074 0.196 0.503 1.169 2.352 3.846 4.930 5.572 6.012 6.378 6.733 6.946 7.973 9.023 9.863 10.325 10.384 10.286 10.104 9.946 10.074 10.582 10.861 10.933 10.827 10.412 9.938 9.843 11.081 11.983 12.713 13.015 13.010 12.814 12.350 11.563 10.463 9.633 9.275 9.096 9.054 9.049 9.023 8.907 8.674 8.436 8.190 7.884 7.513 7.072 6.603 6.136 5.851 5.602 5.375 5.176 5.015 4.894 4.826 4.823 4.875 4.957 4.980
0.000 0.000 0.000 0.000 0.000 0.001 0.001 0.002 0.004 0.005 0.008 0.014 0.025 0.055 0.135 0.346 0.843 1.818 3.403 4.986 5.891 6.310 6.486 6.629 6.856 7.008 8.204 9.204 9.869 10.243 10.418 10.393 10.274 10.239 10.303 10.648 11.047 11.119 11.070 10.771 10.154 9.622 10.404 11.165 11.732 11.925 11.855 11.546 10.992 10.102 9.243 8.956 8.613 8.371 8.283 8.283 8.308 8.292 8.148 7.879 7.529 7.161 6.741 6.306 5.901 5.555 5.266 5.000 4.743 4.497 4.281 4.109 3.980 3.880 3.787 3.669 3.482
0.000 0.000 0.000 0.000 0.001 0.001 0.002 0.004 0.005 0.008 0.014 0.023 0.045 0.100 0.243 0.600 1.364 2.716 4.509 5.981 6.789 7.029 7.047 7.008 7.009 7.115 8.073 8.993 9.556 9.929 10.133 10.212 10.205 10.216 10.313 10.591 10.827 11.006 10.962 10.596 9.843 9.236 9.762 10.254 10.585 10.682 10.527 10.107 9.445 8.678 8.582 8.398 8.127 7.855 7.679 7.605 7.572 7.552 7.479 7.289 6.985 6.606 6.191 5.759 5.346 4.986 4.681 4.398 4.118 3.832 3.556 3.306 3.066 2.806 2.525 2.222 1.967
0.000 0.000 0.000 0.001 0.002 0.003 0.004 0.006 0.009 0.014 0.023 0.041 0.080 0.177 0.419 0.982 2.093 3.850 5.623 6.891 7.571 7.753 7.719 7.541 7.418 7.293 7.478 8.360 9.032 9.409 9.479 9.464 9.499 9.658 9.898 10.120 10.259 10.184 9.830 9.245 8.527 8.839 9.062 9.222 9.302 9.291 9.089 8.625 8.097 8.092 8.037 7.918 7.719 7.465 7.226 7.043 6.902 6.786 6.672 6.509 6.252 5.902 5.484 5.060 4.680 4.334 4.014 3.705 3.390 3.058 2.702 2.333 1.963 1.692 1.707 1.681 1.616
0.000 0.000 0.001 0.002 0.003 0.004 0.006 0.009 0.014 0.023 0.039 0.071 0.139 0.299 0.679 1.510 3.049 5.041 6.678 7.769 8.317 8.481 8.394 8.142 7.821 7.523 7.247 7.511 8.223 8.647 8.795 8.700 8.387 8.302 8.387 8.328 8.172 7.904 7.999 8.155 8.262 8.252 8.187 8.144 8.102 7.997 7.740 7.570 7.613 7.614 7.582 7.496 7.333 7.106 6.840 6.573 6.314 6.065 5.825 5.584 5.308 4.967 4.551 4.132 3.759 3.409 3.064 2.711 2.345 1.964 1.578 1.491 1.512 1.539 1.529 1.508 1.442
0.000 0.001 0.002 0.004 0.005 0.007 0.010 0.014 0.023 0.038 0.065 0.119 0.229 0.474 1.028 2.177 4.171 6.186 7.644 8.578 9.104 9.209 9.022 8.641 8.197 7.740 7.313 6.784 7.170 7.661 7.937 8.026 7.899 7.730 7.680 7.691 7.736 7.804 7.843 7.804 7.671 7.478 7.369 7.306 7.253 7.162 6.978 7.131 7.200 7.207 7.184 7.105 6.957 6.739 6.460 6.133 5.774 5.392 4.999 4.614 4.235 3.833 3.384 2.941 2.538 2.163 1.802 1.465 1.345 1.333 1.351 1.405 1.456 1.472 1.454 1.415 1.330
0.001 0.003 0.004 0.006 0.008 0.011 0.016 0.023 0.037 0.061 0.105 0.191 0.361 0.716 1.471 2.975 5.267 7.187 8.452 9.259 9.738 9.799 9.533 9.096 8.543 7.927 7.262 6.633 6.103 6.621 7.020 7.299 7.404 7.420 7.458 7.504 7.519 7.505 7.430 7.281 7.063 6.882 6.777 6.722 6.683 6.614 6.464 6.704 6.815 6.831 6.810 6.731 6.587 6.364 6.061 5.683 5.235 4.726 4.179 3.633 3.104 2.604 2.148 1.784 1.650 1.476 1.353 1.287 1.262 1.286 1.335 1.399 1.459 1.468 1.440 1.392 1.293
0.003 0.005 0.007 0.009 0.013 0.017 0.025 0.037 0.058 0.094 0.160 0.288 0.542 1.051 2.067 3.958 6.267 7.988 9.113 9.827 10.135 10.124 9.892 9.452 8.765 7.952 7.156 6.446 5.824 5.740 6.229 6.581 6.797 6.954 7.104 7.180 7.185 7.150 7.033 6.821 6.582 6.454 6.327 6.226 6.175 6.128 6.006 6.183 6.366 6.423 6.414 6.339 6.181 5.908 5.515 5.035 4.481 3.852 3.168 2.509 1.948 1.824 1.805 1.731 1.583 1.412 1.300 1.243 1.242 1.308 1.394 1.452 1.494 1.501 1.462 1.396 1.348
0.005 0.008 0.010 0.014 0.019 0.027 0.038 0.057 0.089 0.142 0.241 0.429 0.792 1.494 2.852 5.075 7.190 8.579 9.598 10.222 10.393 10.319 10.112 9.587 8.733 7.811 6.919 6.077 5.272 5.071 5.595 6.000 6.278 6.428 6.581 6.690 6.711 6.671 6.541 6.316 6.205 6.086 5.968 5.838 5.707 5.641 5.549 5.376 5.621 5.731 5.747 5.672 5.449 5.048 4.472 3.807 3.122 2.434 1.801 1.731 1.785 1.796 1.769 1.669 1.504 1.357 1.271 1.246 1.280 1.386 1.493 1.542 1.556 1.549 1.516 1.483 1.481
0.008 0.011 0.015 0.021 0.028 0.039 0.057 0.086 0.133 0.217 0.370 0.646 1.158 2.120 3.967 6.240 7.871 9.074 9.887 10.311 10.459 10.448 10.127 9.329 8.345 7.245 6.113 5.003 3.867 4.445 4.983 5.416 5.744 5.946 6.047 6.104 6.119 6.077 6.005 5.922 5.817 5.700 5.569 5.416 5.250 5.087 5.016 4.859 4.631 4.502 4.494 4.371 4.048 3.492 2.753 2.059 1.503 1.451 1.609 1.732 1.779 1.777 1.730 1.606 1.435 1.319 1.266 1.274 1.356 1.508 1.607 1.645 1.655 1.649 1.635 1.640 1.672
0.012 0.016 0.022 0.029 0.040 0.056 0.082 0.125 0.201 0.335 0.573 0.982 1.691 2.989 5.228 7.184 8.422 9.340 9.925 10.204 10.370 10.270 9.611 8.598 7.184 5.599 4.091 2.997 3.461 3.907 4.381 4.828 5.176 5.438 5.582 5.637 5.645 5.626 5.559 5.487 5.388 5.271 5.134 4.965 4.776 4.563 4.402 4.257 4.039 3.740 3.358 2.916 2.374 1.749 1.232 1.031 1.305 1.522 1.679 1.765 1.791 1.777 1.705 1.541 1.388 1.306 1.278 1.316 1.449 1.645 1.758 1.793 1.803 1.816 1.840 1.890 1.996
0.018 0.024 0.031 0.041 0.057 0.080 0.119 0.186 0.306 0.519 0.884 1.485 2.459 4.035 6.148 7.742 8.690 9.343 9.672 9.966 9.936 9.365 8.146 6.249 4.386 2.791 2.374 2.710 3.080 3.479 3.872 4.246 4.605 4.905 5.117 5.199 5.198 5.154 5.087 5.013 4.922 4.799 4.661 4.483 4.269 4.028 3.760 3.491 3.236 2.890 2.457 1.985 1.469 1.005 0.786 1.072 1.360 1.587 1.756 1.838 1.844 1.797 1.694 1.511 1.381 1.328 1.337 1.417 1.600 1.802 1.922 1.983 2.020 2.058 2.131 2.247 2.374
0.026 0.034 0.044 0.059 0.082 0.116 0.176 0.280 0.465 0.791 1.341 2.209 3.418 5.034 6.719 7.899 8.656 9.015 9.330 9.292 8.695 7.203 4.886 2.844 1.971 1.949 2.194 2.458 2.739 3.070 3.399 3.699 4.018 4.357 4.599 4.704 4.706 4.665 4.590 4.512 4.421 4.288 4.151 3.973 3.751 3.479 3.164 2.814 2.433 2.026 1.610 1.213 0.850 0.610 0.822 1.128 1.429 1.658 1.827 1.908 1.911 1.854 1.719 1.515 1.418 1.416 1.451 1.571 1.800 2.008 2.128 2.212 2.299 2.408 2.521 2.624 2.672
0.038 0.049 0.063 0.084 0.116 0.169 0.261 0.423 0.707 1.192 1.969 2.974 4.182 5.698 6.928 7.740 8.229 8.614 8.516 7.825 6.279 4.048 2.515 2.138 1.904 1.822 2.027 2.229 2.460 2.803 3.243 3.446 3.514 3.747 3.980 4.090 4.112 4.098 4.057 3.990 3.897 3.763 3.634 3.464 3.231 2.941 2.602 2.223 1.816 1.412 1.042 0.722 0.506 0.627 0.857 1.194 1.512 1.740 1.895 1.968 1.964 1.910 1.755 1.562 1.503 1.508 1.578 1.755 2.023 2.251 2.400 2.492 2.584 2.717 2.801 2.835 2.822
0.055 0.070 0.089 0.118 0.164 0.245 0.388 0.639 1.077 1.784 2.659 3.556 4.640 5.917 6.766 7.227 7.692 7.660 7.133 5.817 3.839 2.822 2.347 2.042 1.848 1.761 1.854 2.032 2.340 2.858 3.253 3.451 3.505 3.516 3.507 3.415 3.320 3.348 3.362 3.344 3.293 3.217 3.118 2.953 2.723 2.432 2.089 1.704 1.302 0.943 0.639 0.515 0.507 0.643 0.883 1.246 1.597 1.828 1.966 2.017 1.997 1.937 1.762 1.615 1.598 1.627 1.754 2.019 2.307 2.509 2.675 2.798 2.864 2.925 2.955 2.918 2.871
0.076 0.097 0.123 0.163 0.231 0.353 0.568 0.937 1.545 2.352 3.099 3.870 4.813 5.800 6.311 6.723 6.784 6.525 5.664 4.243 3.227 2.601 2.210 1.936 1.778 1.726 1.789 1.995 2.398 2.897 3.239 3.413 3.487 3.503 3.483 3.384 3.115 2.669 2.569 2.615 2.638 2.630 2.568 2.429 2.217 1.940 1.604 1.232 0.885 0.594 0.531 0.511 0.517 0.662 0.917 1.295 1.670 1.918 2.044 2.078 2.043 1.958 1.773 1.697 1.708 1.791 1.996 2.325 2.601 2.760 2.881 2.997 3.053 3.049 3.012 2.968 2.879
0.101 0.129 0.166 0.226 0.328 0.508 0.813 1.299 1.980 2.687 3.295 3.927 4.769 5.462 5.905 6.088 6.037 5.694 4.931 3.804 2.972 2.461 2.105 1.861 1.740 1.711 1.792 2.003 2.413 2.914 3.248 3.418 3.488 3.499 3.489 3.353 3.022 2.533 2.189 2.024 1.951 1.909 1.870 1.808 1.657 1.430 1.134 0.811 0.633 0.568 0.530 0.510 0.524 0.681 0.959 1.356 1.739 2.006 2.144 2.170 2.109 1.999 1.817 1.791 1.830 1.967 2.240 2.595 2.838 2.969 3.040 3.101 3.134 3.102 3.054 2.952 2.736
