RESULTS/r.avaflow_results/23_results/23_ascii/23_hflow_max0002.asc
ncols 506
nrows 317
xllcenter 498237.50
yllcenter 5580050.00
cellsize 12.50
NODATA_value -9999.000
[rows 238 to 271 of 317, columns 77 to 153 of 506]
0.052 0.081 0.128 0.208 0.333 0.503 0.691 0.878 1.073 1.305 1.612 1.966 2.211 2.303 2.333 2.352 2.303 2.186 2.150 2.217 2.506 3.043 3.732 4.405 5.048 5.495 5.599 5.519 5.321 4.943 4.302 3.515 3.019 2.889 2.958 3.279 3.812 4.120 4.200 4.063 3.696 3.128 2.431 1.973 1.817 1.775 1.784 1.870 2.107 2.634 3.652 5.221 7.246 8.739 9.448 9.603 9.419 8.895 8.037 6.676 4.977 3.116 1.612 0.627 0.193 0.051 0.013 0.004 0.001 0.000 0.000 0.000 0.000 0.000 0.000 0.000 0.000
0.092 0.131 0.189 0.281 0.421 0.595 0.776 0.957 1.155 1.388 1.705 2.130 2.470 2.643 2.732 2.798 2.813 2.743 2.703 2.755 3.002 3.506 4.230 4.977 5.671 6.131 6.267 6.294 6.295 6.157 5.790 5.021 4.239 3.929 3.931 4.179 4.623 4.856 4.878 4.584 4.142 3.398 2.722 2.283 2.105 2.055 2.067 2.171 2.450 3.053 4.211 5.943 8.038 9.525 10.107 10.151 9.849 9.335 8.180 6.504 4.408 2.411 1.042 0.348 0.098 0.026 0.008 0.003 0.001 0.000 0.000 0.000 0.000 0.000 0.000 0.000 0.000
0.150 0.200 0.266 0.365 0.511 0.686 0.856 1.033 1.229 1.467 1.791 2.258 2.735 3.008 3.121 3.198 3.250 3.227 3.172 3.209 3.451 3.991 4.785 5.591 6.244 6.611 6.748 6.906 7.269 7.476 7.398 6.880 5.905 5.263 5.119 5.230 5.472 5.563 5.467 5.124 4.468 3.612 2.987 2.588 2.439 2.403 2.433 2.583 2.925 3.596 4.843 6.683 8.737 10.126 10.656 10.645 10.266 9.584 8.150 6.042 3.666 1.771 0.657 0.202 0.056 0.017 0.006 0.002 0.001 0.000 0.000 0.000 0.000 0.000 0.000 0.000 0.000
0.225 0.286 0.359 0.462 0.611 0.786 0.951 1.119 1.312 1.555 1.880 2.348 2.921 3.288 3.461 3.576 3.660 3.675 3.654 3.708 3.975 4.563 5.432 6.244 6.803 7.027 7.069 7.230 7.845 8.400 8.537 8.342 7.657 6.817 6.394 6.260 6.217 6.140 5.912 5.508 4.650 3.799 3.235 2.950 2.869 2.877 2.972 3.212 3.649 4.391 5.698 7.655 9.700 10.968 11.435 11.405 10.786 9.821 7.979 5.328 2.893 1.256 0.450 0.138 0.040 0.014 0.006 0.002 0.000 0.000 0.000 0.000 0.000 0.000 0.000 0.000 0.000
0.309 0.380 0.456 0.564 0.728 0.916 1.075 1.232 1.408 1.640 1.966 2.430 3.066 3.582 3.844 3.965 4.033 4.068 4.092 4.184 4.523 5.220 6.143 6.876 7.302 7.380 7.370 7.504 8.203 9.107 9.555 9.602 9.269 8.406 7.630 7.200 6.868 6.557 6.287 5.644 4.683 3.936 3.522 3.439 3.476 3.602 3.834 4.215 4.776 5.597 6.953 9.107 11.296 12.561 12.977 12.823 11.744 10.218 7.425 4.439 2.242 0.963 0.352 0.111 0.035 0.013 0.005 0.002 0.000 0.000 0.000 0.000 0.000 0.000 0.000 0.000 0.000
0.366 0.448 0.528 0.634 0.803 1.012 1.175 1.332 1.500 1.725 2.056 2.524 3.206 3.893 4.277 4.407 4.427 4.427 4.451 4.553 4.937 5.751 6.771 7.427 7.687 7.691 7.612 7.646 8.335 9.438 10.216 10.510 10.434 9.817 8.882 8.145 7.538 7.054 6.516 5.657 4.710 4.073 3.973 4.064 4.291 4.622 5.077 5.691 6.486 7.500 9.022 11.557 14.051 15.318 15.541 14.708 13.046 10.203 6.596 3.695 1.849 0.813 0.314 0.103 0.034 0.013 0.005 0.001 0.000 0.000 0.000 0.000 0.000 0.000 0.000 0.000 0.000
0.384 0.472 0.554 0.652 0.813 1.036 1.220 1.389 1.577 1.830 2.186 2.678 3.391 4.235 4.747 4.897 4.876 4.739 4.671 4.748 5.145 6.066 7.209 7.858 8.007 7.950 7.774 7.817 8.491 9.681 10.734 11.274 11.348 10.990 10.179 9.221 8.351 7.595 6.719 5.709 4.882 4.556 4.579 4.853 5.310 5.875 6.608 7.635 9.084 10.737 12.806 16.074 18.888 19.864 19.068 16.650 13.783 9.374 5.674 3.200 1.632 0.751 0.306 0.105 0.036 0.013 0.004 0.001 0.000 0.000 0.000 0.000 0.000 0.000 0.000 0.000 0.000
0.378 0.470 0.549 0.637 0.779 0.998 1.219 1.428 1.658 1.955 2.347 2.853 3.576 4.542 5.205 5.445 5.391 5.058 4.824 4.851 5.207 6.195 7.475 8.156 8.260 8.159 7.861 7.909 8.617 9.870 11.076 11.774 11.958 11.841 11.296 10.365 9.282 8.194 7.069 6.075 5.554 5.350 5.500 6.047 6.740 7.506 8.595 10.357 13.216 15.928 17.951 20.332 22.203 22.812 21.484 18.740 13.500 8.500 5.123 2.935 1.537 0.740 0.319 0.119 0.042 0.013 0.004 0.001 0.000 0.000 0.000 0.000 0.000 0.000 0.000 0.000 0.000
0.353 0.453 0.529 0.603 0.706 0.900 1.176 1.461 1.762 2.122 2.548 3.078 3.846 4.911 5.640 5.883 5.815 5.447 4.968 4.856 5.202 6.199 7.577 8.303 8.433 8.313 7.969 8.076 8.849 10.174 11.493 12.275 12.571 12.589 12.176 11.354 10.143 8.831 7.666 7.107 6.792 6.687 7.182 8.249 9.254 10.161 11.753 14.149 16.823 20.000 20.644 21.674 22.188 22.830 22.555 19.220 13.188 8.107 4.852 2.812 1.512 0.756 0.342 0.134 0.045 0.013 0.004 0.001 0.001 0.000 0.000 0.000 0.000 0.000 0.000 0.000 0.000
0.318 0.438 0.516 0.577 0.649 0.782 1.086 1.495 1.928 2.373 2.841 3.380 4.137 5.207 5.988 6.239 6.162 5.811 5.122 4.828 5.129 6.130 7.570 8.299 8.468 8.381 8.143 8.432 9.385 10.851 12.375 13.213 13.461 13.436 12.973 12.149 10.904 9.742 9.171 8.909 8.833 9.216 10.413 12.510 14.200 14.942 15.862 20.000 20.000 20.000 20.397 21.334 21.595 21.246 20.803 20.000 13.399 7.960 4.717 2.797 1.539 0.782 0.357 0.140 0.047 0.014 0.004 0.002 0.001 0.000 0.000 0.000 0.000 0.000 0.000 0.000 0.000
0.269 0.413 0.508 0.566 0.618 0.700 0.958 1.478 2.095 2.679 3.185 3.700 4.362 5.364 6.212 6.498 6.439 6.129 5.375 4.832 4.992 5.984 7.517 8.243 8.425 8.348 8.246 8.760 9.970 11.637 13.387 14.382 14.599 14.462 13.793 12.898 11.849 11.424 11.357 11.614 12.092 13.884 16.115 18.057 20.000 20.000 20.000 20.000 20.115 20.000 20.162 20.504 20.209 20.191 20.000 20.000 13.437 7.949 4.745 2.840 1.596 0.809 0.366 0.142 0.048 0.015 0.005 0.002 0.001 0.000 0.000 0.000 0.000 0.000 0.000 0.000 0.000
0.223 0.387 0.506 0.573 0.619 0.673 0.815 1.390 2.159 2.950 3.545 4.003 4.518 5.424 6.341 6.686 6.668 6.403 5.661 4.895 4.910 5.770 7.179 7.893 8.189 8.112 8.166 8.973 10.382 12.215 14.107 15.328 15.775 15.691 14.992 14.170 13.745 13.675 14.475 15.847 16.888 18.769 20.325 20.912 21.117 20.827 20.196 20.045 20.357 20.000 20.335 20.685 20.267 20.341 20.000 20.000 13.169 8.416 5.002 2.943 1.654 0.832 0.370 0.143 0.048 0.015 0.005 0.002 0.002 0.001 0.000 0.000 0.000 0.000 0.000 0.000 0.000
0.182 0.345 0.496 0.583 0.633 0.677 0.766 1.174 2.051 3.068 3.866 4.338 4.749 5.534 6.525 6.895 6.892 6.653 5.939 5.006 4.934 5.694 6.905 7.435 7.625 7.629 8.198 9.249 10.822 12.753 14.738 16.222 17.096 17.397 17.153 16.862 17.089 17.480 18.358 20.000 20.000 20.673 21.390 21.960 22.186 21.998 21.459 20.770 20.457 20.317 20.107 20.148 20.047 20.058 20.000 20.000 20.000 10.018 5.613 3.150 1.715 0.845 0.367 0.140 0.047 0.016 0.006 0.003 0.002 0.001 0.000 0.000 0.000 0.000 0.000 0.000 0.000
0.139 0.284 0.466 0.583 0.648 0.687 0.736 0.911 1.680 2.875 4.062 4.840 5.335 6.040 6.993 7.371 7.349 6.977 6.290 5.366 5.340 5.913 6.871 7.341 7.438 7.693 8.468 9.751 11.445 13.424 15.619 17.509 19.151 20.714 21.745 22.051 22.072 21.756 20.744 20.128 20.263 20.635 21.393 22.397 22.865 22.971 22.596 21.791 20.924 20.231 20.347 20.123 20.013 20.232 20.000 20.000 20.000 11.929 6.613 3.494 1.788 0.850 0.357 0.133 0.045 0.015 0.006 0.003 0.002 0.002 0.001 0.000 0.000 0.000 0.000 0.000 0.000
0.099 0.219 0.403 0.563 0.658 0.705 0.730 0.788 1.109 2.318 3.903 5.361 6.338 7.093 7.821 8.098 8.028 7.587 6.854 6.283 6.216 6.538 7.098 7.452 7.676 8.153 9.189 10.707 12.652 14.967 17.964 20.900 23.115 25.222 26.525 26.311 25.178 23.523 21.942 20.383 20.021 20.011 20.832 22.200 22.932 23.297 23.266 22.628 21.626 20.407 20.044 20.000 20.006 20.183 20.270 20.046 20.000 20.000 7.973 3.826 1.839 0.841 0.342 0.121 0.040 0.014 0.006 0.003 0.002 0.002 0.001 0.000 0.000 0.000 0.000 0.000 0.000
0.067 0.164 0.328 0.523 0.660 0.734 0.755 0.763 0.865 1.608 3.397 5.634 7.372 8.338 8.822 8.938 8.792 8.296 7.738 7.437 7.357 7.442 7.707 7.995 8.386 9.174 10.665 12.561 15.295 18.530 21.957 25.077 26.757 27.647 27.849 27.356 26.529 24.835 22.567 20.275 20.022 20.050 20.230 21.118 22.251 23.011 23.163 22.879 21.861 20.670 20.254 20.000 20.000 20.071 20.493 20.128 20.000 20.000 9.618 4.189 1.818 0.787 0.303 0.102 0.032 0.011 0.005 0.003 0.002 0.002 0.001 0.000 0.000 0.000 0.000 0.000 0.000
0.042 0.117 0.259 0.458 0.631 0.745 0.796 0.798 0.819 1.061 2.613 5.421 8.106 9.546 9.998 10.012 9.765 9.311 8.975 8.831 8.815 8.813 8.863 9.115 9.722 11.052 13.358 15.894 19.042 22.125 24.110 25.816 27.325 28.184 28.278 27.961 26.954 25.036 22.645 20.463 20.292 20.197 20.000 20.293 21.020 21.990 22.388 22.406 21.624 20.511 20.029 20.000 20.000 20.078 21.045 20.267 20.000 20.000 20.000 4.452 1.668 0.626 0.218 0.067 0.020 0.007 0.004 0.002 0.002 0.001 0.001 0.000 0.000 0.000 0.000 0.000 0.000
0.025 0.076 0.191 0.381 0.583 0.737 0.837 0.869 0.862 0.978 1.830 4.778 8.395 10.507 11.246 11.278 10.988 10.668 10.583 10.658 10.965 11.081 11.039 11.386 12.222 15.000 20.000 20.000 20.565 22.709 24.353 25.943 27.435 28.415 28.580 28.248 27.086 25.152 22.691 20.894 20.338 20.130 20.048 20.000 20.445 20.946 20.989 21.099 20.869 20.270 20.078 20.000 20.000 20.000 20.040 20.000 20.000 20.000 20.000 4.028 1.239 0.362 0.102 0.031 0.010 0.005 0.003 0.002 0.002 0.001 0.001 0.000 0.000 0.000 0.000 0.000 0.000
0.014 0.045 0.127 0.289 0.505 0.701 0.855 0.947 0.970 1.017 1.395 3.552 7.871 10.933 12.315 12.617 12.460 12.377 12.690 13.362 14.658 15.312 14.989 15.000 20.000 20.000 20.000 20.000 20.587 22.578 24.520 26.131 27.490 28.500 28.758 28.463 27.289 25.137 22.430 20.724 20.252 20.000 20.000 20.262 20.061 20.866 20.335 20.365 20.086 20.091 20.000 20.000 20.000 20.000 20.000 20.000 20.000 20.000 6.360 1.954 0.554 0.143 0.041 0.014 0.006 0.003 0.002 0.002 0.001 0.001 0.000 0.000 0.000 0.000 0.000 0.000 0.000
0.007 0.024 0.075 0.197 0.404 0.632 0.840 1.018 1.123 1.208 1.520 2.748 6.885 11.026 13.322 14.317 14.632 14.983 16.294 17.933 19.243 20.000 20.000 20.000 20.000 20.000 20.292 20.401 21.004 22.055 24.609 26.673 28.104 28.852 28.844 28.617 27.231 24.913 21.992 20.736 20.521 20.000 20.000 20.045 20.155 20.477 20.344 20.153 20.242 20.168 20.000 20.000 20.000 20.000 20.000 7.170 4.751 3.542 1.663 0.556 0.169 0.049 0.017 0.007 0.004 0.002 0.002 0.001 0.001 0.001 0.000 0.000 0.000 0.000 0.000 0.000 0.000
0.004 0.013 0.042 0.128 0.305 0.549 0.804 1.064 1.309 1.540 2.018 3.353 6.842 11.370 14.681 17.262 18.861 19.665 21.072 21.878 21.429 20.433 20.348 20.000 20.045 20.000 20.000 20.627 21.185 22.042 24.201 26.897 28.482 29.051 28.955 28.431 26.923 24.536 21.461 20.478 20.168 20.000 20.000 20.000 20.019 20.465 20.059 20.247 20.034 20.000 20.000 20.000 20.000 7.628 4.063 2.200 1.304 0.783 0.374 0.141 0.048 0.017 0.007 0.004 0.002 0.002 0.001 0.001 0.000 0.000 0.000 0.000 0.000 0.000 0.000 0.000 0.000
0.002 0.006 0.023 0.075 0.212 0.442 0.722 1.074 1.563 2.119 3.167 5.082 8.590 13.506 17.459 20.756 22.944 23.442 23.379 22.672 22.167 21.078 20.055 20.021 20.090 20.069 20.447 20.383 20.911 21.652 22.988 26.585 28.672 29.378 29.036 28.380 26.675 24.166 21.069 20.293 20.330 20.000 20.000 20.000 20.000 20.096 20.181 20.013 20.000 20.000 20.000 8.028 5.035 2.672 1.296 0.646 0.338 0.174 0.082 0.035 0.015 0.007 0.003 0.002 0.002 0.001 0.001 0.000 0.000 0.000 0.000 0.000 0.000 0.000 0.000 0.000 0.000
0.001 0.003 0.011 0.039 0.123 0.311 0.601 1.048 1.897 3.305 6.217 10.000 12.450 16.447 20.000 22.447 23.593 23.852 23.759 23.175 22.260 20.874 20.405 20.370 20.197 20.000 20.000 20.271 20.276 20.674 21.307 25.892 28.624 29.325 29.343 28.496 26.652 24.149 21.073 20.784 20.448 20.103 20.000 20.000 20.000 20.000 20.000 20.000 20.000 8.488 5.370 3.136 1.687 0.853 0.399 0.184 0.087 0.042 0.021 0.010 0.005 0.003 0.002 0.001 0.001 0.001 0.000 0.000 0.000 0.000 0.000 0.000 0.000 0.000 0.000 0.000 0.000
0.000 0.001 0.005 0.018 0.060 0.180 0.434 0.926 2.188 6.041 15.000 20.000 20.000 20.000 20.501 22.436 23.935 24.185 24.209 23.549 22.372 21.086 20.610 20.340 20.000 20.000 20.000 20.003 20.061 20.154 20.072 24.837 28.319 29.003 29.099 28.169 26.425 24.006 21.018 20.361 20.277 20.281 20.000 20.000 20.000 20.000 20.000 20.000 6.350 3.379 1.846 1.043 0.550 0.274 0.130 0.060 0.028 0.014 0.007 0.004 0.002 0.002 0.001 0.001 0.001 0.000 0.000 0.000 0.000 0.000 0.000 0.000 0.000 0.000 0.000 0.000 0.000
0.000 0.000 0.002 0.007 0.025 0.086 0.248 0.684 1.987 10.000 20.000 20.000 20.000 20.087 20.297 22.183 24.131 24.567 24.595 23.897 22.788 21.252 20.304 20.442 20.000 20.012 20.000 20.000 20.000 20.000 20.252 24.075 27.919 28.680 28.587 27.590 25.783 23.372 20.574 20.213 20.225 20.038 20.075 20.000 20.000 20.000 7.902 4.429 2.296 1.145 0.627 0.348 0.187 0.097 0.050 0.025 0.013 0.006 0.004 0.002 0.002 0.001 0.001 0.001 0.000 0.000 0.000 0.000 0.000 0.000 0.000 0.000 0.000 0.000 0.000 0.000 0.000
0.000 0.000 0.001 0.002 0.009 0.034 0.113 0.377 1.323 5.479 20.000 20.000 20.000 20.006 20.142 22.064 24.115 24.649 24.559 23.922 22.632 21.246 20.370 20.351 20.000 20.000 20.000 20.000 20.000 20.000 20.000 23.626 27.289 28.372 28.136 26.848 24.912 22.407 20.029 20.042 20.217 20.000 20.000 20.000 20.000 6.844 3.171 1.486 0.717 0.374 0.205 0.117 0.069 0.041 0.023 0.014 0.008 0.005 0.003 0.002 0.001 0.001 0.000 0.000 0.000 0.000 0.000 0.000 0.000 0.000 0.000 0.000 0.000 0.000 0.000 0.000 0.000
0.000 0.000 0.000 0.001 0.003 0.011 0.039 0.141 0.509 1.744 6.118 20.000 20.000 20.000 20.109 21.874 23.534 24.325 24.257 23.756 22.739 21.278 20.326 20.061 20.000 20.000 20.000 20.064 20.032 20.000 20.286 24.032 27.138 27.585 27.200 25.782 23.652 21.235 20.000 20.189 20.000 20.000 20.000 20.000 6.216 2.759 1.167 0.509 0.244 0.123 0.070 0.045 0.030 0.020 0.014 0.008 0.005 0.003 0.002 0.001 0.001 0.000 0.000 0.000 0.000 0.000 0.000 0.000 0.000 0.000 0.000 0.000 0.000 0.000 0.000 0.000 0.000
0.000 0.000 0.000 0.000 0.001 0.003 0.011 0.041 0.149 0.525 1.687 5.714 20.000 20.000 20.092 21.036 22.414 23.285 23.492 22.987 22.171 21.096 20.529 20.064 20.000 20.000 20.000 20.000 20.085 20.090 20.402 24.045 26.701 27.140 26.146 23.979 21.494 20.287 20.245 20.043 20.000 20.000 8.324 4.792 2.361 1.018 0.446 0.202 0.094 0.049 0.030 0.021 0.015 0.011 0.007 0.004 0.002 0.001 0.001 0.000 0.000 0.000 0.000 0.000 0.000 0.000 0.000 0.000 0.000 0.000 0.000 0.000 0.000 0.000 0.000 0.000 0.000
0.000 0.000 0.000 0.000 0.000 0.001 0.003 0.010 0.040 0.146 0.510 1.859 6.066 20.000 20.000 20.000 21.043 21.711 21.965 21.735 21.308 20.577 20.372 20.108 20.000 20.000 20.000 20.128 20.240 20.193 20.327 22.622 25.285 26.027 24.210 21.122 20.284 20.058 20.000 20.000 20.000 6.976 3.565 1.735 0.836 0.395 0.187 0.090 0.046 0.026 0.017 0.012 0.008 0.006 0.003 0.002 0.001 0.001 0.000 0.000 0.000 0.000 0.000 0.000 0.000 0.000 0.000 0.000 0.000 0.000 0.000 0.000 0.000 0.000 0.000 0.000 0.000
0.000 0.000 0.000 0.000 0.000 0.000 0.001 0.002 0.009 0.037 0.155 0.650 2.316 6.466 20.000 20.000 20.000 20.040 20.267 20.583 20.727 20.373 20.385 20.030 20.000 20.000 20.000 20.000 20.000 20.000 20.000 20.000 22.482 23.103 20.693 20.000 20.000 20.000 20.000 20.000 6.245 2.919 1.296 0.609 0.304 0.156 0.084 0.045 0.027 0.017 0.011 0.007 0.004 0.003 0.002 0.001 0.000 0.000 0.000 0.000 0.000 0.000 0.000 0.000 0.000 0.000 0.000 0.000 0.000 0.000 0.000 0.000 0.000 0.000 0.000 0.000 0.000
0.000 0.000 0.000 0.000 0.000 0.000 0.000 0.001 0.002 0.009 0.046 0.238 0.884 2.428 6.363 20.000 20.000 20.000 20.117 20.225 20.331 20.046 20.000 20.000 20.000 20.000 20.000 20.000 20.000 20.000 20.000 20.000 20.000 20.000 20.000 20.000 20.000 20.000 8.063 4.600 2.341 0.985 0.413 0.198 0.109 0.065 0.040 0.028 0.017 0.010 0.006 0.003 0.002 0.001 0.000 0.000 0.000 0.000 0.000 0.000 0.000 0.000 0.000 0.000 0.000 0.000 0.000 0.000 0.000 0.000 0.000 0.000 0.000 0.000 0.000 0.000 0.000
0.000 0.000 0.000 0.000 0.000 0.000 0.000 0.000 0.001 0.002 0.013 0.081 0.321 0.901 2.122 5.744 20.000 20.000 20.000 20.000 20.000 20.000 20.000 20.000 20.000 7.719 5.590 4.580 4.240 3.926 3.974 4.284 6.451 8.283 20.000 20.000 20.000 6.374 3.023 1.499 0.701 0.288 0.120 0.062 0.042 0.030 0.022 0.016 0.009 0.005 0.003 0.002 0.001 0.000 0.000 0.000 0.000 0.000 0.000 0.000 0.000 0.000 0.000 0.000 0.000 0.000 0.000 0.000 0.000 0.000 0.000 0.000 0.000 0.000 0.000 0.000 0.000
0.000 0.000 0.000 0.000 0.000 0.000 0.000 0.000 0.000 0.001 0.004 0.023 0.097 0.301 0.664 1.582 5.540 20.000 20.000 20.000 20.000 20.000 7.521 5.373 3.967 2.576 1.607 1.055 0.746 0.589 0.546 0.688 1.335 1.994 3.194 3.874 3.469 1.946 0.956 0.450 0.205 0.082 0.033 0.022 0.018 0.015 0.012 0.008 0.005 0.003 0.001 0.001 0.000 0.000 0.000 0.000 0.000 0.000 0.000 0.000 0.000 0.000 0.000 0.000 0.000 0.000 0.000 0.000 0.000 0.000 0.000 0.000 0.000 0.000 0.000 0.000 0.000
0.000 0.000 0.000 0.000 0.000 0.000 0.000 0.000 0.000 0.000 0.001 0.006 0.026 0.079 0.164 0.375 1.147 3.224 4.138 4.258 4.126 3.443 2.264 1.549 1.130 0.756 0.444 0.254 0.151 0.099 0.078 0.085 0.173 0.347 0.512 0.601 0.617 0.512 0.311 0.161 0.070 0.027 0.014 0.011 0.009 0.008 0.006 0.004 0.002 0.001 0.000 0.000 0.000 0.000 0.000 0.000 0.000 0.000 0.000 0.000 0.000 0.000 0.000 0.000 0.000 0.000 0.000 0.000 0.000 0.000 0.000 0.000 0.000 0.000 0.000 0.000 0.000
