RESULTS/r.avaflow_results/23_results/23_ascii/23_hflow10034.asc
ncols 506
nrows 317
xllcenter 498237.50
yllcenter 5580050.00
cellsize 12.50
NODATA_value -9999.000
[rows 170 to 203 of 317, columns 77 to 153 of 506]
0.000 0.000 0.000 0.000 0.000 0.000 0.000 0.000 0.000 0.000 0.000 0.001 0.002 0.004 0.007 0.012 0.017 0.023 0.029 0.034 0.042 0.056 0.088 0.159 0.285 0.456 0.618 0.766 0.917 1.079 1.260 1.471 1.689 1.860 1.974 2.033 2.050 2.047 2.013 1.913 1.718 1.579 1.600 1.939 2.718 3.789 4.785 5.751 6.762 7.837 8.997 10.272 11.491 12.470 13.000 13.082 13.021 12.974 12.976 12.937 12.849 12.686 12.387 11.940 11.373 10.685 9.888 9.023 8.135 7.320 6.584 5.924 5.328 4.788 4.288 3.822 3.392
0.000 0.000 0.000 0.000 0.000 0.000 0.000 0.000 0.000 0.001 0.002 0.004 0.008 0.014 0.023 0.034 0.046 0.059 0.073 0.089 0.109 0.144 0.210 0.322 0.486 0.676 0.844 1.007 1.174 1.351 1.546 1.769 2.016 2.247 2.424 2.529 2.565 2.562 2.526 2.412 2.225 2.159 2.346 2.995 4.146 5.462 6.589 7.665 8.721 9.757 10.779 11.767 12.588 13.117 13.306 13.279 13.235 13.206 13.199 13.146 13.032 12.830 12.512 12.055 11.468 10.777 9.967 9.079 8.214 7.440 6.756 6.150 5.614 5.123 4.677 4.258 3.870
0.000 0.000 0.000 0.000 0.000 0.000 0.000 0.000 0.002 0.004 0.007 0.012 0.021 0.035 0.052 0.071 0.094 0.119 0.149 0.183 0.228 0.296 0.404 0.554 0.736 0.920 1.094 1.268 1.447 1.635 1.841 2.070 2.323 2.590 2.826 3.008 3.118 3.159 3.131 3.031 2.923 2.991 3.443 4.431 5.893 7.213 8.311 9.372 10.374 11.302 12.125 12.770 13.176 13.317 13.327 13.297 13.283 13.265 13.240 13.177 13.069 12.870 12.546 12.085 11.494 10.807 10.000 9.110 8.275 7.536 6.888 6.317 5.821 5.369 4.970 4.604 4.265
0.000 0.000 0.000 0.000 0.000 0.000 0.000 0.001 0.004 0.008 0.015 0.026 0.043 0.065 0.091 0.121 0.157 0.200 0.252 0.315 0.394 0.503 0.650 0.826 1.010 1.189 1.368 1.550 1.735 1.933 2.142 2.369 2.617 2.890 3.160 3.393 3.574 3.704 3.773 3.795 3.853 4.174 4.933 6.198 7.641 8.784 9.815 10.778 11.638 12.374 12.945 13.299 13.409 13.369 13.303 13.276 13.269 13.249 13.227 13.165 13.054 12.859 12.541 12.085 11.504 10.816 10.014 9.129 8.318 7.598 6.969 6.421 5.945 5.529 5.167 4.855 4.561
0.000 0.000 0.000 0.000 0.000 0.000 0.000 0.002 0.006 0.013 0.024 0.040 0.064 0.095 0.134 0.180 0.234 0.299 0.377 0.473 0.592 0.740 0.919 1.113 1.300 1.482 1.666 1.854 2.043 2.239 2.443 2.663 2.903 3.160 3.432 3.689 3.912 4.109 4.294 4.497 4.823 5.510 6.588 7.919 9.123 10.134 11.041 11.843 12.496 13.003 13.342 13.479 13.464 13.371 13.255 13.215 13.213 13.194 13.172 13.119 13.014 12.822 12.507 12.061 11.489 10.808 10.017 9.137 8.338 7.622 7.001 6.463 6.004 5.620 5.294 5.016 4.757
0.000 0.000 0.000 0.000 0.000 0.000 0.000 0.002 0.008 0.016 0.029 0.049 0.077 0.118 0.171 0.238 0.319 0.414 0.525 0.657 0.815 1.002 1.211 1.419 1.613 1.801 1.990 2.180 2.368 2.556 2.749 2.954 3.173 3.407 3.650 3.902 4.145 4.382 4.652 5.000 5.559 6.559 7.964 9.332 10.398 11.272 11.976 12.543 12.969 13.278 13.434 13.477 13.456 13.341 13.177 13.085 13.070 13.064 13.048 13.013 12.906 12.724 12.420 11.982 11.429 10.766 9.995 9.136 8.340 7.623 7.002 6.469 6.022 5.655 5.349 5.094 4.867
0.000 0.000 0.000 0.000 0.000 0.000 0.000 0.002 0.008 0.017 0.031 0.052 0.085 0.132 0.197 0.282 0.391 0.526 0.686 0.868 1.074 1.303 1.537 1.755 1.957 2.151 2.342 2.529 2.712 2.891 3.068 3.248 3.432 3.630 3.835 4.049 4.279 4.542 4.873 5.321 6.047 7.314 9.031 10.461 11.457 12.149 12.599 12.917 13.169 13.339 13.409 13.423 13.385 13.259 13.056 12.898 12.841 12.841 12.851 12.826 12.739 12.566 12.258 11.834 11.301 10.662 9.919 9.085 8.290 7.584 6.970 6.446 6.008 5.648 5.358 5.113 4.910
0.000 0.000 0.000 0.000 0.000 0.000 0.000 0.002 0.008 0.017 0.031 0.053 0.088 0.140 0.212 0.310 0.440 0.611 0.826 1.085 1.372 1.647 1.903 2.135 2.344 2.538 2.724 2.905 3.077 3.243 3.400 3.546 3.689 3.839 3.992 4.143 4.332 4.611 5.003 5.534 6.370 7.820 9.801 11.348 12.295 12.771 12.972 13.107 13.221 13.312 13.348 13.334 13.264 13.116 12.890 12.675 12.573 12.567 12.582 12.568 12.498 12.324 12.022 11.607 11.082 10.465 9.739 8.929 8.150 7.464 6.871 6.364 5.947 5.606 5.333 5.106 4.921
0.000 0.000 0.000 0.000 0.000 0.000 0.000 0.002 0.007 0.015 0.029 0.051 0.087 0.141 0.218 0.322 0.466 0.662 0.924 1.261 1.661 2.021 2.316 2.566 2.783 2.974 3.150 3.314 3.468 3.608 3.736 3.848 3.948 4.042 4.126 4.201 4.338 4.618 5.059 5.680 6.588 8.104 10.249 11.928 12.832 13.131 13.168 13.175 13.198 13.222 13.224 13.191 13.088 12.912 12.665 12.412 12.284 12.260 12.264 12.245 12.155 11.975 11.677 11.259 10.739 10.130 9.420 8.640 7.900 7.249 6.689 6.216 5.832 5.520 5.274 5.076 4.915
0.000 0.000 0.000 0.000 0.000 0.000 0.000 0.002 0.005 0.012 0.023 0.044 0.080 0.136 0.216 0.324 0.474 0.683 0.975 1.373 1.881 2.375 2.756 3.052 3.285 3.473 3.629 3.764 3.887 3.995 4.085 4.160 4.215 4.246 4.252 4.249 4.328 4.599 5.071 5.752 6.718 8.213 10.415 12.243 13.109 13.287 13.252 13.175 13.140 13.100 13.061 12.990 12.855 12.657 12.386 12.115 11.964 11.913 11.890 11.840 11.720 11.503 11.190 10.762 10.242 9.631 8.942 8.207 7.527 6.930 6.420 5.999 5.666 5.405 5.197 5.028 4.886
0.000 0.000 0.000 0.000 0.000 0.000 0.000 0.001 0.003 0.006 0.014 0.030 0.061 0.114 0.195 0.309 0.465 0.681 0.984 1.413 1.999 2.652 3.150 3.519 3.796 4.000 4.148 4.255 4.339 4.405 4.450 4.474 4.475 4.445 4.370 4.298 4.330 4.578 5.060 5.776 6.787 8.250 10.389 12.307 13.191 13.326 13.249 13.119 13.010 12.919 12.827 12.710 12.553 12.349 12.069 11.787 11.608 11.516 11.447 11.343 11.177 10.910 10.560 10.107 9.573 8.961 8.300 7.637 7.039 6.517 6.078 5.728 5.463 5.259 5.089 4.953 4.839
0.000 0.000 0.000 0.000 0.000 0.000 0.000 0.000 0.001 0.002 0.006 0.013 0.032 0.071 0.140 0.249 0.404 0.622 0.932 1.379 2.003 2.803 3.462 3.906 4.228 4.461 4.619 4.719 4.777 4.808 4.818 4.801 4.754 4.668 4.517 4.376 4.369 4.575 5.046 5.783 6.825 8.277 10.294 12.201 13.158 13.312 13.176 12.983 12.805 12.661 12.512 12.362 12.188 11.986 11.715 11.425 11.206 11.054 10.926 10.763 10.532 10.206 9.793 9.286 8.718 8.108 7.504 6.948 6.456 6.031 5.684 5.416 5.216 5.064 4.941 4.841 4.753
0.000 0.000 0.000 0.000 0.000 0.000 0.000 0.000 0.000 0.001 0.002 0.004 0.011 0.027 0.064 0.136 0.256 0.443 0.728 1.175 1.856 2.794 3.656 4.207 4.571 4.833 5.009 5.114 5.163 5.174 5.167 5.130 5.048 4.917 4.717 4.533 4.484 4.623 5.058 5.782 6.831 8.265 10.134 11.876 12.884 13.115 12.986 12.740 12.501 12.298 12.101 11.941 11.751 11.546 11.301 11.023 10.753 10.527 10.324 10.094 9.798 9.399 8.904 8.311 7.694 7.112 6.603 6.170 5.804 5.497 5.253 5.069 4.931 4.825 4.739 4.673 4.615
0.000 0.000 0.000 0.000 0.000 0.000 0.000 0.000 0.000 0.000 0.001 0.001 0.003 0.008 0.020 0.047 0.101 0.198 0.385 0.757 1.452 2.561 3.706 4.410 4.815 5.103 5.304 5.426 5.485 5.497 5.486 5.449 5.362 5.217 5.000 4.805 4.717 4.775 5.118 5.795 6.816 8.218 9.882 11.330 12.285 12.614 12.567 12.345 12.085 11.821 11.589 11.395 11.202 11.008 10.801 10.547 10.250 9.949 9.655 9.351 8.974 8.499 7.922 7.289 6.704 6.195 5.767 5.421 5.148 4.939 4.786 4.673 4.586 4.523 4.476 4.447 4.424
0.000 0.000 0.000 0.000 0.000 0.000 0.000 0.000 0.000 0.000 0.000 0.000 0.001 0.002 0.005 0.013 0.030 0.067 0.150 0.365 0.915 2.049 3.530 4.485 4.967 5.272 5.500 5.655 5.740 5.773 5.772 5.746 5.682 5.565 5.383 5.199 5.098 5.095 5.301 5.859 6.790 8.118 9.539 10.622 11.399 11.792 11.862 11.758 11.541 11.247 10.956 10.710 10.522 10.351 10.171 9.942 9.667 9.331 8.956 8.551 8.098 7.573 6.979 6.385 5.858 5.405 5.031 4.742 4.531 4.386 4.290 4.229 4.186 4.161 4.150 4.159 4.188
0.000 0.000 0.000 0.000 0.000 0.000 0.000 0.000 0.000 0.000 0.000 0.000 0.001 0.001 0.002 0.004 0.010 0.024 0.062 0.175 0.531 1.473 3.081 4.368 5.015 5.353 5.600 5.790 5.921 5.990 6.012 6.002 5.972 5.914 5.823 5.705 5.637 5.613 5.713 6.094 6.837 7.941 9.086 9.876 10.423 10.749 10.915 10.923 10.810 10.559 10.191 9.856 9.644 9.514 9.378 9.203 8.973 8.653 8.250 7.786 7.269 6.705 6.126 5.587 5.112 4.705 4.371 4.116 3.942 3.834 3.771 3.739 3.728 3.736 3.762 3.820 3.913
0.000 0.000 0.000 0.000 0.000 0.000 0.000 0.000 0.000 0.000 0.000 0.000 0.000 0.001 0.001 0.002 0.006 0.015 0.039 0.109 0.333 1.009 2.420 3.996 4.925 5.370 5.629 5.849 6.027 6.141 6.192 6.208 6.210 6.196 6.174 6.143 6.134 6.157 6.262 6.512 7.011 7.805 8.675 9.272 9.653 9.846 9.951 9.970 9.909 9.724 9.339 8.870 8.557 8.431 8.384 8.317 8.166 7.902 7.513 7.023 6.468 5.893 5.350 4.859 4.431 4.066 3.766 3.535 3.377 3.283 3.235 3.217 3.221 3.247 3.315 3.444 3.580
0.000 0.000 0.000 0.000 0.000 0.000 0.000 0.000 0.000 0.000 0.000 0.000 0.000 0.001 0.001 0.002 0.006 0.015 0.037 0.096 0.254 0.708 1.750 3.331 4.619 5.310 5.632 5.863 6.074 6.230 6.318 6.358 6.385 6.409 6.425 6.441 6.463 6.518 6.627 6.827 7.183 7.740 8.350 8.778 9.028 9.146 9.167 9.166 9.098 8.920 8.572 8.055 7.577 7.320 7.251 7.253 7.214 7.038 6.690 6.219 5.660 5.111 4.621 4.179 3.790 3.461 3.194 2.987 2.836 2.737 2.685 2.666 2.669 2.702 2.802 2.943 3.010
0.000 0.000 0.000 0.000 0.000 0.000 0.000 0.000 0.000 0.000 0.000 0.000 0.000 0.001 0.001 0.003 0.007 0.018 0.044 0.104 0.239 0.556 1.264 2.538 4.053 5.073 5.569 5.845 6.077 6.261 6.382 6.454 6.502 6.543 6.580 6.617 6.667 6.733 6.823 6.996 7.261 7.657 8.072 8.355 8.510 8.567 8.554 8.522 8.430 8.246 7.919 7.429 6.869 6.454 6.247 6.159 6.102 6.000 5.736 5.324 4.813 4.329 3.909 3.523 3.167 2.870 2.635 2.452 2.308 2.197 2.123 2.082 2.064 2.067 2.084 2.063 1.954
0.000 0.000 0.000 0.000 0.000 0.000 0.000 0.000 0.000 0.000 0.000 0.000 0.000 0.001 0.002 0.005 0.013 0.031 0.065 0.132 0.261 0.509 0.996 1.907 3.330 4.629 5.371 5.770 6.049 6.255 6.405 6.508 6.576 6.626 6.665 6.714 6.767 6.837 6.924 7.071 7.274 7.551 7.806 7.978 8.065 8.079 8.059 7.987 7.865 7.664 7.350 6.902 6.350 5.837 5.479 5.249 5.057 4.865 4.630 4.315 3.915 3.523 3.177 2.850 2.542 2.280 2.077 1.917 1.779 1.655 1.545 1.448 1.357 1.260 1.146 1.015 0.878
0.000 0.000 0.000 0.000 0.000 0.000 0.000 0.000 0.000 0.000 0.000 0.000 0.000 0.001 0.004 0.011 0.026 0.056 0.105 0.185 0.314 0.530 0.897 1.554 2.674 4.049 5.007 5.574 5.956 6.223 6.401 6.527 6.606 6.667 6.704 6.753 6.802 6.866 6.958 7.089 7.246 7.416 7.538 7.623 7.668 7.659 7.613 7.516 7.371 7.140 6.833 6.426 5.906 5.362 4.913 4.543 4.208 3.883 3.560 3.235 2.911 2.591 2.289 2.019 1.782 1.573 1.400 1.261 1.138 1.018 0.897 0.780 0.671 0.568 0.468 0.376 0.302
0.000 0.000 0.000 0.000 0.000 0.000 0.000 0.000 0.000 0.000 0.000 0.000 0.001 0.002 0.007 0.020 0.048 0.093 0.162 0.258 0.391 0.587 0.895 1.402 2.250 3.457 4.510 5.240 5.759 6.127 6.367 6.524 6.608 6.675 6.714 6.760 6.800 6.871 6.955 7.069 7.167 7.230 7.261 7.278 7.282 7.259 7.191 7.077 6.912 6.669 6.359 5.968 5.470 4.918 4.422 3.972 3.538 3.116 2.709 2.327 1.974 1.652 1.369 1.137 0.954 0.806 0.688 0.594 0.515 0.442 0.371 0.302 0.238 0.183 0.139 0.107 0.087
0.000 0.000 0.000 0.000 0.000 0.000 0.000 0.000 0.000 0.000 0.001 0.001 0.001 0.003 0.009 0.026 0.062 0.121 0.203 0.313 0.463 0.666 0.947 1.372 2.037 2.977 3.990 4.816 5.457 5.928 6.263 6.479 6.592 6.655 6.700 6.737 6.771 6.848 6.913 6.984 7.024 7.013 6.979 6.942 6.909 6.867 6.776 6.647 6.477 6.229 5.907 5.508 5.021 4.464 3.931 3.444 2.975 2.513 2.060 1.633 1.255 0.941 0.697 0.516 0.388 0.301 0.240 0.195 0.159 0.128 0.100 0.077 0.058 0.045 0.035 0.028 0.024
0.000 0.000 0.000 0.000 0.000 0.000 0.000 0.000 0.001 0.001 0.001 0.001 0.002 0.003 0.009 0.028 0.067 0.133 0.225 0.349 0.515 0.735 1.025 1.412 1.953 2.678 3.548 4.378 5.084 5.640 6.058 6.337 6.501 6.578 6.630 6.661 6.700 6.758 6.795 6.812 6.811 6.756 6.662 6.591 6.533 6.465 6.360 6.221 6.040 5.785 5.453 5.040 4.553 3.983 3.423 2.920 2.443 1.968 1.502 1.076 0.724 0.462 0.288 0.179 0.115 0.079 0.058 0.045 0.035 0.028 0.022 0.018 0.015 0.013 0.012 0.010 0.010
0.000 0.000 0.000 0.000 0.000 0.001 0.001 0.001 0.001 0.002 0.002 0.002 0.002 0.003 0.009 0.026 0.066 0.134 0.234 0.372 0.555 0.791 1.087 1.450 1.909 2.492 3.199 3.966 4.673 5.271 5.746 6.084 6.301 6.411 6.474 6.510 6.551 6.581 6.589 6.575 6.535 6.434 6.305 6.220 6.135 6.042 5.926 5.774 5.577 5.322 4.987 4.567 4.065 3.477 2.892 2.375 1.884 1.399 0.959 0.606 0.349 0.186 0.096 0.051 0.029 0.018 0.012 0.009 0.008 0.007 0.007 0.007 0.007 0.008 0.008 0.008 0.008
0.000 0.000 0.001 0.001 0.001 0.001 0.002 0.002 0.002 0.002 0.002 0.002 0.002 0.003 0.007 0.021 0.057 0.124 0.232 0.387 0.592 0.843 1.132 1.463 1.853 2.332 2.908 3.569 4.248 4.853 5.353 5.733 5.992 6.134 6.222 6.267 6.297 6.311 6.303 6.269 6.196 6.070 5.918 5.802 5.694 5.583 5.459 5.293 5.086 4.831 4.496 4.074 3.554 2.949 2.328 1.766 1.256 0.825 0.494 0.266 0.129 0.058 0.026 0.013 0.007 0.005 0.004 0.004 0.004 0.004 0.005 0.006 0.007 0.007 0.008 0.008 0.008
0.001 0.001 0.001 0.001 0.002 0.002 0.002 0.002 0.002 0.002 0.002 0.002 0.002 0.002 0.003 0.011 0.037 0.099 0.214 0.396 0.637 0.896 1.162 1.449 1.776 2.165 2.627 3.173 3.789 4.384 4.894 5.299 5.590 5.763 5.870 5.931 5.957 5.963 5.948 5.900 5.810 5.672 5.497 5.344 5.205 5.073 4.942 4.775 4.571 4.318 3.983 3.551 3.018 2.387 1.723 1.153 0.712 0.398 0.196 0.086 0.035 0.015 0.007 0.004 0.004 0.003 0.003 0.003 0.004 0.004 0.005 0.006 0.007 0.008 0.008 0.008 0.008
0.002 0.002 0.002 0.002 0.002 0.002 0.002 0.002 0.002 0.002 0.002 0.002 0.001 0.001 0.002 0.005 0.018 0.063 0.176 0.389 0.686 0.945 1.174 1.412 1.678 1.984 2.345 2.781 3.302 3.864 4.377 4.798 5.116 5.331 5.458 5.522 5.546 5.551 5.533 5.472 5.385 5.241 5.049 4.860 4.678 4.509 4.346 4.174 3.965 3.698 3.353 2.910 2.354 1.691 1.074 0.622 0.326 0.150 0.060 0.023 0.009 0.005 0.004 0.003 0.003 0.003 0.003 0.003 0.004 0.005 0.006 0.007 0.008 0.009 0.009 0.009 0.009
0.003 0.003 0.003 0.003 0.003 0.003 0.003 0.003 0.002 0.002 0.002 0.002 0.001 0.001 0.001 0.002 0.007 0.032 0.126 0.358 0.712 0.974 1.158 1.345 1.548 1.778 2.051 2.388 2.802 3.289 3.801 4.244 4.587 4.831 4.979 5.051 5.080 5.087 5.064 5.000 4.909 4.766 4.571 4.351 4.120 3.904 3.688 3.464 3.202 2.867 2.455 1.974 1.435 0.911 0.517 0.259 0.114 0.045 0.016 0.006 0.004 0.003 0.003 0.003 0.003 0.003 0.003 0.004 0.004 0.005 0.007 0.008 0.009 0.010 0.010 0.009 0.009
0.004 0.004 0.003 0.004 0.004 0.003 0.003 0.003 0.002 0.002 0.002 0.002 0.001 0.001 0.001 0.002 0.003 0.013 0.074 0.286 0.674 0.972 1.123 1.247 1.384 1.544 1.739 1.985 2.298 2.698 3.181 3.645 4.017 4.280 4.455 4.551 4.583 4.584 4.564 4.504 4.402 4.255 4.059 3.821 3.545 3.267 2.987 2.683 2.324 1.914 1.486 1.066 0.684 0.385 0.187 0.080 0.031 0.011 0.004 0.003 0.003 0.003 0.003 0.003 0.003 0.003 0.004 0.004 0.005 0.006 0.008 0.010 0.011 0.011 0.011 0.010 0.010
0.007 0.005 0.005 0.005 0.004 0.004 0.003 0.002 0.002 0.002 0.002 0.002 0.002 0.002 0.002 0.002 0.003 0.008 0.031 0.154 0.482 0.852 1.032 1.115 1.189 1.283 1.408 1.575 1.806 2.122 2.539 3.012 3.404 3.689 3.890 4.007 4.056 4.062 4.046 3.989 3.884 3.732 3.533 3.281 2.967 2.608 2.243 1.866 1.484 1.119 0.782 0.491 0.269 0.128 0.054 0.021 0.007 0.003 0.002 0.002 0.003 0.003 0.004 0.004 0.004 0.004 0.004 0.004 0.006 0.008 0.010 0.011 0.012 0.012 0.011 0.010 0.010
0.010 0.008 0.007 0.006 0.005 0.004 0.003 0.002 0.002 0.002 0.002 0.002 0.002 0.002 0.003 0.004 0.005 0.011 0.023 0.053 0.187 0.485 0.763 0.897 0.953 1.001 1.067 1.168 1.322 1.555 1.902 2.357 2.737 2.998 3.166 3.266 3.319 3.346 3.357 3.331 3.262 3.145 2.963 2.705 2.343 1.875 1.438 1.081 0.791 0.545 0.340 0.187 0.089 0.037 0.014 0.005 0.002 0.002 0.002 0.002 0.003 0.004 0.004 0.004 0.004 0.004 0.004 0.005 0.007 0.009 0.011 0.013 0.013 0.013 0.012 0.010 0.010
0.013 0.010 0.008 0.006 0.005 0.004 0.003 0.002 0.002 0.002 0.002 0.002 0.003 0.003 0.004 0.004 0.007 0.014 0.029 0.036 0.054 0.135 0.312 0.479 0.579 0.635 0.679 0.732 0.811 0.944 1.166 1.476 1.705 1.826 1.886 1.932 1.983 2.060 2.134 2.172 2.182 2.154 2.052 1.829 1.457 1.005 0.678 0.467 0.314 0.198 0.112 0.056 0.025 0.010 0.005 0.002 0.002 0.002 0.002 0.003 0.003 0.004 0.004 0.004 0.004 0.004 0.005 0.006 0.009 0.011 0.013 0.014 0.014 0.013 0.011 0.010 0.010
0.014 0.011 0.008 0.006 0.005 0.004 0.003 0.003 0.003 0.003 0.003 0.003 0.003 0.003 0.004 0.005 0.007 0.016 0.030 0.037 0.037 0.038 0.068 0.131 0.189 0.230 0.259 0.285 0.315 0.355 0.421 0.510 0.557 0.573 0.580 0.592 0.626 0.696 0.772 0.813 0.834 0.840 0.817 0.724 0.536 0.325 0.194 0.123 0.079 0.048 0.026 0.012 0.005 0.002 0.001 0.001 0.001 0.001 0.002 0.003 0.004 0.004 0.004 0.004 0.004 0.005 0.006 0.008 0.011 0.013 0.014 0.014 0.014 0.012 0.010 0.009 0.013
