RESULTS/r.avaflow_results/23_results/23_ascii/23_hflow30017.asc
ncols 506
nrows 317
xllcenter 498237.50
yllcenter 5580050.00
cellsize 12.50
NODATA_value -9999.000
[rows 170 to 203 of 317, columns 154 to 230 of 506]
11.070 10.981 10.892 10.779 10.633 10.442 10.286 10.185 10.117 10.071 10.052 10.062 10.048 9.961 9.719 9.274 8.634 7.905 7.213 6.582 5.970 5.319 4.635 4.075 3.683 3.453 3.370 3.381 3.434 3.517 3.625 3.786 4.032 4.287 4.472 4.603 4.715 4.772 4.757 4.679 4.530 4.315 4.064 3.792 3.482 3.090 2.562 1.909 1.292 0.853 0.576 0.405 0.299 0.233 0.193 0.170 0.157 0.151 0.153 0.156 0.158 0.159 0.158 0.158 0.157 0.154 0.150 0.147 0.144 0.142 0.137 0.128 0.111 0.082 0.047 0.019 0.006
13.079 13.452 13.706 13.838 13.875 13.842 13.781 13.706 13.623 13.533 13.453 13.395 13.341 13.243 13.004 12.542 11.805 10.829 9.770 8.723 7.689 6.665 5.696 4.884 4.286 3.878 3.632 3.525 3.512 3.574 3.711 3.933 4.264 4.517 4.636 4.695 4.722 4.708 4.647 4.514 4.293 3.977 3.586 3.141 2.615 1.994 1.353 0.836 0.519 0.336 0.233 0.172 0.135 0.113 0.102 0.098 0.098 0.101 0.107 0.112 0.113 0.113 0.112 0.110 0.106 0.100 0.095 0.090 0.085 0.080 0.073 0.063 0.049 0.030 0.014 0.005 0.002
14.580 15.376 15.923 16.257 16.443 16.544 16.602 16.615 16.589 16.534 16.462 16.400 16.344 16.262 16.049 15.593 14.832 13.807 12.617 11.331 9.989 8.622 7.316 6.177 5.274 4.590 4.078 3.745 3.589 3.561 3.645 3.852 4.188 4.424 4.504 4.517 4.482 4.385 4.217 3.955 3.552 2.990 2.356 1.745 1.220 0.802 0.502 0.309 0.196 0.134 0.100 0.081 0.069 0.063 0.062 0.063 0.066 0.071 0.077 0.080 0.080 0.080 0.078 0.074 0.069 0.063 0.057 0.052 0.046 0.041 0.034 0.026 0.018 0.009 0.004 0.001 0.000
15.407 16.487 17.236 17.744 18.108 18.407 18.686 18.915 19.067 19.139 19.153 19.147 19.128 19.084 18.916 18.486 17.721 16.664 15.447 14.141 12.728 11.192 9.597 8.096 6.822 5.774 4.924 4.273 3.839 3.622 3.566 3.652 3.896 4.099 4.141 4.088 3.919 3.637 3.257 2.743 2.105 1.483 1.007 0.677 0.449 0.289 0.182 0.118 0.082 0.062 0.051 0.045 0.041 0.040 0.041 0.043 0.046 0.050 0.054 0.055 0.055 0.054 0.051 0.048 0.043 0.037 0.032 0.027 0.023 0.018 0.014 0.009 0.005 0.003 0.001 0.000 0.000
15.628 16.825 17.687 18.339 18.900 19.434 19.989 20.530 20.968 21.253 21.413 21.513 21.568 21.567 21.457 21.090 20.390 19.373 18.145 16.807 15.374 13.807 12.060 10.185 8.444 6.986 5.821 4.922 4.249 3.787 3.524 3.435 3.507 3.611 3.577 3.331 2.834 2.272 1.758 1.299 0.899 0.594 0.386 0.253 0.167 0.110 0.075 0.054 0.042 0.035 0.031 0.029 0.028 0.028 0.028 0.030 0.032 0.035 0.036 0.036 0.036 0.035 0.032 0.029 0.025 0.021 0.017 0.013 0.010 0.007 0.005 0.003 0.002 0.001 0.000 0.000 0.000
15.449 16.668 17.604 18.355 19.052 19.764 20.539 21.337 22.040 22.553 22.856 23.057 23.214 23.287 23.250 23.007 22.476 21.628 20.479 19.091 17.529 15.811 13.877 11.665 9.476 7.654 6.244 5.204 4.433 3.868 3.488 3.269 3.149 3.024 2.695 2.049 1.407 0.994 0.728 0.520 0.354 0.232 0.151 0.101 0.070 0.051 0.039 0.031 0.027 0.024 0.022 0.021 0.020 0.020 0.020 0.021 0.022 0.023 0.023 0.023 0.022 0.021 0.019 0.016 0.013 0.010 0.008 0.006 0.004 0.003 0.002 0.001 0.000 0.000 0.000 0.000 0.000
14.708 15.976 17.054 17.969 18.826 19.677 20.565 21.456 22.276 22.918 23.317 23.573 23.814 24.004 24.054 23.942 23.600 22.959 21.954 20.572 18.887 16.989 14.853 12.385 9.894 7.845 6.309 5.221 4.434 3.850 3.418 3.076 2.731 2.233 1.526 0.888 0.554 0.387 0.281 0.201 0.140 0.097 0.068 0.049 0.037 0.030 0.025 0.021 0.019 0.018 0.016 0.015 0.015 0.014 0.014 0.014 0.014 0.014 0.014 0.014 0.013 0.012 0.010 0.008 0.006 0.005 0.003 0.002 0.001 0.001 0.000 0.000 0.000 0.000 0.000 0.000 0.000
13.349 14.716 15.968 17.106 18.177 19.190 20.155 21.070 21.938 22.645 23.096 23.385 23.683 23.978 24.098 24.050 23.803 23.272 22.369 21.031 19.294 17.290 15.045 12.459 9.855 7.724 6.131 5.019 4.230 3.618 3.090 2.568 1.940 1.224 0.638 0.337 0.207 0.147 0.109 0.082 0.062 0.048 0.037 0.029 0.024 0.020 0.018 0.016 0.014 0.013 0.012 0.011 0.010 0.009 0.009 0.009 0.009 0.008 0.008 0.008 0.007 0.006 0.005 0.004 0.003 0.002 0.001 0.001 0.000 0.000 0.000 0.000 0.000 0.000 0.000 0.000 0.000
11.488 12.994 14.448 15.815 17.070 18.182 19.153 20.044 20.882 21.599 22.129 22.514 22.890 23.246 23.405 23.382 23.190 22.752 21.955 20.690 18.967 16.906 14.570 11.915 9.306 7.163 5.542 4.392 3.559 2.865 2.184 1.504 0.899 0.467 0.230 0.125 0.082 0.061 0.049 0.040 0.034 0.028 0.024 0.020 0.017 0.015 0.013 0.012 0.010 0.009 0.008 0.007 0.007 0.006 0.005 0.005 0.005 0.005 0.004 0.004 0.003 0.003 0.002 0.002 0.001 0.001 0.000 0.000 0.000 0.000 0.000 0.000 0.000 0.000 0.000 0.000 0.000
9.217 10.839 12.488 14.041 15.421 16.591 17.565 18.396 19.125 19.771 20.397 20.985 21.406 21.649 21.726 21.678 21.517 21.168 20.482 19.307 17.611 15.506 13.104 10.491 8.041 5.986 4.348 3.091 2.160 1.456 0.928 0.560 0.310 0.160 0.085 0.053 0.039 0.032 0.028 0.024 0.022 0.019 0.017 0.015 0.013 0.011 0.009 0.008 0.007 0.006 0.005 0.004 0.004 0.003 0.003 0.003 0.002 0.002 0.002 0.002 0.001 0.001 0.001 0.000 0.000 0.000 0.000 0.000 0.000 0.000 0.000 0.000 0.000 0.000 0.000 0.000 0.000
6.869 8.328 10.013 11.721 13.227 14.494 15.528 16.336 16.997 17.644 18.456 19.282 19.714 19.803 19.769 19.666 19.453 19.045 18.291 17.036 15.247 13.026 10.571 8.170 6.009 4.105 2.535 1.445 0.822 0.482 0.291 0.177 0.104 0.061 0.039 0.028 0.023 0.021 0.019 0.017 0.015 0.014 0.012 0.011 0.009 0.008 0.006 0.005 0.004 0.004 0.003 0.002 0.002 0.002 0.001 0.001 0.001 0.001 0.001 0.001 0.000 0.000 0.000 0.000 0.000 0.000 0.000 0.000 0.000 0.000 0.000 0.000 0.000 0.000 0.000 0.000 0.000
4.901 6.003 7.351 8.947 10.601 12.081 13.283 14.239 15.050 15.857 16.822 17.702 18.114 18.166 18.129 18.016 17.713 17.058 15.936 14.303 12.146 9.539 7.031 4.980 3.336 2.015 1.059 0.501 0.248 0.143 0.092 0.062 0.042 0.030 0.023 0.019 0.016 0.015 0.013 0.012 0.011 0.010 0.009 0.007 0.006 0.005 0.004 0.003 0.003 0.002 0.001 0.001 0.001 0.001 0.000 0.000 0.000 0.000 0.000 0.000 0.000 0.000 0.000 0.000 0.000 0.000 0.000 0.000 0.000 0.000 0.000 0.000 0.000 0.000 0.000 0.000 0.000
3.391 4.188 5.194 6.438 7.909 9.482 10.944 12.144 13.154 14.129 15.138 15.935 16.313 16.394 16.380 16.254 15.823 14.864 13.256 11.014 8.169 5.369 3.359 2.090 1.257 0.678 0.316 0.140 0.075 0.050 0.037 0.029 0.023 0.019 0.016 0.013 0.012 0.011 0.010 0.009 0.008 0.007 0.006 0.005 0.004 0.003 0.002 0.002 0.001 0.001 0.001 0.000 0.000 0.000 0.000 0.000 0.000 0.000 0.000 0.000 0.000 0.000 0.000 0.000 0.000 0.000 0.000 0.000 0.000 0.000 0.000 0.000 0.000 0.000 0.000 0.000 0.000
2.290 2.845 3.547 4.433 5.528 6.854 8.369 9.851 11.067 12.098 12.935 13.513 13.829 13.952 13.951 13.724 13.040 11.670 9.408 6.517 3.871 2.087 1.068 0.563 0.304 0.158 0.079 0.044 0.031 0.025 0.021 0.018 0.016 0.013 0.012 0.010 0.009 0.008 0.007 0.006 0.005 0.004 0.003 0.003 0.002 0.001 0.001 0.001 0.000 0.000 0.000 0.000 0.000 0.000 0.000 0.000 0.000 0.000 0.000 0.000 0.000 0.000 0.000 0.000 0.000 0.000 0.000 0.000 0.000 0.000 0.000 0.000 0.000 0.000 0.000 0.000 0.000
1.495 1.858 2.304 2.855 3.538 4.405 5.549 7.004 8.351 9.297 9.879 10.213 10.388 10.438 10.267 9.716 8.592 6.759 4.465 2.436 1.157 0.497 0.221 0.118 0.070 0.044 0.029 0.022 0.018 0.016 0.015 0.013 0.011 0.010 0.009 0.007 0.006 0.005 0.004 0.004 0.003 0.002 0.002 0.001 0.001 0.001 0.000 0.000 0.000 0.000 0.000 0.000 0.000 0.000 0.000 0.000 0.000 0.000 0.000 0.000 0.000 0.000 0.000 0.000 0.000 0.000 0.000 0.000 0.000 0.000 0.000 0.000 0.000 0.000 0.000 0.000 0.000
0.908 1.120 1.364 1.645 1.987 2.440 3.086 4.018 5.039 5.729 6.074 6.182 6.128 5.874 5.393 4.722 3.768 2.467 1.269 0.539 0.210 0.093 0.052 0.035 0.026 0.021 0.017 0.015 0.013 0.012 0.011 0.010 0.008 0.007 0.006 0.005 0.004 0.004 0.003 0.002 0.002 0.001 0.001 0.000 0.000 0.000 0.000 0.000 0.000 0.000 0.000 0.000 0.000 0.000 0.000 0.000 0.000 0.000 0.000 0.000 0.000 0.000 0.000 0.000 0.000 0.000 0.000 0.000 0.000 0.000 0.000 0.000 0.000 0.000 0.000 0.000 0.000
0.470 0.569 0.674 0.788 0.922 1.107 1.396 1.859 2.429 2.798 2.950 2.958 2.817 2.431 1.947 1.511 1.046 0.539 0.223 0.090 0.045 0.029 0.022 0.018 0.016 0.014 0.012 0.011 0.010 0.009 0.008 0.007 0.006 0.005 0.004 0.004 0.003 0.002 0.002 0.001 0.001 0.000 0.000 0.000 0.000 0.000 0.000 0.000 0.000 0.000 0.000 0.000 0.000 0.000 0.000 0.000 0.000 0.000 0.000 0.000 0.000 0.000 0.000 0.000 0.000 0.000 0.000 0.000 0.000 0.000 0.000 0.000 0.000 0.000 0.000 0.000 0.000
0.179 0.212 0.247 0.281 0.318 0.369 0.458 0.622 0.851 0.988 1.026 1.008 0.900 0.669 0.453 0.315 0.191 0.093 0.044 0.026 0.018 0.015 0.014 0.012 0.011 0.010 0.009 0.008 0.008 0.007 0.006 0.005 0.004 0.004 0.003 0.002 0.002 0.001 0.001 0.001 0.000 0.000 0.000 0.000 0.000 0.000 0.000 0.000 0.000 0.000 0.000 0.000 0.000 0.000 0.000 0.000 0.000 0.000 0.000 0.000 0.000 0.000 0.000 0.000 0.000 0.000 0.000 0.000 0.000 0.000 0.000 0.000 0.000 0.000 0.000 0.000 0.000
0.040 0.048 0.055 0.064 0.072 0.083 0.103 0.143 0.201 0.230 0.235 0.228 0.198 0.136 0.090 0.062 0.039 0.024 0.016 0.013 0.011 0.010 0.009 0.009 0.008 0.007 0.007 0.006 0.005 0.005 0.004 0.003 0.003 0.002 0.002 0.002 0.001 0.001 0.001 0.000 0.000 0.000 0.000 0.000 0.000 0.000 0.000 0.000 0.000 0.000 0.000 0.000 0.000 0.000 0.000 0.000 0.000 0.000 0.000 0.000 0.000 0.000 0.000 0.000 0.000 0.000 0.000 0.000 0.000 0.000 0.000 0.000 0.000 0.000 0.000 0.000 0.000
0.005 0.006 0.008 0.010 0.012 0.015 0.020 0.029 0.041 0.047 0.048 0.048 0.043 0.032 0.023 0.018 0.013 0.011 0.009 0.008 0.007 0.007 0.006 0.006 0.006 0.005 0.005 0.004 0.004 0.003 0.003 0.002 0.002 0.002 0.001 0.001 0.001 0.001 0.000 0.000 0.000 0.000 0.000 0.000 0.000 0.000 0.000 0.000 0.000 0.000 0.000 0.000 0.000 0.000 0.000 0.000 0.000 0.000 0.000 0.000 0.000 0.000 0.000 0.000 0.000 0.000 0.000 0.000 0.000 0.000 0.000 0.000 0.000 0.000 0.000 0.000 0.000
0.001 0.001 0.001 0.001 0.002 0.002 0.003 0.006 0.009 0.011 0.012 0.012 0.012 0.011 0.009 0.007 0.006 0.006 0.005 0.005 0.005 0.004 0.004 0.004 0.004 0.003 0.003 0.003 0.002 0.002 0.002 0.002 0.001 0.001 0.001 0.001 0.001 0.001 0.000 0.000 0.000 0.000 0.000 0.000 0.000 0.000 0.000 0.000 0.000 0.000 0.000 0.000 0.000 0.000 0.000 0.000 0.000 0.000 0.000 0.000 0.000 0.000 0.000 0.000 0.000 0.000 0.000 0.000 0.000 0.000 0.000 0.000 0.000 0.000 0.000 0.000 0.000
0.001 0.001 0.001 0.001 0.001 0.001 0.001 0.001 0.002 0.003 0.004 0.004 0.005 0.005 0.004 0.004 0.004 0.003 0.003 0.003 0.003 0.003 0.003 0.003 0.002 0.002 0.002 0.002 0.001 0.001 0.001 0.001 0.001 0.001 0.001 0.001 0.001 0.001 0.000 0.000 0.000 0.000 0.000 0.000 0.000 0.000 0.000 0.000 0.000 0.000 0.000 0.000 0.000 0.000 0.000 0.000 0.000 0.000 0.000 0.000 0.000 0.000 0.000 0.000 0.000 0.000 0.000 0.000 0.000 0.000 0.000 0.000 0.000 0.000 0.000 0.000 0.000
0.001 0.001 0.001 0.001 0.001 0.001 0.001 0.001 0.001 0.001 0.002 0.002 0.002 0.003 0.002 0.002 0.002 0.002 0.002 0.002 0.002 0.002 0.002 0.002 0.002 0.001 0.001 0.001 0.001 0.001 0.001 0.001 0.001 0.001 0.001 0.001 0.001 0.001 0.000 0.000 0.000 0.000 0.000 0.000 0.000 0.000 0.000 0.000 0.000 0.000 0.000 0.000 0.000 0.000 0.000 0.000 0.000 0.000 0.000 0.000 0.000 0.000 0.000 0.000 0.000 0.000 0.000 0.000 0.000 0.000 0.000 0.000 0.000 0.000 0.000 0.000 0.000
0.001 0.001 0.001 0.001 0.001 0.001 0.001 0.001 0.001 0.001 0.001 0.001 0.002 0.002 0.002 0.002 0.001 0.001 0.001 0.001 0.001 0.001 0.001 0.001 0.001 0.001 0.001 0.001 0.001 0.001 0.001 0.001 0.001 0.001 0.001 0.001 0.001 0.000 0.000 0.000 0.000 0.000 0.000 0.000 0.000 0.000 0.000 0.000 0.000 0.000 0.000 0.000 0.000 0.000 0.000 0.000 0.000 0.000 0.000 0.000 0.000 0.000 0.000 0.000 0.000 0.000 0.000 0.000 0.000 0.000 0.000 0.000 0.000 0.000 0.000 0.000 0.000
0.001 0.001 0.001 0.001 0.001 0.001 0.001 0.001 0.001 0.001 0.001 0.001 0.001 0.001 0.001 0.001 0.001 0.001 0.001 0.001 0.001 0.001 0.001 0.001 0.001 0.001 0.001 0.001 0.001 0.002 0.002 0.002 0.002 0.002 0.002 0.001 0.001 0.000 0.000 0.000 0.000 0.000 0.000 0.000 0.000 0.000 0.000 0.000 0.000 0.000 0.000 0.000 0.000 0.000 0.000 0.000 0.000 0.000 0.000 0.000 0.000 0.000 0.000 0.000 0.000 0.000 0.000 0.000 0.000 0.000 0.000 0.000 0.000 0.000 0.000 0.000 0.000
0.000 0.000 0.000 0.000 0.000 0.000 0.000 0.000 0.000 0.001 0.001 0.001 0.001 0.001 0.001 0.001 0.001 0.001 0.001 0.001 0.001 0.001 0.001 0.001 0.001 0.002 0.002 0.002 0.003 0.003 0.003 0.003 0.002 0.002 0.002 0.001 0.001 0.000 0.000 0.000 0.000 0.000 0.000 0.000 0.000 0.000 0.000 0.000 0.000 0.000 0.000 0.000 0.000 0.000 0.000 0.000 0.000 0.000 0.000 0.000 0.000 0.000 0.000 0.000 0.000 0.000 0.000 0.000 0.000 0.000 0.000 0.000 0.000 0.000 0.000 0.000 0.000
0.000 0.000 0.000 0.000 0.000 0.000 0.000 0.000 0.000 0.000 0.000 0.001 0.001 0.001 0.001 0.001 0.001 0.001 0.001 0.001 0.001 0.001 0.002 0.002 0.002 0.003 0.003 0.004 0.004 0.004 0.003 0.003 0.002 0.002 0.002 0.001 0.001 0.000 0.000 0.000 0.000 0.000 0.000 0.000 0.000 0.000 0.000 0.000 0.000 0.000 0.000 0.000 0.000 0.000 0.000 0.000 0.000 0.000 0.000 0.000 0.000 0.000 0.000 0.000 0.000 0.000 0.000 0.000 0.000 0.000 0.000 0.000 0.000 0.000 0.000 0.000 0.000
0.000 0.000 0.000 0.000 0.000 0.000 0.000 0.000 0.000 0.000 0.000 0.000 0.000 0.000 0.001 0.001 0.001 0.001 0.001 0.001 0.001 0.002 0.002 0.003 0.003 0.004 0.004 0.004 0.004 0.004 0.003 0.003 0.002 0.002 0.001 0.001 0.000 0.000 0.000 0.000 0.000 0.000 0.000 0.000 0.000 0.000 0.000 0.000 0.000 0.000 0.000 0.000 0.000 0.000 0.000 0.000 0.000 0.000 0.000 0.000 0.000 0.000 0.000 0.000 0.000 0.000 0.000 0.000 0.000 0.000 0.000 0.000 0.000 0.000 0.000 0.000 0.000
0.000 0.000 0.000 0.000 0.000 0.000 0.000 0.000 0.000 0.000 0.000 0.000 0.000 0.000 0.000 0.000 0.001 0.001 0.001 0.001 0.001 0.002 0.002 0.003 0.004 0.004 0.004 0.004 0.004 0.003 0.003 0.002 0.002 0.001 0.001 0.001 0.000 0.000 0.000 0.000 0.000 0.000 0.000 0.000 0.000 0.000 0.000 0.000 0.000 0.000 0.000 0.000 0.000 0.000 0.000 0.000 0.000 0.000 0.000 0.000 0.000 0.000 0.000 0.000 0.000 0.000 0.000 0.000 0.000 0.000 0.000 0.000 0.000 0.000 0.000 0.000 0.000
0.000 0.000 0.000 0.000 0.000 0.000 0.000 0.000 0.000 0.000 0.000 0.000 0.000 0.000 0.000 0.000 0.000 0.000 0.001 0.001 0.001 0.002 0.002 0.003 0.003 0.004 0.004 0.004 0.003 0.003 0.002 0.002 0.001 0.001 0.001 0.000 0.000 0.000 0.000 0.000 0.000 0.000 0.000 0.000 0.000 0.000 0.000 0.000 0.000 0.000 0.000 0.000 0.000 0.000 0.000 0.000 0.000 0.000 0.000 0.000 0.000 0.000 0.000 0.000 0.000 0.000 0.000 0.000 0.000 0.000 0.000 0.000 0.000 0.000 0.000 0.000 0.000
0.000 0.000 0.000 0.000 0.000 0.000 0.000 0.000 0.000 0.000 0.000 0.000 0.000 0.000 0.000 0.000 0.000 0.000 0.000 0.001 0.001 0.001 0.002 0.002 0.003 0.003 0.003 0.003 0.002 0.002 0.002 0.001 0.001 0.001 0.000 0.000 0.000 0.000 0.000 0.000 0.000 0.000 0.000 0.000 0.000 0.000 0.000 0.000 0.000 0.000 0.000 0.000 0.000 0.000 0.000 0.000 0.000 0.000 0.000 0.000 0.000 0.000 0.000 0.000 0.000 0.000 0.000 0.000 0.000 0.000 0.000 0.000 0.000 0.000 0.000 0.000 0.000
0.000 0.000 0.000 0.000 0.000 0.000 0.000 0.000 0.000 0.000 0.000 0.000 0.000 0.000 0.000 0.000 0.000 0.000 0.000 0.000 0.001 0.001 0.001 0.002 0.002 0.002 0.002 0.002 0.001 0.001 0.001 0.001 0.001 0.000 0.000 0.000 0.000 0.000 0.000 0.000 0.000 0.000 0.000 0.000 0.000 0.000 0.000 0.000 0.000 0.000 0.000 0.000 0.000 0.000 0.000 0.000 0.000 0.000 0.000 0.000 0.000 0.000 0.000 0.000 0.000 0.000 0.000 0.000 0.000 0.000 0.000 0.000 0.000 0.000 0.000 0.000 0.000
0.000 0.000 0.000 0.000 0.000 0.000 0.000 0.000 0.000 0.000 0.000 0.000 0.000 0.000 0.000 0.000 0.000 0.000 0.000 0.000 0.000 0.001 0.001 0.001 0.001 0.001 0.001 0.001 0.001 0.001 0.001 0.001 0.000 0.000 0.000 0.000 0.000 0.000 0.000 0.000 0.000 0.000 0.000 0.000 0.000 0.000 0.000 0.000 0.000 0.000 0.000 0.000 0.000 0.000 0.000 0.000 0.000 0.000 0.000 0.000 0.000 0.000 0.000 0.000 0.000 0.000 0.000 0.000 0.000 0.000 0.000 0.000 0.000 0.000 0.000 0.000 0.000
0.000 0.000 0.000 0.000 0.000 0.000 0.000 0.000 0.000 0.000 0.000 0.000 0.000 0.000 0.000 0.000 0.000 0.000 0.000 0.000 0.000 0.000 0.000 0.001 0.001 0.001 0.001 0.001 0.001 0.001 0.000 0.000 0.000 0.000 0.000 0.000 0.000 0.000 0.000 0.000 0.000 0.000 0.000 0.000 0.000 0.000 0.000 0.000 0.000 0.000 0.000 0.000 0.000 0.000 0.000 0.000 0.000 0.000 0.000 0.000 0.000 0.000 0.000 0.000 0.000 0.000 0.000 0.000 0.000 0.000 0.000 0.000 0.000 0.000 0.000 0.000 0.000
