RESULTS/r.avaflow_results/23_results/23_ascii/23_hflow_max0021.asc
ncols 506
nrows 317
xllcenter 498237.50
yllcenter 5580050.00
cellsize 12.50
NODATA_value -9999.000
[rows 170 to 203 of 317, columns 77 to 153 of 506]
0.000 0.000 0.000 0.000 0.000 0.000 0.000 0.000 0.000 0.000 0.000 0.001 0.002 0.004 0.008 0.013 0.019 0.027 0.037 0.053 0.086 0.165 0.320 0.574 0.839 1.038 1.211 1.441 2.022 2.572 3.010 3.343 3.612 3.858 4.117 4.408 4.769 5.253 5.902 6.353 6.556 6.704 6.937 7.318 8.041 8.959 9.729 10.581 11.274 11.767 12.209 12.757 13.662 15.570 18.502 22.301 26.943 32.040 37.672 42.586 45.904 47.673 47.920 46.938 45.289 42.848 40.302 37.757 35.483 33.381 31.427 29.757 28.477 27.433 26.604 25.981 25.455
0.000 0.000 0.000 0.000 0.000 0.000 0.000 0.000 0.000 0.000 0.001 0.003 0.006 0.012 0.021 0.032 0.046 0.064 0.089 0.127 0.200 0.346 0.582 0.886 1.150 1.384 1.734 2.431 3.159 3.686 4.031 4.249 4.412 4.577 4.779 5.047 5.391 5.844 6.438 6.916 7.240 7.558 7.984 8.526 9.359 10.276 11.169 12.236 13.170 13.745 14.102 14.525 15.079 16.155 18.354 22.007 26.894 33.026 39.507 44.753 47.934 49.285 49.251 47.935 46.006 43.461 40.736 38.088 35.825 33.915 32.410 31.221 30.249 29.451 28.877 28.679 28.807
0.000 0.000 0.000 0.000 0.000 0.000 0.000 0.000 0.000 0.001 0.003 0.007 0.014 0.025 0.040 0.059 0.085 0.121 0.170 0.242 0.356 0.537 0.795 1.106 1.415 1.775 2.507 3.481 4.160 4.585 4.824 4.948 5.041 5.153 5.302 5.514 5.807 6.185 6.688 7.238 7.750 8.264 8.854 9.600 10.564 11.566 12.609 13.813 14.861 15.483 15.832 16.088 16.300 16.597 18.100 21.311 26.415 33.398 40.108 45.276 48.241 49.542 49.279 48.014 45.928 43.391 40.726 38.302 36.350 34.711 33.348 32.257 31.408 30.724 30.446 30.735 31.513
0.000 0.000 0.000 0.000 0.000 0.000 0.000 0.000 0.000 0.002 0.006 0.012 0.022 0.037 0.058 0.087 0.126 0.179 0.252 0.351 0.492 0.685 0.940 1.252 1.638 2.122 3.096 4.262 4.949 5.283 5.431 5.495 5.534 5.599 5.712 5.859 6.082 6.407 6.811 7.343 7.985 8.666 9.423 10.357 11.429 12.557 13.833 15.126 16.120 16.737 17.093 17.224 17.191 17.214 17.789 20.248 25.345 32.588 39.425 44.494 47.344 48.776 48.692 47.347 45.317 42.975 40.582 38.528 36.817 35.314 34.023 32.927 32.050 31.621 31.849 32.628 33.732
0.000 0.000 0.000 0.000 0.000 0.000 0.000 0.000 0.001 0.003 0.007 0.015 0.027 0.045 0.072 0.109 0.159 0.227 0.317 0.439 0.603 0.820 1.092 1.394 1.821 2.395 3.458 4.800 5.561 5.875 5.963 5.978 5.968 5.969 6.037 6.187 6.349 6.572 6.885 7.313 7.961 8.728 9.922 10.967 12.011 13.170 14.612 15.932 16.878 17.441 17.758 17.834 17.738 17.531 17.243 18.745 23.201 30.313 37.390 42.342 45.586 47.018 47.065 45.923 44.257 42.346 40.242 38.430 36.800 35.374 34.178 33.083 32.296 32.005 32.467 33.425 34.658
0.000 0.000 0.000 0.000 0.000 0.000 0.000 0.000 0.001 0.003 0.008 0.016 0.030 0.050 0.081 0.124 0.185 0.266 0.375 0.519 0.708 0.952 1.253 1.581 1.977 2.610 3.676 5.160 6.027 6.385 6.465 6.432 6.370 6.334 6.344 6.482 6.587 6.689 6.893 7.199 7.684 9.089 10.599 11.715 12.660 13.579 14.975 16.299 17.230 17.767 17.969 18.041 18.000 17.490 16.661 17.736 21.173 26.655 33.956 39.382 42.651 44.185 44.470 43.810 42.812 41.308 39.455 37.710 36.076 34.612 33.573 32.522 31.814 31.757 32.374 33.633 34.969
0.000 0.000 0.000 0.000 0.000 0.000 0.000 0.000 0.001 0.003 0.008 0.016 0.031 0.053 0.086 0.134 0.203 0.298 0.427 0.596 0.814 1.088 1.423 1.789 2.132 2.781 3.829 5.399 6.380 6.795 6.879 6.809 6.757 6.704 6.644 6.684 6.734 6.770 6.851 7.021 7.437 9.405 11.067 12.268 13.139 14.068 15.133 16.381 17.330 17.793 17.960 18.044 17.878 17.269 16.154 16.885 19.568 24.210 29.961 35.616 38.909 40.685 41.365 41.274 40.747 39.490 37.729 35.865 34.189 32.682 31.340 30.389 29.972 30.178 31.028 32.602 34.320
0.000 0.000 0.000 0.000 0.000 0.000 0.000 0.000 0.001 0.003 0.008 0.016 0.031 0.053 0.087 0.137 0.212 0.321 0.473 0.671 0.924 1.236 1.613 2.017 2.365 3.171 4.333 5.556 6.637 7.087 7.194 7.167 7.137 7.018 6.865 6.799 6.784 6.794 6.855 6.958 7.610 9.535 11.334 12.585 13.471 14.373 15.072 16.293 17.166 17.637 17.834 17.859 17.554 16.850 15.682 16.179 18.365 22.249 27.371 31.705 34.965 36.972 37.923 38.157 37.696 36.489 34.899 33.140 31.497 29.903 28.385 27.287 26.995 27.437 28.557 30.469 32.647
0.000 0.000 0.000 0.000 0.000 0.000 0.000 0.000 0.000 0.003 0.007 0.015 0.029 0.052 0.086 0.137 0.215 0.333 0.508 0.747 1.045 1.406 1.834 2.273 2.646 3.904 4.949 5.838 6.873 7.324 7.425 7.491 7.431 7.234 7.026 6.874 6.811 6.799 6.867 6.992 7.903 9.472 11.403 12.746 13.702 14.574 15.251 16.045 16.890 17.343 17.557 17.505 17.107 16.286 15.118 15.443 17.225 20.486 24.772 28.146 31.233 32.981 33.859 34.049 33.565 32.496 30.991 29.384 27.791 26.183 24.769 23.939 23.782 24.314 25.676 27.928 30.322
0.000 0.000 0.000 0.000 0.000 0.000 0.000 0.000 0.000 0.002 0.005 0.012 0.025 0.047 0.081 0.132 0.211 0.333 0.523 0.807 1.178 1.613 2.097 2.562 3.248 4.582 5.525 6.296 7.112 7.612 7.673 7.701 7.598 7.420 7.151 6.953 6.873 6.866 6.905 7.072 8.139 9.547 11.366 12.835 13.935 14.721 15.324 15.858 16.533 16.953 17.113 17.051 16.580 15.683 14.500 14.679 16.060 18.727 22.214 24.655 27.196 28.539 29.129 29.184 28.705 27.695 26.410 25.097 23.664 22.182 21.136 20.657 20.743 21.438 22.779 25.223 27.823
0.000 0.000 0.000 0.000 0.000 0.000 0.000 0.000 0.000 0.001 0.003 0.007 0.016 0.034 0.064 0.111 0.186 0.307 0.506 0.819 1.280 1.857 2.404 2.890 3.922 5.147 6.046 6.685 7.325 7.921 7.956 7.847 7.736 7.534 7.258 7.039 7.003 7.034 7.057 7.166 8.295 9.733 11.579 13.046 14.145 14.864 15.352 15.814 16.173 16.546 16.643 16.513 16.006 15.080 13.842 13.894 14.870 16.925 19.675 21.662 23.168 24.020 24.254 24.032 23.465 22.842 21.911 20.762 19.417 18.242 17.547 17.432 17.797 18.709 20.138 22.309 24.954
0.000 0.000 0.000 0.000 0.000 0.000 0.000 0.000 0.000 0.000 0.001 0.003 0.007 0.017 0.036 0.068 0.124 0.226 0.414 0.751 1.293 2.056 2.736 3.312 4.636 5.628 6.397 6.965 7.478 8.173 8.247 7.997 7.866 7.667 7.491 7.336 7.245 7.257 7.315 7.379 8.365 9.879 11.744 13.216 14.318 14.964 15.353 15.624 15.883 16.087 16.108 15.915 15.385 14.448 13.182 13.091 13.668 15.084 17.103 18.801 19.847 20.158 20.009 19.531 18.879 18.159 17.268 16.237 15.165 14.497 14.184 14.282 14.830 15.883 17.406 19.246 21.508
0.000 0.000 0.000 0.000 0.000 0.000 0.000 0.000 0.000 0.000 0.000 0.001 0.002 0.006 0.014 0.030 0.060 0.118 0.245 0.565 1.180 2.135 3.051 4.153 5.252 6.047 6.608 7.080 7.563 8.348 8.487 8.274 8.088 7.953 7.880 7.802 7.716 7.642 7.692 7.685 8.369 9.993 11.883 13.353 14.446 15.033 15.303 15.435 15.541 15.556 15.465 15.203 14.643 13.726 12.503 12.217 12.364 13.090 14.345 15.731 16.395 16.393 15.954 15.288 14.541 13.813 13.030 12.163 11.503 11.148 11.098 11.322 11.932 12.966 14.431 16.124 17.896
0.000 0.000 0.000 0.000 0.000 0.000 0.000 0.000 0.000 0.000 0.000 0.001 0.002 0.003 0.007 0.019 0.053 0.139 0.329 0.697 1.320 2.305 3.688 4.884 5.752 6.368 6.749 7.110 7.678 8.484 8.717 8.553 8.380 8.313 8.311 8.337 8.316 8.214 8.139 8.048 8.338 10.068 12.000 13.455 14.463 14.978 15.142 15.242 15.206 15.082 14.746 14.355 13.711 12.757 11.667 11.285 11.085 11.214 11.814 12.626 12.983 12.867 12.404 11.761 11.058 10.378 9.663 8.958 8.496 8.300 8.305 8.540 9.115 10.008 11.259 12.776 14.415
0.000 0.000 0.000 0.000 0.000 0.000 0.000 0.000 0.000 0.000 0.001 0.002 0.003 0.006 0.013 0.034 0.094 0.243 0.555 1.111 1.951 3.115 4.444 5.444 6.139 6.590 6.865 7.125 8.112 8.734 8.967 8.879 8.678 8.740 8.797 8.891 8.937 8.853 8.738 8.571 8.448 10.096 12.055 13.475 14.355 14.789 14.992 15.012 14.879 14.565 14.015 13.328 12.495 11.600 10.729 10.287 9.880 9.604 9.663 9.935 10.066 9.905 9.495 8.949 8.366 7.752 7.104 6.502 6.112 5.947 5.933 6.075 6.476 7.191 8.228 9.576 11.055
0.000 0.000 0.000 0.000 0.000 0.000 0.000 0.000 0.000 0.001 0.002 0.003 0.005 0.010 0.022 0.061 0.168 0.424 0.936 1.769 2.851 4.008 5.026 5.822 6.408 6.719 6.925 7.855 8.840 9.349 9.445 9.339 9.051 9.160 9.384 9.556 9.628 9.603 9.469 9.239 8.897 10.066 11.944 13.269 14.022 14.471 14.636 14.582 14.340 13.829 13.122 12.190 11.133 10.151 9.657 9.186 8.704 8.232 7.930 7.846 7.775 7.571 7.201 6.752 6.254 5.727 5.168 4.644 4.296 4.124 4.068 4.093 4.288 4.766 5.575 6.787 8.136
0.000 0.000 0.000 0.000 0.000 0.000 0.000 0.000 0.001 0.002 0.003 0.005 0.009 0.017 0.040 0.109 0.293 0.717 1.521 2.734 3.912 4.826 5.540 6.113 6.578 6.850 7.463 8.556 9.523 9.991 10.045 9.932 9.631 9.446 9.867 10.160 10.326 10.371 10.245 9.940 9.421 9.984 11.605 12.750 13.462 13.889 13.962 13.851 13.470 12.814 11.917 10.721 9.582 8.742 8.322 7.923 7.488 6.991 6.509 6.207 5.994 5.756 5.432 5.044 4.613 4.172 3.718 3.278 2.970 2.802 2.734 2.730 2.824 3.112 3.672 4.991 6.007
0.000 0.000 0.000 0.000 0.000 0.000 0.001 0.001 0.002 0.003 0.005 0.008 0.014 0.030 0.074 0.196 0.503 1.169 2.352 3.846 4.930 5.572 6.011 6.378 6.733 6.946 7.973 9.023 9.863 10.325 10.384 10.286 10.104 9.946 10.074 10.582 10.860 10.933 10.827 10.412 9.937 9.842 11.079 11.980 12.708 13.008 13.001 12.801 12.333 11.542 10.438 9.274 8.157 7.238 6.738 6.447 6.149 5.761 5.253 4.853 4.584 4.335 4.060 3.733 3.361 2.984 2.613 2.277 2.028 1.867 1.785 1.766 1.807 1.974 2.339 2.915 3.281
0.000 0.000 0.000 0.000 0.000 0.001 0.001 0.002 0.004 0.005 0.008 0.014 0.025 0.055 0.135 0.346 0.843 1.818 3.403 4.985 5.891 6.310 6.486 6.629 6.856 7.008 8.204 9.204 9.869 10.243 10.418 10.393 10.274 10.239 10.303 10.648 11.047 11.118 11.070 10.770 10.153 9.621 10.402 11.163 11.728 11.920 11.848 11.536 10.979 10.086 8.970 7.778 6.640 5.798 5.331 5.011 4.734 4.444 4.047 3.671 3.412 3.200 2.983 2.731 2.417 2.081 1.853 1.747 1.664 1.587 1.523 1.472 1.439 1.455 1.521 1.585 1.602
0.000 0.000 0.000 0.000 0.001 0.001 0.002 0.004 0.005 0.008 0.014 0.023 0.045 0.100 0.243 0.600 1.364 2.716 4.509 5.981 6.789 7.029 7.047 7.008 7.009 7.115 8.073 8.993 9.556 9.929 10.133 10.212 10.205 10.216 10.313 10.590 10.827 11.005 10.961 10.595 9.842 9.235 9.761 10.252 10.582 10.678 10.521 10.099 9.435 8.528 7.477 6.535 5.612 4.835 4.267 3.871 3.549 3.249 2.927 2.625 2.390 2.195 2.005 1.949 1.884 1.732 1.586 1.505 1.463 1.428 1.391 1.365 1.351 1.393 1.445 1.445 1.406
0.000 0.000 0.000 0.001 0.002 0.003 0.004 0.006 0.009 0.014 0.023 0.041 0.080 0.177 0.419 0.982 2.093 3.850 5.623 6.891 7.571 7.753 7.719 7.541 7.418 7.293 7.477 8.360 9.032 9.409 9.479 9.464 9.499 9.658 9.898 10.119 10.259 10.184 9.829 9.244 8.526 8.838 9.061 9.220 9.300 9.288 9.085 8.619 7.911 7.123 6.480 5.666 4.811 4.091 3.502 3.035 2.651 2.311 2.000 1.727 1.770 1.809 1.808 1.790 1.734 1.604 1.450 1.364 1.330 1.321 1.314 1.304 1.324 1.379 1.417 1.417 1.374
0.000 0.000 0.001 0.002 0.003 0.004 0.006 0.009 0.014 0.023 0.039 0.071 0.139 0.299 0.679 1.510 3.049 5.041 6.678 7.769 8.317 8.481 8.394 8.142 7.821 7.523 7.247 7.511 8.223 8.647 8.795 8.700 8.387 8.302 8.387 8.328 8.171 7.904 7.998 8.155 8.262 8.252 8.186 8.143 8.101 7.994 7.736 7.305 6.912 6.397 5.713 4.883 4.096 3.440 2.892 2.422 2.016 1.653 1.555 1.678 1.766 1.798 1.788 1.759 1.668 1.517 1.383 1.305 1.268 1.260 1.272 1.307 1.350 1.392 1.396 1.391 1.339
0.000 0.001 0.002 0.004 0.005 0.007 0.010 0.014 0.023 0.038 0.065 0.119 0.229 0.474 1.028 2.177 4.171 6.186 7.644 8.578 9.104 9.209 9.022 8.641 8.197 7.740 7.313 6.783 7.170 7.661 7.937 8.026 7.899 7.730 7.680 7.691 7.736 7.804 7.843 7.804 7.670 7.477 7.368 7.305 7.252 7.160 6.976 6.702 6.309 5.753 5.024 4.189 3.457 2.852 2.348 1.917 1.542 1.439 1.613 1.736 1.794 1.808 1.793 1.744 1.631 1.463 1.336 1.273 1.248 1.242 1.270 1.332 1.388 1.412 1.402 1.371 1.292
0.001 0.003 0.004 0.006 0.008 0.011 0.016 0.023 0.037 0.061 0.105 0.191 0.361 0.716 1.471 2.975 5.267 7.187 8.452 9.259 9.738 9.799 9.533 9.096 8.543 7.927 7.262 6.633 6.103 6.621 7.020 7.298 7.404 7.419 7.458 7.504 7.518 7.505 7.430 7.281 7.063 6.878 6.776 6.722 6.682 6.613 6.460 6.191 5.773 5.177 4.397 3.571 2.881 2.318 1.857 1.470 1.228 1.441 1.623 1.751 1.805 1.807 1.799 1.743 1.606 1.431 1.310 1.247 1.228 1.254 1.305 1.372 1.434 1.446 1.421 1.376 1.279
0.003 0.005 0.007 0.009 0.013 0.017 0.025 0.037 0.058 0.094 0.160 0.288 0.542 1.051 2.067 3.958 6.267 7.988 9.113 9.827 10.135 10.124 9.892 9.452 8.765 7.952 7.156 6.446 5.823 5.522 6.091 6.520 6.787 6.954 7.104 7.180 7.185 7.150 7.033 6.821 6.534 6.318 6.209 6.178 6.169 6.127 5.997 5.723 5.275 4.637 3.822 3.011 2.351 1.823 1.402 1.061 1.212 1.417 1.597 1.734 1.793 1.806 1.786 1.711 1.564 1.394 1.284 1.230 1.230 1.297 1.383 1.442 1.484 1.492 1.455 1.390 1.342
0.005 0.008 0.010 0.014 0.019 0.027 0.038 0.057 0.089 0.142 0.241 0.429 0.792 1.494 2.852 5.075 7.190 8.579 9.598 10.222 10.393 10.319 10.112 9.587 8.733 7.811 6.919 6.077 5.272 4.434 4.934 5.589 6.083 6.385 6.581 6.690 6.711 6.671 6.541 6.288 5.968 5.698 5.586 5.582 5.624 5.616 5.499 5.224 4.759 4.099 3.273 2.478 1.843 1.344 0.960 0.969 1.208 1.401 1.582 1.723 1.777 1.787 1.761 1.661 1.496 1.351 1.266 1.241 1.275 1.382 1.488 1.538 1.552 1.545 1.513 1.480 1.478
0.008 0.011 0.015 0.021 0.028 0.039 0.057 0.086 0.133 0.217 0.370 0.646 1.158 2.120 3.967 6.240 7.871 9.074 9.887 10.311 10.459 10.448 10.127 9.329 8.345 7.245 6.113 5.003 3.849 2.713 3.552 4.432 5.198 5.727 6.003 6.104 6.119 6.077 5.945 5.705 5.356 5.016 4.844 4.819 4.839 4.800 4.663 4.401 3.983 3.391 2.641 1.896 1.299 0.848 0.745 0.994 1.253 1.448 1.606 1.729 1.776 1.774 1.727 1.603 1.432 1.317 1.264 1.272 1.353 1.505 1.605 1.643 1.653 1.646 1.633 1.638 1.670
0.012 0.016 0.022 0.029 0.040 0.056 0.082 0.125 0.201 0.335 0.573 0.982 1.691 2.989 5.228 7.184 8.422 9.340 9.925 10.204 10.370 10.270 9.611 8.598 7.184 5.599 4.091 2.770 2.036 2.465 3.009 3.363 3.899 4.729 5.184 5.351 5.369 5.311 5.152 4.903 4.562 4.138 3.744 3.466 3.236 3.037 2.870 2.713 2.495 2.143 1.639 1.087 0.664 0.581 0.764 1.030 1.304 1.521 1.678 1.765 1.791 1.777 1.704 1.540 1.387 1.305 1.277 1.315 1.447 1.644 1.756 1.791 1.801 1.815 1.838 1.888 1.994
0.018 0.024 0.031 0.041 0.057 0.080 0.119 0.186 0.306 0.519 0.884 1.485 2.459 4.035 6.148 7.742 8.690 9.343 9.672 9.966 9.936 9.365 8.146 6.249 4.386 2.791 1.784 1.842 2.105 2.592 3.110 3.424 3.554 3.616 3.662 3.637 3.545 3.558 3.468 3.286 2.989 2.504 1.970 1.835 1.672 1.441 1.132 0.883 0.875 0.797 0.621 0.511 0.500 0.588 0.786 1.072 1.359 1.586 1.756 1.838 1.844 1.797 1.694 1.510 1.381 1.327 1.337 1.416 1.599 1.801 1.921 1.982 2.019 2.057 2.130 2.246 2.373
0.026 0.034 0.044 0.059 0.082 0.116 0.176 0.280 0.465 0.791 1.341 2.209 3.418 5.034 6.719 7.899 8.656 9.015 9.330 9.292 8.695 7.203 4.886 2.844 1.971 1.821 1.777 1.877 2.185 2.712 3.168 3.425 3.525 3.557 3.578 3.567 3.439 3.119 2.661 2.321 2.146 2.042 1.947 1.832 1.660 1.403 1.089 0.842 0.682 0.589 0.537 0.509 0.501 0.609 0.821 1.128 1.429 1.658 1.826 1.908 1.911 1.854 1.718 1.514 1.418 1.416 1.450 1.570 1.800 2.007 2.127 2.211 2.298 2.408 2.520 2.623 2.671
0.038 0.049 0.063 0.084 0.116 0.169 0.261 0.423 0.707 1.192 1.969 2.974 4.182 5.698 6.928 7.740 8.229 8.614 8.516 7.825 6.279 4.048 2.515 2.138 1.904 1.794 1.780 1.923 2.266 2.803 3.243 3.446 3.514 3.531 3.524 3.482 3.313 2.979 2.525 2.237 2.110 2.023 1.939 1.825 1.641 1.371 1.054 0.815 0.665 0.583 0.540 0.513 0.506 0.627 0.856 1.194 1.511 1.739 1.895 1.967 1.963 1.909 1.755 1.562 1.502 1.507 1.577 1.755 2.022 2.251 2.400 2.492 2.583 2.716 2.800 2.835 2.821
0.055 0.070 0.089 0.118 0.164 0.245 0.388 0.639 1.077 1.784 2.659 3.556 4.640 5.917 6.766 7.227 7.692 7.660 7.133 5.817 3.839 2.822 2.347 2.042 1.848 1.761 1.790 1.974 2.340 2.858 3.253 3.451 3.505 3.516 3.507 3.415 3.186 2.809 2.371 2.142 2.051 1.990 1.917 1.810 1.621 1.343 1.025 0.795 0.651 0.573 0.534 0.514 0.507 0.642 0.883 1.245 1.596 1.828 1.966 2.017 1.996 1.937 1.761 1.615 1.597 1.626 1.754 2.018 2.307 2.508 2.674 2.798 2.863 2.925 2.955 2.918 2.870
0.076 0.097 0.123 0.163 0.231 0.353 0.568 0.937 1.545 2.352 3.099 3.870 4.813 5.800 6.311 6.723 6.784 6.525 5.664 4.243 3.227 2.601 2.210 1.936 1.778 1.726 1.789 1.995 2.398 2.897 3.239 3.413 3.487 3.503 3.483 3.384 3.114 2.669 2.255 2.063 1.982 1.933 1.876 1.777 1.600 1.321 0.997 0.779 0.644 0.572 0.531 0.511 0.517 0.661 0.917 1.295 1.670 1.917 2.043 2.077 2.043 1.958 1.772 1.696 1.708 1.791 1.996 2.325 2.601 2.760 2.880 2.996 3.053 3.048 3.012 2.968 2.879
0.101 0.129 0.166 0.226 0.328 0.508 0.813 1.299 1.980 2.687 3.295 3.927 4.769 5.462 5.905 6.088 6.037 5.694 4.931 3.804 2.972 2.461 2.105 1.861 1.740 1.711 1.792 2.003 2.413 2.914 3.248 3.418 3.488 3.499 3.489 3.353 3.022 2.533 2.189 2.024 1.951 1.909 1.861 1.761 1.571 1.287 0.961 0.751 0.633 0.568 0.530 0.510 0.524 0.681 0.959 1.355 1.738 2.006 2.144 2.170 2.109 1.999 1.817 1.791 1.830 1.967 2.240 2.595 2.838 2.969 3.040 3.101 3.134 3.101 3.054 2.951 2.735
