RESULTS/r.avaflow_results/23_results/23_ascii/23_hflow30020.asc
ncols 506
nrows 317
xllcenter 498237.50
yllcenter 5580050.00
cellsize 12.50
NODATA_value -9999.000
[rows 170 to 203 of 317, columns 154 to 230 of 506]
10.651 10.671 10.669 10.626 10.530 10.415 10.337 10.283 10.232 10.178 10.122 10.065 9.982 9.804 9.450 8.880 8.127 7.311 6.517 5.763 5.017 4.230 3.475 2.879 2.467 2.231 2.145 2.151 2.196 2.254 2.327 2.446 2.599 2.704 2.772 2.828 2.900 3.042 3.185 3.234 3.232 3.201 3.168 3.142 3.101 3.027 2.887 2.670 2.387 2.047 1.660 1.258 0.916 0.678 0.522 0.417 0.344 0.295 0.260 0.232 0.203 0.174 0.149 0.129 0.112 0.100 0.094 0.094 0.099 0.115 0.154 0.248 0.448 0.808 1.178 1.394 1.507
12.644 13.095 13.427 13.629 13.719 13.733 13.711 13.666 13.594 13.500 13.390 13.273 13.144 12.953 12.602 12.001 11.127 10.054 8.912 7.764 6.619 5.502 4.476 3.630 3.012 2.605 2.374 2.285 2.288 2.348 2.471 2.677 2.912 3.032 3.070 3.081 3.095 3.152 3.208 3.215 3.180 3.100 2.998 2.896 2.780 2.618 2.367 1.988 1.520 1.076 0.746 0.525 0.380 0.289 0.233 0.199 0.178 0.164 0.154 0.143 0.130 0.112 0.095 0.082 0.072 0.067 0.066 0.067 0.072 0.083 0.110 0.170 0.297 0.532 0.858 1.117 1.284
14.284 15.163 15.773 16.147 16.348 16.450 16.499 16.505 16.467 16.398 16.298 16.178 16.050 15.877 15.566 15.003 14.134 12.996 11.687 10.291 8.843 7.390 6.014 4.811 3.862 3.170 2.697 2.424 2.321 2.333 2.442 2.671 2.936 3.058 3.079 3.068 3.053 3.055 3.044 2.994 2.878 2.683 2.430 2.178 1.916 1.619 1.267 0.903 0.603 0.404 0.281 0.205 0.155 0.125 0.109 0.101 0.098 0.096 0.095 0.092 0.086 0.075 0.064 0.056 0.050 0.048 0.048 0.048 0.052 0.059 0.075 0.112 0.189 0.337 0.577 0.848 1.068
15.263 16.437 17.253 17.779 18.127 18.390 18.608 18.773 18.867 18.897 18.866 18.804 18.720 18.597 18.339 17.822 16.977 15.845 14.542 13.124 11.589 9.938 8.226 6.606 5.229 4.128 3.299 2.732 2.412 2.292 2.316 2.468 2.711 2.835 2.850 2.816 2.751 2.675 2.583 2.435 2.169 1.772 1.373 1.069 0.835 0.633 0.453 0.310 0.210 0.147 0.108 0.084 0.069 0.060 0.057 0.057 0.058 0.060 0.061 0.060 0.057 0.052 0.045 0.040 0.037 0.035 0.035 0.035 0.037 0.040 0.049 0.069 0.113 0.201 0.353 0.575 0.825
15.591 16.897 17.845 18.532 19.076 19.556 20.010 20.419 20.731 20.921 21.007 21.040 21.030 20.974 20.790 20.354 19.594 18.523 17.243 15.839 14.326 12.666 10.815 8.835 6.998 5.454 4.224 3.305 2.676 2.304 2.135 2.104 2.218 2.305 2.293 2.202 2.059 1.892 1.707 1.469 1.150 0.807 0.564 0.406 0.299 0.218 0.155 0.109 0.079 0.060 0.049 0.041 0.037 0.034 0.034 0.035 0.037 0.039 0.040 0.040 0.039 0.036 0.032 0.029 0.027 0.025 0.025 0.025 0.025 0.027 0.031 0.041 0.064 0.112 0.199 0.339 0.540
15.475 16.816 17.844 18.638 19.332 20.016 20.685 21.305 21.823 22.179 22.378 22.498 22.583 22.608 22.523 22.229 21.651 20.760 19.576 18.153 16.556 14.791 12.798 10.523 8.286 6.403 4.910 3.781 2.951 2.365 1.993 1.782 1.661 1.553 1.404 1.222 1.061 0.927 0.797 0.657 0.484 0.324 0.218 0.152 0.110 0.081 0.060 0.046 0.037 0.031 0.027 0.024 0.023 0.023 0.023 0.024 0.025 0.026 0.027 0.027 0.026 0.025 0.023 0.021 0.019 0.018 0.017 0.017 0.017 0.017 0.019 0.024 0.035 0.058 0.103 0.180 0.299
14.853 16.246 17.406 18.357 19.198 20.011 20.780 21.486 22.104 22.566 22.828 22.993 23.157 23.294 23.309 23.166 22.787 22.111 21.082 19.685 17.994 16.087 13.928 11.433 8.915 6.815 5.176 3.954 3.044 2.368 1.869 1.489 1.167 0.880 0.651 0.502 0.418 0.364 0.315 0.259 0.189 0.128 0.087 0.062 0.047 0.037 0.030 0.025 0.022 0.019 0.018 0.017 0.016 0.016 0.016 0.016 0.017 0.018 0.018 0.018 0.018 0.017 0.016 0.015 0.013 0.012 0.011 0.011 0.010 0.011 0.011 0.013 0.018 0.029 0.050 0.087 0.148
13.666 15.139 16.479 17.652 18.700 19.648 20.465 21.193 21.844 22.347 22.638 22.822 23.029 23.273 23.356 23.287 23.008 22.447 21.532 20.201 18.479 16.477 14.216 11.621 9.004 6.834 5.157 3.915 2.983 2.248 1.640 1.122 0.706 0.422 0.262 0.185 0.152 0.135 0.119 0.100 0.075 0.055 0.040 0.031 0.025 0.021 0.018 0.016 0.015 0.013 0.012 0.012 0.011 0.011 0.011 0.011 0.011 0.012 0.012 0.012 0.012 0.011 0.011 0.010 0.009 0.008 0.007 0.006 0.006 0.006 0.006 0.007 0.009 0.014 0.022 0.038 0.067
12.024 13.600 15.130 16.522 17.740 18.764 19.578 20.275 20.896 21.405 21.750 21.993 22.263 22.560 22.676 22.633 22.411 21.948 21.143 19.894 18.200 16.172 13.859 11.224 8.637 6.491 4.816 3.555 2.586 1.806 1.156 0.652 0.338 0.178 0.105 0.074 0.061 0.055 0.049 0.043 0.035 0.028 0.023 0.019 0.016 0.014 0.013 0.011 0.010 0.009 0.009 0.008 0.007 0.007 0.007 0.007 0.007 0.007 0.007 0.007 0.007 0.007 0.007 0.006 0.005 0.004 0.004 0.003 0.003 0.003 0.003 0.003 0.004 0.006 0.009 0.016 0.027
10.021 11.688 13.389 14.936 16.252 17.313 18.124 18.757 19.265 19.702 20.115 20.526 20.831 21.005 21.044 20.971 20.779 20.404 19.712 18.563 16.916 14.873 12.535 9.992 7.612 5.607 3.968 2.671 1.689 0.985 0.528 0.269 0.136 0.074 0.047 0.035 0.030 0.028 0.025 0.023 0.020 0.017 0.015 0.013 0.012 0.010 0.009 0.008 0.007 0.006 0.006 0.005 0.005 0.004 0.004 0.004 0.004 0.004 0.004 0.004 0.004 0.004 0.004 0.003 0.003 0.002 0.002 0.002 0.001 0.001 0.001 0.001 0.002 0.002 0.004 0.006 0.010
7.816 9.393 11.155 12.832 14.238 15.367 16.216 16.813 17.232 17.633 18.181 18.812 19.122 19.149 19.078 18.939 18.703 18.292 17.564 16.359 14.642 12.514 10.182 7.918 5.893 4.102 2.563 1.415 0.715 0.353 0.179 0.096 0.056 0.035 0.026 0.021 0.019 0.017 0.016 0.015 0.013 0.012 0.011 0.010 0.008 0.007 0.006 0.006 0.005 0.004 0.004 0.003 0.003 0.002 0.002 0.002 0.002 0.002 0.002 0.002 0.002 0.002 0.002 0.002 0.001 0.001 0.001 0.000 0.000 0.000 0.000 0.000 0.000 0.001 0.001 0.002 0.004
5.825 7.057 8.567 10.262 11.859 13.153 14.138 14.844 15.370 15.874 16.539 17.211 17.486 17.489 17.406 17.252 16.936 16.295 15.228 13.674 11.619 9.175 6.868 5.005 3.488 2.187 1.169 0.534 0.229 0.109 0.062 0.040 0.028 0.021 0.017 0.015 0.014 0.013 0.012 0.011 0.010 0.009 0.008 0.007 0.006 0.005 0.004 0.003 0.003 0.002 0.002 0.002 0.001 0.001 0.001 0.001 0.001 0.001 0.001 0.001 0.001 0.001 0.001 0.001 0.000 0.000 0.000 0.000 0.000 0.000 0.000 0.000 0.000 0.000 0.000 0.001 0.001
4.233 5.153 6.306 7.715 9.313 10.824 12.022 12.906 13.565 14.177 14.863 15.436 15.670 15.690 15.637 15.469 15.034 14.110 12.573 10.424 7.748 5.165 3.337 2.183 1.392 0.792 0.373 0.153 0.069 0.040 0.028 0.021 0.017 0.015 0.013 0.011 0.010 0.010 0.009 0.008 0.007 0.006 0.005 0.005 0.004 0.003 0.003 0.002 0.001 0.001 0.001 0.001 0.000 0.000 0.000 0.000 0.000 0.000 0.000 0.000 0.000 0.000 0.000 0.000 0.000 0.000 0.000 0.000 0.000 0.000 0.000 0.000 0.000 0.000 0.000 0.000 0.000
3.022 3.680 4.505 5.537 6.812 8.289 9.689 10.761 11.550 12.176 12.686 13.025 13.190 13.234 13.187 12.918 12.240 10.921 8.747 6.029 3.617 2.010 1.089 0.619 0.354 0.188 0.091 0.045 0.028 0.021 0.017 0.014 0.012 0.011 0.010 0.009 0.008 0.007 0.007 0.006 0.005 0.004 0.004 0.003 0.002 0.002 0.001 0.001 0.001 0.000 0.000 0.000 0.000 0.000 0.000 0.000 0.000 0.000 0.000 0.000 0.000 0.000 0.000 0.000 0.000 0.000 0.000 0.000 0.000 0.000 0.000 0.000 0.000 0.000 0.000 0.000 0.000
2.101 2.540 3.072 3.723 4.535 5.567 6.825 8.017 8.867 9.383 9.642 9.741 9.764 9.694 9.441 8.867 7.802 6.099 4.006 2.202 1.069 0.483 0.232 0.131 0.078 0.048 0.030 0.021 0.016 0.014 0.012 0.011 0.010 0.009 0.008 0.007 0.006 0.006 0.005 0.004 0.004 0.003 0.002 0.002 0.001 0.001 0.000 0.000 0.000 0.000 0.000 0.000 0.000 0.000 0.000 0.000 0.000 0.000 0.000 0.000 0.000 0.000 0.000 0.000 0.000 0.000 0.000 0.000 0.000 0.000 0.000 0.000 0.000 0.000 0.000 0.000 0.000
1.380 1.638 1.929 2.264 2.674 3.207 3.927 4.769 5.409 5.754 5.846 5.818 5.658 5.302 4.790 4.166 3.310 2.157 1.108 0.477 0.194 0.092 0.054 0.037 0.027 0.020 0.016 0.013 0.012 0.010 0.009 0.008 0.007 0.007 0.006 0.005 0.005 0.004 0.004 0.003 0.002 0.002 0.001 0.001 0.000 0.000 0.000 0.000 0.000 0.000 0.000 0.000 0.000 0.000 0.000 0.000 0.000 0.000 0.000 0.000 0.000 0.000 0.000 0.000 0.000 0.000 0.000 0.000 0.000 0.000 0.000 0.000 0.000 0.000 0.000 0.000 0.000
0.805 0.920 1.046 1.184 1.344 1.557 1.867 2.286 2.609 2.769 2.801 2.752 2.542 2.122 1.671 1.293 0.895 0.460 0.193 0.081 0.043 0.028 0.022 0.018 0.015 0.013 0.011 0.010 0.009 0.008 0.007 0.006 0.005 0.005 0.004 0.004 0.003 0.003 0.003 0.002 0.002 0.001 0.001 0.000 0.000 0.000 0.000 0.000 0.000 0.000 0.000 0.000 0.000 0.000 0.000 0.000 0.000 0.000 0.000 0.000 0.000 0.000 0.000 0.000 0.000 0.000 0.000 0.000 0.000 0.000 0.000 0.000 0.000 0.000 0.000 0.000 0.000
0.378 0.414 0.456 0.500 0.543 0.594 0.678 0.813 0.920 0.963 0.962 0.918 0.785 0.557 0.378 0.266 0.163 0.081 0.039 0.024 0.018 0.015 0.013 0.012 0.010 0.009 0.008 0.007 0.006 0.006 0.005 0.004 0.004 0.003 0.003 0.003 0.002 0.002 0.002 0.002 0.001 0.001 0.000 0.000 0.000 0.000 0.000 0.000 0.000 0.000 0.000 0.000 0.000 0.000 0.000 0.000 0.000 0.000 0.000 0.000 0.000 0.000 0.000 0.000 0.000 0.000 0.000 0.000 0.000 0.000 0.000 0.000 0.000 0.000 0.000 0.000 0.000
0.125 0.133 0.144 0.155 0.162 0.168 0.179 0.203 0.221 0.223 0.220 0.205 0.169 0.111 0.076 0.054 0.035 0.022 0.016 0.013 0.011 0.010 0.009 0.008 0.007 0.007 0.006 0.005 0.004 0.004 0.003 0.003 0.003 0.002 0.002 0.002 0.002 0.002 0.001 0.001 0.001 0.001 0.000 0.000 0.000 0.000 0.000 0.000 0.000 0.000 0.000 0.000 0.000 0.000 0.000 0.000 0.000 0.000 0.000 0.000 0.000 0.000 0.000 0.000 0.000 0.000 0.000 0.000 0.000 0.000 0.000 0.000 0.000 0.000 0.000 0.000 0.000
0.024 0.027 0.030 0.034 0.036 0.038 0.040 0.044 0.046 0.047 0.046 0.044 0.038 0.027 0.021 0.017 0.013 0.011 0.009 0.008 0.007 0.007 0.006 0.006 0.005 0.005 0.004 0.003 0.003 0.003 0.002 0.002 0.002 0.002 0.002 0.001 0.001 0.001 0.001 0.001 0.001 0.000 0.000 0.000 0.000 0.000 0.000 0.000 0.000 0.000 0.000 0.000 0.000 0.000 0.000 0.000 0.000 0.000 0.000 0.000 0.000 0.000 0.000 0.000 0.000 0.000 0.000 0.000 0.000 0.000 0.000 0.000 0.000 0.000 0.000 0.000 0.000
0.003 0.004 0.004 0.005 0.006 0.007 0.008 0.010 0.010 0.011 0.012 0.012 0.012 0.010 0.009 0.008 0.007 0.006 0.006 0.005 0.005 0.004 0.004 0.004 0.003 0.003 0.003 0.002 0.002 0.002 0.002 0.001 0.001 0.001 0.001 0.001 0.001 0.001 0.001 0.001 0.001 0.000 0.000 0.000 0.000 0.000 0.000 0.000 0.000 0.000 0.000 0.000 0.000 0.000 0.000 0.000 0.000 0.000 0.000 0.000 0.000 0.000 0.000 0.000 0.000 0.000 0.000 0.000 0.000 0.000 0.000 0.000 0.000 0.000 0.000 0.000 0.000
0.001 0.001 0.001 0.001 0.001 0.001 0.002 0.002 0.003 0.004 0.004 0.004 0.005 0.005 0.004 0.004 0.004 0.004 0.003 0.003 0.003 0.003 0.003 0.002 0.002 0.002 0.002 0.001 0.001 0.001 0.001 0.001 0.001 0.001 0.001 0.001 0.001 0.001 0.001 0.001 0.001 0.000 0.000 0.000 0.000 0.000 0.000 0.000 0.000 0.000 0.000 0.000 0.000 0.000 0.000 0.000 0.000 0.000 0.000 0.000 0.000 0.000 0.000 0.000 0.000 0.000 0.000 0.000 0.000 0.000 0.000 0.000 0.000 0.000 0.000 0.000 0.000
0.001 0.001 0.001 0.001 0.001 0.001 0.001 0.001 0.001 0.001 0.002 0.002 0.002 0.002 0.002 0.002 0.002 0.002 0.002 0.002 0.002 0.002 0.002 0.002 0.001 0.001 0.001 0.001 0.001 0.001 0.001 0.001 0.001 0.001 0.001 0.001 0.001 0.001 0.001 0.001 0.001 0.000 0.000 0.000 0.000 0.000 0.000 0.000 0.000 0.000 0.000 0.000 0.000 0.000 0.000 0.000 0.000 0.000 0.000 0.000 0.000 0.000 0.000 0.000 0.000 0.000 0.000 0.000 0.000 0.000 0.000 0.000 0.000 0.000 0.000 0.000 0.000
0.001 0.001 0.001 0.001 0.001 0.001 0.001 0.001 0.001 0.001 0.001 0.001 0.001 0.002 0.002 0.001 0.001 0.001 0.001 0.001 0.001 0.001 0.001 0.001 0.001 0.001 0.001 0.001 0.001 0.001 0.001 0.001 0.001 0.001 0.001 0.001 0.001 0.001 0.001 0.001 0.000 0.000 0.000 0.000 0.000 0.000 0.000 0.000 0.000 0.000 0.000 0.000 0.000 0.000 0.000 0.000 0.000 0.000 0.000 0.000 0.000 0.000 0.000 0.000 0.000 0.000 0.000 0.000 0.000 0.000 0.000 0.000 0.000 0.000 0.000 0.000 0.000
0.001 0.001 0.001 0.001 0.001 0.001 0.001 0.001 0.001 0.001 0.001 0.001 0.001 0.001 0.001 0.001 0.001 0.001 0.001 0.001 0.001 0.001 0.001 0.001 0.001 0.001 0.001 0.001 0.002 0.002 0.002 0.002 0.002 0.002 0.002 0.002 0.002 0.002 0.001 0.001 0.000 0.000 0.000 0.000 0.000 0.000 0.000 0.000 0.000 0.000 0.000 0.000 0.000 0.000 0.000 0.000 0.000 0.000 0.000 0.000 0.000 0.000 0.000 0.000 0.000 0.000 0.000 0.000 0.000 0.000 0.000 0.000 0.000 0.000 0.000 0.000 0.000
0.000 0.000 0.000 0.000 0.000 0.000 0.000 0.001 0.001 0.001 0.001 0.001 0.001 0.001 0.001 0.001 0.001 0.001 0.001 0.001 0.001 0.001 0.001 0.001 0.001 0.002 0.002 0.003 0.003 0.003 0.003 0.003 0.003 0.003 0.003 0.002 0.002 0.001 0.001 0.001 0.000 0.000 0.000 0.000 0.000 0.000 0.000 0.000 0.000 0.000 0.000 0.000 0.000 0.000 0.000 0.000 0.000 0.000 0.000 0.000 0.000 0.000 0.000 0.000 0.000 0.000 0.000 0.000 0.000 0.000 0.000 0.000 0.000 0.000 0.000 0.000 0.000
0.000 0.000 0.000 0.000 0.000 0.000 0.000 0.000 0.000 0.000 0.001 0.001 0.001 0.001 0.001 0.001 0.001 0.001 0.001 0.001 0.001 0.001 0.001 0.002 0.002 0.003 0.004 0.004 0.004 0.004 0.004 0.004 0.003 0.003 0.003 0.002 0.002 0.001 0.001 0.000 0.000 0.000 0.000 0.000 0.000 0.000 0.000 0.000 0.000 0.000 0.000 0.000 0.000 0.000 0.000 0.000 0.000 0.000 0.000 0.000 0.000 0.000 0.000 0.000 0.000 0.000 0.000 0.000 0.000 0.000 0.000 0.000 0.000 0.000 0.000 0.000 0.000
0.000 0.000 0.000 0.000 0.000 0.000 0.000 0.000 0.000 0.000 0.000 0.000 0.001 0.001 0.001 0.001 0.001 0.001 0.001 0.001 0.001 0.002 0.002 0.003 0.004 0.004 0.005 0.005 0.005 0.005 0.004 0.004 0.003 0.003 0.002 0.002 0.001 0.001 0.001 0.000 0.000 0.000 0.000 0.000 0.000 0.000 0.000 0.000 0.000 0.000 0.000 0.000 0.000 0.000 0.000 0.000 0.000 0.000 0.000 0.000 0.000 0.000 0.000 0.000 0.000 0.000 0.000 0.000 0.000 0.000 0.000 0.000 0.000 0.000 0.000 0.000 0.000
0.000 0.000 0.000 0.000 0.000 0.000 0.000 0.000 0.000 0.000 0.000 0.000 0.000 0.000 0.001 0.001 0.001 0.001 0.001 0.001 0.002 0.002 0.003 0.003 0.004 0.005 0.005 0.005 0.005 0.004 0.004 0.004 0.003 0.002 0.002 0.001 0.001 0.001 0.000 0.000 0.000 0.000 0.000 0.000 0.000 0.000 0.000 0.000 0.000 0.000 0.000 0.000 0.000 0.000 0.000 0.000 0.000 0.000 0.000 0.000 0.000 0.000 0.000 0.000 0.000 0.000 0.000 0.000 0.000 0.000 0.000 0.000 0.000 0.000 0.000 0.000 0.000
0.000 0.000 0.000 0.000 0.000 0.000 0.000 0.000 0.000 0.000 0.000 0.000 0.000 0.000 0.000 0.000 0.001 0.001 0.001 0.001 0.002 0.002 0.003 0.004 0.004 0.005 0.005 0.005 0.004 0.004 0.004 0.003 0.002 0.002 0.001 0.001 0.001 0.000 0.000 0.000 0.000 0.000 0.000 0.000 0.000 0.000 0.000 0.000 0.000 0.000 0.000 0.000 0.000 0.000 0.000 0.000 0.000 0.000 0.000 0.000 0.000 0.000 0.000 0.000 0.000 0.000 0.000 0.000 0.000 0.000 0.000 0.000 0.000 0.000 0.000 0.000 0.000
0.000 0.000 0.000 0.000 0.000 0.000 0.000 0.000 0.000 0.000 0.000 0.000 0.000 0.000 0.000 0.000 0.000 0.001 0.001 0.001 0.002 0.002 0.003 0.003 0.004 0.004 0.004 0.004 0.004 0.003 0.003 0.002 0.002 0.001 0.001 0.001 0.000 0.000 0.000 0.000 0.000 0.000 0.000 0.000 0.000 0.000 0.000 0.000 0.000 0.000 0.000 0.000 0.000 0.000 0.000 0.000 0.000 0.000 0.000 0.000 0.000 0.000 0.000 0.000 0.000 0.000 0.000 0.000 0.000 0.000 0.000 0.000 0.000 0.000 0.000 0.000 0.000
0.000 0.000 0.000 0.000 0.000 0.000 0.000 0.000 0.000 0.000 0.000 0.000 0.000 0.000 0.000 0.000 0.000 0.000 0.001 0.001 0.001 0.002 0.002 0.003 0.003 0.003 0.003 0.003 0.003 0.002 0.002 0.001 0.001 0.001 0.001 0.000 0.000 0.000 0.000 0.000 0.000 0.000 0.000 0.000 0.000 0.000 0.000 0.000 0.000 0.000 0.000 0.000 0.000 0.000 0.000 0.000 0.000 0.000 0.000 0.000 0.000 0.000 0.000 0.000 0.000 0.000 0.000 0.000 0.000 0.000 0.000 0.000 0.000 0.000 0.000 0.000 0.000
0.000 0.000 0.000 0.000 0.000 0.000 0.000 0.000 0.000 0.000 0.000 0.000 0.000 0.000 0.000 0.000 0.000 0.000 0.000 0.001 0.001 0.001 0.002 0.002 0.002 0.002 0.002 0.002 0.002 0.001 0.001 0.001 0.001 0.001 0.000 0.000 0.000 0.000 0.000 0.000 0.000 0.000 0.000 0.000 0.000 0.000 0.000 0.000 0.000 0.000 0.000 0.000 0.000 0.000 0.000 0.000 0.000 0.000 0.000 0.000 0.000 0.000 0.000 0.000 0.000 0.000 0.000 0.000 0.000 0.000 0.000 0.000 0.000 0.000 0.000 0.000 0.000
0.000 0.000 0.000 0.000 0.000 0.000 0.000 0.000 0.000 0.000 0.000 0.000 0.000 0.000 0.000 0.000 0.000 0.000 0.000 0.000 0.001 0.001 0.001 0.001 0.001 0.001 0.001 0.001 0.001 0.001 0.001 0.001 0.000 0.000 0.000 0.000 0.000 0.000 0.000 0.000 0.000 0.000 0.000 0.000 0.000 0.000 0.000 0.000 0.000 0.000 0.000 0.000 0.000 0.000 0.000 0.000 0.000 0.000 0.000 0.000 0.000 0.000 0.000 0.000 0.000 0.000 0.000 0.000 0.000 0.000 0.000 0.000 0.000 0.000 0.000 0.000 0.000
