RESULTS/r.avaflow_results/23_results/23_ascii/23_hflow10045.asc
ncols 506
nrows 317
xllcenter 498237.50
yllcenter 5580050.00
cellsize 12.50
NODATA_value -9999.000
[rows 170 to 203 of 317, columns 154 to 230 of 506]
3.566 3.223 2.907 2.618 2.356 2.119 1.905 1.711 1.531 1.364 1.210 1.067 0.936 0.816 0.707 0.607 0.516 0.434 0.360 0.295 0.239 0.190 0.149 0.116 0.089 0.069 0.055 0.046 0.042 0.039 0.038 0.037 0.035 0.034 0.033 0.032 0.031 0.031 0.030 0.029 0.027 0.025 0.023 0.021 0.019 0.017 0.015 0.012 0.011 0.009 0.007 0.006 0.005 0.004 0.003 0.003 0.003 0.003 0.003 0.003 0.003 0.003 0.003 0.003 0.003 0.003 0.003 0.004 0.005 0.007 0.009 0.010 0.010 0.010 0.009 0.007 0.005
3.892 3.579 3.285 3.008 2.750 2.508 2.281 2.068 1.866 1.673 1.490 1.320 1.166 1.025 0.896 0.776 0.664 0.559 0.465 0.380 0.307 0.245 0.192 0.149 0.115 0.088 0.068 0.056 0.049 0.045 0.043 0.041 0.039 0.037 0.035 0.034 0.033 0.031 0.030 0.029 0.027 0.024 0.022 0.020 0.018 0.015 0.012 0.009 0.007 0.005 0.004 0.003 0.003 0.002 0.002 0.002 0.002 0.002 0.002 0.002 0.002 0.002 0.002 0.002 0.002 0.002 0.002 0.003 0.003 0.005 0.007 0.009 0.009 0.009 0.009 0.008 0.007
4.156 3.875 3.602 3.336 3.082 2.838 2.606 2.385 2.172 1.966 1.767 1.578 1.401 1.238 1.086 0.945 0.813 0.691 0.579 0.477 0.388 0.311 0.245 0.190 0.146 0.111 0.084 0.066 0.055 0.049 0.046 0.043 0.040 0.038 0.036 0.034 0.032 0.031 0.029 0.027 0.024 0.022 0.019 0.016 0.014 0.011 0.007 0.005 0.004 0.003 0.002 0.002 0.002 0.002 0.002 0.002 0.002 0.002 0.002 0.002 0.002 0.002 0.002 0.002 0.002 0.002 0.002 0.002 0.002 0.003 0.005 0.007 0.008 0.009 0.009 0.009 0.008
4.353 4.097 3.845 3.593 3.347 3.112 2.885 2.663 2.448 2.237 2.031 1.830 1.634 1.448 1.273 1.108 0.955 0.814 0.687 0.572 0.470 0.380 0.302 0.236 0.182 0.138 0.103 0.078 0.061 0.051 0.046 0.043 0.040 0.037 0.035 0.033 0.030 0.028 0.026 0.023 0.019 0.016 0.013 0.010 0.008 0.005 0.004 0.003 0.002 0.002 0.001 0.001 0.001 0.001 0.001 0.001 0.001 0.001 0.001 0.001 0.001 0.001 0.001 0.001 0.001 0.001 0.001 0.001 0.002 0.002 0.004 0.005 0.007 0.009 0.009 0.009 0.008
4.475 4.245 4.014 3.784 3.558 3.338 3.122 2.908 2.697 2.488 2.280 2.072 1.864 1.656 1.453 1.263 1.086 0.926 0.782 0.653 0.538 0.437 0.349 0.274 0.210 0.159 0.118 0.088 0.066 0.053 0.045 0.041 0.038 0.035 0.032 0.029 0.026 0.023 0.020 0.016 0.012 0.009 0.007 0.005 0.004 0.003 0.002 0.002 0.001 0.001 0.001 0.001 0.001 0.001 0.001 0.001 0.001 0.001 0.001 0.001 0.001 0.001 0.001 0.001 0.001 0.001 0.001 0.001 0.001 0.002 0.003 0.004 0.006 0.008 0.008 0.009 0.008
4.542 4.337 4.133 3.929 3.726 3.525 3.326 3.127 2.926 2.723 2.518 2.307 2.088 1.860 1.625 1.404 1.203 1.022 0.860 0.717 0.590 0.480 0.383 0.300 0.230 0.174 0.129 0.095 0.070 0.054 0.044 0.038 0.033 0.029 0.025 0.022 0.018 0.015 0.012 0.009 0.006 0.005 0.003 0.003 0.002 0.002 0.001 0.001 0.001 0.001 0.001 0.001 0.001 0.001 0.001 0.001 0.001 0.001 0.001 0.001 0.001 0.001 0.001 0.001 0.001 0.001 0.001 0.001 0.001 0.001 0.002 0.003 0.004 0.007 0.008 0.008 0.008
4.572 4.390 4.212 4.037 3.859 3.681 3.503 3.321 3.135 2.943 2.744 2.529 2.299 2.048 1.779 1.526 1.298 1.096 0.918 0.762 0.626 0.507 0.405 0.317 0.243 0.182 0.134 0.098 0.072 0.054 0.042 0.034 0.027 0.021 0.016 0.013 0.010 0.008 0.006 0.004 0.003 0.002 0.002 0.002 0.001 0.001 0.001 0.001 0.001 0.001 0.001 0.001 0.001 0.001 0.001 0.001 0.001 0.001 0.001 0.001 0.001 0.001 0.001 0.001 0.001 0.001 0.001 0.001 0.001 0.001 0.001 0.002 0.003 0.005 0.007 0.008 0.008
4.579 4.414 4.259 4.112 3.962 3.810 3.654 3.493 3.325 3.145 2.950 2.730 2.486 2.209 1.906 1.620 1.367 1.145 0.953 0.787 0.645 0.522 0.416 0.325 0.248 0.185 0.135 0.099 0.072 0.053 0.039 0.028 0.019 0.013 0.009 0.006 0.005 0.004 0.003 0.002 0.002 0.002 0.001 0.001 0.001 0.001 0.001 0.001 0.001 0.001 0.001 0.001 0.001 0.001 0.001 0.001 0.001 0.001 0.001 0.001 0.001 0.001 0.001 0.001 0.001 0.001 0.001 0.001 0.001 0.001 0.001 0.002 0.002 0.004 0.005 0.006 0.007
4.573 4.421 4.282 4.158 4.034 3.910 3.778 3.640 3.490 3.323 3.130 2.902 2.638 2.335 1.997 1.682 1.407 1.170 0.968 0.797 0.651 0.527 0.419 0.326 0.247 0.183 0.133 0.095 0.068 0.047 0.032 0.020 0.012 0.007 0.005 0.003 0.003 0.002 0.002 0.001 0.001 0.001 0.001 0.001 0.001 0.001 0.001 0.001 0.001 0.001 0.001 0.001 0.001 0.001 0.001 0.001 0.001 0.001 0.001 0.001 0.001 0.001 0.001 0.001 0.001 0.001 0.001 0.001 0.001 0.001 0.001 0.001 0.002 0.003 0.004 0.005 0.006
4.553 4.412 4.287 4.181 4.078 3.979 3.871 3.757 3.623 3.466 3.272 3.035 2.753 2.420 2.052 1.716 1.427 1.179 0.971 0.796 0.649 0.523 0.413 0.318 0.237 0.172 0.120 0.082 0.055 0.035 0.021 0.012 0.007 0.004 0.003 0.002 0.002 0.001 0.001 0.001 0.001 0.001 0.001 0.001 0.001 0.001 0.001 0.001 0.001 0.001 0.001 0.001 0.001 0.001 0.001 0.001 0.001 0.001 0.001 0.001 0.001 0.000 0.000 0.000 0.000 0.000 0.000 0.001 0.001 0.001 0.001 0.001 0.001 0.002 0.003 0.004 0.005
4.513 4.388 4.279 4.185 4.101 4.020 3.935 3.839 3.718 3.566 3.370 3.124 2.825 2.470 2.081 1.733 1.434 1.180 0.967 0.786 0.633 0.501 0.388 0.291 0.210 0.144 0.094 0.057 0.033 0.018 0.010 0.006 0.004 0.002 0.002 0.001 0.001 0.001 0.001 0.001 0.001 0.001 0.001 0.001 0.001 0.001 0.001 0.001 0.001 0.002 0.002 0.002 0.002 0.002 0.002 0.002 0.001 0.001 0.001 0.001 0.001 0.000 0.000 0.000 0.000 0.000 0.000 0.000 0.001 0.001 0.001 0.001 0.001 0.002 0.002 0.003 0.004
4.447 4.342 4.250 4.174 4.107 4.043 3.976 3.895 3.782 3.630 3.429 3.175 2.861 2.490 2.092 1.739 1.435 1.175 0.952 0.759 0.592 0.449 0.329 0.232 0.155 0.096 0.053 0.027 0.014 0.008 0.005 0.003 0.002 0.002 0.001 0.001 0.001 0.001 0.001 0.001 0.001 0.001 0.001 0.001 0.001 0.001 0.001 0.001 0.002 0.002 0.002 0.002 0.002 0.002 0.002 0.002 0.002 0.001 0.001 0.001 0.001 0.000 0.000 0.000 0.000 0.000 0.000 0.000 0.000 0.001 0.001 0.001 0.001 0.001 0.002 0.002 0.003
4.347 4.265 4.198 4.146 4.098 4.051 4.001 3.930 3.820 3.662 3.454 3.194 2.872 2.494 2.094 1.739 1.429 1.155 0.911 0.695 0.505 0.344 0.220 0.133 0.077 0.043 0.022 0.011 0.006 0.004 0.003 0.002 0.002 0.001 0.001 0.001 0.001 0.001 0.001 0.001 0.001 0.001 0.001 0.001 0.001 0.001 0.002 0.002 0.002 0.003 0.003 0.003 0.003 0.003 0.003 0.003 0.002 0.002 0.001 0.001 0.001 0.000 0.000 0.000 0.000 0.000 0.000 0.000 0.000 0.001 0.001 0.001 0.001 0.001 0.002 0.002 0.003
4.214 4.157 4.116 4.089 4.070 4.047 4.011 3.943 3.832 3.671 3.457 3.186 2.856 2.470 2.069 1.705 1.375 1.069 0.788 0.539 0.333 0.184 0.096 0.051 0.027 0.015 0.008 0.004 0.003 0.002 0.002 0.002 0.001 0.001 0.001 0.001 0.001 0.001 0.001 0.001 0.001 0.001 0.001 0.001 0.002 0.002 0.002 0.003 0.003 0.004 0.005 0.005 0.005 0.005 0.005 0.004 0.003 0.002 0.001 0.001 0.001 0.001 0.000 0.000 0.000 0.000 0.000 0.000 0.000 0.000 0.001 0.001 0.001 0.001 0.001 0.002 0.002
4.044 4.014 3.998 3.991 3.986 3.973 3.940 3.872 3.766 3.601 3.370 3.071 2.714 2.309 1.899 1.516 1.153 0.810 0.509 0.279 0.137 0.065 0.031 0.016 0.009 0.005 0.003 0.002 0.002 0.002 0.002 0.002 0.001 0.001 0.001 0.001 0.001 0.001 0.001 0.001 0.002 0.002 0.002 0.002 0.002 0.003 0.003 0.004 0.005 0.006 0.007 0.007 0.008 0.007 0.007 0.005 0.004 0.003 0.002 0.001 0.001 0.001 0.000 0.000 0.000 0.000 0.000 0.000 0.000 0.000 0.001 0.001 0.001 0.001 0.001 0.002 0.002
3.832 3.824 3.808 3.773 3.715 3.653 3.586 3.499 3.390 3.229 2.992 2.668 2.268 1.823 1.406 1.023 0.677 0.393 0.199 0.091 0.040 0.019 0.010 0.006 0.004 0.003 0.002 0.002 0.002 0.002 0.002 0.002 0.002 0.002 0.002 0.002 0.002 0.002 0.002 0.002 0.002 0.002 0.002 0.003 0.003 0.004 0.005 0.006 0.009 0.011 0.012 0.012 0.012 0.012 0.010 0.007 0.005 0.003 0.002 0.002 0.001 0.001 0.000 0.000 0.000 0.000 0.000 0.000 0.000 0.000 0.000 0.001 0.001 0.001 0.001 0.002 0.002
3.528 3.484 3.394 3.247 3.052 2.878 2.732 2.595 2.460 2.302 2.081 1.772 1.373 0.964 0.649 0.417 0.242 0.124 0.056 0.025 0.013 0.007 0.004 0.003 0.003 0.002 0.002 0.002 0.002 0.002 0.002 0.002 0.002 0.002 0.002 0.002 0.002 0.003 0.003 0.003 0.003 0.003 0.004 0.005 0.005 0.007 0.009 0.012 0.016 0.019 0.021 0.021 0.020 0.018 0.013 0.009 0.006 0.004 0.003 0.002 0.001 0.001 0.000 0.000 0.000 0.000 0.000 0.000 0.000 0.000 0.000 0.001 0.001 0.001 0.001 0.002 0.002
2.983 2.818 2.585 2.285 1.958 1.682 1.476 1.323 1.194 1.070 0.926 0.745 0.525 0.334 0.204 0.121 0.067 0.034 0.017 0.009 0.005 0.004 0.003 0.003 0.002 0.002 0.002 0.002 0.002 0.002 0.002 0.003 0.003 0.003 0.003 0.003 0.004 0.004 0.004 0.005 0.006 0.006 0.007 0.009 0.010 0.013 0.018 0.024 0.031 0.035 0.036 0.035 0.030 0.022 0.016 0.011 0.007 0.005 0.003 0.002 0.001 0.001 0.000 0.000 0.000 0.000 0.000 0.000 0.000 0.000 0.000 0.000 0.001 0.001 0.001 0.002 0.002
2.102 1.830 1.543 1.265 1.013 0.806 0.650 0.535 0.448 0.374 0.304 0.230 0.153 0.095 0.058 0.035 0.020 0.012 0.007 0.004 0.003 0.003 0.003 0.003 0.002 0.002 0.003 0.003 0.003 0.003 0.004 0.004 0.004 0.005 0.006 0.006 0.007 0.008 0.009 0.010 0.012 0.014 0.016 0.019 0.023 0.030 0.039 0.050 0.058 0.061 0.058 0.047 0.035 0.024 0.017 0.011 0.007 0.005 0.003 0.002 0.001 0.001 0.000 0.000 0.000 0.000 0.000 0.000 0.000 0.000 0.000 0.000 0.001 0.001 0.001 0.001 0.002
1.176 0.977 0.788 0.618 0.471 0.353 0.265 0.202 0.157 0.124 0.095 0.069 0.046 0.030 0.019 0.012 0.008 0.006 0.004 0.003 0.003 0.003 0.003 0.003 0.003 0.003 0.004 0.004 0.005 0.006 0.007 0.008 0.009 0.010 0.012 0.013 0.015 0.018 0.021 0.025 0.029 0.034 0.040 0.046 0.055 0.068 0.084 0.095 0.099 0.091 0.072 0.053 0.037 0.025 0.017 0.011 0.008 0.005 0.003 0.002 0.001 0.001 0.000 0.000 0.000 0.000 0.000 0.000 0.000 0.000 0.000 0.000 0.001 0.001 0.001 0.001 0.002
0.560 0.448 0.352 0.269 0.199 0.143 0.103 0.075 0.057 0.044 0.033 0.025 0.018 0.012 0.009 0.006 0.005 0.004 0.004 0.003 0.003 0.003 0.003 0.004 0.004 0.005 0.007 0.008 0.010 0.012 0.014 0.017 0.021 0.024 0.028 0.033 0.038 0.045 0.054 0.063 0.074 0.085 0.096 0.108 0.121 0.136 0.147 0.146 0.132 0.105 0.076 0.054 0.037 0.026 0.017 0.012 0.008 0.005 0.003 0.002 0.001 0.001 0.000 0.000 0.000 0.000 0.000 0.000 0.000 0.000 0.000 0.000 0.000 0.001 0.001 0.001 0.002
0.232 0.184 0.144 0.109 0.080 0.057 0.041 0.031 0.024 0.019 0.016 0.013 0.010 0.008 0.006 0.005 0.004 0.004 0.004 0.004 0.004 0.004 0.005 0.006 0.008 0.011 0.014 0.018 0.023 0.029 0.036 0.044 0.053 0.063 0.072 0.084 0.100 0.119 0.138 0.155 0.172 0.186 0.196 0.201 0.202 0.200 0.193 0.175 0.144 0.107 0.076 0.054 0.037 0.026 0.017 0.011 0.007 0.005 0.003 0.002 0.001 0.001 0.000 0.000 0.000 0.000 0.000 0.000 0.000 0.000 0.000 0.000 0.000 0.001 0.001 0.001 0.002
0.092 0.074 0.059 0.046 0.035 0.027 0.021 0.017 0.015 0.013 0.011 0.010 0.008 0.007 0.006 0.005 0.004 0.004 0.004 0.004 0.005 0.007 0.009 0.013 0.018 0.026 0.035 0.047 0.061 0.077 0.095 0.117 0.139 0.161 0.184 0.210 0.241 0.271 0.294 0.306 0.304 0.293 0.279 0.265 0.249 0.232 0.212 0.183 0.144 0.106 0.076 0.053 0.037 0.025 0.017 0.011 0.007 0.005 0.003 0.002 0.001 0.000 0.000 0.000 0.000 0.000 0.000 0.000 0.000 0.000 0.000 0.000 0.000 0.000 0.001 0.001 0.001
0.038 0.032 0.028 0.024 0.021 0.018 0.016 0.014 0.013 0.012 0.011 0.009 0.008 0.007 0.006 0.005 0.005 0.005 0.005 0.007 0.009 0.014 0.021 0.031 0.047 0.067 0.095 0.128 0.165 0.204 0.248 0.294 0.336 0.374 0.410 0.443 0.468 0.473 0.455 0.423 0.383 0.345 0.315 0.288 0.264 0.240 0.215 0.182 0.142 0.104 0.074 0.052 0.036 0.024 0.016 0.011 0.007 0.004 0.002 0.001 0.001 0.000 0.000 0.000 0.000 0.000 0.000 0.000 0.000 0.000 0.000 0.000 0.000 0.000 0.000 0.001 0.001
0.018 0.017 0.017 0.018 0.017 0.016 0.015 0.014 0.013 0.012 0.011 0.010 0.008 0.007 0.007 0.006 0.006 0.007 0.009 0.013 0.021 0.033 0.053 0.083 0.126 0.184 0.257 0.336 0.413 0.488 0.561 0.626 0.676 0.705 0.711 0.693 0.656 0.601 0.535 0.468 0.407 0.357 0.320 0.291 0.264 0.238 0.210 0.176 0.136 0.100 0.071 0.049 0.034 0.023 0.015 0.010 0.006 0.004 0.002 0.001 0.000 0.000 0.000 0.000 0.000 0.000 0.000 0.000 0.000 0.000 0.000 0.000 0.000 0.000 0.000 0.000 0.001
0.012 0.013 0.015 0.017 0.018 0.018 0.018 0.017 0.016 0.015 0.014 0.012 0.011 0.010 0.009 0.009 0.010 0.013 0.019 0.031 0.052 0.088 0.144 0.225 0.333 0.468 0.616 0.752 0.862 0.943 0.994 1.015 1.003 0.966 0.907 0.830 0.739 0.643 0.553 0.474 0.408 0.355 0.315 0.282 0.251 0.220 0.188 0.154 0.117 0.086 0.061 0.043 0.030 0.020 0.013 0.009 0.005 0.003 0.001 0.000 0.000 0.000 0.000 0.000 0.000 0.000 0.000 0.000 0.000 0.000 0.000 0.000 0.000 0.000 0.000 0.000 0.000
0.010 0.012 0.015 0.019 0.022 0.024 0.025 0.025 0.024 0.022 0.020 0.018 0.016 0.015 0.015 0.016 0.020 0.029 0.047 0.081 0.140 0.234 0.370 0.547 0.756 0.969 1.146 1.260 1.312 1.324 1.298 1.245 1.169 1.077 0.976 0.867 0.752 0.646 0.552 0.471 0.403 0.346 0.297 0.255 0.215 0.178 0.142 0.109 0.081 0.060 0.044 0.031 0.022 0.016 0.010 0.007 0.004 0.002 0.001 0.000 0.000 0.000 0.000 0.000 0.000 0.000 0.000 0.000 0.000 0.000 0.000 0.000 0.000 0.000 0.000 0.000 0.000
0.009 0.013 0.018 0.026 0.033 0.037 0.039 0.039 0.038 0.036 0.033 0.030 0.028 0.027 0.028 0.033 0.045 0.072 0.124 0.214 0.355 0.555 0.802 1.060 1.282 1.439 1.531 1.566 1.556 1.513 1.436 1.333 1.215 1.097 0.982 0.866 0.749 0.641 0.544 0.460 0.385 0.317 0.256 0.201 0.154 0.114 0.084 0.062 0.046 0.035 0.027 0.020 0.015 0.011 0.007 0.004 0.003 0.001 0.000 0.000 0.000 0.000 0.000 0.000 0.000 0.000 0.000 0.000 0.000 0.000 0.000 0.000 0.000 0.000 0.000 0.000 0.000
0.010 0.016 0.025 0.038 0.050 0.057 0.061 0.063 0.063 0.062 0.059 0.055 0.053 0.053 0.057 0.073 0.110 0.180 0.301 0.491 0.749 1.022 1.268 1.462 1.601 1.678 1.700 1.688 1.649 1.582 1.485 1.359 1.221 1.096 0.979 0.862 0.742 0.628 0.521 0.424 0.335 0.254 0.185 0.129 0.090 0.063 0.046 0.034 0.027 0.022 0.017 0.013 0.010 0.007 0.005 0.003 0.001 0.001 0.000 0.000 0.000 0.000 0.000 0.000 0.000 0.000 0.000 0.000 0.000 0.000 0.000 0.000 0.000 0.000 0.000 0.000 0.000
0.013 0.022 0.037 0.057 0.075 0.087 0.095 0.101 0.104 0.104 0.102 0.099 0.097 0.100 0.115 0.157 0.242 0.386 0.597 0.870 1.141 1.360 1.526 1.645 1.719 1.746 1.745 1.729 1.687 1.612 1.503 1.364 1.216 1.085 0.961 0.836 0.705 0.575 0.453 0.341 0.242 0.164 0.109 0.073 0.050 0.036 0.027 0.021 0.017 0.014 0.012 0.009 0.007 0.005 0.003 0.002 0.001 0.000 0.000 0.000 0.000 0.000 0.000 0.000 0.000 0.000 0.000 0.000 0.000 0.000 0.000 0.000 0.000 0.000 0.000 0.000 0.000
0.017 0.031 0.055 0.085 0.110 0.130 0.145 0.156 0.162 0.165 0.166 0.165 0.166 0.175 0.205 0.281 0.414 0.610 0.863 1.132 1.347 1.501 1.611 1.691 1.740 1.760 1.762 1.750 1.707 1.625 1.505 1.354 1.183 1.023 0.874 0.728 0.583 0.444 0.319 0.215 0.139 0.090 0.059 0.041 0.030 0.023 0.018 0.015 0.012 0.010 0.008 0.006 0.004 0.003 0.002 0.001 0.000 0.000 0.000 0.000 0.000 0.000 0.000 0.000 0.000 0.000 0.000 0.000 0.000 0.000 0.000 0.000 0.000 0.000 0.000 0.000 0.000
0.024 0.048 0.087 0.130 0.163 0.186 0.202 0.212 0.219 0.223 0.226 0.229 0.233 0.244 0.281 0.371 0.524 0.740 1.004 1.240 1.414 1.535 1.625 1.695 1.742 1.765 1.768 1.751 1.700 1.607 1.468 1.285 1.070 0.861 0.673 0.507 0.365 0.251 0.168 0.110 0.071 0.047 0.033 0.024 0.019 0.015 0.012 0.010 0.008 0.007 0.005 0.004 0.003 0.002 0.001 0.000 0.000 0.000 0.000 0.000 0.000 0.000 0.000 0.000 0.000 0.000 0.000 0.000 0.000 0.000 0.000 0.000 0.000 0.000 0.000 0.000 0.000
0.038 0.079 0.139 0.189 0.219 0.236 0.246 0.253 0.258 0.263 0.267 0.271 0.276 0.287 0.323 0.412 0.567 0.786 1.044 1.259 1.420 1.536 1.620 1.678 1.709 1.715 1.696 1.651 1.574 1.456 1.291 1.079 0.826 0.587 0.397 0.263 0.173 0.114 0.075 0.051 0.035 0.025 0.019 0.015 0.012 0.010 0.009 0.007 0.006 0.004 0.003 0.002 0.001 0.001 0.000 0.000 0.000 0.000 0.000 0.000 0.000 0.000 0.000 0.000 0.000 0.000 0.000 0.000 0.000 0.000 0.000 0.000 0.000 0.000 0.000 0.000 0.000
0.062 0.121 0.190 0.235 0.258 0.269 0.276 0.281 0.286 0.290 0.293 0.297 0.302 0.311 0.340 0.420 0.569 0.785 1.034 1.235 1.383 1.483 1.541 1.563 1.546 1.496 1.416 1.318 1.204 1.065 0.897 0.696 0.480 0.308 0.191 0.117 0.073 0.048 0.032 0.023 0.017 0.013 0.011 0.009 0.008 0.007 0.006 0.005 0.004 0.003 0.002 0.001 0.001 0.000 0.000 0.000 0.000 0.000 0.000 0.000 0.000 0.000 0.000 0.000 0.000 0.000 0.000 0.000 0.000 0.000 0.000 0.000 0.000 0.000 0.000 0.000 0.000
