RESULTS/r.avaflow_results/23_results/23_ascii/23_hflow0019.asc
ncols 506
nrows 317
xllcenter 498237.50
yllcenter 5580050.00
cellsize 12.50
NODATA_value -9999.000
[rows 170 to 203 of 317, columns 77 to 153 of 506]
0.000 0.000 0.000 0.000 0.000 0.000 0.000 0.000 0.000 0.000 0.000 0.000 0.000 0.001 0.002 0.005 0.008 0.012 0.017 0.025 0.039 0.068 0.135 0.268 0.480 0.681 0.814 0.919 1.023 1.130 1.243 1.364 1.497 1.642 1.808 2.002 2.229 2.500 2.824 3.199 3.574 3.898 4.168 4.431 4.766 5.215 5.741 6.345 7.041 7.878 8.879 10.077 11.394 12.491 13.173 13.423 13.594 13.831 14.153 14.533 15.020 15.627 16.340 17.139 18.010 18.849 19.355 19.425 18.981 18.110 17.170 16.325 15.568 14.875 14.232 13.687 13.228
0.000 0.000 0.000 0.000 0.000 0.000 0.000 0.000 0.000 0.000 0.000 0.001 0.002 0.004 0.008 0.014 0.022 0.032 0.047 0.068 0.104 0.174 0.306 0.521 0.772 0.954 1.079 1.193 1.308 1.428 1.554 1.690 1.834 1.992 2.173 2.384 2.636 2.940 3.303 3.722 4.176 4.637 5.079 5.526 6.060 6.715 7.409 8.127 8.902 9.762 10.670 11.635 12.543 13.199 13.547 13.718 13.928 14.196 14.510 14.881 15.364 15.943 16.604 17.338 18.120 18.806 19.110 18.943 18.353 17.597 16.950 16.419 15.984 15.649 15.412 15.286 15.285
0.000 0.000 0.000 0.000 0.000 0.000 0.000 0.000 0.000 0.000 0.000 0.002 0.005 0.011 0.019 0.030 0.046 0.068 0.100 0.148 0.222 0.348 0.546 0.805 1.036 1.205 1.345 1.476 1.607 1.739 1.875 2.016 2.164 2.326 2.511 2.731 3.001 3.334 3.737 4.217 4.768 5.381 6.018 6.676 7.396 8.166 8.924 9.697 10.487 11.304 12.045 12.698 13.184 13.479 13.657 13.830 14.071 14.342 14.639 14.993 15.445 15.986 16.570 17.191 17.839 18.337 18.469 18.213 17.722 17.219 16.836 16.558 16.380 16.300 16.321 16.534 16.995
0.000 0.000 0.000 0.000 0.000 0.000 0.000 0.000 0.000 0.000 0.001 0.004 0.010 0.018 0.031 0.050 0.076 0.113 0.166 0.241 0.350 0.510 0.734 1.006 1.247 1.444 1.614 1.762 1.902 2.039 2.178 2.319 2.466 2.627 2.815 3.041 3.325 3.683 4.123 4.666 5.316 6.066 6.873 7.704 8.571 9.410 10.204 10.982 11.698 12.400 12.939 13.329 13.519 13.620 13.711 13.838 14.064 14.331 14.614 14.934 15.333 15.801 16.284 16.766 17.229 17.540 17.581 17.390 17.094 16.843 16.677 16.582 16.570 16.630 16.805 17.275 18.103
0.000 0.000 0.000 0.000 0.000 0.000 0.000 0.000 0.000 0.000 0.002 0.006 0.013 0.024 0.041 0.064 0.099 0.147 0.215 0.310 0.442 0.624 0.864 1.159 1.443 1.681 1.879 2.048 2.193 2.330 2.466 2.606 2.746 2.903 3.087 3.317 3.612 3.985 4.463 5.062 5.798 6.672 7.636 8.603 9.545 10.417 11.215 11.940 12.530 13.053 13.397 13.600 13.652 13.685 13.713 13.804 13.994 14.251 14.503 14.772 15.093 15.446 15.797 16.110 16.364 16.538 16.595 16.530 16.416 16.362 16.357 16.389 16.499 16.709 17.055 17.681 18.681
0.000 0.000 0.000 0.000 0.000 0.000 0.000 0.000 0.000 0.000 0.002 0.007 0.015 0.027 0.047 0.075 0.116 0.174 0.254 0.365 0.515 0.717 0.981 1.306 1.639 1.917 2.144 2.331 2.484 2.619 2.749 2.882 3.015 3.160 3.332 3.560 3.868 4.253 4.759 5.401 6.207 7.179 8.291 9.342 10.311 11.193 11.937 12.548 13.017 13.376 13.578 13.681 13.704 13.696 13.680 13.728 13.850 14.077 14.291 14.505 14.749 15.003 15.226 15.397 15.515 15.585 15.613 15.595 15.588 15.667 15.757 15.878 16.105 16.477 17.028 17.794 18.848
0.000 0.000 0.000 0.000 0.000 0.000 0.000 0.000 0.000 0.000 0.002 0.007 0.016 0.029 0.050 0.081 0.127 0.193 0.286 0.413 0.584 0.809 1.099 1.458 1.837 2.155 2.410 2.613 2.776 2.912 3.035 3.153 3.272 3.403 3.567 3.788 4.094 4.491 5.014 5.688 6.545 7.608 8.836 9.923 10.890 11.740 12.393 12.905 13.280 13.519 13.631 13.682 13.699 13.671 13.618 13.598 13.642 13.815 14.013 14.188 14.371 14.534 14.643 14.688 14.677 14.616 14.514 14.406 14.388 14.542 14.700 14.907 15.239 15.730 16.428 17.326 18.423
0.000 0.000 0.000 0.000 0.000 0.000 0.000 0.000 0.000 0.000 0.002 0.007 0.016 0.029 0.051 0.083 0.132 0.205 0.311 0.456 0.650 0.902 1.223 1.621 2.045 2.398 2.679 2.899 3.070 3.205 3.319 3.422 3.525 3.644 3.798 4.007 4.297 4.693 5.228 5.932 6.836 7.982 9.274 10.372 11.304 12.093 12.683 13.105 13.386 13.574 13.667 13.684 13.670 13.617 13.516 13.421 13.408 13.499 13.653 13.782 13.910 13.989 13.995 13.931 13.789 13.579 13.311 13.000 12.801 12.876 13.067 13.351 13.757 14.327 15.111 16.103 17.270
0.000 0.000 0.000 0.000 0.000 0.000 0.000 0.000 0.000 0.000 0.002 0.007 0.015 0.029 0.051 0.083 0.133 0.210 0.327 0.493 0.715 1.000 1.360 1.803 2.270 2.657 2.960 3.193 3.367 3.498 3.603 3.695 3.785 3.888 4.023 4.208 4.474 4.863 5.408 6.139 7.091 8.289 9.618 10.709 11.585 12.290 12.827 13.183 13.420 13.569 13.639 13.651 13.613 13.519 13.353 13.173 13.094 13.123 13.194 13.264 13.315 13.300 13.206 13.024 12.757 12.410 12.004 11.555 11.204 11.083 11.147 11.364 11.755 12.353 13.187 14.260 15.528
0.000 0.000 0.000 0.000 0.000 0.000 0.000 0.000 0.000 0.000 0.002 0.006 0.014 0.027 0.048 0.081 0.132 0.210 0.332 0.519 0.779 1.109 1.515 2.012 2.521 2.938 3.260 3.500 3.675 3.801 3.897 3.978 4.056 4.137 4.242 4.396 4.636 5.009 5.552 6.304 7.286 8.531 9.872 10.948 11.766 12.390 12.871 13.205 13.413 13.540 13.587 13.583 13.515 13.368 13.127 12.857 12.695 12.646 12.635 12.611 12.557 12.430 12.218 11.910 11.521 11.054 10.548 10.051 9.675 9.479 9.457 9.604 9.930 10.449 11.183 12.158 13.394
0.000 0.000 0.000 0.000 0.000 0.000 0.000 0.000 0.000 0.000 0.001 0.004 0.010 0.022 0.041 0.072 0.121 0.198 0.323 0.522 0.821 1.222 1.701 2.258 2.801 3.243 3.583 3.830 4.006 4.129 4.213 4.278 4.334 4.394 4.472 4.586 4.783 5.130 5.665 6.426 7.443 8.721 10.030 11.077 11.863 12.435 12.861 13.187 13.367 13.465 13.480 13.449 13.354 13.152 12.838 12.466 12.206 12.054 11.937 11.800 11.617 11.355 11.002 10.562 10.039 9.461 8.918 8.467 8.160 7.996 7.976 8.106 8.398 8.852 9.475 10.280 11.312
0.000 0.000 0.000 0.000 0.000 0.000 0.000 0.000 0.000 0.000 0.000 0.002 0.005 0.012 0.026 0.049 0.090 0.157 0.274 0.480 0.811 1.298 1.910 2.538 3.111 3.581 3.942 4.200 4.377 4.493 4.563 4.602 4.635 4.669 4.716 4.782 4.927 5.232 5.742 6.492 7.537 8.850 10.133 11.149 11.907 12.445 12.812 13.091 13.258 13.323 13.318 13.254 13.115 12.857 12.474 11.998 11.616 11.330 11.079 10.821 10.504 10.088 9.567 8.963 8.309 7.682 7.183 6.839 6.647 6.588 6.636 6.791 7.071 7.467 7.991 8.654 9.496
0.000 0.000 0.000 0.000 0.000 0.000 0.000 0.000 0.000 0.000 0.000 0.001 0.002 0.004 0.010 0.021 0.042 0.083 0.169 0.354 0.714 1.300 2.103 2.846 3.457 3.963 4.348 4.621 4.800 4.904 4.951 4.965 4.965 4.968 4.983 5.012 5.103 5.342 5.811 6.536 7.569 8.899 10.181 11.156 11.892 12.406 12.713 12.923 13.045 13.091 13.050 12.963 12.771 12.455 12.002 11.440 10.921 10.490 10.096 9.695 9.234 8.687 8.069 7.399 6.732 6.167 5.735 5.452 5.313 5.304 5.408 5.598 5.867 6.214 6.658 7.224 7.936
0.000 0.000 0.000 0.000 0.000 0.000 0.000 0.000 0.000 0.000 0.000 0.000 0.001 0.001 0.003 0.006 0.013 0.029 0.071 0.193 0.524 1.193 2.206 3.150 3.843 4.395 4.812 5.102 5.281 5.367 5.390 5.385 5.355 5.318 5.305 5.317 5.362 5.517 5.913 6.589 7.582 8.904 10.192 11.131 11.828 12.280 12.541 12.679 12.717 12.749 12.681 12.538 12.273 11.897 11.388 10.756 10.117 9.548 9.023 8.506 7.968 7.394 6.777 6.120 5.499 4.981 4.588 4.333 4.214 4.216 4.314 4.483 4.729 5.047 5.452 5.968 6.611
0.000 0.000 0.000 0.000 0.000 0.000 0.000 0.000 0.000 0.000 0.000 0.000 0.000 0.001 0.001 0.002 0.004 0.010 0.029 0.100 0.349 1.004 2.153 3.386 4.252 4.882 5.341 5.648 5.825 5.899 5.908 5.888 5.830 5.753 5.718 5.713 5.732 5.816 6.098 6.678 7.596 8.872 10.151 11.048 11.676 12.054 12.264 12.343 12.315 12.288 12.158 11.941 11.596 11.146 10.584 9.906 9.200 8.536 7.942 7.382 6.829 6.270 5.692 5.085 4.523 4.047 3.677 3.428 3.305 3.294 3.361 3.475 3.667 3.955 4.344 4.848 5.473
0.000 0.000 0.000 0.000 0.000 0.000 0.000 0.000 0.000 0.000 0.000 0.000 0.000 0.000 0.000 0.001 0.001 0.004 0.015 0.061 0.244 0.818 1.985 3.494 4.626 5.411 5.939 6.271 6.452 6.524 6.536 6.509 6.425 6.311 6.248 6.229 6.232 6.274 6.449 6.879 7.654 8.796 10.006 10.852 11.407 11.727 11.876 11.912 11.848 11.748 11.483 11.121 10.633 10.110 9.540 8.883 8.189 7.488 6.873 6.319 5.793 5.278 4.762 4.231 3.730 3.293 2.940 2.688 2.545 2.502 2.533 2.604 2.742 2.987 3.357 3.859 4.481
0.000 0.000 0.000 0.000 0.000 0.000 0.000 0.000 0.000 0.000 0.000 0.000 0.000 0.000 0.000 0.000 0.001 0.002 0.009 0.040 0.174 0.645 1.725 3.366 4.854 5.876 6.524 6.906 7.107 7.181 7.186 7.138 7.007 6.851 6.773 6.751 6.753 6.791 6.921 7.221 7.795 8.696 9.758 10.533 11.020 11.278 11.349 11.357 11.270 11.068 10.657 10.072 9.329 8.716 8.194 7.646 7.065 6.415 5.803 5.280 4.816 4.375 3.938 3.495 3.056 2.657 2.322 2.068 1.901 1.817 1.803 1.836 1.928 2.130 2.485 2.987 3.531
0.000 0.000 0.000 0.000 0.000 0.000 0.000 0.000 0.000 0.000 0.000 0.000 0.000 0.000 0.000 0.000 0.001 0.001 0.005 0.024 0.113 0.465 1.393 3.031 4.902 6.221 7.023 7.440 7.635 7.698 7.689 7.609 7.429 7.250 7.156 7.121 7.122 7.157 7.261 7.490 7.921 8.610 9.474 10.115 10.499 10.683 10.709 10.670 10.528 10.223 9.685 8.874 7.851 7.094 6.587 6.175 5.769 5.272 4.706 4.245 3.869 3.522 3.179 2.828 2.451 2.082 1.766 1.515 1.330 1.209 1.147 1.129 1.156 1.268 1.531 1.931 2.221
0.000 0.000 0.000 0.000 0.000 0.000 0.000 0.000 0.000 0.000 0.000 0.000 0.000 0.000 0.000 0.000 0.001 0.001 0.002 0.012 0.060 0.276 0.980 2.481 4.643 6.361 7.359 7.850 8.026 8.054 8.027 7.906 7.691 7.496 7.394 7.359 7.353 7.373 7.452 7.630 7.972 8.508 9.149 9.618 9.883 9.974 9.955 9.853 9.640 9.239 8.578 7.654 6.603 5.765 5.176 4.769 4.413 4.041 3.609 3.242 2.948 2.690 2.444 2.179 1.853 1.498 1.194 0.950 0.771 0.645 0.560 0.508 0.486 0.495 0.569 0.723 0.803
0.000 0.000 0.000 0.000 0.000 0.000 0.000 0.000 0.000 0.000 0.000 0.000 0.000 0.000 0.000 0.001 0.001 0.001 0.002 0.006 0.026 0.124 0.528 1.714 3.958 6.192 7.455 8.035 8.224 8.233 8.188 8.046 7.822 7.625 7.516 7.477 7.475 7.488 7.540 7.681 7.954 8.361 8.779 9.045 9.168 9.189 9.115 8.923 8.623 8.139 7.426 6.489 5.531 4.744 4.119 3.653 3.282 2.939 2.602 2.306 2.048 1.814 1.591 1.348 1.052 0.749 0.529 0.388 0.292 0.223 0.175 0.145 0.132 0.128 0.136 0.166 0.185
0.000 0.000 0.000 0.000 0.000 0.000 0.000 0.000 0.000 0.000 0.000 0.000 0.000 0.001 0.001 0.001 0.001 0.002 0.002 0.005 0.015 0.055 0.223 0.903 2.804 5.508 7.214 7.969 8.236 8.276 8.228 8.086 7.866 7.668 7.555 7.512 7.508 7.517 7.555 7.670 7.876 8.147 8.353 8.450 8.476 8.442 8.315 8.057 7.673 7.113 6.355 5.432 4.587 3.893 3.318 2.834 2.427 2.076 1.764 1.489 1.233 0.980 0.740 0.526 0.342 0.209 0.133 0.092 0.068 0.054 0.046 0.045 0.048 0.053 0.058 0.064 0.066
0.000 0.000 0.000 0.000 0.000 0.000 0.000 0.000 0.000 0.001 0.001 0.001 0.001 0.002 0.002 0.003 0.003 0.003 0.004 0.006 0.016 0.048 0.135 0.423 1.543 4.032 6.327 7.454 7.949 8.126 8.146 8.061 7.863 7.665 7.557 7.511 7.504 7.511 7.542 7.613 7.718 7.826 7.866 7.857 7.835 7.768 7.604 7.303 6.847 6.215 5.400 4.513 3.762 3.149 2.640 2.204 1.814 1.468 1.162 0.895 0.653 0.431 0.252 0.134 0.071 0.045 0.035 0.031 0.029 0.029 0.032 0.036 0.042 0.047 0.051 0.053 0.053
0.000 0.000 0.000 0.000 0.000 0.000 0.001 0.001 0.001 0.001 0.001 0.002 0.002 0.003 0.003 0.004 0.004 0.005 0.006 0.011 0.028 0.075 0.176 0.338 0.774 2.219 4.539 6.286 7.162 7.596 7.789 7.843 7.755 7.599 7.506 7.465 7.456 7.458 7.463 7.461 7.441 7.389 7.327 7.278 7.229 7.150 6.966 6.635 6.127 5.425 4.554 3.723 3.045 2.499 2.051 1.672 1.339 1.039 0.765 0.523 0.317 0.165 0.077 0.041 0.032 0.029 0.027 0.026 0.026 0.027 0.031 0.037 0.043 0.048 0.051 0.052 0.051
0.000 0.000 0.000 0.001 0.001 0.001 0.001 0.001 0.002 0.002 0.002 0.003 0.004 0.004 0.004 0.004 0.004 0.005 0.008 0.019 0.056 0.159 0.337 0.460 0.550 0.996 2.359 4.281 5.729 6.525 7.012 7.296 7.400 7.382 7.351 7.329 7.316 7.305 7.274 7.192 7.037 6.855 6.747 6.700 6.665 6.590 6.402 6.043 5.481 4.707 3.809 3.036 2.417 1.927 1.536 1.215 0.939 0.695 0.473 0.281 0.140 0.062 0.035 0.029 0.028 0.027 0.026 0.025 0.025 0.027 0.031 0.038 0.044 0.049 0.052 0.052 0.050
0.000 0.001 0.001 0.001 0.001 0.002 0.002 0.002 0.002 0.003 0.003 0.004 0.004 0.004 0.004 0.004 0.004 0.006 0.011 0.033 0.103 0.284 0.480 0.546 0.541 0.531 0.903 2.036 3.585 4.844 5.706 6.337 6.737 6.949 7.060 7.091 7.093 7.065 6.982 6.800 6.502 6.206 6.080 6.078 6.095 6.032 5.847 5.469 4.860 4.030 3.137 2.412 1.848 1.411 1.076 0.812 0.591 0.400 0.236 0.116 0.051 0.030 0.027 0.028 0.028 0.027 0.025 0.025 0.025 0.028 0.033 0.040 0.046 0.051 0.053 0.053 0.050
0.001 0.001 0.001 0.002 0.002 0.002 0.003 0.003 0.004 0.004 0.004 0.004 0.004 0.004 0.004 0.004 0.004 0.006 0.017 0.055 0.179 0.398 0.528 0.555 0.518 0.372 0.341 0.686 1.598 2.781 3.911 4.928 5.733 6.263 6.566 6.686 6.705 6.664 6.539 6.267 5.870 5.466 5.283 5.270 5.280 5.220 5.047 4.699 4.125 3.333 2.487 1.813 1.302 0.924 0.651 0.449 0.291 0.167 0.080 0.035 0.023 0.025 0.026 0.027 0.027 0.026 0.025 0.024 0.025 0.029 0.036 0.044 0.049 0.054 0.055 0.055 0.052
0.002 0.002 0.002 0.003 0.003 0.004 0.004 0.004 0.005 0.005 0.004 0.004 0.004 0.004 0.004 0.004 0.004 0.009 0.028 0.097 0.274 0.459 0.524 0.522 0.424 0.254 0.183 0.208 0.476 1.066 1.864 2.858 3.983 4.881 5.398 5.658 5.750 5.729 5.603 5.314 4.892 4.373 3.969 3.705 3.507 3.375 3.278 3.127 2.830 2.327 1.684 1.131 0.737 0.473 0.296 0.177 0.095 0.043 0.020 0.016 0.020 0.024 0.026 0.026 0.026 0.025 0.024 0.025 0.027 0.032 0.040 0.048 0.053 0.057 0.059 0.058 0.055
0.003 0.003 0.003 0.004 0.004 0.005 0.005 0.005 0.005 0.005 0.004 0.004 0.004 0.003 0.003 0.004 0.005 0.014 0.051 0.170 0.355 0.460 0.480 0.415 0.276 0.176 0.141 0.130 0.142 0.255 0.511 0.903 1.475 2.159 2.698 3.031 3.212 3.281 3.262 3.124 2.828 2.322 1.742 1.339 1.115 1.026 1.037 1.092 1.094 0.977 0.726 0.459 0.274 0.156 0.083 0.041 0.018 0.010 0.011 0.015 0.021 0.025 0.026 0.026 0.025 0.025 0.024 0.025 0.028 0.035 0.045 0.053 0.059 0.063 0.064 0.064 0.060
0.004 0.004 0.004 0.005 0.006 0.006 0.006 0.006 0.005 0.005 0.004 0.004 0.004 0.003 0.003 0.004 0.008 0.026 0.094 0.249 0.381 0.419 0.387 0.280 0.187 0.148 0.130 0.123 0.122 0.125 0.156 0.235 0.359 0.535 0.683 0.776 0.820 0.829 0.840 0.841 0.781 0.624 0.410 0.278 0.218 0.189 0.170 0.191 0.216 0.221 0.180 0.105 0.055 0.027 0.014 0.008 0.006 0.007 0.010 0.016 0.022 0.025 0.026 0.026 0.025 0.025 0.025 0.026 0.031 0.040 0.051 0.061 0.067 0.071 0.072 0.071 0.067
0.006 0.006 0.006 0.007 0.007 0.008 0.007 0.006 0.005 0.005 0.004 0.004 0.004 0.004 0.004 0.005 0.014 0.049 0.153 0.294 0.353 0.352 0.292 0.200 0.156 0.136 0.125 0.120 0.121 0.127 0.148 0.198 0.260 0.292 0.304 0.301 0.273 0.215 0.187 0.183 0.185 0.185 0.170 0.161 0.146 0.116 0.075 0.051 0.041 0.036 0.031 0.019 0.010 0.007 0.005 0.005 0.005 0.007 0.011 0.018 0.023 0.026 0.026 0.026 0.026 0.026 0.027 0.029 0.036 0.046 0.060 0.070 0.078 0.082 0.082 0.080 0.073
0.010 0.010 0.009 0.010 0.009 0.009 0.007 0.006 0.005 0.005 0.004 0.004 0.004 0.005 0.006 0.010 0.027 0.087 0.209 0.294 0.312 0.292 0.223 0.166 0.142 0.129 0.122 0.119 0.121 0.130 0.156 0.212 0.264 0.280 0.281 0.270 0.229 0.170 0.142 0.137 0.141 0.153 0.158 0.155 0.142 0.110 0.066 0.040 0.026 0.018 0.013 0.009 0.007 0.005 0.005 0.005 0.005 0.007 0.012 0.019 0.024 0.027 0.028 0.028 0.027 0.028 0.029 0.033 0.042 0.055 0.071 0.082 0.088 0.090 0.090 0.084 0.076
0.016 0.015 0.014 0.012 0.011 0.009 0.007 0.006 0.005 0.005 0.005 0.005 0.006 0.007 0.010 0.019 0.047 0.123 0.233 0.275 0.276 0.240 0.179 0.147 0.132 0.124 0.120 0.119 0.122 0.133 0.163 0.224 0.267 0.277 0.276 0.257 0.204 0.150 0.131 0.128 0.136 0.150 0.155 0.153 0.139 0.104 0.061 0.037 0.024 0.016 0.012 0.008 0.006 0.005 0.005 0.005 0.005 0.008 0.013 0.020 0.025 0.028 0.028 0.029 0.029 0.030 0.032 0.039 0.050 0.068 0.084 0.094 0.097 0.096 0.093 0.085 0.074
0.022 0.020 0.017 0.014 0.011 0.009 0.007 0.006 0.006 0.006 0.006 0.007 0.009 0.011 0.015 0.027 0.063 0.151 0.231 0.250 0.241 0.196 0.154 0.135 0.125 0.119 0.118 0.119 0.123 0.136 0.170 0.231 0.267 0.275 0.271 0.245 0.184 0.138 0.124 0.124 0.133 0.148 0.152 0.150 0.135 0.098 0.057 0.035 0.023 0.016 0.012 0.008 0.006 0.005 0.004 0.005 0.005 0.008 0.014 0.021 0.026 0.028 0.029 0.030 0.031 0.033 0.037 0.047 0.064 0.083 0.095 0.101 0.102 0.099 0.091 0.079 0.064
0.025 0.022 0.018 0.014 0.011 0.009 0.007 0.007 0.007 0.008 0.009 0.010 0.011 0.013 0.018 0.033 0.077 0.169 0.222 0.229 0.209 0.165 0.140 0.127 0.120 0.116 0.115 0.117 0.123 0.139 0.178 0.238 0.267 0.273 0.268 0.232 0.165 0.128 0.119 0.121 0.132 0.147 0.151 0.148 0.131 0.092 0.053 0.033 0.022 0.016 0.011 0.008 0.006 0.005 0.004 0.004 0.006 0.009 0.015 0.023 0.028 0.030 0.031 0.032 0.034 0.037 0.044 0.057 0.078 0.094 0.102 0.104 0.104 0.098 0.082 0.059 0.041
