RESULTS/r.avaflow_results/23_results/23_ascii/23_hflow0051.asc
ncols 506
nrows 317
xllcenter 498237.50
yllcenter 5580050.00
cellsize 12.50
NODATA_value -9999.000
[rows 136 to 169 of 317, columns 154 to 230 of 506]
0.000 0.000 0.000 0.000 0.000 0.000 0.000 0.000 0.000 0.000 0.000 0.000 0.000 0.000 0.000 0.000 0.000 0.000 0.000 0.000 0.000 0.000 0.000 0.000 0.000 0.000 0.000 0.000 0.000 0.000 0.000 0.000 0.000 0.000 0.000 0.000 0.000 0.000 0.000 0.000 0.000 0.000 0.000 0.000 0.000 0.000 0.000 0.000 0.000 0.000 0.000 0.000 0.000 0.000 0.000 0.000 0.000 0.000 0.000 0.000 0.000 0.000 0.000 0.000 0.000 0.000 0.000 0.000 0.000 0.000 0.000 0.000 0.000 0.000 0.000 0.000 0.000
0.000 0.000 0.000 0.000 0.000 0.000 0.000 0.000 0.000 0.000 0.000 0.000 0.000 0.000 0.000 0.000 0.000 0.000 0.000 0.000 0.000 0.000 0.000 0.000 0.000 0.000 0.000 0.000 0.000 0.000 0.000 0.000 0.000 0.000 0.000 0.000 0.000 0.000 0.000 0.000 0.000 0.000 0.000 0.000 0.000 0.000 0.000 0.000 0.000 0.000 0.000 0.000 0.000 0.000 0.000 0.000 0.000 0.000 0.000 0.000 0.000 0.000 0.000 0.000 0.000 0.000 0.000 0.000 0.000 0.000 0.000 0.000 0.000 0.000 0.000 0.000 0.000
0.000 0.000 0.000 0.000 0.000 0.000 0.000 0.000 0.000 0.000 0.000 0.000 0.000 0.000 0.000 0.000 0.000 0.000 0.000 0.000 0.000 0.000 0.000 0.000 0.000 0.000 0.000 0.000 0.000 0.000 0.000 0.000 0.000 0.000 0.000 0.000 0.000 0.000 0.000 0.000 0.000 0.000 0.000 0.000 0.000 0.000 0.000 0.000 0.000 0.000 0.000 0.000 0.000 0.000 0.000 0.000 0.000 0.000 0.000 0.000 0.000 0.000 0.000 0.000 0.000 0.000 0.000 0.000 0.000 0.000 0.000 0.000 0.000 0.000 0.000 0.000 0.000
0.000 0.000 0.000 0.000 0.000 0.000 0.000 0.000 0.000 0.000 0.000 0.000 0.000 0.000 0.000 0.000 0.000 0.000 0.000 0.000 0.000 0.000 0.000 0.000 0.000 0.000 0.000 0.000 0.000 0.000 0.000 0.000 0.000 0.000 0.000 0.000 0.000 0.000 0.000 0.000 0.000 0.000 0.000 0.000 0.000 0.000 0.000 0.000 0.000 0.000 0.000 0.000 0.000 0.000 0.000 0.000 0.000 0.000 0.000 0.000 0.000 0.000 0.000 0.000 0.000 0.000 0.000 0.000 0.000 0.000 0.000 0.000 0.000 0.000 0.000 0.000 0.000
0.000 0.000 0.000 0.000 0.000 0.000 0.000 0.000 0.000 0.000 0.000 0.000 0.000 0.000 0.000 0.000 0.000 0.000 0.000 0.000 0.000 0.000 0.000 0.000 0.000 0.000 0.000 0.000 0.000 0.000 0.000 0.000 0.000 0.000 0.000 0.000 0.000 0.000 0.000 0.000 0.000 0.000 0.000 0.000 0.000 0.000 0.000 0.000 0.000 0.000 0.000 0.000 0.000 0.000 0.000 0.000 0.000 0.000 0.000 0.000 0.000 0.000 0.000 0.000 0.000 0.000 0.000 0.000 0.000 0.000 0.000 0.000 0.000 0.000 0.000 0.000 0.000
0.000 0.000 0.000 0.000 0.000 0.000 0.000 0.000 0.000 0.000 0.000 0.000 0.000 0.000 0.000 0.000 0.000 0.000 0.000 0.000 0.000 0.000 0.000 0.000 0.000 0.000 0.000 0.000 0.000 0.000 0.000 0.000 0.000 0.000 0.000 0.000 0.000 0.000 0.000 0.000 0.000 0.000 0.000 0.000 0.000 0.000 0.000 0.000 0.000 0.000 0.000 0.000 0.000 0.000 0.000 0.000 0.000 0.000 0.000 0.000 0.000 0.000 0.000 0.000 0.000 0.000 0.000 0.000 0.000 0.000 0.000 0.000 0.000 0.000 0.000 0.000 0.000
0.000 0.000 0.000 0.000 0.000 0.000 0.000 0.000 0.000 0.000 0.000 0.000 0.000 0.000 0.000 0.000 0.000 0.000 0.000 0.000 0.000 0.000 0.000 0.000 0.000 0.000 0.000 0.000 0.000 0.000 0.000 0.000 0.000 0.000 0.000 0.000 0.000 0.000 0.000 0.000 0.000 0.000 0.000 0.000 0.000 0.000 0.000 0.000 0.000 0.000 0.000 0.000 0.000 0.000 0.000 0.000 0.000 0.000 0.000 0.000 0.000 0.000 0.000 0.000 0.000 0.000 0.000 0.000 0.000 0.000 0.000 0.000 0.000 0.000 0.000 0.000 0.000
0.000 0.000 0.000 0.000 0.000 0.000 0.000 0.000 0.000 0.000 0.000 0.000 0.000 0.000 0.000 0.000 0.000 0.000 0.000 0.000 0.000 0.000 0.000 0.000 0.000 0.000 0.000 0.000 0.000 0.000 0.000 0.000 0.000 0.000 0.000 0.000 0.000 0.000 0.000 0.000 0.000 0.000 0.000 0.000 0.000 0.000 0.000 0.000 0.000 0.000 0.000 0.000 0.000 0.000 0.000 0.000 0.000 0.000 0.000 0.000 0.000 0.000 0.000 0.000 0.000 0.000 0.000 0.000 0.000 0.000 0.000 0.000 0.000 0.000 0.000 0.000 0.000
0.000 0.000 0.000 0.000 0.000 0.000 0.000 0.000 0.000 0.000 0.000 0.000 0.000 0.000 0.000 0.000 0.000 0.000 0.000 0.000 0.000 0.000 0.000 0.000 0.000 0.000 0.000 0.000 0.000 0.000 0.000 0.000 0.000 0.000 0.000 0.000 0.000 0.000 0.000 0.000 0.000 0.000 0.000 0.000 0.000 0.000 0.000 0.000 0.000 0.000 0.000 0.000 0.000 0.000 0.000 0.000 0.000 0.000 0.000 0.000 0.000 0.000 0.000 0.000 0.000 0.000 0.000 0.000 0.000 0.000 0.000 0.000 0.000 0.000 0.000 0.000 0.000
0.000 0.000 0.000 0.000 0.000 0.000 0.000 0.000 0.000 0.000 0.000 0.000 0.000 0.000 0.000 0.000 0.000 0.000 0.000 0.000 0.000 0.000 0.000 0.000 0.000 0.000 0.000 0.000 0.000 0.000 0.000 0.000 0.000 0.000 0.000 0.000 0.000 0.000 0.000 0.000 0.000 0.000 0.000 0.000 0.000 0.000 0.000 0.000 0.000 0.000 0.000 0.000 0.000 0.000 0.000 0.000 0.000 0.000 0.000 0.000 0.000 0.000 0.000 0.000 0.000 0.000 0.000 0.000 0.000 0.000 0.000 0.000 0.000 0.000 0.000 0.000 0.000
0.000 0.000 0.000 0.000 0.000 0.000 0.000 0.000 0.000 0.000 0.000 0.000 0.000 0.000 0.000 0.000 0.000 0.000 0.000 0.000 0.000 0.000 0.000 0.000 0.000 0.000 0.000 0.000 0.000 0.000 0.000 0.000 0.000 0.000 0.000 0.000 0.000 0.000 0.000 0.000 0.000 0.000 0.000 0.000 0.000 0.000 0.000 0.000 0.000 0.000 0.000 0.000 0.000 0.000 0.000 0.000 0.000 0.000 0.000 0.000 0.000 0.000 0.000 0.000 0.000 0.000 0.000 0.000 0.000 0.000 0.000 0.000 0.000 0.000 0.000 0.000 0.000
0.000 0.000 0.000 0.000 0.000 0.000 0.000 0.000 0.000 0.000 0.000 0.000 0.000 0.000 0.000 0.000 0.000 0.000 0.000 0.000 0.000 0.000 0.000 0.000 0.000 0.000 0.000 0.000 0.000 0.000 0.000 0.000 0.000 0.000 0.000 0.000 0.000 0.000 0.000 0.000 0.000 0.000 0.000 0.000 0.000 0.000 0.000 0.000 0.000 0.000 0.000 0.000 0.000 0.000 0.000 0.000 0.000 0.000 0.000 0.000 0.000 0.000 0.000 0.000 0.000 0.000 0.000 0.000 0.000 0.000 0.000 0.000 0.000 0.000 0.000 0.000 0.000
0.000 0.000 0.000 0.000 0.000 0.000 0.000 0.000 0.000 0.000 0.000 0.000 0.000 0.000 0.000 0.000 0.000 0.000 0.000 0.000 0.000 0.000 0.000 0.000 0.000 0.000 0.000 0.000 0.000 0.000 0.000 0.000 0.000 0.000 0.000 0.000 0.000 0.000 0.000 0.000 0.000 0.000 0.000 0.000 0.000 0.000 0.000 0.000 0.000 0.000 0.000 0.000 0.000 0.000 0.000 0.000 0.000 0.000 0.000 0.000 0.000 0.000 0.000 0.000 0.000 0.000 0.000 0.000 0.000 0.000 0.000 0.000 0.000 0.000 0.000 0.000 0.000
0.000 0.000 0.000 0.000 0.000 0.000 0.000 0.000 0.000 0.000 0.000 0.000 0.000 0.000 0.000 0.000 0.000 0.000 0.000 0.000 0.000 0.000 0.000 0.000 0.000 0.000 0.000 0.000 0.000 0.000 0.000 0.000 0.000 0.000 0.000 0.000 0.000 0.000 0.000 0.000 0.000 0.000 0.000 0.000 0.000 0.000 0.000 0.000 0.000 0.000 0.000 0.000 0.000 0.000 0.000 0.000 0.000 0.000 0.000 0.000 0.000 0.000 0.000 0.000 0.000 0.000 0.000 0.000 0.000 0.000 0.000 0.000 0.000 0.000 0.000 0.000 0.000
0.001 0.001 0.001 0.001 0.001 0.001 0.001 0.001 0.000 0.000 0.000 0.000 0.000 0.000 0.000 0.000 0.000 0.000 0.000 0.000 0.000 0.000 0.000 0.000 0.000 0.000 0.000 0.000 0.000 0.000 0.000 0.000 0.000 0.000 0.000 0.000 0.000 0.000 0.000 0.000 0.000 0.000 0.000 0.000 0.000 0.000 0.000 0.000 0.000 0.000 0.000 0.000 0.000 0.000 0.000 0.000 0.000 0.000 0.000 0.000 0.000 0.000 0.000 0.000 0.000 0.000 0.000 0.000 0.000 0.000 0.000 0.000 0.000 0.000 0.000 0.000 0.000
0.003 0.003 0.003 0.002 0.002 0.002 0.002 0.001 0.001 0.001 0.001 0.001 0.001 0.001 0.000 0.000 0.000 0.000 0.000 0.000 0.000 0.000 0.000 0.000 0.000 0.000 0.000 0.000 0.000 0.000 0.000 0.000 0.000 0.000 0.000 0.000 0.000 0.000 0.000 0.000 0.000 0.000 0.000 0.000 0.000 0.000 0.000 0.000 0.001 0.001 0.001 0.001 0.001 0.001 0.001 0.001 0.001 0.001 0.001 0.001 0.001 0.001 0.001 0.001 0.001 0.001 0.001 0.001 0.001 0.001 0.001 0.001 0.001 0.000 0.000 0.000 0.000
0.005 0.005 0.004 0.004 0.004 0.003 0.003 0.003 0.002 0.002 0.002 0.002 0.002 0.001 0.001 0.001 0.001 0.001 0.000 0.000 0.000 0.000 0.000 0.000 0.000 0.000 0.000 0.000 0.000 0.000 0.000 0.000 0.000 0.000 0.000 0.000 0.000 0.000 0.000 0.000 0.000 0.000 0.000 0.000 0.000 0.001 0.001 0.002 0.002 0.003 0.003 0.003 0.003 0.003 0.003 0.003 0.003 0.003 0.002 0.002 0.002 0.002 0.002 0.002 0.002 0.002 0.002 0.002 0.002 0.002 0.002 0.002 0.002 0.001 0.001 0.001 0.001
0.008 0.007 0.007 0.006 0.005 0.005 0.005 0.004 0.004 0.004 0.003 0.003 0.003 0.003 0.002 0.002 0.002 0.002 0.001 0.001 0.001 0.001 0.001 0.000 0.000 0.000 0.000 0.000 0.000 0.000 0.000 0.000 0.000 0.000 0.000 0.000 0.000 0.000 0.000 0.000 0.000 0.000 0.000 0.001 0.001 0.002 0.003 0.004 0.005 0.005 0.006 0.006 0.006 0.006 0.006 0.006 0.006 0.005 0.005 0.005 0.005 0.005 0.005 0.005 0.005 0.005 0.005 0.005 0.005 0.005 0.004 0.004 0.003 0.003 0.002 0.002 0.001
0.012 0.011 0.010 0.008 0.008 0.007 0.006 0.006 0.006 0.005 0.005 0.005 0.004 0.004 0.004 0.004 0.003 0.003 0.003 0.002 0.002 0.002 0.002 0.001 0.001 0.001 0.001 0.001 0.001 0.001 0.001 0.001 0.001 0.001 0.001 0.001 0.001 0.001 0.001 0.001 0.001 0.001 0.001 0.002 0.003 0.004 0.006 0.007 0.008 0.009 0.010 0.010 0.010 0.010 0.010 0.010 0.009 0.009 0.009 0.008 0.008 0.008 0.008 0.008 0.008 0.008 0.008 0.008 0.008 0.008 0.007 0.007 0.006 0.005 0.004 0.003 0.003
0.019 0.016 0.014 0.012 0.011 0.010 0.009 0.008 0.008 0.007 0.007 0.007 0.006 0.006 0.006 0.006 0.005 0.005 0.004 0.004 0.004 0.003 0.003 0.003 0.003 0.003 0.002 0.002 0.002 0.002 0.002 0.002 0.002 0.002 0.002 0.002 0.002 0.002 0.002 0.002 0.003 0.003 0.004 0.005 0.006 0.008 0.010 0.011 0.013 0.014 0.015 0.015 0.015 0.015 0.015 0.015 0.015 0.014 0.014 0.013 0.012 0.012 0.012 0.012 0.012 0.013 0.013 0.013 0.013 0.012 0.011 0.010 0.008 0.007 0.006 0.005 0.004
0.035 0.026 0.021 0.017 0.015 0.013 0.012 0.011 0.011 0.010 0.010 0.009 0.009 0.009 0.008 0.008 0.008 0.007 0.007 0.006 0.006 0.006 0.005 0.005 0.005 0.004 0.004 0.004 0.004 0.004 0.004 0.004 0.004 0.004 0.004 0.004 0.004 0.004 0.004 0.005 0.005 0.006 0.007 0.008 0.010 0.012 0.014 0.017 0.019 0.021 0.022 0.023 0.023 0.023 0.023 0.023 0.022 0.021 0.021 0.020 0.019 0.018 0.018 0.018 0.018 0.019 0.020 0.020 0.020 0.019 0.017 0.014 0.012 0.010 0.008 0.007 0.006
0.078 0.052 0.036 0.027 0.022 0.019 0.017 0.015 0.014 0.014 0.013 0.013 0.012 0.012 0.011 0.011 0.010 0.010 0.009 0.009 0.009 0.008 0.008 0.007 0.007 0.007 0.007 0.006 0.006 0.006 0.006 0.006 0.006 0.006 0.006 0.006 0.007 0.007 0.007 0.008 0.009 0.010 0.011 0.013 0.015 0.017 0.020 0.024 0.027 0.029 0.031 0.033 0.034 0.034 0.034 0.034 0.033 0.032 0.031 0.030 0.029 0.027 0.027 0.027 0.027 0.029 0.031 0.032 0.032 0.030 0.026 0.020 0.016 0.013 0.011 0.009 0.008
0.217 0.131 0.080 0.053 0.038 0.030 0.025 0.022 0.020 0.019 0.018 0.017 0.016 0.016 0.015 0.015 0.014 0.014 0.013 0.012 0.012 0.012 0.011 0.011 0.010 0.010 0.010 0.009 0.009 0.009 0.009 0.009 0.009 0.009 0.009 0.010 0.010 0.011 0.011 0.012 0.013 0.015 0.017 0.019 0.021 0.024 0.028 0.032 0.037 0.040 0.043 0.046 0.049 0.051 0.052 0.052 0.051 0.050 0.049 0.048 0.045 0.043 0.042 0.041 0.042 0.046 0.052 0.054 0.054 0.050 0.040 0.029 0.022 0.017 0.014 0.012 0.010
0.620 0.373 0.213 0.126 0.081 0.057 0.044 0.036 0.031 0.028 0.025 0.024 0.023 0.021 0.020 0.020 0.019 0.018 0.018 0.017 0.016 0.016 0.015 0.014 0.014 0.013 0.013 0.013 0.013 0.013 0.013 0.013 0.013 0.013 0.013 0.014 0.014 0.015 0.016 0.017 0.019 0.021 0.023 0.026 0.029 0.032 0.037 0.043 0.049 0.054 0.059 0.066 0.072 0.078 0.081 0.082 0.081 0.081 0.079 0.078 0.074 0.071 0.069 0.069 0.071 0.080 0.094 0.100 0.100 0.092 0.070 0.045 0.030 0.022 0.018 0.015 0.013
1.431 0.946 0.569 0.335 0.203 0.131 0.092 0.068 0.054 0.045 0.039 0.036 0.033 0.031 0.029 0.027 0.026 0.025 0.024 0.023 0.022 0.021 0.020 0.019 0.019 0.018 0.018 0.017 0.017 0.017 0.017 0.017 0.017 0.018 0.018 0.019 0.019 0.020 0.021 0.023 0.026 0.028 0.031 0.035 0.039 0.043 0.049 0.056 0.064 0.073 0.083 0.094 0.108 0.119 0.128 0.132 0.134 0.134 0.133 0.131 0.127 0.124 0.122 0.123 0.130 0.151 0.185 0.201 0.202 0.185 0.135 0.078 0.046 0.031 0.023 0.018 0.016
2.631 1.905 1.255 0.803 0.509 0.326 0.215 0.149 0.108 0.083 0.068 0.059 0.054 0.050 0.046 0.042 0.039 0.037 0.035 0.033 0.032 0.030 0.028 0.026 0.025 0.024 0.024 0.023 0.023 0.023 0.023 0.023 0.023 0.023 0.024 0.025 0.026 0.027 0.029 0.032 0.035 0.039 0.043 0.047 0.053 0.059 0.066 0.075 0.086 0.101 0.120 0.143 0.169 0.190 0.207 0.218 0.223 0.225 0.225 0.225 0.224 0.224 0.226 0.232 0.251 0.301 0.379 0.420 0.421 0.385 0.282 0.154 0.081 0.046 0.031 0.023 0.019
3.932 3.117 2.262 1.581 1.087 0.737 0.497 0.336 0.232 0.167 0.130 0.110 0.098 0.090 0.082 0.074 0.068 0.063 0.058 0.054 0.050 0.045 0.041 0.038 0.036 0.034 0.032 0.031 0.030 0.029 0.029 0.029 0.030 0.030 0.031 0.032 0.034 0.036 0.040 0.044 0.049 0.054 0.060 0.067 0.074 0.082 0.091 0.104 0.122 0.148 0.184 0.228 0.272 0.309 0.338 0.357 0.366 0.368 0.369 0.371 0.373 0.377 0.385 0.402 0.438 0.511 0.632 0.733 0.764 0.725 0.566 0.320 0.154 0.077 0.044 0.030 0.024
5.057 4.275 3.422 2.605 1.928 1.400 0.999 0.702 0.490 0.349 0.265 0.220 0.195 0.177 0.162 0.147 0.133 0.121 0.110 0.099 0.089 0.077 0.066 0.058 0.053 0.049 0.045 0.042 0.040 0.039 0.038 0.038 0.038 0.039 0.040 0.042 0.045 0.050 0.056 0.064 0.072 0.080 0.089 0.098 0.108 0.119 0.132 0.152 0.182 0.229 0.296 0.374 0.443 0.491 0.517 0.523 0.512 0.503 0.499 0.498 0.498 0.501 0.509 0.527 0.563 0.633 0.758 0.905 0.982 0.984 0.873 0.590 0.290 0.134 0.068 0.042 0.031
6.066 5.294 4.503 3.689 2.930 2.272 1.727 1.292 0.956 0.713 0.554 0.460 0.407 0.371 0.340 0.310 0.280 0.254 0.229 0.205 0.180 0.152 0.123 0.101 0.087 0.076 0.068 0.062 0.056 0.053 0.051 0.051 0.051 0.052 0.054 0.059 0.065 0.073 0.085 0.099 0.112 0.126 0.139 0.152 0.165 0.180 0.201 0.233 0.283 0.366 0.478 0.572 0.627 0.649 0.645 0.618 0.584 0.568 0.563 0.561 0.559 0.560 0.564 0.577 0.606 0.665 0.777 0.938 1.047 1.080 1.031 0.824 0.481 0.226 0.108 0.059 0.040
6.989 6.232 5.482 4.723 3.973 3.270 2.648 2.120 1.690 1.361 1.125 0.968 0.863 0.785 0.715 0.651 0.594 0.542 0.492 0.442 0.389 0.324 0.252 0.197 0.158 0.131 0.112 0.097 0.086 0.079 0.075 0.074 0.074 0.076 0.081 0.090 0.102 0.118 0.141 0.166 0.190 0.211 0.230 0.246 0.263 0.284 0.317 0.370 0.449 0.550 0.645 0.700 0.721 0.717 0.688 0.635 0.595 0.577 0.572 0.571 0.570 0.569 0.572 0.582 0.604 0.652 0.746 0.900 1.034 1.084 1.070 0.947 0.662 0.345 0.165 0.086 0.054
7.866 7.133 6.433 5.741 5.045 4.360 3.731 3.181 2.722 2.359 2.082 1.871 1.704 1.556 1.408 1.272 1.164 1.073 0.985 0.893 0.785 0.650 0.502 0.386 0.302 0.243 0.201 0.169 0.146 0.131 0.123 0.120 0.121 0.125 0.135 0.151 0.176 0.213 0.258 0.301 0.337 0.366 0.389 0.409 0.430 0.460 0.510 0.569 0.626 0.676 0.715 0.735 0.737 0.722 0.677 0.611 0.566 0.545 0.540 0.540 0.540 0.542 0.547 0.555 0.569 0.598 0.661 0.786 0.947 1.035 1.045 0.983 0.786 0.473 0.238 0.124 0.075
8.753 8.049 7.404 6.790 6.176 5.548 4.960 4.450 4.030 3.694 3.420 3.182 2.962 2.736 2.481 2.230 2.036 1.883 1.735 1.576 1.385 1.143 0.887 0.684 0.536 0.432 0.360 0.307 0.267 0.241 0.226 0.221 0.222 0.230 0.248 0.278 0.329 0.407 0.484 0.543 0.590 0.625 0.651 0.668 0.684 0.700 0.715 0.717 0.714 0.713 0.719 0.722 0.711 0.676 0.608 0.531 0.481 0.456 0.449 0.449 0.452 0.462 0.473 0.482 0.488 0.498 0.524 0.603 0.767 0.917 0.972 0.956 0.842 0.595 0.326 0.173 0.103
9.738 9.093 8.514 7.979 7.447 6.883 6.358 5.930 5.584 5.304 5.062 4.829 4.586 4.301 3.956 3.580 3.252 2.979 2.723 2.457 2.146 1.769 1.386 1.079 0.851 0.696 0.595 0.529 0.482 0.449 0.430 0.425 0.428 0.442 0.470 0.520 0.615 0.744 0.840 0.896 0.922 0.930 0.926 0.915 0.895 0.864 0.819 0.765 0.725 0.699 0.676 0.650 0.610 0.545 0.457 0.382 0.336 0.314 0.307 0.308 0.317 0.332 0.349 0.358 0.360 0.361 0.372 0.418 0.544 0.736 0.859 0.888 0.843 0.686 0.432 0.240 0.143
10.933 10.435 9.964 9.517 9.069 8.584 8.141 7.792 7.505 7.261 7.040 6.821 6.577 6.274 5.887 5.417 4.917 4.432 3.966 3.508 3.025 2.486 1.968 1.546 1.227 1.009 0.881 0.817 0.784 0.764 0.757 0.763 0.776 0.798 0.832 0.890 0.987 1.089 1.141 1.156 1.141 1.108 1.070 1.030 0.981 0.917 0.835 0.751 0.680 0.615 0.549 0.480 0.405 0.331 0.269 0.230 0.209 0.202 0.202 0.207 0.215 0.224 0.233 0.239 0.243 0.247 0.257 0.289 0.374 0.547 0.723 0.800 0.802 0.730 0.548 0.335 0.203
