RESULTS/r.avaflow_results/23_results/23_ascii/23_hflow0031.asc
ncols 506
nrows 317
xllcenter 498237.50
yllcenter 5580050.00
cellsize 12.50
NODATA_value -9999.000
[rows 204 to 237 of 317, columns 77 to 153 of 506]
0.015 0.012 0.009 0.007 0.005 0.004 0.004 0.003 0.003 0.004 0.004 0.004 0.004 0.004 0.004 0.006 0.012 0.027 0.043 0.049 0.048 0.044 0.040 0.037 0.036 0.036 0.037 0.038 0.041 0.049 0.066 0.089 0.099 0.101 0.096 0.078 0.060 0.058 0.064 0.067 0.069 0.070 0.068 0.058 0.039 0.024 0.014 0.009 0.006 0.005 0.003 0.002 0.002 0.002 0.002 0.002 0.002 0.002 0.003 0.005 0.006 0.006 0.007 0.007 0.007 0.008 0.010 0.014 0.018 0.021 0.021 0.021 0.020 0.015 0.012 0.012 0.020
0.014 0.012 0.009 0.007 0.005 0.004 0.004 0.004 0.004 0.004 0.003 0.003 0.003 0.003 0.004 0.006 0.013 0.030 0.042 0.046 0.045 0.041 0.038 0.037 0.036 0.036 0.036 0.038 0.040 0.048 0.068 0.087 0.093 0.093 0.085 0.062 0.042 0.034 0.033 0.034 0.039 0.043 0.043 0.041 0.034 0.021 0.012 0.007 0.005 0.004 0.003 0.002 0.002 0.002 0.002 0.002 0.002 0.002 0.004 0.005 0.007 0.007 0.007 0.008 0.008 0.010 0.012 0.016 0.020 0.021 0.021 0.020 0.016 0.010 0.009 0.013 0.028
0.014 0.011 0.009 0.007 0.006 0.005 0.005 0.004 0.004 0.004 0.003 0.003 0.003 0.003 0.003 0.006 0.015 0.032 0.041 0.043 0.042 0.039 0.038 0.037 0.036 0.036 0.037 0.038 0.041 0.051 0.072 0.088 0.092 0.091 0.080 0.055 0.037 0.031 0.031 0.033 0.039 0.042 0.042 0.040 0.032 0.020 0.011 0.007 0.005 0.004 0.003 0.002 0.001 0.001 0.001 0.001 0.002 0.002 0.004 0.006 0.007 0.008 0.008 0.009 0.009 0.011 0.013 0.017 0.020 0.021 0.020 0.017 0.010 0.007 0.007 0.013 0.032
0.014 0.011 0.009 0.007 0.006 0.006 0.005 0.005 0.004 0.003 0.003 0.002 0.002 0.003 0.004 0.007 0.019 0.034 0.040 0.041 0.039 0.038 0.038 0.038 0.038 0.039 0.039 0.040 0.043 0.055 0.077 0.088 0.090 0.088 0.073 0.048 0.035 0.030 0.030 0.033 0.039 0.043 0.043 0.039 0.030 0.018 0.011 0.007 0.005 0.004 0.003 0.002 0.001 0.001 0.001 0.001 0.001 0.003 0.005 0.007 0.008 0.009 0.009 0.009 0.010 0.011 0.014 0.017 0.019 0.019 0.017 0.012 0.006 0.004 0.006 0.013 0.032
0.017 0.013 0.010 0.009 0.007 0.006 0.006 0.005 0.004 0.003 0.003 0.002 0.002 0.003 0.004 0.009 0.023 0.035 0.039 0.038 0.037 0.038 0.040 0.040 0.040 0.040 0.040 0.041 0.045 0.060 0.080 0.089 0.089 0.084 0.064 0.043 0.032 0.029 0.029 0.033 0.040 0.043 0.042 0.039 0.028 0.016 0.010 0.006 0.005 0.003 0.002 0.002 0.002 0.002 0.002 0.001 0.002 0.003 0.006 0.008 0.009 0.009 0.009 0.010 0.010 0.012 0.014 0.016 0.017 0.016 0.014 0.008 0.004 0.003 0.004 0.011 0.027
0.024 0.017 0.013 0.011 0.009 0.007 0.006 0.005 0.004 0.003 0.002 0.002 0.002 0.003 0.004 0.011 0.026 0.035 0.037 0.035 0.035 0.038 0.041 0.042 0.041 0.041 0.041 0.043 0.049 0.066 0.083 0.088 0.088 0.079 0.056 0.038 0.030 0.028 0.029 0.033 0.040 0.043 0.042 0.038 0.026 0.015 0.009 0.006 0.004 0.003 0.002 0.002 0.002 0.002 0.002 0.002 0.002 0.004 0.007 0.009 0.010 0.010 0.010 0.010 0.010 0.012 0.014 0.015 0.015 0.015 0.011 0.005 0.002 0.001 0.002 0.006 0.015
0.037 0.027 0.020 0.015 0.011 0.009 0.006 0.005 0.004 0.003 0.002 0.002 0.002 0.003 0.005 0.014 0.028 0.034 0.034 0.033 0.034 0.039 0.043 0.044 0.044 0.043 0.043 0.045 0.053 0.072 0.085 0.088 0.086 0.072 0.049 0.035 0.029 0.027 0.028 0.033 0.040 0.043 0.042 0.037 0.026 0.015 0.009 0.006 0.004 0.003 0.002 0.001 0.001 0.001 0.001 0.002 0.003 0.005 0.008 0.009 0.010 0.010 0.010 0.010 0.010 0.012 0.014 0.014 0.014 0.013 0.008 0.004 0.002 0.001 0.001 0.002 0.005
0.056 0.042 0.031 0.022 0.015 0.011 0.007 0.005 0.004 0.003 0.003 0.003 0.003 0.003 0.007 0.017 0.029 0.032 0.031 0.030 0.032 0.040 0.045 0.046 0.046 0.046 0.046 0.048 0.057 0.077 0.087 0.089 0.084 0.065 0.043 0.032 0.027 0.026 0.027 0.033 0.041 0.044 0.044 0.038 0.025 0.014 0.009 0.006 0.005 0.003 0.002 0.001 0.001 0.001 0.001 0.002 0.003 0.006 0.009 0.010 0.010 0.010 0.010 0.010 0.010 0.012 0.013 0.014 0.013 0.010 0.006 0.002 0.001 0.001 0.001 0.001 0.001
0.074 0.062 0.047 0.034 0.023 0.015 0.010 0.006 0.005 0.004 0.003 0.003 0.003 0.004 0.008 0.019 0.028 0.029 0.028 0.028 0.031 0.041 0.047 0.049 0.049 0.048 0.048 0.051 0.061 0.081 0.088 0.089 0.081 0.059 0.039 0.029 0.026 0.025 0.027 0.033 0.041 0.045 0.045 0.038 0.025 0.014 0.009 0.006 0.005 0.003 0.002 0.002 0.002 0.002 0.001 0.002 0.004 0.007 0.009 0.010 0.010 0.009 0.009 0.009 0.010 0.012 0.013 0.013 0.012 0.009 0.004 0.002 0.001 0.001 0.000 0.000 0.001
0.088 0.079 0.066 0.051 0.035 0.023 0.014 0.009 0.006 0.004 0.004 0.004 0.004 0.006 0.011 0.021 0.026 0.026 0.025 0.026 0.031 0.041 0.050 0.053 0.053 0.052 0.052 0.055 0.067 0.084 0.089 0.089 0.078 0.054 0.036 0.028 0.025 0.024 0.027 0.033 0.041 0.045 0.045 0.038 0.024 0.014 0.009 0.006 0.004 0.003 0.002 0.002 0.002 0.002 0.002 0.002 0.004 0.008 0.009 0.010 0.009 0.009 0.008 0.009 0.010 0.012 0.013 0.013 0.011 0.007 0.003 0.001 0.001 0.000 0.000 0.000 0.000
0.097 0.090 0.080 0.067 0.051 0.034 0.021 0.013 0.008 0.006 0.005 0.005 0.005 0.007 0.014 0.022 0.024 0.024 0.023 0.025 0.031 0.042 0.052 0.057 0.058 0.057 0.057 0.061 0.073 0.086 0.090 0.088 0.075 0.049 0.033 0.026 0.024 0.024 0.027 0.034 0.042 0.046 0.046 0.039 0.024 0.014 0.009 0.006 0.004 0.003 0.002 0.002 0.002 0.002 0.002 0.003 0.005 0.008 0.009 0.009 0.009 0.008 0.008 0.009 0.010 0.012 0.013 0.012 0.010 0.005 0.003 0.001 0.001 0.000 0.000 0.000 0.000
0.102 0.097 0.089 0.079 0.065 0.048 0.031 0.019 0.012 0.008 0.006 0.006 0.007 0.009 0.016 0.021 0.022 0.022 0.022 0.024 0.031 0.043 0.055 0.061 0.063 0.062 0.063 0.066 0.079 0.089 0.091 0.087 0.070 0.045 0.031 0.025 0.023 0.024 0.028 0.035 0.042 0.046 0.046 0.039 0.025 0.014 0.008 0.005 0.003 0.002 0.001 0.001 0.001 0.001 0.001 0.003 0.006 0.008 0.009 0.009 0.009 0.008 0.008 0.009 0.011 0.012 0.012 0.012 0.009 0.004 0.002 0.001 0.000 0.000 0.000 0.000 0.000
0.105 0.101 0.095 0.086 0.074 0.058 0.040 0.026 0.016 0.011 0.009 0.008 0.009 0.012 0.018 0.021 0.021 0.021 0.021 0.024 0.031 0.043 0.057 0.065 0.067 0.068 0.068 0.072 0.084 0.092 0.093 0.086 0.066 0.041 0.029 0.024 0.023 0.024 0.028 0.036 0.043 0.046 0.046 0.039 0.025 0.014 0.008 0.005 0.003 0.001 0.001 0.001 0.001 0.001 0.001 0.003 0.006 0.008 0.009 0.009 0.008 0.008 0.008 0.009 0.011 0.012 0.012 0.011 0.007 0.004 0.002 0.001 0.000 0.000 0.000 0.000 0.000
0.106 0.103 0.097 0.090 0.079 0.065 0.048 0.033 0.022 0.015 0.012 0.011 0.011 0.014 0.018 0.020 0.020 0.020 0.021 0.025 0.032 0.044 0.059 0.069 0.072 0.073 0.074 0.079 0.090 0.094 0.094 0.085 0.061 0.037 0.026 0.023 0.023 0.025 0.030 0.037 0.043 0.046 0.046 0.040 0.027 0.015 0.008 0.005 0.003 0.002 0.001 0.001 0.001 0.001 0.002 0.003 0.006 0.008 0.008 0.008 0.008 0.008 0.008 0.009 0.011 0.011 0.011 0.009 0.006 0.003 0.002 0.001 0.000 0.000 0.000 0.000 0.000
0.106 0.103 0.098 0.091 0.081 0.068 0.052 0.037 0.026 0.018 0.015 0.013 0.014 0.015 0.018 0.020 0.020 0.020 0.022 0.026 0.033 0.045 0.062 0.073 0.077 0.077 0.078 0.084 0.095 0.097 0.094 0.081 0.054 0.032 0.024 0.022 0.023 0.025 0.031 0.039 0.044 0.047 0.047 0.042 0.029 0.016 0.008 0.004 0.002 0.002 0.001 0.001 0.001 0.001 0.002 0.003 0.006 0.008 0.008 0.008 0.008 0.008 0.008 0.010 0.011 0.011 0.010 0.008 0.005 0.003 0.001 0.000 0.000 0.000 0.000 0.000 0.000
0.106 0.103 0.098 0.091 0.082 0.070 0.055 0.041 0.029 0.021 0.017 0.015 0.015 0.016 0.018 0.019 0.020 0.021 0.023 0.027 0.035 0.047 0.065 0.077 0.081 0.082 0.083 0.090 0.099 0.100 0.094 0.075 0.045 0.028 0.023 0.022 0.023 0.026 0.033 0.041 0.046 0.049 0.049 0.044 0.030 0.016 0.008 0.004 0.002 0.001 0.001 0.000 0.001 0.001 0.002 0.004 0.007 0.008 0.008 0.008 0.008 0.008 0.009 0.010 0.011 0.011 0.010 0.007 0.004 0.002 0.001 0.000 0.000 0.000 0.000 0.000 0.000
0.104 0.101 0.097 0.091 0.082 0.070 0.056 0.042 0.031 0.023 0.018 0.016 0.015 0.016 0.017 0.019 0.020 0.021 0.025 0.030 0.038 0.050 0.069 0.082 0.087 0.088 0.091 0.100 0.106 0.105 0.095 0.068 0.038 0.025 0.021 0.021 0.022 0.027 0.036 0.044 0.049 0.051 0.051 0.045 0.030 0.015 0.008 0.004 0.002 0.001 0.001 0.001 0.001 0.001 0.002 0.004 0.007 0.008 0.008 0.008 0.008 0.009 0.009 0.010 0.011 0.010 0.009 0.006 0.003 0.002 0.001 0.000 0.000 0.000 0.000 0.000 0.000
0.099 0.098 0.094 0.089 0.081 0.070 0.057 0.043 0.032 0.024 0.019 0.016 0.015 0.015 0.016 0.018 0.020 0.022 0.027 0.034 0.042 0.054 0.073 0.089 0.096 0.099 0.104 0.114 0.117 0.113 0.096 0.060 0.033 0.022 0.020 0.020 0.022 0.029 0.039 0.047 0.052 0.054 0.053 0.047 0.031 0.015 0.007 0.003 0.002 0.001 0.001 0.001 0.001 0.001 0.002 0.005 0.007 0.008 0.008 0.009 0.009 0.009 0.010 0.010 0.010 0.010 0.008 0.005 0.003 0.001 0.001 0.000 0.000 0.000 0.000 0.000 0.000
0.092 0.091 0.089 0.084 0.078 0.068 0.056 0.043 0.033 0.025 0.019 0.016 0.015 0.015 0.015 0.017 0.019 0.023 0.029 0.038 0.047 0.058 0.077 0.096 0.106 0.112 0.120 0.128 0.129 0.120 0.092 0.052 0.029 0.021 0.019 0.020 0.023 0.030 0.042 0.051 0.055 0.056 0.055 0.047 0.030 0.015 0.007 0.003 0.002 0.001 0.001 0.001 0.001 0.002 0.002 0.005 0.007 0.008 0.009 0.009 0.009 0.010 0.010 0.010 0.010 0.009 0.007 0.005 0.002 0.001 0.000 0.000 0.000 0.000 0.000 0.000 0.000
0.082 0.082 0.080 0.077 0.072 0.065 0.055 0.043 0.033 0.025 0.020 0.016 0.015 0.014 0.014 0.015 0.018 0.023 0.031 0.041 0.051 0.063 0.081 0.102 0.118 0.129 0.140 0.145 0.143 0.125 0.085 0.045 0.027 0.021 0.019 0.020 0.023 0.032 0.045 0.053 0.057 0.057 0.055 0.046 0.028 0.014 0.006 0.003 0.002 0.001 0.001 0.001 0.001 0.002 0.003 0.006 0.008 0.009 0.009 0.010 0.010 0.010 0.011 0.010 0.010 0.008 0.006 0.004 0.002 0.001 0.000 0.000 0.000 0.000 0.000 0.000 0.000
0.069 0.069 0.069 0.067 0.064 0.059 0.051 0.042 0.032 0.025 0.020 0.016 0.014 0.013 0.013 0.013 0.016 0.023 0.032 0.043 0.055 0.069 0.085 0.109 0.133 0.150 0.160 0.162 0.154 0.125 0.076 0.041 0.026 0.021 0.020 0.020 0.024 0.034 0.048 0.056 0.059 0.059 0.055 0.044 0.025 0.012 0.005 0.002 0.001 0.001 0.001 0.001 0.001 0.002 0.003 0.006 0.008 0.010 0.010 0.011 0.011 0.011 0.011 0.010 0.009 0.008 0.006 0.003 0.001 0.000 0.000 0.000 0.000 0.000 0.000 0.000 0.000
0.055 0.055 0.055 0.055 0.054 0.051 0.046 0.038 0.030 0.024 0.019 0.015 0.012 0.011 0.010 0.011 0.015 0.022 0.033 0.044 0.058 0.073 0.092 0.117 0.146 0.166 0.174 0.173 0.159 0.119 0.066 0.037 0.025 0.021 0.020 0.021 0.026 0.036 0.051 0.059 0.061 0.060 0.054 0.041 0.022 0.010 0.004 0.002 0.001 0.001 0.001 0.001 0.001 0.002 0.004 0.006 0.009 0.010 0.011 0.012 0.012 0.012 0.011 0.010 0.009 0.007 0.005 0.002 0.001 0.000 0.000 0.000 0.000 0.000 0.000 0.000 0.000
0.043 0.043 0.043 0.042 0.042 0.040 0.038 0.033 0.027 0.021 0.016 0.012 0.009 0.008 0.007 0.008 0.013 0.021 0.032 0.044 0.059 0.076 0.098 0.127 0.160 0.180 0.187 0.183 0.160 0.108 0.059 0.035 0.026 0.022 0.022 0.023 0.028 0.039 0.054 0.061 0.062 0.061 0.054 0.038 0.019 0.008 0.004 0.002 0.001 0.001 0.001 0.001 0.001 0.002 0.004 0.006 0.009 0.012 0.013 0.013 0.013 0.013 0.012 0.010 0.008 0.006 0.004 0.001 0.001 0.000 0.000 0.000 0.000 0.000 0.000 0.000 0.000
0.032 0.032 0.032 0.032 0.031 0.030 0.029 0.026 0.022 0.017 0.012 0.009 0.006 0.005 0.005 0.006 0.010 0.017 0.029 0.042 0.058 0.078 0.104 0.139 0.175 0.195 0.200 0.193 0.161 0.101 0.055 0.034 0.026 0.023 0.023 0.024 0.029 0.041 0.056 0.063 0.064 0.062 0.054 0.036 0.017 0.007 0.003 0.001 0.001 0.001 0.001 0.001 0.002 0.003 0.004 0.007 0.010 0.013 0.015 0.015 0.015 0.014 0.012 0.010 0.008 0.005 0.002 0.001 0.000 0.000 0.000 0.000 0.000 0.000 0.000 0.000 0.000
0.024 0.024 0.024 0.024 0.023 0.022 0.021 0.019 0.016 0.012 0.009 0.006 0.004 0.003 0.003 0.004 0.007 0.013 0.023 0.036 0.054 0.077 0.108 0.153 0.195 0.215 0.218 0.207 0.163 0.096 0.053 0.034 0.026 0.024 0.024 0.025 0.030 0.042 0.058 0.065 0.067 0.065 0.055 0.034 0.016 0.006 0.003 0.001 0.001 0.001 0.001 0.001 0.002 0.003 0.005 0.007 0.010 0.014 0.017 0.017 0.017 0.015 0.012 0.009 0.007 0.004 0.002 0.001 0.000 0.000 0.000 0.000 0.000 0.000 0.000 0.000 0.000
0.018 0.018 0.018 0.017 0.017 0.016 0.015 0.013 0.011 0.008 0.006 0.004 0.003 0.002 0.002 0.003 0.005 0.010 0.017 0.029 0.047 0.072 0.110 0.164 0.211 0.231 0.234 0.216 0.162 0.093 0.053 0.035 0.027 0.025 0.025 0.026 0.031 0.043 0.060 0.068 0.069 0.067 0.056 0.033 0.014 0.006 0.002 0.001 0.001 0.001 0.001 0.002 0.002 0.003 0.005 0.007 0.011 0.016 0.019 0.020 0.019 0.017 0.012 0.008 0.005 0.003 0.001 0.000 0.000 0.000 0.000 0.000 0.000 0.000 0.000 0.000 0.000
0.013 0.013 0.012 0.012 0.012 0.011 0.011 0.009 0.008 0.006 0.004 0.003 0.002 0.001 0.001 0.002 0.004 0.007 0.013 0.023 0.040 0.066 0.108 0.171 0.222 0.243 0.243 0.219 0.159 0.092 0.055 0.038 0.030 0.027 0.026 0.027 0.032 0.046 0.063 0.071 0.073 0.070 0.057 0.030 0.013 0.005 0.002 0.002 0.001 0.001 0.001 0.002 0.003 0.004 0.005 0.008 0.012 0.018 0.022 0.022 0.021 0.018 0.012 0.007 0.004 0.002 0.001 0.000 0.000 0.000 0.000 0.000 0.000 0.000 0.000 0.000 0.000
0.009 0.009 0.009 0.008 0.008 0.008 0.007 0.006 0.005 0.004 0.002 0.002 0.001 0.001 0.001 0.001 0.003 0.005 0.010 0.019 0.034 0.060 0.104 0.173 0.229 0.250 0.247 0.219 0.157 0.094 0.060 0.043 0.033 0.029 0.028 0.029 0.034 0.050 0.069 0.077 0.078 0.074 0.057 0.028 0.011 0.005 0.002 0.002 0.001 0.001 0.002 0.002 0.003 0.004 0.006 0.008 0.013 0.020 0.024 0.025 0.023 0.018 0.011 0.006 0.003 0.001 0.000 0.000 0.000 0.000 0.000 0.000 0.000 0.000 0.000 0.000 0.000
0.005 0.005 0.005 0.005 0.005 0.005 0.005 0.004 0.003 0.002 0.001 0.001 0.001 0.001 0.001 0.001 0.002 0.004 0.008 0.016 0.030 0.055 0.101 0.174 0.232 0.252 0.248 0.219 0.158 0.098 0.066 0.048 0.038 0.032 0.030 0.031 0.037 0.055 0.075 0.083 0.084 0.077 0.054 0.025 0.010 0.004 0.002 0.002 0.002 0.002 0.002 0.002 0.003 0.004 0.006 0.010 0.016 0.023 0.026 0.027 0.024 0.018 0.009 0.004 0.002 0.001 0.000 0.000 0.000 0.000 0.000 0.000 0.000 0.000 0.000 0.000 0.000
0.003 0.003 0.003 0.003 0.003 0.003 0.003 0.002 0.002 0.001 0.001 0.000 0.000 0.000 0.000 0.001 0.001 0.002 0.006 0.012 0.026 0.051 0.098 0.174 0.232 0.250 0.245 0.219 0.164 0.106 0.073 0.054 0.042 0.036 0.034 0.035 0.041 0.061 0.081 0.089 0.088 0.078 0.048 0.020 0.008 0.003 0.002 0.002 0.002 0.002 0.002 0.002 0.003 0.005 0.007 0.012 0.020 0.026 0.028 0.028 0.024 0.016 0.008 0.003 0.001 0.001 0.000 0.000 0.000 0.000 0.000 0.000 0.000 0.000 0.000 0.000 0.000
0.002 0.002 0.002 0.002 0.001 0.001 0.001 0.001 0.001 0.001 0.000 0.000 0.000 0.000 0.000 0.000 0.001 0.001 0.003 0.009 0.020 0.045 0.091 0.167 0.228 0.246 0.242 0.222 0.177 0.119 0.082 0.060 0.048 0.041 0.039 0.041 0.049 0.070 0.088 0.094 0.092 0.076 0.040 0.015 0.006 0.003 0.002 0.002 0.002 0.002 0.002 0.002 0.003 0.005 0.009 0.015 0.024 0.029 0.030 0.029 0.023 0.013 0.006 0.002 0.001 0.000 0.000 0.000 0.000 0.000 0.000 0.000 0.000 0.000 0.000 0.000 0.000
0.000 0.000 0.000 0.000 0.000 0.000 0.000 0.000 0.000 0.000 0.000 0.000 0.000 0.000 0.000 0.000 0.000 0.001 0.002 0.005 0.014 0.034 0.074 0.147 0.218 0.245 0.246 0.234 0.198 0.140 0.094 0.069 0.055 0.048 0.046 0.048 0.058 0.080 0.095 0.099 0.094 0.069 0.031 0.012 0.006 0.003 0.003 0.002 0.002 0.002 0.002 0.002 0.004 0.006 0.012 0.021 0.029 0.033 0.032 0.028 0.018 0.008 0.004 0.001 0.001 0.000 0.000 0.000 0.000 0.000 0.000 0.000 0.000 0.000 0.000 0.000 0.000
0.000 0.000 0.000 0.000 0.000 0.000 0.000 0.000 0.000 0.000 0.000 0.000 0.000 0.000 0.000 0.000 0.000 0.001 0.001 0.003 0.008 0.021 0.051 0.113 0.199 0.248 0.260 0.253 0.226 0.169 0.111 0.079 0.064 0.057 0.056 0.059 0.072 0.092 0.104 0.105 0.095 0.060 0.025 0.010 0.005 0.004 0.003 0.002 0.002 0.002 0.002 0.003 0.004 0.008 0.017 0.028 0.035 0.036 0.034 0.025 0.012 0.005 0.002 0.001 0.000 0.000 0.000 0.000 0.000 0.000 0.000 0.000 0.000 0.000 0.000 0.000 0.000
0.000 0.000 0.000 0.000 0.000 0.000 0.000 0.000 0.000 0.000 0.000 0.000 0.000 0.000 0.000 0.000 0.000 0.000 0.001 0.001 0.004 0.012 0.032 0.078 0.164 0.244 0.278 0.282 0.264 0.212 0.141 0.098 0.078 0.070 0.070 0.074 0.089 0.108 0.116 0.115 0.096 0.051 0.021 0.010 0.006 0.004 0.003 0.003 0.002 0.002 0.002 0.003 0.005 0.011 0.024 0.036 0.040 0.040 0.033 0.019 0.008 0.003 0.001 0.001 0.000 0.000 0.000 0.000 0.000 0.000 0.000 0.000 0.000 0.000 0.000 0.000 0.000
