RESULTS/r.avaflow_results/23_results/23_ascii/23_hflow30028.asc
ncols 506
nrows 317
xllcenter 498237.50
yllcenter 5580050.00
cellsize 12.50
NODATA_value -9999.000
[rows 170 to 203 of 317, columns 154 to 230 of 506]
9.860 9.942 9.984 9.973 9.901 9.774 9.644 9.542 9.449 9.359 9.272 9.185 9.076 8.888 8.546 8.000 7.283 6.488 5.696 4.937 4.188 3.413 2.682 2.096 1.676 1.410 1.269 1.215 1.213 1.227 1.259 1.323 1.405 1.461 1.496 1.526 1.570 1.657 1.735 1.763 1.761 1.739 1.715 1.691 1.654 1.584 1.457 1.267 1.031 0.790 0.572 0.405 0.297 0.230 0.189 0.162 0.146 0.137 0.133 0.132 0.129 0.123 0.116 0.109 0.103 0.101 0.101 0.106 0.122 0.164 0.266 0.495 0.933 1.367 1.551 1.571 1.468
11.821 12.281 12.609 12.801 12.881 12.893 12.860 12.789 12.688 12.565 12.429 12.293 12.154 11.969 11.642 11.073 10.239 9.206 8.084 6.949 5.821 4.731 3.735 2.910 2.295 1.867 1.587 1.429 1.367 1.369 1.412 1.505 1.614 1.664 1.675 1.673 1.676 1.708 1.743 1.746 1.719 1.656 1.577 1.497 1.401 1.256 1.032 0.753 0.502 0.335 0.234 0.171 0.132 0.110 0.098 0.093 0.092 0.093 0.096 0.097 0.096 0.092 0.086 0.079 0.075 0.074 0.074 0.079 0.093 0.128 0.206 0.375 0.704 1.141 1.396 1.464 1.438
13.800 14.655 15.218 15.531 15.668 15.704 15.694 15.644 15.563 15.457 15.334 15.199 15.063 14.892 14.599 14.063 13.232 12.131 10.850 9.473 8.050 6.628 5.292 4.128 3.202 2.506 2.000 1.670 1.495 1.433 1.443 1.520 1.628 1.669 1.669 1.649 1.632 1.626 1.617 1.581 1.487 1.330 1.149 0.976 0.811 0.628 0.442 0.290 0.190 0.132 0.098 0.078 0.066 0.060 0.058 0.059 0.062 0.068 0.072 0.074 0.073 0.071 0.066 0.060 0.058 0.057 0.058 0.062 0.074 0.099 0.158 0.284 0.533 0.938 1.259 1.384 1.397
15.103 16.255 17.015 17.459 17.705 17.851 17.947 17.998 18.003 17.965 17.898 17.809 17.714 17.589 17.346 16.854 16.044 14.951 13.680 12.287 10.773 9.145 7.473 5.907 4.578 3.501 2.665 2.065 1.690 1.499 1.439 1.462 1.521 1.543 1.529 1.478 1.414 1.356 1.289 1.171 0.965 0.724 0.533 0.407 0.313 0.229 0.158 0.108 0.077 0.058 0.048 0.042 0.038 0.037 0.038 0.040 0.045 0.051 0.055 0.057 0.056 0.055 0.051 0.048 0.047 0.047 0.048 0.051 0.059 0.077 0.117 0.209 0.399 0.745 1.117 1.302 1.350
15.657 16.970 17.901 18.523 18.959 19.304 19.593 19.826 19.979 20.044 20.049 20.027 19.992 19.927 19.754 19.341 18.612 17.581 16.335 14.956 13.459 11.812 9.983 8.038 6.243 4.739 3.544 2.645 2.014 1.619 1.412 1.325 1.287 1.254 1.192 1.079 0.958 0.850 0.738 0.603 0.436 0.297 0.208 0.155 0.117 0.087 0.063 0.047 0.038 0.032 0.028 0.027 0.026 0.026 0.027 0.030 0.034 0.039 0.043 0.044 0.044 0.043 0.041 0.040 0.039 0.040 0.040 0.043 0.048 0.060 0.087 0.151 0.291 0.566 0.950 1.201 1.296
15.673 17.030 18.052 18.822 19.462 20.035 20.532 20.947 21.251 21.422 21.476 21.492 21.513 21.526 21.447 21.169 20.618 19.762 18.614 17.220 15.640 13.884 11.900 9.640 7.430 5.583 4.127 3.039 2.254 1.709 1.359 1.139 0.975 0.822 0.672 0.542 0.456 0.392 0.332 0.263 0.182 0.123 0.087 0.066 0.051 0.040 0.032 0.026 0.023 0.021 0.020 0.020 0.020 0.020 0.021 0.023 0.026 0.030 0.033 0.034 0.034 0.034 0.033 0.033 0.033 0.034 0.035 0.037 0.040 0.048 0.067 0.112 0.211 0.410 0.747 1.059 1.218
15.281 16.686 17.827 18.720 19.480 20.181 20.793 21.307 21.703 21.939 22.015 22.030 22.080 22.198 22.217 22.082 21.720 21.070 20.071 18.705 17.036 15.137 12.983 10.494 8.003 5.944 4.349 3.177 2.328 1.719 1.277 0.942 0.675 0.462 0.314 0.232 0.193 0.168 0.144 0.113 0.080 0.057 0.043 0.034 0.028 0.023 0.020 0.018 0.017 0.016 0.016 0.015 0.016 0.016 0.017 0.018 0.020 0.023 0.025 0.026 0.027 0.027 0.027 0.028 0.028 0.029 0.030 0.031 0.034 0.040 0.054 0.085 0.153 0.291 0.538 0.854 1.093
14.391 15.884 17.188 18.286 19.223 20.014 20.642 21.151 21.560 21.822 21.912 21.918 21.978 22.186 22.269 22.203 21.935 21.394 20.504 19.203 17.504 15.512 13.256 10.667 8.080 5.955 4.325 3.134 2.265 1.609 1.095 0.695 0.409 0.234 0.142 0.101 0.084 0.074 0.065 0.052 0.040 0.032 0.026 0.021 0.018 0.016 0.014 0.013 0.013 0.012 0.012 0.012 0.012 0.012 0.013 0.014 0.015 0.017 0.018 0.020 0.021 0.021 0.022 0.022 0.023 0.024 0.025 0.027 0.029 0.034 0.045 0.066 0.112 0.205 0.370 0.624 0.909
13.106 14.718 16.186 17.474 18.554 19.392 19.993 20.450 20.813 21.057 21.162 21.193 21.277 21.514 21.622 21.578 21.361 20.911 20.127 18.904 17.234 15.218 12.907 10.278 7.720 5.619 3.998 2.800 1.915 1.245 0.739 0.395 0.202 0.108 0.066 0.048 0.041 0.037 0.033 0.028 0.024 0.020 0.018 0.015 0.014 0.012 0.011 0.010 0.010 0.010 0.009 0.009 0.009 0.009 0.010 0.010 0.011 0.012 0.013 0.014 0.015 0.016 0.017 0.017 0.018 0.019 0.020 0.022 0.025 0.029 0.037 0.053 0.084 0.145 0.254 0.430 0.685
11.515 13.240 14.832 16.225 17.355 18.190 18.765 19.144 19.385 19.545 19.669 19.820 19.939 20.047 20.059 19.974 19.776 19.404 18.729 17.602 15.979 13.948 11.606 9.064 6.711 4.753 3.196 2.013 1.177 0.640 0.328 0.167 0.088 0.051 0.034 0.027 0.024 0.022 0.020 0.018 0.016 0.015 0.013 0.012 0.011 0.009 0.009 0.008 0.007 0.007 0.007 0.007 0.006 0.007 0.007 0.007 0.007 0.008 0.009 0.010 0.011 0.011 0.012 0.013 0.014 0.015 0.016 0.018 0.021 0.025 0.032 0.044 0.066 0.107 0.179 0.298 0.479
9.630 11.376 13.048 14.482 15.634 16.496 17.090 17.407 17.523 17.601 17.800 18.151 18.300 18.260 18.129 17.957 17.714 17.316 16.609 15.428 13.734 11.616 9.268 7.000 5.007 3.303 1.931 0.992 0.473 0.227 0.117 0.066 0.040 0.027 0.021 0.018 0.016 0.015 0.014 0.013 0.012 0.011 0.010 0.009 0.008 0.007 0.007 0.006 0.005 0.005 0.005 0.004 0.004 0.004 0.004 0.004 0.004 0.005 0.006 0.006 0.007 0.008 0.008 0.009 0.010 0.011 0.012 0.014 0.017 0.021 0.027 0.037 0.054 0.083 0.133 0.215 0.341
7.609 9.132 10.805 12.338 13.587 14.563 15.241 15.612 15.773 15.909 16.194 16.576 16.691 16.630 16.465 16.254 15.917 15.297 14.268 12.748 10.718 8.285 5.988 4.175 2.767 1.650 0.838 0.363 0.153 0.076 0.045 0.031 0.022 0.018 0.015 0.013 0.012 0.012 0.011 0.010 0.010 0.009 0.008 0.007 0.006 0.006 0.005 0.004 0.004 0.003 0.003 0.003 0.002 0.002 0.002 0.002 0.002 0.003 0.003 0.004 0.004 0.005 0.005 0.006 0.007 0.008 0.009 0.012 0.014 0.018 0.024 0.033 0.047 0.069 0.104 0.162 0.251
5.856 7.021 8.406 9.927 11.354 12.504 13.329 13.826 14.077 14.278 14.574 14.854 14.920 14.862 14.704 14.457 13.993 13.094 11.599 9.469 6.881 4.468 2.792 1.746 1.059 0.574 0.261 0.106 0.051 0.031 0.023 0.018 0.015 0.013 0.011 0.010 0.010 0.009 0.009 0.008 0.008 0.007 0.006 0.006 0.005 0.004 0.003 0.003 0.002 0.002 0.002 0.001 0.001 0.001 0.001 0.001 0.001 0.001 0.002 0.002 0.002 0.003 0.003 0.004 0.005 0.006 0.007 0.009 0.012 0.016 0.022 0.030 0.042 0.060 0.087 0.127 0.189
4.438 5.298 6.318 7.532 8.903 10.184 11.150 11.781 12.126 12.327 12.477 12.548 12.520 12.442 12.270 11.916 11.211 9.917 7.818 5.282 3.109 1.682 0.878 0.478 0.264 0.138 0.067 0.035 0.023 0.018 0.014 0.012 0.011 0.010 0.009 0.008 0.008 0.007 0.007 0.006 0.006 0.005 0.005 0.004 0.004 0.003 0.002 0.002 0.001 0.001 0.001 0.000 0.000 0.000 0.000 0.000 0.000 0.000 0.001 0.001 0.001 0.001 0.002 0.002 0.003 0.004 0.005 0.007 0.010 0.014 0.020 0.028 0.039 0.055 0.075 0.104 0.146
3.286 3.867 4.534 5.308 6.248 7.329 8.320 9.027 9.416 9.554 9.550 9.431 9.224 8.960 8.574 7.950 6.919 5.339 3.452 1.873 0.892 0.394 0.186 0.103 0.062 0.038 0.025 0.018 0.014 0.012 0.010 0.009 0.008 0.007 0.007 0.006 0.006 0.006 0.005 0.005 0.004 0.004 0.004 0.003 0.003 0.002 0.002 0.001 0.001 0.000 0.000 0.000 0.000 0.000 0.000 0.000 0.000 0.000 0.000 0.000 0.000 0.000 0.001 0.001 0.002 0.003 0.004 0.006 0.009 0.013 0.018 0.026 0.036 0.050 0.067 0.089 0.118
2.317 2.655 3.017 3.408 3.855 4.399 5.004 5.500 5.804 5.892 5.848 5.662 5.315 4.819 4.259 3.647 2.862 1.841 0.931 0.395 0.161 0.077 0.046 0.031 0.023 0.018 0.014 0.012 0.010 0.009 0.008 0.007 0.006 0.006 0.005 0.005 0.004 0.004 0.004 0.003 0.003 0.003 0.003 0.002 0.002 0.002 0.001 0.001 0.000 0.000 0.000 0.000 0.000 0.000 0.000 0.000 0.000 0.000 0.000 0.000 0.000 0.000 0.000 0.000 0.001 0.002 0.003 0.005 0.007 0.011 0.016 0.023 0.033 0.045 0.061 0.079 0.103
1.489 1.632 1.781 1.931 2.084 2.265 2.494 2.689 2.803 2.836 2.803 2.666 2.363 1.892 1.460 1.109 0.754 0.384 0.161 0.069 0.037 0.025 0.019 0.016 0.013 0.011 0.010 0.008 0.007 0.006 0.006 0.005 0.005 0.004 0.004 0.003 0.003 0.003 0.003 0.002 0.002 0.002 0.002 0.002 0.001 0.001 0.001 0.001 0.000 0.000 0.000 0.000 0.000 0.000 0.000 0.000 0.000 0.000 0.000 0.000 0.000 0.000 0.000 0.000 0.000 0.001 0.002 0.003 0.006 0.009 0.014 0.021 0.030 0.041 0.056 0.074 0.098
0.827 0.860 0.905 0.943 0.964 0.971 0.987 1.003 1.005 0.992 0.956 0.874 0.713 0.484 0.325 0.225 0.136 0.068 0.035 0.022 0.017 0.014 0.012 0.011 0.009 0.008 0.007 0.006 0.005 0.005 0.004 0.004 0.003 0.003 0.003 0.002 0.002 0.002 0.002 0.002 0.002 0.002 0.001 0.001 0.001 0.001 0.001 0.001 0.000 0.000 0.000 0.000 0.000 0.000 0.000 0.000 0.000 0.000 0.000 0.000 0.000 0.000 0.000 0.000 0.000 0.000 0.001 0.002 0.004 0.007 0.012 0.018 0.026 0.037 0.052 0.071 0.096
0.380 0.377 0.383 0.384 0.372 0.340 0.303 0.275 0.254 0.236 0.218 0.192 0.150 0.096 0.066 0.047 0.031 0.021 0.015 0.012 0.011 0.009 0.008 0.007 0.007 0.006 0.005 0.004 0.004 0.003 0.003 0.002 0.002 0.002 0.002 0.002 0.002 0.001 0.001 0.001 0.001 0.001 0.001 0.001 0.001 0.001 0.001 0.001 0.000 0.000 0.000 0.000 0.000 0.000 0.000 0.000 0.000 0.000 0.000 0.000 0.000 0.000 0.000 0.000 0.000 0.000 0.001 0.002 0.003 0.006 0.010 0.015 0.023 0.033 0.048 0.069 0.096
0.132 0.128 0.127 0.126 0.120 0.104 0.082 0.067 0.058 0.052 0.047 0.042 0.034 0.025 0.020 0.016 0.013 0.011 0.009 0.008 0.007 0.007 0.006 0.005 0.004 0.004 0.003 0.003 0.002 0.002 0.002 0.002 0.002 0.001 0.001 0.001 0.001 0.001 0.001 0.001 0.001 0.001 0.001 0.001 0.001 0.001 0.001 0.001 0.000 0.000 0.000 0.000 0.000 0.000 0.000 0.000 0.000 0.000 0.000 0.000 0.000 0.000 0.000 0.000 0.000 0.000 0.000 0.001 0.002 0.004 0.007 0.012 0.019 0.029 0.044 0.065 0.094
0.033 0.032 0.032 0.033 0.032 0.027 0.021 0.017 0.015 0.014 0.013 0.013 0.012 0.010 0.009 0.008 0.008 0.007 0.006 0.006 0.005 0.005 0.004 0.003 0.003 0.003 0.002 0.002 0.002 0.001 0.001 0.001 0.001 0.001 0.001 0.001 0.001 0.001 0.001 0.001 0.001 0.001 0.001 0.001 0.001 0.001 0.001 0.000 0.000 0.000 0.000 0.000 0.000 0.000 0.000 0.000 0.000 0.000 0.000 0.000 0.000 0.000 0.000 0.000 0.000 0.000 0.000 0.000 0.001 0.003 0.005 0.009 0.015 0.023 0.036 0.056 0.083
0.006 0.006 0.006 0.007 0.007 0.007 0.006 0.005 0.005 0.005 0.005 0.005 0.006 0.006 0.005 0.005 0.005 0.004 0.004 0.004 0.003 0.003 0.003 0.002 0.002 0.002 0.001 0.001 0.001 0.001 0.001 0.001 0.001 0.001 0.001 0.001 0.001 0.001 0.001 0.001 0.001 0.002 0.002 0.002 0.001 0.001 0.001 0.000 0.000 0.000 0.000 0.000 0.000 0.000 0.000 0.000 0.000 0.000 0.000 0.000 0.000 0.000 0.000 0.000 0.000 0.000 0.000 0.000 0.001 0.002 0.004 0.006 0.010 0.016 0.025 0.040 0.062
0.001 0.001 0.001 0.002 0.002 0.002 0.002 0.002 0.002 0.002 0.002 0.003 0.003 0.003 0.003 0.003 0.003 0.003 0.003 0.002 0.002 0.002 0.002 0.002 0.001 0.001 0.001 0.001 0.001 0.001 0.001 0.001 0.001 0.001 0.001 0.001 0.001 0.002 0.002 0.002 0.002 0.002 0.002 0.002 0.002 0.001 0.001 0.000 0.000 0.000 0.000 0.000 0.000 0.000 0.000 0.000 0.000 0.000 0.000 0.000 0.000 0.000 0.000 0.000 0.000 0.000 0.000 0.000 0.000 0.001 0.002 0.004 0.007 0.011 0.017 0.025 0.038
0.001 0.001 0.001 0.001 0.001 0.001 0.001 0.001 0.001 0.001 0.001 0.002 0.002 0.002 0.002 0.002 0.002 0.002 0.002 0.002 0.001 0.001 0.001 0.001 0.001 0.001 0.001 0.001 0.001 0.001 0.001 0.001 0.001 0.002 0.002 0.002 0.002 0.003 0.003 0.003 0.003 0.002 0.002 0.002 0.001 0.001 0.001 0.000 0.000 0.000 0.000 0.000 0.000 0.000 0.000 0.000 0.000 0.000 0.000 0.000 0.000 0.000 0.000 0.000 0.000 0.000 0.000 0.000 0.000 0.000 0.001 0.003 0.005 0.007 0.011 0.016 0.023
0.001 0.001 0.001 0.001 0.001 0.001 0.001 0.001 0.001 0.001 0.001 0.001 0.001 0.001 0.001 0.001 0.001 0.001 0.001 0.001 0.001 0.001 0.001 0.001 0.001 0.001 0.001 0.001 0.002 0.002 0.002 0.003 0.003 0.003 0.003 0.003 0.004 0.003 0.003 0.003 0.003 0.002 0.002 0.002 0.001 0.001 0.000 0.000 0.000 0.000 0.000 0.000 0.000 0.000 0.000 0.000 0.000 0.000 0.000 0.000 0.000 0.000 0.000 0.000 0.000 0.000 0.000 0.000 0.000 0.000 0.001 0.002 0.003 0.005 0.007 0.011 0.015
0.001 0.001 0.001 0.001 0.001 0.001 0.001 0.001 0.001 0.001 0.001 0.001 0.001 0.001 0.001 0.001 0.001 0.001 0.001 0.001 0.001 0.001 0.001 0.001 0.001 0.002 0.002 0.003 0.004 0.004 0.004 0.004 0.004 0.004 0.004 0.004 0.004 0.004 0.003 0.003 0.002 0.002 0.002 0.001 0.001 0.000 0.000 0.000 0.000 0.000 0.000 0.000 0.000 0.000 0.000 0.000 0.000 0.000 0.000 0.000 0.000 0.000 0.000 0.000 0.000 0.000 0.000 0.000 0.000 0.000 0.000 0.001 0.002 0.003 0.005 0.007 0.010
0.000 0.000 0.000 0.000 0.000 0.000 0.001 0.001 0.001 0.001 0.001 0.001 0.001 0.001 0.001 0.001 0.001 0.001 0.001 0.001 0.001 0.001 0.001 0.002 0.003 0.004 0.005 0.005 0.006 0.006 0.005 0.005 0.005 0.005 0.005 0.004 0.004 0.004 0.003 0.003 0.002 0.002 0.001 0.001 0.001 0.000 0.000 0.000 0.000 0.000 0.000 0.000 0.000 0.000 0.000 0.000 0.000 0.000 0.000 0.000 0.000 0.000 0.000 0.000 0.000 0.000 0.000 0.000 0.000 0.000 0.000 0.000 0.001 0.002 0.003 0.005 0.007
0.000 0.000 0.000 0.000 0.000 0.000 0.000 0.000 0.000 0.001 0.001 0.001 0.001 0.001 0.001 0.001 0.001 0.001 0.001 0.001 0.001 0.002 0.003 0.004 0.005 0.005 0.006 0.006 0.006 0.006 0.006 0.005 0.005 0.005 0.005 0.004 0.004 0.003 0.003 0.002 0.002 0.001 0.001 0.001 0.000 0.000 0.000 0.000 0.000 0.000 0.000 0.000 0.000 0.000 0.000 0.000 0.000 0.000 0.000 0.000 0.000 0.000 0.000 0.000 0.000 0.000 0.000 0.000 0.000 0.000 0.000 0.000 0.000 0.001 0.002 0.003 0.004
0.000 0.000 0.000 0.000 0.000 0.000 0.000 0.000 0.000 0.000 0.000 0.001 0.001 0.001 0.001 0.001 0.001 0.001 0.001 0.002 0.002 0.003 0.004 0.005 0.006 0.006 0.006 0.006 0.006 0.006 0.006 0.005 0.005 0.005 0.004 0.004 0.003 0.003 0.002 0.001 0.001 0.001 0.001 0.000 0.000 0.000 0.000 0.000 0.000 0.000 0.000 0.000 0.000 0.000 0.000 0.000 0.000 0.000 0.000 0.000 0.000 0.000 0.000 0.000 0.000 0.000 0.000 0.000 0.000 0.000 0.000 0.000 0.000 0.000 0.001 0.002 0.003
0.000 0.000 0.000 0.000 0.000 0.000 0.000 0.000 0.000 0.000 0.000 0.000 0.000 0.001 0.001 0.001 0.001 0.001 0.001 0.002 0.003 0.003 0.004 0.005 0.006 0.006 0.006 0.006 0.006 0.006 0.005 0.005 0.004 0.004 0.004 0.003 0.002 0.002 0.001 0.001 0.001 0.001 0.000 0.000 0.000 0.000 0.000 0.000 0.000 0.000 0.000 0.000 0.000 0.000 0.000 0.000 0.000 0.000 0.000 0.000 0.000 0.000 0.000 0.000 0.000 0.000 0.000 0.000 0.000 0.000 0.000 0.000 0.000 0.000 0.000 0.001 0.001
0.000 0.000 0.000 0.000 0.000 0.000 0.000 0.000 0.000 0.000 0.000 0.000 0.000 0.000 0.001 0.001 0.001 0.001 0.001 0.002 0.003 0.003 0.004 0.005 0.005 0.006 0.006 0.006 0.006 0.005 0.005 0.004 0.004 0.003 0.002 0.002 0.001 0.001 0.001 0.001 0.001 0.000 0.000 0.000 0.000 0.000 0.000 0.000 0.000 0.000 0.000 0.000 0.000 0.000 0.000 0.000 0.000 0.000 0.000 0.000 0.000 0.000 0.000 0.000 0.000 0.000 0.000 0.000 0.000 0.000 0.000 0.000 0.000 0.000 0.000 0.000 0.001
0.000 0.000 0.000 0.000 0.000 0.000 0.000 0.000 0.000 0.000 0.000 0.000 0.000 0.000 0.000 0.001 0.001 0.001 0.001 0.002 0.003 0.003 0.004 0.004 0.005 0.005 0.005 0.005 0.005 0.004 0.004 0.003 0.002 0.002 0.001 0.001 0.001 0.001 0.001 0.000 0.000 0.000 0.000 0.000 0.000 0.000 0.000 0.000 0.000 0.000 0.000 0.000 0.000 0.000 0.000 0.000 0.000 0.000 0.000 0.000 0.000 0.000 0.000 0.000 0.000 0.000 0.000 0.000 0.000 0.000 0.000 0.000 0.000 0.000 0.000 0.000 0.000
0.000 0.000 0.000 0.000 0.000 0.000 0.000 0.000 0.000 0.000 0.000 0.000 0.000 0.000 0.000 0.000 0.001 0.001 0.001 0.002 0.002 0.003 0.003 0.003 0.004 0.004 0.003 0.003 0.003 0.003 0.002 0.002 0.001 0.001 0.001 0.001 0.001 0.001 0.000 0.000 0.000 0.000 0.000 0.000 0.000 0.000 0.000 0.000 0.000 0.000 0.000 0.000 0.000 0.000 0.000 0.000 0.000 0.000 0.000 0.000 0.000 0.000 0.000 0.000 0.000 0.000 0.000 0.000 0.000 0.000 0.000 0.000 0.000 0.000 0.000 0.000 0.000
0.000 0.000 0.000 0.000 0.000 0.000 0.000 0.000 0.000 0.000 0.000 0.000 0.000 0.000 0.000 0.000 0.001 0.001 0.001 0.001 0.002 0.002 0.002 0.002 0.002 0.002 0.002 0.002 0.002 0.002 0.001 0.001 0.001 0.001 0.001 0.001 0.000 0.000 0.000 0.000 0.000 0.000 0.000 0.000 0.000 0.000 0.000 0.000 0.000 0.000 0.000 0.000 0.000 0.000 0.000 0.000 0.000 0.000 0.000 0.000 0.000 0.000 0.000 0.000 0.000 0.000 0.000 0.000 0.000 0.000 0.000 0.000 0.000 0.000 0.000 0.000 0.000
