RESULTS/r.avaflow_results/23_results/23_ascii/23_hflow0048.asc
ncols 506
nrows 317
xllcenter 498237.50
yllcenter 5580050.00
cellsize 12.50
NODATA_value -9999.000
[rows 170 to 203 of 317, columns 77 to 153 of 506]
0.000 0.000 0.000 0.000 0.000 0.000 0.001 0.001 0.003 0.004 0.007 0.009 0.014 0.022 0.034 0.049 0.066 0.084 0.104 0.128 0.160 0.209 0.292 0.427 0.621 0.794 0.896 0.952 0.986 1.005 1.010 1.008 0.994 0.960 0.902 0.838 0.792 0.769 0.763 0.780 0.837 0.980 1.307 1.922 2.835 3.867 4.818 5.757 6.745 7.816 8.992 10.246 11.438 12.397 12.992 13.252 13.405 13.576 13.806 14.101 14.441 14.793 15.079 15.306 15.511 15.635 15.591 15.392 15.089 14.696 14.283 13.912 13.583 13.319 13.123 12.972 12.800
0.000 0.000 0.000 0.000 0.000 0.001 0.002 0.005 0.008 0.011 0.017 0.025 0.038 0.057 0.081 0.110 0.140 0.173 0.211 0.255 0.313 0.396 0.522 0.704 0.911 1.058 1.139 1.186 1.213 1.224 1.224 1.217 1.194 1.145 1.080 1.031 1.009 1.009 1.037 1.120 1.308 1.673 2.315 3.295 4.550 5.737 6.777 7.791 8.806 9.819 10.824 11.780 12.586 13.133 13.400 13.508 13.622 13.770 13.974 14.247 14.544 14.841 15.094 15.317 15.515 15.600 15.486 15.213 14.884 14.563 14.295 14.094 13.976 13.965 14.052 14.223 14.429
0.000 0.000 0.000 0.000 0.001 0.003 0.006 0.010 0.016 0.024 0.035 0.052 0.079 0.114 0.156 0.200 0.248 0.301 0.363 0.436 0.528 0.652 0.825 1.033 1.205 1.315 1.384 1.424 1.444 1.449 1.446 1.430 1.392 1.326 1.273 1.254 1.260 1.299 1.400 1.633 2.073 2.781 3.810 5.173 6.600 7.738 8.704 9.652 10.577 11.452 12.222 12.841 13.249 13.442 13.488 13.538 13.645 13.787 13.981 14.231 14.507 14.788 15.037 15.254 15.424 15.440 15.260 14.967 14.703 14.511 14.398 14.385 14.473 14.657 14.947 15.385 16.012
0.000 0.000 0.000 0.000 0.001 0.004 0.009 0.016 0.026 0.040 0.059 0.087 0.126 0.177 0.236 0.303 0.375 0.455 0.547 0.656 0.788 0.953 1.156 1.344 1.482 1.575 1.635 1.667 1.680 1.682 1.673 1.644 1.581 1.495 1.451 1.445 1.477 1.594 1.860 2.376 3.214 4.384 5.825 7.313 8.569 9.540 10.397 11.217 11.978 12.647 13.165 13.485 13.595 13.556 13.493 13.514 13.599 13.730 13.911 14.130 14.384 14.645 14.881 15.078 15.201 15.161 14.970 14.721 14.551 14.478 14.494 14.598 14.784 15.067 15.487 16.122 17.048
0.000 0.000 0.000 0.000 0.002 0.006 0.012 0.020 0.033 0.051 0.076 0.111 0.159 0.222 0.299 0.391 0.498 0.619 0.752 0.901 1.073 1.272 1.474 1.640 1.760 1.843 1.894 1.919 1.926 1.924 1.906 1.859 1.765 1.652 1.598 1.593 1.637 1.811 2.252 3.114 4.442 6.149 7.815 9.178 10.260 11.111 11.834 12.466 13.006 13.424 13.692 13.789 13.724 13.565 13.455 13.446 13.497 13.603 13.753 13.943 14.168 14.397 14.600 14.761 14.842 14.800 14.661 14.484 14.397 14.418 14.508 14.660 14.892 15.239 15.754 16.510 17.566
0.000 0.000 0.000 0.000 0.002 0.006 0.013 0.022 0.036 0.056 0.084 0.124 0.179 0.253 0.347 0.463 0.604 0.771 0.961 1.170 1.385 1.599 1.789 1.939 2.049 2.122 2.164 2.182 2.184 2.176 2.145 2.076 1.951 1.798 1.717 1.704 1.749 1.945 2.481 3.569 5.276 7.464 9.332 10.701 11.706 12.450 12.989 13.382 13.686 13.873 13.939 13.880 13.726 13.519 13.367 13.307 13.316 13.391 13.510 13.673 13.853 14.036 14.200 14.322 14.382 14.376 14.312 14.214 14.193 14.285 14.428 14.621 14.881 15.264 15.825 16.621 17.687
0.000 0.000 0.000 0.000 0.002 0.006 0.013 0.023 0.037 0.058 0.087 0.129 0.190 0.272 0.380 0.516 0.685 0.894 1.146 1.434 1.701 1.925 2.110 2.250 2.350 2.414 2.446 2.457 2.456 2.439 2.393 2.299 2.139 1.938 1.819 1.791 1.827 2.016 2.563 3.747 5.701 8.297 10.471 11.952 12.926 13.538 13.865 14.021 14.114 14.114 14.020 13.860 13.662 13.420 13.224 13.103 13.067 13.102 13.188 13.311 13.455 13.591 13.696 13.781 13.837 13.866 13.861 13.825 13.843 13.972 14.149 14.382 14.682 15.100 15.698 16.513 17.563
0.000 0.000 0.000 0.000 0.002 0.006 0.013 0.023 0.037 0.057 0.087 0.130 0.194 0.282 0.399 0.548 0.739 0.981 1.285 1.653 1.990 2.247 2.438 2.575 2.667 2.719 2.742 2.747 2.741 2.713 2.649 2.529 2.333 2.080 1.913 1.859 1.880 2.044 2.565 3.757 5.822 8.731 11.288 12.944 13.903 14.355 14.494 14.487 14.401 14.234 14.017 13.788 13.530 13.257 13.025 12.855 12.767 12.759 12.810 12.888 12.978 13.059 13.118 13.161 13.199 13.226 13.239 13.231 13.258 13.387 13.576 13.825 14.148 14.594 15.227 16.066 17.122
0.000 0.000 0.000 0.000 0.002 0.006 0.012 0.021 0.035 0.054 0.083 0.128 0.193 0.284 0.406 0.563 0.766 1.028 1.368 1.804 2.243 2.563 2.776 2.915 2.999 3.041 3.055 3.056 3.042 2.999 2.914 2.767 2.538 2.231 2.006 1.912 1.912 2.044 2.517 3.670 5.772 8.869 11.797 13.661 14.610 14.923 14.943 14.821 14.571 14.259 13.949 13.650 13.335 13.031 12.770 12.567 12.441 12.392 12.391 12.414 12.455 12.480 12.485 12.475 12.461 12.443 12.429 12.407 12.412 12.512 12.687 12.938 13.283 13.761 14.422 15.290 16.364
0.000 0.000 0.000 0.000 0.002 0.005 0.010 0.018 0.029 0.047 0.073 0.116 0.182 0.277 0.403 0.565 0.773 1.045 1.403 1.877 2.430 2.856 3.119 3.270 3.350 3.384 3.391 3.385 3.360 3.301 3.191 3.018 2.758 2.400 2.105 1.957 1.930 2.017 2.410 3.462 5.554 8.779 12.001 14.080 15.052 15.270 15.221 14.990 14.624 14.209 13.827 13.456 13.092 12.762 12.476 12.251 12.099 12.014 11.974 11.946 11.929 11.890 11.842 11.779 11.707 11.627 11.545 11.453 11.386 11.417 11.550 11.794 12.169 12.692 13.393 14.277 15.361
0.000 0.000 0.000 0.000 0.001 0.003 0.007 0.012 0.020 0.033 0.055 0.092 0.153 0.247 0.376 0.546 0.762 1.040 1.405 1.889 2.516 3.089 3.443 3.619 3.698 3.727 3.732 3.724 3.689 3.615 3.485 3.286 2.997 2.597 2.225 2.010 1.945 1.983 2.267 3.162 5.164 8.481 11.957 14.212 15.258 15.445 15.331 15.026 14.592 14.103 13.636 13.208 12.815 12.465 12.161 11.914 11.735 11.616 11.531 11.458 11.383 11.289 11.191 11.077 10.953 10.823 10.685 10.538 10.418 10.396 10.480 10.685 11.032 11.538 12.227 13.096 14.156
0.000 0.000 0.000 0.000 0.001 0.002 0.004 0.007 0.011 0.018 0.030 0.054 0.100 0.180 0.302 0.470 0.690 0.973 1.342 1.836 2.487 3.202 3.702 3.939 4.022 4.047 4.049 4.037 3.996 3.915 3.779 3.567 3.257 2.832 2.386 2.092 1.975 1.982 2.172 2.865 4.647 7.900 11.634 14.111 15.280 15.479 15.320 14.970 14.475 13.915 13.376 12.909 12.499 12.139 11.824 11.558 11.348 11.190 11.060 10.943 10.822 10.680 10.529 10.364 10.193 10.018 9.840 9.658 9.516 9.470 9.528 9.700 10.002 10.439 11.025 11.790 12.756
0.000 0.000 0.000 0.000 0.000 0.001 0.002 0.003 0.005 0.008 0.014 0.025 0.047 0.093 0.177 0.314 0.510 0.771 1.121 1.609 2.291 3.144 3.831 4.197 4.309 4.330 4.330 4.313 4.271 4.190 4.057 3.850 3.543 3.116 2.613 2.239 2.053 2.023 2.147 2.675 4.126 7.069 10.976 13.712 15.080 15.367 15.202 14.798 14.239 13.612 13.041 12.560 12.143 11.777 11.454 11.173 10.932 10.732 10.564 10.402 10.238 10.050 9.851 9.638 9.421 9.208 8.999 8.802 8.659 8.603 8.644 8.790 9.040 9.397 9.871 10.485 11.271
0.000 0.000 0.000 0.000 0.000 0.000 0.001 0.001 0.002 0.003 0.006 0.010 0.018 0.037 0.075 0.146 0.261 0.440 0.716 1.154 1.849 2.856 3.795 4.341 4.537 4.565 4.562 4.545 4.506 4.434 4.316 4.132 3.852 3.451 2.934 2.491 2.229 2.149 2.212 2.600 3.740 6.231 10.028 12.979 14.510 14.930 14.840 14.458 13.867 13.191 12.605 12.127 11.715 11.361 11.041 10.753 10.488 10.247 10.034 9.829 9.622 9.395 9.154 8.900 8.640 8.391 8.163 7.970 7.837 7.779 7.805 7.919 8.118 8.400 8.777 9.270 9.902
0.000 0.000 0.000 0.000 0.000 0.000 0.000 0.000 0.001 0.001 0.002 0.004 0.007 0.014 0.028 0.055 0.106 0.194 0.349 0.645 1.238 2.299 3.564 4.353 4.675 4.741 4.743 4.730 4.699 4.645 4.552 4.405 4.179 3.838 3.362 2.880 2.557 2.415 2.419 2.680 3.551 5.537 8.874 11.899 13.534 14.086 14.097 13.831 13.304 12.640 12.043 11.577 11.199 10.879 10.573 10.282 10.013 9.745 9.487 9.237 8.983 8.717 8.437 8.142 7.841 7.567 7.337 7.160 7.041 6.985 6.994 7.069 7.215 7.436 7.740 8.139 8.635
0.000 0.000 0.000 0.000 0.000 0.000 0.000 0.000 0.000 0.001 0.001 0.002 0.003 0.006 0.011 0.022 0.044 0.084 0.163 0.337 0.747 1.650 3.065 4.176 4.701 4.848 4.869 4.867 4.852 4.818 4.757 4.653 4.491 4.249 3.883 3.430 3.077 2.888 2.846 2.979 3.600 5.082 7.692 10.480 12.172 12.864 12.975 12.844 12.484 11.930 11.341 10.873 10.522 10.250 10.006 9.748 9.497 9.221 8.934 8.635 8.332 8.020 7.696 7.360 7.039 6.764 6.541 6.374 6.265 6.208 6.197 6.232 6.329 6.500 6.751 7.071 7.425
0.000 0.000 0.000 0.000 0.000 0.000 0.000 0.000 0.000 0.000 0.001 0.001 0.002 0.003 0.007 0.013 0.025 0.048 0.094 0.197 0.457 1.101 2.351 3.742 4.558 4.875 4.940 4.957 4.965 4.954 4.922 4.860 4.757 4.601 4.373 4.062 3.783 3.603 3.532 3.565 3.906 4.908 6.802 9.083 10.605 11.333 11.515 11.494 11.346 11.004 10.508 10.009 9.651 9.439 9.284 9.112 8.920 8.669 8.372 8.036 7.682 7.317 6.952 6.599 6.283 6.015 5.794 5.625 5.509 5.439 5.402 5.403 5.458 5.586 5.789 6.022 6.227
0.000 0.000 0.000 0.000 0.000 0.000 0.000 0.000 0.000 0.000 0.000 0.001 0.001 0.003 0.006 0.011 0.022 0.041 0.078 0.152 0.321 0.741 1.644 3.029 4.185 4.773 4.959 5.009 5.043 5.059 5.052 5.023 4.965 4.875 4.744 4.566 4.418 4.333 4.305 4.325 4.491 5.082 6.319 8.036 9.303 9.945 10.128 10.139 10.092 9.919 9.598 9.157 8.743 8.503 8.399 8.325 8.230 8.055 7.773 7.423 7.034 6.629 6.244 5.887 5.570 5.302 5.084 4.914 4.780 4.677 4.609 4.578 4.595 4.672 4.801 4.914 4.939
0.000 0.000 0.000 0.000 0.000 0.000 0.000 0.000 0.000 0.000 0.000 0.001 0.002 0.003 0.006 0.012 0.023 0.043 0.080 0.149 0.279 0.552 1.146 2.224 3.555 4.479 4.889 5.020 5.085 5.132 5.149 5.143 5.120 5.076 5.006 4.919 4.857 4.834 4.847 4.910 5.074 5.423 6.147 7.334 8.332 8.867 9.049 9.086 9.073 8.988 8.783 8.451 8.034 7.701 7.526 7.450 7.402 7.312 7.097 6.770 6.374 5.951 5.563 5.205 4.881 4.608 4.391 4.220 4.069 3.932 3.824 3.755 3.723 3.715 3.695 3.620 3.445
0.000 0.000 0.000 0.000 0.000 0.000 0.000 0.000 0.000 0.000 0.000 0.001 0.002 0.004 0.009 0.017 0.032 0.056 0.096 0.164 0.282 0.486 0.871 1.605 2.795 3.973 4.663 4.964 5.092 5.167 5.213 5.229 5.227 5.212 5.183 5.149 5.134 5.142 5.180 5.270 5.436 5.715 6.178 6.927 7.655 8.067 8.229 8.274 8.272 8.224 8.082 7.828 7.470 7.092 6.820 6.652 6.534 6.437 6.289 6.032 5.672 5.256 4.867 4.517 4.199 3.926 3.707 3.528 3.362 3.198 3.045 2.910 2.780 2.623 2.418 2.171 1.902
0.000 0.000 0.000 0.000 0.000 0.000 0.000 0.000 0.000 0.000 0.000 0.001 0.003 0.007 0.015 0.029 0.052 0.085 0.134 0.205 0.313 0.486 0.768 1.271 2.152 3.328 4.247 4.764 5.035 5.177 5.252 5.286 5.296 5.294 5.287 5.280 5.285 5.311 5.364 5.461 5.616 5.851 6.199 6.693 7.174 7.464 7.592 7.629 7.628 7.588 7.470 7.263 6.963 6.600 6.264 5.989 5.759 5.552 5.357 5.132 4.828 4.448 4.061 3.726 3.437 3.181 2.963 2.767 2.576 2.378 2.160 1.928 1.695 1.469 1.253 1.048 0.860
0.000 0.000 0.000 0.000 0.000 0.000 0.000 0.000 0.000 0.000 0.001 0.002 0.004 0.011 0.025 0.049 0.086 0.135 0.197 0.275 0.378 0.527 0.760 1.141 1.782 2.732 3.702 4.401 4.852 5.118 5.257 5.316 5.330 5.332 5.334 5.338 5.356 5.394 5.452 5.550 5.692 5.886 6.160 6.506 6.799 6.981 7.063 7.086 7.078 7.037 6.925 6.737 6.472 6.139 5.778 5.427 5.092 4.769 4.449 4.131 3.807 3.446 3.074 2.750 2.474 2.229 2.006 1.795 1.588 1.377 1.168 0.976 0.804 0.653 0.523 0.414 0.328
0.000 0.000 0.000 0.000 0.000 0.000 0.000 0.000 0.000 0.000 0.001 0.002 0.005 0.014 0.032 0.066 0.118 0.186 0.268 0.363 0.476 0.617 0.815 1.129 1.627 2.342 3.200 3.962 4.552 4.955 5.195 5.311 5.336 5.337 5.344 5.352 5.376 5.421 5.482 5.576 5.706 5.876 6.086 6.296 6.453 6.549 6.592 6.601 6.584 6.528 6.417 6.238 5.990 5.671 5.300 4.900 4.484 4.053 3.615 3.176 2.751 2.355 2.004 1.707 1.458 1.244 1.055 0.889 0.739 0.601 0.480 0.379 0.295 0.230 0.181 0.144 0.116
0.000 0.000 0.000 0.000 0.000 0.000 0.000 0.000 0.000 0.000 0.001 0.002 0.006 0.014 0.035 0.073 0.134 0.216 0.316 0.433 0.571 0.734 0.930 1.196 1.598 2.160 2.860 3.586 4.215 4.705 5.040 5.233 5.306 5.319 5.333 5.347 5.375 5.422 5.486 5.576 5.694 5.827 5.954 6.054 6.119 6.147 6.148 6.137 6.105 6.042 5.932 5.760 5.520 5.201 4.814 4.372 3.882 3.348 2.794 2.269 1.810 1.438 1.143 0.909 0.721 0.568 0.444 0.344 0.264 0.200 0.152 0.117 0.092 0.074 0.060 0.050 0.042
0.000 0.000 0.000 0.000 0.000 0.000 0.000 0.000 0.000 0.001 0.001 0.002 0.006 0.014 0.034 0.074 0.137 0.227 0.343 0.480 0.641 0.828 1.048 1.309 1.648 2.103 2.677 3.324 3.916 4.416 4.805 5.063 5.197 5.248 5.283 5.312 5.352 5.400 5.464 5.543 5.626 5.702 5.752 5.777 5.776 5.753 5.712 5.664 5.616 5.557 5.455 5.289 5.040 4.683 4.221 3.691 3.112 2.484 1.874 1.380 1.015 0.744 0.545 0.399 0.290 0.210 0.152 0.110 0.080 0.059 0.045 0.036 0.030 0.025 0.022 0.019 0.018
0.000 0.000 0.000 0.000 0.000 0.000 0.001 0.001 0.001 0.001 0.001 0.002 0.005 0.013 0.031 0.068 0.132 0.227 0.354 0.510 0.690 0.895 1.125 1.388 1.697 2.087 2.570 3.131 3.670 4.135 4.522 4.813 5.001 5.102 5.170 5.224 5.280 5.338 5.396 5.449 5.486 5.507 5.497 5.467 5.415 5.348 5.267 5.167 5.071 4.988 4.878 4.682 4.361 3.883 3.259 2.596 1.963 1.400 0.965 0.661 0.450 0.305 0.209 0.145 0.101 0.070 0.048 0.034 0.024 0.018 0.015 0.013 0.012 0.011 0.010 0.010 0.010
0.000 0.000 0.000 0.000 0.001 0.001 0.001 0.001 0.001 0.001 0.001 0.002 0.003 0.009 0.023 0.055 0.116 0.215 0.352 0.526 0.726 0.941 1.171 1.423 1.712 2.060 2.475 2.956 3.440 3.867 4.231 4.523 4.738 4.884 4.986 5.066 5.140 5.202 5.242 5.266 5.266 5.246 5.196 5.122 5.020 4.904 4.779 4.631 4.458 4.268 4.045 3.729 3.263 2.631 1.939 1.358 0.916 0.594 0.376 0.238 0.153 0.101 0.069 0.048 0.033 0.022 0.015 0.011 0.008 0.007 0.007 0.006 0.006 0.006 0.006 0.007 0.007
0.000 0.000 0.001 0.001 0.001 0.001 0.001 0.001 0.001 0.001 0.001 0.001 0.002 0.005 0.014 0.037 0.089 0.188 0.338 0.532 0.750 0.969 1.193 1.433 1.705 2.019 2.376 2.784 3.208 3.592 3.926 4.206 4.431 4.606 4.738 4.837 4.918 4.971 4.992 4.995 4.978 4.934 4.853 4.742 4.590 4.409 4.211 3.994 3.730 3.393 2.983 2.511 1.983 1.427 0.940 0.583 0.348 0.203 0.119 0.072 0.046 0.031 0.021 0.014 0.010 0.007 0.005 0.004 0.004 0.004 0.004 0.004 0.004 0.004 0.005 0.005 0.006
0.001 0.001 0.001 0.001 0.002 0.002 0.002 0.001 0.001 0.001 0.001 0.001 0.001 0.003 0.008 0.024 0.064 0.154 0.310 0.524 0.762 0.980 1.197 1.428 1.681 1.960 2.268 2.608 2.970 3.305 3.606 3.869 4.091 4.277 4.421 4.529 4.605 4.642 4.650 4.648 4.624 4.568 4.470 4.325 4.124 3.871 3.582 3.269 2.913 2.491 2.017 1.541 1.087 0.696 0.409 0.229 0.124 0.067 0.037 0.022 0.013 0.009 0.006 0.004 0.003 0.002 0.002 0.002 0.002 0.002 0.002 0.002 0.003 0.003 0.004 0.004 0.006
0.002 0.002 0.002 0.002 0.002 0.002 0.002 0.001 0.001 0.001 0.001 0.001 0.001 0.002 0.005 0.016 0.047 0.125 0.277 0.505 0.763 0.981 1.191 1.408 1.636 1.880 2.141 2.421 2.721 3.007 3.268 3.505 3.708 3.883 4.024 4.132 4.201 4.233 4.239 4.235 4.210 4.151 4.046 3.879 3.642 3.341 3.000 2.626 2.211 1.759 1.308 0.904 0.570 0.327 0.175 0.090 0.045 0.022 0.012 0.006 0.004 0.002 0.002 0.001 0.001 0.001 0.001 0.001 0.001 0.001 0.001 0.002 0.002 0.002 0.003 0.004 0.006
0.003 0.003 0.003 0.002 0.002 0.002 0.002 0.001 0.001 0.001 0.001 0.001 0.001 0.002 0.004 0.011 0.034 0.098 0.238 0.466 0.745 0.973 1.172 1.369 1.569 1.776 1.992 2.218 2.458 2.695 2.914 3.108 3.276 3.421 3.541 3.639 3.715 3.759 3.776 3.774 3.753 3.695 3.587 3.411 3.161 2.845 2.482 2.075 1.638 1.212 0.834 0.523 0.296 0.154 0.076 0.036 0.017 0.008 0.004 0.002 0.001 0.001 0.001 0.000 0.000 0.000 0.001 0.000 0.000 0.000 0.001 0.001 0.001 0.002 0.002 0.004 0.006
0.004 0.004 0.004 0.003 0.003 0.002 0.002 0.001 0.001 0.001 0.001 0.001 0.001 0.002 0.003 0.007 0.022 0.069 0.186 0.397 0.683 0.938 1.135 1.309 1.478 1.647 1.818 1.994 2.179 2.365 2.533 2.675 2.793 2.890 2.971 3.046 3.128 3.202 3.245 3.260 3.252 3.207 3.103 2.929 2.684 2.372 2.005 1.593 1.179 0.815 0.515 0.293 0.150 0.072 0.033 0.014 0.006 0.003 0.001 0.001 0.001 0.000 0.000 0.000 0.000 0.000 0.000 0.001 0.000 0.000 0.000 0.000 0.001 0.001 0.002 0.004 0.008
0.006 0.005 0.004 0.003 0.003 0.002 0.002 0.002 0.001 0.001 0.002 0.002 0.002 0.002 0.002 0.004 0.012 0.038 0.115 0.280 0.541 0.830 1.056 1.223 1.361 1.490 1.618 1.748 1.882 2.011 2.121 2.205 2.263 2.297 2.318 2.348 2.404 2.489 2.561 2.608 2.632 2.625 2.563 2.419 2.197 1.903 1.544 1.154 0.804 0.515 0.296 0.152 0.072 0.032 0.013 0.006 0.002 0.001 0.001 0.000 0.000 0.000 0.000 0.000 0.000 0.000 0.000 0.000 0.000 0.000 0.000 0.000 0.001 0.001 0.002 0.005 0.011
0.007 0.006 0.005 0.003 0.003 0.002 0.002 0.002 0.002 0.002 0.002 0.002 0.002 0.002 0.002 0.003 0.006 0.016 0.050 0.138 0.315 0.588 0.863 1.059 1.196 1.300 1.391 1.478 1.560 1.630 1.679 1.704 1.703 1.681 1.636 1.586 1.568 1.600 1.657 1.716 1.776 1.830 1.844 1.785 1.637 1.399 1.084 0.757 0.490 0.287 0.150 0.071 0.031 0.013 0.005 0.002 0.001 0.001 0.000 0.000 0.000 0.000 0.000 0.000 0.000 0.000 0.000 0.000 0.000 0.000 0.000 0.000 0.001 0.001 0.003 0.007 0.020
