RESULTS/r.avaflow_results/23_results/23_ascii/23_hflow30057.asc
ncols 506
nrows 317
xllcenter 498237.50
yllcenter 5580050.00
cellsize 12.50
NODATA_value -9999.000
[rows 170 to 203 of 317, columns 154 to 230 of 506]
8.593 8.661 8.669 8.631 8.556 8.434 8.298 8.188 8.094 8.006 7.920 7.830 7.720 7.555 7.288 6.881 6.343 5.720 5.058 4.388 3.716 3.040 2.422 1.912 1.520 1.238 1.058 0.967 0.943 0.946 0.964 0.995 1.019 1.036 1.055 1.086 1.137 1.175 1.182 1.162 1.113 1.047 0.990 0.934 0.870 0.788 0.681 0.564 0.461 0.368 0.288 0.230 0.188 0.159 0.141 0.131 0.127 0.129 0.135 0.140 0.145 0.148 0.150 0.152 0.154 0.158 0.168 0.196 0.262 0.401 0.582 0.688 0.717 0.694 0.596 0.422 0.263
10.297 10.620 10.819 10.911 10.934 10.910 10.851 10.766 10.664 10.553 10.439 10.327 10.208 10.050 9.789 9.349 8.708 7.897 6.976 5.997 5.003 4.065 3.226 2.528 1.986 1.583 1.305 1.142 1.082 1.082 1.109 1.152 1.178 1.186 1.187 1.190 1.200 1.206 1.197 1.160 1.091 1.007 0.932 0.858 0.774 0.664 0.517 0.370 0.258 0.186 0.143 0.116 0.100 0.091 0.086 0.086 0.088 0.094 0.101 0.106 0.107 0.108 0.108 0.107 0.107 0.109 0.117 0.137 0.184 0.280 0.446 0.598 0.667 0.680 0.652 0.563 0.408
12.250 12.936 13.370 13.597 13.682 13.689 13.653 13.579 13.479 13.363 13.238 13.107 12.973 12.813 12.559 12.107 11.400 10.449 9.328 8.104 6.819 5.562 4.411 3.428 2.642 2.041 1.604 1.324 1.184 1.145 1.153 1.185 1.209 1.213 1.206 1.194 1.183 1.170 1.140 1.071 0.961 0.842 0.738 0.637 0.527 0.398 0.268 0.176 0.122 0.091 0.073 0.063 0.058 0.056 0.056 0.059 0.064 0.072 0.078 0.081 0.082 0.081 0.079 0.078 0.078 0.079 0.084 0.098 0.130 0.193 0.314 0.483 0.610 0.661 0.667 0.638 0.551
13.622 14.624 15.285 15.670 15.876 15.977 16.016 16.001 15.950 15.871 15.768 15.649 15.526 15.386 15.172 14.772 14.108 13.170 12.001 10.662 9.206 7.670 6.144 4.778 3.638 2.729 2.043 1.573 1.302 1.181 1.150 1.160 1.172 1.170 1.154 1.121 1.080 1.035 0.968 0.847 0.680 0.529 0.414 0.324 0.247 0.174 0.118 0.082 0.061 0.049 0.042 0.039 0.038 0.038 0.039 0.042 0.048 0.056 0.061 0.063 0.063 0.062 0.060 0.060 0.059 0.060 0.064 0.074 0.094 0.134 0.210 0.351 0.526 0.631 0.662 0.660 0.622
14.293 15.497 16.362 16.947 17.346 17.627 17.820 17.927 17.959 17.933 17.864 17.757 17.646 17.529 17.360 17.034 16.457 15.604 14.500 13.197 11.726 10.096 8.305 6.482 4.879 3.574 2.582 1.884 1.443 1.208 1.108 1.070 1.049 1.029 0.991 0.928 0.853 0.766 0.653 0.500 0.353 0.253 0.188 0.143 0.107 0.078 0.057 0.043 0.035 0.030 0.028 0.027 0.027 0.027 0.029 0.032 0.037 0.044 0.048 0.050 0.050 0.049 0.048 0.048 0.048 0.050 0.053 0.059 0.072 0.096 0.143 0.235 0.404 0.568 0.640 0.654 0.640
14.421 15.703 16.714 17.493 18.105 18.588 18.955 19.199 19.319 19.340 19.296 19.182 19.078 18.992 18.880 18.649 18.201 17.482 16.470 15.182 13.658 11.916 9.935 7.741 5.756 4.147 2.933 2.083 1.533 1.206 1.026 0.920 0.845 0.773 0.689 0.596 0.506 0.422 0.334 0.239 0.166 0.118 0.088 0.067 0.052 0.040 0.032 0.027 0.023 0.022 0.021 0.021 0.021 0.021 0.023 0.025 0.029 0.035 0.039 0.041 0.041 0.041 0.041 0.041 0.042 0.044 0.046 0.051 0.059 0.075 0.104 0.163 0.280 0.457 0.582 0.626 0.629
14.284 15.612 16.697 17.578 18.320 18.940 19.409 19.733 19.917 19.975 19.939 19.804 19.706 19.668 19.618 19.471 19.140 18.554 17.651 16.396 14.818 12.959 10.814 8.390 6.172 4.393 3.068 2.154 1.557 1.172 0.917 0.734 0.586 0.463 0.365 0.294 0.243 0.200 0.155 0.112 0.081 0.060 0.046 0.036 0.030 0.025 0.021 0.019 0.018 0.017 0.017 0.017 0.017 0.017 0.018 0.020 0.023 0.027 0.031 0.033 0.035 0.036 0.037 0.038 0.039 0.040 0.043 0.046 0.052 0.062 0.082 0.120 0.194 0.328 0.479 0.564 0.593
13.844 15.253 16.458 17.462 18.290 18.949 19.429 19.756 19.953 20.025 19.992 19.842 19.746 19.741 19.726 19.615 19.335 18.819 17.991 16.786 15.194 13.266 11.031 8.516 6.230 4.405 3.056 2.130 1.510 1.078 0.763 0.526 0.356 0.245 0.175 0.135 0.111 0.092 0.073 0.056 0.043 0.034 0.028 0.023 0.020 0.017 0.016 0.014 0.014 0.014 0.014 0.014 0.014 0.014 0.015 0.016 0.018 0.021 0.025 0.028 0.030 0.032 0.034 0.035 0.037 0.038 0.041 0.043 0.048 0.055 0.069 0.094 0.141 0.224 0.350 0.464 0.530
13.115 14.619 15.950 17.084 18.000 18.679 19.133 19.416 19.578 19.634 19.602 19.458 19.357 19.343 19.323 19.210 18.947 18.485 17.722 16.564 14.991 13.043 10.758 8.218 5.956 4.159 2.836 1.926 1.307 0.866 0.542 0.322 0.193 0.122 0.084 0.065 0.054 0.046 0.038 0.031 0.026 0.022 0.019 0.016 0.015 0.013 0.012 0.012 0.011 0.011 0.011 0.011 0.011 0.011 0.012 0.013 0.015 0.017 0.020 0.023 0.026 0.029 0.031 0.033 0.035 0.037 0.039 0.042 0.045 0.051 0.061 0.078 0.109 0.161 0.242 0.346 0.436
12.144 13.714 15.128 16.329 17.278 17.952 18.372 18.591 18.671 18.678 18.638 18.550 18.452 18.360 18.245 18.067 17.784 17.345 16.641 15.536 13.975 11.994 9.663 7.229 5.134 3.484 2.269 1.433 0.880 0.518 0.292 0.164 0.096 0.061 0.044 0.035 0.030 0.026 0.023 0.020 0.017 0.016 0.014 0.012 0.011 0.010 0.010 0.009 0.009 0.009 0.009 0.009 0.009 0.009 0.010 0.011 0.012 0.014 0.016 0.019 0.022 0.026 0.029 0.031 0.033 0.035 0.038 0.040 0.043 0.048 0.055 0.068 0.090 0.124 0.177 0.249 0.330
10.940 12.496 13.930 15.141 16.094 16.769 17.173 17.331 17.333 17.277 17.252 17.253 17.187 16.986 16.703 16.401 16.053 15.577 14.833 13.667 12.012 9.916 7.591 5.446 3.684 2.327 1.360 0.748 0.409 0.226 0.127 0.075 0.048 0.033 0.026 0.022 0.019 0.017 0.016 0.014 0.013 0.012 0.011 0.010 0.009 0.008 0.007 0.007 0.007 0.007 0.007 0.007 0.007 0.007 0.008 0.009 0.010 0.012 0.014 0.016 0.019 0.023 0.026 0.029 0.032 0.034 0.036 0.039 0.041 0.045 0.052 0.063 0.080 0.105 0.142 0.191 0.253
9.494 10.933 12.345 13.567 14.560 15.288 15.721 15.871 15.851 15.778 15.783 15.819 15.756 15.479 15.062 14.629 14.163 13.534 12.561 11.102 9.107 6.796 4.680 3.078 1.933 1.129 0.599 0.299 0.156 0.088 0.055 0.037 0.027 0.021 0.017 0.015 0.014 0.013 0.012 0.011 0.010 0.009 0.008 0.007 0.007 0.006 0.006 0.005 0.005 0.005 0.005 0.005 0.006 0.006 0.007 0.008 0.009 0.010 0.012 0.014 0.017 0.020 0.023 0.027 0.030 0.032 0.035 0.037 0.040 0.044 0.051 0.061 0.076 0.097 0.126 0.163 0.208
7.886 9.122 10.465 11.723 12.790 13.603 14.113 14.318 14.329 14.285 14.268 14.240 14.093 13.755 13.277 12.735 12.095 11.178 9.780 7.781 5.514 3.549 2.178 1.306 0.764 0.419 0.211 0.106 0.060 0.039 0.028 0.021 0.017 0.014 0.013 0.011 0.010 0.009 0.009 0.008 0.007 0.007 0.006 0.005 0.005 0.005 0.004 0.004 0.004 0.004 0.004 0.004 0.005 0.005 0.006 0.007 0.008 0.010 0.011 0.013 0.015 0.017 0.021 0.024 0.027 0.030 0.033 0.036 0.039 0.044 0.051 0.061 0.076 0.096 0.121 0.151 0.188
6.411 7.363 8.470 9.660 10.742 11.605 12.187 12.475 12.542 12.512 12.401 12.200 11.885 11.453 10.910 10.234 9.340 8.009 6.121 4.125 2.516 1.407 0.754 0.414 0.234 0.130 0.071 0.041 0.028 0.021 0.017 0.014 0.012 0.010 0.009 0.008 0.008 0.007 0.006 0.006 0.005 0.005 0.004 0.004 0.004 0.003 0.003 0.003 0.003 0.003 0.003 0.004 0.004 0.005 0.006 0.007 0.008 0.009 0.011 0.012 0.014 0.016 0.019 0.022 0.025 0.028 0.032 0.035 0.039 0.044 0.051 0.062 0.077 0.096 0.120 0.149 0.183
5.076 5.735 6.480 7.354 8.252 9.007 9.555 9.871 9.977 9.945 9.746 9.357 8.812 8.171 7.454 6.611 5.540 4.192 2.743 1.576 0.818 0.402 0.207 0.119 0.072 0.045 0.030 0.021 0.016 0.014 0.012 0.010 0.009 0.008 0.007 0.006 0.006 0.005 0.005 0.004 0.004 0.003 0.003 0.003 0.003 0.002 0.002 0.002 0.002 0.003 0.003 0.004 0.004 0.005 0.006 0.007 0.008 0.009 0.010 0.012 0.013 0.015 0.017 0.020 0.023 0.027 0.031 0.035 0.040 0.045 0.054 0.065 0.080 0.099 0.123 0.152 0.187
3.831 4.205 4.594 5.004 5.420 5.795 6.111 6.321 6.403 6.379 6.177 5.747 5.145 4.460 3.789 3.124 2.392 1.562 0.857 0.418 0.198 0.104 0.062 0.041 0.029 0.021 0.017 0.013 0.011 0.010 0.008 0.007 0.006 0.006 0.005 0.004 0.004 0.004 0.003 0.003 0.003 0.002 0.002 0.002 0.002 0.002 0.002 0.002 0.002 0.003 0.003 0.004 0.005 0.006 0.007 0.008 0.009 0.009 0.010 0.012 0.013 0.015 0.017 0.019 0.022 0.026 0.030 0.035 0.040 0.047 0.057 0.069 0.086 0.107 0.134 0.168 0.211
2.677 2.814 2.948 3.066 3.154 3.209 3.240 3.254 3.242 3.199 3.068 2.801 2.382 1.868 1.434 1.069 0.723 0.407 0.201 0.098 0.055 0.035 0.026 0.020 0.016 0.013 0.011 0.009 0.008 0.007 0.006 0.005 0.004 0.004 0.003 0.003 0.003 0.002 0.002 0.002 0.002 0.002 0.002 0.002 0.002 0.002 0.002 0.002 0.003 0.003 0.005 0.006 0.007 0.008 0.008 0.009 0.009 0.010 0.011 0.012 0.013 0.015 0.017 0.019 0.022 0.025 0.030 0.035 0.041 0.049 0.059 0.072 0.092 0.119 0.155 0.206 0.275
1.693 1.690 1.693 1.681 1.631 1.538 1.432 1.354 1.293 1.233 1.148 1.011 0.803 0.562 0.391 0.271 0.171 0.097 0.053 0.032 0.023 0.018 0.015 0.013 0.011 0.009 0.008 0.007 0.006 0.005 0.004 0.003 0.003 0.003 0.002 0.002 0.002 0.002 0.002 0.001 0.001 0.001 0.001 0.001 0.001 0.002 0.002 0.003 0.004 0.005 0.007 0.008 0.009 0.009 0.009 0.009 0.010 0.010 0.011 0.012 0.014 0.015 0.017 0.019 0.021 0.025 0.029 0.035 0.041 0.049 0.059 0.073 0.095 0.128 0.183 0.267 0.383
0.962 0.913 0.869 0.820 0.747 0.639 0.533 0.458 0.405 0.363 0.322 0.274 0.208 0.142 0.099 0.069 0.047 0.031 0.022 0.017 0.014 0.012 0.010 0.009 0.007 0.006 0.005 0.004 0.004 0.003 0.003 0.002 0.002 0.002 0.002 0.001 0.001 0.001 0.001 0.001 0.001 0.001 0.001 0.001 0.002 0.002 0.003 0.005 0.007 0.009 0.009 0.010 0.009 0.009 0.009 0.009 0.010 0.010 0.011 0.012 0.014 0.015 0.016 0.018 0.021 0.024 0.028 0.034 0.040 0.048 0.058 0.073 0.095 0.131 0.196 0.302 0.454
0.476 0.433 0.394 0.354 0.306 0.241 0.183 0.144 0.119 0.102 0.087 0.073 0.057 0.041 0.032 0.025 0.020 0.016 0.013 0.011 0.009 0.008 0.007 0.006 0.005 0.004 0.003 0.003 0.002 0.002 0.002 0.002 0.001 0.001 0.001 0.001 0.001 0.001 0.001 0.001 0.001 0.001 0.002 0.002 0.003 0.004 0.006 0.009 0.010 0.011 0.011 0.010 0.010 0.009 0.009 0.009 0.010 0.010 0.011 0.012 0.013 0.015 0.016 0.018 0.020 0.023 0.027 0.032 0.038 0.046 0.055 0.069 0.091 0.128 0.195 0.307 0.469
0.200 0.176 0.156 0.136 0.113 0.084 0.061 0.046 0.038 0.033 0.029 0.025 0.021 0.018 0.016 0.014 0.012 0.010 0.009 0.008 0.007 0.006 0.005 0.004 0.003 0.003 0.002 0.002 0.002 0.002 0.001 0.001 0.001 0.001 0.001 0.001 0.001 0.001 0.001 0.002 0.002 0.002 0.003 0.004 0.005 0.008 0.010 0.012 0.012 0.012 0.011 0.010 0.009 0.009 0.009 0.009 0.009 0.010 0.011 0.012 0.013 0.013 0.014 0.016 0.018 0.020 0.023 0.028 0.033 0.040 0.048 0.060 0.079 0.112 0.174 0.282 0.442
0.074 0.065 0.057 0.049 0.040 0.029 0.022 0.018 0.015 0.014 0.013 0.013 0.012 0.011 0.010 0.009 0.008 0.007 0.006 0.005 0.004 0.004 0.003 0.003 0.002 0.002 0.002 0.002 0.001 0.001 0.001 0.001 0.001 0.001 0.002 0.002 0.002 0.002 0.003 0.003 0.004 0.005 0.006 0.008 0.009 0.011 0.013 0.013 0.013 0.012 0.011 0.010 0.009 0.009 0.009 0.009 0.009 0.009 0.010 0.010 0.011 0.012 0.012 0.013 0.014 0.016 0.019 0.022 0.026 0.031 0.037 0.045 0.058 0.081 0.126 0.211 0.347
0.026 0.024 0.021 0.019 0.015 0.012 0.010 0.009 0.009 0.008 0.008 0.008 0.008 0.007 0.007 0.006 0.006 0.005 0.004 0.003 0.003 0.002 0.002 0.002 0.002 0.002 0.002 0.002 0.002 0.002 0.002 0.002 0.002 0.002 0.003 0.003 0.004 0.005 0.006 0.006 0.007 0.008 0.009 0.010 0.011 0.013 0.013 0.013 0.013 0.012 0.011 0.010 0.009 0.008 0.008 0.007 0.007 0.007 0.008 0.008 0.008 0.008 0.009 0.009 0.010 0.011 0.013 0.016 0.018 0.022 0.026 0.030 0.037 0.048 0.071 0.115 0.196
0.010 0.010 0.009 0.008 0.008 0.007 0.006 0.006 0.006 0.006 0.005 0.005 0.005 0.005 0.005 0.004 0.004 0.003 0.003 0.002 0.002 0.002 0.002 0.002 0.002 0.002 0.002 0.002 0.002 0.003 0.003 0.004 0.004 0.005 0.006 0.007 0.008 0.008 0.009 0.009 0.010 0.010 0.010 0.011 0.012 0.013 0.013 0.013 0.013 0.012 0.010 0.009 0.008 0.007 0.006 0.006 0.005 0.005 0.005 0.005 0.005 0.005 0.005 0.006 0.007 0.008 0.009 0.011 0.013 0.015 0.018 0.021 0.025 0.030 0.040 0.060 0.095
0.005 0.005 0.005 0.005 0.005 0.004 0.004 0.004 0.004 0.004 0.004 0.004 0.004 0.004 0.003 0.003 0.003 0.002 0.002 0.002 0.001 0.002 0.002 0.002 0.002 0.002 0.003 0.004 0.005 0.006 0.007 0.008 0.009 0.010 0.010 0.011 0.011 0.011 0.011 0.010 0.010 0.010 0.010 0.011 0.012 0.012 0.012 0.012 0.012 0.011 0.009 0.007 0.006 0.005 0.004 0.004 0.003 0.003 0.003 0.003 0.003 0.003 0.003 0.004 0.004 0.005 0.006 0.008 0.009 0.011 0.013 0.015 0.018 0.021 0.026 0.035 0.049
0.004 0.004 0.003 0.003 0.003 0.003 0.003 0.003 0.003 0.003 0.003 0.003 0.003 0.002 0.002 0.002 0.002 0.001 0.001 0.001 0.001 0.002 0.002 0.003 0.004 0.005 0.007 0.009 0.010 0.011 0.012 0.012 0.013 0.013 0.013 0.013 0.013 0.012 0.011 0.011 0.010 0.010 0.010 0.010 0.010 0.010 0.010 0.010 0.009 0.008 0.006 0.005 0.004 0.003 0.002 0.002 0.002 0.001 0.001 0.001 0.002 0.002 0.002 0.002 0.003 0.003 0.004 0.005 0.006 0.008 0.009 0.011 0.013 0.015 0.018 0.023 0.030
0.003 0.003 0.003 0.002 0.002 0.002 0.002 0.002 0.002 0.002 0.002 0.002 0.002 0.002 0.002 0.001 0.001 0.001 0.001 0.001 0.002 0.003 0.004 0.005 0.008 0.010 0.013 0.014 0.015 0.015 0.015 0.015 0.014 0.014 0.014 0.014 0.013 0.012 0.011 0.011 0.010 0.009 0.008 0.008 0.007 0.007 0.006 0.006 0.005 0.004 0.003 0.003 0.002 0.002 0.001 0.001 0.001 0.001 0.001 0.001 0.001 0.001 0.001 0.001 0.001 0.002 0.002 0.003 0.004 0.005 0.006 0.008 0.009 0.011 0.013 0.016 0.020
0.002 0.002 0.002 0.002 0.002 0.001 0.001 0.001 0.001 0.001 0.001 0.001 0.001 0.001 0.001 0.001 0.001 0.001 0.002 0.002 0.003 0.005 0.007 0.010 0.013 0.015 0.016 0.017 0.017 0.017 0.016 0.015 0.015 0.014 0.014 0.014 0.013 0.012 0.011 0.010 0.009 0.008 0.006 0.005 0.004 0.003 0.003 0.003 0.002 0.002 0.002 0.001 0.001 0.001 0.001 0.001 0.001 0.001 0.001 0.000 0.000 0.000 0.000 0.000 0.000 0.001 0.001 0.002 0.002 0.003 0.004 0.005 0.007 0.008 0.010 0.012 0.015
0.002 0.002 0.001 0.001 0.001 0.001 0.001 0.001 0.001 0.001 0.001 0.001 0.001 0.001 0.001 0.001 0.001 0.002 0.003 0.004 0.006 0.009 0.011 0.014 0.016 0.017 0.018 0.018 0.017 0.017 0.016 0.015 0.015 0.014 0.014 0.013 0.012 0.011 0.010 0.008 0.007 0.005 0.004 0.003 0.002 0.002 0.001 0.001 0.001 0.001 0.001 0.001 0.001 0.001 0.001 0.001 0.000 0.000 0.000 0.000 0.000 0.000 0.000 0.000 0.000 0.000 0.000 0.001 0.001 0.002 0.003 0.003 0.005 0.006 0.007 0.009 0.011
0.001 0.001 0.001 0.001 0.001 0.001 0.001 0.001 0.001 0.001 0.001 0.001 0.001 0.001 0.001 0.001 0.002 0.003 0.004 0.006 0.009 0.011 0.013 0.015 0.017 0.017 0.018 0.018 0.017 0.017 0.016 0.015 0.014 0.013 0.013 0.012 0.011 0.010 0.008 0.006 0.004 0.003 0.002 0.001 0.001 0.001 0.001 0.001 0.001 0.001 0.001 0.001 0.001 0.001 0.000 0.000 0.000 0.000 0.000 0.000 0.000 0.000 0.000 0.000 0.000 0.000 0.000 0.000 0.000 0.001 0.001 0.002 0.003 0.004 0.005 0.006 0.008
0.001 0.001 0.001 0.001 0.001 0.001 0.001 0.001 0.001 0.001 0.001 0.001 0.001 0.001 0.001 0.002 0.002 0.004 0.006 0.008 0.010 0.012 0.014 0.015 0.016 0.017 0.017 0.017 0.017 0.016 0.015 0.014 0.013 0.011 0.010 0.009 0.008 0.006 0.004 0.003 0.002 0.001 0.001 0.001 0.001 0.001 0.001 0.001 0.001 0.001 0.001 0.000 0.000 0.000 0.000 0.000 0.000 0.000 0.000 0.000 0.000 0.000 0.000 0.000 0.000 0.000 0.000 0.000 0.000 0.000 0.000 0.001 0.002 0.002 0.003 0.004 0.005
0.001 0.001 0.001 0.001 0.001 0.001 0.001 0.001 0.001 0.001 0.001 0.001 0.001 0.001 0.001 0.002 0.003 0.004 0.006 0.009 0.010 0.012 0.014 0.015 0.016 0.016 0.016 0.016 0.016 0.015 0.014 0.012 0.010 0.008 0.006 0.005 0.004 0.003 0.002 0.001 0.001 0.001 0.001 0.001 0.001 0.001 0.001 0.000 0.000 0.000 0.000 0.000 0.000 0.000 0.000 0.000 0.000 0.000 0.000 0.000 0.000 0.000 0.000 0.000 0.000 0.000 0.000 0.000 0.000 0.000 0.000 0.000 0.001 0.001 0.002 0.003 0.003
0.001 0.001 0.001 0.001 0.001 0.001 0.001 0.001 0.001 0.001 0.001 0.001 0.001 0.001 0.001 0.002 0.003 0.005 0.007 0.009 0.010 0.012 0.013 0.014 0.014 0.014 0.014 0.014 0.013 0.012 0.011 0.009 0.006 0.004 0.003 0.002 0.002 0.001 0.001 0.001 0.001 0.001 0.001 0.001 0.000 0.000 0.000 0.000 0.000 0.000 0.000 0.000 0.000 0.000 0.000 0.000 0.000 0.000 0.000 0.000 0.000 0.000 0.000 0.000 0.000 0.000 0.000 0.000 0.000 0.000 0.000 0.000 0.000 0.000 0.001 0.001 0.002
0.000 0.001 0.001 0.001 0.001 0.001 0.001 0.001 0.001 0.001 0.001 0.001 0.001 0.001 0.001 0.002 0.003 0.004 0.006 0.008 0.009 0.010 0.011 0.011 0.011 0.010 0.009 0.008 0.008 0.007 0.006 0.005 0.003 0.002 0.001 0.001 0.001 0.001 0.001 0.001 0.001 0.000 0.000 0.000 0.000 0.000 0.000 0.000 0.000 0.000 0.000 0.000 0.000 0.000 0.000 0.000 0.000 0.000 0.000 0.000 0.000 0.000 0.000 0.000 0.000 0.000 0.000 0.000 0.000 0.000 0.000 0.000 0.000 0.000 0.000 0.000 0.001
