RESULTS/r.avaflow_results/23_results/23_ascii/23_hflow30043.asc
ncols 506
nrows 317
xllcenter 498237.50
yllcenter 5580050.00
cellsize 12.50
NODATA_value -9999.000
[rows 170 to 203 of 317, columns 231 to 307 of 506]
0.262 0.176 0.123 0.094 0.079 0.073 0.072 0.075 0.087 0.113 0.142 0.156 0.159 0.154 0.136 0.102 0.065 0.041 0.027 0.019 0.013 0.010 0.007 0.005 0.003 0.002 0.001 0.000 0.000 0.000 0.000 0.000 0.000 0.000 0.000 0.000 0.000 0.000 0.000 0.000 0.000 0.000 0.000 0.000 0.000 0.000 0.000 0.000 0.000 0.000 0.000 0.000 0.000 0.000 0.000 0.000 0.000 0.000 0.000 0.000 0.000 0.000 0.000 0.000 0.000 0.000 0.000 0.000 0.000 0.000 0.000 0.000 0.000 0.000 0.000 0.000 0.000
0.379 0.247 0.167 0.123 0.102 0.095 0.095 0.104 0.131 0.191 0.255 0.286 0.290 0.279 0.243 0.175 0.104 0.061 0.038 0.025 0.017 0.013 0.009 0.007 0.005 0.003 0.002 0.001 0.000 0.000 0.000 0.000 0.000 0.000 0.000 0.000 0.000 0.000 0.000 0.000 0.000 0.000 0.000 0.000 0.000 0.000 0.000 0.000 0.000 0.000 0.000 0.000 0.000 0.000 0.000 0.000 0.000 0.000 0.000 0.000 0.000 0.000 0.000 0.000 0.000 0.000 0.000 0.000 0.000 0.000 0.000 0.000 0.000 0.000 0.000 0.000 0.000
0.516 0.353 0.230 0.163 0.132 0.123 0.124 0.140 0.193 0.300 0.417 0.474 0.483 0.464 0.403 0.291 0.167 0.092 0.053 0.033 0.022 0.016 0.012 0.009 0.006 0.004 0.003 0.002 0.001 0.000 0.000 0.000 0.000 0.000 0.000 0.000 0.000 0.000 0.000 0.000 0.000 0.000 0.000 0.000 0.000 0.000 0.000 0.000 0.000 0.000 0.000 0.000 0.000 0.000 0.000 0.000 0.000 0.000 0.000 0.000 0.000 0.000 0.000 0.000 0.000 0.000 0.000 0.000 0.000 0.000 0.000 0.000 0.000 0.000 0.000 0.000 0.000
0.619 0.479 0.321 0.219 0.171 0.156 0.158 0.178 0.244 0.381 0.539 0.622 0.638 0.619 0.549 0.415 0.248 0.134 0.073 0.043 0.028 0.020 0.015 0.011 0.008 0.006 0.004 0.003 0.002 0.001 0.000 0.000 0.000 0.000 0.000 0.000 0.000 0.000 0.000 0.000 0.000 0.000 0.000 0.000 0.000 0.000 0.000 0.000 0.000 0.000 0.000 0.000 0.000 0.000 0.000 0.000 0.000 0.000 0.000 0.000 0.000 0.000 0.000 0.000 0.000 0.000 0.000 0.000 0.000 0.000 0.000 0.000 0.000 0.000 0.000 0.000 0.000
0.668 0.580 0.434 0.295 0.221 0.196 0.195 0.214 0.282 0.425 0.597 0.691 0.712 0.696 0.629 0.496 0.314 0.176 0.097 0.056 0.035 0.024 0.018 0.014 0.011 0.008 0.006 0.005 0.003 0.002 0.001 0.001 0.000 0.000 0.000 0.000 0.000 0.000 0.000 0.000 0.000 0.000 0.000 0.000 0.000 0.000 0.000 0.000 0.000 0.000 0.000 0.000 0.000 0.000 0.000 0.000 0.000 0.000 0.000 0.000 0.000 0.000 0.000 0.000 0.000 0.000 0.000 0.000 0.000 0.000 0.000 0.000 0.000 0.000 0.000 0.000 0.000
0.680 0.630 0.530 0.386 0.282 0.241 0.235 0.251 0.313 0.446 0.609 0.702 0.726 0.713 0.653 0.533 0.360 0.213 0.121 0.070 0.044 0.030 0.022 0.017 0.013 0.011 0.008 0.006 0.005 0.004 0.002 0.002 0.001 0.000 0.000 0.000 0.000 0.000 0.000 0.000 0.000 0.000 0.000 0.000 0.000 0.000 0.000 0.000 0.000 0.000 0.000 0.000 0.000 0.000 0.000 0.000 0.000 0.000 0.000 0.000 0.000 0.000 0.000 0.000 0.000 0.000 0.000 0.000 0.000 0.000 0.000 0.000 0.000 0.000 0.000 0.000 0.000
0.670 0.644 0.581 0.469 0.354 0.295 0.282 0.293 0.343 0.455 0.599 0.684 0.709 0.699 0.647 0.541 0.388 0.244 0.146 0.087 0.054 0.037 0.027 0.021 0.017 0.014 0.011 0.009 0.007 0.005 0.004 0.003 0.002 0.001 0.000 0.000 0.000 0.000 0.000 0.000 0.000 0.000 0.000 0.000 0.000 0.000 0.000 0.000 0.000 0.000 0.000 0.000 0.000 0.000 0.000 0.000 0.000 0.000 0.000 0.000 0.000 0.000 0.000 0.000 0.000 0.000 0.000 0.000 0.000 0.000 0.000 0.000 0.000 0.001 0.001 0.002 0.002
0.641 0.633 0.598 0.526 0.428 0.362 0.340 0.343 0.377 0.458 0.566 0.631 0.653 0.648 0.610 0.527 0.402 0.270 0.172 0.106 0.068 0.046 0.034 0.026 0.021 0.017 0.014 0.012 0.009 0.008 0.006 0.004 0.003 0.002 0.001 0.001 0.000 0.000 0.000 0.000 0.000 0.000 0.000 0.000 0.000 0.000 0.000 0.000 0.000 0.000 0.000 0.000 0.000 0.000 0.000 0.000 0.000 0.000 0.000 0.000 0.000 0.000 0.000 0.000 0.000 0.000 0.000 0.000 0.000 0.000 0.001 0.001 0.002 0.002 0.004 0.005 0.006
0.593 0.603 0.590 0.551 0.488 0.435 0.410 0.406 0.420 0.462 0.521 0.553 0.563 0.560 0.537 0.485 0.399 0.293 0.199 0.131 0.087 0.060 0.044 0.034 0.027 0.022 0.019 0.015 0.013 0.010 0.008 0.006 0.005 0.004 0.003 0.002 0.001 0.001 0.000 0.000 0.000 0.000 0.000 0.000 0.000 0.000 0.000 0.000 0.000 0.000 0.000 0.000 0.000 0.000 0.000 0.000 0.000 0.000 0.000 0.000 0.000 0.000 0.000 0.000 0.000 0.000 0.000 0.001 0.001 0.002 0.002 0.003 0.005 0.006 0.008 0.010 0.013
0.525 0.558 0.566 0.553 0.521 0.487 0.466 0.459 0.461 0.476 0.498 0.506 0.502 0.490 0.468 0.435 0.385 0.314 0.232 0.164 0.115 0.082 0.061 0.047 0.038 0.031 0.025 0.021 0.017 0.014 0.011 0.009 0.007 0.005 0.004 0.003 0.002 0.001 0.001 0.001 0.000 0.000 0.000 0.000 0.000 0.000 0.000 0.000 0.000 0.000 0.000 0.000 0.000 0.000 0.000 0.000 0.000 0.000 0.000 0.000 0.000 0.001 0.001 0.001 0.001 0.001 0.002 0.002 0.003 0.004 0.005 0.007 0.009 0.011 0.015 0.019 0.024
0.442 0.500 0.530 0.538 0.530 0.514 0.501 0.495 0.493 0.494 0.495 0.490 0.476 0.456 0.435 0.412 0.381 0.336 0.276 0.213 0.161 0.121 0.092 0.072 0.057 0.045 0.036 0.029 0.023 0.019 0.015 0.012 0.010 0.008 0.006 0.005 0.004 0.003 0.002 0.002 0.001 0.001 0.000 0.000 0.000 0.000 0.000 0.000 0.000 0.000 0.000 0.000 0.000 0.000 0.000 0.000 0.000 0.000 0.001 0.001 0.002 0.002 0.003 0.003 0.004 0.004 0.005 0.005 0.007 0.008 0.010 0.012 0.015 0.020 0.026 0.034 0.046
0.362 0.429 0.480 0.509 0.520 0.521 0.520 0.519 0.517 0.514 0.505 0.490 0.469 0.447 0.428 0.410 0.391 0.369 0.335 0.288 0.237 0.190 0.151 0.120 0.095 0.074 0.057 0.044 0.034 0.026 0.021 0.016 0.013 0.011 0.009 0.007 0.006 0.005 0.004 0.003 0.002 0.002 0.001 0.001 0.000 0.000 0.000 0.000 0.000 0.000 0.000 0.000 0.000 0.000 0.000 0.000 0.001 0.001 0.002 0.003 0.004 0.005 0.006 0.007 0.007 0.008 0.009 0.010 0.012 0.014 0.016 0.020 0.025 0.033 0.044 0.062 0.085
0.303 0.364 0.419 0.463 0.495 0.515 0.528 0.538 0.541 0.539 0.527 0.504 0.476 0.454 0.438 0.431 0.429 0.433 0.425 0.403 0.363 0.313 0.261 0.215 0.173 0.135 0.101 0.074 0.053 0.039 0.029 0.022 0.018 0.015 0.012 0.010 0.009 0.007 0.006 0.005 0.004 0.003 0.003 0.002 0.001 0.001 0.001 0.001 0.001 0.001 0.001 0.001 0.001 0.001 0.001 0.002 0.002 0.004 0.005 0.007 0.008 0.010 0.011 0.012 0.013 0.014 0.015 0.016 0.018 0.021 0.025 0.031 0.041 0.055 0.078 0.114 0.158
0.268 0.322 0.378 0.428 0.470 0.505 0.534 0.556 0.570 0.575 0.568 0.547 0.516 0.496 0.490 0.496 0.518 0.551 0.571 0.573 0.556 0.516 0.460 0.398 0.333 0.267 0.200 0.140 0.094 0.064 0.044 0.032 0.025 0.020 0.017 0.014 0.012 0.011 0.009 0.008 0.007 0.006 0.005 0.004 0.003 0.003 0.003 0.003 0.002 0.002 0.003 0.003 0.003 0.003 0.003 0.004 0.006 0.007 0.010 0.012 0.014 0.016 0.017 0.018 0.019 0.021 0.022 0.025 0.028 0.032 0.039 0.050 0.067 0.094 0.138 0.208 0.285
0.253 0.304 0.360 0.413 0.461 0.503 0.542 0.581 0.616 0.641 0.650 0.643 0.625 0.616 0.621 0.642 0.681 0.736 0.782 0.811 0.824 0.812 0.776 0.716 0.635 0.534 0.415 0.285 0.181 0.113 0.072 0.048 0.035 0.027 0.022 0.019 0.017 0.015 0.013 0.012 0.010 0.009 0.008 0.007 0.006 0.006 0.005 0.005 0.005 0.005 0.005 0.005 0.006 0.006 0.007 0.008 0.010 0.013 0.016 0.020 0.022 0.024 0.026 0.028 0.029 0.031 0.034 0.037 0.043 0.050 0.063 0.083 0.114 0.162 0.241 0.365 0.480
0.250 0.300 0.356 0.411 0.463 0.514 0.569 0.632 0.707 0.778 0.825 0.850 0.862 0.872 0.887 0.910 0.945 0.993 1.051 1.112 1.169 1.205 1.210 1.181 1.111 0.993 0.818 0.583 0.356 0.208 0.124 0.078 0.053 0.039 0.031 0.026 0.023 0.020 0.018 0.017 0.015 0.013 0.012 0.011 0.010 0.009 0.009 0.009 0.009 0.009 0.009 0.009 0.009 0.010 0.012 0.014 0.016 0.020 0.025 0.031 0.035 0.038 0.041 0.043 0.046 0.049 0.053 0.059 0.069 0.084 0.107 0.143 0.197 0.278 0.408 0.559 0.658
0.252 0.303 0.360 0.420 0.484 0.556 0.644 0.759 0.913 1.067 1.182 1.258 1.302 1.325 1.333 1.324 1.316 1.333 1.379 1.459 1.572 1.689 1.761 1.782 1.753 1.652 1.442 1.097 0.675 0.383 0.218 0.131 0.085 0.060 0.046 0.037 0.032 0.029 0.026 0.024 0.022 0.020 0.018 0.016 0.015 0.014 0.014 0.013 0.013 0.013 0.013 0.014 0.015 0.016 0.018 0.021 0.026 0.032 0.040 0.050 0.057 0.062 0.067 0.071 0.075 0.081 0.089 0.102 0.121 0.149 0.192 0.253 0.338 0.460 0.598 0.696 0.741
0.261 0.317 0.381 0.454 0.541 0.655 0.817 1.045 1.339 1.601 1.795 1.920 1.980 1.994 1.964 1.877 1.793 1.761 1.774 1.851 2.010 2.238 2.420 2.519 2.544 2.489 2.270 1.827 1.185 0.674 0.381 0.225 0.141 0.096 0.070 0.055 0.047 0.042 0.038 0.035 0.032 0.029 0.027 0.024 0.022 0.021 0.020 0.019 0.019 0.019 0.020 0.020 0.021 0.024 0.027 0.033 0.041 0.052 0.067 0.084 0.098 0.108 0.117 0.125 0.134 0.145 0.162 0.187 0.224 0.276 0.346 0.440 0.552 0.657 0.726 0.755 0.757
0.274 0.343 0.425 0.525 0.656 0.850 1.146 1.577 2.042 2.385 2.590 2.683 2.703 2.669 2.560 2.394 2.273 2.222 2.220 2.286 2.487 2.842 3.146 3.298 3.334 3.277 3.031 2.528 1.777 1.090 0.639 0.380 0.237 0.157 0.112 0.087 0.073 0.064 0.059 0.055 0.051 0.047 0.042 0.037 0.033 0.030 0.029 0.028 0.028 0.028 0.028 0.029 0.032 0.036 0.043 0.054 0.069 0.091 0.120 0.153 0.180 0.201 0.219 0.236 0.255 0.278 0.311 0.358 0.421 0.501 0.594 0.685 0.755 0.787 0.786 0.766 0.739
0.278 0.357 0.461 0.604 0.813 1.137 1.625 2.247 2.754 3.052 3.182 3.217 3.202 3.120 2.947 2.758 2.646 2.604 2.612 2.717 3.003 3.465 3.802 3.945 3.960 3.861 3.555 2.990 2.198 1.486 0.972 0.618 0.393 0.261 0.185 0.143 0.119 0.107 0.100 0.094 0.088 0.081 0.072 0.061 0.052 0.045 0.042 0.041 0.041 0.041 0.042 0.044 0.049 0.057 0.072 0.093 0.124 0.168 0.228 0.289 0.337 0.376 0.410 0.445 0.481 0.523 0.576 0.643 0.716 0.785 0.838 0.869 0.875 0.848 0.800 0.744 0.672
0.269 0.355 0.469 0.637 0.906 1.335 1.968 2.681 3.176 3.431 3.513 3.519 3.481 3.363 3.156 2.984 2.903 2.883 2.920 3.093 3.480 3.989 4.304 4.415 4.400 4.241 3.861 3.229 2.422 1.752 1.260 0.895 0.624 0.432 0.312 0.244 0.209 0.191 0.182 0.175 0.168 0.156 0.138 0.112 0.089 0.074 0.066 0.063 0.062 0.062 0.064 0.069 0.080 0.098 0.127 0.169 0.229 0.313 0.422 0.519 0.590 0.640 0.678 0.713 0.751 0.799 0.851 0.899 0.939 0.966 0.978 0.966 0.926 0.859 0.775 0.669 0.533
0.236 0.327 0.451 0.634 0.931 1.410 2.114 2.855 3.340 3.574 3.639 3.638 3.589 3.454 3.240 3.098 3.047 3.053 3.139 3.384 3.843 4.333 4.604 4.684 4.644 4.433 3.989 3.299 2.506 1.890 1.434 1.091 0.832 0.641 0.507 0.421 0.375 0.354 0.347 0.344 0.336 0.316 0.278 0.222 0.167 0.131 0.111 0.103 0.101 0.101 0.105 0.117 0.140 0.178 0.234 0.309 0.412 0.552 0.688 0.776 0.822 0.844 0.860 0.878 0.908 0.953 0.996 1.023 1.037 1.041 1.031 0.996 0.929 0.829 0.692 0.526 0.364
0.175 0.262 0.389 0.583 0.896 1.394 2.116 2.862 3.346 3.580 3.649 3.650 3.601 3.464 3.256 3.132 3.102 3.130 3.263 3.558 4.037 4.479 4.710 4.769 4.717 4.481 4.005 3.283 2.513 1.931 1.502 1.183 0.948 0.783 0.677 0.618 0.595 0.593 0.609 0.622 0.621 0.599 0.539 0.438 0.321 0.242 0.198 0.178 0.173 0.174 0.184 0.208 0.254 0.326 0.422 0.537 0.667 0.794 0.880 0.923 0.936 0.930 0.926 0.931 0.953 0.992 1.030 1.049 1.054 1.051 1.032 0.983 0.888 0.736 0.542 0.363 0.238
0.108 0.171 0.279 0.459 0.760 1.242 1.943 2.688 3.191 3.455 3.555 3.570 3.534 3.417 3.231 3.125 3.104 3.145 3.300 3.610 4.077 4.469 4.669 4.715 4.655 4.400 3.890 3.142 2.425 1.896 1.498 1.198 0.984 0.844 0.767 0.736 0.734 0.759 0.815 0.857 0.869 0.857 0.806 0.701 0.552 0.428 0.352 0.315 0.304 0.307 0.325 0.370 0.448 0.557 0.672 0.774 0.861 0.926 0.960 0.969 0.958 0.933 0.916 0.915 0.928 0.961 0.994 1.009 1.011 1.004 0.976 0.904 0.770 0.568 0.373 0.241 0.158
0.065 0.100 0.163 0.284 0.511 0.905 1.501 2.210 2.759 3.096 3.265 3.320 3.314 3.245 3.115 3.045 3.041 3.100 3.260 3.551 3.928 4.197 4.321 4.338 4.248 3.964 3.439 2.720 2.118 1.696 1.383 1.142 0.965 0.849 0.791 0.777 0.786 0.832 0.913 0.969 0.987 0.982 0.943 0.855 0.719 0.598 0.524 0.490 0.482 0.488 0.514 0.566 0.647 0.750 0.839 0.903 0.944 0.965 0.970 0.960 0.927 0.871 0.831 0.814 0.813 0.828 0.851 0.863 0.865 0.855 0.816 0.724 0.563 0.375 0.242 0.158 0.105
0.040 0.058 0.090 0.152 0.271 0.493 0.869 1.418 1.995 2.430 2.696 2.831 2.878 2.873 2.828 2.806 2.823 2.891 3.024 3.218 3.395 3.480 3.482 3.433 3.291 2.988 2.496 1.922 1.514 1.257 1.082 0.950 0.851 0.789 0.764 0.764 0.785 0.842 0.930 0.990 1.012 1.009 0.979 0.906 0.790 0.687 0.628 0.604 0.600 0.609 0.636 0.684 0.750 0.830 0.895 0.936 0.954 0.957 0.938 0.892 0.810 0.712 0.640 0.598 0.580 0.577 0.583 0.591 0.592 0.583 0.546 0.467 0.347 0.232 0.154 0.103 0.070
0.026 0.036 0.051 0.079 0.134 0.236 0.418 0.709 1.103 1.506 1.831 2.051 2.183 2.259 2.302 2.331 2.367 2.417 2.466 2.477 2.406 2.293 2.170 2.042 1.879 1.650 1.334 1.018 0.814 0.700 0.642 0.617 0.608 0.617 0.640 0.672 0.718 0.791 0.881 0.941 0.967 0.969 0.949 0.894 0.798 0.713 0.668 0.651 0.650 0.659 0.681 0.717 0.768 0.831 0.881 0.908 0.914 0.893 0.834 0.729 0.589 0.466 0.389 0.349 0.331 0.326 0.326 0.328 0.329 0.325 0.308 0.269 0.206 0.143 0.098 0.068 0.048
0.018 0.024 0.031 0.045 0.068 0.110 0.186 0.314 0.509 0.763 1.007 1.199 1.341 1.452 1.540 1.600 1.629 1.630 1.578 1.458 1.306 1.175 1.070 0.974 0.872 0.751 0.597 0.462 0.379 0.340 0.327 0.329 0.341 0.370 0.416 0.477 0.551 0.641 0.723 0.778 0.807 0.818 0.815 0.793 0.745 0.693 0.664 0.653 0.653 0.658 0.672 0.696 0.728 0.764 0.788 0.796 0.784 0.734 0.629 0.484 0.356 0.273 0.224 0.198 0.186 0.181 0.180 0.179 0.178 0.176 0.169 0.152 0.123 0.089 0.063 0.045 0.032
0.013 0.016 0.021 0.028 0.038 0.056 0.086 0.135 0.214 0.334 0.480 0.613 0.720 0.805 0.865 0.897 0.902 0.881 0.821 0.718 0.607 0.528 0.469 0.419 0.370 0.316 0.252 0.202 0.173 0.162 0.161 0.166 0.178 0.199 0.230 0.273 0.329 0.401 0.460 0.501 0.527 0.545 0.560 0.577 0.592 0.598 0.600 0.601 0.602 0.601 0.600 0.598 0.595 0.593 0.584 0.569 0.539 0.477 0.385 0.286 0.214 0.166 0.137 0.120 0.112 0.107 0.105 0.103 0.101 0.099 0.095 0.088 0.075 0.057 0.042 0.030 0.022
0.009 0.012 0.015 0.019 0.024 0.032 0.044 0.064 0.094 0.142 0.210 0.285 0.350 0.401 0.434 0.447 0.445 0.426 0.385 0.324 0.269 0.232 0.206 0.185 0.164 0.141 0.116 0.097 0.088 0.085 0.085 0.088 0.095 0.106 0.124 0.148 0.179 0.217 0.247 0.267 0.283 0.296 0.311 0.333 0.369 0.415 0.446 0.459 0.461 0.455 0.436 0.404 0.370 0.347 0.331 0.317 0.299 0.269 0.224 0.174 0.135 0.108 0.090 0.079 0.073 0.069 0.066 0.064 0.062 0.059 0.057 0.053 0.047 0.037 0.028 0.020 0.014
0.006 0.008 0.010 0.013 0.016 0.021 0.026 0.035 0.048 0.067 0.096 0.133 0.167 0.191 0.206 0.210 0.209 0.199 0.179 0.150 0.125 0.109 0.099 0.090 0.081 0.072 0.062 0.055 0.051 0.050 0.051 0.052 0.056 0.061 0.070 0.082 0.097 0.114 0.128 0.138 0.147 0.155 0.165 0.180 0.204 0.237 0.258 0.266 0.266 0.259 0.243 0.218 0.196 0.183 0.175 0.170 0.164 0.153 0.135 0.112 0.091 0.075 0.064 0.056 0.051 0.048 0.045 0.043 0.040 0.038 0.036 0.034 0.030 0.025 0.018 0.013 0.009
0.004 0.006 0.007 0.009 0.011 0.014 0.017 0.022 0.028 0.037 0.049 0.067 0.083 0.095 0.101 0.103 0.102 0.098 0.089 0.075 0.065 0.058 0.054 0.050 0.047 0.043 0.039 0.036 0.034 0.034 0.034 0.035 0.036 0.039 0.043 0.049 0.056 0.064 0.070 0.075 0.080 0.085 0.091 0.099 0.112 0.128 0.137 0.139 0.138 0.135 0.128 0.117 0.106 0.100 0.098 0.096 0.095 0.092 0.086 0.077 0.065 0.056 0.048 0.042 0.038 0.035 0.033 0.030 0.028 0.026 0.025 0.022 0.020 0.016 0.012 0.008 0.006
0.003 0.004 0.005 0.006 0.008 0.010 0.012 0.015 0.018 0.023 0.029 0.038 0.045 0.051 0.053 0.054 0.054 0.052 0.049 0.043 0.038 0.036 0.034 0.032 0.031 0.029 0.027 0.025 0.025 0.024 0.024 0.025 0.026 0.027 0.029 0.032 0.035 0.039 0.042 0.045 0.048 0.050 0.054 0.058 0.065 0.071 0.074 0.075 0.075 0.074 0.071 0.067 0.062 0.060 0.059 0.059 0.059 0.059 0.058 0.054 0.049 0.042 0.037 0.033 0.029 0.027 0.024 0.022 0.020 0.019 0.017 0.015 0.013 0.010 0.007 0.005 0.003
0.001 0.002 0.003 0.004 0.005 0.007 0.009 0.011 0.013 0.016 0.019 0.024 0.027 0.030 0.031 0.032 0.032 0.031 0.030 0.027 0.025 0.024 0.023 0.023 0.022 0.021 0.020 0.019 0.018 0.018 0.018 0.018 0.019 0.019 0.020 0.022 0.024 0.026 0.027 0.029 0.031 0.033 0.035 0.037 0.041 0.043 0.044 0.045 0.045 0.044 0.043 0.042 0.040 0.040 0.039 0.039 0.040 0.040 0.040 0.039 0.036 0.033 0.029 0.026 0.023 0.020 0.018 0.016 0.015 0.013 0.011 0.010 0.008 0.006 0.004 0.003 0.002
