RESULTS/r.avaflow_results/23_results/23_ascii/23_hflow10056.asc
ncols 506
nrows 317
xllcenter 498237.50
yllcenter 5580050.00
cellsize 12.50
NODATA_value -9999.000
[rows 170 to 203 of 317, columns 154 to 230 of 506]
3.815 3.486 3.175 2.889 2.625 2.384 2.168 1.968 1.784 1.612 1.449 1.296 1.153 1.020 0.897 0.780 0.670 0.568 0.475 0.392 0.319 0.256 0.201 0.156 0.120 0.091 0.072 0.060 0.055 0.053 0.052 0.052 0.052 0.052 0.052 0.052 0.053 0.053 0.052 0.049 0.046 0.042 0.039 0.036 0.032 0.028 0.024 0.019 0.016 0.013 0.010 0.008 0.006 0.005 0.005 0.004 0.004 0.004 0.004 0.004 0.004 0.004 0.004 0.004 0.004 0.004 0.004 0.005 0.006 0.009 0.013 0.015 0.015 0.014 0.012 0.009 0.005
4.099 3.799 3.510 3.237 2.977 2.733 2.508 2.294 2.094 1.904 1.725 1.555 1.394 1.242 1.099 0.963 0.834 0.711 0.597 0.493 0.401 0.320 0.252 0.195 0.149 0.113 0.086 0.069 0.061 0.059 0.059 0.059 0.059 0.059 0.058 0.056 0.055 0.054 0.052 0.049 0.045 0.041 0.037 0.033 0.029 0.024 0.019 0.013 0.009 0.007 0.005 0.004 0.003 0.003 0.003 0.003 0.003 0.003 0.003 0.003 0.003 0.003 0.003 0.003 0.003 0.003 0.003 0.003 0.004 0.007 0.010 0.013 0.014 0.014 0.013 0.011 0.008
4.323 4.048 3.778 3.518 3.265 3.024 2.797 2.579 2.372 2.175 1.986 1.803 1.627 1.456 1.292 1.134 0.985 0.845 0.716 0.598 0.491 0.396 0.312 0.242 0.184 0.137 0.102 0.079 0.066 0.061 0.060 0.060 0.060 0.060 0.058 0.057 0.055 0.053 0.050 0.046 0.040 0.035 0.030 0.026 0.021 0.016 0.010 0.007 0.004 0.003 0.003 0.002 0.002 0.002 0.002 0.002 0.003 0.003 0.003 0.003 0.003 0.003 0.002 0.002 0.002 0.002 0.002 0.003 0.003 0.004 0.007 0.010 0.012 0.013 0.013 0.013 0.011
4.481 4.231 3.980 3.734 3.495 3.266 3.046 2.832 2.627 2.426 2.231 2.039 1.849 1.661 1.475 1.294 1.123 0.965 0.819 0.688 0.569 0.463 0.370 0.289 0.221 0.165 0.122 0.090 0.071 0.062 0.060 0.059 0.059 0.058 0.056 0.054 0.051 0.048 0.044 0.038 0.030 0.023 0.018 0.014 0.010 0.007 0.005 0.003 0.002 0.002 0.002 0.002 0.002 0.002 0.002 0.002 0.002 0.002 0.003 0.003 0.002 0.002 0.002 0.002 0.002 0.002 0.002 0.002 0.002 0.003 0.005 0.007 0.011 0.012 0.013 0.013 0.012
4.571 4.345 4.121 3.898 3.678 3.467 3.261 3.057 2.856 2.656 2.457 2.259 2.058 1.854 1.644 1.439 1.246 1.068 0.906 0.761 0.632 0.517 0.415 0.326 0.250 0.188 0.139 0.102 0.077 0.064 0.058 0.055 0.054 0.052 0.050 0.046 0.042 0.038 0.032 0.024 0.017 0.012 0.008 0.006 0.004 0.003 0.002 0.002 0.001 0.001 0.001 0.001 0.001 0.001 0.002 0.002 0.002 0.002 0.002 0.002 0.002 0.002 0.002 0.002 0.002 0.001 0.002 0.002 0.002 0.002 0.003 0.005 0.008 0.011 0.012 0.013 0.012
4.611 4.408 4.211 4.013 3.818 3.626 3.435 3.245 3.053 2.858 2.659 2.458 2.247 2.025 1.791 1.560 1.345 1.150 0.974 0.817 0.678 0.556 0.447 0.352 0.271 0.204 0.151 0.111 0.082 0.064 0.054 0.049 0.045 0.041 0.037 0.032 0.028 0.022 0.017 0.012 0.008 0.006 0.004 0.003 0.002 0.002 0.001 0.001 0.001 0.001 0.001 0.001 0.001 0.001 0.002 0.002 0.002 0.002 0.002 0.002 0.002 0.002 0.002 0.002 0.001 0.001 0.001 0.001 0.002 0.002 0.002 0.003 0.006 0.009 0.011 0.012 0.012
4.621 4.434 4.260 4.088 3.918 3.746 3.571 3.397 3.216 3.030 2.836 2.631 2.411 2.171 1.911 1.654 1.418 1.207 1.020 0.854 0.709 0.581 0.468 0.369 0.284 0.214 0.158 0.115 0.085 0.064 0.050 0.041 0.034 0.027 0.021 0.017 0.014 0.011 0.008 0.006 0.004 0.003 0.002 0.002 0.001 0.001 0.001 0.001 0.001 0.001 0.001 0.001 0.001 0.001 0.002 0.002 0.002 0.002 0.002 0.002 0.002 0.002 0.002 0.001 0.001 0.001 0.001 0.001 0.001 0.001 0.002 0.003 0.004 0.006 0.009 0.011 0.011
4.617 4.442 4.286 4.135 3.985 3.834 3.676 3.516 3.348 3.172 2.984 2.777 2.546 2.288 2.001 1.718 1.465 1.241 1.044 0.873 0.725 0.595 0.480 0.378 0.290 0.217 0.159 0.116 0.085 0.062 0.045 0.032 0.022 0.015 0.011 0.008 0.006 0.005 0.004 0.003 0.002 0.002 0.001 0.001 0.001 0.001 0.001 0.001 0.001 0.001 0.001 0.001 0.001 0.002 0.002 0.002 0.002 0.002 0.002 0.002 0.002 0.002 0.002 0.001 0.001 0.001 0.001 0.001 0.001 0.001 0.002 0.002 0.003 0.004 0.007 0.009 0.010
4.602 4.435 4.292 4.157 4.027 3.898 3.758 3.614 3.462 3.297 3.115 2.904 2.661 2.381 2.065 1.759 1.490 1.255 1.052 0.878 0.728 0.598 0.482 0.379 0.289 0.214 0.155 0.111 0.079 0.055 0.036 0.022 0.013 0.008 0.005 0.004 0.003 0.002 0.002 0.002 0.001 0.001 0.001 0.001 0.001 0.001 0.001 0.001 0.001 0.001 0.001 0.002 0.002 0.002 0.002 0.003 0.003 0.003 0.003 0.003 0.002 0.002 0.002 0.002 0.001 0.001 0.001 0.001 0.001 0.001 0.001 0.002 0.002 0.003 0.005 0.006 0.008
4.568 4.418 4.287 4.164 4.050 3.940 3.824 3.702 3.568 3.412 3.232 3.017 2.758 2.454 2.111 1.787 1.505 1.261 1.053 0.876 0.724 0.592 0.474 0.369 0.276 0.199 0.139 0.094 0.062 0.038 0.022 0.012 0.007 0.004 0.003 0.002 0.002 0.001 0.001 0.001 0.001 0.001 0.001 0.001 0.001 0.001 0.001 0.001 0.001 0.001 0.002 0.002 0.002 0.003 0.003 0.003 0.003 0.003 0.003 0.003 0.003 0.002 0.002 0.002 0.001 0.001 0.001 0.001 0.001 0.001 0.001 0.002 0.002 0.002 0.003 0.005 0.006
4.513 4.378 4.264 4.156 4.060 3.972 3.879 3.780 3.662 3.516 3.334 3.110 2.835 2.509 2.145 1.810 1.517 1.264 1.048 0.863 0.704 0.565 0.442 0.333 0.240 0.163 0.102 0.059 0.033 0.018 0.010 0.005 0.003 0.002 0.002 0.001 0.001 0.001 0.001 0.001 0.001 0.001 0.001 0.001 0.001 0.001 0.001 0.001 0.001 0.002 0.002 0.003 0.003 0.004 0.004 0.004 0.004 0.004 0.004 0.003 0.003 0.002 0.002 0.002 0.002 0.001 0.001 0.001 0.001 0.001 0.001 0.001 0.002 0.002 0.003 0.004 0.005
4.433 4.315 4.219 4.135 4.061 3.997 3.929 3.851 3.748 3.604 3.413 3.177 2.885 2.542 2.167 1.826 1.524 1.261 1.033 0.832 0.654 0.498 0.365 0.255 0.167 0.099 0.052 0.025 0.013 0.007 0.004 0.003 0.002 0.001 0.001 0.001 0.001 0.001 0.001 0.001 0.001 0.001 0.001 0.001 0.001 0.001 0.001 0.001 0.002 0.002 0.003 0.004 0.005 0.005 0.005 0.006 0.005 0.005 0.005 0.004 0.003 0.003 0.002 0.002 0.002 0.002 0.001 0.001 0.001 0.001 0.001 0.001 0.002 0.002 0.002 0.003 0.004
4.323 4.227 4.152 4.094 4.046 4.006 3.965 3.907 3.808 3.662 3.461 3.212 2.907 2.554 2.176 1.832 1.523 1.243 0.986 0.752 0.541 0.361 0.222 0.130 0.074 0.039 0.019 0.009 0.005 0.003 0.002 0.002 0.001 0.001 0.001 0.001 0.001 0.001 0.001 0.001 0.001 0.001 0.001 0.001 0.001 0.001 0.001 0.002 0.002 0.003 0.004 0.006 0.007 0.008 0.008 0.008 0.008 0.007 0.006 0.005 0.004 0.003 0.003 0.002 0.002 0.002 0.001 0.001 0.001 0.001 0.001 0.001 0.002 0.002 0.002 0.003 0.003
4.188 4.116 4.065 4.033 4.016 4.002 3.977 3.927 3.831 3.681 3.473 3.211 2.896 2.534 2.154 1.797 1.461 1.139 0.832 0.554 0.326 0.170 0.084 0.043 0.023 0.012 0.006 0.003 0.002 0.002 0.001 0.001 0.001 0.001 0.001 0.001 0.001 0.001 0.001 0.001 0.001 0.001 0.001 0.001 0.001 0.002 0.002 0.002 0.003 0.005 0.007 0.009 0.011 0.012 0.012 0.012 0.011 0.010 0.008 0.007 0.005 0.004 0.003 0.003 0.002 0.002 0.002 0.001 0.001 0.001 0.001 0.002 0.002 0.002 0.002 0.003 0.003
4.031 3.984 3.952 3.935 3.930 3.926 3.908 3.859 3.770 3.619 3.393 3.100 2.752 2.362 1.965 1.575 1.191 0.819 0.492 0.254 0.116 0.051 0.023 0.012 0.007 0.004 0.002 0.002 0.001 0.001 0.001 0.001 0.001 0.001 0.001 0.001 0.001 0.001 0.001 0.001 0.001 0.001 0.001 0.002 0.002 0.002 0.003 0.004 0.005 0.008 0.012 0.016 0.019 0.020 0.020 0.019 0.017 0.014 0.011 0.009 0.007 0.005 0.004 0.003 0.003 0.002 0.002 0.002 0.002 0.002 0.002 0.002 0.002 0.002 0.002 0.003 0.003
3.852 3.823 3.782 3.723 3.649 3.586 3.529 3.460 3.371 3.229 3.000 2.678 2.271 1.818 1.391 0.992 0.633 0.348 0.166 0.070 0.028 0.013 0.007 0.004 0.003 0.002 0.002 0.001 0.001 0.001 0.001 0.001 0.001 0.001 0.001 0.001 0.001 0.001 0.001 0.001 0.002 0.002 0.002 0.002 0.002 0.003 0.004 0.007 0.011 0.017 0.025 0.031 0.035 0.036 0.035 0.031 0.025 0.020 0.016 0.012 0.009 0.007 0.005 0.004 0.003 0.002 0.002 0.002 0.002 0.002 0.002 0.002 0.002 0.002 0.002 0.003 0.004
3.588 3.509 3.376 3.181 2.941 2.743 2.586 2.456 2.340 2.203 1.999 1.694 1.285 0.873 0.569 0.353 0.195 0.093 0.038 0.016 0.007 0.004 0.003 0.002 0.002 0.002 0.001 0.001 0.001 0.001 0.001 0.001 0.001 0.001 0.002 0.002 0.002 0.002 0.002 0.002 0.002 0.002 0.003 0.003 0.004 0.006 0.009 0.015 0.025 0.040 0.054 0.062 0.065 0.063 0.056 0.046 0.036 0.028 0.022 0.016 0.012 0.009 0.007 0.005 0.004 0.003 0.002 0.002 0.002 0.002 0.002 0.002 0.002 0.002 0.003 0.003 0.005
3.044 2.816 2.514 2.145 1.767 1.469 1.261 1.119 1.011 0.910 0.791 0.631 0.430 0.259 0.151 0.085 0.044 0.021 0.009 0.005 0.003 0.002 0.002 0.002 0.002 0.002 0.001 0.001 0.002 0.002 0.002 0.002 0.002 0.002 0.002 0.002 0.002 0.003 0.003 0.003 0.004 0.005 0.006 0.007 0.010 0.015 0.024 0.040 0.064 0.088 0.105 0.111 0.105 0.089 0.072 0.057 0.045 0.036 0.028 0.021 0.015 0.011 0.008 0.005 0.004 0.003 0.002 0.002 0.002 0.002 0.002 0.002 0.002 0.002 0.003 0.004 0.005
2.087 1.736 1.399 1.094 0.832 0.627 0.482 0.386 0.321 0.269 0.219 0.164 0.104 0.061 0.035 0.020 0.011 0.006 0.003 0.002 0.002 0.002 0.002 0.002 0.002 0.002 0.002 0.002 0.002 0.002 0.002 0.002 0.003 0.003 0.003 0.004 0.004 0.005 0.006 0.007 0.009 0.011 0.015 0.019 0.027 0.041 0.067 0.104 0.141 0.166 0.173 0.158 0.130 0.101 0.080 0.064 0.051 0.040 0.031 0.023 0.017 0.012 0.008 0.006 0.004 0.003 0.002 0.002 0.002 0.002 0.002 0.002 0.002 0.002 0.003 0.004 0.006
1.073 0.842 0.647 0.483 0.346 0.241 0.168 0.122 0.094 0.074 0.056 0.040 0.025 0.015 0.009 0.006 0.004 0.003 0.002 0.002 0.002 0.002 0.002 0.002 0.002 0.002 0.002 0.002 0.003 0.003 0.004 0.004 0.005 0.006 0.007 0.009 0.010 0.013 0.016 0.020 0.025 0.032 0.043 0.057 0.079 0.115 0.171 0.224 0.250 0.248 0.222 0.178 0.137 0.106 0.083 0.066 0.053 0.042 0.033 0.024 0.017 0.012 0.009 0.006 0.004 0.003 0.002 0.002 0.002 0.002 0.002 0.002 0.002 0.002 0.003 0.004 0.006
0.454 0.345 0.259 0.187 0.128 0.085 0.056 0.038 0.028 0.021 0.016 0.011 0.008 0.006 0.004 0.003 0.003 0.002 0.002 0.002 0.002 0.002 0.002 0.002 0.003 0.003 0.003 0.004 0.005 0.006 0.008 0.010 0.012 0.016 0.019 0.024 0.029 0.037 0.048 0.061 0.076 0.097 0.123 0.156 0.201 0.262 0.319 0.343 0.334 0.296 0.237 0.182 0.140 0.109 0.085 0.068 0.054 0.043 0.033 0.025 0.018 0.013 0.009 0.006 0.004 0.003 0.002 0.002 0.002 0.001 0.001 0.001 0.001 0.002 0.002 0.004 0.005
0.167 0.126 0.093 0.066 0.044 0.029 0.019 0.013 0.010 0.008 0.006 0.005 0.004 0.003 0.003 0.002 0.002 0.002 0.002 0.002 0.002 0.002 0.003 0.003 0.004 0.005 0.007 0.010 0.013 0.017 0.022 0.028 0.037 0.046 0.057 0.071 0.090 0.115 0.143 0.173 0.206 0.243 0.282 0.322 0.362 0.398 0.416 0.408 0.372 0.309 0.239 0.183 0.141 0.110 0.086 0.069 0.055 0.043 0.033 0.025 0.018 0.013 0.009 0.006 0.004 0.003 0.002 0.002 0.001 0.001 0.001 0.001 0.001 0.001 0.002 0.003 0.004
0.058 0.044 0.033 0.023 0.016 0.011 0.008 0.006 0.005 0.004 0.004 0.004 0.003 0.003 0.003 0.002 0.002 0.002 0.002 0.002 0.003 0.003 0.005 0.006 0.009 0.013 0.019 0.027 0.038 0.051 0.068 0.088 0.112 0.139 0.169 0.205 0.250 0.300 0.346 0.382 0.404 0.417 0.427 0.439 0.452 0.460 0.454 0.429 0.380 0.310 0.239 0.183 0.141 0.110 0.087 0.069 0.055 0.043 0.033 0.025 0.018 0.012 0.008 0.006 0.004 0.003 0.002 0.001 0.001 0.001 0.001 0.001 0.001 0.001 0.001 0.002 0.003
0.020 0.016 0.013 0.010 0.008 0.006 0.005 0.004 0.004 0.004 0.003 0.003 0.003 0.003 0.003 0.002 0.002 0.003 0.003 0.003 0.005 0.007 0.010 0.016 0.026 0.039 0.059 0.086 0.120 0.160 0.206 0.259 0.315 0.371 0.427 0.488 0.544 0.580 0.585 0.564 0.532 0.503 0.486 0.479 0.477 0.473 0.461 0.431 0.380 0.311 0.239 0.182 0.140 0.109 0.086 0.068 0.053 0.040 0.030 0.021 0.015 0.010 0.007 0.005 0.003 0.002 0.002 0.001 0.001 0.001 0.001 0.001 0.001 0.001 0.001 0.001 0.001
0.008 0.008 0.007 0.006 0.005 0.005 0.004 0.004 0.004 0.004 0.003 0.003 0.003 0.003 0.003 0.003 0.003 0.003 0.004 0.006 0.010 0.017 0.030 0.050 0.080 0.125 0.189 0.270 0.356 0.445 0.537 0.629 0.711 0.773 0.813 0.829 0.816 0.776 0.712 0.639 0.570 0.521 0.494 0.482 0.475 0.468 0.453 0.422 0.371 0.301 0.230 0.175 0.133 0.102 0.078 0.060 0.044 0.031 0.021 0.014 0.009 0.007 0.005 0.003 0.002 0.002 0.001 0.001 0.001 0.001 0.001 0.001 0.001 0.001 0.001 0.001 0.001
0.005 0.005 0.005 0.005 0.005 0.005 0.004 0.004 0.004 0.004 0.004 0.003 0.003 0.003 0.003 0.003 0.004 0.005 0.009 0.015 0.028 0.052 0.093 0.157 0.250 0.377 0.536 0.699 0.842 0.955 1.040 1.091 1.111 1.104 1.073 1.021 0.944 0.848 0.744 0.649 0.572 0.517 0.484 0.464 0.447 0.427 0.403 0.368 0.317 0.252 0.191 0.144 0.108 0.081 0.060 0.042 0.028 0.017 0.011 0.007 0.004 0.003 0.002 0.002 0.001 0.001 0.001 0.001 0.000 0.000 0.000 0.000 0.000 0.000 0.001 0.001 0.001
0.004 0.005 0.005 0.005 0.005 0.005 0.005 0.005 0.005 0.004 0.004 0.004 0.004 0.004 0.004 0.005 0.007 0.012 0.023 0.045 0.087 0.162 0.278 0.443 0.658 0.898 1.125 1.281 1.362 1.393 1.389 1.358 1.307 1.243 1.166 1.076 0.973 0.858 0.744 0.646 0.565 0.500 0.449 0.405 0.365 0.325 0.285 0.242 0.196 0.150 0.114 0.086 0.065 0.047 0.033 0.022 0.013 0.008 0.005 0.003 0.002 0.001 0.001 0.001 0.001 0.000 0.000 0.000 0.000 0.000 0.000 0.000 0.000 0.000 0.000 0.000 0.001
0.003 0.004 0.006 0.006 0.007 0.007 0.007 0.006 0.006 0.006 0.006 0.005 0.005 0.006 0.007 0.010 0.017 0.034 0.069 0.137 0.255 0.435 0.681 0.966 1.235 1.440 1.568 1.625 1.632 1.601 1.538 1.454 1.360 1.268 1.176 1.080 0.975 0.857 0.738 0.632 0.538 0.451 0.369 0.294 0.229 0.178 0.141 0.111 0.086 0.067 0.052 0.041 0.031 0.023 0.016 0.010 0.006 0.004 0.002 0.001 0.001 0.000 0.000 0.000 0.000 0.000 0.000 0.000 0.000 0.000 0.000 0.000 0.000 0.000 0.000 0.000 0.000
0.003 0.005 0.007 0.009 0.009 0.010 0.010 0.010 0.010 0.010 0.009 0.009 0.010 0.011 0.014 0.024 0.047 0.097 0.193 0.356 0.597 0.884 1.165 1.409 1.596 1.710 1.751 1.750 1.727 1.673 1.589 1.478 1.367 1.269 1.176 1.080 0.973 0.848 0.712 0.581 0.459 0.343 0.240 0.163 0.112 0.080 0.059 0.046 0.037 0.030 0.025 0.020 0.016 0.012 0.008 0.005 0.003 0.002 0.001 0.001 0.000 0.000 0.000 0.000 0.000 0.000 0.000 0.000 0.000 0.000 0.000 0.000 0.000 0.000 0.000 0.000 0.000
0.004 0.006 0.010 0.015 0.017 0.017 0.018 0.018 0.019 0.019 0.019 0.019 0.021 0.024 0.034 0.061 0.123 0.241 0.433 0.696 0.974 1.222 1.431 1.600 1.719 1.779 1.792 1.786 1.761 1.703 1.608 1.484 1.361 1.256 1.155 1.049 0.925 0.779 0.614 0.453 0.311 0.199 0.124 0.078 0.051 0.036 0.027 0.022 0.018 0.016 0.014 0.012 0.009 0.007 0.005 0.003 0.002 0.001 0.001 0.000 0.000 0.000 0.000 0.000 0.000 0.000 0.000 0.000 0.000 0.000 0.000 0.000 0.000 0.000 0.000 0.000 0.000
0.005 0.009 0.019 0.028 0.034 0.037 0.038 0.040 0.041 0.041 0.042 0.044 0.047 0.055 0.078 0.136 0.253 0.438 0.686 0.950 1.175 1.359 1.513 1.642 1.735 1.786 1.804 1.804 1.780 1.716 1.610 1.473 1.321 1.174 1.034 0.893 0.742 0.574 0.403 0.261 0.159 0.095 0.057 0.036 0.025 0.018 0.015 0.012 0.011 0.010 0.009 0.007 0.006 0.004 0.003 0.002 0.001 0.001 0.000 0.000 0.000 0.000 0.000 0.000 0.000 0.000 0.000 0.000 0.000 0.000 0.000 0.000 0.000 0.000 0.000 0.000 0.000
0.008 0.018 0.039 0.059 0.071 0.077 0.080 0.083 0.085 0.086 0.087 0.088 0.092 0.103 0.133 0.208 0.351 0.564 0.826 1.057 1.239 1.391 1.526 1.643 1.733 1.786 1.804 1.801 1.769 1.695 1.570 1.397 1.185 0.959 0.753 0.571 0.413 0.282 0.183 0.114 0.068 0.041 0.026 0.018 0.013 0.011 0.009 0.008 0.007 0.007 0.006 0.005 0.004 0.003 0.002 0.001 0.001 0.000 0.000 0.000 0.000 0.000 0.000 0.000 0.000 0.000 0.000 0.000 0.000 0.000 0.000 0.000 0.000 0.000 0.000 0.000 0.000
0.016 0.040 0.080 0.113 0.130 0.139 0.144 0.146 0.147 0.146 0.141 0.134 0.132 0.138 0.166 0.241 0.388 0.608 0.868 1.079 1.249 1.393 1.518 1.617 1.683 1.710 1.699 1.666 1.605 1.506 1.357 1.152 0.884 0.607 0.395 0.256 0.165 0.106 0.068 0.043 0.028 0.018 0.012 0.009 0.008 0.007 0.006 0.006 0.005 0.005 0.004 0.003 0.002 0.002 0.001 0.000 0.000 0.000 0.000 0.000 0.000 0.000 0.000 0.000 0.000 0.000 0.000 0.000 0.000 0.000 0.000 0.000 0.000 0.000 0.000 0.000 0.000
0.034 0.079 0.135 0.170 0.185 0.189 0.191 0.192 0.192 0.188 0.176 0.160 0.152 0.154 0.175 0.245 0.387 0.603 0.857 1.062 1.222 1.347 1.435 1.477 1.472 1.420 1.332 1.238 1.135 1.017 0.874 0.694 0.474 0.287 0.166 0.096 0.058 0.037 0.024 0.016 0.011 0.008 0.006 0.005 0.005 0.004 0.004 0.004 0.003 0.003 0.002 0.002 0.001 0.001 0.000 0.000 0.000 0.000 0.000 0.000 0.000 0.000 0.000 0.000 0.000 0.000 0.000 0.000 0.000 0.000 0.000 0.000 0.000 0.000 0.000 0.000 0.000
