RESULTS/r.avaflow_results/23_results/23_ascii/23_hflow10021.asc
ncols 506
nrows 317
xllcenter 498237.50
yllcenter 5580050.00
cellsize 12.50
NODATA_value -9999.000
[rows 204 to 237 of 317, columns 77 to 153 of 506]
0.024 0.020 0.016 0.012 0.010 0.008 0.007 0.007 0.007 0.007 0.008 0.008 0.008 0.009 0.013 0.024 0.059 0.122 0.154 0.160 0.146 0.121 0.108 0.100 0.095 0.094 0.094 0.096 0.101 0.117 0.157 0.207 0.225 0.227 0.217 0.178 0.122 0.098 0.094 0.098 0.110 0.121 0.123 0.120 0.104 0.070 0.040 0.025 0.017 0.012 0.009 0.006 0.004 0.004 0.003 0.003 0.004 0.007 0.012 0.019 0.023 0.024 0.025 0.026 0.028 0.032 0.039 0.052 0.068 0.077 0.080 0.080 0.076 0.062 0.040 0.024 0.019
0.023 0.020 0.016 0.012 0.010 0.009 0.008 0.008 0.008 0.008 0.008 0.008 0.008 0.009 0.013 0.028 0.072 0.128 0.147 0.147 0.131 0.114 0.106 0.098 0.093 0.092 0.093 0.094 0.100 0.118 0.166 0.212 0.225 0.224 0.208 0.159 0.112 0.094 0.092 0.097 0.113 0.122 0.123 0.118 0.099 0.063 0.037 0.023 0.016 0.012 0.009 0.006 0.004 0.003 0.003 0.003 0.005 0.008 0.014 0.021 0.025 0.026 0.027 0.029 0.032 0.036 0.044 0.058 0.073 0.079 0.080 0.077 0.065 0.039 0.019 0.013 0.014
0.023 0.020 0.016 0.013 0.011 0.010 0.010 0.009 0.009 0.008 0.007 0.007 0.007 0.008 0.014 0.035 0.087 0.129 0.139 0.134 0.119 0.111 0.106 0.099 0.095 0.094 0.094 0.096 0.103 0.126 0.177 0.213 0.223 0.220 0.196 0.141 0.103 0.091 0.090 0.097 0.115 0.124 0.124 0.117 0.094 0.057 0.033 0.021 0.015 0.011 0.008 0.005 0.004 0.003 0.003 0.004 0.005 0.009 0.016 0.024 0.028 0.029 0.030 0.031 0.034 0.040 0.048 0.061 0.073 0.077 0.076 0.067 0.044 0.020 0.010 0.008 0.010
0.025 0.021 0.017 0.015 0.013 0.012 0.011 0.010 0.009 0.008 0.007 0.006 0.007 0.009 0.017 0.045 0.099 0.127 0.131 0.121 0.112 0.110 0.108 0.102 0.100 0.099 0.099 0.099 0.108 0.137 0.188 0.213 0.218 0.213 0.181 0.127 0.097 0.088 0.088 0.098 0.116 0.124 0.124 0.115 0.089 0.053 0.032 0.021 0.015 0.011 0.008 0.005 0.004 0.003 0.003 0.004 0.006 0.011 0.020 0.028 0.031 0.032 0.033 0.034 0.037 0.042 0.051 0.062 0.069 0.071 0.066 0.050 0.025 0.011 0.005 0.004 0.008
0.032 0.025 0.021 0.018 0.016 0.014 0.012 0.010 0.009 0.007 0.006 0.006 0.007 0.010 0.022 0.057 0.104 0.121 0.121 0.110 0.107 0.111 0.111 0.107 0.103 0.102 0.102 0.103 0.113 0.148 0.196 0.214 0.216 0.203 0.160 0.113 0.092 0.085 0.086 0.098 0.118 0.125 0.124 0.113 0.084 0.050 0.030 0.020 0.015 0.011 0.007 0.005 0.004 0.003 0.003 0.004 0.007 0.013 0.024 0.031 0.034 0.035 0.035 0.036 0.038 0.043 0.052 0.060 0.063 0.062 0.053 0.034 0.015 0.007 0.003 0.003 0.005
0.048 0.036 0.029 0.024 0.020 0.016 0.013 0.010 0.008 0.007 0.007 0.006 0.008 0.012 0.028 0.069 0.104 0.113 0.109 0.102 0.105 0.113 0.114 0.112 0.107 0.105 0.105 0.108 0.122 0.162 0.202 0.214 0.213 0.192 0.142 0.104 0.087 0.083 0.085 0.099 0.118 0.125 0.124 0.111 0.080 0.048 0.030 0.020 0.015 0.011 0.007 0.005 0.003 0.003 0.003 0.005 0.008 0.016 0.027 0.034 0.036 0.036 0.036 0.037 0.039 0.043 0.052 0.057 0.058 0.055 0.043 0.022 0.010 0.004 0.002 0.001 0.002
0.075 0.056 0.042 0.033 0.025 0.019 0.014 0.011 0.008 0.007 0.007 0.007 0.009 0.015 0.036 0.077 0.101 0.105 0.098 0.095 0.103 0.116 0.119 0.117 0.113 0.110 0.109 0.114 0.132 0.177 0.207 0.213 0.207 0.176 0.126 0.096 0.082 0.079 0.083 0.099 0.119 0.126 0.124 0.109 0.076 0.046 0.029 0.020 0.015 0.011 0.007 0.004 0.003 0.003 0.003 0.005 0.010 0.020 0.031 0.036 0.037 0.037 0.037 0.037 0.038 0.044 0.051 0.054 0.054 0.048 0.032 0.015 0.007 0.003 0.002 0.001 0.001
0.110 0.088 0.065 0.048 0.034 0.023 0.016 0.011 0.009 0.008 0.008 0.009 0.012 0.021 0.045 0.079 0.094 0.093 0.088 0.090 0.103 0.119 0.124 0.123 0.118 0.115 0.115 0.119 0.142 0.188 0.211 0.215 0.203 0.160 0.113 0.089 0.079 0.077 0.082 0.098 0.121 0.130 0.128 0.111 0.075 0.045 0.029 0.020 0.015 0.010 0.007 0.004 0.003 0.003 0.004 0.006 0.012 0.024 0.033 0.037 0.037 0.037 0.036 0.036 0.037 0.044 0.050 0.051 0.050 0.041 0.023 0.011 0.005 0.002 0.001 0.001 0.001
0.140 0.123 0.099 0.073 0.049 0.032 0.020 0.014 0.011 0.010 0.010 0.012 0.016 0.029 0.055 0.076 0.083 0.082 0.080 0.086 0.103 0.122 0.129 0.130 0.126 0.122 0.121 0.126 0.151 0.197 0.215 0.214 0.195 0.146 0.103 0.083 0.075 0.074 0.080 0.098 0.122 0.133 0.131 0.112 0.073 0.043 0.028 0.020 0.014 0.010 0.006 0.004 0.003 0.003 0.004 0.007 0.015 0.027 0.035 0.037 0.037 0.035 0.033 0.033 0.037 0.045 0.049 0.049 0.046 0.034 0.017 0.008 0.004 0.002 0.001 0.000 0.000
0.161 0.149 0.131 0.105 0.075 0.048 0.030 0.019 0.015 0.014 0.014 0.016 0.022 0.039 0.061 0.072 0.075 0.074 0.076 0.086 0.103 0.124 0.136 0.139 0.137 0.131 0.130 0.136 0.165 0.204 0.217 0.215 0.189 0.134 0.096 0.078 0.072 0.073 0.080 0.099 0.123 0.134 0.133 0.112 0.072 0.043 0.028 0.019 0.013 0.009 0.005 0.004 0.003 0.003 0.004 0.008 0.017 0.029 0.035 0.036 0.036 0.033 0.032 0.032 0.037 0.045 0.048 0.048 0.043 0.028 0.013 0.006 0.003 0.002 0.001 0.000 0.000
0.173 0.166 0.152 0.132 0.104 0.072 0.045 0.028 0.021 0.018 0.018 0.021 0.031 0.048 0.062 0.067 0.067 0.068 0.073 0.085 0.102 0.126 0.143 0.149 0.148 0.144 0.143 0.150 0.180 0.210 0.218 0.214 0.182 0.124 0.089 0.075 0.071 0.073 0.082 0.101 0.124 0.135 0.134 0.114 0.073 0.043 0.027 0.018 0.012 0.008 0.005 0.003 0.003 0.003 0.004 0.009 0.020 0.031 0.034 0.035 0.034 0.031 0.031 0.032 0.039 0.046 0.047 0.046 0.038 0.022 0.011 0.005 0.003 0.001 0.000 0.000 0.000
0.180 0.174 0.164 0.149 0.126 0.094 0.063 0.041 0.029 0.025 0.025 0.029 0.040 0.053 0.059 0.061 0.061 0.065 0.073 0.085 0.102 0.127 0.150 0.160 0.160 0.157 0.156 0.164 0.194 0.217 0.221 0.212 0.172 0.115 0.084 0.072 0.069 0.073 0.084 0.105 0.125 0.136 0.136 0.117 0.075 0.044 0.027 0.017 0.011 0.006 0.004 0.003 0.003 0.003 0.005 0.010 0.022 0.031 0.034 0.034 0.032 0.030 0.030 0.032 0.040 0.046 0.046 0.044 0.034 0.018 0.009 0.004 0.002 0.001 0.000 0.000 0.000
0.182 0.178 0.170 0.157 0.138 0.110 0.078 0.054 0.040 0.035 0.034 0.038 0.047 0.053 0.055 0.055 0.058 0.064 0.074 0.086 0.102 0.128 0.155 0.169 0.172 0.170 0.169 0.179 0.207 0.224 0.225 0.209 0.161 0.106 0.080 0.070 0.069 0.074 0.086 0.107 0.126 0.135 0.135 0.118 0.079 0.046 0.027 0.016 0.009 0.005 0.003 0.003 0.003 0.003 0.005 0.011 0.023 0.031 0.033 0.032 0.031 0.029 0.029 0.032 0.040 0.044 0.044 0.041 0.030 0.015 0.008 0.004 0.002 0.001 0.000 0.000 0.000
0.182 0.179 0.172 0.161 0.144 0.119 0.089 0.063 0.048 0.042 0.041 0.044 0.049 0.051 0.050 0.051 0.056 0.066 0.077 0.087 0.102 0.129 0.162 0.180 0.184 0.183 0.183 0.194 0.219 0.229 0.227 0.206 0.150 0.097 0.075 0.068 0.069 0.075 0.090 0.111 0.128 0.136 0.136 0.121 0.082 0.046 0.026 0.014 0.008 0.004 0.003 0.003 0.002 0.003 0.005 0.012 0.024 0.030 0.032 0.032 0.030 0.029 0.029 0.033 0.040 0.042 0.041 0.036 0.025 0.013 0.006 0.003 0.001 0.000 0.000 0.000 0.000
0.181 0.178 0.172 0.162 0.146 0.124 0.095 0.070 0.054 0.046 0.045 0.047 0.048 0.047 0.046 0.049 0.057 0.069 0.080 0.090 0.105 0.133 0.171 0.191 0.196 0.194 0.193 0.206 0.230 0.236 0.229 0.198 0.134 0.087 0.070 0.066 0.068 0.077 0.095 0.116 0.131 0.139 0.139 0.124 0.085 0.046 0.025 0.013 0.007 0.004 0.003 0.002 0.002 0.003 0.006 0.014 0.025 0.030 0.031 0.031 0.030 0.030 0.031 0.036 0.040 0.041 0.039 0.033 0.020 0.011 0.005 0.002 0.001 0.000 0.000 0.000 0.000
0.176 0.174 0.169 0.160 0.145 0.125 0.099 0.074 0.058 0.049 0.046 0.046 0.044 0.042 0.042 0.048 0.061 0.073 0.084 0.094 0.109 0.139 0.181 0.203 0.207 0.204 0.204 0.221 0.241 0.243 0.229 0.184 0.115 0.077 0.065 0.064 0.068 0.081 0.101 0.123 0.138 0.144 0.145 0.130 0.089 0.048 0.025 0.013 0.006 0.004 0.003 0.002 0.002 0.003 0.006 0.015 0.026 0.030 0.031 0.031 0.031 0.031 0.033 0.038 0.040 0.040 0.037 0.029 0.017 0.009 0.004 0.002 0.001 0.000 0.000 0.000 0.000
0.166 0.165 0.162 0.154 0.142 0.124 0.100 0.077 0.060 0.050 0.045 0.041 0.036 0.034 0.037 0.048 0.065 0.078 0.089 0.101 0.116 0.147 0.192 0.217 0.222 0.221 0.224 0.244 0.258 0.256 0.230 0.168 0.099 0.069 0.062 0.062 0.068 0.084 0.109 0.131 0.145 0.152 0.152 0.136 0.094 0.049 0.024 0.012 0.006 0.003 0.003 0.002 0.002 0.003 0.007 0.017 0.027 0.030 0.031 0.031 0.032 0.032 0.035 0.039 0.040 0.039 0.034 0.025 0.014 0.007 0.003 0.001 0.000 0.000 0.000 0.000 0.000
0.151 0.151 0.149 0.143 0.134 0.119 0.099 0.077 0.060 0.048 0.040 0.032 0.028 0.027 0.033 0.048 0.067 0.082 0.097 0.111 0.128 0.158 0.205 0.235 0.244 0.246 0.254 0.276 0.283 0.274 0.233 0.150 0.087 0.064 0.059 0.060 0.068 0.088 0.118 0.142 0.156 0.161 0.159 0.141 0.095 0.049 0.024 0.011 0.006 0.003 0.003 0.002 0.003 0.004 0.008 0.019 0.027 0.030 0.032 0.032 0.033 0.034 0.037 0.039 0.039 0.037 0.031 0.021 0.011 0.005 0.002 0.001 0.000 0.000 0.000 0.000 0.000
0.129 0.129 0.128 0.126 0.120 0.110 0.095 0.076 0.058 0.044 0.032 0.024 0.021 0.022 0.029 0.046 0.067 0.085 0.103 0.122 0.142 0.171 0.217 0.254 0.270 0.278 0.291 0.310 0.312 0.290 0.224 0.132 0.079 0.061 0.057 0.059 0.069 0.093 0.128 0.152 0.164 0.167 0.164 0.142 0.094 0.047 0.022 0.010 0.005 0.003 0.003 0.003 0.003 0.004 0.010 0.021 0.028 0.031 0.033 0.034 0.035 0.036 0.039 0.040 0.038 0.035 0.028 0.018 0.009 0.004 0.002 0.001 0.000 0.000 0.000 0.000 0.000
0.100 0.102 0.102 0.102 0.099 0.094 0.085 0.071 0.054 0.037 0.025 0.018 0.015 0.017 0.026 0.043 0.065 0.086 0.108 0.131 0.156 0.185 0.228 0.272 0.300 0.319 0.340 0.352 0.345 0.301 0.208 0.118 0.075 0.060 0.057 0.059 0.070 0.097 0.136 0.161 0.171 0.172 0.166 0.140 0.088 0.044 0.020 0.009 0.005 0.003 0.003 0.003 0.003 0.005 0.011 0.022 0.030 0.033 0.035 0.036 0.037 0.038 0.039 0.039 0.037 0.033 0.025 0.015 0.007 0.003 0.001 0.000 0.000 0.000 0.000 0.000 0.000
0.074 0.075 0.075 0.075 0.074 0.073 0.068 0.059 0.045 0.029 0.017 0.011 0.011 0.014 0.023 0.039 0.061 0.085 0.111 0.138 0.169 0.202 0.242 0.291 0.337 0.369 0.389 0.392 0.372 0.304 0.189 0.108 0.073 0.060 0.058 0.060 0.073 0.103 0.145 0.169 0.177 0.177 0.165 0.133 0.079 0.038 0.017 0.008 0.004 0.003 0.003 0.003 0.004 0.006 0.013 0.023 0.031 0.036 0.038 0.039 0.040 0.041 0.040 0.039 0.035 0.030 0.022 0.011 0.005 0.002 0.001 0.000 0.000 0.000 0.000 0.000 0.000
0.053 0.054 0.054 0.054 0.053 0.051 0.047 0.042 0.032 0.019 0.010 0.007 0.007 0.011 0.019 0.034 0.055 0.082 0.110 0.142 0.177 0.217 0.261 0.315 0.371 0.408 0.424 0.420 0.383 0.290 0.169 0.101 0.072 0.062 0.061 0.064 0.078 0.111 0.154 0.177 0.183 0.180 0.164 0.126 0.070 0.032 0.014 0.007 0.004 0.003 0.003 0.004 0.005 0.007 0.014 0.024 0.033 0.040 0.043 0.044 0.044 0.044 0.042 0.039 0.034 0.027 0.018 0.009 0.003 0.001 0.000 0.000 0.000 0.000 0.000 0.000 0.000
0.037 0.038 0.037 0.037 0.036 0.034 0.031 0.026 0.018 0.009 0.005 0.004 0.005 0.009 0.016 0.027 0.046 0.073 0.106 0.141 0.181 0.228 0.281 0.343 0.404 0.442 0.454 0.442 0.386 0.267 0.153 0.097 0.073 0.066 0.065 0.069 0.084 0.120 0.163 0.184 0.188 0.183 0.163 0.119 0.062 0.027 0.012 0.006 0.004 0.003 0.003 0.004 0.005 0.009 0.016 0.025 0.036 0.044 0.049 0.050 0.050 0.049 0.045 0.039 0.032 0.025 0.014 0.006 0.002 0.001 0.000 0.000 0.000 0.000 0.000 0.000 0.000
0.026 0.026 0.025 0.025 0.023 0.021 0.018 0.014 0.008 0.004 0.003 0.003 0.004 0.007 0.012 0.021 0.036 0.060 0.094 0.135 0.180 0.234 0.299 0.375 0.441 0.478 0.485 0.466 0.390 0.252 0.145 0.095 0.075 0.069 0.068 0.072 0.088 0.126 0.171 0.191 0.195 0.188 0.164 0.112 0.055 0.024 0.010 0.005 0.004 0.004 0.004 0.005 0.006 0.010 0.017 0.026 0.038 0.049 0.056 0.057 0.057 0.053 0.046 0.038 0.030 0.020 0.010 0.004 0.002 0.001 0.000 0.000 0.000 0.000 0.000 0.000 0.000
0.017 0.017 0.017 0.016 0.014 0.012 0.009 0.006 0.003 0.002 0.002 0.002 0.004 0.006 0.009 0.016 0.026 0.044 0.074 0.117 0.170 0.234 0.315 0.414 0.492 0.527 0.530 0.500 0.399 0.242 0.142 0.095 0.076 0.071 0.071 0.075 0.091 0.130 0.177 0.198 0.202 0.195 0.167 0.108 0.050 0.021 0.009 0.005 0.004 0.004 0.004 0.005 0.007 0.012 0.018 0.027 0.040 0.055 0.063 0.065 0.064 0.058 0.048 0.036 0.026 0.015 0.007 0.003 0.001 0.000 0.000 0.000 0.000 0.000 0.000 0.000 0.000
0.011 0.011 0.010 0.010 0.008 0.006 0.004 0.002 0.001 0.001 0.002 0.002 0.003 0.005 0.007 0.012 0.019 0.033 0.057 0.095 0.150 0.224 0.324 0.447 0.536 0.571 0.571 0.527 0.399 0.238 0.143 0.098 0.079 0.074 0.074 0.079 0.095 0.133 0.182 0.205 0.209 0.203 0.171 0.103 0.045 0.019 0.008 0.005 0.004 0.004 0.005 0.006 0.009 0.013 0.019 0.028 0.042 0.061 0.071 0.073 0.071 0.063 0.048 0.033 0.020 0.010 0.004 0.002 0.001 0.000 0.000 0.000 0.000 0.000 0.000 0.000 0.000
0.007 0.007 0.006 0.006 0.005 0.003 0.002 0.001 0.001 0.001 0.001 0.002 0.003 0.004 0.006 0.009 0.014 0.025 0.045 0.078 0.129 0.207 0.323 0.468 0.566 0.601 0.597 0.537 0.394 0.236 0.149 0.106 0.086 0.078 0.078 0.082 0.099 0.141 0.193 0.217 0.221 0.213 0.175 0.097 0.041 0.017 0.008 0.005 0.005 0.005 0.005 0.007 0.010 0.014 0.020 0.029 0.046 0.069 0.081 0.083 0.080 0.067 0.046 0.028 0.015 0.007 0.003 0.001 0.000 0.000 0.000 0.000 0.000 0.000 0.000 0.000 0.000
0.004 0.004 0.004 0.003 0.003 0.002 0.001 0.001 0.001 0.001 0.001 0.002 0.003 0.003 0.005 0.007 0.011 0.019 0.035 0.064 0.112 0.190 0.317 0.479 0.586 0.622 0.611 0.540 0.391 0.242 0.162 0.119 0.096 0.085 0.082 0.086 0.104 0.154 0.211 0.235 0.239 0.226 0.177 0.090 0.037 0.015 0.008 0.006 0.005 0.005 0.006 0.007 0.010 0.015 0.022 0.032 0.051 0.077 0.090 0.093 0.088 0.070 0.042 0.022 0.011 0.005 0.002 0.001 0.000 0.000 0.000 0.000 0.000 0.000 0.000 0.000 0.000
0.002 0.002 0.002 0.002 0.001 0.001 0.001 0.001 0.001 0.001 0.001 0.002 0.002 0.003 0.004 0.005 0.008 0.014 0.027 0.052 0.098 0.177 0.311 0.487 0.598 0.631 0.617 0.543 0.395 0.254 0.178 0.135 0.108 0.094 0.090 0.092 0.112 0.168 0.230 0.253 0.255 0.235 0.170 0.080 0.032 0.014 0.008 0.006 0.006 0.006 0.006 0.008 0.011 0.016 0.024 0.037 0.060 0.087 0.099 0.100 0.092 0.068 0.037 0.018 0.008 0.003 0.001 0.000 0.000 0.000 0.000 0.000 0.000 0.000 0.000 0.000 0.000
0.001 0.001 0.001 0.001 0.001 0.001 0.001 0.001 0.001 0.001 0.001 0.002 0.002 0.003 0.003 0.004 0.006 0.009 0.019 0.041 0.084 0.164 0.305 0.491 0.602 0.630 0.615 0.547 0.410 0.273 0.195 0.149 0.121 0.106 0.101 0.104 0.125 0.186 0.248 0.270 0.270 0.241 0.154 0.066 0.027 0.012 0.008 0.006 0.006 0.006 0.006 0.008 0.012 0.018 0.028 0.045 0.074 0.098 0.107 0.106 0.092 0.061 0.030 0.013 0.005 0.002 0.001 0.000 0.000 0.000 0.000 0.000 0.000 0.000 0.000 0.000 0.000
0.000 0.000 0.000 0.000 0.000 0.000 0.000 0.001 0.001 0.001 0.001 0.002 0.002 0.003 0.003 0.003 0.004 0.006 0.013 0.029 0.067 0.145 0.287 0.483 0.597 0.624 0.612 0.558 0.444 0.306 0.219 0.166 0.135 0.120 0.116 0.120 0.146 0.212 0.268 0.285 0.281 0.237 0.131 0.053 0.022 0.012 0.008 0.007 0.006 0.006 0.007 0.008 0.012 0.020 0.034 0.058 0.091 0.111 0.115 0.109 0.087 0.050 0.022 0.009 0.004 0.001 0.001 0.000 0.000 0.000 0.000 0.000 0.000 0.000 0.000 0.000 0.000
0.000 0.000 0.000 0.000 0.000 0.000 0.000 0.000 0.001 0.001 0.001 0.002 0.002 0.002 0.003 0.003 0.003 0.005 0.008 0.018 0.045 0.110 0.238 0.441 0.586 0.630 0.626 0.588 0.496 0.356 0.249 0.187 0.153 0.138 0.135 0.141 0.175 0.243 0.290 0.301 0.289 0.220 0.105 0.042 0.020 0.012 0.009 0.008 0.007 0.007 0.007 0.009 0.014 0.025 0.045 0.078 0.110 0.123 0.122 0.107 0.071 0.033 0.014 0.005 0.002 0.001 0.000 0.000 0.000 0.000 0.000 0.000 0.000 0.000 0.000 0.000 0.000
0.000 0.000 0.000 0.000 0.000 0.000 0.000 0.000 0.001 0.001 0.001 0.001 0.002 0.002 0.003 0.003 0.003 0.004 0.006 0.011 0.027 0.069 0.167 0.357 0.557 0.648 0.663 0.641 0.568 0.426 0.290 0.215 0.177 0.163 0.161 0.172 0.213 0.280 0.315 0.322 0.296 0.196 0.085 0.036 0.019 0.013 0.010 0.009 0.008 0.007 0.008 0.010 0.016 0.032 0.063 0.105 0.130 0.136 0.128 0.096 0.049 0.020 0.008 0.003 0.001 0.000 0.000 0.000 0.000 0.000 0.000 0.000 0.000 0.000 0.000 0.000 0.000
0.000 0.000 0.000 0.000 0.000 0.000 0.000 0.000 0.001 0.001 0.001 0.001 0.002 0.002 0.002 0.003 0.003 0.003 0.004 0.007 0.016 0.042 0.107 0.256 0.489 0.654 0.713 0.713 0.662 0.533 0.363 0.262 0.214 0.198 0.198 0.214 0.264 0.325 0.352 0.353 0.302 0.172 0.074 0.034 0.020 0.015 0.012 0.010 0.009 0.008 0.009 0.011 0.020 0.043 0.090 0.134 0.150 0.149 0.127 0.076 0.033 0.013 0.005 0.002 0.001 0.000 0.000 0.000 0.000 0.000 0.000 0.000 0.000 0.000 0.000 0.000 0.000
