RESULTS/r.avaflow_results/23_results/23_ascii/23_hflow0052.asc
ncols 506
nrows 317
xllcenter 498237.50
yllcenter 5580050.00
cellsize 12.50
NODATA_value -9999.000
[rows 170 to 203 of 317, columns 77 to 153 of 506]
0.000 0.000 0.000 0.000 0.000 0.000 0.001 0.002 0.004 0.005 0.007 0.010 0.015 0.024 0.038 0.056 0.077 0.098 0.121 0.147 0.181 0.231 0.314 0.455 0.643 0.782 0.837 0.847 0.848 0.844 0.834 0.813 0.775 0.715 0.643 0.588 0.559 0.551 0.562 0.602 0.692 0.875 1.245 1.916 2.893 3.942 4.863 5.775 6.744 7.807 8.971 10.216 11.415 12.386 13.003 13.260 13.400 13.566 13.815 14.102 14.460 14.813 15.113 15.352 15.561 15.681 15.624 15.406 15.088 14.673 14.235 13.837 13.483 13.196 12.981 12.819 12.649
0.000 0.000 0.000 0.000 0.000 0.001 0.003 0.006 0.009 0.013 0.019 0.027 0.043 0.066 0.097 0.132 0.169 0.208 0.251 0.301 0.362 0.450 0.584 0.774 0.949 1.039 1.062 1.064 1.062 1.052 1.033 0.999 0.942 0.859 0.788 0.749 0.738 0.750 0.802 0.929 1.178 1.608 2.308 3.348 4.639 5.802 6.805 7.799 8.795 9.798 10.796 11.745 12.562 13.115 13.395 13.508 13.621 13.773 13.998 14.263 14.576 14.875 15.142 15.372 15.572 15.645 15.510 15.216 14.868 14.527 14.242 14.019 13.883 13.859 13.933 14.085 14.289
0.000 0.000 0.000 0.000 0.001 0.003 0.007 0.012 0.019 0.028 0.041 0.061 0.093 0.138 0.190 0.246 0.302 0.364 0.435 0.518 0.618 0.754 0.943 1.123 1.232 1.278 1.289 1.290 1.286 1.272 1.244 1.194 1.112 1.016 0.959 0.942 0.951 1.002 1.144 1.457 1.998 2.793 3.875 5.272 6.684 7.780 8.717 9.655 10.563 11.425 12.200 12.810 13.233 13.432 13.488 13.546 13.656 13.806 14.011 14.260 14.549 14.840 15.099 15.317 15.490 15.488 15.288 14.975 14.693 14.488 14.369 14.345 14.429 14.610 14.893 15.325 15.961
0.000 0.000 0.000 0.000 0.002 0.005 0.011 0.019 0.031 0.047 0.069 0.101 0.149 0.210 0.282 0.363 0.452 0.550 0.658 0.781 0.925 1.100 1.283 1.413 1.485 1.516 1.524 1.525 1.518 1.501 1.461 1.392 1.282 1.175 1.125 1.119 1.153 1.288 1.619 2.258 3.239 4.508 5.937 7.387 8.603 9.553 10.401 11.222 11.968 12.628 13.152 13.477 13.600 13.570 13.509 13.534 13.630 13.767 13.956 14.188 14.456 14.727 14.968 15.162 15.279 15.213 15.002 14.740 14.568 14.494 14.513 14.612 14.792 15.068 15.485 16.131 17.083
0.000 0.000 0.000 0.000 0.002 0.007 0.014 0.024 0.039 0.059 0.087 0.128 0.184 0.258 0.348 0.457 0.587 0.736 0.900 1.072 1.249 1.426 1.576 1.680 1.737 1.763 1.771 1.770 1.761 1.735 1.682 1.592 1.449 1.320 1.264 1.258 1.306 1.509 2.047 3.066 4.564 6.325 7.891 9.191 10.244 11.096 11.831 12.479 13.008 13.427 13.705 13.816 13.762 13.601 13.488 13.483 13.549 13.660 13.822 14.031 14.263 14.500 14.712 14.865 14.930 14.867 14.709 14.523 14.444 14.468 14.555 14.701 14.927 15.270 15.790 16.564 17.654
0.000 0.000 0.000 0.000 0.002 0.007 0.015 0.026 0.042 0.065 0.097 0.142 0.204 0.288 0.396 0.530 0.695 0.894 1.127 1.357 1.558 1.730 1.863 1.951 2.000 2.022 2.029 2.027 2.014 1.977 1.908 1.795 1.618 1.454 1.375 1.363 1.413 1.643 2.287 3.548 5.445 7.648 9.387 10.679 11.656 12.415 12.986 13.405 13.712 13.910 13.990 13.951 13.807 13.583 13.420 13.360 13.385 13.473 13.610 13.783 13.975 14.165 14.328 14.438 14.485 14.465 14.387 14.285 14.275 14.366 14.497 14.677 14.927 15.304 15.875 16.692 17.792
0.000 0.000 0.000 0.000 0.002 0.007 0.015 0.027 0.043 0.066 0.100 0.147 0.215 0.306 0.427 0.580 0.772 1.012 1.307 1.606 1.843 2.025 2.153 2.234 2.278 2.298 2.301 2.298 2.278 2.231 2.144 2.004 1.792 1.582 1.469 1.445 1.487 1.710 2.365 3.724 5.871 8.504 10.533 11.930 12.874 13.501 13.862 14.055 14.170 14.199 14.135 13.980 13.768 13.507 13.298 13.172 13.140 13.194 13.308 13.441 13.591 13.736 13.842 13.916 13.959 13.975 13.960 13.920 13.948 14.074 14.237 14.451 14.735 15.145 15.749 16.585 17.664
0.000 0.000 0.000 0.000 0.002 0.007 0.015 0.026 0.043 0.066 0.099 0.148 0.218 0.315 0.443 0.607 0.817 1.084 1.424 1.805 2.106 2.315 2.453 2.534 2.576 2.591 2.592 2.586 2.559 2.498 2.392 2.223 1.973 1.711 1.554 1.507 1.534 1.733 2.358 3.724 5.978 8.970 11.391 12.959 13.880 14.338 14.494 14.531 14.491 14.366 14.178 13.944 13.674 13.371 13.118 12.937 12.848 12.856 12.929 13.024 13.119 13.211 13.263 13.301 13.328 13.349 13.352 13.337 13.369 13.495 13.665 13.891 14.190 14.624 15.256 16.117 17.199
0.000 0.000 0.000 0.000 0.002 0.007 0.014 0.025 0.040 0.062 0.095 0.144 0.216 0.317 0.449 0.618 0.836 1.117 1.482 1.935 2.340 2.608 2.767 2.857 2.898 2.910 2.910 2.897 2.858 2.781 2.651 2.452 2.167 1.848 1.634 1.551 1.558 1.720 2.283 3.607 5.907 9.121 11.954 13.738 14.640 14.937 14.954 14.872 14.695 14.432 14.153 13.855 13.516 13.172 12.880 12.658 12.524 12.485 12.503 12.544 12.589 12.614 12.613 12.598 12.579 12.560 12.540 12.511 12.516 12.609 12.761 12.981 13.295 13.757 14.416 15.303 16.409
0.000 0.000 0.000 0.000 0.002 0.006 0.012 0.021 0.033 0.052 0.082 0.129 0.203 0.308 0.446 0.619 0.840 1.126 1.499 1.987 2.518 2.894 3.103 3.206 3.250 3.262 3.259 3.236 3.182 3.083 2.925 2.697 2.379 1.999 1.721 1.585 1.565 1.671 2.127 3.332 5.637 9.020 12.196 14.218 15.134 15.319 15.265 15.060 14.765 14.420 14.075 13.704 13.298 12.921 12.595 12.341 12.175 12.098 12.064 12.047 12.035 11.997 11.944 11.874 11.800 11.717 11.633 11.538 11.471 11.495 11.607 11.817 12.159 12.669 13.367 14.268 15.382
0.000 0.000 0.000 0.000 0.001 0.004 0.008 0.014 0.022 0.036 0.059 0.099 0.168 0.272 0.415 0.598 0.827 1.117 1.493 1.987 2.600 3.127 3.435 3.569 3.617 3.628 3.623 3.595 3.526 3.405 3.220 2.961 2.610 2.175 1.824 1.623 1.563 1.609 1.924 2.936 5.156 8.697 12.173 14.385 15.387 15.531 15.411 15.118 14.758 14.356 13.929 13.472 13.029 12.625 12.280 12.003 11.809 11.691 11.612 11.545 11.467 11.377 11.270 11.151 11.029 10.898 10.760 10.612 10.494 10.469 10.542 10.730 11.058 11.548 12.227 13.100 14.174
0.000 0.000 0.000 0.000 0.001 0.002 0.004 0.007 0.011 0.018 0.031 0.056 0.105 0.194 0.329 0.513 0.748 1.042 1.420 1.916 2.559 3.238 3.699 3.898 3.952 3.962 3.955 3.922 3.847 3.717 3.520 3.241 2.864 2.390 1.963 1.687 1.577 1.585 1.784 2.548 4.528 8.064 11.861 14.302 15.428 15.592 15.423 15.080 14.669 14.206 13.698 13.179 12.721 12.305 11.947 11.650 11.425 11.265 11.140 11.027 10.897 10.755 10.597 10.432 10.263 10.089 9.914 9.734 9.598 9.552 9.603 9.768 10.063 10.490 11.063 11.815 12.775
0.000 0.000 0.000 0.000 0.000 0.001 0.002 0.003 0.005 0.008 0.013 0.024 0.046 0.094 0.186 0.336 0.548 0.820 1.174 1.659 2.334 3.170 3.829 4.162 4.242 4.248 4.239 4.202 4.127 4.000 3.805 3.526 3.146 2.656 2.163 1.812 1.637 1.610 1.732 2.287 3.892 7.137 11.192 13.918 15.246 15.503 15.333 14.954 14.465 13.929 13.355 12.828 12.361 11.950 11.590 11.281 11.023 10.814 10.645 10.492 10.322 10.132 9.927 9.713 9.498 9.287 9.084 8.895 8.759 8.703 8.743 8.885 9.130 9.470 9.923 10.515 11.279
0.000 0.000 0.000 0.000 0.000 0.000 0.001 0.001 0.002 0.003 0.005 0.009 0.017 0.035 0.074 0.149 0.270 0.453 0.727 1.156 1.840 2.847 3.784 4.307 4.470 4.480 4.467 4.430 4.362 4.249 4.073 3.815 3.456 2.984 2.452 2.037 1.788 1.711 1.775 2.171 3.411 6.182 10.231 13.202 14.708 15.102 14.994 14.634 14.113 13.505 12.896 12.385 11.935 11.548 11.201 10.887 10.604 10.355 10.135 9.936 9.726 9.502 9.254 8.997 8.737 8.491 8.270 8.088 7.960 7.903 7.925 8.034 8.220 8.482 8.831 9.294 9.896
0.000 0.000 0.000 0.000 0.000 0.000 0.000 0.001 0.001 0.001 0.002 0.003 0.006 0.012 0.025 0.052 0.103 0.188 0.334 0.611 1.179 2.236 3.530 4.317 4.609 4.649 4.638 4.607 4.551 4.461 4.319 4.105 3.796 3.373 2.850 2.391 2.082 1.947 1.952 2.223 3.163 5.383 9.046 12.142 13.757 14.284 14.289 14.033 13.549 12.927 12.304 11.811 11.411 11.074 10.754 10.449 10.165 9.890 9.626 9.372 9.118 8.856 8.573 8.277 7.978 7.710 7.485 7.313 7.193 7.134 7.132 7.191 7.316 7.513 7.788 8.158 8.622
0.000 0.000 0.000 0.000 0.000 0.000 0.000 0.000 0.000 0.001 0.001 0.001 0.002 0.004 0.009 0.019 0.038 0.073 0.142 0.295 0.670 1.549 2.991 4.127 4.636 4.751 4.752 4.733 4.695 4.634 4.534 4.375 4.141 3.808 3.360 2.898 2.562 2.381 2.344 2.488 3.157 4.825 7.782 10.729 12.419 13.086 13.190 13.062 12.717 12.180 11.561 11.066 10.708 10.447 10.203 9.952 9.697 9.422 9.132 8.834 8.526 8.209 7.884 7.559 7.250 6.980 6.752 6.574 6.451 6.379 6.346 6.355 6.423 6.568 6.795 7.087 7.409
0.000 0.000 0.000 0.000 0.000 0.000 0.000 0.000 0.000 0.000 0.001 0.001 0.001 0.002 0.005 0.010 0.019 0.037 0.074 0.159 0.384 0.989 2.236 3.665 4.485 4.777 4.815 4.815 4.802 4.770 4.710 4.604 4.440 4.207 3.895 3.531 3.242 3.060 2.991 3.036 3.428 4.572 6.745 9.234 10.822 11.553 11.726 11.704 11.539 11.194 10.677 10.149 9.794 9.606 9.481 9.341 9.172 8.939 8.641 8.308 7.951 7.582 7.215 6.870 6.560 6.288 6.057 5.870 5.729 5.629 5.561 5.528 5.550 5.649 5.832 6.042 6.216
0.000 0.000 0.000 0.000 0.000 0.000 0.000 0.000 0.000 0.000 0.000 0.001 0.001 0.002 0.004 0.008 0.016 0.030 0.059 0.117 0.257 0.632 1.503 2.906 4.089 4.672 4.833 4.859 4.874 4.871 4.846 4.786 4.681 4.528 4.324 4.094 3.928 3.830 3.797 3.808 3.985 4.663 6.112 8.064 9.441 10.105 10.289 10.306 10.241 10.068 9.736 9.273 8.872 8.659 8.599 8.574 8.526 8.385 8.115 7.767 7.379 6.968 6.577 6.216 5.893 5.616 5.384 5.193 5.027 4.889 4.782 4.712 4.692 4.740 4.846 4.938 4.934
0.000 0.000 0.000 0.000 0.000 0.000 0.000 0.000 0.000 0.000 0.000 0.001 0.001 0.002 0.004 0.009 0.017 0.032 0.060 0.114 0.219 0.454 1.003 2.061 3.417 4.364 4.763 4.874 4.920 4.946 4.947 4.922 4.865 4.771 4.643 4.509 4.429 4.395 4.398 4.443 4.595 4.978 5.846 7.262 8.402 8.984 9.177 9.217 9.204 9.119 8.918 8.583 8.186 7.890 7.763 7.732 7.737 7.691 7.499 7.179 6.787 6.359 5.958 5.582 5.240 4.952 4.721 4.528 4.344 4.168 4.016 3.904 3.832 3.789 3.740 3.632 3.419
0.000 0.000 0.000 0.000 0.000 0.000 0.000 0.000 0.000 0.000 0.000 0.001 0.001 0.003 0.006 0.013 0.024 0.043 0.074 0.128 0.223 0.395 0.736 1.432 2.618 3.829 4.527 4.818 4.934 4.994 5.019 5.019 4.997 4.944 4.866 4.798 4.764 4.758 4.772 4.843 4.998 5.289 5.827 6.764 7.656 8.145 8.334 8.386 8.392 8.352 8.227 7.997 7.672 7.335 7.105 6.982 6.911 6.853 6.735 6.493 6.139 5.723 5.315 4.939 4.593 4.297 4.063 3.864 3.667 3.462 3.260 3.077 2.903 2.701 2.451 2.155 1.848
0.000 0.000 0.000 0.000 0.000 0.000 0.000 0.000 0.000 0.000 0.000 0.001 0.002 0.005 0.011 0.022 0.041 0.068 0.107 0.165 0.253 0.399 0.643 1.105 1.963 3.154 4.088 4.607 4.875 5.010 5.072 5.087 5.083 5.055 5.002 4.973 4.963 4.967 4.990 5.068 5.210 5.449 5.834 6.460 7.128 7.521 7.690 7.744 7.755 7.731 7.643 7.479 7.225 6.909 6.610 6.370 6.171 5.994 5.829 5.624 5.327 4.947 4.540 4.183 3.870 3.590 3.347 3.124 2.897 2.653 2.383 2.092 1.794 1.511 1.250 1.014 0.808
0.000 0.000 0.000 0.000 0.000 0.000 0.000 0.000 0.000 0.000 0.000 0.001 0.003 0.008 0.020 0.040 0.071 0.112 0.163 0.229 0.316 0.441 0.643 0.987 1.597 2.539 3.514 4.220 4.680 4.949 5.085 5.130 5.130 5.110 5.073 5.057 5.056 5.068 5.104 5.182 5.306 5.499 5.797 6.228 6.704 7.016 7.164 7.216 7.224 7.210 7.143 7.010 6.795 6.510 6.184 5.859 5.541 5.229 4.924 4.629 4.321 3.963 3.571 3.227 2.929 2.652 2.384 2.120 1.856 1.584 1.303 1.044 0.827 0.648 0.502 0.384 0.295
0.000 0.000 0.000 0.000 0.000 0.000 0.000 0.000 0.000 0.000 0.000 0.001 0.004 0.011 0.027 0.056 0.101 0.160 0.232 0.314 0.410 0.531 0.702 0.985 1.453 2.146 2.992 3.754 4.357 4.775 5.022 5.131 5.145 5.123 5.094 5.084 5.085 5.105 5.150 5.220 5.334 5.493 5.723 6.018 6.329 6.562 6.694 6.752 6.761 6.752 6.694 6.574 6.379 6.105 5.768 5.386 4.975 4.541 4.096 3.660 3.234 2.822 2.432 2.088 1.792 1.527 1.281 1.054 0.849 0.665 0.507 0.381 0.284 0.214 0.163 0.126 0.099
0.000 0.000 0.000 0.000 0.000 0.000 0.000 0.000 0.000 0.000 0.000 0.001 0.004 0.011 0.029 0.063 0.117 0.191 0.281 0.387 0.511 0.655 0.826 1.062 1.437 1.975 2.650 3.370 4.006 4.513 4.862 5.058 5.120 5.111 5.089 5.083 5.088 5.111 5.155 5.220 5.326 5.454 5.608 5.787 5.965 6.116 6.234 6.308 6.332 6.325 6.272 6.161 5.974 5.698 5.341 4.910 4.418 3.868 3.286 2.728 2.221 1.790 1.438 1.150 0.909 0.705 0.534 0.395 0.287 0.205 0.146 0.107 0.082 0.064 0.051 0.042 0.034
0.000 0.000 0.000 0.000 0.000 0.000 0.000 0.000 0.000 0.000 0.001 0.001 0.004 0.011 0.029 0.064 0.121 0.203 0.310 0.437 0.587 0.761 0.961 1.197 1.507 1.936 2.487 3.120 3.715 4.225 4.626 4.891 5.017 5.044 5.050 5.053 5.069 5.100 5.140 5.197 5.276 5.358 5.439 5.526 5.600 5.664 5.736 5.818 5.876 5.886 5.853 5.749 5.550 5.228 4.783 4.253 3.663 3.006 2.331 1.742 1.290 0.958 0.708 0.518 0.370 0.258 0.175 0.118 0.080 0.055 0.040 0.030 0.025 0.021 0.018 0.016 0.014
0.000 0.000 0.000 0.000 0.000 0.000 0.000 0.000 0.000 0.000 0.001 0.001 0.004 0.010 0.026 0.059 0.116 0.203 0.322 0.470 0.642 0.837 1.054 1.299 1.588 1.951 2.409 2.955 3.493 3.961 4.350 4.644 4.824 4.904 4.946 4.975 5.008 5.049 5.084 5.125 5.170 5.204 5.222 5.227 5.215 5.197 5.187 5.207 5.254 5.276 5.250 5.126 4.855 4.402 3.773 3.072 2.382 1.737 1.211 0.839 0.580 0.398 0.272 0.185 0.124 0.080 0.051 0.033 0.022 0.016 0.012 0.011 0.010 0.009 0.009 0.009 0.009
0.000 0.000 0.000 0.000 0.000 0.001 0.001 0.001 0.001 0.001 0.001 0.001 0.003 0.007 0.019 0.046 0.101 0.192 0.322 0.488 0.681 0.889 1.110 1.350 1.623 1.950 2.346 2.813 3.294 3.717 4.074 4.359 4.564 4.692 4.770 4.832 4.886 4.936 4.968 4.987 4.998 4.989 4.955 4.895 4.807 4.707 4.603 4.507 4.424 4.339 4.210 3.979 3.573 2.957 2.208 1.556 1.067 0.703 0.452 0.291 0.189 0.125 0.084 0.057 0.037 0.023 0.014 0.009 0.007 0.006 0.005 0.005 0.005 0.005 0.006 0.006 0.006
0.000 0.000 0.000 0.001 0.001 0.001 0.001 0.001 0.001 0.001 0.001 0.001 0.001 0.004 0.011 0.030 0.075 0.166 0.308 0.494 0.705 0.919 1.137 1.370 1.631 1.933 2.279 2.675 3.093 3.466 3.788 4.056 4.267 4.425 4.539 4.625 4.693 4.744 4.766 4.771 4.760 4.720 4.645 4.531 4.370 4.174 3.957 3.727 3.468 3.169 2.834 2.460 2.010 1.476 0.974 0.610 0.370 0.220 0.131 0.080 0.052 0.035 0.024 0.016 0.010 0.006 0.004 0.003 0.003 0.003 0.003 0.003 0.003 0.004 0.004 0.004 0.005
0.001 0.001 0.001 0.001 0.001 0.001 0.001 0.001 0.001 0.001 0.001 0.001 0.001 0.002 0.006 0.019 0.054 0.136 0.282 0.487 0.716 0.930 1.145 1.372 1.622 1.898 2.200 2.536 2.888 3.209 3.491 3.735 3.942 4.112 4.247 4.347 4.421 4.464 4.475 4.474 4.453 4.398 4.296 4.135 3.909 3.626 3.313 2.980 2.613 2.204 1.785 1.380 0.989 0.634 0.374 0.212 0.118 0.065 0.037 0.022 0.014 0.009 0.006 0.004 0.003 0.002 0.002 0.001 0.001 0.001 0.002 0.002 0.002 0.003 0.003 0.004 0.005
0.001 0.001 0.002 0.002 0.002 0.001 0.001 0.001 0.001 0.001 0.001 0.001 0.001 0.001 0.004 0.013 0.040 0.111 0.253 0.469 0.715 0.930 1.143 1.364 1.596 1.843 2.105 2.387 2.672 2.939 3.180 3.397 3.586 3.747 3.881 3.988 4.062 4.101 4.110 4.107 4.083 4.021 3.905 3.714 3.445 3.111 2.740 2.342 1.920 1.497 1.102 0.755 0.471 0.268 0.143 0.074 0.038 0.019 0.010 0.006 0.004 0.002 0.002 0.001 0.001 0.001 0.001 0.001 0.001 0.001 0.001 0.001 0.002 0.002 0.002 0.003 0.004
0.002 0.002 0.002 0.002 0.002 0.002 0.001 0.001 0.001 0.001 0.001 0.001 0.001 0.001 0.003 0.009 0.029 0.089 0.221 0.435 0.696 0.920 1.129 1.338 1.551 1.768 1.991 2.220 2.447 2.661 2.857 3.034 3.187 3.320 3.434 3.532 3.613 3.666 3.686 3.686 3.665 3.600 3.479 3.279 2.995 2.640 2.239 1.809 1.390 1.009 0.679 0.415 0.228 0.116 0.056 0.027 0.012 0.006 0.003 0.002 0.001 0.001 0.001 0.000 0.000 0.000 0.000 0.000 0.000 0.000 0.000 0.001 0.001 0.001 0.002 0.003 0.004
0.004 0.003 0.003 0.002 0.002 0.002 0.001 0.001 0.001 0.001 0.001 0.001 0.001 0.001 0.002 0.006 0.020 0.065 0.177 0.374 0.638 0.887 1.098 1.293 1.482 1.667 1.849 2.028 2.202 2.365 2.513 2.639 2.741 2.826 2.900 2.972 3.057 3.142 3.193 3.210 3.200 3.148 3.029 2.832 2.553 2.199 1.793 1.372 0.992 0.668 0.408 0.223 0.110 0.051 0.022 0.010 0.004 0.002 0.001 0.001 0.001 0.000 0.000 0.000 0.000 0.000 0.000 0.001 0.000 0.000 0.000 0.000 0.001 0.001 0.002 0.003 0.005
0.005 0.004 0.003 0.003 0.002 0.002 0.001 0.001 0.001 0.001 0.001 0.001 0.001 0.001 0.002 0.004 0.011 0.037 0.114 0.271 0.512 0.790 1.030 1.223 1.388 1.538 1.679 1.812 1.937 2.050 2.145 2.213 2.254 2.274 2.278 2.300 2.356 2.453 2.536 2.588 2.612 2.600 2.526 2.359 2.104 1.770 1.374 0.993 0.673 0.415 0.229 0.112 0.050 0.021 0.009 0.003 0.001 0.001 0.000 0.000 0.000 0.000 0.000 0.000 0.000 0.000 0.000 0.000 0.000 0.000 0.000 0.000 0.000 0.001 0.002 0.003 0.008
0.005 0.005 0.004 0.003 0.002 0.002 0.001 0.001 0.001 0.001 0.001 0.001 0.001 0.002 0.002 0.002 0.005 0.016 0.051 0.138 0.310 0.572 0.857 1.081 1.248 1.376 1.481 1.573 1.650 1.710 1.746 1.760 1.744 1.705 1.637 1.573 1.548 1.583 1.649 1.714 1.779 1.834 1.843 1.770 1.593 1.318 0.968 0.651 0.407 0.228 0.113 0.051 0.021 0.008 0.003 0.001 0.001 0.000 0.000 0.000 0.000 0.000 0.000 0.000 0.000 0.000 0.000 0.000 0.000 0.000 0.000 0.000 0.000 0.001 0.002 0.005 0.015
