RESULTS/r.avaflow_results/23_results/23_ascii/23_hflow10051.asc
ncols 506
nrows 317
xllcenter 498237.50
yllcenter 5580050.00
cellsize 12.50
NODATA_value -9999.000
[rows 170 to 203 of 317, columns 154 to 230 of 506]
3.710 3.376 3.067 2.777 2.516 2.278 2.062 1.865 1.682 1.511 1.349 1.199 1.060 0.933 0.816 0.707 0.605 0.511 0.427 0.353 0.287 0.230 0.181 0.140 0.108 0.082 0.065 0.055 0.050 0.048 0.047 0.047 0.047 0.046 0.046 0.045 0.045 0.045 0.044 0.042 0.039 0.036 0.033 0.031 0.028 0.025 0.021 0.017 0.014 0.011 0.009 0.007 0.005 0.004 0.004 0.003 0.003 0.003 0.003 0.003 0.004 0.004 0.004 0.003 0.003 0.003 0.004 0.004 0.005 0.007 0.010 0.012 0.012 0.012 0.010 0.007 0.005
4.014 3.706 3.419 3.141 2.883 2.638 2.409 2.195 1.994 1.805 1.626 1.458 1.301 1.155 1.018 0.889 0.766 0.651 0.544 0.448 0.364 0.291 0.229 0.177 0.135 0.103 0.078 0.063 0.056 0.053 0.053 0.053 0.053 0.052 0.051 0.049 0.048 0.046 0.045 0.042 0.038 0.035 0.032 0.028 0.025 0.021 0.016 0.012 0.008 0.006 0.004 0.003 0.003 0.003 0.002 0.002 0.002 0.003 0.003 0.003 0.003 0.003 0.003 0.002 0.002 0.002 0.003 0.003 0.004 0.005 0.008 0.010 0.011 0.011 0.011 0.010 0.007
4.253 3.974 3.705 3.439 3.184 2.939 2.707 2.489 2.282 2.083 1.893 1.712 1.538 1.372 1.214 1.063 0.920 0.786 0.663 0.552 0.452 0.364 0.287 0.222 0.169 0.127 0.094 0.072 0.061 0.056 0.055 0.055 0.054 0.053 0.052 0.050 0.047 0.045 0.043 0.039 0.034 0.030 0.026 0.022 0.018 0.013 0.009 0.006 0.004 0.003 0.002 0.002 0.002 0.002 0.002 0.002 0.002 0.002 0.002 0.002 0.002 0.002 0.002 0.002 0.002 0.002 0.002 0.002 0.003 0.004 0.005 0.008 0.010 0.011 0.011 0.011 0.009
4.423 4.173 3.920 3.669 3.427 3.193 2.970 2.755 2.546 2.345 2.150 1.959 1.770 1.585 1.402 1.228 1.063 0.911 0.771 0.646 0.533 0.434 0.346 0.271 0.207 0.155 0.114 0.084 0.066 0.057 0.055 0.054 0.053 0.052 0.050 0.047 0.044 0.041 0.037 0.032 0.025 0.020 0.015 0.012 0.009 0.006 0.004 0.003 0.002 0.002 0.001 0.001 0.001 0.001 0.001 0.002 0.002 0.002 0.002 0.002 0.002 0.002 0.002 0.001 0.001 0.001 0.001 0.002 0.002 0.003 0.004 0.006 0.009 0.010 0.011 0.011 0.010
4.526 4.300 4.071 3.844 3.623 3.408 3.198 2.993 2.791 2.591 2.391 2.192 1.992 1.787 1.579 1.378 1.190 1.017 0.862 0.723 0.599 0.489 0.393 0.308 0.237 0.178 0.131 0.096 0.073 0.059 0.053 0.050 0.048 0.046 0.044 0.040 0.036 0.032 0.026 0.020 0.014 0.010 0.007 0.005 0.004 0.003 0.002 0.001 0.001 0.001 0.001 0.001 0.001 0.001 0.001 0.001 0.002 0.002 0.002 0.002 0.002 0.001 0.001 0.001 0.001 0.001 0.001 0.001 0.001 0.002 0.003 0.004 0.007 0.009 0.010 0.010 0.010
4.576 4.372 4.169 3.973 3.776 3.582 3.388 3.195 3.003 2.808 2.610 2.406 2.193 1.971 1.735 1.506 1.296 1.105 0.934 0.782 0.648 0.530 0.426 0.335 0.258 0.194 0.144 0.105 0.078 0.060 0.050 0.045 0.041 0.037 0.033 0.028 0.023 0.019 0.014 0.010 0.007 0.005 0.003 0.002 0.002 0.001 0.001 0.001 0.001 0.001 0.001 0.001 0.001 0.001 0.001 0.001 0.002 0.002 0.002 0.002 0.002 0.001 0.001 0.001 0.001 0.001 0.001 0.001 0.001 0.001 0.002 0.003 0.005 0.007 0.009 0.010 0.010
4.590 4.407 4.232 4.061 3.888 3.716 3.541 3.363 3.182 2.995 2.802 2.594 2.369 2.127 1.864 1.607 1.376 1.167 0.984 0.822 0.681 0.557 0.448 0.353 0.271 0.204 0.150 0.110 0.080 0.060 0.047 0.038 0.030 0.024 0.018 0.014 0.011 0.009 0.007 0.005 0.003 0.002 0.002 0.001 0.001 0.001 0.001 0.001 0.001 0.001 0.001 0.001 0.001 0.001 0.001 0.002 0.002 0.002 0.002 0.002 0.002 0.001 0.001 0.001 0.001 0.001 0.001 0.001 0.001 0.001 0.002 0.002 0.003 0.005 0.007 0.009 0.009
4.589 4.422 4.267 4.118 3.968 3.818 3.662 3.499 3.331 3.156 2.967 2.755 2.518 2.255 1.962 1.679 1.428 1.206 1.012 0.843 0.698 0.571 0.460 0.361 0.277 0.207 0.152 0.111 0.080 0.058 0.042 0.030 0.020 0.013 0.009 0.007 0.005 0.004 0.003 0.002 0.002 0.001 0.001 0.001 0.001 0.001 0.001 0.001 0.001 0.001 0.001 0.001 0.001 0.001 0.002 0.002 0.002 0.002 0.002 0.002 0.001 0.001 0.001 0.001 0.001 0.001 0.001 0.001 0.001 0.001 0.001 0.002 0.002 0.004 0.005 0.007 0.008
4.574 4.421 4.281 4.153 4.025 3.894 3.760 3.615 3.463 3.299 3.112 2.896 2.645 2.358 2.035 1.728 1.459 1.225 1.023 0.850 0.703 0.575 0.462 0.363 0.276 0.205 0.149 0.106 0.075 0.052 0.034 0.020 0.012 0.007 0.005 0.003 0.003 0.002 0.002 0.001 0.001 0.001 0.001 0.001 0.001 0.001 0.001 0.001 0.001 0.001 0.001 0.001 0.002 0.002 0.002 0.002 0.002 0.002 0.002 0.002 0.002 0.001 0.001 0.001 0.001 0.001 0.001 0.001 0.001 0.001 0.001 0.001 0.002 0.003 0.004 0.005 0.007
4.547 4.406 4.277 4.165 4.059 3.951 3.841 3.719 3.587 3.431 3.244 3.020 2.754 2.441 2.089 1.763 1.479 1.234 1.025 0.849 0.699 0.569 0.455 0.353 0.265 0.191 0.133 0.090 0.059 0.036 0.021 0.011 0.006 0.004 0.002 0.002 0.001 0.001 0.001 0.001 0.001 0.001 0.001 0.001 0.001 0.001 0.001 0.001 0.001 0.001 0.002 0.002 0.002 0.002 0.002 0.002 0.002 0.002 0.002 0.002 0.002 0.001 0.001 0.001 0.001 0.001 0.001 0.001 0.001 0.001 0.001 0.001 0.002 0.002 0.003 0.004 0.005
4.500 4.375 4.262 4.166 4.080 3.995 3.911 3.813 3.697 3.547 3.357 3.122 2.839 2.500 2.127 1.788 1.492 1.238 1.021 0.837 0.681 0.544 0.425 0.320 0.230 0.156 0.098 0.057 0.031 0.017 0.009 0.005 0.003 0.002 0.001 0.001 0.001 0.001 0.001 0.001 0.001 0.001 0.001 0.001 0.001 0.001 0.001 0.001 0.001 0.002 0.002 0.002 0.003 0.003 0.003 0.003 0.003 0.003 0.002 0.002 0.002 0.001 0.001 0.001 0.001 0.001 0.001 0.001 0.001 0.001 0.001 0.001 0.001 0.002 0.002 0.003 0.004
4.428 4.319 4.227 4.151 4.086 4.027 3.969 3.896 3.791 3.642 3.443 3.195 2.893 2.535 2.151 1.805 1.500 1.236 1.008 0.809 0.634 0.482 0.352 0.246 0.161 0.095 0.050 0.024 0.012 0.007 0.004 0.003 0.002 0.001 0.001 0.001 0.001 0.001 0.001 0.001 0.001 0.001 0.001 0.001 0.001 0.001 0.001 0.001 0.002 0.002 0.003 0.003 0.004 0.004 0.004 0.004 0.004 0.003 0.003 0.002 0.002 0.002 0.001 0.001 0.001 0.001 0.001 0.001 0.001 0.001 0.001 0.001 0.001 0.001 0.002 0.002 0.003
4.328 4.239 4.172 4.123 4.082 4.047 4.010 3.954 3.854 3.702 3.494 3.231 2.915 2.546 2.159 1.811 1.499 1.219 0.964 0.733 0.527 0.351 0.217 0.127 0.072 0.038 0.018 0.009 0.005 0.003 0.002 0.002 0.001 0.001 0.001 0.001 0.001 0.001 0.001 0.001 0.001 0.001 0.001 0.001 0.001 0.001 0.001 0.002 0.002 0.003 0.004 0.005 0.006 0.006 0.006 0.006 0.005 0.005 0.004 0.003 0.002 0.002 0.001 0.001 0.001 0.001 0.001 0.001 0.001 0.001 0.001 0.001 0.001 0.001 0.002 0.002 0.003
4.201 4.139 4.094 4.068 4.055 4.049 4.027 3.977 3.878 3.722 3.505 3.227 2.901 2.524 2.134 1.775 1.439 1.118 0.815 0.543 0.320 0.167 0.083 0.042 0.022 0.012 0.006 0.003 0.002 0.002 0.001 0.001 0.001 0.001 0.001 0.001 0.001 0.001 0.001 0.001 0.001 0.001 0.001 0.001 0.001 0.002 0.002 0.002 0.003 0.004 0.006 0.007 0.008 0.009 0.009 0.009 0.008 0.006 0.005 0.004 0.003 0.002 0.002 0.001 0.001 0.001 0.001 0.001 0.001 0.001 0.001 0.001 0.001 0.001 0.002 0.002 0.002
4.053 4.017 3.994 3.985 3.980 3.977 3.956 3.906 3.810 3.653 3.418 3.111 2.751 2.347 1.942 1.553 1.172 0.805 0.484 0.250 0.115 0.050 0.023 0.012 0.007 0.004 0.002 0.002 0.001 0.001 0.001 0.001 0.001 0.001 0.001 0.001 0.001 0.001 0.001 0.001 0.001 0.001 0.001 0.002 0.002 0.002 0.003 0.003 0.005 0.007 0.010 0.012 0.013 0.014 0.014 0.013 0.011 0.009 0.006 0.005 0.003 0.003 0.002 0.001 0.001 0.001 0.001 0.001 0.001 0.001 0.001 0.001 0.001 0.001 0.002 0.002 0.002
3.878 3.862 3.832 3.779 3.703 3.635 3.573 3.498 3.399 3.250 3.010 2.676 2.257 1.798 1.370 0.977 0.624 0.344 0.164 0.069 0.028 0.013 0.007 0.004 0.003 0.002 0.002 0.001 0.001 0.001 0.001 0.001 0.001 0.001 0.001 0.001 0.001 0.001 0.001 0.002 0.002 0.002 0.002 0.002 0.002 0.003 0.004 0.006 0.009 0.014 0.018 0.022 0.024 0.024 0.023 0.020 0.016 0.012 0.008 0.006 0.004 0.003 0.002 0.002 0.001 0.001 0.001 0.001 0.001 0.001 0.001 0.001 0.001 0.001 0.002 0.002 0.002
3.617 3.552 3.427 3.235 2.991 2.784 2.617 2.478 2.353 2.208 1.995 1.682 1.268 0.860 0.561 0.348 0.194 0.092 0.038 0.016 0.007 0.004 0.003 0.002 0.002 0.002 0.002 0.001 0.001 0.001 0.001 0.001 0.001 0.002 0.002 0.002 0.002 0.002 0.002 0.002 0.002 0.002 0.003 0.003 0.004 0.005 0.008 0.012 0.019 0.029 0.037 0.041 0.042 0.040 0.034 0.027 0.020 0.015 0.011 0.007 0.005 0.004 0.003 0.002 0.001 0.001 0.001 0.001 0.001 0.001 0.001 0.001 0.001 0.001 0.002 0.002 0.003
3.073 2.855 2.561 2.190 1.803 1.496 1.280 1.132 1.019 0.913 0.790 0.627 0.425 0.257 0.150 0.085 0.045 0.021 0.009 0.005 0.003 0.002 0.002 0.002 0.002 0.002 0.002 0.002 0.002 0.002 0.002 0.002 0.002 0.002 0.002 0.002 0.002 0.003 0.003 0.003 0.004 0.004 0.005 0.007 0.009 0.012 0.019 0.030 0.046 0.060 0.070 0.073 0.067 0.055 0.042 0.031 0.023 0.017 0.012 0.008 0.006 0.004 0.003 0.002 0.001 0.001 0.001 0.001 0.001 0.001 0.001 0.001 0.001 0.001 0.002 0.002 0.003
2.111 1.768 1.432 1.121 0.852 0.641 0.492 0.393 0.326 0.272 0.221 0.164 0.104 0.061 0.035 0.020 0.011 0.006 0.004 0.003 0.002 0.002 0.002 0.002 0.002 0.002 0.002 0.002 0.002 0.002 0.002 0.002 0.003 0.003 0.003 0.004 0.004 0.005 0.006 0.007 0.009 0.011 0.013 0.017 0.022 0.032 0.050 0.076 0.099 0.113 0.116 0.104 0.082 0.061 0.045 0.033 0.025 0.018 0.013 0.009 0.006 0.004 0.003 0.002 0.001 0.001 0.001 0.001 0.001 0.001 0.001 0.001 0.001 0.001 0.002 0.002 0.004
1.088 0.860 0.665 0.497 0.356 0.248 0.173 0.126 0.096 0.075 0.058 0.041 0.026 0.016 0.010 0.006 0.004 0.003 0.002 0.002 0.002 0.002 0.002 0.002 0.002 0.002 0.002 0.003 0.003 0.003 0.004 0.004 0.005 0.006 0.007 0.008 0.010 0.012 0.015 0.019 0.023 0.029 0.037 0.047 0.062 0.088 0.126 0.162 0.179 0.174 0.150 0.116 0.086 0.063 0.046 0.034 0.025 0.018 0.013 0.009 0.006 0.004 0.003 0.002 0.001 0.001 0.001 0.001 0.001 0.001 0.001 0.001 0.001 0.001 0.002 0.002 0.004
0.461 0.354 0.267 0.194 0.133 0.088 0.058 0.040 0.029 0.022 0.017 0.012 0.009 0.006 0.004 0.003 0.003 0.002 0.002 0.002 0.002 0.002 0.002 0.002 0.003 0.003 0.004 0.004 0.005 0.006 0.008 0.010 0.013 0.015 0.019 0.023 0.028 0.035 0.045 0.056 0.069 0.086 0.105 0.128 0.159 0.201 0.242 0.258 0.247 0.210 0.161 0.118 0.086 0.063 0.046 0.034 0.025 0.018 0.013 0.009 0.006 0.004 0.003 0.002 0.001 0.001 0.001 0.001 0.001 0.001 0.001 0.001 0.001 0.001 0.001 0.002 0.003
0.170 0.130 0.097 0.070 0.047 0.031 0.021 0.015 0.011 0.009 0.007 0.006 0.005 0.004 0.003 0.003 0.003 0.002 0.002 0.002 0.002 0.003 0.003 0.004 0.005 0.006 0.008 0.010 0.013 0.017 0.022 0.028 0.036 0.045 0.055 0.068 0.085 0.107 0.132 0.158 0.186 0.215 0.242 0.268 0.293 0.315 0.325 0.313 0.277 0.219 0.162 0.119 0.087 0.063 0.046 0.034 0.025 0.018 0.013 0.009 0.006 0.004 0.003 0.002 0.001 0.001 0.001 0.001 0.001 0.001 0.001 0.001 0.001 0.001 0.001 0.002 0.003
0.060 0.046 0.035 0.026 0.018 0.013 0.010 0.008 0.007 0.006 0.005 0.004 0.004 0.003 0.003 0.003 0.003 0.003 0.003 0.003 0.003 0.004 0.005 0.007 0.010 0.014 0.020 0.028 0.038 0.051 0.067 0.087 0.110 0.134 0.161 0.194 0.235 0.279 0.320 0.350 0.366 0.369 0.370 0.371 0.371 0.370 0.359 0.331 0.282 0.218 0.162 0.118 0.087 0.063 0.046 0.034 0.025 0.018 0.013 0.009 0.006 0.004 0.003 0.002 0.001 0.001 0.001 0.001 0.000 0.000 0.000 0.000 0.001 0.001 0.001 0.001 0.002
0.022 0.018 0.015 0.013 0.010 0.008 0.007 0.006 0.006 0.005 0.005 0.004 0.004 0.003 0.003 0.003 0.003 0.003 0.003 0.004 0.005 0.007 0.011 0.018 0.027 0.041 0.061 0.088 0.121 0.159 0.204 0.254 0.306 0.358 0.408 0.462 0.511 0.541 0.541 0.517 0.482 0.447 0.424 0.408 0.396 0.383 0.365 0.332 0.282 0.218 0.161 0.118 0.086 0.063 0.046 0.034 0.024 0.017 0.012 0.008 0.006 0.004 0.002 0.002 0.001 0.001 0.000 0.000 0.000 0.000 0.000 0.000 0.000 0.001 0.001 0.001 0.001
0.010 0.009 0.009 0.009 0.009 0.008 0.007 0.006 0.006 0.005 0.005 0.004 0.004 0.004 0.003 0.003 0.003 0.004 0.005 0.007 0.011 0.019 0.032 0.053 0.084 0.130 0.193 0.272 0.355 0.441 0.528 0.616 0.691 0.745 0.778 0.786 0.766 0.722 0.657 0.584 0.516 0.464 0.431 0.411 0.395 0.379 0.357 0.323 0.273 0.210 0.155 0.113 0.082 0.059 0.043 0.031 0.022 0.015 0.010 0.007 0.004 0.003 0.002 0.001 0.001 0.000 0.000 0.000 0.000 0.000 0.000 0.000 0.000 0.000 0.001 0.001 0.001
0.006 0.007 0.008 0.009 0.009 0.008 0.008 0.007 0.007 0.006 0.005 0.005 0.004 0.004 0.004 0.004 0.005 0.006 0.010 0.017 0.031 0.057 0.100 0.167 0.261 0.388 0.543 0.701 0.838 0.946 1.026 1.070 1.081 1.065 1.027 0.967 0.886 0.787 0.685 0.593 0.517 0.460 0.422 0.395 0.371 0.344 0.315 0.278 0.229 0.174 0.129 0.094 0.069 0.050 0.036 0.025 0.017 0.011 0.007 0.004 0.002 0.001 0.001 0.001 0.000 0.000 0.000 0.000 0.000 0.000 0.000 0.000 0.000 0.000 0.000 0.000 0.001
0.005 0.007 0.009 0.010 0.010 0.010 0.010 0.010 0.009 0.008 0.007 0.006 0.006 0.005 0.006 0.006 0.008 0.014 0.026 0.050 0.097 0.177 0.299 0.468 0.683 0.919 1.139 1.288 1.363 1.390 1.377 1.334 1.272 1.199 1.115 1.019 0.910 0.793 0.683 0.589 0.509 0.444 0.391 0.345 0.302 0.261 0.219 0.179 0.140 0.105 0.079 0.060 0.045 0.033 0.024 0.016 0.011 0.006 0.004 0.002 0.001 0.001 0.000 0.000 0.000 0.000 0.000 0.000 0.000 0.000 0.000 0.000 0.000 0.000 0.000 0.000 0.000
0.005 0.007 0.010 0.013 0.015 0.015 0.015 0.015 0.014 0.013 0.011 0.009 0.009 0.009 0.009 0.012 0.020 0.039 0.078 0.154 0.283 0.475 0.729 1.013 1.277 1.475 1.595 1.645 1.644 1.604 1.528 1.428 1.322 1.222 1.123 1.021 0.910 0.790 0.675 0.574 0.483 0.400 0.322 0.250 0.190 0.143 0.109 0.083 0.063 0.049 0.039 0.032 0.025 0.020 0.014 0.010 0.006 0.004 0.002 0.001 0.000 0.000 0.000 0.000 0.000 0.000 0.000 0.000 0.000 0.000 0.000 0.000 0.000 0.000 0.000 0.000 0.000
0.005 0.009 0.014 0.020 0.024 0.025 0.025 0.025 0.024 0.022 0.019 0.017 0.017 0.017 0.020 0.030 0.056 0.112 0.221 0.404 0.666 0.961 1.240 1.474 1.650 1.753 1.788 1.782 1.748 1.681 1.580 1.452 1.329 1.222 1.122 1.019 0.906 0.779 0.647 0.525 0.410 0.303 0.210 0.140 0.095 0.066 0.048 0.037 0.030 0.025 0.021 0.018 0.015 0.012 0.009 0.006 0.004 0.002 0.001 0.000 0.000 0.000 0.000 0.000 0.000 0.000 0.000 0.000 0.000 0.000 0.000 0.000 0.000 0.000 0.000 0.000 0.000
0.006 0.012 0.021 0.033 0.040 0.044 0.045 0.046 0.045 0.043 0.039 0.036 0.035 0.037 0.046 0.076 0.146 0.280 0.498 0.789 1.080 1.322 1.520 1.675 1.781 1.829 1.835 1.824 1.788 1.714 1.601 1.458 1.323 1.208 1.099 0.986 0.857 0.710 0.553 0.406 0.277 0.177 0.110 0.069 0.045 0.032 0.024 0.019 0.017 0.015 0.013 0.012 0.010 0.008 0.006 0.004 0.002 0.001 0.001 0.000 0.000 0.000 0.000 0.000 0.000 0.000 0.000 0.000 0.000 0.000 0.000 0.000 0.000 0.000 0.000 0.000 0.000
0.008 0.017 0.034 0.055 0.069 0.077 0.081 0.083 0.083 0.081 0.075 0.073 0.072 0.078 0.102 0.167 0.301 0.513 0.793 1.073 1.295 1.467 1.607 1.721 1.800 1.841 1.853 1.846 1.810 1.729 1.605 1.448 1.282 1.127 0.981 0.836 0.683 0.520 0.361 0.233 0.142 0.086 0.052 0.033 0.023 0.017 0.014 0.012 0.011 0.010 0.009 0.008 0.007 0.005 0.004 0.002 0.001 0.001 0.000 0.000 0.000 0.000 0.000 0.000 0.000 0.000 0.000 0.000 0.000 0.000 0.000 0.000 0.000 0.000 0.000 0.000 0.000
0.013 0.030 0.061 0.093 0.115 0.129 0.135 0.138 0.138 0.135 0.129 0.126 0.126 0.135 0.167 0.253 0.417 0.664 0.952 1.187 1.362 1.500 1.620 1.723 1.800 1.843 1.855 1.844 1.799 1.709 1.566 1.374 1.146 0.918 0.713 0.532 0.378 0.255 0.165 0.102 0.062 0.039 0.025 0.017 0.013 0.011 0.010 0.009 0.008 0.007 0.006 0.006 0.004 0.003 0.002 0.001 0.001 0.000 0.000 0.000 0.000 0.000 0.000 0.000 0.000 0.000 0.000 0.000 0.000 0.000 0.000 0.000 0.000 0.000 0.000 0.000 0.000
0.023 0.056 0.109 0.153 0.176 0.186 0.188 0.188 0.186 0.182 0.175 0.169 0.167 0.173 0.204 0.292 0.462 0.718 0.996 1.209 1.370 1.501 1.612 1.699 1.750 1.768 1.749 1.706 1.634 1.520 1.355 1.134 0.855 0.580 0.375 0.240 0.153 0.097 0.062 0.040 0.026 0.017 0.013 0.010 0.008 0.007 0.007 0.006 0.006 0.005 0.004 0.003 0.003 0.002 0.001 0.001 0.000 0.000 0.000 0.000 0.000 0.000 0.000 0.000 0.000 0.000 0.000 0.000 0.000 0.000 0.000 0.000 0.000 0.000 0.000 0.000 0.000
0.045 0.101 0.168 0.208 0.223 0.225 0.225 0.223 0.221 0.217 0.208 0.197 0.191 0.193 0.216 0.298 0.463 0.713 0.982 1.185 1.337 1.450 1.525 1.557 1.538 1.474 1.376 1.272 1.159 1.030 0.876 0.685 0.459 0.277 0.160 0.092 0.055 0.034 0.022 0.015 0.011 0.008 0.007 0.006 0.005 0.005 0.005 0.004 0.004 0.003 0.003 0.002 0.001 0.001 0.000 0.000 0.000 0.000 0.000 0.000 0.000 0.000 0.000 0.000 0.000 0.000 0.000 0.000 0.000 0.000 0.000 0.000 0.000 0.000 0.000 0.000 0.000
