RESULTS/r.avaflow_results/23_results/23_ascii/23_hflow30026.asc
ncols 506
nrows 317
xllcenter 498237.50
yllcenter 5580050.00
cellsize 12.50
NODATA_value -9999.000
[rows 170 to 203 of 317, columns 154 to 230 of 506]
10.038 10.119 10.156 10.145 10.070 9.937 9.810 9.711 9.620 9.532 9.445 9.359 9.247 9.055 8.705 8.150 7.422 6.618 5.819 5.053 4.298 3.515 2.774 2.181 1.757 1.489 1.348 1.296 1.296 1.313 1.349 1.420 1.518 1.591 1.641 1.684 1.742 1.851 1.956 1.999 2.003 1.986 1.965 1.936 1.882 1.781 1.609 1.361 1.068 0.783 0.547 0.381 0.276 0.211 0.171 0.147 0.132 0.126 0.125 0.126 0.125 0.123 0.119 0.114 0.109 0.107 0.107 0.110 0.118 0.135 0.171 0.248 0.416 0.736 1.142 1.414 1.559
12.006 12.476 12.808 13.009 13.092 13.102 13.068 12.999 12.900 12.777 12.637 12.498 12.355 12.163 11.826 11.248 10.405 9.361 8.230 7.089 5.953 4.854 3.848 3.015 2.393 1.960 1.677 1.518 1.457 1.462 1.510 1.612 1.746 1.818 1.841 1.849 1.863 1.914 1.970 1.983 1.960 1.897 1.807 1.702 1.567 1.364 1.069 0.742 0.481 0.320 0.222 0.162 0.125 0.103 0.092 0.087 0.086 0.089 0.093 0.096 0.096 0.095 0.091 0.086 0.082 0.080 0.081 0.083 0.091 0.105 0.131 0.185 0.298 0.516 0.859 1.167 1.367
13.924 14.792 15.368 15.696 15.849 15.895 15.890 15.847 15.770 15.668 15.543 15.407 15.267 15.092 14.792 14.248 13.408 12.301 11.015 9.634 8.203 6.775 5.430 4.256 3.322 2.618 2.106 1.770 1.593 1.531 1.542 1.628 1.764 1.827 1.837 1.827 1.820 1.833 1.843 1.815 1.720 1.548 1.323 1.093 0.871 0.645 0.434 0.279 0.183 0.127 0.095 0.075 0.063 0.057 0.056 0.057 0.060 0.067 0.073 0.075 0.076 0.074 0.071 0.067 0.064 0.063 0.063 0.066 0.071 0.081 0.099 0.136 0.213 0.367 0.631 0.951 1.195
15.164 16.330 17.103 17.568 17.834 18.000 18.113 18.182 18.201 18.173 18.110 18.023 17.927 17.799 17.551 17.051 16.232 15.131 13.856 12.460 10.943 9.313 7.637 6.063 4.725 3.639 2.794 2.184 1.800 1.603 1.541 1.571 1.658 1.698 1.694 1.653 1.600 1.556 1.501 1.386 1.164 0.870 0.617 0.449 0.328 0.231 0.156 0.105 0.075 0.057 0.047 0.041 0.038 0.037 0.038 0.040 0.045 0.052 0.057 0.059 0.059 0.058 0.055 0.053 0.052 0.051 0.052 0.053 0.057 0.063 0.074 0.097 0.149 0.257 0.451 0.742 1.026
15.667 16.992 17.929 18.567 19.024 19.392 19.712 19.973 20.151 20.236 20.257 20.247 20.217 20.150 19.973 19.554 18.816 17.777 16.524 15.140 13.641 11.992 10.161 8.212 6.411 4.901 3.699 2.790 2.144 1.734 1.520 1.440 1.422 1.404 1.353 1.244 1.121 1.010 0.893 0.742 0.542 0.358 0.240 0.169 0.123 0.088 0.063 0.047 0.037 0.032 0.029 0.027 0.026 0.027 0.028 0.030 0.034 0.040 0.044 0.046 0.046 0.045 0.044 0.043 0.042 0.042 0.043 0.044 0.046 0.049 0.056 0.071 0.106 0.179 0.315 0.543 0.834
15.659 17.025 18.052 18.824 19.472 20.062 20.595 21.045 21.386 21.587 21.669 21.710 21.748 21.762 21.679 21.395 20.835 19.973 18.817 17.417 15.833 14.074 12.089 9.827 7.613 5.761 4.299 3.203 2.405 1.844 1.482 1.264 1.106 0.955 0.794 0.644 0.541 0.468 0.400 0.323 0.224 0.146 0.099 0.071 0.053 0.041 0.032 0.027 0.023 0.022 0.021 0.020 0.020 0.021 0.021 0.023 0.027 0.031 0.034 0.035 0.035 0.035 0.035 0.034 0.035 0.035 0.036 0.037 0.038 0.040 0.045 0.056 0.079 0.127 0.219 0.377 0.619
15.229 16.643 17.786 18.692 19.465 20.177 20.816 21.361 21.798 22.076 22.188 22.234 22.316 22.436 22.452 22.313 21.945 21.290 20.285 18.912 17.237 15.335 13.179 10.689 8.193 6.128 4.527 3.348 2.487 1.866 1.415 1.070 0.781 0.542 0.369 0.272 0.226 0.198 0.170 0.136 0.095 0.066 0.048 0.036 0.029 0.024 0.021 0.018 0.017 0.016 0.016 0.016 0.016 0.016 0.017 0.018 0.020 0.023 0.025 0.027 0.027 0.027 0.027 0.028 0.028 0.029 0.029 0.030 0.032 0.034 0.038 0.046 0.063 0.095 0.155 0.261 0.432
14.289 15.786 17.093 18.203 19.157 19.974 20.637 21.181 21.633 21.937 22.063 22.108 22.204 22.423 22.504 22.434 22.161 21.616 20.722 19.413 17.708 15.712 13.454 10.863 8.271 6.138 4.501 3.304 2.427 1.762 1.233 0.803 0.479 0.273 0.164 0.116 0.096 0.085 0.074 0.061 0.046 0.035 0.028 0.023 0.019 0.017 0.015 0.014 0.013 0.013 0.013 0.013 0.013 0.013 0.013 0.014 0.015 0.017 0.019 0.020 0.020 0.021 0.021 0.021 0.022 0.022 0.023 0.025 0.026 0.029 0.033 0.040 0.053 0.075 0.115 0.185 0.302
12.938 14.547 16.020 17.325 18.429 19.300 19.938 20.433 20.841 21.135 21.282 21.359 21.484 21.738 21.845 21.801 21.581 21.128 20.341 19.112 17.436 15.415 13.103 10.471 7.907 5.798 4.167 2.962 2.068 1.381 0.844 0.459 0.234 0.124 0.074 0.054 0.045 0.041 0.036 0.031 0.026 0.022 0.019 0.016 0.014 0.013 0.012 0.011 0.010 0.010 0.010 0.009 0.009 0.010 0.010 0.010 0.011 0.012 0.013 0.014 0.014 0.015 0.015 0.016 0.016 0.017 0.018 0.019 0.022 0.025 0.029 0.036 0.046 0.063 0.090 0.137 0.216
11.266 12.988 14.595 16.010 17.167 18.042 18.659 19.083 19.371 19.579 19.757 19.966 20.126 20.248 20.263 20.181 19.982 19.612 18.936 17.804 16.175 14.139 11.796 9.252 6.892 4.923 3.350 2.148 1.286 0.715 0.373 0.190 0.099 0.056 0.037 0.029 0.026 0.024 0.022 0.020 0.017 0.016 0.014 0.012 0.011 0.010 0.009 0.008 0.008 0.007 0.007 0.007 0.007 0.007 0.007 0.007 0.007 0.008 0.008 0.009 0.009 0.010 0.010 0.011 0.011 0.012 0.013 0.015 0.018 0.021 0.026 0.033 0.042 0.056 0.076 0.109 0.163
9.310 11.041 12.740 14.211 15.394 16.298 16.935 17.299 17.468 17.604 17.868 18.280 18.462 18.440 18.322 18.158 17.917 17.519 16.810 15.623 13.923 11.801 9.452 7.180 5.179 3.453 2.045 1.068 0.517 0.251 0.130 0.073 0.044 0.030 0.022 0.019 0.017 0.016 0.015 0.014 0.013 0.012 0.011 0.010 0.009 0.008 0.007 0.006 0.005 0.005 0.005 0.004 0.004 0.004 0.004 0.004 0.004 0.005 0.005 0.005 0.006 0.006 0.007 0.007 0.008 0.008 0.010 0.012 0.014 0.018 0.023 0.030 0.040 0.052 0.069 0.095 0.134
7.273 8.746 10.413 11.993 13.292 14.317 15.043 15.470 15.695 15.899 16.253 16.695 16.842 16.797 16.655 16.458 16.128 15.506 14.469 12.942 10.905 8.461 6.154 4.325 2.890 1.738 0.893 0.391 0.166 0.082 0.049 0.033 0.024 0.019 0.016 0.014 0.013 0.012 0.012 0.011 0.010 0.009 0.008 0.007 0.006 0.006 0.005 0.004 0.004 0.003 0.003 0.002 0.002 0.002 0.002 0.002 0.002 0.002 0.003 0.003 0.003 0.004 0.004 0.004 0.005 0.006 0.007 0.009 0.012 0.016 0.021 0.028 0.038 0.050 0.066 0.088 0.118
5.542 6.661 8.007 9.532 11.006 12.211 13.094 13.654 13.973 14.246 14.618 14.952 15.050 15.017 14.891 14.664 14.210 13.306 11.802 9.664 7.052 4.597 2.887 1.818 1.111 0.607 0.278 0.114 0.054 0.033 0.024 0.019 0.015 0.013 0.012 0.011 0.010 0.010 0.009 0.008 0.008 0.007 0.006 0.006 0.005 0.004 0.003 0.003 0.002 0.002 0.001 0.001 0.001 0.001 0.001 0.001 0.001 0.001 0.001 0.001 0.002 0.002 0.002 0.002 0.003 0.004 0.005 0.007 0.009 0.013 0.019 0.027 0.037 0.049 0.065 0.084 0.108
4.156 4.976 5.961 7.140 8.519 9.857 10.886 11.587 12.007 12.284 12.506 12.617 12.628 12.588 12.451 12.119 11.424 10.129 8.011 5.430 3.203 1.739 0.913 0.500 0.277 0.145 0.071 0.037 0.024 0.018 0.015 0.013 0.011 0.010 0.009 0.009 0.008 0.007 0.007 0.007 0.006 0.005 0.005 0.004 0.004 0.003 0.002 0.002 0.001 0.001 0.000 0.000 0.000 0.000 0.000 0.000 0.000 0.000 0.000 0.000 0.000 0.001 0.001 0.001 0.001 0.002 0.003 0.005 0.008 0.012 0.017 0.025 0.035 0.049 0.064 0.081 0.101
3.046 3.599 4.239 4.990 5.902 6.998 8.051 8.833 9.301 9.505 9.547 9.466 9.306 9.092 8.742 8.134 7.099 5.492 3.560 1.936 0.924 0.409 0.193 0.108 0.065 0.040 0.025 0.018 0.015 0.012 0.011 0.009 0.009 0.008 0.007 0.007 0.006 0.006 0.005 0.005 0.004 0.004 0.004 0.003 0.003 0.002 0.001 0.001 0.000 0.000 0.000 0.000 0.000 0.000 0.000 0.000 0.000 0.000 0.000 0.000 0.000 0.000 0.000 0.000 0.001 0.001 0.002 0.004 0.006 0.010 0.015 0.023 0.034 0.047 0.063 0.080 0.098
2.125 2.447 2.793 3.175 3.615 4.163 4.810 5.365 5.722 5.848 5.824 5.675 5.367 4.903 4.359 3.751 2.953 1.904 0.965 0.411 0.167 0.079 0.047 0.032 0.024 0.018 0.014 0.012 0.010 0.009 0.008 0.007 0.006 0.006 0.005 0.005 0.005 0.004 0.004 0.004 0.003 0.003 0.003 0.002 0.002 0.001 0.001 0.000 0.000 0.000 0.000 0.000 0.000 0.000 0.000 0.000 0.000 0.000 0.000 0.000 0.000 0.000 0.000 0.000 0.000 0.001 0.001 0.003 0.005 0.008 0.013 0.021 0.032 0.045 0.061 0.078 0.097
1.348 1.485 1.629 1.776 1.933 2.126 2.381 2.619 2.765 2.812 2.793 2.675 2.391 1.931 1.499 1.145 0.782 0.399 0.167 0.071 0.038 0.026 0.020 0.016 0.014 0.012 0.010 0.009 0.008 0.007 0.006 0.005 0.005 0.004 0.004 0.004 0.003 0.003 0.003 0.003 0.002 0.002 0.002 0.002 0.001 0.001 0.001 0.000 0.000 0.000 0.000 0.000 0.000 0.000 0.000 0.000 0.000 0.000 0.000 0.000 0.000 0.000 0.000 0.000 0.000 0.000 0.001 0.002 0.003 0.006 0.011 0.018 0.028 0.042 0.058 0.076 0.097
0.732 0.765 0.810 0.850 0.876 0.896 0.933 0.974 0.992 0.984 0.955 0.880 0.725 0.496 0.335 0.233 0.141 0.071 0.036 0.022 0.017 0.014 0.012 0.011 0.009 0.008 0.007 0.006 0.005 0.005 0.004 0.004 0.003 0.003 0.003 0.003 0.002 0.002 0.002 0.002 0.002 0.002 0.001 0.001 0.001 0.001 0.001 0.000 0.000 0.000 0.000 0.000 0.000 0.000 0.000 0.000 0.000 0.000 0.000 0.000 0.000 0.000 0.000 0.000 0.000 0.000 0.000 0.001 0.002 0.005 0.009 0.015 0.024 0.036 0.053 0.073 0.097
0.323 0.323 0.329 0.333 0.325 0.304 0.282 0.264 0.250 0.235 0.218 0.194 0.153 0.099 0.068 0.048 0.032 0.021 0.015 0.013 0.011 0.010 0.009 0.008 0.007 0.006 0.005 0.004 0.004 0.003 0.003 0.003 0.002 0.002 0.002 0.002 0.002 0.002 0.001 0.001 0.001 0.001 0.001 0.001 0.001 0.001 0.000 0.000 0.000 0.000 0.000 0.000 0.000 0.000 0.000 0.000 0.000 0.000 0.000 0.000 0.000 0.000 0.000 0.000 0.000 0.000 0.000 0.000 0.001 0.003 0.006 0.011 0.019 0.030 0.047 0.069 0.097
0.104 0.101 0.102 0.102 0.099 0.089 0.074 0.064 0.057 0.052 0.047 0.042 0.035 0.025 0.020 0.016 0.013 0.011 0.009 0.008 0.007 0.007 0.006 0.005 0.005 0.004 0.003 0.003 0.003 0.002 0.002 0.002 0.002 0.001 0.001 0.001 0.001 0.001 0.001 0.001 0.001 0.001 0.001 0.001 0.001 0.001 0.000 0.000 0.000 0.000 0.000 0.000 0.000 0.000 0.000 0.000 0.000 0.000 0.000 0.000 0.000 0.000 0.000 0.000 0.000 0.000 0.000 0.000 0.001 0.002 0.004 0.008 0.014 0.024 0.040 0.063 0.094
0.023 0.023 0.023 0.024 0.024 0.022 0.018 0.015 0.014 0.013 0.013 0.012 0.012 0.010 0.009 0.008 0.008 0.007 0.006 0.006 0.005 0.005 0.004 0.004 0.003 0.003 0.002 0.002 0.002 0.001 0.001 0.001 0.001 0.001 0.001 0.001 0.001 0.001 0.001 0.001 0.001 0.001 0.001 0.001 0.001 0.001 0.000 0.000 0.000 0.000 0.000 0.000 0.000 0.000 0.000 0.000 0.000 0.000 0.000 0.000 0.000 0.000 0.000 0.000 0.000 0.000 0.000 0.000 0.000 0.001 0.003 0.005 0.010 0.018 0.031 0.053 0.085
0.004 0.004 0.004 0.005 0.005 0.005 0.005 0.005 0.004 0.005 0.005 0.005 0.005 0.005 0.005 0.005 0.005 0.004 0.004 0.004 0.003 0.003 0.003 0.002 0.002 0.002 0.001 0.001 0.001 0.001 0.001 0.001 0.001 0.001 0.001 0.001 0.001 0.001 0.001 0.001 0.001 0.001 0.001 0.001 0.001 0.001 0.000 0.000 0.000 0.000 0.000 0.000 0.000 0.000 0.000 0.000 0.000 0.000 0.000 0.000 0.000 0.000 0.000 0.000 0.000 0.000 0.000 0.000 0.000 0.001 0.002 0.003 0.007 0.012 0.021 0.038 0.065
0.001 0.001 0.001 0.001 0.001 0.002 0.002 0.002 0.002 0.002 0.002 0.003 0.003 0.003 0.003 0.003 0.003 0.003 0.003 0.002 0.002 0.002 0.002 0.002 0.001 0.001 0.001 0.001 0.001 0.001 0.001 0.001 0.001 0.001 0.001 0.001 0.001 0.001 0.002 0.002 0.002 0.002 0.002 0.001 0.001 0.001 0.000 0.000 0.000 0.000 0.000 0.000 0.000 0.000 0.000 0.000 0.000 0.000 0.000 0.000 0.000 0.000 0.000 0.000 0.000 0.000 0.000 0.000 0.000 0.000 0.001 0.002 0.004 0.008 0.013 0.024 0.041
0.001 0.001 0.001 0.001 0.001 0.001 0.001 0.001 0.001 0.001 0.001 0.002 0.002 0.002 0.002 0.002 0.002 0.002 0.002 0.002 0.001 0.001 0.001 0.001 0.001 0.001 0.001 0.001 0.001 0.001 0.001 0.001 0.001 0.002 0.002 0.002 0.002 0.002 0.002 0.002 0.002 0.002 0.002 0.001 0.001 0.000 0.000 0.000 0.000 0.000 0.000 0.000 0.000 0.000 0.000 0.000 0.000 0.000 0.000 0.000 0.000 0.000 0.000 0.000 0.000 0.000 0.000 0.000 0.000 0.000 0.000 0.001 0.002 0.005 0.008 0.014 0.024
0.001 0.001 0.001 0.001 0.001 0.001 0.001 0.001 0.001 0.001 0.001 0.001 0.001 0.001 0.001 0.001 0.001 0.001 0.001 0.001 0.001 0.001 0.001 0.001 0.001 0.001 0.001 0.001 0.002 0.002 0.002 0.002 0.003 0.003 0.003 0.003 0.003 0.003 0.003 0.002 0.002 0.002 0.001 0.001 0.001 0.000 0.000 0.000 0.000 0.000 0.000 0.000 0.000 0.000 0.000 0.000 0.000 0.000 0.000 0.000 0.000 0.000 0.000 0.000 0.000 0.000 0.000 0.000 0.000 0.000 0.000 0.000 0.001 0.003 0.005 0.009 0.014
0.000 0.001 0.001 0.001 0.001 0.001 0.001 0.001 0.001 0.001 0.001 0.001 0.001 0.001 0.001 0.001 0.001 0.001 0.001 0.001 0.001 0.001 0.001 0.001 0.001 0.002 0.002 0.003 0.003 0.004 0.004 0.004 0.004 0.004 0.004 0.004 0.004 0.003 0.003 0.002 0.002 0.002 0.001 0.001 0.000 0.000 0.000 0.000 0.000 0.000 0.000 0.000 0.000 0.000 0.000 0.000 0.000 0.000 0.000 0.000 0.000 0.000 0.000 0.000 0.000 0.000 0.000 0.000 0.000 0.000 0.000 0.000 0.001 0.001 0.003 0.005 0.008
0.000 0.000 0.000 0.000 0.000 0.000 0.000 0.001 0.001 0.001 0.001 0.001 0.001 0.001 0.001 0.001 0.001 0.001 0.001 0.001 0.001 0.001 0.001 0.002 0.002 0.003 0.004 0.005 0.005 0.005 0.005 0.005 0.005 0.005 0.004 0.004 0.004 0.003 0.003 0.002 0.002 0.001 0.001 0.000 0.000 0.000 0.000 0.000 0.000 0.000 0.000 0.000 0.000 0.000 0.000 0.000 0.000 0.000 0.000 0.000 0.000 0.000 0.000 0.000 0.000 0.000 0.000 0.000 0.000 0.000 0.000 0.000 0.000 0.001 0.001 0.003 0.005
0.000 0.000 0.000 0.000 0.000 0.000 0.000 0.000 0.000 0.000 0.001 0.001 0.001 0.001 0.001 0.001 0.001 0.001 0.001 0.001 0.001 0.002 0.002 0.003 0.004 0.005 0.006 0.006 0.006 0.006 0.005 0.005 0.005 0.004 0.004 0.004 0.003 0.003 0.002 0.002 0.001 0.001 0.001 0.000 0.000 0.000 0.000 0.000 0.000 0.000 0.000 0.000 0.000 0.000 0.000 0.000 0.000 0.000 0.000 0.000 0.000 0.000 0.000 0.000 0.000 0.000 0.000 0.000 0.000 0.000 0.000 0.000 0.000 0.000 0.001 0.001 0.003
0.000 0.000 0.000 0.000 0.000 0.000 0.000 0.000 0.000 0.000 0.000 0.000 0.001 0.001 0.001 0.001 0.001 0.001 0.001 0.002 0.002 0.003 0.004 0.004 0.005 0.006 0.006 0.006 0.006 0.006 0.005 0.005 0.005 0.004 0.004 0.003 0.003 0.002 0.001 0.001 0.001 0.001 0.000 0.000 0.000 0.000 0.000 0.000 0.000 0.000 0.000 0.000 0.000 0.000 0.000 0.000 0.000 0.000 0.000 0.000 0.000 0.000 0.000 0.000 0.000 0.000 0.000 0.000 0.000 0.000 0.000 0.000 0.000 0.000 0.000 0.001 0.001
0.000 0.000 0.000 0.000 0.000 0.000 0.000 0.000 0.000 0.000 0.000 0.000 0.000 0.001 0.001 0.001 0.001 0.001 0.001 0.002 0.002 0.003 0.004 0.005 0.005 0.006 0.006 0.006 0.006 0.005 0.005 0.005 0.004 0.004 0.003 0.003 0.002 0.001 0.001 0.001 0.001 0.000 0.000 0.000 0.000 0.000 0.000 0.000 0.000 0.000 0.000 0.000 0.000 0.000 0.000 0.000 0.000 0.000 0.000 0.000 0.000 0.000 0.000 0.000 0.000 0.000 0.000 0.000 0.000 0.000 0.000 0.000 0.000 0.000 0.000 0.000 0.000
0.000 0.000 0.000 0.000 0.000 0.000 0.000 0.000 0.000 0.000 0.000 0.000 0.000 0.000 0.001 0.001 0.001 0.001 0.001 0.002 0.002 0.003 0.004 0.005 0.005 0.005 0.005 0.005 0.005 0.005 0.004 0.004 0.003 0.003 0.002 0.002 0.001 0.001 0.001 0.001 0.000 0.000 0.000 0.000 0.000 0.000 0.000 0.000 0.000 0.000 0.000 0.000 0.000 0.000 0.000 0.000 0.000 0.000 0.000 0.000 0.000 0.000 0.000 0.000 0.000 0.000 0.000 0.000 0.000 0.000 0.000 0.000 0.000 0.000 0.000 0.000 0.000
0.000 0.000 0.000 0.000 0.000 0.000 0.000 0.000 0.000 0.000 0.000 0.000 0.000 0.000 0.000 0.001 0.001 0.001 0.001 0.002 0.002 0.003 0.004 0.004 0.004 0.004 0.004 0.004 0.004 0.004 0.003 0.003 0.002 0.002 0.001 0.001 0.001 0.001 0.000 0.000 0.000 0.000 0.000 0.000 0.000 0.000 0.000 0.000 0.000 0.000 0.000 0.000 0.000 0.000 0.000 0.000 0.000 0.000 0.000 0.000 0.000 0.000 0.000 0.000 0.000 0.000 0.000 0.000 0.000 0.000 0.000 0.000 0.000 0.000 0.000 0.000 0.000
0.000 0.000 0.000 0.000 0.000 0.000 0.000 0.000 0.000 0.000 0.000 0.000 0.000 0.000 0.000 0.000 0.001 0.001 0.001 0.001 0.002 0.002 0.003 0.003 0.003 0.003 0.003 0.003 0.003 0.003 0.002 0.002 0.001 0.001 0.001 0.001 0.001 0.000 0.000 0.000 0.000 0.000 0.000 0.000 0.000 0.000 0.000 0.000 0.000 0.000 0.000 0.000 0.000 0.000 0.000 0.000 0.000 0.000 0.000 0.000 0.000 0.000 0.000 0.000 0.000 0.000 0.000 0.000 0.000 0.000 0.000 0.000 0.000 0.000 0.000 0.000 0.000
0.000 0.000 0.000 0.000 0.000 0.000 0.000 0.000 0.000 0.000 0.000 0.000 0.000 0.000 0.000 0.000 0.000 0.001 0.001 0.001 0.001 0.002 0.002 0.002 0.002 0.002 0.002 0.002 0.002 0.001 0.001 0.001 0.001 0.001 0.001 0.000 0.000 0.000 0.000 0.000 0.000 0.000 0.000 0.000 0.000 0.000 0.000 0.000 0.000 0.000 0.000 0.000 0.000 0.000 0.000 0.000 0.000 0.000 0.000 0.000 0.000 0.000 0.000 0.000 0.000 0.000 0.000 0.000 0.000 0.000 0.000 0.000 0.000 0.000 0.000 0.000 0.000
