RESULTS/r.avaflow_results/23_results/23_ascii/23_hflow0025.asc
ncols 506
nrows 317
xllcenter 498237.50
yllcenter 5580050.00
cellsize 12.50
NODATA_value -9999.000
[rows 170 to 203 of 317, columns 77 to 153 of 506]
0.000 0.000 0.000 0.000 0.000 0.000 0.000 0.000 0.000 0.000 0.000 0.000 0.001 0.002 0.004 0.007 0.011 0.016 0.020 0.026 0.035 0.054 0.098 0.191 0.350 0.540 0.689 0.814 0.939 1.068 1.204 1.353 1.519 1.706 1.924 2.185 2.451 2.647 2.759 2.799 2.795 2.725 2.691 2.898 3.512 4.437 5.367 6.267 7.197 8.195 9.296 10.555 11.821 12.848 13.438 13.601 13.655 13.777 14.043 14.366 14.765 15.242 15.761 16.341 17.023 17.653 18.005 18.002 17.604 16.897 16.138 15.466 14.892 14.333 13.795 13.332 12.965
0.000 0.000 0.000 0.000 0.000 0.000 0.000 0.000 0.000 0.000 0.001 0.002 0.004 0.008 0.014 0.022 0.031 0.041 0.054 0.070 0.095 0.142 0.231 0.380 0.586 0.777 0.926 1.064 1.203 1.345 1.496 1.660 1.842 2.045 2.277 2.546 2.840 3.105 3.289 3.388 3.432 3.438 3.512 3.940 4.846 6.043 7.101 8.115 9.100 10.105 11.103 12.111 12.963 13.524 13.771 13.823 13.898 14.041 14.287 14.604 14.995 15.446 15.950 16.508 17.153 17.640 17.797 17.584 17.059 16.480 15.982 15.598 15.299 15.065 14.939 14.910 14.996
0.000 0.000 0.000 0.000 0.000 0.000 0.000 0.000 0.000 0.001 0.002 0.005 0.011 0.020 0.031 0.046 0.063 0.085 0.112 0.148 0.202 0.291 0.438 0.643 0.855 1.026 1.179 1.330 1.482 1.638 1.804 1.982 2.175 2.388 2.626 2.898 3.206 3.526 3.809 4.027 4.191 4.328 4.580 5.253 6.384 7.638 8.690 9.722 10.686 11.617 12.425 13.099 13.544 13.728 13.792 13.837 13.954 14.113 14.345 14.650 15.030 15.474 15.947 16.438 16.991 17.306 17.287 16.991 16.568 16.219 15.954 15.799 15.750 15.795 15.946 16.267 16.855
0.000 0.000 0.000 0.000 0.000 0.000 0.000 0.000 0.001 0.002 0.006 0.012 0.022 0.036 0.055 0.078 0.107 0.143 0.191 0.256 0.348 0.485 0.674 0.901 1.105 1.280 1.446 1.607 1.771 1.937 2.114 2.296 2.494 2.714 2.961 3.241 3.560 3.916 4.288 4.653 5.008 5.360 5.830 6.643 7.796 8.972 10.014 10.993 11.869 12.635 13.230 13.618 13.760 13.770 13.768 13.818 13.927 14.075 14.305 14.592 14.949 15.345 15.747 16.148 16.537 16.685 16.596 16.371 16.121 15.985 15.913 15.913 15.997 16.177 16.502 17.094 18.078
0.000 0.000 0.000 0.000 0.000 0.000 0.000 0.000 0.001 0.004 0.009 0.018 0.031 0.050 0.077 0.111 0.155 0.210 0.281 0.374 0.501 0.669 0.885 1.131 1.348 1.541 1.721 1.895 2.066 2.237 2.414 2.599 2.800 3.021 3.276 3.567 3.901 4.286 4.727 5.208 5.713 6.243 6.901 7.807 8.935 10.036 11.024 11.901 12.619 13.182 13.576 13.762 13.780 13.758 13.700 13.731 13.828 13.977 14.191 14.446 14.744 15.064 15.371 15.637 15.846 15.915 15.862 15.745 15.649 15.683 15.759 15.865 16.043 16.320 16.789 17.552 18.704
0.000 0.000 0.000 0.000 0.000 0.000 0.000 0.000 0.002 0.005 0.011 0.021 0.037 0.060 0.093 0.138 0.196 0.271 0.367 0.489 0.646 0.847 1.093 1.360 1.597 1.809 2.004 2.189 2.365 2.537 2.712 2.896 3.094 3.313 3.565 3.870 4.222 4.632 5.126 5.687 6.292 6.950 7.745 8.725 9.816 10.810 11.676 12.406 12.970 13.378 13.626 13.733 13.745 13.700 13.601 13.572 13.642 13.775 13.949 14.158 14.399 14.615 14.792 14.924 15.009 15.064 15.079 15.050 15.072 15.217 15.382 15.575 15.855 16.260 16.861 17.712 18.880
0.000 0.000 0.000 0.000 0.000 0.000 0.000 0.000 0.002 0.005 0.012 0.022 0.039 0.066 0.104 0.157 0.230 0.325 0.447 0.600 0.793 1.030 1.309 1.599 1.857 2.087 2.295 2.487 2.667 2.842 3.015 3.192 3.378 3.591 3.840 4.148 4.514 4.946 5.471 6.080 6.759 7.524 8.418 9.455 10.461 11.327 12.048 12.632 13.075 13.397 13.584 13.645 13.646 13.586 13.453 13.344 13.354 13.457 13.616 13.779 13.951 14.084 14.153 14.178 14.180 14.162 14.146 14.136 14.207 14.406 14.626 14.891 15.260 15.768 16.487 17.422 18.593
0.000 0.000 0.000 0.000 0.000 0.000 0.000 0.000 0.002 0.005 0.012 0.022 0.040 0.068 0.109 0.169 0.252 0.368 0.520 0.712 0.947 1.226 1.546 1.861 2.137 2.381 2.597 2.795 2.976 3.151 3.322 3.489 3.662 3.860 4.102 4.399 4.766 5.211 5.754 6.401 7.141 7.996 8.977 10.018 10.907 11.648 12.252 12.739 13.108 13.358 13.472 13.504 13.497 13.423 13.270 13.104 13.055 13.124 13.250 13.367 13.483 13.542 13.519 13.460 13.347 13.220 13.062 12.933 12.936 13.115 13.359 13.671 14.097 14.675 15.465 16.483 17.699
0.000 0.000 0.000 0.000 0.000 0.000 0.000 0.000 0.001 0.005 0.011 0.021 0.039 0.068 0.111 0.173 0.264 0.395 0.581 0.823 1.117 1.455 1.818 2.154 2.447 2.700 2.921 3.119 3.299 3.466 3.629 3.788 3.949 4.127 4.344 4.617 4.965 5.409 5.969 6.653 7.453 8.379 9.420 10.409 11.192 11.834 12.347 12.763 13.075 13.263 13.339 13.351 13.316 13.222 13.050 12.844 12.742 12.759 12.834 12.909 12.948 12.925 12.825 12.669 12.447 12.207 11.924 11.646 11.484 11.502 11.666 11.962 12.403 13.032 13.888 14.985 16.274
0.000 0.000 0.000 0.000 0.000 0.000 0.000 0.000 0.001 0.004 0.009 0.018 0.036 0.065 0.108 0.172 0.266 0.406 0.617 0.919 1.308 1.735 2.131 2.486 2.793 3.054 3.276 3.468 3.640 3.796 3.944 4.091 4.237 4.390 4.575 4.811 5.125 5.549 6.107 6.811 7.687 8.704 9.741 10.653 11.367 11.926 12.370 12.739 12.984 13.105 13.153 13.157 13.108 12.996 12.799 12.554 12.404 12.366 12.368 12.368 12.319 12.202 12.014 11.750 11.440 11.087 10.716 10.359 10.117 10.029 10.091 10.305 10.693 11.283 12.094 13.167 14.496
0.000 0.000 0.000 0.000 0.000 0.000 0.000 0.000 0.001 0.002 0.005 0.012 0.027 0.053 0.095 0.159 0.255 0.400 0.622 0.962 1.452 2.036 2.496 2.867 3.185 3.449 3.668 3.851 4.010 4.153 4.282 4.405 4.527 4.652 4.802 4.993 5.248 5.636 6.181 6.903 7.838 8.952 9.957 10.782 11.442 11.954 12.340 12.638 12.828 12.911 12.932 12.925 12.864 12.737 12.523 12.233 12.019 11.901 11.819 11.729 11.576 11.349 11.054 10.683 10.271 9.827 9.408 9.047 8.809 8.702 8.731 8.908 9.256 9.781 10.486 11.397 12.563
0.000 0.000 0.000 0.000 0.000 0.000 0.000 0.000 0.000 0.001 0.002 0.005 0.013 0.031 0.064 0.120 0.209 0.348 0.572 0.932 1.480 2.240 2.884 3.304 3.629 3.897 4.113 4.287 4.428 4.550 4.654 4.743 4.828 4.921 5.037 5.176 5.356 5.680 6.189 6.917 7.892 9.095 10.086 10.853 11.452 11.928 12.256 12.478 12.617 12.665 12.669 12.648 12.576 12.428 12.190 11.870 11.579 11.364 11.180 10.984 10.725 10.375 9.945 9.441 8.910 8.403 7.994 7.701 7.532 7.473 7.527 7.705 8.017 8.467 9.054 9.803 10.743
0.000 0.000 0.000 0.000 0.000 0.000 0.000 0.000 0.000 0.000 0.001 0.002 0.005 0.011 0.027 0.058 0.116 0.221 0.414 0.768 1.371 2.284 3.195 3.762 4.131 4.411 4.622 4.785 4.909 4.998 5.063 5.108 5.150 5.203 5.279 5.371 5.490 5.729 6.186 6.899 7.885 9.135 10.150 10.880 11.418 11.830 12.108 12.247 12.325 12.354 12.336 12.294 12.196 12.023 11.775 11.437 11.067 10.735 10.430 10.121 9.747 9.263 8.678 8.047 7.469 6.996 6.648 6.424 6.321 6.327 6.431 6.627 6.915 7.299 7.778 8.382 9.141
0.000 0.000 0.000 0.000 0.000 0.000 0.000 0.000 0.000 0.000 0.000 0.001 0.001 0.003 0.008 0.019 0.041 0.089 0.200 0.474 1.074 2.116 3.348 4.150 4.618 4.948 5.184 5.342 5.443 5.495 5.514 5.521 5.522 5.533 5.567 5.621 5.688 5.827 6.201 6.873 7.848 9.121 10.161 10.840 11.304 11.638 11.854 11.947 11.962 11.970 11.923 11.851 11.714 11.497 11.236 10.880 10.468 10.026 9.597 9.159 8.658 8.071 7.423 6.803 6.271 5.844 5.538 5.353 5.283 5.316 5.438 5.636 5.898 6.224 6.626 7.128 7.763
0.000 0.000 0.000 0.000 0.000 0.000 0.000 0.000 0.000 0.000 0.000 0.000 0.001 0.001 0.002 0.005 0.012 0.031 0.085 0.249 0.720 1.761 3.263 4.382 5.017 5.410 5.683 5.858 5.956 5.998 5.999 5.983 5.952 5.926 5.920 5.937 5.970 6.034 6.289 6.867 7.778 9.029 10.074 10.708 11.081 11.342 11.489 11.552 11.545 11.505 11.402 11.240 11.037 10.792 10.513 10.155 9.737 9.240 8.709 8.161 7.577 6.965 6.345 5.776 5.290 4.901 4.619 4.450 4.392 4.430 4.543 4.712 4.934 5.217 5.574 6.017 6.575
0.000 0.000 0.000 0.000 0.000 0.000 0.000 0.000 0.000 0.000 0.000 0.000 0.000 0.001 0.001 0.002 0.005 0.014 0.045 0.149 0.491 1.396 2.984 4.432 5.279 5.770 6.079 6.271 6.380 6.424 6.434 6.422 6.392 6.362 6.347 6.346 6.358 6.379 6.530 6.969 7.741 8.850 9.828 10.426 10.744 10.940 11.035 11.055 11.022 10.926 10.736 10.446 10.122 9.841 9.564 9.240 8.850 8.364 7.790 7.187 6.580 5.987 5.419 4.905 4.465 4.110 3.845 3.679 3.615 3.640 3.725 3.846 4.020 4.268 4.597 5.016 5.525
0.000 0.000 0.000 0.000 0.000 0.000 0.000 0.000 0.000 0.000 0.000 0.000 0.000 0.000 0.000 0.001 0.002 0.009 0.032 0.109 0.362 1.088 2.539 4.246 5.370 6.008 6.370 6.580 6.706 6.762 6.774 6.765 6.739 6.722 6.715 6.708 6.729 6.771 6.902 7.208 7.759 8.620 9.458 9.998 10.279 10.410 10.454 10.440 10.363 10.196 9.890 9.413 8.914 8.594 8.365 8.116 7.806 7.381 6.833 6.217 5.634 5.097 4.596 4.141 3.747 3.423 3.175 3.009 2.928 2.923 2.972 3.050 3.173 3.376 3.690 4.111 4.541
0.000 0.000 0.000 0.000 0.000 0.000 0.000 0.000 0.000 0.000 0.000 0.000 0.000 0.000 0.000 0.001 0.002 0.006 0.025 0.087 0.282 0.835 2.030 3.798 5.254 6.111 6.549 6.783 6.925 6.996 7.013 7.007 6.983 6.969 6.967 6.961 6.978 7.035 7.156 7.381 7.777 8.409 9.042 9.468 9.706 9.773 9.777 9.726 9.579 9.317 8.896 8.293 7.621 7.169 6.932 6.768 6.579 6.266 5.790 5.217 4.701 4.248 3.837 3.450 3.097 2.800 2.569 2.406 2.308 2.267 2.273 2.313 2.387 2.541 2.817 3.153 3.366
0.000 0.000 0.000 0.000 0.000 0.000 0.000 0.000 0.000 0.000 0.000 0.000 0.000 0.000 0.000 0.001 0.001 0.004 0.018 0.067 0.218 0.630 1.546 3.131 4.898 6.043 6.618 6.890 7.047 7.128 7.155 7.156 7.146 7.129 7.119 7.120 7.131 7.186 7.282 7.455 7.760 8.215 8.644 8.921 9.069 9.090 9.077 8.990 8.796 8.478 8.007 7.372 6.613 6.015 5.654 5.426 5.225 4.991 4.624 4.156 3.752 3.410 3.101 2.796 2.486 2.212 1.995 1.836 1.725 1.651 1.612 1.606 1.623 1.679 1.775 1.847 1.806
0.000 0.000 0.000 0.000 0.000 0.000 0.000 0.000 0.000 0.000 0.000 0.000 0.000 0.000 0.000 0.001 0.001 0.003 0.011 0.045 0.155 0.458 1.160 2.467 4.315 5.762 6.545 6.902 7.079 7.177 7.225 7.236 7.231 7.211 7.196 7.197 7.214 7.251 7.324 7.471 7.712 8.006 8.268 8.435 8.512 8.511 8.456 8.326 8.098 7.745 7.257 6.611 5.846 5.170 4.682 4.342 4.052 3.771 3.453 3.099 2.800 2.554 2.329 2.095 1.837 1.598 1.403 1.254 1.139 1.042 0.967 0.909 0.855 0.805 0.755 0.700 0.637
0.000 0.000 0.000 0.000 0.000 0.000 0.000 0.000 0.000 0.000 0.000 0.000 0.000 0.000 0.001 0.001 0.001 0.002 0.006 0.025 0.093 0.306 0.852 1.965 3.718 5.322 6.279 6.774 7.044 7.182 7.242 7.266 7.258 7.240 7.219 7.225 7.237 7.262 7.333 7.450 7.622 7.778 7.897 7.972 7.998 7.984 7.907 7.746 7.486 7.114 6.614 5.970 5.220 4.535 3.981 3.533 3.148 2.795 2.462 2.153 1.883 1.639 1.412 1.204 1.007 0.833 0.702 0.610 0.539 0.476 0.419 0.363 0.309 0.259 0.217 0.184 0.160
0.000 0.000 0.000 0.000 0.000 0.000 0.000 0.000 0.000 0.000 0.000 0.000 0.001 0.001 0.001 0.002 0.002 0.003 0.004 0.012 0.048 0.183 0.604 1.582 3.215 4.813 5.827 6.441 6.842 7.094 7.222 7.265 7.256 7.246 7.220 7.225 7.224 7.244 7.305 7.381 7.470 7.524 7.534 7.542 7.528 7.486 7.388 7.209 6.935 6.553 6.041 5.399 4.657 3.991 3.424 2.932 2.489 2.088 1.731 1.421 1.149 0.901 0.683 0.505 0.370 0.278 0.222 0.186 0.158 0.134 0.112 0.091 0.073 0.060 0.053 0.048 0.044
0.000 0.000 0.000 0.000 0.000 0.000 0.000 0.000 0.001 0.001 0.001 0.001 0.002 0.002 0.002 0.003 0.003 0.003 0.004 0.008 0.027 0.105 0.414 1.263 2.755 4.243 5.231 5.926 6.454 6.831 7.079 7.199 7.220 7.207 7.190 7.173 7.173 7.175 7.210 7.234 7.239 7.225 7.161 7.103 7.061 7.008 6.894 6.710 6.432 6.043 5.524 4.869 4.132 3.482 2.925 2.436 1.996 1.595 1.235 0.923 0.656 0.433 0.264 0.150 0.086 0.057 0.044 0.037 0.031 0.027 0.025 0.025 0.025 0.026 0.026 0.026 0.025
0.000 0.000 0.000 0.000 0.000 0.001 0.001 0.001 0.001 0.001 0.002 0.002 0.003 0.003 0.003 0.003 0.003 0.003 0.004 0.008 0.024 0.078 0.288 0.968 2.262 3.602 4.518 5.245 5.876 6.374 6.753 6.976 7.070 7.074 7.078 7.048 7.042 7.035 7.026 7.002 6.936 6.842 6.739 6.664 6.608 6.534 6.411 6.232 5.960 5.567 5.032 4.363 3.631 2.996 2.459 1.991 1.578 1.205 0.871 0.585 0.355 0.189 0.089 0.041 0.022 0.017 0.015 0.014 0.013 0.014 0.015 0.018 0.021 0.023 0.024 0.024 0.023
0.000 0.000 0.001 0.001 0.001 0.001 0.001 0.002 0.002 0.002 0.003 0.003 0.003 0.003 0.003 0.003 0.003 0.003 0.005 0.011 0.034 0.091 0.231 0.682 1.677 2.888 3.745 4.462 5.145 5.733 6.218 6.555 6.749 6.814 6.845 6.827 6.814 6.796 6.752 6.684 6.560 6.394 6.268 6.196 6.136 6.064 5.952 5.780 5.507 5.103 4.561 3.881 3.153 2.531 2.012 1.571 1.187 0.852 0.564 0.333 0.169 0.073 0.029 0.016 0.013 0.012 0.012 0.011 0.012 0.013 0.015 0.018 0.021 0.023 0.024 0.024 0.023
0.001 0.001 0.001 0.001 0.002 0.002 0.002 0.002 0.003 0.003 0.003 0.003 0.003 0.003 0.003 0.003 0.003 0.003 0.006 0.020 0.064 0.143 0.225 0.431 1.036 2.040 2.904 3.606 4.301 4.957 5.532 5.977 6.274 6.423 6.485 6.496 6.498 6.471 6.404 6.276 6.092 5.887 5.756 5.683 5.631 5.582 5.498 5.335 5.061 4.650 4.098 3.411 2.687 2.073 1.564 1.142 0.791 0.508 0.293 0.145 0.060 0.024 0.014 0.012 0.012 0.012 0.011 0.011 0.012 0.013 0.016 0.020 0.022 0.024 0.025 0.025 0.023
0.001 0.002 0.002 0.002 0.002 0.003 0.003 0.003 0.003 0.003 0.003 0.003 0.003 0.002 0.002 0.002 0.002 0.004 0.010 0.036 0.111 0.190 0.220 0.265 0.515 1.137 1.936 2.671 3.371 4.064 4.713 5.272 5.684 5.931 6.045 6.086 6.092 6.063 5.974 5.805 5.561 5.331 5.187 5.114 5.084 5.067 5.012 4.855 4.570 4.150 3.591 2.906 2.191 1.578 1.072 0.685 0.414 0.227 0.107 0.042 0.017 0.012 0.012 0.012 0.012 0.011 0.011 0.011 0.012 0.014 0.018 0.022 0.024 0.026 0.026 0.026 0.025
0.002 0.002 0.003 0.003 0.003 0.004 0.004 0.004 0.004 0.003 0.003 0.003 0.002 0.002 0.002 0.002 0.003 0.005 0.018 0.064 0.150 0.200 0.207 0.184 0.217 0.476 1.020 1.693 2.381 3.079 3.789 4.464 5.008 5.378 5.565 5.624 5.629 5.594 5.485 5.288 5.009 4.747 4.573 4.491 4.467 4.437 4.349 4.156 3.837 3.391 2.826 2.159 1.496 0.946 0.555 0.307 0.155 0.068 0.026 0.012 0.010 0.011 0.011 0.012 0.011 0.011 0.011 0.011 0.013 0.016 0.020 0.024 0.027 0.028 0.029 0.029 0.027
0.004 0.004 0.004 0.004 0.004 0.004 0.004 0.004 0.004 0.003 0.003 0.003 0.002 0.002 0.002 0.002 0.003 0.009 0.032 0.097 0.166 0.188 0.182 0.141 0.113 0.157 0.377 0.810 1.378 2.027 2.761 3.561 4.279 4.795 5.082 5.175 5.172 5.097 4.936 4.711 4.437 4.150 3.906 3.726 3.592 3.441 3.236 2.956 2.592 2.152 1.646 1.125 0.697 0.391 0.200 0.092 0.038 0.014 0.008 0.008 0.009 0.011 0.011 0.011 0.011 0.011 0.011 0.012 0.014 0.018 0.023 0.028 0.030 0.032 0.032 0.032 0.029
0.006 0.005 0.005 0.005 0.005 0.005 0.005 0.004 0.003 0.003 0.003 0.003 0.002 0.002 0.002 0.003 0.005 0.017 0.056 0.121 0.157 0.163 0.148 0.111 0.090 0.082 0.111 0.246 0.526 0.935 1.509 2.306 3.175 3.827 4.226 4.410 4.439 4.358 4.176 3.952 3.698 3.384 2.978 2.493 2.066 1.745 1.506 1.321 1.138 0.921 0.660 0.406 0.219 0.105 0.046 0.018 0.008 0.004 0.005 0.007 0.010 0.011 0.012 0.012 0.012 0.012 0.012 0.013 0.016 0.021 0.027 0.032 0.035 0.037 0.037 0.035 0.031
0.009 0.008 0.007 0.007 0.007 0.006 0.005 0.004 0.003 0.003 0.003 0.003 0.003 0.003 0.003 0.005 0.010 0.030 0.079 0.127 0.141 0.138 0.120 0.094 0.081 0.075 0.071 0.077 0.126 0.248 0.461 0.800 1.297 1.789 2.175 2.450 2.625 2.700 2.654 2.535 2.330 1.988 1.468 0.934 0.596 0.425 0.361 0.334 0.306 0.260 0.185 0.102 0.048 0.021 0.009 0.004 0.003 0.003 0.005 0.008 0.011 0.012 0.012 0.012 0.012 0.012 0.013 0.015 0.019 0.025 0.032 0.037 0.040 0.040 0.040 0.036 0.032
0.014 0.012 0.010 0.009 0.007 0.006 0.005 0.004 0.003 0.003 0.003 0.003 0.004 0.004 0.005 0.008 0.017 0.042 0.091 0.120 0.125 0.120 0.101 0.084 0.076 0.072 0.070 0.070 0.071 0.083 0.119 0.187 0.287 0.400 0.501 0.592 0.691 0.788 0.832 0.825 0.755 0.604 0.379 0.198 0.111 0.075 0.058 0.053 0.052 0.050 0.039 0.021 0.009 0.004 0.003 0.002 0.002 0.003 0.005 0.009 0.011 0.012 0.013 0.013 0.013 0.013 0.015 0.017 0.023 0.031 0.038 0.042 0.043 0.043 0.041 0.036 0.031
0.018 0.015 0.012 0.010 0.007 0.006 0.005 0.004 0.004 0.004 0.004 0.004 0.005 0.006 0.007 0.011 0.021 0.050 0.094 0.111 0.112 0.104 0.086 0.077 0.072 0.069 0.068 0.069 0.072 0.081 0.101 0.137 0.164 0.174 0.176 0.162 0.138 0.136 0.143 0.145 0.145 0.132 0.103 0.086 0.075 0.053 0.032 0.020 0.015 0.012 0.010 0.006 0.003 0.002 0.002 0.002 0.002 0.004 0.006 0.009 0.012 0.013 0.013 0.014 0.014 0.015 0.017 0.021 0.029 0.037 0.043 0.046 0.046 0.044 0.039 0.032 0.027
0.020 0.017 0.013 0.010 0.007 0.006 0.005 0.004 0.004 0.005 0.005 0.005 0.006 0.006 0.008 0.012 0.024 0.058 0.093 0.103 0.102 0.091 0.078 0.072 0.069 0.067 0.067 0.068 0.072 0.082 0.105 0.142 0.160 0.164 0.160 0.136 0.095 0.073 0.068 0.069 0.076 0.083 0.085 0.082 0.072 0.050 0.029 0.018 0.012 0.009 0.006 0.004 0.003 0.002 0.002 0.002 0.002 0.004 0.006 0.010 0.012 0.013 0.014 0.014 0.015 0.017 0.020 0.026 0.035 0.043 0.046 0.047 0.046 0.043 0.034 0.025 0.022
