RESULTS/r.avaflow_results/23_results/23_ascii/23_hflow30029.asc
ncols 506
nrows 317
xllcenter 498237.50
yllcenter 5580050.00
cellsize 12.50
NODATA_value -9999.000
[rows 170 to 203 of 317, columns 154 to 230 of 506]
9.779 9.863 9.903 9.892 9.823 9.698 9.567 9.464 9.370 9.278 9.190 9.103 8.993 8.807 8.468 7.927 7.215 6.426 5.638 4.881 4.135 3.363 2.637 2.055 1.636 1.371 1.229 1.175 1.171 1.184 1.214 1.275 1.352 1.402 1.434 1.460 1.502 1.582 1.653 1.677 1.673 1.650 1.627 1.607 1.574 1.511 1.397 1.226 1.007 0.781 0.569 0.407 0.301 0.234 0.192 0.166 0.149 0.141 0.138 0.136 0.134 0.130 0.123 0.115 0.109 0.107 0.108 0.114 0.134 0.187 0.315 0.599 1.086 1.419 1.509 1.479 1.291
11.734 12.190 12.513 12.705 12.785 12.797 12.762 12.693 12.592 12.468 12.332 12.196 12.058 11.875 11.550 10.986 10.156 9.129 8.012 6.882 5.757 4.671 3.680 2.860 2.248 1.821 1.543 1.385 1.323 1.324 1.365 1.455 1.557 1.602 1.611 1.606 1.607 1.635 1.663 1.664 1.636 1.575 1.502 1.432 1.347 1.219 1.015 0.751 0.506 0.337 0.235 0.172 0.134 0.112 0.100 0.095 0.093 0.095 0.098 0.100 0.099 0.096 0.089 0.082 0.077 0.076 0.077 0.083 0.101 0.145 0.245 0.458 0.856 1.244 1.402 1.416 1.332
13.738 14.588 15.145 15.453 15.589 15.622 15.607 15.554 15.469 15.363 15.238 15.104 14.966 14.798 14.506 13.972 13.142 12.045 10.767 9.395 7.975 6.558 5.226 4.067 3.146 2.453 1.951 1.622 1.448 1.388 1.396 1.472 1.572 1.608 1.607 1.585 1.566 1.558 1.546 1.510 1.419 1.271 1.105 0.948 0.797 0.624 0.443 0.292 0.192 0.133 0.099 0.078 0.066 0.060 0.058 0.059 0.063 0.069 0.073 0.075 0.075 0.072 0.067 0.061 0.059 0.058 0.059 0.064 0.079 0.113 0.189 0.350 0.664 1.085 1.318 1.371 1.340
15.070 16.221 16.973 17.409 17.653 17.788 17.875 17.919 17.916 17.872 17.803 17.715 17.617 17.490 17.249 16.757 15.948 14.860 13.593 12.202 10.690 9.065 7.396 5.834 4.509 3.437 2.606 2.011 1.640 1.452 1.393 1.415 1.469 1.488 1.472 1.421 1.358 1.301 1.236 1.122 0.925 0.697 0.519 0.401 0.310 0.228 0.158 0.108 0.077 0.059 0.048 0.042 0.038 0.037 0.038 0.040 0.045 0.052 0.056 0.057 0.057 0.055 0.051 0.048 0.047 0.047 0.048 0.052 0.063 0.087 0.142 0.262 0.506 0.920 1.231 1.332 1.331
15.645 16.960 17.885 18.503 18.935 19.266 19.545 19.768 19.904 19.958 19.959 19.934 19.894 19.823 19.649 19.236 18.510 17.484 16.243 14.867 13.372 11.727 9.901 7.960 6.167 4.666 3.475 2.581 1.956 1.568 1.365 1.279 1.240 1.207 1.146 1.037 0.922 0.819 0.711 0.580 0.419 0.287 0.204 0.153 0.116 0.087 0.063 0.047 0.038 0.032 0.029 0.027 0.026 0.026 0.027 0.030 0.034 0.039 0.043 0.044 0.044 0.043 0.041 0.039 0.039 0.040 0.041 0.044 0.052 0.068 0.107 0.194 0.382 0.744 1.121 1.282 1.310
15.672 17.031 18.054 18.824 19.461 20.021 20.505 20.910 21.198 21.353 21.399 21.405 21.415 21.419 21.339 21.061 20.511 19.661 18.517 17.127 15.550 13.796 11.816 9.558 7.351 5.507 4.054 2.970 2.190 1.653 1.310 1.094 0.933 0.786 0.645 0.522 0.440 0.379 0.321 0.253 0.175 0.119 0.086 0.065 0.051 0.040 0.032 0.026 0.023 0.021 0.020 0.020 0.020 0.020 0.021 0.023 0.026 0.030 0.033 0.034 0.034 0.034 0.033 0.033 0.033 0.034 0.035 0.038 0.044 0.056 0.083 0.147 0.288 0.575 0.971 1.201 1.272
15.295 16.701 17.840 18.734 19.492 20.185 20.785 21.284 21.661 21.886 21.948 21.949 21.987 22.093 22.110 21.974 21.613 20.967 19.973 18.610 16.944 15.048 12.897 10.411 7.922 5.867 4.276 3.107 2.263 1.661 1.226 0.900 0.644 0.441 0.301 0.224 0.187 0.163 0.140 0.109 0.078 0.056 0.042 0.033 0.027 0.023 0.020 0.018 0.016 0.016 0.015 0.015 0.015 0.016 0.016 0.018 0.020 0.023 0.025 0.026 0.027 0.027 0.027 0.028 0.028 0.029 0.031 0.033 0.038 0.047 0.068 0.116 0.219 0.429 0.778 1.069 1.204
14.433 15.925 17.227 18.321 19.249 20.029 20.643 21.137 21.532 21.782 21.850 21.843 21.891 22.084 22.166 22.098 21.830 21.293 20.406 19.107 17.412 15.423 13.170 10.584 8.000 5.879 4.253 3.066 2.202 1.552 1.049 0.662 0.389 0.224 0.137 0.098 0.082 0.073 0.063 0.051 0.039 0.031 0.025 0.021 0.018 0.016 0.014 0.013 0.013 0.012 0.012 0.012 0.012 0.012 0.013 0.014 0.015 0.017 0.018 0.020 0.021 0.022 0.022 0.023 0.024 0.025 0.026 0.028 0.033 0.040 0.057 0.092 0.167 0.316 0.576 0.887 1.098
13.173 14.782 16.245 17.530 18.603 19.428 20.015 20.451 20.798 21.028 21.115 21.128 21.193 21.419 21.524 21.479 21.260 20.812 20.031 18.810 17.144 15.131 12.823 10.197 7.643 5.548 3.932 2.739 1.862 1.201 0.708 0.377 0.193 0.104 0.064 0.047 0.040 0.036 0.032 0.027 0.023 0.020 0.017 0.015 0.013 0.012 0.011 0.010 0.010 0.009 0.009 0.009 0.009 0.009 0.010 0.010 0.011 0.012 0.013 0.014 0.016 0.017 0.017 0.018 0.019 0.020 0.022 0.024 0.028 0.035 0.048 0.075 0.128 0.232 0.413 0.687 0.949
11.615 13.338 14.923 16.304 17.424 18.250 18.813 19.170 19.389 19.528 19.635 19.765 19.865 19.967 19.973 19.884 19.681 19.310 18.637 17.512 15.893 13.865 11.526 8.988 6.639 4.688 3.140 1.968 1.144 0.618 0.316 0.161 0.085 0.049 0.034 0.027 0.024 0.022 0.020 0.018 0.016 0.014 0.013 0.012 0.010 0.009 0.009 0.008 0.007 0.007 0.007 0.007 0.006 0.007 0.007 0.007 0.007 0.008 0.009 0.010 0.011 0.012 0.013 0.014 0.015 0.016 0.018 0.020 0.023 0.029 0.040 0.061 0.100 0.173 0.301 0.502 0.759
9.766 11.515 13.171 14.587 15.728 16.579 17.155 17.454 17.543 17.591 17.765 18.096 18.232 18.188 18.050 17.869 17.623 17.227 16.523 15.343 13.653 11.539 9.193 6.930 4.943 3.250 1.893 0.968 0.460 0.220 0.113 0.064 0.039 0.027 0.021 0.018 0.016 0.015 0.014 0.013 0.012 0.011 0.010 0.009 0.008 0.007 0.007 0.006 0.005 0.005 0.005 0.004 0.004 0.004 0.004 0.004 0.005 0.005 0.006 0.007 0.007 0.008 0.009 0.010 0.011 0.012 0.014 0.016 0.020 0.025 0.034 0.051 0.081 0.134 0.225 0.369 0.574
7.758 9.300 10.966 12.473 13.703 14.664 15.328 15.674 15.807 15.912 16.165 16.527 16.631 16.562 16.387 16.165 15.825 15.207 14.183 12.666 10.639 8.213 5.923 4.120 2.723 1.620 0.821 0.354 0.149 0.074 0.044 0.030 0.022 0.017 0.015 0.013 0.012 0.011 0.011 0.010 0.009 0.009 0.008 0.007 0.006 0.006 0.005 0.004 0.004 0.003 0.003 0.003 0.002 0.002 0.002 0.002 0.002 0.003 0.003 0.004 0.005 0.005 0.006 0.007 0.008 0.009 0.011 0.013 0.016 0.021 0.030 0.043 0.067 0.107 0.174 0.280 0.434
5.993 7.177 8.581 10.094 11.497 12.625 13.435 13.899 14.120 14.289 14.551 14.811 14.864 14.796 14.625 14.367 13.901 13.002 11.513 9.388 6.811 4.416 2.755 1.719 1.040 0.562 0.255 0.104 0.050 0.031 0.022 0.018 0.015 0.013 0.011 0.010 0.010 0.009 0.008 0.008 0.007 0.007 0.006 0.006 0.005 0.004 0.004 0.003 0.002 0.002 0.002 0.001 0.001 0.001 0.001 0.001 0.001 0.001 0.002 0.002 0.003 0.003 0.004 0.004 0.005 0.007 0.008 0.011 0.014 0.019 0.026 0.038 0.058 0.089 0.139 0.216 0.331
4.560 5.436 6.475 7.706 9.071 10.325 11.266 11.860 12.177 12.349 12.468 12.521 12.475 12.381 12.192 11.826 11.120 9.827 7.735 5.220 3.070 1.659 0.864 0.470 0.259 0.135 0.066 0.035 0.023 0.017 0.014 0.012 0.011 0.010 0.009 0.008 0.008 0.007 0.007 0.006 0.006 0.005 0.005 0.004 0.004 0.003 0.003 0.002 0.001 0.001 0.001 0.000 0.000 0.000 0.000 0.000 0.000 0.000 0.001 0.001 0.001 0.002 0.002 0.003 0.004 0.005 0.006 0.009 0.012 0.016 0.023 0.034 0.050 0.075 0.112 0.167 0.249
3.391 3.986 4.664 5.449 6.400 7.475 8.436 9.105 9.465 9.579 9.554 9.418 9.188 8.904 8.502 7.870 6.842 5.275 3.405 1.845 0.878 0.388 0.183 0.102 0.061 0.038 0.024 0.017 0.014 0.012 0.010 0.009 0.008 0.007 0.007 0.006 0.006 0.005 0.005 0.005 0.004 0.004 0.004 0.003 0.003 0.002 0.002 0.001 0.001 0.001 0.000 0.000 0.000 0.000 0.000 0.000 0.000 0.000 0.000 0.000 0.000 0.001 0.001 0.001 0.002 0.003 0.005 0.007 0.010 0.014 0.021 0.030 0.044 0.064 0.092 0.131 0.188
2.402 2.747 3.114 3.511 3.960 4.504 5.087 5.558 5.841 5.914 5.862 5.658 5.293 4.783 4.217 3.604 2.824 1.814 0.916 0.388 0.158 0.076 0.045 0.031 0.023 0.018 0.014 0.012 0.010 0.009 0.008 0.007 0.006 0.006 0.005 0.005 0.004 0.004 0.004 0.003 0.003 0.003 0.003 0.002 0.002 0.002 0.001 0.001 0.001 0.000 0.000 0.000 0.000 0.000 0.000 0.000 0.000 0.000 0.000 0.000 0.000 0.000 0.000 0.001 0.001 0.002 0.004 0.005 0.008 0.012 0.018 0.026 0.038 0.054 0.076 0.107 0.150
1.551 1.696 1.848 1.998 2.149 2.326 2.542 2.720 2.822 2.846 2.808 2.662 2.351 1.875 1.444 1.094 0.742 0.378 0.158 0.068 0.036 0.025 0.019 0.016 0.013 0.011 0.010 0.008 0.007 0.006 0.006 0.005 0.004 0.004 0.004 0.003 0.003 0.003 0.003 0.002 0.002 0.002 0.002 0.002 0.002 0.001 0.001 0.001 0.000 0.000 0.000 0.000 0.000 0.000 0.000 0.000 0.000 0.000 0.000 0.000 0.000 0.000 0.000 0.000 0.001 0.001 0.002 0.004 0.007 0.010 0.016 0.023 0.033 0.047 0.066 0.093 0.131
0.869 0.901 0.946 0.984 1.002 1.004 1.010 1.017 1.012 0.995 0.955 0.871 0.708 0.478 0.321 0.222 0.134 0.067 0.034 0.022 0.017 0.014 0.012 0.011 0.009 0.008 0.007 0.006 0.005 0.005 0.004 0.004 0.003 0.003 0.003 0.002 0.002 0.002 0.002 0.002 0.002 0.002 0.001 0.001 0.001 0.001 0.001 0.001 0.000 0.000 0.000 0.000 0.000 0.000 0.000 0.000 0.000 0.000 0.000 0.000 0.000 0.000 0.000 0.000 0.000 0.001 0.002 0.003 0.005 0.009 0.013 0.019 0.028 0.041 0.059 0.085 0.122
0.406 0.402 0.407 0.407 0.393 0.356 0.313 0.280 0.256 0.237 0.217 0.191 0.148 0.095 0.066 0.046 0.031 0.020 0.015 0.012 0.011 0.009 0.008 0.007 0.006 0.006 0.005 0.004 0.004 0.003 0.003 0.002 0.002 0.002 0.002 0.002 0.002 0.001 0.001 0.001 0.001 0.001 0.001 0.001 0.001 0.001 0.001 0.001 0.000 0.000 0.000 0.000 0.000 0.000 0.000 0.000 0.000 0.000 0.000 0.000 0.000 0.000 0.000 0.000 0.000 0.000 0.001 0.002 0.004 0.007 0.011 0.016 0.024 0.036 0.053 0.079 0.116
0.146 0.141 0.139 0.138 0.130 0.111 0.086 0.069 0.059 0.052 0.047 0.042 0.034 0.025 0.020 0.016 0.013 0.011 0.009 0.008 0.007 0.007 0.006 0.005 0.004 0.004 0.003 0.003 0.002 0.002 0.002 0.002 0.002 0.001 0.001 0.001 0.001 0.001 0.001 0.001 0.001 0.001 0.001 0.001 0.001 0.001 0.001 0.001 0.000 0.000 0.000 0.000 0.000 0.000 0.000 0.000 0.000 0.000 0.000 0.000 0.000 0.000 0.000 0.000 0.000 0.000 0.000 0.001 0.003 0.005 0.008 0.013 0.020 0.030 0.047 0.071 0.106
0.038 0.037 0.037 0.037 0.036 0.030 0.022 0.017 0.015 0.014 0.013 0.013 0.012 0.010 0.009 0.009 0.008 0.007 0.006 0.006 0.005 0.004 0.004 0.003 0.003 0.003 0.002 0.002 0.002 0.001 0.001 0.001 0.001 0.001 0.001 0.001 0.001 0.001 0.001 0.001 0.001 0.001 0.001 0.001 0.001 0.001 0.001 0.001 0.000 0.000 0.000 0.000 0.000 0.000 0.000 0.000 0.000 0.000 0.000 0.000 0.000 0.000 0.000 0.000 0.000 0.000 0.000 0.001 0.002 0.004 0.006 0.010 0.016 0.024 0.037 0.058 0.088
0.008 0.008 0.008 0.008 0.008 0.008 0.006 0.005 0.005 0.005 0.005 0.006 0.006 0.006 0.005 0.005 0.005 0.005 0.004 0.004 0.003 0.003 0.003 0.002 0.002 0.002 0.001 0.001 0.001 0.001 0.001 0.001 0.001 0.001 0.001 0.001 0.001 0.001 0.001 0.001 0.002 0.002 0.002 0.002 0.002 0.001 0.001 0.001 0.000 0.000 0.000 0.000 0.000 0.000 0.000 0.000 0.000 0.000 0.000 0.000 0.000 0.000 0.000 0.000 0.000 0.000 0.000 0.000 0.001 0.002 0.004 0.007 0.011 0.017 0.026 0.039 0.060
0.002 0.002 0.002 0.002 0.002 0.002 0.002 0.002 0.002 0.002 0.003 0.003 0.003 0.003 0.003 0.003 0.003 0.003 0.003 0.002 0.002 0.002 0.002 0.002 0.001 0.001 0.001 0.001 0.001 0.001 0.001 0.001 0.001 0.001 0.001 0.001 0.001 0.002 0.002 0.002 0.002 0.002 0.002 0.002 0.002 0.001 0.001 0.001 0.000 0.000 0.000 0.000 0.000 0.000 0.000 0.000 0.000 0.000 0.000 0.000 0.000 0.000 0.000 0.000 0.000 0.000 0.000 0.000 0.001 0.001 0.003 0.005 0.008 0.012 0.017 0.025 0.037
0.001 0.001 0.001 0.001 0.001 0.001 0.001 0.001 0.001 0.001 0.002 0.002 0.002 0.002 0.002 0.002 0.002 0.002 0.002 0.002 0.001 0.001 0.001 0.001 0.001 0.001 0.001 0.001 0.001 0.001 0.001 0.001 0.002 0.002 0.002 0.002 0.002 0.003 0.003 0.003 0.003 0.003 0.002 0.002 0.002 0.001 0.001 0.000 0.000 0.000 0.000 0.000 0.000 0.000 0.000 0.000 0.000 0.000 0.000 0.000 0.000 0.000 0.000 0.000 0.000 0.000 0.000 0.000 0.000 0.001 0.002 0.003 0.005 0.008 0.012 0.017 0.023
0.001 0.001 0.001 0.001 0.001 0.001 0.001 0.001 0.001 0.001 0.001 0.001 0.001 0.001 0.001 0.001 0.001 0.001 0.001 0.001 0.001 0.001 0.001 0.001 0.001 0.001 0.001 0.002 0.002 0.002 0.002 0.003 0.003 0.003 0.003 0.004 0.004 0.004 0.003 0.003 0.003 0.003 0.002 0.002 0.001 0.001 0.001 0.000 0.000 0.000 0.000 0.000 0.000 0.000 0.000 0.000 0.000 0.000 0.000 0.000 0.000 0.000 0.000 0.000 0.000 0.000 0.000 0.000 0.000 0.000 0.001 0.002 0.003 0.005 0.008 0.011 0.015
0.001 0.001 0.001 0.001 0.001 0.001 0.001 0.001 0.001 0.001 0.001 0.001 0.001 0.001 0.001 0.001 0.001 0.001 0.001 0.001 0.001 0.001 0.001 0.001 0.001 0.002 0.002 0.003 0.004 0.004 0.004 0.005 0.005 0.005 0.005 0.004 0.004 0.004 0.004 0.003 0.003 0.002 0.002 0.001 0.001 0.001 0.000 0.000 0.000 0.000 0.000 0.000 0.000 0.000 0.000 0.000 0.000 0.000 0.000 0.000 0.000 0.000 0.000 0.000 0.000 0.000 0.000 0.000 0.000 0.000 0.000 0.001 0.002 0.003 0.005 0.008 0.010
0.000 0.000 0.000 0.000 0.000 0.001 0.001 0.001 0.001 0.001 0.001 0.001 0.001 0.001 0.001 0.001 0.001 0.001 0.001 0.001 0.001 0.001 0.001 0.002 0.003 0.004 0.005 0.005 0.006 0.006 0.006 0.005 0.005 0.005 0.005 0.005 0.004 0.004 0.003 0.003 0.002 0.002 0.001 0.001 0.001 0.000 0.000 0.000 0.000 0.000 0.000 0.000 0.000 0.000 0.000 0.000 0.000 0.000 0.000 0.000 0.000 0.000 0.000 0.000 0.000 0.000 0.000 0.000 0.000 0.000 0.000 0.000 0.001 0.002 0.003 0.005 0.007
0.000 0.000 0.000 0.000 0.000 0.000 0.000 0.000 0.000 0.001 0.001 0.001 0.001 0.001 0.001 0.001 0.001 0.001 0.001 0.001 0.001 0.002 0.003 0.004 0.005 0.006 0.006 0.006 0.006 0.006 0.006 0.006 0.005 0.005 0.005 0.005 0.004 0.004 0.003 0.002 0.002 0.001 0.001 0.001 0.000 0.000 0.000 0.000 0.000 0.000 0.000 0.000 0.000 0.000 0.000 0.000 0.000 0.000 0.000 0.000 0.000 0.000 0.000 0.000 0.000 0.000 0.000 0.000 0.000 0.000 0.000 0.000 0.000 0.001 0.002 0.003 0.005
0.000 0.000 0.000 0.000 0.000 0.000 0.000 0.000 0.000 0.000 0.000 0.001 0.001 0.001 0.001 0.001 0.001 0.001 0.001 0.002 0.002 0.003 0.004 0.005 0.006 0.006 0.006 0.006 0.006 0.006 0.006 0.005 0.005 0.005 0.005 0.004 0.004 0.003 0.002 0.002 0.001 0.001 0.001 0.000 0.000 0.000 0.000 0.000 0.000 0.000 0.000 0.000 0.000 0.000 0.000 0.000 0.000 0.000 0.000 0.000 0.000 0.000 0.000 0.000 0.000 0.000 0.000 0.000 0.000 0.000 0.000 0.000 0.000 0.000 0.001 0.002 0.003
0.000 0.000 0.000 0.000 0.000 0.000 0.000 0.000 0.000 0.000 0.000 0.000 0.001 0.001 0.001 0.001 0.001 0.001 0.001 0.002 0.003 0.003 0.004 0.005 0.006 0.006 0.006 0.006 0.006 0.006 0.006 0.005 0.005 0.004 0.004 0.003 0.003 0.002 0.001 0.001 0.001 0.001 0.000 0.000 0.000 0.000 0.000 0.000 0.000 0.000 0.000 0.000 0.000 0.000 0.000 0.000 0.000 0.000 0.000 0.000 0.000 0.000 0.000 0.000 0.000 0.000 0.000 0.000 0.000 0.000 0.000 0.000 0.000 0.000 0.000 0.001 0.002
0.000 0.000 0.000 0.000 0.000 0.000 0.000 0.000 0.000 0.000 0.000 0.000 0.000 0.000 0.001 0.001 0.001 0.001 0.001 0.002 0.003 0.004 0.004 0.005 0.006 0.006 0.006 0.006 0.006 0.005 0.005 0.004 0.004 0.003 0.003 0.002 0.002 0.001 0.001 0.001 0.001 0.000 0.000 0.000 0.000 0.000 0.000 0.000 0.000 0.000 0.000 0.000 0.000 0.000 0.000 0.000 0.000 0.000 0.000 0.000 0.000 0.000 0.000 0.000 0.000 0.000 0.000 0.000 0.000 0.000 0.000 0.000 0.000 0.000 0.000 0.000 0.001
0.000 0.000 0.000 0.000 0.000 0.000 0.000 0.000 0.000 0.000 0.000 0.000 0.000 0.000 0.001 0.001 0.001 0.001 0.001 0.002 0.003 0.003 0.004 0.005 0.005 0.005 0.005 0.005 0.005 0.005 0.004 0.003 0.003 0.002 0.001 0.001 0.001 0.001 0.001 0.001 0.000 0.000 0.000 0.000 0.000 0.000 0.000 0.000 0.000 0.000 0.000 0.000 0.000 0.000 0.000 0.000 0.000 0.000 0.000 0.000 0.000 0.000 0.000 0.000 0.000 0.000 0.000 0.000 0.000 0.000 0.000 0.000 0.000 0.000 0.000 0.000 0.000
0.000 0.000 0.000 0.000 0.000 0.000 0.000 0.000 0.000 0.000 0.000 0.000 0.000 0.000 0.000 0.001 0.001 0.001 0.001 0.002 0.002 0.003 0.003 0.004 0.004 0.004 0.004 0.004 0.003 0.003 0.003 0.002 0.002 0.001 0.001 0.001 0.001 0.001 0.000 0.000 0.000 0.000 0.000 0.000 0.000 0.000 0.000 0.000 0.000 0.000 0.000 0.000 0.000 0.000 0.000 0.000 0.000 0.000 0.000 0.000 0.000 0.000 0.000 0.000 0.000 0.000 0.000 0.000 0.000 0.000 0.000 0.000 0.000 0.000 0.000 0.000 0.000
0.000 0.000 0.000 0.000 0.000 0.000 0.000 0.000 0.000 0.000 0.000 0.000 0.000 0.000 0.000 0.000 0.001 0.001 0.001 0.001 0.002 0.002 0.002 0.002 0.002 0.002 0.002 0.002 0.002 0.002 0.001 0.001 0.001 0.001 0.001 0.001 0.000 0.000 0.000 0.000 0.000 0.000 0.000 0.000 0.000 0.000 0.000 0.000 0.000 0.000 0.000 0.000 0.000 0.000 0.000 0.000 0.000 0.000 0.000 0.000 0.000 0.000 0.000 0.000 0.000 0.000 0.000 0.000 0.000 0.000 0.000 0.000 0.000 0.000 0.000 0.000 0.000
