RESULTS/r.avaflow_results/23_results/23_ascii/23_hflow10037.asc
ncols 506
nrows 317
xllcenter 498237.50
yllcenter 5580050.00
cellsize 12.50
NODATA_value -9999.000
[rows 204 to 237 of 317, columns 77 to 153 of 506]
0.012 0.009 0.007 0.005 0.004 0.003 0.003 0.003 0.003 0.003 0.003 0.003 0.003 0.003 0.003 0.004 0.007 0.013 0.020 0.024 0.031 0.059 0.123 0.196 0.244 0.269 0.283 0.293 0.305 0.322 0.351 0.376 0.385 0.381 0.372 0.365 0.366 0.378 0.399 0.428 0.465 0.497 0.511 0.505 0.459 0.362 0.244 0.159 0.099 0.059 0.032 0.016 0.007 0.003 0.001 0.001 0.001 0.001 0.002 0.002 0.002 0.002 0.003 0.003 0.003 0.004 0.005 0.006 0.008 0.008 0.009 0.009 0.008 0.008 0.009 0.015 0.032
0.012 0.009 0.007 0.005 0.004 0.004 0.003 0.003 0.003 0.003 0.002 0.002 0.002 0.003 0.003 0.004 0.007 0.014 0.020 0.022 0.023 0.024 0.032 0.050 0.064 0.073 0.078 0.082 0.085 0.090 0.099 0.103 0.103 0.101 0.096 0.089 0.085 0.086 0.091 0.100 0.113 0.123 0.129 0.131 0.124 0.100 0.063 0.039 0.024 0.014 0.008 0.004 0.002 0.001 0.001 0.001 0.001 0.001 0.002 0.002 0.002 0.003 0.003 0.003 0.003 0.004 0.005 0.007 0.008 0.009 0.009 0.008 0.008 0.008 0.010 0.019 0.042
0.012 0.009 0.007 0.006 0.005 0.004 0.004 0.003 0.003 0.003 0.002 0.002 0.002 0.002 0.003 0.004 0.008 0.015 0.020 0.021 0.021 0.020 0.019 0.021 0.023 0.024 0.025 0.027 0.029 0.035 0.043 0.047 0.048 0.048 0.044 0.035 0.028 0.025 0.025 0.027 0.030 0.032 0.033 0.032 0.030 0.024 0.015 0.009 0.006 0.004 0.002 0.002 0.001 0.001 0.001 0.001 0.001 0.001 0.002 0.002 0.003 0.003 0.003 0.004 0.004 0.005 0.006 0.007 0.008 0.008 0.008 0.007 0.006 0.006 0.010 0.021 0.046
0.012 0.010 0.008 0.006 0.005 0.005 0.004 0.004 0.003 0.003 0.002 0.002 0.002 0.002 0.002 0.004 0.009 0.016 0.019 0.020 0.020 0.019 0.018 0.018 0.018 0.019 0.019 0.021 0.023 0.030 0.038 0.041 0.042 0.041 0.036 0.026 0.019 0.017 0.016 0.016 0.018 0.019 0.019 0.018 0.015 0.010 0.006 0.004 0.003 0.002 0.002 0.001 0.001 0.001 0.001 0.001 0.001 0.001 0.002 0.003 0.003 0.003 0.004 0.004 0.004 0.005 0.006 0.007 0.008 0.008 0.007 0.005 0.004 0.005 0.009 0.021 0.047
0.014 0.011 0.009 0.007 0.006 0.005 0.004 0.004 0.003 0.002 0.002 0.002 0.002 0.002 0.003 0.005 0.010 0.016 0.019 0.019 0.019 0.018 0.018 0.018 0.018 0.019 0.020 0.021 0.024 0.031 0.038 0.041 0.041 0.039 0.033 0.023 0.018 0.015 0.015 0.015 0.017 0.018 0.017 0.016 0.012 0.008 0.005 0.004 0.003 0.002 0.002 0.001 0.001 0.001 0.001 0.001 0.001 0.002 0.003 0.003 0.004 0.004 0.004 0.004 0.004 0.005 0.006 0.007 0.007 0.007 0.006 0.004 0.003 0.004 0.008 0.019 0.041
0.019 0.014 0.011 0.009 0.007 0.006 0.005 0.004 0.003 0.002 0.002 0.002 0.002 0.002 0.003 0.005 0.012 0.017 0.018 0.018 0.018 0.018 0.019 0.019 0.019 0.020 0.021 0.022 0.026 0.034 0.040 0.041 0.041 0.038 0.030 0.021 0.016 0.015 0.014 0.015 0.017 0.017 0.017 0.015 0.011 0.007 0.005 0.003 0.002 0.002 0.002 0.001 0.001 0.001 0.001 0.001 0.001 0.002 0.003 0.004 0.004 0.004 0.004 0.004 0.005 0.005 0.006 0.006 0.006 0.006 0.005 0.002 0.002 0.002 0.005 0.013 0.027
0.028 0.021 0.015 0.012 0.009 0.007 0.005 0.004 0.003 0.002 0.002 0.002 0.002 0.002 0.003 0.006 0.013 0.017 0.017 0.017 0.017 0.018 0.019 0.020 0.021 0.021 0.022 0.024 0.029 0.037 0.041 0.042 0.041 0.036 0.027 0.019 0.016 0.014 0.014 0.015 0.017 0.017 0.017 0.015 0.011 0.007 0.005 0.003 0.002 0.002 0.002 0.001 0.001 0.001 0.001 0.001 0.002 0.003 0.003 0.004 0.004 0.004 0.004 0.004 0.005 0.005 0.006 0.006 0.006 0.005 0.003 0.002 0.001 0.001 0.002 0.005 0.011
0.041 0.031 0.023 0.017 0.012 0.009 0.006 0.004 0.003 0.003 0.002 0.002 0.002 0.002 0.004 0.007 0.013 0.016 0.016 0.016 0.016 0.018 0.020 0.021 0.022 0.022 0.023 0.025 0.031 0.038 0.041 0.042 0.040 0.033 0.024 0.018 0.015 0.014 0.014 0.015 0.017 0.018 0.017 0.015 0.011 0.007 0.005 0.003 0.002 0.002 0.001 0.001 0.001 0.001 0.001 0.001 0.002 0.003 0.004 0.004 0.004 0.004 0.004 0.004 0.005 0.005 0.005 0.005 0.005 0.004 0.003 0.001 0.001 0.001 0.001 0.002 0.004
0.054 0.045 0.034 0.025 0.017 0.012 0.008 0.005 0.004 0.003 0.002 0.002 0.002 0.003 0.004 0.008 0.013 0.015 0.015 0.015 0.015 0.018 0.021 0.023 0.023 0.024 0.024 0.026 0.032 0.039 0.041 0.041 0.039 0.031 0.022 0.017 0.014 0.013 0.013 0.015 0.017 0.018 0.018 0.015 0.011 0.007 0.005 0.003 0.002 0.002 0.001 0.001 0.001 0.001 0.001 0.001 0.002 0.003 0.004 0.004 0.004 0.004 0.004 0.004 0.005 0.005 0.005 0.005 0.005 0.004 0.002 0.001 0.001 0.001 0.001 0.001 0.001
0.065 0.057 0.048 0.036 0.025 0.017 0.011 0.007 0.005 0.003 0.003 0.003 0.003 0.003 0.005 0.009 0.013 0.014 0.014 0.014 0.015 0.019 0.023 0.025 0.025 0.025 0.026 0.028 0.034 0.040 0.041 0.041 0.037 0.029 0.020 0.016 0.013 0.013 0.013 0.015 0.017 0.018 0.018 0.015 0.011 0.007 0.005 0.003 0.002 0.002 0.001 0.001 0.001 0.001 0.001 0.001 0.002 0.003 0.004 0.004 0.004 0.004 0.004 0.004 0.004 0.005 0.005 0.005 0.005 0.003 0.002 0.001 0.000 0.000 0.000 0.000 0.001
0.072 0.066 0.059 0.049 0.036 0.025 0.016 0.010 0.006 0.005 0.004 0.003 0.003 0.004 0.006 0.010 0.013 0.013 0.013 0.013 0.015 0.019 0.024 0.027 0.027 0.028 0.028 0.030 0.036 0.040 0.041 0.041 0.036 0.027 0.019 0.015 0.013 0.012 0.013 0.015 0.017 0.018 0.018 0.016 0.011 0.007 0.005 0.003 0.002 0.002 0.001 0.001 0.001 0.001 0.001 0.002 0.003 0.003 0.004 0.004 0.004 0.004 0.004 0.004 0.004 0.005 0.005 0.005 0.004 0.002 0.001 0.000 0.000 0.000 0.000 0.000 0.000
0.077 0.072 0.066 0.058 0.047 0.034 0.023 0.014 0.009 0.006 0.005 0.004 0.004 0.005 0.008 0.011 0.012 0.012 0.012 0.013 0.015 0.019 0.025 0.029 0.030 0.030 0.030 0.032 0.037 0.041 0.041 0.040 0.035 0.025 0.018 0.014 0.012 0.012 0.013 0.015 0.017 0.018 0.018 0.016 0.011 0.007 0.004 0.003 0.002 0.002 0.001 0.001 0.001 0.001 0.001 0.002 0.003 0.004 0.004 0.004 0.004 0.003 0.003 0.004 0.004 0.005 0.005 0.005 0.004 0.002 0.001 0.000 0.000 0.000 0.000 0.000 0.000
0.080 0.076 0.071 0.064 0.054 0.042 0.030 0.020 0.013 0.008 0.006 0.006 0.006 0.007 0.009 0.011 0.012 0.012 0.012 0.012 0.015 0.020 0.026 0.030 0.032 0.032 0.033 0.035 0.039 0.042 0.042 0.040 0.033 0.023 0.016 0.013 0.012 0.012 0.013 0.015 0.018 0.019 0.018 0.016 0.011 0.007 0.004 0.003 0.002 0.001 0.001 0.001 0.001 0.001 0.001 0.002 0.003 0.003 0.004 0.004 0.003 0.003 0.003 0.004 0.004 0.005 0.005 0.004 0.003 0.002 0.001 0.000 0.000 0.000 0.000 0.000 0.000
0.081 0.078 0.074 0.067 0.059 0.048 0.036 0.025 0.017 0.011 0.008 0.007 0.007 0.008 0.010 0.011 0.012 0.011 0.011 0.012 0.015 0.021 0.028 0.032 0.034 0.035 0.035 0.037 0.041 0.042 0.042 0.039 0.031 0.021 0.015 0.013 0.012 0.012 0.013 0.016 0.018 0.019 0.018 0.017 0.012 0.007 0.004 0.003 0.002 0.001 0.001 0.001 0.001 0.001 0.001 0.002 0.003 0.003 0.004 0.003 0.003 0.003 0.003 0.004 0.004 0.004 0.004 0.004 0.003 0.002 0.001 0.000 0.000 0.000 0.000 0.000 0.000
0.081 0.079 0.075 0.069 0.061 0.052 0.040 0.029 0.020 0.014 0.011 0.009 0.009 0.009 0.010 0.011 0.011 0.011 0.011 0.012 0.015 0.021 0.030 0.034 0.036 0.037 0.037 0.039 0.043 0.044 0.043 0.039 0.029 0.019 0.014 0.012 0.012 0.012 0.014 0.016 0.018 0.019 0.019 0.017 0.013 0.007 0.004 0.003 0.002 0.001 0.001 0.001 0.001 0.001 0.001 0.002 0.003 0.003 0.003 0.003 0.003 0.003 0.003 0.004 0.004 0.004 0.004 0.004 0.002 0.001 0.001 0.000 0.000 0.000 0.000 0.000 0.000
0.081 0.079 0.075 0.070 0.063 0.054 0.043 0.032 0.023 0.017 0.013 0.010 0.010 0.010 0.011 0.011 0.011 0.011 0.012 0.013 0.016 0.023 0.032 0.037 0.038 0.039 0.039 0.042 0.045 0.045 0.044 0.038 0.026 0.017 0.013 0.012 0.012 0.013 0.015 0.017 0.019 0.020 0.020 0.018 0.013 0.008 0.004 0.002 0.002 0.001 0.001 0.001 0.001 0.001 0.001 0.002 0.003 0.003 0.003 0.003 0.003 0.003 0.003 0.004 0.004 0.004 0.004 0.003 0.002 0.001 0.000 0.000 0.000 0.000 0.000 0.000 0.000
0.080 0.078 0.075 0.070 0.063 0.054 0.044 0.034 0.025 0.019 0.014 0.011 0.010 0.010 0.011 0.011 0.011 0.011 0.012 0.014 0.017 0.025 0.034 0.039 0.041 0.041 0.042 0.045 0.048 0.048 0.045 0.036 0.023 0.015 0.012 0.011 0.012 0.013 0.016 0.018 0.020 0.021 0.021 0.019 0.014 0.008 0.004 0.002 0.002 0.001 0.001 0.001 0.001 0.001 0.002 0.002 0.003 0.003 0.003 0.003 0.003 0.003 0.004 0.004 0.004 0.004 0.004 0.003 0.002 0.001 0.000 0.000 0.000 0.000 0.000 0.000 0.000
0.078 0.077 0.074 0.069 0.063 0.055 0.045 0.035 0.026 0.020 0.015 0.012 0.011 0.010 0.011 0.011 0.011 0.012 0.013 0.015 0.019 0.026 0.036 0.042 0.045 0.046 0.047 0.051 0.052 0.052 0.046 0.033 0.020 0.013 0.011 0.011 0.012 0.014 0.017 0.020 0.022 0.022 0.022 0.020 0.014 0.008 0.004 0.002 0.001 0.001 0.001 0.001 0.001 0.001 0.002 0.002 0.003 0.003 0.003 0.003 0.003 0.003 0.004 0.004 0.004 0.004 0.004 0.003 0.002 0.001 0.000 0.000 0.000 0.000 0.000 0.000 0.000
0.075 0.073 0.071 0.067 0.061 0.054 0.045 0.035 0.027 0.021 0.016 0.013 0.011 0.011 0.011 0.011 0.011 0.012 0.013 0.016 0.021 0.028 0.038 0.045 0.049 0.051 0.054 0.057 0.058 0.056 0.047 0.030 0.017 0.012 0.011 0.011 0.012 0.015 0.019 0.021 0.023 0.023 0.022 0.020 0.014 0.008 0.004 0.002 0.001 0.001 0.001 0.001 0.001 0.001 0.002 0.003 0.003 0.004 0.004 0.004 0.004 0.004 0.004 0.004 0.004 0.004 0.003 0.002 0.001 0.001 0.000 0.000 0.000 0.000 0.000 0.000 0.000
0.069 0.068 0.067 0.064 0.059 0.053 0.044 0.035 0.027 0.021 0.016 0.013 0.011 0.011 0.010 0.011 0.011 0.012 0.014 0.018 0.022 0.029 0.039 0.048 0.054 0.059 0.063 0.065 0.064 0.059 0.045 0.027 0.016 0.012 0.011 0.011 0.012 0.015 0.020 0.022 0.023 0.023 0.023 0.020 0.014 0.007 0.004 0.002 0.001 0.001 0.001 0.001 0.001 0.001 0.002 0.003 0.003 0.004 0.004 0.004 0.004 0.004 0.004 0.004 0.004 0.004 0.003 0.002 0.001 0.000 0.000 0.000 0.000 0.000 0.000 0.000 0.000
0.062 0.061 0.060 0.058 0.055 0.050 0.043 0.035 0.027 0.021 0.016 0.013 0.011 0.010 0.010 0.010 0.011 0.012 0.015 0.019 0.024 0.031 0.041 0.051 0.060 0.067 0.071 0.072 0.070 0.061 0.042 0.024 0.015 0.012 0.011 0.011 0.012 0.016 0.021 0.023 0.024 0.024 0.022 0.019 0.012 0.007 0.003 0.002 0.001 0.001 0.001 0.001 0.001 0.001 0.002 0.003 0.004 0.004 0.004 0.004 0.004 0.004 0.004 0.004 0.004 0.003 0.003 0.002 0.001 0.000 0.000 0.000 0.000 0.000 0.000 0.000 0.000
0.053 0.053 0.052 0.051 0.049 0.045 0.040 0.034 0.026 0.021 0.016 0.013 0.011 0.010 0.010 0.010 0.010 0.012 0.015 0.020 0.026 0.034 0.043 0.055 0.066 0.073 0.077 0.077 0.073 0.060 0.038 0.022 0.015 0.012 0.011 0.011 0.013 0.018 0.022 0.024 0.024 0.024 0.022 0.018 0.011 0.006 0.003 0.002 0.001 0.001 0.001 0.001 0.001 0.001 0.002 0.003 0.004 0.004 0.004 0.004 0.004 0.004 0.004 0.004 0.004 0.003 0.002 0.001 0.001 0.000 0.000 0.000 0.000 0.000 0.000 0.000 0.000
0.042 0.042 0.042 0.042 0.041 0.039 0.036 0.031 0.025 0.020 0.015 0.012 0.010 0.009 0.009 0.009 0.010 0.012 0.015 0.020 0.027 0.035 0.046 0.058 0.071 0.079 0.082 0.081 0.074 0.057 0.034 0.020 0.014 0.012 0.012 0.012 0.014 0.019 0.023 0.025 0.025 0.024 0.022 0.016 0.009 0.005 0.002 0.001 0.001 0.001 0.001 0.001 0.001 0.001 0.002 0.003 0.004 0.005 0.005 0.005 0.005 0.005 0.005 0.004 0.004 0.003 0.002 0.001 0.000 0.000 0.000 0.000 0.000 0.000 0.000 0.000 0.000
0.033 0.033 0.033 0.033 0.032 0.031 0.030 0.027 0.023 0.018 0.014 0.011 0.009 0.007 0.007 0.007 0.008 0.010 0.014 0.020 0.027 0.036 0.048 0.063 0.077 0.085 0.087 0.086 0.076 0.054 0.031 0.019 0.014 0.013 0.012 0.013 0.015 0.020 0.024 0.025 0.025 0.024 0.022 0.016 0.009 0.004 0.002 0.001 0.001 0.001 0.001 0.001 0.001 0.002 0.002 0.003 0.005 0.005 0.006 0.006 0.006 0.005 0.005 0.004 0.003 0.003 0.001 0.001 0.000 0.000 0.000 0.000 0.000 0.000 0.000 0.000 0.000
0.025 0.025 0.025 0.025 0.025 0.024 0.023 0.021 0.019 0.015 0.011 0.008 0.006 0.006 0.005 0.005 0.006 0.008 0.012 0.018 0.026 0.036 0.050 0.068 0.084 0.093 0.094 0.092 0.079 0.053 0.030 0.019 0.014 0.013 0.013 0.013 0.016 0.020 0.024 0.026 0.026 0.025 0.022 0.015 0.008 0.004 0.002 0.001 0.001 0.001 0.001 0.001 0.001 0.002 0.002 0.004 0.005 0.006 0.007 0.007 0.006 0.006 0.005 0.004 0.003 0.002 0.001 0.000 0.000 0.000 0.000 0.000 0.000 0.000 0.000 0.000 0.000
0.019 0.019 0.019 0.019 0.019 0.018 0.017 0.016 0.014 0.011 0.008 0.006 0.005 0.004 0.004 0.004 0.004 0.006 0.009 0.015 0.023 0.034 0.050 0.072 0.091 0.099 0.101 0.097 0.080 0.051 0.030 0.019 0.015 0.013 0.013 0.014 0.016 0.021 0.025 0.026 0.027 0.026 0.022 0.015 0.007 0.003 0.002 0.001 0.001 0.001 0.001 0.001 0.001 0.002 0.003 0.004 0.005 0.007 0.007 0.008 0.007 0.007 0.005 0.004 0.003 0.002 0.001 0.000 0.000 0.000 0.000 0.000 0.000 0.000 0.000 0.000 0.000
0.014 0.014 0.014 0.014 0.014 0.013 0.013 0.011 0.010 0.008 0.006 0.004 0.003 0.002 0.002 0.002 0.003 0.005 0.008 0.013 0.020 0.031 0.049 0.074 0.095 0.104 0.105 0.099 0.080 0.050 0.030 0.020 0.015 0.014 0.014 0.014 0.017 0.021 0.026 0.028 0.028 0.027 0.023 0.015 0.007 0.003 0.002 0.001 0.001 0.001 0.001 0.001 0.001 0.002 0.003 0.004 0.006 0.008 0.009 0.009 0.008 0.007 0.006 0.004 0.002 0.001 0.001 0.000 0.000 0.000 0.000 0.000 0.000 0.000 0.000 0.000 0.000
0.010 0.010 0.010 0.010 0.010 0.009 0.009 0.008 0.007 0.006 0.004 0.003 0.002 0.002 0.001 0.002 0.002 0.004 0.006 0.011 0.018 0.029 0.048 0.075 0.097 0.106 0.106 0.099 0.079 0.051 0.032 0.022 0.017 0.015 0.015 0.015 0.017 0.023 0.028 0.030 0.030 0.029 0.024 0.014 0.006 0.003 0.002 0.001 0.001 0.001 0.001 0.001 0.002 0.002 0.003 0.004 0.006 0.009 0.010 0.010 0.009 0.008 0.005 0.003 0.002 0.001 0.000 0.000 0.000 0.000 0.000 0.000 0.000 0.000 0.000 0.000 0.000
0.007 0.007 0.007 0.007 0.007 0.006 0.006 0.005 0.005 0.004 0.003 0.002 0.001 0.001 0.001 0.001 0.002 0.003 0.005 0.009 0.016 0.027 0.046 0.075 0.098 0.107 0.107 0.099 0.080 0.052 0.034 0.025 0.019 0.017 0.016 0.016 0.019 0.025 0.030 0.032 0.032 0.030 0.024 0.013 0.006 0.003 0.001 0.001 0.001 0.001 0.001 0.001 0.002 0.002 0.003 0.005 0.007 0.010 0.011 0.011 0.010 0.008 0.005 0.003 0.002 0.001 0.000 0.000 0.000 0.000 0.000 0.000 0.000 0.000 0.000 0.000 0.000
0.004 0.004 0.004 0.004 0.004 0.004 0.004 0.003 0.003 0.002 0.002 0.001 0.001 0.001 0.001 0.001 0.001 0.002 0.004 0.008 0.014 0.026 0.045 0.075 0.098 0.106 0.106 0.098 0.081 0.056 0.038 0.028 0.022 0.019 0.018 0.018 0.020 0.027 0.033 0.035 0.035 0.031 0.022 0.011 0.005 0.002 0.001 0.001 0.001 0.001 0.001 0.001 0.002 0.003 0.004 0.006 0.009 0.011 0.012 0.012 0.010 0.008 0.005 0.002 0.001 0.001 0.000 0.000 0.000 0.000 0.000 0.000 0.000 0.000 0.000 0.000 0.000
0.003 0.003 0.003 0.003 0.002 0.002 0.002 0.002 0.002 0.001 0.001 0.000 0.000 0.000 0.000 0.000 0.001 0.001 0.003 0.006 0.012 0.024 0.043 0.074 0.097 0.104 0.104 0.098 0.084 0.061 0.042 0.031 0.025 0.021 0.020 0.020 0.023 0.030 0.035 0.037 0.036 0.032 0.020 0.009 0.004 0.002 0.001 0.001 0.001 0.001 0.001 0.001 0.002 0.003 0.005 0.007 0.010 0.012 0.013 0.012 0.010 0.007 0.004 0.002 0.001 0.000 0.000 0.000 0.000 0.000 0.000 0.000 0.000 0.000 0.000 0.000 0.000
0.001 0.001 0.001 0.001 0.001 0.001 0.001 0.001 0.001 0.001 0.000 0.000 0.000 0.000 0.000 0.000 0.000 0.001 0.002 0.004 0.010 0.020 0.038 0.067 0.093 0.103 0.104 0.100 0.089 0.069 0.048 0.035 0.028 0.024 0.023 0.024 0.027 0.034 0.038 0.039 0.038 0.030 0.017 0.007 0.003 0.002 0.001 0.001 0.001 0.001 0.001 0.001 0.002 0.004 0.006 0.010 0.012 0.014 0.014 0.012 0.009 0.005 0.003 0.001 0.001 0.000 0.000 0.000 0.000 0.000 0.000 0.000 0.000 0.000 0.000 0.000 0.000
0.000 0.000 0.000 0.000 0.000 0.000 0.000 0.000 0.000 0.000 0.000 0.000 0.000 0.000 0.000 0.000 0.000 0.001 0.001 0.003 0.006 0.014 0.029 0.055 0.087 0.104 0.108 0.106 0.097 0.079 0.055 0.040 0.032 0.029 0.028 0.029 0.033 0.039 0.042 0.042 0.039 0.028 0.013 0.006 0.003 0.002 0.001 0.001 0.001 0.001 0.001 0.002 0.003 0.005 0.008 0.013 0.015 0.015 0.015 0.012 0.007 0.004 0.002 0.001 0.000 0.000 0.000 0.000 0.000 0.000 0.000 0.000 0.000 0.000 0.000 0.000 0.000
0.000 0.000 0.000 0.000 0.000 0.000 0.000 0.000 0.000 0.000 0.000 0.000 0.000 0.000 0.000 0.000 0.000 0.000 0.001 0.002 0.004 0.009 0.019 0.041 0.076 0.103 0.114 0.115 0.110 0.094 0.067 0.048 0.038 0.035 0.034 0.035 0.040 0.045 0.047 0.047 0.041 0.025 0.012 0.005 0.003 0.002 0.002 0.001 0.001 0.001 0.001 0.002 0.003 0.006 0.012 0.016 0.017 0.017 0.015 0.010 0.005 0.002 0.001 0.001 0.000 0.000 0.000 0.000 0.000 0.000 0.000 0.000 0.000 0.000 0.000 0.000 0.000
