RESULTS/r.avaflow_results/23_results/23_ascii/23_hflow0058.asc
ncols 506
nrows 317
xllcenter 498237.50
yllcenter 5580050.00
cellsize 12.50
NODATA_value -9999.000
[rows 170 to 203 of 317, columns 154 to 230 of 506]
12.435 12.171 11.870 11.541 11.201 10.840 10.488 10.179 9.899 9.638 9.390 9.146 8.892 8.592 8.199 7.675 7.029 6.305 5.551 4.799 4.052 3.310 2.637 2.081 1.650 1.339 1.137 1.034 1.004 1.005 1.022 1.053 1.077 1.093 1.112 1.143 1.192 1.226 1.230 1.205 1.151 1.079 1.015 0.954 0.885 0.798 0.685 0.568 0.465 0.372 0.293 0.235 0.193 0.164 0.145 0.134 0.131 0.133 0.139 0.144 0.149 0.152 0.155 0.157 0.159 0.163 0.173 0.202 0.272 0.415 0.593 0.694 0.720 0.694 0.593 0.420 0.263
14.418 14.433 14.341 14.153 13.915 13.646 13.358 13.059 12.754 12.454 12.163 11.882 11.602 11.290 10.884 10.310 9.542 8.613 7.581 6.501 5.415 4.397 3.490 2.735 2.146 1.706 1.400 1.220 1.150 1.148 1.173 1.215 1.240 1.248 1.248 1.249 1.256 1.258 1.246 1.203 1.128 1.038 0.957 0.877 0.788 0.673 0.522 0.375 0.263 0.190 0.147 0.120 0.103 0.093 0.089 0.088 0.091 0.098 0.105 0.109 0.111 0.111 0.111 0.110 0.111 0.113 0.121 0.142 0.191 0.290 0.458 0.605 0.671 0.682 0.652 0.562 0.408
16.580 16.983 17.146 17.111 16.945 16.711 16.445 16.155 15.848 15.535 15.220 14.904 14.593 14.259 13.839 13.231 12.377 11.290 10.042 8.700 7.310 5.960 4.729 3.677 2.834 2.187 1.715 1.411 1.259 1.214 1.220 1.249 1.272 1.276 1.268 1.253 1.239 1.222 1.186 1.111 0.995 0.870 0.761 0.656 0.541 0.407 0.274 0.181 0.125 0.094 0.076 0.066 0.060 0.058 0.058 0.061 0.067 0.075 0.081 0.084 0.085 0.084 0.082 0.081 0.080 0.081 0.087 0.102 0.134 0.200 0.324 0.493 0.616 0.664 0.669 0.640 0.552
18.094 18.840 19.248 19.387 19.360 19.235 19.056 18.830 18.575 18.297 18.000 17.688 17.375 17.043 16.640 16.061 15.227 14.134 12.819 11.346 9.768 8.127 6.510 5.067 3.861 2.898 2.171 1.672 1.382 1.252 1.216 1.224 1.234 1.232 1.214 1.178 1.134 1.083 1.009 0.880 0.707 0.551 0.431 0.338 0.257 0.181 0.122 0.085 0.063 0.051 0.044 0.040 0.039 0.039 0.041 0.044 0.051 0.059 0.064 0.066 0.066 0.065 0.063 0.062 0.062 0.063 0.066 0.076 0.097 0.139 0.217 0.361 0.534 0.635 0.665 0.662 0.624
18.847 19.817 20.455 20.819 21.007 21.075 21.062 20.968 20.799 20.576 20.310 20.004 19.691 19.366 18.985 18.455 17.687 16.663 15.400 13.950 12.346 10.597 8.701 6.791 5.117 3.755 2.718 1.988 1.525 1.278 1.172 1.131 1.109 1.086 1.045 0.979 0.898 0.805 0.684 0.523 0.370 0.266 0.198 0.150 0.112 0.081 0.059 0.045 0.036 0.032 0.029 0.028 0.028 0.029 0.030 0.034 0.040 0.047 0.051 0.053 0.053 0.052 0.050 0.050 0.050 0.051 0.055 0.061 0.074 0.100 0.148 0.242 0.412 0.574 0.644 0.657 0.643
19.013 20.084 20.894 21.477 21.899 22.188 22.358 22.413 22.336 22.164 21.922 21.607 21.292 20.984 20.635 20.173 19.511 18.600 17.415 15.972 14.308 12.439 10.344 8.057 5.999 4.332 3.072 2.189 1.614 1.274 1.085 0.975 0.896 0.820 0.731 0.634 0.538 0.447 0.352 0.252 0.176 0.125 0.093 0.071 0.054 0.042 0.033 0.028 0.024 0.023 0.022 0.022 0.022 0.023 0.024 0.027 0.031 0.037 0.041 0.043 0.044 0.043 0.043 0.043 0.044 0.045 0.048 0.053 0.061 0.077 0.108 0.168 0.288 0.464 0.587 0.630 0.632
18.888 20.022 20.929 21.639 22.210 22.654 22.941 23.086 23.083 22.953 22.726 22.392 22.071 21.792 21.479 21.072 20.505 19.708 18.617 17.198 15.477 13.488 11.227 8.705 6.415 4.578 3.208 2.260 1.637 1.236 0.969 0.778 0.623 0.494 0.392 0.316 0.261 0.213 0.164 0.119 0.086 0.063 0.048 0.038 0.031 0.026 0.022 0.020 0.018 0.018 0.018 0.018 0.018 0.019 0.020 0.022 0.025 0.030 0.033 0.036 0.037 0.038 0.038 0.039 0.040 0.042 0.044 0.048 0.054 0.064 0.084 0.124 0.199 0.335 0.485 0.569 0.597
18.456 19.679 20.723 21.572 22.246 22.750 23.064 23.226 23.250 23.143 22.925 22.576 22.245 21.979 21.675 21.276 20.740 19.997 18.970 17.593 15.856 13.798 11.447 8.834 6.476 4.591 3.196 2.235 1.588 1.137 0.807 0.559 0.381 0.263 0.190 0.146 0.120 0.099 0.077 0.059 0.046 0.036 0.029 0.024 0.021 0.018 0.016 0.015 0.015 0.015 0.015 0.015 0.015 0.016 0.017 0.019 0.021 0.024 0.027 0.030 0.032 0.034 0.035 0.037 0.038 0.040 0.042 0.045 0.049 0.057 0.071 0.097 0.144 0.229 0.356 0.470 0.535
17.716 19.045 20.228 21.221 22.000 22.544 22.854 22.991 22.997 22.886 22.676 22.328 21.981 21.686 21.348 20.923 20.388 19.685 18.716 17.381 15.660 13.583 11.180 8.541 6.204 4.345 2.974 2.026 1.379 0.917 0.577 0.345 0.208 0.132 0.091 0.070 0.058 0.049 0.040 0.033 0.027 0.023 0.020 0.017 0.015 0.014 0.013 0.012 0.012 0.012 0.012 0.013 0.013 0.014 0.014 0.016 0.018 0.020 0.023 0.026 0.028 0.031 0.033 0.035 0.036 0.038 0.040 0.043 0.047 0.052 0.062 0.080 0.111 0.164 0.247 0.350 0.440
16.711 18.124 19.404 20.479 21.310 21.869 22.170 22.266 22.211 22.064 21.848 21.543 21.187 20.794 20.338 19.830 19.261 18.572 17.654 16.368 14.655 12.542 10.091 7.556 5.378 3.661 2.396 1.520 0.940 0.556 0.315 0.178 0.104 0.066 0.047 0.038 0.032 0.028 0.024 0.021 0.019 0.017 0.015 0.013 0.012 0.011 0.010 0.010 0.010 0.010 0.010 0.011 0.011 0.012 0.013 0.014 0.015 0.017 0.019 0.022 0.025 0.028 0.031 0.033 0.035 0.037 0.039 0.041 0.045 0.049 0.057 0.070 0.092 0.127 0.180 0.253 0.334
15.451 16.866 18.184 19.290 20.144 20.726 21.034 21.095 20.982 20.786 20.577 20.347 20.007 19.485 18.842 18.201 17.555 16.820 15.855 14.501 12.687 10.452 8.004 5.753 3.902 2.477 1.458 0.809 0.446 0.248 0.140 0.082 0.052 0.036 0.028 0.023 0.021 0.018 0.017 0.015 0.014 0.013 0.011 0.010 0.010 0.009 0.008 0.008 0.008 0.008 0.009 0.010 0.010 0.011 0.012 0.013 0.015 0.016 0.018 0.020 0.022 0.025 0.028 0.031 0.033 0.035 0.038 0.040 0.043 0.047 0.054 0.065 0.082 0.108 0.145 0.195 0.257
13.925 15.243 16.558 17.696 18.613 19.270 19.634 19.705 19.583 19.371 19.183 18.974 18.615 17.999 17.211 16.432 15.658 14.762 13.559 11.904 9.736 7.278 5.036 3.327 2.096 1.228 0.655 0.330 0.172 0.098 0.060 0.040 0.029 0.022 0.019 0.016 0.015 0.014 0.013 0.012 0.011 0.010 0.009 0.008 0.008 0.007 0.007 0.007 0.007 0.007 0.008 0.009 0.011 0.012 0.013 0.014 0.015 0.016 0.017 0.019 0.021 0.023 0.026 0.029 0.031 0.034 0.036 0.039 0.042 0.046 0.053 0.063 0.079 0.100 0.129 0.166 0.212
12.211 13.350 14.617 15.812 16.824 17.587 18.047 18.190 18.108 17.916 17.699 17.415 16.960 16.271 15.413 14.518 13.560 12.361 10.714 8.498 6.045 3.919 2.417 1.452 0.848 0.466 0.236 0.118 0.066 0.042 0.030 0.023 0.018 0.016 0.014 0.012 0.011 0.010 0.010 0.009 0.008 0.008 0.007 0.006 0.006 0.006 0.006 0.006 0.006 0.007 0.008 0.010 0.012 0.014 0.015 0.016 0.017 0.018 0.018 0.019 0.020 0.022 0.024 0.026 0.029 0.032 0.035 0.038 0.041 0.046 0.053 0.063 0.078 0.099 0.124 0.155 0.192
10.601 11.478 12.533 13.686 14.741 15.576 16.127 16.353 16.328 16.148 15.831 15.367 14.733 13.938 13.008 11.966 10.732 9.086 6.915 4.674 2.862 1.605 0.862 0.473 0.266 0.147 0.080 0.046 0.031 0.023 0.018 0.015 0.013 0.012 0.010 0.010 0.009 0.008 0.007 0.007 0.006 0.006 0.005 0.005 0.005 0.005 0.005 0.005 0.006 0.008 0.010 0.014 0.016 0.018 0.020 0.021 0.021 0.021 0.020 0.020 0.020 0.021 0.023 0.025 0.027 0.030 0.033 0.037 0.041 0.046 0.054 0.064 0.079 0.099 0.124 0.153 0.188
9.105 9.711 10.420 11.274 12.159 12.896 13.420 13.674 13.689 13.505 13.086 12.411 11.520 10.491 9.373 8.142 6.697 5.001 3.251 1.860 0.964 0.475 0.242 0.137 0.082 0.051 0.033 0.023 0.018 0.015 0.013 0.011 0.010 0.009 0.008 0.007 0.007 0.006 0.006 0.005 0.005 0.005 0.004 0.004 0.004 0.004 0.005 0.006 0.008 0.011 0.016 0.022 0.025 0.028 0.029 0.029 0.028 0.026 0.024 0.023 0.022 0.022 0.023 0.024 0.027 0.029 0.033 0.037 0.042 0.048 0.056 0.068 0.083 0.103 0.128 0.157 0.193
7.674 8.015 8.359 8.708 9.047 9.354 9.609 9.743 9.731 9.562 9.136 8.394 7.400 6.275 5.183 4.128 3.046 1.941 1.055 0.512 0.241 0.124 0.072 0.047 0.033 0.024 0.018 0.015 0.013 0.011 0.010 0.008 0.008 0.007 0.006 0.006 0.005 0.005 0.005 0.004 0.004 0.004 0.004 0.004 0.004 0.005 0.006 0.009 0.014 0.022 0.032 0.040 0.045 0.047 0.047 0.044 0.039 0.034 0.030 0.027 0.025 0.024 0.024 0.025 0.027 0.030 0.033 0.038 0.043 0.050 0.060 0.073 0.089 0.111 0.139 0.174 0.219
6.251 6.306 6.303 6.228 6.080 5.941 5.817 5.703 5.575 5.396 5.064 4.500 3.688 2.774 2.039 1.457 0.948 0.523 0.255 0.123 0.066 0.041 0.029 0.023 0.018 0.015 0.013 0.011 0.009 0.008 0.007 0.006 0.006 0.005 0.005 0.005 0.004 0.004 0.004 0.004 0.004 0.004 0.005 0.005 0.006 0.008 0.012 0.018 0.031 0.049 0.066 0.077 0.082 0.081 0.075 0.064 0.054 0.045 0.039 0.034 0.030 0.028 0.026 0.026 0.028 0.030 0.034 0.038 0.044 0.052 0.062 0.076 0.096 0.124 0.162 0.215 0.286
4.725 4.492 4.192 3.813 3.393 3.011 2.709 2.495 2.330 2.171 1.970 1.675 1.268 0.854 0.569 0.376 0.229 0.126 0.067 0.039 0.027 0.021 0.017 0.015 0.012 0.011 0.009 0.008 0.007 0.006 0.006 0.005 0.005 0.005 0.004 0.004 0.004 0.004 0.005 0.005 0.005 0.006 0.007 0.009 0.012 0.017 0.028 0.047 0.075 0.105 0.127 0.136 0.131 0.114 0.095 0.079 0.067 0.056 0.048 0.041 0.035 0.031 0.029 0.028 0.028 0.030 0.034 0.038 0.045 0.052 0.063 0.077 0.099 0.134 0.191 0.277 0.397
3.040 2.641 2.261 1.910 1.581 1.275 1.031 0.865 0.749 0.656 0.565 0.460 0.331 0.216 0.143 0.096 0.062 0.039 0.026 0.020 0.016 0.014 0.012 0.010 0.009 0.008 0.007 0.006 0.006 0.005 0.005 0.005 0.005 0.005 0.005 0.005 0.006 0.007 0.007 0.009 0.011 0.013 0.017 0.022 0.031 0.047 0.077 0.121 0.165 0.195 0.206 0.191 0.160 0.129 0.106 0.088 0.074 0.063 0.053 0.045 0.038 0.033 0.030 0.028 0.028 0.030 0.033 0.038 0.044 0.052 0.062 0.076 0.099 0.137 0.204 0.313 0.467
1.549 1.274 1.040 0.838 0.655 0.488 0.360 0.277 0.223 0.185 0.152 0.120 0.088 0.061 0.044 0.033 0.025 0.019 0.016 0.013 0.011 0.010 0.009 0.008 0.007 0.006 0.006 0.005 0.005 0.005 0.005 0.006 0.007 0.008 0.009 0.010 0.012 0.014 0.018 0.022 0.028 0.036 0.047 0.063 0.088 0.130 0.194 0.255 0.287 0.289 0.262 0.215 0.170 0.136 0.110 0.092 0.078 0.066 0.056 0.046 0.039 0.033 0.030 0.028 0.028 0.029 0.032 0.036 0.042 0.049 0.059 0.073 0.095 0.133 0.202 0.317 0.482
0.658 0.524 0.417 0.325 0.244 0.172 0.120 0.088 0.069 0.057 0.047 0.038 0.031 0.025 0.020 0.017 0.015 0.013 0.011 0.010 0.008 0.008 0.007 0.006 0.006 0.006 0.006 0.006 0.007 0.008 0.009 0.012 0.014 0.017 0.021 0.026 0.032 0.040 0.051 0.065 0.082 0.104 0.133 0.170 0.222 0.292 0.357 0.387 0.380 0.343 0.282 0.220 0.173 0.138 0.113 0.094 0.079 0.066 0.056 0.047 0.039 0.033 0.029 0.026 0.026 0.027 0.029 0.032 0.037 0.043 0.052 0.063 0.083 0.117 0.181 0.291 0.454
0.245 0.193 0.152 0.116 0.085 0.059 0.042 0.032 0.026 0.023 0.020 0.018 0.016 0.014 0.013 0.012 0.010 0.009 0.008 0.007 0.007 0.006 0.006 0.006 0.006 0.007 0.009 0.011 0.014 0.018 0.024 0.031 0.039 0.049 0.061 0.075 0.095 0.120 0.150 0.182 0.218 0.259 0.303 0.349 0.396 0.440 0.463 0.458 0.423 0.359 0.283 0.221 0.174 0.139 0.114 0.094 0.078 0.066 0.055 0.046 0.038 0.031 0.026 0.024 0.022 0.022 0.024 0.026 0.030 0.034 0.040 0.048 0.060 0.084 0.131 0.218 0.357
0.086 0.068 0.054 0.042 0.032 0.024 0.018 0.015 0.014 0.013 0.012 0.011 0.011 0.010 0.010 0.009 0.008 0.007 0.006 0.006 0.006 0.006 0.007 0.008 0.011 0.015 0.021 0.029 0.040 0.054 0.070 0.091 0.116 0.144 0.175 0.213 0.260 0.311 0.360 0.399 0.425 0.442 0.457 0.475 0.494 0.507 0.505 0.482 0.433 0.361 0.283 0.221 0.174 0.139 0.113 0.093 0.077 0.064 0.052 0.042 0.034 0.027 0.022 0.019 0.017 0.017 0.018 0.019 0.021 0.024 0.028 0.032 0.039 0.050 0.074 0.120 0.203
0.031 0.026 0.022 0.018 0.015 0.012 0.011 0.010 0.009 0.009 0.009 0.009 0.008 0.008 0.007 0.007 0.006 0.006 0.005 0.006 0.007 0.009 0.012 0.018 0.027 0.041 0.061 0.089 0.123 0.164 0.211 0.265 0.323 0.381 0.440 0.502 0.562 0.601 0.609 0.590 0.559 0.534 0.521 0.519 0.522 0.522 0.513 0.484 0.433 0.361 0.282 0.219 0.172 0.136 0.110 0.089 0.072 0.056 0.043 0.033 0.025 0.020 0.016 0.014 0.013 0.012 0.013 0.013 0.015 0.017 0.019 0.022 0.026 0.032 0.042 0.062 0.098
0.013 0.012 0.011 0.010 0.009 0.009 0.008 0.008 0.007 0.007 0.007 0.007 0.007 0.006 0.006 0.006 0.005 0.005 0.006 0.008 0.012 0.019 0.031 0.051 0.082 0.127 0.191 0.272 0.359 0.449 0.543 0.638 0.724 0.790 0.833 0.852 0.842 0.805 0.743 0.669 0.601 0.554 0.530 0.522 0.519 0.515 0.503 0.473 0.422 0.349 0.271 0.208 0.161 0.126 0.098 0.076 0.058 0.042 0.029 0.021 0.015 0.012 0.010 0.009 0.008 0.008 0.008 0.009 0.011 0.012 0.014 0.016 0.019 0.022 0.027 0.036 0.051
0.008 0.008 0.008 0.008 0.007 0.007 0.007 0.006 0.006 0.006 0.006 0.006 0.005 0.005 0.005 0.005 0.006 0.007 0.010 0.017 0.030 0.053 0.093 0.157 0.249 0.376 0.535 0.698 0.843 0.958 1.048 1.103 1.128 1.125 1.099 1.050 0.978 0.884 0.778 0.681 0.604 0.550 0.519 0.501 0.486 0.469 0.446 0.412 0.360 0.290 0.223 0.170 0.129 0.098 0.073 0.052 0.035 0.022 0.014 0.010 0.007 0.006 0.005 0.005 0.005 0.005 0.005 0.006 0.007 0.009 0.010 0.012 0.014 0.016 0.019 0.024 0.031
0.006 0.007 0.007 0.007 0.007 0.006 0.006 0.006 0.006 0.006 0.005 0.005 0.005 0.005 0.005 0.006 0.008 0.013 0.024 0.046 0.087 0.159 0.274 0.437 0.651 0.891 1.119 1.278 1.363 1.399 1.400 1.373 1.327 1.267 1.195 1.109 1.009 0.895 0.779 0.678 0.596 0.531 0.479 0.436 0.396 0.355 0.314 0.271 0.223 0.173 0.132 0.100 0.075 0.055 0.039 0.026 0.016 0.010 0.006 0.004 0.003 0.003 0.002 0.002 0.002 0.003 0.003 0.004 0.005 0.006 0.007 0.008 0.010 0.012 0.014 0.017 0.021
0.005 0.006 0.006 0.007 0.007 0.006 0.006 0.006 0.006 0.006 0.006 0.006 0.006 0.006 0.007 0.010 0.018 0.034 0.068 0.134 0.248 0.423 0.666 0.950 1.223 1.432 1.564 1.625 1.637 1.609 1.551 1.471 1.381 1.294 1.206 1.114 1.011 0.895 0.773 0.664 0.567 0.477 0.392 0.314 0.246 0.194 0.155 0.124 0.098 0.076 0.059 0.046 0.035 0.026 0.018 0.012 0.007 0.004 0.003 0.002 0.001 0.001 0.001 0.001 0.001 0.001 0.002 0.002 0.003 0.004 0.005 0.006 0.007 0.009 0.010 0.012 0.015
0.004 0.005 0.007 0.007 0.008 0.008 0.008 0.008 0.008 0.008 0.009 0.009 0.009 0.010 0.014 0.024 0.046 0.095 0.187 0.343 0.576 0.860 1.143 1.392 1.585 1.703 1.750 1.753 1.732 1.683 1.602 1.496 1.388 1.295 1.206 1.113 1.008 0.885 0.746 0.610 0.482 0.360 0.253 0.173 0.121 0.087 0.066 0.051 0.041 0.033 0.027 0.022 0.017 0.013 0.009 0.006 0.004 0.002 0.001 0.001 0.001 0.000 0.000 0.000 0.000 0.000 0.001 0.001 0.001 0.002 0.003 0.004 0.005 0.006 0.007 0.009 0.011
0.004 0.006 0.009 0.011 0.012 0.013 0.013 0.014 0.015 0.015 0.016 0.017 0.018 0.022 0.032 0.059 0.118 0.230 0.415 0.669 0.944 1.195 1.409 1.585 1.709 1.774 1.791 1.787 1.764 1.711 1.620 1.501 1.382 1.280 1.182 1.078 0.956 0.810 0.642 0.475 0.326 0.209 0.130 0.082 0.055 0.039 0.029 0.024 0.020 0.017 0.015 0.012 0.010 0.007 0.005 0.003 0.002 0.001 0.001 0.000 0.000 0.000 0.000 0.000 0.000 0.000 0.000 0.000 0.001 0.001 0.001 0.002 0.003 0.004 0.005 0.007 0.008
0.005 0.008 0.014 0.020 0.023 0.025 0.027 0.029 0.031 0.032 0.035 0.037 0.041 0.050 0.073 0.129 0.240 0.418 0.657 0.917 1.145 1.333 1.494 1.628 1.726 1.781 1.801 1.802 1.781 1.721 1.621 1.489 1.341 1.196 1.057 0.917 0.766 0.596 0.422 0.273 0.166 0.100 0.060 0.038 0.026 0.020 0.016 0.013 0.012 0.010 0.009 0.008 0.006 0.004 0.003 0.002 0.001 0.001 0.000 0.000 0.000 0.000 0.000 0.000 0.000 0.000 0.000 0.000 0.000 0.000 0.001 0.001 0.002 0.002 0.003 0.004 0.006
0.007 0.015 0.030 0.043 0.050 0.055 0.059 0.063 0.067 0.070 0.073 0.076 0.082 0.095 0.125 0.197 0.332 0.537 0.792 1.025 1.211 1.367 1.507 1.629 1.722 1.778 1.797 1.795 1.766 1.697 1.577 1.410 1.202 0.977 0.771 0.587 0.428 0.295 0.192 0.119 0.072 0.043 0.027 0.019 0.014 0.011 0.010 0.009 0.008 0.007 0.006 0.005 0.004 0.003 0.002 0.001 0.001 0.000 0.000 0.000 0.000 0.000 0.000 0.000 0.000 0.000 0.000 0.000 0.000 0.000 0.000 0.000 0.001 0.001 0.002 0.003 0.004
0.014 0.032 0.063 0.088 0.103 0.111 0.117 0.123 0.127 0.129 0.127 0.122 0.122 0.129 0.156 0.228 0.367 0.578 0.834 1.048 1.221 1.369 1.497 1.600 1.667 1.695 1.686 1.655 1.598 1.503 1.360 1.161 0.898 0.620 0.407 0.265 0.173 0.112 0.072 0.046 0.029 0.019 0.013 0.010 0.008 0.007 0.006 0.006 0.005 0.005 0.004 0.003 0.002 0.002 0.001 0.001 0.000 0.000 0.000 0.000 0.000 0.000 0.000 0.000 0.000 0.000 0.000 0.000 0.000 0.000 0.000 0.000 0.000 0.000 0.001 0.001 0.002
0.030 0.067 0.116 0.148 0.163 0.171 0.176 0.179 0.180 0.177 0.166 0.150 0.143 0.144 0.165 0.232 0.366 0.572 0.823 1.029 1.192 1.320 1.410 1.454 1.451 1.400 1.315 1.225 1.127 1.014 0.876 0.701 0.484 0.295 0.172 0.101 0.061 0.039 0.026 0.017 0.012 0.008 0.006 0.005 0.005 0.004 0.004 0.004 0.003 0.003 0.002 0.002 0.001 0.001 0.000 0.000 0.000 0.000 0.000 0.000 0.000 0.000 0.000 0.000 0.000 0.000 0.000 0.000 0.000 0.000 0.000 0.000 0.000 0.000 0.000 0.001 0.001
