RESULTS/r.avaflow_results/23_results/23_ascii/23_hflow0045.asc
ncols 506
nrows 317
xllcenter 498237.50
yllcenter 5580050.00
cellsize 12.50
NODATA_value -9999.000
[rows 204 to 237 of 317, columns 77 to 153 of 506]
0.008 0.007 0.005 0.004 0.003 0.003 0.003 0.002 0.002 0.002 0.002 0.002 0.002 0.002 0.003 0.003 0.005 0.010 0.023 0.059 0.140 0.290 0.490 0.667 0.788 0.870 0.927 0.970 1.002 1.022 1.036 1.043 1.040 1.020 0.972 0.910 0.875 0.866 0.875 0.896 0.933 0.979 1.006 1.003 0.953 0.843 0.671 0.463 0.292 0.169 0.090 0.045 0.021 0.010 0.004 0.002 0.001 0.001 0.000 0.000 0.000 0.000 0.000 0.000 0.000 0.000 0.001 0.001 0.002 0.002 0.002 0.002 0.003 0.005 0.009 0.019 0.041
0.009 0.007 0.006 0.004 0.004 0.003 0.003 0.003 0.002 0.002 0.002 0.002 0.002 0.002 0.002 0.003 0.004 0.006 0.011 0.020 0.043 0.098 0.194 0.309 0.404 0.474 0.523 0.556 0.577 0.592 0.600 0.601 0.595 0.571 0.524 0.461 0.418 0.397 0.390 0.395 0.414 0.451 0.485 0.500 0.493 0.448 0.355 0.227 0.130 0.070 0.036 0.017 0.008 0.003 0.002 0.001 0.000 0.000 0.000 0.000 0.000 0.000 0.000 0.000 0.000 0.001 0.001 0.001 0.002 0.002 0.002 0.002 0.003 0.005 0.011 0.024 0.050
0.009 0.007 0.006 0.005 0.004 0.004 0.003 0.003 0.002 0.002 0.002 0.002 0.002 0.002 0.002 0.003 0.004 0.006 0.009 0.011 0.015 0.027 0.054 0.101 0.153 0.196 0.227 0.248 0.262 0.270 0.274 0.273 0.269 0.254 0.224 0.183 0.155 0.141 0.136 0.137 0.143 0.160 0.182 0.196 0.199 0.188 0.150 0.090 0.048 0.025 0.012 0.006 0.003 0.001 0.001 0.000 0.000 0.000 0.000 0.000 0.000 0.000 0.000 0.000 0.001 0.001 0.001 0.002 0.002 0.002 0.002 0.002 0.003 0.006 0.012 0.026 0.054
0.010 0.008 0.006 0.005 0.004 0.004 0.003 0.003 0.002 0.002 0.002 0.002 0.002 0.002 0.002 0.003 0.004 0.007 0.008 0.009 0.009 0.010 0.015 0.026 0.044 0.061 0.074 0.082 0.087 0.089 0.090 0.089 0.087 0.083 0.072 0.056 0.047 0.042 0.041 0.041 0.043 0.048 0.056 0.061 0.063 0.061 0.051 0.030 0.016 0.008 0.004 0.002 0.001 0.001 0.000 0.000 0.000 0.000 0.000 0.000 0.000 0.000 0.000 0.000 0.001 0.001 0.001 0.001 0.002 0.001 0.001 0.002 0.003 0.006 0.012 0.026 0.053
0.012 0.009 0.007 0.006 0.005 0.004 0.004 0.003 0.002 0.002 0.002 0.001 0.001 0.002 0.002 0.003 0.005 0.007 0.008 0.008 0.008 0.007 0.007 0.009 0.013 0.018 0.021 0.023 0.025 0.026 0.026 0.026 0.026 0.025 0.023 0.018 0.015 0.013 0.013 0.013 0.013 0.014 0.016 0.018 0.018 0.018 0.015 0.009 0.005 0.002 0.001 0.001 0.000 0.000 0.000 0.000 0.000 0.000 0.000 0.000 0.000 0.000 0.000 0.001 0.001 0.001 0.001 0.001 0.001 0.001 0.001 0.001 0.002 0.005 0.012 0.024 0.048
0.015 0.011 0.009 0.007 0.006 0.005 0.004 0.003 0.002 0.002 0.002 0.001 0.001 0.002 0.002 0.003 0.005 0.007 0.008 0.008 0.007 0.006 0.005 0.005 0.006 0.007 0.008 0.009 0.010 0.012 0.012 0.012 0.012 0.012 0.011 0.009 0.007 0.006 0.006 0.006 0.006 0.007 0.007 0.007 0.006 0.006 0.005 0.003 0.002 0.001 0.001 0.000 0.000 0.000 0.000 0.000 0.000 0.000 0.000 0.000 0.000 0.000 0.001 0.001 0.001 0.001 0.001 0.001 0.001 0.001 0.001 0.001 0.002 0.004 0.009 0.018 0.034
0.020 0.015 0.011 0.009 0.007 0.005 0.004 0.003 0.002 0.002 0.002 0.001 0.001 0.002 0.002 0.003 0.006 0.007 0.008 0.008 0.007 0.006 0.005 0.005 0.005 0.005 0.005 0.006 0.008 0.009 0.010 0.010 0.010 0.010 0.008 0.007 0.006 0.005 0.005 0.005 0.005 0.005 0.005 0.005 0.004 0.003 0.003 0.002 0.001 0.001 0.000 0.000 0.000 0.000 0.000 0.000 0.000 0.000 0.000 0.000 0.000 0.000 0.001 0.001 0.001 0.001 0.001 0.001 0.001 0.001 0.001 0.001 0.001 0.002 0.004 0.009 0.017
0.027 0.021 0.016 0.012 0.009 0.006 0.004 0.003 0.002 0.002 0.002 0.002 0.001 0.002 0.002 0.004 0.006 0.007 0.008 0.007 0.006 0.005 0.005 0.005 0.005 0.005 0.005 0.006 0.008 0.009 0.010 0.010 0.010 0.009 0.008 0.006 0.005 0.005 0.005 0.005 0.005 0.005 0.005 0.005 0.004 0.003 0.002 0.002 0.001 0.001 0.000 0.000 0.000 0.000 0.000 0.000 0.000 0.000 0.000 0.000 0.000 0.001 0.001 0.001 0.001 0.001 0.001 0.001 0.001 0.001 0.001 0.001 0.001 0.001 0.002 0.004 0.007
0.035 0.029 0.022 0.016 0.012 0.008 0.006 0.004 0.003 0.002 0.002 0.002 0.002 0.002 0.002 0.004 0.006 0.007 0.007 0.007 0.006 0.005 0.005 0.005 0.005 0.005 0.006 0.006 0.008 0.009 0.010 0.010 0.010 0.009 0.007 0.006 0.005 0.005 0.005 0.005 0.005 0.006 0.005 0.005 0.004 0.003 0.002 0.002 0.001 0.001 0.000 0.000 0.000 0.000 0.000 0.000 0.000 0.000 0.000 0.000 0.000 0.001 0.001 0.001 0.001 0.001 0.001 0.001 0.001 0.001 0.000 0.000 0.000 0.001 0.001 0.001 0.002
0.041 0.036 0.030 0.023 0.016 0.011 0.007 0.005 0.003 0.003 0.002 0.002 0.002 0.002 0.003 0.004 0.006 0.007 0.006 0.006 0.005 0.005 0.005 0.005 0.005 0.006 0.006 0.007 0.009 0.010 0.010 0.010 0.010 0.008 0.006 0.005 0.005 0.005 0.005 0.005 0.006 0.006 0.006 0.005 0.004 0.003 0.002 0.002 0.001 0.000 0.000 0.000 0.000 0.000 0.000 0.000 0.000 0.000 0.000 0.000 0.001 0.001 0.001 0.001 0.001 0.001 0.001 0.001 0.001 0.000 0.000 0.000 0.000 0.000 0.000 0.001 0.001
0.045 0.042 0.037 0.030 0.023 0.016 0.010 0.007 0.005 0.003 0.003 0.002 0.002 0.002 0.003 0.005 0.006 0.006 0.006 0.005 0.005 0.005 0.005 0.006 0.006 0.006 0.007 0.008 0.009 0.010 0.010 0.010 0.009 0.008 0.006 0.005 0.005 0.004 0.005 0.005 0.006 0.006 0.006 0.005 0.004 0.003 0.002 0.002 0.001 0.000 0.000 0.000 0.000 0.000 0.000 0.000 0.000 0.000 0.000 0.000 0.001 0.001 0.001 0.001 0.001 0.001 0.001 0.001 0.001 0.000 0.000 0.000 0.000 0.000 0.000 0.000 0.000
0.049 0.046 0.041 0.036 0.029 0.021 0.015 0.010 0.006 0.004 0.003 0.003 0.003 0.003 0.004 0.005 0.006 0.006 0.005 0.005 0.005 0.005 0.005 0.006 0.007 0.007 0.008 0.009 0.010 0.010 0.010 0.010 0.009 0.008 0.006 0.005 0.004 0.004 0.005 0.005 0.006 0.006 0.006 0.005 0.004 0.003 0.002 0.001 0.001 0.000 0.000 0.000 0.000 0.000 0.000 0.000 0.000 0.000 0.000 0.001 0.001 0.001 0.001 0.001 0.001 0.001 0.001 0.001 0.001 0.000 0.000 0.000 0.000 0.000 0.000 0.000 0.000
0.051 0.048 0.045 0.040 0.034 0.027 0.019 0.013 0.009 0.006 0.004 0.004 0.004 0.004 0.004 0.005 0.006 0.006 0.005 0.005 0.005 0.005 0.006 0.006 0.007 0.008 0.008 0.009 0.010 0.010 0.010 0.010 0.009 0.007 0.006 0.005 0.004 0.004 0.004 0.005 0.006 0.006 0.006 0.005 0.004 0.003 0.002 0.001 0.001 0.000 0.000 0.000 0.000 0.000 0.000 0.000 0.000 0.000 0.000 0.001 0.001 0.001 0.001 0.001 0.001 0.001 0.001 0.001 0.001 0.000 0.000 0.000 0.000 0.000 0.000 0.000 0.000
0.052 0.050 0.047 0.043 0.038 0.031 0.024 0.017 0.012 0.008 0.006 0.005 0.005 0.005 0.005 0.005 0.006 0.005 0.005 0.005 0.005 0.005 0.006 0.007 0.008 0.008 0.009 0.010 0.010 0.011 0.011 0.010 0.009 0.007 0.005 0.005 0.004 0.004 0.004 0.005 0.005 0.006 0.006 0.005 0.004 0.003 0.002 0.001 0.001 0.000 0.000 0.000 0.000 0.000 0.000 0.000 0.000 0.000 0.000 0.001 0.001 0.001 0.001 0.001 0.001 0.001 0.001 0.001 0.000 0.000 0.000 0.000 0.000 0.000 0.000 0.000 0.000
0.052 0.051 0.048 0.045 0.040 0.034 0.027 0.020 0.015 0.010 0.008 0.006 0.006 0.006 0.006 0.006 0.006 0.005 0.005 0.005 0.005 0.005 0.006 0.007 0.008 0.009 0.009 0.010 0.011 0.011 0.011 0.010 0.008 0.006 0.005 0.004 0.004 0.004 0.004 0.005 0.005 0.006 0.006 0.005 0.004 0.003 0.002 0.001 0.001 0.000 0.000 0.000 0.000 0.000 0.000 0.000 0.000 0.000 0.001 0.001 0.001 0.001 0.001 0.001 0.001 0.001 0.001 0.001 0.000 0.000 0.000 0.000 0.000 0.000 0.000 0.000 0.000
0.053 0.051 0.049 0.045 0.041 0.036 0.029 0.022 0.017 0.013 0.010 0.008 0.007 0.006 0.006 0.006 0.005 0.005 0.005 0.005 0.005 0.005 0.006 0.008 0.009 0.009 0.010 0.010 0.011 0.011 0.011 0.010 0.008 0.006 0.005 0.004 0.004 0.004 0.005 0.005 0.005 0.006 0.006 0.005 0.004 0.003 0.002 0.001 0.001 0.000 0.000 0.000 0.000 0.000 0.000 0.000 0.000 0.001 0.001 0.001 0.001 0.001 0.001 0.001 0.001 0.001 0.001 0.001 0.000 0.000 0.000 0.000 0.000 0.000 0.000 0.000 0.000
0.052 0.051 0.049 0.046 0.042 0.037 0.030 0.024 0.019 0.014 0.011 0.009 0.007 0.007 0.006 0.006 0.005 0.005 0.005 0.005 0.005 0.006 0.007 0.008 0.009 0.010 0.010 0.011 0.011 0.011 0.011 0.009 0.007 0.005 0.004 0.004 0.004 0.004 0.005 0.005 0.006 0.006 0.006 0.005 0.004 0.003 0.002 0.001 0.001 0.000 0.000 0.000 0.000 0.000 0.000 0.000 0.000 0.001 0.001 0.001 0.001 0.001 0.001 0.001 0.001 0.001 0.001 0.001 0.000 0.000 0.000 0.000 0.000 0.000 0.000 0.000 0.000
0.052 0.051 0.049 0.046 0.042 0.037 0.031 0.025 0.020 0.016 0.012 0.010 0.008 0.007 0.006 0.006 0.005 0.005 0.005 0.005 0.005 0.006 0.008 0.009 0.010 0.010 0.011 0.012 0.012 0.012 0.011 0.009 0.006 0.005 0.004 0.004 0.004 0.004 0.005 0.006 0.006 0.006 0.006 0.006 0.005 0.003 0.002 0.001 0.000 0.000 0.000 0.000 0.000 0.000 0.000 0.000 0.000 0.001 0.001 0.001 0.001 0.001 0.001 0.001 0.001 0.001 0.001 0.001 0.000 0.000 0.000 0.000 0.000 0.000 0.000 0.000 0.000
0.051 0.050 0.048 0.045 0.042 0.037 0.032 0.026 0.021 0.016 0.013 0.010 0.009 0.007 0.006 0.006 0.006 0.005 0.005 0.005 0.006 0.006 0.008 0.010 0.011 0.012 0.012 0.013 0.013 0.013 0.011 0.009 0.006 0.004 0.004 0.004 0.004 0.004 0.005 0.006 0.006 0.006 0.006 0.006 0.005 0.003 0.002 0.001 0.000 0.000 0.000 0.000 0.000 0.000 0.000 0.000 0.001 0.001 0.001 0.001 0.001 0.001 0.001 0.001 0.001 0.001 0.001 0.000 0.000 0.000 0.000 0.000 0.000 0.000 0.000 0.000 0.000
0.049 0.048 0.047 0.044 0.041 0.037 0.032 0.026 0.021 0.017 0.014 0.011 0.009 0.008 0.007 0.006 0.006 0.006 0.006 0.006 0.006 0.007 0.009 0.011 0.012 0.013 0.014 0.014 0.014 0.014 0.012 0.008 0.005 0.004 0.004 0.004 0.004 0.005 0.006 0.006 0.006 0.007 0.006 0.006 0.005 0.003 0.002 0.001 0.000 0.000 0.000 0.000 0.000 0.000 0.000 0.000 0.001 0.001 0.001 0.001 0.001 0.001 0.001 0.001 0.001 0.001 0.001 0.000 0.000 0.000 0.000 0.000 0.000 0.000 0.000 0.000 0.000
0.047 0.046 0.045 0.043 0.040 0.036 0.031 0.026 0.021 0.017 0.014 0.011 0.009 0.008 0.007 0.006 0.006 0.006 0.006 0.006 0.006 0.007 0.009 0.012 0.014 0.015 0.016 0.016 0.016 0.014 0.011 0.007 0.005 0.004 0.004 0.004 0.004 0.005 0.006 0.006 0.007 0.007 0.007 0.006 0.005 0.003 0.002 0.001 0.001 0.000 0.000 0.000 0.000 0.000 0.000 0.001 0.001 0.001 0.001 0.001 0.001 0.001 0.001 0.001 0.001 0.001 0.001 0.000 0.000 0.000 0.000 0.000 0.000 0.000 0.000 0.000 0.000
0.043 0.042 0.042 0.040 0.038 0.035 0.031 0.026 0.021 0.017 0.014 0.011 0.009 0.008 0.007 0.006 0.006 0.006 0.006 0.006 0.007 0.008 0.010 0.013 0.015 0.016 0.017 0.017 0.017 0.015 0.011 0.007 0.005 0.004 0.004 0.004 0.004 0.005 0.006 0.007 0.007 0.007 0.006 0.006 0.004 0.003 0.002 0.001 0.000 0.000 0.000 0.000 0.000 0.000 0.000 0.001 0.001 0.001 0.001 0.001 0.001 0.001 0.001 0.001 0.001 0.001 0.001 0.000 0.000 0.000 0.000 0.000 0.000 0.000 0.000 0.000 0.000
0.038 0.038 0.038 0.037 0.035 0.032 0.029 0.025 0.021 0.017 0.014 0.011 0.009 0.008 0.007 0.006 0.006 0.006 0.006 0.006 0.007 0.008 0.011 0.014 0.016 0.018 0.018 0.018 0.017 0.014 0.010 0.006 0.005 0.004 0.004 0.004 0.004 0.006 0.006 0.007 0.007 0.007 0.006 0.005 0.004 0.002 0.001 0.001 0.000 0.000 0.001 0.000 0.000 0.000 0.000 0.001 0.001 0.001 0.001 0.001 0.001 0.001 0.001 0.001 0.001 0.001 0.000 0.000 0.000 0.000 0.000 0.000 0.000 0.000 0.000 0.000 0.000
0.033 0.033 0.032 0.032 0.031 0.029 0.027 0.024 0.020 0.016 0.013 0.011 0.009 0.007 0.007 0.006 0.006 0.006 0.006 0.006 0.007 0.009 0.012 0.015 0.017 0.019 0.019 0.019 0.018 0.014 0.009 0.006 0.004 0.004 0.004 0.004 0.005 0.006 0.007 0.007 0.007 0.007 0.006 0.005 0.004 0.002 0.001 0.001 0.000 0.000 0.000 0.000 0.000 0.000 0.000 0.001 0.001 0.001 0.001 0.001 0.001 0.001 0.001 0.001 0.001 0.001 0.000 0.000 0.000 0.000 0.000 0.000 0.000 0.000 0.000 0.000 0.000
0.026 0.026 0.026 0.026 0.026 0.025 0.023 0.021 0.018 0.015 0.012 0.010 0.008 0.007 0.006 0.006 0.005 0.005 0.005 0.006 0.007 0.009 0.013 0.016 0.019 0.020 0.021 0.020 0.018 0.014 0.009 0.006 0.004 0.004 0.004 0.004 0.005 0.006 0.007 0.007 0.007 0.007 0.007 0.005 0.003 0.002 0.001 0.001 0.000 0.000 0.000 0.000 0.000 0.000 0.001 0.001 0.001 0.002 0.002 0.002 0.002 0.001 0.001 0.001 0.001 0.001 0.000 0.000 0.000 0.000 0.000 0.000 0.000 0.000 0.000 0.000 0.000
0.021 0.021 0.021 0.020 0.020 0.020 0.019 0.018 0.016 0.014 0.011 0.009 0.007 0.006 0.005 0.005 0.004 0.004 0.004 0.005 0.006 0.009 0.013 0.017 0.020 0.022 0.022 0.022 0.019 0.014 0.008 0.006 0.004 0.004 0.004 0.004 0.005 0.006 0.007 0.008 0.008 0.008 0.007 0.005 0.003 0.002 0.001 0.001 0.000 0.000 0.000 0.000 0.000 0.000 0.001 0.001 0.001 0.002 0.002 0.002 0.002 0.002 0.001 0.001 0.001 0.000 0.000 0.000 0.000 0.000 0.000 0.000 0.000 0.000 0.000 0.000 0.000
0.016 0.016 0.016 0.016 0.015 0.015 0.014 0.014 0.013 0.011 0.009 0.007 0.006 0.005 0.004 0.003 0.003 0.003 0.003 0.004 0.006 0.009 0.013 0.018 0.021 0.023 0.023 0.022 0.019 0.013 0.008 0.006 0.004 0.004 0.004 0.004 0.005 0.006 0.008 0.008 0.008 0.008 0.007 0.005 0.003 0.002 0.001 0.001 0.000 0.000 0.000 0.000 0.000 0.000 0.001 0.001 0.001 0.002 0.002 0.002 0.002 0.002 0.001 0.001 0.001 0.000 0.000 0.000 0.000 0.000 0.000 0.000 0.000 0.000 0.000 0.000 0.000
0.011 0.012 0.011 0.011 0.011 0.011 0.011 0.010 0.009 0.008 0.007 0.005 0.004 0.003 0.003 0.002 0.002 0.002 0.002 0.003 0.005 0.008 0.013 0.018 0.022 0.023 0.024 0.022 0.019 0.013 0.008 0.006 0.005 0.004 0.004 0.005 0.005 0.007 0.008 0.009 0.009 0.009 0.008 0.005 0.003 0.002 0.001 0.001 0.001 0.000 0.000 0.000 0.000 0.001 0.001 0.001 0.002 0.002 0.002 0.002 0.002 0.002 0.001 0.001 0.000 0.000 0.000 0.000 0.000 0.000 0.000 0.000 0.000 0.000 0.000 0.000 0.000
0.008 0.008 0.008 0.008 0.008 0.008 0.007 0.007 0.006 0.006 0.005 0.004 0.003 0.002 0.002 0.001 0.001 0.001 0.002 0.003 0.005 0.008 0.012 0.018 0.022 0.024 0.024 0.022 0.019 0.013 0.009 0.006 0.005 0.005 0.005 0.005 0.006 0.007 0.009 0.009 0.009 0.009 0.008 0.005 0.003 0.002 0.001 0.001 0.001 0.000 0.000 0.000 0.000 0.001 0.001 0.001 0.002 0.002 0.002 0.002 0.002 0.002 0.001 0.001 0.000 0.000 0.000 0.000 0.000 0.000 0.000 0.000 0.000 0.000 0.000 0.000 0.000
0.005 0.005 0.005 0.005 0.005 0.005 0.005 0.005 0.004 0.004 0.003 0.002 0.002 0.001 0.001 0.001 0.001 0.001 0.001 0.002 0.004 0.007 0.012 0.018 0.022 0.024 0.024 0.022 0.019 0.014 0.009 0.007 0.006 0.005 0.005 0.005 0.006 0.008 0.010 0.010 0.010 0.010 0.008 0.005 0.003 0.001 0.001 0.001 0.001 0.001 0.000 0.001 0.001 0.001 0.001 0.001 0.002 0.002 0.002 0.002 0.002 0.002 0.001 0.001 0.000 0.000 0.000 0.000 0.000 0.000 0.000 0.000 0.000 0.000 0.000 0.000 0.000
0.003 0.003 0.003 0.003 0.003 0.003 0.003 0.003 0.002 0.002 0.002 0.001 0.001 0.001 0.000 0.000 0.001 0.001 0.001 0.002 0.004 0.007 0.011 0.018 0.022 0.023 0.023 0.022 0.019 0.015 0.010 0.008 0.007 0.006 0.006 0.006 0.007 0.009 0.010 0.011 0.011 0.010 0.007 0.004 0.002 0.001 0.001 0.001 0.001 0.001 0.001 0.001 0.001 0.001 0.001 0.001 0.002 0.002 0.002 0.002 0.002 0.002 0.001 0.001 0.000 0.000 0.000 0.000 0.000 0.000 0.000 0.000 0.000 0.000 0.000 0.000 0.000
0.002 0.002 0.002 0.002 0.001 0.001 0.001 0.001 0.001 0.001 0.001 0.001 0.000 0.000 0.000 0.000 0.000 0.001 0.001 0.002 0.003 0.006 0.010 0.017 0.021 0.023 0.023 0.022 0.020 0.016 0.012 0.009 0.008 0.007 0.007 0.007 0.008 0.010 0.011 0.011 0.011 0.010 0.006 0.003 0.002 0.001 0.001 0.001 0.001 0.001 0.001 0.001 0.001 0.001 0.001 0.002 0.002 0.002 0.002 0.002 0.002 0.002 0.001 0.000 0.000 0.000 0.000 0.000 0.000 0.000 0.000 0.000 0.000 0.000 0.000 0.000 0.000
0.000 0.000 0.000 0.000 0.000 0.000 0.000 0.000 0.000 0.000 0.000 0.000 0.000 0.000 0.000 0.000 0.000 0.000 0.001 0.001 0.002 0.005 0.009 0.015 0.020 0.023 0.023 0.023 0.021 0.018 0.013 0.010 0.009 0.008 0.008 0.008 0.009 0.011 0.012 0.012 0.011 0.009 0.005 0.003 0.001 0.001 0.001 0.001 0.001 0.001 0.001 0.001 0.001 0.001 0.002 0.002 0.003 0.003 0.003 0.002 0.002 0.001 0.001 0.000 0.000 0.000 0.000 0.000 0.000 0.000 0.000 0.000 0.000 0.000 0.000 0.000 0.000
0.000 0.000 0.000 0.000 0.000 0.000 0.000 0.000 0.000 0.000 0.000 0.000 0.000 0.000 0.000 0.000 0.000 0.000 0.000 0.001 0.001 0.003 0.006 0.012 0.018 0.023 0.025 0.025 0.024 0.021 0.016 0.012 0.010 0.009 0.009 0.010 0.011 0.012 0.013 0.013 0.012 0.008 0.004 0.002 0.001 0.001 0.001 0.001 0.001 0.001 0.001 0.001 0.001 0.001 0.002 0.003 0.003 0.003 0.003 0.002 0.002 0.001 0.001 0.000 0.000 0.000 0.000 0.000 0.000 0.000 0.000 0.000 0.000 0.000 0.000 0.000 0.000
