RESULTS/r.avaflow_results/23_results/23_ascii/23_hflow10058.asc
ncols 506
nrows 317
xllcenter 498237.50
yllcenter 5580050.00
cellsize 12.50
NODATA_value -9999.000
[rows 170 to 203 of 317, columns 154 to 230 of 506]
3.855 3.526 3.218 2.930 2.668 2.430 2.213 2.015 1.831 1.658 1.495 1.340 1.195 1.059 0.931 0.810 0.696 0.589 0.492 0.407 0.331 0.266 0.209 0.163 0.125 0.096 0.075 0.063 0.058 0.056 0.055 0.055 0.055 0.055 0.055 0.055 0.055 0.055 0.054 0.052 0.048 0.044 0.040 0.037 0.033 0.029 0.024 0.020 0.016 0.013 0.010 0.008 0.007 0.006 0.005 0.005 0.004 0.004 0.005 0.005 0.005 0.005 0.005 0.005 0.005 0.005 0.005 0.005 0.007 0.010 0.014 0.016 0.016 0.015 0.013 0.009 0.006
4.133 3.831 3.547 3.274 3.018 2.776 2.549 2.337 2.136 1.947 1.767 1.594 1.432 1.277 1.132 0.993 0.860 0.734 0.616 0.508 0.413 0.330 0.260 0.202 0.154 0.117 0.090 0.072 0.064 0.062 0.061 0.062 0.062 0.061 0.060 0.059 0.058 0.057 0.055 0.051 0.047 0.042 0.038 0.034 0.030 0.025 0.019 0.014 0.010 0.007 0.005 0.004 0.004 0.003 0.003 0.003 0.003 0.004 0.004 0.004 0.004 0.004 0.003 0.003 0.003 0.003 0.003 0.004 0.005 0.007 0.011 0.013 0.015 0.015 0.014 0.012 0.009
4.350 4.075 3.810 3.551 3.302 3.061 2.831 2.616 2.409 2.211 2.021 1.837 1.659 1.486 1.318 1.159 1.007 0.865 0.733 0.613 0.503 0.406 0.321 0.249 0.189 0.142 0.106 0.082 0.069 0.064 0.063 0.063 0.063 0.062 0.061 0.059 0.057 0.055 0.052 0.048 0.042 0.036 0.032 0.027 0.022 0.016 0.011 0.007 0.005 0.003 0.003 0.002 0.002 0.002 0.002 0.003 0.003 0.003 0.003 0.003 0.003 0.003 0.003 0.003 0.002 0.002 0.002 0.003 0.003 0.005 0.008 0.011 0.013 0.014 0.014 0.013 0.012
4.502 4.254 4.007 3.761 3.525 3.295 3.075 2.863 2.656 2.455 2.260 2.065 1.875 1.685 1.497 1.316 1.143 0.983 0.836 0.702 0.582 0.474 0.379 0.297 0.227 0.170 0.126 0.094 0.074 0.065 0.063 0.062 0.061 0.061 0.059 0.057 0.053 0.050 0.046 0.039 0.031 0.025 0.019 0.015 0.011 0.007 0.005 0.003 0.002 0.002 0.002 0.002 0.002 0.002 0.002 0.002 0.003 0.003 0.003 0.003 0.003 0.003 0.002 0.002 0.002 0.002 0.002 0.002 0.003 0.003 0.005 0.008 0.011 0.013 0.014 0.014 0.013
4.589 4.363 4.139 3.916 3.701 3.487 3.279 3.076 2.875 2.676 2.477 2.277 2.077 1.871 1.661 1.456 1.262 1.084 0.922 0.776 0.645 0.528 0.424 0.334 0.257 0.193 0.143 0.106 0.081 0.066 0.060 0.058 0.056 0.055 0.052 0.049 0.044 0.040 0.033 0.025 0.018 0.012 0.009 0.007 0.005 0.003 0.002 0.002 0.001 0.001 0.001 0.001 0.001 0.002 0.002 0.002 0.002 0.003 0.003 0.003 0.003 0.002 0.002 0.002 0.002 0.002 0.002 0.002 0.002 0.002 0.003 0.005 0.009 0.012 0.013 0.013 0.013
4.626 4.422 4.223 4.026 3.833 3.639 3.445 3.256 3.063 2.869 2.670 2.467 2.258 2.038 1.806 1.575 1.360 1.165 0.989 0.831 0.691 0.567 0.457 0.360 0.278 0.209 0.155 0.114 0.085 0.067 0.057 0.051 0.047 0.043 0.039 0.034 0.029 0.024 0.018 0.013 0.009 0.006 0.004 0.003 0.002 0.002 0.001 0.001 0.001 0.001 0.001 0.001 0.001 0.002 0.002 0.002 0.002 0.003 0.003 0.003 0.002 0.002 0.002 0.002 0.002 0.002 0.002 0.002 0.002 0.002 0.003 0.004 0.006 0.010 0.012 0.013 0.013
4.632 4.445 4.269 4.096 3.925 3.751 3.575 3.399 3.217 3.032 2.839 2.636 2.416 2.180 1.924 1.667 1.433 1.222 1.034 0.868 0.721 0.592 0.478 0.377 0.290 0.218 0.161 0.118 0.087 0.066 0.052 0.043 0.035 0.028 0.022 0.018 0.015 0.012 0.009 0.006 0.004 0.003 0.002 0.002 0.001 0.001 0.001 0.001 0.001 0.001 0.001 0.001 0.001 0.002 0.002 0.002 0.003 0.003 0.003 0.003 0.002 0.002 0.002 0.002 0.002 0.002 0.001 0.001 0.002 0.002 0.002 0.003 0.004 0.007 0.010 0.011 0.012
4.630 4.449 4.290 4.139 3.988 3.836 3.676 3.514 3.345 3.171 2.984 2.780 2.549 2.296 2.014 1.732 1.479 1.255 1.058 0.886 0.736 0.605 0.488 0.385 0.295 0.221 0.163 0.119 0.087 0.064 0.046 0.033 0.023 0.016 0.011 0.008 0.007 0.005 0.004 0.003 0.002 0.002 0.001 0.001 0.001 0.001 0.001 0.001 0.001 0.001 0.001 0.001 0.002 0.002 0.002 0.002 0.003 0.003 0.003 0.003 0.003 0.002 0.002 0.002 0.002 0.002 0.001 0.001 0.001 0.002 0.002 0.002 0.003 0.005 0.007 0.009 0.010
4.611 4.441 4.296 4.159 4.026 3.894 3.755 3.610 3.457 3.294 3.114 2.906 2.665 2.390 2.080 1.774 1.505 1.269 1.066 0.890 0.740 0.608 0.490 0.386 0.294 0.218 0.158 0.114 0.081 0.056 0.037 0.023 0.013 0.008 0.005 0.004 0.003 0.003 0.002 0.002 0.001 0.001 0.001 0.001 0.001 0.001 0.001 0.001 0.001 0.001 0.001 0.002 0.002 0.002 0.003 0.003 0.003 0.003 0.003 0.003 0.003 0.002 0.002 0.002 0.002 0.002 0.001 0.001 0.001 0.001 0.002 0.002 0.002 0.003 0.005 0.007 0.008
4.576 4.422 4.288 4.164 4.049 3.937 3.820 3.698 3.564 3.411 3.232 3.018 2.763 2.464 2.127 1.802 1.519 1.274 1.065 0.888 0.735 0.601 0.482 0.374 0.280 0.202 0.140 0.095 0.063 0.039 0.022 0.012 0.007 0.004 0.003 0.002 0.002 0.002 0.001 0.001 0.001 0.001 0.001 0.001 0.001 0.001 0.001 0.001 0.001 0.001 0.002 0.002 0.003 0.003 0.003 0.004 0.004 0.004 0.003 0.003 0.003 0.003 0.002 0.002 0.002 0.002 0.001 0.001 0.001 0.001 0.002 0.002 0.002 0.003 0.004 0.005 0.006
4.519 4.381 4.264 4.156 4.058 3.968 3.875 3.778 3.661 3.517 3.335 3.112 2.841 2.519 2.158 1.822 1.529 1.275 1.059 0.874 0.713 0.572 0.447 0.336 0.241 0.163 0.102 0.060 0.033 0.019 0.010 0.006 0.003 0.002 0.002 0.001 0.001 0.001 0.001 0.001 0.001 0.001 0.001 0.001 0.001 0.001 0.001 0.001 0.001 0.002 0.002 0.003 0.004 0.004 0.004 0.005 0.005 0.004 0.004 0.004 0.003 0.003 0.003 0.002 0.002 0.002 0.002 0.001 0.001 0.001 0.002 0.002 0.002 0.002 0.003 0.004 0.005
4.433 4.315 4.217 4.131 4.056 3.991 3.924 3.848 3.744 3.603 3.414 3.178 2.888 2.549 2.176 1.834 1.533 1.270 1.041 0.839 0.660 0.502 0.366 0.255 0.166 0.098 0.052 0.026 0.013 0.007 0.004 0.003 0.002 0.001 0.001 0.001 0.001 0.001 0.001 0.001 0.001 0.001 0.001 0.001 0.001 0.001 0.001 0.001 0.002 0.002 0.003 0.004 0.005 0.006 0.006 0.006 0.006 0.006 0.005 0.005 0.004 0.004 0.003 0.002 0.002 0.002 0.002 0.002 0.001 0.001 0.002 0.002 0.002 0.002 0.003 0.003 0.004
4.321 4.224 4.149 4.090 4.041 3.997 3.954 3.895 3.801 3.655 3.458 3.210 2.907 2.558 2.182 1.837 1.528 1.247 0.990 0.755 0.543 0.362 0.223 0.130 0.074 0.039 0.019 0.009 0.005 0.003 0.002 0.002 0.001 0.001 0.001 0.001 0.001 0.001 0.001 0.001 0.001 0.001 0.001 0.001 0.001 0.001 0.001 0.002 0.002 0.003 0.004 0.006 0.008 0.009 0.009 0.009 0.009 0.008 0.007 0.006 0.005 0.004 0.004 0.003 0.002 0.002 0.002 0.002 0.002 0.002 0.002 0.002 0.002 0.002 0.003 0.003 0.004
4.185 4.112 4.059 4.027 4.008 3.990 3.968 3.914 3.821 3.672 3.466 3.206 2.891 2.534 2.155 1.797 1.461 1.139 0.833 0.555 0.328 0.172 0.086 0.044 0.023 0.012 0.006 0.003 0.002 0.002 0.001 0.001 0.001 0.001 0.001 0.001 0.001 0.001 0.001 0.001 0.001 0.001 0.001 0.001 0.001 0.002 0.002 0.002 0.003 0.005 0.007 0.010 0.012 0.013 0.014 0.014 0.013 0.012 0.010 0.008 0.007 0.005 0.004 0.003 0.003 0.002 0.002 0.002 0.002 0.002 0.002 0.002 0.002 0.002 0.003 0.003 0.004
4.027 3.977 3.943 3.925 3.916 3.906 3.891 3.838 3.750 3.599 3.376 3.087 2.741 2.356 1.959 1.570 1.189 0.819 0.495 0.257 0.119 0.053 0.024 0.013 0.007 0.004 0.003 0.002 0.001 0.001 0.001 0.001 0.001 0.001 0.001 0.001 0.001 0.001 0.001 0.001 0.001 0.001 0.001 0.002 0.002 0.002 0.003 0.004 0.006 0.009 0.013 0.018 0.021 0.023 0.023 0.022 0.020 0.017 0.014 0.011 0.009 0.007 0.005 0.004 0.003 0.003 0.002 0.002 0.002 0.002 0.002 0.002 0.002 0.002 0.003 0.003 0.004
3.845 3.813 3.768 3.707 3.629 3.563 3.507 3.435 3.345 3.201 2.974 2.657 2.256 1.811 1.387 0.992 0.637 0.354 0.171 0.073 0.030 0.013 0.007 0.004 0.003 0.002 0.002 0.001 0.001 0.001 0.001 0.001 0.001 0.001 0.001 0.001 0.001 0.001 0.001 0.001 0.002 0.002 0.002 0.002 0.003 0.003 0.005 0.007 0.011 0.019 0.028 0.036 0.040 0.041 0.040 0.036 0.030 0.024 0.019 0.015 0.012 0.009 0.007 0.005 0.004 0.003 0.003 0.002 0.002 0.002 0.002 0.002 0.002 0.002 0.003 0.003 0.004
3.577 3.495 3.357 3.161 2.922 2.724 2.567 2.437 2.320 2.184 1.981 1.682 1.283 0.878 0.576 0.360 0.202 0.097 0.041 0.017 0.008 0.004 0.003 0.002 0.002 0.002 0.001 0.001 0.001 0.001 0.001 0.001 0.001 0.001 0.002 0.002 0.002 0.002 0.002 0.002 0.002 0.003 0.003 0.004 0.005 0.006 0.010 0.016 0.028 0.045 0.061 0.071 0.075 0.074 0.066 0.055 0.044 0.035 0.028 0.021 0.016 0.012 0.009 0.007 0.005 0.004 0.003 0.003 0.002 0.002 0.002 0.002 0.002 0.003 0.003 0.004 0.005
3.032 2.801 2.497 2.128 1.754 1.461 1.259 1.120 1.013 0.914 0.796 0.638 0.439 0.268 0.158 0.090 0.047 0.022 0.010 0.005 0.003 0.002 0.002 0.002 0.002 0.002 0.002 0.002 0.002 0.002 0.002 0.002 0.002 0.002 0.002 0.002 0.002 0.003 0.003 0.003 0.004 0.005 0.006 0.008 0.011 0.016 0.026 0.044 0.071 0.100 0.120 0.128 0.122 0.105 0.086 0.070 0.057 0.046 0.036 0.028 0.021 0.015 0.011 0.008 0.006 0.004 0.003 0.003 0.002 0.002 0.002 0.002 0.002 0.003 0.003 0.005 0.006
2.077 1.725 1.388 1.085 0.827 0.626 0.485 0.392 0.328 0.276 0.226 0.171 0.110 0.065 0.038 0.022 0.012 0.006 0.004 0.002 0.002 0.002 0.002 0.002 0.002 0.002 0.002 0.002 0.002 0.002 0.002 0.002 0.003 0.003 0.003 0.004 0.004 0.005 0.006 0.008 0.009 0.012 0.016 0.021 0.029 0.045 0.074 0.116 0.158 0.187 0.197 0.181 0.151 0.120 0.096 0.078 0.064 0.052 0.041 0.032 0.023 0.017 0.012 0.009 0.006 0.004 0.003 0.003 0.002 0.002 0.002 0.002 0.002 0.003 0.003 0.005 0.007
1.070 0.838 0.643 0.479 0.345 0.241 0.171 0.126 0.097 0.077 0.059 0.042 0.027 0.017 0.010 0.006 0.004 0.003 0.002 0.002 0.002 0.002 0.002 0.002 0.002 0.002 0.002 0.002 0.003 0.003 0.004 0.004 0.005 0.006 0.007 0.009 0.011 0.013 0.017 0.021 0.027 0.035 0.045 0.061 0.085 0.126 0.188 0.246 0.276 0.278 0.251 0.205 0.160 0.126 0.101 0.082 0.068 0.055 0.044 0.033 0.024 0.018 0.012 0.009 0.006 0.004 0.003 0.003 0.002 0.002 0.002 0.002 0.002 0.002 0.003 0.005 0.007
0.456 0.345 0.258 0.187 0.128 0.085 0.057 0.039 0.029 0.022 0.017 0.012 0.008 0.006 0.004 0.003 0.003 0.002 0.002 0.002 0.002 0.002 0.002 0.002 0.003 0.003 0.004 0.004 0.005 0.006 0.008 0.010 0.013 0.016 0.020 0.025 0.031 0.039 0.050 0.063 0.080 0.102 0.130 0.166 0.216 0.284 0.346 0.374 0.368 0.331 0.270 0.209 0.163 0.129 0.103 0.084 0.069 0.056 0.044 0.034 0.025 0.018 0.013 0.009 0.006 0.004 0.003 0.003 0.002 0.002 0.002 0.002 0.002 0.002 0.003 0.004 0.006
0.169 0.127 0.093 0.066 0.044 0.029 0.019 0.013 0.010 0.008 0.006 0.005 0.004 0.003 0.003 0.002 0.002 0.002 0.002 0.002 0.002 0.002 0.003 0.003 0.004 0.006 0.007 0.010 0.013 0.017 0.022 0.029 0.038 0.048 0.059 0.073 0.093 0.118 0.147 0.179 0.214 0.254 0.297 0.341 0.387 0.428 0.450 0.445 0.410 0.347 0.272 0.210 0.164 0.130 0.104 0.085 0.069 0.056 0.044 0.034 0.025 0.018 0.013 0.009 0.006 0.004 0.003 0.002 0.002 0.002 0.002 0.001 0.001 0.002 0.002 0.003 0.005
0.059 0.044 0.032 0.023 0.016 0.011 0.008 0.006 0.005 0.004 0.004 0.003 0.003 0.003 0.003 0.002 0.002 0.002 0.002 0.002 0.003 0.004 0.005 0.007 0.009 0.013 0.019 0.028 0.038 0.052 0.069 0.089 0.114 0.142 0.173 0.210 0.256 0.307 0.355 0.392 0.418 0.434 0.448 0.464 0.482 0.494 0.491 0.468 0.419 0.349 0.272 0.211 0.165 0.130 0.105 0.085 0.069 0.055 0.043 0.033 0.024 0.017 0.012 0.008 0.006 0.004 0.003 0.002 0.002 0.001 0.001 0.001 0.001 0.001 0.001 0.002 0.003
0.020 0.016 0.012 0.009 0.007 0.006 0.005 0.004 0.004 0.003 0.003 0.003 0.003 0.003 0.003 0.002 0.002 0.003 0.003 0.003 0.005 0.007 0.011 0.017 0.026 0.040 0.060 0.087 0.121 0.161 0.207 0.261 0.318 0.376 0.434 0.496 0.554 0.592 0.600 0.580 0.550 0.524 0.511 0.508 0.509 0.508 0.499 0.471 0.420 0.349 0.271 0.210 0.163 0.129 0.103 0.083 0.066 0.051 0.038 0.028 0.020 0.014 0.010 0.007 0.005 0.003 0.002 0.002 0.001 0.001 0.001 0.001 0.001 0.001 0.001 0.001 0.001
0.008 0.007 0.006 0.005 0.005 0.004 0.004 0.004 0.003 0.003 0.003 0.003 0.003 0.003 0.003 0.003 0.003 0.003 0.004 0.006 0.010 0.017 0.030 0.049 0.080 0.125 0.188 0.268 0.354 0.443 0.536 0.630 0.715 0.780 0.822 0.841 0.831 0.794 0.732 0.658 0.591 0.543 0.519 0.511 0.507 0.502 0.490 0.461 0.410 0.338 0.261 0.201 0.155 0.120 0.094 0.072 0.054 0.038 0.026 0.018 0.012 0.008 0.006 0.005 0.003 0.002 0.002 0.001 0.001 0.001 0.001 0.001 0.001 0.001 0.001 0.001 0.001
0.005 0.005 0.005 0.004 0.004 0.004 0.004 0.004 0.003 0.003 0.003 0.003 0.003 0.003 0.003 0.003 0.004 0.005 0.009 0.015 0.028 0.051 0.091 0.154 0.246 0.371 0.528 0.690 0.833 0.947 1.036 1.090 1.115 1.112 1.085 1.037 0.965 0.872 0.767 0.671 0.593 0.540 0.509 0.491 0.476 0.458 0.436 0.402 0.350 0.282 0.216 0.165 0.125 0.095 0.070 0.049 0.033 0.021 0.013 0.008 0.006 0.004 0.003 0.002 0.002 0.001 0.001 0.001 0.001 0.001 0.001 0.001 0.001 0.001 0.001 0.001 0.001
0.003 0.004 0.004 0.004 0.004 0.004 0.004 0.004 0.004 0.004 0.004 0.003 0.003 0.003 0.004 0.005 0.007 0.012 0.023 0.044 0.085 0.157 0.270 0.432 0.644 0.881 1.106 1.264 1.349 1.384 1.385 1.358 1.312 1.253 1.181 1.096 0.996 0.883 0.767 0.668 0.586 0.522 0.471 0.428 0.388 0.348 0.308 0.265 0.218 0.169 0.128 0.097 0.073 0.053 0.037 0.024 0.015 0.009 0.005 0.003 0.002 0.002 0.001 0.001 0.001 0.001 0.001 0.000 0.000 0.000 0.000 0.000 0.000 0.000 0.000 0.000 0.001
0.003 0.004 0.004 0.005 0.005 0.005 0.005 0.005 0.005 0.005 0.005 0.005 0.005 0.005 0.006 0.009 0.017 0.033 0.067 0.132 0.245 0.418 0.658 0.940 1.210 1.417 1.547 1.608 1.620 1.593 1.535 1.455 1.366 1.279 1.192 1.100 0.998 0.882 0.762 0.654 0.558 0.469 0.386 0.309 0.242 0.191 0.152 0.122 0.095 0.074 0.058 0.045 0.034 0.025 0.017 0.011 0.007 0.004 0.002 0.001 0.001 0.001 0.001 0.000 0.000 0.000 0.000 0.000 0.000 0.000 0.000 0.000 0.000 0.000 0.000 0.000 0.000
0.003 0.004 0.005 0.006 0.007 0.007 0.007 0.007 0.007 0.007 0.007 0.008 0.008 0.009 0.013 0.022 0.045 0.093 0.184 0.339 0.569 0.851 1.132 1.378 1.569 1.686 1.732 1.735 1.714 1.665 1.586 1.481 1.374 1.280 1.192 1.100 0.995 0.873 0.735 0.601 0.475 0.355 0.249 0.170 0.118 0.085 0.064 0.050 0.040 0.032 0.026 0.021 0.016 0.012 0.008 0.005 0.003 0.002 0.001 0.001 0.000 0.000 0.000 0.000 0.000 0.000 0.000 0.000 0.000 0.000 0.000 0.000 0.000 0.000 0.000 0.000 0.000
0.003 0.005 0.007 0.010 0.011 0.011 0.012 0.013 0.013 0.014 0.015 0.016 0.017 0.021 0.031 0.057 0.116 0.228 0.410 0.662 0.935 1.184 1.396 1.569 1.692 1.756 1.773 1.769 1.747 1.693 1.604 1.486 1.368 1.267 1.169 1.066 0.945 0.800 0.634 0.469 0.322 0.206 0.128 0.081 0.053 0.038 0.029 0.023 0.019 0.016 0.014 0.011 0.009 0.007 0.004 0.003 0.002 0.001 0.000 0.000 0.000 0.000 0.000 0.000 0.000 0.000 0.000 0.000 0.000 0.000 0.000 0.000 0.000 0.000 0.000 0.000 0.000
0.004 0.007 0.013 0.019 0.022 0.024 0.026 0.028 0.030 0.031 0.034 0.036 0.040 0.049 0.071 0.127 0.238 0.414 0.651 0.909 1.134 1.321 1.480 1.613 1.709 1.764 1.783 1.784 1.763 1.705 1.606 1.475 1.328 1.184 1.046 0.907 0.758 0.590 0.417 0.270 0.164 0.098 0.059 0.037 0.025 0.019 0.015 0.013 0.011 0.010 0.008 0.007 0.006 0.004 0.003 0.002 0.001 0.000 0.000 0.000 0.000 0.000 0.000 0.000 0.000 0.000 0.000 0.000 0.000 0.000 0.000 0.000 0.000 0.000 0.000 0.000 0.000
0.006 0.014 0.029 0.042 0.049 0.054 0.058 0.062 0.066 0.069 0.072 0.075 0.081 0.094 0.124 0.195 0.329 0.532 0.786 1.017 1.201 1.355 1.493 1.614 1.706 1.761 1.781 1.779 1.750 1.681 1.563 1.397 1.192 0.969 0.764 0.582 0.424 0.292 0.190 0.118 0.071 0.043 0.027 0.018 0.013 0.011 0.009 0.008 0.007 0.006 0.006 0.005 0.004 0.003 0.002 0.001 0.000 0.000 0.000 0.000 0.000 0.000 0.000 0.000 0.000 0.000 0.000 0.000 0.000 0.000 0.000 0.000 0.000 0.000 0.000 0.000 0.000
0.013 0.032 0.063 0.088 0.102 0.110 0.116 0.122 0.126 0.128 0.126 0.121 0.121 0.128 0.154 0.226 0.364 0.573 0.827 1.039 1.211 1.357 1.484 1.586 1.653 1.681 1.672 1.641 1.585 1.491 1.349 1.152 0.891 0.615 0.403 0.263 0.171 0.111 0.071 0.045 0.028 0.018 0.012 0.009 0.007 0.006 0.006 0.005 0.005 0.004 0.004 0.003 0.002 0.001 0.001 0.000 0.000 0.000 0.000 0.000 0.000 0.000 0.000 0.000 0.000 0.000 0.000 0.000 0.000 0.000 0.000 0.000 0.000 0.000 0.000 0.000 0.000
0.029 0.067 0.115 0.147 0.162 0.170 0.175 0.178 0.179 0.176 0.165 0.149 0.142 0.143 0.163 0.230 0.364 0.568 0.817 1.021 1.183 1.310 1.399 1.442 1.439 1.390 1.306 1.216 1.119 1.007 0.870 0.696 0.480 0.293 0.171 0.100 0.060 0.038 0.025 0.017 0.011 0.008 0.006 0.005 0.004 0.004 0.004 0.004 0.003 0.003 0.002 0.002 0.001 0.001 0.000 0.000 0.000 0.000 0.000 0.000 0.000 0.000 0.000 0.000 0.000 0.000 0.000 0.000 0.000 0.000 0.000 0.000 0.000 0.000 0.000 0.000 0.000
