RESULTS/r.avaflow_results/23_results/23_ascii/23_hflow10008.asc
ncols 506
nrows 317
xllcenter 498237.50
yllcenter 5580050.00
cellsize 12.50
NODATA_value -9999.000
[rows 170 to 203 of 317, columns 77 to 153 of 506]
0.000 0.000 0.000 0.000 0.000 0.000 0.000 0.000 0.000 0.000 0.000 0.000 0.000 0.000 0.000 0.000 0.000 0.000 0.000 0.000 0.000 0.003 0.010 0.034 0.104 0.258 0.518 0.880 1.238 1.521 1.781 2.050 2.341 2.657 2.997 3.369 3.778 4.257 4.914 5.547 5.878 6.045 6.188 6.442 6.963 7.875 8.680 9.388 10.078 10.571 10.971 11.365 11.894 12.920 14.411 15.212 15.684 16.350 17.103 17.385 16.939 15.328 13.198 11.452 9.857 8.367 7.025 5.853 4.818 3.878 3.065 2.414 1.919 1.550 1.273 1.057 0.883
0.000 0.000 0.000 0.000 0.000 0.000 0.000 0.000 0.000 0.000 0.000 0.000 0.000 0.000 0.000 0.000 0.000 0.000 0.000 0.000 0.002 0.007 0.026 0.082 0.226 0.509 0.963 1.573 2.084 2.448 2.764 3.059 3.331 3.601 3.891 4.226 4.618 5.093 5.730 6.333 6.692 6.957 7.249 7.639 8.225 9.134 10.002 10.891 11.806 12.444 12.851 13.171 13.478 13.881 14.595 15.171 15.598 16.299 17.263 17.680 17.374 15.929 13.919 12.290 10.876 9.603 8.413 7.234 6.028 4.918 4.007 3.282 2.714 2.270 1.921 1.640 1.406
0.000 0.000 0.000 0.000 0.000 0.000 0.000 0.000 0.000 0.000 0.000 0.000 0.000 0.000 0.000 0.000 0.000 0.000 0.000 0.001 0.003 0.013 0.047 0.148 0.393 0.864 1.617 2.543 3.195 3.611 3.907 4.119 4.290 4.463 4.672 4.942 5.287 5.706 6.240 6.826 7.285 7.704 8.167 8.732 9.500 10.472 11.385 12.438 13.507 14.235 14.609 14.761 14.750 14.441 14.073 14.168 14.472 15.300 16.635 17.290 17.077 15.782 13.930 12.448 11.282 10.311 9.406 8.493 7.502 6.454 5.482 4.654 3.954 3.367 2.899 2.523 2.208
0.000 0.000 0.000 0.000 0.000 0.000 0.000 0.000 0.000 0.000 0.000 0.000 0.000 0.000 0.000 0.000 0.000 0.000 0.000 0.001 0.003 0.015 0.055 0.177 0.479 1.092 2.135 3.416 4.235 4.656 4.866 4.975 5.055 5.147 5.288 5.471 5.719 6.051 6.471 7.024 7.604 8.203 8.832 9.581 10.504 11.570 12.652 13.789 14.780 15.422 15.715 15.740 15.419 14.589 13.154 12.184 11.976 12.595 14.139 15.354 15.387 14.604 13.329 12.225 11.338 10.607 9.951 9.280 8.556 7.740 6.870 6.074 5.400 4.803 4.257 3.771 3.352
0.000 0.000 0.000 0.000 0.000 0.000 0.000 0.000 0.000 0.000 0.000 0.000 0.000 0.000 0.000 0.000 0.000 0.000 0.000 0.001 0.003 0.015 0.054 0.175 0.486 1.148 2.329 3.911 4.977 5.459 5.620 5.664 5.672 5.663 5.716 5.834 5.988 6.215 6.545 7.028 7.646 8.336 9.104 10.012 11.066 12.240 13.467 14.568 15.347 15.789 15.966 15.925 15.394 14.223 12.071 9.633 8.104 7.678 8.493 10.152 11.140 11.323 10.986 10.598 10.370 10.235 9.976 9.556 9.008 8.364 7.620 6.909 6.347 5.921 5.561 5.209 4.830
0.000 0.000 0.000 0.000 0.000 0.000 0.000 0.000 0.000 0.000 0.000 0.000 0.000 0.000 0.000 0.000 0.000 0.000 0.000 0.001 0.003 0.011 0.042 0.141 0.415 1.051 2.247 3.963 5.303 5.983 6.199 6.223 6.174 6.058 6.019 6.085 6.200 6.325 6.554 6.934 7.468 8.167 9.022 10.036 11.174 12.434 13.661 14.656 15.257 15.479 15.463 15.149 14.298 12.708 10.157 6.771 4.282 3.177 3.076 3.795 4.698 5.146 5.412 5.735 6.329 7.288 8.231 8.716 8.723 8.370 7.813 7.203 6.748 6.472 6.329 6.238 6.122
0.000 0.000 0.000 0.000 0.000 0.000 0.000 0.000 0.000 0.000 0.000 0.000 0.000 0.000 0.000 0.000 0.000 0.000 0.000 0.001 0.003 0.009 0.031 0.101 0.306 0.817 1.891 3.649 5.284 6.231 6.606 6.652 6.573 6.411 6.297 6.287 6.339 6.394 6.504 6.725 7.086 7.690 8.565 9.709 10.975 12.281 13.337 14.008 14.299 14.186 13.711 12.618 10.970 8.714 6.085 3.510 1.900 1.202 1.041 1.151 1.492 1.708 1.835 1.986 2.287 2.888 3.890 5.021 6.010 6.639 6.857 6.763 6.606 6.526 6.555 6.710 6.902
0.000 0.000 0.000 0.000 0.000 0.000 0.000 0.000 0.000 0.000 0.000 0.000 0.000 0.000 0.000 0.000 0.000 0.000 0.001 0.002 0.004 0.010 0.030 0.093 0.274 0.724 1.682 3.342 5.138 6.314 6.856 6.972 6.919 6.762 6.543 6.417 6.385 6.401 6.442 6.543 6.778 7.293 8.119 9.252 10.500 11.632 12.314 12.528 12.435 11.737 10.111 7.578 5.278 3.560 2.268 1.355 0.844 0.652 0.622 0.662 0.787 0.921 1.012 1.087 1.158 1.268 1.476 1.828 2.315 2.886 3.510 4.139 4.733 5.324 5.900 6.529 7.093
0.000 0.000 0.000 0.000 0.000 0.000 0.000 0.000 0.000 0.000 0.000 0.000 0.000 0.000 0.000 0.000 0.000 0.001 0.001 0.003 0.005 0.012 0.034 0.100 0.283 0.727 1.658 3.267 5.093 6.363 7.031 7.242 7.229 7.052 6.707 6.460 6.369 6.348 6.367 6.459 6.655 7.137 8.002 9.019 9.938 10.564 10.795 10.622 9.844 7.855 5.372 3.361 2.122 1.407 0.955 0.672 0.530 0.491 0.500 0.553 0.657 0.778 0.872 0.941 0.985 1.010 1.025 1.040 1.068 1.147 1.290 1.521 1.878 2.439 3.308 4.559 5.977
0.000 0.000 0.000 0.000 0.000 0.000 0.000 0.000 0.000 0.000 0.000 0.000 0.000 0.000 0.000 0.000 0.001 0.001 0.002 0.004 0.007 0.017 0.047 0.130 0.342 0.819 1.759 3.341 5.169 6.487 7.218 7.465 7.450 7.216 6.785 6.468 6.346 6.319 6.327 6.425 6.645 7.130 8.068 8.927 9.389 9.533 9.320 8.452 6.515 4.276 2.746 1.831 1.232 0.856 0.623 0.488 0.430 0.420 0.435 0.490 0.586 0.703 0.797 0.866 0.908 0.924 0.924 0.906 0.870 0.843 0.826 0.829 0.871 0.984 1.239 1.796 2.945
0.000 0.000 0.000 0.000 0.000 0.000 0.000 0.000 0.000 0.000 0.000 0.000 0.000 0.000 0.000 0.001 0.001 0.002 0.003 0.005 0.010 0.025 0.069 0.185 0.458 1.016 2.023 3.635 5.409 6.696 7.414 7.615 7.573 7.314 6.860 6.498 6.363 6.346 6.356 6.443 6.707 7.325 8.185 8.781 8.906 8.653 7.793 5.839 3.780 2.544 1.815 1.277 0.894 0.645 0.493 0.408 0.375 0.371 0.388 0.442 0.536 0.652 0.741 0.803 0.839 0.853 0.853 0.834 0.799 0.772 0.750 0.736 0.731 0.739 0.765 0.855 1.128
0.000 0.000 0.000 0.000 0.000 0.000 0.000 0.000 0.000 0.000 0.000 0.000 0.000 0.000 0.001 0.001 0.002 0.003 0.004 0.006 0.015 0.039 0.106 0.273 0.635 1.302 2.370 3.950 5.600 6.790 7.498 7.707 7.660 7.430 7.038 6.668 6.502 6.482 6.517 6.636 6.963 7.654 8.185 8.427 8.355 7.645 5.718 3.531 2.417 1.849 1.389 0.998 0.707 0.520 0.410 0.354 0.334 0.333 0.351 0.403 0.495 0.613 0.701 0.757 0.787 0.798 0.797 0.776 0.744 0.725 0.710 0.696 0.689 0.687 0.700 0.747 0.814
0.000 0.000 0.000 0.000 0.000 0.000 0.000 0.000 0.000 0.000 0.000 0.000 0.000 0.001 0.001 0.002 0.002 0.003 0.005 0.009 0.023 0.064 0.173 0.421 0.910 1.714 2.791 4.134 5.641 6.787 7.497 7.776 7.777 7.637 7.382 7.076 6.887 6.826 6.877 7.108 7.440 7.880 8.027 7.847 7.263 5.652 3.544 2.347 1.846 1.495 1.150 0.825 0.581 0.429 0.349 0.314 0.302 0.303 0.322 0.374 0.461 0.578 0.668 0.721 0.746 0.752 0.748 0.723 0.694 0.678 0.669 0.659 0.651 0.649 0.669 0.733 0.791
0.000 0.000 0.000 0.000 0.000 0.000 0.000 0.000 0.000 0.000 0.000 0.000 0.001 0.001 0.002 0.002 0.003 0.004 0.006 0.015 0.041 0.114 0.293 0.666 1.317 2.261 3.267 4.280 5.540 6.688 7.419 7.838 7.975 7.928 7.814 7.637 7.512 7.464 7.550 7.745 7.859 7.895 7.692 6.879 5.103 3.292 2.285 1.840 1.551 1.289 0.993 0.701 0.489 0.364 0.303 0.281 0.276 0.280 0.302 0.351 0.433 0.547 0.640 0.691 0.713 0.717 0.705 0.673 0.650 0.636 0.627 0.620 0.616 0.619 0.655 0.733 0.777
0.000 0.000 0.000 0.000 0.000 0.000 0.000 0.000 0.000 0.000 0.000 0.001 0.002 0.002 0.002 0.003 0.004 0.005 0.010 0.026 0.075 0.203 0.493 1.028 1.829 2.771 3.628 4.422 5.363 6.501 7.325 7.847 8.189 8.293 8.294 8.278 8.309 8.354 8.421 8.326 8.045 7.633 6.749 4.963 3.052 2.134 1.776 1.548 1.344 1.135 0.875 0.606 0.422 0.318 0.270 0.255 0.254 0.263 0.288 0.336 0.414 0.522 0.613 0.662 0.680 0.681 0.661 0.625 0.608 0.601 0.593 0.587 0.586 0.600 0.655 0.732 0.762
0.000 0.000 0.000 0.000 0.000 0.000 0.000 0.000 0.000 0.000 0.001 0.002 0.002 0.003 0.003 0.003 0.004 0.007 0.017 0.050 0.142 0.362 0.794 1.474 2.334 3.160 3.896 4.583 5.309 6.347 7.301 7.896 8.359 8.670 8.870 9.050 9.195 9.256 9.105 8.634 7.862 6.571 4.733 2.989 2.077 1.697 1.494 1.334 1.174 0.996 0.766 0.530 0.370 0.281 0.242 0.233 0.235 0.247 0.275 0.325 0.401 0.502 0.581 0.624 0.639 0.637 0.611 0.576 0.567 0.566 0.564 0.560 0.564 0.591 0.659 0.720 0.736
0.000 0.000 0.000 0.000 0.000 0.000 0.000 0.000 0.000 0.001 0.002 0.002 0.003 0.003 0.004 0.004 0.006 0.011 0.031 0.097 0.271 0.636 1.228 1.968 2.757 3.480 4.126 4.763 5.403 6.260 7.264 7.940 8.467 8.990 9.444 9.783 9.916 9.810 9.311 8.370 6.746 4.650 2.997 2.107 1.686 1.467 1.319 1.183 1.039 0.874 0.665 0.466 0.328 0.248 0.215 0.207 0.210 0.225 0.258 0.312 0.392 0.484 0.546 0.577 0.587 0.584 0.562 0.535 0.528 0.530 0.535 0.542 0.557 0.590 0.656 0.698 0.702
0.000 0.000 0.000 0.000 0.000 0.000 0.000 0.000 0.001 0.002 0.003 0.003 0.004 0.004 0.005 0.006 0.008 0.019 0.058 0.185 0.499 1.083 1.811 2.495 3.141 3.778 4.390 4.974 5.559 6.280 7.166 7.875 8.468 9.134 9.775 10.109 10.112 9.719 8.604 6.663 4.571 3.053 2.208 1.727 1.473 1.330 1.212 1.090 0.949 0.777 0.581 0.416 0.299 0.228 0.196 0.188 0.189 0.201 0.231 0.289 0.376 0.464 0.516 0.540 0.545 0.536 0.514 0.501 0.495 0.496 0.504 0.523 0.552 0.588 0.642 0.674 0.672
0.000 0.000 0.000 0.000 0.000 0.000 0.001 0.001 0.002 0.003 0.003 0.004 0.005 0.005 0.006 0.008 0.013 0.033 0.107 0.334 0.860 1.719 2.475 3.016 3.518 4.081 4.720 5.299 5.775 6.314 6.993 7.667 8.362 9.107 9.710 9.868 9.478 8.106 5.990 4.079 3.030 2.382 1.848 1.516 1.351 1.242 1.139 1.022 0.876 0.693 0.513 0.374 0.275 0.213 0.183 0.175 0.176 0.188 0.218 0.275 0.356 0.433 0.485 0.502 0.502 0.490 0.468 0.461 0.461 0.461 0.470 0.497 0.538 0.580 0.617 0.636 0.640
0.000 0.000 0.000 0.000 0.000 0.001 0.001 0.002 0.003 0.004 0.004 0.005 0.006 0.008 0.010 0.013 0.023 0.058 0.187 0.565 1.395 2.466 3.152 3.560 3.927 4.427 5.096 5.642 6.004 6.303 6.721 7.293 8.055 8.710 8.973 8.556 6.982 4.892 3.480 2.854 2.493 2.067 1.620 1.375 1.263 1.181 1.087 0.963 0.799 0.617 0.461 0.342 0.257 0.202 0.175 0.167 0.168 0.179 0.210 0.270 0.350 0.406 0.443 0.462 0.465 0.455 0.430 0.418 0.417 0.423 0.440 0.475 0.523 0.575 0.613 0.628 0.629
0.000 0.000 0.000 0.000 0.001 0.002 0.002 0.003 0.004 0.005 0.006 0.007 0.009 0.012 0.015 0.022 0.040 0.101 0.307 0.875 2.053 3.251 3.862 4.187 4.484 4.949 5.533 5.918 6.128 6.246 6.417 6.792 7.420 7.721 7.233 5.623 3.860 2.919 2.584 2.405 2.180 1.794 1.426 1.258 1.179 1.115 1.039 0.916 0.735 0.553 0.419 0.316 0.241 0.193 0.169 0.161 0.162 0.173 0.205 0.265 0.345 0.398 0.423 0.435 0.440 0.431 0.401 0.386 0.385 0.393 0.419 0.463 0.516 0.569 0.615 0.634 0.629
0.000 0.000 0.000 0.001 0.002 0.003 0.004 0.005 0.006 0.007 0.009 0.011 0.015 0.019 0.026 0.038 0.068 0.166 0.471 1.258 2.744 4.047 4.646 4.956 5.276 5.771 6.131 6.233 6.177 6.132 6.136 6.253 6.408 5.955 4.622 3.220 2.586 2.386 2.275 2.143 1.907 1.532 1.273 1.157 1.100 1.049 0.979 0.851 0.658 0.492 0.374 0.288 0.224 0.183 0.162 0.155 0.155 0.168 0.203 0.265 0.341 0.392 0.415 0.423 0.421 0.406 0.377 0.363 0.361 0.370 0.404 0.460 0.518 0.568 0.603 0.615 0.608
0.000 0.000 0.001 0.002 0.003 0.005 0.006 0.007 0.008 0.011 0.014 0.018 0.025 0.033 0.043 0.060 0.107 0.256 0.692 1.733 3.519 4.908 5.556 5.951 6.340 6.670 6.719 6.479 6.180 5.954 5.755 5.518 4.833 3.740 2.798 2.390 2.259 2.194 2.114 1.965 1.692 1.356 1.178 1.099 1.049 0.996 0.904 0.756 0.572 0.431 0.329 0.251 0.195 0.162 0.148 0.144 0.147 0.164 0.206 0.274 0.344 0.388 0.408 0.412 0.408 0.388 0.360 0.349 0.349 0.360 0.396 0.461 0.525 0.570 0.594 0.595 0.581
0.001 0.001 0.003 0.004 0.005 0.007 0.009 0.011 0.013 0.017 0.022 0.029 0.037 0.045 0.056 0.080 0.152 0.377 0.995 2.350 4.487 6.044 6.778 7.187 7.410 7.345 7.032 6.539 6.090 5.627 5.011 4.012 2.949 2.360 2.195 2.145 2.120 2.080 1.983 1.788 1.481 1.226 1.108 1.056 1.011 0.948 0.841 0.678 0.500 0.371 0.283 0.219 0.172 0.144 0.133 0.132 0.139 0.160 0.206 0.278 0.346 0.384 0.400 0.402 0.395 0.371 0.345 0.334 0.335 0.355 0.399 0.464 0.533 0.576 0.593 0.592 0.573
0.002 0.003 0.004 0.006 0.008 0.011 0.013 0.016 0.020 0.026 0.031 0.037 0.044 0.052 0.065 0.099 0.205 0.541 1.425 3.214 5.662 7.339 8.040 8.229 8.129 7.715 7.102 6.446 5.728 4.776 3.481 2.333 1.893 1.926 2.009 2.023 2.013 1.972 1.857 1.619 1.317 1.139 1.056 1.013 0.971 0.897 0.778 0.604 0.439 0.329 0.253 0.198 0.157 0.132 0.123 0.121 0.128 0.150 0.197 0.273 0.340 0.374 0.384 0.385 0.378 0.353 0.330 0.323 0.327 0.355 0.411 0.479 0.545 0.589 0.598 0.592 0.575
0.003 0.005 0.007 0.009 0.012 0.016 0.020 0.025 0.029 0.034 0.038 0.043 0.049 0.058 0.076 0.126 0.291 0.804 2.084 4.490 7.010 8.412 8.845 8.828 8.439 7.751 6.911 5.925 4.622 3.110 1.927 1.504 1.597 1.823 1.921 1.941 1.927 1.862 1.706 1.429 1.178 1.061 1.005 0.959 0.911 0.841 0.719 0.543 0.394 0.297 0.230 0.180 0.145 0.123 0.115 0.114 0.120 0.142 0.190 0.266 0.329 0.360 0.371 0.370 0.359 0.334 0.318 0.315 0.325 0.364 0.438 0.512 0.566 0.601 0.611 0.607 0.598
0.005 0.008 0.010 0.013 0.017 0.022 0.028 0.032 0.036 0.040 0.043 0.048 0.054 0.066 0.095 0.182 0.467 1.288 3.192 6.037 8.136 9.056 9.188 8.970 8.297 7.238 5.872 4.257 2.640 1.588 1.210 1.251 1.556 1.817 1.878 1.884 1.859 1.761 1.558 1.276 1.083 0.994 0.952 0.919 0.873 0.796 0.667 0.492 0.358 0.270 0.210 0.167 0.135 0.117 0.109 0.108 0.116 0.140 0.189 0.266 0.324 0.350 0.356 0.354 0.340 0.319 0.310 0.312 0.331 0.385 0.473 0.546 0.595 0.626 0.638 0.643 0.649
0.008 0.011 0.014 0.018 0.024 0.030 0.034 0.038 0.042 0.045 0.049 0.054 0.062 0.082 0.138 0.314 0.835 2.161 4.764 7.311 8.650 9.132 9.113 8.502 7.161 5.311 3.417 2.008 1.246 0.977 1.004 1.225 1.581 1.805 1.861 1.853 1.803 1.672 1.420 1.154 1.016 0.956 0.923 0.895 0.851 0.764 0.619 0.451 0.330 0.250 0.196 0.156 0.127 0.111 0.105 0.105 0.113 0.140 0.195 0.269 0.321 0.343 0.346 0.340 0.323 0.309 0.306 0.311 0.341 0.415 0.519 0.591 0.638 0.674 0.698 0.718 0.743
0.012 0.015 0.019 0.024 0.031 0.037 0.041 0.044 0.047 0.051 0.055 0.063 0.078 0.117 0.235 0.592 1.556 3.644 6.210 7.840 8.629 8.762 8.032 6.232 4.168 2.476 1.462 0.984 0.827 0.837 0.977 1.307 1.627 1.770 1.815 1.803 1.733 1.569 1.281 1.046 0.951 0.919 0.900 0.872 0.823 0.731 0.575 0.408 0.300 0.231 0.183 0.148 0.121 0.106 0.101 0.102 0.111 0.140 0.203 0.279 0.324 0.341 0.342 0.334 0.317 0.308 0.306 0.318 0.363 0.453 0.570 0.653 0.706 0.747 0.787 0.831 0.886
0.016 0.020 0.025 0.032 0.039 0.044 0.047 0.050 0.053 0.057 0.065 0.080 0.114 0.200 0.441 1.129 2.852 5.200 6.848 7.731 7.973 7.094 4.868 2.794 1.686 1.104 0.835 0.745 0.746 0.820 1.017 1.369 1.624 1.704 1.723 1.720 1.652 1.456 1.154 0.966 0.896 0.879 0.872 0.858 0.807 0.700 0.535 0.379 0.281 0.220 0.175 0.140 0.115 0.102 0.098 0.099 0.110 0.143 0.210 0.289 0.332 0.345 0.344 0.332 0.316 0.311 0.315 0.340 0.404 0.514 0.635 0.727 0.801 0.865 0.924 0.987 1.044
0.021 0.026 0.033 0.040 0.047 0.051 0.053 0.056 0.060 0.067 0.082 0.116 0.193 0.380 0.856 2.089 4.233 5.932 6.770 7.011 6.147 4.035 2.168 1.322 0.947 0.785 0.720 0.707 0.733 0.838 1.066 1.405 1.609 1.672 1.674 1.649 1.549 1.325 1.038 0.896 0.857 0.852 0.853 0.840 0.788 0.677 0.503 0.354 0.262 0.206 0.167 0.134 0.110 0.098 0.095 0.097 0.110 0.146 0.219 0.298 0.340 0.352 0.351 0.337 0.324 0.323 0.335 0.374 0.455 0.587 0.726 0.826 0.910 0.993 1.055 1.103 1.136
0.028 0.035 0.042 0.048 0.053 0.056 0.059 0.063 0.070 0.086 0.118 0.191 0.354 0.726 1.575 3.182 4.931 5.868 6.166 5.599 3.821 2.058 1.265 0.925 0.775 0.711 0.691 0.696 0.737 0.853 1.096 1.429 1.599 1.641 1.638 1.590 1.453 1.183 0.933 0.831 0.814 0.823 0.829 0.820 0.769 0.653 0.475 0.335 0.250 0.196 0.157 0.127 0.104 0.093 0.091 0.094 0.110 0.152 0.229 0.306 0.344 0.355 0.353 0.343 0.337 0.340 0.361 0.418 0.522 0.670 0.824 0.943 1.020 1.082 1.127 1.145 1.153
0.037 0.044 0.050 0.055 0.059 0.062 0.066 0.074 0.090 0.123 0.192 0.335 0.635 1.254 2.405 3.867 4.893 5.270 5.048 3.962 2.310 1.380 0.986 0.807 0.718 0.679 0.671 0.687 0.741 0.866 1.117 1.426 1.578 1.613 1.605 1.546 1.369 1.065 0.855 0.781 0.773 0.792 0.804 0.796 0.749 0.632 0.450 0.320 0.242 0.191 0.152 0.122 0.101 0.090 0.088 0.091 0.110 0.158 0.242 0.314 0.349 0.358 0.356 0.351 0.352 0.363 0.400 0.484 0.627 0.787 0.918 1.030 1.103 1.133 1.147 1.141 1.097
0.044 0.052 0.057 0.061 0.064 0.068 0.076 0.091 0.123 0.187 0.311 0.549 0.981 1.750 2.975 4.010 4.390 4.365 3.936 2.761 1.629 1.114 0.870 0.742 0.677 0.654 0.654 0.675 0.738 0.875 1.140 1.423 1.553 1.591 1.584 1.496 1.267 0.959 0.798 0.747 0.744 0.768 0.784 0.774 0.722 0.602 0.422 0.303 0.233 0.185 0.149 0.119 0.098 0.087 0.085 0.089 0.110 0.164 0.255 0.327 0.358 0.367 0.365 0.363 0.368 0.392 0.454 0.569 0.738 0.887 0.987 1.070 1.129 1.144 1.122 1.039 0.844
