RESULTS/r.avaflow_results/23_results/23_ascii/23_hflow10024.asc
ncols 506
nrows 317
xllcenter 498237.50
yllcenter 5580050.00
cellsize 12.50
NODATA_value -9999.000
[rows 170 to 203 of 317, columns 77 to 153 of 506]
0.000 0.000 0.000 0.000 0.000 0.000 0.000 0.000 0.000 0.000 0.000 0.000 0.001 0.002 0.004 0.007 0.011 0.015 0.020 0.026 0.036 0.056 0.103 0.201 0.367 0.560 0.706 0.828 0.950 1.076 1.209 1.354 1.515 1.695 1.902 2.145 2.429 2.681 2.848 2.930 2.953 2.920 2.895 3.080 3.647 4.519 5.425 6.306 7.207 8.175 9.256 10.474 11.713 12.701 13.211 13.270 13.191 13.126 13.119 13.078 13.016 12.870 12.612 12.235 11.731 11.101 10.337 9.454 8.482 7.491 6.592 5.786 5.066 4.412 3.825 3.304 2.861
0.000 0.000 0.000 0.000 0.000 0.000 0.000 0.000 0.000 0.000 0.000 0.001 0.003 0.007 0.013 0.021 0.030 0.040 0.053 0.070 0.097 0.147 0.242 0.400 0.612 0.801 0.947 1.081 1.216 1.355 1.503 1.664 1.840 2.035 2.258 2.512 2.803 3.105 3.351 3.506 3.594 3.641 3.726 4.125 4.966 6.108 7.148 8.131 9.094 10.068 11.045 12.019 12.858 13.375 13.532 13.487 13.432 13.399 13.393 13.346 13.266 13.094 12.830 12.452 11.930 11.291 10.500 9.603 8.611 7.667 6.835 6.100 5.453 4.865 4.339 3.851 3.404
0.000 0.000 0.000 0.000 0.000 0.000 0.000 0.000 0.000 0.000 0.002 0.005 0.010 0.018 0.030 0.044 0.061 0.083 0.111 0.149 0.206 0.301 0.457 0.671 0.884 1.052 1.201 1.348 1.497 1.650 1.812 1.986 2.174 2.377 2.606 2.867 3.166 3.500 3.829 4.106 4.327 4.522 4.784 5.427 6.486 7.687 8.714 9.716 10.677 11.587 12.382 13.030 13.441 13.576 13.561 13.516 13.503 13.487 13.465 13.423 13.340 13.194 12.932 12.537 12.011 11.376 10.589 9.683 8.692 7.791 7.004 6.324 5.736 5.213 4.751 4.337 3.949
0.000 0.000 0.000 0.000 0.000 0.000 0.000 0.000 0.000 0.001 0.005 0.010 0.020 0.034 0.052 0.074 0.103 0.140 0.190 0.257 0.353 0.494 0.688 0.921 1.127 1.303 1.467 1.626 1.785 1.949 2.118 2.297 2.489 2.699 2.936 3.208 3.521 3.880 4.276 4.681 5.080 5.490 5.965 6.774 7.879 9.014 10.030 10.985 11.848 12.613 13.179 13.549 13.651 13.615 13.544 13.505 13.493 13.487 13.463 13.431 13.356 13.213 12.952 12.562 12.043 11.403 10.619 9.714 8.735 7.860 7.101 6.458 5.914 5.446 5.041 4.691 4.373
0.000 0.000 0.000 0.000 0.000 0.000 0.000 0.000 0.000 0.002 0.007 0.015 0.028 0.047 0.071 0.104 0.146 0.201 0.273 0.367 0.494 0.665 0.885 1.138 1.362 1.559 1.740 1.912 2.078 2.245 2.415 2.596 2.789 3.004 3.245 3.528 3.857 4.247 4.700 5.200 5.734 6.315 6.984 7.901 9.004 10.066 11.038 11.888 12.598 13.173 13.534 13.692 13.682 13.605 13.501 13.461 13.454 13.459 13.444 13.410 13.343 13.198 12.940 12.552 12.037 11.397 10.623 9.721 8.751 7.883 7.135 6.507 6.002 5.581 5.234 4.938 4.674
0.000 0.000 0.000 0.000 0.000 0.000 0.000 0.000 0.000 0.003 0.008 0.018 0.033 0.055 0.086 0.127 0.183 0.255 0.349 0.469 0.626 0.827 1.076 1.354 1.601 1.820 2.018 2.202 2.375 2.542 2.711 2.889 3.079 3.290 3.533 3.820 4.170 4.592 5.090 5.657 6.285 6.985 7.791 8.790 9.871 10.839 11.706 12.408 12.965 13.365 13.591 13.671 13.661 13.568 13.434 13.354 13.342 13.343 13.342 13.335 13.274 13.128 12.871 12.485 11.978 11.349 10.591 9.701 8.734 7.877 7.134 6.514 6.023 5.635 5.330 5.084 4.864
0.000 0.000 0.000 0.000 0.000 0.000 0.000 0.000 0.001 0.003 0.009 0.019 0.035 0.060 0.095 0.144 0.212 0.302 0.419 0.568 0.757 0.993 1.275 1.580 1.851 2.091 2.304 2.496 2.673 2.843 3.011 3.182 3.361 3.562 3.804 4.095 4.457 4.901 5.429 6.041 6.743 7.537 8.441 9.502 10.505 11.360 12.076 12.642 13.080 13.385 13.549 13.594 13.577 13.491 13.336 13.203 13.164 13.163 13.178 13.173 13.120 12.974 12.710 12.330 11.832 11.220 10.474 9.597 8.648 7.810 7.086 6.486 6.005 5.634 5.354 5.144 4.969
0.000 0.000 0.000 0.000 0.000 0.000 0.000 0.000 0.001 0.003 0.009 0.019 0.036 0.061 0.099 0.153 0.231 0.338 0.482 0.666 0.895 1.170 1.494 1.827 2.120 2.375 2.598 2.798 2.978 3.148 3.314 3.475 3.639 3.829 4.061 4.350 4.710 5.159 5.705 6.356 7.120 7.993 8.988 10.037 10.939 11.685 12.283 12.753 13.111 13.353 13.465 13.485 13.458 13.372 13.200 13.013 12.928 12.910 12.928 12.925 12.876 12.719 12.444 12.054 11.554 10.942 10.201 9.345 8.439 7.636 6.953 6.389 5.940 5.596 5.342 5.154 5.010
0.000 0.000 0.000 0.000 0.000 0.000 0.000 0.000 0.000 0.003 0.008 0.018 0.035 0.061 0.100 0.156 0.239 0.361 0.534 0.764 1.045 1.375 1.748 2.105 2.416 2.683 2.913 3.115 3.294 3.458 3.615 3.768 3.922 4.094 4.305 4.571 4.913 5.358 5.915 6.604 7.430 8.382 9.424 10.397 11.219 11.874 12.388 12.782 13.089 13.272 13.344 13.351 13.312 13.207 13.025 12.789 12.653 12.615 12.612 12.588 12.508 12.319 12.024 11.615 11.094 10.465 9.731 8.905 8.071 7.337 6.714 6.204 5.804 5.508 5.293 5.135 5.021
0.000 0.000 0.000 0.000 0.000 0.000 0.000 0.000 0.000 0.002 0.007 0.016 0.032 0.058 0.097 0.155 0.241 0.370 0.566 0.849 1.213 1.630 2.043 2.420 2.747 3.025 3.257 3.455 3.628 3.782 3.926 4.067 4.208 4.357 4.537 4.767 5.077 5.503 6.067 6.781 7.666 8.696 9.733 10.637 11.375 11.960 12.421 12.767 13.013 13.145 13.191 13.188 13.131 13.003 12.803 12.528 12.346 12.267 12.217 12.136 11.990 11.750 11.411 10.963 10.407 9.758 9.035 8.263 7.533 6.896 6.361 5.930 5.604 5.369 5.205 5.087 5.004
0.000 0.000 0.000 0.000 0.000 0.000 0.000 0.000 0.000 0.001 0.004 0.010 0.024 0.047 0.085 0.143 0.230 0.362 0.568 0.887 1.348 1.913 2.388 2.782 3.121 3.404 3.636 3.827 3.990 4.132 4.260 4.381 4.498 4.619 4.767 4.953 5.208 5.594 6.147 6.871 7.827 8.944 9.947 10.795 11.462 11.993 12.396 12.688 12.884 12.974 12.997 12.983 12.909 12.767 12.541 12.228 11.984 11.831 11.702 11.544 11.319 10.996 10.581 10.063 9.462 8.796 8.102 7.431 6.834 6.323 5.902 5.577 5.343 5.178 5.067 4.997 4.955
0.000 0.000 0.000 0.000 0.000 0.000 0.000 0.000 0.000 0.000 0.002 0.005 0.012 0.027 0.056 0.106 0.185 0.311 0.517 0.854 1.376 2.109 2.757 3.194 3.544 3.832 4.065 4.249 4.398 4.523 4.628 4.716 4.800 4.892 5.005 5.142 5.324 5.647 6.169 6.886 7.878 9.080 10.078 10.872 11.488 11.977 12.324 12.549 12.688 12.748 12.745 12.710 12.626 12.469 12.218 11.877 11.558 11.310 11.081 10.827 10.498 10.070 9.547 8.924 8.241 7.570 6.959 6.434 6.002 5.647 5.362 5.150 5.006 4.919 4.872 4.850 4.852
0.000 0.000 0.000 0.000 0.000 0.000 0.000 0.000 0.000 0.000 0.001 0.001 0.004 0.010 0.023 0.050 0.100 0.192 0.366 0.695 1.269 2.154 3.066 3.640 4.021 4.320 4.553 4.731 4.867 4.965 5.034 5.083 5.129 5.183 5.255 5.345 5.465 5.702 6.168 6.873 7.880 9.142 10.163 10.899 11.460 11.881 12.168 12.339 12.421 12.450 12.438 12.392 12.273 12.078 11.807 11.447 11.047 10.678 10.334 9.974 9.537 8.986 8.327 7.610 6.927 6.330 5.831 5.435 5.134 4.917 4.768 4.667 4.608 4.583 4.589 4.618 4.673
0.000 0.000 0.000 0.000 0.000 0.000 0.000 0.000 0.000 0.000 0.000 0.001 0.001 0.003 0.007 0.016 0.035 0.076 0.174 0.424 0.989 1.993 3.225 4.041 4.522 4.866 5.115 5.288 5.401 5.459 5.486 5.499 5.505 5.517 5.554 5.608 5.674 5.813 6.194 6.855 7.829 9.105 10.168 10.867 11.357 11.699 11.916 12.033 12.070 12.068 12.025 11.947 11.786 11.558 11.270 10.889 10.436 9.958 9.486 9.004 8.456 7.825 7.129 6.444 5.833 5.311 4.891 4.578 4.361 4.228 4.162 4.139 4.144 4.168 4.220 4.304 4.418
0.000 0.000 0.000 0.000 0.000 0.000 0.000 0.000 0.000 0.000 0.000 0.000 0.001 0.001 0.002 0.004 0.010 0.027 0.074 0.223 0.664 1.662 3.151 4.296 4.950 5.358 5.643 5.829 5.936 5.984 5.990 5.975 5.947 5.925 5.921 5.937 5.970 6.035 6.291 6.869 7.783 9.029 10.094 10.736 11.151 11.414 11.565 11.623 11.638 11.606 11.501 11.342 11.117 10.852 10.546 10.155 9.694 9.157 8.583 7.995 7.388 6.751 6.096 5.479 4.932 4.470 4.104 3.840 3.674 3.590 3.564 3.573 3.611 3.677 3.777 3.917 4.107
0.000 0.000 0.000 0.000 0.000 0.000 0.000 0.000 0.000 0.000 0.000 0.000 0.000 0.000 0.001 0.001 0.004 0.012 0.040 0.136 0.459 1.329 2.888 4.368 5.249 5.764 6.087 6.292 6.408 6.455 6.461 6.444 6.409 6.382 6.366 6.363 6.374 6.397 6.545 6.981 7.739 8.850 9.871 10.473 10.830 11.026 11.128 11.127 11.105 11.025 10.833 10.544 10.201 9.897 9.581 9.213 8.792 8.263 7.653 7.018 6.403 5.797 5.206 4.657 4.172 3.760 3.432 3.196 3.055 2.991 2.976 2.984 3.031 3.129 3.278 3.486 3.760
0.000 0.000 0.000 0.000 0.000 0.000 0.000 0.000 0.000 0.000 0.000 0.000 0.000 0.000 0.000 0.001 0.002 0.008 0.028 0.100 0.341 1.045 2.468 4.200 5.372 6.053 6.432 6.651 6.776 6.825 6.832 6.816 6.777 6.755 6.747 6.748 6.769 6.810 6.933 7.229 7.776 8.641 9.518 10.058 10.373 10.516 10.559 10.541 10.466 10.289 9.982 9.500 8.969 8.618 8.350 8.062 7.724 7.263 6.685 6.051 5.472 4.931 4.416 3.936 3.507 3.141 2.846 2.627 2.490 2.423 2.405 2.409 2.448 2.554 2.750 3.043 3.358
0.000 0.000 0.000 0.000 0.000 0.000 0.000 0.000 0.000 0.000 0.000 0.000 0.000 0.000 0.000 0.001 0.001 0.005 0.021 0.077 0.261 0.801 1.984 3.775 5.282 6.193 6.664 6.900 7.026 7.084 7.095 7.081 7.042 7.018 7.013 7.014 7.032 7.088 7.197 7.411 7.809 8.445 9.113 9.554 9.804 9.892 9.901 9.849 9.709 9.411 8.970 8.339 7.632 7.149 6.881 6.687 6.471 6.132 5.635 5.053 4.549 4.099 3.683 3.281 2.905 2.576 2.310 2.110 1.971 1.887 1.850 1.846 1.875 1.977 2.189 2.467 2.648
0.000 0.000 0.000 0.000 0.000 0.000 0.000 0.000 0.000 0.000 0.000 0.000 0.000 0.000 0.000 0.000 0.001 0.003 0.014 0.055 0.192 0.588 1.507 3.125 4.954 6.153 6.766 7.048 7.183 7.242 7.254 7.244 7.212 7.183 7.170 7.170 7.189 7.242 7.325 7.493 7.794 8.254 8.701 9.016 9.164 9.185 9.178 9.077 8.883 8.546 8.047 7.376 6.581 5.958 5.573 5.323 5.102 4.848 4.470 4.001 3.609 3.274 2.966 2.656 2.331 2.037 1.799 1.614 1.476 1.373 1.306 1.277 1.274 1.309 1.389 1.455 1.420
0.000 0.000 0.000 0.000 0.000 0.000 0.000 0.000 0.000 0.000 0.000 0.000 0.000 0.000 0.000 0.001 0.001 0.002 0.008 0.033 0.123 0.400 1.091 2.445 4.386 5.899 6.718 7.077 7.231 7.302 7.331 7.331 7.308 7.271 7.250 7.248 7.263 7.300 7.368 7.512 7.750 8.059 8.316 8.500 8.575 8.579 8.526 8.371 8.139 7.775 7.256 6.589 5.776 5.087 4.579 4.224 3.924 3.636 3.313 2.962 2.667 2.425 2.204 1.973 1.711 1.456 1.244 1.080 0.949 0.844 0.763 0.700 0.646 0.603 0.567 0.530 0.486
0.000 0.000 0.000 0.000 0.000 0.000 0.000 0.000 0.000 0.000 0.000 0.000 0.000 0.000 0.001 0.001 0.001 0.002 0.004 0.016 0.065 0.239 0.742 1.876 3.750 5.460 6.454 6.953 7.201 7.310 7.346 7.354 7.338 7.308 7.274 7.266 7.280 7.307 7.369 7.487 7.659 7.826 7.953 8.030 8.051 8.034 7.952 7.760 7.488 7.101 6.574 5.912 5.117 4.429 3.864 3.406 3.020 2.669 2.338 2.034 1.768 1.526 1.300 1.092 0.896 0.721 0.587 0.492 0.421 0.363 0.312 0.264 0.220 0.184 0.156 0.137 0.123
0.000 0.000 0.000 0.000 0.000 0.000 0.000 0.000 0.000 0.000 0.000 0.001 0.001 0.001 0.002 0.002 0.002 0.002 0.004 0.009 0.031 0.124 0.468 1.413 3.158 4.920 5.990 6.610 6.995 7.220 7.332 7.359 7.337 7.311 7.279 7.263 7.265 7.290 7.334 7.412 7.507 7.560 7.578 7.579 7.568 7.524 7.416 7.202 6.911 6.513 5.977 5.298 4.528 3.862 3.297 2.803 2.367 1.974 1.627 1.325 1.060 0.818 0.606 0.434 0.306 0.220 0.168 0.136 0.113 0.094 0.078 0.064 0.053 0.046 0.044 0.042 0.040
0.000 0.000 0.000 0.000 0.000 0.000 0.000 0.000 0.001 0.001 0.001 0.001 0.002 0.002 0.003 0.003 0.003 0.003 0.004 0.008 0.021 0.072 0.285 1.027 2.576 4.280 5.353 6.056 6.574 6.938 7.171 7.280 7.291 7.273 7.240 7.210 7.206 7.219 7.243 7.268 7.277 7.238 7.177 7.128 7.089 7.036 6.918 6.697 6.404 5.991 5.436 4.733 3.980 3.336 2.787 2.308 1.881 1.493 1.149 0.850 0.595 0.383 0.224 0.122 0.067 0.043 0.033 0.027 0.024 0.022 0.021 0.022 0.024 0.026 0.027 0.027 0.027
0.000 0.000 0.000 0.000 0.000 0.001 0.001 0.001 0.001 0.001 0.002 0.002 0.003 0.003 0.003 0.003 0.003 0.003 0.005 0.009 0.024 0.071 0.207 0.711 1.935 3.521 4.572 5.313 5.935 6.442 6.814 7.041 7.122 7.135 7.115 7.080 7.074 7.066 7.058 7.028 6.965 6.854 6.749 6.679 6.628 6.552 6.435 6.230 5.932 5.504 4.929 4.209 3.467 2.843 2.318 1.866 1.470 1.115 0.801 0.532 0.316 0.163 0.074 0.034 0.020 0.016 0.014 0.013 0.013 0.014 0.016 0.019 0.022 0.025 0.026 0.026 0.025
0.000 0.000 0.001 0.001 0.001 0.001 0.002 0.002 0.002 0.002 0.003 0.003 0.003 0.003 0.003 0.003 0.003 0.003 0.006 0.014 0.041 0.106 0.212 0.482 1.267 2.594 3.668 4.432 5.119 5.726 6.222 6.576 6.772 6.848 6.871 6.854 6.835 6.823 6.787 6.700 6.556 6.380 6.262 6.193 6.151 6.080 5.974 5.784 5.478 5.036 4.445 3.712 2.981 2.372 1.871 1.448 1.086 0.774 0.508 0.294 0.145 0.061 0.025 0.016 0.014 0.013 0.012 0.012 0.012 0.014 0.016 0.020 0.023 0.026 0.026 0.026 0.025
0.001 0.001 0.001 0.002 0.002 0.002 0.002 0.003 0.003 0.003 0.003 0.003 0.003 0.003 0.003 0.003 0.003 0.004 0.008 0.024 0.080 0.178 0.246 0.335 0.705 1.586 2.637 3.451 4.175 4.854 5.459 5.938 6.260 6.426 6.500 6.514 6.503 6.486 6.413 6.276 6.058 5.845 5.728 5.667 5.634 5.599 5.521 5.341 5.030 4.575 3.973 3.234 2.510 1.912 1.424 1.025 0.702 0.446 0.252 0.121 0.049 0.020 0.014 0.013 0.013 0.013 0.012 0.012 0.013 0.014 0.018 0.022 0.025 0.027 0.028 0.027 0.026
0.001 0.002 0.002 0.002 0.003 0.003 0.003 0.003 0.003 0.003 0.003 0.003 0.003 0.003 0.002 0.002 0.003 0.004 0.012 0.043 0.130 0.223 0.251 0.253 0.340 0.757 1.546 2.370 3.128 3.859 4.555 5.163 5.622 5.901 6.036 6.082 6.089 6.061 5.956 5.770 5.503 5.268 5.135 5.080 5.076 5.072 5.011 4.829 4.511 4.045 3.444 2.720 2.008 1.414 0.939 0.591 0.352 0.189 0.086 0.033 0.015 0.012 0.013 0.013 0.013 0.012 0.012 0.012 0.013 0.016 0.020 0.024 0.027 0.029 0.030 0.029 0.027
0.002 0.002 0.003 0.003 0.003 0.004 0.004 0.004 0.004 0.003 0.003 0.003 0.003 0.002 0.002 0.002 0.003 0.006 0.021 0.074 0.171 0.229 0.238 0.205 0.175 0.282 0.674 1.316 2.033 2.772 3.532 4.282 4.904 5.330 5.549 5.620 5.624 5.572 5.435 5.213 4.925 4.658 4.486 4.414 4.397 4.362 4.247 4.022 3.682 3.211 2.631 1.956 1.315 0.810 0.466 0.253 0.124 0.053 0.020 0.011 0.011 0.012 0.013 0.013 0.013 0.012 0.012 0.013 0.014 0.018 0.023 0.027 0.030 0.032 0.033 0.032 0.030
0.004 0.004 0.004 0.004 0.004 0.005 0.005 0.004 0.004 0.003 0.003 0.003 0.003 0.002 0.002 0.002 0.004 0.011 0.038 0.112 0.188 0.212 0.205 0.158 0.116 0.115 0.210 0.503 0.990 1.611 2.364 3.236 4.069 4.670 5.004 5.117 5.110 5.013 4.830 4.586 4.307 4.001 3.708 3.469 3.279 3.078 2.834 2.563 2.253 1.872 1.420 0.952 0.577 0.316 0.157 0.070 0.028 0.011 0.007 0.008 0.011 0.012 0.013 0.013 0.013 0.012 0.012 0.013 0.016 0.020 0.026 0.031 0.034 0.036 0.037 0.036 0.033
0.006 0.005 0.005 0.005 0.006 0.006 0.005 0.004 0.004 0.003 0.003 0.003 0.003 0.003 0.003 0.003 0.006 0.020 0.064 0.137 0.176 0.180 0.162 0.121 0.096 0.088 0.085 0.134 0.295 0.586 1.017 1.676 2.530 3.269 3.753 3.994 4.059 3.993 3.835 3.622 3.362 2.985 2.445 1.879 1.451 1.188 1.048 0.950 0.847 0.710 0.522 0.316 0.166 0.078 0.033 0.013 0.006 0.004 0.005 0.008 0.011 0.013 0.013 0.013 0.013 0.013 0.013 0.015 0.018 0.024 0.030 0.036 0.040 0.041 0.041 0.040 0.035
0.009 0.008 0.008 0.007 0.007 0.006 0.005 0.004 0.004 0.003 0.003 0.003 0.003 0.003 0.003 0.005 0.012 0.034 0.090 0.142 0.156 0.153 0.132 0.103 0.089 0.082 0.078 0.076 0.087 0.136 0.245 0.437 0.745 1.098 1.397 1.649 1.839 1.934 1.936 1.857 1.675 1.348 0.899 0.527 0.310 0.216 0.190 0.188 0.184 0.169 0.130 0.072 0.034 0.014 0.006 0.003 0.003 0.004 0.006 0.009 0.012 0.013 0.014 0.014 0.014 0.014 0.015 0.017 0.021 0.028 0.036 0.042 0.045 0.046 0.045 0.041 0.036
0.015 0.012 0.011 0.009 0.008 0.006 0.005 0.004 0.004 0.003 0.003 0.003 0.004 0.004 0.006 0.009 0.019 0.048 0.103 0.134 0.139 0.132 0.110 0.091 0.083 0.078 0.076 0.076 0.078 0.086 0.108 0.151 0.201 0.252 0.297 0.339 0.378 0.424 0.454 0.455 0.417 0.328 0.200 0.125 0.091 0.067 0.046 0.035 0.032 0.030 0.026 0.015 0.007 0.004 0.003 0.002 0.003 0.004 0.006 0.010 0.012 0.014 0.014 0.014 0.015 0.015 0.016 0.020 0.026 0.035 0.043 0.048 0.049 0.049 0.046 0.041 0.035
0.019 0.016 0.013 0.010 0.008 0.006 0.005 0.004 0.004 0.004 0.004 0.005 0.005 0.006 0.008 0.012 0.024 0.058 0.106 0.124 0.126 0.115 0.095 0.084 0.078 0.075 0.075 0.075 0.079 0.088 0.109 0.150 0.175 0.182 0.180 0.163 0.125 0.101 0.096 0.096 0.102 0.105 0.098 0.092 0.082 0.059 0.035 0.021 0.015 0.011 0.008 0.006 0.004 0.003 0.002 0.002 0.003 0.004 0.007 0.010 0.013 0.014 0.015 0.015 0.016 0.017 0.019 0.024 0.032 0.042 0.049 0.052 0.052 0.050 0.045 0.037 0.031
0.021 0.018 0.014 0.010 0.008 0.006 0.005 0.005 0.005 0.005 0.005 0.006 0.006 0.007 0.008 0.013 0.028 0.067 0.106 0.116 0.114 0.100 0.086 0.079 0.075 0.074 0.073 0.075 0.079 0.089 0.114 0.154 0.173 0.178 0.173 0.147 0.102 0.078 0.073 0.074 0.081 0.090 0.093 0.090 0.079 0.055 0.032 0.019 0.013 0.009 0.007 0.005 0.003 0.003 0.002 0.002 0.003 0.004 0.007 0.011 0.014 0.015 0.016 0.016 0.017 0.019 0.023 0.029 0.040 0.048 0.052 0.053 0.052 0.048 0.039 0.028 0.023
