RESULTS/r.avaflow_results/23_results/23_ascii/23_hflow0030.asc
ncols 506
nrows 317
xllcenter 498237.50
yllcenter 5580050.00
cellsize 12.50
NODATA_value -9999.000
[rows 170 to 203 of 317, columns 77 to 153 of 506]
0.000 0.000 0.000 0.000 0.000 0.000 0.000 0.000 0.000 0.000 0.000 0.001 0.001 0.003 0.006 0.010 0.014 0.019 0.024 0.029 0.037 0.052 0.086 0.161 0.294 0.471 0.627 0.767 0.907 1.054 1.213 1.392 1.598 1.825 2.027 2.171 2.252 2.283 2.283 2.247 2.123 1.966 1.956 2.245 2.976 4.021 5.024 5.989 6.992 8.044 9.203 10.478 11.759 12.773 13.376 13.557 13.634 13.757 13.996 14.310 14.696 15.141 15.593 16.110 16.650 17.146 17.390 17.337 16.942 16.320 15.649 15.060 14.539 14.032 13.547 13.131 12.797
0.000 0.000 0.000 0.000 0.000 0.000 0.000 0.000 0.000 0.000 0.001 0.003 0.006 0.011 0.018 0.028 0.038 0.049 0.062 0.077 0.098 0.134 0.205 0.324 0.499 0.691 0.853 1.007 1.163 1.325 1.498 1.689 1.905 2.153 2.414 2.628 2.763 2.822 2.831 2.801 2.686 2.589 2.709 3.273 4.356 5.671 6.803 7.870 8.926 9.963 11.004 12.016 12.877 13.449 13.694 13.776 13.864 14.012 14.249 14.541 14.896 15.310 15.752 16.236 16.752 17.134 17.216 16.952 16.471 15.966 15.544 15.217 14.953 14.774 14.686 14.689 14.806
0.000 0.000 0.000 0.000 0.000 0.000 0.000 0.000 0.001 0.002 0.004 0.009 0.016 0.027 0.041 0.058 0.077 0.100 0.127 0.161 0.206 0.278 0.393 0.555 0.749 0.932 1.100 1.268 1.436 1.611 1.797 2.000 2.227 2.481 2.767 3.045 3.273 3.414 3.469 3.470 3.419 3.429 3.759 4.619 5.997 7.344 8.452 9.522 10.538 11.488 12.325 12.994 13.451 13.654 13.721 13.790 13.904 14.072 14.295 14.576 14.921 15.321 15.742 16.185 16.637 16.853 16.771 16.441 16.076 15.784 15.587 15.484 15.476 15.571 15.759 16.122 16.748
0.000 0.000 0.000 0.000 0.000 0.000 0.000 0.001 0.002 0.005 0.011 0.019 0.032 0.050 0.072 0.098 0.130 0.169 0.217 0.278 0.358 0.472 0.630 0.821 1.014 1.194 1.370 1.546 1.725 1.911 2.107 2.318 2.549 2.808 3.097 3.405 3.706 3.957 4.135 4.255 4.339 4.541 5.127 6.188 7.577 8.785 9.855 10.845 11.750 12.540 13.137 13.517 13.672 13.704 13.703 13.766 13.887 14.058 14.253 14.529 14.859 15.239 15.612 15.964 16.267 16.340 16.197 15.933 15.730 15.642 15.617 15.663 15.788 16.018 16.386 17.030 18.048
0.000 0.000 0.000 0.000 0.000 0.000 0.000 0.001 0.004 0.009 0.017 0.029 0.048 0.074 0.107 0.146 0.194 0.252 0.325 0.417 0.537 0.691 0.883 1.093 1.290 1.475 1.660 1.845 2.030 2.218 2.416 2.631 2.864 3.121 3.407 3.726 4.067 4.398 4.693 4.963 5.228 5.686 6.511 7.657 8.892 9.978 10.966 11.826 12.550 13.122 13.492 13.674 13.712 13.698 13.640 13.674 13.776 13.939 14.130 14.393 14.686 14.990 15.280 15.527 15.691 15.703 15.591 15.433 15.375 15.453 15.546 15.677 15.874 16.194 16.712 17.529 18.719
0.000 0.000 0.000 0.000 0.000 0.000 0.000 0.002 0.005 0.011 0.020 0.035 0.058 0.091 0.136 0.193 0.263 0.348 0.449 0.575 0.733 0.926 1.150 1.375 1.580 1.775 1.968 2.159 2.347 2.534 2.729 2.938 3.168 3.414 3.691 4.010 4.370 4.745 5.117 5.495 5.905 6.573 7.631 8.874 9.977 10.940 11.756 12.434 12.960 13.344 13.561 13.655 13.677 13.633 13.534 13.510 13.583 13.720 13.902 14.132 14.370 14.588 14.767 14.888 14.960 14.975 14.940 14.879 14.927 15.104 15.285 15.490 15.773 16.183 16.800 17.694 18.905
0.000 0.000 0.000 0.000 0.000 0.000 0.000 0.002 0.005 0.011 0.022 0.038 0.064 0.103 0.157 0.229 0.323 0.441 0.584 0.752 0.953 1.187 1.440 1.678 1.894 2.098 2.295 2.486 2.674 2.861 3.050 3.247 3.456 3.685 3.946 4.254 4.610 4.997 5.411 5.860 6.397 7.257 8.543 9.865 10.881 11.662 12.252 12.722 13.094 13.368 13.516 13.575 13.591 13.526 13.378 13.271 13.279 13.379 13.535 13.718 13.900 14.043 14.121 14.144 14.141 14.129 14.123 14.122 14.218 14.438 14.670 14.942 15.301 15.800 16.511 17.458 18.659
0.000 0.000 0.000 0.000 0.000 0.000 0.000 0.002 0.005 0.011 0.022 0.039 0.066 0.108 0.169 0.252 0.365 0.515 0.707 0.938 1.202 1.484 1.762 2.013 2.239 2.446 2.642 2.832 3.015 3.196 3.377 3.554 3.738 3.943 4.177 4.453 4.774 5.150 5.594 6.110 6.759 7.781 9.263 10.646 11.590 12.147 12.522 12.834 13.111 13.309 13.408 13.436 13.421 13.335 13.162 12.990 12.943 13.014 13.147 13.291 13.414 13.475 13.472 13.413 13.323 13.204 13.096 13.037 13.107 13.317 13.567 13.880 14.284 14.839 15.619 16.629 17.858
0.000 0.000 0.000 0.000 0.000 0.000 0.000 0.001 0.005 0.010 0.020 0.037 0.065 0.109 0.173 0.262 0.388 0.563 0.801 1.110 1.473 1.818 2.122 2.389 2.623 2.831 3.022 3.203 3.375 3.541 3.705 3.863 4.022 4.191 4.381 4.596 4.855 5.210 5.686 6.286 7.043 8.161 9.774 11.203 12.056 12.425 12.637 12.857 13.062 13.194 13.248 13.257 13.211 13.097 12.902 12.690 12.598 12.628 12.714 12.808 12.877 12.878 12.796 12.642 12.461 12.234 12.006 11.791 11.716 11.805 12.008 12.315 12.745 13.354 14.199 15.284 16.580
0.000 0.000 0.000 0.000 0.000 0.000 0.000 0.001 0.003 0.008 0.017 0.032 0.060 0.105 0.171 0.263 0.394 0.583 0.853 1.229 1.713 2.174 2.527 2.815 3.057 3.262 3.441 3.604 3.759 3.904 4.043 4.179 4.309 4.436 4.568 4.701 4.887 5.219 5.714 6.383 7.238 8.408 10.060 11.526 12.300 12.539 12.664 12.810 12.939 13.015 13.040 13.029 12.957 12.821 12.608 12.367 12.238 12.222 12.252 12.281 12.268 12.187 12.021 11.790 11.516 11.205 10.882 10.583 10.409 10.374 10.472 10.710 11.111 11.710 12.543 13.641 14.983
0.000 0.000 0.000 0.000 0.000 0.000 0.000 0.000 0.002 0.004 0.010 0.022 0.046 0.088 0.154 0.249 0.385 0.580 0.863 1.275 1.851 2.485 2.954 3.293 3.551 3.750 3.913 4.051 4.177 4.296 4.405 4.505 4.595 4.678 4.750 4.802 4.907 5.211 5.716 6.420 7.351 8.579 10.193 11.632 12.387 12.565 12.618 12.688 12.757 12.787 12.783 12.745 12.657 12.509 12.287 12.021 11.847 11.774 11.737 11.684 11.573 11.407 11.145 10.833 10.468 10.088 9.708 9.392 9.191 9.114 9.167 9.365 9.733 10.279 11.009 11.959 13.176
0.000 0.000 0.000 0.000 0.000 0.000 0.000 0.000 0.001 0.002 0.004 0.010 0.024 0.054 0.109 0.198 0.331 0.525 0.813 1.245 1.863 2.666 3.323 3.756 4.066 4.288 4.446 4.562 4.651 4.728 4.795 4.849 4.894 4.927 4.941 4.927 4.958 5.208 5.707 6.431 7.413 8.681 10.230 11.573 12.355 12.528 12.499 12.494 12.503 12.499 12.469 12.409 12.303 12.151 11.930 11.649 11.414 11.255 11.128 10.997 10.798 10.526 10.163 9.746 9.283 8.848 8.473 8.198 8.030 7.971 8.027 8.216 8.541 9.007 9.619 10.402 11.382
0.000 0.000 0.000 0.000 0.000 0.000 0.000 0.000 0.000 0.001 0.001 0.003 0.008 0.021 0.048 0.105 0.203 0.364 0.626 1.056 1.732 2.683 3.568 4.130 4.499 4.765 4.946 5.066 5.141 5.183 5.203 5.209 5.201 5.186 5.155 5.096 5.083 5.249 5.703 6.421 7.436 8.758 10.210 11.373 12.116 12.359 12.301 12.223 12.182 12.141 12.071 11.993 11.875 11.720 11.505 11.225 10.930 10.678 10.458 10.232 9.942 9.555 9.075 8.522 7.987 7.553 7.230 7.021 6.918 6.911 6.998 7.189 7.480 7.869 8.362 8.990 9.777
0.000 0.000 0.000 0.000 0.000 0.000 0.000 0.000 0.000 0.000 0.000 0.001 0.002 0.006 0.015 0.035 0.077 0.158 0.324 0.677 1.363 2.475 3.654 4.394 4.829 5.137 5.351 5.487 5.562 5.589 5.591 5.580 5.543 5.486 5.424 5.354 5.312 5.381 5.741 6.421 7.428 8.787 10.104 11.049 11.653 11.965 11.966 11.877 11.787 11.695 11.598 11.486 11.346 11.181 10.977 10.709 10.383 10.040 9.711 9.378 8.988 8.500 7.925 7.336 6.835 6.442 6.160 5.988 5.920 5.944 6.052 6.238 6.493 6.820 7.224 7.732 8.371
0.000 0.000 0.000 0.000 0.000 0.000 0.000 0.000 0.000 0.000 0.000 0.001 0.001 0.002 0.004 0.009 0.023 0.053 0.128 0.334 0.878 2.011 3.509 4.508 5.041 5.388 5.639 5.805 5.899 5.939 5.943 5.930 5.900 5.841 5.762 5.694 5.649 5.654 5.878 6.454 7.401 8.727 9.907 10.640 11.083 11.373 11.457 11.420 11.320 11.183 11.027 10.838 10.671 10.506 10.307 10.054 9.735 9.350 8.935 8.494 8.008 7.459 6.872 6.327 5.869 5.507 5.247 5.093 5.041 5.076 5.182 5.347 5.564 5.840 6.181 6.609 7.143
0.000 0.000 0.000 0.000 0.000 0.000 0.000 0.000 0.000 0.000 0.000 0.000 0.000 0.001 0.001 0.003 0.007 0.020 0.056 0.170 0.537 1.494 3.113 4.426 5.124 5.522 5.811 6.019 6.152 6.220 6.239 6.234 6.218 6.191 6.155 6.125 6.097 6.085 6.209 6.624 7.396 8.517 9.525 10.104 10.443 10.651 10.776 10.798 10.731 10.581 10.340 10.020 9.787 9.617 9.449 9.237 8.961 8.587 8.136 7.622 7.074 6.502 5.944 5.448 5.032 4.699 4.454 4.303 4.251 4.282 4.374 4.505 4.676 4.906 5.206 5.589 6.042
0.000 0.000 0.000 0.000 0.000 0.000 0.000 0.000 0.000 0.000 0.000 0.000 0.000 0.000 0.001 0.001 0.004 0.013 0.037 0.113 0.359 1.074 2.519 4.109 5.067 5.570 5.887 6.133 6.316 6.422 6.464 6.474 6.474 6.473 6.475 6.485 6.493 6.525 6.648 6.938 7.471 8.280 9.050 9.517 9.793 9.928 10.005 10.016 9.994 9.833 9.503 9.029 8.655 8.469 8.367 8.240 8.050 7.731 7.296 6.759 6.183 5.623 5.112 4.662 4.283 3.977 3.747 3.598 3.534 3.545 3.610 3.703 3.826 4.009 4.286 4.648 5.000
0.000 0.000 0.000 0.000 0.000 0.000 0.000 0.000 0.000 0.000 0.000 0.000 0.000 0.000 0.001 0.001 0.004 0.012 0.036 0.102 0.285 0.793 1.902 3.519 4.814 5.533 5.905 6.173 6.388 6.541 6.617 6.645 6.659 6.674 6.694 6.726 6.764 6.821 6.940 7.160 7.531 8.109 8.661 9.012 9.202 9.281 9.295 9.269 9.203 9.003 8.649 8.112 7.563 7.239 7.117 7.060 6.969 6.746 6.364 5.854 5.293 4.788 4.340 3.938 3.590 3.307 3.095 2.952 2.874 2.852 2.876 2.929 3.004 3.139 3.376 3.654 3.809
0.000 0.000 0.000 0.000 0.000 0.000 0.000 0.000 0.000 0.000 0.000 0.000 0.000 0.000 0.001 0.001 0.004 0.014 0.040 0.108 0.269 0.642 1.431 2.784 4.327 5.345 5.865 6.172 6.413 6.594 6.704 6.757 6.784 6.811 6.837 6.869 6.921 6.983 7.083 7.263 7.537 7.941 8.316 8.567 8.679 8.708 8.698 8.647 8.512 8.282 7.924 7.393 6.764 6.274 6.002 5.855 5.740 5.590 5.296 4.867 4.382 3.962 3.594 3.250 2.930 2.667 2.473 2.339 2.250 2.193 2.166 2.168 2.192 2.244 2.316 2.344 2.260
0.000 0.000 0.000 0.000 0.000 0.000 0.000 0.000 0.000 0.000 0.000 0.000 0.000 0.000 0.001 0.002 0.006 0.020 0.054 0.129 0.286 0.588 1.160 2.171 3.672 4.966 5.712 6.124 6.404 6.604 6.734 6.813 6.856 6.884 6.910 6.941 6.994 7.052 7.137 7.296 7.514 7.775 7.985 8.136 8.207 8.216 8.188 8.093 7.915 7.663 7.304 6.801 6.173 5.583 5.159 4.873 4.631 4.396 4.125 3.791 3.436 3.119 2.828 2.544 2.270 2.036 1.860 1.735 1.637 1.549 1.470 1.403 1.337 1.261 1.169 1.058 0.936
0.000 0.000 0.000 0.000 0.000 0.000 0.000 0.000 0.000 0.000 0.000 0.000 0.000 0.000 0.001 0.003 0.010 0.030 0.077 0.167 0.324 0.591 1.040 1.806 3.043 4.448 5.397 5.961 6.333 6.580 6.735 6.833 6.884 6.914 6.938 6.965 7.011 7.065 7.150 7.291 7.454 7.580 7.678 7.749 7.776 7.768 7.712 7.591 7.394 7.127 6.766 6.285 5.681 5.064 4.551 4.131 3.759 3.412 3.078 2.751 2.450 2.174 1.917 1.683 1.478 1.297 1.152 1.043 0.953 0.869 0.786 0.700 0.611 0.519 0.429 0.348 0.286
0.000 0.000 0.000 0.000 0.000 0.000 0.000 0.000 0.000 0.000 0.000 0.000 0.001 0.001 0.002 0.004 0.013 0.039 0.096 0.198 0.363 0.617 1.010 1.627 2.602 3.893 4.943 5.650 6.146 6.484 6.702 6.831 6.888 6.922 6.943 6.970 6.999 7.057 7.132 7.242 7.331 7.360 7.375 7.372 7.365 7.336 7.257 7.120 6.918 6.647 6.282 5.806 5.213 4.592 4.045 3.557 3.100 2.672 2.276 1.920 1.602 1.316 1.066 0.863 0.707 0.589 0.502 0.439 0.389 0.342 0.293 0.242 0.191 0.146 0.112 0.088 0.074
0.000 0.000 0.000 0.000 0.000 0.000 0.000 0.000 0.000 0.000 0.001 0.001 0.001 0.002 0.002 0.005 0.014 0.043 0.104 0.213 0.386 0.646 1.023 1.563 2.345 3.390 4.427 5.235 5.844 6.285 6.588 6.779 6.864 6.899 6.924 6.939 6.955 7.001 7.060 7.118 7.135 7.110 7.055 6.999 6.949 6.898 6.809 6.671 6.465 6.189 5.819 5.333 4.741 4.115 3.552 3.048 2.572 2.121 1.698 1.315 0.982 0.706 0.493 0.341 0.241 0.181 0.145 0.120 0.101 0.084 0.068 0.054 0.043 0.034 0.029 0.025 0.023
0.000 0.000 0.000 0.000 0.000 0.000 0.000 0.001 0.001 0.001 0.001 0.002 0.002 0.002 0.003 0.005 0.014 0.042 0.104 0.217 0.399 0.669 1.042 1.539 2.192 3.015 3.930 4.752 5.436 5.966 6.356 6.620 6.756 6.808 6.838 6.845 6.857 6.879 6.908 6.917 6.886 6.805 6.701 6.620 6.545 6.465 6.364 6.218 6.017 5.733 5.356 4.865 4.268 3.630 3.059 2.555 2.089 1.649 1.233 0.861 0.556 0.332 0.186 0.102 0.059 0.039 0.030 0.025 0.021 0.018 0.016 0.015 0.015 0.015 0.014 0.014 0.014
0.000 0.000 0.000 0.000 0.001 0.001 0.001 0.001 0.002 0.002 0.002 0.002 0.002 0.002 0.002 0.004 0.011 0.035 0.094 0.210 0.407 0.692 1.065 1.520 2.068 2.725 3.481 4.254 4.952 5.534 5.989 6.327 6.524 6.611 6.652 6.665 6.676 6.687 6.683 6.646 6.569 6.434 6.303 6.210 6.121 6.025 5.912 5.756 5.558 5.277 4.891 4.395 3.792 3.142 2.568 2.067 1.611 1.187 0.806 0.497 0.274 0.134 0.060 0.028 0.015 0.011 0.009 0.008 0.008 0.008 0.009 0.010 0.012 0.013 0.013 0.013 0.013
0.000 0.001 0.001 0.001 0.001 0.002 0.002 0.002 0.002 0.002 0.002 0.002 0.002 0.002 0.002 0.002 0.005 0.020 0.066 0.181 0.398 0.719 1.100 1.499 1.940 2.455 3.056 3.736 4.423 5.027 5.526 5.913 6.166 6.295 6.357 6.379 6.388 6.386 6.367 6.303 6.193 6.032 5.875 5.754 5.654 5.554 5.439 5.291 5.088 4.812 4.424 3.920 3.308 2.650 2.075 1.572 1.120 0.734 0.436 0.230 0.105 0.043 0.018 0.010 0.007 0.007 0.006 0.006 0.006 0.007 0.009 0.010 0.012 0.013 0.013 0.013 0.013
0.001 0.001 0.002 0.002 0.002 0.002 0.002 0.003 0.003 0.002 0.002 0.002 0.002 0.002 0.002 0.002 0.002 0.007 0.029 0.119 0.351 0.725 1.121 1.460 1.797 2.178 2.638 3.193 3.823 4.438 4.971 5.400 5.708 5.888 5.977 6.018 6.032 6.021 5.987 5.908 5.772 5.590 5.407 5.257 5.141 5.041 4.937 4.803 4.610 4.337 3.948 3.434 2.809 2.142 1.547 1.040 0.644 0.363 0.180 0.076 0.029 0.012 0.008 0.007 0.006 0.006 0.006 0.006 0.007 0.008 0.010 0.012 0.013 0.014 0.014 0.014 0.014
0.002 0.002 0.002 0.002 0.003 0.003 0.003 0.003 0.003 0.002 0.002 0.002 0.002 0.002 0.002 0.002 0.002 0.004 0.013 0.055 0.237 0.630 1.076 1.374 1.616 1.880 2.214 2.640 3.169 3.772 4.342 4.811 5.168 5.406 5.532 5.579 5.594 5.592 5.554 5.458 5.309 5.105 4.895 4.722 4.579 4.462 4.352 4.224 4.031 3.736 3.326 2.797 2.154 1.492 0.939 0.542 0.285 0.132 0.053 0.019 0.009 0.006 0.006 0.006 0.006 0.006 0.006 0.006 0.007 0.008 0.011 0.013 0.014 0.015 0.015 0.015 0.015
0.003 0.003 0.003 0.003 0.003 0.004 0.003 0.003 0.003 0.002 0.002 0.002 0.002 0.002 0.002 0.002 0.002 0.004 0.014 0.041 0.115 0.358 0.785 1.140 1.350 1.539 1.774 2.086 2.504 3.039 3.632 4.168 4.590 4.887 5.058 5.124 5.138 5.131 5.085 4.979 4.814 4.595 4.359 4.150 3.971 3.820 3.669 3.487 3.231 2.861 2.378 1.816 1.241 0.759 0.421 0.209 0.092 0.036 0.013 0.006 0.005 0.006 0.006 0.006 0.006 0.006 0.006 0.006 0.007 0.009 0.012 0.015 0.016 0.017 0.017 0.016 0.016
0.005 0.004 0.004 0.004 0.004 0.004 0.004 0.003 0.003 0.002 0.002 0.002 0.002 0.002 0.002 0.002 0.003 0.008 0.026 0.059 0.079 0.134 0.318 0.624 0.910 1.118 1.309 1.544 1.867 2.308 2.866 3.471 3.974 4.340 4.563 4.655 4.670 4.648 4.579 4.459 4.292 4.076 3.829 3.573 3.318 3.080 2.835 2.540 2.172 1.747 1.301 0.880 0.533 0.285 0.134 0.056 0.022 0.008 0.004 0.004 0.005 0.006 0.006 0.006 0.006 0.006 0.006 0.007 0.008 0.011 0.014 0.017 0.018 0.019 0.019 0.018 0.017
0.008 0.006 0.006 0.006 0.005 0.004 0.004 0.003 0.003 0.002 0.002 0.002 0.002 0.002 0.002 0.003 0.005 0.014 0.039 0.068 0.078 0.077 0.099 0.190 0.366 0.568 0.770 0.975 1.230 1.588 2.085 2.721 3.290 3.697 3.945 4.058 4.084 4.062 3.991 3.867 3.713 3.520 3.276 2.948 2.527 2.105 1.724 1.390 1.094 0.821 0.559 0.335 0.175 0.080 0.033 0.013 0.005 0.003 0.003 0.004 0.005 0.006 0.006 0.006 0.006 0.007 0.007 0.008 0.010 0.013 0.017 0.019 0.021 0.021 0.020 0.018 0.017
0.012 0.010 0.008 0.007 0.006 0.005 0.004 0.003 0.003 0.002 0.002 0.002 0.003 0.003 0.004 0.005 0.009 0.020 0.046 0.066 0.071 0.069 0.060 0.059 0.092 0.170 0.279 0.408 0.566 0.790 1.140 1.649 2.131 2.456 2.662 2.791 2.884 2.943 2.949 2.891 2.793 2.644 2.390 1.952 1.375 0.931 0.670 0.507 0.385 0.275 0.175 0.097 0.046 0.020 0.008 0.004 0.002 0.002 0.003 0.004 0.006 0.006 0.007 0.007 0.007 0.007 0.008 0.009 0.012 0.016 0.020 0.022 0.023 0.022 0.021 0.018 0.017
0.015 0.012 0.010 0.007 0.006 0.004 0.004 0.003 0.003 0.003 0.003 0.003 0.004 0.004 0.005 0.006 0.011 0.025 0.049 0.061 0.063 0.061 0.052 0.047 0.045 0.050 0.068 0.102 0.150 0.221 0.335 0.516 0.695 0.811 0.896 0.975 1.071 1.182 1.250 1.269 1.250 1.172 1.007 0.727 0.407 0.218 0.138 0.106 0.084 0.062 0.039 0.021 0.009 0.003 0.001 0.001 0.001 0.002 0.003 0.005 0.006 0.007 0.007 0.007 0.007 0.008 0.009 0.011 0.015 0.020 0.022 0.024 0.024 0.023 0.020 0.016 0.016
0.016 0.013 0.010 0.008 0.006 0.004 0.004 0.003 0.003 0.003 0.004 0.004 0.004 0.004 0.005 0.007 0.012 0.028 0.050 0.058 0.058 0.054 0.047 0.044 0.042 0.042 0.042 0.044 0.050 0.061 0.085 0.125 0.156 0.172 0.181 0.181 0.193 0.236 0.271 0.280 0.278 0.263 0.223 0.149 0.073 0.038 0.025 0.019 0.015 0.012 0.008 0.004 0.002 0.002 0.002 0.002 0.002 0.002 0.003 0.005 0.006 0.007 0.007 0.008 0.008 0.009 0.010 0.013 0.018 0.022 0.024 0.024 0.024 0.021 0.017 0.014 0.016
