RESULTS/r.avaflow_results/23_results/23_ascii/23_hflow10009.asc
ncols 506
nrows 317
xllcenter 498237.50
yllcenter 5580050.00
cellsize 12.50
NODATA_value -9999.000
[rows 170 to 203 of 317, columns 77 to 153 of 506]
0.000 0.000 0.000 0.000 0.000 0.000 0.000 0.000 0.000 0.000 0.000 0.000 0.000 0.000 0.000 0.000 0.000 0.000 0.000 0.001 0.005 0.015 0.045 0.114 0.245 0.450 0.737 1.036 1.248 1.375 1.434 1.451 1.445 1.457 1.539 1.760 2.165 2.778 3.465 3.940 4.218 4.418 4.669 5.204 6.211 7.232 7.983 8.668 9.198 9.605 9.991 10.387 10.891 11.946 13.265 14.011 14.548 15.284 16.865 18.661 19.641 19.834 19.231 17.552 15.219 13.048 11.161 9.472 7.857 6.302 4.910 3.765 2.884 2.234 1.760 1.414 1.160
0.000 0.000 0.000 0.000 0.000 0.000 0.000 0.000 0.000 0.000 0.000 0.000 0.000 0.000 0.000 0.000 0.000 0.000 0.001 0.003 0.012 0.037 0.098 0.220 0.427 0.742 1.182 1.608 1.885 2.027 2.072 2.058 1.984 1.957 2.023 2.278 2.767 3.506 4.294 4.848 5.195 5.471 5.790 6.351 7.370 8.396 9.171 9.978 10.725 11.280 11.672 12.021 12.377 12.960 13.884 14.599 15.220 16.171 18.138 20.317 21.352 21.416 20.466 18.385 15.869 13.696 11.778 10.024 8.354 6.792 5.441 4.363 3.523 2.872 2.374 1.995 1.701
0.000 0.000 0.000 0.000 0.000 0.000 0.000 0.000 0.000 0.000 0.000 0.000 0.000 0.000 0.000 0.000 0.000 0.000 0.002 0.007 0.023 0.066 0.162 0.343 0.645 1.113 1.767 2.345 2.679 2.816 2.837 2.774 2.594 2.517 2.561 2.822 3.346 4.111 4.954 5.596 6.051 6.452 6.915 7.638 8.730 9.674 10.395 11.255 12.240 13.057 13.537 13.815 13.935 13.889 14.069 14.576 15.245 16.379 18.599 21.056 22.146 22.077 20.839 18.530 16.044 13.884 11.919 10.161 8.615 7.277 6.146 5.208 4.422 3.781 3.262 2.844 2.494
0.000 0.000 0.000 0.000 0.000 0.000 0.000 0.000 0.000 0.000 0.000 0.000 0.000 0.000 0.000 0.000 0.000 0.000 0.002 0.009 0.030 0.083 0.197 0.414 0.790 1.403 2.303 3.095 3.515 3.656 3.654 3.502 3.211 3.098 3.134 3.391 3.905 4.614 5.438 6.155 6.730 7.274 7.886 8.777 9.920 10.834 11.592 12.548 13.670 14.612 15.234 15.532 15.499 14.915 14.229 14.357 14.870 16.039 18.387 21.001 22.163 22.106 20.795 18.417 15.944 13.766 11.786 10.083 8.713 7.621 6.714 5.975 5.383 4.893 4.438 4.008 3.605
0.000 0.000 0.000 0.000 0.000 0.000 0.000 0.000 0.000 0.000 0.000 0.000 0.000 0.000 0.000 0.000 0.000 0.000 0.002 0.010 0.032 0.088 0.207 0.438 0.858 1.568 2.666 3.703 4.253 4.424 4.408 4.178 3.807 3.677 3.721 3.988 4.457 5.035 5.737 6.457 7.123 7.791 8.549 9.555 10.716 11.722 12.633 13.782 14.989 15.867 16.521 16.754 16.631 15.789 14.443 13.962 14.082 14.963 17.275 20.161 21.420 21.324 20.033 17.705 15.214 13.052 11.249 9.814 8.659 7.727 6.990 6.430 6.014 5.689 5.406 5.128 4.842
0.000 0.000 0.000 0.000 0.000 0.000 0.000 0.000 0.000 0.000 0.000 0.000 0.000 0.000 0.000 0.000 0.000 0.000 0.002 0.010 0.032 0.087 0.205 0.439 0.873 1.634 2.863 4.164 4.896 5.138 5.123 4.840 4.405 4.263 4.304 4.552 4.938 5.346 5.856 6.503 7.203 7.936 8.833 9.970 11.212 12.384 13.485 14.822 16.043 16.829 17.342 17.430 17.216 16.212 14.477 13.052 12.615 12.991 14.768 17.706 19.206 19.236 18.046 15.734 13.425 11.630 10.270 9.230 8.388 7.676 7.077 6.611 6.291 6.098 5.978 5.883 5.777
0.000 0.000 0.000 0.000 0.000 0.000 0.000 0.000 0.000 0.000 0.000 0.000 0.000 0.000 0.000 0.000 0.000 0.000 0.002 0.009 0.028 0.079 0.191 0.420 0.859 1.637 2.931 4.487 5.439 5.792 5.806 5.513 5.038 4.870 4.891 5.040 5.273 5.503 5.825 6.327 6.971 7.744 8.752 10.022 11.406 12.760 14.104 15.507 16.646 17.380 17.691 17.657 17.317 16.278 14.395 11.932 10.407 10.159 11.043 13.440 15.203 15.379 14.232 12.111 10.511 9.453 8.698 8.200 7.826 7.457 7.037 6.624 6.338 6.206 6.196 6.289 6.399
0.000 0.000 0.000 0.000 0.000 0.000 0.000 0.000 0.000 0.000 0.000 0.000 0.000 0.000 0.000 0.000 0.000 0.000 0.001 0.005 0.018 0.057 0.154 0.367 0.798 1.589 2.911 4.688 5.893 6.388 6.452 6.227 5.798 5.542 5.430 5.397 5.440 5.524 5.670 5.905 6.320 7.035 8.142 9.634 11.303 12.812 14.344 15.735 16.792 17.484 17.677 17.590 17.013 15.812 13.798 10.923 8.383 7.276 7.187 8.232 9.577 9.800 8.759 7.110 6.248 5.932 5.865 6.044 6.294 6.415 6.391 6.255 6.146 6.127 6.198 6.433 6.745
0.000 0.000 0.000 0.000 0.000 0.000 0.000 0.000 0.000 0.000 0.000 0.000 0.000 0.000 0.000 0.000 0.000 0.001 0.001 0.002 0.007 0.027 0.091 0.267 0.667 1.457 2.827 4.783 6.256 6.918 7.032 6.920 6.607 6.198 5.820 5.576 5.465 5.420 5.422 5.483 5.675 6.158 7.087 8.573 10.526 12.379 14.059 15.502 16.483 17.069 17.151 16.892 15.835 14.153 11.973 9.281 6.545 4.859 4.070 3.975 4.310 4.317 3.705 2.822 2.367 2.238 2.267 2.483 2.922 3.437 3.916 4.382 4.860 5.339 5.826 6.364 6.848
0.000 0.000 0.000 0.000 0.000 0.000 0.000 0.000 0.000 0.000 0.000 0.000 0.000 0.000 0.000 0.000 0.001 0.001 0.001 0.002 0.003 0.010 0.038 0.136 0.434 1.166 2.578 4.699 6.454 7.309 7.510 7.455 7.174 6.630 6.028 5.617 5.383 5.259 5.221 5.244 5.360 5.696 6.420 7.626 9.265 11.035 12.669 14.147 15.104 15.520 15.494 14.757 12.946 10.732 8.525 6.324 4.201 2.697 1.805 1.410 1.303 1.262 1.103 0.880 0.779 0.755 0.758 0.799 0.915 1.101 1.343 1.687 2.223 3.033 4.131 5.353 6.423
0.000 0.000 0.000 0.000 0.000 0.000 0.000 0.000 0.000 0.000 0.000 0.000 0.000 0.000 0.000 0.001 0.001 0.001 0.002 0.002 0.003 0.006 0.020 0.070 0.229 0.690 1.848 4.038 6.282 7.406 7.740 7.715 7.424 6.840 6.140 5.617 5.318 5.187 5.146 5.154 5.249 5.541 6.171 7.257 8.696 9.962 10.885 11.753 12.383 12.455 11.622 9.444 6.917 5.038 3.765 2.683 1.720 1.025 0.610 0.438 0.406 0.445 0.486 0.505 0.520 0.526 0.524 0.514 0.514 0.529 0.564 0.634 0.781 1.083 1.660 2.718 4.252
0.000 0.000 0.000 0.000 0.000 0.000 0.000 0.000 0.000 0.000 0.000 0.000 0.000 0.000 0.001 0.001 0.001 0.002 0.002 0.002 0.003 0.007 0.020 0.061 0.184 0.497 1.235 2.907 5.424 7.096 7.701 7.738 7.498 6.977 6.273 5.680 5.334 5.190 5.154 5.161 5.246 5.526 6.133 7.191 8.615 9.540 9.901 10.015 9.700 8.473 6.012 3.381 1.869 1.248 0.953 0.695 0.461 0.308 0.243 0.251 0.296 0.370 0.430 0.464 0.480 0.485 0.481 0.465 0.457 0.456 0.459 0.468 0.489 0.539 0.661 0.957 1.583
0.000 0.000 0.000 0.000 0.000 0.000 0.000 0.000 0.000 0.000 0.000 0.000 0.000 0.001 0.001 0.001 0.002 0.002 0.002 0.003 0.004 0.011 0.030 0.085 0.224 0.532 1.145 2.346 4.508 6.476 7.414 7.649 7.534 7.133 6.521 5.942 5.559 5.363 5.311 5.321 5.393 5.660 6.302 7.388 8.663 9.251 9.281 8.815 7.430 4.889 2.369 1.008 0.516 0.330 0.251 0.207 0.181 0.174 0.185 0.218 0.275 0.354 0.413 0.444 0.457 0.460 0.453 0.435 0.428 0.427 0.429 0.435 0.446 0.467 0.511 0.584 0.695
0.000 0.000 0.000 0.000 0.000 0.000 0.000 0.000 0.000 0.000 0.000 0.000 0.001 0.001 0.001 0.002 0.002 0.002 0.002 0.003 0.007 0.020 0.058 0.154 0.361 0.738 1.335 2.254 3.845 5.803 6.997 7.497 7.570 7.361 6.946 6.483 6.119 5.888 5.800 5.793 5.860 6.192 7.047 8.012 8.712 8.891 8.579 7.405 4.850 2.294 1.011 0.529 0.319 0.220 0.175 0.157 0.153 0.156 0.172 0.206 0.262 0.340 0.398 0.429 0.441 0.441 0.429 0.409 0.401 0.400 0.403 0.410 0.422 0.446 0.495 0.555 0.591
0.000 0.000 0.000 0.000 0.000 0.000 0.000 0.000 0.000 0.000 0.000 0.001 0.001 0.002 0.002 0.002 0.002 0.002 0.003 0.005 0.013 0.038 0.109 0.274 0.585 1.076 1.726 2.477 3.529 5.154 6.539 7.311 7.645 7.683 7.511 7.223 6.949 6.757 6.681 6.684 6.827 7.309 8.066 8.466 8.528 8.198 7.000 4.666 2.268 1.097 0.635 0.400 0.264 0.189 0.154 0.143 0.143 0.148 0.165 0.199 0.254 0.329 0.385 0.414 0.424 0.422 0.405 0.382 0.375 0.375 0.377 0.384 0.398 0.429 0.490 0.543 0.564
0.000 0.000 0.000 0.000 0.000 0.000 0.000 0.000 0.000 0.000 0.001 0.001 0.002 0.002 0.002 0.002 0.002 0.003 0.004 0.009 0.025 0.074 0.197 0.450 0.869 1.436 2.097 2.783 3.529 4.660 6.064 7.076 7.682 8.034 8.162 8.117 8.017 7.952 7.968 8.095 8.235 8.401 8.542 8.438 7.941 6.423 4.028 2.012 1.101 0.737 0.508 0.338 0.226 0.166 0.140 0.133 0.134 0.141 0.161 0.196 0.250 0.319 0.368 0.393 0.401 0.398 0.377 0.354 0.349 0.350 0.355 0.363 0.380 0.418 0.482 0.525 0.535
0.000 0.000 0.000 0.000 0.000 0.000 0.000 0.000 0.000 0.001 0.002 0.002 0.002 0.002 0.002 0.003 0.003 0.004 0.007 0.018 0.053 0.145 0.346 0.699 1.202 1.801 2.417 3.040 3.669 4.461 5.622 6.751 7.576 8.225 8.735 9.054 9.224 9.359 9.469 9.552 9.371 8.952 8.501 7.762 5.977 3.523 1.743 1.047 0.789 0.617 0.440 0.296 0.201 0.147 0.125 0.121 0.123 0.132 0.154 0.192 0.248 0.309 0.348 0.367 0.372 0.368 0.349 0.331 0.327 0.328 0.336 0.350 0.373 0.412 0.469 0.499 0.502
0.000 0.000 0.000 0.000 0.000 0.000 0.000 0.000 0.001 0.002 0.002 0.002 0.003 0.003 0.003 0.003 0.004 0.006 0.012 0.036 0.108 0.276 0.589 1.045 1.585 2.165 2.747 3.303 3.868 4.511 5.344 6.334 7.293 8.178 9.063 9.826 10.304 10.561 10.617 10.407 9.831 8.926 7.575 5.375 2.950 1.521 1.008 0.816 0.691 0.546 0.386 0.264 0.183 0.136 0.114 0.109 0.109 0.117 0.139 0.180 0.241 0.299 0.331 0.345 0.348 0.340 0.322 0.312 0.308 0.309 0.317 0.337 0.369 0.406 0.449 0.473 0.474
0.000 0.000 0.000 0.000 0.000 0.000 0.000 0.001 0.002 0.002 0.003 0.003 0.003 0.004 0.004 0.005 0.006 0.009 0.024 0.073 0.211 0.503 0.961 1.477 1.996 2.530 3.106 3.640 4.112 4.628 5.258 6.010 6.918 7.969 9.139 10.219 10.864 11.034 10.949 10.416 9.336 7.378 4.675 2.373 1.304 0.970 0.839 0.747 0.635 0.485 0.341 0.238 0.169 0.127 0.106 0.101 0.102 0.110 0.132 0.172 0.229 0.280 0.313 0.324 0.323 0.313 0.296 0.289 0.288 0.289 0.297 0.322 0.360 0.400 0.429 0.444 0.448
0.000 0.000 0.000 0.000 0.000 0.000 0.001 0.002 0.002 0.003 0.003 0.004 0.004 0.005 0.006 0.007 0.010 0.017 0.045 0.139 0.388 0.870 1.465 1.969 2.429 2.921 3.506 4.038 4.442 4.811 5.264 5.851 6.654 7.742 9.034 10.166 10.672 10.629 10.037 8.643 6.354 3.741 1.895 1.141 0.926 0.848 0.787 0.705 0.581 0.429 0.306 0.217 0.157 0.120 0.102 0.097 0.097 0.105 0.128 0.171 0.226 0.264 0.288 0.299 0.301 0.292 0.274 0.265 0.264 0.267 0.280 0.309 0.351 0.395 0.426 0.437 0.439
0.000 0.000 0.000 0.000 0.001 0.001 0.002 0.003 0.003 0.004 0.004 0.005 0.006 0.008 0.010 0.013 0.018 0.031 0.080 0.241 0.654 1.387 2.060 2.527 2.951 3.434 3.967 4.417 4.754 5.027 5.323 5.764 6.479 7.562 8.643 9.316 9.258 8.229 6.304 4.259 2.575 1.546 1.075 0.898 0.837 0.801 0.756 0.672 0.532 0.381 0.276 0.200 0.147 0.115 0.099 0.094 0.095 0.103 0.126 0.169 0.224 0.259 0.275 0.282 0.285 0.278 0.255 0.244 0.243 0.249 0.267 0.300 0.345 0.389 0.424 0.439 0.436
0.000 0.000 0.000 0.001 0.002 0.002 0.003 0.004 0.004 0.005 0.006 0.008 0.010 0.013 0.018 0.023 0.030 0.052 0.131 0.384 1.001 2.006 2.738 3.205 3.646 4.175 4.590 4.858 5.052 5.202 5.371 5.692 6.322 7.196 7.660 7.299 5.826 3.994 2.644 1.899 1.415 1.078 0.900 0.828 0.796 0.766 0.718 0.623 0.471 0.335 0.245 0.182 0.137 0.109 0.095 0.091 0.091 0.100 0.125 0.168 0.221 0.256 0.271 0.276 0.275 0.264 0.243 0.233 0.231 0.236 0.258 0.298 0.346 0.387 0.413 0.422 0.418
0.000 0.000 0.001 0.002 0.003 0.004 0.004 0.005 0.006 0.007 0.010 0.013 0.017 0.021 0.025 0.030 0.041 0.076 0.199 0.573 1.438 2.701 3.543 4.095 4.610 5.131 5.380 5.381 5.300 5.278 5.332 5.556 6.006 6.321 5.801 4.295 2.753 1.985 1.682 1.446 1.161 0.933 0.826 0.786 0.763 0.734 0.670 0.552 0.400 0.287 0.211 0.157 0.120 0.098 0.089 0.086 0.088 0.099 0.128 0.175 0.224 0.254 0.267 0.270 0.267 0.252 0.232 0.223 0.223 0.230 0.254 0.299 0.350 0.387 0.405 0.407 0.399
0.000 0.001 0.002 0.003 0.004 0.005 0.006 0.008 0.009 0.012 0.015 0.019 0.022 0.025 0.028 0.033 0.048 0.103 0.291 0.832 2.020 3.588 4.608 5.261 5.726 5.960 5.940 5.687 5.398 5.239 5.155 5.162 5.142 4.552 3.347 2.229 1.760 1.596 1.460 1.267 1.015 0.849 0.779 0.754 0.734 0.700 0.626 0.497 0.352 0.251 0.185 0.140 0.107 0.086 0.079 0.078 0.083 0.097 0.128 0.178 0.226 0.252 0.263 0.264 0.259 0.242 0.223 0.216 0.215 0.227 0.255 0.301 0.355 0.390 0.404 0.404 0.392
0.001 0.002 0.003 0.005 0.006 0.008 0.010 0.012 0.014 0.017 0.019 0.021 0.023 0.025 0.028 0.035 0.057 0.141 0.428 1.218 2.825 4.730 5.858 6.370 6.551 6.473 6.187 5.771 5.376 5.039 4.673 4.134 3.352 2.504 1.884 1.628 1.539 1.467 1.344 1.120 0.896 0.786 0.742 0.722 0.703 0.660 0.578 0.442 0.307 0.222 0.165 0.125 0.096 0.079 0.073 0.072 0.076 0.091 0.123 0.176 0.223 0.247 0.254 0.254 0.249 0.231 0.214 0.208 0.210 0.227 0.263 0.312 0.363 0.398 0.406 0.403 0.393
0.002 0.003 0.005 0.007 0.009 0.011 0.014 0.016 0.018 0.019 0.020 0.021 0.023 0.025 0.029 0.038 0.074 0.212 0.668 1.846 4.024 5.914 6.785 7.011 6.933 6.636 6.171 5.642 5.063 4.395 3.439 2.462 1.843 1.585 1.506 1.483 1.452 1.383 1.231 0.990 0.816 0.741 0.711 0.689 0.664 0.621 0.531 0.392 0.274 0.200 0.151 0.115 0.090 0.074 0.068 0.068 0.072 0.087 0.119 0.172 0.216 0.238 0.245 0.244 0.237 0.220 0.208 0.205 0.209 0.232 0.279 0.335 0.378 0.406 0.415 0.413 0.407
0.004 0.005 0.007 0.009 0.012 0.015 0.017 0.019 0.020 0.020 0.021 0.022 0.023 0.025 0.030 0.047 0.116 0.367 1.122 2.910 5.296 6.697 7.195 7.210 6.952 6.394 5.643 4.800 3.797 2.712 1.759 1.323 1.288 1.390 1.422 1.423 1.394 1.297 1.105 0.880 0.757 0.708 0.689 0.673 0.645 0.591 0.492 0.352 0.248 0.183 0.139 0.107 0.085 0.071 0.065 0.065 0.069 0.085 0.119 0.172 0.213 0.232 0.236 0.234 0.224 0.209 0.203 0.203 0.214 0.246 0.302 0.358 0.397 0.422 0.433 0.437 0.441
0.005 0.007 0.009 0.012 0.015 0.018 0.019 0.020 0.021 0.021 0.022 0.022 0.024 0.027 0.037 0.076 0.220 0.691 1.951 4.218 6.076 6.914 7.152 6.983 6.303 5.171 3.888 2.704 1.757 1.169 0.934 0.985 1.187 1.355 1.400 1.393 1.347 1.221 0.991 0.796 0.712 0.683 0.669 0.658 0.632 0.567 0.449 0.313 0.222 0.165 0.127 0.099 0.079 0.067 0.063 0.063 0.068 0.086 0.123 0.175 0.212 0.228 0.230 0.226 0.215 0.205 0.201 0.203 0.221 0.265 0.333 0.387 0.425 0.454 0.473 0.489 0.508
0.008 0.010 0.012 0.015 0.018 0.020 0.021 0.021 0.022 0.022 0.023 0.024 0.026 0.033 0.057 0.148 0.459 1.330 3.148 5.145 6.263 6.674 6.456 5.381 3.908 2.573 1.630 1.082 0.797 0.699 0.755 0.956 1.208 1.331 1.366 1.355 1.290 1.131 0.882 0.722 0.668 0.658 0.654 0.643 0.614 0.544 0.417 0.284 0.203 0.152 0.118 0.092 0.074 0.063 0.060 0.060 0.066 0.086 0.128 0.182 0.214 0.226 0.228 0.222 0.210 0.203 0.202 0.208 0.235 0.290 0.367 0.427 0.469 0.504 0.537 0.569 0.600
0.011 0.013 0.015 0.018 0.022 0.023 0.023 0.023 0.023 0.023 0.024 0.027 0.032 0.049 0.107 0.310 0.938 2.415 4.211 5.375 5.880 5.631 4.206 2.505 1.503 1.013 0.748 0.621 0.585 0.623 0.744 0.996 1.219 1.288 1.302 1.296 1.226 1.038 0.796 0.674 0.638 0.635 0.640 0.636 0.604 0.523 0.389 0.265 0.190 0.144 0.112 0.088 0.070 0.061 0.058 0.058 0.066 0.088 0.133 0.190 0.220 0.230 0.230 0.222 0.211 0.207 0.209 0.224 0.263 0.332 0.413 0.478 0.533 0.583 0.626 0.661 0.676
0.014 0.017 0.019 0.023 0.025 0.025 0.025 0.025 0.025 0.025 0.027 0.034 0.049 0.093 0.225 0.636 1.782 3.455 4.570 5.021 4.784 3.484 1.906 1.102 0.774 0.630 0.566 0.545 0.559 0.622 0.776 1.037 1.212 1.264 1.266 1.241 1.141 0.926 0.713 0.629 0.613 0.620 0.630 0.625 0.591 0.505 0.366 0.249 0.179 0.137 0.107 0.084 0.067 0.059 0.056 0.057 0.066 0.090 0.139 0.196 0.226 0.235 0.235 0.226 0.217 0.216 0.224 0.248 0.301 0.388 0.483 0.551 0.610 0.666 0.701 0.717 0.715
0.020 0.022 0.025 0.027 0.028 0.028 0.027 0.027 0.027 0.030 0.036 0.051 0.088 0.186 0.454 1.193 2.647 3.856 4.324 4.232 3.271 1.838 1.050 0.744 0.614 0.557 0.535 0.535 0.558 0.634 0.801 1.065 1.208 1.243 1.240 1.193 1.059 0.819 0.649 0.591 0.587 0.604 0.617 0.613 0.577 0.486 0.345 0.236 0.172 0.131 0.103 0.080 0.064 0.056 0.054 0.056 0.066 0.094 0.146 0.201 0.230 0.238 0.237 0.231 0.227 0.229 0.243 0.280 0.351 0.455 0.561 0.638 0.685 0.720 0.737 0.734 0.715
0.027 0.030 0.031 0.032 0.031 0.030 0.030 0.030 0.033 0.039 0.054 0.088 0.166 0.351 0.822 1.825 3.065 3.671 3.727 3.228 2.034 1.148 0.788 0.632 0.558 0.525 0.518 0.527 0.561 0.645 0.823 1.069 1.196 1.224 1.216 1.157 0.983 0.731 0.594 0.554 0.555 0.583 0.599 0.595 0.561 0.469 0.325 0.226 0.167 0.128 0.100 0.078 0.062 0.054 0.052 0.054 0.066 0.098 0.154 0.207 0.234 0.241 0.240 0.238 0.238 0.246 0.271 0.326 0.423 0.535 0.625 0.694 0.734 0.744 0.742 0.717 0.655
0.035 0.037 0.037 0.036 0.035 0.034 0.034 0.036 0.042 0.057 0.088 0.152 0.286 0.583 1.263 2.304 3.002 3.206 3.062 2.346 1.364 0.895 0.688 0.582 0.528 0.507 0.505 0.518 0.559 0.652 0.845 1.074 1.180 1.209 1.200 1.114 0.898 0.663 0.561 0.535 0.541 0.574 0.591 0.584 0.542 0.444 0.303 0.213 0.161 0.125 0.098 0.076 0.061 0.053 0.051 0.053 0.067 0.102 0.164 0.216 0.241 0.248 0.247 0.246 0.250 0.267 0.308 0.385 0.501 0.603 0.669 0.718 0.746 0.745 0.707 0.610 0.459
