RESULTS/r.avaflow_results/23_results/23_ascii/23_hflow30039.asc
ncols 506
nrows 317
xllcenter 498237.50
yllcenter 5580050.00
cellsize 12.50
NODATA_value -9999.000
[rows 170 to 203 of 317, columns 154 to 230 of 506]
9.523 9.584 9.587 9.541 9.451 9.313 9.179 9.072 8.977 8.885 8.790 8.686 8.556 8.363 8.052 7.584 6.971 6.264 5.519 4.771 4.027 3.285 2.607 2.042 1.605 1.295 1.104 1.009 0.981 0.985 1.004 1.025 1.035 1.038 1.036 1.043 1.067 1.104 1.121 1.119 1.102 1.071 1.039 1.007 0.967 0.907 0.820 0.711 0.596 0.486 0.383 0.300 0.241 0.201 0.174 0.156 0.147 0.144 0.144 0.146 0.147 0.147 0.147 0.148 0.149 0.153 0.164 0.194 0.263 0.410 0.664 0.870 0.949 0.953 0.886 0.710 0.476
11.269 11.642 11.887 12.015 12.058 12.045 11.998 11.929 11.843 11.742 11.629 11.506 11.368 11.181 10.873 10.364 9.631 8.715 7.689 6.611 5.532 4.511 3.589 2.810 2.200 1.752 1.449 1.266 1.182 1.163 1.174 1.184 1.181 1.166 1.141 1.126 1.125 1.131 1.132 1.118 1.084 1.034 0.981 0.928 0.864 0.772 0.639 0.484 0.348 0.252 0.191 0.152 0.127 0.112 0.104 0.100 0.100 0.102 0.105 0.107 0.107 0.106 0.105 0.104 0.104 0.107 0.115 0.138 0.189 0.295 0.492 0.729 0.862 0.902 0.891 0.814 0.641
13.035 13.770 14.254 14.527 14.648 14.682 14.670 14.629 14.565 14.486 14.394 14.289 14.171 14.013 13.743 13.261 12.507 11.486 10.270 8.946 7.578 6.232 4.989 3.912 3.040 2.369 1.876 1.548 1.360 1.274 1.240 1.223 1.206 1.183 1.148 1.121 1.107 1.095 1.078 1.041 0.972 0.883 0.793 0.704 0.604 0.479 0.344 0.234 0.164 0.122 0.096 0.081 0.072 0.068 0.066 0.067 0.071 0.075 0.079 0.080 0.080 0.079 0.077 0.076 0.076 0.078 0.084 0.101 0.137 0.211 0.352 0.578 0.771 0.860 0.880 0.859 0.770
14.199 15.226 15.923 16.350 16.600 16.749 16.836 16.875 16.869 16.839 16.787 16.719 16.638 16.525 16.314 15.893 15.193 14.215 13.016 11.651 10.153 8.565 6.967 5.506 4.266 3.257 2.477 1.919 1.562 1.359 1.256 1.206 1.172 1.136 1.090 1.044 1.006 0.969 0.922 0.843 0.717 0.580 0.466 0.374 0.293 0.216 0.152 0.108 0.080 0.063 0.053 0.048 0.045 0.044 0.045 0.047 0.052 0.057 0.060 0.061 0.061 0.060 0.059 0.058 0.058 0.060 0.065 0.077 0.102 0.152 0.248 0.425 0.660 0.813 0.866 0.869 0.830
14.731 15.933 16.814 17.429 17.866 18.196 18.449 18.626 18.715 18.741 18.729 18.696 18.653 18.589 18.450 18.122 17.523 16.637 15.499 14.169 12.681 11.030 9.205 7.312 5.618 4.209 3.105 2.297 1.751 1.416 1.233 1.133 1.063 1.000 0.933 0.858 0.790 0.719 0.633 0.516 0.386 0.287 0.218 0.170 0.130 0.097 0.072 0.055 0.044 0.038 0.034 0.032 0.031 0.031 0.032 0.035 0.039 0.043 0.046 0.047 0.047 0.047 0.046 0.047 0.047 0.049 0.054 0.062 0.080 0.113 0.177 0.301 0.524 0.740 0.838 0.859 0.846
14.806 16.064 17.058 17.840 18.473 18.996 19.418 19.732 19.921 19.996 20.002 19.981 19.965 19.948 19.887 19.679 19.232 18.498 17.462 16.149 14.605 12.842 10.837 8.600 6.534 4.823 3.492 2.523 1.862 1.436 1.173 1.003 0.877 0.763 0.652 0.551 0.470 0.400 0.331 0.255 0.186 0.137 0.104 0.081 0.063 0.050 0.039 0.032 0.028 0.025 0.024 0.023 0.023 0.024 0.024 0.026 0.029 0.033 0.035 0.037 0.037 0.038 0.038 0.039 0.040 0.042 0.046 0.053 0.065 0.088 0.133 0.220 0.391 0.630 0.781 0.831 0.834
14.609 15.918 16.992 17.863 18.605 19.247 19.766 20.152 20.403 20.513 20.523 20.495 20.491 20.526 20.532 20.430 20.126 19.544 18.628 17.356 15.760 13.880 11.711 9.256 6.960 5.081 3.638 2.600 1.889 1.408 1.074 0.829 0.633 0.473 0.356 0.280 0.233 0.196 0.160 0.123 0.093 0.070 0.055 0.044 0.036 0.029 0.025 0.022 0.020 0.019 0.018 0.018 0.018 0.018 0.019 0.020 0.022 0.025 0.027 0.029 0.030 0.031 0.032 0.034 0.035 0.038 0.041 0.047 0.056 0.073 0.106 0.168 0.287 0.495 0.686 0.776 0.802
14.077 15.470 16.670 17.679 18.519 19.205 19.733 20.121 20.384 20.507 20.519 20.480 20.476 20.546 20.585 20.530 20.292 19.789 18.955 17.737 16.130 14.180 11.921 9.378 7.014 5.087 3.616 2.563 1.827 1.299 0.907 0.610 0.397 0.260 0.179 0.136 0.112 0.095 0.079 0.063 0.050 0.040 0.033 0.027 0.023 0.020 0.018 0.016 0.015 0.015 0.014 0.014 0.014 0.015 0.015 0.016 0.017 0.019 0.021 0.023 0.024 0.026 0.027 0.029 0.031 0.034 0.037 0.042 0.050 0.064 0.088 0.133 0.216 0.364 0.557 0.691 0.751
13.222 14.720 16.057 17.203 18.142 18.857 19.364 19.714 19.945 20.056 20.068 20.028 20.020 20.086 20.125 20.073 19.863 19.425 18.667 17.504 15.917 13.947 11.635 9.055 6.714 4.810 3.357 2.312 1.575 1.041 0.647 0.378 0.220 0.135 0.091 0.069 0.057 0.049 0.042 0.035 0.030 0.025 0.022 0.019 0.016 0.015 0.013 0.012 0.012 0.011 0.011 0.011 0.011 0.011 0.012 0.012 0.013 0.014 0.016 0.017 0.019 0.021 0.023 0.025 0.028 0.030 0.034 0.039 0.046 0.057 0.076 0.109 0.168 0.269 0.423 0.579 0.676
12.088 13.677 15.116 16.346 17.330 18.049 18.527 18.814 18.964 19.022 19.036 19.028 19.019 19.022 18.990 18.883 18.655 18.250 17.559 16.453 14.880 12.875 10.515 8.026 5.841 4.070 2.716 1.736 1.066 0.622 0.346 0.192 0.111 0.069 0.049 0.038 0.033 0.029 0.025 0.022 0.020 0.017 0.016 0.014 0.012 0.011 0.010 0.009 0.009 0.009 0.009 0.009 0.009 0.009 0.009 0.009 0.010 0.011 0.012 0.013 0.015 0.017 0.019 0.021 0.024 0.027 0.031 0.035 0.042 0.051 0.067 0.093 0.136 0.208 0.317 0.458 0.578
10.677 12.289 13.783 15.050 16.056 16.788 17.255 17.482 17.541 17.544 17.575 17.641 17.644 17.560 17.392 17.176 16.887 16.449 15.724 14.561 12.897 10.780 8.408 6.186 4.310 2.804 1.680 0.931 0.502 0.273 0.152 0.089 0.056 0.038 0.029 0.024 0.021 0.019 0.017 0.016 0.014 0.013 0.012 0.010 0.009 0.009 0.008 0.007 0.007 0.007 0.006 0.006 0.006 0.006 0.007 0.007 0.007 0.008 0.009 0.010 0.011 0.013 0.015 0.018 0.021 0.024 0.028 0.032 0.038 0.047 0.060 0.081 0.116 0.169 0.248 0.357 0.475
8.968 10.503 12.033 13.347 14.416 15.215 15.720 15.939 15.963 15.954 16.015 16.119 16.118 15.970 15.693 15.367 14.972 14.388 13.437 11.983 9.997 7.628 5.390 3.643 2.344 1.402 0.758 0.380 0.194 0.108 0.066 0.043 0.031 0.024 0.019 0.017 0.015 0.014 0.013 0.011 0.011 0.010 0.009 0.008 0.007 0.007 0.006 0.006 0.005 0.005 0.005 0.005 0.005 0.005 0.005 0.005 0.005 0.006 0.006 0.007 0.009 0.010 0.012 0.015 0.018 0.021 0.025 0.029 0.035 0.043 0.056 0.074 0.103 0.146 0.206 0.288 0.387
7.182 8.472 9.938 11.342 12.511 13.410 13.995 14.269 14.329 14.340 14.397 14.454 14.402 14.205 13.879 13.466 12.915 12.051 10.669 8.650 6.261 4.113 2.592 1.596 0.952 0.532 0.273 0.136 0.075 0.047 0.033 0.025 0.020 0.016 0.014 0.012 0.011 0.010 0.009 0.009 0.008 0.007 0.007 0.006 0.005 0.005 0.005 0.004 0.004 0.004 0.004 0.003 0.003 0.003 0.003 0.003 0.003 0.004 0.004 0.005 0.006 0.008 0.010 0.012 0.015 0.018 0.022 0.027 0.033 0.041 0.053 0.071 0.096 0.133 0.181 0.243 0.319
5.653 6.642 7.803 9.105 10.321 11.282 11.944 12.305 12.433 12.454 12.440 12.362 12.186 11.908 11.522 10.986 10.182 8.886 6.947 4.774 2.943 1.687 0.932 0.523 0.298 0.167 0.091 0.052 0.034 0.025 0.020 0.016 0.013 0.012 0.010 0.009 0.008 0.008 0.007 0.006 0.006 0.005 0.005 0.004 0.004 0.004 0.003 0.003 0.003 0.003 0.003 0.003 0.002 0.002 0.002 0.002 0.002 0.002 0.003 0.003 0.004 0.006 0.008 0.010 0.013 0.016 0.020 0.025 0.031 0.040 0.052 0.069 0.093 0.125 0.166 0.215 0.273
4.356 5.058 5.854 6.765 7.733 8.587 9.235 9.635 9.806 9.822 9.727 9.486 9.107 8.631 8.054 7.307 6.264 4.837 3.216 1.880 0.997 0.504 0.264 0.152 0.092 0.058 0.037 0.026 0.020 0.016 0.013 0.011 0.010 0.008 0.007 0.007 0.006 0.005 0.005 0.005 0.004 0.004 0.003 0.003 0.003 0.003 0.003 0.003 0.002 0.002 0.002 0.002 0.002 0.002 0.001 0.001 0.001 0.001 0.002 0.002 0.003 0.004 0.006 0.008 0.011 0.014 0.018 0.023 0.029 0.038 0.050 0.067 0.090 0.120 0.156 0.198 0.247
3.230 3.667 4.127 4.599 5.074 5.508 5.876 6.143 6.273 6.285 6.165 5.858 5.393 4.820 4.199 3.541 2.779 1.866 1.046 0.522 0.253 0.134 0.079 0.052 0.037 0.027 0.020 0.016 0.013 0.011 0.009 0.008 0.007 0.006 0.005 0.005 0.004 0.004 0.003 0.003 0.003 0.003 0.003 0.002 0.002 0.002 0.002 0.002 0.002 0.002 0.002 0.002 0.002 0.001 0.001 0.001 0.001 0.000 0.001 0.001 0.002 0.003 0.004 0.006 0.009 0.012 0.016 0.021 0.028 0.037 0.049 0.066 0.088 0.116 0.149 0.189 0.237
2.243 2.458 2.667 2.850 3.002 3.118 3.204 3.253 3.263 3.235 3.136 2.921 2.566 2.094 1.648 1.259 0.877 0.506 0.256 0.127 0.071 0.045 0.033 0.025 0.020 0.016 0.013 0.011 0.009 0.008 0.006 0.006 0.005 0.004 0.004 0.003 0.003 0.003 0.002 0.002 0.002 0.002 0.002 0.002 0.002 0.002 0.002 0.002 0.002 0.002 0.002 0.002 0.001 0.001 0.001 0.000 0.000 0.000 0.000 0.000 0.001 0.002 0.003 0.005 0.007 0.010 0.014 0.019 0.026 0.035 0.047 0.063 0.084 0.111 0.144 0.186 0.235
1.421 1.492 1.558 1.595 1.597 1.556 1.487 1.421 1.365 1.308 1.228 1.101 0.907 0.663 0.474 0.336 0.216 0.124 0.068 0.041 0.029 0.023 0.018 0.015 0.013 0.011 0.009 0.008 0.006 0.005 0.004 0.004 0.003 0.003 0.002 0.002 0.002 0.002 0.002 0.002 0.002 0.002 0.001 0.002 0.002 0.002 0.002 0.002 0.002 0.002 0.002 0.002 0.001 0.001 0.000 0.000 0.000 0.000 0.000 0.000 0.000 0.001 0.002 0.004 0.006 0.009 0.012 0.017 0.024 0.033 0.044 0.059 0.079 0.106 0.140 0.185 0.240
0.811 0.816 0.817 0.802 0.762 0.685 0.587 0.509 0.453 0.408 0.365 0.315 0.249 0.176 0.125 0.088 0.060 0.039 0.027 0.021 0.017 0.014 0.012 0.010 0.009 0.007 0.006 0.005 0.004 0.003 0.003 0.002 0.002 0.002 0.002 0.002 0.001 0.001 0.001 0.001 0.001 0.001 0.001 0.001 0.002 0.002 0.002 0.002 0.002 0.002 0.002 0.002 0.001 0.001 0.000 0.000 0.000 0.000 0.000 0.000 0.000 0.000 0.001 0.003 0.004 0.007 0.010 0.015 0.021 0.029 0.040 0.054 0.073 0.100 0.136 0.186 0.250
0.406 0.392 0.377 0.358 0.326 0.273 0.211 0.167 0.139 0.119 0.103 0.088 0.071 0.052 0.040 0.031 0.024 0.019 0.016 0.013 0.011 0.009 0.008 0.007 0.006 0.005 0.004 0.003 0.003 0.002 0.002 0.002 0.001 0.001 0.001 0.001 0.001 0.001 0.001 0.001 0.001 0.001 0.001 0.002 0.002 0.002 0.002 0.003 0.003 0.002 0.002 0.001 0.001 0.001 0.000 0.000 0.000 0.000 0.000 0.000 0.000 0.000 0.001 0.002 0.003 0.005 0.008 0.012 0.018 0.025 0.034 0.047 0.065 0.091 0.129 0.183 0.253
0.172 0.161 0.152 0.141 0.125 0.099 0.071 0.054 0.044 0.038 0.033 0.030 0.026 0.022 0.018 0.016 0.014 0.012 0.010 0.009 0.007 0.006 0.005 0.004 0.004 0.003 0.002 0.002 0.002 0.002 0.001 0.001 0.001 0.001 0.001 0.001 0.001 0.001 0.001 0.001 0.002 0.002 0.002 0.002 0.003 0.003 0.003 0.003 0.003 0.003 0.002 0.001 0.001 0.000 0.000 0.000 0.000 0.000 0.000 0.000 0.000 0.000 0.000 0.001 0.002 0.004 0.006 0.009 0.014 0.019 0.027 0.038 0.053 0.076 0.112 0.165 0.238
0.064 0.059 0.055 0.051 0.044 0.034 0.024 0.019 0.016 0.015 0.014 0.013 0.013 0.012 0.011 0.010 0.009 0.008 0.007 0.006 0.005 0.004 0.003 0.003 0.002 0.002 0.002 0.002 0.001 0.001 0.001 0.001 0.001 0.001 0.001 0.001 0.001 0.002 0.002 0.002 0.002 0.003 0.003 0.003 0.004 0.004 0.004 0.003 0.003 0.002 0.002 0.001 0.001 0.000 0.000 0.000 0.000 0.000 0.000 0.000 0.000 0.000 0.000 0.000 0.001 0.002 0.004 0.007 0.010 0.014 0.020 0.027 0.038 0.054 0.081 0.126 0.193
0.022 0.021 0.020 0.018 0.016 0.012 0.010 0.008 0.007 0.007 0.007 0.007 0.007 0.007 0.007 0.006 0.005 0.005 0.004 0.003 0.003 0.002 0.002 0.002 0.002 0.002 0.002 0.002 0.002 0.001 0.002 0.002 0.002 0.002 0.002 0.002 0.002 0.003 0.003 0.004 0.004 0.004 0.004 0.004 0.004 0.004 0.004 0.003 0.003 0.002 0.002 0.001 0.001 0.000 0.000 0.000 0.000 0.000 0.000 0.000 0.000 0.000 0.000 0.000 0.001 0.001 0.003 0.005 0.007 0.010 0.014 0.019 0.026 0.035 0.051 0.078 0.121
0.008 0.008 0.007 0.007 0.006 0.005 0.004 0.004 0.004 0.004 0.004 0.004 0.004 0.004 0.004 0.004 0.004 0.003 0.003 0.002 0.002 0.002 0.002 0.002 0.002 0.002 0.002 0.002 0.002 0.002 0.002 0.003 0.003 0.003 0.003 0.004 0.004 0.005 0.005 0.005 0.005 0.005 0.004 0.004 0.004 0.004 0.004 0.003 0.003 0.002 0.001 0.001 0.000 0.000 0.000 0.000 0.000 0.000 0.000 0.000 0.000 0.000 0.000 0.000 0.000 0.001 0.002 0.003 0.005 0.007 0.010 0.013 0.018 0.024 0.032 0.046 0.069
0.003 0.003 0.003 0.003 0.003 0.003 0.003 0.002 0.002 0.002 0.003 0.003 0.003 0.003 0.003 0.002 0.002 0.002 0.002 0.002 0.002 0.002 0.002 0.002 0.002 0.002 0.003 0.003 0.003 0.004 0.004 0.005 0.005 0.005 0.005 0.005 0.006 0.006 0.005 0.005 0.005 0.005 0.004 0.004 0.004 0.004 0.003 0.003 0.002 0.001 0.001 0.001 0.000 0.000 0.000 0.000 0.000 0.000 0.000 0.000 0.000 0.000 0.000 0.000 0.000 0.000 0.001 0.002 0.003 0.005 0.007 0.009 0.012 0.016 0.021 0.029 0.040
0.002 0.002 0.002 0.002 0.002 0.002 0.002 0.002 0.002 0.002 0.002 0.002 0.002 0.002 0.002 0.002 0.002 0.002 0.001 0.001 0.001 0.002 0.002 0.002 0.003 0.004 0.005 0.005 0.006 0.006 0.006 0.006 0.006 0.006 0.006 0.006 0.006 0.006 0.006 0.005 0.005 0.004 0.004 0.004 0.003 0.003 0.003 0.002 0.001 0.001 0.001 0.000 0.000 0.000 0.000 0.000 0.000 0.000 0.000 0.000 0.000 0.000 0.000 0.000 0.000 0.000 0.000 0.001 0.002 0.003 0.004 0.006 0.009 0.011 0.015 0.019 0.026
0.001 0.001 0.001 0.001 0.001 0.001 0.001 0.001 0.001 0.001 0.001 0.001 0.001 0.001 0.001 0.001 0.001 0.001 0.001 0.002 0.002 0.002 0.003 0.004 0.005 0.006 0.007 0.007 0.007 0.007 0.007 0.007 0.007 0.007 0.007 0.006 0.006 0.006 0.005 0.005 0.005 0.004 0.004 0.003 0.003 0.002 0.002 0.001 0.001 0.001 0.000 0.000 0.000 0.000 0.000 0.000 0.000 0.000 0.000 0.000 0.000 0.000 0.000 0.000 0.000 0.000 0.000 0.000 0.001 0.002 0.003 0.004 0.006 0.008 0.010 0.014 0.017
0.001 0.001 0.001 0.001 0.001 0.001 0.001 0.001 0.001 0.001 0.001 0.001 0.001 0.001 0.001 0.001 0.001 0.002 0.002 0.002 0.003 0.004 0.005 0.006 0.007 0.007 0.008 0.008 0.008 0.008 0.007 0.007 0.007 0.007 0.007 0.006 0.006 0.006 0.005 0.005 0.004 0.003 0.003 0.002 0.002 0.001 0.001 0.001 0.001 0.000 0.000 0.000 0.000 0.000 0.000 0.000 0.000 0.000 0.000 0.000 0.000 0.000 0.000 0.000 0.000 0.000 0.000 0.000 0.000 0.001 0.002 0.003 0.004 0.005 0.007 0.009 0.012
0.001 0.001 0.001 0.001 0.001 0.001 0.001 0.001 0.001 0.001 0.001 0.001 0.001 0.001 0.001 0.001 0.001 0.002 0.002 0.003 0.004 0.005 0.006 0.007 0.007 0.008 0.008 0.008 0.008 0.008 0.007 0.007 0.007 0.006 0.006 0.006 0.006 0.005 0.005 0.004 0.003 0.002 0.002 0.001 0.001 0.001 0.001 0.001 0.000 0.000 0.000 0.000 0.000 0.000 0.000 0.000 0.000 0.000 0.000 0.000 0.000 0.000 0.000 0.000 0.000 0.000 0.000 0.000 0.000 0.000 0.001 0.001 0.002 0.003 0.005 0.006 0.008
0.000 0.000 0.000 0.000 0.000 0.000 0.001 0.001 0.001 0.001 0.001 0.001 0.001 0.001 0.001 0.001 0.002 0.002 0.003 0.003 0.004 0.005 0.006 0.007 0.007 0.008 0.008 0.008 0.008 0.007 0.007 0.007 0.006 0.006 0.006 0.005 0.005 0.004 0.003 0.003 0.002 0.001 0.001 0.001 0.001 0.001 0.001 0.000 0.000 0.000 0.000 0.000 0.000 0.000 0.000 0.000 0.000 0.000 0.000 0.000 0.000 0.000 0.000 0.000 0.000 0.000 0.000 0.000 0.000 0.000 0.000 0.001 0.001 0.002 0.003 0.004 0.006
0.000 0.000 0.000 0.000 0.000 0.000 0.000 0.000 0.000 0.001 0.001 0.001 0.001 0.001 0.001 0.001 0.001 0.002 0.003 0.003 0.004 0.005 0.006 0.007 0.007 0.007 0.007 0.007 0.007 0.007 0.007 0.006 0.006 0.005 0.004 0.004 0.003 0.003 0.002 0.002 0.001 0.001 0.001 0.001 0.001 0.000 0.000 0.000 0.000 0.000 0.000 0.000 0.000 0.000 0.000 0.000 0.000 0.000 0.000 0.000 0.000 0.000 0.000 0.000 0.000 0.000 0.000 0.000 0.000 0.000 0.000 0.000 0.000 0.001 0.002 0.002 0.004
0.000 0.000 0.000 0.000 0.000 0.000 0.000 0.000 0.000 0.000 0.000 0.001 0.001 0.001 0.001 0.001 0.001 0.002 0.003 0.003 0.004 0.005 0.006 0.006 0.006 0.007 0.007 0.007 0.007 0.006 0.006 0.005 0.004 0.003 0.003 0.002 0.002 0.001 0.001 0.001 0.001 0.001 0.001 0.001 0.000 0.000 0.000 0.000 0.000 0.000 0.000 0.000 0.000 0.000 0.000 0.000 0.000 0.000 0.000 0.000 0.000 0.000 0.000 0.000 0.000 0.000 0.000 0.000 0.000 0.000 0.000 0.000 0.000 0.000 0.001 0.001 0.002
0.000 0.000 0.000 0.000 0.000 0.000 0.000 0.000 0.000 0.000 0.000 0.000 0.001 0.001 0.001 0.001 0.001 0.002 0.002 0.003 0.004 0.004 0.005 0.005 0.005 0.005 0.005 0.005 0.005 0.005 0.004 0.004 0.003 0.002 0.002 0.001 0.001 0.001 0.001 0.001 0.001 0.001 0.000 0.000 0.000 0.000 0.000 0.000 0.000 0.000 0.000 0.000 0.000 0.000 0.000 0.000 0.000 0.000 0.000 0.000 0.000 0.000 0.000 0.000 0.000 0.000 0.000 0.000 0.000 0.000 0.000 0.000 0.000 0.000 0.000 0.000 0.001
0.000 0.000 0.000 0.000 0.000 0.000 0.000 0.000 0.000 0.000 0.000 0.000 0.000 0.001 0.001 0.001 0.001 0.001 0.002 0.003 0.003 0.004 0.004 0.004 0.004 0.004 0.003 0.003 0.003 0.003 0.002 0.002 0.002 0.001 0.001 0.001 0.001 0.001 0.001 0.000 0.000 0.000 0.000 0.000 0.000 0.000 0.000 0.000 0.000 0.000 0.000 0.000 0.000 0.000 0.000 0.000 0.000 0.000 0.000 0.000 0.000 0.000 0.000 0.000 0.000 0.000 0.000 0.000 0.000 0.000 0.000 0.000 0.000 0.000 0.000 0.000 0.000
