RESULTS/r.avaflow_results/23_results/23_ascii/23_hflow30041.asc
ncols 506
nrows 317
xllcenter 498237.50
yllcenter 5580050.00
cellsize 12.50
NODATA_value -9999.000
[rows 170 to 203 of 317, columns 154 to 230 of 506]
9.458 9.518 9.514 9.461 9.369 9.233 9.101 8.998 8.910 8.826 8.737 8.637 8.505 8.306 7.992 7.532 6.934 6.248 5.521 4.783 4.043 3.307 2.637 2.077 1.644 1.338 1.149 1.053 1.024 1.027 1.044 1.062 1.069 1.068 1.063 1.066 1.084 1.109 1.119 1.111 1.086 1.048 1.005 0.960 0.910 0.845 0.758 0.649 0.540 0.439 0.349 0.279 0.229 0.192 0.168 0.153 0.147 0.145 0.147 0.150 0.153 0.155 0.157 0.159 0.161 0.166 0.180 0.213 0.289 0.440 0.663 0.818 0.873 0.866 0.794 0.628 0.421
11.182 11.540 11.763 11.869 11.902 11.878 11.826 11.763 11.692 11.613 11.523 11.420 11.289 11.099 10.783 10.272 9.551 8.658 7.652 6.592 5.525 4.516 3.608 2.841 2.237 1.793 1.490 1.308 1.222 1.200 1.205 1.210 1.204 1.188 1.163 1.144 1.137 1.135 1.129 1.108 1.068 1.011 0.948 0.883 0.809 0.714 0.586 0.443 0.321 0.236 0.182 0.147 0.124 0.110 0.103 0.100 0.101 0.104 0.108 0.111 0.112 0.112 0.112 0.112 0.113 0.116 0.127 0.152 0.206 0.315 0.505 0.703 0.807 0.836 0.820 0.742 0.580
12.883 13.593 14.061 14.331 14.466 14.517 14.522 14.495 14.449 14.390 14.318 14.231 14.121 13.961 13.687 13.210 12.462 11.442 10.222 8.890 7.520 6.194 4.975 3.917 3.055 2.389 1.903 1.581 1.398 1.311 1.271 1.249 1.229 1.205 1.172 1.141 1.120 1.100 1.075 1.030 0.957 0.862 0.767 0.672 0.568 0.448 0.323 0.224 0.159 0.119 0.095 0.080 0.072 0.068 0.067 0.068 0.072 0.077 0.082 0.083 0.084 0.083 0.083 0.082 0.083 0.085 0.092 0.110 0.149 0.225 0.364 0.570 0.734 0.805 0.819 0.795 0.709
13.973 14.963 15.653 16.098 16.380 16.562 16.676 16.733 16.745 16.727 16.691 16.637 16.565 16.452 16.243 15.845 15.183 14.240 13.041 11.641 10.104 8.502 6.910 5.463 4.231 3.232 2.469 1.930 1.587 1.390 1.287 1.235 1.199 1.161 1.117 1.067 1.020 0.972 0.915 0.828 0.702 0.569 0.458 0.366 0.287 0.212 0.151 0.108 0.080 0.064 0.054 0.048 0.046 0.045 0.046 0.048 0.053 0.059 0.062 0.064 0.064 0.064 0.063 0.063 0.063 0.065 0.071 0.084 0.110 0.161 0.257 0.428 0.638 0.766 0.808 0.808 0.771
14.465 15.628 16.503 17.138 17.608 17.966 18.236 18.417 18.511 18.540 18.535 18.513 18.475 18.412 18.278 17.981 17.439 16.614 15.516 14.188 12.670 10.978 9.120 7.222 5.535 4.139 3.055 2.271 1.750 1.435 1.263 1.165 1.093 1.026 0.956 0.878 0.800 0.717 0.622 0.504 0.383 0.290 0.223 0.174 0.133 0.099 0.074 0.056 0.045 0.038 0.034 0.033 0.032 0.032 0.033 0.036 0.040 0.045 0.048 0.050 0.050 0.050 0.050 0.050 0.051 0.053 0.058 0.067 0.085 0.119 0.184 0.306 0.513 0.699 0.782 0.801 0.788
14.543 15.770 16.759 17.555 18.205 18.733 19.149 19.446 19.621 19.691 19.701 19.692 19.679 19.660 19.600 19.415 19.013 18.334 17.349 16.066 14.521 12.735 10.694 8.443 6.397 4.711 3.407 2.467 1.836 1.439 1.195 1.029 0.898 0.780 0.668 0.566 0.480 0.404 0.330 0.254 0.190 0.142 0.109 0.085 0.066 0.051 0.041 0.033 0.029 0.026 0.025 0.024 0.024 0.025 0.026 0.028 0.031 0.035 0.037 0.039 0.040 0.041 0.041 0.042 0.043 0.046 0.050 0.057 0.069 0.093 0.137 0.222 0.381 0.593 0.727 0.775 0.778
14.393 15.670 16.728 17.604 18.352 18.984 19.479 19.837 20.062 20.161 20.175 20.163 20.163 20.185 20.181 20.085 19.799 19.246 18.367 17.132 15.559 13.678 11.487 9.023 6.771 4.934 3.529 2.525 1.848 1.395 1.075 0.832 0.635 0.481 0.371 0.296 0.245 0.203 0.163 0.126 0.096 0.074 0.057 0.046 0.037 0.030 0.026 0.022 0.021 0.020 0.019 0.019 0.019 0.019 0.020 0.022 0.024 0.027 0.029 0.031 0.032 0.034 0.035 0.036 0.038 0.041 0.044 0.050 0.059 0.076 0.108 0.167 0.276 0.460 0.634 0.720 0.747
13.935 15.300 16.474 17.467 18.293 18.961 19.469 19.834 20.070 20.177 20.193 20.175 20.176 20.219 20.238 20.177 19.941 19.448 18.630 17.439 15.860 13.922 11.655 9.113 6.803 4.927 3.499 2.479 1.770 1.263 0.884 0.597 0.396 0.268 0.191 0.147 0.121 0.101 0.082 0.065 0.052 0.042 0.034 0.028 0.024 0.020 0.018 0.017 0.016 0.015 0.015 0.015 0.015 0.016 0.016 0.017 0.019 0.021 0.023 0.024 0.026 0.028 0.030 0.032 0.034 0.037 0.040 0.045 0.053 0.066 0.089 0.131 0.205 0.333 0.504 0.633 0.693
13.151 14.620 15.927 17.045 17.959 18.662 19.166 19.508 19.721 19.819 19.835 19.818 19.815 19.852 19.868 19.808 19.596 19.153 18.391 17.237 15.664 13.696 11.366 8.794 6.502 4.645 3.235 2.223 1.510 0.994 0.618 0.368 0.223 0.142 0.098 0.075 0.062 0.053 0.044 0.037 0.031 0.026 0.023 0.019 0.017 0.015 0.014 0.013 0.013 0.012 0.012 0.012 0.012 0.012 0.013 0.013 0.014 0.016 0.017 0.019 0.021 0.023 0.025 0.028 0.030 0.033 0.036 0.041 0.048 0.058 0.076 0.106 0.158 0.244 0.373 0.516 0.613
12.076 13.631 15.042 16.248 17.216 17.934 18.418 18.711 18.864 18.928 18.949 18.949 18.943 18.935 18.895 18.787 18.558 18.136 17.416 16.285 14.692 12.662 10.262 7.774 5.624 3.897 2.593 1.659 1.020 0.599 0.340 0.196 0.117 0.075 0.053 0.042 0.035 0.031 0.027 0.023 0.021 0.018 0.016 0.014 0.013 0.012 0.011 0.010 0.010 0.010 0.010 0.010 0.010 0.010 0.010 0.010 0.011 0.012 0.013 0.015 0.017 0.019 0.021 0.024 0.026 0.029 0.033 0.038 0.044 0.053 0.067 0.090 0.128 0.189 0.279 0.399 0.511
10.735 12.312 13.784 15.036 16.035 16.764 17.231 17.468 17.551 17.579 17.615 17.652 17.646 17.572 17.422 17.211 16.909 16.436 15.659 14.440 12.717 10.539 8.126 5.896 4.048 2.613 1.576 0.898 0.502 0.281 0.160 0.095 0.060 0.041 0.031 0.026 0.022 0.020 0.018 0.016 0.015 0.013 0.012 0.011 0.010 0.009 0.008 0.008 0.008 0.008 0.007 0.007 0.007 0.008 0.008 0.008 0.009 0.009 0.010 0.012 0.013 0.015 0.017 0.020 0.023 0.026 0.030 0.034 0.040 0.048 0.061 0.080 0.109 0.155 0.220 0.309 0.411
9.142 10.654 12.152 13.444 14.490 15.259 15.739 15.955 16.004 16.020 16.069 16.121 16.102 15.960 15.697 15.357 14.919 14.276 13.262 11.739 9.651 7.266 5.082 3.399 2.173 1.309 0.734 0.391 0.211 0.120 0.073 0.047 0.033 0.025 0.020 0.018 0.016 0.014 0.013 0.012 0.011 0.010 0.009 0.008 0.008 0.007 0.006 0.006 0.006 0.006 0.006 0.006 0.006 0.006 0.006 0.006 0.006 0.007 0.008 0.009 0.010 0.012 0.014 0.017 0.020 0.023 0.027 0.032 0.038 0.045 0.057 0.074 0.099 0.135 0.185 0.251 0.332
7.462 8.768 10.215 11.557 12.667 13.500 14.029 14.277 14.344 14.363 14.393 14.401 14.321 14.099 13.739 13.260 12.619 11.667 10.209 8.143 5.863 3.905 2.498 1.553 0.936 0.536 0.290 0.153 0.086 0.053 0.036 0.026 0.021 0.017 0.015 0.013 0.012 0.011 0.010 0.009 0.008 0.008 0.007 0.006 0.006 0.005 0.005 0.005 0.004 0.004 0.004 0.004 0.004 0.004 0.004 0.005 0.005 0.005 0.006 0.007 0.008 0.009 0.011 0.014 0.017 0.020 0.024 0.029 0.035 0.043 0.055 0.071 0.093 0.124 0.165 0.216 0.277
5.975 6.981 8.163 9.430 10.554 11.424 12.004 12.309 12.413 12.426 12.389 12.276 12.053 11.705 11.221 10.565 9.645 8.276 6.390 4.420 2.835 1.704 0.989 0.575 0.335 0.191 0.107 0.061 0.039 0.027 0.021 0.017 0.014 0.012 0.011 0.010 0.009 0.008 0.007 0.007 0.006 0.006 0.005 0.005 0.004 0.004 0.004 0.004 0.003 0.003 0.003 0.003 0.003 0.003 0.003 0.003 0.003 0.004 0.004 0.005 0.006 0.007 0.009 0.011 0.014 0.018 0.022 0.027 0.034 0.042 0.053 0.069 0.091 0.119 0.154 0.195 0.244
4.662 5.369 6.164 7.087 8.021 8.798 9.351 9.664 9.780 9.776 9.660 9.380 8.938 8.371 7.690 6.859 5.804 4.493 3.068 1.890 1.078 0.589 0.326 0.190 0.114 0.070 0.043 0.029 0.021 0.017 0.014 0.012 0.010 0.009 0.008 0.007 0.006 0.006 0.005 0.005 0.004 0.004 0.004 0.003 0.003 0.003 0.003 0.003 0.003 0.003 0.003 0.003 0.003 0.003 0.002 0.002 0.002 0.003 0.003 0.003 0.004 0.005 0.007 0.009 0.012 0.016 0.020 0.026 0.032 0.041 0.053 0.068 0.089 0.116 0.148 0.185 0.227
3.484 3.912 4.357 4.825 5.288 5.686 5.999 6.199 6.271 6.251 6.097 5.765 5.284 4.700 4.074 3.426 2.706 1.879 1.135 0.624 0.330 0.180 0.105 0.066 0.044 0.030 0.022 0.017 0.014 0.011 0.010 0.008 0.007 0.006 0.006 0.005 0.005 0.004 0.004 0.003 0.003 0.003 0.003 0.002 0.002 0.002 0.002 0.002 0.002 0.002 0.002 0.002 0.002 0.002 0.002 0.002 0.002 0.002 0.002 0.002 0.003 0.004 0.006 0.008 0.011 0.014 0.019 0.024 0.031 0.040 0.052 0.068 0.088 0.113 0.144 0.180 0.222
2.433 2.635 2.827 2.999 3.135 3.233 3.292 3.313 3.301 3.258 3.143 2.919 2.574 2.140 1.724 1.345 0.969 0.604 0.337 0.180 0.099 0.060 0.040 0.029 0.022 0.017 0.014 0.011 0.009 0.008 0.007 0.006 0.005 0.004 0.004 0.003 0.003 0.003 0.003 0.002 0.002 0.002 0.002 0.002 0.002 0.002 0.002 0.002 0.002 0.002 0.002 0.002 0.002 0.002 0.001 0.001 0.001 0.001 0.001 0.001 0.002 0.003 0.004 0.006 0.009 0.012 0.017 0.022 0.030 0.039 0.051 0.066 0.086 0.111 0.141 0.178 0.222
1.554 1.615 1.664 1.690 1.679 1.630 1.561 1.498 1.445 1.388 1.308 1.182 0.995 0.765 0.574 0.420 0.282 0.171 0.097 0.057 0.036 0.026 0.020 0.016 0.013 0.011 0.009 0.008 0.006 0.005 0.005 0.004 0.003 0.003 0.003 0.002 0.002 0.002 0.002 0.002 0.002 0.002 0.002 0.002 0.002 0.002 0.002 0.002 0.002 0.002 0.002 0.002 0.002 0.002 0.001 0.001 0.001 0.001 0.000 0.001 0.001 0.002 0.003 0.005 0.007 0.011 0.015 0.021 0.028 0.037 0.048 0.063 0.083 0.107 0.139 0.178 0.226
0.898 0.895 0.883 0.859 0.810 0.731 0.642 0.576 0.526 0.483 0.439 0.385 0.314 0.233 0.170 0.122 0.083 0.053 0.035 0.024 0.018 0.015 0.012 0.010 0.009 0.007 0.006 0.005 0.004 0.004 0.003 0.003 0.002 0.002 0.002 0.002 0.002 0.001 0.001 0.001 0.001 0.001 0.001 0.002 0.002 0.002 0.002 0.002 0.003 0.003 0.003 0.002 0.002 0.001 0.001 0.001 0.000 0.000 0.000 0.000 0.000 0.001 0.002 0.004 0.006 0.009 0.013 0.018 0.025 0.034 0.045 0.059 0.078 0.102 0.135 0.178 0.232
0.460 0.440 0.419 0.392 0.354 0.298 0.241 0.201 0.174 0.154 0.135 0.116 0.094 0.071 0.053 0.040 0.030 0.022 0.017 0.014 0.011 0.010 0.008 0.007 0.006 0.005 0.004 0.003 0.003 0.002 0.002 0.002 0.002 0.002 0.001 0.001 0.001 0.001 0.001 0.001 0.001 0.001 0.002 0.002 0.002 0.002 0.003 0.003 0.003 0.003 0.003 0.002 0.002 0.001 0.001 0.000 0.000 0.000 0.000 0.000 0.000 0.000 0.001 0.003 0.004 0.007 0.011 0.016 0.022 0.029 0.039 0.052 0.069 0.093 0.127 0.173 0.231
0.205 0.190 0.177 0.162 0.141 0.112 0.085 0.067 0.056 0.049 0.043 0.038 0.032 0.026 0.021 0.018 0.015 0.012 0.010 0.009 0.007 0.006 0.005 0.005 0.004 0.003 0.003 0.002 0.002 0.002 0.002 0.002 0.001 0.001 0.001 0.001 0.001 0.001 0.001 0.002 0.002 0.002 0.002 0.002 0.003 0.003 0.004 0.004 0.004 0.003 0.003 0.002 0.001 0.001 0.001 0.000 0.000 0.000 0.000 0.000 0.000 0.000 0.001 0.002 0.003 0.005 0.008 0.012 0.017 0.023 0.031 0.042 0.057 0.078 0.110 0.155 0.215
0.081 0.074 0.068 0.061 0.052 0.040 0.029 0.023 0.020 0.018 0.017 0.015 0.014 0.013 0.011 0.010 0.009 0.008 0.007 0.006 0.005 0.004 0.004 0.003 0.003 0.002 0.002 0.002 0.002 0.002 0.002 0.002 0.002 0.002 0.002 0.002 0.002 0.002 0.002 0.002 0.003 0.003 0.003 0.004 0.004 0.004 0.004 0.004 0.004 0.003 0.003 0.002 0.001 0.001 0.000 0.000 0.000 0.000 0.000 0.000 0.000 0.000 0.000 0.001 0.002 0.003 0.006 0.009 0.012 0.017 0.023 0.031 0.041 0.056 0.081 0.119 0.175
0.030 0.028 0.025 0.023 0.019 0.015 0.011 0.009 0.009 0.008 0.008 0.008 0.008 0.007 0.007 0.006 0.006 0.005 0.004 0.004 0.003 0.003 0.002 0.002 0.002 0.002 0.002 0.002 0.002 0.002 0.002 0.002 0.002 0.002 0.002 0.003 0.003 0.003 0.004 0.004 0.004 0.004 0.004 0.005 0.005 0.005 0.005 0.004 0.004 0.003 0.002 0.002 0.001 0.001 0.000 0.000 0.000 0.000 0.000 0.000 0.000 0.000 0.000 0.000 0.001 0.002 0.004 0.006 0.009 0.012 0.016 0.022 0.028 0.038 0.052 0.076 0.114
0.011 0.011 0.010 0.009 0.008 0.006 0.005 0.005 0.004 0.004 0.004 0.004 0.005 0.004 0.004 0.004 0.004 0.003 0.003 0.002 0.002 0.002 0.002 0.002 0.002 0.002 0.002 0.002 0.002 0.003 0.003 0.003 0.003 0.004 0.004 0.004 0.005 0.005 0.005 0.005 0.005 0.005 0.005 0.005 0.005 0.005 0.005 0.004 0.004 0.003 0.002 0.001 0.001 0.001 0.000 0.000 0.000 0.000 0.000 0.000 0.000 0.000 0.000 0.000 0.000 0.001 0.002 0.004 0.006 0.009 0.012 0.015 0.020 0.025 0.034 0.047 0.068
0.005 0.005 0.004 0.004 0.004 0.003 0.003 0.003 0.003 0.003 0.003 0.003 0.003 0.003 0.003 0.003 0.003 0.002 0.002 0.002 0.002 0.002 0.002 0.002 0.002 0.003 0.003 0.004 0.004 0.005 0.005 0.005 0.006 0.006 0.006 0.006 0.006 0.006 0.006 0.006 0.005 0.005 0.005 0.005 0.005 0.004 0.004 0.004 0.003 0.002 0.001 0.001 0.001 0.000 0.000 0.000 0.000 0.000 0.000 0.000 0.000 0.000 0.000 0.000 0.000 0.001 0.001 0.003 0.004 0.006 0.008 0.011 0.014 0.018 0.023 0.030 0.041
0.002 0.002 0.002 0.002 0.002 0.002 0.002 0.002 0.002 0.002 0.002 0.002 0.002 0.002 0.002 0.002 0.002 0.002 0.002 0.002 0.002 0.002 0.002 0.003 0.004 0.005 0.005 0.006 0.007 0.007 0.007 0.007 0.007 0.007 0.007 0.007 0.007 0.006 0.006 0.006 0.005 0.005 0.005 0.004 0.004 0.004 0.003 0.003 0.002 0.002 0.001 0.001 0.000 0.000 0.000 0.000 0.000 0.000 0.000 0.000 0.000 0.000 0.000 0.000 0.000 0.000 0.001 0.001 0.002 0.004 0.006 0.008 0.010 0.013 0.016 0.021 0.027
0.001 0.001 0.001 0.001 0.001 0.001 0.001 0.001 0.001 0.001 0.001 0.001 0.001 0.001 0.001 0.002 0.002 0.002 0.002 0.002 0.002 0.003 0.004 0.005 0.006 0.007 0.008 0.008 0.008 0.008 0.008 0.008 0.008 0.007 0.007 0.007 0.007 0.006 0.006 0.006 0.005 0.005 0.004 0.004 0.003 0.003 0.002 0.002 0.001 0.001 0.001 0.000 0.000 0.000 0.000 0.000 0.000 0.000 0.000 0.000 0.000 0.000 0.000 0.000 0.000 0.000 0.000 0.001 0.001 0.002 0.004 0.005 0.007 0.009 0.012 0.015 0.019
0.001 0.001 0.001 0.001 0.001 0.001 0.001 0.001 0.001 0.001 0.001 0.001 0.001 0.001 0.001 0.001 0.002 0.002 0.002 0.003 0.003 0.004 0.006 0.007 0.008 0.009 0.009 0.009 0.009 0.009 0.008 0.008 0.008 0.007 0.007 0.007 0.007 0.006 0.006 0.005 0.004 0.004 0.003 0.002 0.002 0.002 0.001 0.001 0.001 0.001 0.001 0.000 0.000 0.000 0.000 0.000 0.000 0.000 0.000 0.000 0.000 0.000 0.000 0.000 0.000 0.000 0.000 0.000 0.001 0.001 0.002 0.003 0.005 0.006 0.008 0.011 0.013
0.001 0.001 0.001 0.001 0.001 0.001 0.001 0.001 0.001 0.001 0.001 0.001 0.001 0.001 0.001 0.001 0.002 0.002 0.003 0.004 0.005 0.006 0.007 0.008 0.009 0.009 0.009 0.009 0.009 0.009 0.008 0.008 0.007 0.007 0.007 0.007 0.006 0.006 0.005 0.004 0.003 0.003 0.002 0.002 0.001 0.001 0.001 0.001 0.001 0.000 0.000 0.000 0.000 0.000 0.000 0.000 0.000 0.000 0.000 0.000 0.000 0.000 0.000 0.000 0.000 0.000 0.000 0.000 0.000 0.000 0.001 0.002 0.003 0.004 0.006 0.007 0.009
0.001 0.001 0.001 0.001 0.001 0.001 0.001 0.001 0.001 0.001 0.001 0.001 0.001 0.001 0.001 0.001 0.002 0.002 0.003 0.004 0.005 0.006 0.007 0.008 0.009 0.009 0.009 0.009 0.009 0.008 0.008 0.007 0.007 0.007 0.006 0.006 0.005 0.005 0.004 0.003 0.002 0.002 0.001 0.001 0.001 0.001 0.001 0.001 0.000 0.000 0.000 0.000 0.000 0.000 0.000 0.000 0.000 0.000 0.000 0.000 0.000 0.000 0.000 0.000 0.000 0.000 0.000 0.000 0.000 0.000 0.000 0.001 0.002 0.003 0.004 0.005 0.007
0.000 0.000 0.000 0.000 0.000 0.000 0.001 0.001 0.001 0.001 0.001 0.001 0.001 0.001 0.001 0.001 0.002 0.003 0.003 0.004 0.005 0.006 0.007 0.008 0.008 0.008 0.008 0.008 0.008 0.008 0.007 0.007 0.006 0.005 0.005 0.004 0.004 0.003 0.002 0.002 0.001 0.001 0.001 0.001 0.001 0.001 0.000 0.000 0.000 0.000 0.000 0.000 0.000 0.000 0.000 0.000 0.000 0.000 0.000 0.000 0.000 0.000 0.000 0.000 0.000 0.000 0.000 0.000 0.000 0.000 0.000 0.000 0.001 0.001 0.002 0.003 0.004
0.000 0.000 0.000 0.000 0.000 0.000 0.000 0.000 0.000 0.000 0.001 0.001 0.001 0.001 0.001 0.001 0.002 0.002 0.003 0.004 0.005 0.006 0.007 0.007 0.007 0.008 0.008 0.007 0.007 0.007 0.006 0.006 0.005 0.004 0.003 0.002 0.002 0.002 0.001 0.001 0.001 0.001 0.001 0.001 0.000 0.000 0.000 0.000 0.000 0.000 0.000 0.000 0.000 0.000 0.000 0.000 0.000 0.000 0.000 0.000 0.000 0.000 0.000 0.000 0.000 0.000 0.000 0.000 0.000 0.000 0.000 0.000 0.000 0.000 0.001 0.002 0.003
0.000 0.000 0.000 0.000 0.000 0.000 0.000 0.000 0.000 0.000 0.000 0.001 0.001 0.001 0.001 0.001 0.002 0.002 0.003 0.004 0.005 0.005 0.006 0.006 0.006 0.006 0.006 0.006 0.005 0.005 0.004 0.004 0.003 0.002 0.002 0.001 0.001 0.001 0.001 0.001 0.001 0.001 0.000 0.000 0.000 0.000 0.000 0.000 0.000 0.000 0.000 0.000 0.000 0.000 0.000 0.000 0.000 0.000 0.000 0.000 0.000 0.000 0.000 0.000 0.000 0.000 0.000 0.000 0.000 0.000 0.000 0.000 0.000 0.000 0.000 0.001 0.001
0.000 0.000 0.000 0.000 0.000 0.000 0.000 0.000 0.000 0.000 0.000 0.000 0.001 0.001 0.001 0.001 0.001 0.002 0.003 0.003 0.004 0.004 0.004 0.004 0.004 0.004 0.004 0.003 0.003 0.003 0.003 0.002 0.002 0.001 0.001 0.001 0.001 0.001 0.001 0.001 0.000 0.000 0.000 0.000 0.000 0.000 0.000 0.000 0.000 0.000 0.000 0.000 0.000 0.000 0.000 0.000 0.000 0.000 0.000 0.000 0.000 0.000 0.000 0.000 0.000 0.000 0.000 0.000 0.000 0.000 0.000 0.000 0.000 0.000 0.000 0.000 0.001
