RESULTS/r.avaflow_results/23_results/23_ascii/23_hflow10050.asc
ncols 506
nrows 317
xllcenter 498237.50
yllcenter 5580050.00
cellsize 12.50
NODATA_value -9999.000
[rows 170 to 203 of 317, columns 154 to 230 of 506]
3.687 3.353 3.040 2.755 2.493 2.257 2.045 1.849 1.668 1.498 1.338 1.188 1.049 0.922 0.805 0.696 0.594 0.502 0.418 0.345 0.281 0.225 0.177 0.137 0.105 0.081 0.064 0.054 0.049 0.047 0.046 0.046 0.046 0.045 0.044 0.044 0.044 0.043 0.042 0.040 0.037 0.034 0.032 0.029 0.027 0.024 0.020 0.016 0.013 0.011 0.008 0.006 0.005 0.004 0.004 0.003 0.003 0.003 0.003 0.003 0.003 0.003 0.003 0.003 0.003 0.003 0.004 0.004 0.005 0.007 0.010 0.011 0.012 0.011 0.010 0.007 0.005
3.994 3.689 3.397 3.125 2.865 2.622 2.394 2.180 1.981 1.791 1.611 1.442 1.285 1.139 1.003 0.875 0.753 0.639 0.533 0.438 0.356 0.284 0.224 0.173 0.133 0.101 0.077 0.062 0.055 0.053 0.052 0.052 0.052 0.051 0.049 0.047 0.046 0.044 0.043 0.040 0.037 0.033 0.030 0.027 0.024 0.020 0.016 0.011 0.008 0.005 0.004 0.003 0.003 0.002 0.002 0.002 0.002 0.002 0.003 0.003 0.003 0.003 0.002 0.002 0.002 0.002 0.002 0.003 0.004 0.005 0.008 0.010 0.011 0.011 0.011 0.009 0.007
4.239 3.961 3.688 3.427 3.169 2.924 2.692 2.473 2.264 2.064 1.874 1.692 1.518 1.352 1.194 1.045 0.904 0.773 0.652 0.542 0.443 0.356 0.281 0.218 0.166 0.125 0.093 0.072 0.060 0.055 0.054 0.053 0.053 0.052 0.050 0.048 0.045 0.043 0.041 0.037 0.033 0.028 0.025 0.021 0.017 0.013 0.008 0.005 0.004 0.003 0.002 0.002 0.002 0.002 0.002 0.002 0.002 0.002 0.002 0.002 0.002 0.002 0.002 0.002 0.002 0.002 0.002 0.002 0.003 0.003 0.005 0.008 0.010 0.010 0.011 0.010 0.009
4.413 4.161 3.907 3.658 3.413 3.179 2.954 2.737 2.529 2.325 2.128 1.935 1.748 1.563 1.382 1.210 1.047 0.897 0.760 0.636 0.525 0.427 0.341 0.266 0.204 0.153 0.112 0.083 0.065 0.057 0.054 0.053 0.052 0.050 0.048 0.045 0.042 0.039 0.035 0.030 0.024 0.019 0.015 0.011 0.008 0.006 0.004 0.003 0.002 0.002 0.001 0.001 0.001 0.001 0.001 0.001 0.002 0.002 0.002 0.002 0.002 0.002 0.002 0.001 0.001 0.001 0.001 0.002 0.002 0.002 0.004 0.006 0.008 0.010 0.010 0.010 0.010
4.517 4.288 4.059 3.833 3.610 3.392 3.182 2.974 2.772 2.569 2.369 2.169 1.970 1.767 1.560 1.362 1.176 1.006 0.852 0.714 0.592 0.483 0.388 0.305 0.234 0.176 0.130 0.096 0.072 0.059 0.052 0.049 0.047 0.045 0.042 0.039 0.035 0.030 0.025 0.019 0.013 0.009 0.007 0.005 0.004 0.003 0.002 0.001 0.001 0.001 0.001 0.001 0.001 0.001 0.001 0.001 0.002 0.002 0.002 0.002 0.002 0.001 0.001 0.001 0.001 0.001 0.001 0.001 0.001 0.002 0.002 0.004 0.006 0.009 0.010 0.010 0.010
4.569 4.365 4.163 3.962 3.764 3.568 3.375 3.179 2.987 2.791 2.592 2.388 2.176 1.955 1.721 1.494 1.285 1.095 0.925 0.775 0.642 0.524 0.421 0.332 0.255 0.192 0.142 0.104 0.077 0.060 0.050 0.044 0.040 0.036 0.032 0.027 0.022 0.018 0.013 0.009 0.006 0.004 0.003 0.002 0.002 0.001 0.001 0.001 0.001 0.001 0.001 0.001 0.001 0.001 0.001 0.001 0.002 0.002 0.002 0.002 0.001 0.001 0.001 0.001 0.001 0.001 0.001 0.001 0.001 0.001 0.002 0.003 0.004 0.007 0.009 0.010 0.010
4.585 4.402 4.225 4.052 3.879 3.706 3.532 3.353 3.171 2.985 2.791 2.584 2.360 2.119 1.855 1.598 1.367 1.159 0.976 0.815 0.675 0.551 0.443 0.349 0.268 0.201 0.149 0.109 0.079 0.059 0.046 0.037 0.030 0.023 0.018 0.014 0.011 0.009 0.006 0.005 0.003 0.002 0.002 0.001 0.001 0.001 0.001 0.001 0.001 0.001 0.001 0.001 0.001 0.001 0.001 0.001 0.002 0.002 0.002 0.002 0.001 0.001 0.001 0.001 0.001 0.001 0.001 0.001 0.001 0.001 0.001 0.002 0.003 0.005 0.007 0.008 0.009
4.583 4.416 4.264 4.114 3.965 3.814 3.658 3.497 3.330 3.153 2.964 2.753 2.515 2.251 1.957 1.673 1.421 1.199 1.005 0.837 0.692 0.565 0.455 0.357 0.274 0.205 0.150 0.109 0.079 0.058 0.042 0.029 0.020 0.013 0.009 0.007 0.005 0.004 0.003 0.002 0.002 0.001 0.001 0.001 0.001 0.001 0.001 0.001 0.001 0.001 0.001 0.001 0.001 0.001 0.001 0.002 0.002 0.002 0.002 0.002 0.001 0.001 0.001 0.001 0.001 0.001 0.001 0.001 0.001 0.001 0.001 0.002 0.002 0.003 0.005 0.007 0.008
4.573 4.416 4.278 4.151 4.024 3.894 3.761 3.619 3.467 3.301 3.115 2.899 2.646 2.355 2.030 1.722 1.453 1.219 1.017 0.844 0.696 0.569 0.457 0.359 0.273 0.202 0.147 0.105 0.074 0.051 0.033 0.020 0.012 0.007 0.004 0.003 0.003 0.002 0.002 0.001 0.001 0.001 0.001 0.001 0.001 0.001 0.001 0.001 0.001 0.001 0.001 0.001 0.001 0.002 0.002 0.002 0.002 0.002 0.002 0.002 0.001 0.001 0.001 0.001 0.001 0.001 0.001 0.001 0.001 0.001 0.001 0.001 0.002 0.003 0.004 0.005 0.006
4.544 4.403 4.280 4.168 4.063 3.956 3.847 3.726 3.591 3.435 3.247 3.021 2.754 2.437 2.083 1.757 1.473 1.227 1.019 0.843 0.693 0.564 0.450 0.349 0.262 0.189 0.131 0.088 0.058 0.036 0.020 0.011 0.006 0.004 0.002 0.002 0.001 0.001 0.001 0.001 0.001 0.001 0.001 0.001 0.001 0.001 0.001 0.001 0.001 0.001 0.002 0.002 0.002 0.002 0.002 0.002 0.002 0.002 0.002 0.002 0.001 0.001 0.001 0.001 0.001 0.001 0.001 0.001 0.001 0.001 0.001 0.001 0.001 0.002 0.003 0.004 0.005
4.499 4.374 4.264 4.169 4.085 4.001 3.916 3.821 3.702 3.553 3.361 3.122 2.834 2.494 2.120 1.781 1.486 1.232 1.016 0.832 0.675 0.540 0.421 0.317 0.228 0.154 0.097 0.056 0.031 0.017 0.009 0.005 0.003 0.002 0.002 0.001 0.001 0.001 0.001 0.001 0.001 0.001 0.001 0.001 0.001 0.001 0.001 0.001 0.001 0.002 0.002 0.002 0.003 0.003 0.003 0.003 0.003 0.002 0.002 0.002 0.002 0.001 0.001 0.001 0.001 0.001 0.001 0.001 0.001 0.001 0.001 0.001 0.001 0.002 0.002 0.003 0.004
4.428 4.320 4.232 4.155 4.095 4.036 3.976 3.902 3.795 3.648 3.445 3.193 2.886 2.526 2.143 1.797 1.493 1.229 1.002 0.803 0.629 0.478 0.350 0.244 0.159 0.094 0.050 0.024 0.012 0.007 0.004 0.003 0.002 0.001 0.001 0.001 0.001 0.001 0.001 0.001 0.001 0.001 0.001 0.001 0.001 0.001 0.001 0.001 0.002 0.002 0.003 0.003 0.004 0.004 0.004 0.004 0.004 0.003 0.003 0.002 0.002 0.001 0.001 0.001 0.001 0.001 0.001 0.001 0.001 0.001 0.001 0.001 0.001 0.001 0.002 0.002 0.003
4.329 4.242 4.178 4.126 4.087 4.052 4.017 3.961 3.858 3.704 3.493 3.227 2.906 2.535 2.151 1.803 1.492 1.212 0.958 0.728 0.524 0.349 0.216 0.127 0.071 0.038 0.018 0.009 0.005 0.003 0.002 0.002 0.001 0.001 0.001 0.001 0.001 0.001 0.001 0.001 0.001 0.001 0.001 0.001 0.001 0.001 0.001 0.002 0.002 0.003 0.004 0.005 0.005 0.005 0.005 0.005 0.005 0.004 0.003 0.002 0.002 0.002 0.001 0.001 0.001 0.001 0.001 0.001 0.001 0.001 0.001 0.001 0.001 0.001 0.002 0.002 0.003
4.203 4.143 4.103 4.077 4.066 4.056 4.032 3.982 3.882 3.723 3.504 3.223 2.893 2.514 2.127 1.767 1.431 1.112 0.811 0.541 0.320 0.168 0.083 0.043 0.023 0.012 0.006 0.003 0.002 0.002 0.001 0.001 0.001 0.001 0.001 0.001 0.001 0.001 0.001 0.001 0.001 0.001 0.001 0.001 0.001 0.002 0.002 0.002 0.003 0.004 0.006 0.007 0.008 0.008 0.008 0.008 0.007 0.006 0.004 0.003 0.002 0.002 0.001 0.001 0.001 0.001 0.001 0.001 0.001 0.001 0.001 0.001 0.001 0.001 0.002 0.002 0.002
4.056 4.021 4.000 3.992 3.988 3.983 3.960 3.909 3.811 3.651 3.415 3.104 2.743 2.339 1.936 1.548 1.168 0.804 0.485 0.252 0.116 0.051 0.024 0.012 0.007 0.004 0.002 0.002 0.002 0.001 0.001 0.001 0.001 0.001 0.001 0.001 0.001 0.001 0.001 0.001 0.001 0.001 0.001 0.002 0.002 0.002 0.003 0.003 0.005 0.007 0.009 0.011 0.012 0.013 0.013 0.012 0.010 0.007 0.005 0.004 0.003 0.002 0.002 0.001 0.001 0.001 0.001 0.001 0.001 0.001 0.001 0.001 0.001 0.001 0.001 0.002 0.002
3.881 3.866 3.836 3.785 3.710 3.642 3.578 3.502 3.401 3.248 3.008 2.672 2.255 1.798 1.372 0.980 0.627 0.347 0.167 0.071 0.029 0.013 0.007 0.004 0.003 0.002 0.002 0.001 0.001 0.001 0.001 0.001 0.001 0.001 0.001 0.001 0.001 0.001 0.001 0.002 0.002 0.002 0.002 0.002 0.002 0.003 0.004 0.006 0.009 0.013 0.017 0.020 0.022 0.022 0.021 0.018 0.014 0.010 0.007 0.005 0.004 0.003 0.002 0.001 0.001 0.001 0.001 0.001 0.001 0.001 0.001 0.001 0.001 0.001 0.001 0.002 0.002
3.616 3.553 3.430 3.243 3.003 2.797 2.631 2.491 2.364 2.217 2.002 1.689 1.277 0.869 0.568 0.354 0.198 0.095 0.040 0.016 0.008 0.004 0.003 0.002 0.002 0.002 0.002 0.001 0.001 0.001 0.001 0.002 0.002 0.002 0.002 0.002 0.002 0.002 0.002 0.002 0.002 0.002 0.003 0.003 0.004 0.005 0.008 0.012 0.018 0.027 0.033 0.037 0.038 0.036 0.031 0.023 0.017 0.012 0.009 0.006 0.004 0.003 0.002 0.001 0.001 0.001 0.001 0.001 0.001 0.001 0.001 0.001 0.001 0.001 0.001 0.002 0.003
3.072 2.860 2.570 2.205 1.821 1.513 1.297 1.149 1.034 0.927 0.802 0.638 0.434 0.264 0.155 0.088 0.046 0.022 0.010 0.005 0.003 0.002 0.002 0.002 0.002 0.002 0.002 0.002 0.002 0.002 0.002 0.002 0.002 0.002 0.002 0.002 0.003 0.003 0.003 0.003 0.004 0.004 0.005 0.007 0.008 0.012 0.018 0.028 0.042 0.055 0.063 0.066 0.060 0.049 0.037 0.027 0.020 0.014 0.010 0.007 0.005 0.003 0.002 0.001 0.001 0.001 0.001 0.001 0.001 0.001 0.001 0.001 0.001 0.001 0.001 0.002 0.003
2.117 1.779 1.445 1.134 0.865 0.653 0.503 0.403 0.335 0.280 0.228 0.170 0.108 0.064 0.037 0.021 0.012 0.006 0.004 0.003 0.002 0.002 0.002 0.002 0.002 0.002 0.002 0.002 0.002 0.002 0.002 0.003 0.003 0.003 0.003 0.004 0.004 0.005 0.006 0.007 0.008 0.010 0.013 0.016 0.021 0.030 0.047 0.070 0.091 0.103 0.105 0.094 0.073 0.054 0.039 0.029 0.021 0.015 0.010 0.007 0.005 0.003 0.002 0.001 0.001 0.001 0.001 0.001 0.001 0.001 0.001 0.001 0.001 0.001 0.001 0.002 0.003
1.095 0.868 0.673 0.504 0.363 0.254 0.179 0.130 0.100 0.079 0.060 0.043 0.027 0.017 0.010 0.007 0.004 0.003 0.003 0.002 0.002 0.002 0.002 0.002 0.002 0.002 0.002 0.003 0.003 0.003 0.004 0.004 0.005 0.006 0.007 0.009 0.010 0.012 0.015 0.019 0.023 0.029 0.036 0.045 0.059 0.082 0.117 0.149 0.165 0.160 0.137 0.105 0.077 0.055 0.040 0.029 0.021 0.015 0.011 0.007 0.005 0.003 0.002 0.001 0.001 0.001 0.001 0.001 0.001 0.001 0.001 0.001 0.001 0.001 0.001 0.002 0.003
0.466 0.358 0.271 0.198 0.137 0.091 0.060 0.042 0.031 0.024 0.018 0.013 0.009 0.006 0.005 0.004 0.003 0.003 0.002 0.002 0.002 0.002 0.002 0.002 0.003 0.003 0.004 0.005 0.005 0.007 0.008 0.010 0.013 0.016 0.019 0.023 0.028 0.035 0.044 0.055 0.068 0.083 0.101 0.122 0.150 0.188 0.225 0.240 0.229 0.194 0.147 0.107 0.077 0.056 0.040 0.029 0.021 0.015 0.010 0.007 0.005 0.003 0.002 0.001 0.001 0.001 0.001 0.001 0.001 0.001 0.001 0.001 0.001 0.001 0.001 0.002 0.003
0.173 0.132 0.100 0.071 0.049 0.032 0.022 0.015 0.012 0.009 0.008 0.006 0.005 0.004 0.003 0.003 0.003 0.003 0.002 0.002 0.002 0.003 0.003 0.004 0.005 0.006 0.008 0.010 0.013 0.017 0.022 0.029 0.036 0.045 0.055 0.067 0.084 0.105 0.129 0.155 0.181 0.208 0.233 0.256 0.278 0.297 0.305 0.294 0.258 0.202 0.148 0.107 0.078 0.056 0.040 0.029 0.021 0.015 0.010 0.007 0.005 0.003 0.002 0.001 0.001 0.001 0.001 0.000 0.000 0.000 0.000 0.001 0.001 0.001 0.001 0.002 0.003
0.061 0.047 0.036 0.027 0.019 0.014 0.010 0.008 0.007 0.006 0.005 0.005 0.004 0.004 0.003 0.003 0.003 0.003 0.003 0.003 0.003 0.004 0.005 0.007 0.010 0.014 0.020 0.029 0.039 0.052 0.067 0.087 0.109 0.133 0.160 0.191 0.231 0.273 0.313 0.342 0.357 0.359 0.358 0.356 0.355 0.351 0.339 0.311 0.263 0.201 0.148 0.107 0.077 0.056 0.040 0.029 0.021 0.015 0.010 0.007 0.005 0.003 0.002 0.001 0.001 0.001 0.000 0.000 0.000 0.000 0.000 0.000 0.000 0.001 0.001 0.001 0.002
0.022 0.019 0.016 0.013 0.011 0.009 0.008 0.007 0.006 0.006 0.005 0.005 0.004 0.004 0.003 0.003 0.003 0.003 0.003 0.004 0.005 0.008 0.012 0.018 0.028 0.042 0.062 0.089 0.122 0.160 0.203 0.253 0.304 0.354 0.403 0.455 0.502 0.530 0.529 0.506 0.471 0.435 0.411 0.393 0.379 0.365 0.345 0.312 0.262 0.200 0.147 0.106 0.076 0.055 0.039 0.028 0.020 0.014 0.010 0.007 0.004 0.003 0.002 0.001 0.001 0.000 0.000 0.000 0.000 0.000 0.000 0.000 0.000 0.000 0.001 0.001 0.001
0.010 0.010 0.010 0.010 0.009 0.008 0.007 0.007 0.006 0.006 0.005 0.005 0.004 0.004 0.004 0.003 0.004 0.004 0.005 0.007 0.011 0.019 0.033 0.054 0.086 0.132 0.195 0.274 0.356 0.439 0.525 0.610 0.684 0.736 0.768 0.775 0.754 0.709 0.644 0.573 0.505 0.452 0.418 0.396 0.379 0.360 0.337 0.303 0.253 0.192 0.141 0.101 0.073 0.052 0.037 0.026 0.018 0.013 0.008 0.005 0.003 0.002 0.001 0.001 0.000 0.000 0.000 0.000 0.000 0.000 0.000 0.000 0.000 0.000 0.000 0.001 0.001
0.006 0.008 0.009 0.009 0.009 0.009 0.008 0.008 0.007 0.007 0.006 0.005 0.005 0.004 0.004 0.004 0.005 0.006 0.010 0.017 0.032 0.058 0.101 0.168 0.263 0.390 0.544 0.700 0.835 0.941 1.018 1.062 1.072 1.055 1.016 0.954 0.872 0.773 0.672 0.582 0.506 0.449 0.410 0.381 0.355 0.327 0.297 0.259 0.212 0.159 0.117 0.085 0.061 0.044 0.031 0.022 0.015 0.010 0.006 0.004 0.002 0.001 0.001 0.000 0.000 0.000 0.000 0.000 0.000 0.000 0.000 0.000 0.000 0.000 0.000 0.000 0.001
0.005 0.007 0.009 0.011 0.011 0.012 0.011 0.011 0.010 0.009 0.008 0.007 0.006 0.006 0.006 0.007 0.009 0.015 0.027 0.051 0.098 0.178 0.301 0.469 0.684 0.920 1.137 1.284 1.357 1.384 1.370 1.327 1.264 1.189 1.103 1.005 0.896 0.779 0.671 0.578 0.499 0.434 0.380 0.333 0.290 0.248 0.207 0.167 0.129 0.096 0.072 0.054 0.041 0.030 0.022 0.015 0.010 0.006 0.003 0.002 0.001 0.000 0.000 0.000 0.000 0.000 0.000 0.000 0.000 0.000 0.000 0.000 0.000 0.000 0.000 0.000 0.000
0.005 0.008 0.011 0.015 0.017 0.017 0.017 0.017 0.016 0.014 0.012 0.011 0.010 0.010 0.010 0.013 0.021 0.040 0.080 0.157 0.287 0.478 0.731 1.014 1.278 1.474 1.593 1.642 1.640 1.600 1.523 1.422 1.315 1.213 1.112 1.007 0.895 0.775 0.662 0.562 0.473 0.390 0.313 0.243 0.183 0.137 0.103 0.078 0.059 0.046 0.037 0.030 0.024 0.019 0.014 0.009 0.006 0.003 0.002 0.001 0.000 0.000 0.000 0.000 0.000 0.000 0.000 0.000 0.000 0.000 0.000 0.000 0.000 0.000 0.000 0.000 0.000
0.006 0.009 0.016 0.023 0.027 0.029 0.029 0.029 0.028 0.026 0.022 0.020 0.019 0.019 0.021 0.031 0.058 0.116 0.226 0.410 0.674 0.969 1.248 1.480 1.654 1.755 1.789 1.782 1.747 1.679 1.576 1.446 1.322 1.213 1.110 1.005 0.891 0.763 0.633 0.513 0.401 0.296 0.205 0.137 0.093 0.064 0.046 0.035 0.028 0.024 0.021 0.018 0.015 0.012 0.008 0.006 0.003 0.002 0.001 0.000 0.000 0.000 0.000 0.000 0.000 0.000 0.000 0.000 0.000 0.000 0.000 0.000 0.000 0.000 0.000 0.000 0.000
0.007 0.013 0.023 0.036 0.044 0.049 0.051 0.052 0.051 0.049 0.044 0.040 0.039 0.041 0.050 0.080 0.152 0.289 0.511 0.805 1.097 1.339 1.534 1.686 1.788 1.833 1.838 1.826 1.788 1.712 1.597 1.452 1.315 1.199 1.087 0.971 0.842 0.695 0.540 0.396 0.271 0.173 0.108 0.068 0.045 0.031 0.023 0.019 0.016 0.015 0.013 0.012 0.010 0.008 0.005 0.003 0.002 0.001 0.000 0.000 0.000 0.000 0.000 0.000 0.000 0.000 0.000 0.000 0.000 0.000 0.000 0.000 0.000 0.000 0.000 0.000 0.000
0.009 0.019 0.037 0.059 0.074 0.084 0.089 0.092 0.092 0.089 0.084 0.080 0.079 0.085 0.109 0.176 0.313 0.530 0.815 1.097 1.320 1.490 1.625 1.734 1.809 1.846 1.856 1.848 1.810 1.727 1.600 1.441 1.273 1.117 0.970 0.823 0.670 0.508 0.352 0.227 0.139 0.084 0.052 0.033 0.023 0.018 0.014 0.012 0.011 0.010 0.009 0.008 0.007 0.005 0.003 0.002 0.001 0.000 0.000 0.000 0.000 0.000 0.000 0.000 0.000 0.000 0.000 0.000 0.000 0.000 0.000 0.000 0.000 0.000 0.000 0.000 0.000
0.014 0.032 0.064 0.099 0.122 0.137 0.145 0.148 0.148 0.146 0.140 0.136 0.136 0.144 0.177 0.266 0.434 0.686 0.979 1.216 1.390 1.524 1.639 1.737 1.809 1.848 1.859 1.846 1.799 1.706 1.560 1.367 1.138 0.910 0.705 0.524 0.371 0.249 0.161 0.100 0.061 0.038 0.025 0.018 0.013 0.011 0.010 0.009 0.008 0.007 0.006 0.005 0.004 0.003 0.002 0.001 0.001 0.000 0.000 0.000 0.000 0.000 0.000 0.000 0.000 0.000 0.000 0.000 0.000 0.000 0.000 0.000 0.000 0.000 0.000 0.000 0.000
0.024 0.058 0.113 0.159 0.184 0.194 0.197 0.197 0.196 0.193 0.186 0.180 0.178 0.184 0.217 0.307 0.481 0.742 1.024 1.237 1.398 1.526 1.632 1.713 1.760 1.776 1.756 1.710 1.634 1.517 1.350 1.127 0.847 0.575 0.372 0.237 0.151 0.096 0.061 0.039 0.026 0.018 0.013 0.010 0.008 0.008 0.007 0.006 0.006 0.005 0.004 0.003 0.003 0.002 0.001 0.000 0.000 0.000 0.000 0.000 0.000 0.000 0.000 0.000 0.000 0.000 0.000 0.000 0.000 0.000 0.000 0.000 0.000 0.000 0.000 0.000 0.000
0.046 0.104 0.173 0.214 0.230 0.233 0.233 0.232 0.230 0.227 0.219 0.209 0.204 0.205 0.230 0.314 0.482 0.736 1.008 1.212 1.362 1.472 1.543 1.572 1.551 1.486 1.386 1.280 1.164 1.032 0.874 0.680 0.455 0.275 0.159 0.091 0.054 0.034 0.022 0.015 0.011 0.008 0.007 0.006 0.005 0.005 0.005 0.004 0.004 0.003 0.003 0.002 0.001 0.001 0.000 0.000 0.000 0.000 0.000 0.000 0.000 0.000 0.000 0.000 0.000 0.000 0.000 0.000 0.000 0.000 0.000 0.000 0.000 0.000 0.000 0.000 0.000
