RESULTS/r.avaflow_results/23_results/23_ascii/23_hflow0049.asc
ncols 506
nrows 317
xllcenter 498237.50
yllcenter 5580050.00
cellsize 12.50
NODATA_value -9999.000
[rows 170 to 203 of 317, columns 154 to 230 of 506]
12.522 12.256 11.951 11.629 11.291 10.934 10.595 10.304 10.045 9.806 9.575 9.348 9.104 8.807 8.404 7.858 7.182 6.430 5.651 4.877 4.117 3.364 2.681 2.116 1.682 1.374 1.180 1.084 1.058 1.062 1.084 1.116 1.138 1.150 1.161 1.179 1.219 1.261 1.273 1.258 1.216 1.157 1.100 1.044 0.980 0.897 0.786 0.655 0.535 0.425 0.330 0.260 0.211 0.177 0.155 0.143 0.139 0.140 0.145 0.152 0.157 0.161 0.164 0.167 0.169 0.173 0.183 0.208 0.270 0.400 0.585 0.706 0.742 0.727 0.642 0.474 0.303
14.520 14.560 14.488 14.322 14.100 13.843 13.573 13.299 13.027 12.756 12.486 12.222 11.954 11.652 11.239 10.641 9.840 8.869 7.795 6.676 5.563 4.521 3.594 2.821 2.221 1.776 1.469 1.288 1.217 1.214 1.242 1.283 1.305 1.308 1.301 1.291 1.292 1.295 1.288 1.255 1.193 1.111 1.032 0.955 0.867 0.751 0.593 0.427 0.299 0.214 0.163 0.131 0.112 0.100 0.095 0.093 0.096 0.102 0.109 0.115 0.117 0.118 0.118 0.118 0.118 0.120 0.127 0.146 0.190 0.279 0.440 0.606 0.688 0.709 0.688 0.610 0.460
16.645 17.076 17.264 17.249 17.104 16.886 16.636 16.369 16.089 15.805 15.519 15.234 14.949 14.639 14.233 13.628 12.761 11.647 10.360 8.975 7.549 6.168 4.910 3.832 2.967 2.302 1.816 1.500 1.338 1.286 1.290 1.317 1.335 1.335 1.319 1.294 1.274 1.254 1.223 1.158 1.052 0.928 0.815 0.705 0.585 0.446 0.305 0.202 0.140 0.104 0.083 0.071 0.065 0.062 0.062 0.064 0.069 0.078 0.085 0.088 0.089 0.089 0.088 0.086 0.086 0.087 0.092 0.106 0.135 0.194 0.307 0.480 0.624 0.687 0.698 0.675 0.598
18.111 18.879 19.312 19.468 19.456 19.355 19.196 18.997 18.761 18.507 18.236 17.956 17.667 17.362 16.978 16.408 15.575 14.479 13.163 11.684 10.090 8.430 6.787 5.312 4.072 3.074 2.315 1.788 1.476 1.331 1.288 1.288 1.291 1.283 1.258 1.213 1.161 1.106 1.034 0.914 0.744 0.582 0.456 0.358 0.273 0.195 0.134 0.093 0.069 0.055 0.048 0.043 0.042 0.042 0.043 0.046 0.053 0.061 0.067 0.069 0.069 0.069 0.067 0.066 0.066 0.067 0.071 0.080 0.099 0.137 0.209 0.344 0.528 0.650 0.691 0.692 0.660
18.838 19.819 20.473 20.851 21.053 21.151 21.165 21.100 20.951 20.745 20.504 20.232 19.946 19.651 19.293 18.775 18.014 16.988 15.723 14.273 12.670 10.918 9.012 7.076 5.368 3.966 2.888 2.122 1.631 1.363 1.242 1.189 1.156 1.124 1.075 0.999 0.910 0.810 0.689 0.535 0.383 0.278 0.207 0.158 0.119 0.087 0.064 0.049 0.040 0.034 0.032 0.030 0.030 0.031 0.032 0.036 0.041 0.048 0.053 0.055 0.055 0.055 0.054 0.054 0.054 0.056 0.059 0.065 0.077 0.100 0.145 0.233 0.398 0.578 0.664 0.684 0.674
18.998 20.075 20.888 21.480 21.913 22.232 22.434 22.515 22.471 22.313 22.089 21.809 21.525 21.244 20.921 20.475 19.826 18.918 17.733 16.289 14.624 12.755 10.657 8.354 6.263 4.555 3.252 2.330 1.724 1.360 1.152 1.025 0.930 0.839 0.739 0.634 0.534 0.442 0.350 0.255 0.180 0.130 0.097 0.075 0.058 0.045 0.036 0.030 0.027 0.025 0.024 0.024 0.024 0.025 0.026 0.029 0.033 0.038 0.042 0.045 0.045 0.045 0.046 0.046 0.047 0.049 0.052 0.056 0.064 0.079 0.107 0.164 0.275 0.456 0.597 0.653 0.661
18.863 20.008 20.922 21.636 22.216 22.684 23.001 23.172 23.206 23.094 22.879 22.575 22.292 22.037 21.748 21.364 20.814 20.025 18.936 17.515 15.790 13.800 11.536 9.004 6.679 4.802 3.389 2.400 1.746 1.319 1.030 0.817 0.644 0.501 0.391 0.312 0.256 0.210 0.163 0.121 0.088 0.066 0.051 0.041 0.033 0.028 0.024 0.022 0.020 0.020 0.020 0.020 0.020 0.020 0.022 0.024 0.027 0.031 0.034 0.037 0.038 0.039 0.040 0.041 0.043 0.045 0.047 0.051 0.057 0.067 0.086 0.123 0.193 0.323 0.483 0.585 0.623
18.414 19.649 20.704 21.568 22.259 22.787 23.131 23.320 23.381 23.293 23.086 22.764 22.472 22.224 21.939 21.567 21.049 20.315 19.289 17.908 16.165 14.103 11.750 9.128 6.734 4.809 3.370 2.368 1.687 1.207 0.853 0.584 0.392 0.266 0.189 0.145 0.118 0.098 0.078 0.061 0.048 0.038 0.031 0.026 0.022 0.020 0.018 0.017 0.017 0.017 0.017 0.017 0.017 0.017 0.018 0.020 0.022 0.025 0.028 0.031 0.033 0.035 0.036 0.038 0.040 0.042 0.044 0.047 0.052 0.059 0.073 0.097 0.143 0.222 0.348 0.476 0.555
17.664 19.002 20.201 21.213 22.010 22.582 22.921 23.088 23.126 23.034 22.832 22.512 22.196 21.914 21.592 21.194 20.678 19.986 19.020 17.684 15.956 13.873 11.465 8.810 6.437 4.537 3.121 2.131 1.450 0.960 0.600 0.356 0.213 0.134 0.092 0.070 0.058 0.049 0.041 0.034 0.029 0.025 0.022 0.019 0.017 0.015 0.014 0.014 0.014 0.014 0.014 0.014 0.015 0.015 0.016 0.017 0.019 0.021 0.023 0.026 0.028 0.031 0.033 0.035 0.037 0.039 0.042 0.045 0.049 0.055 0.064 0.081 0.111 0.162 0.242 0.351 0.453
16.670 18.089 19.378 20.471 21.321 21.908 22.235 22.356 22.327 22.196 21.989 21.708 21.371 20.990 20.549 20.068 19.518 18.841 17.926 16.637 14.918 12.796 10.335 7.775 5.560 3.801 2.492 1.577 0.968 0.569 0.321 0.181 0.106 0.068 0.048 0.038 0.033 0.029 0.025 0.022 0.020 0.018 0.016 0.015 0.013 0.013 0.012 0.012 0.012 0.012 0.012 0.012 0.013 0.013 0.014 0.015 0.016 0.018 0.019 0.022 0.024 0.027 0.030 0.032 0.034 0.037 0.039 0.042 0.046 0.051 0.058 0.071 0.093 0.127 0.179 0.253 0.341
15.426 16.856 18.177 19.295 20.169 20.775 21.106 21.184 21.089 20.904 20.705 20.492 20.158 19.651 19.029 18.413 17.785 17.058 16.094 14.734 12.908 10.660 8.189 5.902 4.010 2.546 1.494 0.824 0.451 0.250 0.141 0.084 0.053 0.037 0.029 0.024 0.022 0.020 0.018 0.016 0.015 0.014 0.013 0.012 0.011 0.010 0.010 0.010 0.010 0.010 0.010 0.011 0.011 0.012 0.012 0.013 0.014 0.015 0.017 0.019 0.021 0.023 0.026 0.029 0.032 0.034 0.037 0.040 0.043 0.047 0.055 0.066 0.083 0.108 0.145 0.195 0.260
13.927 15.275 16.590 17.737 18.668 19.340 19.725 19.807 19.691 19.491 19.308 19.105 18.752 18.148 17.385 16.632 15.875 14.981 13.772 12.101 9.916 7.431 5.150 3.404 2.142 1.252 0.665 0.332 0.173 0.099 0.061 0.041 0.030 0.023 0.020 0.017 0.016 0.015 0.014 0.013 0.012 0.011 0.010 0.009 0.009 0.008 0.008 0.008 0.008 0.009 0.009 0.010 0.010 0.011 0.012 0.013 0.013 0.014 0.015 0.016 0.018 0.020 0.023 0.025 0.029 0.032 0.035 0.037 0.041 0.045 0.052 0.063 0.078 0.100 0.128 0.165 0.212
12.256 13.433 14.710 15.907 16.927 17.698 18.165 18.310 18.224 18.039 17.822 17.538 17.091 16.409 15.576 14.706 13.763 12.561 10.898 8.655 6.168 4.004 2.471 1.481 0.861 0.471 0.238 0.119 0.067 0.044 0.031 0.024 0.020 0.017 0.015 0.013 0.012 0.011 0.011 0.010 0.009 0.009 0.008 0.007 0.007 0.007 0.007 0.007 0.007 0.008 0.009 0.010 0.011 0.011 0.012 0.013 0.013 0.014 0.014 0.015 0.016 0.017 0.019 0.022 0.025 0.028 0.032 0.035 0.039 0.044 0.052 0.062 0.077 0.097 0.121 0.151 0.186
10.687 11.609 12.691 13.846 14.894 15.724 16.267 16.494 16.458 16.272 15.952 15.485 14.860 14.070 13.159 12.133 10.905 9.247 7.048 4.769 2.921 1.638 0.878 0.480 0.269 0.148 0.081 0.047 0.032 0.024 0.019 0.016 0.014 0.013 0.011 0.010 0.010 0.009 0.008 0.008 0.007 0.007 0.006 0.006 0.006 0.006 0.006 0.006 0.007 0.008 0.010 0.011 0.012 0.013 0.014 0.014 0.014 0.014 0.013 0.014 0.014 0.015 0.017 0.019 0.022 0.025 0.029 0.033 0.038 0.044 0.052 0.063 0.078 0.097 0.120 0.146 0.176
9.220 9.872 10.623 11.495 12.362 13.078 13.583 13.828 13.830 13.634 13.206 12.525 11.640 10.610 9.498 8.267 6.812 5.092 3.312 1.895 0.982 0.483 0.246 0.139 0.084 0.052 0.034 0.024 0.019 0.016 0.014 0.012 0.011 0.010 0.009 0.008 0.008 0.007 0.007 0.006 0.006 0.005 0.005 0.005 0.005 0.005 0.006 0.006 0.008 0.010 0.013 0.015 0.016 0.017 0.018 0.017 0.016 0.014 0.013 0.013 0.013 0.014 0.015 0.017 0.020 0.023 0.027 0.032 0.037 0.044 0.052 0.064 0.079 0.098 0.120 0.145 0.174
7.801 8.184 8.558 8.918 9.241 9.530 9.770 9.887 9.862 9.679 9.240 8.486 7.480 6.346 5.248 4.185 3.093 1.973 1.072 0.520 0.245 0.126 0.074 0.048 0.034 0.025 0.019 0.016 0.014 0.012 0.010 0.009 0.008 0.008 0.007 0.007 0.006 0.006 0.005 0.005 0.005 0.005 0.005 0.005 0.005 0.005 0.006 0.008 0.011 0.015 0.020 0.023 0.025 0.025 0.025 0.022 0.019 0.016 0.014 0.013 0.012 0.013 0.014 0.015 0.018 0.021 0.025 0.030 0.036 0.044 0.053 0.066 0.081 0.100 0.123 0.148 0.178
6.371 6.461 6.479 6.402 6.237 6.071 5.928 5.797 5.654 5.461 5.117 4.543 3.720 2.801 2.060 1.473 0.960 0.530 0.258 0.125 0.068 0.043 0.031 0.024 0.019 0.016 0.013 0.012 0.010 0.009 0.008 0.007 0.007 0.006 0.006 0.005 0.005 0.005 0.005 0.004 0.004 0.005 0.005 0.005 0.006 0.007 0.009 0.013 0.020 0.028 0.035 0.039 0.040 0.038 0.033 0.026 0.021 0.017 0.014 0.012 0.011 0.011 0.012 0.014 0.016 0.020 0.024 0.029 0.036 0.043 0.053 0.066 0.082 0.103 0.128 0.158 0.195
4.827 4.619 4.332 3.943 3.498 3.085 2.764 2.537 2.361 2.195 1.987 1.687 1.276 0.860 0.574 0.380 0.232 0.128 0.068 0.041 0.028 0.022 0.018 0.015 0.013 0.012 0.010 0.009 0.008 0.007 0.006 0.006 0.005 0.005 0.005 0.005 0.005 0.005 0.005 0.005 0.005 0.006 0.007 0.008 0.010 0.013 0.018 0.029 0.042 0.055 0.062 0.065 0.060 0.049 0.038 0.029 0.022 0.017 0.014 0.012 0.010 0.010 0.011 0.012 0.015 0.018 0.023 0.028 0.035 0.043 0.053 0.065 0.082 0.104 0.135 0.178 0.233
3.119 2.732 2.350 1.983 1.633 1.308 1.053 0.880 0.759 0.662 0.568 0.462 0.333 0.219 0.146 0.098 0.064 0.041 0.028 0.021 0.017 0.015 0.013 0.011 0.010 0.009 0.008 0.007 0.006 0.006 0.005 0.005 0.005 0.005 0.005 0.006 0.006 0.007 0.007 0.008 0.010 0.012 0.014 0.017 0.022 0.030 0.045 0.068 0.088 0.100 0.102 0.091 0.071 0.053 0.039 0.029 0.022 0.017 0.013 0.011 0.009 0.009 0.009 0.011 0.013 0.016 0.021 0.026 0.033 0.041 0.051 0.064 0.080 0.104 0.139 0.191 0.268
1.592 1.320 1.081 0.870 0.677 0.501 0.369 0.282 0.227 0.188 0.154 0.122 0.090 0.063 0.045 0.034 0.026 0.020 0.017 0.014 0.012 0.011 0.010 0.009 0.008 0.007 0.006 0.006 0.006 0.006 0.006 0.006 0.007 0.008 0.009 0.010 0.011 0.013 0.016 0.019 0.024 0.029 0.036 0.045 0.057 0.079 0.111 0.143 0.158 0.153 0.131 0.101 0.074 0.054 0.039 0.029 0.022 0.016 0.013 0.010 0.008 0.008 0.008 0.009 0.011 0.014 0.018 0.024 0.030 0.038 0.047 0.059 0.075 0.099 0.136 0.192 0.276
0.674 0.541 0.432 0.338 0.252 0.177 0.124 0.091 0.071 0.058 0.049 0.040 0.033 0.026 0.021 0.018 0.016 0.014 0.012 0.011 0.009 0.008 0.008 0.007 0.007 0.006 0.007 0.007 0.007 0.008 0.010 0.012 0.014 0.017 0.020 0.024 0.029 0.036 0.044 0.055 0.067 0.082 0.099 0.119 0.144 0.180 0.216 0.231 0.220 0.185 0.140 0.102 0.074 0.053 0.039 0.028 0.021 0.015 0.012 0.009 0.007 0.006 0.006 0.007 0.009 0.012 0.015 0.020 0.026 0.032 0.040 0.050 0.064 0.085 0.120 0.176 0.261
0.250 0.200 0.158 0.122 0.089 0.062 0.044 0.034 0.028 0.024 0.022 0.020 0.018 0.016 0.014 0.013 0.011 0.010 0.009 0.008 0.007 0.007 0.007 0.007 0.007 0.008 0.010 0.012 0.015 0.019 0.023 0.030 0.037 0.046 0.055 0.067 0.083 0.104 0.128 0.153 0.179 0.205 0.229 0.250 0.269 0.287 0.295 0.283 0.247 0.192 0.141 0.102 0.073 0.053 0.038 0.027 0.020 0.014 0.011 0.008 0.006 0.005 0.005 0.006 0.007 0.009 0.012 0.015 0.019 0.024 0.030 0.037 0.047 0.062 0.089 0.136 0.213
0.089 0.072 0.058 0.046 0.035 0.026 0.020 0.017 0.016 0.015 0.014 0.013 0.012 0.012 0.011 0.010 0.009 0.008 0.007 0.007 0.006 0.007 0.007 0.009 0.012 0.016 0.022 0.030 0.040 0.053 0.068 0.087 0.109 0.133 0.159 0.190 0.228 0.270 0.310 0.338 0.354 0.355 0.353 0.349 0.346 0.341 0.329 0.300 0.252 0.191 0.140 0.101 0.072 0.051 0.037 0.026 0.019 0.013 0.010 0.007 0.005 0.004 0.004 0.004 0.005 0.006 0.008 0.011 0.014 0.018 0.022 0.026 0.032 0.040 0.055 0.082 0.133
0.033 0.029 0.025 0.022 0.018 0.015 0.013 0.012 0.012 0.011 0.011 0.010 0.010 0.009 0.009 0.008 0.007 0.007 0.006 0.006 0.007 0.009 0.013 0.020 0.029 0.043 0.063 0.090 0.122 0.160 0.203 0.252 0.303 0.352 0.400 0.452 0.498 0.526 0.526 0.503 0.468 0.432 0.405 0.386 0.371 0.355 0.334 0.300 0.250 0.189 0.138 0.099 0.070 0.050 0.035 0.025 0.018 0.012 0.009 0.006 0.004 0.003 0.003 0.003 0.003 0.004 0.006 0.008 0.010 0.013 0.016 0.019 0.022 0.027 0.035 0.048 0.072
0.016 0.015 0.015 0.015 0.014 0.012 0.011 0.011 0.010 0.010 0.009 0.009 0.008 0.008 0.007 0.007 0.007 0.006 0.007 0.009 0.013 0.021 0.034 0.055 0.086 0.132 0.196 0.275 0.356 0.440 0.525 0.610 0.684 0.736 0.767 0.772 0.750 0.705 0.640 0.570 0.502 0.448 0.413 0.390 0.370 0.350 0.326 0.290 0.239 0.180 0.131 0.093 0.066 0.046 0.033 0.023 0.016 0.011 0.007 0.005 0.003 0.002 0.002 0.002 0.002 0.003 0.004 0.005 0.007 0.009 0.011 0.014 0.016 0.020 0.024 0.031 0.042
0.010 0.011 0.012 0.013 0.013 0.012 0.011 0.011 0.010 0.010 0.009 0.008 0.008 0.007 0.007 0.007 0.007 0.008 0.012 0.019 0.033 0.058 0.101 0.167 0.262 0.390 0.548 0.705 0.840 0.946 1.024 1.067 1.076 1.057 1.016 0.953 0.868 0.767 0.668 0.578 0.503 0.445 0.404 0.374 0.346 0.317 0.285 0.246 0.198 0.148 0.108 0.078 0.056 0.040 0.028 0.020 0.013 0.009 0.006 0.003 0.002 0.001 0.001 0.001 0.001 0.001 0.002 0.003 0.005 0.006 0.008 0.010 0.012 0.015 0.018 0.022 0.028
0.008 0.010 0.012 0.013 0.014 0.015 0.014 0.014 0.013 0.012 0.011 0.010 0.009 0.008 0.008 0.009 0.011 0.016 0.028 0.052 0.098 0.178 0.299 0.468 0.685 0.925 1.147 1.296 1.369 1.394 1.378 1.334 1.269 1.192 1.104 1.003 0.891 0.773 0.666 0.574 0.495 0.429 0.374 0.327 0.282 0.239 0.197 0.157 0.120 0.089 0.067 0.050 0.038 0.028 0.021 0.014 0.010 0.006 0.003 0.002 0.001 0.000 0.000 0.000 0.000 0.001 0.001 0.002 0.003 0.004 0.006 0.007 0.009 0.011 0.013 0.016 0.020
0.007 0.010 0.014 0.018 0.020 0.021 0.021 0.021 0.019 0.018 0.016 0.014 0.013 0.013 0.013 0.016 0.024 0.042 0.082 0.158 0.287 0.478 0.732 1.019 1.288 1.489 1.610 1.659 1.655 1.612 1.532 1.429 1.319 1.215 1.112 1.005 0.890 0.768 0.657 0.558 0.468 0.385 0.308 0.238 0.179 0.133 0.099 0.074 0.057 0.044 0.035 0.029 0.023 0.018 0.013 0.009 0.006 0.004 0.002 0.001 0.000 0.000 0.000 0.000 0.000 0.000 0.000 0.001 0.002 0.003 0.004 0.005 0.006 0.008 0.010 0.012 0.015
0.007 0.011 0.018 0.026 0.032 0.034 0.034 0.034 0.033 0.031 0.027 0.024 0.023 0.023 0.026 0.036 0.062 0.120 0.231 0.415 0.680 0.980 1.263 1.499 1.674 1.776 1.809 1.799 1.761 1.690 1.585 1.453 1.325 1.214 1.109 1.002 0.885 0.755 0.626 0.507 0.395 0.291 0.202 0.135 0.091 0.063 0.046 0.035 0.028 0.024 0.021 0.018 0.015 0.012 0.008 0.006 0.003 0.002 0.001 0.000 0.000 0.000 0.000 0.000 0.000 0.000 0.000 0.000 0.001 0.001 0.002 0.003 0.004 0.006 0.007 0.009 0.011
0.008 0.015 0.026 0.040 0.050 0.056 0.059 0.060 0.059 0.057 0.052 0.048 0.047 0.049 0.058 0.089 0.161 0.299 0.523 0.822 1.119 1.365 1.562 1.713 1.813 1.856 1.860 1.846 1.805 1.726 1.607 1.458 1.318 1.199 1.085 0.966 0.835 0.686 0.532 0.389 0.266 0.170 0.107 0.068 0.045 0.032 0.024 0.020 0.017 0.015 0.013 0.012 0.010 0.008 0.005 0.003 0.002 0.001 0.000 0.000 0.000 0.000 0.000 0.000 0.000 0.000 0.000 0.000 0.000 0.000 0.001 0.002 0.003 0.004 0.005 0.006 0.008
0.011 0.021 0.040 0.064 0.081 0.093 0.100 0.103 0.104 0.102 0.097 0.093 0.093 0.099 0.123 0.190 0.329 0.548 0.837 1.128 1.355 1.525 1.659 1.765 1.836 1.870 1.878 1.869 1.828 1.742 1.611 1.448 1.276 1.116 0.965 0.816 0.661 0.499 0.345 0.223 0.137 0.083 0.052 0.034 0.024 0.019 0.015 0.013 0.012 0.011 0.009 0.008 0.007 0.005 0.003 0.002 0.001 0.000 0.000 0.000 0.000 0.000 0.000 0.000 0.000 0.000 0.000 0.000 0.000 0.000 0.000 0.001 0.001 0.002 0.003 0.004 0.006
0.015 0.034 0.068 0.105 0.131 0.148 0.158 0.162 0.163 0.162 0.157 0.154 0.154 0.162 0.195 0.284 0.454 0.708 1.008 1.253 1.431 1.563 1.674 1.768 1.836 1.873 1.881 1.867 1.816 1.719 1.570 1.371 1.138 0.907 0.700 0.518 0.365 0.245 0.158 0.099 0.061 0.039 0.026 0.019 0.014 0.012 0.011 0.009 0.008 0.007 0.006 0.005 0.004 0.003 0.002 0.001 0.000 0.000 0.000 0.000 0.000 0.000 0.000 0.000 0.000 0.000 0.000 0.000 0.000 0.000 0.000 0.000 0.001 0.001 0.002 0.003 0.004
0.026 0.061 0.118 0.166 0.193 0.204 0.208 0.209 0.208 0.207 0.203 0.198 0.196 0.203 0.236 0.328 0.503 0.765 1.055 1.276 1.439 1.565 1.667 1.744 1.788 1.800 1.777 1.727 1.647 1.526 1.354 1.128 0.845 0.573 0.369 0.235 0.148 0.094 0.061 0.039 0.026 0.018 0.014 0.011 0.009 0.008 0.008 0.007 0.006 0.005 0.004 0.003 0.002 0.002 0.001 0.000 0.000 0.000 0.000 0.000 0.000 0.000 0.000 0.000 0.000 0.000 0.000 0.000 0.000 0.000 0.000 0.000 0.000 0.000 0.001 0.001 0.002
0.048 0.107 0.178 0.221 0.238 0.242 0.242 0.241 0.241 0.239 0.234 0.226 0.221 0.224 0.249 0.334 0.503 0.760 1.038 1.248 1.399 1.507 1.575 1.601 1.577 1.507 1.403 1.291 1.171 1.035 0.874 0.678 0.452 0.273 0.158 0.091 0.054 0.034 0.022 0.016 0.011 0.009 0.007 0.007 0.006 0.006 0.005 0.005 0.004 0.003 0.002 0.002 0.001 0.001 0.000 0.000 0.000 0.000 0.000 0.000 0.000 0.000 0.000 0.000 0.000 0.000 0.000 0.000 0.000 0.000 0.000 0.000 0.000 0.000 0.000 0.001 0.001
