RESULTS/r.avaflow_results/23_results/23_ascii/23_hflow30055.asc
ncols 506
nrows 317
xllcenter 498237.50
yllcenter 5580050.00
cellsize 12.50
NODATA_value -9999.000
[rows 170 to 203 of 317, columns 231 to 307 of 506]
0.177 0.121 0.088 0.071 0.063 0.062 0.062 0.069 0.091 0.139 0.190 0.211 0.213 0.201 0.165 0.105 0.060 0.037 0.025 0.018 0.013 0.010 0.007 0.005 0.004 0.002 0.001 0.001 0.000 0.000 0.000 0.000 0.000 0.000 0.000 0.000 0.000 0.000 0.000 0.000 0.000 0.000 0.000 0.000 0.000 0.000 0.000 0.000 0.000 0.000 0.000 0.000 0.000 0.000 0.000 0.000 0.000 0.000 0.000 0.000 0.000 0.000 0.000 0.000 0.000 0.000 0.000 0.000 0.000 0.000 0.000 0.000 0.000 0.000 0.000 0.000 0.000
0.268 0.174 0.120 0.093 0.082 0.080 0.083 0.102 0.157 0.280 0.405 0.455 0.457 0.424 0.337 0.200 0.105 0.057 0.034 0.023 0.016 0.012 0.009 0.007 0.005 0.004 0.002 0.001 0.001 0.000 0.000 0.000 0.000 0.000 0.000 0.000 0.000 0.000 0.000 0.000 0.000 0.000 0.000 0.000 0.000 0.000 0.000 0.000 0.000 0.000 0.000 0.000 0.000 0.000 0.000 0.000 0.000 0.000 0.000 0.000 0.000 0.000 0.000 0.000 0.000 0.000 0.000 0.000 0.000 0.000 0.000 0.000 0.000 0.000 0.000 0.000 0.000
0.409 0.258 0.168 0.123 0.106 0.103 0.110 0.147 0.258 0.495 0.741 0.843 0.847 0.782 0.619 0.369 0.183 0.090 0.048 0.029 0.020 0.015 0.011 0.009 0.007 0.005 0.003 0.002 0.001 0.001 0.000 0.000 0.000 0.000 0.000 0.000 0.000 0.000 0.000 0.000 0.000 0.000 0.000 0.000 0.000 0.000 0.000 0.000 0.000 0.000 0.000 0.000 0.000 0.000 0.000 0.000 0.000 0.000 0.000 0.000 0.000 0.000 0.000 0.000 0.000 0.000 0.000 0.000 0.000 0.000 0.000 0.000 0.000 0.000 0.000 0.000 0.000
0.538 0.383 0.244 0.169 0.138 0.132 0.141 0.188 0.331 0.640 0.979 1.131 1.144 1.068 0.870 0.555 0.285 0.136 0.068 0.038 0.025 0.018 0.014 0.011 0.008 0.006 0.005 0.003 0.002 0.001 0.001 0.000 0.000 0.000 0.000 0.000 0.000 0.000 0.000 0.000 0.000 0.000 0.000 0.000 0.000 0.000 0.000 0.000 0.000 0.000 0.000 0.000 0.000 0.000 0.000 0.000 0.000 0.000 0.000 0.000 0.000 0.000 0.000 0.000 0.000 0.000 0.000 0.000 0.000 0.000 0.000 0.000 0.000 0.000 0.000 0.000 0.000
0.603 0.502 0.357 0.237 0.181 0.167 0.174 0.221 0.371 0.697 1.065 1.240 1.260 1.186 0.989 0.666 0.364 0.183 0.091 0.049 0.030 0.021 0.016 0.013 0.010 0.008 0.006 0.005 0.003 0.002 0.001 0.001 0.000 0.000 0.000 0.000 0.000 0.000 0.000 0.000 0.000 0.000 0.000 0.000 0.000 0.000 0.000 0.000 0.000 0.000 0.000 0.000 0.000 0.000 0.000 0.000 0.000 0.000 0.000 0.000 0.000 0.000 0.000 0.000 0.000 0.000 0.000 0.000 0.000 0.000 0.000 0.000 0.000 0.000 0.000 0.001 0.001
0.618 0.563 0.461 0.325 0.236 0.208 0.210 0.253 0.395 0.703 1.058 1.233 1.258 1.190 1.005 0.705 0.413 0.223 0.116 0.062 0.037 0.025 0.019 0.015 0.012 0.010 0.008 0.006 0.005 0.004 0.002 0.002 0.001 0.000 0.000 0.000 0.000 0.000 0.000 0.000 0.000 0.000 0.000 0.000 0.000 0.000 0.000 0.000 0.000 0.000 0.000 0.000 0.000 0.000 0.000 0.000 0.000 0.000 0.000 0.000 0.000 0.000 0.000 0.000 0.000 0.000 0.000 0.000 0.000 0.000 0.000 0.000 0.000 0.001 0.001 0.002 0.003
0.603 0.577 0.514 0.405 0.302 0.257 0.254 0.288 0.411 0.678 0.978 1.130 1.157 1.109 0.959 0.703 0.436 0.254 0.140 0.077 0.045 0.030 0.023 0.018 0.015 0.012 0.010 0.008 0.006 0.005 0.004 0.003 0.002 0.001 0.000 0.000 0.000 0.000 0.000 0.000 0.000 0.000 0.000 0.000 0.000 0.000 0.000 0.000 0.000 0.000 0.000 0.000 0.000 0.000 0.000 0.000 0.000 0.000 0.000 0.000 0.000 0.000 0.000 0.000 0.000 0.000 0.000 0.000 0.000 0.000 0.000 0.001 0.001 0.002 0.003 0.005 0.006
0.563 0.559 0.526 0.457 0.370 0.319 0.309 0.332 0.425 0.619 0.814 0.909 0.930 0.911 0.823 0.653 0.439 0.271 0.160 0.092 0.055 0.037 0.027 0.021 0.018 0.015 0.012 0.010 0.008 0.007 0.005 0.004 0.003 0.002 0.001 0.001 0.000 0.000 0.000 0.000 0.000 0.000 0.000 0.000 0.000 0.000 0.000 0.000 0.000 0.000 0.000 0.000 0.000 0.000 0.000 0.000 0.000 0.000 0.000 0.000 0.000 0.000 0.000 0.000 0.000 0.000 0.000 0.000 0.000 0.001 0.001 0.002 0.003 0.005 0.006 0.008 0.011
0.497 0.517 0.509 0.476 0.422 0.388 0.378 0.390 0.451 0.572 0.662 0.695 0.696 0.674 0.622 0.536 0.409 0.276 0.176 0.108 0.068 0.046 0.034 0.027 0.022 0.018 0.015 0.013 0.011 0.009 0.007 0.006 0.004 0.003 0.002 0.002 0.001 0.001 0.000 0.000 0.000 0.000 0.000 0.000 0.000 0.000 0.000 0.000 0.000 0.000 0.000 0.000 0.000 0.000 0.000 0.000 0.000 0.000 0.000 0.000 0.000 0.000 0.000 0.000 0.000 0.000 0.000 0.001 0.001 0.002 0.003 0.004 0.006 0.008 0.011 0.013 0.017
0.405 0.453 0.471 0.466 0.447 0.436 0.437 0.452 0.495 0.561 0.590 0.590 0.570 0.531 0.479 0.421 0.353 0.271 0.191 0.129 0.086 0.060 0.044 0.034 0.028 0.023 0.019 0.016 0.013 0.011 0.009 0.008 0.006 0.005 0.004 0.003 0.002 0.001 0.001 0.001 0.000 0.000 0.000 0.000 0.000 0.000 0.000 0.000 0.000 0.000 0.000 0.000 0.000 0.000 0.000 0.000 0.000 0.000 0.000 0.000 0.000 0.000 0.001 0.001 0.001 0.001 0.001 0.002 0.003 0.004 0.006 0.008 0.010 0.013 0.017 0.021 0.027
0.318 0.375 0.414 0.437 0.451 0.465 0.482 0.508 0.544 0.571 0.574 0.557 0.517 0.461 0.410 0.365 0.320 0.270 0.211 0.157 0.114 0.084 0.063 0.049 0.039 0.031 0.025 0.021 0.017 0.014 0.012 0.010 0.008 0.007 0.005 0.004 0.003 0.003 0.002 0.001 0.001 0.001 0.000 0.000 0.000 0.000 0.000 0.000 0.000 0.000 0.000 0.000 0.000 0.000 0.000 0.000 0.000 0.000 0.001 0.001 0.001 0.002 0.002 0.003 0.003 0.003 0.004 0.005 0.006 0.008 0.010 0.012 0.016 0.020 0.026 0.034 0.046
0.257 0.309 0.353 0.394 0.437 0.482 0.524 0.561 0.586 0.593 0.583 0.554 0.501 0.437 0.388 0.350 0.315 0.281 0.243 0.203 0.162 0.127 0.099 0.078 0.061 0.048 0.037 0.029 0.024 0.019 0.016 0.013 0.011 0.009 0.008 0.006 0.005 0.004 0.004 0.003 0.002 0.002 0.001 0.001 0.000 0.000 0.000 0.000 0.000 0.000 0.000 0.000 0.000 0.000 0.000 0.000 0.001 0.001 0.002 0.003 0.003 0.004 0.005 0.005 0.006 0.006 0.007 0.008 0.010 0.012 0.015 0.019 0.024 0.031 0.043 0.060 0.086
0.225 0.272 0.321 0.371 0.429 0.499 0.566 0.612 0.633 0.634 0.616 0.571 0.504 0.438 0.390 0.356 0.334 0.318 0.302 0.280 0.247 0.209 0.172 0.139 0.111 0.085 0.063 0.047 0.035 0.027 0.021 0.017 0.014 0.012 0.010 0.009 0.007 0.006 0.005 0.005 0.004 0.003 0.002 0.002 0.002 0.001 0.001 0.001 0.001 0.001 0.001 0.001 0.001 0.001 0.001 0.001 0.002 0.003 0.004 0.006 0.007 0.007 0.008 0.009 0.010 0.011 0.012 0.013 0.015 0.018 0.022 0.028 0.038 0.052 0.076 0.115 0.176
0.216 0.263 0.315 0.372 0.441 0.534 0.622 0.678 0.701 0.703 0.682 0.627 0.547 0.475 0.429 0.407 0.400 0.404 0.411 0.409 0.392 0.360 0.318 0.273 0.226 0.178 0.129 0.088 0.059 0.041 0.029 0.022 0.018 0.015 0.013 0.011 0.010 0.009 0.008 0.007 0.006 0.005 0.004 0.004 0.003 0.003 0.002 0.002 0.002 0.002 0.002 0.002 0.002 0.003 0.003 0.004 0.005 0.006 0.008 0.010 0.011 0.012 0.013 0.014 0.015 0.016 0.017 0.019 0.022 0.027 0.034 0.046 0.064 0.094 0.143 0.227 0.368
0.221 0.272 0.335 0.410 0.504 0.624 0.729 0.796 0.828 0.834 0.818 0.769 0.690 0.618 0.571 0.551 0.551 0.563 0.585 0.604 0.614 0.606 0.581 0.537 0.475 0.395 0.297 0.192 0.116 0.071 0.046 0.032 0.024 0.020 0.017 0.015 0.013 0.012 0.011 0.010 0.009 0.008 0.007 0.006 0.005 0.005 0.005 0.005 0.005 0.005 0.005 0.005 0.005 0.005 0.006 0.007 0.009 0.011 0.013 0.015 0.017 0.018 0.019 0.020 0.021 0.023 0.025 0.028 0.034 0.043 0.057 0.081 0.118 0.173 0.264 0.433 0.699
0.254 0.325 0.417 0.533 0.675 0.834 0.962 1.046 1.093 1.113 1.112 1.088 1.036 0.976 0.918 0.858 0.823 0.817 0.833 0.866 0.909 0.954 0.975 0.960 0.910 0.812 0.655 0.439 0.247 0.133 0.076 0.048 0.034 0.027 0.022 0.020 0.018 0.016 0.015 0.013 0.012 0.011 0.010 0.009 0.009 0.008 0.008 0.008 0.008 0.008 0.008 0.008 0.008 0.009 0.010 0.012 0.014 0.017 0.020 0.023 0.026 0.028 0.029 0.030 0.032 0.034 0.038 0.044 0.055 0.075 0.106 0.154 0.221 0.314 0.459 0.674 0.945
0.342 0.457 0.606 0.788 0.997 1.208 1.388 1.521 1.608 1.661 1.688 1.695 1.679 1.639 1.545 1.378 1.231 1.166 1.159 1.190 1.265 1.380 1.485 1.532 1.524 1.446 1.248 0.903 0.507 0.258 0.136 0.079 0.052 0.038 0.031 0.026 0.023 0.021 0.020 0.018 0.017 0.015 0.014 0.013 0.012 0.012 0.011 0.011 0.011 0.011 0.012 0.012 0.013 0.014 0.015 0.018 0.021 0.025 0.031 0.036 0.040 0.043 0.045 0.047 0.050 0.054 0.063 0.077 0.103 0.146 0.210 0.299 0.405 0.524 0.654 0.801 1.002
0.495 0.677 0.902 1.163 1.445 1.732 2.023 2.266 2.434 2.533 2.585 2.607 2.599 2.533 2.357 2.049 1.758 1.598 1.551 1.571 1.665 1.851 2.079 2.230 2.293 2.266 2.065 1.600 0.945 0.483 0.246 0.136 0.085 0.059 0.045 0.037 0.032 0.029 0.027 0.026 0.024 0.022 0.020 0.018 0.017 0.016 0.016 0.016 0.016 0.016 0.016 0.017 0.018 0.020 0.023 0.027 0.033 0.040 0.049 0.060 0.068 0.074 0.079 0.083 0.089 0.099 0.118 0.154 0.213 0.300 0.418 0.550 0.660 0.722 0.761 0.822 0.948
0.605 0.835 1.110 1.427 1.781 2.183 2.659 3.065 3.315 3.418 3.440 3.419 3.346 3.196 2.934 2.566 2.252 2.060 1.985 1.989 2.098 2.374 2.753 3.013 3.120 3.096 2.866 2.323 1.500 0.827 0.436 0.240 0.144 0.095 0.069 0.055 0.047 0.043 0.040 0.038 0.035 0.032 0.029 0.026 0.024 0.023 0.022 0.022 0.022 0.022 0.023 0.024 0.026 0.029 0.035 0.043 0.055 0.070 0.090 0.112 0.130 0.143 0.155 0.166 0.180 0.205 0.251 0.331 0.447 0.592 0.738 0.834 0.864 0.835 0.789 0.765 0.769
0.636 0.886 1.184 1.536 1.957 2.479 3.119 3.625 3.904 3.986 3.973 3.902 3.768 3.560 3.252 2.902 2.637 2.471 2.404 2.415 2.576 2.997 3.504 3.775 3.838 3.758 3.441 2.815 1.941 1.213 0.718 0.416 0.249 0.160 0.112 0.088 0.075 0.068 0.065 0.062 0.059 0.054 0.047 0.040 0.035 0.032 0.030 0.030 0.030 0.030 0.032 0.034 0.038 0.045 0.058 0.076 0.100 0.135 0.185 0.234 0.270 0.299 0.325 0.352 0.387 0.442 0.536 0.678 0.832 0.952 1.011 1.018 0.966 0.867 0.747 0.616 0.495
0.612 0.866 1.172 1.542 2.008 2.636 3.391 3.933 4.200 4.256 4.221 4.113 3.946 3.710 3.390 3.100 2.911 2.810 2.785 2.860 3.154 3.729 4.227 4.421 4.421 4.243 3.801 3.070 2.200 1.521 1.030 0.676 0.430 0.278 0.195 0.151 0.131 0.122 0.119 0.117 0.113 0.104 0.088 0.069 0.056 0.048 0.044 0.043 0.043 0.044 0.046 0.051 0.061 0.079 0.107 0.147 0.201 0.281 0.387 0.479 0.545 0.591 0.630 0.670 0.729 0.820 0.938 1.053 1.134 1.171 1.162 1.103 0.989 0.831 0.631 0.433 0.294
0.505 0.746 1.055 1.448 1.962 2.665 3.468 4.021 4.273 4.313 4.273 4.162 3.993 3.750 3.436 3.204 3.086 3.054 3.099 3.290 3.728 4.338 4.735 4.861 4.812 4.540 3.978 3.145 2.316 1.703 1.250 0.909 0.653 0.468 0.345 0.276 0.246 0.239 0.242 0.247 0.244 0.226 0.188 0.138 0.102 0.081 0.070 0.066 0.066 0.067 0.072 0.085 0.110 0.154 0.217 0.296 0.399 0.550 0.710 0.810 0.858 0.879 0.893 0.917 0.972 1.069 1.173 1.235 1.258 1.252 1.210 1.112 0.947 0.714 0.467 0.288 0.186
0.309 0.500 0.782 1.177 1.728 2.503 3.363 3.945 4.214 4.265 4.236 4.144 3.988 3.749 3.442 3.246 3.181 3.198 3.321 3.609 4.112 4.658 4.961 5.043 4.976 4.653 4.020 3.130 2.340 1.769 1.347 1.029 0.794 0.627 0.519 0.461 0.440 0.445 0.477 0.506 0.508 0.480 0.405 0.296 0.205 0.151 0.122 0.111 0.110 0.112 0.124 0.156 0.218 0.316 0.436 0.564 0.708 0.857 0.962 1.011 1.019 1.002 0.993 1.002 1.046 1.136 1.225 1.265 1.270 1.253 1.192 1.054 0.818 0.531 0.314 0.192 0.126
0.147 0.247 0.422 0.727 1.231 1.982 2.884 3.555 3.919 4.053 4.077 4.037 3.925 3.711 3.423 3.252 3.214 3.262 3.436 3.764 4.252 4.709 4.961 5.024 4.951 4.608 3.925 3.001 2.266 1.742 1.350 1.054 0.840 0.698 0.618 0.586 0.584 0.617 0.695 0.757 0.771 0.750 0.674 0.539 0.391 0.287 0.226 0.200 0.196 0.202 0.230 0.296 0.421 0.595 0.750 0.866 0.958 1.029 1.066 1.069 1.048 1.005 0.981 0.981 1.011 1.087 1.164 1.193 1.194 1.167 1.077 0.887 0.597 0.348 0.207 0.132 0.092
0.071 0.112 0.190 0.341 0.629 1.149 1.934 2.730 3.284 3.598 3.745 3.784 3.739 3.589 3.352 3.222 3.204 3.268 3.452 3.764 4.157 4.464 4.616 4.644 4.537 4.161 3.451 2.576 1.946 1.528 1.225 0.993 0.819 0.703 0.645 0.630 0.640 0.691 0.791 0.868 0.890 0.878 0.816 0.698 0.552 0.443 0.376 0.345 0.340 0.353 0.401 0.499 0.652 0.829 0.955 1.030 1.067 1.081 1.075 1.050 0.991 0.911 0.860 0.839 0.845 0.882 0.934 0.958 0.958 0.925 0.813 0.602 0.365 0.219 0.138 0.094 0.071
0.039 0.056 0.086 0.145 0.267 0.509 0.936 1.572 2.249 2.800 3.144 3.311 3.354 3.298 3.162 3.091 3.098 3.173 3.318 3.487 3.625 3.667 3.645 3.579 3.401 3.009 2.369 1.705 1.279 1.034 0.883 0.773 0.688 0.635 0.612 0.615 0.636 0.695 0.800 0.878 0.905 0.896 0.846 0.748 0.620 0.529 0.480 0.462 0.462 0.482 0.535 0.628 0.762 0.909 1.011 1.064 1.079 1.067 1.021 0.933 0.803 0.678 0.593 0.548 0.533 0.532 0.549 0.564 0.565 0.540 0.467 0.340 0.215 0.139 0.095 0.071 0.057
0.025 0.032 0.044 0.066 0.110 0.199 0.375 0.686 1.136 1.672 2.168 2.498 2.668 2.731 2.730 2.730 2.757 2.800 2.817 2.721 2.508 2.273 2.077 1.906 1.721 1.464 1.100 0.775 0.585 0.493 0.450 0.433 0.432 0.450 0.479 0.514 0.559 0.630 0.728 0.799 0.827 0.826 0.796 0.725 0.624 0.553 0.521 0.514 0.518 0.538 0.583 0.658 0.767 0.889 0.973 1.011 1.012 0.966 0.856 0.681 0.503 0.383 0.315 0.282 0.271 0.270 0.274 0.280 0.280 0.273 0.244 0.188 0.129 0.092 0.069 0.056 0.047
0.017 0.021 0.027 0.036 0.052 0.082 0.141 0.253 0.451 0.750 1.113 1.432 1.669 1.840 1.957 2.022 2.044 2.000 1.839 1.539 1.226 1.018 0.879 0.771 0.669 0.552 0.407 0.293 0.230 0.205 0.199 0.203 0.215 0.239 0.275 0.324 0.384 0.458 0.535 0.586 0.613 0.622 0.620 0.599 0.559 0.529 0.517 0.518 0.523 0.539 0.569 0.616 0.681 0.752 0.800 0.817 0.803 0.723 0.564 0.391 0.277 0.208 0.170 0.151 0.144 0.143 0.143 0.144 0.144 0.141 0.130 0.109 0.083 0.066 0.054 0.046 0.040
0.013 0.015 0.019 0.023 0.030 0.041 0.060 0.095 0.160 0.276 0.455 0.658 0.831 0.970 1.067 1.111 1.107 1.038 0.877 0.657 0.487 0.387 0.327 0.283 0.243 0.199 0.151 0.116 0.098 0.092 0.093 0.096 0.105 0.119 0.141 0.169 0.206 0.251 0.289 0.314 0.329 0.340 0.352 0.370 0.397 0.430 0.454 0.467 0.473 0.477 0.475 0.467 0.465 0.472 0.480 0.480 0.462 0.405 0.307 0.217 0.159 0.123 0.102 0.091 0.086 0.085 0.084 0.083 0.082 0.080 0.076 0.069 0.059 0.051 0.044 0.039 0.035
0.009 0.011 0.013 0.016 0.020 0.025 0.032 0.044 0.065 0.103 0.167 0.260 0.357 0.435 0.486 0.502 0.493 0.448 0.359 0.253 0.187 0.151 0.130 0.114 0.100 0.085 0.069 0.057 0.052 0.051 0.051 0.053 0.058 0.065 0.075 0.088 0.106 0.126 0.141 0.151 0.158 0.166 0.175 0.191 0.219 0.268 0.310 0.328 0.331 0.321 0.291 0.253 0.232 0.227 0.229 0.231 0.227 0.208 0.169 0.129 0.100 0.081 0.069 0.062 0.059 0.057 0.055 0.054 0.053 0.052 0.050 0.048 0.045 0.041 0.037 0.033 0.030
0.007 0.008 0.010 0.012 0.014 0.017 0.021 0.026 0.034 0.047 0.069 0.105 0.149 0.182 0.201 0.206 0.202 0.183 0.146 0.106 0.082 0.069 0.062 0.057 0.052 0.047 0.040 0.036 0.034 0.034 0.034 0.035 0.037 0.040 0.045 0.051 0.059 0.067 0.073 0.077 0.081 0.085 0.090 0.099 0.116 0.143 0.163 0.170 0.169 0.161 0.144 0.125 0.115 0.113 0.113 0.116 0.116 0.112 0.100 0.084 0.069 0.058 0.051 0.046 0.043 0.042 0.040 0.039 0.038 0.038 0.037 0.037 0.036 0.034 0.032 0.028 0.025
0.004 0.006 0.007 0.009 0.010 0.012 0.015 0.018 0.021 0.027 0.036 0.050 0.068 0.081 0.088 0.090 0.088 0.082 0.068 0.053 0.044 0.040 0.037 0.035 0.034 0.032 0.029 0.027 0.026 0.026 0.026 0.026 0.027 0.028 0.031 0.033 0.037 0.040 0.043 0.045 0.047 0.049 0.052 0.057 0.065 0.076 0.083 0.084 0.083 0.081 0.075 0.068 0.064 0.063 0.063 0.065 0.067 0.067 0.065 0.059 0.051 0.045 0.039 0.036 0.034 0.032 0.031 0.030 0.029 0.029 0.030 0.030 0.029 0.028 0.026 0.023 0.020
0.003 0.004 0.005 0.006 0.008 0.009 0.011 0.013 0.015 0.018 0.022 0.029 0.036 0.042 0.044 0.045 0.045 0.042 0.037 0.032 0.028 0.027 0.026 0.025 0.024 0.023 0.022 0.021 0.020 0.020 0.020 0.020 0.021 0.021 0.022 0.024 0.026 0.027 0.029 0.030 0.031 0.033 0.034 0.037 0.041 0.045 0.046 0.047 0.047 0.046 0.044 0.042 0.041 0.040 0.041 0.042 0.044 0.045 0.045 0.043 0.039 0.035 0.031 0.028 0.027 0.025 0.024 0.024 0.024 0.024 0.024 0.024 0.023 0.022 0.021 0.018 0.016
0.002 0.002 0.003 0.004 0.005 0.007 0.008 0.009 0.011 0.013 0.016 0.019 0.023 0.025 0.026 0.026 0.026 0.026 0.024 0.022 0.020 0.020 0.019 0.019 0.018 0.018 0.017 0.016 0.016 0.016 0.016 0.016 0.016 0.016 0.017 0.018 0.019 0.020 0.021 0.021 0.022 0.023 0.025 0.026 0.028 0.029 0.030 0.030 0.030 0.030 0.029 0.029 0.029 0.029 0.029 0.030 0.031 0.032 0.032 0.032 0.030 0.027 0.025 0.023 0.021 0.020 0.019 0.019 0.019 0.019 0.019 0.019 0.018 0.017 0.016 0.014 0.012
