RESULTS/r.avaflow_results/23_results/23_ascii/23_hflow_max0001.asc
ncols 506
nrows 317
xllcenter 498237.50
yllcenter 5580050.00
cellsize 12.50
NODATA_value -9999.000
[rows 238 to 271 of 317, columns 77 to 153 of 506]
0.000 0.000 0.000 0.000 0.000 0.000 0.000 0.000 0.000 0.000 0.000 0.000 0.000 0.000 0.000 0.000 0.000 0.000 0.000 0.000 0.000 0.000 0.000 0.000 0.000 0.000 0.000 0.000 0.000 0.000 0.000 0.000 0.000 0.000 0.000 0.000 0.001 0.002 0.004 0.007 0.012 0.019 0.027 0.036 0.046 0.058 0.071 0.091 0.125 0.192 0.333 0.616 1.075 1.436 1.578 1.560 1.325 0.903 0.486 0.204 0.068 0.018 0.004 0.001 0.000 0.000 0.000 0.000 0.000 0.000 0.000 0.000 0.000 0.000 0.000 0.000 0.000
0.000 0.000 0.000 0.000 0.000 0.000 0.000 0.000 0.000 0.000 0.000 0.000 0.000 0.000 0.000 0.000 0.000 0.000 0.000 0.000 0.000 0.000 0.000 0.000 0.000 0.000 0.000 0.000 0.000 0.000 0.000 0.000 0.000 0.000 0.001 0.002 0.006 0.011 0.019 0.031 0.047 0.066 0.087 0.109 0.135 0.162 0.195 0.243 0.324 0.482 0.806 1.421 2.347 3.030 3.276 3.224 2.781 2.081 1.174 0.510 0.172 0.045 0.009 0.001 0.000 0.000 0.000 0.000 0.000 0.000 0.000 0.000 0.000 0.000 0.000 0.000 0.000
0.000 0.000 0.000 0.000 0.000 0.000 0.000 0.000 0.000 0.000 0.000 0.000 0.000 0.000 0.000 0.000 0.000 0.000 0.000 0.000 0.000 0.000 0.000 0.000 0.000 0.000 0.000 0.000 0.000 0.000 0.000 0.001 0.002 0.004 0.008 0.016 0.031 0.053 0.082 0.115 0.149 0.187 0.225 0.268 0.316 0.371 0.440 0.542 0.712 1.021 1.609 2.635 3.961 4.848 5.169 5.092 4.470 3.579 2.120 0.934 0.317 0.082 0.017 0.003 0.000 0.000 0.000 0.000 0.000 0.000 0.000 0.000 0.000 0.000 0.000 0.000 0.000
0.000 0.000 0.000 0.000 0.000 0.000 0.000 0.000 0.000 0.000 0.000 0.000 0.000 0.000 0.000 0.000 0.000 0.000 0.000 0.000 0.000 0.000 0.000 0.000 0.000 0.000 0.000 0.001 0.001 0.002 0.004 0.007 0.012 0.021 0.040 0.074 0.129 0.202 0.272 0.331 0.382 0.431 0.481 0.541 0.618 0.719 0.855 1.057 1.370 1.875 2.750 4.170 5.776 6.775 7.131 7.027 6.180 5.028 2.956 1.289 0.434 0.113 0.023 0.004 0.001 0.000 0.000 0.000 0.000 0.000 0.000 0.000 0.000 0.000 0.000 0.000 0.000
0.000 0.000 0.000 0.000 0.000 0.000 0.000 0.000 0.000 0.000 0.000 0.000 0.000 0.000 0.000 0.000 0.000 0.000 0.000 0.000 0.000 0.000 0.000 0.001 0.002 0.003 0.005 0.007 0.011 0.018 0.030 0.045 0.066 0.097 0.155 0.257 0.410 0.571 0.688 0.755 0.796 0.832 0.878 0.955 1.076 1.255 1.514 1.885 2.402 3.136 4.282 6.100 8.012 9.174 9.517 9.265 8.073 6.299 3.521 1.542 0.528 0.141 0.030 0.005 0.001 0.000 0.000 0.000 0.000 0.000 0.000 0.000 0.000 0.000 0.000 0.000 0.000
0.000 0.000 0.000 0.000 0.000 0.000 0.000 0.000 0.000 0.000 0.000 0.000 0.000 0.000 0.000 0.000 0.000 0.000 0.000 0.000 0.001 0.003 0.006 0.011 0.018 0.026 0.035 0.046 0.064 0.095 0.145 0.206 0.267 0.339 0.461 0.680 0.979 1.218 1.355 1.407 1.410 1.403 1.438 1.551 1.749 2.058 2.519 3.160 3.999 5.068 6.589 8.992 11.405 12.679 12.857 11.922 10.111 7.221 3.940 1.775 0.631 0.178 0.040 0.007 0.001 0.000 0.000 0.000 0.000 0.000 0.000 0.000 0.000 0.000 0.000 0.000 0.000
0.000 0.000 0.000 0.000 0.000 0.000 0.000 0.000 0.000 0.000 0.000 0.000 0.000 0.000 0.000 0.000 0.000 0.000 0.001 0.003 0.009 0.024 0.048 0.079 0.110 0.138 0.167 0.201 0.252 0.348 0.505 0.682 0.810 0.914 1.075 1.390 1.791 2.062 2.205 2.243 2.212 2.172 2.224 2.418 2.742 3.231 3.958 5.007 6.505 8.370 10.631 14.193 17.199 18.248 17.426 14.797 11.853 7.720 4.328 2.049 0.779 0.239 0.058 0.011 0.002 0.000 0.000 0.000 0.000 0.000 0.000 0.000 0.000 0.000 0.000 0.000 0.000
0.000 0.000 0.000 0.000 0.000 0.000 0.000 0.000 0.000 0.000 0.000 0.000 0.000 0.000 0.000 0.000 0.001 0.002 0.006 0.018 0.051 0.126 0.241 0.347 0.428 0.495 0.555 0.618 0.715 0.901 1.236 1.621 1.819 1.901 2.018 2.291 2.691 2.968 3.122 3.185 3.193 3.212 3.381 3.774 4.325 5.044 6.158 7.925 10.914 14.143 16.555 19.278 21.238 21.678 20.319 17.664 12.665 7.886 4.533 2.282 0.950 0.317 0.084 0.018 0.003 0.000 0.000 0.000 0.000 0.000 0.000 0.000 0.000 0.000 0.000 0.000 0.000
0.000 0.000 0.000 0.000 0.000 0.000 0.000 0.000 0.000 0.000 0.000 0.000 0.000 0.000 0.001 0.003 0.005 0.011 0.025 0.067 0.180 0.428 0.766 0.981 1.107 1.204 1.289 1.378 1.514 1.776 2.278 2.913 3.179 3.172 3.164 3.297 3.628 3.965 4.196 4.380 4.562 4.785 5.259 6.178 7.163 8.140 9.889 12.442 15.358 20.000 20.111 21.124 21.588 22.142 21.797 18.731 13.104 7.986 4.603 2.416 1.069 0.380 0.109 0.025 0.004 0.001 0.000 0.000 0.000 0.000 0.000 0.000 0.000 0.000 0.000 0.000 0.000
0.000 0.000 0.000 0.000 0.000 0.000 0.000 0.000 0.000 0.001 0.001 0.002 0.004 0.006 0.010 0.017 0.029 0.048 0.088 0.187 0.435 0.970 1.623 1.914 2.032 2.140 2.261 2.403 2.593 2.897 3.499 4.385 4.714 4.593 4.408 4.407 4.670 5.160 5.681 6.182 6.751 7.535 8.657 10.644 12.476 13.460 15.000 20.000 20.000 20.000 20.213 21.147 21.244 21.073 20.581 20.000 13.399 7.960 4.648 2.556 1.186 0.441 0.134 0.033 0.007 0.001 0.000 0.000 0.000 0.000 0.000 0.000 0.000 0.000 0.000 0.000 0.000
0.000 0.000 0.000 0.000 0.000 0.000 0.001 0.002 0.005 0.011 0.023 0.035 0.043 0.050 0.062 0.085 0.118 0.166 0.248 0.416 0.795 1.582 2.456 2.768 2.853 2.962 3.172 3.486 3.813 4.190 4.840 5.943 6.406 6.198 5.836 5.784 6.059 6.763 7.925 9.160 10.413 12.568 14.819 16.580 20.000 20.000 20.000 20.000 20.115 20.000 20.162 20.504 20.209 20.191 20.000 20.000 13.437 7.949 4.738 2.703 1.305 0.509 0.164 0.043 0.009 0.002 0.000 0.000 0.000 0.000 0.000 0.000 0.000 0.000 0.000 0.000 0.000
0.000 0.000 0.000 0.000 0.001 0.003 0.006 0.014 0.032 0.075 0.152 0.226 0.263 0.280 0.298 0.332 0.382 0.455 0.574 0.779 1.217 2.100 3.069 3.416 3.520 3.662 3.990 4.539 5.068 5.584 6.284 7.504 8.285 8.169 7.806 7.796 8.207 9.221 11.473 14.114 15.872 18.093 20.000 20.294 20.557 20.503 20.196 20.045 20.357 20.000 20.335 20.685 20.267 20.341 20.000 20.000 13.169 8.416 5.002 2.867 1.427 0.591 0.204 0.058 0.013 0.003 0.000 0.000 0.000 0.000 0.000 0.000 0.000 0.000 0.000 0.000 0.000
0.000 0.000 0.001 0.003 0.008 0.016 0.031 0.061 0.130 0.288 0.574 0.850 0.977 1.009 1.004 0.980 0.970 1.010 1.110 1.283 1.696 2.590 3.596 3.983 4.143 4.343 4.793 5.564 6.356 7.074 7.895 9.197 10.497 10.975 10.959 11.092 11.943 13.732 15.988 20.000 20.000 20.421 21.258 21.907 22.044 21.873 21.459 20.770 20.457 20.317 20.107 20.148 20.047 20.058 20.000 20.000 20.000 10.018 5.613 3.123 1.603 0.711 0.264 0.080 0.020 0.004 0.001 0.000 0.000 0.000 0.000 0.000 0.000 0.000 0.000 0.000 0.000
0.000 0.001 0.004 0.013 0.029 0.056 0.096 0.165 0.303 0.604 1.179 1.846 2.203 2.336 2.347 2.218 1.993 1.897 1.897 1.976 2.320 3.150 4.125 4.574 4.814 5.072 5.618 6.594 7.759 8.846 10.043 11.692 13.447 15.457 16.658 16.790 17.228 20.000 20.000 20.128 20.263 20.579 21.393 22.397 22.865 22.971 22.596 21.791 20.924 20.231 20.347 20.123 20.013 20.232 20.000 20.000 20.000 11.929 6.613 3.494 1.788 0.825 0.319 0.101 0.026 0.006 0.001 0.000 0.000 0.000 0.000 0.000 0.000 0.000 0.000 0.000 0.000
0.000 0.003 0.014 0.038 0.080 0.137 0.209 0.308 0.470 0.795 1.504 2.646 3.518 3.922 4.046 3.920 3.432 3.105 2.973 2.951 3.179 3.842 4.694 5.206 5.585 6.030 6.784 8.002 9.566 11.256 13.610 16.490 18.414 20.478 21.602 21.301 20.613 20.192 20.000 20.067 20.021 20.011 20.832 22.200 22.932 23.297 23.266 22.628 21.626 20.407 20.044 20.000 20.006 20.183 20.270 20.046 20.000 20.000 7.973 3.826 1.839 0.841 0.329 0.105 0.028 0.006 0.001 0.000 0.000 0.000 0.000 0.000 0.000 0.000 0.000 0.000 0.000
0.002 0.009 0.032 0.084 0.165 0.256 0.353 0.461 0.608 0.907 1.660 3.220 4.778 5.531 5.742 5.655 5.093 4.588 4.365 4.286 4.378 4.786 5.420 6.010 6.622 7.510 8.762 10.422 12.910 15.498 18.247 21.180 22.794 23.703 23.925 23.452 22.427 21.448 20.444 20.142 20.022 20.050 20.230 21.118 22.251 23.011 23.163 22.879 21.861 20.670 20.254 20.000 20.000 20.071 20.493 20.128 20.000 20.000 9.618 4.189 1.818 0.787 0.303 0.097 0.026 0.006 0.001 0.000 0.000 0.000 0.000 0.000 0.000 0.000 0.000 0.000 0.000
0.003 0.016 0.058 0.151 0.281 0.404 0.515 0.621 0.729 0.959 1.688 3.534 5.899 7.085 7.401 7.358 6.915 6.394 6.130 6.007 6.068 6.329 6.722 7.352 8.310 10.166 12.619 14.785 17.434 20.000 21.194 22.657 24.276 25.182 25.312 24.845 23.817 22.555 21.188 20.463 20.292 20.197 20.000 20.293 21.020 21.990 22.388 22.406 21.624 20.511 20.029 20.000 20.000 20.078 21.045 20.267 20.000 20.000 20.000 4.452 1.668 0.626 0.218 0.067 0.019 0.005 0.001 0.000 0.000 0.000 0.000 0.000 0.000 0.000 0.000 0.000 0.000
0.004 0.019 0.073 0.199 0.389 0.566 0.707 0.801 0.851 0.978 1.603 3.494 6.665 8.494 9.053 9.048 8.781 8.420 8.260 8.202 8.559 8.968 9.251 10.048 11.492 15.000 20.000 20.000 20.000 21.133 22.384 23.677 25.281 26.379 26.676 26.290 25.188 23.477 21.533 20.894 20.338 20.130 20.048 20.000 20.445 20.946 20.989 21.099 20.869 20.270 20.078 20.000 20.000 20.000 20.040 20.000 20.000 20.000 20.000 4.028 1.239 0.362 0.102 0.031 0.009 0.003 0.001 0.000 0.000 0.000 0.000 0.000 0.000 0.000 0.000 0.000 0.000
0.004 0.020 0.073 0.204 0.419 0.645 0.834 0.947 0.970 1.017 1.395 3.079 6.816 9.488 10.590 10.807 10.829 10.816 10.990 11.365 12.835 13.911 14.062 15.000 20.000 20.000 20.000 20.000 20.587 21.622 23.277 24.923 26.455 27.380 27.522 26.946 25.971 24.123 21.762 20.724 20.252 20.000 20.000 20.262 20.061 20.866 20.335 20.365 20.086 20.091 20.000 20.000 20.000 20.000 20.000 20.000 20.000 20.000 6.360 1.954 0.554 0.143 0.041 0.014 0.005 0.001 0.000 0.000 0.000 0.000 0.000 0.000 0.000 0.000 0.000 0.000 0.000
0.003 0.017 0.063 0.182 0.391 0.632 0.840 1.018 1.123 1.208 1.520 2.748 6.427 10.239 12.228 13.130 13.626 14.057 15.134 16.570 18.136 20.000 20.000 20.000 20.000 20.000 20.292 20.401 21.004 22.055 23.910 25.854 27.225 28.001 28.218 27.917 26.395 24.108 21.487 20.736 20.521 20.000 20.000 20.045 20.155 20.477 20.344 20.153 20.242 20.168 20.000 20.000 20.000 20.000 20.000 7.170 4.751 3.542 1.663 0.556 0.169 0.049 0.017 0.006 0.002 0.001 0.000 0.000 0.000 0.000 0.000 0.000 0.000 0.000 0.000 0.000 0.000
0.002 0.011 0.042 0.128 0.305 0.549 0.804 1.064 1.309 1.540 2.018 3.353 6.842 11.207 14.310 16.728 18.341 19.116 20.129 20.854 20.615 20.000 20.348 20.000 20.045 20.000 20.000 20.627 21.185 22.042 23.966 26.655 28.210 28.637 28.511 27.936 26.372 24.026 21.245 20.478 20.168 20.000 20.000 20.000 20.019 20.465 20.059 20.247 20.034 20.000 20.000 20.000 20.000 7.628 4.063 2.200 1.304 0.783 0.374 0.141 0.048 0.017 0.007 0.003 0.001 0.000 0.000 0.000 0.000 0.000 0.000 0.000 0.000 0.000 0.000 0.000 0.000
0.001 0.006 0.023 0.075 0.212 0.442 0.722 1.074 1.563 2.119 3.167 5.082 8.590 13.506 17.459 20.748 22.807 23.147 22.856 22.064 21.639 20.760 20.055 20.021 20.090 20.069 20.447 20.383 20.911 21.652 22.988 26.384 28.345 28.954 28.875 28.072 26.304 23.819 20.942 20.293 20.330 20.000 20.000 20.000 20.000 20.096 20.181 20.013 20.000 20.000 20.000 8.028 5.035 2.672 1.296 0.646 0.338 0.174 0.082 0.035 0.015 0.007 0.003 0.001 0.000 0.000 0.000 0.000 0.000 0.000 0.000 0.000 0.000 0.000 0.000 0.000 0.000
0.000 0.002 0.011 0.039 0.123 0.311 0.601 1.048 1.897 3.305 6.217 10.000 12.450 16.447 20.000 22.447 23.593 23.852 23.738 23.127 22.016 20.835 20.405 20.370 20.197 20.000 20.000 20.271 20.276 20.674 21.307 25.892 28.594 29.174 29.182 28.241 26.415 23.843 21.006 20.784 20.448 20.103 20.000 20.000 20.000 20.000 20.000 20.000 20.000 8.488 5.370 3.136 1.687 0.853 0.399 0.184 0.087 0.042 0.021 0.010 0.005 0.003 0.001 0.000 0.000 0.000 0.000 0.000 0.000 0.000 0.000 0.000 0.000 0.000 0.000 0.000 0.000
0.000 0.001 0.005 0.018 0.060 0.180 0.434 0.926 2.188 6.041 15.000 20.000 20.000 20.000 20.501 22.436 23.935 24.185 24.209 23.549 22.372 21.086 20.610 20.340 20.000 20.000 20.000 20.003 20.061 20.154 20.072 24.837 28.319 28.962 28.988 28.107 26.286 23.725 20.685 20.361 20.277 20.281 20.000 20.000 20.000 20.000 20.000 20.000 6.350 3.379 1.846 1.043 0.550 0.274 0.130 0.060 0.028 0.014 0.007 0.004 0.002 0.001 0.000 0.000 0.000 0.000 0.000 0.000 0.000 0.000 0.000 0.000 0.000 0.000 0.000 0.000 0.000
0.000 0.000 0.002 0.007 0.025 0.086 0.248 0.684 1.987 10.000 20.000 20.000 20.000 20.087 20.297 22.183 24.131 24.567 24.595 23.897 22.788 21.252 20.304 20.442 20.000 20.012 20.000 20.000 20.000 20.000 20.252 24.075 27.919 28.680 28.587 27.590 25.746 23.123 20.487 20.213 20.225 20.038 20.075 20.000 20.000 20.000 7.902 4.429 2.296 1.145 0.627 0.348 0.187 0.097 0.049 0.023 0.011 0.005 0.002 0.001 0.001 0.000 0.000 0.000 0.000 0.000 0.000 0.000 0.000 0.000 0.000 0.000 0.000 0.000 0.000 0.000 0.000
0.000 0.000 0.001 0.002 0.009 0.034 0.113 0.377 1.323 5.479 20.000 20.000 20.000 20.006 20.142 22.064 24.115 24.649 24.559 23.922 22.632 21.246 20.370 20.351 20.000 20.000 20.000 20.000 20.000 20.000 20.000 23.626 27.289 28.372 28.136 26.848 24.912 22.161 20.029 20.042 20.217 20.000 20.000 20.000 20.000 6.844 3.171 1.486 0.717 0.374 0.205 0.116 0.065 0.035 0.017 0.008 0.004 0.002 0.001 0.000 0.000 0.000 0.000 0.000 0.000 0.000 0.000 0.000 0.000 0.000 0.000 0.000 0.000 0.000 0.000 0.000 0.000
0.000 0.000 0.000 0.001 0.003 0.011 0.039 0.141 0.509 1.744 6.118 20.000 20.000 20.000 20.109 21.874 23.534 24.325 24.257 23.756 22.739 21.278 20.326 20.061 20.000 20.000 20.000 20.064 20.032 20.000 20.286 24.032 27.138 27.585 27.200 25.782 23.652 21.036 20.000 20.189 20.000 20.000 20.000 20.000 6.216 2.759 1.167 0.509 0.244 0.123 0.067 0.037 0.021 0.011 0.005 0.002 0.001 0.000 0.000 0.000 0.000 0.000 0.000 0.000 0.000 0.000 0.000 0.000 0.000 0.000 0.000 0.000 0.000 0.000 0.000 0.000 0.000
0.000 0.000 0.000 0.000 0.001 0.003 0.011 0.041 0.149 0.525 1.687 5.714 20.000 20.000 20.092 21.036 22.414 23.285 23.492 22.987 22.171 21.096 20.529 20.064 20.000 20.000 20.000 20.000 20.085 20.090 20.402 24.045 26.701 27.140 26.146 23.979 21.494 20.287 20.245 20.043 20.000 20.000 8.324 4.792 2.361 1.018 0.446 0.202 0.093 0.044 0.022 0.011 0.006 0.003 0.001 0.000 0.000 0.000 0.000 0.000 0.000 0.000 0.000 0.000 0.000 0.000 0.000 0.000 0.000 0.000 0.000 0.000 0.000 0.000 0.000 0.000 0.000
0.000 0.000 0.000 0.000 0.000 0.001 0.003 0.010 0.040 0.146 0.510 1.859 6.066 20.000 20.000 20.000 21.043 21.711 21.965 21.735 21.308 20.577 20.372 20.108 20.000 20.000 20.000 20.128 20.240 20.193 20.327 22.622 25.285 26.027 24.210 21.122 20.284 20.058 20.000 20.000 20.000 6.976 3.565 1.735 0.836 0.395 0.187 0.086 0.037 0.016 0.007 0.003 0.001 0.001 0.000 0.000 0.000 0.000 0.000 0.000 0.000 0.000 0.000 0.000 0.000 0.000 0.000 0.000 0.000 0.000 0.000 0.000 0.000 0.000 0.000 0.000 0.000
0.000 0.000 0.000 0.000 0.000 0.000 0.001 0.002 0.009 0.037 0.155 0.650 2.316 6.466 20.000 20.000 20.000 20.040 20.267 20.583 20.727 20.373 20.385 20.030 20.000 20.000 20.000 20.000 20.000 20.000 20.000 20.000 22.482 23.103 20.693 20.000 20.000 20.000 20.000 20.000 6.245 2.919 1.296 0.609 0.304 0.155 0.076 0.034 0.014 0.005 0.002 0.001 0.000 0.000 0.000 0.000 0.000 0.000 0.000 0.000 0.000 0.000 0.000 0.000 0.000 0.000 0.000 0.000 0.000 0.000 0.000 0.000 0.000 0.000 0.000 0.000 0.000
0.000 0.000 0.000 0.000 0.000 0.000 0.000 0.001 0.002 0.009 0.046 0.238 0.884 2.428 6.363 20.000 20.000 20.000 20.117 20.225 20.331 20.046 20.000 20.000 20.000 20.000 20.000 20.000 20.000 20.000 20.000 20.000 20.000 20.000 20.000 20.000 20.000 20.000 8.063 4.600 2.341 0.985 0.413 0.198 0.106 0.056 0.027 0.011 0.004 0.001 0.000 0.000 0.000 0.000 0.000 0.000 0.000 0.000 0.000 0.000 0.000 0.000 0.000 0.000 0.000 0.000 0.000 0.000 0.000 0.000 0.000 0.000 0.000 0.000 0.000 0.000 0.000
0.000 0.000 0.000 0.000 0.000 0.000 0.000 0.000 0.001 0.002 0.013 0.081 0.321 0.901 2.122 5.744 20.000 20.000 20.000 20.000 20.000 20.000 20.000 20.000 20.000 7.719 5.590 4.580 4.240 3.926 3.974 4.284 6.451 8.283 20.000 20.000 20.000 6.374 3.023 1.499 0.701 0.288 0.120 0.060 0.034 0.018 0.008 0.003 0.001 0.000 0.000 0.000 0.000 0.000 0.000 0.000 0.000 0.000 0.000 0.000 0.000 0.000 0.000 0.000 0.000 0.000 0.000 0.000 0.000 0.000 0.000 0.000 0.000 0.000 0.000 0.000 0.000
0.000 0.000 0.000 0.000 0.000 0.000 0.000 0.000 0.000 0.001 0.004 0.023 0.097 0.301 0.664 1.582 5.540 20.000 20.000 20.000 20.000 20.000 7.521 5.373 3.967 2.576 1.607 1.055 0.746 0.589 0.546 0.688 1.335 1.994 3.194 3.874 3.469 1.946 0.956 0.450 0.205 0.082 0.033 0.017 0.010 0.005 0.002 0.001 0.000 0.000 0.000 0.000 0.000 0.000 0.000 0.000 0.000 0.000 0.000 0.000 0.000 0.000 0.000 0.000 0.000 0.000 0.000 0.000 0.000 0.000 0.000 0.000 0.000 0.000 0.000 0.000 0.000
0.000 0.000 0.000 0.000 0.000 0.000 0.000 0.000 0.000 0.000 0.001 0.006 0.026 0.079 0.164 0.375 1.147 3.224 4.138 4.258 4.126 3.443 2.264 1.549 1.130 0.756 0.444 0.254 0.151 0.099 0.078 0.085 0.173 0.347 0.512 0.601 0.617 0.512 0.311 0.161 0.070 0.026 0.010 0.005 0.002 0.001 0.000 0.000 0.000 0.000 0.000 0.000 0.000 0.000 0.000 0.000 0.000 0.000 0.000 0.000 0.000 0.000 0.000 0.000 0.000 0.000 0.000 0.000 0.000 0.000 0.000 0.000 0.000 0.000 0.000 0.000 0.000
