RESULTS/r.avaflow_results/23_results/23_ascii/23_hflow30050.asc
ncols 506
nrows 317
xllcenter 498237.50
yllcenter 5580050.00
cellsize 12.50
NODATA_value -9999.000
[rows 170 to 203 of 317, columns 231 to 307 of 506]
0.192 0.132 0.096 0.076 0.067 0.064 0.064 0.069 0.084 0.121 0.162 0.180 0.182 0.173 0.145 0.097 0.058 0.037 0.025 0.018 0.013 0.010 0.007 0.005 0.004 0.003 0.001 0.001 0.000 0.000 0.000 0.000 0.000 0.000 0.000 0.000 0.000 0.000 0.000 0.000 0.000 0.000 0.000 0.000 0.000 0.000 0.000 0.000 0.000 0.000 0.000 0.000 0.000 0.000 0.000 0.000 0.000 0.000 0.000 0.000 0.000 0.000 0.000 0.000 0.000 0.000 0.000 0.000 0.000 0.000 0.000 0.000 0.000 0.000 0.000 0.000 0.000
0.292 0.190 0.131 0.099 0.086 0.083 0.085 0.097 0.139 0.231 0.333 0.376 0.379 0.354 0.287 0.179 0.097 0.055 0.034 0.023 0.017 0.013 0.010 0.007 0.005 0.004 0.002 0.001 0.001 0.000 0.000 0.000 0.000 0.000 0.000 0.000 0.000 0.000 0.000 0.000 0.000 0.000 0.000 0.000 0.000 0.000 0.000 0.000 0.000 0.000 0.000 0.000 0.000 0.000 0.000 0.000 0.000 0.000 0.000 0.000 0.000 0.000 0.000 0.000 0.000 0.000 0.000 0.000 0.000 0.000 0.000 0.000 0.000 0.000 0.000 0.000 0.000
0.437 0.282 0.184 0.133 0.111 0.107 0.110 0.137 0.220 0.400 0.602 0.691 0.698 0.651 0.525 0.325 0.165 0.085 0.047 0.030 0.021 0.015 0.012 0.009 0.007 0.005 0.004 0.002 0.001 0.001 0.000 0.000 0.000 0.000 0.000 0.000 0.000 0.000 0.000 0.000 0.000 0.000 0.000 0.000 0.000 0.000 0.000 0.000 0.000 0.000 0.000 0.000 0.000 0.000 0.000 0.000 0.000 0.000 0.000 0.000 0.000 0.000 0.000 0.000 0.000 0.000 0.000 0.000 0.000 0.000 0.000 0.000 0.000 0.000 0.000 0.000 0.000
0.558 0.410 0.266 0.182 0.145 0.135 0.140 0.173 0.281 0.519 0.802 0.940 0.958 0.904 0.755 0.502 0.262 0.127 0.065 0.038 0.025 0.018 0.014 0.011 0.009 0.007 0.005 0.004 0.002 0.001 0.001 0.000 0.000 0.000 0.000 0.000 0.000 0.000 0.000 0.000 0.000 0.000 0.000 0.000 0.000 0.000 0.000 0.000 0.000 0.000 0.000 0.000 0.000 0.000 0.000 0.000 0.000 0.000 0.000 0.000 0.000 0.000 0.000 0.000 0.000 0.000 0.000 0.000 0.000 0.000 0.000 0.000 0.000 0.000 0.000 0.000 0.000
0.614 0.523 0.381 0.254 0.189 0.170 0.173 0.206 0.318 0.569 0.879 1.040 1.066 1.017 0.872 0.617 0.346 0.176 0.089 0.049 0.031 0.022 0.017 0.013 0.011 0.008 0.007 0.005 0.004 0.002 0.002 0.001 0.000 0.000 0.000 0.000 0.000 0.000 0.000 0.000 0.000 0.000 0.000 0.000 0.000 0.000 0.000 0.000 0.000 0.000 0.000 0.000 0.000 0.000 0.000 0.000 0.000 0.000 0.000 0.000 0.000 0.000 0.000 0.000 0.000 0.000 0.000 0.000 0.000 0.000 0.000 0.000 0.000 0.000 0.000 0.001 0.001
0.625 0.576 0.482 0.347 0.248 0.212 0.210 0.238 0.343 0.579 0.879 1.041 1.072 1.029 0.895 0.665 0.404 0.221 0.116 0.063 0.038 0.026 0.020 0.016 0.013 0.010 0.008 0.007 0.005 0.004 0.003 0.002 0.001 0.000 0.000 0.000 0.000 0.000 0.000 0.000 0.000 0.000 0.000 0.000 0.000 0.000 0.000 0.000 0.000 0.000 0.000 0.000 0.000 0.000 0.000 0.000 0.000 0.000 0.000 0.000 0.000 0.000 0.000 0.000 0.000 0.000 0.000 0.000 0.000 0.000 0.000 0.000 0.000 0.001 0.001 0.002 0.004
0.609 0.586 0.530 0.428 0.318 0.263 0.254 0.276 0.365 0.569 0.827 0.970 1.002 0.973 0.865 0.671 0.436 0.259 0.144 0.079 0.047 0.031 0.023 0.019 0.015 0.013 0.010 0.009 0.007 0.005 0.004 0.003 0.002 0.001 0.001 0.000 0.000 0.000 0.000 0.000 0.000 0.000 0.000 0.000 0.000 0.000 0.000 0.000 0.000 0.000 0.000 0.000 0.000 0.000 0.000 0.000 0.000 0.000 0.000 0.000 0.000 0.000 0.000 0.000 0.000 0.000 0.000 0.000 0.000 0.000 0.000 0.001 0.001 0.002 0.004 0.005 0.007
0.568 0.567 0.539 0.477 0.389 0.330 0.313 0.325 0.390 0.538 0.712 0.808 0.836 0.827 0.765 0.632 0.446 0.282 0.167 0.096 0.058 0.038 0.028 0.022 0.018 0.015 0.013 0.011 0.009 0.007 0.006 0.004 0.003 0.002 0.001 0.001 0.000 0.000 0.000 0.000 0.000 0.000 0.000 0.000 0.000 0.000 0.000 0.000 0.000 0.000 0.000 0.000 0.000 0.000 0.000 0.000 0.000 0.000 0.000 0.000 0.000 0.000 0.000 0.000 0.000 0.000 0.000 0.000 0.000 0.001 0.001 0.002 0.003 0.005 0.007 0.009 0.012
0.501 0.524 0.520 0.492 0.441 0.402 0.387 0.390 0.426 0.515 0.599 0.637 0.646 0.633 0.599 0.533 0.423 0.292 0.185 0.113 0.070 0.047 0.035 0.027 0.022 0.019 0.016 0.013 0.011 0.009 0.007 0.006 0.005 0.003 0.002 0.002 0.001 0.001 0.000 0.000 0.000 0.000 0.000 0.000 0.000 0.000 0.000 0.000 0.000 0.000 0.000 0.000 0.000 0.000 0.000 0.000 0.000 0.000 0.000 0.000 0.000 0.000 0.000 0.000 0.000 0.000 0.000 0.001 0.001 0.002 0.003 0.005 0.007 0.009 0.011 0.015 0.019
0.409 0.461 0.481 0.480 0.463 0.449 0.445 0.451 0.474 0.519 0.547 0.550 0.537 0.508 0.469 0.423 0.366 0.287 0.201 0.133 0.088 0.060 0.044 0.035 0.028 0.023 0.020 0.017 0.014 0.012 0.010 0.008 0.006 0.005 0.004 0.003 0.002 0.002 0.001 0.001 0.000 0.000 0.000 0.000 0.000 0.000 0.000 0.000 0.000 0.000 0.000 0.000 0.000 0.000 0.000 0.000 0.000 0.000 0.000 0.000 0.000 0.001 0.001 0.001 0.001 0.001 0.001 0.002 0.003 0.005 0.006 0.008 0.011 0.014 0.018 0.023 0.030
0.321 0.383 0.427 0.451 0.462 0.471 0.482 0.496 0.516 0.533 0.536 0.523 0.491 0.446 0.403 0.365 0.326 0.279 0.218 0.158 0.112 0.081 0.061 0.048 0.039 0.031 0.026 0.021 0.018 0.015 0.012 0.010 0.009 0.007 0.006 0.005 0.004 0.003 0.002 0.002 0.001 0.001 0.000 0.000 0.000 0.000 0.000 0.000 0.000 0.000 0.000 0.000 0.000 0.000 0.000 0.000 0.000 0.000 0.001 0.001 0.001 0.002 0.002 0.003 0.003 0.003 0.004 0.005 0.006 0.008 0.010 0.013 0.017 0.022 0.028 0.037 0.049
0.258 0.313 0.361 0.403 0.442 0.477 0.508 0.534 0.551 0.555 0.546 0.521 0.478 0.424 0.381 0.347 0.316 0.284 0.244 0.196 0.152 0.117 0.092 0.074 0.059 0.047 0.037 0.029 0.024 0.019 0.016 0.013 0.011 0.010 0.008 0.007 0.006 0.005 0.004 0.003 0.002 0.002 0.001 0.001 0.001 0.000 0.000 0.000 0.000 0.000 0.000 0.000 0.000 0.000 0.000 0.000 0.001 0.001 0.002 0.003 0.004 0.004 0.005 0.006 0.006 0.007 0.008 0.009 0.011 0.013 0.016 0.020 0.026 0.034 0.046 0.064 0.091
0.221 0.267 0.314 0.363 0.416 0.476 0.531 0.569 0.586 0.588 0.573 0.536 0.482 0.424 0.381 0.350 0.327 0.307 0.287 0.259 0.222 0.185 0.153 0.127 0.104 0.082 0.061 0.046 0.034 0.027 0.021 0.017 0.014 0.012 0.011 0.009 0.008 0.007 0.006 0.005 0.004 0.003 0.003 0.002 0.002 0.001 0.001 0.001 0.001 0.001 0.001 0.001 0.001 0.001 0.001 0.001 0.002 0.003 0.005 0.006 0.007 0.008 0.009 0.010 0.010 0.011 0.012 0.014 0.016 0.019 0.024 0.031 0.041 0.057 0.082 0.122 0.182
0.206 0.248 0.296 0.350 0.410 0.484 0.560 0.611 0.636 0.640 0.627 0.585 0.520 0.455 0.411 0.387 0.377 0.374 0.373 0.364 0.344 0.312 0.278 0.242 0.205 0.165 0.122 0.084 0.057 0.040 0.029 0.023 0.018 0.016 0.014 0.012 0.011 0.010 0.009 0.008 0.007 0.006 0.005 0.004 0.004 0.003 0.003 0.003 0.003 0.003 0.003 0.003 0.003 0.003 0.003 0.004 0.005 0.007 0.009 0.010 0.012 0.013 0.014 0.015 0.016 0.017 0.018 0.021 0.024 0.029 0.037 0.049 0.069 0.101 0.153 0.239 0.375
0.204 0.246 0.297 0.356 0.427 0.520 0.621 0.692 0.733 0.747 0.741 0.709 0.648 0.579 0.531 0.508 0.506 0.511 0.524 0.534 0.539 0.531 0.511 0.477 0.428 0.361 0.274 0.178 0.108 0.067 0.044 0.032 0.025 0.020 0.018 0.016 0.014 0.013 0.012 0.011 0.010 0.009 0.008 0.007 0.006 0.006 0.005 0.005 0.005 0.005 0.005 0.005 0.005 0.006 0.007 0.008 0.009 0.011 0.014 0.017 0.018 0.020 0.021 0.022 0.023 0.025 0.027 0.031 0.036 0.046 0.062 0.087 0.126 0.185 0.280 0.446 0.678
0.213 0.262 0.325 0.405 0.505 0.634 0.777 0.884 0.955 0.995 1.008 0.998 0.963 0.907 0.844 0.782 0.750 0.744 0.754 0.779 0.816 0.857 0.877 0.866 0.826 0.741 0.599 0.399 0.224 0.123 0.072 0.047 0.034 0.027 0.023 0.021 0.019 0.017 0.016 0.015 0.013 0.012 0.011 0.010 0.010 0.009 0.009 0.009 0.009 0.009 0.009 0.009 0.009 0.010 0.011 0.013 0.015 0.018 0.021 0.025 0.028 0.030 0.032 0.033 0.035 0.037 0.041 0.048 0.060 0.080 0.114 0.164 0.233 0.329 0.469 0.658 0.878
0.250 0.318 0.411 0.533 0.687 0.882 1.108 1.293 1.425 1.511 1.558 1.575 1.569 1.531 1.429 1.263 1.134 1.079 1.074 1.102 1.171 1.280 1.373 1.413 1.406 1.332 1.145 0.820 0.457 0.234 0.126 0.075 0.051 0.039 0.032 0.028 0.025 0.023 0.021 0.020 0.018 0.017 0.016 0.015 0.014 0.013 0.013 0.013 0.013 0.013 0.013 0.013 0.014 0.015 0.017 0.019 0.023 0.027 0.033 0.040 0.045 0.048 0.050 0.053 0.056 0.060 0.069 0.085 0.112 0.156 0.223 0.313 0.416 0.523 0.630 0.750 0.914
0.328 0.438 0.586 0.775 1.011 1.302 1.662 1.991 2.226 2.375 2.457 2.492 2.495 2.436 2.254 1.939 1.662 1.517 1.480 1.503 1.596 1.776 1.981 2.109 2.156 2.120 1.918 1.468 0.853 0.437 0.225 0.128 0.082 0.058 0.046 0.038 0.034 0.031 0.029 0.028 0.026 0.024 0.022 0.020 0.019 0.018 0.018 0.018 0.018 0.018 0.018 0.019 0.020 0.021 0.024 0.029 0.035 0.043 0.054 0.067 0.077 0.084 0.089 0.095 0.101 0.112 0.132 0.168 0.228 0.317 0.437 0.558 0.644 0.685 0.705 0.752 0.856
0.403 0.562 0.774 1.047 1.396 1.840 2.401 2.892 3.205 3.352 3.399 3.395 3.339 3.192 2.919 2.541 2.227 2.035 1.959 1.965 2.077 2.352 2.701 2.926 3.010 2.977 2.730 2.181 1.378 0.756 0.400 0.223 0.137 0.093 0.069 0.056 0.049 0.045 0.043 0.041 0.038 0.035 0.032 0.029 0.027 0.025 0.025 0.024 0.024 0.025 0.025 0.026 0.028 0.031 0.037 0.046 0.059 0.076 0.100 0.128 0.149 0.165 0.178 0.191 0.207 0.232 0.278 0.356 0.473 0.612 0.742 0.809 0.814 0.766 0.713 0.687 0.682
0.428 0.611 0.858 1.191 1.635 2.228 2.967 3.552 3.885 3.996 3.995 3.942 3.823 3.619 3.301 2.940 2.673 2.510 2.447 2.459 2.624 3.043 3.501 3.727 3.766 3.664 3.319 2.670 1.809 1.123 0.663 0.386 0.235 0.154 0.112 0.089 0.078 0.072 0.069 0.067 0.064 0.059 0.052 0.044 0.039 0.036 0.034 0.034 0.034 0.034 0.035 0.037 0.041 0.048 0.060 0.080 0.108 0.149 0.208 0.267 0.310 0.343 0.373 0.404 0.439 0.492 0.580 0.710 0.847 0.947 0.987 0.966 0.891 0.777 0.658 0.536 0.429
0.416 0.605 0.864 1.222 1.724 2.433 3.287 3.906 4.220 4.296 4.273 4.185 4.035 3.808 3.484 3.182 2.989 2.889 2.868 2.953 3.256 3.800 4.223 4.379 4.360 4.154 3.680 2.921 2.064 1.413 0.952 0.627 0.403 0.266 0.191 0.152 0.135 0.128 0.127 0.126 0.122 0.113 0.098 0.078 0.063 0.055 0.050 0.049 0.048 0.049 0.051 0.055 0.065 0.082 0.111 0.154 0.215 0.308 0.434 0.541 0.617 0.669 0.711 0.752 0.805 0.877 0.969 1.063 1.124 1.145 1.117 1.032 0.896 0.725 0.532 0.363 0.252
0.353 0.537 0.799 1.173 1.710 2.477 3.373 4.002 4.300 4.359 4.333 4.244 4.097 3.871 3.555 3.313 3.191 3.158 3.202 3.391 3.819 4.379 4.714 4.808 4.743 4.442 3.849 2.994 2.177 1.581 1.150 0.835 0.605 0.442 0.335 0.276 0.252 0.248 0.256 0.264 0.261 0.244 0.208 0.158 0.118 0.094 0.081 0.076 0.075 0.076 0.080 0.091 0.115 0.157 0.221 0.308 0.426 0.602 0.791 0.911 0.967 0.987 0.995 1.010 1.047 1.112 1.185 1.225 1.235 1.217 1.154 1.031 0.840 0.596 0.381 0.239 0.160
0.232 0.384 0.623 0.988 1.541 2.342 3.273 3.923 4.237 4.312 4.298 4.230 4.097 3.877 3.570 3.369 3.301 3.316 3.434 3.710 4.186 4.669 4.923 4.981 4.896 4.544 3.883 2.978 2.197 1.638 1.235 0.941 0.729 0.585 0.496 0.451 0.438 0.451 0.495 0.531 0.535 0.511 0.442 0.336 0.238 0.177 0.143 0.130 0.127 0.128 0.139 0.166 0.223 0.316 0.441 0.589 0.765 0.949 1.081 1.142 1.151 1.124 1.097 1.094 1.115 1.169 1.227 1.248 1.244 1.212 1.127 0.958 0.697 0.432 0.257 0.162 0.111
0.119 0.203 0.360 0.646 1.136 1.882 2.813 3.536 3.941 4.106 4.149 4.127 4.037 3.843 3.555 3.380 3.341 3.385 3.548 3.856 4.310 4.706 4.910 4.953 4.857 4.485 3.773 2.844 2.120 1.609 1.235 0.961 0.770 0.649 0.585 0.563 0.568 0.612 0.708 0.781 0.802 0.787 0.721 0.600 0.450 0.336 0.267 0.235 0.229 0.233 0.257 0.316 0.430 0.602 0.780 0.929 1.054 1.151 1.204 1.213 1.189 1.130 1.080 1.065 1.075 1.113 1.157 1.171 1.163 1.118 0.998 0.774 0.491 0.284 0.172 0.114 0.082
0.062 0.098 0.168 0.311 0.596 1.115 1.903 2.723 3.310 3.654 3.824 3.877 3.847 3.716 3.485 3.351 3.331 3.390 3.558 3.845 4.191 4.438 4.545 4.552 4.418 4.012 3.280 2.420 1.807 1.403 1.116 0.903 0.751 0.654 0.609 0.601 0.617 0.679 0.799 0.891 0.922 0.915 0.866 0.765 0.625 0.511 0.439 0.405 0.397 0.408 0.452 0.542 0.688 0.873 1.023 1.124 1.184 1.212 1.218 1.199 1.138 1.035 0.949 0.904 0.891 0.901 0.924 0.934 0.927 0.871 0.730 0.504 0.300 0.182 0.118 0.084 0.065
0.036 0.051 0.079 0.136 0.256 0.498 0.929 1.576 2.278 2.854 3.216 3.397 3.450 3.409 3.285 3.213 3.217 3.282 3.403 3.540 3.630 3.626 3.569 3.473 3.265 2.850 2.204 1.571 1.170 0.941 0.801 0.704 0.632 0.591 0.578 0.585 0.612 0.682 0.804 0.900 0.936 0.933 0.896 0.815 0.697 0.605 0.554 0.535 0.536 0.556 0.608 0.697 0.824 0.979 1.098 1.170 1.201 1.202 1.169 1.090 0.954 0.791 0.665 0.591 0.555 0.543 0.544 0.547 0.541 0.504 0.415 0.283 0.179 0.119 0.084 0.065 0.053
0.024 0.031 0.043 0.064 0.108 0.197 0.376 0.692 1.154 1.710 2.223 2.567 2.747 2.820 2.830 2.829 2.850 2.880 2.870 2.743 2.496 2.234 2.018 1.832 1.635 1.368 1.007 0.706 0.533 0.449 0.411 0.397 0.401 0.422 0.453 0.490 0.538 0.615 0.730 0.818 0.857 0.863 0.844 0.790 0.700 0.630 0.600 0.593 0.599 0.622 0.668 0.740 0.842 0.968 1.066 1.121 1.133 1.103 1.008 0.836 0.628 0.462 0.362 0.309 0.285 0.277 0.275 0.275 0.272 0.256 0.219 0.159 0.111 0.082 0.064 0.052 0.045
0.017 0.021 0.027 0.036 0.052 0.083 0.143 0.258 0.460 0.768 1.142 1.473 1.722 1.902 2.021 2.082 2.096 2.042 1.861 1.543 1.217 1.002 0.856 0.743 0.635 0.515 0.374 0.270 0.214 0.191 0.186 0.190 0.203 0.227 0.264 0.312 0.371 0.446 0.535 0.601 0.638 0.656 0.663 0.654 0.626 0.603 0.595 0.598 0.606 0.624 0.657 0.704 0.765 0.842 0.898 0.923 0.918 0.852 0.699 0.504 0.349 0.253 0.197 0.167 0.154 0.149 0.146 0.144 0.141 0.134 0.120 0.096 0.074 0.060 0.051 0.044 0.038
0.013 0.015 0.019 0.023 0.030 0.042 0.062 0.099 0.166 0.285 0.468 0.677 0.857 0.999 1.096 1.137 1.130 1.054 0.886 0.659 0.486 0.385 0.323 0.277 0.234 0.188 0.142 0.110 0.094 0.089 0.090 0.093 0.102 0.116 0.138 0.166 0.201 0.245 0.290 0.323 0.346 0.364 0.382 0.408 0.444 0.488 0.521 0.540 0.550 0.557 0.559 0.554 0.549 0.556 0.562 0.563 0.548 0.491 0.389 0.277 0.199 0.149 0.119 0.102 0.093 0.089 0.087 0.084 0.082 0.078 0.072 0.063 0.054 0.047 0.042 0.037 0.033
0.009 0.011 0.014 0.017 0.020 0.026 0.034 0.046 0.068 0.107 0.175 0.270 0.370 0.448 0.497 0.512 0.502 0.455 0.364 0.257 0.189 0.152 0.131 0.114 0.099 0.082 0.067 0.057 0.052 0.051 0.051 0.053 0.058 0.065 0.075 0.088 0.105 0.125 0.143 0.157 0.168 0.179 0.192 0.212 0.245 0.302 0.356 0.382 0.388 0.380 0.354 0.312 0.282 0.272 0.271 0.273 0.270 0.252 0.212 0.162 0.123 0.096 0.079 0.069 0.064 0.060 0.058 0.055 0.053 0.051 0.049 0.046 0.042 0.039 0.035 0.032 0.027
0.007 0.008 0.010 0.012 0.015 0.018 0.022 0.027 0.036 0.050 0.073 0.111 0.156 0.190 0.208 0.212 0.208 0.189 0.150 0.109 0.084 0.071 0.064 0.058 0.053 0.047 0.041 0.037 0.035 0.035 0.035 0.036 0.038 0.041 0.046 0.052 0.060 0.068 0.075 0.081 0.086 0.092 0.099 0.110 0.129 0.161 0.188 0.198 0.198 0.192 0.175 0.152 0.138 0.133 0.133 0.136 0.137 0.134 0.123 0.103 0.083 0.068 0.058 0.051 0.047 0.044 0.042 0.040 0.038 0.037 0.037 0.036 0.034 0.032 0.030 0.026 0.022
0.005 0.006 0.007 0.009 0.011 0.013 0.016 0.019 0.023 0.029 0.038 0.053 0.072 0.086 0.092 0.094 0.092 0.085 0.071 0.055 0.046 0.042 0.039 0.037 0.035 0.032 0.030 0.028 0.027 0.027 0.027 0.027 0.028 0.030 0.032 0.035 0.038 0.042 0.045 0.048 0.051 0.053 0.057 0.063 0.072 0.085 0.094 0.097 0.096 0.094 0.089 0.080 0.075 0.073 0.073 0.075 0.078 0.079 0.076 0.070 0.060 0.051 0.044 0.039 0.036 0.034 0.032 0.031 0.030 0.029 0.029 0.029 0.028 0.026 0.024 0.021 0.017
0.003 0.004 0.005 0.007 0.008 0.010 0.012 0.014 0.016 0.019 0.024 0.031 0.039 0.044 0.047 0.048 0.047 0.045 0.039 0.034 0.030 0.028 0.027 0.027 0.026 0.025 0.023 0.022 0.021 0.021 0.021 0.021 0.022 0.023 0.024 0.025 0.027 0.029 0.030 0.032 0.033 0.035 0.037 0.040 0.045 0.050 0.052 0.053 0.053 0.052 0.051 0.048 0.047 0.046 0.046 0.048 0.050 0.051 0.051 0.050 0.045 0.039 0.035 0.031 0.028 0.027 0.025 0.024 0.024 0.023 0.023 0.023 0.022 0.021 0.019 0.016 0.013
0.002 0.002 0.003 0.004 0.006 0.007 0.009 0.010 0.012 0.014 0.017 0.021 0.024 0.027 0.028 0.028 0.028 0.027 0.025 0.023 0.022 0.021 0.020 0.020 0.020 0.019 0.018 0.017 0.017 0.017 0.017 0.017 0.017 0.017 0.018 0.019 0.020 0.021 0.022 0.023 0.024 0.025 0.027 0.028 0.031 0.033 0.033 0.034 0.034 0.033 0.033 0.033 0.032 0.032 0.033 0.033 0.035 0.036 0.037 0.036 0.034 0.030 0.027 0.024 0.022 0.021 0.020 0.019 0.019 0.018 0.018 0.018 0.017 0.016 0.014 0.012 0.009
