RESULTS/r.avaflow_results/23_results/23_ascii/23_hflow0057.asc
ncols 506
nrows 317
xllcenter 498237.50
yllcenter 5580050.00
cellsize 12.50
NODATA_value -9999.000
[rows 170 to 203 of 317, columns 231 to 307 of 506]
0.174 0.120 0.089 0.072 0.065 0.063 0.064 0.071 0.094 0.146 0.199 0.220 0.222 0.210 0.173 0.111 0.064 0.039 0.026 0.018 0.013 0.010 0.007 0.005 0.004 0.002 0.001 0.001 0.000 0.000 0.000 0.000 0.000 0.000 0.000 0.000 0.000 0.000 0.000 0.000 0.000 0.000 0.000 0.000 0.000 0.000 0.000 0.000 0.000 0.000 0.000 0.000 0.000 0.000 0.000 0.000 0.000 0.000 0.000 0.000 0.000 0.000 0.000 0.000 0.000 0.000 0.000 0.000 0.000 0.000 0.000 0.000 0.000 0.000 0.000 0.000 0.000
0.265 0.173 0.120 0.094 0.083 0.082 0.085 0.105 0.164 0.293 0.423 0.475 0.477 0.443 0.353 0.211 0.111 0.060 0.036 0.024 0.017 0.013 0.009 0.007 0.005 0.004 0.002 0.001 0.001 0.000 0.000 0.000 0.000 0.000 0.000 0.000 0.000 0.000 0.000 0.000 0.000 0.000 0.000 0.000 0.000 0.000 0.000 0.000 0.000 0.000 0.000 0.000 0.000 0.000 0.000 0.000 0.000 0.000 0.000 0.000 0.000 0.000 0.000 0.000 0.000 0.000 0.000 0.000 0.000 0.000 0.000 0.000 0.000 0.000 0.000 0.000 0.000
0.406 0.257 0.169 0.125 0.108 0.106 0.113 0.153 0.270 0.519 0.772 0.876 0.880 0.813 0.646 0.389 0.194 0.095 0.051 0.031 0.021 0.015 0.012 0.009 0.007 0.005 0.004 0.002 0.001 0.001 0.000 0.000 0.000 0.000 0.000 0.000 0.000 0.000 0.000 0.000 0.000 0.000 0.000 0.000 0.000 0.000 0.000 0.000 0.000 0.000 0.000 0.000 0.000 0.000 0.000 0.000 0.000 0.000 0.000 0.000 0.000 0.000 0.000 0.000 0.000 0.000 0.000 0.000 0.000 0.000 0.000 0.000 0.000 0.000 0.000 0.000 0.000
0.536 0.381 0.244 0.170 0.140 0.135 0.145 0.195 0.347 0.671 1.018 1.172 1.185 1.106 0.904 0.582 0.301 0.144 0.071 0.040 0.026 0.019 0.014 0.011 0.009 0.007 0.005 0.003 0.002 0.001 0.001 0.000 0.000 0.000 0.000 0.000 0.000 0.000 0.000 0.000 0.000 0.000 0.000 0.000 0.000 0.000 0.000 0.000 0.000 0.000 0.000 0.000 0.000 0.000 0.000 0.000 0.000 0.000 0.000 0.000 0.000 0.000 0.000 0.000 0.000 0.000 0.000 0.000 0.000 0.000 0.000 0.000 0.000 0.000 0.000 0.000 0.000
0.602 0.500 0.355 0.237 0.183 0.171 0.179 0.231 0.391 0.733 1.109 1.285 1.305 1.227 1.026 0.696 0.383 0.193 0.096 0.052 0.032 0.022 0.017 0.013 0.010 0.008 0.006 0.005 0.003 0.002 0.001 0.001 0.000 0.000 0.000 0.000 0.000 0.000 0.000 0.000 0.000 0.000 0.000 0.000 0.000 0.000 0.000 0.000 0.000 0.000 0.000 0.000 0.000 0.000 0.000 0.000 0.000 0.000 0.000 0.000 0.000 0.000 0.000 0.000 0.000 0.000 0.000 0.000 0.000 0.000 0.000 0.000 0.000 0.000 0.000 0.001 0.001
0.618 0.562 0.457 0.323 0.238 0.212 0.217 0.264 0.416 0.741 1.104 1.280 1.304 1.233 1.043 0.737 0.434 0.235 0.122 0.065 0.039 0.026 0.020 0.016 0.013 0.010 0.008 0.006 0.005 0.004 0.002 0.002 0.001 0.000 0.000 0.000 0.000 0.000 0.000 0.000 0.000 0.000 0.000 0.000 0.000 0.000 0.000 0.000 0.000 0.000 0.000 0.000 0.000 0.000 0.000 0.000 0.000 0.000 0.000 0.000 0.000 0.000 0.000 0.000 0.000 0.000 0.000 0.000 0.000 0.000 0.000 0.000 0.000 0.001 0.001 0.002 0.003
0.603 0.575 0.511 0.401 0.302 0.262 0.261 0.300 0.434 0.717 1.024 1.177 1.202 1.151 0.996 0.734 0.457 0.267 0.147 0.080 0.047 0.032 0.023 0.018 0.015 0.012 0.010 0.008 0.007 0.005 0.004 0.003 0.002 0.001 0.000 0.000 0.000 0.000 0.000 0.000 0.000 0.000 0.000 0.000 0.000 0.000 0.000 0.000 0.000 0.000 0.000 0.000 0.000 0.000 0.000 0.000 0.000 0.000 0.000 0.000 0.000 0.000 0.000 0.000 0.000 0.000 0.000 0.000 0.000 0.000 0.000 0.001 0.001 0.002 0.003 0.005 0.007
0.564 0.558 0.523 0.452 0.369 0.324 0.316 0.344 0.450 0.658 0.857 0.952 0.972 0.950 0.858 0.682 0.460 0.285 0.168 0.096 0.058 0.038 0.028 0.022 0.018 0.015 0.012 0.010 0.008 0.007 0.005 0.004 0.003 0.002 0.001 0.001 0.000 0.000 0.000 0.000 0.000 0.000 0.000 0.000 0.000 0.000 0.000 0.000 0.000 0.000 0.000 0.000 0.000 0.000 0.000 0.000 0.000 0.000 0.000 0.000 0.000 0.000 0.000 0.000 0.000 0.000 0.000 0.000 0.000 0.001 0.001 0.002 0.003 0.005 0.006 0.009 0.011
0.498 0.516 0.507 0.472 0.421 0.391 0.385 0.403 0.477 0.607 0.697 0.730 0.731 0.707 0.652 0.562 0.429 0.289 0.184 0.113 0.071 0.048 0.035 0.027 0.022 0.018 0.015 0.013 0.011 0.009 0.007 0.006 0.004 0.003 0.002 0.002 0.001 0.001 0.000 0.000 0.000 0.000 0.000 0.000 0.000 0.000 0.000 0.000 0.000 0.000 0.000 0.000 0.000 0.000 0.000 0.000 0.000 0.000 0.000 0.000 0.000 0.000 0.000 0.000 0.000 0.000 0.000 0.001 0.001 0.002 0.003 0.004 0.006 0.008 0.011 0.014 0.018
0.407 0.452 0.469 0.464 0.447 0.439 0.443 0.465 0.520 0.590 0.619 0.618 0.598 0.557 0.502 0.441 0.369 0.282 0.199 0.133 0.089 0.062 0.045 0.035 0.029 0.023 0.019 0.016 0.014 0.011 0.009 0.008 0.006 0.005 0.004 0.003 0.002 0.001 0.001 0.001 0.000 0.000 0.000 0.000 0.000 0.000 0.000 0.000 0.000 0.000 0.000 0.000 0.000 0.000 0.000 0.000 0.000 0.000 0.000 0.000 0.000 0.000 0.001 0.001 0.001 0.001 0.001 0.002 0.003 0.004 0.006 0.008 0.010 0.013 0.017 0.022 0.029
0.322 0.376 0.413 0.436 0.452 0.467 0.489 0.523 0.566 0.597 0.599 0.580 0.539 0.482 0.428 0.380 0.333 0.279 0.218 0.162 0.117 0.086 0.064 0.050 0.040 0.032 0.026 0.021 0.018 0.015 0.012 0.010 0.008 0.007 0.005 0.004 0.003 0.003 0.002 0.001 0.001 0.001 0.000 0.000 0.000 0.000 0.000 0.000 0.000 0.000 0.000 0.000 0.000 0.000 0.000 0.000 0.000 0.000 0.001 0.001 0.001 0.002 0.002 0.003 0.003 0.003 0.004 0.005 0.006 0.008 0.010 0.013 0.016 0.021 0.027 0.036 0.049
0.264 0.314 0.358 0.398 0.441 0.487 0.533 0.575 0.606 0.614 0.605 0.574 0.520 0.454 0.403 0.363 0.326 0.290 0.250 0.207 0.165 0.128 0.100 0.078 0.062 0.048 0.038 0.030 0.024 0.019 0.016 0.013 0.011 0.009 0.008 0.006 0.005 0.004 0.003 0.003 0.002 0.002 0.001 0.001 0.000 0.000 0.000 0.000 0.000 0.000 0.000 0.000 0.000 0.000 0.000 0.000 0.001 0.001 0.002 0.003 0.003 0.004 0.005 0.005 0.006 0.006 0.007 0.008 0.010 0.012 0.015 0.019 0.025 0.033 0.045 0.063 0.091
0.235 0.281 0.330 0.380 0.437 0.508 0.578 0.626 0.649 0.650 0.632 0.588 0.521 0.453 0.403 0.367 0.343 0.324 0.306 0.282 0.247 0.208 0.171 0.139 0.111 0.086 0.064 0.047 0.035 0.027 0.021 0.017 0.014 0.012 0.010 0.009 0.007 0.006 0.005 0.005 0.004 0.003 0.002 0.002 0.002 0.001 0.001 0.001 0.001 0.001 0.001 0.001 0.001 0.001 0.001 0.001 0.002 0.003 0.004 0.006 0.007 0.007 0.008 0.009 0.010 0.010 0.012 0.013 0.015 0.018 0.023 0.029 0.039 0.055 0.080 0.122 0.187
0.227 0.274 0.327 0.384 0.454 0.548 0.635 0.690 0.713 0.714 0.693 0.638 0.558 0.485 0.437 0.412 0.404 0.405 0.409 0.405 0.388 0.355 0.313 0.269 0.224 0.177 0.130 0.089 0.060 0.042 0.030 0.023 0.018 0.015 0.013 0.012 0.010 0.009 0.008 0.007 0.006 0.005 0.004 0.004 0.003 0.003 0.002 0.002 0.002 0.002 0.002 0.002 0.002 0.003 0.003 0.004 0.005 0.006 0.008 0.010 0.011 0.012 0.013 0.014 0.015 0.016 0.017 0.019 0.023 0.027 0.035 0.047 0.067 0.098 0.150 0.240 0.389
0.234 0.287 0.352 0.429 0.526 0.644 0.744 0.806 0.834 0.839 0.822 0.771 0.691 0.617 0.568 0.547 0.546 0.557 0.577 0.594 0.604 0.597 0.573 0.530 0.470 0.392 0.296 0.193 0.117 0.072 0.046 0.032 0.024 0.020 0.017 0.015 0.014 0.012 0.011 0.010 0.009 0.008 0.007 0.006 0.005 0.005 0.005 0.005 0.005 0.005 0.005 0.005 0.005 0.005 0.006 0.007 0.009 0.011 0.013 0.015 0.017 0.018 0.019 0.020 0.021 0.023 0.025 0.029 0.034 0.043 0.059 0.084 0.122 0.180 0.277 0.454 0.727
0.273 0.348 0.445 0.566 0.712 0.862 0.979 1.053 1.093 1.109 1.105 1.077 1.023 0.960 0.898 0.838 0.806 0.802 0.817 0.851 0.896 0.944 0.966 0.951 0.903 0.808 0.653 0.440 0.248 0.135 0.078 0.049 0.035 0.027 0.023 0.020 0.018 0.016 0.015 0.014 0.012 0.011 0.010 0.009 0.008 0.008 0.008 0.008 0.008 0.008 0.008 0.008 0.008 0.009 0.010 0.012 0.014 0.016 0.020 0.023 0.025 0.027 0.028 0.030 0.031 0.034 0.038 0.045 0.056 0.076 0.109 0.158 0.228 0.325 0.475 0.690 0.963
0.373 0.495 0.651 0.839 1.047 1.241 1.404 1.522 1.598 1.642 1.662 1.665 1.646 1.599 1.498 1.334 1.200 1.143 1.138 1.172 1.251 1.372 1.478 1.526 1.520 1.443 1.247 0.906 0.511 0.261 0.138 0.081 0.053 0.039 0.032 0.027 0.024 0.022 0.020 0.019 0.017 0.016 0.014 0.013 0.012 0.012 0.011 0.011 0.011 0.011 0.012 0.012 0.013 0.014 0.015 0.018 0.021 0.025 0.030 0.035 0.039 0.042 0.044 0.046 0.049 0.053 0.062 0.078 0.105 0.149 0.215 0.305 0.412 0.530 0.656 0.803 1.010
0.540 0.731 0.962 1.225 1.499 1.764 2.031 2.254 2.407 2.497 2.543 2.561 2.550 2.482 2.304 1.997 1.720 1.571 1.531 1.554 1.656 1.850 2.081 2.232 2.295 2.269 2.069 1.607 0.954 0.490 0.251 0.140 0.087 0.061 0.046 0.038 0.033 0.030 0.028 0.026 0.024 0.022 0.020 0.018 0.017 0.016 0.016 0.016 0.016 0.016 0.016 0.017 0.018 0.020 0.023 0.027 0.033 0.039 0.048 0.057 0.065 0.071 0.075 0.080 0.085 0.096 0.116 0.154 0.215 0.304 0.424 0.553 0.655 0.711 0.749 0.814 0.950
0.656 0.894 1.172 1.485 1.826 2.207 2.660 3.050 3.290 3.389 3.410 3.387 3.312 3.160 2.897 2.534 2.230 2.045 1.973 1.981 2.099 2.385 2.767 3.029 3.136 3.112 2.882 2.340 1.518 0.841 0.446 0.247 0.148 0.098 0.071 0.057 0.049 0.044 0.041 0.039 0.036 0.033 0.029 0.026 0.024 0.023 0.022 0.022 0.022 0.022 0.023 0.024 0.026 0.029 0.035 0.043 0.054 0.067 0.085 0.105 0.121 0.134 0.145 0.156 0.171 0.197 0.245 0.328 0.449 0.593 0.731 0.816 0.840 0.808 0.767 0.749 0.759
0.688 0.945 1.245 1.590 1.995 2.496 3.118 3.615 3.890 3.971 3.958 3.886 3.752 3.544 3.235 2.891 2.635 2.475 2.411 2.423 2.593 3.024 3.534 3.805 3.867 3.785 3.466 2.841 1.967 1.236 0.736 0.429 0.258 0.166 0.117 0.091 0.077 0.071 0.067 0.064 0.060 0.055 0.048 0.041 0.035 0.032 0.031 0.030 0.030 0.031 0.032 0.034 0.038 0.046 0.058 0.075 0.098 0.129 0.173 0.216 0.249 0.276 0.301 0.328 0.364 0.421 0.519 0.665 0.817 0.930 0.982 0.981 0.928 0.831 0.718 0.592 0.478
0.661 0.923 1.231 1.593 2.043 2.649 3.392 3.930 4.197 4.254 4.220 4.113 3.947 3.713 3.394 3.112 2.930 2.833 2.810 2.888 3.191 3.773 4.270 4.463 4.460 4.279 3.835 3.102 2.231 1.550 1.056 0.698 0.446 0.290 0.203 0.157 0.136 0.127 0.123 0.121 0.117 0.107 0.091 0.071 0.057 0.049 0.045 0.044 0.044 0.044 0.047 0.052 0.062 0.080 0.107 0.144 0.194 0.266 0.361 0.442 0.501 0.545 0.583 0.624 0.685 0.780 0.902 1.018 1.096 1.129 1.117 1.055 0.942 0.789 0.594 0.408 0.281
0.544 0.793 1.105 1.493 1.992 2.675 3.468 4.021 4.276 4.318 4.279 4.171 4.004 3.766 3.459 3.235 3.123 3.094 3.142 3.339 3.784 4.396 4.789 4.913 4.861 4.584 4.016 3.180 2.351 1.737 1.280 0.936 0.676 0.487 0.360 0.288 0.257 0.249 0.251 0.256 0.252 0.233 0.195 0.143 0.106 0.083 0.072 0.068 0.067 0.069 0.074 0.087 0.114 0.157 0.217 0.290 0.384 0.521 0.662 0.751 0.796 0.817 0.833 0.859 0.917 1.018 1.125 1.186 1.208 1.201 1.158 1.060 0.896 0.667 0.434 0.270 0.177
0.331 0.530 0.818 1.211 1.752 2.510 3.362 3.945 4.218 4.272 4.245 4.156 4.004 3.769 3.475 3.293 3.234 3.253 3.383 3.677 4.184 4.726 5.023 5.102 5.031 4.702 4.061 3.166 2.376 1.804 1.380 1.060 0.821 0.651 0.540 0.480 0.458 0.462 0.492 0.521 0.523 0.494 0.418 0.306 0.212 0.156 0.126 0.115 0.113 0.116 0.129 0.161 0.225 0.322 0.434 0.551 0.680 0.812 0.904 0.945 0.951 0.936 0.930 0.942 0.990 1.084 1.174 1.214 1.218 1.200 1.137 0.998 0.765 0.492 0.293 0.182 0.121
0.157 0.261 0.440 0.747 1.246 1.988 2.883 3.558 3.928 4.068 4.097 4.060 3.952 3.742 3.465 3.308 3.277 3.331 3.512 3.846 4.333 4.781 5.026 5.085 5.007 4.657 3.965 3.037 2.302 1.778 1.384 1.085 0.868 0.724 0.642 0.608 0.606 0.638 0.714 0.775 0.790 0.769 0.692 0.554 0.403 0.296 0.233 0.207 0.202 0.209 0.238 0.307 0.436 0.602 0.741 0.841 0.919 0.979 1.008 1.005 0.981 0.942 0.922 0.925 0.959 1.039 1.115 1.143 1.143 1.114 1.020 0.828 0.551 0.322 0.195 0.126 0.089
0.075 0.118 0.198 0.350 0.637 1.153 1.937 2.736 3.298 3.622 3.778 3.823 3.783 3.638 3.410 3.288 3.273 3.344 3.535 3.852 4.240 4.535 4.679 4.703 4.589 4.204 3.485 2.608 1.978 1.560 1.257 1.023 0.847 0.729 0.669 0.654 0.663 0.713 0.812 0.888 0.910 0.898 0.835 0.715 0.564 0.453 0.385 0.354 0.349 0.363 0.412 0.511 0.664 0.829 0.940 1.000 1.025 1.032 1.020 0.989 0.929 0.858 0.814 0.797 0.807 0.847 0.898 0.919 0.918 0.879 0.764 0.556 0.337 0.204 0.131 0.091 0.069
0.041 0.058 0.089 0.149 0.270 0.511 0.938 1.578 2.265 2.830 3.187 3.366 3.416 3.367 3.240 3.173 3.182 3.261 3.409 3.577 3.707 3.738 3.705 3.631 3.444 3.040 2.391 1.727 1.303 1.059 0.909 0.798 0.713 0.658 0.636 0.638 0.659 0.718 0.821 0.898 0.925 0.916 0.865 0.765 0.633 0.539 0.487 0.469 0.469 0.489 0.543 0.635 0.769 0.905 0.993 1.034 1.040 1.022 0.969 0.879 0.757 0.645 0.570 0.530 0.516 0.517 0.533 0.544 0.543 0.514 0.439 0.315 0.200 0.132 0.092 0.069 0.057
0.026 0.034 0.046 0.069 0.112 0.200 0.376 0.688 1.143 1.695 2.215 2.564 2.745 2.816 2.824 2.828 2.857 2.901 2.916 2.811 2.584 2.334 2.124 1.940 1.743 1.476 1.108 0.785 0.597 0.506 0.464 0.448 0.449 0.467 0.498 0.534 0.580 0.651 0.748 0.818 0.846 0.844 0.813 0.741 0.636 0.562 0.528 0.519 0.522 0.542 0.587 0.662 0.772 0.884 0.956 0.984 0.980 0.927 0.813 0.644 0.479 0.370 0.308 0.277 0.266 0.265 0.268 0.272 0.272 0.262 0.232 0.176 0.123 0.089 0.068 0.056 0.048
0.018 0.022 0.028 0.037 0.054 0.084 0.142 0.254 0.453 0.758 1.139 1.486 1.746 1.933 2.060 2.131 2.153 2.105 1.930 1.607 1.271 1.049 0.900 0.785 0.676 0.554 0.409 0.296 0.235 0.211 0.205 0.209 0.223 0.248 0.286 0.337 0.399 0.476 0.551 0.602 0.627 0.636 0.633 0.611 0.570 0.538 0.523 0.522 0.527 0.541 0.571 0.618 0.683 0.747 0.787 0.800 0.782 0.697 0.538 0.373 0.267 0.203 0.167 0.149 0.143 0.141 0.142 0.142 0.141 0.137 0.126 0.104 0.081 0.064 0.054 0.046 0.041
0.013 0.016 0.019 0.024 0.031 0.042 0.062 0.097 0.162 0.279 0.464 0.683 0.875 1.029 1.137 1.185 1.180 1.104 0.929 0.689 0.506 0.400 0.335 0.289 0.246 0.200 0.152 0.118 0.100 0.095 0.095 0.099 0.108 0.124 0.146 0.176 0.214 0.261 0.299 0.323 0.338 0.349 0.360 0.378 0.405 0.437 0.458 0.469 0.474 0.477 0.474 0.466 0.463 0.470 0.475 0.474 0.454 0.393 0.295 0.209 0.155 0.121 0.101 0.091 0.086 0.085 0.084 0.083 0.081 0.079 0.075 0.067 0.058 0.050 0.044 0.040 0.036
0.010 0.012 0.014 0.017 0.021 0.026 0.033 0.046 0.067 0.105 0.171 0.269 0.377 0.464 0.520 0.538 0.528 0.478 0.381 0.266 0.195 0.156 0.133 0.117 0.102 0.085 0.069 0.058 0.053 0.052 0.053 0.055 0.059 0.067 0.077 0.092 0.110 0.131 0.146 0.156 0.163 0.170 0.179 0.195 0.224 0.272 0.311 0.328 0.330 0.319 0.288 0.250 0.231 0.227 0.228 0.229 0.224 0.203 0.164 0.125 0.098 0.080 0.069 0.062 0.059 0.057 0.055 0.054 0.053 0.051 0.050 0.048 0.045 0.041 0.038 0.034 0.031
0.007 0.008 0.010 0.012 0.015 0.018 0.022 0.027 0.035 0.048 0.072 0.109 0.157 0.195 0.215 0.221 0.216 0.196 0.155 0.111 0.085 0.072 0.064 0.058 0.053 0.047 0.041 0.037 0.035 0.035 0.035 0.036 0.038 0.041 0.046 0.053 0.061 0.069 0.075 0.080 0.083 0.087 0.092 0.101 0.118 0.145 0.163 0.169 0.168 0.160 0.143 0.124 0.115 0.112 0.113 0.115 0.115 0.110 0.098 0.082 0.068 0.058 0.050 0.046 0.043 0.042 0.040 0.039 0.038 0.038 0.038 0.037 0.036 0.035 0.032 0.029 0.026
0.005 0.006 0.007 0.009 0.011 0.013 0.015 0.018 0.022 0.028 0.037 0.052 0.072 0.087 0.094 0.096 0.094 0.087 0.072 0.055 0.046 0.041 0.038 0.036 0.034 0.032 0.029 0.027 0.026 0.026 0.026 0.026 0.027 0.029 0.031 0.034 0.038 0.042 0.044 0.046 0.048 0.050 0.053 0.058 0.066 0.077 0.083 0.084 0.083 0.080 0.074 0.067 0.064 0.063 0.063 0.065 0.066 0.066 0.064 0.058 0.050 0.044 0.039 0.036 0.033 0.032 0.031 0.030 0.030 0.030 0.030 0.030 0.030 0.029 0.027 0.024 0.021
0.003 0.004 0.005 0.006 0.008 0.010 0.011 0.013 0.016 0.019 0.023 0.030 0.038 0.044 0.047 0.048 0.047 0.045 0.039 0.033 0.029 0.028 0.026 0.026 0.025 0.024 0.022 0.021 0.020 0.020 0.020 0.020 0.021 0.022 0.023 0.024 0.026 0.028 0.029 0.030 0.032 0.033 0.035 0.037 0.041 0.045 0.046 0.047 0.046 0.046 0.044 0.042 0.041 0.040 0.041 0.042 0.043 0.044 0.044 0.042 0.038 0.034 0.031 0.028 0.026 0.025 0.024 0.024 0.024 0.024 0.024 0.024 0.024 0.023 0.021 0.019 0.017
0.002 0.002 0.003 0.004 0.006 0.007 0.008 0.010 0.012 0.014 0.016 0.020 0.024 0.026 0.027 0.028 0.028 0.027 0.025 0.022 0.021 0.020 0.019 0.019 0.019 0.018 0.017 0.016 0.016 0.016 0.016 0.016 0.016 0.016 0.017 0.018 0.019 0.020 0.021 0.022 0.022 0.023 0.025 0.026 0.028 0.029 0.030 0.030 0.030 0.030 0.029 0.029 0.029 0.029 0.029 0.029 0.031 0.032 0.032 0.031 0.029 0.026 0.024 0.022 0.021 0.020 0.019 0.019 0.019 0.019 0.019 0.019 0.019 0.018 0.017 0.015 0.013
