RESULTS/r.avaflow_results/23_results/23_ascii/23_hflow10057.asc
ncols 506
nrows 317
xllcenter 498237.50
yllcenter 5580050.00
cellsize 12.50
NODATA_value -9999.000
[rows 170 to 203 of 317, columns 154 to 230 of 506]
3.835 3.504 3.195 2.907 2.645 2.405 2.188 1.991 1.807 1.634 1.470 1.315 1.171 1.038 0.913 0.795 0.683 0.578 0.483 0.399 0.325 0.261 0.205 0.159 0.122 0.094 0.073 0.062 0.056 0.054 0.054 0.054 0.054 0.054 0.053 0.053 0.054 0.054 0.053 0.051 0.047 0.043 0.040 0.036 0.033 0.029 0.024 0.020 0.016 0.013 0.010 0.008 0.007 0.006 0.005 0.004 0.004 0.004 0.004 0.004 0.005 0.005 0.004 0.004 0.004 0.004 0.005 0.005 0.007 0.010 0.013 0.015 0.015 0.015 0.012 0.009 0.006
4.115 3.813 3.527 3.254 2.997 2.755 2.528 2.316 2.115 1.925 1.745 1.574 1.412 1.260 1.116 0.979 0.847 0.723 0.607 0.501 0.407 0.325 0.256 0.198 0.151 0.115 0.088 0.071 0.063 0.060 0.060 0.060 0.060 0.060 0.059 0.058 0.057 0.055 0.054 0.050 0.046 0.042 0.038 0.034 0.030 0.025 0.019 0.013 0.009 0.007 0.005 0.004 0.004 0.003 0.003 0.003 0.003 0.003 0.004 0.004 0.004 0.003 0.003 0.003 0.003 0.003 0.003 0.004 0.005 0.007 0.010 0.013 0.014 0.014 0.014 0.012 0.009
4.334 4.062 3.795 3.534 3.284 3.044 2.814 2.598 2.392 2.193 2.004 1.822 1.646 1.473 1.307 1.147 0.997 0.855 0.724 0.605 0.497 0.400 0.316 0.245 0.186 0.139 0.104 0.080 0.067 0.063 0.062 0.062 0.062 0.061 0.060 0.058 0.056 0.054 0.051 0.047 0.041 0.036 0.031 0.026 0.021 0.016 0.010 0.007 0.005 0.003 0.003 0.002 0.002 0.002 0.002 0.002 0.003 0.003 0.003 0.003 0.003 0.003 0.003 0.002 0.002 0.002 0.002 0.003 0.003 0.005 0.007 0.011 0.013 0.014 0.014 0.013 0.011
4.491 4.242 3.995 3.750 3.512 3.283 3.062 2.849 2.643 2.442 2.247 2.053 1.864 1.674 1.487 1.305 1.134 0.974 0.828 0.695 0.575 0.468 0.374 0.293 0.224 0.168 0.124 0.092 0.073 0.064 0.061 0.061 0.060 0.059 0.058 0.055 0.052 0.049 0.045 0.039 0.031 0.024 0.019 0.014 0.010 0.007 0.005 0.003 0.002 0.002 0.002 0.002 0.002 0.002 0.002 0.002 0.002 0.003 0.003 0.003 0.003 0.002 0.002 0.002 0.002 0.002 0.002 0.002 0.002 0.003 0.005 0.008 0.011 0.013 0.013 0.013 0.012
4.580 4.356 4.131 3.909 3.692 3.480 3.272 3.068 2.868 2.667 2.470 2.269 2.070 1.864 1.653 1.447 1.254 1.076 0.914 0.768 0.638 0.522 0.419 0.330 0.254 0.191 0.141 0.104 0.079 0.065 0.059 0.056 0.055 0.053 0.051 0.048 0.043 0.039 0.032 0.024 0.017 0.012 0.009 0.006 0.005 0.003 0.002 0.002 0.001 0.001 0.001 0.001 0.001 0.001 0.002 0.002 0.002 0.003 0.003 0.003 0.002 0.002 0.002 0.002 0.002 0.002 0.002 0.002 0.002 0.002 0.003 0.005 0.009 0.012 0.013 0.013 0.013
4.618 4.415 4.217 4.020 3.826 3.634 3.442 3.251 3.058 2.864 2.666 2.462 2.252 2.031 1.798 1.566 1.352 1.157 0.981 0.824 0.685 0.561 0.452 0.356 0.275 0.207 0.153 0.113 0.084 0.065 0.055 0.050 0.046 0.042 0.038 0.033 0.028 0.023 0.018 0.012 0.008 0.006 0.004 0.003 0.002 0.002 0.001 0.001 0.001 0.001 0.001 0.001 0.001 0.001 0.002 0.002 0.002 0.002 0.003 0.002 0.002 0.002 0.002 0.002 0.001 0.001 0.001 0.001 0.002 0.002 0.002 0.004 0.006 0.009 0.012 0.012 0.012
4.627 4.440 4.264 4.091 3.919 3.748 3.574 3.399 3.216 3.031 2.836 2.631 2.411 2.174 1.916 1.659 1.425 1.214 1.027 0.861 0.716 0.587 0.474 0.374 0.288 0.216 0.160 0.117 0.086 0.065 0.051 0.042 0.034 0.027 0.022 0.017 0.014 0.011 0.008 0.006 0.004 0.003 0.002 0.002 0.001 0.001 0.001 0.001 0.001 0.001 0.001 0.001 0.001 0.002 0.002 0.002 0.002 0.003 0.003 0.002 0.002 0.002 0.002 0.002 0.001 0.001 0.001 0.001 0.001 0.002 0.002 0.003 0.004 0.007 0.009 0.011 0.011
4.622 4.446 4.287 4.136 3.985 3.833 3.675 3.515 3.346 3.170 2.981 2.775 2.545 2.289 2.007 1.724 1.471 1.248 1.051 0.880 0.731 0.601 0.485 0.382 0.293 0.219 0.161 0.118 0.086 0.063 0.046 0.033 0.022 0.015 0.011 0.008 0.006 0.005 0.004 0.003 0.002 0.002 0.001 0.001 0.001 0.001 0.001 0.001 0.001 0.001 0.001 0.001 0.002 0.002 0.002 0.002 0.003 0.003 0.003 0.003 0.002 0.002 0.002 0.002 0.001 0.001 0.001 0.001 0.001 0.001 0.002 0.002 0.003 0.005 0.007 0.009 0.010
4.606 4.439 4.291 4.157 4.027 3.893 3.757 3.611 3.459 3.295 3.111 2.903 2.660 2.383 2.072 1.766 1.497 1.263 1.059 0.885 0.735 0.604 0.487 0.383 0.292 0.217 0.157 0.113 0.080 0.055 0.036 0.022 0.013 0.008 0.005 0.004 0.003 0.002 0.002 0.002 0.001 0.001 0.001 0.001 0.001 0.001 0.001 0.001 0.001 0.001 0.001 0.002 0.002 0.002 0.003 0.003 0.003 0.003 0.003 0.003 0.002 0.002 0.002 0.002 0.002 0.001 0.001 0.001 0.001 0.001 0.002 0.002 0.002 0.003 0.005 0.007 0.008
4.572 4.421 4.285 4.163 4.050 3.934 3.823 3.699 3.565 3.413 3.232 3.018 2.760 2.460 2.121 1.797 1.513 1.269 1.060 0.883 0.731 0.598 0.479 0.372 0.279 0.201 0.140 0.094 0.062 0.039 0.022 0.012 0.007 0.004 0.003 0.002 0.002 0.001 0.001 0.001 0.001 0.001 0.001 0.001 0.001 0.001 0.001 0.001 0.001 0.001 0.002 0.002 0.003 0.003 0.003 0.003 0.003 0.003 0.003 0.003 0.003 0.002 0.002 0.002 0.002 0.001 0.001 0.001 0.001 0.001 0.001 0.002 0.002 0.003 0.004 0.005 0.006
4.514 4.380 4.262 4.154 4.059 3.970 3.879 3.779 3.662 3.517 3.335 3.113 2.839 2.517 2.155 1.818 1.524 1.271 1.054 0.870 0.709 0.569 0.445 0.335 0.241 0.163 0.102 0.059 0.033 0.018 0.010 0.006 0.003 0.002 0.002 0.001 0.001 0.001 0.001 0.001 0.001 0.001 0.001 0.001 0.001 0.001 0.001 0.001 0.001 0.002 0.002 0.003 0.004 0.004 0.004 0.004 0.004 0.004 0.004 0.004 0.003 0.003 0.002 0.002 0.002 0.002 0.001 0.001 0.001 0.001 0.001 0.002 0.002 0.002 0.003 0.004 0.005
4.433 4.315 4.217 4.132 4.058 3.990 3.925 3.850 3.749 3.606 3.416 3.181 2.890 2.550 2.176 1.833 1.531 1.267 1.038 0.836 0.658 0.500 0.365 0.254 0.165 0.098 0.051 0.025 0.013 0.007 0.004 0.003 0.002 0.001 0.001 0.001 0.001 0.001 0.001 0.001 0.001 0.001 0.001 0.001 0.001 0.001 0.001 0.001 0.002 0.002 0.003 0.004 0.005 0.006 0.006 0.006 0.006 0.006 0.005 0.004 0.004 0.003 0.003 0.002 0.002 0.002 0.002 0.001 0.001 0.001 0.001 0.002 0.002 0.002 0.003 0.003 0.004
4.321 4.225 4.151 4.093 4.047 4.004 3.964 3.904 3.807 3.661 3.463 3.214 2.910 2.559 2.182 1.838 1.528 1.247 0.989 0.754 0.542 0.360 0.221 0.129 0.072 0.038 0.019 0.009 0.005 0.003 0.002 0.002 0.001 0.001 0.001 0.001 0.001 0.001 0.001 0.001 0.001 0.001 0.001 0.001 0.001 0.001 0.001 0.002 0.002 0.003 0.004 0.006 0.007 0.008 0.008 0.008 0.008 0.008 0.007 0.006 0.005 0.004 0.003 0.003 0.002 0.002 0.002 0.001 0.001 0.001 0.001 0.002 0.002 0.002 0.002 0.003 0.004
4.185 4.113 4.062 4.031 4.014 4.001 3.976 3.926 3.829 3.680 3.474 3.213 2.897 2.540 2.159 1.801 1.465 1.141 0.834 0.554 0.325 0.168 0.083 0.043 0.022 0.012 0.006 0.003 0.002 0.002 0.001 0.001 0.001 0.001 0.001 0.001 0.001 0.001 0.001 0.001 0.001 0.001 0.001 0.001 0.001 0.002 0.002 0.002 0.003 0.005 0.007 0.010 0.011 0.013 0.013 0.013 0.012 0.011 0.009 0.007 0.006 0.005 0.004 0.003 0.002 0.002 0.002 0.002 0.002 0.002 0.002 0.002 0.002 0.002 0.002 0.003 0.003
4.029 3.982 3.950 3.933 3.928 3.924 3.905 3.857 3.766 3.617 3.392 3.100 2.751 2.365 1.965 1.576 1.191 0.818 0.491 0.253 0.115 0.050 0.023 0.012 0.007 0.004 0.002 0.002 0.001 0.001 0.001 0.001 0.001 0.001 0.001 0.001 0.001 0.001 0.001 0.001 0.001 0.001 0.001 0.002 0.002 0.002 0.003 0.004 0.005 0.008 0.013 0.017 0.020 0.021 0.021 0.021 0.018 0.015 0.012 0.010 0.008 0.006 0.005 0.004 0.003 0.002 0.002 0.002 0.002 0.002 0.002 0.002 0.002 0.002 0.002 0.003 0.004
3.851 3.822 3.781 3.722 3.646 3.582 3.524 3.456 3.365 3.223 2.994 2.672 2.265 1.815 1.386 0.989 0.631 0.347 0.165 0.069 0.028 0.012 0.007 0.004 0.003 0.002 0.002 0.001 0.001 0.001 0.001 0.001 0.001 0.001 0.001 0.001 0.001 0.001 0.001 0.001 0.002 0.002 0.002 0.002 0.002 0.003 0.004 0.007 0.011 0.018 0.027 0.033 0.037 0.038 0.037 0.034 0.028 0.022 0.017 0.013 0.010 0.008 0.006 0.005 0.004 0.003 0.002 0.002 0.002 0.002 0.002 0.002 0.002 0.002 0.003 0.003 0.004
3.588 3.510 3.373 3.176 2.935 2.735 2.575 2.445 2.329 2.192 1.987 1.683 1.277 0.868 0.565 0.351 0.194 0.092 0.038 0.016 0.007 0.004 0.003 0.002 0.002 0.002 0.001 0.001 0.001 0.001 0.001 0.001 0.001 0.001 0.002 0.002 0.002 0.002 0.002 0.002 0.002 0.002 0.003 0.003 0.004 0.006 0.009 0.015 0.026 0.042 0.057 0.066 0.070 0.068 0.061 0.051 0.040 0.032 0.025 0.019 0.014 0.010 0.008 0.006 0.004 0.003 0.003 0.002 0.002 0.002 0.002 0.002 0.002 0.002 0.003 0.004 0.005
3.044 2.812 2.507 2.135 1.756 1.458 1.251 1.110 1.002 0.902 0.783 0.625 0.426 0.257 0.150 0.085 0.044 0.021 0.009 0.005 0.003 0.002 0.002 0.002 0.002 0.002 0.002 0.002 0.002 0.002 0.002 0.002 0.002 0.002 0.002 0.002 0.002 0.003 0.003 0.003 0.004 0.005 0.006 0.007 0.010 0.015 0.024 0.042 0.067 0.094 0.112 0.120 0.114 0.097 0.079 0.063 0.051 0.040 0.032 0.024 0.018 0.013 0.009 0.007 0.005 0.004 0.003 0.002 0.002 0.002 0.002 0.002 0.002 0.002 0.003 0.004 0.006
2.082 1.727 1.389 1.084 0.823 0.619 0.476 0.381 0.317 0.265 0.217 0.163 0.103 0.060 0.035 0.020 0.011 0.006 0.003 0.002 0.002 0.002 0.002 0.002 0.002 0.002 0.002 0.002 0.002 0.002 0.002 0.002 0.003 0.003 0.003 0.004 0.004 0.005 0.006 0.007 0.009 0.011 0.015 0.020 0.028 0.042 0.070 0.110 0.150 0.176 0.185 0.170 0.140 0.110 0.088 0.071 0.057 0.046 0.036 0.027 0.020 0.014 0.010 0.007 0.005 0.004 0.003 0.002 0.002 0.002 0.002 0.002 0.002 0.002 0.003 0.004 0.006
1.067 0.835 0.640 0.476 0.341 0.237 0.166 0.121 0.092 0.073 0.056 0.040 0.025 0.015 0.009 0.006 0.004 0.003 0.002 0.002 0.002 0.002 0.002 0.002 0.002 0.002 0.002 0.002 0.003 0.003 0.004 0.004 0.005 0.006 0.007 0.009 0.010 0.013 0.016 0.020 0.026 0.033 0.043 0.058 0.081 0.120 0.179 0.235 0.264 0.264 0.237 0.191 0.148 0.116 0.092 0.074 0.060 0.049 0.038 0.029 0.021 0.015 0.010 0.007 0.005 0.004 0.003 0.002 0.002 0.002 0.002 0.002 0.002 0.002 0.003 0.004 0.006
0.450 0.341 0.255 0.184 0.126 0.083 0.054 0.037 0.027 0.021 0.016 0.011 0.008 0.005 0.004 0.003 0.003 0.002 0.002 0.002 0.002 0.002 0.002 0.002 0.003 0.003 0.003 0.004 0.005 0.006 0.008 0.010 0.012 0.016 0.019 0.024 0.030 0.038 0.048 0.061 0.078 0.099 0.126 0.160 0.208 0.273 0.333 0.360 0.352 0.314 0.253 0.195 0.151 0.118 0.094 0.076 0.061 0.049 0.039 0.029 0.021 0.015 0.010 0.007 0.005 0.004 0.003 0.002 0.002 0.002 0.002 0.002 0.002 0.002 0.003 0.004 0.006
0.165 0.124 0.092 0.065 0.043 0.028 0.018 0.013 0.010 0.008 0.006 0.005 0.004 0.003 0.003 0.002 0.002 0.002 0.002 0.002 0.002 0.002 0.003 0.003 0.004 0.005 0.007 0.009 0.012 0.017 0.022 0.028 0.037 0.046 0.058 0.071 0.090 0.116 0.144 0.175 0.210 0.249 0.290 0.332 0.375 0.414 0.433 0.427 0.391 0.327 0.254 0.196 0.152 0.120 0.095 0.077 0.062 0.049 0.039 0.029 0.021 0.015 0.010 0.007 0.005 0.004 0.003 0.002 0.002 0.001 0.001 0.001 0.001 0.001 0.002 0.003 0.005
0.057 0.043 0.032 0.023 0.016 0.011 0.008 0.006 0.005 0.004 0.004 0.003 0.003 0.003 0.003 0.002 0.002 0.002 0.002 0.002 0.003 0.003 0.005 0.006 0.009 0.013 0.019 0.027 0.037 0.051 0.067 0.088 0.112 0.139 0.170 0.206 0.253 0.303 0.351 0.388 0.412 0.426 0.439 0.452 0.468 0.477 0.473 0.449 0.399 0.329 0.255 0.196 0.152 0.120 0.096 0.077 0.062 0.049 0.038 0.029 0.021 0.015 0.010 0.007 0.005 0.003 0.002 0.002 0.001 0.001 0.001 0.001 0.001 0.001 0.001 0.002 0.003
0.020 0.016 0.012 0.009 0.007 0.006 0.005 0.004 0.004 0.004 0.003 0.003 0.003 0.003 0.003 0.002 0.002 0.003 0.003 0.003 0.005 0.007 0.010 0.016 0.025 0.039 0.058 0.085 0.119 0.159 0.205 0.259 0.316 0.373 0.431 0.492 0.550 0.587 0.594 0.573 0.542 0.514 0.499 0.494 0.494 0.491 0.480 0.451 0.400 0.329 0.255 0.196 0.152 0.119 0.094 0.075 0.059 0.045 0.034 0.024 0.017 0.012 0.008 0.006 0.004 0.003 0.002 0.001 0.001 0.001 0.001 0.001 0.001 0.001 0.001 0.001 0.001
0.008 0.007 0.006 0.006 0.005 0.004 0.004 0.004 0.004 0.003 0.003 0.003 0.003 0.003 0.003 0.003 0.003 0.003 0.004 0.006 0.010 0.017 0.029 0.049 0.079 0.123 0.186 0.266 0.353 0.443 0.536 0.631 0.715 0.778 0.819 0.837 0.825 0.786 0.723 0.649 0.581 0.532 0.506 0.496 0.491 0.485 0.472 0.442 0.391 0.319 0.246 0.188 0.144 0.111 0.086 0.066 0.049 0.035 0.024 0.016 0.011 0.007 0.005 0.004 0.003 0.002 0.001 0.001 0.001 0.001 0.001 0.001 0.001 0.001 0.001 0.001 0.001
0.005 0.005 0.005 0.005 0.005 0.004 0.004 0.004 0.004 0.004 0.003 0.003 0.003 0.003 0.003 0.003 0.004 0.005 0.009 0.015 0.028 0.051 0.091 0.153 0.245 0.371 0.530 0.694 0.838 0.953 1.040 1.093 1.116 1.110 1.081 1.030 0.956 0.861 0.756 0.660 0.583 0.528 0.496 0.477 0.461 0.443 0.420 0.385 0.334 0.267 0.204 0.154 0.117 0.088 0.065 0.046 0.030 0.019 0.012 0.007 0.005 0.004 0.003 0.002 0.001 0.001 0.001 0.001 0.001 0.000 0.000 0.000 0.000 0.000 0.001 0.001 0.001
0.003 0.004 0.005 0.005 0.005 0.005 0.004 0.004 0.004 0.004 0.004 0.004 0.004 0.004 0.004 0.005 0.007 0.012 0.023 0.044 0.085 0.157 0.272 0.435 0.649 0.889 1.117 1.275 1.358 1.392 1.390 1.360 1.311 1.249 1.175 1.087 0.985 0.870 0.755 0.656 0.575 0.511 0.460 0.417 0.377 0.337 0.296 0.253 0.207 0.159 0.121 0.092 0.069 0.050 0.035 0.023 0.014 0.008 0.005 0.003 0.002 0.002 0.001 0.001 0.001 0.001 0.000 0.000 0.000 0.000 0.000 0.000 0.000 0.000 0.000 0.000 0.001
0.003 0.004 0.005 0.005 0.006 0.006 0.006 0.005 0.005 0.005 0.005 0.005 0.005 0.005 0.006 0.009 0.017 0.033 0.067 0.133 0.248 0.425 0.669 0.953 1.224 1.432 1.561 1.620 1.629 1.599 1.537 1.454 1.363 1.274 1.184 1.090 0.986 0.869 0.749 0.643 0.548 0.460 0.378 0.301 0.235 0.184 0.146 0.116 0.090 0.070 0.054 0.042 0.032 0.024 0.016 0.010 0.006 0.004 0.002 0.001 0.001 0.001 0.000 0.000 0.000 0.000 0.000 0.000 0.000 0.000 0.000 0.000 0.000 0.000 0.000 0.000 0.000
0.003 0.004 0.006 0.007 0.008 0.008 0.008 0.008 0.008 0.008 0.008 0.008 0.009 0.010 0.013 0.023 0.046 0.094 0.187 0.346 0.583 0.868 1.150 1.396 1.586 1.702 1.745 1.745 1.722 1.670 1.587 1.479 1.369 1.274 1.184 1.091 0.985 0.861 0.724 0.592 0.467 0.349 0.245 0.166 0.115 0.082 0.061 0.047 0.038 0.031 0.025 0.020 0.016 0.012 0.008 0.005 0.003 0.002 0.001 0.001 0.000 0.000 0.000 0.000 0.000 0.000 0.000 0.000 0.000 0.000 0.000 0.000 0.000 0.000 0.000 0.000 0.000
0.003 0.005 0.009 0.012 0.013 0.014 0.014 0.015 0.015 0.016 0.017 0.017 0.019 0.022 0.032 0.059 0.119 0.234 0.421 0.679 0.955 1.205 1.415 1.587 1.708 1.770 1.784 1.779 1.755 1.699 1.606 1.484 1.364 1.261 1.163 1.059 0.936 0.791 0.625 0.462 0.317 0.203 0.126 0.079 0.052 0.036 0.028 0.022 0.019 0.016 0.014 0.011 0.009 0.007 0.005 0.003 0.002 0.001 0.000 0.000 0.000 0.000 0.000 0.000 0.000 0.000 0.000 0.000 0.000 0.000 0.000 0.000 0.000 0.000 0.000 0.000 0.000
0.004 0.008 0.016 0.023 0.027 0.030 0.031 0.033 0.034 0.036 0.037 0.039 0.043 0.052 0.075 0.131 0.245 0.426 0.669 0.931 1.156 1.341 1.498 1.629 1.724 1.777 1.796 1.796 1.774 1.712 1.609 1.474 1.325 1.180 1.042 0.902 0.751 0.583 0.411 0.265 0.161 0.096 0.058 0.036 0.025 0.018 0.015 0.013 0.011 0.010 0.009 0.007 0.006 0.004 0.003 0.002 0.001 0.000 0.000 0.000 0.000 0.000 0.000 0.000 0.000 0.000 0.000 0.000 0.000 0.000 0.000 0.000 0.000 0.000 0.000 0.000 0.000
0.007 0.016 0.034 0.050 0.060 0.065 0.069 0.072 0.074 0.077 0.079 0.082 0.087 0.099 0.129 0.202 0.340 0.549 0.807 1.038 1.221 1.373 1.510 1.629 1.721 1.776 1.795 1.793 1.763 1.691 1.569 1.399 1.190 0.965 0.759 0.576 0.418 0.286 0.186 0.115 0.069 0.042 0.026 0.018 0.013 0.011 0.009 0.008 0.007 0.007 0.006 0.005 0.004 0.003 0.002 0.001 0.001 0.000 0.000 0.000 0.000 0.000 0.000 0.000 0.000 0.000 0.000 0.000 0.000 0.000 0.000 0.000 0.000 0.000 0.000 0.000 0.000
0.014 0.036 0.072 0.101 0.117 0.125 0.130 0.134 0.137 0.137 0.134 0.128 0.127 0.134 0.160 0.234 0.377 0.592 0.849 1.060 1.230 1.376 1.502 1.603 1.670 1.699 1.689 1.657 1.599 1.502 1.357 1.155 0.890 0.611 0.398 0.258 0.167 0.107 0.069 0.044 0.028 0.018 0.012 0.009 0.007 0.007 0.006 0.005 0.005 0.004 0.004 0.003 0.002 0.002 0.001 0.000 0.000 0.000 0.000 0.000 0.000 0.000 0.000 0.000 0.000 0.000 0.000 0.000 0.000 0.000 0.000 0.000 0.000 0.000 0.000 0.000 0.000
0.032 0.073 0.126 0.160 0.175 0.180 0.184 0.186 0.186 0.182 0.171 0.155 0.147 0.149 0.170 0.238 0.376 0.587 0.838 1.043 1.204 1.330 1.419 1.462 1.458 1.406 1.320 1.228 1.128 1.013 0.873 0.696 0.478 0.289 0.167 0.097 0.058 0.037 0.024 0.016 0.011 0.008 0.006 0.005 0.004 0.004 0.004 0.004 0.003 0.003 0.002 0.002 0.001 0.001 0.000 0.000 0.000 0.000 0.000 0.000 0.000 0.000 0.000 0.000 0.000 0.000 0.000 0.000 0.000 0.000 0.000 0.000 0.000 0.000 0.000 0.000 0.000
