RESULTS/r.avaflow_results/23_results/23_ascii/23_hflow0015.asc
ncols 506
nrows 317
xllcenter 498237.50
yllcenter 5580050.00
cellsize 12.50
NODATA_value -9999.000
[rows 204 to 237 of 317, columns 77 to 153 of 506]
0.031 0.029 0.025 0.020 0.016 0.014 0.013 0.013 0.014 0.015 0.017 0.019 0.023 0.032 0.060 0.144 0.319 0.430 0.452 0.413 0.305 0.242 0.213 0.191 0.178 0.174 0.174 0.177 0.187 0.216 0.291 0.378 0.410 0.415 0.400 0.339 0.239 0.191 0.180 0.184 0.202 0.221 0.225 0.220 0.193 0.134 0.078 0.049 0.034 0.025 0.019 0.014 0.010 0.008 0.008 0.008 0.011 0.018 0.033 0.049 0.057 0.061 0.063 0.065 0.069 0.077 0.094 0.124 0.162 0.184 0.193 0.194 0.188 0.165 0.115 0.064 0.034
0.033 0.030 0.026 0.021 0.018 0.016 0.016 0.016 0.017 0.017 0.018 0.020 0.024 0.036 0.074 0.186 0.346 0.407 0.406 0.345 0.266 0.231 0.208 0.187 0.173 0.170 0.171 0.174 0.185 0.219 0.305 0.385 0.408 0.409 0.384 0.305 0.216 0.181 0.175 0.183 0.207 0.224 0.226 0.218 0.186 0.124 0.074 0.048 0.033 0.025 0.018 0.013 0.010 0.008 0.008 0.009 0.012 0.020 0.037 0.054 0.062 0.065 0.068 0.071 0.076 0.087 0.105 0.137 0.172 0.188 0.193 0.189 0.165 0.111 0.057 0.027 0.014
0.036 0.032 0.027 0.023 0.021 0.020 0.019 0.019 0.019 0.019 0.019 0.020 0.025 0.042 0.098 0.237 0.349 0.377 0.362 0.292 0.247 0.227 0.208 0.188 0.176 0.173 0.174 0.177 0.190 0.232 0.324 0.387 0.404 0.401 0.364 0.273 0.200 0.175 0.172 0.182 0.210 0.226 0.227 0.215 0.178 0.115 0.070 0.047 0.033 0.024 0.018 0.013 0.009 0.008 0.008 0.009 0.013 0.024 0.043 0.061 0.069 0.072 0.074 0.077 0.084 0.095 0.113 0.143 0.173 0.185 0.185 0.167 0.117 0.059 0.027 0.012 0.007
0.043 0.036 0.031 0.028 0.025 0.023 0.022 0.021 0.020 0.020 0.020 0.022 0.029 0.055 0.135 0.270 0.337 0.348 0.317 0.257 0.235 0.225 0.211 0.192 0.185 0.182 0.181 0.182 0.198 0.251 0.341 0.385 0.395 0.387 0.339 0.245 0.187 0.168 0.168 0.183 0.213 0.227 0.227 0.212 0.168 0.105 0.066 0.045 0.033 0.024 0.018 0.012 0.009 0.008 0.008 0.010 0.015 0.029 0.051 0.070 0.078 0.079 0.080 0.083 0.089 0.100 0.120 0.146 0.165 0.170 0.162 0.128 0.071 0.033 0.015 0.007 0.004
0.058 0.046 0.040 0.035 0.031 0.028 0.025 0.023 0.021 0.021 0.022 0.025 0.037 0.076 0.175 0.278 0.314 0.315 0.276 0.238 0.229 0.225 0.218 0.201 0.190 0.187 0.186 0.188 0.206 0.270 0.354 0.386 0.390 0.370 0.303 0.219 0.178 0.164 0.165 0.183 0.216 0.228 0.227 0.208 0.159 0.097 0.061 0.042 0.031 0.023 0.017 0.011 0.008 0.008 0.008 0.010 0.018 0.034 0.060 0.077 0.084 0.085 0.085 0.087 0.092 0.102 0.122 0.143 0.150 0.148 0.133 0.090 0.043 0.020 0.009 0.004 0.002
0.087 0.068 0.055 0.046 0.039 0.032 0.027 0.025 0.023 0.023 0.025 0.032 0.052 0.105 0.202 0.266 0.287 0.282 0.245 0.226 0.225 0.227 0.222 0.210 0.197 0.192 0.191 0.197 0.223 0.295 0.364 0.384 0.383 0.350 0.270 0.200 0.168 0.158 0.162 0.183 0.216 0.229 0.227 0.204 0.150 0.091 0.058 0.041 0.030 0.022 0.016 0.011 0.008 0.008 0.008 0.012 0.022 0.043 0.069 0.084 0.089 0.089 0.088 0.088 0.092 0.101 0.122 0.136 0.139 0.134 0.109 0.062 0.028 0.013 0.006 0.003 0.002
0.135 0.106 0.082 0.064 0.049 0.038 0.031 0.028 0.027 0.027 0.031 0.043 0.074 0.134 0.208 0.248 0.260 0.251 0.225 0.218 0.222 0.230 0.229 0.220 0.207 0.200 0.199 0.206 0.241 0.319 0.372 0.383 0.373 0.324 0.241 0.186 0.160 0.153 0.158 0.183 0.217 0.230 0.227 0.203 0.145 0.089 0.058 0.041 0.030 0.022 0.015 0.010 0.008 0.007 0.008 0.013 0.027 0.052 0.076 0.088 0.091 0.090 0.088 0.088 0.090 0.101 0.120 0.129 0.129 0.119 0.086 0.042 0.019 0.009 0.005 0.002 0.001
0.194 0.164 0.127 0.094 0.067 0.048 0.037 0.033 0.032 0.033 0.041 0.062 0.106 0.155 0.192 0.218 0.228 0.221 0.210 0.210 0.220 0.234 0.236 0.230 0.218 0.210 0.208 0.216 0.256 0.338 0.377 0.384 0.365 0.296 0.215 0.171 0.152 0.148 0.154 0.182 0.221 0.237 0.235 0.205 0.142 0.087 0.058 0.041 0.031 0.022 0.014 0.009 0.008 0.007 0.009 0.016 0.032 0.061 0.082 0.090 0.091 0.089 0.086 0.085 0.088 0.103 0.118 0.122 0.119 0.103 0.064 0.030 0.014 0.007 0.004 0.002 0.001
0.241 0.222 0.188 0.143 0.099 0.067 0.049 0.042 0.041 0.044 0.057 0.091 0.135 0.160 0.174 0.190 0.200 0.200 0.199 0.203 0.219 0.239 0.245 0.243 0.232 0.221 0.218 0.227 0.273 0.353 0.383 0.383 0.352 0.272 0.198 0.160 0.145 0.143 0.152 0.182 0.224 0.243 0.240 0.208 0.140 0.087 0.059 0.042 0.031 0.021 0.013 0.009 0.007 0.007 0.010 0.018 0.038 0.068 0.085 0.090 0.089 0.084 0.079 0.079 0.086 0.105 0.116 0.117 0.111 0.088 0.048 0.023 0.011 0.006 0.003 0.001 0.001
0.272 0.261 0.239 0.202 0.151 0.101 0.070 0.057 0.055 0.059 0.079 0.121 0.150 0.158 0.162 0.170 0.182 0.186 0.191 0.199 0.217 0.245 0.258 0.259 0.250 0.237 0.234 0.245 0.296 0.364 0.387 0.383 0.341 0.251 0.184 0.152 0.140 0.140 0.152 0.183 0.225 0.245 0.242 0.208 0.139 0.087 0.059 0.042 0.029 0.020 0.012 0.008 0.007 0.007 0.010 0.021 0.045 0.073 0.085 0.088 0.086 0.079 0.075 0.075 0.086 0.107 0.113 0.113 0.104 0.074 0.037 0.018 0.009 0.005 0.002 0.001 0.001
0.290 0.284 0.269 0.243 0.201 0.146 0.103 0.082 0.077 0.082 0.107 0.141 0.154 0.152 0.150 0.156 0.171 0.178 0.185 0.195 0.216 0.250 0.271 0.275 0.271 0.260 0.257 0.269 0.322 0.375 0.388 0.381 0.329 0.232 0.172 0.145 0.137 0.139 0.154 0.187 0.226 0.247 0.246 0.212 0.140 0.085 0.056 0.038 0.026 0.017 0.010 0.007 0.007 0.007 0.011 0.023 0.051 0.075 0.083 0.084 0.080 0.074 0.072 0.074 0.089 0.108 0.112 0.110 0.095 0.061 0.030 0.015 0.008 0.004 0.002 0.001 0.000
0.297 0.294 0.284 0.265 0.233 0.183 0.137 0.112 0.106 0.111 0.133 0.150 0.150 0.141 0.139 0.149 0.166 0.174 0.181 0.193 0.216 0.253 0.283 0.293 0.291 0.281 0.279 0.293 0.346 0.386 0.392 0.377 0.311 0.216 0.163 0.139 0.134 0.139 0.158 0.193 0.229 0.247 0.246 0.214 0.143 0.085 0.054 0.035 0.023 0.014 0.009 0.007 0.006 0.007 0.011 0.026 0.056 0.077 0.082 0.081 0.076 0.070 0.070 0.074 0.092 0.107 0.110 0.106 0.087 0.050 0.025 0.013 0.006 0.003 0.001 0.000 0.000
0.298 0.296 0.289 0.274 0.248 0.205 0.159 0.134 0.128 0.133 0.147 0.149 0.139 0.128 0.130 0.148 0.165 0.173 0.181 0.193 0.215 0.257 0.296 0.311 0.311 0.304 0.302 0.318 0.367 0.397 0.398 0.373 0.293 0.200 0.154 0.136 0.134 0.141 0.162 0.198 0.231 0.248 0.247 0.217 0.148 0.087 0.053 0.032 0.019 0.011 0.007 0.006 0.006 0.007 0.012 0.028 0.059 0.075 0.079 0.078 0.073 0.069 0.068 0.074 0.093 0.103 0.105 0.099 0.077 0.042 0.021 0.011 0.005 0.002 0.001 0.000 0.000
0.296 0.295 0.289 0.276 0.252 0.215 0.173 0.147 0.140 0.144 0.149 0.142 0.124 0.117 0.126 0.150 0.165 0.175 0.183 0.194 0.216 0.261 0.307 0.328 0.331 0.327 0.325 0.343 0.387 0.405 0.403 0.367 0.274 0.184 0.145 0.133 0.133 0.144 0.169 0.205 0.234 0.248 0.249 0.222 0.155 0.091 0.053 0.031 0.017 0.010 0.007 0.006 0.006 0.007 0.013 0.031 0.060 0.074 0.076 0.075 0.072 0.068 0.068 0.077 0.093 0.099 0.098 0.090 0.066 0.035 0.018 0.009 0.004 0.002 0.001 0.000 0.000
0.287 0.287 0.283 0.272 0.251 0.218 0.179 0.154 0.145 0.144 0.139 0.122 0.105 0.106 0.126 0.154 0.168 0.178 0.188 0.200 0.222 0.270 0.324 0.349 0.352 0.345 0.342 0.365 0.406 0.416 0.404 0.353 0.247 0.165 0.135 0.129 0.132 0.148 0.178 0.214 0.241 0.254 0.256 0.232 0.168 0.097 0.053 0.029 0.015 0.009 0.006 0.005 0.005 0.007 0.014 0.035 0.062 0.073 0.075 0.074 0.072 0.070 0.071 0.082 0.094 0.097 0.094 0.082 0.055 0.029 0.014 0.007 0.003 0.001 0.000 0.000 0.000
0.268 0.269 0.267 0.260 0.244 0.216 0.181 0.157 0.144 0.132 0.111 0.091 0.086 0.098 0.128 0.156 0.173 0.186 0.198 0.210 0.231 0.281 0.341 0.369 0.371 0.362 0.361 0.389 0.424 0.428 0.403 0.329 0.214 0.147 0.127 0.125 0.132 0.154 0.189 0.226 0.252 0.264 0.265 0.241 0.173 0.097 0.051 0.027 0.014 0.008 0.006 0.005 0.005 0.007 0.015 0.039 0.064 0.073 0.074 0.074 0.072 0.072 0.075 0.088 0.095 0.095 0.089 0.073 0.045 0.024 0.012 0.005 0.002 0.001 0.000 0.000 0.000
0.236 0.239 0.239 0.235 0.224 0.205 0.178 0.154 0.132 0.103 0.078 0.068 0.072 0.092 0.126 0.154 0.175 0.194 0.210 0.226 0.248 0.297 0.362 0.394 0.397 0.389 0.394 0.428 0.452 0.448 0.406 0.302 0.185 0.133 0.120 0.120 0.132 0.160 0.203 0.241 0.266 0.277 0.277 0.251 0.178 0.097 0.050 0.025 0.013 0.007 0.006 0.005 0.005 0.008 0.017 0.043 0.065 0.072 0.074 0.074 0.074 0.075 0.080 0.090 0.094 0.092 0.083 0.064 0.037 0.019 0.009 0.004 0.002 0.001 0.000 0.000 0.000
0.189 0.194 0.196 0.195 0.191 0.181 0.163 0.139 0.103 0.069 0.053 0.053 0.063 0.086 0.117 0.148 0.175 0.201 0.226 0.248 0.274 0.321 0.389 0.426 0.434 0.433 0.445 0.481 0.494 0.479 0.410 0.272 0.163 0.122 0.114 0.116 0.132 0.168 0.220 0.260 0.285 0.293 0.291 0.260 0.181 0.097 0.048 0.023 0.012 0.007 0.006 0.005 0.006 0.009 0.021 0.047 0.066 0.073 0.075 0.076 0.077 0.080 0.086 0.092 0.092 0.089 0.078 0.056 0.031 0.015 0.007 0.003 0.001 0.000 0.000 0.000 0.000
0.135 0.140 0.142 0.144 0.144 0.141 0.131 0.104 0.065 0.042 0.038 0.043 0.057 0.079 0.107 0.140 0.173 0.206 0.240 0.272 0.302 0.346 0.413 0.459 0.477 0.485 0.507 0.539 0.542 0.505 0.396 0.241 0.150 0.117 0.111 0.114 0.133 0.176 0.237 0.278 0.300 0.306 0.300 0.264 0.180 0.095 0.046 0.021 0.011 0.007 0.006 0.005 0.006 0.010 0.024 0.051 0.068 0.075 0.078 0.080 0.081 0.084 0.089 0.092 0.092 0.085 0.071 0.048 0.025 0.011 0.005 0.002 0.001 0.000 0.000 0.000 0.000
0.092 0.095 0.097 0.098 0.098 0.095 0.083 0.057 0.035 0.028 0.030 0.038 0.052 0.071 0.096 0.129 0.168 0.209 0.251 0.294 0.333 0.375 0.433 0.491 0.527 0.555 0.589 0.610 0.597 0.523 0.370 0.217 0.142 0.115 0.110 0.114 0.136 0.185 0.253 0.295 0.312 0.315 0.303 0.260 0.171 0.087 0.041 0.019 0.010 0.007 0.006 0.006 0.007 0.012 0.027 0.055 0.072 0.079 0.083 0.085 0.086 0.088 0.091 0.092 0.089 0.080 0.064 0.040 0.019 0.008 0.003 0.001 0.000 0.000 0.000 0.000 0.000
0.061 0.062 0.063 0.063 0.062 0.056 0.042 0.027 0.020 0.021 0.025 0.034 0.046 0.061 0.083 0.115 0.159 0.207 0.256 0.309 0.362 0.410 0.461 0.524 0.589 0.639 0.670 0.675 0.640 0.527 0.339 0.201 0.139 0.116 0.112 0.116 0.140 0.196 0.269 0.310 0.324 0.323 0.303 0.249 0.155 0.077 0.035 0.016 0.009 0.007 0.007 0.007 0.009 0.015 0.031 0.057 0.075 0.085 0.090 0.092 0.093 0.093 0.094 0.091 0.085 0.074 0.056 0.031 0.014 0.006 0.002 0.001 0.000 0.000 0.000 0.000 0.000
0.039 0.039 0.039 0.038 0.035 0.028 0.019 0.015 0.015 0.017 0.022 0.030 0.040 0.053 0.071 0.101 0.145 0.199 0.255 0.315 0.381 0.443 0.500 0.566 0.647 0.704 0.727 0.720 0.658 0.504 0.306 0.189 0.138 0.119 0.116 0.123 0.150 0.211 0.285 0.323 0.333 0.329 0.302 0.237 0.138 0.065 0.029 0.014 0.009 0.007 0.007 0.008 0.010 0.018 0.034 0.059 0.080 0.093 0.100 0.102 0.102 0.101 0.099 0.093 0.083 0.069 0.047 0.023 0.010 0.004 0.002 0.001 0.000 0.000 0.000 0.000 0.000
0.023 0.023 0.022 0.020 0.017 0.013 0.011 0.011 0.013 0.015 0.020 0.027 0.035 0.046 0.061 0.085 0.125 0.180 0.244 0.314 0.389 0.467 0.542 0.619 0.703 0.760 0.776 0.754 0.659 0.466 0.278 0.181 0.139 0.125 0.124 0.131 0.161 0.227 0.302 0.337 0.343 0.335 0.300 0.224 0.121 0.055 0.024 0.012 0.008 0.007 0.007 0.009 0.012 0.021 0.038 0.061 0.086 0.104 0.114 0.116 0.116 0.112 0.105 0.094 0.080 0.062 0.037 0.017 0.007 0.003 0.001 0.000 0.000 0.000 0.000 0.000 0.000
0.013 0.013 0.012 0.010 0.008 0.007 0.008 0.010 0.011 0.014 0.018 0.024 0.032 0.040 0.052 0.070 0.100 0.149 0.219 0.300 0.386 0.481 0.580 0.677 0.768 0.819 0.827 0.790 0.666 0.442 0.264 0.177 0.141 0.130 0.130 0.138 0.168 0.239 0.316 0.350 0.355 0.343 0.301 0.213 0.109 0.048 0.021 0.011 0.008 0.007 0.008 0.010 0.015 0.024 0.041 0.063 0.090 0.115 0.129 0.133 0.131 0.124 0.110 0.092 0.074 0.052 0.027 0.011 0.004 0.002 0.001 0.000 0.000 0.000 0.000 0.000 0.000
0.007 0.007 0.006 0.005 0.005 0.005 0.007 0.009 0.010 0.013 0.016 0.022 0.029 0.036 0.044 0.056 0.077 0.114 0.177 0.264 0.367 0.483 0.616 0.748 0.852 0.900 0.900 0.845 0.680 0.427 0.259 0.177 0.144 0.135 0.135 0.143 0.174 0.245 0.326 0.362 0.369 0.356 0.308 0.205 0.098 0.042 0.019 0.010 0.008 0.008 0.009 0.012 0.017 0.027 0.043 0.065 0.095 0.128 0.145 0.149 0.147 0.135 0.114 0.089 0.065 0.039 0.018 0.007 0.003 0.001 0.000 0.000 0.000 0.000 0.000 0.000 0.000
0.004 0.003 0.003 0.003 0.003 0.005 0.007 0.008 0.010 0.012 0.015 0.020 0.027 0.033 0.038 0.046 0.060 0.088 0.139 0.219 0.329 0.467 0.638 0.808 0.926 0.971 0.966 0.890 0.683 0.419 0.260 0.182 0.149 0.140 0.140 0.149 0.180 0.251 0.336 0.374 0.381 0.370 0.316 0.198 0.089 0.038 0.017 0.011 0.009 0.009 0.010 0.014 0.020 0.030 0.046 0.067 0.100 0.142 0.164 0.169 0.165 0.147 0.116 0.082 0.052 0.027 0.012 0.005 0.002 0.001 0.000 0.000 0.000 0.000 0.000 0.000 0.000
0.002 0.001 0.001 0.002 0.003 0.005 0.006 0.008 0.009 0.011 0.014 0.019 0.025 0.030 0.034 0.039 0.048 0.069 0.111 0.182 0.288 0.439 0.646 0.849 0.977 1.021 1.007 0.906 0.671 0.415 0.269 0.196 0.160 0.147 0.147 0.155 0.187 0.265 0.355 0.396 0.402 0.388 0.324 0.188 0.082 0.034 0.016 0.011 0.010 0.010 0.012 0.015 0.022 0.033 0.048 0.071 0.109 0.159 0.186 0.191 0.185 0.158 0.112 0.070 0.039 0.019 0.008 0.003 0.001 0.000 0.000 0.000 0.000 0.000 0.000 0.000 0.000
0.001 0.001 0.001 0.001 0.003 0.004 0.006 0.007 0.008 0.010 0.013 0.017 0.024 0.028 0.030 0.033 0.039 0.055 0.089 0.151 0.253 0.409 0.642 0.875 1.012 1.055 1.033 0.911 0.664 0.423 0.291 0.219 0.177 0.159 0.155 0.162 0.197 0.289 0.388 0.428 0.434 0.413 0.330 0.175 0.074 0.031 0.016 0.012 0.011 0.012 0.013 0.017 0.025 0.036 0.052 0.077 0.120 0.178 0.208 0.213 0.202 0.164 0.103 0.057 0.028 0.013 0.005 0.002 0.001 0.000 0.000 0.000 0.000 0.000 0.000 0.000 0.000
0.000 0.001 0.001 0.001 0.002 0.004 0.006 0.007 0.008 0.009 0.012 0.016 0.022 0.026 0.027 0.029 0.033 0.043 0.070 0.124 0.222 0.384 0.640 0.896 1.035 1.072 1.044 0.914 0.666 0.440 0.317 0.244 0.199 0.175 0.168 0.173 0.210 0.314 0.421 0.460 0.463 0.430 0.319 0.156 0.064 0.028 0.016 0.013 0.012 0.012 0.014 0.018 0.026 0.039 0.058 0.088 0.140 0.199 0.227 0.230 0.212 0.161 0.091 0.045 0.021 0.008 0.003 0.001 0.000 0.000 0.000 0.000 0.000 0.000 0.000 0.000 0.000
0.000 0.000 0.001 0.001 0.002 0.004 0.005 0.006 0.007 0.009 0.011 0.015 0.021 0.024 0.025 0.026 0.028 0.034 0.053 0.099 0.193 0.360 0.636 0.908 1.044 1.073 1.042 0.917 0.683 0.467 0.344 0.268 0.221 0.196 0.189 0.193 0.234 0.346 0.453 0.491 0.491 0.441 0.293 0.130 0.053 0.024 0.016 0.013 0.013 0.013 0.014 0.018 0.027 0.043 0.067 0.108 0.172 0.225 0.245 0.243 0.215 0.149 0.076 0.035 0.014 0.006 0.002 0.001 0.000 0.000 0.000 0.000 0.000 0.000 0.000 0.000 0.000
0.000 0.000 0.000 0.001 0.002 0.003 0.005 0.006 0.007 0.008 0.010 0.013 0.019 0.023 0.024 0.024 0.025 0.028 0.040 0.074 0.157 0.323 0.610 0.902 1.041 1.066 1.038 0.933 0.732 0.517 0.380 0.296 0.246 0.220 0.214 0.222 0.272 0.391 0.488 0.518 0.511 0.437 0.252 0.103 0.044 0.023 0.017 0.014 0.013 0.013 0.014 0.019 0.029 0.049 0.081 0.137 0.210 0.253 0.262 0.250 0.204 0.122 0.057 0.024 0.009 0.003 0.001 0.000 0.000 0.000 0.000 0.000 0.000 0.000 0.000 0.000 0.000
0.000 0.000 0.000 0.001 0.002 0.003 0.004 0.005 0.006 0.007 0.009 0.012 0.017 0.021 0.023 0.023 0.023 0.025 0.031 0.051 0.109 0.249 0.519 0.855 1.034 1.076 1.059 0.983 0.818 0.593 0.429 0.330 0.276 0.251 0.246 0.260 0.322 0.446 0.526 0.546 0.526 0.410 0.203 0.083 0.039 0.024 0.018 0.015 0.014 0.014 0.015 0.020 0.033 0.059 0.106 0.182 0.252 0.280 0.279 0.247 0.170 0.083 0.035 0.014 0.005 0.002 0.001 0.000 0.000 0.000 0.000 0.000 0.000 0.000 0.000 0.000 0.000
0.000 0.000 0.000 0.001 0.001 0.003 0.004 0.005 0.006 0.007 0.008 0.011 0.016 0.020 0.022 0.022 0.022 0.023 0.026 0.036 0.070 0.160 0.374 0.736 1.010 1.110 1.115 1.066 0.933 0.701 0.492 0.374 0.315 0.293 0.291 0.314 0.391 0.509 0.572 0.583 0.540 0.370 0.165 0.071 0.037 0.026 0.020 0.017 0.016 0.016 0.017 0.022 0.039 0.077 0.149 0.242 0.297 0.309 0.291 0.224 0.121 0.052 0.021 0.008 0.003 0.001 0.000 0.000 0.000 0.000 0.000 0.000 0.000 0.000 0.000 0.000 0.000
0.000 0.000 0.000 0.001 0.002 0.002 0.003 0.004 0.005 0.006 0.008 0.010 0.014 0.018 0.021 0.021 0.021 0.022 0.023 0.029 0.048 0.103 0.245 0.554 0.934 1.135 1.193 1.177 1.081 0.868 0.605 0.448 0.375 0.352 0.353 0.386 0.480 0.588 0.636 0.637 0.555 0.330 0.144 0.066 0.039 0.028 0.023 0.020 0.018 0.018 0.019 0.025 0.047 0.103 0.210 0.305 0.340 0.338 0.292 0.182 0.081 0.032 0.012 0.004 0.002 0.001 0.000 0.000 0.000 0.000 0.000 0.000 0.000 0.000 0.000 0.000 0.000
