RESULTS/r.avaflow_results/23_results/23_ascii/23_hflow0040.asc
ncols 506
nrows 317
xllcenter 498237.50
yllcenter 5580050.00
cellsize 12.50
NODATA_value -9999.000
[rows 170 to 203 of 317, columns 77 to 153 of 506]
0.000 0.000 0.000 0.000 0.000 0.000 0.000 0.000 0.001 0.002 0.003 0.005 0.009 0.014 0.021 0.031 0.042 0.054 0.068 0.084 0.105 0.137 0.190 0.274 0.395 0.545 0.702 0.856 1.019 1.201 1.377 1.519 1.617 1.673 1.693 1.690 1.668 1.618 1.532 1.436 1.386 1.399 1.566 2.018 2.777 3.734 4.684 5.631 6.634 7.732 8.926 10.191 11.373 12.306 12.865 13.109 13.266 13.440 13.684 13.986 14.346 14.722 15.068 15.394 15.757 16.073 16.199 16.087 15.769 15.330 14.861 14.442 14.072 13.764 13.527 13.339 13.127
0.000 0.000 0.000 0.000 0.000 0.000 0.000 0.001 0.003 0.005 0.009 0.014 0.022 0.034 0.049 0.067 0.087 0.110 0.136 0.166 0.205 0.260 0.340 0.452 0.596 0.760 0.928 1.100 1.285 1.484 1.666 1.812 1.921 1.995 2.042 2.065 2.064 2.028 1.951 1.893 1.895 2.024 2.418 3.167 4.239 5.401 6.472 7.530 8.582 9.634 10.666 11.641 12.452 12.984 13.231 13.347 13.467 13.630 13.852 14.139 14.462 14.789 15.114 15.443 15.809 16.080 16.122 15.916 15.557 15.193 14.889 14.655 14.507 14.463 14.512 14.646 14.826
0.000 0.000 0.000 0.000 0.000 0.000 0.001 0.003 0.006 0.011 0.019 0.029 0.045 0.066 0.091 0.120 0.153 0.190 0.234 0.286 0.349 0.433 0.544 0.682 0.839 1.006 1.180 1.367 1.570 1.773 1.948 2.087 2.193 2.271 2.333 2.385 2.428 2.455 2.450 2.468 2.593 2.949 3.649 4.730 6.055 7.253 8.285 9.287 10.258 11.175 11.979 12.618 13.039 13.234 13.296 13.375 13.490 13.655 13.867 14.139 14.443 14.759 15.074 15.395 15.728 15.913 15.871 15.620 15.324 15.101 14.963 14.919 14.974 15.122 15.370 15.769 16.364
0.000 0.000 0.000 0.000 0.000 0.001 0.002 0.006 0.012 0.020 0.033 0.051 0.076 0.107 0.144 0.186 0.234 0.291 0.359 0.438 0.533 0.649 0.789 0.946 1.111 1.282 1.463 1.659 1.870 2.064 2.224 2.349 2.441 2.511 2.573 2.635 2.708 2.803 2.935 3.143 3.544 4.245 5.309 6.678 7.983 9.014 9.918 10.785 11.580 12.284 12.836 13.172 13.302 13.303 13.299 13.355 13.462 13.619 13.822 14.068 14.353 14.654 14.950 15.240 15.502 15.597 15.510 15.290 15.098 15.009 14.997 15.066 15.229 15.488 15.878 16.478 17.364
0.000 0.000 0.000 0.000 0.000 0.001 0.003 0.008 0.016 0.028 0.045 0.068 0.101 0.144 0.196 0.258 0.329 0.410 0.505 0.616 0.745 0.894 1.061 1.236 1.412 1.592 1.779 1.981 2.181 2.357 2.498 2.603 2.674 2.724 2.770 2.824 2.905 3.049 3.305 3.765 4.558 5.719 7.162 8.546 9.662 10.552 11.301 11.963 12.526 12.974 13.270 13.384 13.372 13.299 13.268 13.298 13.390 13.523 13.709 13.929 14.182 14.452 14.713 14.949 15.132 15.180 15.104 14.947 14.850 14.879 14.956 15.092 15.304 15.631 16.123 16.849 17.863
0.000 0.000 0.000 0.000 0.000 0.001 0.004 0.009 0.018 0.031 0.051 0.079 0.118 0.170 0.238 0.322 0.423 0.541 0.674 0.822 0.990 1.173 1.366 1.559 1.749 1.937 2.130 2.326 2.505 2.656 2.771 2.849 2.895 2.918 2.934 2.963 3.039 3.207 3.545 4.191 5.292 6.880 8.651 10.039 11.073 11.840 12.389 12.796 13.113 13.324 13.413 13.412 13.358 13.260 13.192 13.189 13.253 13.363 13.522 13.710 13.919 14.136 14.340 14.513 14.633 14.678 14.646 14.554 14.532 14.643 14.790 14.989 15.258 15.633 16.179 16.953 17.990
0.000 0.000 0.000 0.000 0.000 0.001 0.004 0.009 0.018 0.032 0.054 0.084 0.128 0.188 0.268 0.370 0.498 0.656 0.841 1.051 1.275 1.497 1.718 1.927 2.128 2.323 2.513 2.690 2.842 2.962 3.045 3.091 3.108 3.100 3.074 3.076 3.134 3.304 3.672 4.410 5.717 7.665 9.734 11.228 12.225 12.846 13.168 13.325 13.420 13.450 13.427 13.372 13.287 13.175 13.074 13.026 13.042 13.119 13.243 13.395 13.558 13.718 13.852 13.957 14.028 14.064 14.058 14.006 14.033 14.187 14.387 14.644 14.975 15.409 16.009 16.816 17.849
0.000 0.000 0.000 0.000 0.000 0.001 0.004 0.009 0.018 0.032 0.054 0.086 0.132 0.197 0.286 0.401 0.550 0.741 0.977 1.260 1.576 1.867 2.121 2.351 2.561 2.753 2.926 3.073 3.190 3.272 3.319 3.334 3.323 3.277 3.199 3.174 3.207 3.357 3.722 4.476 5.887 8.097 10.484 12.131 13.098 13.542 13.664 13.647 13.564 13.472 13.379 13.278 13.163 13.032 12.901 12.812 12.783 12.818 12.896 13.002 13.113 13.202 13.261 13.299 13.308 13.298 13.272 13.225 13.264 13.429 13.657 13.954 14.327 14.812 15.466 16.314 17.360
0.000 0.000 0.000 0.000 0.000 0.001 0.004 0.009 0.017 0.031 0.052 0.084 0.132 0.200 0.293 0.416 0.579 0.794 1.071 1.420 1.833 2.223 2.546 2.815 3.038 3.220 3.363 3.470 3.541 3.582 3.596 3.586 3.546 3.455 3.320 3.257 3.265 3.384 3.731 4.478 5.910 8.253 10.933 12.742 13.667 13.955 13.954 13.821 13.611 13.438 13.284 13.136 12.981 12.821 12.663 12.542 12.482 12.481 12.520 12.572 12.627 12.652 12.648 12.613 12.545 12.448 12.328 12.213 12.212 12.352 12.585 12.904 13.311 13.843 14.546 15.441 16.524
0.000 0.000 0.000 0.000 0.000 0.001 0.003 0.007 0.015 0.027 0.047 0.078 0.126 0.196 0.292 0.419 0.589 0.817 1.122 1.521 2.022 2.521 2.920 3.235 3.478 3.656 3.776 3.848 3.885 3.895 3.886 3.853 3.780 3.641 3.443 3.331 3.316 3.403 3.723 4.454 5.872 8.244 11.108 13.062 13.971 14.161 14.098 13.875 13.591 13.349 13.141 12.945 12.751 12.559 12.386 12.243 12.153 12.114 12.106 12.107 12.099 12.069 12.001 11.893 11.756 11.580 11.376 11.170 11.076 11.123 11.291 11.585 12.015 12.598 13.351 14.282 15.403
0.000 0.000 0.000 0.000 0.000 0.001 0.002 0.005 0.010 0.020 0.036 0.064 0.108 0.177 0.275 0.407 0.583 0.817 1.132 1.557 2.119 2.744 3.228 3.587 3.853 4.036 4.148 4.202 4.220 4.218 4.194 4.136 4.027 3.842 3.581 3.412 3.367 3.426 3.710 4.403 5.768 8.116 11.088 13.140 14.083 14.239 14.128 13.855 13.522 13.213 12.948 12.700 12.472 12.258 12.064 11.899 11.778 11.700 11.646 11.596 11.522 11.432 11.300 11.128 10.925 10.685 10.418 10.164 10.022 10.008 10.114 10.349 10.728 11.265 11.991 12.914 14.028
0.000 0.000 0.000 0.000 0.000 0.000 0.001 0.002 0.005 0.011 0.021 0.040 0.075 0.134 0.225 0.354 0.532 0.770 1.093 1.533 2.123 2.858 3.465 3.872 4.158 4.356 4.472 4.525 4.537 4.532 4.502 4.426 4.287 4.066 3.756 3.520 3.437 3.470 3.720 4.366 5.623 7.829 10.844 13.032 14.065 14.235 14.087 13.760 13.368 13.003 12.682 12.396 12.143 11.911 11.697 11.507 11.353 11.230 11.125 11.022 10.896 10.741 10.546 10.309 10.040 9.746 9.439 9.182 9.029 8.989 9.061 9.254 9.575 10.029 10.632 11.412 12.409
0.000 0.000 0.000 0.000 0.000 0.000 0.000 0.001 0.002 0.005 0.010 0.019 0.037 0.073 0.138 0.243 0.400 0.620 0.931 1.378 2.012 2.842 3.595 4.089 4.396 4.607 4.740 4.806 4.824 4.820 4.790 4.713 4.564 4.328 3.991 3.694 3.561 3.566 3.776 4.374 5.498 7.442 10.325 12.654 13.829 14.068 13.918 13.550 13.101 12.689 12.326 12.020 11.749 11.503 11.273 11.061 10.867 10.696 10.543 10.389 10.206 9.992 9.729 9.423 9.087 8.748 8.442 8.215 8.077 8.033 8.090 8.251 8.517 8.884 9.366 9.984 10.773
0.000 0.000 0.000 0.000 0.000 0.000 0.000 0.000 0.001 0.002 0.004 0.008 0.015 0.031 0.061 0.118 0.213 0.369 0.622 1.039 1.701 2.662 3.612 4.222 4.567 4.787 4.941 5.032 5.069 5.073 5.052 4.991 4.859 4.637 4.309 3.975 3.789 3.758 3.912 4.434 5.421 7.043 9.589 11.971 13.242 13.585 13.499 13.170 12.705 12.261 11.871 11.549 11.270 11.022 10.782 10.549 10.323 10.106 9.898 9.690 9.453 9.177 8.847 8.466 8.065 7.709 7.441 7.260 7.153 7.121 7.171 7.305 7.519 7.810 8.190 8.679 9.305
0.000 0.000 0.000 0.000 0.000 0.000 0.000 0.000 0.000 0.001 0.001 0.003 0.006 0.012 0.024 0.048 0.093 0.174 0.325 0.624 1.223 2.255 3.462 4.254 4.667 4.904 5.076 5.196 5.264 5.288 5.283 5.246 5.159 4.993 4.721 4.394 4.176 4.105 4.187 4.588 5.423 6.751 8.799 10.982 12.284 12.748 12.757 12.541 12.146 11.704 11.292 10.957 10.681 10.439 10.202 9.962 9.718 9.468 9.210 8.943 8.647 8.305 7.909 7.471 7.063 6.734 6.492 6.337 6.258 6.243 6.289 6.394 6.562 6.794 7.099 7.494 7.992
0.000 0.000 0.000 0.000 0.000 0.000 0.000 0.000 0.000 0.000 0.001 0.001 0.003 0.006 0.011 0.022 0.044 0.086 0.172 0.363 0.804 1.725 3.083 4.134 4.691 4.963 5.148 5.295 5.399 5.457 5.476 5.466 5.425 5.336 5.181 4.951 4.758 4.665 4.683 4.935 5.563 6.607 8.146 9.856 11.009 11.561 11.683 11.607 11.364 11.002 10.589 10.218 9.938 9.719 9.510 9.291 9.053 8.789 8.493 8.170 7.813 7.417 6.983 6.546 6.168 5.862 5.631 5.480 5.406 5.396 5.433 5.511 5.641 5.830 6.082 6.403 6.785
0.000 0.000 0.000 0.000 0.000 0.000 0.000 0.000 0.000 0.000 0.000 0.001 0.002 0.004 0.008 0.015 0.029 0.057 0.113 0.239 0.543 1.240 2.490 3.801 4.591 4.972 5.172 5.339 5.476 5.570 5.623 5.642 5.638 5.609 5.545 5.447 5.368 5.335 5.360 5.513 5.910 6.650 7.761 8.972 9.834 10.304 10.446 10.443 10.350 10.131 9.781 9.360 9.023 8.819 8.674 8.516 8.322 8.069 7.756 7.396 6.997 6.569 6.121 5.708 5.354 5.064 4.841 4.688 4.604 4.581 4.603 4.659 4.758 4.910 5.119 5.376 5.631
0.000 0.000 0.000 0.000 0.000 0.000 0.000 0.000 0.000 0.000 0.000 0.001 0.002 0.004 0.007 0.014 0.027 0.052 0.100 0.198 0.411 0.901 1.865 3.217 4.304 4.898 5.171 5.347 5.505 5.632 5.716 5.766 5.792 5.803 5.800 5.788 5.788 5.811 5.877 6.028 6.320 6.818 7.581 8.398 8.974 9.307 9.431 9.442 9.395 9.252 8.982 8.580 8.154 7.872 7.721 7.617 7.495 7.292 6.985 6.611 6.192 5.748 5.317 4.928 4.592 4.317 4.103 3.951 3.854 3.806 3.800 3.833 3.903 4.014 4.167 4.326 4.423
0.000 0.000 0.000 0.000 0.000 0.000 0.000 0.000 0.000 0.000 0.000 0.001 0.002 0.004 0.008 0.015 0.029 0.055 0.103 0.195 0.366 0.708 1.379 2.504 3.796 4.670 5.111 5.338 5.508 5.653 5.764 5.841 5.894 5.935 5.969 6.003 6.044 6.102 6.189 6.336 6.573 6.939 7.473 8.008 8.362 8.561 8.648 8.659 8.628 8.512 8.280 7.922 7.466 7.086 6.845 6.688 6.562 6.411 6.154 5.798 5.381 4.943 4.544 4.183 3.864 3.602 3.400 3.252 3.146 3.071 3.031 3.027 3.053 3.094 3.133 3.127 3.046
0.000 0.000 0.000 0.000 0.000 0.000 0.000 0.000 0.000 0.000 0.000 0.001 0.002 0.005 0.010 0.020 0.038 0.068 0.120 0.210 0.366 0.629 1.096 1.910 3.134 4.259 4.928 5.278 5.492 5.652 5.780 5.878 5.951 6.011 6.064 6.119 6.183 6.259 6.352 6.488 6.688 6.973 7.353 7.684 7.897 7.999 8.035 8.036 7.991 7.871 7.651 7.324 6.896 6.459 6.120 5.867 5.650 5.449 5.223 4.924 4.546 4.136 3.770 3.440 3.148 2.903 2.715 2.573 2.459 2.362 2.282 2.219 2.157 2.083 1.983 1.852 1.697
0.000 0.000 0.000 0.000 0.000 0.000 0.000 0.000 0.000 0.000 0.000 0.001 0.003 0.008 0.016 0.032 0.058 0.097 0.157 0.249 0.393 0.618 0.974 1.567 2.526 3.708 4.587 5.104 5.423 5.631 5.777 5.888 5.975 6.046 6.109 6.173 6.244 6.325 6.421 6.548 6.721 6.950 7.198 7.379 7.489 7.533 7.538 7.510 7.435 7.293 7.070 6.760 6.362 5.919 5.515 5.164 4.845 4.545 4.247 3.946 3.618 3.256 2.920 2.628 2.377 2.162 1.988 1.851 1.731 1.614 1.495 1.379 1.267 1.154 1.038 0.917 0.794
0.000 0.000 0.000 0.000 0.000 0.000 0.000 0.000 0.000 0.000 0.001 0.002 0.005 0.012 0.026 0.051 0.089 0.143 0.215 0.314 0.450 0.650 0.950 1.413 2.142 3.162 4.121 4.800 5.255 5.558 5.757 5.887 5.976 6.053 6.122 6.187 6.258 6.342 6.439 6.559 6.711 6.871 6.998 7.076 7.114 7.117 7.091 7.026 6.914 6.747 6.517 6.210 5.830 5.399 4.961 4.550 4.153 3.771 3.398 3.033 2.676 2.330 2.022 1.762 1.546 1.366 1.220 1.100 0.995 0.894 0.795 0.700 0.609 0.525 0.447 0.377 0.316
0.000 0.000 0.000 0.000 0.000 0.000 0.000 0.000 0.000 0.000 0.001 0.002 0.006 0.015 0.033 0.066 0.116 0.184 0.272 0.385 0.530 0.721 0.986 1.377 1.958 2.761 3.663 4.420 4.995 5.401 5.679 5.858 5.963 6.043 6.116 6.182 6.254 6.336 6.432 6.540 6.648 6.726 6.763 6.771 6.757 6.722 6.660 6.555 6.414 6.221 5.972 5.661 5.288 4.866 4.413 3.969 3.532 3.099 2.673 2.258 1.876 1.543 1.269 1.049 0.873 0.733 0.623 0.534 0.459 0.392 0.331 0.279 0.232 0.194 0.163 0.138 0.118
0.000 0.000 0.000 0.000 0.000 0.000 0.000 0.000 0.000 0.001 0.001 0.003 0.006 0.015 0.035 0.072 0.129 0.207 0.308 0.435 0.596 0.801 1.061 1.408 1.891 2.532 3.307 4.054 4.679 5.166 5.518 5.757 5.900 5.995 6.075 6.149 6.221 6.300 6.383 6.458 6.506 6.521 6.497 6.454 6.399 6.327 6.226 6.088 5.918 5.701 5.430 5.108 4.733 4.310 3.857 3.395 2.930 2.457 1.994 1.566 1.203 0.915 0.698 0.535 0.413 0.322 0.255 0.204 0.165 0.134 0.110 0.092 0.078 0.067 0.059 0.052 0.046
0.000 0.000 0.000 0.000 0.000 0.000 0.001 0.001 0.001 0.001 0.002 0.003 0.006 0.015 0.035 0.072 0.131 0.216 0.328 0.467 0.641 0.857 1.123 1.452 1.869 2.402 3.050 3.745 4.361 4.874 5.276 5.569 5.760 5.882 5.977 6.060 6.135 6.207 6.263 6.291 6.292 6.264 6.204 6.125 6.033 5.925 5.787 5.620 5.419 5.180 4.887 4.549 4.161 3.729 3.261 2.767 2.265 1.764 1.311 0.943 0.662 0.459 0.320 0.225 0.161 0.117 0.087 0.067 0.052 0.042 0.035 0.031 0.028 0.026 0.024 0.022 0.021
0.000 0.000 0.000 0.000 0.001 0.001 0.001 0.001 0.001 0.001 0.002 0.003 0.006 0.014 0.032 0.068 0.127 0.215 0.335 0.488 0.673 0.896 1.159 1.470 1.843 2.299 2.846 3.463 4.050 4.558 4.977 5.301 5.533 5.687 5.803 5.893 5.968 6.024 6.044 6.040 6.017 5.957 5.873 5.765 5.643 5.505 5.339 5.145 4.918 4.657 4.345 3.981 3.563 3.084 2.534 1.981 1.478 1.049 0.711 0.463 0.294 0.187 0.122 0.082 0.056 0.039 0.028 0.021 0.017 0.015 0.013 0.013 0.012 0.012 0.012 0.012 0.013
0.000 0.001 0.001 0.001 0.001 0.001 0.002 0.002 0.001 0.001 0.002 0.002 0.004 0.010 0.025 0.056 0.113 0.204 0.333 0.499 0.699 0.925 1.179 1.467 1.803 2.195 2.654 3.183 3.736 4.227 4.643 4.976 5.230 5.410 5.543 5.637 5.701 5.735 5.733 5.719 5.681 5.604 5.501 5.371 5.218 5.050 4.865 4.653 4.409 4.127 3.795 3.403 2.935 2.361 1.750 1.235 0.829 0.524 0.312 0.181 0.106 0.065 0.041 0.027 0.018 0.012 0.009 0.007 0.007 0.007 0.007 0.007 0.008 0.008 0.008 0.009 0.010
0.001 0.001 0.001 0.002 0.002 0.002 0.002 0.002 0.002 0.001 0.001 0.002 0.002 0.006 0.015 0.038 0.088 0.180 0.319 0.504 0.719 0.947 1.186 1.449 1.746 2.080 2.462 2.905 3.403 3.868 4.268 4.601 4.863 5.059 5.198 5.287 5.335 5.353 5.348 5.328 5.286 5.204 5.088 4.938 4.756 4.552 4.333 4.098 3.831 3.525 3.167 2.740 2.216 1.623 1.097 0.696 0.411 0.227 0.120 0.064 0.036 0.021 0.013 0.009 0.006 0.004 0.004 0.004 0.004 0.004 0.005 0.005 0.006 0.006 0.006 0.007 0.009
0.002 0.002 0.002 0.002 0.002 0.002 0.002 0.002 0.002 0.001 0.001 0.001 0.002 0.003 0.009 0.024 0.062 0.146 0.293 0.499 0.735 0.957 1.178 1.414 1.670 1.950 2.263 2.625 3.046 3.477 3.854 4.174 4.431 4.628 4.767 4.847 4.883 4.894 4.889 4.871 4.832 4.756 4.632 4.468 4.260 4.015 3.744 3.451 3.128 2.769 2.371 1.923 1.439 0.979 0.610 0.348 0.184 0.092 0.045 0.023 0.012 0.007 0.005 0.003 0.003 0.003 0.003 0.003 0.003 0.004 0.004 0.005 0.005 0.005 0.005 0.006 0.008
0.003 0.003 0.003 0.003 0.003 0.003 0.002 0.002 0.002 0.002 0.001 0.001 0.002 0.002 0.005 0.015 0.043 0.114 0.258 0.483 0.742 0.956 1.155 1.358 1.571 1.799 2.050 2.336 2.672 3.046 3.395 3.692 3.933 4.115 4.245 4.324 4.364 4.377 4.377 4.364 4.328 4.256 4.135 3.964 3.732 3.445 3.115 2.756 2.380 1.997 1.604 1.210 0.836 0.524 0.298 0.156 0.077 0.037 0.017 0.008 0.004 0.003 0.003 0.002 0.002 0.002 0.002 0.003 0.003 0.004 0.004 0.004 0.005 0.005 0.005 0.006 0.009
0.005 0.004 0.004 0.004 0.003 0.003 0.002 0.002 0.002 0.002 0.002 0.002 0.002 0.002 0.004 0.009 0.028 0.085 0.217 0.446 0.730 0.946 1.117 1.280 1.447 1.623 1.815 2.031 2.284 2.585 2.893 3.153 3.358 3.517 3.636 3.723 3.784 3.815 3.823 3.817 3.788 3.720 3.602 3.427 3.182 2.874 2.518 2.130 1.745 1.377 1.027 0.709 0.445 0.253 0.132 0.066 0.031 0.014 0.007 0.003 0.002 0.002 0.002 0.002 0.002 0.002 0.002 0.003 0.003 0.004 0.005 0.005 0.005 0.005 0.005 0.006 0.010
0.007 0.006 0.005 0.004 0.004 0.003 0.002 0.002 0.002 0.002 0.002 0.002 0.002 0.002 0.003 0.006 0.016 0.053 0.158 0.369 0.665 0.903 1.060 1.182 1.298 1.421 1.555 1.707 1.885 2.104 2.354 2.566 2.728 2.853 2.955 3.047 3.131 3.187 3.216 3.223 3.208 3.155 3.045 2.870 2.629 2.325 1.968 1.586 1.230 0.906 0.622 0.390 0.221 0.116 0.057 0.027 0.012 0.005 0.003 0.002 0.002 0.002 0.002 0.002 0.002 0.002 0.003 0.003 0.004 0.005 0.005 0.005 0.006 0.006 0.006 0.008 0.012
0.009 0.008 0.006 0.005 0.004 0.003 0.003 0.002 0.002 0.002 0.002 0.002 0.002 0.003 0.003 0.005 0.009 0.026 0.081 0.228 0.488 0.765 0.944 1.050 1.124 1.196 1.275 1.369 1.484 1.632 1.807 1.956 2.068 2.148 2.210 2.270 2.340 2.408 2.456 2.489 2.510 2.498 2.433 2.288 2.070 1.789 1.452 1.112 0.812 0.555 0.348 0.198 0.103 0.050 0.023 0.010 0.004 0.002 0.002 0.002 0.002 0.002 0.002 0.002 0.002 0.002 0.003 0.003 0.004 0.005 0.006 0.006 0.006 0.006 0.007 0.009 0.017
0.010 0.009 0.007 0.005 0.004 0.003 0.003 0.002 0.002 0.002 0.003 0.003 0.003 0.003 0.003 0.004 0.007 0.013 0.032 0.089 0.230 0.463 0.684 0.818 0.889 0.933 0.973 1.020 1.080 1.161 1.255 1.327 1.372 1.388 1.380 1.371 1.385 1.421 1.466 1.516 1.575 1.625 1.636 1.580 1.441 1.228 0.961 0.696 0.475 0.299 0.171 0.089 0.043 0.019 0.008 0.003 0.002 0.001 0.001 0.002 0.002 0.002 0.002 0.002 0.002 0.003 0.003 0.004 0.005 0.005 0.006 0.006 0.006 0.007 0.009 0.013 0.027
