RESULTS/r.avaflow_results/23_results/23_ascii/23_hflow30046.asc
ncols 506
nrows 317
xllcenter 498237.50
yllcenter 5580050.00
cellsize 12.50
NODATA_value -9999.000
[rows 170 to 203 of 317, columns 231 to 307 of 506]
0.216 0.149 0.108 0.085 0.074 0.069 0.069 0.071 0.083 0.110 0.143 0.159 0.161 0.154 0.133 0.095 0.059 0.038 0.026 0.018 0.014 0.010 0.007 0.005 0.003 0.002 0.001 0.001 0.000 0.000 0.000 0.000 0.000 0.000 0.000 0.000 0.000 0.000 0.000 0.000 0.000 0.000 0.000 0.000 0.000 0.000 0.000 0.000 0.000 0.000 0.000 0.000 0.000 0.000 0.000 0.000 0.000 0.000 0.000 0.000 0.000 0.000 0.000 0.000 0.000 0.000 0.000 0.000 0.000 0.000 0.000 0.000 0.000 0.000 0.000 0.000 0.000
0.326 0.213 0.147 0.111 0.094 0.089 0.090 0.098 0.128 0.196 0.276 0.314 0.318 0.301 0.252 0.168 0.095 0.056 0.035 0.024 0.017 0.013 0.009 0.007 0.005 0.003 0.002 0.001 0.001 0.000 0.000 0.000 0.000 0.000 0.000 0.000 0.000 0.000 0.000 0.000 0.000 0.000 0.000 0.000 0.000 0.000 0.000 0.000 0.000 0.000 0.000 0.000 0.000 0.000 0.000 0.000 0.000 0.000 0.000 0.000 0.000 0.000 0.000 0.000 0.000 0.000 0.000 0.000 0.000 0.000 0.000 0.000 0.000 0.000 0.000 0.000 0.000
0.474 0.314 0.205 0.147 0.121 0.114 0.116 0.134 0.194 0.327 0.485 0.561 0.571 0.540 0.448 0.294 0.157 0.084 0.048 0.031 0.021 0.016 0.012 0.009 0.007 0.005 0.003 0.002 0.001 0.001 0.000 0.000 0.000 0.000 0.000 0.000 0.000 0.000 0.000 0.000 0.000 0.000 0.000 0.000 0.000 0.000 0.000 0.000 0.000 0.000 0.000 0.000 0.000 0.000 0.000 0.000 0.000 0.000 0.000 0.000 0.000 0.000 0.000 0.000 0.000 0.000 0.000 0.000 0.000 0.000 0.000 0.000 0.000 0.000 0.000 0.000 0.000
0.593 0.444 0.292 0.199 0.156 0.144 0.146 0.169 0.248 0.424 0.648 0.765 0.785 0.752 0.644 0.447 0.244 0.124 0.066 0.040 0.026 0.019 0.015 0.011 0.009 0.006 0.005 0.003 0.002 0.001 0.001 0.000 0.000 0.000 0.000 0.000 0.000 0.000 0.000 0.000 0.000 0.000 0.000 0.000 0.000 0.000 0.000 0.000 0.000 0.000 0.000 0.000 0.000 0.000 0.000 0.000 0.000 0.000 0.000 0.000 0.000 0.000 0.000 0.000 0.000 0.000 0.000 0.000 0.000 0.000 0.000 0.000 0.000 0.000 0.000 0.000 0.000
0.647 0.554 0.407 0.273 0.203 0.179 0.179 0.202 0.284 0.472 0.719 0.855 0.883 0.855 0.750 0.553 0.323 0.169 0.089 0.051 0.032 0.023 0.017 0.014 0.011 0.008 0.006 0.005 0.003 0.002 0.001 0.001 0.000 0.000 0.000 0.000 0.000 0.000 0.000 0.000 0.000 0.000 0.000 0.000 0.000 0.000 0.000 0.000 0.000 0.000 0.000 0.000 0.000 0.000 0.000 0.000 0.000 0.000 0.000 0.000 0.000 0.000 0.000 0.000 0.000 0.000 0.000 0.000 0.000 0.000 0.000 0.000 0.000 0.000 0.000 0.000 0.001
0.658 0.606 0.506 0.366 0.262 0.222 0.217 0.236 0.313 0.489 0.727 0.864 0.896 0.872 0.778 0.604 0.381 0.214 0.115 0.064 0.040 0.028 0.021 0.016 0.013 0.011 0.009 0.007 0.005 0.004 0.003 0.002 0.001 0.000 0.000 0.000 0.000 0.000 0.000 0.000 0.000 0.000 0.000 0.000 0.000 0.000 0.000 0.000 0.000 0.000 0.000 0.000 0.000 0.000 0.000 0.000 0.000 0.000 0.000 0.000 0.000 0.000 0.000 0.000 0.000 0.000 0.000 0.000 0.000 0.000 0.000 0.000 0.000 0.000 0.001 0.001 0.002
0.641 0.616 0.555 0.448 0.333 0.274 0.262 0.275 0.342 0.494 0.702 0.824 0.858 0.842 0.763 0.616 0.419 0.254 0.144 0.081 0.049 0.033 0.025 0.020 0.016 0.013 0.011 0.009 0.007 0.005 0.004 0.003 0.002 0.001 0.001 0.000 0.000 0.000 0.000 0.000 0.000 0.000 0.000 0.000 0.000 0.000 0.000 0.000 0.000 0.000 0.000 0.000 0.000 0.000 0.000 0.000 0.000 0.000 0.000 0.000 0.000 0.000 0.000 0.000 0.000 0.000 0.000 0.000 0.000 0.000 0.000 0.000 0.001 0.001 0.003 0.004 0.006
0.601 0.598 0.566 0.499 0.405 0.341 0.321 0.328 0.376 0.490 0.636 0.724 0.754 0.748 0.699 0.592 0.436 0.283 0.171 0.100 0.061 0.041 0.030 0.024 0.020 0.016 0.014 0.011 0.009 0.008 0.006 0.004 0.003 0.002 0.001 0.001 0.000 0.000 0.000 0.000 0.000 0.000 0.000 0.000 0.000 0.000 0.000 0.000 0.000 0.000 0.000 0.000 0.000 0.000 0.000 0.000 0.000 0.000 0.000 0.000 0.000 0.000 0.000 0.000 0.000 0.000 0.000 0.000 0.000 0.000 0.001 0.001 0.002 0.004 0.006 0.008 0.011
0.538 0.557 0.550 0.517 0.460 0.416 0.398 0.398 0.423 0.490 0.567 0.607 0.617 0.610 0.583 0.524 0.425 0.302 0.197 0.122 0.077 0.052 0.038 0.030 0.024 0.020 0.017 0.014 0.012 0.010 0.008 0.006 0.005 0.004 0.003 0.002 0.001 0.001 0.000 0.000 0.000 0.000 0.000 0.000 0.000 0.000 0.000 0.000 0.000 0.000 0.000 0.000 0.000 0.000 0.000 0.000 0.000 0.000 0.000 0.000 0.000 0.000 0.000 0.000 0.000 0.000 0.000 0.001 0.001 0.002 0.002 0.004 0.006 0.008 0.010 0.014 0.018
0.453 0.500 0.516 0.509 0.486 0.467 0.459 0.461 0.475 0.508 0.536 0.543 0.534 0.513 0.481 0.442 0.388 0.311 0.222 0.148 0.098 0.067 0.049 0.038 0.031 0.026 0.021 0.018 0.015 0.013 0.011 0.009 0.007 0.006 0.004 0.003 0.002 0.002 0.001 0.001 0.000 0.000 0.000 0.000 0.000 0.000 0.000 0.000 0.000 0.000 0.000 0.000 0.000 0.000 0.000 0.000 0.000 0.000 0.000 0.000 0.000 0.001 0.001 0.001 0.001 0.001 0.001 0.002 0.003 0.004 0.006 0.007 0.010 0.013 0.017 0.022 0.029
0.366 0.428 0.468 0.485 0.490 0.491 0.496 0.504 0.515 0.528 0.531 0.522 0.497 0.462 0.428 0.396 0.361 0.315 0.250 0.181 0.128 0.091 0.068 0.053 0.042 0.034 0.028 0.023 0.020 0.016 0.014 0.011 0.009 0.008 0.006 0.005 0.004 0.003 0.002 0.002 0.001 0.001 0.000 0.000 0.000 0.000 0.000 0.000 0.000 0.000 0.000 0.000 0.000 0.000 0.000 0.000 0.000 0.000 0.001 0.001 0.001 0.002 0.003 0.003 0.003 0.004 0.004 0.005 0.006 0.008 0.010 0.012 0.016 0.021 0.027 0.037 0.050
0.297 0.355 0.405 0.446 0.475 0.497 0.516 0.533 0.545 0.547 0.541 0.521 0.486 0.444 0.411 0.383 0.356 0.325 0.284 0.230 0.175 0.132 0.101 0.079 0.063 0.050 0.040 0.032 0.026 0.021 0.018 0.015 0.012 0.010 0.009 0.007 0.006 0.005 0.004 0.003 0.003 0.002 0.001 0.001 0.001 0.000 0.000 0.000 0.000 0.000 0.000 0.000 0.000 0.000 0.000 0.000 0.001 0.001 0.002 0.003 0.004 0.005 0.005 0.006 0.007 0.007 0.008 0.009 0.011 0.013 0.016 0.019 0.025 0.033 0.045 0.064 0.093
0.251 0.300 0.348 0.396 0.443 0.489 0.527 0.556 0.570 0.572 0.561 0.532 0.488 0.444 0.411 0.388 0.370 0.355 0.335 0.302 0.254 0.205 0.166 0.134 0.108 0.085 0.065 0.049 0.038 0.029 0.023 0.019 0.016 0.013 0.012 0.010 0.009 0.008 0.006 0.005 0.004 0.004 0.003 0.002 0.002 0.001 0.001 0.001 0.001 0.001 0.001 0.001 0.001 0.001 0.001 0.002 0.002 0.004 0.005 0.007 0.008 0.009 0.009 0.010 0.011 0.012 0.013 0.014 0.016 0.019 0.023 0.029 0.039 0.054 0.079 0.120 0.181
0.227 0.270 0.317 0.367 0.421 0.480 0.537 0.578 0.601 0.606 0.597 0.566 0.514 0.466 0.438 0.425 0.421 0.424 0.426 0.414 0.384 0.339 0.292 0.247 0.205 0.164 0.122 0.086 0.061 0.043 0.032 0.025 0.020 0.017 0.015 0.013 0.012 0.010 0.009 0.008 0.007 0.006 0.005 0.004 0.004 0.003 0.003 0.003 0.003 0.003 0.003 0.003 0.003 0.003 0.004 0.004 0.006 0.007 0.009 0.011 0.013 0.014 0.015 0.016 0.017 0.018 0.019 0.021 0.024 0.028 0.035 0.047 0.065 0.094 0.143 0.226 0.357
0.219 0.260 0.307 0.360 0.417 0.482 0.555 0.615 0.655 0.673 0.671 0.650 0.602 0.557 0.536 0.533 0.541 0.559 0.580 0.591 0.587 0.565 0.526 0.476 0.416 0.345 0.262 0.174 0.111 0.071 0.048 0.035 0.027 0.023 0.020 0.017 0.016 0.014 0.013 0.012 0.010 0.009 0.008 0.007 0.007 0.006 0.006 0.006 0.005 0.005 0.005 0.006 0.006 0.006 0.007 0.008 0.010 0.012 0.015 0.018 0.019 0.021 0.022 0.023 0.024 0.026 0.028 0.031 0.036 0.044 0.057 0.078 0.112 0.165 0.255 0.418 0.636
0.219 0.261 0.310 0.366 0.431 0.510 0.607 0.704 0.780 0.828 0.850 0.849 0.826 0.797 0.780 0.769 0.768 0.781 0.810 0.844 0.879 0.900 0.895 0.865 0.806 0.708 0.564 0.377 0.220 0.127 0.078 0.052 0.038 0.031 0.026 0.023 0.021 0.019 0.017 0.016 0.015 0.013 0.012 0.011 0.010 0.010 0.009 0.009 0.009 0.009 0.009 0.009 0.010 0.011 0.012 0.014 0.016 0.019 0.023 0.027 0.029 0.031 0.033 0.034 0.035 0.038 0.041 0.047 0.057 0.073 0.099 0.140 0.199 0.287 0.432 0.643 0.839
0.229 0.275 0.332 0.403 0.490 0.603 0.751 0.926 1.073 1.182 1.253 1.288 1.296 1.285 1.253 1.184 1.122 1.104 1.119 1.167 1.247 1.339 1.397 1.413 1.385 1.290 1.093 0.776 0.441 0.236 0.133 0.083 0.057 0.044 0.036 0.031 0.028 0.025 0.023 0.022 0.020 0.019 0.017 0.016 0.015 0.014 0.014 0.014 0.014 0.014 0.014 0.014 0.015 0.016 0.018 0.021 0.024 0.029 0.035 0.041 0.046 0.049 0.051 0.053 0.055 0.059 0.067 0.079 0.100 0.134 0.185 0.256 0.349 0.470 0.616 0.770 0.894
0.257 0.318 0.395 0.495 0.627 0.811 1.069 1.391 1.660 1.853 1.983 2.057 2.081 2.064 1.971 1.781 1.603 1.519 1.509 1.553 1.669 1.852 2.017 2.107 2.130 2.073 1.856 1.410 0.826 0.438 0.236 0.139 0.091 0.066 0.052 0.043 0.038 0.035 0.033 0.031 0.028 0.026 0.024 0.022 0.021 0.020 0.020 0.020 0.020 0.020 0.020 0.020 0.021 0.023 0.026 0.031 0.038 0.046 0.057 0.068 0.076 0.082 0.087 0.091 0.096 0.105 0.121 0.148 0.193 0.259 0.348 0.458 0.568 0.656 0.727 0.798 0.864
0.295 0.386 0.503 0.658 0.871 1.178 1.630 2.163 2.564 2.808 2.924 2.958 2.936 2.841 2.640 2.355 2.126 1.998 1.961 1.990 2.136 2.429 2.737 2.921 2.982 2.938 2.687 2.151 1.368 0.762 0.417 0.242 0.153 0.106 0.079 0.065 0.056 0.052 0.049 0.046 0.043 0.039 0.036 0.032 0.030 0.028 0.027 0.027 0.027 0.027 0.028 0.029 0.031 0.034 0.040 0.049 0.062 0.079 0.101 0.124 0.140 0.153 0.164 0.174 0.187 0.207 0.241 0.299 0.384 0.494 0.613 0.711 0.760 0.771 0.764 0.760 0.747
0.310 0.422 0.578 0.802 1.131 1.618 2.302 2.960 3.372 3.555 3.598 3.581 3.505 3.336 3.061 2.763 2.557 2.446 2.414 2.455 2.662 3.103 3.527 3.724 3.753 3.649 3.312 2.684 1.838 1.155 0.696 0.418 0.262 0.176 0.129 0.103 0.090 0.083 0.079 0.076 0.072 0.067 0.059 0.051 0.044 0.041 0.039 0.038 0.038 0.039 0.040 0.042 0.046 0.054 0.066 0.085 0.112 0.150 0.200 0.245 0.279 0.305 0.328 0.352 0.379 0.419 0.485 0.584 0.699 0.802 0.867 0.891 0.869 0.813 0.742 0.656 0.538
0.303 0.423 0.594 0.854 1.264 1.890 2.738 3.442 3.835 3.969 3.975 3.928 3.812 3.601 3.295 3.036 2.885 2.823 2.826 2.945 3.291 3.848 4.247 4.388 4.368 4.170 3.713 2.979 2.132 1.482 1.016 0.682 0.450 0.305 0.222 0.178 0.157 0.148 0.145 0.143 0.139 0.129 0.113 0.092 0.075 0.064 0.059 0.057 0.057 0.057 0.059 0.064 0.074 0.092 0.121 0.162 0.218 0.298 0.396 0.476 0.535 0.577 0.609 0.640 0.681 0.739 0.818 0.900 0.967 1.005 1.012 0.980 0.905 0.799 0.665 0.500 0.347
0.264 0.387 0.567 0.844 1.285 1.974 2.898 3.621 4.005 4.120 4.120 4.067 3.939 3.710 3.411 3.206 3.115 3.104 3.173 3.405 3.873 4.430 4.748 4.834 4.770 4.481 3.910 3.079 2.272 1.680 1.248 0.925 0.683 0.507 0.388 0.321 0.292 0.285 0.289 0.295 0.292 0.276 0.240 0.188 0.141 0.113 0.097 0.091 0.090 0.091 0.096 0.108 0.133 0.176 0.238 0.317 0.420 0.565 0.707 0.794 0.832 0.844 0.848 0.860 0.890 0.945 1.014 1.062 1.084 1.086 1.063 1.000 0.889 0.728 0.530 0.351 0.233
0.186 0.297 0.471 0.751 1.207 1.914 2.857 3.597 3.995 4.125 4.133 4.088 3.964 3.735 3.457 3.298 3.253 3.282 3.426 3.741 4.251 4.727 4.968 5.019 4.930 4.590 3.954 3.074 2.304 1.753 1.352 1.054 0.834 0.678 0.579 0.527 0.509 0.517 0.553 0.583 0.588 0.566 0.501 0.394 0.286 0.215 0.177 0.160 0.156 0.158 0.169 0.199 0.258 0.349 0.465 0.595 0.741 0.884 0.973 1.007 0.996 0.961 0.939 0.937 0.956 1.003 1.061 1.093 1.100 1.093 1.057 0.969 0.813 0.591 0.385 0.248 0.166
0.105 0.175 0.305 0.544 0.957 1.618 2.526 3.313 3.782 3.989 4.047 4.030 3.934 3.721 3.462 3.329 3.310 3.369 3.556 3.896 4.379 4.769 4.963 4.998 4.894 4.531 3.851 2.950 2.236 1.731 1.360 1.084 0.887 0.759 0.689 0.663 0.666 0.706 0.793 0.860 0.879 0.866 0.805 0.686 0.530 0.406 0.329 0.293 0.284 0.288 0.314 0.376 0.491 0.650 0.801 0.921 1.015 1.077 1.101 1.085 1.035 0.969 0.932 0.922 0.932 0.969 1.020 1.044 1.047 1.034 0.981 0.861 0.658 0.428 0.269 0.177 0.123
0.059 0.092 0.157 0.289 0.555 1.041 1.795 2.623 3.230 3.593 3.769 3.820 3.781 3.632 3.422 3.320 3.311 3.383 3.573 3.892 4.268 4.521 4.622 4.617 4.471 4.071 3.369 2.535 1.936 1.539 1.251 1.032 0.872 0.769 0.720 0.711 0.727 0.788 0.901 0.985 1.014 1.008 0.963 0.864 0.721 0.602 0.527 0.492 0.483 0.495 0.541 0.632 0.770 0.922 1.034 1.104 1.139 1.146 1.128 1.080 0.993 0.896 0.835 0.808 0.803 0.819 0.851 0.870 0.872 0.855 0.790 0.651 0.449 0.284 0.186 0.128 0.093
0.036 0.051 0.079 0.136 0.254 0.491 0.916 1.565 2.270 2.835 3.187 3.363 3.412 3.365 3.256 3.205 3.214 3.285 3.429 3.601 3.726 3.743 3.688 3.585 3.368 2.952 2.319 1.702 1.311 1.086 0.943 0.836 0.755 0.709 0.692 0.698 0.726 0.796 0.914 1.001 1.033 1.031 0.996 0.916 0.798 0.704 0.653 0.634 0.635 0.657 0.711 0.798 0.913 1.027 1.106 1.147 1.157 1.144 1.092 0.992 0.843 0.708 0.616 0.564 0.543 0.538 0.546 0.558 0.560 0.545 0.494 0.398 0.275 0.185 0.129 0.094 0.071
0.025 0.032 0.044 0.067 0.113 0.205 0.389 0.709 1.176 1.722 2.221 2.558 2.738 2.814 2.832 2.843 2.865 2.899 2.913 2.822 2.614 2.375 2.162 1.961 1.744 1.466 1.102 0.803 0.631 0.549 0.511 0.498 0.505 0.529 0.562 0.601 0.652 0.733 0.845 0.925 0.960 0.964 0.945 0.890 0.799 0.730 0.699 0.693 0.700 0.725 0.773 0.842 0.932 1.018 1.077 1.104 1.104 1.064 0.957 0.778 0.580 0.438 0.356 0.313 0.295 0.291 0.291 0.295 0.296 0.291 0.271 0.229 0.170 0.124 0.092 0.071 0.056
0.018 0.022 0.028 0.038 0.056 0.089 0.154 0.277 0.487 0.797 1.164 1.495 1.750 1.935 2.058 2.121 2.135 2.086 1.924 1.630 1.319 1.104 0.953 0.829 0.709 0.577 0.429 0.322 0.264 0.242 0.238 0.244 0.261 0.293 0.342 0.402 0.473 0.560 0.650 0.711 0.744 0.757 0.761 0.749 0.720 0.697 0.691 0.694 0.704 0.725 0.758 0.803 0.853 0.897 0.923 0.932 0.917 0.844 0.687 0.489 0.341 0.253 0.203 0.177 0.165 0.161 0.160 0.160 0.160 0.158 0.150 0.134 0.110 0.086 0.068 0.054 0.043
0.013 0.016 0.020 0.025 0.033 0.046 0.068 0.109 0.183 0.309 0.495 0.709 0.897 1.045 1.145 1.186 1.179 1.108 0.948 0.726 0.550 0.442 0.373 0.320 0.270 0.219 0.169 0.134 0.117 0.112 0.113 0.119 0.131 0.150 0.179 0.217 0.264 0.321 0.368 0.399 0.420 0.437 0.457 0.484 0.523 0.570 0.605 0.625 0.638 0.646 0.649 0.643 0.628 0.615 0.606 0.598 0.574 0.508 0.396 0.280 0.203 0.154 0.126 0.110 0.102 0.098 0.096 0.095 0.093 0.092 0.089 0.083 0.074 0.063 0.052 0.042 0.034
0.010 0.012 0.015 0.018 0.022 0.028 0.037 0.051 0.076 0.120 0.192 0.294 0.401 0.486 0.538 0.554 0.544 0.497 0.405 0.293 0.220 0.179 0.153 0.134 0.116 0.096 0.079 0.068 0.063 0.062 0.063 0.066 0.072 0.081 0.095 0.114 0.139 0.165 0.185 0.198 0.209 0.220 0.234 0.256 0.295 0.359 0.418 0.447 0.455 0.447 0.419 0.372 0.332 0.312 0.304 0.300 0.293 0.269 0.222 0.168 0.129 0.102 0.085 0.075 0.070 0.066 0.064 0.062 0.060 0.059 0.058 0.056 0.052 0.047 0.040 0.032 0.026
0.007 0.009 0.011 0.013 0.016 0.019 0.023 0.030 0.039 0.055 0.082 0.123 0.173 0.211 0.232 0.237 0.232 0.212 0.171 0.126 0.098 0.083 0.074 0.068 0.061 0.054 0.047 0.043 0.041 0.041 0.041 0.043 0.046 0.050 0.057 0.065 0.077 0.088 0.096 0.102 0.108 0.114 0.121 0.134 0.156 0.193 0.223 0.235 0.236 0.229 0.211 0.183 0.163 0.154 0.152 0.152 0.152 0.146 0.132 0.109 0.088 0.073 0.062 0.055 0.051 0.048 0.045 0.044 0.042 0.041 0.041 0.040 0.038 0.035 0.031 0.024 0.019
0.005 0.006 0.008 0.010 0.012 0.014 0.017 0.020 0.025 0.031 0.042 0.059 0.081 0.096 0.104 0.106 0.104 0.096 0.080 0.063 0.053 0.048 0.044 0.042 0.040 0.037 0.034 0.031 0.031 0.030 0.031 0.031 0.033 0.035 0.038 0.042 0.047 0.052 0.056 0.059 0.062 0.065 0.069 0.076 0.087 0.102 0.113 0.116 0.115 0.113 0.107 0.096 0.088 0.084 0.084 0.085 0.087 0.087 0.083 0.075 0.064 0.054 0.047 0.042 0.039 0.036 0.034 0.032 0.031 0.031 0.030 0.030 0.028 0.026 0.022 0.018 0.013
0.003 0.004 0.005 0.007 0.008 0.010 0.012 0.014 0.017 0.021 0.026 0.034 0.043 0.049 0.052 0.053 0.053 0.050 0.044 0.038 0.034 0.032 0.031 0.030 0.029 0.027 0.026 0.024 0.024 0.024 0.024 0.024 0.025 0.026 0.027 0.029 0.032 0.034 0.036 0.038 0.040 0.042 0.045 0.048 0.053 0.059 0.062 0.063 0.063 0.062 0.060 0.056 0.054 0.053 0.053 0.053 0.055 0.056 0.056 0.053 0.048 0.042 0.036 0.033 0.030 0.028 0.026 0.025 0.024 0.023 0.023 0.022 0.021 0.019 0.016 0.012 0.009
0.002 0.002 0.003 0.005 0.006 0.007 0.009 0.011 0.013 0.015 0.018 0.022 0.026 0.029 0.031 0.031 0.031 0.030 0.028 0.025 0.024 0.023 0.023 0.022 0.022 0.021 0.020 0.019 0.019 0.018 0.018 0.018 0.019 0.019 0.020 0.021 0.023 0.024 0.026 0.027 0.028 0.030 0.031 0.033 0.036 0.038 0.039 0.039 0.039 0.039 0.038 0.037 0.037 0.036 0.037 0.037 0.038 0.039 0.040 0.039 0.036 0.032 0.028 0.026 0.023 0.022 0.020 0.019 0.018 0.017 0.017 0.016 0.014 0.013 0.010 0.008 0.006
