RESULTS/r.avaflow_results/23_results/23_ascii/23_hflow_max0050.asc
ncols 506
nrows 317
xllcenter 498237.50
yllcenter 5580050.00
cellsize 12.50
NODATA_value -9999.000
[rows 204 to 237 of 317, columns 77 to 153 of 506]
0.129 0.167 0.224 0.316 0.470 0.731 1.142 1.717 2.343 2.878 3.326 3.819 4.474 4.988 5.402 5.558 5.517 5.190 4.460 3.528 2.841 2.385 2.035 1.788 1.682 1.675 1.759 1.974 2.392 2.915 3.281 3.445 3.485 3.493 3.468 3.317 2.941 2.425 2.134 2.012 1.947 1.899 1.846 1.745 1.550 1.244 0.918 0.718 0.609 0.558 0.526 0.507 0.533 0.710 1.013 1.425 1.813 2.103 2.258 2.282 2.203 2.047 1.909 1.910 1.976 2.138 2.419 2.788 3.009 3.107 3.145 3.158 3.144 3.128 3.015 2.735 2.256
0.164 0.218 0.304 0.442 0.665 1.012 1.508 2.103 2.626 3.024 3.315 3.626 4.080 4.626 4.949 5.095 5.079 4.805 4.107 3.314 2.769 2.359 2.011 1.758 1.651 1.675 1.775 1.999 2.432 2.950 3.297 3.445 3.479 3.484 3.439 3.242 2.830 2.349 2.095 2.004 1.961 1.915 1.849 1.737 1.524 1.197 0.886 0.700 0.593 0.546 0.520 0.504 0.546 0.748 1.090 1.545 1.947 2.243 2.394 2.410 2.304 2.115 2.014 2.034 2.118 2.265 2.507 2.873 3.095 3.160 3.165 3.166 3.151 3.048 2.770 2.226 1.577
0.215 0.292 0.417 0.611 0.908 1.326 1.855 2.397 2.844 3.127 3.315 3.538 3.889 4.378 4.678 4.830 4.797 4.503 3.839 3.174 2.743 2.370 2.016 1.781 1.740 1.759 1.846 2.090 2.568 3.030 3.304 3.418 3.462 3.466 3.384 3.123 2.694 2.291 2.076 1.993 1.960 1.929 1.867 1.733 1.489 1.146 0.859 0.692 0.597 0.546 0.515 0.500 0.566 0.799 1.196 1.736 2.179 2.465 2.589 2.590 2.450 2.235 2.130 2.146 2.218 2.352 2.556 2.860 3.077 3.144 3.161 3.144 3.062 2.799 2.239 1.647 1.196
0.293 0.401 0.573 0.831 1.188 1.646 2.168 2.649 3.018 3.215 3.325 3.494 3.767 4.155 4.439 4.598 4.577 4.293 3.662 3.073 2.711 2.399 2.063 1.839 1.820 1.839 1.919 2.168 2.661 3.085 3.313 3.396 3.424 3.432 3.335 3.053 2.613 2.237 2.058 2.001 1.976 1.942 1.871 1.722 1.449 1.098 0.842 0.691 0.603 0.554 0.520 0.504 0.599 0.867 1.325 1.947 2.420 2.690 2.783 2.758 2.618 2.364 2.203 2.212 2.265 2.389 2.584 2.807 2.962 3.075 3.091 3.031 2.805 2.345 1.762 1.274 0.962
0.411 0.557 0.777 1.091 1.494 1.951 2.438 2.872 3.170 3.314 3.380 3.486 3.670 3.961 4.214 4.365 4.370 4.115 3.528 3.026 2.706 2.431 2.144 1.926 1.876 1.888 1.981 2.285 2.775 3.152 3.344 3.406 3.409 3.369 3.216 2.931 2.534 2.200 2.050 2.005 1.986 1.951 1.871 1.712 1.414 1.060 0.824 0.690 0.611 0.563 0.528 0.510 0.641 0.957 1.499 2.192 2.664 2.891 2.946 2.893 2.750 2.461 2.257 2.228 2.265 2.369 2.556 2.710 2.826 2.897 2.887 2.760 2.441 1.911 1.382 1.034 0.796
0.584 0.773 1.037 1.401 1.830 2.255 2.675 3.045 3.293 3.412 3.473 3.514 3.598 3.800 4.083 4.220 4.249 4.000 3.430 2.979 2.721 2.486 2.220 2.018 1.954 1.952 2.058 2.432 2.928 3.232 3.357 3.382 3.395 3.305 3.093 2.797 2.438 2.163 2.045 2.000 1.978 1.948 1.871 1.695 1.377 1.027 0.811 0.691 0.618 0.569 0.532 0.523 0.694 1.068 1.715 2.463 2.900 3.063 3.080 3.000 2.847 2.517 2.290 2.225 2.230 2.303 2.494 2.636 2.710 2.731 2.676 2.480 2.062 1.518 1.129 0.871 0.666
0.823 1.053 1.366 1.795 2.209 2.566 2.908 3.199 3.403 3.499 3.542 3.549 3.563 3.656 3.946 4.140 4.181 3.918 3.353 2.948 2.725 2.546 2.319 2.118 2.038 2.037 2.144 2.539 3.036 3.306 3.397 3.383 3.344 3.205 2.989 2.718 2.355 2.104 2.016 1.996 1.983 1.950 1.874 1.700 1.363 1.015 0.816 0.705 0.632 0.580 0.539 0.557 0.763 1.209 1.983 2.726 3.095 3.197 3.175 3.092 2.884 2.524 2.286 2.199 2.185 2.280 2.469 2.558 2.614 2.603 2.498 2.212 1.713 1.244 0.973 0.762 0.569
1.063 1.331 1.703 2.179 2.554 2.840 3.108 3.352 3.522 3.605 3.623 3.576 3.554 3.585 3.798 4.000 4.068 3.802 3.253 2.912 2.737 2.590 2.420 2.234 2.139 2.128 2.235 2.634 3.130 3.376 3.429 3.414 3.316 3.080 2.831 2.589 2.268 2.057 1.994 1.995 2.031 2.030 1.955 1.763 1.369 1.022 0.840 0.731 0.651 0.595 0.550 0.594 0.853 1.391 2.259 2.939 3.229 3.289 3.241 3.131 2.844 2.442 2.209 2.118 2.107 2.293 2.453 2.495 2.514 2.465 2.298 1.949 1.469 1.093 0.868 0.677 0.491
1.226 1.531 1.967 2.457 2.795 3.034 3.262 3.500 3.669 3.734 3.736 3.652 3.572 3.584 3.742 3.856 3.887 3.626 3.150 2.883 2.756 2.653 2.544 2.396 2.268 2.240 2.348 2.749 3.207 3.433 3.473 3.427 3.267 2.993 2.747 2.493 2.177 2.008 1.962 2.007 2.073 2.078 2.020 1.807 1.385 1.053 0.875 0.753 0.663 0.603 0.555 0.631 0.943 1.583 2.503 3.086 3.299 3.322 3.294 3.131 2.727 2.262 2.057 2.010 2.083 2.327 2.458 2.470 2.457 2.361 2.126 1.734 1.306 1.005 0.787 0.603 0.418
1.307 1.647 2.132 2.614 2.915 3.143 3.393 3.653 3.817 3.861 3.845 3.761 3.662 3.663 3.759 3.807 3.785 3.497 3.097 2.883 2.788 2.737 2.682 2.578 2.454 2.417 2.528 2.934 3.326 3.479 3.498 3.454 3.238 2.931 2.699 2.425 2.130 1.996 1.967 2.008 2.099 2.121 2.065 1.843 1.406 1.078 0.892 0.755 0.662 0.601 0.554 0.679 1.036 1.775 2.710 3.182 3.309 3.324 3.277 3.031 2.509 2.097 1.928 1.901 2.098 2.397 2.477 2.473 2.439 2.291 2.003 1.590 1.219 0.938 0.711 0.518 0.336
1.329 1.691 2.197 2.657 2.951 3.195 3.480 3.782 3.956 3.986 3.934 3.838 3.749 3.739 3.768 3.790 3.711 3.402 3.051 2.881 2.840 2.839 2.823 2.758 2.646 2.617 2.733 3.120 3.448 3.552 3.535 3.466 3.217 2.898 2.645 2.360 2.109 2.011 1.993 2.037 2.133 2.164 2.119 1.904 1.444 1.103 0.906 0.750 0.650 0.590 0.562 0.730 1.132 1.936 2.860 3.262 3.324 3.306 3.186 2.777 2.241 1.939 1.829 1.854 2.158 2.468 2.510 2.483 2.408 2.231 1.915 1.490 1.144 0.875 0.646 0.439 0.257
1.326 1.699 2.198 2.632 2.933 3.198 3.502 3.851 4.063 4.097 4.026 3.919 3.836 3.831 3.821 3.778 3.672 3.368 3.032 2.887 2.892 2.937 2.956 2.926 2.839 2.814 2.933 3.295 3.579 3.642 3.592 3.476 3.185 2.880 2.627 2.325 2.110 2.027 2.020 2.079 2.169 2.190 2.156 1.959 1.521 1.149 0.919 0.741 0.630 0.567 0.568 0.769 1.216 2.083 2.905 3.235 3.310 3.292 3.065 2.539 2.054 1.832 1.772 1.847 2.192 2.469 2.516 2.504 2.402 2.187 1.837 1.427 1.085 0.803 0.564 0.354 0.187
1.308 1.694 2.152 2.536 2.841 3.129 3.455 3.843 4.104 4.158 4.106 4.015 3.927 3.909 3.911 3.846 3.706 3.405 3.082 2.929 2.941 3.028 3.088 3.084 3.039 3.028 3.146 3.465 3.678 3.722 3.667 3.496 3.159 2.863 2.617 2.324 2.150 2.072 2.058 2.112 2.199 2.217 2.177 1.994 1.600 1.213 0.932 0.714 0.586 0.521 0.575 0.799 1.289 2.202 2.904 3.130 3.230 3.169 2.832 2.301 1.956 1.778 1.728 1.857 2.210 2.443 2.495 2.495 2.402 2.168 1.786 1.373 1.035 0.745 0.484 0.272 0.135
1.278 1.674 2.087 2.426 2.729 3.033 3.366 3.746 4.030 4.146 4.147 4.100 4.044 4.014 4.007 3.952 3.809 3.532 3.190 2.999 3.021 3.144 3.242 3.258 3.229 3.209 3.320 3.630 3.791 3.797 3.729 3.520 3.134 2.834 2.586 2.326 2.189 2.127 2.114 2.165 2.251 2.267 2.214 2.048 1.686 1.277 0.947 0.697 0.554 0.499 0.592 0.837 1.356 2.279 2.869 3.011 3.060 2.941 2.567 2.165 1.914 1.757 1.737 1.944 2.264 2.422 2.455 2.452 2.363 2.128 1.729 1.289 0.953 0.665 0.402 0.205 0.098
1.243 1.641 2.047 2.387 2.687 2.972 3.250 3.539 3.818 4.027 4.096 4.119 4.150 4.152 4.149 4.078 3.931 3.659 3.319 3.114 3.125 3.259 3.404 3.430 3.383 3.349 3.467 3.766 3.893 3.866 3.770 3.501 3.068 2.748 2.518 2.325 2.234 2.198 2.190 2.262 2.351 2.361 2.288 2.138 1.808 1.368 0.978 0.700 0.549 0.529 0.637 0.896 1.423 2.328 2.841 2.944 2.955 2.790 2.415 2.105 1.906 1.793 1.822 2.060 2.357 2.452 2.460 2.443 2.325 2.040 1.621 1.187 0.843 0.550 0.308 0.151 0.072
1.206 1.605 2.023 2.367 2.645 2.886 3.104 3.314 3.555 3.808 3.961 4.085 4.193 4.253 4.255 4.197 4.062 3.821 3.517 3.268 3.271 3.406 3.579 3.613 3.557 3.531 3.680 3.942 4.023 3.950 3.801 3.425 2.950 2.640 2.439 2.312 2.289 2.295 2.299 2.379 2.469 2.479 2.403 2.250 1.929 1.453 1.004 0.707 0.557 0.577 0.703 0.984 1.541 2.384 2.813 2.905 2.901 2.672 2.307 2.064 1.904 1.854 1.900 2.167 2.426 2.481 2.468 2.424 2.253 1.904 1.475 1.063 0.719 0.431 0.229 0.112 0.052
1.163 1.572 1.999 2.337 2.592 2.787 2.955 3.121 3.309 3.566 3.817 3.996 4.163 4.284 4.328 4.301 4.219 4.037 3.756 3.532 3.515 3.622 3.802 3.862 3.836 3.840 4.040 4.250 4.271 4.119 3.874 3.363 2.809 2.500 2.353 2.287 2.344 2.407 2.440 2.543 2.618 2.617 2.526 2.364 2.027 1.510 1.021 0.714 0.595 0.638 0.789 1.100 1.711 2.482 2.813 2.863 2.824 2.558 2.240 2.056 1.944 1.930 2.002 2.270 2.479 2.521 2.487 2.394 2.160 1.789 1.355 0.932 0.589 0.336 0.170 0.083 0.037
1.122 1.533 1.977 2.324 2.561 2.709 2.825 2.957 3.098 3.276 3.620 3.892 4.129 4.315 4.418 4.444 4.413 4.321 4.119 3.878 3.819 3.888 4.061 4.158 4.174 4.216 4.437 4.597 4.581 4.362 4.011 3.334 2.705 2.376 2.260 2.242 2.400 2.540 2.613 2.708 2.762 2.751 2.652 2.465 2.097 1.537 1.029 0.725 0.647 0.713 0.895 1.241 1.887 2.574 2.836 2.851 2.763 2.474 2.217 2.070 2.026 2.023 2.107 2.386 2.548 2.565 2.526 2.391 2.080 1.665 1.225 0.811 0.480 0.257 0.128 0.061 0.025
1.088 1.500 1.958 2.302 2.511 2.618 2.712 2.804 2.915 3.082 3.441 3.831 4.112 4.322 4.478 4.577 4.614 4.597 4.478 4.247 4.129 4.161 4.302 4.444 4.537 4.664 4.887 4.989 4.908 4.623 4.107 3.291 2.658 2.326 2.218 2.256 2.464 2.661 2.776 2.852 2.883 2.856 2.762 2.537 2.133 1.542 1.031 0.734 0.700 0.794 1.018 1.411 2.090 2.674 2.875 2.866 2.748 2.456 2.231 2.129 2.103 2.105 2.205 2.487 2.611 2.599 2.549 2.354 1.969 1.515 1.056 0.669 0.378 0.190 0.095 0.042 0.017
1.065 1.474 1.931 2.259 2.441 2.530 2.600 2.664 2.774 2.989 3.302 3.715 4.033 4.275 4.471 4.656 4.804 4.858 4.826 4.672 4.513 4.482 4.553 4.746 4.999 5.217 5.387 5.408 5.213 4.869 4.152 3.274 2.650 2.318 2.223 2.295 2.540 2.779 2.922 2.987 2.993 2.928 2.826 2.561 2.127 1.531 1.026 0.739 0.749 0.879 1.151 1.608 2.317 2.807 2.955 2.910 2.759 2.492 2.316 2.244 2.206 2.199 2.297 2.560 2.647 2.627 2.542 2.278 1.841 1.342 0.879 0.531 0.284 0.142 0.068 0.029 0.011
1.037 1.430 1.887 2.212 2.380 2.457 2.512 2.573 2.690 2.908 3.202 3.544 3.940 4.248 4.490 4.715 4.928 5.080 5.121 5.063 4.929 4.848 4.875 5.097 5.475 5.712 5.803 5.760 5.511 5.038 4.162 3.292 2.689 2.357 2.294 2.378 2.653 2.915 3.075 3.118 3.101 3.019 2.858 2.550 2.106 1.507 1.007 0.742 0.787 0.962 1.294 1.824 2.513 2.925 3.039 2.984 2.815 2.591 2.489 2.416 2.363 2.345 2.440 2.659 2.714 2.660 2.510 2.155 1.666 1.138 0.712 0.403 0.205 0.103 0.047 0.019 0.006
0.993 1.357 1.798 2.108 2.264 2.359 2.403 2.457 2.555 2.736 3.010 3.370 3.803 4.240 4.560 4.783 4.986 5.198 5.354 5.382 5.299 5.221 5.252 5.491 5.889 6.104 6.139 6.002 5.730 5.092 4.129 3.318 2.752 2.437 2.375 2.502 2.833 3.082 3.222 3.243 3.186 3.090 2.874 2.526 2.042 1.418 0.946 0.744 0.806 1.028 1.443 2.057 2.680 3.030 3.119 3.059 2.905 2.807 2.755 2.701 2.616 2.578 2.675 2.824 2.809 2.717 2.473 2.021 1.453 0.930 0.549 0.293 0.146 0.071 0.031 0.012 0.004
0.940 1.281 1.683 1.973 2.132 2.223 2.267 2.320 2.399 2.580 2.874 3.237 3.655 4.187 4.592 4.826 5.007 5.221 5.468 5.610 5.625 5.580 5.616 5.883 6.279 6.465 6.467 6.246 5.879 5.074 4.067 3.331 2.808 2.510 2.456 2.618 2.996 3.254 3.359 3.363 3.280 3.146 2.879 2.474 1.898 1.251 0.833 0.734 0.831 1.102 1.604 2.287 2.829 3.120 3.194 3.138 3.066 3.049 3.060 3.045 2.950 2.863 2.915 2.966 2.893 2.749 2.406 1.885 1.262 0.753 0.412 0.200 0.099 0.046 0.019 0.007 0.002
0.880 1.202 1.603 1.880 2.030 2.119 2.169 2.217 2.299 2.500 2.807 3.161 3.569 4.080 4.534 4.788 4.980 5.205 5.463 5.698 5.872 5.941 6.039 6.406 6.838 6.966 6.909 6.568 6.073 5.141 4.093 3.352 2.849 2.563 2.525 2.717 3.106 3.368 3.467 3.477 3.393 3.225 2.903 2.457 1.824 1.171 0.794 0.767 0.884 1.199 1.794 2.498 2.961 3.197 3.259 3.244 3.246 3.323 3.411 3.419 3.325 3.188 3.136 3.042 2.952 2.705 2.274 1.675 1.055 0.584 0.290 0.134 0.063 0.028 0.011 0.004 0.001
0.829 1.120 1.535 1.829 1.981 2.045 2.095 2.137 2.240 2.453 2.759 3.112 3.490 3.935 4.326 4.606 4.836 5.073 5.349 5.672 6.000 6.273 6.605 7.178 7.580 7.666 7.560 7.084 6.447 5.325 4.208 3.413 2.882 2.603 2.589 2.799 3.175 3.437 3.547 3.563 3.499 3.340 2.991 2.479 1.766 1.118 0.828 0.848 0.980 1.333 2.008 2.694 3.084 3.272 3.334 3.362 3.445 3.676 3.838 3.853 3.759 3.564 3.340 3.160 2.938 2.577 2.043 1.400 0.820 0.423 0.189 0.087 0.039 0.016 0.006 0.002 0.000
0.790 1.061 1.473 1.799 1.954 2.020 2.061 2.117 2.224 2.413 2.703 3.073 3.424 3.788 4.131 4.391 4.625 4.886 5.213 5.600 6.041 6.517 7.106 7.802 8.154 8.206 8.041 7.619 6.809 5.535 4.384 3.525 2.945 2.654 2.650 2.874 3.258 3.540 3.666 3.689 3.623 3.462 3.124 2.555 1.732 1.089 0.912 0.946 1.095 1.471 2.202 2.886 3.221 3.358 3.417 3.489 3.715 4.126 4.338 4.361 4.239 3.926 3.595 3.236 2.845 2.355 1.758 1.110 0.603 0.282 0.123 0.054 0.023 0.009 0.003 0.001 0.000
0.761 0.992 1.385 1.733 1.917 2.005 2.066 2.132 2.234 2.390 2.637 3.020 3.386 3.705 3.989 4.224 4.438 4.704 5.081 5.509 6.038 6.715 7.521 8.274 8.638 8.676 8.416 7.966 7.038 5.741 4.595 3.693 3.061 2.736 2.717 2.946 3.402 3.755 3.895 3.922 3.843 3.623 3.283 2.655 1.724 1.088 1.007 1.050 1.204 1.587 2.347 3.071 3.395 3.488 3.525 3.631 4.019 4.622 4.885 4.904 4.714 4.313 3.820 3.237 2.677 2.081 1.439 0.834 0.408 0.172 0.077 0.033 0.013 0.005 0.001 0.000 0.000
0.734 0.940 1.291 1.674 1.881 1.983 2.060 2.145 2.247 2.381 2.603 2.976 3.319 3.598 3.834 4.055 4.291 4.576 4.946 5.412 6.070 6.928 7.914 8.703 9.101 9.116 8.811 8.265 7.233 5.938 4.831 3.931 3.258 2.858 2.814 3.027 3.544 3.999 4.167 4.186 4.091 3.859 3.474 2.722 1.699 1.118 1.098 1.146 1.296 1.666 2.406 3.189 3.567 3.672 3.716 3.884 4.402 5.109 5.413 5.403 5.109 4.682 3.993 3.180 2.445 1.758 1.107 0.576 0.248 0.104 0.045 0.018 0.007 0.002 0.001 0.000 0.000
0.708 0.894 1.193 1.604 1.843 1.961 2.053 2.142 2.230 2.356 2.591 2.972 3.275 3.509 3.732 3.964 4.210 4.481 4.860 5.436 6.233 7.287 8.357 9.121 9.435 9.399 9.144 8.518 7.400 6.116 5.047 4.173 3.502 3.066 3.014 3.187 3.714 4.220 4.425 4.445 4.322 4.077 3.607 2.712 1.653 1.187 1.175 1.218 1.359 1.706 2.404 3.223 3.694 3.893 4.039 4.339 4.978 5.623 5.873 5.820 5.497 4.947 4.099 3.133 2.257 1.468 0.808 0.360 0.138 0.060 0.025 0.009 0.003 0.001 0.000 0.000 0.000
0.683 0.850 1.098 1.490 1.799 1.955 2.043 2.120 2.215 2.357 2.606 2.995 3.276 3.469 3.653 3.855 4.093 4.384 4.789 5.448 6.408 7.633 8.771 9.454 9.654 9.576 9.338 8.692 7.604 6.339 5.268 4.391 3.716 3.305 3.274 3.456 3.982 4.479 4.671 4.689 4.532 4.268 3.672 2.586 1.556 1.260 1.253 1.288 1.411 1.728 2.368 3.251 3.849 4.171 4.468 4.950 5.672 6.154 6.291 6.138 5.801 5.094 4.120 3.059 2.060 1.188 0.544 0.198 0.078 0.032 0.012 0.004 0.001 0.000 0.000 0.000 0.000
0.657 0.811 1.027 1.345 1.697 1.897 2.010 2.111 2.218 2.366 2.628 3.008 3.290 3.460 3.609 3.782 4.017 4.321 4.734 5.361 6.393 7.727 8.956 9.688 9.907 9.824 9.523 8.875 7.889 6.708 5.610 4.665 3.943 3.586 3.574 3.787 4.328 4.766 4.899 4.877 4.729 4.395 3.633 2.344 1.472 1.346 1.343 1.377 1.496 1.786 2.382 3.345 4.158 4.634 5.073 5.716 6.403 6.693 6.679 6.421 5.963 5.119 4.037 2.836 1.735 0.851 0.315 0.104 0.041 0.016 0.006 0.002 0.001 0.000 0.000 0.000 0.000
0.639 0.779 0.962 1.218 1.560 1.800 1.957 2.082 2.205 2.357 2.601 2.964 3.252 3.427 3.563 3.726 3.973 4.317 4.727 5.282 6.203 7.579 8.964 9.853 10.193 10.170 9.847 9.235 8.245 7.070 5.925 4.932 4.200 3.945 3.969 4.236 4.743 5.065 5.141 5.082 4.887 4.458 3.444 2.081 1.515 1.445 1.448 1.494 1.623 1.914 2.505 3.534 4.689 5.437 6.033 6.689 7.153 7.247 7.005 6.647 5.939 4.942 3.707 2.368 1.255 0.501 0.153 0.056 0.021 0.007 0.003 0.001 0.000 0.000 0.000 0.000 0.000
0.614 0.743 0.910 1.133 1.431 1.693 1.890 2.042 2.180 2.333 2.568 2.937 3.228 3.389 3.529 3.713 3.961 4.306 4.688 5.170 5.946 7.261 8.797 9.893 10.435 10.493 10.222 9.651 8.682 7.478 6.265 5.221 4.529 4.402 4.463 4.773 5.215 5.437 5.463 5.361 5.081 4.471 3.160 1.901 1.578 1.556 1.565 1.623 1.774 2.092 2.725 3.836 5.349 6.498 7.276 7.787 7.975 7.838 7.397 6.738 5.684 4.389 2.979 1.722 0.764 0.255 0.075 0.028 0.010 0.003 0.001 0.000 0.000 0.000 0.000 0.000 0.000
0.591 0.715 0.872 1.068 1.330 1.581 1.784 1.958 2.126 2.305 2.563 2.936 3.231 3.396 3.518 3.692 3.955 4.273 4.617 5.029 5.711 6.892 8.511 9.847 10.587 10.767 10.575 10.105 9.259 8.122 6.915 5.776 5.103 4.961 5.044 5.408 5.803 5.953 5.953 5.779 5.369 4.519 2.969 1.929 1.711 1.682 1.691 1.756 1.942 2.341 3.113 4.402 6.209 7.648 8.485 8.799 8.775 8.358 7.777 6.727 5.349 3.740 2.235 1.085 0.398 0.114 0.037 0.013 0.004 0.001 0.000 0.000 0.000 0.000 0.000 0.000 0.000
