RESULTS/r.avaflow_results/23_results/23_ascii/23_hflow_max0057.asc
ncols 506
nrows 317
xllcenter 498237.50
yllcenter 5580050.00
cellsize 12.50
NODATA_value -9999.000
[rows 170 to 203 of 317, columns 154 to 230 of 506]
26.420 25.852 25.243 24.541 23.734 22.873 22.013 21.193 20.428 19.698 18.976 18.252 17.522 16.765 15.919 14.893 13.639 12.198 10.636 9.086 7.752 6.625 5.632 5.049 4.596 4.284 4.106 4.011 3.969 3.955 3.950 4.154 4.460 4.633 4.722 4.783 4.819 4.835 4.827 4.758 4.609 4.390 4.130 3.849 3.533 3.450 3.362 3.205 2.999 2.737 2.418 2.045 1.645 1.277 0.996 0.800 0.665 0.563 0.487 0.427 0.380 0.338 0.299 0.264 0.233 0.206 0.208 0.245 0.325 0.498 0.716 0.928 1.200 1.436 1.759 2.000 2.136
30.049 29.891 29.468 28.803 27.901 26.881 25.857 24.888 24.053 23.321 22.559 21.761 20.896 19.912 18.920 17.791 16.394 14.795 13.135 11.471 9.789 8.251 6.880 5.696 4.863 4.431 4.163 4.030 4.001 4.058 4.176 4.403 4.598 4.686 4.712 4.753 4.778 4.764 4.702 4.566 4.339 4.028 3.666 3.537 3.452 3.374 3.216 2.943 2.544 2.044 1.535 1.090 0.771 0.572 0.451 0.376 0.325 0.287 0.258 0.235 0.214 0.193 0.173 0.160 0.144 0.134 0.146 0.173 0.233 0.360 0.558 0.773 1.011 1.304 1.550 1.767 1.921
32.840 33.019 32.801 32.244 31.422 30.463 29.473 28.507 27.571 26.652 25.897 25.177 24.468 23.691 22.719 21.443 19.855 18.063 16.170 14.214 12.380 10.563 8.842 7.335 6.099 5.085 4.483 4.149 4.031 4.077 4.243 4.551 4.781 4.857 4.842 4.794 4.691 4.532 4.347 4.145 3.915 3.679 3.472 3.327 3.178 2.952 2.595 2.064 1.465 0.956 0.626 0.430 0.310 0.238 0.195 0.170 0.154 0.142 0.134 0.126 0.123 0.121 0.115 0.107 0.096 0.097 0.106 0.125 0.169 0.258 0.412 0.629 0.879 1.190 1.376 1.617 1.766
34.618 34.974 34.882 34.568 34.030 33.348 32.599 31.808 30.968 30.073 29.135 28.179 27.419 26.776 25.986 24.883 23.416 21.664 19.781 17.867 15.887 13.760 11.625 9.638 7.963 6.577 5.486 4.749 4.296 4.118 4.164 4.381 4.647 4.797 4.812 4.728 4.552 4.337 4.124 3.908 3.673 3.420 3.137 2.792 2.363 1.873 1.343 0.869 0.545 0.345 0.230 0.163 0.123 0.099 0.086 0.078 0.074 0.075 0.080 0.082 0.082 0.081 0.078 0.073 0.072 0.075 0.081 0.094 0.125 0.187 0.298 0.493 0.743 1.071 1.282 1.475 1.636
35.682 36.353 36.521 36.328 35.792 35.255 34.804 34.249 33.596 32.813 31.888 30.875 29.868 29.253 28.587 27.671 26.385 24.767 22.939 20.999 18.970 16.806 14.461 12.035 9.852 8.091 6.662 5.617 4.924 4.446 4.170 4.100 4.273 4.406 4.403 4.269 4.056 3.850 3.678 3.508 3.280 2.922 2.359 1.709 1.154 0.760 0.482 0.300 0.190 0.125 0.088 0.067 0.054 0.046 0.042 0.042 0.046 0.051 0.055 0.057 0.057 0.057 0.057 0.057 0.058 0.061 0.066 0.075 0.097 0.140 0.218 0.367 0.606 0.923 1.200 1.331 1.517
36.077 36.786 37.190 37.333 37.156 36.722 36.071 35.555 35.010 34.311 33.409 32.352 31.311 30.809 30.236 29.469 28.415 27.029 25.330 23.374 21.244 19.100 16.787 14.281 11.737 9.563 7.816 6.435 5.575 4.945 4.584 4.376 4.203 4.118 3.934 3.550 3.228 3.068 2.937 2.767 2.448 1.894 1.236 0.740 0.447 0.273 0.169 0.107 0.072 0.052 0.040 0.033 0.028 0.028 0.029 0.032 0.035 0.040 0.044 0.046 0.047 0.047 0.048 0.048 0.050 0.052 0.056 0.063 0.079 0.109 0.164 0.270 0.469 0.750 1.078 1.226 1.392
35.805 36.975 37.622 37.731 37.754 37.545 37.044 36.369 35.712 34.994 34.189 33.174 32.067 31.372 30.878 30.259 29.428 28.319 26.876 25.091 23.035 20.771 18.320 15.658 12.843 10.386 8.436 6.987 6.083 5.399 4.908 4.576 4.309 4.010 3.508 2.768 2.221 1.969 1.760 1.515 1.202 0.820 0.493 0.284 0.166 0.101 0.065 0.045 0.033 0.026 0.022 0.022 0.022 0.023 0.024 0.026 0.029 0.032 0.036 0.038 0.039 0.041 0.042 0.043 0.045 0.047 0.050 0.056 0.067 0.089 0.129 0.204 0.348 0.583 0.917 1.124 1.256
34.586 36.171 37.323 37.917 37.953 37.847 37.525 36.888 36.065 35.218 34.288 33.214 32.089 31.459 31.072 30.502 29.731 28.732 27.437 25.768 23.718 21.388 18.853 16.107 13.191 10.624 8.608 7.229 6.320 5.608 5.048 4.585 4.131 3.525 2.552 1.559 1.011 0.792 0.664 0.549 0.429 0.291 0.179 0.107 0.065 0.042 0.030 0.023 0.019 0.018 0.018 0.018 0.019 0.019 0.020 0.022 0.024 0.026 0.029 0.032 0.034 0.036 0.037 0.039 0.041 0.043 0.046 0.050 0.059 0.075 0.105 0.159 0.260 0.435 0.733 0.990 1.132
32.507 34.434 35.986 37.052 37.539 37.430 37.144 36.617 35.798 34.792 33.724 32.576 31.416 30.481 30.207 29.739 29.072 28.215 27.064 25.513 23.536 21.226 18.683 15.937 13.042 10.500 8.512 7.218 6.282 5.516 4.847 4.187 3.414 2.340 1.234 0.587 0.333 0.246 0.204 0.171 0.138 0.100 0.067 0.044 0.030 0.022 0.017 0.015 0.015 0.015 0.015 0.016 0.016 0.017 0.017 0.019 0.020 0.022 0.024 0.027 0.030 0.032 0.034 0.036 0.038 0.040 0.043 0.047 0.053 0.066 0.088 0.128 0.201 0.328 0.558 0.827 1.014
30.183 32.192 33.890 35.242 36.043 36.284 36.013 35.506 34.748 33.655 32.356 31.122 30.017 28.889 27.970 27.557 27.026 26.340 25.376 23.996 22.149 19.922 17.449 14.817 12.114 9.810 8.165 6.866 5.787 4.854 3.969 3.017 1.934 0.956 0.418 0.192 0.109 0.080 0.068 0.058 0.049 0.040 0.030 0.022 0.017 0.014 0.013 0.012 0.012 0.013 0.013 0.014 0.014 0.015 0.016 0.017 0.018 0.019 0.021 0.023 0.026 0.029 0.032 0.034 0.036 0.038 0.040 0.043 0.049 0.059 0.077 0.108 0.162 0.258 0.427 0.659 0.867
27.444 29.626 31.333 32.683 33.709 34.291 34.427 34.027 33.204 32.079 30.710 29.389 28.303 27.018 25.547 24.720 24.295 23.700 22.784 21.412 19.572 17.387 15.042 12.676 10.479 8.956 7.489 5.886 4.456 3.242 2.189 1.310 0.659 0.295 0.132 0.067 0.043 0.034 0.029 0.026 0.023 0.020 0.016 0.013 0.012 0.011 0.010 0.010 0.010 0.011 0.012 0.012 0.013 0.014 0.015 0.016 0.017 0.018 0.019 0.021 0.024 0.027 0.029 0.032 0.034 0.036 0.038 0.041 0.045 0.055 0.070 0.095 0.137 0.212 0.341 0.524 0.727
23.900 26.101 28.077 29.717 31.069 32.006 32.545 32.479 31.760 30.560 29.188 27.864 26.476 25.035 23.395 22.202 21.798 21.108 19.981 18.377 16.385 14.148 11.921 10.103 8.796 7.575 5.969 3.962 2.342 1.316 0.721 0.376 0.185 0.090 0.048 0.030 0.023 0.019 0.017 0.015 0.014 0.012 0.011 0.010 0.009 0.009 0.009 0.009 0.009 0.010 0.011 0.012 0.013 0.014 0.015 0.016 0.017 0.018 0.019 0.020 0.022 0.024 0.027 0.030 0.032 0.035 0.037 0.040 0.043 0.052 0.066 0.088 0.122 0.185 0.287 0.432 0.613
19.825 21.848 23.947 25.988 27.757 29.177 30.114 30.429 29.891 28.792 27.400 25.897 24.257 22.455 20.728 20.101 19.658 18.780 17.395 15.497 13.166 10.581 8.430 7.000 5.909 4.749 3.162 1.647 0.793 0.378 0.191 0.103 0.058 0.035 0.023 0.017 0.014 0.013 0.012 0.011 0.010 0.009 0.009 0.008 0.008 0.007 0.007 0.008 0.008 0.009 0.012 0.014 0.015 0.017 0.018 0.018 0.019 0.019 0.019 0.020 0.021 0.022 0.025 0.027 0.030 0.033 0.036 0.039 0.043 0.050 0.064 0.084 0.114 0.166 0.249 0.364 0.513
16.072 17.790 19.562 21.397 23.254 24.833 26.043 26.702 26.507 25.499 23.955 22.108 20.138 18.226 18.080 17.799 17.205 16.101 14.338 11.847 8.905 6.152 4.301 3.219 2.425 1.694 0.946 0.435 0.194 0.097 0.056 0.036 0.025 0.019 0.014 0.012 0.011 0.010 0.009 0.008 0.008 0.007 0.007 0.007 0.006 0.007 0.007 0.008 0.009 0.011 0.015 0.019 0.021 0.022 0.023 0.024 0.023 0.022 0.021 0.020 0.020 0.021 0.023 0.025 0.028 0.031 0.035 0.039 0.043 0.050 0.063 0.082 0.108 0.152 0.220 0.309 0.426
12.515 13.872 15.200 16.527 17.854 19.036 19.932 20.543 20.590 19.752 18.200 16.139 14.481 14.415 14.245 13.831 12.955 11.413 9.066 6.255 3.923 2.408 1.505 0.990 0.643 0.380 0.195 0.095 0.052 0.033 0.024 0.019 0.015 0.012 0.010 0.009 0.008 0.008 0.007 0.007 0.006 0.006 0.006 0.006 0.006 0.007 0.008 0.009 0.013 0.019 0.025 0.030 0.033 0.035 0.035 0.033 0.029 0.026 0.024 0.022 0.022 0.022 0.023 0.025 0.027 0.031 0.035 0.039 0.045 0.052 0.062 0.080 0.105 0.140 0.196 0.265 0.356
9.374 10.211 10.874 11.521 12.058 12.599 13.236 13.671 13.688 13.233 12.088 10.266 9.394 8.944 8.463 7.834 6.835 5.370 3.584 2.065 1.138 0.626 0.358 0.218 0.136 0.081 0.048 0.031 0.022 0.018 0.015 0.013 0.011 0.009 0.008 0.007 0.007 0.006 0.006 0.006 0.006 0.006 0.006 0.006 0.007 0.008 0.010 0.016 0.025 0.037 0.048 0.055 0.058 0.058 0.054 0.047 0.039 0.033 0.029 0.026 0.025 0.024 0.024 0.025 0.027 0.030 0.035 0.040 0.046 0.054 0.066 0.082 0.102 0.132 0.176 0.234 0.310
6.879 7.055 6.953 7.037 7.017 6.930 6.843 6.928 6.924 6.804 6.233 5.510 4.777 4.024 3.414 2.937 2.426 1.717 0.937 0.482 0.258 0.147 0.090 0.058 0.039 0.028 0.021 0.017 0.014 0.012 0.011 0.010 0.009 0.008 0.007 0.007 0.007 0.006 0.007 0.007 0.007 0.007 0.008 0.009 0.011 0.014 0.022 0.036 0.057 0.079 0.093 0.100 0.098 0.087 0.073 0.061 0.051 0.043 0.036 0.032 0.028 0.026 0.025 0.026 0.027 0.030 0.035 0.040 0.047 0.055 0.067 0.084 0.110 0.147 0.203 0.283 0.389
4.878 4.710 4.485 4.200 3.884 3.582 3.330 3.134 2.973 2.815 2.642 2.295 1.822 1.410 1.141 0.926 0.736 0.486 0.267 0.168 0.106 0.068 0.045 0.030 0.021 0.016 0.014 0.012 0.011 0.010 0.009 0.008 0.008 0.008 0.008 0.008 0.008 0.009 0.009 0.010 0.011 0.013 0.015 0.017 0.022 0.034 0.056 0.090 0.125 0.150 0.160 0.150 0.126 0.106 0.088 0.073 0.061 0.051 0.043 0.037 0.032 0.029 0.027 0.026 0.027 0.030 0.034 0.040 0.047 0.055 0.067 0.085 0.112 0.160 0.239 0.358 0.516
3.205 2.877 2.576 2.278 2.092 1.988 1.860 1.701 1.497 1.300 1.154 1.032 0.909 0.778 0.656 0.523 0.376 0.261 0.181 0.125 0.086 0.058 0.039 0.026 0.018 0.013 0.011 0.010 0.010 0.009 0.010 0.010 0.010 0.011 0.012 0.013 0.014 0.016 0.018 0.021 0.024 0.028 0.032 0.042 0.060 0.095 0.146 0.196 0.226 0.233 0.212 0.180 0.149 0.120 0.097 0.080 0.067 0.057 0.048 0.040 0.034 0.030 0.027 0.026 0.027 0.029 0.033 0.038 0.045 0.054 0.065 0.083 0.111 0.162 0.250 0.386 0.571
1.785 1.706 1.655 1.628 1.589 1.517 1.407 1.257 1.069 0.902 0.791 0.711 0.656 0.604 0.534 0.441 0.326 0.235 0.170 0.123 0.088 0.062 0.042 0.028 0.018 0.012 0.010 0.011 0.012 0.013 0.015 0.016 0.019 0.021 0.024 0.027 0.031 0.036 0.042 0.049 0.056 0.068 0.089 0.118 0.163 0.230 0.295 0.324 0.318 0.285 0.247 0.201 0.158 0.125 0.101 0.083 0.070 0.059 0.050 0.041 0.034 0.029 0.026 0.025 0.025 0.027 0.030 0.035 0.041 0.049 0.060 0.076 0.103 0.152 0.241 0.379 0.569
1.489 1.404 1.359 1.333 1.299 1.242 1.154 1.034 0.887 0.767 0.686 0.649 0.627 0.606 0.560 0.476 0.365 0.267 0.195 0.141 0.101 0.073 0.051 0.034 0.022 0.014 0.015 0.018 0.022 0.026 0.031 0.037 0.043 0.049 0.057 0.065 0.076 0.089 0.102 0.121 0.149 0.184 0.225 0.275 0.333 0.387 0.412 0.405 0.366 0.325 0.264 0.205 0.161 0.127 0.103 0.085 0.071 0.059 0.049 0.041 0.034 0.028 0.025 0.023 0.023 0.024 0.026 0.030 0.035 0.042 0.050 0.062 0.083 0.124 0.199 0.325 0.506
1.327 1.262 1.217 1.202 1.174 1.128 1.055 0.949 0.827 0.747 0.708 0.684 0.667 0.647 0.603 0.537 0.434 0.326 0.243 0.177 0.129 0.095 0.069 0.048 0.031 0.025 0.033 0.041 0.051 0.063 0.076 0.090 0.105 0.121 0.137 0.157 0.179 0.217 0.257 0.297 0.334 0.368 0.398 0.427 0.455 0.471 0.467 0.440 0.404 0.340 0.266 0.206 0.161 0.128 0.104 0.085 0.070 0.058 0.048 0.040 0.032 0.027 0.023 0.020 0.019 0.020 0.021 0.024 0.028 0.032 0.038 0.046 0.059 0.082 0.128 0.214 0.353
1.254 1.204 1.196 1.193 1.165 1.111 1.042 0.943 0.868 0.830 0.798 0.768 0.738 0.703 0.651 0.589 0.499 0.394 0.303 0.232 0.178 0.134 0.099 0.071 0.048 0.061 0.081 0.104 0.129 0.157 0.188 0.219 0.249 0.277 0.307 0.363 0.423 0.472 0.499 0.502 0.494 0.488 0.489 0.494 0.500 0.498 0.487 0.462 0.412 0.341 0.266 0.206 0.161 0.128 0.103 0.084 0.069 0.056 0.046 0.036 0.029 0.023 0.019 0.016 0.015 0.015 0.016 0.017 0.020 0.023 0.027 0.031 0.038 0.049 0.072 0.117 0.199
1.239 1.238 1.269 1.274 1.250 1.188 1.113 1.055 1.019 0.991 0.958 0.910 0.847 0.778 0.711 0.643 0.563 0.468 0.376 0.308 0.247 0.192 0.146 0.109 0.111 0.155 0.206 0.259 0.314 0.369 0.424 0.474 0.534 0.603 0.660 0.703 0.719 0.701 0.660 0.606 0.556 0.525 0.511 0.507 0.506 0.504 0.493 0.464 0.413 0.341 0.265 0.205 0.159 0.126 0.100 0.081 0.065 0.050 0.038 0.029 0.022 0.017 0.014 0.012 0.011 0.011 0.011 0.012 0.014 0.016 0.019 0.022 0.026 0.031 0.041 0.061 0.096
1.349 1.392 1.439 1.446 1.423 1.365 1.314 1.287 1.274 1.247 1.191 1.106 0.996 0.887 0.797 0.720 0.643 0.561 0.484 0.412 0.343 0.314 0.297 0.278 0.279 0.379 0.481 0.578 0.667 0.758 0.844 0.923 0.970 0.988 0.979 0.945 0.886 0.804 0.734 0.660 0.591 0.542 0.516 0.507 0.503 0.498 0.484 0.454 0.403 0.330 0.255 0.195 0.150 0.116 0.090 0.070 0.052 0.038 0.026 0.018 0.013 0.010 0.009 0.008 0.007 0.007 0.008 0.009 0.010 0.012 0.014 0.016 0.018 0.022 0.027 0.035 0.050
1.524 1.608 1.660 1.680 1.670 1.647 1.645 1.641 1.600 1.514 1.395 1.264 1.130 1.013 0.921 0.847 0.781 0.716 0.647 0.612 0.618 0.619 0.614 0.608 0.628 0.801 0.977 1.107 1.191 1.244 1.267 1.262 1.235 1.189 1.124 1.044 0.968 0.873 0.767 0.670 0.593 0.538 0.506 0.487 0.472 0.454 0.430 0.395 0.343 0.275 0.210 0.159 0.121 0.091 0.067 0.048 0.032 0.020 0.013 0.009 0.006 0.005 0.004 0.004 0.004 0.004 0.005 0.006 0.007 0.008 0.010 0.011 0.013 0.016 0.019 0.024 0.031
1.779 1.887 1.940 1.974 1.989 1.993 1.972 1.912 1.808 1.679 1.541 1.401 1.257 1.136 1.066 1.013 0.965 0.964 1.005 1.034 1.055 1.074 1.088 1.096 1.174 1.354 1.488 1.552 1.564 1.533 1.477 1.400 1.326 1.263 1.189 1.100 0.998 0.883 0.767 0.667 0.585 0.520 0.468 0.425 0.384 0.344 0.302 0.259 0.212 0.163 0.124 0.094 0.071 0.052 0.036 0.024 0.015 0.009 0.006 0.004 0.003 0.002 0.002 0.002 0.002 0.002 0.003 0.004 0.004 0.006 0.007 0.008 0.010 0.012 0.014 0.017 0.022
2.146 2.244 2.281 2.296 2.287 2.248 2.164 2.046 1.935 1.809 1.669 1.525 1.366 1.238 1.193 1.209 1.295 1.353 1.416 1.476 1.528 1.558 1.547 1.498 1.678 1.788 1.816 1.779 1.721 1.647 1.567 1.475 1.377 1.288 1.198 1.104 0.999 0.881 0.760 0.653 0.557 0.468 0.384 0.306 0.239 0.188 0.149 0.118 0.092 0.072 0.056 0.044 0.033 0.025 0.017 0.011 0.007 0.004 0.003 0.002 0.001 0.001 0.001 0.001 0.001 0.001 0.001 0.002 0.003 0.004 0.005 0.006 0.007 0.008 0.010 0.013 0.016
2.479 2.521 2.530 2.510 2.458 2.364 2.272 2.142 2.007 1.871 1.732 1.592 1.432 1.308 1.357 1.503 1.634 1.801 1.975 2.125 2.216 2.248 2.211 2.111 1.948 1.969 1.948 1.885 1.795 1.717 1.621 1.501 1.384 1.288 1.197 1.104 0.997 0.872 0.734 0.600 0.474 0.354 0.248 0.169 0.117 0.084 0.063 0.049 0.039 0.032 0.026 0.021 0.017 0.013 0.009 0.006 0.004 0.002 0.001 0.001 0.000 0.000 0.000 0.000 0.000 0.000 0.000 0.001 0.001 0.002 0.003 0.004 0.005 0.006 0.007 0.009 0.011
2.694 2.676 2.635 2.583 2.528 2.434 2.299 2.146 1.995 1.853 1.722 1.592 1.443 1.357 1.599 1.850 2.108 2.356 2.581 2.747 2.835 2.824 2.716 2.541 2.291 2.025 2.004 1.955 1.868 1.749 1.642 1.507 1.378 1.275 1.176 1.071 0.947 0.800 0.632 0.467 0.321 0.205 0.127 0.080 0.053 0.039 0.029 0.023 0.019 0.017 0.014 0.013 0.011 0.008 0.006 0.004 0.002 0.001 0.001 0.000 0.000 0.000 0.000 0.000 0.000 0.000 0.000 0.000 0.000 0.001 0.001 0.002 0.003 0.004 0.005 0.007 0.008
2.780 2.733 2.677 2.606 2.514 2.365 2.172 1.980 1.811 1.683 1.590 1.505 1.392 1.530 1.825 2.156 2.476 2.747 2.963 3.094 3.128 3.062 2.927 2.754 2.502 2.166 2.038 2.001 1.910 1.763 1.645 1.495 1.338 1.191 1.052 0.911 0.759 0.589 0.415 0.268 0.163 0.097 0.063 0.043 0.032 0.024 0.019 0.016 0.013 0.011 0.010 0.009 0.007 0.006 0.004 0.003 0.001 0.001 0.000 0.000 0.000 0.000 0.000 0.000 0.000 0.000 0.000 0.000 0.000 0.000 0.001 0.001 0.002 0.002 0.003 0.004 0.006
2.815 2.739 2.617 2.432 2.199 1.902 1.606 1.407 1.324 1.286 1.287 1.289 1.348 1.601 1.920 2.284 2.616 2.877 3.050 3.132 3.160 3.129 3.001 2.782 2.485 2.102 2.051 2.014 1.913 1.740 1.598 1.412 1.200 0.973 0.765 0.581 0.422 0.289 0.188 0.116 0.075 0.050 0.035 0.026 0.020 0.016 0.013 0.011 0.009 0.008 0.007 0.006 0.005 0.004 0.002 0.001 0.001 0.000 0.000 0.000 0.000 0.000 0.000 0.000 0.000 0.000 0.000 0.000 0.000 0.000 0.000 0.000 0.001 0.001 0.002 0.003 0.004
2.740 2.504 2.147 1.702 1.273 0.904 0.648 0.635 0.751 0.871 1.002 1.153 1.332 1.571 1.893 2.250 2.559 2.780 2.943 3.052 3.076 3.015 2.856 2.593 2.242 1.981 1.942 1.864 1.738 1.549 1.377 1.163 0.896 0.616 0.404 0.273 0.183 0.122 0.081 0.055 0.037 0.027 0.022 0.017 0.014 0.011 0.009 0.008 0.006 0.005 0.005 0.004 0.003 0.002 0.001 0.001 0.000 0.000 0.000 0.000 0.000 0.000 0.000 0.000 0.000 0.000 0.000 0.000 0.000 0.000 0.000 0.000 0.000 0.000 0.001 0.001 0.002
2.355 1.831 1.293 0.869 0.575 0.455 0.525 0.615 0.721 0.833 0.955 1.091 1.245 1.438 1.718 2.032 2.321 2.557 2.695 2.743 2.713 2.609 2.412 2.120 1.784 1.675 1.516 1.366 1.225 1.083 0.913 0.708 0.484 0.316 0.202 0.127 0.081 0.053 0.036 0.025 0.019 0.017 0.014 0.012 0.010 0.008 0.006 0.005 0.004 0.003 0.003 0.002 0.001 0.001 0.000 0.000 0.000 0.000 0.000 0.000 0.000 0.000 0.000 0.000 0.000 0.000 0.000 0.000 0.000 0.000 0.000 0.000 0.000 0.000 0.000 0.001 0.001
