RESULTS/r.avaflow_results/23_results/23_ascii/23_hflow0023.asc
ncols 506
nrows 317
xllcenter 498237.50
yllcenter 5580050.00
cellsize 12.50
NODATA_value -9999.000
[rows 170 to 203 of 317, columns 154 to 230 of 506]
12.744 12.498 12.264 12.027 11.761 11.471 11.222 11.018 10.825 10.635 10.452 10.276 10.083 9.813 9.386 8.758 7.957 7.088 6.236 5.425 4.629 3.807 3.030 2.412 1.976 1.708 1.577 1.540 1.550 1.575 1.614 1.683 1.776 1.839 1.880 1.922 1.980 2.081 2.206 2.285 2.327 2.350 2.378 2.405 2.406 2.364 2.253 2.059 1.792 1.467 1.122 0.810 0.585 0.445 0.359 0.304 0.269 0.248 0.239 0.236 0.234 0.229 0.223 0.215 0.204 0.191 0.183 0.181 0.184 0.193 0.210 0.247 0.329 0.509 0.848 1.303 1.705
15.255 15.378 15.421 15.374 15.247 15.069 14.865 14.641 14.397 14.143 13.883 13.629 13.379 13.088 12.656 11.988 11.060 9.937 8.738 7.539 6.353 5.208 4.164 3.300 2.660 2.218 1.939 1.792 1.745 1.765 1.834 1.963 2.128 2.214 2.239 2.247 2.259 2.300 2.356 2.379 2.380 2.358 2.327 2.281 2.200 2.054 1.800 1.415 1.000 0.669 0.457 0.325 0.243 0.194 0.168 0.155 0.149 0.149 0.153 0.157 0.159 0.158 0.154 0.147 0.136 0.126 0.122 0.122 0.125 0.134 0.149 0.180 0.243 0.372 0.614 0.983 1.375
17.648 18.180 18.456 18.514 18.428 18.256 18.056 17.830 17.577 17.305 17.020 16.736 16.462 16.162 15.745 15.093 14.155 12.963 11.605 10.160 8.672 7.195 5.807 4.595 3.632 2.911 2.392 2.060 1.894 1.848 1.880 2.002 2.190 2.281 2.296 2.285 2.280 2.297 2.322 2.323 2.281 2.175 2.006 1.788 1.532 1.224 0.883 0.574 0.370 0.247 0.176 0.133 0.107 0.093 0.087 0.087 0.090 0.096 0.104 0.109 0.110 0.110 0.107 0.102 0.092 0.086 0.084 0.085 0.088 0.095 0.108 0.134 0.186 0.291 0.486 0.796 1.160
19.273 20.155 20.659 20.861 20.882 20.806 20.693 20.554 20.364 20.130 19.867 19.595 19.332 19.049 18.658 18.027 17.089 15.882 14.519 13.052 11.477 9.798 8.077 6.460 5.084 3.970 3.104 2.485 2.103 1.919 1.875 1.939 2.093 2.182 2.194 2.167 2.139 2.129 2.118 2.071 1.928 1.635 1.250 0.904 0.648 0.454 0.303 0.199 0.134 0.097 0.075 0.062 0.055 0.052 0.052 0.054 0.059 0.066 0.073 0.076 0.077 0.077 0.075 0.070 0.065 0.061 0.061 0.061 0.064 0.069 0.080 0.102 0.147 0.237 0.403 0.673 1.012
20.065 21.147 21.851 22.260 22.502 22.651 22.740 22.776 22.717 22.566 22.349 22.114 21.877 21.618 21.267 20.688 19.809 18.641 17.277 15.803 14.233 12.529 10.651 8.660 6.819 5.274 4.043 3.111 2.451 2.040 1.839 1.786 1.842 1.898 1.889 1.816 1.740 1.682 1.614 1.478 1.202 0.827 0.521 0.341 0.233 0.160 0.110 0.077 0.058 0.046 0.040 0.036 0.034 0.034 0.035 0.037 0.041 0.047 0.051 0.053 0.054 0.053 0.052 0.049 0.046 0.045 0.044 0.045 0.047 0.052 0.061 0.081 0.121 0.199 0.341 0.573 0.886
20.252 21.426 22.273 22.844 23.298 23.702 24.042 24.292 24.401 24.349 24.156 23.921 23.707 23.479 23.182 22.708 21.982 20.967 19.679 18.168 16.495 14.667 12.626 10.317 8.061 6.169 4.674 3.550 2.726 2.148 1.785 1.596 1.507 1.431 1.299 1.140 1.018 0.922 0.828 0.709 0.528 0.329 0.202 0.131 0.090 0.065 0.048 0.038 0.032 0.028 0.026 0.025 0.024 0.024 0.025 0.027 0.030 0.034 0.036 0.037 0.038 0.037 0.036 0.035 0.033 0.033 0.033 0.033 0.035 0.040 0.050 0.069 0.105 0.174 0.294 0.488 0.764
19.904 21.169 22.184 22.955 23.592 24.152 24.625 24.986 25.216 25.262 25.093 24.833 24.612 24.428 24.176 23.802 23.234 22.400 21.243 19.738 17.957 15.973 13.752 11.209 8.666 6.556 4.918 3.707 2.819 2.176 1.720 1.389 1.111 0.848 0.626 0.486 0.415 0.373 0.334 0.284 0.208 0.131 0.084 0.058 0.042 0.033 0.027 0.024 0.021 0.020 0.019 0.018 0.018 0.018 0.019 0.020 0.021 0.024 0.025 0.026 0.026 0.026 0.025 0.024 0.023 0.023 0.023 0.025 0.027 0.033 0.043 0.062 0.096 0.156 0.260 0.422 0.659
18.951 20.348 21.564 22.594 23.464 24.179 24.718 25.123 25.402 25.485 25.339 25.048 24.784 24.642 24.405 24.060 23.552 22.807 21.742 20.288 18.463 16.376 14.046 11.398 8.753 6.571 4.894 3.665 2.761 2.075 1.528 1.064 0.678 0.407 0.256 0.185 0.156 0.141 0.129 0.111 0.084 0.058 0.041 0.031 0.025 0.021 0.018 0.017 0.016 0.015 0.014 0.014 0.013 0.013 0.014 0.014 0.015 0.016 0.017 0.017 0.018 0.017 0.017 0.016 0.016 0.016 0.016 0.018 0.021 0.027 0.038 0.056 0.088 0.143 0.234 0.374 0.578
17.521 19.067 20.500 21.774 22.840 23.654 24.214 24.597 24.860 24.941 24.828 24.555 24.281 24.128 23.876 23.519 23.037 22.366 21.393 20.009 18.205 16.086 13.698 11.005 8.383 6.221 4.546 3.306 2.380 1.660 1.069 0.609 0.319 0.171 0.103 0.075 0.064 0.058 0.054 0.048 0.039 0.031 0.025 0.020 0.017 0.015 0.014 0.012 0.011 0.011 0.010 0.010 0.010 0.009 0.009 0.010 0.010 0.011 0.011 0.011 0.011 0.011 0.011 0.010 0.010 0.010 0.011 0.012 0.015 0.021 0.032 0.051 0.081 0.132 0.213 0.336 0.511
15.723 17.399 19.022 20.449 21.619 22.488 23.072 23.418 23.579 23.594 23.514 23.360 23.071 22.745 22.374 21.952 21.474 20.870 19.994 18.699 16.936 14.799 12.379 9.772 7.350 5.324 3.695 2.439 1.519 0.882 0.476 0.247 0.128 0.072 0.047 0.036 0.032 0.030 0.028 0.026 0.023 0.019 0.017 0.015 0.013 0.011 0.010 0.009 0.008 0.008 0.007 0.007 0.006 0.006 0.006 0.006 0.006 0.007 0.007 0.007 0.007 0.007 0.006 0.006 0.006 0.006 0.006 0.008 0.011 0.016 0.027 0.045 0.074 0.120 0.193 0.302 0.453
13.620 15.300 17.052 18.591 19.844 20.792 21.426 21.765 21.837 21.793 21.797 21.836 21.522 21.016 20.496 19.980 19.439 18.787 17.866 16.506 14.668 12.443 10.019 7.679 5.612 3.812 2.316 1.249 0.625 0.310 0.161 0.089 0.053 0.035 0.026 0.022 0.020 0.019 0.018 0.017 0.015 0.014 0.012 0.011 0.009 0.008 0.007 0.006 0.006 0.005 0.004 0.004 0.004 0.004 0.004 0.004 0.004 0.004 0.004 0.004 0.004 0.004 0.003 0.003 0.003 0.003 0.004 0.005 0.007 0.012 0.021 0.038 0.065 0.108 0.175 0.272 0.406
11.523 12.929 14.589 16.274 17.698 18.807 19.579 20.020 20.179 20.213 20.296 20.342 19.975 19.429 18.872 18.319 17.681 16.789 15.525 13.817 11.638 9.085 6.686 4.767 3.235 1.979 1.037 0.464 0.199 0.098 0.057 0.038 0.027 0.021 0.018 0.016 0.015 0.014 0.013 0.012 0.011 0.010 0.009 0.008 0.007 0.006 0.005 0.004 0.003 0.003 0.002 0.002 0.002 0.002 0.002 0.002 0.002 0.002 0.002 0.002 0.002 0.002 0.002 0.001 0.001 0.001 0.002 0.003 0.004 0.008 0.015 0.030 0.054 0.094 0.155 0.243 0.364
9.717 10.850 12.194 13.758 15.339 16.667 17.646 18.248 18.518 18.620 18.710 18.630 18.209 17.668 17.126 16.542 15.773 14.593 12.857 10.537 7.746 5.107 3.247 2.073 1.284 0.709 0.328 0.134 0.062 0.037 0.027 0.021 0.018 0.015 0.013 0.012 0.011 0.011 0.010 0.009 0.008 0.007 0.006 0.005 0.005 0.004 0.003 0.002 0.002 0.001 0.001 0.001 0.001 0.001 0.001 0.001 0.001 0.001 0.001 0.001 0.001 0.001 0.000 0.000 0.000 0.000 0.001 0.001 0.002 0.005 0.010 0.020 0.041 0.077 0.132 0.212 0.324
8.215 9.132 10.186 11.404 12.829 14.263 15.424 16.187 16.560 16.658 16.576 16.262 15.757 15.229 14.679 13.984 12.963 11.378 8.994 6.143 3.660 2.003 1.057 0.582 0.324 0.169 0.082 0.041 0.026 0.020 0.017 0.015 0.013 0.011 0.010 0.010 0.009 0.008 0.008 0.007 0.006 0.005 0.005 0.004 0.003 0.002 0.002 0.001 0.001 0.001 0.000 0.000 0.000 0.000 0.000 0.000 0.000 0.000 0.000 0.000 0.000 0.000 0.000 0.000 0.000 0.000 0.000 0.000 0.001 0.003 0.006 0.013 0.027 0.055 0.103 0.176 0.279
6.947 7.683 8.471 9.332 10.294 11.408 12.558 13.410 13.832 13.838 13.531 12.998 12.320 11.629 10.854 9.846 8.429 6.457 4.184 2.277 1.085 0.479 0.225 0.124 0.073 0.044 0.028 0.020 0.016 0.014 0.012 0.011 0.010 0.009 0.008 0.008 0.007 0.006 0.006 0.005 0.005 0.004 0.003 0.003 0.002 0.001 0.001 0.000 0.000 0.000 0.000 0.000 0.000 0.000 0.000 0.000 0.000 0.000 0.000 0.000 0.000 0.000 0.000 0.000 0.000 0.000 0.000 0.000 0.000 0.001 0.003 0.007 0.016 0.034 0.069 0.129 0.222
5.823 6.391 6.919 7.405 7.884 8.403 9.050 9.619 9.917 9.852 9.477 8.860 7.975 6.950 5.920 4.880 3.697 2.326 1.165 0.492 0.196 0.092 0.053 0.036 0.026 0.020 0.016 0.014 0.012 0.010 0.009 0.008 0.008 0.007 0.006 0.006 0.005 0.005 0.004 0.004 0.004 0.003 0.003 0.002 0.001 0.001 0.000 0.000 0.000 0.000 0.000 0.000 0.000 0.000 0.000 0.000 0.000 0.000 0.000 0.000 0.000 0.000 0.000 0.000 0.000 0.000 0.000 0.000 0.000 0.000 0.001 0.004 0.009 0.019 0.041 0.082 0.155
4.685 4.993 5.205 5.302 5.328 5.349 5.480 5.668 5.754 5.673 5.392 4.856 3.977 2.957 2.131 1.528 0.994 0.494 0.202 0.084 0.043 0.029 0.022 0.018 0.015 0.013 0.011 0.010 0.009 0.008 0.007 0.007 0.006 0.005 0.005 0.005 0.004 0.004 0.003 0.003 0.003 0.003 0.002 0.002 0.001 0.001 0.000 0.000 0.000 0.000 0.000 0.000 0.000 0.000 0.000 0.000 0.000 0.000 0.000 0.000 0.000 0.000 0.000 0.000 0.000 0.000 0.000 0.000 0.000 0.000 0.001 0.002 0.004 0.010 0.022 0.047 0.095
3.190 3.148 3.056 2.889 2.630 2.379 2.252 2.212 2.169 2.090 1.943 1.670 1.224 0.765 0.476 0.309 0.180 0.087 0.042 0.026 0.019 0.016 0.014 0.012 0.011 0.010 0.009 0.008 0.007 0.006 0.006 0.005 0.005 0.004 0.004 0.004 0.003 0.003 0.003 0.003 0.003 0.003 0.002 0.002 0.002 0.001 0.000 0.000 0.000 0.000 0.000 0.000 0.000 0.000 0.000 0.000 0.000 0.000 0.000 0.000 0.000 0.000 0.000 0.000 0.000 0.000 0.000 0.000 0.000 0.000 0.000 0.001 0.002 0.004 0.010 0.024 0.051
1.460 1.348 1.243 1.132 0.977 0.798 0.673 0.599 0.546 0.499 0.446 0.370 0.255 0.151 0.097 0.064 0.041 0.026 0.018 0.014 0.012 0.011 0.010 0.009 0.008 0.007 0.006 0.006 0.005 0.005 0.004 0.004 0.004 0.003 0.003 0.003 0.003 0.003 0.003 0.003 0.003 0.003 0.004 0.003 0.003 0.002 0.001 0.000 0.000 0.000 0.000 0.000 0.000 0.000 0.000 0.000 0.000 0.000 0.000 0.000 0.000 0.000 0.000 0.000 0.000 0.000 0.000 0.000 0.000 0.000 0.000 0.000 0.001 0.002 0.004 0.010 0.024
0.450 0.412 0.386 0.360 0.316 0.244 0.186 0.150 0.129 0.114 0.100 0.084 0.061 0.041 0.030 0.023 0.018 0.014 0.012 0.010 0.009 0.008 0.007 0.007 0.006 0.005 0.005 0.004 0.004 0.004 0.004 0.003 0.003 0.003 0.003 0.003 0.003 0.003 0.004 0.004 0.005 0.006 0.007 0.007 0.006 0.004 0.002 0.001 0.000 0.000 0.000 0.000 0.000 0.000 0.000 0.000 0.000 0.000 0.000 0.000 0.000 0.000 0.000 0.000 0.000 0.000 0.000 0.000 0.000 0.000 0.000 0.000 0.000 0.001 0.002 0.004 0.010
0.109 0.107 0.109 0.110 0.102 0.080 0.058 0.046 0.039 0.036 0.034 0.031 0.028 0.022 0.018 0.014 0.012 0.010 0.009 0.007 0.007 0.006 0.005 0.005 0.005 0.004 0.004 0.004 0.004 0.004 0.004 0.004 0.005 0.005 0.005 0.005 0.006 0.006 0.008 0.009 0.012 0.014 0.014 0.013 0.008 0.005 0.002 0.001 0.000 0.000 0.000 0.000 0.000 0.000 0.000 0.000 0.000 0.000 0.000 0.000 0.000 0.000 0.000 0.000 0.000 0.000 0.000 0.000 0.000 0.000 0.000 0.000 0.000 0.000 0.000 0.001 0.003
0.039 0.040 0.044 0.048 0.048 0.040 0.030 0.024 0.022 0.022 0.022 0.022 0.021 0.018 0.015 0.012 0.010 0.008 0.007 0.006 0.005 0.005 0.005 0.004 0.004 0.004 0.004 0.005 0.006 0.007 0.008 0.009 0.010 0.011 0.011 0.012 0.014 0.016 0.020 0.023 0.027 0.028 0.025 0.017 0.010 0.005 0.002 0.001 0.000 0.000 0.000 0.000 0.000 0.000 0.000 0.000 0.000 0.000 0.000 0.000 0.000 0.000 0.000 0.000 0.000 0.000 0.000 0.000 0.000 0.000 0.000 0.000 0.000 0.000 0.000 0.000 0.001
0.029 0.029 0.033 0.038 0.038 0.033 0.025 0.021 0.020 0.020 0.021 0.021 0.021 0.020 0.017 0.013 0.010 0.008 0.007 0.006 0.005 0.005 0.005 0.005 0.005 0.006 0.008 0.011 0.015 0.019 0.023 0.027 0.029 0.031 0.033 0.036 0.040 0.046 0.051 0.055 0.052 0.043 0.029 0.017 0.010 0.005 0.002 0.001 0.000 0.000 0.000 0.000 0.000 0.000 0.000 0.000 0.000 0.000 0.000 0.000 0.000 0.000 0.000 0.000 0.000 0.000 0.000 0.000 0.000 0.000 0.000 0.000 0.000 0.000 0.000 0.000 0.000
0.028 0.028 0.031 0.037 0.038 0.033 0.027 0.025 0.025 0.027 0.028 0.029 0.029 0.027 0.023 0.018 0.014 0.011 0.009 0.008 0.007 0.007 0.007 0.008 0.011 0.017 0.025 0.037 0.052 0.066 0.078 0.088 0.094 0.098 0.101 0.104 0.107 0.107 0.099 0.085 0.066 0.046 0.029 0.017 0.010 0.005 0.002 0.001 0.000 0.000 0.000 0.000 0.000 0.000 0.000 0.000 0.000 0.000 0.000 0.000 0.000 0.000 0.000 0.000 0.000 0.000 0.000 0.000 0.000 0.000 0.000 0.000 0.000 0.000 0.000 0.000 0.000
0.028 0.028 0.031 0.038 0.041 0.039 0.036 0.038 0.042 0.046 0.047 0.047 0.046 0.042 0.036 0.031 0.026 0.021 0.017 0.015 0.015 0.015 0.017 0.024 0.038 0.060 0.094 0.140 0.183 0.220 0.247 0.262 0.269 0.263 0.247 0.223 0.194 0.160 0.127 0.096 0.068 0.045 0.028 0.017 0.009 0.005 0.002 0.001 0.000 0.000 0.000 0.000 0.000 0.000 0.000 0.000 0.000 0.000 0.000 0.000 0.000 0.000 0.000 0.000 0.000 0.000 0.000 0.000 0.000 0.000 0.000 0.000 0.000 0.000 0.000 0.000 0.000
0.028 0.028 0.032 0.042 0.050 0.053 0.057 0.066 0.075 0.080 0.081 0.080 0.074 0.068 0.064 0.061 0.058 0.051 0.043 0.040 0.039 0.042 0.057 0.090 0.144 0.227 0.338 0.448 0.531 0.579 0.592 0.563 0.509 0.443 0.372 0.300 0.234 0.178 0.132 0.095 0.065 0.042 0.026 0.016 0.009 0.005 0.002 0.001 0.000 0.000 0.000 0.000 0.000 0.000 0.000 0.000 0.000 0.000 0.000 0.000 0.000 0.000 0.000 0.000 0.000 0.000 0.000 0.000 0.000 0.000 0.000 0.000 0.000 0.000 0.000 0.000 0.000
0.030 0.030 0.034 0.047 0.065 0.079 0.095 0.113 0.126 0.132 0.133 0.129 0.121 0.117 0.127 0.142 0.143 0.136 0.122 0.115 0.118 0.146 0.213 0.328 0.491 0.689 0.881 1.006 1.047 0.993 0.880 0.747 0.624 0.513 0.410 0.317 0.239 0.176 0.127 0.089 0.060 0.039 0.024 0.015 0.008 0.004 0.002 0.001 0.000 0.000 0.000 0.000 0.000 0.000 0.000 0.000 0.000 0.000 0.000 0.000 0.000 0.000 0.000 0.000 0.000 0.000 0.000 0.000 0.000 0.000 0.000 0.000 0.000 0.000 0.000 0.000 0.000
0.033 0.034 0.038 0.055 0.084 0.116 0.147 0.176 0.195 0.204 0.205 0.202 0.201 0.217 0.272 0.331 0.349 0.344 0.329 0.329 0.371 0.479 0.663 0.907 1.157 1.344 1.431 1.431 1.348 1.180 0.971 0.788 0.641 0.516 0.407 0.311 0.231 0.168 0.119 0.081 0.054 0.035 0.022 0.013 0.008 0.004 0.002 0.001 0.000 0.000 0.000 0.000 0.000 0.000 0.000 0.000 0.000 0.000 0.000 0.000 0.000 0.000 0.000 0.000 0.000 0.000 0.000 0.000 0.000 0.000 0.000 0.000 0.000 0.000 0.000 0.000 0.000
0.036 0.037 0.042 0.064 0.107 0.159 0.209 0.252 0.283 0.302 0.312 0.322 0.343 0.408 0.540 0.656 0.704 0.717 0.730 0.784 0.915 1.118 1.330 1.511 1.640 1.697 1.676 1.586 1.429 1.217 0.980 0.786 0.630 0.501 0.390 0.295 0.216 0.154 0.107 0.073 0.048 0.031 0.020 0.012 0.007 0.003 0.002 0.000 0.000 0.000 0.000 0.000 0.000 0.000 0.000 0.000 0.000 0.000 0.000 0.000 0.000 0.000 0.000 0.000 0.000 0.000 0.000 0.000 0.000 0.000 0.000 0.000 0.000 0.000 0.000 0.000 0.000
0.038 0.038 0.045 0.075 0.133 0.207 0.281 0.344 0.393 0.428 0.458 0.491 0.545 0.650 0.812 0.938 1.007 1.056 1.119 1.242 1.417 1.580 1.691 1.759 1.788 1.777 1.719 1.607 1.443 1.226 0.978 0.772 0.608 0.475 0.366 0.273 0.197 0.138 0.095 0.064 0.042 0.027 0.017 0.010 0.006 0.003 0.001 0.000 0.000 0.000 0.000 0.000 0.000 0.000 0.000 0.000 0.000 0.000 0.000 0.000 0.000 0.000 0.000 0.000 0.000 0.000 0.000 0.000 0.000 0.000 0.000 0.000 0.000 0.000 0.000 0.000 0.000
0.039 0.039 0.050 0.092 0.175 0.277 0.368 0.437 0.486 0.528 0.571 0.623 0.696 0.807 0.953 1.070 1.153 1.228 1.319 1.465 1.618 1.718 1.767 1.787 1.789 1.768 1.711 1.611 1.456 1.239 0.976 0.749 0.574 0.437 0.330 0.243 0.174 0.121 0.082 0.055 0.036 0.023 0.014 0.009 0.005 0.002 0.001 0.000 0.000 0.000 0.000 0.000 0.000 0.000 0.000 0.000 0.000 0.000 0.000 0.000 0.000 0.000 0.000 0.000 0.000 0.000 0.000 0.000 0.000 0.000 0.000 0.000 0.000 0.000 0.000 0.000 0.000
0.037 0.039 0.061 0.130 0.250 0.361 0.439 0.495 0.540 0.584 0.633 0.693 0.772 0.873 0.997 1.112 1.210 1.303 1.404 1.531 1.645 1.716 1.748 1.756 1.753 1.736 1.697 1.610 1.460 1.242 0.966 0.717 0.526 0.385 0.280 0.204 0.146 0.102 0.069 0.045 0.029 0.019 0.012 0.007 0.004 0.002 0.001 0.000 0.000 0.000 0.000 0.000 0.000 0.000 0.000 0.000 0.000 0.000 0.000 0.000 0.000 0.000 0.000 0.000 0.000 0.000 0.000 0.000 0.000 0.000 0.000 0.000 0.000 0.000 0.000 0.000 0.000
0.032 0.041 0.087 0.194 0.325 0.413 0.472 0.518 0.561 0.607 0.659 0.720 0.796 0.891 1.003 1.121 1.231 1.335 1.438 1.541 1.626 1.673 1.688 1.688 1.679 1.659 1.612 1.519 1.371 1.160 0.895 0.649 0.460 0.321 0.223 0.155 0.108 0.075 0.051 0.034 0.022 0.013 0.008 0.005 0.002 0.001 0.000 0.000 0.000 0.000 0.000 0.000 0.000 0.000 0.000 0.000 0.000 0.000 0.000 0.000 0.000 0.000 0.000 0.000 0.000 0.000 0.000 0.000 0.000 0.000 0.000 0.000 0.000 0.000 0.000 0.000 0.000
0.028 0.050 0.121 0.248 0.360 0.428 0.477 0.520 0.565 0.613 0.665 0.726 0.800 0.892 0.999 1.117 1.236 1.345 1.443 1.524 1.575 1.595 1.594 1.576 1.534 1.460 1.350 1.218 1.069 0.895 0.697 0.512 0.359 0.240 0.154 0.098 0.063 0.042 0.029 0.020 0.013 0.008 0.005 0.003 0.001 0.001 0.000 0.000 0.000 0.000 0.000 0.000 0.000 0.000 0.000 0.000 0.000 0.000 0.000 0.000 0.000 0.000 0.000 0.000 0.000 0.000 0.000 0.000 0.000 0.000 0.000 0.000 0.000 0.000 0.000 0.000 0.000
