RESULTS/r.avaflow_results/23_results/23_ascii/23_hflow10017.asc
ncols 506
nrows 317
xllcenter 498237.50
yllcenter 5580050.00
cellsize 12.50
NODATA_value -9999.000
[rows 170 to 203 of 317, columns 154 to 230 of 506]
1.852 1.585 1.371 1.193 1.045 0.916 0.806 0.711 0.629 0.557 0.493 0.433 0.376 0.322 0.273 0.229 0.192 0.159 0.131 0.106 0.084 0.065 0.050 0.039 0.032 0.027 0.023 0.020 0.017 0.013 0.008 0.004 0.002 0.001 0.001 0.000 0.000 0.000 0.000 0.000 0.000 0.000 0.000 0.000 0.000 0.000 0.000 0.000 0.000 0.000 0.000 0.000 0.000 0.000 0.000 0.000 0.000 0.000 0.000 0.000 0.000 0.000 0.000 0.000 0.000 0.000 0.000 0.000 0.000 0.000 0.000 0.000 0.000 0.000 0.000 0.000 0.000
2.442 2.131 1.869 1.645 1.452 1.281 1.129 0.993 0.873 0.766 0.670 0.582 0.501 0.427 0.361 0.302 0.250 0.204 0.164 0.129 0.100 0.076 0.057 0.043 0.034 0.027 0.022 0.018 0.014 0.010 0.006 0.003 0.002 0.001 0.001 0.000 0.000 0.000 0.000 0.000 0.000 0.000 0.000 0.000 0.000 0.000 0.000 0.000 0.000 0.000 0.000 0.000 0.000 0.000 0.000 0.000 0.000 0.000 0.000 0.000 0.000 0.000 0.000 0.000 0.000 0.000 0.000 0.000 0.000 0.000 0.000 0.000 0.000 0.000 0.000 0.000 0.000
3.182 2.829 2.511 2.229 1.977 1.748 1.540 1.350 1.178 1.024 0.885 0.762 0.651 0.551 0.463 0.384 0.315 0.254 0.202 0.157 0.120 0.090 0.067 0.050 0.037 0.028 0.022 0.016 0.012 0.008 0.005 0.003 0.002 0.001 0.001 0.000 0.000 0.000 0.000 0.000 0.000 0.000 0.000 0.000 0.000 0.000 0.000 0.000 0.000 0.000 0.000 0.000 0.000 0.000 0.000 0.000 0.000 0.000 0.000 0.000 0.000 0.000 0.000 0.000 0.000 0.000 0.000 0.000 0.000 0.000 0.000 0.000 0.000 0.000 0.000 0.000 0.000
3.903 3.591 3.273 2.955 2.642 2.343 2.063 1.800 1.560 1.344 1.151 0.980 0.830 0.698 0.582 0.480 0.390 0.313 0.247 0.192 0.146 0.109 0.080 0.058 0.042 0.031 0.022 0.016 0.012 0.008 0.005 0.003 0.002 0.001 0.001 0.000 0.000 0.000 0.000 0.000 0.000 0.000 0.000 0.000 0.000 0.000 0.000 0.000 0.000 0.000 0.000 0.000 0.000 0.000 0.000 0.000 0.000 0.000 0.000 0.000 0.000 0.000 0.000 0.000 0.000 0.000 0.000 0.000 0.000 0.000 0.000 0.000 0.000 0.000 0.000 0.000 0.000
4.447 4.202 3.945 3.680 3.385 3.062 2.716 2.365 2.037 1.740 1.478 1.247 1.048 0.875 0.724 0.593 0.481 0.384 0.302 0.234 0.178 0.133 0.097 0.070 0.050 0.035 0.025 0.017 0.012 0.008 0.005 0.003 0.002 0.001 0.001 0.001 0.000 0.000 0.000 0.000 0.000 0.000 0.000 0.000 0.000 0.000 0.000 0.000 0.000 0.000 0.000 0.000 0.000 0.000 0.000 0.000 0.000 0.000 0.000 0.000 0.000 0.000 0.000 0.000 0.000 0.000 0.000 0.000 0.000 0.000 0.000 0.000 0.000 0.000 0.000 0.000 0.000
4.816 4.636 4.448 4.248 4.018 3.745 3.424 3.043 2.629 2.231 1.878 1.573 1.313 1.089 0.897 0.731 0.590 0.471 0.370 0.287 0.218 0.163 0.119 0.085 0.060 0.042 0.029 0.020 0.014 0.009 0.006 0.004 0.003 0.002 0.001 0.001 0.000 0.000 0.000 0.000 0.000 0.000 0.000 0.000 0.000 0.000 0.000 0.000 0.000 0.000 0.000 0.000 0.000 0.000 0.000 0.000 0.000 0.000 0.000 0.000 0.000 0.000 0.000 0.000 0.000 0.000 0.000 0.000 0.000 0.000 0.000 0.000 0.000 0.000 0.000 0.000 0.000
5.054 4.938 4.819 4.678 4.501 4.278 4.007 3.667 3.265 2.817 2.364 1.966 1.633 1.347 1.104 0.895 0.716 0.566 0.440 0.338 0.255 0.190 0.139 0.100 0.071 0.050 0.035 0.025 0.017 0.012 0.009 0.006 0.004 0.003 0.002 0.001 0.000 0.000 0.000 0.000 0.000 0.000 0.000 0.000 0.000 0.000 0.000 0.000 0.000 0.000 0.000 0.000 0.000 0.000 0.000 0.000 0.000 0.000 0.000 0.000 0.000 0.000 0.000 0.000 0.000 0.000 0.000 0.000 0.000 0.000 0.000 0.000 0.000 0.000 0.000 0.000 0.000
5.186 5.132 5.067 4.984 4.867 4.696 4.469 4.170 3.801 3.375 2.893 2.405 1.984 1.618 1.308 1.044 0.823 0.642 0.494 0.375 0.282 0.209 0.152 0.110 0.078 0.055 0.039 0.028 0.020 0.015 0.010 0.007 0.004 0.003 0.002 0.001 0.000 0.000 0.000 0.000 0.000 0.000 0.000 0.000 0.000 0.000 0.000 0.000 0.000 0.000 0.000 0.000 0.000 0.000 0.000 0.000 0.000 0.000 0.000 0.000 0.000 0.000 0.000 0.000 0.000 0.000 0.000 0.000 0.000 0.000 0.000 0.000 0.000 0.000 0.000 0.000 0.000
5.247 5.249 5.231 5.189 5.116 4.996 4.814 4.565 4.239 3.834 3.351 2.803 2.290 1.848 1.473 1.160 0.903 0.695 0.529 0.398 0.296 0.219 0.160 0.115 0.082 0.058 0.041 0.029 0.021 0.015 0.010 0.007 0.004 0.002 0.001 0.001 0.000 0.000 0.000 0.000 0.000 0.000 0.000 0.000 0.000 0.000 0.000 0.000 0.000 0.000 0.000 0.000 0.000 0.000 0.000 0.000 0.000 0.000 0.000 0.000 0.000 0.000 0.000 0.000 0.000 0.000 0.000 0.000 0.000 0.000 0.000 0.000 0.000 0.000 0.000 0.000 0.000
5.253 5.300 5.327 5.323 5.290 5.218 5.085 4.878 4.596 4.203 3.710 3.119 2.524 2.018 1.593 1.243 0.957 0.729 0.549 0.409 0.302 0.222 0.162 0.117 0.083 0.058 0.041 0.028 0.019 0.012 0.008 0.004 0.002 0.001 0.001 0.001 0.000 0.000 0.000 0.000 0.000 0.000 0.000 0.000 0.000 0.000 0.000 0.000 0.000 0.000 0.000 0.000 0.000 0.000 0.000 0.000 0.000 0.000 0.000 0.000 0.000 0.000 0.000 0.000 0.000 0.000 0.000 0.000 0.000 0.000 0.000 0.000 0.000 0.000 0.000 0.000 0.000
5.218 5.307 5.372 5.405 5.401 5.373 5.286 5.117 4.862 4.477 3.972 3.342 2.694 2.141 1.678 1.300 0.993 0.750 0.560 0.413 0.303 0.221 0.161 0.115 0.081 0.055 0.035 0.021 0.011 0.006 0.003 0.002 0.001 0.001 0.001 0.000 0.000 0.000 0.000 0.000 0.000 0.000 0.000 0.000 0.000 0.000 0.000 0.000 0.000 0.000 0.000 0.000 0.000 0.000 0.000 0.000 0.000 0.000 0.000 0.000 0.000 0.000 0.000 0.000 0.000 0.000 0.000 0.000 0.000 0.000 0.000 0.000 0.000 0.000 0.000 0.000 0.000
5.108 5.262 5.374 5.453 5.485 5.483 5.435 5.305 5.057 4.666 4.131 3.467 2.787 2.209 1.728 1.333 1.014 0.761 0.563 0.413 0.300 0.214 0.150 0.104 0.069 0.042 0.021 0.009 0.004 0.002 0.001 0.001 0.001 0.001 0.001 0.000 0.000 0.000 0.000 0.000 0.000 0.000 0.000 0.000 0.000 0.000 0.000 0.000 0.000 0.000 0.000 0.000 0.000 0.000 0.000 0.000 0.000 0.000 0.000 0.000 0.000 0.000 0.000 0.000 0.000 0.000 0.000 0.000 0.000 0.000 0.000 0.000 0.000 0.000 0.000 0.000 0.000
4.893 5.136 5.325 5.461 5.534 5.556 5.532 5.422 5.168 4.762 4.201 3.513 2.820 2.235 1.747 1.346 1.021 0.763 0.561 0.404 0.280 0.182 0.112 0.065 0.036 0.017 0.007 0.003 0.001 0.001 0.001 0.001 0.001 0.001 0.001 0.000 0.000 0.000 0.000 0.000 0.000 0.000 0.000 0.000 0.000 0.000 0.000 0.000 0.000 0.000 0.000 0.000 0.000 0.000 0.000 0.000 0.000 0.000 0.000 0.000 0.000 0.000 0.000 0.000 0.000 0.000 0.000 0.000 0.000 0.000 0.000 0.000 0.000 0.000 0.000 0.000 0.000
4.574 4.920 5.209 5.426 5.550 5.590 5.573 5.467 5.201 4.779 4.206 3.512 2.820 2.237 1.747 1.340 1.007 0.738 0.519 0.343 0.202 0.101 0.045 0.020 0.009 0.004 0.002 0.001 0.001 0.001 0.001 0.001 0.001 0.001 0.001 0.000 0.000 0.000 0.000 0.000 0.000 0.000 0.000 0.000 0.000 0.000 0.000 0.000 0.000 0.000 0.000 0.000 0.000 0.000 0.000 0.000 0.000 0.000 0.000 0.000 0.000 0.000 0.000 0.000 0.000 0.000 0.000 0.000 0.000 0.000 0.000 0.000 0.000 0.000 0.000 0.000 0.000
4.179 4.618 4.993 5.290 5.471 5.536 5.525 5.415 5.152 4.724 4.156 3.471 2.767 2.174 1.671 1.246 0.889 0.596 0.357 0.180 0.074 0.027 0.009 0.004 0.002 0.001 0.001 0.001 0.001 0.001 0.001 0.001 0.001 0.001 0.001 0.000 0.000 0.000 0.000 0.000 0.000 0.000 0.000 0.000 0.000 0.000 0.000 0.000 0.000 0.000 0.000 0.000 0.000 0.000 0.000 0.000 0.000 0.000 0.000 0.000 0.000 0.000 0.000 0.000 0.000 0.000 0.000 0.000 0.000 0.000 0.000 0.000 0.000 0.000 0.000 0.000 0.000
3.720 4.187 4.557 4.807 4.922 4.952 4.935 4.855 4.671 4.338 3.855 3.219 2.486 1.833 1.312 0.886 0.539 0.280 0.121 0.044 0.014 0.005 0.002 0.001 0.001 0.001 0.001 0.001 0.001 0.001 0.001 0.001 0.001 0.001 0.001 0.000 0.000 0.000 0.000 0.000 0.000 0.000 0.000 0.000 0.000 0.000 0.000 0.000 0.000 0.000 0.000 0.000 0.000 0.000 0.000 0.000 0.000 0.000 0.000 0.000 0.000 0.000 0.000 0.000 0.000 0.000 0.000 0.000 0.000 0.000 0.000 0.000 0.000 0.000 0.000 0.000 0.000
2.955 3.269 3.433 3.467 3.383 3.282 3.231 3.212 3.181 3.070 2.802 2.318 1.626 0.990 0.572 0.317 0.160 0.066 0.023 0.008 0.003 0.002 0.001 0.001 0.001 0.001 0.001 0.001 0.001 0.001 0.001 0.001 0.001 0.001 0.001 0.001 0.001 0.000 0.000 0.000 0.000 0.000 0.000 0.000 0.000 0.000 0.000 0.000 0.000 0.000 0.000 0.000 0.000 0.000 0.000 0.000 0.000 0.000 0.000 0.000 0.000 0.000 0.000 0.000 0.000 0.000 0.000 0.000 0.000 0.000 0.000 0.000 0.000 0.000 0.000 0.000 0.000
1.504 1.556 1.539 1.487 1.382 1.264 1.206 1.196 1.205 1.196 1.108 0.894 0.550 0.273 0.133 0.067 0.032 0.014 0.006 0.003 0.002 0.002 0.001 0.001 0.001 0.001 0.001 0.001 0.001 0.001 0.001 0.001 0.001 0.001 0.001 0.001 0.001 0.001 0.001 0.000 0.000 0.000 0.000 0.000 0.000 0.000 0.000 0.000 0.000 0.000 0.000 0.000 0.000 0.000 0.000 0.000 0.000 0.000 0.000 0.000 0.000 0.000 0.000 0.000 0.000 0.000 0.000 0.000 0.000 0.000 0.000 0.000 0.000 0.000 0.000 0.000 0.000
0.434 0.440 0.438 0.429 0.405 0.366 0.334 0.315 0.304 0.293 0.269 0.212 0.119 0.058 0.032 0.019 0.011 0.007 0.005 0.003 0.002 0.002 0.001 0.001 0.001 0.001 0.001 0.001 0.001 0.001 0.001 0.001 0.001 0.001 0.001 0.001 0.001 0.001 0.001 0.001 0.001 0.000 0.000 0.000 0.000 0.000 0.000 0.000 0.000 0.000 0.000 0.000 0.000 0.000 0.000 0.000 0.000 0.000 0.000 0.000 0.000 0.000 0.000 0.000 0.000 0.000 0.000 0.000 0.000 0.000 0.000 0.000 0.000 0.000 0.000 0.000 0.000
0.116 0.119 0.123 0.130 0.135 0.132 0.119 0.101 0.086 0.076 0.068 0.056 0.037 0.024 0.017 0.013 0.010 0.007 0.005 0.004 0.003 0.002 0.002 0.002 0.002 0.001 0.001 0.001 0.001 0.001 0.001 0.001 0.001 0.002 0.002 0.003 0.003 0.003 0.003 0.002 0.002 0.001 0.000 0.000 0.000 0.000 0.000 0.000 0.000 0.000 0.000 0.000 0.000 0.000 0.000 0.000 0.000 0.000 0.000 0.000 0.000 0.000 0.000 0.000 0.000 0.000 0.000 0.000 0.000 0.000 0.000 0.000 0.000 0.000 0.000 0.000 0.000
0.071 0.066 0.065 0.067 0.072 0.074 0.069 0.055 0.042 0.035 0.032 0.029 0.026 0.022 0.017 0.014 0.012 0.010 0.008 0.006 0.004 0.003 0.003 0.002 0.002 0.002 0.002 0.002 0.002 0.002 0.002 0.002 0.003 0.003 0.004 0.006 0.007 0.007 0.007 0.006 0.004 0.002 0.001 0.000 0.000 0.000 0.000 0.000 0.000 0.000 0.000 0.000 0.000 0.000 0.000 0.000 0.000 0.000 0.000 0.000 0.000 0.000 0.000 0.000 0.000 0.000 0.000 0.000 0.000 0.000 0.000 0.000 0.000 0.000 0.000 0.000 0.000
0.065 0.058 0.055 0.056 0.060 0.062 0.059 0.047 0.035 0.030 0.028 0.027 0.027 0.026 0.023 0.020 0.018 0.015 0.012 0.009 0.007 0.005 0.004 0.003 0.003 0.003 0.003 0.003 0.003 0.004 0.005 0.006 0.007 0.008 0.011 0.015 0.018 0.018 0.016 0.011 0.007 0.003 0.001 0.000 0.000 0.000 0.000 0.000 0.000 0.000 0.000 0.000 0.000 0.000 0.000 0.000 0.000 0.000 0.000 0.000 0.000 0.000 0.000 0.000 0.000 0.000 0.000 0.000 0.000 0.000 0.000 0.000 0.000 0.000 0.000 0.000 0.000
0.063 0.055 0.052 0.053 0.056 0.060 0.058 0.048 0.037 0.032 0.031 0.033 0.036 0.037 0.037 0.034 0.030 0.024 0.019 0.014 0.010 0.008 0.007 0.006 0.005 0.005 0.006 0.007 0.009 0.012 0.014 0.017 0.020 0.024 0.030 0.037 0.039 0.035 0.025 0.015 0.009 0.005 0.002 0.001 0.000 0.000 0.000 0.000 0.000 0.000 0.000 0.000 0.000 0.000 0.000 0.000 0.000 0.000 0.000 0.000 0.000 0.000 0.000 0.000 0.000 0.000 0.000 0.000 0.000 0.000 0.000 0.000 0.000 0.000 0.000 0.000 0.000
0.061 0.054 0.052 0.052 0.055 0.061 0.061 0.055 0.046 0.044 0.045 0.050 0.057 0.061 0.062 0.058 0.051 0.042 0.033 0.025 0.019 0.016 0.014 0.013 0.013 0.014 0.018 0.025 0.035 0.043 0.050 0.057 0.063 0.070 0.077 0.079 0.069 0.049 0.030 0.018 0.010 0.005 0.002 0.001 0.000 0.000 0.000 0.000 0.000 0.000 0.000 0.000 0.000 0.000 0.000 0.000 0.000 0.000 0.000 0.000 0.000 0.000 0.000 0.000 0.000 0.000 0.000 0.000 0.000 0.000 0.000 0.000 0.000 0.000 0.000 0.000 0.000
0.062 0.055 0.052 0.052 0.056 0.066 0.072 0.071 0.068 0.070 0.075 0.084 0.095 0.102 0.105 0.102 0.094 0.083 0.068 0.053 0.043 0.038 0.036 0.036 0.039 0.049 0.068 0.098 0.129 0.152 0.168 0.176 0.178 0.173 0.155 0.124 0.086 0.053 0.032 0.019 0.011 0.006 0.003 0.001 0.000 0.000 0.000 0.000 0.000 0.000 0.000 0.000 0.000 0.000 0.000 0.000 0.000 0.000 0.000 0.000 0.000 0.000 0.000 0.000 0.000 0.000 0.000 0.000 0.000 0.000 0.000 0.000 0.000 0.000 0.000 0.000 0.000
0.064 0.058 0.055 0.056 0.060 0.074 0.094 0.102 0.106 0.113 0.124 0.138 0.152 0.166 0.183 0.196 0.195 0.185 0.163 0.133 0.114 0.106 0.106 0.116 0.140 0.185 0.259 0.342 0.404 0.434 0.429 0.390 0.334 0.271 0.205 0.141 0.090 0.055 0.033 0.020 0.011 0.006 0.003 0.001 0.000 0.000 0.000 0.000 0.000 0.000 0.000 0.000 0.000 0.000 0.000 0.000 0.000 0.000 0.000 0.000 0.000 0.000 0.000 0.000 0.000 0.000 0.000 0.000 0.000 0.000 0.000 0.000 0.000 0.000 0.000 0.000 0.000
0.068 0.063 0.061 0.062 0.066 0.082 0.114 0.140 0.156 0.173 0.192 0.213 0.235 0.270 0.333 0.399 0.427 0.426 0.397 0.346 0.319 0.315 0.335 0.388 0.477 0.609 0.756 0.853 0.876 0.799 0.660 0.523 0.406 0.303 0.214 0.142 0.089 0.055 0.034 0.020 0.012 0.006 0.003 0.001 0.000 0.000 0.000 0.000 0.000 0.000 0.000 0.000 0.000 0.000 0.000 0.000 0.000 0.000 0.000 0.000 0.000 0.000 0.000 0.000 0.000 0.000 0.000 0.000 0.000 0.000 0.000 0.000 0.000 0.000 0.000 0.000 0.000
0.076 0.072 0.070 0.071 0.074 0.088 0.123 0.171 0.212 0.248 0.285 0.322 0.370 0.453 0.611 0.768 0.844 0.860 0.839 0.802 0.796 0.830 0.903 1.012 1.157 1.289 1.352 1.314 1.180 0.957 0.728 0.551 0.412 0.300 0.208 0.137 0.087 0.055 0.033 0.020 0.012 0.006 0.003 0.001 0.000 0.000 0.000 0.000 0.000 0.000 0.000 0.000 0.000 0.000 0.000 0.000 0.000 0.000 0.000 0.000 0.000 0.000 0.000 0.000 0.000 0.000 0.000 0.000 0.000 0.000 0.000 0.000 0.000 0.000 0.000 0.000 0.000
0.085 0.080 0.078 0.078 0.080 0.093 0.131 0.200 0.280 0.351 0.420 0.495 0.591 0.749 0.987 1.166 1.244 1.267 1.272 1.285 1.337 1.418 1.496 1.573 1.647 1.678 1.626 1.478 1.246 0.967 0.727 0.541 0.397 0.283 0.194 0.129 0.084 0.053 0.033 0.020 0.011 0.006 0.003 0.001 0.000 0.000 0.000 0.000 0.000 0.000 0.000 0.000 0.000 0.000 0.000 0.000 0.000 0.000 0.000 0.000 0.000 0.000 0.000 0.000 0.000 0.000 0.000 0.000 0.000 0.000 0.000 0.000 0.000 0.000 0.000 0.000 0.000
0.090 0.084 0.082 0.082 0.085 0.100 0.152 0.257 0.391 0.506 0.613 0.720 0.845 1.026 1.247 1.388 1.442 1.459 1.479 1.517 1.600 1.689 1.741 1.774 1.786 1.759 1.659 1.476 1.223 0.938 0.700 0.514 0.369 0.260 0.179 0.120 0.079 0.051 0.032 0.019 0.011 0.006 0.003 0.001 0.000 0.000 0.000 0.000 0.000 0.000 0.000 0.000 0.000 0.000 0.000 0.000 0.000 0.000 0.000 0.000 0.000 0.000 0.000 0.000 0.000 0.000 0.000 0.000 0.000 0.000 0.000 0.000 0.000 0.000 0.000 0.000 0.000
0.092 0.085 0.083 0.084 0.091 0.126 0.219 0.383 0.542 0.659 0.763 0.872 1.004 1.181 1.355 1.457 1.497 1.515 1.537 1.576 1.648 1.724 1.762 1.773 1.765 1.714 1.597 1.410 1.157 0.880 0.651 0.472 0.335 0.234 0.162 0.111 0.074 0.048 0.030 0.018 0.011 0.006 0.003 0.001 0.000 0.000 0.000 0.000 0.000 0.000 0.000 0.000 0.000 0.000 0.000 0.000 0.000 0.000 0.000 0.000 0.000 0.000 0.000 0.000 0.000 0.000 0.000 0.000 0.000 0.000 0.000 0.000 0.000 0.000 0.000 0.000 0.000
0.089 0.081 0.078 0.082 0.110 0.191 0.343 0.519 0.644 0.738 0.830 0.935 1.065 1.229 1.371 1.458 1.501 1.526 1.550 1.584 1.637 1.685 1.704 1.699 1.669 1.597 1.472 1.288 1.047 0.793 0.584 0.420 0.297 0.208 0.144 0.099 0.067 0.044 0.028 0.017 0.010 0.005 0.002 0.001 0.000 0.000 0.000 0.000 0.000 0.000 0.000 0.000 0.000 0.000 0.000 0.000 0.000 0.000 0.000 0.000 0.000 0.000 0.000 0.000 0.000 0.000 0.000 0.000 0.000 0.000 0.000 0.000 0.000 0.000 0.000 0.000 0.000
0.072 0.062 0.062 0.082 0.147 0.272 0.437 0.576 0.673 0.755 0.842 0.944 1.071 1.227 1.357 1.441 1.491 1.524 1.550 1.576 1.603 1.616 1.609 1.583 1.527 1.435 1.299 1.121 0.903 0.686 0.507 0.366 0.259 0.180 0.123 0.083 0.055 0.036 0.023 0.014 0.008 0.004 0.002 0.001 0.000 0.000 0.000 0.000 0.000 0.000 0.000 0.000 0.000 0.000 0.000 0.000 0.000 0.000 0.000 0.000 0.000 0.000 0.000 0.000 0.000 0.000 0.000 0.000 0.000 0.000 0.000 0.000 0.000 0.000 0.000 0.000 0.000
0.040 0.037 0.050 0.093 0.182 0.315 0.464 0.577 0.665 0.748 0.836 0.936 1.056 1.198 1.317 1.404 1.466 1.508 1.533 1.546 1.550 1.539 1.508 1.452 1.366 1.245 1.093 0.921 0.741 0.572 0.428 0.311 0.217 0.145 0.093 0.058 0.036 0.022 0.014 0.008 0.005 0.002 0.001 0.000 0.000 0.000 0.000 0.000 0.000 0.000 0.000 0.000 0.000 0.000 0.000 0.000 0.000 0.000 0.000 0.000 0.000 0.000 0.000 0.000 0.000 0.000 0.000 0.000 0.000 0.000 0.000 0.000 0.000 0.000 0.000 0.000 0.000
