RESULTS/r.avaflow_results/12_results/12_ascii/12_hflow_max0048.asc
ncols 506
nrows 317
xllcenter 498237.50
yllcenter 5580050.00
cellsize 12.50
NODATA_value -9999.000
[rows 136 to 169 of 317, columns 154 to 230 of 506]
0.000 0.000 0.000 0.000 0.000 0.000 0.000 0.000 0.000 0.000 0.000 0.000 0.000 0.000 0.000 0.000 0.000 0.000 0.000 0.000 0.000 0.000 0.000 0.000 0.000 0.000 0.000 0.000 0.000 0.000 0.000 0.000 0.000 0.000 0.000 0.000 0.000 0.000 0.000 0.000 0.000 0.000 0.000 0.000 0.000 0.000 0.000 0.000 0.000 0.000 0.000 0.000 0.000 0.000 0.000 0.000 0.000 0.000 0.000 0.000 0.000 0.000 0.000 0.000 0.000 0.000 0.000 0.000 0.000 0.000 0.000 0.000 0.000 0.000 0.000 0.000 0.000
0.000 0.000 0.000 0.000 0.000 0.000 0.000 0.000 0.000 0.000 0.000 0.000 0.000 0.000 0.000 0.000 0.000 0.000 0.000 0.000 0.000 0.000 0.000 0.000 0.000 0.000 0.000 0.000 0.000 0.000 0.000 0.000 0.000 0.000 0.000 0.000 0.000 0.000 0.000 0.000 0.000 0.000 0.000 0.000 0.000 0.000 0.000 0.000 0.000 0.000 0.000 0.000 0.000 0.000 0.000 0.000 0.000 0.000 0.000 0.000 0.000 0.000 0.000 0.000 0.000 0.000 0.000 0.000 0.000 0.000 0.000 0.000 0.000 0.000 0.000 0.000 0.000
0.000 0.000 0.000 0.000 0.000 0.000 0.000 0.000 0.000 0.000 0.000 0.000 0.000 0.000 0.000 0.000 0.000 0.000 0.000 0.000 0.000 0.000 0.000 0.000 0.000 0.000 0.000 0.000 0.000 0.000 0.000 0.000 0.000 0.000 0.000 0.000 0.000 0.000 0.000 0.000 0.000 0.000 0.000 0.000 0.000 0.000 0.000 0.000 0.000 0.000 0.000 0.000 0.000 0.000 0.000 0.000 0.000 0.000 0.000 0.000 0.000 0.000 0.000 0.000 0.000 0.000 0.000 0.000 0.000 0.000 0.000 0.000 0.000 0.000 0.000 0.000 0.000
0.000 0.000 0.000 0.000 0.000 0.000 0.000 0.000 0.000 0.000 0.000 0.000 0.000 0.000 0.000 0.000 0.000 0.000 0.000 0.000 0.000 0.000 0.000 0.000 0.000 0.000 0.000 0.000 0.000 0.000 0.000 0.000 0.000 0.000 0.000 0.000 0.000 0.000 0.000 0.000 0.000 0.000 0.000 0.000 0.000 0.000 0.000 0.000 0.000 0.000 0.000 0.000 0.000 0.000 0.000 0.000 0.000 0.000 0.000 0.000 0.000 0.000 0.000 0.000 0.000 0.000 0.000 0.000 0.000 0.000 0.000 0.000 0.000 0.000 0.000 0.000 0.000
0.000 0.000 0.000 0.000 0.000 0.000 0.000 0.000 0.000 0.000 0.000 0.000 0.000 0.000 0.000 0.000 0.000 0.000 0.000 0.000 0.000 0.000 0.000 0.000 0.000 0.000 0.000 0.000 0.000 0.000 0.000 0.000 0.000 0.000 0.000 0.000 0.000 0.000 0.000 0.000 0.000 0.000 0.000 0.000 0.000 0.000 0.000 0.000 0.000 0.000 0.000 0.000 0.000 0.000 0.000 0.000 0.000 0.000 0.000 0.000 0.000 0.000 0.000 0.000 0.000 0.000 0.000 0.000 0.000 0.000 0.000 0.000 0.000 0.000 0.000 0.000 0.000
0.000 0.000 0.000 0.000 0.000 0.000 0.000 0.000 0.000 0.000 0.000 0.000 0.000 0.000 0.000 0.000 0.000 0.000 0.000 0.000 0.000 0.000 0.000 0.000 0.000 0.000 0.000 0.000 0.000 0.000 0.000 0.000 0.000 0.000 0.000 0.000 0.000 0.000 0.000 0.000 0.000 0.000 0.000 0.000 0.000 0.000 0.000 0.000 0.000 0.000 0.000 0.000 0.000 0.000 0.000 0.000 0.000 0.000 0.000 0.000 0.000 0.000 0.000 0.000 0.000 0.000 0.000 0.000 0.000 0.000 0.000 0.000 0.000 0.000 0.000 0.000 0.000
0.000 0.000 0.000 0.000 0.000 0.000 0.000 0.000 0.000 0.000 0.000 0.000 0.000 0.000 0.000 0.000 0.000 0.000 0.000 0.000 0.000 0.000 0.000 0.000 0.000 0.000 0.000 0.000 0.000 0.000 0.000 0.000 0.000 0.000 0.000 0.000 0.000 0.000 0.000 0.000 0.000 0.000 0.000 0.000 0.000 0.000 0.000 0.000 0.000 0.000 0.000 0.000 0.000 0.000 0.000 0.000 0.000 0.000 0.000 0.000 0.000 0.000 0.000 0.000 0.000 0.000 0.000 0.000 0.000 0.000 0.000 0.000 0.000 0.000 0.000 0.000 0.000
0.000 0.000 0.000 0.000 0.000 0.000 0.000 0.000 0.000 0.000 0.000 0.000 0.000 0.000 0.000 0.000 0.000 0.000 0.000 0.000 0.000 0.000 0.000 0.000 0.000 0.000 0.000 0.000 0.000 0.000 0.000 0.000 0.000 0.000 0.000 0.000 0.000 0.000 0.000 0.000 0.000 0.000 0.000 0.000 0.000 0.000 0.000 0.000 0.000 0.000 0.000 0.000 0.000 0.000 0.000 0.000 0.000 0.000 0.000 0.000 0.000 0.000 0.000 0.000 0.000 0.000 0.000 0.000 0.000 0.000 0.000 0.000 0.000 0.000 0.000 0.000 0.000
0.000 0.000 0.000 0.000 0.000 0.000 0.000 0.000 0.000 0.000 0.000 0.000 0.000 0.000 0.000 0.000 0.000 0.000 0.000 0.000 0.000 0.000 0.000 0.000 0.000 0.000 0.000 0.000 0.000 0.000 0.000 0.000 0.000 0.000 0.000 0.000 0.000 0.000 0.000 0.000 0.000 0.000 0.000 0.000 0.000 0.000 0.000 0.000 0.000 0.000 0.000 0.000 0.000 0.000 0.000 0.000 0.000 0.000 0.000 0.000 0.000 0.000 0.000 0.000 0.000 0.000 0.000 0.000 0.000 0.000 0.000 0.000 0.000 0.000 0.000 0.000 0.000
0.000 0.000 0.000 0.000 0.000 0.000 0.000 0.000 0.000 0.000 0.000 0.000 0.000 0.000 0.000 0.000 0.000 0.000 0.000 0.000 0.000 0.000 0.000 0.000 0.000 0.000 0.000 0.000 0.000 0.000 0.000 0.000 0.000 0.000 0.000 0.000 0.000 0.000 0.000 0.000 0.000 0.000 0.000 0.000 0.000 0.000 0.000 0.000 0.000 0.000 0.000 0.000 0.000 0.000 0.000 0.000 0.000 0.000 0.000 0.000 0.000 0.000 0.000 0.000 0.000 0.000 0.000 0.000 0.000 0.000 0.000 0.000 0.000 0.000 0.000 0.000 0.000
0.001 0.001 0.000 0.000 0.000 0.000 0.000 0.000 0.000 0.000 0.000 0.000 0.000 0.000 0.000 0.000 0.000 0.000 0.000 0.000 0.000 0.000 0.000 0.000 0.000 0.000 0.000 0.000 0.000 0.000 0.000 0.000 0.000 0.000 0.000 0.000 0.000 0.000 0.000 0.000 0.000 0.000 0.000 0.000 0.000 0.000 0.000 0.000 0.000 0.000 0.000 0.000 0.000 0.000 0.000 0.000 0.000 0.000 0.000 0.000 0.000 0.000 0.000 0.000 0.000 0.000 0.000 0.000 0.000 0.000 0.000 0.000 0.000 0.000 0.000 0.000 0.000
0.003 0.003 0.002 0.002 0.002 0.002 0.001 0.001 0.001 0.001 0.000 0.000 0.000 0.000 0.000 0.000 0.000 0.000 0.000 0.000 0.000 0.000 0.000 0.000 0.000 0.000 0.000 0.000 0.000 0.000 0.000 0.000 0.000 0.000 0.000 0.000 0.000 0.000 0.000 0.000 0.000 0.000 0.000 0.000 0.000 0.000 0.000 0.000 0.000 0.000 0.000 0.000 0.000 0.000 0.000 0.000 0.000 0.000 0.000 0.000 0.000 0.000 0.000 0.000 0.000 0.000 0.000 0.000 0.000 0.000 0.000 0.000 0.000 0.000 0.000 0.000 0.000
0.008 0.007 0.006 0.005 0.004 0.004 0.003 0.003 0.002 0.002 0.001 0.001 0.001 0.000 0.000 0.000 0.000 0.000 0.000 0.000 0.000 0.000 0.000 0.000 0.000 0.000 0.000 0.000 0.000 0.000 0.000 0.000 0.000 0.000 0.000 0.000 0.000 0.000 0.000 0.000 0.000 0.000 0.000 0.000 0.000 0.000 0.000 0.000 0.000 0.001 0.001 0.001 0.001 0.001 0.001 0.001 0.000 0.000 0.000 0.000 0.000 0.000 0.000 0.000 0.000 0.000 0.000 0.000 0.000 0.000 0.000 0.000 0.000 0.000 0.000 0.000 0.000
0.015 0.012 0.011 0.010 0.008 0.007 0.006 0.006 0.005 0.004 0.003 0.003 0.002 0.001 0.001 0.001 0.000 0.000 0.000 0.000 0.000 0.000 0.000 0.000 0.000 0.000 0.000 0.000 0.000 0.000 0.000 0.000 0.000 0.000 0.000 0.000 0.000 0.000 0.000 0.000 0.000 0.000 0.000 0.000 0.000 0.000 0.001 0.002 0.002 0.003 0.003 0.003 0.003 0.003 0.003 0.003 0.003 0.002 0.002 0.002 0.002 0.002 0.002 0.002 0.002 0.002 0.001 0.001 0.001 0.001 0.001 0.001 0.001 0.000 0.000 0.000 0.000
0.032 0.026 0.021 0.018 0.016 0.014 0.012 0.010 0.008 0.007 0.006 0.005 0.004 0.003 0.003 0.002 0.002 0.001 0.001 0.000 0.000 0.000 0.000 0.000 0.000 0.000 0.000 0.000 0.000 0.000 0.000 0.000 0.000 0.000 0.000 0.000 0.000 0.000 0.000 0.000 0.000 0.000 0.000 0.001 0.002 0.002 0.003 0.004 0.006 0.006 0.007 0.007 0.007 0.007 0.007 0.006 0.006 0.006 0.005 0.005 0.005 0.005 0.005 0.004 0.004 0.004 0.004 0.003 0.003 0.003 0.003 0.003 0.003 0.002 0.002 0.002 0.001
0.080 0.065 0.054 0.045 0.037 0.030 0.024 0.020 0.016 0.013 0.011 0.009 0.007 0.006 0.005 0.004 0.004 0.003 0.002 0.002 0.001 0.001 0.000 0.000 0.000 0.000 0.000 0.000 0.000 0.000 0.000 0.000 0.000 0.000 0.000 0.000 0.000 0.000 0.000 0.000 0.000 0.001 0.002 0.003 0.004 0.005 0.007 0.009 0.011 0.012 0.013 0.013 0.013 0.013 0.013 0.012 0.012 0.012 0.012 0.012 0.012 0.011 0.011 0.011 0.010 0.009 0.008 0.008 0.008 0.007 0.007 0.006 0.006 0.005 0.005 0.004 0.003
0.219 0.180 0.149 0.124 0.100 0.079 0.060 0.045 0.034 0.026 0.021 0.017 0.014 0.011 0.009 0.008 0.007 0.005 0.004 0.003 0.003 0.002 0.001 0.001 0.000 0.000 0.000 0.000 0.000 0.000 0.000 0.000 0.000 0.000 0.000 0.000 0.000 0.000 0.000 0.001 0.002 0.003 0.004 0.006 0.008 0.010 0.012 0.015 0.018 0.022 0.025 0.026 0.026 0.026 0.025 0.024 0.024 0.024 0.024 0.024 0.024 0.023 0.023 0.021 0.020 0.018 0.017 0.016 0.015 0.014 0.013 0.012 0.012 0.010 0.009 0.007 0.005
0.567 0.483 0.411 0.343 0.278 0.215 0.161 0.117 0.084 0.062 0.046 0.036 0.028 0.022 0.018 0.014 0.012 0.010 0.008 0.006 0.005 0.004 0.003 0.002 0.002 0.001 0.001 0.000 0.000 0.000 0.000 0.000 0.000 0.000 0.000 0.000 0.001 0.001 0.002 0.003 0.005 0.006 0.008 0.011 0.013 0.017 0.021 0.026 0.033 0.041 0.047 0.051 0.052 0.052 0.050 0.049 0.050 0.051 0.051 0.051 0.050 0.049 0.047 0.044 0.040 0.036 0.033 0.031 0.029 0.027 0.026 0.024 0.022 0.019 0.015 0.012 0.009
1.280 1.149 1.012 0.863 0.704 0.548 0.413 0.302 0.217 0.157 0.116 0.085 0.066 0.051 0.040 0.031 0.025 0.019 0.015 0.012 0.009 0.007 0.005 0.004 0.003 0.002 0.002 0.002 0.002 0.002 0.002 0.002 0.002 0.002 0.002 0.002 0.003 0.003 0.005 0.007 0.009 0.011 0.014 0.018 0.023 0.029 0.037 0.048 0.061 0.077 0.091 0.101 0.106 0.106 0.105 0.108 0.112 0.115 0.117 0.117 0.116 0.112 0.106 0.098 0.087 0.079 0.073 0.067 0.063 0.059 0.055 0.052 0.048 0.040 0.030 0.020 0.014
2.454 2.293 2.088 1.830 1.530 1.213 0.935 0.702 0.520 0.384 0.286 0.217 0.164 0.127 0.100 0.077 0.060 0.045 0.033 0.024 0.017 0.012 0.009 0.007 0.006 0.005 0.004 0.004 0.004 0.004 0.004 0.004 0.004 0.004 0.005 0.005 0.006 0.007 0.009 0.012 0.015 0.019 0.024 0.031 0.041 0.052 0.068 0.087 0.112 0.139 0.165 0.188 0.204 0.213 0.217 0.225 0.238 0.254 0.269 0.276 0.275 0.269 0.254 0.229 0.203 0.184 0.170 0.158 0.147 0.138 0.129 0.121 0.110 0.091 0.063 0.040 0.026
4.125 3.942 3.653 3.250 2.750 2.220 1.770 1.402 1.100 0.856 0.666 0.520 0.411 0.321 0.256 0.198 0.150 0.111 0.079 0.054 0.037 0.025 0.018 0.013 0.010 0.008 0.008 0.007 0.007 0.007 0.007 0.008 0.008 0.008 0.009 0.009 0.011 0.012 0.015 0.019 0.024 0.032 0.043 0.056 0.073 0.094 0.122 0.157 0.201 0.241 0.278 0.316 0.354 0.383 0.406 0.428 0.460 0.506 0.558 0.595 0.609 0.606 0.582 0.534 0.478 0.439 0.409 0.382 0.356 0.332 0.311 0.288 0.257 0.208 0.139 0.085 0.052
5.905 5.654 5.210 4.631 3.994 3.372 2.829 2.380 2.003 1.678 1.396 1.156 0.951 0.771 0.611 0.475 0.356 0.261 0.183 0.123 0.082 0.054 0.036 0.025 0.017 0.013 0.012 0.012 0.012 0.012 0.012 0.012 0.013 0.013 0.014 0.015 0.017 0.020 0.025 0.032 0.043 0.058 0.078 0.102 0.132 0.168 0.214 0.271 0.334 0.389 0.439 0.490 0.549 0.613 0.673 0.731 0.804 0.899 1.006 1.085 1.124 1.129 1.109 1.056 0.990 0.941 0.901 0.862 0.818 0.770 0.719 0.657 0.577 0.460 0.303 0.181 0.108
7.370 7.034 6.439 5.695 5.018 4.451 3.974 3.553 3.170 2.829 2.527 2.245 1.948 1.633 1.307 1.011 0.760 0.555 0.392 0.268 0.180 0.120 0.079 0.053 0.035 0.024 0.018 0.018 0.018 0.018 0.019 0.019 0.020 0.021 0.022 0.024 0.028 0.034 0.044 0.058 0.079 0.106 0.142 0.184 0.233 0.290 0.356 0.433 0.506 0.572 0.636 0.702 0.776 0.866 0.974 1.090 1.205 1.315 1.408 1.466 1.496 1.509 1.505 1.481 1.448 1.432 1.433 1.459 1.499 1.493 1.442 1.346 1.192 0.955 0.641 0.379 0.220
8.469 8.087 7.418 6.587 5.933 5.433 5.023 4.651 4.301 3.982 3.692 3.393 3.061 2.694 2.289 1.860 1.433 1.053 0.757 0.534 0.372 0.256 0.173 0.116 0.078 0.052 0.036 0.028 0.029 0.029 0.030 0.031 0.032 0.034 0.036 0.041 0.048 0.060 0.079 0.106 0.145 0.195 0.255 0.325 0.398 0.474 0.556 0.639 0.718 0.795 0.873 0.961 1.066 1.198 1.343 1.471 1.574 1.641 1.668 1.665 1.662 1.667 1.673 1.669 1.664 1.675 1.711 1.796 1.941 2.052 2.081 2.042 1.932 1.687 1.253 0.758 0.430
9.030 8.688 8.158 7.378 6.745 6.289 5.895 5.523 5.168 4.832 4.499 4.159 3.819 3.481 3.129 2.733 2.285 1.799 1.358 1.002 0.733 0.525 0.367 0.253 0.175 0.119 0.083 0.059 0.047 0.049 0.050 0.051 0.053 0.057 0.062 0.071 0.085 0.108 0.145 0.197 0.266 0.351 0.449 0.550 0.644 0.732 0.813 0.888 0.964 1.050 1.166 1.312 1.460 1.601 1.736 1.841 1.891 1.886 1.840 1.787 1.762 1.756 1.759 1.766 1.781 1.814 1.875 1.967 2.189 2.430 2.541 2.548 2.467 2.258 1.892 1.330 0.790
9.350 9.052 8.603 7.949 7.363 6.920 6.501 6.104 5.716 5.312 4.936 4.573 4.285 4.040 3.774 3.461 3.111 2.714 2.266 1.812 1.390 1.038 0.750 0.539 0.390 0.276 0.198 0.144 0.105 0.084 0.085 0.088 0.091 0.097 0.107 0.124 0.153 0.201 0.270 0.365 0.482 0.617 0.756 0.876 0.966 1.030 1.082 1.141 1.224 1.367 1.568 1.738 1.877 2.001 2.099 2.143 2.114 2.037 1.945 1.890 1.859 1.837 1.825 1.823 1.832 1.864 1.910 2.028 2.278 2.619 2.836 2.901 2.867 2.683 2.321 1.885 1.300
10.192 9.410 8.815 8.296 7.802 7.354 6.900 6.470 6.059 5.646 5.196 4.808 4.562 4.420 4.273 4.091 3.867 3.596 3.260 2.852 2.391 1.914 1.473 1.112 0.838 0.626 0.467 0.347 0.259 0.192 0.150 0.153 0.158 0.168 0.186 0.221 0.280 0.371 0.497 0.656 0.840 1.018 1.156 1.239 1.278 1.307 1.347 1.414 1.555 1.797 1.994 2.137 2.258 2.352 2.386 2.340 2.233 2.136 2.033 1.969 1.912 1.872 1.843 1.825 1.824 1.837 1.868 1.998 2.267 2.688 3.000 3.116 3.109 2.958 2.680 2.248 1.731
11.200 10.247 9.441 8.765 8.182 7.627 7.075 6.599 6.178 5.736 5.230 4.863 4.686 4.653 4.642 4.603 4.517 4.364 4.129 3.815 3.439 3.023 2.569 2.120 1.718 1.358 1.046 0.796 0.595 0.440 0.323 0.271 0.278 0.295 0.333 0.401 0.512 0.673 0.884 1.118 1.330 1.469 1.538 1.563 1.571 1.597 1.655 1.784 2.000 2.213 2.375 2.492 2.576 2.612 2.560 2.447 2.332 2.201 2.107 2.030 1.956 1.885 1.830 1.792 1.772 1.763 1.762 1.889 2.166 2.632 3.047 3.230 3.255 3.151 2.900 2.475 1.986
12.174 11.028 10.038 9.184 8.464 7.827 7.208 6.624 6.174 5.708 5.211 4.849 4.737 4.816 4.938 5.014 5.034 4.990 4.868 4.676 4.433 4.142 3.788 3.366 2.908 2.444 2.009 1.609 1.246 0.922 0.673 0.489 0.492 0.527 0.600 0.728 0.922 1.176 1.440 1.653 1.795 1.866 1.888 1.884 1.900 1.952 2.080 2.277 2.439 2.585 2.718 2.807 2.842 2.786 2.675 2.555 2.388 2.245 2.132 2.037 1.946 1.857 1.775 1.703 1.646 1.603 1.657 1.764 1.998 2.431 2.940 3.221 3.280 3.251 3.026 2.597 2.115
12.831 11.522 10.419 9.474 8.698 8.036 7.414 6.821 6.301 5.858 5.488 5.155 4.880 5.005 5.217 5.369 5.467 5.508 5.502 5.446 5.337 5.165 4.895 4.502 4.020 3.512 3.017 2.559 2.118 1.689 1.286 0.943 0.865 0.929 1.061 1.267 1.518 1.770 1.967 2.103 2.182 2.220 2.237 2.257 2.306 2.413 2.594 2.755 2.870 2.959 3.020 3.039 2.981 2.890 2.765 2.576 2.381 2.221 2.084 1.967 1.856 1.747 1.643 1.548 1.458 1.455 1.513 1.597 1.755 2.130 2.650 3.052 3.234 3.242 3.067 2.663 2.177
13.646 12.277 11.236 10.409 9.730 9.125 8.553 8.003 7.506 7.085 6.745 6.448 6.151 5.839 5.541 5.688 5.841 5.987 6.085 6.137 6.143 6.062 5.839 5.459 4.969 4.438 3.921 3.442 2.990 2.555 2.123 1.698 1.454 1.541 1.659 1.803 2.017 2.230 2.379 2.463 2.513 2.561 2.623 2.703 2.805 2.950 3.104 3.209 3.258 3.246 3.201 3.125 3.058 2.935 2.745 2.512 2.300 2.109 1.938 1.786 1.652 1.527 1.413 1.305 1.272 1.289 1.316 1.365 1.473 1.719 2.215 2.725 3.045 3.136 3.026 2.682 2.218
15.535 14.296 13.263 12.454 11.740 11.004 10.289 9.669 9.145 8.702 8.337 8.002 7.642 7.212 6.684 6.085 6.222 6.434 6.667 6.846 6.913 6.853 6.615 6.200 5.687 5.153 4.651 4.189 3.769 3.372 2.987 2.620 2.270 2.045 2.074 2.158 2.378 2.577 2.691 2.767 2.833 2.919 3.053 3.214 3.349 3.453 3.528 3.545 3.486 3.378 3.284 3.186 3.048 2.869 2.631 2.380 2.136 1.905 1.695 1.511 1.352 1.216 1.095 1.056 1.057 1.050 1.049 1.066 1.124 1.286 1.673 2.267 2.716 2.914 2.893 2.653 2.247
18.320 17.325 16.420 15.608 14.788 13.887 13.012 12.283 11.680 11.155 10.688 10.217 9.679 9.052 8.350 7.566 6.832 6.995 7.246 7.448 7.527 7.438 7.157 6.717 6.218 5.675 5.168 4.764 4.404 4.067 3.753 3.467 3.212 2.999 2.804 2.635 2.653 2.862 2.997 3.085 3.168 3.280 3.461 3.656 3.778 3.829 3.808 3.712 3.598 3.470 3.311 3.131 2.942 2.707 2.431 2.139 1.858 1.599 1.368 1.170 1.006 0.868 0.774 0.774 0.768 0.754 0.744 0.743 0.768 0.864 1.167 1.752 2.284 2.612 2.675 2.557 2.260
21.741 20.930 20.165 19.392 18.580 17.711 16.840 16.028 15.304 14.630 13.972 13.313 12.627 11.885 11.063 10.093 8.968 8.031 8.107 8.191 8.135 7.922 7.539 7.123 6.587 6.032 5.570 5.199 4.910 4.639 4.387 4.173 3.997 3.865 3.759 3.656 3.566 3.482 3.397 3.383 3.475 3.599 3.789 3.947 4.036 4.049 3.954 3.828 3.669 3.464 3.238 2.986 2.700 2.378 2.047 1.719 1.418 1.160 0.946 0.778 0.645 0.540 0.501 0.493 0.485 0.479 0.479 0.484 0.508 0.597 0.933 1.263 1.854 2.248 2.411 2.396 2.230
