RESULTS/r.avaflow_results/12_results/12_ascii/12_hflow0052.asc
ncols 506
nrows 317
xllcenter 498237.50
yllcenter 5580050.00
cellsize 12.50
NODATA_value -9999.000
[rows 170 to 203 of 317, columns 77 to 153 of 506]
0.000 0.000 0.000 0.000 0.000 0.001 0.002 0.004 0.006 0.009 0.013 0.018 0.027 0.041 0.062 0.089 0.116 0.142 0.168 0.194 0.223 0.262 0.323 0.421 0.542 0.625 0.652 0.650 0.635 0.610 0.573 0.524 0.462 0.400 0.356 0.330 0.321 0.325 0.351 0.417 0.544 0.764 1.137 1.735 2.551 3.418 4.194 4.951 5.761 6.683 7.745 8.915 10.038 10.949 11.525 11.814 11.983 12.149 12.362 12.622 12.952 13.310 13.610 13.833 13.990 13.977 13.831 13.648 13.397 13.067 12.697 12.350 12.058 11.821 11.615 11.407 11.170
0.000 0.000 0.000 0.000 0.001 0.003 0.006 0.010 0.015 0.021 0.030 0.044 0.066 0.099 0.142 0.189 0.235 0.280 0.323 0.367 0.416 0.482 0.577 0.698 0.801 0.846 0.850 0.838 0.812 0.773 0.720 0.649 0.563 0.494 0.452 0.435 0.435 0.461 0.540 0.711 1.010 1.473 2.154 3.091 4.198 5.211 6.108 6.999 7.912 8.828 9.742 10.627 11.377 11.899 12.167 12.287 12.357 12.452 12.601 12.816 13.091 13.382 13.634 13.841 13.988 13.956 13.778 13.562 13.317 13.067 12.851 12.718 12.685 12.753 12.889 13.058 13.251
0.000 0.000 0.000 0.001 0.003 0.007 0.012 0.019 0.029 0.041 0.060 0.088 0.131 0.188 0.257 0.330 0.402 0.469 0.536 0.605 0.682 0.783 0.905 1.006 1.055 1.065 1.058 1.037 1.002 0.950 0.879 0.782 0.679 0.606 0.570 0.563 0.581 0.655 0.845 1.218 1.811 2.628 3.678 4.960 6.228 7.268 8.151 9.003 9.831 10.607 11.300 11.863 12.246 12.443 12.491 12.483 12.478 12.523 12.634 12.824 13.070 13.332 13.570 13.770 13.897 13.842 13.636 13.429 13.264 13.173 13.179 13.296 13.511 13.805 14.189 14.713 15.444
0.000 0.000 0.000 0.001 0.005 0.010 0.018 0.028 0.043 0.063 0.091 0.133 0.191 0.266 0.356 0.459 0.574 0.687 0.788 0.887 0.994 1.108 1.208 1.267 1.286 1.286 1.274 1.248 1.205 1.141 1.051 0.928 0.810 0.738 0.712 0.715 0.764 0.926 1.313 2.010 3.030 4.317 5.732 7.139 8.306 9.219 9.997 10.728 11.390 11.963 12.420 12.705 12.822 12.799 12.678 12.554 12.498 12.513 12.598 12.754 12.963 13.193 13.410 13.591 13.688 13.621 13.436 13.307 13.275 13.353 13.520 13.763 14.081 14.489 15.037 15.825 16.951
0.000 0.000 0.000 0.002 0.006 0.012 0.021 0.034 0.052 0.077 0.111 0.160 0.227 0.315 0.423 0.555 0.713 0.888 1.041 1.171 1.290 1.393 1.469 1.507 1.517 1.514 1.502 1.473 1.423 1.347 1.238 1.092 0.959 0.881 0.856 0.863 0.938 1.193 1.808 2.890 4.428 6.209 7.789 9.082 10.106 10.915 11.575 12.136 12.592 12.937 13.167 13.255 13.199 13.011 12.755 12.569 12.477 12.464 12.508 12.622 12.781 12.966 13.143 13.290 13.364 13.330 13.225 13.196 13.271 13.433 13.666 13.962 14.331 14.816 15.487 16.438 17.741
0.000 0.000 0.000 0.002 0.006 0.013 0.023 0.036 0.056 0.083 0.121 0.174 0.247 0.344 0.468 0.624 0.816 1.047 1.265 1.434 1.565 1.663 1.725 1.752 1.759 1.757 1.744 1.714 1.658 1.571 1.445 1.277 1.119 1.021 0.982 0.987 1.068 1.363 2.108 3.454 5.414 7.641 9.398 10.698 11.656 12.365 12.866 13.222 13.475 13.625 13.675 13.611 13.415 13.107 12.774 12.543 12.411 12.359 12.362 12.425 12.526 12.656 12.786 12.891 12.960 12.986 12.984 13.053 13.212 13.415 13.667 13.978 14.365 14.885 15.618 16.627 17.942
0.000 0.000 0.000 0.002 0.006 0.013 0.023 0.037 0.057 0.084 0.124 0.179 0.256 0.360 0.496 0.667 0.882 1.150 1.445 1.673 1.829 1.932 1.990 2.015 2.021 2.019 2.006 1.974 1.914 1.816 1.675 1.484 1.289 1.156 1.095 1.091 1.163 1.453 2.223 3.694 5.937 8.603 10.648 12.051 12.979 13.563 13.876 14.042 14.129 14.128 14.035 13.826 13.515 13.126 12.762 12.486 12.299 12.197 12.164 12.173 12.217 12.284 12.356 12.422 12.493 12.567 12.642 12.782 12.989 13.217 13.478 13.794 14.187 14.724 15.488 16.512 17.809
0.000 0.000 0.000 0.002 0.006 0.013 0.023 0.037 0.056 0.084 0.123 0.179 0.259 0.367 0.509 0.688 0.916 1.204 1.557 1.874 2.085 2.208 2.274 2.303 2.310 2.308 2.294 2.259 2.193 2.085 1.928 1.712 1.470 1.292 1.198 1.180 1.232 1.489 2.230 3.724 6.103 9.163 11.584 13.153 14.063 14.500 14.641 14.679 14.632 14.492 14.259 13.935 13.541 13.108 12.721 12.400 12.158 12.001 11.918 11.875 11.869 11.871 11.882 11.903 11.949 12.021 12.118 12.281 12.492 12.712 12.960 13.259 13.637 14.169 14.944 15.984 17.277
0.000 0.000 0.000 0.002 0.006 0.012 0.022 0.035 0.053 0.080 0.118 0.175 0.257 0.368 0.512 0.695 0.927 1.222 1.598 2.016 2.329 2.503 2.587 2.623 2.633 2.631 2.615 2.574 2.499 2.377 2.201 1.960 1.669 1.435 1.297 1.255 1.283 1.497 2.173 3.644 6.076 9.380 12.203 13.979 14.875 15.179 15.215 15.160 14.987 14.715 14.370 13.967 13.525 13.068 12.651 12.293 12.006 11.792 11.641 11.535 11.464 11.395 11.342 11.299 11.291 11.316 11.379 11.515 11.689 11.868 12.079 12.346 12.704 13.227 14.000 15.046 16.347
0.000 0.000 0.000 0.002 0.005 0.011 0.019 0.030 0.046 0.069 0.105 0.160 0.243 0.358 0.507 0.693 0.927 1.224 1.601 2.075 2.527 2.813 2.942 2.986 2.997 2.995 2.975 2.925 2.835 2.695 2.496 2.228 1.891 1.594 1.402 1.322 1.325 1.476 2.039 3.414 5.877 9.347 12.492 14.497 15.420 15.639 15.616 15.458 15.177 14.815 14.399 13.954 13.484 13.003 12.558 12.165 11.839 11.572 11.352 11.170 11.014 10.864 10.729 10.606 10.515 10.454 10.435 10.492 10.597 10.720 10.887 11.128 11.489 12.036 12.818 13.852 15.140
0.000 0.000 0.000 0.001 0.004 0.008 0.014 0.022 0.033 0.051 0.080 0.129 0.206 0.321 0.474 0.668 0.907 1.206 1.585 2.064 2.620 3.072 3.314 3.392 3.404 3.399 3.374 3.314 3.206 3.042 2.815 2.517 2.140 1.778 1.523 1.391 1.365 1.446 1.857 3.051 5.465 9.104 12.518 14.696 15.708 15.890 15.815 15.583 15.232 14.829 14.385 13.908 13.416 12.917 12.447 12.020 11.651 11.335 11.058 10.810 10.577 10.347 10.130 9.917 9.731 9.572 9.467 9.437 9.470 9.551 9.687 9.904 10.252 10.783 11.533 12.519 13.741
0.000 0.000 0.000 0.001 0.002 0.005 0.008 0.013 0.019 0.029 0.047 0.080 0.140 0.240 0.385 0.578 0.820 1.119 1.495 1.976 2.579 3.192 3.603 3.767 3.793 3.787 3.758 3.691 3.574 3.397 3.151 2.829 2.422 1.999 1.676 1.480 1.415 1.447 1.718 2.657 4.871 8.561 12.291 14.664 15.780 15.980 15.866 15.598 15.221 14.801 14.328 13.829 13.321 12.807 12.318 11.865 11.459 11.096 10.765 10.458 10.160 9.859 9.559 9.261 8.985 8.755 8.602 8.522 8.507 8.550 8.653 8.835 9.134 9.582 10.215 11.068 12.155
0.000 0.000 0.000 0.000 0.001 0.002 0.004 0.006 0.009 0.014 0.022 0.038 0.070 0.130 0.236 0.397 0.615 0.890 1.242 1.713 2.356 3.130 3.742 4.056 4.125 4.120 4.089 4.019 3.900 3.725 3.480 3.154 2.739 2.270 1.880 1.617 1.496 1.491 1.664 2.366 4.241 7.732 11.744 14.378 15.665 15.943 15.834 15.544 15.142 14.696 14.196 13.684 13.169 12.664 12.177 11.710 11.269 10.860 10.480 10.127 9.771 9.408 9.039 8.663 8.318 8.042 7.846 7.725 7.671 7.670 7.729 7.862 8.091 8.429 8.907 9.566 10.438
0.000 0.000 0.000 0.000 0.000 0.001 0.002 0.003 0.004 0.006 0.010 0.016 0.029 0.056 0.107 0.195 0.330 0.524 0.804 1.228 1.887 2.833 3.706 4.214 4.383 4.389 4.359 4.291 4.181 4.018 3.790 3.485 3.087 2.604 2.160 1.835 1.653 1.609 1.709 2.222 3.736 6.818 10.931 13.798 15.262 15.674 15.621 15.350 14.949 14.480 13.969 13.462 12.967 12.485 12.014 11.546 11.087 10.647 10.227 9.822 9.420 9.008 8.587 8.158 7.771 7.454 7.215 7.045 6.940 6.888 6.889 6.955 7.098 7.326 7.666 8.156 8.827
0.000 0.000 0.000 0.000 0.000 0.000 0.001 0.001 0.002 0.003 0.004 0.007 0.012 0.023 0.044 0.082 0.147 0.248 0.412 0.705 1.271 2.276 3.480 4.235 4.541 4.587 4.565 4.510 4.414 4.274 4.080 3.816 3.462 3.008 2.534 2.164 1.928 1.838 1.873 2.238 3.434 6.022 9.912 12.924 14.519 15.066 15.108 14.927 14.580 14.122 13.609 13.111 12.663 12.234 11.804 11.356 10.902 10.449 10.001 9.555 9.110 8.655 8.192 7.728 7.314 6.963 6.680 6.460 6.298 6.186 6.119 6.104 6.154 6.284 6.511 6.859 7.338
0.000 0.000 0.000 0.000 0.000 0.000 0.000 0.000 0.001 0.001 0.002 0.003 0.006 0.011 0.021 0.039 0.069 0.121 0.211 0.390 0.788 1.646 2.994 4.066 4.578 4.712 4.711 4.672 4.599 4.491 4.339 4.128 3.845 3.468 3.014 2.627 2.361 2.230 2.219 2.438 3.345 5.435 8.785 11.758 13.435 14.115 14.248 14.172 13.943 13.562 13.090 12.606 12.202 11.838 11.483 11.106 10.701 10.258 9.795 9.321 8.836 8.342 7.842 7.355 6.918 6.539 6.218 5.945 5.722 5.545 5.409 5.313 5.277 5.319 5.451 5.664 5.935
0.000 0.000 0.000 0.000 0.000 0.000 0.000 0.000 0.000 0.000 0.001 0.002 0.004 0.008 0.015 0.027 0.048 0.081 0.138 0.250 0.508 1.123 2.308 3.648 4.443 4.752 4.801 4.784 4.741 4.668 4.559 4.402 4.188 3.906 3.551 3.220 2.976 2.829 2.788 2.897 3.527 5.102 7.745 10.406 12.058 12.839 13.067 13.079 12.987 12.753 12.387 11.939 11.545 11.250 10.992 10.719 10.418 10.039 9.588 9.095 8.583 8.062 7.534 7.025 6.566 6.159 5.804 5.484 5.201 4.957 4.752 4.588 4.477 4.438 4.475 4.544 4.589
0.000 0.000 0.000 0.000 0.000 0.000 0.000 0.000 0.000 0.000 0.000 0.001 0.004 0.008 0.015 0.027 0.046 0.076 0.125 0.210 0.383 0.785 1.636 2.958 4.082 4.660 4.838 4.858 4.843 4.805 4.737 4.628 4.472 4.265 4.008 3.791 3.643 3.560 3.534 3.579 3.944 5.022 6.964 9.163 10.627 11.371 11.648 11.738 11.753 11.681 11.472 11.123 10.734 10.490 10.330 10.165 9.981 9.717 9.331 8.853 8.335 7.797 7.259 6.731 6.239 5.803 5.417 5.058 4.723 4.416 4.147 3.920 3.743 3.618 3.532 3.429 3.259
0.000 0.000 0.000 0.000 0.000 0.000 0.000 0.000 0.000 0.000 0.000 0.001 0.004 0.009 0.018 0.032 0.053 0.085 0.133 0.213 0.350 0.616 1.172 2.186 3.465 4.376 4.780 4.892 4.913 4.905 4.873 4.806 4.698 4.545 4.359 4.222 4.143 4.115 4.119 4.182 4.437 5.138 6.456 8.188 9.448 10.121 10.399 10.508 10.537 10.519 10.423 10.204 9.883 9.640 9.533 9.464 9.372 9.219 8.944 8.536 8.053 7.530 6.998 6.458 5.928 5.458 5.043 4.650 4.272 3.909 3.581 3.294 3.042 2.804 2.556 2.272 1.945
0.000 0.000 0.000 0.000 0.000 0.000 0.000 0.000 0.000 0.000 0.001 0.002 0.006 0.015 0.029 0.050 0.080 0.119 0.172 0.247 0.367 0.566 0.927 1.607 2.721 3.872 4.560 4.851 4.947 4.975 4.972 4.940 4.869 4.752 4.613 4.521 4.478 4.469 4.486 4.560 4.755 5.221 6.120 7.434 8.507 9.112 9.381 9.493 9.530 9.527 9.485 9.354 9.138 8.891 8.732 8.662 8.611 8.526 8.352 8.051 7.646 7.171 6.664 6.134 5.594 5.103 4.660 4.238 3.822 3.408 3.014 2.647 2.290 1.922 1.552 1.213 0.927
0.000 0.000 0.000 0.000 0.000 0.000 0.000 0.000 0.000 0.000 0.001 0.004 0.012 0.026 0.052 0.091 0.138 0.192 0.252 0.327 0.430 0.590 0.850 1.310 2.116 3.228 4.135 4.654 4.902 5.005 5.036 5.030 4.987 4.895 4.781 4.708 4.679 4.671 4.689 4.754 4.905 5.226 5.849 6.805 7.713 8.267 8.534 8.650 8.690 8.692 8.674 8.594 8.448 8.232 8.028 7.880 7.777 7.686 7.550 7.323 6.996 6.581 6.099 5.586 5.072 4.588 4.128 3.679 3.226 2.763 2.300 1.847 1.419 1.052 0.763 0.543 0.385
0.000 0.000 0.000 0.000 0.000 0.000 0.000 0.000 0.000 0.001 0.003 0.008 0.021 0.048 0.096 0.163 0.238 0.310 0.381 0.459 0.552 0.678 0.877 1.217 1.797 2.665 3.585 4.273 4.717 4.957 5.058 5.079 5.056 4.982 4.875 4.806 4.777 4.772 4.782 4.831 4.945 5.169 5.571 6.219 6.974 7.507 7.790 7.918 7.964 7.973 7.958 7.899 7.779 7.591 7.364 7.147 6.950 6.773 6.598 6.382 6.090 5.713 5.254 4.744 4.234 3.746 3.264 2.786 2.299 1.809 1.351 0.963 0.668 0.458 0.312 0.214 0.151
0.000 0.000 0.000 0.000 0.000 0.000 0.000 0.000 0.000 0.001 0.004 0.013 0.034 0.082 0.165 0.278 0.385 0.474 0.558 0.643 0.736 0.845 0.996 1.254 1.697 2.346 3.127 3.832 4.401 4.795 5.007 5.083 5.079 5.017 4.913 4.842 4.813 4.806 4.809 4.844 4.926 5.059 5.273 5.664 6.245 6.771 7.092 7.253 7.313 7.321 7.303 7.244 7.123 6.940 6.702 6.432 6.154 5.874 5.596 5.309 4.985 4.594 4.125 3.587 3.041 2.527 2.037 1.578 1.171 0.830 0.565 0.376 0.248 0.166 0.115 0.082 0.060
0.000 0.000 0.000 0.000 0.000 0.000 0.000 0.000 0.000 0.001 0.005 0.015 0.041 0.105 0.223 0.399 0.565 0.680 0.780 0.880 0.982 1.091 1.219 1.410 1.744 2.251 2.882 3.519 4.085 4.550 4.867 5.026 5.059 5.015 4.920 4.848 4.817 4.808 4.806 4.822 4.854 4.889 4.947 5.120 5.501 6.000 6.388 6.605 6.695 6.706 6.682 6.612 6.481 6.285 6.027 5.716 5.365 4.989 4.597 4.192 3.756 3.276 2.761 2.244 1.765 1.341 0.978 0.680 0.452 0.290 0.185 0.120 0.082 0.059 0.044 0.033 0.027
0.000 0.000 0.000 0.000 0.000 0.000 0.000 0.000 0.000 0.001 0.005 0.015 0.043 0.110 0.245 0.463 0.725 0.914 1.045 1.167 1.286 1.405 1.532 1.689 1.927 2.307 2.824 3.385 3.883 4.317 4.668 4.893 4.976 4.965 4.902 4.837 4.802 4.787 4.771 4.755 4.726 4.655 4.568 4.575 4.741 5.121 5.576 5.889 6.041 6.078 6.058 5.980 5.829 5.592 5.267 4.878 4.444 3.974 3.470 2.951 2.448 1.990 1.572 1.193 0.862 0.589 0.381 0.237 0.144 0.088 0.057 0.039 0.029 0.023 0.019 0.016 0.015
0.000 0.000 0.000 0.000 0.000 0.000 0.000 0.000 0.001 0.002 0.005 0.015 0.041 0.107 0.245 0.478 0.816 1.142 1.355 1.508 1.648 1.782 1.916 2.061 2.242 2.507 2.893 3.371 3.804 4.168 4.473 4.701 4.826 4.848 4.827 4.785 4.750 4.725 4.689 4.637 4.547 4.388 4.170 4.040 4.034 4.185 4.537 4.919 5.145 5.234 5.239 5.163 4.963 4.623 4.150 3.613 3.073 2.548 2.056 1.642 1.299 1.001 0.741 0.521 0.344 0.215 0.128 0.074 0.043 0.027 0.019 0.015 0.012 0.011 0.010 0.010 0.009
0.000 0.000 0.000 0.000 0.001 0.001 0.001 0.002 0.002 0.003 0.005 0.013 0.036 0.095 0.227 0.468 0.841 1.310 1.679 1.908 2.073 2.220 2.361 2.499 2.649 2.834 3.090 3.435 3.795 4.092 4.329 4.508 4.627 4.675 4.684 4.668 4.642 4.608 4.554 4.470 4.335 4.128 3.840 3.576 3.431 3.388 3.469 3.658 3.829 3.911 3.918 3.824 3.557 3.102 2.515 1.979 1.551 1.202 0.924 0.708 0.536 0.393 0.276 0.184 0.117 0.069 0.039 0.022 0.014 0.009 0.008 0.007 0.007 0.007 0.007 0.007 0.007
0.000 0.000 0.001 0.001 0.002 0.003 0.003 0.003 0.003 0.004 0.005 0.010 0.026 0.073 0.190 0.432 0.827 1.392 1.949 2.317 2.549 2.719 2.863 2.993 3.117 3.243 3.391 3.593 3.843 4.054 4.216 4.336 4.420 4.468 4.486 4.485 4.470 4.433 4.366 4.262 4.102 3.871 3.560 3.209 2.942 2.760 2.643 2.561 2.495 2.411 2.309 2.155 1.901 1.536 1.143 0.836 0.607 0.439 0.318 0.234 0.172 0.124 0.087 0.057 0.035 0.020 0.011 0.007 0.005 0.004 0.004 0.004 0.004 0.004 0.005 0.005 0.005
0.001 0.002 0.002 0.003 0.004 0.004 0.005 0.004 0.004 0.004 0.005 0.008 0.017 0.050 0.145 0.373 0.787 1.401 2.117 2.645 2.980 3.203 3.360 3.478 3.573 3.656 3.736 3.826 3.938 4.038 4.114 4.171 4.212 4.239 4.249 4.249 4.238 4.204 4.133 4.018 3.848 3.610 3.296 2.912 2.560 2.273 2.025 1.797 1.585 1.389 1.207 1.029 0.829 0.610 0.424 0.291 0.200 0.138 0.097 0.070 0.051 0.036 0.025 0.016 0.010 0.006 0.003 0.002 0.002 0.002 0.002 0.002 0.003 0.003 0.004 0.004 0.004
0.004 0.004 0.005 0.006 0.006 0.006 0.006 0.006 0.005 0.005 0.005 0.007 0.014 0.038 0.113 0.314 0.724 1.365 2.177 2.852 3.313 3.612 3.793 3.900 3.965 4.007 4.032 4.043 4.043 4.034 4.022 4.011 3.998 3.986 3.976 3.971 3.961 3.931 3.864 3.750 3.578 3.341 3.032 2.648 2.242 1.886 1.567 1.278 1.022 0.802 0.618 0.462 0.329 0.222 0.146 0.096 0.063 0.042 0.029 0.020 0.014 0.010 0.007 0.004 0.003 0.002 0.001 0.001 0.001 0.001 0.001 0.002 0.002 0.002 0.003 0.003 0.003
0.008 0.008 0.008 0.008 0.008 0.008 0.007 0.007 0.006 0.006 0.006 0.007 0.012 0.031 0.091 0.262 0.647 1.288 2.141 2.930 3.519 3.920 4.148 4.251 4.286 4.290 4.263 4.199 4.110 4.018 3.934 3.852 3.772 3.706 3.665 3.648 3.638 3.614 3.557 3.454 3.292 3.066 2.768 2.390 1.955 1.558 1.213 0.916 0.671 0.474 0.324 0.212 0.134 0.082 0.051 0.031 0.020 0.012 0.008 0.006 0.004 0.003 0.002 0.001 0.001 0.001 0.001 0.001 0.001 0.001 0.001 0.001 0.001 0.001 0.002 0.002 0.003
0.013 0.012 0.012 0.011 0.010 0.009 0.008 0.008 0.007 0.007 0.007 0.008 0.012 0.027 0.073 0.212 0.552 1.156 2.008 2.894 3.587 4.090 4.391 4.510 4.525 4.496 4.417 4.292 4.140 3.989 3.844 3.697 3.543 3.403 3.301 3.244 3.219 3.195 3.150 3.066 2.930 2.734 2.464 2.108 1.671 1.256 0.917 0.645 0.435 0.279 0.171 0.100 0.057 0.032 0.018 0.010 0.006 0.004 0.002 0.002 0.001 0.001 0.001 0.001 0.000 0.000 0.000 0.000 0.000 0.001 0.000 0.001 0.001 0.001 0.001 0.001 0.002
0.019 0.018 0.016 0.014 0.012 0.011 0.010 0.009 0.009 0.009 0.010 0.011 0.015 0.024 0.054 0.152 0.416 0.932 1.716 2.666 3.499 4.103 4.474 4.634 4.653 4.604 4.490 4.328 4.143 3.951 3.753 3.542 3.314 3.075 2.869 2.725 2.643 2.588 2.533 2.459 2.358 2.218 2.018 1.731 1.347 0.954 0.650 0.428 0.268 0.158 0.089 0.047 0.024 0.012 0.006 0.003 0.002 0.001 0.001 0.001 0.000 0.000 0.000 0.000 0.000 0.000 0.000 0.000 0.001 0.001 0.001 0.000 0.000 0.000 0.001 0.001 0.001
0.025 0.023 0.020 0.017 0.014 0.012 0.011 0.011 0.011 0.012 0.013 0.016 0.018 0.023 0.036 0.084 0.230 0.574 1.189 2.068 3.037 3.813 4.320 4.573 4.635 4.598 4.483 4.313 4.111 3.886 3.636 3.359 3.051 2.704 2.363 2.088 1.895 1.770 1.676 1.598 1.525 1.449 1.348 1.184 0.931 0.636 0.412 0.255 0.150 0.083 0.044 0.022 0.010 0.005 0.002 0.001 0.001 0.000 0.000 0.000 0.000 0.000 0.000 0.000 0.000 0.000 0.000 0.001 0.001 0.001 0.001 0.000 0.000 0.000 0.000 0.000 0.001
