RESULTS/r.avaflow_results/12_results/12_ascii/12_hflow30030.asc
ncols 506
nrows 317
xllcenter 498237.50
yllcenter 5580050.00
cellsize 12.50
NODATA_value -9999.000
[rows 136 to 169 of 317, columns 154 to 230 of 506]
0.000 0.000 0.000 0.000 0.000 0.000 0.000 0.000 0.000 0.000 0.000 0.000 0.000 0.000 0.000 0.000 0.000 0.000 0.000 0.000 0.000 0.000 0.000 0.000 0.000 0.000 0.000 0.000 0.000 0.000 0.000 0.000 0.000 0.000 0.000 0.000 0.000 0.000 0.000 0.000 0.000 0.000 0.000 0.000 0.000 0.000 0.000 0.000 0.000 0.000 0.000 0.000 0.000 0.000 0.000 0.000 0.000 0.000 0.000 0.000 0.000 0.000 0.000 0.000 0.000 0.000 0.000 0.000 0.000 0.000 0.000 0.000 0.000 0.000 0.000 0.000 0.000
0.000 0.000 0.000 0.000 0.000 0.000 0.000 0.000 0.000 0.000 0.000 0.000 0.000 0.000 0.000 0.000 0.000 0.000 0.000 0.000 0.000 0.000 0.000 0.000 0.000 0.000 0.000 0.000 0.000 0.000 0.000 0.000 0.000 0.000 0.000 0.000 0.000 0.000 0.000 0.000 0.000 0.000 0.000 0.000 0.000 0.000 0.000 0.000 0.000 0.000 0.000 0.000 0.000 0.000 0.000 0.000 0.000 0.000 0.000 0.000 0.000 0.000 0.000 0.000 0.000 0.000 0.000 0.000 0.000 0.000 0.000 0.000 0.000 0.000 0.000 0.000 0.000
0.000 0.000 0.000 0.000 0.000 0.000 0.000 0.000 0.000 0.000 0.000 0.000 0.000 0.000 0.000 0.000 0.000 0.000 0.000 0.000 0.000 0.000 0.000 0.000 0.000 0.000 0.000 0.000 0.000 0.000 0.000 0.000 0.000 0.000 0.000 0.000 0.000 0.000 0.000 0.000 0.000 0.000 0.000 0.000 0.000 0.000 0.000 0.000 0.000 0.000 0.000 0.000 0.000 0.000 0.000 0.000 0.000 0.000 0.000 0.000 0.000 0.000 0.000 0.000 0.000 0.000 0.000 0.000 0.000 0.000 0.000 0.000 0.000 0.000 0.000 0.000 0.000
0.000 0.000 0.000 0.000 0.000 0.000 0.000 0.000 0.000 0.000 0.000 0.000 0.000 0.000 0.000 0.000 0.000 0.000 0.000 0.000 0.000 0.000 0.000 0.000 0.000 0.000 0.000 0.000 0.000 0.000 0.000 0.000 0.000 0.000 0.000 0.000 0.000 0.000 0.000 0.000 0.000 0.000 0.000 0.000 0.000 0.000 0.000 0.000 0.000 0.000 0.000 0.000 0.000 0.000 0.000 0.000 0.000 0.000 0.000 0.000 0.000 0.000 0.000 0.000 0.000 0.000 0.000 0.000 0.000 0.000 0.000 0.000 0.000 0.000 0.000 0.000 0.000
0.000 0.000 0.000 0.000 0.000 0.000 0.000 0.000 0.000 0.000 0.000 0.000 0.000 0.000 0.000 0.000 0.000 0.000 0.000 0.000 0.000 0.000 0.000 0.000 0.000 0.000 0.000 0.000 0.000 0.000 0.000 0.000 0.000 0.000 0.000 0.000 0.000 0.000 0.000 0.000 0.000 0.000 0.000 0.000 0.000 0.000 0.000 0.000 0.000 0.000 0.000 0.000 0.000 0.000 0.000 0.000 0.000 0.000 0.000 0.000 0.000 0.000 0.000 0.000 0.000 0.000 0.000 0.000 0.000 0.000 0.000 0.000 0.000 0.000 0.000 0.000 0.000
0.000 0.000 0.000 0.000 0.000 0.000 0.000 0.000 0.000 0.000 0.000 0.000 0.000 0.000 0.000 0.000 0.000 0.000 0.000 0.000 0.000 0.000 0.000 0.000 0.000 0.000 0.000 0.000 0.000 0.000 0.000 0.000 0.000 0.000 0.000 0.000 0.000 0.000 0.000 0.000 0.000 0.000 0.000 0.000 0.000 0.000 0.000 0.000 0.000 0.000 0.000 0.000 0.000 0.000 0.000 0.000 0.000 0.000 0.000 0.000 0.000 0.000 0.000 0.000 0.000 0.000 0.000 0.000 0.000 0.000 0.000 0.000 0.000 0.000 0.000 0.000 0.000
0.000 0.000 0.000 0.000 0.000 0.000 0.000 0.000 0.000 0.000 0.000 0.000 0.000 0.000 0.000 0.000 0.000 0.000 0.000 0.000 0.000 0.000 0.000 0.000 0.000 0.000 0.000 0.000 0.000 0.000 0.000 0.000 0.000 0.000 0.000 0.000 0.000 0.000 0.000 0.000 0.000 0.000 0.000 0.000 0.000 0.000 0.000 0.000 0.000 0.000 0.000 0.000 0.000 0.000 0.000 0.000 0.000 0.000 0.000 0.000 0.000 0.000 0.000 0.000 0.000 0.000 0.000 0.000 0.000 0.000 0.000 0.000 0.000 0.000 0.000 0.000 0.000
0.000 0.000 0.000 0.000 0.000 0.000 0.000 0.000 0.000 0.000 0.000 0.000 0.000 0.000 0.000 0.000 0.000 0.000 0.000 0.000 0.000 0.000 0.000 0.000 0.000 0.000 0.000 0.000 0.000 0.000 0.000 0.000 0.000 0.000 0.000 0.000 0.000 0.000 0.000 0.000 0.000 0.000 0.000 0.000 0.000 0.000 0.000 0.000 0.000 0.000 0.000 0.000 0.000 0.000 0.000 0.000 0.000 0.000 0.000 0.000 0.000 0.000 0.000 0.000 0.000 0.000 0.000 0.000 0.000 0.000 0.000 0.000 0.000 0.000 0.000 0.000 0.000
0.000 0.000 0.000 0.000 0.000 0.000 0.000 0.000 0.000 0.000 0.000 0.000 0.000 0.000 0.000 0.000 0.000 0.000 0.000 0.000 0.000 0.000 0.000 0.000 0.000 0.000 0.000 0.000 0.000 0.000 0.000 0.000 0.000 0.000 0.000 0.000 0.000 0.000 0.000 0.000 0.000 0.000 0.000 0.000 0.000 0.000 0.000 0.000 0.000 0.000 0.000 0.000 0.000 0.000 0.000 0.000 0.000 0.000 0.000 0.000 0.000 0.000 0.000 0.000 0.000 0.000 0.000 0.000 0.000 0.000 0.000 0.000 0.000 0.000 0.000 0.000 0.000
0.000 0.000 0.000 0.000 0.000 0.000 0.000 0.000 0.000 0.000 0.000 0.000 0.000 0.000 0.000 0.000 0.000 0.000 0.000 0.000 0.000 0.000 0.000 0.000 0.000 0.000 0.000 0.000 0.000 0.000 0.000 0.000 0.000 0.000 0.000 0.000 0.000 0.000 0.000 0.000 0.000 0.000 0.000 0.000 0.000 0.000 0.000 0.000 0.000 0.000 0.000 0.000 0.000 0.000 0.000 0.000 0.000 0.000 0.000 0.000 0.000 0.000 0.000 0.000 0.000 0.000 0.000 0.000 0.000 0.000 0.000 0.000 0.000 0.000 0.000 0.000 0.000
0.000 0.000 0.000 0.000 0.000 0.000 0.000 0.000 0.000 0.000 0.000 0.000 0.000 0.000 0.000 0.000 0.000 0.000 0.000 0.000 0.000 0.000 0.000 0.000 0.000 0.000 0.000 0.000 0.000 0.000 0.000 0.000 0.000 0.000 0.000 0.000 0.000 0.000 0.000 0.000 0.000 0.000 0.000 0.000 0.000 0.000 0.000 0.000 0.000 0.000 0.000 0.000 0.000 0.000 0.000 0.000 0.000 0.000 0.000 0.000 0.000 0.000 0.000 0.000 0.000 0.000 0.000 0.000 0.000 0.000 0.000 0.000 0.000 0.000 0.000 0.000 0.000
0.000 0.000 0.000 0.000 0.000 0.000 0.000 0.000 0.000 0.000 0.000 0.000 0.000 0.000 0.000 0.000 0.000 0.000 0.000 0.000 0.000 0.000 0.000 0.000 0.000 0.000 0.000 0.000 0.000 0.000 0.000 0.000 0.000 0.000 0.000 0.000 0.000 0.000 0.000 0.000 0.000 0.000 0.000 0.000 0.000 0.000 0.000 0.000 0.000 0.000 0.000 0.000 0.000 0.000 0.000 0.000 0.000 0.000 0.000 0.000 0.000 0.000 0.000 0.000 0.000 0.000 0.000 0.000 0.000 0.000 0.000 0.000 0.000 0.000 0.000 0.000 0.000
0.000 0.000 0.000 0.000 0.000 0.000 0.000 0.000 0.000 0.000 0.000 0.000 0.000 0.000 0.000 0.000 0.000 0.000 0.000 0.000 0.000 0.000 0.000 0.000 0.000 0.000 0.000 0.000 0.000 0.000 0.000 0.000 0.000 0.000 0.000 0.000 0.000 0.000 0.000 0.000 0.000 0.000 0.000 0.000 0.000 0.000 0.000 0.000 0.000 0.000 0.000 0.000 0.000 0.000 0.000 0.000 0.000 0.000 0.000 0.000 0.000 0.000 0.000 0.000 0.000 0.000 0.000 0.000 0.000 0.000 0.000 0.000 0.000 0.000 0.000 0.000 0.000
0.001 0.000 0.000 0.000 0.000 0.000 0.000 0.000 0.000 0.000 0.000 0.000 0.000 0.000 0.000 0.000 0.000 0.000 0.000 0.000 0.000 0.000 0.000 0.000 0.000 0.000 0.000 0.000 0.000 0.000 0.000 0.000 0.000 0.000 0.000 0.000 0.000 0.000 0.000 0.000 0.000 0.000 0.000 0.000 0.000 0.000 0.000 0.000 0.001 0.001 0.001 0.001 0.001 0.001 0.001 0.001 0.001 0.001 0.001 0.001 0.001 0.001 0.001 0.001 0.001 0.001 0.001 0.001 0.001 0.000 0.000 0.000 0.000 0.000 0.000 0.000 0.000
0.001 0.001 0.001 0.001 0.001 0.001 0.001 0.000 0.000 0.000 0.000 0.000 0.000 0.000 0.000 0.000 0.000 0.000 0.000 0.000 0.000 0.000 0.000 0.000 0.000 0.000 0.000 0.000 0.000 0.000 0.000 0.000 0.000 0.000 0.000 0.000 0.000 0.000 0.000 0.000 0.000 0.000 0.000 0.000 0.000 0.001 0.001 0.001 0.002 0.002 0.002 0.002 0.002 0.002 0.002 0.002 0.002 0.002 0.002 0.002 0.002 0.002 0.002 0.002 0.002 0.002 0.002 0.002 0.002 0.002 0.001 0.001 0.001 0.001 0.000 0.000 0.000
0.003 0.002 0.002 0.002 0.002 0.001 0.001 0.001 0.001 0.001 0.001 0.001 0.001 0.000 0.000 0.000 0.000 0.000 0.000 0.000 0.000 0.000 0.000 0.000 0.000 0.000 0.000 0.000 0.000 0.000 0.000 0.000 0.000 0.000 0.000 0.000 0.000 0.000 0.000 0.000 0.000 0.000 0.000 0.001 0.001 0.002 0.003 0.003 0.004 0.004 0.004 0.004 0.004 0.004 0.004 0.004 0.004 0.004 0.004 0.004 0.004 0.004 0.003 0.003 0.003 0.003 0.003 0.003 0.003 0.003 0.003 0.003 0.002 0.002 0.001 0.001 0.001
0.004 0.004 0.003 0.003 0.003 0.002 0.002 0.002 0.002 0.002 0.002 0.001 0.001 0.001 0.001 0.001 0.001 0.001 0.001 0.001 0.001 0.001 0.000 0.000 0.000 0.000 0.000 0.000 0.000 0.000 0.000 0.000 0.000 0.000 0.000 0.000 0.000 0.000 0.000 0.000 0.000 0.001 0.001 0.002 0.003 0.004 0.005 0.006 0.006 0.007 0.007 0.007 0.007 0.007 0.007 0.007 0.007 0.007 0.006 0.006 0.006 0.006 0.006 0.006 0.006 0.006 0.006 0.006 0.005 0.005 0.005 0.005 0.004 0.003 0.003 0.002 0.002
0.006 0.005 0.005 0.004 0.004 0.004 0.003 0.003 0.003 0.003 0.003 0.003 0.002 0.002 0.002 0.002 0.002 0.002 0.002 0.002 0.001 0.001 0.001 0.001 0.001 0.000 0.000 0.000 0.000 0.000 0.000 0.000 0.000 0.000 0.000 0.000 0.000 0.000 0.000 0.001 0.001 0.002 0.003 0.004 0.005 0.006 0.008 0.009 0.010 0.010 0.011 0.011 0.011 0.011 0.011 0.011 0.010 0.010 0.010 0.009 0.009 0.009 0.009 0.009 0.009 0.009 0.009 0.009 0.008 0.008 0.008 0.007 0.006 0.006 0.005 0.004 0.003
0.008 0.008 0.007 0.006 0.006 0.005 0.005 0.005 0.004 0.004 0.004 0.004 0.004 0.004 0.004 0.003 0.003 0.003 0.003 0.003 0.003 0.002 0.002 0.002 0.001 0.001 0.001 0.001 0.001 0.001 0.001 0.001 0.001 0.001 0.001 0.001 0.001 0.001 0.001 0.002 0.003 0.004 0.005 0.006 0.008 0.010 0.012 0.013 0.014 0.015 0.016 0.016 0.016 0.016 0.016 0.015 0.015 0.014 0.014 0.014 0.013 0.013 0.013 0.013 0.013 0.013 0.013 0.013 0.012 0.012 0.011 0.011 0.009 0.008 0.007 0.006 0.005
0.012 0.010 0.009 0.008 0.008 0.007 0.007 0.006 0.006 0.006 0.006 0.006 0.006 0.005 0.005 0.005 0.005 0.005 0.005 0.004 0.004 0.004 0.003 0.003 0.003 0.002 0.002 0.002 0.002 0.002 0.002 0.002 0.002 0.002 0.002 0.002 0.002 0.003 0.003 0.004 0.005 0.007 0.008 0.010 0.012 0.014 0.016 0.018 0.020 0.021 0.022 0.022 0.023 0.022 0.022 0.022 0.021 0.020 0.020 0.019 0.019 0.018 0.018 0.018 0.018 0.018 0.018 0.018 0.018 0.017 0.016 0.015 0.013 0.011 0.010 0.008 0.007
0.016 0.014 0.012 0.011 0.010 0.009 0.009 0.008 0.008 0.008 0.008 0.008 0.007 0.007 0.007 0.007 0.007 0.007 0.006 0.006 0.006 0.006 0.005 0.005 0.004 0.004 0.004 0.003 0.003 0.003 0.003 0.003 0.003 0.003 0.004 0.004 0.004 0.005 0.006 0.007 0.008 0.010 0.012 0.014 0.016 0.019 0.022 0.025 0.027 0.029 0.030 0.031 0.032 0.032 0.032 0.031 0.030 0.029 0.029 0.028 0.027 0.026 0.025 0.025 0.025 0.026 0.027 0.027 0.027 0.026 0.024 0.021 0.017 0.015 0.013 0.011 0.010
0.024 0.020 0.017 0.015 0.013 0.012 0.011 0.011 0.011 0.010 0.010 0.010 0.010 0.010 0.009 0.009 0.009 0.009 0.009 0.008 0.008 0.008 0.007 0.007 0.006 0.006 0.006 0.005 0.005 0.005 0.005 0.005 0.006 0.006 0.006 0.006 0.007 0.008 0.009 0.010 0.012 0.014 0.016 0.018 0.021 0.025 0.029 0.033 0.037 0.039 0.041 0.043 0.044 0.045 0.045 0.045 0.044 0.043 0.043 0.042 0.041 0.039 0.038 0.037 0.038 0.039 0.041 0.042 0.042 0.041 0.037 0.030 0.024 0.019 0.016 0.014 0.012
0.040 0.030 0.024 0.020 0.018 0.016 0.015 0.014 0.013 0.013 0.013 0.013 0.013 0.012 0.012 0.012 0.012 0.011 0.011 0.011 0.010 0.010 0.010 0.009 0.009 0.008 0.008 0.008 0.008 0.008 0.008 0.008 0.008 0.009 0.009 0.010 0.010 0.012 0.013 0.014 0.016 0.018 0.021 0.024 0.027 0.031 0.037 0.043 0.048 0.052 0.055 0.058 0.062 0.065 0.066 0.067 0.067 0.067 0.067 0.067 0.066 0.063 0.061 0.060 0.060 0.062 0.067 0.070 0.071 0.069 0.062 0.047 0.034 0.026 0.021 0.018 0.015
0.079 0.054 0.039 0.031 0.025 0.022 0.020 0.018 0.017 0.017 0.017 0.016 0.016 0.016 0.016 0.015 0.015 0.015 0.014 0.014 0.013 0.013 0.012 0.012 0.011 0.011 0.011 0.011 0.011 0.011 0.011 0.011 0.012 0.012 0.013 0.014 0.015 0.016 0.017 0.019 0.021 0.024 0.027 0.031 0.035 0.040 0.046 0.054 0.061 0.067 0.073 0.079 0.086 0.093 0.099 0.102 0.104 0.106 0.109 0.110 0.110 0.108 0.106 0.104 0.105 0.108 0.119 0.129 0.132 0.129 0.114 0.082 0.052 0.036 0.027 0.022 0.019
0.175 0.114 0.076 0.054 0.041 0.033 0.028 0.025 0.023 0.022 0.022 0.021 0.021 0.021 0.020 0.020 0.019 0.019 0.018 0.018 0.017 0.017 0.016 0.015 0.015 0.015 0.015 0.015 0.015 0.015 0.015 0.015 0.016 0.016 0.017 0.018 0.019 0.021 0.023 0.025 0.028 0.031 0.035 0.039 0.044 0.050 0.058 0.066 0.076 0.085 0.095 0.107 0.120 0.136 0.149 0.159 0.167 0.174 0.181 0.187 0.192 0.194 0.194 0.194 0.196 0.205 0.231 0.256 0.264 0.260 0.229 0.159 0.092 0.055 0.037 0.028 0.023
0.397 0.260 0.168 0.111 0.078 0.058 0.046 0.038 0.034 0.032 0.030 0.029 0.029 0.028 0.027 0.026 0.025 0.024 0.024 0.023 0.022 0.021 0.020 0.019 0.019 0.019 0.019 0.019 0.019 0.019 0.019 0.020 0.020 0.021 0.022 0.024 0.025 0.027 0.030 0.033 0.036 0.041 0.045 0.051 0.057 0.064 0.073 0.083 0.096 0.111 0.128 0.149 0.175 0.204 0.230 0.252 0.270 0.285 0.300 0.316 0.332 0.346 0.357 0.367 0.379 0.405 0.463 0.528 0.547 0.536 0.475 0.333 0.180 0.096 0.056 0.038 0.029
0.820 0.566 0.377 0.247 0.165 0.115 0.084 0.066 0.055 0.049 0.045 0.043 0.042 0.041 0.040 0.038 0.036 0.034 0.033 0.032 0.030 0.028 0.026 0.025 0.025 0.024 0.024 0.024 0.024 0.024 0.024 0.025 0.026 0.027 0.028 0.030 0.033 0.036 0.040 0.044 0.049 0.054 0.061 0.068 0.076 0.085 0.096 0.109 0.127 0.150 0.181 0.220 0.267 0.317 0.361 0.398 0.428 0.453 0.475 0.497 0.519 0.541 0.562 0.586 0.615 0.661 0.746 0.875 0.974 0.993 0.917 0.688 0.373 0.182 0.094 0.056 0.039
1.479 1.085 0.768 0.526 0.354 0.240 0.170 0.128 0.101 0.086 0.077 0.072 0.070 0.067 0.064 0.060 0.056 0.053 0.050 0.047 0.044 0.040 0.036 0.034 0.032 0.032 0.031 0.031 0.031 0.031 0.031 0.032 0.033 0.034 0.037 0.040 0.043 0.048 0.054 0.060 0.068 0.076 0.085 0.095 0.106 0.118 0.132 0.151 0.177 0.215 0.269 0.340 0.423 0.498 0.552 0.583 0.600 0.612 0.624 0.637 0.653 0.670 0.691 0.718 0.754 0.806 0.892 1.041 1.227 1.323 1.318 1.145 0.734 0.349 0.165 0.087 0.054
2.364 1.819 1.362 0.988 0.697 0.487 0.348 0.260 0.204 0.170 0.149 0.138 0.131 0.125 0.118 0.109 0.100 0.093 0.086 0.079 0.071 0.061 0.053 0.047 0.044 0.042 0.041 0.041 0.040 0.040 0.040 0.041 0.042 0.045 0.049 0.054 0.061 0.068 0.077 0.088 0.100 0.113 0.126 0.140 0.155 0.171 0.191 0.220 0.261 0.324 0.419 0.533 0.625 0.679 0.701 0.702 0.694 0.691 0.695 0.702 0.712 0.724 0.739 0.762 0.794 0.842 0.921 1.066 1.289 1.447 1.494 1.426 1.123 0.629 0.287 0.139 0.079
3.347 2.698 2.129 1.637 1.232 0.916 0.687 0.532 0.429 0.363 0.322 0.295 0.277 0.261 0.242 0.219 0.197 0.179 0.163 0.146 0.127 0.105 0.087 0.073 0.065 0.061 0.058 0.057 0.056 0.056 0.056 0.056 0.059 0.064 0.071 0.081 0.091 0.104 0.120 0.139 0.160 0.180 0.199 0.218 0.237 0.260 0.291 0.336 0.402 0.498 0.611 0.702 0.751 0.766 0.759 0.735 0.711 0.702 0.703 0.709 0.717 0.725 0.737 0.755 0.782 0.822 0.889 1.018 1.244 1.448 1.526 1.519 1.360 0.933 0.464 0.220 0.118
4.295 3.628 3.016 2.464 1.986 1.590 1.279 1.051 0.893 0.788 0.718 0.667 0.625 0.583 0.531 0.467 0.413 0.369 0.329 0.288 0.243 0.194 0.154 0.125 0.106 0.095 0.089 0.086 0.085 0.085 0.085 0.087 0.092 0.102 0.115 0.132 0.152 0.177 0.208 0.241 0.273 0.302 0.328 0.353 0.378 0.409 0.457 0.521 0.591 0.663 0.728 0.768 0.782 0.779 0.759 0.720 0.684 0.666 0.662 0.665 0.671 0.678 0.688 0.700 0.716 0.740 0.783 0.878 1.081 1.347 1.491 1.514 1.444 1.164 0.680 0.332 0.174
5.254 4.613 4.032 3.496 3.004 2.575 2.223 1.953 1.762 1.635 1.546 1.471 1.396 1.301 1.172 1.013 0.876 0.769 0.674 0.577 0.473 0.371 0.287 0.225 0.185 0.163 0.151 0.146 0.143 0.143 0.145 0.152 0.164 0.183 0.206 0.233 0.270 0.321 0.377 0.426 0.469 0.507 0.539 0.568 0.595 0.626 0.664 0.695 0.716 0.735 0.756 0.769 0.768 0.751 0.710 0.650 0.598 0.565 0.552 0.549 0.551 0.558 0.567 0.576 0.582 0.589 0.603 0.653 0.803 1.100 1.359 1.450 1.432 1.274 0.891 0.473 0.250
6.320 5.778 5.291 4.835 4.390 3.980 3.643 3.391 3.212 3.090 2.997 2.909 2.806 2.652 2.421 2.123 1.819 1.562 1.334 1.115 0.897 0.695 0.530 0.407 0.328 0.284 0.262 0.254 0.252 0.254 0.263 0.283 0.310 0.342 0.378 0.421 0.484 0.569 0.642 0.691 0.722 0.744 0.762 0.776 0.785 0.790 0.788 0.772 0.752 0.738 0.732 0.719 0.692 0.647 0.579 0.500 0.437 0.396 0.377 0.372 0.373 0.378 0.386 0.393 0.396 0.399 0.408 0.441 0.541 0.783 1.126 1.321 1.361 1.293 1.041 0.639 0.348
7.660 7.321 7.001 6.682 6.350 6.024 5.756 5.555 5.400 5.280 5.175 5.070 4.942 4.743 4.430 3.997 3.486 2.972 2.490 2.040 1.621 1.249 0.944 0.717 0.565 0.477 0.435 0.421 0.421 0.431 0.463 0.514 0.562 0.604 0.644 0.687 0.743 0.814 0.859 0.879 0.885 0.883 0.882 0.879 0.871 0.853 0.821 0.777 0.730 0.684 0.635 0.580 0.513 0.438 0.365 0.306 0.269 0.249 0.242 0.241 0.242 0.244 0.247 0.251 0.255 0.260 0.270 0.298 0.372 0.543 0.865 1.141 1.243 1.236 1.109 0.809 0.477
