RESULTS/r.avaflow_results/12_results/12_ascii/12_hflow10036.asc
ncols 506
nrows 317
xllcenter 498237.50
yllcenter 5580050.00
cellsize 12.50
NODATA_value -9999.000
[rows 170 to 203 of 317, columns 77 to 153 of 506]
0.000 0.000 0.000 0.000 0.000 0.000 0.000 0.001 0.001 0.002 0.004 0.006 0.009 0.015 0.023 0.033 0.045 0.057 0.071 0.088 0.110 0.146 0.208 0.311 0.466 0.621 0.724 0.793 0.842 0.875 0.892 0.897 0.895 0.883 0.856 0.823 0.799 0.789 0.793 0.813 0.858 0.959 1.190 1.648 2.350 3.141 3.842 4.514 5.224 6.055 7.060 8.197 9.281 10.113 10.556 10.673 10.636 10.555 10.446 10.302 10.118 9.850 9.430 8.847 8.134 7.324 6.500 5.756 5.089 4.491 3.959 3.488 3.075 2.712 2.390 2.105 1.852
0.000 0.000 0.000 0.000 0.000 0.000 0.001 0.002 0.004 0.006 0.010 0.016 0.025 0.038 0.055 0.075 0.097 0.121 0.148 0.181 0.223 0.286 0.384 0.527 0.706 0.853 0.950 1.018 1.066 1.094 1.106 1.108 1.102 1.084 1.055 1.035 1.029 1.045 1.089 1.175 1.336 1.627 2.131 2.915 3.934 4.885 5.703 6.516 7.372 8.246 9.121 9.969 10.656 11.079 11.208 11.150 11.021 10.860 10.687 10.488 10.245 9.915 9.455 8.872 8.171 7.372 6.549 5.807 5.144 4.553 4.032 3.574 3.171 2.817 2.506 2.230 1.988
0.000 0.000 0.000 0.000 0.000 0.001 0.002 0.005 0.009 0.014 0.022 0.034 0.052 0.077 0.106 0.138 0.173 0.213 0.260 0.316 0.387 0.485 0.623 0.801 0.975 1.103 1.196 1.264 1.308 1.332 1.340 1.340 1.331 1.307 1.287 1.284 1.304 1.363 1.484 1.714 2.111 2.716 3.580 4.720 5.937 6.930 7.765 8.580 9.367 10.108 10.757 11.261 11.562 11.650 11.559 11.373 11.174 10.962 10.741 10.507 10.240 9.898 9.442 8.867 8.180 7.395 6.579 5.840 5.185 4.604 4.091 3.638 3.241 2.893 2.589 2.323 2.090
0.000 0.000 0.000 0.000 0.000 0.001 0.004 0.009 0.016 0.025 0.039 0.059 0.087 0.124 0.167 0.215 0.268 0.329 0.401 0.487 0.594 0.732 0.909 1.100 1.256 1.375 1.466 1.531 1.572 1.591 1.597 1.594 1.578 1.552 1.546 1.558 1.613 1.747 2.013 2.503 3.273 4.321 5.604 6.956 8.112 8.984 9.710 10.398 11.014 11.552 11.952 12.158 12.175 12.025 11.758 11.476 11.229 10.983 10.741 10.483 10.200 9.852 9.406 8.845 8.179 7.405 6.597 5.864 5.214 4.636 4.127 3.678 3.284 2.940 2.641 2.382 2.156
0.000 0.000 0.000 0.000 0.000 0.002 0.005 0.012 0.020 0.033 0.051 0.077 0.113 0.160 0.218 0.287 0.368 0.459 0.562 0.682 0.829 1.007 1.214 1.405 1.556 1.674 1.763 1.823 1.858 1.872 1.875 1.868 1.841 1.802 1.790 1.804 1.879 2.090 2.559 3.412 4.680 6.264 7.790 9.058 10.050 10.805 11.404 11.904 12.310 12.611 12.768 12.752 12.570 12.234 11.847 11.523 11.247 10.985 10.727 10.447 10.147 9.790 9.350 8.805 8.159 7.406 6.605 5.876 5.227 4.651 4.143 3.696 3.305 2.965 2.669 2.413 2.189
0.000 0.000 0.000 0.000 0.000 0.002 0.006 0.013 0.023 0.037 0.058 0.087 0.129 0.185 0.257 0.347 0.456 0.586 0.734 0.900 1.090 1.311 1.537 1.729 1.882 2.001 2.087 2.142 2.169 2.177 2.175 2.159 2.115 2.042 2.005 2.011 2.088 2.336 2.931 4.047 5.719 7.793 9.520 10.795 11.722 12.382 12.815 13.091 13.283 13.374 13.320 13.122 12.778 12.326 11.891 11.537 11.240 10.974 10.702 10.410 10.093 9.720 9.276 8.746 8.118 7.396 6.606 5.877 5.229 4.653 4.146 3.700 3.311 2.972 2.680 2.425 2.200
0.000 0.000 0.000 0.000 0.000 0.002 0.006 0.013 0.023 0.038 0.060 0.092 0.137 0.200 0.284 0.391 0.525 0.691 0.890 1.123 1.382 1.647 1.885 2.085 2.243 2.360 2.440 2.486 2.506 2.508 2.500 2.469 2.398 2.279 2.201 2.191 2.256 2.503 3.129 4.366 6.310 8.811 10.843 12.234 13.138 13.681 13.934 14.012 14.013 13.920 13.684 13.320 12.862 12.364 11.920 11.538 11.216 10.936 10.662 10.366 10.034 9.649 9.197 8.670 8.061 7.364 6.592 5.864 5.217 4.643 4.137 3.693 3.306 2.970 2.679 2.426 2.200
0.000 0.000 0.000 0.000 0.000 0.002 0.006 0.013 0.023 0.038 0.060 0.092 0.140 0.207 0.298 0.417 0.571 0.767 1.014 1.315 1.665 1.996 2.266 2.480 2.641 2.753 2.823 2.859 2.870 2.868 2.849 2.795 2.688 2.519 2.388 2.353 2.396 2.613 3.204 4.450 6.537 9.391 11.818 13.388 14.285 14.683 14.778 14.724 14.562 14.281 13.888 13.409 12.886 12.384 11.934 11.535 11.195 10.898 10.615 10.314 9.973 9.580 9.114 8.586 7.983 7.297 6.540 5.819 5.176 4.607 4.105 3.665 3.283 2.952 2.666 2.417 2.194
0.000 0.000 0.000 0.000 0.000 0.002 0.006 0.012 0.022 0.036 0.057 0.090 0.139 0.209 0.303 0.429 0.594 0.813 1.097 1.460 1.901 2.318 2.648 2.898 3.073 3.183 3.241 3.263 3.266 3.255 3.220 3.140 2.995 2.768 2.574 2.500 2.515 2.688 3.222 4.430 6.553 9.620 12.452 14.236 15.123 15.389 15.383 15.228 14.917 14.485 13.981 13.431 12.892 12.395 11.940 11.530 11.177 10.865 10.564 10.249 9.894 9.494 9.017 8.481 7.871 7.186 6.440 5.732 5.099 4.538 4.044 3.613 3.238 2.916 2.637 2.394 2.179
0.000 0.000 0.000 0.000 0.000 0.002 0.005 0.010 0.018 0.031 0.050 0.082 0.131 0.203 0.301 0.430 0.601 0.830 1.138 1.548 2.072 2.593 2.991 3.284 3.485 3.606 3.665 3.683 3.682 3.665 3.612 3.505 3.319 3.034 2.766 2.639 2.626 2.749 3.209 4.333 6.447 9.622 12.745 14.746 15.657 15.844 15.774 15.511 15.089 14.572 14.000 13.431 12.896 12.400 11.941 11.524 11.155 10.823 10.503 10.167 9.794 9.374 8.887 8.339 7.717 7.026 6.287 5.599 4.981 4.433 3.952 3.535 3.174 2.863 2.596 2.361 2.154
0.000 0.000 0.000 0.000 0.000 0.001 0.003 0.007 0.012 0.021 0.037 0.064 0.109 0.179 0.279 0.413 0.590 0.826 1.144 1.576 2.157 2.803 3.288 3.623 3.849 3.986 4.053 4.073 4.072 4.053 3.995 3.872 3.656 3.326 2.980 2.785 2.738 2.814 3.184 4.170 6.196 9.441 12.769 14.928 15.914 16.068 15.939 15.608 15.139 14.588 13.991 13.423 12.893 12.400 11.936 11.511 11.125 10.772 10.429 10.063 9.665 9.218 8.712 8.147 7.511 6.810 6.084 5.417 4.820 4.292 3.831 3.432 3.090 2.795 2.540 2.315 2.116
0.000 0.000 0.000 0.000 0.000 0.000 0.001 0.003 0.006 0.011 0.020 0.037 0.070 0.129 0.220 0.350 0.528 0.766 1.092 1.541 2.150 2.909 3.520 3.908 4.158 4.314 4.395 4.422 4.423 4.406 4.349 4.224 4.001 3.654 3.237 2.962 2.868 2.905 3.193 4.019 5.840 9.007 12.545 14.881 15.965 16.139 15.973 15.605 15.125 14.559 13.948 13.393 12.878 12.387 11.923 11.485 11.079 10.698 10.325 9.930 9.504 9.025 8.492 7.900 7.246 6.533 5.829 5.192 4.621 4.119 3.683 3.307 2.986 2.707 2.465 2.252 2.063
0.000 0.000 0.000 0.000 0.000 0.000 0.001 0.001 0.003 0.005 0.009 0.016 0.032 0.064 0.124 0.225 0.378 0.595 0.905 1.359 2.012 2.875 3.647 4.133 4.410 4.584 4.683 4.724 4.731 4.718 4.669 4.558 4.351 4.017 3.566 3.210 3.052 3.049 3.261 3.949 5.491 8.355 12.028 14.572 15.818 16.073 15.917 15.533 15.026 14.448 13.848 13.322 12.828 12.347 11.888 11.443 11.011 10.596 10.189 9.761 9.306 8.793 8.222 7.596 6.915 6.201 5.528 4.925 4.386 3.915 3.508 3.158 2.857 2.596 2.370 2.170 1.992
0.000 0.000 0.000 0.000 0.000 0.000 0.000 0.000 0.001 0.002 0.003 0.006 0.012 0.025 0.052 0.102 0.188 0.331 0.571 0.981 1.655 2.654 3.647 4.271 4.599 4.786 4.905 4.968 4.988 4.985 4.952 4.868 4.703 4.418 3.993 3.576 3.345 3.296 3.427 3.986 5.266 7.699 11.252 13.967 15.366 15.742 15.648 15.307 14.802 14.223 13.661 13.164 12.705 12.259 11.816 11.366 10.918 10.463 10.012 9.549 9.057 8.508 7.901 7.237 6.526 5.830 5.192 4.623 4.119 3.681 3.303 2.981 2.701 2.459 2.249 2.065 1.904
0.000 0.000 0.000 0.000 0.000 0.000 0.000 0.000 0.000 0.001 0.001 0.002 0.005 0.009 0.020 0.040 0.078 0.149 0.284 0.563 1.146 2.196 3.472 4.303 4.715 4.925 5.062 5.151 5.195 5.206 5.192 5.141 5.034 4.838 4.511 4.099 3.810 3.706 3.755 4.147 5.176 7.152 10.273 13.035 14.533 15.047 15.064 14.843 14.415 13.872 13.345 12.879 12.465 12.078 11.673 11.233 10.782 10.303 9.811 9.300 8.757 8.167 7.526 6.825 6.104 5.434 4.830 4.294 3.824 3.417 3.067 2.769 2.513 2.292 2.103 1.941 1.800
0.000 0.000 0.000 0.000 0.000 0.000 0.000 0.000 0.000 0.000 0.000 0.001 0.002 0.004 0.009 0.019 0.037 0.073 0.146 0.316 0.730 1.639 3.048 4.166 4.742 4.997 5.150 5.265 5.342 5.381 5.388 5.369 5.313 5.204 5.018 4.741 4.488 4.352 4.341 4.569 5.328 6.818 9.249 11.783 13.330 13.994 14.131 14.043 13.780 13.352 12.871 12.428 12.050 11.721 11.382 11.001 10.584 10.104 9.581 9.017 8.417 7.778 7.096 6.369 5.663 5.021 4.448 3.944 3.504 3.125 2.798 2.521 2.287 2.093 1.930 1.795 1.679
0.000 0.000 0.000 0.000 0.000 0.000 0.000 0.000 0.000 0.000 0.000 0.000 0.001 0.003 0.007 0.014 0.027 0.051 0.100 0.210 0.485 1.154 2.413 3.797 4.632 5.016 5.192 5.324 5.430 5.501 5.536 5.543 5.528 5.484 5.402 5.277 5.167 5.115 5.129 5.273 5.742 6.751 8.463 10.489 11.879 12.625 12.896 12.933 12.851 12.602 12.228 11.805 11.432 11.148 10.886 10.595 10.263 9.832 9.301 8.697 8.045 7.350 6.618 5.886 5.208 4.596 4.053 3.577 3.162 2.805 2.498 2.240 2.029 1.862 1.730 1.619 1.513
0.000 0.000 0.000 0.000 0.000 0.000 0.000 0.000 0.000 0.000 0.000 0.000 0.001 0.003 0.007 0.014 0.026 0.049 0.093 0.181 0.372 0.829 1.770 3.164 4.319 4.939 5.198 5.344 5.473 5.571 5.633 5.666 5.682 5.684 5.669 5.640 5.625 5.647 5.718 5.887 6.253 6.929 8.047 9.524 10.618 11.246 11.528 11.636 11.675 11.602 11.393 11.042 10.658 10.394 10.195 9.981 9.741 9.405 8.919 8.311 7.627 6.882 6.117 5.397 4.745 4.163 3.649 3.198 2.805 2.465 2.175 1.934 1.742 1.592 1.469 1.350 1.210
0.000 0.000 0.000 0.000 0.000 0.000 0.000 0.000 0.000 0.000 0.000 0.000 0.001 0.004 0.009 0.018 0.032 0.057 0.102 0.185 0.342 0.658 1.302 2.422 3.764 4.693 5.141 5.342 5.483 5.600 5.686 5.742 5.781 5.811 5.835 5.859 5.895 5.954 6.056 6.238 6.555 7.061 7.832 8.843 9.627 10.098 10.329 10.432 10.465 10.463 10.383 10.153 9.802 9.514 9.337 9.182 9.006 8.761 8.366 7.808 7.137 6.375 5.612 4.912 4.280 3.725 3.239 2.814 2.440 2.114 1.836 1.607 1.415 1.244 1.075 0.899 0.714
0.000 0.000 0.000 0.000 0.000 0.000 0.000 0.000 0.000 0.000 0.000 0.001 0.003 0.007 0.015 0.029 0.050 0.083 0.134 0.217 0.359 0.604 1.046 1.836 3.065 4.244 4.946 5.289 5.477 5.608 5.709 5.781 5.834 5.879 5.922 5.972 6.032 6.110 6.219 6.399 6.674 7.083 7.658 8.323 8.830 9.149 9.307 9.378 9.394 9.381 9.313 9.158 8.895 8.597 8.386 8.236 8.086 7.892 7.587 7.124 6.515 5.790 5.059 4.399 3.804 3.280 2.825 2.427 2.072 1.753 1.473 1.226 0.999 0.786 0.601 0.446 0.318
0.000 0.000 0.000 0.000 0.000 0.000 0.000 0.000 0.000 0.000 0.000 0.002 0.005 0.013 0.028 0.052 0.087 0.135 0.199 0.288 0.419 0.626 0.960 1.525 2.460 3.655 4.571 5.105 5.412 5.595 5.710 5.793 5.856 5.907 5.953 6.011 6.081 6.163 6.278 6.447 6.691 7.024 7.438 7.839 8.128 8.308 8.398 8.427 8.422 8.386 8.300 8.162 7.960 7.706 7.465 7.254 7.054 6.852 6.590 6.207 5.682 5.030 4.347 3.746 3.217 2.745 2.325 1.951 1.612 1.297 1.006 0.753 0.550 0.394 0.275 0.186 0.124
0.000 0.000 0.000 0.000 0.000 0.000 0.000 0.000 0.000 0.000 0.001 0.004 0.010 0.024 0.051 0.092 0.149 0.218 0.301 0.402 0.531 0.709 0.982 1.417 2.115 3.105 4.068 4.765 5.232 5.525 5.699 5.797 5.858 5.909 5.959 6.015 6.087 6.170 6.283 6.443 6.655 6.903 7.150 7.340 7.469 7.537 7.557 7.545 7.504 7.441 7.344 7.211 7.037 6.818 6.573 6.319 6.056 5.775 5.467 5.097 4.621 4.034 3.420 2.877 2.403 1.981 1.603 1.267 0.971 0.718 0.514 0.357 0.241 0.161 0.106 0.070 0.047
0.000 0.000 0.000 0.000 0.000 0.000 0.000 0.000 0.000 0.000 0.001 0.006 0.017 0.041 0.087 0.154 0.238 0.335 0.441 0.559 0.696 0.864 1.090 1.442 1.992 2.749 3.609 4.354 4.941 5.355 5.618 5.767 5.840 5.885 5.939 5.989 6.058 6.144 6.252 6.389 6.540 6.678 6.764 6.809 6.816 6.795 6.748 6.686 6.613 6.527 6.422 6.289 6.122 5.919 5.677 5.401 5.101 4.769 4.395 3.951 3.428 2.864 2.330 1.866 1.469 1.131 0.847 0.617 0.436 0.299 0.200 0.131 0.085 0.057 0.038 0.026 0.018
0.000 0.000 0.000 0.000 0.000 0.000 0.000 0.000 0.000 0.000 0.001 0.006 0.020 0.054 0.121 0.224 0.350 0.482 0.616 0.758 0.912 1.086 1.292 1.576 2.014 2.613 3.318 4.007 4.614 5.100 5.440 5.652 5.755 5.807 5.861 5.910 5.971 6.053 6.143 6.238 6.311 6.340 6.309 6.244 6.155 6.058 5.957 5.851 5.750 5.644 5.527 5.390 5.218 5.011 4.764 4.480 4.156 3.787 3.362 2.867 2.337 1.839 1.412 1.056 0.765 0.535 0.360 0.236 0.152 0.098 0.063 0.042 0.029 0.020 0.015 0.011 0.008
0.000 0.000 0.000 0.000 0.000 0.000 0.000 0.000 0.000 0.000 0.001 0.007 0.021 0.058 0.137 0.270 0.453 0.648 0.823 0.997 1.176 1.363 1.569 1.814 2.150 2.625 3.205 3.787 4.323 4.796 5.170 5.426 5.567 5.639 5.697 5.746 5.800 5.868 5.924 5.956 5.953 5.896 5.785 5.636 5.470 5.309 5.169 5.036 4.912 4.789 4.657 4.507 4.325 4.100 3.824 3.506 3.149 2.735 2.271 1.809 1.389 1.028 0.734 0.504 0.330 0.207 0.126 0.076 0.047 0.030 0.020 0.014 0.011 0.008 0.006 0.005 0.004
0.000 0.000 0.000 0.000 0.000 0.000 0.000 0.000 0.000 0.000 0.002 0.007 0.020 0.056 0.137 0.287 0.518 0.808 1.062 1.278 1.486 1.690 1.899 2.125 2.392 2.744 3.199 3.676 4.104 4.498 4.839 5.101 5.269 5.361 5.427 5.476 5.522 5.564 5.575 5.554 5.493 5.375 5.198 4.964 4.736 4.551 4.397 4.248 4.106 3.960 3.803 3.626 3.403 3.094 2.704 2.314 1.935 1.569 1.227 0.927 0.673 0.467 0.309 0.196 0.120 0.070 0.041 0.024 0.015 0.010 0.007 0.006 0.005 0.004 0.003 0.003 0.002
0.000 0.000 0.000 0.000 0.000 0.000 0.000 0.000 0.001 0.001 0.002 0.006 0.018 0.050 0.128 0.283 0.545 0.929 1.319 1.606 1.846 2.067 2.276 2.482 2.700 2.956 3.276 3.635 3.948 4.230 4.491 4.713 4.877 4.980 5.045 5.091 5.121 5.133 5.113 5.057 4.954 4.788 4.556 4.275 4.029 3.828 3.659 3.495 3.332 3.158 2.953 2.700 2.376 1.976 1.569 1.230 0.947 0.709 0.515 0.365 0.250 0.165 0.105 0.065 0.039 0.022 0.012 0.007 0.005 0.004 0.003 0.003 0.002 0.002 0.002 0.002 0.001
0.000 0.000 0.000 0.000 0.001 0.001 0.001 0.002 0.002 0.002 0.003 0.005 0.013 0.038 0.107 0.261 0.542 0.988 1.548 1.976 2.269 2.501 2.701 2.881 3.052 3.228 3.429 3.657 3.848 4.005 4.151 4.292 4.421 4.515 4.571 4.600 4.609 4.600 4.562 4.482 4.353 4.158 3.911 3.637 3.381 3.160 2.964 2.778 2.587 2.376 2.128 1.828 1.472 1.100 0.784 0.546 0.373 0.252 0.168 0.113 0.075 0.050 0.032 0.020 0.011 0.006 0.004 0.002 0.002 0.002 0.002 0.001 0.001 0.001 0.001 0.001 0.001
0.000 0.000 0.001 0.001 0.002 0.003 0.003 0.003 0.003 0.003 0.004 0.005 0.009 0.026 0.079 0.221 0.514 0.996 1.681 2.310 2.724 2.997 3.185 3.328 3.444 3.542 3.635 3.723 3.788 3.825 3.850 3.884 3.933 3.982 4.016 4.023 4.018 3.993 3.939 3.848 3.710 3.524 3.305 3.058 2.799 2.559 2.337 2.122 1.901 1.663 1.400 1.107 0.805 0.539 0.342 0.212 0.131 0.081 0.051 0.033 0.022 0.014 0.009 0.005 0.003 0.002 0.001 0.001 0.001 0.001 0.001 0.001 0.001 0.001 0.001 0.001 0.001
0.001 0.002 0.002 0.003 0.004 0.004 0.005 0.004 0.004 0.004 0.004 0.005 0.007 0.018 0.058 0.177 0.459 0.965 1.710 2.519 3.098 3.459 3.665 3.776 3.835 3.863 3.861 3.823 3.757 3.681 3.602 3.532 3.473 3.431 3.408 3.394 3.374 3.338 3.278 3.191 3.072 2.920 2.738 2.523 2.281 2.033 1.796 1.563 1.329 1.089 0.842 0.601 0.392 0.237 0.138 0.079 0.045 0.026 0.015 0.009 0.006 0.004 0.002 0.001 0.001 0.001 0.001 0.001 0.001 0.001 0.001 0.001 0.001 0.001 0.001 0.001 0.001
0.004 0.004 0.005 0.006 0.006 0.006 0.006 0.006 0.005 0.005 0.005 0.006 0.008 0.015 0.044 0.137 0.387 0.886 1.654 2.581 3.321 3.809 4.061 4.152 4.167 4.135 4.045 3.900 3.725 3.555 3.391 3.230 3.070 2.931 2.826 2.759 2.712 2.668 2.614 2.544 2.456 2.343 2.199 2.021 1.813 1.580 1.342 1.110 0.885 0.670 0.472 0.304 0.180 0.100 0.054 0.029 0.015 0.008 0.004 0.003 0.002 0.001 0.001 0.001 0.000 0.000 0.000 0.000 0.000 0.001 0.001 0.001 0.001 0.001 0.001 0.001 0.001
0.008 0.008 0.008 0.009 0.008 0.008 0.007 0.007 0.007 0.007 0.007 0.007 0.009 0.015 0.034 0.100 0.297 0.740 1.484 2.478 3.367 3.982 4.323 4.428 4.416 4.330 4.161 3.935 3.683 3.438 3.201 2.964 2.717 2.481 2.284 2.142 2.052 1.991 1.943 1.896 1.842 1.774 1.676 1.545 1.381 1.186 0.970 0.757 0.564 0.394 0.253 0.148 0.081 0.042 0.021 0.010 0.005 0.002 0.001 0.001 0.001 0.000 0.000 0.000 0.000 0.000 0.000 0.000 0.000 0.001 0.001 0.000 0.000 0.000 0.000 0.001 0.001
0.012 0.012 0.012 0.011 0.010 0.009 0.009 0.008 0.008 0.008 0.009 0.011 0.013 0.018 0.028 0.062 0.179 0.495 1.121 2.082 3.160 3.944 4.383 4.539 4.533 4.421 4.205 3.931 3.632 3.327 3.024 2.712 2.382 2.059 1.775 1.558 1.418 1.331 1.277 1.243 1.221 1.199 1.160 1.087 0.979 0.836 0.665 0.491 0.342 0.220 0.129 0.070 0.035 0.017 0.008 0.004 0.002 0.001 0.001 0.000 0.000 0.000 0.000 0.000 0.000 0.000 0.000 0.000 0.001 0.001 0.001 0.000 0.000 0.000 0.000 0.000 0.001
0.017 0.017 0.016 0.014 0.012 0.011 0.010 0.010 0.010 0.011 0.013 0.016 0.019 0.022 0.027 0.041 0.086 0.228 0.580 1.277 2.353 3.408 4.077 4.393 4.456 4.372 4.164 3.874 3.545 3.196 2.833 2.448 2.036 1.636 1.296 1.043 0.879 0.780 0.723 0.696 0.689 0.691 0.692 0.670 0.617 0.533 0.418 0.292 0.190 0.113 0.061 0.031 0.014 0.006 0.003 0.001 0.001 0.000 0.000 0.000 0.000 0.000 0.000 0.000 0.000 0.000 0.000 0.001 0.001 0.001 0.001 0.000 0.000 0.000 0.000 0.000 0.001
