RESULTS/r.avaflow_results/12_results/12_ascii/12_hflow30036.asc
ncols 506
nrows 317
xllcenter 498237.50
yllcenter 5580050.00
cellsize 12.50
NODATA_value -9999.000
[rows 170 to 203 of 317, columns 154 to 230 of 506]
9.273 9.207 9.105 8.975 8.810 8.625 8.452 8.298 8.156 8.019 7.885 7.749 7.596 7.376 7.020 6.489 5.803 5.020 4.213 3.442 2.730 2.100 1.578 1.181 0.905 0.734 0.644 0.612 0.614 0.641 0.694 0.747 0.778 0.794 0.804 0.816 0.840 0.868 0.880 0.878 0.863 0.839 0.816 0.794 0.766 0.725 0.662 0.578 0.484 0.393 0.310 0.245 0.199 0.166 0.145 0.132 0.127 0.128 0.131 0.135 0.138 0.141 0.143 0.145 0.147 0.150 0.159 0.182 0.236 0.352 0.541 0.684 0.735 0.730 0.664 0.513 0.338
11.754 12.039 12.196 12.253 12.239 12.177 12.060 11.901 11.716 11.518 11.317 11.119 10.912 10.652 10.252 9.631 8.786 7.763 6.635 5.497 4.421 3.441 2.601 1.936 1.459 1.144 0.955 0.861 0.829 0.836 0.866 0.891 0.900 0.893 0.880 0.872 0.875 0.882 0.882 0.871 0.843 0.804 0.764 0.725 0.679 0.612 0.512 0.391 0.282 0.205 0.157 0.127 0.108 0.096 0.090 0.088 0.089 0.094 0.099 0.102 0.104 0.104 0.104 0.104 0.104 0.106 0.113 0.130 0.170 0.252 0.403 0.581 0.678 0.706 0.695 0.627 0.484
14.561 15.272 15.681 15.840 15.852 15.796 15.666 15.479 15.262 15.030 14.787 14.545 14.303 14.025 13.630 13.009 12.106 10.941 9.597 8.171 6.755 5.395 4.165 3.136 2.344 1.778 1.396 1.161 1.033 0.972 0.945 0.932 0.921 0.905 0.880 0.861 0.851 0.842 0.827 0.795 0.739 0.669 0.603 0.538 0.465 0.376 0.275 0.190 0.135 0.102 0.082 0.070 0.063 0.060 0.060 0.061 0.065 0.072 0.077 0.079 0.080 0.079 0.078 0.077 0.077 0.078 0.083 0.096 0.124 0.180 0.286 0.460 0.612 0.682 0.699 0.681 0.608
16.584 17.660 18.315 18.626 18.729 18.734 18.664 18.539 18.372 18.165 17.922 17.663 17.400 17.111 16.725 16.129 15.254 14.111 12.768 11.280 9.687 8.040 6.401 4.926 3.707 2.755 2.050 1.565 1.255 1.070 0.971 0.923 0.892 0.860 0.823 0.785 0.753 0.721 0.680 0.613 0.515 0.417 0.341 0.280 0.226 0.172 0.124 0.090 0.069 0.055 0.048 0.043 0.041 0.041 0.042 0.045 0.050 0.056 0.061 0.062 0.063 0.062 0.061 0.060 0.061 0.062 0.066 0.075 0.093 0.130 0.201 0.334 0.520 0.648 0.692 0.695 0.667
17.634 18.958 19.866 20.420 20.749 20.945 21.047 21.065 21.007 20.877 20.664 20.390 20.096 19.786 19.406 18.841 18.012 16.916 15.600 14.129 12.532 10.804 8.923 6.980 5.248 3.825 2.731 1.951 1.439 1.128 0.957 0.863 0.797 0.738 0.677 0.615 0.556 0.497 0.432 0.352 0.268 0.205 0.162 0.131 0.104 0.080 0.061 0.048 0.040 0.034 0.032 0.030 0.030 0.030 0.031 0.034 0.039 0.044 0.048 0.050 0.050 0.050 0.049 0.049 0.050 0.052 0.055 0.061 0.074 0.097 0.143 0.233 0.401 0.582 0.669 0.690 0.682
17.877 19.312 20.420 21.244 21.862 22.326 22.656 22.843 22.898 22.852 22.680 22.381 22.047 21.725 21.361 20.852 20.114 19.116 17.861 16.375 14.696 12.832 10.753 8.441 6.287 4.507 3.137 2.167 1.532 1.142 0.905 0.748 0.630 0.528 0.437 0.364 0.311 0.268 0.224 0.176 0.133 0.102 0.081 0.066 0.053 0.043 0.035 0.030 0.026 0.024 0.023 0.023 0.023 0.024 0.025 0.027 0.030 0.035 0.038 0.040 0.041 0.041 0.042 0.042 0.044 0.045 0.048 0.053 0.062 0.077 0.108 0.168 0.287 0.474 0.613 0.666 0.673
17.721 19.207 20.418 21.396 22.218 22.896 23.394 23.701 23.836 23.843 23.705 23.379 23.017 22.713 22.383 21.929 21.283 20.400 19.234 17.758 15.999 13.991 11.725 9.173 6.755 4.778 3.276 2.225 1.544 1.105 0.808 0.592 0.431 0.313 0.234 0.186 0.158 0.136 0.114 0.090 0.070 0.056 0.045 0.037 0.031 0.027 0.023 0.021 0.020 0.019 0.019 0.019 0.019 0.019 0.020 0.022 0.024 0.027 0.030 0.032 0.034 0.035 0.036 0.038 0.039 0.041 0.044 0.048 0.054 0.066 0.087 0.128 0.207 0.351 0.517 0.612 0.645
17.158 18.743 20.107 21.248 22.194 22.948 23.483 23.814 23.976 24.002 23.879 23.541 23.170 22.889 22.583 22.155 21.553 20.738 19.646 18.209 16.419 14.322 11.951 9.296 6.797 4.764 3.230 2.165 1.461 0.986 0.653 0.418 0.265 0.175 0.123 0.096 0.082 0.071 0.060 0.049 0.040 0.034 0.029 0.024 0.021 0.019 0.017 0.016 0.015 0.015 0.015 0.015 0.015 0.016 0.016 0.017 0.019 0.021 0.023 0.026 0.028 0.030 0.032 0.034 0.036 0.038 0.041 0.044 0.049 0.058 0.074 0.103 0.156 0.249 0.394 0.523 0.594
16.212 17.917 19.438 20.751 21.828 22.632 23.161 23.467 23.607 23.626 23.506 23.188 22.811 22.507 22.180 21.740 21.154 20.388 19.357 17.964 16.184 14.056 11.615 8.902 6.423 4.418 2.918 1.884 1.203 0.745 0.437 0.250 0.149 0.095 0.067 0.053 0.045 0.040 0.035 0.030 0.026 0.023 0.020 0.018 0.016 0.014 0.013 0.012 0.012 0.012 0.012 0.012 0.012 0.012 0.013 0.013 0.015 0.016 0.018 0.021 0.023 0.025 0.028 0.030 0.032 0.035 0.038 0.041 0.046 0.053 0.065 0.086 0.122 0.184 0.283 0.409 0.513
14.975 16.771 18.387 19.794 20.939 21.776 22.305 22.567 22.641 22.611 22.479 22.235 21.888 21.483 21.022 20.496 19.887 19.147 18.172 16.821 15.037 12.854 10.340 7.705 5.401 3.569 2.220 1.310 0.747 0.414 0.228 0.130 0.079 0.052 0.039 0.032 0.028 0.025 0.023 0.020 0.018 0.017 0.015 0.013 0.012 0.011 0.010 0.010 0.009 0.009 0.009 0.009 0.009 0.009 0.010 0.010 0.011 0.012 0.014 0.016 0.018 0.021 0.024 0.026 0.029 0.032 0.035 0.038 0.042 0.048 0.058 0.074 0.101 0.144 0.210 0.305 0.412
13.477 15.276 16.907 18.340 19.527 20.420 20.983 21.217 21.222 21.121 20.998 20.869 20.585 20.047 19.366 18.691 18.004 17.218 16.184 14.744 12.833 10.503 7.970 5.612 3.675 2.223 1.231 0.641 0.335 0.181 0.104 0.065 0.043 0.032 0.025 0.022 0.020 0.018 0.016 0.015 0.014 0.013 0.012 0.011 0.009 0.009 0.008 0.007 0.007 0.006 0.006 0.006 0.006 0.006 0.007 0.007 0.008 0.009 0.011 0.012 0.014 0.017 0.019 0.022 0.025 0.028 0.032 0.035 0.039 0.045 0.053 0.067 0.088 0.120 0.167 0.234 0.321
11.711 13.411 15.021 16.493 17.780 18.800 19.465 19.738 19.747 19.651 19.543 19.432 19.129 18.485 17.636 16.801 15.966 14.988 13.670 11.878 9.561 7.027 4.756 3.043 1.840 1.027 0.524 0.256 0.133 0.077 0.050 0.035 0.027 0.021 0.018 0.016 0.015 0.014 0.013 0.012 0.011 0.010 0.009 0.008 0.007 0.006 0.006 0.005 0.005 0.004 0.004 0.004 0.004 0.004 0.004 0.005 0.006 0.007 0.008 0.009 0.011 0.013 0.016 0.019 0.022 0.025 0.028 0.032 0.036 0.042 0.050 0.062 0.080 0.106 0.143 0.192 0.256
9.779 11.304 12.873 14.413 15.836 17.018 17.829 18.214 18.273 18.207 18.071 17.847 17.401 16.662 15.740 14.769 13.719 12.388 10.563 8.158 5.658 3.608 2.178 1.266 0.710 0.378 0.190 0.098 0.057 0.038 0.028 0.022 0.018 0.016 0.014 0.013 0.012 0.011 0.010 0.010 0.009 0.008 0.007 0.006 0.005 0.005 0.004 0.003 0.003 0.002 0.002 0.002 0.002 0.002 0.003 0.003 0.004 0.004 0.006 0.007 0.008 0.010 0.013 0.015 0.018 0.021 0.025 0.029 0.034 0.040 0.048 0.060 0.077 0.100 0.130 0.167 0.214
7.980 9.249 10.636 12.132 13.599 14.860 15.774 16.267 16.391 16.326 16.060 15.580 14.891 14.030 13.047 11.940 10.609 8.802 6.479 4.229 2.553 1.416 0.750 0.405 0.225 0.125 0.070 0.043 0.030 0.023 0.019 0.016 0.014 0.013 0.012 0.011 0.010 0.009 0.009 0.008 0.007 0.007 0.006 0.005 0.004 0.003 0.002 0.002 0.002 0.001 0.001 0.001 0.001 0.001 0.001 0.002 0.002 0.003 0.004 0.005 0.006 0.008 0.010 0.012 0.015 0.019 0.022 0.027 0.032 0.039 0.047 0.060 0.076 0.097 0.123 0.153 0.189
6.271 7.241 8.324 9.528 10.747 11.825 12.655 13.145 13.297 13.217 12.824 12.095 11.111 10.006 8.864 7.628 6.170 4.468 2.825 1.599 0.827 0.410 0.214 0.123 0.075 0.048 0.032 0.024 0.019 0.016 0.014 0.012 0.011 0.010 0.009 0.009 0.008 0.008 0.007 0.007 0.006 0.005 0.004 0.004 0.003 0.002 0.001 0.001 0.001 0.000 0.000 0.000 0.000 0.000 0.000 0.001 0.001 0.002 0.002 0.003 0.004 0.006 0.008 0.010 0.013 0.016 0.020 0.025 0.030 0.037 0.047 0.059 0.075 0.095 0.119 0.146 0.177
4.585 5.159 5.771 6.402 7.029 7.621 8.122 8.444 8.555 8.485 8.098 7.328 6.280 5.228 4.310 3.438 2.523 1.582 0.860 0.424 0.209 0.113 0.069 0.046 0.033 0.025 0.019 0.016 0.014 0.012 0.011 0.010 0.009 0.008 0.008 0.007 0.007 0.006 0.006 0.005 0.005 0.004 0.003 0.003 0.002 0.001 0.001 0.000 0.000 0.000 0.000 0.000 0.000 0.000 0.000 0.000 0.000 0.001 0.001 0.002 0.003 0.004 0.006 0.008 0.011 0.014 0.018 0.023 0.028 0.036 0.046 0.058 0.074 0.094 0.117 0.143 0.173
2.992 3.192 3.390 3.567 3.715 3.854 3.978 4.056 4.074 4.021 3.798 3.344 2.675 2.017 1.517 1.104 0.721 0.406 0.208 0.108 0.063 0.042 0.031 0.024 0.020 0.016 0.014 0.012 0.011 0.009 0.009 0.008 0.007 0.007 0.006 0.006 0.005 0.005 0.004 0.004 0.004 0.003 0.003 0.002 0.001 0.001 0.000 0.000 0.000 0.000 0.000 0.000 0.000 0.000 0.000 0.000 0.000 0.000 0.000 0.001 0.002 0.003 0.004 0.006 0.009 0.012 0.016 0.020 0.027 0.034 0.044 0.057 0.073 0.092 0.114 0.141 0.173
1.690 1.682 1.683 1.670 1.632 1.584 1.546 1.514 1.483 1.435 1.327 1.126 0.835 0.577 0.408 0.283 0.180 0.105 0.061 0.040 0.029 0.023 0.019 0.016 0.014 0.012 0.010 0.009 0.008 0.007 0.007 0.006 0.006 0.005 0.005 0.004 0.004 0.004 0.003 0.003 0.003 0.002 0.002 0.002 0.001 0.001 0.000 0.000 0.000 0.000 0.000 0.000 0.000 0.000 0.000 0.000 0.000 0.000 0.000 0.000 0.001 0.002 0.003 0.005 0.007 0.010 0.013 0.018 0.024 0.032 0.042 0.054 0.069 0.088 0.112 0.141 0.177
0.808 0.746 0.702 0.664 0.619 0.564 0.515 0.478 0.447 0.418 0.379 0.317 0.229 0.158 0.113 0.081 0.056 0.039 0.028 0.022 0.018 0.015 0.013 0.012 0.010 0.009 0.008 0.007 0.006 0.006 0.005 0.004 0.004 0.004 0.003 0.003 0.003 0.003 0.003 0.002 0.002 0.002 0.002 0.001 0.001 0.000 0.000 0.000 0.000 0.000 0.000 0.000 0.000 0.000 0.000 0.000 0.000 0.000 0.000 0.000 0.000 0.001 0.002 0.003 0.005 0.008 0.011 0.016 0.021 0.029 0.038 0.049 0.064 0.083 0.108 0.141 0.182
0.329 0.292 0.269 0.249 0.227 0.199 0.172 0.153 0.138 0.125 0.113 0.096 0.073 0.054 0.042 0.033 0.026 0.021 0.018 0.015 0.013 0.011 0.010 0.009 0.008 0.007 0.006 0.005 0.004 0.004 0.004 0.003 0.003 0.003 0.002 0.002 0.002 0.002 0.002 0.002 0.002 0.002 0.001 0.001 0.001 0.000 0.000 0.000 0.000 0.000 0.000 0.000 0.000 0.000 0.000 0.000 0.000 0.000 0.000 0.000 0.000 0.000 0.001 0.002 0.004 0.006 0.009 0.012 0.018 0.024 0.032 0.042 0.056 0.075 0.101 0.137 0.181
0.126 0.112 0.103 0.095 0.086 0.075 0.064 0.056 0.051 0.047 0.043 0.038 0.032 0.027 0.023 0.019 0.017 0.014 0.013 0.011 0.010 0.008 0.007 0.006 0.006 0.005 0.004 0.003 0.003 0.003 0.002 0.002 0.002 0.002 0.002 0.002 0.002 0.002 0.002 0.002 0.002 0.002 0.001 0.001 0.001 0.000 0.000 0.000 0.000 0.000 0.000 0.000 0.000 0.000 0.000 0.000 0.000 0.000 0.000 0.000 0.000 0.000 0.000 0.001 0.002 0.004 0.006 0.009 0.013 0.018 0.025 0.033 0.045 0.061 0.086 0.120 0.166
0.050 0.046 0.043 0.040 0.037 0.033 0.029 0.027 0.025 0.024 0.022 0.021 0.019 0.017 0.015 0.014 0.012 0.011 0.009 0.008 0.007 0.006 0.005 0.004 0.004 0.003 0.003 0.002 0.002 0.002 0.002 0.002 0.002 0.002 0.002 0.002 0.002 0.002 0.002 0.002 0.002 0.002 0.002 0.001 0.001 0.000 0.000 0.000 0.000 0.000 0.000 0.000 0.000 0.000 0.000 0.000 0.000 0.000 0.000 0.000 0.000 0.000 0.000 0.001 0.001 0.003 0.004 0.007 0.010 0.013 0.018 0.024 0.032 0.044 0.061 0.090 0.131
0.023 0.022 0.022 0.021 0.020 0.019 0.017 0.016 0.016 0.015 0.015 0.014 0.014 0.013 0.012 0.010 0.009 0.008 0.007 0.006 0.005 0.004 0.004 0.003 0.003 0.002 0.002 0.002 0.002 0.002 0.002 0.002 0.002 0.002 0.002 0.002 0.002 0.002 0.003 0.003 0.002 0.002 0.002 0.001 0.001 0.000 0.000 0.000 0.000 0.000 0.000 0.000 0.000 0.000 0.000 0.000 0.000 0.000 0.000 0.000 0.000 0.000 0.000 0.000 0.001 0.002 0.003 0.005 0.007 0.010 0.013 0.017 0.022 0.029 0.040 0.057 0.082
0.013 0.013 0.013 0.013 0.013 0.012 0.012 0.012 0.011 0.011 0.011 0.011 0.010 0.010 0.009 0.008 0.007 0.006 0.005 0.004 0.003 0.003 0.002 0.002 0.002 0.002 0.002 0.002 0.002 0.002 0.002 0.002 0.003 0.003 0.003 0.003 0.003 0.003 0.003 0.003 0.003 0.002 0.002 0.001 0.001 0.000 0.000 0.000 0.000 0.000 0.000 0.000 0.000 0.000 0.000 0.000 0.000 0.000 0.000 0.000 0.000 0.000 0.000 0.000 0.000 0.001 0.002 0.003 0.005 0.007 0.009 0.012 0.016 0.020 0.026 0.036 0.050
0.009 0.009 0.009 0.009 0.009 0.009 0.009 0.009 0.009 0.008 0.008 0.008 0.008 0.007 0.007 0.006 0.005 0.004 0.003 0.003 0.002 0.002 0.002 0.002 0.002 0.002 0.002 0.003 0.003 0.003 0.004 0.004 0.004 0.005 0.005 0.004 0.004 0.004 0.004 0.003 0.003 0.002 0.002 0.001 0.001 0.000 0.000 0.000 0.000 0.000 0.000 0.000 0.000 0.000 0.000 0.000 0.000 0.000 0.000 0.000 0.000 0.000 0.000 0.000 0.000 0.000 0.001 0.002 0.003 0.004 0.006 0.009 0.011 0.015 0.018 0.024 0.031
0.007 0.007 0.007 0.007 0.007 0.007 0.007 0.007 0.007 0.007 0.006 0.006 0.006 0.005 0.005 0.004 0.003 0.003 0.002 0.002 0.002 0.002 0.002 0.002 0.003 0.003 0.004 0.005 0.005 0.006 0.006 0.006 0.006 0.006 0.006 0.005 0.005 0.004 0.004 0.003 0.002 0.002 0.001 0.001 0.000 0.000 0.000 0.000 0.000 0.000 0.000 0.000 0.000 0.000 0.000 0.000 0.000 0.000 0.000 0.000 0.000 0.000 0.000 0.000 0.000 0.000 0.000 0.001 0.002 0.003 0.004 0.006 0.008 0.010 0.013 0.017 0.021
0.005 0.005 0.005 0.005 0.005 0.005 0.005 0.005 0.005 0.005 0.005 0.005 0.004 0.004 0.003 0.003 0.002 0.002 0.002 0.002 0.002 0.002 0.003 0.003 0.005 0.006 0.007 0.008 0.008 0.008 0.008 0.007 0.007 0.006 0.006 0.005 0.005 0.004 0.003 0.003 0.002 0.001 0.001 0.001 0.000 0.000 0.000 0.000 0.000 0.000 0.000 0.000 0.000 0.000 0.000 0.000 0.000 0.000 0.000 0.000 0.000 0.000 0.000 0.000 0.000 0.000 0.000 0.000 0.001 0.002 0.003 0.004 0.006 0.007 0.010 0.012 0.015
0.004 0.004 0.004 0.004 0.004 0.004 0.004 0.004 0.004 0.004 0.004 0.003 0.003 0.003 0.002 0.002 0.002 0.002 0.002 0.002 0.002 0.003 0.004 0.006 0.007 0.009 0.009 0.009 0.009 0.009 0.008 0.008 0.007 0.006 0.006 0.005 0.004 0.004 0.003 0.002 0.002 0.001 0.001 0.000 0.000 0.000 0.000 0.000 0.000 0.000 0.000 0.000 0.000 0.000 0.000 0.000 0.000 0.000 0.000 0.000 0.000 0.000 0.000 0.000 0.000 0.000 0.000 0.000 0.000 0.001 0.001 0.002 0.004 0.005 0.007 0.009 0.011
0.003 0.003 0.003 0.003 0.003 0.003 0.003 0.003 0.003 0.003 0.003 0.002 0.002 0.002 0.002 0.001 0.001 0.002 0.002 0.003 0.004 0.005 0.007 0.008 0.009 0.010 0.010 0.010 0.010 0.009 0.008 0.007 0.007 0.006 0.005 0.005 0.004 0.003 0.002 0.002 0.001 0.001 0.001 0.000 0.000 0.000 0.000 0.000 0.000 0.000 0.000 0.000 0.000 0.000 0.000 0.000 0.000 0.000 0.000 0.000 0.000 0.000 0.000 0.000 0.000 0.000 0.000 0.000 0.000 0.000 0.001 0.001 0.002 0.003 0.005 0.006 0.008
0.002 0.002 0.002 0.002 0.002 0.002 0.002 0.002 0.002 0.002 0.002 0.002 0.002 0.001 0.001 0.001 0.002 0.002 0.003 0.004 0.006 0.007 0.008 0.009 0.010 0.010 0.010 0.010 0.010 0.009 0.008 0.007 0.006 0.005 0.005 0.004 0.003 0.002 0.002 0.001 0.001 0.001 0.000 0.000 0.000 0.000 0.000 0.000 0.000 0.000 0.000 0.000 0.000 0.000 0.000 0.000 0.000 0.000 0.000 0.000 0.000 0.000 0.000 0.000 0.000 0.000 0.000 0.000 0.000 0.000 0.000 0.000 0.001 0.002 0.003 0.004 0.006
0.002 0.002 0.002 0.002 0.002 0.002 0.002 0.002 0.002 0.002 0.001 0.001 0.001 0.001 0.001 0.002 0.002 0.003 0.004 0.005 0.007 0.008 0.009 0.009 0.010 0.010 0.010 0.010 0.009 0.009 0.008 0.006 0.005 0.004 0.003 0.003 0.002 0.001 0.001 0.001 0.001 0.000 0.000 0.000 0.000 0.000 0.000 0.000 0.000 0.000 0.000 0.000 0.000 0.000 0.000 0.000 0.000 0.000 0.000 0.000 0.000 0.000 0.000 0.000 0.000 0.000 0.000 0.000 0.000 0.000 0.000 0.000 0.000 0.001 0.002 0.002 0.004
0.001 0.001 0.001 0.001 0.001 0.001 0.001 0.001 0.001 0.001 0.001 0.001 0.001 0.001 0.001 0.002 0.002 0.003 0.004 0.006 0.007 0.008 0.008 0.009 0.009 0.009 0.009 0.009 0.008 0.007 0.006 0.005 0.004 0.003 0.002 0.001 0.001 0.001 0.001 0.001 0.000 0.000 0.000 0.000 0.000 0.000 0.000 0.000 0.000 0.000 0.000 0.000 0.000 0.000 0.000 0.000 0.000 0.000 0.000 0.000 0.000 0.000 0.000 0.000 0.000 0.000 0.000 0.000 0.000 0.000 0.000 0.000 0.000 0.000 0.001 0.001 0.002
0.001 0.001 0.001 0.001 0.001 0.001 0.001 0.001 0.001 0.001 0.001 0.001 0.001 0.001 0.001 0.002 0.002 0.003 0.005 0.006 0.007 0.007 0.008 0.008 0.008 0.008 0.008 0.007 0.006 0.005 0.004 0.003 0.002 0.002 0.001 0.001 0.001 0.001 0.000 0.000 0.000 0.000 0.000 0.000 0.000 0.000 0.000 0.000 0.000 0.000 0.000 0.000 0.000 0.000 0.000 0.000 0.000 0.000 0.000 0.000 0.000 0.000 0.000 0.000 0.000 0.000 0.000 0.000 0.000 0.000 0.000 0.000 0.000 0.000 0.000 0.000 0.001
0.001 0.001 0.001 0.001 0.001 0.001 0.001 0.001 0.001 0.001 0.001 0.001 0.001 0.001 0.001 0.002 0.002 0.003 0.004 0.005 0.006 0.006 0.006 0.006 0.006 0.005 0.005 0.004 0.003 0.003 0.002 0.002 0.001 0.001 0.001 0.001 0.001 0.000 0.000 0.000 0.000 0.000 0.000 0.000 0.000 0.000 0.000 0.000 0.000 0.000 0.000 0.000 0.000 0.000 0.000 0.000 0.000 0.000 0.000 0.000 0.000 0.000 0.000 0.000 0.000 0.000 0.000 0.000 0.000 0.000 0.000 0.000 0.000 0.000 0.000 0.000 0.000
