RESULTS/r.avaflow_results/12_results/12_ascii/12_hflow10010.asc
ncols 506
nrows 317
xllcenter 498237.50
yllcenter 5580050.00
cellsize 12.50
NODATA_value -9999.000
[rows 170 to 203 of 317, columns 77 to 153 of 506]
0.000 0.000 0.000 0.000 0.000 0.000 0.000 0.000 0.000 0.000 0.000 0.000 0.000 0.000 0.000 0.000 0.000 0.000 0.001 0.002 0.004 0.009 0.019 0.039 0.074 0.118 0.147 0.163 0.169 0.171 0.169 0.160 0.139 0.116 0.107 0.109 0.142 0.249 0.463 0.723 0.907 1.041 1.158 1.275 1.397 1.531 1.691 1.909 2.246 2.742 3.413 4.270 5.353 6.637 7.825 8.752 9.423 9.877 10.129 10.219 10.218 10.169 9.991 9.618 9.003 8.140 7.047 5.901 4.895 4.006 3.226 2.555 1.991 1.535 1.181 0.911 0.705
0.000 0.000 0.000 0.000 0.000 0.000 0.000 0.000 0.000 0.000 0.000 0.000 0.000 0.000 0.000 0.000 0.000 0.001 0.002 0.005 0.011 0.023 0.044 0.082 0.140 0.209 0.257 0.284 0.295 0.297 0.294 0.278 0.242 0.208 0.198 0.214 0.304 0.529 0.918 1.312 1.579 1.768 1.924 2.074 2.228 2.413 2.657 3.020 3.574 4.326 5.242 6.281 7.427 8.547 9.506 10.292 10.882 11.284 11.504 11.592 11.591 11.528 11.319 10.897 10.216 9.264 8.061 6.785 5.668 4.687 3.827 3.081 2.454 1.946 1.544 1.228 0.981
0.000 0.000 0.000 0.000 0.000 0.000 0.000 0.000 0.000 0.000 0.000 0.000 0.000 0.000 0.000 0.000 0.001 0.003 0.007 0.014 0.026 0.049 0.090 0.154 0.247 0.354 0.431 0.476 0.494 0.498 0.492 0.465 0.404 0.356 0.349 0.399 0.587 0.990 1.611 2.194 2.581 2.841 3.047 3.239 3.437 3.682 4.030 4.559 5.342 6.349 7.444 8.489 9.423 10.196 10.867 11.458 11.934 12.267 12.448 12.517 12.512 12.445 12.216 11.760 11.038 10.021 8.734 7.379 6.210 5.203 4.338 3.603 2.984 2.466 2.033 1.669 1.370
0.000 0.000 0.000 0.000 0.000 0.000 0.000 0.000 0.000 0.000 0.000 0.000 0.000 0.000 0.000 0.001 0.003 0.007 0.014 0.028 0.052 0.094 0.162 0.265 0.411 0.576 0.697 0.765 0.794 0.799 0.788 0.742 0.644 0.580 0.582 0.690 1.020 1.654 2.590 3.433 3.974 4.326 4.593 4.842 5.104 5.428 5.899 6.612 7.642 8.834 9.892 10.668 11.207 11.624 11.967 12.303 12.617 12.870 13.024 13.079 13.065 12.993 12.749 12.268 11.508 10.444 9.101 7.709 6.517 5.500 4.644 3.931 3.345 2.864 2.466 2.132 1.840
0.000 0.000 0.000 0.000 0.000 0.000 0.000 0.000 0.000 0.000 0.000 0.000 0.000 0.000 0.001 0.002 0.006 0.013 0.026 0.050 0.091 0.159 0.267 0.427 0.654 0.904 1.082 1.183 1.222 1.228 1.208 1.132 0.981 0.894 0.912 1.098 1.603 2.506 3.815 5.009 5.773 6.248 6.598 6.936 7.287 7.717 8.344 9.280 10.485 11.521 12.204 12.605 12.784 12.844 12.830 12.908 13.045 13.206 13.335 13.366 13.344 13.262 13.007 12.512 11.719 10.625 9.244 7.832 6.632 5.615 4.768 4.076 3.525 3.093 2.747 2.461 2.209
0.000 0.000 0.000 0.000 0.000 0.000 0.000 0.000 0.000 0.000 0.000 0.000 0.000 0.000 0.001 0.004 0.010 0.021 0.043 0.081 0.145 0.250 0.414 0.657 1.002 1.364 1.613 1.752 1.803 1.808 1.774 1.654 1.426 1.302 1.332 1.595 2.235 3.288 4.814 6.404 7.559 8.362 8.963 9.475 9.980 10.566 11.331 12.267 13.189 13.823 14.155 14.271 14.176 13.860 13.484 13.312 13.290 13.355 13.450 13.469 13.454 13.358 13.085 12.573 11.763 10.652 9.255 7.843 6.639 5.625 4.782 4.105 3.576 3.179 2.880 2.643 2.435
0.000 0.000 0.000 0.000 0.000 0.000 0.000 0.000 0.000 0.000 0.000 0.000 0.000 0.000 0.002 0.005 0.013 0.030 0.061 0.117 0.213 0.370 0.614 0.973 1.476 1.974 2.307 2.486 2.550 2.552 2.499 2.319 1.981 1.788 1.813 2.092 2.772 3.886 5.490 7.394 8.964 10.161 11.092 11.889 12.615 13.310 14.031 14.737 15.283 15.611 15.724 15.656 15.326 14.663 13.973 13.583 13.433 13.427 13.475 13.486 13.464 13.357 13.074 12.551 11.727 10.586 9.148 7.734 6.541 5.542 4.721 4.067 3.559 3.181 2.906 2.704 2.542
0.000 0.000 0.000 0.000 0.000 0.000 0.000 0.000 0.000 0.000 0.000 0.000 0.000 0.000 0.002 0.006 0.015 0.035 0.072 0.142 0.265 0.473 0.806 1.310 2.026 2.723 3.160 3.386 3.459 3.457 3.377 3.123 2.637 2.312 2.293 2.532 3.194 4.316 5.932 8.012 9.989 11.575 12.818 13.839 14.705 15.446 16.057 16.515 16.805 16.925 16.918 16.710 16.178 15.261 14.332 13.764 13.499 13.427 13.444 13.457 13.429 13.297 12.975 12.407 11.518 10.300 8.795 7.390 6.226 5.269 4.502 3.902 3.447 3.115 2.875 2.700 2.568
0.000 0.000 0.000 0.000 0.000 0.000 0.000 0.000 0.000 0.000 0.000 0.000 0.000 0.000 0.002 0.006 0.016 0.036 0.077 0.155 0.296 0.538 0.934 1.549 2.449 3.422 4.067 4.392 4.495 4.491 4.380 4.043 3.386 2.835 2.723 2.893 3.495 4.599 6.197 8.331 10.659 12.591 14.136 15.331 16.238 16.927 17.430 17.724 17.851 17.835 17.729 17.419 16.751 15.673 14.583 13.882 13.523 13.398 13.371 13.334 13.259 13.077 12.689 12.040 11.035 9.668 8.083 6.709 5.597 4.717 4.042 3.538 3.174 2.921 2.749 2.629 2.541
0.000 0.000 0.000 0.000 0.000 0.000 0.000 0.000 0.000 0.000 0.000 0.000 0.000 0.000 0.002 0.006 0.016 0.037 0.079 0.160 0.310 0.570 1.004 1.690 2.713 3.959 4.850 5.329 5.506 5.518 5.402 5.017 4.209 3.369 3.088 3.171 3.673 4.740 6.322 8.463 11.014 13.243 15.010 16.338 17.264 17.880 18.242 18.420 18.472 18.420 18.226 17.762 16.996 15.906 14.724 13.931 13.492 13.292 13.183 13.057 12.899 12.621 12.128 11.333 10.153 8.591 6.952 5.627 4.598 3.833 3.291 2.927 2.692 2.548 2.470 2.434 2.428
0.000 0.000 0.000 0.000 0.000 0.000 0.000 0.000 0.000 0.000 0.000 0.000 0.000 0.000 0.002 0.006 0.015 0.035 0.077 0.159 0.312 0.582 1.033 1.757 2.852 4.318 5.498 6.160 6.424 6.467 6.367 5.970 5.071 3.947 3.418 3.385 3.753 4.760 6.358 8.477 11.116 13.588 15.531 16.941 17.870 18.421 18.683 18.790 18.792 18.719 18.452 17.919 17.095 15.993 14.804 13.939 13.410 13.092 12.860 12.608 12.314 11.888 11.243 10.248 8.833 7.047 5.424 4.191 3.294 2.682 2.299 2.090 1.998 1.974 1.998 2.063 2.172
0.000 0.000 0.000 0.000 0.000 0.000 0.000 0.000 0.000 0.000 0.000 0.000 0.000 0.000 0.001 0.004 0.012 0.029 0.067 0.147 0.302 0.578 1.039 1.776 2.907 4.510 6.007 6.903 7.290 7.367 7.285 6.892 5.958 4.591 3.772 3.579 3.794 4.661 6.278 8.441 11.104 13.702 15.740 17.204 18.154 18.660 18.867 18.926 18.892 18.768 18.447 17.909 17.085 15.982 14.807 13.909 13.263 12.794 12.392 11.976 11.500 10.894 10.035 8.779 7.086 5.301 3.914 2.905 2.203 1.746 1.477 1.346 1.306 1.312 1.374 1.519 1.742
0.000 0.000 0.000 0.000 0.000 0.000 0.000 0.000 0.000 0.000 0.000 0.000 0.000 0.000 0.000 0.002 0.006 0.017 0.046 0.114 0.263 0.546 1.024 1.772 2.913 4.577 6.372 7.543 8.101 8.240 8.178 7.807 6.872 5.340 4.209 3.792 3.837 4.433 5.915 8.184 10.966 13.661 15.782 17.283 18.244 18.721 18.897 18.923 18.890 18.749 18.390 17.807 16.967 15.897 14.720 13.813 13.056 12.416 11.830 11.231 10.546 9.715 8.607 7.122 5.400 3.898 2.770 1.969 1.430 1.093 0.906 0.823 0.802 0.809 0.857 0.976 1.196
0.000 0.000 0.000 0.000 0.000 0.000 0.000 0.000 0.000 0.000 0.000 0.000 0.000 0.000 0.000 0.001 0.002 0.007 0.021 0.065 0.189 0.465 0.963 1.736 2.889 4.555 6.586 8.063 8.836 9.081 9.056 8.735 7.834 6.222 4.787 4.105 3.981 4.282 5.383 7.544 10.532 13.477 15.725 17.256 18.202 18.677 18.851 18.861 18.763 18.529 18.085 17.437 16.590 15.577 14.497 13.589 12.772 12.026 11.292 10.538 9.673 8.621 7.298 5.673 4.097 2.850 1.939 1.311 0.904 0.659 0.530 0.475 0.462 0.467 0.501 0.586 0.740
0.000 0.000 0.000 0.000 0.000 0.000 0.000 0.000 0.000 0.000 0.000 0.000 0.000 0.000 0.000 0.000 0.001 0.002 0.008 0.029 0.106 0.340 0.838 1.648 2.820 4.489 6.666 8.444 9.475 9.874 9.908 9.660 8.849 7.246 5.569 4.631 4.316 4.403 5.066 6.729 9.603 13.015 15.505 17.107 18.056 18.476 18.595 18.587 18.432 18.056 17.458 16.702 15.825 14.912 14.016 13.169 12.375 11.602 10.790 9.920 8.896 7.654 6.137 4.490 3.112 2.074 1.344 0.861 0.560 0.385 0.294 0.256 0.247 0.250 0.272 0.328 0.430
0.000 0.000 0.000 0.000 0.000 0.000 0.000 0.000 0.000 0.000 0.000 0.000 0.000 0.000 0.000 0.000 0.000 0.001 0.004 0.015 0.055 0.213 0.656 1.485 2.701 4.378 6.612 8.676 9.988 10.580 10.697 10.543 9.876 8.378 6.584 5.475 4.957 4.852 5.167 6.266 8.496 11.918 14.902 16.685 17.660 18.060 18.160 18.059 17.758 17.199 16.401 15.454 14.544 13.781 13.103 12.459 11.811 11.100 10.279 9.323 8.160 6.745 5.089 3.546 2.350 1.494 0.921 0.558 0.341 0.218 0.154 0.126 0.117 0.119 0.133 0.167 0.229
0.000 0.000 0.000 0.000 0.000 0.000 0.000 0.000 0.000 0.000 0.000 0.000 0.000 0.000 0.000 0.000 0.001 0.001 0.004 0.012 0.038 0.131 0.460 1.237 2.511 4.236 6.501 8.773 10.340 11.154 11.389 11.317 10.791 9.487 7.773 6.627 5.979 5.710 5.745 6.342 7.819 10.417 13.544 15.706 16.851 17.274 17.320 17.122 16.652 15.888 14.857 13.642 12.694 12.102 11.708 11.354 10.971 10.431 9.684 8.684 7.416 5.855 4.159 2.764 1.744 1.056 0.619 0.356 0.204 0.120 0.075 0.054 0.048 0.048 0.055 0.074 0.105
0.000 0.000 0.000 0.000 0.000 0.000 0.000 0.000 0.000 0.000 0.000 0.000 0.000 0.000 0.000 0.000 0.001 0.002 0.006 0.015 0.038 0.105 0.317 0.940 2.204 4.051 6.372 8.740 10.511 11.573 11.960 11.953 11.553 10.466 8.990 7.976 7.348 6.992 6.853 6.995 7.755 9.318 11.677 13.950 15.349 15.897 15.926 15.643 15.026 14.100 12.888 11.441 10.384 9.899 9.803 9.810 9.746 9.447 8.848 7.908 6.613 4.955 3.314 2.089 1.252 0.722 0.404 0.221 0.119 0.062 0.032 0.020 0.016 0.016 0.019 0.027 0.040
0.000 0.000 0.000 0.000 0.000 0.000 0.000 0.000 0.000 0.000 0.000 0.000 0.000 0.000 0.000 0.001 0.002 0.005 0.012 0.026 0.055 0.120 0.277 0.696 1.763 3.677 6.184 8.651 10.552 11.803 12.365 12.436 12.156 11.345 10.150 9.251 8.690 8.355 8.206 8.192 8.356 8.938 10.132 11.783 13.098 13.708 13.776 13.539 12.986 12.106 10.948 9.570 8.381 7.724 7.591 7.767 8.018 7.980 7.613 6.834 5.626 3.995 2.508 1.494 0.853 0.471 0.253 0.131 0.064 0.028 0.012 0.006 0.005 0.005 0.007 0.009 0.014
0.000 0.000 0.000 0.000 0.000 0.000 0.000 0.000 0.000 0.000 0.000 0.000 0.000 0.000 0.000 0.002 0.004 0.011 0.025 0.053 0.101 0.183 0.329 0.634 1.345 2.936 5.502 8.274 10.408 11.826 12.540 12.708 12.570 12.069 11.177 10.331 9.756 9.364 9.137 9.016 8.923 8.886 9.184 9.919 10.774 11.215 11.283 11.155 10.770 10.088 9.122 7.964 6.773 5.951 5.612 5.614 5.860 6.001 5.882 5.357 4.353 2.924 1.737 0.990 0.543 0.288 0.146 0.069 0.029 0.011 0.004 0.003 0.003 0.003 0.003 0.004 0.006
0.000 0.000 0.000 0.000 0.000 0.000 0.000 0.000 0.000 0.000 0.000 0.000 0.000 0.000 0.001 0.003 0.010 0.023 0.052 0.105 0.194 0.326 0.502 0.761 1.252 2.236 4.056 6.696 9.310 11.225 12.338 12.722 12.723 12.471 11.877 11.103 10.428 9.913 9.554 9.275 9.011 8.680 8.421 8.455 8.756 8.947 8.955 8.803 8.471 7.959 7.249 6.374 5.359 4.506 4.017 3.870 3.920 4.018 3.969 3.641 2.932 1.906 1.097 0.603 0.318 0.160 0.073 0.030 0.010 0.004 0.002 0.002 0.002 0.002 0.002 0.003 0.003
0.000 0.000 0.000 0.000 0.000 0.000 0.000 0.000 0.000 0.000 0.000 0.000 0.000 0.000 0.002 0.006 0.017 0.043 0.097 0.193 0.350 0.573 0.840 1.127 1.501 2.141 3.144 4.591 6.666 9.003 10.988 12.098 12.512 12.446 12.063 11.386 10.620 10.007 9.546 9.155 8.738 8.159 7.505 7.091 6.935 6.855 6.707 6.483 6.182 5.800 5.314 4.719 4.001 3.270 2.757 2.511 2.451 2.477 2.458 2.259 1.799 1.135 0.633 0.334 0.166 0.075 0.029 0.010 0.003 0.002 0.002 0.002 0.002 0.002 0.002 0.002 0.003
0.000 0.000 0.000 0.000 0.000 0.000 0.000 0.000 0.000 0.000 0.000 0.000 0.000 0.000 0.002 0.006 0.020 0.055 0.136 0.299 0.572 0.952 1.386 1.782 2.159 2.584 3.171 3.908 4.830 6.119 7.936 9.903 11.213 11.596 11.509 11.056 10.305 9.558 8.921 8.332 7.731 6.999 6.191 5.575 5.143 4.818 4.541 4.301 4.060 3.805 3.500 3.123 2.664 2.146 1.733 1.490 1.392 1.376 1.369 1.265 1.000 0.614 0.330 0.164 0.073 0.028 0.009 0.003 0.002 0.002 0.002 0.002 0.002 0.002 0.002 0.002 0.002
0.000 0.000 0.000 0.000 0.000 0.000 0.000 0.000 0.000 0.000 0.000 0.000 0.000 0.000 0.002 0.006 0.020 0.056 0.147 0.350 0.739 1.354 2.093 2.690 3.177 3.559 3.832 4.081 4.379 4.754 5.329 6.456 7.897 8.800 9.070 8.944 8.475 7.785 7.073 6.400 5.743 5.014 4.274 3.689 3.220 2.860 2.601 2.417 2.268 2.120 1.953 1.751 1.492 1.180 0.923 0.763 0.690 0.669 0.662 0.618 0.490 0.295 0.151 0.068 0.026 0.008 0.003 0.002 0.002 0.002 0.002 0.002 0.002 0.002 0.002 0.002 0.002
0.000 0.000 0.000 0.000 0.000 0.000 0.000 0.000 0.000 0.000 0.000 0.000 0.000 0.000 0.001 0.005 0.016 0.050 0.140 0.351 0.791 1.572 2.622 3.418 3.948 4.264 4.400 4.429 4.388 4.275 4.066 3.897 3.985 4.124 4.202 4.206 4.125 3.906 3.574 3.199 2.825 2.441 2.055 1.752 1.505 1.302 1.156 1.064 1.002 0.943 0.877 0.795 0.679 0.525 0.399 0.323 0.288 0.276 0.271 0.254 0.205 0.121 0.057 0.023 0.008 0.003 0.002 0.002 0.002 0.002 0.002 0.002 0.002 0.002 0.002 0.002 0.002
0.000 0.000 0.000 0.000 0.000 0.000 0.000 0.000 0.000 0.000 0.000 0.000 0.000 0.000 0.001 0.002 0.009 0.032 0.107 0.309 0.763 1.615 2.847 3.753 4.248 4.465 4.522 4.496 4.319 3.903 3.219 2.415 1.784 1.392 1.176 1.059 0.994 0.956 0.925 0.889 0.841 0.766 0.657 0.553 0.467 0.397 0.353 0.334 0.326 0.319 0.308 0.287 0.250 0.190 0.139 0.111 0.097 0.092 0.089 0.084 0.068 0.039 0.016 0.006 0.003 0.002 0.002 0.002 0.002 0.002 0.002 0.002 0.002 0.002 0.002 0.002 0.002
0.000 0.000 0.000 0.000 0.000 0.000 0.000 0.000 0.000 0.000 0.000 0.000 0.000 0.000 0.001 0.001 0.004 0.019 0.071 0.232 0.650 1.519 2.815 3.746 4.217 4.392 4.414 4.291 3.881 3.124 2.159 1.337 0.875 0.628 0.492 0.403 0.309 0.218 0.170 0.154 0.151 0.148 0.134 0.111 0.091 0.077 0.070 0.070 0.073 0.077 0.080 0.079 0.072 0.055 0.038 0.029 0.026 0.024 0.023 0.022 0.017 0.010 0.004 0.003 0.002 0.002 0.002 0.002 0.002 0.002 0.002 0.002 0.002 0.002 0.002 0.002 0.002
0.000 0.000 0.000 0.000 0.000 0.000 0.000 0.000 0.000 0.000 0.000 0.000 0.000 0.000 0.001 0.001 0.004 0.017 0.064 0.211 0.591 1.377 2.579 3.460 3.868 3.970 3.876 3.444 2.564 1.638 0.996 0.643 0.475 0.402 0.359 0.308 0.226 0.134 0.082 0.057 0.046 0.040 0.034 0.026 0.018 0.013 0.011 0.011 0.012 0.014 0.016 0.017 0.016 0.013 0.008 0.006 0.005 0.005 0.005 0.005 0.004 0.003 0.002 0.002 0.002 0.002 0.002 0.002 0.002 0.002 0.002 0.002 0.002 0.002 0.002 0.002 0.002
0.000 0.000 0.000 0.000 0.000 0.000 0.000 0.000 0.000 0.000 0.000 0.000 0.000 0.000 0.001 0.002 0.006 0.021 0.075 0.233 0.629 1.414 2.342 2.908 3.118 3.079 2.706 1.926 1.137 0.684 0.464 0.371 0.339 0.328 0.311 0.269 0.185 0.104 0.063 0.043 0.033 0.027 0.021 0.015 0.009 0.005 0.003 0.002 0.002 0.002 0.002 0.003 0.003 0.002 0.002 0.001 0.001 0.001 0.001 0.001 0.002 0.002 0.002 0.002 0.002 0.002 0.002 0.002 0.002 0.002 0.002 0.002 0.002 0.002 0.002 0.002 0.002
0.000 0.000 0.000 0.000 0.000 0.000 0.000 0.000 0.000 0.000 0.000 0.000 0.000 0.001 0.001 0.003 0.011 0.035 0.112 0.317 0.793 1.605 2.232 2.486 2.500 2.290 1.706 0.984 0.554 0.364 0.299 0.290 0.296 0.295 0.280 0.233 0.147 0.082 0.051 0.036 0.029 0.023 0.018 0.013 0.007 0.004 0.002 0.002 0.002 0.002 0.002 0.002 0.002 0.002 0.002 0.002 0.002 0.002 0.002 0.002 0.002 0.002 0.002 0.002 0.002 0.002 0.002 0.002 0.002 0.002 0.002 0.002 0.002 0.002 0.002 0.002 0.002
0.000 0.000 0.000 0.000 0.000 0.000 0.000 0.000 0.000 0.000 0.000 0.001 0.001 0.002 0.003 0.007 0.021 0.062 0.176 0.450 1.014 1.748 2.132 2.226 2.152 1.791 1.099 0.569 0.338 0.262 0.251 0.264 0.275 0.273 0.252 0.195 0.113 0.065 0.042 0.031 0.025 0.021 0.016 0.011 0.006 0.003 0.002 0.001 0.001 0.001 0.001 0.001 0.001 0.001 0.001 0.001 0.001 0.001 0.001 0.001 0.002 0.002 0.002 0.002 0.002 0.002 0.002 0.002 0.002 0.002 0.002 0.002 0.002 0.002 0.002 0.002 0.002
0.000 0.000 0.000 0.000 0.000 0.000 0.000 0.000 0.000 0.001 0.001 0.002 0.002 0.004 0.007 0.015 0.038 0.100 0.254 0.588 1.196 1.758 1.977 1.993 1.826 1.309 0.679 0.363 0.249 0.223 0.229 0.252 0.259 0.254 0.227 0.161 0.089 0.053 0.035 0.027 0.022 0.018 0.015 0.010 0.006 0.003 0.001 0.001 0.001 0.001 0.001 0.001 0.001 0.001 0.001 0.001 0.001 0.001 0.001 0.001 0.002 0.002 0.002 0.002 0.002 0.002 0.002 0.002 0.002 0.002 0.002 0.002 0.002 0.002 0.002 0.002 0.002
0.000 0.000 0.000 0.000 0.000 0.000 0.000 0.000 0.001 0.001 0.002 0.004 0.005 0.009 0.014 0.028 0.061 0.145 0.337 0.728 1.313 1.689 1.786 1.742 1.465 0.875 0.436 0.261 0.208 0.201 0.215 0.239 0.244 0.237 0.203 0.132 0.072 0.044 0.030 0.024 0.020 0.017 0.013 0.009 0.005 0.002 0.001 0.001 0.001 0.001 0.001 0.001 0.001 0.001 0.001 0.001 0.001 0.001 0.002 0.002 0.002 0.002 0.002 0.002 0.002 0.002 0.002 0.002 0.002 0.002 0.002 0.002 0.002 0.002 0.002 0.001 0.001
0.000 0.000 0.000 0.000 0.000 0.000 0.001 0.001 0.002 0.003 0.005 0.007 0.011 0.016 0.025 0.045 0.090 0.195 0.429 0.887 1.376 1.592 1.627 1.528 1.132 0.577 0.301 0.206 0.183 0.185 0.207 0.227 0.230 0.221 0.180 0.106 0.059 0.037 0.027 0.022 0.018 0.015 0.012 0.008 0.004 0.002 0.001 0.001 0.001 0.001 0.001 0.001 0.001 0.001 0.000 0.001 0.001 0.001 0.001 0.002 0.002 0.002 0.002 0.002 0.002 0.002 0.002 0.002 0.002 0.002 0.002 0.002 0.002 0.002 0.001 0.001 0.001
