RESULTS/r.avaflow_results/12_results/12_ascii/12_hflow10050.asc
ncols 506
nrows 317
xllcenter 498237.50
yllcenter 5580050.00
cellsize 12.50
NODATA_value -9999.000
[rows 170 to 203 of 317, columns 154 to 230 of 506]
1.862 1.662 1.490 1.339 1.204 1.082 0.969 0.864 0.766 0.675 0.591 0.514 0.444 0.380 0.322 0.270 0.224 0.182 0.145 0.113 0.085 0.062 0.044 0.032 0.023 0.018 0.014 0.012 0.011 0.010 0.010 0.010 0.010 0.009 0.009 0.009 0.009 0.009 0.009 0.009 0.009 0.008 0.008 0.007 0.007 0.006 0.005 0.004 0.004 0.003 0.003 0.002 0.002 0.002 0.001 0.001 0.001 0.001 0.001 0.001 0.001 0.001 0.001 0.001 0.001 0.001 0.001 0.000 0.000 0.000 0.000 0.000 0.000 0.000 0.000 0.000 0.000
1.995 1.800 1.626 1.467 1.318 1.180 1.052 0.933 0.823 0.723 0.632 0.550 0.476 0.410 0.351 0.298 0.251 0.210 0.173 0.139 0.109 0.084 0.062 0.045 0.033 0.025 0.019 0.015 0.013 0.012 0.011 0.011 0.010 0.010 0.010 0.010 0.010 0.009 0.009 0.009 0.009 0.008 0.007 0.007 0.006 0.005 0.004 0.003 0.002 0.002 0.001 0.001 0.001 0.001 0.001 0.001 0.001 0.001 0.001 0.001 0.001 0.001 0.001 0.001 0.001 0.001 0.000 0.000 0.000 0.000 0.000 0.000 0.000 0.000 0.000 0.000 0.000
2.093 1.899 1.718 1.547 1.385 1.234 1.096 0.969 0.853 0.749 0.655 0.571 0.496 0.428 0.368 0.314 0.267 0.224 0.187 0.154 0.125 0.099 0.077 0.058 0.043 0.032 0.023 0.018 0.014 0.012 0.011 0.011 0.011 0.010 0.010 0.010 0.009 0.009 0.009 0.008 0.008 0.007 0.006 0.006 0.005 0.004 0.003 0.002 0.001 0.001 0.001 0.001 0.001 0.001 0.001 0.001 0.001 0.001 0.001 0.001 0.001 0.000 0.000 0.000 0.000 0.000 0.000 0.000 0.000 0.000 0.000 0.000 0.000 0.000 0.000 0.000 0.000
2.151 1.957 1.770 1.592 1.424 1.268 1.127 0.998 0.880 0.774 0.677 0.591 0.514 0.444 0.382 0.327 0.277 0.234 0.196 0.163 0.134 0.108 0.085 0.066 0.050 0.037 0.027 0.020 0.015 0.013 0.011 0.011 0.010 0.010 0.009 0.009 0.009 0.008 0.008 0.007 0.006 0.005 0.004 0.003 0.003 0.002 0.001 0.001 0.001 0.001 0.001 0.001 0.001 0.001 0.001 0.001 0.000 0.000 0.000 0.000 0.000 0.000 0.000 0.000 0.000 0.000 0.000 0.000 0.000 0.000 0.000 0.000 0.000 0.000 0.000 0.000 0.000
2.176 1.980 1.793 1.616 1.450 1.296 1.154 1.025 0.906 0.797 0.698 0.610 0.530 0.459 0.395 0.338 0.287 0.242 0.203 0.169 0.139 0.113 0.090 0.071 0.054 0.041 0.030 0.022 0.016 0.013 0.011 0.010 0.009 0.009 0.008 0.007 0.007 0.006 0.006 0.005 0.004 0.003 0.002 0.002 0.001 0.001 0.001 0.001 0.001 0.001 0.001 0.001 0.001 0.000 0.000 0.000 0.000 0.000 0.000 0.000 0.000 0.000 0.000 0.000 0.000 0.000 0.000 0.000 0.000 0.000 0.000 0.000 0.000 0.000 0.000 0.000 0.000
2.179 1.986 1.805 1.632 1.471 1.320 1.179 1.050 0.929 0.819 0.718 0.627 0.545 0.472 0.405 0.346 0.294 0.248 0.208 0.172 0.142 0.116 0.093 0.073 0.057 0.043 0.032 0.023 0.017 0.013 0.010 0.009 0.008 0.007 0.006 0.005 0.004 0.004 0.003 0.003 0.002 0.002 0.001 0.001 0.001 0.001 0.001 0.001 0.001 0.001 0.001 0.001 0.000 0.000 0.000 0.000 0.000 0.000 0.000 0.000 0.000 0.000 0.000 0.000 0.000 0.000 0.000 0.000 0.000 0.000 0.000 0.000 0.000 0.000 0.000 0.000 0.000
2.178 1.986 1.809 1.643 1.487 1.340 1.200 1.071 0.951 0.839 0.736 0.643 0.558 0.482 0.414 0.353 0.299 0.252 0.210 0.175 0.144 0.118 0.095 0.075 0.058 0.044 0.033 0.024 0.017 0.013 0.010 0.008 0.006 0.005 0.004 0.003 0.002 0.002 0.002 0.001 0.001 0.001 0.001 0.001 0.001 0.001 0.001 0.001 0.001 0.001 0.001 0.000 0.000 0.000 0.000 0.000 0.000 0.000 0.000 0.000 0.000 0.000 0.000 0.000 0.000 0.000 0.000 0.000 0.000 0.000 0.000 0.000 0.000 0.000 0.000 0.000 0.000
2.171 1.983 1.810 1.650 1.499 1.356 1.218 1.090 0.969 0.856 0.752 0.656 0.568 0.490 0.420 0.357 0.302 0.254 0.212 0.176 0.145 0.118 0.095 0.076 0.059 0.044 0.033 0.024 0.017 0.012 0.009 0.006 0.004 0.003 0.002 0.002 0.001 0.001 0.001 0.001 0.001 0.001 0.001 0.001 0.001 0.001 0.001 0.001 0.001 0.001 0.001 0.000 0.000 0.000 0.000 0.000 0.000 0.000 0.000 0.000 0.000 0.000 0.000 0.000 0.000 0.000 0.000 0.000 0.000 0.000 0.000 0.000 0.000 0.000 0.000 0.000 0.000
2.158 1.973 1.805 1.651 1.507 1.368 1.235 1.108 0.986 0.873 0.767 0.668 0.578 0.497 0.424 0.360 0.303 0.254 0.212 0.176 0.145 0.118 0.096 0.076 0.058 0.044 0.031 0.022 0.015 0.010 0.007 0.004 0.003 0.002 0.001 0.001 0.001 0.001 0.001 0.001 0.001 0.001 0.001 0.001 0.001 0.001 0.001 0.001 0.001 0.001 0.001 0.000 0.000 0.000 0.000 0.000 0.000 0.000 0.000 0.000 0.000 0.000 0.000 0.000 0.000 0.000 0.000 0.000 0.000 0.000 0.000 0.000 0.000 0.000 0.000 0.000 0.000
2.135 1.958 1.796 1.649 1.510 1.378 1.251 1.126 1.005 0.890 0.781 0.681 0.588 0.504 0.428 0.361 0.304 0.254 0.211 0.175 0.144 0.118 0.095 0.074 0.056 0.040 0.027 0.018 0.011 0.007 0.004 0.002 0.002 0.001 0.001 0.001 0.001 0.001 0.001 0.001 0.001 0.001 0.001 0.001 0.001 0.001 0.001 0.001 0.001 0.001 0.001 0.000 0.000 0.000 0.000 0.000 0.000 0.000 0.000 0.000 0.000 0.000 0.000 0.000 0.000 0.000 0.000 0.000 0.000 0.000 0.000 0.000 0.000 0.000 0.000 0.000 0.000
2.102 1.934 1.780 1.641 1.509 1.385 1.266 1.145 1.024 0.907 0.796 0.692 0.596 0.509 0.432 0.363 0.304 0.253 0.209 0.172 0.141 0.113 0.089 0.067 0.047 0.031 0.019 0.011 0.006 0.003 0.002 0.001 0.001 0.001 0.001 0.001 0.001 0.001 0.001 0.001 0.001 0.001 0.001 0.001 0.001 0.001 0.001 0.001 0.001 0.001 0.001 0.000 0.000 0.000 0.000 0.000 0.000 0.000 0.000 0.000 0.000 0.000 0.000 0.000 0.000 0.000 0.000 0.000 0.000 0.000 0.000 0.000 0.000 0.000 0.000 0.000 0.000
2.060 1.900 1.757 1.626 1.505 1.390 1.278 1.165 1.046 0.924 0.807 0.699 0.601 0.513 0.434 0.365 0.304 0.251 0.205 0.166 0.131 0.100 0.073 0.050 0.031 0.018 0.009 0.005 0.003 0.002 0.001 0.001 0.001 0.001 0.001 0.001 0.001 0.001 0.001 0.001 0.001 0.001 0.001 0.001 0.001 0.001 0.001 0.001 0.001 0.001 0.001 0.000 0.000 0.000 0.000 0.000 0.000 0.000 0.000 0.000 0.000 0.000 0.000 0.000 0.000 0.000 0.000 0.000 0.000 0.000 0.000 0.000 0.000 0.000 0.000 0.000 0.000
2.005 1.857 1.725 1.606 1.496 1.390 1.285 1.177 1.061 0.936 0.813 0.703 0.603 0.514 0.435 0.365 0.302 0.245 0.194 0.148 0.107 0.071 0.044 0.025 0.014 0.007 0.004 0.002 0.001 0.001 0.001 0.001 0.001 0.001 0.001 0.001 0.001 0.001 0.001 0.001 0.001 0.001 0.001 0.001 0.001 0.001 0.001 0.001 0.001 0.001 0.001 0.001 0.000 0.000 0.000 0.000 0.000 0.000 0.000 0.000 0.000 0.000 0.000 0.000 0.000 0.000 0.000 0.000 0.000 0.000 0.000 0.000 0.000 0.000 0.000 0.000 0.000
1.941 1.805 1.683 1.577 1.479 1.384 1.286 1.181 1.066 0.940 0.811 0.696 0.595 0.506 0.426 0.353 0.285 0.221 0.161 0.107 0.063 0.034 0.017 0.009 0.005 0.003 0.002 0.001 0.001 0.001 0.001 0.001 0.001 0.001 0.001 0.001 0.001 0.001 0.001 0.001 0.001 0.001 0.001 0.001 0.001 0.001 0.001 0.001 0.001 0.001 0.001 0.001 0.001 0.000 0.000 0.000 0.000 0.000 0.000 0.000 0.000 0.000 0.000 0.000 0.000 0.000 0.000 0.000 0.000 0.000 0.000 0.000 0.000 0.000 0.000 0.000 0.000
1.870 1.745 1.632 1.530 1.434 1.342 1.247 1.145 1.035 0.910 0.774 0.651 0.547 0.456 0.375 0.298 0.224 0.153 0.092 0.049 0.023 0.011 0.005 0.003 0.002 0.001 0.001 0.001 0.001 0.001 0.001 0.001 0.001 0.001 0.001 0.001 0.001 0.001 0.001 0.001 0.001 0.001 0.001 0.001 0.001 0.001 0.002 0.002 0.002 0.001 0.001 0.001 0.001 0.000 0.000 0.000 0.000 0.000 0.000 0.000 0.000 0.000 0.000 0.000 0.000 0.000 0.000 0.000 0.000 0.000 0.000 0.000 0.000 0.000 0.000 0.000 0.000
1.785 1.662 1.534 1.408 1.290 1.185 1.086 0.989 0.889 0.776 0.645 0.521 0.415 0.324 0.244 0.174 0.112 0.063 0.032 0.014 0.006 0.003 0.002 0.001 0.001 0.001 0.001 0.001 0.001 0.001 0.001 0.001 0.001 0.001 0.001 0.001 0.001 0.001 0.001 0.001 0.001 0.002 0.002 0.002 0.002 0.002 0.002 0.002 0.002 0.002 0.002 0.002 0.001 0.001 0.000 0.000 0.000 0.000 0.000 0.000 0.000 0.000 0.000 0.000 0.000 0.000 0.000 0.000 0.000 0.000 0.000 0.000 0.000 0.000 0.000 0.000 0.000
1.625 1.462 1.283 1.109 0.953 0.824 0.722 0.636 0.558 0.476 0.380 0.283 0.202 0.140 0.094 0.060 0.035 0.018 0.008 0.004 0.002 0.001 0.001 0.001 0.001 0.001 0.001 0.001 0.001 0.001 0.001 0.001 0.001 0.001 0.001 0.001 0.002 0.002 0.002 0.002 0.002 0.002 0.002 0.002 0.003 0.003 0.003 0.004 0.004 0.004 0.003 0.002 0.001 0.001 0.000 0.000 0.000 0.000 0.000 0.000 0.000 0.000 0.000 0.000 0.000 0.000 0.000 0.000 0.000 0.000 0.000 0.000 0.000 0.000 0.000 0.000 0.000
1.265 1.030 0.808 0.622 0.481 0.383 0.313 0.262 0.221 0.181 0.139 0.099 0.066 0.042 0.026 0.016 0.009 0.005 0.002 0.001 0.001 0.001 0.001 0.001 0.001 0.001 0.001 0.001 0.001 0.001 0.001 0.001 0.002 0.002 0.002 0.002 0.002 0.002 0.002 0.002 0.003 0.003 0.003 0.004 0.004 0.005 0.006 0.006 0.006 0.006 0.005 0.003 0.002 0.001 0.000 0.000 0.000 0.000 0.000 0.000 0.000 0.000 0.000 0.000 0.000 0.000 0.000 0.000 0.000 0.000 0.000 0.000 0.000 0.000 0.000 0.000 0.000
0.721 0.519 0.373 0.269 0.196 0.146 0.111 0.088 0.070 0.054 0.040 0.028 0.018 0.011 0.007 0.005 0.003 0.002 0.001 0.001 0.001 0.001 0.001 0.001 0.001 0.001 0.001 0.001 0.002 0.002 0.002 0.002 0.002 0.002 0.002 0.003 0.003 0.003 0.003 0.004 0.004 0.005 0.006 0.007 0.008 0.009 0.010 0.010 0.010 0.009 0.006 0.004 0.002 0.001 0.000 0.000 0.000 0.000 0.000 0.000 0.000 0.000 0.000 0.000 0.000 0.000 0.000 0.000 0.000 0.000 0.000 0.000 0.000 0.000 0.000 0.000 0.000
0.324 0.220 0.152 0.107 0.076 0.054 0.039 0.029 0.022 0.016 0.012 0.008 0.006 0.004 0.002 0.002 0.001 0.001 0.001 0.001 0.001 0.001 0.001 0.001 0.001 0.002 0.002 0.002 0.002 0.002 0.002 0.003 0.003 0.003 0.004 0.004 0.005 0.005 0.006 0.007 0.009 0.010 0.011 0.013 0.014 0.016 0.017 0.017 0.015 0.011 0.007 0.004 0.002 0.001 0.000 0.000 0.000 0.000 0.000 0.000 0.000 0.000 0.000 0.000 0.000 0.000 0.000 0.000 0.000 0.000 0.000 0.000 0.000 0.000 0.000 0.000 0.000
0.131 0.087 0.060 0.042 0.029 0.020 0.014 0.010 0.007 0.005 0.004 0.003 0.002 0.002 0.001 0.001 0.001 0.001 0.001 0.001 0.001 0.001 0.001 0.002 0.002 0.002 0.002 0.003 0.003 0.004 0.004 0.005 0.005 0.006 0.007 0.008 0.009 0.011 0.014 0.016 0.019 0.022 0.024 0.026 0.027 0.028 0.027 0.023 0.017 0.011 0.007 0.004 0.002 0.001 0.000 0.000 0.000 0.000 0.000 0.000 0.000 0.000 0.000 0.000 0.000 0.000 0.000 0.000 0.000 0.000 0.000 0.000 0.000 0.000 0.000 0.000 0.000
0.051 0.034 0.024 0.016 0.011 0.008 0.005 0.004 0.003 0.002 0.002 0.002 0.001 0.001 0.001 0.001 0.001 0.001 0.001 0.001 0.001 0.002 0.002 0.002 0.003 0.003 0.004 0.004 0.005 0.006 0.008 0.009 0.011 0.013 0.015 0.018 0.021 0.026 0.031 0.036 0.040 0.043 0.045 0.044 0.042 0.038 0.033 0.025 0.017 0.011 0.007 0.004 0.002 0.001 0.000 0.000 0.000 0.000 0.000 0.000 0.000 0.000 0.000 0.000 0.000 0.000 0.000 0.000 0.000 0.000 0.000 0.000 0.000 0.000 0.000 0.000 0.000
0.020 0.014 0.010 0.007 0.005 0.004 0.003 0.002 0.002 0.001 0.001 0.001 0.001 0.001 0.001 0.001 0.001 0.001 0.001 0.002 0.002 0.002 0.003 0.003 0.004 0.005 0.007 0.009 0.011 0.014 0.017 0.020 0.025 0.030 0.035 0.042 0.050 0.058 0.065 0.069 0.070 0.067 0.062 0.056 0.050 0.043 0.034 0.025 0.017 0.011 0.007 0.004 0.002 0.001 0.000 0.000 0.000 0.000 0.000 0.000 0.000 0.000 0.000 0.000 0.000 0.000 0.000 0.000 0.000 0.000 0.000 0.000 0.000 0.000 0.000 0.000 0.000
0.009 0.006 0.005 0.003 0.003 0.002 0.002 0.001 0.001 0.001 0.001 0.001 0.001 0.001 0.001 0.001 0.001 0.002 0.002 0.002 0.003 0.003 0.004 0.006 0.008 0.011 0.015 0.020 0.026 0.033 0.041 0.050 0.060 0.070 0.080 0.090 0.099 0.104 0.102 0.096 0.087 0.078 0.069 0.060 0.052 0.043 0.034 0.025 0.017 0.011 0.007 0.004 0.002 0.001 0.000 0.000 0.000 0.000 0.000 0.000 0.000 0.000 0.000 0.000 0.000 0.000 0.000 0.000 0.000 0.000 0.000 0.000 0.000 0.000 0.000 0.000 0.000
0.004 0.003 0.003 0.002 0.002 0.001 0.001 0.001 0.001 0.001 0.001 0.001 0.001 0.001 0.001 0.001 0.002 0.002 0.002 0.003 0.004 0.006 0.008 0.012 0.017 0.025 0.036 0.049 0.064 0.079 0.095 0.111 0.127 0.139 0.146 0.148 0.144 0.135 0.121 0.107 0.092 0.080 0.069 0.060 0.051 0.042 0.033 0.023 0.016 0.010 0.006 0.003 0.002 0.001 0.000 0.000 0.000 0.000 0.000 0.000 0.000 0.000 0.000 0.000 0.000 0.000 0.000 0.000 0.000 0.000 0.000 0.000 0.000 0.000 0.000 0.000 0.000
0.002 0.002 0.002 0.001 0.001 0.001 0.001 0.001 0.001 0.001 0.001 0.001 0.001 0.001 0.002 0.002 0.002 0.003 0.004 0.005 0.008 0.011 0.017 0.027 0.041 0.062 0.089 0.118 0.143 0.165 0.183 0.194 0.200 0.200 0.194 0.182 0.166 0.146 0.126 0.108 0.092 0.079 0.068 0.058 0.049 0.039 0.029 0.021 0.014 0.009 0.005 0.003 0.001 0.000 0.000 0.000 0.000 0.000 0.000 0.000 0.000 0.000 0.000 0.000 0.000 0.000 0.000 0.000 0.000 0.000 0.000 0.000 0.000 0.000 0.000 0.000 0.000
0.002 0.001 0.001 0.001 0.001 0.001 0.001 0.001 0.001 0.001 0.001 0.001 0.002 0.002 0.002 0.003 0.003 0.005 0.007 0.010 0.015 0.025 0.041 0.065 0.100 0.143 0.186 0.218 0.237 0.246 0.250 0.247 0.240 0.228 0.212 0.193 0.170 0.147 0.125 0.107 0.090 0.076 0.063 0.052 0.042 0.032 0.023 0.016 0.011 0.007 0.004 0.002 0.001 0.000 0.000 0.000 0.000 0.000 0.000 0.000 0.000 0.000 0.000 0.000 0.000 0.000 0.000 0.000 0.000 0.000 0.000 0.000 0.000 0.000 0.000 0.000 0.000
0.001 0.001 0.001 0.001 0.001 0.001 0.001 0.001 0.001 0.001 0.002 0.002 0.002 0.002 0.003 0.004 0.005 0.008 0.012 0.020 0.034 0.057 0.092 0.141 0.194 0.239 0.269 0.285 0.290 0.288 0.281 0.269 0.253 0.234 0.214 0.193 0.170 0.145 0.123 0.103 0.085 0.069 0.054 0.041 0.030 0.021 0.015 0.010 0.007 0.004 0.003 0.001 0.001 0.000 0.000 0.000 0.000 0.000 0.000 0.000 0.000 0.000 0.000 0.000 0.000 0.000 0.000 0.000 0.000 0.000 0.000 0.000 0.000 0.000 0.000 0.000 0.000
0.001 0.001 0.001 0.001 0.001 0.001 0.001 0.001 0.002 0.002 0.002 0.002 0.003 0.003 0.004 0.006 0.009 0.015 0.025 0.043 0.071 0.113 0.166 0.220 0.264 0.293 0.307 0.311 0.309 0.303 0.291 0.275 0.255 0.234 0.213 0.192 0.168 0.141 0.116 0.093 0.072 0.054 0.038 0.026 0.018 0.012 0.008 0.006 0.004 0.003 0.001 0.001 0.000 0.000 0.000 0.000 0.000 0.000 0.000 0.000 0.000 0.000 0.000 0.000 0.000 0.000 0.000 0.000 0.000 0.000 0.000 0.000 0.000 0.000 0.000 0.000 0.000
0.001 0.001 0.001 0.001 0.001 0.001 0.001 0.002 0.002 0.002 0.003 0.003 0.004 0.005 0.007 0.010 0.017 0.028 0.048 0.078 0.119 0.169 0.218 0.260 0.291 0.310 0.316 0.317 0.315 0.308 0.294 0.276 0.254 0.231 0.207 0.183 0.156 0.126 0.097 0.072 0.050 0.033 0.022 0.015 0.010 0.007 0.005 0.003 0.002 0.001 0.001 0.000 0.000 0.000 0.000 0.000 0.000 0.000 0.000 0.000 0.000 0.000 0.000 0.000 0.000 0.000 0.000 0.000 0.000 0.000 0.000 0.000 0.000 0.000 0.000 0.000 0.000
0.001 0.001 0.001 0.001 0.001 0.002 0.002 0.002 0.003 0.003 0.004 0.005 0.006 0.007 0.010 0.016 0.026 0.043 0.069 0.106 0.151 0.197 0.238 0.271 0.296 0.311 0.317 0.319 0.317 0.310 0.295 0.273 0.245 0.214 0.183 0.153 0.122 0.091 0.064 0.042 0.027 0.017 0.011 0.008 0.005 0.004 0.003 0.002 0.001 0.001 0.000 0.000 0.000 0.000 0.000 0.000 0.000 0.000 0.000 0.000 0.000 0.000 0.000 0.000 0.000 0.000 0.000 0.000 0.000 0.000 0.000 0.000 0.000 0.000 0.000 0.000 0.000
0.001 0.001 0.001 0.001 0.002 0.002 0.003 0.004 0.004 0.005 0.006 0.007 0.008 0.009 0.012 0.019 0.031 0.051 0.081 0.119 0.164 0.206 0.241 0.272 0.295 0.309 0.315 0.316 0.312 0.302 0.283 0.253 0.214 0.170 0.131 0.096 0.068 0.046 0.031 0.020 0.013 0.008 0.006 0.004 0.003 0.002 0.001 0.001 0.000 0.000 0.000 0.000 0.000 0.000 0.000 0.000 0.000 0.000 0.000 0.000 0.000 0.000 0.000 0.000 0.000 0.000 0.000 0.000 0.000 0.000 0.000 0.000 0.000 0.000 0.000 0.000 0.000
0.001 0.001 0.001 0.002 0.003 0.004 0.005 0.006 0.007 0.007 0.008 0.008 0.009 0.010 0.013 0.020 0.033 0.054 0.083 0.122 0.166 0.206 0.238 0.263 0.279 0.287 0.288 0.284 0.276 0.260 0.235 0.199 0.152 0.103 0.068 0.044 0.029 0.019 0.013 0.009 0.006 0.004 0.003 0.002 0.001 0.001 0.001 0.000 0.000 0.000 0.000 0.000 0.000 0.000 0.000 0.000 0.000 0.000 0.000 0.000 0.000 0.000 0.000 0.000 0.000 0.000 0.000 0.000 0.000 0.000 0.000 0.000 0.000 0.000 0.000 0.000 0.000
0.001 0.001 0.002 0.003 0.004 0.006 0.007 0.007 0.008 0.008 0.008 0.009 0.009 0.010 0.013 0.020 0.032 0.053 0.082 0.119 0.159 0.192 0.215 0.227 0.231 0.226 0.215 0.201 0.185 0.166 0.142 0.112 0.077 0.048 0.029 0.018 0.011 0.007 0.005 0.003 0.002 0.002 0.001 0.001 0.001 0.000 0.000 0.000 0.000 0.000 0.000 0.000 0.000 0.000 0.000 0.000 0.000 0.000 0.000 0.000 0.000 0.000 0.000 0.000 0.000 0.000 0.000 0.000 0.000 0.000 0.000 0.000 0.000 0.000 0.000 0.000 0.000
