RESULTS/r.avaflow_results/12_results/12_ascii/12_hflow10039.asc
ncols 506
nrows 317
xllcenter 498237.50
yllcenter 5580050.00
cellsize 12.50
NODATA_value -9999.000
[rows 204 to 237 of 317, columns 77 to 153 of 506]
0.024 0.023 0.020 0.017 0.015 0.013 0.013 0.013 0.014 0.015 0.017 0.019 0.021 0.023 0.027 0.035 0.059 0.130 0.311 0.688 1.387 2.346 3.216 3.761 4.004 4.047 3.948 3.739 3.460 3.133 2.764 2.351 1.883 1.412 1.036 0.772 0.597 0.487 0.422 0.390 0.381 0.385 0.394 0.393 0.371 0.323 0.244 0.157 0.092 0.050 0.025 0.011 0.005 0.002 0.001 0.000 0.000 0.000 0.000 0.000 0.000 0.000 0.000 0.000 0.000 0.001 0.000 0.001 0.001 0.001 0.000 0.000 0.000 0.000 0.000 0.000 0.001
0.029 0.026 0.023 0.020 0.018 0.017 0.017 0.017 0.018 0.018 0.019 0.020 0.022 0.024 0.027 0.033 0.045 0.075 0.142 0.271 0.504 0.916 1.511 2.101 2.545 2.804 2.899 2.851 2.702 2.467 2.163 1.786 1.328 0.910 0.614 0.416 0.289 0.211 0.168 0.150 0.145 0.148 0.159 0.167 0.166 0.151 0.116 0.070 0.039 0.020 0.010 0.004 0.002 0.001 0.000 0.000 0.000 0.000 0.000 0.000 0.000 0.000 0.000 0.000 0.000 0.001 0.001 0.001 0.001 0.000 0.000 0.000 0.000 0.000 0.000 0.000 0.001
0.035 0.031 0.027 0.024 0.022 0.021 0.021 0.021 0.021 0.021 0.021 0.021 0.022 0.024 0.028 0.034 0.046 0.071 0.125 0.191 0.244 0.325 0.481 0.719 0.990 1.248 1.409 1.467 1.464 1.394 1.243 1.016 0.727 0.478 0.303 0.189 0.120 0.081 0.060 0.051 0.049 0.050 0.053 0.059 0.061 0.058 0.047 0.028 0.015 0.007 0.003 0.001 0.001 0.000 0.000 0.000 0.000 0.000 0.000 0.000 0.000 0.000 0.000 0.000 0.001 0.001 0.001 0.001 0.000 0.000 0.000 0.000 0.000 0.000 0.000 0.000 0.001
0.044 0.038 0.033 0.031 0.029 0.027 0.026 0.025 0.024 0.023 0.023 0.023 0.023 0.026 0.030 0.037 0.051 0.082 0.141 0.192 0.212 0.215 0.204 0.217 0.283 0.400 0.501 0.554 0.571 0.565 0.524 0.440 0.316 0.201 0.123 0.074 0.045 0.029 0.020 0.017 0.015 0.015 0.017 0.019 0.020 0.020 0.017 0.010 0.005 0.002 0.001 0.001 0.000 0.000 0.000 0.000 0.000 0.000 0.000 0.000 0.000 0.000 0.000 0.001 0.001 0.001 0.001 0.001 0.000 0.000 0.000 0.000 0.000 0.000 0.000 0.000 0.001
0.059 0.050 0.044 0.040 0.037 0.035 0.032 0.029 0.027 0.025 0.025 0.025 0.025 0.028 0.033 0.043 0.062 0.106 0.169 0.202 0.209 0.197 0.145 0.096 0.085 0.108 0.145 0.168 0.178 0.180 0.174 0.153 0.113 0.072 0.044 0.026 0.016 0.010 0.006 0.005 0.004 0.004 0.005 0.005 0.006 0.006 0.005 0.003 0.002 0.001 0.001 0.000 0.000 0.000 0.000 0.000 0.000 0.000 0.000 0.000 0.000 0.000 0.001 0.001 0.001 0.001 0.001 0.000 0.000 0.000 0.000 0.000 0.000 0.000 0.000 0.000 0.001
0.085 0.072 0.063 0.056 0.049 0.044 0.038 0.034 0.031 0.029 0.028 0.028 0.029 0.032 0.038 0.050 0.077 0.135 0.190 0.210 0.211 0.188 0.120 0.060 0.037 0.032 0.039 0.046 0.050 0.051 0.051 0.047 0.037 0.024 0.014 0.009 0.005 0.003 0.002 0.001 0.001 0.001 0.001 0.001 0.002 0.002 0.001 0.001 0.001 0.001 0.000 0.000 0.000 0.000 0.000 0.000 0.000 0.000 0.000 0.000 0.000 0.001 0.001 0.001 0.001 0.001 0.001 0.000 0.000 0.000 0.000 0.000 0.000 0.000 0.000 0.000 0.001
0.128 0.109 0.093 0.080 0.068 0.057 0.048 0.041 0.036 0.034 0.033 0.033 0.034 0.037 0.044 0.060 0.097 0.162 0.203 0.214 0.210 0.175 0.098 0.046 0.023 0.015 0.013 0.013 0.014 0.014 0.014 0.013 0.011 0.007 0.004 0.003 0.002 0.001 0.001 0.001 0.001 0.001 0.001 0.001 0.000 0.000 0.000 0.000 0.000 0.000 0.000 0.000 0.000 0.000 0.000 0.000 0.000 0.000 0.000 0.000 0.001 0.001 0.001 0.001 0.001 0.001 0.000 0.000 0.000 0.000 0.000 0.000 0.000 0.000 0.000 0.000 0.000
0.188 0.166 0.141 0.119 0.097 0.078 0.063 0.052 0.045 0.041 0.040 0.040 0.041 0.044 0.052 0.071 0.119 0.182 0.210 0.215 0.204 0.154 0.078 0.037 0.019 0.011 0.007 0.006 0.005 0.004 0.004 0.003 0.003 0.002 0.001 0.001 0.001 0.001 0.001 0.001 0.001 0.001 0.000 0.000 0.000 0.000 0.000 0.000 0.000 0.000 0.000 0.001 0.000 0.000 0.000 0.000 0.000 0.000 0.000 0.001 0.001 0.001 0.001 0.001 0.001 0.001 0.000 0.000 0.000 0.000 0.000 0.000 0.000 0.000 0.000 0.000 0.000
0.266 0.244 0.216 0.183 0.148 0.116 0.090 0.072 0.060 0.053 0.050 0.050 0.050 0.053 0.061 0.084 0.141 0.195 0.213 0.214 0.193 0.129 0.063 0.031 0.017 0.010 0.006 0.004 0.003 0.002 0.001 0.001 0.001 0.001 0.000 0.000 0.000 0.001 0.001 0.001 0.001 0.001 0.001 0.000 0.000 0.000 0.000 0.000 0.000 0.000 0.000 0.001 0.000 0.000 0.000 0.000 0.000 0.000 0.001 0.001 0.001 0.001 0.001 0.001 0.001 0.001 0.000 0.000 0.000 0.000 0.000 0.000 0.000 0.000 0.000 0.000 0.000
0.365 0.346 0.317 0.278 0.232 0.181 0.136 0.105 0.084 0.072 0.065 0.063 0.063 0.066 0.074 0.102 0.163 0.205 0.216 0.212 0.177 0.104 0.051 0.027 0.015 0.009 0.006 0.004 0.003 0.002 0.001 0.001 0.000 0.000 0.000 0.000 0.000 0.000 0.001 0.001 0.001 0.001 0.001 0.001 0.000 0.000 0.000 0.000 0.000 0.000 0.000 0.000 0.000 0.000 0.000 0.000 0.000 0.000 0.001 0.001 0.001 0.001 0.001 0.001 0.001 0.000 0.000 0.000 0.000 0.000 0.000 0.000 0.000 0.000 0.000 0.000 0.000
0.487 0.471 0.445 0.405 0.352 0.286 0.216 0.162 0.125 0.102 0.089 0.084 0.083 0.085 0.095 0.128 0.185 0.213 0.219 0.206 0.154 0.082 0.043 0.024 0.015 0.009 0.006 0.004 0.002 0.001 0.001 0.001 0.000 0.000 0.000 0.000 0.000 0.000 0.001 0.000 0.001 0.001 0.001 0.001 0.000 0.000 0.000 0.000 0.000 0.000 0.000 0.000 0.000 0.000 0.000 0.000 0.000 0.001 0.001 0.001 0.001 0.001 0.001 0.001 0.000 0.000 0.000 0.000 0.000 0.000 0.000 0.000 0.000 0.000 0.000 0.000 0.000
0.635 0.624 0.601 0.564 0.509 0.434 0.341 0.255 0.192 0.151 0.126 0.114 0.111 0.112 0.124 0.162 0.207 0.222 0.221 0.192 0.124 0.066 0.037 0.023 0.014 0.009 0.005 0.003 0.002 0.001 0.001 0.001 0.001 0.000 0.000 0.000 0.000 0.000 0.001 0.000 0.000 0.001 0.001 0.001 0.001 0.000 0.000 0.000 0.000 0.000 0.000 0.000 0.000 0.000 0.000 0.000 0.000 0.001 0.001 0.001 0.001 0.001 0.001 0.001 0.000 0.000 0.000 0.000 0.000 0.000 0.000 0.000 0.000 0.000 0.000 0.000 0.000
0.815 0.807 0.789 0.755 0.701 0.623 0.517 0.397 0.299 0.230 0.186 0.161 0.152 0.152 0.164 0.202 0.233 0.238 0.221 0.164 0.094 0.054 0.034 0.022 0.014 0.008 0.005 0.003 0.002 0.001 0.001 0.001 0.001 0.001 0.000 0.000 0.000 0.000 0.001 0.000 0.001 0.001 0.001 0.001 0.001 0.001 0.000 0.000 0.000 0.000 0.000 0.000 0.000 0.000 0.000 0.000 0.000 0.001 0.001 0.001 0.001 0.001 0.001 0.001 0.000 0.000 0.000 0.000 0.000 0.000 0.000 0.000 0.000 0.000 0.000 0.000 0.000
1.029 1.025 1.011 0.982 0.930 0.851 0.740 0.597 0.456 0.351 0.279 0.234 0.213 0.210 0.220 0.249 0.261 0.250 0.202 0.127 0.075 0.049 0.033 0.022 0.014 0.008 0.005 0.003 0.002 0.001 0.001 0.001 0.001 0.001 0.000 0.000 0.000 0.000 0.001 0.000 0.001 0.001 0.001 0.001 0.001 0.001 0.001 0.000 0.000 0.000 0.000 0.000 0.000 0.000 0.000 0.000 0.000 0.000 0.000 0.000 0.000 0.000 0.000 0.000 0.000 0.000 0.000 0.000 0.000 0.000 0.000 0.000 0.000 0.000 0.000 0.000 0.000
1.283 1.281 1.271 1.246 1.198 1.121 1.008 0.855 0.677 0.526 0.417 0.346 0.308 0.295 0.297 0.301 0.285 0.239 0.166 0.103 0.069 0.048 0.033 0.022 0.014 0.008 0.004 0.002 0.001 0.001 0.001 0.000 0.001 0.001 0.000 0.000 0.000 0.000 0.001 0.000 0.000 0.001 0.001 0.001 0.001 0.001 0.001 0.001 0.000 0.000 0.000 0.000 0.000 0.000 0.000 0.000 0.000 0.000 0.000 0.000 0.000 0.000 0.000 0.000 0.000 0.000 0.000 0.000 0.000 0.000 0.000 0.000 0.000 0.000 0.000 0.000 0.000
1.579 1.579 1.572 1.551 1.508 1.435 1.324 1.169 0.970 0.770 0.617 0.512 0.450 0.414 0.385 0.349 0.295 0.219 0.144 0.097 0.068 0.049 0.034 0.023 0.014 0.008 0.004 0.002 0.001 0.001 0.001 0.000 0.000 0.001 0.000 0.000 0.000 0.000 0.001 0.000 0.001 0.001 0.001 0.001 0.001 0.001 0.001 0.001 0.001 0.000 0.000 0.000 0.000 0.000 0.000 0.000 0.000 0.000 0.000 0.000 0.000 0.000 0.000 0.000 0.000 0.000 0.000 0.000 0.000 0.000 0.000 0.000 0.000 0.000 0.000 0.000 0.000
1.920 1.922 1.917 1.900 1.861 1.792 1.686 1.536 1.334 1.098 0.897 0.747 0.639 0.554 0.471 0.385 0.296 0.208 0.141 0.098 0.071 0.052 0.037 0.024 0.014 0.007 0.004 0.002 0.001 0.001 0.001 0.000 0.000 0.000 0.000 0.000 0.000 0.000 0.000 0.000 0.001 0.001 0.001 0.001 0.001 0.001 0.001 0.001 0.001 0.001 0.001 0.000 0.000 0.000 0.000 0.000 0.000 0.000 0.001 0.001 0.001 0.000 0.000 0.000 0.000 0.000 0.000 0.000 0.000 0.000 0.000 0.000 0.000 0.000 0.000 0.000 0.000
2.288 2.296 2.295 2.282 2.249 2.190 2.095 1.959 1.771 1.521 1.257 1.035 0.853 0.695 0.551 0.420 0.304 0.212 0.148 0.107 0.079 0.058 0.040 0.026 0.014 0.007 0.004 0.002 0.001 0.001 0.000 0.000 0.001 0.001 0.000 0.000 0.000 0.000 0.001 0.000 0.001 0.001 0.001 0.001 0.000 0.001 0.001 0.001 0.001 0.001 0.001 0.000 0.000 0.000 0.000 0.000 0.000 0.000 0.000 0.000 0.001 0.000 0.000 0.000 0.000 0.000 0.000 0.000 0.000 0.000 0.000 0.000 0.000 0.000 0.000 0.000 0.000
2.616 2.634 2.637 2.631 2.610 2.567 2.498 2.388 2.218 1.977 1.671 1.354 1.078 0.840 0.636 0.466 0.333 0.237 0.172 0.127 0.094 0.068 0.046 0.027 0.014 0.007 0.003 0.002 0.001 0.001 0.000 0.000 0.000 0.000 0.000 0.000 0.000 0.000 0.001 0.001 0.001 0.001 0.001 0.001 0.000 0.000 0.001 0.001 0.001 0.001 0.001 0.000 0.000 0.000 0.000 0.000 0.000 0.000 0.000 0.001 0.001 0.000 0.000 0.000 0.000 0.000 0.000 0.000 0.000 0.000 0.000 0.000 0.000 0.000 0.000 0.000 0.000
2.895 2.922 2.934 2.935 2.924 2.897 2.847 2.754 2.596 2.366 2.065 1.693 1.318 1.001 0.743 0.543 0.397 0.294 0.221 0.164 0.119 0.082 0.051 0.029 0.014 0.007 0.003 0.002 0.001 0.001 0.001 0.000 0.000 0.000 0.000 0.000 0.000 0.000 0.001 0.001 0.001 0.001 0.001 0.001 0.000 0.000 0.000 0.001 0.001 0.001 0.001 0.000 0.000 0.000 0.000 0.000 0.001 0.000 0.001 0.001 0.000 0.000 0.000 0.000 0.000 0.000 0.000 0.000 0.000 0.000 0.000 0.000 0.000 0.000 0.000 0.000 0.000
3.130 3.164 3.184 3.194 3.193 3.179 3.139 3.053 2.908 2.697 2.410 2.034 1.592 1.199 0.895 0.671 0.512 0.396 0.302 0.223 0.156 0.100 0.057 0.029 0.014 0.006 0.003 0.002 0.001 0.001 0.001 0.001 0.001 0.000 0.000 0.000 0.000 0.000 0.001 0.001 0.001 0.001 0.001 0.001 0.001 0.000 0.000 0.000 0.000 0.001 0.000 0.000 0.000 0.000 0.000 0.001 0.001 0.000 0.001 0.001 0.000 0.000 0.000 0.000 0.000 0.000 0.000 0.000 0.000 0.000 0.000 0.000 0.000 0.000 0.000 0.000 0.000
3.328 3.363 3.387 3.404 3.413 3.407 3.372 3.293 3.163 2.972 2.708 2.357 1.908 1.461 1.122 0.877 0.699 0.556 0.428 0.308 0.202 0.116 0.059 0.028 0.013 0.006 0.003 0.001 0.001 0.001 0.000 0.001 0.001 0.000 0.000 0.000 0.000 0.000 0.001 0.001 0.001 0.001 0.001 0.001 0.001 0.001 0.000 0.000 0.000 0.001 0.000 0.000 0.000 0.000 0.000 0.001 0.001 0.001 0.001 0.001 0.000 0.000 0.000 0.000 0.000 0.000 0.000 0.000 0.000 0.000 0.000 0.000 0.000 0.000 0.000 0.000 0.000
3.490 3.528 3.553 3.571 3.584 3.582 3.549 3.481 3.367 3.195 2.959 2.647 2.243 1.806 1.457 1.191 0.974 0.776 0.580 0.394 0.236 0.123 0.057 0.026 0.011 0.005 0.002 0.001 0.001 0.000 0.000 0.000 0.001 0.000 0.000 0.000 0.000 0.000 0.000 0.001 0.001 0.001 0.000 0.000 0.001 0.001 0.001 0.000 0.000 0.000 0.000 0.000 0.000 0.000 0.001 0.001 0.001 0.001 0.001 0.001 0.000 0.000 0.000 0.000 0.000 0.000 0.000 0.000 0.000 0.000 0.000 0.000 0.000 0.000 0.000 0.000 0.000
3.622 3.667 3.696 3.711 3.717 3.713 3.685 3.626 3.525 3.374 3.165 2.892 2.547 2.159 1.815 1.515 1.233 0.954 0.683 0.440 0.249 0.122 0.053 0.022 0.009 0.004 0.002 0.001 0.000 0.000 0.000 0.000 0.001 0.000 0.000 0.000 0.000 0.000 0.000 0.001 0.001 0.001 0.000 0.000 0.000 0.001 0.001 0.001 0.000 0.000 0.000 0.000 0.000 0.000 0.000 0.000 0.000 0.000 0.000 0.000 0.000 0.000 0.000 0.000 0.000 0.000 0.000 0.000 0.000 0.000 0.000 0.000 0.000 0.000 0.000 0.000 0.000
3.731 3.782 3.813 3.825 3.824 3.815 3.791 3.739 3.647 3.513 3.327 3.084 2.780 2.428 2.074 1.735 1.399 1.051 0.723 0.448 0.244 0.113 0.047 0.018 0.007 0.003 0.001 0.001 0.001 0.000 0.000 0.000 0.000 0.000 0.000 0.000 0.000 0.000 0.000 0.001 0.001 0.001 0.000 0.000 0.000 0.000 0.001 0.001 0.001 0.000 0.000 0.000 0.000 0.000 0.000 0.000 0.000 0.000 0.000 0.000 0.000 0.000 0.000 0.000 0.000 0.000 0.000 0.000 0.000 0.000 0.000 0.000 0.000 0.000 0.000 0.000 0.000
3.815 3.877 3.907 3.913 3.908 3.900 3.879 3.829 3.745 3.622 3.452 3.226 2.942 2.607 2.243 1.871 1.484 1.078 0.717 0.428 0.219 0.095 0.037 0.014 0.005 0.002 0.001 0.001 0.001 0.001 0.000 0.000 0.000 0.000 0.000 0.000 0.000 0.000 0.001 0.001 0.001 0.001 0.001 0.000 0.000 0.000 0.000 0.001 0.001 0.001 0.000 0.000 0.000 0.000 0.000 0.000 0.001 0.001 0.001 0.000 0.000 0.000 0.000 0.000 0.000 0.000 0.000 0.000 0.000 0.000 0.000 0.000 0.000 0.000 0.000 0.000 0.000
3.879 3.949 3.977 3.980 3.978 3.972 3.952 3.906 3.827 3.710 3.546 3.326 3.047 2.716 2.346 1.946 1.512 1.062 0.673 0.370 0.170 0.067 0.025 0.010 0.004 0.002 0.001 0.001 0.001 0.001 0.001 0.000 0.000 0.000 0.000 0.000 0.000 0.000 0.001 0.001 0.001 0.001 0.001 0.001 0.000 0.000 0.000 0.000 0.001 0.000 0.000 0.000 0.000 0.000 0.000 0.000 0.000 0.000 0.000 0.000 0.000 0.000 0.000 0.000 0.000 0.000 0.000 0.000 0.000 0.000 0.000 0.000 0.000 0.000 0.000 0.000 0.000
3.921 3.994 4.029 4.042 4.043 4.034 4.015 3.972 3.897 3.781 3.613 3.390 3.111 2.780 2.400 1.977 1.504 1.008 0.591 0.292 0.121 0.047 0.018 0.007 0.003 0.001 0.001 0.001 0.001 0.001 0.001 0.001 0.000 0.000 0.000 0.000 0.000 0.000 0.001 0.001 0.001 0.001 0.001 0.001 0.001 0.000 0.000 0.000 0.000 0.000 0.000 0.000 0.000 0.000 0.000 0.000 0.000 0.000 0.000 0.000 0.000 0.000 0.000 0.000 0.000 0.000 0.000 0.000 0.000 0.000 0.000 0.000 0.000 0.000 0.000 0.000 0.000
3.936 4.022 4.074 4.098 4.102 4.095 4.073 4.031 3.955 3.834 3.660 3.430 3.147 2.812 2.424 1.984 1.469 0.926 0.502 0.229 0.092 0.036 0.014 0.006 0.002 0.001 0.001 0.001 0.001 0.001 0.001 0.001 0.000 0.000 0.000 0.000 0.000 0.000 0.000 0.000 0.000 0.000 0.000 0.000 0.001 0.001 0.000 0.000 0.000 0.000 0.000 0.000 0.000 0.000 0.000 0.000 0.000 0.000 0.000 0.000 0.000 0.000 0.000 0.000 0.000 0.000 0.000 0.000 0.000 0.000 0.000 0.000 0.000 0.000 0.000 0.000 0.000
3.936 4.031 4.102 4.142 4.152 4.148 4.127 4.081 4.000 3.871 3.689 3.454 3.167 2.826 2.430 1.967 1.397 0.829 0.422 0.183 0.072 0.028 0.011 0.004 0.002 0.001 0.001 0.001 0.001 0.001 0.001 0.001 0.000 0.000 0.000 0.000 0.000 0.000 0.000 0.001 0.001 0.001 0.000 0.000 0.000 0.000 0.001 0.001 0.000 0.000 0.000 0.000 0.000 0.000 0.000 0.001 0.001 0.000 0.000 0.000 0.000 0.000 0.000 0.000 0.000 0.000 0.000 0.000 0.000 0.000 0.000 0.000 0.000 0.000 0.000 0.000 0.000
3.919 4.025 4.114 4.173 4.195 4.195 4.177 4.127 4.036 3.896 3.705 3.465 3.172 2.829 2.423 1.917 1.283 0.719 0.344 0.141 0.054 0.020 0.008 0.003 0.001 0.001 0.001 0.000 0.001 0.001 0.001 0.000 0.000 0.000 0.000 0.000 0.000 0.000 0.000 0.001 0.001 0.001 0.001 0.001 0.000 0.000 0.000 0.001 0.001 0.001 0.000 0.000 0.000 0.000 0.001 0.001 0.001 0.001 0.000 0.000 0.000 0.000 0.000 0.000 0.000 0.000 0.000 0.000 0.000 0.000 0.000 0.000 0.000 0.000 0.000 0.000 0.000
3.878 3.998 4.105 4.186 4.227 4.233 4.218 4.163 4.060 3.910 3.711 3.466 3.173 2.822 2.383 1.801 1.121 0.590 0.262 0.101 0.037 0.013 0.005 0.002 0.001 0.001 0.000 0.000 0.000 0.001 0.001 0.000 0.000 0.000 0.000 0.000 0.000 0.000 0.000 0.001 0.001 0.001 0.001 0.001 0.001 0.000 0.000 0.000 0.000 0.000 0.000 0.000 0.000 0.000 0.000 0.000 0.001 0.000 0.000 0.000 0.000 0.000 0.000 0.000 0.000 0.000 0.000 0.000 0.000 0.000 0.000 0.000 0.000 0.000 0.000 0.000 0.000
3.797 3.930 4.064 4.178 4.242 4.257 4.241 4.184 4.075 3.913 3.705 3.451 3.139 2.747 2.234 1.560 0.893 0.429 0.172 0.061 0.021 0.008 0.003 0.001 0.001 0.001 0.000 0.000 0.000 0.000 0.001 0.001 0.000 0.000 0.000 0.000 0.000 0.000 0.000 0.001 0.001 0.001 0.001 0.001 0.001 0.001 0.000 0.000 0.000 0.000 0.000 0.000 0.000 0.000 0.000 0.001 0.000 0.000 0.000 0.000 0.000 0.000 0.000 0.000 0.000 0.000 0.000 0.000 0.000 0.000 0.000 0.000 0.000 0.000 0.000 0.000 0.000
3.662 3.795 3.945 4.104 4.209 4.249 4.243 4.189 4.075 3.899 3.665 3.362 2.975 2.482 1.856 1.149 0.582 0.246 0.090 0.031 0.011 0.004 0.001 0.001 0.001 0.001 0.001 0.000 0.000 0.000 0.000 0.001 0.000 0.000 0.000 0.000 0.000 0.000 0.000 0.000 0.000 0.000 0.000 0.000 0.000 0.001 0.000 0.000 0.000 0.000 0.000 0.000 0.000 0.000 0.000 0.001 0.000 0.000 0.000 0.000 0.000 0.000 0.000 0.000 0.000 0.000 0.000 0.000 0.000 0.000 0.000 0.000 0.000 0.000 0.000 0.000 0.000
