RESULTS/r.avaflow_results/12_results/12_ascii/12_hflow0003.asc
ncols 506
nrows 317
xllcenter 498237.50
yllcenter 5580050.00
cellsize 12.50
NODATA_value -9999.000
[rows 204 to 237 of 317, columns 77 to 153 of 506]
0.000 0.000 0.000 0.000 0.000 0.000 0.000 0.000 0.000 0.000 0.000 0.000 0.001 0.003 0.013 0.049 0.157 0.441 1.057 1.870 2.327 2.465 2.445 2.213 1.674 1.179 0.952 0.884 0.894 1.035 1.535 2.579 3.599 4.230 4.647 4.932 5.099 5.196 5.242 5.219 5.045 4.654 4.007 3.055 2.060 1.348 0.946 0.786 0.756 0.781 0.843 0.864 0.858 0.817 0.731 0.632 0.558 0.503 0.453 0.404 0.352 0.296 0.242 0.191 0.146 0.105 0.067 0.038 0.019 0.009 0.004 0.001 0.000 0.000 0.000 0.000 0.000
0.000 0.000 0.000 0.000 0.000 0.000 0.000 0.000 0.000 0.000 0.000 0.000 0.001 0.003 0.013 0.047 0.153 0.436 1.063 1.850 2.232 2.305 2.218 1.850 1.279 0.935 0.799 0.763 0.780 0.931 1.428 2.441 3.421 4.031 4.442 4.760 5.016 5.172 5.234 5.232 5.090 4.684 3.974 2.973 2.019 1.352 0.985 0.840 0.812 0.851 0.941 0.973 0.969 0.933 0.851 0.760 0.704 0.678 0.668 0.657 0.629 0.581 0.519 0.447 0.370 0.284 0.186 0.106 0.052 0.023 0.009 0.003 0.001 0.000 0.000 0.000 0.000
0.000 0.000 0.000 0.000 0.000 0.000 0.000 0.000 0.000 0.000 0.000 0.000 0.001 0.004 0.014 0.049 0.158 0.453 1.117 1.858 2.165 2.199 2.034 1.550 1.054 0.818 0.725 0.704 0.731 0.900 1.407 2.355 3.268 3.883 4.307 4.645 4.953 5.193 5.281 5.266 5.120 4.719 3.992 2.950 2.012 1.388 1.056 0.932 0.915 0.970 1.065 1.101 1.101 1.069 0.999 0.941 0.921 0.941 1.009 1.088 1.120 1.113 1.069 0.972 0.815 0.588 0.349 0.178 0.081 0.033 0.012 0.004 0.001 0.000 0.000 0.000 0.000
0.000 0.000 0.000 0.000 0.000 0.000 0.000 0.000 0.000 0.000 0.000 0.001 0.002 0.006 0.018 0.058 0.182 0.520 1.245 1.891 2.107 2.105 1.861 1.306 0.924 0.757 0.686 0.671 0.706 0.898 1.424 2.320 3.145 3.753 4.225 4.615 4.943 5.207 5.347 5.345 5.155 4.720 3.975 2.927 2.016 1.440 1.156 1.063 1.070 1.173 1.279 1.312 1.313 1.280 1.232 1.218 1.244 1.347 1.565 1.751 1.821 1.806 1.696 1.470 1.125 0.728 0.400 0.194 0.085 0.034 0.012 0.004 0.001 0.000 0.000 0.000 0.000
0.000 0.000 0.000 0.000 0.000 0.000 0.000 0.000 0.000 0.000 0.001 0.002 0.004 0.010 0.027 0.079 0.236 0.658 1.440 1.941 2.067 2.017 1.675 1.130 0.840 0.715 0.664 0.655 0.697 0.913 1.467 2.319 3.071 3.653 4.139 4.566 4.923 5.208 5.367 5.369 5.168 4.702 3.940 2.909 2.035 1.502 1.265 1.211 1.266 1.442 1.569 1.602 1.590 1.539 1.509 1.518 1.604 1.816 2.105 2.265 2.292 2.223 2.010 1.653 1.188 0.738 0.397 0.188 0.081 0.032 0.011 0.003 0.001 0.000 0.000 0.000 0.000
0.000 0.000 0.000 0.000 0.000 0.000 0.000 0.000 0.000 0.001 0.002 0.004 0.008 0.018 0.042 0.113 0.322 0.870 1.621 1.965 2.034 1.928 1.489 1.016 0.789 0.688 0.651 0.650 0.709 0.958 1.541 2.321 2.996 3.583 4.071 4.456 4.805 5.132 5.331 5.334 5.113 4.657 3.929 2.914 2.049 1.558 1.370 1.355 1.478 1.707 1.810 1.815 1.763 1.696 1.679 1.721 1.882 2.173 2.440 2.559 2.560 2.427 2.119 1.675 1.156 0.688 0.350 0.156 0.063 0.024 0.009 0.003 0.001 0.000 0.000 0.000 0.000
0.000 0.000 0.000 0.000 0.000 0.000 0.000 0.001 0.002 0.003 0.005 0.009 0.015 0.029 0.064 0.163 0.445 1.115 1.743 1.960 1.984 1.818 1.334 0.943 0.763 0.677 0.649 0.656 0.741 1.036 1.644 2.334 2.897 3.451 3.953 4.301 4.568 4.865 5.124 5.174 5.001 4.606 3.967 2.997 2.100 1.630 1.491 1.515 1.703 1.921 1.980 1.951 1.851 1.799 1.806 1.888 2.117 2.444 2.653 2.727 2.693 2.496 2.117 1.592 0.999 0.526 0.243 0.110 0.051 0.024 0.011 0.005 0.002 0.000 0.000 0.000 0.000
0.000 0.000 0.000 0.000 0.000 0.001 0.001 0.003 0.004 0.007 0.011 0.017 0.027 0.047 0.095 0.227 0.604 1.339 1.801 1.937 1.922 1.670 1.200 0.904 0.753 0.677 0.655 0.669 0.771 1.093 1.720 2.354 2.827 3.272 3.684 4.014 4.266 4.500 4.741 4.874 4.832 4.621 4.140 3.169 2.162 1.707 1.616 1.670 1.891 2.071 2.093 2.030 1.921 1.888 1.921 2.051 2.322 2.650 2.805 2.828 2.738 2.466 1.984 1.315 0.729 0.380 0.204 0.112 0.063 0.035 0.019 0.010 0.005 0.002 0.000 0.000 0.000
0.000 0.000 0.000 0.001 0.001 0.002 0.004 0.006 0.009 0.014 0.020 0.030 0.046 0.075 0.139 0.312 0.798 1.505 1.817 1.887 1.826 1.510 1.115 0.894 0.759 0.689 0.673 0.693 0.800 1.127 1.742 2.328 2.768 3.211 3.622 3.912 4.082 4.187 4.293 4.495 4.643 4.581 4.202 3.244 2.192 1.785 1.742 1.826 2.041 2.165 2.158 2.055 1.962 1.951 2.002 2.178 2.502 2.793 2.903 2.884 2.718 2.306 1.609 0.964 0.586 0.373 0.245 0.166 0.109 0.068 0.039 0.021 0.011 0.005 0.002 0.000 0.000
0.000 0.000 0.001 0.002 0.004 0.007 0.010 0.014 0.020 0.027 0.038 0.054 0.079 0.121 0.211 0.443 1.026 1.611 1.816 1.840 1.708 1.354 1.074 0.907 0.788 0.725 0.714 0.739 0.847 1.153 1.742 2.325 2.764 3.206 3.619 3.876 3.967 3.968 3.973 4.162 4.457 4.481 4.184 3.279 2.230 1.862 1.840 1.931 2.110 2.188 2.166 2.044 1.964 1.970 2.055 2.270 2.634 2.877 2.937 2.880 2.602 1.977 1.257 0.845 0.621 0.482 0.389 0.304 0.211 0.133 0.077 0.042 0.022 0.010 0.005 0.002 0.000
0.000 0.001 0.003 0.006 0.010 0.016 0.023 0.031 0.040 0.053 0.070 0.095 0.133 0.195 0.324 0.640 1.264 1.674 1.790 1.767 1.543 1.231 1.061 0.944 0.847 0.790 0.778 0.803 0.910 1.196 1.756 2.348 2.804 3.252 3.660 3.894 3.926 3.803 3.739 3.903 4.340 4.448 4.201 3.345 2.304 1.949 1.938 2.020 2.139 2.176 2.141 2.023 1.962 1.976 2.087 2.381 2.782 2.959 2.958 2.793 2.329 1.621 1.129 0.910 0.810 0.753 0.679 0.556 0.380 0.237 0.139 0.077 0.040 0.020 0.009 0.004 0.001
0.002 0.004 0.008 0.014 0.023 0.035 0.050 0.065 0.082 0.103 0.129 0.165 0.219 0.308 0.490 0.911 1.482 1.721 1.760 1.667 1.366 1.136 1.037 0.957 0.874 0.820 0.808 0.829 0.930 1.198 1.734 2.315 2.777 3.236 3.622 3.807 3.784 3.536 3.439 3.576 4.078 4.309 4.132 3.457 2.493 2.085 2.031 2.068 2.114 2.109 2.055 1.964 1.921 1.944 2.086 2.484 2.909 3.007 2.939 2.631 1.968 1.369 1.136 1.078 1.090 1.092 1.041 0.881 0.610 0.380 0.227 0.129 0.069 0.034 0.015 0.006 0.002
0.004 0.009 0.016 0.028 0.046 0.071 0.102 0.134 0.164 0.196 0.233 0.283 0.355 0.480 0.734 1.233 1.664 1.794 1.753 1.505 1.211 1.070 1.006 0.952 0.892 0.846 0.833 0.849 0.939 1.192 1.700 2.237 2.673 3.136 3.535 3.693 3.589 3.238 3.121 3.191 3.597 3.986 3.998 3.616 2.775 2.287 2.148 2.083 2.015 1.908 1.810 1.769 1.766 1.822 2.054 2.562 2.918 2.965 2.824 2.338 1.661 1.292 1.199 1.224 1.287 1.300 1.250 1.084 0.798 0.524 0.322 0.182 0.094 0.044 0.019 0.007 0.002
0.009 0.018 0.032 0.055 0.088 0.136 0.198 0.260 0.310 0.359 0.412 0.477 0.572 0.746 1.095 1.569 1.812 1.839 1.665 1.321 1.123 1.055 1.021 0.993 0.963 0.920 0.894 0.902 0.988 1.247 1.752 2.256 2.664 3.116 3.528 3.663 3.476 3.071 2.946 2.990 3.309 3.772 3.890 3.708 3.083 2.539 2.292 2.103 1.891 1.653 1.493 1.457 1.486 1.620 2.032 2.629 2.859 2.840 2.572 1.983 1.504 1.311 1.266 1.324 1.398 1.399 1.334 1.164 0.906 0.626 0.385 0.211 0.105 0.047 0.019 0.007 0.002
0.018 0.034 0.059 0.100 0.160 0.247 0.363 0.473 0.556 0.627 0.699 0.786 0.923 1.172 1.582 1.884 1.946 1.843 1.539 1.243 1.115 1.080 1.081 1.082 1.059 0.985 0.935 0.945 1.060 1.359 1.840 2.262 2.616 3.018 3.421 3.543 3.310 2.901 2.781 2.813 3.059 3.543 3.744 3.694 3.366 2.847 2.455 2.135 1.809 1.520 1.360 1.315 1.340 1.535 2.107 2.674 2.793 2.703 2.300 1.760 1.482 1.371 1.358 1.435 1.483 1.457 1.360 1.193 0.968 0.688 0.413 0.218 0.105 0.046 0.018 0.006 0.002
0.034 0.061 0.105 0.174 0.277 0.426 0.626 0.808 0.935 1.036 1.138 1.266 1.468 1.786 2.073 2.156 2.087 1.868 1.511 1.253 1.152 1.145 1.178 1.187 1.143 1.027 0.965 0.979 1.130 1.494 1.928 2.235 2.504 2.839 3.202 3.305 3.080 2.733 2.634 2.653 2.862 3.332 3.639 3.668 3.492 3.057 2.551 2.102 1.723 1.435 1.276 1.235 1.274 1.528 2.195 2.671 2.727 2.509 1.997 1.640 1.489 1.430 1.450 1.544 1.566 1.519 1.391 1.216 0.996 0.705 0.408 0.210 0.097 0.040 0.014 0.004 0.001
0.059 0.104 0.176 0.289 0.457 0.697 1.012 1.285 1.470 1.614 1.766 1.953 2.193 2.429 2.501 2.425 2.241 1.929 1.571 1.348 1.267 1.276 1.316 1.314 1.232 1.082 1.022 1.051 1.253 1.687 2.042 2.244 2.407 2.630 2.912 2.977 2.773 2.534 2.490 2.535 2.735 3.166 3.518 3.590 3.495 3.167 2.635 2.098 1.690 1.392 1.229 1.193 1.258 1.605 2.290 2.600 2.567 2.213 1.780 1.597 1.511 1.490 1.547 1.634 1.638 1.570 1.418 1.224 0.987 0.674 0.369 0.174 0.072 0.026 0.008 0.002 0.000
0.098 0.170 0.285 0.460 0.718 1.081 1.533 1.901 2.160 2.364 2.573 2.793 2.969 3.038 2.969 2.771 2.482 2.137 1.822 1.605 1.510 1.506 1.517 1.481 1.340 1.176 1.129 1.189 1.477 1.946 2.209 2.310 2.363 2.439 2.572 2.587 2.424 2.320 2.349 2.448 2.649 3.030 3.407 3.540 3.509 3.259 2.729 2.124 1.673 1.363 1.204 1.176 1.277 1.735 2.342 2.475 2.331 1.961 1.702 1.588 1.548 1.550 1.619 1.670 1.650 1.565 1.415 1.202 0.915 0.559 0.276 0.115 0.041 0.012 0.003 0.001 0.000
0.157 0.268 0.441 0.701 1.075 1.587 2.178 2.644 2.991 3.274 3.524 3.728 3.813 3.783 3.611 3.314 2.962 2.633 2.344 2.078 1.905 1.833 1.774 1.665 1.461 1.312 1.284 1.395 1.786 2.225 2.399 2.424 2.379 2.310 2.281 2.209 2.087 2.085 2.208 2.372 2.558 2.867 3.239 3.439 3.461 3.273 2.777 2.135 1.643 1.330 1.189 1.175 1.333 1.875 2.318 2.374 2.200 1.869 1.686 1.612 1.608 1.645 1.696 1.691 1.630 1.519 1.348 1.099 0.748 0.383 0.163 0.061 0.020 0.005 0.001 0.000 0.000
0.243 0.406 0.657 1.024 1.538 2.217 2.959 3.566 4.047 4.453 4.774 4.954 4.973 4.843 4.542 4.159 3.796 3.477 3.162 2.796 2.460 2.233 2.041 1.834 1.622 1.514 1.519 1.713 2.184 2.513 2.595 2.570 2.432 2.204 2.020 1.871 1.802 1.863 2.102 2.334 2.494 2.691 2.963 3.151 3.217 3.134 2.747 2.084 1.567 1.278 1.177 1.201 1.449 2.004 2.290 2.301 2.107 1.842 1.705 1.663 1.668 1.699 1.709 1.654 1.538 1.394 1.197 0.906 0.524 0.232 0.090 0.030 0.009 0.002 0.001 0.000 0.000
0.364 0.597 0.949 1.458 2.162 3.082 4.071 4.945 5.706 6.320 6.720 6.844 6.692 6.291 5.790 5.354 4.995 4.652 4.264 3.767 3.193 2.704 2.322 2.035 1.871 1.824 1.896 2.204 2.648 2.829 2.832 2.739 2.484 2.089 1.778 1.603 1.574 1.702 2.048 2.334 2.487 2.616 2.762 2.853 2.883 2.826 2.503 1.874 1.414 1.200 1.152 1.230 1.568 2.064 2.256 2.243 2.062 1.867 1.772 1.751 1.772 1.784 1.708 1.535 1.365 1.197 0.982 0.662 0.324 0.130 0.045 0.014 0.004 0.001 0.000 0.000 0.000
0.536 0.865 1.361 2.098 3.157 4.529 5.985 7.332 8.417 9.062 9.250 9.096 8.676 7.986 7.330 6.884 6.513 6.116 5.612 4.924 4.058 3.254 2.673 2.342 2.225 2.237 2.400 2.765 3.051 3.127 3.082 2.884 2.481 1.944 1.564 1.409 1.414 1.599 2.023 2.351 2.501 2.594 2.666 2.685 2.613 2.390 1.956 1.451 1.171 1.079 1.091 1.245 1.658 2.071 2.219 2.201 2.055 1.939 1.901 1.898 1.905 1.858 1.676 1.435 1.237 1.036 0.776 0.437 0.183 0.065 0.020 0.005 0.001 0.000 0.000 0.000 0.000
0.794 1.275 2.014 3.155 4.848 6.917 8.720 9.981 10.649 10.857 10.782 10.549 10.135 9.556 9.041 8.643 8.248 7.764 7.087 6.169 4.988 3.899 3.157 2.778 2.675 2.732 3.004 3.335 3.462 3.451 3.317 2.984 2.407 1.779 1.396 1.276 1.309 1.538 2.007 2.368 2.519 2.588 2.629 2.604 2.433 2.069 1.532 1.115 0.936 0.907 0.984 1.255 1.727 2.064 2.190 2.177 2.090 2.053 2.077 2.108 2.092 1.926 1.596 1.324 1.103 0.866 0.553 0.252 0.092 0.028 0.008 0.002 0.001 0.000 0.000 0.000 0.000
1.225 1.973 3.148 4.943 7.255 9.224 10.431 11.142 11.487 11.635 11.634 11.560 11.340 11.035 10.793 10.564 10.211 9.690 8.874 7.733 6.219 4.801 3.852 3.405 3.316 3.460 3.832 4.053 4.076 3.972 3.662 3.068 2.271 1.622 1.283 1.194 1.239 1.490 1.990 2.388 2.558 2.614 2.628 2.574 2.321 1.827 1.272 0.922 0.792 0.792 0.928 1.300 1.783 2.056 2.158 2.161 2.137 2.166 2.243 2.275 2.207 1.909 1.468 1.170 0.920 0.636 0.327 0.126 0.040 0.011 0.003 0.001 0.000 0.000 0.000 0.000 0.000
2.006 3.201 5.048 7.373 9.321 10.445 11.140 11.561 11.824 12.072 12.260 12.408 12.467 12.405 12.371 12.293 12.025 11.479 10.496 9.112 7.455 5.937 4.896 4.414 4.364 4.672 5.076 5.189 5.127 4.816 4.140 3.124 2.157 1.524 1.220 1.149 1.198 1.451 1.964 2.413 2.633 2.699 2.690 2.586 2.257 1.653 1.101 0.803 0.704 0.723 0.914 1.376 1.829 2.049 2.129 2.148 2.178 2.300 2.440 2.458 2.287 1.834 1.330 0.990 0.687 0.388 0.164 0.055 0.015 0.004 0.001 0.000 0.000 0.000 0.000 0.000 0.000
3.352 5.162 7.519 9.441 10.582 11.236 11.688 11.943 12.185 12.508 12.883 13.214 13.534 13.622 13.676 13.599 13.240 12.467 11.105 9.386 7.762 6.466 5.698 5.447 5.600 6.128 6.459 6.495 6.263 5.586 4.445 3.130 2.111 1.480 1.199 1.136 1.184 1.438 1.959 2.445 2.721 2.829 2.821 2.663 2.240 1.535 0.982 0.722 0.653 0.692 0.942 1.470 1.874 2.045 2.104 2.136 2.229 2.466 2.600 2.558 2.275 1.714 1.166 0.775 0.451 0.205 0.073 0.022 0.006 0.001 0.000 0.000 0.000 0.000 0.000 0.000 0.000
5.393 7.696 9.763 10.979 11.689 12.104 12.394 12.589 12.854 13.183 13.600 14.032 14.554 14.775 14.873 14.739 14.215 13.079 11.240 9.261 7.703 6.667 6.176 6.122 6.532 7.183 7.412 7.372 6.975 6.026 4.558 3.144 2.104 1.478 1.206 1.147 1.200 1.482 2.053 2.592 2.903 3.026 3.017 2.830 2.303 1.461 0.901 0.672 0.630 0.692 0.994 1.565 1.929 2.059 2.093 2.126 2.297 2.606 2.690 2.581 2.196 1.547 0.954 0.538 0.254 0.096 0.030 0.008 0.002 0.001 0.000 0.000 0.000 0.000 0.000 0.000 0.000
8.037 10.100 11.539 12.488 12.979 13.307 13.504 13.675 13.910 14.247 14.631 15.032 15.615 15.875 15.960 15.747 14.973 13.454 11.168 9.017 7.592 6.834 6.576 6.680 7.326 7.946 8.082 7.944 7.361 6.196 4.597 3.214 2.179 1.551 1.276 1.221 1.311 1.691 2.378 2.959 3.278 3.392 3.369 3.100 2.366 1.381 0.836 0.653 0.633 0.721 1.038 1.605 1.964 2.080 2.099 2.147 2.392 2.684 2.720 2.532 2.038 1.308 0.707 0.326 0.126 0.040 0.011 0.003 0.001 0.000 0.000 0.000 0.000 0.000 0.000 0.000 0.000
10.220 11.828 13.072 13.987 14.364 14.562 14.629 14.699 14.866 15.170 15.512 15.928 16.524 16.764 16.780 16.432 15.366 13.565 11.034 8.932 7.687 7.126 7.028 7.290 8.035 8.503 8.541 8.273 7.508 6.204 4.675 3.411 2.421 1.793 1.496 1.433 1.563 2.059 2.888 3.476 3.740 3.797 3.694 3.245 2.265 1.249 0.765 0.636 0.648 0.753 1.048 1.580 1.952 2.088 2.137 2.245 2.534 2.709 2.678 2.387 1.761 0.989 0.456 0.174 0.056 0.015 0.004 0.001 0.000 0.000 0.000 0.000 0.000 0.000 0.000 0.000 0.000
11.474 12.816 14.009 14.863 15.249 15.435 15.437 15.375 15.420 15.630 15.925 16.396 17.022 17.267 17.183 16.628 15.363 13.303 10.825 9.120 8.179 7.784 7.756 8.087 8.686 8.902 8.831 8.436 7.561 6.212 4.834 3.726 2.822 2.205 1.887 1.817 1.971 2.553 3.423 3.938 4.111 4.102 3.876 3.194 1.977 1.062 0.699 0.620 0.641 0.753 1.005 1.453 1.859 2.068 2.200 2.373 2.602 2.653 2.514 2.074 1.325 0.636 0.251 0.082 0.023 0.005 0.001 0.000 0.000 0.000 0.000 0.000 0.000 0.000 0.000 0.000 0.000
12.039 13.181 14.345 15.182 15.580 15.757 15.736 15.629 15.610 15.732 15.993 16.481 17.098 17.338 17.177 16.363 14.803 12.501 10.501 9.383 8.832 8.663 8.712 8.982 9.258 9.272 9.075 8.563 7.669 6.411 5.226 4.220 3.358 2.730 2.390 2.317 2.502 3.147 3.933 4.309 4.400 4.332 3.941 2.919 1.585 0.899 0.675 0.629 0.650 0.744 0.932 1.288 1.757 2.039 2.208 2.396 2.540 2.520 2.246 1.625 0.857 0.355 0.120 0.034 0.008 0.002 0.000 0.000 0.000 0.000 0.000 0.000 0.000 0.000 0.000 0.000 0.000
12.249 13.189 14.306 15.126 15.521 15.714 15.717 15.630 15.551 15.576 15.699 16.078 16.615 16.742 16.233 15.009 13.168 11.228 9.996 9.386 9.163 9.231 9.487 9.736 9.811 9.733 9.445 8.866 7.985 6.847 5.799 4.829 3.968 3.322 2.978 2.918 3.138 3.799 4.431 4.653 4.659 4.472 3.795 2.378 1.239 0.816 0.694 0.674 0.686 0.751 0.905 1.204 1.683 2.023 2.205 2.356 2.420 2.316 1.898 1.127 0.486 0.171 0.050 0.012 0.003 0.001 0.000 0.000 0.000 0.000 0.000 0.000 0.000 0.000 0.000 0.000 0.000
12.195 12.938 13.889 14.658 15.047 15.239 15.259 15.179 14.934 14.711 14.606 14.649 14.479 13.640 12.350 10.996 9.938 9.459 9.289 9.180 9.189 9.453 9.978 10.308 10.387 10.327 10.038 9.449 8.541 7.427 6.366 5.393 4.536 3.913 3.617 3.598 3.870 4.501 4.933 5.027 4.945 4.519 3.351 1.807 1.033 0.792 0.738 0.735 0.738 0.770 0.891 1.165 1.645 2.051 2.246 2.325 2.305 2.063 1.445 0.675 0.243 0.072 0.018 0.004 0.001 0.000 0.000 0.000 0.000 0.000 0.000 0.000 0.000 0.000 0.000 0.000 0.000
11.863 12.224 12.770 13.300 13.567 13.740 13.798 13.745 13.418 12.887 12.112 10.669 8.670 6.816 5.943 6.011 6.812 7.795 8.392 8.731 9.031 9.479 10.144 10.675 10.928 10.934 10.739 10.225 9.353 8.263 7.117 6.059 5.145 4.530 4.302 4.349 4.720 5.284 5.532 5.523 5.226 4.373 2.746 1.451 0.952 0.812 0.786 0.780 0.780 0.797 0.894 1.164 1.658 2.076 2.257 2.282 2.160 1.730 0.955 0.358 0.108 0.027 0.006 0.001 0.000 0.000 0.000 0.000 0.000 0.000 0.000 0.000 0.000 0.000 0.000 0.000 0.000
