RESULTS/r.avaflow_results/12_results/12_ascii/12_hflow_max0051.asc
ncols 506
nrows 317
xllcenter 498237.50
yllcenter 5580050.00
cellsize 12.50
NODATA_value -9999.000
[rows 170 to 203 of 317, columns 154 to 230 of 506]
25.486 24.895 24.224 23.433 22.510 21.510 20.492 19.544 18.671 17.870 17.082 16.287 15.485 14.680 13.820 12.821 11.612 10.295 9.879 9.531 9.163 8.667 8.025 7.454 6.836 6.259 5.812 5.489 5.256 5.090 4.935 4.785 4.665 4.580 4.514 4.446 4.357 4.260 4.134 3.980 3.799 3.883 4.024 4.126 4.149 4.124 4.043 3.856 3.596 3.288 2.947 2.569 2.165 1.760 1.382 1.068 0.825 0.648 0.527 0.437 0.366 0.338 0.326 0.314 0.304 0.302 0.303 0.311 0.332 0.427 0.716 0.979 1.470 1.897 2.143 2.211 2.151
28.895 28.563 28.012 27.201 26.139 24.939 23.741 22.629 21.626 20.704 19.824 18.953 18.097 17.248 16.354 15.659 14.988 14.140 13.202 12.221 11.211 10.153 9.040 8.000 7.200 6.518 5.994 5.646 5.432 5.319 5.264 5.238 5.222 5.186 5.106 4.999 4.859 4.679 4.499 4.287 4.074 4.064 4.087 4.111 4.135 4.089 3.934 3.646 3.251 2.784 2.286 1.770 1.290 0.905 0.651 0.490 0.387 0.316 0.264 0.237 0.232 0.225 0.216 0.203 0.194 0.192 0.193 0.199 0.216 0.306 0.525 0.813 1.150 1.633 1.900 2.033 2.043
31.390 31.359 30.932 30.146 29.075 27.872 26.679 25.568 24.552 23.600 22.687 21.809 20.971 20.306 20.037 19.497 18.659 17.636 16.535 15.374 14.104 12.701 11.171 9.652 8.382 7.338 6.496 5.911 5.576 5.438 5.428 5.478 5.511 5.506 5.435 5.277 5.089 4.884 4.682 4.457 4.208 4.103 4.069 4.035 3.969 3.812 3.511 3.070 2.483 1.814 1.210 0.790 0.528 0.360 0.263 0.204 0.169 0.154 0.154 0.154 0.153 0.149 0.143 0.134 0.128 0.126 0.127 0.132 0.144 0.219 0.375 0.641 0.889 1.393 1.717 1.876 1.931
32.587 32.802 32.573 32.027 31.231 30.298 29.349 28.421 27.502 26.578 25.665 24.766 23.912 23.592 23.262 22.653 21.744 20.659 19.500 18.284 16.946 15.414 13.680 11.834 10.087 8.619 7.424 6.519 5.907 5.558 5.458 5.478 5.528 5.562 5.536 5.413 5.198 4.961 4.714 4.453 4.271 4.143 3.988 3.792 3.536 3.177 2.630 1.934 1.247 0.746 0.455 0.291 0.194 0.135 0.103 0.090 0.093 0.096 0.099 0.101 0.101 0.099 0.095 0.090 0.087 0.087 0.088 0.091 0.104 0.159 0.267 0.474 0.762 1.160 1.545 1.733 1.826
32.883 33.212 33.212 32.935 32.528 31.988 31.383 30.715 29.967 29.136 28.229 27.289 26.495 26.219 25.863 25.260 24.389 23.318 22.124 20.829 19.383 17.724 15.819 13.823 11.820 10.005 8.518 7.313 6.393 5.783 5.493 5.389 5.394 5.446 5.425 5.294 5.063 4.802 4.553 4.402 4.284 4.055 3.718 3.263 2.642 1.950 1.293 0.779 0.455 0.267 0.164 0.107 0.072 0.054 0.053 0.055 0.059 0.063 0.066 0.067 0.067 0.066 0.064 0.062 0.062 0.062 0.063 0.066 0.081 0.119 0.194 0.342 0.609 0.934 1.357 1.601 1.722
32.310 32.968 33.258 33.296 33.123 32.802 32.426 31.937 31.321 30.586 29.706 28.730 28.374 28.108 27.767 27.235 26.488 25.515 24.303 22.875 21.271 19.561 17.710 15.584 13.273 11.119 9.367 7.941 6.821 6.010 5.478 5.146 4.993 5.006 4.961 4.777 4.529 4.329 4.251 4.169 3.966 3.579 2.965 2.148 1.364 0.822 0.483 0.278 0.160 0.097 0.063 0.042 0.035 0.034 0.035 0.036 0.039 0.042 0.044 0.045 0.046 0.045 0.045 0.045 0.045 0.047 0.049 0.054 0.067 0.094 0.147 0.253 0.456 0.728 1.144 1.446 1.606
31.625 32.377 32.907 33.106 33.204 33.110 32.814 32.399 31.844 31.185 30.397 29.552 29.273 29.062 28.746 28.259 27.622 26.774 25.705 24.370 22.780 20.994 18.971 16.661 14.110 11.723 9.792 8.241 7.036 6.118 5.391 4.871 4.588 4.431 4.247 3.984 3.762 3.630 3.498 3.278 2.913 2.350 1.620 0.959 0.550 0.309 0.174 0.100 0.061 0.040 0.027 0.025 0.024 0.024 0.024 0.025 0.027 0.029 0.032 0.034 0.036 0.037 0.038 0.039 0.041 0.043 0.045 0.049 0.058 0.078 0.117 0.192 0.333 0.568 0.921 1.263 1.478
30.499 31.610 32.394 32.752 32.870 32.905 32.751 32.339 31.822 31.151 30.350 29.851 29.447 29.261 29.042 28.653 28.115 27.432 26.476 25.139 23.460 21.540 19.407 16.988 14.330 11.833 9.824 8.249 7.008 6.006 5.215 4.690 4.534 4.304 3.860 3.185 2.598 2.175 1.857 1.542 1.228 0.924 0.607 0.358 0.203 0.113 0.065 0.040 0.027 0.021 0.019 0.018 0.017 0.017 0.018 0.019 0.021 0.023 0.026 0.028 0.031 0.033 0.034 0.036 0.038 0.040 0.042 0.046 0.052 0.067 0.096 0.150 0.248 0.432 0.719 1.064 1.329
28.755 30.187 31.253 31.923 32.174 32.172 31.948 31.585 31.056 30.384 29.908 29.546 29.160 28.966 28.741 28.330 27.795 27.150 26.253 24.957 23.272 21.314 19.121 16.659 13.979 11.448 9.442 7.871 6.644 5.702 5.037 4.734 4.366 3.787 2.819 1.754 1.066 0.740 0.557 0.435 0.348 0.280 0.203 0.125 0.074 0.044 0.028 0.019 0.016 0.015 0.014 0.014 0.014 0.014 0.015 0.016 0.017 0.019 0.021 0.023 0.026 0.029 0.031 0.033 0.035 0.037 0.040 0.043 0.048 0.059 0.082 0.121 0.195 0.337 0.558 0.866 1.156
26.688 28.283 29.552 30.420 30.852 30.833 30.593 30.137 29.553 28.798 28.479 28.315 28.035 27.687 27.242 26.735 26.197 25.598 24.786 23.591 21.977 20.043 17.841 15.393 12.815 10.449 8.562 7.113 6.011 5.217 4.728 4.191 3.451 2.355 1.256 0.606 0.324 0.205 0.148 0.114 0.098 0.086 0.069 0.048 0.031 0.021 0.015 0.013 0.012 0.012 0.011 0.011 0.012 0.012 0.012 0.013 0.014 0.015 0.017 0.019 0.022 0.025 0.028 0.030 0.033 0.035 0.038 0.041 0.045 0.053 0.071 0.103 0.157 0.266 0.437 0.684 0.968
24.419 26.039 27.304 28.311 28.913 29.136 28.954 28.471 27.758 26.848 26.436 26.534 26.363 25.804 25.017 24.389 23.818 23.188 22.340 21.120 19.495 17.541 15.369 13.097 10.887 9.016 7.555 6.219 5.136 4.258 3.418 2.568 1.668 0.845 0.387 0.182 0.097 0.062 0.046 0.040 0.035 0.031 0.027 0.022 0.017 0.012 0.011 0.010 0.010 0.009 0.009 0.009 0.009 0.010 0.010 0.010 0.011 0.012 0.014 0.016 0.018 0.021 0.024 0.027 0.030 0.033 0.036 0.039 0.043 0.048 0.064 0.090 0.131 0.214 0.348 0.543 0.795
21.439 23.113 24.546 25.664 26.596 27.233 27.402 27.014 26.180 25.152 24.699 24.826 24.671 24.005 23.098 22.412 21.715 20.843 19.691 18.184 16.342 14.278 12.161 10.347 8.977 8.099 6.837 5.062 3.481 2.283 1.454 0.890 0.492 0.239 0.113 0.058 0.035 0.026 0.021 0.019 0.017 0.015 0.014 0.012 0.010 0.009 0.009 0.008 0.008 0.008 0.008 0.008 0.008 0.008 0.008 0.008 0.009 0.010 0.011 0.013 0.015 0.018 0.021 0.024 0.028 0.031 0.034 0.037 0.041 0.047 0.060 0.082 0.117 0.175 0.282 0.438 0.650
18.006 19.587 21.060 22.501 23.684 24.758 25.410 25.363 24.644 23.629 23.211 23.143 22.895 22.236 21.415 20.692 19.851 18.713 17.205 15.396 13.322 10.956 8.949 7.693 6.897 6.086 4.617 2.740 1.465 0.796 0.435 0.237 0.130 0.069 0.038 0.024 0.018 0.014 0.014 0.013 0.012 0.011 0.009 0.009 0.008 0.008 0.007 0.007 0.007 0.006 0.006 0.006 0.006 0.006 0.006 0.006 0.007 0.008 0.009 0.011 0.013 0.015 0.018 0.021 0.025 0.028 0.032 0.036 0.041 0.046 0.056 0.077 0.107 0.149 0.231 0.356 0.531
14.271 15.785 17.178 18.527 19.805 20.854 21.787 22.271 21.897 21.458 21.199 20.849 20.374 19.787 19.180 18.608 17.891 16.739 14.992 12.687 9.942 7.151 5.172 4.102 3.348 2.610 1.717 0.897 0.434 0.215 0.115 0.066 0.041 0.026 0.018 0.014 0.012 0.011 0.010 0.009 0.009 0.009 0.008 0.008 0.007 0.007 0.006 0.006 0.006 0.006 0.005 0.005 0.005 0.005 0.005 0.005 0.005 0.006 0.007 0.009 0.010 0.013 0.016 0.019 0.022 0.026 0.030 0.035 0.040 0.047 0.055 0.073 0.100 0.136 0.193 0.292 0.434
10.540 11.730 12.801 13.761 14.692 15.684 16.961 18.017 18.580 18.477 18.060 17.496 16.884 16.485 16.166 15.703 14.816 13.249 10.781 7.750 5.016 3.100 2.017 1.449 1.068 0.733 0.424 0.214 0.107 0.059 0.036 0.025 0.018 0.014 0.011 0.010 0.009 0.009 0.009 0.008 0.008 0.007 0.007 0.007 0.006 0.006 0.006 0.006 0.005 0.005 0.005 0.005 0.004 0.004 0.004 0.004 0.004 0.004 0.005 0.007 0.009 0.011 0.014 0.017 0.020 0.024 0.029 0.034 0.040 0.047 0.056 0.070 0.095 0.126 0.164 0.242 0.357
7.191 7.782 8.448 9.404 10.331 11.425 12.572 13.526 14.105 14.261 14.010 13.454 12.773 12.074 11.441 10.693 9.419 7.291 4.817 2.838 1.598 0.896 0.541 0.366 0.254 0.164 0.095 0.054 0.033 0.022 0.017 0.013 0.011 0.010 0.009 0.009 0.008 0.008 0.007 0.007 0.007 0.007 0.006 0.006 0.006 0.006 0.006 0.006 0.006 0.006 0.005 0.004 0.004 0.003 0.003 0.003 0.003 0.003 0.004 0.005 0.007 0.009 0.012 0.015 0.019 0.023 0.028 0.033 0.039 0.047 0.056 0.068 0.089 0.117 0.152 0.203 0.297
4.837 4.858 4.999 5.341 5.815 6.440 7.214 7.953 8.504 8.770 8.679 8.206 7.296 6.203 5.367 4.661 3.776 2.505 1.342 0.681 0.353 0.201 0.130 0.090 0.063 0.043 0.029 0.021 0.016 0.013 0.011 0.010 0.009 0.008 0.008 0.008 0.007 0.007 0.007 0.006 0.006 0.006 0.006 0.006 0.007 0.007 0.007 0.008 0.008 0.007 0.006 0.005 0.004 0.003 0.002 0.002 0.002 0.002 0.003 0.004 0.006 0.008 0.010 0.013 0.017 0.021 0.026 0.032 0.039 0.047 0.056 0.068 0.083 0.109 0.142 0.184 0.252
3.053 3.003 2.947 2.885 2.901 3.126 3.397 3.625 3.739 3.727 3.658 3.391 2.888 2.211 1.739 1.384 1.019 0.577 0.278 0.146 0.084 0.054 0.039 0.030 0.023 0.019 0.015 0.012 0.011 0.010 0.009 0.008 0.008 0.007 0.007 0.007 0.007 0.006 0.006 0.007 0.007 0.007 0.007 0.008 0.009 0.010 0.010 0.011 0.011 0.010 0.008 0.006 0.004 0.002 0.001 0.001 0.001 0.001 0.002 0.003 0.004 0.006 0.009 0.012 0.015 0.020 0.025 0.031 0.038 0.046 0.055 0.067 0.082 0.102 0.134 0.178 0.235
2.184 2.036 1.888 1.782 1.683 1.591 1.568 1.506 1.412 1.310 1.214 1.081 0.863 0.624 0.484 0.369 0.249 0.138 0.076 0.046 0.031 0.023 0.018 0.015 0.013 0.012 0.010 0.010 0.009 0.008 0.008 0.007 0.007 0.007 0.007 0.007 0.007 0.007 0.008 0.008 0.009 0.010 0.011 0.012 0.014 0.016 0.017 0.017 0.016 0.012 0.010 0.006 0.004 0.002 0.001 0.000 0.000 0.000 0.001 0.002 0.003 0.005 0.007 0.010 0.013 0.017 0.023 0.029 0.035 0.043 0.052 0.063 0.079 0.100 0.131 0.175 0.237
1.712 1.595 1.457 1.329 1.219 1.093 0.938 0.799 0.664 0.554 0.472 0.401 0.322 0.254 0.207 0.156 0.102 0.063 0.040 0.026 0.018 0.014 0.012 0.011 0.010 0.009 0.009 0.008 0.008 0.007 0.007 0.007 0.007 0.008 0.008 0.009 0.010 0.011 0.012 0.014 0.016 0.019 0.021 0.023 0.025 0.026 0.027 0.024 0.020 0.015 0.010 0.006 0.004 0.002 0.001 0.000 0.000 0.000 0.000 0.001 0.002 0.003 0.005 0.008 0.011 0.015 0.019 0.025 0.031 0.038 0.046 0.056 0.071 0.092 0.124 0.170 0.235
1.488 1.366 1.234 1.101 0.989 0.874 0.746 0.607 0.482 0.380 0.311 0.264 0.230 0.198 0.164 0.121 0.079 0.053 0.036 0.024 0.017 0.013 0.010 0.009 0.008 0.008 0.008 0.008 0.008 0.008 0.009 0.009 0.010 0.012 0.013 0.015 0.018 0.021 0.025 0.029 0.033 0.037 0.040 0.041 0.041 0.039 0.035 0.029 0.023 0.016 0.010 0.006 0.004 0.002 0.001 0.000 0.000 0.000 0.000 0.000 0.001 0.002 0.004 0.006 0.008 0.011 0.015 0.020 0.025 0.032 0.038 0.046 0.057 0.075 0.103 0.147 0.212
1.383 1.259 1.118 0.988 0.881 0.775 0.666 0.550 0.447 0.364 0.305 0.265 0.234 0.205 0.168 0.124 0.084 0.056 0.038 0.026 0.017 0.012 0.010 0.009 0.008 0.008 0.009 0.010 0.011 0.013 0.015 0.017 0.020 0.024 0.028 0.033 0.040 0.047 0.054 0.059 0.063 0.063 0.061 0.057 0.052 0.046 0.040 0.033 0.024 0.016 0.010 0.006 0.003 0.002 0.000 0.000 0.000 0.000 0.000 0.000 0.000 0.001 0.002 0.004 0.006 0.008 0.011 0.015 0.019 0.024 0.029 0.035 0.043 0.055 0.074 0.106 0.160
1.315 1.186 1.053 0.941 0.845 0.744 0.643 0.544 0.456 0.385 0.332 0.290 0.253 0.216 0.176 0.133 0.093 0.063 0.043 0.029 0.019 0.013 0.012 0.012 0.012 0.012 0.014 0.018 0.022 0.026 0.032 0.039 0.046 0.054 0.063 0.073 0.083 0.091 0.094 0.091 0.086 0.079 0.072 0.065 0.058 0.051 0.043 0.033 0.023 0.015 0.010 0.006 0.003 0.001 0.000 0.000 0.000 0.000 0.000 0.000 0.000 0.001 0.001 0.002 0.004 0.006 0.008 0.011 0.014 0.017 0.021 0.025 0.030 0.037 0.048 0.068 0.102
1.264 1.137 1.024 0.931 0.846 0.752 0.660 0.569 0.491 0.426 0.370 0.319 0.271 0.226 0.184 0.144 0.106 0.074 0.051 0.035 0.023 0.020 0.021 0.022 0.022 0.022 0.030 0.039 0.050 0.061 0.074 0.088 0.101 0.114 0.125 0.132 0.134 0.128 0.119 0.107 0.097 0.087 0.078 0.069 0.061 0.052 0.043 0.032 0.022 0.015 0.009 0.005 0.003 0.001 0.000 0.000 0.000 0.000 0.000 0.000 0.000 0.000 0.001 0.001 0.002 0.004 0.005 0.008 0.010 0.012 0.015 0.018 0.022 0.026 0.032 0.042 0.060
1.265 1.145 1.045 0.957 0.881 0.796 0.707 0.622 0.546 0.477 0.411 0.347 0.287 0.236 0.193 0.156 0.122 0.091 0.064 0.045 0.038 0.042 0.045 0.047 0.048 0.053 0.073 0.093 0.114 0.135 0.154 0.170 0.180 0.184 0.182 0.175 0.162 0.146 0.132 0.117 0.102 0.089 0.079 0.069 0.060 0.051 0.041 0.030 0.021 0.014 0.009 0.005 0.003 0.001 0.000 0.000 0.000 0.000 0.000 0.000 0.000 0.000 0.000 0.001 0.001 0.002 0.004 0.005 0.007 0.009 0.011 0.013 0.016 0.019 0.022 0.028 0.037
1.303 1.192 1.096 1.016 0.941 0.862 0.775 0.691 0.608 0.523 0.442 0.366 0.302 0.248 0.205 0.170 0.140 0.112 0.086 0.074 0.083 0.090 0.097 0.102 0.106 0.134 0.173 0.203 0.224 0.236 0.241 0.239 0.233 0.223 0.210 0.194 0.178 0.158 0.137 0.118 0.102 0.088 0.077 0.067 0.057 0.047 0.036 0.027 0.018 0.012 0.007 0.004 0.002 0.001 0.000 0.000 0.000 0.000 0.000 0.000 0.000 0.000 0.000 0.000 0.001 0.001 0.002 0.003 0.004 0.006 0.008 0.010 0.012 0.014 0.016 0.020 0.025
1.357 1.264 1.178 1.096 1.016 0.932 0.839 0.740 0.643 0.547 0.457 0.381 0.316 0.264 0.222 0.190 0.167 0.144 0.139 0.156 0.171 0.185 0.194 0.198 0.218 0.266 0.298 0.311 0.311 0.303 0.289 0.272 0.253 0.239 0.223 0.205 0.182 0.158 0.136 0.117 0.100 0.085 0.071 0.059 0.048 0.038 0.028 0.020 0.014 0.009 0.006 0.003 0.001 0.000 0.000 0.000 0.000 0.000 0.000 0.000 0.000 0.000 0.000 0.000 0.000 0.000 0.001 0.002 0.003 0.004 0.005 0.007 0.008 0.010 0.012 0.015 0.018
1.468 1.372 1.272 1.181 1.084 0.979 0.864 0.750 0.645 0.551 0.468 0.398 0.339 0.289 0.255 0.232 0.213 0.227 0.251 0.269 0.282 0.291 0.292 0.301 0.341 0.364 0.371 0.366 0.351 0.329 0.309 0.289 0.266 0.245 0.226 0.205 0.182 0.157 0.134 0.113 0.094 0.076 0.060 0.046 0.034 0.024 0.017 0.012 0.009 0.006 0.003 0.002 0.001 0.000 0.000 0.000 0.000 0.000 0.000 0.000 0.000 0.000 0.000 0.000 0.000 0.000 0.000 0.001 0.002 0.002 0.003 0.005 0.006 0.007 0.009 0.011 0.013
1.580 1.471 1.361 1.242 1.116 0.986 0.859 0.740 0.640 0.558 0.491 0.434 0.383 0.340 0.309 0.288 0.289 0.319 0.348 0.369 0.380 0.368 0.359 0.387 0.403 0.407 0.401 0.386 0.370 0.347 0.321 0.295 0.268 0.245 0.225 0.204 0.180 0.153 0.126 0.101 0.079 0.059 0.042 0.029 0.020 0.014 0.010 0.007 0.005 0.003 0.002 0.001 0.000 0.000 0.000 0.000 0.000 0.000 0.000 0.000 0.000 0.000 0.000 0.000 0.000 0.000 0.000 0.000 0.001 0.001 0.002 0.003 0.004 0.005 0.006 0.008 0.010
1.686 1.537 1.390 1.250 1.107 0.966 0.836 0.728 0.642 0.585 0.537 0.489 0.444 0.404 0.374 0.355 0.381 0.456 0.514 0.543 0.542 0.510 0.459 0.421 0.423 0.420 0.412 0.400 0.379 0.353 0.325 0.295 0.266 0.242 0.219 0.194 0.167 0.136 0.106 0.078 0.054 0.036 0.024 0.016 0.011 0.008 0.005 0.004 0.003 0.002 0.001 0.000 0.000 0.000 0.000 0.000 0.000 0.000 0.000 0.000 0.000 0.000 0.000 0.000 0.000 0.000 0.000 0.000 0.000 0.000 0.001 0.001 0.002 0.003 0.004 0.006 0.007
1.726 1.541 1.362 1.193 1.035 0.895 0.788 0.709 0.651 0.607 0.566 0.526 0.487 0.450 0.426 0.417 0.518 0.613 0.666 0.682 0.664 0.619 0.546 0.463 0.430 0.426 0.418 0.405 0.383 0.355 0.324 0.291 0.256 0.223 0.192 0.162 0.131 0.098 0.069 0.046 0.029 0.019 0.012 0.009 0.006 0.004 0.003 0.002 0.001 0.001 0.000 0.000 0.000 0.000 0.000 0.000 0.000 0.000 0.000 0.000 0.000 0.000 0.000 0.000 0.000 0.000 0.000 0.000 0.000 0.000 0.000 0.001 0.001 0.002 0.003 0.004 0.005
1.678 1.436 1.193 0.980 0.840 0.758 0.703 0.662 0.630 0.597 0.565 0.534 0.504 0.476 0.465 0.483 0.617 0.705 0.735 0.733 0.710 0.674 0.600 0.486 0.433 0.428 0.418 0.403 0.378 0.347 0.310 0.268 0.222 0.178 0.137 0.102 0.073 0.050 0.033 0.022 0.014 0.010 0.007 0.005 0.004 0.003 0.002 0.001 0.000 0.000 0.000 0.000 0.000 0.000 0.000 0.000 0.000 0.000 0.000 0.000 0.000 0.000 0.000 0.000 0.000 0.000 0.000 0.000 0.000 0.000 0.000 0.000 0.000 0.001 0.001 0.002 0.003
1.414 1.041 0.743 0.597 0.537 0.517 0.517 0.525 0.533 0.533 0.528 0.517 0.500 0.484 0.490 0.532 0.644 0.715 0.735 0.740 0.723 0.675 0.587 0.450 0.426 0.413 0.390 0.365 0.333 0.296 0.255 0.207 0.157 0.108 0.071 0.047 0.031 0.021 0.015 0.011 0.008 0.006 0.004 0.003 0.002 0.001 0.001 0.000 0.000 0.000 0.000 0.000 0.000 0.000 0.000 0.000 0.000 0.000 0.000 0.000 0.000 0.000 0.000 0.000 0.000 0.000 0.000 0.000 0.000 0.000 0.000 0.000 0.000 0.000 0.000 0.001 0.002
0.847 0.465 0.302 0.248 0.232 0.241 0.276 0.335 0.399 0.443 0.467 0.475 0.476 0.475 0.483 0.520 0.609 0.675 0.709 0.706 0.677 0.612 0.502 0.403 0.383 0.349 0.305 0.259 0.221 0.185 0.149 0.116 0.080 0.053 0.036 0.025 0.017 0.012 0.008 0.006 0.004 0.003 0.002 0.002 0.001 0.000 0.000 0.000 0.000 0.000 0.000 0.000 0.000 0.000 0.000 0.000 0.000 0.000 0.000 0.000 0.000 0.000 0.000 0.000 0.000 0.000 0.000 0.000 0.000 0.000 0.000 0.000 0.000 0.000 0.000 0.000 0.001
