RESULTS/r.avaflow_results/12_results/12_ascii/12_hflow10023.asc
ncols 506
nrows 317
xllcenter 498237.50
yllcenter 5580050.00
cellsize 12.50
NODATA_value -9999.000
[rows 170 to 203 of 317, columns 77 to 153 of 506]
0.000 0.000 0.000 0.000 0.000 0.000 0.000 0.000 0.000 0.000 0.000 0.001 0.003 0.005 0.008 0.013 0.019 0.025 0.032 0.042 0.054 0.075 0.112 0.174 0.268 0.367 0.441 0.500 0.558 0.617 0.679 0.747 0.823 0.910 1.012 1.129 1.240 1.322 1.368 1.381 1.363 1.342 1.407 1.668 2.165 2.818 3.441 4.034 4.654 5.378 6.276 7.346 8.427 9.235 9.649 9.747 9.745 9.731 9.706 9.646 9.522 9.305 8.963 8.517 7.964 7.321 6.601 5.825 5.085 4.417 3.822 3.301 2.847 2.451 2.105 1.800 1.534
0.000 0.000 0.000 0.000 0.000 0.000 0.000 0.000 0.000 0.001 0.002 0.004 0.008 0.013 0.021 0.030 0.041 0.055 0.070 0.090 0.116 0.156 0.220 0.313 0.428 0.528 0.603 0.670 0.737 0.806 0.878 0.957 1.045 1.146 1.266 1.409 1.564 1.695 1.788 1.842 1.871 1.932 2.159 2.664 3.450 4.346 5.145 5.928 6.732 7.549 8.376 9.210 9.906 10.336 10.480 10.480 10.461 10.420 10.352 10.236 10.046 9.765 9.372 8.873 8.268 7.575 6.801 5.988 5.240 4.571 3.982 3.469 3.022 2.635 2.299 2.005 1.749
0.000 0.000 0.000 0.000 0.000 0.000 0.000 0.000 0.001 0.002 0.005 0.010 0.017 0.027 0.040 0.057 0.076 0.100 0.129 0.165 0.213 0.281 0.377 0.499 0.618 0.712 0.793 0.871 0.950 1.031 1.115 1.207 1.310 1.428 1.569 1.738 1.934 2.132 2.299 2.437 2.570 2.794 3.262 4.055 5.143 6.181 7.058 7.882 8.658 9.387 10.041 10.578 10.928 11.084 11.112 11.103 11.068 10.988 10.865 10.682 10.426 10.084 9.640 9.092 8.449 7.721 6.913 6.090 5.343 4.680 4.096 3.589 3.148 2.769 2.443 2.162 1.919
0.000 0.000 0.000 0.000 0.000 0.000 0.000 0.001 0.002 0.005 0.011 0.019 0.031 0.047 0.067 0.092 0.122 0.160 0.208 0.267 0.343 0.444 0.574 0.713 0.828 0.925 1.017 1.110 1.202 1.297 1.396 1.505 1.626 1.765 1.931 2.129 2.368 2.638 2.913 3.187 3.497 3.980 4.744 5.832 7.039 8.012 8.817 9.556 10.217 10.798 11.258 11.555 11.679 11.713 11.697 11.655 11.574 11.440 11.257 11.006 10.687 10.288 9.798 9.212 8.540 7.791 6.968 6.146 5.403 4.744 4.164 3.660 3.225 2.853 2.536 2.268 2.037
0.000 0.000 0.000 0.000 0.000 0.000 0.000 0.001 0.004 0.008 0.016 0.028 0.045 0.068 0.098 0.134 0.178 0.233 0.302 0.388 0.497 0.633 0.793 0.940 1.063 1.175 1.284 1.393 1.502 1.613 1.729 1.856 1.998 2.162 2.358 2.595 2.885 3.235 3.641 4.097 4.658 5.447 6.488 7.672 8.729 9.579 10.288 10.898 11.410 11.822 12.107 12.248 12.279 12.272 12.219 12.116 11.971 11.773 11.531 11.225 10.852 10.403 9.869 9.256 8.570 7.815 6.987 6.169 5.426 4.769 4.192 3.692 3.263 2.899 2.591 2.331 2.109
0.000 0.000 0.000 0.000 0.000 0.000 0.000 0.001 0.005 0.010 0.019 0.033 0.055 0.085 0.125 0.176 0.241 0.319 0.413 0.528 0.670 0.843 1.030 1.194 1.337 1.471 1.601 1.729 1.857 1.987 2.122 2.268 2.433 2.625 2.856 3.142 3.500 3.945 4.480 5.090 5.823 6.810 8.036 9.210 10.148 10.882 11.454 11.908 12.281 12.544 12.698 12.761 12.769 12.736 12.642 12.479 12.263 12.005 11.704 11.357 10.939 10.450 9.891 9.264 8.572 7.815 6.989 6.170 5.429 4.772 4.196 3.698 3.274 2.916 2.615 2.360 2.144
0.000 0.000 0.000 0.000 0.000 0.000 0.000 0.001 0.005 0.011 0.020 0.036 0.060 0.095 0.144 0.209 0.294 0.401 0.532 0.686 0.867 1.080 1.297 1.489 1.661 1.821 1.975 2.126 2.276 2.427 2.583 2.750 2.937 3.157 3.425 3.768 4.203 4.724 5.312 5.971 6.788 7.917 9.292 10.453 11.305 11.902 12.321 12.631 12.887 13.052 13.138 13.159 13.146 13.088 12.961 12.754 12.474 12.155 11.808 11.421 10.970 10.458 9.886 9.251 8.554 7.790 6.961 6.144 5.407 4.754 4.182 3.689 3.270 2.915 2.617 2.365 2.153
0.000 0.000 0.000 0.000 0.000 0.000 0.000 0.001 0.005 0.011 0.021 0.037 0.062 0.101 0.155 0.230 0.330 0.463 0.635 0.844 1.086 1.352 1.608 1.838 2.045 2.235 2.415 2.592 2.766 2.940 3.120 3.310 3.518 3.762 4.063 4.432 4.877 5.407 6.021 6.720 7.587 8.801 10.259 11.415 12.194 12.648 12.928 13.136 13.300 13.400 13.441 13.443 13.412 13.330 13.178 12.943 12.620 12.249 11.858 11.434 10.971 10.446 9.858 9.206 8.489 7.709 6.870 6.064 5.338 4.695 4.134 3.652 3.243 2.897 2.606 2.361 2.152
0.000 0.000 0.000 0.000 0.000 0.000 0.000 0.001 0.005 0.010 0.020 0.036 0.062 0.102 0.159 0.238 0.349 0.502 0.709 0.975 1.297 1.652 1.969 2.249 2.498 2.724 2.934 3.136 3.335 3.534 3.737 3.950 4.178 4.432 4.720 5.044 5.441 5.952 6.584 7.334 8.240 9.460 10.947 12.098 12.799 13.136 13.311 13.452 13.554 13.612 13.630 13.626 13.580 13.476 13.301 13.045 12.697 12.296 11.874 11.426 10.940 10.389 9.774 9.094 8.346 7.536 6.695 5.910 5.203 4.579 4.038 3.575 3.183 2.853 2.577 2.342 2.142
0.000 0.000 0.000 0.000 0.000 0.000 0.000 0.001 0.004 0.009 0.017 0.033 0.059 0.099 0.157 0.239 0.354 0.518 0.748 1.063 1.465 1.928 2.345 2.705 3.016 3.288 3.533 3.760 3.982 4.202 4.421 4.644 4.866 5.094 5.330 5.582 5.909 6.386 7.020 7.805 8.757 9.946 11.378 12.509 13.157 13.412 13.523 13.622 13.689 13.721 13.729 13.715 13.661 13.547 13.359 13.089 12.722 12.307 11.864 11.380 10.852 10.258 9.602 8.877 8.093 7.249 6.420 5.663 4.987 4.395 3.884 3.451 3.087 2.781 2.525 2.305 2.116
0.000 0.000 0.000 0.000 0.000 0.000 0.000 0.001 0.002 0.006 0.013 0.026 0.049 0.086 0.144 0.227 0.345 0.513 0.753 1.094 1.559 2.137 2.669 3.112 3.495 3.825 4.113 4.369 4.604 4.829 5.048 5.264 5.474 5.677 5.871 6.063 6.314 6.738 7.350 8.141 9.117 10.293 11.620 12.696 13.329 13.539 13.615 13.686 13.742 13.767 13.765 13.744 13.685 13.570 13.376 13.096 12.716 12.282 11.811 11.283 10.693 10.037 9.322 8.538 7.702 6.842 6.039 5.319 4.685 4.136 3.669 3.277 2.950 2.676 2.444 2.243 2.068
0.000 0.000 0.000 0.000 0.000 0.000 0.000 0.000 0.001 0.003 0.007 0.015 0.031 0.060 0.110 0.186 0.299 0.465 0.709 1.067 1.569 2.246 2.924 3.448 3.888 4.269 4.597 4.880 5.130 5.359 5.576 5.784 5.989 6.183 6.353 6.507 6.697 7.055 7.624 8.394 9.369 10.545 11.765 12.736 13.369 13.581 13.637 13.698 13.747 13.761 13.762 13.742 13.684 13.566 13.362 13.069 12.678 12.208 11.688 11.107 10.448 9.718 8.922 8.062 7.170 6.317 5.549 4.876 4.297 3.805 3.393 3.051 2.768 2.530 2.326 2.149 1.993
0.000 0.000 0.000 0.000 0.000 0.000 0.000 0.000 0.000 0.001 0.003 0.006 0.014 0.029 0.058 0.111 0.199 0.339 0.564 0.923 1.473 2.245 3.083 3.711 4.198 4.618 4.979 5.287 5.554 5.787 6.002 6.207 6.407 6.600 6.771 6.917 7.070 7.341 7.837 8.554 9.508 10.682 11.821 12.685 13.306 13.572 13.626 13.678 13.717 13.729 13.731 13.707 13.642 13.519 13.306 12.993 12.574 12.061 11.484 10.833 10.101 9.288 8.397 7.447 6.520 5.683 4.955 4.339 3.826 3.404 3.057 2.773 2.538 2.338 2.166 2.016 1.884
0.000 0.000 0.000 0.000 0.000 0.000 0.000 0.000 0.000 0.000 0.001 0.002 0.005 0.011 0.023 0.047 0.092 0.174 0.332 0.645 1.213 2.098 3.131 3.887 4.423 4.871 5.259 5.591 5.875 6.118 6.333 6.539 6.737 6.931 7.110 7.275 7.430 7.636 8.043 8.691 9.591 10.733 11.821 12.592 13.144 13.453 13.560 13.603 13.625 13.637 13.628 13.604 13.533 13.390 13.162 12.821 12.371 11.806 11.160 10.436 9.628 8.729 7.745 6.730 5.801 4.997 4.315 3.748 3.294 2.940 2.664 2.443 2.258 2.099 1.962 1.843 1.737
0.000 0.000 0.000 0.000 0.000 0.000 0.000 0.000 0.000 0.000 0.000 0.001 0.002 0.004 0.009 0.019 0.039 0.079 0.167 0.376 0.861 1.778 3.013 3.956 4.563 5.035 5.447 5.802 6.103 6.359 6.580 6.785 6.985 7.180 7.368 7.553 7.737 7.929 8.253 8.809 9.628 10.738 11.765 12.433 12.903 13.200 13.373 13.438 13.444 13.446 13.427 13.378 13.284 13.122 12.881 12.513 12.034 11.429 10.719 9.918 9.029 8.043 6.994 5.996 5.125 4.378 3.746 3.223 2.804 2.480 2.240 2.066 1.931 1.817 1.718 1.632 1.557
0.000 0.000 0.000 0.000 0.000 0.000 0.000 0.000 0.000 0.000 0.000 0.000 0.001 0.002 0.004 0.010 0.021 0.045 0.098 0.233 0.589 1.397 2.705 3.884 4.618 5.124 5.554 5.930 6.251 6.521 6.750 6.958 7.157 7.354 7.550 7.748 7.951 8.165 8.472 8.949 9.654 10.651 11.570 12.178 12.592 12.869 13.050 13.132 13.147 13.141 13.095 12.998 12.856 12.660 12.399 12.022 11.526 10.902 10.150 9.280 8.311 7.256 6.225 5.305 4.508 3.825 3.246 2.766 2.379 2.075 1.846 1.684 1.576 1.501 1.440 1.389 1.346
0.000 0.000 0.000 0.000 0.000 0.000 0.000 0.000 0.000 0.000 0.000 0.000 0.000 0.001 0.004 0.009 0.018 0.037 0.080 0.179 0.436 1.067 2.245 3.633 4.569 5.151 5.594 5.988 6.329 6.615 6.854 7.064 7.262 7.458 7.655 7.857 8.068 8.301 8.606 9.031 9.642 10.489 11.277 11.830 12.202 12.449 12.605 12.665 12.685 12.667 12.594 12.447 12.228 11.962 11.665 11.293 10.813 10.194 9.423 8.514 7.493 6.439 5.488 4.657 3.936 3.319 2.795 2.359 2.003 1.720 1.501 1.341 1.236 1.175 1.142 1.117 1.095
0.000 0.000 0.000 0.000 0.000 0.000 0.000 0.000 0.000 0.000 0.000 0.000 0.000 0.001 0.004 0.009 0.019 0.038 0.080 0.170 0.372 0.843 1.776 3.165 4.368 5.118 5.602 6.003 6.358 6.658 6.904 7.116 7.313 7.506 7.697 7.894 8.109 8.346 8.640 9.041 9.577 10.263 10.905 11.381 11.707 11.902 12.018 12.045 12.050 12.012 11.908 11.705 11.399 11.033 10.675 10.288 9.831 9.258 8.506 7.604 6.589 5.620 4.776 4.038 3.396 2.843 2.375 1.984 1.661 1.399 1.192 1.035 0.924 0.855 0.815 0.783 0.742
0.000 0.000 0.000 0.000 0.000 0.000 0.000 0.000 0.000 0.000 0.000 0.000 0.001 0.002 0.006 0.012 0.024 0.046 0.091 0.180 0.361 0.725 1.427 2.592 3.972 4.968 5.571 6.000 6.363 6.668 6.920 7.133 7.327 7.517 7.708 7.903 8.112 8.345 8.626 8.990 9.438 9.974 10.467 10.836 11.086 11.214 11.279 11.282 11.260 11.187 11.039 10.787 10.408 9.925 9.459 9.024 8.563 8.043 7.370 6.538 5.617 4.790 4.072 3.437 2.873 2.384 1.971 1.624 1.335 1.097 0.905 0.755 0.641 0.554 0.488 0.431 0.375
0.000 0.000 0.000 0.000 0.000 0.000 0.000 0.000 0.000 0.000 0.000 0.000 0.002 0.005 0.010 0.020 0.037 0.067 0.120 0.215 0.385 0.689 1.227 2.126 3.444 4.666 5.450 5.955 6.342 6.659 6.918 7.133 7.325 7.509 7.693 7.879 8.083 8.297 8.544 8.847 9.201 9.580 9.910 10.164 10.323 10.381 10.396 10.370 10.313 10.202 10.006 9.707 9.283 8.724 8.152 7.645 7.139 6.615 6.022 5.316 4.579 3.930 3.352 2.826 2.348 1.928 1.568 1.266 1.011 0.798 0.626 0.493 0.389 0.309 0.246 0.195 0.155
0.000 0.000 0.000 0.000 0.000 0.000 0.000 0.000 0.000 0.000 0.000 0.001 0.004 0.009 0.018 0.035 0.061 0.104 0.170 0.275 0.442 0.715 1.157 1.868 2.961 4.255 5.207 5.828 6.273 6.615 6.886 7.107 7.296 7.467 7.631 7.799 7.981 8.163 8.354 8.582 8.828 9.052 9.229 9.353 9.413 9.415 9.386 9.322 9.218 9.065 8.829 8.496 8.060 7.538 6.988 6.453 5.913 5.354 4.759 4.130 3.542 3.018 2.549 2.127 1.748 1.407 1.112 0.863 0.660 0.497 0.370 0.272 0.198 0.143 0.104 0.076 0.058
0.000 0.000 0.000 0.000 0.000 0.000 0.000 0.000 0.000 0.000 0.000 0.001 0.005 0.013 0.028 0.054 0.094 0.153 0.236 0.355 0.526 0.782 1.175 1.772 2.664 3.841 4.864 5.595 6.123 6.515 6.809 7.033 7.210 7.360 7.498 7.633 7.774 7.902 8.035 8.174 8.290 8.359 8.393 8.392 8.368 8.320 8.243 8.134 7.982 7.790 7.539 7.229 6.857 6.423 5.939 5.428 4.891 4.327 3.735 3.159 2.642 2.179 1.767 1.409 1.104 0.848 0.640 0.477 0.351 0.253 0.178 0.122 0.083 0.057 0.040 0.029 0.022
0.000 0.000 0.000 0.000 0.000 0.000 0.000 0.000 0.000 0.000 0.000 0.002 0.006 0.015 0.034 0.067 0.118 0.190 0.290 0.428 0.618 0.880 1.247 1.780 2.539 3.535 4.520 5.294 5.883 6.323 6.648 6.882 7.042 7.159 7.264 7.351 7.435 7.504 7.559 7.591 7.574 7.500 7.406 7.298 7.199 7.092 6.972 6.842 6.696 6.526 6.319 6.065 5.757 5.392 4.970 4.504 4.002 3.469 2.911 2.382 1.907 1.490 1.135 0.841 0.607 0.430 0.302 0.212 0.148 0.101 0.068 0.045 0.031 0.022 0.016 0.012 0.010
0.000 0.000 0.000 0.000 0.000 0.000 0.000 0.000 0.000 0.000 0.000 0.002 0.006 0.016 0.036 0.072 0.130 0.214 0.330 0.488 0.704 0.989 1.360 1.850 2.514 3.365 4.243 4.977 5.571 6.030 6.367 6.602 6.748 6.832 6.894 6.929 6.952 6.956 6.917 6.831 6.683 6.469 6.265 6.103 5.978 5.866 5.757 5.645 5.528 5.393 5.228 5.022 4.765 4.449 4.076 3.653 3.194 2.704 2.204 1.731 1.306 0.946 0.660 0.441 0.284 0.180 0.116 0.076 0.051 0.034 0.024 0.016 0.012 0.009 0.007 0.006 0.005
0.000 0.000 0.000 0.000 0.000 0.000 0.000 0.000 0.000 0.000 0.000 0.002 0.006 0.016 0.036 0.073 0.133 0.228 0.361 0.544 0.789 1.103 1.491 1.967 2.560 3.289 4.031 4.667 5.203 5.631 5.950 6.168 6.294 6.348 6.369 6.357 6.322 6.252 6.126 5.919 5.636 5.352 5.135 4.983 4.869 4.771 4.680 4.587 4.493 4.387 4.256 4.086 3.866 3.586 3.250 2.865 2.442 1.996 1.559 1.157 0.812 0.538 0.337 0.201 0.116 0.068 0.041 0.026 0.017 0.012 0.009 0.007 0.005 0.004 0.004 0.003 0.003
0.000 0.000 0.000 0.000 0.000 0.000 0.000 0.000 0.000 0.000 0.000 0.001 0.005 0.014 0.032 0.067 0.130 0.231 0.386 0.600 0.881 1.229 1.639 2.105 2.638 3.247 3.842 4.357 4.795 5.146 5.406 5.576 5.665 5.690 5.680 5.632 5.549 5.408 5.202 4.931 4.629 4.369 4.165 4.016 3.903 3.814 3.735 3.659 3.583 3.498 3.390 3.243 3.046 2.793 2.485 2.131 1.743 1.349 0.988 0.682 0.439 0.264 0.149 0.082 0.045 0.024 0.014 0.009 0.006 0.004 0.004 0.003 0.003 0.002 0.002 0.002 0.002
0.000 0.000 0.000 0.000 0.000 0.000 0.000 0.000 0.000 0.000 0.000 0.001 0.003 0.009 0.024 0.054 0.114 0.222 0.401 0.662 0.999 1.395 1.819 2.262 2.729 3.207 3.646 4.024 4.334 4.574 4.740 4.839 4.877 4.876 4.840 4.760 4.641 4.474 4.271 4.037 3.782 3.547 3.352 3.201 3.084 2.992 2.918 2.850 2.782 2.704 2.604 2.469 2.289 2.057 1.772 1.446 1.113 0.805 0.545 0.343 0.200 0.110 0.059 0.031 0.016 0.008 0.004 0.003 0.002 0.002 0.002 0.002 0.001 0.001 0.001 0.001 0.001
0.000 0.000 0.000 0.000 0.000 0.000 0.000 0.000 0.000 0.000 0.000 0.000 0.001 0.005 0.013 0.035 0.086 0.195 0.398 0.731 1.183 1.642 2.057 2.447 2.814 3.147 3.431 3.659 3.828 3.938 3.996 4.013 3.999 3.968 3.918 3.840 3.736 3.608 3.453 3.274 3.073 2.866 2.682 2.528 2.403 2.302 2.220 2.144 2.065 1.976 1.869 1.739 1.574 1.366 1.119 0.853 0.611 0.408 0.251 0.143 0.077 0.041 0.021 0.011 0.005 0.002 0.001 0.001 0.001 0.001 0.001 0.001 0.001 0.001 0.001 0.001 0.001
0.000 0.000 0.000 0.000 0.000 0.000 0.000 0.000 0.000 0.000 0.000 0.000 0.001 0.003 0.007 0.020 0.056 0.152 0.368 0.765 1.382 1.976 2.375 2.668 2.901 3.086 3.227 3.320 3.367 3.364 3.327 3.273 3.212 3.151 3.092 3.026 2.949 2.858 2.748 2.618 2.467 2.300 2.133 1.980 1.845 1.732 1.632 1.535 1.436 1.329 1.213 1.088 0.944 0.778 0.596 0.422 0.278 0.168 0.095 0.051 0.027 0.014 0.007 0.003 0.002 0.001 0.001 0.001 0.001 0.001 0.001 0.001 0.001 0.001 0.001 0.001 0.001
0.000 0.000 0.000 0.000 0.000 0.000 0.000 0.000 0.000 0.000 0.001 0.001 0.002 0.003 0.006 0.013 0.035 0.107 0.304 0.729 1.446 2.216 2.680 2.897 2.996 3.048 3.060 3.030 2.964 2.866 2.752 2.637 2.536 2.450 2.381 2.325 2.270 2.210 2.136 2.047 1.939 1.813 1.675 1.534 1.395 1.269 1.154 1.043 0.932 0.821 0.709 0.597 0.484 0.369 0.260 0.170 0.103 0.059 0.032 0.017 0.009 0.004 0.002 0.001 0.001 0.000 0.000 0.000 0.000 0.000 0.000 0.001 0.001 0.001 0.001 0.001 0.001
0.001 0.001 0.001 0.001 0.002 0.002 0.002 0.002 0.002 0.002 0.002 0.003 0.003 0.004 0.007 0.012 0.026 0.067 0.208 0.590 1.336 2.255 2.826 3.051 3.079 3.032 2.925 2.770 2.595 2.423 2.258 2.105 1.970 1.859 1.777 1.721 1.679 1.639 1.593 1.537 1.466 1.380 1.277 1.161 1.034 0.904 0.783 0.670 0.563 0.463 0.370 0.284 0.209 0.145 0.095 0.058 0.034 0.019 0.010 0.005 0.003 0.001 0.001 0.001 0.000 0.000 0.000 0.000 0.000 0.000 0.000 0.001 0.000 0.000 0.001 0.001 0.001
0.002 0.003 0.003 0.004 0.004 0.004 0.004 0.004 0.004 0.004 0.005 0.005 0.006 0.008 0.011 0.016 0.026 0.050 0.118 0.346 0.958 1.962 2.740 3.066 3.102 3.010 2.798 2.514 2.248 2.026 1.833 1.659 1.503 1.372 1.271 1.202 1.158 1.125 1.095 1.062 1.024 0.978 0.916 0.834 0.734 0.618 0.507 0.407 0.318 0.241 0.176 0.122 0.081 0.052 0.032 0.019 0.011 0.006 0.003 0.002 0.001 0.001 0.000 0.000 0.000 0.000 0.000 0.000 0.000 0.001 0.001 0.001 0.000 0.000 0.000 0.001 0.001
0.004 0.005 0.006 0.006 0.006 0.006 0.006 0.006 0.006 0.007 0.008 0.009 0.011 0.015 0.020 0.025 0.034 0.051 0.088 0.181 0.461 1.167 2.093 2.699 2.894 2.847 2.615 2.251 1.912 1.657 1.451 1.272 1.114 0.976 0.862 0.777 0.724 0.689 0.663 0.643 0.627 0.610 0.585 0.542 0.478 0.397 0.309 0.234 0.171 0.119 0.079 0.050 0.031 0.018 0.010 0.006 0.003 0.002 0.001 0.001 0.000 0.000 0.000 0.000 0.000 0.000 0.000 0.000 0.001 0.001 0.001 0.000 0.000 0.000 0.000 0.000 0.001
0.008 0.008 0.009 0.009 0.008 0.008 0.008 0.008 0.009 0.010 0.011 0.014 0.018 0.022 0.027 0.034 0.043 0.059 0.092 0.155 0.258 0.490 1.008 1.639 2.085 2.236 2.146 1.884 1.559 1.291 1.087 0.921 0.779 0.652 0.543 0.460 0.404 0.367 0.343 0.329 0.323 0.322 0.319 0.305 0.276 0.231 0.174 0.124 0.085 0.056 0.034 0.020 0.011 0.006 0.003 0.002 0.001 0.001 0.000 0.000 0.000 0.000 0.000 0.000 0.000 0.000 0.000 0.001 0.001 0.001 0.001 0.000 0.000 0.000 0.000 0.000 0.001
