RESULTS/r.avaflow_results/12_results/12_ascii/12_hflow0013.asc
ncols 506
nrows 317
xllcenter 498237.50
yllcenter 5580050.00
cellsize 12.50
NODATA_value -9999.000
[rows 170 to 203 of 317, columns 77 to 153 of 506]
0.000 0.000 0.000 0.000 0.000 0.000 0.000 0.000 0.000 0.000 0.000 0.000 0.000 0.000 0.000 0.000 0.001 0.002 0.003 0.005 0.009 0.017 0.037 0.083 0.164 0.237 0.271 0.282 0.287 0.291 0.296 0.302 0.312 0.331 0.363 0.418 0.506 0.636 0.816 1.052 1.324 1.557 1.742 1.888 2.012 2.141 2.293 2.480 2.758 3.204 3.893 4.918 6.291 7.673 8.686 9.365 9.885 10.363 10.888 11.466 12.208 13.173 14.312 15.596 16.901 17.780 18.224 18.224 17.757 16.934 15.939 14.829 13.633 12.364 11.107 10.040 9.092
0.000 0.000 0.000 0.000 0.000 0.000 0.000 0.000 0.000 0.000 0.000 0.000 0.000 0.000 0.001 0.002 0.004 0.006 0.011 0.017 0.028 0.050 0.096 0.180 0.289 0.364 0.398 0.413 0.422 0.430 0.438 0.449 0.465 0.493 0.543 0.627 0.757 0.949 1.211 1.545 1.918 2.240 2.513 2.758 2.992 3.258 3.560 3.917 4.383 5.030 5.888 7.004 8.193 9.199 9.955 10.539 11.007 11.433 11.902 12.414 13.078 13.900 14.841 15.828 16.812 17.477 17.724 17.517 16.984 16.339 15.692 15.047 14.359 13.650 12.971 12.413 12.016
0.000 0.000 0.000 0.000 0.000 0.000 0.000 0.000 0.000 0.000 0.000 0.000 0.000 0.001 0.002 0.005 0.009 0.016 0.026 0.042 0.067 0.115 0.198 0.325 0.450 0.525 0.567 0.592 0.609 0.623 0.636 0.654 0.678 0.720 0.792 0.912 1.101 1.375 1.746 2.215 2.722 3.163 3.563 3.943 4.326 4.744 5.198 5.732 6.380 7.196 8.131 9.091 9.897 10.544 11.060 11.524 11.902 12.232 12.590 13.005 13.537 14.145 14.780 15.394 15.988 16.422 16.513 16.271 15.968 15.729 15.552 15.394 15.257 15.076 14.889 14.824 15.052
0.000 0.000 0.000 0.000 0.000 0.000 0.000 0.000 0.000 0.000 0.000 0.000 0.001 0.002 0.005 0.010 0.018 0.031 0.051 0.081 0.130 0.210 0.335 0.503 0.643 0.736 0.796 0.834 0.861 0.883 0.904 0.930 0.966 1.023 1.123 1.288 1.547 1.928 2.444 3.089 3.781 4.383 4.939 5.487 6.046 6.634 7.255 7.957 8.752 9.596 10.361 10.975 11.439 11.772 12.028 12.280 12.522 12.739 12.984 13.257 13.595 13.945 14.270 14.549 14.787 14.942 14.925 14.802 14.829 15.037 15.288 15.512 15.720 15.931 16.202 16.651 17.452
0.000 0.000 0.000 0.000 0.000 0.000 0.000 0.000 0.000 0.000 0.000 0.000 0.001 0.004 0.010 0.018 0.032 0.053 0.085 0.135 0.211 0.326 0.492 0.702 0.882 1.012 1.100 1.157 1.194 1.223 1.253 1.287 1.335 1.410 1.541 1.760 2.104 2.617 3.321 4.190 5.125 5.946 6.698 7.431 8.174 8.953 9.731 10.481 11.176 11.786 12.261 12.597 12.785 12.871 12.857 12.861 12.942 13.040 13.167 13.310 13.471 13.613 13.716 13.745 13.738 13.660 13.526 13.418 13.613 14.143 14.745 15.276 15.767 16.301 16.967 17.847 19.012
0.000 0.000 0.000 0.000 0.000 0.000 0.000 0.000 0.000 0.000 0.000 0.001 0.003 0.007 0.015 0.029 0.049 0.081 0.128 0.200 0.305 0.458 0.668 0.936 1.184 1.366 1.491 1.571 1.621 1.658 1.693 1.733 1.789 1.882 2.046 2.324 2.770 3.423 4.292 5.373 6.608 7.742 8.726 9.602 10.442 11.270 12.015 12.641 13.150 13.545 13.785 13.911 13.934 13.829 13.557 13.296 13.198 13.187 13.234 13.271 13.299 13.276 13.214 13.079 12.886 12.618 12.307 12.066 12.253 12.893 13.743 14.553 15.372 16.250 17.219 18.340 19.642
0.000 0.000 0.000 0.000 0.000 0.000 0.000 0.000 0.000 0.000 0.000 0.001 0.004 0.009 0.020 0.038 0.066 0.111 0.178 0.276 0.415 0.611 0.877 1.222 1.559 1.806 1.975 2.082 2.147 2.192 2.230 2.272 2.331 2.434 2.622 2.947 3.448 4.154 5.105 6.331 7.804 9.259 10.457 11.458 12.331 13.111 13.778 14.294 14.646 14.867 14.963 14.960 14.844 14.546 14.078 13.629 13.374 13.282 13.247 13.181 13.109 12.986 12.802 12.534 12.180 11.738 11.216 10.739 10.697 11.190 12.103 13.164 14.294 15.523 16.855 18.218 19.625
0.000 0.000 0.000 0.000 0.000 0.000 0.000 0.000 0.000 0.000 0.000 0.001 0.004 0.010 0.022 0.043 0.077 0.132 0.218 0.347 0.531 0.785 1.124 1.568 2.007 2.332 2.552 2.691 2.770 2.820 2.860 2.899 2.952 3.055 3.248 3.564 4.044 4.746 5.731 7.045 8.689 10.430 11.822 12.898 13.793 14.488 15.020 15.429 15.702 15.807 15.824 15.750 15.516 15.069 14.449 13.875 13.507 13.307 13.179 13.066 12.930 12.739 12.443 12.046 11.542 10.914 10.168 9.474 9.164 9.310 9.936 10.987 12.323 13.861 15.564 17.291 18.948
0.000 0.000 0.000 0.000 0.000 0.000 0.000 0.000 0.000 0.000 0.000 0.001 0.004 0.010 0.023 0.044 0.081 0.143 0.244 0.400 0.627 0.945 1.376 1.942 2.519 2.938 3.217 3.389 3.484 3.534 3.568 3.600 3.643 3.723 3.873 4.131 4.557 5.223 6.205 7.560 9.311 11.246 12.821 13.974 14.832 15.441 15.873 16.161 16.372 16.413 16.404 16.263 15.952 15.405 14.690 14.023 13.582 13.307 13.124 12.948 12.723 12.442 12.037 11.505 10.844 10.032 9.087 8.247 7.749 7.629 7.916 8.625 9.778 11.391 13.389 15.546 17.597
0.000 0.000 0.000 0.000 0.000 0.000 0.000 0.000 0.000 0.000 0.000 0.001 0.004 0.010 0.022 0.044 0.081 0.145 0.254 0.431 0.697 1.073 1.584 2.263 3.013 3.580 3.946 4.157 4.269 4.318 4.333 4.336 4.337 4.366 4.450 4.638 4.999 5.618 6.562 7.900 9.694 11.752 13.455 14.705 15.541 16.081 16.423 16.632 16.776 16.771 16.751 16.542 16.185 15.584 14.812 14.089 13.595 13.254 13.001 12.738 12.418 12.020 11.493 10.815 9.991 8.997 7.909 7.001 6.395 6.115 6.188 6.644 7.525 8.900 10.832 13.236 15.750
0.000 0.000 0.000 0.000 0.000 0.000 0.000 0.000 0.000 0.000 0.000 0.001 0.003 0.008 0.020 0.040 0.076 0.139 0.249 0.436 0.731 1.161 1.746 2.523 3.442 4.168 4.652 4.929 5.059 5.103 5.103 5.063 4.984 4.958 4.992 5.115 5.401 5.942 6.833 8.138 9.919 12.050 13.820 15.120 15.961 16.457 16.706 16.827 16.917 16.929 16.894 16.655 16.261 15.645 14.848 14.097 13.560 13.158 12.808 12.422 11.976 11.430 10.745 9.907 8.908 7.735 6.592 5.679 5.039 4.690 4.651 4.945 5.615 6.728 8.383 10.652 13.369
0.000 0.000 0.000 0.000 0.000 0.000 0.000 0.000 0.000 0.000 0.000 0.000 0.002 0.005 0.013 0.028 0.058 0.112 0.214 0.402 0.719 1.197 1.858 2.725 3.792 4.691 5.301 5.652 5.810 5.854 5.846 5.763 5.599 5.511 5.506 5.568 5.780 6.249 7.065 8.311 10.048 12.169 13.990 15.319 16.157 16.623 16.834 16.918 16.955 16.930 16.850 16.654 16.263 15.654 14.851 14.066 13.439 12.934 12.476 11.964 11.383 10.671 9.806 8.770 7.547 6.261 5.167 4.332 3.751 3.420 3.339 3.521 3.999 4.831 6.127 8.012 10.499
0.000 0.000 0.000 0.000 0.000 0.000 0.000 0.000 0.000 0.000 0.000 0.000 0.001 0.002 0.005 0.012 0.027 0.058 0.131 0.295 0.622 1.157 1.910 2.868 4.059 5.137 5.882 6.320 6.519 6.567 6.552 6.442 6.212 6.045 6.002 6.022 6.160 6.540 7.268 8.428 10.102 12.189 14.024 15.337 16.202 16.672 16.889 16.944 16.938 16.912 16.778 16.588 16.193 15.578 14.776 13.948 13.220 12.575 11.978 11.342 10.628 9.750 8.695 7.424 6.084 4.906 3.961 3.245 2.746 2.452 2.356 2.457 2.767 3.316 4.202 5.602 7.587
0.000 0.000 0.000 0.000 0.000 0.000 0.000 0.000 0.000 0.000 0.000 0.000 0.000 0.000 0.001 0.003 0.008 0.019 0.051 0.151 0.432 1.010 1.874 2.940 4.231 5.478 6.375 6.920 7.176 7.243 7.226 7.110 6.840 6.579 6.475 6.467 6.552 6.844 7.477 8.540 10.121 12.178 14.022 15.344 16.187 16.633 16.820 16.856 16.841 16.798 16.613 16.315 15.897 15.312 14.539 13.687 12.864 12.079 11.333 10.570 9.719 8.693 7.476 6.121 4.878 3.847 3.030 2.418 1.993 1.737 1.636 1.682 1.871 2.211 2.769 3.687 5.114
0.000 0.000 0.000 0.000 0.000 0.000 0.000 0.000 0.000 0.000 0.000 0.000 0.000 0.000 0.000 0.001 0.002 0.006 0.018 0.068 0.258 0.792 1.741 2.937 4.306 5.694 6.751 7.428 7.772 7.884 7.878 7.769 7.492 7.150 6.980 6.944 6.993 7.211 7.728 8.665 10.125 12.105 13.922 15.203 16.013 16.433 16.643 16.684 16.653 16.524 16.257 15.792 15.270 14.713 13.995 13.188 12.332 11.468 10.586 9.695 8.713 7.591 6.314 5.029 3.923 3.019 2.316 1.797 1.439 1.221 1.121 1.128 1.233 1.437 1.773 2.336 3.245
0.000 0.000 0.000 0.000 0.000 0.000 0.000 0.000 0.000 0.000 0.000 0.000 0.000 0.000 0.000 0.000 0.001 0.002 0.009 0.037 0.163 0.604 1.534 2.840 4.297 5.771 6.977 7.807 8.279 8.463 8.486 8.407 8.164 7.779 7.539 7.473 7.492 7.645 8.059 8.863 10.145 11.925 13.687 14.915 15.664 16.066 16.265 16.282 16.235 16.044 15.656 15.093 14.408 13.755 13.076 12.376 11.569 10.706 9.761 8.778 7.719 6.549 5.285 4.121 3.145 2.365 1.767 1.333 1.036 0.853 0.760 0.743 0.793 0.908 1.103 1.427 1.946
0.000 0.000 0.000 0.000 0.000 0.000 0.000 0.000 0.000 0.000 0.000 0.000 0.000 0.000 0.000 0.000 0.001 0.002 0.007 0.028 0.119 0.467 1.304 2.621 4.185 5.749 7.060 8.029 8.660 8.953 9.019 8.978 8.797 8.453 8.176 8.079 8.081 8.184 8.497 9.132 10.174 11.699 13.328 14.428 15.083 15.473 15.623 15.635 15.544 15.283 14.780 14.074 13.243 12.517 11.837 11.199 10.526 9.755 8.854 7.840 6.753 5.560 4.376 3.343 2.499 1.840 1.344 0.988 0.746 0.595 0.512 0.483 0.498 0.555 0.658 0.823 1.065
0.000 0.000 0.000 0.000 0.000 0.000 0.000 0.000 0.000 0.000 0.000 0.000 0.000 0.000 0.000 0.000 0.001 0.002 0.006 0.025 0.097 0.366 1.072 2.304 3.918 5.611 7.031 8.114 8.879 9.302 9.453 9.447 9.335 9.088 8.795 8.643 8.613 8.663 8.866 9.322 10.139 11.386 12.773 13.731 14.312 14.614 14.686 14.668 14.547 14.192 13.580 12.726 11.810 11.056 10.403 9.810 9.210 8.545 7.769 6.827 5.768 4.602 3.549 2.664 1.956 1.414 1.015 0.732 0.539 0.416 0.344 0.311 0.306 0.322 0.361 0.420 0.494
0.000 0.000 0.000 0.000 0.000 0.000 0.000 0.000 0.000 0.000 0.000 0.000 0.000 0.000 0.000 0.000 0.001 0.002 0.007 0.024 0.084 0.287 0.848 1.925 3.496 5.318 6.901 8.100 8.962 9.512 9.768 9.808 9.759 9.597 9.303 9.059 8.964 8.967 9.072 9.392 10.026 10.996 12.071 12.835 13.297 13.502 13.523 13.457 13.260 12.822 12.108 11.113 10.180 9.443 8.816 8.254 7.689 7.099 6.447 5.660 4.696 3.657 2.781 2.068 1.498 1.067 0.756 0.538 0.388 0.290 0.229 0.196 0.179 0.173 0.175 0.180 0.183
0.000 0.000 0.000 0.000 0.000 0.000 0.000 0.000 0.000 0.000 0.000 0.000 0.000 0.000 0.000 0.000 0.001 0.002 0.008 0.024 0.073 0.222 0.638 1.521 2.956 4.812 6.592 7.972 8.940 9.593 9.954 10.069 10.062 9.948 9.664 9.327 9.148 9.090 9.132 9.355 9.808 10.495 11.244 11.779 12.075 12.170 12.142 12.023 11.753 11.256 10.482 9.465 8.585 7.887 7.289 6.741 6.196 5.643 5.055 4.398 3.609 2.779 2.087 1.538 1.106 0.781 0.547 0.384 0.271 0.195 0.145 0.115 0.096 0.084 0.075 0.068 0.063
0.000 0.000 0.000 0.000 0.000 0.000 0.000 0.000 0.000 0.000 0.000 0.000 0.000 0.000 0.000 0.001 0.001 0.004 0.009 0.023 0.061 0.163 0.446 1.115 2.348 4.124 6.069 7.637 8.768 9.548 10.028 10.242 10.273 10.170 9.853 9.436 9.190 9.090 9.097 9.209 9.465 9.848 10.270 10.556 10.692 10.710 10.646 10.461 10.120 9.597 8.890 7.990 7.161 6.499 5.928 5.404 4.893 4.387 3.864 3.308 2.676 2.040 1.507 1.089 0.774 0.539 0.370 0.252 0.171 0.116 0.080 0.058 0.045 0.037 0.031 0.027 0.025
0.000 0.000 0.000 0.000 0.000 0.000 0.000 0.000 0.000 0.000 0.000 0.000 0.000 0.000 0.000 0.001 0.002 0.004 0.010 0.022 0.050 0.116 0.286 0.725 1.681 3.268 5.263 7.051 8.412 9.393 10.020 10.335 10.395 10.270 9.909 9.441 9.148 8.987 8.914 8.891 8.931 9.006 9.121 9.190 9.197 9.151 9.036 8.817 8.478 8.016 7.407 6.622 5.865 5.248 4.719 4.242 3.782 3.335 2.889 2.427 1.934 1.467 1.068 0.754 0.521 0.352 0.231 0.148 0.092 0.057 0.036 0.025 0.019 0.016 0.014 0.013 0.012
0.000 0.000 0.000 0.000 0.000 0.000 0.000 0.000 0.000 0.000 0.000 0.000 0.000 0.000 0.000 0.001 0.002 0.004 0.010 0.021 0.043 0.085 0.182 0.429 1.028 2.235 4.086 6.113 7.718 8.915 9.770 10.285 10.414 10.275 9.854 9.304 8.929 8.681 8.486 8.305 8.124 7.930 7.795 7.701 7.615 7.520 7.371 7.162 6.886 6.507 5.996 5.337 4.669 4.119 3.653 3.241 2.854 2.483 2.115 1.740 1.369 1.035 0.750 0.522 0.350 0.225 0.138 0.079 0.043 0.023 0.013 0.009 0.008 0.007 0.007 0.007 0.007
0.000 0.000 0.000 0.000 0.000 0.000 0.000 0.000 0.000 0.000 0.000 0.000 0.000 0.000 0.000 0.001 0.002 0.004 0.009 0.019 0.037 0.070 0.138 0.289 0.627 1.333 2.605 4.465 6.340 7.796 8.935 9.770 10.113 10.010 9.519 8.871 8.399 8.047 7.725 7.385 6.990 6.570 6.260 6.069 5.937 5.829 5.720 5.584 5.390 5.099 4.690 4.167 3.601 3.124 2.730 2.392 2.087 1.794 1.505 1.219 0.949 0.711 0.513 0.355 0.233 0.143 0.080 0.040 0.018 0.008 0.004 0.003 0.003 0.003 0.003 0.004 0.004
0.000 0.000 0.000 0.000 0.000 0.000 0.000 0.000 0.000 0.000 0.000 0.000 0.000 0.000 0.000 0.001 0.001 0.003 0.007 0.015 0.031 0.063 0.130 0.268 0.536 0.967 1.577 2.488 3.893 5.521 7.026 8.265 8.929 8.953 8.552 7.906 7.376 6.955 6.541 6.076 5.490 4.923 4.555 4.383 4.308 4.260 4.208 4.137 4.014 3.811 3.514 3.126 2.676 2.280 1.957 1.691 1.457 1.236 1.023 0.818 0.630 0.468 0.334 0.228 0.145 0.083 0.042 0.018 0.007 0.003 0.002 0.002 0.002 0.002 0.002 0.002 0.002
0.000 0.000 0.000 0.000 0.000 0.000 0.000 0.000 0.000 0.000 0.000 0.000 0.000 0.000 0.000 0.000 0.001 0.002 0.004 0.010 0.025 0.062 0.143 0.314 0.625 0.991 1.261 1.479 1.847 2.517 3.638 5.141 6.299 6.649 6.521 6.139 5.714 5.306 4.877 4.386 3.805 3.332 3.051 2.925 2.891 2.888 2.889 2.870 2.809 2.686 2.493 2.230 1.902 1.584 1.326 1.120 0.942 0.779 0.629 0.494 0.376 0.275 0.193 0.127 0.077 0.040 0.018 0.007 0.003 0.001 0.001 0.001 0.001 0.001 0.001 0.001 0.002
0.000 0.000 0.000 0.000 0.000 0.000 0.000 0.000 0.000 0.000 0.000 0.000 0.000 0.000 0.000 0.000 0.001 0.001 0.002 0.008 0.024 0.070 0.192 0.467 0.848 1.097 1.184 1.172 1.022 0.859 1.068 1.869 2.998 3.640 3.772 3.695 3.544 3.348 3.101 2.801 2.429 2.092 1.873 1.775 1.755 1.764 1.794 1.811 1.794 1.735 1.627 1.466 1.252 1.015 0.816 0.655 0.522 0.410 0.316 0.240 0.179 0.129 0.088 0.055 0.031 0.014 0.006 0.002 0.001 0.001 0.001 0.001 0.001 0.001 0.001 0.001 0.001
0.000 0.000 0.000 0.000 0.000 0.000 0.000 0.000 0.000 0.000 0.000 0.000 0.000 0.000 0.000 0.000 0.001 0.001 0.002 0.008 0.030 0.102 0.296 0.676 0.992 1.109 1.116 1.017 0.718 0.357 0.227 0.391 0.965 1.567 1.841 1.908 1.905 1.860 1.764 1.621 1.427 1.207 1.039 0.950 0.921 0.919 0.942 0.975 0.981 0.962 0.912 0.828 0.703 0.548 0.416 0.312 0.230 0.166 0.119 0.086 0.062 0.043 0.028 0.016 0.008 0.003 0.001 0.001 0.001 0.001 0.001 0.001 0.001 0.001 0.001 0.001 0.000
0.000 0.000 0.000 0.000 0.000 0.000 0.000 0.000 0.000 0.000 0.000 0.000 0.000 0.000 0.000 0.001 0.001 0.002 0.005 0.016 0.057 0.179 0.465 0.835 1.023 1.066 1.018 0.803 0.437 0.171 0.073 0.064 0.191 0.491 0.725 0.833 0.874 0.883 0.863 0.815 0.736 0.621 0.506 0.432 0.397 0.387 0.393 0.415 0.425 0.422 0.405 0.369 0.310 0.230 0.162 0.111 0.074 0.049 0.032 0.022 0.015 0.010 0.006 0.004 0.002 0.001 0.001 0.000 0.001 0.001 0.001 0.001 0.001 0.001 0.001 0.001 0.001
0.000 0.000 0.000 0.000 0.000 0.000 0.000 0.000 0.000 0.000 0.000 0.000 0.000 0.001 0.001 0.002 0.003 0.005 0.013 0.038 0.113 0.308 0.642 0.893 0.982 0.977 0.845 0.515 0.212 0.078 0.027 0.015 0.027 0.101 0.213 0.287 0.326 0.342 0.345 0.337 0.314 0.271 0.212 0.164 0.136 0.125 0.124 0.130 0.137 0.138 0.134 0.122 0.100 0.070 0.046 0.030 0.019 0.012 0.008 0.005 0.003 0.002 0.001 0.001 0.001 0.000 0.000 0.000 0.000 0.001 0.001 0.001 0.001 0.000 0.000 0.001 0.000
0.000 0.000 0.000 0.000 0.000 0.000 0.000 0.000 0.000 0.000 0.000 0.001 0.001 0.002 0.003 0.004 0.007 0.014 0.032 0.079 0.194 0.433 0.731 0.874 0.901 0.839 0.600 0.273 0.101 0.035 0.011 0.004 0.004 0.014 0.044 0.075 0.094 0.105 0.110 0.110 0.106 0.095 0.074 0.053 0.040 0.034 0.033 0.033 0.035 0.036 0.036 0.033 0.027 0.018 0.011 0.007 0.004 0.003 0.002 0.001 0.001 0.001 0.001 0.000 0.000 0.000 0.000 0.000 0.000 0.000 0.000 0.001 0.001 0.001 0.000 0.000 0.000
0.000 0.000 0.000 0.000 0.000 0.000 0.000 0.000 0.000 0.001 0.001 0.002 0.003 0.004 0.006 0.010 0.018 0.032 0.064 0.131 0.271 0.528 0.750 0.819 0.804 0.661 0.362 0.138 0.049 0.016 0.005 0.002 0.001 0.002 0.006 0.015 0.022 0.027 0.029 0.029 0.028 0.026 0.021 0.014 0.010 0.008 0.007 0.008 0.008 0.008 0.009 0.008 0.006 0.004 0.003 0.002 0.001 0.001 0.001 0.000 0.000 0.000 0.000 0.000 0.000 0.000 0.000 0.000 0.000 0.001 0.001 0.001 0.000 0.000 0.001 0.000 0.000
0.000 0.000 0.000 0.000 0.000 0.001 0.001 0.001 0.002 0.002 0.003 0.004 0.006 0.010 0.015 0.022 0.033 0.054 0.094 0.178 0.346 0.588 0.720 0.742 0.685 0.474 0.202 0.072 0.024 0.008 0.003 0.001 0.001 0.001 0.001 0.002 0.004 0.006 0.006 0.006 0.006 0.006 0.006 0.004 0.002 0.002 0.001 0.001 0.002 0.002 0.002 0.002 0.001 0.001 0.001 0.001 0.000 0.000 0.000 0.000 0.000 0.000 0.001 0.000 0.000 0.000 0.000 0.000 0.001 0.001 0.001 0.001 0.000 0.000 0.000 0.000 0.000
0.000 0.001 0.001 0.001 0.002 0.002 0.003 0.003 0.004 0.005 0.006 0.009 0.013 0.018 0.024 0.032 0.045 0.069 0.120 0.227 0.427 0.616 0.680 0.671 0.561 0.302 0.110 0.038 0.013 0.004 0.002 0.001 0.001 0.000 0.000 0.000 0.001 0.001 0.001 0.002 0.002 0.001 0.001 0.001 0.001 0.001 0.001 0.001 0.001 0.001 0.001 0.001 0.001 0.000 0.000 0.000 0.000 0.000 0.000 0.000 0.000 0.000 0.000 0.000 0.000 0.000 0.000 0.001 0.001 0.001 0.001 0.000 0.000 0.000 0.000 0.000 0.000
