RESULTS/r.avaflow_results/12_results/12_ascii/12_hflow30044.asc
ncols 506
nrows 317
xllcenter 498237.50
yllcenter 5580050.00
cellsize 12.50
NODATA_value -9999.000
[rows 170 to 203 of 317, columns 231 to 307 of 506]
0.175 0.122 0.091 0.073 0.065 0.063 0.064 0.069 0.085 0.122 0.162 0.179 0.181 0.172 0.146 0.099 0.059 0.037 0.025 0.018 0.013 0.009 0.007 0.005 0.003 0.002 0.001 0.000 0.000 0.000 0.000 0.000 0.000 0.000 0.000 0.000 0.000 0.000 0.000 0.000 0.000 0.000 0.000 0.000 0.000 0.000 0.000 0.000 0.000 0.000 0.000 0.000 0.000 0.000 0.000 0.000 0.000 0.000 0.000 0.000 0.000 0.000 0.000 0.000 0.000 0.000 0.000 0.000 0.000 0.000 0.000 0.000 0.000 0.000 0.000 0.000 0.000
0.262 0.173 0.121 0.094 0.083 0.081 0.083 0.097 0.139 0.230 0.325 0.366 0.369 0.346 0.284 0.181 0.099 0.056 0.034 0.023 0.016 0.012 0.009 0.006 0.004 0.003 0.002 0.001 0.000 0.000 0.000 0.000 0.000 0.000 0.000 0.000 0.000 0.000 0.000 0.000 0.000 0.000 0.000 0.000 0.000 0.000 0.000 0.000 0.000 0.000 0.000 0.000 0.000 0.000 0.000 0.000 0.000 0.000 0.000 0.000 0.000 0.000 0.000 0.000 0.000 0.000 0.000 0.000 0.000 0.000 0.000 0.000 0.000 0.000 0.000 0.000 0.000
0.384 0.251 0.167 0.124 0.107 0.104 0.108 0.135 0.217 0.391 0.576 0.658 0.665 0.621 0.507 0.323 0.168 0.086 0.048 0.030 0.020 0.015 0.011 0.008 0.006 0.004 0.003 0.002 0.001 0.000 0.000 0.000 0.000 0.000 0.000 0.000 0.000 0.000 0.000 0.000 0.000 0.000 0.000 0.000 0.000 0.000 0.000 0.000 0.000 0.000 0.000 0.000 0.000 0.000 0.000 0.000 0.000 0.000 0.000 0.000 0.000 0.000 0.000 0.000 0.000 0.000 0.000 0.000 0.000 0.000 0.000 0.000 0.000 0.000 0.000 0.000 0.000
0.488 0.359 0.236 0.166 0.137 0.130 0.136 0.170 0.273 0.498 0.754 0.878 0.894 0.846 0.710 0.480 0.258 0.128 0.066 0.039 0.025 0.018 0.014 0.010 0.008 0.006 0.004 0.003 0.002 0.001 0.000 0.000 0.000 0.000 0.000 0.000 0.000 0.000 0.000 0.000 0.000 0.000 0.000 0.000 0.000 0.000 0.000 0.000 0.000 0.000 0.000 0.000 0.000 0.000 0.000 0.000 0.000 0.000 0.000 0.000 0.000 0.000 0.000 0.000 0.000 0.000 0.000 0.000 0.000 0.000 0.000 0.000 0.000 0.000 0.000 0.000 0.000
0.537 0.457 0.333 0.227 0.176 0.162 0.166 0.199 0.307 0.542 0.822 0.965 0.989 0.944 0.810 0.576 0.329 0.172 0.089 0.049 0.031 0.022 0.016 0.013 0.010 0.008 0.006 0.004 0.003 0.002 0.001 0.000 0.000 0.000 0.000 0.000 0.000 0.000 0.000 0.000 0.000 0.000 0.000 0.000 0.000 0.000 0.000 0.000 0.000 0.000 0.000 0.000 0.000 0.000 0.000 0.000 0.000 0.000 0.000 0.000 0.000 0.000 0.000 0.000 0.000 0.000 0.000 0.000 0.000 0.000 0.000 0.000 0.000 0.000 0.000 0.000 0.000
0.549 0.505 0.421 0.304 0.225 0.199 0.199 0.228 0.329 0.550 0.820 0.966 0.993 0.954 0.828 0.611 0.373 0.209 0.112 0.062 0.038 0.026 0.019 0.015 0.012 0.010 0.007 0.006 0.004 0.003 0.002 0.001 0.000 0.000 0.000 0.000 0.000 0.000 0.000 0.000 0.000 0.000 0.000 0.000 0.000 0.000 0.000 0.000 0.000 0.000 0.000 0.000 0.000 0.000 0.000 0.000 0.000 0.000 0.000 0.000 0.000 0.000 0.000 0.000 0.000 0.000 0.000 0.000 0.000 0.000 0.000 0.000 0.000 0.000 0.000 0.000 0.000
0.537 0.516 0.466 0.375 0.285 0.244 0.239 0.261 0.346 0.536 0.770 0.899 0.928 0.901 0.798 0.611 0.394 0.236 0.134 0.076 0.046 0.031 0.023 0.018 0.015 0.012 0.009 0.007 0.006 0.004 0.003 0.002 0.001 0.001 0.000 0.000 0.000 0.000 0.000 0.000 0.000 0.000 0.000 0.000 0.000 0.000 0.000 0.000 0.000 0.000 0.000 0.000 0.000 0.000 0.000 0.000 0.000 0.000 0.000 0.000 0.000 0.000 0.000 0.000 0.000 0.000 0.000 0.000 0.000 0.000 0.000 0.000 0.000 0.000 0.000 0.000 0.000
0.505 0.503 0.477 0.420 0.347 0.303 0.291 0.304 0.365 0.499 0.658 0.747 0.774 0.764 0.702 0.572 0.396 0.250 0.151 0.089 0.055 0.037 0.028 0.022 0.018 0.014 0.012 0.010 0.008 0.006 0.005 0.003 0.002 0.001 0.001 0.000 0.000 0.000 0.000 0.000 0.000 0.000 0.000 0.000 0.000 0.000 0.000 0.000 0.000 0.000 0.000 0.000 0.000 0.000 0.000 0.000 0.000 0.000 0.000 0.000 0.000 0.000 0.000 0.000 0.000 0.000 0.000 0.000 0.000 0.000 0.000 0.000 0.000 0.000 0.000 0.000 0.000
0.454 0.470 0.464 0.438 0.395 0.366 0.357 0.361 0.393 0.466 0.541 0.578 0.587 0.576 0.543 0.477 0.371 0.253 0.163 0.103 0.066 0.046 0.034 0.027 0.022 0.018 0.015 0.012 0.010 0.008 0.007 0.005 0.004 0.003 0.002 0.001 0.001 0.000 0.000 0.000 0.000 0.000 0.000 0.000 0.000 0.000 0.000 0.000 0.000 0.000 0.000 0.000 0.000 0.000 0.000 0.000 0.000 0.000 0.000 0.000 0.000 0.000 0.000 0.000 0.000 0.000 0.000 0.000 0.000 0.000 0.000 0.000 0.000 0.000 0.000 0.000 0.000
0.382 0.423 0.437 0.432 0.417 0.408 0.406 0.411 0.428 0.458 0.479 0.483 0.472 0.445 0.408 0.365 0.311 0.240 0.171 0.117 0.081 0.058 0.044 0.034 0.028 0.023 0.019 0.016 0.013 0.011 0.009 0.007 0.005 0.004 0.003 0.002 0.001 0.001 0.000 0.000 0.000 0.000 0.000 0.000 0.000 0.000 0.000 0.000 0.000 0.000 0.000 0.000 0.000 0.000 0.000 0.000 0.000 0.000 0.000 0.000 0.000 0.000 0.000 0.000 0.000 0.000 0.000 0.000 0.000 0.000 0.000 0.000 0.000 0.000 0.000 0.000 0.000
0.308 0.362 0.397 0.413 0.419 0.424 0.432 0.442 0.453 0.462 0.459 0.444 0.413 0.372 0.334 0.299 0.265 0.226 0.180 0.135 0.101 0.076 0.059 0.047 0.039 0.031 0.026 0.021 0.017 0.014 0.012 0.009 0.008 0.006 0.005 0.004 0.003 0.002 0.001 0.001 0.000 0.000 0.000 0.000 0.000 0.000 0.000 0.000 0.000 0.000 0.000 0.000 0.000 0.000 0.000 0.000 0.000 0.000 0.000 0.000 0.000 0.000 0.000 0.000 0.000 0.000 0.000 0.000 0.000 0.000 0.000 0.000 0.000 0.000 0.000 0.000 0.000
0.247 0.298 0.343 0.379 0.405 0.425 0.442 0.457 0.466 0.467 0.458 0.432 0.388 0.338 0.301 0.273 0.249 0.225 0.195 0.162 0.132 0.107 0.087 0.071 0.058 0.047 0.037 0.029 0.023 0.019 0.015 0.012 0.010 0.008 0.007 0.005 0.004 0.003 0.003 0.002 0.001 0.001 0.001 0.000 0.000 0.000 0.000 0.000 0.000 0.000 0.000 0.000 0.000 0.000 0.000 0.000 0.000 0.000 0.000 0.000 0.000 0.000 0.000 0.000 0.000 0.000 0.000 0.000 0.000 0.000 0.000 0.000 0.000 0.000 0.000 0.000 0.000
0.207 0.248 0.289 0.330 0.373 0.411 0.442 0.463 0.473 0.474 0.462 0.431 0.381 0.329 0.293 0.268 0.250 0.235 0.221 0.204 0.183 0.160 0.138 0.118 0.099 0.080 0.061 0.045 0.034 0.026 0.020 0.016 0.013 0.011 0.009 0.008 0.007 0.005 0.004 0.004 0.003 0.002 0.002 0.001 0.001 0.001 0.000 0.000 0.000 0.000 0.000 0.000 0.000 0.000 0.000 0.000 0.000 0.000 0.000 0.000 0.000 0.000 0.000 0.000 0.000 0.000 0.000 0.000 0.000 0.000 0.000 0.000 0.000 0.000 0.000 0.000 0.000
0.186 0.220 0.257 0.298 0.342 0.392 0.436 0.466 0.481 0.483 0.472 0.440 0.386 0.333 0.299 0.280 0.271 0.268 0.270 0.272 0.267 0.255 0.236 0.214 0.186 0.154 0.116 0.080 0.055 0.039 0.028 0.022 0.017 0.014 0.012 0.011 0.009 0.008 0.007 0.006 0.005 0.004 0.004 0.003 0.002 0.002 0.001 0.001 0.001 0.001 0.000 0.000 0.000 0.000 0.000 0.000 0.000 0.000 0.000 0.000 0.000 0.000 0.000 0.000 0.000 0.000 0.000 0.000 0.000 0.000 0.000 0.000 0.000 0.000 0.000 0.000 0.000
0.178 0.209 0.246 0.287 0.332 0.384 0.436 0.475 0.498 0.506 0.501 0.476 0.426 0.373 0.343 0.332 0.332 0.340 0.356 0.381 0.408 0.422 0.418 0.401 0.368 0.316 0.246 0.163 0.101 0.064 0.043 0.030 0.023 0.019 0.016 0.014 0.013 0.011 0.010 0.009 0.008 0.007 0.006 0.005 0.005 0.004 0.003 0.003 0.002 0.002 0.001 0.001 0.001 0.001 0.001 0.000 0.000 0.000 0.000 0.000 0.000 0.000 0.000 0.000 0.000 0.000 0.000 0.000 0.000 0.000 0.000 0.000 0.000 0.000 0.000 0.000 0.000
0.177 0.208 0.245 0.287 0.334 0.388 0.450 0.511 0.556 0.583 0.592 0.583 0.551 0.509 0.480 0.465 0.463 0.472 0.496 0.542 0.612 0.681 0.716 0.721 0.697 0.633 0.517 0.349 0.198 0.112 0.067 0.045 0.033 0.026 0.022 0.019 0.017 0.015 0.014 0.013 0.012 0.011 0.009 0.008 0.008 0.007 0.006 0.005 0.005 0.004 0.003 0.003 0.003 0.002 0.002 0.002 0.001 0.001 0.000 0.000 0.000 0.000 0.000 0.000 0.000 0.000 0.000 0.000 0.000 0.000 0.000 0.000 0.000 0.000 0.000 0.000 0.000
0.181 0.213 0.252 0.299 0.353 0.421 0.510 0.621 0.722 0.794 0.836 0.852 0.847 0.825 0.784 0.725 0.689 0.683 0.702 0.763 0.876 1.024 1.135 1.186 1.190 1.136 0.982 0.706 0.392 0.203 0.112 0.069 0.047 0.036 0.029 0.025 0.023 0.021 0.019 0.018 0.016 0.015 0.014 0.012 0.011 0.010 0.009 0.009 0.008 0.007 0.007 0.006 0.006 0.005 0.005 0.004 0.003 0.002 0.001 0.001 0.000 0.000 0.000 0.000 0.000 0.000 0.000 0.000 0.000 0.000 0.000 0.000 0.000 0.000 0.000 0.000 0.000
0.193 0.231 0.277 0.334 0.407 0.511 0.669 0.892 1.101 1.247 1.336 1.378 1.390 1.373 1.290 1.137 1.021 0.978 0.983 1.047 1.196 1.433 1.658 1.791 1.840 1.815 1.646 1.261 0.727 0.368 0.192 0.111 0.073 0.053 0.042 0.035 0.031 0.029 0.027 0.025 0.023 0.021 0.019 0.017 0.016 0.015 0.014 0.013 0.012 0.012 0.011 0.011 0.010 0.010 0.009 0.008 0.007 0.005 0.003 0.002 0.001 0.000 0.000 0.000 0.000 0.000 0.000 0.000 0.000 0.000 0.000 0.000 0.000 0.000 0.000 0.000 0.000
0.207 0.258 0.320 0.401 0.514 0.692 0.984 1.404 1.757 1.972 2.078 2.115 2.104 2.027 1.857 1.622 1.446 1.358 1.341 1.393 1.574 1.915 2.278 2.500 2.579 2.547 2.334 1.858 1.160 0.627 0.329 0.186 0.116 0.081 0.061 0.051 0.044 0.041 0.039 0.036 0.034 0.031 0.027 0.024 0.022 0.021 0.019 0.019 0.018 0.017 0.017 0.017 0.017 0.017 0.016 0.016 0.014 0.011 0.007 0.004 0.002 0.001 0.000 0.000 0.000 0.000 0.000 0.000 0.000 0.000 0.000 0.000 0.000 0.000 0.000 0.000 0.000
0.210 0.268 0.347 0.463 0.648 0.953 1.438 2.024 2.425 2.611 2.660 2.654 2.599 2.462 2.228 1.979 1.818 1.742 1.729 1.791 2.027 2.501 2.948 3.163 3.205 3.122 2.824 2.257 1.498 0.911 0.532 0.310 0.190 0.128 0.094 0.077 0.068 0.063 0.060 0.057 0.053 0.048 0.041 0.035 0.031 0.029 0.027 0.026 0.026 0.026 0.026 0.027 0.028 0.029 0.029 0.028 0.026 0.022 0.015 0.008 0.005 0.002 0.001 0.000 0.000 0.000 0.000 0.000 0.000 0.000 0.000 0.000 0.000 0.000 0.000 0.000 0.000
0.200 0.263 0.349 0.485 0.720 1.124 1.752 2.409 2.802 2.949 2.964 2.934 2.847 2.677 2.418 2.197 2.076 2.034 2.048 2.188 2.549 3.113 3.524 3.683 3.679 3.517 3.118 2.456 1.690 1.120 0.735 0.479 0.310 0.208 0.152 0.124 0.111 0.106 0.103 0.101 0.096 0.085 0.070 0.057 0.048 0.042 0.039 0.038 0.038 0.038 0.040 0.044 0.048 0.051 0.052 0.052 0.050 0.043 0.029 0.016 0.009 0.004 0.002 0.001 0.000 0.000 0.000 0.000 0.000 0.000 0.000 0.000 0.000 0.000 0.000 0.000 0.000
0.166 0.232 0.326 0.473 0.730 1.178 1.867 2.542 2.922 3.048 3.056 3.019 2.924 2.745 2.485 2.302 2.224 2.218 2.287 2.516 2.980 3.551 3.897 4.009 3.970 3.736 3.246 2.509 1.768 1.238 0.871 0.617 0.441 0.324 0.251 0.212 0.195 0.192 0.196 0.197 0.190 0.170 0.136 0.101 0.079 0.067 0.060 0.058 0.058 0.059 0.064 0.075 0.088 0.096 0.099 0.099 0.095 0.080 0.053 0.030 0.016 0.008 0.004 0.002 0.000 0.000 0.000 0.000 0.000 0.000 0.000 0.000 0.000 0.000 0.000 0.000 0.000
0.111 0.169 0.260 0.412 0.679 1.137 1.830 2.506 2.888 3.022 3.037 3.009 2.921 2.746 2.493 2.333 2.286 2.308 2.439 2.736 3.237 3.753 4.042 4.125 4.072 3.801 3.263 2.487 1.777 1.276 0.928 0.686 0.520 0.414 0.354 0.327 0.322 0.334 0.362 0.375 0.370 0.339 0.275 0.198 0.145 0.115 0.100 0.094 0.094 0.098 0.112 0.139 0.167 0.182 0.188 0.187 0.176 0.143 0.091 0.052 0.028 0.014 0.007 0.003 0.001 0.000 0.000 0.000 0.000 0.000 0.000 0.000 0.000 0.000 0.000 0.000 0.000
0.066 0.100 0.164 0.289 0.526 0.941 1.578 2.248 2.665 2.852 2.907 2.902 2.842 2.691 2.462 2.325 2.293 2.335 2.498 2.818 3.307 3.758 4.005 4.071 4.012 3.725 3.146 2.345 1.696 1.245 0.924 0.697 0.545 0.454 0.411 0.399 0.407 0.445 0.507 0.540 0.543 0.518 0.454 0.354 0.265 0.206 0.174 0.162 0.162 0.172 0.205 0.260 0.307 0.330 0.337 0.328 0.289 0.209 0.126 0.071 0.037 0.018 0.008 0.003 0.001 0.000 0.000 0.000 0.000 0.000 0.000 0.000 0.000 0.000 0.000 0.000 0.000
0.040 0.057 0.089 0.156 0.298 0.580 1.059 1.675 2.173 2.463 2.599 2.639 2.618 2.521 2.351 2.257 2.247 2.307 2.473 2.772 3.167 3.474 3.629 3.659 3.574 3.267 2.682 1.944 1.415 1.069 0.827 0.651 0.530 0.457 0.426 0.422 0.439 0.492 0.570 0.615 0.623 0.607 0.556 0.469 0.381 0.322 0.287 0.273 0.275 0.299 0.358 0.425 0.464 0.478 0.475 0.443 0.364 0.243 0.142 0.078 0.041 0.020 0.009 0.004 0.001 0.000 0.000 0.000 0.000 0.000 0.000 0.000 0.000 0.000 0.000 0.000 0.000
0.027 0.035 0.050 0.079 0.141 0.270 0.516 0.916 1.395 1.799 2.049 2.164 2.198 2.171 2.097 2.059 2.072 2.140 2.273 2.457 2.626 2.710 2.714 2.668 2.533 2.232 1.735 1.216 0.888 0.700 0.584 0.504 0.447 0.415 0.405 0.411 0.437 0.495 0.576 0.623 0.635 0.623 0.583 0.511 0.438 0.393 0.372 0.368 0.379 0.418 0.480 0.524 0.543 0.545 0.531 0.485 0.388 0.249 0.145 0.079 0.041 0.020 0.009 0.004 0.001 0.000 0.000 0.000 0.000 0.000 0.000 0.000 0.000 0.000 0.000 0.000 0.000
0.019 0.024 0.031 0.044 0.068 0.118 0.217 0.398 0.673 0.991 1.261 1.444 1.548 1.608 1.640 1.659 1.688 1.731 1.769 1.748 1.649 1.532 1.430 1.348 1.236 1.054 0.785 0.546 0.408 0.338 0.305 0.290 0.289 0.302 0.322 0.349 0.388 0.451 0.527 0.574 0.589 0.585 0.560 0.506 0.448 0.417 0.409 0.413 0.432 0.474 0.521 0.546 0.554 0.550 0.529 0.479 0.379 0.240 0.138 0.075 0.039 0.019 0.009 0.004 0.001 0.000 0.000 0.000 0.000 0.000 0.000 0.000 0.000 0.000 0.000 0.000 0.000
0.014 0.017 0.021 0.028 0.038 0.057 0.092 0.158 0.270 0.438 0.619 0.759 0.861 0.940 1.006 1.053 1.074 1.065 1.010 0.897 0.767 0.669 0.600 0.543 0.484 0.407 0.302 0.217 0.171 0.151 0.146 0.147 0.155 0.171 0.196 0.231 0.277 0.337 0.397 0.437 0.457 0.464 0.461 0.442 0.419 0.409 0.411 0.421 0.442 0.477 0.507 0.518 0.516 0.503 0.474 0.421 0.327 0.204 0.117 0.064 0.033 0.017 0.008 0.003 0.001 0.000 0.000 0.000 0.000 0.000 0.000 0.000 0.000 0.000 0.000 0.000 0.000
0.010 0.013 0.015 0.019 0.024 0.032 0.046 0.069 0.107 0.172 0.261 0.346 0.415 0.472 0.515 0.537 0.538 0.518 0.465 0.383 0.310 0.265 0.235 0.211 0.186 0.158 0.121 0.094 0.080 0.075 0.075 0.077 0.083 0.093 0.108 0.129 0.157 0.192 0.224 0.247 0.262 0.275 0.289 0.306 0.327 0.354 0.375 0.393 0.411 0.427 0.431 0.422 0.403 0.375 0.339 0.291 0.220 0.136 0.078 0.043 0.024 0.013 0.006 0.003 0.001 0.000 0.000 0.000 0.000 0.000 0.000 0.000 0.000 0.000 0.000 0.000 0.000
0.007 0.009 0.011 0.014 0.017 0.021 0.027 0.036 0.051 0.074 0.110 0.153 0.190 0.220 0.240 0.247 0.244 0.230 0.200 0.160 0.131 0.113 0.102 0.093 0.084 0.073 0.060 0.050 0.046 0.045 0.045 0.047 0.050 0.055 0.062 0.073 0.086 0.102 0.116 0.126 0.135 0.144 0.154 0.171 0.200 0.244 0.281 0.301 0.307 0.300 0.282 0.256 0.228 0.204 0.179 0.152 0.115 0.073 0.044 0.026 0.015 0.008 0.004 0.002 0.001 0.000 0.000 0.000 0.000 0.000 0.000 0.000 0.000 0.000 0.000 0.000 0.000
0.005 0.007 0.008 0.010 0.012 0.015 0.019 0.023 0.029 0.039 0.054 0.073 0.092 0.106 0.114 0.116 0.114 0.107 0.094 0.076 0.065 0.058 0.054 0.050 0.047 0.043 0.037 0.033 0.032 0.031 0.031 0.032 0.033 0.036 0.039 0.044 0.050 0.057 0.063 0.068 0.073 0.078 0.084 0.094 0.111 0.138 0.159 0.166 0.166 0.159 0.147 0.132 0.117 0.104 0.092 0.079 0.061 0.040 0.025 0.015 0.009 0.005 0.002 0.001 0.000 0.000 0.000 0.000 0.000 0.000 0.000 0.000 0.000 0.000 0.000 0.000 0.000
0.003 0.005 0.006 0.007 0.009 0.011 0.013 0.016 0.020 0.024 0.031 0.041 0.050 0.056 0.059 0.060 0.059 0.056 0.051 0.043 0.039 0.036 0.034 0.033 0.032 0.030 0.027 0.025 0.024 0.024 0.024 0.024 0.025 0.026 0.027 0.030 0.032 0.035 0.038 0.041 0.044 0.046 0.050 0.055 0.064 0.076 0.083 0.084 0.084 0.082 0.077 0.071 0.065 0.058 0.051 0.043 0.034 0.023 0.015 0.009 0.005 0.003 0.001 0.000 0.000 0.000 0.000 0.000 0.000 0.000 0.000 0.000 0.000 0.000 0.000 0.000 0.000
0.002 0.003 0.004 0.005 0.007 0.008 0.010 0.012 0.014 0.017 0.021 0.026 0.030 0.033 0.035 0.035 0.035 0.034 0.032 0.029 0.027 0.026 0.025 0.024 0.023 0.022 0.021 0.019 0.019 0.018 0.018 0.018 0.019 0.019 0.020 0.021 0.022 0.024 0.025 0.027 0.028 0.030 0.032 0.035 0.040 0.044 0.046 0.046 0.046 0.046 0.044 0.042 0.039 0.035 0.031 0.026 0.019 0.013 0.009 0.005 0.003 0.001 0.001 0.000 0.000 0.000 0.000 0.000 0.000 0.000 0.000 0.000 0.000 0.000 0.000 0.000 0.000
0.001 0.002 0.002 0.003 0.004 0.006 0.007 0.009 0.011 0.013 0.015 0.018 0.021 0.022 0.023 0.023 0.023 0.023 0.022 0.021 0.020 0.019 0.019 0.018 0.018 0.017 0.016 0.015 0.014 0.014 0.014 0.014 0.014 0.014 0.014 0.015 0.016 0.017 0.018 0.018 0.019 0.021 0.022 0.024 0.026 0.028 0.028 0.028 0.028 0.028 0.027 0.026 0.025 0.022 0.019 0.016 0.011 0.008 0.005 0.003 0.001 0.001 0.000 0.000 0.000 0.000 0.000 0.000 0.000 0.000 0.000 0.000 0.000 0.000 0.000 0.000 0.000
