RESULTS/r.avaflow_results/12_results/12_ascii/12_hflow0027.asc
ncols 506
nrows 317
xllcenter 498237.50
yllcenter 5580050.00
cellsize 12.50
NODATA_value -9999.000
[rows 136 to 169 of 317, columns 154 to 230 of 506]
0.000 0.000 0.000 0.000 0.000 0.000 0.000 0.000 0.000 0.000 0.000 0.000 0.000 0.000 0.000 0.000 0.000 0.000 0.000 0.000 0.000 0.000 0.000 0.000 0.000 0.000 0.000 0.000 0.000 0.000 0.000 0.000 0.000 0.000 0.000 0.000 0.000 0.000 0.000 0.000 0.000 0.000 0.000 0.000 0.000 0.000 0.000 0.000 0.000 0.000 0.000 0.000 0.000 0.000 0.000 0.000 0.000 0.000 0.000 0.000 0.000 0.000 0.000 0.000 0.000 0.000 0.000 0.000 0.000 0.000 0.000 0.000 0.000 0.000 0.000 0.000 0.000
0.000 0.000 0.000 0.000 0.000 0.000 0.000 0.000 0.000 0.000 0.000 0.000 0.000 0.000 0.000 0.000 0.000 0.000 0.000 0.000 0.000 0.000 0.000 0.000 0.000 0.000 0.000 0.000 0.000 0.000 0.000 0.000 0.000 0.000 0.000 0.000 0.000 0.000 0.000 0.000 0.000 0.000 0.000 0.000 0.000 0.000 0.000 0.000 0.000 0.000 0.000 0.000 0.000 0.000 0.000 0.000 0.000 0.000 0.000 0.000 0.000 0.000 0.000 0.000 0.000 0.000 0.000 0.000 0.000 0.000 0.000 0.000 0.000 0.000 0.000 0.000 0.000
0.000 0.000 0.000 0.000 0.000 0.000 0.000 0.000 0.000 0.000 0.000 0.000 0.000 0.000 0.000 0.000 0.000 0.000 0.000 0.000 0.000 0.000 0.000 0.000 0.000 0.000 0.000 0.000 0.000 0.000 0.000 0.000 0.000 0.000 0.000 0.000 0.000 0.000 0.000 0.000 0.000 0.000 0.000 0.000 0.000 0.000 0.000 0.000 0.000 0.000 0.000 0.000 0.000 0.000 0.000 0.000 0.000 0.000 0.000 0.000 0.000 0.000 0.000 0.000 0.000 0.000 0.000 0.000 0.000 0.000 0.000 0.000 0.000 0.000 0.000 0.000 0.000
0.000 0.000 0.000 0.000 0.000 0.000 0.000 0.000 0.000 0.000 0.000 0.000 0.000 0.000 0.000 0.000 0.000 0.000 0.000 0.000 0.000 0.000 0.000 0.000 0.000 0.000 0.000 0.000 0.000 0.000 0.000 0.000 0.000 0.000 0.000 0.000 0.000 0.000 0.000 0.000 0.000 0.000 0.000 0.000 0.000 0.000 0.000 0.000 0.000 0.000 0.000 0.000 0.000 0.000 0.000 0.000 0.000 0.000 0.000 0.000 0.000 0.000 0.000 0.000 0.000 0.000 0.000 0.000 0.000 0.000 0.000 0.000 0.000 0.000 0.000 0.000 0.000
0.000 0.000 0.000 0.000 0.000 0.000 0.000 0.000 0.000 0.000 0.000 0.000 0.000 0.000 0.000 0.000 0.000 0.000 0.000 0.000 0.000 0.000 0.000 0.000 0.000 0.000 0.000 0.000 0.000 0.000 0.000 0.000 0.000 0.000 0.000 0.000 0.000 0.000 0.000 0.000 0.000 0.000 0.000 0.000 0.000 0.000 0.000 0.000 0.000 0.000 0.000 0.000 0.000 0.000 0.000 0.000 0.000 0.000 0.000 0.000 0.000 0.000 0.000 0.000 0.000 0.000 0.000 0.000 0.000 0.000 0.000 0.000 0.000 0.000 0.000 0.000 0.000
0.000 0.000 0.000 0.000 0.000 0.000 0.000 0.000 0.000 0.000 0.000 0.000 0.000 0.000 0.000 0.000 0.000 0.000 0.000 0.000 0.000 0.000 0.000 0.000 0.000 0.000 0.000 0.000 0.000 0.000 0.000 0.000 0.000 0.000 0.000 0.000 0.000 0.000 0.000 0.000 0.000 0.000 0.000 0.000 0.000 0.000 0.000 0.000 0.000 0.000 0.000 0.000 0.000 0.000 0.000 0.000 0.000 0.000 0.000 0.000 0.000 0.000 0.000 0.000 0.000 0.000 0.000 0.000 0.000 0.000 0.000 0.000 0.000 0.000 0.000 0.000 0.000
0.000 0.000 0.000 0.000 0.000 0.000 0.000 0.000 0.000 0.000 0.000 0.000 0.000 0.000 0.000 0.000 0.000 0.000 0.000 0.000 0.000 0.000 0.000 0.000 0.000 0.000 0.000 0.000 0.000 0.000 0.000 0.000 0.000 0.000 0.000 0.000 0.000 0.000 0.000 0.000 0.000 0.000 0.000 0.000 0.000 0.000 0.000 0.000 0.000 0.000 0.000 0.000 0.000 0.000 0.000 0.000 0.000 0.000 0.000 0.000 0.000 0.000 0.000 0.000 0.000 0.000 0.000 0.000 0.000 0.000 0.000 0.000 0.000 0.000 0.000 0.000 0.000
0.000 0.000 0.000 0.000 0.000 0.000 0.000 0.000 0.000 0.000 0.000 0.000 0.000 0.000 0.000 0.000 0.000 0.000 0.000 0.000 0.000 0.000 0.000 0.000 0.000 0.000 0.000 0.000 0.000 0.000 0.000 0.000 0.000 0.000 0.000 0.000 0.000 0.000 0.000 0.000 0.000 0.000 0.000 0.000 0.000 0.000 0.000 0.000 0.000 0.000 0.000 0.000 0.000 0.000 0.000 0.000 0.000 0.000 0.000 0.000 0.000 0.000 0.000 0.000 0.000 0.000 0.000 0.000 0.000 0.000 0.000 0.000 0.000 0.000 0.000 0.000 0.000
0.000 0.000 0.000 0.000 0.000 0.000 0.000 0.000 0.000 0.000 0.000 0.000 0.000 0.000 0.000 0.000 0.000 0.000 0.000 0.000 0.000 0.000 0.000 0.000 0.000 0.000 0.000 0.000 0.000 0.000 0.000 0.000 0.000 0.000 0.000 0.000 0.000 0.000 0.000 0.000 0.000 0.000 0.000 0.000 0.000 0.000 0.000 0.000 0.000 0.000 0.000 0.000 0.000 0.000 0.000 0.000 0.000 0.000 0.000 0.000 0.000 0.000 0.000 0.000 0.000 0.000 0.000 0.000 0.000 0.000 0.000 0.000 0.000 0.000 0.000 0.000 0.000
0.000 0.000 0.000 0.000 0.000 0.000 0.000 0.000 0.000 0.000 0.000 0.000 0.000 0.000 0.000 0.000 0.000 0.000 0.000 0.000 0.000 0.000 0.000 0.000 0.000 0.000 0.000 0.000 0.000 0.000 0.000 0.000 0.000 0.000 0.000 0.000 0.000 0.000 0.000 0.000 0.000 0.000 0.000 0.000 0.000 0.000 0.000 0.000 0.000 0.000 0.000 0.000 0.000 0.000 0.000 0.000 0.000 0.000 0.000 0.000 0.000 0.000 0.000 0.000 0.000 0.000 0.000 0.000 0.000 0.000 0.000 0.000 0.000 0.000 0.000 0.000 0.000
0.000 0.000 0.000 0.000 0.000 0.000 0.000 0.000 0.000 0.000 0.000 0.000 0.000 0.000 0.000 0.000 0.000 0.000 0.000 0.000 0.000 0.000 0.000 0.000 0.000 0.000 0.000 0.000 0.000 0.000 0.000 0.000 0.000 0.000 0.000 0.000 0.000 0.000 0.000 0.000 0.000 0.000 0.000 0.000 0.000 0.000 0.000 0.000 0.000 0.000 0.000 0.000 0.000 0.000 0.000 0.000 0.000 0.000 0.000 0.000 0.000 0.000 0.000 0.000 0.000 0.000 0.000 0.000 0.000 0.000 0.000 0.000 0.000 0.000 0.000 0.000 0.000
0.000 0.000 0.000 0.000 0.000 0.000 0.000 0.000 0.000 0.000 0.000 0.000 0.000 0.000 0.000 0.000 0.000 0.000 0.000 0.000 0.000 0.000 0.000 0.000 0.000 0.000 0.000 0.000 0.000 0.000 0.000 0.000 0.000 0.000 0.000 0.000 0.000 0.000 0.000 0.000 0.000 0.000 0.000 0.000 0.000 0.000 0.000 0.000 0.000 0.000 0.000 0.000 0.000 0.000 0.000 0.000 0.000 0.000 0.000 0.000 0.000 0.000 0.000 0.000 0.000 0.000 0.000 0.000 0.000 0.000 0.000 0.000 0.000 0.000 0.000 0.000 0.000
0.000 0.000 0.000 0.000 0.000 0.000 0.000 0.000 0.000 0.000 0.000 0.000 0.000 0.000 0.000 0.000 0.000 0.000 0.000 0.000 0.000 0.000 0.000 0.000 0.000 0.000 0.000 0.000 0.000 0.000 0.000 0.000 0.000 0.000 0.000 0.000 0.000 0.000 0.000 0.000 0.000 0.000 0.000 0.000 0.000 0.000 0.000 0.000 0.000 0.000 0.000 0.000 0.000 0.000 0.000 0.000 0.000 0.000 0.000 0.000 0.000 0.000 0.000 0.000 0.000 0.000 0.000 0.000 0.000 0.000 0.000 0.000 0.000 0.000 0.000 0.000 0.000
0.001 0.001 0.000 0.000 0.000 0.000 0.000 0.000 0.000 0.000 0.000 0.000 0.000 0.000 0.000 0.000 0.000 0.000 0.000 0.000 0.000 0.000 0.000 0.000 0.000 0.000 0.000 0.000 0.000 0.000 0.000 0.000 0.000 0.000 0.000 0.000 0.000 0.000 0.000 0.000 0.000 0.000 0.000 0.000 0.000 0.000 0.000 0.000 0.001 0.001 0.001 0.001 0.001 0.001 0.001 0.001 0.001 0.001 0.001 0.001 0.001 0.001 0.001 0.001 0.001 0.001 0.001 0.001 0.001 0.001 0.000 0.000 0.000 0.000 0.000 0.000 0.000
0.002 0.001 0.001 0.001 0.001 0.001 0.001 0.001 0.000 0.000 0.000 0.000 0.000 0.000 0.000 0.000 0.000 0.000 0.000 0.000 0.000 0.000 0.000 0.000 0.000 0.000 0.000 0.000 0.000 0.000 0.000 0.000 0.000 0.000 0.000 0.000 0.000 0.000 0.000 0.000 0.000 0.000 0.000 0.000 0.000 0.001 0.001 0.001 0.002 0.002 0.002 0.002 0.002 0.002 0.002 0.002 0.002 0.002 0.002 0.002 0.002 0.002 0.002 0.002 0.002 0.002 0.002 0.002 0.002 0.002 0.002 0.001 0.001 0.001 0.001 0.000 0.000
0.003 0.003 0.002 0.002 0.002 0.002 0.002 0.001 0.001 0.001 0.001 0.001 0.001 0.001 0.001 0.001 0.001 0.001 0.000 0.000 0.000 0.000 0.000 0.000 0.000 0.000 0.000 0.000 0.000 0.000 0.000 0.000 0.000 0.000 0.000 0.000 0.000 0.000 0.000 0.000 0.000 0.000 0.000 0.001 0.001 0.002 0.003 0.003 0.004 0.004 0.004 0.004 0.005 0.005 0.004 0.004 0.004 0.004 0.004 0.004 0.004 0.004 0.004 0.004 0.004 0.003 0.003 0.003 0.003 0.003 0.003 0.003 0.003 0.002 0.002 0.001 0.001
0.005 0.004 0.004 0.003 0.003 0.003 0.003 0.003 0.002 0.002 0.002 0.002 0.002 0.002 0.002 0.002 0.001 0.001 0.001 0.001 0.001 0.001 0.001 0.000 0.000 0.000 0.000 0.000 0.000 0.000 0.000 0.000 0.000 0.000 0.000 0.000 0.000 0.000 0.000 0.000 0.000 0.001 0.001 0.002 0.003 0.004 0.005 0.006 0.007 0.007 0.008 0.008 0.008 0.008 0.008 0.008 0.007 0.007 0.007 0.007 0.006 0.006 0.006 0.006 0.006 0.006 0.006 0.006 0.006 0.006 0.005 0.005 0.005 0.004 0.003 0.003 0.002
0.007 0.006 0.006 0.005 0.005 0.004 0.004 0.004 0.004 0.004 0.003 0.003 0.003 0.003 0.003 0.003 0.003 0.002 0.002 0.002 0.002 0.002 0.001 0.001 0.001 0.000 0.000 0.000 0.000 0.000 0.000 0.000 0.000 0.000 0.000 0.000 0.000 0.000 0.000 0.001 0.001 0.002 0.003 0.004 0.005 0.007 0.008 0.010 0.011 0.011 0.012 0.012 0.012 0.012 0.012 0.012 0.012 0.011 0.011 0.010 0.010 0.010 0.010 0.009 0.009 0.009 0.009 0.009 0.009 0.009 0.009 0.008 0.007 0.006 0.006 0.005 0.004
0.009 0.008 0.008 0.007 0.007 0.006 0.006 0.006 0.005 0.005 0.005 0.005 0.005 0.005 0.004 0.004 0.004 0.004 0.004 0.003 0.003 0.003 0.002 0.002 0.002 0.001 0.001 0.001 0.001 0.001 0.001 0.001 0.001 0.001 0.001 0.001 0.001 0.001 0.001 0.002 0.003 0.004 0.005 0.007 0.009 0.010 0.012 0.014 0.015 0.017 0.017 0.018 0.018 0.018 0.018 0.018 0.018 0.017 0.017 0.016 0.015 0.015 0.014 0.014 0.014 0.014 0.014 0.014 0.014 0.013 0.013 0.012 0.011 0.010 0.008 0.007 0.006
0.013 0.011 0.010 0.009 0.009 0.008 0.008 0.007 0.007 0.007 0.007 0.007 0.006 0.006 0.006 0.006 0.006 0.006 0.005 0.005 0.005 0.004 0.004 0.003 0.003 0.002 0.002 0.002 0.002 0.002 0.002 0.002 0.002 0.002 0.002 0.002 0.002 0.003 0.003 0.004 0.006 0.007 0.009 0.010 0.013 0.015 0.017 0.020 0.022 0.024 0.025 0.027 0.027 0.028 0.028 0.028 0.027 0.026 0.026 0.025 0.024 0.023 0.021 0.021 0.021 0.021 0.021 0.021 0.021 0.020 0.019 0.018 0.016 0.013 0.011 0.010 0.008
0.017 0.015 0.013 0.012 0.011 0.011 0.010 0.010 0.009 0.009 0.009 0.009 0.009 0.008 0.008 0.008 0.008 0.008 0.007 0.007 0.007 0.006 0.006 0.005 0.005 0.004 0.004 0.004 0.004 0.003 0.003 0.003 0.004 0.004 0.004 0.004 0.005 0.005 0.006 0.007 0.009 0.010 0.012 0.015 0.017 0.020 0.024 0.028 0.031 0.034 0.037 0.040 0.042 0.044 0.044 0.044 0.044 0.043 0.042 0.041 0.039 0.037 0.034 0.032 0.032 0.032 0.033 0.033 0.033 0.032 0.030 0.027 0.022 0.018 0.015 0.013 0.011
0.026 0.021 0.018 0.016 0.014 0.013 0.013 0.012 0.012 0.012 0.011 0.011 0.011 0.011 0.011 0.010 0.010 0.010 0.010 0.009 0.009 0.008 0.008 0.007 0.007 0.006 0.006 0.006 0.006 0.006 0.006 0.006 0.006 0.006 0.006 0.007 0.007 0.008 0.009 0.011 0.013 0.015 0.017 0.020 0.024 0.028 0.032 0.038 0.043 0.049 0.054 0.059 0.065 0.071 0.074 0.075 0.075 0.075 0.074 0.072 0.069 0.065 0.058 0.054 0.053 0.053 0.054 0.055 0.056 0.055 0.050 0.042 0.032 0.025 0.020 0.017 0.015
0.042 0.032 0.026 0.022 0.019 0.017 0.016 0.015 0.015 0.014 0.014 0.014 0.014 0.014 0.013 0.013 0.013 0.013 0.012 0.012 0.011 0.011 0.010 0.010 0.009 0.009 0.009 0.009 0.009 0.009 0.009 0.009 0.009 0.009 0.010 0.010 0.011 0.012 0.014 0.015 0.018 0.020 0.024 0.027 0.032 0.037 0.043 0.051 0.060 0.069 0.078 0.088 0.100 0.114 0.124 0.130 0.133 0.135 0.136 0.134 0.129 0.121 0.110 0.099 0.096 0.095 0.097 0.101 0.103 0.101 0.092 0.072 0.050 0.036 0.027 0.022 0.019
0.080 0.057 0.042 0.033 0.027 0.024 0.021 0.020 0.019 0.018 0.018 0.018 0.017 0.017 0.017 0.017 0.016 0.016 0.016 0.015 0.015 0.014 0.013 0.013 0.012 0.012 0.012 0.012 0.012 0.012 0.012 0.012 0.012 0.013 0.013 0.014 0.015 0.017 0.019 0.021 0.024 0.028 0.032 0.037 0.043 0.050 0.059 0.069 0.082 0.096 0.112 0.130 0.153 0.179 0.202 0.219 0.231 0.241 0.247 0.248 0.243 0.233 0.215 0.194 0.184 0.182 0.185 0.197 0.203 0.202 0.184 0.139 0.086 0.055 0.038 0.029 0.025
0.175 0.117 0.079 0.057 0.044 0.035 0.030 0.027 0.025 0.024 0.023 0.023 0.023 0.022 0.022 0.021 0.021 0.020 0.020 0.019 0.019 0.018 0.017 0.016 0.016 0.016 0.015 0.015 0.015 0.016 0.016 0.016 0.016 0.017 0.018 0.019 0.021 0.023 0.025 0.029 0.033 0.038 0.044 0.051 0.059 0.069 0.081 0.096 0.113 0.135 0.161 0.194 0.233 0.278 0.321 0.356 0.384 0.405 0.422 0.433 0.436 0.430 0.412 0.383 0.363 0.359 0.370 0.404 0.422 0.419 0.381 0.286 0.167 0.095 0.059 0.041 0.032
0.400 0.265 0.173 0.116 0.082 0.061 0.048 0.041 0.036 0.033 0.032 0.031 0.030 0.030 0.029 0.028 0.027 0.027 0.026 0.025 0.025 0.024 0.022 0.021 0.020 0.020 0.020 0.020 0.020 0.020 0.020 0.021 0.021 0.022 0.024 0.026 0.028 0.031 0.035 0.040 0.047 0.055 0.064 0.074 0.086 0.100 0.116 0.136 0.161 0.195 0.241 0.298 0.365 0.437 0.505 0.563 0.602 0.624 0.636 0.643 0.648 0.649 0.645 0.635 0.630 0.640 0.675 0.757 0.835 0.840 0.775 0.599 0.349 0.182 0.099 0.061 0.043
0.857 0.590 0.392 0.257 0.172 0.120 0.089 0.069 0.058 0.051 0.047 0.045 0.045 0.044 0.043 0.041 0.039 0.038 0.036 0.035 0.034 0.032 0.029 0.028 0.027 0.026 0.026 0.026 0.026 0.026 0.026 0.026 0.027 0.029 0.031 0.034 0.038 0.043 0.050 0.058 0.069 0.082 0.096 0.113 0.131 0.150 0.172 0.201 0.240 0.298 0.378 0.477 0.580 0.674 0.743 0.782 0.795 0.789 0.780 0.776 0.776 0.779 0.784 0.791 0.805 0.835 0.893 1.006 1.183 1.294 1.290 1.114 0.726 0.363 0.181 0.099 0.063
1.606 1.167 0.818 0.556 0.371 0.251 0.178 0.133 0.105 0.089 0.080 0.076 0.073 0.071 0.069 0.066 0.062 0.059 0.056 0.054 0.050 0.046 0.041 0.037 0.035 0.034 0.034 0.033 0.033 0.033 0.033 0.034 0.035 0.038 0.041 0.046 0.053 0.062 0.074 0.090 0.108 0.130 0.154 0.179 0.204 0.231 0.263 0.307 0.372 0.474 0.605 0.726 0.817 0.875 0.902 0.906 0.888 0.858 0.838 0.827 0.824 0.825 0.831 0.845 0.869 0.908 0.972 1.089 1.300 1.508 1.583 1.519 1.211 0.705 0.335 0.169 0.098
2.641 2.006 1.484 1.064 0.743 0.516 0.367 0.273 0.214 0.177 0.156 0.144 0.138 0.133 0.127 0.119 0.111 0.104 0.098 0.091 0.084 0.073 0.062 0.054 0.049 0.047 0.046 0.045 0.045 0.044 0.044 0.045 0.048 0.052 0.058 0.067 0.080 0.096 0.119 0.147 0.180 0.217 0.253 0.288 0.323 0.360 0.410 0.482 0.584 0.709 0.823 0.899 0.943 0.960 0.956 0.936 0.899 0.861 0.838 0.825 0.819 0.818 0.823 0.836 0.860 0.898 0.959 1.070 1.280 1.538 1.668 1.680 1.533 1.109 0.586 0.285 0.154
3.813 3.031 2.361 1.794 1.336 0.985 0.734 0.564 0.453 0.382 0.338 0.311 0.294 0.278 0.261 0.238 0.218 0.201 0.186 0.171 0.153 0.129 0.104 0.086 0.075 0.069 0.066 0.065 0.064 0.064 0.064 0.066 0.070 0.078 0.091 0.108 0.131 0.162 0.203 0.254 0.312 0.368 0.417 0.462 0.507 0.563 0.637 0.719 0.795 0.865 0.921 0.956 0.969 0.969 0.951 0.913 0.856 0.810 0.783 0.766 0.756 0.752 0.753 0.760 0.775 0.803 0.849 0.939 1.127 1.425 1.638 1.692 1.640 1.389 0.890 0.458 0.242
4.964 4.131 3.389 2.738 2.184 1.734 1.385 1.131 0.956 0.840 0.764 0.710 0.666 0.622 0.569 0.503 0.452 0.412 0.375 0.337 0.294 0.239 0.187 0.149 0.125 0.112 0.106 0.103 0.102 0.102 0.103 0.107 0.117 0.133 0.157 0.189 0.232 0.290 0.364 0.450 0.538 0.616 0.677 0.723 0.765 0.809 0.856 0.887 0.904 0.917 0.936 0.951 0.951 0.933 0.887 0.812 0.729 0.670 0.635 0.615 0.604 0.600 0.600 0.601 0.603 0.610 0.628 0.680 0.818 1.110 1.456 1.615 1.621 1.495 1.154 0.685 0.370
6.134 5.307 4.577 3.923 3.339 2.839 2.434 2.127 1.910 1.765 1.662 1.576 1.492 1.388 1.248 1.082 0.946 0.846 0.757 0.666 0.564 0.448 0.346 0.270 0.222 0.197 0.184 0.179 0.177 0.178 0.183 0.196 0.216 0.247 0.287 0.339 0.414 0.523 0.646 0.758 0.845 0.905 0.941 0.959 0.967 0.968 0.965 0.949 0.928 0.915 0.907 0.895 0.868 0.812 0.719 0.603 0.503 0.438 0.404 0.389 0.385 0.386 0.391 0.394 0.396 0.397 0.404 0.431 0.513 0.714 1.092 1.410 1.512 1.475 1.281 0.910 0.541
7.423 6.687 6.042 5.459 4.911 4.418 4.018 3.718 3.502 3.350 3.232 3.123 2.999 2.821 2.566 2.247 1.937 1.685 1.467 1.258 1.038 0.815 0.626 0.484 0.392 0.341 0.318 0.311 0.310 0.315 0.332 0.363 0.405 0.455 0.516 0.594 0.703 0.841 0.951 1.019 1.057 1.076 1.082 1.076 1.058 1.027 0.989 0.947 0.903 0.858 0.808 0.749 0.669 0.564 0.449 0.353 0.292 0.257 0.240 0.236 0.236 0.239 0.245 0.249 0.252 0.255 0.261 0.279 0.331 0.454 0.715 1.091 1.323 1.370 1.292 1.069 0.745
9.002 8.473 7.996 7.547 7.105 6.690 6.350 6.086 5.879 5.710 5.564 5.423 5.260 5.024 4.672 4.203 3.671 3.152 2.677 2.232 1.805 1.411 1.080 0.829 0.659 0.562 0.517 0.506 0.508 0.530 0.579 0.641 0.701 0.757 0.810 0.866 0.944 1.043 1.105 1.130 1.134 1.126 1.114 1.096 1.066 1.020 0.957 0.879 0.791 0.695 0.589 0.480 0.382 0.303 0.244 0.202 0.176 0.162 0.157 0.156 0.157 0.159 0.161 0.164 0.167 0.170 0.175 0.189 0.224 0.304 0.470 0.776 1.080 1.212 1.217 1.126 0.926
