RESULTS/r.avaflow_results/12_results/12_ascii/12_hflow30051.asc
ncols 506
nrows 317
xllcenter 498237.50
yllcenter 5580050.00
cellsize 12.50
NODATA_value -9999.000
[rows 136 to 169 of 317, columns 154 to 230 of 506]
0.000 0.000 0.000 0.000 0.000 0.000 0.000 0.000 0.000 0.000 0.000 0.000 0.000 0.000 0.000 0.000 0.000 0.000 0.000 0.000 0.000 0.000 0.000 0.000 0.000 0.000 0.000 0.000 0.000 0.000 0.000 0.000 0.000 0.000 0.000 0.000 0.000 0.000 0.000 0.000 0.000 0.000 0.000 0.000 0.000 0.000 0.000 0.000 0.000 0.000 0.000 0.000 0.000 0.000 0.000 0.000 0.000 0.000 0.000 0.000 0.000 0.000 0.000 0.000 0.000 0.000 0.000 0.000 0.000 0.000 0.000 0.000 0.000 0.000 0.000 0.000 0.000
0.000 0.000 0.000 0.000 0.000 0.000 0.000 0.000 0.000 0.000 0.000 0.000 0.000 0.000 0.000 0.000 0.000 0.000 0.000 0.000 0.000 0.000 0.000 0.000 0.000 0.000 0.000 0.000 0.000 0.000 0.000 0.000 0.000 0.000 0.000 0.000 0.000 0.000 0.000 0.000 0.000 0.000 0.000 0.000 0.000 0.000 0.000 0.000 0.000 0.000 0.000 0.000 0.000 0.000 0.000 0.000 0.000 0.000 0.000 0.000 0.000 0.000 0.000 0.000 0.000 0.000 0.000 0.000 0.000 0.000 0.000 0.000 0.000 0.000 0.000 0.000 0.000
0.000 0.000 0.000 0.000 0.000 0.000 0.000 0.000 0.000 0.000 0.000 0.000 0.000 0.000 0.000 0.000 0.000 0.000 0.000 0.000 0.000 0.000 0.000 0.000 0.000 0.000 0.000 0.000 0.000 0.000 0.000 0.000 0.000 0.000 0.000 0.000 0.000 0.000 0.000 0.000 0.000 0.000 0.000 0.000 0.000 0.000 0.000 0.000 0.000 0.000 0.000 0.000 0.000 0.000 0.000 0.000 0.000 0.000 0.000 0.000 0.000 0.000 0.000 0.000 0.000 0.000 0.000 0.000 0.000 0.000 0.000 0.000 0.000 0.000 0.000 0.000 0.000
0.000 0.000 0.000 0.000 0.000 0.000 0.000 0.000 0.000 0.000 0.000 0.000 0.000 0.000 0.000 0.000 0.000 0.000 0.000 0.000 0.000 0.000 0.000 0.000 0.000 0.000 0.000 0.000 0.000 0.000 0.000 0.000 0.000 0.000 0.000 0.000 0.000 0.000 0.000 0.000 0.000 0.000 0.000 0.000 0.000 0.000 0.000 0.000 0.000 0.000 0.000 0.000 0.000 0.000 0.000 0.000 0.000 0.000 0.000 0.000 0.000 0.000 0.000 0.000 0.000 0.000 0.000 0.000 0.000 0.000 0.000 0.000 0.000 0.000 0.000 0.000 0.000
0.000 0.000 0.000 0.000 0.000 0.000 0.000 0.000 0.000 0.000 0.000 0.000 0.000 0.000 0.000 0.000 0.000 0.000 0.000 0.000 0.000 0.000 0.000 0.000 0.000 0.000 0.000 0.000 0.000 0.000 0.000 0.000 0.000 0.000 0.000 0.000 0.000 0.000 0.000 0.000 0.000 0.000 0.000 0.000 0.000 0.000 0.000 0.000 0.000 0.000 0.000 0.000 0.000 0.000 0.000 0.000 0.000 0.000 0.000 0.000 0.000 0.000 0.000 0.000 0.000 0.000 0.000 0.000 0.000 0.000 0.000 0.000 0.000 0.000 0.000 0.000 0.000
0.000 0.000 0.000 0.000 0.000 0.000 0.000 0.000 0.000 0.000 0.000 0.000 0.000 0.000 0.000 0.000 0.000 0.000 0.000 0.000 0.000 0.000 0.000 0.000 0.000 0.000 0.000 0.000 0.000 0.000 0.000 0.000 0.000 0.000 0.000 0.000 0.000 0.000 0.000 0.000 0.000 0.000 0.000 0.000 0.000 0.000 0.000 0.000 0.000 0.000 0.000 0.000 0.000 0.000 0.000 0.000 0.000 0.000 0.000 0.000 0.000 0.000 0.000 0.000 0.000 0.000 0.000 0.000 0.000 0.000 0.000 0.000 0.000 0.000 0.000 0.000 0.000
0.000 0.000 0.000 0.000 0.000 0.000 0.000 0.000 0.000 0.000 0.000 0.000 0.000 0.000 0.000 0.000 0.000 0.000 0.000 0.000 0.000 0.000 0.000 0.000 0.000 0.000 0.000 0.000 0.000 0.000 0.000 0.000 0.000 0.000 0.000 0.000 0.000 0.000 0.000 0.000 0.000 0.000 0.000 0.000 0.000 0.000 0.000 0.000 0.000 0.000 0.000 0.000 0.000 0.000 0.000 0.000 0.000 0.000 0.000 0.000 0.000 0.000 0.000 0.000 0.000 0.000 0.000 0.000 0.000 0.000 0.000 0.000 0.000 0.000 0.000 0.000 0.000
0.000 0.000 0.000 0.000 0.000 0.000 0.000 0.000 0.000 0.000 0.000 0.000 0.000 0.000 0.000 0.000 0.000 0.000 0.000 0.000 0.000 0.000 0.000 0.000 0.000 0.000 0.000 0.000 0.000 0.000 0.000 0.000 0.000 0.000 0.000 0.000 0.000 0.000 0.000 0.000 0.000 0.000 0.000 0.000 0.000 0.000 0.000 0.000 0.000 0.000 0.000 0.000 0.000 0.000 0.000 0.000 0.000 0.000 0.000 0.000 0.000 0.000 0.000 0.000 0.000 0.000 0.000 0.000 0.000 0.000 0.000 0.000 0.000 0.000 0.000 0.000 0.000
0.000 0.000 0.000 0.000 0.000 0.000 0.000 0.000 0.000 0.000 0.000 0.000 0.000 0.000 0.000 0.000 0.000 0.000 0.000 0.000 0.000 0.000 0.000 0.000 0.000 0.000 0.000 0.000 0.000 0.000 0.000 0.000 0.000 0.000 0.000 0.000 0.000 0.000 0.000 0.000 0.000 0.000 0.000 0.000 0.000 0.000 0.000 0.000 0.000 0.000 0.000 0.000 0.000 0.000 0.000 0.000 0.000 0.000 0.000 0.000 0.000 0.000 0.000 0.000 0.000 0.000 0.000 0.000 0.000 0.000 0.000 0.000 0.000 0.000 0.000 0.000 0.000
0.000 0.000 0.000 0.000 0.000 0.000 0.000 0.000 0.000 0.000 0.000 0.000 0.000 0.000 0.000 0.000 0.000 0.000 0.000 0.000 0.000 0.000 0.000 0.000 0.000 0.000 0.000 0.000 0.000 0.000 0.000 0.000 0.000 0.000 0.000 0.000 0.000 0.000 0.000 0.000 0.000 0.000 0.000 0.000 0.000 0.000 0.000 0.000 0.000 0.000 0.000 0.000 0.000 0.000 0.000 0.000 0.000 0.000 0.000 0.000 0.000 0.000 0.000 0.000 0.000 0.000 0.000 0.000 0.000 0.000 0.000 0.000 0.000 0.000 0.000 0.000 0.000
0.000 0.000 0.000 0.000 0.000 0.000 0.000 0.000 0.000 0.000 0.000 0.000 0.000 0.000 0.000 0.000 0.000 0.000 0.000 0.000 0.000 0.000 0.000 0.000 0.000 0.000 0.000 0.000 0.000 0.000 0.000 0.000 0.000 0.000 0.000 0.000 0.000 0.000 0.000 0.000 0.000 0.000 0.000 0.000 0.000 0.000 0.000 0.000 0.000 0.000 0.000 0.000 0.000 0.000 0.000 0.000 0.000 0.000 0.000 0.000 0.000 0.000 0.000 0.000 0.000 0.000 0.000 0.000 0.000 0.000 0.000 0.000 0.000 0.000 0.000 0.000 0.000
0.000 0.000 0.000 0.000 0.000 0.000 0.000 0.000 0.000 0.000 0.000 0.000 0.000 0.000 0.000 0.000 0.000 0.000 0.000 0.000 0.000 0.000 0.000 0.000 0.000 0.000 0.000 0.000 0.000 0.000 0.000 0.000 0.000 0.000 0.000 0.000 0.000 0.000 0.000 0.000 0.000 0.000 0.000 0.000 0.000 0.000 0.000 0.000 0.000 0.000 0.000 0.000 0.000 0.000 0.000 0.000 0.000 0.000 0.000 0.000 0.000 0.000 0.000 0.000 0.000 0.000 0.000 0.000 0.000 0.000 0.000 0.000 0.000 0.000 0.000 0.000 0.000
0.000 0.000 0.000 0.000 0.000 0.000 0.000 0.000 0.000 0.000 0.000 0.000 0.000 0.000 0.000 0.000 0.000 0.000 0.000 0.000 0.000 0.000 0.000 0.000 0.000 0.000 0.000 0.000 0.000 0.000 0.000 0.000 0.000 0.000 0.000 0.000 0.000 0.000 0.000 0.000 0.000 0.000 0.000 0.000 0.000 0.000 0.000 0.000 0.000 0.000 0.000 0.000 0.000 0.000 0.000 0.000 0.000 0.000 0.000 0.000 0.000 0.000 0.000 0.000 0.000 0.000 0.000 0.000 0.000 0.000 0.000 0.000 0.000 0.000 0.000 0.000 0.000
0.000 0.000 0.000 0.000 0.000 0.000 0.000 0.000 0.000 0.000 0.000 0.000 0.000 0.000 0.000 0.000 0.000 0.000 0.000 0.000 0.000 0.000 0.000 0.000 0.000 0.000 0.000 0.000 0.000 0.000 0.000 0.000 0.000 0.000 0.000 0.000 0.000 0.000 0.000 0.000 0.000 0.000 0.000 0.000 0.000 0.000 0.000 0.000 0.000 0.000 0.000 0.000 0.000 0.000 0.000 0.000 0.000 0.000 0.000 0.000 0.000 0.000 0.000 0.000 0.000 0.000 0.000 0.000 0.000 0.000 0.000 0.000 0.000 0.000 0.000 0.000 0.000
0.001 0.001 0.001 0.001 0.001 0.000 0.000 0.000 0.000 0.000 0.000 0.000 0.000 0.000 0.000 0.000 0.000 0.000 0.000 0.000 0.000 0.000 0.000 0.000 0.000 0.000 0.000 0.000 0.000 0.000 0.000 0.000 0.000 0.000 0.000 0.000 0.000 0.000 0.000 0.000 0.000 0.000 0.000 0.000 0.000 0.000 0.001 0.001 0.001 0.001 0.001 0.001 0.001 0.001 0.001 0.001 0.001 0.001 0.001 0.001 0.001 0.001 0.001 0.001 0.001 0.001 0.001 0.001 0.001 0.001 0.001 0.001 0.001 0.000 0.000 0.000 0.000
0.002 0.002 0.002 0.002 0.001 0.001 0.001 0.001 0.001 0.001 0.000 0.000 0.000 0.000 0.000 0.000 0.000 0.000 0.000 0.000 0.000 0.000 0.000 0.000 0.000 0.000 0.000 0.000 0.000 0.000 0.000 0.000 0.000 0.000 0.000 0.000 0.000 0.000 0.000 0.000 0.000 0.000 0.000 0.001 0.001 0.001 0.002 0.002 0.003 0.003 0.003 0.003 0.003 0.003 0.003 0.003 0.003 0.003 0.003 0.003 0.003 0.003 0.003 0.003 0.003 0.003 0.003 0.003 0.003 0.002 0.002 0.002 0.002 0.001 0.001 0.001 0.001
0.004 0.003 0.003 0.003 0.002 0.002 0.002 0.002 0.001 0.001 0.001 0.001 0.001 0.001 0.001 0.001 0.000 0.000 0.000 0.000 0.000 0.000 0.000 0.000 0.000 0.000 0.000 0.000 0.000 0.000 0.000 0.000 0.000 0.000 0.000 0.000 0.000 0.000 0.000 0.000 0.000 0.001 0.001 0.002 0.002 0.003 0.004 0.004 0.005 0.005 0.005 0.005 0.005 0.005 0.005 0.005 0.005 0.005 0.005 0.005 0.005 0.004 0.004 0.004 0.004 0.004 0.004 0.004 0.004 0.004 0.004 0.004 0.003 0.002 0.002 0.002 0.001
0.006 0.005 0.005 0.004 0.004 0.003 0.003 0.003 0.002 0.002 0.002 0.002 0.002 0.002 0.001 0.001 0.001 0.001 0.001 0.001 0.001 0.001 0.001 0.000 0.000 0.000 0.000 0.000 0.000 0.000 0.000 0.000 0.000 0.000 0.000 0.000 0.000 0.000 0.000 0.001 0.001 0.002 0.002 0.003 0.004 0.005 0.006 0.007 0.007 0.008 0.008 0.008 0.008 0.008 0.008 0.008 0.008 0.007 0.007 0.007 0.007 0.007 0.007 0.007 0.007 0.007 0.007 0.007 0.007 0.007 0.006 0.006 0.005 0.004 0.003 0.003 0.002
0.008 0.008 0.007 0.006 0.005 0.005 0.004 0.004 0.004 0.004 0.003 0.003 0.003 0.003 0.003 0.002 0.002 0.002 0.002 0.002 0.002 0.002 0.001 0.001 0.001 0.001 0.001 0.001 0.000 0.000 0.000 0.000 0.000 0.000 0.000 0.001 0.001 0.001 0.001 0.002 0.002 0.003 0.004 0.005 0.006 0.007 0.009 0.010 0.011 0.011 0.012 0.012 0.012 0.012 0.012 0.012 0.011 0.011 0.010 0.010 0.010 0.010 0.010 0.010 0.010 0.010 0.010 0.010 0.010 0.010 0.009 0.008 0.007 0.006 0.005 0.004 0.003
0.012 0.011 0.009 0.008 0.007 0.007 0.006 0.006 0.006 0.005 0.005 0.005 0.005 0.004 0.004 0.004 0.004 0.004 0.003 0.003 0.003 0.003 0.003 0.002 0.002 0.002 0.002 0.001 0.001 0.001 0.001 0.001 0.001 0.001 0.002 0.002 0.002 0.002 0.003 0.003 0.004 0.005 0.006 0.007 0.009 0.010 0.012 0.014 0.015 0.016 0.016 0.017 0.017 0.017 0.017 0.016 0.016 0.015 0.015 0.014 0.014 0.014 0.014 0.014 0.014 0.014 0.015 0.015 0.014 0.014 0.013 0.011 0.009 0.008 0.007 0.006 0.005
0.019 0.016 0.013 0.011 0.010 0.009 0.009 0.008 0.008 0.007 0.007 0.007 0.007 0.006 0.006 0.006 0.006 0.005 0.005 0.005 0.005 0.004 0.004 0.004 0.003 0.003 0.003 0.003 0.003 0.003 0.003 0.003 0.003 0.003 0.003 0.003 0.004 0.004 0.005 0.005 0.006 0.008 0.009 0.011 0.012 0.014 0.016 0.018 0.020 0.021 0.022 0.023 0.023 0.023 0.023 0.023 0.022 0.022 0.021 0.020 0.019 0.019 0.019 0.019 0.019 0.020 0.021 0.021 0.021 0.020 0.018 0.015 0.013 0.010 0.009 0.007 0.006
0.033 0.025 0.019 0.016 0.014 0.012 0.011 0.011 0.010 0.010 0.010 0.009 0.009 0.009 0.009 0.008 0.008 0.008 0.007 0.007 0.007 0.006 0.006 0.006 0.005 0.005 0.005 0.005 0.005 0.005 0.005 0.005 0.005 0.005 0.005 0.005 0.006 0.007 0.007 0.008 0.009 0.011 0.012 0.014 0.016 0.019 0.021 0.024 0.027 0.029 0.031 0.032 0.033 0.033 0.033 0.033 0.032 0.031 0.030 0.029 0.028 0.027 0.027 0.027 0.028 0.030 0.032 0.032 0.032 0.030 0.026 0.021 0.016 0.014 0.011 0.010 0.008
0.071 0.047 0.033 0.025 0.020 0.017 0.016 0.014 0.014 0.013 0.013 0.013 0.012 0.012 0.012 0.011 0.011 0.010 0.010 0.010 0.009 0.009 0.008 0.008 0.008 0.007 0.007 0.007 0.007 0.007 0.007 0.007 0.007 0.007 0.008 0.008 0.009 0.010 0.011 0.012 0.013 0.015 0.017 0.019 0.021 0.024 0.027 0.031 0.035 0.038 0.041 0.044 0.046 0.048 0.048 0.048 0.047 0.046 0.045 0.044 0.042 0.041 0.040 0.041 0.042 0.047 0.051 0.052 0.051 0.047 0.038 0.028 0.022 0.017 0.014 0.012 0.010
0.173 0.106 0.066 0.045 0.033 0.027 0.023 0.020 0.019 0.018 0.018 0.017 0.017 0.016 0.016 0.015 0.015 0.014 0.014 0.013 0.013 0.012 0.011 0.011 0.010 0.010 0.010 0.010 0.010 0.010 0.010 0.010 0.010 0.011 0.011 0.012 0.012 0.013 0.015 0.016 0.018 0.020 0.022 0.025 0.027 0.031 0.035 0.040 0.045 0.051 0.056 0.061 0.066 0.069 0.071 0.072 0.071 0.070 0.069 0.068 0.066 0.064 0.064 0.064 0.068 0.077 0.086 0.089 0.088 0.080 0.062 0.042 0.029 0.022 0.018 0.015 0.013
0.406 0.252 0.151 0.094 0.063 0.046 0.037 0.031 0.028 0.026 0.025 0.024 0.023 0.022 0.021 0.020 0.019 0.019 0.018 0.017 0.017 0.016 0.015 0.014 0.014 0.014 0.013 0.013 0.013 0.013 0.013 0.014 0.014 0.014 0.015 0.016 0.017 0.018 0.019 0.021 0.024 0.026 0.029 0.032 0.036 0.040 0.045 0.051 0.058 0.067 0.076 0.087 0.096 0.103 0.108 0.110 0.111 0.110 0.109 0.108 0.106 0.105 0.105 0.108 0.117 0.138 0.158 0.165 0.163 0.146 0.108 0.067 0.043 0.030 0.023 0.018 0.016
0.801 0.533 0.336 0.209 0.133 0.091 0.067 0.053 0.045 0.040 0.037 0.035 0.034 0.032 0.030 0.029 0.027 0.026 0.025 0.024 0.023 0.021 0.020 0.019 0.018 0.018 0.018 0.017 0.017 0.017 0.018 0.018 0.018 0.019 0.020 0.021 0.022 0.024 0.026 0.028 0.031 0.035 0.038 0.042 0.047 0.052 0.059 0.067 0.077 0.091 0.109 0.128 0.144 0.158 0.167 0.173 0.176 0.176 0.176 0.176 0.176 0.178 0.182 0.191 0.212 0.257 0.301 0.316 0.311 0.278 0.203 0.118 0.068 0.042 0.029 0.023 0.019
1.334 0.961 0.659 0.437 0.285 0.190 0.133 0.100 0.079 0.067 0.061 0.056 0.053 0.051 0.047 0.044 0.041 0.039 0.037 0.034 0.032 0.029 0.027 0.025 0.024 0.023 0.023 0.023 0.022 0.022 0.023 0.023 0.023 0.024 0.025 0.027 0.029 0.032 0.035 0.039 0.043 0.047 0.052 0.057 0.063 0.070 0.079 0.091 0.107 0.131 0.162 0.195 0.222 0.245 0.261 0.271 0.275 0.275 0.276 0.277 0.279 0.284 0.293 0.310 0.343 0.403 0.478 0.523 0.530 0.494 0.380 0.221 0.116 0.064 0.040 0.029 0.023
1.963 1.519 1.126 0.806 0.558 0.382 0.266 0.195 0.151 0.125 0.109 0.100 0.093 0.087 0.081 0.075 0.069 0.063 0.059 0.054 0.048 0.042 0.038 0.035 0.032 0.031 0.030 0.029 0.029 0.029 0.029 0.029 0.030 0.031 0.033 0.036 0.039 0.044 0.049 0.054 0.060 0.067 0.074 0.081 0.090 0.099 0.111 0.129 0.155 0.196 0.252 0.303 0.343 0.369 0.380 0.377 0.369 0.364 0.363 0.363 0.364 0.368 0.377 0.394 0.426 0.483 0.569 0.641 0.670 0.660 0.574 0.386 0.201 0.103 0.058 0.039 0.029
2.669 2.179 1.721 1.314 0.971 0.701 0.508 0.379 0.297 0.244 0.211 0.191 0.177 0.165 0.152 0.138 0.125 0.113 0.103 0.092 0.079 0.067 0.057 0.050 0.045 0.042 0.041 0.039 0.039 0.038 0.038 0.039 0.040 0.042 0.045 0.050 0.055 0.062 0.071 0.080 0.090 0.100 0.110 0.121 0.132 0.145 0.162 0.190 0.234 0.303 0.381 0.434 0.460 0.468 0.459 0.435 0.417 0.409 0.407 0.408 0.408 0.410 0.416 0.430 0.456 0.504 0.584 0.671 0.718 0.726 0.681 0.537 0.318 0.162 0.086 0.053 0.038
3.440 2.912 2.409 1.941 1.526 1.177 0.905 0.709 0.575 0.485 0.426 0.386 0.356 0.329 0.302 0.270 0.241 0.216 0.192 0.168 0.142 0.116 0.094 0.078 0.068 0.061 0.058 0.055 0.054 0.053 0.053 0.053 0.055 0.059 0.065 0.074 0.084 0.096 0.111 0.127 0.143 0.158 0.173 0.187 0.201 0.219 0.246 0.290 0.354 0.426 0.481 0.511 0.520 0.512 0.485 0.448 0.426 0.418 0.417 0.417 0.418 0.419 0.424 0.434 0.456 0.496 0.566 0.657 0.717 0.733 0.716 0.623 0.432 0.236 0.125 0.072 0.049
4.244 3.693 3.171 2.680 2.231 1.839 1.514 1.261 1.077 0.948 0.857 0.789 0.732 0.676 0.614 0.542 0.479 0.425 0.374 0.321 0.265 0.211 0.166 0.132 0.109 0.096 0.088 0.083 0.081 0.080 0.080 0.081 0.085 0.093 0.104 0.119 0.137 0.161 0.189 0.215 0.239 0.260 0.279 0.297 0.314 0.339 0.377 0.419 0.461 0.497 0.521 0.531 0.531 0.515 0.477 0.435 0.412 0.403 0.402 0.403 0.405 0.407 0.413 0.421 0.436 0.463 0.514 0.599 0.679 0.713 0.710 0.657 0.519 0.319 0.174 0.100 0.066
5.090 4.542 4.039 3.567 3.126 2.731 2.393 2.119 1.912 1.762 1.649 1.554 1.464 1.362 1.235 1.084 0.946 0.831 0.723 0.613 0.496 0.388 0.298 0.231 0.187 0.160 0.145 0.137 0.133 0.132 0.133 0.138 0.147 0.161 0.180 0.204 0.239 0.286 0.331 0.368 0.400 0.426 0.447 0.464 0.478 0.490 0.501 0.506 0.509 0.515 0.521 0.523 0.515 0.486 0.435 0.390 0.365 0.355 0.353 0.354 0.358 0.366 0.373 0.380 0.387 0.401 0.429 0.495 0.593 0.659 0.678 0.656 0.572 0.405 0.234 0.136 0.088
6.064 5.570 5.125 4.712 4.314 3.947 3.636 3.389 3.199 3.057 2.944 2.840 2.726 2.575 2.366 2.103 1.827 1.577 1.348 1.125 0.902 0.699 0.531 0.404 0.320 0.270 0.244 0.231 0.228 0.228 0.234 0.247 0.266 0.290 0.319 0.357 0.418 0.490 0.543 0.576 0.596 0.607 0.611 0.610 0.601 0.586 0.561 0.532 0.513 0.502 0.492 0.477 0.450 0.403 0.345 0.302 0.279 0.269 0.267 0.269 0.278 0.290 0.299 0.305 0.307 0.310 0.322 0.363 0.461 0.571 0.624 0.629 0.591 0.478 0.311 0.186 0.121
7.315 6.965 6.639 6.327 6.013 5.716 5.468 5.273 5.118 4.992 4.880 4.767 4.636 4.450 4.173 3.794 3.342 2.867 2.404 1.970 1.567 1.207 0.911 0.687 0.534 0.442 0.394 0.375 0.373 0.380 0.402 0.436 0.468 0.498 0.531 0.568 0.623 0.678 0.708 0.719 0.719 0.709 0.694 0.675 0.651 0.616 0.569 0.522 0.483 0.446 0.409 0.367 0.318 0.265 0.222 0.198 0.186 0.183 0.184 0.190 0.197 0.206 0.212 0.215 0.218 0.221 0.231 0.260 0.334 0.459 0.553 0.585 0.578 0.523 0.401 0.260 0.169
