RESULTS/r.avaflow_results/12_results/12_ascii/12_hflow10012.asc
ncols 506
nrows 317
xllcenter 498237.50
yllcenter 5580050.00
cellsize 12.50
NODATA_value -9999.000
[rows 204 to 237 of 317, columns 77 to 153 of 506]
0.001 0.001 0.002 0.003 0.003 0.004 0.004 0.005 0.006 0.008 0.011 0.015 0.019 0.025 0.033 0.045 0.065 0.104 0.192 0.389 0.659 0.790 0.809 0.747 0.505 0.208 0.077 0.033 0.019 0.015 0.014 0.012 0.010 0.007 0.002 0.001 0.001 0.001 0.001 0.001 0.001 0.001 0.001 0.001 0.001 0.001 0.001 0.001 0.001 0.001 0.001 0.001 0.001 0.001 0.000 0.000 0.000 0.000 0.000 0.000 0.000 0.000 0.000 0.000 0.000 0.001 0.000 0.001 0.001 0.001 0.000 0.000 0.000 0.000 0.000 0.000 0.000
0.002 0.003 0.004 0.005 0.006 0.006 0.007 0.009 0.011 0.013 0.016 0.020 0.024 0.030 0.039 0.054 0.079 0.131 0.246 0.496 0.728 0.789 0.773 0.638 0.336 0.124 0.048 0.023 0.015 0.013 0.011 0.010 0.008 0.004 0.001 0.001 0.001 0.002 0.002 0.002 0.002 0.002 0.002 0.002 0.001 0.001 0.001 0.001 0.001 0.001 0.001 0.001 0.001 0.001 0.000 0.000 0.000 0.000 0.000 0.000 0.000 0.000 0.000 0.000 0.000 0.001 0.001 0.001 0.001 0.000 0.000 0.000 0.000 0.000 0.000 0.000 0.000
0.005 0.006 0.007 0.008 0.009 0.010 0.012 0.014 0.016 0.019 0.021 0.024 0.029 0.036 0.047 0.065 0.099 0.167 0.322 0.598 0.765 0.789 0.738 0.522 0.219 0.080 0.032 0.017 0.012 0.010 0.009 0.007 0.004 0.002 0.001 0.001 0.001 0.001 0.001 0.000 0.000 0.001 0.001 0.001 0.001 0.001 0.001 0.001 0.001 0.001 0.001 0.001 0.001 0.001 0.000 0.000 0.000 0.000 0.000 0.000 0.000 0.000 0.000 0.000 0.001 0.001 0.001 0.001 0.000 0.000 0.000 0.000 0.000 0.000 0.000 0.000 0.000
0.009 0.010 0.011 0.012 0.014 0.016 0.017 0.020 0.022 0.024 0.026 0.029 0.034 0.043 0.058 0.083 0.127 0.219 0.428 0.683 0.777 0.780 0.679 0.387 0.143 0.053 0.023 0.014 0.010 0.008 0.007 0.005 0.003 0.001 0.001 0.001 0.001 0.001 0.002 0.002 0.002 0.001 0.001 0.001 0.001 0.001 0.001 0.001 0.001 0.001 0.001 0.001 0.001 0.000 0.000 0.000 0.000 0.000 0.000 0.000 0.000 0.000 0.000 0.001 0.001 0.001 0.001 0.001 0.000 0.000 0.000 0.000 0.000 0.000 0.000 0.000 0.000
0.016 0.017 0.018 0.019 0.021 0.023 0.024 0.026 0.028 0.030 0.032 0.035 0.042 0.054 0.074 0.106 0.164 0.290 0.545 0.735 0.778 0.751 0.580 0.265 0.093 0.036 0.017 0.011 0.008 0.006 0.004 0.002 0.001 0.001 0.001 0.001 0.001 0.001 0.002 0.002 0.002 0.002 0.002 0.002 0.001 0.001 0.000 0.000 0.001 0.001 0.001 0.001 0.001 0.000 0.000 0.000 0.000 0.000 0.000 0.000 0.000 0.000 0.001 0.001 0.001 0.001 0.001 0.000 0.000 0.000 0.000 0.000 0.000 0.000 0.000 0.000 0.000
0.029 0.030 0.030 0.031 0.032 0.033 0.034 0.035 0.036 0.038 0.041 0.045 0.054 0.069 0.094 0.134 0.210 0.388 0.646 0.758 0.772 0.706 0.454 0.174 0.062 0.025 0.013 0.009 0.007 0.005 0.003 0.001 0.001 0.001 0.001 0.001 0.001 0.001 0.001 0.001 0.001 0.001 0.001 0.001 0.001 0.000 0.000 0.000 0.001 0.001 0.001 0.001 0.000 0.000 0.000 0.000 0.000 0.000 0.000 0.000 0.000 0.001 0.001 0.001 0.001 0.001 0.001 0.000 0.000 0.000 0.000 0.000 0.000 0.000 0.000 0.000 0.000
0.052 0.053 0.052 0.052 0.051 0.049 0.047 0.047 0.048 0.051 0.055 0.061 0.072 0.090 0.119 0.169 0.273 0.502 0.709 0.763 0.753 0.634 0.329 0.115 0.041 0.018 0.010 0.007 0.005 0.003 0.001 0.001 0.001 0.001 0.001 0.001 0.001 0.002 0.001 0.002 0.002 0.002 0.002 0.001 0.001 0.000 0.000 0.000 0.000 0.001 0.001 0.001 0.000 0.000 0.000 0.000 0.000 0.000 0.000 0.000 0.001 0.001 0.001 0.001 0.001 0.001 0.000 0.000 0.000 0.000 0.000 0.000 0.000 0.000 0.000 0.000 0.000
0.091 0.093 0.093 0.090 0.087 0.080 0.071 0.068 0.068 0.070 0.075 0.083 0.096 0.116 0.148 0.209 0.352 0.603 0.735 0.757 0.717 0.520 0.220 0.076 0.029 0.014 0.008 0.005 0.003 0.002 0.001 0.001 0.001 0.000 0.001 0.001 0.001 0.000 0.000 0.001 0.001 0.001 0.001 0.001 0.001 0.000 0.000 0.000 0.000 0.000 0.000 0.001 0.000 0.000 0.000 0.000 0.000 0.000 0.000 0.001 0.001 0.001 0.001 0.001 0.001 0.001 0.000 0.000 0.000 0.000 0.000 0.000 0.000 0.000 0.000 0.000 0.000
0.150 0.159 0.160 0.157 0.149 0.134 0.113 0.101 0.099 0.100 0.106 0.115 0.131 0.153 0.187 0.259 0.441 0.668 0.742 0.740 0.652 0.390 0.144 0.051 0.021 0.011 0.006 0.004 0.002 0.001 0.001 0.001 0.000 0.000 0.000 0.000 0.001 0.000 0.000 0.001 0.001 0.001 0.001 0.001 0.000 0.000 0.000 0.000 0.000 0.000 0.000 0.001 0.000 0.000 0.000 0.000 0.000 0.000 0.001 0.001 0.001 0.001 0.001 0.001 0.001 0.001 0.000 0.000 0.000 0.000 0.000 0.000 0.000 0.000 0.000 0.000 0.000
0.237 0.259 0.265 0.264 0.255 0.230 0.189 0.160 0.149 0.148 0.153 0.163 0.180 0.205 0.244 0.331 0.538 0.706 0.743 0.716 0.557 0.265 0.093 0.036 0.017 0.009 0.005 0.003 0.002 0.001 0.001 0.001 0.000 0.000 0.000 0.000 0.001 0.001 0.002 0.002 0.002 0.001 0.001 0.001 0.000 0.000 0.000 0.000 0.000 0.000 0.000 0.000 0.000 0.000 0.000 0.000 0.000 0.000 0.001 0.001 0.001 0.001 0.001 0.001 0.001 0.000 0.000 0.000 0.000 0.000 0.000 0.000 0.000 0.000 0.000 0.000 0.000
0.358 0.401 0.420 0.424 0.416 0.385 0.325 0.263 0.233 0.224 0.226 0.236 0.254 0.280 0.325 0.435 0.631 0.729 0.738 0.663 0.418 0.164 0.062 0.027 0.014 0.008 0.004 0.002 0.001 0.001 0.001 0.001 0.000 0.000 0.000 0.000 0.001 0.001 0.001 0.002 0.002 0.002 0.002 0.001 0.001 0.000 0.000 0.000 0.000 0.000 0.000 0.000 0.000 0.000 0.000 0.000 0.000 0.001 0.001 0.001 0.001 0.001 0.001 0.001 0.000 0.000 0.000 0.000 0.000 0.000 0.000 0.000 0.000 0.000 0.000 0.000 0.000
0.522 0.596 0.636 0.648 0.644 0.615 0.542 0.439 0.374 0.347 0.341 0.346 0.360 0.384 0.433 0.564 0.718 0.756 0.719 0.552 0.268 0.099 0.043 0.022 0.012 0.006 0.003 0.002 0.001 0.001 0.001 0.001 0.001 0.000 0.000 0.000 0.000 0.001 0.000 0.001 0.001 0.001 0.001 0.001 0.001 0.000 0.000 0.000 0.000 0.000 0.000 0.000 0.000 0.000 0.000 0.000 0.000 0.001 0.001 0.001 0.001 0.001 0.001 0.001 0.000 0.000 0.000 0.000 0.000 0.000 0.000 0.000 0.000 0.000 0.000 0.000 0.000
0.735 0.855 0.925 0.952 0.953 0.929 0.852 0.715 0.600 0.543 0.519 0.511 0.514 0.528 0.586 0.720 0.804 0.793 0.659 0.374 0.149 0.065 0.034 0.019 0.011 0.005 0.003 0.001 0.001 0.001 0.001 0.001 0.001 0.001 0.000 0.000 0.000 0.001 0.001 0.002 0.002 0.002 0.001 0.001 0.001 0.001 0.000 0.000 0.000 0.000 0.000 0.000 0.000 0.000 0.000 0.000 0.000 0.001 0.001 0.001 0.001 0.001 0.001 0.001 0.000 0.000 0.000 0.000 0.000 0.000 0.000 0.000 0.000 0.000 0.000 0.000 0.000
1.007 1.188 1.299 1.348 1.356 1.338 1.265 1.108 0.935 0.835 0.782 0.753 0.740 0.746 0.811 0.891 0.869 0.756 0.487 0.208 0.093 0.052 0.031 0.018 0.010 0.005 0.002 0.001 0.001 0.001 0.000 0.001 0.001 0.001 0.000 0.000 0.000 0.001 0.000 0.001 0.001 0.001 0.001 0.001 0.001 0.001 0.001 0.000 0.000 0.000 0.000 0.000 0.000 0.000 0.000 0.000 0.000 0.000 0.000 0.000 0.000 0.000 0.000 0.000 0.000 0.000 0.000 0.000 0.000 0.000 0.000 0.000 0.000 0.000 0.000 0.000 0.000
1.345 1.604 1.771 1.852 1.872 1.862 1.796 1.631 1.399 1.243 1.154 1.105 1.084 1.088 1.101 1.026 0.860 0.584 0.288 0.137 0.077 0.048 0.030 0.017 0.009 0.004 0.002 0.001 0.001 0.000 0.000 0.000 0.001 0.001 0.000 0.000 0.000 0.001 0.001 0.001 0.002 0.001 0.001 0.001 0.001 0.001 0.001 0.001 0.000 0.000 0.000 0.000 0.000 0.000 0.000 0.000 0.000 0.000 0.000 0.000 0.000 0.000 0.000 0.000 0.000 0.000 0.000 0.000 0.000 0.000 0.000 0.000 0.000 0.000 0.000 0.000 0.000
1.755 2.110 2.348 2.474 2.516 2.513 2.456 2.293 2.015 1.802 1.681 1.617 1.584 1.497 1.307 1.053 0.736 0.409 0.210 0.119 0.074 0.047 0.030 0.017 0.008 0.004 0.002 0.001 0.001 0.000 0.000 0.000 0.000 0.001 0.000 0.000 0.000 0.001 0.001 0.001 0.001 0.001 0.001 0.001 0.001 0.001 0.001 0.001 0.001 0.000 0.000 0.000 0.000 0.000 0.000 0.000 0.000 0.000 0.000 0.000 0.000 0.000 0.000 0.000 0.000 0.000 0.000 0.000 0.000 0.000 0.000 0.000 0.000 0.000 0.000 0.000 0.000
2.245 2.714 3.040 3.226 3.299 3.306 3.260 3.110 2.830 2.566 2.407 2.267 2.054 1.734 1.348 0.956 0.592 0.334 0.191 0.116 0.074 0.048 0.030 0.016 0.008 0.003 0.001 0.001 0.001 0.000 0.000 0.000 0.000 0.000 0.000 0.000 0.000 0.001 0.001 0.001 0.001 0.002 0.002 0.001 0.001 0.001 0.001 0.001 0.001 0.001 0.001 0.000 0.000 0.000 0.000 0.000 0.000 0.000 0.001 0.001 0.001 0.000 0.000 0.000 0.000 0.000 0.000 0.000 0.000 0.000 0.000 0.000 0.000 0.000 0.000 0.000 0.000
2.815 3.417 3.845 4.101 4.217 4.245 4.218 4.102 3.874 3.563 3.227 2.845 2.363 1.820 1.309 0.870 0.535 0.318 0.192 0.119 0.077 0.050 0.031 0.016 0.007 0.003 0.001 0.001 0.001 0.000 0.000 0.000 0.001 0.001 0.000 0.000 0.000 0.001 0.001 0.001 0.001 0.001 0.001 0.001 0.001 0.001 0.001 0.001 0.001 0.001 0.001 0.000 0.000 0.000 0.000 0.000 0.000 0.000 0.000 0.000 0.001 0.000 0.000 0.000 0.000 0.000 0.000 0.000 0.000 0.000 0.000 0.000 0.000 0.000 0.000 0.000 0.000
3.474 4.205 4.726 5.041 5.194 5.243 5.243 5.164 4.932 4.519 3.964 3.327 2.605 1.891 1.304 0.853 0.529 0.324 0.204 0.132 0.086 0.055 0.033 0.016 0.007 0.002 0.001 0.001 0.001 0.001 0.000 0.000 0.000 0.000 0.000 0.000 0.000 0.001 0.001 0.001 0.001 0.001 0.001 0.001 0.001 0.000 0.001 0.001 0.001 0.001 0.001 0.000 0.000 0.000 0.000 0.000 0.000 0.000 0.000 0.001 0.001 0.000 0.000 0.000 0.000 0.000 0.000 0.000 0.000 0.000 0.000 0.000 0.000 0.000 0.000 0.000 0.000
4.185 4.967 5.516 5.862 6.042 6.110 6.122 6.055 5.794 5.314 4.645 3.816 2.862 2.009 1.347 0.871 0.555 0.360 0.239 0.160 0.105 0.064 0.035 0.016 0.006 0.002 0.001 0.001 0.000 0.001 0.001 0.000 0.000 0.000 0.000 0.000 0.000 0.001 0.001 0.001 0.001 0.001 0.001 0.001 0.001 0.000 0.000 0.001 0.001 0.001 0.001 0.000 0.000 0.000 0.000 0.000 0.001 0.000 0.001 0.001 0.000 0.000 0.000 0.000 0.000 0.000 0.000 0.000 0.000 0.000 0.000 0.000 0.000 0.000 0.000 0.000 0.000
4.873 5.613 6.160 6.527 6.733 6.815 6.817 6.725 6.456 5.970 5.267 4.335 3.199 2.204 1.466 0.963 0.648 0.449 0.313 0.213 0.136 0.078 0.039 0.016 0.006 0.002 0.001 0.000 0.000 0.000 0.001 0.001 0.001 0.000 0.000 0.000 0.000 0.001 0.001 0.001 0.001 0.001 0.001 0.001 0.001 0.000 0.000 0.000 0.000 0.001 0.000 0.000 0.000 0.000 0.000 0.001 0.001 0.000 0.001 0.001 0.000 0.000 0.000 0.000 0.000 0.000 0.000 0.000 0.000 0.000 0.000 0.000 0.000 0.000 0.000 0.000 0.000
5.479 6.153 6.666 7.035 7.261 7.335 7.310 7.205 6.936 6.464 5.753 4.789 3.582 2.496 1.706 1.182 0.848 0.619 0.444 0.300 0.183 0.095 0.041 0.016 0.006 0.002 0.001 0.000 0.000 0.000 0.000 0.001 0.001 0.000 0.000 0.000 0.000 0.001 0.001 0.001 0.001 0.001 0.001 0.001 0.001 0.001 0.000 0.000 0.000 0.001 0.000 0.000 0.000 0.000 0.000 0.001 0.001 0.001 0.001 0.001 0.000 0.000 0.000 0.000 0.000 0.000 0.000 0.000 0.000 0.000 0.000 0.000 0.000 0.000 0.000 0.000 0.000
5.988 6.595 7.049 7.383 7.591 7.651 7.611 7.512 7.254 6.801 6.098 5.146 3.961 2.894 2.117 1.578 1.188 0.885 0.629 0.405 0.225 0.104 0.040 0.014 0.005 0.002 0.001 0.000 0.000 0.000 0.000 0.000 0.001 0.000 0.000 0.000 0.000 0.001 0.001 0.001 0.001 0.001 0.001 0.001 0.001 0.001 0.001 0.000 0.000 0.000 0.000 0.000 0.000 0.000 0.001 0.001 0.001 0.001 0.001 0.001 0.000 0.000 0.000 0.000 0.000 0.000 0.000 0.000 0.000 0.000 0.000 0.000 0.000 0.000 0.000 0.000 0.000
6.389 6.937 7.343 7.618 7.757 7.803 7.776 7.684 7.441 7.006 6.347 5.453 4.344 3.347 2.587 1.994 1.511 1.106 0.758 0.464 0.243 0.104 0.037 0.012 0.004 0.001 0.001 0.000 0.000 0.000 0.000 0.000 0.001 0.000 0.000 0.000 0.000 0.001 0.001 0.001 0.001 0.001 0.001 0.001 0.001 0.001 0.001 0.001 0.000 0.000 0.000 0.000 0.000 0.000 0.000 0.000 0.000 0.000 0.000 0.000 0.000 0.000 0.000 0.000 0.000 0.000 0.000 0.000 0.000 0.000 0.000 0.000 0.000 0.000 0.000 0.000 0.000
6.694 7.187 7.538 7.751 7.836 7.851 7.832 7.743 7.515 7.117 6.530 5.721 4.695 3.706 2.898 2.233 1.680 1.210 0.804 0.476 0.239 0.096 0.031 0.009 0.003 0.001 0.001 0.001 0.000 0.000 0.000 0.000 0.000 0.000 0.000 0.000 0.000 0.001 0.001 0.001 0.001 0.001 0.001 0.001 0.001 0.000 0.001 0.001 0.001 0.000 0.000 0.000 0.000 0.000 0.000 0.000 0.000 0.000 0.000 0.000 0.000 0.000 0.000 0.000 0.000 0.000 0.000 0.000 0.000 0.000 0.000 0.000 0.000 0.000 0.000 0.000 0.000
6.890 7.338 7.629 7.782 7.842 7.855 7.843 7.743 7.532 7.159 6.610 5.873 4.930 3.923 3.057 2.338 1.736 1.225 0.792 0.448 0.209 0.076 0.023 0.006 0.002 0.001 0.001 0.001 0.001 0.000 0.000 0.000 0.000 0.000 0.000 0.000 0.000 0.001 0.001 0.001 0.001 0.001 0.001 0.001 0.000 0.000 0.000 0.001 0.001 0.001 0.000 0.000 0.000 0.000 0.000 0.000 0.001 0.001 0.001 0.000 0.000 0.000 0.000 0.000 0.000 0.000 0.000 0.000 0.000 0.000 0.000 0.000 0.000 0.000 0.000 0.000 0.000
7.000 7.407 7.639 7.787 7.839 7.841 7.829 7.731 7.523 7.161 6.629 5.918 5.022 4.012 3.113 2.363 1.732 1.185 0.721 0.369 0.148 0.046 0.013 0.004 0.001 0.001 0.001 0.001 0.001 0.001 0.001 0.000 0.000 0.000 0.000 0.000 0.000 0.001 0.001 0.001 0.001 0.001 0.001 0.001 0.001 0.000 0.000 0.000 0.001 0.000 0.000 0.000 0.000 0.000 0.000 0.000 0.000 0.000 0.000 0.000 0.000 0.000 0.000 0.000 0.000 0.000 0.000 0.000 0.000 0.000 0.000 0.000 0.000 0.000 0.000 0.000 0.000
7.068 7.414 7.620 7.755 7.802 7.809 7.782 7.681 7.475 7.123 6.605 5.908 5.030 4.029 3.117 2.343 1.673 1.082 0.597 0.265 0.092 0.028 0.008 0.003 0.001 0.001 0.001 0.001 0.001 0.001 0.001 0.001 0.000 0.000 0.000 0.000 0.000 0.001 0.001 0.001 0.001 0.001 0.001 0.001 0.001 0.000 0.000 0.000 0.000 0.000 0.000 0.000 0.000 0.000 0.000 0.000 0.000 0.000 0.000 0.000 0.000 0.000 0.000 0.000 0.000 0.000 0.000 0.000 0.000 0.000 0.000 0.000 0.000 0.000 0.000 0.000 0.000
7.075 7.372 7.550 7.662 7.700 7.701 7.666 7.568 7.363 7.023 6.517 5.837 4.981 3.995 3.069 2.263 1.553 0.938 0.472 0.190 0.062 0.019 0.006 0.002 0.001 0.001 0.001 0.001 0.001 0.001 0.001 0.001 0.000 0.000 0.000 0.000 0.000 0.001 0.001 0.001 0.001 0.001 0.001 0.001 0.001 0.001 0.000 0.000 0.000 0.000 0.000 0.000 0.000 0.000 0.000 0.000 0.000 0.000 0.000 0.000 0.000 0.000 0.000 0.000 0.000 0.000 0.000 0.000 0.000 0.000 0.000 0.000 0.000 0.000 0.000 0.000 0.000
7.005 7.251 7.413 7.502 7.525 7.516 7.471 7.363 7.148 6.808 6.307 5.646 4.823 3.863 2.926 2.102 1.382 0.784 0.368 0.138 0.044 0.013 0.004 0.001 0.001 0.001 0.001 0.001 0.001 0.001 0.001 0.001 0.000 0.000 0.000 0.000 0.000 0.001 0.001 0.001 0.001 0.001 0.001 0.001 0.001 0.000 0.001 0.001 0.000 0.000 0.000 0.000 0.000 0.000 0.000 0.001 0.001 0.000 0.000 0.000 0.000 0.000 0.000 0.000 0.000 0.000 0.000 0.000 0.000 0.000 0.000 0.000 0.000 0.000 0.000 0.000 0.000
6.825 7.028 7.163 7.232 7.247 7.238 7.179 7.045 6.815 6.463 5.968 5.322 4.524 3.594 2.671 1.862 1.168 0.623 0.270 0.094 0.029 0.009 0.003 0.001 0.001 0.000 0.000 0.000 0.001 0.001 0.001 0.000 0.000 0.000 0.000 0.000 0.000 0.001 0.001 0.001 0.001 0.001 0.001 0.001 0.001 0.000 0.000 0.001 0.001 0.001 0.000 0.000 0.000 0.000 0.001 0.001 0.001 0.001 0.000 0.000 0.000 0.000 0.000 0.000 0.000 0.000 0.000 0.000 0.000 0.000 0.000 0.000 0.000 0.000 0.000 0.000 0.000
6.533 6.700 6.803 6.852 6.868 6.852 6.769 6.612 6.359 5.988 5.486 4.844 4.065 3.173 2.304 1.549 0.917 0.451 0.176 0.056 0.016 0.005 0.002 0.001 0.001 0.000 0.000 0.000 0.000 0.001 0.001 0.000 0.000 0.000 0.000 0.000 0.000 0.001 0.001 0.001 0.001 0.001 0.001 0.001 0.001 0.000 0.000 0.000 0.000 0.000 0.000 0.000 0.000 0.000 0.000 0.000 0.001 0.000 0.000 0.000 0.000 0.000 0.000 0.000 0.000 0.000 0.000 0.000 0.000 0.000 0.000 0.000 0.000 0.000 0.000 0.000 0.000
6.110 6.221 6.292 6.325 6.330 6.306 6.222 6.054 5.781 5.385 4.863 4.211 3.444 2.612 1.841 1.170 0.630 0.273 0.095 0.028 0.008 0.002 0.001 0.001 0.001 0.001 0.000 0.000 0.000 0.000 0.001 0.001 0.000 0.000 0.000 0.000 0.001 0.001 0.001 0.001 0.001 0.001 0.001 0.001 0.001 0.001 0.000 0.000 0.000 0.000 0.000 0.000 0.000 0.000 0.000 0.001 0.000 0.000 0.000 0.000 0.000 0.000 0.000 0.000 0.000 0.000 0.000 0.000 0.000 0.000 0.000 0.000 0.000 0.000 0.000 0.000 0.000
5.546 5.601 5.639 5.656 5.653 5.623 5.540 5.367 5.083 4.664 4.116 3.445 2.687 1.945 1.278 0.724 0.339 0.128 0.039 0.011 0.003 0.001 0.001 0.001 0.001 0.001 0.001 0.000 0.000 0.000 0.000 0.001 0.000 0.000 0.000 0.000 0.001 0.001 0.001 0.001 0.001 0.001 0.001 0.001 0.001 0.001 0.001 0.000 0.000 0.000 0.000 0.000 0.000 0.000 0.000 0.001 0.000 0.000 0.000 0.000 0.000 0.000 0.000 0.000 0.000 0.000 0.000 0.000 0.000 0.000 0.000 0.000 0.000 0.000 0.000 0.000 0.000
