RESULTS/r.avaflow_results/12_results/12_ascii/12_hflow0041.asc
ncols 506
nrows 317
xllcenter 498237.50
yllcenter 5580050.00
cellsize 12.50
NODATA_value -9999.000
[rows 136 to 169 of 317, columns 154 to 230 of 506]
0.000 0.000 0.000 0.000 0.000 0.000 0.000 0.000 0.000 0.000 0.000 0.000 0.000 0.000 0.000 0.000 0.000 0.000 0.000 0.000 0.000 0.000 0.000 0.000 0.000 0.000 0.000 0.000 0.000 0.000 0.000 0.000 0.000 0.000 0.000 0.000 0.000 0.000 0.000 0.000 0.000 0.000 0.000 0.000 0.000 0.000 0.000 0.000 0.000 0.000 0.000 0.000 0.000 0.000 0.000 0.000 0.000 0.000 0.000 0.000 0.000 0.000 0.000 0.000 0.000 0.000 0.000 0.000 0.000 0.000 0.000 0.000 0.000 0.000 0.000 0.000 0.000
0.000 0.000 0.000 0.000 0.000 0.000 0.000 0.000 0.000 0.000 0.000 0.000 0.000 0.000 0.000 0.000 0.000 0.000 0.000 0.000 0.000 0.000 0.000 0.000 0.000 0.000 0.000 0.000 0.000 0.000 0.000 0.000 0.000 0.000 0.000 0.000 0.000 0.000 0.000 0.000 0.000 0.000 0.000 0.000 0.000 0.000 0.000 0.000 0.000 0.000 0.000 0.000 0.000 0.000 0.000 0.000 0.000 0.000 0.000 0.000 0.000 0.000 0.000 0.000 0.000 0.000 0.000 0.000 0.000 0.000 0.000 0.000 0.000 0.000 0.000 0.000 0.000
0.000 0.000 0.000 0.000 0.000 0.000 0.000 0.000 0.000 0.000 0.000 0.000 0.000 0.000 0.000 0.000 0.000 0.000 0.000 0.000 0.000 0.000 0.000 0.000 0.000 0.000 0.000 0.000 0.000 0.000 0.000 0.000 0.000 0.000 0.000 0.000 0.000 0.000 0.000 0.000 0.000 0.000 0.000 0.000 0.000 0.000 0.000 0.000 0.000 0.000 0.000 0.000 0.000 0.000 0.000 0.000 0.000 0.000 0.000 0.000 0.000 0.000 0.000 0.000 0.000 0.000 0.000 0.000 0.000 0.000 0.000 0.000 0.000 0.000 0.000 0.000 0.000
0.000 0.000 0.000 0.000 0.000 0.000 0.000 0.000 0.000 0.000 0.000 0.000 0.000 0.000 0.000 0.000 0.000 0.000 0.000 0.000 0.000 0.000 0.000 0.000 0.000 0.000 0.000 0.000 0.000 0.000 0.000 0.000 0.000 0.000 0.000 0.000 0.000 0.000 0.000 0.000 0.000 0.000 0.000 0.000 0.000 0.000 0.000 0.000 0.000 0.000 0.000 0.000 0.000 0.000 0.000 0.000 0.000 0.000 0.000 0.000 0.000 0.000 0.000 0.000 0.000 0.000 0.000 0.000 0.000 0.000 0.000 0.000 0.000 0.000 0.000 0.000 0.000
0.000 0.000 0.000 0.000 0.000 0.000 0.000 0.000 0.000 0.000 0.000 0.000 0.000 0.000 0.000 0.000 0.000 0.000 0.000 0.000 0.000 0.000 0.000 0.000 0.000 0.000 0.000 0.000 0.000 0.000 0.000 0.000 0.000 0.000 0.000 0.000 0.000 0.000 0.000 0.000 0.000 0.000 0.000 0.000 0.000 0.000 0.000 0.000 0.000 0.000 0.000 0.000 0.000 0.000 0.000 0.000 0.000 0.000 0.000 0.000 0.000 0.000 0.000 0.000 0.000 0.000 0.000 0.000 0.000 0.000 0.000 0.000 0.000 0.000 0.000 0.000 0.000
0.000 0.000 0.000 0.000 0.000 0.000 0.000 0.000 0.000 0.000 0.000 0.000 0.000 0.000 0.000 0.000 0.000 0.000 0.000 0.000 0.000 0.000 0.000 0.000 0.000 0.000 0.000 0.000 0.000 0.000 0.000 0.000 0.000 0.000 0.000 0.000 0.000 0.000 0.000 0.000 0.000 0.000 0.000 0.000 0.000 0.000 0.000 0.000 0.000 0.000 0.000 0.000 0.000 0.000 0.000 0.000 0.000 0.000 0.000 0.000 0.000 0.000 0.000 0.000 0.000 0.000 0.000 0.000 0.000 0.000 0.000 0.000 0.000 0.000 0.000 0.000 0.000
0.000 0.000 0.000 0.000 0.000 0.000 0.000 0.000 0.000 0.000 0.000 0.000 0.000 0.000 0.000 0.000 0.000 0.000 0.000 0.000 0.000 0.000 0.000 0.000 0.000 0.000 0.000 0.000 0.000 0.000 0.000 0.000 0.000 0.000 0.000 0.000 0.000 0.000 0.000 0.000 0.000 0.000 0.000 0.000 0.000 0.000 0.000 0.000 0.000 0.000 0.000 0.000 0.000 0.000 0.000 0.000 0.000 0.000 0.000 0.000 0.000 0.000 0.000 0.000 0.000 0.000 0.000 0.000 0.000 0.000 0.000 0.000 0.000 0.000 0.000 0.000 0.000
0.000 0.000 0.000 0.000 0.000 0.000 0.000 0.000 0.000 0.000 0.000 0.000 0.000 0.000 0.000 0.000 0.000 0.000 0.000 0.000 0.000 0.000 0.000 0.000 0.000 0.000 0.000 0.000 0.000 0.000 0.000 0.000 0.000 0.000 0.000 0.000 0.000 0.000 0.000 0.000 0.000 0.000 0.000 0.000 0.000 0.000 0.000 0.000 0.000 0.000 0.000 0.000 0.000 0.000 0.000 0.000 0.000 0.000 0.000 0.000 0.000 0.000 0.000 0.000 0.000 0.000 0.000 0.000 0.000 0.000 0.000 0.000 0.000 0.000 0.000 0.000 0.000
0.000 0.000 0.000 0.000 0.000 0.000 0.000 0.000 0.000 0.000 0.000 0.000 0.000 0.000 0.000 0.000 0.000 0.000 0.000 0.000 0.000 0.000 0.000 0.000 0.000 0.000 0.000 0.000 0.000 0.000 0.000 0.000 0.000 0.000 0.000 0.000 0.000 0.000 0.000 0.000 0.000 0.000 0.000 0.000 0.000 0.000 0.000 0.000 0.000 0.000 0.000 0.000 0.000 0.000 0.000 0.000 0.000 0.000 0.000 0.000 0.000 0.000 0.000 0.000 0.000 0.000 0.000 0.000 0.000 0.000 0.000 0.000 0.000 0.000 0.000 0.000 0.000
0.000 0.000 0.000 0.000 0.000 0.000 0.000 0.000 0.000 0.000 0.000 0.000 0.000 0.000 0.000 0.000 0.000 0.000 0.000 0.000 0.000 0.000 0.000 0.000 0.000 0.000 0.000 0.000 0.000 0.000 0.000 0.000 0.000 0.000 0.000 0.000 0.000 0.000 0.000 0.000 0.000 0.000 0.000 0.000 0.000 0.000 0.000 0.000 0.000 0.000 0.000 0.000 0.000 0.000 0.000 0.000 0.000 0.000 0.000 0.000 0.000 0.000 0.000 0.000 0.000 0.000 0.000 0.000 0.000 0.000 0.000 0.000 0.000 0.000 0.000 0.000 0.000
0.000 0.000 0.000 0.000 0.000 0.000 0.000 0.000 0.000 0.000 0.000 0.000 0.000 0.000 0.000 0.000 0.000 0.000 0.000 0.000 0.000 0.000 0.000 0.000 0.000 0.000 0.000 0.000 0.000 0.000 0.000 0.000 0.000 0.000 0.000 0.000 0.000 0.000 0.000 0.000 0.000 0.000 0.000 0.000 0.000 0.000 0.000 0.000 0.000 0.000 0.000 0.000 0.000 0.000 0.000 0.000 0.000 0.000 0.000 0.000 0.000 0.000 0.000 0.000 0.000 0.000 0.000 0.000 0.000 0.000 0.000 0.000 0.000 0.000 0.000 0.000 0.000
0.000 0.000 0.000 0.000 0.000 0.000 0.000 0.000 0.000 0.000 0.000 0.000 0.000 0.000 0.000 0.000 0.000 0.000 0.000 0.000 0.000 0.000 0.000 0.000 0.000 0.000 0.000 0.000 0.000 0.000 0.000 0.000 0.000 0.000 0.000 0.000 0.000 0.000 0.000 0.000 0.000 0.000 0.000 0.000 0.000 0.000 0.000 0.000 0.000 0.000 0.000 0.000 0.000 0.000 0.000 0.000 0.000 0.000 0.000 0.000 0.000 0.000 0.000 0.000 0.000 0.000 0.000 0.000 0.000 0.000 0.000 0.000 0.000 0.000 0.000 0.000 0.000
0.000 0.000 0.000 0.000 0.000 0.000 0.000 0.000 0.000 0.000 0.000 0.000 0.000 0.000 0.000 0.000 0.000 0.000 0.000 0.000 0.000 0.000 0.000 0.000 0.000 0.000 0.000 0.000 0.000 0.000 0.000 0.000 0.000 0.000 0.000 0.000 0.000 0.000 0.000 0.000 0.000 0.000 0.000 0.000 0.000 0.000 0.000 0.000 0.000 0.000 0.000 0.000 0.000 0.000 0.000 0.000 0.000 0.000 0.000 0.000 0.000 0.000 0.000 0.000 0.000 0.000 0.000 0.000 0.000 0.000 0.000 0.000 0.000 0.000 0.000 0.000 0.000
0.000 0.000 0.000 0.000 0.000 0.000 0.000 0.000 0.000 0.000 0.000 0.000 0.000 0.000 0.000 0.000 0.000 0.000 0.000 0.000 0.000 0.000 0.000 0.000 0.000 0.000 0.000 0.000 0.000 0.000 0.000 0.000 0.000 0.000 0.000 0.000 0.000 0.000 0.000 0.000 0.000 0.000 0.000 0.000 0.000 0.000 0.000 0.000 0.000 0.000 0.000 0.000 0.000 0.000 0.000 0.000 0.000 0.000 0.000 0.000 0.000 0.000 0.000 0.000 0.000 0.000 0.000 0.000 0.000 0.000 0.000 0.000 0.000 0.000 0.000 0.000 0.000
0.001 0.001 0.001 0.001 0.001 0.001 0.000 0.000 0.000 0.000 0.000 0.000 0.000 0.000 0.000 0.000 0.000 0.000 0.000 0.000 0.000 0.000 0.000 0.000 0.000 0.000 0.000 0.000 0.000 0.000 0.000 0.000 0.000 0.000 0.000 0.000 0.000 0.000 0.000 0.000 0.000 0.000 0.000 0.000 0.000 0.000 0.001 0.001 0.001 0.001 0.001 0.002 0.002 0.002 0.002 0.002 0.001 0.001 0.001 0.001 0.001 0.001 0.001 0.001 0.001 0.001 0.001 0.001 0.001 0.001 0.001 0.001 0.001 0.000 0.000 0.000 0.000
0.003 0.002 0.002 0.002 0.002 0.001 0.001 0.001 0.001 0.001 0.001 0.000 0.000 0.000 0.000 0.000 0.000 0.000 0.000 0.000 0.000 0.000 0.000 0.000 0.000 0.000 0.000 0.000 0.000 0.000 0.000 0.000 0.000 0.000 0.000 0.000 0.000 0.000 0.000 0.000 0.000 0.000 0.000 0.001 0.001 0.001 0.002 0.002 0.003 0.003 0.003 0.003 0.003 0.003 0.003 0.003 0.003 0.003 0.003 0.003 0.003 0.003 0.003 0.003 0.003 0.003 0.003 0.003 0.003 0.002 0.002 0.002 0.002 0.001 0.001 0.001 0.001
0.004 0.004 0.004 0.003 0.003 0.002 0.002 0.002 0.002 0.001 0.001 0.001 0.001 0.001 0.001 0.001 0.001 0.000 0.000 0.000 0.000 0.000 0.000 0.000 0.000 0.000 0.000 0.000 0.000 0.000 0.000 0.000 0.000 0.000 0.000 0.000 0.000 0.000 0.000 0.000 0.000 0.001 0.001 0.002 0.002 0.003 0.004 0.004 0.005 0.005 0.005 0.005 0.005 0.005 0.005 0.005 0.005 0.005 0.005 0.005 0.005 0.005 0.005 0.005 0.005 0.005 0.005 0.004 0.004 0.004 0.004 0.004 0.003 0.003 0.002 0.002 0.001
0.007 0.006 0.005 0.005 0.004 0.004 0.003 0.003 0.003 0.003 0.002 0.002 0.002 0.002 0.002 0.002 0.001 0.001 0.001 0.001 0.001 0.001 0.001 0.001 0.000 0.000 0.000 0.000 0.000 0.000 0.000 0.000 0.000 0.000 0.000 0.000 0.000 0.000 0.000 0.001 0.001 0.002 0.002 0.003 0.004 0.005 0.006 0.007 0.007 0.008 0.008 0.008 0.008 0.008 0.008 0.008 0.008 0.008 0.007 0.007 0.007 0.007 0.007 0.007 0.007 0.007 0.007 0.007 0.007 0.007 0.006 0.006 0.005 0.004 0.003 0.003 0.002
0.009 0.008 0.007 0.007 0.006 0.005 0.005 0.005 0.004 0.004 0.004 0.004 0.003 0.003 0.003 0.003 0.003 0.002 0.002 0.002 0.002 0.002 0.002 0.001 0.001 0.001 0.001 0.001 0.000 0.000 0.000 0.000 0.000 0.000 0.001 0.001 0.001 0.001 0.001 0.002 0.002 0.003 0.004 0.005 0.006 0.008 0.009 0.010 0.011 0.011 0.012 0.012 0.012 0.012 0.012 0.012 0.011 0.011 0.011 0.010 0.010 0.010 0.010 0.010 0.010 0.010 0.010 0.010 0.010 0.010 0.009 0.008 0.007 0.006 0.005 0.004 0.004
0.013 0.012 0.010 0.009 0.008 0.007 0.007 0.006 0.006 0.006 0.005 0.005 0.005 0.005 0.004 0.004 0.004 0.004 0.004 0.003 0.003 0.003 0.003 0.003 0.002 0.002 0.002 0.002 0.001 0.001 0.001 0.001 0.001 0.001 0.002 0.002 0.002 0.002 0.003 0.003 0.004 0.005 0.006 0.008 0.009 0.011 0.012 0.014 0.015 0.016 0.016 0.017 0.017 0.017 0.017 0.017 0.016 0.016 0.015 0.015 0.014 0.014 0.014 0.014 0.014 0.014 0.015 0.015 0.014 0.014 0.013 0.012 0.010 0.008 0.007 0.006 0.005
0.020 0.017 0.014 0.012 0.011 0.010 0.009 0.009 0.008 0.008 0.008 0.007 0.007 0.007 0.006 0.006 0.006 0.006 0.005 0.005 0.005 0.005 0.004 0.004 0.004 0.003 0.003 0.003 0.003 0.003 0.003 0.003 0.003 0.003 0.003 0.003 0.004 0.004 0.005 0.006 0.007 0.008 0.009 0.011 0.012 0.014 0.017 0.019 0.020 0.021 0.022 0.023 0.024 0.024 0.024 0.023 0.023 0.022 0.021 0.021 0.020 0.019 0.019 0.019 0.019 0.020 0.021 0.021 0.021 0.020 0.018 0.016 0.013 0.011 0.009 0.008 0.007
0.032 0.025 0.020 0.017 0.015 0.013 0.012 0.011 0.011 0.010 0.010 0.010 0.009 0.009 0.009 0.009 0.008 0.008 0.008 0.007 0.007 0.007 0.006 0.006 0.006 0.005 0.005 0.005 0.005 0.005 0.005 0.005 0.005 0.005 0.005 0.006 0.006 0.007 0.007 0.008 0.010 0.011 0.013 0.015 0.017 0.019 0.022 0.025 0.027 0.029 0.030 0.032 0.033 0.033 0.034 0.033 0.033 0.032 0.031 0.030 0.029 0.028 0.028 0.027 0.028 0.030 0.032 0.032 0.032 0.030 0.027 0.021 0.017 0.014 0.012 0.010 0.009
0.062 0.043 0.032 0.025 0.021 0.018 0.016 0.015 0.014 0.014 0.013 0.013 0.012 0.012 0.012 0.011 0.011 0.011 0.010 0.010 0.010 0.009 0.009 0.008 0.008 0.008 0.007 0.007 0.007 0.007 0.007 0.007 0.008 0.008 0.008 0.008 0.009 0.010 0.011 0.012 0.013 0.015 0.017 0.019 0.021 0.024 0.028 0.032 0.035 0.038 0.041 0.043 0.046 0.048 0.049 0.049 0.048 0.048 0.047 0.046 0.044 0.043 0.042 0.042 0.043 0.046 0.051 0.053 0.052 0.049 0.040 0.030 0.023 0.018 0.015 0.013 0.011
0.143 0.091 0.060 0.042 0.033 0.027 0.023 0.021 0.019 0.018 0.018 0.017 0.016 0.016 0.015 0.015 0.014 0.014 0.014 0.013 0.013 0.012 0.012 0.011 0.011 0.010 0.010 0.010 0.010 0.010 0.010 0.010 0.011 0.011 0.011 0.012 0.013 0.014 0.015 0.016 0.018 0.020 0.022 0.025 0.027 0.031 0.035 0.040 0.045 0.050 0.054 0.059 0.065 0.070 0.073 0.074 0.074 0.074 0.074 0.073 0.071 0.068 0.067 0.067 0.069 0.077 0.088 0.093 0.093 0.086 0.067 0.045 0.031 0.023 0.019 0.016 0.014
0.354 0.216 0.131 0.084 0.059 0.044 0.036 0.030 0.027 0.025 0.024 0.023 0.022 0.021 0.021 0.020 0.019 0.018 0.018 0.017 0.017 0.016 0.015 0.015 0.014 0.014 0.014 0.014 0.014 0.014 0.014 0.014 0.014 0.015 0.015 0.016 0.017 0.018 0.020 0.021 0.024 0.026 0.029 0.032 0.035 0.039 0.045 0.051 0.057 0.065 0.073 0.083 0.094 0.104 0.112 0.116 0.118 0.119 0.119 0.119 0.117 0.116 0.115 0.116 0.122 0.141 0.166 0.177 0.177 0.163 0.123 0.075 0.046 0.032 0.024 0.019 0.016
0.771 0.494 0.304 0.187 0.121 0.084 0.062 0.049 0.042 0.037 0.035 0.033 0.031 0.030 0.029 0.027 0.026 0.025 0.024 0.023 0.022 0.021 0.020 0.019 0.018 0.018 0.018 0.018 0.018 0.018 0.018 0.018 0.018 0.019 0.020 0.021 0.022 0.024 0.026 0.028 0.031 0.034 0.038 0.042 0.046 0.051 0.058 0.065 0.075 0.088 0.103 0.122 0.143 0.161 0.176 0.186 0.192 0.195 0.197 0.198 0.200 0.201 0.204 0.211 0.228 0.269 0.327 0.354 0.354 0.324 0.244 0.141 0.078 0.046 0.031 0.024 0.020
1.412 0.976 0.646 0.414 0.263 0.173 0.121 0.090 0.072 0.061 0.054 0.051 0.048 0.046 0.043 0.040 0.038 0.036 0.034 0.032 0.030 0.028 0.026 0.025 0.024 0.023 0.023 0.023 0.023 0.023 0.023 0.023 0.024 0.025 0.026 0.027 0.029 0.032 0.035 0.038 0.042 0.046 0.051 0.056 0.062 0.069 0.077 0.088 0.104 0.125 0.154 0.189 0.225 0.256 0.280 0.297 0.307 0.312 0.315 0.318 0.322 0.328 0.337 0.352 0.381 0.439 0.531 0.606 0.629 0.597 0.474 0.280 0.142 0.075 0.044 0.031 0.025
2.246 1.667 1.191 0.819 0.546 0.360 0.245 0.177 0.135 0.110 0.095 0.087 0.081 0.077 0.071 0.066 0.061 0.057 0.053 0.049 0.045 0.040 0.036 0.033 0.032 0.030 0.030 0.029 0.029 0.029 0.029 0.029 0.030 0.031 0.033 0.036 0.039 0.043 0.048 0.053 0.059 0.065 0.072 0.080 0.088 0.098 0.110 0.126 0.151 0.188 0.241 0.304 0.359 0.399 0.421 0.428 0.422 0.419 0.418 0.419 0.421 0.425 0.434 0.451 0.481 0.536 0.632 0.746 0.808 0.811 0.728 0.507 0.260 0.127 0.067 0.042 0.032
3.219 2.530 1.926 1.415 1.004 0.697 0.487 0.354 0.271 0.219 0.187 0.168 0.155 0.144 0.133 0.120 0.109 0.100 0.092 0.083 0.074 0.063 0.054 0.047 0.043 0.041 0.040 0.039 0.038 0.038 0.038 0.038 0.039 0.041 0.045 0.049 0.054 0.061 0.069 0.078 0.088 0.099 0.109 0.120 0.132 0.145 0.163 0.189 0.230 0.296 0.384 0.460 0.505 0.523 0.521 0.501 0.479 0.470 0.468 0.469 0.469 0.471 0.477 0.490 0.515 0.562 0.649 0.776 0.866 0.895 0.862 0.707 0.429 0.210 0.105 0.060 0.041
4.249 3.482 2.791 2.175 1.650 1.227 0.911 0.693 0.548 0.454 0.392 0.351 0.322 0.296 0.269 0.239 0.214 0.193 0.173 0.154 0.132 0.108 0.088 0.074 0.064 0.059 0.056 0.054 0.052 0.052 0.052 0.052 0.054 0.058 0.065 0.073 0.082 0.094 0.109 0.125 0.142 0.159 0.174 0.189 0.205 0.224 0.252 0.296 0.360 0.443 0.518 0.563 0.580 0.577 0.554 0.515 0.488 0.477 0.476 0.477 0.477 0.478 0.483 0.493 0.513 0.552 0.626 0.748 0.859 0.904 0.898 0.811 0.592 0.320 0.159 0.086 0.055
5.270 4.472 3.741 3.076 2.489 1.993 1.595 1.295 1.082 0.937 0.836 0.760 0.698 0.639 0.573 0.500 0.439 0.391 0.346 0.301 0.251 0.199 0.156 0.124 0.104 0.091 0.084 0.080 0.078 0.078 0.078 0.079 0.084 0.092 0.104 0.119 0.136 0.160 0.188 0.217 0.244 0.268 0.289 0.309 0.330 0.358 0.402 0.453 0.502 0.545 0.577 0.592 0.594 0.581 0.546 0.498 0.467 0.454 0.452 0.453 0.455 0.458 0.463 0.471 0.484 0.509 0.559 0.660 0.794 0.871 0.883 0.843 0.698 0.439 0.229 0.123 0.076
6.310 5.515 4.802 4.152 3.562 3.045 2.613 2.271 2.018 1.837 1.703 1.591 1.485 1.366 1.219 1.051 0.908 0.795 0.694 0.592 0.482 0.375 0.286 0.221 0.179 0.154 0.140 0.133 0.130 0.130 0.131 0.136 0.147 0.163 0.183 0.208 0.243 0.291 0.341 0.383 0.419 0.452 0.478 0.501 0.521 0.543 0.564 0.574 0.575 0.577 0.582 0.584 0.576 0.548 0.495 0.438 0.402 0.386 0.381 0.382 0.386 0.395 0.405 0.412 0.418 0.428 0.451 0.516 0.653 0.782 0.832 0.824 0.743 0.549 0.313 0.171 0.104
7.471 6.746 6.106 5.527 4.983 4.489 4.076 3.753 3.506 3.322 3.176 3.039 2.892 2.702 2.449 2.142 1.836 1.575 1.344 1.122 0.899 0.691 0.521 0.395 0.312 0.265 0.240 0.229 0.226 0.227 0.235 0.251 0.275 0.302 0.334 0.374 0.436 0.516 0.581 0.625 0.652 0.668 0.679 0.683 0.680 0.670 0.648 0.615 0.586 0.568 0.551 0.532 0.501 0.451 0.382 0.324 0.290 0.274 0.270 0.271 0.279 0.291 0.304 0.311 0.314 0.315 0.325 0.364 0.472 0.638 0.746 0.774 0.744 0.624 0.410 0.235 0.144
8.927 8.379 7.886 7.428 6.982 6.560 6.206 5.923 5.694 5.504 5.338 5.176 4.997 4.759 4.422 3.980 3.467 2.953 2.468 2.016 1.596 1.222 0.915 0.686 0.531 0.440 0.395 0.378 0.376 0.385 0.413 0.455 0.496 0.533 0.571 0.613 0.673 0.740 0.780 0.797 0.801 0.795 0.783 0.767 0.745 0.711 0.663 0.607 0.555 0.507 0.459 0.405 0.345 0.284 0.233 0.202 0.186 0.181 0.182 0.186 0.192 0.200 0.207 0.211 0.215 0.218 0.228 0.257 0.331 0.481 0.637 0.706 0.712 0.658 0.512 0.326 0.202
