RESULTS/r.avaflow_results/12_results/12_ascii/12_hflow10038.asc
ncols 506
nrows 317
xllcenter 498237.50
yllcenter 5580050.00
cellsize 12.50
NODATA_value -9999.000
[rows 170 to 203 of 317, columns 77 to 153 of 506]
0.000 0.000 0.000 0.000 0.000 0.000 0.000 0.001 0.001 0.003 0.004 0.007 0.010 0.017 0.026 0.037 0.050 0.065 0.081 0.100 0.126 0.166 0.235 0.346 0.508 0.654 0.739 0.787 0.816 0.832 0.838 0.837 0.828 0.805 0.767 0.730 0.709 0.703 0.714 0.746 0.808 0.931 1.188 1.670 2.392 3.197 3.906 4.587 5.304 6.143 7.146 8.277 9.361 10.192 10.638 10.754 10.714 10.624 10.514 10.365 10.189 9.921 9.506 8.923 8.206 7.393 6.561 5.814 5.143 4.542 4.004 3.531 3.114 2.749 2.426 2.139 1.885
0.000 0.000 0.000 0.000 0.000 0.000 0.001 0.002 0.005 0.008 0.012 0.018 0.028 0.043 0.062 0.084 0.108 0.136 0.167 0.204 0.252 0.322 0.429 0.583 0.761 0.890 0.962 1.005 1.029 1.039 1.041 1.037 1.022 0.989 0.950 0.929 0.925 0.944 0.997 1.103 1.293 1.619 2.155 2.965 4.001 4.963 5.790 6.614 7.470 8.346 9.214 10.056 10.739 11.160 11.288 11.222 11.084 10.914 10.741 10.541 10.309 9.980 9.526 8.938 8.230 7.428 6.599 5.854 5.187 4.594 4.070 3.609 3.204 2.849 2.536 2.261 2.018
0.000 0.000 0.000 0.000 0.000 0.001 0.003 0.006 0.010 0.017 0.025 0.039 0.059 0.086 0.118 0.154 0.193 0.238 0.291 0.354 0.434 0.543 0.694 0.877 1.035 1.138 1.201 1.239 1.259 1.265 1.265 1.257 1.233 1.193 1.168 1.165 1.185 1.249 1.386 1.649 2.088 2.735 3.633 4.797 6.026 7.026 7.866 8.685 9.471 10.211 10.853 11.349 11.642 11.723 11.621 11.425 11.220 11.003 10.785 10.556 10.297 9.956 9.504 8.927 8.232 7.443 6.620 5.880 5.221 4.638 4.124 3.669 3.271 2.921 2.616 2.349 2.117
0.000 0.000 0.000 0.000 0.000 0.002 0.005 0.010 0.018 0.029 0.044 0.066 0.097 0.138 0.185 0.238 0.297 0.365 0.445 0.542 0.661 0.813 1.003 1.184 1.314 1.401 1.459 1.493 1.508 1.512 1.510 1.496 1.460 1.421 1.411 1.421 1.476 1.621 1.917 2.456 3.280 4.375 5.679 7.040 8.199 9.072 9.806 10.497 11.116 11.652 12.047 12.242 12.247 12.089 11.806 11.513 11.259 11.012 10.775 10.525 10.243 9.896 9.452 8.892 8.220 7.447 6.631 5.897 5.244 4.666 4.156 3.706 3.311 2.965 2.665 2.406 2.180
0.000 0.000 0.000 0.000 0.000 0.002 0.006 0.013 0.023 0.037 0.057 0.086 0.125 0.176 0.240 0.316 0.406 0.507 0.622 0.757 0.918 1.112 1.319 1.486 1.604 1.686 1.739 1.768 1.780 1.782 1.775 1.752 1.703 1.650 1.633 1.645 1.721 1.948 2.459 3.371 4.696 6.320 7.843 9.109 10.107 10.873 11.485 11.995 12.404 12.703 12.856 12.835 12.640 12.290 11.882 11.548 11.267 11.006 10.748 10.475 10.172 9.814 9.373 8.831 8.187 7.439 6.635 5.904 5.255 4.680 4.171 3.722 3.331 2.989 2.693 2.436 2.211
0.000 0.000 0.000 0.000 0.000 0.002 0.007 0.014 0.026 0.042 0.064 0.097 0.142 0.203 0.281 0.379 0.500 0.643 0.809 0.997 1.207 1.433 1.639 1.799 1.915 1.995 2.044 2.068 2.076 2.075 2.061 2.025 1.956 1.869 1.827 1.832 1.911 2.177 2.819 3.996 5.732 7.837 9.552 10.823 11.756 12.429 12.880 13.171 13.367 13.459 13.407 13.205 12.847 12.373 11.918 11.554 11.253 10.980 10.701 10.411 10.090 9.719 9.274 8.748 8.130 7.418 6.635 5.905 5.256 4.680 4.173 3.725 3.335 2.997 2.703 2.446 2.221
0.000 0.000 0.000 0.000 0.000 0.002 0.007 0.015 0.026 0.043 0.067 0.101 0.151 0.219 0.309 0.425 0.572 0.754 0.975 1.237 1.517 1.768 1.975 2.135 2.252 2.330 2.374 2.394 2.398 2.393 2.370 2.316 2.217 2.082 2.003 1.993 2.060 2.323 2.997 4.298 6.315 8.854 10.869 12.253 13.165 13.713 13.979 14.076 14.094 14.007 13.779 13.411 12.929 12.401 11.933 11.540 11.215 10.928 10.643 10.343 10.006 9.622 9.171 8.653 8.053 7.372 6.615 5.889 5.243 4.669 4.163 3.717 3.330 2.994 2.702 2.446 2.221
0.000 0.000 0.000 0.000 0.000 0.002 0.007 0.015 0.026 0.043 0.067 0.102 0.154 0.227 0.325 0.453 0.619 0.833 1.102 1.436 1.802 2.102 2.331 2.501 2.619 2.693 2.732 2.747 2.748 2.737 2.701 2.623 2.487 2.298 2.170 2.136 2.180 2.410 3.046 4.366 6.533 9.441 11.849 13.409 14.310 14.712 14.811 14.782 14.646 14.379 13.995 13.503 12.945 12.411 11.938 11.524 11.174 10.868 10.576 10.264 9.920 9.525 9.067 8.548 7.955 7.292 6.556 5.841 5.201 4.631 4.130 3.690 3.307 2.974 2.688 2.436 2.214
0.000 0.000 0.000 0.000 0.000 0.002 0.007 0.014 0.024 0.040 0.064 0.100 0.153 0.228 0.330 0.465 0.643 0.878 1.184 1.579 2.039 2.420 2.700 2.894 3.020 3.090 3.122 3.130 3.127 3.106 3.051 2.947 2.772 2.523 2.333 2.261 2.278 2.459 3.035 4.329 6.543 9.674 12.497 14.269 15.158 15.430 15.423 15.293 15.018 14.602 14.100 13.528 12.944 12.413 11.935 11.507 11.138 10.813 10.502 10.178 9.824 9.417 8.949 8.422 7.829 7.171 6.450 5.750 5.122 4.562 4.068 3.637 3.262 2.938 2.660 2.415 2.199
0.000 0.000 0.000 0.000 0.000 0.002 0.005 0.012 0.021 0.034 0.056 0.091 0.144 0.222 0.327 0.466 0.649 0.894 1.222 1.659 2.209 2.700 3.047 3.280 3.426 3.504 3.534 3.539 3.531 3.498 3.423 3.289 3.075 2.767 2.503 2.379 2.367 2.494 2.982 4.190 6.414 9.677 12.804 14.798 15.703 15.891 15.826 15.586 15.198 14.696 14.127 13.522 12.942 12.414 11.929 11.487 11.102 10.760 10.429 10.079 9.705 9.281 8.802 8.266 7.667 7.005 6.293 5.614 5.002 4.457 3.977 3.559 3.198 2.886 2.617 2.382 2.172
0.000 0.000 0.000 0.000 0.000 0.001 0.004 0.008 0.014 0.024 0.041 0.071 0.121 0.197 0.304 0.449 0.638 0.889 1.226 1.681 2.290 2.918 3.356 3.631 3.796 3.883 3.918 3.924 3.915 3.879 3.795 3.643 3.395 3.038 2.693 2.502 2.455 2.530 2.908 3.957 6.110 9.481 12.834 14.992 15.979 16.136 16.012 15.695 15.250 14.716 14.116 13.505 12.935 12.405 11.915 11.464 11.061 10.695 10.343 9.966 9.561 9.113 8.619 8.069 7.460 6.789 6.088 5.432 4.842 4.317 3.857 3.458 3.113 2.818 2.561 2.336 2.135
0.000 0.000 0.000 0.000 0.000 0.001 0.002 0.004 0.007 0.012 0.022 0.042 0.079 0.143 0.242 0.383 0.574 0.828 1.172 1.642 2.274 3.028 3.600 3.934 4.120 4.220 4.262 4.270 4.262 4.227 4.145 3.988 3.729 3.348 2.927 2.653 2.556 2.588 2.866 3.722 5.670 9.008 12.607 14.951 16.036 16.209 16.051 15.702 15.236 14.688 14.071 13.466 12.911 12.390 11.897 11.436 11.013 10.619 10.234 9.830 9.396 8.920 8.397 7.824 7.200 6.519 5.837 5.210 4.646 4.146 3.711 3.334 3.012 2.733 2.489 2.274 2.083
0.000 0.000 0.000 0.000 0.000 0.000 0.001 0.002 0.003 0.005 0.010 0.019 0.037 0.072 0.139 0.251 0.417 0.650 0.977 1.448 2.118 2.987 3.729 4.174 4.394 4.509 4.560 4.572 4.568 4.539 4.465 4.320 4.074 3.701 3.231 2.873 2.710 2.701 2.903 3.594 5.230 8.282 12.065 14.639 15.894 16.150 16.005 15.639 15.152 14.585 13.964 13.390 12.856 12.344 11.857 11.389 10.942 10.515 10.096 9.664 9.204 8.698 8.142 7.535 6.883 6.198 5.545 4.950 4.417 3.947 3.541 3.191 2.889 2.625 2.396 2.194 2.014
0.000 0.000 0.000 0.000 0.000 0.000 0.000 0.001 0.001 0.002 0.004 0.007 0.014 0.029 0.059 0.115 0.211 0.367 0.623 1.049 1.738 2.747 3.721 4.318 4.603 4.735 4.801 4.824 4.825 4.806 4.749 4.634 4.427 4.097 3.635 3.211 2.972 2.916 3.033 3.571 4.900 7.519 11.251 14.027 15.446 15.825 15.739 15.414 14.935 14.359 13.756 13.223 12.723 12.248 11.783 11.313 10.851 10.388 9.933 9.466 8.971 8.432 7.841 7.201 6.518 5.844 5.221 4.660 4.160 3.722 3.345 3.021 2.740 2.494 2.280 2.093 1.929
0.000 0.000 0.000 0.000 0.000 0.000 0.000 0.000 0.000 0.001 0.001 0.003 0.005 0.011 0.022 0.045 0.089 0.166 0.311 0.602 1.198 2.261 3.534 4.349 4.731 4.894 4.981 5.025 5.037 5.030 4.996 4.915 4.769 4.523 4.141 3.700 3.404 3.291 3.329 3.699 4.744 6.871 10.220 13.084 14.622 15.143 15.158 14.945 14.547 14.009 13.429 12.933 12.496 12.074 11.647 11.188 10.723 10.237 9.742 9.229 8.692 8.119 7.494 6.821 6.124 5.471 4.877 4.347 3.879 3.471 3.119 2.819 2.558 2.334 2.140 1.974 1.830
0.000 0.000 0.000 0.000 0.000 0.000 0.000 0.000 0.000 0.000 0.000 0.001 0.002 0.005 0.010 0.021 0.041 0.080 0.158 0.335 0.758 1.677 3.092 4.204 4.762 4.984 5.093 5.163 5.200 5.210 5.198 5.154 5.064 4.912 4.674 4.337 4.050 3.900 3.882 4.089 4.849 6.445 9.106 11.804 13.416 14.091 14.227 14.142 13.891 13.466 12.948 12.475 12.074 11.719 11.366 10.970 10.539 10.054 9.530 8.972 8.382 7.764 7.104 6.402 5.715 5.086 4.519 4.017 3.577 3.194 2.863 2.580 2.341 2.142 1.975 1.836 1.715
0.000 0.000 0.000 0.000 0.000 0.000 0.000 0.000 0.000 0.000 0.000 0.000 0.001 0.003 0.007 0.015 0.029 0.055 0.106 0.218 0.497 1.170 2.436 3.820 4.644 5.007 5.149 5.246 5.315 5.350 5.358 5.343 5.300 5.221 5.094 4.915 4.765 4.688 4.675 4.778 5.224 6.296 8.207 10.429 11.937 12.717 12.980 13.014 12.933 12.687 12.295 11.850 11.458 11.159 10.885 10.583 10.242 9.807 9.277 8.684 8.048 7.378 6.671 5.960 5.296 4.692 4.152 3.674 3.255 2.892 2.578 2.312 2.094 1.921 1.784 1.667 1.556
0.000 0.000 0.000 0.000 0.000 0.000 0.000 0.000 0.000 0.000 0.000 0.000 0.001 0.003 0.008 0.015 0.028 0.053 0.098 0.186 0.377 0.832 1.772 3.165 4.316 4.925 5.162 5.280 5.376 5.442 5.475 5.484 5.474 5.447 5.395 5.319 5.274 5.271 5.314 5.451 5.776 6.463 7.705 9.370 10.605 11.291 11.579 11.681 11.716 11.646 11.434 11.076 10.681 10.410 10.204 9.988 9.749 9.417 8.932 8.338 7.674 6.960 6.220 5.516 4.872 4.294 3.777 3.321 2.920 2.570 2.271 2.020 1.819 1.661 1.531 1.404 1.256
0.000 0.000 0.000 0.000 0.000 0.000 0.000 0.000 0.000 0.000 0.000 0.000 0.001 0.004 0.010 0.019 0.034 0.060 0.106 0.189 0.344 0.656 1.292 2.405 3.743 4.668 5.104 5.285 5.403 5.496 5.553 5.582 5.595 5.598 5.588 5.577 5.583 5.619 5.698 5.859 6.153 6.652 7.465 8.622 9.548 10.088 10.342 10.448 10.484 10.476 10.397 10.172 9.817 9.531 9.361 9.210 9.042 8.807 8.422 7.883 7.235 6.508 5.768 5.078 4.448 3.891 3.400 2.966 2.580 2.240 1.949 1.707 1.503 1.322 1.141 0.953 0.755
0.000 0.000 0.000 0.000 0.000 0.000 0.000 0.000 0.000 0.000 0.000 0.001 0.003 0.007 0.016 0.031 0.053 0.087 0.139 0.221 0.361 0.600 1.031 1.809 3.026 4.204 4.902 5.234 5.404 5.517 5.596 5.643 5.671 5.689 5.699 5.720 5.747 5.805 5.899 6.059 6.320 6.724 7.318 8.093 8.722 9.110 9.301 9.383 9.410 9.403 9.335 9.180 8.913 8.620 8.423 8.288 8.153 7.974 7.684 7.243 6.662 5.972 5.261 4.607 4.010 3.480 3.017 2.606 2.235 1.899 1.601 1.338 1.092 0.859 0.653 0.481 0.340
0.000 0.000 0.000 0.000 0.000 0.000 0.000 0.000 0.000 0.000 0.000 0.002 0.006 0.014 0.030 0.056 0.093 0.142 0.206 0.293 0.421 0.621 0.943 1.494 2.412 3.600 4.516 5.048 5.347 5.515 5.613 5.672 5.708 5.731 5.750 5.779 5.818 5.882 5.981 6.132 6.364 6.699 7.146 7.648 8.031 8.272 8.391 8.439 8.446 8.423 8.352 8.213 8.005 7.751 7.520 7.325 7.147 6.965 6.725 6.367 5.871 5.251 4.582 3.984 3.450 2.968 2.537 2.148 1.789 1.452 1.134 0.848 0.615 0.437 0.302 0.203 0.134
0.000 0.000 0.000 0.000 0.000 0.000 0.000 0.000 0.000 0.000 0.001 0.004 0.011 0.026 0.055 0.100 0.160 0.231 0.314 0.411 0.534 0.704 0.965 1.386 2.066 3.040 4.000 4.700 5.168 5.454 5.611 5.686 5.719 5.741 5.761 5.792 5.833 5.900 5.998 6.142 6.348 6.612 6.915 7.193 7.389 7.506 7.556 7.565 7.547 7.497 7.412 7.284 7.106 6.883 6.643 6.402 6.156 5.900 5.627 5.291 4.848 4.287 3.674 3.130 2.647 2.210 1.810 1.447 1.120 0.829 0.589 0.406 0.272 0.180 0.118 0.077 0.050
0.000 0.000 0.000 0.000 0.000 0.000 0.000 0.000 0.000 0.000 0.001 0.006 0.018 0.046 0.096 0.168 0.258 0.357 0.461 0.574 0.704 0.861 1.074 1.412 1.945 2.687 3.537 4.281 4.873 5.288 5.541 5.670 5.714 5.730 5.752 5.782 5.823 5.889 5.984 6.113 6.276 6.449 6.598 6.699 6.761 6.780 6.760 6.726 6.673 6.599 6.502 6.373 6.208 6.004 5.762 5.492 5.203 4.892 4.548 4.143 3.662 3.112 2.562 2.074 1.653 1.291 0.979 0.719 0.510 0.348 0.231 0.150 0.096 0.063 0.042 0.028 0.019
0.000 0.000 0.000 0.000 0.000 0.000 0.000 0.000 0.000 0.000 0.002 0.007 0.023 0.061 0.135 0.247 0.384 0.516 0.646 0.781 0.927 1.089 1.281 1.549 1.970 2.555 3.251 3.938 4.546 5.035 5.372 5.572 5.653 5.676 5.701 5.727 5.771 5.832 5.913 6.018 6.117 6.180 6.204 6.185 6.136 6.065 5.981 5.896 5.813 5.720 5.611 5.479 5.312 5.107 4.862 4.579 4.261 3.905 3.501 3.031 2.518 2.013 1.568 1.190 0.875 0.621 0.424 0.280 0.180 0.114 0.072 0.047 0.032 0.022 0.016 0.011 0.008
0.000 0.000 0.000 0.000 0.000 0.000 0.000 0.000 0.000 0.000 0.002 0.008 0.024 0.065 0.153 0.299 0.499 0.696 0.865 1.031 1.200 1.375 1.566 1.796 2.115 2.575 3.149 3.734 4.271 4.747 5.120 5.370 5.495 5.542 5.576 5.604 5.646 5.699 5.758 5.812 5.838 5.811 5.742 5.635 5.496 5.344 5.206 5.077 4.964 4.854 4.735 4.596 4.423 4.201 3.925 3.607 3.252 2.844 2.389 1.933 1.510 1.137 0.827 0.577 0.384 0.244 0.150 0.091 0.055 0.035 0.022 0.016 0.011 0.009 0.007 0.005 0.004
0.000 0.000 0.000 0.000 0.000 0.000 0.000 0.000 0.000 0.001 0.002 0.008 0.023 0.063 0.154 0.318 0.571 0.872 1.118 1.324 1.521 1.713 1.909 2.119 2.372 2.710 3.161 3.646 4.078 4.476 4.816 5.074 5.232 5.307 5.355 5.390 5.430 5.467 5.490 5.490 5.456 5.368 5.226 5.037 4.817 4.613 4.442 4.281 4.134 3.995 3.858 3.697 3.481 3.175 2.781 2.385 2.003 1.635 1.295 0.997 0.739 0.523 0.353 0.228 0.140 0.083 0.048 0.028 0.017 0.011 0.008 0.006 0.005 0.004 0.003 0.003 0.002
0.000 0.000 0.000 0.000 0.000 0.000 0.000 0.001 0.001 0.002 0.003 0.007 0.020 0.057 0.144 0.315 0.599 1.007 1.392 1.667 1.895 2.103 2.300 2.494 2.700 2.944 3.256 3.622 3.949 4.241 4.506 4.726 4.883 4.976 5.034 5.071 5.102 5.115 5.108 5.070 4.990 4.855 4.658 4.401 4.126 3.898 3.703 3.516 3.333 3.137 2.926 2.679 2.366 1.979 1.579 1.244 0.965 0.733 0.543 0.393 0.276 0.186 0.121 0.076 0.045 0.026 0.014 0.008 0.005 0.004 0.003 0.003 0.002 0.002 0.002 0.002 0.001
0.000 0.000 0.000 0.001 0.001 0.001 0.002 0.002 0.002 0.003 0.003 0.006 0.015 0.044 0.121 0.292 0.597 1.072 1.640 2.052 2.333 2.553 2.742 2.913 3.074 3.241 3.433 3.667 3.875 4.046 4.203 4.352 4.481 4.570 4.624 4.652 4.666 4.659 4.629 4.565 4.456 4.288 4.056 3.772 3.480 3.227 3.002 2.785 2.563 2.319 2.042 1.733 1.394 1.050 0.754 0.530 0.368 0.254 0.174 0.120 0.082 0.056 0.036 0.023 0.013 0.007 0.004 0.003 0.002 0.002 0.002 0.001 0.001 0.001 0.001 0.001 0.001
0.000 0.001 0.001 0.002 0.003 0.003 0.003 0.003 0.004 0.004 0.004 0.005 0.010 0.030 0.091 0.249 0.569 1.083 1.788 2.395 2.794 3.058 3.241 3.379 3.489 3.582 3.670 3.763 3.838 3.892 3.932 3.981 4.042 4.104 4.138 4.148 4.143 4.120 4.070 3.991 3.866 3.686 3.454 3.185 2.895 2.622 2.369 2.121 1.868 1.597 1.306 1.009 0.725 0.485 0.310 0.195 0.123 0.079 0.051 0.034 0.023 0.015 0.010 0.006 0.003 0.002 0.001 0.001 0.001 0.001 0.001 0.001 0.001 0.001 0.001 0.001 0.001
0.002 0.002 0.003 0.004 0.005 0.005 0.005 0.005 0.005 0.004 0.005 0.005 0.008 0.021 0.067 0.202 0.514 1.054 1.827 2.614 3.167 3.518 3.719 3.829 3.890 3.919 3.922 3.893 3.836 3.771 3.706 3.651 3.610 3.597 3.590 3.578 3.555 3.517 3.455 3.368 3.243 3.077 2.875 2.637 2.370 2.091 1.823 1.560 1.297 1.031 0.770 0.533 0.342 0.206 0.120 0.070 0.040 0.024 0.015 0.009 0.006 0.004 0.003 0.002 0.001 0.001 0.001 0.001 0.001 0.001 0.001 0.001 0.001 0.001 0.001 0.001 0.001
0.004 0.005 0.006 0.006 0.007 0.007 0.006 0.006 0.006 0.005 0.005 0.006 0.008 0.017 0.051 0.160 0.442 0.978 1.777 2.687 3.394 3.866 4.114 4.207 4.226 4.201 4.123 3.991 3.827 3.666 3.514 3.365 3.222 3.103 3.020 2.968 2.925 2.874 2.810 2.725 2.618 2.485 2.321 2.122 1.891 1.633 1.367 1.109 0.862 0.633 0.432 0.270 0.156 0.086 0.046 0.025 0.013 0.007 0.004 0.002 0.002 0.001 0.001 0.001 0.000 0.000 0.000 0.000 0.000 0.001 0.001 0.001 0.001 0.001 0.001 0.001 0.001
0.008 0.009 0.009 0.009 0.009 0.008 0.007 0.007 0.007 0.007 0.007 0.007 0.009 0.016 0.040 0.120 0.351 0.838 1.616 2.605 3.453 4.045 4.380 4.488 4.481 4.406 4.252 4.038 3.799 3.565 3.339 3.113 2.877 2.652 2.467 2.340 2.259 2.197 2.135 2.069 1.992 1.899 1.781 1.631 1.448 1.232 0.993 0.761 0.553 0.376 0.235 0.134 0.071 0.036 0.018 0.009 0.004 0.002 0.001 0.001 0.001 0.000 0.000 0.000 0.000 0.000 0.000 0.000 0.000 0.001 0.001 0.000 0.000 0.000 0.000 0.001 0.001
0.013 0.013 0.013 0.012 0.011 0.010 0.009 0.008 0.008 0.008 0.009 0.011 0.013 0.019 0.032 0.076 0.224 0.596 1.271 2.250 3.285 4.027 4.450 4.606 4.606 4.504 4.304 4.044 3.759 3.468 3.175 2.873 2.551 2.227 1.942 1.723 1.579 1.486 1.420 1.372 1.334 1.297 1.243 1.156 1.033 0.875 0.685 0.497 0.339 0.213 0.122 0.064 0.031 0.015 0.007 0.003 0.001 0.001 0.000 0.000 0.000 0.000 0.000 0.000 0.000 0.000 0.000 0.000 0.001 0.001 0.001 0.000 0.000 0.000 0.000 0.000 0.001
0.018 0.018 0.017 0.015 0.013 0.011 0.010 0.010 0.010 0.011 0.013 0.016 0.019 0.022 0.028 0.046 0.107 0.288 0.708 1.479 2.562 3.558 4.191 4.488 4.545 4.467 4.270 3.996 3.683 3.348 2.995 2.619 2.211 1.798 1.441 1.172 0.994 0.882 0.814 0.777 0.761 0.757 0.749 0.719 0.657 0.562 0.434 0.298 0.190 0.110 0.059 0.029 0.013 0.006 0.002 0.001 0.001 0.000 0.000 0.000 0.000 0.000 0.000 0.000 0.000 0.000 0.000 0.001 0.001 0.001 0.001 0.000 0.000 0.000 0.000 0.000 0.001
