RESULTS/r.avaflow_results/12_results/12_ascii/12_hflow_max0020.asc
ncols 506
nrows 317
xllcenter 498237.50
yllcenter 5580050.00
cellsize 12.50
NODATA_value -9999.000
[rows 170 to 203 of 317, columns 77 to 153 of 506]
0.000 0.000 0.000 0.000 0.000 0.000 0.000 0.000 0.000 0.000 0.000 0.001 0.003 0.006 0.010 0.016 0.022 0.031 0.041 0.055 0.076 0.112 0.170 0.255 0.352 0.423 0.475 0.523 0.570 0.620 0.673 0.732 0.800 0.883 0.985 1.111 1.269 1.450 1.609 1.743 1.876 2.039 2.224 2.536 3.133 3.772 4.358 4.948 5.603 6.368 7.259 8.245 9.159 9.964 10.817 12.409 15.423 19.607 24.571 29.064 34.025 38.629 41.635 42.517 42.094 41.310 40.063 38.451 36.486 34.285 32.038 29.852 28.135 27.095 26.349 25.783 25.275
0.000 0.000 0.000 0.000 0.000 0.000 0.000 0.000 0.000 0.001 0.002 0.004 0.008 0.014 0.022 0.032 0.045 0.061 0.082 0.111 0.151 0.213 0.303 0.413 0.510 0.581 0.640 0.697 0.755 0.815 0.878 0.949 1.033 1.134 1.259 1.417 1.611 1.843 2.083 2.320 2.582 2.894 3.220 3.819 4.663 5.456 6.199 6.950 7.694 8.423 9.138 9.835 10.474 11.137 12.461 15.102 17.977 22.109 26.735 31.357 36.104 40.404 43.281 44.201 43.517 42.379 41.047 39.070 36.865 34.638 32.494 30.737 29.678 28.935 28.520 28.390 28.384
0.000 0.000 0.000 0.000 0.000 0.000 0.000 0.000 0.001 0.002 0.004 0.009 0.016 0.026 0.039 0.056 0.078 0.107 0.144 0.193 0.261 0.357 0.480 0.601 0.694 0.770 0.840 0.910 0.981 1.053 1.130 1.216 1.317 1.440 1.593 1.788 2.030 2.325 2.666 3.083 3.514 4.031 4.585 5.498 6.514 7.389 8.169 8.882 9.538 10.125 10.657 11.126 11.909 12.673 13.857 16.525 19.343 23.307 27.788 31.972 36.749 40.908 43.733 44.974 44.558 43.245 41.541 39.483 37.284 35.202 33.305 31.797 30.713 30.071 29.878 30.109 30.579
0.000 0.000 0.000 0.000 0.000 0.000 0.000 0.000 0.001 0.004 0.008 0.016 0.027 0.042 0.061 0.087 0.121 0.165 0.223 0.300 0.401 0.533 0.683 0.809 0.910 1.000 1.086 1.171 1.255 1.342 1.435 1.539 1.660 1.808 1.994 2.231 2.534 2.913 3.833 4.814 5.386 5.619 6.307 7.384 8.365 9.183 9.897 10.513 11.051 11.537 12.468 13.205 13.597 13.828 14.541 16.703 19.383 23.355 27.788 31.740 36.181 40.364 43.369 44.835 44.910 44.101 42.547 40.617 38.480 36.431 34.543 32.843 31.384 30.588 30.566 31.151 31.952
0.000 0.000 0.000 0.000 0.000 0.000 0.000 0.000 0.002 0.006 0.012 0.022 0.038 0.060 0.088 0.126 0.174 0.237 0.319 0.425 0.562 0.732 0.907 1.050 1.171 1.281 1.402 1.538 1.709 1.814 1.869 1.921 2.065 2.240 2.463 2.753 3.127 3.611 5.297 6.701 7.592 7.998 8.172 9.128 10.042 10.843 11.530 12.415 13.575 14.302 14.654 14.678 14.738 14.565 14.719 16.052 18.396 22.568 27.034 30.950 35.018 39.213 42.356 44.015 44.447 44.066 42.891 41.149 39.044 36.854 34.844 33.090 31.660 30.695 30.610 31.325 32.171
0.000 0.000 0.000 0.000 0.000 0.000 0.000 0.001 0.003 0.007 0.014 0.027 0.046 0.074 0.113 0.165 0.234 0.321 0.432 0.571 0.746 0.958 1.165 1.338 1.504 1.822 2.286 2.627 2.825 2.917 2.942 2.920 2.832 2.738 3.000 3.347 3.805 4.405 6.329 8.121 9.412 10.175 10.548 11.137 11.894 12.639 13.649 15.074 16.060 16.589 16.724 16.527 15.680 15.226 15.073 15.925 17.801 21.324 25.837 29.882 33.843 37.770 40.928 42.648 43.357 43.083 42.032 40.308 38.102 35.768 33.688 31.977 30.773 30.127 30.151 30.647 31.478
0.000 0.000 0.000 0.000 0.000 0.000 0.000 0.001 0.003 0.007 0.015 0.029 0.050 0.083 0.129 0.194 0.283 0.401 0.552 0.737 0.959 1.220 1.472 1.686 2.074 2.962 3.582 3.928 4.102 4.180 4.184 4.093 3.884 3.602 3.599 4.001 4.533 5.203 6.928 9.067 10.801 12.013 12.696 13.345 14.104 14.832 16.041 17.220 18.075 18.489 18.516 18.133 17.143 15.856 15.353 15.777 17.156 20.105 24.531 28.738 32.669 36.193 39.125 40.710 41.416 40.968 39.764 37.900 35.624 33.286 31.222 29.635 28.604 28.329 28.759 29.642 30.673
0.000 0.000 0.000 0.000 0.000 0.000 0.000 0.001 0.003 0.007 0.015 0.029 0.052 0.087 0.138 0.211 0.315 0.459 0.651 0.896 1.192 1.529 1.840 2.103 2.707 4.037 4.873 5.272 5.424 5.468 5.437 5.257 4.902 4.440 4.246 4.677 5.228 5.911 7.205 9.617 11.763 13.470 14.537 15.320 16.141 17.131 18.124 18.876 19.621 19.981 19.973 19.463 18.460 17.190 15.565 15.740 16.803 19.301 23.280 27.396 31.268 34.348 36.304 37.548 37.494 36.690 35.557 33.708 31.451 29.230 27.306 26.140 25.513 25.626 26.399 27.653 29.129
0.000 0.000 0.000 0.000 0.000 0.000 0.000 0.000 0.002 0.007 0.014 0.028 0.051 0.087 0.140 0.217 0.330 0.493 0.720 1.022 1.398 1.842 2.259 2.599 3.198 4.827 5.971 6.558 6.761 6.780 6.701 6.423 5.874 5.205 4.917 5.327 5.853 6.517 7.347 9.909 12.317 14.412 15.895 16.898 17.821 18.885 19.735 20.101 20.597 20.926 20.902 20.350 19.484 18.157 16.485 15.641 16.518 18.770 22.023 25.636 29.170 31.770 33.516 34.280 33.780 32.258 30.385 28.245 26.032 24.151 22.963 22.204 22.070 22.644 23.761 25.320 27.017
0.000 0.000 0.000 0.000 0.000 0.000 0.000 0.000 0.002 0.005 0.012 0.025 0.047 0.083 0.136 0.215 0.331 0.502 0.752 1.099 1.549 2.094 2.642 3.108 3.592 5.314 6.813 7.786 8.175 8.233 8.082 7.614 6.811 5.972 5.575 5.932 6.408 7.036 7.838 9.997 12.615 14.960 16.777 17.956 18.873 19.831 20.608 20.906 21.132 21.321 21.226 20.919 20.034 18.744 17.199 15.572 16.172 18.138 20.632 23.485 26.332 28.568 29.976 30.116 29.120 27.301 25.069 22.970 21.230 19.922 18.936 18.580 18.982 19.927 21.321 23.040 24.929
0.000 0.000 0.000 0.000 0.000 0.000 0.000 0.000 0.001 0.003 0.008 0.019 0.037 0.069 0.119 0.197 0.313 0.487 0.746 1.118 1.628 2.275 2.940 3.544 4.132 5.542 7.478 8.858 9.553 9.689 9.504 8.851 7.812 6.860 6.179 6.476 6.886 7.452 8.202 9.875 12.691 15.208 17.215 18.582 19.355 20.108 20.764 21.045 21.240 21.356 21.362 21.031 20.219 19.053 17.619 16.043 15.687 17.230 19.134 20.942 23.089 24.865 25.656 25.288 23.964 22.156 20.400 18.812 17.309 15.994 15.302 15.346 16.108 17.341 18.859 20.613 22.538
0.000 0.000 0.000 0.000 0.000 0.000 0.000 0.000 0.000 0.001 0.004 0.009 0.021 0.043 0.082 0.147 0.250 0.413 0.672 1.068 1.627 2.372 3.157 3.864 4.601 5.499 7.896 9.610 10.726 11.057 10.909 10.218 9.044 8.009 7.195 6.981 7.312 7.799 8.477 9.658 12.538 15.190 17.325 18.800 19.543 20.048 20.473 20.864 21.017 21.161 21.131 20.827 20.103 19.043 17.733 16.232 15.045 15.995 17.338 18.373 19.900 20.956 21.020 20.125 18.808 17.519 16.150 14.761 13.494 12.507 12.076 12.365 13.208 14.469 16.016 17.786 19.639
0.000 0.000 0.000 0.000 0.000 0.000 0.000 0.000 0.000 0.001 0.001 0.004 0.009 0.020 0.041 0.081 0.149 0.267 0.495 0.896 1.522 2.382 3.287 4.064 4.942 5.783 8.006 10.154 11.539 12.219 12.271 11.795 10.719 9.526 8.617 7.843 7.694 8.094 8.703 9.554 12.272 14.938 17.202 18.673 19.475 19.742 20.088 20.268 20.330 20.249 20.173 19.954 19.409 18.628 17.488 16.000 14.482 14.478 15.273 15.999 16.630 17.132 16.645 15.669 14.606 13.415 12.199 11.070 10.069 9.406 9.171 9.501 10.253 11.341 12.757 14.453 16.261
0.000 0.000 0.000 0.000 0.000 0.000 0.000 0.000 0.000 0.000 0.001 0.001 0.003 0.007 0.016 0.034 0.069 0.135 0.283 0.625 1.277 2.265 3.329 4.151 5.137 6.144 7.875 10.497 12.182 13.131 13.552 13.424 12.739 11.582 10.473 9.557 8.770 8.381 8.908 9.669 11.937 14.592 16.790 18.244 19.034 19.468 19.570 19.518 19.474 19.265 19.020 18.510 17.879 17.182 16.400 15.253 13.880 13.139 13.268 13.555 13.594 13.662 13.105 12.267 11.189 10.096 9.027 8.055 7.254 6.751 6.580 6.754 7.322 8.205 9.446 10.995 12.665
0.000 0.000 0.000 0.000 0.000 0.000 0.000 0.000 0.000 0.000 0.000 0.000 0.001 0.003 0.006 0.014 0.030 0.068 0.165 0.410 0.981 2.000 3.249 4.181 5.208 6.370 7.728 10.575 12.830 13.973 14.668 14.897 14.640 13.909 12.887 11.827 10.858 10.073 9.571 9.738 11.549 14.152 16.240 17.636 18.406 18.948 19.088 19.000 18.699 18.279 17.796 17.208 16.544 15.691 14.871 14.096 13.151 12.322 11.915 11.689 11.298 10.917 10.324 9.520 8.579 7.615 6.665 5.792 5.096 4.629 4.398 4.375 4.697 5.346 6.349 7.727 9.185
0.000 0.000 0.000 0.000 0.000 0.000 0.000 0.000 0.000 0.000 0.000 0.000 0.001 0.001 0.004 0.009 0.021 0.048 0.116 0.298 0.746 1.668 3.001 4.120 5.189 6.460 7.844 10.172 13.249 14.848 15.634 16.112 16.217 15.872 15.153 14.206 13.296 12.548 11.967 11.620 11.489 13.634 15.571 16.905 17.740 18.229 18.371 18.259 17.841 17.229 16.474 15.618 14.756 13.896 13.308 12.724 12.229 11.670 11.029 10.369 9.571 8.739 8.062 7.337 6.545 5.728 4.900 4.137 3.528 3.183 2.913 2.784 2.863 3.236 3.973 5.240 6.334
0.000 0.000 0.000 0.000 0.000 0.000 0.000 0.000 0.000 0.000 0.000 0.000 0.000 0.001 0.004 0.009 0.020 0.046 0.111 0.296 0.682 1.348 2.584 3.910 5.075 6.446 7.976 9.797 13.128 15.462 16.486 17.133 17.443 17.331 16.934 16.231 15.493 14.854 14.279 13.776 13.367 13.324 14.744 15.952 16.876 17.296 17.340 17.152 16.660 15.904 14.946 14.087 13.309 12.620 12.127 11.588 11.203 10.801 10.224 9.373 8.261 7.014 6.293 5.598 4.922 4.249 3.569 3.109 2.737 2.458 2.217 2.204 2.325 2.574 2.973 3.669 4.332
0.000 0.000 0.000 0.000 0.000 0.000 0.000 0.000 0.000 0.000 0.000 0.000 0.000 0.002 0.004 0.010 0.022 0.064 0.195 0.505 1.101 1.977 2.878 3.738 4.826 6.328 8.004 9.722 12.289 15.412 17.015 17.956 18.446 18.554 18.335 17.824 17.179 16.555 15.909 15.281 14.774 14.275 13.787 14.887 15.707 16.032 16.015 15.730 15.115 14.287 13.603 12.833 11.981 11.386 10.867 10.372 9.820 9.609 9.130 8.350 7.135 5.618 4.926 4.277 3.676 3.117 2.869 2.574 2.302 2.074 2.003 1.974 2.014 2.147 2.371 2.610 2.780
0.000 0.000 0.000 0.000 0.000 0.000 0.000 0.000 0.000 0.000 0.000 0.000 0.001 0.003 0.006 0.014 0.032 0.108 0.323 0.802 1.645 2.682 3.583 4.382 5.271 6.322 7.930 9.690 11.365 14.309 16.777 18.163 19.170 19.529 19.460 19.095 18.466 17.705 16.997 16.289 15.573 14.861 13.945 13.616 14.228 14.383 14.276 13.904 13.329 12.845 12.238 11.472 10.706 10.000 9.413 8.891 8.349 8.008 7.685 7.029 5.903 4.454 3.843 3.285 2.769 2.619 2.436 2.235 2.046 1.929 1.838 1.781 1.773 1.834 1.921 1.977 2.012
0.000 0.000 0.000 0.000 0.000 0.000 0.000 0.000 0.000 0.000 0.000 0.000 0.002 0.005 0.011 0.023 0.052 0.168 0.471 1.125 2.232 3.430 4.329 5.132 5.987 6.919 7.713 9.477 11.039 12.268 15.445 17.655 19.113 19.710 19.768 19.643 19.232 18.473 17.642 16.860 15.958 14.804 13.415 12.140 12.485 12.534 12.382 12.076 11.759 11.348 10.757 10.014 9.371 8.603 7.943 7.373 6.799 6.203 5.932 5.398 4.446 3.459 2.940 2.480 2.390 2.293 2.136 1.972 1.864 1.769 1.676 1.614 1.586 1.621 1.660 1.656 1.632
0.000 0.000 0.000 0.000 0.000 0.000 0.000 0.000 0.000 0.000 0.000 0.000 0.003 0.007 0.017 0.034 0.080 0.240 0.636 1.458 2.816 4.166 5.092 5.902 6.781 7.501 8.028 8.795 10.342 11.425 13.020 15.970 17.933 19.167 19.520 19.507 19.186 18.428 17.412 16.365 15.192 13.790 11.792 10.667 10.769 10.765 10.670 10.473 10.145 9.695 9.150 8.610 8.013 7.353 6.703 6.105 5.515 4.915 4.290 3.711 3.097 2.596 2.216 2.221 2.213 2.128 1.939 1.762 1.673 1.610 1.540 1.482 1.477 1.510 1.523 1.514 1.502
0.000 0.000 0.000 0.000 0.000 0.000 0.000 0.000 0.000 0.000 0.000 0.001 0.003 0.009 0.020 0.040 0.115 0.326 0.819 1.799 3.377 4.896 5.887 6.692 7.490 8.069 8.355 8.611 9.090 10.429 11.380 13.178 15.716 17.082 17.541 17.420 16.794 15.736 14.549 13.423 12.300 10.809 9.334 9.220 9.214 9.175 9.063 8.849 8.516 8.038 7.588 7.185 6.722 6.191 5.626 5.053 4.477 3.899 3.321 2.785 2.307 2.177 2.198 2.189 2.149 2.037 1.837 1.661 1.555 1.491 1.446 1.420 1.448 1.474 1.473 1.456 1.436
0.000 0.000 0.000 0.000 0.000 0.000 0.000 0.000 0.000 0.000 0.000 0.001 0.003 0.009 0.021 0.052 0.163 0.453 1.112 2.371 4.105 5.560 6.669 7.456 8.065 8.469 8.607 8.640 8.727 9.102 10.061 10.834 12.301 13.360 13.656 13.106 11.803 10.850 10.007 9.162 8.963 8.588 7.901 7.712 7.632 7.566 7.472 7.294 7.019 6.618 6.215 5.913 5.545 5.118 4.644 4.140 3.618 3.097 2.588 2.115 2.107 2.184 2.199 2.181 2.117 1.974 1.759 1.604 1.511 1.441 1.400 1.412 1.464 1.491 1.478 1.443 1.389
0.000 0.000 0.000 0.000 0.000 0.000 0.000 0.000 0.000 0.000 0.000 0.001 0.003 0.009 0.022 0.079 0.245 0.662 1.549 3.133 5.195 6.586 7.333 7.990 8.430 8.635 8.658 8.642 8.608 8.565 9.156 9.839 10.126 10.091 9.699 9.120 8.721 8.619 8.515 8.384 8.222 7.822 7.200 6.675 6.249 5.968 5.910 5.777 5.580 5.287 5.020 4.785 4.495 4.146 3.746 3.312 2.864 2.423 1.992 2.007 2.121 2.178 2.193 2.181 2.102 1.935 1.710 1.560 1.479 1.431 1.421 1.450 1.510 1.532 1.499 1.455 1.368
0.000 0.000 0.000 0.000 0.000 0.000 0.000 0.000 0.000 0.000 0.000 0.000 0.003 0.009 0.035 0.120 0.362 0.940 2.094 4.020 6.283 7.764 8.480 8.794 8.902 8.874 8.651 8.563 8.324 7.973 8.228 8.767 9.111 9.017 8.557 8.026 8.025 7.978 7.934 7.817 7.617 7.242 6.732 6.281 5.828 5.302 4.709 4.325 4.228 4.119 3.979 3.796 3.563 3.271 2.932 2.559 2.186 1.824 1.825 1.975 2.102 2.159 2.174 2.156 2.069 1.875 1.657 1.529 1.466 1.459 1.481 1.526 1.574 1.582 1.542 1.475 1.373
0.000 0.000 0.000 0.000 0.000 0.000 0.000 0.000 0.000 0.000 0.000 0.000 0.003 0.014 0.055 0.184 0.531 1.310 2.765 5.044 7.357 8.719 9.282 9.428 9.408 9.202 8.938 8.485 7.872 7.214 7.010 7.359 7.404 7.196 7.343 7.440 7.482 7.498 7.462 7.382 7.201 6.909 6.510 5.989 5.404 4.782 4.104 3.343 3.266 3.184 3.077 2.932 2.737 2.489 2.195 1.875 1.568 1.648 1.803 1.967 2.085 2.134 2.151 2.122 2.015 1.799 1.614 1.522 1.504 1.530 1.580 1.627 1.654 1.646 1.593 1.516 1.407
0.000 0.000 0.000 0.000 0.000 0.000 0.000 0.000 0.000 0.000 0.000 0.001 0.005 0.023 0.088 0.283 0.775 1.809 3.599 6.082 8.161 9.279 9.705 9.773 9.663 9.450 9.029 8.422 7.673 6.802 5.678 5.756 6.388 6.697 6.877 7.009 7.043 7.035 7.035 7.015 6.919 6.701 6.322 5.743 5.034 4.309 3.578 2.791 2.449 2.382 2.291 2.168 2.002 1.788 1.528 1.419 1.516 1.683 1.836 1.978 2.082 2.115 2.124 2.087 1.947 1.727 1.596 1.549 1.571 1.644 1.712 1.751 1.766 1.746 1.668 1.570 1.466
0.000 0.000 0.000 0.000 0.000 0.000 0.000 0.000 0.000 0.000 0.000 0.001 0.008 0.039 0.144 0.441 1.126 2.443 4.542 6.995 8.682 9.465 9.762 9.822 9.794 9.527 8.966 8.184 7.099 5.605 5.123 5.648 6.207 6.557 6.708 6.761 6.737 6.708 6.712 6.748 6.717 6.521 6.106 5.507 4.763 3.953 3.157 2.403 1.750 1.678 1.590 1.586 1.571 1.518 1.442 1.418 1.539 1.740 1.907 2.022 2.101 2.122 2.109 2.031 1.856 1.684 1.606 1.603 1.660 1.791 1.880 1.916 1.912 1.869 1.785 1.687 1.573
0.000 0.000 0.000 0.000 0.000 0.000 0.000 0.000 0.000 0.000 0.000 0.003 0.015 0.063 0.227 0.671 1.612 3.219 5.469 7.584 8.905 9.474 9.652 9.765 9.716 9.354 8.568 7.354 5.680 4.740 5.160 5.658 6.054 6.323 6.530 6.554 6.525 6.503 6.520 6.557 6.537 6.327 5.861 5.199 4.457 3.676 2.873 2.118 1.647 1.558 1.550 1.556 1.549 1.497 1.423 1.426 1.579 1.800 1.976 2.091 2.150 2.159 2.117 2.003 1.818 1.700 1.686 1.705 1.826 1.977 2.066 2.100 2.090 2.029 1.946 1.833 1.701
0.000 0.000 0.000 0.000 0.000 0.000 0.000 0.000 0.000 0.000 0.001 0.006 0.026 0.103 0.350 0.979 2.222 4.111 6.219 7.882 8.919 9.388 9.530 9.551 9.380 8.795 7.626 5.949 4.763 4.698 5.192 5.647 5.934 6.101 6.248 6.294 6.309 6.357 6.420 6.431 6.341 6.070 5.575 4.919 4.173 3.387 2.630 1.891 1.595 1.558 1.576 1.578 1.556 1.505 1.427 1.454 1.632 1.866 2.045 2.163 2.222 2.230 2.170 2.018 1.842 1.810 1.801 1.856 2.034 2.205 2.280 2.293 2.273 2.217 2.113 1.977 1.834
0.000 0.000 0.001 0.001 0.001 0.001 0.001 0.001 0.001 0.001 0.004 0.013 0.048 0.171 0.530 1.376 2.926 4.990 6.759 8.031 8.824 9.182 9.364 9.307 8.920 8.037 6.591 5.068 4.306 4.675 5.235 5.651 5.886 5.971 6.024 6.044 6.092 6.257 6.341 6.325 6.160 5.783 5.266 4.659 3.938 3.160 2.416 1.678 1.551 1.546 1.598 1.605 1.584 1.525 1.457 1.490 1.700 1.938 2.114 2.231 2.290 2.284 2.231 2.066 1.938 1.918 1.949 2.076 2.276 2.427 2.496 2.493 2.439 2.351 2.238 2.088 1.914
0.002 0.002 0.002 0.002 0.003 0.003 0.003 0.003 0.003 0.004 0.009 0.026 0.084 0.270 0.768 1.838 3.638 5.699 7.155 8.128 8.706 8.947 9.085 8.975 8.384 7.157 5.592 4.404 4.204 4.652 5.215 5.653 5.875 5.931 5.948 5.929 5.994 6.115 6.199 6.147 5.904 5.467 4.972 4.414 3.703 2.960 2.221 1.613 1.522 1.548 1.607 1.618 1.600 1.531 1.459 1.511 1.762 2.017 2.188 2.301 2.349 2.330 2.264 2.111 2.059 2.066 2.153 2.370 2.535 2.628 2.677 2.666 2.571 2.457 2.313 2.121 1.908
0.004 0.004 0.005 0.005 0.005 0.005 0.005 0.005 0.006 0.009 0.021 0.051 0.142 0.407 1.059 2.324 4.296 6.297 7.489 8.128 8.474 8.707 8.713 8.428 7.543 6.017 4.657 3.894 4.141 4.623 5.179 5.625 5.893 5.988 5.998 5.987 5.988 6.007 6.001 5.867 5.519 5.061 4.708 4.142 3.501 2.793 2.021 1.575 1.513 1.559 1.624 1.631 1.613 1.540 1.460 1.533 1.812 2.093 2.279 2.389 2.428 2.394 2.300 2.180 2.179 2.242 2.437 2.636 2.752 2.798 2.798 2.749 2.677 2.523 2.318 2.074 1.771
0.007 0.007 0.007 0.007 0.007 0.007 0.008 0.008 0.009 0.019 0.042 0.094 0.231 0.589 1.410 2.880 4.923 6.767 7.818 8.215 8.314 8.400 8.324 7.807 6.554 4.995 3.951 3.675 4.049 4.595 5.205 5.675 5.961 6.053 6.068 6.044 6.003 5.976 5.894 5.652 5.257 4.954 4.569 3.908 3.287 2.597 1.786 1.526 1.491 1.560 1.638 1.643 1.624 1.547 1.461 1.572 1.865 2.177 2.400 2.506 2.524 2.463 2.358 2.288 2.312 2.444 2.689 2.835 2.893 2.902 2.862 2.805 2.698 2.521 2.233 1.849 1.355
