RESULTS/r.avaflow_results/12_results/12_ascii/12_hflow30060.asc
ncols 506
nrows 317
xllcenter 498237.50
yllcenter 5580050.00
cellsize 12.50
NODATA_value -9999.000
[rows 136 to 169 of 317, columns 154 to 230 of 506]
0.000 0.000 0.000 0.000 0.000 0.000 0.000 0.000 0.000 0.000 0.000 0.000 0.000 0.000 0.000 0.000 0.000 0.000 0.000 0.000 0.000 0.000 0.000 0.000 0.000 0.000 0.000 0.000 0.000 0.000 0.000 0.000 0.000 0.000 0.000 0.000 0.000 0.000 0.000 0.000 0.000 0.000 0.000 0.000 0.000 0.000 0.000 0.000 0.000 0.000 0.000 0.000 0.000 0.000 0.000 0.000 0.000 0.000 0.000 0.000 0.000 0.000 0.000 0.000 0.000 0.000 0.000 0.000 0.000 0.000 0.000 0.000 0.000 0.000 0.000 0.000 0.000
0.000 0.000 0.000 0.000 0.000 0.000 0.000 0.000 0.000 0.000 0.000 0.000 0.000 0.000 0.000 0.000 0.000 0.000 0.000 0.000 0.000 0.000 0.000 0.000 0.000 0.000 0.000 0.000 0.000 0.000 0.000 0.000 0.000 0.000 0.000 0.000 0.000 0.000 0.000 0.000 0.000 0.000 0.000 0.000 0.000 0.000 0.000 0.000 0.000 0.000 0.000 0.000 0.000 0.000 0.000 0.000 0.000 0.000 0.000 0.000 0.000 0.000 0.000 0.000 0.000 0.000 0.000 0.000 0.000 0.000 0.000 0.000 0.000 0.000 0.000 0.000 0.000
0.000 0.000 0.000 0.000 0.000 0.000 0.000 0.000 0.000 0.000 0.000 0.000 0.000 0.000 0.000 0.000 0.000 0.000 0.000 0.000 0.000 0.000 0.000 0.000 0.000 0.000 0.000 0.000 0.000 0.000 0.000 0.000 0.000 0.000 0.000 0.000 0.000 0.000 0.000 0.000 0.000 0.000 0.000 0.000 0.000 0.000 0.000 0.000 0.000 0.000 0.000 0.000 0.000 0.000 0.000 0.000 0.000 0.000 0.000 0.000 0.000 0.000 0.000 0.000 0.000 0.000 0.000 0.000 0.000 0.000 0.000 0.000 0.000 0.000 0.000 0.000 0.000
0.000 0.000 0.000 0.000 0.000 0.000 0.000 0.000 0.000 0.000 0.000 0.000 0.000 0.000 0.000 0.000 0.000 0.000 0.000 0.000 0.000 0.000 0.000 0.000 0.000 0.000 0.000 0.000 0.000 0.000 0.000 0.000 0.000 0.000 0.000 0.000 0.000 0.000 0.000 0.000 0.000 0.000 0.000 0.000 0.000 0.000 0.000 0.000 0.000 0.000 0.000 0.000 0.000 0.000 0.000 0.000 0.000 0.000 0.000 0.000 0.000 0.000 0.000 0.000 0.000 0.000 0.000 0.000 0.000 0.000 0.000 0.000 0.000 0.000 0.000 0.000 0.000
0.000 0.000 0.000 0.000 0.000 0.000 0.000 0.000 0.000 0.000 0.000 0.000 0.000 0.000 0.000 0.000 0.000 0.000 0.000 0.000 0.000 0.000 0.000 0.000 0.000 0.000 0.000 0.000 0.000 0.000 0.000 0.000 0.000 0.000 0.000 0.000 0.000 0.000 0.000 0.000 0.000 0.000 0.000 0.000 0.000 0.000 0.000 0.000 0.000 0.000 0.000 0.000 0.000 0.000 0.000 0.000 0.000 0.000 0.000 0.000 0.000 0.000 0.000 0.000 0.000 0.000 0.000 0.000 0.000 0.000 0.000 0.000 0.000 0.000 0.000 0.000 0.000
0.000 0.000 0.000 0.000 0.000 0.000 0.000 0.000 0.000 0.000 0.000 0.000 0.000 0.000 0.000 0.000 0.000 0.000 0.000 0.000 0.000 0.000 0.000 0.000 0.000 0.000 0.000 0.000 0.000 0.000 0.000 0.000 0.000 0.000 0.000 0.000 0.000 0.000 0.000 0.000 0.000 0.000 0.000 0.000 0.000 0.000 0.000 0.000 0.000 0.000 0.000 0.000 0.000 0.000 0.000 0.000 0.000 0.000 0.000 0.000 0.000 0.000 0.000 0.000 0.000 0.000 0.000 0.000 0.000 0.000 0.000 0.000 0.000 0.000 0.000 0.000 0.000
0.000 0.000 0.000 0.000 0.000 0.000 0.000 0.000 0.000 0.000 0.000 0.000 0.000 0.000 0.000 0.000 0.000 0.000 0.000 0.000 0.000 0.000 0.000 0.000 0.000 0.000 0.000 0.000 0.000 0.000 0.000 0.000 0.000 0.000 0.000 0.000 0.000 0.000 0.000 0.000 0.000 0.000 0.000 0.000 0.000 0.000 0.000 0.000 0.000 0.000 0.000 0.000 0.000 0.000 0.000 0.000 0.000 0.000 0.000 0.000 0.000 0.000 0.000 0.000 0.000 0.000 0.000 0.000 0.000 0.000 0.000 0.000 0.000 0.000 0.000 0.000 0.000
0.000 0.000 0.000 0.000 0.000 0.000 0.000 0.000 0.000 0.000 0.000 0.000 0.000 0.000 0.000 0.000 0.000 0.000 0.000 0.000 0.000 0.000 0.000 0.000 0.000 0.000 0.000 0.000 0.000 0.000 0.000 0.000 0.000 0.000 0.000 0.000 0.000 0.000 0.000 0.000 0.000 0.000 0.000 0.000 0.000 0.000 0.000 0.000 0.000 0.000 0.000 0.000 0.000 0.000 0.000 0.000 0.000 0.000 0.000 0.000 0.000 0.000 0.000 0.000 0.000 0.000 0.000 0.000 0.000 0.000 0.000 0.000 0.000 0.000 0.000 0.000 0.000
0.000 0.000 0.000 0.000 0.000 0.000 0.000 0.000 0.000 0.000 0.000 0.000 0.000 0.000 0.000 0.000 0.000 0.000 0.000 0.000 0.000 0.000 0.000 0.000 0.000 0.000 0.000 0.000 0.000 0.000 0.000 0.000 0.000 0.000 0.000 0.000 0.000 0.000 0.000 0.000 0.000 0.000 0.000 0.000 0.000 0.000 0.000 0.000 0.000 0.000 0.000 0.000 0.000 0.000 0.000 0.000 0.000 0.000 0.000 0.000 0.000 0.000 0.000 0.000 0.000 0.000 0.000 0.000 0.000 0.000 0.000 0.000 0.000 0.000 0.000 0.000 0.000
0.000 0.000 0.000 0.000 0.000 0.000 0.000 0.000 0.000 0.000 0.000 0.000 0.000 0.000 0.000 0.000 0.000 0.000 0.000 0.000 0.000 0.000 0.000 0.000 0.000 0.000 0.000 0.000 0.000 0.000 0.000 0.000 0.000 0.000 0.000 0.000 0.000 0.000 0.000 0.000 0.000 0.000 0.000 0.000 0.000 0.000 0.000 0.000 0.000 0.000 0.000 0.000 0.000 0.000 0.000 0.000 0.000 0.000 0.000 0.000 0.000 0.000 0.000 0.000 0.000 0.000 0.000 0.000 0.000 0.000 0.000 0.000 0.000 0.000 0.000 0.000 0.000
0.000 0.000 0.000 0.000 0.000 0.000 0.000 0.000 0.000 0.000 0.000 0.000 0.000 0.000 0.000 0.000 0.000 0.000 0.000 0.000 0.000 0.000 0.000 0.000 0.000 0.000 0.000 0.000 0.000 0.000 0.000 0.000 0.000 0.000 0.000 0.000 0.000 0.000 0.000 0.000 0.000 0.000 0.000 0.000 0.000 0.000 0.000 0.000 0.000 0.000 0.000 0.000 0.000 0.000 0.000 0.000 0.000 0.000 0.000 0.000 0.000 0.000 0.000 0.000 0.000 0.000 0.000 0.000 0.000 0.000 0.000 0.000 0.000 0.000 0.000 0.000 0.000
0.000 0.000 0.000 0.000 0.000 0.000 0.000 0.000 0.000 0.000 0.000 0.000 0.000 0.000 0.000 0.000 0.000 0.000 0.000 0.000 0.000 0.000 0.000 0.000 0.000 0.000 0.000 0.000 0.000 0.000 0.000 0.000 0.000 0.000 0.000 0.000 0.000 0.000 0.000 0.000 0.000 0.000 0.000 0.000 0.000 0.000 0.000 0.000 0.000 0.000 0.000 0.000 0.000 0.000 0.000 0.000 0.000 0.000 0.000 0.000 0.000 0.000 0.000 0.000 0.000 0.000 0.000 0.000 0.000 0.000 0.000 0.000 0.000 0.000 0.000 0.000 0.000
0.000 0.000 0.000 0.000 0.000 0.000 0.000 0.000 0.000 0.000 0.000 0.000 0.000 0.000 0.000 0.000 0.000 0.000 0.000 0.000 0.000 0.000 0.000 0.000 0.000 0.000 0.000 0.000 0.000 0.000 0.000 0.000 0.000 0.000 0.000 0.000 0.000 0.000 0.000 0.000 0.000 0.000 0.000 0.000 0.000 0.000 0.000 0.000 0.000 0.000 0.000 0.000 0.000 0.000 0.000 0.000 0.000 0.000 0.000 0.000 0.000 0.000 0.000 0.000 0.000 0.000 0.000 0.000 0.000 0.000 0.000 0.000 0.000 0.000 0.000 0.000 0.000
0.000 0.000 0.000 0.000 0.000 0.000 0.000 0.000 0.000 0.000 0.000 0.000 0.000 0.000 0.000 0.000 0.000 0.000 0.000 0.000 0.000 0.000 0.000 0.000 0.000 0.000 0.000 0.000 0.000 0.000 0.000 0.000 0.000 0.000 0.000 0.000 0.000 0.000 0.000 0.000 0.000 0.000 0.000 0.000 0.000 0.000 0.000 0.000 0.000 0.000 0.000 0.000 0.000 0.000 0.000 0.000 0.000 0.000 0.000 0.000 0.000 0.000 0.000 0.000 0.000 0.000 0.000 0.000 0.000 0.000 0.000 0.000 0.000 0.000 0.000 0.000 0.000
0.001 0.001 0.001 0.001 0.001 0.000 0.000 0.000 0.000 0.000 0.000 0.000 0.000 0.000 0.000 0.000 0.000 0.000 0.000 0.000 0.000 0.000 0.000 0.000 0.000 0.000 0.000 0.000 0.000 0.000 0.000 0.000 0.000 0.000 0.000 0.000 0.000 0.000 0.000 0.000 0.000 0.000 0.000 0.000 0.000 0.000 0.001 0.001 0.001 0.001 0.001 0.001 0.001 0.001 0.001 0.001 0.001 0.001 0.001 0.001 0.001 0.001 0.001 0.001 0.001 0.001 0.001 0.001 0.001 0.001 0.001 0.001 0.001 0.000 0.000 0.000 0.000
0.002 0.002 0.002 0.002 0.001 0.001 0.001 0.001 0.001 0.001 0.000 0.000 0.000 0.000 0.000 0.000 0.000 0.000 0.000 0.000 0.000 0.000 0.000 0.000 0.000 0.000 0.000 0.000 0.000 0.000 0.000 0.000 0.000 0.000 0.000 0.000 0.000 0.000 0.000 0.000 0.000 0.000 0.000 0.001 0.001 0.001 0.002 0.002 0.003 0.003 0.003 0.003 0.003 0.003 0.003 0.003 0.003 0.003 0.003 0.003 0.003 0.003 0.003 0.003 0.003 0.003 0.003 0.003 0.002 0.002 0.002 0.002 0.002 0.001 0.001 0.001 0.001
0.003 0.003 0.003 0.003 0.002 0.002 0.002 0.002 0.001 0.001 0.001 0.001 0.001 0.001 0.001 0.001 0.000 0.000 0.000 0.000 0.000 0.000 0.000 0.000 0.000 0.000 0.000 0.000 0.000 0.000 0.000 0.000 0.000 0.000 0.000 0.000 0.000 0.000 0.000 0.000 0.000 0.001 0.001 0.002 0.002 0.003 0.004 0.004 0.005 0.005 0.005 0.005 0.005 0.005 0.005 0.005 0.005 0.005 0.005 0.004 0.004 0.004 0.004 0.004 0.004 0.004 0.004 0.004 0.004 0.004 0.004 0.003 0.003 0.002 0.002 0.001 0.001
0.005 0.005 0.005 0.004 0.004 0.003 0.003 0.003 0.003 0.002 0.002 0.002 0.002 0.002 0.002 0.001 0.001 0.001 0.001 0.001 0.001 0.001 0.001 0.001 0.000 0.000 0.000 0.000 0.000 0.000 0.000 0.000 0.000 0.000 0.000 0.000 0.000 0.000 0.000 0.001 0.001 0.002 0.002 0.003 0.004 0.005 0.006 0.007 0.007 0.008 0.008 0.008 0.008 0.008 0.008 0.008 0.007 0.007 0.007 0.007 0.007 0.007 0.007 0.007 0.007 0.007 0.007 0.007 0.007 0.006 0.006 0.005 0.005 0.004 0.003 0.002 0.002
0.008 0.007 0.007 0.006 0.005 0.005 0.004 0.004 0.004 0.004 0.003 0.003 0.003 0.003 0.003 0.003 0.002 0.002 0.002 0.002 0.002 0.002 0.001 0.001 0.001 0.001 0.001 0.001 0.000 0.000 0.000 0.000 0.000 0.000 0.000 0.001 0.001 0.001 0.001 0.002 0.002 0.003 0.004 0.005 0.006 0.008 0.009 0.010 0.011 0.011 0.011 0.012 0.012 0.012 0.011 0.011 0.011 0.010 0.010 0.010 0.009 0.009 0.009 0.009 0.009 0.010 0.010 0.010 0.010 0.009 0.009 0.008 0.007 0.005 0.005 0.004 0.003
0.012 0.011 0.009 0.008 0.007 0.007 0.006 0.006 0.006 0.005 0.005 0.005 0.005 0.004 0.004 0.004 0.004 0.004 0.003 0.003 0.003 0.003 0.003 0.002 0.002 0.002 0.002 0.002 0.001 0.001 0.001 0.001 0.001 0.001 0.002 0.002 0.002 0.002 0.003 0.003 0.004 0.005 0.006 0.008 0.009 0.011 0.012 0.014 0.015 0.016 0.016 0.016 0.016 0.016 0.016 0.016 0.015 0.015 0.014 0.013 0.013 0.013 0.013 0.013 0.013 0.014 0.014 0.014 0.014 0.013 0.012 0.011 0.009 0.008 0.006 0.005 0.005
0.020 0.016 0.013 0.011 0.010 0.009 0.008 0.008 0.008 0.007 0.007 0.007 0.007 0.006 0.006 0.006 0.006 0.006 0.005 0.005 0.005 0.004 0.004 0.004 0.004 0.003 0.003 0.003 0.003 0.003 0.003 0.003 0.003 0.003 0.003 0.003 0.004 0.004 0.005 0.006 0.007 0.008 0.009 0.011 0.012 0.014 0.017 0.019 0.020 0.021 0.022 0.023 0.023 0.023 0.022 0.022 0.021 0.020 0.020 0.019 0.018 0.018 0.018 0.018 0.018 0.019 0.020 0.020 0.020 0.019 0.017 0.014 0.012 0.010 0.008 0.007 0.006
0.038 0.027 0.020 0.016 0.014 0.012 0.011 0.011 0.010 0.010 0.010 0.009 0.009 0.009 0.009 0.008 0.008 0.008 0.007 0.007 0.007 0.006 0.006 0.006 0.005 0.005 0.005 0.005 0.005 0.005 0.005 0.005 0.005 0.005 0.005 0.006 0.006 0.007 0.007 0.008 0.010 0.011 0.013 0.014 0.017 0.019 0.022 0.025 0.027 0.029 0.030 0.031 0.032 0.032 0.032 0.031 0.030 0.029 0.028 0.027 0.026 0.026 0.025 0.025 0.026 0.028 0.030 0.030 0.030 0.028 0.024 0.019 0.015 0.013 0.011 0.009 0.008
0.087 0.055 0.036 0.026 0.020 0.017 0.015 0.014 0.014 0.013 0.013 0.013 0.012 0.012 0.012 0.011 0.011 0.011 0.010 0.010 0.009 0.009 0.008 0.008 0.008 0.007 0.007 0.007 0.007 0.007 0.007 0.007 0.007 0.008 0.008 0.008 0.009 0.010 0.011 0.012 0.013 0.015 0.017 0.019 0.021 0.024 0.028 0.032 0.035 0.038 0.041 0.043 0.044 0.045 0.045 0.045 0.044 0.043 0.041 0.040 0.039 0.038 0.037 0.038 0.039 0.044 0.048 0.049 0.048 0.044 0.035 0.026 0.020 0.016 0.013 0.011 0.010
0.218 0.132 0.078 0.049 0.035 0.027 0.023 0.020 0.019 0.018 0.017 0.017 0.016 0.016 0.015 0.015 0.014 0.014 0.014 0.013 0.013 0.012 0.011 0.011 0.010 0.010 0.010 0.010 0.010 0.010 0.010 0.010 0.010 0.011 0.011 0.012 0.012 0.013 0.015 0.016 0.018 0.020 0.022 0.025 0.027 0.031 0.035 0.040 0.045 0.050 0.055 0.059 0.063 0.066 0.067 0.067 0.066 0.065 0.063 0.061 0.059 0.058 0.058 0.059 0.063 0.073 0.081 0.084 0.083 0.074 0.056 0.037 0.027 0.020 0.017 0.014 0.012
0.491 0.311 0.183 0.108 0.069 0.049 0.038 0.031 0.028 0.026 0.025 0.024 0.023 0.022 0.021 0.020 0.019 0.019 0.018 0.017 0.017 0.016 0.015 0.014 0.014 0.014 0.013 0.013 0.013 0.013 0.014 0.014 0.014 0.014 0.015 0.016 0.017 0.018 0.019 0.021 0.023 0.026 0.029 0.032 0.035 0.039 0.045 0.051 0.058 0.066 0.075 0.084 0.091 0.097 0.100 0.102 0.101 0.101 0.099 0.097 0.095 0.095 0.095 0.098 0.109 0.131 0.150 0.156 0.154 0.135 0.096 0.059 0.038 0.027 0.021 0.017 0.015
0.916 0.630 0.400 0.246 0.152 0.100 0.072 0.055 0.046 0.040 0.037 0.035 0.034 0.032 0.030 0.028 0.027 0.026 0.024 0.023 0.022 0.021 0.020 0.019 0.018 0.018 0.018 0.017 0.017 0.017 0.018 0.018 0.018 0.019 0.020 0.021 0.022 0.024 0.026 0.028 0.031 0.034 0.038 0.042 0.046 0.051 0.057 0.065 0.076 0.089 0.106 0.123 0.137 0.149 0.156 0.160 0.161 0.161 0.159 0.158 0.158 0.159 0.164 0.173 0.198 0.245 0.289 0.302 0.296 0.260 0.182 0.102 0.058 0.037 0.026 0.021 0.018
1.456 1.087 0.753 0.503 0.327 0.213 0.146 0.107 0.083 0.070 0.062 0.057 0.054 0.050 0.047 0.043 0.040 0.038 0.036 0.033 0.031 0.028 0.026 0.025 0.024 0.023 0.023 0.022 0.022 0.022 0.022 0.023 0.023 0.024 0.025 0.027 0.029 0.031 0.034 0.038 0.042 0.046 0.051 0.056 0.062 0.068 0.077 0.088 0.104 0.127 0.158 0.188 0.212 0.232 0.246 0.253 0.255 0.254 0.254 0.254 0.255 0.259 0.269 0.288 0.325 0.392 0.467 0.506 0.509 0.465 0.344 0.190 0.099 0.055 0.035 0.026 0.022
2.067 1.651 1.239 0.896 0.625 0.427 0.294 0.211 0.161 0.130 0.112 0.102 0.094 0.088 0.081 0.073 0.067 0.062 0.057 0.051 0.046 0.041 0.036 0.034 0.032 0.030 0.030 0.029 0.029 0.029 0.029 0.029 0.030 0.031 0.033 0.035 0.038 0.042 0.047 0.053 0.059 0.065 0.072 0.079 0.087 0.095 0.107 0.124 0.150 0.190 0.244 0.292 0.329 0.353 0.363 0.359 0.350 0.344 0.342 0.342 0.342 0.345 0.354 0.373 0.409 0.473 0.561 0.625 0.647 0.627 0.528 0.335 0.170 0.087 0.050 0.034 0.027
2.745 2.292 1.834 1.417 1.057 0.767 0.554 0.408 0.314 0.255 0.218 0.195 0.180 0.165 0.151 0.135 0.122 0.110 0.099 0.087 0.075 0.064 0.055 0.048 0.044 0.041 0.040 0.038 0.038 0.037 0.037 0.038 0.038 0.040 0.044 0.048 0.053 0.060 0.069 0.078 0.087 0.097 0.107 0.116 0.127 0.139 0.156 0.182 0.225 0.293 0.370 0.421 0.447 0.454 0.444 0.419 0.399 0.391 0.388 0.388 0.388 0.390 0.396 0.411 0.439 0.493 0.578 0.656 0.693 0.694 0.635 0.476 0.268 0.135 0.072 0.045 0.034
3.482 2.991 2.502 2.037 1.616 1.253 0.964 0.751 0.602 0.503 0.438 0.394 0.360 0.330 0.299 0.265 0.236 0.210 0.185 0.161 0.134 0.110 0.089 0.075 0.065 0.059 0.055 0.053 0.052 0.051 0.051 0.051 0.053 0.057 0.063 0.071 0.080 0.093 0.107 0.123 0.139 0.153 0.167 0.180 0.194 0.210 0.236 0.278 0.340 0.413 0.469 0.498 0.507 0.499 0.471 0.432 0.409 0.401 0.399 0.399 0.399 0.401 0.405 0.417 0.440 0.485 0.560 0.644 0.692 0.701 0.672 0.563 0.366 0.196 0.103 0.062 0.043
4.246 3.731 3.231 2.751 2.306 1.909 1.573 1.306 1.110 0.970 0.872 0.797 0.734 0.674 0.607 0.532 0.468 0.413 0.360 0.307 0.251 0.199 0.157 0.125 0.104 0.091 0.083 0.079 0.077 0.076 0.076 0.077 0.081 0.088 0.099 0.113 0.132 0.156 0.184 0.210 0.233 0.254 0.271 0.288 0.304 0.328 0.363 0.404 0.446 0.482 0.508 0.519 0.519 0.503 0.464 0.421 0.397 0.388 0.387 0.387 0.389 0.392 0.397 0.406 0.422 0.452 0.507 0.590 0.657 0.680 0.668 0.600 0.451 0.264 0.143 0.084 0.057
5.051 4.535 4.054 3.597 3.164 2.770 2.430 2.149 1.933 1.772 1.649 1.546 1.449 1.342 1.211 1.059 0.921 0.806 0.697 0.588 0.473 0.368 0.282 0.218 0.176 0.151 0.136 0.129 0.125 0.124 0.125 0.129 0.139 0.153 0.171 0.196 0.231 0.280 0.325 0.362 0.393 0.419 0.439 0.454 0.467 0.478 0.487 0.490 0.494 0.500 0.508 0.510 0.502 0.474 0.422 0.378 0.353 0.343 0.341 0.342 0.347 0.354 0.362 0.368 0.376 0.390 0.421 0.487 0.577 0.629 0.638 0.607 0.509 0.340 0.193 0.114 0.076
5.987 5.515 5.087 4.684 4.293 3.930 3.621 3.371 3.174 3.023 2.901 2.788 2.667 2.513 2.304 2.045 1.775 1.529 1.303 1.082 0.863 0.664 0.502 0.381 0.301 0.254 0.229 0.217 0.214 0.214 0.220 0.234 0.254 0.278 0.307 0.347 0.410 0.485 0.540 0.574 0.594 0.604 0.607 0.603 0.593 0.575 0.546 0.516 0.498 0.487 0.477 0.463 0.437 0.391 0.334 0.293 0.270 0.261 0.259 0.262 0.272 0.284 0.293 0.298 0.300 0.303 0.315 0.358 0.454 0.548 0.586 0.584 0.534 0.413 0.259 0.156 0.103
7.197 6.860 6.538 6.228 5.916 5.619 5.371 5.175 5.015 4.884 4.768 4.652 4.517 4.332 4.060 3.691 3.250 2.786 2.330 1.902 1.505 1.152 0.864 0.648 0.502 0.415 0.370 0.353 0.351 0.359 0.382 0.417 0.451 0.484 0.519 0.561 0.621 0.680 0.711 0.723 0.721 0.709 0.692 0.670 0.643 0.605 0.555 0.505 0.466 0.430 0.394 0.353 0.305 0.254 0.214 0.191 0.180 0.177 0.180 0.186 0.195 0.203 0.209 0.212 0.214 0.216 0.226 0.256 0.330 0.444 0.521 0.545 0.531 0.468 0.344 0.219 0.145
