RESULTS/r.avaflow_results/12_results/12_ascii/12_hflow0006.asc
ncols 506
nrows 317
xllcenter 498237.50
yllcenter 5580050.00
cellsize 12.50
NODATA_value -9999.000
[rows 170 to 203 of 317, columns 77 to 153 of 506]
0.000 0.000 0.000 0.000 0.000 0.000 0.000 0.000 0.000 0.000 0.000 0.000 0.000 0.000 0.000 0.000 0.000 0.000 0.000 0.000 0.000 0.000 0.000 0.000 0.000 0.000 0.000 0.000 0.000 0.000 0.000 0.000 0.000 0.000 0.000 0.000 0.000 0.000 0.000 0.001 0.001 0.003 0.008 0.023 0.065 0.161 0.343 0.636 1.049 1.557 2.118 2.806 3.923 5.789 7.596 8.550 9.212 10.209 12.084 15.323 20.349 25.834 29.549 31.173 31.138 28.947 24.446 20.171 17.183 14.885 13.029 11.515 10.359 9.576 9.053 8.688 8.431
0.000 0.000 0.000 0.000 0.000 0.000 0.000 0.000 0.000 0.000 0.000 0.000 0.000 0.000 0.000 0.000 0.000 0.000 0.000 0.000 0.000 0.000 0.000 0.000 0.000 0.000 0.000 0.000 0.000 0.000 0.000 0.000 0.000 0.000 0.000 0.000 0.000 0.001 0.001 0.003 0.005 0.011 0.026 0.069 0.179 0.416 0.835 1.468 2.320 3.260 4.164 5.178 6.431 7.748 8.700 9.304 9.960 11.183 13.358 16.935 22.038 27.504 31.234 33.253 33.824 33.462 31.222 26.640 21.437 17.301 14.461 12.684 11.718 11.294 11.174 11.250 11.488
0.000 0.000 0.000 0.000 0.000 0.000 0.000 0.000 0.000 0.000 0.000 0.000 0.000 0.000 0.000 0.000 0.000 0.000 0.000 0.000 0.000 0.000 0.000 0.000 0.000 0.000 0.000 0.000 0.000 0.000 0.000 0.000 0.001 0.001 0.001 0.001 0.002 0.003 0.005 0.009 0.015 0.031 0.071 0.180 0.437 0.945 1.765 2.919 4.369 5.722 6.780 7.634 8.387 8.854 9.098 9.340 9.810 10.985 13.374 17.074 22.386 28.098 31.816 33.892 34.575 34.322 33.587 31.743 28.053 23.214 18.691 15.726 14.206 13.605 13.486 13.650 14.278
0.000 0.000 0.000 0.000 0.000 0.000 0.000 0.000 0.000 0.000 0.000 0.000 0.000 0.000 0.000 0.000 0.000 0.000 0.000 0.000 0.000 0.000 0.000 0.000 0.000 0.000 0.000 0.000 0.000 0.001 0.001 0.002 0.003 0.003 0.004 0.005 0.006 0.009 0.014 0.023 0.040 0.079 0.177 0.419 0.937 1.862 3.241 4.984 6.661 8.007 9.001 9.575 9.819 9.774 9.439 9.321 9.550 10.369 12.527 15.916 20.819 26.697 30.965 33.373 34.495 34.573 34.043 33.120 31.610 29.242 25.633 21.487 18.173 16.395 15.807 15.831 16.506
0.000 0.000 0.000 0.000 0.000 0.000 0.000 0.000 0.000 0.000 0.000 0.000 0.000 0.000 0.000 0.000 0.000 0.000 0.000 0.000 0.000 0.000 0.000 0.000 0.000 0.000 0.000 0.000 0.001 0.002 0.004 0.006 0.008 0.009 0.010 0.012 0.016 0.023 0.035 0.055 0.095 0.183 0.391 0.856 1.750 3.187 5.109 6.983 8.471 9.721 10.622 11.016 11.012 10.666 9.846 9.349 9.341 9.830 11.637 14.863 18.776 23.944 28.879 31.645 33.213 33.919 33.885 33.391 32.375 30.849 28.874 26.174 22.884 20.148 18.629 18.215 18.550
0.000 0.000 0.000 0.000 0.000 0.000 0.000 0.000 0.000 0.000 0.000 0.000 0.000 0.000 0.000 0.000 0.000 0.000 0.000 0.000 0.000 0.000 0.000 0.000 0.000 0.000 0.001 0.002 0.004 0.007 0.011 0.015 0.018 0.021 0.023 0.028 0.036 0.050 0.076 0.119 0.200 0.373 0.754 1.528 2.865 4.779 6.832 8.507 9.910 11.051 11.751 12.017 11.948 11.444 10.331 9.460 9.268 9.542 10.979 13.978 17.196 21.132 25.714 28.781 30.597 31.859 32.383 32.303 31.783 30.713 29.175 27.267 25.071 23.245 21.940 21.133 20.797
0.000 0.000 0.000 0.000 0.000 0.000 0.000 0.000 0.000 0.000 0.000 0.000 0.000 0.000 0.000 0.000 0.000 0.000 0.000 0.000 0.000 0.000 0.000 0.000 0.000 0.001 0.002 0.005 0.009 0.015 0.024 0.033 0.040 0.044 0.049 0.057 0.073 0.102 0.151 0.231 0.376 0.667 1.272 2.404 4.154 6.296 8.217 9.739 11.069 12.089 12.585 12.756 12.670 12.195 10.959 9.696 9.284 9.436 10.515 13.090 15.711 18.293 21.544 24.286 25.871 27.000 27.634 27.954 28.103 28.064 27.532 26.444 25.064 23.976 23.407 23.145 22.881
0.000 0.000 0.000 0.000 0.000 0.000 0.000 0.000 0.000 0.000 0.000 0.000 0.000 0.000 0.000 0.000 0.000 0.000 0.000 0.000 0.000 0.000 0.000 0.000 0.001 0.003 0.006 0.012 0.020 0.033 0.051 0.068 0.080 0.089 0.098 0.112 0.140 0.192 0.275 0.407 0.632 1.064 1.908 3.363 5.382 7.518 9.351 10.793 12.014 12.900 13.298 13.414 13.294 12.866 11.728 10.163 9.421 9.423 10.154 12.174 14.297 15.793 17.320 18.293 18.397 18.485 18.570 18.780 19.330 20.543 22.061 23.030 23.150 23.091 23.245 23.579 23.944
0.000 0.000 0.000 0.000 0.000 0.000 0.000 0.000 0.000 0.000 0.000 0.000 0.000 0.000 0.000 0.000 0.000 0.000 0.000 0.000 0.000 0.000 0.000 0.001 0.002 0.006 0.013 0.024 0.042 0.067 0.101 0.132 0.154 0.169 0.182 0.205 0.250 0.331 0.459 0.654 0.969 1.539 2.586 4.274 6.455 8.520 10.294 11.717 12.826 13.596 13.977 14.055 13.880 13.393 12.397 10.852 9.776 9.489 9.783 10.953 12.185 12.801 12.916 12.395 11.589 11.011 10.635 10.414 10.457 11.125 12.899 15.717 18.541 20.525 21.880 22.989 23.986
0.000 0.000 0.000 0.000 0.000 0.000 0.000 0.000 0.000 0.000 0.000 0.000 0.000 0.000 0.000 0.000 0.000 0.000 0.000 0.000 0.000 0.000 0.000 0.002 0.005 0.013 0.026 0.047 0.081 0.128 0.190 0.244 0.280 0.302 0.321 0.351 0.413 0.526 0.704 0.967 1.372 2.059 3.261 5.145 7.429 9.461 11.152 12.546 13.583 14.260 14.586 14.586 14.305 13.706 12.775 11.422 10.093 9.405 9.124 9.037 8.588 7.546 6.364 5.533 5.136 4.910 4.772 4.750 4.922 5.467 6.548 8.366 11.370 15.178 18.691 21.213 23.115
0.000 0.000 0.000 0.000 0.000 0.000 0.000 0.000 0.000 0.000 0.000 0.000 0.000 0.000 0.000 0.000 0.000 0.000 0.000 0.000 0.000 0.000 0.001 0.004 0.010 0.024 0.049 0.089 0.150 0.237 0.344 0.430 0.485 0.515 0.536 0.566 0.636 0.777 1.003 1.332 1.823 2.617 3.943 6.009 8.425 10.447 12.013 13.319 14.319 14.874 15.020 14.842 14.459 13.777 12.860 11.633 10.208 9.095 8.098 6.855 5.139 3.529 2.665 2.394 2.317 2.269 2.208 2.146 2.140 2.329 2.937 4.051 5.713 8.232 11.924 16.052 19.748
0.000 0.000 0.000 0.000 0.000 0.000 0.000 0.000 0.000 0.000 0.000 0.000 0.000 0.000 0.000 0.000 0.000 0.000 0.000 0.000 0.000 0.000 0.001 0.006 0.019 0.044 0.088 0.159 0.266 0.418 0.592 0.722 0.802 0.840 0.855 0.873 0.934 1.086 1.354 1.751 2.330 3.232 4.668 6.871 9.571 11.705 13.059 14.119 14.950 15.248 15.203 14.834 14.385 13.681 12.732 11.487 9.942 8.361 6.650 4.725 2.965 2.066 1.807 1.764 1.760 1.755 1.728 1.648 1.562 1.523 1.552 1.795 2.476 3.675 5.472 8.098 11.668
0.000 0.000 0.000 0.000 0.000 0.000 0.000 0.000 0.000 0.000 0.000 0.000 0.000 0.000 0.000 0.000 0.000 0.000 0.000 0.000 0.000 0.000 0.002 0.010 0.032 0.076 0.153 0.274 0.455 0.705 0.969 1.159 1.270 1.312 1.316 1.312 1.348 1.492 1.796 2.275 2.958 3.980 5.540 7.823 10.773 13.094 14.275 14.877 15.263 15.273 15.057 14.485 13.795 12.945 11.913 10.544 8.805 6.581 4.277 2.524 1.677 1.475 1.494 1.531 1.547 1.548 1.527 1.450 1.351 1.276 1.220 1.195 1.242 1.470 2.053 3.155 4.822
0.000 0.000 0.000 0.000 0.000 0.000 0.000 0.000 0.000 0.000 0.000 0.000 0.000 0.000 0.000 0.000 0.000 0.000 0.000 0.000 0.000 0.001 0.004 0.015 0.048 0.123 0.252 0.450 0.740 1.131 1.513 1.780 1.927 1.974 1.964 1.935 1.949 2.085 2.430 3.011 3.846 5.046 6.782 9.098 11.795 13.834 14.801 15.127 15.237 14.974 14.279 13.178 11.785 10.477 9.193 7.605 5.574 3.372 1.864 1.239 1.103 1.142 1.255 1.337 1.369 1.376 1.355 1.278 1.188 1.117 1.055 1.009 0.985 0.987 1.043 1.244 1.717
0.000 0.000 0.000 0.000 0.000 0.000 0.000 0.000 0.000 0.000 0.000 0.000 0.000 0.000 0.000 0.000 0.000 0.000 0.000 0.000 0.001 0.002 0.007 0.023 0.070 0.185 0.395 0.711 1.152 1.729 2.251 2.612 2.808 2.869 2.854 2.812 2.827 2.998 3.435 4.170 5.210 6.638 8.597 10.872 12.815 14.092 14.769 14.936 14.679 13.755 12.054 9.462 6.815 4.968 3.767 2.822 1.918 1.240 0.921 0.839 0.854 0.932 1.052 1.127 1.157 1.160 1.131 1.060 1.006 0.966 0.923 0.885 0.864 0.861 0.890 0.971 1.052
0.000 0.000 0.000 0.000 0.000 0.000 0.000 0.000 0.000 0.000 0.000 0.000 0.000 0.000 0.000 0.000 0.000 0.000 0.000 0.001 0.003 0.009 0.020 0.047 0.114 0.278 0.605 1.114 1.794 2.578 3.240 3.705 3.969 4.073 4.089 4.091 4.172 4.477 5.116 6.083 7.304 8.850 10.761 12.422 13.416 13.943 14.177 13.796 12.553 10.057 6.822 3.955 2.322 1.530 1.141 0.918 0.778 0.698 0.668 0.677 0.720 0.810 0.908 0.959 0.973 0.966 0.917 0.837 0.801 0.793 0.782 0.757 0.748 0.761 0.816 0.898 0.935
0.000 0.000 0.000 0.000 0.000 0.000 0.000 0.000 0.000 0.000 0.000 0.000 0.000 0.000 0.000 0.000 0.000 0.000 0.002 0.006 0.016 0.038 0.078 0.148 0.267 0.506 0.998 1.827 2.963 4.074 4.831 5.347 5.686 5.877 6.002 6.134 6.381 6.916 7.833 9.061 10.327 11.542 12.613 13.182 13.414 13.260 12.428 10.338 7.340 4.595 2.773 1.696 1.104 0.799 0.651 0.582 0.554 0.548 0.554 0.578 0.633 0.727 0.810 0.847 0.855 0.843 0.790 0.708 0.662 0.642 0.631 0.621 0.622 0.646 0.726 0.804 0.822
0.000 0.000 0.000 0.000 0.000 0.000 0.000 0.000 0.000 0.000 0.000 0.000 0.000 0.000 0.000 0.000 0.001 0.003 0.010 0.029 0.073 0.159 0.303 0.510 0.790 1.198 1.910 3.182 5.181 7.239 8.214 8.537 8.789 9.021 9.210 9.447 9.866 10.648 11.765 12.798 13.423 13.675 13.531 13.222 12.662 11.264 8.453 5.506 3.558 2.399 1.644 1.146 0.834 0.641 0.530 0.476 0.456 0.449 0.452 0.478 0.542 0.647 0.730 0.764 0.771 0.755 0.702 0.632 0.583 0.553 0.536 0.525 0.522 0.533 0.595 0.661 0.673
0.000 0.000 0.000 0.000 0.000 0.000 0.000 0.000 0.000 0.000 0.000 0.000 0.000 0.000 0.000 0.001 0.003 0.012 0.038 0.110 0.269 0.559 0.987 1.518 2.141 2.898 3.863 5.309 7.583 10.470 12.720 13.694 13.995 14.186 14.222 14.254 14.381 14.681 15.086 15.264 15.049 14.456 13.519 12.272 10.169 7.352 4.791 3.348 2.436 1.759 1.284 0.959 0.729 0.565 0.462 0.408 0.388 0.385 0.389 0.411 0.465 0.562 0.651 0.686 0.689 0.676 0.627 0.565 0.527 0.500 0.483 0.472 0.467 0.474 0.516 0.560 0.578
0.000 0.000 0.000 0.000 0.000 0.000 0.000 0.000 0.000 0.000 0.000 0.000 0.000 0.000 0.000 0.002 0.010 0.037 0.119 0.337 0.802 1.593 2.568 3.520 4.450 5.403 6.305 7.180 8.395 10.562 13.428 15.674 16.978 17.711 17.823 17.623 17.219 16.724 16.315 15.895 15.203 13.971 11.905 9.061 6.364 4.587 3.489 2.633 1.939 1.440 1.095 0.844 0.654 0.510 0.413 0.361 0.340 0.334 0.337 0.357 0.408 0.487 0.555 0.593 0.603 0.595 0.555 0.498 0.471 0.457 0.445 0.438 0.436 0.446 0.486 0.517 0.525
0.000 0.000 0.000 0.000 0.000 0.000 0.000 0.000 0.000 0.000 0.000 0.000 0.000 0.000 0.001 0.006 0.026 0.090 0.286 0.774 1.730 3.086 4.216 5.077 5.935 6.800 7.509 8.108 8.726 9.868 12.238 15.140 17.098 18.198 18.501 18.347 17.787 16.891 15.956 14.911 13.354 10.842 7.876 5.601 4.424 3.689 2.975 2.219 1.617 1.225 0.966 0.761 0.589 0.459 0.372 0.322 0.302 0.297 0.299 0.314 0.362 0.443 0.495 0.522 0.534 0.531 0.492 0.441 0.418 0.412 0.407 0.405 0.411 0.432 0.471 0.492 0.491
0.000 0.000 0.000 0.000 0.000 0.000 0.000 0.000 0.000 0.000 0.000 0.000 0.000 0.001 0.003 0.014 0.050 0.161 0.454 1.107 2.299 3.866 4.979 5.776 6.580 7.377 7.912 8.333 8.733 9.271 10.546 13.103 15.604 16.942 17.380 17.250 16.444 14.966 12.942 10.614 8.257 6.305 5.104 4.374 3.826 3.241 2.542 1.832 1.349 1.056 0.851 0.678 0.527 0.410 0.334 0.291 0.272 0.267 0.268 0.283 0.329 0.409 0.458 0.479 0.484 0.476 0.440 0.398 0.378 0.371 0.372 0.378 0.397 0.428 0.453 0.462 0.458
0.000 0.000 0.000 0.000 0.000 0.000 0.000 0.000 0.000 0.000 0.000 0.000 0.000 0.001 0.006 0.023 0.077 0.230 0.597 1.368 2.725 4.369 5.495 6.272 6.973 7.614 8.025 8.334 8.614 8.830 9.150 10.200 11.915 12.776 12.872 12.373 11.134 9.247 7.393 6.099 5.273 4.750 4.353 3.934 3.458 2.853 2.099 1.498 1.139 0.913 0.741 0.588 0.454 0.355 0.292 0.260 0.246 0.243 0.245 0.261 0.303 0.375 0.421 0.437 0.440 0.431 0.395 0.363 0.349 0.343 0.343 0.357 0.387 0.420 0.438 0.440 0.431
0.000 0.000 0.000 0.000 0.000 0.000 0.000 0.000 0.000 0.000 0.000 0.000 0.000 0.002 0.009 0.034 0.111 0.314 0.778 1.689 3.221 4.947 6.074 6.813 7.395 7.830 8.091 8.230 8.327 8.267 7.910 7.480 7.461 7.298 6.982 6.525 5.970 5.397 5.005 4.761 4.554 4.303 3.993 3.607 3.103 2.401 1.709 1.264 0.987 0.797 0.651 0.524 0.407 0.315 0.258 0.232 0.222 0.220 0.223 0.240 0.284 0.350 0.389 0.403 0.403 0.391 0.358 0.334 0.324 0.322 0.327 0.347 0.386 0.417 0.428 0.428 0.414
0.000 0.000 0.000 0.000 0.000 0.000 0.000 0.000 0.000 0.000 0.000 0.000 0.001 0.003 0.014 0.051 0.164 0.453 1.079 2.213 3.956 5.787 6.955 7.617 8.007 8.185 8.212 8.085 7.825 7.372 6.658 5.998 5.584 5.297 5.075 4.870 4.709 4.601 4.511 4.393 4.227 4.014 3.729 3.303 2.684 1.962 1.441 1.098 0.868 0.709 0.581 0.467 0.364 0.282 0.232 0.207 0.199 0.197 0.198 0.216 0.262 0.323 0.354 0.364 0.363 0.346 0.319 0.305 0.300 0.304 0.320 0.348 0.387 0.415 0.422 0.419 0.407
0.000 0.000 0.000 0.000 0.000 0.000 0.000 0.000 0.000 0.000 0.000 0.000 0.001 0.005 0.022 0.081 0.252 0.677 1.552 3.041 5.136 7.006 8.106 8.590 8.733 8.682 8.414 7.933 7.324 6.606 5.773 5.166 4.860 4.685 4.558 4.463 4.390 4.342 4.283 4.174 4.012 3.799 3.493 2.955 2.245 1.668 1.268 0.983 0.783 0.642 0.532 0.428 0.334 0.258 0.210 0.186 0.176 0.174 0.178 0.197 0.244 0.298 0.326 0.333 0.329 0.307 0.282 0.273 0.274 0.288 0.320 0.360 0.394 0.416 0.421 0.419 0.407
0.000 0.000 0.000 0.000 0.000 0.000 0.000 0.000 0.000 0.000 0.000 0.000 0.001 0.009 0.036 0.128 0.387 1.000 2.189 4.112 6.470 8.155 8.980 9.225 9.200 8.928 8.395 7.673 6.822 5.971 5.157 4.586 4.416 4.391 4.317 4.247 4.195 4.140 4.081 3.980 3.821 3.588 3.220 2.616 1.955 1.495 1.160 0.906 0.723 0.592 0.487 0.393 0.308 0.241 0.196 0.174 0.166 0.164 0.167 0.186 0.231 0.276 0.296 0.301 0.295 0.273 0.255 0.249 0.251 0.271 0.319 0.374 0.409 0.425 0.427 0.425 0.415
0.000 0.000 0.000 0.000 0.000 0.000 0.000 0.000 0.000 0.000 0.000 0.000 0.003 0.014 0.059 0.204 0.586 1.430 2.956 5.230 7.491 8.820 9.366 9.478 9.370 8.948 8.220 7.297 6.231 5.243 4.506 4.120 4.060 4.135 4.143 4.091 4.034 3.971 3.889 3.784 3.632 3.369 2.908 2.295 1.782 1.390 1.080 0.849 0.678 0.552 0.454 0.366 0.285 0.223 0.184 0.164 0.156 0.155 0.160 0.181 0.225 0.264 0.278 0.279 0.269 0.249 0.239 0.236 0.239 0.258 0.305 0.363 0.402 0.426 0.440 0.446 0.443
0.000 0.000 0.000 0.000 0.000 0.000 0.000 0.000 0.000 0.000 0.000 0.001 0.005 0.023 0.095 0.321 0.879 1.990 3.823 6.221 8.153 9.153 9.448 9.489 9.340 8.830 7.926 6.746 5.525 4.486 3.907 3.760 3.774 3.848 3.888 3.883 3.844 3.792 3.709 3.588 3.425 3.119 2.599 2.048 1.646 1.309 1.019 0.795 0.635 0.519 0.426 0.344 0.269 0.209 0.172 0.155 0.148 0.148 0.155 0.180 0.224 0.256 0.265 0.263 0.250 0.234 0.229 0.229 0.237 0.259 0.297 0.344 0.378 0.405 0.429 0.446 0.453
0.000 0.000 0.000 0.000 0.000 0.000 0.000 0.000 0.000 0.000 0.000 0.001 0.009 0.039 0.151 0.486 1.273 2.694 4.742 6.908 8.430 9.220 9.432 9.413 9.177 8.542 7.433 5.913 4.604 3.772 3.447 3.428 3.531 3.587 3.615 3.641 3.647 3.615 3.545 3.410 3.159 2.748 2.261 1.867 1.533 1.221 0.950 0.743 0.598 0.495 0.406 0.323 0.251 0.197 0.163 0.147 0.143 0.144 0.153 0.180 0.226 0.254 0.261 0.257 0.239 0.228 0.226 0.227 0.238 0.263 0.302 0.343 0.378 0.407 0.429 0.446 0.451
0.000 0.000 0.000 0.000 0.000 0.000 0.000 0.000 0.000 0.000 0.001 0.004 0.018 0.068 0.239 0.715 1.761 3.509 5.568 7.282 8.489 9.143 9.349 9.279 8.881 8.017 6.591 4.881 3.750 3.243 3.121 3.179 3.352 3.438 3.445 3.445 3.447 3.442 3.377 3.210 2.888 2.406 2.005 1.705 1.422 1.129 0.865 0.669 0.540 0.452 0.377 0.301 0.233 0.184 0.155 0.142 0.138 0.139 0.151 0.182 0.229 0.254 0.259 0.252 0.234 0.226 0.225 0.228 0.242 0.272 0.314 0.349 0.382 0.416 0.437 0.447 0.449
0.000 0.000 0.000 0.000 0.000 0.000 0.000 0.000 0.000 0.001 0.003 0.010 0.034 0.117 0.370 1.013 2.312 4.283 6.163 7.497 8.428 8.922 9.072 8.967 8.370 7.062 5.285 3.848 3.106 2.852 2.844 2.996 3.227 3.334 3.352 3.330 3.306 3.262 3.162 2.938 2.544 2.105 1.804 1.570 1.330 1.049 0.789 0.608 0.490 0.406 0.339 0.275 0.214 0.170 0.146 0.135 0.133 0.135 0.150 0.186 0.232 0.254 0.256 0.247 0.232 0.226 0.226 0.233 0.253 0.287 0.329 0.364 0.390 0.416 0.431 0.431 0.417
0.000 0.000 0.000 0.000 0.000 0.000 0.000 0.000 0.001 0.002 0.007 0.021 0.063 0.190 0.543 1.352 2.835 4.920 6.585 7.601 8.265 8.575 8.589 8.309 7.372 5.670 4.050 3.112 2.678 2.569 2.617 2.837 3.128 3.255 3.269 3.250 3.206 3.121 2.950 2.657 2.222 1.880 1.660 1.467 1.263 0.995 0.735 0.567 0.459 0.381 0.315 0.255 0.201 0.160 0.137 0.127 0.126 0.131 0.150 0.191 0.235 0.254 0.255 0.243 0.231 0.228 0.232 0.245 0.273 0.306 0.338 0.370 0.393 0.402 0.393 0.364 0.312
0.000 0.000 0.000 0.000 0.000 0.000 0.000 0.001 0.002 0.006 0.017 0.043 0.112 0.296 0.759 1.730 3.343 5.405 6.922 7.654 7.979 8.102 8.004 7.453 6.153 4.399 3.183 2.562 2.336 2.318 2.438 2.755 3.069 3.200 3.218 3.183 3.109 2.988 2.774 2.396 1.951 1.693 1.531 1.379 1.199 0.941 0.684 0.525 0.428 0.358 0.297 0.240 0.188 0.149 0.128 0.120 0.119 0.126 0.151 0.198 0.239 0.254 0.253 0.237 0.228 0.228 0.235 0.255 0.286 0.312 0.335 0.358 0.369 0.353 0.300 0.229 0.163
