RESULTS/r.avaflow_results/12_results/12_ascii/12_hflow0020.asc
ncols 506
nrows 317
xllcenter 498237.50
yllcenter 5580050.00
cellsize 12.50
NODATA_value -9999.000
[rows 204 to 237 of 317, columns 77 to 153 of 506]
0.008 0.008 0.009 0.009 0.009 0.009 0.009 0.009 0.010 0.012 0.014 0.017 0.020 0.025 0.030 0.037 0.050 0.073 0.120 0.207 0.282 0.312 0.315 0.291 0.211 0.154 0.165 0.225 0.288 0.318 0.326 0.318 0.300 0.271 0.230 0.183 0.147 0.122 0.106 0.096 0.093 0.093 0.095 0.095 0.089 0.076 0.057 0.039 0.026 0.016 0.009 0.005 0.003 0.001 0.001 0.001 0.000 0.000 0.000 0.000 0.000 0.000 0.000 0.000 0.000 0.001 0.000 0.001 0.001 0.001 0.000 0.000 0.000 0.000 0.000 0.000 0.001
0.012 0.012 0.012 0.012 0.012 0.012 0.012 0.013 0.014 0.016 0.018 0.021 0.024 0.028 0.034 0.043 0.057 0.086 0.146 0.243 0.300 0.313 0.306 0.258 0.151 0.078 0.058 0.065 0.098 0.131 0.149 0.155 0.152 0.140 0.118 0.088 0.065 0.050 0.040 0.035 0.033 0.033 0.034 0.036 0.036 0.033 0.026 0.017 0.011 0.006 0.003 0.002 0.001 0.001 0.000 0.000 0.000 0.000 0.000 0.000 0.000 0.000 0.000 0.000 0.000 0.001 0.001 0.001 0.001 0.000 0.000 0.000 0.000 0.000 0.000 0.000 0.001
0.016 0.016 0.016 0.016 0.016 0.016 0.017 0.018 0.019 0.021 0.022 0.024 0.027 0.031 0.038 0.048 0.067 0.104 0.181 0.274 0.312 0.317 0.296 0.221 0.110 0.050 0.027 0.021 0.026 0.040 0.054 0.061 0.063 0.061 0.053 0.040 0.028 0.020 0.015 0.012 0.011 0.011 0.011 0.012 0.013 0.013 0.011 0.007 0.004 0.002 0.001 0.001 0.000 0.000 0.000 0.000 0.000 0.000 0.000 0.000 0.000 0.000 0.000 0.000 0.001 0.001 0.001 0.001 0.000 0.000 0.000 0.000 0.000 0.000 0.000 0.000 0.001
0.024 0.023 0.022 0.022 0.022 0.023 0.023 0.024 0.024 0.025 0.026 0.027 0.030 0.035 0.043 0.056 0.080 0.130 0.224 0.297 0.320 0.319 0.280 0.177 0.080 0.036 0.017 0.010 0.009 0.011 0.016 0.020 0.022 0.022 0.021 0.017 0.011 0.007 0.005 0.004 0.003 0.003 0.003 0.004 0.004 0.004 0.004 0.003 0.002 0.001 0.001 0.000 0.000 0.000 0.000 0.000 0.000 0.000 0.000 0.000 0.000 0.000 0.000 0.001 0.001 0.001 0.001 0.001 0.000 0.000 0.000 0.000 0.000 0.000 0.000 0.000 0.001
0.036 0.034 0.033 0.032 0.031 0.031 0.030 0.030 0.030 0.030 0.031 0.032 0.035 0.041 0.051 0.067 0.099 0.167 0.264 0.314 0.325 0.313 0.250 0.133 0.058 0.027 0.013 0.007 0.005 0.004 0.005 0.006 0.007 0.007 0.007 0.006 0.004 0.003 0.002 0.001 0.001 0.001 0.001 0.001 0.001 0.001 0.001 0.001 0.001 0.001 0.001 0.000 0.000 0.000 0.000 0.000 0.000 0.000 0.000 0.000 0.000 0.000 0.001 0.001 0.001 0.001 0.001 0.000 0.000 0.000 0.000 0.000 0.000 0.000 0.000 0.000 0.001
0.056 0.053 0.050 0.047 0.045 0.042 0.039 0.038 0.037 0.037 0.037 0.038 0.041 0.048 0.061 0.082 0.124 0.212 0.295 0.324 0.327 0.299 0.206 0.096 0.043 0.020 0.010 0.006 0.004 0.003 0.002 0.002 0.002 0.002 0.002 0.002 0.002 0.001 0.001 0.001 0.001 0.001 0.001 0.000 0.000 0.000 0.000 0.001 0.001 0.001 0.001 0.001 0.000 0.000 0.000 0.000 0.000 0.000 0.000 0.000 0.000 0.001 0.001 0.001 0.001 0.001 0.001 0.000 0.000 0.000 0.000 0.000 0.000 0.000 0.000 0.000 0.001
0.089 0.084 0.079 0.073 0.067 0.060 0.053 0.049 0.047 0.046 0.047 0.048 0.051 0.059 0.073 0.099 0.158 0.256 0.314 0.329 0.324 0.276 0.161 0.071 0.032 0.015 0.008 0.005 0.004 0.003 0.002 0.001 0.001 0.001 0.001 0.001 0.001 0.001 0.001 0.001 0.001 0.001 0.000 0.000 0.000 0.000 0.000 0.000 0.000 0.001 0.001 0.001 0.000 0.000 0.000 0.000 0.000 0.000 0.000 0.000 0.001 0.001 0.001 0.001 0.001 0.001 0.000 0.000 0.000 0.000 0.000 0.000 0.000 0.000 0.000 0.000 0.000
0.137 0.133 0.125 0.115 0.104 0.090 0.076 0.066 0.062 0.060 0.060 0.062 0.065 0.073 0.088 0.120 0.197 0.287 0.325 0.331 0.314 0.239 0.121 0.053 0.025 0.013 0.007 0.005 0.003 0.002 0.002 0.001 0.001 0.000 0.000 0.000 0.000 0.000 0.001 0.001 0.001 0.001 0.001 0.000 0.000 0.000 0.000 0.000 0.000 0.000 0.000 0.001 0.000 0.000 0.000 0.000 0.000 0.000 0.000 0.001 0.001 0.001 0.001 0.001 0.001 0.001 0.000 0.000 0.000 0.000 0.000 0.000 0.000 0.000 0.000 0.000 0.000
0.207 0.204 0.197 0.184 0.165 0.141 0.114 0.096 0.085 0.081 0.080 0.081 0.084 0.091 0.106 0.145 0.235 0.308 0.330 0.329 0.294 0.194 0.090 0.041 0.020 0.011 0.007 0.005 0.003 0.002 0.001 0.001 0.000 0.000 0.000 0.000 0.000 0.000 0.001 0.001 0.001 0.001 0.001 0.000 0.000 0.000 0.000 0.000 0.000 0.000 0.000 0.001 0.000 0.000 0.000 0.000 0.000 0.000 0.001 0.001 0.001 0.001 0.001 0.001 0.001 0.001 0.000 0.000 0.000 0.000 0.000 0.000 0.000 0.000 0.000 0.000 0.000
0.304 0.304 0.299 0.286 0.262 0.227 0.182 0.146 0.123 0.112 0.108 0.108 0.110 0.116 0.132 0.180 0.270 0.322 0.334 0.323 0.264 0.149 0.068 0.033 0.018 0.010 0.007 0.004 0.003 0.002 0.001 0.001 0.000 0.000 0.000 0.000 0.000 0.000 0.001 0.001 0.001 0.001 0.001 0.001 0.000 0.000 0.000 0.000 0.000 0.000 0.000 0.000 0.000 0.000 0.000 0.000 0.000 0.000 0.001 0.001 0.001 0.001 0.001 0.001 0.001 0.000 0.000 0.000 0.000 0.000 0.000 0.000 0.000 0.000 0.000 0.000 0.000
0.435 0.439 0.438 0.428 0.403 0.360 0.296 0.232 0.188 0.162 0.150 0.147 0.147 0.152 0.171 0.227 0.303 0.335 0.337 0.310 0.219 0.110 0.053 0.028 0.016 0.010 0.006 0.004 0.003 0.002 0.001 0.001 0.000 0.000 0.000 0.000 0.000 0.000 0.001 0.000 0.001 0.001 0.001 0.001 0.000 0.000 0.000 0.000 0.000 0.000 0.000 0.000 0.000 0.000 0.000 0.000 0.000 0.001 0.001 0.001 0.001 0.001 0.001 0.001 0.000 0.000 0.000 0.000 0.000 0.000 0.000 0.000 0.000 0.000 0.000 0.000 0.000
0.609 0.620 0.621 0.615 0.594 0.548 0.472 0.374 0.295 0.245 0.216 0.204 0.201 0.204 0.224 0.283 0.336 0.349 0.338 0.278 0.165 0.080 0.043 0.025 0.015 0.010 0.006 0.004 0.003 0.002 0.001 0.001 0.001 0.000 0.000 0.000 0.000 0.000 0.001 0.000 0.000 0.001 0.001 0.001 0.001 0.000 0.000 0.000 0.000 0.000 0.000 0.000 0.000 0.000 0.000 0.000 0.000 0.001 0.001 0.001 0.001 0.001 0.001 0.001 0.000 0.000 0.000 0.000 0.000 0.000 0.000 0.000 0.000 0.000 0.000 0.000 0.000
0.832 0.854 0.860 0.858 0.841 0.796 0.714 0.590 0.465 0.378 0.322 0.290 0.277 0.277 0.297 0.346 0.374 0.370 0.325 0.220 0.114 0.061 0.037 0.023 0.015 0.009 0.006 0.004 0.002 0.001 0.001 0.001 0.001 0.001 0.000 0.000 0.000 0.000 0.001 0.000 0.001 0.001 0.001 0.001 0.001 0.001 0.000 0.000 0.000 0.000 0.000 0.000 0.000 0.000 0.000 0.000 0.000 0.001 0.001 0.001 0.001 0.001 0.001 0.001 0.000 0.000 0.000 0.000 0.000 0.000 0.000 0.000 0.000 0.000 0.000 0.000 0.000
1.113 1.151 1.165 1.165 1.152 1.112 1.028 0.892 0.720 0.580 0.484 0.422 0.390 0.381 0.394 0.420 0.417 0.377 0.278 0.155 0.085 0.053 0.035 0.023 0.015 0.009 0.006 0.003 0.002 0.001 0.001 0.001 0.001 0.001 0.000 0.000 0.000 0.000 0.001 0.000 0.001 0.001 0.001 0.001 0.001 0.001 0.001 0.000 0.000 0.000 0.000 0.000 0.000 0.000 0.000 0.000 0.000 0.000 0.000 0.000 0.000 0.000 0.000 0.000 0.000 0.000 0.000 0.000 0.000 0.000 0.000 0.000 0.000 0.000 0.000 0.000 0.000
1.458 1.518 1.545 1.549 1.541 1.505 1.424 1.282 1.076 0.873 0.723 0.621 0.559 0.531 0.520 0.498 0.440 0.336 0.207 0.117 0.074 0.050 0.035 0.024 0.015 0.009 0.005 0.003 0.002 0.001 0.001 0.001 0.001 0.001 0.000 0.000 0.000 0.000 0.001 0.000 0.000 0.001 0.001 0.001 0.001 0.001 0.001 0.001 0.000 0.000 0.000 0.000 0.000 0.000 0.000 0.000 0.000 0.000 0.000 0.000 0.000 0.000 0.000 0.000 0.000 0.000 0.000 0.000 0.000 0.000 0.000 0.000 0.000 0.000 0.000 0.000 0.000
1.876 1.965 2.009 2.021 2.016 1.987 1.911 1.770 1.546 1.280 1.067 0.913 0.808 0.729 0.647 0.546 0.419 0.279 0.168 0.106 0.072 0.051 0.036 0.024 0.015 0.009 0.005 0.003 0.002 0.001 0.001 0.000 0.000 0.001 0.000 0.000 0.000 0.000 0.001 0.000 0.001 0.001 0.001 0.001 0.001 0.001 0.001 0.001 0.001 0.000 0.000 0.000 0.000 0.000 0.000 0.000 0.000 0.000 0.000 0.000 0.000 0.000 0.000 0.000 0.000 0.000 0.000 0.000 0.000 0.000 0.000 0.000 0.000 0.000 0.000 0.000 0.000
2.372 2.500 2.567 2.590 2.590 2.567 2.499 2.363 2.138 1.834 1.547 1.312 1.114 0.926 0.742 0.564 0.395 0.253 0.160 0.106 0.073 0.053 0.038 0.026 0.016 0.009 0.005 0.002 0.002 0.001 0.001 0.000 0.000 0.000 0.000 0.000 0.000 0.000 0.000 0.000 0.001 0.001 0.001 0.001 0.001 0.001 0.001 0.001 0.001 0.001 0.001 0.000 0.000 0.000 0.000 0.000 0.000 0.000 0.001 0.001 0.001 0.000 0.000 0.000 0.000 0.000 0.000 0.000 0.000 0.000 0.000 0.000 0.000 0.000 0.000 0.000 0.000
2.951 3.131 3.227 3.263 3.268 3.253 3.195 3.073 2.862 2.544 2.161 1.776 1.419 1.097 0.818 0.581 0.389 0.252 0.164 0.112 0.080 0.059 0.042 0.028 0.016 0.009 0.004 0.002 0.001 0.001 0.001 0.000 0.001 0.001 0.000 0.000 0.000 0.000 0.001 0.000 0.001 0.001 0.001 0.001 0.000 0.001 0.001 0.001 0.001 0.001 0.001 0.000 0.000 0.000 0.000 0.000 0.000 0.000 0.000 0.000 0.001 0.000 0.000 0.000 0.000 0.000 0.000 0.000 0.000 0.000 0.000 0.000 0.000 0.000 0.000 0.000 0.000
3.584 3.807 3.933 3.986 3.996 3.987 3.947 3.840 3.626 3.278 2.803 2.247 1.715 1.265 0.899 0.613 0.405 0.268 0.183 0.130 0.095 0.070 0.049 0.031 0.017 0.009 0.004 0.002 0.001 0.001 0.001 0.000 0.000 0.000 0.000 0.000 0.000 0.000 0.001 0.001 0.001 0.001 0.001 0.001 0.000 0.000 0.001 0.001 0.001 0.001 0.001 0.000 0.000 0.000 0.000 0.000 0.000 0.000 0.000 0.001 0.001 0.000 0.000 0.000 0.000 0.000 0.000 0.000 0.000 0.000 0.000 0.000 0.000 0.000 0.000 0.000 0.000
4.147 4.391 4.541 4.612 4.630 4.625 4.595 4.495 4.270 3.898 3.375 2.710 2.017 1.448 1.005 0.680 0.460 0.319 0.228 0.166 0.120 0.085 0.057 0.033 0.017 0.008 0.004 0.002 0.001 0.001 0.001 0.000 0.000 0.000 0.000 0.000 0.000 0.000 0.001 0.001 0.001 0.001 0.001 0.001 0.000 0.000 0.000 0.001 0.001 0.001 0.001 0.000 0.000 0.000 0.000 0.000 0.001 0.000 0.001 0.001 0.000 0.000 0.000 0.000 0.000 0.000 0.000 0.000 0.000 0.000 0.000 0.000 0.000 0.000 0.000 0.000 0.000
4.619 4.864 5.025 5.114 5.146 5.149 5.117 5.008 4.783 4.413 3.879 3.168 2.348 1.670 1.163 0.807 0.573 0.419 0.310 0.227 0.161 0.107 0.065 0.035 0.017 0.008 0.004 0.002 0.001 0.001 0.001 0.001 0.001 0.000 0.000 0.000 0.000 0.000 0.001 0.001 0.001 0.001 0.001 0.001 0.001 0.000 0.000 0.000 0.000 0.001 0.000 0.000 0.000 0.000 0.000 0.001 0.001 0.000 0.001 0.001 0.000 0.000 0.000 0.000 0.000 0.000 0.000 0.000 0.000 0.000 0.000 0.000 0.000 0.000 0.000 0.000 0.000
5.004 5.242 5.399 5.497 5.542 5.547 5.507 5.394 5.174 4.815 4.291 3.583 2.713 1.960 1.406 1.025 0.770 0.588 0.443 0.321 0.216 0.131 0.070 0.034 0.016 0.008 0.004 0.002 0.001 0.001 0.000 0.001 0.001 0.000 0.000 0.000 0.000 0.000 0.001 0.001 0.001 0.001 0.001 0.001 0.001 0.001 0.000 0.000 0.000 0.001 0.000 0.000 0.000 0.000 0.000 0.001 0.001 0.001 0.001 0.001 0.000 0.000 0.000 0.000 0.000 0.000 0.000 0.000 0.000 0.000 0.000 0.000 0.000 0.000 0.000 0.000 0.000
5.302 5.525 5.673 5.764 5.811 5.816 5.772 5.663 5.457 5.116 4.617 3.941 3.099 2.340 1.775 1.368 1.067 0.826 0.614 0.423 0.263 0.144 0.070 0.032 0.015 0.007 0.003 0.002 0.001 0.000 0.000 0.000 0.001 0.000 0.000 0.000 0.000 0.000 0.000 0.001 0.001 0.001 0.000 0.000 0.001 0.001 0.001 0.000 0.000 0.000 0.000 0.000 0.000 0.000 0.001 0.001 0.001 0.001 0.001 0.001 0.000 0.000 0.000 0.000 0.000 0.000 0.000 0.000 0.000 0.000 0.000 0.000 0.000 0.000 0.000 0.000 0.000
5.521 5.731 5.867 5.944 5.977 5.975 5.936 5.834 5.640 5.323 4.861 4.237 3.460 2.733 2.162 1.710 1.338 1.017 0.731 0.481 0.283 0.146 0.067 0.029 0.013 0.006 0.003 0.001 0.001 0.000 0.000 0.000 0.001 0.000 0.000 0.000 0.000 0.000 0.000 0.001 0.001 0.001 0.000 0.000 0.000 0.001 0.001 0.001 0.000 0.000 0.000 0.000 0.000 0.000 0.000 0.000 0.000 0.000 0.000 0.000 0.000 0.000 0.000 0.000 0.000 0.000 0.000 0.000 0.000 0.000 0.000 0.000 0.000 0.000 0.000 0.000 0.000
5.669 5.866 5.992 6.052 6.066 6.056 6.019 5.927 5.741 5.448 5.028 4.462 3.751 3.029 2.426 1.925 1.496 1.116 0.778 0.496 0.282 0.138 0.059 0.025 0.010 0.004 0.002 0.001 0.001 0.000 0.000 0.000 0.000 0.000 0.000 0.000 0.000 0.000 0.000 0.001 0.001 0.001 0.000 0.000 0.000 0.000 0.001 0.001 0.001 0.000 0.000 0.000 0.000 0.000 0.000 0.000 0.000 0.000 0.000 0.000 0.000 0.000 0.000 0.000 0.000 0.000 0.000 0.000 0.000 0.000 0.000 0.000 0.000 0.000 0.000 0.000 0.000
5.752 5.943 6.055 6.096 6.101 6.094 6.056 5.964 5.788 5.512 5.121 4.599 3.944 3.221 2.584 2.041 1.566 1.141 0.775 0.479 0.258 0.118 0.048 0.019 0.008 0.003 0.002 0.001 0.001 0.001 0.000 0.000 0.000 0.000 0.000 0.000 0.000 0.000 0.001 0.001 0.001 0.001 0.001 0.000 0.000 0.000 0.000 0.001 0.001 0.001 0.000 0.000 0.000 0.000 0.000 0.000 0.001 0.001 0.001 0.000 0.000 0.000 0.000 0.000 0.000 0.000 0.000 0.000 0.000 0.000 0.000 0.000 0.000 0.000 0.000 0.000 0.000
5.799 5.977 6.071 6.103 6.109 6.103 6.064 5.970 5.800 5.535 5.159 4.664 4.045 3.333 2.666 2.088 1.578 1.123 0.732 0.422 0.207 0.086 0.033 0.013 0.006 0.003 0.001 0.001 0.001 0.001 0.001 0.000 0.000 0.000 0.000 0.000 0.000 0.000 0.001 0.001 0.001 0.001 0.001 0.001 0.000 0.000 0.000 0.000 0.001 0.000 0.000 0.000 0.000 0.000 0.000 0.000 0.000 0.000 0.000 0.000 0.000 0.000 0.000 0.000 0.000 0.000 0.000 0.000 0.000 0.000 0.000 0.000 0.000 0.000 0.000 0.000 0.000
5.815 5.981 6.065 6.100 6.109 6.100 6.061 5.968 5.797 5.537 5.165 4.681 4.081 3.383 2.698 2.096 1.554 1.061 0.644 0.334 0.146 0.058 0.023 0.010 0.004 0.002 0.001 0.001 0.001 0.001 0.001 0.001 0.000 0.000 0.000 0.000 0.000 0.000 0.001 0.001 0.001 0.001 0.001 0.001 0.001 0.000 0.000 0.000 0.000 0.000 0.000 0.000 0.000 0.000 0.000 0.000 0.000 0.000 0.000 0.000 0.000 0.000 0.000 0.000 0.000 0.000 0.000 0.000 0.000 0.000 0.000 0.000 0.000 0.000 0.000 0.000 0.000
5.813 5.962 6.045 6.082 6.088 6.076 6.034 5.943 5.776 5.519 5.153 4.673 4.083 3.400 2.706 2.074 1.491 0.964 0.543 0.259 0.108 0.043 0.018 0.007 0.003 0.001 0.001 0.001 0.001 0.001 0.001 0.001 0.000 0.000 0.000 0.000 0.000 0.000 0.000 0.000 0.000 0.000 0.000 0.000 0.001 0.001 0.000 0.000 0.000 0.000 0.000 0.000 0.000 0.000 0.000 0.000 0.000 0.000 0.000 0.000 0.000 0.000 0.000 0.000 0.000 0.000 0.000 0.000 0.000 0.000 0.000 0.000 0.000 0.000 0.000 0.000 0.000
5.772 5.906 5.984 6.022 6.031 6.020 5.975 5.879 5.713 5.461 5.104 4.638 4.064 3.396 2.688 2.015 1.392 0.853 0.453 0.205 0.084 0.033 0.014 0.006 0.002 0.001 0.001 0.001 0.001 0.001 0.001 0.001 0.000 0.000 0.000 0.000 0.000 0.000 0.000 0.001 0.001 0.001 0.000 0.000 0.000 0.000 0.001 0.001 0.000 0.000 0.000 0.000 0.000 0.000 0.000 0.001 0.001 0.000 0.000 0.000 0.000 0.000 0.000 0.000 0.000 0.000 0.000 0.000 0.000 0.000 0.000 0.000 0.000 0.000 0.000 0.000 0.000
5.675 5.799 5.872 5.905 5.911 5.903 5.858 5.758 5.594 5.346 5.000 4.549 3.996 3.351 2.636 1.916 1.266 0.737 0.370 0.160 0.063 0.025 0.010 0.004 0.002 0.001 0.001 0.000 0.001 0.001 0.001 0.000 0.000 0.000 0.000 0.000 0.000 0.000 0.000 0.001 0.001 0.001 0.001 0.001 0.000 0.000 0.000 0.001 0.001 0.001 0.000 0.000 0.000 0.000 0.001 0.001 0.001 0.001 0.000 0.000 0.000 0.000 0.000 0.000 0.000 0.000 0.000 0.000 0.000 0.000 0.000 0.000 0.000 0.000 0.000 0.000 0.000
5.498 5.611 5.683 5.714 5.722 5.713 5.669 5.572 5.407 5.161 4.824 4.389 3.857 3.236 2.529 1.774 1.115 0.612 0.287 0.116 0.044 0.016 0.006 0.002 0.001 0.001 0.000 0.000 0.000 0.001 0.001 0.000 0.000 0.000 0.000 0.000 0.000 0.000 0.000 0.001 0.001 0.001 0.001 0.001 0.001 0.000 0.000 0.000 0.000 0.000 0.000 0.000 0.000 0.000 0.000 0.000 0.001 0.000 0.000 0.000 0.000 0.000 0.000 0.000 0.000 0.000 0.000 0.000 0.000 0.000 0.000 0.000 0.000 0.000 0.000 0.000 0.000
5.234 5.329 5.396 5.429 5.441 5.437 5.400 5.306 5.143 4.897 4.564 4.142 3.631 3.032 2.325 1.560 0.921 0.467 0.198 0.073 0.026 0.009 0.004 0.001 0.001 0.001 0.000 0.000 0.000 0.000 0.001 0.001 0.000 0.000 0.000 0.000 0.000 0.000 0.000 0.001 0.001 0.001 0.001 0.001 0.001 0.001 0.000 0.000 0.000 0.000 0.000 0.000 0.000 0.000 0.000 0.001 0.000 0.000 0.000 0.000 0.000 0.000 0.000 0.000 0.000 0.000 0.000 0.000 0.000 0.000 0.000 0.000 0.000 0.000 0.000 0.000 0.000
4.871 4.945 5.003 5.043 5.067 5.066 5.038 4.955 4.797 4.556 4.226 3.807 3.297 2.685 1.949 1.216 0.651 0.289 0.109 0.038 0.013 0.005 0.002 0.001 0.001 0.001 0.001 0.000 0.000 0.000 0.000 0.001 0.000 0.000 0.000 0.000 0.000 0.000 0.000 0.000 0.000 0.000 0.000 0.000 0.000 0.001 0.000 0.000 0.000 0.000 0.000 0.000 0.000 0.000 0.000 0.001 0.000 0.000 0.000 0.000 0.000 0.000 0.000 0.000 0.000 0.000 0.000 0.000 0.000 0.000 0.000 0.000 0.000 0.000 0.000 0.000 0.000
