RESULTS/r.avaflow_results/12_results/12_ascii/12_hflow10048.asc
ncols 506
nrows 317
xllcenter 498237.50
yllcenter 5580050.00
cellsize 12.50
NODATA_value -9999.000
[rows 170 to 203 of 317, columns 154 to 230 of 506]
1.827 1.629 1.457 1.307 1.174 1.053 0.941 0.837 0.740 0.651 0.569 0.494 0.426 0.364 0.308 0.258 0.213 0.174 0.139 0.108 0.081 0.059 0.042 0.030 0.022 0.016 0.013 0.011 0.010 0.010 0.009 0.009 0.009 0.009 0.009 0.009 0.009 0.009 0.009 0.009 0.008 0.008 0.008 0.007 0.007 0.006 0.005 0.004 0.004 0.003 0.002 0.002 0.002 0.001 0.001 0.001 0.001 0.001 0.001 0.001 0.001 0.001 0.001 0.000 0.000 0.000 0.000 0.000 0.000 0.000 0.000 0.000 0.000 0.000 0.000 0.000 0.000
1.960 1.766 1.593 1.434 1.287 1.149 1.022 0.904 0.796 0.698 0.610 0.530 0.458 0.394 0.337 0.286 0.241 0.201 0.165 0.133 0.105 0.080 0.059 0.043 0.031 0.023 0.017 0.014 0.012 0.011 0.011 0.010 0.010 0.010 0.009 0.009 0.009 0.009 0.009 0.009 0.008 0.008 0.007 0.007 0.006 0.005 0.004 0.003 0.002 0.002 0.001 0.001 0.001 0.001 0.001 0.001 0.001 0.001 0.001 0.001 0.000 0.000 0.000 0.000 0.000 0.000 0.000 0.000 0.000 0.000 0.000 0.000 0.000 0.000 0.000 0.000 0.000
2.058 1.864 1.685 1.514 1.353 1.204 1.067 0.942 0.829 0.727 0.635 0.552 0.478 0.413 0.354 0.302 0.256 0.215 0.179 0.148 0.120 0.095 0.073 0.055 0.041 0.030 0.022 0.016 0.013 0.012 0.011 0.010 0.010 0.010 0.009 0.009 0.009 0.009 0.009 0.008 0.007 0.007 0.006 0.005 0.005 0.004 0.002 0.002 0.001 0.001 0.001 0.001 0.001 0.001 0.001 0.001 0.001 0.000 0.000 0.000 0.000 0.000 0.000 0.000 0.000 0.000 0.000 0.000 0.000 0.000 0.000 0.000 0.000 0.000 0.000 0.000 0.000
2.117 1.923 1.737 1.560 1.394 1.241 1.101 0.974 0.858 0.753 0.659 0.574 0.498 0.430 0.369 0.315 0.267 0.225 0.188 0.156 0.128 0.103 0.082 0.063 0.048 0.035 0.026 0.019 0.014 0.012 0.011 0.010 0.010 0.009 0.009 0.008 0.008 0.008 0.007 0.007 0.006 0.005 0.004 0.003 0.002 0.002 0.001 0.001 0.001 0.001 0.001 0.001 0.001 0.001 0.000 0.000 0.000 0.000 0.000 0.000 0.000 0.000 0.000 0.000 0.000 0.000 0.000 0.000 0.000 0.000 0.000 0.000 0.000 0.000 0.000 0.000 0.000
2.143 1.949 1.763 1.588 1.423 1.272 1.132 1.004 0.886 0.779 0.682 0.594 0.516 0.446 0.383 0.327 0.277 0.233 0.195 0.162 0.133 0.108 0.086 0.067 0.052 0.039 0.029 0.021 0.015 0.012 0.010 0.009 0.009 0.008 0.008 0.007 0.007 0.006 0.005 0.004 0.003 0.003 0.002 0.002 0.001 0.001 0.001 0.001 0.001 0.001 0.001 0.001 0.000 0.000 0.000 0.000 0.000 0.000 0.000 0.000 0.000 0.000 0.000 0.000 0.000 0.000 0.000 0.000 0.000 0.000 0.000 0.000 0.000 0.000 0.000 0.000 0.000
2.148 1.956 1.776 1.607 1.447 1.297 1.158 1.030 0.911 0.802 0.703 0.613 0.532 0.459 0.394 0.336 0.285 0.240 0.200 0.166 0.137 0.111 0.089 0.070 0.054 0.041 0.030 0.022 0.016 0.012 0.010 0.008 0.007 0.006 0.005 0.005 0.004 0.004 0.003 0.002 0.002 0.001 0.001 0.001 0.001 0.001 0.001 0.001 0.001 0.001 0.000 0.000 0.000 0.000 0.000 0.000 0.000 0.000 0.000 0.000 0.000 0.000 0.000 0.000 0.000 0.000 0.000 0.000 0.000 0.000 0.000 0.000 0.000 0.000 0.000 0.000 0.000
2.147 1.958 1.782 1.618 1.463 1.317 1.180 1.053 0.933 0.822 0.721 0.629 0.545 0.470 0.403 0.343 0.290 0.244 0.204 0.169 0.139 0.113 0.091 0.072 0.055 0.042 0.031 0.023 0.017 0.012 0.009 0.007 0.005 0.004 0.003 0.003 0.002 0.002 0.002 0.001 0.001 0.001 0.001 0.001 0.001 0.001 0.001 0.001 0.001 0.000 0.000 0.000 0.000 0.000 0.000 0.000 0.000 0.000 0.000 0.000 0.000 0.000 0.000 0.000 0.000 0.000 0.000 0.000 0.000 0.000 0.000 0.000 0.000 0.000 0.000 0.000 0.000
2.141 1.954 1.783 1.625 1.476 1.334 1.198 1.071 0.952 0.841 0.738 0.642 0.556 0.479 0.410 0.348 0.294 0.246 0.205 0.170 0.140 0.114 0.092 0.073 0.056 0.042 0.031 0.023 0.016 0.012 0.008 0.006 0.004 0.003 0.002 0.002 0.001 0.001 0.001 0.001 0.001 0.001 0.001 0.001 0.001 0.001 0.001 0.001 0.001 0.000 0.000 0.000 0.000 0.000 0.000 0.000 0.000 0.000 0.000 0.000 0.000 0.000 0.000 0.000 0.000 0.000 0.000 0.000 0.000 0.000 0.000 0.000 0.000 0.000 0.000 0.000 0.000
2.128 1.946 1.780 1.627 1.484 1.347 1.215 1.088 0.970 0.857 0.752 0.655 0.567 0.487 0.415 0.351 0.295 0.247 0.205 0.170 0.140 0.114 0.092 0.073 0.056 0.042 0.030 0.021 0.015 0.010 0.006 0.004 0.002 0.002 0.001 0.001 0.001 0.001 0.001 0.001 0.001 0.001 0.001 0.001 0.001 0.001 0.001 0.001 0.001 0.000 0.000 0.000 0.000 0.000 0.000 0.000 0.000 0.000 0.000 0.000 0.000 0.000 0.000 0.000 0.000 0.000 0.000 0.000 0.000 0.000 0.000 0.000 0.000 0.000 0.000 0.000 0.000
2.106 1.931 1.771 1.624 1.488 1.358 1.231 1.107 0.988 0.874 0.768 0.668 0.577 0.494 0.419 0.353 0.296 0.247 0.205 0.169 0.139 0.113 0.091 0.071 0.054 0.039 0.027 0.017 0.011 0.007 0.004 0.002 0.001 0.001 0.001 0.001 0.001 0.001 0.001 0.001 0.001 0.001 0.001 0.001 0.001 0.001 0.001 0.001 0.001 0.000 0.000 0.000 0.000 0.000 0.000 0.000 0.000 0.000 0.000 0.000 0.000 0.000 0.000 0.000 0.000 0.000 0.000 0.000 0.000 0.000 0.000 0.000 0.000 0.000 0.000 0.000 0.000
2.074 1.907 1.756 1.617 1.487 1.365 1.245 1.127 1.008 0.892 0.783 0.680 0.586 0.500 0.424 0.356 0.297 0.246 0.203 0.167 0.136 0.110 0.086 0.065 0.047 0.031 0.019 0.011 0.006 0.003 0.002 0.001 0.001 0.001 0.001 0.001 0.001 0.001 0.001 0.001 0.001 0.001 0.001 0.001 0.001 0.001 0.001 0.001 0.001 0.000 0.000 0.000 0.000 0.000 0.000 0.000 0.000 0.000 0.000 0.000 0.000 0.000 0.000 0.000 0.000 0.000 0.000 0.000 0.000 0.000 0.000 0.000 0.000 0.000 0.000 0.000 0.000
2.032 1.874 1.732 1.602 1.482 1.369 1.258 1.147 1.031 0.910 0.795 0.689 0.592 0.504 0.427 0.358 0.297 0.245 0.200 0.161 0.128 0.098 0.071 0.049 0.031 0.018 0.009 0.005 0.003 0.002 0.001 0.001 0.001 0.001 0.001 0.001 0.001 0.001 0.001 0.001 0.001 0.001 0.001 0.001 0.001 0.001 0.001 0.001 0.001 0.001 0.000 0.000 0.000 0.000 0.000 0.000 0.000 0.000 0.000 0.000 0.000 0.000 0.000 0.000 0.000 0.000 0.000 0.000 0.000 0.000 0.000 0.000 0.000 0.000 0.000 0.000 0.000
1.977 1.830 1.700 1.583 1.474 1.370 1.266 1.160 1.047 0.923 0.802 0.693 0.594 0.506 0.428 0.358 0.296 0.240 0.190 0.146 0.105 0.070 0.043 0.025 0.014 0.007 0.004 0.002 0.001 0.001 0.001 0.001 0.001 0.001 0.001 0.001 0.001 0.001 0.001 0.001 0.001 0.001 0.001 0.001 0.001 0.001 0.001 0.001 0.001 0.001 0.000 0.000 0.000 0.000 0.000 0.000 0.000 0.000 0.000 0.000 0.000 0.000 0.000 0.000 0.000 0.000 0.000 0.000 0.000 0.000 0.000 0.000 0.000 0.000 0.000 0.000 0.000
1.914 1.779 1.659 1.554 1.458 1.365 1.268 1.164 1.052 0.927 0.800 0.686 0.586 0.498 0.419 0.348 0.281 0.217 0.158 0.105 0.062 0.033 0.017 0.009 0.005 0.003 0.002 0.001 0.001 0.001 0.001 0.001 0.001 0.001 0.001 0.001 0.001 0.001 0.001 0.001 0.001 0.001 0.001 0.001 0.001 0.001 0.001 0.001 0.001 0.001 0.001 0.000 0.000 0.000 0.000 0.000 0.000 0.000 0.000 0.000 0.000 0.000 0.000 0.000 0.000 0.000 0.000 0.000 0.000 0.000 0.000 0.000 0.000 0.000 0.000 0.000 0.000
1.843 1.720 1.608 1.507 1.414 1.324 1.230 1.130 1.021 0.898 0.764 0.643 0.540 0.450 0.370 0.294 0.221 0.151 0.091 0.047 0.022 0.010 0.005 0.003 0.002 0.001 0.001 0.001 0.001 0.001 0.001 0.001 0.001 0.001 0.001 0.001 0.001 0.001 0.001 0.001 0.001 0.001 0.001 0.001 0.001 0.001 0.001 0.001 0.001 0.001 0.001 0.001 0.000 0.000 0.000 0.000 0.000 0.000 0.000 0.000 0.000 0.000 0.000 0.000 0.000 0.000 0.000 0.000 0.000 0.000 0.000 0.000 0.000 0.000 0.000 0.000 0.000
1.760 1.639 1.513 1.388 1.272 1.168 1.072 0.977 0.878 0.768 0.639 0.515 0.410 0.319 0.240 0.171 0.109 0.061 0.030 0.013 0.006 0.003 0.002 0.001 0.001 0.001 0.001 0.001 0.001 0.001 0.001 0.001 0.001 0.001 0.001 0.001 0.001 0.001 0.001 0.001 0.001 0.001 0.001 0.001 0.002 0.002 0.002 0.002 0.002 0.002 0.001 0.001 0.000 0.000 0.000 0.000 0.000 0.000 0.000 0.000 0.000 0.000 0.000 0.000 0.000 0.000 0.000 0.000 0.000 0.000 0.000 0.000 0.000 0.000 0.000 0.000 0.000
1.600 1.439 1.262 1.089 0.933 0.806 0.707 0.624 0.549 0.469 0.376 0.279 0.198 0.136 0.091 0.058 0.033 0.017 0.007 0.003 0.002 0.001 0.001 0.001 0.001 0.001 0.001 0.001 0.001 0.001 0.001 0.001 0.001 0.001 0.001 0.001 0.001 0.001 0.001 0.002 0.002 0.002 0.002 0.002 0.002 0.003 0.003 0.003 0.003 0.003 0.002 0.001 0.000 0.000 0.000 0.000 0.000 0.000 0.000 0.000 0.000 0.000 0.000 0.000 0.000 0.000 0.000 0.000 0.000 0.000 0.000 0.000 0.000 0.000 0.000 0.000 0.000
1.236 1.003 0.784 0.601 0.463 0.367 0.300 0.252 0.212 0.175 0.135 0.095 0.063 0.039 0.024 0.015 0.008 0.004 0.002 0.001 0.001 0.001 0.001 0.001 0.001 0.001 0.001 0.001 0.001 0.001 0.001 0.001 0.001 0.002 0.002 0.002 0.002 0.002 0.002 0.002 0.002 0.003 0.003 0.003 0.004 0.004 0.005 0.005 0.005 0.004 0.003 0.001 0.001 0.000 0.000 0.000 0.000 0.000 0.000 0.000 0.000 0.000 0.000 0.000 0.000 0.000 0.000 0.000 0.000 0.000 0.000 0.000 0.000 0.000 0.000 0.000 0.000
0.691 0.494 0.354 0.254 0.185 0.136 0.104 0.082 0.065 0.051 0.038 0.026 0.017 0.010 0.007 0.004 0.003 0.002 0.001 0.001 0.001 0.001 0.001 0.001 0.001 0.001 0.001 0.001 0.001 0.002 0.002 0.002 0.002 0.002 0.002 0.002 0.002 0.003 0.003 0.003 0.004 0.005 0.005 0.006 0.007 0.008 0.008 0.008 0.008 0.006 0.004 0.002 0.001 0.000 0.000 0.000 0.000 0.000 0.000 0.000 0.000 0.000 0.000 0.000 0.000 0.000 0.000 0.000 0.000 0.000 0.000 0.000 0.000 0.000 0.000 0.000 0.000
0.302 0.205 0.141 0.099 0.070 0.049 0.035 0.026 0.020 0.015 0.011 0.007 0.005 0.003 0.002 0.002 0.001 0.001 0.001 0.001 0.001 0.001 0.001 0.001 0.001 0.001 0.002 0.002 0.002 0.002 0.002 0.002 0.003 0.003 0.003 0.004 0.004 0.005 0.006 0.007 0.008 0.009 0.010 0.012 0.013 0.014 0.014 0.013 0.011 0.007 0.004 0.002 0.001 0.000 0.000 0.000 0.000 0.000 0.000 0.000 0.000 0.000 0.000 0.000 0.000 0.000 0.000 0.000 0.000 0.000 0.000 0.000 0.000 0.000 0.000 0.000 0.000
0.119 0.080 0.055 0.038 0.026 0.018 0.013 0.009 0.007 0.005 0.004 0.003 0.002 0.002 0.001 0.001 0.001 0.001 0.001 0.001 0.001 0.001 0.001 0.002 0.002 0.002 0.002 0.003 0.003 0.003 0.004 0.004 0.005 0.005 0.006 0.007 0.008 0.010 0.012 0.014 0.017 0.019 0.022 0.023 0.024 0.024 0.022 0.017 0.012 0.007 0.004 0.002 0.001 0.000 0.000 0.000 0.000 0.000 0.000 0.000 0.000 0.000 0.000 0.000 0.000 0.000 0.000 0.000 0.000 0.000 0.000 0.000 0.000 0.000 0.000 0.000 0.000
0.046 0.031 0.021 0.015 0.010 0.007 0.005 0.004 0.003 0.002 0.002 0.001 0.001 0.001 0.001 0.001 0.001 0.001 0.001 0.001 0.001 0.002 0.002 0.002 0.002 0.003 0.003 0.004 0.005 0.006 0.007 0.008 0.010 0.012 0.014 0.016 0.019 0.024 0.028 0.033 0.037 0.040 0.041 0.039 0.036 0.032 0.026 0.019 0.012 0.007 0.004 0.002 0.001 0.000 0.000 0.000 0.000 0.000 0.000 0.000 0.000 0.000 0.000 0.000 0.000 0.000 0.000 0.000 0.000 0.000 0.000 0.000 0.000 0.000 0.000 0.000 0.000
0.018 0.012 0.009 0.006 0.004 0.003 0.002 0.002 0.002 0.001 0.001 0.001 0.001 0.001 0.001 0.001 0.001 0.001 0.001 0.002 0.002 0.002 0.003 0.003 0.004 0.005 0.006 0.008 0.010 0.012 0.015 0.019 0.023 0.028 0.033 0.039 0.046 0.054 0.061 0.064 0.064 0.061 0.056 0.050 0.042 0.035 0.026 0.018 0.012 0.007 0.004 0.002 0.001 0.000 0.000 0.000 0.000 0.000 0.000 0.000 0.000 0.000 0.000 0.000 0.000 0.000 0.000 0.000 0.000 0.000 0.000 0.000 0.000 0.000 0.000 0.000 0.000
0.008 0.006 0.004 0.003 0.002 0.002 0.002 0.001 0.001 0.001 0.001 0.001 0.001 0.001 0.001 0.001 0.001 0.001 0.002 0.002 0.003 0.003 0.004 0.005 0.007 0.010 0.014 0.018 0.024 0.031 0.038 0.047 0.057 0.067 0.076 0.086 0.094 0.099 0.097 0.090 0.081 0.071 0.062 0.053 0.044 0.035 0.026 0.018 0.012 0.007 0.004 0.002 0.001 0.000 0.000 0.000 0.000 0.000 0.000 0.000 0.000 0.000 0.000 0.000 0.000 0.000 0.000 0.000 0.000 0.000 0.000 0.000 0.000 0.000 0.000 0.000 0.000
0.004 0.003 0.002 0.002 0.002 0.001 0.001 0.001 0.001 0.001 0.001 0.001 0.001 0.001 0.001 0.001 0.002 0.002 0.002 0.003 0.004 0.005 0.008 0.011 0.016 0.024 0.035 0.048 0.062 0.077 0.093 0.110 0.125 0.136 0.143 0.144 0.139 0.129 0.115 0.100 0.086 0.073 0.062 0.052 0.043 0.034 0.025 0.017 0.011 0.007 0.004 0.002 0.001 0.000 0.000 0.000 0.000 0.000 0.000 0.000 0.000 0.000 0.000 0.000 0.000 0.000 0.000 0.000 0.000 0.000 0.000 0.000 0.000 0.000 0.000 0.000 0.000
0.002 0.002 0.002 0.001 0.001 0.001 0.001 0.001 0.001 0.001 0.001 0.001 0.001 0.001 0.002 0.002 0.002 0.003 0.004 0.005 0.007 0.011 0.017 0.026 0.041 0.062 0.089 0.118 0.144 0.166 0.184 0.196 0.201 0.199 0.191 0.178 0.161 0.140 0.119 0.101 0.085 0.072 0.061 0.050 0.040 0.031 0.022 0.015 0.010 0.006 0.003 0.002 0.000 0.000 0.000 0.000 0.000 0.000 0.000 0.000 0.000 0.000 0.000 0.000 0.000 0.000 0.000 0.000 0.000 0.000 0.000 0.000 0.000 0.000 0.000 0.000 0.000
0.001 0.001 0.001 0.001 0.001 0.001 0.001 0.001 0.001 0.001 0.001 0.001 0.002 0.002 0.002 0.002 0.003 0.004 0.006 0.010 0.015 0.025 0.041 0.066 0.102 0.146 0.190 0.224 0.244 0.253 0.256 0.251 0.242 0.228 0.210 0.188 0.164 0.140 0.119 0.100 0.084 0.069 0.057 0.045 0.035 0.026 0.018 0.012 0.008 0.005 0.003 0.001 0.000 0.000 0.000 0.000 0.000 0.000 0.000 0.000 0.000 0.000 0.000 0.000 0.000 0.000 0.000 0.000 0.000 0.000 0.000 0.000 0.000 0.000 0.000 0.000 0.000
0.001 0.001 0.001 0.001 0.001 0.001 0.001 0.001 0.001 0.001 0.001 0.002 0.002 0.002 0.003 0.004 0.005 0.008 0.012 0.020 0.035 0.059 0.095 0.147 0.202 0.249 0.280 0.296 0.301 0.297 0.288 0.274 0.255 0.233 0.211 0.188 0.164 0.139 0.116 0.097 0.079 0.063 0.048 0.036 0.026 0.018 0.013 0.008 0.005 0.003 0.002 0.001 0.000 0.000 0.000 0.000 0.000 0.000 0.000 0.000 0.000 0.000 0.000 0.000 0.000 0.000 0.000 0.000 0.000 0.000 0.000 0.000 0.000 0.000 0.000 0.000 0.000
0.001 0.001 0.001 0.001 0.001 0.001 0.001 0.001 0.001 0.002 0.002 0.002 0.003 0.003 0.004 0.006 0.009 0.015 0.026 0.044 0.075 0.120 0.176 0.232 0.277 0.307 0.321 0.324 0.321 0.313 0.299 0.280 0.257 0.233 0.210 0.187 0.161 0.134 0.110 0.087 0.067 0.050 0.035 0.024 0.016 0.011 0.008 0.005 0.003 0.002 0.001 0.000 0.000 0.000 0.000 0.000 0.000 0.000 0.000 0.000 0.000 0.000 0.000 0.000 0.000 0.000 0.000 0.000 0.000 0.000 0.000 0.000 0.000 0.000 0.000 0.000 0.000
0.001 0.001 0.001 0.001 0.001 0.001 0.001 0.002 0.002 0.002 0.003 0.003 0.004 0.005 0.007 0.010 0.017 0.029 0.050 0.083 0.128 0.181 0.232 0.275 0.306 0.324 0.330 0.331 0.328 0.319 0.303 0.281 0.255 0.229 0.204 0.178 0.150 0.120 0.092 0.067 0.047 0.031 0.021 0.014 0.010 0.007 0.005 0.003 0.002 0.001 0.000 0.000 0.000 0.000 0.000 0.000 0.000 0.000 0.000 0.000 0.000 0.000 0.000 0.000 0.000 0.000 0.000 0.000 0.000 0.000 0.000 0.000 0.000 0.000 0.000 0.000 0.000
0.001 0.001 0.001 0.001 0.001 0.002 0.002 0.002 0.003 0.004 0.004 0.005 0.006 0.007 0.010 0.016 0.027 0.046 0.075 0.115 0.163 0.212 0.253 0.286 0.311 0.326 0.332 0.333 0.330 0.321 0.303 0.277 0.246 0.211 0.179 0.148 0.116 0.086 0.060 0.039 0.026 0.017 0.011 0.008 0.006 0.004 0.003 0.002 0.001 0.000 0.000 0.000 0.000 0.000 0.000 0.000 0.000 0.000 0.000 0.000 0.000 0.000 0.000 0.000 0.000 0.000 0.000 0.000 0.000 0.000 0.000 0.000 0.000 0.000 0.000 0.000 0.000
0.001 0.001 0.001 0.002 0.002 0.003 0.003 0.004 0.005 0.006 0.006 0.007 0.008 0.010 0.013 0.020 0.033 0.056 0.088 0.130 0.178 0.221 0.256 0.287 0.310 0.324 0.329 0.330 0.326 0.313 0.290 0.257 0.213 0.167 0.126 0.091 0.064 0.043 0.028 0.019 0.012 0.008 0.006 0.004 0.003 0.002 0.001 0.001 0.000 0.000 0.000 0.000 0.000 0.000 0.000 0.000 0.000 0.000 0.000 0.000 0.000 0.000 0.000 0.000 0.000 0.000 0.000 0.000 0.000 0.000 0.000 0.000 0.000 0.000 0.000 0.000 0.000
0.001 0.001 0.002 0.002 0.003 0.004 0.005 0.006 0.007 0.008 0.008 0.009 0.009 0.011 0.014 0.021 0.035 0.059 0.091 0.133 0.180 0.220 0.253 0.278 0.294 0.302 0.302 0.297 0.287 0.269 0.240 0.200 0.149 0.100 0.064 0.041 0.027 0.017 0.012 0.008 0.006 0.004 0.003 0.002 0.002 0.001 0.001 0.000 0.000 0.000 0.000 0.000 0.000 0.000 0.000 0.000 0.000 0.000 0.000 0.000 0.000 0.000 0.000 0.000 0.000 0.000 0.000 0.000 0.000 0.000 0.000 0.000 0.000 0.000 0.000 0.000 0.000
0.001 0.001 0.002 0.004 0.005 0.006 0.008 0.008 0.009 0.009 0.009 0.009 0.010 0.011 0.014 0.021 0.035 0.057 0.089 0.130 0.173 0.206 0.229 0.241 0.244 0.237 0.224 0.208 0.190 0.169 0.143 0.111 0.074 0.046 0.027 0.016 0.010 0.007 0.005 0.003 0.002 0.002 0.001 0.001 0.001 0.000 0.000 0.000 0.000 0.000 0.000 0.000 0.000 0.000 0.000 0.000 0.000 0.000 0.000 0.000 0.000 0.000 0.000 0.000 0.000 0.000 0.000 0.000 0.000 0.000 0.000 0.000 0.000 0.000 0.000 0.000 0.000
