RESULTS/r.avaflow_results/12_results/12_ascii/12_hflow10021.asc
ncols 506
nrows 317
xllcenter 498237.50
yllcenter 5580050.00
cellsize 12.50
NODATA_value -9999.000
[rows 204 to 237 of 317, columns 77 to 153 of 506]
0.009 0.010 0.010 0.010 0.010 0.010 0.010 0.010 0.011 0.012 0.015 0.018 0.021 0.026 0.031 0.038 0.051 0.074 0.120 0.203 0.271 0.297 0.305 0.299 0.289 0.333 0.411 0.476 0.495 0.471 0.441 0.408 0.369 0.322 0.264 0.208 0.168 0.140 0.122 0.111 0.108 0.108 0.111 0.111 0.104 0.090 0.068 0.047 0.031 0.019 0.011 0.006 0.003 0.002 0.001 0.001 0.000 0.000 0.000 0.000 0.000 0.000 0.000 0.000 0.000 0.001 0.000 0.001 0.001 0.001 0.000 0.000 0.000 0.000 0.000 0.000 0.001
0.013 0.013 0.013 0.013 0.013 0.013 0.013 0.014 0.015 0.017 0.019 0.022 0.025 0.029 0.034 0.043 0.058 0.086 0.145 0.237 0.289 0.301 0.293 0.244 0.151 0.110 0.118 0.156 0.192 0.209 0.213 0.207 0.193 0.170 0.136 0.100 0.074 0.057 0.046 0.040 0.038 0.038 0.040 0.042 0.042 0.039 0.031 0.021 0.013 0.007 0.004 0.002 0.001 0.001 0.000 0.000 0.000 0.000 0.000 0.000 0.000 0.000 0.000 0.000 0.000 0.001 0.001 0.001 0.001 0.000 0.000 0.000 0.000 0.000 0.000 0.000 0.001
0.018 0.018 0.018 0.017 0.017 0.018 0.018 0.019 0.020 0.022 0.023 0.025 0.027 0.032 0.038 0.048 0.066 0.102 0.178 0.265 0.301 0.305 0.284 0.207 0.104 0.054 0.039 0.041 0.054 0.069 0.079 0.083 0.082 0.075 0.061 0.044 0.031 0.022 0.016 0.014 0.013 0.012 0.013 0.014 0.015 0.015 0.013 0.008 0.005 0.003 0.001 0.001 0.000 0.000 0.000 0.000 0.000 0.000 0.000 0.000 0.000 0.000 0.000 0.000 0.001 0.001 0.001 0.001 0.000 0.000 0.000 0.000 0.000 0.000 0.000 0.000 0.001
0.026 0.025 0.024 0.024 0.024 0.024 0.024 0.025 0.025 0.026 0.027 0.028 0.030 0.035 0.043 0.056 0.079 0.127 0.218 0.287 0.308 0.306 0.267 0.166 0.076 0.035 0.019 0.014 0.014 0.018 0.023 0.026 0.027 0.027 0.024 0.018 0.012 0.008 0.006 0.004 0.004 0.004 0.004 0.004 0.005 0.005 0.004 0.003 0.002 0.001 0.001 0.000 0.000 0.000 0.000 0.000 0.000 0.000 0.000 0.000 0.000 0.000 0.000 0.001 0.001 0.001 0.001 0.001 0.000 0.000 0.000 0.000 0.000 0.000 0.000 0.000 0.001
0.039 0.036 0.035 0.034 0.033 0.032 0.031 0.031 0.031 0.031 0.031 0.032 0.035 0.040 0.050 0.066 0.097 0.163 0.256 0.303 0.313 0.301 0.237 0.125 0.056 0.026 0.013 0.008 0.006 0.006 0.007 0.007 0.008 0.009 0.008 0.007 0.005 0.003 0.002 0.001 0.001 0.001 0.001 0.001 0.001 0.001 0.001 0.001 0.001 0.001 0.000 0.000 0.000 0.000 0.000 0.000 0.000 0.000 0.000 0.000 0.000 0.000 0.001 0.001 0.001 0.001 0.001 0.000 0.000 0.000 0.000 0.000 0.000 0.000 0.000 0.000 0.001
0.060 0.056 0.052 0.050 0.047 0.044 0.040 0.039 0.038 0.037 0.037 0.038 0.041 0.048 0.060 0.080 0.121 0.207 0.285 0.313 0.316 0.288 0.196 0.092 0.042 0.020 0.011 0.006 0.004 0.003 0.003 0.002 0.002 0.002 0.003 0.002 0.002 0.001 0.001 0.001 0.001 0.001 0.001 0.000 0.000 0.000 0.000 0.001 0.001 0.001 0.000 0.000 0.000 0.000 0.000 0.000 0.000 0.000 0.000 0.000 0.000 0.001 0.001 0.001 0.001 0.001 0.001 0.000 0.000 0.000 0.000 0.000 0.000 0.000 0.000 0.000 0.001
0.094 0.088 0.082 0.076 0.069 0.061 0.054 0.049 0.047 0.046 0.047 0.048 0.051 0.058 0.071 0.097 0.154 0.248 0.304 0.318 0.313 0.265 0.154 0.069 0.032 0.016 0.009 0.006 0.004 0.003 0.002 0.001 0.001 0.001 0.001 0.001 0.001 0.001 0.001 0.001 0.001 0.001 0.000 0.000 0.000 0.000 0.000 0.000 0.000 0.000 0.001 0.001 0.000 0.000 0.000 0.000 0.000 0.000 0.000 0.000 0.001 0.001 0.001 0.001 0.001 0.001 0.000 0.000 0.000 0.000 0.000 0.000 0.000 0.000 0.000 0.000 0.000
0.143 0.139 0.130 0.118 0.106 0.091 0.076 0.067 0.062 0.060 0.060 0.061 0.064 0.071 0.085 0.117 0.191 0.278 0.314 0.320 0.304 0.231 0.117 0.053 0.025 0.013 0.008 0.005 0.004 0.003 0.002 0.001 0.001 0.000 0.000 0.000 0.000 0.000 0.001 0.001 0.001 0.001 0.001 0.000 0.000 0.000 0.000 0.000 0.000 0.000 0.000 0.001 0.000 0.000 0.000 0.000 0.000 0.000 0.000 0.001 0.001 0.001 0.001 0.001 0.001 0.001 0.000 0.000 0.000 0.000 0.000 0.000 0.000 0.000 0.000 0.000 0.000
0.214 0.211 0.202 0.187 0.168 0.142 0.115 0.096 0.085 0.080 0.079 0.079 0.082 0.088 0.103 0.141 0.227 0.298 0.320 0.319 0.286 0.189 0.089 0.041 0.021 0.012 0.007 0.005 0.003 0.002 0.002 0.001 0.000 0.000 0.000 0.000 0.000 0.000 0.001 0.001 0.001 0.001 0.001 0.000 0.000 0.000 0.000 0.000 0.000 0.000 0.000 0.001 0.000 0.000 0.000 0.000 0.000 0.000 0.001 0.001 0.001 0.001 0.001 0.001 0.001 0.001 0.000 0.000 0.000 0.000 0.000 0.000 0.000 0.000 0.000 0.000 0.000
0.312 0.311 0.305 0.290 0.265 0.228 0.182 0.145 0.122 0.110 0.105 0.105 0.107 0.112 0.127 0.173 0.260 0.312 0.324 0.314 0.258 0.147 0.069 0.034 0.018 0.011 0.007 0.005 0.003 0.002 0.001 0.001 0.000 0.000 0.000 0.000 0.000 0.000 0.001 0.001 0.001 0.001 0.001 0.001 0.000 0.000 0.000 0.000 0.000 0.000 0.000 0.000 0.000 0.000 0.000 0.000 0.000 0.000 0.001 0.001 0.001 0.001 0.001 0.001 0.001 0.000 0.000 0.000 0.000 0.000 0.000 0.000 0.000 0.000 0.000 0.000 0.000
0.443 0.446 0.443 0.431 0.405 0.360 0.295 0.230 0.185 0.159 0.146 0.142 0.142 0.146 0.164 0.217 0.292 0.324 0.327 0.302 0.216 0.110 0.054 0.029 0.017 0.011 0.007 0.004 0.003 0.002 0.001 0.001 0.000 0.000 0.000 0.000 0.000 0.000 0.001 0.000 0.001 0.001 0.001 0.001 0.000 0.000 0.000 0.000 0.000 0.000 0.000 0.000 0.000 0.000 0.000 0.000 0.000 0.001 0.001 0.001 0.001 0.001 0.001 0.001 0.000 0.000 0.000 0.000 0.000 0.000 0.000 0.000 0.000 0.000 0.000 0.000 0.000
0.616 0.624 0.625 0.617 0.593 0.546 0.468 0.369 0.290 0.239 0.210 0.196 0.193 0.196 0.214 0.270 0.323 0.337 0.328 0.273 0.164 0.082 0.044 0.026 0.016 0.010 0.007 0.004 0.003 0.002 0.001 0.001 0.001 0.000 0.000 0.000 0.000 0.000 0.001 0.000 0.000 0.001 0.001 0.001 0.001 0.000 0.000 0.000 0.000 0.000 0.000 0.000 0.000 0.000 0.000 0.000 0.000 0.001 0.001 0.001 0.001 0.001 0.001 0.001 0.000 0.000 0.000 0.000 0.000 0.000 0.000 0.000 0.000 0.000 0.000 0.000 0.000
0.838 0.855 0.859 0.855 0.836 0.789 0.705 0.582 0.456 0.368 0.311 0.278 0.265 0.265 0.283 0.331 0.359 0.357 0.317 0.219 0.116 0.064 0.039 0.025 0.016 0.010 0.006 0.004 0.002 0.001 0.001 0.001 0.001 0.001 0.000 0.000 0.000 0.000 0.001 0.000 0.001 0.001 0.001 0.001 0.001 0.001 0.000 0.000 0.000 0.000 0.000 0.000 0.000 0.000 0.000 0.000 0.000 0.001 0.001 0.001 0.001 0.001 0.001 0.001 0.000 0.000 0.000 0.000 0.000 0.000 0.000 0.000 0.000 0.000 0.000 0.000 0.000
1.115 1.146 1.156 1.155 1.140 1.097 1.012 0.876 0.704 0.565 0.468 0.405 0.372 0.364 0.376 0.402 0.401 0.366 0.275 0.158 0.088 0.055 0.037 0.025 0.016 0.010 0.006 0.003 0.002 0.001 0.001 0.001 0.001 0.001 0.000 0.000 0.000 0.000 0.001 0.000 0.001 0.001 0.001 0.001 0.001 0.001 0.001 0.000 0.000 0.000 0.000 0.000 0.000 0.000 0.000 0.000 0.000 0.000 0.000 0.000 0.000 0.000 0.000 0.000 0.000 0.000 0.000 0.000 0.000 0.000 0.000 0.000 0.000 0.000 0.000 0.000 0.000
1.455 1.505 1.525 1.528 1.517 1.479 1.397 1.255 1.051 0.848 0.698 0.596 0.534 0.506 0.496 0.477 0.426 0.330 0.208 0.121 0.078 0.053 0.037 0.025 0.016 0.010 0.005 0.003 0.002 0.001 0.001 0.001 0.001 0.001 0.000 0.000 0.000 0.000 0.001 0.000 0.000 0.001 0.001 0.001 0.001 0.001 0.001 0.001 0.000 0.000 0.000 0.000 0.000 0.000 0.000 0.000 0.000 0.000 0.000 0.000 0.000 0.000 0.000 0.000 0.000 0.000 0.000 0.000 0.000 0.000 0.000 0.000 0.000 0.000 0.000 0.000 0.000
1.865 1.941 1.975 1.983 1.977 1.945 1.867 1.726 1.506 1.242 1.029 0.875 0.772 0.696 0.620 0.527 0.411 0.279 0.172 0.110 0.076 0.054 0.038 0.026 0.016 0.009 0.005 0.003 0.002 0.001 0.001 0.000 0.000 0.001 0.000 0.000 0.000 0.000 0.001 0.000 0.001 0.001 0.001 0.001 0.001 0.001 0.001 0.001 0.001 0.000 0.000 0.000 0.000 0.000 0.000 0.000 0.000 0.000 0.000 0.000 0.000 0.000 0.000 0.000 0.000 0.000 0.000 0.000 0.000 0.000 0.000 0.000 0.000 0.000 0.000 0.000 0.000
2.353 2.461 2.515 2.531 2.529 2.503 2.433 2.297 2.076 1.777 1.490 1.259 1.068 0.891 0.717 0.551 0.392 0.256 0.165 0.110 0.078 0.057 0.041 0.027 0.016 0.009 0.005 0.003 0.002 0.001 0.001 0.000 0.000 0.000 0.000 0.000 0.000 0.000 0.000 0.000 0.001 0.001 0.001 0.001 0.001 0.001 0.001 0.001 0.001 0.001 0.001 0.000 0.000 0.000 0.000 0.000 0.000 0.000 0.001 0.001 0.001 0.000 0.000 0.000 0.000 0.000 0.000 0.000 0.000 0.000 0.000 0.000 0.000 0.000 0.000 0.000 0.000
2.923 3.075 3.152 3.178 3.179 3.161 3.101 2.978 2.770 2.459 2.082 1.707 1.368 1.063 0.798 0.572 0.389 0.256 0.170 0.118 0.085 0.063 0.045 0.030 0.017 0.009 0.004 0.002 0.001 0.001 0.001 0.000 0.001 0.001 0.000 0.000 0.000 0.000 0.001 0.000 0.001 0.001 0.001 0.001 0.000 0.001 0.001 0.001 0.001 0.001 0.001 0.000 0.000 0.000 0.000 0.000 0.000 0.000 0.000 0.000 0.001 0.000 0.000 0.000 0.000 0.000 0.000 0.000 0.000 0.000 0.000 0.000 0.000 0.000 0.000 0.000 0.000
3.535 3.722 3.826 3.868 3.875 3.862 3.819 3.712 3.502 3.166 2.707 2.171 1.663 1.233 0.883 0.609 0.408 0.275 0.191 0.137 0.101 0.074 0.051 0.032 0.018 0.009 0.004 0.002 0.001 0.001 0.001 0.000 0.000 0.000 0.000 0.000 0.000 0.000 0.001 0.001 0.001 0.001 0.001 0.001 0.000 0.000 0.001 0.001 0.001 0.001 0.001 0.000 0.000 0.000 0.000 0.000 0.000 0.000 0.000 0.001 0.001 0.000 0.000 0.000 0.000 0.000 0.000 0.000 0.000 0.000 0.000 0.000 0.000 0.000 0.000 0.000 0.000
4.075 4.283 4.409 4.466 4.479 4.471 4.438 4.338 4.120 3.766 3.266 2.629 1.964 1.418 0.993 0.681 0.467 0.329 0.238 0.175 0.128 0.090 0.059 0.034 0.018 0.009 0.004 0.002 0.001 0.001 0.001 0.000 0.000 0.000 0.000 0.000 0.000 0.000 0.001 0.001 0.001 0.001 0.001 0.001 0.000 0.000 0.000 0.001 0.001 0.001 0.001 0.000 0.000 0.000 0.000 0.000 0.001 0.000 0.001 0.001 0.000 0.000 0.000 0.000 0.000 0.000 0.000 0.000 0.000 0.000 0.000 0.000 0.000 0.000 0.000 0.000 0.000
4.527 4.737 4.873 4.946 4.971 4.970 4.937 4.831 4.613 4.262 3.754 3.076 2.292 1.641 1.154 0.812 0.585 0.434 0.324 0.239 0.169 0.112 0.067 0.035 0.017 0.008 0.004 0.002 0.001 0.001 0.001 0.001 0.001 0.000 0.000 0.000 0.000 0.000 0.001 0.001 0.001 0.001 0.001 0.001 0.001 0.000 0.000 0.000 0.000 0.001 0.000 0.000 0.000 0.000 0.000 0.001 0.001 0.000 0.001 0.001 0.000 0.000 0.000 0.000 0.000 0.000 0.000 0.000 0.000 0.000 0.000 0.000 0.000 0.000 0.000 0.000 0.000
4.890 5.094 5.227 5.309 5.348 5.351 5.311 5.202 4.991 4.651 4.155 3.484 2.656 1.933 1.401 1.035 0.787 0.607 0.461 0.334 0.224 0.134 0.070 0.034 0.016 0.008 0.004 0.002 0.001 0.001 0.000 0.001 0.001 0.000 0.000 0.000 0.000 0.000 0.001 0.001 0.001 0.001 0.001 0.001 0.001 0.001 0.000 0.000 0.000 0.001 0.000 0.000 0.000 0.000 0.000 0.001 0.001 0.001 0.001 0.001 0.000 0.000 0.000 0.000 0.000 0.000 0.000 0.000 0.000 0.000 0.000 0.000 0.000 0.000 0.000 0.000 0.000
5.168 5.363 5.492 5.569 5.607 5.611 5.569 5.463 5.265 4.943 4.472 3.835 3.038 2.312 1.770 1.379 1.087 0.847 0.630 0.433 0.267 0.145 0.069 0.032 0.015 0.007 0.003 0.002 0.001 0.000 0.000 0.000 0.001 0.000 0.000 0.000 0.000 0.000 0.000 0.001 0.001 0.001 0.000 0.000 0.001 0.001 0.001 0.000 0.000 0.000 0.000 0.000 0.000 0.000 0.001 0.001 0.001 0.001 0.001 0.001 0.000 0.000 0.000 0.000 0.000 0.000 0.000 0.000 0.000 0.000 0.000 0.000 0.000 0.000 0.000 0.000 0.000
5.370 5.556 5.677 5.743 5.766 5.764 5.729 5.630 5.445 5.144 4.711 4.126 3.396 2.702 2.155 1.718 1.354 1.034 0.743 0.488 0.284 0.145 0.065 0.028 0.012 0.005 0.003 0.001 0.001 0.000 0.000 0.000 0.001 0.000 0.000 0.000 0.000 0.000 0.000 0.001 0.001 0.001 0.000 0.000 0.000 0.001 0.001 0.001 0.000 0.000 0.000 0.000 0.000 0.000 0.000 0.000 0.000 0.000 0.000 0.000 0.000 0.000 0.000 0.000 0.000 0.000 0.000 0.000 0.000 0.000 0.000 0.000 0.000 0.000 0.000 0.000 0.000
5.508 5.683 5.794 5.847 5.859 5.848 5.814 5.722 5.545 5.268 4.873 4.344 3.680 2.995 2.418 1.933 1.512 1.130 0.787 0.500 0.282 0.137 0.058 0.024 0.010 0.004 0.002 0.001 0.001 0.000 0.000 0.000 0.000 0.000 0.000 0.000 0.000 0.000 0.000 0.001 0.001 0.001 0.000 0.000 0.000 0.000 0.001 0.001 0.001 0.000 0.000 0.000 0.000 0.000 0.000 0.000 0.000 0.000 0.000 0.000 0.000 0.000 0.000 0.000 0.000 0.000 0.000 0.000 0.000 0.000 0.000 0.000 0.000 0.000 0.000 0.000 0.000
5.589 5.758 5.856 5.889 5.897 5.887 5.851 5.761 5.591 5.331 4.965 4.479 3.869 3.189 2.578 2.050 1.580 1.154 0.783 0.480 0.256 0.115 0.046 0.018 0.007 0.003 0.002 0.001 0.001 0.001 0.000 0.000 0.000 0.000 0.000 0.000 0.000 0.000 0.001 0.001 0.001 0.001 0.001 0.000 0.000 0.000 0.000 0.001 0.001 0.001 0.000 0.000 0.000 0.000 0.000 0.000 0.001 0.001 0.001 0.000 0.000 0.000 0.000 0.000 0.000 0.000 0.000 0.000 0.000 0.000 0.000 0.000 0.000 0.000 0.000 0.000 0.000
5.628 5.788 5.871 5.898 5.907 5.897 5.861 5.771 5.607 5.356 5.005 4.542 3.968 3.304 2.664 2.099 1.592 1.132 0.735 0.419 0.201 0.082 0.031 0.012 0.005 0.002 0.001 0.001 0.001 0.001 0.001 0.000 0.000 0.000 0.000 0.000 0.000 0.000 0.001 0.001 0.001 0.001 0.001 0.001 0.000 0.000 0.000 0.000 0.001 0.000 0.000 0.000 0.000 0.000 0.000 0.000 0.000 0.000 0.000 0.000 0.000 0.000 0.000 0.000 0.000 0.000 0.000 0.000 0.000 0.000 0.000 0.000 0.000 0.000 0.000 0.000 0.000
5.645 5.793 5.868 5.897 5.903 5.894 5.858 5.768 5.608 5.360 5.013 4.560 4.004 3.362 2.703 2.109 1.566 1.066 0.642 0.328 0.141 0.055 0.022 0.009 0.004 0.002 0.001 0.001 0.001 0.001 0.001 0.001 0.000 0.000 0.000 0.000 0.000 0.000 0.001 0.001 0.001 0.001 0.001 0.001 0.001 0.000 0.000 0.000 0.000 0.000 0.000 0.000 0.000 0.000 0.000 0.000 0.000 0.000 0.000 0.000 0.000 0.000 0.000 0.000 0.000 0.000 0.000 0.000 0.000 0.000 0.000 0.000 0.000 0.000 0.000 0.000 0.000
5.642 5.780 5.851 5.884 5.888 5.873 5.834 5.747 5.592 5.348 5.003 4.556 4.009 3.380 2.714 2.088 1.501 0.966 0.538 0.254 0.104 0.041 0.017 0.007 0.003 0.001 0.001 0.001 0.001 0.001 0.001 0.001 0.000 0.000 0.000 0.000 0.000 0.000 0.000 0.000 0.000 0.000 0.000 0.000 0.001 0.001 0.000 0.000 0.000 0.000 0.000 0.000 0.000 0.000 0.000 0.000 0.000 0.000 0.000 0.000 0.000 0.000 0.000 0.000 0.000 0.000 0.000 0.000 0.000 0.000 0.000 0.000 0.000 0.000 0.000 0.000 0.000
5.610 5.732 5.800 5.834 5.840 5.828 5.785 5.694 5.540 5.301 4.964 4.526 3.991 3.374 2.702 2.033 1.401 0.854 0.449 0.201 0.081 0.032 0.013 0.005 0.002 0.001 0.001 0.001 0.001 0.001 0.001 0.001 0.000 0.000 0.000 0.000 0.000 0.000 0.000 0.001 0.001 0.001 0.000 0.000 0.000 0.000 0.001 0.001 0.000 0.000 0.000 0.000 0.000 0.000 0.000 0.001 0.001 0.000 0.000 0.000 0.000 0.000 0.000 0.000 0.000 0.000 0.000 0.000 0.000 0.000 0.000 0.000 0.000 0.000 0.000 0.000 0.000
5.517 5.635 5.707 5.739 5.745 5.734 5.687 5.594 5.440 5.205 4.878 4.454 3.934 3.334 2.661 1.943 1.278 0.738 0.367 0.156 0.061 0.024 0.009 0.004 0.001 0.001 0.001 0.000 0.001 0.001 0.001 0.000 0.000 0.000 0.000 0.000 0.000 0.000 0.000 0.001 0.001 0.001 0.001 0.001 0.000 0.000 0.000 0.001 0.001 0.001 0.000 0.000 0.000 0.000 0.001 0.001 0.001 0.001 0.000 0.000 0.000 0.000 0.000 0.000 0.000 0.000 0.000 0.000 0.000 0.000 0.000 0.000 0.000 0.000 0.000 0.000 0.000
5.357 5.470 5.537 5.572 5.581 5.571 5.530 5.438 5.282 5.050 4.731 4.320 3.818 3.237 2.568 1.811 1.131 0.616 0.285 0.114 0.042 0.016 0.006 0.002 0.001 0.001 0.000 0.000 0.000 0.001 0.001 0.000 0.000 0.000 0.000 0.000 0.000 0.000 0.000 0.001 0.001 0.001 0.001 0.001 0.001 0.000 0.000 0.000 0.000 0.000 0.000 0.000 0.000 0.000 0.000 0.000 0.001 0.000 0.000 0.000 0.000 0.000 0.000 0.000 0.000 0.000 0.000 0.000 0.000 0.000 0.000 0.000 0.000 0.000 0.000 0.000 0.000
5.114 5.217 5.285 5.324 5.339 5.336 5.301 5.212 5.055 4.824 4.511 4.112 3.630 3.061 2.379 1.602 0.940 0.472 0.198 0.072 0.025 0.009 0.003 0.001 0.001 0.001 0.000 0.000 0.000 0.000 0.001 0.001 0.000 0.000 0.000 0.000 0.000 0.000 0.000 0.001 0.001 0.001 0.001 0.001 0.001 0.001 0.000 0.000 0.000 0.000 0.000 0.000 0.000 0.000 0.000 0.001 0.000 0.000 0.000 0.000 0.000 0.000 0.000 0.000 0.000 0.000 0.000 0.000 0.000 0.000 0.000 0.000 0.000 0.000 0.000 0.000 0.000
4.775 4.858 4.925 4.979 5.010 5.012 4.987 4.910 4.762 4.533 4.221 3.823 3.333 2.736 2.008 1.255 0.669 0.294 0.109 0.038 0.013 0.005 0.002 0.001 0.001 0.001 0.001 0.000 0.000 0.000 0.000 0.001 0.000 0.000 0.000 0.000 0.000 0.000 0.000 0.000 0.000 0.000 0.000 0.000 0.000 0.001 0.000 0.000 0.000 0.000 0.000 0.000 0.000 0.000 0.000 0.001 0.000 0.000 0.000 0.000 0.000 0.000 0.000 0.000 0.000 0.000 0.000 0.000 0.000 0.000 0.000 0.000 0.000 0.000 0.000 0.000 0.000
