RESULTS/r.avaflow_results/12_results/12_ascii/12_hflow10024.asc
ncols 506
nrows 317
xllcenter 498237.50
yllcenter 5580050.00
cellsize 12.50
NODATA_value -9999.000
[rows 204 to 237 of 317, columns 77 to 153 of 506]
0.013 0.013 0.013 0.012 0.011 0.011 0.011 0.011 0.012 0.014 0.016 0.019 0.022 0.026 0.031 0.038 0.049 0.068 0.108 0.179 0.246 0.331 0.536 0.916 1.298 1.565 1.655 1.568 1.355 1.100 0.874 0.697 0.555 0.435 0.337 0.262 0.210 0.177 0.158 0.149 0.147 0.150 0.157 0.158 0.150 0.131 0.099 0.067 0.043 0.026 0.015 0.008 0.004 0.002 0.001 0.001 0.000 0.000 0.000 0.000 0.000 0.000 0.000 0.000 0.000 0.001 0.000 0.001 0.001 0.001 0.000 0.000 0.000 0.000 0.000 0.000 0.001
0.017 0.017 0.016 0.015 0.015 0.015 0.015 0.015 0.016 0.018 0.020 0.022 0.025 0.029 0.034 0.042 0.055 0.081 0.135 0.219 0.268 0.286 0.294 0.321 0.414 0.555 0.680 0.725 0.695 0.602 0.489 0.392 0.307 0.231 0.169 0.122 0.090 0.070 0.058 0.053 0.052 0.052 0.057 0.060 0.060 0.056 0.044 0.029 0.018 0.010 0.005 0.003 0.001 0.001 0.000 0.000 0.000 0.000 0.000 0.000 0.000 0.000 0.000 0.000 0.000 0.001 0.001 0.001 0.001 0.000 0.000 0.000 0.000 0.000 0.000 0.000 0.001
0.022 0.022 0.021 0.020 0.019 0.019 0.020 0.020 0.021 0.022 0.024 0.025 0.027 0.031 0.037 0.046 0.063 0.097 0.169 0.251 0.284 0.287 0.262 0.188 0.139 0.149 0.196 0.237 0.252 0.243 0.213 0.177 0.138 0.102 0.072 0.050 0.035 0.026 0.020 0.018 0.017 0.017 0.018 0.020 0.021 0.021 0.018 0.012 0.007 0.004 0.002 0.001 0.001 0.000 0.000 0.000 0.000 0.000 0.000 0.000 0.000 0.000 0.000 0.000 0.001 0.001 0.001 0.001 0.000 0.000 0.000 0.000 0.000 0.000 0.000 0.000 0.001
0.031 0.029 0.027 0.027 0.026 0.026 0.026 0.026 0.026 0.027 0.027 0.028 0.030 0.034 0.041 0.052 0.074 0.119 0.206 0.272 0.291 0.288 0.245 0.143 0.074 0.052 0.050 0.061 0.069 0.071 0.069 0.061 0.049 0.037 0.027 0.019 0.013 0.009 0.007 0.005 0.005 0.005 0.005 0.006 0.007 0.007 0.006 0.004 0.002 0.001 0.001 0.000 0.000 0.000 0.000 0.000 0.000 0.000 0.000 0.000 0.000 0.000 0.000 0.001 0.001 0.001 0.001 0.001 0.000 0.000 0.000 0.000 0.000 0.000 0.000 0.000 0.001
0.045 0.041 0.038 0.037 0.036 0.034 0.033 0.032 0.031 0.031 0.031 0.031 0.033 0.038 0.047 0.061 0.089 0.152 0.241 0.286 0.295 0.283 0.218 0.111 0.051 0.027 0.018 0.017 0.018 0.018 0.019 0.018 0.016 0.012 0.009 0.006 0.004 0.003 0.002 0.002 0.001 0.001 0.002 0.002 0.002 0.002 0.002 0.001 0.001 0.001 0.001 0.000 0.000 0.000 0.000 0.000 0.000 0.000 0.000 0.000 0.000 0.000 0.001 0.001 0.001 0.001 0.001 0.000 0.000 0.000 0.000 0.000 0.000 0.000 0.000 0.000 0.001
0.068 0.062 0.057 0.053 0.049 0.045 0.042 0.039 0.037 0.036 0.036 0.037 0.039 0.045 0.055 0.073 0.111 0.191 0.268 0.295 0.297 0.270 0.179 0.083 0.038 0.019 0.011 0.008 0.006 0.006 0.005 0.005 0.004 0.004 0.003 0.002 0.001 0.001 0.001 0.001 0.001 0.001 0.001 0.001 0.001 0.001 0.001 0.001 0.001 0.001 0.000 0.000 0.000 0.000 0.000 0.000 0.000 0.000 0.000 0.000 0.000 0.001 0.001 0.001 0.001 0.001 0.001 0.000 0.000 0.000 0.000 0.000 0.000 0.000 0.000 0.000 0.001
0.105 0.096 0.087 0.079 0.071 0.062 0.054 0.049 0.046 0.044 0.044 0.045 0.047 0.053 0.065 0.088 0.140 0.230 0.286 0.300 0.295 0.248 0.141 0.063 0.030 0.015 0.009 0.006 0.004 0.003 0.002 0.002 0.001 0.001 0.001 0.001 0.001 0.001 0.001 0.001 0.001 0.001 0.001 0.000 0.000 0.000 0.000 0.000 0.000 0.000 0.001 0.001 0.000 0.000 0.000 0.000 0.000 0.000 0.000 0.000 0.001 0.001 0.001 0.001 0.001 0.001 0.000 0.000 0.000 0.000 0.000 0.000 0.000 0.000 0.000 0.000 0.000
0.158 0.150 0.137 0.123 0.108 0.091 0.075 0.065 0.059 0.056 0.056 0.056 0.059 0.065 0.077 0.105 0.174 0.259 0.295 0.302 0.286 0.215 0.108 0.049 0.024 0.013 0.008 0.005 0.004 0.002 0.002 0.001 0.001 0.000 0.000 0.000 0.000 0.000 0.001 0.001 0.001 0.001 0.001 0.000 0.000 0.000 0.000 0.000 0.000 0.000 0.000 0.001 0.000 0.000 0.000 0.000 0.000 0.000 0.000 0.001 0.001 0.001 0.001 0.001 0.001 0.001 0.000 0.000 0.000 0.000 0.000 0.000 0.000 0.000 0.000 0.000 0.000
0.231 0.225 0.212 0.192 0.168 0.140 0.111 0.091 0.080 0.074 0.072 0.072 0.074 0.079 0.092 0.126 0.206 0.277 0.300 0.300 0.269 0.177 0.084 0.040 0.020 0.012 0.007 0.005 0.003 0.002 0.001 0.001 0.000 0.000 0.000 0.000 0.000 0.000 0.001 0.001 0.001 0.001 0.001 0.000 0.000 0.000 0.000 0.000 0.000 0.000 0.000 0.001 0.000 0.000 0.000 0.000 0.000 0.000 0.001 0.001 0.001 0.001 0.001 0.001 0.001 0.001 0.000 0.000 0.000 0.000 0.000 0.000 0.000 0.000 0.000 0.000 0.000
0.330 0.327 0.316 0.295 0.264 0.222 0.174 0.137 0.114 0.101 0.096 0.095 0.096 0.100 0.113 0.154 0.238 0.291 0.304 0.296 0.244 0.139 0.066 0.033 0.018 0.011 0.007 0.004 0.003 0.002 0.001 0.001 0.000 0.000 0.000 0.000 0.000 0.000 0.001 0.001 0.001 0.001 0.001 0.001 0.000 0.000 0.000 0.000 0.000 0.000 0.000 0.000 0.000 0.000 0.000 0.000 0.000 0.000 0.001 0.001 0.001 0.001 0.001 0.001 0.001 0.000 0.000 0.000 0.000 0.000 0.000 0.000 0.000 0.000 0.000 0.000 0.000
0.461 0.460 0.453 0.435 0.402 0.351 0.281 0.216 0.172 0.145 0.132 0.127 0.127 0.130 0.145 0.193 0.268 0.302 0.307 0.285 0.206 0.106 0.053 0.029 0.017 0.010 0.007 0.004 0.003 0.002 0.001 0.001 0.000 0.000 0.000 0.000 0.000 0.000 0.001 0.000 0.001 0.001 0.001 0.001 0.000 0.000 0.000 0.000 0.000 0.000 0.000 0.000 0.000 0.000 0.000 0.000 0.000 0.001 0.001 0.001 0.001 0.001 0.001 0.001 0.000 0.000 0.000 0.000 0.000 0.000 0.000 0.000 0.000 0.000 0.000 0.000 0.000
0.631 0.633 0.630 0.616 0.585 0.530 0.446 0.346 0.269 0.218 0.188 0.174 0.171 0.173 0.190 0.243 0.298 0.314 0.308 0.260 0.159 0.081 0.044 0.026 0.016 0.010 0.006 0.004 0.002 0.001 0.001 0.001 0.001 0.000 0.000 0.000 0.000 0.000 0.001 0.000 0.000 0.001 0.001 0.001 0.001 0.000 0.000 0.000 0.000 0.000 0.000 0.000 0.000 0.000 0.000 0.000 0.000 0.001 0.001 0.001 0.001 0.001 0.001 0.001 0.000 0.000 0.000 0.000 0.000 0.000 0.000 0.000 0.000 0.000 0.000 0.000 0.000
0.846 0.853 0.853 0.844 0.817 0.762 0.671 0.544 0.421 0.335 0.279 0.247 0.235 0.234 0.251 0.299 0.332 0.334 0.301 0.213 0.115 0.064 0.039 0.025 0.016 0.010 0.006 0.004 0.002 0.001 0.001 0.001 0.001 0.001 0.000 0.000 0.000 0.000 0.001 0.000 0.001 0.001 0.001 0.001 0.001 0.001 0.000 0.000 0.000 0.000 0.000 0.000 0.000 0.000 0.000 0.000 0.000 0.001 0.001 0.001 0.001 0.001 0.001 0.001 0.000 0.000 0.000 0.000 0.000 0.000 0.000 0.000 0.000 0.000 0.000 0.000 0.000
1.113 1.129 1.132 1.127 1.104 1.052 0.959 0.817 0.648 0.513 0.420 0.360 0.329 0.323 0.335 0.365 0.372 0.345 0.265 0.157 0.089 0.057 0.038 0.025 0.016 0.009 0.006 0.003 0.002 0.001 0.001 0.001 0.001 0.001 0.000 0.000 0.000 0.000 0.001 0.000 0.001 0.001 0.001 0.001 0.001 0.001 0.001 0.000 0.000 0.000 0.000 0.000 0.000 0.000 0.000 0.000 0.000 0.000 0.000 0.000 0.000 0.000 0.000 0.000 0.000 0.000 0.000 0.000 0.000 0.000 0.000 0.000 0.000 0.000 0.000 0.000 0.000
1.439 1.466 1.474 1.472 1.454 1.407 1.316 1.169 0.965 0.770 0.626 0.529 0.474 0.451 0.446 0.436 0.397 0.317 0.206 0.122 0.080 0.055 0.038 0.025 0.016 0.009 0.005 0.003 0.002 0.001 0.001 0.000 0.001 0.001 0.000 0.000 0.000 0.000 0.001 0.000 0.000 0.001 0.001 0.001 0.001 0.001 0.001 0.001 0.000 0.000 0.000 0.000 0.000 0.000 0.000 0.000 0.000 0.000 0.000 0.000 0.000 0.000 0.000 0.000 0.000 0.000 0.000 0.000 0.000 0.000 0.000 0.000 0.000 0.000 0.000 0.000 0.000
1.829 1.872 1.888 1.889 1.876 1.833 1.747 1.600 1.381 1.125 0.922 0.779 0.687 0.625 0.565 0.490 0.392 0.274 0.173 0.113 0.078 0.055 0.039 0.026 0.016 0.009 0.005 0.003 0.001 0.001 0.001 0.000 0.000 0.001 0.000 0.000 0.000 0.000 0.001 0.000 0.001 0.001 0.001 0.001 0.001 0.001 0.001 0.001 0.001 0.000 0.000 0.000 0.000 0.000 0.000 0.000 0.000 0.000 0.000 0.000 0.000 0.000 0.000 0.000 0.000 0.000 0.000 0.000 0.000 0.000 0.000 0.000 0.000 0.000 0.000 0.000 0.000
2.291 2.354 2.381 2.385 2.376 2.340 2.259 2.118 1.898 1.606 1.335 1.123 0.957 0.809 0.663 0.520 0.381 0.255 0.167 0.113 0.080 0.058 0.041 0.027 0.016 0.008 0.004 0.002 0.001 0.001 0.001 0.000 0.000 0.000 0.000 0.000 0.000 0.000 0.000 0.000 0.001 0.001 0.001 0.001 0.001 0.001 0.001 0.001 0.001 0.001 0.001 0.000 0.000 0.000 0.000 0.000 0.000 0.000 0.001 0.001 0.001 0.000 0.000 0.000 0.000 0.000 0.000 0.000 0.000 0.000 0.000 0.000 0.000 0.000 0.000 0.000 0.000
2.830 2.920 2.959 2.966 2.960 2.931 2.860 2.730 2.525 2.223 1.867 1.532 1.240 0.978 0.747 0.548 0.381 0.256 0.173 0.121 0.088 0.064 0.045 0.029 0.016 0.008 0.004 0.002 0.001 0.001 0.001 0.000 0.001 0.001 0.000 0.000 0.000 0.000 0.001 0.000 0.001 0.001 0.001 0.001 0.000 0.001 0.001 0.001 0.001 0.001 0.001 0.000 0.000 0.000 0.000 0.000 0.000 0.000 0.000 0.000 0.001 0.000 0.000 0.000 0.000 0.000 0.000 0.000 0.000 0.000 0.000 0.000 0.000 0.000 0.000 0.000 0.000
3.379 3.494 3.551 3.569 3.567 3.545 3.492 3.382 3.181 2.869 2.446 1.967 1.523 1.147 0.836 0.589 0.404 0.277 0.196 0.142 0.104 0.075 0.051 0.031 0.016 0.008 0.004 0.002 0.001 0.001 0.001 0.000 0.000 0.000 0.000 0.000 0.000 0.000 0.001 0.001 0.001 0.001 0.001 0.001 0.000 0.000 0.001 0.001 0.001 0.001 0.001 0.000 0.000 0.000 0.000 0.000 0.000 0.000 0.000 0.001 0.001 0.000 0.000 0.000 0.000 0.000 0.000 0.000 0.000 0.000 0.000 0.000 0.000 0.000 0.000 0.000 0.000
3.847 3.981 4.058 4.088 4.090 4.077 4.038 3.938 3.735 3.416 2.970 2.404 1.816 1.331 0.950 0.665 0.467 0.334 0.245 0.180 0.130 0.090 0.057 0.032 0.016 0.008 0.004 0.002 0.001 0.001 0.001 0.000 0.000 0.000 0.000 0.000 0.000 0.000 0.001 0.001 0.001 0.001 0.001 0.001 0.000 0.000 0.000 0.001 0.001 0.001 0.001 0.000 0.000 0.000 0.000 0.000 0.001 0.000 0.001 0.001 0.000 0.000 0.000 0.000 0.000 0.000 0.000 0.000 0.000 0.000 0.000 0.000 0.000 0.000 0.000 0.000 0.000
4.232 4.373 4.463 4.508 4.521 4.517 4.482 4.379 4.180 3.870 3.425 2.833 2.140 1.554 1.113 0.800 0.588 0.442 0.332 0.244 0.170 0.110 0.063 0.032 0.016 0.007 0.003 0.002 0.001 0.001 0.001 0.001 0.001 0.000 0.000 0.000 0.000 0.000 0.001 0.001 0.001 0.001 0.001 0.001 0.001 0.000 0.000 0.000 0.000 0.001 0.000 0.000 0.000 0.000 0.000 0.001 0.001 0.000 0.001 0.001 0.000 0.000 0.000 0.000 0.000 0.000 0.000 0.000 0.000 0.000 0.000 0.000 0.000 0.000 0.000 0.000 0.000
4.540 4.680 4.770 4.827 4.855 4.855 4.816 4.714 4.526 4.229 3.801 3.224 2.499 1.844 1.360 1.024 0.791 0.617 0.469 0.337 0.222 0.129 0.066 0.031 0.014 0.007 0.003 0.001 0.001 0.001 0.000 0.001 0.001 0.000 0.000 0.000 0.000 0.000 0.001 0.001 0.001 0.001 0.001 0.001 0.001 0.001 0.000 0.000 0.000 0.001 0.000 0.000 0.000 0.000 0.000 0.001 0.001 0.001 0.001 0.001 0.000 0.000 0.000 0.000 0.000 0.000 0.000 0.000 0.000 0.000 0.000 0.000 0.000 0.000 0.000 0.000 0.000
4.777 4.913 5.004 5.060 5.089 5.091 5.050 4.953 4.779 4.501 4.102 3.563 2.875 2.220 1.727 1.367 1.090 0.853 0.633 0.430 0.260 0.138 0.064 0.029 0.013 0.006 0.003 0.001 0.001 0.000 0.000 0.000 0.001 0.000 0.000 0.000 0.000 0.000 0.000 0.001 0.001 0.001 0.000 0.000 0.001 0.001 0.001 0.000 0.000 0.000 0.000 0.000 0.000 0.000 0.001 0.001 0.001 0.001 0.001 0.001 0.000 0.000 0.000 0.000 0.000 0.000 0.000 0.000 0.000 0.000 0.000 0.000 0.000 0.000 0.000 0.000 0.000
4.946 5.082 5.171 5.219 5.236 5.232 5.198 5.109 4.948 4.693 4.329 3.840 3.224 2.607 2.110 1.704 1.354 1.035 0.740 0.480 0.275 0.136 0.060 0.025 0.010 0.004 0.002 0.001 0.001 0.000 0.000 0.000 0.001 0.000 0.000 0.000 0.000 0.000 0.000 0.001 0.001 0.001 0.000 0.000 0.000 0.001 0.001 0.001 0.000 0.000 0.000 0.000 0.000 0.000 0.000 0.000 0.000 0.000 0.000 0.000 0.000 0.000 0.000 0.000 0.000 0.000 0.000 0.000 0.000 0.000 0.000 0.000 0.000 0.000 0.000 0.000 0.000
5.063 5.195 5.280 5.319 5.325 5.314 5.283 5.200 5.047 4.813 4.483 4.045 3.499 2.903 2.377 1.921 1.511 1.128 0.780 0.489 0.270 0.127 0.052 0.020 0.008 0.003 0.001 0.001 0.001 0.000 0.000 0.000 0.000 0.000 0.000 0.000 0.000 0.000 0.000 0.001 0.001 0.001 0.000 0.000 0.000 0.000 0.001 0.001 0.001 0.000 0.000 0.000 0.000 0.000 0.000 0.000 0.000 0.000 0.000 0.000 0.000 0.000 0.000 0.000 0.000 0.000 0.000 0.000 0.000 0.000 0.000 0.000 0.000 0.000 0.000 0.000 0.000
5.134 5.267 5.341 5.366 5.366 5.357 5.325 5.244 5.097 4.879 4.575 4.175 3.677 3.102 2.545 2.044 1.580 1.150 0.773 0.466 0.242 0.105 0.040 0.015 0.006 0.003 0.001 0.001 0.001 0.001 0.000 0.000 0.000 0.000 0.000 0.000 0.000 0.000 0.001 0.001 0.001 0.001 0.001 0.000 0.000 0.000 0.000 0.001 0.001 0.001 0.000 0.000 0.000 0.000 0.000 0.000 0.001 0.001 0.001 0.000 0.000 0.000 0.000 0.000 0.000 0.000 0.000 0.000 0.000 0.000 0.000 0.000 0.000 0.000 0.000 0.000 0.000
5.173 5.297 5.357 5.375 5.378 5.372 5.337 5.259 5.119 4.910 4.617 4.238 3.769 3.225 2.649 2.102 1.594 1.127 0.722 0.402 0.187 0.074 0.027 0.011 0.004 0.002 0.001 0.001 0.001 0.001 0.001 0.000 0.000 0.000 0.000 0.000 0.000 0.000 0.001 0.001 0.001 0.001 0.001 0.001 0.000 0.000 0.000 0.000 0.001 0.000 0.000 0.000 0.000 0.000 0.000 0.000 0.000 0.000 0.000 0.000 0.000 0.000 0.000 0.000 0.000 0.000 0.000 0.000 0.000 0.000 0.000 0.000 0.000 0.000 0.000 0.000 0.000
5.190 5.304 5.358 5.379 5.381 5.373 5.337 5.261 5.124 4.918 4.630 4.257 3.805 3.281 2.703 2.121 1.570 1.061 0.628 0.313 0.131 0.050 0.020 0.008 0.003 0.002 0.001 0.001 0.001 0.001 0.001 0.001 0.000 0.000 0.000 0.000 0.000 0.000 0.001 0.001 0.001 0.001 0.001 0.001 0.001 0.000 0.000 0.000 0.000 0.000 0.000 0.000 0.000 0.000 0.000 0.000 0.000 0.000 0.000 0.000 0.000 0.000 0.000 0.000 0.000 0.000 0.000 0.000 0.000 0.000 0.000 0.000 0.000 0.000 0.000 0.000 0.000
5.191 5.297 5.352 5.376 5.380 5.367 5.328 5.253 5.120 4.915 4.628 4.259 3.812 3.294 2.721 2.114 1.512 0.964 0.529 0.245 0.098 0.038 0.015 0.006 0.003 0.001 0.001 0.001 0.001 0.001 0.001 0.001 0.000 0.000 0.000 0.000 0.000 0.000 0.000 0.000 0.000 0.000 0.000 0.000 0.001 0.001 0.000 0.000 0.000 0.000 0.000 0.000 0.000 0.000 0.000 0.000 0.000 0.000 0.000 0.000 0.000 0.000 0.000 0.000 0.000 0.000 0.000 0.000 0.000 0.000 0.000 0.000 0.000 0.000 0.000 0.000 0.000
5.171 5.270 5.328 5.354 5.359 5.347 5.307 5.228 5.096 4.894 4.610 4.246 3.805 3.292 2.718 2.087 1.429 0.861 0.446 0.196 0.077 0.030 0.012 0.005 0.002 0.001 0.001 0.001 0.001 0.001 0.001 0.001 0.000 0.000 0.000 0.000 0.000 0.000 0.000 0.001 0.001 0.001 0.000 0.000 0.000 0.000 0.001 0.001 0.000 0.000 0.000 0.000 0.000 0.000 0.000 0.001 0.001 0.000 0.000 0.000 0.000 0.000 0.000 0.000 0.000 0.000 0.000 0.000 0.000 0.000 0.000 0.000 0.000 0.000 0.000 0.000 0.000
5.106 5.208 5.269 5.300 5.307 5.299 5.261 5.178 5.044 4.844 4.568 4.212 3.780 3.274 2.695 2.028 1.325 0.755 0.369 0.154 0.059 0.022 0.008 0.003 0.001 0.001 0.001 0.000 0.001 0.001 0.001 0.000 0.000 0.000 0.000 0.000 0.000 0.000 0.000 0.001 0.001 0.001 0.001 0.001 0.000 0.000 0.000 0.001 0.001 0.001 0.000 0.000 0.000 0.000 0.001 0.001 0.001 0.001 0.000 0.000 0.000 0.000 0.000 0.000 0.000 0.000 0.000 0.000 0.000 0.000 0.000 0.000 0.000 0.000 0.000 0.000 0.000
4.985 5.090 5.159 5.200 5.214 5.206 5.171 5.091 4.957 4.757 4.486 4.140 3.719 3.222 2.636 1.919 1.188 0.638 0.290 0.114 0.042 0.015 0.005 0.002 0.001 0.001 0.000 0.000 0.000 0.001 0.001 0.000 0.000 0.000 0.000 0.000 0.000 0.000 0.000 0.001 0.001 0.001 0.001 0.001 0.001 0.000 0.000 0.000 0.000 0.000 0.000 0.000 0.000 0.000 0.000 0.000 0.001 0.000 0.000 0.000 0.000 0.000 0.000 0.000 0.000 0.000 0.000 0.000 0.000 0.000 0.000 0.000 0.000 0.000 0.000 0.000 0.000
4.789 4.899 4.983 5.040 5.067 5.068 5.039 4.962 4.827 4.628 4.358 4.016 3.603 3.103 2.480 1.707 0.994 0.493 0.204 0.073 0.025 0.009 0.003 0.001 0.001 0.001 0.000 0.000 0.000 0.000 0.001 0.001 0.000 0.000 0.000 0.000 0.000 0.000 0.000 0.001 0.001 0.001 0.001 0.001 0.001 0.001 0.000 0.000 0.000 0.000 0.000 0.000 0.000 0.000 0.000 0.001 0.000 0.000 0.000 0.000 0.000 0.000 0.000 0.000 0.000 0.000 0.000 0.000 0.000 0.000 0.000 0.000 0.000 0.000 0.000 0.000 0.000
4.514 4.617 4.713 4.805 4.862 4.877 4.860 4.792 4.657 4.449 4.172 3.817 3.374 2.815 2.113 1.332 0.704 0.306 0.112 0.038 0.013 0.004 0.002 0.001 0.001 0.001 0.001 0.000 0.000 0.000 0.000 0.001 0.000 0.000 0.000 0.000 0.000 0.000 0.000 0.000 0.000 0.000 0.000 0.000 0.000 0.001 0.000 0.000 0.000 0.000 0.000 0.000 0.000 0.000 0.000 0.001 0.000 0.000 0.000 0.000 0.000 0.000 0.000 0.000 0.000 0.000 0.000 0.000 0.000 0.000 0.000 0.000 0.000 0.000 0.000 0.000 0.000
