RESULTS/r.avaflow_results/12_results/12_ascii/12_hflow0028.asc
ncols 506
nrows 317
xllcenter 498237.50
yllcenter 5580050.00
cellsize 12.50
NODATA_value -9999.000
[rows 170 to 203 of 317, columns 77 to 153 of 506]
0.000 0.000 0.000 0.000 0.000 0.000 0.000 0.000 0.000 0.001 0.001 0.003 0.005 0.009 0.014 0.021 0.028 0.037 0.046 0.056 0.070 0.093 0.133 0.202 0.305 0.426 0.525 0.610 0.695 0.784 0.880 0.975 1.055 1.118 1.162 1.188 1.198 1.195 1.176 1.125 1.071 1.066 1.170 1.494 2.071 2.806 3.510 4.194 4.914 5.764 6.792 7.962 9.101 10.006 10.552 10.807 10.982 11.181 11.440 11.759 12.127 12.544 12.947 13.346 13.751 13.999 14.048 13.970 13.745 13.383 12.985 12.614 12.272 11.972 11.723 11.503 11.277
0.000 0.000 0.000 0.000 0.000 0.000 0.000 0.000 0.001 0.002 0.005 0.009 0.014 0.023 0.034 0.047 0.063 0.079 0.098 0.119 0.147 0.190 0.257 0.356 0.487 0.611 0.713 0.807 0.903 1.000 1.104 1.207 1.302 1.385 1.453 1.504 1.535 1.549 1.546 1.523 1.522 1.619 1.932 2.548 3.444 4.404 5.259 6.119 7.019 7.945 8.862 9.762 10.512 11.027 11.281 11.413 11.534 11.679 11.877 12.137 12.444 12.789 13.140 13.510 13.865 14.020 13.956 13.778 13.516 13.252 13.035 12.877 12.809 12.862 13.020 13.248 13.515
0.000 0.000 0.000 0.000 0.000 0.000 0.000 0.001 0.003 0.007 0.012 0.019 0.031 0.047 0.066 0.088 0.114 0.142 0.176 0.215 0.265 0.335 0.434 0.562 0.701 0.821 0.929 1.034 1.140 1.247 1.358 1.471 1.581 1.684 1.780 1.866 1.935 1.983 2.019 2.062 2.183 2.499 3.118 4.083 5.258 6.313 7.233 8.123 8.970 9.775 10.482 11.059 11.447 11.655 11.753 11.829 11.907 12.005 12.146 12.344 12.596 12.883 13.185 13.503 13.767 13.807 13.658 13.465 13.303 13.221 13.230 13.349 13.592 13.940 14.394 15.011 15.847
0.000 0.000 0.000 0.000 0.000 0.000 0.001 0.003 0.007 0.013 0.022 0.035 0.054 0.079 0.108 0.141 0.179 0.224 0.277 0.340 0.419 0.520 0.650 0.799 0.937 1.061 1.180 1.297 1.414 1.532 1.652 1.773 1.895 2.018 2.142 2.270 2.393 2.504 2.615 2.783 3.145 3.801 4.801 6.106 7.363 8.330 9.130 9.882 10.560 11.164 11.641 11.942 12.077 12.120 12.128 12.131 12.153 12.204 12.296 12.436 12.627 12.846 13.074 13.304 13.453 13.399 13.237 13.126 13.114 13.215 13.428 13.737 14.137 14.640 15.294 16.204 17.462
0.000 0.000 0.000 0.000 0.000 0.000 0.002 0.005 0.010 0.019 0.031 0.049 0.074 0.108 0.149 0.198 0.255 0.320 0.396 0.487 0.596 0.729 0.886 1.050 1.198 1.338 1.474 1.606 1.735 1.863 1.990 2.118 2.249 2.385 2.529 2.684 2.843 3.024 3.269 3.677 4.399 5.493 6.898 8.264 9.331 10.139 10.780 11.327 11.785 12.151 12.400 12.506 12.511 12.468 12.395 12.328 12.287 12.291 12.334 12.415 12.533 12.667 12.796 12.912 12.957 12.878 12.774 12.775 12.904 13.157 13.483 13.873 14.352 14.960 15.769 16.864 18.318
0.000 0.000 0.000 0.000 0.000 0.000 0.002 0.005 0.012 0.021 0.036 0.057 0.087 0.129 0.183 0.250 0.331 0.425 0.531 0.651 0.793 0.956 1.139 1.323 1.495 1.660 1.818 1.969 2.113 2.249 2.382 2.513 2.644 2.778 2.914 3.056 3.223 3.447 3.804 4.433 5.490 7.007 8.713 10.046 11.009 11.689 12.139 12.442 12.675 12.824 12.885 12.866 12.798 12.694 12.567 12.438 12.333 12.278 12.265 12.281 12.320 12.352 12.377 12.377 12.352 12.289 12.262 12.365 12.612 12.978 13.387 13.836 14.356 15.017 15.902 17.064 18.537
0.000 0.000 0.000 0.000 0.000 0.000 0.002 0.006 0.012 0.022 0.037 0.060 0.094 0.142 0.206 0.289 0.393 0.519 0.667 0.831 1.011 1.208 1.419 1.633 1.839 2.036 2.223 2.397 2.557 2.703 2.836 2.959 3.076 3.185 3.284 3.388 3.541 3.793 4.219 4.969 6.238 8.094 10.065 11.476 12.393 12.936 13.183 13.268 13.295 13.267 13.192 13.086 12.960 12.816 12.656 12.484 12.309 12.184 12.107 12.053 12.007 11.941 11.861 11.758 11.675 11.613 11.632 11.799 12.114 12.543 13.002 13.506 14.079 14.789 15.727 16.922 18.380
0.000 0.000 0.000 0.000 0.000 0.000 0.002 0.006 0.012 0.022 0.037 0.061 0.096 0.148 0.219 0.313 0.435 0.590 0.782 1.006 1.248 1.491 1.738 1.991 2.239 2.476 2.699 2.901 3.078 3.229 3.355 3.457 3.538 3.599 3.644 3.696 3.817 4.078 4.545 5.344 6.706 8.778 11.018 12.564 13.458 13.847 13.925 13.862 13.716 13.543 13.376 13.208 13.036 12.862 12.676 12.477 12.260 12.076 11.936 11.815 11.695 11.545 11.370 11.167 10.977 10.828 10.813 10.979 11.302 11.734 12.204 12.728 13.326 14.072 15.054 16.293 17.764
0.000 0.000 0.000 0.000 0.000 0.000 0.002 0.005 0.011 0.021 0.036 0.060 0.096 0.149 0.223 0.323 0.457 0.634 0.864 1.150 1.480 1.801 2.102 2.404 2.704 2.992 3.257 3.489 3.679 3.825 3.928 3.991 4.021 4.024 3.996 3.995 4.073 4.319 4.806 5.628 6.993 9.132 11.610 13.306 14.179 14.438 14.415 14.245 13.959 13.690 13.470 13.265 13.059 12.860 12.660 12.443 12.205 11.980 11.792 11.611 11.418 11.185 10.916 10.616 10.303 10.017 9.871 9.924 10.162 10.530 10.975 11.494 12.108 12.889 13.914 15.198 16.709
0.000 0.000 0.000 0.000 0.000 0.000 0.001 0.004 0.009 0.018 0.032 0.054 0.090 0.145 0.221 0.324 0.462 0.651 0.907 1.245 1.666 2.100 2.483 2.843 3.191 3.521 3.820 4.073 4.269 4.401 4.472 4.499 4.495 4.448 4.342 4.288 4.326 4.547 5.033 5.859 7.181 9.254 11.875 13.716 14.589 14.770 14.693 14.432 14.058 13.748 13.495 13.270 13.052 12.840 12.628 12.396 12.142 11.894 11.661 11.422 11.153 10.835 10.470 10.073 9.645 9.246 8.987 8.893 8.966 9.184 9.527 9.990 10.610 11.440 12.515 13.834 15.374
0.000 0.000 0.000 0.000 0.000 0.000 0.001 0.003 0.006 0.012 0.023 0.042 0.075 0.127 0.203 0.309 0.452 0.647 0.913 1.279 1.767 2.336 2.820 3.232 3.615 3.972 4.292 4.561 4.766 4.896 4.955 4.965 4.943 4.861 4.696 4.585 4.590 4.781 5.259 6.079 7.348 9.288 11.905 13.848 14.774 14.927 14.794 14.475 14.078 13.752 13.493 13.256 13.033 12.814 12.592 12.349 12.080 11.805 11.531 11.229 10.879 10.474 10.015 9.519 8.988 8.508 8.168 7.976 7.936 8.043 8.290 8.685 9.258 10.044 11.067 12.337 13.840
0.000 0.000 0.000 0.000 0.000 0.000 0.000 0.001 0.003 0.006 0.012 0.024 0.048 0.089 0.157 0.257 0.397 0.591 0.864 1.248 1.773 2.460 3.089 3.559 3.964 4.336 4.668 4.948 5.165 5.307 5.374 5.384 5.358 5.269 5.076 4.908 4.883 5.043 5.502 6.301 7.509 9.291 11.796 13.806 14.793 14.962 14.802 14.458 14.058 13.731 13.464 13.221 12.998 12.776 12.547 12.293 12.005 11.696 11.369 11.005 10.580 10.088 9.532 8.932 8.315 7.787 7.393 7.140 7.030 7.061 7.236 7.563 8.064 8.754 9.647 10.764 12.120
0.000 0.000 0.000 0.000 0.000 0.000 0.000 0.000 0.001 0.002 0.005 0.010 0.021 0.044 0.086 0.158 0.272 0.443 0.697 1.085 1.660 2.451 3.252 3.819 4.243 4.618 4.952 5.238 5.465 5.625 5.716 5.747 5.737 5.672 5.501 5.290 5.230 5.346 5.765 6.517 7.654 9.286 11.569 13.585 14.651 14.878 14.729 14.385 13.983 13.660 13.392 13.156 12.930 12.701 12.463 12.196 11.887 11.537 11.157 10.731 10.231 9.653 9.002 8.297 7.624 7.071 6.648 6.360 6.205 6.183 6.299 6.560 6.972 7.540 8.275 9.200 10.332
0.000 0.000 0.000 0.000 0.000 0.000 0.000 0.000 0.000 0.001 0.002 0.004 0.008 0.017 0.035 0.069 0.129 0.232 0.418 0.761 1.359 2.280 3.292 3.991 4.447 4.820 5.152 5.439 5.675 5.853 5.974 6.044 6.067 6.046 5.956 5.773 5.669 5.723 6.056 6.730 7.766 9.249 11.258 13.142 14.234 14.554 14.479 14.200 13.828 13.504 13.248 13.013 12.788 12.562 12.327 12.050 11.716 11.325 10.883 10.385 9.809 9.150 8.408 7.621 6.923 6.357 5.923 5.618 5.437 5.377 5.441 5.633 5.950 6.394 6.978 7.729 8.664
0.000 0.000 0.000 0.000 0.000 0.000 0.000 0.000 0.000 0.000 0.001 0.001 0.003 0.006 0.013 0.027 0.053 0.103 0.206 0.434 0.946 1.906 3.155 4.052 4.579 4.953 5.281 5.570 5.813 6.007 6.153 6.258 6.328 6.362 6.361 6.299 6.234 6.233 6.441 6.982 7.878 9.181 10.881 12.496 13.536 13.962 13.993 13.844 13.559 13.249 12.994 12.756 12.541 12.334 12.096 11.812 11.457 11.035 10.531 9.961 9.308 8.568 7.746 6.922 6.216 5.645 5.209 4.900 4.708 4.624 4.643 4.761 4.982 5.313 5.766 6.358 7.092
0.000 0.000 0.000 0.000 0.000 0.000 0.000 0.000 0.000 0.000 0.000 0.001 0.001 0.003 0.006 0.013 0.027 0.054 0.112 0.254 0.622 1.458 2.803 3.958 4.625 5.026 5.351 5.640 5.891 6.100 6.267 6.399 6.509 6.597 6.663 6.710 6.752 6.816 6.993 7.391 8.080 9.118 10.476 11.739 12.627 13.117 13.270 13.253 13.108 12.870 12.608 12.358 12.136 11.937 11.714 11.444 11.088 10.644 10.099 9.458 8.727 7.911 7.032 6.214 5.525 4.967 4.532 4.215 4.012 3.910 3.890 3.941 4.073 4.303 4.638 5.071 5.571
0.000 0.000 0.000 0.000 0.000 0.000 0.000 0.000 0.000 0.000 0.000 0.000 0.001 0.002 0.005 0.011 0.021 0.041 0.084 0.182 0.437 1.069 2.273 3.662 4.555 5.048 5.377 5.669 5.929 6.148 6.329 6.482 6.618 6.743 6.859 6.972 7.088 7.221 7.432 7.771 8.299 9.081 10.121 11.059 11.735 12.183 12.413 12.470 12.438 12.317 12.090 11.819 11.551 11.334 11.125 10.883 10.566 10.122 9.557 8.866 8.072 7.191 6.305 5.528 4.877 4.343 3.918 3.597 3.374 3.239 3.178 3.174 3.231 3.367 3.590 3.852 4.086
0.000 0.000 0.000 0.000 0.000 0.000 0.000 0.000 0.000 0.000 0.000 0.000 0.001 0.002 0.005 0.011 0.021 0.041 0.081 0.166 0.355 0.808 1.734 3.126 4.309 4.999 5.380 5.672 5.937 6.166 6.356 6.521 6.672 6.818 6.962 7.110 7.264 7.432 7.651 7.955 8.391 9.009 9.789 10.460 10.946 11.275 11.484 11.584 11.599 11.555 11.404 11.141 10.819 10.560 10.343 10.109 9.827 9.422 8.866 8.161 7.337 6.433 5.594 4.872 4.261 3.755 3.348 3.032 2.798 2.629 2.518 2.458 2.449 2.492 2.580 2.651 2.642
0.000 0.000 0.000 0.000 0.000 0.000 0.000 0.000 0.000 0.000 0.000 0.000 0.001 0.003 0.007 0.014 0.026 0.049 0.091 0.174 0.337 0.671 1.339 2.482 3.846 4.809 5.339 5.663 5.932 6.166 6.363 6.532 6.690 6.847 7.002 7.163 7.331 7.513 7.728 8.012 8.391 8.882 9.424 9.871 10.196 10.415 10.555 10.642 10.669 10.651 10.554 10.329 9.995 9.651 9.380 9.128 8.847 8.489 7.985 7.315 6.513 5.655 4.895 4.234 3.664 3.188 2.803 2.499 2.259 2.063 1.908 1.794 1.713 1.653 1.591 1.503 1.373
0.000 0.000 0.000 0.000 0.000 0.000 0.000 0.000 0.000 0.000 0.000 0.000 0.002 0.006 0.012 0.023 0.041 0.070 0.120 0.206 0.358 0.630 1.118 1.965 3.245 4.445 5.184 5.608 5.905 6.148 6.354 6.529 6.690 6.849 7.009 7.172 7.343 7.527 7.734 8.007 8.332 8.683 9.007 9.263 9.442 9.568 9.637 9.669 9.679 9.657 9.576 9.386 9.082 8.691 8.325 8.001 7.677 7.325 6.885 6.303 5.590 4.834 4.170 3.586 3.072 2.633 2.272 1.980 1.734 1.518 1.333 1.181 1.054 0.936 0.819 0.700 0.583
0.000 0.000 0.000 0.000 0.000 0.000 0.000 0.000 0.000 0.000 0.000 0.001 0.004 0.010 0.022 0.040 0.069 0.111 0.174 0.269 0.416 0.655 1.043 1.684 2.703 3.952 4.879 5.446 5.824 6.103 6.323 6.507 6.671 6.831 6.988 7.151 7.321 7.503 7.692 7.934 8.170 8.368 8.515 8.618 8.686 8.719 8.721 8.702 8.664 8.602 8.503 8.334 8.072 7.711 7.309 6.913 6.515 6.100 5.644 5.116 4.514 3.897 3.336 2.837 2.400 2.016 1.686 1.409 1.172 0.968 0.801 0.665 0.550 0.447 0.356 0.280 0.222
0.000 0.000 0.000 0.000 0.000 0.000 0.000 0.000 0.000 0.000 0.000 0.002 0.007 0.018 0.038 0.069 0.114 0.174 0.253 0.362 0.514 0.734 1.067 1.584 2.380 3.464 4.456 5.162 5.651 5.999 6.254 6.451 6.613 6.767 6.921 7.076 7.230 7.396 7.563 7.734 7.859 7.923 7.943 7.927 7.900 7.859 7.799 7.725 7.636 7.531 7.403 7.234 7.000 6.695 6.327 5.921 5.492 5.033 4.529 3.966 3.387 2.852 2.371 1.950 1.587 1.274 1.013 0.803 0.636 0.501 0.393 0.307 0.236 0.179 0.137 0.107 0.086
0.000 0.000 0.000 0.000 0.000 0.000 0.000 0.000 0.000 0.000 0.000 0.002 0.010 0.027 0.058 0.107 0.173 0.254 0.353 0.481 0.649 0.868 1.166 1.607 2.256 3.121 4.044 4.802 5.382 5.804 6.111 6.331 6.494 6.632 6.774 6.909 7.040 7.174 7.290 7.362 7.388 7.356 7.279 7.177 7.070 6.969 6.855 6.742 6.629 6.510 6.371 6.196 5.972 5.690 5.351 4.965 4.539 4.075 3.556 2.981 2.426 1.938 1.522 1.175 0.891 0.666 0.495 0.368 0.275 0.205 0.153 0.116 0.088 0.068 0.054 0.044 0.038
0.000 0.000 0.000 0.000 0.000 0.000 0.000 0.000 0.000 0.000 0.000 0.003 0.011 0.031 0.071 0.136 0.226 0.337 0.466 0.622 0.815 1.050 1.338 1.719 2.256 2.953 3.744 4.457 5.052 5.518 5.862 6.109 6.275 6.397 6.515 6.619 6.717 6.799 6.837 6.827 6.774 6.661 6.497 6.331 6.174 6.031 5.900 5.781 5.671 5.550 5.410 5.236 5.015 4.736 4.400 4.026 3.613 3.157 2.646 2.106 1.612 1.199 0.871 0.616 0.423 0.286 0.194 0.135 0.096 0.070 0.053 0.042 0.034 0.029 0.025 0.022 0.020
0.000 0.000 0.000 0.000 0.000 0.000 0.000 0.000 0.000 0.000 0.000 0.003 0.011 0.031 0.074 0.150 0.263 0.409 0.581 0.781 1.010 1.269 1.563 1.909 2.348 2.911 3.565 4.175 4.708 5.154 5.504 5.759 5.925 6.032 6.121 6.188 6.235 6.256 6.231 6.156 6.030 5.832 5.594 5.392 5.228 5.091 4.977 4.868 4.764 4.650 4.518 4.350 4.125 3.837 3.485 3.093 2.674 2.226 1.759 1.316 0.938 0.641 0.422 0.270 0.169 0.105 0.067 0.045 0.032 0.025 0.020 0.018 0.016 0.015 0.014 0.013 0.012
0.000 0.000 0.000 0.000 0.000 0.000 0.000 0.000 0.000 0.000 0.000 0.002 0.010 0.029 0.072 0.151 0.282 0.471 0.703 0.963 1.239 1.525 1.824 2.146 2.514 2.961 3.470 3.943 4.370 4.743 5.051 5.280 5.431 5.520 5.574 5.598 5.600 5.571 5.498 5.367 5.181 4.944 4.698 4.501 4.346 4.220 4.115 4.015 3.916 3.812 3.687 3.520 3.295 2.998 2.619 2.185 1.760 1.360 0.995 0.687 0.448 0.279 0.169 0.101 0.061 0.036 0.023 0.015 0.012 0.010 0.009 0.009 0.009 0.009 0.009 0.009 0.009
0.000 0.000 0.000 0.000 0.000 0.000 0.000 0.000 0.000 0.000 0.000 0.002 0.008 0.025 0.063 0.142 0.285 0.516 0.833 1.185 1.512 1.820 2.116 2.411 2.718 3.054 3.415 3.745 4.039 4.300 4.523 4.693 4.805 4.862 4.880 4.869 4.838 4.774 4.670 4.531 4.360 4.151 3.925 3.727 3.566 3.435 3.329 3.231 3.133 3.028 2.901 2.732 2.509 2.213 1.831 1.403 1.028 0.716 0.469 0.289 0.170 0.100 0.059 0.035 0.020 0.012 0.008 0.006 0.005 0.005 0.005 0.006 0.006 0.006 0.006 0.006 0.006
0.000 0.000 0.000 0.000 0.000 0.000 0.000 0.000 0.000 0.000 0.001 0.002 0.006 0.017 0.048 0.120 0.270 0.534 0.945 1.447 1.846 2.168 2.448 2.702 2.942 3.177 3.400 3.591 3.748 3.874 3.971 4.039 4.082 4.102 4.094 4.069 4.031 3.971 3.886 3.774 3.635 3.461 3.261 3.063 2.890 2.746 2.626 2.515 2.403 2.281 2.140 1.969 1.753 1.476 1.137 0.796 0.523 0.321 0.185 0.102 0.057 0.033 0.019 0.011 0.006 0.004 0.003 0.002 0.003 0.003 0.003 0.004 0.004 0.004 0.005 0.005 0.005
0.000 0.000 0.000 0.000 0.001 0.001 0.001 0.001 0.002 0.002 0.002 0.002 0.004 0.011 0.032 0.091 0.235 0.518 0.993 1.662 2.225 2.590 2.839 3.029 3.186 3.314 3.410 3.473 3.504 3.505 3.486 3.455 3.422 3.393 3.364 3.334 3.300 3.253 3.187 3.102 2.991 2.850 2.681 2.495 2.312 2.151 2.009 1.874 1.737 1.593 1.438 1.269 1.075 0.849 0.602 0.386 0.228 0.127 0.067 0.035 0.019 0.010 0.006 0.003 0.002 0.001 0.001 0.001 0.001 0.002 0.002 0.002 0.003 0.003 0.003 0.004 0.004
0.000 0.001 0.001 0.002 0.002 0.003 0.003 0.003 0.003 0.003 0.003 0.003 0.004 0.008 0.021 0.065 0.188 0.470 0.978 1.747 2.518 3.006 3.264 3.390 3.449 3.471 3.448 3.388 3.300 3.193 3.077 2.961 2.857 2.773 2.714 2.674 2.641 2.604 2.556 2.493 2.409 2.298 2.162 2.001 1.824 1.649 1.489 1.335 1.184 1.032 0.880 0.725 0.569 0.410 0.266 0.158 0.088 0.047 0.024 0.012 0.006 0.003 0.002 0.001 0.001 0.001 0.001 0.001 0.001 0.001 0.001 0.002 0.002 0.002 0.002 0.003 0.003
0.002 0.002 0.003 0.004 0.004 0.004 0.004 0.004 0.004 0.004 0.005 0.005 0.005 0.008 0.016 0.044 0.138 0.385 0.889 1.697 2.629 3.273 3.601 3.698 3.696 3.635 3.502 3.319 3.119 2.923 2.731 2.546 2.377 2.236 2.134 2.072 2.035 2.003 1.969 1.926 1.869 1.792 1.689 1.559 1.405 1.235 1.067 0.909 0.759 0.619 0.486 0.364 0.256 0.167 0.101 0.058 0.031 0.016 0.008 0.004 0.002 0.001 0.001 0.001 0.000 0.000 0.000 0.000 0.000 0.001 0.001 0.001 0.001 0.001 0.001 0.002 0.002
0.004 0.005 0.006 0.006 0.006 0.006 0.006 0.006 0.006 0.006 0.006 0.007 0.008 0.010 0.016 0.033 0.086 0.256 0.677 1.457 2.510 3.325 3.757 3.889 3.868 3.743 3.524 3.246 2.952 2.682 2.431 2.192 1.970 1.775 1.623 1.522 1.464 1.429 1.402 1.377 1.349 1.310 1.247 1.156 1.036 0.892 0.735 0.589 0.459 0.344 0.246 0.165 0.105 0.063 0.036 0.020 0.010 0.005 0.003 0.001 0.001 0.000 0.000 0.000 0.000 0.000 0.000 0.000 0.000 0.001 0.001 0.001 0.001 0.001 0.001 0.001 0.002
0.008 0.008 0.009 0.009 0.008 0.008 0.007 0.007 0.007 0.008 0.008 0.010 0.012 0.016 0.020 0.030 0.053 0.128 0.356 0.919 1.928 3.020 3.664 3.902 3.904 3.771 3.509 3.165 2.792 2.456 2.152 1.870 1.609 1.372 1.176 1.037 0.955 0.908 0.881 0.866 0.858 0.850 0.830 0.782 0.706 0.603 0.479 0.362 0.262 0.181 0.117 0.071 0.041 0.023 0.012 0.006 0.003 0.002 0.001 0.001 0.000 0.000 0.000 0.000 0.000 0.000 0.000 0.000 0.001 0.001 0.001 0.001 0.000 0.000 0.000 0.001 0.001
0.012 0.012 0.012 0.011 0.010 0.010 0.009 0.009 0.010 0.010 0.012 0.015 0.019 0.022 0.026 0.032 0.044 0.074 0.157 0.384 0.953 1.962 2.931 3.468 3.640 3.586 3.365 3.018 2.615 2.229 1.875 1.552 1.258 1.000 0.793 0.647 0.556 0.503 0.475 0.463 0.462 0.469 0.474 0.461 0.426 0.368 0.287 0.205 0.138 0.088 0.052 0.029 0.016 0.008 0.004 0.002 0.001 0.001 0.000 0.000 0.000 0.000 0.000 0.000 0.000 0.000 0.000 0.001 0.001 0.001 0.001 0.000 0.000 0.000 0.000 0.000 0.001
