RESULTS/r.avaflow_results/12_results/12_ascii/12_hflow10043.asc
ncols 506
nrows 317
xllcenter 498237.50
yllcenter 5580050.00
cellsize 12.50
NODATA_value -9999.000
[rows 170 to 203 of 317, columns 154 to 230 of 506]
1.744 1.549 1.379 1.231 1.100 0.980 0.871 0.770 0.677 0.591 0.513 0.443 0.379 0.322 0.271 0.226 0.186 0.151 0.121 0.094 0.071 0.052 0.037 0.026 0.019 0.014 0.011 0.009 0.009 0.008 0.008 0.008 0.008 0.008 0.008 0.008 0.008 0.008 0.008 0.008 0.007 0.007 0.007 0.006 0.006 0.005 0.004 0.004 0.003 0.002 0.002 0.001 0.001 0.001 0.000 0.000 0.000 0.000 0.000 0.000 0.000 0.000 0.000 0.000 0.000 0.000 0.000 0.000 0.000 0.000 0.000 0.000 0.000 0.000 0.000 0.000 0.000
1.880 1.688 1.515 1.358 1.213 1.077 0.953 0.838 0.734 0.640 0.555 0.479 0.412 0.352 0.300 0.253 0.212 0.176 0.145 0.117 0.092 0.070 0.052 0.038 0.028 0.020 0.015 0.012 0.010 0.009 0.009 0.009 0.009 0.008 0.008 0.008 0.008 0.008 0.008 0.008 0.007 0.007 0.006 0.006 0.005 0.004 0.004 0.003 0.002 0.001 0.001 0.001 0.001 0.000 0.000 0.000 0.000 0.000 0.000 0.000 0.000 0.000 0.000 0.000 0.000 0.000 0.000 0.000 0.000 0.000 0.000 0.000 0.000 0.000 0.000 0.000 0.000
1.979 1.788 1.609 1.440 1.282 1.136 1.003 0.882 0.772 0.673 0.585 0.506 0.436 0.374 0.319 0.271 0.228 0.191 0.159 0.131 0.106 0.084 0.065 0.049 0.036 0.027 0.019 0.014 0.011 0.010 0.009 0.009 0.009 0.009 0.008 0.008 0.008 0.008 0.008 0.007 0.007 0.006 0.005 0.005 0.004 0.003 0.002 0.001 0.001 0.001 0.001 0.001 0.000 0.000 0.000 0.000 0.000 0.000 0.000 0.000 0.000 0.000 0.000 0.000 0.000 0.000 0.000 0.000 0.000 0.000 0.000 0.000 0.000 0.000 0.000 0.000 0.000
2.042 1.851 1.667 1.492 1.329 1.180 1.043 0.919 0.806 0.704 0.613 0.531 0.459 0.394 0.337 0.286 0.242 0.203 0.169 0.139 0.114 0.092 0.072 0.056 0.042 0.031 0.023 0.017 0.013 0.010 0.009 0.009 0.009 0.008 0.008 0.007 0.007 0.007 0.006 0.006 0.005 0.004 0.003 0.003 0.002 0.002 0.001 0.001 0.001 0.001 0.000 0.000 0.000 0.000 0.000 0.000 0.000 0.000 0.000 0.000 0.000 0.000 0.000 0.000 0.000 0.000 0.000 0.000 0.000 0.000 0.000 0.000 0.000 0.000 0.000 0.000 0.000
2.071 1.880 1.698 1.526 1.365 1.217 1.079 0.955 0.839 0.735 0.641 0.556 0.480 0.413 0.353 0.300 0.253 0.213 0.177 0.146 0.119 0.096 0.077 0.060 0.046 0.034 0.025 0.019 0.014 0.011 0.009 0.008 0.008 0.007 0.007 0.006 0.006 0.005 0.005 0.004 0.003 0.002 0.002 0.001 0.001 0.001 0.001 0.001 0.001 0.000 0.000 0.000 0.000 0.000 0.000 0.000 0.000 0.000 0.000 0.000 0.000 0.000 0.000 0.000 0.000 0.000 0.000 0.000 0.000 0.000 0.000 0.000 0.000 0.000 0.000 0.000 0.000
2.079 1.891 1.715 1.549 1.393 1.247 1.110 0.985 0.868 0.762 0.666 0.578 0.499 0.430 0.367 0.312 0.263 0.220 0.183 0.151 0.124 0.100 0.080 0.063 0.048 0.037 0.027 0.020 0.015 0.011 0.009 0.007 0.006 0.006 0.005 0.004 0.004 0.003 0.003 0.002 0.002 0.001 0.001 0.001 0.001 0.001 0.001 0.001 0.000 0.000 0.000 0.000 0.000 0.000 0.000 0.000 0.000 0.000 0.000 0.000 0.000 0.000 0.000 0.000 0.000 0.000 0.000 0.000 0.000 0.000 0.000 0.000 0.000 0.000 0.000 0.000 0.000
2.078 1.894 1.723 1.563 1.413 1.270 1.135 1.010 0.894 0.786 0.687 0.597 0.516 0.443 0.378 0.320 0.270 0.226 0.187 0.155 0.126 0.102 0.082 0.065 0.050 0.038 0.028 0.021 0.015 0.011 0.008 0.006 0.005 0.004 0.003 0.002 0.002 0.002 0.001 0.001 0.001 0.001 0.001 0.001 0.001 0.001 0.001 0.000 0.000 0.000 0.000 0.000 0.000 0.000 0.000 0.000 0.000 0.000 0.000 0.000 0.000 0.000 0.000 0.000 0.000 0.000 0.000 0.000 0.000 0.000 0.000 0.000 0.000 0.000 0.000 0.000 0.000
2.073 1.890 1.724 1.572 1.427 1.288 1.156 1.031 0.915 0.806 0.706 0.613 0.529 0.454 0.386 0.327 0.274 0.229 0.190 0.156 0.128 0.104 0.083 0.066 0.051 0.038 0.028 0.021 0.015 0.011 0.007 0.005 0.003 0.002 0.002 0.001 0.001 0.001 0.001 0.001 0.001 0.001 0.001 0.001 0.001 0.001 0.000 0.000 0.000 0.000 0.000 0.000 0.000 0.000 0.000 0.000 0.000 0.000 0.000 0.000 0.000 0.000 0.000 0.000 0.000 0.000 0.000 0.000 0.000 0.000 0.000 0.000 0.000 0.000 0.000 0.000 0.000
2.061 1.885 1.723 1.575 1.435 1.302 1.174 1.051 0.934 0.825 0.723 0.628 0.541 0.463 0.393 0.331 0.277 0.230 0.190 0.156 0.128 0.104 0.083 0.066 0.051 0.038 0.028 0.020 0.014 0.009 0.006 0.004 0.002 0.001 0.001 0.001 0.001 0.001 0.001 0.001 0.001 0.001 0.001 0.001 0.001 0.001 0.000 0.000 0.000 0.000 0.000 0.000 0.000 0.000 0.000 0.000 0.000 0.000 0.000 0.000 0.000 0.000 0.000 0.000 0.000 0.000 0.000 0.000 0.000 0.000 0.000 0.000 0.000 0.000 0.000 0.000 0.000
2.041 1.870 1.714 1.572 1.439 1.313 1.190 1.070 0.953 0.844 0.739 0.642 0.553 0.471 0.399 0.334 0.279 0.231 0.190 0.156 0.127 0.103 0.083 0.065 0.050 0.036 0.025 0.016 0.010 0.006 0.004 0.002 0.001 0.001 0.001 0.001 0.001 0.001 0.001 0.001 0.001 0.001 0.001 0.001 0.001 0.001 0.000 0.000 0.000 0.000 0.000 0.000 0.000 0.000 0.000 0.000 0.000 0.000 0.000 0.000 0.000 0.000 0.000 0.000 0.000 0.000 0.000 0.000 0.000 0.000 0.000 0.000 0.000 0.000 0.000 0.000 0.000
2.010 1.847 1.699 1.564 1.438 1.319 1.204 1.090 0.975 0.862 0.754 0.654 0.562 0.478 0.404 0.338 0.280 0.231 0.189 0.154 0.125 0.101 0.080 0.061 0.044 0.029 0.018 0.010 0.005 0.003 0.002 0.001 0.001 0.001 0.001 0.001 0.001 0.001 0.001 0.001 0.001 0.001 0.001 0.001 0.001 0.001 0.000 0.000 0.000 0.000 0.000 0.000 0.000 0.000 0.000 0.000 0.000 0.000 0.000 0.000 0.000 0.000 0.000 0.000 0.000 0.000 0.000 0.000 0.000 0.000 0.000 0.000 0.000 0.000 0.000 0.000 0.000
1.968 1.814 1.676 1.550 1.433 1.323 1.216 1.108 0.996 0.880 0.767 0.663 0.569 0.483 0.408 0.340 0.281 0.230 0.187 0.151 0.119 0.091 0.067 0.047 0.030 0.017 0.009 0.004 0.002 0.001 0.001 0.001 0.001 0.001 0.001 0.001 0.001 0.001 0.001 0.001 0.001 0.001 0.001 0.001 0.001 0.001 0.000 0.000 0.000 0.000 0.000 0.000 0.000 0.000 0.000 0.000 0.000 0.000 0.000 0.000 0.000 0.000 0.000 0.000 0.000 0.000 0.000 0.000 0.000 0.000 0.000 0.000 0.000 0.000 0.000 0.000 0.000
1.913 1.769 1.642 1.529 1.424 1.323 1.223 1.121 1.011 0.892 0.774 0.667 0.571 0.485 0.409 0.341 0.281 0.227 0.180 0.138 0.100 0.067 0.042 0.024 0.013 0.007 0.003 0.002 0.001 0.001 0.001 0.001 0.001 0.001 0.001 0.001 0.001 0.001 0.001 0.001 0.001 0.001 0.001 0.001 0.001 0.001 0.000 0.000 0.000 0.000 0.000 0.000 0.000 0.000 0.000 0.000 0.000 0.000 0.000 0.000 0.000 0.000 0.000 0.000 0.000 0.000 0.000 0.000 0.000 0.000 0.000 0.000 0.000 0.000 0.000 0.000 0.000
1.848 1.716 1.601 1.499 1.407 1.317 1.224 1.124 1.016 0.896 0.772 0.662 0.565 0.479 0.402 0.332 0.268 0.208 0.152 0.101 0.060 0.032 0.016 0.008 0.004 0.002 0.001 0.001 0.001 0.001 0.001 0.001 0.001 0.001 0.001 0.001 0.001 0.001 0.001 0.001 0.001 0.001 0.001 0.001 0.001 0.001 0.001 0.000 0.000 0.000 0.000 0.000 0.000 0.000 0.000 0.000 0.000 0.000 0.000 0.000 0.000 0.000 0.000 0.000 0.000 0.000 0.000 0.000 0.000 0.000 0.000 0.000 0.000 0.000 0.000 0.000 0.000
1.774 1.654 1.546 1.450 1.362 1.276 1.188 1.091 0.987 0.870 0.740 0.622 0.522 0.435 0.357 0.283 0.213 0.146 0.088 0.046 0.021 0.010 0.005 0.003 0.002 0.001 0.001 0.001 0.001 0.001 0.001 0.001 0.001 0.001 0.001 0.001 0.001 0.001 0.001 0.001 0.001 0.001 0.001 0.001 0.001 0.001 0.001 0.001 0.000 0.000 0.000 0.000 0.000 0.000 0.000 0.000 0.000 0.000 0.000 0.000 0.000 0.000 0.000 0.000 0.000 0.000 0.000 0.000 0.000 0.000 0.000 0.000 0.000 0.000 0.000 0.000 0.000
1.687 1.571 1.451 1.332 1.223 1.125 1.035 0.945 0.852 0.747 0.623 0.501 0.399 0.310 0.233 0.165 0.105 0.059 0.029 0.013 0.005 0.003 0.002 0.001 0.001 0.001 0.001 0.001 0.001 0.001 0.001 0.001 0.001 0.001 0.001 0.001 0.001 0.001 0.001 0.001 0.001 0.001 0.001 0.001 0.001 0.001 0.001 0.001 0.001 0.000 0.000 0.000 0.000 0.000 0.000 0.000 0.000 0.000 0.000 0.000 0.000 0.000 0.000 0.000 0.000 0.000 0.000 0.000 0.000 0.000 0.000 0.000 0.000 0.000 0.000 0.000 0.000
1.523 1.371 1.203 1.037 0.890 0.771 0.679 0.602 0.531 0.457 0.367 0.272 0.192 0.131 0.087 0.055 0.031 0.015 0.007 0.003 0.002 0.001 0.001 0.001 0.001 0.001 0.001 0.001 0.001 0.001 0.001 0.001 0.001 0.001 0.001 0.001 0.001 0.001 0.001 0.001 0.001 0.001 0.002 0.002 0.002 0.002 0.002 0.002 0.001 0.000 0.000 0.000 0.000 0.000 0.000 0.000 0.000 0.000 0.000 0.000 0.000 0.000 0.000 0.000 0.000 0.000 0.000 0.000 0.000 0.000 0.000 0.000 0.000 0.000 0.000 0.000 0.000
1.156 0.935 0.730 0.560 0.433 0.344 0.283 0.238 0.202 0.167 0.129 0.090 0.059 0.037 0.022 0.013 0.008 0.004 0.002 0.001 0.001 0.001 0.001 0.001 0.001 0.001 0.001 0.001 0.001 0.001 0.001 0.001 0.001 0.001 0.001 0.001 0.002 0.002 0.002 0.002 0.002 0.002 0.003 0.003 0.003 0.003 0.003 0.003 0.002 0.001 0.000 0.000 0.000 0.000 0.000 0.000 0.000 0.000 0.000 0.000 0.000 0.000 0.000 0.000 0.000 0.000 0.000 0.000 0.000 0.000 0.000 0.000 0.000 0.000 0.000 0.000 0.000
0.624 0.446 0.320 0.231 0.168 0.124 0.095 0.075 0.060 0.047 0.035 0.024 0.015 0.009 0.006 0.004 0.002 0.001 0.001 0.001 0.001 0.001 0.001 0.001 0.001 0.001 0.001 0.001 0.001 0.001 0.002 0.002 0.002 0.002 0.002 0.002 0.002 0.002 0.003 0.003 0.003 0.004 0.004 0.005 0.005 0.005 0.005 0.004 0.003 0.001 0.000 0.000 0.000 0.000 0.000 0.000 0.000 0.000 0.000 0.000 0.000 0.000 0.000 0.000 0.000 0.000 0.000 0.000 0.000 0.000 0.000 0.000 0.000 0.000 0.000 0.000 0.000
0.264 0.179 0.124 0.088 0.062 0.044 0.032 0.024 0.018 0.013 0.010 0.007 0.004 0.003 0.002 0.001 0.001 0.001 0.001 0.001 0.001 0.001 0.001 0.001 0.001 0.001 0.002 0.002 0.002 0.002 0.002 0.002 0.002 0.003 0.003 0.003 0.004 0.004 0.005 0.005 0.006 0.007 0.008 0.009 0.009 0.009 0.008 0.006 0.003 0.002 0.000 0.000 0.000 0.000 0.000 0.000 0.000 0.000 0.000 0.000 0.000 0.000 0.000 0.000 0.000 0.000 0.000 0.000 0.000 0.000 0.000 0.000 0.000 0.000 0.000 0.000 0.000
0.101 0.068 0.047 0.033 0.023 0.016 0.011 0.008 0.006 0.004 0.003 0.002 0.002 0.001 0.001 0.001 0.001 0.001 0.001 0.001 0.001 0.001 0.001 0.001 0.002 0.002 0.002 0.002 0.003 0.003 0.003 0.004 0.004 0.005 0.005 0.006 0.007 0.008 0.010 0.012 0.013 0.015 0.016 0.017 0.016 0.014 0.011 0.007 0.004 0.002 0.001 0.000 0.000 0.000 0.000 0.000 0.000 0.000 0.000 0.000 0.000 0.000 0.000 0.000 0.000 0.000 0.000 0.000 0.000 0.000 0.000 0.000 0.000 0.000 0.000 0.000 0.000
0.038 0.026 0.018 0.013 0.009 0.006 0.004 0.003 0.002 0.002 0.002 0.001 0.001 0.001 0.001 0.001 0.001 0.001 0.001 0.001 0.001 0.001 0.002 0.002 0.002 0.003 0.003 0.004 0.004 0.005 0.006 0.007 0.009 0.010 0.012 0.014 0.016 0.020 0.023 0.026 0.028 0.030 0.030 0.027 0.022 0.017 0.011 0.007 0.004 0.002 0.001 0.000 0.000 0.000 0.000 0.000 0.000 0.000 0.000 0.000 0.000 0.000 0.000 0.000 0.000 0.000 0.000 0.000 0.000 0.000 0.000 0.000 0.000 0.000 0.000 0.000 0.000
0.015 0.011 0.008 0.005 0.004 0.003 0.002 0.002 0.001 0.001 0.001 0.001 0.001 0.001 0.001 0.001 0.001 0.001 0.001 0.001 0.002 0.002 0.002 0.003 0.004 0.005 0.006 0.007 0.009 0.011 0.014 0.017 0.021 0.025 0.029 0.033 0.039 0.045 0.049 0.051 0.049 0.045 0.039 0.032 0.024 0.017 0.012 0.007 0.004 0.002 0.001 0.000 0.000 0.000 0.000 0.000 0.000 0.000 0.000 0.000 0.000 0.000 0.000 0.000 0.000 0.000 0.000 0.000 0.000 0.000 0.000 0.000 0.000 0.000 0.000 0.000 0.000
0.007 0.005 0.004 0.003 0.002 0.002 0.001 0.001 0.001 0.001 0.001 0.001 0.001 0.001 0.001 0.001 0.001 0.001 0.002 0.002 0.002 0.003 0.004 0.005 0.007 0.009 0.013 0.017 0.023 0.029 0.036 0.045 0.053 0.061 0.068 0.075 0.081 0.082 0.079 0.071 0.062 0.052 0.042 0.033 0.024 0.017 0.011 0.007 0.004 0.002 0.001 0.000 0.000 0.000 0.000 0.000 0.000 0.000 0.000 0.000 0.000 0.000 0.000 0.000 0.000 0.000 0.000 0.000 0.000 0.000 0.000 0.000 0.000 0.000 0.000 0.000 0.000
0.003 0.003 0.002 0.002 0.001 0.001 0.001 0.001 0.001 0.001 0.001 0.001 0.001 0.001 0.001 0.001 0.002 0.002 0.002 0.003 0.004 0.005 0.007 0.011 0.016 0.023 0.034 0.047 0.061 0.076 0.091 0.106 0.119 0.127 0.131 0.129 0.121 0.108 0.094 0.079 0.065 0.052 0.041 0.032 0.023 0.016 0.010 0.006 0.003 0.002 0.001 0.000 0.000 0.000 0.000 0.000 0.000 0.000 0.000 0.000 0.000 0.000 0.000 0.000 0.000 0.000 0.000 0.000 0.000 0.000 0.000 0.000 0.000 0.000 0.000 0.000 0.000
0.002 0.002 0.001 0.001 0.001 0.001 0.001 0.001 0.001 0.001 0.001 0.001 0.001 0.001 0.002 0.002 0.002 0.003 0.003 0.005 0.007 0.011 0.017 0.027 0.042 0.063 0.091 0.120 0.146 0.168 0.185 0.194 0.195 0.189 0.176 0.159 0.138 0.117 0.097 0.079 0.064 0.051 0.040 0.030 0.022 0.015 0.009 0.006 0.003 0.001 0.000 0.000 0.000 0.000 0.000 0.000 0.000 0.000 0.000 0.000 0.000 0.000 0.000 0.000 0.000 0.000 0.000 0.000 0.000 0.000 0.000 0.000 0.000 0.000 0.000 0.000 0.000
0.001 0.001 0.001 0.001 0.001 0.001 0.001 0.001 0.001 0.001 0.001 0.001 0.002 0.002 0.002 0.002 0.003 0.004 0.006 0.010 0.016 0.026 0.044 0.071 0.108 0.154 0.201 0.236 0.255 0.263 0.261 0.252 0.236 0.216 0.192 0.167 0.141 0.117 0.096 0.078 0.062 0.049 0.037 0.027 0.019 0.013 0.008 0.005 0.003 0.001 0.000 0.000 0.000 0.000 0.000 0.000 0.000 0.000 0.000 0.000 0.000 0.000 0.000 0.000 0.000 0.000 0.000 0.000 0.000 0.000 0.000 0.000 0.000 0.000 0.000 0.000 0.000
0.001 0.001 0.001 0.001 0.001 0.001 0.001 0.001 0.001 0.001 0.002 0.002 0.002 0.002 0.003 0.004 0.005 0.008 0.013 0.022 0.039 0.066 0.107 0.163 0.222 0.271 0.302 0.317 0.320 0.312 0.296 0.274 0.247 0.220 0.193 0.166 0.140 0.115 0.094 0.075 0.058 0.044 0.033 0.023 0.016 0.011 0.007 0.004 0.002 0.001 0.000 0.000 0.000 0.000 0.000 0.000 0.000 0.000 0.000 0.000 0.000 0.000 0.000 0.000 0.000 0.000 0.000 0.000 0.000 0.000 0.000 0.000 0.000 0.000 0.000 0.000 0.000
0.001 0.001 0.001 0.001 0.001 0.001 0.001 0.001 0.002 0.002 0.002 0.002 0.003 0.003 0.004 0.006 0.010 0.016 0.029 0.051 0.088 0.141 0.202 0.261 0.307 0.336 0.348 0.349 0.343 0.330 0.308 0.278 0.247 0.219 0.192 0.165 0.137 0.112 0.088 0.068 0.051 0.037 0.026 0.018 0.012 0.008 0.005 0.003 0.001 0.000 0.000 0.000 0.000 0.000 0.000 0.000 0.000 0.000 0.000 0.000 0.000 0.000 0.000 0.000 0.000 0.000 0.000 0.000 0.000 0.000 0.000 0.000 0.000 0.000 0.000 0.000 0.000
0.001 0.001 0.001 0.001 0.001 0.001 0.002 0.002 0.002 0.003 0.003 0.003 0.004 0.005 0.007 0.011 0.019 0.034 0.060 0.101 0.156 0.215 0.268 0.311 0.341 0.356 0.360 0.358 0.351 0.336 0.311 0.279 0.245 0.214 0.186 0.157 0.127 0.100 0.075 0.055 0.039 0.026 0.018 0.012 0.008 0.005 0.003 0.002 0.001 0.000 0.000 0.000 0.000 0.000 0.000 0.000 0.000 0.000 0.000 0.000 0.000 0.000 0.000 0.000 0.000 0.000 0.000 0.000 0.000 0.000 0.000 0.000 0.000 0.000 0.000 0.000 0.000
0.001 0.001 0.001 0.001 0.002 0.002 0.002 0.003 0.003 0.004 0.005 0.005 0.006 0.008 0.012 0.019 0.033 0.057 0.094 0.144 0.202 0.252 0.292 0.324 0.346 0.358 0.362 0.361 0.355 0.338 0.311 0.275 0.234 0.196 0.162 0.130 0.100 0.073 0.051 0.035 0.023 0.016 0.011 0.008 0.005 0.003 0.002 0.001 0.000 0.000 0.000 0.000 0.000 0.000 0.000 0.000 0.000 0.000 0.000 0.000 0.000 0.000 0.000 0.000 0.000 0.000 0.000 0.000 0.000 0.000 0.000 0.000 0.000 0.000 0.000 0.000 0.000
0.001 0.001 0.001 0.002 0.002 0.003 0.004 0.005 0.006 0.007 0.007 0.008 0.009 0.011 0.015 0.024 0.041 0.070 0.112 0.166 0.219 0.262 0.296 0.324 0.345 0.357 0.360 0.359 0.350 0.330 0.298 0.254 0.202 0.153 0.113 0.080 0.055 0.037 0.026 0.018 0.013 0.009 0.007 0.005 0.003 0.002 0.001 0.000 0.000 0.000 0.000 0.000 0.000 0.000 0.000 0.000 0.000 0.000 0.000 0.000 0.000 0.000 0.000 0.000 0.000 0.000 0.000 0.000 0.000 0.000 0.000 0.000 0.000 0.000 0.000 0.000 0.000
0.001 0.001 0.002 0.003 0.004 0.005 0.007 0.008 0.009 0.010 0.010 0.011 0.011 0.013 0.017 0.026 0.044 0.075 0.117 0.171 0.221 0.262 0.293 0.316 0.329 0.334 0.332 0.323 0.308 0.283 0.246 0.197 0.139 0.091 0.057 0.036 0.023 0.016 0.011 0.008 0.007 0.005 0.004 0.003 0.002 0.001 0.000 0.000 0.000 0.000 0.000 0.000 0.000 0.000 0.000 0.000 0.000 0.000 0.000 0.000 0.000 0.000 0.000 0.000 0.000 0.000 0.000 0.000 0.000 0.000 0.000 0.000 0.000 0.000 0.000 0.000 0.000
0.001 0.002 0.003 0.005 0.007 0.009 0.010 0.011 0.012 0.012 0.012 0.012 0.012 0.013 0.017 0.026 0.044 0.073 0.115 0.166 0.211 0.245 0.266 0.276 0.275 0.264 0.246 0.225 0.203 0.177 0.145 0.107 0.069 0.041 0.024 0.014 0.009 0.006 0.005 0.004 0.003 0.003 0.002 0.001 0.001 0.000 0.000 0.000 0.000 0.000 0.000 0.000 0.000 0.000 0.000 0.000 0.000 0.000 0.000 0.000 0.000 0.000 0.000 0.000 0.000 0.000 0.000 0.000 0.000 0.000 0.000 0.000 0.000 0.000 0.000 0.000 0.000
