RESULTS/r.avaflow_results/12_results/12_ascii/12_hflow_max0018.asc
ncols 506
nrows 317
xllcenter 498237.50
yllcenter 5580050.00
cellsize 12.50
NODATA_value -9999.000
[rows 238 to 271 of 317, columns 77 to 153 of 506]
12.534 12.732 12.996 13.443 14.055 14.679 15.101 15.159 14.910 14.189 13.125 11.987 10.930 9.944 8.922 7.852 7.490 7.841 8.151 8.478 9.001 9.676 10.561 11.387 11.980 12.270 12.201 11.701 10.760 9.551 8.285 7.000 5.895 5.487 5.500 5.871 6.370 6.508 6.376 6.160 6.299 6.125 5.852 5.551 5.449 5.427 5.389 5.317 5.152 5.005 5.000 5.000 5.209 6.187 6.557 6.495 6.207 5.480 4.125 2.385 1.081 0.404 0.129 0.035 0.008 0.002 0.001 0.000 0.000 0.000 0.000 0.000 0.000 0.000 0.000 0.000 0.000
12.200 11.963 11.686 11.599 11.899 12.487 13.070 13.300 13.108 12.267 10.843 9.722 8.756 7.785 6.921 6.368 6.920 7.286 7.667 8.122 8.648 9.287 10.123 11.221 12.187 12.712 12.731 12.353 11.673 10.668 9.734 8.365 6.988 6.415 6.397 6.716 7.055 7.056 6.785 6.977 6.900 6.498 6.004 5.477 5.235 5.131 5.072 5.047 5.018 5.004 5.000 5.000 5.694 6.569 6.782 6.670 6.332 5.337 3.652 1.830 0.736 0.242 0.068 0.018 0.006 0.002 0.000 0.000 0.000 0.000 0.000 0.000 0.000 0.000 0.000 0.000 0.000
11.092 10.695 10.004 9.447 9.278 9.472 9.952 10.463 10.542 10.170 9.310 8.265 7.197 6.327 5.814 6.063 6.711 7.111 7.392 7.736 8.191 8.827 9.635 10.877 12.144 12.826 12.895 12.726 12.176 11.486 10.973 9.957 8.416 7.534 7.330 7.458 7.587 7.410 7.362 7.529 7.283 6.873 6.098 5.368 5.059 5.007 5.004 5.000 5.004 5.000 5.000 5.000 6.072 6.786 6.886 6.788 6.246 4.963 2.970 1.336 0.494 0.151 0.047 0.015 0.005 0.002 0.000 0.000 0.000 0.000 0.000 0.000 0.000 0.000 0.000 0.000 0.000
9.101 8.661 8.038 7.516 7.254 7.230 7.939 8.583 8.765 8.535 7.893 7.020 6.174 5.627 5.309 5.867 6.611 7.085 7.383 7.709 8.140 8.706 9.426 10.510 11.898 12.697 12.884 12.756 12.273 11.881 11.731 11.159 9.928 8.678 8.200 8.059 7.896 7.663 7.668 7.729 7.559 6.955 5.975 5.170 5.000 5.000 5.000 5.000 5.000 5.000 5.026 5.000 6.353 6.998 7.015 6.806 6.001 4.375 2.329 0.980 0.354 0.124 0.042 0.014 0.005 0.001 0.000 0.000 0.000 0.000 0.000 0.000 0.000 0.000 0.000 0.000 0.000
7.135 6.906 6.602 6.469 6.457 6.568 6.996 7.387 7.455 7.236 6.744 6.126 5.635 5.302 5.056 5.790 6.578 7.171 7.601 7.937 8.327 8.838 9.399 10.205 11.469 12.307 12.666 12.549 12.114 12.019 12.169 11.930 11.113 9.821 9.010 8.517 8.154 7.772 7.567 7.728 7.512 6.755 5.705 5.023 5.000 5.000 5.000 5.000 5.000 5.000 5.000 5.017 6.575 7.279 7.215 6.886 5.751 3.761 1.825 0.761 0.307 0.116 0.041 0.013 0.004 0.001 0.000 0.000 0.000 0.000 0.000 0.000 0.000 0.000 0.000 0.000 0.000
6.112 6.103 6.050 6.061 6.138 6.390 6.621 6.809 6.742 6.408 5.938 5.515 5.221 5.031 5.001 5.810 6.554 7.185 7.693 8.128 8.545 8.970 9.686 10.227 10.857 11.668 12.134 12.047 11.800 11.814 12.164 12.270 11.982 11.022 9.850 9.067 8.365 7.555 7.207 7.313 6.925 6.092 5.277 5.003 5.000 5.000 5.000 5.000 5.000 5.000 5.000 5.229 6.726 7.421 7.443 6.950 5.419 3.187 1.492 0.677 0.294 0.118 0.042 0.014 0.004 0.001 0.000 0.000 0.000 0.000 0.000 0.000 0.000 0.000 0.000 0.000 0.000
5.546 5.639 5.703 5.785 5.926 6.173 6.414 6.463 6.263 5.821 5.381 5.110 5.015 5.001 5.139 5.892 6.548 7.149 7.675 8.134 8.826 9.599 10.199 10.471 10.482 10.836 11.192 11.068 10.902 11.042 11.687 12.192 12.288 11.859 10.782 9.655 8.467 7.096 6.522 6.295 5.880 5.308 5.011 5.000 5.000 5.000 5.000 5.000 5.000 5.000 5.000 5.716 6.824 7.435 7.459 6.788 4.920 2.675 1.319 0.658 0.302 0.125 0.045 0.015 0.005 0.001 0.000 0.000 0.000 0.000 0.000 0.000 0.000 0.000 0.000 0.000 0.000
5.249 5.349 5.424 5.505 5.632 5.871 6.070 6.021 5.730 5.320 5.056 5.006 5.004 5.000 5.310 5.993 6.543 7.022 7.519 8.265 9.158 10.077 10.617 10.772 10.614 10.406 10.061 9.612 9.403 9.648 10.691 11.702 12.124 12.049 11.352 10.054 8.376 6.564 5.672 5.335 5.147 5.021 5.000 5.000 5.000 5.000 5.000 5.000 5.000 5.012 5.513 6.084 6.799 7.322 7.433 6.522 4.385 2.354 1.289 0.683 0.321 0.132 0.048 0.016 0.005 0.001 0.000 0.000 0.000 0.000 0.000 0.000 0.000 0.000 0.000 0.000 0.000
5.115 5.125 5.160 5.207 5.302 5.483 5.603 5.488 5.202 5.034 5.000 5.000 5.000 5.000 5.466 6.065 6.480 6.845 7.453 8.214 9.227 10.294 10.923 11.030 10.860 10.383 9.480 8.377 7.866 8.120 9.913 11.273 11.809 11.924 11.497 10.161 8.106 6.097 5.163 5.005 5.000 5.000 5.000 5.000 5.000 5.000 5.000 5.002 5.011 5.254 5.695 6.120 6.478 6.926 7.012 5.991 3.889 2.225 1.348 0.735 0.343 0.139 0.051 0.017 0.005 0.001 0.000 0.000 0.000 0.000 0.000 0.000 0.000 0.000 0.000 0.000 0.000
5.071 5.025 5.250 5.334 5.323 5.213 5.223 5.120 5.020 5.001 5.000 5.000 5.000 5.220 5.605 6.009 6.318 6.670 7.123 7.792 8.805 10.100 10.913 11.071 10.979 10.313 8.942 7.482 6.908 7.172 9.482 11.138 11.671 11.759 11.388 9.949 7.697 5.767 5.005 5.000 5.000 5.000 5.106 5.272 5.415 5.516 5.515 5.379 5.198 5.268 5.608 5.873 6.106 6.190 5.968 5.060 3.530 2.312 1.442 0.784 0.361 0.145 0.053 0.018 0.005 0.001 0.000 0.000 0.000 0.000 0.000 0.000 0.000 0.000 0.000 0.000 0.000
5.029 5.000 5.470 5.679 5.692 5.617 5.401 5.045 5.000 5.000 5.000 5.000 5.122 5.408 5.653 5.978 6.197 6.401 6.680 7.110 7.837 9.265 10.448 10.911 10.793 9.954 8.353 6.955 6.378 6.494 9.006 10.977 11.585 11.611 11.102 9.563 7.395 5.601 5.001 5.000 5.010 5.663 6.340 6.686 6.796 6.767 6.536 6.089 5.528 5.227 5.315 5.536 5.528 5.323 5.004 5.000 3.456 2.504 1.548 0.818 0.372 0.149 0.055 0.018 0.005 0.001 0.000 0.000 0.000 0.000 0.000 0.000 0.000 0.000 0.000 0.000 0.000
5.000 5.000 5.703 6.120 6.257 6.240 6.133 5.912 5.579 5.152 5.000 5.000 5.038 5.272 5.479 5.741 5.995 6.087 6.099 6.215 6.629 7.674 9.360 10.177 10.039 9.013 7.506 6.475 5.962 5.904 8.057 10.489 11.401 11.504 10.887 9.403 7.404 5.565 5.000 5.002 5.146 6.063 7.120 7.786 8.005 7.938 7.557 6.848 6.090 5.276 5.056 5.124 5.110 5.009 5.000 5.000 3.658 2.779 1.655 0.839 0.375 0.151 0.055 0.019 0.006 0.001 0.000 0.000 0.000 0.000 0.000 0.000 0.000 0.000 0.000 0.000 0.000
5.000 5.007 5.806 6.407 6.730 6.830 6.795 6.637 6.323 5.824 5.190 5.000 5.000 5.008 5.170 5.579 5.627 5.611 5.438 5.131 5.123 5.950 7.658 8.650 8.471 7.406 6.385 5.854 5.529 5.438 6.884 9.636 10.983 11.302 10.850 9.598 7.699 5.705 5.000 5.000 5.229 6.101 7.408 8.441 8.844 8.798 8.396 7.660 6.661 5.425 5.007 5.015 5.046 5.000 5.000 5.000 5.000 3.082 1.745 0.849 0.372 0.150 0.055 0.018 0.006 0.002 0.000 0.000 0.000 0.000 0.000 0.000 0.000 0.000 0.000 0.000 0.000
5.000 5.000 5.701 6.457 6.932 7.178 7.226 7.114 6.824 6.371 5.708 5.006 5.000 5.000 5.396 5.753 5.721 5.479 5.060 5.000 5.000 5.214 6.257 7.048 6.801 5.871 5.398 5.258 5.195 5.154 6.140 8.907 10.556 11.054 10.938 10.079 8.343 6.281 5.015 5.003 5.295 5.908 7.084 8.375 8.988 9.047 8.878 8.268 7.095 5.631 5.004 5.000 5.000 5.000 5.072 5.000 5.000 3.354 1.843 0.868 0.371 0.147 0.053 0.018 0.005 0.001 0.000 0.000 0.000 0.000 0.000 0.000 0.000 0.000 0.000 0.000 0.000
5.000 5.000 5.375 6.341 6.970 7.281 7.394 7.316 7.143 6.748 6.083 5.311 5.267 5.619 6.065 6.113 6.035 5.718 5.035 5.000 5.000 5.009 5.650 5.991 5.683 5.036 5.000 5.015 5.032 5.008 5.789 8.458 10.266 11.026 11.040 10.558 9.244 7.301 5.466 5.265 5.271 5.463 6.114 7.410 8.501 8.891 8.841 8.361 7.220 5.739 5.039 5.000 5.000 5.251 5.399 5.194 5.000 5.000 2.024 0.903 0.369 0.143 0.050 0.016 0.005 0.001 0.000 0.000 0.000 0.000 0.000 0.000 0.000 0.000 0.000 0.000 0.000
1.529 5.000 5.000 5.934 6.756 7.224 7.342 7.353 7.185 6.811 6.245 5.908 6.259 6.629 6.801 6.652 6.345 5.987 5.320 5.000 5.000 5.000 5.221 5.469 5.186 5.000 5.000 5.003 5.000 5.009 5.755 8.219 10.109 11.120 11.324 10.972 9.972 8.164 5.862 5.494 5.300 5.157 5.254 5.928 7.239 8.034 8.283 8.021 7.011 5.724 5.064 5.000 5.000 5.365 5.533 5.396 5.000 5.000 2.410 0.944 0.357 0.129 0.043 0.013 0.003 0.001 0.000 0.000 0.000 0.000 0.000 0.000 0.000 0.000 0.000 0.000 0.000
0.595 1.518 5.000 5.123 6.247 6.883 7.150 7.170 7.030 6.685 6.251 6.434 7.133 7.517 7.551 7.174 6.694 6.345 5.838 5.403 5.000 5.000 5.015 5.104 5.011 5.000 5.000 5.000 5.000 5.065 6.125 8.325 10.325 11.541 11.857 11.466 10.594 8.610 6.129 5.617 5.267 5.018 5.000 5.002 5.532 6.550 7.047 7.008 6.325 5.493 5.025 5.000 5.000 5.102 5.375 5.296 5.001 5.000 5.000 0.972 0.309 0.099 0.029 0.007 0.002 0.000 0.000 0.000 0.000 0.000 0.000 0.000 0.000 0.000 0.000 0.000 0.000
0.228 0.620 1.692 5.000 5.304 6.236 6.669 6.764 6.664 6.353 6.077 6.612 7.616 8.171 8.137 7.685 6.994 6.800 6.508 6.162 5.676 5.028 5.000 5.008 5.000 5.000 5.000 5.000 5.000 5.804 6.679 8.765 10.858 12.128 12.456 12.076 11.097 8.853 6.170 5.552 5.134 5.019 5.000 5.000 5.151 5.502 5.771 5.686 5.290 5.056 5.000 5.000 5.000 5.000 5.032 5.024 5.000 5.000 5.000 0.840 0.201 0.050 0.012 0.003 0.001 0.000 0.000 0.000 0.000 0.000 0.000 0.000 0.000 0.000 0.000 0.000 0.000
0.073 0.222 0.647 1.811 5.000 5.248 5.921 6.167 6.168 5.914 5.697 6.017 7.374 8.242 8.334 8.005 7.318 7.301 7.172 6.920 6.433 5.717 5.000 5.000 5.000 5.000 5.000 5.000 5.602 6.331 7.107 9.008 11.225 12.511 12.826 12.559 11.412 8.991 6.042 5.423 5.039 5.000 5.000 5.000 5.080 5.198 5.229 5.047 5.000 5.006 5.000 5.000 5.000 5.000 5.000 5.000 5.000 5.000 1.408 0.309 0.067 0.016 0.004 0.001 0.000 0.000 0.000 0.000 0.000 0.000 0.000 0.000 0.000 0.000 0.000 0.000 0.000
0.020 0.068 0.216 0.678 1.933 5.000 5.050 5.545 5.628 5.423 5.085 5.141 6.520 7.700 8.225 7.995 7.672 7.877 7.839 7.617 7.106 6.416 5.387 5.000 5.000 5.000 5.002 5.362 5.911 6.573 7.293 8.945 11.371 12.639 12.895 12.729 11.548 9.055 5.851 5.328 5.025 5.000 5.000 5.000 5.026 5.114 5.113 5.013 5.000 5.000 5.000 5.000 5.000 5.000 5.000 5.000 1.685 0.784 0.257 0.070 0.019 0.005 0.001 0.000 0.000 0.000 0.000 0.000 0.000 0.000 0.000 0.000 0.000 0.000 0.000 0.000 0.000
0.005 0.020 0.070 0.261 0.850 2.352 5.000 5.000 5.154 5.046 5.000 5.000 5.660 6.907 7.616 7.645 8.064 8.459 8.454 8.179 7.679 6.883 5.710 5.003 5.000 5.000 5.129 5.567 5.900 6.371 7.073 8.542 11.276 12.630 12.864 12.703 11.521 9.060 5.741 5.259 5.019 5.000 5.000 5.000 5.003 5.045 5.095 5.043 5.004 5.000 5.000 5.000 5.000 1.758 1.161 0.821 0.346 0.133 0.051 0.017 0.005 0.002 0.001 0.000 0.000 0.000 0.000 0.000 0.000 0.000 0.000 0.000 0.000 0.000 0.000 0.000 0.000
0.001 0.006 0.024 0.099 0.357 1.149 2.761 5.000 5.013 5.018 5.000 5.000 5.200 6.205 6.879 7.048 8.514 9.015 8.994 8.619 8.053 7.052 5.843 5.107 5.000 5.000 5.016 5.334 5.630 5.906 6.361 7.579 10.850 12.540 12.819 12.611 11.438 9.127 5.712 5.202 5.007 5.000 5.000 5.000 5.000 5.021 5.008 5.010 5.000 5.000 5.000 1.777 0.900 0.501 0.279 0.147 0.068 0.029 0.011 0.004 0.001 0.001 0.000 0.000 0.000 0.000 0.000 0.000 0.000 0.000 0.000 0.000 0.000 0.000 0.000 0.000 0.000
0.000 0.002 0.008 0.035 0.133 0.454 1.382 5.000 5.000 5.000 5.000 5.000 5.037 5.606 6.129 6.915 8.847 9.527 9.440 9.024 8.246 7.098 5.882 5.258 5.088 5.000 5.000 5.044 5.151 5.234 5.435 6.269 9.893 12.177 12.643 12.431 11.342 9.134 5.773 5.244 5.003 5.000 5.000 5.000 5.000 5.000 5.000 5.000 5.000 1.826 0.886 0.463 0.240 0.127 0.065 0.032 0.015 0.007 0.003 0.001 0.000 0.000 0.000 0.000 0.000 0.000 0.000 0.000 0.000 0.000 0.000 0.000 0.000 0.000 0.000 0.000 0.000
0.000 0.000 0.002 0.011 0.043 0.152 0.466 1.485 5.000 5.000 5.000 5.000 5.000 5.141 5.626 7.082 9.087 9.800 9.701 9.342 8.383 7.091 5.806 5.256 5.079 5.000 5.000 5.000 5.010 5.009 5.000 5.581 9.274 11.647 12.239 12.117 11.034 8.879 5.736 5.252 5.043 5.000 5.000 5.000 5.000 5.000 5.000 5.000 1.420 0.509 0.232 0.116 0.059 0.031 0.016 0.008 0.004 0.002 0.001 0.000 0.000 0.000 0.000 0.000 0.000 0.000 0.000 0.000 0.000 0.000 0.000 0.000 0.000 0.000 0.000 0.000 0.000
0.000 0.000 0.001 0.003 0.012 0.043 0.141 0.408 1.448 5.000 5.000 5.000 5.000 5.003 5.312 7.202 9.141 9.863 9.881 9.461 8.438 7.045 5.631 5.074 5.000 5.000 5.000 5.000 5.000 5.000 5.000 5.518 9.125 11.196 11.758 11.578 10.361 8.125 5.616 5.197 5.016 5.000 5.000 5.000 5.000 5.000 1.795 0.826 0.312 0.126 0.056 0.026 0.013 0.007 0.004 0.002 0.001 0.000 0.000 0.000 0.000 0.000 0.000 0.000 0.000 0.000 0.000 0.000 0.000 0.000 0.000 0.000 0.000 0.000 0.000 0.000 0.000
0.000 0.000 0.000 0.001 0.003 0.011 0.037 0.111 0.356 1.411 5.000 5.000 5.000 5.000 5.334 7.179 8.903 9.530 9.722 9.339 8.352 6.933 5.532 5.014 5.000 5.000 5.000 5.000 5.000 5.000 5.000 6.050 9.205 10.809 11.188 10.768 9.237 6.914 5.358 5.111 5.015 5.000 5.000 5.000 5.000 1.455 0.486 0.190 0.072 0.029 0.012 0.006 0.003 0.002 0.001 0.001 0.000 0.000 0.000 0.000 0.000 0.000 0.000 0.000 0.000 0.000 0.000 0.000 0.000 0.000 0.000 0.000 0.000 0.000 0.000 0.000 0.000
0.000 0.000 0.000 0.000 0.001 0.003 0.009 0.027 0.086 0.322 1.383 5.000 5.000 5.000 5.383 6.873 8.120 8.973 9.061 8.708 7.877 6.698 5.506 5.000 5.000 5.000 5.000 5.000 5.000 5.000 5.209 6.791 9.281 10.301 10.563 9.685 7.711 5.719 5.156 5.049 5.001 5.000 5.000 5.000 1.402 0.392 0.135 0.047 0.018 0.007 0.003 0.002 0.001 0.001 0.000 0.000 0.000 0.000 0.000 0.000 0.000 0.000 0.000 0.000 0.000 0.000 0.000 0.000 0.000 0.000 0.000 0.000 0.000 0.000 0.000 0.000 0.000
0.000 0.000 0.000 0.000 0.000 0.001 0.002 0.006 0.020 0.068 0.287 1.370 5.000 5.000 5.230 6.174 7.106 7.701 7.768 7.541 7.063 6.327 5.444 5.065 5.000 5.000 5.000 5.090 5.263 5.506 5.719 6.922 8.949 9.836 9.667 8.105 6.104 5.317 5.070 5.000 5.000 5.000 1.815 0.830 0.303 0.105 0.036 0.013 0.004 0.002 0.001 0.000 0.000 0.000 0.000 0.000 0.000 0.000 0.000 0.000 0.000 0.000 0.000 0.000 0.000 0.000 0.000 0.000 0.000 0.000 0.000 0.000 0.000 0.000 0.000 0.000 0.000
0.000 0.000 0.000 0.000 0.000 0.000 0.000 0.001 0.004 0.014 0.047 0.254 1.397 5.000 5.000 5.373 5.905 6.126 6.248 6.306 6.218 5.879 5.289 5.047 5.000 5.000 5.000 5.001 5.121 5.270 5.424 6.251 7.853 8.819 8.227 6.211 5.232 5.034 5.000 5.000 5.000 1.453 0.506 0.200 0.073 0.027 0.010 0.004 0.001 0.001 0.000 0.000 0.000 0.000 0.000 0.000 0.000 0.000 0.000 0.000 0.000 0.000 0.000 0.000 0.000 0.000 0.000 0.000 0.000 0.000 0.000 0.000 0.000 0.000 0.000 0.000 0.000
0.000 0.000 0.000 0.000 0.000 0.000 0.000 0.000 0.001 0.002 0.009 0.046 0.282 1.411 5.000 5.000 5.014 5.038 5.143 5.433 5.591 5.437 5.052 5.001 5.000 5.000 5.000 5.000 5.000 5.000 5.000 5.011 6.424 7.083 6.076 5.047 5.000 5.000 5.000 5.000 1.399 0.368 0.126 0.046 0.018 0.007 0.003 0.001 0.001 0.000 0.000 0.000 0.000 0.000 0.000 0.000 0.000 0.000 0.000 0.000 0.000 0.000 0.000 0.000 0.000 0.000 0.000 0.000 0.000 0.000 0.000 0.000 0.000 0.000 0.000 0.000 0.000
0.000 0.000 0.000 0.000 0.000 0.000 0.000 0.000 0.000 0.001 0.002 0.014 0.081 0.334 1.418 5.000 5.000 5.000 5.002 5.038 5.185 5.101 5.009 5.000 5.000 5.000 5.000 5.000 5.000 5.000 5.000 5.000 5.000 5.000 5.000 5.000 5.000 5.000 1.795 0.822 0.276 0.086 0.027 0.010 0.004 0.002 0.001 0.000 0.000 0.000 0.000 0.000 0.000 0.000 0.000 0.000 0.000 0.000 0.000 0.000 0.000 0.000 0.000 0.000 0.000 0.000 0.000 0.000 0.000 0.000 0.000 0.000 0.000 0.000 0.000 0.000 0.000
0.000 0.000 0.000 0.000 0.000 0.000 0.000 0.000 0.000 0.000 0.001 0.005 0.028 0.098 0.340 1.388 5.000 5.000 5.000 5.000 5.002 5.000 5.000 5.000 5.000 1.708 1.131 0.990 0.922 0.888 0.880 0.907 1.106 1.772 5.000 5.000 5.000 1.429 0.459 0.181 0.061 0.018 0.005 0.002 0.001 0.000 0.000 0.000 0.000 0.000 0.000 0.000 0.000 0.000 0.000 0.000 0.000 0.000 0.000 0.000 0.000 0.000 0.000 0.000 0.000 0.000 0.000 0.000 0.000 0.000 0.000 0.000 0.000 0.000 0.000 0.000 0.000
0.000 0.000 0.000 0.000 0.000 0.000 0.000 0.000 0.000 0.000 0.000 0.002 0.008 0.029 0.086 0.294 1.375 5.000 5.000 5.000 5.000 5.000 1.669 1.082 0.800 0.368 0.222 0.143 0.112 0.087 0.077 0.077 0.115 0.269 0.747 0.885 0.764 0.303 0.123 0.045 0.014 0.004 0.001 0.000 0.000 0.000 0.000 0.000 0.000 0.000 0.000 0.000 0.000 0.000 0.000 0.000 0.000 0.000 0.000 0.000 0.000 0.000 0.000 0.000 0.000 0.000 0.000 0.000 0.000 0.000 0.000 0.000 0.000 0.000 0.000 0.000 0.000
0.000 0.000 0.000 0.000 0.000 0.000 0.000 0.000 0.000 0.000 0.000 0.000 0.002 0.007 0.019 0.050 0.236 0.745 0.904 0.921 0.910 0.761 0.331 0.213 0.137 0.084 0.049 0.029 0.018 0.011 0.006 0.005 0.007 0.028 0.065 0.081 0.085 0.060 0.032 0.014 0.004 0.001 0.000 0.000 0.000 0.000 0.000 0.000 0.000 0.000 0.000 0.000 0.000 0.000 0.000 0.000 0.000 0.000 0.000 0.000 0.000 0.000 0.000 0.000 0.000 0.000 0.000 0.000 0.000 0.000 0.000 0.000 0.000 0.000 0.000 0.000 0.000
