RESULTS/r.avaflow_results/12_results/12_ascii/12_hflow0025.asc
ncols 506
nrows 317
xllcenter 498237.50
yllcenter 5580050.00
cellsize 12.50
NODATA_value -9999.000
[rows 170 to 203 of 317, columns 77 to 153 of 506]
0.000 0.000 0.000 0.000 0.000 0.000 0.000 0.000 0.000 0.000 0.001 0.002 0.003 0.006 0.010 0.016 0.022 0.029 0.037 0.047 0.060 0.081 0.119 0.184 0.282 0.391 0.475 0.544 0.613 0.683 0.757 0.839 0.931 1.031 1.128 1.207 1.260 1.286 1.290 1.272 1.215 1.184 1.253 1.530 2.060 2.762 3.444 4.102 4.788 5.589 6.570 7.716 8.863 9.764 10.303 10.555 10.729 10.949 11.237 11.585 11.995 12.445 12.908 13.385 13.887 14.218 14.322 14.239 13.992 13.595 13.164 12.774 12.414 12.078 11.795 11.553 11.313
0.000 0.000 0.000 0.000 0.000 0.000 0.000 0.000 0.000 0.001 0.003 0.006 0.010 0.017 0.026 0.037 0.050 0.064 0.081 0.101 0.128 0.169 0.234 0.330 0.453 0.563 0.649 0.726 0.804 0.883 0.968 1.059 1.160 1.275 1.401 1.519 1.611 1.670 1.697 1.696 1.678 1.730 1.977 2.523 3.366 4.317 5.172 6.019 6.893 7.779 8.665 9.552 10.313 10.829 11.082 11.229 11.371 11.551 11.784 12.073 12.415 12.794 13.195 13.627 14.048 14.256 14.219 14.017 13.721 13.422 13.187 13.016 12.929 12.959 13.099 13.317 13.581
0.000 0.000 0.000 0.000 0.000 0.000 0.000 0.001 0.002 0.004 0.008 0.014 0.022 0.035 0.050 0.069 0.091 0.117 0.148 0.186 0.235 0.303 0.401 0.526 0.654 0.758 0.848 0.937 1.026 1.118 1.214 1.318 1.432 1.562 1.712 1.873 2.016 2.128 2.206 2.261 2.341 2.569 3.082 3.945 5.099 6.179 7.110 7.995 8.830 9.612 10.307 10.878 11.278 11.504 11.627 11.745 11.865 12.002 12.170 12.386 12.652 12.958 13.288 13.644 13.945 14.022 13.872 13.644 13.447 13.340 13.331 13.437 13.671 14.014 14.467 15.081 15.916
0.000 0.000 0.000 0.000 0.000 0.000 0.000 0.001 0.004 0.009 0.016 0.026 0.040 0.060 0.083 0.111 0.145 0.187 0.237 0.298 0.376 0.478 0.608 0.751 0.873 0.979 1.082 1.184 1.287 1.393 1.504 1.622 1.752 1.901 2.074 2.271 2.475 2.664 2.834 3.005 3.272 3.781 4.618 5.812 7.096 8.104 8.934 9.701 10.390 10.999 11.478 11.791 11.946 12.035 12.102 12.164 12.236 12.313 12.419 12.555 12.735 12.946 13.177 13.421 13.583 13.551 13.375 13.230 13.187 13.265 13.464 13.771 14.177 14.690 15.353 16.268 17.531
0.000 0.000 0.000 0.000 0.000 0.000 0.000 0.002 0.006 0.013 0.022 0.037 0.057 0.085 0.119 0.161 0.210 0.270 0.343 0.432 0.542 0.678 0.837 0.987 1.116 1.236 1.355 1.474 1.593 1.716 1.843 1.979 2.128 2.297 2.494 2.728 2.994 3.284 3.591 3.940 4.480 5.340 6.533 7.854 8.963 9.810 10.491 11.076 11.570 11.970 12.244 12.381 12.439 12.478 12.488 12.475 12.474 12.482 12.516 12.572 12.651 12.753 12.860 12.965 13.009 12.942 12.823 12.790 12.894 13.136 13.475 13.876 14.368 14.993 15.818 16.925 18.387
0.000 0.000 0.000 0.000 0.000 0.000 0.000 0.002 0.007 0.015 0.026 0.044 0.069 0.103 0.149 0.208 0.280 0.365 0.465 0.584 0.727 0.898 1.082 1.246 1.394 1.535 1.674 1.814 1.954 2.095 2.240 2.396 2.564 2.754 2.977 3.251 3.579 3.939 4.337 4.839 5.617 6.779 8.259 9.574 10.553 11.259 11.748 12.106 12.400 12.613 12.732 12.789 12.824 12.820 12.775 12.692 12.600 12.524 12.471 12.442 12.413 12.392 12.366 12.338 12.304 12.257 12.216 12.291 12.514 12.881 13.326 13.807 14.357 15.042 15.945 17.122 18.608
0.000 0.000 0.000 0.000 0.000 0.000 0.000 0.002 0.007 0.015 0.028 0.047 0.075 0.115 0.171 0.243 0.337 0.453 0.593 0.753 0.937 1.145 1.354 1.542 1.716 1.883 2.048 2.212 2.376 2.542 2.709 2.882 3.066 3.271 3.514 3.800 4.127 4.503 4.950 5.543 6.474 7.875 9.595 10.946 11.858 12.415 12.692 12.829 12.946 13.026 13.065 13.088 13.088 13.046 12.957 12.819 12.642 12.478 12.338 12.213 12.087 11.956 11.820 11.682 11.562 11.490 11.486 11.628 11.923 12.362 12.869 13.419 14.040 14.790 15.758 16.975 18.451
0.000 0.000 0.000 0.000 0.000 0.000 0.000 0.002 0.007 0.015 0.028 0.048 0.077 0.121 0.182 0.265 0.376 0.521 0.704 0.924 1.172 1.425 1.665 1.886 2.092 2.289 2.482 2.677 2.871 3.067 3.258 3.445 3.635 3.838 4.060 4.298 4.583 4.958 5.448 6.107 7.118 8.669 10.565 11.981 12.844 13.241 13.337 13.318 13.305 13.300 13.297 13.284 13.244 13.170 13.053 12.883 12.654 12.415 12.200 11.998 11.795 11.575 11.339 11.095 10.863 10.669 10.591 10.716 11.019 11.464 11.987 12.567 13.227 14.028 15.055 16.326 17.821
0.000 0.000 0.000 0.000 0.000 0.000 0.000 0.002 0.007 0.015 0.027 0.047 0.077 0.122 0.186 0.275 0.397 0.562 0.783 1.065 1.402 1.735 2.024 2.286 2.530 2.762 2.989 3.216 3.449 3.680 3.897 4.095 4.270 4.429 4.577 4.733 4.956 5.316 5.842 6.567 7.616 9.206 11.213 12.686 13.488 13.747 13.736 13.621 13.522 13.464 13.429 13.391 13.325 13.231 13.095 12.898 12.640 12.356 12.077 11.811 11.533 11.230 10.894 10.545 10.190 9.862 9.648 9.633 9.820 10.181 10.662 11.240 11.928 12.780 13.865 15.197 16.744
0.000 0.000 0.000 0.000 0.000 0.000 0.000 0.002 0.006 0.012 0.024 0.042 0.073 0.119 0.184 0.275 0.402 0.579 0.825 1.158 1.582 2.031 2.407 2.733 3.026 3.298 3.560 3.820 4.082 4.338 4.570 4.762 4.896 4.989 5.058 5.131 5.283 5.616 6.166 6.952 8.031 9.565 11.564 13.079 13.832 14.001 13.942 13.763 13.626 13.549 13.486 13.427 13.350 13.247 13.096 12.881 12.598 12.286 11.961 11.635 11.278 10.882 10.449 9.990 9.522 9.079 8.761 8.615 8.643 8.838 9.190 9.692 10.366 11.257 12.403 13.785 15.376
0.000 0.000 0.000 0.000 0.000 0.000 0.000 0.001 0.004 0.008 0.017 0.033 0.060 0.104 0.169 0.262 0.393 0.574 0.831 1.190 1.680 2.261 2.749 3.144 3.487 3.797 4.088 4.366 4.641 4.908 5.147 5.334 5.446 5.498 5.514 5.524 5.606 5.899 6.449 7.257 8.342 9.797 11.686 13.211 13.969 14.100 14.006 13.801 13.661 13.571 13.497 13.426 13.343 13.234 13.074 12.846 12.548 12.210 11.842 11.443 11.001 10.509 9.973 9.409 8.830 8.307 7.917 7.683 7.609 7.697 7.946 8.364 8.978 9.817 10.900 12.235 13.805
0.000 0.000 0.000 0.000 0.000 0.000 0.000 0.000 0.002 0.004 0.009 0.019 0.038 0.073 0.130 0.216 0.343 0.523 0.784 1.161 1.687 2.382 3.021 3.488 3.875 4.218 4.529 4.822 5.102 5.369 5.608 5.796 5.914 5.959 5.955 5.921 5.948 6.188 6.713 7.508 8.578 9.980 11.733 13.202 13.980 14.117 14.004 13.792 13.652 13.564 13.482 13.407 13.323 13.208 13.039 12.796 12.477 12.098 11.675 11.207 10.682 10.092 9.449 8.774 8.101 7.530 7.095 6.808 6.674 6.694 6.873 7.220 7.754 8.494 9.447 10.626 12.045
0.000 0.000 0.000 0.000 0.000 0.000 0.000 0.000 0.001 0.002 0.004 0.008 0.017 0.035 0.070 0.131 0.231 0.388 0.629 1.008 1.580 2.377 3.191 3.764 4.187 4.554 4.884 5.187 5.467 5.727 5.961 6.154 6.293 6.366 6.378 6.338 6.328 6.500 6.968 7.719 8.756 10.112 11.715 13.067 13.864 14.052 13.952 13.752 13.611 13.520 13.432 13.358 13.269 13.145 12.967 12.706 12.357 11.928 11.446 10.908 10.295 9.607 8.858 8.067 7.340 6.737 6.279 5.967 5.801 5.779 5.906 6.190 6.639 7.255 8.050 9.042 10.241
0.000 0.000 0.000 0.000 0.000 0.000 0.000 0.000 0.000 0.001 0.001 0.003 0.006 0.013 0.028 0.056 0.108 0.201 0.374 0.705 1.296 2.213 3.238 3.952 4.423 4.807 5.149 5.459 5.741 5.995 6.222 6.420 6.579 6.693 6.753 6.765 6.754 6.848 7.225 7.910 8.880 10.189 11.647 12.798 13.540 13.810 13.778 13.631 13.493 13.398 13.318 13.234 13.137 13.006 12.817 12.538 12.158 11.681 11.132 10.518 9.816 9.037 8.181 7.313 6.553 5.933 5.464 5.144 4.967 4.924 5.012 5.234 5.592 6.088 6.735 7.556 8.564
0.000 0.000 0.000 0.000 0.000 0.000 0.000 0.000 0.000 0.000 0.000 0.001 0.002 0.005 0.010 0.022 0.045 0.090 0.186 0.406 0.909 1.858 3.109 4.024 4.575 4.977 5.331 5.648 5.933 6.187 6.410 6.608 6.783 6.930 7.048 7.130 7.199 7.290 7.554 8.118 8.989 10.208 11.484 12.402 13.041 13.372 13.445 13.394 13.294 13.194 13.102 13.012 12.902 12.759 12.550 12.251 11.849 11.336 10.717 10.021 9.238 8.370 7.432 6.544 5.790 5.181 4.712 4.379 4.183 4.119 4.174 4.335 4.605 4.991 5.507 6.170 6.983
0.000 0.000 0.000 0.000 0.000 0.000 0.000 0.000 0.000 0.000 0.000 0.000 0.001 0.002 0.005 0.011 0.024 0.049 0.104 0.244 0.608 1.436 2.774 3.942 4.635 5.071 5.434 5.764 6.057 6.313 6.537 6.736 6.921 7.091 7.249 7.390 7.537 7.693 7.951 8.410 9.114 10.140 11.212 11.946 12.461 12.783 12.944 12.985 12.946 12.861 12.755 12.640 12.489 12.327 12.110 11.805 11.392 10.854 10.191 9.427 8.565 7.616 6.658 5.808 5.096 4.515 4.057 3.719 3.500 3.396 3.399 3.496 3.685 3.972 4.369 4.871 5.450
0.000 0.000 0.000 0.000 0.000 0.000 0.000 0.000 0.000 0.000 0.000 0.000 0.000 0.001 0.004 0.009 0.019 0.039 0.081 0.181 0.437 1.073 2.273 3.667 4.578 5.107 5.484 5.820 6.122 6.385 6.611 6.813 7.002 7.187 7.367 7.543 7.730 7.937 8.208 8.606 9.190 10.019 10.864 11.457 11.870 12.150 12.326 12.409 12.421 12.379 12.271 12.118 11.904 11.676 11.441 11.146 10.749 10.214 9.532 8.721 7.802 6.817 5.903 5.117 4.456 3.910 3.474 3.141 2.909 2.771 2.718 2.743 2.847 3.037 3.314 3.642 3.947
0.000 0.000 0.000 0.000 0.000 0.000 0.000 0.000 0.000 0.000 0.000 0.000 0.000 0.002 0.004 0.010 0.020 0.039 0.080 0.168 0.364 0.827 1.763 3.161 4.355 5.070 5.494 5.837 6.147 6.416 6.646 6.849 7.041 7.230 7.421 7.608 7.810 8.036 8.307 8.666 9.177 9.850 10.480 10.944 11.275 11.500 11.637 11.706 11.729 11.711 11.610 11.426 11.140 10.819 10.540 10.233 9.860 9.365 8.701 7.885 6.953 6.005 5.176 4.461 3.852 3.347 2.938 2.620 2.385 2.222 2.122 2.080 2.096 2.177 2.313 2.439 2.489
0.000 0.000 0.000 0.000 0.000 0.000 0.000 0.000 0.000 0.000 0.000 0.000 0.001 0.003 0.006 0.013 0.025 0.047 0.091 0.177 0.349 0.699 1.387 2.548 3.927 4.905 5.464 5.834 6.149 6.422 6.655 6.859 7.051 7.241 7.433 7.625 7.828 8.055 8.321 8.658 9.098 9.610 10.057 10.395 10.637 10.792 10.880 10.917 10.921 10.895 10.787 10.577 10.240 9.817 9.442 9.084 8.704 8.257 7.661 6.901 6.023 5.182 4.458 3.825 3.273 2.808 2.431 2.132 1.901 1.721 1.585 1.489 1.428 1.396 1.378 1.340 1.263
0.000 0.000 0.000 0.000 0.000 0.000 0.000 0.000 0.000 0.000 0.000 0.000 0.002 0.005 0.011 0.022 0.039 0.069 0.120 0.210 0.372 0.660 1.175 2.054 3.361 4.576 5.334 5.793 6.130 6.409 6.648 6.856 7.048 7.235 7.422 7.613 7.816 8.037 8.284 8.579 8.934 9.274 9.563 9.779 9.935 10.021 10.048 10.046 10.019 9.952 9.817 9.578 9.215 8.727 8.233 7.795 7.366 6.919 6.398 5.754 5.016 4.328 3.723 3.182 2.698 2.281 1.936 1.659 1.433 1.242 1.084 0.958 0.857 0.772 0.691 0.609 0.526
0.000 0.000 0.000 0.000 0.000 0.000 0.000 0.000 0.000 0.000 0.000 0.001 0.004 0.010 0.020 0.038 0.065 0.108 0.172 0.271 0.429 0.686 1.103 1.784 2.849 4.129 5.067 5.657 6.065 6.373 6.619 6.832 7.022 7.199 7.372 7.553 7.746 7.946 8.156 8.394 8.638 8.823 8.971 9.074 9.134 9.154 9.134 9.091 9.017 8.897 8.718 8.453 8.085 7.624 7.129 6.647 6.164 5.664 5.122 4.522 3.922 3.380 2.886 2.441 2.045 1.693 1.391 1.144 0.941 0.773 0.636 0.526 0.435 0.359 0.294 0.240 0.198
0.000 0.000 0.000 0.000 0.000 0.000 0.000 0.000 0.000 0.000 0.000 0.002 0.006 0.016 0.034 0.064 0.106 0.165 0.245 0.357 0.520 0.760 1.125 1.687 2.539 3.680 4.690 5.405 5.909 6.276 6.549 6.766 6.944 7.107 7.260 7.412 7.580 7.741 7.904 8.060 8.172 8.232 8.256 8.253 8.234 8.197 8.130 8.036 7.910 7.744 7.530 7.265 6.939 6.549 6.110 5.639 5.143 4.620 4.057 3.467 2.923 2.436 2.003 1.625 1.302 1.030 0.809 0.636 0.501 0.393 0.306 0.238 0.184 0.143 0.114 0.093 0.078
0.000 0.000 0.000 0.000 0.000 0.000 0.000 0.000 0.000 0.000 0.000 0.002 0.008 0.021 0.046 0.087 0.147 0.226 0.327 0.458 0.636 0.878 1.213 1.705 2.415 3.354 4.313 5.076 5.656 6.084 6.399 6.629 6.794 6.928 7.051 7.170 7.290 7.397 7.492 7.541 7.536 7.489 7.405 7.310 7.222 7.125 7.012 6.880 6.737 6.577 6.389 6.159 5.878 5.538 5.144 4.705 4.228 3.719 3.167 2.603 2.094 1.650 1.274 0.963 0.715 0.524 0.385 0.285 0.213 0.158 0.118 0.090 0.070 0.056 0.047 0.040 0.035
0.000 0.000 0.000 0.000 0.000 0.000 0.000 0.000 0.000 0.000 0.000 0.002 0.008 0.022 0.051 0.100 0.174 0.273 0.399 0.560 0.766 1.028 1.360 1.799 2.401 3.181 4.025 4.750 5.337 5.794 6.133 6.372 6.530 6.633 6.717 6.796 6.855 6.896 6.900 6.854 6.746 6.583 6.400 6.244 6.114 5.989 5.875 5.756 5.639 5.509 5.349 5.154 4.908 4.600 4.234 3.821 3.370 2.889 2.373 1.861 1.406 1.025 0.725 0.497 0.331 0.219 0.148 0.103 0.074 0.055 0.042 0.034 0.029 0.025 0.022 0.020 0.019
0.000 0.000 0.000 0.000 0.000 0.000 0.000 0.000 0.000 0.000 0.000 0.002 0.008 0.022 0.051 0.104 0.188 0.308 0.464 0.661 0.906 1.198 1.543 1.955 2.471 3.117 3.826 4.449 4.977 5.411 5.741 5.974 6.118 6.194 6.241 6.268 6.269 6.242 6.164 6.025 5.811 5.551 5.329 5.169 5.047 4.938 4.841 4.745 4.647 4.540 4.408 4.238 4.017 3.732 3.383 2.983 2.545 2.087 1.626 1.201 0.841 0.559 0.355 0.218 0.132 0.080 0.051 0.035 0.025 0.020 0.017 0.015 0.014 0.013 0.013 0.012 0.012
0.000 0.000 0.000 0.000 0.000 0.000 0.000 0.000 0.000 0.000 0.000 0.002 0.007 0.020 0.047 0.100 0.190 0.331 0.525 0.770 1.062 1.392 1.751 2.145 2.590 3.112 3.667 4.164 4.596 4.956 5.235 5.430 5.546 5.594 5.605 5.589 5.544 5.458 5.312 5.107 4.862 4.605 4.393 4.232 4.108 4.007 3.920 3.841 3.756 3.664 3.553 3.398 3.191 2.923 2.589 2.197 1.768 1.351 0.979 0.668 0.427 0.256 0.148 0.084 0.048 0.028 0.017 0.012 0.010 0.009 0.008 0.008 0.008 0.008 0.008 0.008 0.008
0.000 0.000 0.000 0.000 0.000 0.000 0.000 0.000 0.000 0.000 0.000 0.001 0.005 0.015 0.038 0.087 0.180 0.340 0.584 0.901 1.259 1.624 1.987 2.352 2.728 3.127 3.522 3.875 4.182 4.436 4.629 4.757 4.825 4.844 4.828 4.780 4.701 4.581 4.427 4.247 4.037 3.807 3.600 3.434 3.301 3.196 3.111 3.034 2.955 2.868 2.760 2.613 2.418 2.165 1.848 1.477 1.100 0.773 0.509 0.311 0.178 0.099 0.055 0.030 0.017 0.010 0.006 0.005 0.004 0.004 0.005 0.005 0.005 0.006 0.006 0.006 0.006
0.000 0.000 0.000 0.000 0.000 0.000 0.000 0.000 0.000 0.000 0.000 0.001 0.003 0.009 0.025 0.065 0.154 0.327 0.623 1.060 1.530 1.920 2.265 2.579 2.873 3.147 3.393 3.604 3.771 3.890 3.967 4.007 4.016 4.005 3.974 3.921 3.849 3.754 3.634 3.492 3.325 3.133 2.936 2.764 2.620 2.503 2.406 2.318 2.227 2.126 2.007 1.862 1.679 1.449 1.170 0.866 0.594 0.378 0.222 0.122 0.065 0.035 0.019 0.010 0.005 0.003 0.002 0.002 0.002 0.002 0.003 0.003 0.004 0.004 0.004 0.004 0.005
0.000 0.000 0.000 0.000 0.000 0.000 0.000 0.000 0.000 0.000 0.000 0.001 0.002 0.005 0.014 0.042 0.117 0.290 0.621 1.169 1.837 2.302 2.609 2.840 3.029 3.179 3.295 3.372 3.411 3.410 3.382 3.338 3.290 3.243 3.197 3.148 3.092 3.023 2.935 2.830 2.702 2.550 2.378 2.206 2.051 1.918 1.801 1.689 1.575 1.454 1.323 1.182 1.021 0.834 0.626 0.428 0.268 0.155 0.084 0.043 0.022 0.012 0.006 0.003 0.002 0.001 0.001 0.001 0.001 0.001 0.002 0.002 0.002 0.003 0.003 0.003 0.003
0.000 0.000 0.001 0.001 0.001 0.001 0.002 0.002 0.002 0.002 0.002 0.002 0.003 0.005 0.010 0.027 0.082 0.234 0.576 1.176 2.012 2.646 2.983 3.136 3.206 3.238 3.229 3.178 3.097 2.995 2.883 2.769 2.663 2.577 2.513 2.465 2.422 2.374 2.315 2.242 2.148 2.031 1.893 1.740 1.582 1.434 1.300 1.171 1.044 0.916 0.789 0.661 0.532 0.401 0.275 0.174 0.101 0.056 0.029 0.015 0.007 0.004 0.002 0.001 0.001 0.001 0.000 0.000 0.000 0.001 0.001 0.001 0.002 0.002 0.002 0.002 0.003
0.001 0.001 0.002 0.003 0.003 0.003 0.003 0.003 0.004 0.004 0.004 0.004 0.004 0.006 0.009 0.020 0.053 0.166 0.468 1.080 2.005 2.806 3.240 3.381 3.382 3.318 3.184 3.005 2.813 2.630 2.453 2.285 2.132 2.007 1.916 1.859 1.822 1.789 1.751 1.704 1.642 1.561 1.459 1.335 1.194 1.044 0.902 0.770 0.645 0.529 0.421 0.322 0.234 0.159 0.101 0.061 0.034 0.018 0.010 0.005 0.002 0.001 0.001 0.001 0.000 0.000 0.000 0.000 0.000 0.000 0.001 0.001 0.001 0.001 0.001 0.002 0.002
0.003 0.004 0.004 0.005 0.005 0.005 0.005 0.005 0.005 0.005 0.006 0.006 0.007 0.009 0.012 0.020 0.039 0.096 0.286 0.790 1.723 2.725 3.295 3.490 3.485 3.364 3.134 2.837 2.549 2.303 2.081 1.875 1.687 1.526 1.404 1.324 1.277 1.247 1.222 1.195 1.163 1.121 1.059 0.973 0.863 0.732 0.599 0.479 0.374 0.282 0.204 0.141 0.092 0.058 0.035 0.020 0.011 0.006 0.003 0.002 0.001 0.000 0.000 0.000 0.000 0.000 0.000 0.000 0.000 0.001 0.001 0.000 0.001 0.001 0.001 0.001 0.001
0.006 0.007 0.007 0.007 0.007 0.007 0.007 0.007 0.007 0.007 0.008 0.010 0.012 0.016 0.020 0.026 0.037 0.064 0.141 0.383 1.034 2.096 2.971 3.370 3.438 3.329 3.056 2.669 2.295 1.995 1.740 1.512 1.304 1.122 0.976 0.873 0.811 0.775 0.751 0.734 0.723 0.711 0.688 0.643 0.573 0.480 0.375 0.282 0.205 0.142 0.094 0.059 0.035 0.020 0.011 0.006 0.003 0.002 0.001 0.001 0.000 0.000 0.000 0.000 0.000 0.000 0.000 0.000 0.001 0.001 0.001 0.001 0.000 0.000 0.000 0.001 0.001
0.010 0.010 0.010 0.010 0.009 0.009 0.009 0.009 0.009 0.010 0.012 0.015 0.018 0.023 0.027 0.033 0.042 0.060 0.102 0.192 0.431 1.018 1.888 2.610 2.934 2.963 2.787 2.434 2.031 1.690 1.408 1.165 0.954 0.774 0.630 0.525 0.458 0.418 0.394 0.382 0.379 0.381 0.382 0.368 0.336 0.284 0.216 0.153 0.104 0.067 0.041 0.023 0.013 0.007 0.004 0.002 0.001 0.001 0.000 0.000 0.000 0.000 0.000 0.000 0.000 0.000 0.000 0.001 0.001 0.001 0.001 0.000 0.000 0.000 0.000 0.000 0.001
