RESULTS/r.avaflow_results/12_results/12_ascii/12_hflow30052.asc
ncols 506
nrows 317
xllcenter 498237.50
yllcenter 5580050.00
cellsize 12.50
NODATA_value -9999.000
[rows 136 to 169 of 317, columns 154 to 230 of 506]
0.000 0.000 0.000 0.000 0.000 0.000 0.000 0.000 0.000 0.000 0.000 0.000 0.000 0.000 0.000 0.000 0.000 0.000 0.000 0.000 0.000 0.000 0.000 0.000 0.000 0.000 0.000 0.000 0.000 0.000 0.000 0.000 0.000 0.000 0.000 0.000 0.000 0.000 0.000 0.000 0.000 0.000 0.000 0.000 0.000 0.000 0.000 0.000 0.000 0.000 0.000 0.000 0.000 0.000 0.000 0.000 0.000 0.000 0.000 0.000 0.000 0.000 0.000 0.000 0.000 0.000 0.000 0.000 0.000 0.000 0.000 0.000 0.000 0.000 0.000 0.000 0.000
0.000 0.000 0.000 0.000 0.000 0.000 0.000 0.000 0.000 0.000 0.000 0.000 0.000 0.000 0.000 0.000 0.000 0.000 0.000 0.000 0.000 0.000 0.000 0.000 0.000 0.000 0.000 0.000 0.000 0.000 0.000 0.000 0.000 0.000 0.000 0.000 0.000 0.000 0.000 0.000 0.000 0.000 0.000 0.000 0.000 0.000 0.000 0.000 0.000 0.000 0.000 0.000 0.000 0.000 0.000 0.000 0.000 0.000 0.000 0.000 0.000 0.000 0.000 0.000 0.000 0.000 0.000 0.000 0.000 0.000 0.000 0.000 0.000 0.000 0.000 0.000 0.000
0.000 0.000 0.000 0.000 0.000 0.000 0.000 0.000 0.000 0.000 0.000 0.000 0.000 0.000 0.000 0.000 0.000 0.000 0.000 0.000 0.000 0.000 0.000 0.000 0.000 0.000 0.000 0.000 0.000 0.000 0.000 0.000 0.000 0.000 0.000 0.000 0.000 0.000 0.000 0.000 0.000 0.000 0.000 0.000 0.000 0.000 0.000 0.000 0.000 0.000 0.000 0.000 0.000 0.000 0.000 0.000 0.000 0.000 0.000 0.000 0.000 0.000 0.000 0.000 0.000 0.000 0.000 0.000 0.000 0.000 0.000 0.000 0.000 0.000 0.000 0.000 0.000
0.000 0.000 0.000 0.000 0.000 0.000 0.000 0.000 0.000 0.000 0.000 0.000 0.000 0.000 0.000 0.000 0.000 0.000 0.000 0.000 0.000 0.000 0.000 0.000 0.000 0.000 0.000 0.000 0.000 0.000 0.000 0.000 0.000 0.000 0.000 0.000 0.000 0.000 0.000 0.000 0.000 0.000 0.000 0.000 0.000 0.000 0.000 0.000 0.000 0.000 0.000 0.000 0.000 0.000 0.000 0.000 0.000 0.000 0.000 0.000 0.000 0.000 0.000 0.000 0.000 0.000 0.000 0.000 0.000 0.000 0.000 0.000 0.000 0.000 0.000 0.000 0.000
0.000 0.000 0.000 0.000 0.000 0.000 0.000 0.000 0.000 0.000 0.000 0.000 0.000 0.000 0.000 0.000 0.000 0.000 0.000 0.000 0.000 0.000 0.000 0.000 0.000 0.000 0.000 0.000 0.000 0.000 0.000 0.000 0.000 0.000 0.000 0.000 0.000 0.000 0.000 0.000 0.000 0.000 0.000 0.000 0.000 0.000 0.000 0.000 0.000 0.000 0.000 0.000 0.000 0.000 0.000 0.000 0.000 0.000 0.000 0.000 0.000 0.000 0.000 0.000 0.000 0.000 0.000 0.000 0.000 0.000 0.000 0.000 0.000 0.000 0.000 0.000 0.000
0.000 0.000 0.000 0.000 0.000 0.000 0.000 0.000 0.000 0.000 0.000 0.000 0.000 0.000 0.000 0.000 0.000 0.000 0.000 0.000 0.000 0.000 0.000 0.000 0.000 0.000 0.000 0.000 0.000 0.000 0.000 0.000 0.000 0.000 0.000 0.000 0.000 0.000 0.000 0.000 0.000 0.000 0.000 0.000 0.000 0.000 0.000 0.000 0.000 0.000 0.000 0.000 0.000 0.000 0.000 0.000 0.000 0.000 0.000 0.000 0.000 0.000 0.000 0.000 0.000 0.000 0.000 0.000 0.000 0.000 0.000 0.000 0.000 0.000 0.000 0.000 0.000
0.000 0.000 0.000 0.000 0.000 0.000 0.000 0.000 0.000 0.000 0.000 0.000 0.000 0.000 0.000 0.000 0.000 0.000 0.000 0.000 0.000 0.000 0.000 0.000 0.000 0.000 0.000 0.000 0.000 0.000 0.000 0.000 0.000 0.000 0.000 0.000 0.000 0.000 0.000 0.000 0.000 0.000 0.000 0.000 0.000 0.000 0.000 0.000 0.000 0.000 0.000 0.000 0.000 0.000 0.000 0.000 0.000 0.000 0.000 0.000 0.000 0.000 0.000 0.000 0.000 0.000 0.000 0.000 0.000 0.000 0.000 0.000 0.000 0.000 0.000 0.000 0.000
0.000 0.000 0.000 0.000 0.000 0.000 0.000 0.000 0.000 0.000 0.000 0.000 0.000 0.000 0.000 0.000 0.000 0.000 0.000 0.000 0.000 0.000 0.000 0.000 0.000 0.000 0.000 0.000 0.000 0.000 0.000 0.000 0.000 0.000 0.000 0.000 0.000 0.000 0.000 0.000 0.000 0.000 0.000 0.000 0.000 0.000 0.000 0.000 0.000 0.000 0.000 0.000 0.000 0.000 0.000 0.000 0.000 0.000 0.000 0.000 0.000 0.000 0.000 0.000 0.000 0.000 0.000 0.000 0.000 0.000 0.000 0.000 0.000 0.000 0.000 0.000 0.000
0.000 0.000 0.000 0.000 0.000 0.000 0.000 0.000 0.000 0.000 0.000 0.000 0.000 0.000 0.000 0.000 0.000 0.000 0.000 0.000 0.000 0.000 0.000 0.000 0.000 0.000 0.000 0.000 0.000 0.000 0.000 0.000 0.000 0.000 0.000 0.000 0.000 0.000 0.000 0.000 0.000 0.000 0.000 0.000 0.000 0.000 0.000 0.000 0.000 0.000 0.000 0.000 0.000 0.000 0.000 0.000 0.000 0.000 0.000 0.000 0.000 0.000 0.000 0.000 0.000 0.000 0.000 0.000 0.000 0.000 0.000 0.000 0.000 0.000 0.000 0.000 0.000
0.000 0.000 0.000 0.000 0.000 0.000 0.000 0.000 0.000 0.000 0.000 0.000 0.000 0.000 0.000 0.000 0.000 0.000 0.000 0.000 0.000 0.000 0.000 0.000 0.000 0.000 0.000 0.000 0.000 0.000 0.000 0.000 0.000 0.000 0.000 0.000 0.000 0.000 0.000 0.000 0.000 0.000 0.000 0.000 0.000 0.000 0.000 0.000 0.000 0.000 0.000 0.000 0.000 0.000 0.000 0.000 0.000 0.000 0.000 0.000 0.000 0.000 0.000 0.000 0.000 0.000 0.000 0.000 0.000 0.000 0.000 0.000 0.000 0.000 0.000 0.000 0.000
0.000 0.000 0.000 0.000 0.000 0.000 0.000 0.000 0.000 0.000 0.000 0.000 0.000 0.000 0.000 0.000 0.000 0.000 0.000 0.000 0.000 0.000 0.000 0.000 0.000 0.000 0.000 0.000 0.000 0.000 0.000 0.000 0.000 0.000 0.000 0.000 0.000 0.000 0.000 0.000 0.000 0.000 0.000 0.000 0.000 0.000 0.000 0.000 0.000 0.000 0.000 0.000 0.000 0.000 0.000 0.000 0.000 0.000 0.000 0.000 0.000 0.000 0.000 0.000 0.000 0.000 0.000 0.000 0.000 0.000 0.000 0.000 0.000 0.000 0.000 0.000 0.000
0.000 0.000 0.000 0.000 0.000 0.000 0.000 0.000 0.000 0.000 0.000 0.000 0.000 0.000 0.000 0.000 0.000 0.000 0.000 0.000 0.000 0.000 0.000 0.000 0.000 0.000 0.000 0.000 0.000 0.000 0.000 0.000 0.000 0.000 0.000 0.000 0.000 0.000 0.000 0.000 0.000 0.000 0.000 0.000 0.000 0.000 0.000 0.000 0.000 0.000 0.000 0.000 0.000 0.000 0.000 0.000 0.000 0.000 0.000 0.000 0.000 0.000 0.000 0.000 0.000 0.000 0.000 0.000 0.000 0.000 0.000 0.000 0.000 0.000 0.000 0.000 0.000
0.000 0.000 0.000 0.000 0.000 0.000 0.000 0.000 0.000 0.000 0.000 0.000 0.000 0.000 0.000 0.000 0.000 0.000 0.000 0.000 0.000 0.000 0.000 0.000 0.000 0.000 0.000 0.000 0.000 0.000 0.000 0.000 0.000 0.000 0.000 0.000 0.000 0.000 0.000 0.000 0.000 0.000 0.000 0.000 0.000 0.000 0.000 0.000 0.000 0.000 0.000 0.000 0.000 0.000 0.000 0.000 0.000 0.000 0.000 0.000 0.000 0.000 0.000 0.000 0.000 0.000 0.000 0.000 0.000 0.000 0.000 0.000 0.000 0.000 0.000 0.000 0.000
0.000 0.000 0.000 0.000 0.000 0.000 0.000 0.000 0.000 0.000 0.000 0.000 0.000 0.000 0.000 0.000 0.000 0.000 0.000 0.000 0.000 0.000 0.000 0.000 0.000 0.000 0.000 0.000 0.000 0.000 0.000 0.000 0.000 0.000 0.000 0.000 0.000 0.000 0.000 0.000 0.000 0.000 0.000 0.000 0.000 0.000 0.000 0.000 0.000 0.000 0.000 0.000 0.000 0.000 0.000 0.000 0.000 0.000 0.000 0.000 0.000 0.000 0.000 0.000 0.000 0.000 0.000 0.000 0.000 0.000 0.000 0.000 0.000 0.000 0.000 0.000 0.000
0.001 0.001 0.001 0.001 0.001 0.000 0.000 0.000 0.000 0.000 0.000 0.000 0.000 0.000 0.000 0.000 0.000 0.000 0.000 0.000 0.000 0.000 0.000 0.000 0.000 0.000 0.000 0.000 0.000 0.000 0.000 0.000 0.000 0.000 0.000 0.000 0.000 0.000 0.000 0.000 0.000 0.000 0.000 0.000 0.000 0.000 0.001 0.001 0.001 0.001 0.001 0.001 0.001 0.001 0.001 0.001 0.001 0.001 0.001 0.001 0.001 0.001 0.001 0.001 0.001 0.001 0.001 0.001 0.001 0.001 0.001 0.001 0.001 0.000 0.000 0.000 0.000
0.002 0.002 0.002 0.002 0.001 0.001 0.001 0.001 0.001 0.001 0.000 0.000 0.000 0.000 0.000 0.000 0.000 0.000 0.000 0.000 0.000 0.000 0.000 0.000 0.000 0.000 0.000 0.000 0.000 0.000 0.000 0.000 0.000 0.000 0.000 0.000 0.000 0.000 0.000 0.000 0.000 0.000 0.000 0.001 0.001 0.001 0.002 0.002 0.003 0.003 0.003 0.003 0.003 0.003 0.003 0.003 0.003 0.003 0.003 0.003 0.003 0.003 0.003 0.003 0.003 0.003 0.003 0.003 0.003 0.002 0.002 0.002 0.002 0.001 0.001 0.001 0.001
0.004 0.003 0.003 0.003 0.002 0.002 0.002 0.002 0.001 0.001 0.001 0.001 0.001 0.001 0.001 0.001 0.000 0.000 0.000 0.000 0.000 0.000 0.000 0.000 0.000 0.000 0.000 0.000 0.000 0.000 0.000 0.000 0.000 0.000 0.000 0.000 0.000 0.000 0.000 0.000 0.000 0.001 0.001 0.002 0.002 0.003 0.004 0.004 0.005 0.005 0.005 0.005 0.005 0.005 0.005 0.005 0.005 0.005 0.005 0.005 0.005 0.004 0.004 0.004 0.004 0.004 0.004 0.004 0.004 0.004 0.004 0.004 0.003 0.002 0.002 0.002 0.001
0.006 0.005 0.005 0.004 0.004 0.003 0.003 0.003 0.003 0.002 0.002 0.002 0.002 0.002 0.001 0.001 0.001 0.001 0.001 0.001 0.001 0.001 0.001 0.000 0.000 0.000 0.000 0.000 0.000 0.000 0.000 0.000 0.000 0.000 0.000 0.000 0.000 0.000 0.000 0.001 0.001 0.002 0.002 0.003 0.004 0.005 0.006 0.007 0.007 0.008 0.008 0.008 0.008 0.008 0.008 0.008 0.008 0.007 0.007 0.007 0.007 0.007 0.007 0.007 0.007 0.007 0.007 0.007 0.007 0.007 0.006 0.006 0.005 0.004 0.003 0.003 0.002
0.008 0.008 0.007 0.006 0.005 0.005 0.004 0.004 0.004 0.004 0.003 0.003 0.003 0.003 0.003 0.003 0.002 0.002 0.002 0.002 0.002 0.002 0.001 0.001 0.001 0.001 0.001 0.001 0.000 0.000 0.000 0.000 0.000 0.000 0.000 0.001 0.001 0.001 0.001 0.002 0.002 0.003 0.004 0.005 0.006 0.007 0.009 0.010 0.011 0.011 0.012 0.012 0.012 0.012 0.012 0.012 0.011 0.011 0.010 0.010 0.010 0.010 0.010 0.010 0.010 0.010 0.010 0.010 0.010 0.010 0.009 0.008 0.007 0.006 0.005 0.004 0.003
0.012 0.011 0.009 0.008 0.007 0.007 0.006 0.006 0.006 0.005 0.005 0.005 0.005 0.004 0.004 0.004 0.004 0.004 0.003 0.003 0.003 0.003 0.003 0.002 0.002 0.002 0.002 0.001 0.001 0.001 0.001 0.001 0.001 0.001 0.002 0.002 0.002 0.002 0.003 0.003 0.004 0.005 0.006 0.007 0.009 0.010 0.012 0.014 0.015 0.016 0.016 0.017 0.017 0.017 0.017 0.016 0.016 0.015 0.015 0.014 0.014 0.014 0.014 0.014 0.014 0.014 0.014 0.014 0.014 0.014 0.013 0.011 0.009 0.008 0.007 0.006 0.005
0.019 0.016 0.013 0.011 0.010 0.009 0.009 0.008 0.008 0.007 0.007 0.007 0.007 0.006 0.006 0.006 0.006 0.005 0.005 0.005 0.005 0.004 0.004 0.004 0.003 0.003 0.003 0.003 0.003 0.003 0.003 0.003 0.003 0.003 0.003 0.003 0.004 0.004 0.005 0.005 0.007 0.008 0.009 0.011 0.012 0.014 0.016 0.018 0.020 0.022 0.023 0.023 0.023 0.023 0.023 0.023 0.022 0.022 0.021 0.020 0.019 0.019 0.019 0.019 0.019 0.020 0.021 0.021 0.021 0.020 0.018 0.015 0.012 0.010 0.009 0.007 0.006
0.034 0.025 0.020 0.016 0.014 0.012 0.011 0.011 0.010 0.010 0.010 0.009 0.009 0.009 0.009 0.008 0.008 0.008 0.007 0.007 0.007 0.006 0.006 0.006 0.005 0.005 0.005 0.005 0.005 0.005 0.005 0.005 0.005 0.005 0.005 0.006 0.006 0.007 0.007 0.008 0.010 0.011 0.013 0.014 0.016 0.019 0.021 0.024 0.027 0.029 0.031 0.032 0.033 0.033 0.033 0.033 0.032 0.031 0.030 0.029 0.028 0.027 0.027 0.027 0.028 0.030 0.032 0.032 0.032 0.030 0.026 0.020 0.016 0.013 0.011 0.010 0.008
0.073 0.048 0.033 0.025 0.020 0.017 0.016 0.015 0.014 0.013 0.013 0.013 0.012 0.012 0.012 0.011 0.011 0.011 0.010 0.010 0.009 0.009 0.008 0.008 0.008 0.007 0.007 0.007 0.007 0.007 0.007 0.007 0.007 0.008 0.008 0.008 0.009 0.010 0.011 0.012 0.013 0.015 0.017 0.019 0.021 0.024 0.028 0.032 0.035 0.039 0.042 0.044 0.046 0.048 0.048 0.048 0.047 0.046 0.045 0.043 0.042 0.040 0.040 0.040 0.042 0.046 0.050 0.051 0.051 0.047 0.038 0.028 0.021 0.017 0.014 0.012 0.010
0.178 0.109 0.067 0.045 0.033 0.027 0.023 0.020 0.019 0.018 0.018 0.017 0.017 0.016 0.016 0.015 0.015 0.014 0.014 0.013 0.013 0.012 0.011 0.011 0.010 0.010 0.010 0.010 0.010 0.010 0.010 0.010 0.010 0.011 0.011 0.012 0.012 0.013 0.015 0.016 0.018 0.020 0.022 0.025 0.028 0.031 0.035 0.040 0.046 0.051 0.056 0.061 0.066 0.069 0.071 0.071 0.070 0.069 0.068 0.067 0.065 0.063 0.063 0.063 0.067 0.077 0.085 0.088 0.087 0.079 0.061 0.041 0.029 0.022 0.018 0.015 0.013
0.416 0.258 0.154 0.095 0.063 0.046 0.037 0.031 0.028 0.026 0.025 0.024 0.023 0.022 0.021 0.020 0.020 0.019 0.018 0.018 0.017 0.016 0.015 0.014 0.014 0.014 0.013 0.013 0.013 0.013 0.014 0.014 0.014 0.014 0.015 0.016 0.017 0.018 0.020 0.021 0.024 0.026 0.029 0.032 0.036 0.040 0.045 0.051 0.059 0.067 0.076 0.087 0.096 0.102 0.107 0.109 0.109 0.109 0.108 0.106 0.104 0.103 0.104 0.106 0.116 0.137 0.156 0.163 0.161 0.144 0.105 0.065 0.042 0.029 0.022 0.018 0.015
0.817 0.545 0.344 0.212 0.135 0.092 0.068 0.053 0.045 0.040 0.037 0.035 0.034 0.032 0.030 0.029 0.027 0.026 0.025 0.024 0.023 0.021 0.020 0.019 0.018 0.018 0.018 0.018 0.017 0.018 0.018 0.018 0.018 0.019 0.020 0.021 0.022 0.024 0.026 0.029 0.031 0.035 0.038 0.042 0.047 0.052 0.059 0.067 0.077 0.091 0.109 0.127 0.143 0.156 0.166 0.171 0.173 0.174 0.173 0.172 0.173 0.174 0.178 0.187 0.209 0.254 0.298 0.312 0.307 0.274 0.198 0.115 0.066 0.041 0.029 0.023 0.019
1.355 0.978 0.671 0.444 0.289 0.192 0.134 0.100 0.080 0.067 0.061 0.056 0.053 0.050 0.047 0.044 0.041 0.039 0.036 0.034 0.032 0.029 0.027 0.025 0.024 0.023 0.023 0.023 0.023 0.023 0.023 0.023 0.024 0.024 0.026 0.027 0.029 0.032 0.035 0.039 0.043 0.047 0.052 0.057 0.063 0.070 0.079 0.091 0.107 0.131 0.162 0.194 0.221 0.243 0.258 0.267 0.271 0.271 0.272 0.272 0.274 0.279 0.288 0.306 0.339 0.400 0.475 0.518 0.524 0.486 0.371 0.214 0.112 0.062 0.039 0.029 0.023
1.984 1.538 1.141 0.817 0.565 0.386 0.268 0.196 0.152 0.125 0.109 0.099 0.093 0.087 0.081 0.074 0.068 0.063 0.058 0.053 0.048 0.042 0.038 0.035 0.032 0.031 0.030 0.030 0.029 0.029 0.029 0.030 0.030 0.031 0.033 0.036 0.039 0.044 0.049 0.054 0.060 0.067 0.074 0.081 0.089 0.099 0.111 0.128 0.155 0.196 0.251 0.301 0.340 0.365 0.376 0.372 0.364 0.359 0.358 0.358 0.359 0.363 0.372 0.390 0.423 0.480 0.567 0.636 0.664 0.652 0.563 0.375 0.194 0.100 0.057 0.038 0.029
2.688 2.198 1.737 1.327 0.980 0.707 0.511 0.380 0.296 0.243 0.210 0.190 0.176 0.163 0.150 0.136 0.123 0.112 0.101 0.090 0.078 0.067 0.057 0.050 0.045 0.043 0.041 0.040 0.039 0.038 0.038 0.039 0.040 0.042 0.045 0.050 0.055 0.062 0.071 0.080 0.090 0.100 0.110 0.120 0.131 0.144 0.162 0.189 0.232 0.301 0.379 0.430 0.457 0.464 0.455 0.431 0.412 0.404 0.403 0.403 0.403 0.405 0.412 0.425 0.452 0.502 0.582 0.667 0.712 0.719 0.671 0.524 0.308 0.156 0.083 0.051 0.037
3.454 2.927 2.424 1.954 1.535 1.183 0.908 0.710 0.574 0.483 0.423 0.383 0.353 0.325 0.297 0.265 0.237 0.213 0.189 0.165 0.140 0.114 0.093 0.078 0.067 0.061 0.058 0.055 0.054 0.053 0.053 0.054 0.055 0.059 0.065 0.074 0.083 0.096 0.111 0.127 0.143 0.158 0.172 0.186 0.200 0.218 0.244 0.288 0.351 0.423 0.478 0.507 0.516 0.508 0.481 0.443 0.422 0.413 0.412 0.413 0.413 0.414 0.419 0.430 0.452 0.494 0.565 0.654 0.711 0.726 0.706 0.611 0.419 0.228 0.121 0.071 0.048
4.252 3.703 3.182 2.690 2.239 1.843 1.515 1.259 1.073 0.943 0.851 0.782 0.724 0.667 0.605 0.533 0.471 0.417 0.367 0.315 0.260 0.207 0.163 0.130 0.109 0.095 0.088 0.083 0.081 0.080 0.080 0.081 0.085 0.093 0.104 0.118 0.137 0.161 0.188 0.214 0.238 0.259 0.278 0.295 0.313 0.337 0.373 0.415 0.457 0.492 0.517 0.527 0.527 0.511 0.473 0.431 0.408 0.399 0.398 0.399 0.401 0.404 0.409 0.418 0.433 0.461 0.513 0.598 0.675 0.706 0.701 0.645 0.506 0.309 0.168 0.097 0.064
5.089 4.544 4.042 3.570 3.128 2.730 2.389 2.113 1.903 1.750 1.635 1.539 1.447 1.345 1.217 1.067 0.930 0.816 0.709 0.601 0.487 0.381 0.293 0.228 0.184 0.159 0.144 0.136 0.133 0.132 0.133 0.138 0.147 0.161 0.179 0.204 0.238 0.285 0.330 0.367 0.399 0.425 0.445 0.462 0.475 0.487 0.497 0.501 0.504 0.510 0.517 0.519 0.510 0.482 0.431 0.387 0.362 0.352 0.350 0.351 0.356 0.363 0.370 0.377 0.386 0.399 0.429 0.494 0.590 0.654 0.670 0.647 0.560 0.393 0.227 0.132 0.086
6.056 5.563 5.119 4.705 4.307 3.938 3.625 3.375 3.181 3.036 2.921 2.815 2.699 2.548 2.339 2.076 1.801 1.553 1.326 1.106 0.886 0.686 0.521 0.398 0.316 0.268 0.242 0.231 0.227 0.228 0.234 0.248 0.267 0.290 0.319 0.357 0.417 0.489 0.543 0.576 0.595 0.606 0.610 0.607 0.598 0.582 0.556 0.527 0.508 0.497 0.487 0.472 0.446 0.400 0.342 0.300 0.277 0.267 0.265 0.268 0.276 0.289 0.298 0.304 0.307 0.310 0.322 0.364 0.461 0.568 0.617 0.621 0.581 0.467 0.302 0.181 0.118
7.299 6.949 6.622 6.309 5.995 5.697 5.446 5.249 5.091 4.963 4.849 4.734 4.602 4.415 4.138 3.760 3.309 2.836 2.375 1.943 1.543 1.188 0.896 0.676 0.527 0.437 0.391 0.374 0.372 0.380 0.404 0.438 0.470 0.500 0.532 0.570 0.624 0.679 0.709 0.720 0.719 0.709 0.693 0.673 0.647 0.611 0.564 0.516 0.477 0.441 0.405 0.363 0.314 0.262 0.220 0.196 0.185 0.182 0.183 0.189 0.197 0.206 0.212 0.215 0.218 0.221 0.231 0.261 0.334 0.456 0.547 0.578 0.570 0.513 0.391 0.253 0.165
