RESULTS/r.avaflow_results/12_results/12_ascii/12_hflow0047.asc
ncols 506
nrows 317
xllcenter 498237.50
yllcenter 5580050.00
cellsize 12.50
NODATA_value -9999.000
[rows 170 to 203 of 317, columns 154 to 230 of 506]
10.865 10.573 10.279 9.981 9.672 9.362 9.076 8.816 8.576 8.349 8.131 7.919 7.697 7.422 7.031 6.485 5.797 5.015 4.198 3.414 2.695 2.063 1.541 1.144 0.869 0.695 0.600 0.562 0.560 0.580 0.622 0.664 0.690 0.706 0.719 0.737 0.768 0.800 0.814 0.812 0.799 0.776 0.751 0.725 0.693 0.647 0.582 0.500 0.420 0.346 0.278 0.224 0.184 0.156 0.138 0.129 0.126 0.127 0.131 0.136 0.140 0.142 0.144 0.146 0.147 0.150 0.159 0.181 0.234 0.341 0.481 0.565 0.589 0.575 0.511 0.385 0.254
13.409 13.461 13.414 13.285 13.109 12.894 12.640 12.361 12.069 11.776 11.489 11.214 10.938 10.623 10.184 9.550 8.707 7.688 6.561 5.415 4.335 3.357 2.523 1.865 1.393 1.079 0.889 0.792 0.759 0.760 0.782 0.800 0.805 0.799 0.792 0.792 0.801 0.814 0.817 0.808 0.784 0.747 0.708 0.667 0.620 0.553 0.456 0.345 0.251 0.186 0.145 0.119 0.102 0.092 0.088 0.087 0.089 0.093 0.099 0.103 0.104 0.105 0.105 0.104 0.105 0.106 0.113 0.130 0.169 0.245 0.375 0.496 0.552 0.565 0.548 0.489 0.375
16.251 16.743 16.952 16.931 16.780 16.572 16.304 15.997 15.673 15.343 15.013 14.693 14.380 14.042 13.597 12.934 12.001 10.823 9.472 8.038 6.611 5.253 4.030 3.012 2.233 1.676 1.302 1.072 0.948 0.886 0.858 0.843 0.829 0.813 0.795 0.785 0.782 0.780 0.771 0.744 0.694 0.630 0.568 0.506 0.436 0.349 0.252 0.174 0.125 0.095 0.078 0.067 0.061 0.059 0.059 0.061 0.065 0.072 0.077 0.079 0.080 0.079 0.078 0.077 0.077 0.078 0.083 0.096 0.123 0.175 0.271 0.407 0.509 0.551 0.558 0.539 0.479
18.292 19.155 19.618 19.755 19.698 19.556 19.352 19.107 18.832 18.527 18.198 17.859 17.523 17.168 16.728 16.088 15.182 14.014 12.643 11.127 9.507 7.844 6.201 4.735 3.531 2.597 1.913 1.446 1.150 0.975 0.882 0.836 0.807 0.778 0.748 0.722 0.699 0.676 0.643 0.585 0.496 0.405 0.331 0.272 0.218 0.164 0.118 0.085 0.065 0.053 0.046 0.042 0.041 0.041 0.041 0.044 0.049 0.056 0.060 0.062 0.062 0.062 0.061 0.060 0.060 0.061 0.065 0.074 0.092 0.125 0.188 0.302 0.443 0.527 0.554 0.553 0.527
19.345 20.461 21.181 21.565 21.739 21.790 21.757 21.651 21.482 21.250 20.947 20.595 20.226 19.847 19.408 18.799 17.937 16.816 15.476 13.978 12.351 10.593 8.687 6.740 5.019 3.616 2.549 1.799 1.314 1.025 0.869 0.785 0.727 0.677 0.626 0.576 0.529 0.480 0.422 0.347 0.265 0.203 0.161 0.129 0.102 0.078 0.060 0.047 0.039 0.034 0.031 0.030 0.030 0.030 0.031 0.034 0.038 0.044 0.048 0.049 0.050 0.049 0.049 0.049 0.049 0.051 0.054 0.060 0.072 0.093 0.134 0.210 0.346 0.476 0.535 0.547 0.538
19.591 20.824 21.749 22.407 22.871 23.188 23.379 23.436 23.375 23.223 22.959 22.584 22.173 21.779 21.353 20.794 20.018 18.991 17.711 16.201 14.495 12.603 10.496 8.168 6.025 4.268 2.930 1.997 1.398 1.037 0.824 0.686 0.584 0.497 0.418 0.353 0.305 0.265 0.223 0.176 0.133 0.102 0.081 0.065 0.053 0.043 0.035 0.030 0.026 0.024 0.023 0.023 0.023 0.024 0.025 0.027 0.031 0.035 0.038 0.040 0.041 0.041 0.042 0.042 0.043 0.045 0.047 0.052 0.060 0.074 0.100 0.151 0.247 0.388 0.487 0.524 0.528
19.446 20.730 21.762 22.579 23.249 23.779 24.136 24.311 24.326 24.224 23.990 23.589 23.149 22.769 22.371 21.863 21.173 20.255 19.059 17.561 15.779 13.746 11.454 8.882 6.479 4.529 3.062 2.052 1.410 1.005 0.738 0.548 0.405 0.300 0.228 0.184 0.157 0.136 0.115 0.091 0.071 0.056 0.046 0.038 0.032 0.027 0.023 0.021 0.020 0.019 0.019 0.019 0.019 0.019 0.020 0.022 0.024 0.028 0.031 0.033 0.035 0.036 0.037 0.038 0.039 0.041 0.043 0.047 0.053 0.063 0.081 0.114 0.176 0.285 0.405 0.475 0.500
18.903 20.289 21.474 22.451 23.245 23.853 24.250 24.450 24.489 24.405 24.185 23.770 23.318 22.957 22.579 22.094 21.443 20.589 19.466 18.005 16.193 14.074 11.678 9.004 6.522 4.518 3.023 2.002 1.340 0.903 0.602 0.391 0.252 0.169 0.121 0.096 0.082 0.072 0.061 0.050 0.041 0.035 0.029 0.025 0.022 0.019 0.017 0.016 0.016 0.016 0.015 0.015 0.016 0.016 0.017 0.018 0.020 0.022 0.025 0.027 0.030 0.031 0.033 0.035 0.037 0.038 0.041 0.044 0.048 0.056 0.069 0.091 0.132 0.200 0.302 0.395 0.449
17.976 19.487 20.829 21.978 22.904 23.567 23.963 24.141 24.160 24.068 23.851 23.452 22.994 22.608 22.206 21.705 21.066 20.256 19.190 17.770 15.968 13.819 11.352 8.628 6.169 4.196 2.739 1.753 1.115 0.693 0.411 0.238 0.143 0.093 0.067 0.053 0.046 0.041 0.036 0.031 0.027 0.024 0.021 0.018 0.016 0.015 0.014 0.013 0.013 0.013 0.013 0.013 0.013 0.013 0.014 0.015 0.016 0.018 0.020 0.022 0.025 0.028 0.030 0.032 0.034 0.036 0.039 0.042 0.045 0.051 0.061 0.077 0.104 0.148 0.216 0.301 0.375
16.749 18.354 19.798 21.046 22.047 22.749 23.152 23.294 23.252 23.115 22.887 22.552 22.120 21.635 21.102 20.512 19.845 19.056 18.042 16.662 14.854 12.648 10.106 7.472 5.193 3.397 2.096 1.235 0.707 0.395 0.219 0.126 0.078 0.052 0.039 0.033 0.029 0.026 0.024 0.021 0.019 0.018 0.016 0.014 0.013 0.012 0.011 0.011 0.010 0.010 0.010 0.010 0.010 0.011 0.011 0.012 0.013 0.014 0.016 0.018 0.021 0.024 0.027 0.029 0.032 0.034 0.037 0.040 0.043 0.048 0.055 0.068 0.087 0.117 0.162 0.223 0.292
15.249 16.858 18.329 19.613 20.664 21.428 21.872 21.993 21.890 21.690 21.466 21.233 20.855 20.244 19.497 18.754 18.005 17.167 16.093 14.623 12.688 10.334 7.785 5.437 3.533 2.123 1.173 0.614 0.324 0.177 0.103 0.064 0.043 0.032 0.026 0.023 0.021 0.019 0.018 0.016 0.015 0.014 0.013 0.012 0.011 0.010 0.009 0.009 0.008 0.008 0.008 0.008 0.008 0.008 0.009 0.009 0.010 0.011 0.013 0.015 0.017 0.020 0.023 0.027 0.029 0.032 0.035 0.038 0.041 0.045 0.052 0.062 0.078 0.100 0.132 0.175 0.227
13.478 14.979 16.439 17.773 18.930 19.825 20.373 20.537 20.435 20.230 20.014 19.802 19.410 18.696 17.783 16.876 15.975 14.946 13.592 11.776 9.442 6.903 4.644 2.951 1.772 0.986 0.505 0.250 0.132 0.077 0.050 0.036 0.027 0.022 0.019 0.017 0.016 0.015 0.014 0.013 0.012 0.012 0.011 0.010 0.009 0.008 0.008 0.007 0.007 0.006 0.006 0.006 0.006 0.006 0.006 0.007 0.008 0.009 0.010 0.012 0.014 0.017 0.020 0.023 0.027 0.030 0.033 0.036 0.039 0.043 0.050 0.060 0.073 0.092 0.117 0.148 0.186
11.517 12.842 14.263 15.676 16.974 18.035 18.730 19.007 18.959 18.776 18.530 18.210 17.679 16.868 15.875 14.828 13.710 12.328 10.464 8.057 5.582 3.555 2.137 1.235 0.690 0.368 0.187 0.098 0.058 0.039 0.029 0.023 0.019 0.017 0.015 0.014 0.013 0.012 0.012 0.011 0.010 0.010 0.009 0.008 0.008 0.007 0.006 0.006 0.005 0.005 0.004 0.004 0.004 0.004 0.005 0.005 0.006 0.007 0.008 0.010 0.012 0.014 0.017 0.020 0.024 0.027 0.031 0.034 0.038 0.043 0.049 0.059 0.072 0.089 0.110 0.135 0.164
9.659 10.734 11.970 13.347 14.708 15.859 16.662 17.049 17.068 16.888 16.516 15.945 15.176 14.236 13.171 11.984 10.584 8.730 6.413 4.195 2.535 1.407 0.746 0.403 0.224 0.126 0.071 0.044 0.030 0.024 0.019 0.017 0.015 0.013 0.012 0.011 0.011 0.010 0.010 0.009 0.009 0.008 0.008 0.007 0.007 0.006 0.005 0.005 0.004 0.004 0.003 0.003 0.003 0.003 0.003 0.003 0.004 0.005 0.006 0.008 0.010 0.012 0.015 0.018 0.021 0.025 0.028 0.032 0.037 0.042 0.049 0.059 0.072 0.089 0.108 0.129 0.153
7.896 8.670 9.591 10.668 11.799 12.785 13.516 13.908 13.959 13.768 13.268 12.452 11.391 10.204 8.987 7.683 6.172 4.456 2.826 1.605 0.833 0.416 0.218 0.126 0.077 0.049 0.033 0.025 0.020 0.017 0.014 0.013 0.012 0.011 0.010 0.009 0.009 0.009 0.008 0.008 0.007 0.007 0.007 0.006 0.006 0.005 0.004 0.004 0.004 0.003 0.003 0.002 0.002 0.002 0.002 0.002 0.002 0.003 0.004 0.006 0.008 0.010 0.012 0.015 0.019 0.022 0.026 0.031 0.036 0.042 0.050 0.060 0.073 0.089 0.107 0.127 0.150
6.176 6.557 6.980 7.463 7.994 8.497 8.906 9.138 9.157 8.988 8.499 7.642 6.536 5.421 4.441 3.515 2.559 1.602 0.876 0.436 0.217 0.118 0.072 0.048 0.034 0.026 0.020 0.017 0.015 0.013 0.011 0.010 0.010 0.009 0.008 0.008 0.008 0.007 0.007 0.007 0.006 0.006 0.006 0.005 0.005 0.005 0.004 0.004 0.004 0.003 0.002 0.001 0.001 0.001 0.001 0.001 0.001 0.002 0.003 0.004 0.006 0.008 0.010 0.013 0.017 0.020 0.025 0.030 0.035 0.042 0.050 0.060 0.074 0.089 0.107 0.128 0.150
4.494 4.497 4.494 4.498 4.509 4.533 4.563 4.560 4.506 4.381 4.079 3.549 2.827 2.125 1.588 1.147 0.746 0.422 0.218 0.115 0.067 0.044 0.033 0.026 0.021 0.017 0.015 0.013 0.011 0.010 0.009 0.008 0.008 0.007 0.007 0.007 0.006 0.006 0.006 0.005 0.005 0.005 0.005 0.005 0.005 0.005 0.005 0.005 0.004 0.003 0.002 0.001 0.000 0.000 0.000 0.000 0.000 0.001 0.002 0.003 0.004 0.006 0.009 0.011 0.015 0.018 0.023 0.028 0.034 0.041 0.050 0.060 0.073 0.089 0.108 0.130 0.156
2.889 2.636 2.414 2.223 2.057 1.920 1.820 1.741 1.672 1.590 1.446 1.212 0.899 0.621 0.436 0.301 0.192 0.112 0.066 0.042 0.030 0.024 0.020 0.017 0.015 0.013 0.011 0.010 0.009 0.008 0.008 0.007 0.006 0.006 0.006 0.005 0.005 0.005 0.005 0.005 0.005 0.005 0.005 0.006 0.006 0.006 0.006 0.006 0.006 0.004 0.003 0.001 0.000 0.000 0.000 0.000 0.000 0.000 0.001 0.002 0.003 0.005 0.007 0.010 0.013 0.017 0.021 0.027 0.033 0.040 0.049 0.059 0.072 0.088 0.109 0.135 0.169
1.500 1.238 1.053 0.914 0.800 0.699 0.620 0.562 0.516 0.473 0.421 0.348 0.252 0.173 0.123 0.087 0.060 0.041 0.030 0.023 0.019 0.017 0.014 0.013 0.011 0.010 0.009 0.008 0.007 0.007 0.006 0.006 0.005 0.005 0.005 0.005 0.005 0.005 0.005 0.006 0.006 0.006 0.007 0.008 0.008 0.009 0.009 0.009 0.008 0.006 0.003 0.001 0.000 0.000 0.000 0.000 0.000 0.000 0.000 0.001 0.002 0.004 0.005 0.008 0.011 0.015 0.019 0.025 0.031 0.038 0.046 0.056 0.069 0.085 0.108 0.139 0.181
0.642 0.504 0.415 0.352 0.299 0.250 0.211 0.182 0.161 0.144 0.127 0.107 0.081 0.059 0.045 0.036 0.028 0.023 0.019 0.016 0.014 0.012 0.011 0.010 0.009 0.008 0.007 0.007 0.006 0.006 0.005 0.005 0.005 0.005 0.005 0.006 0.006 0.007 0.007 0.008 0.009 0.010 0.012 0.013 0.014 0.015 0.015 0.014 0.011 0.006 0.003 0.001 0.000 0.000 0.000 0.000 0.000 0.000 0.000 0.000 0.001 0.002 0.004 0.006 0.009 0.012 0.016 0.022 0.027 0.034 0.042 0.051 0.063 0.079 0.103 0.136 0.182
0.251 0.196 0.161 0.135 0.113 0.093 0.078 0.066 0.059 0.053 0.048 0.042 0.036 0.029 0.024 0.021 0.018 0.016 0.014 0.012 0.011 0.010 0.009 0.008 0.007 0.007 0.006 0.006 0.006 0.006 0.006 0.006 0.006 0.007 0.008 0.009 0.010 0.011 0.013 0.016 0.018 0.021 0.023 0.024 0.025 0.024 0.022 0.017 0.011 0.007 0.003 0.001 0.000 0.000 0.000 0.000 0.000 0.000 0.000 0.000 0.001 0.002 0.003 0.004 0.007 0.009 0.013 0.017 0.022 0.028 0.034 0.042 0.052 0.066 0.089 0.122 0.170
0.098 0.078 0.065 0.056 0.048 0.040 0.035 0.031 0.028 0.026 0.025 0.023 0.021 0.019 0.017 0.015 0.013 0.012 0.011 0.010 0.009 0.008 0.007 0.007 0.006 0.006 0.006 0.006 0.007 0.008 0.008 0.010 0.011 0.013 0.015 0.017 0.021 0.025 0.030 0.034 0.038 0.041 0.042 0.041 0.037 0.032 0.025 0.018 0.011 0.007 0.003 0.001 0.000 0.000 0.000 0.000 0.000 0.000 0.000 0.000 0.000 0.001 0.002 0.003 0.005 0.007 0.010 0.013 0.017 0.021 0.026 0.031 0.038 0.048 0.065 0.094 0.138
0.041 0.035 0.030 0.027 0.024 0.022 0.020 0.018 0.017 0.017 0.016 0.016 0.015 0.014 0.013 0.012 0.011 0.009 0.008 0.008 0.007 0.007 0.006 0.006 0.007 0.007 0.008 0.010 0.012 0.014 0.017 0.020 0.024 0.029 0.034 0.040 0.048 0.056 0.062 0.066 0.066 0.063 0.057 0.050 0.042 0.034 0.026 0.018 0.011 0.006 0.003 0.001 0.000 0.000 0.000 0.000 0.000 0.000 0.000 0.000 0.000 0.000 0.001 0.002 0.003 0.005 0.007 0.009 0.012 0.015 0.019 0.022 0.027 0.033 0.043 0.060 0.090
0.021 0.019 0.017 0.016 0.015 0.014 0.013 0.013 0.013 0.012 0.012 0.012 0.012 0.011 0.010 0.010 0.009 0.008 0.007 0.006 0.006 0.006 0.007 0.008 0.010 0.012 0.016 0.020 0.026 0.033 0.040 0.050 0.059 0.069 0.078 0.088 0.097 0.101 0.099 0.093 0.083 0.073 0.062 0.053 0.043 0.034 0.025 0.017 0.011 0.006 0.003 0.001 0.000 0.000 0.000 0.000 0.000 0.000 0.000 0.000 0.000 0.000 0.000 0.001 0.002 0.003 0.005 0.006 0.009 0.011 0.013 0.016 0.019 0.023 0.029 0.038 0.054
0.012 0.012 0.011 0.011 0.011 0.010 0.010 0.010 0.010 0.010 0.010 0.010 0.009 0.009 0.009 0.008 0.007 0.006 0.006 0.006 0.007 0.008 0.010 0.014 0.019 0.026 0.037 0.051 0.066 0.081 0.098 0.114 0.130 0.141 0.148 0.149 0.143 0.133 0.118 0.103 0.088 0.074 0.063 0.052 0.042 0.032 0.023 0.016 0.010 0.006 0.003 0.001 0.000 0.000 0.000 0.000 0.000 0.000 0.000 0.000 0.000 0.000 0.000 0.000 0.001 0.002 0.003 0.004 0.006 0.008 0.010 0.012 0.014 0.017 0.020 0.026 0.034
0.009 0.009 0.008 0.008 0.008 0.008 0.008 0.008 0.008 0.008 0.008 0.008 0.008 0.007 0.007 0.007 0.006 0.006 0.006 0.008 0.010 0.013 0.019 0.029 0.044 0.066 0.094 0.124 0.151 0.174 0.193 0.205 0.209 0.207 0.198 0.184 0.165 0.143 0.122 0.104 0.087 0.073 0.061 0.050 0.039 0.030 0.021 0.014 0.009 0.005 0.002 0.001 0.000 0.000 0.000 0.000 0.000 0.000 0.000 0.000 0.000 0.000 0.000 0.000 0.000 0.001 0.002 0.003 0.004 0.005 0.007 0.008 0.010 0.012 0.015 0.018 0.023
0.007 0.007 0.007 0.007 0.007 0.007 0.007 0.007 0.007 0.007 0.007 0.007 0.006 0.006 0.006 0.006 0.006 0.007 0.009 0.012 0.018 0.028 0.045 0.071 0.108 0.155 0.201 0.237 0.257 0.267 0.269 0.263 0.252 0.236 0.216 0.194 0.169 0.144 0.122 0.102 0.085 0.070 0.056 0.044 0.034 0.025 0.017 0.011 0.007 0.004 0.002 0.001 0.000 0.000 0.000 0.000 0.000 0.000 0.000 0.000 0.000 0.000 0.000 0.000 0.000 0.000 0.001 0.001 0.002 0.003 0.004 0.006 0.007 0.009 0.011 0.014 0.017
0.005 0.005 0.005 0.005 0.006 0.006 0.006 0.006 0.006 0.006 0.006 0.006 0.006 0.006 0.006 0.006 0.007 0.010 0.015 0.023 0.039 0.064 0.103 0.157 0.215 0.265 0.297 0.313 0.318 0.314 0.303 0.286 0.265 0.242 0.218 0.194 0.168 0.142 0.119 0.098 0.080 0.063 0.048 0.036 0.026 0.018 0.012 0.008 0.005 0.003 0.001 0.000 0.000 0.000 0.000 0.000 0.000 0.000 0.000 0.000 0.000 0.000 0.000 0.000 0.000 0.000 0.000 0.000 0.001 0.002 0.003 0.004 0.005 0.006 0.008 0.010 0.012
0.004 0.004 0.004 0.005 0.005 0.005 0.005 0.005 0.005 0.005 0.005 0.005 0.005 0.006 0.006 0.008 0.011 0.017 0.029 0.049 0.082 0.130 0.189 0.248 0.295 0.326 0.340 0.343 0.340 0.330 0.314 0.292 0.266 0.241 0.217 0.192 0.165 0.137 0.111 0.088 0.068 0.050 0.035 0.024 0.017 0.011 0.008 0.005 0.003 0.002 0.001 0.000 0.000 0.000 0.000 0.000 0.000 0.000 0.000 0.000 0.000 0.000 0.000 0.000 0.000 0.000 0.000 0.000 0.000 0.001 0.001 0.002 0.003 0.004 0.006 0.007 0.009
0.003 0.004 0.004 0.004 0.004 0.004 0.004 0.004 0.005 0.005 0.005 0.006 0.006 0.007 0.008 0.012 0.019 0.033 0.055 0.091 0.140 0.195 0.249 0.294 0.326 0.344 0.350 0.350 0.346 0.336 0.318 0.293 0.264 0.237 0.210 0.182 0.152 0.121 0.093 0.068 0.047 0.032 0.021 0.015 0.010 0.007 0.005 0.003 0.002 0.001 0.000 0.000 0.000 0.000 0.000 0.000 0.000 0.000 0.000 0.000 0.000 0.000 0.000 0.000 0.000 0.000 0.000 0.000 0.000 0.000 0.001 0.001 0.002 0.003 0.004 0.005 0.006
0.003 0.003 0.003 0.003 0.004 0.004 0.004 0.005 0.005 0.006 0.006 0.007 0.008 0.009 0.012 0.018 0.030 0.051 0.082 0.126 0.178 0.228 0.271 0.306 0.331 0.346 0.351 0.352 0.349 0.338 0.317 0.288 0.253 0.217 0.183 0.150 0.117 0.086 0.060 0.040 0.026 0.018 0.012 0.009 0.006 0.004 0.003 0.002 0.001 0.000 0.000 0.000 0.000 0.000 0.000 0.000 0.000 0.000 0.000 0.000 0.000 0.000 0.000 0.000 0.000 0.000 0.000 0.000 0.000 0.000 0.000 0.000 0.001 0.001 0.002 0.003 0.004
0.002 0.003 0.003 0.003 0.004 0.004 0.005 0.006 0.007 0.007 0.008 0.009 0.010 0.011 0.015 0.022 0.037 0.061 0.097 0.142 0.194 0.238 0.274 0.306 0.329 0.343 0.348 0.349 0.343 0.329 0.303 0.266 0.219 0.170 0.127 0.092 0.064 0.043 0.029 0.019 0.013 0.009 0.007 0.005 0.004 0.002 0.002 0.001 0.000 0.000 0.000 0.000 0.000 0.000 0.000 0.000 0.000 0.000 0.000 0.000 0.000 0.000 0.000 0.000 0.000 0.000 0.000 0.000 0.000 0.000 0.000 0.000 0.000 0.000 0.001 0.002 0.003
0.002 0.002 0.003 0.004 0.005 0.006 0.007 0.008 0.009 0.010 0.010 0.010 0.011 0.013 0.016 0.024 0.039 0.065 0.100 0.146 0.196 0.237 0.271 0.296 0.312 0.319 0.319 0.313 0.301 0.281 0.250 0.206 0.151 0.101 0.065 0.042 0.027 0.018 0.012 0.009 0.006 0.005 0.004 0.003 0.002 0.001 0.001 0.000 0.000 0.000 0.000 0.000 0.000 0.000 0.000 0.000 0.000 0.000 0.000 0.000 0.000 0.000 0.000 0.000 0.000 0.000 0.000 0.000 0.000 0.000 0.000 0.000 0.000 0.000 0.000 0.001 0.001
0.002 0.002 0.003 0.005 0.007 0.008 0.009 0.010 0.011 0.011 0.011 0.011 0.012 0.013 0.016 0.024 0.039 0.063 0.098 0.142 0.187 0.221 0.245 0.256 0.258 0.250 0.235 0.217 0.198 0.175 0.148 0.113 0.075 0.046 0.027 0.017 0.011 0.007 0.005 0.004 0.003 0.002 0.002 0.001 0.001 0.000 0.000 0.000 0.000 0.000 0.000 0.000 0.000 0.000 0.000 0.000 0.000 0.000 0.000 0.000 0.000 0.000 0.000 0.000 0.000 0.000 0.000 0.000 0.000 0.000 0.000 0.000 0.000 0.000 0.000 0.000 0.000
