RESULTS/r.avaflow_results/12_results/12_ascii/12_hflow30034.asc
ncols 506
nrows 317
xllcenter 498237.50
yllcenter 5580050.00
cellsize 12.50
NODATA_value -9999.000
[rows 136 to 169 of 317, columns 154 to 230 of 506]
0.000 0.000 0.000 0.000 0.000 0.000 0.000 0.000 0.000 0.000 0.000 0.000 0.000 0.000 0.000 0.000 0.000 0.000 0.000 0.000 0.000 0.000 0.000 0.000 0.000 0.000 0.000 0.000 0.000 0.000 0.000 0.000 0.000 0.000 0.000 0.000 0.000 0.000 0.000 0.000 0.000 0.000 0.000 0.000 0.000 0.000 0.000 0.000 0.000 0.000 0.000 0.000 0.000 0.000 0.000 0.000 0.000 0.000 0.000 0.000 0.000 0.000 0.000 0.000 0.000 0.000 0.000 0.000 0.000 0.000 0.000 0.000 0.000 0.000 0.000 0.000 0.000
0.000 0.000 0.000 0.000 0.000 0.000 0.000 0.000 0.000 0.000 0.000 0.000 0.000 0.000 0.000 0.000 0.000 0.000 0.000 0.000 0.000 0.000 0.000 0.000 0.000 0.000 0.000 0.000 0.000 0.000 0.000 0.000 0.000 0.000 0.000 0.000 0.000 0.000 0.000 0.000 0.000 0.000 0.000 0.000 0.000 0.000 0.000 0.000 0.000 0.000 0.000 0.000 0.000 0.000 0.000 0.000 0.000 0.000 0.000 0.000 0.000 0.000 0.000 0.000 0.000 0.000 0.000 0.000 0.000 0.000 0.000 0.000 0.000 0.000 0.000 0.000 0.000
0.000 0.000 0.000 0.000 0.000 0.000 0.000 0.000 0.000 0.000 0.000 0.000 0.000 0.000 0.000 0.000 0.000 0.000 0.000 0.000 0.000 0.000 0.000 0.000 0.000 0.000 0.000 0.000 0.000 0.000 0.000 0.000 0.000 0.000 0.000 0.000 0.000 0.000 0.000 0.000 0.000 0.000 0.000 0.000 0.000 0.000 0.000 0.000 0.000 0.000 0.000 0.000 0.000 0.000 0.000 0.000 0.000 0.000 0.000 0.000 0.000 0.000 0.000 0.000 0.000 0.000 0.000 0.000 0.000 0.000 0.000 0.000 0.000 0.000 0.000 0.000 0.000
0.000 0.000 0.000 0.000 0.000 0.000 0.000 0.000 0.000 0.000 0.000 0.000 0.000 0.000 0.000 0.000 0.000 0.000 0.000 0.000 0.000 0.000 0.000 0.000 0.000 0.000 0.000 0.000 0.000 0.000 0.000 0.000 0.000 0.000 0.000 0.000 0.000 0.000 0.000 0.000 0.000 0.000 0.000 0.000 0.000 0.000 0.000 0.000 0.000 0.000 0.000 0.000 0.000 0.000 0.000 0.000 0.000 0.000 0.000 0.000 0.000 0.000 0.000 0.000 0.000 0.000 0.000 0.000 0.000 0.000 0.000 0.000 0.000 0.000 0.000 0.000 0.000
0.000 0.000 0.000 0.000 0.000 0.000 0.000 0.000 0.000 0.000 0.000 0.000 0.000 0.000 0.000 0.000 0.000 0.000 0.000 0.000 0.000 0.000 0.000 0.000 0.000 0.000 0.000 0.000 0.000 0.000 0.000 0.000 0.000 0.000 0.000 0.000 0.000 0.000 0.000 0.000 0.000 0.000 0.000 0.000 0.000 0.000 0.000 0.000 0.000 0.000 0.000 0.000 0.000 0.000 0.000 0.000 0.000 0.000 0.000 0.000 0.000 0.000 0.000 0.000 0.000 0.000 0.000 0.000 0.000 0.000 0.000 0.000 0.000 0.000 0.000 0.000 0.000
0.000 0.000 0.000 0.000 0.000 0.000 0.000 0.000 0.000 0.000 0.000 0.000 0.000 0.000 0.000 0.000 0.000 0.000 0.000 0.000 0.000 0.000 0.000 0.000 0.000 0.000 0.000 0.000 0.000 0.000 0.000 0.000 0.000 0.000 0.000 0.000 0.000 0.000 0.000 0.000 0.000 0.000 0.000 0.000 0.000 0.000 0.000 0.000 0.000 0.000 0.000 0.000 0.000 0.000 0.000 0.000 0.000 0.000 0.000 0.000 0.000 0.000 0.000 0.000 0.000 0.000 0.000 0.000 0.000 0.000 0.000 0.000 0.000 0.000 0.000 0.000 0.000
0.000 0.000 0.000 0.000 0.000 0.000 0.000 0.000 0.000 0.000 0.000 0.000 0.000 0.000 0.000 0.000 0.000 0.000 0.000 0.000 0.000 0.000 0.000 0.000 0.000 0.000 0.000 0.000 0.000 0.000 0.000 0.000 0.000 0.000 0.000 0.000 0.000 0.000 0.000 0.000 0.000 0.000 0.000 0.000 0.000 0.000 0.000 0.000 0.000 0.000 0.000 0.000 0.000 0.000 0.000 0.000 0.000 0.000 0.000 0.000 0.000 0.000 0.000 0.000 0.000 0.000 0.000 0.000 0.000 0.000 0.000 0.000 0.000 0.000 0.000 0.000 0.000
0.000 0.000 0.000 0.000 0.000 0.000 0.000 0.000 0.000 0.000 0.000 0.000 0.000 0.000 0.000 0.000 0.000 0.000 0.000 0.000 0.000 0.000 0.000 0.000 0.000 0.000 0.000 0.000 0.000 0.000 0.000 0.000 0.000 0.000 0.000 0.000 0.000 0.000 0.000 0.000 0.000 0.000 0.000 0.000 0.000 0.000 0.000 0.000 0.000 0.000 0.000 0.000 0.000 0.000 0.000 0.000 0.000 0.000 0.000 0.000 0.000 0.000 0.000 0.000 0.000 0.000 0.000 0.000 0.000 0.000 0.000 0.000 0.000 0.000 0.000 0.000 0.000
0.000 0.000 0.000 0.000 0.000 0.000 0.000 0.000 0.000 0.000 0.000 0.000 0.000 0.000 0.000 0.000 0.000 0.000 0.000 0.000 0.000 0.000 0.000 0.000 0.000 0.000 0.000 0.000 0.000 0.000 0.000 0.000 0.000 0.000 0.000 0.000 0.000 0.000 0.000 0.000 0.000 0.000 0.000 0.000 0.000 0.000 0.000 0.000 0.000 0.000 0.000 0.000 0.000 0.000 0.000 0.000 0.000 0.000 0.000 0.000 0.000 0.000 0.000 0.000 0.000 0.000 0.000 0.000 0.000 0.000 0.000 0.000 0.000 0.000 0.000 0.000 0.000
0.000 0.000 0.000 0.000 0.000 0.000 0.000 0.000 0.000 0.000 0.000 0.000 0.000 0.000 0.000 0.000 0.000 0.000 0.000 0.000 0.000 0.000 0.000 0.000 0.000 0.000 0.000 0.000 0.000 0.000 0.000 0.000 0.000 0.000 0.000 0.000 0.000 0.000 0.000 0.000 0.000 0.000 0.000 0.000 0.000 0.000 0.000 0.000 0.000 0.000 0.000 0.000 0.000 0.000 0.000 0.000 0.000 0.000 0.000 0.000 0.000 0.000 0.000 0.000 0.000 0.000 0.000 0.000 0.000 0.000 0.000 0.000 0.000 0.000 0.000 0.000 0.000
0.000 0.000 0.000 0.000 0.000 0.000 0.000 0.000 0.000 0.000 0.000 0.000 0.000 0.000 0.000 0.000 0.000 0.000 0.000 0.000 0.000 0.000 0.000 0.000 0.000 0.000 0.000 0.000 0.000 0.000 0.000 0.000 0.000 0.000 0.000 0.000 0.000 0.000 0.000 0.000 0.000 0.000 0.000 0.000 0.000 0.000 0.000 0.000 0.000 0.000 0.000 0.000 0.000 0.000 0.000 0.000 0.000 0.000 0.000 0.000 0.000 0.000 0.000 0.000 0.000 0.000 0.000 0.000 0.000 0.000 0.000 0.000 0.000 0.000 0.000 0.000 0.000
0.000 0.000 0.000 0.000 0.000 0.000 0.000 0.000 0.000 0.000 0.000 0.000 0.000 0.000 0.000 0.000 0.000 0.000 0.000 0.000 0.000 0.000 0.000 0.000 0.000 0.000 0.000 0.000 0.000 0.000 0.000 0.000 0.000 0.000 0.000 0.000 0.000 0.000 0.000 0.000 0.000 0.000 0.000 0.000 0.000 0.000 0.000 0.000 0.000 0.000 0.000 0.000 0.000 0.000 0.000 0.000 0.000 0.000 0.000 0.000 0.000 0.000 0.000 0.000 0.000 0.000 0.000 0.000 0.000 0.000 0.000 0.000 0.000 0.000 0.000 0.000 0.000
0.000 0.000 0.000 0.000 0.000 0.000 0.000 0.000 0.000 0.000 0.000 0.000 0.000 0.000 0.000 0.000 0.000 0.000 0.000 0.000 0.000 0.000 0.000 0.000 0.000 0.000 0.000 0.000 0.000 0.000 0.000 0.000 0.000 0.000 0.000 0.000 0.000 0.000 0.000 0.000 0.000 0.000 0.000 0.000 0.000 0.000 0.000 0.000 0.000 0.000 0.000 0.000 0.000 0.000 0.000 0.000 0.000 0.000 0.000 0.000 0.000 0.000 0.000 0.000 0.000 0.000 0.000 0.000 0.000 0.000 0.000 0.000 0.000 0.000 0.000 0.000 0.000
0.001 0.000 0.000 0.000 0.000 0.000 0.000 0.000 0.000 0.000 0.000 0.000 0.000 0.000 0.000 0.000 0.000 0.000 0.000 0.000 0.000 0.000 0.000 0.000 0.000 0.000 0.000 0.000 0.000 0.000 0.000 0.000 0.000 0.000 0.000 0.000 0.000 0.000 0.000 0.000 0.000 0.000 0.000 0.000 0.000 0.000 0.000 0.000 0.000 0.001 0.001 0.001 0.001 0.001 0.001 0.001 0.001 0.000 0.000 0.000 0.000 0.000 0.000 0.000 0.000 0.000 0.000 0.000 0.000 0.000 0.000 0.000 0.000 0.000 0.000 0.000 0.000
0.001 0.001 0.001 0.001 0.001 0.001 0.000 0.000 0.000 0.000 0.000 0.000 0.000 0.000 0.000 0.000 0.000 0.000 0.000 0.000 0.000 0.000 0.000 0.000 0.000 0.000 0.000 0.000 0.000 0.000 0.000 0.000 0.000 0.000 0.000 0.000 0.000 0.000 0.000 0.000 0.000 0.000 0.000 0.000 0.000 0.001 0.001 0.001 0.001 0.002 0.002 0.002 0.002 0.002 0.002 0.002 0.002 0.002 0.002 0.001 0.001 0.001 0.001 0.001 0.001 0.001 0.001 0.001 0.001 0.001 0.001 0.001 0.001 0.001 0.000 0.000 0.000
0.003 0.002 0.002 0.002 0.001 0.001 0.001 0.001 0.001 0.001 0.001 0.000 0.000 0.000 0.000 0.000 0.000 0.000 0.000 0.000 0.000 0.000 0.000 0.000 0.000 0.000 0.000 0.000 0.000 0.000 0.000 0.000 0.000 0.000 0.000 0.000 0.000 0.000 0.000 0.000 0.000 0.000 0.000 0.001 0.001 0.002 0.002 0.003 0.003 0.003 0.003 0.003 0.003 0.003 0.003 0.003 0.003 0.003 0.003 0.003 0.003 0.003 0.003 0.003 0.003 0.003 0.003 0.003 0.003 0.003 0.003 0.002 0.002 0.002 0.001 0.001 0.001
0.004 0.004 0.003 0.003 0.003 0.002 0.002 0.002 0.002 0.001 0.001 0.001 0.001 0.001 0.001 0.001 0.001 0.001 0.001 0.000 0.000 0.000 0.000 0.000 0.000 0.000 0.000 0.000 0.000 0.000 0.000 0.000 0.000 0.000 0.000 0.000 0.000 0.000 0.000 0.000 0.000 0.001 0.001 0.002 0.003 0.003 0.004 0.005 0.005 0.006 0.006 0.006 0.006 0.006 0.006 0.006 0.006 0.005 0.005 0.005 0.005 0.005 0.005 0.005 0.005 0.005 0.005 0.005 0.005 0.005 0.004 0.004 0.004 0.003 0.003 0.002 0.002
0.006 0.005 0.005 0.004 0.004 0.004 0.003 0.003 0.003 0.003 0.002 0.002 0.002 0.002 0.002 0.002 0.002 0.001 0.001 0.001 0.001 0.001 0.001 0.001 0.001 0.000 0.000 0.000 0.000 0.000 0.000 0.000 0.000 0.000 0.000 0.000 0.000 0.000 0.000 0.001 0.001 0.002 0.003 0.003 0.005 0.006 0.007 0.008 0.008 0.009 0.009 0.009 0.009 0.009 0.009 0.009 0.008 0.008 0.008 0.008 0.008 0.007 0.007 0.007 0.007 0.008 0.008 0.008 0.007 0.007 0.007 0.006 0.006 0.005 0.004 0.004 0.003
0.008 0.008 0.007 0.006 0.005 0.005 0.005 0.004 0.004 0.004 0.004 0.004 0.003 0.003 0.003 0.003 0.003 0.003 0.002 0.002 0.002 0.002 0.002 0.002 0.001 0.001 0.001 0.001 0.001 0.000 0.000 0.000 0.000 0.001 0.001 0.001 0.001 0.001 0.001 0.002 0.003 0.003 0.005 0.006 0.007 0.009 0.010 0.011 0.012 0.012 0.013 0.013 0.013 0.013 0.013 0.013 0.012 0.012 0.011 0.011 0.011 0.011 0.011 0.011 0.011 0.011 0.011 0.011 0.011 0.011 0.010 0.009 0.008 0.007 0.006 0.005 0.004
0.012 0.010 0.009 0.008 0.007 0.007 0.006 0.006 0.006 0.006 0.005 0.005 0.005 0.005 0.005 0.004 0.004 0.004 0.004 0.004 0.004 0.003 0.003 0.003 0.002 0.002 0.002 0.002 0.002 0.002 0.001 0.001 0.002 0.002 0.002 0.002 0.002 0.002 0.003 0.004 0.005 0.006 0.007 0.008 0.010 0.012 0.014 0.015 0.016 0.017 0.018 0.018 0.018 0.018 0.018 0.018 0.017 0.017 0.016 0.016 0.015 0.015 0.015 0.015 0.015 0.015 0.016 0.016 0.016 0.015 0.015 0.013 0.011 0.010 0.008 0.007 0.006
0.016 0.014 0.012 0.011 0.010 0.009 0.008 0.008 0.008 0.007 0.007 0.007 0.007 0.007 0.007 0.006 0.006 0.006 0.006 0.006 0.005 0.005 0.005 0.004 0.004 0.004 0.003 0.003 0.003 0.003 0.003 0.003 0.003 0.003 0.003 0.004 0.004 0.004 0.005 0.006 0.007 0.008 0.010 0.012 0.014 0.016 0.019 0.021 0.022 0.023 0.024 0.025 0.025 0.026 0.025 0.025 0.025 0.024 0.023 0.022 0.022 0.021 0.021 0.021 0.021 0.022 0.023 0.023 0.023 0.022 0.021 0.018 0.015 0.013 0.011 0.010 0.008
0.025 0.020 0.017 0.014 0.013 0.012 0.011 0.010 0.010 0.010 0.010 0.009 0.009 0.009 0.009 0.009 0.008 0.008 0.008 0.008 0.007 0.007 0.007 0.006 0.006 0.006 0.005 0.005 0.005 0.005 0.005 0.005 0.005 0.005 0.006 0.006 0.006 0.007 0.008 0.009 0.010 0.012 0.014 0.016 0.018 0.021 0.024 0.027 0.030 0.031 0.033 0.034 0.036 0.036 0.037 0.036 0.036 0.035 0.034 0.033 0.032 0.031 0.030 0.030 0.031 0.032 0.035 0.036 0.036 0.034 0.031 0.025 0.020 0.017 0.014 0.012 0.011
0.043 0.032 0.025 0.020 0.017 0.016 0.014 0.014 0.013 0.013 0.012 0.012 0.012 0.012 0.012 0.011 0.011 0.011 0.010 0.010 0.010 0.009 0.009 0.009 0.008 0.008 0.008 0.008 0.008 0.008 0.008 0.008 0.008 0.008 0.008 0.009 0.009 0.010 0.011 0.013 0.014 0.016 0.018 0.020 0.023 0.027 0.031 0.035 0.038 0.041 0.044 0.047 0.050 0.053 0.054 0.054 0.054 0.054 0.053 0.052 0.051 0.048 0.047 0.047 0.048 0.051 0.057 0.060 0.060 0.057 0.049 0.036 0.027 0.021 0.018 0.015 0.013
0.089 0.060 0.042 0.032 0.026 0.022 0.019 0.018 0.017 0.017 0.016 0.016 0.016 0.015 0.015 0.015 0.014 0.014 0.014 0.013 0.013 0.012 0.012 0.011 0.011 0.011 0.011 0.010 0.010 0.011 0.011 0.011 0.011 0.011 0.012 0.012 0.013 0.014 0.015 0.017 0.019 0.021 0.023 0.026 0.029 0.033 0.038 0.044 0.049 0.054 0.059 0.064 0.071 0.077 0.082 0.084 0.085 0.086 0.086 0.085 0.083 0.080 0.078 0.078 0.079 0.087 0.100 0.107 0.108 0.103 0.085 0.057 0.039 0.028 0.022 0.019 0.016
0.207 0.131 0.085 0.058 0.043 0.034 0.029 0.025 0.023 0.022 0.022 0.021 0.021 0.020 0.020 0.019 0.019 0.018 0.018 0.017 0.017 0.016 0.015 0.015 0.014 0.014 0.014 0.014 0.014 0.014 0.014 0.014 0.015 0.015 0.016 0.017 0.018 0.019 0.020 0.022 0.024 0.027 0.030 0.033 0.037 0.042 0.048 0.055 0.062 0.070 0.079 0.090 0.104 0.117 0.127 0.135 0.139 0.141 0.142 0.143 0.142 0.140 0.138 0.139 0.144 0.160 0.190 0.208 0.211 0.200 0.162 0.102 0.061 0.040 0.029 0.023 0.020
0.467 0.302 0.191 0.123 0.084 0.061 0.048 0.039 0.035 0.032 0.030 0.029 0.029 0.028 0.027 0.026 0.025 0.024 0.023 0.023 0.022 0.021 0.020 0.019 0.018 0.018 0.018 0.018 0.018 0.018 0.018 0.019 0.019 0.020 0.021 0.022 0.023 0.025 0.027 0.029 0.032 0.035 0.039 0.043 0.048 0.054 0.061 0.070 0.081 0.095 0.112 0.133 0.159 0.183 0.203 0.218 0.228 0.234 0.238 0.242 0.244 0.247 0.250 0.256 0.271 0.307 0.373 0.420 0.424 0.402 0.326 0.200 0.109 0.062 0.040 0.030 0.024
0.920 0.636 0.422 0.274 0.179 0.123 0.089 0.069 0.057 0.050 0.046 0.044 0.043 0.042 0.040 0.038 0.036 0.034 0.033 0.032 0.030 0.028 0.026 0.025 0.024 0.023 0.023 0.023 0.023 0.023 0.023 0.024 0.024 0.025 0.026 0.028 0.030 0.033 0.036 0.039 0.043 0.048 0.053 0.058 0.065 0.073 0.082 0.095 0.112 0.136 0.168 0.209 0.254 0.294 0.328 0.351 0.365 0.373 0.379 0.384 0.389 0.396 0.405 0.419 0.444 0.493 0.583 0.691 0.743 0.731 0.625 0.409 0.210 0.107 0.060 0.040 0.031
1.579 1.167 0.829 0.570 0.382 0.257 0.180 0.134 0.106 0.089 0.079 0.074 0.071 0.069 0.065 0.061 0.057 0.054 0.051 0.048 0.045 0.040 0.036 0.033 0.032 0.031 0.030 0.030 0.030 0.030 0.030 0.030 0.031 0.032 0.034 0.037 0.040 0.044 0.049 0.054 0.060 0.067 0.075 0.083 0.093 0.104 0.117 0.136 0.164 0.206 0.266 0.341 0.411 0.464 0.495 0.505 0.498 0.493 0.492 0.493 0.495 0.499 0.508 0.523 0.549 0.597 0.684 0.824 0.938 0.972 0.920 0.711 0.401 0.192 0.097 0.057 0.041
2.428 1.888 1.425 1.041 0.737 0.515 0.366 0.272 0.213 0.177 0.155 0.142 0.135 0.128 0.121 0.112 0.103 0.095 0.089 0.082 0.073 0.063 0.054 0.048 0.044 0.042 0.040 0.040 0.039 0.039 0.039 0.039 0.041 0.043 0.046 0.051 0.056 0.063 0.071 0.080 0.090 0.101 0.114 0.126 0.140 0.156 0.177 0.208 0.255 0.330 0.431 0.524 0.581 0.606 0.607 0.587 0.559 0.546 0.542 0.542 0.542 0.543 0.547 0.558 0.580 0.622 0.700 0.841 0.992 1.063 1.060 0.940 0.644 0.328 0.159 0.086 0.056
3.356 2.732 2.173 1.683 1.273 0.949 0.712 0.550 0.443 0.375 0.331 0.303 0.284 0.267 0.247 0.223 0.202 0.185 0.168 0.152 0.132 0.109 0.089 0.075 0.065 0.060 0.057 0.056 0.055 0.054 0.054 0.055 0.057 0.061 0.068 0.077 0.086 0.097 0.111 0.128 0.146 0.165 0.184 0.202 0.222 0.245 0.279 0.331 0.407 0.502 0.591 0.644 0.665 0.663 0.642 0.600 0.565 0.549 0.546 0.546 0.546 0.545 0.548 0.557 0.574 0.607 0.673 0.798 0.969 1.069 1.089 1.039 0.842 0.506 0.249 0.129 0.078
4.261 3.618 3.024 2.484 2.010 1.614 1.300 1.068 0.907 0.800 0.728 0.676 0.633 0.589 0.537 0.473 0.421 0.379 0.339 0.299 0.253 0.202 0.159 0.127 0.107 0.095 0.089 0.085 0.083 0.083 0.083 0.085 0.090 0.099 0.112 0.126 0.144 0.166 0.194 0.224 0.253 0.282 0.308 0.334 0.360 0.397 0.452 0.516 0.575 0.625 0.660 0.677 0.679 0.667 0.631 0.576 0.535 0.515 0.511 0.511 0.512 0.514 0.518 0.525 0.535 0.554 0.596 0.691 0.864 1.015 1.070 1.057 0.947 0.684 0.370 0.190 0.111
5.180 4.559 3.994 3.471 2.991 2.569 2.221 1.951 1.759 1.630 1.539 1.464 1.389 1.297 1.170 1.016 0.883 0.781 0.688 0.593 0.489 0.382 0.294 0.229 0.187 0.163 0.150 0.144 0.141 0.141 0.143 0.149 0.161 0.178 0.199 0.224 0.257 0.302 0.352 0.398 0.440 0.479 0.513 0.544 0.573 0.605 0.637 0.657 0.660 0.662 0.666 0.667 0.657 0.627 0.569 0.500 0.452 0.428 0.420 0.420 0.423 0.431 0.441 0.448 0.452 0.457 0.472 0.526 0.669 0.875 0.999 1.025 0.978 0.808 0.508 0.272 0.157
6.213 5.681 5.203 4.756 4.322 3.922 3.593 3.343 3.165 3.043 2.952 2.866 2.767 2.618 2.395 2.107 1.814 1.566 1.345 1.132 0.915 0.709 0.538 0.411 0.329 0.282 0.259 0.249 0.247 0.249 0.259 0.278 0.304 0.333 0.365 0.402 0.458 0.536 0.605 0.653 0.686 0.709 0.728 0.740 0.745 0.743 0.730 0.703 0.673 0.652 0.631 0.606 0.569 0.511 0.431 0.360 0.315 0.292 0.285 0.286 0.292 0.305 0.319 0.326 0.328 0.329 0.335 0.367 0.462 0.666 0.872 0.952 0.950 0.862 0.641 0.377 0.221
7.528 7.186 6.864 6.547 6.220 5.901 5.641 5.444 5.294 5.178 5.079 4.980 4.859 4.670 4.368 3.949 3.453 2.954 2.485 2.044 1.629 1.256 0.948 0.717 0.561 0.471 0.427 0.412 0.411 0.422 0.455 0.503 0.547 0.584 0.619 0.655 0.706 0.771 0.814 0.835 0.842 0.840 0.835 0.827 0.812 0.785 0.744 0.693 0.637 0.581 0.523 0.458 0.386 0.316 0.257 0.219 0.199 0.191 0.190 0.194 0.200 0.208 0.215 0.219 0.222 0.226 0.234 0.258 0.323 0.472 0.703 0.853 0.893 0.865 0.742 0.513 0.314
