RESULTS/r.avaflow_results/12_results/12_ascii/12_hflow30056.asc
ncols 506
nrows 317
xllcenter 498237.50
yllcenter 5580050.00
cellsize 12.50
NODATA_value -9999.000
[rows 170 to 203 of 317, columns 154 to 230 of 506]
8.930 8.824 8.689 8.529 8.347 8.160 7.988 7.832 7.688 7.549 7.411 7.270 7.113 6.902 6.577 6.099 5.477 4.751 3.977 3.229 2.547 1.948 1.457 1.086 0.829 0.667 0.580 0.547 0.547 0.568 0.608 0.646 0.669 0.683 0.696 0.713 0.743 0.772 0.782 0.779 0.763 0.737 0.709 0.679 0.642 0.593 0.524 0.447 0.377 0.313 0.255 0.208 0.173 0.148 0.134 0.127 0.125 0.127 0.133 0.139 0.144 0.148 0.150 0.151 0.153 0.156 0.164 0.188 0.242 0.345 0.455 0.510 0.522 0.504 0.443 0.335 0.227
11.268 11.493 11.603 11.620 11.581 11.498 11.373 11.213 11.034 10.845 10.651 10.458 10.257 10.010 9.644 9.081 8.304 7.347 6.274 5.170 4.128 3.189 2.393 1.770 1.326 1.032 0.856 0.768 0.739 0.742 0.763 0.778 0.781 0.775 0.768 0.768 0.776 0.786 0.787 0.776 0.749 0.710 0.669 0.626 0.575 0.506 0.410 0.308 0.227 0.171 0.136 0.113 0.098 0.090 0.086 0.086 0.089 0.095 0.102 0.106 0.108 0.109 0.109 0.109 0.109 0.111 0.118 0.136 0.175 0.251 0.366 0.457 0.496 0.502 0.484 0.432 0.336
13.936 14.602 14.986 15.139 15.154 15.099 14.975 14.804 14.605 14.388 14.161 13.931 13.697 13.429 13.044 12.440 11.568 10.447 9.148 7.754 6.361 5.040 3.855 2.874 2.129 1.600 1.248 1.034 0.918 0.862 0.835 0.820 0.806 0.790 0.773 0.764 0.760 0.756 0.745 0.716 0.665 0.602 0.540 0.478 0.408 0.321 0.229 0.159 0.115 0.090 0.074 0.065 0.060 0.058 0.058 0.061 0.066 0.073 0.079 0.082 0.083 0.083 0.082 0.081 0.081 0.082 0.087 0.100 0.127 0.178 0.270 0.386 0.463 0.492 0.495 0.478 0.427
15.848 16.897 17.550 17.879 18.005 18.031 17.978 17.877 17.732 17.548 17.327 17.084 16.833 16.550 16.175 15.598 14.752 13.641 12.317 10.834 9.239 7.601 5.985 4.552 3.382 2.480 1.825 1.382 1.103 0.940 0.855 0.813 0.787 0.760 0.732 0.707 0.684 0.660 0.627 0.569 0.482 0.393 0.321 0.261 0.207 0.154 0.110 0.080 0.062 0.051 0.045 0.041 0.040 0.040 0.041 0.045 0.050 0.057 0.062 0.065 0.065 0.065 0.064 0.063 0.063 0.064 0.068 0.077 0.095 0.127 0.187 0.291 0.409 0.473 0.492 0.490 0.467
16.835 18.141 19.054 19.630 19.986 20.205 20.324 20.364 20.322 20.213 20.025 19.775 19.496 19.192 18.821 18.278 17.482 16.420 15.130 13.668 12.065 10.323 8.427 6.504 4.815 3.447 2.416 1.701 1.246 0.981 0.841 0.766 0.714 0.668 0.621 0.573 0.527 0.479 0.420 0.343 0.262 0.201 0.158 0.126 0.099 0.075 0.057 0.045 0.037 0.033 0.031 0.030 0.029 0.030 0.031 0.034 0.039 0.046 0.050 0.052 0.052 0.052 0.052 0.052 0.052 0.054 0.057 0.063 0.074 0.095 0.132 0.202 0.322 0.428 0.475 0.484 0.475
17.065 18.487 19.598 20.438 21.075 21.554 21.895 22.093 22.158 22.125 21.978 21.713 21.396 21.079 20.724 20.233 19.520 18.551 17.320 15.850 14.172 12.297 10.197 7.884 5.776 4.059 2.766 1.877 1.317 0.987 0.794 0.671 0.580 0.500 0.425 0.362 0.312 0.269 0.225 0.176 0.133 0.102 0.081 0.065 0.052 0.042 0.034 0.029 0.026 0.024 0.023 0.023 0.023 0.024 0.025 0.028 0.032 0.036 0.040 0.042 0.043 0.044 0.044 0.045 0.046 0.047 0.050 0.054 0.062 0.075 0.099 0.145 0.230 0.349 0.432 0.462 0.465
16.928 18.399 19.610 20.599 21.433 22.117 22.618 22.930 23.072 23.085 22.970 22.686 22.341 22.040 21.714 21.272 20.642 19.777 18.629 17.171 15.421 13.409 11.127 8.565 6.203 4.300 2.884 1.925 1.326 0.954 0.710 0.537 0.404 0.304 0.235 0.190 0.162 0.139 0.116 0.091 0.071 0.056 0.046 0.037 0.031 0.026 0.023 0.021 0.020 0.019 0.019 0.019 0.019 0.020 0.021 0.023 0.026 0.029 0.033 0.035 0.037 0.038 0.039 0.040 0.042 0.043 0.046 0.049 0.055 0.064 0.080 0.110 0.164 0.256 0.356 0.415 0.437
16.417 17.984 19.337 20.474 21.420 22.175 22.714 23.050 23.217 23.247 23.145 22.852 22.499 22.216 21.911 21.491 20.900 20.096 19.017 17.594 15.817 13.722 11.337 8.674 6.238 4.284 2.843 1.874 1.257 0.854 0.578 0.381 0.250 0.171 0.125 0.099 0.085 0.073 0.062 0.051 0.041 0.034 0.029 0.025 0.021 0.019 0.017 0.016 0.016 0.016 0.016 0.016 0.016 0.017 0.018 0.019 0.021 0.024 0.027 0.029 0.032 0.034 0.035 0.037 0.039 0.041 0.043 0.046 0.050 0.057 0.068 0.088 0.123 0.181 0.264 0.342 0.389
15.542 17.224 18.724 20.021 21.086 21.889 22.425 22.739 22.885 22.910 22.811 22.533 22.178 21.874 21.545 21.109 20.528 19.767 18.743 17.361 15.591 13.464 11.004 8.297 5.885 3.965 2.566 1.636 1.043 0.653 0.392 0.231 0.142 0.094 0.068 0.055 0.047 0.041 0.036 0.031 0.027 0.023 0.020 0.018 0.016 0.015 0.014 0.014 0.013 0.013 0.014 0.014 0.014 0.014 0.015 0.016 0.018 0.020 0.022 0.025 0.027 0.030 0.032 0.034 0.036 0.038 0.041 0.043 0.047 0.052 0.061 0.075 0.098 0.135 0.190 0.258 0.318
14.383 16.142 17.734 19.122 20.254 21.089 21.627 21.903 21.986 21.973 21.866 21.647 21.319 20.923 20.468 19.944 19.333 18.589 17.612 16.265 14.485 12.296 9.757 7.151 4.921 3.186 1.948 1.146 0.660 0.372 0.210 0.123 0.077 0.053 0.040 0.033 0.029 0.026 0.023 0.021 0.019 0.017 0.015 0.014 0.013 0.012 0.011 0.011 0.011 0.011 0.011 0.012 0.012 0.012 0.013 0.014 0.015 0.016 0.018 0.021 0.023 0.026 0.029 0.031 0.034 0.036 0.039 0.041 0.044 0.049 0.056 0.066 0.083 0.109 0.146 0.194 0.247
12.964 14.707 16.321 17.738 18.912 19.796 20.363 20.612 20.637 20.571 20.468 20.339 20.062 19.548 18.889 18.212 17.515 16.717 15.678 14.239 12.328 9.984 7.446 5.136 3.295 1.957 1.077 0.569 0.305 0.169 0.100 0.063 0.043 0.032 0.026 0.022 0.020 0.018 0.017 0.016 0.014 0.013 0.012 0.011 0.010 0.010 0.009 0.009 0.009 0.009 0.009 0.010 0.010 0.010 0.011 0.012 0.013 0.014 0.015 0.017 0.020 0.023 0.026 0.029 0.031 0.034 0.037 0.039 0.042 0.046 0.052 0.062 0.076 0.096 0.122 0.157 0.198
11.293 12.906 14.498 15.950 17.214 18.212 18.865 19.143 19.161 19.085 18.995 18.895 18.605 17.990 17.167 16.323 15.469 14.479 13.163 11.383 9.079 6.576 4.373 2.741 1.625 0.899 0.463 0.235 0.127 0.075 0.049 0.035 0.027 0.022 0.018 0.016 0.015 0.014 0.013 0.012 0.011 0.010 0.010 0.009 0.008 0.008 0.008 0.008 0.008 0.008 0.008 0.008 0.008 0.009 0.009 0.010 0.011 0.012 0.013 0.015 0.017 0.019 0.022 0.025 0.029 0.032 0.034 0.037 0.040 0.045 0.051 0.060 0.073 0.090 0.111 0.137 0.168
9.441 10.862 12.386 13.898 15.282 16.422 17.202 17.577 17.641 17.588 17.472 17.270 16.847 16.131 15.219 14.230 13.153 11.810 9.986 7.650 5.273 3.342 1.990 1.138 0.632 0.338 0.175 0.094 0.056 0.038 0.028 0.022 0.018 0.016 0.014 0.013 0.012 0.011 0.010 0.010 0.009 0.008 0.008 0.007 0.007 0.006 0.006 0.006 0.006 0.006 0.006 0.007 0.007 0.007 0.008 0.008 0.009 0.010 0.011 0.012 0.014 0.016 0.019 0.022 0.025 0.029 0.032 0.035 0.039 0.044 0.051 0.060 0.072 0.088 0.107 0.129 0.154
7.677 8.835 10.151 11.606 13.030 14.240 15.110 15.583 15.713 15.662 15.429 14.988 14.330 13.478 12.481 11.345 9.982 8.186 5.995 3.919 2.369 1.315 0.697 0.377 0.211 0.119 0.068 0.043 0.030 0.023 0.019 0.016 0.014 0.012 0.011 0.010 0.010 0.009 0.008 0.008 0.007 0.007 0.006 0.006 0.005 0.005 0.005 0.005 0.005 0.005 0.005 0.005 0.006 0.006 0.006 0.007 0.007 0.008 0.009 0.010 0.012 0.014 0.016 0.019 0.023 0.026 0.030 0.034 0.038 0.044 0.051 0.060 0.073 0.088 0.106 0.126 0.148
6.013 6.853 7.835 8.974 10.163 11.201 11.992 12.462 12.615 12.550 12.199 11.526 10.581 9.479 8.340 7.112 5.699 4.110 2.618 1.495 0.781 0.394 0.209 0.121 0.075 0.048 0.032 0.024 0.019 0.016 0.013 0.012 0.010 0.010 0.009 0.008 0.008 0.007 0.007 0.006 0.006 0.005 0.005 0.005 0.004 0.004 0.004 0.004 0.004 0.004 0.005 0.005 0.005 0.005 0.005 0.006 0.006 0.007 0.008 0.009 0.010 0.012 0.014 0.017 0.020 0.024 0.028 0.033 0.038 0.044 0.052 0.062 0.074 0.090 0.107 0.126 0.148
4.411 4.865 5.361 5.921 6.537 7.113 7.588 7.892 8.000 7.941 7.591 6.885 5.927 4.934 4.051 3.216 2.348 1.480 0.819 0.414 0.209 0.115 0.071 0.047 0.034 0.025 0.020 0.016 0.014 0.012 0.010 0.009 0.008 0.007 0.007 0.006 0.006 0.006 0.005 0.005 0.004 0.004 0.004 0.004 0.003 0.003 0.004 0.004 0.004 0.004 0.004 0.004 0.004 0.004 0.004 0.005 0.005 0.005 0.006 0.007 0.009 0.010 0.013 0.015 0.019 0.022 0.027 0.032 0.038 0.044 0.053 0.063 0.077 0.092 0.110 0.130 0.153
2.922 3.053 3.195 3.346 3.495 3.631 3.745 3.813 3.828 3.780 3.577 3.160 2.547 1.932 1.455 1.059 0.694 0.398 0.210 0.112 0.066 0.044 0.032 0.025 0.020 0.017 0.014 0.012 0.010 0.009 0.008 0.007 0.006 0.006 0.005 0.005 0.005 0.004 0.004 0.004 0.003 0.003 0.003 0.003 0.003 0.003 0.003 0.004 0.004 0.004 0.004 0.004 0.004 0.004 0.004 0.004 0.004 0.004 0.005 0.006 0.007 0.009 0.011 0.014 0.017 0.021 0.026 0.031 0.037 0.044 0.053 0.064 0.077 0.094 0.115 0.139 0.169
1.701 1.662 1.638 1.613 1.573 1.528 1.493 1.461 1.430 1.383 1.281 1.093 0.822 0.576 0.410 0.285 0.184 0.110 0.065 0.042 0.030 0.024 0.020 0.017 0.014 0.012 0.010 0.009 0.008 0.007 0.006 0.005 0.005 0.004 0.004 0.004 0.003 0.003 0.003 0.003 0.003 0.003 0.003 0.003 0.003 0.003 0.003 0.004 0.004 0.004 0.004 0.004 0.003 0.003 0.003 0.003 0.003 0.003 0.004 0.004 0.006 0.007 0.009 0.012 0.015 0.019 0.024 0.030 0.037 0.044 0.053 0.064 0.077 0.095 0.120 0.153 0.197
0.857 0.779 0.720 0.670 0.617 0.563 0.518 0.483 0.453 0.424 0.385 0.324 0.238 0.166 0.119 0.085 0.059 0.041 0.030 0.023 0.019 0.016 0.014 0.012 0.011 0.009 0.008 0.007 0.006 0.005 0.005 0.004 0.004 0.003 0.003 0.003 0.003 0.003 0.002 0.002 0.002 0.002 0.002 0.003 0.003 0.003 0.004 0.004 0.004 0.004 0.004 0.003 0.003 0.002 0.002 0.002 0.002 0.002 0.003 0.003 0.004 0.006 0.008 0.010 0.014 0.018 0.023 0.029 0.036 0.043 0.052 0.062 0.076 0.094 0.121 0.160 0.216
0.372 0.323 0.289 0.262 0.233 0.203 0.179 0.160 0.146 0.133 0.119 0.102 0.078 0.058 0.045 0.035 0.028 0.022 0.019 0.016 0.014 0.012 0.010 0.009 0.008 0.007 0.006 0.005 0.004 0.004 0.004 0.003 0.003 0.003 0.002 0.002 0.002 0.002 0.002 0.002 0.002 0.002 0.003 0.003 0.003 0.004 0.004 0.004 0.005 0.004 0.004 0.003 0.002 0.002 0.002 0.002 0.002 0.002 0.002 0.002 0.003 0.004 0.006 0.009 0.012 0.016 0.021 0.027 0.033 0.040 0.048 0.058 0.071 0.090 0.118 0.159 0.219
0.148 0.128 0.114 0.102 0.090 0.077 0.067 0.060 0.054 0.050 0.046 0.041 0.035 0.029 0.024 0.021 0.018 0.015 0.013 0.012 0.010 0.009 0.008 0.007 0.006 0.005 0.005 0.004 0.004 0.003 0.003 0.003 0.003 0.002 0.002 0.002 0.002 0.002 0.002 0.002 0.003 0.003 0.003 0.004 0.004 0.005 0.005 0.005 0.005 0.005 0.004 0.003 0.002 0.002 0.001 0.001 0.001 0.001 0.001 0.001 0.002 0.003 0.004 0.007 0.010 0.013 0.018 0.023 0.029 0.035 0.042 0.050 0.061 0.078 0.105 0.146 0.207
0.059 0.052 0.047 0.043 0.039 0.034 0.031 0.028 0.026 0.025 0.024 0.023 0.021 0.019 0.017 0.015 0.013 0.011 0.010 0.009 0.008 0.007 0.006 0.005 0.005 0.004 0.004 0.003 0.003 0.003 0.003 0.003 0.003 0.003 0.003 0.003 0.003 0.003 0.003 0.004 0.004 0.005 0.005 0.005 0.006 0.006 0.006 0.006 0.005 0.004 0.003 0.003 0.002 0.001 0.001 0.001 0.001 0.000 0.000 0.001 0.001 0.002 0.003 0.005 0.007 0.010 0.014 0.018 0.022 0.027 0.033 0.039 0.046 0.059 0.079 0.114 0.169
0.026 0.024 0.023 0.022 0.020 0.019 0.018 0.017 0.017 0.016 0.016 0.015 0.015 0.014 0.013 0.011 0.010 0.009 0.008 0.007 0.006 0.005 0.005 0.004 0.004 0.003 0.003 0.003 0.003 0.003 0.003 0.003 0.003 0.003 0.003 0.004 0.004 0.005 0.005 0.006 0.006 0.006 0.006 0.007 0.007 0.007 0.006 0.006 0.005 0.004 0.003 0.002 0.002 0.001 0.001 0.001 0.000 0.000 0.000 0.000 0.000 0.001 0.002 0.003 0.005 0.007 0.010 0.013 0.016 0.020 0.023 0.027 0.032 0.039 0.051 0.072 0.109
0.014 0.014 0.014 0.013 0.013 0.013 0.012 0.012 0.012 0.012 0.012 0.012 0.011 0.011 0.010 0.009 0.008 0.007 0.006 0.005 0.005 0.004 0.004 0.004 0.003 0.003 0.003 0.003 0.003 0.003 0.004 0.004 0.005 0.005 0.006 0.006 0.007 0.007 0.008 0.008 0.007 0.007 0.007 0.007 0.007 0.007 0.006 0.006 0.005 0.004 0.003 0.002 0.001 0.001 0.001 0.000 0.000 0.000 0.000 0.000 0.000 0.000 0.001 0.002 0.003 0.005 0.007 0.009 0.012 0.014 0.017 0.020 0.023 0.027 0.033 0.044 0.063
0.009 0.009 0.010 0.010 0.010 0.010 0.009 0.009 0.009 0.009 0.009 0.009 0.009 0.008 0.008 0.007 0.006 0.005 0.005 0.004 0.004 0.004 0.003 0.003 0.003 0.004 0.004 0.004 0.005 0.006 0.006 0.007 0.008 0.008 0.009 0.009 0.009 0.009 0.009 0.008 0.008 0.007 0.007 0.007 0.007 0.006 0.006 0.005 0.004 0.003 0.002 0.001 0.001 0.001 0.000 0.000 0.000 0.000 0.000 0.000 0.000 0.000 0.000 0.001 0.002 0.003 0.005 0.006 0.008 0.010 0.012 0.015 0.017 0.020 0.023 0.029 0.039
0.007 0.007 0.007 0.007 0.008 0.008 0.008 0.008 0.008 0.007 0.007 0.007 0.007 0.007 0.006 0.005 0.005 0.004 0.004 0.004 0.003 0.003 0.003 0.004 0.004 0.005 0.006 0.008 0.009 0.010 0.010 0.011 0.011 0.011 0.011 0.011 0.011 0.010 0.009 0.008 0.008 0.007 0.007 0.006 0.006 0.005 0.005 0.004 0.003 0.002 0.002 0.001 0.001 0.000 0.000 0.000 0.000 0.000 0.000 0.000 0.000 0.000 0.000 0.000 0.001 0.002 0.003 0.004 0.006 0.007 0.009 0.011 0.013 0.015 0.017 0.021 0.026
0.005 0.006 0.006 0.006 0.006 0.006 0.006 0.006 0.006 0.006 0.006 0.006 0.006 0.005 0.005 0.004 0.004 0.004 0.003 0.003 0.003 0.004 0.004 0.005 0.007 0.009 0.011 0.012 0.013 0.013 0.013 0.013 0.013 0.013 0.012 0.012 0.011 0.010 0.009 0.008 0.007 0.007 0.006 0.005 0.005 0.004 0.003 0.003 0.002 0.001 0.001 0.001 0.000 0.000 0.000 0.000 0.000 0.000 0.000 0.000 0.000 0.000 0.000 0.000 0.000 0.001 0.002 0.002 0.004 0.005 0.006 0.008 0.009 0.011 0.013 0.016 0.019
0.004 0.005 0.005 0.005 0.005 0.005 0.005 0.005 0.005 0.005 0.005 0.005 0.004 0.004 0.004 0.004 0.003 0.003 0.003 0.004 0.004 0.005 0.006 0.009 0.011 0.013 0.014 0.015 0.015 0.015 0.015 0.014 0.013 0.013 0.012 0.012 0.011 0.010 0.009 0.008 0.007 0.005 0.004 0.004 0.003 0.002 0.002 0.001 0.001 0.001 0.001 0.000 0.000 0.000 0.000 0.000 0.000 0.000 0.000 0.000 0.000 0.000 0.000 0.000 0.000 0.000 0.001 0.001 0.002 0.003 0.004 0.005 0.007 0.008 0.010 0.012 0.014
0.003 0.004 0.004 0.004 0.004 0.004 0.004 0.004 0.004 0.004 0.004 0.004 0.004 0.003 0.003 0.003 0.003 0.003 0.004 0.004 0.005 0.007 0.010 0.012 0.014 0.015 0.016 0.016 0.016 0.015 0.015 0.014 0.013 0.012 0.012 0.011 0.010 0.009 0.008 0.006 0.005 0.004 0.003 0.002 0.002 0.001 0.001 0.001 0.001 0.001 0.000 0.000 0.000 0.000 0.000 0.000 0.000 0.000 0.000 0.000 0.000 0.000 0.000 0.000 0.000 0.000 0.000 0.000 0.001 0.002 0.002 0.003 0.004 0.006 0.007 0.009 0.010
0.003 0.003 0.003 0.003 0.003 0.003 0.003 0.003 0.003 0.003 0.003 0.003 0.003 0.003 0.003 0.003 0.003 0.004 0.004 0.006 0.007 0.010 0.012 0.014 0.015 0.016 0.016 0.016 0.016 0.015 0.015 0.014 0.013 0.012 0.011 0.010 0.009 0.008 0.006 0.004 0.003 0.002 0.002 0.001 0.001 0.001 0.001 0.001 0.000 0.000 0.000 0.000 0.000 0.000 0.000 0.000 0.000 0.000 0.000 0.000 0.000 0.000 0.000 0.000 0.000 0.000 0.000 0.000 0.000 0.001 0.001 0.002 0.003 0.004 0.005 0.006 0.008
0.002 0.002 0.003 0.003 0.003 0.003 0.003 0.003 0.003 0.003 0.003 0.002 0.002 0.002 0.003 0.003 0.003 0.004 0.005 0.007 0.009 0.011 0.012 0.014 0.015 0.016 0.016 0.016 0.016 0.015 0.014 0.013 0.011 0.010 0.009 0.008 0.006 0.005 0.003 0.002 0.002 0.001 0.001 0.001 0.001 0.001 0.000 0.000 0.000 0.000 0.000 0.000 0.000 0.000 0.000 0.000 0.000 0.000 0.000 0.000 0.000 0.000 0.000 0.000 0.000 0.000 0.000 0.000 0.000 0.000 0.000 0.001 0.001 0.002 0.003 0.004 0.005
0.002 0.002 0.002 0.002 0.002 0.002 0.002 0.002 0.002 0.002 0.002 0.002 0.002 0.002 0.002 0.003 0.003 0.004 0.005 0.007 0.009 0.011 0.012 0.014 0.015 0.015 0.015 0.015 0.015 0.014 0.013 0.011 0.009 0.007 0.005 0.004 0.003 0.002 0.002 0.001 0.001 0.001 0.001 0.001 0.000 0.000 0.000 0.000 0.000 0.000 0.000 0.000 0.000 0.000 0.000 0.000 0.000 0.000 0.000 0.000 0.000 0.000 0.000 0.000 0.000 0.000 0.000 0.000 0.000 0.000 0.000 0.000 0.001 0.001 0.002 0.002 0.003
0.001 0.001 0.002 0.002 0.002 0.002 0.002 0.002 0.002 0.002 0.002 0.002 0.002 0.002 0.002 0.002 0.003 0.004 0.005 0.007 0.009 0.010 0.012 0.013 0.013 0.013 0.013 0.012 0.012 0.011 0.009 0.007 0.005 0.004 0.003 0.002 0.001 0.001 0.001 0.001 0.001 0.001 0.000 0.000 0.000 0.000 0.000 0.000 0.000 0.000 0.000 0.000 0.000 0.000 0.000 0.000 0.000 0.000 0.000 0.000 0.000 0.000 0.000 0.000 0.000 0.000 0.000 0.000 0.000 0.000 0.000 0.000 0.000 0.000 0.001 0.001 0.002
0.001 0.001 0.001 0.001 0.002 0.002 0.002 0.002 0.002 0.002 0.002 0.002 0.002 0.002 0.002 0.002 0.003 0.004 0.005 0.007 0.008 0.009 0.010 0.010 0.010 0.009 0.008 0.008 0.007 0.006 0.005 0.004 0.003 0.002 0.001 0.001 0.001 0.001 0.001 0.001 0.000 0.000 0.000 0.000 0.000 0.000 0.000 0.000 0.000 0.000 0.000 0.000 0.000 0.000 0.000 0.000 0.000 0.000 0.000 0.000 0.000 0.000 0.000 0.000 0.000 0.000 0.000 0.000 0.000 0.000 0.000 0.000 0.000 0.000 0.000 0.000 0.001
