RESULTS/r.avaflow_results/12_results/12_ascii/12_hflow_fin.asc
ncols 506
nrows 317
xllcenter 498237.50
yllcenter 5580050.00
cellsize 12.50
NODATA_value -9999.000
[rows 170 to 203 of 317, columns 77 to 153 of 506]
0.000 0.000 0.000 0.000 0.001 0.002 0.004 0.007 0.010 0.013 0.017 0.024 0.037 0.059 0.093 0.125 0.148 0.168 0.186 0.204 0.224 0.255 0.309 0.399 0.513 0.591 0.614 0.609 0.586 0.550 0.500 0.436 0.365 0.305 0.263 0.239 0.231 0.233 0.256 0.315 0.435 0.647 1.019 1.621 2.449 3.347 4.163 4.964 5.816 6.786 7.883 9.074 10.216 11.141 11.730 12.032 12.221 12.400 12.622 12.896 13.224 13.572 13.855 14.056 14.176 14.134 13.964 13.753 13.473 13.121 12.735 12.371 12.067 11.824 11.613 11.406 11.169
0.000 0.000 0.000 0.001 0.002 0.005 0.009 0.015 0.021 0.029 0.040 0.059 0.092 0.144 0.212 0.264 0.300 0.331 0.361 0.391 0.427 0.480 0.565 0.678 0.773 0.812 0.811 0.791 0.754 0.700 0.627 0.536 0.444 0.376 0.335 0.318 0.317 0.338 0.408 0.566 0.852 1.307 1.991 2.940 4.075 5.128 6.068 7.008 7.953 8.899 9.840 10.745 11.514 12.049 12.329 12.474 12.581 12.690 12.861 13.092 13.367 13.648 13.883 14.066 14.172 14.113 13.904 13.659 13.392 13.123 12.889 12.742 12.702 12.762 12.885 13.043 13.224
0.000 0.000 0.000 0.002 0.005 0.010 0.018 0.027 0.039 0.056 0.079 0.117 0.176 0.258 0.354 0.440 0.505 0.554 0.600 0.648 0.706 0.790 0.898 0.987 1.027 1.031 1.016 0.984 0.932 0.860 0.764 0.644 0.535 0.462 0.426 0.417 0.430 0.493 0.666 1.019 1.596 2.411 3.472 4.777 6.085 7.160 8.080 8.965 9.829 10.635 11.351 11.935 12.336 12.551 12.626 12.656 12.690 12.757 12.894 13.097 13.345 13.598 13.821 13.993 14.082 13.998 13.760 13.526 13.342 13.232 13.226 13.332 13.534 13.812 14.177 14.686 15.398
0.000 0.000 0.000 0.002 0.007 0.014 0.024 0.038 0.057 0.081 0.116 0.167 0.240 0.335 0.446 0.566 0.686 0.785 0.866 0.941 1.021 1.112 1.195 1.241 1.252 1.247 1.226 1.185 1.120 1.031 0.911 0.763 0.640 0.565 0.536 0.536 0.576 0.721 1.080 1.751 2.756 4.047 5.487 6.923 8.124 9.063 9.878 10.642 11.339 11.945 12.422 12.731 12.871 12.882 12.806 12.722 12.702 12.741 12.851 13.020 13.233 13.460 13.660 13.810 13.873 13.775 13.566 13.415 13.368 13.429 13.582 13.807 14.108 14.494 15.019 15.787 16.892
0.000 0.000 0.000 0.002 0.008 0.016 0.028 0.044 0.066 0.096 0.137 0.195 0.274 0.377 0.501 0.648 0.819 0.982 1.109 1.212 1.305 1.387 1.444 1.471 1.474 1.466 1.442 1.396 1.322 1.215 1.072 0.898 0.761 0.681 0.654 0.658 0.723 0.958 1.543 2.599 4.125 5.919 7.520 8.835 9.884 10.717 11.410 12.005 12.491 12.872 13.125 13.243 13.228 13.091 12.882 12.734 12.676 12.676 12.746 12.872 13.037 13.220 13.385 13.503 13.548 13.487 13.361 13.319 13.379 13.526 13.740 14.013 14.360 14.821 15.467 16.394 17.672
0.000 0.000 0.000 0.003 0.008 0.017 0.030 0.047 0.070 0.103 0.147 0.208 0.291 0.399 0.535 0.703 0.906 1.134 1.325 1.465 1.568 1.644 1.687 1.703 1.704 1.696 1.670 1.620 1.538 1.417 1.253 1.053 0.894 0.797 0.758 0.761 0.832 1.108 1.823 3.146 5.099 7.342 9.111 10.424 11.401 12.132 12.660 13.050 13.331 13.512 13.597 13.578 13.443 13.194 12.901 12.701 12.593 12.554 12.575 12.652 12.765 12.896 13.012 13.099 13.142 13.148 13.129 13.191 13.325 13.508 13.742 14.032 14.394 14.890 15.597 16.581 17.869
0.000 0.000 0.000 0.003 0.008 0.017 0.030 0.047 0.071 0.104 0.149 0.211 0.297 0.410 0.554 0.734 0.957 1.228 1.498 1.694 1.821 1.900 1.938 1.952 1.952 1.943 1.916 1.861 1.772 1.640 1.458 1.232 1.038 0.910 0.851 0.846 0.911 1.184 1.926 3.375 5.615 8.298 10.352 11.763 12.702 13.302 13.641 13.838 13.952 13.988 13.944 13.795 13.547 13.218 12.882 12.629 12.460 12.372 12.348 12.374 12.432 12.504 12.567 12.624 12.677 12.737 12.803 12.941 13.121 13.325 13.563 13.855 14.221 14.733 15.469 16.469 17.737
0.000 0.000 0.000 0.003 0.008 0.017 0.030 0.047 0.071 0.103 0.148 0.211 0.298 0.413 0.562 0.748 0.979 1.268 1.605 1.890 2.069 2.164 2.209 2.225 2.226 2.216 2.186 2.127 2.030 1.886 1.688 1.434 1.193 1.024 0.936 0.918 0.967 1.212 1.928 3.401 5.777 8.855 11.289 12.861 13.771 14.222 14.392 14.452 14.437 14.345 14.170 13.904 13.572 13.200 12.834 12.525 12.296 12.150 12.072 12.047 12.049 12.060 12.069 12.088 12.134 12.202 12.302 12.470 12.655 12.847 13.066 13.335 13.681 14.184 14.929 15.944 17.207
0.000 0.000 0.000 0.002 0.008 0.016 0.028 0.044 0.067 0.097 0.141 0.205 0.293 0.412 0.563 0.750 0.984 1.276 1.640 2.029 2.307 2.450 2.511 2.532 2.534 2.524 2.490 2.424 2.316 2.156 1.939 1.658 1.365 1.146 1.017 0.978 1.005 1.209 1.865 3.318 5.748 9.071 11.915 13.695 14.588 14.905 14.961 14.925 14.792 14.570 14.280 13.934 13.557 13.157 12.755 12.399 12.116 11.910 11.767 11.674 11.607 11.552 11.502 11.468 11.470 11.504 11.586 11.738 11.887 12.037 12.215 12.445 12.764 13.253 13.995 15.013 16.286
0.000 0.000 0.000 0.002 0.007 0.014 0.025 0.038 0.057 0.084 0.124 0.185 0.275 0.398 0.554 0.745 0.980 1.272 1.637 2.086 2.499 2.754 2.857 2.883 2.886 2.874 2.835 2.758 2.633 2.454 2.213 1.904 1.558 1.282 1.104 1.030 1.033 1.177 1.724 3.081 5.540 9.031 12.210 14.227 15.140 15.365 15.359 15.233 14.993 14.672 14.309 13.921 13.516 13.091 12.657 12.257 11.923 11.659 11.447 11.265 11.111 10.967 10.840 10.735 10.663 10.632 10.659 10.749 10.835 10.928 11.059 11.258 11.577 12.085 12.831 13.833 15.092
0.000 0.000 0.000 0.002 0.005 0.011 0.018 0.028 0.041 0.061 0.093 0.146 0.230 0.352 0.513 0.711 0.951 1.245 1.611 2.067 2.587 3.007 3.226 3.286 3.288 3.273 3.226 3.135 2.988 2.783 2.514 2.176 1.779 1.441 1.205 1.084 1.060 1.135 1.532 2.708 5.114 8.780 12.238 14.437 15.444 15.633 15.578 15.373 15.064 14.693 14.295 13.876 13.443 12.996 12.539 12.105 11.729 11.410 11.130 10.871 10.635 10.398 10.173 9.964 9.787 9.672 9.632 9.654 9.701 9.771 9.881 10.064 10.374 10.862 11.571 12.517 13.707
0.000 0.000 0.000 0.001 0.003 0.007 0.011 0.016 0.024 0.035 0.053 0.088 0.152 0.257 0.409 0.607 0.849 1.141 1.503 1.963 2.536 3.119 3.511 3.662 3.679 3.665 3.615 3.516 3.358 3.133 2.838 2.471 2.034 1.634 1.335 1.156 1.097 1.126 1.384 2.300 4.505 8.225 12.010 14.411 15.529 15.733 15.642 15.387 15.060 14.661 14.233 13.782 13.335 12.875 12.409 11.952 11.536 11.165 10.833 10.521 10.225 9.921 9.612 9.305 9.038 8.850 8.742 8.703 8.716 8.766 8.859 9.017 9.285 9.696 10.288 11.098 12.146
0.000 0.000 0.000 0.001 0.002 0.003 0.006 0.008 0.012 0.017 0.026 0.042 0.074 0.135 0.242 0.404 0.620 0.889 1.227 1.677 2.292 3.042 3.641 3.945 4.007 3.996 3.948 3.849 3.691 3.467 3.168 2.789 2.329 1.873 1.512 1.272 1.163 1.160 1.321 1.999 3.861 7.382 11.465 14.135 15.427 15.709 15.621 15.346 14.991 14.558 14.107 13.635 13.175 12.714 12.255 11.795 11.356 10.950 10.574 10.223 9.875 9.522 9.151 8.772 8.440 8.189 8.020 7.924 7.885 7.891 7.944 8.061 8.263 8.570 9.012 9.632 10.465
0.000 0.000 0.000 0.000 0.001 0.002 0.003 0.004 0.006 0.008 0.011 0.018 0.031 0.057 0.107 0.193 0.322 0.505 0.767 1.166 1.798 2.722 3.590 4.092 4.255 4.256 4.216 4.126 3.979 3.768 3.484 3.120 2.667 2.171 1.757 1.458 1.294 1.256 1.351 1.847 3.352 6.470 10.664 13.573 15.041 15.456 15.418 15.172 14.802 14.347 13.864 13.396 12.949 12.507 12.073 11.630 11.191 10.767 10.358 9.971 9.583 9.190 8.778 8.356 7.975 7.673 7.445 7.286 7.181 7.124 7.116 7.167 7.287 7.489 7.798 8.253 8.887
0.000 0.000 0.000 0.000 0.000 0.001 0.001 0.002 0.002 0.003 0.005 0.008 0.013 0.023 0.043 0.079 0.140 0.233 0.381 0.647 1.173 2.140 3.338 4.096 4.400 4.445 4.417 4.343 4.217 4.034 3.785 3.457 3.039 2.540 2.088 1.742 1.526 1.446 1.482 1.840 3.047 5.697 9.683 12.733 14.340 14.892 14.935 14.773 14.437 13.997 13.488 13.031 12.626 12.241 11.851 11.442 11.021 10.599 10.182 9.764 9.344 8.918 8.479 8.029 7.614 7.267 6.984 6.754 6.575 6.445 6.361 6.328 6.358 6.465 6.666 6.983 7.425
0.000 0.000 0.000 0.000 0.000 0.000 0.000 0.001 0.001 0.001 0.002 0.004 0.006 0.011 0.021 0.037 0.065 0.111 0.190 0.347 0.706 1.507 2.826 3.912 4.428 4.558 4.555 4.504 4.407 4.261 4.059 3.788 3.433 2.982 2.515 2.146 1.894 1.776 1.770 2.002 2.952 5.137 8.611 11.620 13.302 13.980 14.111 14.047 13.819 13.445 12.958 12.510 12.134 11.821 11.514 11.191 10.837 10.443 10.026 9.595 9.148 8.697 8.234 7.766 7.323 6.938 6.601 6.301 6.046 5.838 5.672 5.554 5.496 5.516 5.623 5.807 6.042
0.000 0.000 0.000 0.000 0.000 0.000 0.000 0.000 0.000 0.001 0.001 0.002 0.004 0.008 0.015 0.027 0.045 0.075 0.124 0.220 0.444 1.004 2.132 3.474 4.282 4.590 4.633 4.608 4.548 4.446 4.295 4.084 3.804 3.447 3.034 2.682 2.427 2.289 2.259 2.396 3.108 4.817 7.611 10.321 11.981 12.753 12.969 12.976 12.885 12.641 12.254 11.810 11.452 11.213 11.014 10.810 10.577 10.261 9.871 9.439 8.976 8.509 8.030 7.551 7.079 6.655 6.269 5.907 5.580 5.294 5.048 4.851 4.713 4.648 4.659 4.700 4.712
0.000 0.000 0.000 0.000 0.000 0.000 0.000 0.000 0.000 0.000 0.001 0.002 0.004 0.008 0.015 0.026 0.044 0.071 0.113 0.186 0.333 0.687 1.472 2.764 3.903 4.488 4.662 4.673 4.648 4.589 4.488 4.334 4.120 3.842 3.526 3.266 3.081 2.973 2.941 3.016 3.497 4.728 6.840 9.118 10.600 11.337 11.599 11.663 11.667 11.574 11.345 10.965 10.612 10.432 10.350 10.270 10.173 9.982 9.670 9.265 8.809 8.337 7.856 7.369 6.867 6.396 5.964 5.552 5.162 4.801 4.480 4.210 3.997 3.841 3.723 3.591 3.386
0.000 0.000 0.000 0.000 0.000 0.000 0.000 0.000 0.000 0.000 0.001 0.002 0.005 0.010 0.019 0.033 0.053 0.082 0.124 0.191 0.307 0.535 1.035 1.992 3.257 4.187 4.595 4.701 4.712 4.692 4.637 4.535 4.379 4.161 3.915 3.730 3.613 3.559 3.551 3.623 3.976 4.815 6.295 8.151 9.454 10.135 10.416 10.518 10.540 10.511 10.398 10.162 9.863 9.656 9.600 9.609 9.605 9.534 9.344 9.022 8.614 8.165 7.694 7.203 6.671 6.148 5.671 5.215 4.771 4.344 3.953 3.612 3.313 3.033 2.743 2.419 2.050
0.000 0.000 0.000 0.000 0.000 0.000 0.000 0.000 0.000 0.000 0.001 0.003 0.007 0.016 0.031 0.054 0.084 0.120 0.165 0.227 0.326 0.494 0.809 1.431 2.497 3.656 4.361 4.652 4.741 4.759 4.742 4.687 4.580 4.414 4.209 4.062 3.979 3.951 3.953 4.014 4.271 4.859 5.905 7.374 8.533 9.182 9.480 9.609 9.651 9.653 9.604 9.475 9.268 9.046 8.924 8.901 8.915 8.907 8.815 8.602 8.276 7.876 7.428 6.950 6.424 5.876 5.360 4.867 4.378 3.889 3.421 2.985 2.562 2.134 1.706 1.311 0.982
0.000 0.000 0.000 0.000 0.000 0.000 0.000 0.000 0.000 0.000 0.001 0.005 0.013 0.030 0.059 0.101 0.149 0.198 0.249 0.310 0.392 0.521 0.741 1.150 1.900 2.991 3.913 4.441 4.689 4.785 4.808 4.788 4.722 4.598 4.418 4.281 4.207 4.182 4.185 4.227 4.395 4.814 5.575 6.689 7.739 8.389 8.723 8.883 8.949 8.962 8.946 8.878 8.744 8.548 8.373 8.256 8.190 8.149 8.079 7.925 7.669 7.320 6.891 6.421 5.925 5.394 4.859 4.333 3.803 3.258 2.705 2.163 1.648 1.196 0.844 0.587 0.407
0.000 0.000 0.000 0.000 0.000 0.000 0.000 0.000 0.000 0.001 0.003 0.009 0.024 0.055 0.110 0.186 0.260 0.323 0.383 0.445 0.517 0.613 0.774 1.066 1.597 2.420 3.338 4.038 4.490 4.730 4.827 4.842 4.807 4.709 4.551 4.414 4.333 4.298 4.293 4.315 4.423 4.704 5.225 6.034 6.981 7.671 8.069 8.277 8.370 8.394 8.392 8.347 8.247 8.076 7.877 7.678 7.500 7.349 7.206 7.030 6.786 6.456 6.037 5.559 5.055 4.519 3.961 3.393 2.821 2.234 1.662 1.167 0.787 0.522 0.345 0.229 0.157
0.000 0.000 0.000 0.000 0.000 0.000 0.000 0.000 0.000 0.001 0.004 0.014 0.037 0.092 0.188 0.318 0.421 0.498 0.567 0.635 0.704 0.784 0.898 1.110 1.507 2.112 2.872 3.578 4.154 4.555 4.771 4.845 4.835 4.757 4.618 4.482 4.395 4.346 4.324 4.330 4.381 4.525 4.835 5.397 6.218 6.975 7.463 7.741 7.868 7.900 7.900 7.857 7.763 7.596 7.377 7.119 6.843 6.561 6.284 6.004 5.694 5.326 4.879 4.358 3.781 3.184 2.596 2.026 1.505 1.055 0.705 0.455 0.290 0.186 0.124 0.085 0.061
0.000 0.000 0.000 0.000 0.000 0.000 0.000 0.000 0.000 0.001 0.005 0.016 0.045 0.114 0.245 0.442 0.614 0.719 0.800 0.878 0.955 1.035 1.128 1.276 1.563 2.029 2.630 3.263 3.829 4.298 4.623 4.785 4.816 4.762 4.639 4.508 4.419 4.360 4.321 4.296 4.270 4.278 4.390 4.744 5.413 6.232 6.848 7.223 7.401 7.446 7.438 7.390 7.283 7.108 6.864 6.555 6.190 5.784 5.358 4.922 4.473 3.984 3.442 2.861 2.282 1.754 1.288 0.899 0.594 0.373 0.229 0.143 0.093 0.063 0.045 0.034 0.026
0.000 0.000 0.000 0.000 0.000 0.000 0.000 0.000 0.000 0.001 0.005 0.016 0.046 0.118 0.264 0.501 0.778 0.964 1.078 1.176 1.267 1.356 1.450 1.566 1.761 2.098 2.582 3.135 3.632 4.066 4.418 4.649 4.732 4.715 4.631 4.511 4.421 4.354 4.289 4.210 4.084 3.958 3.934 4.085 4.541 5.309 6.082 6.594 6.866 6.957 6.956 6.901 6.771 6.546 6.219 5.818 5.354 4.830 4.257 3.660 3.071 2.522 2.024 1.567 1.153 0.798 0.519 0.319 0.189 0.112 0.068 0.044 0.031 0.023 0.019 0.016 0.014
0.000 0.000 0.000 0.000 0.000 0.000 0.000 0.001 0.001 0.002 0.006 0.016 0.044 0.114 0.261 0.509 0.865 1.198 1.401 1.530 1.641 1.744 1.846 1.955 2.097 2.321 2.670 3.128 3.566 3.930 4.232 4.462 4.586 4.604 4.569 4.489 4.405 4.322 4.226 4.097 3.906 3.673 3.537 3.534 3.719 4.210 4.956 5.596 5.975 6.146 6.178 6.124 5.939 5.596 5.102 4.526 3.928 3.298 2.675 2.117 1.665 1.298 0.982 0.706 0.475 0.296 0.174 0.099 0.055 0.032 0.021 0.015 0.012 0.011 0.010 0.009 0.009
0.000 0.000 0.000 0.000 0.001 0.001 0.002 0.002 0.003 0.003 0.006 0.013 0.037 0.099 0.238 0.492 0.882 1.362 1.729 1.943 2.081 2.198 2.308 2.415 2.531 2.680 2.899 3.214 3.576 3.878 4.112 4.289 4.402 4.446 4.445 4.412 4.347 4.259 4.142 3.988 3.777 3.492 3.232 3.098 3.086 3.242 3.617 4.105 4.474 4.671 4.722 4.656 4.396 3.916 3.253 2.591 2.045 1.588 1.210 0.918 0.696 0.518 0.371 0.252 0.160 0.094 0.052 0.028 0.016 0.010 0.008 0.007 0.006 0.006 0.006 0.006 0.007
0.001 0.001 0.001 0.002 0.002 0.003 0.004 0.004 0.004 0.004 0.005 0.010 0.025 0.073 0.194 0.445 0.856 1.435 1.986 2.343 2.558 2.707 2.826 2.931 3.029 3.127 3.244 3.415 3.652 3.871 4.035 4.152 4.229 4.270 4.281 4.274 4.236 4.162 4.043 3.883 3.669 3.380 3.045 2.780 2.623 2.557 2.582 2.680 2.752 2.759 2.710 2.590 2.345 1.958 1.488 1.099 0.804 0.580 0.416 0.302 0.222 0.162 0.114 0.076 0.047 0.027 0.015 0.008 0.005 0.004 0.004 0.004 0.004 0.004 0.004 0.005 0.005
0.002 0.003 0.003 0.004 0.005 0.005 0.005 0.005 0.005 0.005 0.005 0.007 0.017 0.050 0.145 0.377 0.802 1.432 2.139 2.652 2.971 3.178 3.319 3.421 3.501 3.567 3.630 3.701 3.797 3.900 3.977 4.030 4.064 4.085 4.095 4.095 4.077 4.027 3.927 3.776 3.569 3.289 2.932 2.573 2.291 2.075 1.900 1.748 1.601 1.454 1.317 1.168 0.986 0.760 0.540 0.377 0.260 0.179 0.124 0.088 0.063 0.046 0.032 0.021 0.013 0.007 0.004 0.003 0.002 0.002 0.002 0.002 0.003 0.003 0.003 0.004 0.004
0.005 0.005 0.006 0.006 0.007 0.007 0.007 0.006 0.006 0.005 0.006 0.007 0.013 0.037 0.112 0.314 0.732 1.385 2.191 2.840 3.282 3.570 3.743 3.843 3.900 3.935 3.953 3.957 3.952 3.943 3.930 3.915 3.899 3.888 3.887 3.890 3.886 3.861 3.790 3.661 3.467 3.196 2.838 2.419 2.038 1.716 1.432 1.179 0.955 0.766 0.612 0.482 0.366 0.259 0.177 0.119 0.079 0.053 0.035 0.025 0.017 0.012 0.009 0.006 0.003 0.002 0.001 0.001 0.001 0.001 0.001 0.001 0.002 0.002 0.002 0.003 0.003
0.009 0.009 0.009 0.009 0.009 0.009 0.008 0.007 0.006 0.006 0.006 0.007 0.012 0.030 0.089 0.262 0.651 1.297 2.149 2.905 3.470 3.860 4.084 4.186 4.221 4.225 4.199 4.139 4.053 3.964 3.882 3.803 3.727 3.668 3.639 3.636 3.642 3.637 3.597 3.496 3.325 3.068 2.717 2.270 1.807 1.417 1.088 0.812 0.590 0.420 0.295 0.203 0.136 0.089 0.057 0.037 0.023 0.015 0.010 0.007 0.005 0.003 0.002 0.001 0.001 0.001 0.001 0.001 0.001 0.001 0.001 0.001 0.001 0.001 0.002 0.002 0.002
0.015 0.014 0.014 0.013 0.011 0.010 0.009 0.008 0.007 0.007 0.007 0.008 0.012 0.025 0.071 0.210 0.553 1.160 2.009 2.863 3.528 4.016 4.314 4.435 4.453 4.429 4.360 4.247 4.105 3.963 3.830 3.695 3.553 3.416 3.318 3.270 3.261 3.259 3.237 3.165 3.026 2.806 2.490 2.063 1.564 1.139 0.806 0.551 0.364 0.233 0.145 0.088 0.052 0.031 0.018 0.011 0.007 0.004 0.003 0.002 0.001 0.001 0.001 0.001 0.000 0.000 0.000 0.001 0.001 0.001 0.000 0.000 0.001 0.001 0.001 0.001 0.002
0.022 0.020 0.018 0.015 0.013 0.011 0.010 0.009 0.009 0.009 0.009 0.011 0.014 0.023 0.052 0.150 0.416 0.934 1.713 2.636 3.439 4.026 4.392 4.553 4.576 4.534 4.433 4.288 4.120 3.948 3.771 3.580 3.368 3.129 2.912 2.765 2.690 2.649 2.608 2.544 2.439 2.279 2.044 1.704 1.259 0.851 0.555 0.352 0.215 0.126 0.071 0.038 0.021 0.011 0.006 0.003 0.002 0.001 0.001 0.001 0.000 0.000 0.000 0.000 0.000 0.000 0.000 0.000 0.001 0.001 0.001 0.000 0.000 0.000 0.001 0.001 0.001
0.028 0.025 0.021 0.017 0.014 0.012 0.011 0.010 0.011 0.011 0.013 0.015 0.017 0.021 0.034 0.081 0.230 0.578 1.192 2.055 2.992 3.746 4.243 4.494 4.559 4.528 4.426 4.274 4.095 3.897 3.675 3.423 3.132 2.786 2.420 2.127 1.927 1.799 1.705 1.622 1.542 1.452 1.328 1.134 0.843 0.545 0.337 0.202 0.116 0.064 0.033 0.017 0.008 0.004 0.002 0.001 0.001 0.000 0.000 0.000 0.000 0.000 0.000 0.000 0.000 0.000 0.000 0.001 0.001 0.001 0.001 0.000 0.000 0.000 0.000 0.000 0.001
