RESULTS/r.avaflow_results/12_results/12_ascii/12_hflow10058.asc
ncols 506
nrows 317
xllcenter 498237.50
yllcenter 5580050.00
cellsize 12.50
NODATA_value -9999.000
[rows 170 to 203 of 317, columns 77 to 153 of 506]
0.000 0.000 0.000 0.000 0.001 0.002 0.004 0.006 0.009 0.012 0.017 0.023 0.035 0.056 0.087 0.119 0.144 0.166 0.186 0.206 0.229 0.262 0.318 0.408 0.522 0.598 0.621 0.616 0.595 0.560 0.513 0.453 0.383 0.324 0.282 0.259 0.250 0.253 0.277 0.339 0.462 0.680 1.056 1.659 2.480 3.360 4.155 4.930 5.754 6.683 7.727 8.853 9.898 10.708 11.151 11.279 11.275 11.211 11.118 10.981 10.811 10.562 10.158 9.593 8.887 8.085 7.244 6.471 5.764 5.118 4.536 4.020 3.570 3.176 2.826 2.516 2.241
0.000 0.000 0.000 0.001 0.002 0.005 0.009 0.014 0.020 0.028 0.039 0.057 0.087 0.135 0.197 0.249 0.289 0.324 0.357 0.391 0.430 0.486 0.572 0.685 0.778 0.817 0.816 0.798 0.763 0.712 0.644 0.558 0.468 0.401 0.361 0.344 0.344 0.366 0.439 0.602 0.894 1.355 2.039 2.981 4.099 5.127 6.043 6.953 7.869 8.770 9.656 10.490 11.162 11.584 11.724 11.697 11.602 11.464 11.303 11.122 10.901 10.596 10.157 9.585 8.885 8.085 7.233 6.447 5.735 5.100 4.538 4.047 3.619 3.241 2.910 2.619 2.363
0.000 0.000 0.000 0.001 0.005 0.010 0.017 0.026 0.038 0.053 0.076 0.112 0.168 0.244 0.334 0.419 0.485 0.539 0.589 0.643 0.705 0.793 0.902 0.991 1.031 1.035 1.021 0.991 0.943 0.876 0.786 0.671 0.566 0.495 0.459 0.451 0.466 0.533 0.712 1.073 1.656 2.471 3.525 4.815 6.098 7.150 8.049 8.907 9.732 10.487 11.148 11.659 11.972 12.076 12.020 11.882 11.706 11.519 11.322 11.119 10.872 10.548 10.106 9.541 8.853 8.063 7.206 6.417 5.714 5.093 4.549 4.072 3.654 3.288 2.970 2.693 2.452
0.000 0.000 0.000 0.002 0.006 0.013 0.023 0.037 0.054 0.078 0.112 0.161 0.230 0.320 0.427 0.544 0.665 0.768 0.853 0.933 1.019 1.113 1.198 1.245 1.257 1.252 1.233 1.195 1.135 1.052 0.938 0.796 0.678 0.606 0.578 0.580 0.623 0.774 1.143 1.823 2.830 4.114 5.540 6.958 8.136 9.058 9.850 10.581 11.235 11.790 12.215 12.451 12.504 12.409 12.204 11.955 11.724 11.509 11.286 11.056 10.780 10.440 10.001 9.451 8.786 8.014 7.164 6.384 5.695 5.087 4.553 4.085 3.675 3.316 3.007 2.739 2.506
0.000 0.000 0.000 0.002 0.007 0.015 0.027 0.043 0.064 0.093 0.133 0.188 0.265 0.364 0.485 0.629 0.799 0.966 1.099 1.207 1.304 1.389 1.449 1.477 1.481 1.474 1.453 1.410 1.341 1.241 1.106 0.938 0.806 0.729 0.704 0.709 0.777 1.020 1.616 2.678 4.202 5.983 7.568 8.866 9.896 10.714 11.382 11.942 12.388 12.719 12.920 12.963 12.861 12.623 12.287 11.976 11.712 11.464 11.211 10.946 10.640 10.287 9.848 9.311 8.671 7.928 7.109 6.348 5.675 5.079 4.552 4.088 3.683 3.331 3.027 2.762 2.530
0.000 0.000 0.000 0.002 0.008 0.016 0.028 0.045 0.068 0.099 0.142 0.201 0.282 0.388 0.522 0.687 0.890 1.120 1.317 1.461 1.570 1.649 1.695 1.713 1.715 1.708 1.685 1.638 1.562 1.448 1.292 1.099 0.945 0.850 0.813 0.817 0.891 1.175 1.901 3.230 5.178 7.403 9.156 10.452 11.412 12.126 12.634 12.989 13.233 13.369 13.400 13.308 13.082 12.730 12.314 11.962 11.665 11.384 11.103 10.805 10.475 10.099 9.651 9.126 8.513 7.810 7.035 6.299 5.644 5.061 4.542 4.083 3.683 3.335 3.034 2.770 2.534
0.000 0.000 0.000 0.003 0.008 0.016 0.029 0.046 0.069 0.101 0.145 0.206 0.289 0.400 0.543 0.721 0.943 1.215 1.490 1.692 1.825 1.907 1.949 1.964 1.966 1.958 1.934 1.885 1.801 1.676 1.502 1.283 1.093 0.967 0.910 0.906 0.974 1.253 2.007 3.462 5.697 8.359 10.395 11.786 12.707 13.290 13.617 13.782 13.857 13.855 13.752 13.533 13.196 12.763 12.310 11.918 11.579 11.268 10.962 10.640 10.282 9.885 9.430 8.910 8.320 7.657 6.929 6.225 5.590 5.020 4.513 4.064 3.672 3.329 3.032 2.768 2.532
0.000 0.000 0.000 0.003 0.008 0.016 0.028 0.045 0.068 0.100 0.144 0.205 0.290 0.405 0.552 0.737 0.968 1.257 1.598 1.889 2.073 2.173 2.222 2.241 2.243 2.235 2.208 2.154 2.063 1.926 1.736 1.489 1.252 1.085 0.998 0.982 1.032 1.282 2.009 3.490 5.862 8.919 11.331 12.880 13.776 14.207 14.364 14.398 14.347 14.222 13.985 13.654 13.236 12.762 12.287 11.856 11.473 11.131 10.798 10.453 10.072 9.654 9.185 8.664 8.092 7.460 6.775 6.109 5.498 4.948 4.456 4.020 3.638 3.304 3.013 2.753 2.520
0.000 0.000 0.000 0.002 0.008 0.016 0.027 0.043 0.064 0.095 0.138 0.200 0.287 0.404 0.553 0.740 0.974 1.267 1.634 2.029 2.312 2.461 2.526 2.550 2.553 2.545 2.515 2.455 2.353 2.201 1.991 1.717 1.428 1.210 1.083 1.044 1.072 1.281 1.946 3.407 5.835 9.139 11.957 13.713 14.588 14.882 14.923 14.862 14.706 14.448 14.110 13.700 13.238 12.743 12.244 11.778 11.360 10.985 10.618 10.243 9.839 9.401 8.919 8.391 7.824 7.215 6.568 5.944 5.366 4.840 4.367 3.948 3.581 3.259 2.976 2.725 2.497
0.000 0.000 0.000 0.002 0.007 0.014 0.024 0.037 0.056 0.082 0.122 0.182 0.271 0.392 0.546 0.736 0.971 1.265 1.633 2.087 2.506 2.765 2.873 2.902 2.907 2.897 2.863 2.791 2.674 2.503 2.270 1.968 1.625 1.349 1.172 1.099 1.103 1.251 1.806 3.172 5.632 9.106 12.254 14.245 15.143 15.346 15.317 15.169 14.908 14.556 14.154 13.707 13.220 12.705 12.181 11.689 11.241 10.831 10.430 10.016 9.578 9.113 8.614 8.080 7.512 6.916 6.311 5.733 5.193 4.698 4.251 3.855 3.507 3.199 2.926 2.682 2.462
0.000 0.000 0.000 0.002 0.005 0.011 0.018 0.027 0.041 0.061 0.093 0.145 0.228 0.348 0.507 0.705 0.945 1.240 1.609 2.070 2.596 3.019 3.240 3.303 3.307 3.294 3.254 3.170 3.032 2.836 2.575 2.244 1.850 1.512 1.276 1.156 1.132 1.210 1.615 2.802 5.214 8.863 12.284 14.457 15.447 15.615 15.531 15.313 14.974 14.589 14.147 13.678 13.175 12.650 12.109 11.594 11.117 10.675 10.241 9.795 9.322 8.824 8.293 7.733 7.151 6.570 6.011 5.483 4.988 4.528 4.113 3.742 3.414 3.123 2.864 2.630 2.420
0.000 0.000 0.000 0.001 0.003 0.006 0.011 0.016 0.023 0.035 0.054 0.089 0.153 0.258 0.408 0.605 0.847 1.142 1.507 1.971 2.549 3.134 3.525 3.676 3.694 3.682 3.639 3.549 3.402 3.189 2.904 2.543 2.110 1.709 1.409 1.230 1.171 1.202 1.466 2.396 4.611 8.319 12.062 14.435 15.537 15.725 15.603 15.342 14.973 14.573 14.116 13.615 13.103 12.569 12.025 11.499 11.001 10.530 10.068 9.598 9.100 8.574 8.010 7.414 6.813 6.243 5.710 5.216 4.760 4.342 3.959 3.616 3.310 3.034 2.787 2.564 2.365
0.000 0.000 0.000 0.001 0.002 0.003 0.006 0.008 0.012 0.017 0.026 0.043 0.076 0.138 0.246 0.409 0.626 0.897 1.238 1.693 2.313 3.064 3.658 3.961 4.021 4.011 3.968 3.878 3.733 3.522 3.236 2.866 2.411 1.952 1.590 1.349 1.240 1.238 1.403 2.093 3.969 7.487 11.526 14.165 15.439 15.706 15.592 15.308 14.916 14.481 14.009 13.501 12.987 12.458 11.927 11.401 10.891 10.397 9.914 9.426 8.911 8.363 7.775 7.151 6.542 5.973 5.451 4.975 4.543 4.151 3.797 3.477 3.190 2.929 2.697 2.486 2.298
0.000 0.000 0.000 0.000 0.001 0.001 0.003 0.004 0.006 0.008 0.012 0.018 0.032 0.059 0.111 0.198 0.330 0.517 0.785 1.192 1.829 2.754 3.615 4.112 4.271 4.272 4.233 4.151 4.017 3.821 3.553 3.200 2.753 2.256 1.840 1.540 1.375 1.337 1.435 1.938 3.456 6.575 10.734 13.607 15.055 15.456 15.399 15.142 14.751 14.296 13.796 13.294 12.799 12.300 11.804 11.295 10.793 10.287 9.786 9.280 8.751 8.188 7.586 6.950 6.333 5.761 5.239 4.766 4.344 3.966 3.630 3.327 3.056 2.810 2.592 2.396 2.221
0.000 0.000 0.000 0.000 0.000 0.000 0.001 0.002 0.002 0.003 0.005 0.008 0.013 0.024 0.045 0.083 0.146 0.242 0.397 0.672 1.209 2.185 3.377 4.125 4.422 4.464 4.436 4.367 4.252 4.083 3.850 3.537 3.129 2.633 2.177 1.831 1.614 1.534 1.571 1.933 3.146 5.793 9.753 12.771 14.362 14.903 14.931 14.755 14.405 13.960 13.452 12.958 12.511 12.076 11.633 11.159 10.682 10.186 9.681 9.161 8.620 8.046 7.439 6.801 6.179 5.600 5.069 4.589 4.163 3.787 3.457 3.165 2.906 2.675 2.474 2.296 2.139
0.000 0.000 0.000 0.000 0.000 0.000 0.000 0.001 0.001 0.001 0.002 0.004 0.007 0.012 0.022 0.039 0.069 0.117 0.201 0.366 0.738 1.557 2.880 3.948 4.455 4.581 4.577 4.528 4.438 4.305 4.119 3.863 3.523 3.081 2.613 2.243 1.993 1.876 1.871 2.102 3.048 5.223 8.670 11.653 13.324 13.996 14.122 14.043 13.797 13.421 12.944 12.458 12.054 11.701 11.345 10.961 10.543 10.081 9.588 9.062 8.512 7.932 7.326 6.691 6.067 5.480 4.936 4.440 4.000 3.615 3.280 2.989 2.739 2.525 2.343 2.186 2.049
0.000 0.000 0.000 0.000 0.000 0.000 0.000 0.000 0.000 0.001 0.001 0.002 0.005 0.009 0.016 0.028 0.048 0.079 0.132 0.234 0.470 1.047 2.191 3.521 4.314 4.617 4.659 4.634 4.579 4.487 4.349 4.153 3.887 3.544 3.136 2.789 2.540 2.406 2.377 2.508 3.205 4.893 7.664 10.357 12.009 12.780 12.991 12.984 12.875 12.633 12.251 11.787 11.407 11.133 10.885 10.627 10.326 9.948 9.488 8.968 8.417 7.841 7.238 6.610 5.984 5.388 4.831 4.319 3.859 3.454 3.104 2.805 2.558 2.358 2.195 2.054 1.917
0.000 0.000 0.000 0.000 0.000 0.000 0.000 0.000 0.000 0.000 0.001 0.002 0.005 0.009 0.016 0.028 0.046 0.075 0.120 0.198 0.353 0.723 1.528 2.823 3.945 4.520 4.692 4.704 4.681 4.628 4.537 4.395 4.195 3.932 3.624 3.373 3.199 3.102 3.072 3.137 3.589 4.795 6.884 9.144 10.618 11.353 11.613 11.672 11.668 11.578 11.347 10.962 10.587 10.376 10.253 10.121 9.956 9.714 9.333 8.850 8.314 7.749 7.162 6.552 5.919 5.311 4.744 4.218 3.737 3.307 2.933 2.620 2.365 2.162 1.992 1.824 1.633
0.000 0.000 0.000 0.000 0.000 0.000 0.000 0.000 0.000 0.000 0.001 0.002 0.005 0.011 0.020 0.034 0.055 0.085 0.130 0.202 0.325 0.566 1.083 2.054 3.314 4.228 4.630 4.735 4.748 4.731 4.682 4.589 4.444 4.240 4.007 3.832 3.724 3.679 3.676 3.741 4.066 4.884 6.340 8.177 9.468 10.144 10.415 10.508 10.527 10.495 10.382 10.141 9.824 9.598 9.513 9.481 9.420 9.298 9.044 8.656 8.177 7.650 7.092 6.501 5.861 5.237 4.663 4.127 3.628 3.170 2.767 2.426 2.139 1.884 1.637 1.376 1.094
0.000 0.000 0.000 0.000 0.000 0.000 0.000 0.000 0.000 0.000 0.001 0.003 0.008 0.017 0.032 0.055 0.085 0.122 0.170 0.238 0.344 0.522 0.850 1.488 2.564 3.711 4.403 4.691 4.780 4.800 4.785 4.734 4.636 4.481 4.292 4.158 4.085 4.062 4.069 4.129 4.363 4.932 5.955 7.397 8.534 9.172 9.456 9.576 9.614 9.610 9.558 9.424 9.204 8.969 8.824 8.772 8.744 8.691 8.544 8.276 7.889 7.428 6.916 6.363 5.754 5.132 4.558 4.019 3.506 3.015 2.564 2.159 1.787 1.427 1.084 0.781 0.541
0.000 0.000 0.000 0.000 0.000 0.000 0.000 0.000 0.000 0.000 0.001 0.005 0.013 0.030 0.058 0.099 0.148 0.199 0.254 0.319 0.409 0.548 0.780 1.203 1.967 3.057 3.966 4.486 4.731 4.828 4.853 4.835 4.772 4.655 4.490 4.371 4.308 4.288 4.294 4.340 4.495 4.894 5.628 6.712 7.730 8.358 8.672 8.821 8.876 8.886 8.864 8.793 8.647 8.442 8.248 8.109 8.016 7.942 7.829 7.631 7.326 6.933 6.461 5.945 5.392 4.813 4.252 3.714 3.186 2.659 2.141 1.649 1.201 0.826 0.550 0.359 0.229
0.000 0.000 0.000 0.000 0.000 0.000 0.000 0.000 0.000 0.001 0.003 0.009 0.024 0.054 0.108 0.182 0.256 0.322 0.386 0.454 0.532 0.638 0.810 1.116 1.660 2.492 3.403 4.094 4.540 4.777 4.873 4.887 4.854 4.761 4.613 4.496 4.428 4.402 4.399 4.428 4.529 4.789 5.284 6.060 6.967 7.621 7.991 8.180 8.261 8.280 8.272 8.226 8.113 7.937 7.722 7.508 7.312 7.138 6.968 6.763 6.486 6.125 5.679 5.178 4.644 4.088 3.529 2.976 2.426 1.871 1.346 0.904 0.579 0.365 0.228 0.142 0.089
0.000 0.000 0.000 0.000 0.000 0.000 0.000 0.000 0.000 0.001 0.004 0.014 0.038 0.091 0.185 0.310 0.414 0.495 0.568 0.641 0.718 0.807 0.932 1.158 1.567 2.183 2.943 3.643 4.212 4.608 4.820 4.892 4.882 4.806 4.675 4.556 4.485 4.446 4.431 4.443 4.494 4.622 4.906 5.431 6.203 6.907 7.357 7.612 7.725 7.753 7.745 7.699 7.592 7.422 7.192 6.924 6.638 6.344 6.053 5.759 5.433 5.049 4.590 4.061 3.481 2.892 2.322 1.784 1.297 0.885 0.571 0.353 0.214 0.131 0.082 0.052 0.034
0.000 0.000 0.000 0.000 0.000 0.000 0.000 0.000 0.000 0.001 0.005 0.016 0.045 0.114 0.243 0.435 0.604 0.711 0.797 0.882 0.968 1.056 1.159 1.320 1.620 2.097 2.703 3.332 3.893 4.356 4.676 4.834 4.864 4.811 4.694 4.577 4.504 4.457 4.430 4.414 4.398 4.392 4.481 4.793 5.401 6.150 6.716 7.061 7.223 7.262 7.248 7.195 7.081 6.898 6.646 6.335 5.967 5.560 5.132 4.696 4.248 3.759 3.221 2.653 2.094 1.590 1.151 0.789 0.510 0.312 0.185 0.111 0.068 0.044 0.029 0.020 0.013
0.000 0.000 0.000 0.000 0.000 0.000 0.000 0.000 0.000 0.001 0.006 0.017 0.046 0.119 0.264 0.497 0.769 0.955 1.073 1.178 1.277 1.375 1.478 1.607 1.814 2.163 2.654 3.205 3.698 4.127 4.476 4.702 4.782 4.767 4.685 4.577 4.504 4.450 4.399 4.338 4.235 4.095 4.044 4.159 4.550 5.231 5.937 6.409 6.660 6.742 6.736 6.677 6.544 6.316 5.989 5.591 5.128 4.609 4.044 3.463 2.893 2.366 1.889 1.450 1.055 0.720 0.461 0.279 0.163 0.093 0.055 0.034 0.022 0.016 0.011 0.008 0.006
0.000 0.000 0.000 0.000 0.000 0.000 0.000 0.001 0.001 0.002 0.006 0.016 0.044 0.115 0.262 0.508 0.860 1.188 1.393 1.529 1.648 1.761 1.872 1.991 2.144 2.379 2.737 3.198 3.631 3.989 4.289 4.517 4.639 4.658 4.625 4.552 4.482 4.413 4.335 4.226 4.059 3.822 3.653 3.618 3.760 4.174 4.832 5.418 5.769 5.926 5.954 5.899 5.715 5.376 4.888 4.320 3.728 3.112 2.513 1.989 1.565 1.217 0.914 0.651 0.432 0.267 0.155 0.086 0.048 0.027 0.016 0.011 0.008 0.006 0.005 0.004 0.003
0.000 0.000 0.000 0.000 0.001 0.001 0.002 0.002 0.003 0.003 0.006 0.014 0.038 0.101 0.241 0.493 0.880 1.355 1.720 1.939 2.085 2.212 2.330 2.447 2.572 2.730 2.958 3.279 3.638 3.935 4.166 4.341 4.456 4.500 4.501 4.470 4.416 4.340 4.241 4.102 3.907 3.631 3.348 3.182 3.141 3.256 3.555 3.975 4.310 4.488 4.534 4.466 4.210 3.740 3.096 2.453 1.927 1.491 1.135 0.863 0.654 0.485 0.345 0.232 0.146 0.085 0.047 0.025 0.014 0.008 0.005 0.004 0.003 0.003 0.002 0.002 0.002
0.000 0.000 0.001 0.001 0.002 0.003 0.003 0.004 0.004 0.004 0.005 0.010 0.027 0.075 0.198 0.450 0.858 1.430 1.980 2.339 2.560 2.717 2.844 2.956 3.061 3.166 3.290 3.468 3.707 3.921 4.082 4.199 4.277 4.320 4.334 4.326 4.295 4.228 4.123 3.972 3.767 3.487 3.147 2.860 2.679 2.590 2.578 2.634 2.681 2.674 2.617 2.491 2.247 1.866 1.412 1.038 0.756 0.544 0.390 0.284 0.209 0.151 0.106 0.071 0.043 0.024 0.013 0.007 0.004 0.003 0.002 0.002 0.002 0.002 0.001 0.001 0.001
0.002 0.002 0.002 0.003 0.004 0.005 0.005 0.005 0.005 0.005 0.005 0.008 0.018 0.052 0.149 0.384 0.808 1.433 2.138 2.651 2.972 3.183 3.329 3.437 3.521 3.593 3.661 3.738 3.839 3.941 4.016 4.069 4.105 4.129 4.140 4.138 4.124 4.076 3.981 3.834 3.632 3.357 3.006 2.638 2.341 2.111 1.918 1.750 1.592 1.437 1.291 1.136 0.949 0.725 0.512 0.355 0.244 0.168 0.116 0.082 0.060 0.043 0.030 0.019 0.012 0.006 0.003 0.002 0.001 0.001 0.001 0.001 0.001 0.001 0.001 0.001 0.001
0.005 0.005 0.005 0.006 0.007 0.007 0.006 0.006 0.006 0.005 0.006 0.007 0.014 0.038 0.115 0.321 0.740 1.390 2.193 2.843 3.286 3.573 3.747 3.849 3.910 3.947 3.969 3.978 3.978 3.971 3.959 3.945 3.931 3.921 3.920 3.922 3.917 3.890 3.818 3.688 3.495 3.228 2.881 2.466 2.079 1.750 1.459 1.199 0.970 0.775 0.614 0.477 0.356 0.250 0.169 0.113 0.075 0.049 0.033 0.023 0.016 0.011 0.008 0.005 0.003 0.002 0.001 0.001 0.001 0.001 0.001 0.001 0.001 0.001 0.001 0.001 0.001
0.009 0.009 0.009 0.009 0.009 0.008 0.008 0.007 0.006 0.006 0.006 0.007 0.012 0.031 0.092 0.268 0.660 1.306 2.154 2.913 3.478 3.865 4.087 4.189 4.225 4.230 4.206 4.150 4.069 3.983 3.902 3.824 3.749 3.691 3.661 3.657 3.661 3.653 3.607 3.503 3.330 3.077 2.735 2.301 1.841 1.450 1.117 0.837 0.610 0.434 0.302 0.205 0.135 0.087 0.055 0.035 0.022 0.014 0.009 0.006 0.004 0.003 0.002 0.001 0.001 0.001 0.001 0.001 0.001 0.001 0.001 0.001 0.001 0.001 0.001 0.001 0.001
0.014 0.014 0.013 0.012 0.011 0.010 0.009 0.008 0.007 0.007 0.007 0.008 0.012 0.027 0.073 0.216 0.563 1.170 2.018 2.874 3.540 4.027 4.322 4.441 4.458 4.434 4.365 4.253 4.114 3.974 3.842 3.706 3.563 3.429 3.333 3.287 3.277 3.273 3.247 3.171 3.029 2.810 2.500 2.085 1.595 1.171 0.836 0.576 0.383 0.245 0.152 0.091 0.053 0.031 0.018 0.011 0.006 0.004 0.002 0.002 0.001 0.001 0.001 0.000 0.000 0.000 0.000 0.001 0.001 0.001 0.000 0.000 0.000 0.000 0.000 0.000 0.001
0.021 0.020 0.018 0.015 0.013 0.011 0.010 0.009 0.009 0.009 0.010 0.011 0.015 0.024 0.054 0.155 0.425 0.945 1.726 2.652 3.455 4.040 4.404 4.563 4.585 4.542 4.440 4.295 4.127 3.954 3.776 3.583 3.368 3.132 2.922 2.782 2.711 2.670 2.629 2.563 2.456 2.297 2.065 1.730 1.292 0.884 0.583 0.373 0.229 0.135 0.076 0.041 0.022 0.011 0.006 0.003 0.002 0.001 0.001 0.001 0.000 0.000 0.000 0.000 0.000 0.000 0.000 0.000 0.001 0.001 0.001 0.000 0.000 0.000 0.000 0.000 0.000
0.028 0.025 0.021 0.017 0.014 0.012 0.011 0.011 0.011 0.012 0.013 0.015 0.017 0.022 0.035 0.084 0.236 0.588 1.206 2.073 3.012 3.765 4.259 4.508 4.572 4.540 4.437 4.283 4.104 3.903 3.678 3.422 3.128 2.784 2.430 2.148 1.956 1.833 1.741 1.659 1.579 1.488 1.363 1.169 0.879 0.575 0.360 0.217 0.126 0.069 0.036 0.018 0.009 0.004 0.002 0.001 0.001 0.000 0.000 0.000 0.000 0.000 0.000 0.000 0.000 0.000 0.000 0.001 0.001 0.001 0.001 0.000 0.000 0.000 0.000 0.000 0.000
