RESULTS/r.avaflow_results/12_results/12_ascii/12_hflow30018.asc
ncols 506
nrows 317
xllcenter 498237.50
yllcenter 5580050.00
cellsize 12.50
NODATA_value -9999.000
[rows 170 to 203 of 317, columns 154 to 230 of 506]
10.017 10.176 10.295 10.353 10.346 10.295 10.232 10.149 10.039 9.897 9.730 9.546 9.324 9.006 8.527 7.869 7.122 6.407 5.755 5.142 4.548 3.938 3.350 2.877 2.541 2.338 2.258 2.251 2.260 2.280 2.294 2.299 2.295 2.264 2.191 2.092 1.999 1.909 1.807 1.660 1.455 1.257 1.107 0.983 0.860 0.728 0.585 0.460 0.363 0.288 0.230 0.186 0.153 0.130 0.114 0.103 0.098 0.096 0.096 0.096 0.096 0.094 0.092 0.090 0.087 0.084 0.081 0.080 0.078 0.077 0.073 0.067 0.056 0.041 0.024 0.011 0.004
12.830 13.373 13.737 13.926 13.985 13.983 13.913 13.764 13.551 13.289 12.990 12.674 12.347 11.956 11.419 10.670 9.714 8.648 7.574 6.517 5.500 4.558 3.746 3.107 2.652 2.359 2.191 2.131 2.139 2.168 2.185 2.187 2.167 2.111 2.007 1.857 1.672 1.464 1.243 1.012 0.805 0.665 0.574 0.504 0.437 0.367 0.291 0.226 0.178 0.142 0.117 0.098 0.084 0.076 0.071 0.069 0.069 0.071 0.072 0.073 0.072 0.071 0.069 0.066 0.062 0.058 0.055 0.052 0.050 0.046 0.042 0.035 0.026 0.017 0.009 0.004 0.001
15.539 16.451 17.006 17.259 17.310 17.275 17.164 16.981 16.742 16.458 16.134 15.786 15.429 15.024 14.477 13.686 12.610 11.318 9.928 8.499 7.076 5.738 4.569 3.635 2.955 2.491 2.194 2.017 1.943 1.935 1.928 1.901 1.843 1.738 1.572 1.340 1.084 0.851 0.661 0.509 0.400 0.329 0.283 0.248 0.214 0.178 0.141 0.111 0.089 0.074 0.063 0.056 0.051 0.048 0.048 0.048 0.050 0.053 0.054 0.055 0.054 0.052 0.050 0.046 0.043 0.039 0.036 0.032 0.029 0.026 0.022 0.016 0.011 0.006 0.003 0.001 0.000
17.395 18.618 19.372 19.756 19.905 19.933 19.872 19.748 19.563 19.318 19.015 18.672 18.319 17.927 17.408 16.656 15.606 14.268 12.732 11.089 9.400 7.723 6.138 4.783 3.722 2.937 2.384 2.023 1.794 1.642 1.525 1.412 1.282 1.123 0.930 0.735 0.574 0.447 0.343 0.261 0.203 0.166 0.142 0.124 0.107 0.089 0.072 0.059 0.049 0.043 0.038 0.035 0.034 0.033 0.034 0.035 0.037 0.039 0.040 0.040 0.039 0.037 0.035 0.032 0.028 0.025 0.022 0.019 0.016 0.013 0.010 0.007 0.004 0.002 0.001 0.000 0.000
18.301 19.724 20.690 21.292 21.660 21.886 22.007 22.039 21.975 21.826 21.583 21.263 20.913 20.530 20.046 19.353 18.382 17.134 15.672 14.059 12.320 10.459 8.504 6.615 5.015 3.747 2.801 2.144 1.704 1.388 1.135 0.932 0.767 0.623 0.490 0.382 0.302 0.238 0.184 0.141 0.110 0.090 0.077 0.067 0.058 0.049 0.042 0.035 0.031 0.028 0.026 0.025 0.024 0.024 0.024 0.025 0.027 0.028 0.028 0.028 0.027 0.025 0.023 0.020 0.017 0.015 0.012 0.010 0.008 0.006 0.004 0.003 0.001 0.001 0.000 0.000 0.000
18.462 19.959 21.084 21.915 22.545 23.028 23.386 23.605 23.681 23.641 23.471 23.168 22.809 22.445 22.015 21.418 20.575 19.457 18.087 16.497 14.714 12.745 10.562 8.198 6.067 4.355 3.079 2.204 1.610 1.181 0.863 0.632 0.470 0.350 0.261 0.202 0.163 0.131 0.103 0.081 0.065 0.055 0.047 0.041 0.036 0.031 0.028 0.025 0.022 0.021 0.019 0.019 0.018 0.018 0.018 0.018 0.019 0.019 0.019 0.018 0.017 0.016 0.014 0.012 0.010 0.008 0.007 0.005 0.004 0.003 0.002 0.001 0.000 0.000 0.000 0.000 0.000
18.212 19.763 20.998 21.961 22.759 23.427 23.940 24.288 24.473 24.510 24.401 24.103 23.743 23.429 23.074 22.573 21.858 20.887 19.629 18.069 16.222 14.117 11.745 9.074 6.590 4.607 3.153 2.154 1.464 0.977 0.643 0.425 0.287 0.198 0.142 0.110 0.090 0.075 0.061 0.050 0.043 0.037 0.032 0.028 0.025 0.023 0.020 0.019 0.017 0.016 0.015 0.014 0.013 0.013 0.013 0.013 0.012 0.012 0.012 0.011 0.011 0.010 0.008 0.007 0.005 0.004 0.003 0.002 0.001 0.001 0.000 0.000 0.000 0.000 0.000 0.000 0.000
17.491 19.140 20.544 21.702 22.651 23.400 23.946 24.318 24.542 24.610 24.532 24.238 23.884 23.614 23.312 22.862 22.216 21.349 20.195 18.688 16.824 14.647 12.166 9.358 6.719 4.625 3.072 1.980 1.238 0.747 0.441 0.266 0.167 0.111 0.079 0.062 0.052 0.045 0.039 0.033 0.030 0.027 0.024 0.022 0.019 0.018 0.016 0.015 0.014 0.013 0.011 0.011 0.010 0.009 0.009 0.008 0.008 0.008 0.007 0.007 0.006 0.005 0.004 0.003 0.003 0.002 0.001 0.001 0.000 0.000 0.000 0.000 0.000 0.000 0.000 0.000 0.000
16.353 18.130 19.704 21.055 22.154 22.975 23.523 23.870 24.073 24.139 24.083 23.832 23.500 23.232 22.931 22.493 21.883 21.079 19.999 18.555 16.724 14.543 12.034 9.201 6.525 4.359 2.737 1.616 0.905 0.487 0.265 0.152 0.094 0.063 0.046 0.038 0.033 0.029 0.026 0.023 0.022 0.020 0.019 0.017 0.016 0.014 0.013 0.012 0.011 0.010 0.008 0.007 0.007 0.006 0.005 0.005 0.005 0.004 0.004 0.004 0.003 0.003 0.002 0.002 0.001 0.001 0.000 0.000 0.000 0.000 0.000 0.000 0.000 0.000 0.000 0.000 0.000
14.913 16.800 18.483 19.936 21.112 21.972 22.524 22.825 22.946 22.966 22.924 22.786 22.530 22.185 21.758 21.248 20.654 19.918 18.928 17.563 15.772 13.591 11.064 8.271 5.690 3.597 2.059 1.062 0.520 0.261 0.140 0.082 0.053 0.038 0.029 0.025 0.022 0.020 0.019 0.018 0.016 0.016 0.015 0.014 0.013 0.011 0.010 0.009 0.008 0.007 0.006 0.005 0.004 0.004 0.003 0.003 0.002 0.002 0.002 0.002 0.001 0.001 0.001 0.000 0.000 0.000 0.000 0.000 0.000 0.000 0.000 0.000 0.000 0.000 0.000 0.000 0.000
13.203 15.135 16.846 18.326 19.541 20.459 21.056 21.324 21.351 21.315 21.317 21.334 21.185 20.733 20.092 19.453 18.827 18.092 17.085 15.673 13.805 11.533 8.946 6.363 4.114 2.371 1.209 0.556 0.249 0.122 0.069 0.045 0.032 0.025 0.021 0.018 0.017 0.015 0.014 0.014 0.013 0.012 0.011 0.011 0.010 0.009 0.008 0.007 0.006 0.005 0.004 0.003 0.002 0.002 0.002 0.001 0.001 0.001 0.001 0.001 0.000 0.000 0.000 0.000 0.000 0.000 0.000 0.000 0.000 0.000 0.000 0.000 0.000 0.000 0.000 0.000 0.000
11.227 13.127 14.830 16.343 17.654 18.707 19.423 19.768 19.830 19.821 19.863 19.900 19.743 19.221 18.477 17.744 16.988 16.065 14.813 13.109 10.930 8.354 5.827 3.786 2.272 1.227 0.582 0.246 0.107 0.057 0.036 0.027 0.021 0.018 0.015 0.014 0.013 0.012 0.011 0.011 0.010 0.009 0.009 0.008 0.007 0.006 0.005 0.004 0.004 0.003 0.002 0.002 0.001 0.001 0.000 0.000 0.000 0.000 0.000 0.000 0.000 0.000 0.000 0.000 0.000 0.000 0.000 0.000 0.000 0.000 0.000 0.000 0.000 0.000 0.000 0.000 0.000
9.258 10.977 12.613 14.176 15.619 16.844 17.730 18.214 18.357 18.377 18.406 18.368 18.107 17.540 16.793 15.995 15.090 13.864 12.151 9.879 7.227 4.763 2.977 1.780 0.999 0.507 0.227 0.096 0.048 0.030 0.022 0.018 0.015 0.013 0.012 0.011 0.010 0.009 0.009 0.008 0.007 0.007 0.006 0.006 0.005 0.004 0.003 0.003 0.002 0.001 0.001 0.001 0.000 0.000 0.000 0.000 0.000 0.000 0.000 0.000 0.000 0.000 0.000 0.000 0.000 0.000 0.000 0.000 0.000 0.000 0.000 0.000 0.000 0.000 0.000 0.000 0.000
7.516 8.987 10.427 11.899 13.373 14.684 15.687 16.292 16.518 16.532 16.436 16.177 15.727 15.110 14.374 13.509 12.392 10.786 8.490 5.874 3.650 2.126 1.179 0.635 0.329 0.161 0.076 0.039 0.025 0.019 0.015 0.013 0.012 0.010 0.009 0.008 0.008 0.007 0.006 0.006 0.005 0.005 0.004 0.004 0.003 0.002 0.002 0.001 0.001 0.001 0.000 0.000 0.000 0.000 0.000 0.000 0.000 0.000 0.000 0.000 0.000 0.000 0.000 0.000 0.000 0.000 0.000 0.000 0.000 0.000 0.000 0.000 0.000 0.000 0.000 0.000 0.000
5.897 7.063 8.211 9.398 10.625 11.765 12.696 13.304 13.553 13.550 13.326 12.828 12.128 11.332 10.463 9.436 8.083 6.243 4.178 2.477 1.346 0.688 0.345 0.177 0.094 0.052 0.031 0.021 0.016 0.013 0.012 0.010 0.009 0.008 0.007 0.006 0.006 0.005 0.004 0.004 0.003 0.003 0.002 0.002 0.002 0.001 0.001 0.000 0.000 0.000 0.000 0.000 0.000 0.000 0.000 0.000 0.000 0.000 0.000 0.000 0.000 0.000 0.000 0.000 0.000 0.000 0.000 0.000 0.000 0.000 0.000 0.000 0.000 0.000 0.000 0.000 0.000
4.284 5.052 5.751 6.414 7.081 7.754 8.368 8.798 8.987 8.983 8.740 8.152 7.274 6.318 5.474 4.637 3.655 2.466 1.409 0.716 0.347 0.174 0.094 0.055 0.034 0.023 0.017 0.014 0.012 0.010 0.009 0.008 0.007 0.006 0.005 0.004 0.004 0.003 0.003 0.002 0.002 0.001 0.001 0.001 0.001 0.000 0.000 0.000 0.000 0.000 0.000 0.000 0.000 0.000 0.000 0.000 0.000 0.000 0.000 0.000 0.000 0.000 0.000 0.000 0.000 0.000 0.000 0.000 0.000 0.000 0.000 0.000 0.000 0.000 0.000 0.000 0.000
2.700 3.055 3.343 3.581 3.795 4.016 4.235 4.385 4.443 4.426 4.277 3.905 3.288 2.606 2.076 1.617 1.145 0.662 0.334 0.165 0.088 0.052 0.034 0.024 0.018 0.014 0.012 0.010 0.009 0.008 0.007 0.006 0.005 0.005 0.004 0.003 0.002 0.002 0.001 0.001 0.001 0.000 0.000 0.000 0.000 0.000 0.000 0.000 0.000 0.000 0.000 0.000 0.000 0.000 0.000 0.000 0.000 0.000 0.000 0.000 0.000 0.000 0.000 0.000 0.000 0.000 0.000 0.000 0.000 0.000 0.000 0.000 0.000 0.000 0.000 0.000 0.000
1.413 1.526 1.611 1.662 1.686 1.696 1.709 1.709 1.692 1.657 1.570 1.384 1.079 0.771 0.567 0.413 0.268 0.152 0.082 0.048 0.032 0.023 0.018 0.014 0.012 0.010 0.009 0.008 0.007 0.006 0.005 0.005 0.004 0.003 0.003 0.002 0.001 0.001 0.001 0.000 0.000 0.000 0.000 0.000 0.000 0.000 0.000 0.000 0.000 0.000 0.000 0.000 0.000 0.000 0.000 0.000 0.000 0.000 0.000 0.000 0.000 0.000 0.000 0.000 0.000 0.000 0.000 0.000 0.000 0.000 0.000 0.000 0.000 0.000 0.000 0.000 0.000
0.599 0.621 0.639 0.643 0.635 0.608 0.571 0.538 0.508 0.478 0.441 0.378 0.282 0.198 0.145 0.105 0.070 0.045 0.030 0.021 0.017 0.014 0.011 0.010 0.009 0.008 0.007 0.006 0.005 0.005 0.004 0.003 0.003 0.002 0.002 0.001 0.001 0.000 0.000 0.000 0.000 0.000 0.000 0.000 0.000 0.000 0.000 0.000 0.000 0.000 0.000 0.000 0.000 0.000 0.000 0.000 0.000 0.000 0.000 0.000 0.000 0.000 0.000 0.000 0.000 0.000 0.000 0.000 0.000 0.000 0.000 0.000 0.000 0.000 0.000 0.000 0.000
0.217 0.224 0.230 0.231 0.227 0.211 0.186 0.165 0.149 0.135 0.122 0.104 0.080 0.059 0.045 0.035 0.026 0.020 0.016 0.013 0.011 0.009 0.008 0.007 0.006 0.006 0.005 0.004 0.004 0.003 0.003 0.002 0.002 0.002 0.001 0.001 0.000 0.000 0.000 0.000 0.000 0.000 0.000 0.000 0.000 0.000 0.000 0.000 0.000 0.000 0.000 0.000 0.000 0.000 0.000 0.000 0.000 0.000 0.000 0.000 0.000 0.000 0.000 0.000 0.000 0.000 0.000 0.000 0.000 0.000 0.000 0.000 0.000 0.000 0.000 0.000 0.000
0.079 0.082 0.084 0.084 0.082 0.075 0.064 0.055 0.049 0.045 0.040 0.036 0.030 0.024 0.020 0.017 0.014 0.012 0.010 0.009 0.008 0.007 0.006 0.005 0.005 0.004 0.004 0.003 0.003 0.002 0.002 0.002 0.002 0.001 0.001 0.000 0.000 0.000 0.000 0.000 0.000 0.000 0.000 0.000 0.000 0.000 0.000 0.000 0.000 0.000 0.000 0.000 0.000 0.000 0.000 0.000 0.000 0.000 0.000 0.000 0.000 0.000 0.000 0.000 0.000 0.000 0.000 0.000 0.000 0.000 0.000 0.000 0.000 0.000 0.000 0.000 0.000
0.033 0.033 0.034 0.034 0.033 0.030 0.026 0.023 0.021 0.020 0.018 0.017 0.015 0.013 0.012 0.010 0.009 0.008 0.007 0.006 0.005 0.005 0.004 0.004 0.003 0.003 0.002 0.002 0.002 0.002 0.002 0.001 0.001 0.001 0.001 0.000 0.000 0.000 0.000 0.000 0.000 0.000 0.000 0.000 0.000 0.000 0.000 0.000 0.000 0.000 0.000 0.000 0.000 0.000 0.000 0.000 0.000 0.000 0.000 0.000 0.000 0.000 0.000 0.000 0.000 0.000 0.000 0.000 0.000 0.000 0.000 0.000 0.000 0.000 0.000 0.000 0.000
0.016 0.016 0.016 0.016 0.016 0.015 0.013 0.012 0.011 0.011 0.010 0.010 0.009 0.008 0.008 0.007 0.006 0.005 0.005 0.004 0.004 0.003 0.003 0.002 0.002 0.002 0.002 0.002 0.001 0.001 0.001 0.001 0.001 0.001 0.001 0.000 0.000 0.000 0.000 0.000 0.000 0.000 0.000 0.000 0.000 0.000 0.000 0.000 0.000 0.000 0.000 0.000 0.000 0.000 0.000 0.000 0.000 0.000 0.000 0.000 0.000 0.000 0.000 0.000 0.000 0.000 0.000 0.000 0.000 0.000 0.000 0.000 0.000 0.000 0.000 0.000 0.000
0.009 0.009 0.009 0.009 0.009 0.009 0.008 0.007 0.007 0.007 0.007 0.006 0.006 0.006 0.005 0.004 0.004 0.004 0.003 0.003 0.002 0.002 0.002 0.002 0.001 0.001 0.001 0.001 0.001 0.001 0.001 0.001 0.001 0.001 0.000 0.000 0.000 0.000 0.000 0.000 0.000 0.000 0.000 0.000 0.000 0.000 0.000 0.000 0.000 0.000 0.000 0.000 0.000 0.000 0.000 0.000 0.000 0.000 0.000 0.000 0.000 0.000 0.000 0.000 0.000 0.000 0.000 0.000 0.000 0.000 0.000 0.000 0.000 0.000 0.000 0.000 0.000
0.006 0.006 0.006 0.006 0.006 0.005 0.005 0.005 0.005 0.005 0.004 0.004 0.004 0.004 0.003 0.003 0.003 0.002 0.002 0.002 0.002 0.001 0.001 0.001 0.001 0.001 0.001 0.001 0.001 0.001 0.001 0.001 0.001 0.001 0.000 0.000 0.000 0.000 0.000 0.000 0.000 0.000 0.000 0.000 0.000 0.000 0.000 0.000 0.000 0.000 0.000 0.000 0.000 0.000 0.000 0.000 0.000 0.000 0.000 0.000 0.000 0.000 0.000 0.000 0.000 0.000 0.000 0.000 0.000 0.000 0.000 0.000 0.000 0.000 0.000 0.000 0.000
0.004 0.004 0.004 0.004 0.004 0.004 0.004 0.003 0.003 0.003 0.003 0.003 0.003 0.002 0.002 0.002 0.002 0.001 0.001 0.001 0.001 0.001 0.001 0.001 0.001 0.001 0.002 0.002 0.002 0.002 0.002 0.001 0.001 0.001 0.000 0.000 0.000 0.000 0.000 0.000 0.000 0.000 0.000 0.000 0.000 0.000 0.000 0.000 0.000 0.000 0.000 0.000 0.000 0.000 0.000 0.000 0.000 0.000 0.000 0.000 0.000 0.000 0.000 0.000 0.000 0.000 0.000 0.000 0.000 0.000 0.000 0.000 0.000 0.000 0.000 0.000 0.000
0.002 0.002 0.003 0.003 0.003 0.003 0.002 0.002 0.002 0.002 0.002 0.002 0.002 0.001 0.001 0.001 0.001 0.001 0.001 0.001 0.001 0.001 0.001 0.001 0.001 0.002 0.002 0.002 0.002 0.002 0.002 0.001 0.001 0.000 0.000 0.000 0.000 0.000 0.000 0.000 0.000 0.000 0.000 0.000 0.000 0.000 0.000 0.000 0.000 0.000 0.000 0.000 0.000 0.000 0.000 0.000 0.000 0.000 0.000 0.000 0.000 0.000 0.000 0.000 0.000 0.000 0.000 0.000 0.000 0.000 0.000 0.000 0.000 0.000 0.000 0.000 0.000
0.001 0.002 0.002 0.002 0.002 0.002 0.002 0.002 0.002 0.001 0.001 0.001 0.001 0.001 0.001 0.001 0.001 0.001 0.001 0.001 0.001 0.001 0.001 0.002 0.002 0.002 0.002 0.002 0.002 0.002 0.002 0.001 0.001 0.000 0.000 0.000 0.000 0.000 0.000 0.000 0.000 0.000 0.000 0.000 0.000 0.000 0.000 0.000 0.000 0.000 0.000 0.000 0.000 0.000 0.000 0.000 0.000 0.000 0.000 0.000 0.000 0.000 0.000 0.000 0.000 0.000 0.000 0.000 0.000 0.000 0.000 0.000 0.000 0.000 0.000 0.000 0.000
0.001 0.001 0.001 0.001 0.001 0.001 0.001 0.001 0.001 0.001 0.001 0.001 0.001 0.001 0.001 0.001 0.001 0.001 0.001 0.001 0.001 0.002 0.002 0.002 0.002 0.003 0.003 0.002 0.002 0.002 0.001 0.001 0.001 0.000 0.000 0.000 0.000 0.000 0.000 0.000 0.000 0.000 0.000 0.000 0.000 0.000 0.000 0.000 0.000 0.000 0.000 0.000 0.000 0.000 0.000 0.000 0.000 0.000 0.000 0.000 0.000 0.000 0.000 0.000 0.000 0.000 0.000 0.000 0.000 0.000 0.000 0.000 0.000 0.000 0.000 0.000 0.000
0.000 0.001 0.001 0.001 0.001 0.001 0.001 0.001 0.001 0.001 0.001 0.001 0.001 0.001 0.001 0.001 0.001 0.001 0.001 0.001 0.002 0.002 0.002 0.002 0.002 0.002 0.002 0.002 0.002 0.002 0.001 0.001 0.000 0.000 0.000 0.000 0.000 0.000 0.000 0.000 0.000 0.000 0.000 0.000 0.000 0.000 0.000 0.000 0.000 0.000 0.000 0.000 0.000 0.000 0.000 0.000 0.000 0.000 0.000 0.000 0.000 0.000 0.000 0.000 0.000 0.000 0.000 0.000 0.000 0.000 0.000 0.000 0.000 0.000 0.000 0.000 0.000
0.000 0.000 0.000 0.000 0.000 0.001 0.001 0.001 0.001 0.001 0.001 0.001 0.001 0.001 0.001 0.001 0.001 0.001 0.001 0.001 0.002 0.002 0.002 0.002 0.002 0.002 0.002 0.002 0.002 0.001 0.001 0.000 0.000 0.000 0.000 0.000 0.000 0.000 0.000 0.000 0.000 0.000 0.000 0.000 0.000 0.000 0.000 0.000 0.000 0.000 0.000 0.000 0.000 0.000 0.000 0.000 0.000 0.000 0.000 0.000 0.000 0.000 0.000 0.000 0.000 0.000 0.000 0.000 0.000 0.000 0.000 0.000 0.000 0.000 0.000 0.000 0.000
0.000 0.000 0.000 0.000 0.000 0.000 0.000 0.000 0.000 0.000 0.000 0.000 0.000 0.000 0.001 0.001 0.001 0.001 0.001 0.001 0.002 0.002 0.002 0.002 0.002 0.002 0.002 0.001 0.001 0.001 0.000 0.000 0.000 0.000 0.000 0.000 0.000 0.000 0.000 0.000 0.000 0.000 0.000 0.000 0.000 0.000 0.000 0.000 0.000 0.000 0.000 0.000 0.000 0.000 0.000 0.000 0.000 0.000 0.000 0.000 0.000 0.000 0.000 0.000 0.000 0.000 0.000 0.000 0.000 0.000 0.000 0.000 0.000 0.000 0.000 0.000 0.000
0.000 0.000 0.000 0.000 0.000 0.000 0.000 0.000 0.000 0.000 0.000 0.000 0.000 0.000 0.000 0.000 0.001 0.001 0.001 0.001 0.001 0.001 0.001 0.001 0.001 0.001 0.001 0.001 0.001 0.000 0.000 0.000 0.000 0.000 0.000 0.000 0.000 0.000 0.000 0.000 0.000 0.000 0.000 0.000 0.000 0.000 0.000 0.000 0.000 0.000 0.000 0.000 0.000 0.000 0.000 0.000 0.000 0.000 0.000 0.000 0.000 0.000 0.000 0.000 0.000 0.000 0.000 0.000 0.000 0.000 0.000 0.000 0.000 0.000 0.000 0.000 0.000
0.000 0.000 0.000 0.000 0.000 0.000 0.000 0.000 0.000 0.000 0.000 0.000 0.000 0.000 0.000 0.000 0.000 0.000 0.001 0.001 0.001 0.001 0.001 0.001 0.001 0.001 0.001 0.001 0.000 0.000 0.000 0.000 0.000 0.000 0.000 0.000 0.000 0.000 0.000 0.000 0.000 0.000 0.000 0.000 0.000 0.000 0.000 0.000 0.000 0.000 0.000 0.000 0.000 0.000 0.000 0.000 0.000 0.000 0.000 0.000 0.000 0.000 0.000 0.000 0.000 0.000 0.000 0.000 0.000 0.000 0.000 0.000 0.000 0.000 0.000 0.000 0.000
