RESULTS/r.avaflow_results/12_results/12_ascii/12_hflow10007.asc
ncols 506
nrows 317
xllcenter 498237.50
yllcenter 5580050.00
cellsize 12.50
NODATA_value -9999.000
[rows 170 to 203 of 317, columns 77 to 153 of 506]
0.000 0.000 0.000 0.000 0.000 0.000 0.000 0.000 0.000 0.000 0.000 0.000 0.000 0.000 0.000 0.000 0.000 0.000 0.000 0.000 0.000 0.000 0.000 0.000 0.000 0.000 0.000 0.000 0.000 0.000 0.000 0.000 0.000 0.000 0.000 0.000 0.000 0.000 0.000 0.001 0.004 0.014 0.044 0.119 0.259 0.475 0.772 1.158 1.528 1.820 2.123 2.597 3.567 5.380 7.279 8.456 9.363 10.316 11.258 11.821 11.987 11.875 11.319 9.853 7.778 5.976 4.636 3.642 2.873 2.245 1.718 1.288 0.939 0.659 0.445 0.292 0.189
0.000 0.000 0.000 0.000 0.000 0.000 0.000 0.000 0.000 0.000 0.000 0.000 0.000 0.000 0.000 0.000 0.000 0.000 0.000 0.000 0.000 0.000 0.000 0.000 0.000 0.000 0.000 0.000 0.000 0.000 0.000 0.000 0.000 0.000 0.000 0.000 0.001 0.001 0.002 0.004 0.011 0.035 0.106 0.259 0.521 0.908 1.440 2.123 2.784 3.317 3.841 4.554 5.739 7.360 8.721 9.625 10.392 11.309 12.492 13.247 13.499 13.423 12.973 11.703 9.648 7.546 5.989 4.807 3.879 3.114 2.464 1.905 1.425 1.020 0.705 0.475 0.317
0.000 0.000 0.000 0.000 0.000 0.000 0.000 0.000 0.000 0.000 0.000 0.000 0.000 0.000 0.000 0.000 0.000 0.000 0.000 0.000 0.000 0.000 0.000 0.000 0.000 0.000 0.000 0.000 0.000 0.001 0.002 0.002 0.002 0.002 0.002 0.002 0.003 0.003 0.005 0.011 0.028 0.087 0.234 0.519 0.972 1.632 2.531 3.654 4.740 5.632 6.418 7.255 8.198 8.969 9.515 10.045 10.684 11.630 12.997 13.956 14.296 14.246 13.938 13.062 11.512 9.466 7.697 6.337 5.255 4.349 3.540 2.792 2.110 1.529 1.080 0.753 0.522
0.000 0.000 0.000 0.000 0.000 0.000 0.000 0.000 0.000 0.000 0.000 0.000 0.000 0.000 0.000 0.000 0.000 0.000 0.000 0.000 0.000 0.000 0.000 0.000 0.000 0.000 0.000 0.001 0.002 0.004 0.006 0.007 0.007 0.007 0.007 0.007 0.007 0.009 0.013 0.025 0.067 0.192 0.472 0.961 1.715 2.809 4.271 5.986 7.550 8.816 9.756 10.371 10.671 10.474 10.059 10.112 10.543 11.451 12.893 14.050 14.492 14.479 14.266 13.747 12.790 11.292 9.671 8.250 7.052 5.989 4.975 3.985 3.029 2.207 1.587 1.147 0.836
0.000 0.000 0.000 0.000 0.000 0.000 0.000 0.000 0.000 0.000 0.000 0.000 0.000 0.000 0.000 0.000 0.000 0.000 0.000 0.000 0.000 0.000 0.000 0.000 0.001 0.001 0.003 0.004 0.006 0.009 0.013 0.016 0.017 0.017 0.016 0.016 0.017 0.020 0.028 0.053 0.138 0.380 0.875 1.682 2.920 4.696 6.967 9.184 10.944 12.164 12.882 13.100 12.837 11.884 10.551 9.974 10.015 10.614 12.017 13.558 14.248 14.333 14.199 13.882 13.288 12.295 10.985 9.587 8.271 7.072 5.977 4.969 4.002 3.081 2.290 1.704 1.299
0.000 0.000 0.000 0.000 0.000 0.000 0.000 0.000 0.000 0.000 0.000 0.000 0.000 0.000 0.000 0.000 0.000 0.000 0.000 0.000 0.000 0.000 0.000 0.001 0.004 0.010 0.015 0.019 0.022 0.025 0.030 0.033 0.034 0.034 0.033 0.033 0.034 0.039 0.056 0.102 0.255 0.680 1.517 2.846 4.839 7.596 10.344 12.415 13.892 14.865 15.323 15.344 14.794 13.306 11.214 9.946 9.583 9.734 10.678 12.375 13.466 13.747 13.797 13.670 13.266 12.511 11.451 10.141 8.743 7.467 6.354 5.409 4.589 3.830 3.127 2.482 1.965
0.000 0.000 0.000 0.000 0.000 0.000 0.000 0.000 0.000 0.000 0.000 0.000 0.000 0.000 0.000 0.000 0.000 0.000 0.000 0.000 0.000 0.000 0.002 0.007 0.022 0.054 0.080 0.090 0.092 0.089 0.080 0.073 0.069 0.067 0.064 0.063 0.065 0.075 0.104 0.182 0.428 1.117 2.488 4.627 7.638 10.884 13.277 14.916 16.152 16.997 17.284 17.166 16.474 14.910 12.472 10.422 9.514 9.401 9.801 11.047 12.244 12.683 12.838 12.877 12.725 12.174 11.213 9.933 8.556 7.338 6.303 5.456 4.766 4.190 3.714 3.257 2.815
0.000 0.000 0.000 0.000 0.000 0.000 0.000 0.000 0.000 0.000 0.000 0.000 0.000 0.000 0.000 0.000 0.000 0.000 0.000 0.000 0.000 0.002 0.008 0.028 0.087 0.220 0.337 0.378 0.379 0.350 0.277 0.200 0.158 0.137 0.127 0.124 0.127 0.144 0.191 0.313 0.671 1.684 3.697 6.638 10.234 13.284 15.364 16.778 17.863 18.623 18.851 18.658 17.826 16.290 14.020 11.477 9.876 9.388 9.435 9.993 10.838 11.199 11.284 11.177 10.808 10.014 8.867 7.574 6.451 5.655 5.079 4.678 4.409 4.153 3.916 3.700 3.491
0.000 0.000 0.000 0.000 0.000 0.000 0.000 0.000 0.000 0.000 0.000 0.000 0.000 0.000 0.000 0.000 0.000 0.000 0.000 0.000 0.002 0.007 0.025 0.085 0.276 0.708 1.099 1.247 1.259 1.171 0.942 0.642 0.441 0.334 0.284 0.267 0.267 0.290 0.362 0.542 1.010 2.242 4.639 8.015 11.703 14.553 16.539 17.958 19.011 19.719 19.940 19.728 18.839 17.324 15.297 12.785 10.738 9.702 9.321 9.223 9.291 9.153 8.751 7.899 6.542 5.025 3.686 2.821 2.383 2.194 2.186 2.387 2.816 3.309 3.628 3.750 3.790
0.000 0.000 0.000 0.000 0.000 0.000 0.000 0.000 0.000 0.000 0.000 0.000 0.000 0.000 0.000 0.000 0.000 0.000 0.000 0.001 0.005 0.017 0.058 0.208 0.701 1.799 2.755 3.085 3.125 2.970 2.531 1.849 1.263 0.905 0.717 0.636 0.614 0.632 0.721 0.960 1.514 2.783 5.191 8.579 12.070 14.817 16.815 18.334 19.475 20.184 20.387 20.168 19.292 17.859 16.052 13.848 11.741 10.312 9.339 8.614 7.924 7.082 5.890 4.272 2.648 1.552 1.013 0.808 0.731 0.712 0.719 0.792 1.041 1.602 2.380 3.112 3.603
0.000 0.000 0.000 0.000 0.000 0.000 0.000 0.000 0.000 0.000 0.000 0.000 0.000 0.000 0.000 0.000 0.000 0.000 0.001 0.003 0.011 0.034 0.106 0.335 1.064 2.891 4.893 5.709 5.825 5.667 5.134 4.138 3.027 2.242 1.767 1.516 1.409 1.394 1.462 1.706 2.272 3.429 5.500 8.549 11.840 14.508 16.508 18.122 19.369 20.110 20.288 20.078 19.282 17.985 16.362 14.315 12.213 10.579 9.256 8.068 6.866 5.525 3.865 2.221 1.114 0.632 0.503 0.465 0.443 0.431 0.428 0.432 0.466 0.594 0.914 1.533 2.357
0.000 0.000 0.000 0.000 0.000 0.000 0.000 0.000 0.000 0.000 0.000 0.000 0.000 0.000 0.000 0.000 0.000 0.000 0.001 0.006 0.019 0.057 0.161 0.435 1.184 3.164 6.064 7.792 8.439 8.504 8.144 7.136 5.678 4.481 3.679 3.166 2.879 2.760 2.757 2.904 3.342 4.245 5.820 8.247 11.164 13.662 15.622 17.303 18.651 19.415 19.595 19.422 18.870 17.819 16.361 14.345 12.239 10.509 9.000 7.513 5.948 4.226 2.472 1.197 0.584 0.422 0.397 0.383 0.361 0.342 0.335 0.333 0.338 0.355 0.406 0.546 0.856
0.000 0.000 0.000 0.000 0.000 0.000 0.000 0.000 0.000 0.000 0.000 0.000 0.000 0.000 0.000 0.000 0.000 0.001 0.003 0.011 0.032 0.089 0.234 0.563 1.304 3.135 6.336 8.918 10.235 10.658 10.573 9.948 8.643 7.185 6.166 5.435 4.932 4.632 4.505 4.511 4.707 5.269 6.372 8.213 10.659 12.817 14.551 16.086 17.311 17.930 18.122 17.926 17.516 16.717 15.565 13.781 11.785 9.986 8.341 6.667 4.826 2.915 1.413 0.627 0.384 0.353 0.351 0.341 0.315 0.290 0.277 0.271 0.269 0.275 0.302 0.357 0.424
0.000 0.000 0.000 0.000 0.000 0.000 0.000 0.000 0.000 0.000 0.000 0.000 0.000 0.000 0.000 0.000 0.000 0.001 0.006 0.018 0.051 0.138 0.344 0.765 1.537 3.096 6.026 9.218 11.191 12.208 12.542 12.352 11.549 10.189 8.929 7.983 7.265 6.743 6.434 6.318 6.342 6.636 7.402 8.736 10.639 12.471 13.849 14.940 15.618 15.833 15.629 14.868 14.142 13.554 12.823 11.666 10.185 8.573 6.919 5.068 3.131 1.555 0.667 0.363 0.319 0.322 0.321 0.310 0.282 0.256 0.238 0.228 0.223 0.224 0.245 0.301 0.348
0.000 0.000 0.000 0.000 0.000 0.000 0.000 0.000 0.000 0.000 0.000 0.000 0.000 0.000 0.000 0.000 0.001 0.003 0.010 0.030 0.082 0.212 0.501 1.043 1.877 3.098 5.355 8.736 11.474 13.035 13.866 14.097 13.815 12.993 11.834 10.723 9.786 9.029 8.510 8.248 8.208 8.410 9.085 10.211 11.366 12.463 13.354 13.852 13.820 13.125 11.267 8.638 7.048 6.817 7.095 7.174 6.723 5.788 4.452 2.796 1.423 0.615 0.318 0.278 0.292 0.300 0.298 0.283 0.255 0.231 0.213 0.201 0.196 0.195 0.208 0.252 0.283
0.000 0.000 0.000 0.000 0.000 0.000 0.000 0.000 0.000 0.000 0.000 0.000 0.000 0.000 0.000 0.000 0.001 0.005 0.017 0.050 0.134 0.325 0.707 1.342 2.202 3.205 4.638 7.438 11.019 13.281 14.586 15.358 15.563 15.301 14.541 13.529 12.503 11.600 10.903 10.487 10.353 10.494 11.041 11.820 12.327 12.620 12.830 12.601 11.528 8.781 5.275 2.676 1.612 1.544 1.973 2.535 2.716 2.518 1.923 1.053 0.471 0.245 0.216 0.245 0.272 0.278 0.275 0.258 0.231 0.212 0.196 0.185 0.180 0.181 0.192 0.223 0.239
0.000 0.000 0.000 0.000 0.000 0.000 0.000 0.000 0.000 0.000 0.000 0.000 0.000 0.000 0.000 0.000 0.002 0.009 0.030 0.088 0.225 0.503 0.984 1.674 2.502 3.389 4.355 6.073 9.558 12.919 14.671 15.791 16.421 16.494 16.190 15.583 14.781 14.049 13.449 12.962 12.602 12.439 12.546 12.691 12.661 12.499 11.953 10.475 7.339 3.947 1.900 0.929 0.516 0.383 0.373 0.540 0.654 0.665 0.538 0.295 0.181 0.166 0.188 0.226 0.245 0.250 0.248 0.232 0.208 0.193 0.182 0.174 0.171 0.173 0.187 0.210 0.217
0.000 0.000 0.000 0.000 0.000 0.000 0.000 0.000 0.000 0.000 0.000 0.000 0.000 0.000 0.000 0.001 0.004 0.015 0.051 0.150 0.372 0.776 1.372 2.084 2.823 3.601 4.463 5.509 7.779 11.556 14.339 15.834 16.845 17.243 17.215 16.912 16.475 15.984 15.421 14.821 14.262 13.757 13.366 12.989 12.592 11.849 9.893 6.520 3.234 1.599 0.900 0.553 0.366 0.257 0.197 0.172 0.168 0.164 0.159 0.138 0.136 0.149 0.180 0.208 0.217 0.217 0.212 0.201 0.185 0.174 0.168 0.164 0.163 0.166 0.182 0.203 0.206
0.000 0.000 0.000 0.000 0.000 0.000 0.000 0.000 0.000 0.000 0.000 0.000 0.000 0.000 0.000 0.001 0.007 0.026 0.088 0.251 0.597 1.179 1.880 2.539 3.171 3.845 4.643 5.551 6.722 9.351 12.925 15.412 16.849 17.597 17.844 17.791 17.580 17.134 16.572 15.910 15.195 14.409 13.625 12.868 11.778 9.382 5.825 2.878 1.507 0.945 0.651 0.459 0.324 0.230 0.171 0.140 0.125 0.120 0.118 0.119 0.124 0.140 0.174 0.195 0.198 0.195 0.181 0.163 0.153 0.149 0.148 0.148 0.151 0.158 0.176 0.192 0.196
0.000 0.000 0.000 0.000 0.000 0.000 0.000 0.000 0.000 0.000 0.000 0.000 0.000 0.000 0.001 0.003 0.012 0.044 0.146 0.407 0.936 1.739 2.469 3.032 3.565 4.176 4.961 5.839 6.607 7.705 10.331 13.759 16.298 17.645 18.212 18.339 18.243 17.751 17.045 16.325 15.552 14.632 13.382 11.560 8.575 5.067 2.593 1.506 1.025 0.756 0.563 0.410 0.294 0.211 0.158 0.129 0.116 0.111 0.110 0.112 0.119 0.136 0.165 0.183 0.187 0.183 0.166 0.140 0.125 0.117 0.115 0.118 0.129 0.146 0.170 0.183 0.187
0.000 0.000 0.000 0.000 0.000 0.000 0.000 0.000 0.000 0.000 0.000 0.000 0.000 0.000 0.001 0.005 0.020 0.072 0.228 0.618 1.396 2.413 3.120 3.624 4.120 4.725 5.468 6.217 6.831 7.341 8.294 10.702 14.060 16.682 17.953 18.277 18.218 17.719 16.920 16.143 15.186 13.623 10.907 7.316 4.124 2.403 1.611 1.156 0.863 0.656 0.499 0.370 0.268 0.194 0.147 0.121 0.109 0.105 0.104 0.105 0.114 0.136 0.162 0.175 0.180 0.177 0.158 0.129 0.111 0.101 0.096 0.093 0.098 0.120 0.154 0.171 0.174
0.000 0.000 0.000 0.000 0.000 0.000 0.000 0.000 0.000 0.000 0.000 0.000 0.000 0.000 0.002 0.008 0.031 0.109 0.335 0.877 1.925 3.117 3.855 4.364 4.885 5.558 6.159 6.645 7.051 7.354 7.662 8.383 10.392 13.391 15.355 15.895 15.877 15.414 14.509 13.244 11.350 8.523 5.503 3.307 2.242 1.696 1.289 0.974 0.737 0.564 0.432 0.327 0.240 0.177 0.137 0.113 0.101 0.097 0.096 0.098 0.110 0.137 0.163 0.174 0.176 0.171 0.151 0.122 0.105 0.095 0.089 0.085 0.085 0.096 0.118 0.130 0.134
0.000 0.000 0.000 0.000 0.000 0.000 0.000 0.000 0.000 0.000 0.000 0.000 0.000 0.001 0.003 0.012 0.046 0.155 0.461 1.171 2.488 3.861 4.694 5.283 5.865 6.559 7.034 7.271 7.412 7.399 7.409 7.530 7.940 8.922 9.487 9.062 8.570 8.076 7.327 6.263 5.041 3.699 2.729 2.124 1.712 1.364 1.045 0.784 0.593 0.455 0.350 0.265 0.196 0.148 0.118 0.101 0.092 0.090 0.090 0.094 0.107 0.137 0.164 0.173 0.174 0.166 0.141 0.116 0.102 0.092 0.085 0.082 0.081 0.086 0.100 0.106 0.108
0.000 0.000 0.000 0.000 0.000 0.000 0.000 0.000 0.000 0.000 0.000 0.000 0.000 0.001 0.003 0.015 0.061 0.207 0.604 1.498 3.114 4.760 5.747 6.429 7.044 7.560 7.840 7.892 7.760 7.436 7.156 6.984 6.839 6.455 5.467 4.334 3.816 3.593 3.414 3.198 2.927 2.548 2.103 1.715 1.404 1.118 0.848 0.630 0.472 0.359 0.277 0.211 0.156 0.115 0.093 0.083 0.080 0.080 0.081 0.088 0.105 0.138 0.163 0.171 0.170 0.156 0.127 0.106 0.095 0.088 0.082 0.079 0.078 0.081 0.090 0.095 0.097
0.000 0.000 0.000 0.000 0.000 0.000 0.000 0.000 0.000 0.000 0.000 0.000 0.000 0.001 0.004 0.018 0.074 0.258 0.756 1.852 3.786 5.803 7.030 7.712 8.135 8.380 8.448 8.307 7.911 7.375 6.861 6.380 5.834 4.928 3.829 3.177 2.930 2.824 2.734 2.611 2.417 2.128 1.745 1.426 1.174 0.925 0.695 0.508 0.377 0.290 0.226 0.174 0.130 0.098 0.079 0.069 0.065 0.064 0.066 0.075 0.097 0.131 0.148 0.151 0.146 0.127 0.101 0.089 0.084 0.080 0.078 0.076 0.075 0.077 0.083 0.088 0.090
0.000 0.000 0.000 0.000 0.000 0.000 0.000 0.000 0.000 0.000 0.000 0.000 0.000 0.001 0.004 0.022 0.089 0.313 0.921 2.239 4.511 6.805 8.112 8.705 8.940 8.996 8.863 8.469 7.860 7.172 6.424 5.558 4.541 3.538 2.960 2.732 2.633 2.569 2.485 2.343 2.124 1.819 1.478 1.216 1.005 0.793 0.587 0.425 0.313 0.240 0.187 0.143 0.107 0.081 0.065 0.057 0.054 0.052 0.052 0.057 0.076 0.103 0.115 0.117 0.114 0.099 0.084 0.079 0.077 0.076 0.075 0.075 0.074 0.074 0.078 0.083 0.086
0.000 0.000 0.000 0.000 0.000 0.000 0.000 0.000 0.000 0.000 0.000 0.000 0.000 0.001 0.006 0.028 0.114 0.395 1.137 2.697 5.235 7.579 8.830 9.300 9.389 9.309 9.001 8.416 7.630 6.726 5.595 4.254 3.246 2.769 2.574 2.502 2.455 2.392 2.292 2.125 1.873 1.548 1.268 1.069 0.890 0.698 0.504 0.356 0.259 0.197 0.154 0.119 0.090 0.069 0.056 0.049 0.046 0.045 0.045 0.050 0.065 0.086 0.096 0.098 0.095 0.083 0.075 0.072 0.072 0.073 0.074 0.074 0.074 0.073 0.075 0.080 0.084
0.000 0.000 0.000 0.000 0.000 0.000 0.000 0.000 0.000 0.000 0.000 0.000 0.001 0.002 0.010 0.043 0.163 0.535 1.462 3.286 5.905 7.968 9.036 9.449 9.524 9.399 8.954 8.176 7.071 5.581 4.058 2.938 2.487 2.403 2.394 2.369 2.328 2.252 2.114 1.903 1.616 1.319 1.111 0.959 0.813 0.636 0.447 0.313 0.226 0.171 0.132 0.101 0.076 0.058 0.047 0.041 0.039 0.039 0.040 0.046 0.060 0.077 0.084 0.085 0.082 0.073 0.068 0.067 0.067 0.070 0.073 0.074 0.073 0.073 0.075 0.078 0.084
0.000 0.000 0.000 0.000 0.000 0.000 0.000 0.000 0.000 0.000 0.000 0.000 0.001 0.004 0.017 0.070 0.249 0.753 1.902 3.942 6.396 8.101 8.967 9.333 9.401 9.205 8.530 7.348 5.629 3.822 2.683 2.233 2.151 2.216 2.257 2.250 2.208 2.112 1.933 1.669 1.379 1.155 1.006 0.880 0.751 0.584 0.401 0.273 0.195 0.146 0.113 0.086 0.065 0.049 0.040 0.035 0.034 0.034 0.036 0.043 0.057 0.071 0.076 0.076 0.073 0.066 0.063 0.063 0.064 0.067 0.071 0.073 0.074 0.074 0.075 0.079 0.084
0.000 0.000 0.000 0.000 0.000 0.000 0.000 0.000 0.000 0.000 0.000 0.001 0.002 0.008 0.030 0.114 0.379 1.054 2.408 4.496 6.586 7.994 8.656 8.874 8.870 8.475 7.388 5.527 3.647 2.496 1.994 1.900 1.998 2.102 2.135 2.136 2.093 1.971 1.757 1.448 1.166 1.006 0.909 0.818 0.704 0.535 0.360 0.245 0.175 0.133 0.102 0.076 0.056 0.042 0.034 0.031 0.029 0.030 0.033 0.040 0.054 0.066 0.070 0.070 0.066 0.061 0.060 0.060 0.061 0.066 0.070 0.073 0.075 0.076 0.078 0.081 0.085
0.000 0.000 0.000 0.000 0.000 0.000 0.000 0.000 0.000 0.000 0.001 0.002 0.006 0.017 0.056 0.184 0.557 1.416 2.928 4.888 6.561 7.623 8.057 8.105 7.868 7.120 5.582 3.671 2.415 1.834 1.680 1.739 1.929 2.039 2.056 2.038 1.967 1.822 1.570 1.240 1.017 0.910 0.840 0.766 0.658 0.488 0.320 0.215 0.154 0.117 0.090 0.068 0.050 0.037 0.030 0.027 0.026 0.027 0.030 0.038 0.052 0.062 0.065 0.064 0.060 0.057 0.056 0.057 0.059 0.065 0.070 0.073 0.075 0.077 0.079 0.082 0.084
0.000 0.000 0.000 0.000 0.000 0.000 0.000 0.000 0.000 0.001 0.003 0.006 0.014 0.036 0.101 0.288 0.779 1.784 3.380 5.108 6.359 7.022 7.206 7.153 6.740 5.696 4.006 2.532 1.761 1.508 1.507 1.673 1.905 1.990 1.996 1.955 1.848 1.645 1.337 1.033 0.879 0.816 0.771 0.716 0.614 0.444 0.286 0.192 0.137 0.104 0.080 0.060 0.044 0.032 0.027 0.024 0.024 0.024 0.028 0.037 0.050 0.057 0.059 0.059 0.055 0.053 0.054 0.055 0.058 0.064 0.070 0.073 0.075 0.077 0.078 0.077 0.074
0.000 0.000 0.000 0.000 0.000 0.000 0.000 0.000 0.001 0.003 0.006 0.014 0.031 0.070 0.170 0.423 1.007 2.121 3.747 5.176 6.059 6.462 6.540 6.405 5.802 4.475 2.832 1.823 1.409 1.324 1.386 1.621 1.870 1.947 1.943 1.891 1.746 1.484 1.137 0.888 0.783 0.746 0.717 0.668 0.569 0.401 0.252 0.169 0.122 0.092 0.070 0.053 0.038 0.029 0.024 0.022 0.021 0.022 0.027 0.036 0.048 0.053 0.055 0.053 0.051 0.050 0.051 0.053 0.058 0.063 0.069 0.073 0.074 0.073 0.070 0.062 0.049
0.000 0.000 0.000 0.000 0.000 0.000 0.000 0.001 0.003 0.007 0.014 0.029 0.059 0.121 0.260 0.574 1.226 2.426 4.049 5.204 5.788 6.013 6.030 5.772 4.901 3.307 1.996 1.394 1.205 1.197 1.312 1.603 1.835 1.906 1.902 1.822 1.626 1.304 0.970 0.779 0.708 0.688 0.671 0.626 0.524 0.357 0.221 0.148 0.108 0.082 0.063 0.047 0.034 0.025 0.021 0.020 0.020 0.021 0.026 0.037 0.046 0.050 0.051 0.048 0.047 0.047 0.049 0.052 0.057 0.061 0.065 0.067 0.067 0.063 0.052 0.038 0.025
