RESULTS/r.avaflow_results/12_results/12_ascii/12_hflow10054.asc
ncols 506
nrows 317
xllcenter 498237.50
yllcenter 5580050.00
cellsize 12.50
NODATA_value -9999.000
[rows 170 to 203 of 317, columns 154 to 230 of 506]
1.932 1.731 1.557 1.406 1.270 1.147 1.032 0.924 0.824 0.729 0.641 0.561 0.486 0.418 0.355 0.298 0.247 0.201 0.160 0.124 0.093 0.067 0.048 0.034 0.025 0.019 0.015 0.013 0.012 0.012 0.011 0.011 0.011 0.010 0.010 0.010 0.010 0.011 0.010 0.010 0.010 0.009 0.009 0.008 0.008 0.007 0.006 0.005 0.004 0.004 0.003 0.002 0.002 0.002 0.002 0.001 0.001 0.001 0.001 0.001 0.001 0.001 0.001 0.001 0.001 0.001 0.001 0.002 0.002 0.002 0.002 0.002 0.002 0.001 0.001 0.000 0.000
2.068 1.873 1.697 1.537 1.387 1.248 1.116 0.993 0.880 0.776 0.681 0.595 0.518 0.447 0.384 0.327 0.277 0.232 0.191 0.154 0.121 0.092 0.068 0.049 0.036 0.027 0.021 0.017 0.014 0.013 0.013 0.012 0.012 0.011 0.011 0.011 0.011 0.011 0.011 0.010 0.010 0.009 0.008 0.008 0.007 0.006 0.005 0.004 0.003 0.002 0.002 0.001 0.001 0.001 0.001 0.001 0.001 0.001 0.001 0.001 0.001 0.001 0.001 0.001 0.001 0.001 0.001 0.001 0.001 0.001 0.002 0.002 0.001 0.001 0.001 0.000 0.000
2.165 1.972 1.789 1.617 1.452 1.299 1.157 1.026 0.908 0.800 0.702 0.614 0.534 0.463 0.399 0.342 0.291 0.246 0.206 0.170 0.138 0.109 0.084 0.064 0.047 0.035 0.026 0.020 0.016 0.014 0.013 0.012 0.012 0.011 0.011 0.011 0.011 0.010 0.010 0.010 0.009 0.008 0.007 0.006 0.005 0.004 0.003 0.002 0.002 0.001 0.001 0.001 0.001 0.001 0.001 0.001 0.001 0.001 0.001 0.001 0.001 0.001 0.001 0.001 0.001 0.001 0.001 0.001 0.001 0.001 0.001 0.001 0.001 0.001 0.000 0.000 0.000
2.223 2.028 1.839 1.658 1.487 1.329 1.184 1.051 0.929 0.819 0.720 0.630 0.549 0.476 0.411 0.352 0.300 0.254 0.214 0.178 0.147 0.119 0.094 0.073 0.055 0.041 0.030 0.022 0.017 0.014 0.013 0.012 0.012 0.011 0.010 0.010 0.010 0.009 0.009 0.008 0.007 0.006 0.005 0.004 0.003 0.002 0.002 0.001 0.001 0.001 0.001 0.001 0.001 0.001 0.001 0.001 0.001 0.001 0.001 0.001 0.001 0.001 0.001 0.001 0.001 0.001 0.001 0.001 0.001 0.001 0.001 0.001 0.001 0.000 0.000 0.000 0.000
2.245 2.048 1.859 1.679 1.509 1.352 1.207 1.074 0.951 0.839 0.737 0.646 0.563 0.488 0.421 0.361 0.308 0.261 0.219 0.183 0.152 0.124 0.099 0.078 0.060 0.045 0.033 0.024 0.018 0.014 0.012 0.011 0.010 0.010 0.009 0.008 0.008 0.007 0.006 0.005 0.004 0.003 0.002 0.002 0.002 0.001 0.001 0.001 0.001 0.001 0.001 0.001 0.001 0.001 0.001 0.001 0.001 0.000 0.000 0.000 0.000 0.000 0.000 0.000 0.000 0.000 0.000 0.000 0.000 0.000 0.000 0.000 0.000 0.000 0.000 0.000 0.000
2.249 2.052 1.867 1.692 1.527 1.372 1.229 1.095 0.972 0.859 0.755 0.661 0.575 0.499 0.430 0.369 0.314 0.265 0.223 0.186 0.154 0.126 0.102 0.080 0.062 0.047 0.035 0.025 0.019 0.014 0.012 0.010 0.009 0.008 0.007 0.006 0.005 0.004 0.004 0.003 0.002 0.002 0.001 0.001 0.001 0.001 0.001 0.001 0.001 0.001 0.001 0.001 0.001 0.001 0.001 0.000 0.000 0.000 0.000 0.000 0.000 0.000 0.000 0.000 0.000 0.000 0.000 0.000 0.000 0.000 0.000 0.000 0.000 0.000 0.000 0.000 0.000
2.246 2.051 1.870 1.700 1.541 1.389 1.248 1.115 0.991 0.876 0.770 0.673 0.586 0.507 0.437 0.374 0.318 0.268 0.225 0.188 0.155 0.127 0.103 0.081 0.063 0.048 0.035 0.026 0.019 0.014 0.011 0.008 0.006 0.005 0.004 0.003 0.003 0.002 0.002 0.002 0.001 0.001 0.001 0.001 0.001 0.001 0.001 0.001 0.001 0.001 0.001 0.001 0.001 0.001 0.000 0.000 0.000 0.000 0.000 0.000 0.000 0.000 0.000 0.000 0.000 0.000 0.000 0.000 0.000 0.000 0.000 0.000 0.000 0.000 0.000 0.000 0.000
2.238 2.046 1.870 1.705 1.552 1.404 1.264 1.132 1.007 0.891 0.783 0.684 0.595 0.514 0.441 0.377 0.320 0.269 0.226 0.188 0.156 0.128 0.103 0.082 0.064 0.048 0.035 0.026 0.018 0.013 0.009 0.006 0.004 0.003 0.002 0.002 0.002 0.001 0.001 0.001 0.001 0.001 0.001 0.001 0.001 0.001 0.001 0.001 0.001 0.001 0.001 0.001 0.001 0.001 0.000 0.000 0.000 0.000 0.000 0.000 0.000 0.000 0.000 0.000 0.000 0.000 0.000 0.000 0.000 0.000 0.000 0.000 0.000 0.000 0.000 0.000 0.000
2.222 2.035 1.865 1.707 1.558 1.416 1.279 1.148 1.024 0.906 0.796 0.695 0.603 0.519 0.445 0.378 0.320 0.269 0.226 0.188 0.155 0.128 0.103 0.082 0.063 0.047 0.034 0.024 0.016 0.011 0.007 0.004 0.003 0.002 0.001 0.001 0.001 0.001 0.001 0.001 0.001 0.001 0.001 0.001 0.001 0.001 0.001 0.001 0.001 0.001 0.001 0.001 0.001 0.001 0.000 0.000 0.000 0.000 0.000 0.000 0.000 0.000 0.000 0.000 0.000 0.000 0.000 0.000 0.000 0.000 0.000 0.000 0.000 0.000 0.000 0.000 0.000
2.198 2.018 1.855 1.704 1.562 1.426 1.294 1.165 1.041 0.922 0.810 0.706 0.611 0.525 0.447 0.379 0.320 0.268 0.224 0.186 0.154 0.126 0.102 0.080 0.060 0.043 0.029 0.019 0.012 0.007 0.004 0.003 0.002 0.001 0.001 0.001 0.001 0.001 0.001 0.001 0.001 0.001 0.001 0.001 0.001 0.001 0.001 0.001 0.001 0.001 0.001 0.001 0.001 0.001 0.000 0.000 0.000 0.000 0.000 0.000 0.000 0.000 0.000 0.000 0.000 0.000 0.000 0.000 0.000 0.000 0.000 0.000 0.000 0.000 0.000 0.000 0.000
2.164 1.993 1.838 1.695 1.561 1.434 1.309 1.184 1.060 0.938 0.824 0.717 0.619 0.530 0.450 0.380 0.319 0.266 0.221 0.183 0.150 0.121 0.095 0.071 0.050 0.033 0.020 0.011 0.006 0.004 0.002 0.002 0.001 0.001 0.001 0.001 0.001 0.001 0.001 0.001 0.001 0.001 0.001 0.001 0.001 0.001 0.001 0.001 0.001 0.001 0.001 0.001 0.001 0.001 0.000 0.000 0.000 0.000 0.000 0.000 0.000 0.000 0.000 0.000 0.000 0.000 0.000 0.000 0.000 0.000 0.000 0.000 0.000 0.000 0.000 0.000 0.000
2.120 1.959 1.813 1.681 1.557 1.438 1.323 1.206 1.084 0.957 0.836 0.725 0.624 0.533 0.452 0.381 0.318 0.264 0.216 0.175 0.138 0.106 0.077 0.052 0.033 0.019 0.010 0.005 0.003 0.002 0.001 0.001 0.001 0.001 0.001 0.001 0.001 0.001 0.001 0.001 0.001 0.001 0.001 0.001 0.001 0.001 0.001 0.001 0.001 0.001 0.001 0.001 0.001 0.001 0.001 0.000 0.000 0.000 0.000 0.000 0.000 0.000 0.000 0.000 0.000 0.000 0.000 0.000 0.000 0.000 0.000 0.000 0.000 0.000 0.000 0.000 0.000
2.066 1.915 1.781 1.661 1.548 1.439 1.331 1.220 1.100 0.970 0.843 0.728 0.626 0.534 0.453 0.380 0.315 0.257 0.204 0.156 0.112 0.075 0.045 0.026 0.014 0.008 0.004 0.002 0.001 0.001 0.001 0.001 0.001 0.001 0.001 0.001 0.001 0.001 0.001 0.001 0.001 0.001 0.001 0.001 0.001 0.001 0.001 0.001 0.001 0.001 0.001 0.001 0.001 0.001 0.001 0.000 0.000 0.000 0.000 0.000 0.000 0.000 0.000 0.000 0.000 0.000 0.000 0.000 0.000 0.000 0.000 0.000 0.000 0.000 0.000 0.000 0.000
2.002 1.864 1.741 1.633 1.533 1.434 1.333 1.223 1.105 0.974 0.840 0.721 0.617 0.525 0.443 0.368 0.297 0.230 0.168 0.111 0.065 0.035 0.018 0.009 0.005 0.003 0.002 0.001 0.001 0.001 0.001 0.001 0.001 0.001 0.001 0.001 0.001 0.001 0.001 0.001 0.001 0.001 0.001 0.001 0.001 0.001 0.002 0.002 0.002 0.002 0.002 0.002 0.002 0.001 0.001 0.001 0.000 0.000 0.000 0.000 0.000 0.000 0.000 0.000 0.000 0.000 0.000 0.000 0.000 0.000 0.000 0.000 0.000 0.000 0.000 0.000 0.000
1.933 1.806 1.690 1.585 1.487 1.392 1.293 1.187 1.073 0.943 0.802 0.675 0.567 0.474 0.390 0.310 0.233 0.159 0.095 0.050 0.024 0.011 0.005 0.003 0.002 0.001 0.001 0.001 0.001 0.001 0.001 0.001 0.001 0.001 0.001 0.001 0.001 0.001 0.001 0.001 0.001 0.001 0.001 0.002 0.002 0.002 0.002 0.002 0.002 0.002 0.002 0.002 0.002 0.002 0.001 0.001 0.001 0.000 0.000 0.000 0.000 0.000 0.000 0.000 0.000 0.000 0.000 0.000 0.000 0.000 0.000 0.000 0.000 0.000 0.000 0.000 0.000
1.851 1.726 1.594 1.462 1.340 1.230 1.128 1.027 0.922 0.805 0.669 0.540 0.431 0.336 0.254 0.180 0.116 0.065 0.033 0.015 0.007 0.003 0.002 0.001 0.001 0.001 0.001 0.001 0.001 0.001 0.001 0.001 0.001 0.001 0.001 0.001 0.001 0.001 0.001 0.002 0.002 0.002 0.002 0.002 0.002 0.003 0.003 0.003 0.004 0.004 0.004 0.004 0.003 0.002 0.002 0.001 0.001 0.000 0.000 0.000 0.000 0.000 0.000 0.000 0.000 0.000 0.000 0.000 0.000 0.000 0.000 0.000 0.000 0.000 0.000 0.000 0.000
1.693 1.525 1.339 1.156 0.993 0.857 0.750 0.661 0.579 0.494 0.394 0.294 0.210 0.145 0.098 0.062 0.036 0.018 0.008 0.004 0.002 0.001 0.001 0.001 0.001 0.001 0.001 0.001 0.001 0.001 0.001 0.001 0.001 0.001 0.001 0.002 0.002 0.002 0.002 0.002 0.002 0.002 0.003 0.003 0.003 0.004 0.005 0.005 0.006 0.006 0.006 0.005 0.004 0.003 0.002 0.001 0.001 0.000 0.000 0.000 0.000 0.000 0.000 0.000 0.000 0.000 0.000 0.000 0.000 0.000 0.000 0.000 0.000 0.000 0.000 0.000 0.000
1.330 1.083 0.849 0.652 0.503 0.399 0.326 0.272 0.229 0.188 0.144 0.102 0.068 0.043 0.027 0.016 0.009 0.005 0.003 0.002 0.001 0.001 0.001 0.001 0.001 0.001 0.001 0.001 0.001 0.001 0.001 0.002 0.002 0.002 0.002 0.002 0.002 0.002 0.003 0.003 0.003 0.003 0.004 0.004 0.005 0.006 0.008 0.009 0.009 0.009 0.009 0.008 0.005 0.004 0.002 0.001 0.001 0.000 0.000 0.000 0.000 0.000 0.000 0.000 0.000 0.000 0.000 0.000 0.000 0.000 0.000 0.000 0.000 0.000 0.000 0.000 0.000
0.768 0.550 0.394 0.284 0.206 0.152 0.116 0.091 0.072 0.056 0.041 0.029 0.019 0.012 0.007 0.005 0.003 0.002 0.001 0.001 0.001 0.001 0.001 0.001 0.001 0.001 0.001 0.001 0.002 0.002 0.002 0.002 0.002 0.002 0.003 0.003 0.003 0.003 0.004 0.004 0.005 0.006 0.007 0.008 0.009 0.011 0.013 0.015 0.015 0.015 0.013 0.009 0.006 0.004 0.002 0.001 0.001 0.000 0.000 0.000 0.000 0.000 0.000 0.000 0.000 0.000 0.000 0.000 0.000 0.000 0.000 0.000 0.000 0.000 0.000 0.000 0.000
0.347 0.235 0.162 0.113 0.079 0.056 0.040 0.030 0.023 0.017 0.012 0.009 0.006 0.004 0.003 0.002 0.001 0.001 0.001 0.001 0.001 0.001 0.001 0.001 0.001 0.002 0.002 0.002 0.002 0.002 0.003 0.003 0.003 0.004 0.004 0.005 0.005 0.006 0.007 0.008 0.010 0.011 0.013 0.015 0.018 0.021 0.024 0.025 0.024 0.020 0.014 0.010 0.006 0.004 0.002 0.001 0.001 0.000 0.000 0.000 0.000 0.000 0.000 0.000 0.000 0.000 0.000 0.000 0.000 0.000 0.000 0.000 0.000 0.000 0.000 0.000 0.000
0.141 0.093 0.064 0.044 0.030 0.021 0.014 0.010 0.008 0.006 0.004 0.003 0.002 0.002 0.001 0.001 0.001 0.001 0.001 0.001 0.001 0.001 0.001 0.002 0.002 0.002 0.002 0.003 0.003 0.004 0.004 0.005 0.006 0.006 0.007 0.009 0.010 0.012 0.015 0.017 0.021 0.024 0.027 0.031 0.034 0.037 0.038 0.036 0.030 0.022 0.015 0.010 0.006 0.004 0.002 0.001 0.001 0.000 0.000 0.000 0.000 0.000 0.000 0.000 0.000 0.000 0.000 0.000 0.000 0.000 0.000 0.000 0.000 0.000 0.000 0.000 0.000
0.055 0.037 0.025 0.017 0.012 0.008 0.006 0.004 0.003 0.002 0.002 0.002 0.001 0.001 0.001 0.001 0.001 0.001 0.001 0.001 0.001 0.002 0.002 0.002 0.003 0.003 0.004 0.004 0.005 0.006 0.008 0.009 0.011 0.013 0.016 0.019 0.023 0.028 0.033 0.039 0.045 0.049 0.052 0.054 0.053 0.052 0.048 0.042 0.032 0.022 0.015 0.010 0.006 0.004 0.002 0.001 0.000 0.000 0.000 0.000 0.000 0.000 0.000 0.000 0.000 0.000 0.000 0.000 0.000 0.000 0.000 0.000 0.000 0.000 0.000 0.000 0.000
0.022 0.015 0.010 0.007 0.005 0.004 0.003 0.002 0.002 0.002 0.001 0.001 0.001 0.001 0.001 0.001 0.001 0.001 0.001 0.002 0.002 0.002 0.003 0.003 0.004 0.005 0.007 0.008 0.011 0.013 0.016 0.020 0.025 0.030 0.036 0.043 0.052 0.061 0.070 0.076 0.078 0.076 0.073 0.069 0.065 0.059 0.052 0.043 0.032 0.022 0.015 0.010 0.006 0.004 0.002 0.001 0.000 0.000 0.000 0.000 0.000 0.000 0.000 0.000 0.000 0.000 0.000 0.000 0.000 0.000 0.000 0.000 0.000 0.000 0.000 0.000 0.000
0.009 0.007 0.005 0.004 0.003 0.002 0.002 0.001 0.001 0.001 0.001 0.001 0.001 0.001 0.001 0.001 0.001 0.002 0.002 0.002 0.003 0.003 0.004 0.006 0.007 0.010 0.014 0.019 0.025 0.031 0.039 0.049 0.059 0.070 0.081 0.093 0.104 0.110 0.111 0.106 0.098 0.090 0.082 0.075 0.068 0.061 0.053 0.043 0.031 0.022 0.015 0.010 0.006 0.003 0.002 0.001 0.000 0.000 0.000 0.000 0.000 0.000 0.000 0.000 0.000 0.000 0.000 0.000 0.000 0.000 0.000 0.000 0.000 0.000 0.000 0.000 0.000
0.004 0.003 0.003 0.002 0.002 0.001 0.001 0.001 0.001 0.001 0.001 0.001 0.001 0.001 0.001 0.002 0.002 0.002 0.003 0.003 0.004 0.006 0.008 0.011 0.016 0.023 0.033 0.046 0.060 0.075 0.092 0.109 0.126 0.139 0.148 0.153 0.152 0.145 0.133 0.119 0.104 0.092 0.083 0.075 0.068 0.060 0.051 0.041 0.030 0.021 0.014 0.009 0.005 0.003 0.001 0.000 0.000 0.000 0.000 0.000 0.000 0.000 0.000 0.000 0.000 0.000 0.000 0.000 0.000 0.000 0.000 0.000 0.000 0.000 0.000 0.000 0.000
0.002 0.002 0.002 0.001 0.001 0.001 0.001 0.001 0.001 0.001 0.001 0.001 0.001 0.002 0.002 0.002 0.002 0.003 0.004 0.005 0.007 0.011 0.016 0.024 0.038 0.057 0.082 0.109 0.135 0.157 0.176 0.190 0.197 0.200 0.197 0.189 0.176 0.158 0.139 0.120 0.104 0.091 0.081 0.073 0.064 0.055 0.046 0.036 0.026 0.018 0.012 0.008 0.005 0.002 0.001 0.000 0.000 0.000 0.000 0.000 0.000 0.000 0.000 0.000 0.000 0.000 0.000 0.000 0.000 0.000 0.000 0.000 0.000 0.000 0.000 0.000 0.000
0.002 0.001 0.001 0.001 0.001 0.001 0.001 0.001 0.001 0.001 0.001 0.002 0.002 0.002 0.002 0.003 0.003 0.005 0.006 0.009 0.014 0.023 0.037 0.059 0.090 0.130 0.171 0.203 0.223 0.234 0.239 0.240 0.236 0.228 0.216 0.200 0.182 0.160 0.138 0.119 0.103 0.088 0.076 0.065 0.054 0.044 0.035 0.026 0.018 0.013 0.009 0.006 0.003 0.002 0.001 0.000 0.000 0.000 0.000 0.000 0.000 0.000 0.000 0.000 0.000 0.000 0.000 0.000 0.000 0.000 0.000 0.000 0.000 0.000 0.000 0.000 0.000
0.001 0.001 0.001 0.001 0.001 0.001 0.001 0.001 0.001 0.001 0.002 0.002 0.002 0.002 0.003 0.004 0.005 0.008 0.012 0.019 0.031 0.050 0.082 0.126 0.176 0.220 0.249 0.266 0.272 0.272 0.268 0.260 0.248 0.234 0.219 0.201 0.182 0.159 0.136 0.115 0.097 0.079 0.064 0.049 0.037 0.027 0.020 0.014 0.010 0.007 0.005 0.003 0.002 0.001 0.000 0.000 0.000 0.000 0.000 0.000 0.000 0.000 0.000 0.000 0.000 0.000 0.000 0.000 0.000 0.000 0.000 0.000 0.000 0.000 0.000 0.000 0.000
0.001 0.001 0.001 0.001 0.001 0.001 0.001 0.001 0.002 0.002 0.002 0.002 0.003 0.003 0.004 0.006 0.009 0.014 0.023 0.038 0.063 0.100 0.148 0.199 0.241 0.270 0.285 0.290 0.289 0.285 0.277 0.265 0.251 0.235 0.219 0.201 0.180 0.156 0.129 0.104 0.082 0.061 0.044 0.030 0.021 0.014 0.010 0.007 0.005 0.004 0.003 0.002 0.001 0.000 0.000 0.000 0.000 0.000 0.000 0.000 0.000 0.000 0.000 0.000 0.000 0.000 0.000 0.000 0.000 0.000 0.000 0.000 0.000 0.000 0.000 0.000 0.000
0.001 0.001 0.001 0.001 0.001 0.001 0.001 0.002 0.002 0.002 0.003 0.003 0.004 0.005 0.007 0.010 0.016 0.026 0.042 0.068 0.104 0.149 0.195 0.237 0.267 0.286 0.294 0.295 0.294 0.289 0.280 0.267 0.250 0.232 0.213 0.193 0.168 0.140 0.109 0.080 0.056 0.037 0.024 0.016 0.011 0.007 0.005 0.004 0.003 0.002 0.001 0.001 0.000 0.000 0.000 0.000 0.000 0.000 0.000 0.000 0.000 0.000 0.000 0.000 0.000 0.000 0.000 0.000 0.000 0.000 0.000 0.000 0.000 0.000 0.000 0.000 0.000
0.001 0.001 0.001 0.001 0.001 0.001 0.002 0.002 0.003 0.003 0.004 0.005 0.006 0.007 0.009 0.014 0.023 0.038 0.060 0.091 0.131 0.175 0.214 0.247 0.272 0.287 0.295 0.297 0.296 0.291 0.280 0.264 0.242 0.216 0.189 0.162 0.132 0.101 0.071 0.047 0.030 0.019 0.012 0.008 0.005 0.004 0.003 0.002 0.001 0.001 0.000 0.000 0.000 0.000 0.000 0.000 0.000 0.000 0.000 0.000 0.000 0.000 0.000 0.000 0.000 0.000 0.000 0.000 0.000 0.000 0.000 0.000 0.000 0.000 0.000 0.000 0.000
0.001 0.001 0.001 0.001 0.002 0.002 0.002 0.003 0.004 0.005 0.005 0.006 0.007 0.008 0.011 0.017 0.027 0.044 0.069 0.102 0.142 0.183 0.218 0.248 0.271 0.285 0.292 0.294 0.292 0.285 0.270 0.245 0.213 0.173 0.135 0.102 0.074 0.051 0.034 0.022 0.014 0.009 0.006 0.004 0.003 0.002 0.001 0.001 0.000 0.000 0.000 0.000 0.000 0.000 0.000 0.000 0.000 0.000 0.000 0.000 0.000 0.000 0.000 0.000 0.000 0.000 0.000 0.000 0.000 0.000 0.000 0.000 0.000 0.000 0.000 0.000 0.000
0.001 0.001 0.001 0.002 0.002 0.003 0.004 0.005 0.005 0.006 0.006 0.007 0.008 0.009 0.012 0.018 0.029 0.046 0.072 0.104 0.144 0.182 0.214 0.239 0.257 0.265 0.268 0.266 0.259 0.247 0.225 0.194 0.151 0.105 0.070 0.047 0.031 0.021 0.014 0.009 0.006 0.004 0.003 0.002 0.001 0.001 0.001 0.000 0.000 0.000 0.000 0.000 0.000 0.000 0.000 0.000 0.000 0.000 0.000 0.000 0.000 0.000 0.000 0.000 0.000 0.000 0.000 0.000 0.000 0.000 0.000 0.000 0.000 0.000 0.000 0.000 0.000
0.001 0.001 0.002 0.002 0.003 0.004 0.005 0.006 0.006 0.007 0.007 0.007 0.008 0.009 0.012 0.017 0.028 0.045 0.070 0.102 0.138 0.170 0.193 0.206 0.211 0.208 0.200 0.189 0.176 0.159 0.138 0.110 0.077 0.049 0.030 0.019 0.012 0.008 0.005 0.004 0.002 0.002 0.001 0.001 0.001 0.000 0.000 0.000 0.000 0.000 0.000 0.000 0.000 0.000 0.000 0.000 0.000 0.000 0.000 0.000 0.000 0.000 0.000 0.000 0.000 0.000 0.000 0.000 0.000 0.000 0.000 0.000 0.000 0.000 0.000 0.000 0.000
