RESULTS/r.avaflow_results/12_results/12_ascii/12_hflow30031.asc
ncols 506
nrows 317
xllcenter 498237.50
yllcenter 5580050.00
cellsize 12.50
NODATA_value -9999.000
[rows 170 to 203 of 317, columns 154 to 230 of 506]
9.436 9.383 9.288 9.163 8.999 8.813 8.640 8.483 8.334 8.189 8.046 7.902 7.741 7.515 7.149 6.607 5.908 5.111 4.292 3.512 2.792 2.154 1.625 1.223 0.942 0.767 0.674 0.639 0.639 0.664 0.717 0.772 0.805 0.822 0.832 0.845 0.872 0.910 0.929 0.933 0.925 0.907 0.893 0.881 0.862 0.829 0.775 0.696 0.603 0.505 0.411 0.328 0.265 0.222 0.193 0.174 0.165 0.162 0.164 0.166 0.168 0.169 0.170 0.171 0.173 0.176 0.183 0.203 0.250 0.355 0.569 0.871 1.054 1.105 1.082 0.962 0.712
11.932 12.233 12.401 12.467 12.458 12.401 12.285 12.124 11.933 11.728 11.520 11.314 11.100 10.833 10.425 9.793 8.934 7.898 6.758 5.611 4.526 3.538 2.688 2.014 1.527 1.203 1.007 0.907 0.874 0.879 0.908 0.934 0.941 0.932 0.917 0.910 0.915 0.931 0.938 0.933 0.913 0.883 0.852 0.823 0.786 0.729 0.640 0.513 0.381 0.278 0.208 0.165 0.138 0.122 0.113 0.110 0.110 0.114 0.118 0.120 0.121 0.120 0.119 0.118 0.119 0.120 0.126 0.142 0.178 0.255 0.409 0.677 0.921 1.031 1.052 1.013 0.875
14.731 15.452 15.870 16.035 16.049 15.996 15.865 15.675 15.456 15.220 14.976 14.733 14.488 14.207 13.807 13.183 12.277 11.108 9.758 8.327 6.904 5.539 4.301 3.261 2.456 1.877 1.483 1.237 1.102 1.034 1.003 0.985 0.968 0.947 0.919 0.902 0.897 0.895 0.888 0.865 0.820 0.758 0.698 0.640 0.574 0.485 0.370 0.258 0.181 0.133 0.104 0.087 0.077 0.072 0.071 0.073 0.077 0.083 0.088 0.090 0.090 0.089 0.087 0.085 0.085 0.086 0.090 0.102 0.129 0.185 0.294 0.498 0.777 0.959 1.021 1.021 0.961
16.744 17.827 18.486 18.803 18.909 18.916 18.847 18.722 18.553 18.345 18.102 17.843 17.579 17.289 16.902 16.303 15.427 14.284 12.942 11.458 9.870 8.223 6.584 5.102 3.871 2.904 2.183 1.681 1.353 1.151 1.038 0.979 0.942 0.905 0.864 0.829 0.802 0.776 0.745 0.690 0.601 0.501 0.418 0.350 0.289 0.226 0.164 0.117 0.086 0.068 0.057 0.051 0.048 0.047 0.048 0.051 0.056 0.062 0.066 0.068 0.068 0.067 0.065 0.064 0.064 0.065 0.069 0.078 0.097 0.136 0.211 0.358 0.619 0.873 0.987 1.011 0.991
17.789 19.118 20.028 20.586 20.919 21.118 21.221 21.241 21.184 21.054 20.843 20.570 20.277 19.967 19.587 19.022 18.193 17.096 15.781 14.312 12.720 10.997 9.120 7.180 5.444 4.010 2.899 2.098 1.562 1.226 1.034 0.926 0.852 0.786 0.721 0.660 0.605 0.550 0.489 0.411 0.321 0.249 0.198 0.162 0.130 0.101 0.076 0.058 0.047 0.040 0.036 0.034 0.033 0.033 0.034 0.037 0.042 0.047 0.050 0.052 0.052 0.051 0.051 0.051 0.051 0.053 0.056 0.063 0.077 0.103 0.155 0.260 0.465 0.755 0.933 0.989 0.988
18.030 19.470 20.579 21.405 22.026 22.493 22.826 23.016 23.074 23.029 22.861 22.566 22.234 21.913 21.549 21.040 20.302 19.306 18.050 16.567 14.891 13.031 10.958 8.653 6.500 4.712 3.326 2.332 1.669 1.250 0.990 0.818 0.689 0.578 0.478 0.399 0.342 0.298 0.254 0.205 0.157 0.121 0.096 0.078 0.063 0.051 0.041 0.034 0.029 0.027 0.025 0.025 0.025 0.025 0.026 0.028 0.032 0.036 0.039 0.040 0.041 0.041 0.041 0.042 0.043 0.045 0.048 0.054 0.064 0.083 0.120 0.195 0.344 0.608 0.843 0.945 0.968
17.873 19.362 20.576 21.555 22.379 23.060 23.561 23.872 24.012 24.021 23.887 23.567 23.208 22.906 22.575 22.123 21.478 20.596 19.430 17.957 16.200 14.196 11.936 9.392 6.977 4.992 3.472 2.396 1.684 1.217 0.896 0.662 0.482 0.348 0.257 0.203 0.172 0.150 0.127 0.102 0.080 0.064 0.052 0.043 0.036 0.030 0.026 0.023 0.021 0.020 0.020 0.019 0.020 0.020 0.021 0.022 0.024 0.027 0.030 0.031 0.032 0.033 0.034 0.035 0.037 0.039 0.042 0.047 0.055 0.070 0.098 0.153 0.260 0.459 0.713 0.868 0.926
17.304 18.893 20.261 21.404 22.354 23.110 23.649 23.985 24.151 24.180 24.062 23.730 23.362 23.083 22.778 22.352 21.752 20.938 19.847 18.412 16.623 14.530 12.165 9.519 7.021 4.978 3.426 2.333 1.598 1.093 0.733 0.472 0.298 0.194 0.135 0.104 0.088 0.077 0.066 0.054 0.045 0.037 0.031 0.027 0.023 0.020 0.018 0.017 0.016 0.016 0.015 0.015 0.015 0.016 0.016 0.017 0.019 0.020 0.022 0.024 0.026 0.027 0.029 0.030 0.032 0.034 0.037 0.042 0.049 0.062 0.084 0.125 0.202 0.341 0.561 0.755 0.857
16.350 18.061 19.586 20.904 21.986 22.794 23.328 23.637 23.782 23.803 23.689 23.378 23.004 22.703 22.378 21.940 21.355 20.590 19.560 18.168 16.390 14.266 11.831 9.125 6.644 4.626 3.103 2.038 1.323 0.832 0.494 0.282 0.166 0.104 0.072 0.056 0.048 0.042 0.037 0.032 0.028 0.024 0.021 0.019 0.017 0.015 0.014 0.013 0.012 0.012 0.012 0.012 0.012 0.012 0.012 0.013 0.014 0.015 0.017 0.018 0.020 0.022 0.024 0.026 0.028 0.030 0.033 0.038 0.044 0.055 0.073 0.105 0.162 0.261 0.420 0.616 0.758
15.103 16.907 18.531 19.946 21.097 21.939 22.472 22.738 22.815 22.788 22.663 22.424 22.081 21.680 21.222 20.698 20.092 19.353 18.378 17.029 15.247 13.068 10.560 7.925 5.612 3.758 2.378 1.429 0.828 0.464 0.256 0.145 0.087 0.057 0.041 0.033 0.029 0.026 0.023 0.021 0.019 0.017 0.016 0.014 0.013 0.011 0.010 0.010 0.009 0.009 0.009 0.009 0.009 0.009 0.009 0.009 0.010 0.011 0.012 0.014 0.015 0.017 0.019 0.021 0.023 0.026 0.029 0.033 0.040 0.049 0.065 0.090 0.134 0.207 0.321 0.481 0.636
13.592 15.406 17.049 18.492 19.687 20.584 21.151 21.388 21.394 21.297 21.179 21.056 20.778 20.246 19.568 18.895 18.211 17.426 16.393 14.955 13.048 10.723 8.192 5.824 3.861 2.371 1.335 0.704 0.371 0.202 0.115 0.071 0.047 0.033 0.026 0.022 0.020 0.018 0.017 0.015 0.014 0.013 0.012 0.011 0.010 0.009 0.008 0.007 0.007 0.006 0.006 0.006 0.006 0.006 0.006 0.006 0.007 0.008 0.009 0.010 0.011 0.013 0.015 0.017 0.019 0.022 0.025 0.029 0.035 0.044 0.058 0.080 0.115 0.171 0.257 0.378 0.520
11.805 13.539 15.164 16.647 17.942 18.967 19.636 19.912 19.922 19.829 19.725 19.619 19.322 18.685 17.840 17.007 16.175 15.199 13.884 12.093 9.781 7.239 4.939 3.194 1.955 1.107 0.572 0.281 0.146 0.085 0.054 0.038 0.028 0.022 0.019 0.017 0.015 0.014 0.013 0.012 0.011 0.010 0.009 0.008 0.007 0.006 0.006 0.005 0.005 0.004 0.004 0.004 0.004 0.004 0.004 0.004 0.004 0.005 0.006 0.007 0.008 0.010 0.011 0.013 0.015 0.018 0.021 0.026 0.032 0.040 0.052 0.072 0.102 0.148 0.215 0.307 0.424
9.860 11.429 13.021 14.572 16.002 17.190 18.005 18.393 18.453 18.388 18.254 18.036 17.596 16.864 15.948 14.981 13.935 12.607 10.786 8.375 5.843 3.749 2.284 1.343 0.761 0.408 0.207 0.106 0.061 0.041 0.030 0.023 0.019 0.016 0.014 0.013 0.012 0.011 0.010 0.010 0.009 0.008 0.007 0.006 0.005 0.004 0.004 0.003 0.003 0.002 0.002 0.002 0.002 0.002 0.002 0.002 0.002 0.003 0.004 0.005 0.006 0.007 0.008 0.010 0.012 0.015 0.018 0.023 0.028 0.036 0.048 0.066 0.093 0.132 0.185 0.256 0.347
8.061 9.376 10.794 12.304 13.778 15.044 15.962 16.456 16.581 16.515 16.251 15.776 15.093 14.239 13.262 12.161 10.833 9.026 6.678 4.385 2.661 1.487 0.795 0.431 0.241 0.135 0.075 0.045 0.031 0.024 0.019 0.016 0.014 0.013 0.012 0.011 0.010 0.009 0.008 0.008 0.007 0.006 0.005 0.004 0.004 0.003 0.002 0.002 0.001 0.001 0.001 0.001 0.001 0.001 0.001 0.001 0.001 0.002 0.002 0.003 0.004 0.005 0.006 0.008 0.010 0.012 0.016 0.020 0.025 0.033 0.045 0.061 0.085 0.119 0.162 0.218 0.287
6.353 7.373 8.493 9.721 10.946 12.029 12.863 13.354 13.505 13.424 13.031 12.303 11.325 10.227 9.081 7.839 6.370 4.637 2.940 1.674 0.871 0.434 0.226 0.130 0.080 0.051 0.034 0.025 0.020 0.016 0.014 0.013 0.011 0.010 0.010 0.009 0.008 0.007 0.007 0.006 0.005 0.004 0.004 0.003 0.002 0.002 0.001 0.001 0.001 0.000 0.000 0.000 0.000 0.000 0.000 0.000 0.000 0.001 0.001 0.001 0.002 0.003 0.004 0.006 0.008 0.010 0.013 0.017 0.023 0.030 0.041 0.056 0.078 0.107 0.143 0.189 0.245
4.660 5.288 5.939 6.594 7.229 7.826 8.331 8.653 8.763 8.691 8.299 7.523 6.461 5.390 4.454 3.563 2.627 1.659 0.905 0.448 0.220 0.119 0.072 0.048 0.034 0.026 0.020 0.017 0.014 0.012 0.011 0.010 0.009 0.008 0.008 0.007 0.007 0.006 0.005 0.005 0.004 0.003 0.003 0.002 0.001 0.001 0.000 0.000 0.000 0.000 0.000 0.000 0.000 0.000 0.000 0.000 0.000 0.000 0.000 0.001 0.001 0.002 0.003 0.004 0.006 0.008 0.011 0.015 0.020 0.027 0.037 0.051 0.070 0.095 0.128 0.168 0.218
3.043 3.278 3.498 3.687 3.842 3.985 4.112 4.189 4.204 4.149 3.921 3.460 2.778 2.100 1.582 1.155 0.758 0.428 0.219 0.114 0.066 0.044 0.032 0.025 0.020 0.017 0.014 0.012 0.011 0.010 0.009 0.008 0.007 0.007 0.006 0.006 0.005 0.005 0.004 0.004 0.003 0.002 0.002 0.001 0.001 0.000 0.000 0.000 0.000 0.000 0.000 0.000 0.000 0.000 0.000 0.000 0.000 0.000 0.000 0.000 0.000 0.001 0.002 0.003 0.004 0.006 0.009 0.012 0.017 0.024 0.033 0.045 0.062 0.084 0.114 0.152 0.201
1.714 1.726 1.737 1.732 1.699 1.651 1.612 1.578 1.545 1.494 1.383 1.175 0.874 0.605 0.427 0.297 0.189 0.110 0.064 0.041 0.030 0.023 0.019 0.016 0.014 0.012 0.011 0.010 0.009 0.008 0.007 0.006 0.006 0.005 0.005 0.004 0.004 0.004 0.003 0.003 0.002 0.002 0.001 0.001 0.000 0.000 0.000 0.000 0.000 0.000 0.000 0.000 0.000 0.000 0.000 0.000 0.000 0.000 0.000 0.000 0.000 0.000 0.001 0.002 0.003 0.005 0.007 0.010 0.014 0.020 0.028 0.038 0.053 0.073 0.101 0.139 0.188
0.814 0.761 0.723 0.689 0.648 0.591 0.539 0.500 0.468 0.437 0.396 0.331 0.239 0.165 0.118 0.084 0.058 0.040 0.029 0.022 0.018 0.016 0.014 0.012 0.011 0.009 0.008 0.007 0.007 0.006 0.005 0.005 0.004 0.004 0.004 0.003 0.003 0.003 0.002 0.002 0.002 0.001 0.001 0.001 0.000 0.000 0.000 0.000 0.000 0.000 0.000 0.000 0.000 0.000 0.000 0.000 0.000 0.000 0.000 0.000 0.000 0.000 0.000 0.001 0.002 0.003 0.005 0.008 0.012 0.016 0.023 0.032 0.044 0.062 0.089 0.125 0.175
0.327 0.295 0.276 0.258 0.238 0.209 0.180 0.160 0.144 0.131 0.117 0.099 0.075 0.056 0.043 0.034 0.027 0.022 0.018 0.015 0.013 0.011 0.010 0.009 0.008 0.007 0.006 0.005 0.005 0.004 0.004 0.003 0.003 0.003 0.003 0.002 0.002 0.002 0.002 0.002 0.001 0.001 0.001 0.000 0.000 0.000 0.000 0.000 0.000 0.000 0.000 0.000 0.000 0.000 0.000 0.000 0.000 0.000 0.000 0.000 0.000 0.000 0.000 0.000 0.001 0.002 0.004 0.006 0.009 0.013 0.018 0.025 0.036 0.051 0.074 0.108 0.155
0.125 0.113 0.105 0.098 0.090 0.078 0.066 0.058 0.052 0.048 0.044 0.039 0.033 0.027 0.023 0.019 0.017 0.015 0.013 0.011 0.010 0.009 0.007 0.007 0.006 0.005 0.004 0.004 0.003 0.003 0.003 0.002 0.002 0.002 0.002 0.002 0.002 0.002 0.002 0.001 0.001 0.001 0.001 0.000 0.000 0.000 0.000 0.000 0.000 0.000 0.000 0.000 0.000 0.000 0.000 0.000 0.000 0.000 0.000 0.000 0.000 0.000 0.000 0.000 0.001 0.001 0.003 0.004 0.007 0.010 0.014 0.020 0.027 0.038 0.055 0.082 0.122
0.050 0.047 0.044 0.042 0.039 0.035 0.030 0.027 0.025 0.024 0.023 0.021 0.020 0.017 0.015 0.014 0.012 0.011 0.009 0.008 0.007 0.006 0.005 0.005 0.004 0.003 0.003 0.002 0.002 0.002 0.002 0.002 0.002 0.002 0.002 0.002 0.002 0.001 0.001 0.001 0.001 0.001 0.001 0.000 0.000 0.000 0.000 0.000 0.000 0.000 0.000 0.000 0.000 0.000 0.000 0.000 0.000 0.000 0.000 0.000 0.000 0.000 0.000 0.000 0.000 0.001 0.002 0.003 0.005 0.007 0.011 0.015 0.020 0.028 0.039 0.056 0.081
0.024 0.023 0.022 0.022 0.021 0.019 0.018 0.016 0.016 0.015 0.015 0.014 0.013 0.013 0.011 0.010 0.009 0.008 0.007 0.006 0.005 0.004 0.004 0.003 0.003 0.002 0.002 0.002 0.002 0.002 0.002 0.002 0.002 0.002 0.002 0.002 0.002 0.002 0.002 0.002 0.001 0.001 0.001 0.000 0.000 0.000 0.000 0.000 0.000 0.000 0.000 0.000 0.000 0.000 0.000 0.000 0.000 0.000 0.000 0.000 0.000 0.000 0.000 0.000 0.000 0.000 0.001 0.002 0.003 0.005 0.008 0.011 0.015 0.020 0.027 0.037 0.052
0.014 0.014 0.014 0.013 0.013 0.013 0.012 0.011 0.011 0.011 0.011 0.010 0.010 0.009 0.009 0.008 0.007 0.006 0.005 0.004 0.003 0.003 0.002 0.002 0.002 0.002 0.002 0.002 0.002 0.002 0.002 0.002 0.002 0.002 0.002 0.002 0.002 0.002 0.002 0.002 0.001 0.001 0.001 0.000 0.000 0.000 0.000 0.000 0.000 0.000 0.000 0.000 0.000 0.000 0.000 0.000 0.000 0.000 0.000 0.000 0.000 0.000 0.000 0.000 0.000 0.000 0.000 0.001 0.002 0.003 0.005 0.008 0.011 0.014 0.019 0.025 0.033
0.009 0.009 0.009 0.009 0.009 0.009 0.009 0.009 0.008 0.008 0.008 0.008 0.007 0.007 0.006 0.006 0.005 0.004 0.003 0.003 0.002 0.002 0.002 0.002 0.002 0.002 0.002 0.002 0.003 0.003 0.003 0.003 0.003 0.003 0.003 0.003 0.003 0.003 0.002 0.002 0.001 0.001 0.000 0.000 0.000 0.000 0.000 0.000 0.000 0.000 0.000 0.000 0.000 0.000 0.000 0.000 0.000 0.000 0.000 0.000 0.000 0.000 0.000 0.000 0.000 0.000 0.000 0.000 0.001 0.002 0.004 0.005 0.008 0.010 0.014 0.018 0.023
0.007 0.007 0.007 0.007 0.007 0.007 0.007 0.007 0.006 0.006 0.006 0.006 0.005 0.005 0.004 0.004 0.003 0.003 0.002 0.002 0.002 0.002 0.002 0.002 0.002 0.003 0.004 0.004 0.005 0.005 0.005 0.005 0.005 0.004 0.004 0.003 0.003 0.003 0.002 0.002 0.001 0.001 0.000 0.000 0.000 0.000 0.000 0.000 0.000 0.000 0.000 0.000 0.000 0.000 0.000 0.000 0.000 0.000 0.000 0.000 0.000 0.000 0.000 0.000 0.000 0.000 0.000 0.000 0.000 0.001 0.002 0.004 0.005 0.007 0.010 0.013 0.016
0.005 0.005 0.005 0.005 0.005 0.005 0.005 0.005 0.005 0.005 0.004 0.004 0.004 0.003 0.003 0.003 0.002 0.002 0.001 0.001 0.002 0.002 0.002 0.003 0.004 0.005 0.006 0.006 0.006 0.006 0.006 0.005 0.005 0.004 0.004 0.003 0.003 0.002 0.002 0.001 0.001 0.001 0.000 0.000 0.000 0.000 0.000 0.000 0.000 0.000 0.000 0.000 0.000 0.000 0.000 0.000 0.000 0.000 0.000 0.000 0.000 0.000 0.000 0.000 0.000 0.000 0.000 0.000 0.000 0.001 0.001 0.002 0.004 0.005 0.007 0.009 0.012
0.004 0.004 0.004 0.004 0.004 0.004 0.004 0.004 0.004 0.003 0.003 0.003 0.003 0.002 0.002 0.002 0.001 0.001 0.001 0.002 0.002 0.003 0.004 0.005 0.006 0.007 0.007 0.007 0.007 0.007 0.006 0.005 0.005 0.004 0.004 0.003 0.003 0.002 0.001 0.001 0.001 0.000 0.000 0.000 0.000 0.000 0.000 0.000 0.000 0.000 0.000 0.000 0.000 0.000 0.000 0.000 0.000 0.000 0.000 0.000 0.000 0.000 0.000 0.000 0.000 0.000 0.000 0.000 0.000 0.000 0.001 0.001 0.002 0.003 0.005 0.007 0.009
0.003 0.003 0.003 0.003 0.003 0.003 0.003 0.003 0.003 0.002 0.002 0.002 0.002 0.002 0.001 0.001 0.001 0.001 0.002 0.003 0.004 0.005 0.006 0.007 0.007 0.008 0.008 0.008 0.007 0.007 0.006 0.005 0.005 0.004 0.003 0.003 0.002 0.002 0.001 0.001 0.001 0.000 0.000 0.000 0.000 0.000 0.000 0.000 0.000 0.000 0.000 0.000 0.000 0.000 0.000 0.000 0.000 0.000 0.000 0.000 0.000 0.000 0.000 0.000 0.000 0.000 0.000 0.000 0.000 0.000 0.000 0.001 0.001 0.002 0.003 0.005 0.006
0.002 0.002 0.002 0.002 0.002 0.002 0.002 0.002 0.002 0.002 0.002 0.001 0.001 0.001 0.001 0.001 0.002 0.002 0.003 0.004 0.005 0.006 0.007 0.007 0.008 0.008 0.008 0.008 0.007 0.007 0.006 0.005 0.004 0.003 0.003 0.002 0.002 0.001 0.001 0.001 0.000 0.000 0.000 0.000 0.000 0.000 0.000 0.000 0.000 0.000 0.000 0.000 0.000 0.000 0.000 0.000 0.000 0.000 0.000 0.000 0.000 0.000 0.000 0.000 0.000 0.000 0.000 0.000 0.000 0.000 0.000 0.000 0.000 0.001 0.002 0.003 0.004
0.002 0.002 0.002 0.002 0.002 0.002 0.002 0.001 0.001 0.001 0.001 0.001 0.001 0.001 0.001 0.001 0.002 0.003 0.004 0.005 0.006 0.007 0.007 0.007 0.008 0.008 0.008 0.007 0.007 0.006 0.005 0.004 0.003 0.003 0.002 0.001 0.001 0.001 0.001 0.000 0.000 0.000 0.000 0.000 0.000 0.000 0.000 0.000 0.000 0.000 0.000 0.000 0.000 0.000 0.000 0.000 0.000 0.000 0.000 0.000 0.000 0.000 0.000 0.000 0.000 0.000 0.000 0.000 0.000 0.000 0.000 0.000 0.000 0.000 0.001 0.002 0.003
0.001 0.001 0.001 0.001 0.001 0.001 0.001 0.001 0.001 0.001 0.001 0.001 0.001 0.001 0.001 0.002 0.002 0.003 0.004 0.005 0.006 0.007 0.007 0.007 0.007 0.007 0.007 0.007 0.006 0.005 0.004 0.003 0.002 0.002 0.001 0.001 0.001 0.001 0.000 0.000 0.000 0.000 0.000 0.000 0.000 0.000 0.000 0.000 0.000 0.000 0.000 0.000 0.000 0.000 0.000 0.000 0.000 0.000 0.000 0.000 0.000 0.000 0.000 0.000 0.000 0.000 0.000 0.000 0.000 0.000 0.000 0.000 0.000 0.000 0.000 0.001 0.001
0.001 0.001 0.001 0.001 0.001 0.001 0.001 0.001 0.001 0.001 0.001 0.001 0.001 0.001 0.001 0.002 0.002 0.003 0.004 0.005 0.006 0.006 0.006 0.006 0.006 0.006 0.005 0.005 0.004 0.003 0.003 0.002 0.001 0.001 0.001 0.001 0.001 0.000 0.000 0.000 0.000 0.000 0.000 0.000 0.000 0.000 0.000 0.000 0.000 0.000 0.000 0.000 0.000 0.000 0.000 0.000 0.000 0.000 0.000 0.000 0.000 0.000 0.000 0.000 0.000 0.000 0.000 0.000 0.000 0.000 0.000 0.000 0.000 0.000 0.000 0.000 0.001
0.001 0.001 0.001 0.001 0.001 0.001 0.001 0.001 0.001 0.001 0.001 0.001 0.001 0.001 0.001 0.002 0.002 0.003 0.004 0.005 0.005 0.005 0.005 0.005 0.004 0.004 0.003 0.003 0.002 0.002 0.001 0.001 0.001 0.001 0.001 0.000 0.000 0.000 0.000 0.000 0.000 0.000 0.000 0.000 0.000 0.000 0.000 0.000 0.000 0.000 0.000 0.000 0.000 0.000 0.000 0.000 0.000 0.000 0.000 0.000 0.000 0.000 0.000 0.000 0.000 0.000 0.000 0.000 0.000 0.000 0.000 0.000 0.000 0.000 0.000 0.000 0.000
