RESULTS/r.avaflow_results/12_results/12_ascii/12_hflow0019.asc
ncols 506
nrows 317
xllcenter 498237.50
yllcenter 5580050.00
cellsize 12.50
NODATA_value -9999.000
[rows 170 to 203 of 317, columns 77 to 153 of 506]
0.000 0.000 0.000 0.000 0.000 0.000 0.000 0.000 0.000 0.000 0.000 0.000 0.001 0.002 0.004 0.006 0.010 0.014 0.020 0.028 0.039 0.057 0.090 0.145 0.224 0.301 0.354 0.395 0.435 0.475 0.517 0.563 0.615 0.677 0.753 0.849 0.972 1.125 1.297 1.443 1.548 1.622 1.702 1.888 2.239 2.710 3.179 3.631 4.112 4.678 5.410 6.382 7.497 8.481 9.168 9.598 9.939 10.297 10.707 11.197 11.793 12.494 13.292 14.180 14.991 15.479 15.634 15.467 15.019 14.410 13.778 13.225 12.718 12.243 11.851 11.568 11.377
0.000 0.000 0.000 0.000 0.000 0.000 0.000 0.000 0.000 0.000 0.000 0.001 0.003 0.006 0.010 0.015 0.023 0.032 0.045 0.061 0.084 0.121 0.178 0.262 0.361 0.440 0.497 0.546 0.594 0.644 0.695 0.751 0.814 0.891 0.987 1.109 1.265 1.457 1.684 1.910 2.109 2.289 2.497 2.861 3.415 4.092 4.723 5.343 6.003 6.736 7.528 8.371 9.173 9.811 10.249 10.569 10.864 11.175 11.547 11.991 12.522 13.139 13.835 14.603 15.249 15.570 15.550 15.205 14.687 14.171 13.755 13.445 13.255 13.211 13.308 13.523 13.848
0.000 0.000 0.000 0.000 0.000 0.000 0.000 0.000 0.000 0.000 0.001 0.003 0.007 0.012 0.020 0.030 0.043 0.060 0.084 0.115 0.157 0.220 0.310 0.424 0.529 0.608 0.672 0.733 0.793 0.853 0.916 0.984 1.061 1.155 1.274 1.428 1.624 1.868 2.162 2.492 2.834 3.178 3.586 4.179 4.962 5.807 6.578 7.341 8.082 8.786 9.425 10.017 10.512 10.886 11.171 11.418 11.648 11.892 12.180 12.529 12.955 13.456 14.015 14.615 15.082 15.236 15.076 14.663 14.251 13.956 13.795 13.782 13.923 14.199 14.620 15.240 16.129
0.000 0.000 0.000 0.000 0.000 0.000 0.000 0.000 0.000 0.001 0.003 0.007 0.013 0.021 0.033 0.049 0.071 0.100 0.138 0.190 0.259 0.354 0.480 0.616 0.725 0.812 0.890 0.963 1.037 1.110 1.186 1.268 1.362 1.476 1.623 1.812 2.057 2.368 2.754 3.214 3.740 4.314 4.988 5.852 6.845 7.776 8.588 9.311 9.945 10.513 10.978 11.361 11.635 11.837 11.985 12.131 12.265 12.411 12.583 12.807 13.096 13.443 13.823 14.211 14.490 14.521 14.321 13.986 13.762 13.701 13.787 13.988 14.316 14.781 15.428 16.361 17.672
0.000 0.000 0.000 0.000 0.000 0.000 0.000 0.000 0.000 0.002 0.005 0.011 0.020 0.033 0.051 0.075 0.107 0.150 0.208 0.284 0.384 0.515 0.678 0.833 0.958 1.063 1.157 1.246 1.333 1.420 1.510 1.608 1.720 1.858 2.036 2.268 2.572 2.967 3.472 4.095 4.838 5.692 6.658 7.717 8.722 9.590 10.338 10.961 11.480 11.908 12.217 12.444 12.572 12.658 12.689 12.702 12.700 12.708 12.750 12.833 12.962 13.123 13.294 13.452 13.561 13.552 13.420 13.234 13.202 13.359 13.649 13.997 14.435 15.024 15.845 16.979 18.486
0.000 0.000 0.000 0.000 0.000 0.000 0.000 0.000 0.000 0.002 0.007 0.015 0.027 0.044 0.070 0.105 0.151 0.213 0.293 0.397 0.531 0.702 0.905 1.088 1.238 1.367 1.481 1.587 1.689 1.791 1.896 2.011 2.141 2.304 2.516 2.796 3.169 3.665 4.311 5.107 6.038 7.092 8.226 9.324 10.274 11.080 11.746 12.272 12.681 12.976 13.165 13.281 13.330 13.329 13.256 13.122 12.964 12.841 12.750 12.689 12.661 12.653 12.646 12.634 12.609 12.551 12.461 12.390 12.514 12.843 13.283 13.769 14.340 15.038 15.955 17.164 18.697
0.000 0.000 0.000 0.000 0.000 0.000 0.000 0.000 0.000 0.002 0.008 0.016 0.030 0.052 0.083 0.128 0.190 0.275 0.387 0.529 0.704 0.921 1.171 1.393 1.578 1.734 1.870 1.994 2.113 2.231 2.351 2.481 2.629 2.815 3.057 3.383 3.828 4.416 5.154 6.042 7.083 8.277 9.500 10.590 11.503 12.246 12.822 13.255 13.561 13.759 13.865 13.907 13.906 13.837 13.681 13.437 13.135 12.892 12.691 12.528 12.384 12.251 12.113 11.967 11.812 11.640 11.461 11.388 11.582 12.006 12.549 13.153 13.849 14.676 15.704 16.972 18.499
0.000 0.000 0.000 0.000 0.000 0.000 0.000 0.000 0.000 0.002 0.008 0.017 0.032 0.055 0.090 0.142 0.217 0.322 0.466 0.655 0.893 1.177 1.489 1.760 1.985 2.171 2.331 2.475 2.610 2.743 2.879 3.022 3.183 3.385 3.652 4.012 4.497 5.120 5.893 6.834 7.955 9.240 10.483 11.543 12.419 13.096 13.593 13.950 14.174 14.299 14.354 14.361 14.315 14.192 13.975 13.651 13.249 12.907 12.619 12.363 12.135 11.910 11.666 11.396 11.103 10.781 10.443 10.240 10.350 10.757 11.342 12.023 12.807 13.735 14.871 16.226 17.791
0.000 0.000 0.000 0.000 0.000 0.000 0.000 0.000 0.000 0.002 0.007 0.017 0.032 0.056 0.093 0.148 0.230 0.351 0.522 0.755 1.057 1.432 1.848 2.194 2.469 2.693 2.878 3.040 3.189 3.334 3.481 3.634 3.804 4.013 4.288 4.654 5.132 5.746 6.520 7.487 8.658 10.000 11.226 12.237 13.056 13.677 14.104 14.391 14.561 14.643 14.668 14.654 14.577 14.412 14.147 13.770 13.309 12.890 12.535 12.217 11.907 11.585 11.233 10.844 10.410 9.932 9.438 9.102 9.040 9.255 9.725 10.397 11.235 12.258 13.503 14.963 16.619
0.000 0.000 0.000 0.000 0.000 0.000 0.000 0.000 0.000 0.002 0.007 0.016 0.031 0.055 0.092 0.149 0.234 0.362 0.552 0.821 1.181 1.635 2.173 2.657 3.030 3.308 3.521 3.697 3.858 4.011 4.162 4.319 4.491 4.690 4.947 5.283 5.725 6.309 7.065 8.024 9.206 10.558 11.744 12.713 13.458 14.031 14.405 14.639 14.771 14.821 14.833 14.809 14.711 14.521 14.223 13.815 13.320 12.855 12.442 12.046 11.641 11.216 10.752 10.240 9.673 9.044 8.432 8.006 7.826 7.888 8.189 8.724 9.496 10.525 11.829 13.380 15.129
0.000 0.000 0.000 0.000 0.000 0.000 0.000 0.000 0.000 0.002 0.005 0.013 0.026 0.049 0.086 0.142 0.229 0.360 0.557 0.846 1.251 1.777 2.419 3.049 3.553 3.937 4.222 4.436 4.609 4.765 4.915 5.063 5.216 5.390 5.610 5.893 6.276 6.808 7.526 8.449 9.606 10.938 12.087 13.005 13.699 14.201 14.543 14.749 14.864 14.902 14.902 14.864 14.752 14.551 14.240 13.808 13.292 12.778 12.293 11.810 11.305 10.765 10.183 9.541 8.838 8.072 7.396 6.921 6.676 6.656 6.862 7.298 7.981 8.927 10.142 11.639 13.388
0.000 0.000 0.000 0.000 0.000 0.000 0.000 0.000 0.000 0.001 0.003 0.008 0.018 0.036 0.067 0.119 0.200 0.328 0.527 0.828 1.259 1.848 2.588 3.341 3.966 4.458 4.830 5.106 5.314 5.481 5.627 5.764 5.900 6.051 6.239 6.474 6.794 7.255 7.906 8.762 9.871 11.161 12.289 13.159 13.815 14.267 14.587 14.772 14.878 14.912 14.905 14.867 14.752 14.544 14.222 13.779 13.238 12.657 12.083 11.496 10.879 10.217 9.499 8.714 7.861 7.002 6.303 5.817 5.551 5.502 5.662 6.034 6.631 7.465 8.540 9.864 11.445
0.000 0.000 0.000 0.000 0.000 0.000 0.000 0.000 0.000 0.000 0.001 0.003 0.008 0.018 0.037 0.073 0.136 0.244 0.425 0.726 1.193 1.845 2.683 3.539 4.264 4.856 5.312 5.653 5.904 6.091 6.242 6.375 6.504 6.641 6.804 7.011 7.280 7.659 8.223 8.999 10.023 11.260 12.371 13.214 13.840 14.275 14.571 14.754 14.850 14.879 14.870 14.830 14.707 14.486 14.146 13.675 13.093 12.436 11.758 11.061 10.329 9.542 8.682 7.743 6.761 5.884 5.204 4.730 4.462 4.398 4.536 4.869 5.392 6.108 7.027 8.166 9.523
0.000 0.000 0.000 0.000 0.000 0.000 0.000 0.000 0.000 0.000 0.000 0.001 0.003 0.007 0.015 0.032 0.065 0.129 0.259 0.523 1.004 1.742 2.706 3.645 4.442 5.119 5.658 6.067 6.370 6.588 6.751 6.891 7.021 7.154 7.306 7.491 7.721 8.027 8.494 9.176 10.103 11.278 12.382 13.221 13.822 14.245 14.522 14.674 14.749 14.769 14.768 14.713 14.575 14.328 13.960 13.455 12.831 12.106 11.328 10.510 9.652 8.735 7.738 6.696 5.726 4.920 4.288 3.834 3.559 3.461 3.541 3.801 4.239 4.846 5.624 6.591 7.755
0.000 0.000 0.000 0.000 0.000 0.000 0.000 0.000 0.000 0.000 0.000 0.000 0.001 0.002 0.005 0.012 0.027 0.060 0.136 0.320 0.744 1.517 2.617 3.676 4.523 5.265 5.883 6.364 6.718 6.973 7.156 7.304 7.438 7.571 7.710 7.874 8.082 8.345 8.723 9.299 10.136 11.254 12.343 13.163 13.735 14.128 14.359 14.485 14.537 14.542 14.518 14.429 14.269 13.999 13.601 13.059 12.398 11.620 10.752 9.827 8.850 7.812 6.748 5.737 4.857 4.123 3.541 3.112 2.836 2.710 2.732 2.901 3.225 3.704 4.346 5.154 6.124
0.000 0.000 0.000 0.000 0.000 0.000 0.000 0.000 0.000 0.000 0.000 0.000 0.000 0.001 0.002 0.006 0.015 0.034 0.083 0.209 0.539 1.250 2.390 3.610 4.535 5.318 5.996 6.541 6.952 7.247 7.456 7.613 7.749 7.882 8.015 8.162 8.347 8.578 8.901 9.390 10.136 11.159 12.209 12.994 13.528 13.886 14.081 14.172 14.184 14.169 14.103 13.967 13.737 13.414 12.997 12.439 11.761 10.957 10.035 9.021 7.937 6.844 5.817 4.901 4.111 3.452 2.923 2.524 2.256 2.111 2.085 2.175 2.390 2.741 3.234 3.862 4.601
0.000 0.000 0.000 0.000 0.000 0.000 0.000 0.000 0.000 0.000 0.000 0.000 0.000 0.000 0.002 0.005 0.012 0.028 0.067 0.164 0.417 1.007 2.055 3.389 4.473 5.310 6.021 6.614 7.080 7.418 7.652 7.820 7.958 8.090 8.214 8.344 8.508 8.705 8.995 9.430 10.093 10.988 11.949 12.681 13.165 13.470 13.622 13.674 13.670 13.612 13.480 13.276 12.945 12.535 12.078 11.528 10.874 10.091 9.152 8.087 6.953 5.897 4.963 4.150 3.454 2.872 2.401 2.040 1.786 1.632 1.573 1.602 1.725 1.950 2.284 2.709 3.153
0.000 0.000 0.000 0.000 0.000 0.000 0.000 0.000 0.000 0.000 0.000 0.000 0.000 0.000 0.002 0.005 0.012 0.029 0.067 0.153 0.356 0.824 1.696 2.986 4.277 5.243 6.008 6.635 7.131 7.503 7.761 7.938 8.076 8.198 8.313 8.430 8.574 8.748 9.014 9.413 9.986 10.749 11.585 12.212 12.633 12.864 12.964 12.978 12.959 12.861 12.667 12.357 11.907 11.380 10.853 10.300 9.687 8.973 8.074 7.017 5.921 4.971 4.162 3.463 2.862 2.359 1.950 1.632 1.399 1.246 1.166 1.152 1.198 1.306 1.477 1.684 1.845
0.000 0.000 0.000 0.000 0.000 0.000 0.000 0.000 0.000 0.000 0.000 0.000 0.000 0.000 0.002 0.006 0.014 0.032 0.073 0.159 0.338 0.709 1.400 2.502 3.890 5.062 5.930 6.611 7.137 7.526 7.800 7.988 8.127 8.236 8.343 8.454 8.586 8.749 8.986 9.331 9.798 10.415 11.082 11.570 11.901 12.045 12.116 12.102 12.055 11.917 11.660 11.254 10.686 9.995 9.366 8.784 8.191 7.557 6.775 5.811 4.856 4.065 3.399 2.821 2.315 1.890 1.546 1.275 1.071 0.928 0.838 0.793 0.780 0.796 0.837 0.878 0.889
0.000 0.000 0.000 0.000 0.000 0.000 0.000 0.000 0.000 0.000 0.000 0.000 0.000 0.001 0.003 0.008 0.020 0.043 0.089 0.178 0.348 0.658 1.203 2.090 3.376 4.737 5.763 6.533 7.109 7.520 7.804 7.998 8.137 8.242 8.339 8.443 8.565 8.707 8.888 9.147 9.501 9.945 10.420 10.768 10.981 11.045 11.072 11.033 10.949 10.774 10.466 10.001 9.368 8.601 7.900 7.285 6.673 6.054 5.373 4.590 3.845 3.208 2.664 2.195 1.789 1.446 1.166 0.946 0.777 0.652 0.563 0.500 0.456 0.425 0.403 0.380 0.356
0.000 0.000 0.000 0.000 0.000 0.000 0.000 0.000 0.000 0.000 0.000 0.000 0.000 0.001 0.005 0.013 0.028 0.057 0.111 0.206 0.371 0.647 1.101 1.828 2.915 4.302 5.494 6.372 7.013 7.463 7.769 7.976 8.117 8.216 8.293 8.377 8.471 8.566 8.677 8.835 9.054 9.316 9.584 9.776 9.872 9.882 9.856 9.785 9.650 9.429 9.090 8.610 8.007 7.325 6.653 6.026 5.413 4.802 4.169 3.524 2.937 2.423 1.975 1.596 1.278 1.012 0.796 0.628 0.501 0.405 0.332 0.274 0.230 0.196 0.169 0.150 0.138
0.000 0.000 0.000 0.000 0.000 0.000 0.000 0.000 0.000 0.000 0.000 0.000 0.000 0.002 0.007 0.016 0.034 0.067 0.124 0.223 0.388 0.652 1.062 1.690 2.622 3.887 5.153 6.132 6.841 7.341 7.676 7.898 8.033 8.117 8.171 8.224 8.264 8.294 8.323 8.362 8.426 8.502 8.579 8.609 8.600 8.558 8.472 8.346 8.162 7.913 7.585 7.176 6.685 6.129 5.544 4.956 4.376 3.797 3.220 2.673 2.187 1.764 1.398 1.090 0.837 0.634 0.476 0.358 0.273 0.211 0.163 0.127 0.100 0.081 0.070 0.062 0.058
0.000 0.000 0.000 0.000 0.000 0.000 0.000 0.000 0.000 0.000 0.000 0.000 0.000 0.002 0.007 0.018 0.036 0.070 0.128 0.228 0.393 0.654 1.049 1.631 2.465 3.598 4.834 5.837 6.586 7.123 7.483 7.714 7.839 7.900 7.926 7.932 7.912 7.868 7.797 7.699 7.594 7.487 7.392 7.285 7.182 7.077 6.954 6.811 6.646 6.445 6.188 5.864 5.474 5.021 4.524 4.006 3.498 2.991 2.495 2.026 1.611 1.253 0.951 0.702 0.503 0.351 0.242 0.169 0.121 0.088 0.066 0.051 0.041 0.035 0.031 0.029 0.028
0.000 0.000 0.000 0.000 0.000 0.000 0.000 0.000 0.000 0.000 0.000 0.000 0.000 0.002 0.007 0.018 0.036 0.070 0.127 0.227 0.391 0.651 1.043 1.611 2.397 3.432 4.574 5.521 6.255 6.789 7.149 7.372 7.483 7.517 7.515 7.470 7.391 7.257 7.071 6.823 6.545 6.279 6.056 5.893 5.774 5.663 5.554 5.436 5.305 5.149 4.952 4.702 4.392 4.018 3.597 3.153 2.729 2.313 1.908 1.522 1.173 0.872 0.624 0.427 0.278 0.172 0.105 0.066 0.044 0.032 0.025 0.021 0.018 0.017 0.016 0.015 0.015
0.000 0.000 0.000 0.000 0.000 0.000 0.000 0.000 0.000 0.000 0.000 0.000 0.001 0.002 0.007 0.016 0.034 0.065 0.121 0.217 0.379 0.640 1.037 1.610 2.379 3.347 4.355 5.192 5.850 6.331 6.654 6.841 6.921 6.936 6.905 6.817 6.668 6.441 6.136 5.734 5.326 5.008 4.788 4.635 4.528 4.429 4.337 4.244 4.143 4.029 3.882 3.688 3.437 3.126 2.767 2.399 2.055 1.724 1.405 1.102 0.823 0.582 0.391 0.247 0.145 0.080 0.043 0.025 0.016 0.012 0.010 0.009 0.009 0.009 0.009 0.009 0.009
0.000 0.000 0.000 0.000 0.000 0.000 0.000 0.000 0.000 0.000 0.000 0.000 0.001 0.002 0.006 0.013 0.027 0.054 0.103 0.193 0.354 0.625 1.044 1.635 2.402 3.299 4.142 4.835 5.372 5.751 5.991 6.114 6.152 6.140 6.073 5.937 5.723 5.409 4.993 4.544 4.176 3.903 3.705 3.565 3.461 3.377 3.302 3.231 3.156 3.071 2.963 2.810 2.604 2.344 2.040 1.738 1.462 1.201 0.955 0.729 0.525 0.355 0.225 0.132 0.072 0.036 0.018 0.009 0.006 0.005 0.005 0.005 0.005 0.005 0.005 0.006 0.006
0.000 0.000 0.000 0.000 0.000 0.000 0.000 0.000 0.000 0.000 0.000 0.000 0.000 0.001 0.003 0.007 0.015 0.033 0.070 0.148 0.308 0.605 1.082 1.737 2.501 3.264 3.916 4.431 4.803 5.041 5.164 5.204 5.184 5.126 5.006 4.820 4.567 4.241 3.860 3.506 3.215 2.987 2.813 2.683 2.585 2.507 2.443 2.385 2.327 2.257 2.168 2.045 1.878 1.662 1.406 1.158 0.938 0.740 0.564 0.412 0.285 0.185 0.111 0.061 0.031 0.015 0.007 0.003 0.002 0.002 0.002 0.002 0.003 0.003 0.003 0.004 0.004
0.000 0.000 0.000 0.000 0.000 0.000 0.000 0.000 0.000 0.000 0.000 0.000 0.000 0.001 0.002 0.003 0.008 0.017 0.039 0.093 0.236 0.555 1.107 1.883 2.637 3.207 3.649 3.958 4.140 4.213 4.195 4.135 4.049 3.943 3.810 3.645 3.445 3.205 2.925 2.662 2.438 2.252 2.100 1.980 1.885 1.809 1.746 1.689 1.629 1.559 1.473 1.368 1.232 1.059 0.860 0.676 0.519 0.387 0.278 0.190 0.124 0.076 0.044 0.024 0.012 0.005 0.002 0.001 0.001 0.001 0.001 0.001 0.002 0.002 0.002 0.002 0.003
0.000 0.000 0.000 0.000 0.000 0.000 0.000 0.000 0.000 0.000 0.000 0.000 0.001 0.001 0.001 0.003 0.005 0.011 0.024 0.058 0.153 0.428 1.010 1.890 2.672 3.106 3.322 3.417 3.413 3.333 3.218 3.107 3.004 2.902 2.792 2.670 2.530 2.367 2.177 1.989 1.821 1.674 1.546 1.436 1.343 1.265 1.197 1.130 1.061 0.986 0.903 0.812 0.706 0.580 0.448 0.333 0.239 0.164 0.109 0.069 0.043 0.026 0.015 0.008 0.004 0.002 0.001 0.001 0.001 0.001 0.001 0.001 0.001 0.001 0.001 0.001 0.002
0.000 0.000 0.000 0.000 0.000 0.000 0.000 0.000 0.000 0.000 0.000 0.001 0.001 0.001 0.002 0.003 0.005 0.010 0.022 0.050 0.115 0.273 0.707 1.555 2.430 2.842 2.914 2.854 2.711 2.526 2.371 2.255 2.159 2.070 1.983 1.897 1.806 1.703 1.583 1.457 1.337 1.225 1.121 1.025 0.935 0.855 0.783 0.712 0.641 0.569 0.496 0.421 0.344 0.265 0.192 0.133 0.089 0.058 0.036 0.022 0.014 0.008 0.005 0.002 0.001 0.001 0.001 0.000 0.000 0.000 0.001 0.001 0.001 0.001 0.001 0.001 0.001
0.000 0.000 0.000 0.000 0.000 0.000 0.000 0.000 0.000 0.000 0.001 0.001 0.002 0.003 0.004 0.005 0.008 0.015 0.029 0.059 0.123 0.231 0.423 0.882 1.605 2.128 2.283 2.219 2.031 1.820 1.680 1.582 1.502 1.429 1.360 1.299 1.241 1.180 1.109 1.032 0.953 0.875 0.797 0.718 0.638 0.559 0.488 0.421 0.358 0.299 0.243 0.191 0.143 0.102 0.070 0.046 0.030 0.019 0.011 0.007 0.004 0.002 0.001 0.001 0.001 0.000 0.000 0.000 0.000 0.000 0.000 0.001 0.001 0.001 0.000 0.000 0.001
0.000 0.000 0.001 0.001 0.001 0.001 0.001 0.001 0.002 0.002 0.002 0.003 0.004 0.005 0.008 0.011 0.017 0.028 0.049 0.091 0.172 0.270 0.343 0.462 0.729 1.061 1.302 1.390 1.339 1.235 1.142 1.071 1.012 0.954 0.897 0.845 0.802 0.762 0.722 0.679 0.635 0.591 0.542 0.485 0.421 0.352 0.290 0.236 0.188 0.147 0.111 0.080 0.055 0.036 0.024 0.015 0.010 0.006 0.003 0.002 0.001 0.001 0.001 0.000 0.000 0.000 0.000 0.000 0.000 0.001 0.001 0.001 0.000 0.000 0.000 0.000 0.000
0.001 0.002 0.002 0.003 0.003 0.003 0.003 0.004 0.004 0.004 0.005 0.006 0.008 0.011 0.015 0.021 0.030 0.046 0.076 0.130 0.225 0.307 0.341 0.353 0.367 0.424 0.539 0.682 0.762 0.769 0.736 0.696 0.657 0.615 0.565 0.514 0.475 0.446 0.419 0.396 0.376 0.357 0.335 0.303 0.261 0.212 0.166 0.127 0.096 0.070 0.048 0.032 0.020 0.013 0.008 0.005 0.003 0.002 0.001 0.001 0.000 0.000 0.000 0.000 0.000 0.000 0.000 0.000 0.001 0.001 0.001 0.001 0.000 0.000 0.000 0.000 0.000
0.004 0.004 0.005 0.005 0.005 0.005 0.005 0.006 0.006 0.007 0.008 0.010 0.014 0.018 0.022 0.029 0.040 0.059 0.096 0.165 0.258 0.316 0.333 0.327 0.273 0.200 0.191 0.264 0.370 0.426 0.435 0.424 0.404 0.376 0.336 0.290 0.256 0.230 0.211 0.198 0.190 0.186 0.180 0.168 0.148 0.119 0.089 0.065 0.046 0.031 0.020 0.012 0.007 0.004 0.002 0.001 0.001 0.001 0.000 0.000 0.000 0.000 0.000 0.000 0.000 0.000 0.000 0.001 0.001 0.001 0.001 0.000 0.000 0.000 0.000 0.000 0.001
