RESULTS/r.avaflow_results/12_results/12_ascii/12_hflow0026.asc
ncols 506
nrows 317
xllcenter 498237.50
yllcenter 5580050.00
cellsize 12.50
NODATA_value -9999.000
[rows 170 to 203 of 317, columns 154 to 230 of 506]
11.070 10.844 10.601 10.345 10.070 9.793 9.543 9.315 9.103 8.902 8.710 8.525 8.327 8.058 7.648 7.065 6.332 5.513 4.684 3.889 3.140 2.462 1.885 1.433 1.110 0.903 0.792 0.750 0.750 0.778 0.834 0.904 0.961 1.005 1.044 1.086 1.150 1.228 1.270 1.280 1.270 1.244 1.206 1.159 1.093 0.994 0.853 0.675 0.503 0.369 0.276 0.213 0.171 0.142 0.124 0.113 0.108 0.108 0.111 0.115 0.119 0.121 0.124 0.126 0.128 0.131 0.136 0.145 0.165 0.202 0.276 0.418 0.671 0.978 1.159 1.211 1.187
13.788 13.922 13.943 13.869 13.732 13.563 13.351 13.102 12.833 12.557 12.284 12.023 11.762 11.451 10.997 10.323 9.424 8.352 7.191 6.022 4.907 3.882 2.988 2.268 1.739 1.380 1.159 1.043 0.999 0.997 1.024 1.060 1.081 1.091 1.098 1.112 1.151 1.199 1.217 1.204 1.163 1.094 1.013 0.925 0.816 0.669 0.496 0.344 0.243 0.178 0.137 0.111 0.094 0.084 0.079 0.077 0.079 0.083 0.089 0.093 0.095 0.096 0.096 0.096 0.097 0.098 0.101 0.109 0.123 0.150 0.199 0.292 0.462 0.744 1.011 1.138 1.165
16.712 17.259 17.517 17.530 17.400 17.213 16.965 16.675 16.368 16.054 15.737 15.431 15.135 14.808 14.363 13.696 12.757 11.561 10.189 8.735 7.287 5.891 4.618 3.540 2.701 2.090 1.667 1.393 1.235 1.152 1.113 1.099 1.093 1.087 1.078 1.071 1.074 1.074 1.052 0.993 0.888 0.758 0.633 0.521 0.416 0.315 0.224 0.159 0.116 0.090 0.073 0.063 0.058 0.055 0.055 0.056 0.060 0.067 0.073 0.076 0.077 0.077 0.077 0.076 0.076 0.076 0.079 0.084 0.095 0.113 0.145 0.207 0.323 0.537 0.838 1.051 1.132
18.796 19.702 20.197 20.355 20.317 20.190 19.997 19.765 19.498 19.203 18.882 18.552 18.229 17.885 17.446 16.799 15.880 14.699 13.329 11.826 10.223 8.560 6.903 5.398 4.142 3.144 2.387 1.846 1.485 1.263 1.143 1.085 1.050 1.016 0.977 0.931 0.880 0.817 0.733 0.617 0.487 0.377 0.297 0.237 0.186 0.140 0.104 0.078 0.061 0.050 0.044 0.041 0.039 0.039 0.040 0.042 0.047 0.054 0.059 0.062 0.062 0.062 0.062 0.061 0.061 0.062 0.064 0.068 0.075 0.087 0.108 0.148 0.228 0.379 0.644 0.928 1.079
19.880 21.033 21.781 22.184 22.376 22.443 22.424 22.334 22.170 21.947 21.653 21.306 20.946 20.577 20.141 19.523 18.646 17.504 16.150 14.654 13.042 11.304 9.413 7.453 5.686 4.217 3.070 2.234 1.673 1.324 1.127 1.012 0.925 0.845 0.757 0.657 0.560 0.474 0.393 0.309 0.234 0.179 0.140 0.112 0.089 0.069 0.054 0.044 0.037 0.033 0.030 0.029 0.029 0.030 0.031 0.033 0.038 0.043 0.047 0.049 0.050 0.050 0.050 0.050 0.050 0.052 0.053 0.056 0.061 0.069 0.083 0.110 0.164 0.269 0.461 0.749 0.981
20.134 21.404 22.357 23.033 23.516 23.855 24.070 24.149 24.100 23.954 23.698 23.326 22.922 22.537 22.116 21.552 20.764 19.720 18.422 16.904 15.201 13.319 11.223 8.892 6.700 4.876 3.458 2.438 1.759 1.332 1.061 0.868 0.711 0.571 0.449 0.357 0.294 0.246 0.200 0.155 0.119 0.092 0.073 0.059 0.048 0.040 0.033 0.028 0.026 0.024 0.023 0.023 0.023 0.024 0.025 0.027 0.030 0.034 0.037 0.039 0.040 0.040 0.040 0.041 0.042 0.043 0.045 0.047 0.051 0.057 0.067 0.086 0.124 0.196 0.327 0.548 0.822
19.973 21.303 22.367 23.202 23.892 24.447 24.830 25.033 25.068 24.973 24.746 24.345 23.911 23.542 23.153 22.645 21.948 21.017 19.807 18.294 16.505 14.471 12.183 9.608 7.148 5.126 3.576 2.482 1.759 1.277 0.934 0.674 0.476 0.334 0.239 0.184 0.152 0.128 0.105 0.083 0.066 0.053 0.043 0.036 0.030 0.026 0.023 0.021 0.020 0.019 0.019 0.019 0.019 0.019 0.020 0.021 0.023 0.026 0.029 0.030 0.031 0.032 0.033 0.033 0.034 0.036 0.038 0.040 0.043 0.048 0.057 0.072 0.099 0.149 0.237 0.386 0.625
19.384 20.819 22.045 23.057 23.881 24.519 24.942 25.171 25.234 25.158 24.943 24.526 24.079 23.730 23.364 22.882 22.227 21.362 20.225 18.748 16.925 14.800 12.406 9.725 7.176 5.094 3.510 2.393 1.640 1.117 0.736 0.466 0.291 0.187 0.128 0.097 0.081 0.069 0.058 0.048 0.040 0.034 0.029 0.025 0.022 0.019 0.018 0.016 0.016 0.015 0.015 0.015 0.015 0.015 0.016 0.017 0.018 0.020 0.021 0.023 0.024 0.025 0.026 0.027 0.028 0.029 0.031 0.034 0.037 0.042 0.050 0.062 0.083 0.118 0.180 0.281 0.448
18.401 19.962 21.353 22.548 23.511 24.209 24.632 24.836 24.877 24.792 24.578 24.177 23.723 23.348 22.958 22.461 21.822 21.008 19.932 18.499 16.685 14.528 12.061 9.309 6.768 4.700 3.139 2.047 1.316 0.816 0.477 0.273 0.162 0.102 0.071 0.055 0.046 0.041 0.035 0.031 0.027 0.024 0.021 0.019 0.017 0.015 0.014 0.013 0.013 0.012 0.012 0.012 0.012 0.012 0.012 0.013 0.013 0.014 0.015 0.016 0.017 0.018 0.019 0.020 0.021 0.023 0.025 0.028 0.032 0.037 0.045 0.056 0.073 0.099 0.143 0.214 0.329
17.118 18.778 20.274 21.571 22.609 23.345 23.773 23.935 23.905 23.771 23.543 23.215 22.789 22.310 21.781 21.195 20.535 19.747 18.728 17.338 15.519 13.304 10.758 8.061 5.678 3.769 2.348 1.379 0.782 0.435 0.244 0.141 0.086 0.057 0.042 0.034 0.030 0.027 0.024 0.022 0.020 0.018 0.017 0.015 0.013 0.012 0.011 0.010 0.010 0.009 0.009 0.009 0.009 0.009 0.009 0.009 0.009 0.010 0.011 0.011 0.012 0.013 0.014 0.015 0.016 0.018 0.020 0.023 0.027 0.033 0.041 0.051 0.066 0.088 0.122 0.174 0.255
15.548 17.236 18.759 20.091 21.180 21.977 22.445 22.578 22.475 22.269 22.050 21.836 21.474 20.861 20.107 19.370 18.630 17.797 16.718 15.237 13.289 10.924 8.334 5.889 3.860 2.328 1.282 0.663 0.346 0.190 0.111 0.070 0.047 0.034 0.027 0.024 0.021 0.019 0.018 0.017 0.015 0.014 0.013 0.012 0.011 0.010 0.009 0.008 0.007 0.007 0.006 0.006 0.006 0.006 0.006 0.006 0.006 0.006 0.007 0.007 0.008 0.009 0.009 0.010 0.011 0.013 0.016 0.019 0.023 0.029 0.037 0.048 0.062 0.082 0.109 0.150 0.212
13.674 15.316 16.834 18.216 19.415 20.349 20.926 21.107 21.016 20.817 20.609 20.403 20.015 19.293 18.372 17.475 16.587 15.561 14.197 12.358 9.999 7.399 5.032 3.228 1.949 1.083 0.548 0.265 0.138 0.081 0.054 0.038 0.029 0.023 0.020 0.018 0.016 0.015 0.014 0.013 0.012 0.011 0.010 0.009 0.008 0.007 0.006 0.006 0.005 0.004 0.004 0.004 0.004 0.004 0.004 0.004 0.004 0.004 0.004 0.004 0.005 0.005 0.006 0.007 0.008 0.010 0.012 0.015 0.020 0.026 0.034 0.045 0.059 0.078 0.103 0.137 0.185
11.638 13.137 14.647 16.110 17.457 18.564 19.296 19.596 19.560 19.390 19.146 18.823 18.290 17.474 16.486 15.457 14.357 12.977 11.102 8.631 6.030 3.864 2.344 1.364 0.760 0.400 0.199 0.101 0.059 0.040 0.030 0.024 0.020 0.018 0.016 0.014 0.013 0.012 0.011 0.010 0.009 0.009 0.008 0.007 0.006 0.005 0.004 0.004 0.003 0.003 0.002 0.002 0.002 0.002 0.002 0.002 0.002 0.002 0.002 0.002 0.002 0.003 0.004 0.004 0.005 0.007 0.009 0.013 0.017 0.023 0.031 0.043 0.057 0.076 0.099 0.129 0.168
9.748 11.015 12.372 13.806 15.208 16.407 17.253 17.665 17.695 17.522 17.143 16.556 15.780 14.847 13.802 12.642 11.258 9.395 6.968 4.582 2.776 1.545 0.819 0.438 0.240 0.132 0.073 0.045 0.031 0.025 0.020 0.018 0.016 0.014 0.013 0.012 0.011 0.010 0.009 0.008 0.007 0.006 0.005 0.005 0.004 0.003 0.003 0.002 0.002 0.001 0.001 0.001 0.001 0.001 0.001 0.001 0.001 0.001 0.001 0.001 0.001 0.001 0.002 0.003 0.003 0.005 0.007 0.010 0.015 0.021 0.029 0.041 0.055 0.074 0.097 0.124 0.156
7.929 8.927 10.008 11.177 12.334 13.354 14.122 14.536 14.598 14.411 13.896 13.046 11.971 10.795 9.576 8.264 6.724 4.905 3.105 1.764 0.913 0.451 0.231 0.131 0.079 0.050 0.034 0.025 0.020 0.018 0.015 0.014 0.013 0.011 0.010 0.010 0.009 0.008 0.007 0.006 0.005 0.004 0.004 0.003 0.002 0.002 0.001 0.001 0.001 0.000 0.000 0.000 0.000 0.000 0.000 0.000 0.000 0.000 0.000 0.000 0.000 0.000 0.001 0.001 0.002 0.003 0.005 0.008 0.012 0.018 0.027 0.038 0.054 0.072 0.095 0.120 0.149
6.093 6.716 7.329 7.916 8.472 8.999 9.437 9.687 9.719 9.554 9.045 8.139 6.962 5.792 4.773 3.808 2.805 1.769 0.961 0.472 0.229 0.122 0.073 0.049 0.035 0.026 0.021 0.018 0.015 0.014 0.012 0.011 0.010 0.009 0.009 0.008 0.007 0.006 0.005 0.005 0.004 0.003 0.002 0.002 0.001 0.001 0.000 0.000 0.000 0.000 0.000 0.000 0.000 0.000 0.000 0.000 0.000 0.000 0.000 0.000 0.000 0.000 0.000 0.001 0.001 0.002 0.004 0.006 0.010 0.016 0.024 0.036 0.051 0.070 0.092 0.117 0.146
4.234 4.427 4.569 4.654 4.708 4.768 4.829 4.845 4.802 4.680 4.368 3.803 3.028 2.274 1.704 1.239 0.811 0.455 0.230 0.118 0.068 0.044 0.033 0.026 0.021 0.018 0.015 0.014 0.012 0.011 0.010 0.009 0.009 0.008 0.007 0.006 0.006 0.005 0.004 0.003 0.003 0.002 0.001 0.001 0.000 0.000 0.000 0.000 0.000 0.000 0.000 0.000 0.000 0.000 0.000 0.000 0.000 0.000 0.000 0.000 0.000 0.000 0.000 0.000 0.001 0.001 0.003 0.005 0.008 0.013 0.021 0.032 0.047 0.065 0.088 0.114 0.144
2.500 2.420 2.330 2.226 2.113 2.001 1.913 1.843 1.777 1.694 1.544 1.291 0.951 0.652 0.457 0.316 0.200 0.116 0.066 0.042 0.030 0.024 0.020 0.017 0.015 0.014 0.012 0.011 0.010 0.009 0.008 0.008 0.007 0.006 0.006 0.005 0.005 0.004 0.003 0.003 0.002 0.001 0.001 0.000 0.000 0.000 0.000 0.000 0.000 0.000 0.000 0.000 0.000 0.000 0.000 0.000 0.000 0.000 0.000 0.000 0.000 0.000 0.000 0.000 0.000 0.001 0.002 0.003 0.006 0.011 0.017 0.027 0.041 0.059 0.082 0.110 0.143
1.177 1.058 0.965 0.885 0.805 0.716 0.639 0.581 0.535 0.491 0.437 0.359 0.257 0.175 0.124 0.088 0.061 0.041 0.030 0.023 0.019 0.017 0.015 0.013 0.012 0.011 0.010 0.009 0.008 0.008 0.007 0.006 0.006 0.005 0.005 0.004 0.004 0.004 0.003 0.003 0.002 0.001 0.000 0.000 0.000 0.000 0.000 0.000 0.000 0.000 0.000 0.000 0.000 0.000 0.000 0.000 0.000 0.000 0.000 0.000 0.000 0.000 0.000 0.000 0.000 0.000 0.001 0.002 0.004 0.008 0.013 0.022 0.034 0.052 0.075 0.105 0.142
0.464 0.405 0.364 0.329 0.294 0.253 0.213 0.184 0.163 0.146 0.128 0.106 0.080 0.058 0.045 0.035 0.028 0.022 0.019 0.016 0.014 0.013 0.011 0.010 0.009 0.009 0.008 0.007 0.007 0.006 0.006 0.005 0.005 0.005 0.005 0.004 0.004 0.004 0.004 0.003 0.002 0.001 0.000 0.000 0.000 0.000 0.000 0.000 0.000 0.000 0.000 0.000 0.000 0.000 0.000 0.000 0.000 0.000 0.000 0.000 0.000 0.000 0.000 0.000 0.000 0.000 0.000 0.001 0.003 0.006 0.010 0.017 0.027 0.043 0.067 0.099 0.139
0.174 0.153 0.138 0.124 0.110 0.094 0.078 0.066 0.059 0.053 0.047 0.041 0.034 0.028 0.024 0.020 0.018 0.015 0.014 0.012 0.011 0.010 0.009 0.008 0.007 0.007 0.006 0.006 0.006 0.005 0.005 0.005 0.005 0.005 0.005 0.005 0.005 0.005 0.005 0.005 0.003 0.002 0.001 0.000 0.000 0.000 0.000 0.000 0.000 0.000 0.000 0.000 0.000 0.000 0.000 0.000 0.000 0.000 0.000 0.000 0.000 0.000 0.000 0.000 0.000 0.000 0.000 0.001 0.002 0.004 0.007 0.012 0.020 0.034 0.056 0.088 0.131
0.070 0.062 0.057 0.052 0.047 0.041 0.035 0.031 0.028 0.026 0.024 0.022 0.020 0.018 0.016 0.014 0.013 0.012 0.010 0.009 0.009 0.008 0.007 0.007 0.006 0.006 0.006 0.005 0.006 0.006 0.006 0.006 0.007 0.007 0.008 0.008 0.009 0.009 0.008 0.007 0.005 0.002 0.001 0.000 0.000 0.000 0.000 0.000 0.000 0.000 0.000 0.000 0.000 0.000 0.000 0.000 0.000 0.000 0.000 0.000 0.000 0.000 0.000 0.000 0.000 0.000 0.000 0.000 0.001 0.002 0.005 0.008 0.014 0.024 0.041 0.069 0.111
0.032 0.030 0.028 0.026 0.024 0.022 0.020 0.018 0.017 0.016 0.016 0.015 0.014 0.013 0.012 0.011 0.010 0.009 0.008 0.007 0.007 0.006 0.006 0.006 0.006 0.006 0.006 0.007 0.008 0.009 0.010 0.012 0.013 0.014 0.014 0.015 0.016 0.015 0.013 0.009 0.005 0.003 0.001 0.000 0.000 0.000 0.000 0.000 0.000 0.000 0.000 0.000 0.000 0.000 0.000 0.000 0.000 0.000 0.000 0.000 0.000 0.000 0.000 0.000 0.000 0.000 0.000 0.000 0.000 0.001 0.003 0.005 0.009 0.016 0.027 0.047 0.080
0.018 0.017 0.017 0.016 0.015 0.014 0.013 0.013 0.012 0.012 0.012 0.011 0.011 0.010 0.009 0.009 0.008 0.007 0.006 0.006 0.006 0.005 0.006 0.006 0.007 0.009 0.011 0.013 0.016 0.020 0.023 0.026 0.028 0.029 0.030 0.029 0.027 0.022 0.016 0.010 0.006 0.003 0.001 0.000 0.000 0.000 0.000 0.000 0.000 0.000 0.000 0.000 0.000 0.000 0.000 0.000 0.000 0.000 0.000 0.000 0.000 0.000 0.000 0.000 0.000 0.000 0.000 0.000 0.000 0.001 0.002 0.003 0.006 0.010 0.017 0.029 0.049
0.012 0.011 0.011 0.011 0.011 0.011 0.010 0.010 0.010 0.009 0.009 0.009 0.008 0.008 0.007 0.007 0.006 0.006 0.005 0.005 0.006 0.007 0.008 0.011 0.015 0.019 0.026 0.033 0.041 0.048 0.054 0.058 0.060 0.057 0.052 0.044 0.034 0.025 0.017 0.010 0.006 0.003 0.001 0.000 0.000 0.000 0.000 0.000 0.000 0.000 0.000 0.000 0.000 0.000 0.000 0.000 0.000 0.000 0.000 0.000 0.000 0.000 0.000 0.000 0.000 0.000 0.000 0.000 0.000 0.000 0.001 0.002 0.004 0.006 0.011 0.018 0.029
0.008 0.008 0.008 0.008 0.008 0.008 0.008 0.008 0.008 0.008 0.007 0.007 0.007 0.007 0.006 0.006 0.005 0.005 0.006 0.007 0.009 0.013 0.018 0.026 0.037 0.051 0.067 0.084 0.096 0.105 0.109 0.105 0.095 0.081 0.065 0.050 0.037 0.025 0.017 0.010 0.006 0.003 0.001 0.000 0.000 0.000 0.000 0.000 0.000 0.000 0.000 0.000 0.000 0.000 0.000 0.000 0.000 0.000 0.000 0.000 0.000 0.000 0.000 0.000 0.000 0.000 0.000 0.000 0.000 0.000 0.000 0.001 0.002 0.004 0.007 0.011 0.017
0.006 0.006 0.006 0.007 0.007 0.007 0.007 0.007 0.007 0.006 0.006 0.006 0.006 0.006 0.006 0.005 0.006 0.007 0.010 0.014 0.021 0.033 0.049 0.070 0.096 0.124 0.151 0.171 0.180 0.175 0.159 0.135 0.111 0.089 0.069 0.051 0.037 0.025 0.016 0.010 0.006 0.003 0.001 0.000 0.000 0.000 0.000 0.000 0.000 0.000 0.000 0.000 0.000 0.000 0.000 0.000 0.000 0.000 0.000 0.000 0.000 0.000 0.000 0.000 0.000 0.000 0.000 0.000 0.000 0.000 0.000 0.000 0.001 0.002 0.004 0.007 0.010
0.005 0.005 0.005 0.005 0.006 0.006 0.006 0.006 0.006 0.006 0.006 0.006 0.006 0.006 0.006 0.007 0.009 0.014 0.022 0.037 0.059 0.088 0.123 0.164 0.204 0.235 0.252 0.255 0.243 0.217 0.180 0.144 0.115 0.090 0.068 0.050 0.035 0.024 0.016 0.010 0.005 0.003 0.001 0.000 0.000 0.000 0.000 0.000 0.000 0.000 0.000 0.000 0.000 0.000 0.000 0.000 0.000 0.000 0.000 0.000 0.000 0.000 0.000 0.000 0.000 0.000 0.000 0.000 0.000 0.000 0.000 0.000 0.000 0.001 0.002 0.004 0.006
0.004 0.004 0.004 0.005 0.005 0.005 0.006 0.006 0.006 0.007 0.007 0.007 0.007 0.008 0.009 0.013 0.020 0.034 0.059 0.097 0.146 0.198 0.246 0.284 0.308 0.319 0.317 0.303 0.274 0.234 0.186 0.146 0.114 0.087 0.066 0.048 0.034 0.023 0.015 0.009 0.005 0.003 0.001 0.000 0.000 0.000 0.000 0.000 0.000 0.000 0.000 0.000 0.000 0.000 0.000 0.000 0.000 0.000 0.000 0.000 0.000 0.000 0.000 0.000 0.000 0.000 0.000 0.000 0.000 0.000 0.000 0.000 0.000 0.000 0.001 0.002 0.003
0.003 0.003 0.004 0.004 0.005 0.006 0.006 0.007 0.008 0.009 0.010 0.011 0.012 0.013 0.018 0.027 0.047 0.083 0.140 0.210 0.273 0.317 0.344 0.359 0.365 0.362 0.351 0.327 0.291 0.242 0.189 0.145 0.111 0.084 0.062 0.045 0.031 0.021 0.014 0.009 0.005 0.002 0.001 0.000 0.000 0.000 0.000 0.000 0.000 0.000 0.000 0.000 0.000 0.000 0.000 0.000 0.000 0.000 0.000 0.000 0.000 0.000 0.000 0.000 0.000 0.000 0.000 0.000 0.000 0.000 0.000 0.000 0.000 0.000 0.000 0.001 0.002
0.002 0.003 0.003 0.004 0.006 0.007 0.009 0.010 0.012 0.015 0.017 0.019 0.021 0.026 0.036 0.057 0.099 0.165 0.245 0.314 0.360 0.384 0.392 0.394 0.392 0.384 0.368 0.341 0.300 0.247 0.189 0.143 0.107 0.079 0.058 0.041 0.029 0.020 0.013 0.008 0.004 0.002 0.001 0.000 0.000 0.000 0.000 0.000 0.000 0.000 0.000 0.000 0.000 0.000 0.000 0.000 0.000 0.000 0.000 0.000 0.000 0.000 0.000 0.000 0.000 0.000 0.000 0.000 0.000 0.000 0.000 0.000 0.000 0.000 0.000 0.000 0.001
0.002 0.003 0.004 0.006 0.008 0.011 0.014 0.017 0.021 0.025 0.029 0.033 0.038 0.045 0.060 0.091 0.146 0.226 0.307 0.365 0.398 0.409 0.411 0.409 0.404 0.394 0.374 0.344 0.301 0.245 0.186 0.137 0.101 0.073 0.053 0.038 0.026 0.018 0.012 0.007 0.004 0.002 0.001 0.000 0.000 0.000 0.000 0.000 0.000 0.000 0.000 0.000 0.000 0.000 0.000 0.000 0.000 0.000 0.000 0.000 0.000 0.000 0.000 0.000 0.000 0.000 0.000 0.000 0.000 0.000 0.000 0.000 0.000 0.000 0.000 0.000 0.000
0.002 0.003 0.005 0.008 0.012 0.016 0.021 0.027 0.033 0.038 0.043 0.048 0.053 0.060 0.076 0.109 0.168 0.251 0.327 0.377 0.404 0.414 0.415 0.412 0.403 0.386 0.359 0.323 0.278 0.223 0.169 0.124 0.090 0.065 0.046 0.032 0.022 0.015 0.009 0.006 0.003 0.001 0.000 0.000 0.000 0.000 0.000 0.000 0.000 0.000 0.000 0.000 0.000 0.000 0.000 0.000 0.000 0.000 0.000 0.000 0.000 0.000 0.000 0.000 0.000 0.000 0.000 0.000 0.000 0.000 0.000 0.000 0.000 0.000 0.000 0.000 0.000
0.002 0.004 0.007 0.011 0.016 0.021 0.027 0.034 0.040 0.046 0.051 0.056 0.061 0.068 0.082 0.113 0.170 0.252 0.323 0.369 0.393 0.401 0.401 0.393 0.373 0.340 0.297 0.254 0.210 0.167 0.129 0.098 0.072 0.051 0.035 0.023 0.015 0.010 0.006 0.004 0.002 0.001 0.000 0.000 0.000 0.000 0.000 0.000 0.000 0.000 0.000 0.000 0.000 0.000 0.000 0.000 0.000 0.000 0.000 0.000 0.000 0.000 0.000 0.000 0.000 0.000 0.000 0.000 0.000 0.000 0.000 0.000 0.000 0.000 0.000 0.000 0.000
