RESULTS/r.avaflow_results/12_results/12_ascii/12_hflow_max0008.asc
ncols 506
nrows 317
xllcenter 498237.50
yllcenter 5580050.00
cellsize 12.50
NODATA_value -9999.000
[rows 170 to 203 of 317, columns 77 to 153 of 506]
0.000 0.000 0.000 0.000 0.000 0.000 0.000 0.000 0.000 0.000 0.000 0.000 0.000 0.000 0.000 0.000 0.000 0.000 0.000 0.000 0.000 0.000 0.002 0.004 0.010 0.019 0.027 0.033 0.036 0.038 0.038 0.036 0.030 0.022 0.016 0.012 0.011 0.012 0.019 0.039 0.082 0.163 0.303 0.523 0.843 1.275 1.792 2.260 2.683 3.166 3.902 5.074 6.832 8.630 10.220 12.254 15.306 19.607 24.571 29.064 34.025 38.629 41.635 42.517 41.803 40.280 38.648 37.071 35.278 33.250 31.022 28.812 27.091 26.072 25.373 24.877 24.439
0.000 0.000 0.000 0.000 0.000 0.000 0.000 0.000 0.000 0.000 0.000 0.000 0.000 0.000 0.000 0.000 0.000 0.000 0.000 0.000 0.001 0.002 0.006 0.015 0.032 0.057 0.084 0.104 0.118 0.126 0.128 0.123 0.105 0.081 0.062 0.050 0.044 0.045 0.056 0.093 0.173 0.316 0.555 0.923 1.450 2.149 2.975 3.777 4.555 5.431 6.616 8.097 9.637 10.974 12.461 15.056 17.899 22.109 26.735 31.357 36.104 40.404 43.281 44.201 43.517 41.819 40.080 38.135 36.020 33.852 31.783 29.994 28.844 28.034 27.595 27.477 27.510
0.000 0.000 0.000 0.000 0.000 0.000 0.000 0.000 0.000 0.000 0.000 0.000 0.000 0.000 0.000 0.000 0.000 0.000 0.000 0.001 0.002 0.008 0.020 0.046 0.091 0.160 0.235 0.292 0.334 0.357 0.363 0.352 0.313 0.252 0.202 0.167 0.149 0.147 0.164 0.231 0.371 0.607 0.990 1.578 2.415 3.506 4.763 5.999 7.169 8.460 9.914 11.052 11.909 12.673 13.846 16.486 19.294 23.307 27.788 31.972 36.749 40.908 43.733 44.974 44.558 43.245 41.461 39.433 37.284 35.202 33.305 31.622 30.274 29.423 29.092 29.254 29.723
0.000 0.000 0.000 0.000 0.000 0.000 0.000 0.000 0.000 0.000 0.000 0.000 0.000 0.000 0.000 0.000 0.000 0.000 0.000 0.002 0.008 0.023 0.056 0.121 0.233 0.402 0.580 0.714 0.804 0.851 0.863 0.846 0.772 0.649 0.543 0.466 0.426 0.419 0.451 0.578 0.826 1.190 1.750 2.628 3.883 5.507 7.369 9.138 10.529 11.536 12.468 13.205 13.581 13.770 14.449 16.576 19.296 23.337 27.788 31.740 36.181 40.364 43.369 44.835 44.910 44.101 42.547 40.617 38.480 36.431 34.543 32.843 31.384 30.270 30.007 30.403 31.096
0.000 0.000 0.000 0.000 0.000 0.000 0.000 0.000 0.000 0.000 0.000 0.000 0.000 0.000 0.000 0.000 0.000 0.000 0.002 0.006 0.021 0.057 0.136 0.287 0.540 0.903 1.242 1.483 1.628 1.696 1.714 1.688 1.572 1.370 1.191 1.070 1.008 1.005 1.090 1.357 1.823 2.389 3.126 4.287 6.005 8.314 10.670 12.412 13.575 14.302 14.654 14.678 14.701 14.436 14.553 15.684 18.137 22.455 27.014 30.950 35.018 39.213 42.356 44.015 44.447 44.066 42.891 41.149 39.044 36.854 34.844 33.090 31.660 30.695 30.429 30.935 31.604
0.000 0.000 0.000 0.000 0.000 0.000 0.000 0.000 0.000 0.000 0.000 0.000 0.000 0.000 0.000 0.000 0.000 0.000 0.003 0.011 0.041 0.121 0.292 0.604 1.123 1.768 2.268 2.590 2.773 2.854 2.867 2.817 2.655 2.381 2.141 2.011 1.971 2.004 2.227 2.807 3.753 4.649 5.537 6.845 8.929 11.615 13.646 15.074 16.060 16.589 16.724 16.527 15.680 15.085 14.620 15.142 17.044 20.760 25.598 29.798 33.830 37.770 40.928 42.648 43.357 43.083 42.032 40.308 38.102 35.768 33.688 31.977 30.773 30.127 30.151 30.647 31.399
0.000 0.000 0.000 0.000 0.000 0.000 0.000 0.000 0.000 0.000 0.000 0.000 0.000 0.000 0.000 0.000 0.000 0.000 0.003 0.012 0.050 0.171 0.465 1.038 1.975 2.960 3.574 3.905 4.078 4.163 4.170 4.070 3.833 3.479 3.167 2.995 2.947 2.977 3.225 4.068 5.825 7.768 9.026 10.361 12.373 14.464 16.039 17.220 18.075 18.489 18.516 18.133 17.143 15.856 14.637 14.454 15.685 18.845 23.646 28.309 32.542 36.193 39.125 40.710 41.416 40.968 39.764 37.900 35.624 33.286 31.222 29.635 28.604 28.329 28.759 29.642 30.673
0.000 0.000 0.000 0.000 0.000 0.000 0.000 0.000 0.000 0.000 0.000 0.000 0.000 0.000 0.000 0.000 0.000 0.000 0.002 0.011 0.047 0.176 0.532 1.292 2.600 4.025 4.873 5.272 5.424 5.468 5.437 5.257 4.899 4.409 4.000 3.749 3.645 3.640 3.793 4.535 6.552 9.763 12.038 13.591 15.364 17.007 18.050 18.876 19.621 19.981 19.973 19.463 18.460 17.190 15.356 14.207 14.953 17.585 21.758 26.353 30.691 33.992 36.304 37.548 37.404 36.690 35.557 33.708 31.451 29.230 27.306 26.140 25.513 25.626 26.399 27.653 29.129
0.000 0.000 0.000 0.000 0.000 0.000 0.000 0.000 0.000 0.000 0.000 0.000 0.000 0.000 0.000 0.000 0.000 0.000 0.001 0.006 0.033 0.148 0.510 1.343 2.856 4.761 5.971 6.558 6.761 6.780 6.701 6.423 5.874 5.204 4.692 4.364 4.198 4.151 4.221 4.716 6.501 10.223 13.757 15.718 17.356 18.808 19.716 20.089 20.597 20.926 20.902 20.350 19.484 18.157 16.485 14.769 14.694 16.931 20.243 23.992 27.797 30.605 32.502 33.363 33.063 31.992 30.299 28.198 25.985 24.151 22.963 22.204 22.070 22.644 23.761 25.320 27.017
0.000 0.000 0.000 0.000 0.000 0.000 0.000 0.000 0.000 0.000 0.000 0.000 0.000 0.000 0.000 0.000 0.000 0.000 0.001 0.004 0.017 0.083 0.389 1.229 2.835 5.109 6.813 7.786 8.175 8.233 8.082 7.614 6.811 5.972 5.351 4.931 4.705 4.616 4.626 4.872 6.117 9.515 14.065 16.720 18.394 19.739 20.608 20.905 21.132 21.321 21.226 20.919 20.034 18.744 17.199 15.572 14.988 16.527 18.975 21.409 24.139 26.354 27.839 28.155 27.391 25.764 24.013 22.624 21.230 19.922 18.936 18.580 18.982 19.927 21.321 23.040 24.929
0.000 0.000 0.000 0.000 0.000 0.000 0.000 0.000 0.000 0.000 0.000 0.000 0.000 0.000 0.000 0.000 0.000 0.000 0.002 0.008 0.026 0.078 0.229 0.899 2.536 5.080 7.336 8.858 9.553 9.689 9.504 8.851 7.812 6.860 6.134 5.607 5.288 5.130 5.083 5.142 5.668 7.916 12.553 16.603 18.593 19.901 20.742 21.045 21.240 21.356 21.362 21.031 20.219 19.053 17.619 16.043 15.241 16.034 17.555 18.873 20.573 21.990 22.586 22.252 21.024 20.356 19.428 18.314 17.121 15.994 15.302 15.346 16.108 17.341 18.859 20.613 22.538
0.000 0.000 0.000 0.000 0.000 0.000 0.000 0.000 0.000 0.000 0.000 0.000 0.000 0.000 0.000 0.000 0.000 0.001 0.004 0.015 0.043 0.121 0.318 0.790 2.014 4.703 7.671 9.610 10.726 11.057 10.909 10.218 9.044 8.009 7.195 6.543 6.092 5.838 5.740 5.726 5.847 6.820 9.767 14.419 17.750 19.343 20.296 20.808 21.017 21.161 21.131 20.827 20.103 19.043 17.733 16.232 15.045 15.036 15.837 16.488 17.359 17.919 17.722 16.820 16.264 15.823 15.105 14.184 13.206 12.394 12.076 12.365 13.208 14.469 16.016 17.786 19.639
0.000 0.000 0.000 0.000 0.000 0.000 0.000 0.000 0.000 0.000 0.000 0.000 0.000 0.000 0.000 0.000 0.000 0.002 0.009 0.027 0.075 0.199 0.486 1.074 2.262 4.637 7.872 10.154 11.539 12.219 12.271 11.795 10.719 9.526 8.617 7.843 7.222 6.821 6.643 6.600 6.640 6.957 8.740 11.269 15.019 17.840 19.226 19.945 20.236 20.249 20.173 19.954 19.409 18.628 17.488 16.000 14.482 13.658 13.800 14.090 14.210 14.179 13.470 12.263 12.147 11.813 11.249 10.554 9.790 9.254 9.131 9.501 10.253 11.341 12.757 14.453 16.261
0.000 0.000 0.000 0.000 0.000 0.000 0.000 0.000 0.000 0.000 0.000 0.000 0.000 0.000 0.000 0.000 0.001 0.005 0.017 0.049 0.132 0.334 0.766 1.540 2.707 4.627 7.665 10.497 12.182 13.131 13.552 13.424 12.739 11.582 10.473 9.557 8.770 8.183 7.856 7.756 7.804 8.610 10.168 11.378 13.379 14.642 16.607 17.934 18.555 18.659 18.559 18.273 17.709 17.129 16.379 15.238 13.759 12.360 11.809 11.615 11.217 10.782 9.736 8.978 8.913 8.648 8.191 7.591 6.972 6.588 6.515 6.754 7.322 8.205 9.446 10.995 12.665
0.000 0.000 0.000 0.000 0.000 0.000 0.000 0.000 0.000 0.000 0.000 0.000 0.000 0.000 0.000 0.000 0.003 0.010 0.032 0.090 0.232 0.547 1.156 2.089 3.217 4.718 7.227 10.575 12.830 13.973 14.668 14.897 14.640 13.909 12.887 11.827 10.858 10.073 9.571 9.363 9.394 10.153 11.159 12.556 13.715 14.427 14.901 15.206 15.673 15.971 15.902 15.386 14.589 14.164 13.947 13.476 12.464 11.100 10.060 9.365 8.575 7.697 6.551 6.560 6.539 6.339 5.934 5.366 4.815 4.480 4.338 4.375 4.697 5.346 6.349 7.727 9.185
0.000 0.000 0.000 0.000 0.000 0.000 0.000 0.000 0.000 0.000 0.000 0.000 0.000 0.000 0.000 0.001 0.005 0.019 0.060 0.165 0.402 0.873 1.644 2.638 3.701 4.903 6.905 10.172 13.249 14.848 15.634 16.112 16.217 15.872 15.153 14.206 13.296 12.548 11.967 11.620 11.489 11.667 12.511 13.254 13.633 13.965 14.215 13.826 12.565 12.231 11.566 10.195 8.998 8.641 8.994 9.695 9.650 8.993 8.002 7.016 5.895 4.842 4.719 4.958 4.981 4.815 4.453 3.973 3.528 3.183 2.913 2.784 2.863 3.236 3.973 5.240 6.334
0.000 0.000 0.000 0.000 0.000 0.000 0.000 0.000 0.000 0.000 0.000 0.000 0.000 0.000 0.000 0.002 0.010 0.036 0.111 0.296 0.682 1.348 2.241 3.179 4.161 5.258 6.810 9.535 13.128 15.462 16.486 17.133 17.443 17.331 16.934 16.231 15.493 14.854 14.279 13.776 13.367 13.324 13.430 13.271 13.429 13.271 12.447 10.905 10.004 9.000 8.224 7.204 6.159 5.256 4.481 4.692 5.421 5.526 5.137 4.347 3.367 3.419 3.701 3.864 3.908 3.806 3.516 3.109 2.737 2.458 2.217 2.049 1.997 2.158 2.592 3.669 4.332
0.000 0.000 0.000 0.000 0.000 0.000 0.000 0.000 0.000 0.000 0.000 0.000 0.000 0.000 0.001 0.004 0.018 0.064 0.195 0.505 1.101 1.977 2.878 3.738 4.673 5.739 6.983 8.971 12.289 15.412 17.015 17.956 18.446 18.554 18.335 17.824 17.179 16.555 15.909 15.281 14.774 14.275 13.787 13.404 12.807 11.857 10.652 9.217 7.997 7.592 7.174 6.563 5.668 4.626 3.668 2.809 2.314 2.531 2.482 2.275 2.545 2.867 3.066 3.159 3.181 3.088 2.869 2.574 2.302 2.068 1.865 1.706 1.622 1.647 1.874 2.201 2.386
0.000 0.000 0.000 0.000 0.000 0.000 0.000 0.000 0.000 0.000 0.000 0.000 0.000 0.000 0.002 0.008 0.032 0.108 0.323 0.802 1.645 2.682 3.583 4.382 5.271 6.322 7.345 8.630 10.961 14.309 16.777 18.163 19.170 19.529 19.460 19.095 18.466 17.705 16.997 16.289 15.573 14.861 13.945 12.881 11.910 10.385 9.085 7.557 7.156 6.865 6.573 6.061 5.150 3.943 2.851 2.034 1.816 1.846 1.935 2.072 2.254 2.488 2.671 2.739 2.722 2.619 2.436 2.235 2.046 1.848 1.678 1.548 1.473 1.473 1.533 1.622 1.660
0.000 0.000 0.000 0.000 0.000 0.000 0.000 0.000 0.000 0.000 0.000 0.000 0.000 0.000 0.003 0.014 0.052 0.168 0.471 1.125 2.232 3.430 4.329 5.132 5.987 6.919 7.713 8.516 9.754 12.268 15.445 17.655 19.113 19.710 19.768 19.643 19.232 18.473 17.642 16.860 15.958 14.804 13.415 11.911 10.088 8.857 7.342 6.837 6.548 6.319 5.981 5.327 4.296 3.085 2.117 1.752 1.735 1.765 1.856 1.978 2.123 2.246 2.359 2.414 2.390 2.293 2.136 1.972 1.830 1.688 1.554 1.459 1.408 1.429 1.465 1.472 1.456
0.000 0.000 0.000 0.000 0.000 0.000 0.000 0.000 0.000 0.000 0.000 0.000 0.000 0.001 0.006 0.023 0.080 0.240 0.636 1.458 2.816 4.166 5.092 5.902 6.781 7.501 8.028 8.501 9.095 10.386 13.020 15.970 17.933 19.167 19.520 19.507 19.186 18.428 17.412 16.365 15.192 13.790 11.792 9.931 8.229 7.441 6.937 6.437 5.991 5.587 5.073 4.263 3.200 2.266 1.820 1.710 1.696 1.732 1.814 1.929 2.081 2.183 2.216 2.221 2.213 2.128 1.939 1.755 1.642 1.555 1.470 1.402 1.393 1.429 1.450 1.449 1.439
0.000 0.000 0.000 0.000 0.000 0.000 0.000 0.000 0.000 0.000 0.000 0.000 0.000 0.002 0.010 0.036 0.115 0.326 0.819 1.799 3.377 4.896 5.887 6.692 7.490 8.069 8.355 8.611 8.873 9.344 10.615 13.178 15.716 17.082 17.541 17.420 16.794 15.736 14.549 13.423 12.300 10.809 9.037 7.865 7.292 6.872 6.465 5.961 5.330 4.607 3.807 2.983 2.288 1.923 1.774 1.683 1.668 1.739 1.844 1.946 2.079 2.177 2.198 2.189 2.149 2.037 1.837 1.656 1.539 1.465 1.415 1.388 1.417 1.445 1.448 1.434 1.414
0.000 0.000 0.000 0.000 0.000 0.000 0.000 0.000 0.000 0.000 0.000 0.000 0.000 0.003 0.015 0.052 0.163 0.453 1.112 2.371 4.105 5.560 6.669 7.456 8.065 8.469 8.607 8.640 8.727 8.900 9.261 10.409 12.301 13.360 13.656 13.106 11.803 9.925 9.323 9.162 8.963 8.588 7.901 7.207 6.733 6.327 5.845 5.238 4.537 3.770 2.861 2.250 1.973 1.802 1.707 1.648 1.663 1.762 1.880 1.997 2.107 2.184 2.199 2.181 2.117 1.974 1.759 1.604 1.506 1.432 1.389 1.401 1.453 1.480 1.468 1.434 1.380
0.000 0.000 0.000 0.000 0.000 0.000 0.000 0.000 0.000 0.000 0.000 0.000 0.001 0.005 0.022 0.079 0.245 0.662 1.549 3.133 5.195 6.586 7.333 7.990 8.430 8.635 8.658 8.642 8.608 8.565 8.459 8.541 9.078 9.420 9.020 8.825 8.721 8.619 8.515 8.384 8.222 7.822 7.200 6.675 6.249 5.809 5.278 4.625 3.880 3.014 2.210 2.005 1.847 1.714 1.624 1.601 1.637 1.745 1.871 2.007 2.121 2.178 2.193 2.181 2.102 1.935 1.710 1.560 1.478 1.429 1.417 1.446 1.504 1.527 1.493 1.449 1.362
0.000 0.000 0.000 0.000 0.000 0.000 0.000 0.000 0.000 0.000 0.000 0.000 0.002 0.009 0.035 0.120 0.362 0.940 2.094 4.020 6.283 7.764 8.480 8.794 8.902 8.874 8.651 8.563 8.324 7.973 7.515 6.971 7.224 7.810 8.026 8.026 8.025 7.978 7.934 7.817 7.617 7.242 6.732 6.281 5.828 5.302 4.709 4.001 3.186 2.264 1.961 1.850 1.758 1.660 1.567 1.540 1.564 1.684 1.825 1.975 2.102 2.159 2.174 2.156 2.069 1.875 1.657 1.529 1.466 1.458 1.479 1.523 1.570 1.578 1.538 1.471 1.368
0.000 0.000 0.000 0.000 0.000 0.000 0.000 0.000 0.000 0.000 0.000 0.000 0.003 0.014 0.055 0.184 0.531 1.310 2.765 5.044 7.357 8.719 9.282 9.428 9.408 9.202 8.938 8.485 7.872 7.214 6.482 6.038 6.722 7.162 7.343 7.440 7.482 7.498 7.462 7.382 7.201 6.909 6.510 5.989 5.404 4.782 4.104 3.343 2.506 1.902 1.797 1.735 1.676 1.595 1.501 1.464 1.507 1.648 1.803 1.966 2.085 2.134 2.151 2.122 2.015 1.799 1.614 1.522 1.503 1.529 1.578 1.625 1.652 1.643 1.590 1.512 1.403
0.000 0.000 0.000 0.000 0.000 0.000 0.000 0.000 0.000 0.000 0.000 0.001 0.005 0.023 0.088 0.283 0.775 1.809 3.599 6.082 8.161 9.279 9.705 9.773 9.663 9.450 9.029 8.422 7.673 6.802 5.676 5.756 6.388 6.697 6.877 7.009 7.043 7.035 7.035 7.015 6.919 6.701 6.322 5.743 5.034 4.309 3.578 2.791 2.030 1.732 1.672 1.645 1.616 1.554 1.460 1.419 1.516 1.683 1.836 1.978 2.082 2.115 2.124 2.087 1.947 1.727 1.596 1.549 1.571 1.644 1.711 1.750 1.765 1.744 1.666 1.567 1.463
0.000 0.000 0.000 0.000 0.000 0.000 0.000 0.000 0.000 0.000 0.000 0.001 0.008 0.039 0.144 0.441 1.126 2.443 4.542 6.995 8.682 9.465 9.762 9.822 9.794 9.527 8.966 8.184 7.099 5.605 5.123 5.648 6.207 6.557 6.708 6.761 6.737 6.708 6.712 6.748 6.717 6.521 6.106 5.507 4.763 3.953 3.157 2.403 1.749 1.620 1.590 1.586 1.571 1.518 1.442 1.418 1.539 1.740 1.907 2.022 2.100 2.122 2.109 2.031 1.856 1.684 1.606 1.603 1.660 1.791 1.880 1.915 1.911 1.868 1.783 1.685 1.571
0.000 0.000 0.000 0.000 0.000 0.000 0.000 0.000 0.000 0.000 0.000 0.003 0.015 0.063 0.227 0.671 1.612 3.219 5.469 7.584 8.905 9.474 9.652 9.765 9.716 9.354 8.568 7.354 5.680 4.740 5.160 5.658 6.054 6.323 6.530 6.554 6.525 6.503 6.520 6.557 6.537 6.327 5.861 5.199 4.457 3.676 2.873 2.118 1.647 1.558 1.550 1.556 1.549 1.497 1.423 1.426 1.579 1.800 1.975 2.091 2.150 2.159 2.117 2.003 1.818 1.700 1.686 1.705 1.826 1.977 2.065 2.100 2.090 2.028 1.945 1.832 1.700
0.000 0.000 0.000 0.000 0.000 0.000 0.000 0.000 0.000 0.000 0.001 0.006 0.026 0.103 0.350 0.979 2.222 4.111 6.219 7.882 8.919 9.388 9.530 9.551 9.380 8.795 7.626 5.949 4.763 4.698 5.192 5.647 5.934 6.101 6.248 6.294 6.309 6.357 6.420 6.431 6.341 6.070 5.575 4.919 4.173 3.387 2.630 1.891 1.595 1.558 1.576 1.578 1.556 1.505 1.427 1.454 1.632 1.866 2.045 2.163 2.222 2.230 2.170 2.017 1.842 1.810 1.801 1.856 2.034 2.205 2.280 2.293 2.272 2.217 2.112 1.976 1.833
0.000 0.000 0.000 0.000 0.000 0.000 0.000 0.000 0.000 0.001 0.004 0.013 0.048 0.171 0.530 1.376 2.926 4.990 6.759 8.031 8.824 9.182 9.364 9.307 8.920 8.037 6.591 5.068 4.306 4.675 5.235 5.651 5.886 5.971 6.024 6.044 6.092 6.257 6.341 6.325 6.160 5.783 5.266 4.658 3.938 3.160 2.416 1.678 1.551 1.546 1.598 1.605 1.584 1.525 1.457 1.490 1.700 1.938 2.114 2.231 2.290 2.284 2.231 2.066 1.938 1.918 1.949 2.076 2.276 2.426 2.496 2.493 2.439 2.351 2.238 2.088 1.913
0.000 0.000 0.000 0.000 0.000 0.000 0.000 0.000 0.001 0.003 0.009 0.026 0.084 0.270 0.768 1.838 3.638 5.699 7.155 8.128 8.706 8.947 9.085 8.975 8.384 7.157 5.592 4.404 4.204 4.652 5.215 5.653 5.875 5.931 5.948 5.929 5.994 6.115 6.199 6.147 5.904 5.467 4.972 4.414 3.703 2.960 2.221 1.613 1.522 1.548 1.606 1.618 1.600 1.531 1.459 1.511 1.762 2.017 2.188 2.301 2.349 2.330 2.264 2.111 2.059 2.066 2.153 2.370 2.535 2.628 2.677 2.666 2.571 2.457 2.313 2.121 1.908
0.000 0.000 0.000 0.000 0.000 0.000 0.000 0.001 0.004 0.009 0.021 0.051 0.142 0.407 1.059 2.324 4.296 6.297 7.489 8.128 8.474 8.707 8.713 8.428 7.543 6.017 4.657 3.894 4.141 4.623 5.179 5.625 5.893 5.988 5.998 5.987 5.988 6.007 6.001 5.867 5.519 5.061 4.708 4.142 3.501 2.793 2.021 1.575 1.513 1.559 1.623 1.631 1.613 1.540 1.460 1.533 1.812 2.093 2.279 2.389 2.428 2.394 2.300 2.180 2.179 2.242 2.437 2.636 2.752 2.798 2.798 2.749 2.677 2.523 2.318 2.074 1.771
0.000 0.000 0.000 0.000 0.000 0.001 0.002 0.004 0.009 0.019 0.042 0.094 0.231 0.589 1.410 2.880 4.923 6.767 7.818 8.215 8.314 8.400 8.324 7.807 6.554 4.995 3.951 3.675 4.049 4.595 5.205 5.675 5.961 6.053 6.068 6.044 6.003 5.976 5.894 5.652 5.257 4.954 4.569 3.908 3.287 2.597 1.786 1.526 1.491 1.560 1.638 1.643 1.624 1.547 1.461 1.572 1.865 2.177 2.400 2.506 2.524 2.463 2.358 2.288 2.312 2.444 2.689 2.835 2.893 2.902 2.862 2.805 2.698 2.521 2.233 1.849 1.355
