RESULTS/r.avaflow_results/12_results/12_ascii/12_hflow10037.asc
ncols 506
nrows 317
xllcenter 498237.50
yllcenter 5580050.00
cellsize 12.50
NODATA_value -9999.000
[rows 204 to 237 of 317, columns 77 to 153 of 506]
0.023 0.022 0.020 0.017 0.015 0.013 0.013 0.013 0.014 0.015 0.017 0.019 0.021 0.024 0.027 0.034 0.053 0.108 0.253 0.574 1.203 2.140 3.042 3.624 3.886 3.935 3.834 3.616 3.324 2.986 2.605 2.182 1.710 1.261 0.911 0.669 0.512 0.416 0.362 0.339 0.335 0.343 0.358 0.362 0.346 0.305 0.237 0.155 0.093 0.051 0.026 0.012 0.005 0.002 0.001 0.001 0.000 0.000 0.000 0.000 0.000 0.000 0.000 0.000 0.000 0.001 0.000 0.001 0.001 0.001 0.000 0.000 0.000 0.000 0.000 0.000 0.001
0.028 0.026 0.023 0.020 0.018 0.017 0.017 0.017 0.018 0.019 0.020 0.021 0.022 0.024 0.028 0.034 0.045 0.073 0.132 0.240 0.431 0.792 1.352 1.928 2.383 2.652 2.751 2.708 2.561 2.322 2.010 1.623 1.171 0.791 0.527 0.352 0.241 0.175 0.141 0.127 0.125 0.129 0.142 0.152 0.153 0.142 0.111 0.069 0.039 0.021 0.010 0.005 0.002 0.001 0.000 0.000 0.000 0.000 0.000 0.000 0.000 0.000 0.000 0.000 0.000 0.001 0.001 0.001 0.001 0.000 0.000 0.000 0.000 0.000 0.000 0.000 0.001
0.034 0.030 0.027 0.024 0.022 0.021 0.021 0.021 0.021 0.021 0.021 0.022 0.023 0.025 0.029 0.035 0.047 0.073 0.126 0.191 0.237 0.300 0.429 0.638 0.890 1.141 1.298 1.351 1.344 1.275 1.123 0.898 0.624 0.406 0.254 0.156 0.099 0.066 0.050 0.043 0.042 0.043 0.047 0.054 0.056 0.054 0.044 0.027 0.015 0.007 0.003 0.002 0.001 0.000 0.000 0.000 0.000 0.000 0.000 0.000 0.000 0.000 0.000 0.000 0.001 0.001 0.001 0.001 0.000 0.000 0.000 0.000 0.000 0.000 0.000 0.000 0.001
0.043 0.037 0.033 0.030 0.029 0.028 0.027 0.026 0.024 0.024 0.023 0.023 0.024 0.027 0.031 0.039 0.054 0.086 0.148 0.199 0.218 0.219 0.201 0.199 0.250 0.355 0.449 0.498 0.513 0.506 0.464 0.381 0.264 0.166 0.101 0.060 0.037 0.023 0.017 0.014 0.013 0.013 0.014 0.017 0.018 0.018 0.016 0.010 0.005 0.002 0.001 0.001 0.000 0.000 0.000 0.000 0.000 0.000 0.000 0.000 0.000 0.000 0.000 0.001 0.001 0.001 0.001 0.001 0.000 0.000 0.000 0.000 0.000 0.000 0.000 0.000 0.001
0.058 0.049 0.044 0.040 0.038 0.035 0.032 0.030 0.028 0.026 0.025 0.025 0.026 0.029 0.035 0.045 0.065 0.111 0.178 0.212 0.219 0.206 0.151 0.094 0.078 0.096 0.128 0.148 0.156 0.158 0.152 0.130 0.093 0.059 0.036 0.021 0.013 0.008 0.005 0.004 0.004 0.004 0.004 0.005 0.005 0.006 0.005 0.003 0.002 0.001 0.001 0.000 0.000 0.000 0.000 0.000 0.000 0.000 0.000 0.000 0.000 0.000 0.001 0.001 0.001 0.001 0.001 0.000 0.000 0.000 0.000 0.000 0.000 0.000 0.000 0.000 0.001
0.084 0.071 0.063 0.056 0.050 0.044 0.039 0.035 0.031 0.029 0.029 0.029 0.030 0.033 0.040 0.053 0.081 0.141 0.199 0.219 0.221 0.197 0.126 0.062 0.036 0.030 0.034 0.040 0.043 0.044 0.044 0.040 0.030 0.019 0.011 0.007 0.004 0.002 0.002 0.001 0.001 0.001 0.001 0.001 0.001 0.001 0.001 0.001 0.001 0.001 0.000 0.000 0.000 0.000 0.000 0.000 0.000 0.000 0.000 0.000 0.000 0.001 0.001 0.001 0.001 0.001 0.001 0.000 0.000 0.000 0.000 0.000 0.000 0.000 0.000 0.000 0.001
0.126 0.108 0.093 0.080 0.068 0.058 0.049 0.042 0.037 0.035 0.034 0.034 0.035 0.039 0.046 0.062 0.101 0.169 0.212 0.223 0.219 0.183 0.103 0.047 0.024 0.015 0.012 0.012 0.012 0.012 0.012 0.011 0.009 0.006 0.003 0.002 0.001 0.001 0.001 0.001 0.001 0.001 0.001 0.000 0.000 0.000 0.000 0.000 0.000 0.000 0.000 0.000 0.000 0.000 0.000 0.000 0.000 0.000 0.000 0.000 0.001 0.001 0.001 0.001 0.001 0.001 0.000 0.000 0.000 0.000 0.000 0.000 0.000 0.000 0.000 0.000 0.000
0.186 0.166 0.143 0.120 0.099 0.080 0.065 0.054 0.047 0.043 0.042 0.041 0.042 0.046 0.054 0.074 0.124 0.190 0.219 0.224 0.213 0.160 0.081 0.038 0.019 0.011 0.007 0.005 0.005 0.004 0.003 0.003 0.002 0.002 0.001 0.001 0.001 0.001 0.001 0.001 0.001 0.001 0.000 0.000 0.000 0.000 0.000 0.000 0.000 0.000 0.000 0.001 0.000 0.000 0.000 0.000 0.000 0.000 0.000 0.001 0.001 0.001 0.001 0.001 0.001 0.001 0.000 0.000 0.000 0.000 0.000 0.000 0.000 0.000 0.000 0.000 0.000
0.265 0.245 0.217 0.186 0.152 0.119 0.092 0.074 0.062 0.055 0.052 0.052 0.052 0.055 0.064 0.088 0.148 0.204 0.223 0.223 0.201 0.133 0.065 0.032 0.017 0.010 0.006 0.004 0.003 0.002 0.001 0.001 0.001 0.001 0.000 0.000 0.000 0.001 0.001 0.001 0.001 0.001 0.001 0.000 0.000 0.000 0.000 0.000 0.000 0.000 0.000 0.001 0.000 0.000 0.000 0.000 0.000 0.000 0.001 0.001 0.001 0.001 0.001 0.001 0.001 0.001 0.000 0.000 0.000 0.000 0.000 0.000 0.000 0.000 0.000 0.000 0.000
0.364 0.347 0.319 0.282 0.237 0.186 0.141 0.108 0.087 0.075 0.068 0.066 0.066 0.069 0.078 0.107 0.171 0.214 0.226 0.221 0.184 0.108 0.053 0.028 0.016 0.009 0.006 0.004 0.003 0.002 0.001 0.001 0.000 0.000 0.000 0.000 0.000 0.000 0.001 0.001 0.001 0.001 0.001 0.001 0.000 0.000 0.000 0.000 0.000 0.000 0.000 0.000 0.000 0.000 0.000 0.000 0.000 0.000 0.001 0.001 0.001 0.001 0.001 0.001 0.001 0.000 0.000 0.000 0.000 0.000 0.000 0.000 0.000 0.000 0.000 0.000 0.000
0.487 0.474 0.449 0.411 0.360 0.295 0.224 0.168 0.130 0.106 0.093 0.088 0.087 0.089 0.099 0.135 0.194 0.223 0.228 0.214 0.159 0.085 0.044 0.025 0.015 0.009 0.006 0.004 0.002 0.001 0.001 0.001 0.000 0.000 0.000 0.000 0.000 0.000 0.001 0.000 0.001 0.001 0.001 0.001 0.000 0.000 0.000 0.000 0.000 0.000 0.000 0.000 0.000 0.000 0.000 0.000 0.000 0.001 0.001 0.001 0.001 0.001 0.001 0.001 0.000 0.000 0.000 0.000 0.000 0.000 0.000 0.000 0.000 0.000 0.000 0.000 0.000
0.638 0.629 0.608 0.573 0.520 0.447 0.354 0.265 0.200 0.157 0.132 0.120 0.116 0.118 0.130 0.170 0.217 0.232 0.230 0.200 0.128 0.067 0.038 0.023 0.014 0.009 0.006 0.003 0.002 0.001 0.001 0.001 0.001 0.000 0.000 0.000 0.000 0.000 0.001 0.000 0.000 0.001 0.001 0.001 0.001 0.000 0.000 0.000 0.000 0.000 0.000 0.000 0.000 0.000 0.000 0.000 0.000 0.001 0.001 0.001 0.001 0.001 0.001 0.001 0.000 0.000 0.000 0.000 0.000 0.000 0.000 0.000 0.000 0.000 0.000 0.000 0.000
0.822 0.816 0.800 0.769 0.718 0.641 0.535 0.413 0.311 0.240 0.195 0.169 0.160 0.159 0.173 0.212 0.243 0.248 0.230 0.170 0.097 0.055 0.035 0.022 0.014 0.009 0.005 0.003 0.002 0.001 0.001 0.001 0.001 0.001 0.000 0.000 0.000 0.000 0.001 0.000 0.001 0.001 0.001 0.001 0.001 0.001 0.000 0.000 0.000 0.000 0.000 0.000 0.000 0.000 0.000 0.000 0.000 0.001 0.001 0.001 0.001 0.001 0.001 0.001 0.000 0.000 0.000 0.000 0.000 0.000 0.000 0.000 0.000 0.000 0.000 0.000 0.000
1.043 1.040 1.029 1.002 0.954 0.876 0.765 0.621 0.476 0.367 0.292 0.246 0.224 0.220 0.232 0.261 0.273 0.260 0.209 0.131 0.077 0.050 0.034 0.022 0.014 0.008 0.005 0.003 0.002 0.001 0.001 0.001 0.001 0.001 0.000 0.000 0.000 0.000 0.001 0.000 0.001 0.001 0.001 0.001 0.001 0.001 0.001 0.000 0.000 0.000 0.000 0.000 0.000 0.000 0.000 0.000 0.000 0.000 0.000 0.000 0.000 0.000 0.000 0.000 0.000 0.000 0.000 0.000 0.000 0.000 0.000 0.000 0.000 0.000 0.000 0.000 0.000
1.306 1.306 1.298 1.275 1.230 1.156 1.044 0.890 0.707 0.550 0.437 0.363 0.323 0.310 0.311 0.315 0.297 0.248 0.171 0.105 0.070 0.049 0.034 0.022 0.014 0.008 0.005 0.002 0.001 0.001 0.001 0.000 0.001 0.001 0.000 0.000 0.000 0.000 0.001 0.000 0.000 0.001 0.001 0.001 0.001 0.001 0.001 0.001 0.000 0.000 0.000 0.000 0.000 0.000 0.000 0.000 0.000 0.000 0.000 0.000 0.000 0.000 0.000 0.000 0.000 0.000 0.000 0.000 0.000 0.000 0.000 0.000 0.000 0.000 0.000 0.000 0.000
1.614 1.615 1.610 1.593 1.553 1.482 1.372 1.216 1.013 0.806 0.647 0.538 0.473 0.435 0.403 0.364 0.306 0.226 0.148 0.099 0.070 0.050 0.035 0.023 0.014 0.008 0.004 0.002 0.001 0.001 0.001 0.000 0.000 0.001 0.000 0.000 0.000 0.000 0.001 0.000 0.001 0.001 0.001 0.001 0.001 0.001 0.001 0.001 0.001 0.000 0.000 0.000 0.000 0.000 0.000 0.000 0.000 0.000 0.000 0.000 0.000 0.000 0.000 0.000 0.000 0.000 0.000 0.000 0.000 0.000 0.000 0.000 0.000 0.000 0.000 0.000 0.000
1.971 1.974 1.972 1.957 1.922 1.855 1.750 1.600 1.394 1.150 0.940 0.783 0.670 0.580 0.491 0.400 0.306 0.214 0.145 0.101 0.072 0.053 0.037 0.024 0.014 0.007 0.004 0.002 0.001 0.001 0.001 0.000 0.000 0.000 0.000 0.000 0.000 0.000 0.000 0.000 0.001 0.001 0.001 0.001 0.001 0.001 0.001 0.001 0.001 0.001 0.001 0.000 0.000 0.000 0.000 0.000 0.000 0.000 0.001 0.001 0.001 0.000 0.000 0.000 0.000 0.000 0.000 0.000 0.000 0.000 0.000 0.000 0.000 0.000 0.000 0.000 0.000
2.359 2.371 2.371 2.360 2.330 2.273 2.179 2.042 1.851 1.594 1.318 1.085 0.892 0.724 0.572 0.434 0.313 0.218 0.152 0.109 0.080 0.059 0.041 0.026 0.014 0.007 0.004 0.002 0.001 0.001 0.000 0.000 0.001 0.001 0.000 0.000 0.000 0.000 0.001 0.000 0.001 0.001 0.001 0.001 0.000 0.001 0.001 0.001 0.001 0.001 0.001 0.000 0.000 0.000 0.000 0.000 0.000 0.000 0.000 0.000 0.001 0.000 0.000 0.000 0.000 0.000 0.000 0.000 0.000 0.000 0.000 0.000 0.000 0.000 0.000 0.000 0.000
2.707 2.730 2.735 2.730 2.711 2.669 2.602 2.491 2.317 2.068 1.749 1.416 1.124 0.872 0.658 0.481 0.342 0.243 0.176 0.130 0.096 0.069 0.046 0.028 0.015 0.007 0.003 0.002 0.001 0.001 0.000 0.000 0.000 0.000 0.000 0.000 0.000 0.000 0.001 0.001 0.001 0.001 0.001 0.001 0.000 0.000 0.001 0.001 0.001 0.001 0.001 0.000 0.000 0.000 0.000 0.000 0.000 0.000 0.000 0.001 0.001 0.000 0.000 0.000 0.000 0.000 0.000 0.000 0.000 0.000 0.000 0.000 0.000 0.000 0.000 0.000 0.000
3.000 3.033 3.049 3.050 3.041 3.015 2.966 2.873 2.709 2.471 2.156 1.766 1.370 1.037 0.767 0.559 0.407 0.301 0.225 0.167 0.121 0.083 0.052 0.029 0.014 0.007 0.003 0.002 0.001 0.001 0.001 0.000 0.000 0.000 0.000 0.000 0.000 0.000 0.001 0.001 0.001 0.001 0.001 0.001 0.000 0.000 0.000 0.001 0.001 0.001 0.001 0.000 0.000 0.000 0.000 0.000 0.001 0.000 0.001 0.001 0.000 0.000 0.000 0.000 0.000 0.000 0.000 0.000 0.000 0.000 0.000 0.000 0.000 0.000 0.000 0.000 0.000
3.246 3.286 3.310 3.322 3.321 3.309 3.268 3.181 3.031 2.811 2.511 2.116 1.651 1.239 0.921 0.688 0.524 0.404 0.308 0.227 0.158 0.101 0.057 0.029 0.014 0.006 0.003 0.002 0.001 0.001 0.001 0.001 0.001 0.000 0.000 0.000 0.000 0.000 0.001 0.001 0.001 0.001 0.001 0.001 0.001 0.000 0.000 0.000 0.000 0.001 0.000 0.000 0.000 0.000 0.000 0.001 0.001 0.000 0.001 0.001 0.000 0.000 0.000 0.000 0.000 0.000 0.000 0.000 0.000 0.000 0.000 0.000 0.000 0.000 0.000 0.000 0.000
3.450 3.492 3.520 3.540 3.549 3.544 3.508 3.426 3.291 3.091 2.814 2.445 1.971 1.504 1.151 0.897 0.713 0.567 0.435 0.313 0.205 0.118 0.059 0.028 0.013 0.006 0.003 0.001 0.001 0.001 0.000 0.001 0.001 0.000 0.000 0.000 0.000 0.000 0.001 0.001 0.001 0.001 0.001 0.001 0.001 0.001 0.000 0.000 0.000 0.001 0.000 0.000 0.000 0.000 0.000 0.001 0.001 0.001 0.001 0.001 0.000 0.000 0.000 0.000 0.000 0.000 0.000 0.000 0.000 0.000 0.000 0.000 0.000 0.000 0.000 0.000 0.000
3.615 3.659 3.688 3.710 3.724 3.722 3.688 3.617 3.497 3.317 3.067 2.738 2.311 1.853 1.490 1.215 0.992 0.789 0.589 0.399 0.239 0.125 0.058 0.026 0.011 0.005 0.002 0.001 0.001 0.000 0.000 0.000 0.001 0.000 0.000 0.000 0.000 0.000 0.000 0.001 0.001 0.001 0.000 0.000 0.001 0.001 0.001 0.000 0.000 0.000 0.000 0.000 0.000 0.000 0.001 0.001 0.001 0.001 0.001 0.001 0.000 0.000 0.000 0.000 0.000 0.000 0.000 0.000 0.000 0.000 0.000 0.000 0.000 0.000 0.000 0.000 0.000
3.747 3.798 3.831 3.849 3.856 3.853 3.824 3.762 3.656 3.495 3.274 2.984 2.619 2.212 1.853 1.542 1.253 0.968 0.692 0.446 0.252 0.123 0.054 0.023 0.009 0.004 0.002 0.001 0.000 0.000 0.000 0.000 0.001 0.000 0.000 0.000 0.000 0.000 0.000 0.001 0.001 0.001 0.000 0.000 0.000 0.001 0.001 0.001 0.000 0.000 0.000 0.000 0.000 0.000 0.000 0.000 0.000 0.000 0.000 0.000 0.000 0.000 0.000 0.000 0.000 0.000 0.000 0.000 0.000 0.000 0.000 0.000 0.000 0.000 0.000 0.000 0.000
3.855 3.912 3.945 3.959 3.960 3.951 3.925 3.870 3.774 3.631 3.436 3.178 2.856 2.486 2.116 1.766 1.419 1.065 0.732 0.454 0.247 0.115 0.047 0.019 0.007 0.003 0.001 0.001 0.001 0.000 0.000 0.000 0.000 0.000 0.000 0.000 0.000 0.000 0.000 0.001 0.001 0.001 0.000 0.000 0.000 0.000 0.001 0.001 0.001 0.000 0.000 0.000 0.000 0.000 0.000 0.000 0.000 0.000 0.000 0.000 0.000 0.000 0.000 0.000 0.000 0.000 0.000 0.000 0.000 0.000 0.000 0.000 0.000 0.000 0.000 0.000 0.000
3.936 4.002 4.034 4.041 4.039 4.030 4.004 3.951 3.863 3.734 3.557 3.320 3.021 2.671 2.290 1.904 1.505 1.092 0.727 0.433 0.222 0.096 0.037 0.014 0.006 0.002 0.001 0.001 0.001 0.001 0.000 0.000 0.000 0.000 0.000 0.000 0.000 0.000 0.001 0.001 0.001 0.001 0.001 0.000 0.000 0.000 0.000 0.001 0.001 0.001 0.000 0.000 0.000 0.000 0.000 0.000 0.001 0.001 0.001 0.000 0.000 0.000 0.000 0.000 0.000 0.000 0.000 0.000 0.000 0.000 0.000 0.000 0.000 0.000 0.000 0.000 0.000
3.991 4.067 4.098 4.103 4.102 4.094 4.070 4.019 3.937 3.816 3.644 3.416 3.126 2.782 2.395 1.981 1.534 1.076 0.682 0.375 0.173 0.068 0.026 0.010 0.004 0.002 0.001 0.001 0.001 0.001 0.001 0.000 0.000 0.000 0.000 0.000 0.000 0.000 0.001 0.001 0.001 0.001 0.001 0.001 0.000 0.000 0.000 0.000 0.001 0.000 0.000 0.000 0.000 0.000 0.000 0.000 0.000 0.000 0.000 0.000 0.000 0.000 0.000 0.000 0.000 0.000 0.000 0.000 0.000 0.000 0.000 0.000 0.000 0.000 0.000 0.000 0.000
4.029 4.110 4.147 4.158 4.157 4.148 4.126 4.080 4.002 3.882 3.708 3.476 3.187 2.844 2.452 2.015 1.528 1.023 0.600 0.296 0.123 0.048 0.019 0.008 0.003 0.001 0.001 0.001 0.001 0.001 0.001 0.001 0.000 0.000 0.000 0.000 0.000 0.000 0.001 0.001 0.001 0.001 0.001 0.001 0.001 0.000 0.000 0.000 0.000 0.000 0.000 0.000 0.000 0.000 0.000 0.000 0.000 0.000 0.000 0.000 0.000 0.000 0.000 0.000 0.000 0.000 0.000 0.000 0.000 0.000 0.000 0.000 0.000 0.000 0.000 0.000 0.000
4.045 4.133 4.186 4.209 4.211 4.203 4.181 4.137 4.058 3.932 3.751 3.514 3.221 2.875 2.475 2.023 1.495 0.942 0.511 0.234 0.094 0.037 0.015 0.006 0.003 0.001 0.001 0.001 0.001 0.001 0.001 0.001 0.000 0.000 0.000 0.000 0.000 0.000 0.000 0.000 0.000 0.000 0.000 0.000 0.001 0.001 0.000 0.000 0.000 0.000 0.000 0.000 0.000 0.000 0.000 0.000 0.000 0.000 0.000 0.000 0.000 0.000 0.000 0.000 0.000 0.000 0.000 0.000 0.000 0.000 0.000 0.000 0.000 0.000 0.000 0.000 0.000
4.044 4.136 4.205 4.244 4.256 4.253 4.234 4.186 4.099 3.965 3.778 3.535 3.238 2.887 2.482 2.008 1.425 0.846 0.431 0.187 0.074 0.029 0.011 0.004 0.002 0.001 0.001 0.001 0.001 0.001 0.001 0.001 0.000 0.000 0.000 0.000 0.000 0.000 0.000 0.001 0.001 0.001 0.000 0.000 0.000 0.000 0.001 0.001 0.000 0.000 0.000 0.000 0.000 0.000 0.000 0.001 0.001 0.000 0.000 0.000 0.000 0.000 0.000 0.000 0.000 0.000 0.000 0.000 0.000 0.000 0.000 0.000 0.000 0.000 0.000 0.000 0.000
4.027 4.130 4.214 4.271 4.294 4.297 4.278 4.225 4.130 3.985 3.789 3.541 3.244 2.893 2.478 1.961 1.313 0.737 0.353 0.146 0.056 0.021 0.008 0.003 0.001 0.001 0.001 0.000 0.001 0.001 0.001 0.000 0.000 0.000 0.000 0.000 0.000 0.000 0.000 0.001 0.001 0.001 0.001 0.001 0.000 0.000 0.000 0.001 0.001 0.001 0.000 0.000 0.000 0.000 0.001 0.001 0.001 0.001 0.000 0.000 0.000 0.000 0.000 0.000 0.000 0.000 0.000 0.000 0.000 0.000 0.000 0.000 0.000 0.000 0.000 0.000 0.000
3.981 4.102 4.205 4.284 4.324 4.329 4.312 4.257 4.151 3.995 3.791 3.541 3.243 2.886 2.440 1.846 1.151 0.608 0.271 0.105 0.038 0.014 0.005 0.002 0.001 0.001 0.000 0.000 0.000 0.001 0.001 0.000 0.000 0.000 0.000 0.000 0.000 0.000 0.000 0.001 0.001 0.001 0.001 0.001 0.001 0.000 0.000 0.000 0.000 0.000 0.000 0.000 0.000 0.000 0.000 0.000 0.001 0.000 0.000 0.000 0.000 0.000 0.000 0.000 0.000 0.000 0.000 0.000 0.000 0.000 0.000 0.000 0.000 0.000 0.000 0.000 0.000
3.892 4.025 4.159 4.274 4.336 4.349 4.333 4.275 4.164 3.999 3.786 3.526 3.209 2.811 2.290 1.604 0.922 0.445 0.179 0.064 0.022 0.008 0.003 0.001 0.001 0.001 0.000 0.000 0.000 0.000 0.001 0.001 0.000 0.000 0.000 0.000 0.000 0.000 0.000 0.001 0.001 0.001 0.001 0.001 0.001 0.001 0.000 0.000 0.000 0.000 0.000 0.000 0.000 0.000 0.000 0.001 0.000 0.000 0.000 0.000 0.000 0.000 0.000 0.000 0.000 0.000 0.000 0.000 0.000 0.000 0.000 0.000 0.000 0.000 0.000 0.000 0.000
3.749 3.883 4.037 4.197 4.302 4.341 4.334 4.279 4.163 3.985 3.746 3.439 3.047 2.546 1.910 1.189 0.606 0.257 0.094 0.033 0.011 0.004 0.002 0.001 0.001 0.001 0.001 0.000 0.000 0.000 0.000 0.001 0.000 0.000 0.000 0.000 0.000 0.000 0.000 0.000 0.000 0.000 0.000 0.000 0.000 0.001 0.000 0.000 0.000 0.000 0.000 0.000 0.000 0.000 0.000 0.001 0.000 0.000 0.000 0.000 0.000 0.000 0.000 0.000 0.000 0.000 0.000 0.000 0.000 0.000 0.000 0.000 0.000 0.000 0.000 0.000 0.000
