RESULTS/r.avaflow_results/12_results/12_ascii/12_hflow0048.asc
ncols 506
nrows 317
xllcenter 498237.50
yllcenter 5580050.00
cellsize 12.50
NODATA_value -9999.000
[rows 170 to 203 of 317, columns 154 to 230 of 506]
10.870 10.575 10.279 9.981 9.672 9.364 9.077 8.816 8.573 8.345 8.125 7.911 7.687 7.412 7.021 6.478 5.792 5.012 4.195 3.411 2.693 2.061 1.540 1.145 0.870 0.696 0.601 0.563 0.561 0.581 0.622 0.663 0.687 0.701 0.714 0.731 0.761 0.792 0.805 0.804 0.790 0.767 0.742 0.716 0.683 0.637 0.572 0.492 0.414 0.341 0.275 0.222 0.183 0.156 0.138 0.129 0.126 0.128 0.132 0.137 0.141 0.144 0.146 0.147 0.148 0.151 0.160 0.182 0.235 0.342 0.478 0.558 0.580 0.566 0.503 0.381 0.253
13.408 13.457 13.408 13.278 13.099 12.883 12.629 12.347 12.054 11.762 11.475 11.199 10.924 10.607 10.170 9.538 8.697 7.680 6.556 5.411 4.332 3.355 2.522 1.866 1.394 1.081 0.890 0.794 0.761 0.761 0.782 0.798 0.801 0.794 0.786 0.785 0.794 0.806 0.809 0.800 0.775 0.739 0.699 0.659 0.612 0.545 0.449 0.339 0.247 0.184 0.144 0.118 0.102 0.092 0.088 0.087 0.089 0.094 0.100 0.104 0.105 0.106 0.106 0.105 0.105 0.107 0.114 0.131 0.169 0.246 0.374 0.491 0.546 0.557 0.541 0.483 0.372
16.242 16.728 16.936 16.915 16.763 16.556 16.289 15.984 15.661 15.333 15.005 14.685 14.374 14.036 13.590 12.927 11.995 10.818 9.469 8.035 6.609 5.252 4.030 3.012 2.233 1.677 1.303 1.074 0.950 0.888 0.858 0.841 0.825 0.807 0.789 0.779 0.776 0.773 0.764 0.737 0.687 0.623 0.562 0.501 0.431 0.344 0.249 0.172 0.124 0.095 0.078 0.067 0.062 0.059 0.059 0.061 0.065 0.072 0.077 0.080 0.080 0.080 0.079 0.078 0.078 0.079 0.084 0.096 0.123 0.175 0.271 0.404 0.503 0.544 0.550 0.532 0.473
18.265 19.127 19.589 19.729 19.675 19.537 19.334 19.093 18.821 18.519 18.193 17.856 17.522 17.168 16.727 16.089 15.184 14.018 12.649 11.131 9.510 7.846 6.202 4.734 3.529 2.595 1.912 1.446 1.150 0.975 0.881 0.834 0.803 0.774 0.744 0.717 0.694 0.671 0.639 0.581 0.493 0.403 0.330 0.270 0.217 0.163 0.117 0.085 0.065 0.053 0.046 0.042 0.041 0.041 0.042 0.044 0.050 0.056 0.061 0.063 0.063 0.062 0.061 0.061 0.061 0.062 0.065 0.074 0.092 0.126 0.189 0.301 0.439 0.520 0.546 0.545 0.520
19.308 20.423 21.142 21.531 21.707 21.763 21.732 21.631 21.463 21.234 20.936 20.586 20.219 19.841 19.403 18.795 17.936 16.818 15.480 13.981 12.352 10.590 8.680 6.731 5.009 3.608 2.542 1.794 1.312 1.024 0.869 0.784 0.726 0.675 0.624 0.575 0.528 0.479 0.421 0.346 0.265 0.203 0.161 0.129 0.102 0.078 0.060 0.047 0.039 0.034 0.031 0.030 0.030 0.030 0.031 0.034 0.039 0.044 0.048 0.050 0.050 0.050 0.049 0.049 0.050 0.051 0.054 0.061 0.072 0.094 0.134 0.209 0.343 0.470 0.527 0.539 0.530
19.550 20.782 21.707 22.368 22.835 23.155 23.348 23.409 23.347 23.196 22.937 22.566 22.157 21.764 21.339 20.781 20.007 18.982 17.702 16.193 14.486 12.590 10.477 8.146 6.005 4.251 2.918 1.988 1.393 1.035 0.823 0.686 0.585 0.498 0.419 0.355 0.306 0.266 0.224 0.177 0.134 0.103 0.081 0.066 0.053 0.043 0.035 0.030 0.026 0.024 0.023 0.023 0.023 0.024 0.025 0.027 0.031 0.035 0.039 0.040 0.041 0.042 0.042 0.042 0.043 0.045 0.048 0.052 0.060 0.074 0.100 0.150 0.246 0.383 0.480 0.517 0.520
19.407 20.691 21.721 22.540 23.211 23.743 24.101 24.279 24.294 24.191 23.962 23.566 23.128 22.748 22.349 21.842 21.152 20.233 19.038 17.539 15.756 13.721 11.424 8.849 6.451 4.507 3.046 2.042 1.404 1.003 0.738 0.550 0.407 0.302 0.230 0.186 0.159 0.137 0.115 0.091 0.071 0.057 0.046 0.038 0.032 0.027 0.024 0.021 0.020 0.019 0.019 0.019 0.019 0.020 0.021 0.022 0.025 0.028 0.031 0.033 0.035 0.036 0.037 0.038 0.040 0.041 0.044 0.047 0.053 0.063 0.081 0.114 0.175 0.281 0.399 0.467 0.491
18.870 20.255 21.437 22.414 23.208 23.817 24.215 24.417 24.457 24.372 24.155 23.746 23.296 22.934 22.555 22.068 21.418 20.561 19.436 17.973 16.162 14.041 11.642 8.966 6.491 4.494 3.006 1.990 1.334 0.901 0.602 0.392 0.253 0.170 0.122 0.097 0.083 0.072 0.062 0.051 0.042 0.035 0.029 0.025 0.022 0.019 0.018 0.017 0.016 0.016 0.016 0.016 0.016 0.016 0.017 0.018 0.020 0.022 0.025 0.028 0.030 0.032 0.033 0.035 0.037 0.039 0.041 0.044 0.049 0.056 0.069 0.091 0.131 0.198 0.297 0.388 0.441
17.951 19.459 20.798 21.945 22.870 23.533 23.931 24.111 24.133 24.040 23.825 23.431 22.975 22.587 22.184 21.681 21.041 20.228 19.160 17.738 15.934 13.783 11.311 8.587 6.135 4.169 2.720 1.742 1.109 0.691 0.411 0.238 0.144 0.094 0.067 0.054 0.047 0.041 0.036 0.031 0.027 0.024 0.021 0.018 0.016 0.015 0.014 0.013 0.013 0.013 0.013 0.013 0.013 0.013 0.014 0.015 0.016 0.018 0.020 0.023 0.025 0.028 0.030 0.032 0.034 0.036 0.039 0.042 0.046 0.051 0.061 0.077 0.103 0.147 0.212 0.295 0.367
16.730 18.331 19.773 21.019 22.018 22.724 23.129 23.273 23.232 23.096 22.871 22.538 22.107 21.621 21.088 20.495 19.826 19.033 18.014 16.630 14.819 12.609 10.061 7.429 5.156 3.370 2.078 1.225 0.703 0.394 0.219 0.127 0.078 0.053 0.040 0.033 0.029 0.026 0.024 0.022 0.019 0.018 0.016 0.015 0.013 0.012 0.011 0.011 0.011 0.011 0.011 0.011 0.011 0.011 0.011 0.012 0.013 0.014 0.016 0.019 0.021 0.024 0.027 0.030 0.032 0.034 0.037 0.040 0.043 0.048 0.055 0.067 0.087 0.116 0.160 0.219 0.285
15.235 16.840 18.311 19.595 20.646 21.411 21.856 21.980 21.879 21.684 21.460 21.223 20.844 20.234 19.489 18.743 17.990 17.145 16.065 14.590 12.650 10.289 7.735 5.391 3.497 2.099 1.160 0.609 0.323 0.177 0.103 0.064 0.044 0.032 0.026 0.023 0.021 0.019 0.018 0.016 0.015 0.014 0.013 0.012 0.011 0.010 0.009 0.009 0.009 0.008 0.008 0.008 0.008 0.009 0.009 0.009 0.010 0.012 0.013 0.015 0.018 0.020 0.024 0.027 0.030 0.032 0.035 0.038 0.041 0.045 0.052 0.062 0.078 0.100 0.131 0.172 0.222
13.470 14.968 16.429 17.763 18.919 19.813 20.360 20.525 20.422 20.217 20.002 19.788 19.394 18.680 17.769 16.857 15.949 14.912 13.553 11.732 9.394 6.854 4.602 2.918 1.749 0.973 0.500 0.249 0.132 0.078 0.051 0.036 0.027 0.022 0.019 0.017 0.016 0.015 0.014 0.013 0.012 0.012 0.011 0.010 0.009 0.008 0.008 0.007 0.007 0.007 0.006 0.006 0.006 0.006 0.007 0.007 0.008 0.009 0.010 0.012 0.014 0.017 0.020 0.024 0.027 0.030 0.033 0.036 0.039 0.044 0.050 0.060 0.073 0.092 0.116 0.147 0.184
11.516 12.838 14.260 15.672 16.967 18.022 18.712 18.984 18.933 18.750 18.503 18.181 17.649 16.837 15.842 14.788 13.660 12.269 10.398 7.995 5.534 3.525 2.116 1.222 0.682 0.364 0.186 0.098 0.058 0.039 0.029 0.023 0.019 0.017 0.015 0.014 0.013 0.012 0.012 0.011 0.010 0.010 0.009 0.009 0.008 0.007 0.007 0.006 0.006 0.005 0.005 0.005 0.005 0.005 0.005 0.005 0.006 0.007 0.008 0.010 0.012 0.014 0.017 0.020 0.024 0.027 0.031 0.034 0.038 0.043 0.049 0.059 0.072 0.089 0.110 0.134 0.162
9.664 10.734 11.969 13.345 14.698 15.840 16.634 17.012 17.027 16.846 16.473 15.903 15.133 14.188 13.116 11.920 10.506 8.648 6.347 4.154 2.513 1.396 0.741 0.401 0.224 0.125 0.071 0.044 0.031 0.024 0.019 0.017 0.015 0.013 0.012 0.011 0.011 0.010 0.010 0.009 0.009 0.008 0.008 0.007 0.007 0.006 0.005 0.005 0.004 0.004 0.004 0.003 0.003 0.003 0.003 0.003 0.004 0.005 0.006 0.008 0.010 0.012 0.015 0.018 0.021 0.025 0.029 0.033 0.037 0.042 0.050 0.059 0.072 0.089 0.107 0.128 0.152
7.903 8.672 9.589 10.664 11.787 12.761 13.479 13.861 13.906 13.713 13.213 12.399 11.336 10.143 8.921 7.614 6.108 4.407 2.799 1.593 0.829 0.416 0.219 0.127 0.078 0.050 0.034 0.025 0.020 0.017 0.014 0.013 0.012 0.011 0.010 0.009 0.009 0.009 0.008 0.008 0.007 0.007 0.007 0.006 0.006 0.005 0.005 0.004 0.004 0.004 0.003 0.002 0.002 0.002 0.002 0.002 0.003 0.003 0.005 0.006 0.008 0.010 0.012 0.015 0.019 0.023 0.027 0.031 0.036 0.042 0.050 0.060 0.073 0.089 0.107 0.127 0.150
6.188 6.563 6.979 7.458 7.981 8.473 8.872 9.094 9.106 8.935 8.445 7.592 6.494 5.384 4.407 3.485 2.535 1.590 0.873 0.437 0.218 0.119 0.073 0.049 0.035 0.026 0.021 0.017 0.015 0.013 0.011 0.010 0.010 0.009 0.008 0.008 0.008 0.007 0.007 0.007 0.006 0.006 0.006 0.005 0.005 0.005 0.005 0.004 0.004 0.004 0.003 0.002 0.001 0.001 0.001 0.001 0.001 0.002 0.003 0.005 0.006 0.008 0.011 0.013 0.017 0.021 0.025 0.030 0.035 0.042 0.050 0.061 0.074 0.090 0.108 0.128 0.151
4.511 4.509 4.502 4.501 4.507 4.526 4.551 4.544 4.487 4.360 4.057 3.529 2.813 2.116 1.582 1.143 0.745 0.423 0.220 0.116 0.068 0.045 0.033 0.026 0.021 0.017 0.015 0.013 0.011 0.010 0.009 0.008 0.008 0.007 0.007 0.007 0.006 0.006 0.006 0.005 0.005 0.005 0.005 0.005 0.005 0.005 0.005 0.005 0.005 0.004 0.003 0.002 0.001 0.000 0.000 0.000 0.001 0.001 0.002 0.003 0.005 0.007 0.009 0.012 0.015 0.019 0.023 0.029 0.035 0.042 0.050 0.061 0.074 0.090 0.109 0.131 0.158
2.911 2.654 2.427 2.231 2.062 1.924 1.822 1.742 1.673 1.589 1.445 1.212 0.899 0.623 0.438 0.303 0.193 0.114 0.067 0.043 0.031 0.024 0.020 0.017 0.015 0.013 0.011 0.010 0.009 0.008 0.008 0.007 0.006 0.006 0.006 0.006 0.005 0.005 0.005 0.005 0.005 0.005 0.006 0.006 0.006 0.006 0.007 0.007 0.006 0.006 0.004 0.002 0.001 0.000 0.000 0.000 0.000 0.001 0.001 0.002 0.003 0.005 0.007 0.010 0.013 0.017 0.022 0.027 0.033 0.041 0.049 0.060 0.073 0.089 0.110 0.138 0.174
1.520 1.254 1.064 0.923 0.806 0.704 0.625 0.566 0.520 0.477 0.424 0.351 0.254 0.175 0.124 0.089 0.061 0.042 0.030 0.023 0.019 0.017 0.014 0.013 0.011 0.010 0.009 0.008 0.007 0.007 0.006 0.006 0.006 0.005 0.005 0.005 0.005 0.005 0.005 0.006 0.006 0.007 0.007 0.008 0.009 0.010 0.010 0.010 0.009 0.007 0.005 0.002 0.001 0.000 0.000 0.000 0.000 0.000 0.001 0.001 0.002 0.004 0.006 0.008 0.011 0.015 0.020 0.025 0.031 0.039 0.047 0.057 0.070 0.087 0.110 0.143 0.188
0.655 0.514 0.422 0.357 0.302 0.253 0.213 0.185 0.164 0.146 0.129 0.108 0.082 0.060 0.046 0.036 0.029 0.023 0.019 0.016 0.014 0.012 0.011 0.010 0.009 0.008 0.007 0.007 0.006 0.006 0.006 0.005 0.005 0.005 0.006 0.006 0.006 0.007 0.007 0.008 0.010 0.011 0.012 0.014 0.015 0.016 0.016 0.016 0.013 0.008 0.005 0.002 0.001 0.000 0.000 0.000 0.000 0.000 0.000 0.001 0.001 0.003 0.004 0.006 0.009 0.013 0.017 0.022 0.028 0.035 0.042 0.052 0.064 0.081 0.105 0.140 0.189
0.257 0.200 0.164 0.137 0.115 0.095 0.079 0.067 0.060 0.054 0.048 0.043 0.036 0.030 0.025 0.021 0.018 0.016 0.014 0.012 0.011 0.010 0.009 0.008 0.007 0.007 0.006 0.006 0.006 0.006 0.006 0.006 0.007 0.007 0.008 0.009 0.010 0.012 0.014 0.016 0.019 0.022 0.024 0.026 0.027 0.026 0.024 0.020 0.014 0.009 0.005 0.002 0.001 0.000 0.000 0.000 0.000 0.000 0.000 0.000 0.001 0.002 0.003 0.005 0.007 0.010 0.014 0.018 0.023 0.029 0.035 0.043 0.053 0.068 0.092 0.127 0.178
0.101 0.080 0.067 0.057 0.048 0.041 0.035 0.031 0.029 0.027 0.025 0.024 0.022 0.019 0.017 0.015 0.014 0.012 0.011 0.010 0.009 0.008 0.007 0.007 0.006 0.006 0.006 0.007 0.007 0.008 0.009 0.010 0.011 0.013 0.015 0.018 0.021 0.026 0.031 0.036 0.040 0.043 0.045 0.043 0.040 0.035 0.029 0.021 0.014 0.009 0.005 0.002 0.001 0.000 0.000 0.000 0.000 0.000 0.000 0.000 0.000 0.001 0.002 0.003 0.005 0.007 0.010 0.013 0.017 0.022 0.026 0.032 0.039 0.050 0.068 0.098 0.145
0.043 0.036 0.031 0.028 0.025 0.022 0.020 0.019 0.018 0.017 0.017 0.016 0.015 0.014 0.013 0.012 0.011 0.009 0.008 0.008 0.007 0.007 0.007 0.007 0.007 0.008 0.009 0.010 0.012 0.015 0.017 0.021 0.025 0.030 0.035 0.041 0.049 0.058 0.065 0.069 0.069 0.066 0.061 0.054 0.046 0.038 0.029 0.021 0.014 0.008 0.005 0.002 0.001 0.000 0.000 0.000 0.000 0.000 0.000 0.000 0.000 0.000 0.001 0.002 0.003 0.005 0.007 0.010 0.012 0.016 0.019 0.023 0.028 0.034 0.044 0.063 0.094
0.021 0.019 0.017 0.016 0.015 0.014 0.014 0.013 0.013 0.013 0.012 0.012 0.012 0.011 0.011 0.010 0.009 0.008 0.007 0.007 0.006 0.007 0.007 0.008 0.010 0.013 0.016 0.021 0.027 0.033 0.041 0.050 0.060 0.070 0.080 0.090 0.099 0.104 0.102 0.096 0.087 0.076 0.067 0.057 0.048 0.038 0.029 0.020 0.013 0.008 0.004 0.002 0.001 0.000 0.000 0.000 0.000 0.000 0.000 0.000 0.000 0.000 0.000 0.001 0.002 0.003 0.005 0.007 0.009 0.011 0.014 0.017 0.020 0.024 0.029 0.039 0.056
0.013 0.012 0.012 0.011 0.011 0.011 0.010 0.010 0.010 0.010 0.010 0.010 0.009 0.009 0.009 0.008 0.007 0.006 0.006 0.006 0.007 0.008 0.011 0.014 0.019 0.027 0.038 0.051 0.066 0.082 0.098 0.115 0.131 0.143 0.150 0.152 0.146 0.136 0.122 0.107 0.091 0.078 0.067 0.057 0.047 0.037 0.027 0.019 0.012 0.007 0.004 0.002 0.001 0.000 0.000 0.000 0.000 0.000 0.000 0.000 0.000 0.000 0.000 0.000 0.001 0.002 0.003 0.004 0.006 0.008 0.010 0.012 0.014 0.017 0.021 0.026 0.035
0.009 0.009 0.009 0.008 0.008 0.008 0.008 0.008 0.008 0.008 0.008 0.008 0.008 0.008 0.007 0.007 0.006 0.006 0.007 0.008 0.010 0.014 0.020 0.029 0.044 0.066 0.094 0.124 0.151 0.174 0.192 0.204 0.210 0.208 0.200 0.187 0.169 0.148 0.127 0.108 0.091 0.077 0.065 0.054 0.044 0.034 0.024 0.016 0.011 0.006 0.004 0.002 0.001 0.000 0.000 0.000 0.000 0.000 0.000 0.000 0.000 0.000 0.000 0.000 0.000 0.001 0.002 0.003 0.004 0.005 0.007 0.009 0.011 0.013 0.015 0.019 0.024
0.007 0.007 0.007 0.007 0.007 0.007 0.007 0.007 0.007 0.007 0.007 0.007 0.007 0.006 0.006 0.006 0.006 0.007 0.009 0.012 0.018 0.028 0.045 0.071 0.107 0.153 0.199 0.234 0.255 0.264 0.267 0.262 0.252 0.238 0.219 0.197 0.173 0.148 0.126 0.106 0.089 0.074 0.061 0.048 0.038 0.028 0.020 0.013 0.008 0.005 0.003 0.001 0.000 0.000 0.000 0.000 0.000 0.000 0.000 0.000 0.000 0.000 0.000 0.000 0.000 0.000 0.001 0.001 0.002 0.003 0.005 0.006 0.008 0.009 0.011 0.014 0.017
0.005 0.005 0.005 0.006 0.006 0.006 0.006 0.006 0.006 0.006 0.006 0.006 0.006 0.006 0.006 0.006 0.008 0.010 0.015 0.023 0.038 0.063 0.101 0.154 0.212 0.260 0.292 0.309 0.314 0.310 0.300 0.285 0.265 0.243 0.221 0.197 0.172 0.146 0.123 0.102 0.084 0.067 0.051 0.038 0.028 0.020 0.013 0.009 0.006 0.003 0.002 0.001 0.000 0.000 0.000 0.000 0.000 0.000 0.000 0.000 0.000 0.000 0.000 0.000 0.000 0.000 0.000 0.001 0.001 0.002 0.003 0.004 0.005 0.007 0.008 0.010 0.013
0.004 0.004 0.004 0.005 0.005 0.005 0.005 0.005 0.005 0.005 0.005 0.005 0.005 0.006 0.006 0.008 0.011 0.017 0.029 0.048 0.080 0.127 0.184 0.242 0.289 0.320 0.334 0.338 0.335 0.326 0.312 0.291 0.267 0.243 0.220 0.196 0.169 0.141 0.115 0.092 0.071 0.052 0.037 0.025 0.017 0.012 0.008 0.006 0.003 0.002 0.001 0.000 0.000 0.000 0.000 0.000 0.000 0.000 0.000 0.000 0.000 0.000 0.000 0.000 0.000 0.000 0.000 0.000 0.000 0.001 0.002 0.002 0.003 0.004 0.006 0.007 0.009
0.003 0.004 0.004 0.004 0.004 0.004 0.004 0.004 0.005 0.005 0.005 0.006 0.006 0.007 0.009 0.012 0.019 0.032 0.054 0.088 0.135 0.189 0.242 0.287 0.319 0.338 0.344 0.344 0.341 0.332 0.315 0.292 0.265 0.239 0.213 0.186 0.156 0.125 0.096 0.070 0.049 0.033 0.022 0.015 0.010 0.007 0.005 0.003 0.002 0.001 0.000 0.000 0.000 0.000 0.000 0.000 0.000 0.000 0.000 0.000 0.000 0.000 0.000 0.000 0.000 0.000 0.000 0.000 0.000 0.000 0.001 0.001 0.002 0.003 0.004 0.005 0.006
0.003 0.003 0.003 0.003 0.004 0.004 0.004 0.005 0.005 0.006 0.006 0.007 0.008 0.009 0.012 0.018 0.030 0.049 0.079 0.121 0.171 0.221 0.263 0.298 0.324 0.339 0.345 0.347 0.344 0.334 0.315 0.288 0.255 0.219 0.186 0.153 0.121 0.089 0.062 0.041 0.027 0.018 0.012 0.008 0.006 0.004 0.003 0.002 0.001 0.000 0.000 0.000 0.000 0.000 0.000 0.000 0.000 0.000 0.000 0.000 0.000 0.000 0.000 0.000 0.000 0.000 0.000 0.000 0.000 0.000 0.000 0.000 0.001 0.001 0.002 0.003 0.004
0.002 0.003 0.003 0.003 0.004 0.004 0.005 0.006 0.006 0.007 0.008 0.009 0.010 0.011 0.015 0.022 0.036 0.059 0.093 0.136 0.186 0.230 0.267 0.298 0.322 0.337 0.342 0.343 0.338 0.325 0.301 0.266 0.220 0.172 0.130 0.094 0.066 0.045 0.030 0.020 0.013 0.009 0.006 0.005 0.003 0.002 0.002 0.001 0.000 0.000 0.000 0.000 0.000 0.000 0.000 0.000 0.000 0.000 0.000 0.000 0.000 0.000 0.000 0.000 0.000 0.000 0.000 0.000 0.000 0.000 0.000 0.000 0.000 0.001 0.001 0.002 0.003
0.002 0.002 0.003 0.004 0.005 0.006 0.007 0.008 0.009 0.009 0.010 0.010 0.011 0.012 0.016 0.023 0.038 0.062 0.096 0.140 0.188 0.230 0.263 0.289 0.306 0.313 0.313 0.307 0.297 0.278 0.248 0.206 0.153 0.103 0.066 0.043 0.028 0.018 0.013 0.009 0.006 0.005 0.003 0.002 0.002 0.001 0.001 0.000 0.000 0.000 0.000 0.000 0.000 0.000 0.000 0.000 0.000 0.000 0.000 0.000 0.000 0.000 0.000 0.000 0.000 0.000 0.000 0.000 0.000 0.000 0.000 0.000 0.000 0.000 0.000 0.001 0.001
0.002 0.002 0.003 0.005 0.006 0.008 0.009 0.010 0.010 0.011 0.011 0.011 0.011 0.012 0.016 0.023 0.037 0.061 0.094 0.136 0.180 0.214 0.238 0.250 0.252 0.245 0.231 0.214 0.196 0.174 0.147 0.114 0.076 0.047 0.028 0.017 0.011 0.007 0.005 0.004 0.003 0.002 0.002 0.001 0.001 0.000 0.000 0.000 0.000 0.000 0.000 0.000 0.000 0.000 0.000 0.000 0.000 0.000 0.000 0.000 0.000 0.000 0.000 0.000 0.000 0.000 0.000 0.000 0.000 0.000 0.000 0.000 0.000 0.000 0.000 0.000 0.001
