RESULTS/r.avaflow_results/12_results/12_ascii/12_hflow0018.asc
ncols 506
nrows 317
xllcenter 498237.50
yllcenter 5580050.00
cellsize 12.50
NODATA_value -9999.000
[rows 170 to 203 of 317, columns 154 to 230 of 506]
10.990 10.986 10.972 10.922 10.825 10.700 10.575 10.440 10.284 10.103 9.901 9.687 9.438 9.096 8.597 7.923 7.163 6.437 5.776 5.157 4.558 3.945 3.355 2.880 2.543 2.340 2.259 2.251 2.260 2.281 2.295 2.299 2.295 2.264 2.191 2.092 1.999 1.909 1.807 1.660 1.455 1.257 1.107 0.983 0.860 0.728 0.585 0.460 0.363 0.288 0.230 0.186 0.153 0.130 0.114 0.103 0.098 0.096 0.096 0.096 0.096 0.094 0.092 0.090 0.087 0.084 0.081 0.080 0.078 0.077 0.073 0.067 0.056 0.041 0.024 0.011 0.004
14.095 14.443 14.643 14.694 14.636 14.535 14.381 14.160 13.884 13.567 13.219 12.862 12.497 12.075 11.511 10.740 9.767 8.687 7.602 6.536 5.514 4.568 3.752 3.112 2.655 2.361 2.193 2.132 2.140 2.168 2.185 2.187 2.168 2.111 2.007 1.857 1.672 1.464 1.243 1.012 0.805 0.665 0.574 0.504 0.437 0.367 0.291 0.226 0.178 0.142 0.117 0.098 0.084 0.076 0.071 0.069 0.069 0.071 0.072 0.073 0.072 0.071 0.069 0.066 0.062 0.058 0.055 0.052 0.050 0.046 0.042 0.035 0.026 0.017 0.009 0.004 0.001
17.101 17.812 18.184 18.271 18.174 18.009 17.786 17.505 17.182 16.824 16.434 16.029 15.624 15.177 14.595 13.776 12.677 11.368 9.964 8.525 7.094 5.750 4.578 3.641 2.959 2.494 2.195 2.018 1.944 1.936 1.928 1.902 1.843 1.738 1.572 1.340 1.084 0.851 0.661 0.509 0.400 0.329 0.283 0.248 0.214 0.178 0.141 0.111 0.089 0.074 0.063 0.056 0.051 0.048 0.048 0.048 0.050 0.053 0.054 0.055 0.054 0.052 0.050 0.046 0.043 0.039 0.036 0.032 0.029 0.026 0.022 0.016 0.011 0.006 0.003 0.001 0.000
19.186 20.216 20.792 21.008 21.000 20.877 20.678 20.427 20.130 19.788 19.400 18.984 18.568 18.123 17.559 16.771 15.692 14.330 12.778 11.121 9.422 7.739 6.149 4.791 3.727 2.941 2.387 2.024 1.795 1.642 1.525 1.413 1.282 1.123 0.930 0.735 0.574 0.447 0.343 0.261 0.203 0.166 0.142 0.124 0.107 0.089 0.072 0.059 0.049 0.043 0.038 0.035 0.034 0.033 0.034 0.035 0.037 0.039 0.040 0.040 0.039 0.037 0.035 0.032 0.028 0.025 0.022 0.019 0.016 0.013 0.010 0.007 0.004 0.002 0.001 0.000 0.000
20.246 21.490 22.287 22.728 22.942 23.018 22.993 22.884 22.688 22.418 22.069 21.655 21.225 20.775 20.235 19.497 18.490 17.213 15.730 14.100 12.349 10.479 8.518 6.625 5.022 3.751 2.804 2.146 1.706 1.389 1.136 0.932 0.767 0.623 0.490 0.382 0.302 0.238 0.184 0.141 0.110 0.090 0.077 0.067 0.058 0.049 0.042 0.035 0.031 0.028 0.026 0.025 0.024 0.024 0.024 0.025 0.027 0.028 0.028 0.028 0.027 0.025 0.023 0.020 0.017 0.015 0.012 0.010 0.008 0.006 0.004 0.003 0.001 0.001 0.000 0.000 0.000
20.494 21.826 22.797 23.478 23.963 24.301 24.516 24.591 24.522 24.343 24.047 23.632 23.178 22.734 22.238 21.587 20.702 19.551 18.155 16.546 14.749 12.770 10.579 8.210 6.075 4.360 3.083 2.206 1.612 1.182 0.863 0.633 0.470 0.350 0.261 0.202 0.163 0.131 0.103 0.081 0.065 0.055 0.047 0.041 0.036 0.031 0.028 0.025 0.022 0.021 0.019 0.019 0.018 0.018 0.018 0.018 0.019 0.019 0.019 0.018 0.017 0.016 0.014 0.012 0.010 0.008 0.007 0.005 0.004 0.003 0.002 0.001 0.000 0.000 0.000 0.000 0.000
20.282 21.683 22.777 23.602 24.264 24.797 25.173 25.379 25.415 25.299 25.048 24.623 24.155 23.750 23.321 22.762 21.999 20.991 19.705 18.124 16.261 14.145 11.764 9.088 6.599 4.613 3.157 2.156 1.466 0.978 0.643 0.425 0.287 0.198 0.142 0.110 0.090 0.075 0.061 0.050 0.043 0.037 0.032 0.028 0.025 0.023 0.020 0.019 0.017 0.016 0.015 0.014 0.013 0.013 0.013 0.013 0.012 0.012 0.012 0.011 0.011 0.010 0.008 0.007 0.005 0.004 0.003 0.002 0.001 0.001 0.000 0.000 0.000 0.000 0.000 0.000 0.000
19.573 21.079 22.352 23.384 24.207 24.830 25.245 25.479 25.556 25.463 25.229 24.796 24.325 23.958 23.576 23.062 22.366 21.460 20.276 18.747 16.866 14.677 12.186 9.372 6.729 4.631 3.077 1.982 1.239 0.748 0.442 0.266 0.167 0.111 0.079 0.062 0.052 0.045 0.039 0.033 0.030 0.027 0.024 0.022 0.019 0.018 0.016 0.015 0.014 0.013 0.011 0.011 0.010 0.009 0.009 0.008 0.008 0.008 0.007 0.007 0.006 0.005 0.004 0.003 0.003 0.002 0.001 0.001 0.000 0.000 0.000 0.000 0.000 0.000 0.000 0.000 0.000
18.431 20.070 21.520 22.750 23.732 24.434 24.858 25.073 25.133 25.036 24.814 24.416 23.960 23.590 23.205 22.700 22.038 21.193 20.082 18.615 16.767 14.573 12.055 9.216 6.534 4.366 2.741 1.619 0.907 0.488 0.266 0.153 0.094 0.063 0.046 0.038 0.033 0.029 0.026 0.023 0.022 0.020 0.019 0.017 0.016 0.014 0.013 0.012 0.011 0.010 0.008 0.007 0.007 0.006 0.005 0.005 0.005 0.004 0.004 0.004 0.003 0.003 0.002 0.002 0.001 0.001 0.000 0.000 0.000 0.000 0.000 0.000 0.000 0.000 0.000 0.000 0.000
16.971 18.731 20.295 21.632 22.694 23.441 23.876 24.050 24.030 23.888 23.674 23.384 23.000 22.549 22.036 21.459 20.811 20.034 19.012 17.623 15.815 13.621 11.085 8.286 5.700 3.603 2.063 1.064 0.521 0.262 0.140 0.082 0.053 0.038 0.030 0.025 0.022 0.020 0.019 0.018 0.016 0.016 0.015 0.014 0.013 0.011 0.010 0.009 0.008 0.007 0.006 0.005 0.004 0.004 0.003 0.003 0.002 0.002 0.002 0.002 0.001 0.001 0.001 0.000 0.000 0.000 0.000 0.000 0.000 0.000 0.000 0.000 0.000 0.000 0.000 0.000 0.000
15.211 17.033 18.636 20.011 21.119 21.928 22.412 22.556 22.445 22.250 22.077 21.939 21.659 21.100 20.371 19.664 18.984 18.208 17.170 15.733 13.848 11.562 8.967 6.377 4.124 2.377 1.213 0.558 0.251 0.123 0.070 0.045 0.032 0.025 0.021 0.018 0.017 0.015 0.014 0.014 0.013 0.012 0.011 0.011 0.010 0.009 0.008 0.007 0.006 0.005 0.004 0.003 0.002 0.002 0.002 0.001 0.001 0.001 0.001 0.001 0.000 0.000 0.000 0.000 0.000 0.000 0.000 0.000 0.000 0.000 0.000 0.000 0.000 0.000 0.000 0.000 0.000
13.143 14.955 16.570 17.993 19.211 20.167 20.776 21.002 20.927 20.760 20.625 20.505 20.217 19.587 18.757 17.955 17.145 16.181 14.897 13.169 10.971 8.383 5.847 3.799 2.281 1.233 0.585 0.248 0.108 0.057 0.037 0.027 0.021 0.018 0.015 0.014 0.013 0.012 0.011 0.011 0.010 0.009 0.009 0.008 0.007 0.006 0.005 0.004 0.004 0.003 0.002 0.002 0.001 0.001 0.000 0.000 0.000 0.000 0.000 0.000 0.000 0.000 0.000 0.000 0.000 0.000 0.000 0.000 0.000 0.000 0.000 0.000 0.000 0.000 0.000 0.000 0.000
11.033 12.692 14.265 15.761 17.130 18.275 19.068 19.442 19.452 19.316 19.168 18.972 18.579 17.905 17.070 16.204 15.245 13.977 12.232 9.936 7.266 4.789 2.993 1.791 1.006 0.510 0.228 0.097 0.048 0.030 0.023 0.018 0.016 0.014 0.012 0.011 0.010 0.009 0.009 0.008 0.007 0.007 0.006 0.006 0.005 0.004 0.003 0.003 0.002 0.001 0.001 0.001 0.000 0.000 0.000 0.000 0.000 0.000 0.000 0.000 0.000 0.000 0.000 0.000 0.000 0.000 0.000 0.000 0.000 0.000 0.000 0.000 0.000 0.000 0.000 0.000 0.000
9.099 10.543 11.947 13.379 14.805 16.058 16.988 17.496 17.599 17.462 17.190 16.772 16.191 15.467 14.646 13.713 12.542 10.893 8.565 5.923 3.681 2.143 1.188 0.640 0.332 0.163 0.077 0.040 0.026 0.019 0.016 0.014 0.012 0.011 0.009 0.008 0.008 0.007 0.006 0.006 0.005 0.005 0.004 0.004 0.003 0.002 0.002 0.001 0.001 0.001 0.000 0.000 0.000 0.000 0.000 0.000 0.000 0.000 0.000 0.000 0.000 0.000 0.000 0.000 0.000 0.000 0.000 0.000 0.000 0.000 0.000 0.000 0.000 0.000 0.000 0.000 0.000
7.244 8.411 9.551 10.724 11.930 13.035 13.913 14.444 14.586 14.445 14.052 13.393 12.564 11.665 10.714 9.620 8.213 6.329 4.232 2.507 1.361 0.695 0.348 0.179 0.096 0.053 0.032 0.022 0.017 0.014 0.012 0.011 0.009 0.008 0.007 0.006 0.006 0.005 0.004 0.004 0.003 0.003 0.002 0.002 0.002 0.001 0.001 0.000 0.000 0.000 0.000 0.000 0.000 0.000 0.000 0.000 0.000 0.000 0.000 0.000 0.000 0.000 0.000 0.000 0.000 0.000 0.000 0.000 0.000 0.000 0.000 0.000 0.000 0.000 0.000 0.000 0.000
5.361 6.149 6.857 7.520 8.178 8.825 9.398 9.773 9.880 9.767 9.378 8.637 7.633 6.581 5.661 4.763 3.734 2.511 1.430 0.726 0.351 0.176 0.095 0.056 0.035 0.024 0.018 0.015 0.012 0.011 0.010 0.008 0.007 0.006 0.005 0.005 0.004 0.003 0.003 0.002 0.002 0.001 0.001 0.001 0.001 0.000 0.000 0.000 0.000 0.000 0.000 0.000 0.000 0.000 0.000 0.000 0.000 0.000 0.000 0.000 0.000 0.000 0.000 0.000 0.000 0.000 0.000 0.000 0.000 0.000 0.000 0.000 0.000 0.000 0.000 0.000 0.000
3.454 3.820 4.108 4.336 4.529 4.717 4.901 5.015 5.026 4.944 4.699 4.208 3.492 2.737 2.156 1.665 1.172 0.675 0.339 0.168 0.089 0.053 0.035 0.025 0.019 0.015 0.013 0.011 0.010 0.009 0.008 0.007 0.006 0.005 0.004 0.003 0.002 0.002 0.001 0.001 0.001 0.000 0.000 0.000 0.000 0.000 0.000 0.000 0.000 0.000 0.000 0.000 0.000 0.000 0.000 0.000 0.000 0.000 0.000 0.000 0.000 0.000 0.000 0.000 0.000 0.000 0.000 0.000 0.000 0.000 0.000 0.000 0.000 0.000 0.000 0.000 0.000
1.825 1.926 1.998 2.033 2.032 2.010 1.995 1.971 1.929 1.864 1.735 1.495 1.146 0.810 0.589 0.425 0.275 0.155 0.084 0.049 0.032 0.024 0.018 0.015 0.013 0.011 0.010 0.009 0.008 0.007 0.006 0.005 0.004 0.004 0.003 0.002 0.001 0.001 0.001 0.000 0.000 0.000 0.000 0.000 0.000 0.000 0.000 0.000 0.000 0.000 0.000 0.000 0.000 0.000 0.000 0.000 0.000 0.000 0.000 0.000 0.000 0.000 0.000 0.000 0.000 0.000 0.000 0.000 0.000 0.000 0.000 0.000 0.000 0.000 0.000 0.000 0.000
0.780 0.788 0.796 0.791 0.769 0.723 0.670 0.622 0.580 0.538 0.486 0.407 0.299 0.208 0.151 0.108 0.072 0.046 0.031 0.022 0.018 0.015 0.012 0.011 0.010 0.009 0.008 0.007 0.006 0.006 0.005 0.004 0.004 0.003 0.002 0.001 0.001 0.000 0.000 0.000 0.000 0.000 0.000 0.000 0.000 0.000 0.000 0.000 0.000 0.000 0.000 0.000 0.000 0.000 0.000 0.000 0.000 0.000 0.000 0.000 0.000 0.000 0.000 0.000 0.000 0.000 0.000 0.000 0.000 0.000 0.000 0.000 0.000 0.000 0.000 0.000 0.000
0.283 0.285 0.287 0.285 0.275 0.251 0.218 0.191 0.170 0.152 0.134 0.112 0.084 0.062 0.047 0.036 0.028 0.021 0.017 0.014 0.012 0.010 0.009 0.008 0.007 0.007 0.006 0.005 0.005 0.004 0.004 0.004 0.003 0.003 0.002 0.001 0.001 0.000 0.000 0.000 0.000 0.000 0.000 0.000 0.000 0.000 0.000 0.000 0.000 0.000 0.000 0.000 0.000 0.000 0.000 0.000 0.000 0.000 0.000 0.000 0.000 0.000 0.000 0.000 0.000 0.000 0.000 0.000 0.000 0.000 0.000 0.000 0.000 0.000 0.000 0.000 0.000
0.103 0.104 0.105 0.103 0.099 0.090 0.075 0.064 0.056 0.050 0.045 0.039 0.032 0.026 0.022 0.018 0.015 0.013 0.011 0.010 0.009 0.008 0.007 0.006 0.006 0.005 0.005 0.004 0.004 0.004 0.004 0.004 0.003 0.003 0.002 0.002 0.001 0.000 0.000 0.000 0.000 0.000 0.000 0.000 0.000 0.000 0.000 0.000 0.000 0.000 0.000 0.000 0.000 0.000 0.000 0.000 0.000 0.000 0.000 0.000 0.000 0.000 0.000 0.000 0.000 0.000 0.000 0.000 0.000 0.000 0.000 0.000 0.000 0.000 0.000 0.000 0.000
0.042 0.042 0.042 0.042 0.040 0.036 0.031 0.027 0.025 0.023 0.021 0.019 0.017 0.015 0.013 0.011 0.010 0.009 0.008 0.007 0.007 0.006 0.005 0.005 0.005 0.004 0.004 0.004 0.004 0.005 0.005 0.005 0.005 0.005 0.004 0.002 0.001 0.000 0.000 0.000 0.000 0.000 0.000 0.000 0.000 0.000 0.000 0.000 0.000 0.000 0.000 0.000 0.000 0.000 0.000 0.000 0.000 0.000 0.000 0.000 0.000 0.000 0.000 0.000 0.000 0.000 0.000 0.000 0.000 0.000 0.000 0.000 0.000 0.000 0.000 0.000 0.000
0.020 0.020 0.020 0.020 0.020 0.018 0.016 0.015 0.014 0.014 0.013 0.012 0.011 0.010 0.009 0.008 0.008 0.007 0.006 0.006 0.005 0.005 0.005 0.004 0.004 0.005 0.005 0.005 0.006 0.007 0.008 0.009 0.009 0.008 0.006 0.004 0.002 0.001 0.000 0.000 0.000 0.000 0.000 0.000 0.000 0.000 0.000 0.000 0.000 0.000 0.000 0.000 0.000 0.000 0.000 0.000 0.000 0.000 0.000 0.000 0.000 0.000 0.000 0.000 0.000 0.000 0.000 0.000 0.000 0.000 0.000 0.000 0.000 0.000 0.000 0.000 0.000
0.011 0.011 0.011 0.012 0.011 0.011 0.011 0.010 0.010 0.010 0.009 0.009 0.008 0.008 0.007 0.007 0.006 0.006 0.005 0.005 0.005 0.005 0.005 0.005 0.006 0.007 0.008 0.011 0.013 0.015 0.017 0.017 0.017 0.015 0.010 0.006 0.003 0.001 0.000 0.000 0.000 0.000 0.000 0.000 0.000 0.000 0.000 0.000 0.000 0.000 0.000 0.000 0.000 0.000 0.000 0.000 0.000 0.000 0.000 0.000 0.000 0.000 0.000 0.000 0.000 0.000 0.000 0.000 0.000 0.000 0.000 0.000 0.000 0.000 0.000 0.000 0.000
0.007 0.007 0.007 0.007 0.008 0.008 0.008 0.008 0.008 0.008 0.008 0.007 0.007 0.007 0.006 0.006 0.006 0.006 0.006 0.006 0.006 0.007 0.008 0.009 0.012 0.016 0.021 0.026 0.031 0.034 0.036 0.035 0.029 0.021 0.013 0.008 0.004 0.002 0.001 0.000 0.000 0.000 0.000 0.000 0.000 0.000 0.000 0.000 0.000 0.000 0.000 0.000 0.000 0.000 0.000 0.000 0.000 0.000 0.000 0.000 0.000 0.000 0.000 0.000 0.000 0.000 0.000 0.000 0.000 0.000 0.000 0.000 0.000 0.000 0.000 0.000 0.000
0.005 0.005 0.005 0.005 0.006 0.006 0.006 0.007 0.007 0.007 0.007 0.007 0.007 0.007 0.007 0.007 0.008 0.008 0.009 0.010 0.011 0.013 0.017 0.023 0.031 0.042 0.054 0.064 0.071 0.073 0.067 0.054 0.038 0.024 0.015 0.009 0.005 0.002 0.001 0.000 0.000 0.000 0.000 0.000 0.000 0.000 0.000 0.000 0.000 0.000 0.000 0.000 0.000 0.000 0.000 0.000 0.000 0.000 0.000 0.000 0.000 0.000 0.000 0.000 0.000 0.000 0.000 0.000 0.000 0.000 0.000 0.000 0.000 0.000 0.000 0.000 0.000
0.003 0.003 0.004 0.004 0.005 0.005 0.006 0.007 0.008 0.008 0.009 0.009 0.009 0.009 0.010 0.012 0.015 0.017 0.020 0.023 0.027 0.035 0.048 0.065 0.086 0.107 0.126 0.136 0.132 0.115 0.088 0.062 0.041 0.026 0.016 0.009 0.005 0.002 0.001 0.000 0.000 0.000 0.000 0.000 0.000 0.000 0.000 0.000 0.000 0.000 0.000 0.000 0.000 0.000 0.000 0.000 0.000 0.000 0.000 0.000 0.000 0.000 0.000 0.000 0.000 0.000 0.000 0.000 0.000 0.000 0.000 0.000 0.000 0.000 0.000 0.000 0.000
0.002 0.002 0.003 0.003 0.004 0.005 0.006 0.008 0.009 0.011 0.012 0.014 0.015 0.017 0.020 0.027 0.034 0.041 0.049 0.059 0.074 0.096 0.126 0.159 0.189 0.209 0.216 0.203 0.173 0.131 0.093 0.063 0.041 0.026 0.016 0.009 0.005 0.002 0.001 0.000 0.000 0.000 0.000 0.000 0.000 0.000 0.000 0.000 0.000 0.000 0.000 0.000 0.000 0.000 0.000 0.000 0.000 0.000 0.000 0.000 0.000 0.000 0.000 0.000 0.000 0.000 0.000 0.000 0.000 0.000 0.000 0.000 0.000 0.000 0.000 0.000 0.000
0.001 0.002 0.002 0.003 0.004 0.006 0.008 0.010 0.014 0.017 0.021 0.025 0.029 0.035 0.046 0.062 0.080 0.097 0.116 0.141 0.175 0.213 0.248 0.272 0.284 0.283 0.266 0.231 0.182 0.132 0.092 0.063 0.041 0.026 0.016 0.009 0.005 0.002 0.001 0.000 0.000 0.000 0.000 0.000 0.000 0.000 0.000 0.000 0.000 0.000 0.000 0.000 0.000 0.000 0.000 0.000 0.000 0.000 0.000 0.000 0.000 0.000 0.000 0.000 0.000 0.000 0.000 0.000 0.000 0.000 0.000 0.000 0.000 0.000 0.000 0.000 0.000
0.001 0.002 0.002 0.004 0.005 0.008 0.011 0.016 0.022 0.028 0.036 0.045 0.055 0.070 0.093 0.124 0.156 0.186 0.219 0.254 0.288 0.314 0.328 0.333 0.327 0.310 0.278 0.233 0.179 0.129 0.090 0.061 0.040 0.026 0.016 0.009 0.005 0.002 0.001 0.000 0.000 0.000 0.000 0.000 0.000 0.000 0.000 0.000 0.000 0.000 0.000 0.000 0.000 0.000 0.000 0.000 0.000 0.000 0.000 0.000 0.000 0.000 0.000 0.000 0.000 0.000 0.000 0.000 0.000 0.000 0.000 0.000 0.000 0.000 0.000 0.000 0.000
0.001 0.001 0.003 0.005 0.008 0.012 0.017 0.025 0.034 0.045 0.057 0.071 0.089 0.112 0.142 0.180 0.219 0.254 0.289 0.321 0.343 0.354 0.356 0.350 0.337 0.312 0.276 0.228 0.171 0.124 0.087 0.059 0.039 0.025 0.015 0.009 0.005 0.002 0.001 0.000 0.000 0.000 0.000 0.000 0.000 0.000 0.000 0.000 0.000 0.000 0.000 0.000 0.000 0.000 0.000 0.000 0.000 0.000 0.000 0.000 0.000 0.000 0.000 0.000 0.000 0.000 0.000 0.000 0.000 0.000 0.000 0.000 0.000 0.000 0.000 0.000 0.000
0.001 0.002 0.004 0.007 0.011 0.018 0.025 0.035 0.045 0.058 0.072 0.090 0.111 0.137 0.170 0.209 0.249 0.286 0.317 0.342 0.356 0.360 0.358 0.351 0.335 0.307 0.267 0.214 0.160 0.115 0.081 0.055 0.037 0.024 0.015 0.009 0.005 0.002 0.001 0.000 0.000 0.000 0.000 0.000 0.000 0.000 0.000 0.000 0.000 0.000 0.000 0.000 0.000 0.000 0.000 0.000 0.000 0.000 0.000 0.000 0.000 0.000 0.000 0.000 0.000 0.000 0.000 0.000 0.000 0.000 0.000 0.000 0.000 0.000 0.000 0.000 0.000
0.001 0.002 0.005 0.010 0.016 0.023 0.031 0.041 0.052 0.065 0.081 0.099 0.121 0.148 0.181 0.220 0.261 0.296 0.324 0.343 0.354 0.357 0.354 0.345 0.325 0.293 0.248 0.194 0.144 0.105 0.074 0.051 0.034 0.022 0.013 0.008 0.004 0.002 0.001 0.000 0.000 0.000 0.000 0.000 0.000 0.000 0.000 0.000 0.000 0.000 0.000 0.000 0.000 0.000 0.000 0.000 0.000 0.000 0.000 0.000 0.000 0.000 0.000 0.000 0.000 0.000 0.000 0.000 0.000 0.000 0.000 0.000 0.000 0.000 0.000 0.000 0.000
0.001 0.004 0.007 0.012 0.019 0.026 0.034 0.044 0.056 0.070 0.085 0.104 0.125 0.152 0.184 0.222 0.264 0.298 0.323 0.339 0.346 0.347 0.343 0.330 0.305 0.267 0.218 0.167 0.125 0.091 0.064 0.044 0.029 0.018 0.011 0.006 0.003 0.001 0.000 0.000 0.000 0.000 0.000 0.000 0.000 0.000 0.000 0.000 0.000 0.000 0.000 0.000 0.000 0.000 0.000 0.000 0.000 0.000 0.000 0.000 0.000 0.000 0.000 0.000 0.000 0.000 0.000 0.000 0.000 0.000 0.000 0.000 0.000 0.000 0.000 0.000 0.000
