RESULTS/r.avaflow_results/12_results/12_ascii/12_hflow30016.asc
ncols 506
nrows 317
xllcenter 498237.50
yllcenter 5580050.00
cellsize 12.50
NODATA_value -9999.000
[rows 170 to 203 of 317, columns 154 to 230 of 506]
8.932 8.898 8.936 9.044 9.197 9.392 9.642 9.947 10.293 10.659 10.967 11.159 11.238 11.218 11.032 10.556 9.781 8.851 7.940 7.095 6.271 5.403 4.459 3.547 2.749 2.109 1.667 1.400 1.274 1.243 1.280 1.425 1.733 2.142 2.484 2.718 2.933 3.157 3.327 3.418 3.470 3.517 3.605 3.722 3.764 3.713 3.533 3.177 2.647 2.035 1.449 1.003 0.716 0.544 0.451 0.407 0.391 0.386 0.384 0.378 0.358 0.294 0.158 0.054 0.013 0.002 0.000 0.000 0.000 0.000 0.000 0.000 0.000 0.000 0.000 0.000 0.000
11.700 12.150 12.568 12.958 13.317 13.612 13.853 14.059 14.238 14.372 14.436 14.439 14.401 14.310 14.064 13.547 12.748 11.763 10.637 9.438 8.238 7.051 5.870 4.786 3.861 3.107 2.555 2.222 2.092 2.093 2.155 2.319 2.632 2.910 3.027 3.073 3.121 3.234 3.364 3.425 3.447 3.455 3.470 3.455 3.338 3.052 2.538 1.868 1.236 0.798 0.541 0.385 0.288 0.231 0.204 0.197 0.200 0.204 0.208 0.207 0.190 0.141 0.063 0.020 0.005 0.001 0.000 0.000 0.000 0.000 0.000 0.000 0.000 0.000 0.000 0.000 0.000
14.506 15.451 16.147 16.644 16.990 17.221 17.372 17.467 17.520 17.538 17.502 17.412 17.301 17.162 16.887 16.343 15.499 14.470 13.336 12.068 10.664 9.207 7.786 6.497 5.408 4.499 3.759 3.218 2.881 2.724 2.696 2.769 2.973 3.123 3.145 3.115 3.094 3.147 3.223 3.242 3.192 3.072 2.867 2.529 2.081 1.554 1.045 0.665 0.423 0.282 0.203 0.156 0.126 0.109 0.103 0.103 0.106 0.110 0.111 0.107 0.091 0.056 0.022 0.006 0.001 0.000 0.000 0.000 0.000 0.000 0.000 0.000 0.000 0.000 0.000 0.000 0.000
16.561 17.927 18.879 19.502 19.903 20.168 20.355 20.473 20.515 20.507 20.444 20.311 20.154 19.981 19.679 19.105 18.202 17.087 15.888 14.624 13.256 11.766 10.205 8.657 7.212 5.923 4.832 3.977 3.383 3.043 2.909 2.901 3.014 3.122 3.119 3.005 2.841 2.760 2.704 2.605 2.394 2.039 1.574 1.137 0.804 0.544 0.353 0.228 0.154 0.113 0.089 0.074 0.065 0.059 0.058 0.058 0.059 0.059 0.057 0.050 0.037 0.019 0.007 0.002 0.000 0.000 0.000 0.000 0.000 0.000 0.000 0.000 0.000 0.000 0.000 0.000 0.000
17.610 19.253 20.476 21.333 21.940 22.399 22.773 23.055 23.196 23.215 23.157 22.997 22.792 22.576 22.244 21.663 20.762 19.613 18.337 16.980 15.531 13.961 12.234 10.326 8.391 6.686 5.304 4.274 3.570 3.141 2.935 2.885 2.931 2.982 2.881 2.531 2.101 1.808 1.600 1.401 1.171 0.900 0.626 0.427 0.291 0.196 0.132 0.093 0.070 0.057 0.049 0.043 0.039 0.036 0.034 0.033 0.032 0.030 0.027 0.021 0.013 0.005 0.002 0.000 0.000 0.000 0.000 0.000 0.000 0.000 0.000 0.000 0.000 0.000 0.000 0.000 0.000
17.784 19.536 20.967 22.099 23.007 23.756 24.380 24.869 25.160 25.240 25.182 24.960 24.690 24.439 24.103 23.570 22.775 21.718 20.435 18.956 17.310 15.512 13.515 11.226 8.854 6.867 5.352 4.282 3.571 3.129 2.885 2.771 2.706 2.564 2.134 1.477 0.997 0.776 0.659 0.566 0.471 0.358 0.247 0.169 0.118 0.084 0.063 0.049 0.041 0.035 0.031 0.028 0.025 0.023 0.021 0.019 0.017 0.014 0.011 0.007 0.004 0.001 0.000 0.000 0.000 0.000 0.000 0.000 0.000 0.000 0.000 0.000 0.000 0.000 0.000 0.000 0.000
17.460 19.296 20.869 22.159 23.268 24.232 25.008 25.597 25.984 26.119 26.055 25.755 25.437 25.201 24.897 24.413 23.724 22.809 21.592 20.040 18.207 16.182 13.959 11.426 8.828 6.704 5.139 4.084 3.405 2.973 2.690 2.467 2.190 1.691 1.041 0.569 0.372 0.295 0.253 0.218 0.185 0.148 0.108 0.079 0.059 0.046 0.037 0.032 0.028 0.024 0.021 0.019 0.016 0.014 0.012 0.010 0.008 0.006 0.004 0.002 0.001 0.000 0.000 0.000 0.000 0.000 0.000 0.000 0.000 0.000 0.000 0.000 0.000 0.000 0.000 0.000 0.000
16.649 18.609 20.382 21.900 23.177 24.207 24.981 25.549 25.946 26.107 26.041 25.693 25.348 25.146 24.879 24.414 23.766 22.927 21.766 20.203 18.296 16.151 13.788 11.059 8.263 6.033 4.479 3.497 2.881 2.453 2.085 1.678 1.192 0.709 0.368 0.201 0.137 0.114 0.100 0.090 0.080 0.070 0.057 0.046 0.037 0.030 0.026 0.022 0.020 0.017 0.014 0.012 0.009 0.008 0.006 0.004 0.003 0.002 0.001 0.001 0.000 0.000 0.000 0.000 0.000 0.000 0.000 0.000 0.000 0.000 0.000 0.000 0.000 0.000 0.000 0.000 0.000
15.509 17.617 19.565 21.284 22.699 23.747 24.448 24.915 25.229 25.353 25.282 24.927 24.531 24.275 23.967 23.472 22.831 22.052 20.972 19.453 17.516 15.250 12.680 9.709 6.814 4.589 3.126 2.264 1.749 1.367 1.018 0.700 0.431 0.236 0.126 0.078 0.059 0.052 0.047 0.044 0.042 0.039 0.036 0.031 0.026 0.022 0.019 0.016 0.013 0.011 0.009 0.007 0.005 0.004 0.003 0.002 0.001 0.001 0.000 0.000 0.000 0.000 0.000 0.000 0.000 0.000 0.000 0.000 0.000 0.000 0.000 0.000 0.000 0.000 0.000 0.000 0.000
14.181 16.401 18.427 20.200 21.621 22.634 23.262 23.573 23.675 23.631 23.531 23.307 22.922 22.413 21.815 21.198 20.565 19.864 18.867 17.393 15.431 13.027 10.189 7.041 4.287 2.425 1.412 0.919 0.664 0.498 0.358 0.239 0.145 0.085 0.053 0.039 0.033 0.030 0.028 0.027 0.026 0.025 0.024 0.022 0.020 0.016 0.013 0.011 0.008 0.007 0.005 0.004 0.002 0.002 0.001 0.001 0.000 0.000 0.000 0.000 0.000 0.000 0.000 0.000 0.000 0.000 0.000 0.000 0.000 0.000 0.000 0.000 0.000 0.000 0.000 0.000 0.000
12.623 14.856 16.862 18.590 19.976 21.003 21.650 21.901 21.876 21.708 21.658 21.628 21.305 20.517 19.579 18.801 18.064 17.212 16.044 14.400 12.201 9.377 6.292 3.624 1.865 0.934 0.506 0.312 0.220 0.165 0.121 0.085 0.058 0.040 0.030 0.025 0.022 0.021 0.020 0.019 0.018 0.017 0.017 0.016 0.014 0.011 0.009 0.007 0.005 0.004 0.002 0.002 0.001 0.001 0.000 0.000 0.000 0.000 0.000 0.000 0.000 0.000 0.000 0.000 0.000 0.000 0.000 0.000 0.000 0.000 0.000 0.000 0.000 0.000 0.000 0.000 0.000
10.759 12.886 14.873 16.632 18.121 19.329 20.157 20.488 20.473 20.290 20.225 20.167 19.769 18.816 17.733 16.835 15.916 14.726 13.070 10.850 7.997 5.080 2.798 1.368 0.639 0.316 0.171 0.107 0.078 0.062 0.050 0.040 0.031 0.025 0.021 0.018 0.016 0.015 0.014 0.013 0.013 0.012 0.011 0.010 0.009 0.007 0.005 0.004 0.003 0.002 0.001 0.001 0.000 0.000 0.000 0.000 0.000 0.000 0.000 0.000 0.000 0.000 0.000 0.000 0.000 0.000 0.000 0.000 0.000 0.000 0.000 0.000 0.000 0.000 0.000 0.000 0.000
8.872 10.814 12.777 14.612 16.253 17.638 18.607 19.028 19.052 18.881 18.668 18.362 17.735 16.722 15.629 14.625 13.483 11.867 9.539 6.677 3.954 2.017 0.894 0.390 0.192 0.104 0.063 0.044 0.036 0.032 0.028 0.024 0.021 0.018 0.015 0.014 0.012 0.011 0.010 0.009 0.009 0.008 0.007 0.006 0.005 0.004 0.003 0.002 0.001 0.001 0.000 0.000 0.000 0.000 0.000 0.000 0.000 0.000 0.000 0.000 0.000 0.000 0.000 0.000 0.000 0.000 0.000 0.000 0.000 0.000 0.000 0.000 0.000 0.000 0.000 0.000 0.000
7.276 9.030 10.824 12.558 14.169 15.544 16.527 16.989 17.053 16.843 16.327 15.573 14.618 13.556 12.462 11.276 9.740 7.592 5.070 2.834 1.343 0.531 0.207 0.104 0.062 0.041 0.030 0.025 0.022 0.021 0.019 0.017 0.015 0.013 0.012 0.010 0.009 0.008 0.007 0.006 0.005 0.005 0.004 0.003 0.003 0.002 0.001 0.001 0.000 0.000 0.000 0.000 0.000 0.000 0.000 0.000 0.000 0.000 0.000 0.000 0.000 0.000 0.000 0.000 0.000 0.000 0.000 0.000 0.000 0.000 0.000 0.000 0.000 0.000 0.000 0.000 0.000
5.843 7.367 8.847 10.232 11.471 12.522 13.296 13.670 13.718 13.443 12.683 11.492 10.085 8.783 7.550 6.214 4.701 3.087 1.681 0.740 0.273 0.105 0.057 0.038 0.029 0.023 0.020 0.018 0.016 0.015 0.014 0.013 0.012 0.010 0.008 0.007 0.006 0.005 0.004 0.004 0.003 0.003 0.002 0.002 0.001 0.001 0.000 0.000 0.000 0.000 0.000 0.000 0.000 0.000 0.000 0.000 0.000 0.000 0.000 0.000 0.000 0.000 0.000 0.000 0.000 0.000 0.000 0.000 0.000 0.000 0.000 0.000 0.000 0.000 0.000 0.000 0.000
4.418 5.585 6.540 7.250 7.762 8.184 8.518 8.666 8.643 8.351 7.586 6.346 4.946 3.836 2.959 2.181 1.417 0.749 0.321 0.121 0.055 0.035 0.027 0.022 0.019 0.017 0.015 0.014 0.013 0.012 0.011 0.010 0.008 0.007 0.006 0.005 0.004 0.003 0.002 0.002 0.001 0.001 0.001 0.000 0.000 0.000 0.000 0.000 0.000 0.000 0.000 0.000 0.000 0.000 0.000 0.000 0.000 0.000 0.000 0.000 0.000 0.000 0.000 0.000 0.000 0.000 0.000 0.000 0.000 0.000 0.000 0.000 0.000 0.000 0.000 0.000 0.000
2.738 3.302 3.647 3.811 3.864 3.859 3.849 3.803 3.707 3.502 3.082 2.392 1.611 1.052 0.700 0.457 0.258 0.123 0.058 0.033 0.024 0.020 0.018 0.016 0.014 0.013 0.012 0.011 0.010 0.009 0.008 0.007 0.006 0.005 0.004 0.003 0.002 0.001 0.001 0.001 0.000 0.000 0.000 0.000 0.000 0.000 0.000 0.000 0.000 0.000 0.000 0.000 0.000 0.000 0.000 0.000 0.000 0.000 0.000 0.000 0.000 0.000 0.000 0.000 0.000 0.000 0.000 0.000 0.000 0.000 0.000 0.000 0.000 0.000 0.000 0.000 0.000
1.231 1.389 1.478 1.491 1.443 1.333 1.225 1.136 1.046 0.940 0.786 0.556 0.330 0.197 0.127 0.085 0.053 0.033 0.024 0.019 0.016 0.015 0.014 0.013 0.012 0.011 0.010 0.009 0.008 0.007 0.006 0.005 0.004 0.003 0.002 0.001 0.001 0.001 0.000 0.000 0.000 0.000 0.000 0.000 0.000 0.000 0.000 0.000 0.000 0.000 0.000 0.000 0.000 0.000 0.000 0.000 0.000 0.000 0.000 0.000 0.000 0.000 0.000 0.000 0.000 0.000 0.000 0.000 0.000 0.000 0.000 0.000 0.000 0.000 0.000 0.000 0.000
0.401 0.432 0.451 0.452 0.429 0.370 0.309 0.265 0.231 0.198 0.161 0.112 0.070 0.048 0.036 0.028 0.022 0.018 0.015 0.013 0.012 0.011 0.011 0.010 0.009 0.009 0.008 0.007 0.006 0.005 0.004 0.003 0.002 0.002 0.001 0.001 0.000 0.000 0.000 0.000 0.000 0.000 0.000 0.000 0.000 0.000 0.000 0.000 0.000 0.000 0.000 0.000 0.000 0.000 0.000 0.000 0.000 0.000 0.000 0.000 0.000 0.000 0.000 0.000 0.000 0.000 0.000 0.000 0.000 0.000 0.000 0.000 0.000 0.000 0.000 0.000 0.000
0.115 0.126 0.132 0.133 0.128 0.109 0.085 0.070 0.060 0.052 0.044 0.034 0.027 0.022 0.018 0.016 0.014 0.012 0.011 0.010 0.009 0.009 0.008 0.008 0.007 0.006 0.006 0.005 0.004 0.003 0.003 0.002 0.002 0.001 0.001 0.000 0.000 0.000 0.000 0.000 0.000 0.000 0.000 0.000 0.000 0.000 0.000 0.000 0.000 0.000 0.000 0.000 0.000 0.000 0.000 0.000 0.000 0.000 0.000 0.000 0.000 0.000 0.000 0.000 0.000 0.000 0.000 0.000 0.000 0.000 0.000 0.000 0.000 0.000 0.000 0.000 0.000
0.039 0.043 0.045 0.045 0.044 0.039 0.031 0.027 0.024 0.022 0.020 0.018 0.016 0.014 0.012 0.011 0.010 0.009 0.008 0.008 0.007 0.007 0.006 0.006 0.005 0.005 0.004 0.003 0.003 0.002 0.002 0.001 0.001 0.001 0.000 0.000 0.000 0.000 0.000 0.000 0.000 0.000 0.000 0.000 0.000 0.000 0.000 0.000 0.000 0.000 0.000 0.000 0.000 0.000 0.000 0.000 0.000 0.000 0.000 0.000 0.000 0.000 0.000 0.000 0.000 0.000 0.000 0.000 0.000 0.000 0.000 0.000 0.000 0.000 0.000 0.000 0.000
0.018 0.019 0.020 0.020 0.019 0.018 0.016 0.014 0.013 0.013 0.012 0.011 0.010 0.010 0.009 0.008 0.007 0.007 0.006 0.006 0.005 0.005 0.004 0.004 0.004 0.003 0.003 0.002 0.002 0.002 0.001 0.001 0.001 0.000 0.000 0.000 0.000 0.000 0.000 0.000 0.000 0.000 0.000 0.000 0.000 0.000 0.000 0.000 0.000 0.000 0.000 0.000 0.000 0.000 0.000 0.000 0.000 0.000 0.000 0.000 0.000 0.000 0.000 0.000 0.000 0.000 0.000 0.000 0.000 0.000 0.000 0.000 0.000 0.000 0.000 0.000 0.000
0.010 0.010 0.011 0.011 0.011 0.010 0.009 0.009 0.008 0.008 0.008 0.008 0.007 0.007 0.006 0.005 0.005 0.004 0.004 0.004 0.003 0.003 0.003 0.003 0.002 0.002 0.002 0.002 0.001 0.001 0.001 0.001 0.001 0.000 0.000 0.000 0.000 0.000 0.000 0.000 0.000 0.000 0.000 0.000 0.000 0.000 0.000 0.000 0.000 0.000 0.000 0.000 0.000 0.000 0.000 0.000 0.000 0.000 0.000 0.000 0.000 0.000 0.000 0.000 0.000 0.000 0.000 0.000 0.000 0.000 0.000 0.000 0.000 0.000 0.000 0.000 0.000
0.006 0.006 0.007 0.007 0.007 0.006 0.006 0.006 0.006 0.006 0.005 0.005 0.005 0.005 0.004 0.004 0.003 0.003 0.003 0.002 0.002 0.002 0.002 0.002 0.002 0.001 0.001 0.001 0.001 0.001 0.001 0.001 0.000 0.000 0.000 0.000 0.000 0.000 0.000 0.000 0.000 0.000 0.000 0.000 0.000 0.000 0.000 0.000 0.000 0.000 0.000 0.000 0.000 0.000 0.000 0.000 0.000 0.000 0.000 0.000 0.000 0.000 0.000 0.000 0.000 0.000 0.000 0.000 0.000 0.000 0.000 0.000 0.000 0.000 0.000 0.000 0.000
0.004 0.004 0.004 0.004 0.005 0.004 0.004 0.004 0.004 0.004 0.004 0.004 0.003 0.003 0.003 0.002 0.002 0.002 0.002 0.002 0.002 0.001 0.001 0.001 0.001 0.001 0.001 0.001 0.001 0.001 0.001 0.001 0.000 0.000 0.000 0.000 0.000 0.000 0.000 0.000 0.000 0.000 0.000 0.000 0.000 0.000 0.000 0.000 0.000 0.000 0.000 0.000 0.000 0.000 0.000 0.000 0.000 0.000 0.000 0.000 0.000 0.000 0.000 0.000 0.000 0.000 0.000 0.000 0.000 0.000 0.000 0.000 0.000 0.000 0.000 0.000 0.000
0.002 0.003 0.003 0.003 0.003 0.003 0.003 0.003 0.003 0.003 0.003 0.002 0.002 0.002 0.002 0.002 0.001 0.001 0.001 0.001 0.001 0.001 0.001 0.001 0.001 0.001 0.001 0.001 0.001 0.001 0.001 0.001 0.000 0.000 0.000 0.000 0.000 0.000 0.000 0.000 0.000 0.000 0.000 0.000 0.000 0.000 0.000 0.000 0.000 0.000 0.000 0.000 0.000 0.000 0.000 0.000 0.000 0.000 0.000 0.000 0.000 0.000 0.000 0.000 0.000 0.000 0.000 0.000 0.000 0.000 0.000 0.000 0.000 0.000 0.000 0.000 0.000
0.001 0.002 0.002 0.002 0.002 0.002 0.002 0.002 0.002 0.002 0.002 0.002 0.002 0.001 0.001 0.001 0.001 0.001 0.001 0.001 0.001 0.001 0.001 0.001 0.001 0.001 0.002 0.002 0.002 0.001 0.001 0.001 0.000 0.000 0.000 0.000 0.000 0.000 0.000 0.000 0.000 0.000 0.000 0.000 0.000 0.000 0.000 0.000 0.000 0.000 0.000 0.000 0.000 0.000 0.000 0.000 0.000 0.000 0.000 0.000 0.000 0.000 0.000 0.000 0.000 0.000 0.000 0.000 0.000 0.000 0.000 0.000 0.000 0.000 0.000 0.000 0.000
0.001 0.001 0.001 0.001 0.001 0.001 0.001 0.001 0.001 0.001 0.001 0.001 0.001 0.001 0.001 0.001 0.001 0.001 0.001 0.001 0.001 0.001 0.001 0.002 0.002 0.002 0.002 0.002 0.002 0.001 0.001 0.001 0.000 0.000 0.000 0.000 0.000 0.000 0.000 0.000 0.000 0.000 0.000 0.000 0.000 0.000 0.000 0.000 0.000 0.000 0.000 0.000 0.000 0.000 0.000 0.000 0.000 0.000 0.000 0.000 0.000 0.000 0.000 0.000 0.000 0.000 0.000 0.000 0.000 0.000 0.000 0.000 0.000 0.000 0.000 0.000 0.000
0.000 0.001 0.001 0.001 0.001 0.001 0.001 0.001 0.001 0.001 0.001 0.001 0.001 0.001 0.001 0.001 0.001 0.001 0.001 0.001 0.002 0.002 0.002 0.002 0.002 0.002 0.002 0.002 0.002 0.001 0.001 0.000 0.000 0.000 0.000 0.000 0.000 0.000 0.000 0.000 0.000 0.000 0.000 0.000 0.000 0.000 0.000 0.000 0.000 0.000 0.000 0.000 0.000 0.000 0.000 0.000 0.000 0.000 0.000 0.000 0.000 0.000 0.000 0.000 0.000 0.000 0.000 0.000 0.000 0.000 0.000 0.000 0.000 0.000 0.000 0.000 0.000
0.000 0.000 0.000 0.000 0.000 0.001 0.001 0.001 0.001 0.001 0.001 0.001 0.001 0.001 0.001 0.001 0.001 0.001 0.001 0.001 0.002 0.002 0.002 0.002 0.002 0.002 0.002 0.002 0.001 0.001 0.001 0.000 0.000 0.000 0.000 0.000 0.000 0.000 0.000 0.000 0.000 0.000 0.000 0.000 0.000 0.000 0.000 0.000 0.000 0.000 0.000 0.000 0.000 0.000 0.000 0.000 0.000 0.000 0.000 0.000 0.000 0.000 0.000 0.000 0.000 0.000 0.000 0.000 0.000 0.000 0.000 0.000 0.000 0.000 0.000 0.000 0.000
0.000 0.000 0.000 0.000 0.000 0.000 0.000 0.000 0.000 0.000 0.000 0.000 0.000 0.000 0.000 0.001 0.001 0.001 0.001 0.001 0.002 0.002 0.002 0.002 0.002 0.002 0.002 0.001 0.001 0.001 0.000 0.000 0.000 0.000 0.000 0.000 0.000 0.000 0.000 0.000 0.000 0.000 0.000 0.000 0.000 0.000 0.000 0.000 0.000 0.000 0.000 0.000 0.000 0.000 0.000 0.000 0.000 0.000 0.000 0.000 0.000 0.000 0.000 0.000 0.000 0.000 0.000 0.000 0.000 0.000 0.000 0.000 0.000 0.000 0.000 0.000 0.000
0.000 0.000 0.000 0.000 0.000 0.000 0.000 0.000 0.000 0.000 0.000 0.000 0.000 0.000 0.000 0.000 0.000 0.001 0.001 0.001 0.001 0.002 0.002 0.002 0.001 0.001 0.001 0.001 0.001 0.000 0.000 0.000 0.000 0.000 0.000 0.000 0.000 0.000 0.000 0.000 0.000 0.000 0.000 0.000 0.000 0.000 0.000 0.000 0.000 0.000 0.000 0.000 0.000 0.000 0.000 0.000 0.000 0.000 0.000 0.000 0.000 0.000 0.000 0.000 0.000 0.000 0.000 0.000 0.000 0.000 0.000 0.000 0.000 0.000 0.000 0.000 0.000
0.000 0.000 0.000 0.000 0.000 0.000 0.000 0.000 0.000 0.000 0.000 0.000 0.000 0.000 0.000 0.000 0.000 0.000 0.001 0.001 0.001 0.001 0.001 0.001 0.001 0.001 0.001 0.001 0.000 0.000 0.000 0.000 0.000 0.000 0.000 0.000 0.000 0.000 0.000 0.000 0.000 0.000 0.000 0.000 0.000 0.000 0.000 0.000 0.000 0.000 0.000 0.000 0.000 0.000 0.000 0.000 0.000 0.000 0.000 0.000 0.000 0.000 0.000 0.000 0.000 0.000 0.000 0.000 0.000 0.000 0.000 0.000 0.000 0.000 0.000 0.000 0.000
0.000 0.000 0.000 0.000 0.000 0.000 0.000 0.000 0.000 0.000 0.000 0.000 0.000 0.000 0.000 0.000 0.000 0.000 0.000 0.000 0.001 0.001 0.001 0.001 0.001 0.000 0.000 0.000 0.000 0.000 0.000 0.000 0.000 0.000 0.000 0.000 0.000 0.000 0.000 0.000 0.000 0.000 0.000 0.000 0.000 0.000 0.000 0.000 0.000 0.000 0.000 0.000 0.000 0.000 0.000 0.000 0.000 0.000 0.000 0.000 0.000 0.000 0.000 0.000 0.000 0.000 0.000 0.000 0.000 0.000 0.000 0.000 0.000 0.000 0.000 0.000 0.000
