RESULTS/r.avaflow_results/12_results/12_ascii/12_hflow10056.asc
ncols 506
nrows 317
xllcenter 498237.50
yllcenter 5580050.00
cellsize 12.50
NODATA_value -9999.000
[rows 204 to 237 of 317, columns 77 to 153 of 506]
0.032 0.028 0.023 0.019 0.016 0.014 0.013 0.013 0.014 0.015 0.016 0.017 0.019 0.021 0.026 0.044 0.101 0.254 0.571 1.131 1.965 2.854 3.542 3.971 4.181 4.237 4.191 4.072 3.902 3.689 3.431 3.127 2.766 2.324 1.848 1.471 1.214 1.047 0.934 0.853 0.793 0.742 0.689 0.614 0.491 0.330 0.202 0.118 0.065 0.034 0.017 0.008 0.003 0.002 0.001 0.000 0.000 0.000 0.000 0.000 0.000 0.000 0.000 0.000 0.000 0.001 0.000 0.001 0.001 0.001 0.000 0.000 0.000 0.000 0.000 0.000 0.000
0.036 0.031 0.026 0.022 0.019 0.017 0.017 0.017 0.017 0.017 0.017 0.018 0.019 0.021 0.024 0.031 0.050 0.103 0.220 0.444 0.823 1.393 2.028 2.581 2.979 3.216 3.307 3.294 3.211 3.062 2.850 2.568 2.201 1.718 1.235 0.893 0.667 0.520 0.426 0.368 0.332 0.306 0.285 0.259 0.219 0.153 0.092 0.053 0.028 0.014 0.007 0.003 0.001 0.001 0.000 0.000 0.000 0.000 0.000 0.000 0.000 0.000 0.000 0.000 0.000 0.001 0.001 0.001 0.001 0.000 0.000 0.000 0.000 0.000 0.000 0.000 0.000
0.042 0.035 0.030 0.025 0.023 0.021 0.021 0.020 0.019 0.019 0.018 0.018 0.019 0.020 0.023 0.029 0.041 0.067 0.118 0.193 0.301 0.479 0.740 1.045 1.354 1.635 1.835 1.938 1.967 1.935 1.838 1.662 1.392 1.034 0.701 0.470 0.319 0.227 0.173 0.142 0.125 0.113 0.105 0.096 0.085 0.064 0.038 0.021 0.011 0.005 0.002 0.001 0.001 0.000 0.000 0.000 0.000 0.000 0.000 0.000 0.000 0.000 0.000 0.000 0.001 0.001 0.001 0.001 0.000 0.000 0.000 0.000 0.000 0.000 0.000 0.000 0.000
0.049 0.041 0.035 0.031 0.028 0.026 0.025 0.023 0.021 0.020 0.019 0.019 0.019 0.021 0.024 0.030 0.042 0.067 0.112 0.153 0.179 0.204 0.245 0.318 0.438 0.598 0.735 0.819 0.859 0.868 0.849 0.789 0.677 0.506 0.332 0.211 0.136 0.092 0.066 0.052 0.044 0.039 0.036 0.033 0.030 0.024 0.014 0.008 0.004 0.002 0.001 0.001 0.000 0.000 0.000 0.000 0.000 0.000 0.000 0.000 0.000 0.000 0.000 0.001 0.001 0.001 0.001 0.001 0.000 0.000 0.000 0.000 0.000 0.000 0.000 0.000 0.000
0.063 0.052 0.045 0.040 0.036 0.032 0.029 0.026 0.023 0.021 0.020 0.020 0.020 0.022 0.026 0.033 0.048 0.080 0.125 0.152 0.160 0.152 0.126 0.109 0.127 0.177 0.237 0.277 0.299 0.308 0.308 0.296 0.263 0.203 0.133 0.084 0.053 0.035 0.024 0.018 0.014 0.012 0.011 0.010 0.010 0.008 0.005 0.003 0.001 0.001 0.001 0.000 0.000 0.000 0.000 0.000 0.000 0.000 0.000 0.000 0.000 0.000 0.001 0.001 0.001 0.001 0.001 0.000 0.000 0.000 0.000 0.000 0.000 0.000 0.000 0.000 0.000
0.088 0.071 0.060 0.052 0.045 0.040 0.034 0.030 0.026 0.024 0.022 0.022 0.023 0.025 0.029 0.038 0.059 0.102 0.142 0.156 0.157 0.140 0.092 0.055 0.045 0.050 0.068 0.083 0.092 0.096 0.097 0.095 0.088 0.072 0.048 0.030 0.019 0.012 0.008 0.006 0.004 0.004 0.003 0.003 0.003 0.002 0.002 0.001 0.001 0.001 0.000 0.000 0.000 0.000 0.000 0.000 0.000 0.000 0.000 0.000 0.000 0.001 0.001 0.001 0.001 0.001 0.001 0.000 0.000 0.000 0.000 0.000 0.000 0.000 0.000 0.000 0.000
0.128 0.104 0.086 0.072 0.060 0.050 0.041 0.035 0.030 0.027 0.026 0.026 0.026 0.028 0.034 0.045 0.074 0.122 0.151 0.159 0.156 0.130 0.076 0.039 0.023 0.019 0.020 0.024 0.026 0.028 0.028 0.028 0.026 0.023 0.016 0.010 0.006 0.004 0.003 0.002 0.001 0.001 0.001 0.001 0.001 0.001 0.001 0.000 0.000 0.000 0.000 0.000 0.000 0.000 0.000 0.000 0.000 0.000 0.000 0.000 0.001 0.001 0.001 0.001 0.001 0.001 0.000 0.000 0.000 0.000 0.000 0.000 0.000 0.000 0.000 0.000 0.000
0.185 0.156 0.128 0.104 0.083 0.066 0.053 0.043 0.037 0.033 0.031 0.031 0.031 0.033 0.039 0.054 0.090 0.136 0.156 0.160 0.153 0.117 0.063 0.031 0.017 0.011 0.009 0.008 0.008 0.008 0.008 0.007 0.007 0.006 0.005 0.003 0.002 0.001 0.001 0.001 0.001 0.001 0.001 0.001 0.000 0.000 0.000 0.000 0.000 0.000 0.000 0.001 0.000 0.000 0.000 0.000 0.000 0.000 0.000 0.001 0.001 0.001 0.001 0.001 0.001 0.001 0.000 0.000 0.000 0.000 0.000 0.000 0.000 0.000 0.000 0.000 0.000
0.259 0.228 0.192 0.156 0.123 0.095 0.072 0.057 0.047 0.041 0.038 0.037 0.038 0.039 0.045 0.063 0.106 0.145 0.159 0.160 0.146 0.101 0.052 0.027 0.015 0.009 0.006 0.004 0.004 0.003 0.002 0.002 0.002 0.002 0.001 0.001 0.001 0.001 0.001 0.001 0.001 0.001 0.001 0.000 0.000 0.000 0.000 0.000 0.000 0.000 0.000 0.001 0.000 0.000 0.000 0.000 0.000 0.000 0.001 0.001 0.001 0.001 0.001 0.001 0.001 0.001 0.000 0.000 0.000 0.000 0.000 0.000 0.000 0.000 0.000 0.000 0.000
0.348 0.318 0.280 0.235 0.189 0.144 0.107 0.082 0.065 0.054 0.049 0.047 0.047 0.048 0.055 0.076 0.121 0.152 0.161 0.159 0.135 0.084 0.044 0.024 0.014 0.009 0.006 0.004 0.003 0.002 0.001 0.001 0.001 0.001 0.001 0.000 0.001 0.000 0.000 0.000 0.001 0.001 0.001 0.001 0.000 0.000 0.000 0.000 0.000 0.000 0.000 0.000 0.000 0.000 0.000 0.000 0.000 0.000 0.001 0.001 0.001 0.001 0.001 0.001 0.001 0.000 0.000 0.000 0.000 0.000 0.000 0.000 0.000 0.000 0.000 0.000 0.000
0.455 0.428 0.390 0.342 0.285 0.223 0.167 0.124 0.094 0.076 0.066 0.061 0.060 0.062 0.069 0.095 0.137 0.159 0.163 0.155 0.121 0.069 0.038 0.022 0.013 0.008 0.005 0.003 0.002 0.001 0.001 0.001 0.001 0.000 0.000 0.000 0.000 0.001 0.001 0.000 0.001 0.001 0.001 0.001 0.000 0.000 0.000 0.000 0.000 0.000 0.000 0.000 0.000 0.000 0.000 0.000 0.000 0.001 0.001 0.001 0.001 0.001 0.001 0.001 0.000 0.000 0.000 0.000 0.000 0.000 0.000 0.000 0.000 0.000 0.000 0.000 0.000
0.581 0.557 0.521 0.473 0.411 0.337 0.258 0.192 0.143 0.111 0.092 0.083 0.080 0.081 0.090 0.119 0.153 0.165 0.165 0.148 0.101 0.056 0.033 0.020 0.013 0.008 0.005 0.003 0.002 0.001 0.001 0.001 0.001 0.000 0.000 0.000 0.000 0.000 0.001 0.000 0.000 0.001 0.001 0.001 0.001 0.000 0.000 0.000 0.000 0.000 0.000 0.000 0.000 0.000 0.000 0.000 0.000 0.001 0.001 0.001 0.001 0.001 0.001 0.001 0.000 0.000 0.000 0.000 0.000 0.000 0.000 0.000 0.000 0.000 0.000 0.000 0.000
0.728 0.707 0.674 0.628 0.565 0.484 0.388 0.294 0.221 0.168 0.135 0.116 0.110 0.110 0.119 0.147 0.171 0.177 0.168 0.131 0.081 0.047 0.030 0.020 0.013 0.008 0.005 0.003 0.002 0.001 0.001 0.001 0.001 0.001 0.000 0.000 0.000 0.000 0.001 0.000 0.001 0.001 0.001 0.001 0.001 0.001 0.000 0.000 0.000 0.000 0.000 0.000 0.000 0.000 0.000 0.000 0.000 0.001 0.001 0.001 0.001 0.001 0.001 0.001 0.000 0.000 0.000 0.000 0.000 0.000 0.000 0.000 0.000 0.000 0.000 0.000 0.000
0.896 0.879 0.850 0.806 0.744 0.662 0.557 0.438 0.334 0.255 0.201 0.168 0.154 0.151 0.160 0.181 0.193 0.188 0.158 0.106 0.065 0.043 0.029 0.020 0.013 0.008 0.005 0.003 0.002 0.001 0.001 0.001 0.001 0.001 0.000 0.000 0.000 0.000 0.001 0.000 0.001 0.001 0.001 0.001 0.001 0.001 0.001 0.000 0.000 0.000 0.000 0.000 0.000 0.000 0.000 0.000 0.000 0.000 0.000 0.000 0.000 0.000 0.000 0.000 0.000 0.000 0.000 0.000 0.000 0.000 0.000 0.000 0.000 0.000 0.000 0.000 0.000
1.088 1.075 1.050 1.009 0.950 0.867 0.760 0.628 0.492 0.381 0.300 0.248 0.221 0.213 0.215 0.221 0.214 0.187 0.136 0.087 0.060 0.042 0.030 0.020 0.013 0.008 0.004 0.002 0.001 0.001 0.001 0.000 0.001 0.001 0.000 0.000 0.000 0.000 0.001 0.000 0.000 0.001 0.001 0.001 0.001 0.001 0.001 0.001 0.000 0.000 0.000 0.000 0.000 0.000 0.000 0.000 0.000 0.000 0.000 0.000 0.000 0.000 0.000 0.000 0.000 0.000 0.000 0.000 0.000 0.000 0.000 0.000 0.000 0.000 0.000 0.000 0.000
1.305 1.295 1.273 1.237 1.182 1.102 0.996 0.860 0.701 0.556 0.444 0.367 0.323 0.300 0.283 0.261 0.227 0.177 0.121 0.083 0.059 0.043 0.031 0.021 0.013 0.007 0.004 0.002 0.001 0.001 0.001 0.000 0.000 0.001 0.000 0.000 0.000 0.000 0.001 0.000 0.001 0.001 0.001 0.001 0.001 0.001 0.001 0.001 0.001 0.000 0.000 0.000 0.000 0.000 0.000 0.000 0.000 0.000 0.000 0.000 0.000 0.000 0.000 0.000 0.000 0.000 0.000 0.000 0.000 0.000 0.000 0.000 0.000 0.000 0.000 0.000 0.000
1.548 1.541 1.523 1.492 1.440 1.365 1.263 1.130 0.966 0.789 0.644 0.537 0.463 0.407 0.353 0.296 0.235 0.171 0.119 0.084 0.062 0.046 0.033 0.022 0.013 0.007 0.004 0.002 0.001 0.001 0.001 0.000 0.000 0.000 0.000 0.000 0.000 0.000 0.000 0.000 0.001 0.001 0.001 0.001 0.001 0.001 0.001 0.001 0.001 0.001 0.001 0.000 0.000 0.000 0.000 0.000 0.000 0.000 0.001 0.001 0.001 0.000 0.000 0.000 0.000 0.000 0.000 0.000 0.000 0.000 0.000 0.000 0.000 0.000 0.000 0.000 0.000
1.805 1.801 1.790 1.764 1.720 1.654 1.561 1.439 1.281 1.089 0.902 0.750 0.626 0.521 0.423 0.331 0.246 0.176 0.126 0.092 0.069 0.051 0.036 0.023 0.013 0.007 0.003 0.002 0.001 0.001 0.000 0.000 0.001 0.001 0.000 0.000 0.000 0.000 0.001 0.000 0.001 0.001 0.001 0.001 0.000 0.001 0.001 0.001 0.001 0.001 0.001 0.000 0.000 0.000 0.000 0.000 0.000 0.000 0.000 0.000 0.001 0.000 0.000 0.000 0.000 0.000 0.000 0.000 0.000 0.000 0.000 0.000 0.000 0.000 0.000 0.000 0.000
2.042 2.041 2.034 2.017 1.985 1.935 1.865 1.764 1.622 1.434 1.210 0.992 0.806 0.643 0.499 0.375 0.274 0.199 0.147 0.110 0.082 0.060 0.041 0.025 0.013 0.007 0.003 0.002 0.001 0.001 0.000 0.000 0.000 0.000 0.000 0.000 0.000 0.000 0.001 0.001 0.001 0.001 0.001 0.001 0.000 0.000 0.001 0.001 0.001 0.001 0.001 0.000 0.000 0.000 0.000 0.000 0.000 0.000 0.000 0.001 0.001 0.000 0.000 0.000 0.000 0.000 0.000 0.000 0.000 0.000 0.000 0.000 0.000 0.000 0.000 0.000 0.000
2.253 2.255 2.253 2.244 2.223 2.189 2.137 2.052 1.924 1.749 1.526 1.264 1.004 0.781 0.594 0.445 0.332 0.249 0.189 0.142 0.104 0.072 0.046 0.026 0.013 0.006 0.003 0.002 0.001 0.001 0.001 0.000 0.000 0.000 0.000 0.000 0.000 0.000 0.001 0.001 0.001 0.001 0.001 0.001 0.000 0.000 0.000 0.001 0.001 0.001 0.001 0.000 0.000 0.000 0.000 0.000 0.001 0.000 0.001 0.001 0.000 0.000 0.000 0.000 0.000 0.000 0.000 0.000 0.000 0.000 0.000 0.000 0.000 0.000 0.000 0.000 0.000
2.441 2.445 2.447 2.444 2.435 2.416 2.374 2.298 2.184 2.023 1.813 1.546 1.235 0.952 0.726 0.556 0.431 0.337 0.259 0.193 0.136 0.089 0.051 0.027 0.013 0.006 0.003 0.002 0.001 0.001 0.001 0.001 0.001 0.000 0.000 0.000 0.000 0.000 0.001 0.001 0.001 0.001 0.001 0.001 0.001 0.000 0.000 0.000 0.000 0.001 0.000 0.000 0.000 0.000 0.000 0.001 0.001 0.000 0.001 0.001 0.000 0.000 0.000 0.000 0.000 0.000 0.000 0.000 0.000 0.000 0.000 0.000 0.000 0.000 0.000 0.000 0.000
2.605 2.612 2.615 2.618 2.619 2.609 2.574 2.506 2.404 2.260 2.068 1.820 1.504 1.177 0.922 0.733 0.591 0.474 0.367 0.267 0.177 0.103 0.054 0.026 0.012 0.006 0.003 0.001 0.001 0.001 0.000 0.001 0.001 0.000 0.000 0.000 0.000 0.000 0.001 0.001 0.001 0.001 0.001 0.001 0.001 0.001 0.000 0.000 0.000 0.001 0.000 0.000 0.000 0.000 0.000 0.001 0.001 0.001 0.001 0.001 0.000 0.000 0.000 0.000 0.000 0.000 0.000 0.000 0.000 0.000 0.000 0.000 0.000 0.000 0.000 0.000 0.000
2.747 2.758 2.764 2.769 2.773 2.768 2.737 2.679 2.589 2.461 2.289 2.069 1.790 1.473 1.207 0.998 0.824 0.662 0.498 0.341 0.207 0.110 0.053 0.024 0.011 0.005 0.002 0.001 0.001 0.000 0.000 0.000 0.001 0.000 0.000 0.000 0.000 0.000 0.000 0.001 0.001 0.001 0.000 0.000 0.001 0.001 0.001 0.000 0.000 0.000 0.000 0.000 0.000 0.000 0.001 0.001 0.001 0.001 0.001 0.001 0.000 0.000 0.000 0.000 0.000 0.000 0.000 0.000 0.000 0.000 0.000 0.000 0.000 0.000 0.000 0.000 0.000
2.869 2.886 2.896 2.901 2.902 2.895 2.869 2.820 2.741 2.628 2.476 2.284 2.044 1.767 1.505 1.269 1.045 0.818 0.588 0.381 0.219 0.109 0.049 0.021 0.009 0.004 0.002 0.001 0.000 0.000 0.000 0.000 0.001 0.000 0.000 0.000 0.000 0.000 0.000 0.001 0.001 0.001 0.000 0.000 0.000 0.001 0.001 0.001 0.000 0.000 0.000 0.000 0.000 0.000 0.000 0.000 0.000 0.000 0.000 0.000 0.000 0.000 0.000 0.000 0.000 0.000 0.000 0.000 0.000 0.000 0.000 0.000 0.000 0.000 0.000 0.000 0.000
2.976 2.999 3.011 3.015 3.013 3.002 2.979 2.935 2.864 2.764 2.630 2.456 2.240 1.988 1.721 1.456 1.189 0.904 0.623 0.389 0.215 0.102 0.043 0.018 0.007 0.003 0.001 0.001 0.001 0.000 0.000 0.000 0.000 0.000 0.000 0.000 0.000 0.000 0.000 0.001 0.001 0.001 0.000 0.000 0.000 0.000 0.001 0.001 0.001 0.000 0.000 0.000 0.000 0.000 0.000 0.000 0.000 0.000 0.000 0.000 0.000 0.000 0.000 0.000 0.000 0.000 0.000 0.000 0.000 0.000 0.000 0.000 0.000 0.000 0.000 0.000 0.000
3.062 3.096 3.111 3.110 3.106 3.095 3.072 3.031 2.967 2.876 2.753 2.590 2.382 2.135 1.861 1.572 1.265 0.928 0.620 0.373 0.194 0.086 0.034 0.013 0.005 0.002 0.001 0.001 0.001 0.001 0.000 0.000 0.000 0.000 0.000 0.000 0.000 0.000 0.001 0.001 0.001 0.001 0.001 0.000 0.000 0.000 0.000 0.001 0.001 0.001 0.000 0.000 0.000 0.000 0.000 0.000 0.001 0.001 0.001 0.000 0.000 0.000 0.000 0.000 0.000 0.000 0.000 0.000 0.000 0.000 0.000 0.000 0.000 0.000 0.000 0.000 0.000
3.128 3.174 3.192 3.193 3.190 3.180 3.158 3.120 3.060 2.973 2.850 2.686 2.477 2.228 1.944 1.634 1.290 0.913 0.582 0.325 0.153 0.062 0.023 0.009 0.004 0.002 0.001 0.001 0.001 0.001 0.001 0.000 0.000 0.000 0.000 0.000 0.000 0.000 0.001 0.001 0.001 0.001 0.001 0.001 0.000 0.000 0.000 0.000 0.001 0.000 0.000 0.000 0.000 0.000 0.000 0.000 0.000 0.000 0.000 0.000 0.000 0.000 0.000 0.000 0.000 0.000 0.000 0.000 0.000 0.000 0.000 0.000 0.000 0.000 0.000 0.000 0.000
3.176 3.234 3.261 3.269 3.267 3.259 3.240 3.205 3.147 3.058 2.930 2.759 2.543 2.284 1.988 1.656 1.280 0.864 0.510 0.254 0.107 0.041 0.016 0.006 0.003 0.001 0.001 0.001 0.001 0.001 0.001 0.001 0.000 0.000 0.000 0.000 0.000 0.000 0.001 0.001 0.001 0.001 0.001 0.001 0.001 0.000 0.000 0.000 0.000 0.000 0.000 0.000 0.000 0.000 0.000 0.000 0.000 0.000 0.000 0.000 0.000 0.000 0.000 0.000 0.000 0.000 0.000 0.000 0.000 0.000 0.000 0.000 0.000 0.000 0.000 0.000 0.000
3.199 3.272 3.316 3.336 3.339 3.333 3.317 3.285 3.224 3.128 2.990 2.808 2.583 2.315 2.005 1.655 1.241 0.785 0.425 0.193 0.077 0.030 0.012 0.005 0.002 0.001 0.001 0.001 0.001 0.001 0.001 0.001 0.000 0.000 0.000 0.000 0.000 0.000 0.000 0.000 0.000 0.000 0.000 0.000 0.001 0.001 0.000 0.000 0.000 0.000 0.000 0.000 0.000 0.000 0.000 0.000 0.000 0.000 0.000 0.000 0.000 0.000 0.000 0.000 0.000 0.000 0.000 0.000 0.000 0.000 0.000 0.000 0.000 0.000 0.000 0.000 0.000
3.201 3.287 3.355 3.392 3.403 3.401 3.387 3.353 3.286 3.180 3.031 2.839 2.604 2.326 2.008 1.633 1.163 0.687 0.346 0.148 0.057 0.022 0.008 0.003 0.001 0.001 0.001 0.001 0.001 0.001 0.001 0.001 0.000 0.000 0.000 0.000 0.000 0.000 0.000 0.001 0.001 0.001 0.000 0.000 0.000 0.000 0.001 0.001 0.000 0.000 0.000 0.000 0.000 0.000 0.000 0.001 0.001 0.000 0.000 0.000 0.000 0.000 0.000 0.000 0.000 0.000 0.000 0.000 0.000 0.000 0.000 0.000 0.000 0.000 0.000 0.000 0.000
3.190 3.288 3.374 3.434 3.459 3.461 3.449 3.410 3.334 3.219 3.060 2.857 2.613 2.329 1.995 1.574 1.042 0.576 0.269 0.108 0.041 0.015 0.006 0.002 0.001 0.001 0.001 0.000 0.001 0.001 0.001 0.000 0.000 0.000 0.000 0.000 0.000 0.000 0.000 0.001 0.001 0.001 0.001 0.001 0.000 0.000 0.000 0.001 0.001 0.001 0.000 0.000 0.000 0.000 0.001 0.001 0.001 0.001 0.000 0.000 0.000 0.000 0.000 0.000 0.000 0.000 0.000 0.000 0.000 0.000 0.000 0.000 0.000 0.000 0.000 0.000 0.000
3.159 3.269 3.375 3.458 3.501 3.509 3.497 3.453 3.370 3.243 3.071 2.861 2.613 2.317 1.944 1.445 0.879 0.450 0.192 0.072 0.026 0.009 0.004 0.001 0.001 0.001 0.000 0.000 0.000 0.001 0.001 0.000 0.000 0.000 0.000 0.000 0.000 0.000 0.000 0.001 0.001 0.001 0.001 0.001 0.001 0.000 0.000 0.000 0.000 0.000 0.000 0.000 0.000 0.000 0.000 0.000 0.001 0.000 0.000 0.000 0.000 0.000 0.000 0.000 0.000 0.000 0.000 0.000 0.000 0.000 0.000 0.000 0.000 0.000 0.000 0.000 0.000
3.100 3.218 3.346 3.457 3.520 3.537 3.527 3.481 3.390 3.252 3.070 2.847 2.575 2.232 1.781 1.201 0.663 0.304 0.117 0.042 0.015 0.005 0.002 0.001 0.001 0.001 0.000 0.000 0.000 0.000 0.001 0.001 0.000 0.000 0.000 0.000 0.000 0.000 0.000 0.001 0.001 0.001 0.001 0.001 0.001 0.001 0.000 0.000 0.000 0.000 0.000 0.000 0.000 0.000 0.000 0.001 0.000 0.000 0.000 0.000 0.000 0.000 0.000 0.000 0.000 0.000 0.000 0.000 0.000 0.000 0.000 0.000 0.000 0.000 0.000 0.000 0.000
3.000 3.113 3.247 3.390 3.487 3.528 3.527 3.485 3.389 3.238 3.031 2.759 2.408 1.967 1.413 0.831 0.402 0.164 0.060 0.021 0.007 0.003 0.001 0.001 0.001 0.001 0.001 0.000 0.000 0.000 0.000 0.001 0.000 0.000 0.000 0.000 0.000 0.000 0.000 0.000 0.000 0.000 0.000 0.000 0.000 0.001 0.000 0.000 0.000 0.000 0.000 0.000 0.000 0.000 0.000 0.001 0.000 0.000 0.000 0.000 0.000 0.000 0.000 0.000 0.000 0.000 0.000 0.000 0.000 0.000 0.000 0.000 0.000 0.000 0.000 0.000 0.000
