RESULTS/r.avaflow_results/12_results/12_ascii/12_hflow10003.asc
ncols 506
nrows 317
xllcenter 498237.50
yllcenter 5580050.00
cellsize 12.50
NODATA_value -9999.000
[rows 238 to 271 of 317, columns 77 to 153 of 506]
11.044 10.778 10.458 10.354 10.402 10.593 10.769 10.736 10.205 8.872 6.736 4.740 3.708 3.506 3.740 4.182 5.064 6.275 7.312 8.078 8.750 9.396 10.106 10.807 11.428 11.700 11.713 11.384 10.590 9.489 8.247 7.000 5.883 5.220 5.050 5.177 5.681 6.114 6.191 5.993 5.358 3.994 2.222 1.279 0.945 0.853 0.830 0.820 0.818 0.835 0.944 1.258 1.750 2.097 2.216 2.186 1.912 1.251 0.522 0.166 0.042 0.009 0.002 0.000 0.000 0.000 0.000 0.000 0.000 0.000 0.000 0.000 0.000 0.000 0.000 0.000 0.000
9.419 7.960 6.292 5.291 4.982 5.030 5.156 5.055 4.527 3.532 2.563 2.255 2.471 2.796 3.105 3.443 3.936 4.745 5.915 7.173 8.236 9.096 9.894 10.714 11.686 12.354 12.540 12.337 11.662 10.660 9.564 8.295 6.861 6.055 5.894 6.067 6.558 6.790 6.695 6.216 5.175 3.352 1.856 1.216 0.991 0.918 0.886 0.872 0.872 0.897 1.036 1.413 1.817 2.019 2.054 1.906 1.430 0.714 0.242 0.066 0.015 0.003 0.000 0.000 0.000 0.000 0.000 0.000 0.000 0.000 0.000 0.000 0.000 0.000 0.000 0.000 0.000
6.083 4.169 2.896 2.373 2.210 2.167 2.119 2.002 1.817 1.616 1.579 1.748 2.134 2.556 2.839 3.070 3.360 3.832 4.612 5.767 7.064 8.256 9.333 10.403 11.646 12.578 12.878 12.716 12.131 11.331 10.552 9.638 8.173 7.076 6.782 6.879 7.191 7.229 6.930 6.192 4.688 2.722 1.643 1.230 1.081 1.012 0.975 0.964 0.967 1.000 1.135 1.485 1.738 1.783 1.666 1.325 0.778 0.312 0.096 0.023 0.005 0.001 0.000 0.000 0.000 0.000 0.000 0.000 0.000 0.000 0.000 0.000 0.000 0.000 0.000 0.000 0.000
2.578 1.927 1.622 1.494 1.447 1.421 1.361 1.261 1.202 1.205 1.280 1.510 1.941 2.410 2.685 2.844 3.009 3.269 3.704 4.438 5.556 6.987 8.467 9.883 11.387 12.479 12.830 12.675 12.117 11.499 10.995 10.442 9.342 8.102 7.589 7.513 7.561 7.411 6.931 5.896 3.927 2.261 1.550 1.294 1.195 1.142 1.115 1.110 1.124 1.172 1.291 1.517 1.600 1.489 1.207 0.778 0.364 0.129 0.036 0.008 0.001 0.000 0.000 0.000 0.000 0.000 0.000 0.000 0.000 0.000 0.000 0.000 0.000 0.000 0.000 0.000 0.000
1.239 1.179 1.150 1.143 1.143 1.131 1.070 0.990 0.969 0.987 1.082 1.324 1.760 2.265 2.558 2.684 2.757 2.835 3.007 3.483 4.448 5.917 7.560 9.076 10.579 11.746 12.169 12.012 11.485 11.123 10.897 10.630 9.973 8.887 8.192 7.901 7.695 7.340 6.621 5.114 3.120 1.988 1.551 1.406 1.352 1.331 1.332 1.349 1.386 1.446 1.516 1.545 1.447 1.214 0.826 0.422 0.168 0.052 0.012 0.002 0.000 0.000 0.000 0.000 0.000 0.000 0.000 0.000 0.000 0.000 0.000 0.000 0.000 0.000 0.000 0.000 0.000
0.767 0.821 0.859 0.895 0.918 0.913 0.862 0.806 0.798 0.821 0.922 1.155 1.557 2.093 2.438 2.557 2.561 2.503 2.446 2.589 3.220 4.568 6.281 7.714 8.966 9.956 10.364 10.241 9.942 9.988 10.331 10.418 10.150 9.442 8.645 8.090 7.593 6.896 5.722 4.015 2.604 1.897 1.630 1.569 1.564 1.595 1.663 1.729 1.776 1.793 1.711 1.515 1.219 0.862 0.483 0.208 0.071 0.019 0.004 0.001 0.000 0.000 0.000 0.000 0.000 0.000 0.000 0.000 0.000 0.000 0.000 0.000 0.000 0.000 0.000 0.000 0.000
0.479 0.552 0.608 0.663 0.695 0.693 0.666 0.645 0.652 0.691 0.800 1.018 1.386 1.924 2.299 2.419 2.408 2.282 2.046 1.958 2.118 2.771 3.938 4.950 5.767 6.486 6.956 7.105 7.301 8.014 9.269 9.963 10.042 9.687 8.935 8.166 7.339 6.220 4.769 3.375 2.464 1.967 1.795 1.778 1.811 1.910 2.048 2.125 2.133 2.036 1.777 1.361 0.893 0.510 0.241 0.090 0.026 0.006 0.001 0.000 0.000 0.000 0.000 0.000 0.000 0.000 0.000 0.000 0.000 0.000 0.000 0.000 0.000 0.000 0.000 0.000 0.000
0.270 0.337 0.393 0.447 0.479 0.491 0.497 0.509 0.534 0.589 0.702 0.905 1.245 1.762 2.156 2.289 2.280 2.123 1.771 1.583 1.583 1.799 2.201 2.441 2.573 2.741 3.040 3.502 4.291 5.699 7.717 9.134 9.674 9.609 9.045 8.160 7.014 5.573 4.174 3.161 2.523 2.177 2.060 2.050 2.104 2.246 2.368 2.395 2.321 2.100 1.677 1.080 0.575 0.267 0.106 0.033 0.008 0.002 0.000 0.000 0.000 0.000 0.000 0.000 0.000 0.000 0.000 0.000 0.000 0.000 0.000 0.000 0.000 0.000 0.000 0.000 0.000
0.134 0.183 0.227 0.269 0.302 0.331 0.363 0.399 0.442 0.510 0.621 0.808 1.123 1.612 2.011 2.158 2.154 1.981 1.580 1.340 1.306 1.385 1.492 1.464 1.285 1.151 1.233 1.657 2.639 4.305 6.499 8.115 8.977 9.209 8.943 8.059 6.582 4.964 3.790 3.065 2.676 2.491 2.417 2.411 2.461 2.538 2.563 2.506 2.333 1.951 1.315 0.683 0.294 0.114 0.038 0.010 0.002 0.001 0.000 0.000 0.000 0.000 0.000 0.000 0.000 0.000 0.000 0.000 0.000 0.000 0.000 0.000 0.000 0.000 0.000 0.000 0.000
0.057 0.088 0.117 0.145 0.173 0.208 0.253 0.306 0.367 0.444 0.553 0.725 1.015 1.473 1.860 2.005 2.002 1.839 1.443 1.173 1.115 1.132 1.133 1.036 0.756 0.567 0.583 0.883 1.748 3.360 5.637 7.427 8.331 8.609 8.498 7.677 6.035 4.488 3.538 3.008 2.764 2.675 2.650 2.663 2.682 2.671 2.614 2.468 2.123 1.459 0.748 0.317 0.118 0.038 0.010 0.002 0.001 0.001 0.000 0.000 0.000 0.000 0.000 0.000 0.000 0.000 0.000 0.000 0.000 0.000 0.000 0.000 0.000 0.000 0.000 0.000 0.000
0.021 0.037 0.055 0.072 0.090 0.117 0.162 0.223 0.297 0.383 0.491 0.648 0.905 1.317 1.682 1.818 1.815 1.686 1.346 1.056 0.961 0.930 0.883 0.739 0.450 0.302 0.314 0.528 1.189 2.557 4.775 6.800 7.781 7.989 7.790 7.022 5.577 4.170 3.328 2.917 2.760 2.718 2.731 2.750 2.735 2.683 2.553 2.243 1.612 0.838 0.349 0.126 0.038 0.010 0.002 0.001 0.001 0.000 0.000 0.000 0.000 0.000 0.000 0.000 0.000 0.000 0.000 0.000 0.000 0.000 0.000 0.000 0.000 0.000 0.000 0.000 0.000
0.007 0.014 0.023 0.032 0.043 0.060 0.093 0.150 0.229 0.321 0.429 0.569 0.776 1.112 1.457 1.609 1.623 1.533 1.259 0.963 0.832 0.757 0.663 0.486 0.246 0.158 0.175 0.337 0.825 1.867 3.791 6.007 7.180 7.413 7.220 6.591 5.439 4.052 3.114 2.679 2.569 2.581 2.664 2.712 2.695 2.604 2.362 1.856 1.060 0.440 0.153 0.045 0.011 0.002 0.001 0.001 0.000 0.000 0.000 0.000 0.000 0.000 0.000 0.000 0.000 0.000 0.000 0.000 0.000 0.000 0.000 0.000 0.000 0.000 0.000 0.000 0.000
0.002 0.004 0.008 0.013 0.018 0.027 0.047 0.088 0.158 0.253 0.361 0.487 0.653 0.920 1.245 1.410 1.432 1.371 1.154 0.872 0.719 0.607 0.475 0.286 0.126 0.081 0.100 0.230 0.603 1.392 2.833 4.904 6.362 6.839 6.787 6.368 5.462 4.138 2.961 2.245 1.997 2.013 2.178 2.371 2.403 2.309 1.994 1.354 0.607 0.208 0.058 0.013 0.003 0.001 0.001 0.000 0.000 0.000 0.000 0.000 0.000 0.000 0.000 0.000 0.000 0.000 0.000 0.000 0.000 0.000 0.000 0.000 0.000 0.000 0.000 0.000 0.000
0.001 0.001 0.003 0.004 0.007 0.011 0.020 0.042 0.088 0.166 0.272 0.396 0.551 0.789 1.087 1.247 1.271 1.220 1.048 0.799 0.632 0.487 0.325 0.160 0.065 0.043 0.061 0.170 0.476 1.118 2.252 4.008 5.585 6.335 6.463 6.262 5.633 4.465 3.012 1.884 1.274 1.092 1.178 1.438 1.581 1.555 1.303 0.756 0.272 0.077 0.017 0.003 0.001 0.001 0.000 0.000 0.000 0.000 0.000 0.000 0.000 0.000 0.000 0.000 0.000 0.000 0.000 0.000 0.000 0.000 0.000 0.000 0.000 0.000 0.000 0.000 0.000
0.001 0.001 0.001 0.001 0.002 0.003 0.007 0.016 0.038 0.084 0.165 0.287 0.451 0.686 0.953 1.096 1.122 1.085 0.949 0.736 0.556 0.382 0.212 0.089 0.033 0.024 0.041 0.134 0.401 0.966 1.953 3.477 5.045 5.977 6.295 6.262 5.843 4.797 3.136 1.668 0.834 0.496 0.438 0.517 0.610 0.621 0.535 0.289 0.088 0.020 0.004 0.001 0.001 0.000 0.000 0.000 0.000 0.000 0.000 0.000 0.000 0.000 0.000 0.000 0.000 0.000 0.000 0.000 0.000 0.000 0.000 0.000 0.000 0.000 0.000 0.000 0.000
0.001 0.001 0.001 0.001 0.001 0.001 0.002 0.005 0.014 0.034 0.081 0.174 0.335 0.577 0.816 0.939 0.965 0.941 0.838 0.664 0.476 0.284 0.133 0.048 0.017 0.014 0.030 0.111 0.354 0.884 1.819 3.240 4.780 5.804 6.237 6.257 5.906 4.895 3.131 1.477 0.574 0.218 0.134 0.137 0.165 0.173 0.155 0.082 0.021 0.004 0.001 0.001 0.000 0.000 0.000 0.000 0.000 0.000 0.000 0.000 0.000 0.000 0.000 0.000 0.000 0.000 0.000 0.000 0.000 0.000 0.000 0.000 0.000 0.000 0.000 0.000 0.000
0.001 0.001 0.001 0.001 0.001 0.001 0.001 0.002 0.004 0.011 0.032 0.084 0.203 0.417 0.644 0.764 0.797 0.786 0.713 0.571 0.383 0.196 0.078 0.024 0.008 0.008 0.024 0.095 0.319 0.836 1.769 3.181 4.720 5.769 6.227 6.245 5.875 4.817 2.914 1.208 0.379 0.099 0.036 0.028 0.033 0.035 0.033 0.018 0.004 0.001 0.001 0.000 0.000 0.000 0.000 0.000 0.000 0.000 0.000 0.000 0.000 0.000 0.000 0.000 0.000 0.000 0.000 0.000 0.000 0.000 0.000 0.000 0.000 0.000 0.000 0.000 0.000
0.001 0.001 0.001 0.001 0.001 0.001 0.001 0.001 0.001 0.003 0.010 0.032 0.090 0.218 0.409 0.553 0.609 0.611 0.568 0.456 0.275 0.119 0.040 0.011 0.004 0.005 0.018 0.080 0.288 0.794 1.745 3.199 4.741 5.780 6.227 6.214 5.719 4.448 2.366 0.851 0.226 0.048 0.011 0.005 0.005 0.005 0.005 0.003 0.001 0.001 0.000 0.000 0.000 0.000 0.000 0.000 0.000 0.000 0.000 0.000 0.000 0.000 0.000 0.000 0.000 0.000 0.000 0.000 0.000 0.000 0.000 0.000 0.000 0.000 0.000 0.000 0.000
0.001 0.001 0.001 0.001 0.001 0.001 0.001 0.001 0.001 0.001 0.003 0.009 0.030 0.084 0.191 0.311 0.376 0.392 0.376 0.302 0.165 0.062 0.019 0.005 0.002 0.003 0.014 0.065 0.252 0.741 1.704 3.226 4.779 5.775 6.169 6.090 5.411 3.836 1.744 0.559 0.136 0.027 0.005 0.001 0.001 0.001 0.001 0.001 0.001 0.001 0.000 0.000 0.000 0.000 0.000 0.000 0.000 0.000 0.000 0.000 0.000 0.000 0.000 0.000 0.000 0.000 0.000 0.000 0.000 0.000 0.000 0.000 0.000 0.000 0.000 0.000 0.000
0.001 0.001 0.001 0.001 0.001 0.001 0.001 0.001 0.001 0.001 0.001 0.002 0.007 0.025 0.069 0.141 0.186 0.198 0.192 0.156 0.082 0.029 0.008 0.002 0.001 0.001 0.008 0.047 0.199 0.641 1.583 3.168 4.761 5.672 5.956 5.791 4.932 3.145 1.274 0.377 0.088 0.017 0.003 0.001 0.001 0.001 0.000 0.000 0.000 0.000 0.000 0.000 0.000 0.000 0.000 0.000 0.000 0.000 0.000 0.000 0.000 0.000 0.000 0.000 0.000 0.000 0.000 0.000 0.000 0.000 0.000 0.000 0.000 0.000 0.000 0.000 0.000
0.001 0.001 0.001 0.001 0.001 0.001 0.001 0.001 0.001 0.001 0.001 0.001 0.001 0.006 0.020 0.053 0.081 0.089 0.087 0.071 0.036 0.012 0.003 0.001 0.001 0.001 0.003 0.022 0.116 0.453 1.292 2.865 4.528 5.357 5.519 5.247 4.265 2.456 0.913 0.257 0.058 0.011 0.002 0.001 0.000 0.000 0.000 0.000 0.000 0.000 0.000 0.000 0.000 0.000 0.000 0.000 0.000 0.000 0.000 0.000 0.000 0.000 0.000 0.000 0.000 0.000 0.000 0.000 0.000 0.000 0.000 0.000 0.000 0.000 0.000 0.000 0.000
0.000 0.001 0.001 0.001 0.001 0.001 0.001 0.001 0.000 0.000 0.000 0.000 0.000 0.001 0.005 0.017 0.032 0.036 0.036 0.029 0.013 0.004 0.001 0.001 0.001 0.001 0.001 0.006 0.040 0.203 0.768 2.100 3.831 4.680 4.793 4.452 3.451 1.791 0.618 0.165 0.035 0.006 0.001 0.001 0.000 0.000 0.000 0.000 0.000 0.000 0.000 0.000 0.000 0.000 0.000 0.000 0.000 0.000 0.000 0.000 0.000 0.000 0.000 0.000 0.000 0.000 0.000 0.000 0.000 0.000 0.000 0.000 0.000 0.000 0.000 0.000 0.000
0.000 0.000 0.001 0.001 0.001 0.001 0.001 0.001 0.000 0.000 0.000 0.000 0.000 0.000 0.001 0.005 0.011 0.013 0.013 0.011 0.004 0.001 0.001 0.001 0.001 0.001 0.001 0.001 0.009 0.058 0.293 1.082 2.576 3.538 3.699 3.405 2.515 1.163 0.369 0.092 0.019 0.003 0.001 0.000 0.000 0.000 0.000 0.000 0.000 0.000 0.000 0.000 0.000 0.000 0.000 0.000 0.000 0.000 0.000 0.000 0.000 0.000 0.000 0.000 0.000 0.000 0.000 0.000 0.000 0.000 0.000 0.000 0.000 0.000 0.000 0.000 0.000
0.000 0.000 0.001 0.001 0.001 0.001 0.001 0.001 0.001 0.000 0.000 0.000 0.000 0.000 0.000 0.001 0.003 0.004 0.004 0.003 0.001 0.001 0.001 0.001 0.001 0.001 0.001 0.001 0.002 0.012 0.083 0.432 1.358 2.157 2.325 2.152 1.535 0.645 0.185 0.043 0.008 0.001 0.001 0.000 0.000 0.000 0.000 0.000 0.000 0.000 0.000 0.000 0.000 0.000 0.000 0.000 0.000 0.000 0.000 0.000 0.000 0.000 0.000 0.000 0.000 0.000 0.000 0.000 0.000 0.000 0.000 0.000 0.000 0.000 0.000 0.000 0.000
0.000 0.000 0.000 0.001 0.001 0.001 0.001 0.001 0.001 0.001 0.000 0.000 0.000 0.000 0.000 0.001 0.001 0.001 0.001 0.001 0.001 0.001 0.001 0.001 0.001 0.001 0.001 0.001 0.001 0.002 0.020 0.146 0.615 1.125 1.246 1.153 0.784 0.296 0.076 0.016 0.003 0.001 0.000 0.000 0.000 0.000 0.000 0.000 0.000 0.000 0.000 0.000 0.000 0.000 0.000 0.000 0.000 0.000 0.000 0.000 0.000 0.000 0.000 0.000 0.000 0.000 0.000 0.000 0.000 0.000 0.000 0.000 0.000 0.000 0.000 0.000 0.000
0.000 0.000 0.000 0.000 0.001 0.001 0.001 0.001 0.001 0.001 0.000 0.000 0.000 0.000 0.000 0.001 0.001 0.001 0.001 0.001 0.001 0.001 0.001 0.001 0.001 0.001 0.001 0.001 0.001 0.001 0.006 0.048 0.250 0.512 0.578 0.529 0.334 0.110 0.025 0.005 0.001 0.001 0.000 0.000 0.000 0.000 0.000 0.000 0.000 0.000 0.000 0.000 0.000 0.000 0.000 0.000 0.000 0.000 0.000 0.000 0.000 0.000 0.000 0.000 0.000 0.000 0.000 0.000 0.000 0.000 0.000 0.000 0.000 0.000 0.000 0.000 0.000
0.000 0.000 0.000 0.000 0.000 0.001 0.001 0.001 0.001 0.000 0.000 0.000 0.000 0.000 0.000 0.000 0.001 0.001 0.001 0.001 0.001 0.001 0.001 0.001 0.001 0.001 0.001 0.001 0.001 0.001 0.002 0.017 0.097 0.208 0.233 0.207 0.117 0.033 0.007 0.001 0.000 0.000 0.000 0.000 0.000 0.000 0.000 0.000 0.000 0.000 0.000 0.000 0.000 0.000 0.000 0.000 0.000 0.000 0.000 0.000 0.000 0.000 0.000 0.000 0.000 0.000 0.000 0.000 0.000 0.000 0.000 0.000 0.000 0.000 0.000 0.000 0.000
0.000 0.000 0.000 0.000 0.000 0.000 0.001 0.001 0.001 0.000 0.000 0.000 0.000 0.000 0.000 0.000 0.000 0.000 0.001 0.001 0.001 0.001 0.001 0.001 0.001 0.001 0.001 0.000 0.000 0.000 0.001 0.006 0.036 0.075 0.082 0.068 0.033 0.008 0.002 0.001 0.000 0.000 0.000 0.000 0.000 0.000 0.000 0.000 0.000 0.000 0.000 0.000 0.000 0.000 0.000 0.000 0.000 0.000 0.000 0.000 0.000 0.000 0.000 0.000 0.000 0.000 0.000 0.000 0.000 0.000 0.000 0.000 0.000 0.000 0.000 0.000 0.000
0.000 0.000 0.000 0.000 0.000 0.000 0.000 0.000 0.000 0.000 0.000 0.001 0.000 0.000 0.000 0.000 0.000 0.000 0.000 0.001 0.001 0.001 0.001 0.001 0.001 0.001 0.001 0.000 0.000 0.000 0.001 0.002 0.012 0.023 0.024 0.019 0.007 0.002 0.001 0.000 0.000 0.000 0.000 0.000 0.000 0.000 0.000 0.000 0.000 0.000 0.000 0.000 0.000 0.000 0.000 0.000 0.000 0.000 0.000 0.000 0.000 0.000 0.000 0.000 0.000 0.000 0.000 0.000 0.000 0.000 0.000 0.000 0.000 0.000 0.000 0.000 0.000
0.000 0.000 0.000 0.000 0.000 0.000 0.000 0.000 0.000 0.000 0.000 0.001 0.001 0.000 0.000 0.000 0.000 0.000 0.000 0.000 0.001 0.001 0.001 0.001 0.001 0.001 0.001 0.001 0.000 0.000 0.000 0.001 0.003 0.006 0.006 0.004 0.001 0.001 0.000 0.000 0.000 0.000 0.000 0.000 0.000 0.000 0.000 0.000 0.000 0.000 0.000 0.000 0.000 0.000 0.000 0.000 0.000 0.000 0.000 0.000 0.000 0.000 0.000 0.000 0.000 0.000 0.000 0.000 0.000 0.000 0.000 0.000 0.000 0.000 0.000 0.000 0.000
0.000 0.000 0.000 0.000 0.000 0.000 0.000 0.000 0.000 0.000 0.001 0.001 0.001 0.000 0.000 0.001 0.000 0.000 0.000 0.000 0.000 0.001 0.001 0.001 0.001 0.001 0.001 0.001 0.000 0.000 0.000 0.001 0.001 0.001 0.001 0.001 0.000 0.000 0.000 0.000 0.000 0.000 0.000 0.000 0.000 0.000 0.000 0.000 0.000 0.000 0.000 0.000 0.000 0.000 0.000 0.000 0.000 0.000 0.000 0.000 0.000 0.000 0.000 0.000 0.000 0.000 0.000 0.000 0.000 0.000 0.000 0.000 0.000 0.000 0.000 0.000 0.000
0.000 0.000 0.000 0.000 0.000 0.000 0.000 0.000 0.000 0.000 0.000 0.001 0.001 0.000 0.000 0.001 0.001 0.000 0.000 0.000 0.000 0.000 0.001 0.001 0.001 0.001 0.001 0.001 0.000 0.000 0.000 0.000 0.001 0.001 0.001 0.000 0.000 0.000 0.000 0.000 0.000 0.000 0.000 0.000 0.000 0.000 0.000 0.000 0.000 0.000 0.000 0.000 0.000 0.000 0.000 0.000 0.000 0.000 0.000 0.000 0.000 0.000 0.000 0.000 0.000 0.000 0.000 0.000 0.000 0.000 0.000 0.000 0.000 0.000 0.000 0.000 0.000
0.000 0.000 0.000 0.000 0.000 0.000 0.000 0.000 0.000 0.000 0.000 0.000 0.001 0.000 0.000 0.001 0.001 0.001 0.000 0.000 0.000 0.000 0.000 0.001 0.001 0.001 0.001 0.000 0.000 0.000 0.000 0.000 0.000 0.000 0.000 0.000 0.000 0.000 0.000 0.000 0.000 0.000 0.000 0.000 0.000 0.000 0.000 0.000 0.000 0.000 0.000 0.000 0.000 0.000 0.000 0.000 0.000 0.000 0.000 0.000 0.000 0.000 0.000 0.000 0.000 0.000 0.000 0.000 0.000 0.000 0.000 0.000 0.000 0.000 0.000 0.000 0.000
0.000 0.000 0.000 0.000 0.000 0.000 0.000 0.000 0.000 0.000 0.000 0.000 0.000 0.000 0.000 0.000 0.001 0.001 0.001 0.000 0.000 0.000 0.000 0.000 0.001 0.001 0.000 0.000 0.000 0.000 0.000 0.000 0.000 0.000 0.000 0.000 0.000 0.000 0.000 0.000 0.000 0.000 0.000 0.000 0.000 0.000 0.000 0.000 0.000 0.000 0.000 0.000 0.000 0.000 0.000 0.000 0.000 0.000 0.000 0.000 0.000 0.000 0.000 0.000 0.000 0.000 0.000 0.000 0.000 0.000 0.000 0.000 0.000 0.000 0.000 0.000 0.000
