RESULTS/r.avaflow_results/12_results/12_ascii/12_hflow30053.asc
ncols 506
nrows 317
xllcenter 498237.50
yllcenter 5580050.00
cellsize 12.50
NODATA_value -9999.000
[rows 170 to 203 of 317, columns 231 to 307 of 506]
0.162 0.116 0.088 0.073 0.067 0.066 0.067 0.074 0.095 0.140 0.186 0.206 0.209 0.200 0.170 0.118 0.070 0.043 0.029 0.020 0.015 0.011 0.008 0.006 0.004 0.002 0.001 0.001 0.000 0.000 0.000 0.000 0.000 0.000 0.000 0.000 0.000 0.000 0.000 0.000 0.000 0.000 0.000 0.000 0.000 0.000 0.000 0.000 0.000 0.000 0.000 0.000 0.000 0.000 0.000 0.000 0.000 0.000 0.000 0.000 0.000 0.000 0.000 0.000 0.000 0.000 0.000 0.000 0.000 0.000 0.000 0.000 0.000 0.000 0.000 0.000 0.000
0.242 0.164 0.118 0.095 0.086 0.085 0.089 0.107 0.158 0.265 0.373 0.419 0.423 0.399 0.331 0.216 0.119 0.066 0.040 0.026 0.018 0.013 0.010 0.007 0.005 0.003 0.002 0.001 0.000 0.000 0.000 0.000 0.000 0.000 0.000 0.000 0.000 0.000 0.000 0.000 0.000 0.000 0.000 0.000 0.000 0.000 0.000 0.000 0.000 0.000 0.000 0.000 0.000 0.000 0.000 0.000 0.000 0.000 0.000 0.000 0.000 0.000 0.000 0.000 0.000 0.000 0.000 0.000 0.000 0.000 0.000 0.000 0.000 0.000 0.000 0.000 0.000
0.347 0.236 0.161 0.124 0.110 0.109 0.116 0.151 0.250 0.450 0.654 0.744 0.753 0.708 0.586 0.384 0.202 0.103 0.056 0.034 0.023 0.017 0.012 0.009 0.007 0.005 0.003 0.002 0.001 0.000 0.000 0.000 0.000 0.000 0.000 0.000 0.000 0.000 0.000 0.000 0.000 0.000 0.000 0.000 0.000 0.000 0.000 0.000 0.000 0.000 0.000 0.000 0.000 0.000 0.000 0.000 0.000 0.000 0.000 0.000 0.000 0.000 0.000 0.000 0.000 0.000 0.000 0.000 0.000 0.000 0.000 0.000 0.000 0.000 0.000 0.000 0.000
0.428 0.327 0.223 0.164 0.141 0.138 0.147 0.191 0.316 0.576 0.855 0.988 1.006 0.956 0.813 0.565 0.310 0.155 0.079 0.045 0.029 0.020 0.015 0.011 0.009 0.006 0.004 0.003 0.002 0.001 0.000 0.000 0.000 0.000 0.000 0.000 0.000 0.000 0.000 0.000 0.000 0.000 0.000 0.000 0.000 0.000 0.000 0.000 0.000 0.000 0.000 0.000 0.000 0.000 0.000 0.000 0.000 0.000 0.000 0.000 0.000 0.000 0.000 0.000 0.000 0.000 0.000 0.000 0.000 0.000 0.000 0.000 0.000 0.000 0.000 0.000 0.000
0.465 0.401 0.301 0.217 0.179 0.171 0.178 0.224 0.356 0.631 0.936 1.088 1.114 1.067 0.926 0.675 0.394 0.207 0.107 0.058 0.035 0.024 0.018 0.014 0.011 0.008 0.006 0.004 0.003 0.002 0.001 0.000 0.000 0.000 0.000 0.000 0.000 0.000 0.000 0.000 0.000 0.000 0.000 0.000 0.000 0.000 0.000 0.000 0.000 0.000 0.000 0.000 0.000 0.000 0.000 0.000 0.000 0.000 0.000 0.000 0.000 0.000 0.000 0.000 0.000 0.000 0.000 0.000 0.000 0.000 0.000 0.000 0.000 0.000 0.000 0.000 0.000
0.472 0.435 0.366 0.277 0.223 0.208 0.213 0.255 0.382 0.644 0.939 1.093 1.122 1.081 0.948 0.715 0.444 0.250 0.135 0.073 0.043 0.029 0.021 0.016 0.013 0.010 0.008 0.006 0.004 0.003 0.002 0.001 0.000 0.000 0.000 0.000 0.000 0.000 0.000 0.000 0.000 0.000 0.000 0.000 0.000 0.000 0.000 0.000 0.000 0.000 0.000 0.000 0.000 0.000 0.000 0.000 0.000 0.000 0.000 0.000 0.000 0.000 0.000 0.000 0.000 0.000 0.000 0.000 0.000 0.000 0.000 0.000 0.000 0.000 0.000 0.000 0.000
0.459 0.441 0.397 0.326 0.272 0.251 0.253 0.288 0.401 0.632 0.891 1.028 1.059 1.029 0.918 0.715 0.466 0.281 0.159 0.089 0.053 0.034 0.025 0.019 0.015 0.012 0.010 0.008 0.006 0.004 0.003 0.002 0.001 0.001 0.000 0.000 0.000 0.000 0.000 0.000 0.000 0.000 0.000 0.000 0.000 0.000 0.000 0.000 0.000 0.000 0.000 0.000 0.000 0.000 0.000 0.000 0.000 0.000 0.000 0.000 0.000 0.000 0.000 0.000 0.000 0.000 0.000 0.000 0.000 0.000 0.000 0.000 0.000 0.000 0.000 0.000 0.000
0.427 0.426 0.403 0.358 0.318 0.302 0.303 0.330 0.419 0.595 0.777 0.874 0.901 0.888 0.816 0.671 0.468 0.295 0.177 0.104 0.063 0.041 0.030 0.023 0.018 0.015 0.012 0.010 0.008 0.006 0.005 0.003 0.002 0.002 0.001 0.000 0.000 0.000 0.000 0.000 0.000 0.000 0.000 0.000 0.000 0.000 0.000 0.000 0.000 0.000 0.000 0.000 0.000 0.000 0.000 0.000 0.000 0.000 0.000 0.000 0.000 0.000 0.000 0.000 0.000 0.000 0.000 0.000 0.000 0.000 0.000 0.000 0.000 0.000 0.000 0.000 0.000
0.378 0.393 0.389 0.369 0.348 0.343 0.348 0.373 0.435 0.540 0.629 0.671 0.682 0.673 0.639 0.564 0.439 0.297 0.189 0.117 0.074 0.050 0.036 0.028 0.022 0.018 0.015 0.012 0.010 0.008 0.007 0.005 0.004 0.003 0.002 0.001 0.001 0.000 0.000 0.000 0.000 0.000 0.000 0.000 0.000 0.000 0.000 0.000 0.000 0.000 0.000 0.000 0.000 0.000 0.000 0.000 0.000 0.000 0.000 0.000 0.000 0.000 0.000 0.000 0.000 0.000 0.000 0.000 0.000 0.000 0.000 0.000 0.000 0.000 0.000 0.000 0.000
0.311 0.345 0.360 0.362 0.360 0.365 0.379 0.406 0.452 0.503 0.532 0.539 0.532 0.510 0.476 0.430 0.368 0.282 0.196 0.131 0.088 0.061 0.045 0.035 0.028 0.023 0.019 0.016 0.013 0.011 0.009 0.007 0.005 0.004 0.003 0.002 0.001 0.001 0.000 0.000 0.000 0.000 0.000 0.000 0.000 0.000 0.000 0.000 0.000 0.000 0.000 0.000 0.000 0.000 0.000 0.000 0.000 0.000 0.000 0.000 0.000 0.000 0.000 0.000 0.000 0.000 0.000 0.000 0.000 0.000 0.000 0.000 0.000 0.000 0.000 0.000 0.000
0.252 0.290 0.319 0.340 0.357 0.375 0.399 0.430 0.464 0.484 0.487 0.477 0.453 0.418 0.381 0.345 0.306 0.260 0.202 0.148 0.106 0.077 0.058 0.046 0.037 0.030 0.024 0.020 0.017 0.014 0.011 0.009 0.008 0.006 0.005 0.004 0.003 0.002 0.001 0.001 0.000 0.000 0.000 0.000 0.000 0.000 0.000 0.000 0.000 0.000 0.000 0.000 0.000 0.000 0.000 0.000 0.000 0.000 0.000 0.000 0.000 0.000 0.000 0.000 0.000 0.000 0.000 0.000 0.000 0.000 0.000 0.000 0.000 0.000 0.000 0.000 0.000
0.211 0.245 0.277 0.307 0.340 0.376 0.413 0.447 0.471 0.479 0.475 0.456 0.421 0.377 0.339 0.309 0.281 0.251 0.214 0.170 0.132 0.103 0.081 0.065 0.053 0.042 0.034 0.027 0.022 0.018 0.015 0.012 0.010 0.008 0.007 0.006 0.005 0.003 0.003 0.002 0.001 0.001 0.001 0.000 0.000 0.000 0.000 0.000 0.000 0.000 0.000 0.000 0.000 0.000 0.000 0.000 0.000 0.000 0.000 0.000 0.000 0.000 0.000 0.000 0.000 0.000 0.000 0.000 0.000 0.000 0.000 0.000 0.000 0.000 0.000 0.000 0.000
0.187 0.218 0.250 0.284 0.325 0.375 0.425 0.461 0.479 0.483 0.476 0.454 0.415 0.367 0.329 0.301 0.278 0.257 0.234 0.205 0.173 0.144 0.121 0.101 0.083 0.067 0.052 0.040 0.031 0.024 0.019 0.016 0.013 0.011 0.009 0.008 0.007 0.006 0.005 0.004 0.003 0.002 0.002 0.001 0.001 0.001 0.000 0.000 0.000 0.000 0.000 0.000 0.000 0.000 0.000 0.000 0.000 0.000 0.000 0.000 0.000 0.000 0.000 0.000 0.000 0.000 0.000 0.000 0.000 0.000 0.000 0.000 0.000 0.000 0.000 0.000 0.000
0.177 0.207 0.240 0.278 0.323 0.381 0.441 0.480 0.498 0.501 0.494 0.470 0.429 0.376 0.336 0.310 0.294 0.283 0.272 0.257 0.237 0.213 0.191 0.169 0.146 0.120 0.092 0.066 0.047 0.035 0.026 0.021 0.017 0.014 0.012 0.011 0.009 0.008 0.007 0.006 0.005 0.004 0.004 0.003 0.002 0.002 0.001 0.001 0.001 0.001 0.001 0.001 0.001 0.001 0.001 0.001 0.002 0.002 0.002 0.002 0.002 0.002 0.002 0.002 0.002 0.002 0.002 0.002 0.001 0.001 0.001 0.000 0.000 0.000 0.000 0.000 0.000
0.175 0.206 0.242 0.284 0.336 0.406 0.478 0.527 0.552 0.559 0.555 0.535 0.495 0.440 0.392 0.362 0.350 0.346 0.345 0.342 0.338 0.331 0.319 0.299 0.272 0.233 0.183 0.124 0.081 0.054 0.038 0.028 0.022 0.019 0.016 0.014 0.013 0.012 0.010 0.009 0.008 0.007 0.006 0.005 0.005 0.004 0.003 0.003 0.003 0.003 0.003 0.003 0.003 0.003 0.004 0.004 0.005 0.006 0.006 0.007 0.007 0.007 0.007 0.007 0.007 0.007 0.006 0.005 0.004 0.003 0.002 0.001 0.000 0.000 0.000 0.000 0.000
0.181 0.216 0.259 0.315 0.385 0.479 0.579 0.651 0.695 0.717 0.723 0.714 0.686 0.634 0.567 0.511 0.482 0.474 0.475 0.483 0.500 0.524 0.538 0.533 0.510 0.460 0.374 0.254 0.149 0.089 0.057 0.040 0.030 0.025 0.021 0.019 0.017 0.016 0.014 0.013 0.012 0.011 0.009 0.008 0.008 0.007 0.006 0.006 0.006 0.006 0.006 0.006 0.007 0.007 0.008 0.009 0.010 0.012 0.013 0.014 0.015 0.015 0.015 0.015 0.014 0.014 0.013 0.011 0.009 0.006 0.004 0.002 0.001 0.000 0.000 0.000 0.000
0.201 0.248 0.310 0.392 0.498 0.638 0.804 0.936 1.025 1.080 1.106 1.111 1.097 1.046 0.945 0.814 0.730 0.693 0.688 0.702 0.742 0.812 0.876 0.903 0.898 0.848 0.723 0.510 0.287 0.155 0.090 0.059 0.043 0.034 0.029 0.025 0.023 0.021 0.020 0.018 0.017 0.015 0.014 0.012 0.011 0.011 0.010 0.010 0.010 0.010 0.010 0.011 0.011 0.012 0.014 0.015 0.018 0.021 0.023 0.025 0.026 0.027 0.027 0.027 0.026 0.025 0.023 0.021 0.017 0.011 0.007 0.004 0.002 0.001 0.000 0.000 0.000
0.243 0.313 0.408 0.533 0.695 0.910 1.193 1.450 1.625 1.731 1.784 1.799 1.789 1.718 1.551 1.297 1.111 1.021 0.998 1.012 1.074 1.202 1.348 1.432 1.454 1.416 1.257 0.933 0.533 0.278 0.151 0.092 0.063 0.048 0.040 0.035 0.032 0.029 0.028 0.026 0.024 0.022 0.019 0.018 0.016 0.016 0.015 0.015 0.015 0.015 0.015 0.016 0.017 0.019 0.021 0.025 0.029 0.034 0.039 0.043 0.045 0.046 0.046 0.046 0.045 0.043 0.040 0.035 0.028 0.019 0.012 0.008 0.004 0.002 0.001 0.000 0.000
0.277 0.373 0.504 0.684 0.932 1.273 1.737 2.168 2.446 2.578 2.617 2.615 2.568 2.438 2.196 1.870 1.614 1.462 1.408 1.416 1.503 1.713 1.973 2.132 2.186 2.153 1.947 1.496 0.899 0.482 0.257 0.149 0.097 0.071 0.057 0.049 0.045 0.042 0.040 0.038 0.035 0.032 0.028 0.025 0.023 0.022 0.021 0.021 0.021 0.022 0.022 0.024 0.026 0.029 0.034 0.040 0.047 0.057 0.067 0.075 0.080 0.082 0.083 0.082 0.080 0.076 0.070 0.059 0.045 0.030 0.020 0.012 0.007 0.004 0.002 0.001 0.000
0.286 0.393 0.544 0.761 1.077 1.543 2.178 2.727 3.051 3.175 3.190 3.162 3.076 2.902 2.620 2.301 2.072 1.940 1.891 1.903 2.042 2.379 2.737 2.910 2.935 2.833 2.511 1.925 1.229 0.728 0.419 0.246 0.156 0.110 0.086 0.074 0.068 0.065 0.062 0.060 0.057 0.051 0.043 0.037 0.033 0.031 0.030 0.030 0.030 0.031 0.032 0.035 0.039 0.046 0.056 0.067 0.081 0.100 0.122 0.138 0.148 0.153 0.154 0.153 0.148 0.137 0.121 0.098 0.069 0.046 0.029 0.017 0.010 0.005 0.002 0.001 0.000
0.276 0.387 0.544 0.774 1.129 1.676 2.419 3.024 3.362 3.474 3.476 3.432 3.327 3.137 2.846 2.571 2.399 2.316 2.303 2.379 2.636 3.073 3.401 3.520 3.498 3.301 2.855 2.152 1.427 0.916 0.585 0.378 0.249 0.175 0.137 0.119 0.111 0.109 0.108 0.106 0.101 0.090 0.074 0.059 0.050 0.045 0.043 0.042 0.043 0.044 0.047 0.054 0.064 0.079 0.098 0.120 0.148 0.186 0.226 0.255 0.272 0.279 0.276 0.265 0.245 0.216 0.179 0.133 0.089 0.057 0.034 0.020 0.011 0.006 0.003 0.001 0.000
0.235 0.343 0.502 0.742 1.116 1.697 2.478 3.101 3.442 3.550 3.552 3.510 3.407 3.219 2.939 2.714 2.600 2.569 2.602 2.760 3.113 3.563 3.827 3.900 3.837 3.557 3.006 2.223 1.513 1.019 0.694 0.484 0.350 0.267 0.221 0.199 0.192 0.194 0.201 0.203 0.197 0.176 0.140 0.104 0.082 0.070 0.065 0.063 0.064 0.066 0.074 0.090 0.115 0.149 0.185 0.224 0.272 0.333 0.386 0.415 0.423 0.411 0.385 0.349 0.308 0.263 0.211 0.150 0.099 0.062 0.037 0.022 0.012 0.006 0.003 0.001 0.000
0.160 0.251 0.396 0.626 1.002 1.592 2.386 3.029 3.386 3.513 3.528 3.498 3.408 3.228 2.958 2.769 2.700 2.704 2.791 3.013 3.403 3.794 3.998 4.042 3.956 3.630 3.028 2.211 1.524 1.051 0.739 0.537 0.410 0.338 0.303 0.292 0.297 0.322 0.354 0.366 0.361 0.332 0.271 0.196 0.147 0.119 0.105 0.101 0.101 0.107 0.125 0.161 0.219 0.285 0.343 0.397 0.451 0.498 0.523 0.528 0.512 0.476 0.429 0.378 0.328 0.277 0.219 0.154 0.101 0.063 0.038 0.022 0.012 0.006 0.003 0.001 0.000
0.090 0.143 0.239 0.417 0.739 1.269 2.013 2.695 3.118 3.320 3.391 3.393 3.338 3.186 2.939 2.774 2.727 2.751 2.869 3.115 3.490 3.813 3.974 4.002 3.901 3.552 2.908 2.087 1.454 1.025 0.736 0.546 0.430 0.369 0.346 0.345 0.363 0.414 0.472 0.497 0.498 0.474 0.413 0.324 0.250 0.203 0.177 0.168 0.168 0.181 0.219 0.291 0.392 0.479 0.535 0.569 0.590 0.601 0.594 0.572 0.534 0.484 0.428 0.373 0.321 0.268 0.211 0.149 0.098 0.061 0.037 0.021 0.012 0.006 0.003 0.001 0.000
0.052 0.077 0.123 0.213 0.395 0.745 1.321 2.006 2.555 2.893 3.070 3.133 3.124 3.033 2.851 2.729 2.704 2.738 2.859 3.085 3.369 3.565 3.642 3.630 3.487 3.109 2.463 1.732 1.216 0.883 0.660 0.512 0.419 0.371 0.356 0.360 0.388 0.452 0.519 0.552 0.556 0.538 0.487 0.405 0.333 0.287 0.263 0.256 0.260 0.284 0.340 0.430 0.535 0.608 0.648 0.661 0.658 0.642 0.610 0.568 0.515 0.453 0.390 0.333 0.281 0.231 0.180 0.129 0.086 0.054 0.033 0.020 0.011 0.006 0.003 0.001 0.000
0.033 0.045 0.065 0.104 0.183 0.344 0.642 1.113 1.671 2.164 2.487 2.653 2.710 2.695 2.618 2.559 2.557 2.597 2.685 2.795 2.877 2.872 2.816 2.711 2.503 2.129 1.586 1.087 0.771 0.587 0.476 0.404 0.359 0.339 0.338 0.350 0.385 0.452 0.519 0.554 0.560 0.546 0.503 0.433 0.370 0.333 0.317 0.315 0.323 0.353 0.413 0.501 0.590 0.650 0.678 0.683 0.673 0.641 0.588 0.519 0.441 0.365 0.300 0.246 0.201 0.162 0.125 0.091 0.063 0.041 0.026 0.016 0.009 0.005 0.002 0.001 0.000
0.023 0.029 0.038 0.055 0.086 0.149 0.272 0.493 0.826 1.236 1.616 1.886 2.044 2.124 2.155 2.165 2.181 2.200 2.196 2.109 1.935 1.738 1.566 1.413 1.243 1.011 0.719 0.495 0.362 0.292 0.258 0.244 0.243 0.254 0.273 0.301 0.345 0.412 0.473 0.506 0.514 0.507 0.478 0.425 0.374 0.347 0.338 0.338 0.349 0.379 0.432 0.510 0.585 0.634 0.657 0.660 0.644 0.594 0.511 0.406 0.309 0.236 0.184 0.148 0.120 0.097 0.075 0.056 0.040 0.027 0.018 0.011 0.007 0.004 0.002 0.001 0.000
0.017 0.020 0.025 0.033 0.046 0.070 0.115 0.198 0.340 0.556 0.816 1.043 1.211 1.341 1.437 1.489 1.504 1.475 1.365 1.167 0.950 0.795 0.683 0.590 0.499 0.395 0.283 0.204 0.158 0.137 0.130 0.131 0.137 0.150 0.173 0.207 0.254 0.312 0.357 0.384 0.395 0.397 0.389 0.368 0.347 0.336 0.335 0.338 0.349 0.373 0.413 0.468 0.517 0.546 0.559 0.559 0.537 0.473 0.367 0.261 0.189 0.142 0.111 0.090 0.073 0.060 0.047 0.035 0.025 0.018 0.012 0.007 0.004 0.002 0.001 0.000 0.000
0.012 0.015 0.018 0.022 0.029 0.039 0.056 0.085 0.135 0.220 0.347 0.488 0.608 0.702 0.766 0.794 0.792 0.752 0.659 0.519 0.399 0.325 0.275 0.236 0.197 0.156 0.119 0.092 0.078 0.072 0.072 0.073 0.078 0.086 0.100 0.121 0.150 0.183 0.207 0.221 0.230 0.237 0.244 0.255 0.271 0.288 0.299 0.308 0.316 0.326 0.338 0.351 0.361 0.367 0.369 0.366 0.345 0.295 0.220 0.158 0.118 0.091 0.072 0.058 0.048 0.039 0.031 0.023 0.017 0.012 0.008 0.005 0.003 0.001 0.000 0.000 0.000
0.009 0.011 0.013 0.016 0.020 0.025 0.032 0.044 0.062 0.093 0.143 0.212 0.277 0.328 0.360 0.370 0.365 0.339 0.288 0.218 0.168 0.139 0.120 0.105 0.090 0.074 0.060 0.051 0.046 0.045 0.045 0.046 0.049 0.053 0.061 0.071 0.086 0.101 0.111 0.118 0.123 0.128 0.135 0.147 0.170 0.199 0.219 0.228 0.229 0.222 0.208 0.197 0.193 0.192 0.193 0.193 0.186 0.166 0.132 0.101 0.078 0.062 0.050 0.040 0.033 0.026 0.021 0.015 0.011 0.008 0.005 0.003 0.002 0.001 0.000 0.000 0.000
0.006 0.008 0.010 0.012 0.014 0.017 0.021 0.027 0.035 0.047 0.067 0.097 0.129 0.152 0.164 0.167 0.165 0.153 0.130 0.100 0.081 0.069 0.062 0.056 0.050 0.044 0.038 0.034 0.033 0.032 0.032 0.033 0.034 0.036 0.040 0.045 0.052 0.058 0.063 0.067 0.070 0.073 0.077 0.085 0.099 0.116 0.126 0.129 0.127 0.121 0.111 0.104 0.102 0.102 0.102 0.103 0.102 0.096 0.084 0.068 0.055 0.045 0.036 0.029 0.023 0.018 0.014 0.010 0.007 0.005 0.003 0.002 0.001 0.000 0.000 0.000 0.000
0.004 0.006 0.007 0.009 0.011 0.013 0.015 0.019 0.023 0.029 0.038 0.051 0.065 0.075 0.080 0.081 0.080 0.075 0.066 0.054 0.046 0.042 0.039 0.036 0.034 0.031 0.028 0.026 0.025 0.025 0.025 0.025 0.026 0.027 0.029 0.031 0.034 0.037 0.040 0.042 0.044 0.046 0.048 0.053 0.060 0.067 0.070 0.070 0.069 0.067 0.063 0.060 0.059 0.059 0.059 0.061 0.061 0.060 0.056 0.049 0.041 0.033 0.027 0.021 0.017 0.013 0.010 0.007 0.005 0.003 0.002 0.001 0.000 0.000 0.000 0.000 0.000
0.003 0.004 0.005 0.006 0.008 0.009 0.011 0.014 0.016 0.020 0.024 0.031 0.038 0.042 0.044 0.045 0.044 0.042 0.039 0.034 0.031 0.029 0.027 0.026 0.025 0.023 0.021 0.020 0.020 0.019 0.019 0.019 0.020 0.020 0.021 0.022 0.024 0.026 0.027 0.028 0.030 0.031 0.033 0.035 0.039 0.041 0.042 0.042 0.042 0.041 0.039 0.038 0.038 0.038 0.038 0.039 0.040 0.040 0.038 0.035 0.030 0.025 0.020 0.015 0.012 0.009 0.006 0.004 0.003 0.002 0.001 0.000 0.000 0.000 0.000 0.000 0.000
0.001 0.002 0.003 0.004 0.005 0.007 0.008 0.010 0.012 0.014 0.017 0.021 0.024 0.026 0.027 0.028 0.028 0.027 0.026 0.024 0.022 0.021 0.020 0.020 0.019 0.018 0.017 0.016 0.015 0.015 0.015 0.015 0.015 0.015 0.016 0.017 0.018 0.019 0.019 0.020 0.021 0.022 0.023 0.025 0.026 0.027 0.028 0.028 0.027 0.027 0.027 0.027 0.027 0.027 0.027 0.027 0.027 0.027 0.027 0.025 0.022 0.018 0.014 0.011 0.008 0.006 0.004 0.003 0.002 0.001 0.000 0.000 0.000 0.000 0.000 0.000 0.000
