RESULTS/r.avaflow_results/12_results/12_ascii/12_hflow10046.asc
ncols 506
nrows 317
xllcenter 498237.50
yllcenter 5580050.00
cellsize 12.50
NODATA_value -9999.000
[rows 204 to 237 of 317, columns 77 to 153 of 506]
0.027 0.025 0.021 0.018 0.015 0.013 0.013 0.013 0.013 0.015 0.016 0.018 0.020 0.022 0.026 0.039 0.082 0.208 0.488 1.012 1.842 2.789 3.548 4.007 4.214 4.253 4.173 4.000 3.764 3.485 3.164 2.801 2.388 1.912 1.475 1.146 0.929 0.787 0.694 0.637 0.605 0.588 0.572 0.538 0.465 0.351 0.229 0.138 0.077 0.041 0.020 0.009 0.004 0.002 0.001 0.000 0.000 0.000 0.000 0.000 0.000 0.000 0.000 0.000 0.000 0.001 0.000 0.001 0.001 0.001 0.000 0.000 0.000 0.000 0.000 0.000 0.000
0.032 0.028 0.024 0.020 0.018 0.016 0.016 0.016 0.017 0.017 0.018 0.019 0.020 0.022 0.025 0.031 0.047 0.089 0.188 0.380 0.721 1.258 1.902 2.486 2.901 3.140 3.222 3.171 3.039 2.836 2.568 2.234 1.814 1.325 0.930 0.662 0.484 0.369 0.300 0.262 0.244 0.239 0.238 0.234 0.214 0.169 0.107 0.061 0.033 0.017 0.008 0.003 0.001 0.001 0.000 0.000 0.000 0.000 0.000 0.000 0.000 0.000 0.000 0.000 0.000 0.001 0.001 0.001 0.001 0.000 0.000 0.000 0.000 0.000 0.000 0.000 0.000
0.037 0.032 0.028 0.024 0.022 0.021 0.020 0.020 0.020 0.019 0.019 0.020 0.020 0.022 0.025 0.031 0.042 0.069 0.120 0.190 0.277 0.421 0.651 0.942 1.249 1.521 1.700 1.777 1.783 1.724 1.591 1.377 1.081 0.749 0.498 0.326 0.217 0.151 0.114 0.094 0.086 0.083 0.083 0.083 0.081 0.068 0.044 0.024 0.013 0.006 0.003 0.001 0.001 0.000 0.000 0.000 0.000 0.000 0.000 0.000 0.000 0.000 0.000 0.000 0.001 0.001 0.001 0.001 0.000 0.000 0.000 0.000 0.000 0.000 0.000 0.000 0.000
0.046 0.039 0.034 0.030 0.028 0.026 0.025 0.024 0.022 0.021 0.021 0.020 0.021 0.023 0.026 0.033 0.045 0.073 0.124 0.170 0.194 0.209 0.226 0.278 0.384 0.532 0.655 0.722 0.746 0.746 0.712 0.633 0.504 0.344 0.218 0.136 0.086 0.057 0.040 0.032 0.028 0.027 0.027 0.027 0.027 0.024 0.017 0.009 0.004 0.002 0.001 0.001 0.000 0.000 0.000 0.000 0.000 0.000 0.000 0.000 0.000 0.000 0.000 0.001 0.001 0.001 0.001 0.001 0.000 0.000 0.000 0.000 0.000 0.000 0.000 0.000 0.000
0.060 0.050 0.044 0.039 0.036 0.033 0.030 0.027 0.025 0.023 0.022 0.022 0.022 0.025 0.029 0.037 0.054 0.091 0.146 0.176 0.184 0.174 0.133 0.103 0.111 0.152 0.202 0.234 0.248 0.252 0.248 0.229 0.188 0.129 0.081 0.050 0.031 0.020 0.013 0.010 0.009 0.008 0.008 0.008 0.008 0.008 0.006 0.003 0.002 0.001 0.001 0.000 0.000 0.000 0.000 0.000 0.000 0.000 0.000 0.000 0.000 0.000 0.001 0.001 0.001 0.001 0.001 0.000 0.000 0.000 0.000 0.000 0.000 0.000 0.000 0.000 0.000
0.086 0.071 0.061 0.053 0.047 0.041 0.036 0.032 0.028 0.026 0.025 0.024 0.025 0.028 0.033 0.043 0.067 0.117 0.165 0.183 0.183 0.163 0.104 0.057 0.042 0.043 0.056 0.067 0.073 0.075 0.075 0.071 0.061 0.044 0.028 0.017 0.011 0.007 0.004 0.003 0.002 0.002 0.002 0.002 0.002 0.002 0.002 0.001 0.001 0.001 0.000 0.000 0.000 0.000 0.000 0.000 0.000 0.000 0.000 0.000 0.000 0.001 0.001 0.001 0.001 0.001 0.001 0.000 0.000 0.000 0.000 0.000 0.000 0.000 0.000 0.000 0.000
0.128 0.107 0.089 0.076 0.063 0.053 0.044 0.038 0.033 0.030 0.029 0.029 0.029 0.032 0.038 0.052 0.084 0.140 0.176 0.186 0.182 0.152 0.086 0.041 0.023 0.017 0.016 0.019 0.020 0.020 0.020 0.020 0.018 0.014 0.009 0.005 0.003 0.002 0.001 0.001 0.001 0.001 0.001 0.001 0.001 0.001 0.001 0.001 0.000 0.000 0.000 0.000 0.000 0.000 0.000 0.000 0.000 0.000 0.000 0.000 0.001 0.001 0.001 0.001 0.001 0.001 0.000 0.000 0.000 0.000 0.000 0.000 0.000 0.000 0.000 0.000 0.000
0.188 0.162 0.135 0.112 0.090 0.072 0.058 0.047 0.041 0.037 0.035 0.035 0.035 0.038 0.044 0.061 0.103 0.158 0.182 0.187 0.178 0.135 0.070 0.033 0.017 0.011 0.008 0.007 0.006 0.006 0.005 0.005 0.005 0.004 0.002 0.002 0.001 0.001 0.001 0.001 0.001 0.001 0.001 0.001 0.000 0.000 0.000 0.000 0.000 0.000 0.000 0.001 0.000 0.000 0.000 0.000 0.000 0.000 0.000 0.001 0.001 0.001 0.001 0.001 0.001 0.001 0.000 0.000 0.000 0.000 0.000 0.000 0.000 0.000 0.000 0.000 0.000
0.265 0.239 0.206 0.171 0.136 0.105 0.081 0.064 0.053 0.047 0.044 0.043 0.043 0.045 0.052 0.072 0.122 0.169 0.185 0.186 0.169 0.114 0.056 0.028 0.015 0.009 0.006 0.004 0.003 0.002 0.002 0.001 0.001 0.001 0.001 0.001 0.001 0.001 0.001 0.001 0.001 0.001 0.001 0.000 0.000 0.000 0.000 0.000 0.000 0.000 0.000 0.001 0.000 0.000 0.000 0.000 0.000 0.000 0.001 0.001 0.001 0.001 0.001 0.001 0.001 0.001 0.000 0.000 0.000 0.000 0.000 0.000 0.000 0.000 0.000 0.000 0.000
0.361 0.337 0.302 0.260 0.212 0.163 0.122 0.093 0.074 0.062 0.057 0.054 0.054 0.056 0.063 0.088 0.141 0.178 0.188 0.185 0.156 0.093 0.047 0.025 0.014 0.009 0.005 0.004 0.002 0.002 0.001 0.001 0.001 0.000 0.000 0.000 0.000 0.000 0.000 0.001 0.001 0.001 0.001 0.001 0.000 0.000 0.000 0.000 0.000 0.000 0.000 0.000 0.000 0.000 0.000 0.000 0.000 0.000 0.001 0.001 0.001 0.001 0.001 0.001 0.001 0.000 0.000 0.000 0.000 0.000 0.000 0.000 0.000 0.000 0.000 0.000 0.000
0.478 0.456 0.424 0.379 0.322 0.256 0.192 0.143 0.109 0.088 0.076 0.071 0.071 0.072 0.081 0.110 0.160 0.185 0.190 0.180 0.136 0.075 0.040 0.023 0.014 0.008 0.005 0.003 0.002 0.001 0.001 0.001 0.000 0.000 0.000 0.000 0.000 0.000 0.001 0.000 0.001 0.001 0.001 0.001 0.000 0.000 0.000 0.000 0.000 0.000 0.000 0.000 0.000 0.000 0.000 0.000 0.000 0.001 0.001 0.001 0.001 0.001 0.001 0.001 0.000 0.000 0.000 0.000 0.000 0.000 0.000 0.000 0.000 0.000 0.000 0.000 0.000
0.617 0.600 0.570 0.526 0.467 0.389 0.302 0.224 0.168 0.130 0.108 0.097 0.094 0.095 0.106 0.139 0.179 0.193 0.192 0.170 0.111 0.060 0.034 0.021 0.013 0.008 0.005 0.003 0.002 0.001 0.001 0.001 0.001 0.000 0.000 0.000 0.000 0.000 0.001 0.000 0.000 0.001 0.001 0.001 0.001 0.000 0.000 0.000 0.000 0.000 0.000 0.000 0.000 0.000 0.000 0.000 0.000 0.001 0.001 0.001 0.001 0.001 0.001 0.001 0.000 0.000 0.000 0.000 0.000 0.000 0.000 0.000 0.000 0.000 0.000 0.000 0.000
0.783 0.769 0.743 0.702 0.642 0.560 0.457 0.347 0.260 0.198 0.159 0.137 0.129 0.129 0.140 0.174 0.201 0.207 0.194 0.147 0.086 0.050 0.031 0.020 0.013 0.008 0.005 0.003 0.002 0.001 0.001 0.001 0.001 0.001 0.000 0.000 0.000 0.000 0.001 0.000 0.001 0.001 0.001 0.001 0.001 0.001 0.000 0.000 0.000 0.000 0.000 0.000 0.000 0.000 0.000 0.000 0.000 0.001 0.001 0.001 0.001 0.001 0.001 0.001 0.000 0.000 0.000 0.000 0.000 0.000 0.000 0.000 0.000 0.000 0.000 0.000 0.000
0.976 0.967 0.945 0.908 0.850 0.766 0.655 0.520 0.396 0.302 0.239 0.200 0.182 0.179 0.189 0.214 0.226 0.218 0.180 0.116 0.069 0.045 0.030 0.020 0.013 0.008 0.004 0.003 0.001 0.001 0.001 0.001 0.001 0.001 0.000 0.000 0.000 0.000 0.001 0.000 0.001 0.001 0.001 0.001 0.001 0.001 0.001 0.000 0.000 0.000 0.000 0.000 0.000 0.000 0.000 0.000 0.000 0.000 0.000 0.000 0.000 0.000 0.000 0.000 0.000 0.000 0.000 0.000 0.000 0.000 0.000 0.000 0.000 0.000 0.000 0.000 0.000
1.201 1.195 1.178 1.144 1.089 1.007 0.894 0.747 0.586 0.454 0.357 0.295 0.262 0.252 0.254 0.260 0.249 0.213 0.150 0.094 0.063 0.044 0.031 0.020 0.013 0.007 0.004 0.002 0.001 0.001 0.001 0.000 0.001 0.001 0.000 0.000 0.000 0.000 0.001 0.000 0.000 0.001 0.001 0.001 0.001 0.001 0.001 0.001 0.000 0.000 0.000 0.000 0.000 0.000 0.000 0.000 0.000 0.000 0.000 0.000 0.000 0.000 0.000 0.000 0.000 0.000 0.000 0.000 0.000 0.000 0.000 0.000 0.000 0.000 0.000 0.000 0.000
1.460 1.456 1.442 1.413 1.363 1.284 1.172 1.023 0.839 0.664 0.529 0.438 0.384 0.355 0.333 0.305 0.261 0.198 0.132 0.089 0.063 0.045 0.032 0.021 0.013 0.007 0.004 0.002 0.001 0.001 0.001 0.000 0.000 0.001 0.000 0.000 0.000 0.000 0.001 0.000 0.001 0.001 0.001 0.001 0.001 0.001 0.001 0.001 0.001 0.000 0.000 0.000 0.000 0.000 0.000 0.000 0.000 0.000 0.000 0.000 0.000 0.000 0.000 0.000 0.000 0.000 0.000 0.000 0.000 0.000 0.000 0.000 0.000 0.000 0.000 0.000 0.000
1.754 1.752 1.741 1.716 1.670 1.596 1.489 1.344 1.157 0.947 0.770 0.640 0.549 0.479 0.411 0.340 0.266 0.190 0.130 0.090 0.065 0.048 0.034 0.022 0.013 0.007 0.004 0.002 0.001 0.001 0.000 0.000 0.000 0.000 0.000 0.000 0.000 0.000 0.000 0.000 0.001 0.001 0.001 0.001 0.001 0.001 0.001 0.001 0.001 0.001 0.001 0.000 0.000 0.000 0.000 0.000 0.000 0.000 0.001 0.001 0.001 0.000 0.000 0.000 0.000 0.000 0.000 0.000 0.000 0.000 0.000 0.000 0.000 0.000 0.000 0.000 0.000
2.065 2.066 2.061 2.042 2.004 1.940 1.845 1.712 1.536 1.311 1.080 0.892 0.739 0.608 0.487 0.375 0.275 0.194 0.137 0.099 0.073 0.054 0.037 0.024 0.013 0.007 0.003 0.002 0.001 0.001 0.000 0.000 0.001 0.001 0.000 0.000 0.000 0.000 0.001 0.000 0.001 0.001 0.001 0.001 0.000 0.001 0.001 0.001 0.001 0.001 0.001 0.000 0.000 0.000 0.000 0.000 0.000 0.000 0.000 0.000 0.001 0.000 0.000 0.000 0.000 0.000 0.000 0.000 0.000 0.000 0.000 0.000 0.000 0.000 0.000 0.000 0.000
2.346 2.353 2.352 2.341 2.315 2.268 2.199 2.092 1.933 1.717 1.446 1.175 0.943 0.742 0.568 0.421 0.303 0.218 0.159 0.118 0.087 0.063 0.042 0.026 0.014 0.007 0.003 0.002 0.001 0.001 0.000 0.000 0.000 0.000 0.000 0.000 0.000 0.000 0.001 0.001 0.001 0.001 0.001 0.001 0.000 0.000 0.001 0.001 0.001 0.001 0.001 0.000 0.000 0.000 0.000 0.000 0.000 0.000 0.000 0.001 0.001 0.000 0.000 0.000 0.000 0.000 0.000 0.000 0.000 0.000 0.000 0.000 0.000 0.000 0.000 0.000 0.000
2.591 2.604 2.608 2.605 2.591 2.561 2.510 2.421 2.276 2.071 1.807 1.485 1.165 0.893 0.670 0.495 0.365 0.272 0.205 0.153 0.111 0.076 0.048 0.027 0.013 0.006 0.003 0.001 0.001 0.001 0.001 0.000 0.000 0.000 0.000 0.000 0.000 0.000 0.001 0.001 0.001 0.001 0.001 0.001 0.000 0.000 0.000 0.001 0.001 0.001 0.001 0.000 0.000 0.000 0.000 0.000 0.001 0.000 0.001 0.001 0.000 0.000 0.000 0.000 0.000 0.000 0.000 0.000 0.000 0.000 0.000 0.000 0.000 0.000 0.000 0.000 0.000
2.801 2.820 2.831 2.836 2.832 2.816 2.775 2.695 2.563 2.376 2.125 1.801 1.421 1.080 0.814 0.616 0.474 0.368 0.282 0.208 0.145 0.093 0.053 0.027 0.013 0.006 0.003 0.001 0.001 0.001 0.001 0.001 0.001 0.000 0.000 0.000 0.000 0.000 0.001 0.001 0.001 0.001 0.001 0.001 0.001 0.000 0.000 0.000 0.000 0.001 0.000 0.000 0.000 0.000 0.000 0.001 0.001 0.000 0.001 0.001 0.000 0.000 0.000 0.000 0.000 0.000 0.000 0.000 0.000 0.000 0.000 0.000 0.000 0.000 0.000 0.000 0.000
2.985 3.005 3.019 3.031 3.036 3.028 2.993 2.920 2.803 2.635 2.405 2.103 1.716 1.326 1.028 0.811 0.650 0.519 0.400 0.288 0.189 0.109 0.056 0.026 0.012 0.006 0.003 0.001 0.001 0.000 0.000 0.001 0.001 0.000 0.000 0.000 0.000 0.000 0.001 0.001 0.001 0.001 0.001 0.001 0.001 0.001 0.000 0.000 0.000 0.001 0.000 0.000 0.000 0.000 0.000 0.001 0.001 0.001 0.001 0.001 0.000 0.000 0.000 0.000 0.000 0.000 0.000 0.000 0.000 0.000 0.000 0.000 0.000 0.000 0.000 0.000 0.000
3.140 3.164 3.180 3.192 3.201 3.197 3.166 3.103 3.002 2.851 2.646 2.378 2.031 1.650 1.342 1.105 0.909 0.727 0.544 0.369 0.222 0.116 0.054 0.024 0.011 0.005 0.002 0.001 0.000 0.000 0.000 0.000 0.001 0.000 0.000 0.000 0.000 0.000 0.000 0.001 0.001 0.001 0.000 0.000 0.001 0.001 0.001 0.000 0.000 0.000 0.000 0.000 0.000 0.000 0.001 0.001 0.001 0.001 0.001 0.001 0.000 0.000 0.000 0.000 0.000 0.000 0.000 0.000 0.000 0.000 0.000 0.000 0.000 0.000 0.000 0.000 0.000
3.271 3.301 3.321 3.330 3.335 3.330 3.304 3.251 3.162 3.030 2.849 2.614 2.318 1.983 1.679 1.411 1.157 0.899 0.642 0.414 0.235 0.115 0.051 0.021 0.009 0.004 0.002 0.001 0.000 0.000 0.000 0.000 0.001 0.000 0.000 0.000 0.000 0.000 0.000 0.001 0.001 0.001 0.000 0.000 0.000 0.001 0.001 0.001 0.000 0.000 0.000 0.000 0.000 0.000 0.000 0.000 0.000 0.000 0.000 0.000 0.000 0.000 0.000 0.000 0.000 0.000 0.000 0.000 0.000 0.000 0.000 0.000 0.000 0.000 0.000 0.000 0.000
3.383 3.420 3.441 3.449 3.447 3.438 3.414 3.369 3.289 3.173 3.013 2.802 2.540 2.236 1.925 1.621 1.316 0.992 0.681 0.422 0.230 0.108 0.044 0.017 0.007 0.003 0.001 0.001 0.000 0.000 0.000 0.000 0.000 0.000 0.000 0.000 0.000 0.000 0.000 0.001 0.001 0.001 0.000 0.000 0.000 0.000 0.001 0.001 0.001 0.000 0.000 0.000 0.000 0.000 0.000 0.000 0.000 0.000 0.000 0.000 0.000 0.000 0.000 0.000 0.000 0.000 0.000 0.000 0.000 0.000 0.000 0.000 0.000 0.000 0.000 0.000 0.000
3.473 3.521 3.544 3.547 3.542 3.532 3.509 3.465 3.393 3.287 3.141 2.945 2.698 2.407 2.086 1.751 1.398 1.018 0.676 0.403 0.207 0.090 0.035 0.013 0.005 0.002 0.001 0.001 0.001 0.001 0.000 0.000 0.000 0.000 0.000 0.000 0.000 0.000 0.001 0.001 0.001 0.001 0.001 0.000 0.000 0.000 0.000 0.001 0.001 0.001 0.000 0.000 0.000 0.000 0.000 0.000 0.001 0.001 0.001 0.000 0.000 0.000 0.000 0.000 0.000 0.000 0.000 0.000 0.000 0.000 0.000 0.000 0.000 0.000 0.000 0.000 0.000
3.541 3.600 3.627 3.631 3.628 3.617 3.595 3.552 3.484 3.383 3.240 3.047 2.802 2.510 2.179 1.818 1.423 1.001 0.634 0.349 0.161 0.064 0.024 0.009 0.004 0.002 0.001 0.001 0.001 0.001 0.001 0.000 0.000 0.000 0.000 0.000 0.000 0.000 0.001 0.001 0.001 0.001 0.001 0.001 0.000 0.000 0.000 0.000 0.001 0.000 0.000 0.000 0.000 0.000 0.000 0.000 0.000 0.000 0.000 0.000 0.000 0.000 0.000 0.000 0.000 0.000 0.000 0.000 0.000 0.000 0.000 0.000 0.000 0.000 0.000 0.000 0.000
3.589 3.659 3.693 3.704 3.704 3.695 3.675 3.635 3.568 3.464 3.316 3.117 2.867 2.569 2.227 1.844 1.412 0.947 0.555 0.274 0.114 0.043 0.017 0.007 0.003 0.001 0.001 0.001 0.001 0.001 0.001 0.001 0.000 0.000 0.000 0.000 0.000 0.000 0.001 0.001 0.001 0.001 0.001 0.001 0.001 0.000 0.000 0.000 0.000 0.000 0.000 0.000 0.000 0.000 0.000 0.000 0.000 0.000 0.000 0.000 0.000 0.000 0.000 0.000 0.000 0.000 0.000 0.000 0.000 0.000 0.000 0.000 0.000 0.000 0.000 0.000 0.000
3.613 3.696 3.746 3.769 3.774 3.768 3.749 3.711 3.640 3.530 3.371 3.163 2.906 2.600 2.246 1.845 1.372 0.864 0.467 0.212 0.084 0.032 0.012 0.005 0.002 0.001 0.001 0.001 0.001 0.001 0.001 0.001 0.000 0.000 0.000 0.000 0.000 0.000 0.000 0.000 0.000 0.000 0.000 0.000 0.001 0.001 0.000 0.000 0.000 0.000 0.000 0.000 0.000 0.000 0.000 0.000 0.000 0.000 0.000 0.000 0.000 0.000 0.000 0.000 0.000 0.000 0.000 0.000 0.000 0.000 0.000 0.000 0.000 0.000 0.000 0.000 0.000
3.613 3.707 3.781 3.821 3.834 3.832 3.816 3.775 3.698 3.578 3.410 3.192 2.925 2.610 2.248 1.823 1.295 0.765 0.386 0.165 0.064 0.024 0.009 0.004 0.001 0.001 0.001 0.001 0.001 0.001 0.001 0.001 0.000 0.000 0.000 0.000 0.000 0.000 0.000 0.001 0.001 0.001 0.000 0.000 0.000 0.000 0.001 0.001 0.000 0.000 0.000 0.000 0.000 0.000 0.000 0.001 0.001 0.000 0.000 0.000 0.000 0.000 0.000 0.000 0.000 0.000 0.000 0.000 0.000 0.000 0.000 0.000 0.000 0.000 0.000 0.000 0.000
3.600 3.705 3.796 3.858 3.883 3.885 3.870 3.825 3.740 3.609 3.430 3.203 2.932 2.613 2.237 1.767 1.175 0.653 0.308 0.125 0.047 0.017 0.006 0.002 0.001 0.001 0.001 0.000 0.001 0.001 0.001 0.000 0.000 0.000 0.000 0.000 0.000 0.000 0.000 0.001 0.001 0.001 0.001 0.001 0.000 0.000 0.000 0.001 0.001 0.001 0.000 0.000 0.000 0.000 0.001 0.001 0.001 0.001 0.000 0.000 0.000 0.000 0.000 0.000 0.000 0.000 0.000 0.000 0.000 0.000 0.000 0.000 0.000 0.000 0.000 0.000 0.000
3.564 3.683 3.792 3.876 3.920 3.928 3.913 3.862 3.767 3.626 3.438 3.206 2.931 2.602 2.190 1.643 1.011 0.525 0.228 0.086 0.031 0.011 0.004 0.002 0.001 0.001 0.000 0.000 0.000 0.001 0.001 0.000 0.000 0.000 0.000 0.000 0.000 0.000 0.000 0.001 0.001 0.001 0.001 0.001 0.001 0.000 0.000 0.000 0.000 0.000 0.000 0.000 0.000 0.000 0.000 0.000 0.001 0.000 0.000 0.000 0.000 0.000 0.000 0.000 0.000 0.000 0.000 0.000 0.000 0.000 0.000 0.000 0.000 0.000 0.000 0.000 0.000
3.494 3.622 3.756 3.871 3.935 3.950 3.937 3.885 3.782 3.630 3.433 3.190 2.892 2.520 2.032 1.398 0.788 0.371 0.145 0.052 0.018 0.006 0.002 0.001 0.001 0.001 0.000 0.000 0.000 0.000 0.001 0.001 0.000 0.000 0.000 0.000 0.000 0.000 0.000 0.001 0.001 0.001 0.001 0.001 0.001 0.001 0.000 0.000 0.000 0.000 0.000 0.000 0.000 0.000 0.000 0.001 0.000 0.000 0.000 0.000 0.000 0.000 0.000 0.000 0.000 0.000 0.000 0.000 0.000 0.000 0.000 0.000 0.000 0.000 0.000 0.000 0.000
3.377 3.502 3.645 3.798 3.900 3.940 3.936 3.887 3.780 3.616 3.391 3.099 2.725 2.252 1.657 1.004 0.497 0.205 0.075 0.026 0.009 0.003 0.001 0.001 0.001 0.001 0.001 0.000 0.000 0.000 0.000 0.001 0.000 0.000 0.000 0.000 0.000 0.000 0.000 0.000 0.000 0.000 0.000 0.000 0.000 0.001 0.000 0.000 0.000 0.000 0.000 0.000 0.000 0.000 0.000 0.001 0.000 0.000 0.000 0.000 0.000 0.000 0.000 0.000 0.000 0.000 0.000 0.000 0.000 0.000 0.000 0.000 0.000 0.000 0.000 0.000 0.000
