RESULTS/r.avaflow_results/12_results/12_ascii/12_hflow0001.asc
ncols 506
nrows 317
xllcenter 498237.50
yllcenter 5580050.00
cellsize 12.50
NODATA_value -9999.000
[rows 204 to 237 of 317, columns 77 to 153 of 506]
0.000 0.000 0.000 0.000 0.000 0.000 0.000 0.000 0.000 0.000 0.000 0.000 0.000 0.000 0.000 0.000 0.000 0.000 0.000 0.000 0.001 0.001 0.002 0.003 0.004 0.005 0.006 0.007 0.007 0.007 0.006 0.006 0.006 0.006 0.007 0.007 0.007 0.007 0.007 0.006 0.006 0.005 0.004 0.002 0.001 0.000 0.000 0.000 0.000 0.000 0.000 0.000 0.000 0.000 0.000 0.000 0.000 0.000 0.000 0.000 0.000 0.000 0.000 0.000 0.000 0.000 0.000 0.000 0.000 0.000 0.000 0.000 0.000 0.000 0.000 0.000 0.000
0.000 0.000 0.000 0.000 0.000 0.000 0.000 0.000 0.000 0.000 0.000 0.000 0.000 0.000 0.000 0.000 0.000 0.000 0.001 0.003 0.006 0.009 0.011 0.014 0.017 0.022 0.028 0.031 0.032 0.032 0.031 0.030 0.030 0.031 0.034 0.035 0.036 0.035 0.034 0.031 0.028 0.025 0.019 0.011 0.006 0.002 0.001 0.000 0.000 0.000 0.000 0.000 0.000 0.000 0.000 0.000 0.000 0.000 0.000 0.000 0.000 0.000 0.000 0.000 0.000 0.000 0.000 0.000 0.000 0.000 0.000 0.000 0.000 0.000 0.000 0.000 0.000
0.000 0.000 0.000 0.000 0.000 0.000 0.000 0.000 0.000 0.000 0.000 0.000 0.000 0.000 0.000 0.000 0.002 0.004 0.009 0.017 0.028 0.039 0.047 0.053 0.061 0.076 0.096 0.109 0.115 0.117 0.117 0.115 0.114 0.118 0.128 0.135 0.137 0.136 0.131 0.123 0.113 0.098 0.074 0.046 0.024 0.011 0.004 0.001 0.000 0.000 0.000 0.000 0.000 0.000 0.000 0.000 0.000 0.000 0.000 0.000 0.000 0.000 0.000 0.000 0.000 0.000 0.000 0.000 0.000 0.000 0.000 0.000 0.000 0.000 0.000 0.000 0.000
0.000 0.000 0.000 0.000 0.000 0.000 0.000 0.000 0.000 0.000 0.000 0.000 0.000 0.000 0.001 0.003 0.009 0.023 0.044 0.074 0.110 0.138 0.155 0.167 0.185 0.218 0.268 0.311 0.339 0.354 0.358 0.355 0.352 0.359 0.384 0.408 0.416 0.415 0.406 0.388 0.360 0.313 0.237 0.150 0.082 0.037 0.013 0.004 0.001 0.000 0.000 0.000 0.000 0.000 0.000 0.000 0.000 0.000 0.000 0.000 0.000 0.000 0.000 0.000 0.000 0.000 0.000 0.000 0.000 0.000 0.000 0.000 0.000 0.000 0.000 0.000 0.000
0.000 0.000 0.000 0.000 0.000 0.000 0.000 0.000 0.000 0.000 0.000 0.000 0.000 0.000 0.003 0.012 0.040 0.093 0.167 0.258 0.345 0.400 0.422 0.434 0.457 0.514 0.606 0.714 0.804 0.858 0.879 0.876 0.859 0.861 0.899 0.957 0.990 1.000 0.994 0.971 0.912 0.796 0.611 0.398 0.226 0.103 0.037 0.011 0.003 0.000 0.000 0.000 0.000 0.000 0.000 0.000 0.000 0.000 0.000 0.000 0.000 0.000 0.000 0.000 0.000 0.000 0.000 0.000 0.000 0.000 0.000 0.000 0.000 0.000 0.000 0.000 0.000
0.000 0.000 0.000 0.000 0.000 0.000 0.000 0.000 0.000 0.000 0.000 0.000 0.000 0.002 0.010 0.042 0.139 0.312 0.518 0.715 0.870 0.944 0.949 0.928 0.934 0.992 1.115 1.318 1.548 1.689 1.742 1.733 1.661 1.634 1.664 1.759 1.852 1.911 1.933 1.914 1.818 1.610 1.279 0.877 0.514 0.240 0.088 0.026 0.006 0.001 0.000 0.000 0.000 0.000 0.000 0.000 0.000 0.000 0.000 0.000 0.000 0.000 0.000 0.000 0.000 0.000 0.000 0.000 0.000 0.000 0.000 0.000 0.000 0.000 0.000 0.000 0.000
0.000 0.000 0.000 0.000 0.000 0.000 0.000 0.000 0.000 0.000 0.000 0.000 0.001 0.006 0.027 0.116 0.390 0.838 1.262 1.571 1.770 1.835 1.794 1.666 1.599 1.617 1.736 2.035 2.498 2.799 2.897 2.860 2.656 2.553 2.571 2.695 2.872 3.018 3.108 3.113 3.004 2.721 2.256 1.630 0.958 0.445 0.166 0.051 0.013 0.003 0.001 0.000 0.000 0.000 0.000 0.000 0.000 0.000 0.000 0.000 0.000 0.000 0.000 0.000 0.000 0.000 0.000 0.000 0.000 0.000 0.000 0.000 0.000 0.000 0.000 0.000 0.000
0.000 0.000 0.000 0.000 0.000 0.000 0.000 0.000 0.000 0.000 0.000 0.001 0.004 0.014 0.059 0.253 0.839 1.743 2.419 2.811 2.999 3.015 2.881 2.579 2.358 2.311 2.396 2.774 3.502 4.034 4.194 4.100 3.677 3.415 3.379 3.469 3.661 3.856 4.008 4.051 3.999 3.749 3.186 2.233 1.184 0.512 0.193 0.066 0.020 0.005 0.001 0.000 0.000 0.000 0.000 0.000 0.000 0.000 0.000 0.000 0.000 0.000 0.000 0.000 0.000 0.000 0.000 0.000 0.000 0.000 0.000 0.000 0.000 0.000 0.000 0.000 0.000
0.000 0.000 0.000 0.000 0.000 0.000 0.000 0.000 0.000 0.000 0.001 0.004 0.011 0.033 0.113 0.436 1.396 2.800 3.714 4.125 4.244 4.208 4.002 3.576 3.154 2.993 3.053 3.514 4.452 5.183 5.393 5.205 4.547 4.116 4.017 4.059 4.205 4.401 4.565 4.632 4.626 4.413 3.736 2.438 1.181 0.498 0.193 0.073 0.027 0.009 0.003 0.001 0.000 0.000 0.000 0.000 0.000 0.000 0.000 0.000 0.000 0.000 0.000 0.000 0.000 0.000 0.000 0.000 0.000 0.000 0.000 0.000 0.000 0.000 0.000 0.000 0.000
0.000 0.000 0.000 0.000 0.000 0.000 0.000 0.000 0.001 0.002 0.005 0.012 0.029 0.073 0.205 0.658 1.893 3.537 4.571 5.015 5.108 5.048 4.816 4.348 3.795 3.543 3.597 4.119 5.153 5.960 6.224 6.026 5.253 4.694 4.539 4.542 4.631 4.780 4.893 4.946 4.957 4.762 3.942 2.372 1.069 0.432 0.175 0.075 0.033 0.013 0.004 0.001 0.000 0.000 0.000 0.000 0.000 0.000 0.000 0.000 0.000 0.000 0.000 0.000 0.000 0.000 0.000 0.000 0.000 0.000 0.000 0.000 0.000 0.000 0.000 0.000 0.000
0.000 0.000 0.000 0.000 0.000 0.000 0.000 0.001 0.003 0.007 0.016 0.035 0.074 0.160 0.367 0.953 2.377 4.022 5.052 5.521 5.586 5.478 5.210 4.720 4.141 3.878 3.941 4.486 5.512 6.346 6.662 6.490 5.741 5.172 4.998 4.970 4.994 5.031 5.051 5.064 5.064 4.855 3.907 2.130 0.847 0.325 0.149 0.077 0.040 0.018 0.007 0.002 0.000 0.000 0.000 0.000 0.000 0.000 0.000 0.000 0.000 0.000 0.000 0.000 0.000 0.000 0.000 0.000 0.000 0.000 0.000 0.000 0.000 0.000 0.000 0.000 0.000
0.000 0.000 0.000 0.000 0.000 0.001 0.003 0.006 0.012 0.024 0.048 0.093 0.175 0.326 0.636 1.372 2.930 4.411 5.278 5.698 5.726 5.549 5.248 4.749 4.204 3.959 4.035 4.577 5.555 6.387 6.736 6.600 5.955 5.533 5.402 5.342 5.239 5.093 5.006 4.952 4.889 4.621 3.572 1.754 0.663 0.286 0.149 0.082 0.046 0.022 0.009 0.003 0.001 0.000 0.000 0.000 0.000 0.000 0.000 0.000 0.000 0.000 0.000 0.000 0.000 0.000 0.000 0.000 0.000 0.000 0.000 0.000 0.000 0.000 0.000 0.000 0.000
0.000 0.000 0.000 0.000 0.002 0.005 0.011 0.021 0.041 0.075 0.133 0.227 0.374 0.613 1.056 1.985 3.506 4.641 5.262 5.559 5.568 5.328 4.974 4.521 4.106 3.923 3.999 4.469 5.274 6.042 6.436 6.396 5.986 5.798 5.767 5.709 5.434 4.940 4.531 4.222 3.964 3.654 2.893 1.517 0.623 0.289 0.156 0.089 0.051 0.026 0.011 0.004 0.001 0.000 0.000 0.000 0.000 0.000 0.000 0.000 0.000 0.000 0.000 0.000 0.000 0.000 0.000 0.000 0.000 0.000 0.000 0.000 0.000 0.000 0.000 0.000 0.000
0.000 0.000 0.001 0.002 0.007 0.016 0.035 0.068 0.121 0.204 0.328 0.502 0.737 1.089 1.720 2.794 3.883 4.526 4.800 4.757 4.652 4.553 4.415 4.182 3.958 3.853 3.902 4.176 4.629 5.191 5.710 5.926 5.890 5.992 6.161 6.143 5.671 4.778 4.114 3.707 3.425 3.158 2.635 1.540 0.656 0.320 0.178 0.101 0.057 0.030 0.013 0.005 0.001 0.000 0.000 0.000 0.000 0.000 0.000 0.000 0.000 0.000 0.000 0.000 0.000 0.000 0.000 0.000 0.000 0.000 0.000 0.000 0.000 0.000 0.000 0.000 0.000
0.000 0.001 0.003 0.008 0.022 0.050 0.103 0.190 0.320 0.499 0.732 1.022 1.385 1.904 2.699 3.477 3.879 3.963 3.761 3.583 3.530 3.602 3.752 3.794 3.730 3.572 3.466 3.496 3.626 3.942 4.506 5.106 5.597 6.052 6.378 6.376 5.788 4.671 3.943 3.558 3.312 3.081 2.638 1.700 0.810 0.417 0.233 0.129 0.071 0.036 0.017 0.007 0.002 0.000 0.000 0.000 0.000 0.000 0.000 0.000 0.000 0.000 0.000 0.000 0.000 0.000 0.000 0.000 0.000 0.000 0.000 0.000 0.000 0.000 0.000 0.000 0.000
0.001 0.003 0.009 0.024 0.060 0.134 0.265 0.470 0.752 1.102 1.503 1.931 2.424 2.947 3.451 3.680 3.595 3.376 3.114 2.997 2.994 3.127 3.349 3.407 3.325 3.028 2.809 2.806 2.956 3.261 3.710 4.323 5.080 5.892 6.360 6.376 5.750 4.584 3.880 3.540 3.332 3.139 2.827 2.131 1.193 0.631 0.347 0.187 0.100 0.052 0.024 0.010 0.004 0.001 0.000 0.000 0.000 0.000 0.000 0.000 0.000 0.000 0.000 0.000 0.000 0.000 0.000 0.000 0.000 0.000 0.000 0.000 0.000 0.000 0.000 0.000 0.000
0.002 0.008 0.023 0.063 0.149 0.317 0.604 1.031 1.575 2.153 2.707 3.099 3.365 3.587 3.690 3.571 3.336 3.071 2.857 2.783 2.801 2.987 3.259 3.323 3.211 2.838 2.592 2.592 2.783 3.127 3.511 3.948 4.543 5.403 6.012 6.073 5.487 4.439 3.862 3.612 3.492 3.406 3.264 2.830 1.918 1.062 0.584 0.317 0.172 0.092 0.046 0.020 0.008 0.002 0.001 0.000 0.000 0.000 0.000 0.000 0.000 0.000 0.000 0.000 0.000 0.000 0.000 0.000 0.000 0.000 0.000 0.000 0.000 0.000 0.000 0.000 0.000
0.006 0.020 0.056 0.144 0.329 0.671 1.223 2.006 2.801 3.383 3.726 3.881 3.904 3.854 3.740 3.501 3.213 2.962 2.802 2.751 2.770 2.981 3.280 3.348 3.225 2.817 2.568 2.583 2.808 3.193 3.556 3.877 4.208 4.733 5.235 5.321 4.898 4.240 3.939 3.837 3.905 4.065 4.108 3.898 3.132 1.962 1.118 0.639 0.364 0.202 0.103 0.045 0.018 0.006 0.001 0.000 0.000 0.000 0.000 0.000 0.000 0.000 0.000 0.000 0.000 0.000 0.000 0.000 0.000 0.000 0.000 0.000 0.000 0.000 0.000 0.000 0.000
0.015 0.046 0.124 0.300 0.651 1.264 2.211 3.173 3.829 4.198 4.328 4.326 4.234 4.044 3.790 3.486 3.195 2.959 2.833 2.794 2.811 3.034 3.361 3.438 3.300 2.877 2.659 2.715 3.025 3.458 3.780 3.989 4.165 4.382 4.617 4.658 4.422 4.157 4.104 4.166 4.448 4.919 5.193 5.197 4.785 3.663 2.319 1.407 0.842 0.482 0.245 0.105 0.039 0.012 0.003 0.001 0.000 0.000 0.000 0.000 0.000 0.000 0.000 0.000 0.000 0.000 0.000 0.000 0.000 0.000 0.000 0.000 0.000 0.000 0.000 0.000 0.000
0.034 0.098 0.249 0.569 1.165 2.135 3.235 4.010 4.443 4.651 4.703 4.664 4.518 4.247 3.871 3.515 3.249 3.065 2.990 2.973 2.991 3.179 3.470 3.551 3.448 3.116 2.991 3.131 3.546 3.976 4.223 4.296 4.297 4.335 4.410 4.405 4.271 4.212 4.270 4.424 4.767 5.270 5.668 5.856 5.843 5.405 4.217 2.771 1.677 0.924 0.430 0.168 0.058 0.019 0.005 0.001 0.000 0.000 0.000 0.000 0.000 0.000 0.000 0.000 0.000 0.000 0.000 0.000 0.000 0.000 0.000 0.000 0.000 0.000 0.000 0.000 0.000
0.074 0.195 0.464 0.993 1.909 3.068 3.976 4.502 4.770 4.885 4.914 4.889 4.746 4.435 3.985 3.643 3.458 3.373 3.354 3.358 3.364 3.439 3.569 3.595 3.523 3.374 3.362 3.569 3.963 4.308 4.549 4.627 4.565 4.461 4.418 4.368 4.292 4.314 4.440 4.661 4.972 5.345 5.743 6.007 6.092 5.955 5.096 3.461 2.017 1.058 0.476 0.187 0.068 0.024 0.008 0.002 0.000 0.000 0.000 0.000 0.000 0.000 0.000 0.000 0.000 0.000 0.000 0.000 0.000 0.000 0.000 0.000 0.000 0.000 0.000 0.000 0.000
0.152 0.368 0.807 1.601 2.795 3.841 4.460 4.782 4.937 4.998 5.007 4.982 4.871 4.594 4.207 3.978 3.914 3.943 3.977 3.987 3.944 3.823 3.684 3.587 3.492 3.429 3.468 3.696 4.026 4.314 4.581 4.767 4.827 4.740 4.597 4.508 4.496 4.573 4.741 4.923 5.083 5.281 5.620 5.870 5.946 5.827 5.081 3.517 2.001 1.034 0.475 0.200 0.080 0.031 0.011 0.003 0.001 0.000 0.000 0.000 0.000 0.000 0.000 0.000 0.000 0.000 0.000 0.000 0.000 0.000 0.000 0.000 0.000 0.000 0.000 0.000 0.000
0.295 0.658 1.324 2.391 3.588 4.364 4.759 4.944 5.018 5.043 5.042 5.021 4.940 4.767 4.596 4.547 4.615 4.742 4.804 4.793 4.660 4.309 3.830 3.519 3.379 3.357 3.434 3.647 3.908 4.146 4.434 4.759 4.999 5.065 5.004 4.964 5.021 5.120 5.186 5.141 5.052 5.002 5.118 5.240 5.260 5.134 4.530 3.187 1.793 0.950 0.476 0.226 0.104 0.046 0.018 0.006 0.001 0.000 0.000 0.000 0.000 0.000 0.000 0.000 0.000 0.000 0.000 0.000 0.000 0.000 0.000 0.000 0.000 0.000 0.000 0.000 0.000
0.540 1.114 2.060 3.227 4.143 4.669 4.918 5.018 5.051 5.055 5.047 5.031 4.979 4.914 4.898 4.973 5.172 5.363 5.426 5.392 5.174 4.684 3.965 3.505 3.354 3.344 3.431 3.637 3.892 4.130 4.382 4.700 5.035 5.223 5.341 5.425 5.496 5.509 5.421 5.212 4.912 4.591 4.367 4.210 4.047 3.830 3.403 2.593 1.612 0.938 0.526 0.295 0.163 0.084 0.036 0.012 0.003 0.001 0.000 0.000 0.000 0.000 0.000 0.000 0.000 0.000 0.000 0.000 0.000 0.000 0.000 0.000 0.000 0.000 0.000 0.000 0.000
0.932 1.779 2.914 3.895 4.499 4.823 4.980 5.037 5.051 5.049 5.049 5.032 5.001 5.002 5.059 5.254 5.576 5.775 5.802 5.697 5.394 4.840 4.082 3.605 3.486 3.508 3.627 3.844 4.064 4.257 4.452 4.670 4.961 5.231 5.456 5.598 5.650 5.618 5.459 5.176 4.808 4.436 4.113 3.843 3.587 3.311 2.971 2.474 1.712 1.082 0.701 0.463 0.299 0.173 0.079 0.027 0.007 0.001 0.000 0.000 0.000 0.000 0.000 0.000 0.000 0.000 0.000 0.000 0.000 0.000 0.000 0.000 0.000 0.000 0.000 0.000 0.000
1.503 2.624 3.675 4.332 4.710 4.906 4.997 5.031 5.047 5.050 5.049 5.048 5.041 5.066 5.184 5.501 5.848 5.958 5.920 5.749 5.400 4.825 4.175 3.838 3.789 3.876 4.086 4.313 4.455 4.547 4.636 4.735 4.903 5.165 5.461 5.631 5.655 5.578 5.366 5.058 4.724 4.412 4.110 3.827 3.552 3.255 2.963 2.634 2.100 1.506 1.114 0.828 0.592 0.364 0.167 0.057 0.015 0.003 0.000 0.000 0.000 0.000 0.000 0.000 0.000 0.000 0.000 0.000 0.000 0.000 0.000 0.000 0.000 0.000 0.000 0.000 0.000
2.273 3.421 4.185 4.604 4.833 4.945 4.994 5.017 5.026 5.032 5.042 5.051 5.065 5.122 5.318 5.702 5.951 5.955 5.811 5.524 5.135 4.628 4.165 4.004 4.103 4.379 4.664 4.855 4.948 4.967 4.945 4.894 4.909 5.044 5.310 5.487 5.497 5.398 5.200 4.974 4.730 4.494 4.269 4.023 3.739 3.425 3.220 3.075 2.818 2.375 1.946 1.556 1.160 0.686 0.289 0.089 0.022 0.004 0.001 0.000 0.000 0.000 0.000 0.000 0.000 0.000 0.000 0.000 0.000 0.000 0.000 0.000 0.000 0.000 0.000 0.000 0.000
3.095 3.996 4.509 4.779 4.913 4.971 4.996 5.009 5.018 5.028 5.036 5.047 5.081 5.193 5.475 5.836 5.956 5.834 5.466 4.966 4.524 4.176 4.015 4.061 4.365 4.809 5.099 5.236 5.278 5.260 5.208 5.090 4.971 4.868 4.891 4.974 5.037 5.067 5.015 4.942 4.864 4.814 4.738 4.599 4.337 4.033 3.942 4.061 4.122 3.875 3.351 2.649 1.754 0.876 0.325 0.096 0.024 0.005 0.001 0.000 0.000 0.000 0.000 0.000 0.000 0.000 0.000 0.000 0.000 0.000 0.000 0.000 0.000 0.000 0.000 0.000 0.000
3.769 4.391 4.729 4.908 4.981 4.998 4.994 5.001 5.011 5.018 5.025 5.043 5.108 5.303 5.678 5.960 5.970 5.698 5.153 4.573 4.140 3.919 3.919 4.121 4.604 5.087 5.363 5.479 5.495 5.430 5.330 5.181 4.985 4.664 4.325 4.203 4.312 4.579 4.791 4.975 5.179 5.449 5.611 5.632 5.509 5.243 5.057 5.128 5.190 4.940 4.284 3.255 1.947 0.894 0.323 0.099 0.027 0.007 0.001 0.000 0.000 0.000 0.000 0.000 0.000 0.000 0.000 0.000 0.000 0.000 0.000 0.000 0.000 0.000 0.000 0.000 0.000
4.223 4.659 4.905 5.024 5.058 5.050 5.029 5.017 5.009 5.016 5.031 5.083 5.239 5.569 5.976 6.139 6.035 5.609 4.997 4.470 4.089 3.947 3.997 4.290 4.805 5.211 5.455 5.552 5.554 5.477 5.346 5.178 4.922 4.445 3.835 3.573 3.652 4.046 4.509 4.916 5.348 5.900 6.298 6.450 6.468 6.260 5.795 5.502 5.382 5.126 4.490 3.388 1.961 0.888 0.331 0.111 0.035 0.010 0.003 0.001 0.000 0.000 0.000 0.000 0.000 0.000 0.000 0.000 0.000 0.000 0.000 0.000 0.000 0.000 0.000 0.000 0.000
4.507 4.850 5.071 5.184 5.207 5.189 5.124 5.073 5.068 5.084 5.150 5.313 5.654 6.161 6.473 6.464 6.161 5.583 4.965 4.480 4.188 4.140 4.256 4.560 4.943 5.222 5.419 5.496 5.493 5.424 5.275 5.055 4.714 4.115 3.333 2.980 3.039 3.459 4.091 4.700 5.325 6.051 6.545 6.710 6.728 6.540 6.010 5.516 5.285 5.032 4.441 3.383 1.985 0.944 0.393 0.156 0.060 0.021 0.006 0.002 0.000 0.000 0.000 0.000 0.000 0.000 0.000 0.000 0.000 0.000 0.000 0.000 0.000 0.000 0.000 0.000 0.000
4.723 5.024 5.295 5.491 5.556 5.542 5.450 5.358 5.344 5.389 5.545 5.884 6.519 7.118 7.261 7.022 6.451 5.709 5.075 4.618 4.416 4.436 4.621 4.855 5.037 5.177 5.288 5.319 5.265 5.141 4.942 4.663 4.264 3.595 2.854 2.590 2.663 3.000 3.562 4.274 5.140 5.984 6.456 6.602 6.623 6.459 5.996 5.409 5.061 4.756 4.266 3.391 2.152 1.171 0.588 0.283 0.125 0.048 0.016 0.004 0.001 0.000 0.000 0.000 0.000 0.000 0.000 0.000 0.000 0.000 0.000 0.000 0.000 0.000 0.000 0.000 0.000
4.951 5.229 5.566 5.928 6.162 6.236 6.184 6.103 6.082 6.135 6.333 6.806 7.518 7.883 7.823 7.423 6.773 6.047 5.417 4.930 4.725 4.781 5.006 5.123 5.138 5.120 5.092 5.018 4.845 4.550 4.197 3.860 3.482 2.966 2.548 2.460 2.576 2.903 3.422 4.143 5.045 5.736 6.060 6.180 6.215 6.089 5.718 5.088 4.609 4.286 3.964 3.407 2.530 1.667 1.012 0.565 0.277 0.113 0.038 0.011 0.003 0.000 0.000 0.000 0.000 0.000 0.000 0.000 0.000 0.000 0.000 0.000 0.000 0.000 0.000 0.000 0.000
5.261 5.492 5.784 6.161 6.551 6.954 7.276 7.394 7.408 7.433 7.539 7.771 8.043 8.080 7.862 7.395 6.764 6.140 5.596 5.178 5.016 5.078 5.267 5.305 5.248 5.125 4.985 4.797 4.494 4.048 3.592 3.248 2.945 2.644 2.471 2.465 2.619 2.977 3.515 4.263 5.153 5.688 5.805 5.711 5.503 5.161 4.679 4.068 3.639 3.480 3.465 3.357 3.061 2.508 1.784 1.092 0.569 0.240 0.083 0.024 0.006 0.001 0.000 0.000 0.000 0.000 0.000 0.000 0.000 0.000 0.000 0.000 0.000 0.000 0.000 0.000 0.000
