RESULTS/r.avaflow_results/12_results/12_ascii/12_hflow30019.asc
ncols 506
nrows 317
xllcenter 498237.50
yllcenter 5580050.00
cellsize 12.50
NODATA_value -9999.000
[rows 170 to 203 of 317, columns 154 to 230 of 506]
10.181 10.234 10.253 10.232 10.165 10.053 9.906 9.733 9.533 9.310 9.077 8.834 8.551 8.176 7.657 6.985 6.245 5.531 4.869 4.248 3.655 3.083 2.578 2.200 1.954 1.823 1.784 1.788 1.811 1.859 1.930 1.988 2.020 2.030 2.024 2.001 1.968 1.919 1.843 1.726 1.566 1.398 1.250 1.111 0.963 0.791 0.612 0.470 0.369 0.293 0.236 0.194 0.162 0.139 0.124 0.113 0.106 0.102 0.100 0.099 0.097 0.094 0.089 0.083 0.077 0.073 0.072 0.072 0.074 0.077 0.083 0.094 0.113 0.143 0.171 0.188 0.194
12.836 13.253 13.520 13.648 13.679 13.656 13.558 13.375 13.125 12.835 12.525 12.213 11.886 11.488 10.942 10.175 9.208 8.132 7.024 5.912 4.836 3.862 3.062 2.478 2.095 1.870 1.755 1.725 1.749 1.815 1.910 1.975 2.004 2.007 1.983 1.922 1.822 1.691 1.529 1.324 1.101 0.915 0.775 0.656 0.543 0.427 0.325 0.248 0.193 0.154 0.126 0.106 0.092 0.083 0.077 0.075 0.074 0.074 0.074 0.073 0.072 0.070 0.066 0.060 0.056 0.053 0.052 0.052 0.052 0.053 0.055 0.060 0.068 0.081 0.092 0.097 0.097
15.437 16.252 16.739 16.947 16.979 16.934 16.809 16.610 16.359 16.073 15.764 15.449 15.132 14.767 14.264 13.524 12.484 11.180 9.735 8.230 6.717 5.293 4.057 3.099 2.442 2.027 1.780 1.642 1.599 1.648 1.744 1.803 1.821 1.803 1.740 1.621 1.447 1.227 0.988 0.759 0.582 0.464 0.386 0.325 0.267 0.211 0.163 0.126 0.100 0.082 0.069 0.061 0.055 0.052 0.051 0.052 0.053 0.054 0.054 0.054 0.053 0.051 0.048 0.044 0.040 0.038 0.036 0.036 0.035 0.035 0.035 0.036 0.039 0.043 0.046 0.046 0.044
17.229 18.374 19.081 19.432 19.564 19.586 19.522 19.397 19.217 18.988 18.716 18.419 18.121 17.785 17.325 16.639 15.656 14.375 12.853 11.168 9.377 7.568 5.838 4.368 3.257 2.485 1.977 1.667 1.495 1.424 1.426 1.427 1.401 1.343 1.238 1.079 0.881 0.685 0.514 0.377 0.282 0.223 0.186 0.158 0.131 0.106 0.083 0.067 0.055 0.047 0.041 0.038 0.036 0.035 0.035 0.037 0.038 0.039 0.040 0.040 0.039 0.037 0.035 0.032 0.029 0.027 0.025 0.024 0.023 0.022 0.021 0.021 0.021 0.021 0.021 0.020 0.018
18.120 19.482 20.414 20.993 21.347 21.562 21.682 21.721 21.669 21.542 21.333 21.059 20.767 20.445 20.022 19.394 18.488 17.292 15.862 14.253 12.485 10.542 8.437 6.378 4.665 3.367 2.447 1.840 1.474 1.253 1.104 0.992 0.898 0.806 0.700 0.576 0.452 0.345 0.256 0.187 0.141 0.113 0.095 0.081 0.068 0.056 0.046 0.039 0.033 0.030 0.027 0.026 0.025 0.025 0.025 0.026 0.028 0.028 0.029 0.028 0.028 0.026 0.025 0.022 0.020 0.018 0.017 0.015 0.014 0.013 0.012 0.011 0.010 0.010 0.009 0.008 0.007
18.282 19.727 20.830 21.651 22.281 22.766 23.132 23.365 23.456 23.435 23.298 23.039 22.738 22.435 22.063 21.521 20.731 19.659 18.321 16.752 14.976 12.992 10.771 8.331 6.102 4.323 3.006 2.097 1.510 1.136 0.881 0.698 0.564 0.457 0.364 0.285 0.224 0.173 0.131 0.099 0.077 0.063 0.053 0.046 0.040 0.034 0.029 0.026 0.023 0.021 0.020 0.019 0.018 0.018 0.019 0.019 0.020 0.020 0.020 0.020 0.019 0.018 0.017 0.015 0.013 0.012 0.010 0.009 0.008 0.007 0.006 0.006 0.005 0.004 0.004 0.003 0.002
18.044 19.545 20.756 21.715 22.528 23.221 23.763 24.139 24.350 24.404 24.323 24.069 23.764 23.508 23.207 22.755 22.086 21.162 19.944 18.412 16.591 14.509 12.155 9.490 6.941 4.874 3.320 2.227 1.506 1.036 0.720 0.505 0.359 0.257 0.188 0.143 0.114 0.090 0.071 0.056 0.046 0.039 0.034 0.029 0.026 0.023 0.021 0.019 0.017 0.016 0.015 0.014 0.014 0.014 0.013 0.014 0.014 0.014 0.014 0.013 0.013 0.012 0.011 0.010 0.008 0.007 0.006 0.005 0.004 0.004 0.003 0.003 0.002 0.002 0.001 0.001 0.001
17.364 18.962 20.338 21.490 22.448 23.223 23.804 24.211 24.464 24.550 24.493 24.241 23.938 23.723 23.469 23.062 22.464 21.649 20.538 19.063 17.227 15.079 12.638 9.881 7.220 5.046 3.402 2.240 1.450 0.920 0.574 0.355 0.223 0.145 0.100 0.076 0.061 0.050 0.041 0.035 0.030 0.026 0.024 0.021 0.019 0.017 0.016 0.014 0.013 0.012 0.011 0.011 0.010 0.010 0.009 0.009 0.009 0.009 0.009 0.008 0.008 0.007 0.007 0.006 0.005 0.004 0.003 0.003 0.002 0.002 0.001 0.001 0.001 0.000 0.000 0.000 0.000
16.294 18.018 19.562 20.901 22.008 22.851 23.433 23.817 24.050 24.135 24.093 23.875 23.584 23.358 23.094 22.689 22.120 21.359 20.318 18.907 17.099 14.945 12.485 9.733 7.108 4.949 3.298 2.104 1.284 0.748 0.417 0.229 0.131 0.081 0.056 0.043 0.036 0.031 0.026 0.023 0.021 0.019 0.018 0.016 0.015 0.013 0.012 0.011 0.010 0.009 0.008 0.008 0.007 0.007 0.006 0.006 0.006 0.005 0.005 0.005 0.005 0.004 0.004 0.003 0.002 0.002 0.001 0.001 0.001 0.001 0.000 0.000 0.000 0.000 0.000 0.000 0.000
14.935 16.767 18.420 19.863 21.047 21.933 22.530 22.879 23.034 23.070 23.043 22.929 22.695 22.371 21.965 21.481 20.914 20.204 19.240 17.899 16.128 13.974 11.520 8.891 6.462 4.436 2.859 1.714 0.951 0.494 0.248 0.128 0.073 0.046 0.034 0.027 0.023 0.021 0.019 0.017 0.016 0.015 0.014 0.013 0.012 0.011 0.010 0.009 0.008 0.007 0.006 0.005 0.005 0.004 0.004 0.003 0.003 0.003 0.003 0.003 0.002 0.002 0.002 0.001 0.001 0.001 0.000 0.000 0.000 0.000 0.000 0.000 0.000 0.000 0.000 0.000 0.000
13.293 15.172 16.860 18.342 19.576 20.529 21.185 21.516 21.578 21.559 21.583 21.613 21.469 21.027 20.399 19.781 19.162 18.426 17.425 16.025 14.182 11.957 9.542 7.205 5.134 3.393 2.025 1.071 0.515 0.243 0.120 0.066 0.041 0.029 0.022 0.019 0.017 0.015 0.014 0.013 0.012 0.011 0.011 0.010 0.009 0.008 0.007 0.006 0.005 0.004 0.004 0.003 0.003 0.002 0.002 0.002 0.002 0.001 0.001 0.001 0.001 0.001 0.001 0.000 0.000 0.000 0.000 0.000 0.000 0.000 0.000 0.000 0.000 0.000 0.000 0.000 0.000
11.343 13.210 14.908 16.441 17.786 18.886 19.667 20.064 20.147 20.159 20.227 20.279 20.132 19.613 18.861 18.117 17.356 16.426 15.156 13.452 11.308 8.861 6.560 4.666 3.139 1.917 1.028 0.485 0.215 0.102 0.056 0.035 0.025 0.019 0.016 0.014 0.013 0.012 0.011 0.010 0.009 0.009 0.008 0.007 0.007 0.006 0.005 0.004 0.003 0.003 0.002 0.002 0.001 0.001 0.001 0.001 0.000 0.000 0.000 0.000 0.000 0.000 0.000 0.000 0.000 0.000 0.000 0.000 0.000 0.000 0.000 0.000 0.000 0.000 0.000 0.000 0.000
9.303 11.031 12.722 14.333 15.824 17.103 18.050 18.584 18.756 18.798 18.845 18.814 18.553 17.980 17.204 16.355 15.393 14.115 12.360 10.074 7.473 5.088 3.362 2.192 1.369 0.779 0.388 0.175 0.082 0.046 0.030 0.022 0.017 0.014 0.012 0.011 0.010 0.009 0.008 0.008 0.007 0.006 0.006 0.005 0.005 0.004 0.003 0.003 0.002 0.001 0.001 0.001 0.000 0.000 0.000 0.000 0.000 0.000 0.000 0.000 0.000 0.000 0.000 0.000 0.000 0.000 0.000 0.000 0.000 0.000 0.000 0.000 0.000 0.000 0.000 0.000 0.000
7.493 8.980 10.507 12.072 13.618 14.991 16.058 16.724 16.990 17.020 16.922 16.653 16.187 15.539 14.739 13.769 12.526 10.794 8.410 5.808 3.645 2.176 1.274 0.750 0.433 0.236 0.121 0.062 0.037 0.025 0.019 0.015 0.012 0.011 0.009 0.008 0.007 0.007 0.006 0.005 0.005 0.004 0.004 0.003 0.003 0.002 0.002 0.001 0.001 0.001 0.000 0.000 0.000 0.000 0.000 0.000 0.000 0.000 0.000 0.000 0.000 0.000 0.000 0.000 0.000 0.000 0.000 0.000 0.000 0.000 0.000 0.000 0.000 0.000 0.000 0.000 0.000
5.844 7.025 8.254 9.557 10.886 12.103 13.102 13.773 14.060 14.062 13.825 13.301 12.564 11.710 10.728 9.534 7.999 6.021 3.942 2.313 1.252 0.659 0.360 0.209 0.124 0.074 0.045 0.029 0.021 0.016 0.013 0.011 0.009 0.008 0.007 0.006 0.005 0.005 0.004 0.004 0.003 0.003 0.002 0.002 0.002 0.001 0.001 0.000 0.000 0.000 0.000 0.000 0.000 0.000 0.000 0.000 0.000 0.000 0.000 0.000 0.000 0.000 0.000 0.000 0.000 0.000 0.000 0.000 0.000 0.000 0.000 0.000 0.000 0.000 0.000 0.000 0.000
4.261 5.034 5.799 6.567 7.340 8.092 8.765 9.249 9.470 9.467 9.195 8.557 7.617 6.542 5.547 4.569 3.462 2.237 1.239 0.620 0.311 0.172 0.104 0.067 0.045 0.032 0.023 0.018 0.014 0.012 0.010 0.008 0.007 0.006 0.005 0.004 0.004 0.003 0.002 0.002 0.002 0.001 0.001 0.001 0.001 0.000 0.000 0.000 0.000 0.000 0.000 0.000 0.000 0.000 0.000 0.000 0.000 0.000 0.000 0.000 0.000 0.000 0.000 0.000 0.000 0.000 0.000 0.000 0.000 0.000 0.000 0.000 0.000 0.000 0.000 0.000 0.000
2.749 3.114 3.442 3.736 4.003 4.261 4.497 4.661 4.726 4.696 4.508 4.078 3.401 2.630 2.022 1.510 1.014 0.567 0.285 0.149 0.087 0.057 0.041 0.030 0.023 0.018 0.015 0.012 0.010 0.009 0.008 0.006 0.006 0.005 0.004 0.003 0.002 0.002 0.001 0.001 0.001 0.000 0.000 0.000 0.000 0.000 0.000 0.000 0.000 0.000 0.000 0.000 0.000 0.000 0.000 0.000 0.000 0.000 0.000 0.000 0.000 0.000 0.000 0.000 0.000 0.000 0.000 0.000 0.000 0.000 0.000 0.000 0.000 0.000 0.000 0.000 0.000
1.495 1.613 1.714 1.784 1.822 1.840 1.847 1.833 1.801 1.747 1.635 1.420 1.088 0.754 0.537 0.379 0.242 0.138 0.079 0.050 0.036 0.027 0.022 0.018 0.015 0.013 0.011 0.009 0.008 0.007 0.006 0.005 0.004 0.003 0.003 0.002 0.001 0.001 0.000 0.000 0.000 0.000 0.000 0.000 0.000 0.000 0.000 0.000 0.000 0.000 0.000 0.000 0.000 0.000 0.000 0.000 0.000 0.000 0.000 0.000 0.000 0.000 0.000 0.000 0.000 0.000 0.000 0.000 0.000 0.000 0.000 0.000 0.000 0.000 0.000 0.000 0.000
0.669 0.688 0.709 0.718 0.711 0.685 0.643 0.596 0.554 0.515 0.467 0.396 0.292 0.201 0.144 0.103 0.070 0.047 0.033 0.025 0.020 0.017 0.014 0.012 0.011 0.009 0.008 0.007 0.006 0.005 0.004 0.004 0.003 0.002 0.002 0.001 0.001 0.000 0.000 0.000 0.000 0.000 0.000 0.000 0.000 0.000 0.000 0.000 0.000 0.000 0.000 0.000 0.000 0.000 0.000 0.000 0.000 0.000 0.000 0.000 0.000 0.000 0.000 0.000 0.000 0.000 0.000 0.000 0.000 0.000 0.000 0.000 0.000 0.000 0.000 0.000 0.000
0.258 0.262 0.269 0.271 0.267 0.251 0.223 0.193 0.171 0.154 0.137 0.116 0.089 0.065 0.050 0.039 0.030 0.024 0.019 0.016 0.013 0.012 0.010 0.009 0.008 0.007 0.006 0.005 0.004 0.004 0.003 0.003 0.002 0.002 0.001 0.001 0.001 0.000 0.000 0.000 0.000 0.000 0.000 0.000 0.000 0.000 0.000 0.000 0.000 0.000 0.000 0.000 0.000 0.000 0.000 0.000 0.000 0.000 0.000 0.000 0.000 0.000 0.000 0.000 0.000 0.000 0.000 0.000 0.000 0.000 0.000 0.000 0.000 0.000 0.000 0.000 0.000
0.100 0.101 0.103 0.104 0.101 0.094 0.081 0.068 0.060 0.054 0.049 0.043 0.036 0.029 0.024 0.020 0.017 0.015 0.013 0.011 0.009 0.008 0.007 0.006 0.005 0.004 0.004 0.003 0.003 0.002 0.002 0.002 0.002 0.001 0.001 0.001 0.000 0.000 0.000 0.000 0.000 0.000 0.000 0.000 0.000 0.000 0.000 0.000 0.000 0.000 0.000 0.000 0.000 0.000 0.000 0.000 0.000 0.000 0.000 0.000 0.000 0.000 0.000 0.000 0.000 0.000 0.000 0.000 0.000 0.000 0.000 0.000 0.000 0.000 0.000 0.000 0.000
0.042 0.043 0.043 0.043 0.042 0.039 0.034 0.030 0.027 0.025 0.023 0.021 0.019 0.017 0.015 0.013 0.011 0.010 0.009 0.008 0.007 0.006 0.005 0.004 0.003 0.003 0.002 0.002 0.002 0.002 0.002 0.001 0.001 0.001 0.001 0.001 0.000 0.000 0.000 0.000 0.000 0.000 0.000 0.000 0.000 0.000 0.000 0.000 0.000 0.000 0.000 0.000 0.000 0.000 0.000 0.000 0.000 0.000 0.000 0.000 0.000 0.000 0.000 0.000 0.000 0.000 0.000 0.000 0.000 0.000 0.000 0.000 0.000 0.000 0.000 0.000 0.000
0.021 0.021 0.021 0.021 0.021 0.020 0.018 0.016 0.015 0.014 0.013 0.013 0.012 0.011 0.010 0.008 0.007 0.007 0.006 0.005 0.004 0.004 0.003 0.003 0.002 0.002 0.002 0.001 0.001 0.001 0.001 0.001 0.001 0.001 0.001 0.000 0.000 0.000 0.000 0.000 0.000 0.000 0.000 0.000 0.000 0.000 0.000 0.000 0.000 0.000 0.000 0.000 0.000 0.000 0.000 0.000 0.000 0.000 0.000 0.000 0.000 0.000 0.000 0.000 0.000 0.000 0.000 0.000 0.000 0.000 0.000 0.000 0.000 0.000 0.000 0.000 0.000
0.012 0.012 0.012 0.012 0.012 0.011 0.011 0.010 0.009 0.009 0.008 0.008 0.008 0.007 0.006 0.005 0.005 0.004 0.004 0.003 0.003 0.002 0.002 0.002 0.001 0.001 0.001 0.001 0.001 0.001 0.001 0.001 0.001 0.001 0.001 0.000 0.000 0.000 0.000 0.000 0.000 0.000 0.000 0.000 0.000 0.000 0.000 0.000 0.000 0.000 0.000 0.000 0.000 0.000 0.000 0.000 0.000 0.000 0.000 0.000 0.000 0.000 0.000 0.000 0.000 0.000 0.000 0.000 0.000 0.000 0.000 0.000 0.000 0.000 0.000 0.000 0.000
0.007 0.007 0.007 0.007 0.007 0.007 0.007 0.006 0.006 0.006 0.005 0.005 0.005 0.004 0.004 0.003 0.003 0.003 0.002 0.002 0.002 0.001 0.001 0.001 0.001 0.001 0.001 0.001 0.001 0.002 0.002 0.002 0.001 0.001 0.001 0.000 0.000 0.000 0.000 0.000 0.000 0.000 0.000 0.000 0.000 0.000 0.000 0.000 0.000 0.000 0.000 0.000 0.000 0.000 0.000 0.000 0.000 0.000 0.000 0.000 0.000 0.000 0.000 0.000 0.000 0.000 0.000 0.000 0.000 0.000 0.000 0.000 0.000 0.000 0.000 0.000 0.000
0.005 0.005 0.005 0.005 0.005 0.005 0.005 0.004 0.004 0.004 0.004 0.003 0.003 0.003 0.003 0.002 0.002 0.002 0.001 0.001 0.001 0.001 0.001 0.001 0.001 0.001 0.002 0.002 0.002 0.002 0.002 0.002 0.001 0.001 0.001 0.000 0.000 0.000 0.000 0.000 0.000 0.000 0.000 0.000 0.000 0.000 0.000 0.000 0.000 0.000 0.000 0.000 0.000 0.000 0.000 0.000 0.000 0.000 0.000 0.000 0.000 0.000 0.000 0.000 0.000 0.000 0.000 0.000 0.000 0.000 0.000 0.000 0.000 0.000 0.000 0.000 0.000
0.003 0.003 0.003 0.003 0.003 0.003 0.003 0.003 0.003 0.003 0.002 0.002 0.002 0.002 0.002 0.001 0.001 0.001 0.001 0.001 0.001 0.001 0.001 0.002 0.002 0.002 0.002 0.002 0.002 0.002 0.002 0.002 0.001 0.001 0.000 0.000 0.000 0.000 0.000 0.000 0.000 0.000 0.000 0.000 0.000 0.000 0.000 0.000 0.000 0.000 0.000 0.000 0.000 0.000 0.000 0.000 0.000 0.000 0.000 0.000 0.000 0.000 0.000 0.000 0.000 0.000 0.000 0.000 0.000 0.000 0.000 0.000 0.000 0.000 0.000 0.000 0.000
0.002 0.002 0.002 0.002 0.002 0.002 0.002 0.002 0.002 0.002 0.002 0.002 0.002 0.001 0.001 0.001 0.001 0.001 0.001 0.001 0.002 0.002 0.002 0.002 0.002 0.003 0.003 0.003 0.003 0.002 0.002 0.001 0.001 0.001 0.000 0.000 0.000 0.000 0.000 0.000 0.000 0.000 0.000 0.000 0.000 0.000 0.000 0.000 0.000 0.000 0.000 0.000 0.000 0.000 0.000 0.000 0.000 0.000 0.000 0.000 0.000 0.000 0.000 0.000 0.000 0.000 0.000 0.000 0.000 0.000 0.000 0.000 0.000 0.000 0.000 0.000 0.000
0.001 0.001 0.001 0.001 0.001 0.001 0.001 0.001 0.001 0.001 0.001 0.001 0.001 0.001 0.001 0.001 0.001 0.001 0.002 0.002 0.002 0.002 0.002 0.002 0.003 0.003 0.003 0.003 0.002 0.002 0.002 0.001 0.001 0.000 0.000 0.000 0.000 0.000 0.000 0.000 0.000 0.000 0.000 0.000 0.000 0.000 0.000 0.000 0.000 0.000 0.000 0.000 0.000 0.000 0.000 0.000 0.000 0.000 0.000 0.000 0.000 0.000 0.000 0.000 0.000 0.000 0.000 0.000 0.000 0.000 0.000 0.000 0.000 0.000 0.000 0.000 0.000
0.001 0.001 0.001 0.001 0.001 0.001 0.001 0.001 0.001 0.001 0.001 0.001 0.001 0.001 0.001 0.001 0.001 0.002 0.002 0.002 0.002 0.002 0.002 0.002 0.003 0.003 0.003 0.002 0.002 0.002 0.001 0.001 0.001 0.000 0.000 0.000 0.000 0.000 0.000 0.000 0.000 0.000 0.000 0.000 0.000 0.000 0.000 0.000 0.000 0.000 0.000 0.000 0.000 0.000 0.000 0.000 0.000 0.000 0.000 0.000 0.000 0.000 0.000 0.000 0.000 0.000 0.000 0.000 0.000 0.000 0.000 0.000 0.000 0.000 0.000 0.000 0.000
0.000 0.001 0.001 0.001 0.001 0.001 0.001 0.001 0.001 0.001 0.001 0.001 0.001 0.001 0.001 0.001 0.001 0.001 0.002 0.002 0.002 0.002 0.002 0.002 0.002 0.002 0.002 0.002 0.002 0.001 0.001 0.001 0.000 0.000 0.000 0.000 0.000 0.000 0.000 0.000 0.000 0.000 0.000 0.000 0.000 0.000 0.000 0.000 0.000 0.000 0.000 0.000 0.000 0.000 0.000 0.000 0.000 0.000 0.000 0.000 0.000 0.000 0.000 0.000 0.000 0.000 0.000 0.000 0.000 0.000 0.000 0.000 0.000 0.000 0.000 0.000 0.000
0.000 0.000 0.000 0.000 0.000 0.000 0.000 0.000 0.000 0.000 0.000 0.000 0.001 0.001 0.001 0.001 0.001 0.001 0.002 0.002 0.002 0.002 0.002 0.002 0.002 0.002 0.002 0.002 0.001 0.001 0.001 0.000 0.000 0.000 0.000 0.000 0.000 0.000 0.000 0.000 0.000 0.000 0.000 0.000 0.000 0.000 0.000 0.000 0.000 0.000 0.000 0.000 0.000 0.000 0.000 0.000 0.000 0.000 0.000 0.000 0.000 0.000 0.000 0.000 0.000 0.000 0.000 0.000 0.000 0.000 0.000 0.000 0.000 0.000 0.000 0.000 0.000
0.000 0.000 0.000 0.000 0.000 0.000 0.000 0.000 0.000 0.000 0.000 0.000 0.000 0.000 0.000 0.001 0.001 0.001 0.001 0.001 0.001 0.001 0.001 0.001 0.001 0.001 0.001 0.001 0.001 0.001 0.000 0.000 0.000 0.000 0.000 0.000 0.000 0.000 0.000 0.000 0.000 0.000 0.000 0.000 0.000 0.000 0.000 0.000 0.000 0.000 0.000 0.000 0.000 0.000 0.000 0.000 0.000 0.000 0.000 0.000 0.000 0.000 0.000 0.000 0.000 0.000 0.000 0.000 0.000 0.000 0.000 0.000 0.000 0.000 0.000 0.000 0.000
0.000 0.000 0.000 0.000 0.000 0.000 0.000 0.000 0.000 0.000 0.000 0.000 0.000 0.000 0.000 0.000 0.001 0.001 0.001 0.001 0.001 0.001 0.001 0.001 0.001 0.001 0.001 0.001 0.001 0.000 0.000 0.000 0.000 0.000 0.000 0.000 0.000 0.000 0.000 0.000 0.000 0.000 0.000 0.000 0.000 0.000 0.000 0.000 0.000 0.000 0.000 0.000 0.000 0.000 0.000 0.000 0.000 0.000 0.000 0.000 0.000 0.000 0.000 0.000 0.000 0.000 0.000 0.000 0.000 0.000 0.000 0.000 0.000 0.000 0.000 0.000 0.000
