RESULTS/r.avaflow_results/12_results/12_ascii/12_hflow0004.asc
ncols 506
nrows 317
xllcenter 498237.50
yllcenter 5580050.00
cellsize 12.50
NODATA_value -9999.000
[rows 204 to 237 of 317, columns 77 to 153 of 506]
0.000 0.000 0.000 0.000 0.000 0.000 0.000 0.000 0.000 0.000 0.000 0.000 0.001 0.002 0.008 0.028 0.090 0.260 0.662 1.292 1.656 1.747 1.714 1.470 1.011 0.715 0.596 0.556 0.551 0.583 0.729 1.130 1.850 2.443 2.846 3.164 3.408 3.569 3.645 3.629 3.464 3.135 2.707 2.191 1.665 1.287 1.076 0.997 0.993 1.069 1.167 1.211 1.238 1.269 1.334 1.480 1.732 2.069 2.354 2.509 2.544 2.482 2.350 2.289 2.303 2.395 2.601 2.830 2.922 2.942 2.906 2.761 2.492 2.078 1.520 1.026 0.658
0.000 0.000 0.000 0.000 0.000 0.000 0.000 0.000 0.000 0.000 0.000 0.000 0.001 0.003 0.012 0.039 0.120 0.336 0.831 1.459 1.729 1.763 1.654 1.277 0.840 0.635 0.554 0.527 0.525 0.565 0.724 1.132 1.830 2.388 2.754 3.034 3.258 3.393 3.447 3.426 3.245 2.900 2.478 1.993 1.516 1.180 1.000 0.937 0.939 1.017 1.109 1.156 1.194 1.241 1.332 1.513 1.807 2.172 2.459 2.594 2.588 2.430 2.259 2.236 2.297 2.441 2.646 2.874 2.965 2.966 2.901 2.710 2.369 1.876 1.304 0.825 0.481
0.000 0.000 0.000 0.000 0.000 0.000 0.000 0.000 0.000 0.000 0.000 0.001 0.002 0.006 0.017 0.054 0.160 0.437 1.031 1.601 1.798 1.799 1.598 1.117 0.759 0.605 0.540 0.518 0.520 0.567 0.738 1.138 1.795 2.329 2.672 2.905 3.088 3.219 3.266 3.218 3.007 2.675 2.290 1.838 1.393 1.094 0.942 0.898 0.919 1.006 1.078 1.123 1.166 1.223 1.338 1.570 1.942 2.316 2.565 2.659 2.613 2.380 2.198 2.180 2.260 2.425 2.606 2.794 2.881 2.870 2.738 2.458 2.031 1.434 0.840 0.443 0.222
0.000 0.000 0.000 0.000 0.000 0.000 0.000 0.000 0.000 0.000 0.001 0.002 0.004 0.009 0.026 0.076 0.219 0.583 1.265 1.730 1.857 1.825 1.516 0.994 0.718 0.597 0.538 0.517 0.523 0.585 0.772 1.167 1.746 2.240 2.595 2.821 2.960 3.045 3.080 3.026 2.800 2.490 2.158 1.750 1.316 1.033 0.904 0.877 0.913 1.010 1.070 1.108 1.149 1.210 1.344 1.628 2.071 2.437 2.629 2.672 2.598 2.335 2.146 2.129 2.183 2.293 2.374 2.417 2.419 2.386 2.241 1.905 1.360 0.794 0.418 0.219 0.113
0.000 0.000 0.000 0.000 0.000 0.000 0.000 0.000 0.000 0.001 0.002 0.004 0.007 0.015 0.039 0.109 0.307 0.799 1.508 1.855 1.924 1.827 1.402 0.917 0.696 0.597 0.546 0.528 0.537 0.619 0.836 1.238 1.734 2.144 2.475 2.707 2.828 2.877 2.884 2.809 2.591 2.325 2.054 1.689 1.257 0.984 0.874 0.862 0.914 1.010 1.063 1.098 1.133 1.196 1.354 1.692 2.173 2.500 2.638 2.649 2.546 2.273 2.042 1.965 1.935 1.922 1.909 1.886 1.844 1.772 1.594 1.242 0.783 0.437 0.236 0.124 0.064
0.000 0.000 0.000 0.000 0.000 0.000 0.000 0.001 0.002 0.003 0.005 0.007 0.012 0.025 0.060 0.161 0.443 1.097 1.745 1.985 2.014 1.823 1.297 0.884 0.695 0.603 0.566 0.561 0.586 0.689 0.935 1.335 1.739 2.087 2.386 2.574 2.669 2.702 2.677 2.552 2.371 2.201 2.003 1.661 1.219 0.955 0.863 0.861 0.925 1.015 1.055 1.077 1.108 1.176 1.363 1.769 2.253 2.518 2.613 2.599 2.451 2.131 1.848 1.692 1.627 1.624 1.656 1.668 1.636 1.524 1.263 0.847 0.482 0.266 0.143 0.075 0.038
0.000 0.000 0.000 0.000 0.000 0.001 0.001 0.002 0.004 0.006 0.008 0.013 0.022 0.042 0.096 0.250 0.672 1.472 1.992 2.133 2.104 1.800 1.236 0.886 0.716 0.636 0.612 0.616 0.662 0.792 1.072 1.446 1.758 2.052 2.332 2.501 2.549 2.525 2.406 2.289 2.213 2.133 1.984 1.657 1.208 0.953 0.879 0.887 0.956 1.029 1.056 1.066 1.079 1.149 1.375 1.840 2.292 2.494 2.539 2.481 2.246 1.859 1.587 1.472 1.453 1.491 1.526 1.526 1.471 1.291 0.942 0.554 0.310 0.169 0.090 0.046 0.022
0.000 0.000 0.000 0.001 0.001 0.002 0.004 0.005 0.008 0.011 0.016 0.023 0.039 0.073 0.161 0.405 1.039 1.881 2.245 2.314 2.204 1.759 1.222 0.925 0.774 0.703 0.682 0.690 0.750 0.915 1.245 1.590 1.825 2.053 2.294 2.437 2.470 2.378 2.149 2.069 2.103 2.117 2.021 1.700 1.229 0.993 0.945 0.960 1.018 1.052 1.055 1.054 1.061 1.132 1.389 1.883 2.263 2.405 2.397 2.250 1.881 1.515 1.362 1.324 1.344 1.406 1.421 1.387 1.268 0.997 0.634 0.367 0.207 0.111 0.058 0.029 0.013
0.000 0.001 0.001 0.003 0.004 0.006 0.009 0.011 0.015 0.020 0.029 0.044 0.074 0.139 0.294 0.686 1.558 2.300 2.521 2.520 2.291 1.738 1.280 1.033 0.886 0.807 0.784 0.795 0.867 1.075 1.456 1.754 1.932 2.102 2.302 2.420 2.432 2.252 1.945 1.893 2.019 2.117 2.066 1.773 1.284 1.055 1.014 1.018 1.040 1.046 1.032 1.013 1.017 1.100 1.384 1.896 2.192 2.255 2.204 1.969 1.567 1.316 1.231 1.223 1.266 1.311 1.305 1.235 1.053 0.745 0.443 0.258 0.144 0.076 0.038 0.018 0.007
0.001 0.002 0.004 0.007 0.010 0.014 0.018 0.023 0.029 0.040 0.057 0.091 0.158 0.292 0.576 1.215 2.225 2.782 2.900 2.816 2.391 1.788 1.427 1.218 1.066 0.972 0.945 0.960 1.045 1.280 1.706 1.986 2.114 2.225 2.366 2.449 2.439 2.161 1.811 1.765 1.944 2.117 2.092 1.833 1.341 1.113 1.065 1.046 1.028 1.005 0.964 0.924 0.923 1.018 1.342 1.810 2.012 2.037 1.962 1.691 1.346 1.176 1.117 1.122 1.185 1.210 1.179 1.081 0.863 0.555 0.328 0.190 0.103 0.052 0.025 0.011 0.004
0.002 0.005 0.009 0.014 0.021 0.030 0.039 0.048 0.061 0.083 0.127 0.210 0.364 0.642 1.154 2.103 3.026 3.369 3.398 3.168 2.539 2.008 1.739 1.537 1.358 1.244 1.211 1.229 1.326 1.593 2.061 2.334 2.438 2.507 2.588 2.638 2.559 2.112 1.726 1.686 1.899 2.151 2.150 1.907 1.420 1.183 1.117 1.064 0.994 0.929 0.872 0.836 0.840 0.937 1.286 1.744 1.910 1.923 1.819 1.509 1.225 1.099 1.045 1.042 1.098 1.109 1.063 0.924 0.683 0.426 0.255 0.143 0.075 0.036 0.016 0.007 0.002
0.006 0.011 0.018 0.028 0.042 0.059 0.079 0.101 0.135 0.195 0.310 0.515 0.854 1.384 2.218 3.286 3.934 4.091 4.045 3.673 2.904 2.402 2.145 1.928 1.716 1.559 1.495 1.496 1.581 1.864 2.359 2.614 2.697 2.750 2.800 2.810 2.624 1.997 1.625 1.598 1.812 2.133 2.165 1.981 1.558 1.289 1.173 1.070 0.944 0.840 0.776 0.752 0.762 0.874 1.239 1.691 1.849 1.848 1.708 1.386 1.148 1.030 0.991 0.994 1.017 1.002 0.926 0.774 0.548 0.339 0.199 0.108 0.054 0.025 0.010 0.003 0.001
0.012 0.020 0.033 0.053 0.080 0.115 0.160 0.221 0.318 0.490 0.783 1.242 1.884 2.748 3.795 4.623 5.012 5.119 4.918 4.201 3.355 2.833 2.533 2.314 2.096 1.900 1.793 1.772 1.835 2.134 2.663 2.918 2.993 3.024 3.051 3.014 2.597 1.842 1.550 1.532 1.692 2.063 2.180 2.073 1.725 1.424 1.241 1.055 0.871 0.736 0.662 0.644 0.662 0.794 1.193 1.621 1.759 1.746 1.561 1.258 1.083 0.986 0.946 0.943 0.924 0.865 0.765 0.628 0.445 0.275 0.156 0.081 0.039 0.017 0.006 0.002 0.001
0.022 0.037 0.061 0.097 0.150 0.227 0.338 0.504 0.770 1.199 1.847 2.711 3.697 4.741 5.606 6.032 6.151 5.996 5.425 4.442 3.733 3.345 3.088 2.874 2.639 2.378 2.211 2.166 2.221 2.565 3.168 3.448 3.502 3.501 3.462 3.254 2.551 1.795 1.555 1.539 1.686 2.057 2.225 2.171 1.899 1.575 1.316 1.053 0.822 0.661 0.576 0.556 0.575 0.715 1.138 1.501 1.577 1.505 1.274 1.067 0.966 0.902 0.876 0.860 0.817 0.738 0.635 0.515 0.362 0.221 0.121 0.059 0.026 0.010 0.003 0.001 0.000
0.039 0.067 0.112 0.184 0.299 0.478 0.751 1.160 1.765 2.633 3.770 5.031 6.116 6.888 7.321 7.389 7.166 6.629 5.718 4.779 4.250 3.959 3.718 3.456 3.125 2.767 2.551 2.503 2.612 3.050 3.626 3.879 3.920 3.881 3.728 3.328 2.452 1.793 1.612 1.612 1.753 2.103 2.301 2.287 2.109 1.773 1.412 1.066 0.787 0.601 0.510 0.485 0.497 0.634 1.038 1.292 1.312 1.227 1.004 0.864 0.803 0.778 0.778 0.766 0.713 0.630 0.537 0.432 0.298 0.176 0.092 0.042 0.018 0.007 0.002 0.001 0.000
0.072 0.126 0.220 0.380 0.642 1.051 1.653 2.489 3.587 4.978 6.401 7.547 8.292 8.617 8.695 8.453 7.900 7.125 6.141 5.328 4.868 4.584 4.317 3.995 3.544 3.106 2.864 2.819 2.987 3.529 4.040 4.240 4.265 4.162 3.851 3.260 2.369 1.885 1.774 1.785 1.932 2.256 2.459 2.471 2.305 1.949 1.488 1.053 0.744 0.550 0.459 0.436 0.452 0.597 0.981 1.180 1.197 1.077 0.861 0.760 0.717 0.705 0.708 0.689 0.630 0.550 0.465 0.368 0.245 0.138 0.068 0.029 0.011 0.004 0.001 0.000 0.000
0.139 0.258 0.471 0.829 1.394 2.215 3.321 4.728 6.270 7.722 8.803 9.484 9.849 9.914 9.717 9.206 8.549 7.704 6.760 6.025 5.557 5.257 4.956 4.551 3.968 3.464 3.224 3.201 3.452 4.067 4.458 4.571 4.542 4.298 3.823 3.079 2.312 2.002 1.948 1.972 2.126 2.412 2.569 2.586 2.443 2.077 1.530 1.023 0.698 0.508 0.420 0.398 0.421 0.589 0.940 1.077 1.076 0.939 0.764 0.696 0.673 0.671 0.668 0.632 0.563 0.487 0.407 0.317 0.201 0.107 0.049 0.020 0.007 0.002 0.001 0.000 0.000
0.295 0.564 1.025 1.750 2.781 4.136 5.819 7.527 8.928 9.912 10.571 10.954 11.024 10.881 10.545 9.964 9.274 8.480 7.630 6.881 6.360 5.997 5.601 5.075 4.399 3.881 3.664 3.699 4.086 4.690 4.931 4.937 4.753 4.270 3.541 2.756 2.254 2.109 2.103 2.161 2.332 2.564 2.668 2.676 2.540 2.151 1.532 0.988 0.654 0.471 0.392 0.374 0.405 0.594 0.899 0.997 0.975 0.826 0.698 0.653 0.645 0.650 0.637 0.584 0.508 0.435 0.362 0.273 0.163 0.081 0.034 0.013 0.004 0.001 0.000 0.000 0.000
0.642 1.193 2.061 3.280 4.832 6.706 8.507 9.851 10.809 11.465 11.876 12.045 12.008 11.766 11.362 10.788 10.124 9.399 8.638 7.890 7.247 6.649 6.070 5.462 4.807 4.340 4.175 4.285 4.804 5.271 5.379 5.272 4.850 4.030 3.138 2.518 2.237 2.190 2.244 2.352 2.515 2.692 2.753 2.733 2.572 2.164 1.508 0.937 0.602 0.436 0.372 0.360 0.402 0.609 0.865 0.933 0.896 0.748 0.652 0.620 0.621 0.630 0.606 0.536 0.461 0.394 0.321 0.230 0.126 0.058 0.023 0.008 0.003 0.001 0.000 0.000 0.000
1.307 2.258 3.600 5.317 7.252 9.079 10.477 11.474 12.176 12.685 12.964 12.972 12.819 12.526 12.151 11.651 11.106 10.501 9.838 9.095 8.195 7.181 6.358 5.731 5.211 4.868 4.792 5.026 5.536 5.783 5.777 5.502 4.783 3.715 2.870 2.413 2.263 2.268 2.383 2.534 2.661 2.772 2.799 2.738 2.534 2.125 1.446 0.856 0.542 0.404 0.357 0.354 0.416 0.642 0.839 0.878 0.826 0.696 0.626 0.605 0.607 0.607 0.565 0.486 0.419 0.356 0.283 0.186 0.093 0.039 0.014 0.005 0.001 0.000 0.000 0.000 0.000
2.361 3.696 5.359 7.337 9.304 10.829 11.895 12.671 13.266 13.664 13.813 13.750 13.524 13.231 12.934 12.559 12.217 11.784 11.140 10.197 8.927 7.541 6.535 5.909 5.541 5.373 5.419 5.759 6.108 6.205 6.081 5.591 4.592 3.437 2.700 2.366 2.290 2.342 2.523 2.690 2.789 2.841 2.832 2.719 2.453 2.003 1.290 0.736 0.479 0.378 0.346 0.353 0.438 0.667 0.806 0.827 0.765 0.663 0.613 0.598 0.602 0.591 0.525 0.444 0.383 0.321 0.243 0.141 0.064 0.024 0.008 0.003 0.001 0.000 0.000 0.000 0.000
3.670 5.132 6.812 8.847 10.697 12.048 12.944 13.589 14.086 14.355 14.405 14.354 14.200 14.005 13.823 13.613 13.412 12.971 12.201 10.949 9.325 7.751 6.657 6.039 5.770 5.751 5.951 6.301 6.471 6.464 6.201 5.470 4.260 3.191 2.581 2.352 2.330 2.423 2.657 2.827 2.891 2.908 2.863 2.686 2.314 1.709 1.012 0.600 0.421 0.353 0.337 0.356 0.467 0.672 0.763 0.772 0.713 0.643 0.613 0.605 0.608 0.581 0.497 0.416 0.354 0.289 0.201 0.102 0.041 0.015 0.005 0.001 0.000 0.000 0.000 0.000 0.000
4.880 6.316 8.032 9.957 11.571 12.774 13.599 14.197 14.586 14.760 14.760 14.754 14.734 14.746 14.722 14.599 14.360 13.722 12.686 11.206 9.419 7.807 6.699 6.116 5.954 6.082 6.457 6.707 6.751 6.616 6.124 5.125 3.892 2.996 2.512 2.346 2.348 2.489 2.778 2.950 2.986 2.968 2.877 2.609 2.109 1.412 0.825 0.507 0.374 0.330 0.327 0.366 0.498 0.658 0.717 0.715 0.667 0.631 0.622 0.629 0.628 0.577 0.471 0.392 0.327 0.254 0.154 0.068 0.025 0.008 0.002 0.001 0.000 0.000 0.000 0.000 0.000
5.900 7.389 9.211 10.834 12.074 13.084 13.881 14.413 14.713 14.862 14.867 14.892 14.980 15.167 15.238 15.158 14.827 14.027 12.750 11.171 9.360 7.767 6.688 6.197 6.176 6.532 6.971 7.103 7.068 6.757 5.932 4.654 3.576 2.860 2.464 2.339 2.356 2.535 2.875 3.062 3.099 3.056 2.894 2.548 1.942 1.197 0.699 0.448 0.347 0.320 0.325 0.383 0.523 0.629 0.662 0.656 0.627 0.618 0.632 0.648 0.636 0.562 0.444 0.363 0.292 0.206 0.105 0.041 0.014 0.005 0.002 0.000 0.000 0.000 0.000 0.000 0.000
6.875 8.508 10.214 11.391 12.259 13.096 13.853 14.343 14.622 14.774 14.811 14.850 14.999 15.228 15.331 15.264 14.824 13.900 12.425 10.720 8.975 7.577 6.719 6.443 6.662 7.279 7.640 7.684 7.491 6.845 5.659 4.325 3.382 2.758 2.420 2.312 2.337 2.545 2.927 3.142 3.202 3.164 2.956 2.505 1.774 1.029 0.604 0.415 0.339 0.319 0.332 0.410 0.534 0.595 0.610 0.604 0.593 0.606 0.639 0.652 0.628 0.540 0.416 0.324 0.239 0.144 0.063 0.024 0.008 0.003 0.001 0.000 0.000 0.000 0.000 0.000 0.000
7.906 9.588 10.854 11.579 12.166 12.843 13.483 13.854 14.105 14.330 14.512 14.675 14.880 15.076 15.172 15.056 14.517 13.377 11.661 9.741 8.152 7.173 6.766 6.817 7.399 8.053 8.278 8.242 7.809 6.824 5.429 4.191 3.288 2.685 2.366 2.262 2.294 2.540 2.976 3.218 3.288 3.260 3.039 2.497 1.629 0.894 0.529 0.387 0.336 0.325 0.348 0.437 0.528 0.561 0.567 0.562 0.564 0.602 0.648 0.655 0.618 0.517 0.381 0.274 0.175 0.088 0.036 0.013 0.004 0.001 0.000 0.000 0.000 0.000 0.000 0.000 0.000
8.960 10.371 11.149 11.498 11.796 12.171 12.631 12.952 13.254 13.590 13.912 14.214 14.515 14.731 14.797 14.575 13.810 12.295 10.142 8.197 7.069 6.683 6.707 7.163 8.050 8.575 8.682 8.504 7.870 6.702 5.289 4.151 3.265 2.646 2.309 2.211 2.273 2.605 3.102 3.367 3.434 3.385 3.101 2.462 1.491 0.782 0.468 0.365 0.339 0.339 0.372 0.456 0.521 0.537 0.534 0.529 0.543 0.607 0.651 0.650 0.600 0.482 0.330 0.208 0.113 0.051 0.019 0.007 0.002 0.001 0.000 0.000 0.000 0.000 0.000 0.000 0.000
9.927 10.855 11.269 11.429 11.571 11.713 11.994 12.339 12.666 12.918 13.151 13.431 13.815 14.094 14.114 13.697 12.474 10.310 8.030 6.730 6.324 6.345 6.684 7.538 8.535 8.914 8.896 8.552 7.752 6.484 5.200 4.155 3.285 2.641 2.276 2.183 2.287 2.748 3.315 3.568 3.613 3.512 3.138 2.383 1.329 0.672 0.416 0.352 0.346 0.354 0.386 0.462 0.514 0.521 0.514 0.510 0.533 0.608 0.642 0.629 0.559 0.424 0.261 0.141 0.066 0.027 0.010 0.003 0.001 0.000 0.000 0.000 0.000 0.000 0.000 0.000 0.000
10.404 11.034 11.348 11.496 11.599 11.637 11.759 12.001 12.220 12.327 12.401 12.535 12.755 12.897 12.711 11.850 9.933 7.581 6.174 5.826 5.963 6.265 6.897 7.976 8.814 9.033 8.950 8.466 7.497 6.198 5.117 4.192 3.344 2.675 2.287 2.188 2.325 2.874 3.484 3.715 3.718 3.542 3.071 2.176 1.118 0.560 0.372 0.340 0.347 0.360 0.387 0.454 0.502 0.510 0.504 0.505 0.538 0.597 0.611 0.580 0.486 0.332 0.181 0.085 0.035 0.013 0.004 0.001 0.000 0.000 0.000 0.000 0.000 0.000 0.000 0.000 0.000
10.428 10.977 11.339 11.536 11.644 11.648 11.667 11.722 11.772 11.731 11.674 11.599 11.326 10.904 10.084 8.247 6.039 4.864 4.781 5.219 5.844 6.512 7.344 8.262 8.821 8.936 8.793 8.173 7.141 5.994 5.068 4.202 3.390 2.740 2.365 2.279 2.449 3.042 3.619 3.816 3.792 3.536 2.901 1.786 0.858 0.465 0.346 0.327 0.335 0.353 0.379 0.432 0.485 0.502 0.504 0.513 0.553 0.577 0.559 0.494 0.372 0.219 0.106 0.045 0.017 0.006 0.002 0.001 0.000 0.000 0.000 0.000 0.000 0.000 0.000 0.000 0.000
10.131 10.660 11.113 11.426 11.573 11.572 11.549 11.429 11.332 11.119 10.825 10.320 9.358 7.860 5.708 3.697 2.907 3.100 3.763 4.728 5.756 6.690 7.548 8.220 8.545 8.519 8.279 7.684 6.870 5.937 5.058 4.204 3.420 2.818 2.502 2.455 2.676 3.277 3.736 3.855 3.798 3.451 2.575 1.349 0.657 0.413 0.340 0.327 0.331 0.347 0.371 0.421 0.482 0.506 0.516 0.539 0.565 0.555 0.498 0.387 0.243 0.123 0.054 0.022 0.008 0.003 0.001 0.000 0.000 0.000 0.000 0.000 0.000 0.000 0.000 0.000 0.000
9.469 9.968 10.487 10.936 11.187 11.220 11.206 11.020 10.772 10.283 9.518 8.282 6.235 3.936 2.185 1.525 1.542 1.953 2.867 4.112 5.447 6.581 7.466 7.992 8.154 8.108 7.932 7.484 6.797 5.921 5.027 4.181 3.447 2.923 2.689 2.694 2.979 3.538 3.848 3.879 3.717 3.185 2.050 0.985 0.543 0.395 0.348 0.336 0.335 0.346 0.373 0.424 0.498 0.541 0.558 0.567 0.555 0.511 0.413 0.263 0.134 0.061 0.025 0.009 0.003 0.001 0.000 0.000 0.000 0.000 0.000 0.000 0.000 0.000 0.000 0.000 0.000
8.529 8.887 9.330 9.814 10.176 10.304 10.318 10.132 9.687 8.792 7.220 4.895 2.696 1.445 1.007 0.950 0.976 1.202 1.877 3.069 4.588 6.026 7.067 7.636 7.852 7.871 7.788 7.456 6.834 5.970 5.006 4.151 3.474 3.059 2.929 3.001 3.363 3.815 3.980 3.940 3.619 2.802 1.559 0.782 0.491 0.401 0.372 0.358 0.352 0.355 0.382 0.445 0.535 0.585 0.590 0.573 0.527 0.437 0.292 0.149 0.067 0.027 0.010 0.003 0.001 0.000 0.000 0.000 0.000 0.000 0.000 0.000 0.000 0.000 0.000 0.000 0.000
7.286 7.318 7.482 7.778 8.140 8.378 8.417 8.232 7.575 6.089 3.833 1.890 0.993 0.779 0.779 0.769 0.750 0.791 1.049 1.754 3.078 4.815 6.259 7.108 7.543 7.740 7.755 7.557 7.051 6.235 5.203 4.263 3.588 3.267 3.221 3.382 3.810 4.129 4.190 4.031 3.509 2.434 1.268 0.693 0.480 0.419 0.397 0.384 0.376 0.377 0.408 0.494 0.572 0.596 0.590 0.553 0.470 0.330 0.176 0.078 0.031 0.011 0.004 0.001 0.000 0.000 0.000 0.000 0.000 0.000 0.000 0.000 0.000 0.000 0.000 0.000 0.000
