RESULTS/r.avaflow_results/12_results/12_ascii/12_hflow_max0005.asc
ncols 506
nrows 317
xllcenter 498237.50
yllcenter 5580050.00
cellsize 12.50
NODATA_value -9999.000
[rows 170 to 203 of 317, columns 77 to 153 of 506]
0.000 0.000 0.000 0.000 0.000 0.000 0.000 0.000 0.000 0.000 0.000 0.000 0.000 0.000 0.000 0.000 0.000 0.000 0.000 0.000 0.000 0.000 0.000 0.000 0.000 0.000 0.000 0.000 0.000 0.000 0.000 0.000 0.000 0.000 0.000 0.000 0.000 0.000 0.000 0.000 0.001 0.001 0.003 0.006 0.015 0.035 0.076 0.151 0.274 0.469 0.780 1.298 1.851 2.339 3.001 4.059 5.570 7.383 9.582 11.925 13.910 15.372 16.283 16.487 16.381 16.018 15.618 15.142 14.676 14.010 12.985 11.826 10.967 10.846 10.808 10.808 10.877
0.000 0.000 0.000 0.000 0.000 0.000 0.000 0.000 0.000 0.000 0.000 0.000 0.000 0.000 0.000 0.000 0.000 0.000 0.000 0.000 0.000 0.000 0.000 0.000 0.000 0.000 0.000 0.000 0.000 0.000 0.000 0.000 0.000 0.000 0.000 0.000 0.000 0.000 0.001 0.002 0.003 0.006 0.010 0.022 0.050 0.113 0.235 0.439 0.743 1.167 1.783 2.638 3.410 4.089 4.987 6.724 7.997 10.248 12.123 13.566 15.196 16.101 16.529 16.698 16.598 16.318 15.770 15.108 14.441 13.764 13.008 13.096 13.207 13.284 13.449 13.792 14.276
0.000 0.000 0.000 0.000 0.000 0.000 0.000 0.000 0.000 0.000 0.000 0.000 0.000 0.000 0.000 0.000 0.000 0.000 0.000 0.000 0.000 0.000 0.000 0.000 0.000 0.000 0.000 0.000 0.000 0.000 0.000 0.000 0.000 0.000 0.000 0.001 0.002 0.003 0.004 0.007 0.011 0.019 0.034 0.070 0.154 0.329 0.640 1.113 1.735 2.505 3.505 4.479 5.109 5.622 6.458 8.442 9.980 11.815 13.789 15.003 15.731 16.167 16.492 16.629 16.587 16.233 15.609 15.031 14.709 14.729 14.667 14.663 14.579 14.680 15.064 15.950 17.211
0.000 0.000 0.000 0.000 0.000 0.000 0.000 0.000 0.000 0.000 0.000 0.000 0.000 0.000 0.000 0.000 0.000 0.000 0.000 0.000 0.000 0.000 0.000 0.000 0.000 0.000 0.000 0.000 0.000 0.000 0.000 0.000 0.001 0.002 0.002 0.004 0.006 0.009 0.014 0.021 0.033 0.054 0.098 0.198 0.416 0.832 1.505 2.411 3.422 4.469 5.420 6.001 6.332 6.651 7.260 8.914 10.705 12.619 14.514 15.630 16.050 16.176 16.292 16.386 16.286 15.951 15.629 15.707 15.872 15.876 15.638 15.458 15.435 15.641 16.332 17.741 19.395
0.000 0.000 0.000 0.000 0.000 0.000 0.000 0.000 0.000 0.000 0.000 0.000 0.000 0.000 0.000 0.000 0.000 0.000 0.000 0.000 0.000 0.000 0.000 0.000 0.000 0.000 0.000 0.000 0.000 0.000 0.001 0.002 0.004 0.005 0.008 0.012 0.017 0.025 0.037 0.055 0.085 0.140 0.253 0.494 0.974 1.802 3.003 4.378 5.502 6.288 6.812 7.112 7.313 7.471 7.726 8.601 10.258 12.748 14.659 15.921 16.134 16.191 16.103 16.014 15.968 16.370 16.465 16.428 16.400 16.265 16.050 15.831 16.004 16.709 17.632 18.822 20.143
0.000 0.000 0.000 0.000 0.000 0.000 0.000 0.000 0.000 0.000 0.000 0.000 0.000 0.000 0.000 0.000 0.000 0.000 0.000 0.000 0.000 0.000 0.000 0.000 0.000 0.000 0.000 0.000 0.001 0.002 0.005 0.007 0.011 0.016 0.022 0.032 0.044 0.063 0.089 0.130 0.197 0.323 0.576 1.076 1.968 3.330 4.934 6.313 7.217 7.727 7.979 8.124 8.220 8.220 8.302 8.766 9.985 12.377 14.483 15.998 16.241 16.114 15.792 15.648 15.894 16.352 16.655 16.516 16.574 16.405 16.203 16.027 16.057 16.779 17.606 18.627 19.808
0.000 0.000 0.000 0.000 0.000 0.000 0.000 0.000 0.000 0.000 0.000 0.000 0.000 0.000 0.000 0.000 0.000 0.000 0.000 0.000 0.000 0.000 0.000 0.000 0.000 0.000 0.001 0.002 0.004 0.008 0.013 0.021 0.030 0.041 0.056 0.076 0.103 0.141 0.195 0.277 0.413 0.667 1.156 2.039 3.435 5.197 6.730 7.828 8.564 8.966 9.085 9.130 9.121 8.992 8.903 8.992 9.754 11.885 14.390 16.111 16.579 16.294 15.793 15.431 15.486 15.948 15.998 16.036 15.965 15.775 15.434 15.257 15.266 15.563 16.460 17.617 19.029
0.000 0.000 0.000 0.000 0.000 0.000 0.000 0.000 0.000 0.000 0.000 0.000 0.000 0.000 0.000 0.000 0.000 0.000 0.000 0.000 0.000 0.000 0.000 0.000 0.000 0.001 0.002 0.006 0.011 0.021 0.034 0.052 0.072 0.096 0.126 0.165 0.217 0.288 0.388 0.537 0.784 1.234 2.047 3.382 5.171 6.904 8.215 9.134 9.713 10.037 10.155 10.166 10.038 9.761 9.551 9.413 9.956 11.995 14.615 16.495 17.224 16.824 16.200 15.379 14.983 14.933 15.011 14.941 14.731 14.369 14.030 13.868 13.882 14.236 15.090 16.333 17.870
0.000 0.000 0.000 0.000 0.000 0.000 0.000 0.000 0.000 0.000 0.000 0.000 0.000 0.000 0.000 0.000 0.000 0.000 0.000 0.000 0.000 0.000 0.000 0.000 0.001 0.002 0.006 0.014 0.028 0.050 0.081 0.119 0.161 0.207 0.260 0.327 0.416 0.536 0.704 0.952 1.349 2.048 3.246 5.011 6.884 8.381 9.489 10.247 10.688 10.912 11.017 10.965 10.702 10.432 9.974 9.635 10.204 12.391 15.288 17.266 18.117 17.600 16.920 15.877 14.764 13.954 13.335 13.123 12.748 12.252 11.855 11.689 11.747 12.234 13.259 14.720 16.433
0.000 0.000 0.000 0.000 0.000 0.000 0.000 0.000 0.000 0.000 0.000 0.000 0.000 0.000 0.000 0.000 0.000 0.000 0.000 0.000 0.000 0.000 0.000 0.000 0.002 0.006 0.015 0.032 0.064 0.112 0.178 0.252 0.326 0.403 0.488 0.592 0.728 0.914 1.170 1.540 2.114 3.067 4.632 6.719 8.441 9.709 10.557 11.122 11.421 11.534 11.560 11.430 11.215 10.767 10.117 9.551 9.946 12.032 14.822 17.101 18.344 18.281 17.775 16.994 15.737 14.437 13.215 11.997 10.823 9.925 9.500 9.461 9.747 10.499 11.666 13.198 14.885
0.000 0.000 0.000 0.000 0.000 0.000 0.000 0.000 0.000 0.000 0.000 0.000 0.000 0.000 0.000 0.000 0.000 0.000 0.000 0.000 0.000 0.000 0.000 0.001 0.004 0.012 0.031 0.067 0.133 0.233 0.362 0.488 0.603 0.717 0.840 0.987 1.181 1.445 1.800 2.294 3.038 4.195 5.940 8.220 9.868 10.852 11.372 11.715 11.876 11.891 11.835 11.708 11.367 10.827 10.079 9.315 9.441 11.149 13.505 15.375 16.948 17.453 17.651 17.769 17.096 15.919 14.404 12.622 10.733 9.239 8.369 8.081 8.241 9.060 10.288 11.669 13.235
0.000 0.000 0.000 0.000 0.000 0.000 0.000 0.000 0.000 0.000 0.000 0.000 0.000 0.000 0.000 0.000 0.000 0.000 0.000 0.000 0.000 0.000 0.000 0.002 0.008 0.024 0.057 0.128 0.255 0.447 0.676 0.865 1.026 1.185 1.355 1.554 1.810 2.151 2.602 3.205 4.079 5.412 7.270 9.472 10.990 11.705 11.948 12.060 12.088 12.080 11.987 11.728 11.308 10.713 9.928 9.002 8.733 9.769 11.507 13.004 14.365 14.941 15.208 15.378 15.208 14.728 13.887 12.689 11.010 9.289 8.094 7.538 7.447 7.884 8.851 10.139 11.514
0.000 0.000 0.000 0.000 0.000 0.000 0.000 0.000 0.000 0.000 0.000 0.000 0.000 0.000 0.000 0.000 0.000 0.000 0.000 0.000 0.000 0.000 0.001 0.005 0.015 0.041 0.098 0.219 0.445 0.783 1.146 1.420 1.639 1.851 2.081 2.349 2.675 3.088 3.618 4.298 5.275 6.853 8.740 10.428 11.594 12.114 12.231 12.233 12.215 12.145 11.956 11.605 11.058 10.357 9.558 8.580 7.838 7.876 8.633 9.677 10.566 11.452 11.981 12.157 12.019 11.653 11.046 10.260 9.314 8.411 7.768 7.258 6.990 7.092 7.624 8.485 9.613
0.000 0.000 0.000 0.000 0.000 0.000 0.000 0.000 0.000 0.000 0.000 0.000 0.000 0.000 0.000 0.000 0.000 0.000 0.000 0.000 0.000 0.001 0.003 0.010 0.027 0.066 0.153 0.342 0.708 1.255 1.785 2.175 2.477 2.757 3.058 3.412 3.835 4.332 4.929 5.666 6.789 8.610 10.168 11.166 11.803 12.157 12.283 12.306 12.270 12.102 11.752 11.171 10.327 9.431 8.599 7.703 6.723 5.877 5.916 6.486 7.044 7.943 8.664 8.978 8.913 8.648 8.191 7.591 6.947 6.441 6.170 6.095 6.207 6.365 6.632 7.154 7.884
0.000 0.000 0.000 0.000 0.000 0.000 0.000 0.000 0.000 0.000 0.000 0.000 0.000 0.000 0.000 0.000 0.000 0.000 0.000 0.000 0.001 0.003 0.008 0.019 0.045 0.102 0.223 0.488 1.030 1.858 2.610 3.142 3.566 3.949 4.346 4.815 5.367 5.978 6.654 7.437 8.570 10.153 11.159 11.620 11.845 12.008 12.214 12.258 12.153 11.830 11.190 10.072 8.650 7.571 6.763 6.008 5.227 4.400 3.970 4.261 4.871 5.669 6.277 6.560 6.539 6.339 5.934 5.366 4.815 4.472 4.295 4.248 4.431 4.802 5.381 6.055 6.588
0.000 0.000 0.000 0.000 0.000 0.000 0.000 0.000 0.000 0.000 0.000 0.000 0.000 0.000 0.000 0.000 0.000 0.000 0.000 0.001 0.002 0.007 0.017 0.038 0.081 0.160 0.305 0.617 1.279 2.392 3.542 4.337 4.932 5.459 5.989 6.611 7.308 8.084 8.850 9.552 10.314 11.179 11.641 11.777 11.790 11.837 11.840 11.685 11.370 10.775 9.780 8.317 7.023 6.166 5.444 4.754 4.014 3.204 2.898 3.251 3.686 4.275 4.719 4.958 4.981 4.812 4.425 3.909 3.458 3.128 2.883 2.759 2.813 3.143 3.761 4.754 5.453
0.000 0.000 0.000 0.000 0.000 0.000 0.000 0.000 0.000 0.000 0.000 0.000 0.000 0.000 0.000 0.000 0.000 0.000 0.001 0.003 0.007 0.016 0.036 0.074 0.144 0.264 0.463 0.782 1.434 2.680 4.228 5.422 6.317 7.040 7.735 8.529 9.399 10.280 10.969 11.390 11.619 11.753 11.747 11.756 11.677 11.385 10.788 10.165 9.602 9.000 8.224 7.204 6.159 5.256 4.481 3.732 2.946 2.289 2.393 2.651 2.998 3.417 3.688 3.844 3.887 3.780 3.478 3.049 2.677 2.402 2.170 2.015 1.965 2.125 2.533 3.562 4.141
0.000 0.000 0.000 0.000 0.000 0.000 0.000 0.000 0.000 0.000 0.000 0.000 0.000 0.000 0.000 0.000 0.000 0.001 0.003 0.007 0.017 0.036 0.073 0.138 0.248 0.427 0.704 1.111 1.682 2.765 4.503 6.116 7.369 8.350 9.260 10.217 11.177 11.987 12.424 12.512 12.316 11.989 11.799 11.573 11.099 10.305 9.321 8.556 7.997 7.592 7.174 6.563 5.668 4.626 3.668 2.809 2.078 1.993 2.087 2.275 2.545 2.867 3.066 3.157 3.176 3.079 2.852 2.548 2.271 2.030 1.835 1.694 1.616 1.647 1.853 2.143 2.276
0.000 0.000 0.000 0.000 0.000 0.000 0.000 0.000 0.000 0.000 0.000 0.000 0.000 0.000 0.000 0.000 0.001 0.003 0.008 0.018 0.039 0.079 0.146 0.252 0.417 0.674 1.050 1.556 2.180 2.955 4.464 6.386 7.975 9.246 10.393 11.410 12.205 12.709 12.890 12.795 12.608 12.168 11.559 10.864 9.972 9.015 8.114 7.526 7.156 6.865 6.573 6.061 5.150 3.943 2.851 2.034 1.816 1.846 1.935 2.072 2.254 2.488 2.671 2.739 2.722 2.619 2.436 2.235 2.043 1.838 1.669 1.547 1.473 1.473 1.533 1.614 1.598
0.000 0.000 0.000 0.000 0.000 0.000 0.000 0.000 0.000 0.000 0.000 0.000 0.000 0.000 0.000 0.001 0.002 0.007 0.019 0.043 0.086 0.165 0.283 0.449 0.686 1.034 1.510 2.098 2.748 3.470 4.533 6.343 8.156 9.667 10.911 11.813 12.361 12.616 12.834 12.831 12.458 11.670 10.700 9.679 8.846 8.048 7.342 6.837 6.548 6.319 5.981 5.327 4.296 3.085 2.117 1.752 1.735 1.765 1.856 1.978 2.123 2.246 2.359 2.414 2.390 2.293 2.136 1.972 1.830 1.688 1.554 1.459 1.408 1.429 1.465 1.468 1.423
0.000 0.000 0.000 0.000 0.000 0.000 0.000 0.000 0.000 0.000 0.000 0.000 0.000 0.000 0.000 0.002 0.006 0.017 0.042 0.092 0.182 0.329 0.528 0.779 1.108 1.548 2.107 2.714 3.317 3.959 4.909 6.468 8.243 9.771 10.920 11.589 12.036 12.264 12.211 11.839 11.256 10.569 9.663 8.643 7.962 7.441 6.937 6.437 5.991 5.587 5.073 4.263 3.200 2.266 1.820 1.710 1.696 1.732 1.814 1.929 2.081 2.183 2.216 2.221 2.213 2.128 1.939 1.755 1.642 1.555 1.470 1.402 1.393 1.429 1.450 1.447 1.415
0.000 0.000 0.000 0.000 0.000 0.000 0.000 0.000 0.000 0.000 0.000 0.000 0.000 0.000 0.001 0.004 0.014 0.037 0.087 0.186 0.366 0.631 0.951 1.310 1.738 2.276 2.876 3.407 3.881 4.384 5.159 6.557 8.272 9.601 10.401 11.027 11.235 10.982 10.545 10.187 9.899 9.513 8.762 7.865 7.292 6.872 6.465 5.961 5.330 4.607 3.807 2.983 2.288 1.923 1.774 1.683 1.668 1.739 1.844 1.946 2.079 2.177 2.198 2.189 2.149 2.037 1.837 1.656 1.539 1.465 1.415 1.388 1.417 1.445 1.448 1.434 1.396
0.000 0.000 0.000 0.000 0.000 0.000 0.000 0.000 0.000 0.000 0.000 0.000 0.000 0.000 0.002 0.007 0.023 0.067 0.167 0.367 0.710 1.172 1.639 2.112 2.636 3.216 3.710 4.071 4.371 4.708 5.263 6.522 8.128 9.049 9.731 9.959 9.739 9.502 9.323 9.162 8.963 8.588 7.901 7.207 6.733 6.327 5.845 5.238 4.537 3.770 2.861 2.250 1.973 1.802 1.707 1.648 1.663 1.762 1.880 1.997 2.107 2.184 2.199 2.181 2.117 1.974 1.759 1.604 1.506 1.432 1.389 1.401 1.453 1.480 1.468 1.434 1.373
0.000 0.000 0.000 0.000 0.000 0.000 0.000 0.000 0.000 0.000 0.000 0.000 0.000 0.001 0.004 0.013 0.042 0.120 0.306 0.683 1.313 2.075 2.702 3.242 3.730 4.122 4.392 4.574 4.716 4.898 5.300 6.407 7.746 8.424 8.823 8.825 8.721 8.619 8.515 8.384 8.222 7.822 7.200 6.675 6.249 5.809 5.278 4.625 3.880 3.014 2.210 2.005 1.847 1.714 1.624 1.601 1.637 1.745 1.871 2.007 2.121 2.178 2.193 2.181 2.102 1.935 1.710 1.560 1.478 1.429 1.417 1.446 1.504 1.527 1.493 1.449 1.362
0.000 0.000 0.000 0.000 0.000 0.000 0.000 0.000 0.000 0.000 0.000 0.000 0.000 0.002 0.007 0.023 0.070 0.197 0.495 1.092 2.086 3.174 3.897 4.338 4.621 4.785 4.853 4.862 4.890 4.977 5.320 6.254 7.224 7.810 8.026 8.026 8.025 7.978 7.934 7.817 7.617 7.242 6.732 6.281 5.828 5.302 4.709 4.001 3.186 2.264 1.961 1.849 1.758 1.660 1.567 1.540 1.564 1.684 1.825 1.975 2.102 2.159 2.174 2.156 2.069 1.875 1.657 1.529 1.466 1.458 1.479 1.523 1.570 1.578 1.538 1.471 1.368
0.000 0.000 0.000 0.000 0.000 0.000 0.000 0.000 0.000 0.000 0.000 0.000 0.001 0.003 0.012 0.040 0.117 0.314 0.750 1.567 2.817 4.001 4.696 5.030 5.151 5.162 5.075 4.957 4.929 4.994 5.298 6.038 6.722 7.162 7.343 7.440 7.482 7.498 7.462 7.382 7.201 6.909 6.510 5.989 5.404 4.782 4.104 3.343 2.506 1.902 1.797 1.735 1.676 1.595 1.501 1.464 1.507 1.648 1.803 1.966 2.085 2.134 2.151 2.122 2.015 1.799 1.614 1.522 1.503 1.529 1.578 1.625 1.652 1.643 1.590 1.512 1.403
0.000 0.000 0.000 0.000 0.000 0.000 0.000 0.000 0.000 0.000 0.000 0.000 0.001 0.007 0.023 0.070 0.194 0.486 1.079 2.090 3.419 4.471 5.059 5.302 5.343 5.278 5.191 5.021 4.923 4.936 5.189 5.756 6.388 6.697 6.877 7.009 7.043 7.035 7.035 7.015 6.919 6.701 6.322 5.743 5.034 4.309 3.578 2.791 2.030 1.732 1.672 1.645 1.616 1.554 1.460 1.419 1.516 1.683 1.836 1.978 2.082 2.115 2.124 2.087 1.947 1.727 1.596 1.549 1.571 1.644 1.711 1.750 1.765 1.744 1.666 1.567 1.463
0.000 0.000 0.000 0.000 0.000 0.000 0.000 0.000 0.000 0.000 0.000 0.000 0.003 0.012 0.040 0.119 0.307 0.708 1.446 2.609 3.842 4.665 5.123 5.322 5.360 5.332 5.180 4.944 4.824 4.826 5.123 5.648 6.207 6.557 6.708 6.761 6.737 6.708 6.712 6.748 6.717 6.521 6.106 5.507 4.763 3.953 3.157 2.403 1.749 1.620 1.590 1.586 1.571 1.518 1.442 1.418 1.539 1.740 1.907 2.022 2.100 2.122 2.109 2.031 1.856 1.684 1.606 1.603 1.660 1.791 1.880 1.915 1.911 1.868 1.783 1.685 1.571
0.000 0.000 0.000 0.000 0.000 0.000 0.000 0.000 0.000 0.000 0.000 0.001 0.005 0.019 0.065 0.185 0.454 0.963 1.807 3.018 4.075 4.708 5.063 5.220 5.299 5.245 4.995 4.730 4.671 4.740 5.160 5.658 6.054 6.323 6.530 6.554 6.525 6.503 6.520 6.557 6.537 6.327 5.861 5.199 4.457 3.676 2.873 2.118 1.647 1.558 1.550 1.556 1.549 1.497 1.423 1.426 1.579 1.800 1.975 2.091 2.150 2.159 2.117 2.003 1.818 1.700 1.686 1.704 1.826 1.977 2.065 2.099 2.090 2.028 1.945 1.832 1.700
0.000 0.000 0.000 0.000 0.000 0.000 0.000 0.000 0.000 0.000 0.000 0.001 0.007 0.028 0.094 0.263 0.619 1.239 2.164 3.303 4.164 4.680 4.938 5.077 5.110 5.000 4.683 4.497 4.480 4.698 5.192 5.647 5.934 6.101 6.248 6.294 6.309 6.357 6.420 6.431 6.341 6.070 5.575 4.919 4.173 3.387 2.630 1.891 1.595 1.558 1.576 1.578 1.556 1.505 1.427 1.454 1.632 1.866 2.045 2.163 2.222 2.230 2.170 2.017 1.842 1.810 1.801 1.856 2.034 2.205 2.280 2.293 2.272 2.217 2.112 1.976 1.833
0.000 0.000 0.000 0.000 0.000 0.000 0.000 0.000 0.000 0.000 0.000 0.002 0.010 0.038 0.124 0.341 0.783 1.518 2.513 3.911 4.911 5.259 5.270 5.123 4.876 4.706 4.415 4.292 4.306 4.675 5.235 5.651 5.886 5.971 6.024 6.044 6.092 6.257 6.341 6.325 6.160 5.783 5.266 4.658 3.938 3.160 2.416 1.678 1.551 1.546 1.598 1.605 1.584 1.525 1.457 1.490 1.700 1.938 2.114 2.231 2.290 2.284 2.231 2.066 1.938 1.918 1.949 2.076 2.276 2.426 2.496 2.493 2.439 2.351 2.238 2.088 1.913
0.000 0.000 0.000 0.000 0.000 0.000 0.000 0.000 0.000 0.000 0.000 0.002 0.011 0.046 0.151 0.412 0.983 2.069 3.613 4.932 5.589 5.759 5.682 5.519 4.932 4.373 4.166 4.096 4.204 4.652 5.215 5.653 5.875 5.931 5.948 5.929 5.994 6.115 6.199 6.147 5.904 5.467 4.972 4.414 3.703 2.960 2.221 1.613 1.522 1.548 1.606 1.618 1.600 1.531 1.459 1.511 1.762 2.017 2.188 2.301 2.349 2.330 2.264 2.111 2.059 2.066 2.153 2.370 2.535 2.628 2.677 2.666 2.571 2.457 2.313 2.121 1.908
0.000 0.000 0.000 0.000 0.000 0.000 0.000 0.000 0.000 0.000 0.001 0.004 0.018 0.074 0.252 0.705 1.641 3.193 4.787 5.696 6.090 6.165 6.080 5.759 4.945 4.018 3.901 3.894 4.141 4.623 5.179 5.625 5.893 5.988 5.998 5.987 5.988 6.007 6.001 5.867 5.519 5.061 4.708 4.142 3.501 2.793 2.021 1.575 1.513 1.559 1.623 1.631 1.613 1.540 1.460 1.533 1.812 2.093 2.279 2.389 2.428 2.394 2.300 2.180 2.179 2.242 2.437 2.636 2.752 2.798 2.798 2.749 2.677 2.523 2.318 2.074 1.771
0.000 0.000 0.000 0.000 0.000 0.000 0.000 0.000 0.000 0.000 0.002 0.010 0.041 0.148 0.460 1.173 2.482 4.357 5.770 6.373 6.539 6.499 6.372 5.855 4.821 3.713 3.633 3.675 4.049 4.595 5.205 5.675 5.961 6.053 6.068 6.044 6.003 5.976 5.894 5.652 5.257 4.954 4.569 3.908 3.287 2.597 1.786 1.526 1.491 1.560 1.638 1.643 1.624 1.547 1.461 1.572 1.865 2.177 2.400 2.506 2.524 2.463 2.358 2.288 2.312 2.444 2.689 2.835 2.893 2.902 2.862 2.805 2.698 2.521 2.233 1.849 1.355
