RESULTS/r.avaflow_results/12_results/12_ascii/12_hflow0036.asc
ncols 506
nrows 317
xllcenter 498237.50
yllcenter 5580050.00
cellsize 12.50
NODATA_value -9999.000
[rows 136 to 169 of 317, columns 154 to 230 of 506]
0.000 0.000 0.000 0.000 0.000 0.000 0.000 0.000 0.000 0.000 0.000 0.000 0.000 0.000 0.000 0.000 0.000 0.000 0.000 0.000 0.000 0.000 0.000 0.000 0.000 0.000 0.000 0.000 0.000 0.000 0.000 0.000 0.000 0.000 0.000 0.000 0.000 0.000 0.000 0.000 0.000 0.000 0.000 0.000 0.000 0.000 0.000 0.000 0.000 0.000 0.000 0.000 0.000 0.000 0.000 0.000 0.000 0.000 0.000 0.000 0.000 0.000 0.000 0.000 0.000 0.000 0.000 0.000 0.000 0.000 0.000 0.000 0.000 0.000 0.000 0.000 0.000
0.000 0.000 0.000 0.000 0.000 0.000 0.000 0.000 0.000 0.000 0.000 0.000 0.000 0.000 0.000 0.000 0.000 0.000 0.000 0.000 0.000 0.000 0.000 0.000 0.000 0.000 0.000 0.000 0.000 0.000 0.000 0.000 0.000 0.000 0.000 0.000 0.000 0.000 0.000 0.000 0.000 0.000 0.000 0.000 0.000 0.000 0.000 0.000 0.000 0.000 0.000 0.000 0.000 0.000 0.000 0.000 0.000 0.000 0.000 0.000 0.000 0.000 0.000 0.000 0.000 0.000 0.000 0.000 0.000 0.000 0.000 0.000 0.000 0.000 0.000 0.000 0.000
0.000 0.000 0.000 0.000 0.000 0.000 0.000 0.000 0.000 0.000 0.000 0.000 0.000 0.000 0.000 0.000 0.000 0.000 0.000 0.000 0.000 0.000 0.000 0.000 0.000 0.000 0.000 0.000 0.000 0.000 0.000 0.000 0.000 0.000 0.000 0.000 0.000 0.000 0.000 0.000 0.000 0.000 0.000 0.000 0.000 0.000 0.000 0.000 0.000 0.000 0.000 0.000 0.000 0.000 0.000 0.000 0.000 0.000 0.000 0.000 0.000 0.000 0.000 0.000 0.000 0.000 0.000 0.000 0.000 0.000 0.000 0.000 0.000 0.000 0.000 0.000 0.000
0.000 0.000 0.000 0.000 0.000 0.000 0.000 0.000 0.000 0.000 0.000 0.000 0.000 0.000 0.000 0.000 0.000 0.000 0.000 0.000 0.000 0.000 0.000 0.000 0.000 0.000 0.000 0.000 0.000 0.000 0.000 0.000 0.000 0.000 0.000 0.000 0.000 0.000 0.000 0.000 0.000 0.000 0.000 0.000 0.000 0.000 0.000 0.000 0.000 0.000 0.000 0.000 0.000 0.000 0.000 0.000 0.000 0.000 0.000 0.000 0.000 0.000 0.000 0.000 0.000 0.000 0.000 0.000 0.000 0.000 0.000 0.000 0.000 0.000 0.000 0.000 0.000
0.000 0.000 0.000 0.000 0.000 0.000 0.000 0.000 0.000 0.000 0.000 0.000 0.000 0.000 0.000 0.000 0.000 0.000 0.000 0.000 0.000 0.000 0.000 0.000 0.000 0.000 0.000 0.000 0.000 0.000 0.000 0.000 0.000 0.000 0.000 0.000 0.000 0.000 0.000 0.000 0.000 0.000 0.000 0.000 0.000 0.000 0.000 0.000 0.000 0.000 0.000 0.000 0.000 0.000 0.000 0.000 0.000 0.000 0.000 0.000 0.000 0.000 0.000 0.000 0.000 0.000 0.000 0.000 0.000 0.000 0.000 0.000 0.000 0.000 0.000 0.000 0.000
0.000 0.000 0.000 0.000 0.000 0.000 0.000 0.000 0.000 0.000 0.000 0.000 0.000 0.000 0.000 0.000 0.000 0.000 0.000 0.000 0.000 0.000 0.000 0.000 0.000 0.000 0.000 0.000 0.000 0.000 0.000 0.000 0.000 0.000 0.000 0.000 0.000 0.000 0.000 0.000 0.000 0.000 0.000 0.000 0.000 0.000 0.000 0.000 0.000 0.000 0.000 0.000 0.000 0.000 0.000 0.000 0.000 0.000 0.000 0.000 0.000 0.000 0.000 0.000 0.000 0.000 0.000 0.000 0.000 0.000 0.000 0.000 0.000 0.000 0.000 0.000 0.000
0.000 0.000 0.000 0.000 0.000 0.000 0.000 0.000 0.000 0.000 0.000 0.000 0.000 0.000 0.000 0.000 0.000 0.000 0.000 0.000 0.000 0.000 0.000 0.000 0.000 0.000 0.000 0.000 0.000 0.000 0.000 0.000 0.000 0.000 0.000 0.000 0.000 0.000 0.000 0.000 0.000 0.000 0.000 0.000 0.000 0.000 0.000 0.000 0.000 0.000 0.000 0.000 0.000 0.000 0.000 0.000 0.000 0.000 0.000 0.000 0.000 0.000 0.000 0.000 0.000 0.000 0.000 0.000 0.000 0.000 0.000 0.000 0.000 0.000 0.000 0.000 0.000
0.000 0.000 0.000 0.000 0.000 0.000 0.000 0.000 0.000 0.000 0.000 0.000 0.000 0.000 0.000 0.000 0.000 0.000 0.000 0.000 0.000 0.000 0.000 0.000 0.000 0.000 0.000 0.000 0.000 0.000 0.000 0.000 0.000 0.000 0.000 0.000 0.000 0.000 0.000 0.000 0.000 0.000 0.000 0.000 0.000 0.000 0.000 0.000 0.000 0.000 0.000 0.000 0.000 0.000 0.000 0.000 0.000 0.000 0.000 0.000 0.000 0.000 0.000 0.000 0.000 0.000 0.000 0.000 0.000 0.000 0.000 0.000 0.000 0.000 0.000 0.000 0.000
0.000 0.000 0.000 0.000 0.000 0.000 0.000 0.000 0.000 0.000 0.000 0.000 0.000 0.000 0.000 0.000 0.000 0.000 0.000 0.000 0.000 0.000 0.000 0.000 0.000 0.000 0.000 0.000 0.000 0.000 0.000 0.000 0.000 0.000 0.000 0.000 0.000 0.000 0.000 0.000 0.000 0.000 0.000 0.000 0.000 0.000 0.000 0.000 0.000 0.000 0.000 0.000 0.000 0.000 0.000 0.000 0.000 0.000 0.000 0.000 0.000 0.000 0.000 0.000 0.000 0.000 0.000 0.000 0.000 0.000 0.000 0.000 0.000 0.000 0.000 0.000 0.000
0.000 0.000 0.000 0.000 0.000 0.000 0.000 0.000 0.000 0.000 0.000 0.000 0.000 0.000 0.000 0.000 0.000 0.000 0.000 0.000 0.000 0.000 0.000 0.000 0.000 0.000 0.000 0.000 0.000 0.000 0.000 0.000 0.000 0.000 0.000 0.000 0.000 0.000 0.000 0.000 0.000 0.000 0.000 0.000 0.000 0.000 0.000 0.000 0.000 0.000 0.000 0.000 0.000 0.000 0.000 0.000 0.000 0.000 0.000 0.000 0.000 0.000 0.000 0.000 0.000 0.000 0.000 0.000 0.000 0.000 0.000 0.000 0.000 0.000 0.000 0.000 0.000
0.000 0.000 0.000 0.000 0.000 0.000 0.000 0.000 0.000 0.000 0.000 0.000 0.000 0.000 0.000 0.000 0.000 0.000 0.000 0.000 0.000 0.000 0.000 0.000 0.000 0.000 0.000 0.000 0.000 0.000 0.000 0.000 0.000 0.000 0.000 0.000 0.000 0.000 0.000 0.000 0.000 0.000 0.000 0.000 0.000 0.000 0.000 0.000 0.000 0.000 0.000 0.000 0.000 0.000 0.000 0.000 0.000 0.000 0.000 0.000 0.000 0.000 0.000 0.000 0.000 0.000 0.000 0.000 0.000 0.000 0.000 0.000 0.000 0.000 0.000 0.000 0.000
0.000 0.000 0.000 0.000 0.000 0.000 0.000 0.000 0.000 0.000 0.000 0.000 0.000 0.000 0.000 0.000 0.000 0.000 0.000 0.000 0.000 0.000 0.000 0.000 0.000 0.000 0.000 0.000 0.000 0.000 0.000 0.000 0.000 0.000 0.000 0.000 0.000 0.000 0.000 0.000 0.000 0.000 0.000 0.000 0.000 0.000 0.000 0.000 0.000 0.000 0.000 0.000 0.000 0.000 0.000 0.000 0.000 0.000 0.000 0.000 0.000 0.000 0.000 0.000 0.000 0.000 0.000 0.000 0.000 0.000 0.000 0.000 0.000 0.000 0.000 0.000 0.000
0.000 0.000 0.000 0.000 0.000 0.000 0.000 0.000 0.000 0.000 0.000 0.000 0.000 0.000 0.000 0.000 0.000 0.000 0.000 0.000 0.000 0.000 0.000 0.000 0.000 0.000 0.000 0.000 0.000 0.000 0.000 0.000 0.000 0.000 0.000 0.000 0.000 0.000 0.000 0.000 0.000 0.000 0.000 0.000 0.000 0.000 0.000 0.000 0.000 0.000 0.000 0.000 0.000 0.000 0.000 0.000 0.000 0.000 0.000 0.000 0.000 0.000 0.000 0.000 0.000 0.000 0.000 0.000 0.000 0.000 0.000 0.000 0.000 0.000 0.000 0.000 0.000
0.001 0.001 0.000 0.000 0.000 0.000 0.000 0.000 0.000 0.000 0.000 0.000 0.000 0.000 0.000 0.000 0.000 0.000 0.000 0.000 0.000 0.000 0.000 0.000 0.000 0.000 0.000 0.000 0.000 0.000 0.000 0.000 0.000 0.000 0.000 0.000 0.000 0.000 0.000 0.000 0.000 0.000 0.000 0.000 0.000 0.000 0.000 0.000 0.000 0.000 0.000 0.001 0.001 0.001 0.001 0.001 0.000 0.000 0.000 0.000 0.000 0.000 0.000 0.000 0.000 0.000 0.000 0.000 0.000 0.000 0.000 0.000 0.000 0.000 0.000 0.000 0.000
0.002 0.001 0.001 0.001 0.001 0.001 0.000 0.000 0.000 0.000 0.000 0.000 0.000 0.000 0.000 0.000 0.000 0.000 0.000 0.000 0.000 0.000 0.000 0.000 0.000 0.000 0.000 0.000 0.000 0.000 0.000 0.000 0.000 0.000 0.000 0.000 0.000 0.000 0.000 0.000 0.000 0.000 0.000 0.000 0.000 0.000 0.001 0.001 0.001 0.001 0.002 0.002 0.002 0.002 0.002 0.002 0.002 0.002 0.001 0.001 0.001 0.001 0.001 0.001 0.001 0.001 0.001 0.001 0.001 0.001 0.001 0.001 0.001 0.001 0.000 0.000 0.000
0.003 0.003 0.002 0.002 0.002 0.001 0.001 0.001 0.001 0.001 0.001 0.000 0.000 0.000 0.000 0.000 0.000 0.000 0.000 0.000 0.000 0.000 0.000 0.000 0.000 0.000 0.000 0.000 0.000 0.000 0.000 0.000 0.000 0.000 0.000 0.000 0.000 0.000 0.000 0.000 0.000 0.000 0.000 0.001 0.001 0.002 0.002 0.003 0.003 0.003 0.003 0.003 0.003 0.003 0.003 0.003 0.003 0.003 0.003 0.003 0.003 0.003 0.003 0.003 0.003 0.003 0.003 0.003 0.003 0.003 0.002 0.002 0.002 0.001 0.001 0.001 0.001
0.005 0.004 0.004 0.003 0.003 0.002 0.002 0.002 0.002 0.002 0.001 0.001 0.001 0.001 0.001 0.001 0.001 0.001 0.000 0.000 0.000 0.000 0.000 0.000 0.000 0.000 0.000 0.000 0.000 0.000 0.000 0.000 0.000 0.000 0.000 0.000 0.000 0.000 0.000 0.000 0.000 0.001 0.001 0.002 0.002 0.003 0.004 0.005 0.005 0.005 0.006 0.006 0.006 0.006 0.006 0.006 0.005 0.005 0.005 0.005 0.005 0.005 0.005 0.005 0.005 0.005 0.005 0.005 0.005 0.005 0.004 0.004 0.003 0.003 0.002 0.002 0.002
0.007 0.006 0.005 0.005 0.004 0.004 0.003 0.003 0.003 0.003 0.002 0.002 0.002 0.002 0.002 0.002 0.002 0.001 0.001 0.001 0.001 0.001 0.001 0.001 0.001 0.000 0.000 0.000 0.000 0.000 0.000 0.000 0.000 0.000 0.000 0.000 0.000 0.000 0.000 0.001 0.001 0.002 0.002 0.003 0.004 0.005 0.006 0.007 0.008 0.008 0.008 0.009 0.009 0.009 0.009 0.008 0.008 0.008 0.008 0.008 0.007 0.007 0.007 0.007 0.007 0.007 0.007 0.007 0.007 0.007 0.007 0.006 0.005 0.005 0.004 0.003 0.003
0.010 0.008 0.007 0.007 0.006 0.005 0.005 0.005 0.004 0.004 0.004 0.004 0.003 0.003 0.003 0.003 0.003 0.003 0.002 0.002 0.002 0.002 0.002 0.002 0.001 0.001 0.001 0.001 0.000 0.000 0.000 0.000 0.000 0.000 0.001 0.001 0.001 0.001 0.001 0.002 0.002 0.003 0.004 0.005 0.007 0.008 0.009 0.010 0.011 0.012 0.012 0.013 0.013 0.013 0.013 0.012 0.012 0.012 0.011 0.011 0.011 0.010 0.010 0.010 0.010 0.011 0.011 0.011 0.011 0.010 0.010 0.009 0.008 0.007 0.006 0.005 0.004
0.013 0.012 0.010 0.009 0.008 0.007 0.007 0.006 0.006 0.006 0.006 0.005 0.005 0.005 0.005 0.005 0.004 0.004 0.004 0.004 0.003 0.003 0.003 0.003 0.002 0.002 0.002 0.002 0.002 0.001 0.001 0.001 0.001 0.002 0.002 0.002 0.002 0.002 0.003 0.003 0.004 0.005 0.007 0.008 0.010 0.011 0.013 0.015 0.016 0.017 0.017 0.018 0.018 0.018 0.018 0.018 0.017 0.017 0.016 0.015 0.015 0.015 0.015 0.015 0.015 0.015 0.015 0.015 0.015 0.015 0.014 0.012 0.011 0.009 0.008 0.007 0.006
0.019 0.016 0.014 0.012 0.011 0.010 0.009 0.009 0.008 0.008 0.008 0.007 0.007 0.007 0.007 0.006 0.006 0.006 0.006 0.006 0.005 0.005 0.005 0.004 0.004 0.004 0.003 0.003 0.003 0.003 0.003 0.003 0.003 0.003 0.003 0.003 0.004 0.004 0.005 0.006 0.007 0.008 0.010 0.011 0.013 0.015 0.018 0.020 0.021 0.023 0.024 0.025 0.025 0.025 0.025 0.025 0.024 0.024 0.023 0.022 0.021 0.021 0.020 0.020 0.021 0.022 0.022 0.023 0.022 0.022 0.020 0.017 0.014 0.012 0.010 0.009 0.008
0.030 0.024 0.019 0.017 0.015 0.013 0.012 0.011 0.011 0.010 0.010 0.010 0.010 0.009 0.009 0.009 0.009 0.008 0.008 0.008 0.007 0.007 0.007 0.006 0.006 0.006 0.005 0.005 0.005 0.005 0.005 0.005 0.005 0.005 0.005 0.006 0.006 0.007 0.008 0.009 0.010 0.012 0.013 0.015 0.017 0.020 0.023 0.026 0.029 0.030 0.032 0.034 0.035 0.036 0.036 0.036 0.036 0.035 0.034 0.033 0.032 0.031 0.030 0.030 0.030 0.032 0.034 0.035 0.035 0.033 0.029 0.023 0.019 0.016 0.013 0.011 0.010
0.054 0.039 0.030 0.024 0.020 0.018 0.016 0.015 0.014 0.014 0.013 0.013 0.013 0.012 0.012 0.012 0.011 0.011 0.011 0.010 0.010 0.010 0.009 0.009 0.008 0.008 0.008 0.008 0.008 0.008 0.008 0.008 0.008 0.008 0.008 0.009 0.009 0.010 0.011 0.012 0.014 0.016 0.018 0.020 0.023 0.026 0.029 0.034 0.037 0.040 0.043 0.046 0.050 0.053 0.054 0.054 0.054 0.054 0.053 0.052 0.050 0.048 0.046 0.046 0.047 0.050 0.055 0.057 0.057 0.054 0.045 0.033 0.025 0.020 0.016 0.014 0.012
0.117 0.077 0.053 0.039 0.031 0.025 0.022 0.020 0.019 0.018 0.017 0.017 0.016 0.016 0.016 0.015 0.015 0.014 0.014 0.014 0.013 0.013 0.012 0.011 0.011 0.011 0.011 0.011 0.011 0.011 0.011 0.011 0.011 0.011 0.012 0.012 0.013 0.014 0.015 0.017 0.018 0.020 0.023 0.026 0.029 0.032 0.037 0.043 0.048 0.053 0.058 0.064 0.071 0.077 0.082 0.084 0.085 0.085 0.085 0.084 0.082 0.079 0.077 0.077 0.078 0.085 0.097 0.103 0.103 0.096 0.077 0.051 0.035 0.026 0.021 0.017 0.015
0.279 0.175 0.111 0.074 0.053 0.041 0.034 0.029 0.026 0.025 0.023 0.023 0.022 0.021 0.021 0.020 0.019 0.019 0.018 0.018 0.017 0.016 0.016 0.015 0.014 0.014 0.014 0.014 0.014 0.014 0.014 0.014 0.015 0.015 0.016 0.017 0.017 0.019 0.020 0.022 0.024 0.027 0.030 0.033 0.037 0.041 0.047 0.054 0.061 0.069 0.079 0.090 0.104 0.117 0.127 0.134 0.138 0.140 0.141 0.141 0.140 0.138 0.136 0.137 0.141 0.158 0.185 0.199 0.200 0.186 0.144 0.087 0.053 0.035 0.026 0.021 0.018
0.627 0.404 0.252 0.159 0.106 0.075 0.057 0.046 0.040 0.036 0.033 0.032 0.031 0.030 0.028 0.027 0.026 0.025 0.024 0.023 0.023 0.021 0.020 0.019 0.019 0.018 0.018 0.018 0.018 0.018 0.018 0.019 0.019 0.020 0.021 0.022 0.023 0.025 0.027 0.029 0.032 0.035 0.039 0.043 0.048 0.054 0.061 0.069 0.080 0.094 0.112 0.133 0.158 0.182 0.202 0.216 0.226 0.231 0.235 0.238 0.241 0.243 0.246 0.252 0.266 0.304 0.366 0.401 0.402 0.373 0.288 0.167 0.091 0.053 0.035 0.027 0.022
1.206 0.833 0.551 0.355 0.229 0.153 0.109 0.083 0.067 0.057 0.052 0.048 0.046 0.044 0.042 0.040 0.037 0.036 0.034 0.033 0.031 0.029 0.027 0.025 0.024 0.024 0.024 0.023 0.023 0.023 0.023 0.024 0.024 0.025 0.026 0.028 0.030 0.033 0.036 0.039 0.043 0.047 0.053 0.058 0.065 0.073 0.082 0.094 0.111 0.135 0.167 0.207 0.251 0.290 0.323 0.345 0.358 0.366 0.371 0.376 0.381 0.387 0.395 0.409 0.434 0.487 0.581 0.672 0.707 0.682 0.557 0.340 0.171 0.088 0.051 0.035 0.028
2.018 1.489 1.058 0.725 0.483 0.321 0.221 0.161 0.125 0.102 0.090 0.082 0.078 0.074 0.070 0.065 0.060 0.057 0.053 0.050 0.046 0.041 0.037 0.034 0.032 0.031 0.031 0.030 0.030 0.030 0.030 0.030 0.031 0.032 0.034 0.037 0.040 0.044 0.049 0.055 0.061 0.067 0.075 0.083 0.093 0.103 0.117 0.135 0.163 0.205 0.264 0.336 0.402 0.452 0.480 0.488 0.482 0.478 0.478 0.478 0.480 0.484 0.493 0.508 0.536 0.589 0.684 0.814 0.897 0.911 0.836 0.606 0.318 0.153 0.079 0.048 0.035
3.029 2.353 1.776 1.295 0.914 0.634 0.445 0.326 0.251 0.204 0.176 0.159 0.148 0.139 0.129 0.118 0.108 0.100 0.092 0.084 0.075 0.064 0.055 0.049 0.045 0.042 0.041 0.040 0.039 0.039 0.039 0.040 0.041 0.043 0.047 0.051 0.057 0.064 0.072 0.081 0.091 0.102 0.113 0.126 0.139 0.154 0.175 0.205 0.251 0.324 0.422 0.508 0.561 0.583 0.584 0.565 0.539 0.528 0.525 0.525 0.525 0.526 0.531 0.542 0.567 0.613 0.700 0.839 0.954 0.997 0.974 0.823 0.519 0.255 0.125 0.069 0.047
4.113 3.337 2.649 2.048 1.544 1.145 0.851 0.649 0.516 0.429 0.373 0.337 0.310 0.288 0.264 0.237 0.213 0.193 0.175 0.156 0.135 0.111 0.091 0.076 0.066 0.061 0.058 0.056 0.055 0.054 0.054 0.055 0.057 0.062 0.068 0.077 0.087 0.098 0.113 0.129 0.147 0.164 0.182 0.199 0.218 0.240 0.272 0.322 0.395 0.485 0.569 0.619 0.638 0.637 0.617 0.577 0.545 0.531 0.528 0.529 0.529 0.529 0.532 0.541 0.560 0.598 0.671 0.801 0.940 1.004 1.006 0.927 0.701 0.392 0.192 0.101 0.064
5.173 4.362 3.626 2.963 2.386 1.904 1.523 1.238 1.039 0.903 0.810 0.741 0.685 0.631 0.569 0.498 0.440 0.393 0.350 0.307 0.258 0.205 0.161 0.129 0.108 0.096 0.089 0.085 0.083 0.083 0.083 0.085 0.090 0.099 0.111 0.127 0.145 0.168 0.196 0.224 0.252 0.278 0.303 0.326 0.351 0.384 0.435 0.494 0.549 0.597 0.631 0.648 0.651 0.640 0.606 0.554 0.516 0.498 0.494 0.495 0.496 0.498 0.502 0.509 0.521 0.544 0.592 0.696 0.853 0.961 0.987 0.954 0.812 0.533 0.278 0.146 0.088
6.250 5.445 4.724 4.071 3.482 2.970 2.547 2.217 1.976 1.808 1.685 1.583 1.484 1.370 1.227 1.059 0.917 0.806 0.706 0.606 0.496 0.387 0.297 0.231 0.188 0.163 0.149 0.143 0.140 0.140 0.142 0.148 0.160 0.177 0.198 0.224 0.258 0.305 0.354 0.397 0.435 0.469 0.499 0.526 0.551 0.578 0.605 0.622 0.627 0.630 0.636 0.638 0.629 0.601 0.546 0.481 0.436 0.413 0.406 0.406 0.409 0.417 0.426 0.433 0.438 0.445 0.465 0.529 0.678 0.848 0.923 0.926 0.852 0.652 0.380 0.204 0.122
7.447 6.717 6.074 5.492 4.946 4.452 4.043 3.728 3.492 3.321 3.186 3.060 2.922 2.738 2.486 2.176 1.866 1.604 1.373 1.151 0.926 0.716 0.542 0.413 0.329 0.281 0.257 0.247 0.244 0.246 0.256 0.274 0.300 0.329 0.362 0.402 0.461 0.539 0.602 0.644 0.671 0.688 0.700 0.708 0.710 0.706 0.691 0.665 0.638 0.619 0.601 0.580 0.546 0.490 0.414 0.346 0.303 0.282 0.275 0.276 0.283 0.295 0.307 0.314 0.316 0.318 0.328 0.367 0.475 0.669 0.816 0.861 0.838 0.719 0.489 0.280 0.168
8.938 8.396 7.907 7.450 7.005 6.585 6.235 5.959 5.737 5.556 5.398 5.245 5.075 4.840 4.501 4.052 3.531 3.011 2.523 2.068 1.644 1.264 0.952 0.718 0.560 0.468 0.423 0.407 0.406 0.417 0.449 0.496 0.540 0.577 0.614 0.652 0.705 0.767 0.804 0.818 0.820 0.812 0.802 0.790 0.773 0.745 0.704 0.655 0.603 0.551 0.498 0.438 0.372 0.304 0.247 0.211 0.192 0.184 0.184 0.187 0.193 0.200 0.206 0.210 0.214 0.218 0.228 0.257 0.332 0.490 0.681 0.777 0.792 0.744 0.592 0.383 0.234
