RESULTS/r.avaflow_results/12_results/12_ascii/12_hflow30058.asc
ncols 506
nrows 317
xllcenter 498237.50
yllcenter 5580050.00
cellsize 12.50
NODATA_value -9999.000
[rows 170 to 203 of 317, columns 154 to 230 of 506]
8.906 8.802 8.667 8.507 8.325 8.138 7.967 7.813 7.671 7.534 7.399 7.260 7.105 6.896 6.575 6.101 5.483 4.761 3.990 3.243 2.560 1.961 1.467 1.093 0.833 0.669 0.580 0.546 0.545 0.566 0.605 0.642 0.664 0.679 0.692 0.710 0.741 0.769 0.779 0.775 0.759 0.733 0.705 0.675 0.638 0.589 0.521 0.444 0.375 0.311 0.253 0.207 0.172 0.148 0.133 0.126 0.125 0.127 0.133 0.139 0.144 0.147 0.149 0.151 0.152 0.155 0.164 0.187 0.242 0.346 0.452 0.504 0.515 0.496 0.435 0.329 0.223
11.230 11.454 11.565 11.581 11.542 11.459 11.334 11.176 10.999 10.812 10.621 10.431 10.232 9.989 9.625 9.067 8.295 7.343 6.274 5.172 4.131 3.193 2.396 1.773 1.327 1.032 0.854 0.765 0.735 0.737 0.757 0.772 0.775 0.770 0.763 0.764 0.772 0.782 0.783 0.772 0.744 0.706 0.664 0.622 0.572 0.503 0.407 0.306 0.225 0.170 0.135 0.112 0.097 0.089 0.086 0.086 0.089 0.094 0.101 0.106 0.108 0.109 0.109 0.109 0.109 0.111 0.118 0.135 0.175 0.252 0.366 0.453 0.490 0.495 0.477 0.425 0.331
13.886 14.552 14.935 15.089 15.104 15.050 14.927 14.757 14.560 14.345 14.119 13.890 13.658 13.391 13.009 12.408 11.539 10.423 9.128 7.739 6.348 5.027 3.844 2.865 2.122 1.594 1.241 1.027 0.911 0.853 0.827 0.812 0.799 0.784 0.768 0.759 0.756 0.752 0.741 0.712 0.660 0.597 0.535 0.474 0.405 0.319 0.228 0.158 0.115 0.089 0.074 0.065 0.060 0.058 0.058 0.060 0.065 0.073 0.079 0.082 0.083 0.083 0.082 0.081 0.081 0.082 0.087 0.100 0.127 0.178 0.271 0.384 0.458 0.486 0.489 0.471 0.420
15.792 16.841 17.492 17.821 17.948 17.975 17.923 17.823 17.679 17.496 17.275 17.033 16.781 16.500 16.125 15.550 14.705 13.595 12.274 10.795 9.203 7.567 5.955 4.527 3.362 2.464 1.811 1.369 1.091 0.929 0.846 0.805 0.779 0.754 0.727 0.702 0.679 0.656 0.623 0.564 0.477 0.389 0.317 0.259 0.205 0.153 0.109 0.080 0.061 0.051 0.044 0.041 0.040 0.040 0.041 0.044 0.050 0.057 0.062 0.065 0.065 0.064 0.064 0.063 0.063 0.064 0.068 0.077 0.094 0.127 0.187 0.291 0.406 0.467 0.485 0.483 0.460
16.775 18.082 18.993 19.569 19.925 20.144 20.265 20.305 20.263 20.155 19.967 19.716 19.437 19.133 18.762 18.219 17.422 16.360 15.071 13.610 12.010 10.271 8.378 6.460 4.778 3.417 2.391 1.680 1.230 0.968 0.830 0.757 0.706 0.661 0.615 0.568 0.523 0.474 0.416 0.340 0.258 0.198 0.156 0.125 0.098 0.075 0.057 0.045 0.037 0.033 0.030 0.029 0.029 0.030 0.031 0.034 0.039 0.045 0.050 0.052 0.052 0.052 0.052 0.051 0.052 0.053 0.057 0.063 0.074 0.094 0.132 0.202 0.320 0.423 0.468 0.477 0.468
17.004 18.426 19.535 20.375 21.012 21.491 21.832 22.030 22.095 22.063 21.916 21.650 21.332 21.015 20.659 20.168 19.454 18.485 17.254 15.784 14.108 12.234 10.136 7.827 5.727 4.019 2.734 1.852 1.298 0.972 0.783 0.661 0.572 0.494 0.420 0.358 0.309 0.266 0.223 0.174 0.132 0.101 0.080 0.064 0.051 0.041 0.034 0.029 0.026 0.024 0.023 0.023 0.023 0.024 0.025 0.027 0.031 0.036 0.040 0.042 0.043 0.044 0.044 0.045 0.045 0.047 0.050 0.054 0.062 0.075 0.099 0.144 0.228 0.345 0.425 0.454 0.457
16.866 18.337 19.547 20.535 21.368 22.051 22.552 22.864 23.007 23.020 22.904 22.619 22.274 21.972 21.645 21.204 20.574 19.709 18.561 17.104 15.355 13.344 11.063 8.504 6.150 4.256 2.849 1.898 1.306 0.938 0.698 0.528 0.398 0.300 0.232 0.188 0.160 0.138 0.115 0.090 0.071 0.056 0.045 0.037 0.031 0.026 0.023 0.021 0.020 0.019 0.019 0.019 0.019 0.020 0.021 0.023 0.026 0.029 0.033 0.035 0.037 0.038 0.039 0.040 0.042 0.043 0.046 0.049 0.054 0.063 0.079 0.109 0.162 0.251 0.349 0.406 0.428
16.356 17.923 19.275 20.410 21.355 22.109 22.647 22.982 23.150 23.181 23.078 22.783 22.429 22.147 21.841 21.422 20.831 20.028 18.951 17.530 15.753 13.659 11.276 8.615 6.186 4.241 2.809 1.849 1.238 0.840 0.567 0.374 0.246 0.168 0.123 0.098 0.084 0.073 0.061 0.050 0.041 0.034 0.029 0.024 0.021 0.019 0.017 0.016 0.016 0.016 0.016 0.016 0.016 0.017 0.018 0.019 0.021 0.024 0.027 0.030 0.032 0.034 0.036 0.037 0.039 0.041 0.043 0.046 0.050 0.056 0.068 0.087 0.121 0.177 0.257 0.332 0.378
15.487 17.166 18.663 19.957 21.021 21.821 22.355 22.668 22.815 22.840 22.741 22.461 22.105 21.801 21.474 21.038 20.458 19.699 18.678 17.298 15.530 13.405 10.947 8.244 5.839 3.927 2.536 1.614 1.027 0.641 0.385 0.227 0.140 0.092 0.067 0.054 0.047 0.041 0.035 0.030 0.026 0.023 0.020 0.018 0.016 0.015 0.014 0.013 0.013 0.013 0.014 0.014 0.014 0.015 0.015 0.016 0.018 0.020 0.022 0.025 0.028 0.030 0.033 0.035 0.036 0.038 0.041 0.043 0.047 0.052 0.060 0.074 0.096 0.132 0.185 0.249 0.308
14.333 16.088 17.678 19.061 20.188 21.020 21.554 21.829 21.912 21.898 21.791 21.570 21.242 20.847 20.392 19.869 19.260 18.519 17.547 16.205 14.429 12.245 9.710 7.109 4.886 3.158 1.927 1.130 0.649 0.366 0.206 0.121 0.076 0.052 0.039 0.033 0.029 0.026 0.023 0.021 0.019 0.017 0.015 0.014 0.013 0.012 0.011 0.011 0.011 0.011 0.011 0.012 0.012 0.012 0.013 0.014 0.015 0.017 0.019 0.021 0.024 0.027 0.030 0.032 0.034 0.036 0.039 0.041 0.044 0.049 0.055 0.066 0.082 0.107 0.142 0.188 0.239
12.923 14.659 16.267 17.677 18.845 19.724 20.287 20.534 20.558 20.491 20.387 20.259 19.983 19.470 18.812 18.138 17.444 16.651 15.619 14.187 12.284 9.949 7.418 5.114 3.279 1.944 1.067 0.562 0.300 0.167 0.098 0.062 0.043 0.032 0.026 0.022 0.020 0.018 0.017 0.015 0.014 0.013 0.012 0.011 0.010 0.010 0.009 0.009 0.009 0.009 0.009 0.010 0.010 0.011 0.011 0.012 0.013 0.014 0.016 0.018 0.020 0.023 0.026 0.029 0.032 0.034 0.037 0.039 0.042 0.046 0.052 0.061 0.075 0.094 0.119 0.152 0.191
11.257 12.862 14.445 15.888 17.144 18.136 18.786 19.063 19.080 19.003 18.915 18.817 18.530 17.917 17.097 16.257 15.410 14.427 13.120 11.351 9.059 6.565 4.365 2.735 1.620 0.895 0.460 0.232 0.125 0.074 0.049 0.035 0.026 0.021 0.018 0.016 0.015 0.014 0.013 0.012 0.011 0.010 0.010 0.009 0.008 0.008 0.008 0.008 0.008 0.008 0.008 0.008 0.009 0.009 0.010 0.010 0.011 0.012 0.014 0.015 0.017 0.020 0.023 0.026 0.029 0.032 0.035 0.038 0.041 0.045 0.051 0.060 0.072 0.089 0.109 0.134 0.164
9.407 10.819 12.333 13.835 15.211 16.345 17.123 17.497 17.562 17.509 17.397 17.200 16.783 16.072 15.165 14.183 13.117 11.784 9.973 7.648 5.274 3.341 1.988 1.136 0.630 0.336 0.173 0.093 0.056 0.038 0.028 0.022 0.018 0.016 0.014 0.013 0.012 0.011 0.010 0.010 0.009 0.008 0.008 0.007 0.007 0.006 0.006 0.006 0.006 0.006 0.007 0.007 0.007 0.008 0.008 0.009 0.010 0.011 0.012 0.013 0.015 0.017 0.020 0.023 0.026 0.029 0.033 0.036 0.039 0.044 0.050 0.059 0.072 0.087 0.106 0.127 0.150
7.642 8.790 10.097 11.542 12.959 14.164 15.034 15.509 15.641 15.593 15.364 14.931 14.282 13.440 12.452 11.326 9.976 8.192 6.003 3.925 2.371 1.314 0.695 0.375 0.209 0.118 0.068 0.042 0.029 0.023 0.018 0.016 0.014 0.012 0.011 0.010 0.009 0.009 0.008 0.008 0.007 0.007 0.006 0.006 0.005 0.005 0.005 0.005 0.005 0.005 0.006 0.006 0.006 0.007 0.007 0.008 0.008 0.009 0.010 0.011 0.013 0.015 0.017 0.020 0.023 0.027 0.030 0.034 0.039 0.044 0.051 0.060 0.072 0.087 0.105 0.124 0.146
5.982 6.810 7.780 8.911 10.097 11.134 11.927 12.402 12.560 12.498 12.153 11.489 10.557 9.469 8.339 7.119 5.710 4.120 2.622 1.496 0.780 0.393 0.208 0.121 0.074 0.047 0.032 0.024 0.019 0.016 0.013 0.012 0.010 0.009 0.009 0.008 0.007 0.007 0.006 0.006 0.006 0.005 0.005 0.005 0.004 0.004 0.004 0.004 0.005 0.005 0.005 0.005 0.006 0.006 0.006 0.007 0.007 0.008 0.009 0.010 0.011 0.013 0.015 0.018 0.021 0.025 0.029 0.033 0.038 0.044 0.052 0.062 0.074 0.089 0.106 0.125 0.146
4.388 4.835 5.324 5.876 6.490 7.069 7.548 7.857 7.969 7.914 7.572 6.875 5.925 4.937 4.057 3.222 2.353 1.482 0.818 0.412 0.208 0.115 0.070 0.047 0.034 0.025 0.020 0.016 0.013 0.012 0.010 0.009 0.008 0.007 0.007 0.006 0.006 0.005 0.005 0.005 0.004 0.004 0.004 0.004 0.004 0.004 0.004 0.004 0.004 0.004 0.005 0.005 0.005 0.005 0.005 0.006 0.006 0.006 0.007 0.008 0.009 0.011 0.013 0.016 0.019 0.023 0.027 0.032 0.038 0.045 0.053 0.064 0.077 0.092 0.109 0.129 0.152
2.909 3.038 3.177 3.327 3.476 3.614 3.730 3.801 3.818 3.772 3.572 3.159 2.550 1.934 1.456 1.059 0.694 0.397 0.209 0.112 0.066 0.044 0.032 0.025 0.020 0.016 0.014 0.012 0.010 0.009 0.008 0.007 0.006 0.006 0.005 0.005 0.004 0.004 0.004 0.004 0.003 0.003 0.003 0.003 0.003 0.003 0.004 0.004 0.004 0.004 0.004 0.005 0.005 0.005 0.005 0.005 0.005 0.005 0.006 0.007 0.008 0.010 0.012 0.014 0.018 0.022 0.026 0.032 0.038 0.045 0.053 0.064 0.078 0.095 0.115 0.140 0.170
1.696 1.656 1.632 1.607 1.569 1.525 1.489 1.457 1.425 1.379 1.278 1.091 0.821 0.575 0.408 0.284 0.183 0.109 0.065 0.042 0.030 0.024 0.020 0.017 0.014 0.012 0.010 0.009 0.008 0.007 0.006 0.005 0.005 0.004 0.004 0.004 0.003 0.003 0.003 0.003 0.003 0.003 0.003 0.003 0.003 0.003 0.004 0.004 0.004 0.004 0.005 0.004 0.004 0.004 0.004 0.004 0.004 0.004 0.005 0.005 0.007 0.008 0.010 0.013 0.016 0.020 0.025 0.031 0.037 0.045 0.053 0.064 0.078 0.096 0.121 0.156 0.201
0.856 0.778 0.720 0.669 0.616 0.562 0.517 0.481 0.451 0.421 0.382 0.322 0.236 0.164 0.118 0.085 0.059 0.041 0.030 0.023 0.019 0.016 0.014 0.012 0.011 0.009 0.008 0.007 0.006 0.005 0.005 0.004 0.004 0.003 0.003 0.003 0.003 0.003 0.002 0.002 0.002 0.002 0.002 0.003 0.003 0.003 0.004 0.004 0.005 0.005 0.005 0.004 0.004 0.003 0.003 0.003 0.003 0.003 0.004 0.004 0.005 0.007 0.008 0.011 0.014 0.018 0.024 0.029 0.036 0.044 0.052 0.063 0.077 0.096 0.123 0.164 0.222
0.373 0.323 0.289 0.261 0.233 0.203 0.178 0.159 0.145 0.132 0.118 0.101 0.078 0.058 0.044 0.035 0.028 0.022 0.019 0.016 0.014 0.012 0.010 0.009 0.008 0.007 0.006 0.005 0.005 0.004 0.004 0.003 0.003 0.003 0.003 0.002 0.002 0.002 0.002 0.002 0.002 0.002 0.003 0.003 0.003 0.004 0.005 0.005 0.005 0.005 0.005 0.004 0.003 0.003 0.003 0.002 0.002 0.002 0.003 0.003 0.004 0.005 0.007 0.009 0.012 0.016 0.021 0.027 0.034 0.041 0.049 0.059 0.072 0.092 0.120 0.163 0.225
0.149 0.128 0.114 0.102 0.089 0.077 0.067 0.059 0.054 0.050 0.045 0.041 0.035 0.029 0.024 0.020 0.018 0.015 0.013 0.012 0.010 0.009 0.008 0.007 0.006 0.005 0.005 0.004 0.004 0.003 0.003 0.003 0.003 0.003 0.002 0.002 0.002 0.002 0.002 0.003 0.003 0.003 0.003 0.004 0.005 0.005 0.006 0.006 0.006 0.006 0.005 0.004 0.003 0.002 0.002 0.002 0.002 0.002 0.002 0.002 0.003 0.004 0.005 0.007 0.010 0.014 0.018 0.024 0.029 0.036 0.043 0.051 0.063 0.080 0.107 0.149 0.212
0.059 0.052 0.047 0.043 0.038 0.034 0.031 0.028 0.026 0.025 0.024 0.023 0.021 0.019 0.016 0.015 0.013 0.011 0.010 0.009 0.008 0.007 0.006 0.005 0.005 0.004 0.004 0.003 0.003 0.003 0.003 0.003 0.003 0.003 0.003 0.003 0.003 0.003 0.003 0.004 0.004 0.005 0.005 0.006 0.006 0.007 0.007 0.007 0.006 0.006 0.004 0.003 0.003 0.002 0.002 0.001 0.001 0.001 0.001 0.001 0.002 0.002 0.004 0.005 0.008 0.011 0.014 0.019 0.023 0.028 0.034 0.040 0.048 0.060 0.081 0.117 0.174
0.026 0.024 0.023 0.022 0.020 0.019 0.018 0.017 0.016 0.016 0.016 0.015 0.015 0.014 0.013 0.011 0.010 0.009 0.008 0.007 0.006 0.005 0.005 0.004 0.004 0.004 0.003 0.003 0.003 0.003 0.003 0.003 0.003 0.003 0.004 0.004 0.004 0.005 0.006 0.006 0.006 0.007 0.007 0.007 0.007 0.007 0.007 0.007 0.006 0.005 0.004 0.003 0.002 0.002 0.001 0.001 0.001 0.001 0.001 0.001 0.001 0.001 0.002 0.004 0.005 0.007 0.010 0.013 0.017 0.020 0.024 0.028 0.033 0.040 0.052 0.074 0.112
0.014 0.014 0.013 0.013 0.013 0.013 0.012 0.012 0.012 0.012 0.012 0.012 0.011 0.011 0.010 0.009 0.008 0.007 0.006 0.005 0.005 0.004 0.004 0.004 0.003 0.003 0.003 0.003 0.003 0.004 0.004 0.004 0.005 0.005 0.006 0.006 0.007 0.008 0.008 0.008 0.008 0.008 0.007 0.007 0.007 0.007 0.007 0.007 0.006 0.005 0.004 0.003 0.002 0.001 0.001 0.001 0.000 0.000 0.000 0.000 0.000 0.001 0.001 0.002 0.003 0.005 0.007 0.009 0.012 0.015 0.018 0.020 0.024 0.028 0.034 0.045 0.064
0.009 0.009 0.009 0.010 0.010 0.009 0.009 0.009 0.009 0.009 0.009 0.009 0.009 0.009 0.008 0.007 0.006 0.005 0.005 0.004 0.004 0.004 0.004 0.004 0.004 0.004 0.004 0.005 0.005 0.006 0.006 0.007 0.008 0.009 0.009 0.010 0.010 0.010 0.009 0.009 0.008 0.008 0.008 0.007 0.007 0.007 0.007 0.006 0.005 0.004 0.003 0.002 0.001 0.001 0.001 0.000 0.000 0.000 0.000 0.000 0.000 0.000 0.001 0.001 0.002 0.003 0.005 0.007 0.009 0.011 0.013 0.015 0.017 0.020 0.024 0.030 0.039
0.007 0.007 0.007 0.007 0.008 0.008 0.008 0.008 0.008 0.008 0.007 0.007 0.007 0.007 0.006 0.006 0.005 0.004 0.004 0.004 0.004 0.004 0.004 0.004 0.004 0.005 0.006 0.008 0.009 0.010 0.011 0.011 0.012 0.012 0.012 0.012 0.011 0.011 0.010 0.009 0.008 0.008 0.007 0.007 0.007 0.006 0.006 0.005 0.004 0.003 0.002 0.001 0.001 0.001 0.000 0.000 0.000 0.000 0.000 0.000 0.000 0.000 0.000 0.000 0.001 0.002 0.003 0.004 0.006 0.007 0.009 0.011 0.013 0.015 0.018 0.021 0.027
0.005 0.006 0.006 0.006 0.006 0.006 0.006 0.006 0.006 0.006 0.006 0.006 0.006 0.005 0.005 0.004 0.004 0.004 0.004 0.004 0.004 0.004 0.004 0.005 0.007 0.009 0.011 0.013 0.013 0.014 0.014 0.014 0.013 0.013 0.013 0.012 0.011 0.011 0.010 0.009 0.008 0.007 0.006 0.006 0.005 0.004 0.004 0.003 0.002 0.002 0.001 0.001 0.001 0.000 0.000 0.000 0.000 0.000 0.000 0.000 0.000 0.000 0.000 0.000 0.000 0.001 0.002 0.003 0.004 0.005 0.006 0.008 0.010 0.011 0.013 0.016 0.019
0.004 0.005 0.005 0.005 0.005 0.005 0.005 0.005 0.005 0.005 0.005 0.005 0.005 0.004 0.004 0.004 0.004 0.003 0.004 0.004 0.004 0.005 0.007 0.009 0.011 0.013 0.015 0.016 0.016 0.016 0.015 0.014 0.014 0.013 0.013 0.012 0.011 0.010 0.009 0.008 0.007 0.006 0.005 0.004 0.003 0.002 0.002 0.002 0.001 0.001 0.001 0.001 0.000 0.000 0.000 0.000 0.000 0.000 0.000 0.000 0.000 0.000 0.000 0.000 0.000 0.000 0.001 0.001 0.002 0.003 0.004 0.005 0.007 0.008 0.010 0.012 0.014
0.004 0.004 0.004 0.004 0.004 0.004 0.004 0.004 0.004 0.004 0.004 0.004 0.004 0.004 0.003 0.003 0.003 0.003 0.004 0.004 0.006 0.007 0.010 0.012 0.014 0.016 0.016 0.017 0.016 0.016 0.015 0.015 0.014 0.013 0.013 0.012 0.011 0.010 0.008 0.007 0.005 0.004 0.003 0.002 0.002 0.001 0.001 0.001 0.001 0.001 0.000 0.000 0.000 0.000 0.000 0.000 0.000 0.000 0.000 0.000 0.000 0.000 0.000 0.000 0.000 0.000 0.000 0.001 0.001 0.002 0.003 0.004 0.005 0.006 0.007 0.009 0.010
0.003 0.003 0.003 0.003 0.003 0.004 0.004 0.004 0.004 0.003 0.003 0.003 0.003 0.003 0.003 0.003 0.003 0.004 0.004 0.006 0.008 0.010 0.012 0.014 0.015 0.016 0.017 0.017 0.016 0.016 0.015 0.014 0.013 0.012 0.012 0.011 0.010 0.008 0.006 0.005 0.003 0.002 0.002 0.001 0.001 0.001 0.001 0.001 0.000 0.000 0.000 0.000 0.000 0.000 0.000 0.000 0.000 0.000 0.000 0.000 0.000 0.000 0.000 0.000 0.000 0.000 0.000 0.000 0.000 0.001 0.001 0.002 0.003 0.004 0.005 0.006 0.008
0.002 0.002 0.003 0.003 0.003 0.003 0.003 0.003 0.003 0.003 0.003 0.003 0.003 0.003 0.003 0.003 0.003 0.004 0.005 0.007 0.009 0.011 0.013 0.014 0.016 0.016 0.016 0.016 0.016 0.016 0.015 0.014 0.012 0.011 0.009 0.008 0.007 0.005 0.004 0.003 0.002 0.001 0.001 0.001 0.001 0.001 0.000 0.000 0.000 0.000 0.000 0.000 0.000 0.000 0.000 0.000 0.000 0.000 0.000 0.000 0.000 0.000 0.000 0.000 0.000 0.000 0.000 0.000 0.000 0.000 0.000 0.001 0.001 0.002 0.003 0.004 0.005
0.002 0.002 0.002 0.002 0.002 0.002 0.002 0.002 0.002 0.002 0.002 0.002 0.002 0.002 0.002 0.003 0.003 0.004 0.005 0.007 0.009 0.011 0.013 0.014 0.015 0.016 0.016 0.016 0.015 0.015 0.013 0.012 0.009 0.007 0.006 0.004 0.003 0.002 0.002 0.001 0.001 0.001 0.001 0.001 0.000 0.000 0.000 0.000 0.000 0.000 0.000 0.000 0.000 0.000 0.000 0.000 0.000 0.000 0.000 0.000 0.000 0.000 0.000 0.000 0.000 0.000 0.000 0.000 0.000 0.000 0.000 0.000 0.001 0.001 0.002 0.002 0.003
0.001 0.001 0.002 0.002 0.002 0.002 0.002 0.002 0.002 0.002 0.002 0.002 0.002 0.002 0.002 0.003 0.003 0.004 0.005 0.007 0.009 0.011 0.012 0.013 0.013 0.013 0.013 0.013 0.012 0.011 0.010 0.008 0.006 0.004 0.003 0.002 0.002 0.001 0.001 0.001 0.001 0.001 0.000 0.000 0.000 0.000 0.000 0.000 0.000 0.000 0.000 0.000 0.000 0.000 0.000 0.000 0.000 0.000 0.000 0.000 0.000 0.000 0.000 0.000 0.000 0.000 0.000 0.000 0.000 0.000 0.000 0.000 0.000 0.000 0.001 0.001 0.002
0.001 0.001 0.001 0.001 0.002 0.002 0.002 0.002 0.002 0.002 0.002 0.002 0.002 0.002 0.002 0.002 0.003 0.004 0.005 0.007 0.008 0.009 0.010 0.010 0.010 0.009 0.009 0.008 0.007 0.006 0.005 0.004 0.003 0.002 0.001 0.001 0.001 0.001 0.001 0.001 0.000 0.000 0.000 0.000 0.000 0.000 0.000 0.000 0.000 0.000 0.000 0.000 0.000 0.000 0.000 0.000 0.000 0.000 0.000 0.000 0.000 0.000 0.000 0.000 0.000 0.000 0.000 0.000 0.000 0.000 0.000 0.000 0.000 0.000 0.000 0.000 0.001
