RESULTS/r.avaflow_results/12_results/12_ascii/12_hflow30043.asc
ncols 506
nrows 317
xllcenter 498237.50
yllcenter 5580050.00
cellsize 12.50
NODATA_value -9999.000
[rows 170 to 203 of 317, columns 154 to 230 of 506]
9.103 9.019 8.905 8.765 8.592 8.404 8.228 8.071 7.927 7.790 7.656 7.521 7.368 7.154 6.811 6.300 5.639 4.879 4.088 3.329 2.630 2.013 1.503 1.116 0.849 0.682 0.593 0.560 0.560 0.583 0.630 0.678 0.708 0.726 0.740 0.758 0.789 0.824 0.839 0.839 0.827 0.804 0.779 0.754 0.723 0.677 0.611 0.527 0.441 0.359 0.285 0.226 0.184 0.155 0.136 0.126 0.123 0.124 0.129 0.134 0.138 0.141 0.143 0.145 0.146 0.149 0.158 0.180 0.234 0.345 0.503 0.604 0.635 0.624 0.558 0.420 0.275
11.542 11.803 11.942 11.984 11.961 11.890 11.766 11.604 11.420 11.224 11.026 10.831 10.627 10.374 9.985 9.386 8.568 7.569 6.462 5.339 4.277 3.313 2.488 1.839 1.374 1.068 0.884 0.792 0.762 0.767 0.794 0.818 0.827 0.823 0.816 0.815 0.824 0.839 0.843 0.834 0.810 0.773 0.733 0.692 0.644 0.576 0.476 0.360 0.259 0.190 0.147 0.119 0.101 0.091 0.086 0.085 0.087 0.092 0.098 0.101 0.103 0.104 0.104 0.103 0.104 0.106 0.112 0.129 0.168 0.246 0.386 0.525 0.594 0.611 0.596 0.532 0.406
14.332 15.026 15.421 15.573 15.581 15.521 15.388 15.201 14.986 14.755 14.514 14.275 14.036 13.763 13.375 12.761 11.866 10.716 9.389 7.977 6.572 5.228 4.013 2.999 2.224 1.672 1.301 1.074 0.953 0.896 0.872 0.860 0.850 0.836 0.818 0.807 0.803 0.802 0.793 0.766 0.714 0.647 0.583 0.519 0.447 0.357 0.258 0.178 0.126 0.096 0.078 0.067 0.060 0.058 0.058 0.059 0.064 0.071 0.076 0.079 0.079 0.079 0.078 0.077 0.077 0.078 0.083 0.095 0.122 0.175 0.276 0.425 0.544 0.596 0.606 0.587 0.521
16.347 17.414 18.061 18.370 18.472 18.476 18.405 18.280 18.114 17.909 17.669 17.412 17.152 16.865 16.485 15.895 15.029 13.894 12.556 11.071 9.482 7.841 6.210 4.747 3.545 2.610 1.925 1.457 1.162 0.988 0.897 0.853 0.825 0.798 0.767 0.739 0.714 0.690 0.657 0.597 0.504 0.409 0.333 0.273 0.219 0.165 0.118 0.085 0.065 0.053 0.046 0.042 0.040 0.040 0.041 0.043 0.049 0.055 0.060 0.062 0.062 0.061 0.060 0.060 0.060 0.061 0.065 0.073 0.091 0.126 0.191 0.312 0.469 0.569 0.601 0.601 0.574
17.394 18.712 19.616 20.170 20.498 20.694 20.795 20.813 20.756 20.626 20.414 20.143 19.851 19.544 19.168 18.609 17.788 16.700 15.391 13.924 12.330 10.602 8.721 6.784 5.064 3.657 2.584 1.826 1.335 1.042 0.884 0.799 0.740 0.689 0.636 0.583 0.533 0.482 0.424 0.348 0.265 0.202 0.159 0.128 0.101 0.077 0.059 0.046 0.038 0.033 0.030 0.029 0.029 0.029 0.031 0.033 0.038 0.044 0.047 0.049 0.049 0.049 0.049 0.049 0.049 0.051 0.054 0.060 0.072 0.094 0.135 0.215 0.363 0.512 0.581 0.596 0.587
17.638 19.069 20.173 20.997 21.617 22.081 22.409 22.595 22.650 22.603 22.433 22.137 21.805 21.485 21.123 20.618 19.886 18.896 17.647 16.166 14.491 12.628 10.549 8.238 6.093 4.328 2.979 2.033 1.424 1.056 0.837 0.694 0.589 0.498 0.416 0.350 0.302 0.262 0.221 0.175 0.132 0.101 0.080 0.064 0.052 0.042 0.034 0.029 0.026 0.024 0.023 0.023 0.023 0.023 0.024 0.027 0.030 0.035 0.038 0.040 0.041 0.041 0.041 0.042 0.043 0.045 0.047 0.052 0.060 0.074 0.101 0.154 0.258 0.415 0.530 0.573 0.577
17.486 18.967 20.175 21.154 21.978 22.657 23.153 23.459 23.592 23.599 23.462 23.139 22.779 22.476 22.146 21.695 21.054 20.176 19.016 17.546 15.790 13.784 11.519 8.967 6.557 4.596 3.115 2.091 1.436 1.023 0.748 0.551 0.404 0.297 0.224 0.180 0.154 0.134 0.113 0.089 0.069 0.055 0.044 0.036 0.030 0.026 0.023 0.020 0.019 0.019 0.018 0.018 0.019 0.019 0.020 0.022 0.024 0.027 0.030 0.033 0.034 0.035 0.036 0.038 0.039 0.041 0.043 0.047 0.053 0.063 0.082 0.117 0.184 0.303 0.440 0.520 0.548
16.931 18.511 19.872 21.012 21.958 22.712 23.247 23.576 23.737 23.762 23.640 23.306 22.936 22.655 22.350 21.924 21.325 20.514 19.429 17.996 16.210 14.115 11.745 9.090 6.600 4.583 3.073 2.036 1.363 0.916 0.607 0.391 0.250 0.166 0.118 0.093 0.080 0.070 0.060 0.049 0.040 0.033 0.028 0.024 0.021 0.018 0.017 0.016 0.015 0.015 0.015 0.015 0.015 0.016 0.016 0.018 0.019 0.022 0.024 0.027 0.029 0.031 0.033 0.034 0.036 0.038 0.041 0.044 0.049 0.056 0.070 0.094 0.137 0.213 0.328 0.434 0.495
15.997 17.699 19.214 20.524 21.599 22.403 22.933 23.237 23.376 23.395 23.277 22.962 22.586 22.283 21.956 21.517 20.933 20.170 19.143 17.755 15.978 13.853 11.412 8.701 6.234 4.247 2.775 1.775 1.126 0.697 0.410 0.235 0.141 0.091 0.064 0.051 0.044 0.039 0.034 0.030 0.026 0.022 0.020 0.017 0.015 0.014 0.013 0.012 0.012 0.012 0.012 0.012 0.012 0.013 0.013 0.014 0.015 0.017 0.019 0.022 0.024 0.027 0.029 0.032 0.034 0.036 0.038 0.041 0.046 0.052 0.062 0.079 0.108 0.157 0.233 0.330 0.416
14.775 16.564 18.175 19.578 20.720 21.557 22.086 22.349 22.423 22.395 22.266 22.023 21.677 21.273 20.813 20.288 19.679 18.941 17.968 16.622 14.841 12.660 10.144 7.517 5.229 3.423 2.108 1.235 0.703 0.390 0.215 0.123 0.075 0.051 0.038 0.031 0.028 0.025 0.022 0.020 0.018 0.016 0.015 0.013 0.012 0.011 0.010 0.010 0.010 0.010 0.010 0.010 0.010 0.010 0.010 0.011 0.012 0.014 0.015 0.018 0.020 0.023 0.026 0.029 0.031 0.034 0.036 0.039 0.043 0.048 0.056 0.069 0.090 0.124 0.174 0.244 0.324
13.294 15.080 16.707 18.135 19.318 20.208 20.772 21.008 21.016 20.919 20.798 20.669 20.386 19.851 19.172 18.497 17.809 17.024 15.993 14.557 12.650 10.320 7.788 5.443 3.534 2.117 1.163 0.604 0.316 0.172 0.099 0.062 0.042 0.031 0.025 0.021 0.019 0.018 0.016 0.015 0.014 0.013 0.012 0.011 0.010 0.009 0.008 0.008 0.007 0.007 0.007 0.007 0.007 0.007 0.008 0.008 0.009 0.011 0.012 0.014 0.017 0.019 0.022 0.026 0.029 0.032 0.034 0.037 0.041 0.045 0.052 0.063 0.080 0.105 0.140 0.189 0.250
11.549 13.222 14.828 16.295 17.577 18.593 19.256 19.531 19.542 19.449 19.344 19.236 18.936 18.296 17.449 16.612 15.777 14.800 13.487 11.700 9.388 6.865 4.615 2.929 1.754 0.972 0.494 0.242 0.127 0.074 0.048 0.034 0.026 0.021 0.018 0.016 0.015 0.014 0.013 0.012 0.011 0.010 0.010 0.009 0.008 0.007 0.006 0.006 0.005 0.005 0.005 0.005 0.005 0.005 0.006 0.006 0.007 0.008 0.009 0.011 0.013 0.016 0.019 0.022 0.026 0.029 0.032 0.035 0.039 0.043 0.050 0.060 0.075 0.095 0.122 0.158 0.202
9.633 11.121 12.678 14.215 15.632 16.809 17.617 18.004 18.066 18.003 17.871 17.652 17.211 16.475 15.554 14.581 13.530 12.201 10.379 7.990 5.521 3.504 2.099 1.210 0.674 0.357 0.180 0.093 0.055 0.037 0.027 0.022 0.018 0.016 0.014 0.013 0.012 0.011 0.011 0.010 0.009 0.009 0.008 0.007 0.006 0.005 0.005 0.004 0.004 0.003 0.003 0.003 0.003 0.003 0.004 0.004 0.005 0.006 0.007 0.009 0.011 0.013 0.016 0.019 0.022 0.026 0.030 0.033 0.037 0.042 0.049 0.059 0.073 0.091 0.114 0.141 0.174
7.841 9.070 10.435 11.923 13.389 14.647 15.559 16.054 16.184 16.122 15.863 15.391 14.707 13.847 12.862 11.753 10.423 8.624 6.329 4.121 2.479 1.367 0.720 0.387 0.215 0.120 0.067 0.041 0.029 0.022 0.018 0.015 0.014 0.012 0.011 0.010 0.010 0.009 0.009 0.008 0.008 0.007 0.007 0.006 0.005 0.004 0.004 0.003 0.002 0.002 0.002 0.002 0.002 0.002 0.002 0.003 0.003 0.004 0.005 0.007 0.009 0.011 0.013 0.016 0.020 0.023 0.027 0.031 0.036 0.041 0.049 0.059 0.073 0.090 0.110 0.133 0.159
6.144 7.067 8.116 9.302 10.527 11.608 12.441 12.936 13.093 13.018 12.635 11.918 10.939 9.835 8.696 7.467 6.021 4.349 2.747 1.551 0.799 0.396 0.206 0.119 0.073 0.046 0.031 0.023 0.018 0.015 0.013 0.012 0.011 0.010 0.009 0.009 0.008 0.008 0.007 0.007 0.006 0.006 0.005 0.005 0.004 0.003 0.003 0.002 0.002 0.001 0.001 0.001 0.001 0.001 0.001 0.001 0.002 0.003 0.004 0.005 0.007 0.009 0.011 0.014 0.017 0.021 0.025 0.030 0.035 0.041 0.049 0.060 0.073 0.090 0.109 0.130 0.153
4.487 5.011 5.579 6.193 6.828 7.429 7.936 8.264 8.380 8.316 7.940 7.185 6.156 5.119 4.213 3.354 2.454 1.534 0.833 0.411 0.202 0.110 0.067 0.045 0.032 0.024 0.019 0.016 0.013 0.012 0.010 0.009 0.009 0.008 0.007 0.007 0.007 0.006 0.006 0.005 0.005 0.005 0.004 0.004 0.003 0.003 0.002 0.002 0.001 0.001 0.000 0.000 0.000 0.000 0.000 0.001 0.001 0.002 0.003 0.004 0.005 0.007 0.009 0.012 0.015 0.019 0.023 0.028 0.034 0.040 0.049 0.060 0.074 0.090 0.109 0.129 0.152
2.933 3.101 3.279 3.450 3.603 3.746 3.875 3.955 3.978 3.929 3.714 3.270 2.615 1.970 1.479 1.074 0.700 0.394 0.202 0.106 0.062 0.041 0.030 0.024 0.019 0.016 0.014 0.012 0.010 0.009 0.008 0.007 0.007 0.006 0.006 0.005 0.005 0.005 0.004 0.004 0.004 0.003 0.003 0.003 0.002 0.002 0.002 0.001 0.001 0.000 0.000 0.000 0.000 0.000 0.000 0.000 0.000 0.001 0.002 0.003 0.004 0.006 0.008 0.010 0.013 0.017 0.021 0.026 0.032 0.040 0.048 0.059 0.073 0.089 0.108 0.130 0.154
1.665 1.642 1.635 1.619 1.583 1.538 1.504 1.473 1.445 1.400 1.295 1.099 0.815 0.564 0.398 0.276 0.176 0.103 0.060 0.039 0.028 0.022 0.019 0.016 0.014 0.012 0.010 0.009 0.008 0.007 0.006 0.006 0.005 0.005 0.004 0.004 0.004 0.004 0.003 0.003 0.003 0.003 0.002 0.002 0.002 0.002 0.001 0.001 0.001 0.000 0.000 0.000 0.000 0.000 0.000 0.000 0.000 0.000 0.001 0.002 0.003 0.004 0.006 0.008 0.011 0.015 0.019 0.024 0.031 0.038 0.047 0.058 0.071 0.087 0.107 0.131 0.159
0.806 0.736 0.688 0.647 0.601 0.548 0.502 0.466 0.437 0.409 0.371 0.310 0.224 0.155 0.111 0.079 0.055 0.038 0.028 0.022 0.018 0.015 0.013 0.012 0.010 0.009 0.008 0.007 0.006 0.005 0.005 0.004 0.004 0.003 0.003 0.003 0.003 0.003 0.002 0.002 0.002 0.002 0.002 0.002 0.002 0.002 0.001 0.001 0.001 0.000 0.000 0.000 0.000 0.000 0.000 0.000 0.000 0.000 0.000 0.001 0.002 0.003 0.004 0.006 0.009 0.013 0.017 0.022 0.028 0.035 0.044 0.054 0.067 0.083 0.104 0.131 0.164
0.332 0.291 0.265 0.244 0.221 0.193 0.168 0.149 0.135 0.123 0.111 0.094 0.072 0.053 0.041 0.033 0.026 0.021 0.017 0.015 0.013 0.011 0.010 0.009 0.008 0.007 0.006 0.005 0.004 0.004 0.003 0.003 0.003 0.002 0.002 0.002 0.002 0.002 0.002 0.002 0.002 0.002 0.002 0.002 0.002 0.002 0.001 0.001 0.001 0.000 0.000 0.000 0.000 0.000 0.000 0.000 0.000 0.000 0.000 0.000 0.001 0.002 0.003 0.005 0.007 0.010 0.014 0.019 0.025 0.031 0.039 0.048 0.059 0.075 0.097 0.126 0.162
0.128 0.112 0.102 0.093 0.084 0.072 0.062 0.055 0.050 0.046 0.042 0.038 0.032 0.027 0.022 0.019 0.017 0.014 0.013 0.011 0.010 0.008 0.007 0.006 0.006 0.005 0.004 0.003 0.003 0.003 0.002 0.002 0.002 0.002 0.002 0.002 0.002 0.002 0.002 0.002 0.002 0.002 0.002 0.002 0.002 0.002 0.001 0.001 0.001 0.000 0.000 0.000 0.000 0.000 0.000 0.000 0.000 0.000 0.000 0.000 0.000 0.001 0.002 0.003 0.005 0.008 0.011 0.015 0.020 0.025 0.031 0.038 0.048 0.061 0.081 0.109 0.147
0.051 0.046 0.042 0.039 0.036 0.032 0.029 0.026 0.025 0.023 0.022 0.021 0.020 0.018 0.016 0.014 0.012 0.011 0.009 0.008 0.007 0.006 0.005 0.005 0.004 0.003 0.003 0.002 0.002 0.002 0.002 0.002 0.002 0.002 0.002 0.002 0.002 0.002 0.002 0.002 0.003 0.003 0.003 0.003 0.003 0.002 0.001 0.001 0.001 0.000 0.000 0.000 0.000 0.000 0.000 0.000 0.000 0.000 0.000 0.000 0.000 0.000 0.001 0.002 0.003 0.005 0.008 0.011 0.014 0.018 0.023 0.028 0.034 0.043 0.057 0.080 0.114
0.023 0.022 0.021 0.020 0.019 0.018 0.017 0.016 0.016 0.015 0.015 0.014 0.014 0.013 0.012 0.011 0.009 0.008 0.007 0.006 0.005 0.004 0.004 0.003 0.003 0.002 0.002 0.002 0.002 0.002 0.002 0.002 0.002 0.002 0.002 0.002 0.003 0.003 0.003 0.004 0.004 0.004 0.003 0.003 0.003 0.002 0.001 0.001 0.000 0.000 0.000 0.000 0.000 0.000 0.000 0.000 0.000 0.000 0.000 0.000 0.000 0.000 0.000 0.001 0.002 0.003 0.005 0.008 0.010 0.013 0.017 0.020 0.024 0.030 0.038 0.051 0.072
0.013 0.013 0.013 0.013 0.013 0.012 0.012 0.011 0.011 0.011 0.011 0.011 0.010 0.010 0.009 0.008 0.007 0.006 0.005 0.004 0.004 0.003 0.003 0.002 0.002 0.002 0.002 0.002 0.002 0.002 0.002 0.003 0.003 0.003 0.004 0.004 0.004 0.005 0.005 0.005 0.005 0.004 0.004 0.003 0.003 0.002 0.001 0.001 0.000 0.000 0.000 0.000 0.000 0.000 0.000 0.000 0.000 0.000 0.000 0.000 0.000 0.000 0.000 0.000 0.001 0.002 0.003 0.005 0.007 0.009 0.012 0.015 0.018 0.021 0.026 0.033 0.045
0.009 0.009 0.009 0.009 0.009 0.009 0.009 0.009 0.009 0.009 0.008 0.008 0.008 0.008 0.007 0.006 0.005 0.004 0.004 0.003 0.003 0.002 0.002 0.002 0.002 0.002 0.003 0.003 0.003 0.004 0.004 0.005 0.005 0.006 0.006 0.006 0.006 0.006 0.006 0.005 0.005 0.004 0.004 0.003 0.002 0.002 0.001 0.001 0.000 0.000 0.000 0.000 0.000 0.000 0.000 0.000 0.000 0.000 0.000 0.000 0.000 0.000 0.000 0.000 0.000 0.001 0.002 0.003 0.005 0.007 0.009 0.011 0.013 0.016 0.019 0.023 0.029
0.007 0.007 0.007 0.007 0.007 0.007 0.007 0.007 0.007 0.007 0.007 0.006 0.006 0.006 0.005 0.005 0.004 0.003 0.003 0.002 0.002 0.002 0.002 0.003 0.003 0.004 0.005 0.006 0.006 0.007 0.008 0.008 0.008 0.008 0.008 0.007 0.007 0.006 0.006 0.005 0.005 0.004 0.003 0.003 0.002 0.001 0.001 0.000 0.000 0.000 0.000 0.000 0.000 0.000 0.000 0.000 0.000 0.000 0.000 0.000 0.000 0.000 0.000 0.000 0.000 0.000 0.001 0.002 0.003 0.004 0.006 0.008 0.010 0.012 0.014 0.017 0.021
0.005 0.005 0.005 0.005 0.006 0.006 0.006 0.005 0.005 0.005 0.005 0.005 0.005 0.004 0.004 0.003 0.003 0.002 0.002 0.002 0.002 0.002 0.003 0.004 0.005 0.007 0.008 0.009 0.010 0.010 0.010 0.010 0.009 0.009 0.008 0.008 0.007 0.006 0.006 0.005 0.004 0.003 0.003 0.002 0.001 0.001 0.001 0.000 0.000 0.000 0.000 0.000 0.000 0.000 0.000 0.000 0.000 0.000 0.000 0.000 0.000 0.000 0.000 0.000 0.000 0.000 0.000 0.001 0.002 0.003 0.004 0.005 0.007 0.008 0.010 0.013 0.015
0.004 0.004 0.004 0.004 0.004 0.004 0.004 0.004 0.004 0.004 0.004 0.004 0.003 0.003 0.003 0.002 0.002 0.002 0.002 0.002 0.003 0.004 0.005 0.007 0.009 0.010 0.011 0.012 0.012 0.011 0.011 0.010 0.009 0.009 0.008 0.008 0.007 0.006 0.005 0.004 0.004 0.003 0.002 0.001 0.001 0.001 0.000 0.000 0.000 0.000 0.000 0.000 0.000 0.000 0.000 0.000 0.000 0.000 0.000 0.000 0.000 0.000 0.000 0.000 0.000 0.000 0.000 0.000 0.001 0.002 0.002 0.003 0.005 0.006 0.008 0.009 0.011
0.003 0.003 0.003 0.003 0.003 0.003 0.003 0.003 0.003 0.003 0.003 0.003 0.003 0.002 0.002 0.002 0.002 0.002 0.002 0.003 0.004 0.006 0.008 0.010 0.011 0.012 0.012 0.012 0.012 0.012 0.011 0.010 0.009 0.009 0.008 0.007 0.006 0.006 0.004 0.003 0.003 0.002 0.001 0.001 0.001 0.000 0.000 0.000 0.000 0.000 0.000 0.000 0.000 0.000 0.000 0.000 0.000 0.000 0.000 0.000 0.000 0.000 0.000 0.000 0.000 0.000 0.000 0.000 0.000 0.001 0.001 0.002 0.003 0.004 0.005 0.007 0.008
0.002 0.003 0.003 0.003 0.003 0.003 0.003 0.003 0.002 0.002 0.002 0.002 0.002 0.002 0.002 0.002 0.002 0.002 0.003 0.005 0.006 0.008 0.010 0.011 0.012 0.012 0.012 0.012 0.012 0.012 0.011 0.010 0.009 0.008 0.007 0.006 0.005 0.004 0.003 0.002 0.002 0.001 0.001 0.001 0.000 0.000 0.000 0.000 0.000 0.000 0.000 0.000 0.000 0.000 0.000 0.000 0.000 0.000 0.000 0.000 0.000 0.000 0.000 0.000 0.000 0.000 0.000 0.000 0.000 0.000 0.000 0.001 0.002 0.002 0.003 0.005 0.006
0.002 0.002 0.002 0.002 0.002 0.002 0.002 0.002 0.002 0.002 0.002 0.002 0.002 0.001 0.001 0.002 0.002 0.003 0.004 0.006 0.007 0.009 0.010 0.011 0.012 0.012 0.012 0.012 0.012 0.011 0.010 0.009 0.008 0.007 0.005 0.004 0.003 0.003 0.002 0.001 0.001 0.001 0.001 0.000 0.000 0.000 0.000 0.000 0.000 0.000 0.000 0.000 0.000 0.000 0.000 0.000 0.000 0.000 0.000 0.000 0.000 0.000 0.000 0.000 0.000 0.000 0.000 0.000 0.000 0.000 0.000 0.000 0.001 0.001 0.002 0.003 0.004
0.001 0.002 0.002 0.002 0.002 0.002 0.002 0.002 0.002 0.002 0.002 0.001 0.001 0.001 0.002 0.002 0.002 0.003 0.005 0.006 0.008 0.009 0.010 0.011 0.011 0.012 0.012 0.011 0.011 0.010 0.009 0.007 0.006 0.004 0.003 0.002 0.002 0.001 0.001 0.001 0.001 0.001 0.000 0.000 0.000 0.000 0.000 0.000 0.000 0.000 0.000 0.000 0.000 0.000 0.000 0.000 0.000 0.000 0.000 0.000 0.000 0.000 0.000 0.000 0.000 0.000 0.000 0.000 0.000 0.000 0.000 0.000 0.000 0.000 0.001 0.002 0.002
0.001 0.001 0.001 0.001 0.001 0.001 0.001 0.001 0.001 0.001 0.001 0.001 0.001 0.001 0.002 0.002 0.002 0.003 0.005 0.006 0.008 0.009 0.009 0.010 0.010 0.010 0.010 0.009 0.009 0.008 0.006 0.005 0.003 0.002 0.002 0.001 0.001 0.001 0.001 0.001 0.000 0.000 0.000 0.000 0.000 0.000 0.000 0.000 0.000 0.000 0.000 0.000 0.000 0.000 0.000 0.000 0.000 0.000 0.000 0.000 0.000 0.000 0.000 0.000 0.000 0.000 0.000 0.000 0.000 0.000 0.000 0.000 0.000 0.000 0.000 0.001 0.001
0.001 0.001 0.001 0.001 0.001 0.001 0.001 0.001 0.001 0.001 0.001 0.001 0.001 0.001 0.002 0.002 0.002 0.003 0.004 0.006 0.007 0.008 0.008 0.008 0.007 0.007 0.006 0.005 0.005 0.004 0.003 0.002 0.002 0.001 0.001 0.001 0.001 0.001 0.000 0.000 0.000 0.000 0.000 0.000 0.000 0.000 0.000 0.000 0.000 0.000 0.000 0.000 0.000 0.000 0.000 0.000 0.000 0.000 0.000 0.000 0.000 0.000 0.000 0.000 0.000 0.000 0.000 0.000 0.000 0.000 0.000 0.000 0.000 0.000 0.000 0.000 0.000
