RESULTS/r.avaflow_results/12_results/12_ascii/12_hflow10011.asc
ncols 506
nrows 317
xllcenter 498237.50
yllcenter 5580050.00
cellsize 12.50
NODATA_value -9999.000
[rows 170 to 203 of 317, columns 77 to 153 of 506]
0.000 0.000 0.000 0.000 0.000 0.000 0.000 0.000 0.000 0.000 0.000 0.000 0.000 0.000 0.000 0.000 0.000 0.001 0.002 0.003 0.007 0.014 0.030 0.063 0.120 0.174 0.201 0.211 0.214 0.214 0.210 0.200 0.192 0.191 0.202 0.239 0.319 0.453 0.646 0.875 1.076 1.253 1.421 1.582 1.727 1.855 1.984 2.160 2.446 2.906 3.582 4.513 5.739 7.076 8.106 8.832 9.329 9.675 9.871 9.958 9.978 9.948 9.830 9.542 9.054 8.351 7.433 6.342 5.260 4.324 3.520 2.837 2.265 1.792 1.407 1.086 0.822
0.000 0.000 0.000 0.000 0.000 0.000 0.000 0.000 0.000 0.000 0.000 0.000 0.000 0.000 0.000 0.000 0.001 0.003 0.006 0.010 0.019 0.036 0.069 0.127 0.212 0.282 0.320 0.338 0.344 0.344 0.339 0.327 0.320 0.323 0.346 0.412 0.543 0.759 1.070 1.419 1.705 1.949 2.179 2.402 2.617 2.839 3.086 3.414 3.892 4.556 5.415 6.475 7.654 8.721 9.556 10.197 10.650 10.955 11.137 11.201 11.209 11.157 10.990 10.631 10.042 9.220 8.164 6.922 5.760 4.779 3.966 3.300 2.755 2.299 1.897 1.539 1.229
0.000 0.000 0.000 0.000 0.000 0.000 0.000 0.000 0.000 0.000 0.000 0.000 0.000 0.000 0.000 0.001 0.003 0.007 0.014 0.025 0.044 0.078 0.137 0.227 0.345 0.438 0.496 0.526 0.536 0.537 0.531 0.517 0.513 0.520 0.560 0.663 0.867 1.198 1.678 2.191 2.599 2.932 3.248 3.556 3.865 4.200 4.581 5.069 5.731 6.561 7.543 8.555 9.472 10.216 10.830 11.327 11.689 11.921 12.049 12.077 12.077 12.006 11.780 11.352 10.696 9.793 8.640 7.313 6.123 5.126 4.321 3.689 3.184 2.761 2.389 2.061 1.763
0.000 0.000 0.000 0.000 0.000 0.000 0.000 0.000 0.000 0.000 0.000 0.000 0.000 0.000 0.001 0.003 0.007 0.015 0.028 0.049 0.083 0.142 0.233 0.364 0.529 0.662 0.749 0.795 0.811 0.813 0.806 0.789 0.785 0.798 0.858 1.010 1.307 1.794 2.498 3.233 3.805 4.268 4.693 5.113 5.543 6.002 6.533 7.190 8.022 8.982 9.915 10.657 11.201 11.580 11.896 12.188 12.428 12.579 12.649 12.660 12.630 12.503 12.237 11.782 11.075 10.113 8.900 7.530 6.332 5.336 4.530 3.895 3.399 3.002 2.679 2.418 2.181
0.000 0.000 0.000 0.000 0.000 0.000 0.000 0.000 0.000 0.000 0.000 0.000 0.000 0.001 0.003 0.006 0.014 0.026 0.047 0.082 0.138 0.227 0.359 0.545 0.780 0.975 1.102 1.168 1.191 1.193 1.180 1.156 1.150 1.168 1.251 1.460 1.869 2.551 3.526 4.565 5.367 6.006 6.574 7.131 7.698 8.303 9.005 9.856 10.736 11.529 12.116 12.523 12.742 12.820 12.809 12.840 12.921 12.985 13.018 13.004 12.930 12.757 12.451 11.960 11.230 10.248 9.006 7.620 6.414 5.414 4.601 3.957 3.461 3.087 2.806 2.586 2.388
0.000 0.000 0.000 0.000 0.000 0.000 0.000 0.000 0.000 0.000 0.000 0.000 0.000 0.001 0.005 0.011 0.022 0.041 0.073 0.125 0.208 0.335 0.522 0.785 1.119 1.393 1.570 1.661 1.692 1.693 1.670 1.627 1.615 1.636 1.739 2.005 2.520 3.338 4.488 5.858 7.062 8.034 8.839 9.565 10.266 10.985 11.733 12.491 13.156 13.640 13.925 14.066 14.061 13.880 13.539 13.309 13.223 13.219 13.208 13.158 13.046 12.853 12.522 12.004 11.266 10.272 9.014 7.624 6.414 5.418 4.606 3.961 3.464 3.095 2.828 2.622 2.444
0.000 0.000 0.000 0.000 0.000 0.000 0.000 0.000 0.000 0.000 0.000 0.000 0.000 0.002 0.006 0.015 0.030 0.057 0.102 0.177 0.294 0.472 0.733 1.099 1.562 1.930 2.164 2.284 2.322 2.322 2.288 2.210 2.177 2.194 2.303 2.588 3.124 3.983 5.216 6.802 8.436 9.801 10.900 11.807 12.595 13.315 13.959 14.508 15.004 15.279 15.368 15.323 15.133 14.698 14.094 13.656 13.410 13.335 13.283 13.202 13.081 12.864 12.512 11.985 11.231 10.216 8.919 7.527 6.330 5.346 4.551 3.922 3.439 3.079 2.814 2.611 2.447
0.000 0.000 0.000 0.000 0.000 0.000 0.000 0.000 0.000 0.000 0.000 0.000 0.000 0.002 0.007 0.017 0.035 0.068 0.125 0.219 0.370 0.604 0.954 1.456 2.090 2.582 2.883 3.035 3.083 3.081 3.031 2.901 2.814 2.816 2.898 3.136 3.628 4.474 5.746 7.455 9.412 11.118 12.470 13.550 14.432 15.120 15.648 16.018 16.283 16.444 16.421 16.274 15.896 15.251 14.460 13.893 13.551 13.394 13.301 13.193 13.051 12.816 12.425 11.858 11.055 9.977 8.616 7.230 6.067 5.123 4.371 3.785 3.339 3.009 2.767 2.584 2.436
0.000 0.000 0.000 0.000 0.000 0.000 0.000 0.000 0.000 0.000 0.000 0.000 0.000 0.002 0.007 0.018 0.037 0.074 0.138 0.248 0.426 0.703 1.122 1.734 2.555 3.267 3.697 3.901 3.959 3.952 3.878 3.687 3.486 3.421 3.451 3.616 4.034 4.829 6.094 7.869 10.056 12.076 13.656 14.848 15.737 16.367 16.789 17.042 17.159 17.235 17.178 16.935 16.410 15.601 14.700 14.025 13.611 13.393 13.259 13.109 12.910 12.623 12.175 11.532 10.637 9.445 8.012 6.658 5.555 4.680 4.005 3.495 3.119 2.848 2.653 2.510 2.399
0.000 0.000 0.000 0.000 0.000 0.000 0.000 0.000 0.000 0.000 0.000 0.000 0.000 0.002 0.007 0.018 0.038 0.075 0.144 0.266 0.464 0.773 1.240 1.927 2.890 3.843 4.461 4.777 4.884 4.887 4.798 4.543 4.175 3.974 3.939 4.028 4.359 5.082 6.308 8.096 10.411 12.670 14.439 15.728 16.610 17.186 17.519 17.654 17.706 17.661 17.583 17.264 16.659 15.777 14.816 14.093 13.631 13.352 13.141 12.905 12.609 12.224 11.673 10.914 9.889 8.544 7.054 5.767 4.752 3.979 3.416 3.018 2.743 2.556 2.433 2.352 2.297
0.000 0.000 0.000 0.000 0.000 0.000 0.000 0.000 0.000 0.000 0.000 0.000 0.000 0.002 0.007 0.017 0.036 0.073 0.143 0.269 0.482 0.818 1.321 2.059 3.109 4.290 5.121 5.573 5.744 5.766 5.687 5.408 4.883 4.490 4.367 4.395 4.635 5.265 6.425 8.176 10.542 12.967 14.849 16.206 17.108 17.625 17.891 17.965 17.998 17.917 17.719 17.333 16.737 15.854 14.852 14.098 13.583 13.205 12.886 12.542 12.117 11.590 10.890 9.965 8.753 7.235 5.749 4.559 3.665 3.028 2.604 2.344 2.197 2.117 2.077 2.069 2.091
0.000 0.000 0.000 0.000 0.000 0.000 0.000 0.000 0.000 0.000 0.000 0.000 0.000 0.001 0.005 0.013 0.029 0.062 0.126 0.252 0.475 0.835 1.374 2.149 3.249 4.618 5.678 6.293 6.546 6.591 6.520 6.222 5.604 5.012 4.760 4.731 4.890 5.421 6.497 8.202 10.563 13.090 15.042 16.441 17.355 17.823 18.049 18.108 18.075 17.999 17.773 17.340 16.720 15.844 14.851 14.053 13.451 12.955 12.498 12.014 11.443 10.738 9.833 8.675 7.217 5.648 4.334 3.338 2.616 2.122 1.811 1.639 1.565 1.551 1.575 1.643 1.755
0.000 0.000 0.000 0.000 0.000 0.000 0.000 0.000 0.000 0.000 0.000 0.000 0.000 0.001 0.002 0.006 0.016 0.037 0.086 0.195 0.419 0.808 1.396 2.212 3.345 4.842 6.138 6.935 7.292 7.371 7.314 7.020 6.349 5.559 5.146 5.050 5.139 5.568 6.540 8.182 10.518 13.096 15.102 16.512 17.410 17.875 18.059 18.088 18.068 17.944 17.665 17.219 16.559 15.712 14.750 13.910 13.195 12.559 11.963 11.335 10.599 9.692 8.555 7.166 5.642 4.286 3.208 2.403 1.830 1.450 1.221 1.102 1.058 1.053 1.075 1.150 1.303
0.000 0.000 0.000 0.000 0.000 0.000 0.000 0.000 0.000 0.000 0.000 0.000 0.000 0.000 0.001 0.002 0.005 0.013 0.037 0.108 0.302 0.711 1.366 2.248 3.415 4.981 6.503 7.501 7.988 8.121 8.081 7.808 7.119 6.147 5.558 5.368 5.398 5.721 6.580 8.125 10.414 13.038 15.065 16.471 17.363 17.841 18.022 18.036 17.998 17.825 17.498 16.974 16.199 15.334 14.455 13.596 12.826 12.070 11.325 10.540 9.649 8.590 7.298 5.811 4.407 3.254 2.364 1.713 1.262 0.970 0.800 0.717 0.688 0.685 0.704 0.764 0.888
0.000 0.000 0.000 0.000 0.000 0.000 0.000 0.000 0.000 0.000 0.000 0.000 0.000 0.000 0.000 0.001 0.001 0.004 0.013 0.047 0.174 0.548 1.260 2.241 3.454 5.054 6.776 7.985 8.629 8.845 8.832 8.593 7.924 6.818 6.014 5.704 5.689 5.922 6.653 8.068 10.232 12.869 14.932 16.332 17.176 17.622 17.790 17.806 17.732 17.482 17.022 16.369 15.551 14.697 13.883 13.059 12.278 11.478 10.638 9.751 8.749 7.578 6.178 4.707 3.458 2.473 1.737 1.213 0.861 0.638 0.511 0.450 0.430 0.428 0.442 0.488 0.581
0.000 0.000 0.000 0.000 0.000 0.000 0.000 0.000 0.000 0.000 0.000 0.000 0.000 0.000 0.000 0.000 0.001 0.002 0.006 0.023 0.096 0.385 1.081 2.157 3.458 5.082 6.955 8.372 9.197 9.517 9.553 9.365 8.752 7.581 6.543 6.108 6.041 6.203 6.822 8.100 10.095 12.594 14.614 15.968 16.769 17.183 17.314 17.318 17.189 16.825 16.203 15.375 14.511 13.720 12.976 12.249 11.522 10.775 9.932 8.992 7.915 6.642 5.173 3.806 2.707 1.873 1.270 0.855 0.583 0.415 0.320 0.273 0.258 0.256 0.266 0.297 0.361
0.000 0.000 0.000 0.000 0.000 0.000 0.000 0.000 0.000 0.000 0.000 0.000 0.000 0.000 0.000 0.000 0.001 0.002 0.006 0.017 0.060 0.255 0.856 1.957 3.388 5.075 7.034 8.636 9.648 10.102 10.196 10.067 9.518 8.351 7.163 6.622 6.511 6.620 7.138 8.257 10.018 12.238 14.121 15.389 16.106 16.447 16.530 16.492 16.269 15.767 14.925 13.877 13.016 12.346 11.726 11.155 10.561 9.904 9.137 8.215 7.093 5.736 4.276 3.044 2.095 1.402 0.920 0.598 0.392 0.268 0.197 0.162 0.148 0.147 0.152 0.169 0.203
0.000 0.000 0.000 0.000 0.000 0.000 0.000 0.000 0.000 0.000 0.000 0.000 0.000 0.000 0.000 0.000 0.001 0.002 0.006 0.017 0.051 0.174 0.623 1.646 3.188 5.025 7.053 8.789 9.982 10.588 10.736 10.645 10.156 9.020 7.794 7.251 7.142 7.230 7.689 8.618 10.051 11.854 13.457 14.551 15.165 15.424 15.442 15.342 14.977 14.272 13.176 11.961 11.123 10.580 10.163 9.774 9.353 8.851 8.193 7.327 6.217 4.834 3.458 2.379 1.585 1.029 0.655 0.413 0.263 0.172 0.121 0.094 0.081 0.078 0.079 0.085 0.097
0.000 0.000 0.000 0.000 0.000 0.000 0.000 0.000 0.000 0.000 0.000 0.000 0.000 0.000 0.000 0.001 0.002 0.004 0.010 0.024 0.056 0.145 0.440 1.273 2.817 4.861 7.000 8.816 10.142 10.891 11.128 11.090 10.679 9.598 8.415 7.964 7.925 8.012 8.350 9.036 10.106 11.414 12.618 13.483 13.941 14.079 14.027 13.814 13.314 12.460 11.238 10.044 9.235 8.721 8.397 8.142 7.876 7.541 7.019 6.263 5.219 3.887 2.679 1.790 1.158 0.732 0.455 0.281 0.174 0.109 0.071 0.050 0.040 0.037 0.036 0.037 0.039
0.000 0.000 0.000 0.000 0.000 0.000 0.000 0.000 0.000 0.000 0.000 0.000 0.000 0.000 0.000 0.001 0.004 0.009 0.020 0.040 0.079 0.162 0.360 0.930 2.276 4.436 6.798 8.740 10.190 11.053 11.385 11.396 11.080 10.159 9.070 8.627 8.536 8.550 8.690 9.175 10.016 10.846 11.545 12.118 12.434 12.480 12.373 12.037 11.465 10.671 9.623 8.523 7.720 7.172 6.796 6.512 6.233 5.962 5.556 4.951 4.045 2.903 1.958 1.280 0.812 0.502 0.306 0.184 0.109 0.062 0.035 0.021 0.016 0.014 0.014 0.014 0.015
0.000 0.000 0.000 0.000 0.000 0.000 0.000 0.000 0.000 0.000 0.000 0.000 0.000 0.000 0.001 0.003 0.008 0.019 0.039 0.073 0.129 0.218 0.383 0.748 1.679 3.576 6.089 8.320 9.983 11.012 11.453 11.503 11.308 10.691 9.742 9.163 8.902 8.760 8.756 9.052 9.620 10.007 10.274 10.545 10.721 10.716 10.565 10.220 9.735 9.101 8.283 7.302 6.484 5.893 5.456 5.110 4.777 4.451 4.060 3.561 2.868 2.029 1.355 0.873 0.545 0.331 0.195 0.111 0.059 0.029 0.014 0.007 0.005 0.005 0.005 0.005 0.006
0.000 0.000 0.000 0.000 0.000 0.000 0.000 0.000 0.000 0.000 0.000 0.000 0.000 0.000 0.001 0.004 0.012 0.029 0.064 0.124 0.214 0.332 0.491 0.766 1.328 2.489 4.474 6.883 8.984 10.408 11.188 11.420 11.333 10.938 10.169 9.460 9.014 8.738 8.611 8.630 8.766 8.776 8.714 8.753 8.828 8.845 8.743 8.499 8.156 7.703 7.084 6.252 5.420 4.782 4.301 3.916 3.563 3.221 2.858 2.441 1.921 1.346 0.893 0.570 0.351 0.208 0.116 0.059 0.026 0.010 0.003 0.002 0.001 0.002 0.002 0.002 0.003
0.000 0.000 0.000 0.000 0.000 0.000 0.000 0.000 0.000 0.000 0.000 0.000 0.000 0.000 0.001 0.005 0.013 0.032 0.075 0.160 0.305 0.498 0.712 0.959 1.351 2.024 3.096 4.683 6.685 8.622 10.049 10.791 10.976 10.781 10.196 9.460 8.905 8.511 8.190 7.937 7.684 7.297 6.894 6.736 6.744 6.807 6.825 6.744 6.593 6.342 5.915 5.247 4.433 3.769 3.282 2.901 2.568 2.257 1.943 1.608 1.225 0.852 0.562 0.355 0.214 0.120 0.061 0.026 0.008 0.002 0.001 0.001 0.001 0.001 0.001 0.001 0.001
0.000 0.000 0.000 0.000 0.000 0.000 0.000 0.000 0.000 0.000 0.000 0.000 0.000 0.000 0.001 0.004 0.012 0.031 0.075 0.166 0.344 0.635 1.015 1.386 1.726 2.172 2.765 3.483 4.427 5.771 7.379 8.782 9.509 9.688 9.419 8.844 8.248 7.756 7.309 6.861 6.378 5.686 5.013 4.702 4.626 4.652 4.724 4.802 4.855 4.802 4.588 4.143 3.466 2.821 2.371 2.041 1.765 1.512 1.264 1.011 0.748 0.515 0.336 0.207 0.118 0.059 0.025 0.008 0.002 0.001 0.001 0.001 0.001 0.001 0.001 0.001 0.001
0.000 0.000 0.000 0.000 0.000 0.000 0.000 0.000 0.000 0.000 0.000 0.000 0.000 0.000 0.001 0.003 0.010 0.026 0.065 0.154 0.338 0.682 1.238 1.868 2.354 2.714 2.965 3.179 3.404 3.672 3.994 4.756 5.734 6.583 6.958 6.848 6.499 6.085 5.672 5.226 4.701 3.943 3.227 2.875 2.749 2.735 2.774 2.873 3.000 3.062 3.020 2.834 2.431 1.921 1.560 1.313 1.117 0.939 0.767 0.595 0.430 0.290 0.183 0.105 0.053 0.022 0.007 0.002 0.001 0.001 0.001 0.001 0.001 0.001 0.001 0.001 0.001
0.000 0.000 0.000 0.000 0.000 0.000 0.000 0.000 0.000 0.000 0.000 0.000 0.000 0.000 0.001 0.001 0.004 0.013 0.039 0.111 0.288 0.654 1.305 2.083 2.612 2.901 3.027 3.044 2.901 2.515 1.851 1.519 1.686 2.217 2.794 3.178 3.334 3.299 3.169 2.951 2.643 2.205 1.730 1.432 1.294 1.259 1.268 1.331 1.457 1.586 1.640 1.604 1.433 1.122 0.869 0.712 0.599 0.500 0.403 0.307 0.216 0.139 0.081 0.042 0.019 0.007 0.003 0.002 0.002 0.001 0.001 0.001 0.001 0.001 0.001 0.001 0.001
0.000 0.000 0.000 0.000 0.000 0.000 0.000 0.000 0.000 0.000 0.000 0.000 0.000 0.000 0.000 0.001 0.001 0.005 0.018 0.065 0.205 0.555 1.247 2.069 2.571 2.801 2.856 2.745 2.320 1.553 0.831 0.469 0.355 0.382 0.548 0.746 0.890 0.995 1.071 1.094 1.045 0.919 0.712 0.542 0.450 0.421 0.421 0.444 0.510 0.613 0.687 0.710 0.672 0.535 0.388 0.303 0.250 0.207 0.165 0.123 0.083 0.051 0.027 0.012 0.004 0.001 0.001 0.001 0.001 0.001 0.001 0.001 0.001 0.001 0.001 0.001 0.001
0.000 0.000 0.000 0.000 0.000 0.000 0.000 0.000 0.000 0.000 0.000 0.000 0.000 0.000 0.000 0.001 0.001 0.003 0.015 0.055 0.182 0.508 1.159 1.879 2.263 2.376 2.320 2.004 1.352 0.709 0.374 0.229 0.176 0.159 0.147 0.145 0.137 0.149 0.190 0.233 0.250 0.241 0.196 0.137 0.103 0.092 0.092 0.099 0.120 0.165 0.209 0.231 0.232 0.196 0.135 0.099 0.078 0.063 0.048 0.034 0.022 0.012 0.005 0.002 0.001 0.002 0.001 0.001 0.001 0.001 0.001 0.001 0.001 0.001 0.001 0.001 0.001
0.000 0.000 0.000 0.000 0.000 0.000 0.000 0.000 0.000 0.000 0.000 0.000 0.000 0.000 0.001 0.001 0.002 0.005 0.019 0.066 0.208 0.555 1.176 1.663 1.839 1.831 1.629 1.152 0.625 0.323 0.195 0.152 0.139 0.132 0.122 0.097 0.058 0.035 0.028 0.034 0.038 0.039 0.036 0.025 0.017 0.014 0.014 0.015 0.019 0.031 0.048 0.058 0.061 0.057 0.040 0.028 0.021 0.016 0.011 0.007 0.004 0.002 0.001 0.001 0.001 0.000 0.001 0.001 0.001 0.001 0.001 0.001 0.001 0.001 0.001 0.001 0.001
0.000 0.000 0.000 0.000 0.000 0.000 0.000 0.000 0.000 0.000 0.000 0.000 0.000 0.001 0.001 0.002 0.004 0.011 0.035 0.108 0.307 0.752 1.285 1.543 1.598 1.519 1.187 0.664 0.323 0.181 0.134 0.123 0.122 0.118 0.107 0.079 0.043 0.023 0.015 0.011 0.010 0.009 0.008 0.005 0.003 0.002 0.002 0.002 0.003 0.004 0.009 0.013 0.014 0.014 0.011 0.007 0.005 0.004 0.002 0.001 0.001 0.001 0.001 0.001 0.001 0.001 0.001 0.001 0.001 0.001 0.001 0.001 0.001 0.001 0.001 0.001 0.001
0.000 0.000 0.000 0.000 0.000 0.000 0.000 0.000 0.000 0.000 0.000 0.001 0.001 0.002 0.003 0.004 0.009 0.024 0.067 0.180 0.448 0.946 1.329 1.449 1.435 1.262 0.811 0.378 0.190 0.127 0.111 0.109 0.109 0.106 0.092 0.062 0.032 0.018 0.012 0.009 0.007 0.006 0.005 0.003 0.002 0.002 0.001 0.001 0.001 0.001 0.001 0.002 0.003 0.003 0.003 0.002 0.001 0.001 0.001 0.001 0.001 0.001 0.001 0.001 0.001 0.001 0.001 0.001 0.001 0.001 0.001 0.001 0.001 0.001 0.001 0.001 0.001
0.000 0.000 0.000 0.000 0.000 0.000 0.000 0.000 0.000 0.001 0.001 0.002 0.002 0.004 0.006 0.010 0.021 0.047 0.114 0.266 0.585 1.038 1.282 1.333 1.270 0.970 0.497 0.226 0.130 0.102 0.099 0.100 0.100 0.096 0.080 0.048 0.025 0.014 0.010 0.008 0.006 0.005 0.004 0.003 0.001 0.001 0.001 0.001 0.001 0.001 0.001 0.001 0.001 0.001 0.001 0.000 0.000 0.000 0.001 0.001 0.001 0.001 0.001 0.001 0.001 0.001 0.001 0.001 0.001 0.001 0.001 0.001 0.001 0.001 0.001 0.001 0.001
0.000 0.000 0.000 0.000 0.000 0.000 0.000 0.001 0.001 0.002 0.003 0.004 0.006 0.009 0.013 0.022 0.040 0.080 0.169 0.355 0.710 1.061 1.188 1.190 1.059 0.672 0.299 0.148 0.100 0.089 0.090 0.093 0.093 0.087 0.068 0.037 0.019 0.012 0.008 0.007 0.006 0.005 0.004 0.002 0.001 0.001 0.001 0.001 0.001 0.001 0.001 0.001 0.001 0.000 0.000 0.000 0.000 0.000 0.000 0.001 0.001 0.001 0.001 0.001 0.001 0.001 0.001 0.001 0.001 0.001 0.001 0.001 0.001 0.001 0.001 0.001 0.001
0.000 0.000 0.000 0.000 0.001 0.001 0.001 0.002 0.003 0.004 0.006 0.008 0.011 0.017 0.025 0.038 0.062 0.113 0.223 0.456 0.812 1.039 1.097 1.064 0.842 0.432 0.189 0.106 0.084 0.080 0.083 0.087 0.086 0.079 0.057 0.029 0.015 0.010 0.007 0.006 0.005 0.005 0.004 0.002 0.001 0.001 0.001 0.001 0.001 0.001 0.001 0.001 0.001 0.001 0.000 0.000 0.000 0.000 0.000 0.000 0.001 0.001 0.001 0.001 0.001 0.001 0.001 0.001 0.001 0.001 0.001 0.001 0.001 0.001 0.000 0.000 0.001
