RESULTS/r.avaflow_results/12_results/12_ascii/12_hflow10051.asc
ncols 506
nrows 317
xllcenter 498237.50
yllcenter 5580050.00
cellsize 12.50
NODATA_value -9999.000
[rows 170 to 203 of 317, columns 154 to 230 of 506]
1.879 1.679 1.506 1.355 1.220 1.098 0.985 0.879 0.781 0.689 0.604 0.526 0.455 0.390 0.331 0.277 0.229 0.187 0.149 0.116 0.087 0.063 0.045 0.033 0.024 0.018 0.014 0.012 0.011 0.011 0.010 0.010 0.010 0.010 0.009 0.009 0.010 0.010 0.010 0.009 0.009 0.009 0.008 0.008 0.007 0.006 0.005 0.005 0.004 0.003 0.003 0.002 0.002 0.002 0.001 0.001 0.001 0.001 0.001 0.001 0.001 0.001 0.001 0.001 0.001 0.001 0.001 0.001 0.001 0.001 0.000 0.000 0.000 0.000 0.000 0.000 0.000
2.014 1.818 1.644 1.484 1.336 1.197 1.068 0.948 0.838 0.737 0.645 0.562 0.487 0.420 0.360 0.306 0.258 0.215 0.177 0.143 0.112 0.086 0.064 0.046 0.034 0.025 0.019 0.015 0.013 0.012 0.012 0.011 0.011 0.010 0.010 0.010 0.010 0.010 0.010 0.009 0.009 0.008 0.008 0.007 0.006 0.005 0.004 0.003 0.002 0.002 0.002 0.001 0.001 0.001 0.001 0.001 0.001 0.001 0.001 0.001 0.001 0.001 0.001 0.001 0.001 0.001 0.001 0.001 0.000 0.000 0.000 0.000 0.000 0.000 0.000 0.000 0.000
2.111 1.917 1.737 1.565 1.402 1.251 1.111 0.983 0.866 0.761 0.666 0.581 0.505 0.437 0.376 0.321 0.273 0.230 0.192 0.159 0.128 0.102 0.078 0.059 0.044 0.033 0.024 0.018 0.015 0.013 0.012 0.011 0.011 0.010 0.010 0.010 0.010 0.009 0.009 0.009 0.008 0.007 0.006 0.006 0.005 0.004 0.003 0.002 0.001 0.001 0.001 0.001 0.001 0.001 0.001 0.001 0.001 0.001 0.001 0.001 0.001 0.001 0.001 0.001 0.000 0.000 0.000 0.000 0.000 0.000 0.000 0.000 0.000 0.000 0.000 0.000 0.000
2.171 1.975 1.788 1.609 1.440 1.284 1.141 1.011 0.892 0.785 0.688 0.601 0.522 0.452 0.389 0.333 0.283 0.239 0.201 0.167 0.137 0.111 0.088 0.068 0.051 0.038 0.028 0.021 0.016 0.013 0.012 0.011 0.011 0.010 0.010 0.009 0.009 0.008 0.008 0.007 0.006 0.005 0.004 0.003 0.003 0.002 0.001 0.001 0.001 0.001 0.001 0.001 0.001 0.001 0.001 0.001 0.001 0.001 0.000 0.000 0.000 0.000 0.000 0.000 0.000 0.000 0.000 0.000 0.000 0.000 0.000 0.000 0.000 0.000 0.000 0.000 0.000
2.193 1.998 1.810 1.632 1.464 1.310 1.167 1.037 0.917 0.807 0.708 0.619 0.538 0.466 0.401 0.343 0.292 0.247 0.207 0.172 0.142 0.116 0.093 0.073 0.056 0.042 0.031 0.023 0.017 0.013 0.011 0.010 0.010 0.009 0.008 0.008 0.007 0.007 0.006 0.005 0.004 0.003 0.002 0.002 0.001 0.001 0.001 0.001 0.001 0.001 0.001 0.001 0.001 0.001 0.000 0.000 0.000 0.000 0.000 0.000 0.000 0.000 0.000 0.000 0.000 0.000 0.000 0.000 0.000 0.000 0.000 0.000 0.000 0.000 0.000 0.000 0.000
2.196 2.003 1.820 1.647 1.485 1.333 1.191 1.061 0.940 0.828 0.727 0.635 0.553 0.478 0.411 0.352 0.299 0.252 0.211 0.176 0.145 0.118 0.095 0.075 0.058 0.044 0.032 0.024 0.018 0.013 0.011 0.009 0.008 0.007 0.006 0.005 0.005 0.004 0.003 0.003 0.002 0.002 0.001 0.001 0.001 0.001 0.001 0.001 0.001 0.001 0.001 0.001 0.000 0.000 0.000 0.000 0.000 0.000 0.000 0.000 0.000 0.000 0.000 0.000 0.000 0.000 0.000 0.000 0.000 0.000 0.000 0.000 0.000 0.000 0.000 0.000 0.000
2.195 2.002 1.824 1.657 1.500 1.351 1.212 1.081 0.960 0.848 0.744 0.650 0.564 0.488 0.419 0.358 0.303 0.256 0.214 0.178 0.147 0.120 0.097 0.077 0.059 0.045 0.033 0.024 0.018 0.013 0.010 0.008 0.006 0.005 0.004 0.003 0.003 0.002 0.002 0.002 0.001 0.001 0.001 0.001 0.001 0.001 0.001 0.001 0.001 0.001 0.001 0.001 0.000 0.000 0.000 0.000 0.000 0.000 0.000 0.000 0.000 0.000 0.000 0.000 0.000 0.000 0.000 0.000 0.000 0.000 0.000 0.000 0.000 0.000 0.000 0.000 0.000
2.187 1.997 1.824 1.663 1.512 1.366 1.229 1.099 0.978 0.864 0.759 0.662 0.575 0.496 0.425 0.362 0.306 0.257 0.215 0.179 0.147 0.121 0.098 0.077 0.060 0.045 0.033 0.024 0.017 0.012 0.009 0.006 0.004 0.003 0.002 0.002 0.001 0.001 0.001 0.001 0.001 0.001 0.001 0.001 0.001 0.001 0.001 0.001 0.001 0.001 0.001 0.000 0.000 0.000 0.000 0.000 0.000 0.000 0.000 0.000 0.000 0.000 0.000 0.000 0.000 0.000 0.000 0.000 0.000 0.000 0.000 0.000 0.000 0.000 0.000 0.000 0.000
2.173 1.988 1.820 1.666 1.519 1.379 1.244 1.116 0.995 0.880 0.773 0.674 0.584 0.502 0.429 0.364 0.307 0.257 0.215 0.178 0.147 0.121 0.098 0.078 0.060 0.044 0.032 0.023 0.016 0.011 0.007 0.004 0.003 0.002 0.001 0.001 0.001 0.001 0.001 0.001 0.001 0.001 0.001 0.001 0.001 0.001 0.001 0.001 0.001 0.001 0.001 0.000 0.000 0.000 0.000 0.000 0.000 0.000 0.000 0.000 0.000 0.000 0.000 0.000 0.000 0.000 0.000 0.000 0.000 0.000 0.000 0.000 0.000 0.000 0.000 0.000 0.000
2.150 1.973 1.810 1.662 1.522 1.388 1.259 1.134 1.012 0.897 0.787 0.686 0.593 0.508 0.432 0.366 0.307 0.257 0.214 0.177 0.146 0.120 0.097 0.076 0.057 0.041 0.028 0.018 0.012 0.007 0.004 0.002 0.002 0.001 0.001 0.001 0.001 0.001 0.001 0.001 0.001 0.001 0.001 0.001 0.001 0.001 0.001 0.001 0.001 0.001 0.001 0.000 0.000 0.000 0.000 0.000 0.000 0.000 0.000 0.000 0.000 0.000 0.000 0.000 0.000 0.000 0.000 0.000 0.000 0.000 0.000 0.000 0.000 0.000 0.000 0.000 0.000
2.117 1.948 1.794 1.653 1.522 1.397 1.274 1.153 1.031 0.914 0.802 0.698 0.601 0.514 0.436 0.367 0.308 0.256 0.212 0.175 0.143 0.115 0.090 0.068 0.048 0.032 0.019 0.011 0.006 0.003 0.002 0.001 0.001 0.001 0.001 0.001 0.001 0.001 0.001 0.001 0.001 0.001 0.001 0.001 0.001 0.001 0.001 0.001 0.001 0.001 0.001 0.001 0.000 0.000 0.000 0.000 0.000 0.000 0.000 0.000 0.000 0.000 0.000 0.000 0.000 0.000 0.000 0.000 0.000 0.000 0.000 0.000 0.000 0.000 0.000 0.000 0.000
2.073 1.914 1.770 1.638 1.517 1.402 1.288 1.174 1.055 0.932 0.815 0.706 0.607 0.518 0.439 0.369 0.308 0.254 0.208 0.168 0.133 0.102 0.074 0.050 0.032 0.018 0.009 0.005 0.003 0.002 0.001 0.001 0.001 0.001 0.001 0.001 0.001 0.001 0.001 0.001 0.001 0.001 0.001 0.001 0.001 0.001 0.001 0.001 0.001 0.001 0.001 0.001 0.000 0.000 0.000 0.000 0.000 0.000 0.000 0.000 0.000 0.000 0.000 0.000 0.000 0.000 0.000 0.000 0.000 0.000 0.000 0.000 0.000 0.000 0.000 0.000 0.000
2.019 1.870 1.738 1.619 1.509 1.403 1.298 1.190 1.073 0.946 0.822 0.710 0.610 0.520 0.440 0.369 0.306 0.249 0.197 0.151 0.109 0.072 0.044 0.025 0.014 0.007 0.004 0.002 0.001 0.001 0.001 0.001 0.001 0.001 0.001 0.001 0.001 0.001 0.001 0.001 0.001 0.001 0.001 0.001 0.001 0.001 0.001 0.001 0.001 0.001 0.001 0.001 0.001 0.000 0.000 0.000 0.000 0.000 0.000 0.000 0.000 0.000 0.000 0.000 0.000 0.000 0.000 0.000 0.000 0.000 0.000 0.000 0.000 0.000 0.000 0.000 0.000
1.956 1.818 1.697 1.591 1.494 1.398 1.300 1.194 1.078 0.950 0.820 0.704 0.601 0.511 0.431 0.357 0.289 0.224 0.163 0.108 0.063 0.033 0.017 0.009 0.005 0.003 0.002 0.001 0.001 0.001 0.001 0.001 0.001 0.001 0.001 0.001 0.001 0.001 0.001 0.001 0.001 0.001 0.001 0.001 0.001 0.001 0.001 0.001 0.001 0.001 0.001 0.001 0.001 0.001 0.000 0.000 0.000 0.000 0.000 0.000 0.000 0.000 0.000 0.000 0.000 0.000 0.000 0.000 0.000 0.000 0.000 0.000 0.000 0.000 0.000 0.000 0.000
1.885 1.760 1.647 1.545 1.449 1.357 1.261 1.158 1.047 0.920 0.782 0.658 0.552 0.461 0.379 0.301 0.226 0.154 0.092 0.048 0.023 0.011 0.005 0.003 0.002 0.001 0.001 0.001 0.001 0.001 0.001 0.001 0.001 0.001 0.001 0.001 0.001 0.001 0.001 0.001 0.001 0.001 0.001 0.001 0.002 0.002 0.002 0.002 0.002 0.002 0.002 0.001 0.001 0.001 0.000 0.000 0.000 0.000 0.000 0.000 0.000 0.000 0.000 0.000 0.000 0.000 0.000 0.000 0.000 0.000 0.000 0.000 0.000 0.000 0.000 0.000 0.000
1.803 1.680 1.551 1.424 1.305 1.198 1.099 1.000 0.899 0.785 0.652 0.526 0.418 0.326 0.245 0.174 0.112 0.063 0.031 0.014 0.006 0.003 0.002 0.001 0.001 0.001 0.001 0.001 0.001 0.001 0.001 0.001 0.001 0.001 0.001 0.001 0.001 0.001 0.001 0.001 0.002 0.002 0.002 0.002 0.002 0.002 0.002 0.003 0.003 0.003 0.002 0.002 0.002 0.001 0.001 0.000 0.000 0.000 0.000 0.000 0.000 0.000 0.000 0.000 0.000 0.000 0.000 0.000 0.000 0.000 0.000 0.000 0.000 0.000 0.000 0.000 0.000
1.644 1.481 1.300 1.123 0.963 0.831 0.728 0.641 0.562 0.479 0.382 0.284 0.202 0.139 0.093 0.059 0.034 0.017 0.008 0.004 0.002 0.001 0.001 0.001 0.001 0.001 0.001 0.001 0.001 0.001 0.001 0.001 0.001 0.001 0.001 0.002 0.002 0.002 0.002 0.002 0.002 0.002 0.002 0.003 0.003 0.003 0.004 0.004 0.004 0.004 0.004 0.003 0.002 0.001 0.001 0.000 0.000 0.000 0.000 0.000 0.000 0.000 0.000 0.000 0.000 0.000 0.000 0.000 0.000 0.000 0.000 0.000 0.000 0.000 0.000 0.000 0.000
1.284 1.045 0.819 0.628 0.484 0.384 0.313 0.262 0.220 0.180 0.138 0.097 0.065 0.041 0.026 0.016 0.009 0.005 0.002 0.001 0.001 0.001 0.001 0.001 0.001 0.001 0.001 0.001 0.001 0.001 0.001 0.001 0.002 0.002 0.002 0.002 0.002 0.002 0.002 0.003 0.003 0.003 0.004 0.004 0.005 0.005 0.006 0.006 0.007 0.007 0.006 0.004 0.003 0.001 0.001 0.000 0.000 0.000 0.000 0.000 0.000 0.000 0.000 0.000 0.000 0.000 0.000 0.000 0.000 0.000 0.000 0.000 0.000 0.000 0.000 0.000 0.000
0.733 0.526 0.377 0.271 0.197 0.145 0.110 0.087 0.069 0.054 0.039 0.027 0.018 0.011 0.007 0.004 0.003 0.002 0.001 0.001 0.001 0.001 0.001 0.001 0.001 0.001 0.001 0.001 0.002 0.002 0.002 0.002 0.002 0.002 0.002 0.003 0.003 0.003 0.004 0.004 0.005 0.005 0.006 0.007 0.008 0.009 0.010 0.011 0.011 0.010 0.008 0.005 0.003 0.001 0.001 0.000 0.000 0.000 0.000 0.000 0.000 0.000 0.000 0.000 0.000 0.000 0.000 0.000 0.000 0.000 0.000 0.000 0.000 0.000 0.000 0.000 0.000
0.328 0.223 0.154 0.107 0.075 0.053 0.038 0.028 0.021 0.016 0.012 0.008 0.005 0.004 0.002 0.002 0.001 0.001 0.001 0.001 0.001 0.001 0.001 0.001 0.001 0.002 0.002 0.002 0.002 0.002 0.003 0.003 0.003 0.004 0.004 0.004 0.005 0.006 0.007 0.008 0.009 0.010 0.012 0.013 0.015 0.017 0.018 0.019 0.017 0.013 0.008 0.005 0.003 0.001 0.000 0.000 0.000 0.000 0.000 0.000 0.000 0.000 0.000 0.000 0.000 0.000 0.000 0.000 0.000 0.000 0.000 0.000 0.000 0.000 0.000 0.000 0.000
0.132 0.088 0.060 0.042 0.029 0.020 0.014 0.010 0.007 0.005 0.004 0.003 0.002 0.002 0.001 0.001 0.001 0.001 0.001 0.001 0.001 0.001 0.001 0.002 0.002 0.002 0.002 0.003 0.003 0.004 0.004 0.005 0.005 0.006 0.007 0.008 0.010 0.012 0.014 0.016 0.019 0.022 0.025 0.027 0.029 0.030 0.029 0.026 0.020 0.014 0.009 0.005 0.003 0.001 0.000 0.000 0.000 0.000 0.000 0.000 0.000 0.000 0.000 0.000 0.000 0.000 0.000 0.000 0.000 0.000 0.000 0.000 0.000 0.000 0.000 0.000 0.000
0.052 0.035 0.024 0.016 0.011 0.008 0.005 0.004 0.003 0.002 0.002 0.002 0.001 0.001 0.001 0.001 0.001 0.001 0.001 0.001 0.001 0.002 0.002 0.002 0.003 0.003 0.004 0.005 0.005 0.006 0.008 0.009 0.011 0.013 0.015 0.018 0.022 0.027 0.032 0.037 0.041 0.045 0.047 0.047 0.045 0.041 0.036 0.029 0.021 0.014 0.009 0.005 0.003 0.001 0.000 0.000 0.000 0.000 0.000 0.000 0.000 0.000 0.000 0.000 0.000 0.000 0.000 0.000 0.000 0.000 0.000 0.000 0.000 0.000 0.000 0.000 0.000
0.021 0.014 0.010 0.007 0.005 0.004 0.003 0.002 0.002 0.001 0.001 0.001 0.001 0.001 0.001 0.001 0.001 0.001 0.001 0.002 0.002 0.002 0.003 0.003 0.004 0.005 0.007 0.009 0.011 0.014 0.017 0.021 0.025 0.030 0.036 0.042 0.050 0.059 0.066 0.071 0.072 0.069 0.065 0.060 0.054 0.047 0.039 0.029 0.020 0.013 0.009 0.005 0.003 0.001 0.000 0.000 0.000 0.000 0.000 0.000 0.000 0.000 0.000 0.000 0.000 0.000 0.000 0.000 0.000 0.000 0.000 0.000 0.000 0.000 0.000 0.000 0.000
0.009 0.006 0.005 0.003 0.003 0.002 0.002 0.001 0.001 0.001 0.001 0.001 0.001 0.001 0.001 0.001 0.001 0.002 0.002 0.002 0.003 0.003 0.004 0.006 0.008 0.011 0.014 0.019 0.025 0.032 0.040 0.050 0.060 0.070 0.080 0.091 0.100 0.106 0.105 0.099 0.090 0.081 0.072 0.064 0.056 0.048 0.039 0.029 0.020 0.013 0.008 0.005 0.003 0.001 0.000 0.000 0.000 0.000 0.000 0.000 0.000 0.000 0.000 0.000 0.000 0.000 0.000 0.000 0.000 0.000 0.000 0.000 0.000 0.000 0.000 0.000 0.000
0.004 0.003 0.003 0.002 0.002 0.001 0.001 0.001 0.001 0.001 0.001 0.001 0.001 0.001 0.001 0.002 0.002 0.002 0.003 0.003 0.004 0.006 0.008 0.011 0.017 0.024 0.035 0.049 0.063 0.079 0.095 0.111 0.127 0.139 0.147 0.150 0.146 0.138 0.125 0.110 0.096 0.083 0.073 0.064 0.056 0.047 0.037 0.027 0.019 0.012 0.008 0.004 0.002 0.001 0.000 0.000 0.000 0.000 0.000 0.000 0.000 0.000 0.000 0.000 0.000 0.000 0.000 0.000 0.000 0.000 0.000 0.000 0.000 0.000 0.000 0.000 0.000
0.002 0.002 0.002 0.001 0.001 0.001 0.001 0.001 0.001 0.001 0.001 0.001 0.001 0.001 0.002 0.002 0.002 0.003 0.004 0.005 0.007 0.011 0.017 0.026 0.040 0.061 0.088 0.116 0.142 0.164 0.182 0.194 0.200 0.200 0.195 0.184 0.169 0.149 0.129 0.111 0.095 0.082 0.071 0.062 0.053 0.043 0.033 0.024 0.017 0.011 0.007 0.004 0.002 0.001 0.000 0.000 0.000 0.000 0.000 0.000 0.000 0.000 0.000 0.000 0.000 0.000 0.000 0.000 0.000 0.000 0.000 0.000 0.000 0.000 0.000 0.000 0.000
0.002 0.001 0.001 0.001 0.001 0.001 0.001 0.001 0.001 0.001 0.001 0.001 0.002 0.002 0.002 0.003 0.003 0.005 0.006 0.010 0.015 0.024 0.039 0.063 0.097 0.140 0.182 0.215 0.234 0.244 0.248 0.246 0.239 0.228 0.213 0.195 0.173 0.150 0.129 0.110 0.093 0.079 0.067 0.055 0.045 0.035 0.026 0.019 0.013 0.008 0.005 0.003 0.001 0.000 0.000 0.000 0.000 0.000 0.000 0.000 0.000 0.000 0.000 0.000 0.000 0.000 0.000 0.000 0.000 0.000 0.000 0.000 0.000 0.000 0.000 0.000 0.000
0.001 0.001 0.001 0.001 0.001 0.001 0.001 0.001 0.001 0.001 0.002 0.002 0.002 0.002 0.003 0.004 0.005 0.008 0.012 0.020 0.033 0.055 0.089 0.137 0.190 0.235 0.264 0.280 0.286 0.284 0.278 0.266 0.251 0.234 0.215 0.195 0.173 0.149 0.126 0.106 0.088 0.072 0.056 0.043 0.032 0.023 0.016 0.011 0.008 0.005 0.003 0.002 0.001 0.000 0.000 0.000 0.000 0.000 0.000 0.000 0.000 0.000 0.000 0.000 0.000 0.000 0.000 0.000 0.000 0.000 0.000 0.000 0.000 0.000 0.000 0.000 0.000
0.001 0.001 0.001 0.001 0.001 0.001 0.001 0.001 0.002 0.002 0.002 0.002 0.003 0.003 0.004 0.006 0.009 0.015 0.025 0.041 0.069 0.110 0.162 0.215 0.258 0.288 0.302 0.306 0.304 0.298 0.288 0.272 0.254 0.234 0.215 0.194 0.171 0.145 0.119 0.096 0.075 0.056 0.040 0.027 0.018 0.013 0.009 0.006 0.004 0.003 0.002 0.001 0.000 0.000 0.000 0.000 0.000 0.000 0.000 0.000 0.000 0.000 0.000 0.000 0.000 0.000 0.000 0.000 0.000 0.000 0.000 0.000 0.000 0.000 0.000 0.000 0.000
0.001 0.001 0.001 0.001 0.001 0.001 0.001 0.002 0.002 0.002 0.003 0.003 0.004 0.005 0.007 0.010 0.017 0.028 0.046 0.075 0.115 0.163 0.212 0.254 0.285 0.304 0.311 0.311 0.310 0.303 0.291 0.273 0.253 0.231 0.209 0.186 0.160 0.130 0.101 0.074 0.052 0.034 0.022 0.015 0.010 0.007 0.005 0.003 0.002 0.001 0.001 0.000 0.000 0.000 0.000 0.000 0.000 0.000 0.000 0.000 0.000 0.000 0.000 0.000 0.000 0.000 0.000 0.000 0.000 0.000 0.000 0.000 0.000 0.000 0.000 0.000 0.000
0.001 0.001 0.001 0.001 0.001 0.002 0.002 0.002 0.003 0.003 0.004 0.005 0.006 0.007 0.010 0.015 0.025 0.042 0.067 0.102 0.145 0.192 0.232 0.265 0.290 0.305 0.312 0.313 0.312 0.305 0.291 0.271 0.245 0.215 0.185 0.156 0.125 0.094 0.066 0.044 0.028 0.018 0.011 0.008 0.005 0.004 0.003 0.002 0.001 0.001 0.000 0.000 0.000 0.000 0.000 0.000 0.000 0.000 0.000 0.000 0.000 0.000 0.000 0.000 0.000 0.000 0.000 0.000 0.000 0.000 0.000 0.000 0.000 0.000 0.000 0.000 0.000
0.001 0.001 0.001 0.001 0.002 0.002 0.003 0.004 0.004 0.005 0.006 0.007 0.007 0.009 0.012 0.018 0.030 0.050 0.078 0.114 0.158 0.200 0.235 0.265 0.289 0.303 0.309 0.310 0.308 0.298 0.280 0.252 0.215 0.172 0.133 0.098 0.070 0.048 0.032 0.020 0.013 0.009 0.006 0.004 0.003 0.002 0.001 0.001 0.000 0.000 0.000 0.000 0.000 0.000 0.000 0.000 0.000 0.000 0.000 0.000 0.000 0.000 0.000 0.000 0.000 0.000 0.000 0.000 0.000 0.000 0.000 0.000 0.000 0.000 0.000 0.000 0.000
0.001 0.001 0.001 0.002 0.003 0.004 0.005 0.005 0.006 0.007 0.007 0.008 0.008 0.010 0.013 0.019 0.032 0.052 0.080 0.117 0.160 0.200 0.232 0.257 0.274 0.282 0.283 0.280 0.272 0.257 0.233 0.199 0.152 0.104 0.069 0.045 0.030 0.020 0.013 0.009 0.006 0.004 0.003 0.002 0.001 0.001 0.001 0.000 0.000 0.000 0.000 0.000 0.000 0.000 0.000 0.000 0.000 0.000 0.000 0.000 0.000 0.000 0.000 0.000 0.000 0.000 0.000 0.000 0.000 0.000 0.000 0.000 0.000 0.000 0.000 0.000 0.000
0.001 0.001 0.002 0.003 0.004 0.005 0.006 0.007 0.007 0.008 0.008 0.008 0.009 0.010 0.013 0.019 0.031 0.051 0.079 0.114 0.154 0.186 0.209 0.222 0.226 0.221 0.211 0.198 0.182 0.164 0.141 0.112 0.077 0.049 0.029 0.018 0.011 0.008 0.005 0.004 0.002 0.002 0.001 0.001 0.001 0.000 0.000 0.000 0.000 0.000 0.000 0.000 0.000 0.000 0.000 0.000 0.000 0.000 0.000 0.000 0.000 0.000 0.000 0.000 0.000 0.000 0.000 0.000 0.000 0.000 0.000 0.000 0.000 0.000 0.000 0.000 0.000
