RESULTS/r.avaflow_results/12_results/12_ascii/12_hflow30046.asc
ncols 506
nrows 317
xllcenter 498237.50
yllcenter 5580050.00
cellsize 12.50
NODATA_value -9999.000
[rows 136 to 169 of 317, columns 154 to 230 of 506]
0.000 0.000 0.000 0.000 0.000 0.000 0.000 0.000 0.000 0.000 0.000 0.000 0.000 0.000 0.000 0.000 0.000 0.000 0.000 0.000 0.000 0.000 0.000 0.000 0.000 0.000 0.000 0.000 0.000 0.000 0.000 0.000 0.000 0.000 0.000 0.000 0.000 0.000 0.000 0.000 0.000 0.000 0.000 0.000 0.000 0.000 0.000 0.000 0.000 0.000 0.000 0.000 0.000 0.000 0.000 0.000 0.000 0.000 0.000 0.000 0.000 0.000 0.000 0.000 0.000 0.000 0.000 0.000 0.000 0.000 0.000 0.000 0.000 0.000 0.000 0.000 0.000
0.000 0.000 0.000 0.000 0.000 0.000 0.000 0.000 0.000 0.000 0.000 0.000 0.000 0.000 0.000 0.000 0.000 0.000 0.000 0.000 0.000 0.000 0.000 0.000 0.000 0.000 0.000 0.000 0.000 0.000 0.000 0.000 0.000 0.000 0.000 0.000 0.000 0.000 0.000 0.000 0.000 0.000 0.000 0.000 0.000 0.000 0.000 0.000 0.000 0.000 0.000 0.000 0.000 0.000 0.000 0.000 0.000 0.000 0.000 0.000 0.000 0.000 0.000 0.000 0.000 0.000 0.000 0.000 0.000 0.000 0.000 0.000 0.000 0.000 0.000 0.000 0.000
0.000 0.000 0.000 0.000 0.000 0.000 0.000 0.000 0.000 0.000 0.000 0.000 0.000 0.000 0.000 0.000 0.000 0.000 0.000 0.000 0.000 0.000 0.000 0.000 0.000 0.000 0.000 0.000 0.000 0.000 0.000 0.000 0.000 0.000 0.000 0.000 0.000 0.000 0.000 0.000 0.000 0.000 0.000 0.000 0.000 0.000 0.000 0.000 0.000 0.000 0.000 0.000 0.000 0.000 0.000 0.000 0.000 0.000 0.000 0.000 0.000 0.000 0.000 0.000 0.000 0.000 0.000 0.000 0.000 0.000 0.000 0.000 0.000 0.000 0.000 0.000 0.000
0.000 0.000 0.000 0.000 0.000 0.000 0.000 0.000 0.000 0.000 0.000 0.000 0.000 0.000 0.000 0.000 0.000 0.000 0.000 0.000 0.000 0.000 0.000 0.000 0.000 0.000 0.000 0.000 0.000 0.000 0.000 0.000 0.000 0.000 0.000 0.000 0.000 0.000 0.000 0.000 0.000 0.000 0.000 0.000 0.000 0.000 0.000 0.000 0.000 0.000 0.000 0.000 0.000 0.000 0.000 0.000 0.000 0.000 0.000 0.000 0.000 0.000 0.000 0.000 0.000 0.000 0.000 0.000 0.000 0.000 0.000 0.000 0.000 0.000 0.000 0.000 0.000
0.000 0.000 0.000 0.000 0.000 0.000 0.000 0.000 0.000 0.000 0.000 0.000 0.000 0.000 0.000 0.000 0.000 0.000 0.000 0.000 0.000 0.000 0.000 0.000 0.000 0.000 0.000 0.000 0.000 0.000 0.000 0.000 0.000 0.000 0.000 0.000 0.000 0.000 0.000 0.000 0.000 0.000 0.000 0.000 0.000 0.000 0.000 0.000 0.000 0.000 0.000 0.000 0.000 0.000 0.000 0.000 0.000 0.000 0.000 0.000 0.000 0.000 0.000 0.000 0.000 0.000 0.000 0.000 0.000 0.000 0.000 0.000 0.000 0.000 0.000 0.000 0.000
0.000 0.000 0.000 0.000 0.000 0.000 0.000 0.000 0.000 0.000 0.000 0.000 0.000 0.000 0.000 0.000 0.000 0.000 0.000 0.000 0.000 0.000 0.000 0.000 0.000 0.000 0.000 0.000 0.000 0.000 0.000 0.000 0.000 0.000 0.000 0.000 0.000 0.000 0.000 0.000 0.000 0.000 0.000 0.000 0.000 0.000 0.000 0.000 0.000 0.000 0.000 0.000 0.000 0.000 0.000 0.000 0.000 0.000 0.000 0.000 0.000 0.000 0.000 0.000 0.000 0.000 0.000 0.000 0.000 0.000 0.000 0.000 0.000 0.000 0.000 0.000 0.000
0.000 0.000 0.000 0.000 0.000 0.000 0.000 0.000 0.000 0.000 0.000 0.000 0.000 0.000 0.000 0.000 0.000 0.000 0.000 0.000 0.000 0.000 0.000 0.000 0.000 0.000 0.000 0.000 0.000 0.000 0.000 0.000 0.000 0.000 0.000 0.000 0.000 0.000 0.000 0.000 0.000 0.000 0.000 0.000 0.000 0.000 0.000 0.000 0.000 0.000 0.000 0.000 0.000 0.000 0.000 0.000 0.000 0.000 0.000 0.000 0.000 0.000 0.000 0.000 0.000 0.000 0.000 0.000 0.000 0.000 0.000 0.000 0.000 0.000 0.000 0.000 0.000
0.000 0.000 0.000 0.000 0.000 0.000 0.000 0.000 0.000 0.000 0.000 0.000 0.000 0.000 0.000 0.000 0.000 0.000 0.000 0.000 0.000 0.000 0.000 0.000 0.000 0.000 0.000 0.000 0.000 0.000 0.000 0.000 0.000 0.000 0.000 0.000 0.000 0.000 0.000 0.000 0.000 0.000 0.000 0.000 0.000 0.000 0.000 0.000 0.000 0.000 0.000 0.000 0.000 0.000 0.000 0.000 0.000 0.000 0.000 0.000 0.000 0.000 0.000 0.000 0.000 0.000 0.000 0.000 0.000 0.000 0.000 0.000 0.000 0.000 0.000 0.000 0.000
0.000 0.000 0.000 0.000 0.000 0.000 0.000 0.000 0.000 0.000 0.000 0.000 0.000 0.000 0.000 0.000 0.000 0.000 0.000 0.000 0.000 0.000 0.000 0.000 0.000 0.000 0.000 0.000 0.000 0.000 0.000 0.000 0.000 0.000 0.000 0.000 0.000 0.000 0.000 0.000 0.000 0.000 0.000 0.000 0.000 0.000 0.000 0.000 0.000 0.000 0.000 0.000 0.000 0.000 0.000 0.000 0.000 0.000 0.000 0.000 0.000 0.000 0.000 0.000 0.000 0.000 0.000 0.000 0.000 0.000 0.000 0.000 0.000 0.000 0.000 0.000 0.000
0.000 0.000 0.000 0.000 0.000 0.000 0.000 0.000 0.000 0.000 0.000 0.000 0.000 0.000 0.000 0.000 0.000 0.000 0.000 0.000 0.000 0.000 0.000 0.000 0.000 0.000 0.000 0.000 0.000 0.000 0.000 0.000 0.000 0.000 0.000 0.000 0.000 0.000 0.000 0.000 0.000 0.000 0.000 0.000 0.000 0.000 0.000 0.000 0.000 0.000 0.000 0.000 0.000 0.000 0.000 0.000 0.000 0.000 0.000 0.000 0.000 0.000 0.000 0.000 0.000 0.000 0.000 0.000 0.000 0.000 0.000 0.000 0.000 0.000 0.000 0.000 0.000
0.000 0.000 0.000 0.000 0.000 0.000 0.000 0.000 0.000 0.000 0.000 0.000 0.000 0.000 0.000 0.000 0.000 0.000 0.000 0.000 0.000 0.000 0.000 0.000 0.000 0.000 0.000 0.000 0.000 0.000 0.000 0.000 0.000 0.000 0.000 0.000 0.000 0.000 0.000 0.000 0.000 0.000 0.000 0.000 0.000 0.000 0.000 0.000 0.000 0.000 0.000 0.000 0.000 0.000 0.000 0.000 0.000 0.000 0.000 0.000 0.000 0.000 0.000 0.000 0.000 0.000 0.000 0.000 0.000 0.000 0.000 0.000 0.000 0.000 0.000 0.000 0.000
0.000 0.000 0.000 0.000 0.000 0.000 0.000 0.000 0.000 0.000 0.000 0.000 0.000 0.000 0.000 0.000 0.000 0.000 0.000 0.000 0.000 0.000 0.000 0.000 0.000 0.000 0.000 0.000 0.000 0.000 0.000 0.000 0.000 0.000 0.000 0.000 0.000 0.000 0.000 0.000 0.000 0.000 0.000 0.000 0.000 0.000 0.000 0.000 0.000 0.000 0.000 0.000 0.000 0.000 0.000 0.000 0.000 0.000 0.000 0.000 0.000 0.000 0.000 0.000 0.000 0.000 0.000 0.000 0.000 0.000 0.000 0.000 0.000 0.000 0.000 0.000 0.000
0.000 0.000 0.000 0.000 0.000 0.000 0.000 0.000 0.000 0.000 0.000 0.000 0.000 0.000 0.000 0.000 0.000 0.000 0.000 0.000 0.000 0.000 0.000 0.000 0.000 0.000 0.000 0.000 0.000 0.000 0.000 0.000 0.000 0.000 0.000 0.000 0.000 0.000 0.000 0.000 0.000 0.000 0.000 0.000 0.000 0.000 0.000 0.000 0.000 0.000 0.000 0.000 0.000 0.000 0.000 0.000 0.000 0.000 0.000 0.000 0.000 0.000 0.000 0.000 0.000 0.000 0.000 0.000 0.000 0.000 0.000 0.000 0.000 0.000 0.000 0.000 0.000
0.000 0.000 0.000 0.000 0.000 0.000 0.000 0.000 0.000 0.000 0.000 0.000 0.000 0.000 0.000 0.000 0.000 0.000 0.000 0.000 0.000 0.000 0.000 0.000 0.000 0.000 0.000 0.000 0.000 0.000 0.000 0.000 0.000 0.000 0.000 0.000 0.000 0.000 0.000 0.000 0.000 0.000 0.000 0.000 0.000 0.000 0.000 0.000 0.000 0.000 0.000 0.000 0.000 0.000 0.000 0.000 0.000 0.000 0.000 0.000 0.000 0.000 0.000 0.000 0.000 0.000 0.000 0.000 0.000 0.000 0.000 0.000 0.000 0.000 0.000 0.000 0.000
0.001 0.001 0.001 0.001 0.001 0.000 0.000 0.000 0.000 0.000 0.000 0.000 0.000 0.000 0.000 0.000 0.000 0.000 0.000 0.000 0.000 0.000 0.000 0.000 0.000 0.000 0.000 0.000 0.000 0.000 0.000 0.000 0.000 0.000 0.000 0.000 0.000 0.000 0.000 0.000 0.000 0.000 0.000 0.000 0.000 0.000 0.001 0.001 0.001 0.001 0.001 0.001 0.001 0.001 0.001 0.001 0.001 0.001 0.001 0.001 0.001 0.001 0.001 0.001 0.001 0.001 0.001 0.001 0.001 0.001 0.001 0.001 0.001 0.000 0.000 0.000 0.000
0.002 0.002 0.002 0.001 0.001 0.001 0.001 0.001 0.001 0.001 0.000 0.000 0.000 0.000 0.000 0.000 0.000 0.000 0.000 0.000 0.000 0.000 0.000 0.000 0.000 0.000 0.000 0.000 0.000 0.000 0.000 0.000 0.000 0.000 0.000 0.000 0.000 0.000 0.000 0.000 0.000 0.000 0.000 0.001 0.001 0.001 0.002 0.002 0.003 0.003 0.003 0.003 0.003 0.003 0.003 0.003 0.003 0.003 0.003 0.003 0.003 0.003 0.003 0.003 0.003 0.003 0.003 0.003 0.002 0.002 0.002 0.002 0.002 0.001 0.001 0.001 0.001
0.004 0.003 0.003 0.003 0.002 0.002 0.002 0.002 0.001 0.001 0.001 0.001 0.001 0.001 0.001 0.001 0.000 0.000 0.000 0.000 0.000 0.000 0.000 0.000 0.000 0.000 0.000 0.000 0.000 0.000 0.000 0.000 0.000 0.000 0.000 0.000 0.000 0.000 0.000 0.000 0.000 0.001 0.001 0.002 0.002 0.003 0.004 0.004 0.005 0.005 0.005 0.005 0.005 0.005 0.005 0.005 0.005 0.005 0.005 0.005 0.004 0.004 0.004 0.004 0.004 0.004 0.004 0.004 0.004 0.004 0.004 0.003 0.003 0.002 0.002 0.002 0.001
0.005 0.005 0.004 0.004 0.004 0.003 0.003 0.003 0.002 0.002 0.002 0.002 0.002 0.002 0.001 0.001 0.001 0.001 0.001 0.001 0.001 0.001 0.001 0.000 0.000 0.000 0.000 0.000 0.000 0.000 0.000 0.000 0.000 0.000 0.000 0.000 0.000 0.000 0.000 0.001 0.001 0.002 0.002 0.003 0.004 0.005 0.006 0.007 0.007 0.008 0.008 0.008 0.008 0.008 0.008 0.008 0.008 0.007 0.007 0.007 0.007 0.007 0.007 0.007 0.007 0.007 0.007 0.007 0.007 0.006 0.006 0.005 0.005 0.004 0.003 0.003 0.002
0.008 0.007 0.006 0.006 0.005 0.005 0.004 0.004 0.004 0.004 0.003 0.003 0.003 0.003 0.003 0.002 0.002 0.002 0.002 0.002 0.002 0.002 0.001 0.001 0.001 0.001 0.001 0.001 0.000 0.000 0.000 0.000 0.000 0.000 0.000 0.001 0.001 0.001 0.001 0.002 0.002 0.003 0.004 0.005 0.006 0.007 0.009 0.010 0.010 0.011 0.011 0.012 0.012 0.012 0.012 0.011 0.011 0.011 0.010 0.010 0.010 0.010 0.010 0.010 0.010 0.010 0.010 0.010 0.010 0.009 0.009 0.008 0.007 0.006 0.005 0.004 0.003
0.011 0.010 0.009 0.008 0.007 0.006 0.006 0.006 0.005 0.005 0.005 0.005 0.004 0.004 0.004 0.004 0.004 0.004 0.003 0.003 0.003 0.003 0.003 0.002 0.002 0.002 0.002 0.001 0.001 0.001 0.001 0.001 0.001 0.001 0.001 0.002 0.002 0.002 0.003 0.003 0.004 0.005 0.006 0.007 0.009 0.010 0.012 0.013 0.015 0.015 0.016 0.016 0.016 0.016 0.016 0.016 0.016 0.015 0.014 0.014 0.014 0.013 0.013 0.013 0.013 0.014 0.014 0.014 0.014 0.013 0.013 0.011 0.009 0.008 0.007 0.006 0.005
0.017 0.014 0.012 0.011 0.009 0.009 0.008 0.008 0.007 0.007 0.007 0.007 0.006 0.006 0.006 0.006 0.005 0.005 0.005 0.005 0.005 0.004 0.004 0.004 0.003 0.003 0.003 0.003 0.003 0.003 0.003 0.003 0.003 0.003 0.003 0.003 0.004 0.004 0.005 0.005 0.006 0.008 0.009 0.010 0.012 0.014 0.016 0.018 0.020 0.021 0.022 0.023 0.023 0.023 0.023 0.023 0.022 0.021 0.021 0.020 0.019 0.019 0.019 0.019 0.019 0.020 0.020 0.021 0.020 0.019 0.018 0.015 0.012 0.010 0.009 0.008 0.006
0.029 0.022 0.017 0.015 0.013 0.012 0.011 0.010 0.010 0.009 0.009 0.009 0.009 0.008 0.008 0.008 0.008 0.007 0.007 0.007 0.007 0.006 0.006 0.006 0.005 0.005 0.005 0.005 0.005 0.005 0.005 0.005 0.005 0.005 0.005 0.005 0.006 0.006 0.007 0.008 0.009 0.011 0.012 0.014 0.016 0.018 0.021 0.024 0.026 0.028 0.030 0.031 0.032 0.033 0.033 0.032 0.032 0.031 0.030 0.029 0.028 0.027 0.027 0.027 0.027 0.029 0.031 0.031 0.031 0.029 0.025 0.020 0.016 0.013 0.011 0.010 0.008
0.058 0.039 0.028 0.022 0.018 0.016 0.014 0.013 0.013 0.012 0.012 0.012 0.012 0.011 0.011 0.011 0.010 0.010 0.010 0.009 0.009 0.009 0.008 0.008 0.007 0.007 0.007 0.007 0.007 0.007 0.007 0.007 0.007 0.007 0.008 0.008 0.009 0.009 0.010 0.012 0.013 0.015 0.016 0.019 0.021 0.024 0.027 0.031 0.034 0.037 0.040 0.043 0.045 0.047 0.047 0.047 0.047 0.046 0.045 0.044 0.042 0.040 0.040 0.040 0.041 0.045 0.049 0.051 0.050 0.046 0.038 0.028 0.021 0.017 0.014 0.012 0.010
0.139 0.085 0.054 0.038 0.029 0.023 0.020 0.018 0.017 0.017 0.016 0.016 0.015 0.015 0.015 0.014 0.014 0.013 0.013 0.012 0.012 0.012 0.011 0.010 0.010 0.010 0.010 0.010 0.010 0.010 0.010 0.010 0.010 0.010 0.011 0.011 0.012 0.013 0.014 0.016 0.017 0.019 0.022 0.024 0.027 0.030 0.034 0.039 0.044 0.049 0.054 0.059 0.064 0.068 0.071 0.071 0.071 0.071 0.070 0.069 0.066 0.064 0.063 0.064 0.066 0.075 0.085 0.088 0.088 0.080 0.062 0.042 0.029 0.022 0.018 0.015 0.013
0.337 0.204 0.122 0.076 0.052 0.039 0.032 0.027 0.025 0.023 0.022 0.022 0.021 0.020 0.020 0.019 0.018 0.018 0.017 0.016 0.016 0.015 0.014 0.014 0.013 0.013 0.013 0.013 0.013 0.013 0.013 0.013 0.014 0.014 0.015 0.015 0.016 0.018 0.019 0.021 0.023 0.025 0.028 0.031 0.035 0.039 0.044 0.050 0.057 0.064 0.073 0.083 0.093 0.102 0.108 0.111 0.112 0.112 0.112 0.111 0.109 0.107 0.107 0.109 0.116 0.135 0.158 0.167 0.166 0.151 0.112 0.069 0.043 0.030 0.022 0.018 0.016
0.697 0.451 0.279 0.171 0.110 0.076 0.057 0.045 0.038 0.035 0.032 0.031 0.030 0.029 0.028 0.026 0.025 0.024 0.023 0.022 0.021 0.020 0.019 0.018 0.017 0.017 0.017 0.017 0.017 0.017 0.017 0.017 0.018 0.018 0.019 0.020 0.022 0.023 0.025 0.027 0.030 0.033 0.037 0.041 0.045 0.050 0.057 0.064 0.075 0.087 0.103 0.123 0.142 0.158 0.170 0.178 0.182 0.183 0.184 0.184 0.184 0.185 0.188 0.195 0.214 0.256 0.308 0.330 0.327 0.296 0.219 0.125 0.070 0.042 0.029 0.023 0.019
1.213 0.853 0.573 0.373 0.240 0.159 0.111 0.084 0.067 0.057 0.052 0.049 0.047 0.044 0.042 0.039 0.037 0.035 0.033 0.031 0.030 0.027 0.025 0.024 0.023 0.022 0.022 0.022 0.022 0.022 0.022 0.022 0.023 0.024 0.025 0.026 0.028 0.031 0.034 0.037 0.041 0.045 0.050 0.055 0.061 0.068 0.076 0.087 0.103 0.125 0.155 0.190 0.223 0.250 0.271 0.284 0.290 0.292 0.293 0.295 0.297 0.302 0.310 0.326 0.356 0.415 0.500 0.560 0.575 0.540 0.420 0.244 0.125 0.067 0.041 0.029 0.023
1.849 1.403 1.022 0.718 0.488 0.328 0.226 0.165 0.128 0.105 0.092 0.085 0.080 0.076 0.071 0.065 0.060 0.056 0.052 0.049 0.044 0.039 0.035 0.032 0.031 0.029 0.029 0.028 0.028 0.028 0.028 0.028 0.029 0.030 0.032 0.034 0.038 0.042 0.046 0.052 0.058 0.064 0.071 0.078 0.087 0.096 0.108 0.125 0.151 0.189 0.244 0.303 0.353 0.387 0.404 0.406 0.398 0.392 0.391 0.390 0.391 0.394 0.402 0.418 0.449 0.505 0.598 0.692 0.736 0.732 0.645 0.437 0.223 0.110 0.060 0.039 0.029
2.584 2.078 1.616 1.213 0.880 0.624 0.444 0.329 0.255 0.210 0.181 0.165 0.153 0.143 0.133 0.121 0.110 0.100 0.091 0.083 0.073 0.062 0.053 0.046 0.042 0.040 0.038 0.037 0.037 0.036 0.036 0.037 0.038 0.040 0.043 0.047 0.053 0.059 0.067 0.076 0.086 0.096 0.106 0.117 0.128 0.142 0.159 0.187 0.229 0.297 0.383 0.451 0.489 0.503 0.498 0.476 0.452 0.442 0.439 0.439 0.438 0.439 0.444 0.457 0.481 0.529 0.613 0.723 0.790 0.806 0.766 0.611 0.363 0.179 0.091 0.054 0.038
3.392 2.837 2.318 1.842 1.426 1.082 0.820 0.635 0.511 0.430 0.378 0.343 0.317 0.294 0.269 0.240 0.215 0.193 0.173 0.153 0.130 0.106 0.087 0.072 0.063 0.057 0.054 0.052 0.051 0.050 0.050 0.050 0.052 0.056 0.062 0.070 0.080 0.091 0.106 0.122 0.138 0.154 0.169 0.184 0.199 0.218 0.246 0.291 0.356 0.436 0.505 0.545 0.559 0.554 0.530 0.489 0.462 0.450 0.448 0.448 0.447 0.448 0.451 0.461 0.481 0.520 0.592 0.701 0.785 0.813 0.801 0.707 0.497 0.267 0.135 0.076 0.050
4.219 3.642 3.100 2.594 2.136 1.740 1.417 1.170 0.994 0.873 0.789 0.727 0.675 0.624 0.565 0.496 0.438 0.390 0.344 0.298 0.247 0.196 0.153 0.122 0.101 0.089 0.082 0.078 0.076 0.075 0.075 0.076 0.081 0.089 0.100 0.114 0.132 0.155 0.183 0.210 0.236 0.259 0.279 0.298 0.318 0.346 0.388 0.437 0.485 0.527 0.557 0.571 0.572 0.559 0.522 0.474 0.443 0.430 0.428 0.428 0.429 0.431 0.436 0.444 0.457 0.482 0.533 0.627 0.734 0.786 0.789 0.740 0.593 0.363 0.191 0.106 0.067
5.077 4.509 3.990 3.503 3.049 2.644 2.301 2.027 1.824 1.680 1.574 1.487 1.403 1.305 1.178 1.026 0.892 0.783 0.683 0.582 0.472 0.367 0.280 0.216 0.174 0.149 0.135 0.128 0.125 0.125 0.126 0.130 0.140 0.156 0.175 0.200 0.234 0.281 0.329 0.369 0.403 0.433 0.458 0.478 0.497 0.516 0.535 0.545 0.549 0.553 0.560 0.562 0.554 0.527 0.474 0.419 0.386 0.370 0.366 0.367 0.370 0.378 0.386 0.393 0.399 0.410 0.434 0.500 0.619 0.714 0.746 0.729 0.642 0.458 0.259 0.145 0.091
6.059 5.556 5.103 4.680 4.270 3.890 3.571 3.321 3.132 2.996 2.891 2.794 2.686 2.537 2.325 2.054 1.775 1.531 1.309 1.093 0.875 0.674 0.508 0.384 0.303 0.256 0.231 0.220 0.216 0.217 0.224 0.239 0.260 0.287 0.317 0.357 0.417 0.495 0.555 0.595 0.619 0.634 0.643 0.645 0.642 0.631 0.610 0.580 0.557 0.542 0.529 0.512 0.483 0.434 0.368 0.314 0.283 0.269 0.265 0.267 0.274 0.286 0.297 0.303 0.305 0.307 0.317 0.357 0.459 0.598 0.676 0.691 0.654 0.533 0.343 0.199 0.125
7.322 6.978 6.655 6.341 6.020 5.712 5.456 5.259 5.104 4.981 4.874 4.767 4.641 4.456 4.173 3.784 3.320 2.842 2.382 1.950 1.546 1.184 0.887 0.664 0.513 0.423 0.378 0.361 0.358 0.366 0.390 0.429 0.467 0.503 0.539 0.581 0.640 0.703 0.740 0.755 0.758 0.750 0.738 0.722 0.700 0.667 0.622 0.571 0.525 0.483 0.439 0.390 0.335 0.277 0.228 0.198 0.184 0.179 0.180 0.184 0.191 0.198 0.204 0.208 0.211 0.214 0.224 0.252 0.325 0.464 0.587 0.635 0.632 0.575 0.437 0.276 0.174
