RESULTS/r.avaflow_results/12_results/12_ascii/12_hflow0014.asc
ncols 506
nrows 317
xllcenter 498237.50
yllcenter 5580050.00
cellsize 12.50
NODATA_value -9999.000
[rows 204 to 237 of 317, columns 77 to 153 of 506]
0.002 0.003 0.004 0.004 0.004 0.005 0.005 0.006 0.007 0.009 0.011 0.014 0.018 0.022 0.028 0.036 0.048 0.073 0.127 0.250 0.435 0.537 0.555 0.518 0.364 0.152 0.053 0.019 0.007 0.003 0.001 0.001 0.001 0.001 0.002 0.003 0.003 0.003 0.003 0.003 0.003 0.003 0.002 0.001 0.001 0.001 0.001 0.001 0.001 0.001 0.001 0.001 0.001 0.000 0.000 0.000 0.000 0.000 0.000 0.000 0.000 0.000 0.000 0.000 0.000 0.001 0.000 0.001 0.001 0.001 0.000 0.000 0.000 0.000 0.000 0.000 0.001
0.005 0.005 0.006 0.006 0.007 0.007 0.008 0.009 0.011 0.013 0.015 0.018 0.021 0.025 0.032 0.041 0.058 0.090 0.162 0.326 0.497 0.546 0.537 0.450 0.244 0.088 0.031 0.011 0.005 0.002 0.001 0.001 0.001 0.001 0.001 0.001 0.001 0.001 0.001 0.001 0.001 0.001 0.001 0.001 0.001 0.001 0.001 0.001 0.001 0.001 0.001 0.001 0.001 0.001 0.000 0.000 0.000 0.000 0.000 0.000 0.000 0.000 0.000 0.000 0.000 0.001 0.001 0.001 0.001 0.000 0.000 0.000 0.000 0.000 0.000 0.000 0.001
0.007 0.008 0.009 0.009 0.010 0.010 0.012 0.013 0.015 0.017 0.019 0.021 0.024 0.029 0.037 0.050 0.071 0.115 0.214 0.406 0.532 0.553 0.519 0.372 0.157 0.055 0.019 0.007 0.003 0.002 0.001 0.001 0.001 0.000 0.000 0.000 0.000 0.000 0.000 0.001 0.001 0.001 0.001 0.000 0.000 0.000 0.001 0.001 0.001 0.001 0.001 0.001 0.001 0.001 0.000 0.000 0.000 0.000 0.000 0.000 0.000 0.000 0.000 0.000 0.001 0.001 0.001 0.001 0.000 0.000 0.000 0.000 0.000 0.000 0.000 0.000 0.001
0.012 0.012 0.013 0.013 0.014 0.016 0.017 0.019 0.020 0.022 0.023 0.025 0.028 0.034 0.045 0.062 0.091 0.151 0.290 0.477 0.548 0.552 0.482 0.276 0.100 0.035 0.012 0.005 0.003 0.002 0.001 0.001 0.001 0.000 0.000 0.000 0.000 0.000 0.000 0.000 0.001 0.001 0.000 0.000 0.000 0.000 0.000 0.001 0.001 0.001 0.001 0.001 0.001 0.000 0.000 0.000 0.000 0.000 0.000 0.000 0.000 0.000 0.000 0.001 0.001 0.001 0.001 0.001 0.000 0.000 0.000 0.000 0.000 0.000 0.000 0.000 0.001
0.020 0.020 0.020 0.020 0.021 0.022 0.023 0.024 0.025 0.026 0.027 0.029 0.033 0.042 0.056 0.078 0.117 0.202 0.380 0.523 0.556 0.537 0.414 0.187 0.063 0.022 0.008 0.004 0.002 0.001 0.001 0.001 0.001 0.001 0.000 0.000 0.000 0.000 0.000 0.000 0.001 0.001 0.000 0.000 0.000 0.000 0.000 0.000 0.001 0.001 0.001 0.001 0.001 0.000 0.000 0.000 0.000 0.000 0.000 0.000 0.000 0.000 0.001 0.001 0.001 0.001 0.001 0.000 0.000 0.000 0.000 0.000 0.000 0.000 0.000 0.000 0.001
0.034 0.033 0.032 0.032 0.032 0.032 0.031 0.032 0.032 0.033 0.034 0.037 0.042 0.053 0.071 0.099 0.151 0.274 0.462 0.547 0.557 0.508 0.322 0.120 0.040 0.014 0.006 0.003 0.002 0.001 0.001 0.001 0.000 0.001 0.001 0.000 0.000 0.000 0.000 0.001 0.001 0.001 0.000 0.000 0.000 0.000 0.000 0.000 0.001 0.001 0.001 0.001 0.000 0.000 0.000 0.000 0.000 0.000 0.000 0.000 0.000 0.001 0.001 0.001 0.001 0.001 0.001 0.000 0.000 0.000 0.000 0.000 0.000 0.000 0.000 0.000 0.000
0.060 0.058 0.056 0.054 0.051 0.047 0.043 0.042 0.042 0.043 0.045 0.049 0.056 0.069 0.089 0.124 0.196 0.362 0.517 0.556 0.547 0.456 0.231 0.078 0.026 0.010 0.005 0.003 0.002 0.001 0.001 0.000 0.000 0.000 0.001 0.000 0.000 0.000 0.000 0.001 0.001 0.001 0.000 0.000 0.000 0.000 0.000 0.000 0.000 0.001 0.001 0.001 0.000 0.000 0.000 0.000 0.000 0.000 0.000 0.000 0.001 0.001 0.001 0.001 0.001 0.001 0.000 0.000 0.000 0.000 0.000 0.000 0.000 0.000 0.000 0.000 0.000
0.101 0.101 0.098 0.092 0.085 0.075 0.064 0.059 0.058 0.059 0.062 0.067 0.075 0.089 0.111 0.153 0.256 0.443 0.543 0.558 0.524 0.372 0.151 0.050 0.018 0.008 0.004 0.003 0.002 0.001 0.001 0.000 0.000 0.000 0.000 0.000 0.000 0.000 0.000 0.001 0.001 0.001 0.001 0.000 0.000 0.000 0.000 0.000 0.000 0.000 0.000 0.001 0.000 0.000 0.000 0.000 0.000 0.000 0.000 0.001 0.001 0.001 0.001 0.001 0.001 0.001 0.000 0.000 0.000 0.000 0.000 0.000 0.000 0.000 0.000 0.000 0.000
0.165 0.168 0.166 0.159 0.147 0.127 0.102 0.088 0.083 0.083 0.086 0.092 0.102 0.116 0.140 0.190 0.325 0.498 0.553 0.550 0.478 0.276 0.099 0.034 0.013 0.007 0.004 0.002 0.002 0.001 0.001 0.000 0.000 0.000 0.000 0.000 0.000 0.000 0.001 0.001 0.001 0.001 0.001 0.000 0.000 0.000 0.000 0.000 0.000 0.000 0.000 0.001 0.000 0.000 0.000 0.000 0.000 0.000 0.001 0.001 0.001 0.001 0.001 0.001 0.001 0.001 0.000 0.000 0.000 0.000 0.000 0.000 0.000 0.000 0.000 0.000 0.000
0.258 0.269 0.270 0.265 0.249 0.218 0.172 0.138 0.124 0.122 0.123 0.129 0.140 0.157 0.184 0.247 0.403 0.531 0.559 0.536 0.407 0.186 0.064 0.024 0.011 0.006 0.004 0.002 0.001 0.001 0.001 0.000 0.000 0.000 0.000 0.000 0.000 0.000 0.001 0.001 0.001 0.001 0.001 0.001 0.000 0.000 0.000 0.000 0.000 0.000 0.000 0.000 0.000 0.000 0.000 0.000 0.000 0.000 0.001 0.001 0.001 0.001 0.001 0.001 0.001 0.000 0.000 0.000 0.000 0.000 0.000 0.000 0.000 0.000 0.000 0.000 0.000
0.387 0.412 0.420 0.419 0.404 0.366 0.297 0.230 0.195 0.182 0.182 0.187 0.198 0.215 0.247 0.327 0.480 0.555 0.561 0.497 0.302 0.113 0.042 0.019 0.011 0.006 0.004 0.002 0.001 0.001 0.001 0.001 0.000 0.000 0.000 0.000 0.000 0.000 0.001 0.000 0.001 0.001 0.001 0.001 0.000 0.000 0.000 0.000 0.000 0.000 0.000 0.000 0.000 0.000 0.000 0.000 0.000 0.001 0.001 0.001 0.001 0.001 0.001 0.001 0.000 0.000 0.000 0.000 0.000 0.000 0.000 0.000 0.000 0.000 0.000 0.000 0.000
0.560 0.607 0.627 0.631 0.621 0.582 0.499 0.388 0.316 0.283 0.274 0.274 0.281 0.296 0.330 0.429 0.553 0.585 0.553 0.411 0.189 0.068 0.031 0.017 0.010 0.006 0.003 0.002 0.001 0.001 0.001 0.001 0.001 0.000 0.000 0.000 0.000 0.000 0.001 0.000 0.000 0.001 0.001 0.001 0.001 0.000 0.000 0.000 0.000 0.000 0.000 0.000 0.000 0.000 0.000 0.000 0.000 0.001 0.001 0.001 0.001 0.001 0.001 0.001 0.000 0.000 0.000 0.000 0.000 0.000 0.000 0.000 0.000 0.000 0.000 0.000 0.000
0.786 0.864 0.903 0.915 0.910 0.874 0.786 0.638 0.514 0.449 0.419 0.405 0.402 0.409 0.449 0.555 0.626 0.618 0.503 0.272 0.103 0.046 0.026 0.016 0.010 0.006 0.003 0.002 0.001 0.001 0.001 0.001 0.001 0.001 0.000 0.000 0.000 0.000 0.001 0.000 0.001 0.001 0.001 0.001 0.001 0.001 0.000 0.000 0.000 0.000 0.000 0.000 0.000 0.000 0.000 0.000 0.000 0.001 0.001 0.001 0.001 0.001 0.001 0.001 0.000 0.000 0.000 0.000 0.000 0.000 0.000 0.000 0.000 0.000 0.000 0.000 0.000
1.072 1.194 1.261 1.283 1.282 1.252 1.164 0.996 0.813 0.703 0.640 0.602 0.583 0.583 0.629 0.698 0.683 0.587 0.360 0.145 0.067 0.039 0.026 0.016 0.010 0.006 0.003 0.001 0.001 0.001 0.000 0.001 0.001 0.001 0.000 0.000 0.000 0.000 0.001 0.000 0.001 0.001 0.001 0.001 0.001 0.001 0.001 0.000 0.000 0.000 0.000 0.000 0.000 0.000 0.000 0.000 0.000 0.000 0.000 0.000 0.000 0.000 0.000 0.000 0.000 0.000 0.000 0.000 0.000 0.000 0.000 0.000 0.000 0.000 0.000 0.000 0.000
1.426 1.604 1.708 1.751 1.754 1.732 1.650 1.473 1.231 1.062 0.957 0.895 0.865 0.860 0.873 0.816 0.681 0.447 0.207 0.098 0.058 0.039 0.026 0.017 0.010 0.005 0.003 0.001 0.001 0.001 0.000 0.000 0.001 0.001 0.000 0.000 0.000 0.000 0.001 0.000 0.000 0.001 0.001 0.001 0.001 0.001 0.001 0.001 0.000 0.000 0.000 0.000 0.000 0.000 0.000 0.000 0.000 0.000 0.000 0.000 0.000 0.000 0.000 0.000 0.000 0.000 0.000 0.000 0.000 0.000 0.000 0.000 0.000 0.000 0.000 0.000 0.000
1.854 2.103 2.257 2.328 2.343 2.327 2.254 2.079 1.793 1.560 1.418 1.334 1.288 1.209 1.052 0.844 0.580 0.311 0.156 0.089 0.057 0.039 0.027 0.018 0.010 0.005 0.002 0.001 0.001 0.000 0.000 0.000 0.000 0.001 0.000 0.000 0.000 0.000 0.001 0.000 0.001 0.001 0.001 0.001 0.001 0.001 0.001 0.001 0.001 0.000 0.000 0.000 0.000 0.000 0.000 0.000 0.000 0.000 0.000 0.000 0.000 0.000 0.000 0.000 0.000 0.000 0.000 0.000 0.000 0.000 0.000 0.000 0.000 0.000 0.000 0.000 0.000
2.361 2.698 2.915 3.024 3.057 3.048 2.987 2.828 2.539 2.252 2.071 1.921 1.714 1.424 1.095 0.766 0.466 0.258 0.147 0.090 0.059 0.042 0.029 0.019 0.010 0.004 0.002 0.001 0.001 0.000 0.000 0.000 0.000 0.000 0.000 0.000 0.000 0.000 0.000 0.000 0.001 0.001 0.001 0.001 0.001 0.001 0.001 0.001 0.001 0.001 0.001 0.000 0.000 0.000 0.000 0.000 0.000 0.000 0.001 0.001 0.001 0.000 0.000 0.000 0.000 0.000 0.000 0.000 0.000 0.000 0.000 0.000 0.000 0.000 0.000 0.000 0.000
2.950 3.394 3.686 3.841 3.899 3.904 3.862 3.734 3.499 3.179 2.840 2.465 2.006 1.516 1.078 0.708 0.429 0.251 0.151 0.096 0.066 0.047 0.033 0.020 0.010 0.004 0.002 0.001 0.001 0.000 0.000 0.000 0.001 0.001 0.000 0.000 0.000 0.000 0.001 0.000 0.001 0.001 0.001 0.001 0.000 0.001 0.001 0.001 0.001 0.001 0.001 0.000 0.000 0.000 0.000 0.000 0.000 0.000 0.000 0.000 0.001 0.000 0.000 0.000 0.000 0.000 0.000 0.000 0.000 0.000 0.000 0.000 0.000 0.000 0.000 0.000 0.000
3.614 4.166 4.534 4.735 4.817 4.836 4.830 4.741 4.504 4.098 3.546 2.924 2.240 1.603 1.089 0.701 0.429 0.263 0.168 0.113 0.079 0.056 0.037 0.021 0.010 0.004 0.001 0.001 0.001 0.001 0.000 0.000 0.000 0.000 0.000 0.000 0.000 0.000 0.001 0.001 0.001 0.001 0.001 0.001 0.000 0.000 0.001 0.001 0.001 0.001 0.001 0.000 0.000 0.000 0.000 0.000 0.000 0.000 0.000 0.001 0.001 0.000 0.000 0.000 0.000 0.000 0.000 0.000 0.000 0.000 0.000 0.000 0.000 0.000 0.000 0.000 0.000
4.282 4.872 5.285 5.526 5.635 5.667 5.672 5.593 5.325 4.852 4.197 3.392 2.495 1.731 1.145 0.730 0.464 0.305 0.209 0.147 0.103 0.070 0.042 0.022 0.009 0.004 0.001 0.001 0.001 0.001 0.001 0.000 0.000 0.000 0.000 0.000 0.000 0.000 0.001 0.001 0.001 0.001 0.001 0.001 0.000 0.000 0.000 0.001 0.001 0.001 0.001 0.000 0.000 0.000 0.000 0.000 0.001 0.000 0.001 0.001 0.000 0.000 0.000 0.000 0.000 0.000 0.000 0.000 0.000 0.000 0.000 0.000 0.000 0.000 0.000 0.000 0.000
4.900 5.477 5.892 6.157 6.300 6.352 6.344 6.231 5.957 5.482 4.795 3.895 2.826 1.930 1.271 0.831 0.564 0.400 0.289 0.207 0.141 0.088 0.047 0.021 0.009 0.003 0.001 0.001 0.000 0.000 0.001 0.001 0.001 0.000 0.000 0.000 0.000 0.000 0.001 0.001 0.001 0.001 0.001 0.001 0.001 0.000 0.000 0.000 0.000 0.001 0.000 0.000 0.000 0.000 0.000 0.001 0.001 0.000 0.001 0.001 0.000 0.000 0.000 0.000 0.000 0.000 0.000 0.000 0.000 0.000 0.000 0.000 0.000 0.000 0.000 0.000 0.000
5.430 5.958 6.353 6.638 6.812 6.861 6.828 6.693 6.421 5.956 5.256 4.326 3.191 2.216 1.510 1.051 0.768 0.578 0.430 0.304 0.196 0.108 0.049 0.020 0.008 0.003 0.001 0.001 0.000 0.000 0.000 0.001 0.001 0.000 0.000 0.000 0.000 0.000 0.001 0.001 0.001 0.001 0.001 0.001 0.001 0.001 0.000 0.000 0.000 0.001 0.000 0.000 0.000 0.000 0.000 0.001 0.001 0.001 0.001 0.001 0.000 0.000 0.000 0.000 0.000 0.000 0.000 0.000 0.000 0.000 0.000 0.000 0.000 0.000 0.000 0.000 0.000
5.881 6.352 6.709 6.966 7.131 7.176 7.127 7.005 6.743 6.287 5.596 4.668 3.547 2.596 1.911 1.447 1.117 0.858 0.632 0.423 0.245 0.118 0.047 0.017 0.006 0.002 0.001 0.000 0.000 0.000 0.000 0.000 0.001 0.000 0.000 0.000 0.000 0.000 0.000 0.001 0.001 0.001 0.000 0.000 0.001 0.001 0.001 0.000 0.000 0.000 0.000 0.000 0.000 0.000 0.001 0.001 0.001 0.001 0.001 0.001 0.000 0.000 0.000 0.000 0.000 0.000 0.000 0.000 0.000 0.000 0.000 0.000 0.000 0.000 0.000 0.000 0.000
6.207 6.637 6.962 7.180 7.290 7.330 7.291 7.188 6.939 6.502 5.856 4.976 3.922 3.047 2.392 1.882 1.462 1.100 0.777 0.490 0.264 0.115 0.042 0.014 0.004 0.001 0.001 0.000 0.000 0.000 0.000 0.000 0.001 0.000 0.000 0.000 0.000 0.000 0.000 0.001 0.001 0.001 0.000 0.000 0.000 0.001 0.001 0.001 0.000 0.000 0.000 0.000 0.000 0.000 0.000 0.000 0.000 0.000 0.000 0.000 0.000 0.000 0.000 0.000 0.000 0.000 0.000 0.000 0.000 0.000 0.000 0.000 0.000 0.000 0.000 0.000 0.000
6.456 6.861 7.151 7.308 7.363 7.382 7.350 7.251 7.018 6.622 6.044 5.255 4.291 3.424 2.724 2.143 1.649 1.216 0.828 0.501 0.256 0.103 0.033 0.009 0.003 0.001 0.001 0.001 0.000 0.000 0.000 0.000 0.000 0.000 0.000 0.000 0.000 0.000 0.000 0.001 0.001 0.001 0.000 0.000 0.000 0.000 0.001 0.001 0.001 0.000 0.000 0.000 0.000 0.000 0.000 0.000 0.000 0.000 0.000 0.000 0.000 0.000 0.000 0.000 0.000 0.000 0.000 0.000 0.000 0.000 0.000 0.000 0.000 0.000 0.000 0.000 0.000
6.619 7.000 7.241 7.346 7.382 7.389 7.360 7.258 7.034 6.672 6.150 5.443 4.561 3.669 2.909 2.265 1.716 1.234 0.811 0.464 0.215 0.076 0.021 0.006 0.002 0.001 0.001 0.001 0.001 0.000 0.000 0.000 0.000 0.000 0.000 0.000 0.000 0.000 0.001 0.001 0.001 0.001 0.001 0.000 0.000 0.000 0.000 0.001 0.001 0.001 0.000 0.000 0.000 0.000 0.000 0.000 0.001 0.001 0.001 0.000 0.000 0.000 0.000 0.000 0.000 0.000 0.000 0.000 0.000 0.000 0.000 0.000 0.000 0.000 0.000 0.000 0.000
6.714 7.063 7.254 7.342 7.379 7.376 7.347 7.247 7.030 6.682 6.180 5.517 4.691 3.787 2.987 2.303 1.715 1.187 0.726 0.366 0.141 0.042 0.012 0.004 0.001 0.001 0.001 0.001 0.001 0.001 0.001 0.000 0.000 0.000 0.000 0.000 0.000 0.000 0.001 0.001 0.001 0.001 0.001 0.001 0.000 0.000 0.000 0.000 0.001 0.000 0.000 0.000 0.000 0.000 0.000 0.000 0.000 0.000 0.000 0.000 0.000 0.000 0.000 0.000 0.000 0.000 0.000 0.000 0.000 0.000 0.000 0.000 0.000 0.000 0.000 0.000 0.000
6.765 7.058 7.226 7.319 7.355 7.351 7.322 7.216 7.008 6.671 6.173 5.522 4.723 3.824 3.003 2.292 1.657 1.073 0.585 0.252 0.084 0.025 0.008 0.003 0.001 0.001 0.001 0.001 0.001 0.001 0.001 0.001 0.000 0.000 0.000 0.000 0.000 0.000 0.001 0.001 0.001 0.001 0.001 0.001 0.001 0.000 0.000 0.000 0.000 0.000 0.000 0.000 0.000 0.000 0.000 0.000 0.000 0.000 0.000 0.000 0.000 0.000 0.000 0.000 0.000 0.000 0.000 0.000 0.000 0.000 0.000 0.000 0.000 0.000 0.000 0.000 0.000
6.781 7.029 7.174 7.258 7.287 7.276 7.236 7.136 6.943 6.612 6.129 5.491 4.705 3.820 2.976 2.225 1.540 0.927 0.459 0.180 0.057 0.018 0.006 0.002 0.001 0.001 0.001 0.001 0.001 0.001 0.001 0.001 0.000 0.000 0.000 0.000 0.000 0.000 0.000 0.000 0.000 0.000 0.000 0.000 0.001 0.001 0.000 0.000 0.000 0.000 0.000 0.000 0.000 0.000 0.000 0.000 0.000 0.000 0.000 0.000 0.000 0.000 0.000 0.000 0.000 0.000 0.000 0.000 0.000 0.000 0.000 0.000 0.000 0.000 0.000 0.000 0.000
6.729 6.928 7.065 7.138 7.153 7.140 7.086 6.977 6.781 6.457 5.989 5.374 4.620 3.752 2.875 2.086 1.378 0.780 0.361 0.133 0.042 0.013 0.004 0.001 0.001 0.001 0.001 0.001 0.001 0.001 0.001 0.001 0.000 0.000 0.000 0.000 0.000 0.000 0.000 0.001 0.001 0.001 0.000 0.000 0.000 0.000 0.001 0.001 0.000 0.000 0.000 0.000 0.000 0.000 0.000 0.001 0.001 0.000 0.000 0.000 0.000 0.000 0.000 0.000 0.000 0.000 0.000 0.000 0.000 0.000 0.000 0.000 0.000 0.000 0.000 0.000 0.000
6.568 6.745 6.867 6.919 6.927 6.909 6.849 6.728 6.514 6.194 5.742 5.152 4.428 3.578 2.684 1.882 1.185 0.631 0.273 0.095 0.029 0.009 0.003 0.001 0.001 0.000 0.000 0.000 0.001 0.001 0.001 0.000 0.000 0.000 0.000 0.000 0.000 0.000 0.000 0.001 0.001 0.001 0.001 0.001 0.000 0.000 0.000 0.001 0.001 0.001 0.000 0.000 0.000 0.000 0.001 0.001 0.001 0.001 0.000 0.000 0.000 0.000 0.000 0.000 0.000 0.000 0.000 0.000 0.000 0.000 0.000 0.000 0.000 0.000 0.000 0.000 0.000
6.301 6.445 6.539 6.585 6.598 6.579 6.516 6.381 6.151 5.820 5.372 4.797 4.093 3.266 2.394 1.620 0.965 0.479 0.189 0.060 0.018 0.005 0.002 0.001 0.001 0.000 0.000 0.000 0.000 0.001 0.001 0.000 0.000 0.000 0.000 0.000 0.000 0.000 0.000 0.001 0.001 0.001 0.001 0.001 0.001 0.000 0.000 0.000 0.000 0.000 0.000 0.000 0.000 0.000 0.000 0.000 0.001 0.000 0.000 0.000 0.000 0.000 0.000 0.000 0.000 0.000 0.000 0.000 0.000 0.000 0.000 0.000 0.000 0.000 0.000 0.000 0.000
5.915 6.033 6.104 6.131 6.138 6.121 6.054 5.911 5.676 5.329 4.867 4.288 3.597 2.804 2.004 1.295 0.711 0.315 0.109 0.032 0.009 0.003 0.001 0.001 0.001 0.001 0.000 0.000 0.000 0.000 0.001 0.001 0.000 0.000 0.000 0.000 0.000 0.000 0.000 0.001 0.001 0.001 0.001 0.001 0.001 0.001 0.000 0.000 0.000 0.000 0.000 0.000 0.000 0.000 0.000 0.001 0.000 0.000 0.000 0.000 0.000 0.000 0.000 0.000 0.000 0.000 0.000 0.000 0.000 0.000 0.000 0.000 0.000 0.000 0.000 0.000 0.000
5.393 5.467 5.506 5.519 5.522 5.509 5.447 5.303 5.062 4.702 4.224 3.633 2.949 2.211 1.497 0.874 0.416 0.157 0.047 0.013 0.004 0.001 0.001 0.001 0.001 0.001 0.001 0.000 0.000 0.000 0.000 0.001 0.000 0.000 0.000 0.000 0.000 0.000 0.000 0.000 0.000 0.000 0.000 0.000 0.000 0.001 0.000 0.000 0.000 0.000 0.000 0.000 0.000 0.000 0.000 0.001 0.000 0.000 0.000 0.000 0.000 0.000 0.000 0.000 0.000 0.000 0.000 0.000 0.000 0.000 0.000 0.000 0.000 0.000 0.000 0.000 0.000
