RESULTS/r.avaflow_results/12_results/12_ascii/12_hflow30038.asc
ncols 506
nrows 317
xllcenter 498237.50
yllcenter 5580050.00
cellsize 12.50
NODATA_value -9999.000
[rows 136 to 169 of 317, columns 154 to 230 of 506]
0.000 0.000 0.000 0.000 0.000 0.000 0.000 0.000 0.000 0.000 0.000 0.000 0.000 0.000 0.000 0.000 0.000 0.000 0.000 0.000 0.000 0.000 0.000 0.000 0.000 0.000 0.000 0.000 0.000 0.000 0.000 0.000 0.000 0.000 0.000 0.000 0.000 0.000 0.000 0.000 0.000 0.000 0.000 0.000 0.000 0.000 0.000 0.000 0.000 0.000 0.000 0.000 0.000 0.000 0.000 0.000 0.000 0.000 0.000 0.000 0.000 0.000 0.000 0.000 0.000 0.000 0.000 0.000 0.000 0.000 0.000 0.000 0.000 0.000 0.000 0.000 0.000
0.000 0.000 0.000 0.000 0.000 0.000 0.000 0.000 0.000 0.000 0.000 0.000 0.000 0.000 0.000 0.000 0.000 0.000 0.000 0.000 0.000 0.000 0.000 0.000 0.000 0.000 0.000 0.000 0.000 0.000 0.000 0.000 0.000 0.000 0.000 0.000 0.000 0.000 0.000 0.000 0.000 0.000 0.000 0.000 0.000 0.000 0.000 0.000 0.000 0.000 0.000 0.000 0.000 0.000 0.000 0.000 0.000 0.000 0.000 0.000 0.000 0.000 0.000 0.000 0.000 0.000 0.000 0.000 0.000 0.000 0.000 0.000 0.000 0.000 0.000 0.000 0.000
0.000 0.000 0.000 0.000 0.000 0.000 0.000 0.000 0.000 0.000 0.000 0.000 0.000 0.000 0.000 0.000 0.000 0.000 0.000 0.000 0.000 0.000 0.000 0.000 0.000 0.000 0.000 0.000 0.000 0.000 0.000 0.000 0.000 0.000 0.000 0.000 0.000 0.000 0.000 0.000 0.000 0.000 0.000 0.000 0.000 0.000 0.000 0.000 0.000 0.000 0.000 0.000 0.000 0.000 0.000 0.000 0.000 0.000 0.000 0.000 0.000 0.000 0.000 0.000 0.000 0.000 0.000 0.000 0.000 0.000 0.000 0.000 0.000 0.000 0.000 0.000 0.000
0.000 0.000 0.000 0.000 0.000 0.000 0.000 0.000 0.000 0.000 0.000 0.000 0.000 0.000 0.000 0.000 0.000 0.000 0.000 0.000 0.000 0.000 0.000 0.000 0.000 0.000 0.000 0.000 0.000 0.000 0.000 0.000 0.000 0.000 0.000 0.000 0.000 0.000 0.000 0.000 0.000 0.000 0.000 0.000 0.000 0.000 0.000 0.000 0.000 0.000 0.000 0.000 0.000 0.000 0.000 0.000 0.000 0.000 0.000 0.000 0.000 0.000 0.000 0.000 0.000 0.000 0.000 0.000 0.000 0.000 0.000 0.000 0.000 0.000 0.000 0.000 0.000
0.000 0.000 0.000 0.000 0.000 0.000 0.000 0.000 0.000 0.000 0.000 0.000 0.000 0.000 0.000 0.000 0.000 0.000 0.000 0.000 0.000 0.000 0.000 0.000 0.000 0.000 0.000 0.000 0.000 0.000 0.000 0.000 0.000 0.000 0.000 0.000 0.000 0.000 0.000 0.000 0.000 0.000 0.000 0.000 0.000 0.000 0.000 0.000 0.000 0.000 0.000 0.000 0.000 0.000 0.000 0.000 0.000 0.000 0.000 0.000 0.000 0.000 0.000 0.000 0.000 0.000 0.000 0.000 0.000 0.000 0.000 0.000 0.000 0.000 0.000 0.000 0.000
0.000 0.000 0.000 0.000 0.000 0.000 0.000 0.000 0.000 0.000 0.000 0.000 0.000 0.000 0.000 0.000 0.000 0.000 0.000 0.000 0.000 0.000 0.000 0.000 0.000 0.000 0.000 0.000 0.000 0.000 0.000 0.000 0.000 0.000 0.000 0.000 0.000 0.000 0.000 0.000 0.000 0.000 0.000 0.000 0.000 0.000 0.000 0.000 0.000 0.000 0.000 0.000 0.000 0.000 0.000 0.000 0.000 0.000 0.000 0.000 0.000 0.000 0.000 0.000 0.000 0.000 0.000 0.000 0.000 0.000 0.000 0.000 0.000 0.000 0.000 0.000 0.000
0.000 0.000 0.000 0.000 0.000 0.000 0.000 0.000 0.000 0.000 0.000 0.000 0.000 0.000 0.000 0.000 0.000 0.000 0.000 0.000 0.000 0.000 0.000 0.000 0.000 0.000 0.000 0.000 0.000 0.000 0.000 0.000 0.000 0.000 0.000 0.000 0.000 0.000 0.000 0.000 0.000 0.000 0.000 0.000 0.000 0.000 0.000 0.000 0.000 0.000 0.000 0.000 0.000 0.000 0.000 0.000 0.000 0.000 0.000 0.000 0.000 0.000 0.000 0.000 0.000 0.000 0.000 0.000 0.000 0.000 0.000 0.000 0.000 0.000 0.000 0.000 0.000
0.000 0.000 0.000 0.000 0.000 0.000 0.000 0.000 0.000 0.000 0.000 0.000 0.000 0.000 0.000 0.000 0.000 0.000 0.000 0.000 0.000 0.000 0.000 0.000 0.000 0.000 0.000 0.000 0.000 0.000 0.000 0.000 0.000 0.000 0.000 0.000 0.000 0.000 0.000 0.000 0.000 0.000 0.000 0.000 0.000 0.000 0.000 0.000 0.000 0.000 0.000 0.000 0.000 0.000 0.000 0.000 0.000 0.000 0.000 0.000 0.000 0.000 0.000 0.000 0.000 0.000 0.000 0.000 0.000 0.000 0.000 0.000 0.000 0.000 0.000 0.000 0.000
0.000 0.000 0.000 0.000 0.000 0.000 0.000 0.000 0.000 0.000 0.000 0.000 0.000 0.000 0.000 0.000 0.000 0.000 0.000 0.000 0.000 0.000 0.000 0.000 0.000 0.000 0.000 0.000 0.000 0.000 0.000 0.000 0.000 0.000 0.000 0.000 0.000 0.000 0.000 0.000 0.000 0.000 0.000 0.000 0.000 0.000 0.000 0.000 0.000 0.000 0.000 0.000 0.000 0.000 0.000 0.000 0.000 0.000 0.000 0.000 0.000 0.000 0.000 0.000 0.000 0.000 0.000 0.000 0.000 0.000 0.000 0.000 0.000 0.000 0.000 0.000 0.000
0.000 0.000 0.000 0.000 0.000 0.000 0.000 0.000 0.000 0.000 0.000 0.000 0.000 0.000 0.000 0.000 0.000 0.000 0.000 0.000 0.000 0.000 0.000 0.000 0.000 0.000 0.000 0.000 0.000 0.000 0.000 0.000 0.000 0.000 0.000 0.000 0.000 0.000 0.000 0.000 0.000 0.000 0.000 0.000 0.000 0.000 0.000 0.000 0.000 0.000 0.000 0.000 0.000 0.000 0.000 0.000 0.000 0.000 0.000 0.000 0.000 0.000 0.000 0.000 0.000 0.000 0.000 0.000 0.000 0.000 0.000 0.000 0.000 0.000 0.000 0.000 0.000
0.000 0.000 0.000 0.000 0.000 0.000 0.000 0.000 0.000 0.000 0.000 0.000 0.000 0.000 0.000 0.000 0.000 0.000 0.000 0.000 0.000 0.000 0.000 0.000 0.000 0.000 0.000 0.000 0.000 0.000 0.000 0.000 0.000 0.000 0.000 0.000 0.000 0.000 0.000 0.000 0.000 0.000 0.000 0.000 0.000 0.000 0.000 0.000 0.000 0.000 0.000 0.000 0.000 0.000 0.000 0.000 0.000 0.000 0.000 0.000 0.000 0.000 0.000 0.000 0.000 0.000 0.000 0.000 0.000 0.000 0.000 0.000 0.000 0.000 0.000 0.000 0.000
0.000 0.000 0.000 0.000 0.000 0.000 0.000 0.000 0.000 0.000 0.000 0.000 0.000 0.000 0.000 0.000 0.000 0.000 0.000 0.000 0.000 0.000 0.000 0.000 0.000 0.000 0.000 0.000 0.000 0.000 0.000 0.000 0.000 0.000 0.000 0.000 0.000 0.000 0.000 0.000 0.000 0.000 0.000 0.000 0.000 0.000 0.000 0.000 0.000 0.000 0.000 0.000 0.000 0.000 0.000 0.000 0.000 0.000 0.000 0.000 0.000 0.000 0.000 0.000 0.000 0.000 0.000 0.000 0.000 0.000 0.000 0.000 0.000 0.000 0.000 0.000 0.000
0.000 0.000 0.000 0.000 0.000 0.000 0.000 0.000 0.000 0.000 0.000 0.000 0.000 0.000 0.000 0.000 0.000 0.000 0.000 0.000 0.000 0.000 0.000 0.000 0.000 0.000 0.000 0.000 0.000 0.000 0.000 0.000 0.000 0.000 0.000 0.000 0.000 0.000 0.000 0.000 0.000 0.000 0.000 0.000 0.000 0.000 0.000 0.000 0.000 0.000 0.000 0.000 0.000 0.000 0.000 0.000 0.000 0.000 0.000 0.000 0.000 0.000 0.000 0.000 0.000 0.000 0.000 0.000 0.000 0.000 0.000 0.000 0.000 0.000 0.000 0.000 0.000
0.001 0.000 0.000 0.000 0.000 0.000 0.000 0.000 0.000 0.000 0.000 0.000 0.000 0.000 0.000 0.000 0.000 0.000 0.000 0.000 0.000 0.000 0.000 0.000 0.000 0.000 0.000 0.000 0.000 0.000 0.000 0.000 0.000 0.000 0.000 0.000 0.000 0.000 0.000 0.000 0.000 0.000 0.000 0.000 0.000 0.000 0.000 0.000 0.000 0.000 0.000 0.000 0.001 0.001 0.001 0.000 0.000 0.000 0.000 0.000 0.000 0.000 0.000 0.000 0.000 0.000 0.000 0.000 0.000 0.000 0.000 0.000 0.000 0.000 0.000 0.000 0.000
0.001 0.001 0.001 0.001 0.001 0.001 0.000 0.000 0.000 0.000 0.000 0.000 0.000 0.000 0.000 0.000 0.000 0.000 0.000 0.000 0.000 0.000 0.000 0.000 0.000 0.000 0.000 0.000 0.000 0.000 0.000 0.000 0.000 0.000 0.000 0.000 0.000 0.000 0.000 0.000 0.000 0.000 0.000 0.000 0.000 0.000 0.001 0.001 0.001 0.001 0.002 0.002 0.002 0.002 0.002 0.002 0.002 0.001 0.001 0.001 0.001 0.001 0.001 0.001 0.001 0.001 0.001 0.001 0.001 0.001 0.001 0.001 0.001 0.001 0.000 0.000 0.000
0.002 0.002 0.002 0.002 0.001 0.001 0.001 0.001 0.001 0.001 0.001 0.000 0.000 0.000 0.000 0.000 0.000 0.000 0.000 0.000 0.000 0.000 0.000 0.000 0.000 0.000 0.000 0.000 0.000 0.000 0.000 0.000 0.000 0.000 0.000 0.000 0.000 0.000 0.000 0.000 0.000 0.000 0.000 0.001 0.001 0.001 0.002 0.002 0.003 0.003 0.003 0.003 0.003 0.003 0.003 0.003 0.003 0.003 0.003 0.003 0.003 0.003 0.003 0.003 0.003 0.003 0.003 0.003 0.003 0.003 0.002 0.002 0.002 0.001 0.001 0.001 0.001
0.004 0.004 0.003 0.003 0.002 0.002 0.002 0.002 0.002 0.001 0.001 0.001 0.001 0.001 0.001 0.001 0.001 0.000 0.000 0.000 0.000 0.000 0.000 0.000 0.000 0.000 0.000 0.000 0.000 0.000 0.000 0.000 0.000 0.000 0.000 0.000 0.000 0.000 0.000 0.000 0.000 0.001 0.001 0.002 0.002 0.003 0.004 0.004 0.005 0.005 0.005 0.005 0.006 0.006 0.005 0.005 0.005 0.005 0.005 0.005 0.005 0.005 0.005 0.005 0.005 0.005 0.005 0.005 0.005 0.004 0.004 0.004 0.003 0.003 0.002 0.002 0.001
0.006 0.005 0.005 0.004 0.004 0.003 0.003 0.003 0.003 0.002 0.002 0.002 0.002 0.002 0.002 0.001 0.001 0.001 0.001 0.001 0.001 0.001 0.001 0.001 0.000 0.000 0.000 0.000 0.000 0.000 0.000 0.000 0.000 0.000 0.000 0.000 0.000 0.000 0.000 0.001 0.001 0.002 0.002 0.003 0.004 0.005 0.006 0.007 0.008 0.008 0.008 0.008 0.008 0.008 0.008 0.008 0.008 0.008 0.008 0.007 0.007 0.007 0.007 0.007 0.007 0.007 0.007 0.007 0.007 0.007 0.006 0.006 0.005 0.004 0.004 0.003 0.003
0.008 0.007 0.007 0.006 0.005 0.005 0.005 0.004 0.004 0.004 0.004 0.003 0.003 0.003 0.003 0.003 0.003 0.002 0.002 0.002 0.002 0.002 0.002 0.001 0.001 0.001 0.001 0.001 0.000 0.000 0.000 0.000 0.000 0.000 0.001 0.001 0.001 0.001 0.001 0.002 0.002 0.003 0.004 0.005 0.006 0.008 0.009 0.010 0.011 0.012 0.012 0.012 0.012 0.012 0.012 0.012 0.012 0.011 0.011 0.011 0.010 0.010 0.010 0.010 0.010 0.010 0.010 0.010 0.010 0.010 0.009 0.009 0.007 0.006 0.005 0.005 0.004
0.012 0.010 0.009 0.008 0.007 0.007 0.006 0.006 0.006 0.005 0.005 0.005 0.005 0.005 0.004 0.004 0.004 0.004 0.004 0.003 0.003 0.003 0.003 0.003 0.002 0.002 0.002 0.002 0.001 0.001 0.001 0.001 0.001 0.001 0.002 0.002 0.002 0.002 0.003 0.003 0.004 0.005 0.007 0.008 0.009 0.011 0.013 0.014 0.015 0.016 0.017 0.017 0.017 0.017 0.017 0.017 0.017 0.016 0.016 0.015 0.015 0.014 0.014 0.014 0.014 0.015 0.015 0.015 0.015 0.014 0.013 0.012 0.010 0.009 0.008 0.006 0.005
0.016 0.014 0.012 0.011 0.010 0.009 0.008 0.008 0.007 0.007 0.007 0.007 0.007 0.006 0.006 0.006 0.006 0.006 0.005 0.005 0.005 0.005 0.004 0.004 0.004 0.003 0.003 0.003 0.003 0.003 0.003 0.003 0.003 0.003 0.003 0.003 0.004 0.004 0.005 0.006 0.007 0.008 0.009 0.011 0.013 0.015 0.017 0.019 0.021 0.022 0.023 0.024 0.024 0.025 0.025 0.024 0.024 0.023 0.022 0.022 0.021 0.020 0.020 0.020 0.020 0.021 0.022 0.022 0.022 0.021 0.019 0.016 0.014 0.012 0.010 0.008 0.007
0.025 0.020 0.017 0.014 0.013 0.012 0.011 0.010 0.010 0.010 0.009 0.009 0.009 0.009 0.008 0.008 0.008 0.008 0.008 0.007 0.007 0.007 0.006 0.006 0.006 0.005 0.005 0.005 0.005 0.005 0.005 0.005 0.005 0.005 0.005 0.006 0.006 0.007 0.008 0.009 0.010 0.011 0.013 0.015 0.017 0.019 0.022 0.025 0.028 0.030 0.031 0.033 0.034 0.035 0.035 0.035 0.034 0.034 0.033 0.032 0.031 0.030 0.029 0.029 0.029 0.031 0.033 0.034 0.034 0.032 0.028 0.022 0.018 0.015 0.013 0.011 0.009
0.046 0.033 0.026 0.021 0.018 0.016 0.014 0.013 0.013 0.013 0.012 0.012 0.012 0.011 0.011 0.011 0.011 0.010 0.010 0.010 0.009 0.009 0.009 0.008 0.008 0.008 0.007 0.007 0.007 0.007 0.007 0.007 0.008 0.008 0.008 0.009 0.009 0.010 0.011 0.012 0.014 0.015 0.017 0.019 0.022 0.025 0.029 0.033 0.036 0.039 0.042 0.045 0.048 0.051 0.052 0.052 0.052 0.051 0.051 0.050 0.048 0.046 0.045 0.044 0.045 0.049 0.053 0.055 0.055 0.052 0.043 0.031 0.024 0.019 0.016 0.013 0.012
0.101 0.067 0.045 0.033 0.027 0.022 0.020 0.018 0.017 0.016 0.016 0.016 0.015 0.015 0.015 0.014 0.014 0.014 0.013 0.013 0.012 0.012 0.011 0.011 0.011 0.010 0.010 0.010 0.010 0.010 0.010 0.010 0.011 0.011 0.011 0.012 0.013 0.014 0.015 0.016 0.018 0.020 0.022 0.025 0.028 0.032 0.036 0.041 0.047 0.051 0.056 0.062 0.068 0.074 0.078 0.079 0.080 0.080 0.080 0.079 0.077 0.074 0.073 0.073 0.075 0.082 0.093 0.098 0.099 0.092 0.072 0.048 0.033 0.025 0.020 0.017 0.014
0.244 0.152 0.096 0.064 0.046 0.036 0.030 0.026 0.024 0.022 0.022 0.021 0.021 0.020 0.020 0.019 0.018 0.018 0.017 0.017 0.016 0.016 0.015 0.014 0.014 0.014 0.014 0.014 0.014 0.014 0.014 0.014 0.014 0.015 0.015 0.016 0.017 0.018 0.020 0.022 0.024 0.026 0.029 0.032 0.036 0.040 0.046 0.052 0.059 0.067 0.076 0.086 0.099 0.111 0.119 0.125 0.129 0.130 0.131 0.131 0.130 0.128 0.127 0.128 0.133 0.151 0.177 0.190 0.190 0.176 0.135 0.082 0.050 0.033 0.025 0.020 0.017
0.542 0.349 0.218 0.138 0.092 0.066 0.050 0.041 0.036 0.033 0.031 0.030 0.029 0.028 0.027 0.026 0.025 0.024 0.023 0.022 0.022 0.021 0.019 0.019 0.018 0.018 0.018 0.018 0.018 0.018 0.018 0.018 0.018 0.019 0.020 0.021 0.023 0.024 0.026 0.029 0.031 0.035 0.038 0.042 0.047 0.052 0.059 0.067 0.077 0.091 0.107 0.127 0.150 0.171 0.189 0.201 0.209 0.214 0.217 0.220 0.222 0.224 0.227 0.234 0.250 0.289 0.350 0.381 0.381 0.353 0.270 0.156 0.085 0.050 0.033 0.025 0.021
1.021 0.709 0.472 0.306 0.199 0.134 0.096 0.074 0.060 0.052 0.048 0.046 0.044 0.042 0.040 0.038 0.036 0.034 0.033 0.031 0.030 0.028 0.026 0.024 0.023 0.023 0.023 0.023 0.022 0.023 0.023 0.023 0.024 0.025 0.026 0.027 0.029 0.032 0.035 0.038 0.042 0.047 0.051 0.057 0.063 0.070 0.079 0.091 0.107 0.129 0.159 0.197 0.237 0.272 0.300 0.321 0.333 0.340 0.345 0.350 0.355 0.362 0.372 0.387 0.414 0.470 0.564 0.647 0.676 0.647 0.523 0.314 0.158 0.082 0.048 0.033 0.026
1.678 1.250 0.897 0.621 0.418 0.281 0.196 0.144 0.113 0.094 0.083 0.078 0.074 0.071 0.067 0.062 0.058 0.054 0.051 0.048 0.044 0.039 0.035 0.033 0.031 0.030 0.030 0.029 0.029 0.029 0.029 0.029 0.030 0.031 0.033 0.036 0.039 0.043 0.048 0.054 0.059 0.066 0.073 0.081 0.089 0.099 0.112 0.129 0.155 0.194 0.250 0.317 0.378 0.424 0.450 0.458 0.454 0.452 0.452 0.454 0.456 0.461 0.471 0.487 0.517 0.572 0.668 0.792 0.864 0.873 0.793 0.565 0.292 0.141 0.074 0.045 0.033
2.487 1.959 1.496 1.104 0.789 0.553 0.393 0.291 0.227 0.188 0.164 0.149 0.140 0.132 0.124 0.113 0.104 0.096 0.088 0.081 0.072 0.062 0.053 0.047 0.043 0.041 0.039 0.039 0.038 0.038 0.038 0.038 0.039 0.042 0.045 0.050 0.055 0.062 0.070 0.079 0.089 0.099 0.110 0.121 0.133 0.147 0.165 0.194 0.237 0.306 0.399 0.481 0.531 0.553 0.554 0.536 0.513 0.504 0.502 0.503 0.504 0.506 0.512 0.525 0.550 0.597 0.685 0.821 0.924 0.960 0.931 0.775 0.479 0.235 0.115 0.065 0.044
3.372 2.773 2.228 1.743 1.329 0.997 0.750 0.579 0.466 0.393 0.346 0.316 0.293 0.274 0.252 0.226 0.204 0.185 0.167 0.150 0.130 0.107 0.087 0.073 0.064 0.058 0.056 0.054 0.053 0.052 0.052 0.053 0.055 0.059 0.066 0.074 0.084 0.096 0.110 0.126 0.143 0.159 0.175 0.191 0.207 0.227 0.257 0.303 0.371 0.459 0.541 0.590 0.610 0.608 0.588 0.550 0.522 0.510 0.508 0.509 0.510 0.511 0.516 0.526 0.546 0.585 0.660 0.788 0.914 0.968 0.965 0.881 0.653 0.358 0.176 0.094 0.059
4.246 3.628 3.054 2.526 2.057 1.660 1.342 1.103 0.936 0.823 0.746 0.690 0.643 0.597 0.541 0.475 0.421 0.377 0.335 0.294 0.247 0.196 0.154 0.123 0.103 0.091 0.085 0.081 0.080 0.079 0.079 0.081 0.086 0.095 0.107 0.122 0.140 0.163 0.191 0.219 0.245 0.269 0.290 0.311 0.332 0.362 0.409 0.465 0.520 0.568 0.604 0.621 0.624 0.613 0.580 0.531 0.497 0.482 0.479 0.480 0.482 0.485 0.491 0.499 0.511 0.536 0.586 0.691 0.838 0.929 0.948 0.910 0.763 0.489 0.254 0.134 0.082
5.139 4.538 3.991 3.482 3.011 2.595 2.248 1.975 1.778 1.642 1.544 1.463 1.384 1.289 1.161 1.007 0.875 0.770 0.675 0.579 0.474 0.370 0.284 0.220 0.179 0.155 0.142 0.136 0.133 0.133 0.135 0.140 0.152 0.169 0.190 0.215 0.249 0.297 0.346 0.386 0.422 0.453 0.479 0.502 0.524 0.549 0.574 0.591 0.596 0.602 0.609 0.613 0.605 0.579 0.526 0.465 0.425 0.406 0.400 0.400 0.404 0.412 0.422 0.429 0.435 0.444 0.466 0.532 0.678 0.827 0.888 0.885 0.806 0.604 0.347 0.188 0.112
6.150 5.629 5.160 4.722 4.298 3.905 3.578 3.327 3.143 3.015 2.917 2.827 2.723 2.573 2.352 2.069 1.780 1.534 1.314 1.101 0.886 0.684 0.518 0.394 0.313 0.267 0.244 0.234 0.232 0.234 0.242 0.260 0.285 0.314 0.346 0.386 0.447 0.526 0.589 0.630 0.655 0.670 0.680 0.684 0.683 0.676 0.660 0.634 0.609 0.593 0.578 0.559 0.528 0.477 0.405 0.342 0.303 0.284 0.278 0.279 0.285 0.297 0.310 0.317 0.319 0.321 0.331 0.371 0.482 0.663 0.789 0.825 0.797 0.675 0.450 0.257 0.155
7.443 7.100 6.778 6.463 6.138 5.822 5.562 5.364 5.212 5.093 4.991 4.888 4.764 4.574 4.277 3.867 3.380 2.888 2.423 1.986 1.577 1.212 0.911 0.686 0.534 0.445 0.402 0.387 0.386 0.396 0.426 0.471 0.514 0.552 0.589 0.630 0.687 0.751 0.789 0.804 0.806 0.797 0.784 0.768 0.747 0.717 0.675 0.626 0.577 0.530 0.482 0.427 0.365 0.301 0.246 0.211 0.193 0.186 0.186 0.189 0.195 0.202 0.208 0.213 0.216 0.221 0.230 0.260 0.336 0.492 0.665 0.746 0.755 0.703 0.552 0.353 0.216
