RESULTS/r.avaflow_results/12_results/12_ascii/12_hflow30033.asc
ncols 506
nrows 317
xllcenter 498237.50
yllcenter 5580050.00
cellsize 12.50
NODATA_value -9999.000
[rows 170 to 203 of 317, columns 154 to 230 of 506]
9.360 9.301 9.201 9.075 8.909 8.725 8.553 8.398 8.253 8.113 7.975 7.838 7.683 7.462 7.103 6.567 5.874 5.085 4.275 3.500 2.783 2.146 1.617 1.214 0.934 0.759 0.667 0.633 0.635 0.662 0.716 0.768 0.798 0.812 0.819 0.830 0.853 0.888 0.908 0.911 0.903 0.885 0.868 0.851 0.826 0.787 0.724 0.637 0.538 0.439 0.346 0.272 0.220 0.183 0.159 0.146 0.140 0.140 0.144 0.148 0.152 0.155 0.157 0.159 0.161 0.163 0.170 0.187 0.231 0.328 0.522 0.762 0.892 0.923 0.895 0.784 0.575
11.853 12.146 12.309 12.371 12.360 12.301 12.186 12.026 11.840 11.640 11.437 11.237 11.029 10.769 10.366 9.739 8.886 7.857 6.724 5.582 4.500 3.513 2.664 1.991 1.505 1.183 0.990 0.893 0.861 0.867 0.897 0.920 0.925 0.915 0.897 0.888 0.891 0.905 0.912 0.906 0.886 0.854 0.818 0.783 0.739 0.672 0.570 0.440 0.317 0.229 0.174 0.139 0.117 0.104 0.098 0.096 0.097 0.102 0.108 0.112 0.113 0.114 0.114 0.113 0.113 0.115 0.119 0.133 0.165 0.234 0.369 0.598 0.794 0.879 0.895 0.860 0.748
14.658 15.374 15.787 15.949 15.962 15.908 15.778 15.591 15.374 15.142 14.901 14.661 14.420 14.143 13.747 13.126 12.222 11.055 9.708 8.280 6.859 5.494 4.256 3.216 2.414 1.838 1.449 1.208 1.077 1.013 0.983 0.965 0.948 0.926 0.897 0.878 0.870 0.866 0.857 0.833 0.785 0.720 0.655 0.589 0.514 0.419 0.310 0.214 0.150 0.112 0.090 0.076 0.068 0.065 0.064 0.066 0.070 0.077 0.083 0.086 0.086 0.086 0.085 0.084 0.083 0.084 0.088 0.098 0.121 0.168 0.260 0.435 0.671 0.830 0.884 0.887 0.843
16.677 17.755 18.412 18.726 18.831 18.838 18.769 18.646 18.479 18.273 18.033 17.776 17.516 17.228 16.843 16.246 15.371 14.228 12.886 11.401 9.810 8.162 6.519 5.035 3.805 2.842 2.127 1.632 1.313 1.120 1.013 0.957 0.919 0.882 0.839 0.803 0.774 0.746 0.711 0.652 0.560 0.459 0.375 0.309 0.250 0.191 0.138 0.099 0.075 0.060 0.051 0.046 0.044 0.043 0.044 0.047 0.053 0.060 0.065 0.067 0.067 0.066 0.065 0.064 0.064 0.065 0.068 0.076 0.091 0.122 0.184 0.304 0.524 0.754 0.863 0.888 0.877
17.724 19.049 19.958 20.516 20.848 21.046 21.151 21.172 21.116 20.987 20.777 20.506 20.215 19.907 19.527 18.963 18.135 17.038 15.722 14.252 12.657 10.930 9.048 7.103 5.363 3.930 2.824 2.033 1.509 1.185 1.003 0.900 0.826 0.761 0.695 0.633 0.576 0.520 0.458 0.380 0.294 0.225 0.178 0.143 0.114 0.088 0.067 0.052 0.042 0.036 0.033 0.032 0.031 0.032 0.033 0.036 0.040 0.046 0.050 0.052 0.052 0.052 0.052 0.052 0.052 0.054 0.056 0.062 0.072 0.093 0.133 0.215 0.380 0.634 0.812 0.874 0.879
17.964 19.401 20.510 21.337 21.959 22.427 22.761 22.952 23.011 22.966 22.797 22.502 22.170 21.850 21.487 20.978 20.241 19.243 17.987 16.502 14.824 12.960 10.881 8.569 6.410 4.621 3.240 2.256 1.607 1.203 0.954 0.787 0.661 0.551 0.454 0.378 0.323 0.280 0.237 0.190 0.144 0.111 0.088 0.071 0.057 0.046 0.037 0.031 0.028 0.025 0.024 0.024 0.024 0.025 0.026 0.028 0.031 0.036 0.039 0.041 0.042 0.042 0.043 0.043 0.044 0.046 0.049 0.053 0.061 0.075 0.103 0.159 0.272 0.485 0.715 0.830 0.864
17.807 19.294 20.508 21.489 22.315 22.996 23.499 23.811 23.950 23.959 23.824 23.501 23.142 22.840 22.511 22.058 21.413 20.529 19.362 17.886 16.127 14.119 11.853 9.302 6.880 4.895 3.380 2.316 1.620 1.167 0.857 0.630 0.457 0.330 0.244 0.193 0.164 0.142 0.120 0.096 0.075 0.060 0.048 0.040 0.033 0.028 0.024 0.022 0.020 0.019 0.019 0.019 0.019 0.020 0.021 0.022 0.025 0.028 0.030 0.032 0.034 0.035 0.036 0.038 0.039 0.041 0.044 0.048 0.054 0.064 0.084 0.124 0.201 0.347 0.567 0.742 0.823
17.240 18.827 20.196 21.340 22.290 23.047 23.587 23.923 24.090 24.118 23.997 23.663 23.294 23.015 22.710 22.284 21.682 20.866 19.773 18.335 16.544 14.448 12.078 9.424 6.919 4.878 3.332 2.252 1.533 1.044 0.696 0.447 0.282 0.184 0.128 0.099 0.084 0.074 0.063 0.052 0.043 0.036 0.030 0.026 0.022 0.020 0.018 0.016 0.016 0.015 0.015 0.015 0.015 0.016 0.016 0.017 0.019 0.021 0.023 0.025 0.027 0.029 0.031 0.033 0.035 0.037 0.040 0.043 0.049 0.057 0.073 0.101 0.155 0.251 0.413 0.609 0.746
16.290 17.998 19.524 20.842 21.923 22.732 23.265 23.574 23.717 23.738 23.621 23.306 22.932 22.630 22.304 21.864 21.279 20.513 19.481 18.087 16.306 14.178 11.737 9.024 6.539 4.523 3.010 1.960 1.263 0.789 0.466 0.266 0.157 0.099 0.069 0.054 0.047 0.041 0.036 0.031 0.027 0.024 0.021 0.018 0.016 0.015 0.013 0.013 0.012 0.012 0.012 0.012 0.012 0.012 0.013 0.013 0.014 0.016 0.018 0.020 0.022 0.024 0.026 0.028 0.030 0.033 0.036 0.039 0.045 0.052 0.065 0.086 0.124 0.191 0.299 0.463 0.631
15.049 16.850 18.471 19.883 21.033 21.875 22.407 22.672 22.747 22.719 22.590 22.349 22.005 21.601 21.140 20.615 20.007 19.267 18.290 16.939 15.153 12.969 10.454 7.816 5.504 3.658 2.292 1.363 0.783 0.437 0.241 0.137 0.083 0.055 0.040 0.033 0.029 0.026 0.023 0.021 0.019 0.017 0.016 0.014 0.013 0.011 0.010 0.010 0.009 0.009 0.009 0.009 0.009 0.009 0.009 0.010 0.011 0.012 0.013 0.015 0.017 0.019 0.021 0.024 0.026 0.029 0.032 0.036 0.041 0.048 0.059 0.076 0.105 0.153 0.229 0.344 0.497
13.546 15.353 16.991 18.429 19.622 20.519 21.086 21.321 21.325 21.225 21.106 20.980 20.699 20.163 19.481 18.806 18.120 17.332 16.297 14.854 12.942 10.610 8.075 5.708 3.757 2.285 1.274 0.667 0.350 0.190 0.109 0.067 0.045 0.033 0.026 0.022 0.020 0.018 0.017 0.015 0.014 0.013 0.012 0.011 0.010 0.009 0.008 0.007 0.007 0.006 0.006 0.006 0.006 0.006 0.006 0.007 0.007 0.008 0.010 0.011 0.013 0.015 0.017 0.019 0.022 0.025 0.029 0.033 0.037 0.044 0.054 0.070 0.094 0.130 0.187 0.270 0.385
11.770 13.488 15.106 16.584 17.878 18.904 19.572 19.846 19.855 19.760 19.654 19.545 19.243 18.600 17.750 16.916 16.080 15.101 13.780 11.983 9.662 7.119 4.833 3.104 1.885 1.058 0.542 0.266 0.138 0.080 0.052 0.036 0.027 0.022 0.019 0.016 0.015 0.014 0.013 0.012 0.011 0.010 0.009 0.008 0.007 0.006 0.006 0.005 0.005 0.004 0.004 0.004 0.004 0.004 0.004 0.004 0.005 0.006 0.007 0.008 0.009 0.011 0.013 0.016 0.018 0.021 0.025 0.029 0.034 0.041 0.051 0.066 0.087 0.118 0.162 0.225 0.311
9.833 11.382 12.963 14.512 15.941 17.128 17.942 18.328 18.387 18.320 18.184 17.960 17.514 16.775 15.855 14.884 13.833 12.498 10.668 8.253 5.734 3.662 2.217 1.294 0.728 0.389 0.196 0.101 0.059 0.039 0.029 0.023 0.019 0.016 0.014 0.013 0.012 0.011 0.011 0.010 0.009 0.008 0.007 0.006 0.005 0.005 0.004 0.003 0.003 0.002 0.002 0.002 0.002 0.002 0.002 0.002 0.003 0.004 0.004 0.006 0.007 0.008 0.010 0.012 0.015 0.018 0.022 0.026 0.032 0.039 0.049 0.063 0.084 0.112 0.149 0.198 0.263
8.038 9.333 10.737 12.242 13.713 14.977 15.893 16.385 16.508 16.441 16.173 15.691 15.000 14.140 13.157 12.050 10.716 8.901 6.559 4.287 2.591 1.439 0.764 0.413 0.230 0.129 0.072 0.044 0.030 0.023 0.019 0.016 0.014 0.013 0.012 0.011 0.010 0.009 0.009 0.008 0.007 0.006 0.005 0.004 0.004 0.003 0.002 0.002 0.002 0.001 0.001 0.001 0.001 0.001 0.001 0.001 0.002 0.002 0.003 0.004 0.005 0.006 0.008 0.010 0.012 0.015 0.019 0.024 0.029 0.037 0.047 0.062 0.082 0.108 0.141 0.181 0.231
6.332 7.331 8.436 9.651 10.870 11.948 12.777 13.265 13.415 13.332 12.935 12.201 11.213 10.107 8.960 7.718 6.250 4.530 2.863 1.622 0.839 0.417 0.217 0.125 0.077 0.049 0.033 0.024 0.019 0.016 0.014 0.012 0.011 0.010 0.010 0.009 0.008 0.008 0.007 0.006 0.006 0.005 0.004 0.003 0.002 0.002 0.001 0.001 0.001 0.000 0.000 0.000 0.000 0.000 0.000 0.000 0.001 0.001 0.001 0.002 0.003 0.004 0.006 0.008 0.010 0.013 0.016 0.021 0.027 0.035 0.046 0.061 0.081 0.106 0.136 0.171 0.212
4.641 5.247 5.879 6.518 7.142 7.731 8.231 8.550 8.659 8.586 8.193 7.414 6.354 5.291 4.364 3.482 2.557 1.604 0.872 0.430 0.212 0.115 0.070 0.047 0.034 0.025 0.020 0.016 0.014 0.012 0.011 0.010 0.009 0.008 0.008 0.007 0.007 0.006 0.006 0.005 0.004 0.004 0.003 0.002 0.001 0.001 0.000 0.000 0.000 0.000 0.000 0.000 0.000 0.000 0.000 0.000 0.000 0.000 0.001 0.001 0.002 0.003 0.004 0.006 0.008 0.011 0.014 0.019 0.025 0.033 0.044 0.059 0.079 0.103 0.132 0.165 0.203
3.028 3.247 3.454 3.632 3.779 3.915 4.039 4.114 4.130 4.075 3.847 3.387 2.710 2.044 1.537 1.119 0.731 0.411 0.210 0.110 0.064 0.042 0.031 0.024 0.020 0.016 0.014 0.012 0.011 0.010 0.009 0.008 0.007 0.007 0.006 0.006 0.005 0.005 0.004 0.004 0.003 0.003 0.002 0.001 0.001 0.000 0.000 0.000 0.000 0.000 0.000 0.000 0.000 0.000 0.000 0.000 0.000 0.000 0.000 0.000 0.001 0.002 0.003 0.004 0.006 0.008 0.012 0.016 0.022 0.031 0.041 0.056 0.075 0.098 0.126 0.160 0.200
1.705 1.707 1.712 1.700 1.663 1.612 1.572 1.538 1.506 1.456 1.346 1.141 0.846 0.584 0.413 0.286 0.182 0.107 0.062 0.040 0.029 0.023 0.019 0.016 0.014 0.012 0.011 0.009 0.008 0.008 0.007 0.006 0.006 0.005 0.005 0.004 0.004 0.004 0.003 0.003 0.002 0.002 0.002 0.001 0.001 0.000 0.000 0.000 0.000 0.000 0.000 0.000 0.000 0.000 0.000 0.000 0.000 0.000 0.000 0.000 0.000 0.001 0.002 0.003 0.004 0.007 0.010 0.014 0.019 0.027 0.037 0.051 0.069 0.092 0.120 0.156 0.200
0.811 0.753 0.712 0.675 0.632 0.575 0.524 0.485 0.454 0.424 0.384 0.321 0.231 0.159 0.114 0.082 0.057 0.039 0.028 0.022 0.018 0.015 0.014 0.012 0.010 0.009 0.008 0.007 0.006 0.006 0.005 0.005 0.004 0.004 0.004 0.003 0.003 0.003 0.002 0.002 0.002 0.002 0.001 0.001 0.000 0.000 0.000 0.000 0.000 0.000 0.000 0.000 0.000 0.000 0.000 0.000 0.000 0.000 0.000 0.000 0.000 0.000 0.001 0.002 0.003 0.005 0.007 0.011 0.016 0.023 0.032 0.044 0.061 0.083 0.113 0.152 0.202
0.327 0.293 0.271 0.253 0.232 0.203 0.175 0.155 0.140 0.127 0.114 0.097 0.073 0.054 0.042 0.033 0.026 0.021 0.018 0.015 0.013 0.011 0.010 0.009 0.008 0.007 0.006 0.005 0.005 0.004 0.004 0.003 0.003 0.003 0.003 0.002 0.002 0.002 0.002 0.002 0.002 0.001 0.001 0.001 0.000 0.000 0.000 0.000 0.000 0.000 0.000 0.000 0.000 0.000 0.000 0.000 0.000 0.000 0.000 0.000 0.000 0.000 0.000 0.001 0.002 0.003 0.005 0.008 0.012 0.018 0.025 0.035 0.050 0.071 0.102 0.145 0.200
0.124 0.112 0.104 0.096 0.088 0.076 0.065 0.057 0.051 0.047 0.043 0.038 0.033 0.027 0.023 0.019 0.017 0.015 0.013 0.011 0.010 0.008 0.007 0.006 0.006 0.005 0.004 0.004 0.003 0.003 0.003 0.002 0.002 0.002 0.002 0.002 0.002 0.002 0.002 0.002 0.001 0.001 0.001 0.001 0.000 0.000 0.000 0.000 0.000 0.000 0.000 0.000 0.000 0.000 0.000 0.000 0.000 0.000 0.000 0.000 0.000 0.000 0.000 0.000 0.001 0.002 0.004 0.006 0.009 0.013 0.018 0.026 0.037 0.055 0.083 0.126 0.184
0.050 0.046 0.044 0.041 0.038 0.034 0.030 0.027 0.025 0.024 0.022 0.021 0.019 0.017 0.015 0.014 0.012 0.011 0.009 0.008 0.007 0.006 0.005 0.004 0.004 0.003 0.003 0.002 0.002 0.002 0.002 0.002 0.002 0.002 0.002 0.002 0.002 0.002 0.002 0.002 0.002 0.001 0.001 0.001 0.000 0.000 0.000 0.000 0.000 0.000 0.000 0.000 0.000 0.000 0.000 0.000 0.000 0.000 0.000 0.000 0.000 0.000 0.000 0.000 0.000 0.001 0.002 0.004 0.006 0.009 0.013 0.019 0.026 0.038 0.058 0.092 0.145
0.024 0.023 0.022 0.021 0.020 0.019 0.017 0.016 0.016 0.015 0.015 0.014 0.014 0.013 0.011 0.010 0.009 0.008 0.007 0.006 0.005 0.004 0.004 0.003 0.003 0.002 0.002 0.002 0.002 0.002 0.002 0.002 0.002 0.002 0.002 0.002 0.002 0.002 0.002 0.002 0.002 0.001 0.001 0.001 0.000 0.000 0.000 0.000 0.000 0.000 0.000 0.000 0.000 0.000 0.000 0.000 0.000 0.000 0.000 0.000 0.000 0.000 0.000 0.000 0.000 0.001 0.001 0.003 0.004 0.007 0.010 0.013 0.019 0.026 0.038 0.057 0.090
0.014 0.013 0.013 0.013 0.013 0.013 0.012 0.012 0.011 0.011 0.011 0.010 0.010 0.009 0.009 0.008 0.007 0.006 0.005 0.004 0.003 0.003 0.002 0.002 0.002 0.002 0.002 0.002 0.002 0.002 0.002 0.002 0.002 0.002 0.003 0.003 0.003 0.003 0.003 0.002 0.002 0.001 0.001 0.001 0.000 0.000 0.000 0.000 0.000 0.000 0.000 0.000 0.000 0.000 0.000 0.000 0.000 0.000 0.000 0.000 0.000 0.000 0.000 0.000 0.000 0.000 0.001 0.002 0.003 0.005 0.007 0.010 0.013 0.018 0.024 0.035 0.052
0.009 0.009 0.009 0.009 0.009 0.009 0.009 0.009 0.008 0.008 0.008 0.008 0.008 0.007 0.006 0.006 0.005 0.004 0.003 0.003 0.002 0.002 0.002 0.002 0.002 0.002 0.002 0.002 0.003 0.003 0.003 0.004 0.004 0.004 0.004 0.004 0.003 0.003 0.003 0.002 0.002 0.001 0.001 0.000 0.000 0.000 0.000 0.000 0.000 0.000 0.000 0.000 0.000 0.000 0.000 0.000 0.000 0.000 0.000 0.000 0.000 0.000 0.000 0.000 0.000 0.000 0.000 0.001 0.002 0.003 0.005 0.007 0.009 0.012 0.017 0.023 0.031
0.007 0.007 0.007 0.007 0.007 0.007 0.007 0.007 0.007 0.006 0.006 0.006 0.006 0.005 0.005 0.004 0.003 0.003 0.002 0.002 0.002 0.002 0.002 0.002 0.002 0.003 0.004 0.004 0.005 0.005 0.006 0.005 0.005 0.005 0.005 0.004 0.004 0.003 0.003 0.002 0.002 0.001 0.001 0.000 0.000 0.000 0.000 0.000 0.000 0.000 0.000 0.000 0.000 0.000 0.000 0.000 0.000 0.000 0.000 0.000 0.000 0.000 0.000 0.000 0.000 0.000 0.000 0.000 0.001 0.002 0.003 0.004 0.006 0.009 0.012 0.015 0.020
0.005 0.005 0.005 0.005 0.005 0.005 0.005 0.005 0.005 0.005 0.005 0.004 0.004 0.004 0.003 0.003 0.002 0.002 0.002 0.002 0.002 0.002 0.002 0.003 0.004 0.005 0.006 0.007 0.007 0.007 0.007 0.006 0.006 0.005 0.005 0.004 0.004 0.003 0.002 0.002 0.001 0.001 0.001 0.000 0.000 0.000 0.000 0.000 0.000 0.000 0.000 0.000 0.000 0.000 0.000 0.000 0.000 0.000 0.000 0.000 0.000 0.000 0.000 0.000 0.000 0.000 0.000 0.000 0.000 0.001 0.002 0.003 0.004 0.006 0.008 0.011 0.014
0.004 0.004 0.004 0.004 0.004 0.004 0.004 0.004 0.004 0.004 0.003 0.003 0.003 0.002 0.002 0.002 0.002 0.001 0.001 0.002 0.002 0.003 0.004 0.006 0.007 0.008 0.008 0.008 0.008 0.008 0.007 0.006 0.006 0.005 0.005 0.004 0.003 0.003 0.002 0.001 0.001 0.001 0.000 0.000 0.000 0.000 0.000 0.000 0.000 0.000 0.000 0.000 0.000 0.000 0.000 0.000 0.000 0.000 0.000 0.000 0.000 0.000 0.000 0.000 0.000 0.000 0.000 0.000 0.000 0.000 0.001 0.002 0.003 0.004 0.006 0.007 0.010
0.003 0.003 0.003 0.003 0.003 0.003 0.003 0.003 0.003 0.003 0.002 0.002 0.002 0.002 0.001 0.001 0.001 0.002 0.002 0.003 0.004 0.005 0.006 0.007 0.008 0.009 0.009 0.009 0.008 0.008 0.007 0.006 0.006 0.005 0.004 0.004 0.003 0.002 0.002 0.001 0.001 0.000 0.000 0.000 0.000 0.000 0.000 0.000 0.000 0.000 0.000 0.000 0.000 0.000 0.000 0.000 0.000 0.000 0.000 0.000 0.000 0.000 0.000 0.000 0.000 0.000 0.000 0.000 0.000 0.000 0.000 0.001 0.001 0.002 0.004 0.005 0.007
0.002 0.002 0.002 0.002 0.002 0.002 0.002 0.002 0.002 0.002 0.002 0.002 0.001 0.001 0.001 0.001 0.002 0.002 0.003 0.004 0.006 0.007 0.007 0.008 0.009 0.009 0.009 0.009 0.008 0.008 0.007 0.006 0.005 0.004 0.004 0.003 0.002 0.001 0.001 0.001 0.001 0.000 0.000 0.000 0.000 0.000 0.000 0.000 0.000 0.000 0.000 0.000 0.000 0.000 0.000 0.000 0.000 0.000 0.000 0.000 0.000 0.000 0.000 0.000 0.000 0.000 0.000 0.000 0.000 0.000 0.000 0.000 0.001 0.001 0.002 0.003 0.004
0.002 0.002 0.002 0.002 0.002 0.002 0.002 0.002 0.001 0.001 0.001 0.001 0.001 0.001 0.001 0.001 0.002 0.003 0.004 0.005 0.006 0.007 0.008 0.008 0.009 0.009 0.009 0.008 0.008 0.007 0.006 0.005 0.004 0.003 0.002 0.002 0.001 0.001 0.001 0.001 0.000 0.000 0.000 0.000 0.000 0.000 0.000 0.000 0.000 0.000 0.000 0.000 0.000 0.000 0.000 0.000 0.000 0.000 0.000 0.000 0.000 0.000 0.000 0.000 0.000 0.000 0.000 0.000 0.000 0.000 0.000 0.000 0.000 0.000 0.001 0.002 0.003
0.001 0.001 0.001 0.001 0.001 0.001 0.001 0.001 0.001 0.001 0.001 0.001 0.001 0.001 0.001 0.002 0.002 0.003 0.004 0.006 0.006 0.007 0.008 0.008 0.008 0.008 0.008 0.008 0.007 0.006 0.005 0.004 0.003 0.002 0.002 0.001 0.001 0.001 0.001 0.000 0.000 0.000 0.000 0.000 0.000 0.000 0.000 0.000 0.000 0.000 0.000 0.000 0.000 0.000 0.000 0.000 0.000 0.000 0.000 0.000 0.000 0.000 0.000 0.000 0.000 0.000 0.000 0.000 0.000 0.000 0.000 0.000 0.000 0.000 0.000 0.001 0.002
0.001 0.001 0.001 0.001 0.001 0.001 0.001 0.001 0.001 0.001 0.001 0.001 0.001 0.001 0.001 0.002 0.002 0.003 0.004 0.005 0.006 0.007 0.007 0.007 0.007 0.007 0.006 0.006 0.005 0.004 0.003 0.002 0.002 0.001 0.001 0.001 0.001 0.000 0.000 0.000 0.000 0.000 0.000 0.000 0.000 0.000 0.000 0.000 0.000 0.000 0.000 0.000 0.000 0.000 0.000 0.000 0.000 0.000 0.000 0.000 0.000 0.000 0.000 0.000 0.000 0.000 0.000 0.000 0.000 0.000 0.000 0.000 0.000 0.000 0.000 0.000 0.001
0.001 0.001 0.001 0.001 0.001 0.001 0.001 0.001 0.001 0.001 0.001 0.001 0.001 0.001 0.001 0.002 0.002 0.003 0.004 0.005 0.005 0.006 0.006 0.005 0.005 0.004 0.004 0.003 0.003 0.002 0.002 0.001 0.001 0.001 0.001 0.001 0.000 0.000 0.000 0.000 0.000 0.000 0.000 0.000 0.000 0.000 0.000 0.000 0.000 0.000 0.000 0.000 0.000 0.000 0.000 0.000 0.000 0.000 0.000 0.000 0.000 0.000 0.000 0.000 0.000 0.000 0.000 0.000 0.000 0.000 0.000 0.000 0.000 0.000 0.000 0.000 0.000
