RESULTS/r.avaflow_results/12_results/12_ascii/12_hflow0058.asc
ncols 506
nrows 317
xllcenter 498237.50
yllcenter 5580050.00
cellsize 12.50
NODATA_value -9999.000
[rows 170 to 203 of 317, columns 231 to 307 of 506]
0.155 0.112 0.086 0.072 0.066 0.065 0.067 0.075 0.099 0.148 0.197 0.218 0.220 0.210 0.178 0.122 0.072 0.044 0.029 0.020 0.015 0.011 0.008 0.006 0.004 0.003 0.002 0.001 0.000 0.000 0.000 0.000 0.000 0.000 0.000 0.000 0.000 0.000 0.000 0.000 0.000 0.000 0.000 0.000 0.000 0.000 0.000 0.000 0.000 0.000 0.000 0.000 0.000 0.000 0.000 0.000 0.000 0.000 0.000 0.000 0.000 0.000 0.000 0.000 0.000 0.000 0.000 0.000 0.000 0.000 0.000 0.000 0.000 0.000 0.000 0.000 0.000
0.231 0.157 0.114 0.093 0.085 0.084 0.089 0.110 0.167 0.283 0.397 0.445 0.448 0.422 0.348 0.225 0.123 0.068 0.041 0.027 0.019 0.014 0.010 0.008 0.006 0.004 0.002 0.001 0.001 0.000 0.000 0.000 0.000 0.000 0.000 0.000 0.000 0.000 0.000 0.000 0.000 0.000 0.000 0.000 0.000 0.000 0.000 0.000 0.000 0.000 0.000 0.000 0.000 0.000 0.000 0.000 0.000 0.000 0.000 0.000 0.000 0.000 0.000 0.000 0.000 0.000 0.000 0.000 0.000 0.000 0.000 0.000 0.000 0.000 0.000 0.000 0.000
0.330 0.226 0.156 0.122 0.110 0.108 0.117 0.156 0.265 0.481 0.697 0.790 0.797 0.748 0.616 0.400 0.209 0.106 0.058 0.035 0.023 0.017 0.013 0.010 0.007 0.005 0.004 0.002 0.001 0.001 0.000 0.000 0.000 0.000 0.000 0.000 0.000 0.000 0.000 0.000 0.000 0.000 0.000 0.000 0.000 0.000 0.000 0.000 0.000 0.000 0.000 0.000 0.000 0.000 0.000 0.000 0.000 0.000 0.000 0.000 0.000 0.000 0.000 0.000 0.000 0.000 0.000 0.000 0.000 0.000 0.000 0.000 0.000 0.000 0.000 0.000 0.000
0.406 0.310 0.214 0.160 0.140 0.137 0.148 0.197 0.335 0.615 0.909 1.044 1.061 1.005 0.851 0.588 0.320 0.159 0.081 0.046 0.029 0.021 0.015 0.012 0.009 0.007 0.005 0.004 0.002 0.001 0.001 0.000 0.000 0.000 0.000 0.000 0.000 0.000 0.000 0.000 0.000 0.000 0.000 0.000 0.000 0.000 0.000 0.000 0.000 0.000 0.000 0.000 0.000 0.000 0.000 0.000 0.000 0.000 0.000 0.000 0.000 0.000 0.000 0.000 0.000 0.000 0.000 0.000 0.000 0.000 0.000 0.000 0.000 0.000 0.000 0.000 0.000
0.439 0.377 0.285 0.210 0.176 0.170 0.180 0.230 0.376 0.673 0.992 1.147 1.172 1.120 0.967 0.702 0.407 0.213 0.109 0.059 0.036 0.025 0.018 0.014 0.011 0.009 0.007 0.005 0.003 0.002 0.001 0.001 0.000 0.000 0.000 0.000 0.000 0.000 0.000 0.000 0.000 0.000 0.000 0.000 0.000 0.000 0.000 0.000 0.000 0.000 0.000 0.000 0.000 0.000 0.000 0.000 0.000 0.000 0.000 0.000 0.000 0.000 0.000 0.000 0.000 0.000 0.000 0.000 0.000 0.000 0.000 0.000 0.000 0.000 0.000 0.000 0.000
0.444 0.408 0.342 0.264 0.219 0.207 0.214 0.261 0.402 0.685 0.994 1.151 1.179 1.132 0.990 0.744 0.461 0.258 0.138 0.075 0.044 0.029 0.022 0.017 0.013 0.010 0.008 0.006 0.005 0.003 0.002 0.001 0.001 0.000 0.000 0.000 0.000 0.000 0.000 0.000 0.000 0.000 0.000 0.000 0.000 0.000 0.000 0.000 0.000 0.000 0.000 0.000 0.000 0.000 0.000 0.000 0.000 0.000 0.000 0.000 0.000 0.000 0.000 0.000 0.000 0.000 0.000 0.000 0.000 0.000 0.000 0.000 0.000 0.000 0.000 0.000 0.000
0.430 0.412 0.370 0.307 0.264 0.249 0.253 0.295 0.420 0.671 0.941 1.080 1.109 1.076 0.957 0.744 0.485 0.291 0.164 0.091 0.054 0.035 0.025 0.020 0.016 0.013 0.010 0.008 0.006 0.005 0.004 0.002 0.001 0.001 0.000 0.000 0.000 0.000 0.000 0.000 0.000 0.000 0.000 0.000 0.000 0.000 0.000 0.000 0.000 0.000 0.000 0.000 0.000 0.000 0.000 0.000 0.000 0.000 0.000 0.000 0.000 0.000 0.000 0.000 0.000 0.000 0.000 0.000 0.000 0.000 0.000 0.000 0.000 0.000 0.000 0.000 0.000
0.397 0.395 0.374 0.333 0.304 0.295 0.299 0.334 0.436 0.629 0.817 0.914 0.940 0.925 0.850 0.699 0.489 0.308 0.184 0.107 0.064 0.042 0.030 0.023 0.019 0.015 0.013 0.010 0.008 0.007 0.005 0.004 0.003 0.002 0.001 0.000 0.000 0.000 0.000 0.000 0.000 0.000 0.000 0.000 0.000 0.000 0.000 0.000 0.000 0.000 0.000 0.000 0.000 0.000 0.000 0.000 0.000 0.000 0.000 0.000 0.000 0.000 0.000 0.000 0.000 0.000 0.000 0.000 0.000 0.000 0.000 0.000 0.000 0.000 0.000 0.000 0.000
0.346 0.361 0.359 0.342 0.329 0.328 0.338 0.372 0.447 0.564 0.654 0.696 0.706 0.698 0.663 0.587 0.459 0.312 0.198 0.122 0.077 0.051 0.037 0.028 0.023 0.019 0.015 0.013 0.011 0.009 0.007 0.005 0.004 0.003 0.002 0.001 0.001 0.000 0.000 0.000 0.000 0.000 0.000 0.000 0.000 0.000 0.000 0.000 0.000 0.000 0.000 0.000 0.000 0.000 0.000 0.000 0.000 0.000 0.000 0.000 0.000 0.000 0.000 0.000 0.000 0.000 0.000 0.000 0.000 0.000 0.000 0.000 0.000 0.000 0.000 0.000 0.000
0.283 0.314 0.329 0.334 0.338 0.347 0.366 0.402 0.460 0.517 0.547 0.554 0.547 0.527 0.494 0.449 0.386 0.298 0.207 0.138 0.092 0.063 0.046 0.036 0.029 0.024 0.019 0.016 0.013 0.011 0.009 0.007 0.006 0.004 0.003 0.002 0.001 0.001 0.000 0.000 0.000 0.000 0.000 0.000 0.000 0.000 0.000 0.000 0.000 0.000 0.000 0.000 0.000 0.000 0.000 0.000 0.000 0.000 0.000 0.000 0.000 0.000 0.000 0.000 0.000 0.000 0.000 0.000 0.000 0.000 0.000 0.000 0.000 0.000 0.000 0.000 0.000
0.230 0.263 0.290 0.313 0.333 0.355 0.385 0.428 0.470 0.493 0.496 0.486 0.464 0.431 0.397 0.362 0.324 0.277 0.216 0.157 0.112 0.081 0.061 0.048 0.039 0.031 0.026 0.021 0.017 0.014 0.012 0.010 0.008 0.006 0.005 0.004 0.003 0.002 0.001 0.001 0.000 0.000 0.000 0.000 0.000 0.000 0.000 0.000 0.000 0.000 0.000 0.000 0.000 0.000 0.000 0.000 0.000 0.000 0.000 0.000 0.000 0.000 0.000 0.000 0.000 0.000 0.000 0.000 0.000 0.000 0.000 0.000 0.000 0.000 0.000 0.000 0.000
0.196 0.226 0.254 0.283 0.316 0.356 0.402 0.446 0.476 0.486 0.481 0.463 0.430 0.389 0.355 0.326 0.299 0.269 0.230 0.184 0.142 0.110 0.087 0.069 0.056 0.045 0.036 0.029 0.023 0.019 0.015 0.012 0.010 0.009 0.007 0.006 0.005 0.003 0.003 0.002 0.001 0.001 0.001 0.000 0.000 0.000 0.000 0.000 0.000 0.000 0.000 0.000 0.000 0.000 0.000 0.000 0.000 0.000 0.000 0.000 0.000 0.000 0.000 0.000 0.000 0.000 0.000 0.000 0.000 0.000 0.000 0.000 0.000 0.000 0.000 0.000 0.000
0.177 0.205 0.235 0.268 0.308 0.359 0.417 0.461 0.484 0.489 0.482 0.461 0.424 0.380 0.345 0.319 0.297 0.277 0.253 0.223 0.188 0.156 0.131 0.110 0.091 0.074 0.057 0.043 0.033 0.026 0.020 0.016 0.013 0.011 0.010 0.008 0.007 0.006 0.005 0.004 0.003 0.002 0.002 0.001 0.001 0.001 0.000 0.000 0.000 0.000 0.000 0.000 0.000 0.000 0.000 0.001 0.001 0.001 0.001 0.001 0.002 0.002 0.002 0.002 0.002 0.002 0.002 0.002 0.002 0.002 0.002 0.002 0.002 0.001 0.001 0.000 0.000
0.170 0.198 0.230 0.266 0.310 0.370 0.438 0.483 0.504 0.508 0.501 0.478 0.439 0.390 0.354 0.330 0.316 0.306 0.296 0.282 0.260 0.234 0.210 0.187 0.162 0.135 0.105 0.075 0.053 0.038 0.028 0.022 0.018 0.015 0.013 0.011 0.010 0.008 0.007 0.006 0.005 0.004 0.003 0.003 0.002 0.002 0.001 0.001 0.001 0.001 0.001 0.001 0.001 0.001 0.001 0.002 0.003 0.004 0.004 0.005 0.005 0.005 0.005 0.005 0.005 0.006 0.006 0.006 0.006 0.006 0.006 0.006 0.005 0.004 0.003 0.002 0.001
0.171 0.200 0.235 0.278 0.332 0.407 0.485 0.537 0.564 0.572 0.567 0.547 0.510 0.459 0.415 0.389 0.379 0.377 0.377 0.377 0.374 0.367 0.354 0.334 0.306 0.267 0.213 0.147 0.094 0.061 0.042 0.030 0.024 0.019 0.017 0.015 0.013 0.012 0.010 0.009 0.008 0.007 0.006 0.005 0.004 0.004 0.003 0.003 0.003 0.003 0.003 0.003 0.003 0.004 0.004 0.005 0.006 0.008 0.009 0.010 0.010 0.010 0.011 0.011 0.011 0.012 0.012 0.013 0.013 0.013 0.013 0.013 0.012 0.009 0.006 0.003 0.002
0.180 0.216 0.263 0.322 0.400 0.502 0.605 0.676 0.719 0.740 0.744 0.735 0.708 0.662 0.603 0.550 0.523 0.516 0.519 0.530 0.550 0.580 0.599 0.597 0.578 0.529 0.440 0.307 0.181 0.105 0.065 0.044 0.033 0.026 0.022 0.019 0.017 0.016 0.014 0.013 0.012 0.010 0.009 0.008 0.007 0.007 0.006 0.006 0.006 0.006 0.006 0.006 0.007 0.007 0.008 0.010 0.011 0.013 0.015 0.017 0.018 0.019 0.019 0.019 0.020 0.020 0.022 0.023 0.024 0.024 0.024 0.024 0.021 0.016 0.010 0.006 0.004
0.209 0.261 0.331 0.423 0.541 0.693 0.860 0.985 1.068 1.119 1.143 1.147 1.135 1.091 1.002 0.877 0.788 0.750 0.745 0.761 0.806 0.886 0.968 1.007 1.010 0.967 0.842 0.616 0.354 0.190 0.107 0.068 0.047 0.036 0.030 0.026 0.023 0.021 0.020 0.018 0.016 0.015 0.013 0.012 0.011 0.010 0.010 0.010 0.010 0.010 0.010 0.011 0.011 0.012 0.014 0.016 0.019 0.022 0.025 0.028 0.030 0.031 0.032 0.032 0.033 0.034 0.037 0.040 0.042 0.043 0.043 0.042 0.036 0.027 0.017 0.011 0.006
0.262 0.343 0.451 0.594 0.775 1.005 1.286 1.527 1.693 1.793 1.841 1.855 1.847 1.785 1.633 1.391 1.192 1.091 1.065 1.080 1.148 1.290 1.468 1.579 1.618 1.591 1.442 1.112 0.655 0.344 0.184 0.109 0.072 0.053 0.042 0.036 0.032 0.030 0.027 0.026 0.023 0.021 0.019 0.017 0.016 0.015 0.015 0.015 0.015 0.015 0.015 0.016 0.017 0.019 0.022 0.026 0.030 0.036 0.042 0.047 0.050 0.052 0.054 0.055 0.056 0.059 0.063 0.069 0.073 0.074 0.074 0.069 0.057 0.040 0.026 0.016 0.009
0.302 0.410 0.557 0.756 1.023 1.381 1.848 2.250 2.502 2.617 2.649 2.643 2.596 2.474 2.249 1.940 1.689 1.537 1.479 1.485 1.578 1.807 2.113 2.313 2.391 2.371 2.179 1.735 1.086 0.594 0.317 0.182 0.115 0.081 0.062 0.052 0.046 0.043 0.040 0.037 0.035 0.031 0.027 0.024 0.022 0.021 0.021 0.021 0.021 0.021 0.022 0.024 0.026 0.030 0.035 0.042 0.050 0.060 0.072 0.081 0.088 0.093 0.096 0.099 0.102 0.106 0.114 0.123 0.128 0.128 0.121 0.102 0.074 0.049 0.031 0.019 0.011
0.313 0.433 0.600 0.834 1.168 1.645 2.275 2.786 3.081 3.186 3.192 3.159 3.071 2.904 2.635 2.329 2.108 1.981 1.936 1.953 2.104 2.470 2.877 3.086 3.130 3.048 2.752 2.189 1.451 0.884 0.517 0.303 0.188 0.128 0.096 0.079 0.070 0.066 0.063 0.060 0.055 0.049 0.041 0.035 0.032 0.030 0.029 0.029 0.029 0.030 0.032 0.035 0.040 0.048 0.058 0.071 0.087 0.108 0.132 0.152 0.165 0.174 0.181 0.186 0.191 0.198 0.209 0.217 0.216 0.201 0.168 0.123 0.083 0.054 0.034 0.020 0.012
0.302 0.426 0.599 0.847 1.218 1.777 2.514 3.077 3.381 3.473 3.467 3.414 3.305 3.117 2.835 2.568 2.402 2.324 2.314 2.400 2.679 3.160 3.540 3.690 3.685 3.517 3.106 2.431 1.666 1.100 0.717 0.466 0.304 0.207 0.155 0.128 0.116 0.111 0.108 0.106 0.099 0.087 0.069 0.056 0.047 0.043 0.041 0.041 0.041 0.043 0.047 0.054 0.066 0.083 0.104 0.129 0.161 0.204 0.250 0.285 0.307 0.319 0.325 0.327 0.329 0.331 0.330 0.322 0.299 0.255 0.192 0.131 0.087 0.055 0.034 0.020 0.012
0.257 0.378 0.553 0.811 1.204 1.798 2.575 3.156 3.464 3.550 3.544 3.491 3.380 3.189 2.910 2.691 2.581 2.553 2.592 2.765 3.150 3.658 3.973 4.072 4.028 3.780 3.268 2.507 1.758 1.220 0.848 0.595 0.426 0.317 0.252 0.217 0.203 0.200 0.203 0.202 0.194 0.170 0.131 0.098 0.078 0.067 0.062 0.061 0.061 0.065 0.074 0.091 0.120 0.158 0.199 0.243 0.299 0.370 0.430 0.463 0.473 0.465 0.447 0.434 0.424 0.414 0.403 0.381 0.340 0.277 0.198 0.133 0.086 0.055 0.034 0.020 0.012
0.175 0.276 0.435 0.684 1.081 1.691 2.486 3.089 3.412 3.516 3.520 3.481 3.381 3.195 2.922 2.735 2.668 2.675 2.770 3.013 3.445 3.901 4.152 4.219 4.156 3.863 3.296 2.496 1.772 1.259 0.903 0.659 0.498 0.400 0.347 0.326 0.323 0.335 0.355 0.363 0.355 0.319 0.252 0.181 0.136 0.111 0.100 0.096 0.097 0.104 0.125 0.166 0.230 0.303 0.370 0.431 0.492 0.545 0.575 0.583 0.567 0.532 0.496 0.472 0.455 0.440 0.422 0.395 0.348 0.279 0.196 0.130 0.083 0.052 0.032 0.020 0.011
0.097 0.155 0.261 0.454 0.797 1.352 2.109 2.758 3.149 3.327 3.383 3.377 3.311 3.150 2.899 2.736 2.691 2.717 2.846 3.118 3.539 3.927 4.135 4.184 4.110 3.796 3.190 2.369 1.700 1.231 0.899 0.670 0.521 0.436 0.399 0.390 0.399 0.432 0.472 0.489 0.485 0.453 0.384 0.295 0.228 0.187 0.165 0.158 0.160 0.175 0.218 0.298 0.410 0.505 0.567 0.607 0.634 0.649 0.647 0.628 0.591 0.539 0.496 0.467 0.446 0.428 0.409 0.381 0.335 0.265 0.183 0.120 0.076 0.047 0.029 0.018 0.011
0.055 0.082 0.132 0.231 0.427 0.798 1.395 2.070 2.589 2.901 3.061 3.115 3.098 2.996 2.808 2.689 2.665 2.704 2.839 3.093 3.431 3.687 3.803 3.816 3.703 3.360 2.745 1.992 1.439 1.068 0.809 0.627 0.507 0.438 0.412 0.411 0.429 0.473 0.520 0.540 0.540 0.514 0.452 0.366 0.301 0.261 0.241 0.236 0.242 0.269 0.331 0.431 0.549 0.634 0.681 0.698 0.700 0.688 0.662 0.623 0.567 0.503 0.453 0.416 0.390 0.370 0.350 0.326 0.286 0.224 0.153 0.099 0.063 0.040 0.025 0.016 0.009
0.034 0.047 0.069 0.111 0.196 0.367 0.680 1.161 1.706 2.173 2.476 2.630 2.680 2.658 2.574 2.518 2.519 2.567 2.673 2.818 2.946 2.987 2.958 2.884 2.707 2.359 1.824 1.284 0.932 0.721 0.586 0.494 0.432 0.400 0.391 0.400 0.426 0.474 0.520 0.541 0.542 0.521 0.467 0.390 0.334 0.301 0.288 0.287 0.296 0.330 0.395 0.495 0.601 0.673 0.710 0.719 0.712 0.685 0.635 0.566 0.482 0.405 0.347 0.306 0.278 0.257 0.240 0.222 0.195 0.154 0.106 0.069 0.045 0.029 0.019 0.012 0.007
0.024 0.030 0.040 0.058 0.091 0.157 0.287 0.516 0.850 1.246 1.605 1.858 2.007 2.081 2.112 2.126 2.147 2.176 2.193 2.139 1.996 1.825 1.665 1.525 1.369 1.147 0.848 0.593 0.440 0.358 0.315 0.294 0.289 0.298 0.315 0.342 0.382 0.433 0.473 0.493 0.496 0.482 0.443 0.383 0.337 0.313 0.305 0.307 0.319 0.351 0.410 0.500 0.592 0.654 0.685 0.691 0.678 0.630 0.548 0.438 0.335 0.260 0.212 0.182 0.163 0.150 0.139 0.128 0.113 0.091 0.065 0.045 0.031 0.021 0.014 0.009 0.005
0.017 0.021 0.026 0.034 0.048 0.073 0.120 0.205 0.350 0.566 0.815 1.028 1.185 1.308 1.403 1.460 1.482 1.461 1.369 1.191 0.989 0.839 0.731 0.641 0.554 0.453 0.334 0.242 0.189 0.164 0.154 0.153 0.159 0.173 0.197 0.234 0.283 0.328 0.358 0.374 0.378 0.375 0.360 0.333 0.312 0.303 0.302 0.306 0.317 0.344 0.389 0.454 0.517 0.558 0.576 0.579 0.558 0.496 0.389 0.278 0.204 0.156 0.127 0.109 0.098 0.090 0.083 0.076 0.067 0.055 0.041 0.030 0.021 0.014 0.009 0.006 0.003
0.013 0.015 0.019 0.023 0.030 0.040 0.057 0.087 0.138 0.224 0.349 0.483 0.597 0.689 0.754 0.784 0.784 0.750 0.664 0.533 0.416 0.342 0.293 0.255 0.218 0.178 0.136 0.106 0.089 0.082 0.081 0.083 0.087 0.096 0.112 0.135 0.166 0.192 0.208 0.216 0.220 0.222 0.226 0.232 0.245 0.259 0.269 0.277 0.286 0.297 0.312 0.333 0.353 0.367 0.373 0.372 0.354 0.305 0.231 0.168 0.127 0.100 0.083 0.072 0.064 0.059 0.054 0.048 0.042 0.035 0.027 0.020 0.014 0.010 0.006 0.004 0.002
0.009 0.011 0.014 0.017 0.020 0.025 0.033 0.044 0.063 0.094 0.143 0.210 0.273 0.323 0.356 0.367 0.363 0.339 0.291 0.224 0.175 0.145 0.127 0.112 0.098 0.082 0.067 0.056 0.051 0.049 0.049 0.050 0.053 0.058 0.066 0.078 0.093 0.105 0.112 0.116 0.118 0.121 0.126 0.135 0.154 0.179 0.197 0.205 0.206 0.200 0.189 0.185 0.186 0.190 0.194 0.195 0.190 0.171 0.138 0.106 0.084 0.069 0.058 0.051 0.045 0.041 0.037 0.033 0.028 0.023 0.018 0.013 0.009 0.006 0.004 0.002 0.001
0.007 0.008 0.010 0.012 0.015 0.018 0.022 0.027 0.035 0.047 0.067 0.096 0.127 0.149 0.162 0.165 0.163 0.152 0.131 0.102 0.083 0.072 0.065 0.059 0.054 0.047 0.041 0.037 0.034 0.034 0.034 0.035 0.036 0.038 0.042 0.048 0.055 0.060 0.063 0.066 0.068 0.070 0.073 0.079 0.091 0.106 0.114 0.117 0.115 0.109 0.102 0.099 0.099 0.100 0.103 0.105 0.104 0.099 0.087 0.073 0.060 0.050 0.043 0.038 0.033 0.030 0.026 0.023 0.019 0.015 0.012 0.009 0.006 0.004 0.002 0.001 0.001
0.005 0.006 0.007 0.009 0.011 0.013 0.016 0.019 0.023 0.029 0.037 0.050 0.064 0.074 0.079 0.080 0.079 0.075 0.066 0.055 0.047 0.043 0.040 0.037 0.035 0.032 0.029 0.027 0.026 0.026 0.026 0.026 0.027 0.028 0.030 0.033 0.036 0.038 0.040 0.041 0.043 0.044 0.046 0.050 0.056 0.062 0.064 0.065 0.064 0.062 0.059 0.058 0.058 0.058 0.060 0.062 0.062 0.062 0.058 0.052 0.045 0.038 0.033 0.028 0.025 0.022 0.019 0.016 0.013 0.010 0.008 0.006 0.004 0.002 0.001 0.001 0.000
0.003 0.004 0.005 0.006 0.008 0.009 0.011 0.014 0.016 0.020 0.024 0.031 0.037 0.041 0.043 0.044 0.044 0.042 0.039 0.034 0.031 0.029 0.028 0.027 0.026 0.024 0.022 0.021 0.020 0.020 0.020 0.020 0.020 0.021 0.022 0.023 0.025 0.026 0.027 0.028 0.029 0.030 0.032 0.034 0.037 0.039 0.039 0.039 0.039 0.038 0.038 0.037 0.038 0.038 0.039 0.040 0.041 0.041 0.041 0.038 0.034 0.029 0.025 0.022 0.019 0.016 0.013 0.011 0.009 0.007 0.005 0.003 0.002 0.001 0.001 0.000 0.000
0.001 0.002 0.003 0.004 0.005 0.007 0.008 0.010 0.012 0.014 0.017 0.021 0.024 0.026 0.027 0.027 0.027 0.027 0.026 0.024 0.022 0.021 0.021 0.020 0.019 0.018 0.017 0.016 0.016 0.015 0.015 0.015 0.015 0.016 0.016 0.017 0.018 0.019 0.019 0.020 0.021 0.022 0.023 0.024 0.025 0.026 0.026 0.026 0.026 0.026 0.026 0.026 0.026 0.027 0.027 0.028 0.029 0.029 0.029 0.028 0.025 0.022 0.019 0.016 0.014 0.011 0.009 0.008 0.006 0.004 0.003 0.002 0.001 0.000 0.000 0.000 0.000
