RESULTS/r.avaflow_results/12_results/12_ascii/12_hflow30047.asc
ncols 506
nrows 317
xllcenter 498237.50
yllcenter 5580050.00
cellsize 12.50
NODATA_value -9999.000
[rows 170 to 203 of 317, columns 231 to 307 of 506]
0.169 0.119 0.088 0.072 0.065 0.063 0.064 0.070 0.090 0.131 0.174 0.193 0.195 0.186 0.158 0.108 0.064 0.040 0.026 0.018 0.013 0.010 0.007 0.005 0.003 0.002 0.001 0.000 0.000 0.000 0.000 0.000 0.000 0.000 0.000 0.000 0.000 0.000 0.000 0.000 0.000 0.000 0.000 0.000 0.000 0.000 0.000 0.000 0.000 0.000 0.000 0.000 0.000 0.000 0.000 0.000 0.000 0.000 0.000 0.000 0.000 0.000 0.000 0.000 0.000 0.000 0.000 0.000 0.000 0.000 0.000 0.000 0.000 0.000 0.000 0.000 0.000
0.252 0.167 0.118 0.093 0.083 0.082 0.085 0.101 0.149 0.248 0.350 0.393 0.397 0.373 0.308 0.199 0.109 0.061 0.037 0.024 0.017 0.012 0.009 0.007 0.005 0.003 0.002 0.001 0.000 0.000 0.000 0.000 0.000 0.000 0.000 0.000 0.000 0.000 0.000 0.000 0.000 0.000 0.000 0.000 0.000 0.000 0.000 0.000 0.000 0.000 0.000 0.000 0.000 0.000 0.000 0.000 0.000 0.000 0.000 0.000 0.000 0.000 0.000 0.000 0.000 0.000 0.000 0.000 0.000 0.000 0.000 0.000 0.000 0.000 0.000 0.000 0.000
0.365 0.242 0.163 0.122 0.107 0.104 0.111 0.142 0.233 0.420 0.615 0.700 0.708 0.664 0.547 0.354 0.185 0.095 0.052 0.032 0.021 0.015 0.011 0.008 0.006 0.004 0.003 0.002 0.001 0.000 0.000 0.000 0.000 0.000 0.000 0.000 0.000 0.000 0.000 0.000 0.000 0.000 0.000 0.000 0.000 0.000 0.000 0.000 0.000 0.000 0.000 0.000 0.000 0.000 0.000 0.000 0.000 0.000 0.000 0.000 0.000 0.000 0.000 0.000 0.000 0.000 0.000 0.000 0.000 0.000 0.000 0.000 0.000 0.000 0.000 0.000 0.000
0.459 0.342 0.228 0.163 0.137 0.132 0.139 0.178 0.292 0.532 0.798 0.925 0.942 0.894 0.757 0.520 0.283 0.141 0.072 0.041 0.027 0.019 0.014 0.011 0.008 0.006 0.004 0.003 0.002 0.001 0.000 0.000 0.000 0.000 0.000 0.000 0.000 0.000 0.000 0.000 0.000 0.000 0.000 0.000 0.000 0.000 0.000 0.000 0.000 0.000 0.000 0.000 0.000 0.000 0.000 0.000 0.000 0.000 0.000 0.000 0.000 0.000 0.000 0.000 0.000 0.000 0.000 0.000 0.000 0.000 0.000 0.000 0.000 0.000 0.000 0.000 0.000
0.503 0.429 0.316 0.220 0.175 0.164 0.170 0.208 0.327 0.578 0.867 1.014 1.038 0.994 0.859 0.621 0.359 0.189 0.097 0.053 0.033 0.023 0.017 0.013 0.010 0.008 0.006 0.004 0.003 0.002 0.001 0.000 0.000 0.000 0.000 0.000 0.000 0.000 0.000 0.000 0.000 0.000 0.000 0.000 0.000 0.000 0.000 0.000 0.000 0.000 0.000 0.000 0.000 0.000 0.000 0.000 0.000 0.000 0.000 0.000 0.000 0.000 0.000 0.000 0.000 0.000 0.000 0.000 0.000 0.000 0.000 0.000 0.000 0.000 0.000 0.000 0.000
0.512 0.471 0.393 0.289 0.221 0.200 0.203 0.237 0.348 0.585 0.866 1.014 1.042 1.003 0.877 0.657 0.406 0.228 0.123 0.067 0.040 0.027 0.020 0.015 0.012 0.010 0.007 0.006 0.004 0.003 0.002 0.001 0.000 0.000 0.000 0.000 0.000 0.000 0.000 0.000 0.000 0.000 0.000 0.000 0.000 0.000 0.000 0.000 0.000 0.000 0.000 0.000 0.000 0.000 0.000 0.000 0.000 0.000 0.000 0.000 0.000 0.000 0.000 0.000 0.000 0.000 0.000 0.000 0.000 0.000 0.000 0.000 0.000 0.000 0.000 0.000 0.000
0.500 0.480 0.433 0.350 0.276 0.244 0.242 0.269 0.365 0.570 0.813 0.945 0.976 0.949 0.845 0.655 0.426 0.257 0.146 0.082 0.049 0.032 0.024 0.018 0.015 0.012 0.009 0.008 0.006 0.004 0.003 0.002 0.001 0.001 0.000 0.000 0.000 0.000 0.000 0.000 0.000 0.000 0.000 0.000 0.000 0.000 0.000 0.000 0.000 0.000 0.000 0.000 0.000 0.000 0.000 0.000 0.000 0.000 0.000 0.000 0.000 0.000 0.000 0.000 0.000 0.000 0.000 0.000 0.000 0.000 0.000 0.000 0.000 0.000 0.000 0.000 0.000
0.469 0.466 0.442 0.390 0.331 0.300 0.293 0.310 0.380 0.529 0.696 0.789 0.816 0.806 0.744 0.613 0.428 0.270 0.163 0.096 0.059 0.039 0.028 0.022 0.018 0.014 0.012 0.010 0.008 0.006 0.005 0.003 0.002 0.002 0.001 0.000 0.000 0.000 0.000 0.000 0.000 0.000 0.000 0.000 0.000 0.000 0.000 0.000 0.000 0.000 0.000 0.000 0.000 0.000 0.000 0.000 0.000 0.000 0.000 0.000 0.000 0.000 0.000 0.000 0.000 0.000 0.000 0.000 0.000 0.000 0.000 0.000 0.000 0.000 0.000 0.000 0.000
0.419 0.434 0.429 0.405 0.372 0.354 0.350 0.361 0.402 0.486 0.566 0.606 0.616 0.607 0.576 0.510 0.399 0.272 0.174 0.109 0.069 0.047 0.034 0.027 0.022 0.018 0.015 0.012 0.010 0.008 0.006 0.005 0.004 0.003 0.002 0.001 0.001 0.000 0.000 0.000 0.000 0.000 0.000 0.000 0.000 0.000 0.000 0.000 0.000 0.000 0.000 0.000 0.000 0.000 0.000 0.000 0.000 0.000 0.000 0.000 0.000 0.000 0.000 0.000 0.000 0.000 0.000 0.000 0.000 0.000 0.000 0.000 0.000 0.000 0.000 0.000 0.000
0.351 0.388 0.401 0.399 0.390 0.387 0.390 0.402 0.428 0.466 0.491 0.497 0.488 0.465 0.431 0.388 0.333 0.258 0.181 0.123 0.083 0.058 0.043 0.034 0.027 0.022 0.018 0.015 0.013 0.011 0.009 0.007 0.005 0.004 0.003 0.002 0.001 0.001 0.000 0.000 0.000 0.000 0.000 0.000 0.000 0.000 0.000 0.000 0.000 0.000 0.000 0.000 0.000 0.000 0.000 0.000 0.000 0.000 0.000 0.000 0.000 0.000 0.000 0.000 0.000 0.000 0.000 0.000 0.000 0.000 0.000 0.000 0.000 0.000 0.000 0.000 0.000
0.282 0.329 0.362 0.380 0.390 0.401 0.414 0.430 0.449 0.461 0.462 0.450 0.423 0.386 0.350 0.315 0.280 0.239 0.188 0.139 0.101 0.074 0.056 0.044 0.036 0.029 0.024 0.020 0.016 0.014 0.011 0.009 0.008 0.006 0.005 0.004 0.003 0.002 0.001 0.001 0.000 0.000 0.000 0.000 0.000 0.000 0.000 0.000 0.000 0.000 0.000 0.000 0.000 0.000 0.000 0.000 0.000 0.000 0.000 0.000 0.000 0.000 0.000 0.000 0.000 0.000 0.000 0.000 0.000 0.000 0.000 0.000 0.000 0.000 0.000 0.000 0.000
0.230 0.272 0.311 0.345 0.376 0.402 0.426 0.446 0.460 0.464 0.457 0.434 0.395 0.349 0.313 0.284 0.259 0.232 0.200 0.162 0.127 0.100 0.079 0.063 0.051 0.041 0.033 0.026 0.022 0.018 0.015 0.012 0.010 0.008 0.007 0.006 0.004 0.003 0.003 0.002 0.001 0.001 0.001 0.000 0.000 0.000 0.000 0.000 0.000 0.000 0.000 0.000 0.000 0.000 0.000 0.000 0.000 0.000 0.000 0.000 0.000 0.000 0.000 0.000 0.000 0.000 0.000 0.000 0.000 0.000 0.000 0.000 0.000 0.000 0.000 0.000 0.000
0.197 0.233 0.269 0.307 0.350 0.394 0.431 0.457 0.469 0.471 0.461 0.434 0.389 0.339 0.303 0.277 0.257 0.239 0.220 0.196 0.168 0.142 0.119 0.099 0.081 0.064 0.050 0.038 0.030 0.024 0.019 0.015 0.013 0.011 0.009 0.008 0.007 0.005 0.004 0.004 0.003 0.002 0.002 0.001 0.001 0.001 0.000 0.000 0.000 0.000 0.000 0.000 0.000 0.000 0.000 0.000 0.000 0.000 0.000 0.000 0.000 0.000 0.000 0.000 0.000 0.000 0.000 0.000 0.000 0.000 0.000 0.000 0.000 0.000 0.000 0.000 0.000
0.181 0.213 0.249 0.289 0.335 0.389 0.437 0.469 0.484 0.485 0.476 0.446 0.398 0.344 0.307 0.285 0.272 0.264 0.256 0.247 0.231 0.211 0.189 0.166 0.141 0.114 0.086 0.062 0.045 0.033 0.026 0.020 0.017 0.014 0.012 0.011 0.009 0.008 0.007 0.006 0.005 0.004 0.003 0.003 0.002 0.002 0.001 0.001 0.001 0.001 0.001 0.001 0.001 0.001 0.001 0.001 0.001 0.001 0.001 0.001 0.001 0.001 0.000 0.000 0.000 0.000 0.000 0.000 0.000 0.000 0.000 0.000 0.000 0.000 0.000 0.000 0.000
0.176 0.207 0.244 0.286 0.335 0.394 0.455 0.496 0.518 0.525 0.519 0.494 0.447 0.388 0.347 0.326 0.320 0.319 0.322 0.326 0.328 0.324 0.312 0.291 0.261 0.221 0.170 0.115 0.076 0.051 0.036 0.027 0.022 0.018 0.016 0.014 0.013 0.011 0.010 0.009 0.008 0.007 0.006 0.005 0.004 0.004 0.003 0.003 0.003 0.003 0.003 0.003 0.003 0.003 0.003 0.003 0.003 0.003 0.003 0.003 0.003 0.002 0.001 0.001 0.000 0.000 0.000 0.000 0.000 0.000 0.000 0.000 0.000 0.000 0.000 0.000 0.000
0.177 0.209 0.248 0.296 0.352 0.425 0.509 0.574 0.615 0.635 0.639 0.626 0.590 0.533 0.476 0.439 0.426 0.425 0.432 0.448 0.476 0.507 0.521 0.513 0.487 0.434 0.350 0.235 0.139 0.084 0.054 0.039 0.030 0.024 0.021 0.018 0.017 0.015 0.014 0.013 0.012 0.010 0.009 0.008 0.007 0.006 0.006 0.006 0.005 0.005 0.005 0.005 0.006 0.006 0.007 0.007 0.007 0.007 0.007 0.007 0.006 0.005 0.003 0.002 0.001 0.000 0.000 0.000 0.000 0.000 0.000 0.000 0.000 0.000 0.000 0.000 0.000
0.186 0.224 0.272 0.333 0.412 0.516 0.651 0.773 0.857 0.909 0.934 0.937 0.920 0.870 0.781 0.682 0.626 0.607 0.609 0.636 0.694 0.781 0.848 0.874 0.867 0.814 0.689 0.480 0.268 0.146 0.086 0.057 0.042 0.033 0.028 0.025 0.022 0.021 0.019 0.018 0.016 0.015 0.013 0.012 0.011 0.010 0.009 0.009 0.009 0.009 0.009 0.009 0.010 0.011 0.012 0.012 0.013 0.013 0.013 0.012 0.012 0.010 0.007 0.004 0.002 0.001 0.000 0.000 0.000 0.000 0.000 0.000 0.000 0.000 0.000 0.000 0.000
0.210 0.261 0.328 0.417 0.537 0.704 0.939 1.181 1.352 1.456 1.506 1.523 1.518 1.456 1.303 1.090 0.948 0.886 0.877 0.908 0.998 1.157 1.315 1.401 1.423 1.383 1.225 0.902 0.506 0.262 0.144 0.089 0.062 0.047 0.039 0.034 0.031 0.028 0.027 0.025 0.023 0.021 0.019 0.017 0.016 0.015 0.014 0.014 0.014 0.014 0.014 0.014 0.015 0.017 0.019 0.021 0.022 0.023 0.022 0.022 0.021 0.018 0.013 0.008 0.005 0.002 0.001 0.000 0.000 0.000 0.000 0.000 0.000 0.000 0.000 0.000 0.000
0.237 0.311 0.411 0.549 0.739 1.014 1.417 1.832 2.112 2.256 2.305 2.305 2.254 2.120 1.881 1.595 1.388 1.274 1.244 1.272 1.397 1.656 1.936 2.102 2.158 2.128 1.929 1.485 0.879 0.463 0.248 0.146 0.096 0.070 0.056 0.048 0.044 0.041 0.039 0.037 0.035 0.031 0.027 0.024 0.022 0.021 0.020 0.020 0.020 0.020 0.020 0.022 0.023 0.026 0.031 0.035 0.038 0.039 0.039 0.039 0.038 0.033 0.024 0.015 0.009 0.005 0.002 0.001 0.000 0.000 0.000 0.000 0.000 0.000 0.000 0.000 0.000
0.245 0.332 0.456 0.639 0.915 1.333 1.919 2.448 2.761 2.881 2.891 2.854 2.751 2.557 2.265 1.990 1.809 1.714 1.686 1.722 1.910 2.313 2.704 2.891 2.919 2.827 2.525 1.965 1.255 0.734 0.417 0.245 0.156 0.110 0.086 0.073 0.067 0.063 0.061 0.059 0.056 0.050 0.043 0.036 0.032 0.029 0.028 0.028 0.028 0.029 0.030 0.032 0.036 0.043 0.051 0.060 0.066 0.070 0.072 0.072 0.070 0.062 0.044 0.027 0.015 0.008 0.004 0.002 0.001 0.000 0.000 0.000 0.000 0.000 0.000 0.000 0.000
0.237 0.329 0.462 0.666 0.994 1.510 2.220 2.801 3.116 3.211 3.203 3.139 3.006 2.782 2.478 2.245 2.114 2.064 2.071 2.191 2.518 3.027 3.393 3.525 3.506 3.323 2.905 2.234 1.499 0.970 0.623 0.399 0.260 0.180 0.139 0.119 0.111 0.108 0.107 0.106 0.102 0.092 0.075 0.059 0.049 0.044 0.041 0.040 0.041 0.042 0.045 0.050 0.060 0.074 0.090 0.106 0.119 0.130 0.135 0.136 0.132 0.112 0.076 0.046 0.026 0.014 0.007 0.003 0.001 0.000 0.000 0.000 0.000 0.000 0.000 0.000 0.000
0.203 0.296 0.434 0.649 0.998 1.556 2.317 2.916 3.229 3.313 3.302 3.234 3.096 2.864 2.573 2.384 2.303 2.295 2.359 2.577 3.018 3.544 3.850 3.935 3.877 3.614 3.093 2.334 1.619 1.119 0.780 0.549 0.393 0.293 0.234 0.206 0.197 0.198 0.206 0.209 0.204 0.183 0.146 0.107 0.083 0.070 0.064 0.062 0.062 0.064 0.071 0.085 0.109 0.139 0.167 0.192 0.215 0.232 0.241 0.241 0.218 0.165 0.105 0.062 0.035 0.019 0.010 0.005 0.002 0.001 0.000 0.000 0.000 0.000 0.000 0.000 0.000
0.140 0.222 0.352 0.564 0.919 1.487 2.258 2.870 3.194 3.291 3.288 3.233 3.103 2.872 2.597 2.440 2.395 2.418 2.547 2.840 3.330 3.802 4.048 4.103 4.026 3.719 3.140 2.337 1.651 1.179 0.856 0.634 0.485 0.394 0.345 0.327 0.327 0.344 0.375 0.389 0.385 0.354 0.289 0.207 0.152 0.121 0.105 0.100 0.100 0.105 0.121 0.154 0.208 0.263 0.305 0.338 0.362 0.375 0.369 0.339 0.274 0.188 0.118 0.070 0.040 0.021 0.011 0.005 0.002 0.001 0.000 0.000 0.000 0.000 0.000 0.000 0.000
0.081 0.129 0.221 0.393 0.703 1.218 1.943 2.584 2.962 3.123 3.162 3.140 3.041 2.834 2.583 2.446 2.418 2.464 2.630 2.953 3.431 3.838 4.045 4.086 3.998 3.675 3.063 2.246 1.607 1.170 0.866 0.657 0.521 0.444 0.410 0.404 0.416 0.460 0.517 0.544 0.546 0.518 0.449 0.348 0.265 0.211 0.181 0.169 0.169 0.179 0.213 0.279 0.367 0.434 0.472 0.491 0.496 0.484 0.448 0.382 0.287 0.191 0.120 0.071 0.040 0.021 0.011 0.005 0.002 0.001 0.000 0.000 0.000 0.000 0.000 0.000 0.000
0.047 0.070 0.115 0.206 0.391 0.742 1.309 1.958 2.444 2.722 2.850 2.879 2.836 2.694 2.500 2.403 2.393 2.454 2.626 2.933 3.327 3.612 3.740 3.753 3.637 3.292 2.672 1.925 1.391 1.043 0.801 0.629 0.515 0.452 0.429 0.430 0.453 0.510 0.577 0.610 0.614 0.593 0.532 0.438 0.355 0.302 0.274 0.264 0.266 0.286 0.336 0.416 0.495 0.545 0.569 0.574 0.565 0.533 0.472 0.385 0.277 0.183 0.114 0.068 0.039 0.021 0.011 0.005 0.002 0.001 0.000 0.000 0.000 0.000 0.000 0.000 0.000
0.030 0.041 0.061 0.100 0.179 0.342 0.641 1.102 1.612 2.024 2.277 2.393 2.420 2.372 2.278 2.238 2.251 2.323 2.465 2.664 2.839 2.921 2.918 2.863 2.698 2.356 1.817 1.277 0.936 0.736 0.607 0.516 0.453 0.421 0.413 0.422 0.452 0.513 0.579 0.614 0.620 0.602 0.550 0.467 0.395 0.352 0.332 0.327 0.333 0.360 0.412 0.485 0.543 0.579 0.593 0.594 0.580 0.538 0.463 0.357 0.245 0.159 0.099 0.060 0.035 0.019 0.010 0.005 0.002 0.001 0.000 0.000 0.000 0.000 0.000 0.000 0.000
0.021 0.027 0.036 0.052 0.083 0.146 0.269 0.485 0.800 1.147 1.440 1.639 1.753 1.814 1.839 1.860 1.892 1.942 1.991 1.984 1.889 1.767 1.641 1.522 1.376 1.160 0.857 0.599 0.451 0.375 0.335 0.318 0.314 0.323 0.340 0.366 0.409 0.472 0.529 0.561 0.568 0.557 0.521 0.457 0.398 0.365 0.353 0.353 0.361 0.387 0.433 0.492 0.537 0.562 0.573 0.572 0.556 0.504 0.410 0.289 0.187 0.117 0.073 0.045 0.027 0.015 0.008 0.004 0.002 0.001 0.000 0.000 0.000 0.000 0.000 0.000 0.000
0.015 0.019 0.024 0.031 0.044 0.068 0.111 0.191 0.326 0.520 0.725 0.889 1.010 1.105 1.184 1.240 1.265 1.261 1.200 1.070 0.919 0.802 0.713 0.635 0.555 0.459 0.336 0.243 0.193 0.171 0.163 0.164 0.171 0.188 0.215 0.253 0.305 0.361 0.401 0.424 0.432 0.432 0.419 0.392 0.366 0.353 0.349 0.352 0.361 0.381 0.415 0.449 0.470 0.480 0.484 0.482 0.462 0.404 0.302 0.194 0.121 0.076 0.048 0.030 0.019 0.011 0.006 0.003 0.001 0.000 0.000 0.000 0.000 0.000 0.000 0.000 0.000
0.011 0.014 0.017 0.021 0.027 0.037 0.053 0.080 0.127 0.205 0.311 0.415 0.503 0.576 0.629 0.656 0.658 0.634 0.571 0.471 0.380 0.321 0.281 0.247 0.215 0.179 0.136 0.105 0.089 0.084 0.084 0.086 0.092 0.103 0.119 0.144 0.178 0.209 0.230 0.241 0.247 0.251 0.256 0.264 0.280 0.298 0.310 0.318 0.325 0.332 0.337 0.333 0.324 0.317 0.314 0.309 0.293 0.250 0.181 0.118 0.077 0.050 0.032 0.021 0.013 0.008 0.004 0.002 0.001 0.000 0.000 0.000 0.000 0.000 0.000 0.000 0.000
0.008 0.010 0.012 0.015 0.019 0.023 0.030 0.041 0.058 0.086 0.128 0.181 0.230 0.270 0.297 0.306 0.303 0.284 0.246 0.195 0.157 0.134 0.119 0.107 0.095 0.082 0.066 0.055 0.050 0.049 0.050 0.051 0.054 0.060 0.068 0.081 0.098 0.112 0.120 0.125 0.129 0.132 0.138 0.149 0.170 0.200 0.222 0.231 0.232 0.224 0.206 0.184 0.171 0.165 0.163 0.161 0.155 0.138 0.106 0.073 0.050 0.033 0.022 0.014 0.009 0.005 0.003 0.001 0.000 0.000 0.000 0.000 0.000 0.000 0.000 0.000 0.000
0.006 0.007 0.009 0.011 0.013 0.016 0.020 0.025 0.032 0.043 0.060 0.084 0.108 0.126 0.137 0.139 0.137 0.128 0.111 0.089 0.074 0.066 0.061 0.056 0.052 0.047 0.040 0.036 0.034 0.034 0.034 0.034 0.036 0.039 0.043 0.049 0.057 0.062 0.066 0.069 0.071 0.074 0.077 0.084 0.098 0.115 0.125 0.128 0.127 0.120 0.109 0.098 0.091 0.088 0.087 0.087 0.085 0.078 0.065 0.047 0.033 0.022 0.015 0.009 0.006 0.003 0.002 0.001 0.000 0.000 0.000 0.000 0.000 0.000 0.000 0.000 0.000
0.004 0.005 0.006 0.008 0.010 0.012 0.014 0.017 0.021 0.026 0.034 0.045 0.056 0.064 0.068 0.069 0.068 0.064 0.057 0.048 0.042 0.039 0.037 0.036 0.034 0.032 0.029 0.026 0.025 0.025 0.025 0.025 0.026 0.027 0.029 0.032 0.036 0.038 0.040 0.042 0.044 0.045 0.048 0.052 0.059 0.066 0.069 0.069 0.068 0.066 0.062 0.057 0.054 0.052 0.051 0.051 0.050 0.047 0.041 0.032 0.022 0.015 0.010 0.006 0.004 0.002 0.001 0.000 0.000 0.000 0.000 0.000 0.000 0.000 0.000 0.000 0.000
0.002 0.003 0.004 0.005 0.007 0.008 0.010 0.012 0.015 0.018 0.022 0.028 0.033 0.036 0.038 0.038 0.038 0.037 0.034 0.030 0.028 0.027 0.026 0.025 0.025 0.023 0.022 0.020 0.019 0.019 0.019 0.019 0.019 0.020 0.021 0.022 0.024 0.026 0.027 0.028 0.029 0.030 0.032 0.034 0.038 0.040 0.041 0.041 0.041 0.040 0.038 0.036 0.035 0.034 0.033 0.033 0.032 0.030 0.027 0.021 0.015 0.010 0.006 0.004 0.002 0.001 0.000 0.000 0.000 0.000 0.000 0.000 0.000 0.000 0.000 0.000 0.000
0.001 0.002 0.002 0.003 0.005 0.006 0.007 0.009 0.011 0.013 0.016 0.019 0.021 0.023 0.024 0.024 0.024 0.024 0.023 0.021 0.020 0.020 0.019 0.019 0.019 0.018 0.017 0.016 0.015 0.015 0.014 0.014 0.015 0.015 0.015 0.016 0.017 0.018 0.019 0.020 0.020 0.021 0.023 0.024 0.026 0.027 0.027 0.027 0.027 0.026 0.026 0.025 0.024 0.024 0.023 0.022 0.021 0.020 0.017 0.014 0.009 0.006 0.004 0.002 0.001 0.000 0.000 0.000 0.000 0.000 0.000 0.000 0.000 0.000 0.000 0.000 0.000
