RESULTS/r.avaflow_results/12_results/12_ascii/12_hflow0037.asc
ncols 506
nrows 317
xllcenter 498237.50
yllcenter 5580050.00
cellsize 12.50
NODATA_value -9999.000
[rows 170 to 203 of 317, columns 154 to 230 of 506]
10.891 10.628 10.355 10.076 9.779 9.476 9.195 8.942 8.710 8.493 8.286 8.084 7.871 7.600 7.201 6.634 5.918 5.109 4.280 3.490 2.762 2.120 1.590 1.187 0.908 0.735 0.643 0.609 0.610 0.637 0.689 0.742 0.773 0.790 0.801 0.814 0.840 0.870 0.882 0.879 0.862 0.834 0.808 0.783 0.753 0.712 0.649 0.567 0.476 0.388 0.308 0.244 0.198 0.166 0.145 0.133 0.128 0.128 0.131 0.135 0.139 0.141 0.143 0.145 0.147 0.150 0.159 0.183 0.238 0.354 0.537 0.669 0.713 0.707 0.640 0.489 0.319
13.508 13.596 13.577 13.474 13.315 13.119 12.881 12.611 12.325 12.039 11.758 11.488 11.218 10.903 10.456 9.797 8.920 7.869 6.718 5.558 4.464 3.470 2.618 1.946 1.463 1.144 0.952 0.856 0.824 0.830 0.860 0.887 0.895 0.890 0.878 0.872 0.876 0.884 0.885 0.873 0.844 0.801 0.758 0.718 0.671 0.604 0.506 0.387 0.280 0.204 0.157 0.127 0.107 0.096 0.090 0.088 0.090 0.094 0.099 0.102 0.104 0.104 0.104 0.104 0.104 0.106 0.113 0.131 0.171 0.253 0.403 0.570 0.659 0.684 0.670 0.601 0.459
16.418 16.936 17.163 17.154 17.010 16.810 16.550 16.247 15.926 15.598 15.269 14.953 14.644 14.309 13.863 13.199 12.259 11.063 9.691 8.242 6.806 5.431 4.187 3.148 2.349 1.778 1.392 1.155 1.026 0.966 0.940 0.928 0.917 0.902 0.879 0.862 0.853 0.845 0.831 0.799 0.742 0.669 0.602 0.536 0.463 0.374 0.274 0.190 0.135 0.102 0.082 0.070 0.063 0.060 0.060 0.061 0.065 0.072 0.077 0.079 0.079 0.079 0.078 0.077 0.077 0.078 0.083 0.096 0.124 0.181 0.287 0.455 0.597 0.661 0.675 0.655 0.581
18.509 19.394 19.865 20.006 19.950 19.809 19.605 19.359 19.082 18.776 18.445 18.107 17.775 17.424 16.985 16.342 15.427 14.250 12.878 11.363 9.747 8.080 6.425 4.938 3.710 2.752 2.044 1.557 1.247 1.063 0.966 0.919 0.889 0.859 0.823 0.787 0.756 0.725 0.686 0.620 0.521 0.421 0.343 0.281 0.227 0.172 0.124 0.090 0.068 0.055 0.048 0.043 0.041 0.041 0.042 0.045 0.050 0.056 0.060 0.062 0.062 0.062 0.061 0.060 0.060 0.061 0.065 0.074 0.093 0.130 0.201 0.332 0.510 0.628 0.668 0.670 0.640
19.595 20.729 21.459 21.845 22.018 22.067 22.034 21.929 21.760 21.527 21.222 20.866 20.499 20.124 19.687 19.072 18.201 17.068 15.721 14.223 12.603 10.853 8.953 6.997 5.254 3.824 2.725 1.944 1.431 1.121 0.952 0.860 0.795 0.738 0.679 0.618 0.560 0.503 0.439 0.359 0.273 0.208 0.164 0.132 0.104 0.081 0.061 0.048 0.039 0.034 0.031 0.030 0.030 0.030 0.031 0.034 0.038 0.044 0.048 0.049 0.050 0.049 0.049 0.049 0.050 0.051 0.055 0.061 0.073 0.097 0.143 0.231 0.396 0.566 0.646 0.664 0.654
19.850 21.102 22.039 22.702 23.168 23.488 23.684 23.747 23.688 23.536 23.270 22.885 22.475 22.085 21.660 21.098 20.315 19.279 17.990 16.477 14.773 12.888 10.790 8.463 6.297 4.509 3.134 2.160 1.525 1.136 0.901 0.746 0.630 0.530 0.440 0.368 0.315 0.272 0.228 0.179 0.135 0.104 0.082 0.066 0.053 0.043 0.035 0.030 0.026 0.024 0.023 0.023 0.023 0.024 0.025 0.027 0.030 0.035 0.038 0.040 0.041 0.041 0.041 0.042 0.043 0.045 0.048 0.053 0.061 0.077 0.108 0.167 0.284 0.463 0.592 0.640 0.645
19.697 21.002 22.050 22.875 23.551 24.089 24.454 24.637 24.657 24.558 24.323 23.908 23.468 23.092 22.696 22.187 21.494 20.570 19.369 17.864 16.080 14.050 11.766 9.198 6.768 4.782 3.273 2.220 1.538 1.100 0.805 0.591 0.431 0.315 0.236 0.188 0.160 0.138 0.116 0.092 0.071 0.056 0.046 0.038 0.031 0.027 0.023 0.021 0.020 0.019 0.019 0.019 0.019 0.019 0.020 0.022 0.024 0.027 0.030 0.032 0.034 0.035 0.036 0.038 0.039 0.041 0.044 0.048 0.054 0.066 0.087 0.127 0.205 0.345 0.500 0.587 0.616
19.132 20.540 21.745 22.737 23.544 24.164 24.568 24.777 24.823 24.742 24.521 24.092 23.638 23.282 22.909 22.423 21.771 20.913 19.785 18.318 16.502 14.384 11.994 9.323 6.811 4.769 3.230 2.161 1.457 0.983 0.652 0.419 0.266 0.176 0.124 0.097 0.083 0.072 0.061 0.050 0.041 0.034 0.029 0.025 0.021 0.019 0.017 0.016 0.015 0.015 0.015 0.015 0.015 0.015 0.016 0.017 0.019 0.021 0.023 0.026 0.028 0.030 0.032 0.034 0.036 0.038 0.041 0.044 0.050 0.058 0.074 0.102 0.153 0.245 0.382 0.500 0.564
18.178 19.710 21.075 22.244 23.187 23.865 24.268 24.453 24.478 24.389 24.169 23.759 23.296 22.915 22.517 22.017 21.378 20.567 19.499 18.075 16.269 14.120 11.660 8.931 6.440 4.425 2.920 1.884 1.203 0.746 0.439 0.251 0.150 0.096 0.068 0.054 0.046 0.041 0.036 0.031 0.027 0.023 0.020 0.018 0.016 0.014 0.013 0.012 0.012 0.012 0.012 0.012 0.012 0.012 0.013 0.013 0.015 0.016 0.018 0.021 0.023 0.026 0.028 0.030 0.033 0.035 0.038 0.041 0.046 0.053 0.065 0.085 0.120 0.180 0.274 0.391 0.486
16.924 18.554 20.019 21.287 22.303 23.019 23.429 23.575 23.535 23.398 23.164 22.825 22.389 21.904 21.370 20.782 20.118 19.331 18.317 16.935 15.125 12.920 10.387 7.736 5.420 3.579 2.226 1.314 0.750 0.417 0.229 0.131 0.080 0.053 0.040 0.033 0.029 0.026 0.023 0.021 0.019 0.017 0.015 0.014 0.012 0.011 0.010 0.010 0.009 0.009 0.009 0.009 0.009 0.009 0.010 0.010 0.011 0.013 0.014 0.016 0.019 0.021 0.024 0.027 0.029 0.032 0.035 0.039 0.043 0.049 0.058 0.074 0.100 0.141 0.204 0.292 0.390
15.399 17.036 18.524 19.828 20.892 21.669 22.121 22.245 22.139 21.930 21.701 21.474 21.099 20.479 19.724 18.984 18.240 17.405 16.332 14.859 12.923 10.570 8.017 5.643 3.695 2.235 1.239 0.645 0.337 0.183 0.105 0.065 0.044 0.032 0.026 0.023 0.020 0.019 0.017 0.016 0.015 0.013 0.012 0.011 0.010 0.009 0.008 0.007 0.007 0.007 0.006 0.006 0.006 0.007 0.007 0.007 0.008 0.009 0.011 0.013 0.015 0.017 0.020 0.023 0.026 0.029 0.032 0.036 0.040 0.045 0.054 0.067 0.087 0.118 0.163 0.225 0.304
13.591 15.138 16.613 17.966 19.139 20.050 20.612 20.781 20.683 20.476 20.258 20.046 19.650 18.923 17.999 17.097 16.203 15.176 13.818 11.993 9.648 7.090 4.799 3.072 1.857 1.037 0.529 0.259 0.135 0.078 0.051 0.036 0.028 0.022 0.019 0.017 0.016 0.015 0.014 0.013 0.012 0.011 0.010 0.009 0.008 0.007 0.006 0.005 0.005 0.004 0.004 0.004 0.004 0.004 0.004 0.005 0.006 0.007 0.008 0.010 0.012 0.014 0.016 0.019 0.023 0.026 0.029 0.033 0.037 0.042 0.050 0.062 0.080 0.105 0.139 0.186 0.244
11.603 12.984 14.428 15.861 17.182 18.265 18.979 19.266 19.221 19.041 18.790 18.463 17.922 17.100 16.103 15.064 13.956 12.573 10.704 8.263 5.734 3.659 2.209 1.283 0.718 0.382 0.192 0.099 0.058 0.039 0.029 0.023 0.019 0.017 0.015 0.014 0.013 0.012 0.011 0.011 0.010 0.009 0.008 0.007 0.006 0.005 0.004 0.003 0.003 0.003 0.002 0.002 0.002 0.002 0.003 0.003 0.004 0.005 0.006 0.007 0.009 0.011 0.013 0.016 0.019 0.022 0.026 0.030 0.035 0.041 0.049 0.060 0.077 0.099 0.127 0.162 0.206
9.734 10.870 12.143 13.542 14.921 16.096 16.922 17.319 17.342 17.163 16.777 16.190 15.406 14.461 13.402 12.227 10.834 8.971 6.601 4.313 2.604 1.442 0.763 0.411 0.228 0.127 0.071 0.043 0.030 0.024 0.020 0.017 0.015 0.014 0.012 0.012 0.011 0.010 0.009 0.009 0.008 0.007 0.006 0.005 0.004 0.003 0.003 0.002 0.002 0.001 0.001 0.001 0.001 0.001 0.001 0.002 0.002 0.003 0.004 0.005 0.007 0.008 0.011 0.013 0.016 0.019 0.023 0.028 0.033 0.039 0.048 0.060 0.076 0.096 0.121 0.150 0.183
7.941 8.790 9.767 10.879 12.018 13.017 13.765 14.166 14.221 14.029 13.513 12.670 11.588 10.397 9.180 7.875 6.352 4.592 2.901 1.640 0.846 0.419 0.218 0.125 0.077 0.049 0.033 0.025 0.020 0.017 0.015 0.013 0.012 0.011 0.010 0.010 0.009 0.009 0.008 0.007 0.007 0.006 0.005 0.004 0.003 0.002 0.002 0.001 0.001 0.000 0.000 0.000 0.000 0.000 0.000 0.001 0.001 0.002 0.003 0.004 0.005 0.006 0.008 0.011 0.013 0.017 0.021 0.026 0.031 0.038 0.047 0.059 0.075 0.095 0.118 0.144 0.173
6.159 6.617 7.112 7.633 8.161 8.666 9.086 9.326 9.352 9.184 8.680 7.794 6.649 5.514 4.522 3.587 2.617 1.634 0.886 0.436 0.214 0.116 0.070 0.047 0.034 0.026 0.020 0.017 0.015 0.013 0.012 0.011 0.010 0.009 0.009 0.008 0.008 0.007 0.007 0.006 0.006 0.005 0.004 0.004 0.003 0.002 0.001 0.000 0.000 0.000 0.000 0.000 0.000 0.000 0.000 0.000 0.000 0.001 0.001 0.002 0.003 0.005 0.006 0.009 0.011 0.015 0.019 0.024 0.029 0.037 0.046 0.059 0.075 0.094 0.116 0.141 0.170
4.397 4.453 4.496 4.522 4.538 4.570 4.612 4.620 4.574 4.453 4.147 3.602 2.856 2.140 1.598 1.155 0.750 0.420 0.214 0.111 0.065 0.043 0.032 0.025 0.021 0.017 0.015 0.013 0.012 0.010 0.010 0.009 0.008 0.008 0.007 0.007 0.006 0.006 0.006 0.005 0.005 0.004 0.004 0.003 0.003 0.002 0.001 0.000 0.000 0.000 0.000 0.000 0.000 0.000 0.000 0.000 0.000 0.000 0.001 0.001 0.002 0.003 0.005 0.007 0.009 0.013 0.017 0.022 0.028 0.035 0.045 0.057 0.073 0.092 0.114 0.140 0.170
2.734 2.526 2.345 2.181 2.030 1.902 1.810 1.738 1.674 1.594 1.451 1.212 0.891 0.612 0.429 0.296 0.188 0.109 0.063 0.041 0.030 0.024 0.020 0.017 0.015 0.013 0.011 0.010 0.009 0.009 0.008 0.007 0.007 0.006 0.006 0.006 0.005 0.005 0.005 0.005 0.004 0.004 0.004 0.003 0.003 0.002 0.001 0.000 0.000 0.000 0.000 0.000 0.000 0.000 0.000 0.000 0.000 0.000 0.000 0.001 0.001 0.002 0.003 0.005 0.007 0.010 0.014 0.019 0.025 0.033 0.043 0.055 0.070 0.088 0.111 0.140 0.174
1.354 1.141 0.989 0.873 0.773 0.678 0.604 0.549 0.505 0.464 0.413 0.340 0.244 0.167 0.118 0.084 0.058 0.040 0.029 0.023 0.019 0.016 0.014 0.013 0.011 0.010 0.009 0.008 0.008 0.007 0.006 0.006 0.006 0.005 0.005 0.005 0.005 0.005 0.005 0.005 0.005 0.005 0.005 0.004 0.004 0.003 0.001 0.000 0.000 0.000 0.000 0.000 0.000 0.000 0.000 0.000 0.000 0.000 0.000 0.000 0.001 0.001 0.002 0.004 0.006 0.008 0.012 0.017 0.023 0.030 0.039 0.050 0.064 0.083 0.108 0.139 0.178
0.556 0.449 0.380 0.328 0.283 0.239 0.202 0.175 0.155 0.139 0.122 0.102 0.077 0.057 0.044 0.034 0.027 0.022 0.019 0.016 0.014 0.012 0.011 0.010 0.009 0.008 0.007 0.007 0.006 0.006 0.006 0.005 0.005 0.005 0.005 0.005 0.005 0.006 0.006 0.006 0.007 0.007 0.007 0.007 0.006 0.004 0.002 0.001 0.000 0.000 0.000 0.000 0.000 0.000 0.000 0.000 0.000 0.000 0.000 0.000 0.000 0.001 0.001 0.003 0.004 0.006 0.009 0.014 0.019 0.025 0.033 0.043 0.056 0.075 0.100 0.134 0.177
0.212 0.171 0.145 0.124 0.107 0.089 0.074 0.064 0.056 0.051 0.046 0.041 0.034 0.028 0.024 0.020 0.018 0.015 0.014 0.012 0.011 0.010 0.009 0.008 0.007 0.007 0.006 0.006 0.006 0.005 0.006 0.006 0.006 0.006 0.007 0.007 0.008 0.009 0.010 0.011 0.011 0.012 0.012 0.011 0.008 0.005 0.003 0.001 0.000 0.000 0.000 0.000 0.000 0.000 0.000 0.000 0.000 0.000 0.000 0.000 0.000 0.000 0.001 0.002 0.003 0.005 0.007 0.010 0.014 0.020 0.026 0.034 0.045 0.061 0.084 0.117 0.161
0.083 0.069 0.059 0.052 0.045 0.039 0.033 0.030 0.027 0.026 0.024 0.022 0.021 0.019 0.016 0.015 0.013 0.012 0.011 0.009 0.008 0.008 0.007 0.006 0.006 0.006 0.006 0.006 0.006 0.007 0.008 0.009 0.010 0.011 0.012 0.013 0.015 0.017 0.019 0.020 0.021 0.020 0.018 0.014 0.010 0.006 0.003 0.001 0.000 0.000 0.000 0.000 0.000 0.000 0.000 0.000 0.000 0.000 0.000 0.000 0.000 0.000 0.000 0.001 0.002 0.003 0.005 0.007 0.010 0.014 0.019 0.025 0.032 0.043 0.060 0.086 0.124
0.036 0.032 0.028 0.026 0.024 0.021 0.019 0.018 0.017 0.017 0.016 0.015 0.015 0.014 0.013 0.011 0.010 0.009 0.008 0.007 0.007 0.006 0.006 0.006 0.006 0.007 0.008 0.009 0.011 0.013 0.015 0.018 0.021 0.023 0.026 0.029 0.032 0.035 0.037 0.036 0.033 0.028 0.022 0.015 0.010 0.006 0.003 0.001 0.000 0.000 0.000 0.000 0.000 0.000 0.000 0.000 0.000 0.000 0.000 0.000 0.000 0.000 0.000 0.000 0.001 0.002 0.003 0.005 0.007 0.010 0.014 0.018 0.023 0.029 0.039 0.054 0.077
0.019 0.018 0.017 0.016 0.015 0.014 0.013 0.013 0.012 0.012 0.012 0.012 0.011 0.011 0.010 0.009 0.008 0.007 0.007 0.006 0.006 0.006 0.006 0.007 0.009 0.012 0.015 0.019 0.024 0.030 0.037 0.044 0.049 0.054 0.058 0.062 0.064 0.062 0.056 0.048 0.039 0.030 0.022 0.015 0.010 0.005 0.003 0.001 0.000 0.000 0.000 0.000 0.000 0.000 0.000 0.000 0.000 0.000 0.000 0.000 0.000 0.000 0.000 0.000 0.000 0.001 0.002 0.003 0.005 0.007 0.010 0.013 0.016 0.020 0.026 0.034 0.047
0.012 0.012 0.011 0.011 0.011 0.010 0.010 0.010 0.010 0.010 0.009 0.009 0.009 0.009 0.008 0.007 0.007 0.006 0.006 0.006 0.006 0.008 0.010 0.013 0.019 0.026 0.037 0.050 0.064 0.077 0.090 0.101 0.108 0.112 0.110 0.103 0.092 0.079 0.066 0.052 0.041 0.030 0.022 0.015 0.009 0.005 0.002 0.001 0.000 0.000 0.000 0.000 0.000 0.000 0.000 0.000 0.000 0.000 0.000 0.000 0.000 0.000 0.000 0.000 0.000 0.000 0.001 0.002 0.003 0.005 0.007 0.009 0.012 0.015 0.018 0.023 0.030
0.009 0.009 0.008 0.008 0.008 0.008 0.008 0.008 0.008 0.008 0.008 0.007 0.007 0.007 0.007 0.006 0.006 0.005 0.006 0.007 0.010 0.014 0.021 0.032 0.048 0.070 0.099 0.126 0.150 0.169 0.181 0.185 0.178 0.165 0.147 0.126 0.105 0.085 0.067 0.052 0.040 0.029 0.020 0.013 0.008 0.005 0.002 0.001 0.000 0.000 0.000 0.000 0.000 0.000 0.000 0.000 0.000 0.000 0.000 0.000 0.000 0.000 0.000 0.000 0.000 0.000 0.000 0.001 0.002 0.003 0.005 0.006 0.008 0.011 0.013 0.017 0.021
0.007 0.007 0.007 0.007 0.007 0.007 0.007 0.007 0.007 0.006 0.006 0.006 0.006 0.006 0.006 0.005 0.006 0.006 0.008 0.013 0.020 0.033 0.054 0.084 0.124 0.171 0.217 0.250 0.266 0.268 0.259 0.239 0.213 0.186 0.159 0.132 0.107 0.085 0.066 0.051 0.037 0.027 0.018 0.012 0.008 0.004 0.002 0.001 0.000 0.000 0.000 0.000 0.000 0.000 0.000 0.000 0.000 0.000 0.000 0.000 0.000 0.000 0.000 0.000 0.000 0.000 0.000 0.000 0.001 0.002 0.003 0.004 0.006 0.008 0.010 0.012 0.015
0.005 0.005 0.005 0.005 0.005 0.005 0.005 0.005 0.005 0.005 0.005 0.005 0.005 0.005 0.005 0.006 0.007 0.010 0.017 0.029 0.050 0.084 0.132 0.192 0.253 0.301 0.329 0.341 0.337 0.321 0.293 0.257 0.221 0.189 0.159 0.131 0.106 0.083 0.064 0.048 0.035 0.024 0.017 0.011 0.007 0.004 0.002 0.001 0.000 0.000 0.000 0.000 0.000 0.000 0.000 0.000 0.000 0.000 0.000 0.000 0.000 0.000 0.000 0.000 0.000 0.000 0.000 0.000 0.000 0.001 0.002 0.003 0.004 0.005 0.007 0.009 0.011
0.004 0.004 0.004 0.004 0.005 0.005 0.005 0.005 0.005 0.005 0.005 0.005 0.005 0.005 0.006 0.008 0.013 0.022 0.039 0.069 0.117 0.181 0.247 0.306 0.349 0.375 0.383 0.379 0.365 0.340 0.303 0.259 0.221 0.188 0.158 0.130 0.104 0.080 0.060 0.043 0.031 0.021 0.014 0.009 0.006 0.003 0.002 0.000 0.000 0.000 0.000 0.000 0.000 0.000 0.000 0.000 0.000 0.000 0.000 0.000 0.000 0.000 0.000 0.000 0.000 0.000 0.000 0.000 0.000 0.000 0.001 0.001 0.002 0.003 0.005 0.006 0.008
0.003 0.003 0.004 0.004 0.004 0.004 0.004 0.005 0.005 0.005 0.006 0.006 0.006 0.007 0.009 0.015 0.026 0.046 0.083 0.139 0.208 0.273 0.325 0.363 0.388 0.398 0.397 0.391 0.375 0.347 0.306 0.258 0.217 0.183 0.153 0.124 0.097 0.073 0.053 0.038 0.026 0.018 0.012 0.008 0.005 0.003 0.001 0.000 0.000 0.000 0.000 0.000 0.000 0.000 0.000 0.000 0.000 0.000 0.000 0.000 0.000 0.000 0.000 0.000 0.000 0.000 0.000 0.000 0.000 0.000 0.000 0.001 0.001 0.002 0.003 0.004 0.006
0.003 0.003 0.003 0.003 0.004 0.004 0.005 0.005 0.006 0.007 0.007 0.008 0.009 0.011 0.016 0.026 0.046 0.081 0.133 0.201 0.267 0.317 0.353 0.379 0.395 0.400 0.400 0.395 0.379 0.349 0.305 0.253 0.207 0.168 0.135 0.106 0.080 0.058 0.042 0.029 0.020 0.014 0.009 0.006 0.003 0.002 0.001 0.000 0.000 0.000 0.000 0.000 0.000 0.000 0.000 0.000 0.000 0.000 0.000 0.000 0.000 0.000 0.000 0.000 0.000 0.000 0.000 0.000 0.000 0.000 0.000 0.000 0.000 0.001 0.002 0.003 0.004
0.002 0.003 0.003 0.004 0.005 0.005 0.007 0.008 0.009 0.010 0.011 0.012 0.014 0.016 0.022 0.035 0.060 0.102 0.161 0.231 0.287 0.328 0.357 0.379 0.393 0.399 0.399 0.392 0.373 0.340 0.292 0.233 0.179 0.134 0.098 0.070 0.050 0.036 0.026 0.019 0.013 0.009 0.006 0.004 0.002 0.001 0.000 0.000 0.000 0.000 0.000 0.000 0.000 0.000 0.000 0.000 0.000 0.000 0.000 0.000 0.000 0.000 0.000 0.000 0.000 0.000 0.000 0.000 0.000 0.000 0.000 0.000 0.000 0.000 0.001 0.001 0.002
0.002 0.003 0.004 0.005 0.007 0.008 0.010 0.013 0.014 0.015 0.016 0.017 0.017 0.019 0.025 0.038 0.065 0.109 0.170 0.236 0.289 0.326 0.353 0.370 0.377 0.377 0.369 0.353 0.328 0.291 0.241 0.180 0.125 0.082 0.052 0.034 0.024 0.018 0.014 0.010 0.008 0.006 0.004 0.002 0.001 0.000 0.000 0.000 0.000 0.000 0.000 0.000 0.000 0.000 0.000 0.000 0.000 0.000 0.000 0.000 0.000 0.000 0.000 0.000 0.000 0.000 0.000 0.000 0.000 0.000 0.000 0.000 0.000 0.000 0.000 0.001 0.001
0.002 0.003 0.005 0.008 0.010 0.013 0.016 0.018 0.019 0.019 0.019 0.019 0.019 0.021 0.026 0.039 0.065 0.108 0.167 0.228 0.273 0.304 0.321 0.326 0.319 0.302 0.276 0.248 0.217 0.182 0.141 0.098 0.063 0.039 0.023 0.015 0.011 0.008 0.007 0.005 0.004 0.003 0.002 0.001 0.000 0.000 0.000 0.000 0.000 0.000 0.000 0.000 0.000 0.000 0.000 0.000 0.000 0.000 0.000 0.000 0.000 0.000 0.000 0.000 0.000 0.000 0.000 0.000 0.000 0.000 0.000 0.000 0.000 0.000 0.000 0.000 0.000
