RESULTS/r.avaflow_results/12_results/12_ascii/12_hflow0029.asc
ncols 506
nrows 317
xllcenter 498237.50
yllcenter 5580050.00
cellsize 12.50
NODATA_value -9999.000
[rows 204 to 237 of 317, columns 77 to 153 of 506]
0.017 0.017 0.016 0.015 0.013 0.012 0.012 0.012 0.013 0.014 0.017 0.019 0.022 0.025 0.029 0.035 0.046 0.068 0.118 0.220 0.446 0.930 1.697 2.437 2.874 3.020 2.952 2.745 2.431 2.062 1.680 1.311 0.982 0.717 0.523 0.389 0.303 0.251 0.225 0.216 0.215 0.224 0.239 0.244 0.235 0.210 0.165 0.111 0.070 0.041 0.023 0.012 0.006 0.003 0.001 0.001 0.000 0.000 0.000 0.000 0.000 0.000 0.000 0.000 0.000 0.001 0.000 0.001 0.001 0.001 0.000 0.000 0.000 0.000 0.000 0.000 0.001
0.022 0.021 0.020 0.018 0.016 0.016 0.016 0.016 0.017 0.019 0.020 0.022 0.024 0.027 0.031 0.038 0.049 0.071 0.118 0.193 0.257 0.357 0.583 0.952 1.325 1.615 1.753 1.765 1.662 1.452 1.160 0.845 0.593 0.409 0.278 0.189 0.133 0.101 0.085 0.079 0.078 0.081 0.091 0.098 0.100 0.093 0.075 0.049 0.029 0.017 0.009 0.004 0.002 0.001 0.001 0.000 0.000 0.000 0.000 0.000 0.000 0.000 0.000 0.000 0.000 0.001 0.001 0.001 0.001 0.000 0.000 0.000 0.000 0.000 0.000 0.000 0.001
0.028 0.026 0.024 0.022 0.021 0.021 0.021 0.021 0.022 0.022 0.023 0.024 0.025 0.029 0.033 0.041 0.055 0.084 0.143 0.214 0.249 0.260 0.262 0.297 0.400 0.550 0.678 0.739 0.745 0.696 0.580 0.423 0.289 0.191 0.123 0.079 0.052 0.038 0.030 0.027 0.026 0.027 0.030 0.034 0.036 0.035 0.030 0.020 0.011 0.006 0.003 0.001 0.001 0.000 0.000 0.000 0.000 0.000 0.000 0.000 0.000 0.000 0.000 0.000 0.001 0.001 0.001 0.001 0.000 0.000 0.000 0.000 0.000 0.000 0.000 0.000 0.001
0.037 0.033 0.031 0.029 0.028 0.027 0.027 0.026 0.026 0.025 0.026 0.026 0.027 0.031 0.037 0.047 0.065 0.105 0.181 0.238 0.255 0.251 0.207 0.142 0.120 0.146 0.197 0.232 0.245 0.244 0.218 0.165 0.111 0.072 0.046 0.029 0.019 0.013 0.010 0.008 0.008 0.008 0.009 0.011 0.012 0.012 0.011 0.007 0.004 0.002 0.001 0.001 0.000 0.000 0.000 0.000 0.000 0.000 0.000 0.000 0.000 0.000 0.000 0.001 0.001 0.001 0.001 0.001 0.000 0.000 0.000 0.000 0.000 0.000 0.000 0.000 0.001
0.052 0.046 0.042 0.040 0.037 0.035 0.033 0.031 0.030 0.029 0.029 0.029 0.030 0.034 0.041 0.054 0.079 0.135 0.213 0.251 0.259 0.245 0.182 0.095 0.054 0.044 0.052 0.063 0.068 0.069 0.066 0.054 0.037 0.024 0.016 0.010 0.006 0.004 0.003 0.002 0.002 0.002 0.003 0.003 0.004 0.004 0.003 0.002 0.001 0.001 0.001 0.000 0.000 0.000 0.000 0.000 0.000 0.000 0.000 0.000 0.000 0.000 0.001 0.001 0.001 0.001 0.001 0.000 0.000 0.000 0.000 0.000 0.000 0.000 0.000 0.000 0.001
0.077 0.068 0.061 0.056 0.051 0.045 0.041 0.037 0.035 0.033 0.033 0.033 0.035 0.039 0.048 0.063 0.097 0.169 0.235 0.259 0.261 0.236 0.154 0.072 0.035 0.021 0.017 0.017 0.018 0.018 0.018 0.016 0.011 0.007 0.005 0.003 0.002 0.001 0.001 0.001 0.001 0.001 0.001 0.001 0.001 0.001 0.001 0.001 0.001 0.001 0.001 0.000 0.000 0.000 0.000 0.000 0.000 0.000 0.000 0.000 0.000 0.001 0.001 0.001 0.001 0.001 0.001 0.000 0.000 0.000 0.000 0.000 0.000 0.000 0.000 0.000 0.001
0.117 0.104 0.092 0.082 0.071 0.061 0.052 0.046 0.042 0.040 0.040 0.040 0.042 0.046 0.056 0.076 0.122 0.201 0.250 0.263 0.258 0.217 0.123 0.056 0.027 0.014 0.009 0.007 0.006 0.005 0.005 0.004 0.003 0.002 0.001 0.001 0.001 0.001 0.001 0.001 0.001 0.001 0.001 0.000 0.000 0.000 0.000 0.000 0.000 0.000 0.001 0.001 0.000 0.000 0.000 0.000 0.000 0.000 0.000 0.000 0.001 0.001 0.001 0.001 0.001 0.001 0.000 0.000 0.000 0.000 0.000 0.000 0.000 0.000 0.000 0.000 0.000
0.174 0.160 0.143 0.124 0.106 0.087 0.071 0.060 0.053 0.050 0.049 0.050 0.051 0.056 0.066 0.091 0.151 0.226 0.259 0.265 0.251 0.189 0.095 0.044 0.022 0.012 0.007 0.005 0.004 0.003 0.002 0.001 0.001 0.001 0.001 0.000 0.001 0.001 0.001 0.001 0.001 0.001 0.000 0.000 0.000 0.000 0.000 0.000 0.000 0.000 0.000 0.001 0.000 0.000 0.000 0.000 0.000 0.000 0.000 0.001 0.001 0.001 0.001 0.001 0.001 0.001 0.000 0.000 0.000 0.000 0.000 0.000 0.000 0.000 0.000 0.000 0.000
0.250 0.238 0.219 0.193 0.164 0.132 0.104 0.084 0.072 0.065 0.063 0.063 0.064 0.068 0.079 0.108 0.179 0.242 0.263 0.263 0.237 0.156 0.075 0.036 0.019 0.011 0.007 0.004 0.003 0.002 0.001 0.001 0.001 0.000 0.000 0.000 0.000 0.001 0.001 0.001 0.001 0.001 0.001 0.000 0.000 0.000 0.000 0.000 0.000 0.000 0.000 0.001 0.000 0.000 0.000 0.000 0.000 0.000 0.001 0.001 0.001 0.001 0.001 0.001 0.001 0.001 0.000 0.000 0.000 0.000 0.000 0.000 0.000 0.000 0.000 0.000 0.000
0.350 0.341 0.323 0.294 0.256 0.209 0.161 0.125 0.102 0.089 0.083 0.082 0.082 0.085 0.097 0.132 0.206 0.254 0.267 0.260 0.216 0.124 0.060 0.031 0.017 0.010 0.006 0.004 0.003 0.002 0.001 0.001 0.000 0.000 0.000 0.000 0.000 0.000 0.001 0.001 0.001 0.001 0.001 0.001 0.000 0.000 0.000 0.000 0.000 0.000 0.000 0.000 0.000 0.000 0.000 0.000 0.000 0.000 0.001 0.001 0.001 0.001 0.001 0.001 0.001 0.000 0.000 0.000 0.000 0.000 0.000 0.000 0.000 0.000 0.000 0.000 0.000
0.477 0.472 0.458 0.431 0.389 0.330 0.257 0.195 0.153 0.127 0.114 0.108 0.108 0.110 0.123 0.166 0.233 0.264 0.269 0.252 0.184 0.096 0.049 0.027 0.016 0.010 0.006 0.004 0.003 0.002 0.001 0.001 0.000 0.000 0.000 0.000 0.000 0.000 0.001 0.000 0.001 0.001 0.001 0.001 0.000 0.000 0.000 0.000 0.000 0.000 0.000 0.000 0.000 0.000 0.000 0.000 0.000 0.001 0.001 0.001 0.001 0.001 0.001 0.001 0.000 0.000 0.000 0.000 0.000 0.000 0.000 0.000 0.000 0.000 0.000 0.000 0.000
0.640 0.637 0.628 0.605 0.563 0.498 0.408 0.311 0.238 0.190 0.162 0.149 0.145 0.147 0.161 0.208 0.259 0.275 0.271 0.232 0.145 0.075 0.042 0.025 0.015 0.010 0.006 0.004 0.002 0.001 0.001 0.001 0.001 0.000 0.000 0.000 0.000 0.000 0.001 0.000 0.000 0.001 0.001 0.001 0.001 0.000 0.000 0.000 0.000 0.000 0.000 0.000 0.000 0.000 0.000 0.000 0.000 0.001 0.001 0.001 0.001 0.001 0.001 0.001 0.000 0.000 0.000 0.000 0.000 0.000 0.000 0.000 0.000 0.000 0.000 0.000 0.000
0.843 0.843 0.837 0.819 0.781 0.714 0.615 0.486 0.372 0.292 0.240 0.211 0.199 0.199 0.214 0.258 0.290 0.293 0.268 0.194 0.108 0.061 0.037 0.024 0.015 0.009 0.006 0.003 0.002 0.001 0.001 0.001 0.001 0.001 0.000 0.000 0.000 0.000 0.001 0.000 0.001 0.001 0.001 0.001 0.001 0.001 0.000 0.000 0.000 0.000 0.000 0.000 0.000 0.000 0.000 0.000 0.000 0.001 0.001 0.001 0.001 0.001 0.001 0.001 0.000 0.000 0.000 0.000 0.000 0.000 0.000 0.000 0.000 0.000 0.000 0.000 0.000
1.092 1.096 1.093 1.079 1.045 0.980 0.877 0.731 0.570 0.446 0.360 0.306 0.280 0.274 0.286 0.315 0.325 0.305 0.240 0.146 0.084 0.054 0.036 0.024 0.015 0.009 0.005 0.003 0.002 0.001 0.001 0.001 0.001 0.001 0.000 0.000 0.000 0.000 0.001 0.000 0.001 0.001 0.001 0.001 0.001 0.001 0.001 0.000 0.000 0.000 0.000 0.000 0.000 0.000 0.000 0.000 0.000 0.000 0.000 0.000 0.000 0.000 0.000 0.000 0.000 0.000 0.000 0.000 0.000 0.000 0.000 0.000 0.000 0.000 0.000 0.000 0.000
1.393 1.402 1.402 1.392 1.362 1.301 1.198 1.046 0.847 0.668 0.538 0.451 0.403 0.384 0.381 0.378 0.350 0.286 0.191 0.116 0.076 0.053 0.036 0.024 0.015 0.009 0.005 0.003 0.002 0.001 0.001 0.000 0.001 0.001 0.000 0.000 0.000 0.000 0.001 0.000 0.000 0.001 0.001 0.001 0.001 0.001 0.001 0.001 0.000 0.000 0.000 0.000 0.000 0.000 0.000 0.000 0.000 0.000 0.000 0.000 0.000 0.000 0.000 0.000 0.000 0.000 0.000 0.000 0.000 0.000 0.000 0.000 0.000 0.000 0.000 0.000 0.000
1.751 1.766 1.769 1.763 1.738 1.681 1.582 1.428 1.213 0.977 0.793 0.665 0.586 0.535 0.488 0.431 0.353 0.254 0.163 0.108 0.075 0.053 0.037 0.025 0.015 0.008 0.004 0.002 0.001 0.001 0.001 0.000 0.000 0.001 0.000 0.000 0.000 0.000 0.001 0.000 0.001 0.001 0.001 0.001 0.001 0.001 0.001 0.001 0.001 0.000 0.000 0.000 0.000 0.000 0.000 0.000 0.000 0.000 0.000 0.000 0.000 0.000 0.000 0.000 0.000 0.000 0.000 0.000 0.000 0.000 0.000 0.000 0.000 0.000 0.000 0.000 0.000
2.170 2.196 2.202 2.198 2.177 2.125 2.031 1.883 1.668 1.394 1.150 0.963 0.822 0.702 0.583 0.466 0.349 0.239 0.159 0.109 0.078 0.056 0.040 0.026 0.015 0.008 0.004 0.002 0.001 0.001 0.001 0.000 0.000 0.000 0.000 0.000 0.000 0.000 0.000 0.000 0.001 0.001 0.001 0.001 0.001 0.001 0.001 0.001 0.001 0.001 0.001 0.000 0.000 0.000 0.000 0.000 0.000 0.000 0.001 0.001 0.001 0.000 0.000 0.000 0.000 0.000 0.000 0.000 0.000 0.000 0.000 0.000 0.000 0.000 0.000 0.000 0.000
2.650 2.690 2.700 2.698 2.681 2.637 2.553 2.416 2.214 1.930 1.610 1.323 1.079 0.862 0.669 0.498 0.353 0.241 0.166 0.117 0.085 0.062 0.044 0.028 0.015 0.008 0.004 0.002 0.001 0.001 0.001 0.000 0.001 0.001 0.000 0.000 0.000 0.000 0.001 0.000 0.001 0.001 0.001 0.001 0.000 0.001 0.001 0.001 0.001 0.001 0.001 0.000 0.000 0.000 0.000 0.000 0.000 0.000 0.000 0.000 0.001 0.000 0.000 0.000 0.000 0.000 0.000 0.000 0.000 0.000 0.000 0.000 0.000 0.000 0.000 0.000 0.000
3.104 3.163 3.188 3.191 3.181 3.148 3.086 2.972 2.780 2.496 2.121 1.712 1.341 1.024 0.759 0.544 0.380 0.265 0.190 0.138 0.101 0.073 0.049 0.030 0.016 0.008 0.004 0.002 0.001 0.001 0.000 0.000 0.000 0.000 0.000 0.000 0.000 0.000 0.001 0.001 0.001 0.001 0.001 0.001 0.000 0.000 0.001 0.001 0.001 0.001 0.001 0.000 0.000 0.000 0.000 0.000 0.000 0.000 0.000 0.001 0.001 0.000 0.000 0.000 0.000 0.000 0.000 0.000 0.000 0.000 0.000 0.000 0.000 0.000 0.000 0.000 0.000
3.486 3.562 3.602 3.614 3.610 3.589 3.543 3.444 3.258 2.976 2.593 2.112 1.616 1.202 0.873 0.624 0.446 0.324 0.240 0.177 0.128 0.088 0.055 0.031 0.015 0.007 0.003 0.002 0.001 0.001 0.001 0.000 0.000 0.000 0.000 0.000 0.000 0.000 0.001 0.001 0.001 0.001 0.001 0.001 0.000 0.000 0.000 0.001 0.001 0.001 0.001 0.000 0.000 0.000 0.000 0.000 0.001 0.000 0.001 0.001 0.000 0.000 0.000 0.000 0.000 0.000 0.000 0.000 0.000 0.000 0.000 0.000 0.000 0.000 0.000 0.000 0.000
3.799 3.883 3.935 3.960 3.966 3.957 3.920 3.822 3.645 3.378 3.004 2.507 1.923 1.418 1.035 0.758 0.567 0.431 0.326 0.239 0.167 0.107 0.061 0.031 0.015 0.007 0.003 0.002 0.001 0.001 0.001 0.001 0.001 0.000 0.000 0.000 0.000 0.000 0.001 0.001 0.001 0.001 0.001 0.001 0.001 0.000 0.000 0.000 0.000 0.001 0.000 0.000 0.000 0.000 0.000 0.001 0.001 0.000 0.001 0.001 0.000 0.000 0.000 0.000 0.000 0.000 0.000 0.000 0.000 0.000 0.000 0.000 0.000 0.000 0.000 0.000 0.000
4.052 4.137 4.192 4.229 4.246 4.244 4.206 4.113 3.950 3.701 3.348 2.873 2.269 1.700 1.277 0.977 0.766 0.602 0.460 0.330 0.216 0.124 0.063 0.030 0.014 0.006 0.003 0.001 0.001 0.001 0.000 0.001 0.001 0.000 0.000 0.000 0.000 0.000 0.001 0.001 0.001 0.001 0.001 0.001 0.001 0.001 0.000 0.000 0.000 0.001 0.000 0.000 0.000 0.000 0.000 0.001 0.001 0.001 0.001 0.001 0.000 0.000 0.000 0.000 0.000 0.000 0.000 0.000 0.000 0.000 0.000 0.000 0.000 0.000 0.000 0.000 0.000
4.244 4.331 4.390 4.427 4.446 4.447 4.409 4.326 4.180 3.951 3.627 3.192 2.631 2.065 1.631 1.310 1.057 0.833 0.618 0.419 0.252 0.132 0.062 0.027 0.012 0.005 0.002 0.001 0.001 0.000 0.000 0.000 0.001 0.000 0.000 0.000 0.000 0.000 0.000 0.001 0.001 0.001 0.000 0.000 0.001 0.001 0.001 0.000 0.000 0.000 0.000 0.000 0.000 0.000 0.001 0.001 0.001 0.001 0.001 0.001 0.000 0.000 0.000 0.000 0.000 0.000 0.000 0.000 0.000 0.000 0.000 0.000 0.000 0.000 0.000 0.000 0.000
4.390 4.480 4.538 4.570 4.582 4.576 4.546 4.472 4.340 4.134 3.842 3.454 2.965 2.445 2.010 1.645 1.319 1.012 0.723 0.467 0.265 0.131 0.057 0.024 0.010 0.004 0.002 0.001 0.001 0.000 0.000 0.000 0.001 0.000 0.000 0.000 0.000 0.000 0.000 0.001 0.001 0.001 0.000 0.000 0.000 0.001 0.001 0.001 0.000 0.000 0.000 0.000 0.000 0.000 0.000 0.000 0.000 0.000 0.000 0.000 0.000 0.000 0.000 0.000 0.000 0.000 0.000 0.000 0.000 0.000 0.000 0.000 0.000 0.000 0.000 0.000 0.000
4.492 4.585 4.643 4.668 4.670 4.660 4.632 4.565 4.443 4.257 3.996 3.651 3.222 2.740 2.284 1.869 1.480 1.107 0.763 0.475 0.260 0.121 0.050 0.020 0.008 0.003 0.002 0.001 0.001 0.000 0.000 0.000 0.000 0.000 0.000 0.000 0.000 0.000 0.000 0.001 0.001 0.001 0.000 0.000 0.000 0.000 0.001 0.001 0.001 0.000 0.000 0.000 0.000 0.000 0.000 0.000 0.000 0.000 0.000 0.000 0.000 0.000 0.000 0.000 0.000 0.000 0.000 0.000 0.000 0.000 0.000 0.000 0.000 0.000 0.000 0.000 0.000
4.558 4.656 4.711 4.724 4.722 4.715 4.684 4.619 4.505 4.334 4.095 3.780 3.390 2.939 2.466 2.005 1.557 1.132 0.756 0.453 0.233 0.101 0.039 0.015 0.006 0.003 0.001 0.001 0.001 0.001 0.000 0.000 0.000 0.000 0.000 0.000 0.000 0.000 0.001 0.001 0.001 0.001 0.001 0.000 0.000 0.000 0.000 0.001 0.001 0.001 0.000 0.000 0.000 0.000 0.000 0.000 0.001 0.001 0.001 0.000 0.000 0.000 0.000 0.000 0.000 0.000 0.000 0.000 0.000 0.000 0.000 0.000 0.000 0.000 0.000 0.000 0.000
4.596 4.692 4.741 4.755 4.755 4.747 4.716 4.651 4.542 4.379 4.151 3.852 3.480 3.048 2.575 2.081 1.581 1.113 0.709 0.392 0.181 0.072 0.027 0.011 0.005 0.002 0.001 0.001 0.001 0.001 0.001 0.000 0.000 0.000 0.000 0.000 0.000 0.000 0.001 0.001 0.001 0.001 0.001 0.001 0.000 0.000 0.000 0.000 0.001 0.000 0.000 0.000 0.000 0.000 0.000 0.000 0.000 0.000 0.000 0.000 0.000 0.000 0.000 0.000 0.000 0.000 0.000 0.000 0.000 0.000 0.000 0.000 0.000 0.000 0.000 0.000 0.000
4.614 4.706 4.754 4.772 4.774 4.765 4.735 4.670 4.563 4.403 4.179 3.885 3.523 3.103 2.631 2.117 1.572 1.055 0.622 0.309 0.130 0.050 0.020 0.008 0.004 0.002 0.001 0.001 0.001 0.001 0.001 0.001 0.000 0.000 0.000 0.000 0.000 0.000 0.001 0.001 0.001 0.001 0.001 0.001 0.001 0.000 0.000 0.000 0.000 0.000 0.000 0.000 0.000 0.000 0.000 0.000 0.000 0.000 0.000 0.000 0.000 0.000 0.000 0.000 0.000 0.000 0.000 0.000 0.000 0.000 0.000 0.000 0.000 0.000 0.000 0.000 0.000
4.620 4.706 4.754 4.776 4.782 4.771 4.739 4.677 4.572 4.411 4.187 3.896 3.542 3.128 2.653 2.126 1.537 0.972 0.532 0.246 0.100 0.039 0.016 0.007 0.003 0.001 0.001 0.001 0.001 0.001 0.001 0.001 0.000 0.000 0.000 0.000 0.000 0.000 0.000 0.000 0.000 0.000 0.000 0.000 0.001 0.001 0.000 0.000 0.000 0.000 0.000 0.000 0.000 0.000 0.000 0.000 0.000 0.000 0.000 0.000 0.000 0.000 0.000 0.000 0.000 0.000 0.000 0.000 0.000 0.000 0.000 0.000 0.000 0.000 0.000 0.000 0.000
4.611 4.696 4.749 4.776 4.780 4.772 4.744 4.681 4.573 4.411 4.186 3.897 3.547 3.134 2.658 2.112 1.472 0.880 0.454 0.200 0.080 0.031 0.013 0.005 0.002 0.001 0.001 0.001 0.001 0.001 0.001 0.001 0.000 0.000 0.000 0.000 0.000 0.000 0.000 0.001 0.001 0.001 0.000 0.000 0.000 0.000 0.001 0.001 0.000 0.000 0.000 0.000 0.000 0.000 0.000 0.001 0.001 0.000 0.000 0.000 0.000 0.000 0.000 0.000 0.000 0.000 0.000 0.000 0.000 0.000 0.000 0.000 0.000 0.000 0.000 0.000 0.000
4.578 4.670 4.734 4.768 4.777 4.772 4.745 4.679 4.569 4.406 4.181 3.895 3.545 3.134 2.652 2.067 1.371 0.778 0.379 0.159 0.062 0.024 0.009 0.004 0.001 0.001 0.001 0.000 0.001 0.001 0.001 0.000 0.000 0.000 0.000 0.000 0.000 0.000 0.000 0.001 0.001 0.001 0.001 0.001 0.000 0.000 0.000 0.001 0.001 0.001 0.000 0.000 0.000 0.000 0.001 0.001 0.001 0.001 0.000 0.000 0.000 0.000 0.000 0.000 0.000 0.000 0.000 0.000 0.000 0.000 0.000 0.000 0.000 0.000 0.000 0.000 0.000
4.505 4.608 4.689 4.741 4.761 4.760 4.734 4.670 4.556 4.388 4.163 3.879 3.533 3.120 2.614 1.961 1.225 0.657 0.299 0.118 0.044 0.016 0.006 0.002 0.001 0.001 0.000 0.000 0.000 0.001 0.001 0.000 0.000 0.000 0.000 0.000 0.000 0.000 0.000 0.001 0.001 0.001 0.001 0.001 0.001 0.000 0.000 0.000 0.000 0.000 0.000 0.000 0.000 0.000 0.000 0.000 0.001 0.000 0.000 0.000 0.000 0.000 0.000 0.000 0.000 0.000 0.000 0.000 0.000 0.000 0.000 0.000 0.000 0.000 0.000 0.000 0.000
4.377 4.496 4.602 4.690 4.734 4.739 4.717 4.652 4.532 4.355 4.122 3.832 3.478 3.039 2.471 1.734 1.011 0.501 0.208 0.076 0.027 0.009 0.003 0.001 0.001 0.001 0.000 0.000 0.000 0.000 0.001 0.001 0.000 0.000 0.000 0.000 0.000 0.000 0.000 0.001 0.001 0.001 0.001 0.001 0.001 0.001 0.000 0.000 0.000 0.000 0.000 0.000 0.000 0.000 0.000 0.001 0.000 0.000 0.000 0.000 0.000 0.000 0.000 0.000 0.000 0.000 0.000 0.000 0.000 0.000 0.000 0.000 0.000 0.000 0.000 0.000 0.000
4.177 4.302 4.432 4.570 4.660 4.689 4.677 4.613 4.485 4.294 4.038 3.714 3.301 2.772 2.099 1.331 0.699 0.305 0.113 0.039 0.013 0.005 0.002 0.001 0.001 0.001 0.001 0.000 0.000 0.000 0.000 0.001 0.000 0.000 0.000 0.000 0.000 0.000 0.000 0.000 0.000 0.000 0.000 0.000 0.000 0.001 0.000 0.000 0.000 0.000 0.000 0.000 0.000 0.000 0.000 0.001 0.000 0.000 0.000 0.000 0.000 0.000 0.000 0.000 0.000 0.000 0.000 0.000 0.000 0.000 0.000 0.000 0.000 0.000 0.000 0.000 0.000
