RESULTS/r.avaflow_results/12_results/12_ascii/12_hflow30055.asc
ncols 506
nrows 317
xllcenter 498237.50
yllcenter 5580050.00
cellsize 12.50
NODATA_value -9999.000
[rows 136 to 169 of 317, columns 154 to 230 of 506]
0.000 0.000 0.000 0.000 0.000 0.000 0.000 0.000 0.000 0.000 0.000 0.000 0.000 0.000 0.000 0.000 0.000 0.000 0.000 0.000 0.000 0.000 0.000 0.000 0.000 0.000 0.000 0.000 0.000 0.000 0.000 0.000 0.000 0.000 0.000 0.000 0.000 0.000 0.000 0.000 0.000 0.000 0.000 0.000 0.000 0.000 0.000 0.000 0.000 0.000 0.000 0.000 0.000 0.000 0.000 0.000 0.000 0.000 0.000 0.000 0.000 0.000 0.000 0.000 0.000 0.000 0.000 0.000 0.000 0.000 0.000 0.000 0.000 0.000 0.000 0.000 0.000
0.000 0.000 0.000 0.000 0.000 0.000 0.000 0.000 0.000 0.000 0.000 0.000 0.000 0.000 0.000 0.000 0.000 0.000 0.000 0.000 0.000 0.000 0.000 0.000 0.000 0.000 0.000 0.000 0.000 0.000 0.000 0.000 0.000 0.000 0.000 0.000 0.000 0.000 0.000 0.000 0.000 0.000 0.000 0.000 0.000 0.000 0.000 0.000 0.000 0.000 0.000 0.000 0.000 0.000 0.000 0.000 0.000 0.000 0.000 0.000 0.000 0.000 0.000 0.000 0.000 0.000 0.000 0.000 0.000 0.000 0.000 0.000 0.000 0.000 0.000 0.000 0.000
0.000 0.000 0.000 0.000 0.000 0.000 0.000 0.000 0.000 0.000 0.000 0.000 0.000 0.000 0.000 0.000 0.000 0.000 0.000 0.000 0.000 0.000 0.000 0.000 0.000 0.000 0.000 0.000 0.000 0.000 0.000 0.000 0.000 0.000 0.000 0.000 0.000 0.000 0.000 0.000 0.000 0.000 0.000 0.000 0.000 0.000 0.000 0.000 0.000 0.000 0.000 0.000 0.000 0.000 0.000 0.000 0.000 0.000 0.000 0.000 0.000 0.000 0.000 0.000 0.000 0.000 0.000 0.000 0.000 0.000 0.000 0.000 0.000 0.000 0.000 0.000 0.000
0.000 0.000 0.000 0.000 0.000 0.000 0.000 0.000 0.000 0.000 0.000 0.000 0.000 0.000 0.000 0.000 0.000 0.000 0.000 0.000 0.000 0.000 0.000 0.000 0.000 0.000 0.000 0.000 0.000 0.000 0.000 0.000 0.000 0.000 0.000 0.000 0.000 0.000 0.000 0.000 0.000 0.000 0.000 0.000 0.000 0.000 0.000 0.000 0.000 0.000 0.000 0.000 0.000 0.000 0.000 0.000 0.000 0.000 0.000 0.000 0.000 0.000 0.000 0.000 0.000 0.000 0.000 0.000 0.000 0.000 0.000 0.000 0.000 0.000 0.000 0.000 0.000
0.000 0.000 0.000 0.000 0.000 0.000 0.000 0.000 0.000 0.000 0.000 0.000 0.000 0.000 0.000 0.000 0.000 0.000 0.000 0.000 0.000 0.000 0.000 0.000 0.000 0.000 0.000 0.000 0.000 0.000 0.000 0.000 0.000 0.000 0.000 0.000 0.000 0.000 0.000 0.000 0.000 0.000 0.000 0.000 0.000 0.000 0.000 0.000 0.000 0.000 0.000 0.000 0.000 0.000 0.000 0.000 0.000 0.000 0.000 0.000 0.000 0.000 0.000 0.000 0.000 0.000 0.000 0.000 0.000 0.000 0.000 0.000 0.000 0.000 0.000 0.000 0.000
0.000 0.000 0.000 0.000 0.000 0.000 0.000 0.000 0.000 0.000 0.000 0.000 0.000 0.000 0.000 0.000 0.000 0.000 0.000 0.000 0.000 0.000 0.000 0.000 0.000 0.000 0.000 0.000 0.000 0.000 0.000 0.000 0.000 0.000 0.000 0.000 0.000 0.000 0.000 0.000 0.000 0.000 0.000 0.000 0.000 0.000 0.000 0.000 0.000 0.000 0.000 0.000 0.000 0.000 0.000 0.000 0.000 0.000 0.000 0.000 0.000 0.000 0.000 0.000 0.000 0.000 0.000 0.000 0.000 0.000 0.000 0.000 0.000 0.000 0.000 0.000 0.000
0.000 0.000 0.000 0.000 0.000 0.000 0.000 0.000 0.000 0.000 0.000 0.000 0.000 0.000 0.000 0.000 0.000 0.000 0.000 0.000 0.000 0.000 0.000 0.000 0.000 0.000 0.000 0.000 0.000 0.000 0.000 0.000 0.000 0.000 0.000 0.000 0.000 0.000 0.000 0.000 0.000 0.000 0.000 0.000 0.000 0.000 0.000 0.000 0.000 0.000 0.000 0.000 0.000 0.000 0.000 0.000 0.000 0.000 0.000 0.000 0.000 0.000 0.000 0.000 0.000 0.000 0.000 0.000 0.000 0.000 0.000 0.000 0.000 0.000 0.000 0.000 0.000
0.000 0.000 0.000 0.000 0.000 0.000 0.000 0.000 0.000 0.000 0.000 0.000 0.000 0.000 0.000 0.000 0.000 0.000 0.000 0.000 0.000 0.000 0.000 0.000 0.000 0.000 0.000 0.000 0.000 0.000 0.000 0.000 0.000 0.000 0.000 0.000 0.000 0.000 0.000 0.000 0.000 0.000 0.000 0.000 0.000 0.000 0.000 0.000 0.000 0.000 0.000 0.000 0.000 0.000 0.000 0.000 0.000 0.000 0.000 0.000 0.000 0.000 0.000 0.000 0.000 0.000 0.000 0.000 0.000 0.000 0.000 0.000 0.000 0.000 0.000 0.000 0.000
0.000 0.000 0.000 0.000 0.000 0.000 0.000 0.000 0.000 0.000 0.000 0.000 0.000 0.000 0.000 0.000 0.000 0.000 0.000 0.000 0.000 0.000 0.000 0.000 0.000 0.000 0.000 0.000 0.000 0.000 0.000 0.000 0.000 0.000 0.000 0.000 0.000 0.000 0.000 0.000 0.000 0.000 0.000 0.000 0.000 0.000 0.000 0.000 0.000 0.000 0.000 0.000 0.000 0.000 0.000 0.000 0.000 0.000 0.000 0.000 0.000 0.000 0.000 0.000 0.000 0.000 0.000 0.000 0.000 0.000 0.000 0.000 0.000 0.000 0.000 0.000 0.000
0.000 0.000 0.000 0.000 0.000 0.000 0.000 0.000 0.000 0.000 0.000 0.000 0.000 0.000 0.000 0.000 0.000 0.000 0.000 0.000 0.000 0.000 0.000 0.000 0.000 0.000 0.000 0.000 0.000 0.000 0.000 0.000 0.000 0.000 0.000 0.000 0.000 0.000 0.000 0.000 0.000 0.000 0.000 0.000 0.000 0.000 0.000 0.000 0.000 0.000 0.000 0.000 0.000 0.000 0.000 0.000 0.000 0.000 0.000 0.000 0.000 0.000 0.000 0.000 0.000 0.000 0.000 0.000 0.000 0.000 0.000 0.000 0.000 0.000 0.000 0.000 0.000
0.000 0.000 0.000 0.000 0.000 0.000 0.000 0.000 0.000 0.000 0.000 0.000 0.000 0.000 0.000 0.000 0.000 0.000 0.000 0.000 0.000 0.000 0.000 0.000 0.000 0.000 0.000 0.000 0.000 0.000 0.000 0.000 0.000 0.000 0.000 0.000 0.000 0.000 0.000 0.000 0.000 0.000 0.000 0.000 0.000 0.000 0.000 0.000 0.000 0.000 0.000 0.000 0.000 0.000 0.000 0.000 0.000 0.000 0.000 0.000 0.000 0.000 0.000 0.000 0.000 0.000 0.000 0.000 0.000 0.000 0.000 0.000 0.000 0.000 0.000 0.000 0.000
0.000 0.000 0.000 0.000 0.000 0.000 0.000 0.000 0.000 0.000 0.000 0.000 0.000 0.000 0.000 0.000 0.000 0.000 0.000 0.000 0.000 0.000 0.000 0.000 0.000 0.000 0.000 0.000 0.000 0.000 0.000 0.000 0.000 0.000 0.000 0.000 0.000 0.000 0.000 0.000 0.000 0.000 0.000 0.000 0.000 0.000 0.000 0.000 0.000 0.000 0.000 0.000 0.000 0.000 0.000 0.000 0.000 0.000 0.000 0.000 0.000 0.000 0.000 0.000 0.000 0.000 0.000 0.000 0.000 0.000 0.000 0.000 0.000 0.000 0.000 0.000 0.000
0.000 0.000 0.000 0.000 0.000 0.000 0.000 0.000 0.000 0.000 0.000 0.000 0.000 0.000 0.000 0.000 0.000 0.000 0.000 0.000 0.000 0.000 0.000 0.000 0.000 0.000 0.000 0.000 0.000 0.000 0.000 0.000 0.000 0.000 0.000 0.000 0.000 0.000 0.000 0.000 0.000 0.000 0.000 0.000 0.000 0.000 0.000 0.000 0.000 0.000 0.000 0.000 0.000 0.000 0.000 0.000 0.000 0.000 0.000 0.000 0.000 0.000 0.000 0.000 0.000 0.000 0.000 0.000 0.000 0.000 0.000 0.000 0.000 0.000 0.000 0.000 0.000
0.000 0.000 0.000 0.000 0.000 0.000 0.000 0.000 0.000 0.000 0.000 0.000 0.000 0.000 0.000 0.000 0.000 0.000 0.000 0.000 0.000 0.000 0.000 0.000 0.000 0.000 0.000 0.000 0.000 0.000 0.000 0.000 0.000 0.000 0.000 0.000 0.000 0.000 0.000 0.000 0.000 0.000 0.000 0.000 0.000 0.000 0.000 0.000 0.000 0.000 0.000 0.000 0.000 0.000 0.000 0.000 0.000 0.000 0.000 0.000 0.000 0.000 0.000 0.000 0.000 0.000 0.000 0.000 0.000 0.000 0.000 0.000 0.000 0.000 0.000 0.000 0.000
0.001 0.001 0.001 0.001 0.001 0.000 0.000 0.000 0.000 0.000 0.000 0.000 0.000 0.000 0.000 0.000 0.000 0.000 0.000 0.000 0.000 0.000 0.000 0.000 0.000 0.000 0.000 0.000 0.000 0.000 0.000 0.000 0.000 0.000 0.000 0.000 0.000 0.000 0.000 0.000 0.000 0.000 0.000 0.000 0.000 0.000 0.001 0.001 0.001 0.001 0.001 0.001 0.001 0.001 0.001 0.001 0.001 0.001 0.001 0.001 0.001 0.001 0.001 0.001 0.001 0.001 0.001 0.001 0.001 0.001 0.001 0.001 0.001 0.000 0.000 0.000 0.000
0.002 0.002 0.002 0.002 0.001 0.001 0.001 0.001 0.001 0.001 0.000 0.000 0.000 0.000 0.000 0.000 0.000 0.000 0.000 0.000 0.000 0.000 0.000 0.000 0.000 0.000 0.000 0.000 0.000 0.000 0.000 0.000 0.000 0.000 0.000 0.000 0.000 0.000 0.000 0.000 0.000 0.000 0.000 0.001 0.001 0.001 0.002 0.002 0.003 0.003 0.003 0.003 0.003 0.003 0.003 0.003 0.003 0.003 0.003 0.003 0.003 0.003 0.003 0.003 0.003 0.003 0.003 0.003 0.003 0.002 0.002 0.002 0.002 0.001 0.001 0.001 0.001
0.004 0.003 0.003 0.003 0.002 0.002 0.002 0.002 0.001 0.001 0.001 0.001 0.001 0.001 0.001 0.001 0.000 0.000 0.000 0.000 0.000 0.000 0.000 0.000 0.000 0.000 0.000 0.000 0.000 0.000 0.000 0.000 0.000 0.000 0.000 0.000 0.000 0.000 0.000 0.000 0.000 0.001 0.001 0.002 0.002 0.003 0.004 0.004 0.005 0.005 0.005 0.005 0.005 0.005 0.005 0.005 0.005 0.005 0.005 0.005 0.004 0.004 0.004 0.004 0.004 0.004 0.004 0.004 0.004 0.004 0.004 0.004 0.003 0.002 0.002 0.002 0.001
0.006 0.005 0.005 0.004 0.004 0.003 0.003 0.003 0.003 0.002 0.002 0.002 0.002 0.002 0.002 0.001 0.001 0.001 0.001 0.001 0.001 0.001 0.001 0.001 0.000 0.000 0.000 0.000 0.000 0.000 0.000 0.000 0.000 0.000 0.000 0.000 0.000 0.000 0.000 0.001 0.001 0.002 0.002 0.003 0.004 0.005 0.006 0.007 0.007 0.008 0.008 0.008 0.008 0.008 0.008 0.008 0.008 0.007 0.007 0.007 0.007 0.007 0.007 0.007 0.007 0.007 0.007 0.007 0.007 0.006 0.006 0.005 0.005 0.004 0.003 0.003 0.002
0.008 0.008 0.007 0.006 0.005 0.005 0.005 0.004 0.004 0.004 0.003 0.003 0.003 0.003 0.003 0.003 0.002 0.002 0.002 0.002 0.002 0.002 0.001 0.001 0.001 0.001 0.001 0.001 0.000 0.000 0.000 0.000 0.000 0.000 0.000 0.001 0.001 0.001 0.001 0.002 0.002 0.003 0.004 0.005 0.006 0.007 0.009 0.010 0.011 0.011 0.012 0.012 0.012 0.012 0.012 0.011 0.011 0.011 0.010 0.010 0.010 0.010 0.010 0.010 0.010 0.010 0.010 0.010 0.010 0.010 0.009 0.008 0.007 0.006 0.005 0.004 0.003
0.012 0.011 0.010 0.008 0.008 0.007 0.006 0.006 0.006 0.005 0.005 0.005 0.005 0.004 0.004 0.004 0.004 0.004 0.003 0.003 0.003 0.003 0.003 0.002 0.002 0.002 0.002 0.002 0.001 0.001 0.001 0.001 0.001 0.001 0.002 0.002 0.002 0.002 0.003 0.003 0.004 0.005 0.006 0.008 0.009 0.011 0.012 0.014 0.015 0.016 0.016 0.017 0.017 0.017 0.016 0.016 0.016 0.015 0.014 0.014 0.014 0.014 0.013 0.013 0.014 0.014 0.014 0.014 0.014 0.014 0.013 0.011 0.009 0.008 0.007 0.006 0.005
0.020 0.016 0.013 0.012 0.010 0.009 0.009 0.008 0.008 0.007 0.007 0.007 0.007 0.006 0.006 0.006 0.006 0.006 0.005 0.005 0.005 0.004 0.004 0.004 0.004 0.003 0.003 0.003 0.003 0.003 0.003 0.003 0.003 0.003 0.003 0.003 0.004 0.004 0.005 0.006 0.007 0.008 0.009 0.011 0.012 0.014 0.017 0.019 0.020 0.022 0.023 0.023 0.023 0.023 0.023 0.023 0.022 0.021 0.020 0.020 0.019 0.019 0.019 0.019 0.019 0.020 0.021 0.021 0.021 0.020 0.018 0.015 0.012 0.010 0.009 0.007 0.006
0.036 0.027 0.020 0.016 0.014 0.013 0.012 0.011 0.010 0.010 0.010 0.009 0.009 0.009 0.009 0.008 0.008 0.008 0.007 0.007 0.007 0.006 0.006 0.006 0.005 0.005 0.005 0.005 0.005 0.005 0.005 0.005 0.005 0.005 0.005 0.006 0.006 0.007 0.007 0.008 0.010 0.011 0.013 0.014 0.017 0.019 0.022 0.025 0.027 0.029 0.031 0.032 0.033 0.033 0.033 0.032 0.031 0.030 0.029 0.028 0.027 0.027 0.027 0.027 0.027 0.030 0.031 0.032 0.031 0.029 0.025 0.020 0.016 0.013 0.011 0.009 0.008
0.080 0.052 0.035 0.026 0.021 0.018 0.016 0.015 0.014 0.013 0.013 0.013 0.012 0.012 0.012 0.011 0.011 0.011 0.010 0.010 0.009 0.009 0.008 0.008 0.008 0.007 0.007 0.007 0.007 0.007 0.007 0.007 0.007 0.008 0.008 0.008 0.009 0.010 0.011 0.012 0.013 0.015 0.017 0.019 0.022 0.024 0.028 0.032 0.036 0.039 0.042 0.044 0.046 0.047 0.047 0.047 0.046 0.045 0.043 0.042 0.041 0.040 0.039 0.039 0.041 0.046 0.050 0.051 0.050 0.046 0.037 0.028 0.021 0.017 0.014 0.012 0.010
0.198 0.120 0.073 0.048 0.035 0.027 0.023 0.021 0.019 0.018 0.018 0.017 0.017 0.016 0.016 0.015 0.015 0.014 0.014 0.013 0.013 0.012 0.011 0.011 0.011 0.010 0.010 0.010 0.010 0.010 0.010 0.010 0.010 0.011 0.011 0.012 0.013 0.014 0.015 0.016 0.018 0.020 0.022 0.025 0.028 0.031 0.035 0.041 0.046 0.051 0.056 0.061 0.065 0.068 0.069 0.069 0.069 0.067 0.066 0.064 0.063 0.061 0.061 0.062 0.066 0.076 0.084 0.087 0.086 0.077 0.059 0.040 0.028 0.022 0.017 0.015 0.013
0.453 0.283 0.169 0.103 0.067 0.049 0.038 0.032 0.028 0.026 0.025 0.024 0.023 0.022 0.021 0.020 0.020 0.019 0.018 0.017 0.017 0.016 0.015 0.014 0.014 0.014 0.014 0.013 0.013 0.014 0.014 0.014 0.014 0.014 0.015 0.016 0.017 0.018 0.020 0.022 0.024 0.026 0.029 0.032 0.036 0.040 0.045 0.051 0.059 0.067 0.076 0.086 0.094 0.100 0.104 0.105 0.106 0.105 0.104 0.102 0.100 0.100 0.100 0.104 0.114 0.135 0.154 0.161 0.158 0.141 0.102 0.063 0.041 0.028 0.022 0.018 0.015
0.865 0.584 0.371 0.229 0.145 0.097 0.071 0.056 0.046 0.041 0.038 0.036 0.034 0.032 0.031 0.029 0.027 0.026 0.025 0.024 0.022 0.021 0.020 0.019 0.018 0.018 0.018 0.018 0.018 0.018 0.018 0.018 0.018 0.019 0.020 0.021 0.022 0.024 0.026 0.029 0.032 0.035 0.038 0.042 0.047 0.052 0.059 0.067 0.077 0.091 0.108 0.126 0.141 0.153 0.161 0.165 0.167 0.167 0.166 0.165 0.166 0.167 0.172 0.181 0.205 0.251 0.294 0.307 0.301 0.267 0.192 0.110 0.063 0.040 0.028 0.022 0.019
1.403 1.027 0.709 0.472 0.308 0.204 0.142 0.105 0.083 0.070 0.062 0.058 0.054 0.051 0.048 0.044 0.041 0.039 0.036 0.034 0.031 0.029 0.027 0.025 0.024 0.023 0.023 0.023 0.023 0.023 0.023 0.023 0.024 0.025 0.026 0.027 0.029 0.032 0.035 0.039 0.043 0.047 0.052 0.057 0.063 0.070 0.079 0.090 0.107 0.130 0.161 0.192 0.216 0.236 0.250 0.258 0.261 0.261 0.261 0.261 0.263 0.268 0.278 0.296 0.331 0.394 0.467 0.507 0.511 0.472 0.357 0.204 0.107 0.060 0.038 0.028 0.023
2.023 1.587 1.184 0.853 0.594 0.406 0.283 0.206 0.159 0.130 0.112 0.102 0.095 0.089 0.082 0.075 0.068 0.063 0.058 0.053 0.047 0.042 0.037 0.034 0.032 0.031 0.030 0.030 0.029 0.029 0.029 0.030 0.030 0.032 0.033 0.036 0.039 0.044 0.049 0.055 0.061 0.067 0.074 0.081 0.089 0.098 0.110 0.127 0.154 0.194 0.248 0.296 0.332 0.355 0.364 0.360 0.352 0.347 0.346 0.346 0.347 0.351 0.360 0.378 0.412 0.472 0.557 0.622 0.646 0.630 0.540 0.355 0.184 0.095 0.054 0.037 0.028
2.713 2.236 1.777 1.365 1.014 0.735 0.533 0.397 0.308 0.252 0.217 0.196 0.180 0.167 0.153 0.138 0.124 0.112 0.101 0.089 0.077 0.065 0.056 0.049 0.045 0.042 0.041 0.039 0.039 0.038 0.038 0.039 0.040 0.042 0.045 0.050 0.055 0.063 0.071 0.081 0.090 0.100 0.110 0.120 0.131 0.143 0.160 0.187 0.230 0.299 0.373 0.421 0.445 0.452 0.441 0.417 0.399 0.392 0.390 0.390 0.391 0.393 0.399 0.413 0.441 0.492 0.573 0.652 0.691 0.695 0.643 0.495 0.289 0.147 0.079 0.049 0.036
3.466 2.951 2.453 1.987 1.569 1.214 0.935 0.732 0.592 0.498 0.436 0.393 0.361 0.332 0.302 0.269 0.240 0.214 0.189 0.164 0.137 0.112 0.092 0.077 0.067 0.061 0.057 0.055 0.053 0.053 0.053 0.053 0.055 0.059 0.065 0.074 0.084 0.096 0.111 0.128 0.143 0.158 0.172 0.185 0.199 0.216 0.242 0.284 0.347 0.417 0.469 0.496 0.504 0.495 0.467 0.430 0.409 0.401 0.400 0.400 0.401 0.402 0.407 0.419 0.441 0.484 0.556 0.641 0.691 0.702 0.679 0.580 0.391 0.213 0.114 0.067 0.047
4.251 3.713 3.200 2.713 2.266 1.872 1.542 1.284 1.095 0.962 0.867 0.796 0.736 0.677 0.612 0.539 0.474 0.419 0.366 0.312 0.255 0.203 0.160 0.128 0.107 0.094 0.086 0.082 0.080 0.079 0.079 0.080 0.084 0.092 0.104 0.118 0.137 0.162 0.189 0.215 0.239 0.259 0.277 0.294 0.311 0.334 0.369 0.409 0.450 0.484 0.507 0.516 0.515 0.499 0.460 0.419 0.397 0.389 0.388 0.389 0.390 0.393 0.398 0.407 0.423 0.453 0.506 0.589 0.657 0.683 0.675 0.615 0.476 0.288 0.158 0.092 0.062
5.081 4.544 4.048 3.581 3.143 2.748 2.409 2.133 1.922 1.768 1.650 1.551 1.457 1.352 1.223 1.072 0.933 0.816 0.705 0.594 0.479 0.374 0.288 0.223 0.181 0.155 0.141 0.133 0.130 0.129 0.130 0.135 0.144 0.159 0.178 0.203 0.239 0.287 0.332 0.368 0.399 0.424 0.444 0.459 0.472 0.482 0.490 0.493 0.496 0.501 0.507 0.508 0.500 0.471 0.420 0.378 0.354 0.345 0.344 0.345 0.349 0.356 0.363 0.370 0.379 0.393 0.425 0.491 0.580 0.634 0.646 0.620 0.530 0.367 0.212 0.125 0.083
6.042 5.554 5.112 4.700 4.304 3.938 3.627 3.379 3.185 3.038 2.920 2.811 2.692 2.540 2.332 2.072 1.798 1.547 1.316 1.092 0.873 0.674 0.511 0.389 0.308 0.261 0.236 0.225 0.221 0.222 0.228 0.242 0.262 0.287 0.316 0.356 0.418 0.491 0.544 0.577 0.595 0.605 0.608 0.605 0.594 0.576 0.548 0.518 0.500 0.489 0.478 0.464 0.437 0.392 0.336 0.296 0.275 0.265 0.264 0.266 0.275 0.287 0.296 0.301 0.304 0.308 0.321 0.365 0.460 0.556 0.596 0.596 0.553 0.439 0.282 0.171 0.112
7.277 6.928 6.599 6.284 5.968 5.670 5.421 5.224 5.065 4.935 4.818 4.702 4.567 4.381 4.106 3.734 3.287 2.815 2.352 1.920 1.521 1.168 0.879 0.662 0.515 0.426 0.381 0.364 0.362 0.370 0.393 0.428 0.461 0.493 0.527 0.568 0.624 0.680 0.710 0.721 0.720 0.709 0.692 0.671 0.643 0.605 0.556 0.508 0.469 0.434 0.398 0.357 0.309 0.259 0.218 0.195 0.185 0.182 0.184 0.189 0.198 0.206 0.212 0.215 0.218 0.221 0.231 0.262 0.337 0.452 0.532 0.557 0.547 0.488 0.369 0.238 0.157
