RESULTS/r.avaflow_results/12_results/12_ascii/12_hflow30048.asc
ncols 506
nrows 317
xllcenter 498237.50
yllcenter 5580050.00
cellsize 12.50
NODATA_value -9999.000
[rows 136 to 169 of 317, columns 154 to 230 of 506]
0.000 0.000 0.000 0.000 0.000 0.000 0.000 0.000 0.000 0.000 0.000 0.000 0.000 0.000 0.000 0.000 0.000 0.000 0.000 0.000 0.000 0.000 0.000 0.000 0.000 0.000 0.000 0.000 0.000 0.000 0.000 0.000 0.000 0.000 0.000 0.000 0.000 0.000 0.000 0.000 0.000 0.000 0.000 0.000 0.000 0.000 0.000 0.000 0.000 0.000 0.000 0.000 0.000 0.000 0.000 0.000 0.000 0.000 0.000 0.000 0.000 0.000 0.000 0.000 0.000 0.000 0.000 0.000 0.000 0.000 0.000 0.000 0.000 0.000 0.000 0.000 0.000
0.000 0.000 0.000 0.000 0.000 0.000 0.000 0.000 0.000 0.000 0.000 0.000 0.000 0.000 0.000 0.000 0.000 0.000 0.000 0.000 0.000 0.000 0.000 0.000 0.000 0.000 0.000 0.000 0.000 0.000 0.000 0.000 0.000 0.000 0.000 0.000 0.000 0.000 0.000 0.000 0.000 0.000 0.000 0.000 0.000 0.000 0.000 0.000 0.000 0.000 0.000 0.000 0.000 0.000 0.000 0.000 0.000 0.000 0.000 0.000 0.000 0.000 0.000 0.000 0.000 0.000 0.000 0.000 0.000 0.000 0.000 0.000 0.000 0.000 0.000 0.000 0.000
0.000 0.000 0.000 0.000 0.000 0.000 0.000 0.000 0.000 0.000 0.000 0.000 0.000 0.000 0.000 0.000 0.000 0.000 0.000 0.000 0.000 0.000 0.000 0.000 0.000 0.000 0.000 0.000 0.000 0.000 0.000 0.000 0.000 0.000 0.000 0.000 0.000 0.000 0.000 0.000 0.000 0.000 0.000 0.000 0.000 0.000 0.000 0.000 0.000 0.000 0.000 0.000 0.000 0.000 0.000 0.000 0.000 0.000 0.000 0.000 0.000 0.000 0.000 0.000 0.000 0.000 0.000 0.000 0.000 0.000 0.000 0.000 0.000 0.000 0.000 0.000 0.000
0.000 0.000 0.000 0.000 0.000 0.000 0.000 0.000 0.000 0.000 0.000 0.000 0.000 0.000 0.000 0.000 0.000 0.000 0.000 0.000 0.000 0.000 0.000 0.000 0.000 0.000 0.000 0.000 0.000 0.000 0.000 0.000 0.000 0.000 0.000 0.000 0.000 0.000 0.000 0.000 0.000 0.000 0.000 0.000 0.000 0.000 0.000 0.000 0.000 0.000 0.000 0.000 0.000 0.000 0.000 0.000 0.000 0.000 0.000 0.000 0.000 0.000 0.000 0.000 0.000 0.000 0.000 0.000 0.000 0.000 0.000 0.000 0.000 0.000 0.000 0.000 0.000
0.000 0.000 0.000 0.000 0.000 0.000 0.000 0.000 0.000 0.000 0.000 0.000 0.000 0.000 0.000 0.000 0.000 0.000 0.000 0.000 0.000 0.000 0.000 0.000 0.000 0.000 0.000 0.000 0.000 0.000 0.000 0.000 0.000 0.000 0.000 0.000 0.000 0.000 0.000 0.000 0.000 0.000 0.000 0.000 0.000 0.000 0.000 0.000 0.000 0.000 0.000 0.000 0.000 0.000 0.000 0.000 0.000 0.000 0.000 0.000 0.000 0.000 0.000 0.000 0.000 0.000 0.000 0.000 0.000 0.000 0.000 0.000 0.000 0.000 0.000 0.000 0.000
0.000 0.000 0.000 0.000 0.000 0.000 0.000 0.000 0.000 0.000 0.000 0.000 0.000 0.000 0.000 0.000 0.000 0.000 0.000 0.000 0.000 0.000 0.000 0.000 0.000 0.000 0.000 0.000 0.000 0.000 0.000 0.000 0.000 0.000 0.000 0.000 0.000 0.000 0.000 0.000 0.000 0.000 0.000 0.000 0.000 0.000 0.000 0.000 0.000 0.000 0.000 0.000 0.000 0.000 0.000 0.000 0.000 0.000 0.000 0.000 0.000 0.000 0.000 0.000 0.000 0.000 0.000 0.000 0.000 0.000 0.000 0.000 0.000 0.000 0.000 0.000 0.000
0.000 0.000 0.000 0.000 0.000 0.000 0.000 0.000 0.000 0.000 0.000 0.000 0.000 0.000 0.000 0.000 0.000 0.000 0.000 0.000 0.000 0.000 0.000 0.000 0.000 0.000 0.000 0.000 0.000 0.000 0.000 0.000 0.000 0.000 0.000 0.000 0.000 0.000 0.000 0.000 0.000 0.000 0.000 0.000 0.000 0.000 0.000 0.000 0.000 0.000 0.000 0.000 0.000 0.000 0.000 0.000 0.000 0.000 0.000 0.000 0.000 0.000 0.000 0.000 0.000 0.000 0.000 0.000 0.000 0.000 0.000 0.000 0.000 0.000 0.000 0.000 0.000
0.000 0.000 0.000 0.000 0.000 0.000 0.000 0.000 0.000 0.000 0.000 0.000 0.000 0.000 0.000 0.000 0.000 0.000 0.000 0.000 0.000 0.000 0.000 0.000 0.000 0.000 0.000 0.000 0.000 0.000 0.000 0.000 0.000 0.000 0.000 0.000 0.000 0.000 0.000 0.000 0.000 0.000 0.000 0.000 0.000 0.000 0.000 0.000 0.000 0.000 0.000 0.000 0.000 0.000 0.000 0.000 0.000 0.000 0.000 0.000 0.000 0.000 0.000 0.000 0.000 0.000 0.000 0.000 0.000 0.000 0.000 0.000 0.000 0.000 0.000 0.000 0.000
0.000 0.000 0.000 0.000 0.000 0.000 0.000 0.000 0.000 0.000 0.000 0.000 0.000 0.000 0.000 0.000 0.000 0.000 0.000 0.000 0.000 0.000 0.000 0.000 0.000 0.000 0.000 0.000 0.000 0.000 0.000 0.000 0.000 0.000 0.000 0.000 0.000 0.000 0.000 0.000 0.000 0.000 0.000 0.000 0.000 0.000 0.000 0.000 0.000 0.000 0.000 0.000 0.000 0.000 0.000 0.000 0.000 0.000 0.000 0.000 0.000 0.000 0.000 0.000 0.000 0.000 0.000 0.000 0.000 0.000 0.000 0.000 0.000 0.000 0.000 0.000 0.000
0.000 0.000 0.000 0.000 0.000 0.000 0.000 0.000 0.000 0.000 0.000 0.000 0.000 0.000 0.000 0.000 0.000 0.000 0.000 0.000 0.000 0.000 0.000 0.000 0.000 0.000 0.000 0.000 0.000 0.000 0.000 0.000 0.000 0.000 0.000 0.000 0.000 0.000 0.000 0.000 0.000 0.000 0.000 0.000 0.000 0.000 0.000 0.000 0.000 0.000 0.000 0.000 0.000 0.000 0.000 0.000 0.000 0.000 0.000 0.000 0.000 0.000 0.000 0.000 0.000 0.000 0.000 0.000 0.000 0.000 0.000 0.000 0.000 0.000 0.000 0.000 0.000
0.000 0.000 0.000 0.000 0.000 0.000 0.000 0.000 0.000 0.000 0.000 0.000 0.000 0.000 0.000 0.000 0.000 0.000 0.000 0.000 0.000 0.000 0.000 0.000 0.000 0.000 0.000 0.000 0.000 0.000 0.000 0.000 0.000 0.000 0.000 0.000 0.000 0.000 0.000 0.000 0.000 0.000 0.000 0.000 0.000 0.000 0.000 0.000 0.000 0.000 0.000 0.000 0.000 0.000 0.000 0.000 0.000 0.000 0.000 0.000 0.000 0.000 0.000 0.000 0.000 0.000 0.000 0.000 0.000 0.000 0.000 0.000 0.000 0.000 0.000 0.000 0.000
0.000 0.000 0.000 0.000 0.000 0.000 0.000 0.000 0.000 0.000 0.000 0.000 0.000 0.000 0.000 0.000 0.000 0.000 0.000 0.000 0.000 0.000 0.000 0.000 0.000 0.000 0.000 0.000 0.000 0.000 0.000 0.000 0.000 0.000 0.000 0.000 0.000 0.000 0.000 0.000 0.000 0.000 0.000 0.000 0.000 0.000 0.000 0.000 0.000 0.000 0.000 0.000 0.000 0.000 0.000 0.000 0.000 0.000 0.000 0.000 0.000 0.000 0.000 0.000 0.000 0.000 0.000 0.000 0.000 0.000 0.000 0.000 0.000 0.000 0.000 0.000 0.000
0.000 0.000 0.000 0.000 0.000 0.000 0.000 0.000 0.000 0.000 0.000 0.000 0.000 0.000 0.000 0.000 0.000 0.000 0.000 0.000 0.000 0.000 0.000 0.000 0.000 0.000 0.000 0.000 0.000 0.000 0.000 0.000 0.000 0.000 0.000 0.000 0.000 0.000 0.000 0.000 0.000 0.000 0.000 0.000 0.000 0.000 0.000 0.000 0.000 0.000 0.000 0.000 0.000 0.000 0.000 0.000 0.000 0.000 0.000 0.000 0.000 0.000 0.000 0.000 0.000 0.000 0.000 0.000 0.000 0.000 0.000 0.000 0.000 0.000 0.000 0.000 0.000
0.000 0.000 0.000 0.000 0.000 0.000 0.000 0.000 0.000 0.000 0.000 0.000 0.000 0.000 0.000 0.000 0.000 0.000 0.000 0.000 0.000 0.000 0.000 0.000 0.000 0.000 0.000 0.000 0.000 0.000 0.000 0.000 0.000 0.000 0.000 0.000 0.000 0.000 0.000 0.000 0.000 0.000 0.000 0.000 0.000 0.000 0.000 0.000 0.000 0.000 0.000 0.000 0.000 0.000 0.000 0.000 0.000 0.000 0.000 0.000 0.000 0.000 0.000 0.000 0.000 0.000 0.000 0.000 0.000 0.000 0.000 0.000 0.000 0.000 0.000 0.000 0.000
0.001 0.001 0.001 0.001 0.001 0.000 0.000 0.000 0.000 0.000 0.000 0.000 0.000 0.000 0.000 0.000 0.000 0.000 0.000 0.000 0.000 0.000 0.000 0.000 0.000 0.000 0.000 0.000 0.000 0.000 0.000 0.000 0.000 0.000 0.000 0.000 0.000 0.000 0.000 0.000 0.000 0.000 0.000 0.000 0.000 0.000 0.001 0.001 0.001 0.001 0.001 0.001 0.001 0.001 0.001 0.001 0.001 0.001 0.001 0.001 0.001 0.001 0.001 0.001 0.001 0.001 0.001 0.001 0.001 0.001 0.001 0.001 0.001 0.000 0.000 0.000 0.000
0.002 0.002 0.002 0.001 0.001 0.001 0.001 0.001 0.001 0.001 0.000 0.000 0.000 0.000 0.000 0.000 0.000 0.000 0.000 0.000 0.000 0.000 0.000 0.000 0.000 0.000 0.000 0.000 0.000 0.000 0.000 0.000 0.000 0.000 0.000 0.000 0.000 0.000 0.000 0.000 0.000 0.000 0.000 0.001 0.001 0.001 0.002 0.002 0.003 0.003 0.003 0.003 0.003 0.003 0.003 0.003 0.003 0.003 0.003 0.003 0.003 0.003 0.003 0.003 0.003 0.003 0.003 0.003 0.002 0.002 0.002 0.002 0.002 0.001 0.001 0.001 0.001
0.004 0.003 0.003 0.003 0.002 0.002 0.002 0.002 0.001 0.001 0.001 0.001 0.001 0.001 0.001 0.001 0.000 0.000 0.000 0.000 0.000 0.000 0.000 0.000 0.000 0.000 0.000 0.000 0.000 0.000 0.000 0.000 0.000 0.000 0.000 0.000 0.000 0.000 0.000 0.000 0.000 0.001 0.001 0.002 0.002 0.003 0.004 0.004 0.005 0.005 0.005 0.005 0.005 0.005 0.005 0.005 0.005 0.005 0.005 0.005 0.004 0.004 0.004 0.004 0.004 0.004 0.004 0.004 0.004 0.004 0.004 0.003 0.003 0.002 0.002 0.002 0.001
0.005 0.005 0.005 0.004 0.004 0.003 0.003 0.003 0.002 0.002 0.002 0.002 0.002 0.002 0.001 0.001 0.001 0.001 0.001 0.001 0.001 0.001 0.001 0.000 0.000 0.000 0.000 0.000 0.000 0.000 0.000 0.000 0.000 0.000 0.000 0.000 0.000 0.000 0.000 0.001 0.001 0.002 0.002 0.003 0.004 0.005 0.006 0.007 0.007 0.008 0.008 0.008 0.008 0.008 0.008 0.008 0.008 0.007 0.007 0.007 0.007 0.007 0.007 0.007 0.007 0.007 0.007 0.007 0.007 0.006 0.006 0.005 0.005 0.004 0.003 0.003 0.002
0.008 0.007 0.006 0.006 0.005 0.005 0.004 0.004 0.004 0.004 0.003 0.003 0.003 0.003 0.003 0.002 0.002 0.002 0.002 0.002 0.002 0.001 0.001 0.001 0.001 0.001 0.001 0.001 0.000 0.000 0.000 0.000 0.000 0.000 0.000 0.001 0.001 0.001 0.001 0.002 0.002 0.003 0.004 0.005 0.006 0.007 0.009 0.010 0.010 0.011 0.011 0.012 0.012 0.012 0.012 0.011 0.011 0.011 0.010 0.010 0.010 0.010 0.010 0.010 0.010 0.010 0.010 0.010 0.010 0.009 0.009 0.008 0.007 0.006 0.005 0.004 0.003
0.012 0.010 0.009 0.008 0.007 0.007 0.006 0.006 0.005 0.005 0.005 0.005 0.004 0.004 0.004 0.004 0.004 0.004 0.003 0.003 0.003 0.003 0.002 0.002 0.002 0.002 0.002 0.001 0.001 0.001 0.001 0.001 0.001 0.001 0.001 0.002 0.002 0.002 0.003 0.003 0.004 0.005 0.006 0.007 0.009 0.010 0.012 0.013 0.015 0.015 0.016 0.016 0.016 0.016 0.016 0.016 0.016 0.015 0.015 0.014 0.014 0.014 0.013 0.013 0.014 0.014 0.014 0.014 0.014 0.014 0.013 0.011 0.009 0.008 0.007 0.006 0.005
0.018 0.015 0.012 0.011 0.010 0.009 0.008 0.008 0.007 0.007 0.007 0.007 0.006 0.006 0.006 0.006 0.005 0.005 0.005 0.005 0.005 0.004 0.004 0.004 0.003 0.003 0.003 0.003 0.003 0.003 0.003 0.003 0.003 0.003 0.003 0.003 0.004 0.004 0.005 0.005 0.006 0.008 0.009 0.010 0.012 0.014 0.016 0.018 0.020 0.021 0.022 0.023 0.023 0.023 0.023 0.023 0.022 0.021 0.021 0.020 0.019 0.019 0.019 0.019 0.019 0.020 0.021 0.021 0.021 0.020 0.018 0.015 0.012 0.010 0.009 0.007 0.006
0.030 0.023 0.018 0.015 0.013 0.012 0.011 0.010 0.010 0.010 0.009 0.009 0.009 0.009 0.008 0.008 0.008 0.007 0.007 0.007 0.007 0.006 0.006 0.006 0.005 0.005 0.005 0.005 0.005 0.005 0.005 0.005 0.005 0.005 0.005 0.005 0.006 0.006 0.007 0.008 0.009 0.011 0.012 0.014 0.016 0.018 0.021 0.024 0.026 0.028 0.030 0.031 0.032 0.033 0.033 0.032 0.032 0.031 0.030 0.029 0.028 0.027 0.027 0.027 0.027 0.029 0.031 0.032 0.031 0.029 0.026 0.020 0.016 0.013 0.011 0.010 0.008
0.063 0.042 0.030 0.023 0.019 0.016 0.015 0.014 0.013 0.013 0.012 0.012 0.012 0.011 0.011 0.011 0.010 0.010 0.010 0.009 0.009 0.009 0.008 0.008 0.007 0.007 0.007 0.007 0.007 0.007 0.007 0.007 0.007 0.007 0.008 0.008 0.009 0.009 0.010 0.012 0.013 0.015 0.016 0.019 0.021 0.024 0.027 0.031 0.034 0.037 0.040 0.043 0.045 0.047 0.047 0.047 0.047 0.046 0.045 0.044 0.042 0.041 0.040 0.040 0.041 0.045 0.050 0.051 0.050 0.047 0.038 0.028 0.022 0.017 0.014 0.012 0.010
0.152 0.093 0.059 0.040 0.030 0.025 0.021 0.019 0.018 0.017 0.017 0.016 0.016 0.015 0.015 0.014 0.014 0.014 0.013 0.013 0.012 0.012 0.011 0.011 0.010 0.010 0.010 0.010 0.010 0.010 0.010 0.010 0.010 0.010 0.011 0.011 0.012 0.013 0.014 0.016 0.017 0.019 0.022 0.024 0.027 0.030 0.034 0.039 0.044 0.049 0.054 0.059 0.065 0.068 0.071 0.071 0.071 0.070 0.070 0.068 0.066 0.064 0.063 0.064 0.067 0.076 0.085 0.089 0.088 0.080 0.062 0.042 0.029 0.022 0.018 0.015 0.013
0.363 0.222 0.133 0.083 0.056 0.042 0.034 0.029 0.026 0.024 0.023 0.022 0.022 0.021 0.020 0.019 0.019 0.018 0.017 0.017 0.016 0.015 0.015 0.014 0.013 0.013 0.013 0.013 0.013 0.013 0.013 0.013 0.014 0.014 0.015 0.015 0.016 0.018 0.019 0.021 0.023 0.025 0.028 0.031 0.035 0.039 0.044 0.050 0.057 0.065 0.073 0.084 0.094 0.102 0.108 0.111 0.112 0.112 0.111 0.110 0.108 0.107 0.106 0.108 0.116 0.136 0.158 0.166 0.165 0.149 0.111 0.068 0.043 0.030 0.022 0.018 0.016
0.738 0.482 0.301 0.186 0.119 0.082 0.061 0.048 0.041 0.037 0.034 0.033 0.031 0.030 0.029 0.027 0.026 0.025 0.024 0.023 0.022 0.020 0.019 0.018 0.018 0.017 0.017 0.017 0.017 0.017 0.017 0.017 0.018 0.018 0.019 0.020 0.022 0.023 0.025 0.028 0.031 0.034 0.037 0.041 0.046 0.051 0.057 0.065 0.075 0.088 0.104 0.124 0.142 0.157 0.169 0.176 0.179 0.181 0.181 0.181 0.181 0.183 0.186 0.193 0.213 0.256 0.305 0.325 0.321 0.290 0.213 0.123 0.069 0.042 0.029 0.023 0.019
1.261 0.895 0.607 0.398 0.258 0.171 0.120 0.090 0.072 0.061 0.055 0.052 0.049 0.047 0.044 0.041 0.039 0.036 0.034 0.033 0.030 0.028 0.026 0.024 0.023 0.023 0.022 0.022 0.022 0.022 0.022 0.022 0.023 0.024 0.025 0.026 0.028 0.031 0.034 0.038 0.041 0.046 0.050 0.056 0.062 0.069 0.077 0.088 0.104 0.127 0.157 0.191 0.222 0.247 0.266 0.278 0.284 0.286 0.287 0.288 0.291 0.295 0.304 0.319 0.350 0.408 0.491 0.545 0.557 0.522 0.406 0.236 0.122 0.066 0.041 0.029 0.023
1.893 1.448 1.063 0.753 0.516 0.349 0.242 0.177 0.137 0.113 0.099 0.091 0.085 0.080 0.075 0.069 0.064 0.059 0.055 0.051 0.046 0.040 0.036 0.033 0.031 0.030 0.029 0.029 0.028 0.028 0.028 0.029 0.029 0.030 0.032 0.035 0.038 0.042 0.047 0.052 0.058 0.065 0.072 0.079 0.087 0.097 0.108 0.126 0.152 0.191 0.245 0.302 0.348 0.379 0.394 0.394 0.387 0.382 0.381 0.381 0.382 0.385 0.393 0.408 0.438 0.494 0.584 0.671 0.710 0.703 0.618 0.418 0.215 0.108 0.060 0.039 0.029
2.616 2.117 1.658 1.254 0.917 0.655 0.470 0.349 0.272 0.223 0.193 0.175 0.163 0.152 0.140 0.127 0.116 0.105 0.096 0.086 0.075 0.064 0.054 0.048 0.043 0.041 0.039 0.038 0.037 0.037 0.037 0.037 0.038 0.040 0.043 0.048 0.053 0.060 0.068 0.077 0.087 0.097 0.107 0.118 0.129 0.142 0.160 0.187 0.230 0.298 0.381 0.443 0.477 0.489 0.482 0.460 0.439 0.431 0.428 0.428 0.428 0.429 0.434 0.445 0.470 0.517 0.599 0.701 0.761 0.774 0.733 0.583 0.347 0.173 0.089 0.053 0.038
3.408 2.865 2.353 1.882 1.467 1.121 0.855 0.666 0.537 0.453 0.397 0.360 0.333 0.308 0.282 0.252 0.225 0.203 0.181 0.159 0.135 0.110 0.090 0.074 0.065 0.059 0.055 0.053 0.052 0.051 0.051 0.051 0.053 0.057 0.063 0.071 0.081 0.093 0.107 0.123 0.139 0.155 0.170 0.184 0.199 0.217 0.245 0.289 0.354 0.431 0.495 0.531 0.543 0.538 0.512 0.473 0.449 0.439 0.437 0.437 0.437 0.438 0.441 0.450 0.469 0.508 0.580 0.683 0.758 0.781 0.767 0.675 0.473 0.255 0.132 0.075 0.050
4.225 3.659 3.127 2.628 2.175 1.781 1.457 1.208 1.028 0.904 0.817 0.752 0.698 0.645 0.584 0.514 0.454 0.404 0.356 0.307 0.254 0.201 0.158 0.126 0.104 0.091 0.084 0.079 0.077 0.076 0.076 0.078 0.082 0.090 0.101 0.115 0.133 0.157 0.184 0.211 0.236 0.258 0.278 0.296 0.316 0.342 0.383 0.430 0.475 0.515 0.543 0.555 0.556 0.542 0.504 0.459 0.432 0.421 0.420 0.420 0.421 0.423 0.427 0.434 0.447 0.472 0.523 0.614 0.712 0.757 0.758 0.708 0.565 0.347 0.185 0.104 0.067
5.077 4.518 4.007 3.527 3.080 2.680 2.339 2.065 1.860 1.713 1.603 1.513 1.426 1.326 1.199 1.047 0.912 0.802 0.698 0.594 0.481 0.375 0.287 0.222 0.178 0.153 0.138 0.131 0.127 0.126 0.127 0.132 0.141 0.156 0.175 0.200 0.234 0.281 0.328 0.366 0.400 0.428 0.452 0.471 0.488 0.505 0.522 0.530 0.533 0.538 0.545 0.547 0.539 0.511 0.459 0.409 0.379 0.366 0.363 0.364 0.368 0.375 0.381 0.387 0.393 0.404 0.430 0.497 0.608 0.693 0.719 0.701 0.614 0.438 0.250 0.142 0.090
6.055 5.556 5.108 4.690 4.286 3.913 3.597 3.348 3.158 3.019 2.910 2.809 2.698 2.548 2.337 2.070 1.793 1.547 1.323 1.104 0.884 0.682 0.516 0.391 0.308 0.260 0.234 0.222 0.219 0.219 0.225 0.239 0.260 0.285 0.315 0.354 0.414 0.490 0.547 0.585 0.607 0.621 0.629 0.630 0.625 0.613 0.591 0.562 0.540 0.527 0.514 0.498 0.471 0.423 0.360 0.311 0.283 0.270 0.267 0.269 0.277 0.289 0.298 0.303 0.305 0.307 0.317 0.358 0.458 0.588 0.656 0.667 0.630 0.513 0.331 0.195 0.123
7.314 6.967 6.644 6.332 6.015 5.712 5.460 5.263 5.107 4.981 4.872 4.762 4.633 4.448 4.167 3.782 3.323 2.848 2.387 1.955 1.551 1.191 0.894 0.671 0.519 0.428 0.381 0.363 0.361 0.368 0.391 0.427 0.463 0.496 0.531 0.571 0.628 0.689 0.724 0.737 0.739 0.732 0.719 0.703 0.680 0.647 0.602 0.552 0.509 0.469 0.427 0.381 0.329 0.273 0.227 0.199 0.185 0.181 0.182 0.187 0.194 0.201 0.207 0.211 0.213 0.216 0.226 0.254 0.327 0.461 0.573 0.615 0.611 0.555 0.424 0.271 0.173
