RESULTS/r.avaflow_results/12_results/12_ascii/12_hflow0042.asc
ncols 506
nrows 317
xllcenter 498237.50
yllcenter 5580050.00
cellsize 12.50
NODATA_value -9999.000
[rows 170 to 203 of 317, columns 231 to 307 of 506]
0.187 0.129 0.094 0.075 0.066 0.064 0.064 0.068 0.084 0.118 0.155 0.170 0.172 0.164 0.139 0.094 0.057 0.036 0.024 0.017 0.013 0.009 0.007 0.005 0.003 0.002 0.001 0.000 0.000 0.000 0.000 0.000 0.000 0.000 0.000 0.000 0.000 0.000 0.000 0.000 0.000 0.000 0.000 0.000 0.000 0.000 0.000 0.000 0.000 0.000 0.000 0.000 0.000 0.000 0.000 0.000 0.000 0.000 0.000 0.000 0.000 0.000 0.000 0.000 0.000 0.000 0.000 0.000 0.000 0.000 0.000 0.000 0.000 0.000 0.000 0.000 0.000
0.278 0.182 0.126 0.097 0.085 0.082 0.084 0.096 0.135 0.220 0.309 0.346 0.349 0.327 0.268 0.171 0.094 0.054 0.033 0.022 0.016 0.012 0.009 0.006 0.004 0.003 0.002 0.001 0.000 0.000 0.000 0.000 0.000 0.000 0.000 0.000 0.000 0.000 0.000 0.000 0.000 0.000 0.000 0.000 0.000 0.000 0.000 0.000 0.000 0.000 0.000 0.000 0.000 0.000 0.000 0.000 0.000 0.000 0.000 0.000 0.000 0.000 0.000 0.000 0.000 0.000 0.000 0.000 0.000 0.000 0.000 0.000 0.000 0.000 0.000 0.000 0.000
0.405 0.265 0.174 0.127 0.108 0.104 0.108 0.133 0.210 0.372 0.546 0.622 0.627 0.586 0.477 0.303 0.158 0.082 0.046 0.029 0.020 0.015 0.011 0.008 0.006 0.004 0.003 0.002 0.001 0.000 0.000 0.000 0.000 0.000 0.000 0.000 0.000 0.000 0.000 0.000 0.000 0.000 0.000 0.000 0.000 0.000 0.000 0.000 0.000 0.000 0.000 0.000 0.000 0.000 0.000 0.000 0.000 0.000 0.000 0.000 0.000 0.000 0.000 0.000 0.000 0.000 0.000 0.000 0.000 0.000 0.000 0.000 0.000 0.000 0.000 0.000 0.000
0.511 0.377 0.247 0.171 0.139 0.132 0.136 0.167 0.264 0.474 0.714 0.830 0.844 0.798 0.669 0.451 0.242 0.122 0.064 0.037 0.025 0.018 0.013 0.010 0.008 0.006 0.004 0.003 0.002 0.001 0.000 0.000 0.000 0.000 0.000 0.000 0.000 0.000 0.000 0.000 0.000 0.000 0.000 0.000 0.000 0.000 0.000 0.000 0.000 0.000 0.000 0.000 0.000 0.000 0.000 0.000 0.000 0.000 0.000 0.000 0.000 0.000 0.000 0.000 0.000 0.000 0.000 0.000 0.000 0.000 0.000 0.000 0.000 0.000 0.000 0.000 0.000
0.562 0.479 0.349 0.235 0.179 0.163 0.166 0.197 0.297 0.516 0.779 0.913 0.935 0.891 0.764 0.544 0.311 0.163 0.085 0.048 0.030 0.021 0.016 0.012 0.010 0.007 0.006 0.004 0.003 0.002 0.001 0.000 0.000 0.000 0.000 0.000 0.000 0.000 0.000 0.000 0.000 0.000 0.000 0.000 0.000 0.000 0.000 0.000 0.000 0.000 0.000 0.000 0.000 0.000 0.000 0.000 0.000 0.000 0.000 0.000 0.000 0.000 0.000 0.000 0.000 0.000 0.000 0.000 0.000 0.000 0.000 0.000 0.000 0.000 0.000 0.000 0.000
0.574 0.529 0.441 0.317 0.231 0.201 0.200 0.226 0.319 0.525 0.778 0.914 0.939 0.901 0.782 0.579 0.355 0.200 0.108 0.060 0.037 0.026 0.019 0.015 0.012 0.009 0.007 0.006 0.004 0.003 0.002 0.001 0.000 0.000 0.000 0.000 0.000 0.000 0.000 0.000 0.000 0.000 0.000 0.000 0.000 0.000 0.000 0.000 0.000 0.000 0.000 0.000 0.000 0.000 0.000 0.000 0.000 0.000 0.000 0.000 0.000 0.000 0.000 0.000 0.000 0.000 0.000 0.000 0.000 0.000 0.000 0.000 0.000 0.000 0.000 0.000 0.000
0.562 0.541 0.488 0.392 0.294 0.247 0.240 0.259 0.338 0.513 0.731 0.852 0.879 0.852 0.755 0.581 0.377 0.228 0.131 0.074 0.045 0.031 0.023 0.018 0.014 0.012 0.009 0.007 0.006 0.004 0.003 0.002 0.001 0.001 0.000 0.000 0.000 0.000 0.000 0.000 0.000 0.000 0.000 0.000 0.000 0.000 0.000 0.000 0.000 0.000 0.000 0.000 0.000 0.000 0.000 0.000 0.000 0.000 0.000 0.000 0.000 0.000 0.000 0.000 0.000 0.000 0.000 0.000 0.000 0.000 0.000 0.000 0.000 0.000 0.000 0.000 0.000
0.529 0.527 0.499 0.440 0.359 0.308 0.293 0.303 0.358 0.480 0.627 0.710 0.735 0.725 0.667 0.546 0.381 0.243 0.148 0.088 0.054 0.037 0.027 0.021 0.017 0.014 0.012 0.009 0.008 0.006 0.004 0.003 0.002 0.001 0.001 0.000 0.000 0.000 0.000 0.000 0.000 0.000 0.000 0.000 0.000 0.000 0.000 0.000 0.000 0.000 0.000 0.000 0.000 0.000 0.000 0.000 0.000 0.000 0.000 0.000 0.000 0.000 0.000 0.000 0.000 0.000 0.000 0.000 0.000 0.000 0.000 0.000 0.000 0.000 0.000 0.000 0.000
0.477 0.493 0.487 0.459 0.410 0.375 0.362 0.363 0.388 0.451 0.519 0.552 0.560 0.549 0.518 0.457 0.359 0.247 0.159 0.101 0.065 0.045 0.033 0.026 0.021 0.018 0.015 0.012 0.010 0.008 0.006 0.005 0.004 0.003 0.002 0.001 0.000 0.000 0.000 0.000 0.000 0.000 0.000 0.000 0.000 0.000 0.000 0.000 0.000 0.000 0.000 0.000 0.000 0.000 0.000 0.000 0.000 0.000 0.000 0.000 0.000 0.000 0.000 0.000 0.000 0.000 0.000 0.000 0.000 0.000 0.000 0.000 0.000 0.000 0.000 0.000 0.000
0.403 0.445 0.460 0.454 0.434 0.419 0.413 0.414 0.424 0.448 0.464 0.464 0.451 0.423 0.389 0.350 0.301 0.236 0.168 0.115 0.079 0.056 0.043 0.034 0.028 0.023 0.019 0.016 0.013 0.011 0.009 0.007 0.005 0.004 0.003 0.002 0.001 0.001 0.000 0.000 0.000 0.000 0.000 0.000 0.000 0.000 0.000 0.000 0.000 0.000 0.000 0.000 0.000 0.000 0.000 0.000 0.000 0.000 0.000 0.000 0.000 0.000 0.000 0.000 0.000 0.000 0.000 0.000 0.000 0.000 0.000 0.000 0.000 0.000 0.000 0.000 0.000
0.325 0.384 0.421 0.436 0.437 0.436 0.439 0.444 0.450 0.454 0.448 0.428 0.393 0.352 0.316 0.285 0.255 0.220 0.176 0.132 0.098 0.074 0.058 0.047 0.038 0.031 0.025 0.021 0.017 0.014 0.011 0.009 0.007 0.006 0.004 0.003 0.002 0.002 0.001 0.001 0.000 0.000 0.000 0.000 0.000 0.000 0.000 0.000 0.000 0.000 0.000 0.000 0.000 0.000 0.000 0.000 0.000 0.000 0.000 0.000 0.000 0.000 0.000 0.000 0.000 0.000 0.000 0.000 0.000 0.000 0.000 0.000 0.000 0.000 0.000 0.000 0.000
0.260 0.317 0.368 0.404 0.425 0.437 0.447 0.456 0.462 0.460 0.447 0.415 0.365 0.316 0.282 0.257 0.236 0.215 0.189 0.157 0.128 0.104 0.085 0.071 0.059 0.047 0.037 0.029 0.023 0.019 0.015 0.012 0.010 0.008 0.006 0.005 0.004 0.003 0.002 0.002 0.001 0.001 0.001 0.000 0.000 0.000 0.000 0.000 0.000 0.000 0.000 0.000 0.000 0.000 0.000 0.000 0.000 0.000 0.000 0.000 0.000 0.000 0.000 0.000 0.000 0.000 0.000 0.000 0.000 0.000 0.000 0.000 0.000 0.000 0.000 0.000 0.000
0.216 0.260 0.306 0.353 0.395 0.425 0.445 0.458 0.464 0.463 0.448 0.411 0.355 0.304 0.271 0.250 0.235 0.222 0.211 0.195 0.176 0.156 0.138 0.120 0.102 0.083 0.063 0.047 0.034 0.026 0.020 0.016 0.013 0.011 0.009 0.008 0.006 0.005 0.004 0.003 0.003 0.002 0.002 0.001 0.001 0.001 0.000 0.000 0.000 0.000 0.000 0.000 0.000 0.000 0.000 0.000 0.000 0.000 0.000 0.000 0.000 0.000 0.000 0.000 0.000 0.000 0.000 0.000 0.000 0.000 0.000 0.000 0.000 0.000 0.000 0.000 0.000
0.192 0.228 0.268 0.312 0.359 0.400 0.433 0.454 0.463 0.463 0.450 0.414 0.357 0.305 0.274 0.257 0.250 0.249 0.253 0.258 0.259 0.252 0.239 0.221 0.196 0.165 0.126 0.086 0.058 0.040 0.029 0.022 0.017 0.014 0.012 0.010 0.009 0.008 0.007 0.006 0.005 0.004 0.003 0.003 0.002 0.002 0.001 0.001 0.000 0.000 0.000 0.000 0.000 0.000 0.000 0.000 0.000 0.000 0.000 0.000 0.000 0.000 0.000 0.000 0.000 0.000 0.000 0.000 0.000 0.000 0.000 0.000 0.000 0.000 0.000 0.000 0.000
0.182 0.215 0.253 0.295 0.342 0.386 0.425 0.452 0.466 0.469 0.461 0.432 0.380 0.330 0.304 0.295 0.297 0.309 0.330 0.361 0.396 0.420 0.426 0.417 0.390 0.342 0.271 0.181 0.109 0.067 0.044 0.031 0.023 0.019 0.016 0.014 0.012 0.011 0.010 0.009 0.008 0.007 0.006 0.005 0.004 0.004 0.003 0.002 0.001 0.001 0.001 0.000 0.000 0.000 0.000 0.000 0.000 0.000 0.000 0.000 0.000 0.000 0.000 0.000 0.000 0.000 0.000 0.000 0.000 0.000 0.000 0.000 0.000 0.000 0.000 0.000 0.000
0.181 0.213 0.250 0.293 0.339 0.384 0.425 0.461 0.489 0.505 0.510 0.497 0.462 0.423 0.404 0.401 0.407 0.425 0.458 0.513 0.592 0.675 0.725 0.739 0.725 0.670 0.560 0.388 0.220 0.121 0.071 0.046 0.033 0.026 0.022 0.019 0.017 0.015 0.014 0.013 0.012 0.011 0.010 0.009 0.007 0.006 0.005 0.004 0.003 0.003 0.002 0.001 0.001 0.000 0.000 0.000 0.000 0.000 0.000 0.000 0.000 0.000 0.000 0.000 0.000 0.000 0.000 0.000 0.000 0.000 0.000 0.000 0.000 0.000 0.000 0.000 0.000
0.183 0.216 0.254 0.298 0.344 0.393 0.446 0.508 0.577 0.631 0.666 0.681 0.674 0.658 0.640 0.620 0.611 0.619 0.652 0.726 0.852 1.016 1.141 1.203 1.213 1.170 1.029 0.762 0.434 0.225 0.122 0.073 0.049 0.037 0.030 0.026 0.023 0.021 0.020 0.018 0.017 0.016 0.014 0.013 0.012 0.010 0.009 0.008 0.006 0.005 0.004 0.003 0.002 0.001 0.001 0.000 0.000 0.000 0.000 0.000 0.000 0.000 0.000 0.000 0.000 0.000 0.000 0.000 0.000 0.000 0.000 0.000 0.000 0.000 0.000 0.000 0.000
0.193 0.229 0.269 0.315 0.367 0.429 0.517 0.648 0.812 0.941 1.028 1.079 1.097 1.093 1.057 0.983 0.926 0.910 0.929 1.010 1.179 1.434 1.668 1.809 1.863 1.846 1.693 1.326 0.788 0.407 0.213 0.121 0.077 0.055 0.043 0.036 0.032 0.030 0.028 0.026 0.024 0.023 0.021 0.019 0.017 0.015 0.014 0.012 0.011 0.009 0.007 0.006 0.004 0.003 0.002 0.001 0.000 0.000 0.000 0.000 0.000 0.000 0.000 0.000 0.000 0.000 0.000 0.000 0.000 0.000 0.000 0.000 0.000 0.000 0.000 0.000 0.000
0.203 0.246 0.294 0.350 0.417 0.515 0.684 0.961 1.279 1.510 1.650 1.721 1.742 1.723 1.640 1.489 1.364 1.308 1.305 1.375 1.580 1.944 2.313 2.541 2.628 2.604 2.396 1.922 1.225 0.684 0.366 0.206 0.126 0.086 0.065 0.053 0.047 0.043 0.041 0.039 0.037 0.034 0.031 0.028 0.025 0.023 0.020 0.019 0.017 0.015 0.013 0.011 0.008 0.006 0.004 0.002 0.001 0.000 0.000 0.000 0.000 0.000 0.000 0.000 0.000 0.000 0.000 0.000 0.000 0.000 0.000 0.000 0.000 0.000 0.000 0.000 0.000
0.204 0.251 0.307 0.380 0.487 0.664 0.976 1.457 1.907 2.169 2.285 2.320 2.315 2.258 2.124 1.946 1.823 1.764 1.755 1.824 2.083 2.580 3.028 3.243 3.287 3.201 2.893 2.308 1.545 0.959 0.575 0.341 0.209 0.138 0.101 0.082 0.073 0.068 0.065 0.063 0.060 0.055 0.049 0.042 0.037 0.033 0.030 0.028 0.026 0.023 0.021 0.018 0.016 0.012 0.008 0.005 0.003 0.001 0.000 0.000 0.000 0.000 0.000 0.000 0.000 0.000 0.000 0.000 0.000 0.000 0.000 0.000 0.000 0.000 0.000 0.000 0.000
0.192 0.243 0.304 0.387 0.527 0.784 1.223 1.838 2.321 2.570 2.654 2.665 2.644 2.564 2.406 2.242 2.153 2.123 2.145 2.293 2.668 3.230 3.628 3.780 3.772 3.598 3.175 2.485 1.713 1.144 0.759 0.504 0.334 0.227 0.166 0.136 0.123 0.118 0.116 0.115 0.111 0.101 0.087 0.071 0.060 0.051 0.046 0.042 0.039 0.037 0.035 0.032 0.029 0.024 0.017 0.010 0.006 0.003 0.001 0.000 0.000 0.000 0.000 0.000 0.000 0.000 0.000 0.000 0.000 0.000 0.000 0.000 0.000 0.000 0.000 0.000 0.000
0.156 0.209 0.276 0.371 0.529 0.825 1.322 1.991 2.476 2.717 2.796 2.804 2.779 2.693 2.535 2.402 2.351 2.354 2.435 2.675 3.142 3.685 4.003 4.101 4.055 3.802 3.282 2.516 1.769 1.236 0.869 0.619 0.449 0.338 0.269 0.232 0.218 0.216 0.224 0.228 0.224 0.206 0.175 0.136 0.106 0.086 0.074 0.067 0.063 0.061 0.059 0.057 0.053 0.047 0.035 0.020 0.011 0.006 0.003 0.001 0.000 0.000 0.000 0.000 0.000 0.000 0.000 0.000 0.000 0.000 0.000 0.000 0.000 0.000 0.000 0.000 0.000
0.102 0.146 0.213 0.314 0.486 0.799 1.307 1.982 2.471 2.719 2.808 2.822 2.801 2.720 2.570 2.464 2.439 2.476 2.622 2.928 3.419 3.886 4.137 4.202 4.140 3.850 3.282 2.478 1.762 1.255 0.906 0.669 0.511 0.413 0.360 0.338 0.337 0.358 0.403 0.429 0.430 0.407 0.352 0.274 0.203 0.156 0.127 0.113 0.107 0.104 0.104 0.103 0.101 0.093 0.070 0.040 0.021 0.011 0.005 0.002 0.001 0.000 0.000 0.000 0.000 0.000 0.000 0.000 0.000 0.000 0.000 0.000 0.000 0.000 0.000 0.000 0.000
0.061 0.087 0.131 0.214 0.372 0.665 1.143 1.792 2.309 2.601 2.733 2.770 2.760 2.695 2.561 2.470 2.457 2.518 2.698 3.024 3.491 3.880 4.083 4.130 4.058 3.742 3.122 2.298 1.648 1.201 0.888 0.670 0.527 0.443 0.405 0.396 0.406 0.452 0.537 0.595 0.609 0.596 0.550 0.469 0.369 0.285 0.228 0.199 0.189 0.188 0.191 0.193 0.192 0.177 0.131 0.074 0.038 0.019 0.009 0.004 0.001 0.000 0.000 0.000 0.000 0.000 0.000 0.000 0.000 0.000 0.000 0.000 0.000 0.000 0.000 0.000 0.000
0.038 0.051 0.075 0.120 0.216 0.419 0.786 1.337 1.901 2.280 2.494 2.585 2.602 2.570 2.482 2.424 2.427 2.502 2.683 2.983 3.336 3.576 3.677 3.684 3.572 3.228 2.596 1.853 1.330 0.995 0.769 0.609 0.502 0.439 0.413 0.410 0.429 0.487 0.588 0.662 0.686 0.682 0.651 0.588 0.501 0.422 0.366 0.335 0.326 0.327 0.331 0.333 0.322 0.280 0.193 0.107 0.055 0.026 0.012 0.005 0.002 0.000 0.000 0.000 0.000 0.000 0.000 0.000 0.000 0.000 0.000 0.000 0.000 0.000 0.000 0.000 0.000
0.026 0.033 0.044 0.065 0.110 0.205 0.397 0.735 1.221 1.694 2.017 2.191 2.264 2.282 2.261 2.251 2.278 2.359 2.499 2.660 2.776 2.792 2.740 2.648 2.472 2.132 1.607 1.103 0.790 0.615 0.514 0.450 0.408 0.386 0.383 0.393 0.421 0.483 0.585 0.663 0.694 0.694 0.672 0.625 0.556 0.496 0.459 0.443 0.441 0.443 0.446 0.439 0.409 0.337 0.220 0.121 0.062 0.029 0.013 0.005 0.002 0.001 0.000 0.000 0.000 0.000 0.000 0.000 0.000 0.000 0.000 0.000 0.000 0.000 0.000 0.000 0.000
0.018 0.023 0.029 0.039 0.057 0.096 0.176 0.330 0.586 0.940 1.283 1.533 1.690 1.782 1.836 1.875 1.918 1.965 1.995 1.927 1.764 1.582 1.436 1.315 1.174 0.971 0.699 0.481 0.353 0.289 0.260 0.250 0.253 0.268 0.293 0.323 0.363 0.426 0.519 0.595 0.633 0.643 0.637 0.609 0.560 0.517 0.498 0.493 0.494 0.496 0.493 0.476 0.433 0.348 0.221 0.123 0.063 0.030 0.013 0.005 0.002 0.001 0.000 0.000 0.000 0.000 0.000 0.000 0.000 0.000 0.000 0.000 0.000 0.000 0.000 0.000 0.000
0.014 0.016 0.020 0.025 0.034 0.050 0.080 0.137 0.241 0.411 0.626 0.821 0.971 1.094 1.191 1.254 1.281 1.262 1.173 1.006 0.821 0.689 0.599 0.525 0.453 0.367 0.265 0.190 0.149 0.131 0.126 0.128 0.135 0.150 0.173 0.205 0.246 0.299 0.368 0.429 0.469 0.494 0.508 0.514 0.509 0.501 0.498 0.500 0.501 0.500 0.490 0.466 0.416 0.324 0.203 0.114 0.059 0.028 0.013 0.005 0.002 0.001 0.000 0.000 0.000 0.000 0.000 0.000 0.000 0.000 0.000 0.000 0.000 0.000 0.000 0.000 0.000
0.010 0.012 0.015 0.018 0.023 0.030 0.042 0.063 0.099 0.163 0.260 0.372 0.473 0.555 0.615 0.645 0.646 0.617 0.543 0.430 0.333 0.274 0.236 0.205 0.175 0.142 0.109 0.085 0.072 0.068 0.068 0.070 0.075 0.083 0.097 0.115 0.138 0.166 0.201 0.233 0.259 0.281 0.304 0.335 0.377 0.421 0.446 0.457 0.458 0.452 0.434 0.400 0.342 0.250 0.154 0.087 0.046 0.023 0.010 0.004 0.002 0.000 0.000 0.000 0.000 0.000 0.000 0.000 0.000 0.000 0.000 0.000 0.000 0.000 0.000 0.000 0.000
0.007 0.009 0.011 0.013 0.016 0.020 0.026 0.034 0.048 0.071 0.109 0.161 0.214 0.257 0.285 0.294 0.291 0.272 0.233 0.179 0.140 0.118 0.103 0.091 0.080 0.067 0.055 0.047 0.043 0.042 0.042 0.044 0.046 0.051 0.058 0.066 0.077 0.090 0.104 0.118 0.131 0.144 0.159 0.181 0.218 0.274 0.315 0.331 0.333 0.325 0.302 0.264 0.208 0.140 0.086 0.050 0.027 0.014 0.007 0.003 0.001 0.000 0.000 0.000 0.000 0.000 0.000 0.000 0.000 0.000 0.000 0.000 0.000 0.000 0.000 0.000 0.000
0.005 0.007 0.008 0.010 0.012 0.015 0.018 0.022 0.028 0.038 0.053 0.076 0.102 0.121 0.132 0.135 0.133 0.124 0.107 0.084 0.069 0.060 0.055 0.050 0.046 0.041 0.036 0.032 0.031 0.030 0.030 0.031 0.032 0.035 0.038 0.042 0.047 0.052 0.058 0.064 0.070 0.077 0.085 0.097 0.118 0.150 0.170 0.177 0.177 0.171 0.158 0.136 0.105 0.070 0.044 0.027 0.015 0.008 0.004 0.002 0.001 0.000 0.000 0.000 0.000 0.000 0.000 0.000 0.000 0.000 0.000 0.000 0.000 0.000 0.000 0.000 0.000
0.003 0.004 0.006 0.007 0.009 0.011 0.013 0.016 0.019 0.024 0.031 0.042 0.054 0.062 0.067 0.068 0.067 0.063 0.056 0.047 0.041 0.038 0.035 0.033 0.031 0.029 0.026 0.024 0.024 0.023 0.023 0.024 0.024 0.025 0.027 0.029 0.031 0.034 0.036 0.039 0.042 0.045 0.049 0.056 0.066 0.079 0.086 0.087 0.087 0.084 0.079 0.069 0.054 0.037 0.024 0.015 0.008 0.004 0.002 0.001 0.000 0.000 0.000 0.000 0.000 0.000 0.000 0.000 0.000 0.000 0.000 0.000 0.000 0.000 0.000 0.000 0.000
0.002 0.003 0.004 0.005 0.006 0.008 0.010 0.012 0.014 0.017 0.021 0.026 0.032 0.036 0.038 0.039 0.038 0.037 0.034 0.031 0.028 0.027 0.025 0.024 0.023 0.022 0.020 0.019 0.019 0.018 0.018 0.018 0.019 0.019 0.020 0.021 0.022 0.023 0.025 0.026 0.028 0.029 0.031 0.035 0.039 0.044 0.046 0.046 0.046 0.044 0.042 0.037 0.030 0.020 0.013 0.008 0.005 0.002 0.001 0.000 0.000 0.000 0.000 0.000 0.000 0.000 0.000 0.000 0.000 0.000 0.000 0.000 0.000 0.000 0.000 0.000 0.000
0.001 0.002 0.002 0.003 0.004 0.006 0.007 0.009 0.010 0.013 0.015 0.018 0.021 0.023 0.024 0.025 0.025 0.024 0.024 0.022 0.021 0.020 0.019 0.019 0.018 0.017 0.016 0.015 0.014 0.014 0.014 0.014 0.014 0.014 0.015 0.015 0.016 0.017 0.017 0.018 0.019 0.020 0.021 0.023 0.025 0.026 0.027 0.027 0.026 0.026 0.024 0.021 0.017 0.011 0.007 0.004 0.002 0.001 0.000 0.000 0.000 0.000 0.000 0.000 0.000 0.000 0.000 0.000 0.000 0.000 0.000 0.000 0.000 0.000 0.000 0.000 0.000
