RESULTS/r.avaflow_results/12_results/12_ascii/12_hflow0033.asc
ncols 506
nrows 317
xllcenter 498237.50
yllcenter 5580050.00
cellsize 12.50
NODATA_value -9999.000
[rows 136 to 169 of 317, columns 154 to 230 of 506]
0.000 0.000 0.000 0.000 0.000 0.000 0.000 0.000 0.000 0.000 0.000 0.000 0.000 0.000 0.000 0.000 0.000 0.000 0.000 0.000 0.000 0.000 0.000 0.000 0.000 0.000 0.000 0.000 0.000 0.000 0.000 0.000 0.000 0.000 0.000 0.000 0.000 0.000 0.000 0.000 0.000 0.000 0.000 0.000 0.000 0.000 0.000 0.000 0.000 0.000 0.000 0.000 0.000 0.000 0.000 0.000 0.000 0.000 0.000 0.000 0.000 0.000 0.000 0.000 0.000 0.000 0.000 0.000 0.000 0.000 0.000 0.000 0.000 0.000 0.000 0.000 0.000
0.000 0.000 0.000 0.000 0.000 0.000 0.000 0.000 0.000 0.000 0.000 0.000 0.000 0.000 0.000 0.000 0.000 0.000 0.000 0.000 0.000 0.000 0.000 0.000 0.000 0.000 0.000 0.000 0.000 0.000 0.000 0.000 0.000 0.000 0.000 0.000 0.000 0.000 0.000 0.000 0.000 0.000 0.000 0.000 0.000 0.000 0.000 0.000 0.000 0.000 0.000 0.000 0.000 0.000 0.000 0.000 0.000 0.000 0.000 0.000 0.000 0.000 0.000 0.000 0.000 0.000 0.000 0.000 0.000 0.000 0.000 0.000 0.000 0.000 0.000 0.000 0.000
0.000 0.000 0.000 0.000 0.000 0.000 0.000 0.000 0.000 0.000 0.000 0.000 0.000 0.000 0.000 0.000 0.000 0.000 0.000 0.000 0.000 0.000 0.000 0.000 0.000 0.000 0.000 0.000 0.000 0.000 0.000 0.000 0.000 0.000 0.000 0.000 0.000 0.000 0.000 0.000 0.000 0.000 0.000 0.000 0.000 0.000 0.000 0.000 0.000 0.000 0.000 0.000 0.000 0.000 0.000 0.000 0.000 0.000 0.000 0.000 0.000 0.000 0.000 0.000 0.000 0.000 0.000 0.000 0.000 0.000 0.000 0.000 0.000 0.000 0.000 0.000 0.000
0.000 0.000 0.000 0.000 0.000 0.000 0.000 0.000 0.000 0.000 0.000 0.000 0.000 0.000 0.000 0.000 0.000 0.000 0.000 0.000 0.000 0.000 0.000 0.000 0.000 0.000 0.000 0.000 0.000 0.000 0.000 0.000 0.000 0.000 0.000 0.000 0.000 0.000 0.000 0.000 0.000 0.000 0.000 0.000 0.000 0.000 0.000 0.000 0.000 0.000 0.000 0.000 0.000 0.000 0.000 0.000 0.000 0.000 0.000 0.000 0.000 0.000 0.000 0.000 0.000 0.000 0.000 0.000 0.000 0.000 0.000 0.000 0.000 0.000 0.000 0.000 0.000
0.000 0.000 0.000 0.000 0.000 0.000 0.000 0.000 0.000 0.000 0.000 0.000 0.000 0.000 0.000 0.000 0.000 0.000 0.000 0.000 0.000 0.000 0.000 0.000 0.000 0.000 0.000 0.000 0.000 0.000 0.000 0.000 0.000 0.000 0.000 0.000 0.000 0.000 0.000 0.000 0.000 0.000 0.000 0.000 0.000 0.000 0.000 0.000 0.000 0.000 0.000 0.000 0.000 0.000 0.000 0.000 0.000 0.000 0.000 0.000 0.000 0.000 0.000 0.000 0.000 0.000 0.000 0.000 0.000 0.000 0.000 0.000 0.000 0.000 0.000 0.000 0.000
0.000 0.000 0.000 0.000 0.000 0.000 0.000 0.000 0.000 0.000 0.000 0.000 0.000 0.000 0.000 0.000 0.000 0.000 0.000 0.000 0.000 0.000 0.000 0.000 0.000 0.000 0.000 0.000 0.000 0.000 0.000 0.000 0.000 0.000 0.000 0.000 0.000 0.000 0.000 0.000 0.000 0.000 0.000 0.000 0.000 0.000 0.000 0.000 0.000 0.000 0.000 0.000 0.000 0.000 0.000 0.000 0.000 0.000 0.000 0.000 0.000 0.000 0.000 0.000 0.000 0.000 0.000 0.000 0.000 0.000 0.000 0.000 0.000 0.000 0.000 0.000 0.000
0.000 0.000 0.000 0.000 0.000 0.000 0.000 0.000 0.000 0.000 0.000 0.000 0.000 0.000 0.000 0.000 0.000 0.000 0.000 0.000 0.000 0.000 0.000 0.000 0.000 0.000 0.000 0.000 0.000 0.000 0.000 0.000 0.000 0.000 0.000 0.000 0.000 0.000 0.000 0.000 0.000 0.000 0.000 0.000 0.000 0.000 0.000 0.000 0.000 0.000 0.000 0.000 0.000 0.000 0.000 0.000 0.000 0.000 0.000 0.000 0.000 0.000 0.000 0.000 0.000 0.000 0.000 0.000 0.000 0.000 0.000 0.000 0.000 0.000 0.000 0.000 0.000
0.000 0.000 0.000 0.000 0.000 0.000 0.000 0.000 0.000 0.000 0.000 0.000 0.000 0.000 0.000 0.000 0.000 0.000 0.000 0.000 0.000 0.000 0.000 0.000 0.000 0.000 0.000 0.000 0.000 0.000 0.000 0.000 0.000 0.000 0.000 0.000 0.000 0.000 0.000 0.000 0.000 0.000 0.000 0.000 0.000 0.000 0.000 0.000 0.000 0.000 0.000 0.000 0.000 0.000 0.000 0.000 0.000 0.000 0.000 0.000 0.000 0.000 0.000 0.000 0.000 0.000 0.000 0.000 0.000 0.000 0.000 0.000 0.000 0.000 0.000 0.000 0.000
0.000 0.000 0.000 0.000 0.000 0.000 0.000 0.000 0.000 0.000 0.000 0.000 0.000 0.000 0.000 0.000 0.000 0.000 0.000 0.000 0.000 0.000 0.000 0.000 0.000 0.000 0.000 0.000 0.000 0.000 0.000 0.000 0.000 0.000 0.000 0.000 0.000 0.000 0.000 0.000 0.000 0.000 0.000 0.000 0.000 0.000 0.000 0.000 0.000 0.000 0.000 0.000 0.000 0.000 0.000 0.000 0.000 0.000 0.000 0.000 0.000 0.000 0.000 0.000 0.000 0.000 0.000 0.000 0.000 0.000 0.000 0.000 0.000 0.000 0.000 0.000 0.000
0.000 0.000 0.000 0.000 0.000 0.000 0.000 0.000 0.000 0.000 0.000 0.000 0.000 0.000 0.000 0.000 0.000 0.000 0.000 0.000 0.000 0.000 0.000 0.000 0.000 0.000 0.000 0.000 0.000 0.000 0.000 0.000 0.000 0.000 0.000 0.000 0.000 0.000 0.000 0.000 0.000 0.000 0.000 0.000 0.000 0.000 0.000 0.000 0.000 0.000 0.000 0.000 0.000 0.000 0.000 0.000 0.000 0.000 0.000 0.000 0.000 0.000 0.000 0.000 0.000 0.000 0.000 0.000 0.000 0.000 0.000 0.000 0.000 0.000 0.000 0.000 0.000
0.000 0.000 0.000 0.000 0.000 0.000 0.000 0.000 0.000 0.000 0.000 0.000 0.000 0.000 0.000 0.000 0.000 0.000 0.000 0.000 0.000 0.000 0.000 0.000 0.000 0.000 0.000 0.000 0.000 0.000 0.000 0.000 0.000 0.000 0.000 0.000 0.000 0.000 0.000 0.000 0.000 0.000 0.000 0.000 0.000 0.000 0.000 0.000 0.000 0.000 0.000 0.000 0.000 0.000 0.000 0.000 0.000 0.000 0.000 0.000 0.000 0.000 0.000 0.000 0.000 0.000 0.000 0.000 0.000 0.000 0.000 0.000 0.000 0.000 0.000 0.000 0.000
0.000 0.000 0.000 0.000 0.000 0.000 0.000 0.000 0.000 0.000 0.000 0.000 0.000 0.000 0.000 0.000 0.000 0.000 0.000 0.000 0.000 0.000 0.000 0.000 0.000 0.000 0.000 0.000 0.000 0.000 0.000 0.000 0.000 0.000 0.000 0.000 0.000 0.000 0.000 0.000 0.000 0.000 0.000 0.000 0.000 0.000 0.000 0.000 0.000 0.000 0.000 0.000 0.000 0.000 0.000 0.000 0.000 0.000 0.000 0.000 0.000 0.000 0.000 0.000 0.000 0.000 0.000 0.000 0.000 0.000 0.000 0.000 0.000 0.000 0.000 0.000 0.000
0.000 0.000 0.000 0.000 0.000 0.000 0.000 0.000 0.000 0.000 0.000 0.000 0.000 0.000 0.000 0.000 0.000 0.000 0.000 0.000 0.000 0.000 0.000 0.000 0.000 0.000 0.000 0.000 0.000 0.000 0.000 0.000 0.000 0.000 0.000 0.000 0.000 0.000 0.000 0.000 0.000 0.000 0.000 0.000 0.000 0.000 0.000 0.000 0.000 0.000 0.000 0.000 0.000 0.000 0.000 0.000 0.000 0.000 0.000 0.000 0.000 0.000 0.000 0.000 0.000 0.000 0.000 0.000 0.000 0.000 0.000 0.000 0.000 0.000 0.000 0.000 0.000
0.001 0.001 0.000 0.000 0.000 0.000 0.000 0.000 0.000 0.000 0.000 0.000 0.000 0.000 0.000 0.000 0.000 0.000 0.000 0.000 0.000 0.000 0.000 0.000 0.000 0.000 0.000 0.000 0.000 0.000 0.000 0.000 0.000 0.000 0.000 0.000 0.000 0.000 0.000 0.000 0.000 0.000 0.000 0.000 0.000 0.000 0.000 0.000 0.000 0.001 0.001 0.001 0.001 0.001 0.001 0.001 0.001 0.001 0.001 0.000 0.000 0.000 0.000 0.000 0.000 0.000 0.000 0.000 0.000 0.000 0.000 0.000 0.000 0.000 0.000 0.000 0.000
0.002 0.001 0.001 0.001 0.001 0.001 0.001 0.000 0.000 0.000 0.000 0.000 0.000 0.000 0.000 0.000 0.000 0.000 0.000 0.000 0.000 0.000 0.000 0.000 0.000 0.000 0.000 0.000 0.000 0.000 0.000 0.000 0.000 0.000 0.000 0.000 0.000 0.000 0.000 0.000 0.000 0.000 0.000 0.000 0.000 0.001 0.001 0.001 0.001 0.002 0.002 0.002 0.002 0.002 0.002 0.002 0.002 0.002 0.002 0.002 0.001 0.001 0.001 0.001 0.001 0.001 0.001 0.001 0.001 0.001 0.001 0.001 0.001 0.001 0.000 0.000 0.000
0.003 0.003 0.002 0.002 0.002 0.001 0.001 0.001 0.001 0.001 0.001 0.001 0.000 0.000 0.000 0.000 0.000 0.000 0.000 0.000 0.000 0.000 0.000 0.000 0.000 0.000 0.000 0.000 0.000 0.000 0.000 0.000 0.000 0.000 0.000 0.000 0.000 0.000 0.000 0.000 0.000 0.000 0.000 0.001 0.001 0.002 0.002 0.003 0.003 0.003 0.003 0.004 0.004 0.004 0.004 0.003 0.003 0.003 0.003 0.003 0.003 0.003 0.003 0.003 0.003 0.003 0.003 0.003 0.003 0.003 0.003 0.002 0.002 0.002 0.001 0.001 0.001
0.005 0.004 0.004 0.003 0.003 0.003 0.002 0.002 0.002 0.002 0.001 0.001 0.001 0.001 0.001 0.001 0.001 0.001 0.001 0.001 0.000 0.000 0.000 0.000 0.000 0.000 0.000 0.000 0.000 0.000 0.000 0.000 0.000 0.000 0.000 0.000 0.000 0.000 0.000 0.000 0.000 0.001 0.001 0.002 0.003 0.003 0.004 0.005 0.005 0.006 0.006 0.006 0.006 0.006 0.006 0.006 0.006 0.006 0.005 0.005 0.005 0.005 0.005 0.005 0.005 0.005 0.005 0.005 0.005 0.005 0.005 0.004 0.004 0.003 0.003 0.002 0.002
0.007 0.006 0.005 0.005 0.004 0.004 0.004 0.003 0.003 0.003 0.003 0.002 0.002 0.002 0.002 0.002 0.002 0.002 0.001 0.001 0.001 0.001 0.001 0.001 0.001 0.000 0.000 0.000 0.000 0.000 0.000 0.000 0.000 0.000 0.000 0.000 0.000 0.000 0.000 0.001 0.001 0.002 0.003 0.004 0.005 0.006 0.007 0.008 0.008 0.009 0.009 0.009 0.009 0.009 0.009 0.009 0.009 0.008 0.008 0.008 0.008 0.008 0.008 0.008 0.008 0.008 0.008 0.008 0.008 0.007 0.007 0.007 0.006 0.005 0.004 0.004 0.003
0.009 0.008 0.007 0.007 0.006 0.006 0.005 0.005 0.005 0.004 0.004 0.004 0.004 0.003 0.003 0.003 0.003 0.003 0.003 0.003 0.002 0.002 0.002 0.002 0.001 0.001 0.001 0.001 0.001 0.000 0.000 0.000 0.000 0.001 0.001 0.001 0.001 0.001 0.001 0.002 0.003 0.004 0.005 0.006 0.007 0.009 0.010 0.011 0.012 0.013 0.013 0.013 0.013 0.013 0.013 0.013 0.013 0.012 0.012 0.011 0.011 0.011 0.011 0.011 0.011 0.011 0.011 0.011 0.011 0.011 0.010 0.010 0.009 0.007 0.006 0.005 0.005
0.013 0.011 0.010 0.009 0.008 0.008 0.007 0.007 0.006 0.006 0.006 0.006 0.005 0.005 0.005 0.005 0.005 0.004 0.004 0.004 0.004 0.004 0.003 0.003 0.003 0.002 0.002 0.002 0.002 0.002 0.002 0.002 0.002 0.002 0.002 0.002 0.002 0.002 0.003 0.004 0.005 0.006 0.007 0.009 0.010 0.012 0.014 0.016 0.017 0.018 0.018 0.019 0.019 0.019 0.018 0.018 0.018 0.017 0.016 0.016 0.016 0.015 0.015 0.015 0.015 0.016 0.016 0.016 0.016 0.016 0.015 0.014 0.012 0.010 0.009 0.008 0.006
0.019 0.016 0.014 0.012 0.011 0.010 0.009 0.009 0.008 0.008 0.008 0.008 0.007 0.007 0.007 0.007 0.007 0.006 0.006 0.006 0.006 0.005 0.005 0.005 0.004 0.004 0.003 0.003 0.003 0.003 0.003 0.003 0.003 0.003 0.003 0.004 0.004 0.005 0.005 0.006 0.007 0.009 0.010 0.012 0.014 0.017 0.019 0.021 0.023 0.024 0.025 0.026 0.026 0.026 0.026 0.025 0.025 0.024 0.023 0.023 0.022 0.021 0.021 0.021 0.021 0.022 0.023 0.024 0.024 0.023 0.022 0.019 0.016 0.013 0.012 0.010 0.009
0.029 0.023 0.019 0.016 0.014 0.013 0.012 0.011 0.011 0.011 0.010 0.010 0.010 0.010 0.009 0.009 0.009 0.009 0.008 0.008 0.008 0.007 0.007 0.006 0.006 0.006 0.005 0.005 0.005 0.005 0.005 0.005 0.005 0.005 0.006 0.006 0.007 0.007 0.008 0.009 0.011 0.012 0.014 0.016 0.019 0.022 0.025 0.028 0.031 0.032 0.034 0.035 0.036 0.037 0.037 0.036 0.036 0.035 0.034 0.034 0.033 0.031 0.031 0.031 0.031 0.033 0.036 0.037 0.037 0.036 0.032 0.027 0.021 0.017 0.015 0.013 0.011
0.050 0.037 0.028 0.023 0.020 0.017 0.016 0.015 0.014 0.014 0.013 0.013 0.013 0.013 0.012 0.012 0.012 0.011 0.011 0.011 0.010 0.010 0.009 0.009 0.008 0.008 0.008 0.008 0.008 0.008 0.008 0.008 0.008 0.008 0.009 0.009 0.010 0.011 0.012 0.013 0.014 0.016 0.018 0.021 0.024 0.027 0.032 0.036 0.040 0.042 0.045 0.047 0.050 0.052 0.054 0.054 0.054 0.053 0.053 0.052 0.051 0.049 0.048 0.047 0.048 0.052 0.058 0.061 0.061 0.059 0.052 0.039 0.029 0.023 0.019 0.016 0.014
0.104 0.070 0.049 0.037 0.029 0.025 0.022 0.020 0.019 0.018 0.017 0.017 0.017 0.016 0.016 0.015 0.015 0.015 0.014 0.014 0.013 0.013 0.012 0.012 0.011 0.011 0.011 0.011 0.011 0.011 0.011 0.011 0.011 0.011 0.012 0.013 0.013 0.014 0.016 0.017 0.019 0.021 0.024 0.027 0.030 0.034 0.039 0.045 0.050 0.055 0.059 0.064 0.070 0.076 0.080 0.082 0.084 0.084 0.085 0.085 0.083 0.081 0.079 0.079 0.080 0.087 0.101 0.110 0.111 0.107 0.091 0.064 0.043 0.030 0.024 0.020 0.017
0.240 0.153 0.099 0.068 0.050 0.039 0.032 0.028 0.026 0.024 0.023 0.023 0.022 0.021 0.021 0.020 0.019 0.019 0.018 0.018 0.017 0.017 0.016 0.015 0.015 0.014 0.014 0.014 0.014 0.014 0.014 0.015 0.015 0.015 0.016 0.017 0.018 0.019 0.021 0.023 0.025 0.027 0.030 0.034 0.038 0.042 0.048 0.055 0.063 0.071 0.079 0.089 0.102 0.114 0.124 0.131 0.136 0.139 0.141 0.142 0.142 0.140 0.139 0.140 0.145 0.161 0.192 0.214 0.218 0.210 0.176 0.117 0.070 0.044 0.031 0.025 0.021
0.544 0.352 0.222 0.143 0.097 0.070 0.054 0.044 0.038 0.035 0.033 0.031 0.030 0.029 0.028 0.027 0.026 0.025 0.024 0.024 0.023 0.022 0.020 0.020 0.019 0.019 0.019 0.018 0.018 0.018 0.019 0.019 0.019 0.020 0.021 0.022 0.023 0.025 0.027 0.029 0.032 0.036 0.039 0.043 0.048 0.054 0.061 0.070 0.081 0.094 0.111 0.131 0.155 0.178 0.197 0.212 0.222 0.229 0.235 0.240 0.244 0.247 0.252 0.259 0.273 0.309 0.376 0.432 0.442 0.424 0.357 0.233 0.127 0.072 0.045 0.032 0.026
1.086 0.748 0.494 0.319 0.208 0.141 0.102 0.078 0.063 0.055 0.050 0.047 0.045 0.043 0.042 0.039 0.037 0.036 0.034 0.033 0.031 0.029 0.027 0.026 0.025 0.024 0.024 0.024 0.024 0.024 0.024 0.024 0.025 0.026 0.027 0.028 0.031 0.033 0.036 0.039 0.043 0.048 0.052 0.058 0.065 0.072 0.082 0.094 0.110 0.133 0.164 0.203 0.247 0.286 0.318 0.342 0.358 0.368 0.376 0.383 0.391 0.401 0.413 0.428 0.453 0.500 0.588 0.704 0.772 0.772 0.684 0.475 0.250 0.128 0.070 0.045 0.034
1.884 1.383 0.977 0.666 0.443 0.296 0.205 0.151 0.117 0.097 0.085 0.079 0.075 0.072 0.068 0.064 0.059 0.056 0.053 0.050 0.046 0.041 0.037 0.034 0.033 0.032 0.031 0.031 0.030 0.030 0.030 0.031 0.032 0.033 0.035 0.037 0.040 0.044 0.049 0.054 0.060 0.067 0.074 0.082 0.092 0.102 0.115 0.133 0.160 0.200 0.258 0.331 0.401 0.456 0.490 0.502 0.499 0.497 0.499 0.501 0.505 0.511 0.522 0.538 0.565 0.610 0.692 0.833 0.971 1.025 0.992 0.806 0.484 0.235 0.117 0.067 0.046
2.914 2.246 1.683 1.218 0.855 0.591 0.416 0.305 0.236 0.193 0.166 0.151 0.142 0.134 0.126 0.116 0.106 0.099 0.091 0.084 0.075 0.065 0.055 0.049 0.045 0.043 0.041 0.041 0.040 0.040 0.040 0.040 0.041 0.043 0.047 0.051 0.057 0.063 0.071 0.079 0.089 0.100 0.112 0.124 0.137 0.152 0.172 0.202 0.247 0.318 0.420 0.517 0.580 0.608 0.613 0.594 0.569 0.557 0.554 0.555 0.557 0.559 0.565 0.577 0.599 0.638 0.711 0.847 1.023 1.120 1.134 1.040 0.765 0.410 0.196 0.103 0.064
4.035 3.252 2.563 1.967 1.473 1.087 0.806 0.614 0.489 0.407 0.356 0.322 0.299 0.278 0.257 0.232 0.209 0.191 0.173 0.156 0.136 0.112 0.092 0.077 0.067 0.062 0.059 0.057 0.056 0.055 0.055 0.056 0.058 0.062 0.069 0.077 0.086 0.097 0.111 0.127 0.144 0.162 0.180 0.198 0.217 0.239 0.272 0.322 0.396 0.495 0.591 0.650 0.675 0.675 0.654 0.612 0.578 0.563 0.560 0.561 0.562 0.563 0.567 0.577 0.594 0.626 0.686 0.805 0.992 1.124 1.162 1.133 0.968 0.624 0.314 0.159 0.093
5.124 4.302 3.558 2.892 2.316 1.840 1.466 1.190 0.998 0.869 0.782 0.718 0.666 0.616 0.558 0.490 0.435 0.390 0.349 0.307 0.260 0.208 0.164 0.131 0.110 0.097 0.091 0.087 0.085 0.084 0.084 0.086 0.091 0.100 0.112 0.126 0.143 0.165 0.192 0.220 0.249 0.277 0.303 0.327 0.354 0.389 0.443 0.510 0.575 0.631 0.671 0.691 0.693 0.681 0.646 0.591 0.550 0.531 0.527 0.528 0.529 0.532 0.538 0.546 0.556 0.575 0.613 0.701 0.875 1.059 1.140 1.142 1.061 0.821 0.472 0.240 0.136
6.225 5.410 4.681 4.021 3.427 2.913 2.491 2.165 1.931 1.770 1.654 1.557 1.464 1.356 1.216 1.052 0.912 0.804 0.707 0.610 0.502 0.393 0.302 0.235 0.192 0.167 0.154 0.147 0.144 0.144 0.145 0.151 0.163 0.179 0.200 0.224 0.255 0.299 0.349 0.393 0.433 0.472 0.507 0.539 0.569 0.604 0.641 0.665 0.673 0.677 0.681 0.683 0.674 0.645 0.588 0.520 0.472 0.448 0.439 0.439 0.442 0.450 0.462 0.470 0.474 0.480 0.493 0.539 0.672 0.895 1.058 1.106 1.080 0.938 0.639 0.348 0.196
7.444 6.708 6.059 5.471 4.919 4.419 4.008 3.693 3.462 3.296 3.167 3.047 2.914 2.736 2.488 2.180 1.871 1.612 1.383 1.162 0.939 0.728 0.553 0.423 0.338 0.290 0.265 0.255 0.252 0.253 0.262 0.281 0.306 0.334 0.365 0.402 0.456 0.534 0.602 0.650 0.684 0.710 0.731 0.746 0.755 0.756 0.745 0.721 0.692 0.670 0.650 0.627 0.591 0.534 0.455 0.383 0.336 0.312 0.304 0.304 0.310 0.322 0.337 0.346 0.348 0.348 0.352 0.378 0.464 0.662 0.908 1.027 1.042 0.979 0.778 0.485 0.280
8.954 8.411 7.921 7.463 7.014 6.591 6.240 5.965 5.745 5.567 5.412 5.262 5.095 4.865 4.527 4.077 3.555 3.036 2.550 2.095 1.669 1.288 0.973 0.736 0.576 0.483 0.436 0.420 0.419 0.429 0.461 0.508 0.551 0.587 0.621 0.657 0.707 0.774 0.819 0.841 0.849 0.850 0.849 0.843 0.830 0.805 0.765 0.714 0.659 0.604 0.546 0.481 0.410 0.338 0.275 0.235 0.213 0.204 0.203 0.206 0.211 0.219 0.227 0.232 0.235 0.238 0.245 0.266 0.324 0.463 0.713 0.909 0.974 0.962 0.862 0.643 0.400
