RESULTS/r.avaflow_results/12_results/12_ascii/12_hflow0012.asc
ncols 506
nrows 317
xllcenter 498237.50
yllcenter 5580050.00
cellsize 12.50
NODATA_value -9999.000
[rows 170 to 203 of 317, columns 77 to 153 of 506]
0.000 0.000 0.000 0.000 0.000 0.000 0.000 0.000 0.000 0.000 0.000 0.000 0.000 0.000 0.000 0.000 0.001 0.001 0.002 0.004 0.008 0.015 0.034 0.076 0.148 0.212 0.241 0.249 0.252 0.252 0.252 0.253 0.256 0.266 0.289 0.336 0.419 0.548 0.728 0.957 1.205 1.426 1.620 1.784 1.914 2.019 2.137 2.305 2.579 3.029 3.722 4.742 6.106 7.493 8.541 9.265 9.832 10.352 10.878 11.463 12.218 13.183 14.362 15.691 17.053 18.107 18.766 19.011 18.814 18.238 17.402 16.432 15.374 14.284 13.252 12.273 11.219
0.000 0.000 0.000 0.000 0.000 0.000 0.000 0.000 0.000 0.000 0.000 0.000 0.000 0.000 0.000 0.001 0.002 0.005 0.008 0.014 0.023 0.043 0.084 0.158 0.259 0.330 0.363 0.377 0.383 0.386 0.388 0.391 0.397 0.415 0.454 0.530 0.659 0.857 1.131 1.474 1.814 2.113 2.382 2.630 2.853 3.077 3.332 3.665 4.132 4.788 5.661 6.782 8.004 9.050 9.874 10.499 11.015 11.486 11.949 12.474 13.140 13.966 14.902 15.877 16.830 17.563 17.944 17.915 17.600 17.160 16.725 16.326 15.961 15.640 15.376 15.126 14.852
0.000 0.000 0.000 0.000 0.000 0.000 0.000 0.000 0.000 0.000 0.000 0.000 0.000 0.000 0.001 0.003 0.006 0.011 0.020 0.033 0.056 0.097 0.171 0.285 0.409 0.490 0.535 0.559 0.572 0.578 0.583 0.590 0.602 0.630 0.689 0.803 0.996 1.287 1.690 2.190 2.658 3.060 3.429 3.793 4.146 4.508 4.915 5.419 6.065 6.883 7.856 8.860 9.736 10.444 11.025 11.517 11.941 12.311 12.678 13.101 13.632 14.236 14.845 15.401 15.897 16.253 16.360 16.194 16.051 16.022 16.106 16.283 16.549 16.860 17.192 17.600 18.211
0.000 0.000 0.000 0.000 0.000 0.000 0.000 0.000 0.000 0.000 0.000 0.000 0.000 0.001 0.003 0.006 0.013 0.023 0.039 0.065 0.107 0.178 0.289 0.445 0.600 0.707 0.775 0.814 0.833 0.845 0.854 0.865 0.884 0.924 1.009 1.170 1.442 1.857 2.431 3.137 3.782 4.327 4.829 5.332 5.842 6.363 6.939 7.605 8.406 9.308 10.157 10.842 11.347 11.726 12.023 12.313 12.595 12.842 13.100 13.399 13.748 14.099 14.416 14.656 14.820 14.860 14.767 14.575 14.604 14.880 15.366 16.030 16.766 17.508 18.313 19.324 20.684
0.000 0.000 0.000 0.000 0.000 0.000 0.000 0.000 0.000 0.000 0.000 0.000 0.001 0.002 0.006 0.012 0.022 0.039 0.066 0.109 0.176 0.280 0.431 0.637 0.846 1.000 1.101 1.159 1.187 1.202 1.214 1.227 1.253 1.306 1.420 1.636 2.004 2.577 3.373 4.339 5.226 5.965 6.637 7.294 7.957 8.663 9.444 10.226 10.992 11.667 12.190 12.568 12.780 12.874 12.875 12.911 13.016 13.136 13.286 13.464 13.648 13.807 13.913 13.936 13.869 13.698 13.434 13.142 13.175 13.599 14.361 15.367 16.479 17.638 18.887 20.361 22.153
0.000 0.000 0.000 0.000 0.000 0.000 0.000 0.000 0.000 0.000 0.000 0.000 0.001 0.004 0.009 0.019 0.035 0.060 0.100 0.163 0.258 0.400 0.602 0.875 1.166 1.384 1.527 1.608 1.646 1.663 1.674 1.687 1.714 1.779 1.921 2.196 2.671 3.384 4.351 5.560 6.807 7.880 8.800 9.609 10.376 11.146 11.921 12.604 13.176 13.585 13.854 13.988 14.002 13.872 13.582 13.348 13.273 13.294 13.361 13.422 13.484 13.502 13.446 13.301 13.054 12.713 12.272 11.806 11.712 12.109 12.964 14.157 15.582 17.189 18.919 20.716 22.616
0.000 0.000 0.000 0.000 0.000 0.000 0.000 0.000 0.000 0.000 0.000 0.000 0.002 0.005 0.013 0.025 0.047 0.083 0.140 0.227 0.356 0.545 0.812 1.175 1.571 1.867 2.059 2.167 2.216 2.234 2.241 2.248 2.269 2.336 2.494 2.805 3.317 4.074 5.129 6.502 8.070 9.509 10.684 11.647 12.467 13.199 13.853 14.410 14.822 15.037 15.139 15.136 14.991 14.650 14.119 13.679 13.444 13.367 13.355 13.323 13.285 13.205 13.040 12.772 12.384 11.870 11.225 10.547 10.222 10.375 11.059 12.233 13.807 15.723 17.884 20.087 22.126
0.000 0.000 0.000 0.000 0.000 0.000 0.000 0.000 0.000 0.000 0.000 0.000 0.002 0.006 0.014 0.029 0.055 0.100 0.173 0.286 0.455 0.702 1.052 1.533 2.062 2.448 2.696 2.835 2.895 2.912 2.913 2.903 2.908 2.963 3.111 3.391 3.868 4.617 5.708 7.177 8.982 10.746 12.160 13.259 14.100 14.773 15.292 15.701 15.983 16.104 16.106 16.007 15.709 15.187 14.486 13.914 13.559 13.390 13.303 13.225 13.110 12.943 12.671 12.282 11.746 11.052 10.197 9.349 8.826 8.688 8.969 9.725 11.014 12.859 15.198 17.781 20.213
0.000 0.000 0.000 0.000 0.000 0.000 0.000 0.000 0.000 0.000 0.000 0.000 0.002 0.006 0.015 0.030 0.059 0.109 0.194 0.329 0.535 0.834 1.261 1.852 2.561 3.097 3.427 3.599 3.670 3.685 3.675 3.633 3.604 3.628 3.717 3.926 4.336 5.043 6.125 7.646 9.610 11.622 13.214 14.418 15.278 15.899 16.317 16.593 16.733 16.788 16.739 16.572 16.168 15.522 14.708 14.049 13.626 13.397 13.238 13.081 12.890 12.633 12.246 11.716 11.017 10.142 9.100 8.150 7.506 7.177 7.176 7.536 8.322 9.627 11.551 14.094 16.957
0.000 0.000 0.000 0.000 0.000 0.000 0.000 0.000 0.000 0.000 0.000 0.000 0.002 0.006 0.015 0.030 0.059 0.111 0.202 0.354 0.591 0.937 1.427 2.104 2.971 3.700 4.167 4.414 4.511 4.527 4.504 4.416 4.289 4.241 4.268 4.402 4.732 5.369 6.413 7.943 9.973 12.161 13.927 15.208 16.050 16.612 16.940 17.108 17.156 17.176 17.127 16.902 16.414 15.714 14.821 14.109 13.629 13.328 13.102 12.858 12.565 12.176 11.652 10.980 10.104 9.032 7.852 6.871 6.177 5.764 5.623 5.768 6.244 7.134 8.547 10.565 13.193
0.000 0.000 0.000 0.000 0.000 0.000 0.000 0.000 0.000 0.000 0.000 0.000 0.001 0.005 0.013 0.028 0.055 0.106 0.198 0.358 0.618 1.008 1.556 2.306 3.295 4.219 4.839 5.182 5.322 5.351 5.325 5.188 4.944 4.797 4.774 4.842 5.089 5.643 6.617 8.098 10.142 12.449 14.296 15.631 16.507 17.008 17.272 17.369 17.392 17.366 17.243 16.992 16.485 15.770 14.862 14.122 13.591 13.215 12.885 12.515 12.088 11.543 10.856 10.001 8.928 7.656 6.419 5.452 4.775 4.370 4.209 4.279 4.599 5.223 6.222 7.685 9.732
0.000 0.000 0.000 0.000 0.000 0.000 0.000 0.000 0.000 0.000 0.000 0.000 0.001 0.003 0.009 0.020 0.042 0.085 0.168 0.328 0.604 1.034 1.644 2.465 3.552 4.662 5.442 5.893 6.084 6.127 6.096 5.928 5.590 5.327 5.242 5.258 5.429 5.894 6.785 8.204 10.201 12.568 14.473 15.834 16.715 17.202 17.396 17.461 17.477 17.428 17.268 16.990 16.513 15.766 14.860 14.074 13.456 12.961 12.505 12.013 11.440 10.731 9.850 8.766 7.449 6.062 4.906 4.047 3.457 3.109 2.972 3.024 3.265 3.716 4.408 5.413 6.865
0.000 0.000 0.000 0.000 0.000 0.000 0.000 0.000 0.000 0.000 0.000 0.000 0.000 0.001 0.003 0.008 0.019 0.044 0.102 0.238 0.518 0.994 1.684 2.581 3.749 5.034 5.982 6.547 6.805 6.865 6.832 6.650 6.249 5.857 5.688 5.663 5.764 6.137 6.938 8.275 10.206 12.590 14.522 15.895 16.770 17.234 17.423 17.472 17.487 17.411 17.219 16.866 16.375 15.680 14.782 13.943 13.218 12.581 11.984 11.366 10.635 9.750 8.646 7.319 5.910 4.672 3.688 2.957 2.458 2.162 2.041 2.072 2.243 2.553 3.015 3.704 4.719
0.000 0.000 0.000 0.000 0.000 0.000 0.000 0.000 0.000 0.000 0.000 0.000 0.000 0.000 0.001 0.002 0.006 0.014 0.039 0.118 0.352 0.856 1.642 2.643 3.882 5.324 6.452 7.150 7.486 7.573 7.545 7.362 6.927 6.403 6.133 6.068 6.119 6.398 7.088 8.309 10.178 12.555 14.485 15.855 16.740 17.179 17.378 17.414 17.400 17.283 17.031 16.599 16.003 15.341 14.520 13.648 12.831 12.075 11.326 10.570 9.700 8.647 7.388 5.986 4.683 3.608 2.767 2.150 1.731 1.480 1.370 1.379 1.490 1.693 1.998 2.469 3.187
0.000 0.000 0.000 0.000 0.000 0.000 0.000 0.000 0.000 0.000 0.000 0.000 0.000 0.000 0.000 0.001 0.001 0.004 0.013 0.050 0.202 0.657 1.510 2.635 3.949 5.514 6.829 7.684 8.117 8.250 8.237 8.064 7.620 6.987 6.600 6.475 6.493 6.699 7.276 8.378 10.141 12.452 14.385 15.732 16.578 16.995 17.178 17.204 17.145 16.967 16.620 16.093 15.402 14.669 13.924 13.124 12.281 11.448 10.590 9.707 8.722 7.583 6.258 4.894 3.728 2.791 2.075 1.559 1.211 1.001 0.902 0.892 0.956 1.082 1.279 1.595 2.089
0.000 0.000 0.000 0.000 0.000 0.000 0.000 0.000 0.000 0.000 0.000 0.000 0.000 0.000 0.000 0.000 0.001 0.002 0.006 0.026 0.120 0.480 1.307 2.535 3.950 5.590 7.077 8.110 8.675 8.878 8.894 8.749 8.329 7.639 7.140 6.950 6.935 7.074 7.542 8.512 10.087 12.217 14.098 15.377 16.141 16.560 16.741 16.775 16.688 16.420 15.933 15.252 14.457 13.696 12.984 12.283 11.494 10.681 9.796 8.844 7.794 6.597 5.248 3.992 2.960 2.154 1.552 1.126 0.843 0.671 0.584 0.562 0.592 0.666 0.787 0.985 1.294
0.000 0.000 0.000 0.000 0.000 0.000 0.000 0.000 0.000 0.000 0.000 0.000 0.000 0.000 0.000 0.000 0.001 0.001 0.005 0.018 0.081 0.350 1.080 2.318 3.855 5.584 7.185 8.384 9.106 9.418 9.473 9.373 9.017 8.344 7.757 7.506 7.463 7.551 7.917 8.719 10.077 11.953 13.695 14.865 15.546 15.913 16.029 16.029 15.894 15.530 14.894 14.040 13.176 12.429 11.770 11.136 10.462 9.753 8.922 7.970 6.888 5.650 4.346 3.220 2.326 1.647 1.154 0.811 0.585 0.448 0.374 0.347 0.355 0.393 0.459 0.566 0.720
0.000 0.000 0.000 0.000 0.000 0.000 0.000 0.000 0.000 0.000 0.000 0.000 0.000 0.000 0.000 0.000 0.001 0.002 0.005 0.017 0.063 0.256 0.854 2.011 3.616 5.474 7.190 8.516 9.403 9.844 9.955 9.899 9.629 9.060 8.463 8.173 8.108 8.158 8.416 9.022 10.085 11.616 13.078 14.087 14.676 14.951 15.022 14.972 14.746 14.267 13.469 12.415 11.538 10.855 10.312 9.775 9.219 8.612 7.889 7.014 5.960 4.724 3.524 2.543 1.792 1.239 0.847 0.580 0.406 0.298 0.238 0.210 0.206 0.218 0.245 0.287 0.338
0.000 0.000 0.000 0.000 0.000 0.000 0.000 0.000 0.000 0.000 0.000 0.000 0.000 0.000 0.000 0.000 0.001 0.003 0.007 0.019 0.058 0.194 0.645 1.650 3.239 5.212 7.084 8.519 9.510 10.091 10.302 10.297 10.118 9.687 9.113 8.781 8.679 8.684 8.840 9.258 10.042 11.206 12.350 13.144 13.579 13.742 13.749 13.631 13.296 12.686 11.725 10.609 9.766 9.137 8.662 8.224 7.776 7.264 6.650 5.896 4.931 3.780 2.748 1.948 1.343 0.909 0.610 0.410 0.279 0.197 0.149 0.124 0.114 0.112 0.116 0.123 0.129
0.000 0.000 0.000 0.000 0.000 0.000 0.000 0.000 0.000 0.000 0.000 0.000 0.000 0.000 0.000 0.001 0.002 0.005 0.011 0.026 0.063 0.163 0.473 1.271 2.732 4.744 6.792 8.400 9.508 10.178 10.497 10.567 10.476 10.158 9.614 9.209 9.033 9.005 9.083 9.349 9.904 10.696 11.462 11.980 12.244 12.314 12.269 12.064 11.637 10.994 10.075 9.040 8.223 7.604 7.105 6.660 6.224 5.759 5.234 4.605 3.793 2.847 2.045 1.430 0.973 0.648 0.427 0.281 0.187 0.126 0.089 0.068 0.057 0.052 0.049 0.047 0.046
0.000 0.000 0.000 0.000 0.000 0.000 0.000 0.000 0.000 0.000 0.000 0.000 0.000 0.000 0.000 0.001 0.004 0.009 0.019 0.039 0.076 0.156 0.356 0.907 2.116 4.032 6.222 8.054 9.373 10.183 10.582 10.680 10.668 10.443 9.956 9.442 9.196 9.135 9.167 9.321 9.642 10.060 10.427 10.661 10.763 10.760 10.657 10.412 10.010 9.439 8.649 7.702 6.896 6.262 5.750 5.292 4.850 4.403 3.935 3.402 2.761 2.052 1.459 1.006 0.676 0.443 0.285 0.181 0.114 0.071 0.046 0.032 0.025 0.022 0.020 0.019 0.019
0.000 0.000 0.000 0.000 0.000 0.000 0.000 0.000 0.000 0.000 0.000 0.000 0.000 0.000 0.001 0.002 0.005 0.012 0.026 0.052 0.095 0.167 0.307 0.645 1.463 3.025 5.176 7.275 8.864 9.904 10.477 10.688 10.720 10.556 10.092 9.499 9.217 9.130 9.140 9.179 9.223 9.210 9.202 9.204 9.196 9.157 9.041 8.827 8.488 7.998 7.333 6.499 5.699 5.061 4.554 4.105 3.688 3.281 2.870 2.427 1.929 1.426 1.009 0.688 0.453 0.289 0.179 0.106 0.060 0.033 0.019 0.013 0.010 0.009 0.009 0.009 0.009
0.000 0.000 0.000 0.000 0.000 0.000 0.000 0.000 0.000 0.000 0.000 0.000 0.000 0.000 0.001 0.002 0.005 0.013 0.028 0.058 0.108 0.185 0.308 0.541 1.034 2.015 3.650 5.741 7.651 8.997 9.865 10.354 10.551 10.486 10.046 9.402 9.052 8.910 8.841 8.734 8.498 8.085 7.772 7.640 7.604 7.565 7.460 7.286 7.019 6.618 6.060 5.344 4.588 3.977 3.496 3.089 2.725 2.379 2.033 1.678 1.305 0.958 0.675 0.456 0.296 0.183 0.106 0.057 0.028 0.013 0.006 0.004 0.004 0.004 0.004 0.004 0.005
0.000 0.000 0.000 0.000 0.000 0.000 0.000 0.000 0.000 0.000 0.000 0.000 0.000 0.000 0.001 0.002 0.005 0.013 0.028 0.058 0.111 0.199 0.329 0.546 0.936 1.563 2.491 3.777 5.402 7.005 8.241 9.127 9.663 9.777 9.480 8.844 8.413 8.186 7.995 7.740 7.298 6.621 6.105 5.909 5.914 5.949 5.893 5.766 5.567 5.246 4.792 4.208 3.549 3.003 2.578 2.232 1.937 1.662 1.391 1.120 0.855 0.623 0.434 0.290 0.184 0.109 0.059 0.028 0.011 0.004 0.002 0.002 0.002 0.002 0.002 0.002 0.003
0.000 0.000 0.000 0.000 0.000 0.000 0.000 0.000 0.000 0.000 0.000 0.000 0.000 0.000 0.001 0.002 0.004 0.010 0.023 0.051 0.105 0.205 0.375 0.651 1.074 1.587 2.083 2.567 3.175 4.024 5.014 6.182 7.338 7.846 7.801 7.429 7.010 6.714 6.430 6.059 5.522 4.775 4.233 4.041 4.049 4.164 4.267 4.241 4.122 3.893 3.561 3.129 2.607 2.150 1.800 1.529 1.305 1.100 0.902 0.711 0.535 0.384 0.264 0.172 0.105 0.058 0.028 0.011 0.004 0.002 0.001 0.001 0.001 0.001 0.001 0.002 0.002
0.000 0.000 0.000 0.000 0.000 0.000 0.000 0.000 0.000 0.000 0.000 0.000 0.000 0.000 0.000 0.001 0.002 0.005 0.013 0.033 0.083 0.193 0.420 0.832 1.356 1.739 1.957 2.058 2.033 1.855 1.816 2.243 3.331 4.390 4.808 4.849 4.685 4.484 4.257 3.948 3.562 3.066 2.656 2.451 2.406 2.462 2.607 2.720 2.725 2.624 2.430 2.151 1.791 1.439 1.168 0.966 0.803 0.659 0.528 0.408 0.301 0.212 0.141 0.088 0.050 0.025 0.010 0.004 0.002 0.001 0.001 0.001 0.001 0.001 0.001 0.001 0.001
0.000 0.000 0.000 0.000 0.000 0.000 0.000 0.000 0.000 0.000 0.000 0.000 0.000 0.000 0.000 0.001 0.001 0.002 0.006 0.020 0.062 0.179 0.442 0.928 1.439 1.712 1.796 1.721 1.399 0.858 0.494 0.431 0.747 1.429 1.969 2.230 2.324 2.330 2.286 2.183 2.011 1.752 1.466 1.275 1.193 1.190 1.256 1.388 1.482 1.499 1.439 1.310 1.109 0.868 0.670 0.525 0.415 0.327 0.252 0.190 0.137 0.094 0.060 0.035 0.018 0.008 0.003 0.001 0.001 0.001 0.001 0.001 0.001 0.001 0.001 0.001 0.001
0.000 0.000 0.000 0.000 0.000 0.000 0.000 0.000 0.000 0.000 0.000 0.000 0.000 0.000 0.000 0.001 0.001 0.001 0.005 0.017 0.060 0.183 0.476 0.994 1.396 1.541 1.527 1.324 0.868 0.423 0.196 0.107 0.094 0.240 0.499 0.707 0.842 0.926 0.965 0.967 0.925 0.830 0.682 0.550 0.472 0.444 0.450 0.508 0.600 0.656 0.668 0.637 0.556 0.426 0.308 0.225 0.166 0.123 0.090 0.065 0.046 0.030 0.018 0.009 0.004 0.002 0.001 0.001 0.001 0.001 0.001 0.001 0.001 0.001 0.001 0.001 0.001
0.000 0.000 0.000 0.000 0.000 0.000 0.000 0.000 0.000 0.000 0.000 0.000 0.000 0.000 0.000 0.001 0.001 0.002 0.007 0.024 0.084 0.252 0.622 1.080 1.299 1.326 1.218 0.888 0.462 0.203 0.093 0.053 0.040 0.037 0.066 0.121 0.181 0.238 0.285 0.311 0.317 0.298 0.249 0.185 0.143 0.124 0.119 0.127 0.161 0.200 0.220 0.222 0.203 0.156 0.104 0.070 0.048 0.033 0.024 0.016 0.011 0.007 0.004 0.002 0.001 0.001 0.001 0.001 0.001 0.001 0.001 0.001 0.001 0.001 0.001 0.001 0.001
0.000 0.000 0.000 0.000 0.000 0.000 0.000 0.000 0.000 0.000 0.000 0.000 0.000 0.001 0.001 0.002 0.003 0.006 0.016 0.051 0.157 0.425 0.848 1.129 1.207 1.171 0.959 0.546 0.235 0.100 0.051 0.036 0.030 0.026 0.020 0.016 0.020 0.032 0.050 0.066 0.074 0.075 0.067 0.049 0.035 0.029 0.027 0.027 0.031 0.043 0.052 0.054 0.052 0.041 0.026 0.017 0.011 0.008 0.005 0.004 0.002 0.001 0.001 0.001 0.001 0.001 0.000 0.000 0.001 0.001 0.001 0.001 0.001 0.000 0.000 0.001 0.000
0.000 0.000 0.000 0.000 0.000 0.000 0.000 0.000 0.000 0.000 0.000 0.001 0.001 0.002 0.002 0.004 0.007 0.016 0.039 0.102 0.259 0.590 0.954 1.102 1.115 1.015 0.689 0.302 0.121 0.055 0.035 0.028 0.025 0.021 0.015 0.008 0.004 0.004 0.007 0.011 0.013 0.014 0.013 0.010 0.006 0.005 0.005 0.005 0.005 0.008 0.010 0.011 0.011 0.009 0.006 0.004 0.002 0.002 0.001 0.001 0.001 0.001 0.001 0.000 0.000 0.000 0.001 0.000 0.000 0.000 0.000 0.001 0.001 0.001 0.000 0.000 0.000
0.000 0.000 0.000 0.000 0.000 0.000 0.000 0.000 0.000 0.001 0.001 0.002 0.003 0.004 0.006 0.010 0.018 0.036 0.076 0.167 0.360 0.704 0.965 1.039 1.011 0.809 0.422 0.162 0.066 0.035 0.026 0.023 0.020 0.017 0.011 0.005 0.002 0.001 0.001 0.001 0.002 0.003 0.003 0.002 0.001 0.001 0.001 0.001 0.001 0.001 0.002 0.002 0.002 0.002 0.001 0.001 0.001 0.000 0.000 0.000 0.000 0.001 0.000 0.000 0.001 0.000 0.000 0.000 0.000 0.001 0.001 0.001 0.000 0.000 0.001 0.000 0.000
0.000 0.000 0.000 0.000 0.000 0.000 0.000 0.001 0.002 0.002 0.003 0.004 0.006 0.009 0.015 0.023 0.036 0.062 0.116 0.230 0.458 0.768 0.919 0.940 0.857 0.568 0.235 0.090 0.040 0.025 0.021 0.019 0.016 0.013 0.007 0.003 0.001 0.001 0.001 0.001 0.002 0.002 0.002 0.002 0.002 0.002 0.001 0.001 0.001 0.001 0.001 0.001 0.001 0.001 0.000 0.000 0.000 0.000 0.000 0.000 0.000 0.001 0.001 0.000 0.000 0.000 0.000 0.000 0.001 0.001 0.001 0.001 0.000 0.000 0.000 0.000 0.000
0.000 0.000 0.001 0.001 0.001 0.002 0.002 0.003 0.003 0.005 0.006 0.009 0.013 0.018 0.025 0.036 0.052 0.084 0.152 0.295 0.560 0.787 0.858 0.841 0.684 0.355 0.133 0.052 0.027 0.019 0.017 0.015 0.013 0.010 0.005 0.002 0.002 0.002 0.002 0.002 0.002 0.001 0.001 0.001 0.001 0.001 0.001 0.001 0.001 0.001 0.001 0.001 0.000 0.000 0.000 0.000 0.000 0.000 0.000 0.000 0.000 0.000 0.000 0.000 0.000 0.000 0.000 0.001 0.001 0.001 0.001 0.000 0.000 0.000 0.000 0.000 0.000
