RESULTS/r.avaflow_results/12_results/12_ascii/12_hflow30024.asc
ncols 506
nrows 317
xllcenter 498237.50
yllcenter 5580050.00
cellsize 12.50
NODATA_value -9999.000
[rows 170 to 203 of 317, columns 154 to 230 of 506]
9.754 9.712 9.627 9.506 9.347 9.175 9.017 8.872 8.738 8.613 8.494 8.375 8.236 8.022 7.662 7.120 6.414 5.600 4.751 3.920 3.135 2.419 1.813 1.342 1.006 0.790 0.667 0.611 0.598 0.604 0.644 0.729 0.844 0.954 1.050 1.142 1.252 1.374 1.459 1.503 1.518 1.515 1.501 1.474 1.424 1.342 1.216 1.043 0.843 0.647 0.482 0.365 0.292 0.245 0.217 0.202 0.197 0.199 0.208 0.221 0.232 0.242 0.251 0.261 0.268 0.274 0.282 0.294 0.317 0.362 0.453 0.638 0.991 1.408 1.622 1.666 1.616
12.297 12.616 12.799 12.873 12.870 12.820 12.713 12.557 12.375 12.180 11.987 11.799 11.602 11.348 10.946 10.318 9.455 8.407 7.248 6.061 4.921 3.866 2.940 2.191 1.637 1.262 1.031 0.912 0.874 0.887 0.944 1.038 1.143 1.218 1.275 1.330 1.402 1.478 1.521 1.534 1.526 1.495 1.443 1.369 1.262 1.106 0.882 0.637 0.436 0.305 0.226 0.178 0.149 0.133 0.127 0.125 0.128 0.136 0.149 0.161 0.168 0.173 0.177 0.179 0.180 0.182 0.186 0.194 0.211 0.244 0.309 0.437 0.685 1.100 1.444 1.578 1.589
15.049 15.777 16.199 16.367 16.383 16.331 16.203 16.024 15.819 15.598 15.372 15.149 14.926 14.665 14.277 13.658 12.754 11.583 10.228 8.782 7.328 5.912 4.611 3.502 2.632 1.999 1.571 1.313 1.186 1.144 1.154 1.199 1.257 1.298 1.327 1.358 1.411 1.466 1.490 1.485 1.443 1.350 1.213 1.040 0.841 0.623 0.421 0.282 0.194 0.142 0.111 0.093 0.084 0.080 0.080 0.082 0.088 0.098 0.110 0.119 0.123 0.125 0.125 0.124 0.124 0.124 0.125 0.131 0.143 0.166 0.212 0.302 0.480 0.811 1.232 1.470 1.539
17.010 18.092 18.750 19.066 19.178 19.195 19.135 19.027 18.875 18.686 18.464 18.228 17.988 17.719 17.345 16.753 15.877 14.727 13.379 11.891 10.294 8.621 6.938 5.401 4.122 3.117 2.374 1.864 1.543 1.361 1.277 1.254 1.269 1.293 1.307 1.318 1.341 1.361 1.355 1.309 1.190 0.981 0.741 0.537 0.382 0.265 0.181 0.126 0.093 0.073 0.062 0.055 0.053 0.053 0.054 0.057 0.063 0.073 0.082 0.087 0.089 0.089 0.089 0.087 0.087 0.086 0.087 0.091 0.099 0.115 0.147 0.212 0.342 0.591 1.002 1.333 1.473
18.021 19.344 20.250 20.806 21.145 21.359 21.483 21.529 21.489 21.382 21.196 20.950 20.681 20.392 20.026 19.469 18.642 17.536 16.209 14.733 13.132 11.392 9.487 7.512 5.752 4.303 3.185 2.383 1.850 1.521 1.339 1.259 1.236 1.229 1.209 1.173 1.140 1.104 1.043 0.922 0.720 0.499 0.338 0.235 0.166 0.118 0.085 0.064 0.051 0.044 0.039 0.038 0.037 0.038 0.039 0.042 0.047 0.054 0.060 0.063 0.064 0.064 0.063 0.062 0.062 0.062 0.063 0.065 0.071 0.083 0.107 0.155 0.252 0.439 0.774 1.161 1.378
18.242 19.673 20.776 21.598 22.224 22.707 23.069 23.293 23.376 23.353 23.212 22.947 22.641 22.340 21.993 21.492 20.757 19.753 18.484 16.987 15.300 13.428 11.336 9.010 6.844 5.050 3.664 2.677 2.022 1.605 1.360 1.226 1.143 1.067 0.970 0.857 0.754 0.665 0.574 0.467 0.337 0.227 0.155 0.110 0.080 0.061 0.047 0.039 0.033 0.030 0.029 0.028 0.028 0.028 0.030 0.032 0.035 0.040 0.043 0.045 0.045 0.045 0.045 0.044 0.044 0.045 0.046 0.048 0.054 0.064 0.083 0.121 0.195 0.336 0.586 0.955 1.246
18.065 19.550 20.760 21.735 22.562 23.257 23.786 24.133 24.309 24.339 24.230 23.943 23.611 23.331 23.020 22.575 21.931 21.044 19.867 18.377 16.605 14.590 12.319 9.760 7.332 5.341 3.824 2.762 2.066 1.619 1.331 1.127 0.949 0.763 0.577 0.443 0.365 0.314 0.267 0.215 0.155 0.109 0.078 0.058 0.045 0.036 0.031 0.027 0.024 0.023 0.022 0.022 0.022 0.022 0.023 0.024 0.026 0.029 0.031 0.032 0.032 0.032 0.031 0.031 0.032 0.032 0.034 0.037 0.042 0.052 0.069 0.101 0.159 0.266 0.452 0.748 1.078
17.464 19.053 20.424 21.572 22.530 23.301 23.865 24.235 24.439 24.489 24.395 24.097 23.756 23.500 23.214 22.796 22.194 21.373 20.272 18.822 17.016 14.912 12.541 9.882 7.369 5.319 3.773 2.706 2.007 1.536 1.188 0.895 0.628 0.412 0.276 0.203 0.166 0.144 0.124 0.101 0.077 0.058 0.045 0.036 0.030 0.025 0.022 0.020 0.019 0.018 0.017 0.017 0.017 0.017 0.017 0.018 0.019 0.020 0.021 0.022 0.022 0.022 0.022 0.022 0.022 0.023 0.025 0.028 0.034 0.044 0.060 0.088 0.135 0.218 0.359 0.583 0.895
16.474 18.190 19.727 21.057 22.152 22.977 23.533 23.872 24.047 24.088 23.998 23.719 23.374 23.096 22.787 22.355 21.768 20.999 19.964 18.559 16.762 14.622 12.178 9.463 6.968 4.942 3.433 2.405 1.728 1.245 0.857 0.540 0.322 0.196 0.128 0.096 0.080 0.070 0.061 0.052 0.043 0.035 0.030 0.025 0.021 0.019 0.017 0.016 0.015 0.014 0.013 0.012 0.012 0.012 0.012 0.012 0.013 0.014 0.014 0.014 0.014 0.014 0.014 0.014 0.015 0.016 0.018 0.022 0.028 0.038 0.053 0.078 0.118 0.185 0.294 0.465 0.717
15.197 17.013 18.654 20.084 21.252 22.113 22.665 22.953 23.047 23.034 22.933 22.728 22.417 22.036 21.589 21.070 20.461 19.719 18.740 17.379 15.578 13.382 10.862 8.221 5.898 4.036 2.663 1.733 1.126 0.714 0.431 0.253 0.149 0.093 0.064 0.050 0.043 0.039 0.035 0.031 0.027 0.024 0.021 0.019 0.016 0.014 0.013 0.012 0.011 0.010 0.009 0.009 0.008 0.008 0.008 0.008 0.008 0.009 0.009 0.009 0.009 0.009 0.009 0.009 0.009 0.010 0.013 0.016 0.022 0.032 0.047 0.070 0.106 0.162 0.250 0.384 0.578
13.651 15.494 17.159 18.620 19.834 20.751 21.337 21.585 21.595 21.506 21.416 21.331 21.087 20.572 19.899 19.226 18.540 17.751 16.709 15.253 13.324 10.980 8.438 6.065 4.087 2.566 1.502 0.852 0.495 0.294 0.178 0.109 0.070 0.048 0.036 0.030 0.027 0.025 0.023 0.021 0.019 0.017 0.016 0.014 0.012 0.011 0.010 0.009 0.008 0.007 0.006 0.006 0.005 0.005 0.005 0.005 0.005 0.005 0.005 0.005 0.005 0.005 0.005 0.005 0.006 0.007 0.009 0.012 0.018 0.027 0.041 0.063 0.096 0.146 0.220 0.331 0.487
11.816 13.615 15.269 16.774 18.091 19.138 19.826 20.117 20.133 20.048 19.970 19.893 19.622 18.998 18.157 17.322 16.487 15.502 14.163 12.338 9.985 7.411 5.090 3.323 2.061 1.187 0.633 0.332 0.186 0.114 0.075 0.051 0.037 0.028 0.023 0.021 0.019 0.018 0.017 0.015 0.014 0.013 0.012 0.010 0.009 0.008 0.007 0.006 0.005 0.004 0.004 0.003 0.003 0.003 0.003 0.003 0.002 0.002 0.002 0.002 0.002 0.002 0.002 0.003 0.003 0.004 0.006 0.009 0.014 0.022 0.035 0.056 0.087 0.132 0.199 0.295 0.428
9.849 11.501 13.141 14.717 16.169 17.379 18.213 18.615 18.682 18.623 18.506 18.311 17.889 17.168 16.257 15.287 14.232 12.880 11.013 8.535 5.938 3.802 2.317 1.372 0.788 0.430 0.224 0.121 0.074 0.050 0.037 0.029 0.023 0.019 0.017 0.015 0.014 0.013 0.012 0.011 0.010 0.009 0.008 0.007 0.006 0.005 0.004 0.004 0.003 0.002 0.002 0.002 0.002 0.001 0.001 0.001 0.001 0.001 0.001 0.001 0.001 0.001 0.001 0.001 0.002 0.002 0.004 0.006 0.010 0.017 0.029 0.048 0.077 0.120 0.181 0.267 0.383
8.066 9.478 10.958 12.491 13.976 15.259 16.192 16.695 16.823 16.760 16.502 16.035 15.363 14.518 13.544 12.436 11.085 9.230 6.805 4.433 2.664 1.474 0.785 0.430 0.245 0.139 0.080 0.050 0.035 0.027 0.022 0.019 0.016 0.014 0.013 0.012 0.011 0.010 0.009 0.008 0.007 0.006 0.006 0.005 0.004 0.003 0.003 0.002 0.002 0.001 0.001 0.001 0.000 0.000 0.000 0.000 0.000 0.000 0.000 0.000 0.000 0.000 0.000 0.000 0.001 0.001 0.002 0.004 0.007 0.013 0.023 0.040 0.067 0.106 0.163 0.240 0.344
6.388 7.516 8.709 9.966 11.193 12.281 13.117 13.608 13.758 13.674 13.275 12.539 11.558 10.457 9.296 8.028 6.515 4.718 2.957 1.658 0.848 0.418 0.220 0.129 0.080 0.052 0.036 0.027 0.022 0.018 0.016 0.014 0.012 0.011 0.010 0.009 0.008 0.007 0.006 0.006 0.005 0.004 0.003 0.003 0.002 0.002 0.001 0.001 0.001 0.000 0.000 0.000 0.000 0.000 0.000 0.000 0.000 0.000 0.000 0.000 0.000 0.000 0.000 0.000 0.000 0.000 0.001 0.002 0.005 0.009 0.017 0.031 0.055 0.091 0.143 0.213 0.306
4.718 5.457 6.176 6.856 7.488 8.079 8.577 8.889 8.991 8.912 8.504 7.703 6.608 5.506 4.543 3.624 2.657 1.658 0.888 0.431 0.210 0.114 0.070 0.048 0.035 0.027 0.021 0.018 0.015 0.014 0.012 0.011 0.010 0.009 0.008 0.007 0.006 0.005 0.004 0.004 0.003 0.002 0.002 0.001 0.001 0.001 0.000 0.000 0.000 0.000 0.000 0.000 0.000 0.000 0.000 0.000 0.000 0.000 0.000 0.000 0.000 0.000 0.000 0.000 0.000 0.000 0.000 0.001 0.003 0.006 0.012 0.022 0.041 0.072 0.118 0.182 0.267
3.070 3.376 3.636 3.839 3.995 4.131 4.250 4.318 4.323 4.258 4.016 3.535 2.827 2.127 1.594 1.157 0.751 0.418 0.210 0.109 0.063 0.043 0.032 0.025 0.021 0.017 0.015 0.013 0.012 0.011 0.009 0.008 0.007 0.007 0.006 0.005 0.004 0.004 0.003 0.002 0.002 0.001 0.001 0.000 0.000 0.000 0.000 0.000 0.000 0.000 0.000 0.000 0.000 0.000 0.000 0.000 0.000 0.000 0.000 0.000 0.000 0.000 0.000 0.000 0.000 0.000 0.000 0.001 0.002 0.004 0.007 0.014 0.028 0.051 0.088 0.145 0.224
1.695 1.752 1.792 1.800 1.770 1.715 1.667 1.626 1.585 1.527 1.407 1.190 0.878 0.602 0.423 0.292 0.185 0.107 0.062 0.040 0.029 0.023 0.020 0.017 0.015 0.013 0.012 0.010 0.009 0.008 0.007 0.007 0.006 0.005 0.004 0.004 0.003 0.002 0.002 0.001 0.001 0.000 0.000 0.000 0.000 0.000 0.000 0.000 0.000 0.000 0.000 0.000 0.000 0.000 0.000 0.000 0.000 0.000 0.000 0.000 0.000 0.000 0.000 0.000 0.000 0.000 0.000 0.000 0.001 0.002 0.004 0.009 0.018 0.034 0.062 0.108 0.178
0.777 0.751 0.732 0.710 0.673 0.613 0.555 0.510 0.474 0.440 0.397 0.330 0.236 0.162 0.115 0.082 0.057 0.039 0.028 0.022 0.018 0.016 0.014 0.012 0.011 0.010 0.009 0.008 0.007 0.006 0.006 0.005 0.004 0.004 0.003 0.003 0.002 0.002 0.001 0.001 0.000 0.000 0.000 0.000 0.000 0.000 0.000 0.000 0.000 0.000 0.000 0.000 0.000 0.000 0.000 0.000 0.000 0.000 0.000 0.000 0.000 0.000 0.000 0.000 0.000 0.000 0.000 0.000 0.000 0.001 0.002 0.005 0.010 0.021 0.040 0.075 0.132
0.302 0.284 0.273 0.263 0.246 0.217 0.184 0.161 0.145 0.130 0.116 0.098 0.073 0.054 0.042 0.033 0.026 0.021 0.018 0.015 0.013 0.012 0.011 0.009 0.008 0.007 0.007 0.006 0.005 0.004 0.004 0.003 0.003 0.003 0.002 0.002 0.002 0.001 0.001 0.001 0.000 0.000 0.000 0.000 0.000 0.000 0.000 0.000 0.000 0.000 0.000 0.000 0.000 0.000 0.000 0.000 0.000 0.000 0.000 0.000 0.000 0.000 0.000 0.000 0.000 0.000 0.000 0.000 0.000 0.000 0.001 0.003 0.006 0.012 0.024 0.047 0.088
0.113 0.108 0.104 0.099 0.093 0.081 0.068 0.058 0.052 0.047 0.043 0.038 0.032 0.026 0.022 0.019 0.016 0.014 0.013 0.011 0.010 0.009 0.008 0.007 0.006 0.005 0.005 0.004 0.003 0.003 0.003 0.002 0.002 0.002 0.002 0.001 0.001 0.001 0.001 0.000 0.000 0.000 0.000 0.000 0.000 0.000 0.000 0.000 0.000 0.000 0.000 0.000 0.000 0.000 0.000 0.000 0.000 0.000 0.000 0.000 0.000 0.000 0.000 0.000 0.000 0.000 0.000 0.000 0.000 0.000 0.000 0.001 0.003 0.006 0.013 0.027 0.052
0.047 0.045 0.043 0.042 0.040 0.035 0.030 0.027 0.025 0.023 0.022 0.020 0.019 0.017 0.015 0.013 0.012 0.010 0.009 0.008 0.007 0.006 0.006 0.005 0.004 0.004 0.003 0.003 0.002 0.002 0.002 0.002 0.001 0.001 0.001 0.001 0.001 0.001 0.001 0.000 0.000 0.000 0.000 0.000 0.000 0.000 0.000 0.000 0.000 0.000 0.000 0.000 0.000 0.000 0.000 0.000 0.000 0.000 0.000 0.000 0.000 0.000 0.000 0.000 0.000 0.000 0.000 0.000 0.000 0.000 0.000 0.000 0.001 0.003 0.007 0.014 0.028
0.023 0.022 0.022 0.022 0.021 0.019 0.017 0.016 0.015 0.014 0.014 0.013 0.013 0.012 0.011 0.009 0.008 0.008 0.007 0.006 0.005 0.004 0.004 0.003 0.003 0.002 0.002 0.002 0.002 0.001 0.001 0.001 0.001 0.001 0.001 0.001 0.001 0.001 0.001 0.000 0.000 0.000 0.000 0.000 0.000 0.000 0.000 0.000 0.000 0.000 0.000 0.000 0.000 0.000 0.000 0.000 0.000 0.000 0.000 0.000 0.000 0.000 0.000 0.000 0.000 0.000 0.000 0.000 0.000 0.000 0.000 0.000 0.000 0.001 0.003 0.006 0.013
0.013 0.013 0.013 0.013 0.013 0.012 0.011 0.011 0.010 0.010 0.010 0.009 0.009 0.008 0.008 0.007 0.006 0.005 0.005 0.004 0.003 0.003 0.002 0.002 0.002 0.002 0.001 0.001 0.001 0.001 0.001 0.001 0.001 0.001 0.001 0.001 0.001 0.001 0.001 0.000 0.000 0.000 0.000 0.000 0.000 0.000 0.000 0.000 0.000 0.000 0.000 0.000 0.000 0.000 0.000 0.000 0.000 0.000 0.000 0.000 0.000 0.000 0.000 0.000 0.000 0.000 0.000 0.000 0.000 0.000 0.000 0.000 0.000 0.000 0.001 0.003 0.006
0.009 0.009 0.009 0.009 0.009 0.009 0.008 0.008 0.007 0.007 0.007 0.007 0.006 0.006 0.005 0.005 0.004 0.004 0.003 0.002 0.002 0.002 0.002 0.001 0.001 0.001 0.001 0.002 0.002 0.002 0.002 0.002 0.002 0.002 0.002 0.002 0.001 0.001 0.000 0.000 0.000 0.000 0.000 0.000 0.000 0.000 0.000 0.000 0.000 0.000 0.000 0.000 0.000 0.000 0.000 0.000 0.000 0.000 0.000 0.000 0.000 0.000 0.000 0.000 0.000 0.000 0.000 0.000 0.000 0.000 0.000 0.000 0.000 0.000 0.000 0.001 0.002
0.006 0.006 0.006 0.006 0.006 0.006 0.006 0.006 0.005 0.005 0.005 0.005 0.004 0.004 0.004 0.003 0.003 0.002 0.002 0.002 0.001 0.001 0.001 0.001 0.002 0.002 0.002 0.003 0.003 0.003 0.003 0.003 0.003 0.002 0.002 0.002 0.001 0.001 0.000 0.000 0.000 0.000 0.000 0.000 0.000 0.000 0.000 0.000 0.000 0.000 0.000 0.000 0.000 0.000 0.000 0.000 0.000 0.000 0.000 0.000 0.000 0.000 0.000 0.000 0.000 0.000 0.000 0.000 0.000 0.000 0.000 0.000 0.000 0.000 0.000 0.000 0.001
0.005 0.005 0.005 0.005 0.005 0.005 0.004 0.004 0.004 0.004 0.003 0.003 0.003 0.003 0.002 0.002 0.002 0.002 0.001 0.001 0.001 0.001 0.002 0.002 0.003 0.003 0.004 0.004 0.004 0.004 0.003 0.003 0.003 0.002 0.002 0.001 0.001 0.001 0.000 0.000 0.000 0.000 0.000 0.000 0.000 0.000 0.000 0.000 0.000 0.000 0.000 0.000 0.000 0.000 0.000 0.000 0.000 0.000 0.000 0.000 0.000 0.000 0.000 0.000 0.000 0.000 0.000 0.000 0.000 0.000 0.000 0.000 0.000 0.000 0.000 0.000 0.000
0.003 0.003 0.003 0.003 0.003 0.003 0.003 0.003 0.003 0.003 0.002 0.002 0.002 0.002 0.002 0.001 0.001 0.001 0.001 0.002 0.002 0.002 0.003 0.003 0.004 0.004 0.004 0.004 0.004 0.004 0.004 0.003 0.003 0.002 0.002 0.001 0.001 0.001 0.000 0.000 0.000 0.000 0.000 0.000 0.000 0.000 0.000 0.000 0.000 0.000 0.000 0.000 0.000 0.000 0.000 0.000 0.000 0.000 0.000 0.000 0.000 0.000 0.000 0.000 0.000 0.000 0.000 0.000 0.000 0.000 0.000 0.000 0.000 0.000 0.000 0.000 0.000
0.002 0.002 0.003 0.003 0.003 0.002 0.002 0.002 0.002 0.002 0.002 0.002 0.002 0.002 0.001 0.001 0.001 0.002 0.002 0.002 0.003 0.003 0.004 0.004 0.004 0.005 0.005 0.004 0.004 0.004 0.003 0.003 0.002 0.002 0.001 0.001 0.001 0.000 0.000 0.000 0.000 0.000 0.000 0.000 0.000 0.000 0.000 0.000 0.000 0.000 0.000 0.000 0.000 0.000 0.000 0.000 0.000 0.000 0.000 0.000 0.000 0.000 0.000 0.000 0.000 0.000 0.000 0.000 0.000 0.000 0.000 0.000 0.000 0.000 0.000 0.000 0.000
0.002 0.002 0.002 0.002 0.002 0.002 0.002 0.002 0.002 0.002 0.002 0.002 0.001 0.001 0.001 0.002 0.002 0.002 0.003 0.003 0.004 0.004 0.004 0.004 0.005 0.005 0.004 0.004 0.004 0.004 0.003 0.002 0.002 0.001 0.001 0.001 0.000 0.000 0.000 0.000 0.000 0.000 0.000 0.000 0.000 0.000 0.000 0.000 0.000 0.000 0.000 0.000 0.000 0.000 0.000 0.000 0.000 0.000 0.000 0.000 0.000 0.000 0.000 0.000 0.000 0.000 0.000 0.000 0.000 0.000 0.000 0.000 0.000 0.000 0.000 0.000 0.000
0.001 0.001 0.001 0.001 0.001 0.001 0.001 0.001 0.001 0.001 0.001 0.001 0.001 0.001 0.001 0.002 0.002 0.003 0.003 0.003 0.004 0.004 0.004 0.004 0.004 0.004 0.004 0.004 0.004 0.003 0.002 0.002 0.001 0.001 0.001 0.000 0.000 0.000 0.000 0.000 0.000 0.000 0.000 0.000 0.000 0.000 0.000 0.000 0.000 0.000 0.000 0.000 0.000 0.000 0.000 0.000 0.000 0.000 0.000 0.000 0.000 0.000 0.000 0.000 0.000 0.000 0.000 0.000 0.000 0.000 0.000 0.000 0.000 0.000 0.000 0.000 0.000
0.001 0.001 0.001 0.001 0.001 0.001 0.001 0.001 0.001 0.001 0.001 0.001 0.001 0.001 0.001 0.002 0.002 0.003 0.003 0.003 0.004 0.004 0.004 0.004 0.004 0.004 0.004 0.003 0.003 0.002 0.002 0.001 0.001 0.001 0.000 0.000 0.000 0.000 0.000 0.000 0.000 0.000 0.000 0.000 0.000 0.000 0.000 0.000 0.000 0.000 0.000 0.000 0.000 0.000 0.000 0.000 0.000 0.000 0.000 0.000 0.000 0.000 0.000 0.000 0.000 0.000 0.000 0.000 0.000 0.000 0.000 0.000 0.000 0.000 0.000 0.000 0.000
0.001 0.001 0.001 0.001 0.001 0.001 0.001 0.001 0.001 0.001 0.001 0.001 0.001 0.001 0.001 0.002 0.002 0.003 0.003 0.003 0.003 0.003 0.003 0.003 0.003 0.003 0.003 0.002 0.002 0.001 0.001 0.001 0.001 0.000 0.000 0.000 0.000 0.000 0.000 0.000 0.000 0.000 0.000 0.000 0.000 0.000 0.000 0.000 0.000 0.000 0.000 0.000 0.000 0.000 0.000 0.000 0.000 0.000 0.000 0.000 0.000 0.000 0.000 0.000 0.000 0.000 0.000 0.000 0.000 0.000 0.000 0.000 0.000 0.000 0.000 0.000 0.000
0.000 0.000 0.000 0.000 0.001 0.001 0.001 0.001 0.001 0.001 0.001 0.001 0.001 0.001 0.001 0.001 0.002 0.002 0.002 0.003 0.003 0.003 0.002 0.002 0.002 0.002 0.002 0.001 0.001 0.001 0.001 0.001 0.000 0.000 0.000 0.000 0.000 0.000 0.000 0.000 0.000 0.000 0.000 0.000 0.000 0.000 0.000 0.000 0.000 0.000 0.000 0.000 0.000 0.000 0.000 0.000 0.000 0.000 0.000 0.000 0.000 0.000 0.000 0.000 0.000 0.000 0.000 0.000 0.000 0.000 0.000 0.000 0.000 0.000 0.000 0.000 0.000
