RESULTS/r.avaflow_results/12_results/12_ascii/12_hflow0030.asc
ncols 506
nrows 317
xllcenter 498237.50
yllcenter 5580050.00
cellsize 12.50
NODATA_value -9999.000
[rows 204 to 237 of 317, columns 77 to 153 of 506]
0.018 0.018 0.017 0.015 0.013 0.012 0.012 0.012 0.013 0.015 0.017 0.019 0.022 0.025 0.029 0.035 0.046 0.070 0.126 0.251 0.534 1.115 1.932 2.670 3.081 3.202 3.122 2.903 2.587 2.220 1.827 1.433 1.076 0.783 0.567 0.420 0.325 0.269 0.240 0.230 0.229 0.239 0.254 0.260 0.251 0.224 0.177 0.119 0.075 0.044 0.024 0.012 0.006 0.003 0.001 0.001 0.000 0.000 0.000 0.000 0.000 0.000 0.000 0.000 0.000 0.001 0.000 0.001 0.001 0.001 0.000 0.000 0.000 0.000 0.000 0.000 0.001
0.023 0.022 0.020 0.018 0.017 0.016 0.016 0.016 0.017 0.019 0.020 0.022 0.024 0.027 0.031 0.037 0.048 0.070 0.118 0.193 0.268 0.400 0.682 1.095 1.502 1.801 1.930 1.928 1.815 1.597 1.295 0.950 0.663 0.453 0.305 0.206 0.144 0.108 0.091 0.084 0.083 0.087 0.097 0.106 0.107 0.100 0.081 0.053 0.031 0.018 0.009 0.004 0.002 0.001 0.001 0.000 0.000 0.000 0.000 0.000 0.000 0.000 0.000 0.000 0.000 0.001 0.001 0.001 0.001 0.000 0.000 0.000 0.000 0.000 0.000 0.000 0.001
0.029 0.027 0.025 0.023 0.021 0.021 0.021 0.021 0.022 0.022 0.023 0.024 0.025 0.028 0.033 0.040 0.054 0.081 0.139 0.209 0.245 0.259 0.275 0.338 0.470 0.638 0.772 0.834 0.838 0.783 0.659 0.482 0.328 0.214 0.136 0.086 0.057 0.040 0.032 0.028 0.028 0.028 0.032 0.037 0.039 0.038 0.032 0.021 0.012 0.006 0.003 0.001 0.001 0.000 0.000 0.000 0.000 0.000 0.000 0.000 0.000 0.000 0.000 0.000 0.001 0.001 0.001 0.001 0.000 0.000 0.000 0.000 0.000 0.000 0.000 0.000 0.001
0.038 0.034 0.031 0.029 0.028 0.027 0.027 0.026 0.026 0.025 0.025 0.026 0.027 0.030 0.036 0.045 0.063 0.102 0.176 0.232 0.249 0.245 0.203 0.148 0.136 0.173 0.231 0.270 0.283 0.281 0.251 0.191 0.127 0.082 0.051 0.032 0.021 0.014 0.010 0.009 0.009 0.009 0.010 0.012 0.013 0.013 0.011 0.008 0.004 0.002 0.001 0.001 0.000 0.000 0.000 0.000 0.000 0.000 0.000 0.000 0.000 0.000 0.000 0.001 0.001 0.001 0.001 0.001 0.000 0.000 0.000 0.000 0.000 0.000 0.000 0.000 0.001
0.053 0.047 0.043 0.040 0.037 0.035 0.033 0.031 0.030 0.029 0.028 0.028 0.030 0.033 0.040 0.052 0.077 0.131 0.208 0.246 0.253 0.240 0.177 0.094 0.058 0.050 0.061 0.074 0.080 0.081 0.077 0.063 0.043 0.027 0.017 0.011 0.007 0.004 0.003 0.003 0.002 0.002 0.003 0.003 0.004 0.004 0.004 0.002 0.001 0.001 0.001 0.000 0.000 0.000 0.000 0.000 0.000 0.000 0.000 0.000 0.000 0.000 0.001 0.001 0.001 0.001 0.001 0.000 0.000 0.000 0.000 0.000 0.000 0.000 0.000 0.000 0.001
0.079 0.069 0.062 0.056 0.051 0.045 0.041 0.037 0.034 0.033 0.032 0.033 0.034 0.038 0.047 0.062 0.095 0.164 0.230 0.253 0.255 0.230 0.150 0.070 0.035 0.022 0.018 0.020 0.021 0.022 0.021 0.019 0.013 0.008 0.005 0.003 0.002 0.001 0.001 0.001 0.001 0.001 0.001 0.001 0.001 0.001 0.001 0.001 0.001 0.001 0.001 0.000 0.000 0.000 0.000 0.000 0.000 0.000 0.000 0.000 0.000 0.001 0.001 0.001 0.001 0.001 0.001 0.000 0.000 0.000 0.000 0.000 0.000 0.000 0.000 0.000 0.001
0.119 0.105 0.093 0.082 0.071 0.061 0.052 0.045 0.041 0.039 0.039 0.039 0.041 0.045 0.055 0.074 0.118 0.196 0.245 0.257 0.253 0.213 0.121 0.055 0.026 0.014 0.009 0.008 0.007 0.006 0.006 0.005 0.004 0.002 0.001 0.001 0.001 0.001 0.001 0.001 0.001 0.001 0.001 0.000 0.000 0.000 0.000 0.000 0.000 0.000 0.001 0.001 0.000 0.000 0.000 0.000 0.000 0.000 0.000 0.000 0.001 0.001 0.001 0.001 0.001 0.001 0.000 0.000 0.000 0.000 0.000 0.000 0.000 0.000 0.000 0.000 0.000
0.176 0.162 0.143 0.124 0.105 0.086 0.070 0.059 0.053 0.049 0.048 0.049 0.050 0.054 0.064 0.088 0.146 0.221 0.253 0.259 0.246 0.185 0.094 0.043 0.021 0.012 0.007 0.005 0.004 0.003 0.002 0.001 0.001 0.001 0.001 0.000 0.001 0.001 0.001 0.001 0.001 0.001 0.000 0.000 0.000 0.000 0.000 0.000 0.000 0.000 0.000 0.001 0.000 0.000 0.000 0.000 0.000 0.000 0.000 0.001 0.001 0.001 0.001 0.001 0.001 0.001 0.000 0.000 0.000 0.000 0.000 0.000 0.000 0.000 0.000 0.000 0.000
0.253 0.240 0.219 0.193 0.163 0.130 0.102 0.083 0.070 0.064 0.062 0.061 0.062 0.066 0.076 0.105 0.174 0.237 0.257 0.258 0.232 0.154 0.074 0.036 0.019 0.011 0.007 0.004 0.003 0.002 0.001 0.001 0.001 0.000 0.000 0.000 0.000 0.001 0.001 0.001 0.001 0.001 0.001 0.000 0.000 0.000 0.000 0.000 0.000 0.000 0.000 0.001 0.000 0.000 0.000 0.000 0.000 0.000 0.001 0.001 0.001 0.001 0.001 0.001 0.001 0.001 0.000 0.000 0.000 0.000 0.000 0.000 0.000 0.000 0.000 0.000 0.000
0.353 0.343 0.323 0.293 0.254 0.206 0.158 0.123 0.100 0.087 0.081 0.079 0.080 0.083 0.094 0.128 0.201 0.249 0.261 0.255 0.212 0.123 0.059 0.030 0.017 0.010 0.006 0.004 0.003 0.002 0.001 0.001 0.000 0.000 0.000 0.000 0.000 0.000 0.001 0.001 0.001 0.001 0.001 0.001 0.000 0.000 0.000 0.000 0.000 0.000 0.000 0.000 0.000 0.000 0.000 0.000 0.000 0.000 0.001 0.001 0.001 0.001 0.001 0.001 0.001 0.000 0.000 0.000 0.000 0.000 0.000 0.000 0.000 0.000 0.000 0.000 0.000
0.480 0.474 0.458 0.429 0.386 0.325 0.253 0.192 0.150 0.124 0.111 0.105 0.105 0.107 0.120 0.161 0.227 0.259 0.264 0.247 0.182 0.095 0.049 0.027 0.016 0.010 0.006 0.004 0.002 0.002 0.001 0.001 0.000 0.000 0.000 0.000 0.000 0.000 0.001 0.000 0.001 0.001 0.001 0.001 0.000 0.000 0.000 0.000 0.000 0.000 0.000 0.000 0.000 0.000 0.000 0.000 0.000 0.001 0.001 0.001 0.001 0.001 0.001 0.001 0.000 0.000 0.000 0.000 0.000 0.000 0.000 0.000 0.000 0.000 0.000 0.000 0.000
0.640 0.637 0.626 0.601 0.558 0.491 0.401 0.304 0.233 0.185 0.158 0.144 0.141 0.142 0.156 0.202 0.253 0.269 0.265 0.228 0.143 0.074 0.041 0.025 0.015 0.009 0.006 0.004 0.002 0.001 0.001 0.001 0.001 0.000 0.000 0.000 0.000 0.000 0.001 0.000 0.000 0.001 0.001 0.001 0.001 0.000 0.000 0.000 0.000 0.000 0.000 0.000 0.000 0.000 0.000 0.000 0.000 0.001 0.001 0.001 0.001 0.001 0.001 0.001 0.000 0.000 0.000 0.000 0.000 0.000 0.000 0.000 0.000 0.000 0.000 0.000 0.000
0.841 0.840 0.833 0.813 0.773 0.705 0.604 0.476 0.363 0.284 0.233 0.204 0.193 0.193 0.207 0.251 0.283 0.287 0.263 0.192 0.107 0.060 0.037 0.024 0.015 0.009 0.005 0.003 0.002 0.001 0.001 0.001 0.001 0.001 0.000 0.000 0.000 0.000 0.001 0.000 0.001 0.001 0.001 0.001 0.001 0.001 0.000 0.000 0.000 0.000 0.000 0.000 0.000 0.000 0.000 0.000 0.000 0.001 0.001 0.001 0.001 0.001 0.001 0.001 0.000 0.000 0.000 0.000 0.000 0.000 0.000 0.000 0.000 0.000 0.000 0.000 0.000
1.086 1.089 1.085 1.070 1.033 0.966 0.862 0.716 0.556 0.434 0.350 0.297 0.271 0.266 0.277 0.307 0.318 0.299 0.237 0.145 0.084 0.054 0.036 0.024 0.015 0.009 0.005 0.003 0.002 0.001 0.001 0.001 0.001 0.001 0.000 0.000 0.000 0.000 0.001 0.000 0.001 0.001 0.001 0.001 0.001 0.001 0.001 0.000 0.000 0.000 0.000 0.000 0.000 0.000 0.000 0.000 0.000 0.000 0.000 0.000 0.000 0.000 0.000 0.000 0.000 0.000 0.000 0.000 0.000 0.000 0.000 0.000 0.000 0.000 0.000 0.000 0.000
1.383 1.389 1.388 1.377 1.344 1.281 1.177 1.023 0.827 0.651 0.522 0.437 0.390 0.373 0.371 0.369 0.343 0.281 0.189 0.115 0.076 0.053 0.036 0.024 0.015 0.009 0.005 0.003 0.001 0.001 0.001 0.000 0.001 0.001 0.000 0.000 0.000 0.000 0.001 0.000 0.000 0.001 0.001 0.001 0.001 0.001 0.001 0.001 0.000 0.000 0.000 0.000 0.000 0.000 0.000 0.000 0.000 0.000 0.000 0.000 0.000 0.000 0.000 0.000 0.000 0.000 0.000 0.000 0.000 0.000 0.000 0.000 0.000 0.000 0.000 0.000 0.000
1.734 1.746 1.748 1.740 1.713 1.653 1.552 1.398 1.184 0.951 0.770 0.645 0.568 0.520 0.476 0.421 0.347 0.251 0.162 0.107 0.075 0.053 0.037 0.025 0.015 0.008 0.004 0.002 0.001 0.001 0.001 0.000 0.000 0.001 0.000 0.000 0.000 0.000 0.001 0.000 0.001 0.001 0.001 0.001 0.001 0.001 0.001 0.001 0.001 0.000 0.000 0.000 0.000 0.000 0.000 0.000 0.000 0.000 0.000 0.000 0.000 0.000 0.000 0.000 0.000 0.000 0.000 0.000 0.000 0.000 0.000 0.000 0.000 0.000 0.000 0.000 0.000
2.145 2.166 2.170 2.165 2.142 2.088 1.991 1.842 1.627 1.357 1.118 0.936 0.799 0.684 0.571 0.457 0.344 0.236 0.158 0.108 0.077 0.056 0.039 0.026 0.015 0.008 0.004 0.002 0.001 0.001 0.001 0.000 0.000 0.000 0.000 0.000 0.000 0.000 0.000 0.000 0.001 0.001 0.001 0.001 0.001 0.001 0.001 0.001 0.001 0.001 0.001 0.000 0.000 0.000 0.000 0.000 0.000 0.000 0.001 0.001 0.001 0.000 0.000 0.000 0.000 0.000 0.000 0.000 0.000 0.000 0.000 0.000 0.000 0.000 0.000 0.000 0.000
2.612 2.646 2.654 2.651 2.632 2.586 2.499 2.362 2.160 1.879 1.566 1.287 1.051 0.843 0.656 0.490 0.348 0.239 0.164 0.117 0.085 0.062 0.043 0.027 0.015 0.008 0.004 0.002 0.001 0.001 0.001 0.000 0.001 0.001 0.000 0.000 0.000 0.000 0.001 0.000 0.001 0.001 0.001 0.001 0.000 0.001 0.001 0.001 0.001 0.001 0.001 0.000 0.000 0.000 0.000 0.000 0.000 0.000 0.000 0.000 0.001 0.000 0.000 0.000 0.000 0.000 0.000 0.000 0.000 0.000 0.000 0.000 0.000 0.000 0.000 0.000 0.000
3.050 3.102 3.123 3.125 3.113 3.079 3.015 2.902 2.713 2.433 2.067 1.669 1.310 1.003 0.746 0.537 0.376 0.263 0.188 0.138 0.101 0.072 0.049 0.029 0.016 0.008 0.004 0.002 0.001 0.001 0.000 0.000 0.000 0.000 0.000 0.000 0.000 0.000 0.001 0.001 0.001 0.001 0.001 0.001 0.000 0.000 0.001 0.001 0.001 0.001 0.001 0.000 0.000 0.000 0.000 0.000 0.000 0.000 0.000 0.001 0.001 0.000 0.000 0.000 0.000 0.000 0.000 0.000 0.000 0.000 0.000 0.000 0.000 0.000 0.000 0.000 0.000
3.416 3.484 3.520 3.531 3.526 3.503 3.457 3.359 3.177 2.902 2.529 2.062 1.581 1.180 0.859 0.616 0.441 0.322 0.238 0.176 0.127 0.087 0.055 0.031 0.015 0.007 0.003 0.002 0.001 0.001 0.001 0.000 0.000 0.000 0.000 0.000 0.000 0.000 0.001 0.001 0.001 0.001 0.001 0.001 0.000 0.000 0.000 0.001 0.001 0.001 0.001 0.000 0.000 0.000 0.000 0.000 0.001 0.000 0.001 0.001 0.000 0.000 0.000 0.000 0.000 0.000 0.000 0.000 0.000 0.000 0.000 0.000 0.000 0.000 0.000 0.000 0.000
3.720 3.795 3.842 3.864 3.868 3.859 3.821 3.725 3.553 3.294 2.932 2.451 1.885 1.394 1.020 0.749 0.562 0.428 0.324 0.238 0.166 0.106 0.061 0.031 0.015 0.007 0.003 0.002 0.001 0.001 0.001 0.001 0.001 0.000 0.000 0.000 0.000 0.000 0.001 0.001 0.001 0.001 0.001 0.001 0.001 0.000 0.000 0.000 0.000 0.001 0.000 0.000 0.000 0.000 0.000 0.001 0.001 0.000 0.001 0.001 0.000 0.000 0.000 0.000 0.000 0.000 0.000 0.000 0.000 0.000 0.000 0.000 0.000 0.000 0.000 0.000 0.000
3.965 4.041 4.091 4.124 4.140 4.137 4.100 4.008 3.850 3.610 3.271 2.812 2.228 1.673 1.260 0.967 0.760 0.598 0.457 0.328 0.214 0.124 0.063 0.030 0.014 0.006 0.003 0.001 0.001 0.001 0.000 0.001 0.001 0.000 0.000 0.000 0.000 0.000 0.001 0.001 0.001 0.001 0.001 0.001 0.001 0.001 0.000 0.000 0.000 0.001 0.000 0.000 0.000 0.000 0.000 0.001 0.001 0.001 0.001 0.001 0.000 0.000 0.000 0.000 0.000 0.000 0.000 0.000 0.000 0.000 0.000 0.000 0.000 0.000 0.000 0.000 0.000
4.152 4.232 4.285 4.319 4.338 4.338 4.301 4.218 4.076 3.856 3.546 3.128 2.588 2.037 1.613 1.297 1.048 0.827 0.615 0.417 0.251 0.131 0.061 0.027 0.012 0.005 0.002 0.001 0.001 0.000 0.000 0.000 0.001 0.000 0.000 0.000 0.000 0.000 0.000 0.001 0.001 0.001 0.000 0.000 0.001 0.001 0.001 0.000 0.000 0.000 0.000 0.000 0.000 0.000 0.001 0.001 0.001 0.001 0.001 0.001 0.000 0.000 0.000 0.000 0.000 0.000 0.000 0.000 0.000 0.000 0.000 0.000 0.000 0.000 0.000 0.000 0.000
4.293 4.378 4.433 4.463 4.474 4.469 4.439 4.366 4.238 4.038 3.759 3.387 2.917 2.414 1.989 1.632 1.311 1.007 0.720 0.464 0.264 0.130 0.057 0.024 0.010 0.004 0.002 0.001 0.001 0.000 0.000 0.000 0.001 0.000 0.000 0.000 0.000 0.000 0.000 0.001 0.001 0.001 0.000 0.000 0.000 0.001 0.001 0.001 0.000 0.000 0.000 0.000 0.000 0.000 0.000 0.000 0.000 0.000 0.000 0.000 0.000 0.000 0.000 0.000 0.000 0.000 0.000 0.000 0.000 0.000 0.000 0.000 0.000 0.000 0.000 0.000 0.000
4.395 4.484 4.539 4.564 4.567 4.556 4.530 4.464 4.345 4.164 3.914 3.582 3.170 2.706 2.263 1.858 1.473 1.102 0.759 0.473 0.259 0.121 0.049 0.019 0.008 0.003 0.002 0.001 0.001 0.000 0.000 0.000 0.000 0.000 0.000 0.000 0.000 0.000 0.000 0.001 0.001 0.001 0.000 0.000 0.000 0.000 0.001 0.001 0.001 0.000 0.000 0.000 0.000 0.000 0.000 0.000 0.000 0.000 0.000 0.000 0.000 0.000 0.000 0.000 0.000 0.000 0.000 0.000 0.000 0.000 0.000 0.000 0.000 0.000 0.000 0.000 0.000
4.463 4.556 4.607 4.622 4.621 4.614 4.588 4.525 4.413 4.246 4.015 3.712 3.336 2.902 2.446 1.995 1.552 1.128 0.754 0.451 0.232 0.101 0.039 0.015 0.006 0.003 0.001 0.001 0.001 0.001 0.000 0.000 0.000 0.000 0.000 0.000 0.000 0.000 0.001 0.001 0.001 0.001 0.001 0.000 0.000 0.000 0.000 0.001 0.001 0.001 0.000 0.000 0.000 0.000 0.000 0.000 0.001 0.001 0.001 0.000 0.000 0.000 0.000 0.000 0.000 0.000 0.000 0.000 0.000 0.000 0.000 0.000 0.000 0.000 0.000 0.000 0.000
4.503 4.594 4.641 4.652 4.654 4.649 4.623 4.563 4.456 4.296 4.074 3.785 3.427 3.011 2.554 2.073 1.577 1.110 0.706 0.390 0.180 0.071 0.027 0.011 0.004 0.002 0.001 0.001 0.001 0.001 0.001 0.000 0.000 0.000 0.000 0.000 0.000 0.000 0.001 0.001 0.001 0.001 0.001 0.001 0.000 0.000 0.000 0.000 0.001 0.000 0.000 0.000 0.000 0.000 0.000 0.000 0.000 0.000 0.000 0.000 0.000 0.000 0.000 0.000 0.000 0.000 0.000 0.000 0.000 0.000 0.000 0.000 0.000 0.000 0.000 0.000 0.000
4.525 4.611 4.656 4.670 4.673 4.668 4.641 4.583 4.479 4.323 4.104 3.819 3.471 3.066 2.610 2.109 1.570 1.053 0.621 0.308 0.129 0.050 0.020 0.008 0.004 0.002 0.001 0.001 0.001 0.001 0.001 0.001 0.000 0.000 0.000 0.000 0.000 0.000 0.001 0.001 0.001 0.001 0.001 0.001 0.001 0.000 0.000 0.000 0.000 0.000 0.000 0.000 0.000 0.000 0.000 0.000 0.000 0.000 0.000 0.000 0.000 0.000 0.000 0.000 0.000 0.000 0.000 0.000 0.000 0.000 0.000 0.000 0.000 0.000 0.000 0.000 0.000
4.532 4.614 4.660 4.681 4.685 4.676 4.649 4.591 4.490 4.333 4.115 3.834 3.494 3.093 2.633 2.118 1.537 0.971 0.531 0.245 0.099 0.039 0.016 0.007 0.003 0.001 0.001 0.001 0.001 0.001 0.001 0.001 0.000 0.000 0.000 0.000 0.000 0.000 0.000 0.000 0.000 0.000 0.000 0.000 0.001 0.001 0.000 0.000 0.000 0.000 0.000 0.000 0.000 0.000 0.000 0.000 0.000 0.000 0.000 0.000 0.000 0.000 0.000 0.000 0.000 0.000 0.000 0.000 0.000 0.000 0.000 0.000 0.000 0.000 0.000 0.000 0.000
4.525 4.607 4.658 4.683 4.688 4.681 4.653 4.594 4.491 4.334 4.117 3.839 3.501 3.101 2.639 2.105 1.473 0.880 0.453 0.199 0.079 0.031 0.012 0.005 0.002 0.001 0.001 0.001 0.001 0.001 0.001 0.001 0.000 0.000 0.000 0.000 0.000 0.000 0.000 0.001 0.001 0.001 0.000 0.000 0.000 0.000 0.001 0.001 0.000 0.000 0.000 0.000 0.000 0.000 0.000 0.001 0.001 0.000 0.000 0.000 0.000 0.000 0.000 0.000 0.000 0.000 0.000 0.000 0.000 0.000 0.000 0.000 0.000 0.000 0.000 0.000 0.000
4.495 4.586 4.648 4.681 4.688 4.682 4.655 4.594 4.489 4.331 4.116 3.840 3.502 3.102 2.634 2.062 1.371 0.777 0.378 0.158 0.062 0.024 0.009 0.004 0.001 0.001 0.001 0.000 0.001 0.001 0.001 0.000 0.000 0.000 0.000 0.000 0.000 0.000 0.000 0.001 0.001 0.001 0.001 0.001 0.000 0.000 0.000 0.001 0.001 0.001 0.000 0.000 0.000 0.000 0.001 0.001 0.001 0.001 0.000 0.000 0.000 0.000 0.000 0.000 0.000 0.000 0.000 0.000 0.000 0.000 0.000 0.000 0.000 0.000 0.000 0.000 0.000
4.425 4.532 4.614 4.665 4.684 4.682 4.655 4.591 4.483 4.321 4.104 3.830 3.495 3.093 2.598 1.956 1.223 0.655 0.298 0.118 0.044 0.016 0.006 0.002 0.001 0.001 0.000 0.000 0.000 0.001 0.001 0.000 0.000 0.000 0.000 0.000 0.000 0.000 0.000 0.001 0.001 0.001 0.001 0.001 0.001 0.000 0.000 0.000 0.000 0.000 0.000 0.000 0.000 0.000 0.000 0.000 0.001 0.000 0.000 0.000 0.000 0.000 0.000 0.000 0.000 0.000 0.000 0.000 0.000 0.000 0.000 0.000 0.000 0.000 0.000 0.000 0.000
4.299 4.421 4.536 4.628 4.674 4.679 4.656 4.587 4.469 4.299 4.074 3.792 3.448 3.016 2.456 1.727 1.007 0.498 0.206 0.075 0.026 0.009 0.003 0.001 0.001 0.001 0.000 0.000 0.000 0.000 0.001 0.001 0.000 0.000 0.000 0.000 0.000 0.000 0.000 0.001 0.001 0.001 0.001 0.001 0.001 0.001 0.000 0.000 0.000 0.000 0.000 0.000 0.000 0.000 0.000 0.001 0.000 0.000 0.000 0.000 0.000 0.000 0.000 0.000 0.000 0.000 0.000 0.000 0.000 0.000 0.000 0.000 0.000 0.000 0.000 0.000 0.000
4.112 4.239 4.378 4.523 4.616 4.648 4.636 4.571 4.445 4.256 4.006 3.685 3.276 2.752 2.084 1.320 0.692 0.301 0.112 0.039 0.013 0.005 0.002 0.001 0.001 0.001 0.001 0.000 0.000 0.000 0.000 0.001 0.000 0.000 0.000 0.000 0.000 0.000 0.000 0.000 0.000 0.000 0.000 0.000 0.000 0.001 0.000 0.000 0.000 0.000 0.000 0.000 0.000 0.000 0.000 0.001 0.000 0.000 0.000 0.000 0.000 0.000 0.000 0.000 0.000 0.000 0.000 0.000 0.000 0.000 0.000 0.000 0.000 0.000 0.000 0.000 0.000
