RESULTS/r.avaflow_results/12_results/12_ascii/12_hflow0050.asc
ncols 506
nrows 317
xllcenter 498237.50
yllcenter 5580050.00
cellsize 12.50
NODATA_value -9999.000
[rows 170 to 203 of 317, columns 77 to 153 of 506]
0.000 0.000 0.000 0.000 0.000 0.001 0.001 0.003 0.005 0.008 0.011 0.016 0.025 0.038 0.057 0.080 0.106 0.132 0.158 0.186 0.216 0.258 0.322 0.422 0.545 0.630 0.659 0.659 0.648 0.628 0.597 0.554 0.497 0.436 0.391 0.365 0.356 0.360 0.387 0.455 0.583 0.802 1.172 1.761 2.562 3.413 4.175 4.922 5.716 6.629 7.683 8.839 9.952 10.852 11.425 11.712 11.887 12.057 12.271 12.531 12.863 13.218 13.529 13.774 13.952 13.969 13.838 13.661 13.412 13.083 12.713 12.367 12.070 11.828 11.623 11.415 11.179
0.000 0.000 0.000 0.000 0.001 0.002 0.005 0.008 0.013 0.019 0.027 0.040 0.060 0.090 0.127 0.169 0.214 0.259 0.304 0.352 0.404 0.473 0.571 0.696 0.803 0.852 0.859 0.850 0.830 0.798 0.752 0.689 0.608 0.539 0.496 0.480 0.481 0.508 0.590 0.764 1.063 1.523 2.195 3.115 4.204 5.200 6.084 6.967 7.869 8.780 9.688 10.560 11.298 11.811 12.077 12.191 12.271 12.363 12.516 12.727 13.007 13.295 13.556 13.783 13.953 13.948 13.784 13.574 13.331 13.082 12.869 12.732 12.695 12.761 12.900 13.076 13.277
0.000 0.000 0.000 0.001 0.002 0.005 0.009 0.016 0.025 0.037 0.054 0.080 0.119 0.171 0.233 0.298 0.365 0.434 0.506 0.580 0.662 0.768 0.896 1.004 1.060 1.074 1.069 1.053 1.025 0.982 0.920 0.833 0.733 0.661 0.626 0.620 0.639 0.716 0.911 1.287 1.878 2.688 3.723 4.980 6.232 7.257 8.136 8.983 9.801 10.571 11.255 11.807 12.178 12.370 12.419 12.405 12.404 12.445 12.556 12.741 12.991 13.253 13.502 13.723 13.873 13.837 13.641 13.440 13.280 13.188 13.193 13.308 13.522 13.816 14.205 14.738 15.478
0.000 0.000 0.000 0.001 0.003 0.008 0.014 0.024 0.038 0.057 0.084 0.123 0.177 0.247 0.330 0.426 0.532 0.644 0.749 0.856 0.971 1.094 1.204 1.271 1.296 1.297 1.290 1.270 1.235 1.181 1.102 0.990 0.874 0.803 0.778 0.782 0.833 1.002 1.395 2.095 3.109 4.385 5.781 7.167 8.324 9.224 9.998 10.720 11.373 11.943 12.388 12.659 12.767 12.742 12.617 12.490 12.430 12.443 12.526 12.683 12.892 13.127 13.353 13.550 13.667 13.613 13.436 13.313 13.285 13.362 13.528 13.771 14.091 14.503 15.057 15.853 16.986
0.000 0.000 0.000 0.001 0.004 0.009 0.017 0.029 0.046 0.070 0.103 0.150 0.213 0.296 0.399 0.524 0.674 0.846 1.006 1.145 1.274 1.388 1.472 1.518 1.531 1.531 1.523 1.502 1.461 1.396 1.299 1.164 1.032 0.954 0.929 0.936 1.013 1.276 1.901 2.985 4.518 6.285 7.846 9.126 10.141 10.937 11.591 12.140 12.589 12.931 13.146 13.222 13.158 12.968 12.702 12.507 12.418 12.401 12.447 12.559 12.720 12.912 13.099 13.256 13.344 13.319 13.218 13.195 13.271 13.434 13.668 13.966 14.339 14.828 15.506 16.464 17.775
0.000 0.000 0.000 0.001 0.004 0.010 0.018 0.031 0.050 0.076 0.113 0.164 0.234 0.326 0.445 0.595 0.780 1.006 1.233 1.414 1.556 1.665 1.735 1.770 1.780 1.780 1.772 1.749 1.704 1.628 1.516 1.359 1.201 1.100 1.060 1.065 1.148 1.452 2.209 3.559 5.514 7.723 9.464 10.754 11.704 12.402 12.896 13.241 13.488 13.634 13.671 13.598 13.388 13.066 12.725 12.487 12.358 12.306 12.311 12.373 12.481 12.614 12.746 12.860 12.937 12.970 12.967 13.043 13.203 13.411 13.665 13.979 14.372 14.896 15.635 16.651 17.975
0.000 0.000 0.000 0.001 0.005 0.010 0.018 0.031 0.050 0.078 0.116 0.169 0.243 0.343 0.474 0.641 0.851 1.114 1.414 1.655 1.825 1.939 2.007 2.039 2.048 2.048 2.040 2.016 1.966 1.882 1.754 1.575 1.378 1.241 1.178 1.173 1.247 1.547 2.330 3.806 6.045 8.692 10.719 12.114 13.035 13.609 13.920 14.075 14.158 14.153 14.046 13.822 13.495 13.090 12.716 12.439 12.252 12.154 12.117 12.130 12.178 12.245 12.318 12.390 12.464 12.541 12.612 12.758 12.968 13.202 13.470 13.791 14.190 14.733 15.503 16.537 17.843
0.000 0.000 0.000 0.001 0.005 0.010 0.018 0.031 0.050 0.077 0.115 0.170 0.246 0.351 0.488 0.664 0.888 1.172 1.526 1.858 2.084 2.219 2.296 2.332 2.343 2.343 2.334 2.307 2.252 2.157 2.013 1.811 1.568 1.383 1.286 1.267 1.321 1.586 2.340 3.841 6.216 9.258 11.657 13.216 14.121 14.551 14.694 14.724 14.677 14.528 14.283 13.940 13.523 13.074 12.677 12.357 12.116 11.959 11.873 11.833 11.825 11.827 11.837 11.861 11.908 11.983 12.075 12.238 12.456 12.682 12.938 13.247 13.633 14.173 14.958 16.009 17.309
0.000 0.000 0.000 0.001 0.004 0.009 0.017 0.029 0.047 0.073 0.111 0.166 0.244 0.351 0.492 0.671 0.901 1.194 1.570 1.999 2.329 2.518 2.613 2.658 2.672 2.672 2.661 2.629 2.564 2.455 2.292 2.064 1.774 1.532 1.389 1.345 1.375 1.596 2.286 3.765 6.193 9.480 12.277 14.039 14.930 15.231 15.265 15.205 15.038 14.752 14.400 13.975 13.506 13.034 12.612 12.252 11.966 11.751 11.602 11.494 11.415 11.347 11.289 11.251 11.240 11.263 11.317 11.449 11.631 11.818 12.039 12.318 12.686 13.222 14.008 15.066 16.378
0.000 0.000 0.000 0.001 0.004 0.008 0.015 0.025 0.041 0.064 0.098 0.152 0.231 0.342 0.487 0.670 0.901 1.196 1.575 2.056 2.524 2.827 2.971 3.024 3.040 3.041 3.027 2.987 2.908 2.780 2.593 2.337 2.004 1.696 1.498 1.415 1.419 1.577 2.155 3.543 6.003 9.453 12.567 14.552 15.468 15.688 15.660 15.501 15.228 14.850 14.428 13.963 13.465 12.973 12.522 12.127 11.796 11.526 11.309 11.130 10.970 10.821 10.682 10.557 10.460 10.392 10.360 10.410 10.518 10.649 10.827 11.079 11.453 12.015 12.813 13.861 15.163
0.000 0.000 0.000 0.001 0.003 0.006 0.011 0.018 0.029 0.047 0.075 0.122 0.197 0.307 0.456 0.645 0.882 1.181 1.561 2.047 2.616 3.082 3.337 3.428 3.447 3.446 3.429 3.380 3.284 3.133 2.918 2.632 2.260 1.886 1.623 1.488 1.463 1.548 1.975 3.187 5.602 9.219 12.595 14.749 15.747 15.929 15.854 15.622 15.284 14.869 14.411 13.916 13.401 12.889 12.413 11.985 11.613 11.300 11.025 10.779 10.543 10.315 10.097 9.886 9.694 9.526 9.405 9.362 9.392 9.475 9.617 9.844 10.202 10.743 11.509 12.509 13.747
0.000 0.000 0.000 0.000 0.001 0.003 0.006 0.010 0.016 0.026 0.044 0.076 0.134 0.230 0.371 0.560 0.799 1.098 1.476 1.963 2.577 3.201 3.622 3.797 3.830 3.829 3.809 3.754 3.651 3.490 3.258 2.947 2.547 2.113 1.779 1.580 1.515 1.553 1.838 2.797 5.016 8.685 12.373 14.717 15.816 16.012 15.905 15.632 15.269 14.834 14.354 13.834 13.301 12.778 12.288 11.837 11.429 11.068 10.742 10.439 10.139 9.843 9.547 9.253 8.970 8.728 8.555 8.458 8.432 8.471 8.577 8.768 9.074 9.532 10.176 11.044 12.147
0.000 0.000 0.000 0.000 0.001 0.002 0.003 0.005 0.008 0.013 0.021 0.037 0.067 0.126 0.229 0.386 0.602 0.877 1.233 1.711 2.362 3.143 3.759 4.080 4.156 4.156 4.134 4.077 3.974 3.815 3.587 3.274 2.868 2.393 1.990 1.721 1.602 1.600 1.784 2.506 4.390 7.865 11.832 14.432 15.696 15.968 15.868 15.575 15.190 14.730 14.231 13.700 13.163 12.643 12.151 11.686 11.248 10.840 10.462 10.106 9.752 9.392 9.025 8.653 8.300 8.011 7.800 7.666 7.599 7.593 7.652 7.790 8.025 8.372 8.860 9.531 10.418
0.000 0.000 0.000 0.000 0.000 0.001 0.001 0.002 0.003 0.005 0.009 0.016 0.029 0.055 0.105 0.192 0.326 0.521 0.806 1.239 1.907 2.858 3.727 4.234 4.410 4.422 4.400 4.345 4.250 4.105 3.896 3.606 3.220 2.737 2.278 1.946 1.764 1.722 1.831 2.361 3.885 6.953 11.022 13.853 15.293 15.693 15.646 15.380 14.989 14.517 14.002 13.478 12.967 12.472 11.996 11.526 11.066 10.622 10.201 9.798 9.394 8.982 8.560 8.131 7.735 7.410 7.159 6.981 6.868 6.811 6.812 6.881 7.028 7.263 7.611 8.111 8.795
0.000 0.000 0.000 0.000 0.000 0.000 0.000 0.001 0.001 0.002 0.004 0.006 0.012 0.022 0.043 0.081 0.146 0.249 0.418 0.720 1.300 2.315 3.509 4.257 4.563 4.616 4.601 4.558 4.479 4.357 4.181 3.935 3.598 3.151 2.665 2.286 2.048 1.960 2.000 2.378 3.580 6.147 9.995 12.972 14.543 15.080 15.123 14.953 14.606 14.149 13.635 13.127 12.669 12.235 11.794 11.343 10.881 10.423 9.970 9.524 9.074 8.617 8.147 7.680 7.258 6.901 6.611 6.386 6.221 6.107 6.040 6.027 6.081 6.216 6.449 6.804 7.291
0.000 0.000 0.000 0.000 0.000 0.000 0.000 0.000 0.000 0.001 0.002 0.003 0.006 0.011 0.021 0.038 0.069 0.122 0.215 0.403 0.815 1.689 3.034 4.091 4.600 4.740 4.745 4.717 4.659 4.568 4.434 4.242 3.977 3.615 3.161 2.766 2.497 2.368 2.360 2.585 3.488 5.549 8.853 11.797 13.453 14.122 14.258 14.192 13.960 13.582 13.114 12.624 12.209 11.843 11.473 11.091 10.675 10.227 9.754 9.275 8.785 8.284 7.775 7.281 6.839 6.455 6.130 5.857 5.635 5.461 5.326 5.234 5.202 5.249 5.383 5.601 5.879
0.000 0.000 0.000 0.000 0.000 0.000 0.000 0.000 0.000 0.000 0.001 0.002 0.004 0.008 0.015 0.027 0.047 0.081 0.140 0.258 0.528 1.160 2.354 3.682 4.469 4.780 4.836 4.828 4.796 4.738 4.646 4.507 4.310 4.044 3.704 3.378 3.134 2.991 2.952 3.059 3.672 5.209 7.795 10.416 12.052 12.829 13.061 13.080 12.996 12.761 12.404 11.955 11.555 11.255 10.983 10.704 10.388 10.001 9.538 9.036 8.514 7.980 7.439 6.922 6.459 6.050 5.695 5.378 5.100 4.862 4.663 4.504 4.399 4.363 4.404 4.477 4.528
0.000 0.000 0.000 0.000 0.000 0.000 0.000 0.000 0.000 0.000 0.000 0.001 0.004 0.008 0.015 0.026 0.045 0.076 0.126 0.215 0.396 0.815 1.682 3.004 4.116 4.690 4.873 4.900 4.894 4.870 4.816 4.724 4.585 4.394 4.154 3.946 3.804 3.726 3.707 3.754 4.096 5.129 7.013 9.165 10.602 11.344 11.634 11.727 11.745 11.673 11.481 11.135 10.748 10.494 10.320 10.145 9.946 9.672 9.270 8.778 8.244 7.690 7.133 6.593 6.101 5.666 5.285 4.931 4.604 4.307 4.047 3.830 3.659 3.541 3.460 3.363 3.202
0.000 0.000 0.000 0.000 0.000 0.000 0.000 0.000 0.000 0.000 0.000 0.001 0.004 0.009 0.018 0.031 0.052 0.084 0.134 0.217 0.360 0.638 1.211 2.237 3.510 4.411 4.815 4.934 4.964 4.966 4.945 4.892 4.800 4.663 4.495 4.369 4.299 4.273 4.282 4.350 4.593 5.256 6.520 8.198 9.427 10.090 10.373 10.486 10.515 10.499 10.411 10.195 9.876 9.632 9.520 9.436 9.327 9.161 8.870 8.447 7.943 7.396 6.839 6.282 5.758 5.294 4.885 4.501 4.134 3.784 3.469 3.195 2.954 2.726 2.489 2.217 1.904
0.000 0.000 0.000 0.000 0.000 0.000 0.000 0.000 0.000 0.000 0.001 0.002 0.006 0.014 0.028 0.048 0.078 0.117 0.170 0.249 0.375 0.584 0.959 1.654 2.776 3.916 4.598 4.891 4.997 5.034 5.038 5.016 4.960 4.861 4.738 4.658 4.624 4.620 4.639 4.718 4.911 5.355 6.212 7.470 8.495 9.077 9.344 9.457 9.493 9.492 9.445 9.314 9.095 8.848 8.691 8.616 8.555 8.455 8.263 7.943 7.515 7.013 6.479 5.927 5.394 4.914 4.480 4.070 3.667 3.270 2.894 2.544 2.204 1.853 1.501 1.180 0.908
0.000 0.000 0.000 0.000 0.000 0.000 0.000 0.000 0.000 0.000 0.001 0.004 0.011 0.025 0.050 0.086 0.133 0.187 0.248 0.326 0.435 0.604 0.877 1.353 2.171 3.282 4.182 4.699 4.952 5.063 5.101 5.100 5.068 4.994 4.895 4.834 4.813 4.813 4.833 4.905 5.062 5.377 5.970 6.878 7.720 8.233 8.482 8.590 8.629 8.632 8.606 8.523 8.367 8.150 7.947 7.801 7.692 7.590 7.441 7.198 6.850 6.408 5.902 5.366 4.859 4.387 3.938 3.504 3.069 2.627 2.186 1.757 1.353 1.009 0.737 0.529 0.379
0.000 0.000 0.000 0.000 0.000 0.000 0.000 0.000 0.000 0.001 0.002 0.008 0.020 0.046 0.091 0.155 0.228 0.301 0.374 0.455 0.553 0.688 0.901 1.255 1.848 2.724 3.643 4.329 4.772 5.015 5.122 5.146 5.129 5.069 4.980 4.922 4.903 4.902 4.918 4.975 5.103 5.333 5.723 6.331 7.008 7.472 7.718 7.829 7.867 7.872 7.855 7.790 7.659 7.470 7.244 7.029 6.831 6.650 6.468 6.240 5.932 5.534 5.052 4.525 4.026 3.552 3.088 2.629 2.166 1.704 1.275 0.915 0.641 0.442 0.303 0.210 0.149
0.000 0.000 0.000 0.000 0.000 0.000 0.000 0.000 0.000 0.001 0.004 0.012 0.033 0.078 0.156 0.263 0.369 0.460 0.547 0.637 0.735 0.852 1.015 1.288 1.745 2.404 3.191 3.898 4.466 4.857 5.071 5.149 5.148 5.096 5.009 4.952 4.933 4.931 4.941 4.986 5.086 5.238 5.456 5.805 6.307 6.736 6.995 7.125 7.176 7.179 7.159 7.094 6.967 6.781 6.538 6.270 5.993 5.715 5.438 5.150 4.817 4.411 3.923 3.379 2.856 2.368 1.907 1.477 1.099 0.784 0.538 0.361 0.240 0.162 0.113 0.081 0.060
0.000 0.000 0.000 0.000 0.000 0.000 0.000 0.000 0.000 0.001 0.005 0.014 0.040 0.101 0.213 0.381 0.544 0.661 0.765 0.870 0.978 1.094 1.233 1.438 1.787 2.305 2.945 3.587 4.153 4.617 4.933 5.092 5.128 5.092 5.012 4.954 4.935 4.931 4.937 4.965 5.020 5.082 5.155 5.292 5.594 5.979 6.271 6.441 6.513 6.520 6.493 6.420 6.285 6.085 5.821 5.509 5.161 4.792 4.408 4.011 3.576 3.095 2.590 2.095 1.646 1.252 0.914 0.638 0.426 0.276 0.178 0.117 0.081 0.058 0.043 0.033 0.027
0.000 0.000 0.000 0.000 0.000 0.000 0.000 0.000 0.000 0.001 0.005 0.015 0.042 0.107 0.237 0.446 0.700 0.890 1.026 1.154 1.279 1.406 1.542 1.710 1.962 2.356 2.884 3.449 3.949 4.386 4.734 4.960 5.044 5.038 4.987 4.936 4.914 4.906 4.900 4.899 4.895 4.863 4.799 4.773 4.874 5.140 5.465 5.702 5.823 5.851 5.829 5.749 5.593 5.350 5.021 4.634 4.206 3.746 3.259 2.764 2.295 1.865 1.468 1.112 0.803 0.549 0.357 0.223 0.137 0.085 0.056 0.039 0.029 0.023 0.019 0.016 0.014
0.000 0.000 0.000 0.000 0.000 0.000 0.000 0.000 0.001 0.002 0.005 0.015 0.040 0.104 0.237 0.464 0.792 1.115 1.331 1.491 1.638 1.780 1.922 2.076 2.269 2.547 2.946 3.429 3.863 4.232 4.537 4.766 4.891 4.916 4.903 4.871 4.848 4.833 4.809 4.775 4.712 4.598 4.413 4.248 4.195 4.273 4.489 4.752 4.928 4.995 4.994 4.911 4.705 4.360 3.885 3.358 2.838 2.345 1.900 1.528 1.214 0.936 0.692 0.486 0.322 0.201 0.121 0.071 0.042 0.027 0.019 0.015 0.012 0.011 0.010 0.010 0.009
0.000 0.000 0.000 0.000 0.001 0.001 0.001 0.002 0.002 0.003 0.005 0.013 0.035 0.093 0.222 0.456 0.821 1.283 1.652 1.887 2.060 2.216 2.363 2.510 2.668 2.863 3.130 3.485 3.846 4.144 4.383 4.565 4.684 4.736 4.747 4.738 4.721 4.698 4.658 4.593 4.483 4.311 4.062 3.782 3.595 3.508 3.500 3.583 3.676 3.719 3.704 3.594 3.320 2.865 2.300 1.804 1.417 1.103 0.854 0.661 0.503 0.369 0.259 0.173 0.110 0.066 0.037 0.022 0.013 0.009 0.008 0.007 0.007 0.007 0.007 0.007 0.007
0.000 0.000 0.001 0.001 0.002 0.003 0.003 0.003 0.003 0.004 0.005 0.010 0.026 0.072 0.189 0.425 0.811 1.366 1.923 2.296 2.536 2.715 2.865 3.001 3.131 3.263 3.418 3.630 3.883 4.093 4.254 4.378 4.463 4.514 4.534 4.534 4.526 4.499 4.445 4.358 4.219 4.013 3.735 3.391 3.093 2.873 2.704 2.571 2.447 2.327 2.198 2.031 1.772 1.411 1.043 0.761 0.553 0.403 0.296 0.220 0.163 0.118 0.082 0.054 0.034 0.020 0.011 0.007 0.005 0.004 0.004 0.004 0.004 0.004 0.005 0.005 0.005
0.001 0.002 0.002 0.003 0.004 0.004 0.005 0.004 0.004 0.004 0.005 0.008 0.018 0.051 0.146 0.371 0.777 1.380 2.093 2.625 2.970 3.202 3.365 3.488 3.587 3.672 3.754 3.847 3.960 4.059 4.135 4.193 4.236 4.264 4.275 4.274 4.266 4.236 4.175 4.075 3.921 3.703 3.412 3.046 2.674 2.362 2.087 1.831 1.591 1.371 1.174 0.986 0.782 0.566 0.389 0.266 0.183 0.127 0.090 0.066 0.048 0.035 0.024 0.016 0.010 0.006 0.003 0.002 0.002 0.002 0.002 0.002 0.003 0.003 0.003 0.004 0.004
0.004 0.004 0.005 0.005 0.006 0.006 0.006 0.005 0.005 0.005 0.005 0.007 0.014 0.038 0.114 0.315 0.720 1.348 2.154 2.834 3.304 3.612 3.799 3.909 3.976 4.019 4.044 4.053 4.050 4.038 4.025 4.013 4.001 3.986 3.976 3.967 3.954 3.923 3.862 3.757 3.598 3.378 3.088 2.723 2.313 1.942 1.611 1.309 1.039 0.808 0.615 0.453 0.316 0.210 0.137 0.089 0.058 0.039 0.027 0.019 0.014 0.010 0.007 0.004 0.003 0.002 0.001 0.001 0.001 0.001 0.001 0.002 0.002 0.002 0.003 0.003 0.003
0.007 0.007 0.008 0.008 0.008 0.008 0.007 0.006 0.006 0.006 0.006 0.007 0.012 0.031 0.092 0.265 0.646 1.276 2.119 2.913 3.510 3.919 4.151 4.257 4.292 4.296 4.267 4.201 4.106 4.008 3.920 3.834 3.751 3.681 3.637 3.612 3.595 3.565 3.507 3.407 3.254 3.041 2.760 2.406 1.987 1.587 1.239 0.938 0.687 0.485 0.328 0.213 0.132 0.080 0.048 0.029 0.018 0.012 0.008 0.005 0.004 0.003 0.002 0.001 0.001 0.001 0.001 0.001 0.001 0.001 0.001 0.001 0.001 0.001 0.002 0.002 0.002
0.012 0.012 0.011 0.011 0.010 0.009 0.008 0.008 0.007 0.007 0.007 0.008 0.013 0.027 0.074 0.215 0.553 1.149 1.991 2.878 3.578 4.087 4.391 4.510 4.525 4.496 4.414 4.285 4.129 3.970 3.816 3.660 3.498 3.352 3.246 3.183 3.148 3.116 3.065 2.979 2.848 2.663 2.409 2.077 1.669 1.265 0.930 0.660 0.448 0.289 0.176 0.102 0.057 0.031 0.017 0.010 0.006 0.003 0.002 0.002 0.001 0.001 0.001 0.001 0.000 0.000 0.000 0.000 0.000 0.001 0.001 0.001 0.001 0.001 0.001 0.001 0.002
0.018 0.017 0.016 0.014 0.012 0.010 0.009 0.009 0.009 0.009 0.009 0.011 0.015 0.024 0.055 0.155 0.419 0.930 1.706 2.654 3.492 4.099 4.471 4.630 4.649 4.598 4.481 4.315 4.123 3.921 3.711 3.487 3.247 3.002 2.795 2.647 2.557 2.495 2.434 2.359 2.261 2.131 1.945 1.678 1.323 0.950 0.657 0.438 0.277 0.165 0.093 0.049 0.025 0.013 0.006 0.003 0.002 0.001 0.001 0.001 0.000 0.000 0.000 0.000 0.000 0.000 0.000 0.000 0.001 0.001 0.001 0.000 0.000 0.000 0.001 0.001 0.001
0.024 0.022 0.019 0.016 0.014 0.012 0.011 0.011 0.011 0.011 0.013 0.015 0.018 0.023 0.037 0.086 0.233 0.577 1.187 2.063 3.033 3.810 4.315 4.566 4.627 4.588 4.470 4.294 4.082 3.844 3.581 3.290 2.969 2.614 2.276 2.001 1.809 1.683 1.591 1.515 1.448 1.380 1.290 1.139 0.906 0.633 0.418 0.263 0.156 0.087 0.046 0.023 0.011 0.005 0.002 0.001 0.001 0.000 0.000 0.000 0.000 0.000 0.000 0.000 0.000 0.000 0.000 0.001 0.001 0.001 0.001 0.000 0.000 0.000 0.000 0.000 0.001
