RESULTS/r.avaflow_results/12_results/12_ascii/12_hflow30039.asc
ncols 506
nrows 317
xllcenter 498237.50
yllcenter 5580050.00
cellsize 12.50
NODATA_value -9999.000
[rows 170 to 203 of 317, columns 154 to 230 of 506]
9.198 9.123 9.014 8.878 8.709 8.520 8.345 8.188 8.044 7.906 7.771 7.634 7.478 7.260 6.909 6.388 5.713 4.941 4.142 3.377 2.672 2.049 1.535 1.144 0.873 0.705 0.616 0.583 0.584 0.609 0.659 0.710 0.741 0.759 0.773 0.789 0.818 0.851 0.866 0.866 0.853 0.828 0.801 0.773 0.739 0.693 0.627 0.544 0.458 0.375 0.299 0.238 0.194 0.163 0.143 0.132 0.128 0.129 0.132 0.136 0.140 0.143 0.145 0.147 0.149 0.152 0.161 0.184 0.239 0.354 0.529 0.651 0.691 0.684 0.617 0.472 0.309
11.661 11.933 12.080 12.129 12.111 12.043 11.923 11.761 11.576 11.379 11.178 10.979 10.772 10.514 10.118 9.507 8.673 7.661 6.544 5.413 4.344 3.373 2.541 1.885 1.414 1.103 0.916 0.823 0.793 0.799 0.828 0.854 0.863 0.859 0.850 0.847 0.854 0.867 0.870 0.861 0.836 0.797 0.754 0.711 0.661 0.591 0.491 0.374 0.271 0.198 0.153 0.124 0.106 0.095 0.089 0.088 0.090 0.094 0.100 0.103 0.104 0.105 0.105 0.105 0.105 0.107 0.114 0.131 0.171 0.252 0.399 0.557 0.640 0.662 0.648 0.581 0.445
14.459 15.161 15.563 15.718 15.728 15.670 15.539 15.352 15.135 14.902 14.659 14.418 14.175 13.899 13.506 12.888 11.989 10.831 9.493 8.074 6.663 5.311 4.089 3.067 2.283 1.724 1.347 1.116 0.991 0.933 0.908 0.897 0.886 0.872 0.851 0.838 0.833 0.829 0.818 0.791 0.738 0.670 0.603 0.536 0.461 0.369 0.268 0.185 0.132 0.100 0.081 0.069 0.063 0.060 0.059 0.061 0.065 0.072 0.077 0.079 0.080 0.079 0.078 0.078 0.077 0.079 0.084 0.096 0.124 0.179 0.283 0.444 0.579 0.640 0.652 0.633 0.562
16.477 17.549 18.200 18.511 18.613 18.617 18.546 18.421 18.254 18.048 17.806 17.546 17.284 16.994 16.610 16.017 15.146 14.008 12.667 11.181 9.589 7.944 6.309 4.840 3.628 2.684 1.989 1.511 1.208 1.029 0.934 0.888 0.860 0.832 0.798 0.767 0.740 0.713 0.678 0.617 0.524 0.426 0.346 0.283 0.227 0.170 0.122 0.089 0.067 0.054 0.047 0.043 0.041 0.041 0.042 0.044 0.050 0.056 0.060 0.062 0.062 0.062 0.061 0.060 0.060 0.061 0.065 0.074 0.093 0.129 0.197 0.324 0.494 0.607 0.645 0.646 0.616
17.527 18.848 19.754 20.308 20.637 20.832 20.932 20.950 20.893 20.762 20.549 20.276 19.982 19.672 19.292 18.730 17.906 16.814 15.501 14.032 12.437 10.708 8.827 6.888 5.161 3.746 2.661 1.891 1.388 1.085 0.921 0.833 0.771 0.717 0.661 0.605 0.552 0.498 0.438 0.360 0.276 0.210 0.165 0.132 0.104 0.080 0.061 0.047 0.039 0.034 0.031 0.030 0.030 0.030 0.031 0.034 0.038 0.044 0.048 0.049 0.050 0.049 0.049 0.049 0.050 0.051 0.054 0.061 0.073 0.096 0.140 0.225 0.382 0.545 0.621 0.639 0.629
17.771 19.205 20.311 21.135 21.753 22.217 22.544 22.731 22.785 22.738 22.567 22.269 21.935 21.613 21.249 20.741 20.006 19.012 17.760 16.277 14.600 12.737 10.658 8.347 6.197 4.424 3.063 2.103 1.480 1.100 0.873 0.724 0.613 0.518 0.431 0.362 0.311 0.270 0.228 0.181 0.136 0.104 0.082 0.066 0.053 0.043 0.035 0.029 0.026 0.024 0.023 0.023 0.023 0.024 0.025 0.027 0.030 0.035 0.038 0.040 0.041 0.041 0.041 0.042 0.043 0.045 0.048 0.053 0.061 0.076 0.105 0.162 0.272 0.442 0.567 0.613 0.618
17.618 19.101 20.311 21.290 22.112 22.790 23.286 23.592 23.726 23.732 23.595 23.270 22.908 22.604 22.272 21.819 21.175 20.295 19.131 17.659 15.902 13.895 11.630 9.078 6.665 4.695 3.201 2.162 1.493 1.066 0.780 0.575 0.421 0.308 0.232 0.186 0.158 0.137 0.116 0.092 0.071 0.056 0.045 0.037 0.031 0.026 0.023 0.021 0.019 0.019 0.018 0.018 0.019 0.019 0.020 0.022 0.024 0.027 0.030 0.032 0.034 0.035 0.036 0.038 0.039 0.041 0.044 0.048 0.054 0.065 0.085 0.123 0.195 0.325 0.473 0.558 0.587
17.061 18.643 20.005 21.145 22.090 22.843 23.378 23.708 23.869 23.894 23.772 23.435 23.064 22.782 22.475 22.048 21.447 20.634 19.546 18.111 16.323 14.227 11.857 9.202 6.707 4.681 3.158 2.105 1.415 0.954 0.633 0.407 0.260 0.172 0.122 0.096 0.082 0.071 0.061 0.050 0.041 0.034 0.029 0.024 0.021 0.018 0.017 0.016 0.015 0.015 0.015 0.015 0.015 0.015 0.016 0.017 0.019 0.021 0.024 0.026 0.028 0.030 0.032 0.034 0.036 0.038 0.041 0.044 0.049 0.057 0.072 0.098 0.146 0.230 0.356 0.469 0.533
16.121 17.824 19.342 20.653 21.728 22.532 23.061 23.365 23.505 23.523 23.405 23.088 22.711 22.406 22.078 21.638 21.053 20.288 19.260 17.869 16.091 13.964 11.523 8.812 6.338 4.341 2.854 1.835 1.169 0.724 0.426 0.244 0.146 0.093 0.066 0.053 0.045 0.040 0.035 0.030 0.026 0.023 0.020 0.018 0.016 0.014 0.013 0.012 0.012 0.012 0.012 0.012 0.012 0.012 0.013 0.014 0.015 0.017 0.019 0.021 0.024 0.026 0.029 0.031 0.033 0.035 0.038 0.041 0.046 0.053 0.064 0.082 0.115 0.169 0.254 0.361 0.451
14.891 16.684 18.297 19.702 20.844 21.681 22.210 22.472 22.546 22.518 22.388 22.144 21.796 21.391 20.930 20.404 19.796 19.056 18.082 16.734 14.951 12.769 10.254 7.623 5.326 3.505 2.172 1.279 0.729 0.405 0.223 0.127 0.078 0.052 0.039 0.032 0.028 0.025 0.023 0.020 0.018 0.017 0.015 0.013 0.012 0.011 0.010 0.010 0.009 0.009 0.009 0.009 0.009 0.009 0.010 0.010 0.011 0.013 0.015 0.017 0.019 0.022 0.025 0.028 0.030 0.033 0.036 0.039 0.043 0.049 0.058 0.072 0.095 0.133 0.189 0.268 0.356
13.401 15.193 16.822 18.253 19.438 20.329 20.892 21.127 21.134 21.035 20.913 20.784 20.499 19.963 19.283 18.608 17.920 17.134 16.102 14.664 12.756 10.426 7.894 5.541 3.617 2.180 1.204 0.627 0.328 0.178 0.103 0.064 0.043 0.031 0.025 0.022 0.020 0.018 0.017 0.015 0.014 0.013 0.012 0.011 0.009 0.008 0.008 0.007 0.007 0.007 0.007 0.007 0.007 0.007 0.007 0.008 0.009 0.010 0.011 0.013 0.016 0.018 0.021 0.024 0.027 0.030 0.033 0.037 0.040 0.045 0.053 0.065 0.084 0.111 0.152 0.207 0.276
11.645 13.331 14.939 16.408 17.692 18.710 19.374 19.648 19.658 19.563 19.456 19.346 19.045 18.404 17.556 16.720 15.884 14.907 13.592 11.804 9.491 6.962 4.699 2.997 1.805 1.006 0.513 0.251 0.131 0.076 0.049 0.035 0.026 0.021 0.018 0.016 0.015 0.014 0.013 0.012 0.011 0.010 0.009 0.008 0.007 0.007 0.006 0.005 0.005 0.004 0.004 0.004 0.004 0.005 0.005 0.005 0.006 0.007 0.009 0.010 0.012 0.015 0.017 0.020 0.024 0.027 0.031 0.034 0.038 0.043 0.050 0.062 0.078 0.100 0.131 0.172 0.222
9.718 11.226 12.789 14.327 15.746 16.925 17.735 18.121 18.182 18.117 17.982 17.761 17.317 16.581 15.659 14.687 13.636 12.307 10.484 8.089 5.604 3.567 2.148 1.245 0.696 0.370 0.187 0.096 0.056 0.038 0.028 0.022 0.018 0.016 0.014 0.013 0.012 0.011 0.011 0.010 0.009 0.008 0.008 0.007 0.006 0.005 0.004 0.003 0.003 0.003 0.003 0.003 0.003 0.003 0.003 0.003 0.004 0.005 0.006 0.008 0.010 0.012 0.014 0.017 0.020 0.024 0.028 0.032 0.036 0.041 0.049 0.060 0.075 0.095 0.121 0.152 0.189
7.919 9.169 10.546 12.039 13.505 14.765 15.678 16.172 16.300 16.236 15.973 15.497 14.811 13.950 12.966 11.858 10.528 8.725 6.417 4.187 2.526 1.399 0.740 0.398 0.221 0.124 0.069 0.042 0.029 0.022 0.018 0.016 0.014 0.012 0.011 0.011 0.010 0.009 0.009 0.008 0.008 0.007 0.006 0.005 0.004 0.004 0.003 0.002 0.002 0.001 0.001 0.001 0.001 0.001 0.002 0.002 0.003 0.003 0.005 0.006 0.007 0.009 0.012 0.014 0.017 0.021 0.025 0.029 0.034 0.040 0.049 0.060 0.075 0.094 0.116 0.142 0.171
6.213 7.161 8.229 9.426 10.650 11.729 12.561 13.054 13.209 13.131 12.743 12.020 11.038 9.933 8.793 7.560 6.108 4.420 2.795 1.583 0.818 0.406 0.211 0.122 0.075 0.048 0.032 0.023 0.019 0.016 0.014 0.012 0.011 0.010 0.009 0.009 0.008 0.008 0.007 0.007 0.006 0.006 0.005 0.004 0.003 0.003 0.002 0.001 0.001 0.001 0.000 0.000 0.000 0.000 0.001 0.001 0.001 0.002 0.003 0.004 0.006 0.007 0.010 0.012 0.015 0.019 0.023 0.027 0.033 0.039 0.048 0.060 0.075 0.093 0.114 0.138 0.164
4.539 5.090 5.682 6.308 6.941 7.537 8.042 8.367 8.482 8.415 8.033 7.270 6.231 5.186 4.272 3.406 2.497 1.565 0.852 0.420 0.207 0.112 0.068 0.046 0.033 0.025 0.019 0.016 0.014 0.012 0.011 0.010 0.009 0.008 0.008 0.007 0.007 0.006 0.006 0.005 0.005 0.004 0.004 0.003 0.002 0.002 0.001 0.001 0.000 0.000 0.000 0.000 0.000 0.000 0.000 0.000 0.001 0.001 0.002 0.003 0.004 0.006 0.008 0.010 0.013 0.016 0.021 0.025 0.031 0.038 0.048 0.060 0.075 0.093 0.113 0.137 0.163
2.965 3.150 3.340 3.516 3.667 3.809 3.936 4.015 4.036 3.985 3.766 3.316 2.654 2.001 1.504 1.094 0.714 0.402 0.206 0.108 0.063 0.042 0.031 0.024 0.019 0.016 0.014 0.012 0.010 0.009 0.008 0.008 0.007 0.007 0.006 0.006 0.005 0.005 0.004 0.004 0.004 0.003 0.003 0.002 0.002 0.001 0.001 0.000 0.000 0.000 0.000 0.000 0.000 0.000 0.000 0.000 0.000 0.000 0.001 0.002 0.003 0.004 0.006 0.008 0.011 0.014 0.018 0.024 0.030 0.037 0.047 0.059 0.074 0.091 0.112 0.136 0.164
1.679 1.664 1.662 1.649 1.613 1.566 1.530 1.499 1.469 1.423 1.316 1.117 0.829 0.573 0.405 0.281 0.179 0.105 0.061 0.040 0.029 0.023 0.019 0.016 0.014 0.012 0.010 0.009 0.008 0.007 0.007 0.006 0.005 0.005 0.005 0.004 0.004 0.004 0.003 0.003 0.003 0.003 0.002 0.002 0.002 0.001 0.001 0.000 0.000 0.000 0.000 0.000 0.000 0.000 0.000 0.000 0.000 0.000 0.000 0.001 0.002 0.003 0.004 0.006 0.009 0.012 0.016 0.021 0.028 0.035 0.045 0.056 0.071 0.089 0.110 0.137 0.168
0.808 0.742 0.697 0.658 0.613 0.559 0.511 0.474 0.444 0.416 0.377 0.315 0.228 0.157 0.113 0.081 0.056 0.039 0.028 0.022 0.018 0.015 0.013 0.012 0.010 0.009 0.008 0.007 0.006 0.005 0.005 0.004 0.004 0.004 0.003 0.003 0.003 0.003 0.003 0.002 0.002 0.002 0.002 0.002 0.001 0.001 0.001 0.000 0.000 0.000 0.000 0.000 0.000 0.000 0.000 0.000 0.000 0.000 0.000 0.000 0.001 0.002 0.003 0.005 0.007 0.010 0.014 0.019 0.025 0.032 0.041 0.052 0.066 0.084 0.107 0.136 0.172
0.331 0.293 0.268 0.248 0.225 0.197 0.171 0.152 0.138 0.125 0.112 0.096 0.073 0.054 0.042 0.033 0.026 0.021 0.018 0.015 0.013 0.011 0.010 0.009 0.008 0.007 0.006 0.005 0.004 0.004 0.003 0.003 0.003 0.003 0.002 0.002 0.002 0.002 0.002 0.002 0.002 0.002 0.002 0.002 0.001 0.001 0.001 0.000 0.000 0.000 0.000 0.000 0.000 0.000 0.000 0.000 0.000 0.000 0.000 0.000 0.000 0.001 0.002 0.003 0.005 0.008 0.011 0.016 0.021 0.028 0.035 0.045 0.058 0.075 0.099 0.131 0.170
0.127 0.112 0.103 0.095 0.085 0.074 0.063 0.056 0.051 0.046 0.043 0.038 0.032 0.027 0.023 0.019 0.017 0.015 0.013 0.011 0.010 0.008 0.007 0.006 0.006 0.005 0.004 0.003 0.003 0.003 0.002 0.002 0.002 0.002 0.002 0.002 0.002 0.002 0.002 0.002 0.002 0.002 0.002 0.002 0.001 0.001 0.001 0.000 0.000 0.000 0.000 0.000 0.000 0.000 0.000 0.000 0.000 0.000 0.000 0.000 0.000 0.000 0.001 0.002 0.004 0.006 0.008 0.012 0.016 0.022 0.028 0.036 0.046 0.061 0.082 0.113 0.153
0.051 0.046 0.043 0.040 0.037 0.033 0.029 0.027 0.025 0.024 0.022 0.021 0.020 0.018 0.016 0.014 0.012 0.011 0.009 0.008 0.007 0.006 0.005 0.004 0.004 0.003 0.003 0.002 0.002 0.002 0.002 0.002 0.002 0.002 0.002 0.002 0.002 0.002 0.002 0.002 0.002 0.002 0.002 0.002 0.002 0.001 0.001 0.000 0.000 0.000 0.000 0.000 0.000 0.000 0.000 0.000 0.000 0.000 0.000 0.000 0.000 0.000 0.000 0.001 0.002 0.004 0.006 0.009 0.012 0.016 0.020 0.026 0.033 0.043 0.058 0.082 0.117
0.023 0.022 0.021 0.021 0.020 0.019 0.017 0.016 0.016 0.015 0.015 0.014 0.014 0.013 0.012 0.010 0.009 0.008 0.007 0.006 0.005 0.004 0.004 0.003 0.003 0.002 0.002 0.002 0.002 0.002 0.002 0.002 0.002 0.002 0.002 0.002 0.002 0.003 0.003 0.003 0.003 0.003 0.003 0.002 0.002 0.001 0.001 0.000 0.000 0.000 0.000 0.000 0.000 0.000 0.000 0.000 0.000 0.000 0.000 0.000 0.000 0.000 0.000 0.001 0.001 0.002 0.004 0.006 0.008 0.011 0.015 0.019 0.023 0.029 0.038 0.052 0.073
0.013 0.013 0.013 0.013 0.013 0.012 0.012 0.012 0.011 0.011 0.011 0.011 0.010 0.010 0.009 0.008 0.007 0.006 0.005 0.004 0.003 0.003 0.002 0.002 0.002 0.002 0.002 0.002 0.002 0.002 0.002 0.002 0.003 0.003 0.003 0.004 0.004 0.004 0.004 0.004 0.003 0.003 0.003 0.002 0.001 0.001 0.000 0.000 0.000 0.000 0.000 0.000 0.000 0.000 0.000 0.000 0.000 0.000 0.000 0.000 0.000 0.000 0.000 0.000 0.001 0.001 0.003 0.004 0.006 0.008 0.011 0.013 0.017 0.021 0.026 0.034 0.045
0.009 0.009 0.009 0.009 0.009 0.009 0.009 0.009 0.009 0.009 0.008 0.008 0.008 0.007 0.007 0.006 0.005 0.004 0.003 0.003 0.002 0.002 0.002 0.002 0.002 0.002 0.002 0.003 0.003 0.004 0.004 0.004 0.005 0.005 0.005 0.005 0.005 0.005 0.004 0.004 0.003 0.003 0.002 0.002 0.001 0.001 0.000 0.000 0.000 0.000 0.000 0.000 0.000 0.000 0.000 0.000 0.000 0.000 0.000 0.000 0.000 0.000 0.000 0.000 0.000 0.001 0.001 0.003 0.004 0.005 0.007 0.010 0.012 0.015 0.018 0.023 0.029
0.007 0.007 0.007 0.007 0.007 0.007 0.007 0.007 0.007 0.007 0.007 0.006 0.006 0.006 0.005 0.004 0.004 0.003 0.002 0.002 0.002 0.002 0.002 0.002 0.003 0.003 0.004 0.005 0.006 0.006 0.007 0.007 0.007 0.007 0.006 0.006 0.006 0.005 0.005 0.004 0.003 0.003 0.002 0.001 0.001 0.001 0.000 0.000 0.000 0.000 0.000 0.000 0.000 0.000 0.000 0.000 0.000 0.000 0.000 0.000 0.000 0.000 0.000 0.000 0.000 0.000 0.001 0.001 0.002 0.004 0.005 0.007 0.009 0.011 0.014 0.017 0.021
0.005 0.005 0.005 0.005 0.005 0.005 0.005 0.005 0.005 0.005 0.005 0.005 0.004 0.004 0.004 0.003 0.002 0.002 0.002 0.002 0.002 0.002 0.003 0.004 0.005 0.006 0.008 0.008 0.009 0.009 0.009 0.008 0.008 0.007 0.007 0.006 0.006 0.005 0.004 0.004 0.003 0.002 0.002 0.001 0.001 0.000 0.000 0.000 0.000 0.000 0.000 0.000 0.000 0.000 0.000 0.000 0.000 0.000 0.000 0.000 0.000 0.000 0.000 0.000 0.000 0.000 0.000 0.001 0.001 0.002 0.003 0.005 0.006 0.008 0.010 0.012 0.015
0.004 0.004 0.004 0.004 0.004 0.004 0.004 0.004 0.004 0.004 0.004 0.004 0.003 0.003 0.002 0.002 0.002 0.002 0.002 0.002 0.003 0.003 0.005 0.006 0.008 0.009 0.010 0.010 0.010 0.010 0.009 0.009 0.008 0.007 0.007 0.006 0.006 0.005 0.004 0.003 0.002 0.002 0.001 0.001 0.001 0.000 0.000 0.000 0.000 0.000 0.000 0.000 0.000 0.000 0.000 0.000 0.000 0.000 0.000 0.000 0.000 0.000 0.000 0.000 0.000 0.000 0.000 0.000 0.000 0.001 0.002 0.003 0.004 0.006 0.007 0.009 0.011
0.003 0.003 0.003 0.003 0.003 0.003 0.003 0.003 0.003 0.003 0.003 0.003 0.002 0.002 0.002 0.002 0.002 0.002 0.002 0.003 0.004 0.006 0.007 0.009 0.010 0.011 0.011 0.011 0.011 0.010 0.009 0.009 0.008 0.007 0.006 0.006 0.005 0.004 0.003 0.002 0.002 0.001 0.001 0.001 0.000 0.000 0.000 0.000 0.000 0.000 0.000 0.000 0.000 0.000 0.000 0.000 0.000 0.000 0.000 0.000 0.000 0.000 0.000 0.000 0.000 0.000 0.000 0.000 0.000 0.000 0.001 0.002 0.003 0.004 0.005 0.006 0.008
0.002 0.003 0.003 0.003 0.003 0.003 0.002 0.002 0.002 0.002 0.002 0.002 0.002 0.002 0.001 0.001 0.002 0.002 0.003 0.005 0.006 0.008 0.009 0.010 0.011 0.011 0.011 0.011 0.011 0.010 0.009 0.008 0.007 0.007 0.006 0.005 0.004 0.003 0.002 0.002 0.001 0.001 0.001 0.000 0.000 0.000 0.000 0.000 0.000 0.000 0.000 0.000 0.000 0.000 0.000 0.000 0.000 0.000 0.000 0.000 0.000 0.000 0.000 0.000 0.000 0.000 0.000 0.000 0.000 0.000 0.000 0.001 0.001 0.002 0.003 0.004 0.006
0.002 0.002 0.002 0.002 0.002 0.002 0.002 0.002 0.002 0.002 0.002 0.002 0.001 0.001 0.001 0.002 0.002 0.003 0.004 0.006 0.007 0.008 0.009 0.010 0.011 0.011 0.011 0.011 0.010 0.010 0.009 0.007 0.006 0.005 0.004 0.003 0.003 0.002 0.001 0.001 0.001 0.001 0.000 0.000 0.000 0.000 0.000 0.000 0.000 0.000 0.000 0.000 0.000 0.000 0.000 0.000 0.000 0.000 0.000 0.000 0.000 0.000 0.000 0.000 0.000 0.000 0.000 0.000 0.000 0.000 0.000 0.000 0.001 0.001 0.002 0.003 0.004
0.001 0.001 0.002 0.002 0.001 0.001 0.001 0.001 0.001 0.001 0.001 0.001 0.001 0.001 0.001 0.002 0.002 0.003 0.005 0.006 0.007 0.008 0.009 0.010 0.010 0.010 0.010 0.010 0.010 0.009 0.008 0.006 0.005 0.003 0.003 0.002 0.001 0.001 0.001 0.001 0.001 0.000 0.000 0.000 0.000 0.000 0.000 0.000 0.000 0.000 0.000 0.000 0.000 0.000 0.000 0.000 0.000 0.000 0.000 0.000 0.000 0.000 0.000 0.000 0.000 0.000 0.000 0.000 0.000 0.000 0.000 0.000 0.000 0.000 0.001 0.001 0.002
0.001 0.001 0.001 0.001 0.001 0.001 0.001 0.001 0.001 0.001 0.001 0.001 0.001 0.001 0.001 0.002 0.002 0.003 0.005 0.006 0.007 0.008 0.009 0.009 0.009 0.009 0.009 0.008 0.007 0.006 0.005 0.004 0.003 0.002 0.001 0.001 0.001 0.001 0.001 0.000 0.000 0.000 0.000 0.000 0.000 0.000 0.000 0.000 0.000 0.000 0.000 0.000 0.000 0.000 0.000 0.000 0.000 0.000 0.000 0.000 0.000 0.000 0.000 0.000 0.000 0.000 0.000 0.000 0.000 0.000 0.000 0.000 0.000 0.000 0.000 0.001 0.001
0.001 0.001 0.001 0.001 0.001 0.001 0.001 0.001 0.001 0.001 0.001 0.001 0.001 0.001 0.001 0.002 0.002 0.003 0.004 0.006 0.006 0.007 0.007 0.007 0.007 0.006 0.005 0.005 0.004 0.003 0.003 0.002 0.001 0.001 0.001 0.001 0.001 0.000 0.000 0.000 0.000 0.000 0.000 0.000 0.000 0.000 0.000 0.000 0.000 0.000 0.000 0.000 0.000 0.000 0.000 0.000 0.000 0.000 0.000 0.000 0.000 0.000 0.000 0.000 0.000 0.000 0.000 0.000 0.000 0.000 0.000 0.000 0.000 0.000 0.000 0.000 0.000
