RESULTS/r.avaflow_results/12_results/12_ascii/12_hflow0034.asc
ncols 506
nrows 317
xllcenter 498237.50
yllcenter 5580050.00
cellsize 12.50
NODATA_value -9999.000
[rows 170 to 203 of 317, columns 154 to 230 of 506]
10.923 10.668 10.401 10.128 9.834 9.533 9.257 9.008 8.777 8.560 8.354 8.156 7.948 7.680 7.280 6.709 5.987 5.174 4.343 3.550 2.818 2.169 1.632 1.223 0.940 0.763 0.670 0.636 0.637 0.665 0.719 0.772 0.802 0.816 0.823 0.832 0.853 0.884 0.900 0.901 0.890 0.871 0.851 0.831 0.805 0.763 0.699 0.611 0.512 0.414 0.324 0.255 0.205 0.171 0.149 0.137 0.132 0.132 0.136 0.140 0.144 0.147 0.150 0.151 0.153 0.156 0.163 0.182 0.230 0.335 0.533 0.735 0.826 0.838 0.793 0.659 0.459
13.563 13.663 13.654 13.559 13.405 13.213 12.978 12.711 12.427 12.141 11.862 11.594 11.327 11.016 10.568 9.903 9.019 7.963 6.807 5.644 4.545 3.544 2.684 2.003 1.512 1.187 0.991 0.893 0.860 0.866 0.896 0.920 0.926 0.917 0.899 0.889 0.890 0.899 0.902 0.893 0.870 0.835 0.797 0.759 0.713 0.644 0.540 0.413 0.296 0.215 0.164 0.131 0.111 0.099 0.093 0.091 0.092 0.097 0.103 0.107 0.108 0.109 0.109 0.109 0.109 0.110 0.115 0.130 0.165 0.239 0.383 0.596 0.749 0.805 0.807 0.759 0.629
16.484 17.010 17.244 17.240 17.097 16.901 16.642 16.340 16.019 15.694 15.370 15.057 14.752 14.419 13.975 13.311 12.372 11.174 9.800 8.349 6.910 5.530 4.279 3.230 2.421 1.841 1.448 1.205 1.072 1.008 0.979 0.962 0.947 0.927 0.898 0.877 0.866 0.858 0.845 0.816 0.764 0.696 0.629 0.561 0.486 0.393 0.288 0.199 0.141 0.106 0.085 0.072 0.065 0.062 0.061 0.063 0.067 0.074 0.080 0.083 0.083 0.083 0.082 0.081 0.081 0.081 0.085 0.096 0.121 0.171 0.269 0.446 0.654 0.770 0.805 0.800 0.744
18.579 19.470 19.945 20.089 20.036 19.898 19.696 19.453 19.177 18.872 18.544 18.209 17.879 17.532 17.094 16.452 15.537 14.360 12.988 11.477 9.866 8.200 6.543 5.048 3.809 2.839 2.120 1.623 1.303 1.112 1.006 0.953 0.917 0.881 0.839 0.800 0.767 0.735 0.695 0.630 0.534 0.434 0.354 0.291 0.235 0.179 0.129 0.094 0.071 0.057 0.049 0.044 0.042 0.042 0.043 0.046 0.051 0.058 0.063 0.065 0.065 0.065 0.063 0.063 0.063 0.064 0.067 0.075 0.091 0.124 0.189 0.313 0.526 0.714 0.794 0.809 0.792
19.668 20.807 21.538 21.929 22.106 22.160 22.130 22.028 21.859 21.627 21.324 20.971 20.606 20.234 19.799 19.185 18.314 17.180 15.833 14.336 12.718 10.971 9.073 7.114 5.364 3.924 2.814 2.020 1.495 1.173 0.993 0.893 0.821 0.757 0.691 0.626 0.566 0.506 0.441 0.362 0.277 0.213 0.168 0.135 0.108 0.083 0.063 0.049 0.041 0.035 0.032 0.031 0.031 0.031 0.032 0.035 0.040 0.045 0.049 0.051 0.052 0.051 0.051 0.051 0.051 0.053 0.056 0.061 0.072 0.094 0.136 0.220 0.388 0.618 0.757 0.801 0.801
19.923 21.179 22.118 22.785 23.256 23.581 23.782 23.848 23.791 23.641 23.376 22.994 22.585 22.197 21.775 21.213 20.430 19.394 18.104 16.590 14.887 13.003 10.906 8.579 6.409 4.612 3.226 2.240 1.592 1.189 0.942 0.777 0.651 0.543 0.447 0.371 0.316 0.272 0.228 0.181 0.137 0.105 0.084 0.068 0.055 0.044 0.036 0.030 0.027 0.025 0.024 0.024 0.024 0.024 0.025 0.027 0.031 0.035 0.039 0.041 0.042 0.042 0.043 0.043 0.044 0.046 0.049 0.053 0.061 0.075 0.104 0.161 0.275 0.482 0.677 0.767 0.790
19.767 21.079 22.130 22.958 23.639 24.182 24.550 24.738 24.761 24.663 24.429 24.016 23.577 23.203 22.811 22.302 21.609 20.685 19.483 17.977 16.191 14.162 11.878 9.311 6.877 4.884 3.365 2.299 1.604 1.152 0.843 0.618 0.448 0.323 0.240 0.190 0.161 0.139 0.116 0.092 0.072 0.057 0.047 0.039 0.032 0.027 0.024 0.021 0.020 0.019 0.019 0.019 0.019 0.020 0.020 0.022 0.024 0.027 0.030 0.032 0.034 0.035 0.036 0.038 0.039 0.041 0.044 0.048 0.054 0.064 0.084 0.124 0.200 0.345 0.546 0.693 0.756
19.198 20.611 21.822 22.820 23.632 24.256 24.664 24.876 24.926 24.847 24.626 24.198 23.746 23.392 23.021 22.536 21.884 21.025 19.895 18.426 16.609 14.491 12.103 9.433 6.917 4.867 3.317 2.236 1.516 1.028 0.683 0.437 0.276 0.181 0.126 0.098 0.083 0.072 0.062 0.051 0.042 0.035 0.029 0.025 0.022 0.019 0.017 0.016 0.016 0.015 0.015 0.015 0.015 0.016 0.016 0.017 0.019 0.021 0.023 0.026 0.028 0.030 0.032 0.033 0.035 0.037 0.040 0.044 0.049 0.057 0.072 0.100 0.152 0.246 0.401 0.575 0.690
18.239 19.776 21.150 22.326 23.274 23.955 24.361 24.549 24.577 24.489 24.270 23.860 23.399 23.019 22.624 22.123 21.485 20.674 19.605 18.179 16.370 14.220 11.761 9.032 6.536 4.513 2.995 1.945 1.248 0.776 0.457 0.261 0.155 0.098 0.069 0.054 0.046 0.041 0.036 0.031 0.027 0.023 0.021 0.018 0.016 0.014 0.013 0.013 0.012 0.012 0.012 0.012 0.012 0.012 0.013 0.013 0.015 0.016 0.018 0.020 0.022 0.025 0.027 0.029 0.031 0.034 0.037 0.040 0.045 0.052 0.064 0.084 0.121 0.184 0.287 0.439 0.586
16.982 18.616 20.090 21.363 22.385 23.105 23.519 23.667 23.628 23.490 23.257 22.919 22.484 21.999 21.466 20.877 20.215 19.428 18.412 17.028 15.215 13.008 10.475 7.822 5.499 3.648 2.279 1.350 0.773 0.430 0.237 0.135 0.082 0.054 0.040 0.033 0.029 0.026 0.023 0.021 0.019 0.017 0.015 0.014 0.012 0.011 0.010 0.010 0.009 0.009 0.009 0.009 0.009 0.009 0.009 0.010 0.011 0.012 0.013 0.015 0.017 0.020 0.022 0.025 0.027 0.030 0.033 0.037 0.041 0.048 0.058 0.074 0.101 0.145 0.216 0.323 0.461
15.450 17.098 18.593 19.900 20.970 21.751 22.207 22.331 22.226 22.016 21.789 21.563 21.189 20.568 19.811 19.071 18.328 17.493 16.416 14.940 12.999 10.643 8.089 5.709 3.751 2.276 1.265 0.661 0.346 0.188 0.108 0.067 0.045 0.033 0.026 0.023 0.021 0.019 0.017 0.016 0.015 0.013 0.012 0.011 0.010 0.009 0.008 0.007 0.007 0.006 0.006 0.006 0.006 0.006 0.007 0.007 0.008 0.009 0.010 0.012 0.013 0.016 0.018 0.021 0.023 0.026 0.030 0.033 0.038 0.044 0.053 0.067 0.089 0.122 0.174 0.249 0.353
13.632 15.197 16.681 18.038 19.217 20.134 20.699 20.870 20.774 20.568 20.350 20.137 19.739 19.009 18.083 17.182 16.288 15.259 13.895 12.063 9.710 7.145 4.846 3.109 1.885 1.055 0.539 0.264 0.137 0.080 0.052 0.037 0.028 0.023 0.019 0.017 0.016 0.015 0.014 0.013 0.012 0.011 0.009 0.008 0.007 0.006 0.006 0.005 0.005 0.004 0.004 0.004 0.004 0.004 0.004 0.005 0.005 0.006 0.007 0.008 0.010 0.012 0.014 0.017 0.020 0.023 0.026 0.030 0.035 0.041 0.050 0.063 0.082 0.110 0.149 0.205 0.281
11.636 13.040 14.497 15.935 17.263 18.352 19.071 19.361 19.318 19.140 18.886 18.555 18.011 17.185 16.187 15.149 14.039 12.652 10.776 8.322 5.776 3.687 2.230 1.298 0.728 0.388 0.195 0.100 0.059 0.039 0.029 0.024 0.020 0.017 0.015 0.014 0.013 0.012 0.011 0.010 0.009 0.008 0.007 0.006 0.005 0.005 0.004 0.003 0.003 0.002 0.002 0.002 0.002 0.002 0.002 0.003 0.003 0.004 0.005 0.006 0.007 0.009 0.011 0.013 0.016 0.019 0.023 0.027 0.032 0.039 0.048 0.061 0.079 0.104 0.136 0.179 0.234
9.764 10.926 12.216 13.623 15.008 16.189 17.018 17.419 17.441 17.262 16.872 16.278 15.490 14.542 13.482 12.305 10.909 9.039 6.651 4.343 2.621 1.452 0.769 0.415 0.230 0.129 0.072 0.044 0.031 0.024 0.020 0.017 0.015 0.014 0.013 0.012 0.011 0.010 0.009 0.009 0.008 0.007 0.006 0.005 0.004 0.003 0.002 0.002 0.002 0.001 0.001 0.001 0.001 0.001 0.001 0.001 0.002 0.002 0.003 0.004 0.005 0.007 0.009 0.011 0.013 0.017 0.020 0.025 0.030 0.037 0.047 0.060 0.078 0.101 0.129 0.163 0.206
7.965 8.846 9.845 10.967 12.108 13.110 13.860 14.263 14.315 14.123 13.601 12.749 11.660 10.465 9.243 7.933 6.402 4.628 2.919 1.648 0.849 0.421 0.218 0.126 0.077 0.049 0.033 0.025 0.020 0.017 0.015 0.013 0.012 0.011 0.011 0.010 0.009 0.008 0.008 0.007 0.006 0.005 0.005 0.004 0.003 0.002 0.001 0.001 0.001 0.000 0.000 0.000 0.000 0.000 0.000 0.000 0.001 0.001 0.002 0.003 0.004 0.005 0.006 0.008 0.011 0.014 0.018 0.023 0.028 0.036 0.046 0.059 0.077 0.099 0.126 0.156 0.191
6.165 6.661 7.180 7.709 8.237 8.742 9.164 9.404 9.428 9.260 8.749 7.852 6.694 5.549 4.551 3.610 2.634 1.644 0.890 0.437 0.214 0.116 0.070 0.047 0.034 0.026 0.021 0.017 0.015 0.013 0.012 0.011 0.010 0.009 0.009 0.008 0.008 0.007 0.007 0.006 0.005 0.004 0.004 0.003 0.002 0.001 0.001 0.000 0.000 0.000 0.000 0.000 0.000 0.000 0.000 0.000 0.000 0.000 0.001 0.001 0.002 0.003 0.005 0.006 0.009 0.012 0.016 0.020 0.026 0.034 0.045 0.058 0.076 0.098 0.123 0.152 0.186
4.374 4.459 4.518 4.551 4.569 4.603 4.649 4.658 4.611 4.489 4.179 3.627 2.873 2.151 1.605 1.160 0.753 0.421 0.214 0.111 0.065 0.043 0.032 0.025 0.021 0.017 0.015 0.013 0.012 0.011 0.010 0.009 0.008 0.008 0.007 0.007 0.006 0.006 0.005 0.005 0.004 0.004 0.003 0.002 0.002 0.001 0.000 0.000 0.000 0.000 0.000 0.000 0.000 0.000 0.000 0.000 0.000 0.000 0.000 0.001 0.001 0.002 0.003 0.005 0.007 0.010 0.013 0.018 0.024 0.032 0.043 0.056 0.074 0.095 0.120 0.150 0.185
2.687 2.504 2.339 2.186 2.041 1.915 1.823 1.750 1.686 1.606 1.461 1.219 0.895 0.614 0.430 0.296 0.188 0.109 0.063 0.041 0.030 0.024 0.020 0.017 0.015 0.013 0.012 0.010 0.009 0.009 0.008 0.008 0.007 0.007 0.006 0.006 0.005 0.005 0.005 0.004 0.004 0.004 0.003 0.002 0.002 0.001 0.000 0.000 0.000 0.000 0.000 0.000 0.000 0.000 0.000 0.000 0.000 0.000 0.000 0.000 0.000 0.001 0.002 0.003 0.005 0.008 0.011 0.016 0.022 0.029 0.039 0.053 0.069 0.091 0.117 0.149 0.189
1.311 1.119 0.980 0.873 0.776 0.683 0.607 0.551 0.507 0.465 0.414 0.340 0.244 0.167 0.118 0.084 0.058 0.040 0.029 0.023 0.019 0.016 0.014 0.013 0.011 0.010 0.009 0.008 0.008 0.007 0.007 0.006 0.006 0.006 0.005 0.005 0.005 0.005 0.005 0.005 0.004 0.004 0.004 0.003 0.002 0.001 0.000 0.000 0.000 0.000 0.000 0.000 0.000 0.000 0.000 0.000 0.000 0.000 0.000 0.000 0.000 0.000 0.001 0.002 0.004 0.006 0.009 0.013 0.018 0.025 0.035 0.047 0.063 0.084 0.112 0.149 0.195
0.532 0.436 0.374 0.327 0.284 0.240 0.202 0.175 0.155 0.139 0.122 0.102 0.077 0.057 0.044 0.034 0.027 0.022 0.019 0.016 0.014 0.012 0.011 0.010 0.009 0.008 0.007 0.007 0.006 0.006 0.006 0.005 0.005 0.005 0.005 0.005 0.005 0.005 0.006 0.006 0.006 0.006 0.005 0.004 0.003 0.001 0.000 0.000 0.000 0.000 0.000 0.000 0.000 0.000 0.000 0.000 0.000 0.000 0.000 0.000 0.000 0.000 0.000 0.001 0.002 0.004 0.006 0.010 0.014 0.020 0.029 0.039 0.054 0.075 0.105 0.145 0.196
0.202 0.166 0.142 0.124 0.107 0.089 0.074 0.064 0.056 0.051 0.046 0.041 0.034 0.028 0.024 0.020 0.018 0.015 0.014 0.012 0.011 0.010 0.009 0.008 0.007 0.007 0.006 0.006 0.006 0.006 0.006 0.006 0.006 0.006 0.006 0.007 0.007 0.008 0.008 0.009 0.009 0.009 0.008 0.007 0.004 0.002 0.001 0.000 0.000 0.000 0.000 0.000 0.000 0.000 0.000 0.000 0.000 0.000 0.000 0.000 0.000 0.000 0.000 0.001 0.001 0.003 0.005 0.007 0.011 0.015 0.021 0.030 0.042 0.061 0.089 0.129 0.184
0.079 0.067 0.058 0.052 0.045 0.039 0.034 0.030 0.027 0.026 0.024 0.022 0.021 0.018 0.016 0.015 0.013 0.012 0.010 0.009 0.008 0.008 0.007 0.006 0.006 0.006 0.006 0.006 0.006 0.007 0.007 0.008 0.009 0.010 0.011 0.012 0.013 0.014 0.015 0.016 0.016 0.015 0.012 0.008 0.004 0.002 0.001 0.000 0.000 0.000 0.000 0.000 0.000 0.000 0.000 0.000 0.000 0.000 0.000 0.000 0.000 0.000 0.000 0.000 0.001 0.002 0.003 0.005 0.008 0.011 0.015 0.021 0.030 0.043 0.064 0.099 0.149
0.035 0.031 0.028 0.026 0.024 0.021 0.019 0.018 0.017 0.017 0.016 0.015 0.015 0.014 0.013 0.011 0.010 0.009 0.008 0.007 0.007 0.006 0.006 0.006 0.006 0.007 0.008 0.009 0.010 0.012 0.014 0.017 0.019 0.020 0.022 0.024 0.027 0.028 0.029 0.028 0.024 0.019 0.013 0.008 0.004 0.002 0.001 0.000 0.000 0.000 0.000 0.000 0.000 0.000 0.000 0.000 0.000 0.000 0.000 0.000 0.000 0.000 0.000 0.000 0.000 0.001 0.002 0.003 0.005 0.008 0.011 0.015 0.021 0.029 0.041 0.062 0.096
0.019 0.018 0.017 0.016 0.015 0.014 0.013 0.013 0.012 0.012 0.012 0.012 0.011 0.011 0.010 0.009 0.008 0.007 0.007 0.006 0.006 0.006 0.006 0.007 0.009 0.011 0.015 0.019 0.023 0.029 0.034 0.040 0.044 0.047 0.050 0.052 0.052 0.049 0.043 0.036 0.028 0.020 0.013 0.008 0.004 0.002 0.001 0.000 0.000 0.000 0.000 0.000 0.000 0.000 0.000 0.000 0.000 0.000 0.000 0.000 0.000 0.000 0.000 0.000 0.000 0.000 0.001 0.002 0.003 0.005 0.008 0.011 0.014 0.019 0.027 0.038 0.056
0.012 0.012 0.011 0.011 0.011 0.011 0.010 0.010 0.010 0.010 0.009 0.009 0.009 0.008 0.008 0.007 0.006 0.006 0.006 0.006 0.006 0.007 0.010 0.013 0.019 0.026 0.036 0.048 0.061 0.073 0.083 0.092 0.097 0.097 0.093 0.085 0.074 0.062 0.049 0.038 0.028 0.020 0.013 0.008 0.004 0.002 0.001 0.000 0.000 0.000 0.000 0.000 0.000 0.000 0.000 0.000 0.000 0.000 0.000 0.000 0.000 0.000 0.000 0.000 0.000 0.000 0.000 0.001 0.002 0.003 0.005 0.007 0.010 0.014 0.018 0.024 0.034
0.009 0.009 0.008 0.008 0.008 0.008 0.008 0.008 0.008 0.008 0.008 0.007 0.007 0.007 0.006 0.006 0.005 0.005 0.006 0.007 0.010 0.014 0.021 0.033 0.048 0.070 0.096 0.122 0.143 0.159 0.168 0.167 0.157 0.142 0.123 0.103 0.083 0.065 0.050 0.038 0.027 0.019 0.012 0.007 0.004 0.002 0.001 0.000 0.000 0.000 0.000 0.000 0.000 0.000 0.000 0.000 0.000 0.000 0.000 0.000 0.000 0.000 0.000 0.000 0.000 0.000 0.000 0.000 0.001 0.002 0.003 0.005 0.007 0.010 0.013 0.017 0.022
0.007 0.007 0.007 0.007 0.007 0.007 0.007 0.007 0.006 0.006 0.006 0.006 0.006 0.006 0.005 0.005 0.005 0.006 0.009 0.013 0.021 0.035 0.056 0.086 0.126 0.171 0.214 0.243 0.256 0.255 0.241 0.216 0.188 0.160 0.132 0.107 0.084 0.065 0.049 0.036 0.026 0.017 0.011 0.007 0.004 0.002 0.001 0.000 0.000 0.000 0.000 0.000 0.000 0.000 0.000 0.000 0.000 0.000 0.000 0.000 0.000 0.000 0.000 0.000 0.000 0.000 0.000 0.000 0.000 0.001 0.002 0.003 0.005 0.007 0.009 0.012 0.015
0.005 0.005 0.005 0.005 0.005 0.005 0.006 0.005 0.005 0.005 0.005 0.005 0.005 0.005 0.005 0.006 0.007 0.011 0.018 0.032 0.055 0.091 0.140 0.199 0.258 0.303 0.329 0.337 0.330 0.308 0.272 0.231 0.194 0.162 0.133 0.106 0.083 0.063 0.047 0.034 0.024 0.016 0.010 0.006 0.003 0.002 0.000 0.000 0.000 0.000 0.000 0.000 0.000 0.000 0.000 0.000 0.000 0.000 0.000 0.000 0.000 0.000 0.000 0.000 0.000 0.000 0.000 0.000 0.000 0.000 0.001 0.002 0.003 0.004 0.006 0.008 0.011
0.004 0.004 0.004 0.004 0.005 0.005 0.005 0.005 0.005 0.005 0.005 0.005 0.005 0.006 0.006 0.009 0.014 0.024 0.044 0.078 0.132 0.198 0.265 0.320 0.360 0.382 0.387 0.380 0.360 0.327 0.281 0.233 0.194 0.161 0.131 0.105 0.081 0.061 0.044 0.031 0.022 0.014 0.009 0.005 0.003 0.001 0.000 0.000 0.000 0.000 0.000 0.000 0.000 0.000 0.000 0.000 0.000 0.000 0.000 0.000 0.000 0.000 0.000 0.000 0.000 0.000 0.000 0.000 0.000 0.000 0.000 0.001 0.002 0.003 0.004 0.006 0.007
0.003 0.003 0.004 0.004 0.004 0.004 0.005 0.005 0.005 0.006 0.006 0.006 0.007 0.008 0.010 0.016 0.029 0.054 0.097 0.162 0.236 0.301 0.349 0.383 0.402 0.408 0.406 0.394 0.371 0.334 0.283 0.232 0.191 0.158 0.128 0.101 0.077 0.057 0.040 0.028 0.019 0.013 0.008 0.005 0.002 0.001 0.000 0.000 0.000 0.000 0.000 0.000 0.000 0.000 0.000 0.000 0.000 0.000 0.000 0.000 0.000 0.000 0.000 0.000 0.000 0.000 0.000 0.000 0.000 0.000 0.000 0.000 0.001 0.002 0.002 0.004 0.005
0.003 0.003 0.003 0.004 0.004 0.005 0.005 0.006 0.007 0.007 0.008 0.009 0.010 0.013 0.018 0.030 0.055 0.097 0.159 0.236 0.303 0.350 0.381 0.401 0.411 0.413 0.411 0.400 0.376 0.336 0.283 0.228 0.183 0.147 0.116 0.089 0.066 0.048 0.034 0.024 0.016 0.011 0.007 0.004 0.002 0.001 0.000 0.000 0.000 0.000 0.000 0.000 0.000 0.000 0.000 0.000 0.000 0.000 0.000 0.000 0.000 0.000 0.000 0.000 0.000 0.000 0.000 0.000 0.000 0.000 0.000 0.000 0.000 0.001 0.001 0.002 0.003
0.002 0.003 0.003 0.004 0.005 0.006 0.007 0.009 0.010 0.012 0.013 0.014 0.016 0.019 0.027 0.042 0.074 0.124 0.195 0.270 0.326 0.363 0.386 0.402 0.411 0.413 0.410 0.397 0.370 0.329 0.272 0.211 0.161 0.121 0.089 0.065 0.047 0.034 0.025 0.018 0.012 0.008 0.005 0.003 0.001 0.000 0.000 0.000 0.000 0.000 0.000 0.000 0.000 0.000 0.000 0.000 0.000 0.000 0.000 0.000 0.000 0.000 0.000 0.000 0.000 0.000 0.000 0.000 0.000 0.000 0.000 0.000 0.000 0.000 0.000 0.001 0.002
0.002 0.003 0.004 0.006 0.007 0.009 0.012 0.015 0.017 0.019 0.020 0.020 0.021 0.024 0.031 0.047 0.081 0.134 0.206 0.276 0.327 0.361 0.382 0.393 0.397 0.393 0.381 0.359 0.327 0.282 0.225 0.166 0.117 0.078 0.052 0.035 0.025 0.019 0.014 0.011 0.007 0.005 0.003 0.002 0.001 0.000 0.000 0.000 0.000 0.000 0.000 0.000 0.000 0.000 0.000 0.000 0.000 0.000 0.000 0.000 0.000 0.000 0.000 0.000 0.000 0.000 0.000 0.000 0.000 0.000 0.000 0.000 0.000 0.000 0.000 0.000 0.001
0.002 0.004 0.006 0.009 0.012 0.015 0.019 0.022 0.023 0.024 0.024 0.024 0.024 0.026 0.032 0.048 0.080 0.132 0.202 0.265 0.309 0.335 0.348 0.349 0.340 0.319 0.288 0.254 0.217 0.177 0.134 0.093 0.061 0.039 0.025 0.017 0.012 0.009 0.007 0.006 0.004 0.003 0.002 0.001 0.000 0.000 0.000 0.000 0.000 0.000 0.000 0.000 0.000 0.000 0.000 0.000 0.000 0.000 0.000 0.000 0.000 0.000 0.000 0.000 0.000 0.000 0.000 0.000 0.000 0.000 0.000 0.000 0.000 0.000 0.000 0.000 0.000
