RESULTS/r.avaflow_results/12_results/12_ascii/12_hflow30041.asc
ncols 506
nrows 317
xllcenter 498237.50
yllcenter 5580050.00
cellsize 12.50
NODATA_value -9999.000
[rows 136 to 169 of 317, columns 154 to 230 of 506]
0.000 0.000 0.000 0.000 0.000 0.000 0.000 0.000 0.000 0.000 0.000 0.000 0.000 0.000 0.000 0.000 0.000 0.000 0.000 0.000 0.000 0.000 0.000 0.000 0.000 0.000 0.000 0.000 0.000 0.000 0.000 0.000 0.000 0.000 0.000 0.000 0.000 0.000 0.000 0.000 0.000 0.000 0.000 0.000 0.000 0.000 0.000 0.000 0.000 0.000 0.000 0.000 0.000 0.000 0.000 0.000 0.000 0.000 0.000 0.000 0.000 0.000 0.000 0.000 0.000 0.000 0.000 0.000 0.000 0.000 0.000 0.000 0.000 0.000 0.000 0.000 0.000
0.000 0.000 0.000 0.000 0.000 0.000 0.000 0.000 0.000 0.000 0.000 0.000 0.000 0.000 0.000 0.000 0.000 0.000 0.000 0.000 0.000 0.000 0.000 0.000 0.000 0.000 0.000 0.000 0.000 0.000 0.000 0.000 0.000 0.000 0.000 0.000 0.000 0.000 0.000 0.000 0.000 0.000 0.000 0.000 0.000 0.000 0.000 0.000 0.000 0.000 0.000 0.000 0.000 0.000 0.000 0.000 0.000 0.000 0.000 0.000 0.000 0.000 0.000 0.000 0.000 0.000 0.000 0.000 0.000 0.000 0.000 0.000 0.000 0.000 0.000 0.000 0.000
0.000 0.000 0.000 0.000 0.000 0.000 0.000 0.000 0.000 0.000 0.000 0.000 0.000 0.000 0.000 0.000 0.000 0.000 0.000 0.000 0.000 0.000 0.000 0.000 0.000 0.000 0.000 0.000 0.000 0.000 0.000 0.000 0.000 0.000 0.000 0.000 0.000 0.000 0.000 0.000 0.000 0.000 0.000 0.000 0.000 0.000 0.000 0.000 0.000 0.000 0.000 0.000 0.000 0.000 0.000 0.000 0.000 0.000 0.000 0.000 0.000 0.000 0.000 0.000 0.000 0.000 0.000 0.000 0.000 0.000 0.000 0.000 0.000 0.000 0.000 0.000 0.000
0.000 0.000 0.000 0.000 0.000 0.000 0.000 0.000 0.000 0.000 0.000 0.000 0.000 0.000 0.000 0.000 0.000 0.000 0.000 0.000 0.000 0.000 0.000 0.000 0.000 0.000 0.000 0.000 0.000 0.000 0.000 0.000 0.000 0.000 0.000 0.000 0.000 0.000 0.000 0.000 0.000 0.000 0.000 0.000 0.000 0.000 0.000 0.000 0.000 0.000 0.000 0.000 0.000 0.000 0.000 0.000 0.000 0.000 0.000 0.000 0.000 0.000 0.000 0.000 0.000 0.000 0.000 0.000 0.000 0.000 0.000 0.000 0.000 0.000 0.000 0.000 0.000
0.000 0.000 0.000 0.000 0.000 0.000 0.000 0.000 0.000 0.000 0.000 0.000 0.000 0.000 0.000 0.000 0.000 0.000 0.000 0.000 0.000 0.000 0.000 0.000 0.000 0.000 0.000 0.000 0.000 0.000 0.000 0.000 0.000 0.000 0.000 0.000 0.000 0.000 0.000 0.000 0.000 0.000 0.000 0.000 0.000 0.000 0.000 0.000 0.000 0.000 0.000 0.000 0.000 0.000 0.000 0.000 0.000 0.000 0.000 0.000 0.000 0.000 0.000 0.000 0.000 0.000 0.000 0.000 0.000 0.000 0.000 0.000 0.000 0.000 0.000 0.000 0.000
0.000 0.000 0.000 0.000 0.000 0.000 0.000 0.000 0.000 0.000 0.000 0.000 0.000 0.000 0.000 0.000 0.000 0.000 0.000 0.000 0.000 0.000 0.000 0.000 0.000 0.000 0.000 0.000 0.000 0.000 0.000 0.000 0.000 0.000 0.000 0.000 0.000 0.000 0.000 0.000 0.000 0.000 0.000 0.000 0.000 0.000 0.000 0.000 0.000 0.000 0.000 0.000 0.000 0.000 0.000 0.000 0.000 0.000 0.000 0.000 0.000 0.000 0.000 0.000 0.000 0.000 0.000 0.000 0.000 0.000 0.000 0.000 0.000 0.000 0.000 0.000 0.000
0.000 0.000 0.000 0.000 0.000 0.000 0.000 0.000 0.000 0.000 0.000 0.000 0.000 0.000 0.000 0.000 0.000 0.000 0.000 0.000 0.000 0.000 0.000 0.000 0.000 0.000 0.000 0.000 0.000 0.000 0.000 0.000 0.000 0.000 0.000 0.000 0.000 0.000 0.000 0.000 0.000 0.000 0.000 0.000 0.000 0.000 0.000 0.000 0.000 0.000 0.000 0.000 0.000 0.000 0.000 0.000 0.000 0.000 0.000 0.000 0.000 0.000 0.000 0.000 0.000 0.000 0.000 0.000 0.000 0.000 0.000 0.000 0.000 0.000 0.000 0.000 0.000
0.000 0.000 0.000 0.000 0.000 0.000 0.000 0.000 0.000 0.000 0.000 0.000 0.000 0.000 0.000 0.000 0.000 0.000 0.000 0.000 0.000 0.000 0.000 0.000 0.000 0.000 0.000 0.000 0.000 0.000 0.000 0.000 0.000 0.000 0.000 0.000 0.000 0.000 0.000 0.000 0.000 0.000 0.000 0.000 0.000 0.000 0.000 0.000 0.000 0.000 0.000 0.000 0.000 0.000 0.000 0.000 0.000 0.000 0.000 0.000 0.000 0.000 0.000 0.000 0.000 0.000 0.000 0.000 0.000 0.000 0.000 0.000 0.000 0.000 0.000 0.000 0.000
0.000 0.000 0.000 0.000 0.000 0.000 0.000 0.000 0.000 0.000 0.000 0.000 0.000 0.000 0.000 0.000 0.000 0.000 0.000 0.000 0.000 0.000 0.000 0.000 0.000 0.000 0.000 0.000 0.000 0.000 0.000 0.000 0.000 0.000 0.000 0.000 0.000 0.000 0.000 0.000 0.000 0.000 0.000 0.000 0.000 0.000 0.000 0.000 0.000 0.000 0.000 0.000 0.000 0.000 0.000 0.000 0.000 0.000 0.000 0.000 0.000 0.000 0.000 0.000 0.000 0.000 0.000 0.000 0.000 0.000 0.000 0.000 0.000 0.000 0.000 0.000 0.000
0.000 0.000 0.000 0.000 0.000 0.000 0.000 0.000 0.000 0.000 0.000 0.000 0.000 0.000 0.000 0.000 0.000 0.000 0.000 0.000 0.000 0.000 0.000 0.000 0.000 0.000 0.000 0.000 0.000 0.000 0.000 0.000 0.000 0.000 0.000 0.000 0.000 0.000 0.000 0.000 0.000 0.000 0.000 0.000 0.000 0.000 0.000 0.000 0.000 0.000 0.000 0.000 0.000 0.000 0.000 0.000 0.000 0.000 0.000 0.000 0.000 0.000 0.000 0.000 0.000 0.000 0.000 0.000 0.000 0.000 0.000 0.000 0.000 0.000 0.000 0.000 0.000
0.000 0.000 0.000 0.000 0.000 0.000 0.000 0.000 0.000 0.000 0.000 0.000 0.000 0.000 0.000 0.000 0.000 0.000 0.000 0.000 0.000 0.000 0.000 0.000 0.000 0.000 0.000 0.000 0.000 0.000 0.000 0.000 0.000 0.000 0.000 0.000 0.000 0.000 0.000 0.000 0.000 0.000 0.000 0.000 0.000 0.000 0.000 0.000 0.000 0.000 0.000 0.000 0.000 0.000 0.000 0.000 0.000 0.000 0.000 0.000 0.000 0.000 0.000 0.000 0.000 0.000 0.000 0.000 0.000 0.000 0.000 0.000 0.000 0.000 0.000 0.000 0.000
0.000 0.000 0.000 0.000 0.000 0.000 0.000 0.000 0.000 0.000 0.000 0.000 0.000 0.000 0.000 0.000 0.000 0.000 0.000 0.000 0.000 0.000 0.000 0.000 0.000 0.000 0.000 0.000 0.000 0.000 0.000 0.000 0.000 0.000 0.000 0.000 0.000 0.000 0.000 0.000 0.000 0.000 0.000 0.000 0.000 0.000 0.000 0.000 0.000 0.000 0.000 0.000 0.000 0.000 0.000 0.000 0.000 0.000 0.000 0.000 0.000 0.000 0.000 0.000 0.000 0.000 0.000 0.000 0.000 0.000 0.000 0.000 0.000 0.000 0.000 0.000 0.000
0.000 0.000 0.000 0.000 0.000 0.000 0.000 0.000 0.000 0.000 0.000 0.000 0.000 0.000 0.000 0.000 0.000 0.000 0.000 0.000 0.000 0.000 0.000 0.000 0.000 0.000 0.000 0.000 0.000 0.000 0.000 0.000 0.000 0.000 0.000 0.000 0.000 0.000 0.000 0.000 0.000 0.000 0.000 0.000 0.000 0.000 0.000 0.000 0.000 0.000 0.000 0.000 0.000 0.000 0.000 0.000 0.000 0.000 0.000 0.000 0.000 0.000 0.000 0.000 0.000 0.000 0.000 0.000 0.000 0.000 0.000 0.000 0.000 0.000 0.000 0.000 0.000
0.000 0.000 0.000 0.000 0.000 0.000 0.000 0.000 0.000 0.000 0.000 0.000 0.000 0.000 0.000 0.000 0.000 0.000 0.000 0.000 0.000 0.000 0.000 0.000 0.000 0.000 0.000 0.000 0.000 0.000 0.000 0.000 0.000 0.000 0.000 0.000 0.000 0.000 0.000 0.000 0.000 0.000 0.000 0.000 0.000 0.000 0.000 0.000 0.000 0.000 0.000 0.000 0.000 0.000 0.000 0.000 0.000 0.000 0.000 0.000 0.000 0.000 0.000 0.000 0.000 0.000 0.000 0.000 0.000 0.000 0.000 0.000 0.000 0.000 0.000 0.000 0.000
0.001 0.001 0.001 0.001 0.001 0.001 0.000 0.000 0.000 0.000 0.000 0.000 0.000 0.000 0.000 0.000 0.000 0.000 0.000 0.000 0.000 0.000 0.000 0.000 0.000 0.000 0.000 0.000 0.000 0.000 0.000 0.000 0.000 0.000 0.000 0.000 0.000 0.000 0.000 0.000 0.000 0.000 0.000 0.000 0.000 0.000 0.001 0.001 0.001 0.001 0.001 0.002 0.002 0.002 0.002 0.002 0.001 0.001 0.001 0.001 0.001 0.001 0.001 0.001 0.001 0.001 0.001 0.001 0.001 0.001 0.001 0.001 0.001 0.000 0.000 0.000 0.000
0.002 0.002 0.002 0.002 0.001 0.001 0.001 0.001 0.001 0.001 0.001 0.000 0.000 0.000 0.000 0.000 0.000 0.000 0.000 0.000 0.000 0.000 0.000 0.000 0.000 0.000 0.000 0.000 0.000 0.000 0.000 0.000 0.000 0.000 0.000 0.000 0.000 0.000 0.000 0.000 0.000 0.000 0.000 0.001 0.001 0.001 0.002 0.002 0.003 0.003 0.003 0.003 0.003 0.003 0.003 0.003 0.003 0.003 0.003 0.003 0.003 0.003 0.003 0.003 0.003 0.003 0.003 0.003 0.003 0.002 0.002 0.002 0.002 0.001 0.001 0.001 0.001
0.004 0.003 0.003 0.003 0.002 0.002 0.002 0.002 0.002 0.001 0.001 0.001 0.001 0.001 0.001 0.001 0.001 0.000 0.000 0.000 0.000 0.000 0.000 0.000 0.000 0.000 0.000 0.000 0.000 0.000 0.000 0.000 0.000 0.000 0.000 0.000 0.000 0.000 0.000 0.000 0.000 0.001 0.001 0.002 0.002 0.003 0.004 0.004 0.005 0.005 0.005 0.005 0.005 0.005 0.005 0.005 0.005 0.005 0.005 0.005 0.005 0.005 0.005 0.005 0.005 0.005 0.005 0.004 0.004 0.004 0.004 0.004 0.003 0.003 0.002 0.002 0.001
0.006 0.005 0.005 0.004 0.004 0.003 0.003 0.003 0.003 0.002 0.002 0.002 0.002 0.002 0.002 0.001 0.001 0.001 0.001 0.001 0.001 0.001 0.001 0.001 0.000 0.000 0.000 0.000 0.000 0.000 0.000 0.000 0.000 0.000 0.000 0.000 0.000 0.000 0.000 0.001 0.001 0.002 0.002 0.003 0.004 0.005 0.006 0.007 0.007 0.008 0.008 0.008 0.008 0.008 0.008 0.008 0.008 0.008 0.007 0.007 0.007 0.007 0.007 0.007 0.007 0.007 0.007 0.007 0.007 0.007 0.006 0.006 0.005 0.004 0.003 0.003 0.002
0.008 0.007 0.006 0.006 0.005 0.005 0.004 0.004 0.004 0.004 0.003 0.003 0.003 0.003 0.003 0.003 0.002 0.002 0.002 0.002 0.002 0.002 0.001 0.001 0.001 0.001 0.001 0.001 0.000 0.000 0.000 0.000 0.000 0.000 0.000 0.001 0.001 0.001 0.001 0.002 0.002 0.003 0.004 0.005 0.006 0.008 0.009 0.010 0.011 0.011 0.012 0.012 0.012 0.012 0.012 0.012 0.011 0.011 0.011 0.010 0.010 0.010 0.010 0.010 0.010 0.010 0.010 0.010 0.010 0.010 0.009 0.008 0.007 0.006 0.005 0.004 0.004
0.011 0.010 0.009 0.008 0.007 0.007 0.006 0.006 0.005 0.005 0.005 0.005 0.005 0.004 0.004 0.004 0.004 0.004 0.003 0.003 0.003 0.003 0.003 0.002 0.002 0.002 0.002 0.002 0.001 0.001 0.001 0.001 0.001 0.001 0.002 0.002 0.002 0.002 0.003 0.003 0.004 0.005 0.006 0.008 0.009 0.011 0.012 0.014 0.015 0.016 0.016 0.017 0.017 0.017 0.017 0.017 0.016 0.016 0.015 0.015 0.014 0.014 0.014 0.014 0.014 0.014 0.015 0.015 0.014 0.014 0.013 0.012 0.010 0.008 0.007 0.006 0.005
0.016 0.014 0.012 0.011 0.010 0.009 0.008 0.008 0.007 0.007 0.007 0.007 0.006 0.006 0.006 0.006 0.006 0.005 0.005 0.005 0.005 0.004 0.004 0.004 0.004 0.003 0.003 0.003 0.003 0.003 0.003 0.003 0.003 0.003 0.003 0.003 0.004 0.004 0.005 0.006 0.007 0.008 0.009 0.011 0.012 0.014 0.017 0.019 0.020 0.021 0.022 0.023 0.024 0.024 0.024 0.023 0.023 0.022 0.021 0.021 0.020 0.019 0.019 0.019 0.019 0.020 0.021 0.021 0.021 0.020 0.018 0.016 0.013 0.011 0.009 0.008 0.007
0.026 0.020 0.017 0.014 0.013 0.012 0.011 0.010 0.010 0.009 0.009 0.009 0.009 0.009 0.008 0.008 0.008 0.008 0.007 0.007 0.007 0.006 0.006 0.006 0.005 0.005 0.005 0.005 0.005 0.005 0.005 0.005 0.005 0.005 0.005 0.006 0.006 0.007 0.007 0.008 0.010 0.011 0.013 0.014 0.017 0.019 0.022 0.025 0.027 0.029 0.030 0.032 0.033 0.033 0.034 0.033 0.033 0.032 0.031 0.030 0.029 0.028 0.028 0.027 0.028 0.030 0.032 0.032 0.032 0.030 0.027 0.021 0.017 0.014 0.012 0.010 0.009
0.049 0.035 0.026 0.021 0.018 0.016 0.014 0.013 0.013 0.012 0.012 0.012 0.012 0.011 0.011 0.011 0.010 0.010 0.010 0.010 0.009 0.009 0.008 0.008 0.008 0.007 0.007 0.007 0.007 0.007 0.007 0.007 0.007 0.008 0.008 0.008 0.009 0.010 0.011 0.012 0.013 0.015 0.017 0.019 0.021 0.024 0.028 0.032 0.035 0.038 0.041 0.043 0.046 0.048 0.049 0.049 0.048 0.048 0.047 0.046 0.044 0.043 0.042 0.042 0.043 0.046 0.051 0.053 0.052 0.049 0.040 0.030 0.023 0.018 0.015 0.013 0.011
0.112 0.071 0.048 0.034 0.027 0.022 0.020 0.018 0.017 0.016 0.016 0.016 0.015 0.015 0.015 0.014 0.014 0.013 0.013 0.013 0.012 0.012 0.011 0.011 0.010 0.010 0.010 0.010 0.010 0.010 0.010 0.010 0.010 0.011 0.011 0.012 0.012 0.013 0.015 0.016 0.018 0.020 0.022 0.024 0.027 0.031 0.035 0.040 0.045 0.050 0.054 0.059 0.065 0.070 0.073 0.074 0.074 0.074 0.074 0.073 0.071 0.068 0.067 0.067 0.069 0.077 0.088 0.093 0.093 0.086 0.067 0.045 0.031 0.023 0.019 0.016 0.014
0.276 0.168 0.103 0.067 0.048 0.037 0.030 0.026 0.024 0.023 0.022 0.021 0.021 0.020 0.019 0.019 0.018 0.018 0.017 0.017 0.016 0.015 0.015 0.014 0.014 0.013 0.013 0.013 0.013 0.013 0.013 0.014 0.014 0.014 0.015 0.016 0.017 0.018 0.019 0.021 0.023 0.026 0.028 0.032 0.035 0.039 0.044 0.051 0.057 0.065 0.073 0.083 0.094 0.104 0.112 0.116 0.118 0.119 0.119 0.119 0.117 0.116 0.115 0.116 0.122 0.141 0.166 0.177 0.177 0.163 0.123 0.075 0.046 0.032 0.024 0.019 0.016
0.600 0.385 0.238 0.148 0.097 0.068 0.052 0.042 0.036 0.033 0.031 0.030 0.029 0.028 0.027 0.026 0.025 0.024 0.023 0.022 0.021 0.020 0.019 0.018 0.018 0.017 0.017 0.017 0.017 0.017 0.017 0.018 0.018 0.019 0.020 0.021 0.022 0.024 0.026 0.028 0.031 0.034 0.037 0.041 0.046 0.051 0.057 0.065 0.075 0.087 0.103 0.122 0.143 0.161 0.176 0.186 0.192 0.195 0.197 0.198 0.200 0.201 0.204 0.211 0.228 0.269 0.327 0.354 0.354 0.324 0.244 0.141 0.078 0.046 0.031 0.024 0.020
1.097 0.762 0.508 0.328 0.212 0.141 0.100 0.076 0.062 0.053 0.049 0.046 0.044 0.043 0.041 0.038 0.036 0.034 0.033 0.031 0.029 0.027 0.025 0.024 0.023 0.023 0.022 0.022 0.022 0.022 0.022 0.023 0.023 0.024 0.025 0.027 0.029 0.031 0.034 0.038 0.042 0.046 0.051 0.056 0.062 0.069 0.077 0.088 0.103 0.125 0.153 0.189 0.225 0.256 0.280 0.297 0.307 0.312 0.315 0.318 0.322 0.328 0.337 0.352 0.381 0.439 0.531 0.606 0.629 0.597 0.474 0.280 0.142 0.075 0.044 0.031 0.025
1.747 1.309 0.943 0.655 0.441 0.295 0.204 0.150 0.117 0.097 0.085 0.079 0.075 0.071 0.067 0.062 0.058 0.054 0.051 0.048 0.044 0.039 0.035 0.032 0.031 0.030 0.029 0.029 0.028 0.028 0.028 0.029 0.030 0.031 0.033 0.035 0.038 0.042 0.047 0.052 0.058 0.065 0.072 0.079 0.088 0.097 0.109 0.126 0.150 0.188 0.241 0.304 0.359 0.399 0.421 0.428 0.422 0.419 0.418 0.419 0.421 0.425 0.434 0.451 0.481 0.536 0.632 0.746 0.808 0.811 0.728 0.507 0.260 0.127 0.067 0.042 0.032
2.527 2.006 1.541 1.142 0.819 0.575 0.407 0.301 0.234 0.192 0.167 0.152 0.143 0.134 0.125 0.114 0.104 0.096 0.088 0.080 0.071 0.061 0.052 0.046 0.042 0.040 0.039 0.038 0.037 0.037 0.037 0.037 0.038 0.040 0.044 0.048 0.054 0.060 0.068 0.077 0.087 0.098 0.108 0.119 0.131 0.144 0.162 0.188 0.229 0.295 0.384 0.459 0.504 0.523 0.521 0.501 0.479 0.470 0.468 0.469 0.469 0.471 0.477 0.490 0.515 0.562 0.649 0.776 0.866 0.895 0.862 0.707 0.429 0.210 0.105 0.060 0.041
3.381 2.798 2.261 1.778 1.361 1.023 0.769 0.593 0.477 0.401 0.352 0.320 0.297 0.276 0.254 0.227 0.204 0.185 0.167 0.148 0.128 0.105 0.086 0.071 0.062 0.057 0.054 0.052 0.051 0.051 0.051 0.051 0.053 0.057 0.064 0.072 0.081 0.093 0.107 0.124 0.141 0.157 0.173 0.188 0.204 0.223 0.251 0.294 0.359 0.441 0.518 0.563 0.580 0.577 0.554 0.515 0.488 0.477 0.476 0.477 0.477 0.478 0.483 0.493 0.513 0.552 0.626 0.748 0.859 0.904 0.898 0.811 0.592 0.320 0.159 0.086 0.055
4.234 3.631 3.068 2.547 2.081 1.682 1.361 1.118 0.947 0.832 0.752 0.694 0.646 0.598 0.542 0.475 0.420 0.375 0.333 0.291 0.243 0.193 0.152 0.121 0.101 0.089 0.082 0.079 0.077 0.076 0.076 0.078 0.083 0.091 0.103 0.117 0.135 0.158 0.186 0.215 0.241 0.266 0.287 0.307 0.327 0.356 0.399 0.451 0.500 0.544 0.576 0.592 0.593 0.581 0.546 0.498 0.467 0.454 0.452 0.453 0.455 0.458 0.463 0.471 0.484 0.509 0.559 0.660 0.794 0.871 0.883 0.843 0.698 0.439 0.229 0.123 0.076
5.109 4.520 3.983 3.482 3.017 2.603 2.256 1.981 1.780 1.641 1.540 1.457 1.376 1.280 1.153 1.001 0.869 0.765 0.669 0.573 0.468 0.364 0.278 0.215 0.174 0.150 0.137 0.131 0.128 0.127 0.129 0.134 0.145 0.161 0.181 0.206 0.240 0.288 0.338 0.379 0.416 0.448 0.474 0.497 0.517 0.539 0.561 0.571 0.573 0.576 0.581 0.583 0.576 0.548 0.495 0.438 0.402 0.386 0.381 0.382 0.386 0.395 0.405 0.412 0.418 0.428 0.451 0.516 0.653 0.782 0.832 0.824 0.743 0.549 0.313 0.171 0.104
6.104 5.589 5.126 4.694 4.275 3.885 3.560 3.307 3.120 2.987 2.887 2.795 2.690 2.540 2.323 2.045 1.760 1.517 1.299 1.087 0.873 0.672 0.507 0.385 0.305 0.259 0.236 0.225 0.223 0.224 0.231 0.248 0.271 0.299 0.330 0.370 0.431 0.511 0.576 0.619 0.646 0.663 0.673 0.678 0.675 0.665 0.645 0.612 0.584 0.566 0.551 0.531 0.501 0.450 0.382 0.324 0.290 0.274 0.270 0.271 0.279 0.291 0.304 0.311 0.314 0.315 0.325 0.364 0.472 0.638 0.746 0.774 0.744 0.624 0.410 0.235 0.144
7.383 7.038 6.716 6.401 6.078 5.763 5.503 5.304 5.150 5.029 4.925 4.822 4.698 4.510 4.219 3.816 3.337 2.852 2.390 1.958 1.553 1.190 0.893 0.669 0.519 0.431 0.388 0.372 0.371 0.379 0.407 0.449 0.490 0.527 0.565 0.607 0.666 0.733 0.774 0.791 0.795 0.788 0.777 0.762 0.740 0.706 0.660 0.604 0.553 0.506 0.458 0.405 0.345 0.284 0.233 0.202 0.186 0.181 0.182 0.186 0.192 0.200 0.207 0.211 0.215 0.218 0.228 0.257 0.331 0.481 0.637 0.706 0.712 0.658 0.512 0.326 0.202
