RESULTS/r.avaflow_results/12_results/12_ascii/12_hflow10042.asc
ncols 506
nrows 317
xllcenter 498237.50
yllcenter 5580050.00
cellsize 12.50
NODATA_value -9999.000
[rows 170 to 203 of 317, columns 77 to 153 of 506]
0.000 0.000 0.000 0.000 0.000 0.000 0.000 0.001 0.002 0.004 0.006 0.009 0.013 0.021 0.033 0.048 0.065 0.083 0.104 0.127 0.158 0.202 0.274 0.390 0.546 0.667 0.723 0.741 0.746 0.745 0.740 0.726 0.698 0.652 0.598 0.560 0.543 0.541 0.559 0.607 0.700 0.867 1.175 1.709 2.477 3.301 4.017 4.706 5.434 6.283 7.290 8.421 9.500 10.332 10.779 10.898 10.853 10.762 10.646 10.500 10.323 10.062 9.649 9.069 8.352 7.534 6.697 5.941 5.261 4.652 4.107 3.625 3.201 2.828 2.500 2.209 1.952
0.000 0.000 0.000 0.000 0.000 0.000 0.001 0.003 0.006 0.010 0.015 0.023 0.036 0.054 0.079 0.107 0.138 0.172 0.210 0.255 0.310 0.387 0.500 0.659 0.813 0.903 0.935 0.943 0.944 0.940 0.928 0.903 0.860 0.797 0.746 0.722 0.719 0.741 0.807 0.945 1.190 1.581 2.185 3.058 4.129 5.096 5.926 6.753 7.609 8.482 9.348 10.186 10.868 11.288 11.415 11.351 11.209 11.039 10.863 10.665 10.435 10.115 9.664 9.076 8.365 7.552 6.715 5.961 5.287 4.688 4.157 3.690 3.280 2.919 2.603 2.324 2.079
0.000 0.000 0.000 0.000 0.000 0.001 0.004 0.007 0.013 0.021 0.032 0.049 0.075 0.109 0.151 0.195 0.244 0.299 0.363 0.437 0.527 0.645 0.808 0.976 1.088 1.140 1.157 1.160 1.159 1.152 1.133 1.097 1.034 0.964 0.924 0.916 0.934 1.003 1.168 1.491 2.012 2.747 3.718 4.943 6.183 7.175 8.007 8.819 9.602 10.336 10.977 11.471 11.764 11.848 11.743 11.544 11.330 11.112 10.898 10.675 10.420 10.081 9.630 9.055 8.358 7.555 6.722 5.973 5.307 4.719 4.199 3.740 3.338 2.983 2.677 2.408 2.173
0.000 0.000 0.000 0.000 0.001 0.003 0.006 0.013 0.022 0.036 0.055 0.082 0.121 0.171 0.230 0.297 0.371 0.454 0.550 0.662 0.795 0.959 1.136 1.270 1.347 1.382 1.393 1.395 1.392 1.381 1.355 1.305 1.223 1.153 1.129 1.134 1.185 1.340 1.687 2.320 3.259 4.459 5.810 7.183 8.328 9.194 9.928 10.619 11.235 11.767 12.161 12.359 12.367 12.209 11.917 11.621 11.358 11.115 10.878 10.633 10.352 10.004 9.559 9.002 8.328 7.548 6.722 5.979 5.321 4.739 4.225 3.771 3.373 3.024 2.723 2.461 2.232
0.000 0.000 0.000 0.000 0.001 0.004 0.008 0.016 0.028 0.046 0.070 0.105 0.152 0.214 0.292 0.385 0.496 0.623 0.764 0.921 1.098 1.282 1.439 1.548 1.610 1.639 1.649 1.650 1.645 1.629 1.593 1.528 1.428 1.348 1.320 1.328 1.403 1.648 2.224 3.247 4.708 6.414 7.945 9.207 10.201 10.969 11.588 12.102 12.512 12.809 12.963 12.947 12.760 12.407 11.988 11.645 11.360 11.096 10.834 10.563 10.258 9.897 9.457 8.917 8.271 7.525 6.717 5.981 5.326 4.747 4.235 3.784 3.389 3.045 2.747 2.489 2.262
0.000 0.000 0.000 0.000 0.001 0.004 0.009 0.018 0.031 0.051 0.078 0.117 0.171 0.244 0.337 0.455 0.601 0.776 0.982 1.204 1.413 1.595 1.738 1.833 1.889 1.916 1.925 1.926 1.920 1.897 1.850 1.769 1.645 1.533 1.486 1.489 1.569 1.853 2.564 3.858 5.745 7.906 9.620 10.891 11.823 12.501 12.961 13.260 13.464 13.559 13.513 13.319 12.969 12.488 12.016 11.640 11.334 11.047 10.769 10.472 10.148 9.769 9.325 8.800 8.187 7.483 6.705 5.974 5.324 4.746 4.235 3.785 3.393 3.052 2.757 2.499 2.270
0.000 0.000 0.000 0.000 0.001 0.004 0.009 0.018 0.032 0.052 0.081 0.122 0.181 0.261 0.368 0.504 0.678 0.895 1.162 1.460 1.709 1.902 2.043 2.135 2.190 2.217 2.226 2.226 2.217 2.188 2.129 2.028 1.874 1.715 1.635 1.625 1.693 1.973 2.711 4.132 6.305 8.911 10.921 12.301 13.209 13.771 14.049 14.147 14.177 14.108 13.892 13.533 13.056 12.509 12.024 11.615 11.272 10.970 10.684 10.365 10.021 9.632 9.184 8.668 8.081 7.414 6.671 5.950 5.306 4.731 4.223 3.776 3.387 3.048 2.756 2.498 2.270
0.000 0.000 0.000 0.000 0.001 0.004 0.009 0.018 0.031 0.052 0.081 0.123 0.184 0.270 0.384 0.533 0.726 0.973 1.289 1.666 1.982 2.208 2.362 2.461 2.518 2.544 2.552 2.552 2.539 2.502 2.429 2.305 2.113 1.900 1.773 1.741 1.788 2.033 2.736 4.178 6.493 9.496 11.895 13.448 14.342 14.759 14.874 14.848 14.725 14.491 14.119 13.638 13.074 12.511 12.014 11.577 11.207 10.883 10.580 10.255 9.899 9.500 9.041 8.526 7.952 7.311 6.597 5.891 5.256 4.689 4.187 3.746 3.362 3.029 2.740 2.487 2.262
0.000 0.000 0.000 0.000 0.001 0.004 0.009 0.017 0.030 0.049 0.077 0.120 0.183 0.271 0.390 0.545 0.748 1.013 1.360 1.804 2.226 2.518 2.702 2.814 2.877 2.903 2.910 2.907 2.888 2.839 2.748 2.598 2.370 2.093 1.908 1.841 1.861 2.057 2.697 4.115 6.481 9.727 12.543 14.310 15.188 15.470 15.479 15.368 15.103 14.719 14.234 13.674 13.068 12.504 11.995 11.538 11.146 10.801 10.473 10.131 9.764 9.352 8.887 8.369 7.797 7.166 6.474 5.789 5.168 4.614 4.122 3.691 3.316 2.991 2.710 2.464 2.244
0.000 0.000 0.000 0.000 0.001 0.003 0.007 0.014 0.025 0.042 0.068 0.109 0.173 0.265 0.387 0.546 0.753 1.025 1.387 1.866 2.413 2.820 3.063 3.198 3.269 3.297 3.302 3.295 3.267 3.202 3.088 2.910 2.647 2.306 2.050 1.931 1.922 2.060 2.595 3.919 6.308 9.710 12.848 14.845 15.741 15.931 15.883 15.672 15.302 14.815 14.265 13.671 13.056 12.489 11.968 11.497 11.085 10.719 10.368 10.003 9.615 9.184 8.707 8.185 7.610 6.980 6.304 5.642 5.042 4.503 4.027 3.611 3.250 2.937 2.665 2.428 2.217
0.000 0.000 0.000 0.000 0.001 0.002 0.005 0.009 0.017 0.029 0.050 0.086 0.145 0.235 0.361 0.527 0.741 1.019 1.386 1.873 2.500 3.063 3.409 3.582 3.663 3.692 3.697 3.688 3.653 3.578 3.446 3.240 2.941 2.547 2.212 2.027 1.982 2.057 2.454 3.602 5.934 9.485 12.876 15.045 16.033 16.189 16.076 15.790 15.362 14.845 14.264 13.645 13.034 12.466 11.937 11.454 11.023 10.634 10.257 9.863 9.447 8.995 8.501 7.968 7.385 6.754 6.088 5.454 4.878 4.361 3.906 3.510 3.166 2.869 2.611 2.382 2.180
0.000 0.000 0.000 0.000 0.000 0.001 0.002 0.005 0.009 0.015 0.027 0.051 0.095 0.172 0.290 0.454 0.671 0.952 1.323 1.819 2.471 3.184 3.684 3.926 4.018 4.049 4.053 4.044 4.007 3.928 3.791 3.574 3.257 2.829 2.412 2.149 2.054 2.085 2.363 3.271 5.392 8.961 12.643 15.004 16.100 16.275 16.116 15.798 15.347 14.817 14.218 13.590 12.992 12.429 11.898 11.404 10.954 10.537 10.132 9.713 9.267 8.786 8.270 7.717 7.119 6.482 5.835 5.231 4.682 4.192 3.762 3.389 3.066 2.786 2.540 2.322 2.128
0.000 0.000 0.000 0.000 0.000 0.000 0.001 0.002 0.004 0.007 0.012 0.023 0.045 0.089 0.171 0.304 0.497 0.756 1.107 1.598 2.283 3.137 3.826 4.202 4.327 4.359 4.363 4.353 4.318 4.244 4.113 3.903 3.591 3.158 2.676 2.332 2.171 2.160 2.346 3.046 4.828 8.157 12.085 14.698 15.972 16.227 16.074 15.733 15.267 14.718 14.104 13.492 12.920 12.374 11.850 11.349 10.873 10.422 9.988 9.544 9.071 8.561 8.015 7.432 6.812 6.170 5.549 4.978 4.461 4.001 3.599 3.251 2.949 2.685 2.452 2.246 2.062
0.000 0.000 0.000 0.000 0.000 0.000 0.000 0.001 0.001 0.003 0.005 0.009 0.018 0.036 0.074 0.143 0.257 0.435 0.713 1.155 1.856 2.868 3.812 4.366 4.575 4.618 4.622 4.613 4.584 4.520 4.406 4.224 3.943 3.540 3.036 2.620 2.385 2.323 2.428 2.953 4.393 7.292 11.254 14.085 15.524 15.907 15.825 15.517 15.058 14.502 13.891 13.318 12.787 12.276 11.772 11.272 10.781 10.300 9.829 9.351 8.847 8.310 7.731 7.117 6.469 5.835 5.243 4.703 4.218 3.788 3.414 3.090 2.807 2.560 2.342 2.151 1.982
0.000 0.000 0.000 0.000 0.000 0.000 0.000 0.000 0.000 0.001 0.002 0.003 0.007 0.014 0.028 0.057 0.109 0.198 0.357 0.659 1.264 2.337 3.606 4.399 4.731 4.814 4.826 4.822 4.800 4.754 4.668 4.525 4.303 3.970 3.505 3.048 2.751 2.635 2.667 3.036 4.160 6.535 10.189 13.151 14.717 15.242 15.265 15.065 14.663 14.137 13.545 13.014 12.543 12.095 11.637 11.159 10.666 10.165 9.655 9.139 8.598 8.029 7.422 6.773 6.111 5.492 4.927 4.415 3.958 3.555 3.204 2.901 2.637 2.409 2.210 2.039 1.890
0.000 0.000 0.000 0.000 0.000 0.000 0.000 0.000 0.000 0.000 0.001 0.001 0.003 0.006 0.013 0.026 0.050 0.094 0.178 0.361 0.787 1.711 3.134 4.241 4.772 4.937 4.975 4.982 4.973 4.946 4.891 4.791 4.633 4.397 4.051 3.634 3.318 3.160 3.142 3.350 4.161 5.979 8.993 11.870 13.529 14.209 14.348 14.270 13.999 13.579 13.048 12.541 12.118 11.747 11.365 10.957 10.509 10.007 9.477 8.918 8.332 7.724 7.082 6.408 5.755 5.155 4.608 4.118 3.685 3.302 2.968 2.680 2.435 2.230 2.057 1.912 1.786
0.000 0.000 0.000 0.000 0.000 0.000 0.000 0.000 0.000 0.000 0.000 0.001 0.002 0.005 0.009 0.018 0.034 0.062 0.115 0.229 0.506 1.175 2.444 3.832 4.646 4.975 5.060 5.091 5.104 5.098 5.070 5.010 4.908 4.754 4.536 4.264 4.047 3.920 3.882 3.960 4.445 5.712 7.956 10.424 12.031 12.831 13.099 13.125 13.022 12.770 12.375 11.902 11.499 11.188 10.900 10.592 10.243 9.802 9.275 8.687 8.058 7.403 6.722 6.044 5.410 4.825 4.293 3.818 3.399 3.030 2.708 2.433 2.205 2.024 1.879 1.755 1.637
0.000 0.000 0.000 0.000 0.000 0.000 0.000 0.000 0.000 0.000 0.000 0.001 0.002 0.005 0.009 0.018 0.033 0.058 0.105 0.192 0.378 0.823 1.752 3.145 4.296 4.889 5.091 5.157 5.198 5.215 5.209 5.181 5.122 5.030 4.900 4.749 4.649 4.608 4.611 4.694 4.988 5.763 7.272 9.217 10.598 11.334 11.641 11.745 11.769 11.699 11.489 11.112 10.709 10.438 10.237 10.023 9.787 9.460 8.986 8.406 7.759 7.069 6.366 5.694 5.070 4.499 3.983 3.519 3.107 2.745 2.431 2.166 1.950 1.780 1.640 1.502 1.343
0.000 0.000 0.000 0.000 0.000 0.000 0.000 0.000 0.000 0.000 0.000 0.001 0.002 0.006 0.012 0.022 0.039 0.066 0.113 0.195 0.344 0.643 1.261 2.356 3.690 4.616 5.034 5.181 5.257 5.301 5.315 5.308 5.280 5.230 5.156 5.085 5.051 5.051 5.082 5.196 5.455 5.969 6.921 8.338 9.453 10.072 10.360 10.483 10.519 10.508 10.426 10.197 9.838 9.556 9.404 9.273 9.122 8.904 8.538 8.022 7.400 6.715 6.017 5.352 4.731 4.173 3.675 3.225 2.819 2.456 2.143 1.879 1.656 1.456 1.259 1.051 0.830
0.000 0.000 0.000 0.000 0.000 0.000 0.000 0.000 0.000 0.000 0.000 0.001 0.004 0.009 0.019 0.036 0.060 0.095 0.147 0.227 0.360 0.587 0.997 1.749 2.949 4.130 4.826 5.137 5.276 5.353 5.391 5.398 5.390 5.364 5.320 5.294 5.290 5.303 5.352 5.472 5.705 6.101 6.756 7.736 8.570 9.060 9.301 9.409 9.443 9.437 9.379 9.225 8.959 8.676 8.497 8.387 8.281 8.128 7.866 7.457 6.915 6.279 5.607 4.970 4.376 3.838 3.359 2.927 2.527 2.159 1.828 1.533 1.257 0.991 0.747 0.543 0.380
0.000 0.000 0.000 0.000 0.000 0.000 0.000 0.000 0.000 0.000 0.001 0.002 0.007 0.017 0.036 0.065 0.105 0.156 0.220 0.303 0.422 0.608 0.910 1.434 2.325 3.502 4.423 4.948 5.226 5.370 5.439 5.460 5.461 5.442 5.414 5.403 5.407 5.426 5.482 5.598 5.799 6.132 6.626 7.292 7.863 8.212 8.394 8.470 8.491 8.484 8.430 8.309 8.105 7.850 7.634 7.466 7.320 7.172 6.967 6.648 6.198 5.634 4.999 4.408 3.873 3.379 2.926 2.508 2.114 1.733 1.368 1.030 0.739 0.515 0.352 0.233 0.151
0.000 0.000 0.000 0.000 0.000 0.000 0.000 0.000 0.000 0.000 0.001 0.005 0.013 0.032 0.066 0.118 0.183 0.257 0.336 0.427 0.539 0.694 0.933 1.328 1.982 2.934 3.890 4.587 5.047 5.315 5.449 5.495 5.498 5.476 5.454 5.443 5.449 5.468 5.525 5.635 5.815 6.087 6.455 6.881 7.228 7.451 7.568 7.609 7.616 7.599 7.541 7.429 7.258 7.035 6.800 6.575 6.356 6.141 5.916 5.627 5.233 4.727 4.138 3.584 3.090 2.634 2.204 1.795 1.410 1.053 0.743 0.503 0.331 0.215 0.138 0.088 0.057
0.000 0.000 0.000 0.000 0.000 0.000 0.000 0.000 0.000 0.000 0.002 0.007 0.022 0.055 0.115 0.199 0.300 0.398 0.496 0.599 0.716 0.856 1.047 1.358 1.865 2.585 3.420 4.155 4.744 5.153 5.390 5.493 5.506 5.483 5.460 5.445 5.453 5.473 5.526 5.629 5.788 5.995 6.230 6.457 6.625 6.732 6.782 6.792 6.781 6.747 6.676 6.565 6.407 6.203 5.959 5.695 5.419 5.134 4.832 4.490 4.074 3.569 3.014 2.495 2.029 1.613 1.245 0.927 0.660 0.449 0.293 0.186 0.117 0.075 0.049 0.033 0.022
0.000 0.000 0.000 0.000 0.000 0.000 0.000 0.000 0.000 0.000 0.002 0.009 0.028 0.073 0.162 0.296 0.449 0.576 0.696 0.819 0.950 1.092 1.262 1.504 1.898 2.462 3.144 3.817 4.415 4.903 5.237 5.419 5.472 5.460 5.437 5.424 5.432 5.452 5.497 5.581 5.699 5.824 5.930 6.002 6.035 6.030 6.010 5.991 5.959 5.910 5.829 5.716 5.555 5.349 5.099 4.809 4.490 4.144 3.767 3.336 2.855 2.356 1.881 1.462 1.101 0.799 0.555 0.369 0.236 0.147 0.091 0.057 0.038 0.026 0.018 0.013 0.009
0.000 0.000 0.000 0.000 0.000 0.000 0.000 0.000 0.000 0.001 0.003 0.010 0.029 0.079 0.183 0.356 0.583 0.778 0.934 1.085 1.237 1.392 1.560 1.765 2.058 2.495 3.055 3.638 4.170 4.640 5.012 5.253 5.357 5.370 5.361 5.353 5.361 5.379 5.413 5.466 5.527 5.561 5.559 5.518 5.441 5.330 5.236 5.179 5.135 5.077 4.993 4.875 4.706 4.478 4.187 3.852 3.483 3.072 2.625 2.174 1.746 1.356 1.015 0.730 0.499 0.323 0.200 0.120 0.072 0.043 0.027 0.018 0.013 0.010 0.007 0.006 0.004
0.000 0.000 0.000 0.000 0.000 0.000 0.000 0.000 0.000 0.001 0.003 0.010 0.028 0.077 0.184 0.376 0.664 0.979 1.211 1.399 1.576 1.747 1.921 2.109 2.338 2.654 3.088 3.582 4.025 4.421 4.758 5.008 5.148 5.192 5.206 5.207 5.218 5.232 5.249 5.263 5.260 5.219 5.135 5.009 4.833 4.629 4.459 4.339 4.265 4.200 4.113 3.976 3.758 3.439 3.018 2.588 2.180 1.791 1.443 1.141 0.874 0.640 0.446 0.296 0.186 0.111 0.064 0.036 0.021 0.013 0.009 0.007 0.005 0.004 0.003 0.003 0.002
0.000 0.000 0.000 0.000 0.000 0.000 0.001 0.001 0.001 0.002 0.004 0.009 0.024 0.068 0.172 0.370 0.693 1.132 1.509 1.766 1.971 2.159 2.336 2.510 2.697 2.923 3.221 3.596 3.947 4.249 4.514 4.724 4.865 4.933 4.964 4.974 4.987 4.992 4.990 4.967 4.913 4.817 4.670 4.468 4.206 3.935 3.706 3.505 3.330 3.173 3.011 2.803 2.505 2.102 1.671 1.319 1.035 0.800 0.610 0.459 0.335 0.233 0.156 0.099 0.060 0.034 0.019 0.011 0.006 0.004 0.003 0.003 0.003 0.002 0.002 0.002 0.001
0.000 0.000 0.000 0.001 0.001 0.002 0.002 0.003 0.003 0.003 0.004 0.007 0.018 0.052 0.144 0.343 0.688 1.208 1.776 2.170 2.432 2.633 2.805 2.961 3.109 3.261 3.441 3.673 3.912 4.109 4.282 4.431 4.544 4.613 4.646 4.658 4.665 4.659 4.637 4.587 4.499 4.361 4.166 3.910 3.594 3.276 2.994 2.728 2.462 2.191 1.922 1.648 1.348 1.028 0.745 0.534 0.382 0.274 0.197 0.141 0.101 0.070 0.047 0.030 0.017 0.010 0.005 0.003 0.002 0.002 0.002 0.002 0.001 0.001 0.001 0.001 0.001
0.001 0.001 0.002 0.002 0.003 0.004 0.004 0.004 0.004 0.004 0.004 0.006 0.012 0.035 0.108 0.295 0.658 1.222 1.944 2.519 2.894 3.145 3.321 3.452 3.556 3.642 3.724 3.818 3.917 3.996 4.065 4.136 4.201 4.246 4.263 4.267 4.262 4.243 4.202 4.132 4.023 3.860 3.638 3.357 3.023 2.673 2.353 2.044 1.734 1.427 1.137 0.871 0.629 0.426 0.279 0.184 0.122 0.083 0.057 0.040 0.028 0.020 0.013 0.008 0.004 0.002 0.001 0.001 0.001 0.001 0.001 0.001 0.001 0.001 0.001 0.001 0.001
0.002 0.003 0.004 0.005 0.005 0.006 0.005 0.005 0.005 0.005 0.005 0.006 0.010 0.026 0.081 0.243 0.601 1.193 1.999 2.744 3.261 3.595 3.790 3.899 3.961 3.994 4.005 3.988 3.950 3.911 3.878 3.857 3.848 3.842 3.826 3.811 3.789 3.754 3.699 3.616 3.494 3.324 3.102 2.826 2.499 2.140 1.803 1.482 1.174 0.889 0.639 0.432 0.275 0.167 0.101 0.061 0.038 0.024 0.016 0.011 0.007 0.005 0.003 0.002 0.001 0.001 0.001 0.001 0.001 0.001 0.001 0.001 0.001 0.001 0.001 0.001 0.001
0.005 0.006 0.007 0.007 0.007 0.007 0.007 0.006 0.006 0.006 0.006 0.006 0.009 0.021 0.063 0.197 0.527 1.118 1.958 2.828 3.491 3.938 4.180 4.277 4.302 4.288 4.227 4.114 3.970 3.836 3.715 3.601 3.496 3.413 3.348 3.301 3.260 3.213 3.148 3.058 2.935 2.773 2.570 2.320 2.019 1.677 1.347 1.045 0.775 0.543 0.355 0.215 0.122 0.067 0.037 0.020 0.012 0.007 0.004 0.003 0.002 0.001 0.001 0.001 0.000 0.000 0.000 0.000 0.000 0.001 0.001 0.001 0.001 0.001 0.001 0.001 0.001
0.009 0.010 0.010 0.010 0.010 0.009 0.008 0.007 0.007 0.007 0.007 0.008 0.010 0.019 0.050 0.152 0.433 0.983 1.812 2.777 3.565 4.127 4.450 4.561 4.561 4.503 4.372 4.183 3.965 3.759 3.563 3.369 3.168 2.983 2.839 2.740 2.673 2.613 2.544 2.459 2.351 2.215 2.042 1.829 1.572 1.271 0.976 0.719 0.501 0.326 0.195 0.107 0.056 0.028 0.014 0.007 0.003 0.002 0.001 0.001 0.001 0.000 0.000 0.000 0.000 0.000 0.000 0.000 0.000 0.001 0.001 0.000 0.000 0.000 0.000 0.001 0.001
0.015 0.015 0.014 0.013 0.011 0.010 0.009 0.009 0.008 0.008 0.009 0.011 0.014 0.020 0.037 0.100 0.299 0.747 1.492 2.490 3.446 4.133 4.538 4.693 4.698 4.612 4.435 4.202 3.944 3.682 3.419 3.147 2.855 2.560 2.304 2.109 1.978 1.886 1.809 1.738 1.668 1.590 1.484 1.332 1.140 0.912 0.674 0.472 0.309 0.186 0.102 0.052 0.025 0.011 0.005 0.002 0.001 0.001 0.000 0.000 0.000 0.000 0.000 0.000 0.000 0.000 0.000 0.000 0.001 0.001 0.001 0.000 0.000 0.000 0.000 0.000 0.001
0.021 0.020 0.018 0.015 0.013 0.011 0.011 0.010 0.010 0.011 0.013 0.016 0.018 0.022 0.029 0.055 0.146 0.402 0.927 1.787 2.850 3.756 4.336 4.609 4.661 4.591 4.415 4.169 3.887 3.581 3.257 2.910 2.531 2.125 1.760 1.474 1.280 1.152 1.065 1.006 0.969 0.942 0.909 0.844 0.739 0.595 0.427 0.283 0.173 0.097 0.050 0.024 0.011 0.005 0.002 0.001 0.000 0.000 0.000 0.000 0.000 0.000 0.000 0.000 0.000 0.000 0.000 0.001 0.001 0.001 0.001 0.000 0.000 0.000 0.000 0.000 0.001
