RESULTS/r.avaflow_results/12_results/12_ascii/12_r1max.asc
ncols 506
nrows 317
xllcenter 498237.50
yllcenter 5580050.00
cellsize 12.50
NODATA_value -9999.000
[rows 168 to 195 of 317, columns 126 to 188 of 506]
0.986 0.982 0.976 0.991 0.983 0.968 0.945 0.882 0.755 0.327 0.239 0.156 0.107 0.072 0.052 0.035 0.025 0.018 0.017 0.013 0.012 0.011 0.010 0.009 0.008 0.007 0.006 0.006 0.005 0.004 0.003 0.003 0.003 0.002 0.002 0.001 0.006 0.006 0.005 0.004 0.003 0.002 0.001 0.001 0.000 0.000 0.000 0.000 0.000 0.000 0.000 0.000 0.000 0.000 0.000 0.000 0.000 0.000 0.000 0.000 0.000 0.000 0.000
0.999 0.999 0.997 0.995 0.989 0.976 0.950 0.892 0.752 0.363 0.237 0.173 0.123 0.085 0.055 0.043 0.032 0.024 0.019 0.017 0.016 0.015 0.012 0.011 0.010 0.008 0.007 0.006 0.005 0.004 0.004 0.003 0.003 0.002 0.002 0.009 0.008 0.007 0.006 0.005 0.004 0.003 0.002 0.001 0.001 0.000 0.000 0.000 0.000 0.000 0.000 0.000 0.000 0.000 0.000 0.000 0.000 0.000 0.000 0.000 0.000 0.000 0.000
1.000 0.999 0.999 0.997 0.991 0.979 0.944 0.871 0.718 0.392 0.262 0.197 0.144 0.090 0.067 0.054 0.041 0.033 0.025 0.024 0.023 0.019 0.017 0.015 0.013 0.010 0.008 0.007 0.006 0.005 0.004 0.004 0.003 0.015 0.013 0.011 0.010 0.008 0.007 0.006 0.005 0.003 0.002 0.001 0.001 0.001 0.000 0.000 0.000 0.000 0.000 0.000 0.000 0.000 0.000 0.000 0.000 0.000 0.000 0.000 0.000 0.000 0.000
1.000 1.000 1.000 0.998 0.995 0.985 0.956 0.882 0.695 0.410 0.287 0.201 0.170 0.122 0.083 0.061 0.054 0.042 0.035 0.029 0.029 0.027 0.021 0.018 0.015 0.012 0.011 0.009 0.007 0.006 0.005 0.004 0.004 0.018 0.015 0.013 0.011 0.010 0.008 0.007 0.006 0.004 0.003 0.002 0.001 0.001 0.000 0.000 0.000 0.000 0.000 0.000 0.000 0.000 0.000 0.000 0.000 0.000 0.000 0.000 0.000 0.000 0.000
1.000 1.000 1.000 0.999 0.997 0.991 0.972 0.882 0.708 0.437 0.317 0.261 0.183 0.134 0.106 0.080 0.070 0.050 0.049 0.043 0.036 0.034 0.030 0.025 0.021 0.018 0.014 0.011 0.009 0.007 0.006 0.005 0.004 0.023 0.019 0.016 0.013 0.011 0.009 0.007 0.006 0.004 0.003 0.002 0.001 0.001 0.000 0.000 0.000 0.000 0.000 0.000 0.000 0.000 0.000 0.000 0.000 0.000 0.000 0.000 0.000 0.000 0.000
1.000 1.000 1.000 1.000 0.999 0.995 0.981 0.948 0.769 0.522 0.361 0.279 0.199 0.189 0.120 0.106 0.083 0.071 0.062 0.055 0.054 0.050 0.043 0.036 0.029 0.025 0.020 0.016 0.013 0.010 0.008 0.006 0.005 0.004 0.003 0.020 0.016 0.013 0.010 0.008 0.006 0.004 0.003 0.002 0.001 0.001 0.001 0.000 0.000 0.000 0.000 0.000 0.000 0.000 0.000 0.000 0.000 0.000 0.000 0.000 0.000 0.000 0.000
1.000 1.000 1.000 1.000 0.999 0.997 0.990 0.960 0.864 0.546 0.421 0.336 0.249 0.190 0.140 0.122 0.100 0.088 0.080 0.081 0.070 0.064 0.055 0.046 0.041 0.032 0.026 0.021 0.017 0.013 0.011 0.008 0.007 0.005 0.004 0.003 0.019 0.015 0.012 0.009 0.006 0.005 0.003 0.002 0.001 0.001 0.001 0.000 0.000 0.000 0.000 0.000 0.000 0.000 0.000 0.000 0.000 0.000 0.000 0.000 0.000 0.000 0.000
1.000 1.000 1.000 1.000 1.000 0.999 0.995 0.977 0.912 0.692 0.488 0.365 0.278 0.217 0.164 0.145 0.124 0.113 0.104 0.108 0.094 0.086 0.073 0.067 0.053 0.042 0.034 0.029 0.024 0.019 0.016 0.012 0.010 0.007 0.005 0.004 0.003 0.002 0.013 0.010 0.007 0.005 0.004 0.002 0.002 0.001 0.001 0.001 0.000 0.000 0.000 0.000 0.000 0.000 0.000 0.000 0.000 0.000 0.000 0.000 0.000 0.000 0.000
1.000 1.000 1.000 1.000 1.000 0.999 0.996 0.988 0.947 0.746 0.551 0.423 0.332 0.241 0.211 0.174 0.156 0.146 0.138 0.143 0.126 0.116 0.099 0.090 0.072 0.058 0.048 0.041 0.032 0.028 0.024 0.018 0.014 0.010 0.007 0.005 0.004 0.003 0.002 0.011 0.008 0.006 0.004 0.003 0.002 0.001 0.001 0.001 0.001 0.000 0.000 0.000 0.000 0.000 0.000 0.000 0.000 0.000 0.000 0.000 0.000 0.000 0.000
1.000 1.000 1.000 1.000 1.000 1.000 0.999 0.994 0.957 0.795 0.522 0.473 0.376 0.285 0.236 0.224 0.190 0.183 0.176 0.181 0.164 0.151 0.133 0.113 0.103 0.084 0.071 0.062 0.057 0.043 0.033 0.027 0.021 0.014 0.010 0.008 0.006 0.004 0.003 0.002 0.002 0.007 0.005 0.004 0.003 0.002 0.001 0.001 0.001 0.001 0.000 0.000 0.000 0.000 0.000 0.000 0.000 0.000 0.000 0.000 0.000 0.000 0.000
1.000 1.000 1.000 1.000 1.000 1.000 1.000 0.998 0.980 0.903 0.580 0.492 0.359 0.347 0.283 0.257 0.227 0.223 0.218 0.209 0.206 0.194 0.174 0.166 0.131 0.112 0.111 0.099 0.089 0.069 0.051 0.041 0.028 0.021 0.015 0.012 0.008 0.006 0.004 0.003 0.002 0.002 0.001 0.005 0.003 0.002 0.002 0.001 0.001 0.001 0.000 0.000 0.000 0.000 0.000 0.000 0.000 0.000 0.000 0.000 0.000 0.000 0.000
1.000 1.000 1.000 1.000 1.000 1.000 1.000 0.999 0.993 0.981 0.564 0.482 0.456 0.344 0.294 0.278 0.251 0.252 0.252 0.242 0.242 0.229 0.226 0.198 0.173 0.165 0.152 0.139 0.117 0.092 0.078 0.057 0.043 0.032 0.023 0.018 0.012 0.009 0.006 0.004 0.003 0.003 0.002 0.006 0.004 0.003 0.002 0.002 0.001 0.001 0.001 0.000 0.000 0.000 0.000 0.000 0.000 0.000 0.000 0.000 0.000 0.000 0.000
1.000 1.000 1.000 1.000 1.000 1.000 1.000 1.000 0.998 0.992 0.615 0.516 0.456 0.354 0.317 0.311 0.283 0.291 0.294 0.282 0.284 0.268 0.266 0.231 0.202 0.195 0.181 0.180 0.155 0.129 0.104 0.085 0.066 0.049 0.035 0.025 0.018 0.012 0.009 0.007 0.005 0.016 0.009 0.007 0.005 0.004 0.003 0.002 0.001 0.001 0.001 0.001 0.000 0.000 0.000 0.000 0.000 0.000 0.000 0.000 0.000 0.000 0.000
1.000 1.000 1.000 1.000 1.000 1.000 1.000 1.000 0.999 0.997 0.982 0.578 0.416 0.379 0.353 0.315 0.328 0.343 0.310 0.336 0.339 0.318 0.283 0.248 0.239 0.214 0.220 0.205 0.184 0.168 0.139 0.110 0.089 0.068 0.049 0.038 0.026 0.019 0.014 0.010 0.019 0.017 0.012 0.009 0.006 0.004 0.003 0.002 0.002 0.002 0.002 0.001 0.001 0.001 0.000 0.000 0.000 0.000 0.000 0.000 0.000 0.000 0.000
1.000 1.000 1.000 1.000 1.000 1.000 1.000 1.000 1.000 0.998 0.982 0.532 0.436 0.419 0.404 0.366 0.389 0.362 0.370 0.355 0.358 0.336 0.303 0.302 0.267 0.241 0.245 0.227 0.211 0.192 0.182 0.144 0.118 0.094 0.072 0.053 0.041 0.028 0.020 0.016 0.023 0.018 0.013 0.009 0.008 0.005 0.004 0.004 0.003 0.003 0.002 0.002 0.001 0.001 0.001 0.001 0.001 0.001 0.001 0.001 0.001 0.001 0.001
1.000 1.000 1.000 1.000 1.000 1.000 1.000 1.000 1.000 0.998 0.967 0.559 0.476 0.473 0.403 0.424 0.457 0.428 0.440 0.425 0.431 0.411 0.376 0.340 0.306 0.279 0.257 0.265 0.243 0.220 0.213 0.178 0.156 0.123 0.096 0.074 0.058 0.042 0.032 0.032 0.025 0.019 0.014 0.011 0.008 0.007 0.005 0.005 0.005 0.004 0.003 0.002 0.001 0.001 0.001 0.001 0.001 0.001 0.002 0.002 0.002 0.002 0.002
1.000 1.000 1.000 1.000 1.000 1.000 1.000 1.000 1.000 1.000 1.000 0.999 0.530 0.466 0.458 0.483 0.523 0.492 0.514 0.503 0.524 0.591 0.561 0.518 0.414 0.374 0.340 0.310 0.284 0.257 0.255 0.216 0.195 0.167 0.139 0.112 0.084 0.066 0.052 0.036 0.028 0.021 0.016 0.012 0.010 0.008 0.007 0.006 0.006 0.004 0.003 0.002 0.002 0.001 0.002 0.003 0.004 0.005 0.005 0.005 0.004 0.000 0.000
1.000 1.000 1.000 1.000 1.000 1.000 1.000 1.000 1.000 1.000 1.000 1.000 1.000 0.999 0.996 0.624 0.585 0.719 0.671 0.999 0.991 0.972 0.940 0.759 0.648 0.522 0.467 0.369 0.343 0.319 0.289 0.252 0.239 0.216 0.209 0.173 0.140 0.122 0.099 0.080 0.033 0.026 0.020 0.015 0.012 0.009 0.008 0.006 0.005 0.004 0.003 0.003 0.004 0.005 0.008 0.011 0.013 0.013 0.012 0.010 0.000 0.143 0.153
1.000 1.000 1.000 1.000 1.000 1.000 1.000 1.000 1.000 1.000 1.000 1.000 1.000 1.000 1.000 1.000 1.000 1.000 1.000 1.000 0.999 0.998 0.995 0.988 0.972 0.830 0.713 0.594 0.506 0.428 0.406 0.379 0.301 0.288 0.230 0.198 0.184 0.190 0.076 0.058 0.043 0.032 0.023 0.017 0.012 0.009 0.008 0.007 0.006 0.006 0.007 0.010 0.014 0.019 0.025 0.029 0.029 0.027 0.148 0.164 0.180 0.196 0.212
1.000 1.000 1.000 1.000 1.000 1.000 1.000 1.000 1.000 1.000 1.000 1.000 1.000 1.000 1.000 1.000 1.000 1.000 1.000 1.000 1.000 1.000 0.999 0.999 0.999 0.998 0.996 0.999 0.997 0.993 0.986 0.972 0.955 0.925 0.872 0.778 0.109 0.104 0.091 0.069 0.046 0.033 0.023 0.017 0.012 0.010 0.010 0.010 0.012 0.017 0.024 0.032 0.040 0.048 0.055 0.116 0.128 0.142 0.214 0.239 0.264 0.290 0.317
1.000 1.000 1.000 1.000 1.000 1.000 1.000 1.000 1.000 1.000 1.000 1.000 1.000 1.000 1.000 1.000 1.000 1.000 1.000 1.000 1.000 0.999 0.999 0.999 0.999 0.999 0.999 1.000 0.999 0.999 0.999 0.998 0.996 0.993 0.987 0.973 0.942 0.105 0.093 0.070 0.047 0.034 0.024 0.018 0.015 0.016 0.019 0.025 0.036 0.047 0.057 0.067 0.078 0.133 0.153 0.174 0.197 0.223 0.327 0.367 0.407 0.391 0.421
1.000 1.000 1.000 1.000 1.000 1.000 1.000 1.000 1.000 1.000 1.000 1.000 1.000 1.000 1.000 1.000 1.000 1.000 1.000 1.000 1.000 0.999 0.999 0.999 0.999 1.000 1.000 1.000 0.999 0.999 0.999 0.999 0.999 0.999 0.998 0.997 0.994 0.988 0.980 0.972 0.965 0.962 0.955 0.936 0.891 0.807 0.697 0.548 0.075 0.089 0.129 0.151 0.177 0.208 0.241 0.278 0.316 0.357 0.390 0.454 0.495 0.569 0.621
1.000 1.000 1.000 1.000 1.000 1.000 1.000 1.000 1.000 1.000 1.000 1.000 1.000 1.000 1.000 1.000 1.000 1.000 1.000 1.000 1.000 0.999 0.999 0.999 1.000 1.000 1.000 1.000 0.999 0.999 0.999 0.999 0.999 0.999 0.999 0.999 0.998 0.998 0.996 0.995 0.993 0.991 0.987 0.976 0.945 0.879 0.797 0.677 0.161 0.174 0.206 0.245 0.293 0.342 0.396 0.451 0.508 0.548 0.604 0.665 0.701 0.749 0.673
1.000 1.000 1.000 1.000 1.000 1.000 1.000 1.000 1.000 1.000 1.000 1.000 1.000 1.000 1.000 1.000 1.000 1.000 1.000 1.000 0.999 0.999 0.999 1.000 1.000 1.000 1.000 1.000 0.999 0.999 0.999 0.999 0.999 0.999 0.999 0.999 0.998 0.998 0.997 0.997 0.996 0.995 0.993 0.987 0.965 0.923 0.868 0.822 0.253 0.297 0.355 0.417 0.482 0.552 0.623 0.686 0.735 0.768 0.806 0.735 0.902 0.903 0.903
1.000 1.000 1.000 1.000 1.000 1.000 1.000 1.000 1.000 1.000 1.000 1.000 1.000 1.000 1.000 1.000 1.000 1.000 1.000 1.000 0.999 0.999 0.999 1.000 1.000 1.000 1.000 1.000 0.999 0.999 0.999 0.999 0.999 0.999 0.999 0.999 0.998 0.998 0.998 0.997 0.997 0.996 0.995 0.991 0.977 0.954 0.937 0.905 0.431 0.501 0.590 0.642 0.725 0.788 0.838 0.871 0.904 0.895 0.911 0.923 0.930 0.934 0.931
1.000 1.000 1.000 1.000 1.000 1.000 1.000 1.000 1.000 1.000 1.000 1.000 1.000 1.000 1.000 1.000 1.000 1.000 1.000 1.000 1.000 1.000 1.000 1.000 1.000 1.000 1.000 1.000 0.999 0.999 0.999 0.999 0.999 0.999 0.999 0.999 0.999 0.998 0.998 0.998 0.997 0.996 0.995 0.993 0.987 0.979 0.967 0.949 0.924 0.751 0.818 0.855 0.898 0.904 0.893 0.914 0.926 0.934 0.940 0.943 0.943 0.945 0.937
1.000 1.000 1.000 1.000 1.000 1.000 1.000 1.000 1.000 1.000 1.000 1.000 1.000 1.000 1.000 1.000 1.000 1.000 1.000 1.000 1.000 1.000 1.000 1.000 1.000 1.000 1.000 1.000 1.000 0.999 0.999 0.999 0.999 0.999 0.999 0.999 0.999 0.999 0.998 0.998 0.997 0.997 0.996 0.995 0.993 0.991 0.985 0.977 0.967 0.960 0.963 0.966 0.968 0.948 0.953 0.956 0.958 0.959 0.957 0.952 0.947 0.948 0.948
1.000 1.000 1.000 1.000 1.000 1.000 1.000 1.000 1.000 1.000 1.000 1.000 1.000 1.000 1.000 1.000 1.000 1.000 1.000 1.000 1.000 1.000 1.000 1.000 1.000 1.000 1.000 1.000 1.000 1.000 0.999 0.999 0.999 0.999 0.999 0.999 0.999 0.999 0.999 0.998 0.998 0.997 0.997 0.997 0.997 0.996 0.994 0.992 0.990 0.981 0.981 0.982 0.963 0.963 0.964 0.965 0.961 0.962 0.960 0.960 0.959 0.951 0.950
