RESULTS/r.avaflow_results/12_results/12_ascii/12_treach.asc
ncols 506
nrows 317
xllcenter 498237.50
yllcenter 5580050.00
cellsize 12.50
NODATA_value -9999.000
[rows 189 to 215 of 317, columns 122 to 182 of 506]
12.843 12.843 12.843 13.029 13.029 13.213 13.394 13.752 14.103 14.448 15.463 16.470 18.161 18.674 18.845 18.845 18.674 17.991 16.975 16.975 17.821 19.353 19.866 20.211 20.384 20.732 21.080 21.254 21.602 21.776 21.949 22.292 22.633 22.972 23.310 23.480 23.817 23.985 24.321 24.657 24.993 25.495 26.164 27.003 28.011 29.357 31.049 -9999.000 -9999.000 -9999.000 -9999.000 -9999.000 -9999.000 -9999.000 -9999.000 -9999.000 -9999.000 -9999.000 -9999.000 -9999.000 -9999.000
12.462 12.462 12.462 12.653 12.653 12.843 13.029 13.394 13.752 14.448 15.463 17.482 18.332 18.503 18.845 18.845 19.015 19.015 19.184 19.353 19.523 19.694 19.866 20.038 20.384 20.558 20.906 21.254 21.602 21.776 22.121 22.463 22.803 22.972 23.310 23.480 23.817 23.985 24.321 24.657 25.160 25.662 26.500 27.171 28.179 29.188 30.541 32.415 -9999.000 -9999.000 -9999.000 -9999.000 -9999.000 -9999.000 -9999.000 -9999.000 -9999.000 -9999.000 -9999.000 -9999.000 -9999.000
12.072 12.072 12.072 12.268 12.268 12.462 12.843 13.029 13.574 14.448 15.967 17.651 18.161 18.332 18.503 18.674 18.845 18.845 19.015 19.184 19.353 19.523 19.694 19.866 20.211 20.384 20.732 21.080 21.254 21.602 21.949 22.292 22.463 22.803 22.972 23.310 23.648 23.817 24.153 24.489 24.993 25.662 26.332 27.003 27.842 28.852 30.033 31.390 -9999.000 -9999.000 -9999.000 -9999.000 -9999.000 -9999.000 -9999.000 -9999.000 -9999.000 -9999.000 -9999.000 -9999.000 -9999.000
11.724 11.724 11.724 11.724 11.922 12.268 12.462 12.653 13.394 14.448 17.144 17.651 17.821 17.991 18.161 18.332 18.503 18.674 18.845 19.015 19.184 19.353 19.523 19.694 19.866 20.211 20.558 20.732 21.080 21.428 21.776 22.121 22.292 22.633 22.803 23.141 23.310 23.648 23.985 24.321 24.825 25.327 25.997 26.668 27.507 28.347 29.357 30.710 -9999.000 -9999.000 -9999.000 -9999.000 -9999.000 -9999.000 -9999.000 -9999.000 -9999.000 -9999.000 -9999.000 -9999.000 -9999.000
11.119 11.322 11.322 11.524 11.524 11.922 12.072 12.462 13.394 16.470 16.975 17.313 17.482 17.651 17.821 17.991 18.161 18.332 18.503 18.674 18.845 19.015 19.184 19.353 19.694 19.866 20.211 20.558 20.906 21.254 21.602 21.776 22.121 22.292 22.633 22.803 23.141 23.310 23.648 23.985 24.489 25.160 25.662 26.332 27.003 27.842 28.852 30.033 -9999.000 -9999.000 -9999.000 -9999.000 -9999.000 -9999.000 -9999.000 -9999.000 -9999.000 -9999.000 -9999.000 -9999.000 -9999.000
10.708 10.915 10.915 11.119 11.322 11.524 11.724 12.268 13.574 16.470 16.807 16.975 17.144 17.482 17.651 17.821 17.991 18.161 18.161 18.332 18.503 18.674 18.845 19.184 19.353 19.694 20.038 20.211 20.558 20.906 21.254 21.602 21.776 21.949 22.292 22.463 22.803 22.972 23.310 23.817 24.153 24.825 25.327 25.997 26.668 27.339 28.179 29.357 30.710 -9999.000 -9999.000 -9999.000 -9999.000 -9999.000 -9999.000 -9999.000 -9999.000 -9999.000 -9999.000 -9999.000 -9999.000
10.499 10.499 10.499 10.708 10.915 11.119 11.524 12.268 15.799 16.302 16.470 16.638 16.975 17.144 17.313 17.482 17.651 17.821 17.991 18.161 18.332 18.503 18.674 18.845 19.184 19.353 19.694 20.038 20.384 20.732 21.080 21.254 21.428 21.776 21.949 22.121 22.463 22.633 22.972 23.480 23.817 24.321 24.993 25.662 26.332 27.003 27.842 28.852 29.864 31.390 -9999.000 -9999.000 -9999.000 -9999.000 -9999.000 -9999.000 -9999.000 -9999.000 -9999.000 143.800 134.038
10.071 10.071 10.287 10.499 10.708 10.915 11.322 12.462 15.631 15.967 16.134 16.302 16.638 16.807 16.975 17.144 17.313 17.482 17.651 17.821 17.991 18.161 18.332 18.503 18.845 19.015 19.353 19.694 20.038 20.384 20.732 20.906 21.254 21.428 21.602 21.776 22.121 22.292 22.633 22.972 23.480 24.153 24.825 25.495 26.164 27.003 27.675 28.515 29.357 30.372 31.732 54.430 51.786 50.745 50.264 50.421 51.786 54.612 58.631 63.230 70.403
9.625 9.625 9.851 10.071 10.287 10.499 11.322 14.958 15.295 15.631 15.799 15.967 16.302 16.470 16.638 16.807 16.975 17.144 17.313 17.482 17.651 17.821 17.991 18.332 18.503 18.845 19.015 19.353 19.694 20.038 20.384 20.558 20.906 21.080 21.254 21.428 21.602 21.949 22.292 22.803 23.480 23.985 24.657 25.495 26.164 27.003 27.675 28.347 29.188 29.864 30.710 31.732 33.453 44.741 44.012 43.648 43.466 44.012 56.616 62.143 66.846
9.202 9.438 9.438 9.625 10.071 10.287 11.322 14.788 15.127 15.295 15.463 15.799 15.967 16.134 16.302 16.470 16.638 16.807 16.975 17.144 17.313 17.482 17.651 17.991 18.161 18.503 18.845 19.184 19.523 19.866 20.038 20.211 20.558 20.732 20.906 21.080 21.254 21.602 22.121 22.803 23.310 23.985 24.825 25.495 26.164 27.003 27.675 28.347 29.020 29.864 30.541 31.390 32.073 33.106 34.328 36.274 38.056 38.952 40.931 62.330 67.209
8.808 9.010 9.202 9.438 9.625 10.071 13.928 14.448 14.788 14.958 15.127 15.463 15.631 15.799 15.967 16.134 16.470 16.638 16.638 16.807 16.975 17.144 17.313 17.651 17.821 18.161 18.503 18.845 19.184 19.523 19.694 19.866 20.038 20.211 20.384 20.732 21.080 21.428 22.121 22.803 23.480 24.153 24.825 25.662 26.332 27.003 27.675 28.347 29.020 29.695 30.541 31.220 31.902 32.759 33.628 34.679 35.741 37.164 39.131 63.053 68.212
8.365 8.584 8.808 9.010 9.438 10.071 13.752 14.103 14.448 14.619 14.788 15.127 15.295 15.463 15.631 15.799 15.967 16.302 16.302 16.470 16.638 16.807 16.975 17.313 17.482 17.821 18.161 18.503 18.845 19.184 19.353 19.523 19.694 19.866 20.038 20.384 20.906 21.428 22.121 22.972 23.817 24.489 25.327 25.997 26.500 27.171 27.842 28.515 29.188 29.864 30.541 31.220 31.902 32.759 33.453 34.503 35.563 36.808 38.773 63.937 70.403
7.937 8.149 8.365 8.808 9.010 10.071 13.574 13.752 14.103 14.276 14.448 14.619 14.958 15.127 15.295 15.463 15.631 15.799 15.967 16.134 16.302 16.470 16.638 16.807 17.144 17.482 17.821 18.161 18.503 18.845 19.015 19.184 19.353 19.523 19.866 20.211 20.906 21.602 22.633 23.648 24.489 25.160 25.829 26.500 27.003 27.675 28.179 28.852 29.357 30.033 30.541 31.220 31.902 32.759 33.628 34.503 35.563 36.808 39.131 65.258 72.553
7.558 7.794 8.149 8.365 8.808 12.843 13.213 13.394 13.752 13.928 14.103 14.276 14.619 14.788 14.958 15.127 15.295 15.463 15.631 15.799 15.967 16.134 16.302 16.470 16.807 17.144 17.482 17.821 18.161 18.503 18.674 19.015 19.184 19.353 19.694 20.211 20.906 22.972 23.985 24.657 25.327 25.997 26.500 27.171 27.675 28.179 28.683 29.357 29.864 30.372 31.049 31.561 32.244 32.932 33.802 34.679 35.741 37.342 41.835 66.846 75.330
7.097 7.326 7.794 7.937 8.808 12.653 12.843 13.029 13.394 13.574 13.752 13.928 14.276 14.448 14.619 14.788 14.958 15.127 15.295 15.463 15.631 15.799 15.967 16.134 16.470 16.807 17.144 17.651 17.991 18.161 18.503 18.674 18.845 19.184 19.694 20.384 23.480 24.489 25.160 25.829 26.332 26.836 27.339 27.842 28.347 28.852 29.526 30.033 30.541 31.049 31.561 32.244 32.932 33.628 34.503 35.386 36.986 39.670 49.483 69.356 80.341
6.860 7.097 7.326 7.794 8.808 12.268 12.462 12.653 13.029 13.213 13.394 13.574 13.928 14.103 14.276 14.448 14.619 14.788 14.958 15.127 15.127 15.295 15.463 15.799 16.134 16.470 16.975 17.482 17.821 17.991 18.161 18.332 18.674 19.184 19.866 -9999.000 -9999.000 -9999.000 27.339 27.339 27.339 27.675 28.179 28.683 29.188 29.695 30.372 30.879 31.390 31.902 32.587 33.106 33.977 34.679 35.741 37.164 39.850 45.288 57.346 78.545 91.212
6.357 6.620 7.097 7.558 11.724 11.922 12.072 12.268 12.653 12.843 13.029 13.213 13.394 13.752 13.928 14.103 14.276 14.448 14.448 14.619 14.788 14.958 15.127 15.463 15.967 16.470 16.975 17.313 17.482 17.821 17.991 18.161 18.674 19.184 -9999.000 -9999.000 -9999.000 -9999.000 -9999.000 -9999.000 30.203 29.695 29.695 29.864 30.203 30.710 31.390 31.902 32.587 33.106 33.802 34.503 35.386 36.629 38.414 41.111 45.836 52.743 75.330 92.645 -9999.000
5.908 6.357 6.620 7.326 11.322 11.524 11.724 11.922 12.268 12.462 12.653 12.843 13.029 13.213 13.394 13.574 13.752 13.928 14.103 14.276 14.448 14.619 14.958 15.295 15.967 16.470 16.807 17.144 17.313 17.651 17.821 17.991 18.674 -9999.000 -9999.000 -9999.000 -9999.000 -9999.000 -9999.000 -9999.000 37.164 33.106 32.244 32.244 32.244 32.759 33.453 34.152 35.032 35.918 36.986 38.056 39.491 40.931 42.922 47.059 52.574 61.585 92.879 -9999.000 -9999.000
5.460 5.908 6.357 7.326 10.915 11.119 11.322 11.724 11.922 12.072 12.268 12.462 12.653 12.843 13.029 13.213 13.394 13.574 13.752 13.928 14.103 14.276 14.788 15.295 15.967 16.470 16.638 16.975 17.144 17.313 17.651 17.991 18.674 -9999.000 -9999.000 -9999.000 -9999.000 -9999.000 -9999.000 -9999.000 -9999.000 41.111 38.593 38.414 38.952 43.285 46.883 47.394 47.224 46.883 46.709 46.541 46.709 47.558 49.483 53.520 60.284 93.348 -9999.000 -9999.000 -9999.000
5.052 5.460 6.143 10.071 10.499 10.708 10.915 11.322 11.524 11.724 11.922 11.922 12.072 12.268 12.462 12.843 13.029 13.213 13.394 13.574 13.752 14.103 14.788 15.295 15.967 16.302 16.470 16.807 16.975 17.144 17.482 17.991 -9999.000 -9999.000 -9999.000 -9999.000 -9999.000 -9999.000 -9999.000 -9999.000 -9999.000 -9999.000 -9999.000 -9999.000 -9999.000 -9999.000 -9999.000 -9999.000 -9999.000 -9999.000 -9999.000 -9999.000 -9999.000 -9999.000 -9999.000 -9999.000 -9999.000 -9999.000 -9999.000 -9999.000 -9999.000
4.823 5.277 5.908 9.625 10.071 10.287 10.499 10.915 11.119 11.322 11.322 11.524 11.724 11.922 12.072 12.268 12.653 12.843 13.029 13.213 13.574 14.103 14.788 15.631 15.967 16.134 16.302 16.470 16.807 16.975 17.313 17.991 -9999.000 -9999.000 -9999.000 -9999.000 -9999.000 -9999.000 -9999.000 -9999.000 -9999.000 -9999.000 -9999.000 -9999.000 -9999.000 -9999.000 -9999.000 -9999.000 -9999.000 -9999.000 -9999.000 -9999.000 -9999.000 -9999.000 -9999.000 -9999.000 -9999.000 -9999.000 -9999.000 -9999.000 -9999.000
4.367 4.823 5.679 9.202 9.625 9.851 10.071 10.499 10.708 10.708 10.915 11.119 11.119 11.322 11.724 11.922 12.268 12.462 12.653 13.029 13.574 14.276 15.127 15.463 15.799 15.967 16.134 16.302 16.470 16.807 17.313 -9999.000 -9999.000 -9999.000 -9999.000 -9999.000 -9999.000 -9999.000 -9999.000 -9999.000 -9999.000 -9999.000 -9999.000 -9999.000 -9999.000 -9999.000 -9999.000 -9999.000 -9999.000 -9999.000 -9999.000 -9999.000 -9999.000 -9999.000 -9999.000 -9999.000 -9999.000 -9999.000 -9999.000 -9999.000 -9999.000
3.917 4.593 5.679 8.584 9.010 9.438 9.625 10.071 10.071 10.287 10.499 10.499 10.708 10.915 11.322 11.524 11.922 12.268 12.462 12.843 13.574 14.619 15.127 15.463 15.631 15.799 15.967 16.134 16.302 16.638 17.313 -9999.000 -9999.000 -9999.000 -9999.000 -9999.000 -9999.000 -9999.000 -9999.000 -9999.000 -9999.000 -9999.000 -9999.000 -9999.000 -9999.000 -9999.000 -9999.000 -9999.000 -9999.000 -9999.000 -9999.000 -9999.000 -9999.000 -9999.000 -9999.000 -9999.000 -9999.000 -9999.000 -9999.000 -9999.000 -9999.000
3.636 4.367 5.908 7.937 8.584 8.808 9.202 9.438 9.625 9.851 10.071 10.071 10.287 10.499 10.915 11.322 11.724 11.922 12.268 13.029 13.752 14.788 14.958 15.127 15.295 15.463 15.799 15.967 16.134 16.638 -9999.000 -9999.000 -9999.000 -9999.000 -9999.000 -9999.000 -9999.000 -9999.000 -9999.000 -9999.000 -9999.000 -9999.000 -9999.000 -9999.000 -9999.000 -9999.000 -9999.000 -9999.000 -9999.000 -9999.000 -9999.000 -9999.000 -9999.000 -9999.000 -9999.000 -9999.000 -9999.000 -9999.000 -9999.000 -9999.000 -9999.000
3.165 4.146 6.143 7.558 8.149 8.584 8.808 9.010 9.202 9.438 9.438 9.625 9.851 10.287 10.708 11.119 11.524 11.724 12.268 13.029 14.276 14.619 14.788 14.958 15.127 15.295 15.463 15.799 16.134 16.638 -9999.000 -9999.000 -9999.000 -9999.000 -9999.000 -9999.000 -9999.000 -9999.000 -9999.000 -9999.000 -9999.000 -9999.000 -9999.000 -9999.000 -9999.000 -9999.000 -9999.000 -9999.000 -9999.000 -9999.000 -9999.000 -9999.000 -9999.000 -9999.000 -9999.000 -9999.000 -9999.000 -9999.000 -9999.000 -9999.000 -9999.000
2.950 4.146 6.143 7.326 7.794 8.149 8.365 8.584 8.808 9.010 9.010 9.202 9.625 10.071 10.499 10.915 11.322 11.724 12.268 13.752 14.103 14.448 14.619 14.788 14.958 15.127 15.295 15.631 15.967 16.807 -9999.000 -9999.000 -9999.000 -9999.000 -9999.000 -9999.000 -9999.000 -9999.000 -9999.000 -9999.000 -9999.000 -9999.000 -9999.000 -9999.000 -9999.000 -9999.000 -9999.000 -9999.000 -9999.000 -9999.000 -9999.000 -9999.000 -9999.000 -9999.000 -9999.000 -9999.000 -9999.000 -9999.000 -9999.000 -9999.000 -9999.000
2.662 3.917 5.908 6.860 7.326 7.794 7.937 8.149 8.365 8.584 8.808 9.010 9.438 10.071 10.499 10.915 11.119 11.524 12.462 13.752 13.928 14.103 14.276 14.448 14.619 14.788 15.127 15.463 15.967 -9999.000 -9999.000 -9999.000 -9999.000 -9999.000 -9999.000 -9999.000 -9999.000 -9999.000 -9999.000 -9999.000 -9999.000 -9999.000 -9999.000 -9999.000 -9999.000 -9999.000 -9999.000 -9999.000 -9999.000 -9999.000 -9999.000 -9999.000 -9999.000 -9999.000 -9999.000 -9999.000 -9999.000 -9999.000 -9999.000 -9999.000 -9999.000
