RESULTS/r.avaflow_results/12_results/12_ascii/12_vfront.asc
ncols 506
nrows 317
xllcenter 498237.50
yllcenter 5580050.00
cellsize 12.50
NODATA_value -9999.000
[rows 189 to 215 of 317, columns 62 to 123 of 506]
-9999.000 -9999.000 -9999.000 -9999.000 -9999.000 -9999.000 -9999.000 -9999.000 -9999.000 -9999.000 -9999.000 -9999.000 -9999.000 -9999.000 -9999.000 -9999.000 -9999.000 -9999.000 -9999.000 -9999.000 -9999.000 -9999.000 -9999.000 -9999.000 -9999.000 -9999.000 -9999.000 -9999.000 -9999.000 -9999.000 -9999.000 -9999.000 3.989 18.895 15.440 12.023 9.154 17.845 19.766 20.985 21.532 21.665 21.706 21.653 21.679 21.475 21.353 20.976 20.753 21.249 21.464 21.907 22.378 22.880 23.226 23.173 23.984 25.077 26.291 26.045 25.960 25.983
-9999.000 -9999.000 -9999.000 -9999.000 -9999.000 -9999.000 -9999.000 -9999.000 -9999.000 -9999.000 -9999.000 -9999.000 -9999.000 -9999.000 -9999.000 -9999.000 -9999.000 -9999.000 -9999.000 -9999.000 -9999.000 -9999.000 -9999.000 -9999.000 -9999.000 -9999.000 -9999.000 -9999.000 -9999.000 -9999.000 3.339 2.658 22.434 16.955 11.873 7.170 16.091 17.869 19.204 20.402 21.179 21.470 21.689 21.820 21.956 22.190 22.352 22.011 21.538 21.669 22.331 22.823 23.242 23.020 23.447 23.839 24.453 25.308 25.779 26.082 26.117 25.985
-9999.000 -9999.000 -9999.000 -9999.000 -9999.000 -9999.000 -9999.000 -9999.000 -9999.000 -9999.000 -9999.000 -9999.000 -9999.000 -9999.000 -9999.000 -9999.000 -9999.000 -9999.000 -9999.000 -9999.000 -9999.000 -9999.000 -9999.000 -9999.000 -9999.000 -9999.000 -9999.000 -9999.000 -9999.000 3.900 2.569 1.274 20.275 14.117 7.024 15.464 16.914 17.577 18.557 19.874 20.509 20.806 21.451 21.821 22.251 22.787 22.695 22.590 22.245 22.615 22.508 22.949 23.234 23.515 23.903 24.337 24.959 25.227 26.021 26.241 26.169 26.115
-9999.000 -9999.000 -9999.000 -9999.000 -9999.000 -9999.000 -9999.000 -9999.000 -9999.000 -9999.000 -9999.000 -9999.000 -9999.000 -9999.000 -9999.000 -9999.000 -9999.000 -9999.000 -9999.000 -9999.000 -9999.000 -9999.000 -9999.000 -9999.000 -9999.000 -9999.000 -9999.000 -9999.000 -9999.000 3.639 1.663 0.727 19.088 10.723 15.075 16.847 17.048 17.139 18.284 19.080 19.615 20.228 20.577 21.554 22.276 23.155 23.216 23.055 22.543 22.771 23.115 23.452 23.728 24.050 23.714 24.126 24.762 25.708 26.239 26.487 26.423 26.435
-9999.000 -9999.000 -9999.000 -9999.000 -9999.000 -9999.000 -9999.000 -9999.000 -9999.000 -9999.000 -9999.000 -9999.000 -9999.000 -9999.000 -9999.000 -9999.000 -9999.000 -9999.000 -9999.000 -9999.000 -9999.000 -9999.000 -9999.000 -9999.000 -9999.000 -9999.000 -9999.000 -9999.000 6.584 3.801 1.668 27.103 19.240 14.612 17.390 17.757 17.302 17.005 17.688 18.166 18.870 19.590 19.983 21.092 22.073 23.085 23.868 23.074 23.173 23.311 23.543 23.801 23.234 23.576 23.963 24.433 24.993 25.889 26.559 25.791 25.931 26.708
-9999.000 -9999.000 -9999.000 -9999.000 -9999.000 -9999.000 -9999.000 -9999.000 -9999.000 -9999.000 -9999.000 -9999.000 -9999.000 -9999.000 -9999.000 -9999.000 -9999.000 -9999.000 -9999.000 -9999.000 -9999.000 -9999.000 -9999.000 -9999.000 -9999.000 -9999.000 -9999.000 -9999.000 7.733 4.580 2.142 28.381 20.475 18.040 18.722 18.669 17.957 17.189 17.086 17.619 18.231 18.865 19.329 20.581 21.651 22.685 23.464 23.265 23.554 22.865 22.970 23.189 23.447 23.726 24.104 24.531 25.055 25.784 25.664 25.902 26.132 27.183
-9999.000 -9999.000 -9999.000 -9999.000 -9999.000 -9999.000 -9999.000 -9999.000 -9999.000 -9999.000 -9999.000 -9999.000 -9999.000 -9999.000 -9999.000 -9999.000 -9999.000 -9999.000 -9999.000 -9999.000 -9999.000 -9999.000 -9999.000 -9999.000 -9999.000 -9999.000 -9999.000 -9999.000 8.619 5.914 3.299 30.597 18.168 19.772 19.814 19.376 18.003 17.464 17.066 17.372 17.775 18.451 18.953 20.179 21.068 21.951 22.735 23.274 22.657 22.949 23.133 23.281 23.616 23.894 24.196 24.548 24.291 24.787 25.318 25.870 27.151 27.414
-9999.000 -9999.000 -9999.000 -9999.000 -9999.000 -9999.000 -9999.000 -9999.000 -9999.000 -9999.000 -9999.000 -9999.000 -9999.000 -9999.000 -9999.000 -9999.000 -9999.000 -9999.000 -9999.000 -9999.000 -9999.000 -9999.000 -9999.000 -9999.000 -9999.000 -9999.000 -9999.000 -9999.000 9.227 7.303 30.205 31.856 20.363 20.651 20.291 19.646 18.378 17.840 17.247 17.364 17.705 18.388 18.833 19.997 20.755 21.300 22.373 22.474 22.486 22.610 22.944 23.223 23.601 23.987 24.263 23.751 24.157 24.599 24.875 25.477 27.029 27.361
-9999.000 -9999.000 -9999.000 -9999.000 -9999.000 -9999.000 -9999.000 -9999.000 -9999.000 -9999.000 -9999.000 -9999.000 -9999.000 -9999.000 -9999.000 -9999.000 -9999.000 -9999.000 -9999.000 -9999.000 -9999.000 -9999.000 -9999.000 -9999.000 -9999.000 -9999.000 -9999.000 -9999.000 -9999.000 8.682 30.648 19.910 21.170 21.009 20.716 19.787 18.602 18.268 18.047 17.532 17.788 18.373 19.265 19.766 20.383 21.356 21.443 22.115 22.385 22.385 22.622 23.056 23.424 23.975 23.631 23.731 23.944 24.230 24.764 25.225 26.452 26.712
-9999.000 -9999.000 -9999.000 -9999.000 -9999.000 -9999.000 -9999.000 -9999.000 -9999.000 -9999.000 -9999.000 -9999.000 -9999.000 -9999.000 -9999.000 -9999.000 -9999.000 -9999.000 -9999.000 -9999.000 -9999.000 -9999.000 -9999.000 -9999.000 -9999.000 -9999.000 -9999.000 -9999.000 -9999.000 10.506 31.057 20.856 21.267 21.041 20.996 19.902 19.342 18.460 18.395 18.316 18.465 18.477 19.324 19.772 20.554 20.849 21.308 21.763 22.295 22.435 22.612 22.914 22.638 23.130 23.531 23.777 23.825 23.973 24.328 24.807 26.023 26.977
-9999.000 -9999.000 -9999.000 -9999.000 -9999.000 -9999.000 -9999.000 -9999.000 -9999.000 -9999.000 -9999.000 -9999.000 -9999.000 -9999.000 -9999.000 -9999.000 -9999.000 -9999.000 -9999.000 -9999.000 -9999.000 -9999.000 -9999.000 -9999.000 -9999.000 -9999.000 -9999.000 -9999.000 -9999.000 30.979 20.256 21.376 21.231 21.047 21.060 20.642 19.625 19.223 18.470 18.518 18.652 19.044 19.375 20.189 20.294 20.862 21.487 21.021 21.317 21.675 21.826 22.133 22.513 22.980 23.390 23.574 23.708 23.812 23.984 24.229 25.444 26.238
-9999.000 -9999.000 -9999.000 -9999.000 -9999.000 -9999.000 -9999.000 -9999.000 -9999.000 -9999.000 -9999.000 -9999.000 -9999.000 -9999.000 -9999.000 -9999.000 -9999.000 -9999.000 -9999.000 -9999.000 -9999.000 -9999.000 -9999.000 -9999.000 -9999.000 -9999.000 -9999.000 -9999.000 -9999.000 30.825 21.029 21.652 21.356 20.874 20.801 20.477 19.654 19.389 19.209 19.248 18.902 19.296 19.917 20.094 20.557 20.192 20.508 20.894 21.078 21.395 21.731 22.138 22.537 22.883 23.254 23.403 23.435 23.482 23.558 24.653 24.739 25.401
-9999.000 -9999.000 -9999.000 -9999.000 -9999.000 -9999.000 -9999.000 -9999.000 -9999.000 -9999.000 -9999.000 -9999.000 -9999.000 -9999.000 -9999.000 -9999.000 -9999.000 -9999.000 -9999.000 -9999.000 -9999.000 -9999.000 -9999.000 -9999.000 -9999.000 -9999.000 -9999.000 -9999.000 29.670 30.830 21.655 21.951 21.391 20.646 20.338 20.062 20.225 20.175 19.499 19.589 19.800 19.593 19.946 19.828 20.178 20.410 20.651 20.784 20.893 21.240 21.532 22.019 22.534 22.072 22.300 22.453 22.482 23.464 23.417 23.194 23.926 24.653
-9999.000 -9999.000 -9999.000 -9999.000 -9999.000 -9999.000 -9999.000 -9999.000 -9999.000 -9999.000 -9999.000 -9999.000 -9999.000 -9999.000 -9999.000 -9999.000 -9999.000 -9999.000 -9999.000 -9999.000 -9999.000 -9999.000 -9999.000 -9999.000 -9999.000 -9999.000 -9999.000 -9999.000 30.249 30.984 22.125 22.274 21.341 20.802 20.484 20.359 19.972 20.155 20.266 19.739 20.025 20.381 20.056 20.163 20.301 20.503 20.629 20.599 20.479 20.609 20.940 20.668 21.198 21.572 21.833 22.121 22.194 23.047 22.862 23.734 23.428 24.155
-9999.000 -9999.000 -9999.000 -9999.000 -9999.000 -9999.000 -9999.000 -9999.000 -9999.000 -9999.000 -9999.000 -9999.000 -9999.000 -9999.000 -9999.000 -9999.000 -9999.000 -9999.000 -9999.000 -9999.000 -9999.000 -9999.000 -9999.000 -9999.000 -9999.000 -9999.000 -9999.000 30.716 30.455 21.684 22.466 22.291 21.614 20.244 19.505 19.262 20.092 20.533 20.082 20.391 20.730 20.482 20.646 19.812 19.660 19.626 19.516 19.229 19.076 19.171 19.434 19.998 20.585 20.812 21.076 21.419 21.604 22.563 22.328 23.088 22.745 23.530
-9999.000 -9999.000 -9999.000 -9999.000 -9999.000 -9999.000 -9999.000 -9999.000 -9999.000 -9999.000 -9999.000 -9999.000 -9999.000 -9999.000 -9999.000 -9999.000 -9999.000 -9999.000 -9999.000 -9999.000 -9999.000 -9999.000 -9999.000 -9999.000 -9999.000 -9999.000 -9999.000 31.879 31.091 22.422 22.876 22.062 20.995 20.117 19.217 18.755 19.752 19.652 20.280 20.888 20.618 20.955 20.279 20.088 19.762 19.474 19.018 18.681 18.588 18.653 18.912 19.287 19.700 19.977 20.236 20.489 20.722 21.818 21.659 22.419 23.166 23.852
-9999.000 -9999.000 -9999.000 -9999.000 -9999.000 -9999.000 -9999.000 -9999.000 -9999.000 -9999.000 -9999.000 -9999.000 -9999.000 -9999.000 -9999.000 -9999.000 -9999.000 -9999.000 -9999.000 -9999.000 -9999.000 -9999.000 -9999.000 -9999.000 -9999.000 -9999.000 33.273 32.971 31.688 22.872 22.844 21.557 19.858 18.701 17.673 18.073 18.062 19.119 19.897 19.843 20.546 20.088 20.027 19.761 19.420 19.040 18.542 18.209 18.084 18.103 18.389 18.672 18.821 19.098 19.396 19.557 19.772 20.003 21.041 21.759 22.340 23.052
-9999.000 -9999.000 -9999.000 -9999.000 -9999.000 -9999.000 -9999.000 -9999.000 -9999.000 -9999.000 -9999.000 -9999.000 -9999.000 -9999.000 -9999.000 -9999.000 -9999.000 -9999.000 -9999.000 -9999.000 -9999.000 -9999.000 -9999.000 -9999.000 -9999.000 31.446 33.532 33.178 31.597 23.106 22.808 21.204 19.176 18.012 17.006 16.439 17.256 17.386 18.284 19.030 19.060 19.487 18.576 18.265 17.922 17.535 17.097 16.913 16.784 16.838 16.988 17.128 17.205 17.353 17.504 17.724 19.022 19.341 20.356 21.030 21.602 23.121
-9999.000 -9999.000 -9999.000 -9999.000 0.108 0.050 0.053 0.076 0.109 0.109 0.090 -9999.000 -9999.000 -9999.000 -9999.000 -9999.000 -9999.000 -9999.000 -9999.000 -9999.000 -9999.000 -9999.000 -9999.000 -9999.000 27.867 31.026 33.085 32.847 31.340 23.427 22.301 19.876 17.476 16.306 15.337 14.832 15.671 15.621 16.501 17.397 17.342 17.661 17.578 17.337 17.012 16.578 16.254 16.170 16.234 15.436 15.308 15.304 15.367 15.407 16.460 16.640 16.979 18.447 19.608 20.350 20.809 22.339
-9999.000 -9999.000 -9999.000 0.175 0.081 0.060 0.060 0.095 0.135 0.153 0.124 0.099 0.098 -9999.000 -9999.000 -9999.000 -9999.000 -9999.000 -9999.000 -9999.000 -9999.000 -9999.000 -9999.000 23.598 26.766 29.607 31.671 32.122 30.418 28.771 22.122 19.245 16.799 14.581 13.622 12.950 13.733 13.739 14.548 15.532 16.494 15.869 15.574 15.263 14.936 14.398 14.286 14.360 14.728 14.815 14.680 14.576 14.442 14.355 14.449 14.679 15.998 16.330 18.602 19.423 20.039 21.425
-9999.000 -9999.000 0.097 0.070 0.096 0.083 0.078 0.081 0.126 0.147 0.147 0.070 0.079 0.076 0.193 -9999.000 -9999.000 -9999.000 -9999.000 -9999.000 -9999.000 -9999.000 19.262 22.150 24.897 27.366 29.388 30.588 29.943 27.984 21.384 17.610 14.841 13.707 12.810 12.163 11.654 12.341 12.294 13.227 14.330 13.644 13.322 12.951 12.380 11.891 11.980 12.270 12.905 12.911 12.699 12.545 12.301 12.208 12.242 13.335 13.503 14.814 16.299 18.251 20.008 21.693
-9999.000 0.038 0.044 0.083 0.134 0.115 0.110 0.131 0.144 0.116 0.147 0.017 0.038 0.051 0.070 0.153 0.627 -9999.000 -9999.000 -9999.000 -9999.000 14.713 17.537 20.147 22.568 24.622 26.918 28.338 28.614 27.541 20.656 15.854 13.050 11.828 10.928 9.428 9.784 9.297 9.982 10.925 11.957 12.191 11.938 11.523 10.809 10.297 10.469 10.876 11.662 10.686 10.493 10.247 9.965 10.945 10.929 10.913 10.849 12.094 14.377 16.827 18.604 20.293
0.075 0.028 0.052 0.111 0.139 0.107 0.120 0.135 0.083 0.018 0.000 0.000 0.000 0.004 0.104 0.097 0.157 0.679 1.539 2.416 9.941 12.565 15.201 17.446 19.709 21.561 23.530 25.689 26.669 24.978 19.521 14.075 12.210 10.114 9.129 8.254 7.554 6.921 7.414 8.173 9.056 9.280 9.154 8.723 8.052 7.541 7.709 8.160 8.828 8.857 8.751 8.511 8.242 8.150 8.098 7.964 7.642 10.041 12.678 14.914 17.078 20.265
0.090 0.085 0.095 0.130 0.106 0.102 0.096 0.035 0.000 0.000 0.000 0.000 0.000 0.002 0.123 0.063 0.097 0.253 2.044 6.077 7.921 10.024 12.261 14.374 16.088 17.981 20.319 22.354 24.500 22.695 17.448 12.223 10.315 7.922 6.632 5.187 3.587 3.812 3.993 4.251 4.673 4.899 4.816 4.580 4.299 4.048 4.047 4.271 4.630 4.682 4.575 4.500 4.394 4.355 4.365 4.287 3.967 5.915 9.384 13.278 16.231 20.362
0.118 0.132 0.141 0.112 0.088 0.121 0.059 0.000 0.000 0.000 0.000 0.114 0.082 0.073 0.132 0.072 0.092 1.477 3.599 4.655 5.617 7.218 8.910 10.887 12.663 14.322 16.317 18.869 20.782 19.202 14.782 10.741 7.842 5.639 3.495 1.795 1.628 1.647 1.660 1.740 1.840 1.959 1.950 1.906 1.802 1.730 1.691 1.761 1.862 1.940 1.920 1.874 1.836 1.834 1.814 1.837 1.669 1.634 6.177 11.151 14.711 20.257
0.142 0.102 0.132 0.128 0.114 0.115 0.024 0.000 0.000 0.000 0.111 0.057 0.147 0.112 0.118 0.047 0.359 1.975 2.817 2.976 3.411 4.035 5.288 6.638 8.222 10.369 12.824 15.151 16.098 14.806 11.165 6.735 4.147 1.783 1.658 1.322 0.998 0.879 0.855 0.925 1.067 1.222 1.189 1.212 1.122 1.012 0.989 1.075 1.171 1.301 1.332 1.294 1.225 1.234 1.131 1.189 1.340 1.482 3.949 9.107 14.681 20.935
0.140 0.120 0.112 0.109 0.123 0.110 0.001 0.000 0.000 0.000 0.060 0.112 0.122 0.108 0.113 0.053 0.954 1.753 1.801 1.694 1.102 1.029 1.503 2.625 4.990 7.642 9.390 10.619 10.782 9.682 7.619 1.881 1.825 1.560 1.194 0.974 0.912 0.998 0.950 0.862 0.855 1.033 0.983 1.056 1.064 1.065 0.958 0.918 0.951 1.036 1.115 1.135 1.120 1.192 1.240 1.271 1.422 1.597 1.570 7.291 14.064 20.374
