RESULTS/r.avaflow_results/22_results/22_ascii/22_hflow_max0055.asc
ncols 506
nrows 317
xllcenter 498237.50
yllcenter 5580050.00
cellsize 12.50
NODATA_value -9999.000
[rows 170 to 203 of 317, columns 77 to 153 of 506]
0.000 0.000 0.000 0.000 0.000 0.000 0.000 0.001 0.002 0.003 0.006 0.010 0.018 0.029 0.045 0.059 0.071 0.081 0.093 0.104 0.120 0.150 0.208 0.293 0.381 0.471 0.534 0.585 0.652 0.871 1.201 1.518 1.823 2.119 2.413 2.708 3.058 3.514 3.978 4.302 4.436 4.501 4.610 4.846 5.292 5.939 6.608 7.285 7.975 8.471 8.860 9.298 10.168 12.313 15.454 19.460 23.224 26.690 30.521 34.276 37.314 39.356 39.914 39.331 37.795 35.479 33.406 31.479 29.768 28.509 27.133 25.916 25.034 24.342 23.786 23.324 22.894
0.000 0.000 0.000 0.000 0.000 0.000 0.001 0.002 0.005 0.009 0.015 0.025 0.042 0.065 0.092 0.118 0.139 0.158 0.180 0.203 0.236 0.289 0.371 0.453 0.531 0.625 0.719 0.849 1.094 1.579 2.012 2.351 2.618 2.854 3.090 3.342 3.637 4.046 4.491 4.829 5.023 5.195 5.453 5.823 6.383 7.101 7.872 8.778 9.713 10.316 10.656 10.949 11.468 12.877 15.367 19.091 23.255 27.544 32.177 36.361 39.329 40.838 41.089 40.091 38.259 36.026 33.839 31.836 30.139 28.860 27.944 27.163 26.510 25.986 25.668 25.656 25.945
0.000 0.000 0.000 0.000 0.000 0.000 0.002 0.005 0.010 0.018 0.029 0.046 0.071 0.103 0.140 0.179 0.219 0.260 0.300 0.342 0.397 0.470 0.544 0.600 0.672 0.812 0.985 1.282 1.905 2.463 2.840 3.077 3.257 3.430 3.607 3.809 4.070 4.397 4.770 5.145 5.459 5.771 6.173 6.678 7.365 8.224 9.142 10.218 11.239 11.894 12.208 12.346 12.469 13.059 14.904 18.218 22.463 27.425 32.596 36.941 39.703 41.099 41.169 40.052 38.149 36.011 33.937 32.102 30.692 29.549 28.760 28.068 27.466 27.035 27.007 27.452 28.351
0.000 0.000 0.000 0.000 0.000 0.001 0.003 0.008 0.015 0.025 0.039 0.060 0.089 0.126 0.169 0.220 0.280 0.347 0.415 0.481 0.551 0.620 0.678 0.730 0.799 1.003 1.312 1.921 2.683 3.191 3.490 3.660 3.771 3.884 4.030 4.200 4.402 4.648 4.926 5.272 5.665 6.108 6.629 7.265 8.100 9.134 10.227 11.348 12.293 12.920 13.237 13.259 13.115 13.337 14.363 16.934 20.891 26.145 31.973 36.421 39.053 40.421 40.488 39.441 37.549 35.724 33.919 32.361 31.194 30.240 29.368 28.524 27.867 27.665 27.919 28.737 29.880
0.000 0.000 0.000 0.000 0.000 0.001 0.004 0.009 0.017 0.028 0.044 0.067 0.098 0.138 0.187 0.248 0.322 0.413 0.511 0.597 0.674 0.741 0.802 0.868 0.935 1.159 1.563 2.354 3.220 3.733 4.016 4.160 4.224 4.271 4.393 4.559 4.665 4.816 5.021 5.282 5.660 6.150 6.752 7.503 8.473 9.638 10.832 11.987 12.879 13.466 13.746 13.744 13.599 13.498 13.660 15.358 18.793 24.291 30.465 34.942 37.713 38.994 39.078 38.066 36.694 35.241 33.739 32.502 31.567 30.663 29.756 28.871 28.222 28.089 28.635 29.592 30.779
0.000 0.000 0.000 0.000 0.000 0.001 0.004 0.009 0.018 0.029 0.046 0.070 0.102 0.144 0.197 0.264 0.350 0.459 0.586 0.697 0.785 0.861 0.936 1.008 1.075 1.279 1.737 2.590 3.588 4.171 4.477 4.593 4.627 4.641 4.708 4.830 4.873 4.921 5.043 5.221 5.510 5.971 6.653 7.931 8.917 9.773 11.020 12.170 13.092 13.655 13.871 13.935 13.743 13.367 12.881 13.585 16.426 21.661 28.067 32.708 35.570 36.832 36.917 36.315 35.482 34.392 33.099 32.124 31.214 30.388 29.518 28.584 28.056 28.072 28.555 29.639 30.775
0.000 0.000 0.000 0.000 0.000 0.001 0.004 0.009 0.018 0.029 0.046 0.070 0.103 0.146 0.201 0.271 0.364 0.483 0.634 0.781 0.892 0.987 1.080 1.152 1.244 1.378 1.954 2.958 3.855 4.543 4.888 4.979 4.994 4.997 4.991 4.998 4.993 4.977 5.009 5.103 5.307 5.716 7.222 8.797 9.798 10.283 10.981 12.170 13.083 13.590 13.819 13.898 13.639 13.052 12.228 12.390 14.955 19.369 25.193 29.950 32.767 34.140 34.507 34.325 33.772 32.857 31.712 30.865 29.939 28.929 27.976 27.130 26.755 26.892 27.713 29.021 30.455
0.000 0.000 0.000 0.000 0.000 0.001 0.004 0.009 0.017 0.028 0.045 0.069 0.102 0.146 0.201 0.273 0.367 0.491 0.653 0.841 0.996 1.119 1.227 1.305 1.417 1.524 2.560 3.513 4.255 4.875 5.238 5.336 5.331 5.285 5.186 5.088 5.035 4.999 5.002 5.061 5.223 5.620 7.891 9.577 10.491 10.785 10.952 12.008 12.879 13.356 13.625 13.657 13.313 12.617 11.660 11.712 13.852 17.594 22.508 26.965 29.626 31.230 31.793 31.735 31.236 30.358 29.296 28.466 27.471 26.318 25.108 24.281 24.062 24.531 25.607 27.410 29.322
0.000 0.000 0.000 0.000 0.000 0.001 0.003 0.008 0.015 0.025 0.041 0.065 0.098 0.142 0.199 0.271 0.366 0.490 0.654 0.869 1.080 1.244 1.378 1.468 1.585 2.100 3.176 4.058 4.704 5.191 5.527 5.622 5.586 5.461 5.321 5.172 5.071 5.003 5.004 5.080 5.231 5.820 8.269 10.048 10.879 11.049 10.998 11.735 12.565 13.057 13.259 13.272 12.906 12.113 11.084 11.025 12.765 15.953 20.106 23.722 26.314 27.796 28.307 28.177 27.667 26.843 25.926 24.855 23.679 22.535 21.475 20.878 20.940 21.477 22.835 24.988 27.339
0.000 0.000 0.000 0.000 0.000 0.000 0.002 0.006 0.011 0.020 0.033 0.054 0.086 0.130 0.186 0.259 0.354 0.478 0.644 0.866 1.129 1.355 1.526 1.629 1.735 2.770 3.766 4.524 5.117 5.518 5.751 5.801 5.728 5.598 5.421 5.227 5.099 5.040 5.040 5.135 5.324 5.982 8.389 10.261 11.059 11.164 11.113 11.489 12.127 12.622 12.795 12.772 12.402 11.601 10.485 10.353 11.663 14.250 17.651 20.284 22.603 23.765 24.065 23.785 23.350 22.764 22.055 21.284 20.247 19.086 18.266 17.914 18.045 18.707 20.112 22.369 24.898
0.000 0.000 0.000 0.000 0.000 0.000 0.001 0.003 0.006 0.012 0.020 0.036 0.062 0.101 0.154 0.223 0.314 0.434 0.598 0.826 1.122 1.426 1.657 1.782 2.104 3.369 4.303 4.936 5.419 5.759 5.915 5.912 5.833 5.688 5.499 5.291 5.195 5.186 5.177 5.240 5.429 6.077 8.279 10.283 11.113 11.194 11.146 11.368 11.670 12.111 12.241 12.206 11.813 11.013 9.822 9.679 10.639 12.568 15.205 17.082 18.736 19.524 19.506 19.390 19.254 18.936 18.453 17.649 16.588 15.662 15.127 15.068 15.422 16.269 17.663 19.716 22.233
0.000 0.000 0.000 0.000 0.000 0.000 0.000 0.001 0.003 0.006 0.010 0.019 0.035 0.061 0.102 0.158 0.232 0.332 0.479 0.704 1.032 1.428 1.752 1.923 2.819 3.919 4.701 5.249 5.624 5.893 6.015 6.001 5.917 5.782 5.643 5.483 5.375 5.350 5.379 5.392 5.500 6.106 7.895 10.087 11.052 11.195 11.107 11.084 11.394 11.606 11.633 11.547 11.145 10.365 9.187 8.900 9.525 10.891 12.819 14.498 15.621 16.045 16.075 15.910 15.647 15.277 14.724 13.945 13.059 12.494 12.209 12.280 12.756 13.720 15.114 16.922 19.023
0.000 0.000 0.000 0.000 0.000 0.000 0.000 0.000 0.001 0.002 0.004 0.008 0.015 0.028 0.050 0.086 0.136 0.209 0.317 0.488 0.826 1.308 1.779 2.319 3.540 4.396 4.978 5.414 5.730 5.956 6.101 6.121 6.045 5.951 5.893 5.792 5.679 5.610 5.603 5.571 5.589 6.091 7.214 9.547 10.700 11.048 10.947 10.823 10.971 11.048 11.019 10.793 10.326 9.566 8.517 8.085 8.450 9.323 10.689 12.166 12.994 13.226 13.062 12.737 12.381 11.948 11.372 10.650 10.054 9.702 9.565 9.691 10.167 11.066 12.358 13.876 15.667
0.000 0.000 0.000 0.000 0.000 0.000 0.000 0.000 0.000 0.001 0.002 0.003 0.006 0.011 0.020 0.035 0.058 0.096 0.170 0.324 0.603 1.071 1.893 3.118 4.109 4.767 5.183 5.496 5.786 6.014 6.172 6.257 6.240 6.161 6.133 6.122 6.084 5.986 5.893 5.792 5.734 5.998 7.143 8.667 9.934 10.565 10.536 10.482 10.491 10.436 10.258 9.881 9.275 8.522 7.814 7.665 7.630 8.038 8.872 9.915 10.508 10.663 10.480 10.144 9.740 9.273 8.698 8.054 7.577 7.314 7.207 7.316 7.723 8.457 9.493 10.815 12.246
0.000 0.000 0.000 0.000 0.000 0.000 0.000 0.000 0.000 0.000 0.000 0.001 0.002 0.004 0.008 0.014 0.026 0.051 0.141 0.348 0.757 1.482 2.625 3.788 4.546 5.039 5.336 5.551 5.824 6.094 6.252 6.372 6.441 6.433 6.443 6.483 6.508 6.448 6.319 6.131 5.930 5.816 7.023 8.191 9.144 9.700 10.063 10.105 10.008 9.782 9.366 8.724 7.958 7.547 7.419 7.279 7.130 7.098 7.484 8.044 8.439 8.533 8.374 8.090 7.719 7.265 6.704 6.111 5.869 5.860 5.880 5.938 6.051 6.244 6.814 7.921 9.097
0.000 0.000 0.000 0.000 0.000 0.000 0.000 0.000 0.000 0.000 0.000 0.000 0.001 0.002 0.003 0.009 0.032 0.099 0.268 0.625 1.254 2.207 3.330 4.240 4.870 5.218 5.417 5.590 5.833 6.125 6.509 6.619 6.569 6.694 6.838 6.958 7.005 6.970 6.832 6.557 6.194 5.917 6.838 7.923 8.662 9.217 9.510 9.539 9.377 8.941 8.228 7.330 7.108 7.023 6.949 6.860 6.746 6.602 6.521 6.724 6.899 6.910 6.739 6.481 6.144 5.732 5.350 5.238 5.153 5.096 5.061 5.053 5.094 5.215 5.504 5.907 6.549
0.000 0.000 0.000 0.000 0.000 0.000 0.000 0.000 0.000 0.000 0.000 0.000 0.000 0.002 0.006 0.019 0.062 0.187 0.490 1.086 2.017 3.065 3.958 4.602 5.092 5.351 5.470 5.601 5.814 6.296 6.645 6.769 6.796 6.848 7.122 7.348 7.445 7.425 7.237 6.921 6.494 6.014 6.510 7.445 8.074 8.524 8.671 8.646 8.392 7.778 6.835 6.533 6.372 6.333 6.340 6.346 6.319 6.220 6.059 5.875 5.829 5.742 5.545 5.283 5.088 4.938 4.782 4.630 4.498 4.388 4.299 4.236 4.214 4.260 4.461 4.709 4.905
0.000 0.000 0.000 0.000 0.000 0.000 0.000 0.000 0.000 0.000 0.000 0.000 0.001 0.004 0.012 0.038 0.119 0.344 0.853 1.780 2.986 3.903 4.478 4.916 5.263 5.448 5.524 5.577 5.710 6.063 6.456 6.663 6.772 6.820 7.198 7.511 7.637 7.614 7.486 7.155 6.612 5.971 6.008 6.746 7.377 7.619 7.625 7.464 7.045 6.287 6.020 5.759 5.566 5.526 5.590 5.695 5.772 5.763 5.650 5.477 5.287 5.102 4.938 4.788 4.613 4.427 4.242 4.060 3.887 3.727 3.589 3.480 3.402 3.360 3.410 3.460 3.433
0.000 0.000 0.000 0.000 0.000 0.000 0.000 0.000 0.000 0.000 0.000 0.001 0.003 0.009 0.025 0.076 0.224 0.604 1.408 2.745 3.983 4.655 4.986 5.197 5.391 5.512 5.560 5.562 5.581 5.665 5.990 6.173 6.327 6.550 6.941 7.318 7.554 7.591 7.397 6.949 6.294 5.525 5.323 6.008 6.411 6.497 6.387 6.054 5.473 5.339 5.262 5.101 4.910 4.809 4.823 4.935 5.087 5.165 5.146 5.034 4.873 4.701 4.539 4.371 4.158 3.930 3.716 3.509 3.303 3.102 2.923 2.767 2.620 2.468 2.345 2.225 2.131
0.000 0.000 0.000 0.000 0.000 0.000 0.000 0.000 0.000 0.000 0.001 0.003 0.007 0.018 0.051 0.146 0.407 1.015 2.170 3.778 4.892 5.374 5.509 5.542 5.551 5.566 5.559 5.534 5.436 5.307 5.295 5.387 5.629 5.990 6.399 6.751 6.859 6.655 6.258 5.758 5.173 4.504 4.729 5.064 5.226 5.210 4.998 4.589 4.623 4.632 4.606 4.524 4.383 4.246 4.188 4.212 4.319 4.432 4.486 4.470 4.379 4.240 4.084 3.909 3.687 3.431 3.189 2.959 2.727 2.493 2.269 2.046 1.806 1.658 1.675 1.667 1.625
0.000 0.000 0.000 0.000 0.000 0.000 0.000 0.000 0.001 0.001 0.003 0.006 0.014 0.036 0.097 0.269 0.702 1.625 3.176 4.748 5.693 6.019 6.040 5.921 5.777 5.623 5.548 5.390 5.172 4.888 4.711 4.755 4.955 5.209 5.283 5.012 4.410 3.962 3.771 3.533 3.700 3.891 3.987 4.019 4.015 3.952 3.833 3.958 4.017 4.034 4.032 3.993 3.905 3.779 3.671 3.612 3.599 3.635 3.679 3.706 3.681 3.589 3.446 3.271 3.061 2.812 2.557 2.312 2.062 1.804 1.535 1.414 1.378 1.365 1.388 1.375 1.343
0.000 0.000 0.000 0.000 0.000 0.000 0.000 0.001 0.002 0.003 0.006 0.012 0.028 0.068 0.176 0.465 1.144 2.478 4.299 5.678 6.383 6.566 6.497 6.269 5.992 5.765 5.475 5.123 4.770 4.453 4.219 4.117 4.105 3.902 3.369 3.240 3.211 3.177 3.227 3.327 3.395 3.355 3.277 3.225 3.173 3.103 3.287 3.423 3.492 3.515 3.518 3.497 3.436 3.332 3.208 3.090 2.987 2.902 2.837 2.792 2.755 2.684 2.562 2.393 2.193 1.963 1.717 1.474 1.235 1.160 1.180 1.193 1.196 1.217 1.223 1.211 1.195
0.000 0.000 0.000 0.000 0.000 0.001 0.002 0.003 0.004 0.006 0.012 0.024 0.051 0.120 0.300 0.755 1.772 3.590 5.360 6.477 6.952 7.014 6.901 6.588 6.202 5.814 5.347 4.869 4.424 4.052 3.686 3.298 3.260 3.198 3.115 3.111 3.070 3.041 3.035 3.005 2.915 2.832 2.781 2.723 2.665 2.617 2.770 2.941 3.015 3.041 3.042 3.021 2.970 2.877 2.748 2.595 2.432 2.263 2.101 1.955 1.823 1.696 1.558 1.415 1.334 1.197 1.082 1.023 1.003 1.008 1.042 1.099 1.136 1.156 1.163 1.146 1.122
0.000 0.000 0.000 0.001 0.002 0.003 0.004 0.005 0.007 0.011 0.021 0.042 0.090 0.203 0.483 1.159 2.608 4.692 6.257 7.048 7.363 7.430 7.191 6.844 6.349 5.713 5.149 4.587 4.020 3.433 2.769 2.711 2.840 2.932 3.001 3.007 2.972 2.853 2.633 2.594 2.555 2.499 2.423 2.347 2.279 2.235 2.256 2.461 2.563 2.588 2.587 2.561 2.505 2.413 2.276 2.097 1.884 1.656 1.446 1.343 1.394 1.399 1.396 1.352 1.247 1.095 0.987 0.929 0.920 0.965 1.024 1.083 1.135 1.155 1.154 1.137 1.100
0.000 0.001 0.001 0.003 0.004 0.005 0.007 0.009 0.011 0.019 0.035 0.072 0.151 0.332 0.760 1.730 3.623 5.652 6.882 7.417 7.672 7.617 7.437 6.987 6.257 5.535 4.803 4.061 3.253 2.419 1.971 2.434 2.740 2.868 2.924 2.926 2.878 2.747 2.501 2.290 2.235 2.160 2.077 1.992 1.930 1.888 1.857 1.910 2.063 2.116 2.116 2.090 2.026 1.910 1.742 1.518 1.272 1.046 1.186 1.307 1.358 1.368 1.354 1.295 1.178 1.031 0.935 0.891 0.906 0.984 1.064 1.117 1.162 1.185 1.186 1.163 1.118
0.001 0.002 0.003 0.005 0.006 0.008 0.011 0.013 0.018 0.032 0.060 0.119 0.246 0.528 1.163 2.555 4.695 6.372 7.193 7.668 7.785 7.730 7.469 6.810 5.973 5.034 4.032 3.021 2.028 1.694 2.085 2.517 2.763 2.831 2.860 2.862 2.802 2.641 2.339 1.974 1.917 1.848 1.763 1.662 1.583 1.525 1.475 1.429 1.403 1.485 1.508 1.484 1.405 1.261 1.063 0.851 0.785 0.988 1.163 1.286 1.330 1.338 1.320 1.244 1.110 0.984 0.913 0.890 0.934 1.043 1.134 1.186 1.215 1.233 1.237 1.219 1.177
0.003 0.004 0.005 0.007 0.010 0.012 0.015 0.020 0.030 0.054 0.102 0.199 0.400 0.832 1.791 3.658 5.682 6.784 7.342 7.632 7.749 7.688 7.121 6.253 5.054 3.763 2.550 1.564 1.511 1.793 2.220 2.562 2.773 2.842 2.839 2.823 2.742 2.523 2.168 1.856 1.678 1.572 1.484 1.400 1.289 1.133 1.069 1.002 0.925 0.843 0.810 0.792 0.733 0.632 0.498 0.563 0.814 1.019 1.176 1.285 1.323 1.322 1.291 1.196 1.055 0.956 0.908 0.908 0.993 1.135 1.226 1.273 1.301 1.319 1.322 1.308 1.273
0.004 0.006 0.008 0.011 0.014 0.017 0.022 0.030 0.050 0.092 0.175 0.333 0.642 1.285 2.750 4.891 6.244 6.912 7.285 7.476 7.499 7.025 6.091 4.602 3.148 1.882 1.419 1.427 1.567 1.884 2.324 2.620 2.774 2.849 2.856 2.827 2.705 2.427 2.022 1.761 1.635 1.541 1.462 1.387 1.279 1.101 0.857 0.649 0.582 0.516 0.444 0.368 0.300 0.274 0.386 0.587 0.853 1.073 1.228 1.309 1.332 1.322 1.273 1.145 1.017 0.945 0.914 0.943 1.072 1.244 1.352 1.399 1.423 1.445 1.452 1.445 1.432
0.007 0.009 0.012 0.015 0.019 0.024 0.032 0.048 0.085 0.159 0.298 0.554 1.027 1.974 3.795 5.582 6.438 6.793 7.058 7.157 6.665 5.422 3.701 2.246 1.631 1.468 1.400 1.435 1.625 1.991 2.408 2.669 2.767 2.812 2.843 2.808 2.645 2.303 1.900 1.684 1.590 1.520 1.453 1.372 1.253 1.071 0.821 0.595 0.443 0.342 0.272 0.225 0.224 0.279 0.399 0.617 0.896 1.124 1.287 1.364 1.371 1.336 1.264 1.122 1.010 0.957 0.959 1.018 1.188 1.374 1.492 1.563 1.603 1.623 1.637 1.645 1.642
0.011 0.014 0.017 0.022 0.027 0.035 0.049 0.079 0.143 0.268 0.500 0.914 1.647 2.875 4.577 5.778 6.330 6.577 6.688 6.223 4.835 3.080 2.149 1.779 1.561 1.441 1.399 1.467 1.695 2.098 2.458 2.669 2.739 2.763 2.771 2.737 2.556 2.170 1.804 1.636 1.549 1.490 1.441 1.372 1.242 1.038 0.784 0.570 0.429 0.337 0.269 0.222 0.229 0.290 0.420 0.658 0.950 1.180 1.344 1.420 1.424 1.380 1.284 1.123 1.031 1.023 1.040 1.134 1.343 1.543 1.667 1.748 1.823 1.864 1.875 1.864 1.815
0.016 0.020 0.025 0.031 0.039 0.052 0.078 0.132 0.240 0.444 0.810 1.431 2.324 3.593 4.902 5.676 6.027 6.219 5.883 4.614 3.191 2.421 1.987 1.695 1.510 1.421 1.405 1.507 1.763 2.177 2.520 2.683 2.729 2.740 2.725 2.647 2.413 2.023 1.725 1.598 1.531 1.482 1.441 1.366 1.227 1.009 0.752 0.546 0.413 0.330 0.268 0.222 0.234 0.299 0.443 0.706 1.013 1.245 1.398 1.467 1.467 1.425 1.311 1.156 1.095 1.092 1.131 1.280 1.528 1.743 1.886 1.962 2.022 2.055 2.042 1.981 1.904
0.023 0.029 0.036 0.044 0.057 0.080 0.126 0.221 0.399 0.725 1.269 1.961 2.763 3.932 4.903 5.363 5.671 5.636 4.990 3.758 2.747 2.205 1.856 1.620 1.467 1.397 1.417 1.548 1.826 2.229 2.532 2.686 2.720 2.728 2.705 2.578 2.294 1.886 1.641 1.540 1.493 1.463 1.428 1.356 1.209 0.982 0.723 0.527 0.401 0.320 0.262 0.221 0.238 0.308 0.460 0.746 1.079 1.317 1.454 1.505 1.492 1.447 1.316 1.192 1.167 1.179 1.265 1.494 1.766 1.955 2.096 2.180 2.200 2.185 2.122 2.052 1.945
0.033 0.041 0.049 0.061 0.082 0.123 0.204 0.359 0.644 1.121 1.708 2.283 2.980 4.008 4.684 5.029 5.161 4.960 4.219 3.221 2.483 2.049 1.751 1.541 1.416 1.374 1.417 1.565 1.874 2.267 2.525 2.656 2.702 2.712 2.679 2.538 2.194 1.790 1.577 1.487 1.448 1.427 1.400 1.328 1.189 0.963 0.698 0.513 0.395 0.317 0.258 0.218 0.244 0.318 0.483 0.786 1.140 1.388 1.517 1.553 1.531 1.464 1.324 1.248 1.250 1.298 1.450 1.749 2.013 2.163 2.259 2.318 2.320 2.255 2.184 2.069 1.906
0.044 0.055 0.067 0.087 0.123 0.192 0.321 0.555 0.946 1.467 1.946 2.385 3.037 3.898 4.369 4.634 4.642 4.379 3.757 2.888 2.305 1.938 1.672 1.485 1.390 1.365 1.420 1.573 1.890 2.287 2.535 2.658 2.700 2.706 2.675 2.488 2.083 1.715 1.547 1.467 1.430 1.413 1.390 1.313 1.165 0.933 0.667 0.490 0.385 0.312 0.254 0.216 0.249 0.327 0.512 0.835 1.197 1.456 1.596 1.627 1.581 1.499 1.356 1.320 1.339 1.427 1.652 1.987 2.216 2.331 2.379 2.393 2.364 2.316 2.193 2.007 1.714
