RESULTS/r.avaflow_results/22_results/22_ascii/22_hflow30032.asc
ncols 506
nrows 317
xllcenter 498237.50
yllcenter 5580050.00
cellsize 12.50
NODATA_value -9999.000
[rows 136 to 169 of 317, columns 154 to 230 of 506]
0.000 0.000 0.000 0.000 0.000 0.000 0.000 0.000 0.000 0.000 0.000 0.000 0.000 0.000 0.000 0.000 0.000 0.000 0.000 0.000 0.000 0.000 0.000 0.000 0.000 0.000 0.000 0.000 0.000 0.000 0.000 0.000 0.000 0.000 0.000 0.000 0.000 0.000 0.000 0.000 0.000 0.000 0.000 0.000 0.000 0.000 0.000 0.000 0.000 0.000 0.000 0.000 0.000 0.000 0.000 0.000 0.000 0.000 0.000 0.000 0.000 0.000 0.000 0.000 0.000 0.000 0.000 0.000 0.000 0.000 0.000 0.000 0.000 0.000 0.000 0.000 0.000
0.000 0.000 0.000 0.000 0.000 0.000 0.000 0.000 0.000 0.000 0.000 0.000 0.000 0.000 0.000 0.000 0.000 0.000 0.000 0.000 0.000 0.000 0.000 0.000 0.000 0.000 0.000 0.000 0.000 0.000 0.000 0.000 0.000 0.000 0.000 0.000 0.000 0.000 0.000 0.000 0.000 0.000 0.000 0.000 0.000 0.000 0.000 0.000 0.000 0.000 0.000 0.000 0.000 0.000 0.000 0.000 0.000 0.000 0.000 0.000 0.000 0.000 0.000 0.000 0.000 0.000 0.000 0.000 0.000 0.000 0.000 0.000 0.000 0.000 0.000 0.000 0.000
0.000 0.000 0.000 0.000 0.000 0.000 0.000 0.000 0.000 0.000 0.000 0.000 0.000 0.000 0.000 0.000 0.000 0.000 0.000 0.000 0.000 0.000 0.000 0.000 0.000 0.000 0.000 0.000 0.000 0.000 0.000 0.000 0.000 0.000 0.000 0.000 0.000 0.000 0.000 0.000 0.000 0.000 0.000 0.000 0.000 0.000 0.000 0.000 0.000 0.000 0.000 0.000 0.000 0.000 0.000 0.000 0.000 0.000 0.000 0.000 0.000 0.000 0.000 0.000 0.000 0.000 0.000 0.000 0.000 0.000 0.000 0.000 0.000 0.000 0.000 0.000 0.000
0.000 0.000 0.000 0.000 0.000 0.000 0.000 0.000 0.000 0.000 0.000 0.000 0.000 0.000 0.000 0.000 0.000 0.000 0.000 0.000 0.000 0.000 0.000 0.000 0.000 0.000 0.000 0.000 0.000 0.000 0.000 0.000 0.000 0.000 0.000 0.000 0.000 0.000 0.000 0.000 0.000 0.000 0.000 0.000 0.000 0.000 0.000 0.000 0.000 0.000 0.000 0.000 0.000 0.000 0.000 0.000 0.000 0.000 0.000 0.000 0.000 0.000 0.000 0.000 0.000 0.000 0.000 0.000 0.000 0.000 0.000 0.000 0.000 0.000 0.000 0.000 0.000
0.000 0.000 0.000 0.000 0.000 0.000 0.000 0.000 0.000 0.000 0.000 0.000 0.000 0.000 0.000 0.000 0.000 0.000 0.000 0.000 0.000 0.000 0.000 0.000 0.000 0.000 0.000 0.000 0.000 0.000 0.000 0.000 0.000 0.000 0.000 0.000 0.000 0.000 0.000 0.000 0.000 0.000 0.000 0.000 0.000 0.000 0.000 0.000 0.000 0.000 0.000 0.000 0.000 0.000 0.000 0.000 0.000 0.000 0.000 0.000 0.000 0.000 0.000 0.000 0.000 0.000 0.000 0.000 0.000 0.000 0.000 0.000 0.000 0.000 0.000 0.000 0.000
0.000 0.000 0.000 0.000 0.000 0.000 0.000 0.000 0.000 0.000 0.000 0.000 0.000 0.000 0.000 0.000 0.000 0.000 0.000 0.000 0.000 0.000 0.000 0.000 0.000 0.000 0.000 0.000 0.000 0.000 0.000 0.000 0.000 0.000 0.000 0.000 0.000 0.000 0.000 0.000 0.000 0.000 0.000 0.000 0.000 0.000 0.000 0.000 0.000 0.000 0.000 0.000 0.000 0.000 0.000 0.000 0.000 0.000 0.000 0.000 0.000 0.000 0.000 0.000 0.000 0.000 0.000 0.000 0.000 0.000 0.000 0.000 0.000 0.000 0.000 0.000 0.000
0.000 0.000 0.000 0.000 0.000 0.000 0.000 0.000 0.000 0.000 0.000 0.000 0.000 0.000 0.000 0.000 0.000 0.000 0.000 0.000 0.000 0.000 0.000 0.000 0.000 0.000 0.000 0.000 0.000 0.000 0.000 0.000 0.000 0.000 0.000 0.000 0.000 0.000 0.000 0.000 0.000 0.000 0.000 0.000 0.000 0.000 0.000 0.000 0.000 0.000 0.000 0.000 0.000 0.000 0.000 0.000 0.000 0.000 0.000 0.000 0.000 0.000 0.000 0.000 0.000 0.000 0.000 0.000 0.000 0.000 0.000 0.000 0.000 0.000 0.000 0.000 0.000
0.000 0.000 0.000 0.000 0.000 0.000 0.000 0.000 0.000 0.000 0.000 0.000 0.000 0.000 0.000 0.000 0.000 0.000 0.000 0.000 0.000 0.000 0.000 0.000 0.000 0.000 0.000 0.000 0.000 0.000 0.000 0.000 0.000 0.000 0.000 0.000 0.000 0.000 0.000 0.000 0.000 0.000 0.000 0.000 0.000 0.000 0.000 0.000 0.000 0.000 0.000 0.000 0.000 0.000 0.000 0.000 0.000 0.000 0.000 0.000 0.000 0.000 0.000 0.000 0.000 0.000 0.000 0.000 0.000 0.000 0.000 0.000 0.000 0.000 0.000 0.000 0.000
0.000 0.000 0.000 0.000 0.000 0.000 0.000 0.000 0.000 0.000 0.000 0.000 0.000 0.000 0.000 0.000 0.000 0.000 0.000 0.000 0.000 0.000 0.000 0.000 0.000 0.000 0.000 0.000 0.000 0.000 0.000 0.000 0.000 0.000 0.000 0.000 0.000 0.000 0.000 0.000 0.000 0.000 0.000 0.000 0.000 0.000 0.000 0.000 0.000 0.000 0.000 0.000 0.000 0.000 0.000 0.000 0.000 0.000 0.000 0.000 0.000 0.000 0.000 0.000 0.000 0.000 0.000 0.000 0.000 0.000 0.000 0.000 0.000 0.000 0.000 0.000 0.000
0.000 0.000 0.000 0.000 0.000 0.000 0.000 0.000 0.000 0.000 0.000 0.000 0.000 0.000 0.000 0.000 0.000 0.000 0.000 0.000 0.000 0.000 0.000 0.000 0.000 0.000 0.000 0.000 0.000 0.000 0.000 0.000 0.000 0.000 0.000 0.000 0.000 0.000 0.000 0.000 0.000 0.000 0.000 0.000 0.000 0.000 0.000 0.000 0.000 0.000 0.000 0.000 0.000 0.000 0.000 0.000 0.000 0.000 0.000 0.000 0.000 0.000 0.000 0.000 0.000 0.000 0.000 0.000 0.000 0.000 0.000 0.000 0.000 0.000 0.000 0.000 0.000
0.000 0.000 0.000 0.000 0.000 0.000 0.000 0.000 0.000 0.000 0.000 0.000 0.000 0.000 0.000 0.000 0.000 0.000 0.000 0.000 0.000 0.000 0.000 0.000 0.000 0.000 0.000 0.000 0.000 0.000 0.000 0.000 0.000 0.000 0.000 0.000 0.000 0.000 0.000 0.000 0.000 0.000 0.000 0.000 0.000 0.000 0.000 0.000 0.000 0.000 0.000 0.000 0.000 0.000 0.000 0.000 0.000 0.000 0.000 0.000 0.000 0.000 0.000 0.000 0.000 0.000 0.000 0.000 0.000 0.000 0.000 0.000 0.000 0.000 0.000 0.000 0.000
0.000 0.000 0.000 0.000 0.000 0.000 0.000 0.000 0.000 0.000 0.000 0.000 0.000 0.000 0.000 0.000 0.000 0.000 0.000 0.000 0.000 0.000 0.000 0.000 0.000 0.000 0.000 0.000 0.000 0.000 0.000 0.000 0.000 0.000 0.000 0.000 0.000 0.000 0.000 0.000 0.000 0.000 0.000 0.000 0.000 0.000 0.000 0.000 0.000 0.000 0.000 0.000 0.000 0.000 0.000 0.000 0.000 0.000 0.000 0.000 0.000 0.000 0.000 0.000 0.000 0.000 0.000 0.000 0.000 0.000 0.000 0.000 0.000 0.000 0.000 0.000 0.000
0.000 0.000 0.000 0.000 0.000 0.000 0.000 0.000 0.000 0.000 0.000 0.000 0.000 0.000 0.000 0.000 0.000 0.000 0.000 0.000 0.000 0.000 0.000 0.000 0.000 0.000 0.000 0.000 0.000 0.000 0.000 0.000 0.000 0.000 0.000 0.000 0.000 0.000 0.000 0.000 0.000 0.000 0.000 0.000 0.000 0.000 0.000 0.000 0.000 0.000 0.000 0.000 0.000 0.000 0.000 0.000 0.000 0.000 0.000 0.000 0.000 0.000 0.000 0.000 0.000 0.000 0.000 0.000 0.000 0.000 0.000 0.000 0.000 0.000 0.000 0.000 0.000
0.000 0.000 0.000 0.000 0.000 0.000 0.000 0.000 0.000 0.000 0.000 0.000 0.000 0.000 0.000 0.000 0.000 0.000 0.000 0.000 0.000 0.000 0.000 0.000 0.000 0.000 0.000 0.000 0.000 0.000 0.000 0.000 0.000 0.000 0.000 0.000 0.000 0.000 0.000 0.000 0.000 0.000 0.000 0.000 0.000 0.000 0.000 0.000 0.000 0.000 0.000 0.000 0.000 0.000 0.000 0.000 0.000 0.000 0.000 0.000 0.000 0.000 0.000 0.000 0.000 0.000 0.000 0.000 0.000 0.000 0.000 0.000 0.000 0.000 0.000 0.000 0.000
0.001 0.001 0.001 0.001 0.001 0.001 0.000 0.000 0.000 0.000 0.000 0.000 0.000 0.000 0.000 0.000 0.000 0.000 0.000 0.000 0.000 0.000 0.000 0.000 0.000 0.000 0.000 0.000 0.000 0.000 0.000 0.000 0.000 0.000 0.000 0.000 0.000 0.000 0.000 0.000 0.000 0.000 0.000 0.000 0.000 0.000 0.000 0.000 0.000 0.000 0.000 0.000 0.000 0.000 0.000 0.000 0.000 0.000 0.000 0.000 0.000 0.000 0.000 0.000 0.000 0.000 0.000 0.000 0.000 0.000 0.000 0.000 0.000 0.000 0.000 0.000 0.000
0.002 0.002 0.002 0.002 0.002 0.001 0.001 0.001 0.001 0.000 0.000 0.000 0.000 0.000 0.000 0.000 0.000 0.000 0.000 0.000 0.000 0.000 0.000 0.000 0.000 0.000 0.000 0.000 0.000 0.000 0.000 0.000 0.000 0.000 0.000 0.000 0.000 0.000 0.000 0.000 0.000 0.000 0.000 0.000 0.000 0.000 0.000 0.001 0.001 0.001 0.001 0.001 0.001 0.001 0.001 0.001 0.001 0.001 0.001 0.001 0.001 0.001 0.001 0.001 0.001 0.001 0.001 0.001 0.001 0.001 0.001 0.001 0.001 0.001 0.001 0.000 0.000
0.004 0.004 0.003 0.003 0.003 0.002 0.002 0.002 0.001 0.001 0.001 0.000 0.000 0.000 0.000 0.000 0.000 0.000 0.000 0.000 0.000 0.000 0.000 0.000 0.000 0.000 0.000 0.000 0.000 0.000 0.000 0.000 0.000 0.000 0.000 0.000 0.000 0.000 0.000 0.000 0.000 0.000 0.000 0.000 0.000 0.001 0.001 0.002 0.003 0.003 0.003 0.003 0.003 0.003 0.003 0.003 0.003 0.003 0.003 0.003 0.003 0.003 0.003 0.003 0.003 0.003 0.003 0.003 0.003 0.002 0.002 0.002 0.002 0.002 0.002 0.001 0.001
0.006 0.006 0.005 0.005 0.004 0.004 0.003 0.003 0.002 0.002 0.002 0.001 0.001 0.001 0.001 0.000 0.000 0.000 0.000 0.000 0.000 0.000 0.000 0.000 0.000 0.000 0.000 0.000 0.000 0.000 0.000 0.000 0.000 0.000 0.000 0.000 0.000 0.000 0.000 0.000 0.000 0.000 0.000 0.001 0.002 0.003 0.004 0.005 0.005 0.006 0.006 0.006 0.006 0.006 0.006 0.006 0.006 0.006 0.006 0.005 0.005 0.005 0.005 0.005 0.005 0.005 0.005 0.005 0.005 0.005 0.005 0.005 0.004 0.004 0.003 0.003 0.002
0.009 0.008 0.007 0.006 0.006 0.005 0.005 0.004 0.004 0.003 0.003 0.003 0.002 0.002 0.002 0.001 0.001 0.001 0.001 0.000 0.000 0.000 0.000 0.000 0.000 0.000 0.000 0.000 0.000 0.000 0.000 0.000 0.000 0.000 0.000 0.000 0.000 0.000 0.000 0.000 0.001 0.001 0.002 0.003 0.004 0.005 0.007 0.008 0.009 0.010 0.010 0.011 0.011 0.011 0.011 0.011 0.010 0.010 0.010 0.009 0.009 0.009 0.009 0.009 0.009 0.009 0.009 0.009 0.009 0.009 0.008 0.008 0.007 0.006 0.005 0.004 0.004
0.012 0.011 0.009 0.008 0.008 0.007 0.006 0.006 0.005 0.005 0.005 0.004 0.004 0.003 0.003 0.003 0.002 0.002 0.002 0.001 0.001 0.001 0.001 0.001 0.001 0.001 0.001 0.001 0.001 0.001 0.001 0.001 0.001 0.001 0.001 0.001 0.001 0.001 0.001 0.001 0.002 0.003 0.004 0.005 0.007 0.009 0.011 0.013 0.014 0.015 0.016 0.016 0.017 0.017 0.017 0.016 0.016 0.016 0.015 0.015 0.014 0.014 0.014 0.014 0.014 0.014 0.014 0.014 0.014 0.014 0.013 0.012 0.011 0.009 0.008 0.007 0.006
0.017 0.015 0.013 0.011 0.010 0.009 0.009 0.008 0.007 0.007 0.007 0.006 0.006 0.005 0.005 0.004 0.004 0.004 0.003 0.003 0.002 0.002 0.002 0.002 0.002 0.002 0.002 0.002 0.002 0.002 0.002 0.002 0.002 0.002 0.002 0.002 0.002 0.003 0.003 0.004 0.004 0.006 0.007 0.009 0.011 0.013 0.016 0.019 0.021 0.022 0.023 0.024 0.025 0.025 0.025 0.025 0.024 0.024 0.023 0.023 0.022 0.021 0.021 0.020 0.021 0.021 0.022 0.023 0.023 0.022 0.021 0.018 0.015 0.013 0.011 0.009 0.008
0.028 0.022 0.018 0.015 0.013 0.012 0.011 0.010 0.010 0.009 0.009 0.009 0.008 0.008 0.007 0.007 0.006 0.006 0.005 0.005 0.005 0.004 0.004 0.004 0.004 0.004 0.004 0.004 0.004 0.004 0.004 0.004 0.004 0.004 0.004 0.005 0.005 0.005 0.006 0.007 0.008 0.009 0.011 0.013 0.016 0.019 0.022 0.026 0.028 0.031 0.032 0.034 0.035 0.037 0.037 0.037 0.037 0.037 0.037 0.036 0.035 0.033 0.032 0.032 0.032 0.033 0.035 0.037 0.037 0.036 0.033 0.027 0.021 0.017 0.015 0.013 0.011
0.052 0.037 0.027 0.022 0.018 0.016 0.014 0.013 0.013 0.012 0.012 0.011 0.011 0.011 0.010 0.010 0.009 0.009 0.008 0.008 0.007 0.007 0.007 0.006 0.006 0.006 0.006 0.006 0.006 0.006 0.007 0.007 0.007 0.007 0.007 0.008 0.008 0.009 0.010 0.011 0.012 0.014 0.016 0.018 0.021 0.025 0.029 0.034 0.038 0.041 0.044 0.047 0.050 0.054 0.056 0.057 0.058 0.059 0.059 0.059 0.057 0.055 0.053 0.052 0.052 0.055 0.060 0.063 0.064 0.063 0.056 0.043 0.031 0.023 0.019 0.016 0.014
0.118 0.075 0.050 0.035 0.027 0.023 0.020 0.018 0.017 0.016 0.016 0.015 0.015 0.014 0.014 0.013 0.013 0.012 0.012 0.011 0.011 0.010 0.010 0.010 0.010 0.009 0.009 0.009 0.010 0.010 0.010 0.010 0.010 0.011 0.011 0.012 0.012 0.013 0.014 0.016 0.017 0.020 0.022 0.025 0.028 0.032 0.038 0.044 0.049 0.055 0.060 0.065 0.072 0.080 0.087 0.091 0.095 0.097 0.099 0.100 0.099 0.096 0.093 0.092 0.092 0.096 0.108 0.119 0.122 0.120 0.106 0.076 0.049 0.033 0.025 0.020 0.018
0.284 0.173 0.106 0.069 0.048 0.037 0.030 0.026 0.023 0.022 0.021 0.020 0.020 0.019 0.019 0.018 0.017 0.017 0.016 0.016 0.015 0.014 0.014 0.013 0.013 0.013 0.013 0.013 0.013 0.013 0.014 0.014 0.014 0.015 0.016 0.016 0.017 0.018 0.020 0.022 0.024 0.027 0.030 0.033 0.037 0.042 0.048 0.055 0.063 0.072 0.081 0.092 0.106 0.123 0.137 0.149 0.158 0.165 0.171 0.174 0.175 0.174 0.172 0.171 0.173 0.184 0.212 0.240 0.248 0.244 0.214 0.149 0.086 0.052 0.035 0.026 0.022
0.617 0.395 0.244 0.152 0.099 0.069 0.052 0.041 0.035 0.032 0.030 0.029 0.028 0.028 0.027 0.026 0.025 0.024 0.023 0.022 0.021 0.020 0.019 0.018 0.018 0.018 0.018 0.018 0.018 0.018 0.018 0.019 0.019 0.020 0.021 0.022 0.023 0.025 0.027 0.029 0.032 0.036 0.040 0.044 0.049 0.055 0.063 0.072 0.083 0.097 0.114 0.136 0.163 0.194 0.222 0.245 0.264 0.279 0.291 0.301 0.309 0.315 0.320 0.324 0.334 0.361 0.421 0.491 0.514 0.503 0.442 0.309 0.168 0.091 0.053 0.036 0.028
1.142 0.791 0.526 0.340 0.219 0.145 0.102 0.076 0.061 0.052 0.048 0.045 0.044 0.043 0.042 0.040 0.037 0.036 0.034 0.032 0.030 0.028 0.026 0.025 0.024 0.023 0.023 0.023 0.023 0.023 0.023 0.024 0.025 0.026 0.027 0.028 0.031 0.033 0.036 0.040 0.044 0.049 0.055 0.061 0.068 0.076 0.086 0.098 0.116 0.139 0.170 0.212 0.262 0.317 0.364 0.402 0.431 0.451 0.468 0.481 0.492 0.501 0.511 0.524 0.546 0.586 0.666 0.791 0.889 0.909 0.839 0.628 0.344 0.170 0.089 0.053 0.037
1.854 1.378 0.990 0.688 0.464 0.310 0.213 0.154 0.119 0.098 0.086 0.081 0.078 0.075 0.072 0.068 0.064 0.060 0.056 0.052 0.048 0.042 0.037 0.034 0.032 0.031 0.031 0.030 0.030 0.030 0.030 0.031 0.032 0.033 0.035 0.037 0.041 0.045 0.051 0.057 0.064 0.071 0.080 0.089 0.099 0.111 0.124 0.143 0.171 0.211 0.270 0.347 0.435 0.514 0.567 0.593 0.602 0.605 0.609 0.613 0.617 0.622 0.631 0.645 0.671 0.713 0.790 0.928 1.099 1.184 1.177 1.022 0.663 0.322 0.155 0.082 0.052
2.725 2.140 1.638 1.218 0.878 0.620 0.439 0.323 0.249 0.204 0.178 0.163 0.155 0.149 0.141 0.132 0.121 0.111 0.102 0.093 0.082 0.070 0.058 0.051 0.046 0.043 0.042 0.041 0.040 0.040 0.040 0.040 0.041 0.044 0.047 0.052 0.058 0.065 0.075 0.086 0.098 0.111 0.125 0.139 0.153 0.169 0.191 0.222 0.268 0.338 0.443 0.559 0.646 0.694 0.711 0.703 0.684 0.670 0.667 0.667 0.667 0.668 0.672 0.684 0.705 0.743 0.812 0.944 1.145 1.282 1.321 1.259 0.996 0.570 0.266 0.132 0.075
3.645 3.004 2.426 1.916 1.481 1.127 0.855 0.663 0.532 0.448 0.395 0.362 0.339 0.320 0.299 0.272 0.246 0.223 0.202 0.180 0.155 0.126 0.101 0.083 0.071 0.064 0.061 0.058 0.057 0.056 0.056 0.056 0.058 0.063 0.070 0.079 0.090 0.103 0.121 0.142 0.165 0.187 0.207 0.227 0.248 0.272 0.306 0.358 0.435 0.539 0.647 0.723 0.762 0.771 0.759 0.728 0.693 0.674 0.668 0.668 0.667 0.666 0.669 0.677 0.694 0.725 0.783 0.898 1.101 1.278 1.345 1.335 1.195 0.834 0.427 0.207 0.112
4.530 3.895 3.304 2.762 2.281 1.871 1.535 1.277 1.093 0.968 0.881 0.818 0.766 0.713 0.650 0.575 0.513 0.461 0.412 0.361 0.304 0.240 0.186 0.146 0.120 0.105 0.096 0.091 0.088 0.087 0.086 0.088 0.092 0.101 0.115 0.132 0.153 0.182 0.218 0.256 0.293 0.327 0.356 0.383 0.411 0.448 0.504 0.575 0.643 0.704 0.752 0.779 0.787 0.779 0.753 0.706 0.658 0.631 0.621 0.618 0.618 0.618 0.621 0.628 0.638 0.656 0.692 0.776 0.954 1.184 1.308 1.328 1.266 1.031 0.621 0.311 0.166
5.424 4.830 4.286 3.777 3.304 2.885 2.532 2.253 2.050 1.909 1.806 1.718 1.629 1.521 1.375 1.200 1.050 0.932 0.823 0.711 0.587 0.458 0.350 0.270 0.216 0.184 0.166 0.156 0.151 0.149 0.150 0.154 0.166 0.185 0.209 0.240 0.282 0.341 0.408 0.467 0.519 0.565 0.604 0.637 0.667 0.700 0.734 0.757 0.763 0.766 0.771 0.775 0.768 0.742 0.692 0.621 0.559 0.520 0.501 0.495 0.496 0.500 0.508 0.516 0.520 0.525 0.536 0.580 0.708 0.961 1.187 1.268 1.253 1.122 0.807 0.444 0.239
6.416 5.924 5.478 5.053 4.633 4.242 3.919 3.673 3.494 3.366 3.266 3.171 3.059 2.896 2.659 2.359 2.054 1.793 1.554 1.319 1.073 0.834 0.635 0.483 0.380 0.319 0.286 0.270 0.265 0.265 0.272 0.289 0.316 0.352 0.393 0.443 0.518 0.624 0.717 0.783 0.827 0.857 0.878 0.888 0.888 0.878 0.857 0.825 0.789 0.763 0.742 0.717 0.680 0.622 0.540 0.452 0.386 0.345 0.327 0.324 0.326 0.333 0.343 0.351 0.355 0.358 0.366 0.393 0.477 0.678 0.971 1.149 1.189 1.135 0.935 0.598 0.336
7.658 7.356 7.064 6.765 6.446 6.131 5.878 5.690 5.548 5.435 5.336 5.234 5.106 4.910 4.607 4.192 3.703 3.209 2.734 2.278 1.835 1.428 1.085 0.821 0.636 0.523 0.465 0.443 0.440 0.449 0.477 0.524 0.578 0.631 0.685 0.745 0.827 0.923 0.988 1.020 1.032 1.033 1.024 1.007 0.979 0.938 0.883 0.820 0.757 0.696 0.633 0.560 0.480 0.398 0.323 0.269 0.234 0.216 0.211 0.211 0.213 0.217 0.222 0.228 0.232 0.236 0.245 0.267 0.327 0.465 0.731 0.985 1.086 1.086 0.990 0.754 0.467
