RESULTS/r.avaflow_results/22_results/22_ascii/22_hflow30041.asc
ncols 506
nrows 317
xllcenter 498237.50
yllcenter 5580050.00
cellsize 12.50
NODATA_value -9999.000
[rows 136 to 169 of 317, columns 154 to 230 of 506]
0.000 0.000 0.000 0.000 0.000 0.000 0.000 0.000 0.000 0.000 0.000 0.000 0.000 0.000 0.000 0.000 0.000 0.000 0.000 0.000 0.000 0.000 0.000 0.000 0.000 0.000 0.000 0.000 0.000 0.000 0.000 0.000 0.000 0.000 0.000 0.000 0.000 0.000 0.000 0.000 0.000 0.000 0.000 0.000 0.000 0.000 0.000 0.000 0.000 0.000 0.000 0.000 0.000 0.000 0.000 0.000 0.000 0.000 0.000 0.000 0.000 0.000 0.000 0.000 0.000 0.000 0.000 0.000 0.000 0.000 0.000 0.000 0.000 0.000 0.000 0.000 0.000
0.000 0.000 0.000 0.000 0.000 0.000 0.000 0.000 0.000 0.000 0.000 0.000 0.000 0.000 0.000 0.000 0.000 0.000 0.000 0.000 0.000 0.000 0.000 0.000 0.000 0.000 0.000 0.000 0.000 0.000 0.000 0.000 0.000 0.000 0.000 0.000 0.000 0.000 0.000 0.000 0.000 0.000 0.000 0.000 0.000 0.000 0.000 0.000 0.000 0.000 0.000 0.000 0.000 0.000 0.000 0.000 0.000 0.000 0.000 0.000 0.000 0.000 0.000 0.000 0.000 0.000 0.000 0.000 0.000 0.000 0.000 0.000 0.000 0.000 0.000 0.000 0.000
0.000 0.000 0.000 0.000 0.000 0.000 0.000 0.000 0.000 0.000 0.000 0.000 0.000 0.000 0.000 0.000 0.000 0.000 0.000 0.000 0.000 0.000 0.000 0.000 0.000 0.000 0.000 0.000 0.000 0.000 0.000 0.000 0.000 0.000 0.000 0.000 0.000 0.000 0.000 0.000 0.000 0.000 0.000 0.000 0.000 0.000 0.000 0.000 0.000 0.000 0.000 0.000 0.000 0.000 0.000 0.000 0.000 0.000 0.000 0.000 0.000 0.000 0.000 0.000 0.000 0.000 0.000 0.000 0.000 0.000 0.000 0.000 0.000 0.000 0.000 0.000 0.000
0.000 0.000 0.000 0.000 0.000 0.000 0.000 0.000 0.000 0.000 0.000 0.000 0.000 0.000 0.000 0.000 0.000 0.000 0.000 0.000 0.000 0.000 0.000 0.000 0.000 0.000 0.000 0.000 0.000 0.000 0.000 0.000 0.000 0.000 0.000 0.000 0.000 0.000 0.000 0.000 0.000 0.000 0.000 0.000 0.000 0.000 0.000 0.000 0.000 0.000 0.000 0.000 0.000 0.000 0.000 0.000 0.000 0.000 0.000 0.000 0.000 0.000 0.000 0.000 0.000 0.000 0.000 0.000 0.000 0.000 0.000 0.000 0.000 0.000 0.000 0.000 0.000
0.000 0.000 0.000 0.000 0.000 0.000 0.000 0.000 0.000 0.000 0.000 0.000 0.000 0.000 0.000 0.000 0.000 0.000 0.000 0.000 0.000 0.000 0.000 0.000 0.000 0.000 0.000 0.000 0.000 0.000 0.000 0.000 0.000 0.000 0.000 0.000 0.000 0.000 0.000 0.000 0.000 0.000 0.000 0.000 0.000 0.000 0.000 0.000 0.000 0.000 0.000 0.000 0.000 0.000 0.000 0.000 0.000 0.000 0.000 0.000 0.000 0.000 0.000 0.000 0.000 0.000 0.000 0.000 0.000 0.000 0.000 0.000 0.000 0.000 0.000 0.000 0.000
0.000 0.000 0.000 0.000 0.000 0.000 0.000 0.000 0.000 0.000 0.000 0.000 0.000 0.000 0.000 0.000 0.000 0.000 0.000 0.000 0.000 0.000 0.000 0.000 0.000 0.000 0.000 0.000 0.000 0.000 0.000 0.000 0.000 0.000 0.000 0.000 0.000 0.000 0.000 0.000 0.000 0.000 0.000 0.000 0.000 0.000 0.000 0.000 0.000 0.000 0.000 0.000 0.000 0.000 0.000 0.000 0.000 0.000 0.000 0.000 0.000 0.000 0.000 0.000 0.000 0.000 0.000 0.000 0.000 0.000 0.000 0.000 0.000 0.000 0.000 0.000 0.000
0.000 0.000 0.000 0.000 0.000 0.000 0.000 0.000 0.000 0.000 0.000 0.000 0.000 0.000 0.000 0.000 0.000 0.000 0.000 0.000 0.000 0.000 0.000 0.000 0.000 0.000 0.000 0.000 0.000 0.000 0.000 0.000 0.000 0.000 0.000 0.000 0.000 0.000 0.000 0.000 0.000 0.000 0.000 0.000 0.000 0.000 0.000 0.000 0.000 0.000 0.000 0.000 0.000 0.000 0.000 0.000 0.000 0.000 0.000 0.000 0.000 0.000 0.000 0.000 0.000 0.000 0.000 0.000 0.000 0.000 0.000 0.000 0.000 0.000 0.000 0.000 0.000
0.000 0.000 0.000 0.000 0.000 0.000 0.000 0.000 0.000 0.000 0.000 0.000 0.000 0.000 0.000 0.000 0.000 0.000 0.000 0.000 0.000 0.000 0.000 0.000 0.000 0.000 0.000 0.000 0.000 0.000 0.000 0.000 0.000 0.000 0.000 0.000 0.000 0.000 0.000 0.000 0.000 0.000 0.000 0.000 0.000 0.000 0.000 0.000 0.000 0.000 0.000 0.000 0.000 0.000 0.000 0.000 0.000 0.000 0.000 0.000 0.000 0.000 0.000 0.000 0.000 0.000 0.000 0.000 0.000 0.000 0.000 0.000 0.000 0.000 0.000 0.000 0.000
0.000 0.000 0.000 0.000 0.000 0.000 0.000 0.000 0.000 0.000 0.000 0.000 0.000 0.000 0.000 0.000 0.000 0.000 0.000 0.000 0.000 0.000 0.000 0.000 0.000 0.000 0.000 0.000 0.000 0.000 0.000 0.000 0.000 0.000 0.000 0.000 0.000 0.000 0.000 0.000 0.000 0.000 0.000 0.000 0.000 0.000 0.000 0.000 0.000 0.000 0.000 0.000 0.000 0.000 0.000 0.000 0.000 0.000 0.000 0.000 0.000 0.000 0.000 0.000 0.000 0.000 0.000 0.000 0.000 0.000 0.000 0.000 0.000 0.000 0.000 0.000 0.000
0.000 0.000 0.000 0.000 0.000 0.000 0.000 0.000 0.000 0.000 0.000 0.000 0.000 0.000 0.000 0.000 0.000 0.000 0.000 0.000 0.000 0.000 0.000 0.000 0.000 0.000 0.000 0.000 0.000 0.000 0.000 0.000 0.000 0.000 0.000 0.000 0.000 0.000 0.000 0.000 0.000 0.000 0.000 0.000 0.000 0.000 0.000 0.000 0.000 0.000 0.000 0.000 0.000 0.000 0.000 0.000 0.000 0.000 0.000 0.000 0.000 0.000 0.000 0.000 0.000 0.000 0.000 0.000 0.000 0.000 0.000 0.000 0.000 0.000 0.000 0.000 0.000
0.000 0.000 0.000 0.000 0.000 0.000 0.000 0.000 0.000 0.000 0.000 0.000 0.000 0.000 0.000 0.000 0.000 0.000 0.000 0.000 0.000 0.000 0.000 0.000 0.000 0.000 0.000 0.000 0.000 0.000 0.000 0.000 0.000 0.000 0.000 0.000 0.000 0.000 0.000 0.000 0.000 0.000 0.000 0.000 0.000 0.000 0.000 0.000 0.000 0.000 0.000 0.000 0.000 0.000 0.000 0.000 0.000 0.000 0.000 0.000 0.000 0.000 0.000 0.000 0.000 0.000 0.000 0.000 0.000 0.000 0.000 0.000 0.000 0.000 0.000 0.000 0.000
0.000 0.000 0.000 0.000 0.000 0.000 0.000 0.000 0.000 0.000 0.000 0.000 0.000 0.000 0.000 0.000 0.000 0.000 0.000 0.000 0.000 0.000 0.000 0.000 0.000 0.000 0.000 0.000 0.000 0.000 0.000 0.000 0.000 0.000 0.000 0.000 0.000 0.000 0.000 0.000 0.000 0.000 0.000 0.000 0.000 0.000 0.000 0.000 0.000 0.000 0.000 0.000 0.000 0.000 0.000 0.000 0.000 0.000 0.000 0.000 0.000 0.000 0.000 0.000 0.000 0.000 0.000 0.000 0.000 0.000 0.000 0.000 0.000 0.000 0.000 0.000 0.000
0.000 0.000 0.000 0.000 0.000 0.000 0.000 0.000 0.000 0.000 0.000 0.000 0.000 0.000 0.000 0.000 0.000 0.000 0.000 0.000 0.000 0.000 0.000 0.000 0.000 0.000 0.000 0.000 0.000 0.000 0.000 0.000 0.000 0.000 0.000 0.000 0.000 0.000 0.000 0.000 0.000 0.000 0.000 0.000 0.000 0.000 0.000 0.000 0.000 0.000 0.000 0.000 0.000 0.000 0.000 0.000 0.000 0.000 0.000 0.000 0.000 0.000 0.000 0.000 0.000 0.000 0.000 0.000 0.000 0.000 0.000 0.000 0.000 0.000 0.000 0.000 0.000
0.000 0.000 0.000 0.000 0.000 0.000 0.000 0.000 0.000 0.000 0.000 0.000 0.000 0.000 0.000 0.000 0.000 0.000 0.000 0.000 0.000 0.000 0.000 0.000 0.000 0.000 0.000 0.000 0.000 0.000 0.000 0.000 0.000 0.000 0.000 0.000 0.000 0.000 0.000 0.000 0.000 0.000 0.000 0.000 0.000 0.000 0.000 0.000 0.000 0.000 0.000 0.000 0.000 0.000 0.000 0.000 0.000 0.000 0.000 0.000 0.000 0.000 0.000 0.000 0.000 0.000 0.000 0.000 0.000 0.000 0.000 0.000 0.000 0.000 0.000 0.000 0.000
0.001 0.001 0.001 0.001 0.001 0.001 0.000 0.000 0.000 0.000 0.000 0.000 0.000 0.000 0.000 0.000 0.000 0.000 0.000 0.000 0.000 0.000 0.000 0.000 0.000 0.000 0.000 0.000 0.000 0.000 0.000 0.000 0.000 0.000 0.000 0.000 0.000 0.000 0.000 0.000 0.000 0.000 0.000 0.000 0.000 0.000 0.000 0.000 0.000 0.000 0.000 0.000 0.000 0.000 0.000 0.000 0.000 0.000 0.000 0.000 0.000 0.000 0.000 0.000 0.000 0.000 0.000 0.000 0.000 0.000 0.000 0.000 0.000 0.000 0.000 0.000 0.000
0.002 0.002 0.002 0.002 0.001 0.001 0.001 0.001 0.001 0.000 0.000 0.000 0.000 0.000 0.000 0.000 0.000 0.000 0.000 0.000 0.000 0.000 0.000 0.000 0.000 0.000 0.000 0.000 0.000 0.000 0.000 0.000 0.000 0.000 0.000 0.000 0.000 0.000 0.000 0.000 0.000 0.000 0.000 0.000 0.000 0.000 0.000 0.000 0.001 0.001 0.001 0.001 0.001 0.001 0.001 0.001 0.001 0.001 0.001 0.001 0.001 0.001 0.001 0.001 0.001 0.001 0.001 0.001 0.001 0.001 0.001 0.001 0.001 0.000 0.000 0.000 0.000
0.004 0.004 0.003 0.003 0.003 0.002 0.002 0.002 0.001 0.001 0.001 0.000 0.000 0.000 0.000 0.000 0.000 0.000 0.000 0.000 0.000 0.000 0.000 0.000 0.000 0.000 0.000 0.000 0.000 0.000 0.000 0.000 0.000 0.000 0.000 0.000 0.000 0.000 0.000 0.000 0.000 0.000 0.000 0.000 0.000 0.001 0.001 0.002 0.002 0.002 0.003 0.003 0.003 0.003 0.003 0.003 0.003 0.003 0.002 0.002 0.002 0.002 0.002 0.002 0.002 0.002 0.002 0.002 0.002 0.002 0.002 0.002 0.002 0.001 0.001 0.001 0.001
0.006 0.005 0.005 0.004 0.004 0.003 0.003 0.003 0.002 0.002 0.002 0.001 0.001 0.001 0.001 0.000 0.000 0.000 0.000 0.000 0.000 0.000 0.000 0.000 0.000 0.000 0.000 0.000 0.000 0.000 0.000 0.000 0.000 0.000 0.000 0.000 0.000 0.000 0.000 0.000 0.000 0.000 0.000 0.001 0.001 0.002 0.003 0.004 0.005 0.005 0.005 0.005 0.006 0.006 0.006 0.005 0.005 0.005 0.005 0.005 0.005 0.005 0.005 0.005 0.005 0.005 0.005 0.005 0.005 0.005 0.004 0.004 0.003 0.003 0.002 0.002 0.002
0.009 0.008 0.007 0.006 0.006 0.005 0.004 0.004 0.004 0.003 0.003 0.002 0.002 0.002 0.002 0.001 0.001 0.001 0.001 0.000 0.000 0.000 0.000 0.000 0.000 0.000 0.000 0.000 0.000 0.000 0.000 0.000 0.000 0.000 0.000 0.000 0.000 0.000 0.000 0.000 0.000 0.001 0.002 0.002 0.003 0.004 0.006 0.007 0.008 0.009 0.009 0.009 0.009 0.010 0.009 0.009 0.009 0.009 0.009 0.008 0.008 0.008 0.008 0.008 0.008 0.008 0.008 0.008 0.008 0.008 0.008 0.007 0.006 0.005 0.004 0.003 0.003
0.012 0.011 0.010 0.008 0.008 0.007 0.006 0.006 0.005 0.005 0.004 0.004 0.004 0.003 0.003 0.003 0.002 0.002 0.002 0.001 0.001 0.001 0.001 0.001 0.001 0.001 0.001 0.001 0.001 0.001 0.001 0.001 0.001 0.001 0.001 0.001 0.001 0.001 0.001 0.001 0.002 0.003 0.004 0.005 0.006 0.007 0.009 0.011 0.012 0.013 0.014 0.015 0.015 0.015 0.015 0.015 0.014 0.014 0.013 0.013 0.012 0.012 0.012 0.012 0.012 0.013 0.013 0.013 0.013 0.013 0.012 0.010 0.009 0.007 0.006 0.005 0.004
0.018 0.015 0.013 0.011 0.010 0.009 0.008 0.008 0.007 0.007 0.007 0.006 0.006 0.005 0.005 0.005 0.004 0.004 0.003 0.003 0.002 0.002 0.002 0.002 0.002 0.002 0.002 0.002 0.002 0.002 0.002 0.002 0.002 0.002 0.002 0.002 0.002 0.002 0.003 0.003 0.004 0.005 0.006 0.008 0.009 0.011 0.014 0.016 0.018 0.019 0.021 0.022 0.022 0.022 0.022 0.022 0.021 0.021 0.020 0.019 0.019 0.018 0.018 0.018 0.018 0.019 0.020 0.020 0.020 0.019 0.018 0.015 0.012 0.010 0.009 0.007 0.006
0.031 0.024 0.019 0.016 0.014 0.012 0.011 0.010 0.010 0.009 0.009 0.009 0.008 0.008 0.007 0.007 0.007 0.006 0.006 0.005 0.005 0.004 0.004 0.004 0.004 0.004 0.004 0.004 0.004 0.004 0.004 0.004 0.004 0.004 0.004 0.004 0.004 0.005 0.005 0.006 0.007 0.008 0.010 0.012 0.014 0.016 0.019 0.022 0.025 0.027 0.029 0.031 0.032 0.033 0.033 0.032 0.032 0.031 0.030 0.029 0.028 0.027 0.027 0.027 0.027 0.029 0.031 0.032 0.031 0.030 0.026 0.021 0.017 0.014 0.011 0.010 0.008
0.064 0.043 0.031 0.024 0.020 0.017 0.015 0.014 0.013 0.013 0.012 0.012 0.011 0.011 0.011 0.010 0.010 0.009 0.009 0.008 0.007 0.007 0.007 0.006 0.006 0.006 0.006 0.006 0.006 0.006 0.006 0.006 0.006 0.006 0.007 0.007 0.007 0.008 0.009 0.010 0.011 0.013 0.015 0.017 0.019 0.022 0.026 0.030 0.034 0.037 0.040 0.044 0.046 0.048 0.049 0.049 0.048 0.047 0.046 0.045 0.043 0.042 0.041 0.041 0.042 0.046 0.051 0.052 0.052 0.049 0.040 0.030 0.023 0.018 0.015 0.012 0.011
0.156 0.095 0.061 0.042 0.031 0.025 0.022 0.019 0.018 0.017 0.017 0.016 0.016 0.015 0.015 0.014 0.014 0.013 0.012 0.012 0.011 0.011 0.010 0.010 0.009 0.009 0.009 0.009 0.009 0.009 0.009 0.009 0.009 0.010 0.010 0.011 0.011 0.012 0.013 0.014 0.016 0.018 0.020 0.023 0.026 0.030 0.034 0.039 0.044 0.050 0.055 0.061 0.067 0.071 0.074 0.074 0.074 0.074 0.073 0.071 0.069 0.067 0.066 0.066 0.069 0.077 0.088 0.092 0.092 0.085 0.067 0.045 0.031 0.024 0.019 0.016 0.013
0.382 0.233 0.139 0.087 0.059 0.044 0.035 0.029 0.026 0.024 0.023 0.022 0.022 0.021 0.020 0.020 0.019 0.018 0.017 0.017 0.016 0.015 0.014 0.014 0.013 0.013 0.013 0.013 0.013 0.013 0.013 0.013 0.013 0.014 0.014 0.015 0.016 0.017 0.018 0.020 0.022 0.025 0.028 0.031 0.035 0.039 0.044 0.051 0.058 0.066 0.076 0.087 0.099 0.108 0.114 0.117 0.118 0.118 0.117 0.116 0.114 0.113 0.112 0.114 0.121 0.140 0.165 0.176 0.176 0.162 0.123 0.076 0.047 0.032 0.024 0.020 0.017
0.792 0.518 0.324 0.200 0.128 0.087 0.063 0.049 0.041 0.036 0.034 0.033 0.032 0.031 0.030 0.028 0.027 0.026 0.025 0.024 0.023 0.021 0.020 0.019 0.018 0.018 0.017 0.017 0.017 0.017 0.017 0.017 0.018 0.018 0.019 0.020 0.022 0.023 0.025 0.028 0.031 0.034 0.038 0.042 0.047 0.052 0.059 0.067 0.078 0.092 0.109 0.130 0.150 0.167 0.180 0.188 0.191 0.193 0.193 0.193 0.194 0.195 0.198 0.205 0.224 0.267 0.325 0.350 0.349 0.320 0.242 0.141 0.078 0.047 0.032 0.025 0.020
1.370 0.976 0.665 0.439 0.284 0.186 0.128 0.093 0.073 0.061 0.055 0.052 0.050 0.048 0.047 0.044 0.042 0.039 0.037 0.035 0.033 0.030 0.028 0.026 0.025 0.024 0.023 0.023 0.023 0.023 0.023 0.023 0.024 0.024 0.025 0.027 0.029 0.032 0.035 0.039 0.043 0.048 0.053 0.058 0.065 0.072 0.081 0.093 0.110 0.133 0.165 0.203 0.237 0.265 0.285 0.299 0.305 0.307 0.309 0.310 0.313 0.318 0.327 0.343 0.374 0.433 0.526 0.598 0.619 0.587 0.466 0.277 0.142 0.076 0.045 0.032 0.025
2.068 1.589 1.175 0.839 0.578 0.389 0.265 0.189 0.142 0.114 0.099 0.092 0.088 0.084 0.081 0.076 0.071 0.066 0.062 0.057 0.052 0.046 0.040 0.037 0.034 0.032 0.031 0.031 0.030 0.030 0.030 0.030 0.031 0.032 0.034 0.036 0.039 0.044 0.049 0.055 0.062 0.069 0.076 0.084 0.093 0.103 0.116 0.134 0.161 0.203 0.261 0.323 0.374 0.409 0.425 0.426 0.417 0.412 0.410 0.411 0.412 0.416 0.424 0.441 0.472 0.529 0.625 0.737 0.797 0.799 0.717 0.501 0.260 0.128 0.069 0.044 0.033
2.857 2.323 1.835 1.403 1.037 0.743 0.528 0.384 0.291 0.234 0.200 0.181 0.171 0.163 0.155 0.144 0.133 0.123 0.112 0.102 0.090 0.076 0.064 0.055 0.049 0.046 0.043 0.042 0.041 0.040 0.040 0.040 0.041 0.043 0.046 0.050 0.056 0.063 0.072 0.083 0.094 0.105 0.116 0.128 0.140 0.154 0.173 0.202 0.247 0.319 0.409 0.479 0.517 0.531 0.523 0.498 0.474 0.464 0.462 0.461 0.461 0.463 0.468 0.481 0.506 0.554 0.641 0.768 0.856 0.884 0.851 0.699 0.428 0.212 0.107 0.062 0.043
3.686 3.122 2.590 2.097 1.657 1.280 0.977 0.754 0.597 0.494 0.428 0.388 0.361 0.340 0.317 0.290 0.264 0.241 0.218 0.195 0.168 0.137 0.110 0.090 0.077 0.069 0.064 0.060 0.058 0.057 0.057 0.057 0.058 0.062 0.068 0.076 0.086 0.099 0.116 0.134 0.153 0.170 0.187 0.202 0.218 0.238 0.267 0.315 0.384 0.467 0.538 0.578 0.591 0.585 0.556 0.513 0.484 0.473 0.471 0.471 0.471 0.472 0.476 0.485 0.506 0.545 0.620 0.742 0.851 0.895 0.889 0.805 0.592 0.324 0.162 0.089 0.058
4.501 3.939 3.404 2.898 2.434 2.020 1.667 1.385 1.175 1.026 0.922 0.847 0.787 0.730 0.666 0.594 0.534 0.484 0.434 0.384 0.326 0.260 0.203 0.160 0.131 0.113 0.102 0.095 0.091 0.088 0.088 0.088 0.091 0.099 0.110 0.125 0.144 0.171 0.203 0.234 0.263 0.288 0.309 0.329 0.349 0.378 0.422 0.473 0.521 0.562 0.591 0.605 0.605 0.590 0.548 0.496 0.465 0.452 0.450 0.450 0.452 0.454 0.459 0.467 0.480 0.506 0.557 0.659 0.792 0.866 0.878 0.840 0.700 0.445 0.234 0.127 0.079
5.332 4.793 4.299 3.831 3.388 2.984 2.632 2.342 2.119 1.956 1.833 1.730 1.632 1.517 1.371 1.202 1.062 0.951 0.848 0.741 0.621 0.490 0.379 0.294 0.236 0.199 0.177 0.163 0.155 0.152 0.151 0.154 0.162 0.175 0.195 0.221 0.259 0.314 0.368 0.413 0.451 0.483 0.509 0.529 0.546 0.564 0.582 0.588 0.588 0.590 0.594 0.596 0.586 0.555 0.496 0.439 0.405 0.389 0.385 0.386 0.390 0.397 0.406 0.413 0.420 0.430 0.455 0.524 0.661 0.786 0.834 0.826 0.748 0.559 0.322 0.177 0.109
6.269 5.804 5.387 4.994 4.606 4.240 3.931 3.686 3.498 3.357 3.244 3.138 3.017 2.850 2.614 2.320 2.031 1.786 1.564 1.344 1.110 0.873 0.672 0.517 0.409 0.341 0.302 0.281 0.273 0.271 0.274 0.285 0.303 0.327 0.358 0.400 0.468 0.558 0.627 0.671 0.697 0.711 0.717 0.716 0.707 0.690 0.662 0.624 0.596 0.578 0.561 0.541 0.510 0.456 0.386 0.330 0.297 0.283 0.279 0.281 0.288 0.301 0.312 0.319 0.322 0.324 0.333 0.375 0.486 0.652 0.757 0.784 0.754 0.637 0.424 0.245 0.150
7.463 7.155 6.865 6.580 6.283 5.993 5.756 5.578 5.438 5.326 5.226 5.122 4.992 4.797 4.500 4.095 3.626 3.154 2.702 2.270 1.847 1.452 1.115 0.852 0.666 0.548 0.483 0.456 0.451 0.459 0.480 0.513 0.545 0.578 0.615 0.661 0.729 0.801 0.842 0.858 0.857 0.845 0.827 0.803 0.773 0.731 0.675 0.613 0.562 0.513 0.464 0.411 0.351 0.290 0.238 0.208 0.192 0.188 0.189 0.193 0.200 0.208 0.215 0.219 0.222 0.226 0.236 0.265 0.343 0.500 0.656 0.723 0.727 0.674 0.529 0.340 0.211
