RESULTS/r.avaflow_results/22_results/22_ascii/22_hflow30043.asc
ncols 506
nrows 317
xllcenter 498237.50
yllcenter 5580050.00
cellsize 12.50
NODATA_value -9999.000
[rows 136 to 169 of 317, columns 154 to 230 of 506]
0.000 0.000 0.000 0.000 0.000 0.000 0.000 0.000 0.000 0.000 0.000 0.000 0.000 0.000 0.000 0.000 0.000 0.000 0.000 0.000 0.000 0.000 0.000 0.000 0.000 0.000 0.000 0.000 0.000 0.000 0.000 0.000 0.000 0.000 0.000 0.000 0.000 0.000 0.000 0.000 0.000 0.000 0.000 0.000 0.000 0.000 0.000 0.000 0.000 0.000 0.000 0.000 0.000 0.000 0.000 0.000 0.000 0.000 0.000 0.000 0.000 0.000 0.000 0.000 0.000 0.000 0.000 0.000 0.000 0.000 0.000 0.000 0.000 0.000 0.000 0.000 0.000
0.000 0.000 0.000 0.000 0.000 0.000 0.000 0.000 0.000 0.000 0.000 0.000 0.000 0.000 0.000 0.000 0.000 0.000 0.000 0.000 0.000 0.000 0.000 0.000 0.000 0.000 0.000 0.000 0.000 0.000 0.000 0.000 0.000 0.000 0.000 0.000 0.000 0.000 0.000 0.000 0.000 0.000 0.000 0.000 0.000 0.000 0.000 0.000 0.000 0.000 0.000 0.000 0.000 0.000 0.000 0.000 0.000 0.000 0.000 0.000 0.000 0.000 0.000 0.000 0.000 0.000 0.000 0.000 0.000 0.000 0.000 0.000 0.000 0.000 0.000 0.000 0.000
0.000 0.000 0.000 0.000 0.000 0.000 0.000 0.000 0.000 0.000 0.000 0.000 0.000 0.000 0.000 0.000 0.000 0.000 0.000 0.000 0.000 0.000 0.000 0.000 0.000 0.000 0.000 0.000 0.000 0.000 0.000 0.000 0.000 0.000 0.000 0.000 0.000 0.000 0.000 0.000 0.000 0.000 0.000 0.000 0.000 0.000 0.000 0.000 0.000 0.000 0.000 0.000 0.000 0.000 0.000 0.000 0.000 0.000 0.000 0.000 0.000 0.000 0.000 0.000 0.000 0.000 0.000 0.000 0.000 0.000 0.000 0.000 0.000 0.000 0.000 0.000 0.000
0.000 0.000 0.000 0.000 0.000 0.000 0.000 0.000 0.000 0.000 0.000 0.000 0.000 0.000 0.000 0.000 0.000 0.000 0.000 0.000 0.000 0.000 0.000 0.000 0.000 0.000 0.000 0.000 0.000 0.000 0.000 0.000 0.000 0.000 0.000 0.000 0.000 0.000 0.000 0.000 0.000 0.000 0.000 0.000 0.000 0.000 0.000 0.000 0.000 0.000 0.000 0.000 0.000 0.000 0.000 0.000 0.000 0.000 0.000 0.000 0.000 0.000 0.000 0.000 0.000 0.000 0.000 0.000 0.000 0.000 0.000 0.000 0.000 0.000 0.000 0.000 0.000
0.000 0.000 0.000 0.000 0.000 0.000 0.000 0.000 0.000 0.000 0.000 0.000 0.000 0.000 0.000 0.000 0.000 0.000 0.000 0.000 0.000 0.000 0.000 0.000 0.000 0.000 0.000 0.000 0.000 0.000 0.000 0.000 0.000 0.000 0.000 0.000 0.000 0.000 0.000 0.000 0.000 0.000 0.000 0.000 0.000 0.000 0.000 0.000 0.000 0.000 0.000 0.000 0.000 0.000 0.000 0.000 0.000 0.000 0.000 0.000 0.000 0.000 0.000 0.000 0.000 0.000 0.000 0.000 0.000 0.000 0.000 0.000 0.000 0.000 0.000 0.000 0.000
0.000 0.000 0.000 0.000 0.000 0.000 0.000 0.000 0.000 0.000 0.000 0.000 0.000 0.000 0.000 0.000 0.000 0.000 0.000 0.000 0.000 0.000 0.000 0.000 0.000 0.000 0.000 0.000 0.000 0.000 0.000 0.000 0.000 0.000 0.000 0.000 0.000 0.000 0.000 0.000 0.000 0.000 0.000 0.000 0.000 0.000 0.000 0.000 0.000 0.000 0.000 0.000 0.000 0.000 0.000 0.000 0.000 0.000 0.000 0.000 0.000 0.000 0.000 0.000 0.000 0.000 0.000 0.000 0.000 0.000 0.000 0.000 0.000 0.000 0.000 0.000 0.000
0.000 0.000 0.000 0.000 0.000 0.000 0.000 0.000 0.000 0.000 0.000 0.000 0.000 0.000 0.000 0.000 0.000 0.000 0.000 0.000 0.000 0.000 0.000 0.000 0.000 0.000 0.000 0.000 0.000 0.000 0.000 0.000 0.000 0.000 0.000 0.000 0.000 0.000 0.000 0.000 0.000 0.000 0.000 0.000 0.000 0.000 0.000 0.000 0.000 0.000 0.000 0.000 0.000 0.000 0.000 0.000 0.000 0.000 0.000 0.000 0.000 0.000 0.000 0.000 0.000 0.000 0.000 0.000 0.000 0.000 0.000 0.000 0.000 0.000 0.000 0.000 0.000
0.000 0.000 0.000 0.000 0.000 0.000 0.000 0.000 0.000 0.000 0.000 0.000 0.000 0.000 0.000 0.000 0.000 0.000 0.000 0.000 0.000 0.000 0.000 0.000 0.000 0.000 0.000 0.000 0.000 0.000 0.000 0.000 0.000 0.000 0.000 0.000 0.000 0.000 0.000 0.000 0.000 0.000 0.000 0.000 0.000 0.000 0.000 0.000 0.000 0.000 0.000 0.000 0.000 0.000 0.000 0.000 0.000 0.000 0.000 0.000 0.000 0.000 0.000 0.000 0.000 0.000 0.000 0.000 0.000 0.000 0.000 0.000 0.000 0.000 0.000 0.000 0.000
0.000 0.000 0.000 0.000 0.000 0.000 0.000 0.000 0.000 0.000 0.000 0.000 0.000 0.000 0.000 0.000 0.000 0.000 0.000 0.000 0.000 0.000 0.000 0.000 0.000 0.000 0.000 0.000 0.000 0.000 0.000 0.000 0.000 0.000 0.000 0.000 0.000 0.000 0.000 0.000 0.000 0.000 0.000 0.000 0.000 0.000 0.000 0.000 0.000 0.000 0.000 0.000 0.000 0.000 0.000 0.000 0.000 0.000 0.000 0.000 0.000 0.000 0.000 0.000 0.000 0.000 0.000 0.000 0.000 0.000 0.000 0.000 0.000 0.000 0.000 0.000 0.000
0.000 0.000 0.000 0.000 0.000 0.000 0.000 0.000 0.000 0.000 0.000 0.000 0.000 0.000 0.000 0.000 0.000 0.000 0.000 0.000 0.000 0.000 0.000 0.000 0.000 0.000 0.000 0.000 0.000 0.000 0.000 0.000 0.000 0.000 0.000 0.000 0.000 0.000 0.000 0.000 0.000 0.000 0.000 0.000 0.000 0.000 0.000 0.000 0.000 0.000 0.000 0.000 0.000 0.000 0.000 0.000 0.000 0.000 0.000 0.000 0.000 0.000 0.000 0.000 0.000 0.000 0.000 0.000 0.000 0.000 0.000 0.000 0.000 0.000 0.000 0.000 0.000
0.000 0.000 0.000 0.000 0.000 0.000 0.000 0.000 0.000 0.000 0.000 0.000 0.000 0.000 0.000 0.000 0.000 0.000 0.000 0.000 0.000 0.000 0.000 0.000 0.000 0.000 0.000 0.000 0.000 0.000 0.000 0.000 0.000 0.000 0.000 0.000 0.000 0.000 0.000 0.000 0.000 0.000 0.000 0.000 0.000 0.000 0.000 0.000 0.000 0.000 0.000 0.000 0.000 0.000 0.000 0.000 0.000 0.000 0.000 0.000 0.000 0.000 0.000 0.000 0.000 0.000 0.000 0.000 0.000 0.000 0.000 0.000 0.000 0.000 0.000 0.000 0.000
0.000 0.000 0.000 0.000 0.000 0.000 0.000 0.000 0.000 0.000 0.000 0.000 0.000 0.000 0.000 0.000 0.000 0.000 0.000 0.000 0.000 0.000 0.000 0.000 0.000 0.000 0.000 0.000 0.000 0.000 0.000 0.000 0.000 0.000 0.000 0.000 0.000 0.000 0.000 0.000 0.000 0.000 0.000 0.000 0.000 0.000 0.000 0.000 0.000 0.000 0.000 0.000 0.000 0.000 0.000 0.000 0.000 0.000 0.000 0.000 0.000 0.000 0.000 0.000 0.000 0.000 0.000 0.000 0.000 0.000 0.000 0.000 0.000 0.000 0.000 0.000 0.000
0.000 0.000 0.000 0.000 0.000 0.000 0.000 0.000 0.000 0.000 0.000 0.000 0.000 0.000 0.000 0.000 0.000 0.000 0.000 0.000 0.000 0.000 0.000 0.000 0.000 0.000 0.000 0.000 0.000 0.000 0.000 0.000 0.000 0.000 0.000 0.000 0.000 0.000 0.000 0.000 0.000 0.000 0.000 0.000 0.000 0.000 0.000 0.000 0.000 0.000 0.000 0.000 0.000 0.000 0.000 0.000 0.000 0.000 0.000 0.000 0.000 0.000 0.000 0.000 0.000 0.000 0.000 0.000 0.000 0.000 0.000 0.000 0.000 0.000 0.000 0.000 0.000
0.000 0.000 0.000 0.000 0.000 0.000 0.000 0.000 0.000 0.000 0.000 0.000 0.000 0.000 0.000 0.000 0.000 0.000 0.000 0.000 0.000 0.000 0.000 0.000 0.000 0.000 0.000 0.000 0.000 0.000 0.000 0.000 0.000 0.000 0.000 0.000 0.000 0.000 0.000 0.000 0.000 0.000 0.000 0.000 0.000 0.000 0.000 0.000 0.000 0.000 0.000 0.000 0.000 0.000 0.000 0.000 0.000 0.000 0.000 0.000 0.000 0.000 0.000 0.000 0.000 0.000 0.000 0.000 0.000 0.000 0.000 0.000 0.000 0.000 0.000 0.000 0.000
0.001 0.001 0.001 0.001 0.001 0.001 0.000 0.000 0.000 0.000 0.000 0.000 0.000 0.000 0.000 0.000 0.000 0.000 0.000 0.000 0.000 0.000 0.000 0.000 0.000 0.000 0.000 0.000 0.000 0.000 0.000 0.000 0.000 0.000 0.000 0.000 0.000 0.000 0.000 0.000 0.000 0.000 0.000 0.000 0.000 0.000 0.000 0.000 0.000 0.000 0.000 0.000 0.000 0.000 0.000 0.000 0.000 0.000 0.000 0.000 0.000 0.000 0.000 0.000 0.000 0.000 0.000 0.000 0.000 0.000 0.000 0.000 0.000 0.000 0.000 0.000 0.000
0.002 0.002 0.002 0.002 0.001 0.001 0.001 0.001 0.001 0.000 0.000 0.000 0.000 0.000 0.000 0.000 0.000 0.000 0.000 0.000 0.000 0.000 0.000 0.000 0.000 0.000 0.000 0.000 0.000 0.000 0.000 0.000 0.000 0.000 0.000 0.000 0.000 0.000 0.000 0.000 0.000 0.000 0.000 0.000 0.000 0.000 0.000 0.000 0.001 0.001 0.001 0.001 0.001 0.001 0.001 0.001 0.001 0.001 0.001 0.001 0.001 0.001 0.001 0.001 0.001 0.001 0.001 0.001 0.001 0.001 0.001 0.001 0.001 0.000 0.000 0.000 0.000
0.004 0.004 0.003 0.003 0.002 0.002 0.002 0.002 0.001 0.001 0.001 0.000 0.000 0.000 0.000 0.000 0.000 0.000 0.000 0.000 0.000 0.000 0.000 0.000 0.000 0.000 0.000 0.000 0.000 0.000 0.000 0.000 0.000 0.000 0.000 0.000 0.000 0.000 0.000 0.000 0.000 0.000 0.000 0.000 0.000 0.001 0.001 0.002 0.002 0.002 0.003 0.003 0.003 0.003 0.003 0.003 0.003 0.002 0.002 0.002 0.002 0.002 0.002 0.002 0.002 0.002 0.002 0.002 0.002 0.002 0.002 0.002 0.002 0.001 0.001 0.001 0.001
0.006 0.005 0.005 0.004 0.004 0.003 0.003 0.003 0.002 0.002 0.002 0.001 0.001 0.001 0.001 0.000 0.000 0.000 0.000 0.000 0.000 0.000 0.000 0.000 0.000 0.000 0.000 0.000 0.000 0.000 0.000 0.000 0.000 0.000 0.000 0.000 0.000 0.000 0.000 0.000 0.000 0.000 0.000 0.001 0.001 0.002 0.003 0.004 0.004 0.005 0.005 0.005 0.005 0.005 0.005 0.005 0.005 0.005 0.005 0.005 0.005 0.004 0.004 0.004 0.005 0.005 0.005 0.005 0.005 0.004 0.004 0.004 0.003 0.003 0.002 0.002 0.001
0.008 0.008 0.007 0.006 0.005 0.005 0.004 0.004 0.004 0.003 0.003 0.002 0.002 0.002 0.002 0.001 0.001 0.001 0.001 0.000 0.000 0.000 0.000 0.000 0.000 0.000 0.000 0.000 0.000 0.000 0.000 0.000 0.000 0.000 0.000 0.000 0.000 0.000 0.000 0.000 0.000 0.001 0.002 0.002 0.003 0.004 0.006 0.007 0.008 0.008 0.009 0.009 0.009 0.009 0.009 0.009 0.009 0.008 0.008 0.008 0.008 0.008 0.008 0.008 0.008 0.008 0.008 0.008 0.008 0.008 0.007 0.006 0.006 0.005 0.004 0.003 0.003
0.012 0.011 0.009 0.008 0.007 0.007 0.006 0.006 0.005 0.005 0.004 0.004 0.004 0.003 0.003 0.003 0.002 0.002 0.002 0.001 0.001 0.001 0.001 0.001 0.001 0.001 0.001 0.001 0.001 0.001 0.001 0.001 0.001 0.001 0.001 0.001 0.001 0.001 0.001 0.001 0.002 0.002 0.003 0.005 0.006 0.007 0.009 0.011 0.012 0.013 0.014 0.014 0.014 0.014 0.014 0.014 0.014 0.013 0.013 0.012 0.012 0.012 0.012 0.012 0.012 0.012 0.012 0.013 0.012 0.012 0.011 0.010 0.008 0.007 0.006 0.005 0.004
0.018 0.015 0.013 0.011 0.010 0.009 0.008 0.008 0.007 0.007 0.006 0.006 0.006 0.005 0.005 0.004 0.004 0.004 0.003 0.003 0.002 0.002 0.002 0.002 0.002 0.002 0.002 0.002 0.002 0.002 0.002 0.002 0.002 0.002 0.002 0.002 0.002 0.002 0.003 0.003 0.004 0.005 0.006 0.008 0.009 0.011 0.013 0.016 0.017 0.019 0.020 0.021 0.021 0.021 0.021 0.021 0.021 0.020 0.019 0.018 0.018 0.017 0.017 0.017 0.017 0.018 0.019 0.019 0.019 0.018 0.017 0.014 0.012 0.010 0.008 0.007 0.006
0.031 0.023 0.019 0.016 0.013 0.012 0.011 0.010 0.010 0.009 0.009 0.009 0.008 0.008 0.007 0.007 0.006 0.006 0.006 0.005 0.005 0.004 0.004 0.004 0.004 0.003 0.003 0.003 0.003 0.003 0.003 0.004 0.004 0.004 0.004 0.004 0.004 0.005 0.005 0.006 0.007 0.008 0.010 0.012 0.014 0.016 0.019 0.022 0.024 0.027 0.028 0.030 0.031 0.032 0.032 0.031 0.031 0.030 0.029 0.028 0.027 0.026 0.025 0.025 0.026 0.028 0.030 0.030 0.030 0.028 0.025 0.020 0.016 0.013 0.011 0.009 0.008
0.065 0.043 0.031 0.023 0.019 0.017 0.015 0.014 0.013 0.012 0.012 0.012 0.011 0.011 0.010 0.010 0.010 0.009 0.008 0.008 0.007 0.007 0.007 0.006 0.006 0.006 0.006 0.006 0.006 0.006 0.006 0.006 0.006 0.006 0.006 0.007 0.007 0.008 0.009 0.010 0.011 0.012 0.014 0.016 0.019 0.022 0.025 0.029 0.033 0.036 0.039 0.042 0.045 0.047 0.047 0.047 0.046 0.045 0.044 0.043 0.041 0.039 0.039 0.039 0.040 0.044 0.048 0.050 0.049 0.046 0.037 0.028 0.021 0.017 0.014 0.012 0.010
0.162 0.098 0.061 0.042 0.031 0.025 0.021 0.019 0.018 0.017 0.016 0.016 0.015 0.015 0.015 0.014 0.013 0.013 0.012 0.012 0.011 0.010 0.010 0.009 0.009 0.009 0.009 0.009 0.009 0.009 0.009 0.009 0.009 0.009 0.010 0.010 0.011 0.012 0.013 0.014 0.016 0.018 0.020 0.023 0.026 0.029 0.033 0.038 0.044 0.049 0.054 0.060 0.065 0.069 0.071 0.072 0.072 0.071 0.070 0.068 0.066 0.063 0.062 0.063 0.065 0.074 0.084 0.088 0.088 0.080 0.062 0.041 0.029 0.022 0.018 0.015 0.013
0.398 0.241 0.143 0.088 0.059 0.044 0.034 0.029 0.026 0.024 0.023 0.022 0.021 0.021 0.020 0.019 0.019 0.018 0.017 0.016 0.016 0.015 0.014 0.013 0.013 0.013 0.012 0.012 0.012 0.012 0.013 0.013 0.013 0.013 0.014 0.015 0.016 0.017 0.018 0.020 0.022 0.025 0.027 0.031 0.034 0.038 0.044 0.050 0.057 0.065 0.074 0.085 0.096 0.105 0.111 0.114 0.114 0.114 0.113 0.111 0.109 0.107 0.106 0.108 0.115 0.135 0.159 0.169 0.168 0.152 0.112 0.068 0.042 0.029 0.022 0.018 0.016
0.818 0.536 0.334 0.205 0.130 0.088 0.063 0.049 0.041 0.036 0.034 0.032 0.031 0.030 0.029 0.028 0.027 0.026 0.024 0.023 0.022 0.021 0.019 0.018 0.018 0.017 0.017 0.017 0.017 0.017 0.017 0.017 0.018 0.018 0.019 0.020 0.021 0.023 0.025 0.027 0.030 0.034 0.037 0.041 0.046 0.051 0.058 0.066 0.077 0.090 0.107 0.128 0.148 0.164 0.177 0.184 0.187 0.187 0.187 0.186 0.185 0.186 0.189 0.196 0.215 0.259 0.314 0.337 0.334 0.302 0.220 0.124 0.069 0.042 0.029 0.023 0.019
1.401 1.002 0.684 0.451 0.292 0.190 0.130 0.094 0.073 0.061 0.054 0.051 0.050 0.048 0.046 0.044 0.041 0.039 0.037 0.035 0.032 0.030 0.027 0.025 0.024 0.023 0.023 0.023 0.022 0.022 0.022 0.023 0.023 0.024 0.025 0.026 0.028 0.031 0.034 0.038 0.042 0.047 0.052 0.058 0.064 0.071 0.080 0.091 0.108 0.132 0.163 0.201 0.235 0.262 0.283 0.296 0.301 0.302 0.302 0.302 0.303 0.307 0.316 0.332 0.364 0.426 0.516 0.579 0.593 0.555 0.427 0.243 0.123 0.066 0.041 0.029 0.024
2.094 1.617 1.200 0.860 0.593 0.399 0.271 0.191 0.143 0.114 0.099 0.091 0.087 0.084 0.081 0.076 0.071 0.066 0.061 0.057 0.051 0.045 0.039 0.036 0.034 0.032 0.031 0.030 0.030 0.029 0.029 0.030 0.030 0.031 0.033 0.035 0.039 0.043 0.048 0.054 0.061 0.068 0.075 0.083 0.092 0.102 0.114 0.132 0.159 0.201 0.260 0.322 0.373 0.409 0.425 0.426 0.416 0.409 0.406 0.405 0.405 0.408 0.415 0.431 0.463 0.522 0.619 0.717 0.762 0.756 0.661 0.441 0.222 0.109 0.060 0.039 0.030
2.869 2.343 1.858 1.426 1.057 0.758 0.538 0.389 0.294 0.234 0.200 0.181 0.171 0.163 0.155 0.144 0.133 0.122 0.112 0.101 0.089 0.074 0.062 0.054 0.048 0.045 0.043 0.041 0.040 0.039 0.039 0.039 0.040 0.042 0.045 0.049 0.055 0.062 0.071 0.081 0.092 0.104 0.115 0.126 0.138 0.152 0.170 0.199 0.245 0.318 0.409 0.480 0.519 0.533 0.526 0.500 0.475 0.463 0.459 0.457 0.457 0.457 0.462 0.474 0.499 0.547 0.635 0.749 0.818 0.835 0.790 0.623 0.364 0.178 0.090 0.054 0.038
3.681 3.129 2.604 2.116 1.676 1.297 0.990 0.762 0.602 0.497 0.430 0.388 0.362 0.340 0.317 0.289 0.263 0.240 0.217 0.193 0.167 0.135 0.108 0.089 0.076 0.068 0.063 0.059 0.057 0.056 0.055 0.055 0.057 0.060 0.066 0.074 0.084 0.097 0.114 0.133 0.151 0.169 0.185 0.200 0.216 0.236 0.265 0.313 0.382 0.466 0.539 0.580 0.593 0.588 0.560 0.515 0.485 0.472 0.469 0.468 0.467 0.467 0.470 0.479 0.498 0.539 0.613 0.726 0.814 0.842 0.827 0.726 0.503 0.267 0.135 0.075 0.051
4.481 3.930 3.404 2.905 2.445 2.032 1.678 1.393 1.180 1.029 0.923 0.846 0.786 0.728 0.663 0.591 0.532 0.481 0.433 0.382 0.325 0.259 0.202 0.160 0.131 0.113 0.101 0.094 0.089 0.087 0.086 0.086 0.089 0.096 0.107 0.122 0.142 0.169 0.201 0.233 0.261 0.286 0.308 0.327 0.347 0.376 0.420 0.471 0.519 0.561 0.591 0.606 0.607 0.592 0.551 0.498 0.465 0.451 0.448 0.448 0.449 0.451 0.455 0.462 0.474 0.499 0.551 0.648 0.760 0.814 0.816 0.762 0.605 0.366 0.191 0.106 0.068
5.297 4.768 4.282 3.821 3.383 2.982 2.632 2.341 2.117 1.951 1.826 1.721 1.621 1.506 1.359 1.191 1.054 0.946 0.845 0.740 0.622 0.491 0.379 0.294 0.236 0.198 0.175 0.161 0.153 0.149 0.148 0.150 0.157 0.171 0.190 0.216 0.255 0.311 0.367 0.412 0.450 0.482 0.508 0.528 0.545 0.562 0.579 0.585 0.585 0.588 0.593 0.596 0.587 0.556 0.498 0.439 0.404 0.387 0.383 0.384 0.388 0.396 0.404 0.410 0.416 0.426 0.451 0.519 0.642 0.741 0.773 0.755 0.661 0.466 0.261 0.146 0.092
6.220 5.762 5.351 4.963 4.579 4.216 3.909 3.665 3.476 3.333 3.218 3.110 2.988 2.821 2.586 2.294 2.011 1.773 1.556 1.342 1.111 0.875 0.672 0.516 0.408 0.339 0.299 0.278 0.268 0.266 0.269 0.279 0.296 0.319 0.350 0.393 0.464 0.556 0.626 0.670 0.696 0.710 0.715 0.714 0.705 0.687 0.658 0.620 0.592 0.575 0.559 0.539 0.508 0.454 0.384 0.327 0.295 0.280 0.276 0.279 0.287 0.301 0.313 0.319 0.320 0.321 0.330 0.371 0.478 0.623 0.703 0.718 0.678 0.548 0.348 0.201 0.126
7.403 7.099 6.812 6.529 6.233 5.944 5.707 5.529 5.389 5.276 5.175 5.071 4.941 4.747 4.452 4.052 3.589 3.126 2.684 2.259 1.843 1.448 1.111 0.848 0.661 0.542 0.477 0.450 0.444 0.452 0.472 0.502 0.535 0.568 0.605 0.653 0.724 0.799 0.841 0.856 0.855 0.842 0.823 0.799 0.769 0.726 0.669 0.608 0.556 0.507 0.458 0.405 0.346 0.285 0.235 0.205 0.190 0.185 0.187 0.192 0.200 0.208 0.215 0.219 0.222 0.225 0.234 0.263 0.339 0.485 0.614 0.663 0.659 0.597 0.449 0.280 0.177
