RESULTS/r.avaflow_results/22_results/22_ascii/22_hflow0056.asc
ncols 506
nrows 317
xllcenter 498237.50
yllcenter 5580050.00
cellsize 12.50
NODATA_value -9999.000
[rows 136 to 169 of 317, columns 154 to 230 of 506]
0.000 0.000 0.000 0.000 0.000 0.000 0.000 0.000 0.000 0.000 0.000 0.000 0.000 0.000 0.000 0.000 0.000 0.000 0.000 0.000 0.000 0.000 0.000 0.000 0.000 0.000 0.000 0.000 0.000 0.000 0.000 0.000 0.000 0.000 0.000 0.000 0.000 0.000 0.000 0.000 0.000 0.000 0.000 0.000 0.000 0.000 0.000 0.000 0.000 0.000 0.000 0.000 0.000 0.000 0.000 0.000 0.000 0.000 0.000 0.000 0.000 0.000 0.000 0.000 0.000 0.000 0.000 0.000 0.000 0.000 0.000 0.000 0.000 0.000 0.000 0.000 0.000
0.000 0.000 0.000 0.000 0.000 0.000 0.000 0.000 0.000 0.000 0.000 0.000 0.000 0.000 0.000 0.000 0.000 0.000 0.000 0.000 0.000 0.000 0.000 0.000 0.000 0.000 0.000 0.000 0.000 0.000 0.000 0.000 0.000 0.000 0.000 0.000 0.000 0.000 0.000 0.000 0.000 0.000 0.000 0.000 0.000 0.000 0.000 0.000 0.000 0.000 0.000 0.000 0.000 0.000 0.000 0.000 0.000 0.000 0.000 0.000 0.000 0.000 0.000 0.000 0.000 0.000 0.000 0.000 0.000 0.000 0.000 0.000 0.000 0.000 0.000 0.000 0.000
0.000 0.000 0.000 0.000 0.000 0.000 0.000 0.000 0.000 0.000 0.000 0.000 0.000 0.000 0.000 0.000 0.000 0.000 0.000 0.000 0.000 0.000 0.000 0.000 0.000 0.000 0.000 0.000 0.000 0.000 0.000 0.000 0.000 0.000 0.000 0.000 0.000 0.000 0.000 0.000 0.000 0.000 0.000 0.000 0.000 0.000 0.000 0.000 0.000 0.000 0.000 0.000 0.000 0.000 0.000 0.000 0.000 0.000 0.000 0.000 0.000 0.000 0.000 0.000 0.000 0.000 0.000 0.000 0.000 0.000 0.000 0.000 0.000 0.000 0.000 0.000 0.000
0.000 0.000 0.000 0.000 0.000 0.000 0.000 0.000 0.000 0.000 0.000 0.000 0.000 0.000 0.000 0.000 0.000 0.000 0.000 0.000 0.000 0.000 0.000 0.000 0.000 0.000 0.000 0.000 0.000 0.000 0.000 0.000 0.000 0.000 0.000 0.000 0.000 0.000 0.000 0.000 0.000 0.000 0.000 0.000 0.000 0.000 0.000 0.000 0.000 0.000 0.000 0.000 0.000 0.000 0.000 0.000 0.000 0.000 0.000 0.000 0.000 0.000 0.000 0.000 0.000 0.000 0.000 0.000 0.000 0.000 0.000 0.000 0.000 0.000 0.000 0.000 0.000
0.000 0.000 0.000 0.000 0.000 0.000 0.000 0.000 0.000 0.000 0.000 0.000 0.000 0.000 0.000 0.000 0.000 0.000 0.000 0.000 0.000 0.000 0.000 0.000 0.000 0.000 0.000 0.000 0.000 0.000 0.000 0.000 0.000 0.000 0.000 0.000 0.000 0.000 0.000 0.000 0.000 0.000 0.000 0.000 0.000 0.000 0.000 0.000 0.000 0.000 0.000 0.000 0.000 0.000 0.000 0.000 0.000 0.000 0.000 0.000 0.000 0.000 0.000 0.000 0.000 0.000 0.000 0.000 0.000 0.000 0.000 0.000 0.000 0.000 0.000 0.000 0.000
0.000 0.000 0.000 0.000 0.000 0.000 0.000 0.000 0.000 0.000 0.000 0.000 0.000 0.000 0.000 0.000 0.000 0.000 0.000 0.000 0.000 0.000 0.000 0.000 0.000 0.000 0.000 0.000 0.000 0.000 0.000 0.000 0.000 0.000 0.000 0.000 0.000 0.000 0.000 0.000 0.000 0.000 0.000 0.000 0.000 0.000 0.000 0.000 0.000 0.000 0.000 0.000 0.000 0.000 0.000 0.000 0.000 0.000 0.000 0.000 0.000 0.000 0.000 0.000 0.000 0.000 0.000 0.000 0.000 0.000 0.000 0.000 0.000 0.000 0.000 0.000 0.000
0.000 0.000 0.000 0.000 0.000 0.000 0.000 0.000 0.000 0.000 0.000 0.000 0.000 0.000 0.000 0.000 0.000 0.000 0.000 0.000 0.000 0.000 0.000 0.000 0.000 0.000 0.000 0.000 0.000 0.000 0.000 0.000 0.000 0.000 0.000 0.000 0.000 0.000 0.000 0.000 0.000 0.000 0.000 0.000 0.000 0.000 0.000 0.000 0.000 0.000 0.000 0.000 0.000 0.000 0.000 0.000 0.000 0.000 0.000 0.000 0.000 0.000 0.000 0.000 0.000 0.000 0.000 0.000 0.000 0.000 0.000 0.000 0.000 0.000 0.000 0.000 0.000
0.000 0.000 0.000 0.000 0.000 0.000 0.000 0.000 0.000 0.000 0.000 0.000 0.000 0.000 0.000 0.000 0.000 0.000 0.000 0.000 0.000 0.000 0.000 0.000 0.000 0.000 0.000 0.000 0.000 0.000 0.000 0.000 0.000 0.000 0.000 0.000 0.000 0.000 0.000 0.000 0.000 0.000 0.000 0.000 0.000 0.000 0.000 0.000 0.000 0.000 0.000 0.000 0.000 0.000 0.000 0.000 0.000 0.000 0.000 0.000 0.000 0.000 0.000 0.000 0.000 0.000 0.000 0.000 0.000 0.000 0.000 0.000 0.000 0.000 0.000 0.000 0.000
0.000 0.000 0.000 0.000 0.000 0.000 0.000 0.000 0.000 0.000 0.000 0.000 0.000 0.000 0.000 0.000 0.000 0.000 0.000 0.000 0.000 0.000 0.000 0.000 0.000 0.000 0.000 0.000 0.000 0.000 0.000 0.000 0.000 0.000 0.000 0.000 0.000 0.000 0.000 0.000 0.000 0.000 0.000 0.000 0.000 0.000 0.000 0.000 0.000 0.000 0.000 0.000 0.000 0.000 0.000 0.000 0.000 0.000 0.000 0.000 0.000 0.000 0.000 0.000 0.000 0.000 0.000 0.000 0.000 0.000 0.000 0.000 0.000 0.000 0.000 0.000 0.000
0.000 0.000 0.000 0.000 0.000 0.000 0.000 0.000 0.000 0.000 0.000 0.000 0.000 0.000 0.000 0.000 0.000 0.000 0.000 0.000 0.000 0.000 0.000 0.000 0.000 0.000 0.000 0.000 0.000 0.000 0.000 0.000 0.000 0.000 0.000 0.000 0.000 0.000 0.000 0.000 0.000 0.000 0.000 0.000 0.000 0.000 0.000 0.000 0.000 0.000 0.000 0.000 0.000 0.000 0.000 0.000 0.000 0.000 0.000 0.000 0.000 0.000 0.000 0.000 0.000 0.000 0.000 0.000 0.000 0.000 0.000 0.000 0.000 0.000 0.000 0.000 0.000
0.000 0.000 0.000 0.000 0.000 0.000 0.000 0.000 0.000 0.000 0.000 0.000 0.000 0.000 0.000 0.000 0.000 0.000 0.000 0.000 0.000 0.000 0.000 0.000 0.000 0.000 0.000 0.000 0.000 0.000 0.000 0.000 0.000 0.000 0.000 0.000 0.000 0.000 0.000 0.000 0.000 0.000 0.000 0.000 0.000 0.000 0.000 0.000 0.000 0.000 0.000 0.000 0.000 0.000 0.000 0.000 0.000 0.000 0.000 0.000 0.000 0.000 0.000 0.000 0.000 0.000 0.000 0.000 0.000 0.000 0.000 0.000 0.000 0.000 0.000 0.000 0.000
0.000 0.000 0.000 0.000 0.000 0.000 0.000 0.000 0.000 0.000 0.000 0.000 0.000 0.000 0.000 0.000 0.000 0.000 0.000 0.000 0.000 0.000 0.000 0.000 0.000 0.000 0.000 0.000 0.000 0.000 0.000 0.000 0.000 0.000 0.000 0.000 0.000 0.000 0.000 0.000 0.000 0.000 0.000 0.000 0.000 0.000 0.000 0.000 0.000 0.000 0.000 0.000 0.000 0.000 0.000 0.000 0.000 0.000 0.000 0.000 0.000 0.000 0.000 0.000 0.000 0.000 0.000 0.000 0.000 0.000 0.000 0.000 0.000 0.000 0.000 0.000 0.000
0.000 0.000 0.000 0.000 0.000 0.000 0.000 0.000 0.000 0.000 0.000 0.000 0.000 0.000 0.000 0.000 0.000 0.000 0.000 0.000 0.000 0.000 0.000 0.000 0.000 0.000 0.000 0.000 0.000 0.000 0.000 0.000 0.000 0.000 0.000 0.000 0.000 0.000 0.000 0.000 0.000 0.000 0.000 0.000 0.000 0.000 0.000 0.000 0.000 0.000 0.000 0.000 0.000 0.000 0.000 0.000 0.000 0.000 0.000 0.000 0.000 0.000 0.000 0.000 0.000 0.000 0.000 0.000 0.000 0.000 0.000 0.000 0.000 0.000 0.000 0.000 0.000
0.000 0.000 0.000 0.000 0.000 0.000 0.000 0.000 0.000 0.000 0.000 0.000 0.000 0.000 0.000 0.000 0.000 0.000 0.000 0.000 0.000 0.000 0.000 0.000 0.000 0.000 0.000 0.000 0.000 0.000 0.000 0.000 0.000 0.000 0.000 0.000 0.000 0.000 0.000 0.000 0.000 0.000 0.000 0.000 0.000 0.000 0.000 0.000 0.000 0.000 0.000 0.000 0.000 0.000 0.000 0.000 0.000 0.000 0.000 0.000 0.000 0.000 0.000 0.000 0.000 0.000 0.000 0.000 0.000 0.000 0.000 0.000 0.000 0.000 0.000 0.000 0.000
0.001 0.001 0.001 0.001 0.001 0.001 0.000 0.000 0.000 0.000 0.000 0.000 0.000 0.000 0.000 0.000 0.000 0.000 0.000 0.000 0.000 0.000 0.000 0.000 0.000 0.000 0.000 0.000 0.000 0.000 0.000 0.000 0.000 0.000 0.000 0.000 0.000 0.000 0.000 0.000 0.000 0.000 0.000 0.000 0.000 0.000 0.000 0.000 0.000 0.000 0.000 0.000 0.000 0.000 0.000 0.000 0.000 0.000 0.000 0.000 0.000 0.000 0.000 0.000 0.000 0.000 0.000 0.000 0.000 0.000 0.000 0.000 0.000 0.000 0.000 0.000 0.000
0.003 0.002 0.002 0.002 0.002 0.001 0.001 0.001 0.001 0.000 0.000 0.000 0.000 0.000 0.000 0.000 0.000 0.000 0.000 0.000 0.000 0.000 0.000 0.000 0.000 0.000 0.000 0.000 0.000 0.000 0.000 0.000 0.000 0.000 0.000 0.000 0.000 0.000 0.000 0.000 0.000 0.000 0.000 0.000 0.000 0.000 0.000 0.000 0.001 0.001 0.001 0.001 0.001 0.001 0.001 0.001 0.001 0.001 0.001 0.001 0.001 0.001 0.001 0.001 0.001 0.001 0.001 0.001 0.001 0.001 0.001 0.001 0.000 0.000 0.000 0.000 0.000
0.004 0.004 0.004 0.003 0.003 0.003 0.002 0.002 0.001 0.001 0.001 0.001 0.000 0.000 0.000 0.000 0.000 0.000 0.000 0.000 0.000 0.000 0.000 0.000 0.000 0.000 0.000 0.000 0.000 0.000 0.000 0.000 0.000 0.000 0.000 0.000 0.000 0.000 0.000 0.000 0.000 0.000 0.000 0.000 0.000 0.001 0.001 0.002 0.002 0.002 0.002 0.002 0.003 0.003 0.003 0.002 0.002 0.002 0.002 0.002 0.002 0.002 0.002 0.002 0.002 0.002 0.002 0.002 0.002 0.002 0.002 0.002 0.002 0.001 0.001 0.001 0.001
0.007 0.006 0.006 0.005 0.005 0.004 0.003 0.003 0.003 0.002 0.002 0.001 0.001 0.001 0.001 0.000 0.000 0.000 0.000 0.000 0.000 0.000 0.000 0.000 0.000 0.000 0.000 0.000 0.000 0.000 0.000 0.000 0.000 0.000 0.000 0.000 0.000 0.000 0.000 0.000 0.000 0.000 0.000 0.001 0.001 0.002 0.003 0.004 0.004 0.005 0.005 0.005 0.005 0.005 0.005 0.005 0.005 0.005 0.005 0.004 0.004 0.004 0.004 0.004 0.004 0.004 0.005 0.005 0.004 0.004 0.004 0.004 0.003 0.003 0.002 0.002 0.001
0.010 0.009 0.008 0.007 0.007 0.006 0.005 0.005 0.004 0.004 0.003 0.003 0.002 0.002 0.002 0.001 0.001 0.001 0.001 0.000 0.000 0.000 0.000 0.000 0.000 0.000 0.000 0.000 0.000 0.000 0.000 0.000 0.000 0.000 0.000 0.000 0.000 0.000 0.000 0.000 0.000 0.001 0.002 0.002 0.003 0.004 0.006 0.007 0.008 0.008 0.009 0.009 0.009 0.009 0.009 0.009 0.008 0.008 0.008 0.008 0.007 0.007 0.007 0.007 0.007 0.008 0.008 0.008 0.008 0.007 0.007 0.006 0.005 0.004 0.003 0.003 0.002
0.016 0.014 0.012 0.010 0.009 0.008 0.007 0.007 0.006 0.006 0.005 0.005 0.004 0.004 0.003 0.003 0.002 0.002 0.002 0.001 0.001 0.001 0.001 0.001 0.001 0.001 0.001 0.001 0.001 0.001 0.001 0.001 0.001 0.001 0.001 0.001 0.001 0.001 0.001 0.001 0.002 0.003 0.004 0.005 0.006 0.007 0.009 0.011 0.012 0.013 0.013 0.014 0.014 0.014 0.014 0.013 0.013 0.013 0.012 0.012 0.011 0.011 0.011 0.011 0.012 0.012 0.012 0.012 0.012 0.012 0.011 0.009 0.008 0.006 0.005 0.004 0.004
0.027 0.021 0.017 0.014 0.013 0.011 0.010 0.009 0.009 0.008 0.007 0.007 0.006 0.006 0.006 0.005 0.005 0.004 0.004 0.003 0.003 0.002 0.002 0.002 0.002 0.002 0.002 0.002 0.002 0.002 0.002 0.002 0.002 0.002 0.002 0.002 0.002 0.002 0.003 0.003 0.004 0.005 0.006 0.008 0.009 0.011 0.014 0.016 0.017 0.019 0.020 0.020 0.021 0.021 0.020 0.020 0.019 0.019 0.018 0.017 0.017 0.017 0.017 0.017 0.017 0.018 0.019 0.019 0.019 0.018 0.016 0.013 0.011 0.009 0.007 0.006 0.005
0.053 0.038 0.027 0.022 0.018 0.015 0.014 0.013 0.012 0.011 0.010 0.010 0.009 0.009 0.008 0.008 0.007 0.007 0.006 0.005 0.005 0.004 0.004 0.004 0.004 0.004 0.004 0.004 0.004 0.004 0.004 0.004 0.004 0.004 0.004 0.004 0.004 0.005 0.005 0.006 0.007 0.008 0.010 0.012 0.014 0.016 0.019 0.022 0.025 0.027 0.028 0.029 0.030 0.030 0.030 0.029 0.029 0.028 0.027 0.026 0.025 0.024 0.024 0.024 0.025 0.028 0.029 0.030 0.029 0.027 0.023 0.018 0.015 0.012 0.010 0.008 0.007
0.127 0.080 0.052 0.036 0.028 0.023 0.020 0.018 0.016 0.015 0.014 0.014 0.013 0.013 0.012 0.011 0.011 0.010 0.009 0.009 0.008 0.007 0.007 0.007 0.006 0.006 0.006 0.006 0.006 0.006 0.006 0.006 0.006 0.006 0.007 0.007 0.007 0.008 0.009 0.010 0.011 0.013 0.015 0.017 0.019 0.022 0.026 0.030 0.033 0.036 0.039 0.041 0.043 0.044 0.044 0.043 0.042 0.041 0.040 0.039 0.037 0.037 0.036 0.037 0.039 0.044 0.048 0.049 0.048 0.044 0.035 0.026 0.020 0.016 0.013 0.011 0.009
0.331 0.198 0.116 0.072 0.050 0.037 0.030 0.026 0.023 0.021 0.020 0.019 0.018 0.018 0.017 0.016 0.015 0.015 0.014 0.013 0.012 0.011 0.011 0.010 0.010 0.009 0.009 0.009 0.009 0.009 0.009 0.009 0.010 0.010 0.010 0.011 0.011 0.012 0.013 0.015 0.016 0.018 0.021 0.023 0.026 0.029 0.034 0.039 0.044 0.049 0.054 0.058 0.062 0.064 0.065 0.065 0.064 0.063 0.062 0.060 0.058 0.057 0.057 0.058 0.063 0.074 0.084 0.087 0.086 0.077 0.057 0.038 0.027 0.020 0.016 0.014 0.012
0.762 0.478 0.282 0.166 0.104 0.072 0.053 0.042 0.036 0.032 0.030 0.028 0.027 0.025 0.024 0.023 0.022 0.021 0.019 0.018 0.017 0.016 0.015 0.014 0.014 0.013 0.013 0.013 0.013 0.013 0.013 0.013 0.013 0.014 0.014 0.015 0.016 0.017 0.019 0.021 0.023 0.025 0.028 0.031 0.035 0.039 0.044 0.050 0.057 0.065 0.074 0.083 0.091 0.096 0.099 0.100 0.100 0.099 0.097 0.095 0.094 0.093 0.094 0.098 0.110 0.136 0.159 0.166 0.164 0.143 0.101 0.060 0.038 0.027 0.021 0.017 0.014
1.435 0.978 0.624 0.386 0.238 0.153 0.106 0.078 0.061 0.052 0.046 0.043 0.041 0.039 0.037 0.035 0.032 0.030 0.028 0.026 0.024 0.022 0.021 0.020 0.019 0.018 0.018 0.018 0.018 0.018 0.018 0.018 0.018 0.019 0.020 0.021 0.022 0.024 0.026 0.028 0.032 0.035 0.038 0.042 0.047 0.052 0.058 0.066 0.076 0.090 0.107 0.124 0.138 0.149 0.156 0.159 0.160 0.159 0.157 0.156 0.157 0.159 0.164 0.175 0.204 0.260 0.311 0.328 0.321 0.281 0.194 0.107 0.060 0.037 0.027 0.021 0.017
2.260 1.679 1.171 0.790 0.517 0.335 0.223 0.156 0.116 0.092 0.079 0.072 0.068 0.064 0.061 0.056 0.052 0.047 0.043 0.040 0.036 0.032 0.029 0.028 0.026 0.025 0.025 0.024 0.024 0.024 0.024 0.024 0.024 0.025 0.026 0.027 0.029 0.032 0.036 0.040 0.044 0.049 0.053 0.058 0.064 0.071 0.079 0.090 0.106 0.130 0.162 0.192 0.216 0.235 0.248 0.254 0.255 0.254 0.254 0.254 0.256 0.261 0.272 0.294 0.338 0.417 0.507 0.554 0.558 0.508 0.372 0.201 0.103 0.056 0.036 0.026 0.021
3.127 2.494 1.894 1.388 0.980 0.671 0.456 0.317 0.230 0.178 0.148 0.133 0.124 0.117 0.109 0.101 0.092 0.082 0.074 0.065 0.057 0.049 0.043 0.039 0.037 0.035 0.033 0.032 0.032 0.031 0.031 0.031 0.032 0.033 0.034 0.037 0.040 0.045 0.051 0.057 0.063 0.070 0.077 0.084 0.091 0.100 0.111 0.128 0.154 0.196 0.252 0.301 0.337 0.360 0.370 0.364 0.354 0.349 0.347 0.347 0.348 0.352 0.362 0.384 0.427 0.503 0.609 0.685 0.709 0.687 0.574 0.359 0.179 0.089 0.051 0.034 0.027
4.028 3.356 2.715 2.132 1.617 1.187 0.855 0.618 0.459 0.357 0.297 0.262 0.242 0.226 0.210 0.192 0.173 0.154 0.136 0.118 0.100 0.083 0.070 0.060 0.054 0.050 0.047 0.044 0.043 0.042 0.041 0.041 0.042 0.044 0.047 0.051 0.057 0.065 0.075 0.086 0.096 0.106 0.115 0.125 0.134 0.146 0.162 0.189 0.233 0.304 0.384 0.437 0.462 0.468 0.456 0.428 0.407 0.399 0.397 0.397 0.397 0.400 0.407 0.424 0.459 0.524 0.626 0.717 0.759 0.759 0.690 0.511 0.283 0.140 0.074 0.046 0.034
4.960 4.252 3.583 2.959 2.388 1.881 1.457 1.128 0.887 0.720 0.611 0.540 0.493 0.454 0.417 0.376 0.335 0.298 0.262 0.226 0.189 0.152 0.123 0.100 0.085 0.076 0.069 0.064 0.061 0.059 0.058 0.058 0.059 0.062 0.068 0.077 0.088 0.102 0.120 0.138 0.154 0.169 0.182 0.194 0.206 0.222 0.246 0.289 0.354 0.430 0.489 0.519 0.527 0.518 0.486 0.443 0.419 0.410 0.409 0.409 0.410 0.412 0.418 0.431 0.459 0.513 0.604 0.703 0.757 0.766 0.731 0.606 0.388 0.204 0.106 0.062 0.044
5.888 5.168 4.496 3.864 3.280 2.752 2.291 1.908 1.611 1.391 1.228 1.106 1.006 0.916 0.825 0.730 0.648 0.577 0.509 0.441 0.368 0.292 0.230 0.182 0.148 0.126 0.111 0.101 0.095 0.091 0.090 0.090 0.092 0.098 0.109 0.125 0.147 0.177 0.209 0.237 0.261 0.281 0.297 0.311 0.325 0.346 0.379 0.421 0.464 0.503 0.530 0.542 0.541 0.523 0.479 0.433 0.408 0.398 0.397 0.398 0.400 0.403 0.409 0.420 0.439 0.476 0.542 0.640 0.716 0.742 0.726 0.647 0.479 0.276 0.148 0.085 0.057
6.837 6.125 5.481 4.881 4.322 3.816 3.371 2.993 2.688 2.450 2.255 2.086 1.927 1.761 1.575 1.380 1.216 1.082 0.958 0.832 0.693 0.547 0.424 0.330 0.264 0.219 0.190 0.172 0.161 0.155 0.153 0.154 0.159 0.171 0.190 0.219 0.263 0.322 0.373 0.412 0.442 0.466 0.482 0.493 0.501 0.506 0.510 0.511 0.515 0.522 0.530 0.533 0.525 0.493 0.437 0.390 0.364 0.353 0.351 0.352 0.357 0.365 0.373 0.381 0.391 0.408 0.446 0.525 0.627 0.683 0.692 0.655 0.542 0.355 0.200 0.116 0.076
7.897 7.238 6.655 6.121 5.614 5.149 4.753 4.426 4.158 3.936 3.741 3.552 3.351 3.115 2.829 2.505 2.196 1.933 1.692 1.455 1.202 0.947 0.731 0.563 0.444 0.366 0.318 0.291 0.278 0.273 0.273 0.280 0.293 0.315 0.346 0.393 0.471 0.560 0.621 0.655 0.671 0.676 0.671 0.660 0.641 0.612 0.573 0.539 0.519 0.508 0.498 0.484 0.457 0.408 0.347 0.304 0.280 0.270 0.268 0.271 0.280 0.293 0.303 0.308 0.311 0.314 0.330 0.382 0.492 0.594 0.634 0.630 0.571 0.434 0.267 0.159 0.104
9.229 8.712 8.245 7.809 7.385 6.989 6.655 6.381 6.146 5.937 5.742 5.546 5.329 5.059 4.706 4.266 3.774 3.284 2.815 2.368 1.931 1.519 1.169 0.895 0.698 0.569 0.495 0.462 0.454 0.459 0.473 0.496 0.523 0.554 0.592 0.644 0.719 0.786 0.820 0.828 0.819 0.798 0.769 0.737 0.698 0.647 0.583 0.528 0.486 0.448 0.410 0.368 0.318 0.265 0.223 0.198 0.187 0.184 0.186 0.192 0.201 0.209 0.215 0.219 0.221 0.224 0.235 0.271 0.356 0.482 0.563 0.587 0.570 0.497 0.358 0.224 0.147
