RESULTS/r.avaflow_results/22_results/22_ascii/22_hflow10040.asc
ncols 506
nrows 317
xllcenter 498237.50
yllcenter 5580050.00
cellsize 12.50
NODATA_value -9999.000
[rows 170 to 203 of 317, columns 154 to 230 of 506]
1.991 1.807 1.641 1.492 1.355 1.227 1.108 0.995 0.887 0.786 0.691 0.605 0.527 0.456 0.391 0.333 0.279 0.230 0.186 0.148 0.115 0.089 0.067 0.051 0.038 0.029 0.023 0.020 0.018 0.018 0.018 0.018 0.018 0.018 0.017 0.017 0.017 0.018 0.017 0.017 0.016 0.015 0.014 0.013 0.012 0.011 0.009 0.008 0.006 0.005 0.004 0.003 0.003 0.002 0.002 0.002 0.002 0.002 0.002 0.001 0.001 0.001 0.001 0.001 0.001 0.001 0.001 0.001 0.000 0.000 0.000 0.000 0.000 0.000 0.000 0.000 0.000
2.172 2.007 1.851 1.704 1.564 1.428 1.297 1.172 1.052 0.940 0.834 0.737 0.648 0.567 0.494 0.427 0.366 0.309 0.257 0.208 0.164 0.127 0.096 0.072 0.054 0.041 0.031 0.025 0.022 0.021 0.021 0.021 0.020 0.020 0.019 0.019 0.018 0.018 0.018 0.017 0.016 0.015 0.013 0.012 0.011 0.009 0.007 0.005 0.004 0.003 0.002 0.002 0.002 0.001 0.001 0.001 0.001 0.001 0.001 0.001 0.001 0.001 0.001 0.001 0.001 0.001 0.000 0.000 0.000 0.000 0.000 0.000 0.000 0.000 0.000 0.000 0.000
2.308 2.158 2.010 1.863 1.719 1.580 1.447 1.320 1.197 1.079 0.967 0.861 0.763 0.672 0.588 0.510 0.439 0.375 0.316 0.262 0.213 0.169 0.131 0.099 0.074 0.055 0.041 0.031 0.026 0.023 0.022 0.021 0.021 0.020 0.019 0.018 0.018 0.017 0.017 0.016 0.014 0.013 0.011 0.010 0.008 0.006 0.004 0.003 0.002 0.002 0.001 0.001 0.001 0.001 0.001 0.001 0.001 0.001 0.001 0.001 0.001 0.001 0.001 0.000 0.000 0.000 0.000 0.000 0.000 0.000 0.000 0.000 0.000 0.000 0.000 0.000 0.000
2.399 2.260 2.119 1.977 1.839 1.706 1.577 1.451 1.329 1.210 1.095 0.982 0.874 0.772 0.677 0.588 0.507 0.432 0.365 0.305 0.252 0.204 0.161 0.125 0.095 0.071 0.052 0.038 0.029 0.025 0.022 0.021 0.020 0.019 0.018 0.017 0.017 0.016 0.015 0.013 0.011 0.009 0.007 0.006 0.004 0.003 0.002 0.002 0.001 0.001 0.001 0.001 0.001 0.001 0.001 0.001 0.001 0.001 0.000 0.000 0.000 0.000 0.000 0.000 0.000 0.000 0.000 0.000 0.000 0.000 0.000 0.000 0.000 0.000 0.000 0.000 0.000
2.447 2.317 2.188 2.058 1.932 1.808 1.687 1.567 1.449 1.332 1.215 1.099 0.983 0.869 0.760 0.659 0.566 0.483 0.408 0.341 0.282 0.230 0.184 0.144 0.110 0.082 0.060 0.044 0.032 0.026 0.022 0.020 0.019 0.017 0.016 0.015 0.013 0.012 0.010 0.008 0.006 0.005 0.003 0.003 0.002 0.002 0.001 0.001 0.001 0.001 0.001 0.001 0.001 0.001 0.000 0.000 0.000 0.000 0.000 0.000 0.000 0.000 0.000 0.000 0.000 0.000 0.000 0.000 0.000 0.000 0.000 0.000 0.000 0.000 0.000 0.000 0.000
2.465 2.346 2.232 2.116 2.002 1.889 1.777 1.665 1.553 1.440 1.324 1.206 1.084 0.958 0.835 0.721 0.617 0.524 0.441 0.368 0.304 0.248 0.199 0.157 0.120 0.090 0.066 0.048 0.035 0.026 0.021 0.018 0.016 0.014 0.012 0.010 0.009 0.007 0.006 0.004 0.003 0.002 0.002 0.001 0.001 0.001 0.001 0.001 0.001 0.001 0.001 0.001 0.001 0.000 0.000 0.000 0.000 0.000 0.000 0.000 0.000 0.000 0.000 0.000 0.000 0.000 0.000 0.000 0.000 0.000 0.000 0.000 0.000 0.000 0.000 0.000 0.000
2.469 2.359 2.256 2.153 2.053 1.952 1.850 1.747 1.641 1.533 1.421 1.302 1.174 1.038 0.898 0.770 0.656 0.554 0.465 0.387 0.319 0.261 0.209 0.164 0.126 0.094 0.069 0.049 0.035 0.026 0.020 0.015 0.012 0.009 0.007 0.006 0.005 0.004 0.003 0.002 0.002 0.001 0.001 0.001 0.001 0.001 0.001 0.001 0.001 0.001 0.001 0.001 0.000 0.000 0.000 0.000 0.000 0.000 0.000 0.000 0.000 0.000 0.000 0.000 0.000 0.000 0.000 0.000 0.000 0.000 0.000 0.000 0.000 0.000 0.000 0.000 0.000
2.464 2.361 2.267 2.176 2.089 1.998 1.906 1.813 1.716 1.614 1.506 1.385 1.251 1.103 0.948 0.807 0.683 0.573 0.479 0.397 0.327 0.267 0.214 0.168 0.128 0.095 0.069 0.049 0.035 0.025 0.018 0.012 0.008 0.005 0.004 0.003 0.002 0.002 0.002 0.001 0.001 0.001 0.001 0.001 0.001 0.001 0.001 0.001 0.001 0.001 0.001 0.001 0.000 0.000 0.000 0.000 0.000 0.000 0.000 0.000 0.000 0.000 0.000 0.000 0.000 0.000 0.000 0.000 0.000 0.000 0.000 0.000 0.000 0.000 0.000 0.000 0.000
2.453 2.356 2.269 2.188 2.112 2.033 1.953 1.870 1.782 1.686 1.580 1.457 1.315 1.155 0.986 0.833 0.699 0.584 0.485 0.401 0.329 0.269 0.215 0.169 0.128 0.093 0.066 0.046 0.032 0.022 0.014 0.008 0.005 0.003 0.002 0.002 0.001 0.001 0.001 0.001 0.001 0.001 0.001 0.001 0.001 0.001 0.001 0.001 0.001 0.001 0.001 0.001 0.000 0.000 0.000 0.000 0.000 0.000 0.000 0.000 0.000 0.000 0.000 0.000 0.000 0.000 0.000 0.000 0.000 0.000 0.000 0.000 0.000 0.000 0.000 0.000 0.000
2.432 2.343 2.263 2.192 2.125 2.060 1.993 1.921 1.841 1.750 1.644 1.518 1.368 1.195 1.013 0.850 0.709 0.588 0.486 0.400 0.328 0.266 0.212 0.163 0.121 0.085 0.058 0.038 0.024 0.015 0.008 0.005 0.003 0.002 0.001 0.001 0.001 0.001 0.001 0.001 0.001 0.001 0.001 0.001 0.001 0.001 0.001 0.001 0.001 0.001 0.001 0.001 0.000 0.000 0.000 0.000 0.000 0.000 0.000 0.000 0.000 0.000 0.000 0.000 0.000 0.000 0.000 0.000 0.000 0.000 0.000 0.000 0.000 0.000 0.000 0.000 0.000
2.397 2.319 2.249 2.188 2.132 2.078 2.023 1.964 1.893 1.806 1.698 1.566 1.407 1.222 1.031 0.862 0.715 0.590 0.484 0.396 0.320 0.254 0.197 0.146 0.102 0.067 0.040 0.023 0.012 0.007 0.004 0.002 0.002 0.001 0.001 0.001 0.001 0.001 0.001 0.001 0.001 0.001 0.001 0.001 0.001 0.001 0.001 0.001 0.001 0.001 0.001 0.001 0.001 0.000 0.000 0.000 0.000 0.000 0.000 0.000 0.000 0.000 0.000 0.000 0.000 0.000 0.000 0.000 0.000 0.000 0.000 0.000 0.000 0.000 0.000 0.000 0.000
2.347 2.282 2.225 2.176 2.132 2.092 2.050 2.002 1.936 1.849 1.736 1.597 1.430 1.236 1.041 0.869 0.718 0.589 0.478 0.381 0.297 0.223 0.160 0.108 0.067 0.038 0.020 0.010 0.005 0.003 0.002 0.001 0.001 0.001 0.001 0.001 0.001 0.001 0.001 0.001 0.001 0.001 0.001 0.001 0.001 0.001 0.001 0.001 0.001 0.001 0.001 0.001 0.001 0.001 0.000 0.000 0.000 0.000 0.000 0.000 0.000 0.000 0.000 0.000 0.000 0.000 0.000 0.000 0.000 0.000 0.000 0.000 0.000 0.000 0.000 0.000 0.000
2.280 2.230 2.190 2.156 2.126 2.097 2.066 2.024 1.962 1.873 1.757 1.612 1.438 1.239 1.044 0.871 0.716 0.579 0.454 0.342 0.243 0.159 0.095 0.053 0.029 0.015 0.007 0.004 0.002 0.002 0.001 0.001 0.001 0.001 0.001 0.001 0.001 0.001 0.001 0.001 0.001 0.001 0.001 0.001 0.001 0.001 0.001 0.001 0.001 0.001 0.001 0.001 0.001 0.001 0.000 0.000 0.000 0.000 0.000 0.000 0.000 0.000 0.000 0.000 0.000 0.000 0.000 0.000 0.000 0.000 0.000 0.000 0.000 0.000 0.000 0.000 0.000
2.197 2.165 2.141 2.123 2.110 2.094 2.070 2.030 1.969 1.878 1.756 1.604 1.424 1.222 1.025 0.847 0.681 0.525 0.379 0.249 0.144 0.074 0.037 0.018 0.010 0.005 0.003 0.002 0.001 0.001 0.001 0.001 0.001 0.001 0.001 0.001 0.001 0.001 0.001 0.001 0.001 0.001 0.001 0.001 0.001 0.002 0.002 0.002 0.002 0.002 0.002 0.002 0.001 0.001 0.001 0.000 0.000 0.000 0.000 0.000 0.000 0.000 0.000 0.000 0.000 0.000 0.000 0.000 0.000 0.000 0.000 0.000 0.000 0.000 0.000 0.000 0.000
2.103 2.088 2.079 2.069 2.057 2.040 2.014 1.974 1.915 1.823 1.690 1.523 1.324 1.113 0.914 0.725 0.543 0.370 0.220 0.114 0.053 0.023 0.011 0.006 0.003 0.002 0.001 0.001 0.001 0.001 0.001 0.001 0.001 0.001 0.001 0.001 0.001 0.001 0.001 0.001 0.001 0.001 0.002 0.002 0.002 0.002 0.002 0.002 0.003 0.003 0.002 0.002 0.002 0.001 0.001 0.001 0.000 0.000 0.000 0.000 0.000 0.000 0.000 0.000 0.000 0.000 0.000 0.000 0.000 0.000 0.000 0.000 0.000 0.000 0.000 0.000 0.000
1.988 1.983 1.963 1.924 1.869 1.817 1.770 1.721 1.663 1.576 1.443 1.261 1.040 0.814 0.614 0.435 0.277 0.154 0.076 0.033 0.014 0.006 0.004 0.002 0.002 0.001 0.001 0.001 0.001 0.001 0.001 0.001 0.001 0.001 0.001 0.001 0.001 0.001 0.002 0.002 0.002 0.002 0.002 0.002 0.002 0.003 0.003 0.004 0.004 0.004 0.004 0.004 0.003 0.002 0.001 0.001 0.000 0.000 0.000 0.000 0.000 0.000 0.000 0.000 0.000 0.000 0.000 0.000 0.000 0.000 0.000 0.000 0.000 0.000 0.000 0.000 0.000
1.793 1.747 1.662 1.543 1.405 1.289 1.203 1.136 1.074 1.001 0.891 0.734 0.539 0.367 0.243 0.153 0.087 0.043 0.019 0.008 0.004 0.002 0.002 0.001 0.001 0.001 0.001 0.001 0.001 0.001 0.001 0.001 0.001 0.001 0.002 0.002 0.002 0.002 0.002 0.002 0.002 0.002 0.003 0.003 0.004 0.004 0.005 0.006 0.006 0.006 0.006 0.005 0.004 0.003 0.002 0.001 0.000 0.000 0.000 0.000 0.000 0.000 0.000 0.000 0.000 0.000 0.000 0.000 0.000 0.000 0.000 0.000 0.000 0.000 0.000 0.000 0.000
1.384 1.237 1.065 0.885 0.726 0.612 0.535 0.480 0.436 0.392 0.338 0.266 0.180 0.112 0.068 0.040 0.022 0.011 0.005 0.003 0.002 0.001 0.001 0.001 0.001 0.001 0.001 0.001 0.001 0.001 0.001 0.002 0.002 0.002 0.002 0.002 0.002 0.003 0.003 0.003 0.003 0.004 0.004 0.005 0.006 0.007 0.009 0.010 0.011 0.011 0.010 0.008 0.006 0.003 0.002 0.001 0.001 0.000 0.000 0.000 0.000 0.000 0.000 0.000 0.000 0.000 0.000 0.000 0.000 0.000 0.000 0.000 0.000 0.000 0.000 0.000 0.000
0.772 0.619 0.492 0.384 0.298 0.235 0.191 0.160 0.138 0.117 0.097 0.073 0.048 0.029 0.018 0.011 0.006 0.004 0.002 0.002 0.001 0.001 0.001 0.001 0.001 0.001 0.001 0.002 0.002 0.002 0.002 0.002 0.002 0.003 0.003 0.003 0.004 0.004 0.005 0.005 0.006 0.007 0.008 0.009 0.011 0.013 0.016 0.018 0.019 0.018 0.015 0.010 0.006 0.004 0.002 0.001 0.000 0.000 0.000 0.000 0.000 0.000 0.000 0.000 0.000 0.000 0.000 0.000 0.000 0.000 0.000 0.000 0.000 0.000 0.000 0.000 0.000
0.334 0.257 0.198 0.151 0.114 0.085 0.065 0.052 0.042 0.034 0.027 0.020 0.013 0.008 0.005 0.004 0.003 0.002 0.002 0.001 0.001 0.001 0.001 0.001 0.002 0.002 0.002 0.002 0.002 0.003 0.003 0.004 0.004 0.005 0.005 0.006 0.007 0.008 0.009 0.011 0.013 0.015 0.018 0.020 0.023 0.027 0.031 0.032 0.031 0.025 0.018 0.011 0.007 0.004 0.002 0.001 0.000 0.000 0.000 0.000 0.000 0.000 0.000 0.000 0.000 0.000 0.000 0.000 0.000 0.000 0.000 0.000 0.000 0.000 0.000 0.000 0.000
0.129 0.099 0.076 0.057 0.042 0.031 0.023 0.017 0.014 0.011 0.009 0.007 0.005 0.003 0.003 0.002 0.002 0.002 0.002 0.002 0.002 0.002 0.002 0.002 0.002 0.003 0.003 0.004 0.004 0.005 0.006 0.007 0.008 0.010 0.011 0.013 0.015 0.019 0.022 0.027 0.031 0.036 0.041 0.044 0.048 0.052 0.053 0.049 0.040 0.028 0.018 0.012 0.007 0.004 0.002 0.001 0.000 0.000 0.000 0.000 0.000 0.000 0.000 0.000 0.000 0.000 0.000 0.000 0.000 0.000 0.000 0.000 0.000 0.000 0.000 0.000 0.000
0.049 0.038 0.029 0.022 0.016 0.012 0.009 0.007 0.005 0.005 0.004 0.003 0.003 0.002 0.002 0.002 0.002 0.002 0.002 0.002 0.002 0.002 0.002 0.003 0.004 0.004 0.005 0.007 0.009 0.011 0.013 0.016 0.020 0.024 0.028 0.033 0.040 0.048 0.057 0.066 0.074 0.080 0.084 0.084 0.082 0.078 0.070 0.059 0.042 0.029 0.019 0.012 0.007 0.004 0.002 0.001 0.000 0.000 0.000 0.000 0.000 0.000 0.000 0.000 0.000 0.000 0.000 0.000 0.000 0.000 0.000 0.000 0.000 0.000 0.000 0.000 0.000
0.019 0.015 0.012 0.009 0.007 0.005 0.004 0.003 0.003 0.003 0.002 0.002 0.002 0.002 0.002 0.002 0.002 0.002 0.002 0.002 0.002 0.003 0.004 0.005 0.007 0.009 0.012 0.017 0.022 0.028 0.035 0.044 0.054 0.063 0.073 0.085 0.101 0.116 0.129 0.137 0.137 0.131 0.123 0.113 0.103 0.091 0.077 0.060 0.042 0.028 0.019 0.012 0.007 0.004 0.002 0.001 0.000 0.000 0.000 0.000 0.000 0.000 0.000 0.000 0.000 0.000 0.000 0.000 0.000 0.000 0.000 0.000 0.000 0.000 0.000 0.000 0.000
0.008 0.007 0.005 0.004 0.004 0.003 0.003 0.002 0.002 0.002 0.002 0.002 0.002 0.002 0.002 0.002 0.002 0.002 0.002 0.003 0.004 0.005 0.007 0.011 0.016 0.023 0.033 0.046 0.062 0.079 0.098 0.120 0.141 0.160 0.178 0.197 0.213 0.219 0.212 0.197 0.177 0.157 0.139 0.124 0.109 0.094 0.078 0.060 0.042 0.028 0.018 0.011 0.007 0.004 0.002 0.001 0.000 0.000 0.000 0.000 0.000 0.000 0.000 0.000 0.000 0.000 0.000 0.000 0.000 0.000 0.000 0.000 0.000 0.000 0.000 0.000 0.000
0.004 0.004 0.003 0.003 0.002 0.002 0.002 0.002 0.002 0.002 0.002 0.002 0.002 0.002 0.002 0.002 0.002 0.003 0.004 0.005 0.007 0.011 0.018 0.028 0.043 0.065 0.095 0.133 0.171 0.210 0.248 0.284 0.314 0.334 0.342 0.337 0.318 0.290 0.256 0.221 0.189 0.162 0.141 0.125 0.109 0.093 0.076 0.057 0.040 0.027 0.017 0.011 0.006 0.004 0.002 0.001 0.000 0.000 0.000 0.000 0.000 0.000 0.000 0.000 0.000 0.000 0.000 0.000 0.000 0.000 0.000 0.000 0.000 0.000 0.000 0.000 0.000
0.002 0.002 0.002 0.002 0.002 0.002 0.002 0.002 0.002 0.002 0.002 0.002 0.002 0.002 0.002 0.003 0.003 0.004 0.006 0.010 0.017 0.029 0.048 0.078 0.123 0.185 0.261 0.338 0.403 0.456 0.492 0.511 0.508 0.489 0.458 0.416 0.366 0.314 0.266 0.224 0.189 0.161 0.138 0.120 0.102 0.084 0.067 0.049 0.035 0.024 0.015 0.010 0.006 0.003 0.001 0.000 0.000 0.000 0.000 0.000 0.000 0.000 0.000 0.000 0.000 0.000 0.000 0.000 0.000 0.000 0.000 0.000 0.000 0.000 0.000 0.000 0.000
0.002 0.002 0.002 0.002 0.002 0.002 0.002 0.002 0.002 0.002 0.002 0.002 0.002 0.003 0.003 0.004 0.005 0.008 0.014 0.025 0.045 0.080 0.135 0.214 0.320 0.442 0.557 0.638 0.680 0.695 0.684 0.654 0.609 0.557 0.500 0.438 0.373 0.315 0.265 0.222 0.185 0.155 0.129 0.106 0.085 0.066 0.048 0.035 0.024 0.017 0.011 0.007 0.004 0.002 0.001 0.000 0.000 0.000 0.000 0.000 0.000 0.000 0.000 0.000 0.000 0.000 0.000 0.000 0.000 0.000 0.000 0.000 0.000 0.000 0.000 0.000 0.000
0.001 0.001 0.002 0.002 0.002 0.002 0.002 0.002 0.003 0.003 0.003 0.003 0.003 0.003 0.004 0.006 0.010 0.019 0.035 0.067 0.122 0.208 0.330 0.478 0.624 0.738 0.808 0.838 0.840 0.817 0.771 0.707 0.636 0.569 0.503 0.437 0.371 0.312 0.260 0.215 0.175 0.139 0.107 0.080 0.057 0.039 0.027 0.019 0.013 0.010 0.007 0.004 0.003 0.001 0.001 0.000 0.000 0.000 0.000 0.000 0.000 0.000 0.000 0.000 0.000 0.000 0.000 0.000 0.000 0.000 0.000 0.000 0.000 0.000 0.000 0.000 0.000
0.001 0.001 0.002 0.002 0.002 0.002 0.003 0.003 0.003 0.004 0.004 0.004 0.004 0.005 0.008 0.013 0.024 0.047 0.090 0.166 0.283 0.436 0.593 0.731 0.836 0.899 0.922 0.920 0.901 0.861 0.800 0.719 0.638 0.567 0.500 0.432 0.365 0.302 0.245 0.193 0.147 0.106 0.073 0.048 0.031 0.021 0.014 0.010 0.008 0.005 0.004 0.002 0.001 0.001 0.000 0.000 0.000 0.000 0.000 0.000 0.000 0.000 0.000 0.000 0.000 0.000 0.000 0.000 0.000 0.000 0.000 0.000 0.000 0.000 0.000 0.000 0.000
0.001 0.001 0.002 0.002 0.003 0.003 0.004 0.004 0.005 0.005 0.006 0.007 0.008 0.010 0.015 0.028 0.056 0.108 0.198 0.331 0.488 0.635 0.756 0.852 0.916 0.946 0.951 0.944 0.922 0.878 0.809 0.721 0.633 0.557 0.485 0.413 0.339 0.269 0.204 0.147 0.099 0.063 0.039 0.025 0.016 0.011 0.008 0.006 0.004 0.003 0.002 0.001 0.001 0.000 0.000 0.000 0.000 0.000 0.000 0.000 0.000 0.000 0.000 0.000 0.000 0.000 0.000 0.000 0.000 0.000 0.000 0.000 0.000 0.000 0.000 0.000 0.000
0.001 0.002 0.002 0.003 0.004 0.005 0.006 0.007 0.008 0.009 0.011 0.012 0.015 0.019 0.031 0.056 0.106 0.190 0.313 0.467 0.612 0.726 0.814 0.883 0.929 0.952 0.957 0.953 0.932 0.884 0.809 0.712 0.607 0.513 0.426 0.343 0.264 0.192 0.130 0.083 0.051 0.031 0.019 0.013 0.009 0.006 0.005 0.004 0.003 0.002 0.001 0.001 0.000 0.000 0.000 0.000 0.000 0.000 0.000 0.000 0.000 0.000 0.000 0.000 0.000 0.000 0.000 0.000 0.000 0.000 0.000 0.000 0.000 0.000 0.000 0.000 0.000
0.002 0.002 0.004 0.005 0.007 0.009 0.012 0.014 0.016 0.018 0.020 0.023 0.026 0.033 0.047 0.079 0.140 0.240 0.377 0.531 0.656 0.750 0.824 0.884 0.927 0.950 0.955 0.948 0.920 0.865 0.778 0.662 0.527 0.406 0.301 0.213 0.144 0.094 0.060 0.037 0.023 0.014 0.009 0.007 0.005 0.004 0.003 0.002 0.001 0.001 0.000 0.000 0.000 0.000 0.000 0.000 0.000 0.000 0.000 0.000 0.000 0.000 0.000 0.000 0.000 0.000 0.000 0.000 0.000 0.000 0.000 0.000 0.000 0.000 0.000 0.000 0.000
0.002 0.004 0.007 0.011 0.015 0.019 0.023 0.027 0.031 0.033 0.034 0.035 0.037 0.042 0.056 0.088 0.153 0.256 0.396 0.543 0.660 0.749 0.817 0.866 0.892 0.901 0.890 0.864 0.819 0.749 0.650 0.520 0.371 0.245 0.154 0.096 0.059 0.037 0.023 0.015 0.009 0.006 0.005 0.004 0.003 0.002 0.002 0.001 0.001 0.000 0.000 0.000 0.000 0.000 0.000 0.000 0.000 0.000 0.000 0.000 0.000 0.000 0.000 0.000 0.000 0.000 0.000 0.000 0.000 0.000 0.000 0.000 0.000 0.000 0.000 0.000 0.000
0.004 0.008 0.014 0.021 0.029 0.035 0.041 0.045 0.047 0.047 0.046 0.043 0.043 0.046 0.058 0.089 0.152 0.252 0.389 0.527 0.632 0.708 0.754 0.773 0.765 0.734 0.683 0.624 0.557 0.482 0.393 0.288 0.186 0.112 0.064 0.036 0.021 0.013 0.008 0.006 0.004 0.003 0.002 0.002 0.002 0.001 0.001 0.001 0.000 0.000 0.000 0.000 0.000 0.000 0.000 0.000 0.000 0.000 0.000 0.000 0.000 0.000 0.000 0.000 0.000 0.000 0.000 0.000 0.000 0.000 0.000 0.000 0.000 0.000 0.000 0.000 0.000
