RESULTS/r.avaflow_results/22_results/22_ascii/22_hflow0054.asc
ncols 506
nrows 317
xllcenter 498237.50
yllcenter 5580050.00
cellsize 12.50
NODATA_value -9999.000
[rows 136 to 169 of 317, columns 154 to 230 of 506]
0.000 0.000 0.000 0.000 0.000 0.000 0.000 0.000 0.000 0.000 0.000 0.000 0.000 0.000 0.000 0.000 0.000 0.000 0.000 0.000 0.000 0.000 0.000 0.000 0.000 0.000 0.000 0.000 0.000 0.000 0.000 0.000 0.000 0.000 0.000 0.000 0.000 0.000 0.000 0.000 0.000 0.000 0.000 0.000 0.000 0.000 0.000 0.000 0.000 0.000 0.000 0.000 0.000 0.000 0.000 0.000 0.000 0.000 0.000 0.000 0.000 0.000 0.000 0.000 0.000 0.000 0.000 0.000 0.000 0.000 0.000 0.000 0.000 0.000 0.000 0.000 0.000
0.000 0.000 0.000 0.000 0.000 0.000 0.000 0.000 0.000 0.000 0.000 0.000 0.000 0.000 0.000 0.000 0.000 0.000 0.000 0.000 0.000 0.000 0.000 0.000 0.000 0.000 0.000 0.000 0.000 0.000 0.000 0.000 0.000 0.000 0.000 0.000 0.000 0.000 0.000 0.000 0.000 0.000 0.000 0.000 0.000 0.000 0.000 0.000 0.000 0.000 0.000 0.000 0.000 0.000 0.000 0.000 0.000 0.000 0.000 0.000 0.000 0.000 0.000 0.000 0.000 0.000 0.000 0.000 0.000 0.000 0.000 0.000 0.000 0.000 0.000 0.000 0.000
0.000 0.000 0.000 0.000 0.000 0.000 0.000 0.000 0.000 0.000 0.000 0.000 0.000 0.000 0.000 0.000 0.000 0.000 0.000 0.000 0.000 0.000 0.000 0.000 0.000 0.000 0.000 0.000 0.000 0.000 0.000 0.000 0.000 0.000 0.000 0.000 0.000 0.000 0.000 0.000 0.000 0.000 0.000 0.000 0.000 0.000 0.000 0.000 0.000 0.000 0.000 0.000 0.000 0.000 0.000 0.000 0.000 0.000 0.000 0.000 0.000 0.000 0.000 0.000 0.000 0.000 0.000 0.000 0.000 0.000 0.000 0.000 0.000 0.000 0.000 0.000 0.000
0.000 0.000 0.000 0.000 0.000 0.000 0.000 0.000 0.000 0.000 0.000 0.000 0.000 0.000 0.000 0.000 0.000 0.000 0.000 0.000 0.000 0.000 0.000 0.000 0.000 0.000 0.000 0.000 0.000 0.000 0.000 0.000 0.000 0.000 0.000 0.000 0.000 0.000 0.000 0.000 0.000 0.000 0.000 0.000 0.000 0.000 0.000 0.000 0.000 0.000 0.000 0.000 0.000 0.000 0.000 0.000 0.000 0.000 0.000 0.000 0.000 0.000 0.000 0.000 0.000 0.000 0.000 0.000 0.000 0.000 0.000 0.000 0.000 0.000 0.000 0.000 0.000
0.000 0.000 0.000 0.000 0.000 0.000 0.000 0.000 0.000 0.000 0.000 0.000 0.000 0.000 0.000 0.000 0.000 0.000 0.000 0.000 0.000 0.000 0.000 0.000 0.000 0.000 0.000 0.000 0.000 0.000 0.000 0.000 0.000 0.000 0.000 0.000 0.000 0.000 0.000 0.000 0.000 0.000 0.000 0.000 0.000 0.000 0.000 0.000 0.000 0.000 0.000 0.000 0.000 0.000 0.000 0.000 0.000 0.000 0.000 0.000 0.000 0.000 0.000 0.000 0.000 0.000 0.000 0.000 0.000 0.000 0.000 0.000 0.000 0.000 0.000 0.000 0.000
0.000 0.000 0.000 0.000 0.000 0.000 0.000 0.000 0.000 0.000 0.000 0.000 0.000 0.000 0.000 0.000 0.000 0.000 0.000 0.000 0.000 0.000 0.000 0.000 0.000 0.000 0.000 0.000 0.000 0.000 0.000 0.000 0.000 0.000 0.000 0.000 0.000 0.000 0.000 0.000 0.000 0.000 0.000 0.000 0.000 0.000 0.000 0.000 0.000 0.000 0.000 0.000 0.000 0.000 0.000 0.000 0.000 0.000 0.000 0.000 0.000 0.000 0.000 0.000 0.000 0.000 0.000 0.000 0.000 0.000 0.000 0.000 0.000 0.000 0.000 0.000 0.000
0.000 0.000 0.000 0.000 0.000 0.000 0.000 0.000 0.000 0.000 0.000 0.000 0.000 0.000 0.000 0.000 0.000 0.000 0.000 0.000 0.000 0.000 0.000 0.000 0.000 0.000 0.000 0.000 0.000 0.000 0.000 0.000 0.000 0.000 0.000 0.000 0.000 0.000 0.000 0.000 0.000 0.000 0.000 0.000 0.000 0.000 0.000 0.000 0.000 0.000 0.000 0.000 0.000 0.000 0.000 0.000 0.000 0.000 0.000 0.000 0.000 0.000 0.000 0.000 0.000 0.000 0.000 0.000 0.000 0.000 0.000 0.000 0.000 0.000 0.000 0.000 0.000
0.000 0.000 0.000 0.000 0.000 0.000 0.000 0.000 0.000 0.000 0.000 0.000 0.000 0.000 0.000 0.000 0.000 0.000 0.000 0.000 0.000 0.000 0.000 0.000 0.000 0.000 0.000 0.000 0.000 0.000 0.000 0.000 0.000 0.000 0.000 0.000 0.000 0.000 0.000 0.000 0.000 0.000 0.000 0.000 0.000 0.000 0.000 0.000 0.000 0.000 0.000 0.000 0.000 0.000 0.000 0.000 0.000 0.000 0.000 0.000 0.000 0.000 0.000 0.000 0.000 0.000 0.000 0.000 0.000 0.000 0.000 0.000 0.000 0.000 0.000 0.000 0.000
0.000 0.000 0.000 0.000 0.000 0.000 0.000 0.000 0.000 0.000 0.000 0.000 0.000 0.000 0.000 0.000 0.000 0.000 0.000 0.000 0.000 0.000 0.000 0.000 0.000 0.000 0.000 0.000 0.000 0.000 0.000 0.000 0.000 0.000 0.000 0.000 0.000 0.000 0.000 0.000 0.000 0.000 0.000 0.000 0.000 0.000 0.000 0.000 0.000 0.000 0.000 0.000 0.000 0.000 0.000 0.000 0.000 0.000 0.000 0.000 0.000 0.000 0.000 0.000 0.000 0.000 0.000 0.000 0.000 0.000 0.000 0.000 0.000 0.000 0.000 0.000 0.000
0.000 0.000 0.000 0.000 0.000 0.000 0.000 0.000 0.000 0.000 0.000 0.000 0.000 0.000 0.000 0.000 0.000 0.000 0.000 0.000 0.000 0.000 0.000 0.000 0.000 0.000 0.000 0.000 0.000 0.000 0.000 0.000 0.000 0.000 0.000 0.000 0.000 0.000 0.000 0.000 0.000 0.000 0.000 0.000 0.000 0.000 0.000 0.000 0.000 0.000 0.000 0.000 0.000 0.000 0.000 0.000 0.000 0.000 0.000 0.000 0.000 0.000 0.000 0.000 0.000 0.000 0.000 0.000 0.000 0.000 0.000 0.000 0.000 0.000 0.000 0.000 0.000
0.000 0.000 0.000 0.000 0.000 0.000 0.000 0.000 0.000 0.000 0.000 0.000 0.000 0.000 0.000 0.000 0.000 0.000 0.000 0.000 0.000 0.000 0.000 0.000 0.000 0.000 0.000 0.000 0.000 0.000 0.000 0.000 0.000 0.000 0.000 0.000 0.000 0.000 0.000 0.000 0.000 0.000 0.000 0.000 0.000 0.000 0.000 0.000 0.000 0.000 0.000 0.000 0.000 0.000 0.000 0.000 0.000 0.000 0.000 0.000 0.000 0.000 0.000 0.000 0.000 0.000 0.000 0.000 0.000 0.000 0.000 0.000 0.000 0.000 0.000 0.000 0.000
0.000 0.000 0.000 0.000 0.000 0.000 0.000 0.000 0.000 0.000 0.000 0.000 0.000 0.000 0.000 0.000 0.000 0.000 0.000 0.000 0.000 0.000 0.000 0.000 0.000 0.000 0.000 0.000 0.000 0.000 0.000 0.000 0.000 0.000 0.000 0.000 0.000 0.000 0.000 0.000 0.000 0.000 0.000 0.000 0.000 0.000 0.000 0.000 0.000 0.000 0.000 0.000 0.000 0.000 0.000 0.000 0.000 0.000 0.000 0.000 0.000 0.000 0.000 0.000 0.000 0.000 0.000 0.000 0.000 0.000 0.000 0.000 0.000 0.000 0.000 0.000 0.000
0.000 0.000 0.000 0.000 0.000 0.000 0.000 0.000 0.000 0.000 0.000 0.000 0.000 0.000 0.000 0.000 0.000 0.000 0.000 0.000 0.000 0.000 0.000 0.000 0.000 0.000 0.000 0.000 0.000 0.000 0.000 0.000 0.000 0.000 0.000 0.000 0.000 0.000 0.000 0.000 0.000 0.000 0.000 0.000 0.000 0.000 0.000 0.000 0.000 0.000 0.000 0.000 0.000 0.000 0.000 0.000 0.000 0.000 0.000 0.000 0.000 0.000 0.000 0.000 0.000 0.000 0.000 0.000 0.000 0.000 0.000 0.000 0.000 0.000 0.000 0.000 0.000
0.000 0.000 0.000 0.000 0.000 0.000 0.000 0.000 0.000 0.000 0.000 0.000 0.000 0.000 0.000 0.000 0.000 0.000 0.000 0.000 0.000 0.000 0.000 0.000 0.000 0.000 0.000 0.000 0.000 0.000 0.000 0.000 0.000 0.000 0.000 0.000 0.000 0.000 0.000 0.000 0.000 0.000 0.000 0.000 0.000 0.000 0.000 0.000 0.000 0.000 0.000 0.000 0.000 0.000 0.000 0.000 0.000 0.000 0.000 0.000 0.000 0.000 0.000 0.000 0.000 0.000 0.000 0.000 0.000 0.000 0.000 0.000 0.000 0.000 0.000 0.000 0.000
0.001 0.001 0.001 0.001 0.001 0.001 0.000 0.000 0.000 0.000 0.000 0.000 0.000 0.000 0.000 0.000 0.000 0.000 0.000 0.000 0.000 0.000 0.000 0.000 0.000 0.000 0.000 0.000 0.000 0.000 0.000 0.000 0.000 0.000 0.000 0.000 0.000 0.000 0.000 0.000 0.000 0.000 0.000 0.000 0.000 0.000 0.000 0.000 0.000 0.000 0.000 0.000 0.000 0.000 0.000 0.000 0.000 0.000 0.000 0.000 0.000 0.000 0.000 0.000 0.000 0.000 0.000 0.000 0.000 0.000 0.000 0.000 0.000 0.000 0.000 0.000 0.000
0.003 0.002 0.002 0.002 0.002 0.001 0.001 0.001 0.001 0.000 0.000 0.000 0.000 0.000 0.000 0.000 0.000 0.000 0.000 0.000 0.000 0.000 0.000 0.000 0.000 0.000 0.000 0.000 0.000 0.000 0.000 0.000 0.000 0.000 0.000 0.000 0.000 0.000 0.000 0.000 0.000 0.000 0.000 0.000 0.000 0.000 0.000 0.000 0.001 0.001 0.001 0.001 0.001 0.001 0.001 0.001 0.001 0.001 0.001 0.001 0.001 0.001 0.001 0.001 0.001 0.001 0.001 0.001 0.001 0.001 0.001 0.001 0.000 0.000 0.000 0.000 0.000
0.004 0.004 0.004 0.003 0.003 0.002 0.002 0.002 0.001 0.001 0.001 0.001 0.000 0.000 0.000 0.000 0.000 0.000 0.000 0.000 0.000 0.000 0.000 0.000 0.000 0.000 0.000 0.000 0.000 0.000 0.000 0.000 0.000 0.000 0.000 0.000 0.000 0.000 0.000 0.000 0.000 0.000 0.000 0.000 0.000 0.001 0.001 0.002 0.002 0.002 0.002 0.003 0.003 0.003 0.003 0.002 0.002 0.002 0.002 0.002 0.002 0.002 0.002 0.002 0.002 0.002 0.002 0.002 0.002 0.002 0.002 0.002 0.002 0.001 0.001 0.001 0.001
0.007 0.006 0.006 0.005 0.004 0.004 0.003 0.003 0.003 0.002 0.002 0.001 0.001 0.001 0.001 0.000 0.000 0.000 0.000 0.000 0.000 0.000 0.000 0.000 0.000 0.000 0.000 0.000 0.000 0.000 0.000 0.000 0.000 0.000 0.000 0.000 0.000 0.000 0.000 0.000 0.000 0.000 0.000 0.001 0.001 0.002 0.003 0.004 0.004 0.005 0.005 0.005 0.005 0.005 0.005 0.005 0.005 0.005 0.005 0.004 0.004 0.004 0.004 0.004 0.004 0.004 0.005 0.005 0.004 0.004 0.004 0.004 0.003 0.003 0.002 0.002 0.001
0.010 0.009 0.008 0.007 0.006 0.006 0.005 0.005 0.004 0.004 0.003 0.003 0.002 0.002 0.002 0.001 0.001 0.001 0.001 0.000 0.000 0.000 0.000 0.000 0.000 0.000 0.000 0.000 0.000 0.000 0.000 0.000 0.000 0.000 0.000 0.000 0.000 0.000 0.000 0.000 0.000 0.001 0.002 0.002 0.003 0.004 0.006 0.007 0.008 0.008 0.009 0.009 0.009 0.009 0.009 0.009 0.008 0.008 0.008 0.008 0.007 0.007 0.007 0.007 0.007 0.008 0.008 0.008 0.008 0.007 0.007 0.006 0.005 0.004 0.004 0.003 0.002
0.016 0.014 0.012 0.010 0.009 0.008 0.007 0.007 0.006 0.006 0.005 0.005 0.004 0.004 0.003 0.003 0.002 0.002 0.002 0.001 0.001 0.001 0.001 0.001 0.001 0.001 0.001 0.001 0.001 0.001 0.001 0.001 0.001 0.001 0.001 0.001 0.001 0.001 0.001 0.001 0.002 0.003 0.003 0.005 0.006 0.007 0.009 0.011 0.012 0.013 0.013 0.014 0.014 0.014 0.014 0.014 0.013 0.013 0.012 0.012 0.011 0.011 0.011 0.011 0.012 0.012 0.012 0.012 0.012 0.012 0.011 0.009 0.008 0.006 0.005 0.004 0.004
0.026 0.021 0.017 0.014 0.012 0.011 0.010 0.009 0.008 0.008 0.007 0.007 0.006 0.006 0.005 0.005 0.005 0.004 0.004 0.003 0.003 0.002 0.002 0.002 0.002 0.002 0.002 0.002 0.002 0.002 0.002 0.002 0.002 0.002 0.002 0.002 0.002 0.002 0.003 0.003 0.004 0.005 0.006 0.008 0.009 0.011 0.014 0.016 0.018 0.019 0.020 0.020 0.021 0.021 0.021 0.020 0.020 0.019 0.018 0.017 0.017 0.017 0.017 0.017 0.017 0.018 0.019 0.019 0.019 0.018 0.016 0.013 0.011 0.009 0.007 0.006 0.005
0.051 0.036 0.027 0.021 0.017 0.015 0.014 0.012 0.012 0.011 0.010 0.010 0.009 0.009 0.008 0.008 0.007 0.007 0.006 0.005 0.005 0.004 0.004 0.004 0.004 0.004 0.004 0.004 0.004 0.004 0.004 0.004 0.004 0.004 0.004 0.004 0.004 0.005 0.005 0.006 0.007 0.008 0.010 0.012 0.014 0.016 0.019 0.022 0.025 0.027 0.028 0.029 0.030 0.030 0.030 0.030 0.029 0.028 0.027 0.026 0.025 0.025 0.024 0.024 0.025 0.028 0.029 0.030 0.029 0.027 0.023 0.018 0.015 0.012 0.010 0.008 0.007
0.121 0.076 0.049 0.035 0.027 0.022 0.019 0.017 0.016 0.015 0.014 0.013 0.013 0.012 0.012 0.011 0.011 0.010 0.009 0.009 0.008 0.007 0.007 0.007 0.006 0.006 0.006 0.006 0.006 0.006 0.006 0.006 0.006 0.006 0.007 0.007 0.007 0.008 0.009 0.010 0.011 0.013 0.015 0.017 0.019 0.022 0.025 0.029 0.033 0.036 0.039 0.041 0.043 0.044 0.044 0.044 0.043 0.042 0.041 0.039 0.038 0.037 0.037 0.037 0.039 0.044 0.048 0.049 0.048 0.044 0.035 0.026 0.020 0.016 0.013 0.011 0.009
0.313 0.187 0.109 0.069 0.047 0.036 0.029 0.025 0.022 0.021 0.020 0.019 0.018 0.017 0.017 0.016 0.015 0.014 0.013 0.013 0.012 0.011 0.010 0.010 0.010 0.009 0.009 0.009 0.009 0.009 0.009 0.009 0.009 0.010 0.010 0.011 0.011 0.012 0.013 0.015 0.016 0.018 0.020 0.023 0.026 0.029 0.033 0.039 0.044 0.049 0.054 0.058 0.062 0.065 0.066 0.066 0.065 0.064 0.063 0.061 0.059 0.058 0.057 0.058 0.063 0.074 0.084 0.087 0.086 0.077 0.057 0.038 0.027 0.020 0.016 0.014 0.012
0.726 0.454 0.266 0.157 0.099 0.068 0.051 0.040 0.034 0.031 0.028 0.027 0.026 0.025 0.023 0.022 0.021 0.020 0.019 0.018 0.017 0.016 0.015 0.014 0.014 0.013 0.013 0.013 0.013 0.013 0.013 0.013 0.013 0.014 0.014 0.015 0.016 0.017 0.019 0.020 0.023 0.025 0.028 0.031 0.034 0.039 0.044 0.050 0.057 0.065 0.074 0.083 0.091 0.097 0.101 0.102 0.102 0.101 0.099 0.097 0.096 0.095 0.096 0.099 0.110 0.136 0.159 0.167 0.165 0.145 0.103 0.061 0.039 0.027 0.021 0.017 0.014
1.382 0.937 0.595 0.365 0.225 0.145 0.100 0.074 0.058 0.049 0.044 0.041 0.039 0.037 0.035 0.033 0.031 0.029 0.027 0.026 0.024 0.022 0.021 0.020 0.019 0.018 0.018 0.018 0.018 0.018 0.018 0.018 0.018 0.019 0.019 0.020 0.022 0.023 0.026 0.028 0.031 0.035 0.038 0.042 0.046 0.051 0.058 0.065 0.076 0.089 0.106 0.124 0.139 0.151 0.159 0.162 0.163 0.163 0.161 0.160 0.160 0.162 0.166 0.177 0.204 0.259 0.313 0.330 0.325 0.286 0.199 0.110 0.061 0.038 0.027 0.021 0.018
2.203 1.625 1.127 0.755 0.491 0.317 0.210 0.147 0.109 0.087 0.075 0.068 0.064 0.061 0.057 0.054 0.049 0.045 0.042 0.039 0.035 0.032 0.029 0.027 0.026 0.025 0.024 0.024 0.024 0.023 0.023 0.024 0.024 0.025 0.026 0.027 0.029 0.032 0.035 0.039 0.044 0.048 0.053 0.058 0.064 0.070 0.078 0.089 0.106 0.129 0.161 0.192 0.218 0.238 0.252 0.259 0.262 0.261 0.260 0.260 0.262 0.267 0.278 0.299 0.341 0.419 0.512 0.562 0.567 0.519 0.383 0.209 0.106 0.058 0.036 0.027 0.022
3.078 2.439 1.841 1.340 0.940 0.639 0.432 0.299 0.216 0.167 0.140 0.125 0.117 0.110 0.103 0.095 0.086 0.078 0.071 0.063 0.056 0.048 0.043 0.039 0.036 0.034 0.033 0.032 0.031 0.031 0.031 0.031 0.031 0.032 0.034 0.036 0.040 0.044 0.050 0.056 0.063 0.069 0.076 0.083 0.090 0.099 0.110 0.127 0.154 0.195 0.252 0.303 0.342 0.367 0.377 0.373 0.363 0.357 0.356 0.356 0.356 0.360 0.370 0.391 0.433 0.507 0.615 0.696 0.725 0.705 0.593 0.375 0.186 0.093 0.052 0.035 0.027
3.992 3.310 2.664 2.079 1.566 1.141 0.816 0.587 0.434 0.338 0.280 0.248 0.229 0.213 0.199 0.182 0.163 0.146 0.130 0.114 0.097 0.081 0.068 0.059 0.053 0.049 0.046 0.044 0.042 0.041 0.041 0.041 0.042 0.043 0.046 0.051 0.057 0.064 0.074 0.084 0.095 0.104 0.114 0.124 0.134 0.145 0.162 0.188 0.232 0.304 0.386 0.441 0.469 0.476 0.465 0.438 0.417 0.408 0.406 0.406 0.407 0.409 0.416 0.432 0.466 0.529 0.632 0.730 0.777 0.780 0.713 0.533 0.297 0.146 0.076 0.047 0.034
4.935 4.216 3.539 2.908 2.333 1.826 1.406 1.083 0.849 0.688 0.583 0.516 0.470 0.433 0.397 0.357 0.319 0.284 0.251 0.218 0.183 0.147 0.119 0.097 0.083 0.074 0.068 0.063 0.060 0.058 0.058 0.058 0.059 0.062 0.068 0.076 0.087 0.101 0.119 0.137 0.153 0.168 0.181 0.193 0.206 0.222 0.247 0.289 0.354 0.432 0.493 0.526 0.535 0.526 0.495 0.453 0.429 0.419 0.418 0.418 0.419 0.421 0.426 0.439 0.466 0.519 0.610 0.715 0.775 0.787 0.754 0.631 0.408 0.214 0.110 0.064 0.044
5.870 5.141 4.459 3.819 3.228 2.697 2.235 1.854 1.562 1.346 1.188 1.069 0.972 0.885 0.795 0.703 0.624 0.556 0.491 0.426 0.355 0.282 0.222 0.176 0.144 0.123 0.109 0.099 0.093 0.090 0.089 0.089 0.091 0.098 0.109 0.124 0.146 0.175 0.207 0.235 0.260 0.280 0.296 0.311 0.326 0.347 0.382 0.424 0.468 0.507 0.536 0.549 0.548 0.531 0.488 0.442 0.416 0.406 0.405 0.406 0.408 0.411 0.417 0.427 0.446 0.482 0.548 0.650 0.732 0.762 0.749 0.671 0.501 0.289 0.154 0.088 0.058
6.823 6.105 5.454 4.847 4.280 3.768 3.320 2.941 2.637 2.401 2.209 2.044 1.888 1.725 1.542 1.348 1.186 1.054 0.932 0.808 0.672 0.530 0.411 0.320 0.256 0.214 0.186 0.169 0.159 0.153 0.152 0.153 0.159 0.171 0.191 0.218 0.261 0.320 0.371 0.411 0.442 0.466 0.483 0.495 0.504 0.511 0.515 0.517 0.520 0.527 0.536 0.540 0.531 0.500 0.445 0.396 0.370 0.358 0.356 0.357 0.362 0.370 0.379 0.386 0.396 0.413 0.450 0.530 0.637 0.701 0.712 0.677 0.565 0.372 0.208 0.120 0.078
7.887 7.226 6.640 6.100 5.588 5.118 4.717 4.387 4.117 3.896 3.703 3.516 3.318 3.085 2.801 2.478 2.169 1.905 1.664 1.427 1.176 0.926 0.714 0.549 0.433 0.358 0.313 0.288 0.275 0.271 0.273 0.280 0.295 0.317 0.348 0.394 0.470 0.560 0.622 0.657 0.674 0.679 0.675 0.664 0.646 0.619 0.581 0.546 0.525 0.514 0.504 0.489 0.462 0.413 0.351 0.306 0.281 0.271 0.268 0.271 0.281 0.294 0.305 0.310 0.313 0.317 0.331 0.382 0.495 0.606 0.651 0.649 0.593 0.454 0.279 0.164 0.107
9.222 8.709 8.243 7.806 7.379 6.978 6.641 6.365 6.128 5.919 5.725 5.531 5.315 5.046 4.693 4.253 3.759 3.267 2.796 2.346 1.909 1.499 1.152 0.881 0.687 0.561 0.490 0.459 0.452 0.457 0.474 0.499 0.528 0.559 0.597 0.649 0.723 0.791 0.825 0.834 0.824 0.803 0.774 0.742 0.704 0.654 0.591 0.535 0.492 0.453 0.414 0.371 0.320 0.266 0.223 0.198 0.186 0.183 0.185 0.191 0.200 0.209 0.215 0.219 0.221 0.225 0.236 0.271 0.356 0.487 0.576 0.603 0.588 0.514 0.371 0.231 0.151
