RESULTS/r.avaflow_results/22_results/22_ascii/22_hflow10014.asc
ncols 506
nrows 317
xllcenter 498237.50
yllcenter 5580050.00
cellsize 12.50
NODATA_value -9999.000
[rows 170 to 203 of 317, columns 77 to 153 of 506]
0.000 0.000 0.000 0.000 0.000 0.000 0.000 0.000 0.000 0.000 0.000 0.000 0.000 0.000 0.000 0.000 0.000 0.001 0.001 0.003 0.007 0.016 0.042 0.101 0.211 0.340 0.421 0.467 0.495 0.512 0.523 0.532 0.540 0.551 0.570 0.607 0.672 0.776 0.930 1.146 1.434 1.818 2.324 2.863 3.236 3.420 3.466 3.437 3.446 3.633 4.109 4.958 6.148 7.246 7.900 8.217 8.506 8.924 9.384 9.694 9.825 9.853 9.798 9.611 9.175 8.470 7.478 6.267 5.124 4.146 3.301 2.587 2.003 1.547 1.203 0.951 0.771
0.000 0.000 0.000 0.000 0.000 0.000 0.000 0.000 0.000 0.000 0.000 0.000 0.000 0.000 0.000 0.000 0.001 0.003 0.006 0.011 0.022 0.046 0.101 0.203 0.356 0.493 0.578 0.632 0.665 0.683 0.694 0.703 0.712 0.726 0.756 0.813 0.909 1.058 1.269 1.554 1.930 2.428 3.079 3.769 4.264 4.541 4.665 4.743 4.951 5.383 6.016 6.812 7.676 8.283 8.592 8.791 9.075 9.511 9.973 10.258 10.370 10.379 10.295 10.051 9.551 8.769 7.690 6.439 5.348 4.447 3.687 3.033 2.470 2.003 1.635 1.355 1.142
0.000 0.000 0.000 0.000 0.000 0.000 0.000 0.000 0.000 0.000 0.000 0.000 0.000 0.000 0.000 0.002 0.004 0.008 0.016 0.029 0.054 0.104 0.196 0.334 0.511 0.659 0.758 0.825 0.865 0.886 0.898 0.907 0.918 0.938 0.980 1.056 1.178 1.358 1.617 1.973 2.450 3.076 3.878 4.724 5.357 5.770 6.034 6.280 6.661 7.146 7.666 8.185 8.602 8.828 8.966 9.131 9.406 9.822 10.262 10.522 10.616 10.617 10.520 10.243 9.709 8.881 7.747 6.498 5.473 4.646 3.982 3.425 2.952 2.549 2.201 1.905 1.654
0.000 0.000 0.000 0.000 0.000 0.000 0.000 0.000 0.000 0.000 0.000 0.000 0.000 0.000 0.001 0.004 0.008 0.017 0.031 0.055 0.096 0.166 0.276 0.428 0.623 0.819 0.959 1.046 1.096 1.121 1.133 1.141 1.151 1.169 1.207 1.278 1.401 1.597 1.890 2.305 2.872 3.616 4.554 5.542 6.292 6.821 7.221 7.599 8.025 8.427 8.781 9.037 9.137 9.167 9.215 9.326 9.547 9.935 10.351 10.601 10.684 10.682 10.577 10.291 9.742 8.896 7.744 6.506 5.523 4.746 4.153 3.677 3.294 2.979 2.709 2.475 2.257
0.000 0.000 0.000 0.000 0.000 0.000 0.000 0.000 0.000 0.000 0.000 0.000 0.000 0.000 0.002 0.005 0.012 0.023 0.042 0.073 0.124 0.204 0.322 0.486 0.703 0.956 1.152 1.279 1.348 1.377 1.385 1.384 1.374 1.374 1.395 1.453 1.568 1.771 2.090 2.552 3.187 4.020 5.077 6.188 7.051 7.670 8.162 8.599 8.964 9.233 9.411 9.484 9.451 9.377 9.356 9.409 9.578 9.940 10.349 10.594 10.673 10.669 10.560 10.264 9.709 8.852 7.697 6.481 5.521 4.771 4.213 3.793 3.482 3.246 3.056 2.889 2.732
0.000 0.000 0.000 0.000 0.000 0.000 0.000 0.000 0.000 0.000 0.000 0.000 0.000 0.000 0.002 0.006 0.014 0.027 0.048 0.083 0.139 0.224 0.349 0.525 0.765 1.066 1.322 1.491 1.584 1.620 1.626 1.616 1.579 1.543 1.542 1.580 1.686 1.889 2.225 2.723 3.409 4.321 5.497 6.699 7.636 8.333 8.854 9.267 9.545 9.702 9.759 9.747 9.645 9.475 9.403 9.419 9.548 9.866 10.263 10.492 10.562 10.549 10.428 10.118 9.559 8.701 7.555 6.387 5.467 4.749 4.210 3.820 3.551 3.369 3.245 3.141 3.042
0.000 0.000 0.000 0.000 0.000 0.000 0.000 0.000 0.000 0.000 0.000 0.000 0.000 0.000 0.002 0.006 0.015 0.028 0.051 0.088 0.147 0.236 0.368 0.555 0.814 1.154 1.471 1.684 1.803 1.851 1.858 1.840 1.774 1.682 1.647 1.665 1.756 1.959 2.308 2.835 3.567 4.549 5.815 7.084 8.075 8.810 9.314 9.668 9.881 9.961 9.963 9.905 9.733 9.500 9.388 9.371 9.433 9.668 10.021 10.218 10.274 10.252 10.115 9.786 9.209 8.352 7.234 6.153 5.303 4.645 4.154 3.796 3.551 3.397 3.313 3.262 3.220
0.000 0.000 0.000 0.000 0.000 0.000 0.000 0.000 0.000 0.000 0.000 0.000 0.000 0.000 0.002 0.007 0.015 0.029 0.052 0.090 0.151 0.244 0.381 0.578 0.854 1.226 1.603 1.866 2.015 2.076 2.086 2.061 1.969 1.810 1.717 1.714 1.785 1.984 2.352 2.910 3.687 4.730 6.062 7.366 8.374 9.108 9.586 9.891 10.051 10.091 10.078 9.982 9.761 9.471 9.291 9.212 9.211 9.334 9.595 9.739 9.770 9.726 9.550 9.188 8.593 7.742 6.681 5.730 4.990 4.423 4.003 3.701 3.499 3.377 3.315 3.294 3.297
0.000 0.000 0.000 0.000 0.000 0.000 0.000 0.000 0.000 0.000 0.000 0.000 0.000 0.000 0.002 0.007 0.015 0.029 0.052 0.091 0.153 0.248 0.390 0.597 0.888 1.287 1.725 2.042 2.226 2.302 2.314 2.285 2.172 1.946 1.767 1.729 1.783 1.977 2.359 2.953 3.775 4.864 6.248 7.565 8.567 9.281 9.727 9.992 10.120 10.141 10.115 10.002 9.746 9.378 9.081 8.900 8.827 8.851 8.961 9.021 9.005 8.911 8.686 8.276 7.652 6.801 5.854 5.077 4.479 4.031 3.709 3.490 3.356 3.289 3.266 3.279 3.316
0.000 0.000 0.000 0.000 0.000 0.000 0.000 0.000 0.000 0.000 0.000 0.000 0.000 0.000 0.002 0.006 0.014 0.028 0.051 0.090 0.153 0.251 0.398 0.613 0.918 1.340 1.840 2.216 2.440 2.535 2.550 2.520 2.394 2.109 1.813 1.710 1.741 1.924 2.320 2.954 3.830 4.967 6.383 7.695 8.670 9.351 9.781 10.022 10.124 10.140 10.110 9.972 9.670 9.208 8.758 8.445 8.264 8.181 8.134 8.075 7.973 7.793 7.487 7.013 6.342 5.508 4.746 4.176 3.761 3.464 3.263 3.144 3.091 3.088 3.124 3.197 3.290
0.000 0.000 0.000 0.000 0.000 0.000 0.000 0.000 0.000 0.000 0.000 0.000 0.000 0.000 0.002 0.005 0.012 0.024 0.046 0.085 0.150 0.251 0.403 0.626 0.945 1.390 1.951 2.395 2.664 2.785 2.809 2.782 2.644 2.320 1.886 1.658 1.635 1.785 2.186 2.877 3.839 5.043 6.471 7.761 8.722 9.376 9.784 10.007 10.097 10.115 10.071 9.880 9.507 8.942 8.333 7.876 7.559 7.333 7.133 6.925 6.690 6.389 5.984 5.447 4.770 4.065 3.509 3.117 2.869 2.728 2.664 2.644 2.670 2.740 2.854 3.018 3.195
0.000 0.000 0.000 0.000 0.000 0.000 0.000 0.000 0.000 0.000 0.000 0.000 0.000 0.000 0.001 0.003 0.008 0.017 0.035 0.069 0.133 0.241 0.403 0.638 0.972 1.443 2.061 2.588 2.914 3.068 3.106 3.081 2.935 2.587 2.033 1.637 1.512 1.579 1.930 2.659 3.745 5.080 6.523 7.778 8.733 9.372 9.749 9.950 10.019 10.022 9.938 9.686 9.233 8.561 7.820 7.232 6.782 6.424 6.102 5.780 5.430 5.030 4.568 4.032 3.446 2.920 2.518 2.245 2.084 2.012 1.998 2.021 2.101 2.246 2.450 2.711 2.984
0.000 0.000 0.000 0.000 0.000 0.000 0.000 0.000 0.000 0.000 0.000 0.000 0.000 0.000 0.000 0.001 0.003 0.008 0.017 0.041 0.096 0.207 0.387 0.644 1.000 1.502 2.181 2.805 3.205 3.401 3.454 3.432 3.288 2.926 2.287 1.710 1.460 1.441 1.661 2.326 3.503 5.033 6.534 7.773 8.705 9.322 9.649 9.789 9.833 9.812 9.675 9.360 8.819 8.046 7.220 6.550 6.023 5.587 5.188 4.783 4.361 3.911 3.433 2.938 2.465 2.072 1.779 1.586 1.480 1.442 1.439 1.464 1.541 1.693 1.934 2.263 2.631
0.000 0.000 0.000 0.000 0.000 0.000 0.000 0.000 0.000 0.000 0.000 0.000 0.000 0.000 0.000 0.000 0.001 0.002 0.006 0.017 0.052 0.149 0.341 0.630 1.023 1.571 2.323 3.058 3.545 3.796 3.873 3.861 3.729 3.360 2.659 1.894 1.493 1.397 1.508 2.033 3.181 4.893 6.505 7.741 8.630 9.190 9.470 9.564 9.566 9.479 9.243 8.834 8.198 7.356 6.517 5.831 5.275 4.799 4.353 3.905 3.452 3.000 2.554 2.133 1.764 1.466 1.247 1.103 1.025 0.998 0.998 1.022 1.087 1.211 1.414 1.724 2.136
0.000 0.000 0.000 0.000 0.000 0.000 0.000 0.000 0.000 0.000 0.000 0.000 0.000 0.000 0.000 0.000 0.000 0.001 0.002 0.006 0.023 0.090 0.268 0.585 1.033 1.651 2.506 3.345 3.904 4.200 4.295 4.291 4.176 3.826 3.120 2.192 1.620 1.426 1.471 1.879 2.922 4.691 6.419 7.630 8.456 8.937 9.162 9.218 9.171 8.994 8.614 8.046 7.295 6.449 5.678 5.036 4.499 4.023 3.572 3.127 2.692 2.277 1.892 1.551 1.264 1.037 0.868 0.755 0.689 0.659 0.654 0.667 0.711 0.802 0.962 1.215 1.581
0.000 0.000 0.000 0.000 0.000 0.000 0.000 0.000 0.000 0.000 0.000 0.000 0.000 0.000 0.000 0.000 0.000 0.000 0.001 0.002 0.008 0.044 0.180 0.491 0.995 1.709 2.688 3.612 4.208 4.516 4.617 4.611 4.498 4.164 3.519 2.564 1.855 1.556 1.539 1.854 2.768 4.455 6.268 7.449 8.189 8.571 8.720 8.733 8.616 8.305 7.745 6.948 6.053 5.278 4.650 4.122 3.658 3.228 2.825 2.438 2.061 1.708 1.393 1.123 0.901 0.726 0.593 0.499 0.437 0.401 0.381 0.374 0.388 0.444 0.560 0.752 1.035
0.000 0.000 0.000 0.000 0.000 0.000 0.000 0.000 0.000 0.000 0.000 0.000 0.000 0.000 0.000 0.000 0.000 0.000 0.000 0.001 0.003 0.016 0.089 0.337 0.863 1.684 2.804 3.821 4.442 4.737 4.820 4.803 4.671 4.345 3.766 2.912 2.185 1.815 1.748 1.957 2.709 4.196 6.018 7.195 7.827 8.077 8.135 8.067 7.833 7.352 6.575 5.514 4.502 3.804 3.361 3.024 2.712 2.406 2.114 1.827 1.536 1.255 1.006 0.796 0.624 0.487 0.379 0.298 0.240 0.200 0.173 0.159 0.158 0.178 0.238 0.349 0.514
0.000 0.000 0.000 0.000 0.000 0.000 0.000 0.000 0.000 0.000 0.000 0.000 0.000 0.000 0.000 0.000 0.000 0.000 0.000 0.001 0.001 0.005 0.031 0.159 0.593 1.492 2.803 3.949 4.600 4.862 4.914 4.878 4.721 4.394 3.868 3.148 2.548 2.212 2.125 2.242 2.804 3.962 5.571 6.737 7.296 7.426 7.373 7.172 6.765 6.090 5.077 3.943 3.060 2.469 2.130 1.934 1.784 1.633 1.468 1.286 1.088 0.878 0.689 0.527 0.389 0.278 0.194 0.135 0.097 0.072 0.056 0.049 0.048 0.052 0.070 0.108 0.168
0.000 0.000 0.000 0.000 0.000 0.000 0.000 0.000 0.000 0.000 0.000 0.000 0.000 0.000 0.000 0.000 0.000 0.000 0.000 0.001 0.001 0.004 0.014 0.059 0.271 1.000 2.436 3.904 4.669 4.915 4.934 4.875 4.699 4.372 3.874 3.283 2.871 2.675 2.647 2.737 3.052 3.731 4.830 5.838 6.377 6.481 6.351 5.995 5.416 4.544 3.503 2.616 1.970 1.526 1.255 1.117 1.043 0.982 0.909 0.813 0.690 0.544 0.405 0.283 0.182 0.110 0.065 0.041 0.029 0.022 0.019 0.020 0.022 0.025 0.029 0.035 0.046
0.000 0.000 0.000 0.000 0.000 0.000 0.000 0.000 0.000 0.000 0.000 0.000 0.000 0.000 0.000 0.000 0.000 0.000 0.001 0.001 0.002 0.006 0.017 0.047 0.135 0.455 1.474 3.148 4.390 4.835 4.859 4.762 4.561 4.252 3.804 3.347 3.088 2.989 2.982 3.030 3.151 3.353 3.720 4.219 4.679 4.892 4.807 4.452 3.835 3.018 2.236 1.634 1.200 0.900 0.705 0.594 0.539 0.505 0.469 0.420 0.350 0.258 0.170 0.101 0.053 0.028 0.018 0.014 0.013 0.013 0.014 0.016 0.019 0.023 0.026 0.028 0.030
0.000 0.000 0.000 0.000 0.000 0.000 0.000 0.000 0.000 0.000 0.000 0.000 0.000 0.000 0.000 0.000 0.001 0.001 0.001 0.002 0.005 0.014 0.034 0.078 0.166 0.301 0.627 1.584 3.019 4.059 4.380 4.349 4.201 3.974 3.662 3.352 3.175 3.078 3.011 2.937 2.780 2.413 2.020 1.883 2.044 2.326 2.510 2.479 2.227 1.790 1.326 0.957 0.689 0.503 0.378 0.298 0.249 0.218 0.191 0.162 0.126 0.081 0.045 0.023 0.015 0.012 0.012 0.011 0.011 0.012 0.013 0.015 0.019 0.023 0.026 0.028 0.029
0.000 0.000 0.000 0.000 0.000 0.000 0.000 0.000 0.000 0.000 0.000 0.000 0.000 0.001 0.001 0.001 0.002 0.002 0.002 0.004 0.011 0.031 0.075 0.166 0.285 0.367 0.403 0.563 1.128 2.090 2.976 3.375 3.481 3.457 3.359 3.185 2.972 2.711 2.401 2.019 1.538 1.003 0.614 0.474 0.473 0.576 0.748 0.890 0.945 0.864 0.694 0.513 0.366 0.261 0.188 0.137 0.102 0.077 0.058 0.043 0.029 0.018 0.012 0.011 0.011 0.011 0.011 0.011 0.011 0.011 0.013 0.016 0.019 0.023 0.026 0.028 0.029
0.000 0.000 0.000 0.000 0.000 0.000 0.000 0.000 0.000 0.000 0.000 0.001 0.001 0.001 0.002 0.002 0.002 0.003 0.004 0.008 0.022 0.061 0.151 0.276 0.365 0.400 0.399 0.341 0.320 0.546 1.083 1.652 2.074 2.284 2.315 2.169 1.842 1.406 0.979 0.642 0.399 0.241 0.160 0.135 0.129 0.126 0.137 0.180 0.236 0.275 0.269 0.222 0.162 0.112 0.076 0.051 0.033 0.021 0.014 0.010 0.007 0.007 0.009 0.010 0.011 0.011 0.011 0.011 0.011 0.011 0.013 0.016 0.020 0.024 0.027 0.028 0.028
0.000 0.000 0.000 0.000 0.000 0.000 0.000 0.000 0.001 0.001 0.001 0.002 0.002 0.002 0.002 0.002 0.002 0.003 0.005 0.013 0.040 0.113 0.247 0.351 0.390 0.395 0.367 0.269 0.168 0.140 0.226 0.439 0.676 0.806 0.812 0.744 0.602 0.428 0.284 0.189 0.141 0.119 0.110 0.109 0.108 0.101 0.081 0.055 0.044 0.053 0.060 0.060 0.047 0.031 0.019 0.012 0.007 0.005 0.004 0.004 0.005 0.007 0.009 0.010 0.011 0.011 0.011 0.010 0.011 0.011 0.013 0.017 0.021 0.025 0.027 0.028 0.028
0.000 0.000 0.000 0.000 0.000 0.001 0.001 0.001 0.001 0.002 0.002 0.002 0.002 0.002 0.002 0.002 0.002 0.003 0.007 0.021 0.067 0.185 0.322 0.378 0.387 0.362 0.273 0.171 0.120 0.105 0.103 0.126 0.206 0.276 0.295 0.293 0.277 0.241 0.184 0.136 0.113 0.106 0.105 0.105 0.103 0.094 0.073 0.043 0.025 0.017 0.013 0.012 0.009 0.006 0.004 0.003 0.003 0.002 0.003 0.003 0.005 0.007 0.009 0.010 0.011 0.011 0.010 0.010 0.011 0.012 0.014 0.018 0.022 0.026 0.028 0.029 0.029
0.000 0.000 0.000 0.001 0.001 0.001 0.002 0.002 0.002 0.002 0.002 0.002 0.002 0.002 0.002 0.002 0.002 0.004 0.010 0.035 0.113 0.256 0.350 0.374 0.360 0.279 0.176 0.122 0.103 0.098 0.100 0.116 0.165 0.221 0.240 0.243 0.236 0.209 0.157 0.120 0.106 0.103 0.103 0.102 0.099 0.089 0.065 0.037 0.022 0.014 0.010 0.007 0.005 0.003 0.003 0.002 0.002 0.002 0.002 0.003 0.005 0.007 0.009 0.010 0.010 0.010 0.010 0.010 0.011 0.012 0.015 0.020 0.024 0.028 0.030 0.031 0.031
0.000 0.001 0.001 0.001 0.002 0.002 0.002 0.002 0.002 0.002 0.002 0.002 0.002 0.002 0.002 0.002 0.003 0.005 0.017 0.062 0.174 0.296 0.342 0.342 0.280 0.182 0.124 0.103 0.096 0.096 0.101 0.122 0.174 0.221 0.232 0.232 0.221 0.185 0.134 0.108 0.100 0.099 0.101 0.101 0.097 0.083 0.057 0.033 0.020 0.013 0.009 0.006 0.004 0.003 0.002 0.002 0.002 0.002 0.002 0.003 0.005 0.007 0.009 0.010 0.010 0.010 0.010 0.010 0.011 0.014 0.017 0.022 0.026 0.030 0.032 0.034 0.034
0.001 0.001 0.001 0.002 0.002 0.003 0.003 0.003 0.003 0.003 0.002 0.002 0.002 0.002 0.002 0.002 0.003 0.009 0.032 0.108 0.224 0.292 0.306 0.268 0.186 0.128 0.105 0.096 0.093 0.094 0.104 0.132 0.185 0.222 0.230 0.227 0.209 0.164 0.118 0.100 0.096 0.097 0.099 0.099 0.095 0.079 0.051 0.029 0.018 0.012 0.008 0.006 0.004 0.003 0.002 0.002 0.002 0.002 0.002 0.003 0.005 0.007 0.009 0.009 0.010 0.010 0.010 0.011 0.012 0.015 0.019 0.025 0.029 0.033 0.036 0.038 0.039
0.002 0.002 0.002 0.003 0.003 0.003 0.003 0.003 0.003 0.003 0.003 0.002 0.002 0.002 0.002 0.002 0.005 0.016 0.058 0.153 0.236 0.261 0.244 0.186 0.133 0.108 0.096 0.091 0.091 0.094 0.108 0.144 0.194 0.218 0.224 0.219 0.194 0.143 0.105 0.093 0.092 0.095 0.098 0.097 0.090 0.073 0.045 0.025 0.016 0.010 0.007 0.005 0.004 0.003 0.002 0.002 0.002 0.002 0.003 0.004 0.006 0.008 0.009 0.009 0.010 0.010 0.010 0.011 0.013 0.017 0.022 0.029 0.034 0.038 0.042 0.043 0.043
0.003 0.003 0.003 0.004 0.004 0.004 0.004 0.004 0.003 0.003 0.003 0.002 0.002 0.002 0.003 0.004 0.009 0.029 0.087 0.173 0.211 0.213 0.188 0.141 0.113 0.100 0.092 0.089 0.089 0.095 0.113 0.154 0.197 0.210 0.212 0.205 0.176 0.125 0.097 0.089 0.089 0.093 0.096 0.095 0.088 0.067 0.040 0.023 0.014 0.010 0.007 0.005 0.004 0.003 0.002 0.002 0.002 0.002 0.003 0.004 0.006 0.008 0.009 0.010 0.010 0.011 0.011 0.013 0.015 0.020 0.027 0.034 0.040 0.046 0.048 0.049 0.047
0.004 0.004 0.004 0.005 0.005 0.005 0.004 0.004 0.003 0.003 0.003 0.003 0.003 0.003 0.004 0.006 0.016 0.045 0.110 0.164 0.177 0.174 0.149 0.117 0.101 0.093 0.089 0.087 0.089 0.097 0.118 0.162 0.197 0.207 0.206 0.194 0.155 0.108 0.089 0.085 0.087 0.093 0.095 0.094 0.085 0.063 0.036 0.021 0.013 0.009 0.007 0.005 0.003 0.003 0.002 0.002 0.002 0.002 0.003 0.004 0.007 0.009 0.010 0.010 0.011 0.011 0.012 0.014 0.018 0.024 0.033 0.041 0.047 0.051 0.053 0.052 0.049
0.007 0.007 0.007 0.007 0.006 0.005 0.004 0.004 0.003 0.003 0.003 0.004 0.004 0.005 0.007 0.011 0.023 0.057 0.119 0.150 0.155 0.148 0.125 0.105 0.095 0.089 0.086 0.086 0.089 0.099 0.123 0.169 0.197 0.203 0.201 0.182 0.136 0.096 0.083 0.080 0.084 0.092 0.094 0.092 0.082 0.059 0.033 0.020 0.013 0.009 0.006 0.005 0.003 0.003 0.002 0.002 0.002 0.002 0.003 0.005 0.007 0.009 0.010 0.011 0.012 0.012 0.014 0.016 0.021 0.029 0.040 0.049 0.053 0.055 0.055 0.052 0.048
0.010 0.010 0.009 0.008 0.007 0.005 0.005 0.004 0.004 0.004 0.005 0.005 0.006 0.007 0.009 0.013 0.027 0.067 0.117 0.136 0.137 0.127 0.107 0.095 0.088 0.085 0.084 0.085 0.089 0.101 0.127 0.172 0.196 0.200 0.195 0.170 0.119 0.087 0.077 0.076 0.081 0.090 0.092 0.090 0.080 0.055 0.031 0.019 0.012 0.009 0.006 0.005 0.003 0.003 0.002 0.002 0.002 0.002 0.003 0.005 0.008 0.010 0.011 0.012 0.013 0.014 0.016 0.019 0.026 0.037 0.047 0.054 0.057 0.057 0.055 0.049 0.040
0.012 0.012 0.010 0.009 0.007 0.006 0.005 0.005 0.005 0.005 0.006 0.007 0.007 0.008 0.009 0.015 0.031 0.074 0.115 0.126 0.125 0.112 0.097 0.088 0.084 0.082 0.082 0.083 0.089 0.102 0.132 0.175 0.194 0.197 0.191 0.158 0.105 0.080 0.074 0.074 0.080 0.088 0.090 0.088 0.076 0.051 0.029 0.017 0.012 0.008 0.006 0.004 0.003 0.002 0.002 0.002 0.002 0.002 0.004 0.006 0.009 0.011 0.012 0.013 0.014 0.015 0.018 0.023 0.033 0.045 0.052 0.056 0.058 0.057 0.051 0.039 0.024
