RESULTS/r.avaflow_results/22_results/22_ascii/22_hflow0036.asc
ncols 506
nrows 317
xllcenter 498237.50
yllcenter 5580050.00
cellsize 12.50
NODATA_value -9999.000
[rows 136 to 169 of 317, columns 154 to 230 of 506]
0.000 0.000 0.000 0.000 0.000 0.000 0.000 0.000 0.000 0.000 0.000 0.000 0.000 0.000 0.000 0.000 0.000 0.000 0.000 0.000 0.000 0.000 0.000 0.000 0.000 0.000 0.000 0.000 0.000 0.000 0.000 0.000 0.000 0.000 0.000 0.000 0.000 0.000 0.000 0.000 0.000 0.000 0.000 0.000 0.000 0.000 0.000 0.000 0.000 0.000 0.000 0.000 0.000 0.000 0.000 0.000 0.000 0.000 0.000 0.000 0.000 0.000 0.000 0.000 0.000 0.000 0.000 0.000 0.000 0.000 0.000 0.000 0.000 0.000 0.000 0.000 0.000
0.000 0.000 0.000 0.000 0.000 0.000 0.000 0.000 0.000 0.000 0.000 0.000 0.000 0.000 0.000 0.000 0.000 0.000 0.000 0.000 0.000 0.000 0.000 0.000 0.000 0.000 0.000 0.000 0.000 0.000 0.000 0.000 0.000 0.000 0.000 0.000 0.000 0.000 0.000 0.000 0.000 0.000 0.000 0.000 0.000 0.000 0.000 0.000 0.000 0.000 0.000 0.000 0.000 0.000 0.000 0.000 0.000 0.000 0.000 0.000 0.000 0.000 0.000 0.000 0.000 0.000 0.000 0.000 0.000 0.000 0.000 0.000 0.000 0.000 0.000 0.000 0.000
0.000 0.000 0.000 0.000 0.000 0.000 0.000 0.000 0.000 0.000 0.000 0.000 0.000 0.000 0.000 0.000 0.000 0.000 0.000 0.000 0.000 0.000 0.000 0.000 0.000 0.000 0.000 0.000 0.000 0.000 0.000 0.000 0.000 0.000 0.000 0.000 0.000 0.000 0.000 0.000 0.000 0.000 0.000 0.000 0.000 0.000 0.000 0.000 0.000 0.000 0.000 0.000 0.000 0.000 0.000 0.000 0.000 0.000 0.000 0.000 0.000 0.000 0.000 0.000 0.000 0.000 0.000 0.000 0.000 0.000 0.000 0.000 0.000 0.000 0.000 0.000 0.000
0.000 0.000 0.000 0.000 0.000 0.000 0.000 0.000 0.000 0.000 0.000 0.000 0.000 0.000 0.000 0.000 0.000 0.000 0.000 0.000 0.000 0.000 0.000 0.000 0.000 0.000 0.000 0.000 0.000 0.000 0.000 0.000 0.000 0.000 0.000 0.000 0.000 0.000 0.000 0.000 0.000 0.000 0.000 0.000 0.000 0.000 0.000 0.000 0.000 0.000 0.000 0.000 0.000 0.000 0.000 0.000 0.000 0.000 0.000 0.000 0.000 0.000 0.000 0.000 0.000 0.000 0.000 0.000 0.000 0.000 0.000 0.000 0.000 0.000 0.000 0.000 0.000
0.000 0.000 0.000 0.000 0.000 0.000 0.000 0.000 0.000 0.000 0.000 0.000 0.000 0.000 0.000 0.000 0.000 0.000 0.000 0.000 0.000 0.000 0.000 0.000 0.000 0.000 0.000 0.000 0.000 0.000 0.000 0.000 0.000 0.000 0.000 0.000 0.000 0.000 0.000 0.000 0.000 0.000 0.000 0.000 0.000 0.000 0.000 0.000 0.000 0.000 0.000 0.000 0.000 0.000 0.000 0.000 0.000 0.000 0.000 0.000 0.000 0.000 0.000 0.000 0.000 0.000 0.000 0.000 0.000 0.000 0.000 0.000 0.000 0.000 0.000 0.000 0.000
0.000 0.000 0.000 0.000 0.000 0.000 0.000 0.000 0.000 0.000 0.000 0.000 0.000 0.000 0.000 0.000 0.000 0.000 0.000 0.000 0.000 0.000 0.000 0.000 0.000 0.000 0.000 0.000 0.000 0.000 0.000 0.000 0.000 0.000 0.000 0.000 0.000 0.000 0.000 0.000 0.000 0.000 0.000 0.000 0.000 0.000 0.000 0.000 0.000 0.000 0.000 0.000 0.000 0.000 0.000 0.000 0.000 0.000 0.000 0.000 0.000 0.000 0.000 0.000 0.000 0.000 0.000 0.000 0.000 0.000 0.000 0.000 0.000 0.000 0.000 0.000 0.000
0.000 0.000 0.000 0.000 0.000 0.000 0.000 0.000 0.000 0.000 0.000 0.000 0.000 0.000 0.000 0.000 0.000 0.000 0.000 0.000 0.000 0.000 0.000 0.000 0.000 0.000 0.000 0.000 0.000 0.000 0.000 0.000 0.000 0.000 0.000 0.000 0.000 0.000 0.000 0.000 0.000 0.000 0.000 0.000 0.000 0.000 0.000 0.000 0.000 0.000 0.000 0.000 0.000 0.000 0.000 0.000 0.000 0.000 0.000 0.000 0.000 0.000 0.000 0.000 0.000 0.000 0.000 0.000 0.000 0.000 0.000 0.000 0.000 0.000 0.000 0.000 0.000
0.000 0.000 0.000 0.000 0.000 0.000 0.000 0.000 0.000 0.000 0.000 0.000 0.000 0.000 0.000 0.000 0.000 0.000 0.000 0.000 0.000 0.000 0.000 0.000 0.000 0.000 0.000 0.000 0.000 0.000 0.000 0.000 0.000 0.000 0.000 0.000 0.000 0.000 0.000 0.000 0.000 0.000 0.000 0.000 0.000 0.000 0.000 0.000 0.000 0.000 0.000 0.000 0.000 0.000 0.000 0.000 0.000 0.000 0.000 0.000 0.000 0.000 0.000 0.000 0.000 0.000 0.000 0.000 0.000 0.000 0.000 0.000 0.000 0.000 0.000 0.000 0.000
0.000 0.000 0.000 0.000 0.000 0.000 0.000 0.000 0.000 0.000 0.000 0.000 0.000 0.000 0.000 0.000 0.000 0.000 0.000 0.000 0.000 0.000 0.000 0.000 0.000 0.000 0.000 0.000 0.000 0.000 0.000 0.000 0.000 0.000 0.000 0.000 0.000 0.000 0.000 0.000 0.000 0.000 0.000 0.000 0.000 0.000 0.000 0.000 0.000 0.000 0.000 0.000 0.000 0.000 0.000 0.000 0.000 0.000 0.000 0.000 0.000 0.000 0.000 0.000 0.000 0.000 0.000 0.000 0.000 0.000 0.000 0.000 0.000 0.000 0.000 0.000 0.000
0.000 0.000 0.000 0.000 0.000 0.000 0.000 0.000 0.000 0.000 0.000 0.000 0.000 0.000 0.000 0.000 0.000 0.000 0.000 0.000 0.000 0.000 0.000 0.000 0.000 0.000 0.000 0.000 0.000 0.000 0.000 0.000 0.000 0.000 0.000 0.000 0.000 0.000 0.000 0.000 0.000 0.000 0.000 0.000 0.000 0.000 0.000 0.000 0.000 0.000 0.000 0.000 0.000 0.000 0.000 0.000 0.000 0.000 0.000 0.000 0.000 0.000 0.000 0.000 0.000 0.000 0.000 0.000 0.000 0.000 0.000 0.000 0.000 0.000 0.000 0.000 0.000
0.000 0.000 0.000 0.000 0.000 0.000 0.000 0.000 0.000 0.000 0.000 0.000 0.000 0.000 0.000 0.000 0.000 0.000 0.000 0.000 0.000 0.000 0.000 0.000 0.000 0.000 0.000 0.000 0.000 0.000 0.000 0.000 0.000 0.000 0.000 0.000 0.000 0.000 0.000 0.000 0.000 0.000 0.000 0.000 0.000 0.000 0.000 0.000 0.000 0.000 0.000 0.000 0.000 0.000 0.000 0.000 0.000 0.000 0.000 0.000 0.000 0.000 0.000 0.000 0.000 0.000 0.000 0.000 0.000 0.000 0.000 0.000 0.000 0.000 0.000 0.000 0.000
0.000 0.000 0.000 0.000 0.000 0.000 0.000 0.000 0.000 0.000 0.000 0.000 0.000 0.000 0.000 0.000 0.000 0.000 0.000 0.000 0.000 0.000 0.000 0.000 0.000 0.000 0.000 0.000 0.000 0.000 0.000 0.000 0.000 0.000 0.000 0.000 0.000 0.000 0.000 0.000 0.000 0.000 0.000 0.000 0.000 0.000 0.000 0.000 0.000 0.000 0.000 0.000 0.000 0.000 0.000 0.000 0.000 0.000 0.000 0.000 0.000 0.000 0.000 0.000 0.000 0.000 0.000 0.000 0.000 0.000 0.000 0.000 0.000 0.000 0.000 0.000 0.000
0.000 0.000 0.000 0.000 0.000 0.000 0.000 0.000 0.000 0.000 0.000 0.000 0.000 0.000 0.000 0.000 0.000 0.000 0.000 0.000 0.000 0.000 0.000 0.000 0.000 0.000 0.000 0.000 0.000 0.000 0.000 0.000 0.000 0.000 0.000 0.000 0.000 0.000 0.000 0.000 0.000 0.000 0.000 0.000 0.000 0.000 0.000 0.000 0.000 0.000 0.000 0.000 0.000 0.000 0.000 0.000 0.000 0.000 0.000 0.000 0.000 0.000 0.000 0.000 0.000 0.000 0.000 0.000 0.000 0.000 0.000 0.000 0.000 0.000 0.000 0.000 0.000
0.000 0.000 0.000 0.000 0.000 0.000 0.000 0.000 0.000 0.000 0.000 0.000 0.000 0.000 0.000 0.000 0.000 0.000 0.000 0.000 0.000 0.000 0.000 0.000 0.000 0.000 0.000 0.000 0.000 0.000 0.000 0.000 0.000 0.000 0.000 0.000 0.000 0.000 0.000 0.000 0.000 0.000 0.000 0.000 0.000 0.000 0.000 0.000 0.000 0.000 0.000 0.000 0.000 0.000 0.000 0.000 0.000 0.000 0.000 0.000 0.000 0.000 0.000 0.000 0.000 0.000 0.000 0.000 0.000 0.000 0.000 0.000 0.000 0.000 0.000 0.000 0.000
0.001 0.001 0.001 0.001 0.001 0.001 0.000 0.000 0.000 0.000 0.000 0.000 0.000 0.000 0.000 0.000 0.000 0.000 0.000 0.000 0.000 0.000 0.000 0.000 0.000 0.000 0.000 0.000 0.000 0.000 0.000 0.000 0.000 0.000 0.000 0.000 0.000 0.000 0.000 0.000 0.000 0.000 0.000 0.000 0.000 0.000 0.000 0.000 0.000 0.000 0.000 0.000 0.000 0.000 0.000 0.000 0.000 0.000 0.000 0.000 0.000 0.000 0.000 0.000 0.000 0.000 0.000 0.000 0.000 0.000 0.000 0.000 0.000 0.000 0.000 0.000 0.000
0.003 0.002 0.002 0.002 0.002 0.001 0.001 0.001 0.001 0.000 0.000 0.000 0.000 0.000 0.000 0.000 0.000 0.000 0.000 0.000 0.000 0.000 0.000 0.000 0.000 0.000 0.000 0.000 0.000 0.000 0.000 0.000 0.000 0.000 0.000 0.000 0.000 0.000 0.000 0.000 0.000 0.000 0.000 0.000 0.000 0.000 0.000 0.000 0.001 0.001 0.001 0.001 0.001 0.001 0.001 0.001 0.001 0.001 0.001 0.001 0.001 0.001 0.001 0.001 0.001 0.001 0.001 0.001 0.001 0.001 0.001 0.001 0.001 0.001 0.000 0.000 0.000
0.005 0.004 0.004 0.003 0.003 0.002 0.002 0.002 0.001 0.001 0.001 0.001 0.000 0.000 0.000 0.000 0.000 0.000 0.000 0.000 0.000 0.000 0.000 0.000 0.000 0.000 0.000 0.000 0.000 0.000 0.000 0.000 0.000 0.000 0.000 0.000 0.000 0.000 0.000 0.000 0.000 0.000 0.000 0.000 0.000 0.001 0.001 0.002 0.002 0.003 0.003 0.003 0.003 0.003 0.003 0.003 0.003 0.003 0.003 0.003 0.003 0.003 0.003 0.003 0.003 0.003 0.003 0.003 0.003 0.002 0.002 0.002 0.002 0.002 0.001 0.001 0.001
0.007 0.006 0.006 0.005 0.004 0.004 0.003 0.003 0.003 0.002 0.002 0.001 0.001 0.001 0.001 0.000 0.000 0.000 0.000 0.000 0.000 0.000 0.000 0.000 0.000 0.000 0.000 0.000 0.000 0.000 0.000 0.000 0.000 0.000 0.000 0.000 0.000 0.000 0.000 0.000 0.000 0.000 0.000 0.001 0.001 0.002 0.003 0.004 0.005 0.005 0.006 0.006 0.006 0.006 0.006 0.006 0.006 0.006 0.006 0.005 0.005 0.005 0.005 0.005 0.005 0.005 0.005 0.005 0.005 0.005 0.005 0.004 0.004 0.003 0.003 0.002 0.002
0.010 0.009 0.008 0.007 0.006 0.006 0.005 0.005 0.004 0.004 0.003 0.003 0.002 0.002 0.002 0.001 0.001 0.001 0.001 0.000 0.000 0.000 0.000 0.000 0.000 0.000 0.000 0.000 0.000 0.000 0.000 0.000 0.000 0.000 0.000 0.000 0.000 0.000 0.000 0.000 0.000 0.001 0.002 0.002 0.003 0.005 0.006 0.007 0.008 0.009 0.010 0.010 0.010 0.010 0.010 0.010 0.010 0.010 0.009 0.009 0.009 0.009 0.009 0.009 0.009 0.009 0.009 0.009 0.009 0.009 0.008 0.008 0.007 0.006 0.005 0.004 0.003
0.015 0.013 0.011 0.010 0.009 0.008 0.007 0.006 0.006 0.005 0.005 0.004 0.004 0.004 0.003 0.003 0.002 0.002 0.002 0.001 0.001 0.001 0.001 0.001 0.001 0.001 0.001 0.001 0.001 0.001 0.001 0.001 0.001 0.001 0.001 0.001 0.001 0.001 0.001 0.001 0.002 0.003 0.004 0.005 0.006 0.008 0.010 0.011 0.013 0.014 0.015 0.016 0.016 0.016 0.016 0.016 0.016 0.015 0.015 0.015 0.014 0.014 0.014 0.014 0.014 0.014 0.014 0.014 0.014 0.014 0.013 0.012 0.010 0.008 0.007 0.006 0.005
0.022 0.018 0.015 0.013 0.012 0.011 0.010 0.009 0.008 0.008 0.007 0.007 0.006 0.006 0.005 0.005 0.004 0.004 0.004 0.003 0.003 0.002 0.002 0.002 0.002 0.002 0.002 0.002 0.002 0.002 0.002 0.002 0.002 0.002 0.002 0.002 0.002 0.002 0.003 0.003 0.004 0.005 0.007 0.008 0.010 0.012 0.014 0.017 0.019 0.020 0.022 0.023 0.024 0.024 0.024 0.024 0.024 0.024 0.023 0.022 0.022 0.021 0.021 0.020 0.021 0.021 0.022 0.023 0.023 0.022 0.020 0.017 0.014 0.012 0.010 0.008 0.007
0.036 0.028 0.022 0.019 0.016 0.014 0.013 0.012 0.011 0.010 0.010 0.009 0.009 0.008 0.008 0.008 0.007 0.006 0.006 0.005 0.005 0.004 0.004 0.004 0.004 0.004 0.004 0.004 0.004 0.004 0.004 0.004 0.004 0.004 0.004 0.004 0.005 0.005 0.006 0.006 0.007 0.009 0.010 0.012 0.015 0.017 0.020 0.023 0.026 0.029 0.031 0.033 0.035 0.037 0.037 0.037 0.037 0.036 0.036 0.035 0.034 0.032 0.032 0.031 0.032 0.033 0.036 0.036 0.036 0.035 0.031 0.024 0.019 0.016 0.013 0.011 0.009
0.072 0.050 0.036 0.028 0.023 0.020 0.018 0.016 0.015 0.014 0.013 0.013 0.012 0.012 0.011 0.011 0.010 0.010 0.009 0.008 0.008 0.007 0.007 0.007 0.006 0.006 0.006 0.006 0.006 0.006 0.006 0.006 0.006 0.007 0.007 0.007 0.008 0.008 0.009 0.010 0.012 0.013 0.015 0.018 0.020 0.023 0.027 0.031 0.036 0.040 0.043 0.047 0.051 0.055 0.057 0.057 0.057 0.057 0.057 0.056 0.055 0.052 0.051 0.050 0.051 0.054 0.059 0.062 0.062 0.059 0.050 0.036 0.027 0.021 0.017 0.014 0.012
0.169 0.107 0.070 0.049 0.037 0.030 0.025 0.022 0.020 0.019 0.018 0.018 0.017 0.016 0.016 0.015 0.015 0.014 0.013 0.012 0.012 0.011 0.010 0.010 0.010 0.009 0.009 0.009 0.009 0.009 0.009 0.009 0.010 0.010 0.010 0.011 0.012 0.013 0.014 0.015 0.017 0.019 0.021 0.024 0.028 0.031 0.036 0.042 0.048 0.054 0.060 0.067 0.075 0.083 0.088 0.091 0.092 0.093 0.094 0.093 0.092 0.089 0.086 0.086 0.087 0.094 0.106 0.112 0.113 0.107 0.088 0.058 0.039 0.028 0.022 0.018 0.015
0.412 0.255 0.156 0.100 0.069 0.051 0.040 0.033 0.029 0.027 0.025 0.024 0.023 0.023 0.022 0.021 0.020 0.019 0.019 0.018 0.017 0.016 0.015 0.014 0.014 0.013 0.013 0.013 0.013 0.013 0.013 0.013 0.014 0.014 0.015 0.016 0.017 0.018 0.019 0.021 0.024 0.026 0.029 0.033 0.037 0.042 0.048 0.055 0.063 0.073 0.084 0.097 0.113 0.127 0.138 0.146 0.151 0.154 0.157 0.158 0.158 0.156 0.155 0.155 0.159 0.175 0.203 0.219 0.221 0.209 0.168 0.104 0.062 0.040 0.029 0.023 0.019
0.882 0.575 0.361 0.225 0.145 0.099 0.072 0.056 0.046 0.040 0.037 0.035 0.034 0.033 0.032 0.030 0.029 0.028 0.026 0.025 0.024 0.022 0.021 0.020 0.019 0.018 0.018 0.018 0.018 0.018 0.018 0.018 0.019 0.019 0.020 0.021 0.023 0.024 0.026 0.029 0.032 0.036 0.040 0.045 0.050 0.057 0.064 0.074 0.086 0.102 0.122 0.147 0.175 0.200 0.221 0.236 0.247 0.254 0.260 0.266 0.271 0.275 0.279 0.285 0.299 0.335 0.398 0.439 0.441 0.416 0.335 0.204 0.111 0.063 0.040 0.030 0.024
1.591 1.119 0.756 0.495 0.319 0.209 0.144 0.105 0.081 0.067 0.060 0.056 0.053 0.051 0.049 0.047 0.044 0.042 0.040 0.038 0.035 0.032 0.029 0.027 0.026 0.025 0.024 0.024 0.024 0.024 0.024 0.024 0.025 0.025 0.027 0.028 0.030 0.033 0.036 0.040 0.045 0.050 0.056 0.063 0.070 0.079 0.090 0.103 0.123 0.150 0.186 0.232 0.279 0.319 0.353 0.376 0.390 0.398 0.405 0.411 0.417 0.425 0.434 0.448 0.473 0.524 0.616 0.717 0.764 0.748 0.635 0.413 0.212 0.109 0.061 0.040 0.030
2.502 1.885 1.373 0.966 0.656 0.437 0.296 0.209 0.157 0.125 0.107 0.098 0.093 0.089 0.085 0.080 0.075 0.071 0.066 0.062 0.056 0.050 0.043 0.039 0.036 0.034 0.033 0.032 0.032 0.032 0.032 0.032 0.032 0.034 0.035 0.038 0.041 0.046 0.051 0.058 0.065 0.073 0.082 0.092 0.103 0.115 0.130 0.152 0.183 0.231 0.298 0.376 0.446 0.495 0.520 0.526 0.518 0.513 0.513 0.514 0.517 0.522 0.531 0.547 0.575 0.626 0.718 0.857 0.960 0.986 0.927 0.711 0.398 0.192 0.098 0.057 0.040
3.553 2.828 2.192 1.646 1.193 0.841 0.590 0.425 0.319 0.253 0.214 0.192 0.180 0.171 0.161 0.151 0.140 0.130 0.120 0.110 0.098 0.083 0.069 0.059 0.053 0.049 0.047 0.045 0.044 0.043 0.043 0.043 0.044 0.046 0.049 0.054 0.059 0.067 0.076 0.087 0.099 0.112 0.126 0.141 0.156 0.173 0.197 0.232 0.285 0.369 0.474 0.559 0.609 0.629 0.626 0.604 0.575 0.562 0.559 0.558 0.559 0.561 0.567 0.579 0.604 0.650 0.735 0.878 1.016 1.076 1.067 0.936 0.632 0.321 0.157 0.085 0.055
4.633 3.852 3.138 2.496 1.934 1.466 1.100 0.835 0.653 0.533 0.458 0.410 0.379 0.355 0.330 0.303 0.278 0.255 0.233 0.210 0.184 0.151 0.121 0.099 0.084 0.075 0.070 0.066 0.063 0.062 0.062 0.062 0.063 0.067 0.073 0.082 0.092 0.105 0.122 0.142 0.163 0.184 0.205 0.224 0.245 0.271 0.308 0.366 0.447 0.539 0.619 0.667 0.684 0.681 0.658 0.615 0.580 0.564 0.560 0.561 0.561 0.562 0.566 0.576 0.596 0.633 0.705 0.838 1.000 1.084 1.097 1.036 0.826 0.489 0.243 0.126 0.076
5.675 4.887 4.156 3.479 2.869 2.338 1.895 1.548 1.292 1.113 0.989 0.900 0.831 0.767 0.698 0.624 0.563 0.513 0.464 0.414 0.357 0.288 0.226 0.179 0.146 0.126 0.113 0.106 0.101 0.098 0.098 0.098 0.101 0.109 0.120 0.136 0.156 0.182 0.215 0.249 0.281 0.312 0.339 0.365 0.393 0.430 0.486 0.545 0.599 0.643 0.676 0.693 0.695 0.683 0.646 0.590 0.549 0.529 0.524 0.524 0.525 0.528 0.532 0.540 0.552 0.575 0.624 0.729 0.902 1.035 1.077 1.056 0.933 0.657 0.353 0.184 0.107
6.726 5.960 5.263 4.617 4.019 3.482 3.020 2.644 2.357 2.149 1.992 1.865 1.746 1.615 1.454 1.275 1.128 1.013 0.908 0.801 0.681 0.544 0.423 0.330 0.265 0.224 0.198 0.183 0.175 0.171 0.171 0.173 0.181 0.195 0.215 0.241 0.278 0.331 0.387 0.438 0.482 0.520 0.552 0.580 0.605 0.629 0.653 0.665 0.667 0.671 0.677 0.680 0.670 0.641 0.583 0.514 0.465 0.440 0.432 0.431 0.434 0.441 0.450 0.457 0.462 0.470 0.490 0.555 0.710 0.908 1.009 1.023 0.966 0.780 0.481 0.259 0.150
7.880 7.192 6.579 6.014 5.473 4.971 4.544 4.202 3.936 3.734 3.572 3.424 3.267 3.067 2.802 2.482 2.172 1.913 1.682 1.456 1.217 0.967 0.750 0.580 0.460 0.384 0.339 0.315 0.306 0.304 0.308 0.320 0.337 0.361 0.391 0.431 0.495 0.580 0.652 0.699 0.728 0.747 0.758 0.763 0.761 0.751 0.731 0.701 0.674 0.655 0.638 0.615 0.580 0.524 0.445 0.372 0.326 0.302 0.294 0.293 0.299 0.310 0.322 0.329 0.332 0.334 0.345 0.384 0.493 0.705 0.887 0.951 0.940 0.838 0.607 0.354 0.209
9.299 8.786 8.317 7.873 7.433 7.013 6.661 6.380 6.150 5.959 5.787 5.621 5.435 5.189 4.843 4.394 3.885 3.382 2.908 2.458 2.019 1.600 1.239 0.953 0.746 0.614 0.540 0.509 0.502 0.511 0.535 0.566 0.596 0.625 0.657 0.695 0.752 0.820 0.861 0.878 0.880 0.871 0.858 0.842 0.819 0.785 0.740 0.686 0.632 0.579 0.524 0.463 0.396 0.327 0.267 0.228 0.206 0.197 0.195 0.198 0.203 0.210 0.216 0.220 0.224 0.228 0.239 0.268 0.344 0.507 0.728 0.854 0.882 0.845 0.708 0.480 0.292
