RESULTS/r.avaflow_results/22_results/22_ascii/22_hflow30059.asc
ncols 506
nrows 317
xllcenter 498237.50
yllcenter 5580050.00
cellsize 12.50
NODATA_value -9999.000
[rows 170 to 203 of 317, columns 231 to 307 of 506]
0.142 0.103 0.080 0.067 0.062 0.062 0.063 0.071 0.095 0.146 0.198 0.219 0.221 0.210 0.175 0.116 0.067 0.041 0.027 0.019 0.014 0.010 0.008 0.005 0.004 0.002 0.001 0.000 0.000 0.000 0.000 0.000 0.000 0.000 0.000 0.000 0.000 0.000 0.000 0.000 0.000 0.000 0.000 0.000 0.000 0.000 0.000 0.000 0.000 0.000 0.000 0.000 0.000 0.000 0.000 0.000 0.000 0.000 0.000 0.000 0.000 0.000 0.000 0.000 0.000 0.000 0.000 0.000 0.000 0.000 0.000 0.000 0.000 0.000 0.000 0.000 0.000
0.217 0.148 0.108 0.088 0.081 0.080 0.084 0.105 0.164 0.288 0.411 0.462 0.465 0.434 0.351 0.218 0.116 0.064 0.038 0.025 0.018 0.013 0.010 0.007 0.005 0.003 0.002 0.001 0.000 0.000 0.000 0.000 0.000 0.000 0.000 0.000 0.000 0.000 0.000 0.000 0.000 0.000 0.000 0.000 0.000 0.000 0.000 0.000 0.000 0.000 0.000 0.000 0.000 0.000 0.000 0.000 0.000 0.000 0.000 0.000 0.000 0.000 0.000 0.000 0.000 0.000 0.000 0.000 0.000 0.000 0.000 0.000 0.000 0.000 0.000 0.000 0.000
0.323 0.217 0.149 0.116 0.104 0.103 0.112 0.152 0.267 0.503 0.741 0.841 0.847 0.788 0.636 0.397 0.201 0.100 0.054 0.033 0.022 0.016 0.012 0.009 0.007 0.005 0.003 0.002 0.001 0.000 0.000 0.000 0.000 0.000 0.000 0.000 0.000 0.000 0.000 0.000 0.000 0.000 0.000 0.000 0.000 0.000 0.000 0.000 0.000 0.000 0.000 0.000 0.000 0.000 0.000 0.000 0.000 0.000 0.000 0.000 0.000 0.000 0.000 0.000 0.000 0.000 0.000 0.000 0.000 0.000 0.000 0.000 0.000 0.000 0.000 0.000 0.000
0.408 0.307 0.209 0.154 0.134 0.131 0.142 0.194 0.342 0.651 0.976 1.123 1.137 1.068 0.887 0.589 0.311 0.151 0.076 0.042 0.027 0.019 0.014 0.011 0.008 0.006 0.004 0.003 0.002 0.001 0.000 0.000 0.000 0.000 0.000 0.000 0.000 0.000 0.000 0.000 0.000 0.000 0.000 0.000 0.000 0.000 0.000 0.000 0.000 0.000 0.000 0.000 0.000 0.000 0.000 0.000 0.000 0.000 0.000 0.000 0.000 0.000 0.000 0.000 0.000 0.000 0.000 0.000 0.000 0.000 0.000 0.000 0.000 0.000 0.000 0.000 0.000
0.447 0.382 0.286 0.206 0.171 0.164 0.174 0.228 0.386 0.714 1.066 1.233 1.255 1.189 1.008 0.703 0.395 0.203 0.102 0.055 0.033 0.023 0.017 0.013 0.010 0.008 0.006 0.004 0.003 0.002 0.001 0.000 0.000 0.000 0.000 0.000 0.000 0.000 0.000 0.000 0.000 0.000 0.000 0.000 0.000 0.000 0.000 0.000 0.000 0.000 0.000 0.000 0.000 0.000 0.000 0.000 0.000 0.000 0.000 0.000 0.000 0.000 0.000 0.000 0.000 0.000 0.000 0.000 0.000 0.000 0.000 0.000 0.000 0.000 0.000 0.000 0.000
0.454 0.417 0.348 0.263 0.214 0.202 0.209 0.260 0.413 0.726 1.065 1.232 1.258 1.198 1.027 0.742 0.445 0.245 0.129 0.070 0.041 0.027 0.020 0.015 0.012 0.010 0.007 0.006 0.004 0.003 0.002 0.001 0.000 0.000 0.000 0.000 0.000 0.000 0.000 0.000 0.000 0.000 0.000 0.000 0.000 0.000 0.000 0.000 0.000 0.000 0.000 0.000 0.000 0.000 0.000 0.000 0.000 0.000 0.000 0.000 0.000 0.000 0.000 0.000 0.000 0.000 0.000 0.000 0.000 0.000 0.000 0.000 0.000 0.000 0.000 0.000 0.000
0.440 0.422 0.378 0.310 0.263 0.246 0.250 0.296 0.433 0.709 1.000 1.145 1.171 1.126 0.985 0.738 0.465 0.274 0.153 0.085 0.050 0.033 0.024 0.018 0.014 0.012 0.009 0.007 0.006 0.004 0.003 0.002 0.001 0.000 0.000 0.000 0.000 0.000 0.000 0.000 0.000 0.000 0.000 0.000 0.000 0.000 0.000 0.000 0.000 0.000 0.000 0.000 0.000 0.000 0.000 0.000 0.000 0.000 0.000 0.000 0.000 0.000 0.000 0.000 0.000 0.000 0.000 0.000 0.000 0.000 0.000 0.000 0.000 0.000 0.000 0.000 0.000
0.406 0.405 0.382 0.338 0.307 0.297 0.301 0.341 0.454 0.661 0.852 0.944 0.965 0.944 0.855 0.684 0.463 0.286 0.169 0.097 0.059 0.039 0.028 0.022 0.017 0.014 0.011 0.009 0.007 0.006 0.004 0.003 0.002 0.001 0.001 0.000 0.000 0.000 0.000 0.000 0.000 0.000 0.000 0.000 0.000 0.000 0.000 0.000 0.000 0.000 0.000 0.000 0.000 0.000 0.000 0.000 0.000 0.000 0.000 0.000 0.000 0.000 0.000 0.000 0.000 0.000 0.000 0.000 0.000 0.000 0.000 0.000 0.000 0.000 0.000 0.000 0.000
0.352 0.368 0.365 0.348 0.335 0.335 0.348 0.389 0.472 0.589 0.670 0.702 0.705 0.688 0.642 0.558 0.426 0.283 0.177 0.109 0.069 0.046 0.034 0.026 0.021 0.017 0.014 0.012 0.009 0.008 0.006 0.004 0.003 0.002 0.001 0.001 0.000 0.000 0.000 0.000 0.000 0.000 0.000 0.000 0.000 0.000 0.000 0.000 0.000 0.000 0.000 0.000 0.000 0.000 0.000 0.000 0.000 0.000 0.000 0.000 0.000 0.000 0.000 0.000 0.000 0.000 0.000 0.000 0.000 0.000 0.000 0.000 0.000 0.000 0.000 0.000 0.000
0.284 0.316 0.333 0.339 0.344 0.357 0.381 0.425 0.485 0.535 0.556 0.553 0.536 0.503 0.461 0.410 0.345 0.262 0.181 0.121 0.081 0.056 0.041 0.032 0.026 0.021 0.018 0.015 0.012 0.010 0.008 0.006 0.005 0.004 0.003 0.002 0.001 0.001 0.000 0.000 0.000 0.000 0.000 0.000 0.000 0.000 0.000 0.000 0.000 0.000 0.000 0.000 0.000 0.000 0.000 0.000 0.000 0.000 0.000 0.000 0.000 0.000 0.000 0.000 0.000 0.000 0.000 0.000 0.000 0.000 0.000 0.000 0.000 0.000 0.000 0.000 0.000
0.229 0.263 0.291 0.316 0.338 0.364 0.402 0.449 0.489 0.505 0.502 0.482 0.444 0.399 0.358 0.320 0.281 0.236 0.184 0.135 0.097 0.071 0.054 0.042 0.034 0.028 0.023 0.019 0.015 0.013 0.010 0.008 0.007 0.005 0.004 0.003 0.002 0.002 0.001 0.001 0.000 0.000 0.000 0.000 0.000 0.000 0.000 0.000 0.000 0.000 0.000 0.000 0.000 0.000 0.000 0.000 0.000 0.000 0.000 0.000 0.000 0.000 0.000 0.000 0.000 0.000 0.000 0.000 0.000 0.000 0.000 0.000 0.000 0.000 0.000 0.000 0.000
0.194 0.224 0.253 0.283 0.319 0.363 0.414 0.461 0.489 0.495 0.484 0.452 0.402 0.350 0.311 0.281 0.254 0.227 0.193 0.154 0.120 0.094 0.074 0.059 0.048 0.038 0.031 0.025 0.020 0.017 0.014 0.011 0.009 0.008 0.006 0.005 0.004 0.003 0.002 0.002 0.001 0.001 0.001 0.000 0.000 0.000 0.000 0.000 0.000 0.000 0.000 0.000 0.000 0.000 0.000 0.000 0.000 0.000 0.000 0.000 0.000 0.000 0.000 0.000 0.000 0.000 0.000 0.000 0.000 0.000 0.000 0.000 0.000 0.000 0.000 0.000 0.000
0.174 0.202 0.231 0.265 0.307 0.362 0.424 0.469 0.491 0.494 0.481 0.446 0.392 0.336 0.298 0.271 0.250 0.231 0.210 0.184 0.156 0.130 0.109 0.091 0.075 0.060 0.047 0.036 0.028 0.022 0.018 0.014 0.012 0.010 0.009 0.007 0.006 0.005 0.004 0.003 0.003 0.002 0.002 0.001 0.001 0.001 0.000 0.000 0.000 0.000 0.000 0.000 0.000 0.000 0.000 0.000 0.000 0.000 0.000 0.000 0.000 0.000 0.000 0.000 0.000 0.000 0.000 0.000 0.000 0.000 0.000 0.000 0.000 0.000 0.000 0.000 0.000
0.167 0.194 0.226 0.262 0.307 0.369 0.436 0.481 0.501 0.503 0.490 0.455 0.400 0.342 0.302 0.277 0.262 0.252 0.242 0.230 0.212 0.191 0.171 0.151 0.130 0.106 0.082 0.059 0.042 0.031 0.024 0.019 0.016 0.013 0.011 0.010 0.009 0.008 0.007 0.006 0.005 0.004 0.003 0.003 0.002 0.002 0.001 0.001 0.001 0.001 0.001 0.001 0.001 0.001 0.001 0.001 0.001 0.002 0.002 0.002 0.002 0.002 0.002 0.002 0.002 0.002 0.002 0.002 0.002 0.001 0.001 0.000 0.000 0.000 0.000 0.000 0.000
0.167 0.196 0.230 0.271 0.324 0.396 0.471 0.519 0.541 0.545 0.536 0.506 0.455 0.393 0.345 0.317 0.306 0.304 0.303 0.302 0.299 0.294 0.283 0.266 0.242 0.207 0.163 0.111 0.072 0.048 0.034 0.026 0.020 0.017 0.015 0.013 0.012 0.011 0.010 0.008 0.007 0.006 0.006 0.005 0.004 0.004 0.003 0.003 0.003 0.003 0.003 0.003 0.003 0.003 0.004 0.004 0.005 0.005 0.006 0.006 0.007 0.007 0.007 0.007 0.007 0.007 0.006 0.006 0.005 0.004 0.003 0.002 0.001 0.000 0.000 0.000 0.000
0.176 0.210 0.254 0.310 0.381 0.475 0.568 0.630 0.664 0.678 0.676 0.660 0.621 0.561 0.494 0.441 0.415 0.408 0.410 0.418 0.436 0.463 0.480 0.477 0.459 0.415 0.338 0.228 0.133 0.079 0.051 0.036 0.028 0.023 0.020 0.018 0.016 0.015 0.013 0.012 0.011 0.010 0.009 0.008 0.007 0.006 0.006 0.006 0.006 0.006 0.006 0.006 0.006 0.007 0.007 0.008 0.010 0.011 0.012 0.013 0.014 0.014 0.014 0.014 0.014 0.014 0.013 0.012 0.011 0.008 0.006 0.003 0.002 0.001 0.000 0.000 0.000
0.202 0.251 0.315 0.398 0.505 0.640 0.789 0.898 0.966 1.005 1.021 1.020 0.999 0.942 0.838 0.710 0.630 0.595 0.591 0.605 0.646 0.720 0.793 0.826 0.827 0.785 0.670 0.469 0.259 0.138 0.080 0.053 0.039 0.031 0.026 0.023 0.021 0.020 0.018 0.017 0.015 0.014 0.012 0.011 0.010 0.010 0.009 0.009 0.009 0.009 0.009 0.010 0.010 0.011 0.013 0.014 0.016 0.019 0.022 0.023 0.025 0.025 0.025 0.025 0.025 0.024 0.024 0.022 0.019 0.015 0.010 0.006 0.004 0.002 0.001 0.000 0.000
0.252 0.327 0.426 0.553 0.713 0.914 1.170 1.393 1.540 1.623 1.663 1.674 1.659 1.584 1.413 1.160 0.978 0.889 0.867 0.881 0.946 1.080 1.243 1.341 1.371 1.340 1.191 0.878 0.490 0.250 0.134 0.082 0.057 0.044 0.036 0.032 0.029 0.027 0.025 0.024 0.022 0.020 0.018 0.016 0.015 0.014 0.014 0.014 0.014 0.014 0.014 0.015 0.016 0.018 0.020 0.023 0.027 0.031 0.036 0.040 0.042 0.043 0.043 0.043 0.043 0.042 0.041 0.038 0.033 0.026 0.017 0.011 0.006 0.004 0.002 0.001 0.000
0.290 0.390 0.525 0.705 0.945 1.268 1.701 2.100 2.352 2.467 2.497 2.488 2.432 2.296 2.050 1.718 1.454 1.299 1.246 1.256 1.346 1.566 1.852 2.033 2.101 2.077 1.884 1.443 0.850 0.444 0.232 0.134 0.087 0.064 0.052 0.045 0.041 0.038 0.036 0.034 0.032 0.029 0.025 0.022 0.021 0.020 0.019 0.019 0.019 0.020 0.020 0.022 0.024 0.027 0.031 0.037 0.043 0.051 0.061 0.069 0.074 0.076 0.077 0.077 0.076 0.074 0.071 0.065 0.056 0.041 0.027 0.017 0.010 0.006 0.003 0.001 0.000
0.300 0.411 0.563 0.778 1.085 1.532 2.144 2.668 2.970 3.076 3.080 3.040 2.941 2.760 2.473 2.151 1.916 1.772 1.715 1.723 1.863 2.222 2.629 2.842 2.886 2.796 2.486 1.905 1.201 0.695 0.388 0.224 0.141 0.099 0.077 0.066 0.061 0.058 0.056 0.054 0.050 0.045 0.038 0.032 0.029 0.027 0.027 0.026 0.027 0.027 0.029 0.032 0.036 0.042 0.051 0.061 0.074 0.091 0.111 0.127 0.137 0.142 0.144 0.144 0.142 0.136 0.127 0.113 0.089 0.062 0.039 0.024 0.014 0.008 0.004 0.002 0.001
0.288 0.403 0.561 0.788 1.133 1.667 2.396 2.979 3.293 3.385 3.376 3.316 3.196 2.997 2.701 2.425 2.250 2.163 2.147 2.225 2.495 2.976 3.361 3.509 3.495 3.305 2.862 2.155 1.418 0.899 0.565 0.357 0.230 0.159 0.123 0.106 0.099 0.097 0.096 0.095 0.090 0.079 0.063 0.051 0.043 0.039 0.037 0.037 0.037 0.039 0.042 0.048 0.058 0.072 0.090 0.109 0.134 0.170 0.210 0.239 0.257 0.264 0.264 0.257 0.244 0.225 0.200 0.163 0.116 0.076 0.047 0.028 0.016 0.009 0.004 0.002 0.001
0.241 0.352 0.512 0.749 1.117 1.690 2.463 3.065 3.381 3.468 3.459 3.400 3.283 3.084 2.797 2.574 2.462 2.431 2.469 2.640 3.024 3.532 3.843 3.934 3.876 3.596 3.038 2.239 1.517 1.018 0.689 0.474 0.336 0.251 0.202 0.179 0.172 0.174 0.181 0.182 0.176 0.155 0.120 0.089 0.070 0.060 0.056 0.055 0.055 0.058 0.066 0.081 0.106 0.137 0.170 0.204 0.249 0.310 0.366 0.396 0.405 0.396 0.374 0.345 0.315 0.282 0.243 0.190 0.129 0.083 0.051 0.030 0.017 0.009 0.005 0.002 0.001
0.157 0.248 0.392 0.621 0.994 1.583 2.375 2.998 3.330 3.434 3.436 3.394 3.289 3.097 2.820 2.637 2.571 2.580 2.679 2.925 3.358 3.806 4.046 4.102 4.022 3.692 3.072 2.232 1.535 1.059 0.743 0.535 0.403 0.325 0.287 0.274 0.276 0.296 0.325 0.336 0.330 0.298 0.235 0.167 0.123 0.100 0.089 0.086 0.086 0.093 0.111 0.148 0.206 0.267 0.320 0.369 0.422 0.472 0.499 0.506 0.492 0.460 0.418 0.377 0.338 0.299 0.254 0.195 0.132 0.084 0.051 0.030 0.017 0.009 0.005 0.002 0.001
0.086 0.135 0.226 0.398 0.715 1.246 1.994 2.663 3.066 3.249 3.306 3.300 3.232 3.065 2.808 2.647 2.606 2.638 2.774 3.050 3.468 3.842 4.035 4.075 3.982 3.631 2.969 2.121 1.475 1.038 0.743 0.547 0.426 0.360 0.334 0.331 0.346 0.390 0.443 0.465 0.464 0.435 0.368 0.278 0.211 0.170 0.148 0.141 0.142 0.156 0.196 0.271 0.374 0.457 0.509 0.539 0.560 0.572 0.567 0.548 0.513 0.467 0.417 0.372 0.331 0.290 0.246 0.188 0.127 0.081 0.050 0.029 0.017 0.009 0.005 0.002 0.001
0.049 0.071 0.113 0.198 0.371 0.712 1.284 1.963 2.501 2.828 2.998 3.056 3.039 2.933 2.736 2.615 2.593 2.635 2.776 3.034 3.363 3.603 3.705 3.709 3.578 3.200 2.533 1.773 1.240 0.898 0.670 0.514 0.416 0.363 0.346 0.348 0.373 0.430 0.490 0.517 0.519 0.496 0.438 0.352 0.285 0.243 0.222 0.217 0.222 0.248 0.307 0.403 0.511 0.584 0.621 0.632 0.628 0.611 0.581 0.542 0.491 0.433 0.377 0.330 0.288 0.248 0.208 0.160 0.109 0.071 0.044 0.026 0.015 0.008 0.004 0.002 0.001
0.031 0.041 0.059 0.094 0.167 0.319 0.607 1.067 1.613 2.103 2.427 2.592 2.646 2.621 2.530 2.469 2.470 2.520 2.627 2.764 2.875 2.896 2.851 2.763 2.569 2.196 1.635 1.111 0.783 0.594 0.479 0.404 0.355 0.332 0.328 0.339 0.370 0.430 0.489 0.518 0.522 0.503 0.452 0.377 0.318 0.284 0.270 0.268 0.278 0.310 0.373 0.467 0.562 0.623 0.651 0.655 0.643 0.609 0.556 0.487 0.412 0.341 0.283 0.238 0.202 0.170 0.140 0.108 0.077 0.051 0.033 0.021 0.012 0.007 0.004 0.002 0.000
0.021 0.027 0.035 0.050 0.078 0.135 0.250 0.459 0.779 1.182 1.564 1.836 1.993 2.069 2.095 2.104 2.124 2.151 2.160 2.084 1.915 1.724 1.558 1.415 1.255 1.027 0.727 0.493 0.358 0.288 0.253 0.239 0.236 0.246 0.264 0.289 0.331 0.391 0.442 0.469 0.474 0.463 0.428 0.370 0.322 0.296 0.289 0.289 0.301 0.332 0.389 0.473 0.554 0.605 0.628 0.631 0.612 0.559 0.473 0.370 0.278 0.212 0.169 0.140 0.118 0.100 0.082 0.064 0.046 0.032 0.022 0.014 0.009 0.005 0.003 0.001 0.000
0.016 0.019 0.024 0.030 0.042 0.063 0.104 0.179 0.311 0.518 0.774 1.000 1.168 1.299 1.398 1.455 1.475 1.448 1.339 1.138 0.920 0.767 0.660 0.573 0.488 0.390 0.277 0.196 0.151 0.131 0.125 0.125 0.130 0.143 0.164 0.197 0.241 0.291 0.327 0.347 0.354 0.353 0.342 0.318 0.297 0.287 0.286 0.289 0.300 0.325 0.368 0.428 0.480 0.512 0.525 0.525 0.501 0.434 0.327 0.230 0.167 0.127 0.101 0.084 0.072 0.061 0.050 0.039 0.029 0.021 0.014 0.009 0.006 0.003 0.002 0.001 0.000
0.012 0.014 0.017 0.021 0.026 0.035 0.050 0.076 0.121 0.199 0.319 0.456 0.575 0.671 0.739 0.771 0.771 0.731 0.635 0.493 0.375 0.303 0.258 0.222 0.187 0.150 0.112 0.087 0.073 0.068 0.067 0.069 0.073 0.081 0.094 0.113 0.141 0.168 0.185 0.195 0.200 0.204 0.208 0.215 0.229 0.244 0.255 0.262 0.270 0.280 0.292 0.307 0.320 0.329 0.333 0.331 0.311 0.263 0.193 0.139 0.104 0.081 0.066 0.055 0.047 0.040 0.033 0.025 0.019 0.014 0.009 0.006 0.004 0.002 0.001 0.000 0.000
0.008 0.010 0.012 0.015 0.018 0.023 0.029 0.039 0.055 0.083 0.128 0.192 0.256 0.308 0.341 0.353 0.348 0.323 0.270 0.201 0.154 0.127 0.110 0.096 0.083 0.069 0.056 0.048 0.043 0.042 0.042 0.043 0.045 0.050 0.056 0.066 0.080 0.091 0.099 0.103 0.106 0.110 0.114 0.124 0.142 0.167 0.184 0.191 0.192 0.185 0.173 0.167 0.166 0.168 0.171 0.171 0.165 0.147 0.116 0.089 0.070 0.056 0.046 0.039 0.033 0.027 0.022 0.017 0.013 0.009 0.006 0.004 0.002 0.001 0.000 0.000 0.000
0.006 0.007 0.009 0.011 0.013 0.016 0.020 0.024 0.031 0.042 0.060 0.086 0.117 0.139 0.152 0.155 0.153 0.142 0.119 0.091 0.073 0.063 0.056 0.051 0.046 0.041 0.036 0.032 0.030 0.030 0.030 0.030 0.032 0.034 0.037 0.042 0.048 0.053 0.056 0.059 0.061 0.063 0.066 0.073 0.084 0.098 0.106 0.107 0.106 0.100 0.092 0.089 0.088 0.088 0.090 0.092 0.091 0.085 0.074 0.061 0.050 0.041 0.034 0.028 0.023 0.019 0.015 0.011 0.008 0.006 0.004 0.002 0.001 0.000 0.000 0.000 0.000
0.004 0.005 0.007 0.008 0.010 0.012 0.014 0.017 0.021 0.026 0.033 0.045 0.059 0.068 0.073 0.074 0.073 0.069 0.060 0.049 0.042 0.038 0.035 0.033 0.031 0.028 0.026 0.024 0.023 0.023 0.023 0.023 0.024 0.025 0.026 0.029 0.032 0.034 0.036 0.037 0.039 0.040 0.042 0.046 0.052 0.057 0.059 0.059 0.058 0.056 0.053 0.052 0.052 0.052 0.053 0.054 0.055 0.054 0.050 0.045 0.038 0.031 0.026 0.021 0.017 0.014 0.010 0.008 0.005 0.004 0.002 0.001 0.000 0.000 0.000 0.000 0.000
0.002 0.003 0.004 0.006 0.007 0.008 0.010 0.012 0.015 0.018 0.022 0.027 0.034 0.037 0.039 0.040 0.040 0.038 0.035 0.030 0.027 0.026 0.024 0.023 0.022 0.021 0.019 0.018 0.018 0.018 0.018 0.018 0.018 0.018 0.019 0.021 0.022 0.024 0.025 0.026 0.027 0.028 0.029 0.031 0.034 0.036 0.036 0.036 0.036 0.035 0.034 0.034 0.034 0.034 0.035 0.036 0.036 0.036 0.035 0.033 0.029 0.024 0.019 0.015 0.012 0.009 0.007 0.005 0.003 0.002 0.001 0.000 0.000 0.000 0.000 0.000 0.000
0.001 0.002 0.003 0.004 0.005 0.006 0.007 0.009 0.011 0.013 0.015 0.019 0.021 0.023 0.024 0.024 0.024 0.024 0.023 0.021 0.019 0.018 0.018 0.017 0.017 0.016 0.015 0.014 0.014 0.013 0.013 0.013 0.013 0.014 0.014 0.015 0.016 0.017 0.018 0.018 0.019 0.020 0.021 0.022 0.024 0.024 0.024 0.024 0.024 0.024 0.024 0.024 0.024 0.024 0.024 0.025 0.025 0.025 0.025 0.024 0.021 0.018 0.014 0.011 0.009 0.006 0.005 0.003 0.002 0.001 0.000 0.000 0.000 0.000 0.000 0.000 0.000
