RESULTS/r.avaflow_results/22_results/22_ascii/22_hflow30039.asc
ncols 506
nrows 317
xllcenter 498237.50
yllcenter 5580050.00
cellsize 12.50
NODATA_value -9999.000
[rows 170 to 203 of 317, columns 154 to 230 of 506]
9.150 9.077 8.977 8.851 8.696 8.527 8.375 8.243 8.125 8.011 7.896 7.774 7.628 7.416 7.075 6.570 5.917 5.173 4.399 3.643 2.935 2.299 1.761 1.340 1.039 0.843 0.735 0.695 0.695 0.714 0.752 0.793 0.817 0.831 0.843 0.858 0.890 0.924 0.937 0.933 0.912 0.880 0.845 0.809 0.767 0.711 0.632 0.537 0.447 0.363 0.289 0.231 0.190 0.161 0.142 0.133 0.129 0.131 0.135 0.140 0.144 0.147 0.149 0.151 0.153 0.156 0.165 0.188 0.244 0.362 0.551 0.691 0.739 0.734 0.671 0.526 0.350
11.432 11.663 11.783 11.817 11.796 11.733 11.630 11.499 11.354 11.199 11.039 10.875 10.697 10.466 10.101 9.526 8.734 7.766 6.691 5.585 4.528 3.562 2.727 2.061 1.573 1.242 1.036 0.927 0.886 0.886 0.910 0.936 0.945 0.942 0.933 0.928 0.934 0.943 0.944 0.929 0.895 0.847 0.795 0.744 0.684 0.602 0.489 0.364 0.261 0.192 0.149 0.121 0.104 0.094 0.089 0.088 0.091 0.096 0.102 0.106 0.107 0.108 0.108 0.108 0.108 0.110 0.117 0.135 0.175 0.258 0.411 0.587 0.683 0.710 0.699 0.634 0.495
13.991 14.616 14.967 15.097 15.103 15.049 14.937 14.786 14.615 14.431 14.240 14.046 13.848 13.612 13.263 12.699 11.860 10.761 9.476 8.097 6.709 5.377 4.173 3.166 2.388 1.823 1.433 1.187 1.054 0.997 0.978 0.975 0.969 0.959 0.940 0.924 0.916 0.908 0.892 0.856 0.791 0.711 0.635 0.560 0.475 0.373 0.264 0.180 0.128 0.097 0.079 0.068 0.062 0.060 0.060 0.062 0.067 0.074 0.079 0.082 0.082 0.082 0.081 0.080 0.080 0.081 0.086 0.099 0.127 0.184 0.291 0.465 0.616 0.685 0.700 0.683 0.613
15.815 16.779 17.357 17.629 17.720 17.729 17.674 17.579 17.452 17.293 17.107 16.905 16.699 16.466 16.143 15.618 14.822 13.758 12.478 11.035 9.471 7.848 6.240 4.806 3.621 2.694 2.005 1.531 1.237 1.073 0.995 0.962 0.942 0.920 0.890 0.856 0.824 0.791 0.748 0.674 0.564 0.454 0.366 0.296 0.233 0.172 0.121 0.087 0.066 0.054 0.046 0.043 0.041 0.041 0.042 0.045 0.051 0.058 0.063 0.065 0.065 0.064 0.063 0.062 0.062 0.063 0.067 0.076 0.095 0.132 0.203 0.337 0.521 0.648 0.692 0.695 0.667
16.749 17.937 18.743 19.235 19.528 19.708 19.807 19.837 19.799 19.704 19.544 19.337 19.116 18.884 18.588 18.117 17.389 16.389 15.154 13.740 12.179 10.472 8.606 6.703 5.024 3.653 2.607 1.870 1.394 1.117 0.973 0.899 0.847 0.802 0.751 0.691 0.631 0.568 0.494 0.398 0.298 0.225 0.174 0.137 0.107 0.081 0.061 0.047 0.039 0.034 0.031 0.030 0.030 0.030 0.032 0.035 0.040 0.046 0.050 0.052 0.052 0.052 0.051 0.051 0.051 0.053 0.056 0.063 0.075 0.099 0.145 0.234 0.401 0.580 0.667 0.688 0.679
16.955 18.242 19.225 19.955 20.502 20.915 21.208 21.375 21.430 21.399 21.271 21.044 20.804 20.583 20.324 19.928 19.306 18.419 17.258 15.845 14.219 12.390 10.330 8.055 5.973 4.268 2.971 2.063 1.477 1.124 0.916 0.782 0.682 0.592 0.507 0.429 0.366 0.312 0.257 0.198 0.147 0.111 0.086 0.068 0.054 0.043 0.035 0.030 0.026 0.024 0.024 0.023 0.024 0.024 0.026 0.028 0.032 0.037 0.041 0.043 0.043 0.044 0.044 0.044 0.045 0.047 0.050 0.054 0.063 0.079 0.109 0.169 0.287 0.471 0.608 0.661 0.668
16.810 18.142 19.218 20.082 20.802 21.392 21.818 22.079 22.198 22.209 22.104 21.850 21.600 21.410 21.198 20.871 20.350 19.582 18.516 17.126 15.435 13.477 11.243 8.730 6.402 4.516 3.099 2.120 1.490 1.089 0.819 0.624 0.472 0.355 0.272 0.219 0.184 0.156 0.128 0.099 0.076 0.059 0.047 0.038 0.032 0.027 0.023 0.021 0.020 0.019 0.019 0.019 0.020 0.020 0.022 0.023 0.026 0.030 0.033 0.035 0.037 0.038 0.039 0.040 0.041 0.043 0.046 0.050 0.056 0.067 0.089 0.129 0.207 0.347 0.510 0.603 0.637
16.288 17.717 18.935 19.946 20.774 21.423 21.874 22.149 22.285 22.310 22.215 21.947 21.693 21.530 21.348 21.052 20.577 19.875 18.882 17.534 15.820 13.783 11.453 8.844 6.442 4.506 3.063 2.073 1.422 0.982 0.670 0.444 0.290 0.195 0.140 0.109 0.092 0.079 0.066 0.053 0.043 0.035 0.030 0.025 0.022 0.019 0.018 0.017 0.016 0.016 0.016 0.016 0.017 0.017 0.018 0.020 0.022 0.024 0.027 0.029 0.032 0.034 0.035 0.037 0.038 0.040 0.043 0.046 0.052 0.060 0.076 0.104 0.156 0.247 0.386 0.511 0.581
15.411 16.959 18.325 19.493 20.434 21.123 21.560 21.804 21.912 21.927 21.830 21.576 21.319 21.142 20.947 20.644 20.186 19.535 18.603 17.298 15.595 13.530 11.133 8.482 6.101 4.194 2.784 1.824 1.190 0.758 0.458 0.268 0.162 0.104 0.073 0.058 0.049 0.043 0.037 0.031 0.027 0.024 0.021 0.018 0.016 0.015 0.014 0.014 0.014 0.014 0.014 0.014 0.014 0.015 0.015 0.016 0.018 0.020 0.022 0.024 0.027 0.029 0.032 0.034 0.036 0.038 0.041 0.044 0.048 0.055 0.067 0.087 0.123 0.183 0.277 0.397 0.496
14.258 15.893 17.357 18.613 19.611 20.319 20.743 20.938 20.984 20.951 20.840 20.650 20.411 20.149 19.844 19.466 18.986 18.357 17.477 16.212 14.504 12.386 9.922 7.363 5.153 3.412 2.145 1.295 0.760 0.433 0.242 0.139 0.085 0.056 0.042 0.034 0.030 0.026 0.024 0.021 0.019 0.017 0.016 0.014 0.013 0.012 0.012 0.011 0.011 0.011 0.012 0.012 0.012 0.012 0.013 0.014 0.015 0.016 0.018 0.020 0.022 0.025 0.028 0.031 0.033 0.036 0.039 0.042 0.046 0.052 0.061 0.077 0.102 0.143 0.207 0.295 0.395
12.853 14.492 15.980 17.264 18.295 19.034 19.472 19.633 19.622 19.518 19.414 19.324 19.131 18.752 18.260 17.743 17.187 16.511 15.574 14.224 12.394 10.133 7.664 5.386 3.534 2.152 1.210 0.646 0.347 0.192 0.111 0.068 0.045 0.033 0.026 0.022 0.020 0.018 0.017 0.015 0.014 0.013 0.012 0.011 0.011 0.010 0.010 0.009 0.009 0.009 0.009 0.010 0.010 0.010 0.010 0.011 0.012 0.013 0.014 0.016 0.018 0.021 0.024 0.028 0.031 0.034 0.037 0.040 0.044 0.049 0.057 0.070 0.090 0.120 0.165 0.228 0.307
11.200 12.733 14.207 15.525 16.634 17.469 17.978 18.160 18.139 18.022 17.940 17.879 17.678 17.207 16.563 15.892 15.194 14.337 13.135 11.453 9.236 6.780 4.577 2.927 1.778 1.003 0.521 0.261 0.138 0.081 0.052 0.036 0.027 0.022 0.018 0.016 0.015 0.014 0.013 0.012 0.011 0.010 0.010 0.009 0.009 0.008 0.008 0.008 0.008 0.008 0.008 0.008 0.008 0.008 0.008 0.009 0.009 0.010 0.011 0.013 0.015 0.017 0.021 0.024 0.028 0.031 0.035 0.038 0.042 0.047 0.054 0.066 0.083 0.108 0.142 0.188 0.246
9.383 10.733 12.158 13.534 14.754 15.717 16.341 16.606 16.626 16.542 16.431 16.278 15.961 15.406 14.680 13.876 12.969 11.778 10.094 7.833 5.455 3.479 2.099 1.224 0.692 0.373 0.190 0.099 0.058 0.039 0.028 0.022 0.018 0.016 0.014 0.012 0.012 0.011 0.010 0.010 0.009 0.008 0.008 0.007 0.007 0.007 0.006 0.006 0.006 0.006 0.006 0.006 0.006 0.006 0.006 0.007 0.007 0.008 0.009 0.010 0.012 0.014 0.017 0.020 0.024 0.028 0.032 0.036 0.040 0.046 0.053 0.065 0.081 0.103 0.130 0.165 0.208
7.679 8.770 9.999 11.327 12.581 13.612 14.324 14.683 14.759 14.692 14.471 14.097 13.568 12.890 12.083 11.132 9.949 8.313 6.168 4.063 2.468 1.374 0.731 0.397 0.223 0.125 0.070 0.043 0.030 0.022 0.018 0.015 0.013 0.012 0.011 0.010 0.009 0.008 0.008 0.007 0.007 0.007 0.006 0.006 0.006 0.005 0.005 0.005 0.005 0.005 0.005 0.005 0.005 0.005 0.005 0.005 0.005 0.006 0.007 0.008 0.009 0.011 0.014 0.017 0.021 0.025 0.029 0.034 0.039 0.045 0.053 0.065 0.081 0.101 0.125 0.153 0.187
6.063 6.855 7.766 8.809 9.849 10.729 11.383 11.754 11.860 11.789 11.466 10.877 10.078 9.158 8.180 7.093 5.790 4.253 2.721 1.556 0.811 0.405 0.212 0.123 0.075 0.048 0.032 0.023 0.018 0.015 0.013 0.011 0.010 0.009 0.008 0.007 0.007 0.006 0.006 0.006 0.005 0.005 0.005 0.005 0.004 0.004 0.004 0.004 0.004 0.004 0.004 0.004 0.004 0.004 0.004 0.004 0.004 0.004 0.005 0.006 0.007 0.009 0.012 0.014 0.018 0.022 0.027 0.032 0.037 0.044 0.053 0.065 0.081 0.100 0.123 0.149 0.178
4.485 4.915 5.378 5.893 6.417 6.893 7.283 7.528 7.609 7.550 7.236 6.612 5.771 4.879 4.061 3.276 2.440 1.555 0.855 0.425 0.210 0.113 0.069 0.046 0.033 0.024 0.019 0.015 0.013 0.011 0.010 0.008 0.007 0.007 0.006 0.006 0.005 0.005 0.005 0.004 0.004 0.004 0.004 0.004 0.004 0.004 0.004 0.004 0.004 0.004 0.003 0.003 0.003 0.003 0.002 0.002 0.003 0.003 0.003 0.004 0.005 0.007 0.009 0.012 0.016 0.019 0.024 0.030 0.036 0.043 0.053 0.065 0.081 0.100 0.122 0.147 0.176
2.990 3.116 3.253 3.390 3.502 3.598 3.679 3.727 3.731 3.683 3.500 3.130 2.576 1.978 1.502 1.105 0.733 0.416 0.213 0.110 0.063 0.041 0.030 0.023 0.019 0.015 0.013 0.011 0.009 0.008 0.007 0.006 0.006 0.005 0.005 0.004 0.004 0.004 0.003 0.003 0.003 0.003 0.003 0.003 0.003 0.003 0.003 0.003 0.003 0.003 0.003 0.003 0.002 0.002 0.002 0.002 0.002 0.002 0.002 0.003 0.004 0.005 0.008 0.010 0.013 0.017 0.022 0.028 0.034 0.042 0.052 0.065 0.080 0.099 0.121 0.147 0.177
1.743 1.712 1.697 1.673 1.624 1.558 1.503 1.461 1.422 1.373 1.279 1.111 0.858 0.601 0.425 0.294 0.187 0.109 0.062 0.039 0.028 0.022 0.018 0.015 0.013 0.011 0.009 0.008 0.007 0.006 0.005 0.004 0.004 0.004 0.003 0.003 0.003 0.003 0.003 0.003 0.003 0.003 0.003 0.003 0.003 0.003 0.003 0.003 0.003 0.003 0.003 0.003 0.002 0.001 0.001 0.001 0.001 0.001 0.001 0.002 0.003 0.004 0.006 0.008 0.011 0.015 0.020 0.025 0.032 0.040 0.050 0.062 0.078 0.096 0.119 0.148 0.182
0.873 0.807 0.757 0.709 0.652 0.582 0.522 0.477 0.441 0.409 0.371 0.318 0.241 0.166 0.117 0.083 0.057 0.038 0.027 0.021 0.017 0.014 0.012 0.011 0.009 0.008 0.007 0.006 0.005 0.004 0.004 0.003 0.003 0.003 0.002 0.002 0.002 0.002 0.002 0.002 0.002 0.002 0.002 0.003 0.003 0.003 0.003 0.004 0.004 0.003 0.003 0.002 0.002 0.001 0.001 0.000 0.000 0.000 0.000 0.001 0.002 0.003 0.004 0.006 0.009 0.012 0.017 0.022 0.029 0.037 0.046 0.058 0.073 0.091 0.116 0.148 0.187
0.373 0.333 0.304 0.277 0.247 0.210 0.177 0.153 0.136 0.122 0.109 0.094 0.074 0.054 0.041 0.032 0.025 0.020 0.016 0.014 0.012 0.010 0.009 0.008 0.006 0.005 0.005 0.004 0.003 0.003 0.003 0.002 0.002 0.002 0.002 0.002 0.002 0.002 0.002 0.002 0.002 0.002 0.003 0.003 0.003 0.004 0.004 0.004 0.004 0.004 0.003 0.002 0.001 0.001 0.000 0.000 0.000 0.000 0.000 0.000 0.001 0.002 0.003 0.005 0.007 0.010 0.014 0.019 0.025 0.032 0.040 0.051 0.064 0.082 0.108 0.142 0.185
0.146 0.130 0.118 0.106 0.093 0.077 0.064 0.054 0.048 0.044 0.040 0.036 0.031 0.025 0.021 0.018 0.015 0.013 0.011 0.010 0.008 0.007 0.006 0.005 0.004 0.004 0.003 0.003 0.002 0.002 0.002 0.002 0.002 0.002 0.002 0.002 0.002 0.002 0.002 0.002 0.003 0.003 0.003 0.004 0.004 0.005 0.005 0.005 0.005 0.004 0.003 0.002 0.001 0.001 0.000 0.000 0.000 0.000 0.000 0.000 0.000 0.001 0.002 0.003 0.005 0.007 0.010 0.014 0.019 0.025 0.032 0.040 0.051 0.067 0.090 0.124 0.167
0.057 0.052 0.048 0.043 0.038 0.032 0.028 0.024 0.023 0.021 0.020 0.019 0.018 0.016 0.014 0.012 0.011 0.009 0.008 0.007 0.006 0.005 0.004 0.004 0.003 0.003 0.002 0.002 0.002 0.002 0.002 0.002 0.002 0.002 0.002 0.002 0.002 0.003 0.003 0.004 0.004 0.005 0.005 0.006 0.006 0.006 0.006 0.006 0.005 0.004 0.002 0.002 0.001 0.001 0.000 0.000 0.000 0.000 0.000 0.000 0.000 0.000 0.001 0.002 0.003 0.005 0.007 0.010 0.014 0.018 0.023 0.029 0.036 0.047 0.063 0.090 0.128
0.025 0.024 0.022 0.021 0.019 0.017 0.015 0.014 0.014 0.013 0.013 0.013 0.012 0.011 0.010 0.009 0.008 0.007 0.006 0.005 0.004 0.003 0.003 0.003 0.002 0.002 0.002 0.002 0.002 0.002 0.002 0.002 0.003 0.003 0.003 0.003 0.004 0.005 0.005 0.006 0.007 0.007 0.007 0.007 0.007 0.007 0.006 0.006 0.005 0.003 0.002 0.001 0.001 0.000 0.000 0.000 0.000 0.000 0.000 0.000 0.000 0.000 0.000 0.001 0.002 0.003 0.005 0.007 0.010 0.013 0.017 0.021 0.025 0.032 0.041 0.056 0.080
0.013 0.013 0.013 0.012 0.012 0.011 0.010 0.010 0.010 0.010 0.009 0.009 0.009 0.008 0.008 0.007 0.006 0.005 0.004 0.003 0.003 0.003 0.002 0.002 0.002 0.002 0.002 0.003 0.003 0.003 0.003 0.004 0.005 0.005 0.006 0.006 0.007 0.008 0.008 0.008 0.008 0.008 0.008 0.007 0.007 0.007 0.006 0.005 0.004 0.003 0.002 0.001 0.001 0.000 0.000 0.000 0.000 0.000 0.000 0.000 0.000 0.000 0.000 0.000 0.001 0.002 0.003 0.005 0.007 0.009 0.012 0.015 0.018 0.022 0.027 0.036 0.048
0.009 0.009 0.009 0.008 0.008 0.008 0.008 0.007 0.007 0.007 0.007 0.007 0.007 0.006 0.006 0.005 0.004 0.003 0.003 0.002 0.002 0.002 0.002 0.002 0.003 0.003 0.004 0.004 0.005 0.006 0.007 0.008 0.009 0.009 0.010 0.010 0.010 0.010 0.010 0.009 0.009 0.008 0.008 0.007 0.007 0.006 0.006 0.005 0.003 0.002 0.001 0.001 0.000 0.000 0.000 0.000 0.000 0.000 0.000 0.000 0.000 0.000 0.000 0.000 0.000 0.001 0.002 0.003 0.005 0.006 0.008 0.011 0.013 0.016 0.019 0.024 0.031
0.006 0.006 0.006 0.006 0.006 0.006 0.006 0.006 0.006 0.005 0.005 0.005 0.005 0.004 0.004 0.003 0.003 0.002 0.002 0.002 0.002 0.002 0.003 0.003 0.004 0.005 0.007 0.009 0.010 0.011 0.012 0.013 0.013 0.013 0.013 0.012 0.012 0.011 0.010 0.010 0.009 0.008 0.007 0.007 0.006 0.005 0.004 0.003 0.002 0.001 0.001 0.001 0.000 0.000 0.000 0.000 0.000 0.000 0.000 0.000 0.000 0.000 0.000 0.000 0.000 0.000 0.001 0.002 0.003 0.004 0.006 0.008 0.009 0.012 0.014 0.017 0.022
0.005 0.005 0.005 0.005 0.005 0.005 0.005 0.004 0.004 0.004 0.004 0.004 0.003 0.003 0.002 0.002 0.002 0.002 0.002 0.002 0.002 0.003 0.004 0.006 0.008 0.011 0.013 0.015 0.016 0.016 0.016 0.015 0.015 0.014 0.014 0.013 0.012 0.011 0.010 0.009 0.008 0.007 0.006 0.005 0.004 0.003 0.003 0.002 0.001 0.001 0.001 0.000 0.000 0.000 0.000 0.000 0.000 0.000 0.000 0.000 0.000 0.000 0.000 0.000 0.000 0.000 0.000 0.001 0.002 0.003 0.004 0.005 0.007 0.008 0.011 0.013 0.016
0.004 0.004 0.004 0.004 0.004 0.004 0.003 0.003 0.003 0.003 0.003 0.002 0.002 0.002 0.002 0.001 0.001 0.002 0.002 0.003 0.004 0.005 0.008 0.011 0.014 0.016 0.018 0.018 0.019 0.018 0.017 0.016 0.015 0.014 0.014 0.013 0.012 0.011 0.010 0.008 0.007 0.006 0.005 0.003 0.003 0.002 0.002 0.001 0.001 0.001 0.000 0.000 0.000 0.000 0.000 0.000 0.000 0.000 0.000 0.000 0.000 0.000 0.000 0.000 0.000 0.000 0.000 0.000 0.001 0.001 0.002 0.003 0.005 0.006 0.008 0.009 0.012
0.003 0.003 0.003 0.003 0.003 0.003 0.002 0.002 0.002 0.002 0.002 0.002 0.002 0.001 0.001 0.001 0.002 0.002 0.003 0.004 0.007 0.010 0.013 0.015 0.018 0.019 0.020 0.020 0.019 0.019 0.017 0.016 0.015 0.014 0.013 0.013 0.011 0.010 0.009 0.007 0.005 0.004 0.003 0.002 0.001 0.001 0.001 0.001 0.001 0.000 0.000 0.000 0.000 0.000 0.000 0.000 0.000 0.000 0.000 0.000 0.000 0.000 0.000 0.000 0.000 0.000 0.000 0.000 0.000 0.001 0.001 0.002 0.003 0.004 0.005 0.007 0.009
0.002 0.002 0.002 0.002 0.002 0.002 0.002 0.002 0.001 0.001 0.001 0.001 0.001 0.001 0.001 0.001 0.002 0.003 0.005 0.007 0.010 0.013 0.015 0.017 0.019 0.020 0.020 0.020 0.019 0.018 0.017 0.016 0.014 0.013 0.012 0.011 0.010 0.008 0.006 0.004 0.003 0.002 0.002 0.001 0.001 0.001 0.001 0.001 0.000 0.000 0.000 0.000 0.000 0.000 0.000 0.000 0.000 0.000 0.000 0.000 0.000 0.000 0.000 0.000 0.000 0.000 0.000 0.000 0.000 0.000 0.000 0.001 0.002 0.002 0.003 0.005 0.006
0.002 0.002 0.002 0.002 0.002 0.001 0.001 0.001 0.001 0.001 0.001 0.001 0.001 0.001 0.001 0.002 0.003 0.004 0.006 0.009 0.012 0.014 0.016 0.018 0.019 0.019 0.019 0.019 0.019 0.018 0.017 0.015 0.013 0.011 0.010 0.008 0.006 0.005 0.003 0.002 0.002 0.001 0.001 0.001 0.001 0.001 0.000 0.000 0.000 0.000 0.000 0.000 0.000 0.000 0.000 0.000 0.000 0.000 0.000 0.000 0.000 0.000 0.000 0.000 0.000 0.000 0.000 0.000 0.000 0.000 0.000 0.000 0.001 0.001 0.002 0.003 0.004
0.001 0.001 0.001 0.001 0.001 0.001 0.001 0.001 0.001 0.001 0.001 0.001 0.001 0.001 0.002 0.002 0.003 0.005 0.007 0.010 0.012 0.014 0.016 0.017 0.018 0.019 0.019 0.018 0.018 0.017 0.015 0.013 0.010 0.008 0.006 0.004 0.003 0.002 0.002 0.001 0.001 0.001 0.001 0.001 0.000 0.000 0.000 0.000 0.000 0.000 0.000 0.000 0.000 0.000 0.000 0.000 0.000 0.000 0.000 0.000 0.000 0.000 0.000 0.000 0.000 0.000 0.000 0.000 0.000 0.000 0.000 0.000 0.000 0.000 0.001 0.002 0.002
0.001 0.001 0.001 0.001 0.001 0.001 0.001 0.001 0.001 0.001 0.001 0.001 0.001 0.001 0.002 0.002 0.003 0.005 0.007 0.010 0.012 0.014 0.015 0.016 0.016 0.016 0.016 0.015 0.014 0.013 0.011 0.009 0.006 0.004 0.003 0.002 0.001 0.001 0.001 0.001 0.001 0.001 0.000 0.000 0.000 0.000 0.000 0.000 0.000 0.000 0.000 0.000 0.000 0.000 0.000 0.000 0.000 0.000 0.000 0.000 0.000 0.000 0.000 0.000 0.000 0.000 0.000 0.000 0.000 0.000 0.000 0.000 0.000 0.000 0.000 0.001 0.001
0.001 0.001 0.001 0.001 0.001 0.001 0.001 0.001 0.001 0.001 0.001 0.001 0.001 0.001 0.001 0.002 0.003 0.005 0.007 0.009 0.011 0.012 0.013 0.013 0.012 0.011 0.010 0.009 0.008 0.007 0.006 0.004 0.003 0.002 0.001 0.001 0.001 0.001 0.001 0.001 0.000 0.000 0.000 0.000 0.000 0.000 0.000 0.000 0.000 0.000 0.000 0.000 0.000 0.000 0.000 0.000 0.000 0.000 0.000 0.000 0.000 0.000 0.000 0.000 0.000 0.000 0.000 0.000 0.000 0.000 0.000 0.000 0.000 0.000 0.000 0.000 0.000
