RESULTS/r.avaflow_results/22_results/22_ascii/22_hflow10055.asc
ncols 506
nrows 317
xllcenter 498237.50
yllcenter 5580050.00
cellsize 12.50
NODATA_value -9999.000
[rows 170 to 203 of 317, columns 154 to 230 of 506]
2.207 2.025 1.863 1.717 1.585 1.461 1.343 1.229 1.119 1.012 0.909 0.813 0.722 0.636 0.555 0.478 0.405 0.336 0.272 0.214 0.165 0.126 0.095 0.071 0.054 0.042 0.033 0.029 0.027 0.026 0.026 0.026 0.026 0.026 0.026 0.026 0.026 0.027 0.027 0.026 0.025 0.023 0.021 0.020 0.018 0.016 0.013 0.011 0.009 0.008 0.007 0.005 0.004 0.004 0.003 0.003 0.003 0.003 0.003 0.003 0.003 0.003 0.003 0.003 0.003 0.003 0.003 0.004 0.005 0.007 0.008 0.009 0.009 0.008 0.007 0.005 0.004
2.368 2.207 2.057 1.913 1.775 1.640 1.508 1.381 1.258 1.140 1.028 0.923 0.825 0.733 0.647 0.566 0.490 0.417 0.349 0.284 0.224 0.172 0.130 0.097 0.073 0.055 0.043 0.035 0.031 0.030 0.029 0.029 0.029 0.029 0.028 0.028 0.027 0.027 0.027 0.026 0.024 0.022 0.020 0.018 0.016 0.014 0.011 0.008 0.006 0.004 0.004 0.003 0.003 0.002 0.002 0.002 0.002 0.002 0.003 0.003 0.003 0.003 0.003 0.002 0.002 0.002 0.002 0.003 0.003 0.005 0.007 0.008 0.008 0.008 0.008 0.007 0.005
2.483 2.337 2.194 2.048 1.903 1.761 1.624 1.493 1.367 1.246 1.129 1.019 0.915 0.816 0.724 0.637 0.555 0.477 0.406 0.339 0.277 0.220 0.170 0.129 0.097 0.072 0.054 0.042 0.035 0.031 0.030 0.030 0.030 0.029 0.028 0.028 0.027 0.027 0.026 0.024 0.022 0.019 0.017 0.015 0.012 0.009 0.006 0.004 0.003 0.002 0.002 0.002 0.002 0.002 0.002 0.002 0.002 0.002 0.002 0.002 0.002 0.002 0.002 0.002 0.002 0.002 0.002 0.002 0.003 0.003 0.005 0.007 0.008 0.008 0.008 0.008 0.007
2.555 2.415 2.277 2.132 1.988 1.851 1.717 1.589 1.464 1.343 1.224 1.110 1.000 0.894 0.794 0.699 0.610 0.526 0.450 0.380 0.315 0.257 0.204 0.158 0.120 0.089 0.066 0.049 0.038 0.032 0.030 0.029 0.029 0.028 0.027 0.026 0.025 0.024 0.022 0.020 0.016 0.013 0.011 0.008 0.006 0.005 0.003 0.002 0.002 0.001 0.001 0.001 0.001 0.001 0.001 0.002 0.002 0.002 0.002 0.002 0.002 0.002 0.002 0.002 0.001 0.001 0.001 0.002 0.002 0.002 0.003 0.005 0.007 0.008 0.008 0.008 0.007
2.583 2.449 2.317 2.183 2.050 1.923 1.797 1.674 1.553 1.432 1.314 1.198 1.083 0.969 0.860 0.755 0.657 0.567 0.485 0.410 0.343 0.282 0.227 0.178 0.136 0.101 0.074 0.054 0.041 0.033 0.029 0.027 0.026 0.025 0.024 0.022 0.020 0.018 0.016 0.013 0.009 0.007 0.005 0.004 0.003 0.002 0.002 0.001 0.001 0.001 0.001 0.001 0.001 0.001 0.001 0.002 0.002 0.002 0.002 0.002 0.002 0.002 0.001 0.001 0.001 0.001 0.001 0.001 0.002 0.002 0.002 0.004 0.005 0.007 0.008 0.008 0.008
2.587 2.458 2.334 2.213 2.094 1.976 1.859 1.744 1.628 1.511 1.395 1.277 1.158 1.037 0.916 0.802 0.696 0.599 0.511 0.432 0.362 0.299 0.242 0.191 0.146 0.109 0.079 0.058 0.042 0.033 0.027 0.024 0.022 0.020 0.017 0.015 0.013 0.011 0.009 0.007 0.005 0.004 0.003 0.002 0.002 0.001 0.001 0.001 0.001 0.001 0.001 0.001 0.001 0.001 0.001 0.002 0.002 0.002 0.002 0.002 0.002 0.001 0.001 0.001 0.001 0.001 0.001 0.001 0.001 0.001 0.002 0.003 0.004 0.006 0.007 0.007 0.007
2.585 2.458 2.341 2.230 2.122 2.014 1.906 1.799 1.689 1.578 1.464 1.346 1.224 1.095 0.962 0.837 0.723 0.620 0.527 0.445 0.373 0.308 0.250 0.197 0.151 0.112 0.082 0.059 0.043 0.032 0.025 0.020 0.016 0.012 0.010 0.008 0.007 0.006 0.005 0.003 0.003 0.002 0.002 0.001 0.001 0.001 0.001 0.001 0.001 0.001 0.001 0.001 0.001 0.001 0.001 0.002 0.002 0.002 0.002 0.002 0.002 0.001 0.001 0.001 0.001 0.001 0.001 0.001 0.001 0.001 0.001 0.002 0.003 0.004 0.006 0.006 0.007
2.574 2.452 2.340 2.237 2.138 2.040 1.941 1.841 1.738 1.633 1.523 1.405 1.280 1.142 0.997 0.862 0.740 0.631 0.535 0.451 0.377 0.312 0.253 0.200 0.153 0.113 0.081 0.058 0.042 0.030 0.021 0.015 0.010 0.007 0.005 0.004 0.003 0.003 0.002 0.002 0.002 0.001 0.001 0.001 0.001 0.001 0.001 0.001 0.001 0.001 0.001 0.001 0.001 0.001 0.002 0.002 0.002 0.002 0.002 0.002 0.002 0.001 0.001 0.001 0.001 0.001 0.001 0.001 0.001 0.001 0.001 0.002 0.002 0.003 0.004 0.005 0.006
2.552 2.437 2.335 2.238 2.147 2.057 1.968 1.875 1.781 1.682 1.576 1.459 1.327 1.180 1.022 0.877 0.748 0.635 0.537 0.452 0.378 0.312 0.253 0.199 0.151 0.110 0.077 0.054 0.037 0.025 0.016 0.010 0.006 0.004 0.003 0.002 0.002 0.002 0.001 0.001 0.001 0.001 0.001 0.001 0.001 0.001 0.001 0.001 0.001 0.001 0.001 0.001 0.002 0.002 0.002 0.002 0.002 0.002 0.002 0.002 0.002 0.001 0.001 0.001 0.001 0.001 0.001 0.001 0.001 0.001 0.001 0.001 0.002 0.002 0.003 0.004 0.005
2.517 2.413 2.320 2.231 2.149 2.069 1.990 1.908 1.823 1.730 1.626 1.507 1.369 1.210 1.040 0.887 0.752 0.636 0.536 0.450 0.375 0.308 0.247 0.190 0.140 0.098 0.065 0.043 0.027 0.017 0.010 0.006 0.003 0.002 0.002 0.001 0.001 0.001 0.001 0.001 0.001 0.001 0.001 0.001 0.001 0.001 0.001 0.001 0.001 0.001 0.002 0.002 0.002 0.002 0.002 0.002 0.002 0.002 0.002 0.002 0.002 0.001 0.001 0.001 0.001 0.001 0.001 0.001 0.001 0.001 0.001 0.001 0.001 0.002 0.002 0.003 0.004
2.467 2.376 2.294 2.217 2.145 2.075 2.007 1.937 1.861 1.773 1.670 1.547 1.401 1.232 1.053 0.894 0.755 0.634 0.530 0.440 0.360 0.289 0.224 0.165 0.114 0.074 0.044 0.025 0.014 0.008 0.005 0.003 0.002 0.001 0.001 0.001 0.001 0.001 0.001 0.001 0.001 0.001 0.001 0.001 0.001 0.001 0.001 0.001 0.001 0.002 0.002 0.002 0.003 0.003 0.003 0.003 0.003 0.003 0.002 0.002 0.002 0.002 0.001 0.001 0.001 0.001 0.001 0.001 0.001 0.001 0.001 0.001 0.001 0.001 0.002 0.002 0.003
2.402 2.324 2.254 2.192 2.134 2.078 2.024 1.965 1.897 1.811 1.704 1.576 1.422 1.244 1.061 0.898 0.755 0.629 0.518 0.418 0.328 0.246 0.175 0.116 0.071 0.040 0.021 0.011 0.006 0.003 0.002 0.002 0.001 0.001 0.001 0.001 0.001 0.001 0.001 0.001 0.001 0.001 0.001 0.001 0.001 0.001 0.001 0.002 0.002 0.002 0.003 0.003 0.004 0.004 0.004 0.004 0.004 0.003 0.003 0.002 0.002 0.002 0.001 0.001 0.001 0.001 0.001 0.001 0.001 0.001 0.001 0.001 0.001 0.001 0.002 0.002 0.002
2.323 2.258 2.204 2.158 2.116 2.075 2.034 1.985 1.922 1.835 1.724 1.590 1.430 1.248 1.063 0.899 0.750 0.613 0.485 0.367 0.260 0.167 0.098 0.055 0.030 0.016 0.008 0.004 0.002 0.002 0.001 0.001 0.001 0.001 0.001 0.001 0.001 0.001 0.001 0.001 0.001 0.001 0.001 0.001 0.001 0.001 0.002 0.002 0.002 0.003 0.004 0.005 0.005 0.006 0.006 0.005 0.005 0.004 0.004 0.003 0.002 0.002 0.001 0.001 0.001 0.001 0.001 0.001 0.001 0.001 0.001 0.001 0.001 0.001 0.001 0.002 0.002
2.227 2.179 2.140 2.110 2.087 2.063 2.034 1.990 1.929 1.841 1.724 1.583 1.416 1.229 1.043 0.871 0.706 0.547 0.395 0.257 0.146 0.075 0.037 0.019 0.010 0.005 0.003 0.002 0.001 0.001 0.001 0.001 0.001 0.001 0.001 0.001 0.001 0.001 0.001 0.001 0.001 0.001 0.001 0.001 0.002 0.002 0.002 0.003 0.003 0.005 0.006 0.007 0.008 0.008 0.008 0.008 0.007 0.006 0.005 0.004 0.003 0.002 0.002 0.001 0.001 0.001 0.001 0.001 0.001 0.001 0.001 0.001 0.001 0.001 0.001 0.001 0.002
2.122 2.090 2.064 2.041 2.021 2.000 1.973 1.933 1.874 1.785 1.659 1.500 1.314 1.116 0.923 0.737 0.552 0.374 0.221 0.113 0.052 0.023 0.011 0.006 0.003 0.002 0.001 0.001 0.001 0.001 0.001 0.001 0.001 0.001 0.001 0.001 0.001 0.001 0.001 0.001 0.001 0.001 0.002 0.002 0.002 0.002 0.003 0.004 0.005 0.007 0.010 0.011 0.012 0.013 0.012 0.012 0.010 0.008 0.006 0.005 0.003 0.003 0.002 0.001 0.001 0.001 0.001 0.001 0.000 0.000 0.000 0.000 0.001 0.001 0.001 0.001 0.001
2.001 1.976 1.938 1.884 1.821 1.769 1.723 1.676 1.620 1.537 1.409 1.235 1.024 0.807 0.609 0.432 0.274 0.152 0.074 0.032 0.014 0.006 0.004 0.002 0.002 0.001 0.001 0.001 0.001 0.001 0.001 0.001 0.001 0.001 0.001 0.001 0.001 0.001 0.002 0.002 0.002 0.002 0.002 0.002 0.003 0.003 0.004 0.006 0.009 0.013 0.017 0.019 0.020 0.021 0.020 0.017 0.014 0.011 0.008 0.006 0.004 0.003 0.002 0.002 0.001 0.001 0.001 0.001 0.000 0.000 0.000 0.000 0.000 0.001 0.001 0.001 0.001
1.805 1.736 1.630 1.494 1.352 1.237 1.154 1.090 1.033 0.964 0.859 0.709 0.521 0.356 0.237 0.149 0.084 0.042 0.018 0.008 0.004 0.002 0.002 0.001 0.001 0.001 0.001 0.001 0.001 0.001 0.001 0.001 0.001 0.001 0.002 0.002 0.002 0.002 0.002 0.002 0.002 0.003 0.003 0.004 0.004 0.006 0.008 0.012 0.018 0.025 0.031 0.034 0.035 0.034 0.029 0.024 0.018 0.014 0.010 0.008 0.006 0.004 0.003 0.002 0.001 0.001 0.001 0.001 0.000 0.000 0.000 0.000 0.000 0.000 0.001 0.001 0.001
1.395 1.223 1.032 0.841 0.685 0.577 0.503 0.452 0.411 0.371 0.320 0.253 0.171 0.106 0.065 0.038 0.021 0.010 0.005 0.003 0.002 0.001 0.001 0.001 0.001 0.001 0.001 0.001 0.001 0.001 0.001 0.002 0.002 0.002 0.002 0.002 0.002 0.003 0.003 0.003 0.004 0.004 0.005 0.006 0.008 0.011 0.017 0.026 0.038 0.049 0.056 0.058 0.054 0.046 0.036 0.028 0.022 0.016 0.012 0.009 0.006 0.005 0.003 0.002 0.001 0.001 0.001 0.001 0.000 0.000 0.000 0.000 0.000 0.000 0.000 0.001 0.001
0.780 0.609 0.472 0.362 0.278 0.218 0.176 0.148 0.127 0.109 0.090 0.069 0.045 0.028 0.017 0.010 0.006 0.003 0.002 0.002 0.001 0.001 0.001 0.001 0.001 0.001 0.001 0.002 0.002 0.002 0.002 0.002 0.002 0.003 0.003 0.003 0.004 0.004 0.005 0.006 0.007 0.009 0.011 0.014 0.019 0.027 0.040 0.059 0.075 0.086 0.089 0.082 0.067 0.052 0.040 0.031 0.024 0.018 0.013 0.010 0.007 0.005 0.003 0.002 0.002 0.001 0.001 0.001 0.000 0.000 0.000 0.000 0.000 0.000 0.000 0.000 0.001
0.337 0.252 0.189 0.142 0.105 0.078 0.060 0.047 0.039 0.032 0.025 0.019 0.012 0.008 0.005 0.004 0.002 0.002 0.002 0.001 0.001 0.001 0.001 0.001 0.002 0.002 0.002 0.002 0.002 0.003 0.003 0.003 0.004 0.005 0.006 0.006 0.008 0.009 0.011 0.014 0.017 0.022 0.027 0.035 0.046 0.065 0.092 0.116 0.129 0.129 0.115 0.093 0.071 0.054 0.042 0.032 0.025 0.019 0.014 0.010 0.007 0.005 0.003 0.002 0.002 0.001 0.001 0.000 0.000 0.000 0.000 0.000 0.000 0.000 0.000 0.000 0.000
0.130 0.097 0.072 0.053 0.039 0.028 0.021 0.016 0.013 0.010 0.008 0.006 0.004 0.003 0.002 0.002 0.002 0.002 0.002 0.001 0.001 0.002 0.002 0.002 0.002 0.002 0.003 0.003 0.004 0.005 0.006 0.007 0.008 0.010 0.012 0.015 0.019 0.023 0.029 0.036 0.045 0.056 0.069 0.085 0.108 0.138 0.165 0.177 0.173 0.155 0.125 0.095 0.073 0.056 0.043 0.033 0.025 0.019 0.014 0.010 0.007 0.005 0.003 0.002 0.002 0.001 0.001 0.000 0.000 0.000 0.000 0.000 0.000 0.000 0.000 0.000 0.000
0.049 0.037 0.027 0.020 0.015 0.011 0.008 0.006 0.005 0.004 0.003 0.003 0.002 0.002 0.002 0.002 0.002 0.002 0.002 0.002 0.002 0.002 0.002 0.003 0.003 0.004 0.005 0.006 0.008 0.010 0.013 0.016 0.021 0.026 0.032 0.039 0.050 0.063 0.078 0.094 0.111 0.130 0.148 0.168 0.188 0.206 0.215 0.212 0.195 0.163 0.126 0.096 0.073 0.056 0.043 0.033 0.026 0.019 0.014 0.010 0.007 0.005 0.003 0.002 0.001 0.001 0.001 0.000 0.000 0.000 0.000 0.000 0.000 0.000 0.000 0.000 0.000
0.019 0.014 0.011 0.008 0.006 0.005 0.004 0.003 0.003 0.002 0.002 0.002 0.002 0.002 0.002 0.002 0.002 0.002 0.002 0.002 0.002 0.003 0.003 0.004 0.006 0.008 0.011 0.015 0.020 0.026 0.034 0.044 0.056 0.070 0.086 0.105 0.129 0.155 0.180 0.198 0.210 0.215 0.221 0.227 0.234 0.239 0.237 0.225 0.200 0.164 0.126 0.096 0.073 0.056 0.044 0.034 0.026 0.019 0.014 0.010 0.007 0.005 0.003 0.002 0.001 0.001 0.001 0.000 0.000 0.000 0.000 0.000 0.000 0.000 0.000 0.000 0.000
0.008 0.006 0.005 0.004 0.003 0.003 0.002 0.002 0.002 0.002 0.002 0.002 0.002 0.002 0.002 0.002 0.002 0.002 0.002 0.003 0.003 0.004 0.006 0.009 0.013 0.019 0.028 0.040 0.055 0.073 0.094 0.120 0.148 0.178 0.209 0.242 0.274 0.295 0.301 0.291 0.274 0.259 0.251 0.248 0.248 0.247 0.241 0.227 0.201 0.164 0.126 0.095 0.073 0.056 0.043 0.033 0.025 0.019 0.013 0.009 0.006 0.004 0.003 0.002 0.001 0.001 0.001 0.000 0.000 0.000 0.000 0.000 0.000 0.000 0.000 0.000 0.000
0.004 0.003 0.003 0.002 0.002 0.002 0.002 0.002 0.002 0.002 0.002 0.002 0.002 0.002 0.002 0.002 0.002 0.002 0.003 0.004 0.006 0.008 0.013 0.021 0.033 0.052 0.079 0.115 0.154 0.195 0.239 0.285 0.332 0.370 0.398 0.413 0.414 0.398 0.369 0.331 0.295 0.269 0.256 0.250 0.247 0.243 0.236 0.221 0.195 0.158 0.120 0.091 0.069 0.052 0.040 0.030 0.022 0.016 0.011 0.007 0.005 0.003 0.002 0.001 0.001 0.001 0.000 0.000 0.000 0.000 0.000 0.000 0.000 0.000 0.000 0.000 0.000
0.002 0.002 0.002 0.002 0.002 0.002 0.002 0.002 0.002 0.002 0.002 0.002 0.002 0.002 0.002 0.002 0.003 0.004 0.005 0.007 0.012 0.020 0.034 0.057 0.094 0.147 0.218 0.293 0.362 0.421 0.470 0.507 0.528 0.537 0.532 0.515 0.484 0.440 0.388 0.337 0.297 0.268 0.251 0.240 0.231 0.221 0.208 0.190 0.165 0.131 0.100 0.075 0.056 0.042 0.031 0.023 0.016 0.010 0.007 0.004 0.003 0.002 0.001 0.001 0.001 0.000 0.000 0.000 0.000 0.000 0.000 0.000 0.000 0.000 0.000 0.000 0.000
0.002 0.001 0.001 0.001 0.001 0.001 0.002 0.002 0.002 0.002 0.002 0.002 0.002 0.002 0.003 0.003 0.004 0.006 0.010 0.016 0.029 0.053 0.093 0.155 0.245 0.356 0.467 0.551 0.602 0.629 0.641 0.641 0.631 0.613 0.585 0.548 0.501 0.447 0.388 0.336 0.293 0.259 0.232 0.209 0.187 0.166 0.145 0.124 0.101 0.078 0.060 0.045 0.034 0.025 0.018 0.012 0.008 0.005 0.003 0.002 0.001 0.001 0.001 0.000 0.000 0.000 0.000 0.000 0.000 0.000 0.000 0.000 0.000 0.000 0.000 0.000 0.000
0.001 0.001 0.001 0.001 0.001 0.002 0.002 0.002 0.002 0.002 0.002 0.002 0.003 0.003 0.004 0.005 0.007 0.012 0.022 0.041 0.076 0.134 0.225 0.351 0.486 0.600 0.676 0.718 0.732 0.730 0.717 0.694 0.664 0.630 0.592 0.551 0.502 0.446 0.385 0.329 0.278 0.232 0.189 0.150 0.117 0.091 0.072 0.057 0.045 0.035 0.027 0.021 0.016 0.012 0.008 0.005 0.003 0.002 0.001 0.001 0.000 0.000 0.000 0.000 0.000 0.000 0.000 0.000 0.000 0.000 0.000 0.000 0.000 0.000 0.000 0.000 0.000
0.001 0.001 0.001 0.001 0.001 0.002 0.002 0.002 0.002 0.002 0.003 0.003 0.003 0.004 0.006 0.009 0.015 0.028 0.053 0.098 0.173 0.281 0.414 0.547 0.657 0.731 0.768 0.778 0.776 0.764 0.742 0.710 0.671 0.630 0.592 0.550 0.500 0.439 0.370 0.300 0.235 0.174 0.121 0.082 0.057 0.041 0.030 0.023 0.018 0.015 0.012 0.009 0.007 0.005 0.003 0.002 0.001 0.001 0.000 0.000 0.000 0.000 0.000 0.000 0.000 0.000 0.000 0.000 0.000 0.000 0.000 0.000 0.000 0.000 0.000 0.000 0.000
0.001 0.001 0.001 0.001 0.002 0.002 0.002 0.003 0.003 0.004 0.004 0.005 0.005 0.007 0.010 0.017 0.032 0.061 0.112 0.191 0.297 0.418 0.538 0.642 0.720 0.768 0.788 0.792 0.789 0.777 0.751 0.713 0.670 0.625 0.579 0.530 0.470 0.398 0.314 0.229 0.156 0.100 0.062 0.039 0.025 0.018 0.013 0.010 0.008 0.006 0.005 0.004 0.003 0.002 0.001 0.001 0.000 0.000 0.000 0.000 0.000 0.000 0.000 0.000 0.000 0.000 0.000 0.000 0.000 0.000 0.000 0.000 0.000 0.000 0.000 0.000 0.000
0.001 0.001 0.001 0.002 0.002 0.003 0.003 0.004 0.005 0.006 0.007 0.007 0.009 0.012 0.018 0.031 0.057 0.102 0.171 0.265 0.377 0.487 0.583 0.666 0.729 0.771 0.791 0.797 0.795 0.782 0.752 0.707 0.650 0.583 0.515 0.446 0.371 0.287 0.201 0.129 0.078 0.047 0.028 0.017 0.011 0.008 0.006 0.004 0.003 0.003 0.002 0.002 0.001 0.001 0.000 0.000 0.000 0.000 0.000 0.000 0.000 0.000 0.000 0.000 0.000 0.000 0.000 0.000 0.000 0.000 0.000 0.000 0.000 0.000 0.000 0.000 0.000
0.001 0.001 0.002 0.003 0.004 0.005 0.006 0.007 0.009 0.010 0.011 0.012 0.014 0.018 0.025 0.041 0.073 0.127 0.203 0.301 0.410 0.507 0.591 0.666 0.726 0.766 0.786 0.791 0.786 0.766 0.725 0.660 0.573 0.470 0.370 0.280 0.203 0.139 0.090 0.056 0.033 0.020 0.012 0.008 0.005 0.004 0.003 0.002 0.001 0.001 0.001 0.001 0.000 0.000 0.000 0.000 0.000 0.000 0.000 0.000 0.000 0.000 0.000 0.000 0.000 0.000 0.000 0.000 0.000 0.000 0.000 0.000 0.000 0.000 0.000 0.000 0.000
0.001 0.002 0.003 0.004 0.006 0.009 0.011 0.014 0.015 0.017 0.017 0.018 0.019 0.021 0.028 0.045 0.079 0.134 0.212 0.310 0.416 0.507 0.586 0.650 0.695 0.718 0.724 0.716 0.698 0.663 0.607 0.524 0.411 0.285 0.189 0.124 0.081 0.053 0.034 0.021 0.013 0.008 0.005 0.003 0.002 0.002 0.001 0.001 0.001 0.000 0.000 0.000 0.000 0.000 0.000 0.000 0.000 0.000 0.000 0.000 0.000 0.000 0.000 0.000 0.000 0.000 0.000 0.000 0.000 0.000 0.000 0.000 0.000 0.000 0.000 0.000 0.000
0.002 0.003 0.005 0.008 0.012 0.016 0.020 0.022 0.023 0.023 0.022 0.021 0.021 0.023 0.029 0.045 0.078 0.132 0.208 0.304 0.401 0.481 0.538 0.572 0.583 0.571 0.544 0.509 0.471 0.425 0.369 0.296 0.207 0.130 0.078 0.046 0.029 0.018 0.012 0.008 0.005 0.003 0.002 0.001 0.001 0.001 0.000 0.000 0.000 0.000 0.000 0.000 0.000 0.000 0.000 0.000 0.000 0.000 0.000 0.000 0.000 0.000 0.000 0.000 0.000 0.000 0.000 0.000 0.000 0.000 0.000 0.000 0.000 0.000 0.000 0.000 0.000
