RESULTS/r.avaflow_results/22_results/22_ascii/22_hflow30042.asc
ncols 506
nrows 317
xllcenter 498237.50
yllcenter 5580050.00
cellsize 12.50
NODATA_value -9999.000
[rows 170 to 203 of 317, columns 154 to 230 of 506]
9.060 8.984 8.880 8.750 8.590 8.419 8.265 8.131 8.011 7.896 7.781 7.661 7.518 7.311 6.979 6.486 5.848 5.119 4.359 3.614 2.915 2.283 1.746 1.325 1.022 0.824 0.712 0.669 0.667 0.684 0.719 0.761 0.789 0.808 0.824 0.845 0.882 0.920 0.935 0.931 0.912 0.880 0.846 0.811 0.769 0.712 0.633 0.536 0.446 0.362 0.287 0.229 0.188 0.159 0.141 0.131 0.128 0.129 0.134 0.140 0.144 0.148 0.150 0.152 0.153 0.156 0.165 0.188 0.243 0.360 0.522 0.625 0.657 0.645 0.576 0.434 0.283
11.337 11.561 11.675 11.703 11.677 11.608 11.498 11.360 11.208 11.049 10.887 10.724 10.549 10.322 9.965 9.403 8.626 7.673 6.612 5.518 4.470 3.512 2.685 2.024 1.539 1.208 1.001 0.891 0.850 0.850 0.874 0.904 0.917 0.920 0.917 0.917 0.926 0.940 0.942 0.928 0.895 0.847 0.796 0.745 0.685 0.603 0.488 0.362 0.259 0.190 0.147 0.120 0.103 0.093 0.088 0.087 0.089 0.095 0.101 0.106 0.108 0.108 0.108 0.108 0.108 0.110 0.117 0.134 0.175 0.257 0.403 0.548 0.619 0.637 0.621 0.555 0.422
13.917 14.536 14.879 15.003 15.004 14.944 14.824 14.666 14.487 14.297 14.101 13.904 13.705 13.469 13.123 12.561 11.724 10.631 9.357 7.989 6.610 5.289 4.095 3.098 2.328 1.770 1.384 1.140 1.010 0.955 0.940 0.943 0.943 0.938 0.925 0.913 0.909 0.904 0.891 0.856 0.792 0.711 0.634 0.558 0.474 0.371 0.262 0.178 0.126 0.095 0.077 0.067 0.061 0.059 0.059 0.061 0.065 0.073 0.079 0.082 0.082 0.082 0.081 0.080 0.080 0.081 0.086 0.099 0.127 0.183 0.289 0.446 0.571 0.624 0.634 0.615 0.546
15.763 16.724 17.295 17.560 17.645 17.647 17.587 17.485 17.350 17.185 16.991 16.783 16.572 16.337 16.012 15.485 14.688 13.621 12.340 10.898 9.339 7.724 6.124 4.702 3.532 2.617 1.939 1.473 1.186 1.029 0.957 0.931 0.916 0.900 0.876 0.846 0.817 0.788 0.748 0.675 0.564 0.452 0.363 0.293 0.230 0.169 0.119 0.085 0.065 0.052 0.045 0.042 0.040 0.040 0.041 0.044 0.050 0.057 0.062 0.064 0.064 0.064 0.063 0.062 0.062 0.063 0.067 0.076 0.094 0.131 0.200 0.329 0.495 0.599 0.632 0.632 0.605
16.710 17.897 18.700 19.186 19.473 19.646 19.740 19.764 19.722 19.621 19.453 19.236 19.008 18.770 18.469 17.993 17.260 16.256 15.018 13.604 12.045 10.340 8.478 6.584 4.918 3.560 2.528 1.804 1.340 1.072 0.936 0.869 0.824 0.784 0.739 0.683 0.626 0.566 0.493 0.398 0.297 0.222 0.172 0.135 0.105 0.079 0.059 0.046 0.038 0.033 0.030 0.029 0.029 0.030 0.031 0.034 0.039 0.046 0.050 0.052 0.052 0.051 0.051 0.051 0.051 0.052 0.056 0.062 0.074 0.097 0.141 0.227 0.384 0.542 0.613 0.629 0.620
16.920 18.208 19.191 19.917 20.461 20.868 21.156 21.321 21.371 21.337 21.201 20.962 20.711 20.481 20.215 19.812 19.183 18.291 17.127 15.712 14.085 12.257 10.200 7.929 5.857 4.167 2.885 1.993 1.421 1.079 0.880 0.755 0.662 0.578 0.497 0.422 0.362 0.310 0.256 0.197 0.145 0.109 0.084 0.067 0.053 0.042 0.034 0.029 0.026 0.024 0.023 0.023 0.023 0.024 0.025 0.028 0.032 0.037 0.040 0.042 0.043 0.043 0.043 0.044 0.045 0.046 0.049 0.054 0.062 0.077 0.106 0.162 0.274 0.442 0.562 0.607 0.611
16.775 18.110 19.187 20.049 20.768 21.354 21.776 22.035 22.150 22.158 22.045 21.777 21.514 21.315 21.093 20.758 20.230 19.457 18.389 16.995 15.301 13.343 11.111 8.600 6.282 4.410 3.010 2.049 1.435 1.046 0.787 0.601 0.456 0.345 0.266 0.214 0.181 0.154 0.127 0.098 0.075 0.058 0.046 0.038 0.031 0.026 0.023 0.021 0.020 0.019 0.019 0.019 0.019 0.020 0.021 0.023 0.026 0.030 0.033 0.035 0.037 0.038 0.039 0.040 0.041 0.043 0.045 0.049 0.055 0.065 0.085 0.123 0.195 0.325 0.471 0.554 0.583
16.252 17.685 18.906 19.916 20.743 21.389 21.836 22.107 22.240 22.261 22.159 21.877 21.610 21.437 21.244 20.939 20.457 19.750 18.754 17.403 15.686 13.649 11.320 8.714 6.322 4.400 2.975 2.004 1.370 0.944 0.644 0.427 0.280 0.189 0.136 0.107 0.090 0.078 0.065 0.052 0.042 0.035 0.029 0.025 0.021 0.019 0.017 0.016 0.016 0.016 0.016 0.016 0.016 0.017 0.018 0.019 0.021 0.024 0.027 0.030 0.032 0.034 0.035 0.037 0.038 0.040 0.042 0.046 0.050 0.058 0.073 0.098 0.146 0.228 0.354 0.467 0.531
15.373 16.925 18.296 19.464 20.405 21.090 21.523 21.762 21.866 21.878 21.774 21.506 21.235 21.048 20.842 20.530 20.065 19.409 18.475 17.167 15.462 13.397 11.002 8.355 5.986 4.093 2.703 1.762 1.147 0.729 0.440 0.258 0.156 0.100 0.071 0.056 0.048 0.042 0.036 0.031 0.026 0.023 0.020 0.018 0.016 0.015 0.014 0.013 0.013 0.013 0.014 0.014 0.014 0.015 0.015 0.016 0.018 0.020 0.022 0.025 0.027 0.030 0.032 0.034 0.036 0.038 0.041 0.043 0.048 0.054 0.064 0.083 0.114 0.168 0.252 0.359 0.450
14.219 15.858 17.325 18.581 19.580 20.283 20.703 20.894 20.936 20.897 20.776 20.575 20.323 20.048 19.731 19.344 18.858 18.225 17.345 16.080 14.373 12.257 9.795 7.244 5.047 3.323 2.076 1.246 0.730 0.416 0.233 0.134 0.082 0.054 0.040 0.033 0.029 0.026 0.023 0.021 0.018 0.017 0.015 0.014 0.013 0.012 0.011 0.011 0.011 0.011 0.011 0.012 0.012 0.012 0.013 0.014 0.015 0.016 0.018 0.020 0.023 0.026 0.029 0.031 0.034 0.036 0.039 0.042 0.045 0.050 0.059 0.073 0.095 0.132 0.188 0.265 0.354
12.815 14.455 15.944 17.227 18.257 18.992 19.427 19.584 19.567 19.454 19.341 19.244 19.039 18.645 18.138 17.613 17.053 16.376 15.441 14.093 12.267 10.009 7.546 5.279 3.445 2.084 1.164 0.618 0.332 0.183 0.106 0.066 0.044 0.032 0.025 0.022 0.020 0.018 0.016 0.015 0.014 0.013 0.012 0.011 0.010 0.010 0.009 0.009 0.009 0.009 0.009 0.010 0.010 0.010 0.011 0.012 0.012 0.014 0.015 0.017 0.019 0.022 0.025 0.028 0.031 0.034 0.037 0.040 0.043 0.048 0.055 0.067 0.084 0.111 0.151 0.205 0.273
11.163 12.690 14.162 15.480 16.589 17.422 17.929 18.109 18.084 17.961 17.869 17.799 17.587 17.101 16.441 15.764 15.064 14.208 13.009 11.332 9.121 6.674 4.487 2.856 1.725 0.967 0.499 0.249 0.132 0.077 0.050 0.035 0.026 0.021 0.018 0.016 0.015 0.013 0.013 0.012 0.011 0.010 0.009 0.009 0.008 0.008 0.008 0.008 0.008 0.008 0.008 0.008 0.008 0.009 0.009 0.010 0.010 0.011 0.012 0.014 0.016 0.019 0.022 0.025 0.029 0.032 0.035 0.038 0.041 0.046 0.053 0.064 0.079 0.101 0.131 0.170 0.220
9.346 10.685 12.105 13.481 14.704 15.670 16.295 16.559 16.576 16.487 16.367 16.203 15.874 15.305 14.568 13.759 12.853 11.666 9.987 7.735 5.370 3.413 2.049 1.188 0.668 0.357 0.182 0.095 0.056 0.037 0.027 0.022 0.018 0.015 0.013 0.012 0.011 0.010 0.010 0.009 0.009 0.008 0.007 0.007 0.007 0.006 0.006 0.006 0.006 0.006 0.006 0.006 0.007 0.007 0.007 0.008 0.008 0.009 0.010 0.011 0.013 0.015 0.018 0.022 0.025 0.029 0.033 0.036 0.040 0.045 0.052 0.063 0.078 0.097 0.122 0.151 0.188
7.643 8.724 9.944 11.269 12.528 13.564 14.280 14.638 14.712 14.641 14.411 14.026 13.484 12.796 11.983 11.031 9.852 8.222 6.089 3.998 2.419 1.340 0.708 0.383 0.214 0.119 0.067 0.041 0.028 0.022 0.018 0.015 0.013 0.011 0.010 0.009 0.009 0.008 0.008 0.007 0.007 0.006 0.006 0.006 0.005 0.005 0.005 0.005 0.005 0.005 0.005 0.005 0.006 0.006 0.006 0.006 0.007 0.007 0.008 0.009 0.011 0.013 0.015 0.018 0.022 0.026 0.030 0.034 0.039 0.045 0.052 0.063 0.078 0.096 0.118 0.142 0.171
6.030 6.811 7.713 8.748 9.792 10.679 11.335 11.707 11.812 11.738 11.408 10.808 9.996 9.068 8.092 7.011 5.716 4.189 2.672 1.521 0.788 0.391 0.204 0.117 0.072 0.046 0.031 0.022 0.018 0.015 0.013 0.011 0.010 0.009 0.008 0.007 0.007 0.006 0.006 0.005 0.005 0.005 0.005 0.004 0.004 0.004 0.004 0.004 0.004 0.004 0.005 0.005 0.005 0.005 0.005 0.005 0.005 0.006 0.006 0.007 0.009 0.010 0.013 0.016 0.019 0.023 0.028 0.032 0.038 0.044 0.053 0.064 0.079 0.096 0.117 0.139 0.165
4.452 4.872 5.326 5.833 6.357 6.837 7.230 7.477 7.557 7.497 7.179 6.549 5.701 4.809 3.998 3.221 2.394 1.520 0.831 0.411 0.201 0.109 0.066 0.044 0.031 0.023 0.018 0.015 0.012 0.011 0.009 0.008 0.007 0.007 0.006 0.005 0.005 0.005 0.004 0.004 0.004 0.004 0.004 0.003 0.003 0.003 0.004 0.004 0.004 0.004 0.004 0.004 0.004 0.004 0.004 0.004 0.004 0.004 0.005 0.006 0.007 0.008 0.011 0.013 0.017 0.021 0.026 0.031 0.037 0.044 0.053 0.065 0.079 0.096 0.117 0.139 0.164
2.959 3.077 3.207 3.339 3.452 3.550 3.633 3.683 3.688 3.640 3.456 3.086 2.530 1.936 1.467 1.077 0.712 0.402 0.205 0.105 0.061 0.040 0.029 0.023 0.018 0.015 0.012 0.011 0.009 0.008 0.007 0.006 0.005 0.005 0.004 0.004 0.004 0.003 0.003 0.003 0.003 0.003 0.003 0.003 0.003 0.003 0.003 0.004 0.004 0.004 0.004 0.004 0.004 0.003 0.003 0.003 0.003 0.003 0.004 0.004 0.005 0.007 0.009 0.011 0.015 0.019 0.024 0.029 0.036 0.043 0.053 0.064 0.079 0.096 0.116 0.139 0.166
1.716 1.680 1.662 1.636 1.587 1.523 1.471 1.431 1.394 1.346 1.253 1.086 0.835 0.583 0.410 0.284 0.180 0.104 0.059 0.038 0.027 0.021 0.017 0.015 0.012 0.011 0.009 0.008 0.007 0.006 0.005 0.004 0.004 0.003 0.003 0.003 0.003 0.003 0.002 0.002 0.002 0.002 0.002 0.003 0.003 0.003 0.003 0.004 0.004 0.004 0.004 0.004 0.003 0.003 0.002 0.002 0.002 0.002 0.003 0.003 0.004 0.005 0.007 0.009 0.013 0.017 0.022 0.027 0.034 0.042 0.052 0.063 0.077 0.094 0.115 0.141 0.172
0.853 0.786 0.735 0.687 0.631 0.563 0.506 0.462 0.428 0.397 0.361 0.308 0.232 0.159 0.112 0.079 0.054 0.037 0.026 0.020 0.016 0.014 0.012 0.010 0.009 0.008 0.006 0.005 0.005 0.004 0.004 0.003 0.003 0.003 0.002 0.002 0.002 0.002 0.002 0.002 0.002 0.002 0.002 0.002 0.003 0.003 0.004 0.004 0.004 0.005 0.004 0.004 0.003 0.002 0.002 0.002 0.002 0.002 0.002 0.002 0.003 0.004 0.005 0.007 0.010 0.014 0.019 0.025 0.032 0.040 0.049 0.060 0.073 0.090 0.113 0.142 0.177
0.361 0.322 0.293 0.266 0.237 0.201 0.170 0.147 0.131 0.118 0.105 0.091 0.071 0.052 0.040 0.031 0.024 0.019 0.016 0.013 0.011 0.010 0.009 0.007 0.006 0.005 0.005 0.004 0.003 0.003 0.003 0.002 0.002 0.002 0.002 0.002 0.002 0.002 0.002 0.002 0.002 0.002 0.002 0.003 0.003 0.004 0.005 0.005 0.005 0.005 0.005 0.004 0.003 0.002 0.002 0.001 0.001 0.001 0.001 0.001 0.002 0.002 0.004 0.006 0.008 0.012 0.016 0.022 0.028 0.035 0.043 0.053 0.065 0.082 0.105 0.137 0.175
0.140 0.125 0.113 0.101 0.089 0.073 0.061 0.052 0.046 0.042 0.038 0.034 0.030 0.025 0.021 0.017 0.015 0.013 0.011 0.010 0.008 0.007 0.006 0.005 0.004 0.004 0.003 0.003 0.002 0.002 0.002 0.002 0.002 0.002 0.002 0.002 0.002 0.002 0.002 0.002 0.003 0.003 0.003 0.004 0.005 0.006 0.006 0.007 0.007 0.006 0.005 0.003 0.002 0.002 0.001 0.001 0.001 0.000 0.000 0.000 0.001 0.001 0.003 0.004 0.006 0.009 0.013 0.017 0.022 0.028 0.035 0.043 0.053 0.067 0.088 0.119 0.158
0.055 0.050 0.045 0.041 0.036 0.031 0.027 0.024 0.022 0.021 0.020 0.018 0.017 0.016 0.014 0.012 0.011 0.009 0.008 0.007 0.006 0.005 0.004 0.004 0.003 0.003 0.002 0.002 0.002 0.002 0.002 0.002 0.002 0.002 0.002 0.002 0.002 0.003 0.003 0.004 0.004 0.005 0.006 0.006 0.007 0.008 0.008 0.008 0.007 0.006 0.004 0.003 0.002 0.001 0.001 0.001 0.000 0.000 0.000 0.000 0.000 0.001 0.002 0.003 0.004 0.006 0.009 0.012 0.016 0.021 0.025 0.031 0.038 0.047 0.062 0.086 0.121
0.024 0.023 0.021 0.020 0.018 0.017 0.015 0.014 0.013 0.013 0.013 0.012 0.012 0.011 0.010 0.009 0.008 0.007 0.006 0.005 0.004 0.003 0.003 0.003 0.002 0.002 0.002 0.002 0.002 0.002 0.002 0.002 0.003 0.003 0.003 0.004 0.004 0.005 0.006 0.006 0.007 0.007 0.008 0.008 0.008 0.008 0.008 0.008 0.007 0.005 0.004 0.003 0.002 0.001 0.001 0.000 0.000 0.000 0.000 0.000 0.000 0.000 0.001 0.002 0.003 0.004 0.006 0.009 0.012 0.015 0.018 0.022 0.026 0.032 0.040 0.054 0.076
0.013 0.013 0.012 0.012 0.012 0.011 0.010 0.010 0.010 0.009 0.009 0.009 0.009 0.008 0.008 0.007 0.006 0.005 0.004 0.003 0.003 0.002 0.002 0.002 0.002 0.002 0.002 0.003 0.003 0.003 0.004 0.004 0.005 0.005 0.006 0.007 0.008 0.009 0.009 0.009 0.009 0.009 0.009 0.009 0.009 0.008 0.008 0.008 0.007 0.005 0.003 0.002 0.001 0.001 0.001 0.000 0.000 0.000 0.000 0.000 0.000 0.000 0.000 0.001 0.002 0.003 0.004 0.006 0.008 0.011 0.013 0.016 0.019 0.022 0.027 0.035 0.046
0.009 0.008 0.008 0.008 0.008 0.008 0.008 0.007 0.007 0.007 0.007 0.007 0.006 0.006 0.005 0.005 0.004 0.003 0.003 0.002 0.002 0.002 0.002 0.002 0.003 0.003 0.004 0.004 0.005 0.006 0.007 0.008 0.009 0.010 0.011 0.011 0.011 0.011 0.011 0.010 0.010 0.009 0.009 0.008 0.008 0.008 0.008 0.007 0.006 0.004 0.003 0.002 0.001 0.001 0.000 0.000 0.000 0.000 0.000 0.000 0.000 0.000 0.000 0.000 0.001 0.002 0.003 0.004 0.006 0.007 0.009 0.011 0.014 0.016 0.020 0.024 0.030
0.006 0.006 0.006 0.006 0.006 0.006 0.006 0.006 0.006 0.005 0.005 0.005 0.005 0.004 0.004 0.003 0.003 0.002 0.002 0.002 0.002 0.002 0.003 0.003 0.004 0.005 0.007 0.009 0.011 0.012 0.013 0.014 0.014 0.014 0.014 0.014 0.013 0.012 0.012 0.011 0.010 0.009 0.008 0.008 0.007 0.007 0.006 0.005 0.004 0.003 0.002 0.001 0.001 0.000 0.000 0.000 0.000 0.000 0.000 0.000 0.000 0.000 0.000 0.000 0.000 0.001 0.001 0.002 0.004 0.005 0.006 0.008 0.010 0.012 0.014 0.017 0.021
0.005 0.005 0.005 0.005 0.005 0.005 0.005 0.004 0.004 0.004 0.004 0.004 0.003 0.003 0.003 0.002 0.002 0.002 0.002 0.002 0.002 0.003 0.004 0.006 0.008 0.011 0.014 0.016 0.017 0.017 0.017 0.016 0.016 0.016 0.015 0.014 0.014 0.013 0.011 0.010 0.009 0.008 0.007 0.006 0.005 0.005 0.004 0.003 0.002 0.002 0.001 0.001 0.001 0.000 0.000 0.000 0.000 0.000 0.000 0.000 0.000 0.000 0.000 0.000 0.000 0.000 0.001 0.001 0.002 0.003 0.004 0.006 0.007 0.009 0.011 0.013 0.016
0.004 0.004 0.004 0.004 0.004 0.004 0.003 0.003 0.003 0.003 0.003 0.003 0.002 0.002 0.002 0.002 0.001 0.002 0.002 0.003 0.004 0.005 0.008 0.011 0.014 0.017 0.019 0.020 0.020 0.019 0.018 0.017 0.016 0.016 0.015 0.014 0.013 0.012 0.011 0.010 0.008 0.007 0.005 0.004 0.003 0.003 0.002 0.002 0.001 0.001 0.001 0.000 0.000 0.000 0.000 0.000 0.000 0.000 0.000 0.000 0.000 0.000 0.000 0.000 0.000 0.000 0.000 0.000 0.001 0.002 0.003 0.004 0.005 0.006 0.008 0.010 0.012
0.003 0.003 0.003 0.003 0.003 0.003 0.003 0.002 0.002 0.002 0.002 0.002 0.002 0.001 0.001 0.001 0.001 0.002 0.003 0.004 0.007 0.010 0.013 0.016 0.018 0.020 0.021 0.021 0.020 0.020 0.019 0.017 0.016 0.016 0.015 0.014 0.013 0.011 0.010 0.008 0.006 0.004 0.003 0.002 0.002 0.001 0.001 0.001 0.001 0.001 0.000 0.000 0.000 0.000 0.000 0.000 0.000 0.000 0.000 0.000 0.000 0.000 0.000 0.000 0.000 0.000 0.000 0.000 0.000 0.001 0.001 0.002 0.003 0.004 0.005 0.007 0.009
0.002 0.002 0.002 0.002 0.002 0.002 0.002 0.002 0.002 0.002 0.001 0.001 0.001 0.001 0.001 0.001 0.002 0.003 0.005 0.007 0.010 0.013 0.016 0.018 0.020 0.021 0.021 0.021 0.021 0.020 0.019 0.017 0.016 0.015 0.014 0.013 0.011 0.009 0.007 0.005 0.004 0.002 0.002 0.001 0.001 0.001 0.001 0.001 0.001 0.000 0.000 0.000 0.000 0.000 0.000 0.000 0.000 0.000 0.000 0.000 0.000 0.000 0.000 0.000 0.000 0.000 0.000 0.000 0.000 0.000 0.001 0.001 0.002 0.003 0.004 0.005 0.006
0.002 0.002 0.002 0.002 0.002 0.001 0.001 0.001 0.001 0.001 0.001 0.001 0.001 0.001 0.001 0.002 0.003 0.004 0.006 0.009 0.012 0.014 0.016 0.018 0.020 0.020 0.021 0.021 0.020 0.019 0.018 0.016 0.014 0.013 0.011 0.009 0.007 0.006 0.004 0.003 0.002 0.001 0.001 0.001 0.001 0.001 0.001 0.000 0.000 0.000 0.000 0.000 0.000 0.000 0.000 0.000 0.000 0.000 0.000 0.000 0.000 0.000 0.000 0.000 0.000 0.000 0.000 0.000 0.000 0.000 0.000 0.000 0.001 0.001 0.002 0.003 0.004
0.001 0.001 0.001 0.001 0.001 0.001 0.001 0.001 0.001 0.001 0.001 0.001 0.001 0.001 0.002 0.002 0.003 0.005 0.007 0.010 0.012 0.014 0.016 0.018 0.019 0.020 0.020 0.020 0.019 0.018 0.016 0.014 0.011 0.009 0.007 0.005 0.004 0.003 0.002 0.001 0.001 0.001 0.001 0.001 0.001 0.000 0.000 0.000 0.000 0.000 0.000 0.000 0.000 0.000 0.000 0.000 0.000 0.000 0.000 0.000 0.000 0.000 0.000 0.000 0.000 0.000 0.000 0.000 0.000 0.000 0.000 0.000 0.000 0.000 0.001 0.002 0.002
0.001 0.001 0.001 0.001 0.001 0.001 0.001 0.001 0.001 0.001 0.001 0.001 0.001 0.001 0.002 0.002 0.003 0.005 0.007 0.010 0.012 0.014 0.016 0.017 0.017 0.017 0.017 0.016 0.015 0.014 0.012 0.010 0.007 0.005 0.003 0.002 0.002 0.001 0.001 0.001 0.001 0.001 0.000 0.000 0.000 0.000 0.000 0.000 0.000 0.000 0.000 0.000 0.000 0.000 0.000 0.000 0.000 0.000 0.000 0.000 0.000 0.000 0.000 0.000 0.000 0.000 0.000 0.000 0.000 0.000 0.000 0.000 0.000 0.000 0.000 0.001 0.001
0.001 0.001 0.001 0.001 0.001 0.001 0.001 0.001 0.001 0.001 0.001 0.001 0.001 0.001 0.002 0.002 0.003 0.005 0.007 0.009 0.011 0.012 0.013 0.013 0.013 0.012 0.011 0.010 0.009 0.008 0.006 0.005 0.003 0.002 0.001 0.001 0.001 0.001 0.001 0.001 0.000 0.000 0.000 0.000 0.000 0.000 0.000 0.000 0.000 0.000 0.000 0.000 0.000 0.000 0.000 0.000 0.000 0.000 0.000 0.000 0.000 0.000 0.000 0.000 0.000 0.000 0.000 0.000 0.000 0.000 0.000 0.000 0.000 0.000 0.000 0.000 0.000
