RESULTS/r.avaflow_results/22_results/22_ascii/22_hflow0028.asc
ncols 506
nrows 317
xllcenter 498237.50
yllcenter 5580050.00
cellsize 12.50
NODATA_value -9999.000
[rows 170 to 203 of 317, columns 77 to 153 of 506]
0.000 0.000 0.000 0.000 0.000 0.000 0.000 0.000 0.000 0.000 0.000 0.001 0.002 0.005 0.008 0.012 0.016 0.021 0.027 0.034 0.044 0.061 0.093 0.148 0.232 0.337 0.423 0.488 0.537 0.573 0.593 0.601 0.601 0.595 0.579 0.555 0.529 0.504 0.475 0.443 0.417 0.405 0.415 0.494 0.721 1.125 1.658 2.263 2.939 3.752 4.818 6.167 7.523 8.570 9.219 9.551 9.803 10.137 10.566 11.096 11.732 12.399 13.010 13.521 13.807 13.893 13.894 13.834 13.666 13.389 13.075 12.766 12.475 12.224 12.012 11.800 11.560
0.000 0.000 0.000 0.000 0.000 0.000 0.000 0.000 0.000 0.001 0.002 0.004 0.007 0.012 0.018 0.026 0.035 0.045 0.056 0.071 0.090 0.121 0.171 0.247 0.351 0.460 0.545 0.611 0.661 0.694 0.711 0.716 0.713 0.700 0.676 0.656 0.641 0.622 0.595 0.564 0.548 0.555 0.632 0.884 1.390 2.110 2.922 3.770 4.699 5.725 6.806 7.895 8.803 9.411 9.711 9.852 10.038 10.334 10.735 11.237 11.831 12.442 13.009 13.502 13.778 13.842 13.784 13.658 13.480 13.302 13.134 13.003 12.967 13.040 13.194 13.387 13.614
0.000 0.000 0.000 0.000 0.000 0.000 0.000 0.000 0.001 0.002 0.004 0.008 0.015 0.023 0.034 0.047 0.062 0.079 0.100 0.125 0.158 0.206 0.277 0.372 0.485 0.589 0.673 0.741 0.789 0.817 0.829 0.831 0.822 0.795 0.762 0.746 0.740 0.734 0.720 0.707 0.721 0.805 1.067 1.632 2.515 3.553 4.570 5.572 6.560 7.495 8.343 9.037 9.501 9.727 9.792 9.873 10.060 10.343 10.721 11.198 11.750 12.321 12.875 13.358 13.620 13.654 13.551 13.436 13.357 13.324 13.351 13.471 13.690 13.990 14.376 14.902 15.640
0.000 0.000 0.000 0.000 0.000 0.000 0.000 0.000 0.001 0.004 0.008 0.015 0.025 0.038 0.054 0.073 0.096 0.123 0.155 0.194 0.245 0.312 0.402 0.512 0.626 0.727 0.811 0.875 0.919 0.941 0.947 0.945 0.927 0.884 0.840 0.821 0.818 0.823 0.841 0.878 0.981 1.261 1.857 2.847 4.131 5.344 6.346 7.229 8.048 8.770 9.336 9.683 9.818 9.806 9.770 9.836 10.006 10.259 10.600 11.026 11.524 12.059 12.594 13.051 13.298 13.335 13.273 13.257 13.307 13.435 13.629 13.882 14.198 14.594 15.127 15.901 17.011
0.000 0.000 0.000 0.000 0.000 0.000 0.000 0.000 0.002 0.005 0.011 0.020 0.032 0.048 0.070 0.097 0.130 0.170 0.217 0.273 0.342 0.429 0.535 0.657 0.774 0.875 0.957 1.015 1.050 1.064 1.066 1.058 1.030 0.968 0.908 0.881 0.876 0.887 0.938 1.067 1.365 1.989 3.060 4.536 5.949 7.017 7.838 8.521 9.101 9.551 9.836 9.939 9.899 9.774 9.707 9.753 9.885 10.095 10.383 10.749 11.183 11.659 12.147 12.570 12.828 12.946 12.999 13.105 13.270 13.484 13.737 14.039 14.401 14.869 15.520 16.450 17.724
0.000 0.000 0.000 0.000 0.000 0.000 0.000 0.000 0.002 0.006 0.012 0.022 0.036 0.056 0.082 0.115 0.158 0.211 0.276 0.353 0.443 0.550 0.677 0.813 0.934 1.034 1.109 1.158 1.183 1.190 1.188 1.173 1.133 1.052 0.967 0.927 0.919 0.931 1.001 1.210 1.737 2.797 4.420 6.164 7.463 8.363 8.976 9.414 9.736 9.929 9.999 9.971 9.861 9.701 9.609 9.610 9.691 9.851 10.086 10.388 10.751 11.154 11.568 11.953 12.257 12.494 12.690 12.910 13.163 13.428 13.707 14.029 14.411 14.916 15.628 16.609 17.892
0.000 0.000 0.000 0.000 0.000 0.000 0.000 0.000 0.002 0.006 0.013 0.023 0.039 0.060 0.089 0.128 0.179 0.244 0.326 0.426 0.544 0.681 0.835 0.983 1.106 1.200 1.264 1.302 1.318 1.320 1.314 1.291 1.237 1.137 1.023 0.964 0.950 0.961 1.034 1.280 1.953 3.355 5.460 7.375 8.631 9.375 9.758 9.946 10.046 10.053 10.005 9.906 9.760 9.585 9.465 9.411 9.434 9.538 9.715 9.954 10.240 10.564 10.901 11.245 11.589 11.930 12.251 12.544 12.844 13.139 13.439 13.780 14.182 14.714 15.468 16.471 17.728
0.000 0.000 0.000 0.000 0.000 0.000 0.000 0.000 0.002 0.006 0.013 0.023 0.039 0.062 0.093 0.135 0.191 0.266 0.364 0.488 0.640 0.816 0.997 1.155 1.279 1.367 1.422 1.449 1.457 1.457 1.446 1.412 1.343 1.225 1.080 0.996 0.971 0.978 1.047 1.297 2.031 3.654 6.136 8.232 9.472 10.049 10.222 10.235 10.169 10.059 9.934 9.786 9.607 9.416 9.265 9.164 9.124 9.163 9.274 9.444 9.651 9.897 10.163 10.461 10.803 11.181 11.562 11.887 12.197 12.494 12.797 13.141 13.546 14.095 14.876 15.905 17.159
0.000 0.000 0.000 0.000 0.000 0.000 0.000 0.000 0.002 0.006 0.012 0.023 0.039 0.062 0.094 0.137 0.196 0.277 0.388 0.536 0.722 0.941 1.144 1.311 1.438 1.525 1.575 1.597 1.602 1.598 1.581 1.537 1.455 1.318 1.141 1.027 0.984 0.984 1.046 1.293 2.030 3.753 6.502 8.777 9.996 10.424 10.465 10.369 10.192 9.996 9.807 9.612 9.398 9.185 9.001 8.857 8.764 8.736 8.771 8.859 8.988 9.146 9.332 9.562 9.854 10.206 10.582 10.909 11.203 11.480 11.774 12.112 12.528 13.102 13.906 14.957 16.233
0.000 0.000 0.000 0.000 0.000 0.000 0.000 0.000 0.001 0.005 0.011 0.021 0.036 0.060 0.092 0.136 0.196 0.279 0.397 0.561 0.781 1.048 1.278 1.453 1.583 1.671 1.720 1.739 1.743 1.739 1.717 1.665 1.571 1.419 1.210 1.060 0.993 0.984 1.035 1.268 1.989 3.733 6.622 9.050 10.266 10.595 10.573 10.398 10.148 9.884 9.633 9.385 9.130 8.887 8.671 8.489 8.353 8.273 8.246 8.259 8.303 8.367 8.459 8.593 8.787 9.044 9.350 9.642 9.904 10.161 10.449 10.799 11.261 11.896 12.737 13.796 15.074
0.000 0.000 0.000 0.000 0.000 0.000 0.000 0.000 0.001 0.004 0.008 0.017 0.030 0.052 0.083 0.127 0.187 0.272 0.391 0.562 0.803 1.120 1.398 1.586 1.716 1.803 1.853 1.873 1.877 1.872 1.848 1.793 1.691 1.526 1.292 1.100 1.003 0.980 1.013 1.217 1.894 3.614 6.562 9.109 10.362 10.655 10.591 10.356 10.043 9.713 9.398 9.093 8.799 8.529 8.286 8.073 7.902 7.778 7.695 7.643 7.610 7.591 7.598 7.644 7.747 7.909 8.122 8.363 8.603 8.860 9.155 9.518 10.002 10.652 11.488 12.518 13.749
0.000 0.000 0.000 0.000 0.000 0.000 0.000 0.000 0.001 0.002 0.005 0.010 0.019 0.036 0.062 0.101 0.156 0.235 0.350 0.523 0.778 1.135 1.485 1.707 1.837 1.922 1.973 1.995 1.999 1.995 1.972 1.916 1.812 1.642 1.395 1.157 1.022 0.981 0.997 1.153 1.747 3.359 6.292 8.990 10.343 10.650 10.547 10.242 9.859 9.464 9.087 8.731 8.411 8.119 7.855 7.618 7.416 7.250 7.119 7.011 6.912 6.821 6.746 6.715 6.749 6.851 7.014 7.223 7.454 7.711 8.006 8.365 8.827 9.421 10.176 11.115 12.240
0.000 0.000 0.000 0.000 0.000 0.000 0.000 0.000 0.000 0.001 0.002 0.004 0.009 0.017 0.032 0.057 0.097 0.157 0.252 0.410 0.669 1.068 1.512 1.801 1.947 2.027 2.076 2.101 2.107 2.104 2.085 2.034 1.935 1.772 1.527 1.249 1.069 0.998 1.000 1.110 1.577 2.981 5.774 8.606 10.111 10.505 10.393 10.031 9.569 9.101 8.679 8.299 7.959 7.654 7.378 7.125 6.896 6.694 6.519 6.360 6.207 6.048 5.903 5.817 5.806 5.872 6.009 6.199 6.419 6.664 6.945 7.285 7.700 8.205 8.826 9.602 10.562
0.000 0.000 0.000 0.000 0.000 0.000 0.000 0.000 0.000 0.000 0.001 0.002 0.003 0.006 0.012 0.023 0.041 0.071 0.125 0.237 0.469 0.888 1.444 1.842 2.035 2.116 2.162 2.189 2.198 2.197 2.184 2.144 2.061 1.915 1.690 1.396 1.167 1.052 1.032 1.102 1.447 2.571 5.051 7.910 9.537 10.059 10.009 9.670 9.166 8.638 8.174 7.775 7.434 7.130 6.851 6.591 6.345 6.115 5.901 5.697 5.492 5.288 5.124 5.021 4.983 5.015 5.116 5.275 5.475 5.702 5.955 6.253 6.606 7.025 7.536 8.181 8.987
0.000 0.000 0.000 0.000 0.000 0.000 0.000 0.000 0.000 0.000 0.000 0.001 0.001 0.002 0.004 0.008 0.014 0.026 0.050 0.107 0.256 0.621 1.246 1.797 2.080 2.185 2.231 2.259 2.273 2.275 2.267 2.240 2.180 2.068 1.883 1.608 1.339 1.178 1.125 1.157 1.400 2.233 4.206 6.900 8.596 9.250 9.304 9.069 8.600 8.046 7.548 7.138 6.814 6.536 6.272 6.015 5.767 5.521 5.278 5.039 4.803 4.592 4.428 4.319 4.267 4.275 4.339 4.455 4.618 4.815 5.033 5.274 5.558 5.907 6.342 6.885 7.542
0.000 0.000 0.000 0.000 0.000 0.000 0.000 0.000 0.000 0.000 0.000 0.000 0.001 0.001 0.001 0.003 0.005 0.009 0.019 0.045 0.125 0.369 0.925 1.627 2.051 2.224 2.282 2.313 2.331 2.337 2.335 2.319 2.280 2.205 2.075 1.866 1.602 1.408 1.323 1.322 1.476 2.051 3.442 5.653 7.325 8.110 8.269 8.154 7.810 7.320 6.801 6.364 6.050 5.821 5.611 5.395 5.171 4.930 4.678 4.420 4.172 3.963 3.802 3.692 3.634 3.626 3.663 3.739 3.855 4.007 4.179 4.366 4.586 4.871 5.241 5.684 6.167
0.000 0.000 0.000 0.000 0.000 0.000 0.000 0.000 0.000 0.000 0.000 0.000 0.000 0.001 0.001 0.001 0.002 0.003 0.008 0.020 0.060 0.196 0.587 1.291 1.906 2.209 2.312 2.353 2.376 2.386 2.387 2.380 2.358 2.310 2.225 2.091 1.906 1.746 1.650 1.622 1.686 2.034 2.950 4.538 5.966 6.732 6.958 6.933 6.751 6.414 5.956 5.477 5.126 4.930 4.810 4.693 4.544 4.341 4.097 3.835 3.589 3.389 3.234 3.126 3.065 3.049 3.069 3.115 3.189 3.289 3.407 3.542 3.701 3.915 4.206 4.527 4.793
0.000 0.000 0.000 0.000 0.000 0.000 0.000 0.000 0.000 0.000 0.000 0.000 0.000 0.000 0.000 0.001 0.001 0.001 0.003 0.010 0.029 0.097 0.322 0.862 1.596 2.099 2.311 2.379 2.410 2.424 2.427 2.425 2.412 2.381 2.326 2.239 2.130 2.044 1.993 1.976 1.996 2.170 2.712 3.773 4.885 5.515 5.725 5.733 5.650 5.457 5.149 4.727 4.308 4.046 3.931 3.882 3.833 3.720 3.520 3.271 3.037 2.851 2.710 2.607 2.544 2.520 2.531 2.558 2.597 2.647 2.709 2.786 2.879 3.004 3.175 3.318 3.365
0.000 0.000 0.000 0.000 0.000 0.000 0.000 0.000 0.000 0.000 0.000 0.000 0.000 0.000 0.000 0.000 0.001 0.001 0.002 0.005 0.015 0.048 0.159 0.481 1.133 1.839 2.233 2.386 2.437 2.455 2.459 2.458 2.447 2.424 2.383 2.324 2.266 2.229 2.212 2.213 2.241 2.347 2.650 3.301 4.101 4.581 4.760 4.788 4.759 4.650 4.438 4.110 3.693 3.357 3.177 3.098 3.059 3.016 2.906 2.715 2.502 2.335 2.210 2.115 2.048 2.018 2.019 2.032 2.044 2.050 2.058 2.071 2.083 2.093 2.094 2.049 1.944
0.000 0.000 0.000 0.000 0.000 0.000 0.000 0.000 0.000 0.000 0.000 0.000 0.000 0.000 0.000 0.000 0.000 0.001 0.001 0.003 0.008 0.025 0.078 0.246 0.678 1.401 2.013 2.325 2.443 2.477 2.483 2.482 2.468 2.443 2.406 2.365 2.336 2.323 2.321 2.332 2.368 2.456 2.649 3.037 3.563 3.894 4.027 4.055 4.045 3.975 3.816 3.561 3.209 2.850 2.602 2.459 2.372 2.303 2.227 2.114 1.956 1.809 1.698 1.612 1.549 1.515 1.506 1.504 1.493 1.463 1.418 1.365 1.298 1.219 1.125 1.016 0.897
0.000 0.000 0.000 0.000 0.000 0.000 0.000 0.000 0.000 0.000 0.000 0.000 0.000 0.000 0.000 0.000 0.000 0.000 0.001 0.002 0.005 0.014 0.041 0.125 0.372 0.911 1.614 2.121 2.378 2.477 2.498 2.497 2.480 2.448 2.410 2.378 2.361 2.356 2.357 2.372 2.409 2.487 2.629 2.869 3.181 3.381 3.463 3.477 3.462 3.398 3.267 3.063 2.782 2.454 2.176 1.974 1.829 1.712 1.604 1.488 1.361 1.238 1.139 1.064 1.012 0.981 0.964 0.949 0.923 0.881 0.822 0.752 0.672 0.586 0.502 0.426 0.361
0.000 0.000 0.000 0.000 0.000 0.000 0.000 0.000 0.000 0.000 0.000 0.000 0.000 0.000 0.000 0.000 0.000 0.000 0.001 0.001 0.003 0.009 0.024 0.069 0.201 0.530 1.115 1.752 2.178 2.403 2.489 2.500 2.483 2.445 2.404 2.376 2.362 2.359 2.360 2.375 2.409 2.474 2.575 2.714 2.866 2.960 2.994 2.992 2.962 2.895 2.780 2.611 2.381 2.097 1.826 1.599 1.413 1.256 1.115 0.984 0.864 0.760 0.674 0.609 0.564 0.537 0.515 0.493 0.465 0.431 0.387 0.337 0.283 0.234 0.196 0.167 0.143
0.000 0.000 0.000 0.000 0.000 0.000 0.000 0.000 0.000 0.000 0.000 0.000 0.000 0.000 0.000 0.000 0.000 0.000 0.000 0.001 0.002 0.006 0.016 0.044 0.119 0.311 0.698 1.285 1.843 2.210 2.404 2.471 2.467 2.426 2.379 2.354 2.343 2.340 2.341 2.352 2.376 2.415 2.467 2.524 2.566 2.583 2.578 2.556 2.515 2.447 2.345 2.198 2.000 1.753 1.498 1.274 1.077 0.903 0.748 0.613 0.502 0.415 0.348 0.299 0.266 0.244 0.226 0.208 0.190 0.170 0.148 0.127 0.106 0.091 0.079 0.069 0.061
0.000 0.000 0.000 0.000 0.000 0.000 0.000 0.000 0.000 0.000 0.000 0.000 0.000 0.000 0.000 0.000 0.000 0.000 0.000 0.001 0.002 0.005 0.012 0.032 0.082 0.200 0.453 0.879 1.430 1.904 2.205 2.353 2.387 2.362 2.316 2.293 2.283 2.279 2.277 2.280 2.287 2.291 2.291 2.280 2.254 2.223 2.188 2.148 2.102 2.039 1.947 1.816 1.637 1.412 1.173 0.960 0.772 0.607 0.467 0.352 0.264 0.201 0.159 0.131 0.113 0.100 0.090 0.080 0.072 0.064 0.057 0.050 0.045 0.041 0.037 0.034 0.030
0.000 0.000 0.000 0.000 0.000 0.000 0.000 0.000 0.000 0.000 0.000 0.000 0.000 0.000 0.000 0.000 0.000 0.000 0.000 0.001 0.001 0.004 0.011 0.027 0.064 0.147 0.319 0.617 1.046 1.527 1.903 2.127 2.214 2.218 2.193 2.174 2.166 2.159 2.153 2.144 2.128 2.096 2.046 1.982 1.919 1.861 1.808 1.757 1.705 1.646 1.563 1.443 1.274 1.052 0.823 0.634 0.480 0.354 0.253 0.177 0.125 0.091 0.070 0.058 0.049 0.043 0.038 0.034 0.031 0.028 0.026 0.025 0.023 0.022 0.021 0.019 0.018
0.000 0.000 0.000 0.000 0.000 0.000 0.000 0.000 0.000 0.000 0.000 0.000 0.000 0.000 0.000 0.000 0.000 0.000 0.000 0.001 0.001 0.004 0.010 0.024 0.054 0.116 0.239 0.451 0.760 1.156 1.529 1.800 1.943 1.984 1.989 1.983 1.978 1.971 1.959 1.938 1.898 1.832 1.735 1.629 1.549 1.488 1.431 1.372 1.308 1.239 1.152 1.030 0.860 0.654 0.476 0.342 0.241 0.165 0.111 0.075 0.053 0.039 0.031 0.026 0.023 0.020 0.018 0.017 0.016 0.015 0.015 0.015 0.014 0.014 0.014 0.013 0.012
0.000 0.000 0.000 0.000 0.000 0.000 0.000 0.000 0.000 0.000 0.000 0.000 0.000 0.000 0.000 0.000 0.000 0.000 0.000 0.001 0.002 0.004 0.011 0.022 0.044 0.089 0.177 0.328 0.553 0.850 1.165 1.415 1.585 1.670 1.704 1.716 1.717 1.712 1.696 1.664 1.603 1.508 1.381 1.260 1.176 1.113 1.054 0.991 0.918 0.833 0.733 0.616 0.474 0.331 0.222 0.145 0.094 0.060 0.040 0.028 0.021 0.016 0.014 0.012 0.011 0.010 0.010 0.010 0.010 0.010 0.010 0.010 0.010 0.010 0.010 0.010 0.009
0.000 0.000 0.000 0.000 0.000 0.000 0.000 0.000 0.000 0.000 0.000 0.000 0.000 0.000 0.000 0.000 0.000 0.000 0.001 0.001 0.002 0.006 0.011 0.019 0.032 0.061 0.121 0.229 0.391 0.609 0.860 1.066 1.215 1.309 1.361 1.385 1.392 1.389 1.373 1.337 1.274 1.184 1.067 0.948 0.857 0.784 0.716 0.647 0.573 0.490 0.401 0.306 0.211 0.134 0.082 0.050 0.031 0.020 0.014 0.010 0.008 0.007 0.006 0.006 0.006 0.006 0.006 0.006 0.006 0.007 0.007 0.008 0.008 0.008 0.008 0.008 0.008
0.000 0.000 0.000 0.000 0.001 0.001 0.001 0.001 0.001 0.001 0.001 0.001 0.000 0.000 0.000 0.000 0.001 0.001 0.001 0.002 0.005 0.009 0.011 0.014 0.019 0.035 0.074 0.148 0.262 0.419 0.610 0.776 0.898 0.978 1.027 1.052 1.060 1.060 1.050 1.025 0.978 0.907 0.809 0.695 0.596 0.516 0.444 0.375 0.309 0.243 0.179 0.123 0.078 0.047 0.028 0.017 0.010 0.007 0.005 0.004 0.003 0.003 0.003 0.003 0.004 0.004 0.004 0.004 0.004 0.004 0.005 0.005 0.006 0.006 0.006 0.006 0.007
0.000 0.001 0.001 0.001 0.001 0.001 0.001 0.001 0.001 0.001 0.001 0.001 0.001 0.001 0.001 0.001 0.001 0.001 0.002 0.004 0.008 0.010 0.010 0.010 0.011 0.018 0.039 0.085 0.162 0.271 0.409 0.535 0.626 0.688 0.727 0.749 0.760 0.762 0.759 0.744 0.714 0.662 0.586 0.486 0.388 0.310 0.244 0.189 0.141 0.101 0.069 0.044 0.027 0.016 0.009 0.006 0.004 0.002 0.002 0.001 0.001 0.001 0.002 0.002 0.002 0.002 0.003 0.003 0.003 0.003 0.003 0.003 0.004 0.004 0.004 0.005 0.005
0.001 0.001 0.001 0.002 0.002 0.001 0.001 0.001 0.001 0.001 0.001 0.001 0.001 0.001 0.001 0.002 0.002 0.002 0.004 0.006 0.008 0.009 0.009 0.007 0.006 0.008 0.018 0.043 0.087 0.157 0.251 0.336 0.395 0.431 0.453 0.468 0.477 0.483 0.484 0.480 0.465 0.434 0.381 0.306 0.226 0.163 0.116 0.082 0.057 0.039 0.025 0.016 0.009 0.005 0.003 0.002 0.001 0.001 0.001 0.001 0.000 0.001 0.001 0.001 0.001 0.001 0.002 0.002 0.002 0.002 0.002 0.002 0.003 0.003 0.003 0.003 0.004
0.002 0.002 0.002 0.002 0.002 0.002 0.001 0.001 0.001 0.001 0.001 0.001 0.001 0.001 0.002 0.002 0.002 0.003 0.005 0.007 0.008 0.008 0.007 0.005 0.004 0.004 0.007 0.017 0.038 0.076 0.131 0.181 0.211 0.225 0.233 0.238 0.243 0.249 0.252 0.252 0.248 0.234 0.206 0.161 0.109 0.071 0.047 0.031 0.021 0.014 0.009 0.005 0.003 0.002 0.001 0.001 0.001 0.000 0.000 0.000 0.000 0.000 0.000 0.000 0.000 0.001 0.001 0.001 0.001 0.002 0.002 0.002 0.002 0.002 0.002 0.002 0.003
0.003 0.003 0.003 0.002 0.002 0.002 0.001 0.001 0.001 0.001 0.001 0.001 0.002 0.002 0.002 0.002 0.003 0.003 0.005 0.006 0.007 0.006 0.005 0.003 0.003 0.002 0.003 0.006 0.013 0.027 0.053 0.076 0.087 0.090 0.090 0.090 0.091 0.094 0.097 0.098 0.098 0.094 0.084 0.064 0.040 0.024 0.016 0.011 0.007 0.005 0.003 0.002 0.001 0.001 0.001 0.000 0.000 0.000 0.000 0.000 0.000 0.000 0.000 0.000 0.000 0.000 0.000 0.000 0.001 0.001 0.001 0.001 0.001 0.001 0.002 0.002 0.002
0.004 0.004 0.003 0.003 0.002 0.002 0.002 0.002 0.002 0.002 0.002 0.002 0.002 0.002 0.002 0.002 0.003 0.003 0.005 0.005 0.005 0.005 0.004 0.003 0.002 0.002 0.002 0.002 0.004 0.007 0.016 0.023 0.025 0.026 0.025 0.024 0.024 0.025 0.025 0.026 0.026 0.026 0.024 0.019 0.011 0.007 0.004 0.003 0.002 0.001 0.001 0.001 0.000 0.000 0.000 0.000 0.000 0.000 0.000 0.000 0.000 0.000 0.000 0.000 0.000 0.000 0.000 0.000 0.000 0.000 0.001 0.001 0.001 0.001 0.001 0.001 0.002
