RESULTS/r.avaflow_results/22_results/22_ascii/22_hflow10017.asc
ncols 506
nrows 317
xllcenter 498237.50
yllcenter 5580050.00
cellsize 12.50
NODATA_value -9999.000
[rows 204 to 237 of 317, columns 77 to 153 of 506]
0.011 0.010 0.008 0.006 0.005 0.004 0.004 0.004 0.004 0.004 0.004 0.004 0.004 0.005 0.005 0.007 0.013 0.029 0.045 0.049 0.049 0.046 0.042 0.040 0.039 0.039 0.039 0.041 0.044 0.052 0.070 0.091 0.098 0.098 0.092 0.071 0.048 0.038 0.037 0.038 0.043 0.047 0.047 0.045 0.037 0.022 0.012 0.007 0.005 0.003 0.003 0.002 0.002 0.001 0.001 0.001 0.001 0.001 0.002 0.004 0.006 0.007 0.007 0.008 0.009 0.010 0.012 0.016 0.022 0.028 0.031 0.032 0.032 0.029 0.021 0.011 0.006
0.012 0.010 0.008 0.007 0.005 0.005 0.005 0.005 0.004 0.004 0.004 0.004 0.004 0.004 0.004 0.007 0.014 0.032 0.044 0.047 0.046 0.043 0.041 0.039 0.038 0.038 0.039 0.040 0.043 0.052 0.073 0.092 0.097 0.096 0.086 0.062 0.043 0.036 0.036 0.038 0.044 0.047 0.047 0.044 0.035 0.020 0.011 0.007 0.005 0.003 0.003 0.002 0.001 0.001 0.001 0.001 0.001 0.002 0.003 0.005 0.006 0.007 0.008 0.009 0.009 0.011 0.013 0.018 0.025 0.030 0.031 0.031 0.029 0.021 0.011 0.005 0.003
0.012 0.010 0.008 0.007 0.006 0.006 0.005 0.005 0.005 0.004 0.004 0.003 0.003 0.003 0.004 0.007 0.017 0.035 0.043 0.045 0.043 0.041 0.040 0.039 0.038 0.038 0.039 0.041 0.044 0.055 0.077 0.092 0.095 0.093 0.080 0.054 0.039 0.035 0.035 0.038 0.044 0.047 0.047 0.043 0.033 0.019 0.011 0.007 0.005 0.003 0.002 0.002 0.001 0.001 0.001 0.001 0.001 0.002 0.003 0.006 0.007 0.008 0.009 0.009 0.010 0.012 0.014 0.019 0.026 0.030 0.030 0.029 0.023 0.013 0.005 0.002 0.002
0.014 0.011 0.009 0.008 0.007 0.007 0.006 0.005 0.005 0.004 0.003 0.003 0.002 0.003 0.004 0.009 0.022 0.037 0.042 0.043 0.041 0.041 0.040 0.040 0.040 0.040 0.041 0.042 0.046 0.059 0.081 0.091 0.093 0.089 0.072 0.048 0.037 0.033 0.034 0.038 0.045 0.047 0.047 0.042 0.031 0.018 0.010 0.007 0.005 0.003 0.002 0.002 0.001 0.001 0.001 0.001 0.001 0.002 0.004 0.007 0.008 0.009 0.010 0.010 0.011 0.013 0.015 0.020 0.026 0.028 0.028 0.024 0.016 0.007 0.003 0.001 0.001
0.018 0.014 0.011 0.010 0.009 0.007 0.006 0.005 0.004 0.003 0.003 0.002 0.002 0.003 0.004 0.011 0.026 0.038 0.041 0.040 0.039 0.040 0.041 0.041 0.041 0.041 0.042 0.043 0.048 0.064 0.083 0.090 0.091 0.083 0.062 0.043 0.035 0.032 0.033 0.038 0.045 0.047 0.046 0.041 0.029 0.016 0.010 0.006 0.005 0.003 0.002 0.002 0.001 0.001 0.001 0.001 0.002 0.003 0.005 0.008 0.009 0.010 0.010 0.010 0.011 0.013 0.016 0.021 0.024 0.025 0.024 0.019 0.010 0.004 0.002 0.001 0.001
0.026 0.019 0.015 0.012 0.010 0.008 0.007 0.005 0.004 0.003 0.002 0.002 0.002 0.003 0.005 0.013 0.028 0.037 0.038 0.037 0.037 0.039 0.042 0.042 0.042 0.042 0.043 0.045 0.052 0.069 0.085 0.090 0.088 0.077 0.054 0.039 0.032 0.031 0.032 0.038 0.045 0.047 0.046 0.039 0.026 0.015 0.009 0.006 0.004 0.003 0.002 0.002 0.001 0.001 0.001 0.001 0.002 0.003 0.006 0.009 0.010 0.010 0.010 0.011 0.011 0.013 0.017 0.021 0.023 0.023 0.021 0.014 0.007 0.003 0.001 0.001 0.001
0.040 0.030 0.022 0.017 0.013 0.009 0.007 0.005 0.004 0.003 0.002 0.002 0.002 0.003 0.006 0.015 0.029 0.034 0.034 0.033 0.034 0.039 0.043 0.044 0.044 0.044 0.044 0.047 0.056 0.075 0.086 0.089 0.085 0.069 0.047 0.035 0.031 0.030 0.031 0.038 0.045 0.047 0.045 0.038 0.025 0.014 0.008 0.006 0.004 0.003 0.002 0.002 0.001 0.001 0.001 0.001 0.002 0.004 0.007 0.009 0.010 0.010 0.010 0.011 0.011 0.013 0.017 0.021 0.022 0.021 0.018 0.010 0.004 0.002 0.001 0.001 0.001
0.055 0.045 0.033 0.024 0.016 0.011 0.008 0.005 0.004 0.003 0.003 0.002 0.003 0.003 0.007 0.017 0.027 0.029 0.029 0.029 0.032 0.040 0.045 0.046 0.046 0.046 0.047 0.049 0.059 0.078 0.087 0.088 0.082 0.062 0.042 0.032 0.029 0.029 0.031 0.038 0.045 0.048 0.046 0.039 0.024 0.013 0.008 0.006 0.004 0.003 0.002 0.002 0.001 0.001 0.001 0.002 0.003 0.005 0.008 0.010 0.010 0.010 0.010 0.010 0.011 0.013 0.018 0.020 0.020 0.019 0.014 0.007 0.003 0.001 0.001 0.000 0.000
0.065 0.058 0.047 0.035 0.023 0.015 0.009 0.006 0.004 0.003 0.003 0.003 0.003 0.004 0.008 0.018 0.024 0.025 0.025 0.026 0.031 0.041 0.047 0.049 0.049 0.049 0.049 0.052 0.063 0.081 0.088 0.087 0.078 0.055 0.038 0.030 0.027 0.027 0.030 0.038 0.045 0.048 0.047 0.039 0.023 0.013 0.008 0.006 0.004 0.003 0.002 0.002 0.001 0.001 0.001 0.002 0.003 0.006 0.009 0.010 0.010 0.010 0.010 0.010 0.011 0.014 0.018 0.019 0.019 0.017 0.011 0.005 0.002 0.001 0.000 0.000 0.000
0.071 0.066 0.058 0.047 0.034 0.021 0.013 0.008 0.005 0.004 0.003 0.003 0.004 0.005 0.010 0.018 0.022 0.023 0.023 0.025 0.031 0.041 0.049 0.052 0.053 0.052 0.052 0.056 0.068 0.083 0.088 0.086 0.074 0.050 0.035 0.028 0.026 0.027 0.030 0.038 0.045 0.049 0.047 0.039 0.023 0.013 0.008 0.006 0.004 0.003 0.002 0.001 0.001 0.001 0.001 0.002 0.004 0.007 0.009 0.010 0.010 0.009 0.009 0.009 0.011 0.015 0.018 0.019 0.018 0.015 0.009 0.004 0.002 0.001 0.000 0.000 0.000
0.075 0.071 0.064 0.055 0.043 0.029 0.018 0.011 0.007 0.005 0.004 0.004 0.005 0.007 0.012 0.018 0.020 0.021 0.021 0.025 0.031 0.041 0.051 0.056 0.057 0.057 0.057 0.061 0.074 0.085 0.087 0.085 0.070 0.045 0.032 0.027 0.025 0.026 0.031 0.038 0.045 0.048 0.048 0.039 0.024 0.013 0.008 0.005 0.004 0.002 0.002 0.001 0.001 0.001 0.002 0.002 0.004 0.007 0.009 0.009 0.009 0.009 0.009 0.009 0.012 0.016 0.018 0.019 0.018 0.014 0.007 0.003 0.001 0.000 0.000 0.000 0.000
0.076 0.072 0.067 0.059 0.048 0.035 0.023 0.014 0.009 0.006 0.005 0.005 0.006 0.009 0.014 0.017 0.019 0.019 0.021 0.025 0.031 0.041 0.052 0.059 0.061 0.061 0.062 0.066 0.078 0.086 0.088 0.083 0.065 0.041 0.030 0.025 0.025 0.026 0.031 0.039 0.046 0.048 0.047 0.039 0.024 0.013 0.008 0.005 0.003 0.002 0.002 0.001 0.001 0.001 0.002 0.003 0.005 0.007 0.008 0.009 0.009 0.008 0.009 0.009 0.012 0.017 0.018 0.018 0.017 0.012 0.006 0.002 0.001 0.000 0.000 0.000 0.000
0.075 0.073 0.068 0.060 0.050 0.038 0.026 0.017 0.011 0.008 0.007 0.007 0.008 0.010 0.014 0.017 0.018 0.019 0.021 0.025 0.031 0.041 0.054 0.062 0.065 0.066 0.067 0.071 0.082 0.088 0.088 0.081 0.060 0.037 0.028 0.025 0.024 0.027 0.032 0.040 0.045 0.048 0.047 0.039 0.024 0.013 0.007 0.004 0.003 0.002 0.001 0.001 0.001 0.001 0.002 0.003 0.005 0.007 0.008 0.008 0.008 0.008 0.008 0.010 0.013 0.017 0.018 0.018 0.015 0.010 0.004 0.002 0.001 0.000 0.000 0.000 0.000
0.074 0.072 0.067 0.060 0.051 0.039 0.027 0.019 0.013 0.010 0.009 0.008 0.009 0.011 0.014 0.016 0.018 0.019 0.021 0.025 0.031 0.041 0.055 0.065 0.069 0.070 0.071 0.077 0.086 0.089 0.088 0.078 0.054 0.034 0.026 0.024 0.024 0.027 0.033 0.041 0.046 0.048 0.047 0.039 0.024 0.013 0.007 0.004 0.002 0.002 0.001 0.001 0.001 0.001 0.002 0.003 0.006 0.007 0.008 0.008 0.008 0.008 0.009 0.010 0.014 0.016 0.017 0.016 0.014 0.008 0.003 0.001 0.000 0.000 0.000 0.000 0.000
0.071 0.069 0.065 0.059 0.050 0.039 0.028 0.019 0.014 0.011 0.010 0.009 0.010 0.012 0.014 0.016 0.018 0.020 0.023 0.027 0.033 0.042 0.057 0.068 0.073 0.074 0.075 0.081 0.090 0.091 0.088 0.074 0.047 0.030 0.024 0.023 0.024 0.028 0.035 0.042 0.047 0.048 0.048 0.041 0.025 0.013 0.007 0.004 0.002 0.002 0.001 0.001 0.001 0.001 0.002 0.004 0.006 0.007 0.008 0.008 0.008 0.009 0.009 0.011 0.015 0.016 0.016 0.016 0.012 0.006 0.003 0.001 0.000 0.000 0.000 0.000 0.000
0.065 0.064 0.061 0.056 0.048 0.038 0.028 0.020 0.014 0.011 0.010 0.010 0.010 0.011 0.013 0.015 0.018 0.021 0.025 0.029 0.034 0.043 0.060 0.072 0.076 0.077 0.079 0.086 0.093 0.093 0.087 0.067 0.040 0.026 0.022 0.022 0.024 0.029 0.037 0.044 0.048 0.050 0.049 0.043 0.027 0.014 0.007 0.004 0.002 0.001 0.001 0.001 0.001 0.001 0.002 0.004 0.006 0.007 0.007 0.008 0.008 0.009 0.010 0.012 0.015 0.016 0.016 0.014 0.010 0.005 0.002 0.001 0.000 0.000 0.000 0.000 0.000
0.056 0.055 0.053 0.049 0.044 0.036 0.026 0.019 0.014 0.011 0.010 0.010 0.010 0.011 0.012 0.014 0.017 0.021 0.025 0.030 0.035 0.045 0.062 0.076 0.081 0.083 0.086 0.094 0.098 0.097 0.086 0.059 0.034 0.023 0.021 0.021 0.023 0.030 0.039 0.046 0.051 0.052 0.051 0.044 0.027 0.014 0.007 0.004 0.002 0.001 0.001 0.001 0.001 0.001 0.002 0.004 0.006 0.007 0.007 0.008 0.009 0.010 0.011 0.013 0.015 0.016 0.015 0.013 0.008 0.003 0.001 0.001 0.000 0.000 0.000 0.000 0.000
0.043 0.043 0.042 0.040 0.037 0.031 0.024 0.018 0.014 0.011 0.010 0.009 0.009 0.010 0.010 0.012 0.016 0.021 0.026 0.031 0.037 0.047 0.065 0.080 0.088 0.092 0.096 0.104 0.106 0.102 0.085 0.052 0.029 0.021 0.019 0.020 0.023 0.031 0.042 0.050 0.054 0.055 0.053 0.044 0.027 0.013 0.007 0.003 0.002 0.001 0.001 0.001 0.001 0.002 0.003 0.005 0.006 0.007 0.007 0.008 0.009 0.010 0.011 0.014 0.015 0.016 0.015 0.012 0.006 0.003 0.001 0.000 0.000 0.000 0.000 0.000 0.000
0.032 0.031 0.031 0.030 0.028 0.025 0.020 0.016 0.012 0.010 0.009 0.008 0.008 0.008 0.009 0.011 0.016 0.021 0.027 0.032 0.039 0.049 0.067 0.086 0.096 0.102 0.110 0.116 0.116 0.106 0.080 0.045 0.026 0.020 0.019 0.020 0.023 0.033 0.045 0.053 0.056 0.057 0.054 0.044 0.026 0.013 0.006 0.003 0.002 0.002 0.001 0.001 0.001 0.002 0.003 0.005 0.006 0.007 0.008 0.009 0.010 0.011 0.012 0.014 0.016 0.016 0.014 0.010 0.005 0.002 0.001 0.000 0.000 0.000 0.000 0.000 0.000
0.023 0.023 0.022 0.021 0.020 0.018 0.015 0.012 0.010 0.008 0.007 0.006 0.006 0.006 0.007 0.010 0.015 0.022 0.028 0.035 0.042 0.053 0.070 0.090 0.106 0.117 0.126 0.130 0.126 0.109 0.072 0.039 0.024 0.019 0.019 0.019 0.024 0.034 0.047 0.055 0.058 0.058 0.054 0.043 0.024 0.012 0.006 0.003 0.002 0.002 0.001 0.001 0.002 0.002 0.004 0.005 0.006 0.007 0.008 0.010 0.011 0.012 0.013 0.015 0.015 0.015 0.013 0.008 0.003 0.001 0.000 0.000 0.000 0.000 0.000 0.000 0.000
0.016 0.016 0.016 0.015 0.014 0.013 0.011 0.009 0.007 0.006 0.005 0.004 0.004 0.004 0.006 0.009 0.015 0.022 0.030 0.037 0.046 0.057 0.073 0.095 0.117 0.132 0.140 0.142 0.134 0.107 0.064 0.035 0.023 0.019 0.019 0.020 0.024 0.036 0.050 0.057 0.059 0.059 0.053 0.039 0.021 0.010 0.005 0.003 0.002 0.002 0.002 0.002 0.002 0.003 0.004 0.005 0.006 0.007 0.009 0.011 0.012 0.013 0.014 0.015 0.015 0.014 0.011 0.006 0.002 0.001 0.000 0.000 0.000 0.000 0.000 0.000 0.000
0.011 0.011 0.011 0.010 0.010 0.009 0.007 0.006 0.005 0.004 0.003 0.003 0.003 0.003 0.004 0.008 0.014 0.022 0.030 0.038 0.048 0.061 0.077 0.100 0.127 0.144 0.150 0.149 0.136 0.100 0.056 0.033 0.023 0.020 0.019 0.021 0.026 0.038 0.052 0.059 0.061 0.059 0.052 0.036 0.019 0.009 0.004 0.003 0.002 0.002 0.002 0.002 0.002 0.003 0.005 0.005 0.006 0.008 0.010 0.012 0.013 0.014 0.015 0.016 0.015 0.013 0.009 0.004 0.002 0.001 0.000 0.000 0.000 0.000 0.000 0.000 0.000
0.007 0.007 0.007 0.007 0.006 0.006 0.005 0.004 0.003 0.002 0.002 0.001 0.001 0.002 0.003 0.007 0.012 0.019 0.028 0.037 0.048 0.062 0.081 0.107 0.136 0.153 0.158 0.155 0.134 0.090 0.050 0.031 0.023 0.021 0.020 0.022 0.027 0.041 0.055 0.061 0.062 0.059 0.051 0.033 0.016 0.008 0.004 0.002 0.002 0.002 0.002 0.002 0.003 0.004 0.005 0.006 0.007 0.009 0.012 0.014 0.015 0.016 0.016 0.016 0.015 0.012 0.007 0.003 0.001 0.000 0.000 0.000 0.000 0.000 0.000 0.000 0.000
0.005 0.005 0.004 0.004 0.004 0.003 0.003 0.002 0.002 0.001 0.001 0.001 0.001 0.001 0.003 0.005 0.009 0.015 0.024 0.035 0.047 0.062 0.084 0.115 0.147 0.164 0.167 0.161 0.133 0.083 0.046 0.030 0.023 0.021 0.021 0.023 0.029 0.042 0.056 0.062 0.063 0.060 0.050 0.031 0.015 0.007 0.003 0.002 0.002 0.002 0.002 0.002 0.003 0.004 0.005 0.006 0.007 0.010 0.014 0.017 0.018 0.018 0.018 0.017 0.014 0.010 0.005 0.002 0.001 0.000 0.000 0.000 0.000 0.000 0.000 0.000 0.000
0.003 0.003 0.003 0.002 0.002 0.002 0.002 0.001 0.001 0.000 0.000 0.000 0.001 0.001 0.002 0.003 0.006 0.011 0.018 0.029 0.042 0.060 0.086 0.124 0.159 0.176 0.179 0.169 0.133 0.079 0.045 0.030 0.024 0.022 0.022 0.023 0.029 0.043 0.057 0.064 0.065 0.061 0.050 0.029 0.013 0.006 0.003 0.002 0.002 0.002 0.002 0.003 0.003 0.004 0.005 0.006 0.007 0.011 0.016 0.019 0.020 0.020 0.019 0.016 0.012 0.007 0.003 0.001 0.000 0.000 0.000 0.000 0.000 0.000 0.000 0.000 0.000
0.001 0.001 0.001 0.001 0.001 0.001 0.001 0.000 0.000 0.000 0.000 0.000 0.000 0.001 0.001 0.002 0.004 0.008 0.014 0.022 0.036 0.056 0.086 0.130 0.168 0.185 0.187 0.173 0.131 0.076 0.045 0.030 0.024 0.023 0.023 0.024 0.030 0.043 0.058 0.065 0.066 0.063 0.050 0.027 0.012 0.006 0.003 0.003 0.002 0.002 0.003 0.003 0.004 0.004 0.005 0.006 0.008 0.012 0.019 0.022 0.023 0.022 0.020 0.015 0.009 0.004 0.002 0.001 0.000 0.000 0.000 0.000 0.000 0.000 0.000 0.000 0.000
0.001 0.001 0.001 0.001 0.000 0.000 0.000 0.000 0.000 0.000 0.000 0.000 0.000 0.000 0.001 0.002 0.003 0.006 0.010 0.018 0.030 0.050 0.082 0.132 0.173 0.190 0.190 0.173 0.128 0.075 0.046 0.032 0.026 0.024 0.023 0.025 0.031 0.045 0.061 0.068 0.069 0.065 0.049 0.025 0.011 0.005 0.003 0.003 0.003 0.003 0.003 0.003 0.004 0.004 0.005 0.006 0.008 0.015 0.022 0.026 0.026 0.024 0.019 0.012 0.007 0.003 0.001 0.000 0.000 0.000 0.000 0.000 0.000 0.000 0.000 0.000 0.000
0.000 0.000 0.000 0.000 0.000 0.000 0.000 0.000 0.000 0.000 0.000 0.000 0.000 0.000 0.001 0.001 0.002 0.004 0.008 0.014 0.025 0.044 0.077 0.130 0.175 0.192 0.190 0.171 0.125 0.076 0.049 0.036 0.028 0.025 0.025 0.026 0.032 0.048 0.066 0.072 0.073 0.067 0.048 0.024 0.011 0.005 0.004 0.003 0.003 0.003 0.003 0.004 0.004 0.004 0.005 0.006 0.010 0.017 0.026 0.029 0.029 0.025 0.018 0.010 0.004 0.002 0.001 0.000 0.000 0.000 0.000 0.000 0.000 0.000 0.000 0.000 0.000
0.000 0.000 0.000 0.001 0.000 0.000 0.000 0.000 0.000 0.000 0.000 0.000 0.000 0.000 0.000 0.001 0.001 0.003 0.006 0.011 0.022 0.040 0.073 0.128 0.175 0.191 0.189 0.168 0.124 0.079 0.053 0.040 0.032 0.028 0.027 0.027 0.034 0.052 0.070 0.077 0.077 0.069 0.045 0.021 0.010 0.005 0.004 0.003 0.003 0.003 0.003 0.004 0.004 0.004 0.005 0.007 0.012 0.021 0.029 0.031 0.030 0.025 0.016 0.007 0.003 0.001 0.001 0.000 0.000 0.000 0.000 0.000 0.000 0.000 0.000 0.000 0.000
0.000 0.000 0.000 0.000 0.000 0.000 0.000 0.000 0.000 0.000 0.000 0.000 0.000 0.000 0.000 0.000 0.001 0.002 0.004 0.009 0.018 0.036 0.069 0.125 0.172 0.187 0.183 0.165 0.127 0.084 0.058 0.044 0.035 0.031 0.029 0.030 0.037 0.056 0.074 0.080 0.080 0.068 0.040 0.018 0.008 0.005 0.004 0.004 0.003 0.003 0.003 0.004 0.004 0.005 0.006 0.009 0.015 0.025 0.031 0.032 0.031 0.024 0.013 0.005 0.002 0.001 0.000 0.000 0.000 0.000 0.000 0.000 0.000 0.000 0.000 0.000 0.000
0.000 0.000 0.000 0.001 0.000 0.000 0.000 0.000 0.000 0.000 0.000 0.000 0.000 0.000 0.000 0.000 0.001 0.001 0.003 0.006 0.014 0.030 0.062 0.115 0.162 0.177 0.176 0.164 0.134 0.093 0.064 0.048 0.039 0.034 0.033 0.035 0.043 0.063 0.079 0.083 0.081 0.065 0.034 0.015 0.007 0.005 0.004 0.004 0.004 0.003 0.004 0.004 0.004 0.005 0.007 0.011 0.020 0.030 0.033 0.033 0.030 0.020 0.009 0.003 0.001 0.000 0.000 0.000 0.000 0.000 0.000 0.000 0.000 0.000 0.000 0.000 0.000
0.000 0.000 0.000 0.000 0.000 0.000 0.000 0.000 0.000 0.000 0.000 0.000 0.000 0.000 0.000 0.000 0.000 0.001 0.001 0.004 0.009 0.022 0.048 0.095 0.147 0.172 0.175 0.168 0.146 0.107 0.073 0.053 0.043 0.039 0.038 0.040 0.050 0.070 0.083 0.086 0.081 0.058 0.027 0.012 0.007 0.005 0.005 0.004 0.004 0.004 0.004 0.004 0.004 0.006 0.009 0.015 0.026 0.034 0.035 0.033 0.026 0.014 0.005 0.002 0.001 0.000 0.000 0.000 0.000 0.000 0.000 0.000 0.000 0.000 0.000 0.000 0.000
0.000 0.000 0.000 0.000 0.000 0.000 0.000 0.000 0.000 0.000 0.000 0.001 0.000 0.000 0.000 0.000 0.000 0.000 0.001 0.002 0.005 0.013 0.032 0.070 0.127 0.167 0.179 0.178 0.162 0.126 0.084 0.061 0.049 0.045 0.045 0.048 0.060 0.079 0.089 0.090 0.081 0.051 0.023 0.011 0.007 0.006 0.005 0.005 0.004 0.004 0.004 0.004 0.005 0.007 0.012 0.021 0.032 0.037 0.036 0.031 0.019 0.008 0.003 0.001 0.000 0.000 0.000 0.000 0.000 0.000 0.000 0.000 0.000 0.000 0.000 0.000 0.000
0.000 0.000 0.001 0.000 0.001 0.000 0.000 0.000 0.000 0.000 0.000 0.001 0.001 0.000 0.000 0.000 0.000 0.000 0.000 0.001 0.003 0.007 0.019 0.047 0.100 0.157 0.185 0.191 0.183 0.153 0.106 0.073 0.059 0.054 0.054 0.058 0.072 0.089 0.096 0.096 0.081 0.046 0.021 0.011 0.008 0.006 0.006 0.005 0.005 0.005 0.005 0.005 0.006 0.009 0.016 0.029 0.038 0.039 0.037 0.027 0.013 0.005 0.002 0.001 0.000 0.000 0.000 0.000 0.000 0.000 0.000 0.000 0.000 0.000 0.000 0.000 0.000
