RESULTS/r.avaflow_results/22_results/22_ascii/22_hflow_max0042.asc
ncols 506
nrows 317
xllcenter 498237.50
yllcenter 5580050.00
cellsize 12.50
NODATA_value -9999.000
[rows 136 to 169 of 317, columns 154 to 230 of 506]
0.000 0.000 0.000 0.000 0.000 0.000 0.000 0.000 0.000 0.000 0.000 0.000 0.000 0.000 0.000 0.000 0.000 0.000 0.000 0.000 0.000 0.000 0.000 0.000 0.000 0.000 0.000 0.000 0.000 0.000 0.000 0.000 0.000 0.000 0.000 0.000 0.000 0.000 0.000 0.000 0.000 0.000 0.000 0.000 0.000 0.000 0.000 0.000 0.000 0.000 0.000 0.000 0.000 0.000 0.000 0.000 0.000 0.000 0.000 0.000 0.000 0.000 0.000 0.000 0.000 0.000 0.000 0.000 0.000 0.000 0.000 0.000 0.000 0.000 0.000 0.000 0.000
0.000 0.000 0.000 0.000 0.000 0.000 0.000 0.000 0.000 0.000 0.000 0.000 0.000 0.000 0.000 0.000 0.000 0.000 0.000 0.000 0.000 0.000 0.000 0.000 0.000 0.000 0.000 0.000 0.000 0.000 0.000 0.000 0.000 0.000 0.000 0.000 0.000 0.000 0.000 0.000 0.000 0.000 0.000 0.000 0.000 0.000 0.000 0.000 0.000 0.000 0.000 0.000 0.000 0.000 0.000 0.000 0.000 0.000 0.000 0.000 0.000 0.000 0.000 0.000 0.000 0.000 0.000 0.000 0.000 0.000 0.000 0.000 0.000 0.000 0.000 0.000 0.000
0.000 0.000 0.000 0.000 0.000 0.000 0.000 0.000 0.000 0.000 0.000 0.000 0.000 0.000 0.000 0.000 0.000 0.000 0.000 0.000 0.000 0.000 0.000 0.000 0.000 0.000 0.000 0.000 0.000 0.000 0.000 0.000 0.000 0.000 0.000 0.000 0.000 0.000 0.000 0.000 0.000 0.000 0.000 0.000 0.000 0.000 0.000 0.000 0.000 0.000 0.000 0.000 0.000 0.000 0.000 0.000 0.000 0.000 0.000 0.000 0.000 0.000 0.000 0.000 0.000 0.000 0.000 0.000 0.000 0.000 0.000 0.000 0.000 0.000 0.000 0.000 0.000
0.000 0.000 0.000 0.000 0.000 0.000 0.000 0.000 0.000 0.000 0.000 0.000 0.000 0.000 0.000 0.000 0.000 0.000 0.000 0.000 0.000 0.000 0.000 0.000 0.000 0.000 0.000 0.000 0.000 0.000 0.000 0.000 0.000 0.000 0.000 0.000 0.000 0.000 0.000 0.000 0.000 0.000 0.000 0.000 0.000 0.000 0.000 0.000 0.000 0.000 0.000 0.000 0.000 0.000 0.000 0.000 0.000 0.000 0.000 0.000 0.000 0.000 0.000 0.000 0.000 0.000 0.000 0.000 0.000 0.000 0.000 0.000 0.000 0.000 0.000 0.000 0.000
0.000 0.000 0.000 0.000 0.000 0.000 0.000 0.000 0.000 0.000 0.000 0.000 0.000 0.000 0.000 0.000 0.000 0.000 0.000 0.000 0.000 0.000 0.000 0.000 0.000 0.000 0.000 0.000 0.000 0.000 0.000 0.000 0.000 0.000 0.000 0.000 0.000 0.000 0.000 0.000 0.000 0.000 0.000 0.000 0.000 0.000 0.000 0.000 0.000 0.000 0.000 0.000 0.000 0.000 0.000 0.000 0.000 0.000 0.000 0.000 0.000 0.000 0.000 0.000 0.000 0.000 0.000 0.000 0.000 0.000 0.000 0.000 0.000 0.000 0.000 0.000 0.000
0.000 0.000 0.000 0.000 0.000 0.000 0.000 0.000 0.000 0.000 0.000 0.000 0.000 0.000 0.000 0.000 0.000 0.000 0.000 0.000 0.000 0.000 0.000 0.000 0.000 0.000 0.000 0.000 0.000 0.000 0.000 0.000 0.000 0.000 0.000 0.000 0.000 0.000 0.000 0.000 0.000 0.000 0.000 0.000 0.000 0.000 0.000 0.000 0.000 0.000 0.000 0.000 0.000 0.000 0.000 0.000 0.000 0.000 0.000 0.000 0.000 0.000 0.000 0.000 0.000 0.000 0.000 0.000 0.000 0.000 0.000 0.000 0.000 0.000 0.000 0.000 0.000
0.000 0.000 0.000 0.000 0.000 0.000 0.000 0.000 0.000 0.000 0.000 0.000 0.000 0.000 0.000 0.000 0.000 0.000 0.000 0.000 0.000 0.000 0.000 0.000 0.000 0.000 0.000 0.000 0.000 0.000 0.000 0.000 0.000 0.000 0.000 0.000 0.000 0.000 0.000 0.000 0.000 0.000 0.000 0.000 0.000 0.000 0.000 0.000 0.000 0.000 0.000 0.000 0.000 0.000 0.000 0.000 0.000 0.000 0.000 0.000 0.000 0.000 0.000 0.000 0.000 0.000 0.000 0.000 0.000 0.000 0.000 0.000 0.000 0.000 0.000 0.000 0.000
0.000 0.000 0.000 0.000 0.000 0.000 0.000 0.000 0.000 0.000 0.000 0.000 0.000 0.000 0.000 0.000 0.000 0.000 0.000 0.000 0.000 0.000 0.000 0.000 0.000 0.000 0.000 0.000 0.000 0.000 0.000 0.000 0.000 0.000 0.000 0.000 0.000 0.000 0.000 0.000 0.000 0.000 0.000 0.000 0.000 0.000 0.000 0.000 0.000 0.000 0.000 0.000 0.000 0.000 0.000 0.000 0.000 0.000 0.000 0.000 0.000 0.000 0.000 0.000 0.000 0.000 0.000 0.000 0.000 0.000 0.000 0.000 0.000 0.000 0.000 0.000 0.000
0.000 0.000 0.000 0.000 0.000 0.000 0.000 0.000 0.000 0.000 0.000 0.000 0.000 0.000 0.000 0.000 0.000 0.000 0.000 0.000 0.000 0.000 0.000 0.000 0.000 0.000 0.000 0.000 0.000 0.000 0.000 0.000 0.000 0.000 0.000 0.000 0.000 0.000 0.000 0.000 0.000 0.000 0.000 0.000 0.000 0.000 0.000 0.000 0.000 0.000 0.000 0.000 0.000 0.000 0.000 0.000 0.000 0.000 0.000 0.000 0.000 0.000 0.000 0.000 0.000 0.000 0.000 0.000 0.000 0.000 0.000 0.000 0.000 0.000 0.000 0.000 0.000
0.000 0.000 0.000 0.000 0.000 0.000 0.000 0.000 0.000 0.000 0.000 0.000 0.000 0.000 0.000 0.000 0.000 0.000 0.000 0.000 0.000 0.000 0.000 0.000 0.000 0.000 0.000 0.000 0.000 0.000 0.000 0.000 0.000 0.000 0.000 0.000 0.000 0.000 0.000 0.000 0.000 0.000 0.000 0.000 0.000 0.000 0.000 0.000 0.000 0.000 0.000 0.000 0.000 0.000 0.000 0.000 0.000 0.000 0.000 0.000 0.000 0.000 0.000 0.000 0.000 0.000 0.000 0.000 0.000 0.000 0.000 0.000 0.000 0.000 0.000 0.000 0.000
0.000 0.000 0.000 0.000 0.000 0.000 0.000 0.000 0.000 0.000 0.000 0.000 0.000 0.000 0.000 0.000 0.000 0.000 0.000 0.000 0.000 0.000 0.000 0.000 0.000 0.000 0.000 0.000 0.000 0.000 0.000 0.000 0.000 0.000 0.000 0.000 0.000 0.000 0.000 0.000 0.000 0.000 0.000 0.000 0.000 0.000 0.000 0.000 0.000 0.000 0.000 0.000 0.000 0.000 0.000 0.000 0.000 0.000 0.000 0.000 0.000 0.000 0.000 0.000 0.000 0.000 0.000 0.000 0.000 0.000 0.000 0.000 0.000 0.000 0.000 0.000 0.000
0.000 0.000 0.000 0.000 0.000 0.000 0.000 0.000 0.000 0.000 0.000 0.000 0.000 0.000 0.000 0.000 0.000 0.000 0.000 0.000 0.000 0.000 0.000 0.000 0.000 0.000 0.000 0.000 0.000 0.000 0.000 0.000 0.000 0.000 0.000 0.000 0.000 0.000 0.000 0.000 0.000 0.000 0.000 0.000 0.000 0.000 0.000 0.000 0.000 0.000 0.000 0.000 0.000 0.000 0.000 0.000 0.000 0.000 0.000 0.000 0.000 0.000 0.000 0.000 0.000 0.000 0.000 0.000 0.000 0.000 0.000 0.000 0.000 0.000 0.000 0.000 0.000
0.000 0.000 0.000 0.000 0.000 0.000 0.000 0.000 0.000 0.000 0.000 0.000 0.000 0.000 0.000 0.000 0.000 0.000 0.000 0.000 0.000 0.000 0.000 0.000 0.000 0.000 0.000 0.000 0.000 0.000 0.000 0.000 0.000 0.000 0.000 0.000 0.000 0.000 0.000 0.000 0.000 0.000 0.000 0.000 0.000 0.000 0.000 0.000 0.000 0.000 0.000 0.000 0.000 0.000 0.000 0.000 0.000 0.000 0.000 0.000 0.000 0.000 0.000 0.000 0.000 0.000 0.000 0.000 0.000 0.000 0.000 0.000 0.000 0.000 0.000 0.000 0.000
0.002 0.002 0.002 0.002 0.001 0.001 0.000 0.000 0.000 0.000 0.000 0.000 0.000 0.000 0.000 0.000 0.000 0.000 0.000 0.000 0.000 0.000 0.000 0.000 0.000 0.000 0.000 0.000 0.000 0.000 0.000 0.000 0.000 0.000 0.000 0.000 0.000 0.000 0.000 0.000 0.000 0.000 0.000 0.000 0.000 0.000 0.000 0.000 0.000 0.000 0.000 0.000 0.000 0.000 0.000 0.000 0.000 0.000 0.000 0.000 0.000 0.000 0.000 0.000 0.000 0.000 0.000 0.000 0.000 0.000 0.000 0.000 0.000 0.000 0.000 0.000 0.000
0.006 0.005 0.005 0.004 0.003 0.002 0.002 0.001 0.000 0.000 0.000 0.000 0.000 0.000 0.000 0.000 0.000 0.000 0.000 0.000 0.000 0.000 0.000 0.000 0.000 0.000 0.000 0.000 0.000 0.000 0.000 0.000 0.000 0.000 0.000 0.000 0.000 0.000 0.000 0.000 0.000 0.000 0.000 0.000 0.000 0.000 0.000 0.000 0.000 0.001 0.001 0.001 0.001 0.001 0.001 0.001 0.001 0.001 0.001 0.001 0.001 0.001 0.001 0.001 0.001 0.001 0.001 0.001 0.001 0.001 0.001 0.001 0.001 0.000 0.000 0.000 0.000
0.011 0.010 0.009 0.007 0.006 0.004 0.003 0.002 0.002 0.001 0.000 0.000 0.000 0.000 0.000 0.000 0.000 0.000 0.000 0.000 0.000 0.000 0.000 0.000 0.000 0.000 0.000 0.000 0.000 0.000 0.000 0.000 0.000 0.000 0.000 0.000 0.000 0.000 0.000 0.000 0.000 0.000 0.000 0.000 0.000 0.000 0.001 0.002 0.002 0.003 0.003 0.003 0.003 0.003 0.003 0.003 0.003 0.003 0.003 0.003 0.003 0.003 0.003 0.003 0.003 0.003 0.003 0.003 0.003 0.003 0.003 0.003 0.003 0.002 0.002 0.001 0.001
0.024 0.023 0.019 0.014 0.010 0.007 0.006 0.004 0.003 0.002 0.002 0.001 0.001 0.000 0.000 0.000 0.000 0.000 0.000 0.000 0.000 0.000 0.000 0.000 0.000 0.000 0.000 0.000 0.000 0.000 0.000 0.000 0.000 0.000 0.000 0.000 0.000 0.000 0.000 0.000 0.000 0.000 0.000 0.001 0.002 0.002 0.003 0.005 0.006 0.006 0.007 0.008 0.008 0.008 0.008 0.008 0.008 0.008 0.008 0.008 0.008 0.008 0.008 0.008 0.008 0.008 0.008 0.008 0.008 0.008 0.008 0.007 0.006 0.005 0.004 0.003 0.002
0.063 0.059 0.046 0.030 0.019 0.013 0.009 0.007 0.006 0.005 0.004 0.003 0.002 0.002 0.001 0.001 0.001 0.000 0.000 0.000 0.000 0.000 0.000 0.000 0.000 0.000 0.000 0.000 0.000 0.000 0.000 0.000 0.000 0.000 0.000 0.000 0.000 0.000 0.000 0.000 0.000 0.001 0.002 0.003 0.004 0.006 0.007 0.009 0.010 0.012 0.013 0.014 0.015 0.015 0.016 0.016 0.016 0.016 0.016 0.016 0.016 0.015 0.015 0.015 0.015 0.015 0.015 0.015 0.015 0.015 0.014 0.013 0.012 0.010 0.008 0.006 0.004
0.185 0.171 0.128 0.074 0.042 0.026 0.017 0.012 0.010 0.008 0.006 0.005 0.004 0.004 0.003 0.002 0.002 0.002 0.001 0.001 0.001 0.000 0.000 0.000 0.000 0.000 0.000 0.000 0.000 0.000 0.000 0.000 0.000 0.000 0.000 0.000 0.000 0.000 0.001 0.001 0.002 0.003 0.004 0.006 0.008 0.010 0.012 0.015 0.017 0.020 0.022 0.023 0.025 0.026 0.027 0.027 0.027 0.028 0.028 0.028 0.027 0.027 0.026 0.026 0.026 0.026 0.027 0.027 0.027 0.027 0.026 0.023 0.020 0.016 0.012 0.009 0.007
0.518 0.473 0.345 0.197 0.109 0.062 0.037 0.024 0.017 0.013 0.011 0.009 0.008 0.007 0.006 0.005 0.004 0.004 0.003 0.003 0.002 0.002 0.002 0.002 0.002 0.002 0.001 0.001 0.001 0.002 0.002 0.002 0.002 0.002 0.002 0.002 0.002 0.002 0.003 0.004 0.005 0.007 0.008 0.011 0.013 0.016 0.019 0.023 0.026 0.030 0.034 0.037 0.040 0.043 0.045 0.047 0.048 0.049 0.049 0.049 0.048 0.047 0.046 0.046 0.046 0.046 0.047 0.047 0.047 0.047 0.045 0.041 0.034 0.025 0.019 0.015 0.011
1.258 1.133 0.833 0.493 0.278 0.156 0.089 0.055 0.036 0.026 0.020 0.016 0.013 0.011 0.010 0.009 0.008 0.007 0.006 0.005 0.005 0.004 0.004 0.004 0.004 0.004 0.004 0.004 0.004 0.004 0.004 0.004 0.004 0.004 0.004 0.005 0.005 0.006 0.006 0.008 0.009 0.011 0.014 0.017 0.021 0.024 0.029 0.034 0.040 0.046 0.053 0.059 0.067 0.073 0.079 0.083 0.087 0.089 0.090 0.090 0.089 0.087 0.084 0.083 0.083 0.083 0.086 0.089 0.090 0.089 0.087 0.079 0.064 0.044 0.030 0.022 0.017
2.578 2.292 1.713 1.077 0.644 0.377 0.221 0.134 0.086 0.058 0.042 0.032 0.025 0.021 0.018 0.015 0.013 0.012 0.010 0.009 0.008 0.008 0.007 0.007 0.007 0.007 0.007 0.007 0.007 0.007 0.007 0.007 0.007 0.007 0.008 0.008 0.009 0.010 0.011 0.013 0.015 0.018 0.022 0.026 0.031 0.037 0.044 0.052 0.061 0.071 0.082 0.094 0.108 0.122 0.135 0.146 0.156 0.165 0.169 0.170 0.173 0.173 0.169 0.165 0.164 0.165 0.169 0.178 0.181 0.181 0.176 0.162 0.130 0.084 0.053 0.035 0.024
4.454 3.938 3.031 2.019 1.297 0.822 0.517 0.327 0.211 0.142 0.100 0.073 0.056 0.044 0.036 0.030 0.025 0.021 0.019 0.017 0.015 0.014 0.012 0.012 0.011 0.011 0.010 0.010 0.010 0.011 0.011 0.011 0.011 0.012 0.012 0.013 0.015 0.016 0.018 0.020 0.023 0.028 0.033 0.040 0.047 0.057 0.068 0.080 0.094 0.109 0.127 0.147 0.171 0.198 0.223 0.246 0.269 0.290 0.306 0.316 0.332 0.337 0.336 0.332 0.330 0.332 0.344 0.367 0.377 0.376 0.367 0.336 0.272 0.175 0.101 0.062 0.039
5.988 5.356 4.370 3.207 2.269 1.569 1.069 0.723 0.492 0.342 0.244 0.178 0.135 0.105 0.083 0.067 0.055 0.046 0.039 0.033 0.029 0.026 0.023 0.021 0.019 0.018 0.017 0.016 0.015 0.016 0.016 0.016 0.017 0.017 0.018 0.020 0.021 0.024 0.026 0.030 0.035 0.043 0.052 0.063 0.075 0.089 0.105 0.124 0.146 0.171 0.200 0.234 0.275 0.322 0.368 0.407 0.444 0.483 0.517 0.549 0.587 0.608 0.615 0.617 0.618 0.629 0.662 0.721 0.756 0.753 0.731 0.673 0.551 0.363 0.205 0.114 0.070
6.950 6.254 5.421 4.324 3.314 2.543 1.897 1.372 0.980 0.710 0.529 0.405 0.320 0.256 0.206 0.167 0.136 0.111 0.092 0.077 0.067 0.058 0.050 0.044 0.040 0.036 0.033 0.030 0.026 0.024 0.023 0.023 0.024 0.025 0.026 0.028 0.031 0.034 0.040 0.048 0.058 0.071 0.087 0.105 0.125 0.146 0.170 0.197 0.229 0.268 0.316 0.375 0.444 0.521 0.595 0.659 0.714 0.772 0.825 0.862 0.891 0.911 0.924 0.932 0.951 0.997 1.062 1.125 1.234 1.291 1.279 1.210 1.035 0.728 0.410 0.221 0.125
7.724 6.937 6.129 5.167 4.188 3.351 2.686 2.112 1.613 1.216 0.946 0.774 0.659 0.569 0.488 0.414 0.348 0.288 0.236 0.194 0.161 0.135 0.115 0.101 0.091 0.081 0.072 0.063 0.054 0.046 0.038 0.034 0.035 0.037 0.039 0.042 0.047 0.054 0.064 0.078 0.098 0.121 0.147 0.175 0.206 0.239 0.275 0.317 0.371 0.438 0.521 0.616 0.721 0.835 0.941 1.019 1.074 1.119 1.146 1.172 1.189 1.213 1.237 1.263 1.297 1.349 1.451 1.615 1.760 1.803 1.758 1.683 1.541 1.231 0.778 0.419 0.226
9.484 7.449 6.560 5.739 4.862 4.022 3.307 2.692 2.158 1.751 1.454 1.266 1.149 1.060 0.975 0.887 0.791 0.687 0.578 0.475 0.387 0.320 0.271 0.237 0.212 0.187 0.161 0.137 0.113 0.092 0.074 0.060 0.053 0.055 0.059 0.065 0.074 0.088 0.109 0.137 0.173 0.215 0.257 0.298 0.339 0.386 0.441 0.509 0.599 0.717 0.856 0.995 1.123 1.235 1.314 1.356 1.370 1.369 1.369 1.359 1.362 1.379 1.399 1.428 1.471 1.531 1.633 1.831 2.072 2.199 2.219 2.148 1.857 1.624 1.240 0.760 0.408
11.660 9.335 7.177 6.151 5.317 4.462 3.734 3.133 2.731 2.368 2.083 1.900 1.796 1.726 1.662 1.582 1.474 1.337 1.175 1.005 0.851 0.723 0.624 0.544 0.476 0.410 0.345 0.286 0.232 0.183 0.141 0.109 0.086 0.088 0.095 0.107 0.126 0.154 0.195 0.248 0.312 0.381 0.443 0.503 0.562 0.623 0.701 0.812 0.962 1.130 1.282 1.400 1.483 1.538 1.560 1.542 1.510 1.506 1.506 1.494 1.467 1.436 1.433 1.458 1.501 1.561 1.659 1.856 2.139 2.333 2.399 2.409 2.251 1.868 1.576 1.118 0.671
13.256 11.572 9.134 6.880 5.651 4.749 4.236 3.849 3.502 3.195 2.935 2.748 2.640 2.583 2.532 2.450 2.326 2.159 1.964 1.768 1.593 1.443 1.301 1.153 0.994 0.835 0.688 0.560 0.446 0.344 0.259 0.199 0.161 0.153 0.168 0.194 0.234 0.290 0.366 0.462 0.566 0.661 0.748 0.829 0.910 1.003 1.118 1.255 1.389 1.504 1.598 1.648 1.683 1.729 1.724 1.676 1.629 1.580 1.549 1.527 1.500 1.460 1.422 1.435 1.465 1.512 1.583 1.762 2.054 2.314 2.421 2.459 2.429 2.207 1.743 1.363 0.936
14.173 12.829 11.022 8.491 6.292 5.650 5.246 4.860 4.540 4.290 4.083 3.904 3.762 3.655 3.542 3.381 3.177 2.969 2.795 2.673 2.569 2.457 2.301 2.079 1.809 1.525 1.260 1.022 0.810 0.625 0.476 0.372 0.310 0.288 0.320 0.371 0.446 0.549 0.685 0.846 0.999 1.124 1.227 1.325 1.416 1.502 1.581 1.641 1.688 1.728 1.749 1.864 1.897 1.864 1.802 1.743 1.675 1.605 1.548 1.504 1.466 1.420 1.365 1.366 1.377 1.403 1.459 1.571 1.791 2.130 2.341 2.430 2.445 2.345 1.982 1.501 1.126
14.665 13.360 11.911 10.029 7.662 6.963 6.559 6.180 5.879 5.659 5.493 5.338 5.160 4.949 4.680 4.343 3.987 3.703 3.538 3.459 3.395 3.292 3.111 2.847 2.535 2.225 1.935 1.656 1.373 1.095 0.870 0.712 0.613 0.562 0.616 0.703 0.835 1.019 1.248 1.475 1.653 1.777 1.841 1.868 1.874 1.875 1.871 1.860 1.863 1.932 1.972 1.979 1.948 1.914 1.847 1.751 1.643 1.541 1.450 1.375 1.307 1.244 1.218 1.204 1.192 1.201 1.232 1.310 1.481 1.777 2.122 2.302 2.376 2.338 2.122 1.722 1.244
15.001 13.709 12.441 11.051 9.326 8.729 8.264 7.895 7.593 7.363 7.188 7.018 6.791 6.469 6.027 5.486 4.941 4.509 4.225 4.087 3.983 3.841 3.604 3.288 2.975 2.704 2.461 2.228 1.984 1.717 1.474 1.284 1.151 1.060 1.139 1.287 1.521 1.785 2.017 2.170 2.239 2.266 2.253 2.208 2.132 2.067 2.058 2.119 2.110 2.071 2.024 2.003 1.967 1.899 1.786 1.641 1.486 1.337 1.203 1.085 1.017 0.992 0.972 0.949 0.917 0.898 0.898 0.936 1.057 1.333 1.717 2.041 2.192 2.230 2.126 1.851 1.464
15.401 14.250 13.293 12.647 12.032 11.387 10.870 10.477 10.140 9.838 9.561 9.273 8.919 8.464 7.890 7.193 6.426 5.699 5.112 4.698 4.428 4.181 3.903 3.582 3.241 2.972 2.799 2.653 2.488 2.287 2.105 1.967 1.868 1.797 1.915 2.082 2.290 2.465 2.553 2.577 2.537 2.485 2.414 2.329 2.304 2.355 2.335 2.260 2.188 2.119 2.042 1.962 1.862 1.721 1.540 1.336 1.139 0.958 0.802 0.732 0.700 0.673 0.649 0.624 0.600 0.596 0.600 0.627 0.707 0.902 1.282 1.662 1.893 2.023 2.015 1.876 1.638
18.456 17.739 17.105 16.515 15.929 15.350 14.803 14.315 13.864 13.413 12.950 12.471 11.956 11.381 10.681 9.812 8.761 7.624 6.572 5.713 5.048 4.508 4.156 3.737 3.360 3.115 2.968 2.892 2.814 2.716 2.615 2.557 2.532 2.535 2.555 2.649 2.726 2.751 2.777 2.744 2.674 2.592 2.529 2.519 2.536 2.488 2.422 2.325 2.199 2.060 1.899 1.710 1.491 1.254 1.021 0.819 0.657 0.539 0.496 0.469 0.449 0.431 0.411 0.396 0.391 0.391 0.397 0.419 0.480 0.613 0.931 1.302 1.575 1.749 1.815 1.805 1.695
