RESULTS/r.avaflow_results/22_results/22_ascii/22_hflow10050.asc
ncols 506
nrows 317
xllcenter 498237.50
yllcenter 5580050.00
cellsize 12.50
NODATA_value -9999.000
[rows 170 to 203 of 317, columns 154 to 230 of 506]
2.136 1.953 1.789 1.643 1.511 1.387 1.270 1.157 1.049 0.944 0.845 0.751 0.665 0.583 0.507 0.435 0.368 0.305 0.246 0.194 0.150 0.115 0.087 0.065 0.049 0.038 0.030 0.026 0.024 0.024 0.024 0.024 0.023 0.023 0.023 0.023 0.023 0.024 0.023 0.023 0.022 0.020 0.019 0.018 0.016 0.014 0.012 0.010 0.009 0.007 0.006 0.005 0.004 0.003 0.003 0.003 0.003 0.003 0.003 0.003 0.003 0.003 0.003 0.003 0.003 0.003 0.003 0.003 0.004 0.005 0.007 0.007 0.007 0.007 0.006 0.004 0.003
2.301 2.138 1.987 1.845 1.707 1.573 1.444 1.318 1.197 1.081 0.971 0.868 0.773 0.685 0.603 0.526 0.454 0.386 0.322 0.262 0.207 0.159 0.119 0.089 0.067 0.051 0.040 0.032 0.029 0.027 0.027 0.026 0.026 0.026 0.025 0.024 0.024 0.024 0.024 0.023 0.021 0.020 0.018 0.016 0.015 0.013 0.010 0.007 0.005 0.004 0.003 0.003 0.002 0.002 0.002 0.002 0.002 0.002 0.002 0.002 0.002 0.002 0.002 0.002 0.002 0.002 0.002 0.002 0.003 0.004 0.005 0.007 0.007 0.007 0.006 0.006 0.004
2.423 2.274 2.132 1.987 1.843 1.702 1.568 1.438 1.314 1.195 1.080 0.971 0.869 0.773 0.683 0.599 0.521 0.448 0.380 0.317 0.258 0.205 0.159 0.120 0.090 0.068 0.051 0.039 0.032 0.029 0.028 0.027 0.027 0.026 0.025 0.024 0.024 0.023 0.023 0.021 0.019 0.017 0.015 0.013 0.011 0.008 0.006 0.004 0.003 0.002 0.002 0.002 0.001 0.001 0.001 0.001 0.002 0.002 0.002 0.002 0.002 0.002 0.002 0.001 0.001 0.001 0.002 0.002 0.002 0.003 0.004 0.005 0.006 0.007 0.007 0.006 0.005
2.498 2.360 2.221 2.078 1.937 1.801 1.670 1.543 1.420 1.301 1.184 1.071 0.962 0.858 0.760 0.667 0.580 0.499 0.425 0.358 0.297 0.242 0.192 0.149 0.113 0.084 0.062 0.046 0.036 0.030 0.028 0.027 0.026 0.025 0.024 0.023 0.022 0.021 0.020 0.017 0.014 0.012 0.009 0.007 0.006 0.004 0.003 0.002 0.002 0.001 0.001 0.001 0.001 0.001 0.001 0.001 0.001 0.001 0.001 0.001 0.001 0.001 0.001 0.001 0.001 0.001 0.001 0.001 0.001 0.002 0.003 0.004 0.006 0.006 0.006 0.006 0.006
2.531 2.400 2.268 2.136 2.005 1.879 1.755 1.635 1.516 1.398 1.282 1.166 1.052 0.939 0.830 0.727 0.631 0.543 0.463 0.391 0.326 0.267 0.215 0.169 0.129 0.096 0.070 0.051 0.038 0.031 0.027 0.025 0.024 0.022 0.021 0.019 0.018 0.016 0.014 0.011 0.008 0.006 0.005 0.004 0.003 0.002 0.002 0.001 0.001 0.001 0.001 0.001 0.001 0.001 0.001 0.001 0.001 0.001 0.001 0.001 0.001 0.001 0.001 0.001 0.001 0.001 0.001 0.001 0.001 0.001 0.002 0.003 0.004 0.006 0.006 0.006 0.006
2.539 2.414 2.293 2.174 2.056 1.940 1.825 1.712 1.597 1.483 1.369 1.253 1.134 1.013 0.892 0.777 0.672 0.576 0.490 0.414 0.345 0.284 0.230 0.181 0.139 0.104 0.076 0.055 0.040 0.031 0.025 0.022 0.020 0.018 0.015 0.013 0.012 0.010 0.008 0.006 0.004 0.003 0.002 0.002 0.002 0.001 0.001 0.001 0.001 0.001 0.001 0.001 0.001 0.001 0.001 0.001 0.001 0.001 0.001 0.001 0.001 0.001 0.001 0.001 0.001 0.001 0.001 0.001 0.001 0.001 0.001 0.002 0.003 0.005 0.005 0.006 0.006
2.537 2.415 2.303 2.195 2.090 1.985 1.879 1.774 1.665 1.557 1.445 1.328 1.206 1.077 0.943 0.817 0.703 0.600 0.509 0.429 0.357 0.294 0.238 0.188 0.144 0.107 0.078 0.056 0.041 0.030 0.023 0.019 0.015 0.011 0.009 0.007 0.006 0.005 0.004 0.003 0.002 0.002 0.001 0.001 0.001 0.001 0.001 0.001 0.001 0.001 0.001 0.001 0.001 0.001 0.001 0.001 0.001 0.001 0.001 0.001 0.001 0.001 0.001 0.001 0.001 0.001 0.001 0.001 0.001 0.001 0.001 0.001 0.002 0.003 0.004 0.005 0.005
2.527 2.411 2.305 2.206 2.112 2.016 1.919 1.822 1.721 1.618 1.510 1.394 1.268 1.130 0.983 0.846 0.723 0.614 0.519 0.436 0.363 0.299 0.242 0.191 0.146 0.108 0.078 0.056 0.040 0.029 0.020 0.014 0.010 0.007 0.005 0.004 0.003 0.003 0.002 0.002 0.001 0.001 0.001 0.001 0.001 0.001 0.001 0.001 0.001 0.001 0.001 0.001 0.001 0.001 0.001 0.001 0.001 0.001 0.001 0.001 0.001 0.001 0.001 0.001 0.001 0.000 0.001 0.001 0.001 0.001 0.001 0.001 0.002 0.002 0.003 0.004 0.005
2.510 2.399 2.301 2.210 2.124 2.038 1.951 1.862 1.770 1.674 1.569 1.452 1.320 1.172 1.011 0.864 0.734 0.620 0.522 0.437 0.364 0.300 0.243 0.191 0.144 0.105 0.074 0.052 0.036 0.024 0.016 0.010 0.006 0.004 0.003 0.002 0.002 0.002 0.001 0.001 0.001 0.001 0.001 0.001 0.001 0.001 0.001 0.001 0.001 0.001 0.001 0.001 0.001 0.001 0.001 0.001 0.001 0.001 0.001 0.001 0.001 0.001 0.001 0.000 0.000 0.000 0.000 0.000 0.000 0.001 0.001 0.001 0.001 0.002 0.002 0.003 0.004
2.479 2.378 2.289 2.207 2.128 2.053 1.978 1.900 1.817 1.726 1.623 1.503 1.364 1.205 1.032 0.876 0.739 0.622 0.521 0.435 0.361 0.296 0.237 0.183 0.134 0.094 0.063 0.041 0.026 0.016 0.009 0.005 0.003 0.002 0.002 0.001 0.001 0.001 0.001 0.001 0.001 0.001 0.001 0.001 0.001 0.001 0.001 0.001 0.001 0.001 0.001 0.002 0.002 0.002 0.002 0.002 0.001 0.001 0.001 0.001 0.001 0.001 0.000 0.000 0.000 0.000 0.000 0.000 0.000 0.000 0.000 0.001 0.001 0.001 0.002 0.002 0.003
2.434 2.347 2.267 2.195 2.127 2.064 2.000 1.934 1.860 1.773 1.670 1.545 1.398 1.227 1.046 0.884 0.743 0.621 0.517 0.427 0.349 0.279 0.216 0.159 0.111 0.072 0.043 0.024 0.013 0.008 0.004 0.003 0.002 0.001 0.001 0.001 0.001 0.001 0.001 0.001 0.001 0.001 0.001 0.001 0.001 0.001 0.001 0.001 0.001 0.002 0.002 0.002 0.002 0.002 0.002 0.002 0.002 0.002 0.001 0.001 0.001 0.001 0.000 0.000 0.000 0.000 0.000 0.000 0.000 0.000 0.000 0.000 0.001 0.001 0.001 0.002 0.002
2.374 2.299 2.233 2.174 2.120 2.070 2.019 1.965 1.898 1.812 1.705 1.575 1.420 1.240 1.054 0.889 0.744 0.618 0.506 0.408 0.319 0.239 0.170 0.113 0.070 0.039 0.020 0.010 0.006 0.003 0.002 0.002 0.001 0.001 0.001 0.001 0.001 0.001 0.001 0.001 0.001 0.001 0.001 0.001 0.001 0.001 0.001 0.001 0.002 0.002 0.002 0.003 0.003 0.003 0.003 0.003 0.002 0.002 0.001 0.001 0.001 0.001 0.001 0.000 0.000 0.000 0.000 0.000 0.000 0.000 0.000 0.000 0.000 0.001 0.001 0.001 0.002
2.298 2.238 2.189 2.145 2.107 2.070 2.032 1.987 1.923 1.836 1.725 1.590 1.428 1.243 1.057 0.890 0.740 0.603 0.476 0.360 0.255 0.165 0.097 0.054 0.029 0.015 0.008 0.004 0.002 0.002 0.001 0.001 0.001 0.001 0.001 0.001 0.001 0.001 0.001 0.001 0.001 0.001 0.001 0.001 0.001 0.001 0.002 0.002 0.002 0.003 0.003 0.004 0.004 0.004 0.004 0.004 0.003 0.002 0.002 0.001 0.001 0.001 0.001 0.000 0.000 0.000 0.000 0.000 0.000 0.000 0.000 0.000 0.000 0.000 0.001 0.001 0.001
2.210 2.166 2.131 2.105 2.084 2.063 2.035 1.992 1.931 1.842 1.726 1.582 1.413 1.224 1.036 0.863 0.699 0.541 0.390 0.255 0.146 0.074 0.037 0.019 0.010 0.005 0.003 0.002 0.001 0.001 0.001 0.001 0.001 0.001 0.001 0.001 0.001 0.001 0.001 0.001 0.001 0.001 0.001 0.001 0.002 0.002 0.002 0.002 0.003 0.004 0.005 0.005 0.006 0.006 0.005 0.005 0.004 0.003 0.002 0.002 0.001 0.001 0.001 0.000 0.000 0.000 0.000 0.000 0.000 0.000 0.000 0.000 0.000 0.000 0.000 0.001 0.001
2.108 2.082 2.060 2.041 2.023 2.003 1.976 1.935 1.877 1.787 1.661 1.499 1.312 1.111 0.918 0.732 0.549 0.373 0.221 0.113 0.052 0.023 0.011 0.006 0.003 0.002 0.001 0.001 0.001 0.001 0.001 0.001 0.001 0.001 0.001 0.001 0.001 0.001 0.001 0.001 0.001 0.001 0.002 0.002 0.002 0.002 0.003 0.004 0.005 0.006 0.008 0.008 0.008 0.008 0.008 0.007 0.006 0.004 0.003 0.002 0.001 0.001 0.001 0.000 0.000 0.000 0.000 0.000 0.000 0.000 0.000 0.000 0.000 0.000 0.000 0.000 0.000
1.992 1.973 1.941 1.890 1.828 1.775 1.729 1.681 1.625 1.541 1.411 1.235 1.024 0.806 0.608 0.432 0.275 0.153 0.075 0.032 0.014 0.006 0.004 0.002 0.002 0.001 0.001 0.001 0.001 0.001 0.001 0.001 0.001 0.001 0.001 0.001 0.001 0.001 0.002 0.002 0.002 0.002 0.002 0.002 0.003 0.003 0.004 0.006 0.008 0.011 0.012 0.013 0.014 0.013 0.012 0.010 0.007 0.005 0.004 0.003 0.002 0.001 0.001 0.001 0.000 0.000 0.000 0.000 0.000 0.000 0.000 0.000 0.000 0.000 0.000 0.000 0.000
1.797 1.735 1.637 1.504 1.364 1.248 1.164 1.099 1.040 0.969 0.863 0.712 0.523 0.357 0.238 0.150 0.085 0.042 0.019 0.008 0.004 0.002 0.002 0.001 0.001 0.001 0.001 0.001 0.001 0.001 0.001 0.001 0.001 0.001 0.002 0.002 0.002 0.002 0.002 0.002 0.002 0.003 0.003 0.004 0.004 0.005 0.007 0.010 0.015 0.019 0.021 0.022 0.023 0.021 0.017 0.013 0.009 0.006 0.005 0.003 0.002 0.001 0.001 0.001 0.000 0.000 0.000 0.000 0.000 0.000 0.000 0.000 0.000 0.000 0.000 0.000 0.000
1.390 1.227 1.042 0.853 0.697 0.587 0.512 0.459 0.417 0.375 0.323 0.255 0.173 0.108 0.065 0.039 0.021 0.011 0.005 0.003 0.002 0.001 0.001 0.001 0.001 0.001 0.001 0.001 0.001 0.001 0.001 0.002 0.002 0.002 0.002 0.002 0.002 0.003 0.003 0.003 0.004 0.004 0.005 0.006 0.008 0.010 0.014 0.021 0.029 0.034 0.037 0.037 0.034 0.027 0.020 0.014 0.010 0.007 0.005 0.003 0.002 0.002 0.001 0.001 0.000 0.000 0.000 0.000 0.000 0.000 0.000 0.000 0.000 0.000 0.000 0.000 0.000
0.779 0.614 0.479 0.370 0.285 0.223 0.180 0.151 0.130 0.111 0.092 0.070 0.046 0.028 0.017 0.010 0.006 0.004 0.002 0.002 0.001 0.001 0.001 0.001 0.001 0.001 0.001 0.002 0.002 0.002 0.002 0.002 0.002 0.003 0.003 0.003 0.004 0.004 0.005 0.006 0.007 0.009 0.010 0.013 0.016 0.022 0.032 0.045 0.055 0.059 0.059 0.052 0.040 0.030 0.021 0.015 0.011 0.008 0.005 0.004 0.002 0.002 0.001 0.001 0.000 0.000 0.000 0.000 0.000 0.000 0.000 0.000 0.000 0.000 0.000 0.000 0.000
0.338 0.255 0.193 0.145 0.108 0.081 0.062 0.049 0.040 0.033 0.026 0.019 0.013 0.008 0.005 0.004 0.003 0.002 0.002 0.001 0.001 0.001 0.001 0.001 0.002 0.002 0.002 0.002 0.002 0.003 0.003 0.004 0.004 0.005 0.006 0.007 0.008 0.009 0.011 0.013 0.016 0.020 0.025 0.030 0.039 0.052 0.070 0.086 0.093 0.089 0.076 0.058 0.043 0.031 0.022 0.016 0.011 0.008 0.005 0.004 0.002 0.002 0.001 0.001 0.000 0.000 0.000 0.000 0.000 0.000 0.000 0.000 0.000 0.000 0.000 0.000 0.000
0.131 0.098 0.074 0.055 0.040 0.029 0.021 0.016 0.013 0.011 0.008 0.006 0.005 0.003 0.003 0.002 0.002 0.002 0.002 0.002 0.002 0.002 0.002 0.002 0.002 0.002 0.003 0.003 0.004 0.005 0.006 0.007 0.009 0.010 0.012 0.015 0.018 0.023 0.028 0.035 0.042 0.051 0.061 0.073 0.088 0.108 0.126 0.132 0.126 0.107 0.082 0.060 0.043 0.031 0.022 0.016 0.011 0.008 0.005 0.004 0.002 0.002 0.001 0.001 0.000 0.000 0.000 0.000 0.000 0.000 0.000 0.000 0.000 0.000 0.000 0.000 0.000
0.050 0.037 0.028 0.021 0.015 0.011 0.008 0.006 0.005 0.004 0.004 0.003 0.003 0.002 0.002 0.002 0.002 0.002 0.002 0.002 0.002 0.002 0.002 0.003 0.003 0.004 0.005 0.007 0.008 0.011 0.013 0.017 0.021 0.026 0.032 0.039 0.049 0.061 0.075 0.089 0.103 0.117 0.130 0.142 0.153 0.162 0.166 0.160 0.141 0.112 0.082 0.060 0.043 0.031 0.022 0.016 0.011 0.008 0.005 0.004 0.002 0.002 0.001 0.001 0.000 0.000 0.000 0.000 0.000 0.000 0.000 0.000 0.000 0.000 0.000 0.000 0.000
0.019 0.015 0.011 0.009 0.006 0.005 0.004 0.003 0.003 0.002 0.002 0.002 0.002 0.002 0.002 0.002 0.002 0.002 0.002 0.002 0.002 0.003 0.004 0.005 0.006 0.008 0.011 0.016 0.021 0.028 0.036 0.045 0.057 0.070 0.085 0.103 0.125 0.149 0.170 0.186 0.193 0.193 0.193 0.192 0.192 0.190 0.184 0.169 0.144 0.111 0.082 0.060 0.043 0.031 0.022 0.016 0.011 0.008 0.005 0.004 0.002 0.001 0.001 0.001 0.000 0.000 0.000 0.000 0.000 0.000 0.000 0.000 0.000 0.000 0.000 0.000 0.000
0.008 0.007 0.005 0.004 0.003 0.003 0.002 0.002 0.002 0.002 0.002 0.002 0.002 0.002 0.002 0.002 0.002 0.002 0.002 0.003 0.003 0.005 0.006 0.009 0.014 0.020 0.030 0.043 0.059 0.077 0.099 0.124 0.151 0.179 0.207 0.237 0.265 0.281 0.282 0.270 0.250 0.232 0.219 0.211 0.204 0.197 0.187 0.170 0.144 0.111 0.082 0.060 0.043 0.031 0.022 0.016 0.011 0.008 0.005 0.003 0.002 0.001 0.001 0.000 0.000 0.000 0.000 0.000 0.000 0.000 0.000 0.000 0.000 0.000 0.000 0.000 0.000
0.004 0.003 0.003 0.002 0.002 0.002 0.002 0.002 0.002 0.002 0.002 0.002 0.002 0.002 0.002 0.002 0.002 0.003 0.003 0.004 0.006 0.009 0.015 0.023 0.037 0.057 0.086 0.124 0.164 0.206 0.249 0.294 0.337 0.370 0.393 0.403 0.397 0.376 0.342 0.304 0.268 0.241 0.223 0.212 0.203 0.194 0.182 0.165 0.139 0.106 0.078 0.057 0.041 0.030 0.021 0.015 0.010 0.007 0.004 0.003 0.002 0.001 0.001 0.000 0.000 0.000 0.000 0.000 0.000 0.000 0.000 0.000 0.000 0.000 0.000 0.000 0.000
0.002 0.002 0.002 0.002 0.002 0.002 0.002 0.002 0.002 0.002 0.002 0.002 0.002 0.002 0.002 0.002 0.003 0.004 0.005 0.008 0.013 0.023 0.038 0.064 0.104 0.162 0.236 0.314 0.384 0.443 0.490 0.522 0.537 0.538 0.526 0.500 0.461 0.411 0.357 0.309 0.269 0.239 0.219 0.204 0.190 0.176 0.160 0.141 0.116 0.088 0.065 0.048 0.035 0.025 0.018 0.012 0.008 0.005 0.003 0.002 0.001 0.000 0.000 0.000 0.000 0.000 0.000 0.000 0.000 0.000 0.000 0.000 0.000 0.000 0.000 0.000 0.000
0.002 0.002 0.002 0.002 0.002 0.002 0.002 0.002 0.002 0.002 0.002 0.002 0.002 0.002 0.003 0.003 0.004 0.007 0.011 0.019 0.034 0.061 0.105 0.174 0.270 0.387 0.503 0.588 0.638 0.661 0.669 0.662 0.643 0.614 0.576 0.530 0.475 0.415 0.357 0.307 0.265 0.230 0.202 0.178 0.155 0.133 0.112 0.091 0.071 0.054 0.040 0.030 0.023 0.017 0.012 0.008 0.005 0.003 0.002 0.001 0.000 0.000 0.000 0.000 0.000 0.000 0.000 0.000 0.000 0.000 0.000 0.000 0.000 0.000 0.000 0.000 0.000
0.001 0.001 0.001 0.001 0.002 0.002 0.002 0.002 0.002 0.002 0.002 0.003 0.003 0.003 0.004 0.005 0.008 0.014 0.026 0.048 0.089 0.155 0.255 0.390 0.531 0.648 0.724 0.764 0.776 0.768 0.748 0.716 0.676 0.630 0.582 0.531 0.475 0.413 0.352 0.298 0.250 0.206 0.165 0.129 0.098 0.074 0.056 0.043 0.032 0.025 0.019 0.015 0.012 0.009 0.006 0.004 0.002 0.001 0.001 0.000 0.000 0.000 0.000 0.000 0.000 0.000 0.000 0.000 0.000 0.000 0.000 0.000 0.000 0.000 0.000 0.000 0.000
0.001 0.001 0.001 0.001 0.002 0.002 0.002 0.002 0.003 0.003 0.003 0.003 0.004 0.004 0.006 0.010 0.017 0.033 0.063 0.115 0.202 0.323 0.465 0.603 0.714 0.787 0.821 0.829 0.823 0.805 0.775 0.732 0.681 0.630 0.580 0.528 0.470 0.404 0.334 0.270 0.210 0.155 0.107 0.072 0.049 0.034 0.024 0.018 0.014 0.011 0.009 0.007 0.006 0.004 0.003 0.002 0.001 0.001 0.000 0.000 0.000 0.000 0.000 0.000 0.000 0.000 0.000 0.000 0.000 0.000 0.000 0.000 0.000 0.000 0.000 0.000 0.000
0.001 0.001 0.001 0.002 0.002 0.002 0.003 0.003 0.004 0.004 0.005 0.005 0.006 0.007 0.011 0.020 0.038 0.073 0.133 0.225 0.346 0.478 0.601 0.705 0.782 0.826 0.842 0.843 0.837 0.819 0.784 0.736 0.680 0.622 0.566 0.507 0.440 0.364 0.281 0.205 0.139 0.089 0.055 0.035 0.022 0.015 0.011 0.008 0.006 0.005 0.004 0.003 0.003 0.002 0.001 0.001 0.000 0.000 0.000 0.000 0.000 0.000 0.000 0.000 0.000 0.000 0.000 0.000 0.000 0.000 0.000 0.000 0.000 0.000 0.000 0.000 0.000
0.001 0.001 0.002 0.002 0.003 0.003 0.004 0.005 0.006 0.007 0.008 0.009 0.010 0.014 0.021 0.037 0.069 0.123 0.205 0.315 0.439 0.553 0.649 0.730 0.791 0.829 0.845 0.849 0.844 0.824 0.785 0.729 0.658 0.580 0.502 0.426 0.346 0.261 0.180 0.115 0.070 0.042 0.025 0.016 0.010 0.007 0.005 0.004 0.003 0.002 0.002 0.001 0.001 0.001 0.000 0.000 0.000 0.000 0.000 0.000 0.000 0.000 0.000 0.000 0.000 0.000 0.000 0.000 0.000 0.000 0.000 0.000 0.000 0.000 0.000 0.000 0.000
0.001 0.002 0.002 0.003 0.004 0.006 0.007 0.009 0.011 0.012 0.013 0.015 0.017 0.021 0.030 0.050 0.089 0.153 0.244 0.359 0.476 0.574 0.658 0.731 0.788 0.824 0.841 0.843 0.834 0.808 0.757 0.680 0.581 0.467 0.361 0.268 0.189 0.127 0.082 0.050 0.030 0.018 0.011 0.007 0.005 0.003 0.002 0.002 0.001 0.001 0.001 0.000 0.000 0.000 0.000 0.000 0.000 0.000 0.000 0.000 0.000 0.000 0.000 0.000 0.000 0.000 0.000 0.000 0.000 0.000 0.000 0.000 0.000 0.000 0.000 0.000 0.000
0.002 0.002 0.004 0.006 0.008 0.011 0.014 0.017 0.019 0.021 0.022 0.022 0.023 0.026 0.035 0.055 0.096 0.163 0.255 0.370 0.481 0.574 0.652 0.714 0.756 0.776 0.778 0.766 0.743 0.701 0.635 0.542 0.416 0.284 0.185 0.120 0.077 0.049 0.031 0.019 0.012 0.007 0.005 0.003 0.002 0.001 0.001 0.001 0.000 0.000 0.000 0.000 0.000 0.000 0.000 0.000 0.000 0.000 0.000 0.000 0.000 0.000 0.000 0.000 0.000 0.000 0.000 0.000 0.000 0.000 0.000 0.000 0.000 0.000 0.000 0.000 0.000
0.002 0.004 0.007 0.011 0.016 0.021 0.025 0.028 0.030 0.030 0.028 0.027 0.026 0.028 0.035 0.055 0.095 0.160 0.250 0.361 0.464 0.544 0.600 0.631 0.639 0.622 0.589 0.550 0.505 0.453 0.389 0.307 0.211 0.131 0.077 0.045 0.027 0.017 0.011 0.007 0.005 0.003 0.002 0.001 0.001 0.001 0.000 0.000 0.000 0.000 0.000 0.000 0.000 0.000 0.000 0.000 0.000 0.000 0.000 0.000 0.000 0.000 0.000 0.000 0.000 0.000 0.000 0.000 0.000 0.000 0.000 0.000 0.000 0.000 0.000 0.000 0.000
