RESULTS/r.avaflow_results/22_results/22_ascii/22_hflow30027.asc
ncols 506
nrows 317
xllcenter 498237.50
yllcenter 5580050.00
cellsize 12.50
NODATA_value -9999.000
[rows 136 to 169 of 317, columns 154 to 230 of 506]
0.000 0.000 0.000 0.000 0.000 0.000 0.000 0.000 0.000 0.000 0.000 0.000 0.000 0.000 0.000 0.000 0.000 0.000 0.000 0.000 0.000 0.000 0.000 0.000 0.000 0.000 0.000 0.000 0.000 0.000 0.000 0.000 0.000 0.000 0.000 0.000 0.000 0.000 0.000 0.000 0.000 0.000 0.000 0.000 0.000 0.000 0.000 0.000 0.000 0.000 0.000 0.000 0.000 0.000 0.000 0.000 0.000 0.000 0.000 0.000 0.000 0.000 0.000 0.000 0.000 0.000 0.000 0.000 0.000 0.000 0.000 0.000 0.000 0.000 0.000 0.000 0.000
0.000 0.000 0.000 0.000 0.000 0.000 0.000 0.000 0.000 0.000 0.000 0.000 0.000 0.000 0.000 0.000 0.000 0.000 0.000 0.000 0.000 0.000 0.000 0.000 0.000 0.000 0.000 0.000 0.000 0.000 0.000 0.000 0.000 0.000 0.000 0.000 0.000 0.000 0.000 0.000 0.000 0.000 0.000 0.000 0.000 0.000 0.000 0.000 0.000 0.000 0.000 0.000 0.000 0.000 0.000 0.000 0.000 0.000 0.000 0.000 0.000 0.000 0.000 0.000 0.000 0.000 0.000 0.000 0.000 0.000 0.000 0.000 0.000 0.000 0.000 0.000 0.000
0.000 0.000 0.000 0.000 0.000 0.000 0.000 0.000 0.000 0.000 0.000 0.000 0.000 0.000 0.000 0.000 0.000 0.000 0.000 0.000 0.000 0.000 0.000 0.000 0.000 0.000 0.000 0.000 0.000 0.000 0.000 0.000 0.000 0.000 0.000 0.000 0.000 0.000 0.000 0.000 0.000 0.000 0.000 0.000 0.000 0.000 0.000 0.000 0.000 0.000 0.000 0.000 0.000 0.000 0.000 0.000 0.000 0.000 0.000 0.000 0.000 0.000 0.000 0.000 0.000 0.000 0.000 0.000 0.000 0.000 0.000 0.000 0.000 0.000 0.000 0.000 0.000
0.000 0.000 0.000 0.000 0.000 0.000 0.000 0.000 0.000 0.000 0.000 0.000 0.000 0.000 0.000 0.000 0.000 0.000 0.000 0.000 0.000 0.000 0.000 0.000 0.000 0.000 0.000 0.000 0.000 0.000 0.000 0.000 0.000 0.000 0.000 0.000 0.000 0.000 0.000 0.000 0.000 0.000 0.000 0.000 0.000 0.000 0.000 0.000 0.000 0.000 0.000 0.000 0.000 0.000 0.000 0.000 0.000 0.000 0.000 0.000 0.000 0.000 0.000 0.000 0.000 0.000 0.000 0.000 0.000 0.000 0.000 0.000 0.000 0.000 0.000 0.000 0.000
0.000 0.000 0.000 0.000 0.000 0.000 0.000 0.000 0.000 0.000 0.000 0.000 0.000 0.000 0.000 0.000 0.000 0.000 0.000 0.000 0.000 0.000 0.000 0.000 0.000 0.000 0.000 0.000 0.000 0.000 0.000 0.000 0.000 0.000 0.000 0.000 0.000 0.000 0.000 0.000 0.000 0.000 0.000 0.000 0.000 0.000 0.000 0.000 0.000 0.000 0.000 0.000 0.000 0.000 0.000 0.000 0.000 0.000 0.000 0.000 0.000 0.000 0.000 0.000 0.000 0.000 0.000 0.000 0.000 0.000 0.000 0.000 0.000 0.000 0.000 0.000 0.000
0.000 0.000 0.000 0.000 0.000 0.000 0.000 0.000 0.000 0.000 0.000 0.000 0.000 0.000 0.000 0.000 0.000 0.000 0.000 0.000 0.000 0.000 0.000 0.000 0.000 0.000 0.000 0.000 0.000 0.000 0.000 0.000 0.000 0.000 0.000 0.000 0.000 0.000 0.000 0.000 0.000 0.000 0.000 0.000 0.000 0.000 0.000 0.000 0.000 0.000 0.000 0.000 0.000 0.000 0.000 0.000 0.000 0.000 0.000 0.000 0.000 0.000 0.000 0.000 0.000 0.000 0.000 0.000 0.000 0.000 0.000 0.000 0.000 0.000 0.000 0.000 0.000
0.000 0.000 0.000 0.000 0.000 0.000 0.000 0.000 0.000 0.000 0.000 0.000 0.000 0.000 0.000 0.000 0.000 0.000 0.000 0.000 0.000 0.000 0.000 0.000 0.000 0.000 0.000 0.000 0.000 0.000 0.000 0.000 0.000 0.000 0.000 0.000 0.000 0.000 0.000 0.000 0.000 0.000 0.000 0.000 0.000 0.000 0.000 0.000 0.000 0.000 0.000 0.000 0.000 0.000 0.000 0.000 0.000 0.000 0.000 0.000 0.000 0.000 0.000 0.000 0.000 0.000 0.000 0.000 0.000 0.000 0.000 0.000 0.000 0.000 0.000 0.000 0.000
0.000 0.000 0.000 0.000 0.000 0.000 0.000 0.000 0.000 0.000 0.000 0.000 0.000 0.000 0.000 0.000 0.000 0.000 0.000 0.000 0.000 0.000 0.000 0.000 0.000 0.000 0.000 0.000 0.000 0.000 0.000 0.000 0.000 0.000 0.000 0.000 0.000 0.000 0.000 0.000 0.000 0.000 0.000 0.000 0.000 0.000 0.000 0.000 0.000 0.000 0.000 0.000 0.000 0.000 0.000 0.000 0.000 0.000 0.000 0.000 0.000 0.000 0.000 0.000 0.000 0.000 0.000 0.000 0.000 0.000 0.000 0.000 0.000 0.000 0.000 0.000 0.000
0.000 0.000 0.000 0.000 0.000 0.000 0.000 0.000 0.000 0.000 0.000 0.000 0.000 0.000 0.000 0.000 0.000 0.000 0.000 0.000 0.000 0.000 0.000 0.000 0.000 0.000 0.000 0.000 0.000 0.000 0.000 0.000 0.000 0.000 0.000 0.000 0.000 0.000 0.000 0.000 0.000 0.000 0.000 0.000 0.000 0.000 0.000 0.000 0.000 0.000 0.000 0.000 0.000 0.000 0.000 0.000 0.000 0.000 0.000 0.000 0.000 0.000 0.000 0.000 0.000 0.000 0.000 0.000 0.000 0.000 0.000 0.000 0.000 0.000 0.000 0.000 0.000
0.000 0.000 0.000 0.000 0.000 0.000 0.000 0.000 0.000 0.000 0.000 0.000 0.000 0.000 0.000 0.000 0.000 0.000 0.000 0.000 0.000 0.000 0.000 0.000 0.000 0.000 0.000 0.000 0.000 0.000 0.000 0.000 0.000 0.000 0.000 0.000 0.000 0.000 0.000 0.000 0.000 0.000 0.000 0.000 0.000 0.000 0.000 0.000 0.000 0.000 0.000 0.000 0.000 0.000 0.000 0.000 0.000 0.000 0.000 0.000 0.000 0.000 0.000 0.000 0.000 0.000 0.000 0.000 0.000 0.000 0.000 0.000 0.000 0.000 0.000 0.000 0.000
0.000 0.000 0.000 0.000 0.000 0.000 0.000 0.000 0.000 0.000 0.000 0.000 0.000 0.000 0.000 0.000 0.000 0.000 0.000 0.000 0.000 0.000 0.000 0.000 0.000 0.000 0.000 0.000 0.000 0.000 0.000 0.000 0.000 0.000 0.000 0.000 0.000 0.000 0.000 0.000 0.000 0.000 0.000 0.000 0.000 0.000 0.000 0.000 0.000 0.000 0.000 0.000 0.000 0.000 0.000 0.000 0.000 0.000 0.000 0.000 0.000 0.000 0.000 0.000 0.000 0.000 0.000 0.000 0.000 0.000 0.000 0.000 0.000 0.000 0.000 0.000 0.000
0.000 0.000 0.000 0.000 0.000 0.000 0.000 0.000 0.000 0.000 0.000 0.000 0.000 0.000 0.000 0.000 0.000 0.000 0.000 0.000 0.000 0.000 0.000 0.000 0.000 0.000 0.000 0.000 0.000 0.000 0.000 0.000 0.000 0.000 0.000 0.000 0.000 0.000 0.000 0.000 0.000 0.000 0.000 0.000 0.000 0.000 0.000 0.000 0.000 0.000 0.000 0.000 0.000 0.000 0.000 0.000 0.000 0.000 0.000 0.000 0.000 0.000 0.000 0.000 0.000 0.000 0.000 0.000 0.000 0.000 0.000 0.000 0.000 0.000 0.000 0.000 0.000
0.000 0.000 0.000 0.000 0.000 0.000 0.000 0.000 0.000 0.000 0.000 0.000 0.000 0.000 0.000 0.000 0.000 0.000 0.000 0.000 0.000 0.000 0.000 0.000 0.000 0.000 0.000 0.000 0.000 0.000 0.000 0.000 0.000 0.000 0.000 0.000 0.000 0.000 0.000 0.000 0.000 0.000 0.000 0.000 0.000 0.000 0.000 0.000 0.000 0.000 0.000 0.000 0.000 0.000 0.000 0.000 0.000 0.000 0.000 0.000 0.000 0.000 0.000 0.000 0.000 0.000 0.000 0.000 0.000 0.000 0.000 0.000 0.000 0.000 0.000 0.000 0.000
0.000 0.000 0.000 0.000 0.000 0.000 0.000 0.000 0.000 0.000 0.000 0.000 0.000 0.000 0.000 0.000 0.000 0.000 0.000 0.000 0.000 0.000 0.000 0.000 0.000 0.000 0.000 0.000 0.000 0.000 0.000 0.000 0.000 0.000 0.000 0.000 0.000 0.000 0.000 0.000 0.000 0.000 0.000 0.000 0.000 0.000 0.000 0.000 0.000 0.000 0.000 0.000 0.000 0.000 0.000 0.000 0.000 0.000 0.000 0.000 0.000 0.000 0.000 0.000 0.000 0.000 0.000 0.000 0.000 0.000 0.000 0.000 0.000 0.000 0.000 0.000 0.000
0.002 0.001 0.001 0.001 0.001 0.001 0.001 0.000 0.000 0.000 0.000 0.000 0.000 0.000 0.000 0.000 0.000 0.000 0.000 0.000 0.000 0.000 0.000 0.000 0.000 0.000 0.000 0.000 0.000 0.000 0.000 0.000 0.000 0.000 0.000 0.000 0.000 0.000 0.000 0.000 0.000 0.000 0.000 0.000 0.000 0.000 0.000 0.000 0.000 0.000 0.000 0.000 0.000 0.000 0.000 0.000 0.000 0.000 0.000 0.000 0.000 0.000 0.000 0.000 0.000 0.000 0.000 0.000 0.000 0.000 0.000 0.000 0.000 0.000 0.000 0.000 0.000
0.003 0.003 0.002 0.002 0.002 0.002 0.001 0.001 0.001 0.000 0.000 0.000 0.000 0.000 0.000 0.000 0.000 0.000 0.000 0.000 0.000 0.000 0.000 0.000 0.000 0.000 0.000 0.000 0.000 0.000 0.000 0.000 0.000 0.000 0.000 0.000 0.000 0.000 0.000 0.000 0.000 0.000 0.000 0.000 0.000 0.000 0.000 0.001 0.001 0.001 0.001 0.002 0.002 0.002 0.002 0.002 0.002 0.002 0.002 0.002 0.002 0.001 0.001 0.001 0.001 0.001 0.001 0.001 0.001 0.001 0.001 0.001 0.001 0.001 0.001 0.001 0.001
0.005 0.005 0.004 0.004 0.003 0.003 0.003 0.002 0.002 0.001 0.001 0.001 0.000 0.000 0.000 0.000 0.000 0.000 0.000 0.000 0.000 0.000 0.000 0.000 0.000 0.000 0.000 0.000 0.000 0.000 0.000 0.000 0.000 0.000 0.000 0.000 0.000 0.000 0.000 0.000 0.000 0.000 0.000 0.000 0.001 0.001 0.002 0.002 0.003 0.004 0.004 0.005 0.005 0.005 0.005 0.005 0.005 0.005 0.005 0.005 0.005 0.005 0.005 0.005 0.005 0.005 0.005 0.005 0.005 0.005 0.004 0.004 0.004 0.003 0.003 0.002 0.002
0.008 0.007 0.006 0.006 0.005 0.005 0.004 0.004 0.003 0.003 0.002 0.002 0.001 0.001 0.001 0.001 0.000 0.000 0.000 0.000 0.000 0.000 0.000 0.000 0.000 0.000 0.000 0.000 0.000 0.000 0.000 0.000 0.000 0.000 0.000 0.000 0.000 0.000 0.000 0.000 0.000 0.000 0.001 0.001 0.002 0.003 0.004 0.006 0.007 0.008 0.009 0.010 0.010 0.010 0.010 0.010 0.010 0.010 0.010 0.010 0.010 0.009 0.009 0.009 0.009 0.009 0.009 0.009 0.009 0.009 0.009 0.009 0.008 0.007 0.006 0.005 0.004
0.011 0.010 0.009 0.008 0.007 0.007 0.006 0.005 0.005 0.004 0.004 0.003 0.003 0.002 0.002 0.002 0.001 0.001 0.001 0.001 0.000 0.000 0.000 0.000 0.000 0.000 0.000 0.000 0.000 0.000 0.000 0.000 0.000 0.000 0.000 0.000 0.000 0.000 0.000 0.000 0.001 0.001 0.002 0.004 0.005 0.007 0.008 0.010 0.012 0.014 0.016 0.017 0.018 0.018 0.018 0.018 0.018 0.018 0.017 0.017 0.017 0.016 0.016 0.016 0.016 0.016 0.016 0.017 0.016 0.016 0.016 0.015 0.013 0.012 0.010 0.008 0.006
0.016 0.014 0.012 0.011 0.010 0.009 0.008 0.008 0.007 0.007 0.006 0.005 0.005 0.004 0.004 0.003 0.003 0.003 0.002 0.002 0.001 0.001 0.001 0.001 0.001 0.001 0.001 0.001 0.001 0.001 0.001 0.001 0.001 0.001 0.001 0.001 0.001 0.001 0.001 0.002 0.003 0.004 0.005 0.007 0.009 0.011 0.014 0.016 0.019 0.022 0.025 0.027 0.028 0.029 0.029 0.029 0.029 0.029 0.028 0.028 0.028 0.027 0.026 0.026 0.026 0.026 0.027 0.027 0.027 0.027 0.026 0.024 0.021 0.017 0.014 0.012 0.010
0.023 0.019 0.017 0.015 0.013 0.012 0.011 0.010 0.010 0.009 0.009 0.008 0.008 0.007 0.007 0.006 0.005 0.005 0.004 0.004 0.003 0.003 0.003 0.003 0.002 0.002 0.002 0.002 0.002 0.002 0.002 0.002 0.003 0.003 0.003 0.003 0.003 0.003 0.004 0.005 0.006 0.007 0.009 0.012 0.014 0.017 0.021 0.024 0.029 0.033 0.037 0.041 0.044 0.046 0.047 0.047 0.047 0.047 0.047 0.046 0.045 0.044 0.043 0.042 0.042 0.043 0.044 0.045 0.045 0.045 0.043 0.038 0.032 0.025 0.020 0.017 0.014
0.036 0.029 0.024 0.021 0.018 0.016 0.015 0.014 0.013 0.013 0.012 0.012 0.011 0.010 0.010 0.009 0.009 0.008 0.008 0.007 0.006 0.006 0.005 0.005 0.005 0.005 0.005 0.005 0.005 0.005 0.005 0.005 0.005 0.005 0.006 0.006 0.006 0.007 0.008 0.009 0.011 0.013 0.015 0.018 0.021 0.025 0.030 0.035 0.041 0.047 0.054 0.061 0.067 0.072 0.075 0.076 0.077 0.078 0.079 0.078 0.077 0.075 0.072 0.071 0.070 0.072 0.075 0.078 0.079 0.078 0.074 0.063 0.048 0.036 0.028 0.023 0.019
0.064 0.048 0.037 0.030 0.026 0.023 0.020 0.019 0.018 0.017 0.017 0.016 0.015 0.015 0.014 0.014 0.013 0.012 0.012 0.011 0.010 0.009 0.009 0.009 0.008 0.008 0.008 0.008 0.008 0.008 0.008 0.008 0.009 0.009 0.009 0.010 0.011 0.012 0.013 0.015 0.017 0.019 0.022 0.026 0.030 0.035 0.041 0.049 0.057 0.066 0.077 0.088 0.101 0.111 0.119 0.124 0.128 0.132 0.135 0.136 0.136 0.133 0.128 0.125 0.125 0.127 0.133 0.141 0.144 0.143 0.134 0.111 0.078 0.054 0.040 0.031 0.025
0.127 0.090 0.065 0.050 0.040 0.033 0.029 0.026 0.025 0.023 0.023 0.022 0.021 0.020 0.020 0.019 0.018 0.017 0.017 0.016 0.015 0.014 0.013 0.013 0.013 0.012 0.012 0.012 0.012 0.012 0.013 0.013 0.013 0.014 0.014 0.015 0.016 0.018 0.020 0.022 0.025 0.028 0.032 0.037 0.042 0.049 0.057 0.067 0.078 0.092 0.108 0.126 0.148 0.169 0.185 0.198 0.209 0.219 0.229 0.236 0.239 0.238 0.234 0.230 0.230 0.234 0.249 0.268 0.275 0.273 0.254 0.206 0.135 0.087 0.059 0.043 0.034
0.272 0.187 0.129 0.092 0.069 0.055 0.045 0.039 0.035 0.033 0.032 0.031 0.030 0.029 0.028 0.027 0.026 0.025 0.024 0.023 0.022 0.020 0.019 0.018 0.018 0.018 0.017 0.017 0.018 0.018 0.018 0.018 0.019 0.019 0.020 0.022 0.023 0.025 0.028 0.031 0.035 0.039 0.045 0.051 0.058 0.067 0.078 0.091 0.107 0.127 0.151 0.181 0.217 0.253 0.283 0.308 0.329 0.350 0.371 0.391 0.406 0.414 0.417 0.418 0.421 0.435 0.471 0.518 0.531 0.525 0.487 0.394 0.253 0.150 0.093 0.063 0.046
0.570 0.397 0.272 0.187 0.133 0.100 0.078 0.064 0.056 0.050 0.047 0.045 0.043 0.042 0.040 0.039 0.037 0.036 0.034 0.033 0.031 0.029 0.027 0.026 0.025 0.024 0.024 0.024 0.024 0.024 0.024 0.025 0.026 0.027 0.028 0.030 0.032 0.035 0.039 0.043 0.049 0.055 0.063 0.072 0.082 0.094 0.109 0.127 0.150 0.179 0.218 0.266 0.324 0.379 0.428 0.469 0.504 0.535 0.564 0.590 0.612 0.630 0.645 0.661 0.680 0.714 0.783 0.890 0.961 0.963 0.904 0.746 0.489 0.275 0.157 0.097 0.066
1.087 0.788 0.556 0.386 0.270 0.194 0.146 0.115 0.095 0.083 0.076 0.072 0.069 0.066 0.064 0.060 0.057 0.055 0.052 0.049 0.046 0.042 0.038 0.036 0.034 0.033 0.033 0.033 0.033 0.033 0.033 0.034 0.035 0.036 0.038 0.041 0.045 0.049 0.055 0.062 0.070 0.080 0.091 0.104 0.118 0.135 0.155 0.180 0.215 0.262 0.326 0.407 0.494 0.572 0.632 0.672 0.695 0.710 0.724 0.739 0.756 0.774 0.795 0.819 0.850 0.897 0.980 1.126 1.310 1.403 1.400 1.259 0.916 0.512 0.276 0.157 0.099
1.847 1.397 1.031 0.744 0.531 0.382 0.283 0.219 0.177 0.150 0.134 0.125 0.119 0.114 0.109 0.103 0.097 0.091 0.086 0.080 0.073 0.065 0.057 0.052 0.048 0.046 0.045 0.045 0.045 0.045 0.045 0.045 0.047 0.049 0.053 0.057 0.063 0.071 0.080 0.091 0.104 0.119 0.136 0.155 0.176 0.199 0.227 0.265 0.318 0.396 0.506 0.622 0.716 0.776 0.806 0.814 0.809 0.806 0.808 0.813 0.824 0.838 0.858 0.883 0.918 0.969 1.053 1.203 1.442 1.631 1.694 1.647 1.400 0.913 0.483 0.260 0.153
2.823 2.214 1.710 1.294 0.964 0.717 0.541 0.422 0.342 0.290 0.257 0.237 0.224 0.213 0.201 0.189 0.176 0.163 0.151 0.139 0.124 0.107 0.091 0.079 0.072 0.067 0.065 0.064 0.063 0.063 0.063 0.064 0.066 0.070 0.075 0.083 0.094 0.106 0.122 0.141 0.162 0.186 0.211 0.238 0.267 0.299 0.340 0.397 0.482 0.604 0.728 0.817 0.869 0.890 0.889 0.870 0.843 0.829 0.827 0.829 0.836 0.847 0.865 0.888 0.922 0.972 1.052 1.197 1.442 1.687 1.803 1.815 1.698 1.334 0.801 0.423 0.239
3.850 3.160 2.554 2.032 1.597 1.250 0.986 0.796 0.664 0.575 0.516 0.476 0.447 0.421 0.394 0.364 0.334 0.307 0.280 0.253 0.222 0.186 0.154 0.129 0.113 0.104 0.099 0.096 0.095 0.094 0.095 0.096 0.099 0.106 0.116 0.130 0.147 0.169 0.197 0.228 0.263 0.300 0.336 0.372 0.410 0.456 0.517 0.600 0.696 0.793 0.866 0.908 0.923 0.921 0.905 0.870 0.833 0.815 0.809 0.809 0.812 0.819 0.832 0.851 0.878 0.918 0.986 1.111 1.341 1.633 1.804 1.846 1.809 1.601 1.144 0.651 0.365
4.819 4.138 3.510 2.943 2.447 2.030 1.695 1.440 1.255 1.126 1.036 0.968 0.910 0.853 0.789 0.716 0.647 0.587 0.528 0.469 0.403 0.332 0.270 0.223 0.191 0.171 0.161 0.156 0.154 0.153 0.154 0.157 0.163 0.175 0.192 0.215 0.245 0.284 0.332 0.383 0.436 0.486 0.534 0.581 0.632 0.689 0.748 0.803 0.847 0.882 0.908 0.922 0.924 0.912 0.880 0.824 0.774 0.745 0.732 0.729 0.729 0.732 0.739 0.750 0.765 0.788 0.829 0.916 1.102 1.420 1.701 1.813 1.812 1.707 1.407 0.926 0.539
5.786 5.154 4.572 4.033 3.540 3.108 2.747 2.465 2.258 2.108 1.994 1.897 1.802 1.693 1.557 1.395 1.240 1.106 0.982 0.856 0.723 0.589 0.475 0.388 0.328 0.292 0.273 0.265 0.262 0.262 0.266 0.274 0.288 0.307 0.333 0.369 0.418 0.485 0.562 0.636 0.703 0.760 0.808 0.845 0.874 0.897 0.910 0.909 0.901 0.898 0.900 0.897 0.882 0.848 0.788 0.706 0.640 0.600 0.579 0.572 0.570 0.571 0.575 0.578 0.581 0.585 0.599 0.644 0.771 1.051 1.438 1.683 1.752 1.712 1.538 1.190 0.769
6.825 6.300 5.820 5.371 4.948 4.563 4.241 3.989 3.799 3.654 3.533 3.416 3.287 3.120 2.893 2.610 2.305 2.021 1.758 1.504 1.251 1.014 0.813 0.658 0.550 0.485 0.453 0.441 0.439 0.444 0.459 0.481 0.506 0.535 0.572 0.621 0.691 0.783 0.865 0.923 0.963 0.992 1.009 1.017 1.014 0.999 0.971 0.933 0.898 0.869 0.840 0.806 0.759 0.692 0.598 0.504 0.438 0.401 0.385 0.382 0.382 0.384 0.388 0.390 0.392 0.395 0.406 0.437 0.520 0.707 1.066 1.441 1.616 1.642 1.566 1.360 1.024
8.084 7.741 7.422 7.117 6.820 6.547 6.315 6.129 5.977 5.844 5.717 5.585 5.429 5.214 4.906 4.497 4.011 3.498 2.994 2.517 2.071 1.670 1.331 1.067 0.879 0.763 0.705 0.689 0.693 0.717 0.758 0.796 0.827 0.853 0.877 0.908 0.956 1.022 1.068 1.093 1.103 1.103 1.094 1.079 1.054 1.018 0.969 0.907 0.837 0.765 0.690 0.611 0.526 0.441 0.364 0.309 0.277 0.261 0.255 0.255 0.256 0.258 0.259 0.261 0.263 0.267 0.276 0.299 0.357 0.484 0.734 1.121 1.412 1.515 1.513 1.421 1.222
