RESULTS/r.avaflow_results/22_results/22_ascii/22_hflow10049.asc
ncols 506
nrows 317
xllcenter 498237.50
yllcenter 5580050.00
cellsize 12.50
NODATA_value -9999.000
[rows 170 to 203 of 317, columns 77 to 153 of 506]
0.000 0.000 0.000 0.000 0.000 0.000 0.000 0.000 0.000 0.001 0.002 0.004 0.008 0.013 0.021 0.031 0.041 0.050 0.058 0.066 0.075 0.089 0.116 0.163 0.226 0.272 0.287 0.285 0.274 0.256 0.232 0.202 0.166 0.131 0.103 0.082 0.068 0.059 0.055 0.054 0.058 0.071 0.112 0.220 0.447 0.812 1.282 1.822 2.438 3.192 4.198 5.483 6.797 7.774 8.327 8.548 8.646 8.723 8.775 8.796 8.780 8.680 8.424 8.017 7.490 6.875 6.213 5.606 5.055 4.554 4.104 3.711 3.369 3.066 2.795 2.550 2.326
0.000 0.000 0.000 0.000 0.000 0.000 0.000 0.001 0.002 0.004 0.007 0.012 0.021 0.034 0.051 0.071 0.090 0.107 0.123 0.139 0.159 0.188 0.236 0.302 0.361 0.387 0.387 0.375 0.355 0.328 0.293 0.251 0.200 0.156 0.124 0.102 0.088 0.081 0.079 0.082 0.096 0.139 0.254 0.517 0.982 1.616 2.336 3.107 3.977 4.977 6.046 7.109 7.982 8.528 8.748 8.798 8.829 8.868 8.890 8.889 8.845 8.704 8.425 8.015 7.490 6.875 6.205 5.586 5.027 4.532 4.102 3.730 3.409 3.129 2.882 2.663 2.465
0.000 0.000 0.000 0.000 0.000 0.000 0.001 0.002 0.005 0.010 0.016 0.027 0.044 0.067 0.096 0.128 0.159 0.190 0.220 0.251 0.288 0.341 0.408 0.465 0.492 0.495 0.486 0.468 0.440 0.404 0.359 0.302 0.237 0.185 0.148 0.125 0.114 0.110 0.112 0.126 0.172 0.296 0.581 1.117 1.902 2.823 3.757 4.712 5.677 6.611 7.463 8.154 8.605 8.799 8.835 8.834 8.852 8.876 8.882 8.866 8.802 8.648 8.373 7.973 7.461 6.855 6.180 5.553 4.999 4.517 4.101 3.743 3.434 3.169 2.940 2.742 2.567
0.000 0.000 0.000 0.000 0.000 0.000 0.001 0.004 0.009 0.016 0.027 0.042 0.065 0.094 0.131 0.173 0.222 0.276 0.333 0.387 0.444 0.505 0.560 0.590 0.596 0.592 0.581 0.561 0.529 0.486 0.430 0.357 0.278 0.217 0.176 0.155 0.147 0.148 0.161 0.207 0.334 0.634 1.216 2.128 3.270 4.378 5.348 6.228 7.042 7.770 8.356 8.724 8.867 8.880 8.847 8.828 8.826 8.826 8.810 8.771 8.684 8.522 8.256 7.877 7.389 6.799 6.134 5.513 4.972 4.503 4.098 3.746 3.445 3.190 2.972 2.788 2.628
0.000 0.000 0.000 0.000 0.000 0.000 0.002 0.005 0.011 0.020 0.033 0.051 0.076 0.110 0.152 0.203 0.266 0.340 0.424 0.501 0.570 0.628 0.669 0.687 0.689 0.686 0.676 0.655 0.621 0.572 0.505 0.419 0.325 0.253 0.210 0.190 0.186 0.194 0.231 0.345 0.628 1.226 2.238 3.602 4.905 5.917 6.714 7.400 7.994 8.475 8.804 8.942 8.946 8.900 8.834 8.793 8.760 8.729 8.683 8.619 8.506 8.337 8.079 7.720 7.260 6.701 6.064 5.461 4.938 4.484 4.088 3.743 3.447 3.197 2.987 2.810 2.658
0.000 0.000 0.000 0.000 0.000 0.000 0.002 0.006 0.012 0.022 0.036 0.055 0.082 0.118 0.164 0.222 0.295 0.385 0.493 0.593 0.671 0.728 0.763 0.779 0.782 0.781 0.772 0.752 0.716 0.662 0.587 0.487 0.377 0.295 0.244 0.223 0.219 0.233 0.300 0.503 1.014 2.018 3.545 5.150 6.331 7.164 7.761 8.217 8.583 8.842 8.973 8.998 8.964 8.893 8.799 8.715 8.643 8.581 8.507 8.414 8.282 8.100 7.844 7.504 7.074 6.558 5.966 5.392 4.888 4.450 4.065 3.730 3.442 3.196 2.990 2.816 2.664
0.000 0.000 0.000 0.000 0.000 0.000 0.002 0.006 0.013 0.022 0.036 0.056 0.083 0.121 0.169 0.231 0.310 0.409 0.535 0.665 0.761 0.823 0.859 0.875 0.880 0.879 0.872 0.853 0.817 0.759 0.676 0.563 0.438 0.340 0.278 0.250 0.245 0.261 0.339 0.592 1.265 2.608 4.589 6.327 7.446 8.118 8.505 8.744 8.919 9.017 9.040 9.014 8.952 8.860 8.737 8.601 8.484 8.388 8.290 8.172 8.018 7.818 7.559 7.231 6.833 6.363 5.822 5.283 4.806 4.386 4.017 3.696 3.420 3.184 2.984 2.812 2.662
0.000 0.000 0.000 0.000 0.000 0.000 0.002 0.006 0.013 0.022 0.036 0.056 0.083 0.121 0.171 0.234 0.315 0.419 0.552 0.711 0.839 0.918 0.960 0.979 0.985 0.985 0.979 0.961 0.923 0.862 0.772 0.650 0.505 0.389 0.312 0.274 0.266 0.279 0.357 0.621 1.366 2.936 5.278 7.179 8.276 8.795 9.001 9.086 9.130 9.122 9.077 9.005 8.912 8.793 8.641 8.461 8.299 8.165 8.038 7.894 7.715 7.497 7.231 6.910 6.536 6.106 5.617 5.122 4.677 4.282 3.934 3.631 3.369 3.146 2.956 2.793 2.648
0.000 0.000 0.000 0.000 0.000 0.000 0.002 0.005 0.012 0.021 0.034 0.053 0.081 0.120 0.170 0.234 0.315 0.419 0.555 0.728 0.899 1.012 1.070 1.095 1.103 1.104 1.098 1.079 1.040 0.973 0.876 0.743 0.581 0.443 0.347 0.296 0.281 0.290 0.361 0.622 1.375 3.052 5.659 7.746 8.840 9.238 9.321 9.316 9.272 9.185 9.082 8.971 8.841 8.688 8.509 8.297 8.096 7.923 7.759 7.581 7.377 7.137 6.856 6.536 6.177 5.782 5.345 4.902 4.497 4.133 3.812 3.532 3.290 3.084 2.908 2.756 2.621
0.000 0.000 0.000 0.000 0.000 0.000 0.001 0.004 0.009 0.017 0.029 0.047 0.074 0.113 0.164 0.228 0.309 0.413 0.549 0.724 0.929 1.092 1.183 1.220 1.230 1.231 1.224 1.201 1.157 1.086 0.982 0.841 0.666 0.504 0.386 0.318 0.293 0.296 0.359 0.607 1.344 3.045 5.795 8.062 9.180 9.500 9.522 9.460 9.344 9.199 9.055 8.903 8.734 8.548 8.342 8.106 7.870 7.659 7.455 7.238 6.999 6.727 6.427 6.102 5.756 5.393 5.008 4.625 4.268 3.942 3.654 3.403 3.186 3.000 2.841 2.702 2.581
0.000 0.000 0.000 0.000 0.000 0.000 0.001 0.003 0.006 0.011 0.020 0.035 0.059 0.094 0.143 0.206 0.287 0.389 0.522 0.698 0.920 1.133 1.273 1.331 1.344 1.343 1.335 1.310 1.262 1.187 1.081 0.939 0.757 0.572 0.430 0.342 0.304 0.301 0.349 0.568 1.259 2.940 5.755 8.164 9.348 9.642 9.626 9.516 9.356 9.175 8.983 8.788 8.587 8.372 8.142 7.888 7.624 7.374 7.129 6.865 6.581 6.273 5.947 5.612 5.278 4.947 4.618 4.299 3.997 3.716 3.466 3.247 3.058 2.896 2.758 2.633 2.525
0.000 0.000 0.000 0.000 0.000 0.000 0.000 0.001 0.003 0.006 0.010 0.019 0.035 0.061 0.102 0.158 0.230 0.323 0.445 0.612 0.845 1.115 1.316 1.415 1.437 1.436 1.425 1.399 1.351 1.277 1.173 1.033 0.853 0.650 0.485 0.373 0.317 0.306 0.335 0.508 1.113 2.698 5.522 8.094 9.380 9.697 9.658 9.518 9.324 9.099 8.860 8.625 8.391 8.154 7.906 7.640 7.357 7.070 6.784 6.483 6.171 5.834 5.484 5.143 4.816 4.507 4.217 3.947 3.697 3.466 3.255 3.071 2.912 2.775 2.656 2.548 2.453
0.000 0.000 0.000 0.000 0.000 0.000 0.000 0.000 0.001 0.002 0.004 0.008 0.015 0.028 0.050 0.085 0.135 0.202 0.296 0.440 0.667 0.995 1.293 1.456 1.503 1.504 1.494 1.468 1.423 1.354 1.256 1.124 0.952 0.744 0.555 0.418 0.340 0.315 0.327 0.444 0.923 2.323 5.051 7.803 9.262 9.671 9.634 9.464 9.224 8.943 8.660 8.397 8.143 7.890 7.633 7.362 7.070 6.761 6.450 6.129 5.798 5.443 5.080 4.738 4.418 4.124 3.857 3.615 3.398 3.204 3.032 2.880 2.749 2.634 2.532 2.443 2.363
0.000 0.000 0.000 0.000 0.000 0.000 0.000 0.000 0.000 0.001 0.002 0.003 0.006 0.011 0.020 0.035 0.058 0.090 0.139 0.228 0.408 0.747 1.173 1.441 1.537 1.548 1.540 1.518 1.479 1.419 1.332 1.214 1.055 0.855 0.647 0.485 0.382 0.339 0.340 0.414 0.759 1.901 4.379 7.241 8.882 9.442 9.462 9.298 9.020 8.681 8.356 8.078 7.822 7.572 7.320 7.055 6.767 6.458 6.138 5.808 5.463 5.096 4.733 4.393 4.079 3.793 3.538 3.312 3.116 2.946 2.800 2.675 2.566 2.471 2.388 2.318 2.258
0.000 0.000 0.000 0.000 0.000 0.000 0.000 0.000 0.000 0.000 0.000 0.001 0.002 0.004 0.007 0.012 0.020 0.033 0.053 0.095 0.199 0.458 0.929 1.348 1.534 1.568 1.565 1.549 1.519 1.472 1.402 1.302 1.164 0.981 0.767 0.583 0.456 0.392 0.379 0.425 0.672 1.541 3.599 6.414 8.193 8.916 9.030 8.927 8.666 8.303 7.936 7.641 7.405 7.187 6.962 6.717 6.451 6.159 5.845 5.515 5.162 4.791 4.430 4.095 3.787 3.505 3.253 3.034 2.848 2.692 2.561 2.454 2.362 2.287 2.225 2.177 2.137
0.000 0.000 0.000 0.000 0.000 0.000 0.000 0.000 0.000 0.000 0.000 0.000 0.001 0.001 0.002 0.004 0.007 0.011 0.019 0.036 0.085 0.239 0.618 1.138 1.464 1.568 1.574 1.566 1.547 1.515 1.464 1.387 1.276 1.122 0.919 0.718 0.572 0.487 0.459 0.481 0.657 1.304 2.886 5.376 7.222 8.092 8.308 8.272 8.086 7.761 7.374 7.052 6.833 6.674 6.518 6.336 6.120 5.858 5.560 5.236 4.886 4.518 4.163 3.834 3.529 3.250 2.997 2.777 2.592 2.439 2.315 2.215 2.138 2.082 2.043 2.017 2.001
0.000 0.000 0.000 0.000 0.000 0.000 0.000 0.000 0.000 0.000 0.000 0.000 0.000 0.001 0.001 0.001 0.002 0.004 0.007 0.014 0.035 0.110 0.338 0.809 1.285 1.516 1.571 1.573 1.566 1.549 1.517 1.462 1.377 1.256 1.088 0.893 0.737 0.638 0.596 0.600 0.718 1.194 2.382 4.362 6.080 6.998 7.302 7.325 7.239 7.016 6.670 6.299 6.067 5.971 5.920 5.854 5.739 5.542 5.271 4.960 4.622 4.268 3.924 3.599 3.296 3.017 2.763 2.538 2.347 2.190 2.063 1.966 1.897 1.857 1.839 1.832 1.823
0.000 0.000 0.000 0.000 0.000 0.000 0.000 0.000 0.000 0.000 0.000 0.000 0.000 0.000 0.001 0.001 0.001 0.002 0.003 0.006 0.016 0.050 0.166 0.473 0.973 1.367 1.533 1.573 1.579 1.576 1.560 1.524 1.462 1.368 1.235 1.070 0.933 0.840 0.793 0.784 0.850 1.182 2.051 3.577 5.046 5.858 6.160 6.214 6.198 6.094 5.866 5.534 5.265 5.162 5.175 5.223 5.234 5.149 4.947 4.669 4.357 4.027 3.704 3.386 3.079 2.796 2.540 2.311 2.112 1.945 1.810 1.709 1.641 1.602 1.580 1.554 1.499
0.000 0.000 0.000 0.000 0.000 0.000 0.000 0.000 0.000 0.000 0.000 0.000 0.000 0.000 0.000 0.001 0.001 0.001 0.002 0.004 0.009 0.024 0.077 0.241 0.611 1.096 1.419 1.550 1.588 1.596 1.592 1.572 1.528 1.455 1.347 1.207 1.089 1.013 0.975 0.968 1.005 1.222 1.830 2.970 4.200 4.914 5.205 5.287 5.294 5.252 5.131 4.910 4.645 4.476 4.440 4.496 4.588 4.610 4.524 4.331 4.073 3.785 3.489 3.184 2.870 2.581 2.322 2.090 1.884 1.704 1.556 1.442 1.351 1.273 1.187 1.081 0.945
0.000 0.000 0.000 0.000 0.000 0.000 0.000 0.000 0.000 0.000 0.000 0.000 0.000 0.000 0.000 0.000 0.001 0.001 0.002 0.004 0.007 0.015 0.039 0.116 0.325 0.739 1.194 1.461 1.574 1.611 1.617 1.607 1.577 1.518 1.426 1.304 1.196 1.126 1.091 1.083 1.102 1.241 1.658 2.479 3.500 4.148 4.440 4.544 4.569 4.558 4.499 4.366 4.160 3.954 3.840 3.816 3.869 3.929 3.937 3.863 3.699 3.473 3.214 2.934 2.632 2.345 2.088 1.857 1.645 1.451 1.277 1.124 0.974 0.824 0.685 0.557 0.441
0.000 0.000 0.000 0.000 0.000 0.000 0.000 0.000 0.000 0.000 0.000 0.000 0.000 0.000 0.000 0.000 0.001 0.002 0.003 0.004 0.007 0.013 0.026 0.062 0.167 0.419 0.849 1.257 1.494 1.600 1.630 1.629 1.608 1.558 1.476 1.365 1.264 1.193 1.151 1.137 1.143 1.224 1.498 2.062 2.882 3.500 3.811 3.935 3.974 3.975 3.948 3.869 3.726 3.534 3.367 3.258 3.202 3.189 3.190 3.177 3.101 2.949 2.737 2.491 2.226 1.967 1.728 1.507 1.297 1.089 0.884 0.696 0.539 0.416 0.317 0.238 0.176
0.000 0.000 0.000 0.000 0.000 0.000 0.000 0.000 0.000 0.000 0.000 0.000 0.000 0.000 0.000 0.001 0.001 0.003 0.004 0.006 0.009 0.014 0.024 0.044 0.097 0.234 0.510 0.923 1.302 1.524 1.620 1.637 1.622 1.576 1.500 1.397 1.300 1.227 1.177 1.151 1.148 1.182 1.332 1.690 2.301 2.901 3.248 3.406 3.461 3.469 3.456 3.404 3.297 3.137 2.956 2.787 2.643 2.522 2.423 2.340 2.262 2.150 1.986 1.779 1.554 1.338 1.136 0.945 0.764 0.593 0.445 0.326 0.235 0.170 0.124 0.091 0.067
0.000 0.000 0.000 0.000 0.000 0.000 0.000 0.000 0.000 0.000 0.000 0.000 0.000 0.000 0.000 0.001 0.002 0.004 0.006 0.009 0.013 0.018 0.026 0.042 0.075 0.150 0.311 0.600 1.002 1.352 1.548 1.620 1.620 1.580 1.505 1.408 1.316 1.242 1.185 1.146 1.120 1.111 1.160 1.353 1.762 2.307 2.705 2.912 2.993 3.008 2.999 2.957 2.868 2.730 2.550 2.347 2.142 1.948 1.768 1.606 1.457 1.313 1.162 0.997 0.830 0.679 0.546 0.429 0.327 0.240 0.171 0.120 0.084 0.061 0.045 0.034 0.025
0.000 0.000 0.000 0.000 0.000 0.000 0.000 0.000 0.000 0.000 0.000 0.000 0.000 0.000 0.000 0.001 0.003 0.006 0.009 0.014 0.018 0.024 0.033 0.046 0.073 0.124 0.223 0.409 0.713 1.098 1.396 1.545 1.583 1.561 1.497 1.407 1.318 1.244 1.181 1.121 1.053 0.999 0.987 1.059 1.293 1.709 2.144 2.415 2.537 2.564 2.555 2.518 2.438 2.310 2.129 1.902 1.648 1.410 1.197 1.012 0.853 0.714 0.589 0.475 0.372 0.284 0.213 0.156 0.112 0.079 0.056 0.039 0.029 0.022 0.017 0.013 0.010
0.000 0.000 0.000 0.000 0.000 0.000 0.000 0.000 0.000 0.000 0.000 0.000 0.000 0.000 0.000 0.002 0.004 0.007 0.012 0.018 0.026 0.034 0.045 0.058 0.081 0.124 0.197 0.323 0.535 0.851 1.184 1.403 1.490 1.495 1.458 1.390 1.311 1.236 1.162 1.079 0.975 0.872 0.819 0.823 0.920 1.154 1.517 1.840 2.023 2.088 2.091 2.062 1.985 1.846 1.639 1.373 1.102 0.878 0.699 0.551 0.431 0.336 0.260 0.198 0.147 0.106 0.075 0.053 0.037 0.026 0.019 0.014 0.011 0.009 0.007 0.006 0.005
0.000 0.000 0.000 0.000 0.000 0.000 0.000 0.000 0.000 0.000 0.000 0.000 0.000 0.000 0.000 0.002 0.004 0.008 0.013 0.021 0.031 0.044 0.058 0.076 0.099 0.135 0.196 0.294 0.449 0.680 0.972 1.209 1.340 1.376 1.369 1.334 1.277 1.207 1.127 1.032 0.914 0.782 0.685 0.641 0.653 0.742 0.928 1.168 1.352 1.451 1.479 1.463 1.386 1.229 1.001 0.764 0.580 0.438 0.327 0.242 0.180 0.136 0.103 0.077 0.055 0.038 0.026 0.018 0.013 0.009 0.007 0.006 0.005 0.004 0.004 0.003 0.003
0.000 0.000 0.000 0.000 0.000 0.000 0.000 0.000 0.000 0.000 0.000 0.000 0.000 0.000 0.000 0.001 0.004 0.008 0.014 0.023 0.035 0.050 0.067 0.088 0.115 0.152 0.205 0.285 0.405 0.578 0.803 1.009 1.150 1.218 1.235 1.229 1.202 1.149 1.075 0.979 0.861 0.721 0.598 0.515 0.477 0.479 0.530 0.631 0.724 0.776 0.793 0.782 0.728 0.618 0.466 0.332 0.235 0.166 0.117 0.085 0.064 0.049 0.038 0.028 0.020 0.014 0.009 0.007 0.005 0.004 0.003 0.003 0.003 0.002 0.002 0.002 0.002
0.000 0.000 0.000 0.000 0.000 0.000 0.000 0.000 0.000 0.000 0.000 0.000 0.000 0.000 0.000 0.001 0.003 0.007 0.014 0.024 0.037 0.053 0.072 0.095 0.123 0.160 0.210 0.280 0.377 0.508 0.674 0.832 0.954 1.034 1.073 1.086 1.081 1.054 0.998 0.916 0.807 0.674 0.542 0.438 0.368 0.326 0.308 0.316 0.333 0.340 0.339 0.328 0.297 0.241 0.168 0.111 0.074 0.051 0.036 0.027 0.021 0.016 0.013 0.010 0.007 0.005 0.004 0.003 0.002 0.002 0.002 0.002 0.002 0.001 0.001 0.001 0.001
0.000 0.000 0.000 0.000 0.000 0.000 0.000 0.000 0.000 0.000 0.000 0.000 0.000 0.000 0.000 0.001 0.003 0.006 0.013 0.024 0.038 0.055 0.074 0.098 0.126 0.162 0.210 0.271 0.351 0.450 0.568 0.679 0.769 0.842 0.894 0.921 0.930 0.923 0.893 0.834 0.745 0.630 0.500 0.387 0.301 0.238 0.195 0.167 0.149 0.136 0.125 0.114 0.099 0.076 0.051 0.033 0.021 0.014 0.010 0.008 0.006 0.005 0.004 0.003 0.002 0.002 0.002 0.001 0.001 0.001 0.001 0.001 0.001 0.001 0.001 0.001 0.001
0.000 0.000 0.000 0.000 0.000 0.000 0.000 0.000 0.000 0.000 0.000 0.000 0.000 0.000 0.000 0.001 0.002 0.005 0.012 0.023 0.038 0.055 0.075 0.098 0.126 0.161 0.205 0.258 0.321 0.395 0.474 0.544 0.602 0.654 0.702 0.740 0.762 0.769 0.760 0.728 0.668 0.577 0.461 0.345 0.252 0.182 0.132 0.097 0.073 0.058 0.047 0.039 0.031 0.022 0.015 0.009 0.006 0.004 0.003 0.002 0.002 0.001 0.001 0.001 0.001 0.001 0.001 0.001 0.001 0.001 0.001 0.001 0.001 0.001 0.001 0.001 0.001
0.000 0.000 0.000 0.000 0.000 0.000 0.000 0.000 0.000 0.000 0.000 0.000 0.000 0.000 0.000 0.001 0.002 0.005 0.011 0.022 0.036 0.054 0.074 0.097 0.125 0.157 0.195 0.239 0.288 0.339 0.387 0.426 0.458 0.485 0.511 0.540 0.569 0.590 0.598 0.590 0.561 0.503 0.413 0.302 0.208 0.139 0.090 0.059 0.039 0.027 0.019 0.014 0.009 0.006 0.004 0.002 0.002 0.001 0.001 0.001 0.001 0.000 0.000 0.000 0.000 0.000 0.000 0.001 0.001 0.001 0.001 0.001 0.001 0.001 0.001 0.001 0.001
0.000 0.000 0.000 0.000 0.000 0.000 0.000 0.000 0.000 0.000 0.000 0.000 0.000 0.000 0.000 0.000 0.001 0.004 0.009 0.018 0.033 0.051 0.072 0.095 0.120 0.149 0.180 0.215 0.250 0.281 0.306 0.325 0.337 0.343 0.345 0.350 0.362 0.380 0.395 0.402 0.400 0.380 0.330 0.247 0.160 0.098 0.059 0.035 0.021 0.013 0.008 0.005 0.003 0.002 0.001 0.001 0.001 0.000 0.000 0.000 0.000 0.000 0.000 0.000 0.000 0.000 0.000 0.000 0.000 0.001 0.001 0.001 0.001 0.001 0.001 0.001 0.001
0.000 0.000 0.000 0.000 0.000 0.000 0.000 0.000 0.000 0.000 0.000 0.000 0.000 0.000 0.000 0.000 0.001 0.002 0.006 0.013 0.026 0.043 0.064 0.088 0.112 0.136 0.161 0.185 0.206 0.221 0.231 0.236 0.237 0.230 0.215 0.204 0.201 0.206 0.213 0.217 0.218 0.216 0.201 0.162 0.104 0.061 0.035 0.020 0.011 0.006 0.003 0.002 0.001 0.001 0.000 0.000 0.000 0.000 0.000 0.000 0.000 0.000 0.000 0.000 0.000 0.000 0.000 0.000 0.000 0.000 0.001 0.000 0.000 0.000 0.001 0.001 0.001
0.000 0.000 0.000 0.000 0.000 0.000 0.000 0.000 0.000 0.000 0.000 0.000 0.000 0.000 0.000 0.000 0.001 0.001 0.003 0.007 0.015 0.029 0.049 0.074 0.098 0.118 0.135 0.149 0.157 0.161 0.162 0.161 0.155 0.143 0.124 0.106 0.098 0.095 0.095 0.096 0.096 0.097 0.093 0.080 0.055 0.032 0.018 0.010 0.006 0.003 0.002 0.001 0.000 0.000 0.000 0.000 0.000 0.000 0.000 0.000 0.000 0.000 0.000 0.000 0.000 0.000 0.000 0.000 0.000 0.000 0.001 0.000 0.000 0.000 0.000 0.001 0.001
