RESULTS/r.avaflow_results/22_results/22_ascii/22_hflow30034.asc
ncols 506
nrows 317
xllcenter 498237.50
yllcenter 5580050.00
cellsize 12.50
NODATA_value -9999.000
[rows 170 to 203 of 317, columns 154 to 230 of 506]
9.308 9.247 9.153 9.034 8.884 8.722 8.579 8.457 8.344 8.232 8.117 7.995 7.849 7.635 7.290 6.777 6.117 5.366 4.590 3.830 3.112 2.456 1.891 1.442 1.111 0.888 0.757 0.697 0.688 0.701 0.733 0.769 0.794 0.812 0.828 0.849 0.888 0.941 0.971 0.980 0.976 0.964 0.949 0.931 0.903 0.856 0.784 0.688 0.580 0.473 0.374 0.293 0.236 0.197 0.170 0.155 0.147 0.145 0.147 0.149 0.152 0.153 0.155 0.156 0.158 0.160 0.168 0.188 0.236 0.339 0.537 0.759 0.871 0.895 0.862 0.745 0.539
11.607 11.852 11.981 12.023 12.006 11.950 11.855 11.732 11.592 11.442 11.283 11.118 10.939 10.702 10.329 9.744 8.942 7.967 6.887 5.777 4.713 3.735 2.882 2.189 1.671 1.309 1.077 0.950 0.898 0.889 0.905 0.923 0.928 0.923 0.917 0.919 0.935 0.965 0.978 0.977 0.961 0.933 0.898 0.859 0.809 0.732 0.619 0.477 0.344 0.249 0.189 0.150 0.126 0.112 0.104 0.101 0.102 0.105 0.109 0.112 0.112 0.112 0.112 0.111 0.111 0.112 0.118 0.134 0.169 0.243 0.385 0.606 0.777 0.846 0.854 0.814 0.699
14.135 14.766 15.123 15.257 15.264 15.215 15.107 14.960 14.796 14.622 14.440 14.254 14.059 13.824 13.473 12.905 12.061 10.955 9.667 8.285 6.896 5.563 4.351 3.324 2.519 1.925 1.509 1.242 1.092 1.018 0.987 0.971 0.957 0.941 0.923 0.916 0.920 0.931 0.929 0.909 0.864 0.799 0.728 0.654 0.569 0.461 0.339 0.233 0.164 0.122 0.097 0.081 0.073 0.068 0.067 0.069 0.073 0.079 0.084 0.086 0.086 0.085 0.083 0.082 0.082 0.083 0.087 0.098 0.124 0.175 0.273 0.450 0.668 0.797 0.838 0.836 0.786
15.924 16.888 17.467 17.739 17.831 17.841 17.790 17.700 17.579 17.431 17.257 17.070 16.875 16.652 16.335 15.812 15.016 13.950 12.667 11.221 9.659 8.042 6.437 4.995 3.792 2.841 2.126 1.626 1.305 1.115 1.014 0.965 0.935 0.906 0.876 0.852 0.834 0.817 0.791 0.736 0.640 0.528 0.429 0.349 0.280 0.211 0.151 0.108 0.081 0.064 0.055 0.049 0.046 0.046 0.047 0.050 0.055 0.061 0.066 0.067 0.067 0.066 0.065 0.064 0.064 0.065 0.068 0.076 0.094 0.128 0.194 0.319 0.535 0.731 0.816 0.832 0.816
16.838 18.021 18.823 19.311 19.602 19.780 19.882 19.917 19.885 19.800 19.657 19.469 19.268 19.053 18.770 18.308 17.585 16.587 15.351 13.938 12.380 10.677 8.817 6.913 5.223 3.832 2.760 1.993 1.486 1.177 1.007 0.916 0.855 0.802 0.748 0.696 0.649 0.599 0.537 0.450 0.347 0.262 0.204 0.161 0.127 0.096 0.073 0.056 0.045 0.039 0.035 0.034 0.033 0.033 0.035 0.038 0.043 0.048 0.052 0.053 0.054 0.053 0.052 0.052 0.053 0.054 0.057 0.063 0.075 0.097 0.141 0.228 0.397 0.629 0.771 0.816 0.816
17.037 18.314 19.290 20.011 20.552 20.960 21.255 21.430 21.491 21.470 21.359 21.156 20.944 20.745 20.505 20.123 19.510 18.627 17.467 16.057 14.434 12.609 10.556 8.282 6.190 4.466 3.142 2.202 1.583 1.198 0.967 0.818 0.709 0.612 0.519 0.443 0.383 0.334 0.284 0.227 0.170 0.128 0.099 0.079 0.063 0.050 0.040 0.034 0.030 0.027 0.026 0.026 0.026 0.026 0.027 0.030 0.034 0.038 0.042 0.043 0.044 0.044 0.044 0.045 0.046 0.047 0.050 0.055 0.063 0.079 0.109 0.169 0.286 0.495 0.688 0.776 0.799
16.888 18.210 19.277 20.129 20.840 21.424 21.851 22.121 22.251 22.269 22.181 21.955 21.736 21.573 21.384 21.074 20.563 19.801 18.739 17.351 15.663 13.708 11.477 8.965 6.626 4.719 3.273 2.262 1.601 1.173 0.884 0.675 0.509 0.377 0.285 0.228 0.194 0.168 0.142 0.113 0.087 0.068 0.054 0.044 0.036 0.030 0.026 0.024 0.022 0.021 0.021 0.021 0.021 0.022 0.023 0.024 0.027 0.030 0.033 0.036 0.037 0.038 0.039 0.040 0.041 0.043 0.046 0.050 0.056 0.068 0.089 0.132 0.212 0.360 0.560 0.701 0.760
16.363 17.779 18.987 19.988 20.809 21.452 21.905 22.188 22.336 22.368 22.289 22.051 21.829 21.694 21.536 21.257 20.793 20.098 19.110 17.765 16.053 14.017 11.687 9.077 6.663 4.705 3.233 2.212 1.533 1.070 0.737 0.490 0.317 0.210 0.148 0.115 0.098 0.085 0.073 0.060 0.048 0.040 0.033 0.028 0.024 0.021 0.019 0.018 0.018 0.017 0.017 0.017 0.018 0.018 0.019 0.020 0.022 0.024 0.027 0.029 0.031 0.033 0.035 0.036 0.038 0.040 0.043 0.046 0.052 0.061 0.077 0.108 0.163 0.261 0.420 0.588 0.693
15.482 17.017 18.373 19.532 20.467 21.153 21.595 21.847 21.967 21.989 21.909 21.683 21.456 21.307 21.136 20.850 20.403 19.757 18.830 17.527 15.824 13.755 11.356 8.701 6.307 4.376 2.940 1.952 1.293 0.836 0.512 0.299 0.177 0.112 0.078 0.061 0.053 0.046 0.041 0.035 0.030 0.026 0.023 0.020 0.018 0.016 0.015 0.014 0.014 0.014 0.014 0.014 0.015 0.015 0.015 0.016 0.018 0.019 0.021 0.024 0.026 0.028 0.031 0.033 0.035 0.037 0.040 0.044 0.049 0.056 0.069 0.092 0.131 0.198 0.306 0.457 0.593
14.323 15.950 17.405 18.654 19.649 20.357 20.789 20.994 21.049 21.025 20.932 20.767 20.556 20.321 20.038 19.676 19.205 18.580 17.702 16.436 14.723 12.597 10.125 7.557 5.332 3.568 2.274 1.395 0.833 0.481 0.270 0.154 0.092 0.060 0.044 0.036 0.032 0.028 0.026 0.023 0.021 0.019 0.017 0.015 0.014 0.013 0.012 0.012 0.012 0.012 0.012 0.012 0.012 0.012 0.012 0.013 0.014 0.015 0.017 0.019 0.021 0.024 0.027 0.029 0.032 0.035 0.038 0.041 0.046 0.053 0.063 0.081 0.110 0.158 0.233 0.342 0.474
12.905 14.544 16.029 17.311 18.344 19.088 19.536 19.706 19.700 19.609 19.527 19.460 19.293 18.940 18.467 17.964 17.415 16.740 15.800 14.441 12.600 10.325 7.841 5.545 3.669 2.259 1.286 0.696 0.378 0.211 0.122 0.075 0.049 0.035 0.028 0.024 0.021 0.020 0.018 0.017 0.016 0.014 0.013 0.012 0.011 0.011 0.010 0.010 0.009 0.009 0.009 0.009 0.009 0.009 0.010 0.010 0.011 0.012 0.013 0.015 0.017 0.019 0.022 0.026 0.029 0.032 0.035 0.039 0.043 0.049 0.059 0.074 0.097 0.133 0.188 0.267 0.371
11.229 12.773 14.253 15.577 16.694 17.538 18.058 18.249 18.233 18.129 18.072 18.036 17.862 17.414 16.788 16.129 15.434 14.572 13.360 11.659 9.420 6.935 4.695 3.015 1.843 1.049 0.551 0.280 0.150 0.088 0.056 0.039 0.029 0.023 0.019 0.017 0.016 0.015 0.014 0.013 0.012 0.011 0.011 0.010 0.009 0.009 0.008 0.008 0.007 0.007 0.007 0.007 0.007 0.007 0.007 0.007 0.008 0.009 0.010 0.011 0.013 0.015 0.018 0.022 0.025 0.029 0.033 0.036 0.041 0.047 0.056 0.069 0.090 0.119 0.162 0.221 0.299
9.381 10.752 12.198 13.590 14.824 15.801 16.437 16.712 16.737 16.666 16.580 16.455 16.165 15.632 14.923 14.127 13.217 12.012 10.306 8.008 5.578 3.557 2.148 1.256 0.714 0.389 0.201 0.106 0.063 0.042 0.030 0.024 0.019 0.016 0.015 0.013 0.012 0.012 0.011 0.010 0.010 0.009 0.009 0.008 0.007 0.007 0.006 0.006 0.006 0.005 0.005 0.005 0.005 0.005 0.005 0.005 0.006 0.006 0.007 0.008 0.010 0.012 0.015 0.018 0.021 0.025 0.029 0.034 0.038 0.045 0.054 0.067 0.086 0.112 0.147 0.193 0.251
7.655 8.772 10.031 11.385 12.660 13.710 14.438 14.808 14.892 14.834 14.633 14.285 13.781 13.126 12.332 11.381 10.187 8.520 6.319 4.157 2.519 1.400 0.746 0.408 0.231 0.131 0.074 0.046 0.031 0.024 0.019 0.016 0.014 0.012 0.011 0.010 0.010 0.009 0.009 0.008 0.008 0.007 0.007 0.006 0.006 0.006 0.005 0.005 0.004 0.004 0.004 0.003 0.003 0.003 0.003 0.003 0.004 0.004 0.005 0.006 0.007 0.009 0.011 0.014 0.017 0.021 0.026 0.030 0.036 0.043 0.052 0.066 0.084 0.109 0.139 0.175 0.220
6.036 6.852 7.793 8.873 9.942 10.846 11.516 11.900 12.013 11.948 11.637 11.065 10.288 9.388 8.408 7.303 5.965 4.376 2.789 1.588 0.824 0.412 0.218 0.127 0.078 0.050 0.034 0.025 0.019 0.016 0.014 0.012 0.011 0.010 0.009 0.008 0.008 0.007 0.007 0.006 0.006 0.006 0.005 0.005 0.005 0.004 0.004 0.004 0.003 0.003 0.003 0.002 0.002 0.002 0.002 0.002 0.002 0.002 0.003 0.004 0.005 0.007 0.009 0.011 0.014 0.018 0.022 0.027 0.033 0.041 0.051 0.065 0.083 0.106 0.134 0.165 0.202
4.472 4.928 5.420 5.970 6.524 7.021 7.424 7.677 7.761 7.704 7.393 6.773 5.931 5.030 4.194 3.382 2.517 1.601 0.876 0.434 0.214 0.116 0.071 0.048 0.034 0.025 0.020 0.016 0.013 0.012 0.010 0.009 0.008 0.007 0.007 0.006 0.006 0.005 0.005 0.005 0.005 0.004 0.004 0.004 0.004 0.004 0.003 0.003 0.003 0.002 0.002 0.001 0.001 0.001 0.001 0.001 0.001 0.001 0.002 0.003 0.004 0.005 0.007 0.009 0.012 0.015 0.019 0.025 0.031 0.039 0.050 0.064 0.081 0.103 0.130 0.160 0.195
2.996 3.146 3.307 3.468 3.597 3.701 3.782 3.826 3.826 3.775 3.589 3.216 2.659 2.046 1.555 1.143 0.757 0.429 0.219 0.113 0.065 0.043 0.031 0.024 0.020 0.016 0.013 0.011 0.010 0.009 0.007 0.007 0.006 0.005 0.005 0.005 0.004 0.004 0.004 0.004 0.004 0.004 0.003 0.003 0.003 0.003 0.003 0.003 0.002 0.002 0.001 0.001 0.000 0.000 0.000 0.000 0.000 0.000 0.001 0.001 0.002 0.003 0.005 0.007 0.009 0.012 0.017 0.022 0.028 0.036 0.047 0.061 0.078 0.100 0.125 0.156 0.193
1.760 1.746 1.746 1.736 1.695 1.629 1.566 1.516 1.471 1.417 1.318 1.144 0.887 0.624 0.441 0.306 0.195 0.113 0.064 0.041 0.029 0.023 0.019 0.016 0.013 0.011 0.010 0.008 0.007 0.006 0.005 0.005 0.004 0.004 0.004 0.003 0.003 0.003 0.003 0.003 0.003 0.003 0.003 0.003 0.003 0.003 0.003 0.003 0.002 0.002 0.001 0.000 0.000 0.000 0.000 0.000 0.000 0.000 0.000 0.001 0.001 0.002 0.003 0.005 0.007 0.010 0.014 0.019 0.025 0.033 0.043 0.057 0.073 0.094 0.121 0.154 0.195
0.892 0.835 0.792 0.749 0.694 0.621 0.554 0.502 0.462 0.426 0.386 0.330 0.250 0.173 0.122 0.086 0.059 0.040 0.028 0.021 0.017 0.015 0.013 0.011 0.009 0.008 0.007 0.006 0.005 0.004 0.004 0.003 0.003 0.003 0.003 0.003 0.003 0.003 0.003 0.003 0.003 0.003 0.003 0.003 0.003 0.003 0.003 0.002 0.002 0.001 0.001 0.000 0.000 0.000 0.000 0.000 0.000 0.000 0.000 0.000 0.001 0.001 0.002 0.003 0.005 0.007 0.011 0.015 0.021 0.028 0.038 0.050 0.066 0.087 0.115 0.152 0.198
0.386 0.350 0.323 0.297 0.268 0.228 0.190 0.163 0.144 0.129 0.114 0.098 0.077 0.056 0.043 0.033 0.026 0.021 0.017 0.014 0.012 0.010 0.009 0.008 0.007 0.006 0.005 0.004 0.003 0.003 0.003 0.003 0.002 0.002 0.002 0.002 0.002 0.002 0.002 0.002 0.003 0.003 0.003 0.003 0.003 0.003 0.003 0.003 0.002 0.001 0.001 0.000 0.000 0.000 0.000 0.000 0.000 0.000 0.000 0.000 0.000 0.000 0.001 0.002 0.003 0.005 0.008 0.012 0.016 0.023 0.031 0.042 0.056 0.077 0.106 0.145 0.196
0.153 0.138 0.127 0.115 0.102 0.084 0.069 0.058 0.051 0.046 0.041 0.037 0.032 0.026 0.022 0.019 0.016 0.013 0.012 0.010 0.008 0.007 0.006 0.005 0.005 0.004 0.003 0.003 0.003 0.002 0.002 0.002 0.002 0.002 0.002 0.002 0.002 0.002 0.002 0.003 0.003 0.003 0.003 0.003 0.003 0.003 0.003 0.003 0.002 0.001 0.001 0.000 0.000 0.000 0.000 0.000 0.000 0.000 0.000 0.000 0.000 0.000 0.000 0.001 0.002 0.004 0.006 0.008 0.012 0.017 0.023 0.031 0.043 0.061 0.088 0.127 0.180
0.061 0.055 0.051 0.046 0.041 0.035 0.029 0.026 0.023 0.022 0.021 0.019 0.018 0.016 0.014 0.013 0.011 0.009 0.008 0.007 0.006 0.005 0.004 0.004 0.003 0.003 0.003 0.002 0.002 0.002 0.002 0.002 0.002 0.002 0.002 0.002 0.003 0.003 0.003 0.004 0.004 0.004 0.004 0.004 0.004 0.004 0.003 0.002 0.002 0.001 0.000 0.000 0.000 0.000 0.000 0.000 0.000 0.000 0.000 0.000 0.000 0.000 0.000 0.000 0.001 0.002 0.004 0.006 0.009 0.012 0.017 0.023 0.031 0.043 0.062 0.094 0.142
0.026 0.025 0.023 0.022 0.020 0.018 0.016 0.015 0.014 0.013 0.013 0.013 0.012 0.011 0.010 0.009 0.008 0.007 0.006 0.005 0.004 0.003 0.003 0.003 0.002 0.002 0.002 0.002 0.002 0.002 0.002 0.002 0.003 0.003 0.003 0.003 0.004 0.004 0.005 0.005 0.006 0.005 0.005 0.005 0.004 0.004 0.003 0.002 0.001 0.001 0.000 0.000 0.000 0.000 0.000 0.000 0.000 0.000 0.000 0.000 0.000 0.000 0.000 0.000 0.001 0.001 0.002 0.004 0.006 0.009 0.012 0.016 0.021 0.029 0.041 0.060 0.090
0.014 0.013 0.013 0.012 0.012 0.011 0.010 0.010 0.009 0.009 0.009 0.009 0.009 0.008 0.008 0.007 0.006 0.005 0.004 0.003 0.003 0.002 0.002 0.002 0.002 0.002 0.002 0.003 0.003 0.003 0.003 0.004 0.004 0.005 0.005 0.006 0.006 0.007 0.007 0.007 0.006 0.006 0.005 0.005 0.004 0.004 0.003 0.002 0.001 0.001 0.000 0.000 0.000 0.000 0.000 0.000 0.000 0.000 0.000 0.000 0.000 0.000 0.000 0.000 0.000 0.001 0.001 0.002 0.004 0.006 0.008 0.011 0.015 0.020 0.027 0.037 0.053
0.009 0.009 0.008 0.008 0.008 0.008 0.007 0.007 0.007 0.007 0.007 0.007 0.006 0.006 0.005 0.005 0.004 0.003 0.003 0.002 0.002 0.002 0.002 0.002 0.003 0.003 0.004 0.004 0.005 0.006 0.007 0.007 0.008 0.008 0.009 0.009 0.009 0.008 0.008 0.007 0.007 0.006 0.005 0.005 0.004 0.003 0.002 0.001 0.001 0.000 0.000 0.000 0.000 0.000 0.000 0.000 0.000 0.000 0.000 0.000 0.000 0.000 0.000 0.000 0.000 0.000 0.001 0.001 0.002 0.004 0.006 0.008 0.011 0.014 0.018 0.024 0.033
0.006 0.006 0.006 0.006 0.006 0.006 0.005 0.005 0.005 0.005 0.005 0.005 0.005 0.004 0.004 0.003 0.002 0.002 0.002 0.002 0.002 0.002 0.003 0.003 0.004 0.005 0.007 0.009 0.010 0.011 0.011 0.011 0.011 0.011 0.011 0.010 0.009 0.009 0.008 0.007 0.006 0.006 0.005 0.004 0.003 0.002 0.002 0.001 0.001 0.000 0.000 0.000 0.000 0.000 0.000 0.000 0.000 0.000 0.000 0.000 0.000 0.000 0.000 0.000 0.000 0.000 0.000 0.001 0.001 0.002 0.004 0.005 0.007 0.010 0.013 0.017 0.022
0.005 0.004 0.004 0.004 0.004 0.004 0.004 0.004 0.004 0.004 0.004 0.003 0.003 0.003 0.002 0.002 0.002 0.002 0.002 0.002 0.002 0.003 0.004 0.006 0.008 0.010 0.013 0.014 0.014 0.014 0.014 0.013 0.013 0.012 0.011 0.010 0.010 0.009 0.008 0.007 0.006 0.005 0.004 0.003 0.002 0.002 0.001 0.001 0.000 0.000 0.000 0.000 0.000 0.000 0.000 0.000 0.000 0.000 0.000 0.000 0.000 0.000 0.000 0.000 0.000 0.000 0.000 0.000 0.001 0.001 0.002 0.003 0.005 0.007 0.009 0.012 0.015
0.003 0.003 0.003 0.003 0.003 0.003 0.003 0.003 0.003 0.003 0.002 0.002 0.002 0.002 0.001 0.001 0.001 0.002 0.002 0.003 0.004 0.006 0.008 0.011 0.013 0.015 0.016 0.017 0.016 0.016 0.015 0.014 0.013 0.012 0.011 0.010 0.009 0.008 0.007 0.006 0.005 0.004 0.003 0.002 0.001 0.001 0.001 0.000 0.000 0.000 0.000 0.000 0.000 0.000 0.000 0.000 0.000 0.000 0.000 0.000 0.000 0.000 0.000 0.000 0.000 0.000 0.000 0.000 0.000 0.000 0.001 0.002 0.003 0.005 0.006 0.008 0.011
0.003 0.003 0.002 0.002 0.002 0.002 0.002 0.002 0.002 0.002 0.002 0.002 0.001 0.001 0.001 0.001 0.002 0.002 0.003 0.005 0.007 0.010 0.012 0.014 0.016 0.017 0.017 0.017 0.017 0.016 0.015 0.013 0.012 0.011 0.011 0.010 0.009 0.007 0.006 0.005 0.003 0.002 0.002 0.001 0.001 0.001 0.001 0.000 0.000 0.000 0.000 0.000 0.000 0.000 0.000 0.000 0.000 0.000 0.000 0.000 0.000 0.000 0.000 0.000 0.000 0.000 0.000 0.000 0.000 0.000 0.000 0.001 0.002 0.003 0.004 0.006 0.008
0.002 0.002 0.002 0.002 0.002 0.002 0.001 0.001 0.001 0.001 0.001 0.001 0.001 0.001 0.001 0.001 0.002 0.003 0.005 0.007 0.010 0.012 0.014 0.016 0.017 0.017 0.017 0.017 0.017 0.016 0.014 0.013 0.012 0.010 0.009 0.008 0.007 0.006 0.004 0.003 0.002 0.002 0.001 0.001 0.001 0.001 0.000 0.000 0.000 0.000 0.000 0.000 0.000 0.000 0.000 0.000 0.000 0.000 0.000 0.000 0.000 0.000 0.000 0.000 0.000 0.000 0.000 0.000 0.000 0.000 0.000 0.000 0.001 0.002 0.003 0.004 0.005
0.002 0.002 0.001 0.001 0.001 0.001 0.001 0.001 0.001 0.001 0.001 0.001 0.001 0.001 0.001 0.002 0.003 0.004 0.007 0.009 0.011 0.013 0.015 0.016 0.017 0.017 0.017 0.017 0.016 0.015 0.014 0.012 0.010 0.009 0.007 0.006 0.004 0.003 0.002 0.002 0.001 0.001 0.001 0.001 0.000 0.000 0.000 0.000 0.000 0.000 0.000 0.000 0.000 0.000 0.000 0.000 0.000 0.000 0.000 0.000 0.000 0.000 0.000 0.000 0.000 0.000 0.000 0.000 0.000 0.000 0.000 0.000 0.000 0.001 0.001 0.002 0.003
0.001 0.001 0.001 0.001 0.001 0.001 0.001 0.001 0.001 0.001 0.001 0.001 0.001 0.001 0.001 0.002 0.003 0.005 0.007 0.010 0.012 0.013 0.015 0.015 0.016 0.016 0.016 0.016 0.015 0.014 0.012 0.010 0.007 0.006 0.004 0.003 0.002 0.002 0.001 0.001 0.001 0.001 0.001 0.000 0.000 0.000 0.000 0.000 0.000 0.000 0.000 0.000 0.000 0.000 0.000 0.000 0.000 0.000 0.000 0.000 0.000 0.000 0.000 0.000 0.000 0.000 0.000 0.000 0.000 0.000 0.000 0.000 0.000 0.000 0.000 0.001 0.002
0.001 0.001 0.001 0.001 0.001 0.001 0.001 0.001 0.001 0.001 0.001 0.001 0.001 0.001 0.002 0.002 0.003 0.005 0.008 0.010 0.012 0.013 0.014 0.014 0.014 0.014 0.014 0.013 0.012 0.010 0.008 0.006 0.004 0.003 0.002 0.001 0.001 0.001 0.001 0.001 0.001 0.000 0.000 0.000 0.000 0.000 0.000 0.000 0.000 0.000 0.000 0.000 0.000 0.000 0.000 0.000 0.000 0.000 0.000 0.000 0.000 0.000 0.000 0.000 0.000 0.000 0.000 0.000 0.000 0.000 0.000 0.000 0.000 0.000 0.000 0.000 0.001
0.001 0.001 0.001 0.001 0.001 0.001 0.001 0.001 0.001 0.001 0.001 0.001 0.001 0.001 0.001 0.002 0.003 0.005 0.007 0.009 0.010 0.011 0.012 0.011 0.011 0.010 0.009 0.008 0.007 0.005 0.004 0.003 0.002 0.001 0.001 0.001 0.001 0.001 0.001 0.000 0.000 0.000 0.000 0.000 0.000 0.000 0.000 0.000 0.000 0.000 0.000 0.000 0.000 0.000 0.000 0.000 0.000 0.000 0.000 0.000 0.000 0.000 0.000 0.000 0.000 0.000 0.000 0.000 0.000 0.000 0.000 0.000 0.000 0.000 0.000 0.000 0.000
