RESULTS/r.avaflow_results/22_results/22_ascii/22_hflow0032.asc
ncols 506
nrows 317
xllcenter 498237.50
yllcenter 5580050.00
cellsize 12.50
NODATA_value -9999.000
[rows 170 to 203 of 317, columns 77 to 153 of 506]
0.000 0.000 0.000 0.000 0.000 0.000 0.000 0.000 0.000 0.000 0.000 0.001 0.003 0.005 0.009 0.013 0.018 0.023 0.028 0.035 0.044 0.061 0.096 0.158 0.254 0.345 0.398 0.423 0.435 0.439 0.439 0.432 0.417 0.387 0.349 0.314 0.284 0.260 0.242 0.231 0.227 0.236 0.282 0.422 0.712 1.150 1.675 2.244 2.877 3.645 4.658 5.936 7.267 8.320 9.014 9.422 9.737 10.090 10.527 11.040 11.661 12.332 12.992 13.607 14.028 14.197 14.192 14.106 13.906 13.584 13.212 12.850 12.492 12.160 11.866 11.615 11.399
0.000 0.000 0.000 0.000 0.000 0.000 0.000 0.000 0.000 0.001 0.002 0.004 0.008 0.014 0.021 0.030 0.040 0.050 0.062 0.076 0.096 0.130 0.190 0.285 0.398 0.480 0.522 0.542 0.550 0.551 0.548 0.535 0.507 0.461 0.419 0.389 0.365 0.345 0.332 0.329 0.341 0.392 0.543 0.880 1.434 2.143 2.903 3.691 4.566 5.559 6.613 7.665 8.564 9.194 9.559 9.800 10.040 10.347 10.749 11.235 11.816 12.435 13.056 13.650 14.037 14.168 14.104 13.955 13.742 13.512 13.286 13.102 13.006 13.009 13.099 13.261 13.498
0.000 0.000 0.000 0.000 0.000 0.000 0.000 0.000 0.001 0.002 0.005 0.010 0.018 0.028 0.042 0.057 0.074 0.093 0.115 0.142 0.179 0.238 0.330 0.451 0.554 0.614 0.647 0.663 0.668 0.667 0.660 0.639 0.595 0.530 0.483 0.458 0.447 0.440 0.441 0.458 0.522 0.693 1.065 1.705 2.586 3.548 4.489 5.435 6.374 7.281 8.115 8.810 9.305 9.588 9.760 9.918 10.126 10.407 10.779 11.249 11.804 12.403 13.015 13.586 13.928 14.003 13.888 13.749 13.637 13.562 13.546 13.625 13.805 14.072 14.429 14.942 15.685
0.000 0.000 0.000 0.000 0.000 0.000 0.000 0.000 0.001 0.005 0.010 0.018 0.031 0.047 0.067 0.091 0.118 0.150 0.187 0.232 0.293 0.378 0.497 0.615 0.694 0.744 0.773 0.785 0.788 0.785 0.773 0.741 0.681 0.596 0.540 0.517 0.513 0.523 0.557 0.638 0.833 1.247 1.964 2.994 4.177 5.261 6.188 7.029 7.809 8.509 9.085 9.475 9.677 9.769 9.834 9.941 10.124 10.387 10.735 11.175 11.695 12.265 12.848 13.363 13.650 13.700 13.622 13.586 13.614 13.720 13.887 14.114 14.405 14.781 15.304 16.078 17.198
0.000 0.000 0.000 0.000 0.000 0.000 0.000 0.000 0.002 0.006 0.014 0.024 0.040 0.061 0.088 0.121 0.163 0.213 0.271 0.340 0.427 0.536 0.658 0.759 0.829 0.875 0.899 0.909 0.909 0.904 0.885 0.843 0.766 0.660 0.590 0.562 0.560 0.582 0.665 0.871 1.315 2.112 3.307 4.699 5.915 6.848 7.604 8.259 8.822 9.281 9.609 9.779 9.839 9.844 9.840 9.919 10.068 10.297 10.603 10.994 11.458 11.972 12.494 12.942 13.209 13.318 13.357 13.450 13.596 13.793 14.026 14.306 14.650 15.109 15.763 16.705 17.999
0.000 0.000 0.000 0.000 0.000 0.000 0.000 0.000 0.002 0.007 0.015 0.027 0.045 0.069 0.101 0.143 0.197 0.264 0.347 0.448 0.565 0.692 0.808 0.900 0.966 1.007 1.027 1.034 1.034 1.025 0.999 0.946 0.854 0.724 0.633 0.596 0.591 0.618 0.733 1.055 1.777 3.024 4.725 6.244 7.339 8.122 8.686 9.118 9.463 9.709 9.844 9.895 9.889 9.844 9.801 9.822 9.919 10.097 10.350 10.680 11.075 11.510 11.949 12.340 12.640 12.867 13.054 13.270 13.503 13.744 14.002 14.302 14.669 15.169 15.891 16.896 18.210
0.000 0.000 0.000 0.000 0.000 0.000 0.000 0.000 0.002 0.007 0.016 0.029 0.047 0.073 0.109 0.156 0.218 0.300 0.405 0.537 0.693 0.838 0.955 1.044 1.105 1.141 1.158 1.163 1.161 1.149 1.116 1.052 0.945 0.792 0.674 0.621 0.612 0.637 0.760 1.137 2.036 3.633 5.767 7.402 8.447 9.085 9.447 9.670 9.831 9.925 9.946 9.924 9.873 9.793 9.694 9.640 9.665 9.780 9.975 10.235 10.550 10.898 11.256 11.607 11.952 12.299 12.612 12.907 13.185 13.453 13.729 14.045 14.431 14.963 15.734 16.771 18.076
0.000 0.000 0.000 0.000 0.000 0.000 0.000 0.000 0.002 0.007 0.016 0.029 0.047 0.074 0.111 0.161 0.229 0.320 0.442 0.602 0.799 0.974 1.101 1.191 1.249 1.281 1.295 1.298 1.295 1.278 1.238 1.163 1.040 0.865 0.716 0.642 0.625 0.645 0.764 1.149 2.123 3.952 6.440 8.235 9.259 9.750 9.939 10.018 10.054 10.040 9.983 9.900 9.795 9.662 9.501 9.374 9.326 9.362 9.481 9.665 9.899 10.165 10.453 10.769 11.129 11.539 11.913 12.229 12.511 12.773 13.045 13.358 13.746 14.299 15.112 16.196 17.522
0.000 0.000 0.000 0.000 0.000 0.000 0.000 0.000 0.002 0.007 0.015 0.028 0.047 0.074 0.111 0.162 0.232 0.327 0.459 0.639 0.874 1.095 1.247 1.345 1.402 1.431 1.442 1.443 1.436 1.413 1.365 1.279 1.142 0.945 0.761 0.660 0.630 0.644 0.757 1.132 2.113 4.051 6.802 8.777 9.792 10.159 10.236 10.234 10.179 10.078 9.955 9.813 9.640 9.441 9.215 9.029 8.916 8.877 8.913 9.006 9.148 9.329 9.541 9.805 10.135 10.535 10.908 11.200 11.447 11.676 11.924 12.221 12.615 13.201 14.058 15.189 16.559
0.000 0.000 0.000 0.000 0.000 0.000 0.000 0.000 0.002 0.006 0.013 0.024 0.043 0.070 0.108 0.159 0.229 0.326 0.461 0.650 0.911 1.189 1.383 1.500 1.563 1.592 1.599 1.598 1.587 1.557 1.498 1.401 1.252 1.037 0.815 0.681 0.631 0.636 0.730 1.080 2.040 4.017 6.918 9.058 10.091 10.374 10.396 10.340 10.215 10.054 9.868 9.649 9.400 9.126 8.848 8.616 8.452 8.356 8.320 8.330 8.383 8.468 8.588 8.759 8.999 9.313 9.623 9.861 10.060 10.253 10.482 10.780 11.214 11.859 12.763 13.920 15.311
0.000 0.000 0.000 0.000 0.000 0.000 0.000 0.000 0.001 0.004 0.009 0.018 0.034 0.059 0.095 0.145 0.215 0.311 0.448 0.642 0.911 1.241 1.493 1.637 1.711 1.743 1.751 1.750 1.736 1.702 1.637 1.530 1.369 1.139 0.881 0.708 0.631 0.620 0.686 0.988 1.887 3.859 6.848 9.126 10.211 10.465 10.450 10.355 10.187 9.972 9.702 9.393 9.066 8.734 8.423 8.163 7.963 7.819 7.723 7.660 7.632 7.633 7.668 7.754 7.901 8.111 8.344 8.545 8.733 8.935 9.175 9.491 9.942 10.581 11.439 12.535 13.867
0.000 0.000 0.000 0.000 0.000 0.000 0.000 0.000 0.000 0.002 0.004 0.010 0.020 0.038 0.068 0.112 0.174 0.263 0.392 0.584 0.864 1.233 1.554 1.745 1.836 1.874 1.885 1.884 1.871 1.836 1.770 1.659 1.493 1.257 0.968 0.752 0.641 0.614 0.649 0.877 1.659 3.532 6.549 9.014 10.207 10.477 10.439 10.305 10.081 9.794 9.432 9.036 8.650 8.289 7.967 7.691 7.462 7.273 7.121 6.999 6.905 6.832 6.793 6.810 6.888 7.028 7.215 7.406 7.596 7.805 8.053 8.372 8.804 9.380 10.124 11.071 12.249
0.000 0.000 0.000 0.000 0.000 0.000 0.000 0.000 0.000 0.001 0.002 0.004 0.009 0.017 0.033 0.061 0.103 0.169 0.272 0.443 0.721 1.136 1.552 1.808 1.930 1.980 1.995 1.996 1.986 1.955 1.893 1.787 1.624 1.391 1.087 0.826 0.674 0.624 0.638 0.792 1.399 3.048 5.974 8.644 10.015 10.375 10.329 10.145 9.856 9.484 9.033 8.577 8.170 7.808 7.489 7.207 6.957 6.733 6.543 6.379 6.235 6.107 6.019 5.985 6.011 6.098 6.242 6.415 6.600 6.803 7.042 7.343 7.729 8.213 8.822 9.589 10.548
0.000 0.000 0.000 0.000 0.000 0.000 0.000 0.000 0.000 0.000 0.001 0.001 0.003 0.006 0.013 0.024 0.044 0.076 0.133 0.247 0.483 0.913 1.457 1.818 1.985 2.053 2.080 2.085 2.079 2.056 2.005 1.912 1.763 1.544 1.245 0.946 0.751 0.665 0.659 0.758 1.194 2.518 5.168 7.967 9.504 9.995 9.995 9.811 9.474 9.029 8.496 8.020 7.624 7.285 6.987 6.713 6.459 6.224 6.007 5.808 5.620 5.455 5.339 5.277 5.273 5.326 5.429 5.564 5.720 5.898 6.106 6.362 6.681 7.072 7.557 8.174 8.945
0.000 0.000 0.000 0.000 0.000 0.000 0.000 0.000 0.000 0.000 0.000 0.001 0.001 0.002 0.004 0.008 0.015 0.028 0.052 0.110 0.259 0.617 1.225 1.745 1.997 2.090 2.134 2.151 2.152 2.140 2.104 2.031 1.909 1.718 1.444 1.124 0.889 0.765 0.734 0.790 1.096 2.079 4.239 6.970 8.628 9.259 9.340 9.215 8.888 8.409 7.821 7.347 6.993 6.710 6.450 6.201 5.965 5.734 5.507 5.281 5.055 4.865 4.731 4.653 4.631 4.662 4.727 4.817 4.932 5.069 5.229 5.420 5.659 5.963 6.351 6.840 7.430
0.000 0.000 0.000 0.000 0.000 0.000 0.000 0.000 0.000 0.000 0.000 0.000 0.000 0.001 0.001 0.003 0.005 0.009 0.019 0.045 0.124 0.357 0.880 1.541 1.939 2.096 2.158 2.193 2.207 2.205 2.185 2.137 2.047 1.901 1.677 1.373 1.107 0.950 0.893 0.913 1.118 1.803 3.364 5.713 7.409 8.175 8.343 8.289 8.042 7.601 7.006 6.522 6.216 6.015 5.838 5.658 5.467 5.255 5.026 4.781 4.528 4.321 4.171 4.080 4.047 4.060 4.089 4.135 4.206 4.296 4.400 4.523 4.685 4.911 5.210 5.574 5.970
0.000 0.000 0.000 0.000 0.000 0.000 0.000 0.000 0.000 0.000 0.000 0.000 0.000 0.000 0.001 0.001 0.002 0.003 0.007 0.019 0.057 0.185 0.537 1.180 1.761 2.051 2.158 2.211 2.243 2.252 2.247 2.220 2.160 2.055 1.891 1.655 1.409 1.239 1.158 1.150 1.255 1.693 2.763 4.530 6.035 6.809 7.040 7.039 6.907 6.586 6.077 5.569 5.260 5.136 5.083 5.025 4.930 4.769 4.550 4.295 4.026 3.805 3.643 3.539 3.492 3.485 3.487 3.499 3.525 3.566 3.617 3.684 3.781 3.926 4.130 4.360 4.547
0.000 0.000 0.000 0.000 0.000 0.000 0.000 0.000 0.000 0.000 0.000 0.000 0.000 0.000 0.000 0.001 0.001 0.001 0.003 0.008 0.026 0.090 0.291 0.763 1.426 1.906 2.122 2.209 2.259 2.285 2.289 2.278 2.243 2.169 2.050 1.878 1.698 1.577 1.510 1.490 1.520 1.760 2.435 3.673 4.904 5.570 5.789 5.812 5.754 5.571 5.234 4.776 4.399 4.225 4.213 4.256 4.279 4.219 4.050 3.808 3.534 3.304 3.134 3.017 2.950 2.921 2.902 2.888 2.878 2.874 2.878 2.896 2.931 2.990 3.077 3.148 3.141
0.000 0.000 0.000 0.000 0.000 0.000 0.000 0.000 0.000 0.000 0.000 0.000 0.000 0.000 0.000 0.000 0.000 0.001 0.001 0.004 0.012 0.042 0.142 0.419 0.979 1.622 2.008 2.182 2.260 2.300 2.315 2.314 2.295 2.245 2.155 2.025 1.901 1.824 1.788 1.782 1.803 1.919 2.299 3.113 4.063 4.615 4.819 4.860 4.843 4.745 4.527 4.176 3.776 3.514 3.423 3.435 3.494 3.532 3.470 3.292 3.044 2.811 2.637 2.508 2.418 2.364 2.325 2.292 2.255 2.214 2.177 2.147 2.114 2.071 2.012 1.922 1.786
0.000 0.000 0.000 0.000 0.000 0.000 0.000 0.000 0.000 0.000 0.000 0.000 0.000 0.000 0.000 0.000 0.000 0.000 0.001 0.002 0.006 0.020 0.067 0.211 0.567 1.187 1.764 2.087 2.238 2.304 2.329 2.333 2.322 2.286 2.215 2.110 2.023 1.973 1.956 1.957 1.979 2.059 2.277 2.775 3.471 3.907 4.085 4.130 4.129 4.076 3.932 3.678 3.324 3.009 2.817 2.738 2.723 2.741 2.748 2.673 2.503 2.292 2.114 1.978 1.876 1.804 1.749 1.702 1.647 1.578 1.502 1.419 1.321 1.206 1.080 0.947 0.815
0.000 0.000 0.000 0.000 0.000 0.000 0.000 0.000 0.000 0.000 0.000 0.000 0.000 0.000 0.000 0.000 0.000 0.000 0.001 0.001 0.004 0.011 0.034 0.106 0.309 0.741 1.355 1.860 2.147 2.283 2.332 2.340 2.332 2.301 2.239 2.150 2.083 2.048 2.037 2.039 2.060 2.121 2.265 2.571 3.048 3.379 3.524 3.561 3.563 3.527 3.424 3.233 2.948 2.628 2.376 2.204 2.096 2.025 1.966 1.902 1.803 1.649 1.483 1.354 1.261 1.192 1.136 1.086 1.028 0.958 0.880 0.792 0.693 0.587 0.485 0.396 0.324
0.000 0.000 0.000 0.000 0.000 0.000 0.000 0.000 0.000 0.000 0.000 0.000 0.000 0.000 0.000 0.000 0.000 0.000 0.000 0.001 0.003 0.008 0.022 0.060 0.170 0.433 0.899 1.473 1.929 2.190 2.309 2.339 2.332 2.302 2.242 2.160 2.102 2.072 2.063 2.065 2.081 2.131 2.233 2.415 2.711 2.950 3.060 3.089 3.088 3.059 2.975 2.821 2.586 2.288 2.014 1.788 1.607 1.462 1.338 1.224 1.111 0.986 0.860 0.763 0.694 0.645 0.605 0.567 0.525 0.478 0.424 0.364 0.299 0.237 0.188 0.151 0.123
0.000 0.000 0.000 0.000 0.000 0.000 0.000 0.000 0.000 0.000 0.000 0.000 0.000 0.000 0.000 0.000 0.000 0.000 0.000 0.001 0.003 0.008 0.018 0.044 0.109 0.263 0.565 1.036 1.577 1.986 2.213 2.305 2.314 2.287 2.231 2.155 2.102 2.073 2.063 2.064 2.077 2.109 2.167 2.258 2.409 2.562 2.641 2.665 2.663 2.636 2.563 2.429 2.224 1.953 1.668 1.423 1.211 1.030 0.875 0.742 0.626 0.523 0.436 0.370 0.324 0.292 0.266 0.242 0.218 0.192 0.165 0.137 0.110 0.087 0.071 0.058 0.049
0.000 0.000 0.000 0.000 0.000 0.000 0.000 0.000 0.000 0.000 0.000 0.000 0.000 0.000 0.000 0.000 0.000 0.000 0.000 0.002 0.004 0.009 0.019 0.040 0.087 0.187 0.383 0.712 1.186 1.677 2.015 2.191 2.242 2.232 2.188 2.126 2.080 2.054 2.042 2.039 2.040 2.046 2.056 2.073 2.116 2.181 2.232 2.254 2.255 2.233 2.167 2.045 1.860 1.609 1.321 1.070 0.858 0.682 0.536 0.418 0.323 0.250 0.196 0.159 0.133 0.116 0.102 0.090 0.079 0.069 0.059 0.050 0.042 0.035 0.029 0.025 0.022
0.000 0.000 0.000 0.000 0.000 0.000 0.000 0.000 0.000 0.000 0.000 0.000 0.000 0.000 0.000 0.000 0.000 0.000 0.001 0.002 0.005 0.010 0.021 0.042 0.082 0.158 0.296 0.528 0.876 1.326 1.725 1.978 2.088 2.106 2.089 2.051 2.017 1.995 1.979 1.967 1.952 1.929 1.892 1.844 1.809 1.797 1.810 1.826 1.833 1.820 1.765 1.655 1.479 1.227 0.940 0.707 0.532 0.397 0.291 0.210 0.151 0.110 0.083 0.066 0.054 0.046 0.040 0.035 0.030 0.027 0.024 0.021 0.018 0.016 0.014 0.013 0.012
0.000 0.000 0.000 0.000 0.000 0.000 0.000 0.000 0.000 0.000 0.000 0.000 0.000 0.000 0.000 0.000 0.000 0.000 0.001 0.002 0.006 0.012 0.024 0.044 0.081 0.145 0.253 0.423 0.674 1.015 1.390 1.678 1.843 1.904 1.917 1.910 1.894 1.877 1.860 1.838 1.806 1.755 1.676 1.564 1.465 1.399 1.364 1.348 1.338 1.323 1.279 1.180 1.008 0.768 0.542 0.384 0.271 0.190 0.131 0.090 0.063 0.045 0.034 0.027 0.022 0.019 0.017 0.015 0.014 0.012 0.011 0.011 0.010 0.009 0.009 0.008 0.008
0.000 0.000 0.000 0.000 0.000 0.000 0.000 0.000 0.000 0.000 0.000 0.000 0.000 0.000 0.000 0.000 0.000 0.000 0.001 0.002 0.006 0.013 0.025 0.046 0.079 0.134 0.221 0.350 0.535 0.782 1.078 1.334 1.521 1.627 1.675 1.694 1.697 1.690 1.674 1.647 1.600 1.526 1.410 1.250 1.114 1.022 0.955 0.900 0.852 0.804 0.749 0.666 0.539 0.380 0.252 0.166 0.109 0.072 0.048 0.033 0.024 0.017 0.014 0.011 0.010 0.009 0.008 0.008 0.007 0.007 0.007 0.007 0.007 0.006 0.006 0.006 0.006
0.000 0.000 0.000 0.000 0.000 0.000 0.000 0.000 0.000 0.000 0.000 0.000 0.000 0.000 0.000 0.000 0.000 0.000 0.001 0.002 0.006 0.013 0.026 0.045 0.076 0.122 0.190 0.288 0.423 0.602 0.821 1.018 1.174 1.291 1.368 1.410 1.427 1.429 1.419 1.392 1.339 1.251 1.122 0.959 0.816 0.708 0.623 0.550 0.486 0.428 0.371 0.308 0.230 0.150 0.094 0.058 0.037 0.024 0.016 0.011 0.008 0.006 0.005 0.005 0.005 0.005 0.005 0.005 0.005 0.005 0.005 0.005 0.005 0.005 0.005 0.004 0.004
0.000 0.000 0.000 0.000 0.000 0.000 0.000 0.000 0.000 0.000 0.000 0.000 0.000 0.000 0.000 0.000 0.000 0.000 0.001 0.002 0.006 0.013 0.025 0.043 0.069 0.106 0.158 0.229 0.327 0.457 0.614 0.757 0.871 0.961 1.030 1.077 1.101 1.107 1.104 1.084 1.038 0.964 0.858 0.718 0.579 0.469 0.381 0.308 0.248 0.199 0.157 0.119 0.081 0.051 0.031 0.019 0.012 0.008 0.005 0.004 0.003 0.002 0.002 0.002 0.002 0.003 0.003 0.003 0.003 0.003 0.003 0.004 0.004 0.004 0.004 0.004 0.004
0.000 0.000 0.001 0.001 0.001 0.001 0.001 0.001 0.001 0.001 0.001 0.001 0.001 0.001 0.000 0.001 0.001 0.001 0.001 0.002 0.005 0.012 0.023 0.038 0.058 0.086 0.123 0.175 0.246 0.339 0.449 0.545 0.622 0.684 0.734 0.771 0.793 0.802 0.801 0.791 0.763 0.712 0.633 0.524 0.400 0.300 0.223 0.164 0.120 0.088 0.062 0.042 0.027 0.017 0.010 0.006 0.004 0.002 0.002 0.001 0.001 0.001 0.001 0.001 0.001 0.001 0.002 0.002 0.002 0.002 0.003 0.003 0.003 0.003 0.003 0.003 0.003
0.001 0.001 0.001 0.001 0.001 0.001 0.001 0.001 0.001 0.001 0.001 0.001 0.001 0.001 0.001 0.001 0.001 0.001 0.001 0.002 0.004 0.009 0.018 0.030 0.044 0.064 0.090 0.128 0.179 0.245 0.319 0.380 0.426 0.462 0.491 0.516 0.534 0.545 0.548 0.544 0.530 0.499 0.446 0.366 0.267 0.187 0.128 0.087 0.058 0.038 0.025 0.015 0.009 0.005 0.003 0.002 0.001 0.001 0.001 0.000 0.000 0.000 0.000 0.000 0.000 0.001 0.001 0.001 0.001 0.002 0.002 0.002 0.002 0.002 0.002 0.002 0.002
0.002 0.002 0.002 0.001 0.001 0.001 0.001 0.001 0.001 0.001 0.001 0.001 0.001 0.001 0.001 0.001 0.001 0.001 0.001 0.001 0.002 0.005 0.011 0.020 0.030 0.044 0.063 0.090 0.125 0.171 0.218 0.254 0.278 0.294 0.304 0.314 0.323 0.332 0.337 0.338 0.334 0.319 0.289 0.237 0.169 0.112 0.072 0.045 0.028 0.017 0.010 0.006 0.003 0.002 0.001 0.001 0.001 0.000 0.000 0.000 0.000 0.000 0.000 0.000 0.000 0.000 0.000 0.001 0.001 0.001 0.001 0.001 0.001 0.002 0.002 0.002 0.002
0.002 0.002 0.002 0.002 0.001 0.001 0.001 0.001 0.001 0.001 0.001 0.001 0.001 0.001 0.001 0.001 0.001 0.001 0.001 0.001 0.001 0.002 0.006 0.011 0.019 0.029 0.042 0.060 0.084 0.115 0.142 0.160 0.170 0.174 0.173 0.171 0.173 0.177 0.180 0.182 0.182 0.178 0.165 0.138 0.098 0.062 0.038 0.023 0.013 0.007 0.004 0.002 0.001 0.001 0.001 0.000 0.000 0.000 0.000 0.000 0.000 0.000 0.000 0.000 0.000 0.000 0.000 0.000 0.001 0.001 0.001 0.001 0.001 0.001 0.001 0.002 0.002
0.003 0.002 0.002 0.002 0.001 0.001 0.001 0.001 0.001 0.001 0.001 0.001 0.001 0.001 0.001 0.001 0.001 0.001 0.001 0.001 0.001 0.001 0.003 0.006 0.010 0.017 0.026 0.038 0.054 0.072 0.086 0.094 0.096 0.095 0.089 0.082 0.080 0.080 0.081 0.082 0.082 0.083 0.080 0.070 0.051 0.032 0.019 0.011 0.006 0.003 0.002 0.001 0.000 0.000 0.000 0.000 0.000 0.000 0.000 0.000 0.000 0.000 0.000 0.000 0.000 0.000 0.000 0.000 0.000 0.001 0.001 0.000 0.000 0.001 0.001 0.002 0.003
