RESULTS/r.avaflow_results/22_results/22_ascii/22_hflow10022.asc
ncols 506
nrows 317
xllcenter 498237.50
yllcenter 5580050.00
cellsize 12.50
NODATA_value -9999.000
[rows 170 to 203 of 317, columns 154 to 230 of 506]
1.412 1.231 1.079 0.950 0.838 0.740 0.651 0.569 0.494 0.425 0.362 0.304 0.253 0.208 0.169 0.136 0.109 0.086 0.067 0.053 0.041 0.031 0.024 0.018 0.014 0.010 0.008 0.006 0.004 0.003 0.002 0.001 0.001 0.001 0.000 0.000 0.000 0.000 0.000 0.000 0.000 0.000 0.000 0.000 0.000 0.000 0.000 0.000 0.000 0.000 0.000 0.000 0.000 0.000 0.000 0.000 0.000 0.000 0.000 0.000 0.000 0.000 0.000 0.000 0.000 0.000 0.000 0.000 0.000 0.000 0.000 0.000 0.000 0.000 0.000 0.000 0.000
1.721 1.534 1.369 1.222 1.090 0.970 0.859 0.754 0.656 0.564 0.479 0.403 0.336 0.277 0.227 0.184 0.147 0.117 0.092 0.071 0.055 0.042 0.032 0.024 0.018 0.013 0.010 0.007 0.005 0.004 0.003 0.002 0.001 0.001 0.001 0.000 0.000 0.000 0.000 0.000 0.000 0.000 0.000 0.000 0.000 0.000 0.000 0.000 0.000 0.000 0.000 0.000 0.000 0.000 0.000 0.000 0.000 0.000 0.000 0.000 0.000 0.000 0.000 0.000 0.000 0.000 0.000 0.000 0.000 0.000 0.000 0.000 0.000 0.000 0.000 0.000 0.000
2.018 1.849 1.687 1.531 1.377 1.229 1.089 0.957 0.832 0.715 0.608 0.511 0.426 0.352 0.288 0.234 0.188 0.149 0.117 0.091 0.070 0.054 0.041 0.031 0.023 0.017 0.012 0.009 0.007 0.005 0.003 0.002 0.002 0.001 0.001 0.001 0.000 0.000 0.000 0.000 0.000 0.000 0.000 0.000 0.000 0.000 0.000 0.000 0.000 0.000 0.000 0.000 0.000 0.000 0.000 0.000 0.000 0.000 0.000 0.000 0.000 0.000 0.000 0.000 0.000 0.000 0.000 0.000 0.000 0.000 0.000 0.000 0.000 0.000 0.000 0.000 0.000
2.249 2.100 1.951 1.801 1.649 1.496 1.340 1.185 1.031 0.887 0.753 0.633 0.528 0.435 0.356 0.289 0.232 0.184 0.145 0.113 0.088 0.067 0.051 0.038 0.028 0.021 0.016 0.011 0.008 0.006 0.004 0.003 0.002 0.001 0.001 0.001 0.000 0.000 0.000 0.000 0.000 0.000 0.000 0.000 0.000 0.000 0.000 0.000 0.000 0.000 0.000 0.000 0.000 0.000 0.000 0.000 0.000 0.000 0.000 0.000 0.000 0.000 0.000 0.000 0.000 0.000 0.000 0.000 0.000 0.000 0.000 0.000 0.000 0.000 0.000 0.000 0.000
2.410 2.279 2.148 2.016 1.879 1.740 1.594 1.435 1.262 1.088 0.923 0.775 0.645 0.531 0.434 0.351 0.282 0.224 0.177 0.138 0.107 0.082 0.062 0.047 0.035 0.026 0.019 0.014 0.010 0.007 0.005 0.004 0.003 0.002 0.001 0.001 0.001 0.000 0.000 0.000 0.000 0.000 0.000 0.000 0.000 0.000 0.000 0.000 0.000 0.000 0.000 0.000 0.000 0.000 0.000 0.000 0.000 0.000 0.000 0.000 0.000 0.000 0.000 0.000 0.000 0.000 0.000 0.000 0.000 0.000 0.000 0.000 0.000 0.000 0.000 0.000 0.000
2.511 2.402 2.293 2.182 2.068 1.947 1.816 1.671 1.507 1.321 1.126 0.943 0.782 0.644 0.525 0.425 0.341 0.272 0.214 0.168 0.130 0.100 0.076 0.057 0.043 0.031 0.023 0.017 0.012 0.009 0.006 0.004 0.003 0.002 0.001 0.001 0.001 0.000 0.000 0.000 0.000 0.000 0.000 0.000 0.000 0.000 0.000 0.000 0.000 0.000 0.000 0.000 0.000 0.000 0.000 0.000 0.000 0.000 0.000 0.000 0.000 0.000 0.000 0.000 0.000 0.000 0.000 0.000 0.000 0.000 0.000 0.000 0.000 0.000 0.000 0.000 0.000
2.570 2.483 2.395 2.305 2.214 2.113 2.001 1.871 1.721 1.548 1.349 1.138 0.943 0.775 0.631 0.509 0.408 0.323 0.254 0.198 0.153 0.117 0.088 0.066 0.049 0.036 0.026 0.019 0.013 0.009 0.007 0.005 0.003 0.002 0.001 0.001 0.001 0.000 0.000 0.000 0.000 0.000 0.000 0.000 0.000 0.000 0.000 0.000 0.000 0.000 0.000 0.000 0.000 0.000 0.000 0.000 0.000 0.000 0.000 0.000 0.000 0.000 0.000 0.000 0.000 0.000 0.000 0.000 0.000 0.000 0.000 0.000 0.000 0.000 0.000 0.000 0.000
2.599 2.530 2.462 2.393 2.320 2.238 2.144 2.031 1.895 1.734 1.543 1.325 1.100 0.900 0.729 0.584 0.464 0.365 0.286 0.221 0.170 0.129 0.098 0.073 0.053 0.038 0.027 0.019 0.014 0.010 0.007 0.005 0.003 0.002 0.001 0.001 0.001 0.000 0.000 0.000 0.000 0.000 0.000 0.000 0.000 0.000 0.000 0.000 0.000 0.000 0.000 0.000 0.000 0.000 0.000 0.000 0.000 0.000 0.000 0.000 0.000 0.000 0.000 0.000 0.000 0.000 0.000 0.000 0.000 0.000 0.000 0.000 0.000 0.000 0.000 0.000 0.000
2.606 2.550 2.499 2.446 2.391 2.327 2.250 2.152 2.031 1.881 1.697 1.477 1.229 1.001 0.805 0.641 0.506 0.395 0.307 0.237 0.181 0.138 0.103 0.076 0.055 0.040 0.028 0.020 0.014 0.009 0.006 0.004 0.003 0.002 0.001 0.001 0.001 0.000 0.000 0.000 0.000 0.000 0.000 0.000 0.000 0.000 0.000 0.000 0.000 0.000 0.000 0.000 0.000 0.000 0.000 0.000 0.000 0.000 0.000 0.000 0.000 0.000 0.000 0.000 0.000 0.000 0.000 0.000 0.000 0.000 0.000 0.000 0.000 0.000 0.000 0.000 0.000
2.602 2.555 2.514 2.475 2.434 2.385 2.323 2.242 2.134 1.994 1.814 1.592 1.331 1.077 0.862 0.683 0.535 0.416 0.321 0.246 0.187 0.141 0.105 0.077 0.056 0.039 0.027 0.018 0.012 0.008 0.005 0.003 0.002 0.001 0.001 0.001 0.000 0.000 0.000 0.000 0.000 0.000 0.000 0.000 0.000 0.000 0.000 0.000 0.000 0.000 0.000 0.000 0.000 0.000 0.000 0.000 0.000 0.000 0.000 0.000 0.000 0.000 0.000 0.000 0.000 0.000 0.000 0.000 0.000 0.000 0.000 0.000 0.000 0.000 0.000 0.000 0.000
2.582 2.547 2.515 2.485 2.456 2.422 2.375 2.309 2.214 2.080 1.902 1.676 1.405 1.132 0.903 0.713 0.557 0.430 0.330 0.250 0.188 0.141 0.104 0.076 0.053 0.036 0.023 0.014 0.009 0.005 0.003 0.002 0.001 0.001 0.001 0.001 0.000 0.000 0.000 0.000 0.000 0.000 0.000 0.000 0.000 0.000 0.000 0.000 0.000 0.000 0.000 0.000 0.000 0.000 0.000 0.000 0.000 0.000 0.000 0.000 0.000 0.000 0.000 0.000 0.000 0.000 0.000 0.000 0.000 0.000 0.000 0.000 0.000 0.000 0.000 0.000 0.000
2.536 2.521 2.504 2.485 2.467 2.446 2.414 2.361 2.276 2.144 1.964 1.733 1.452 1.168 0.930 0.732 0.570 0.439 0.333 0.250 0.185 0.135 0.096 0.066 0.044 0.027 0.015 0.008 0.004 0.002 0.001 0.001 0.001 0.001 0.001 0.001 0.000 0.000 0.000 0.000 0.000 0.000 0.000 0.000 0.000 0.000 0.000 0.000 0.000 0.000 0.000 0.000 0.000 0.000 0.000 0.000 0.000 0.000 0.000 0.000 0.000 0.000 0.000 0.000 0.000 0.000 0.000 0.000 0.000 0.000 0.000 0.000 0.000 0.000 0.000 0.000 0.000
2.457 2.468 2.473 2.474 2.469 2.461 2.443 2.401 2.319 2.187 2.003 1.764 1.473 1.185 0.943 0.742 0.576 0.440 0.329 0.239 0.167 0.111 0.071 0.043 0.024 0.013 0.007 0.003 0.002 0.001 0.001 0.001 0.001 0.001 0.001 0.001 0.001 0.000 0.000 0.000 0.000 0.000 0.000 0.000 0.000 0.000 0.000 0.000 0.000 0.000 0.000 0.000 0.000 0.000 0.000 0.000 0.000 0.000 0.000 0.000 0.000 0.000 0.000 0.000 0.000 0.000 0.000 0.000 0.000 0.000 0.000 0.000 0.000 0.000 0.000 0.000 0.000
2.340 2.383 2.419 2.446 2.462 2.465 2.455 2.416 2.336 2.203 2.013 1.766 1.468 1.180 0.937 0.733 0.562 0.417 0.294 0.195 0.118 0.064 0.033 0.017 0.009 0.005 0.003 0.002 0.001 0.001 0.001 0.001 0.001 0.001 0.001 0.001 0.001 0.000 0.000 0.000 0.000 0.000 0.000 0.000 0.000 0.000 0.000 0.000 0.000 0.000 0.000 0.000 0.000 0.000 0.000 0.000 0.000 0.000 0.000 0.000 0.000 0.000 0.000 0.000 0.000 0.000 0.000 0.000 0.000 0.000 0.000 0.000 0.000 0.000 0.000 0.000 0.000
2.185 2.265 2.333 2.385 2.416 2.425 2.416 2.378 2.298 2.164 1.966 1.703 1.392 1.105 0.863 0.657 0.478 0.324 0.198 0.106 0.050 0.023 0.011 0.006 0.003 0.002 0.001 0.001 0.001 0.001 0.001 0.001 0.001 0.001 0.001 0.001 0.001 0.001 0.000 0.000 0.000 0.000 0.000 0.000 0.000 0.000 0.000 0.000 0.000 0.000 0.000 0.000 0.000 0.000 0.000 0.000 0.000 0.000 0.000 0.000 0.000 0.000 0.000 0.000 0.000 0.000 0.000 0.000 0.000 0.000 0.000 0.000 0.000 0.000 0.000 0.000 0.000
1.988 2.093 2.168 2.212 2.227 2.217 2.188 2.137 2.055 1.926 1.729 1.460 1.140 0.862 0.633 0.441 0.281 0.158 0.078 0.035 0.015 0.007 0.004 0.002 0.002 0.001 0.001 0.001 0.001 0.001 0.001 0.001 0.001 0.001 0.001 0.001 0.001 0.001 0.001 0.001 0.000 0.000 0.000 0.000 0.000 0.000 0.000 0.000 0.000 0.000 0.000 0.000 0.000 0.000 0.000 0.000 0.000 0.000 0.000 0.000 0.000 0.000 0.000 0.000 0.000 0.000 0.000 0.000 0.000 0.000 0.000 0.000 0.000 0.000 0.000 0.000 0.000
1.695 1.770 1.802 1.794 1.756 1.689 1.612 1.531 1.441 1.325 1.155 0.920 0.650 0.434 0.281 0.175 0.099 0.049 0.022 0.010 0.005 0.003 0.002 0.002 0.001 0.001 0.001 0.001 0.001 0.001 0.001 0.001 0.001 0.001 0.001 0.001 0.001 0.001 0.001 0.001 0.001 0.000 0.000 0.000 0.000 0.000 0.000 0.000 0.000 0.000 0.000 0.000 0.000 0.000 0.000 0.000 0.000 0.000 0.000 0.000 0.000 0.000 0.000 0.000 0.000 0.000 0.000 0.000 0.000 0.000 0.000 0.000 0.000 0.000 0.000 0.000 0.000
1.204 1.201 1.168 1.104 1.010 0.900 0.808 0.730 0.657 0.580 0.485 0.362 0.236 0.146 0.088 0.051 0.028 0.014 0.007 0.004 0.003 0.002 0.002 0.001 0.001 0.001 0.001 0.001 0.001 0.002 0.002 0.002 0.002 0.002 0.002 0.002 0.002 0.002 0.001 0.001 0.001 0.001 0.000 0.000 0.000 0.000 0.000 0.000 0.000 0.000 0.000 0.000 0.000 0.000 0.000 0.000 0.000 0.000 0.000 0.000 0.000 0.000 0.000 0.000 0.000 0.000 0.000 0.000 0.000 0.000 0.000 0.000 0.000 0.000 0.000 0.000 0.000
0.661 0.631 0.591 0.540 0.474 0.396 0.331 0.279 0.237 0.197 0.157 0.111 0.071 0.043 0.026 0.016 0.009 0.006 0.004 0.003 0.002 0.002 0.002 0.002 0.002 0.002 0.002 0.002 0.002 0.002 0.002 0.002 0.002 0.003 0.003 0.003 0.003 0.003 0.002 0.002 0.002 0.001 0.000 0.000 0.000 0.000 0.000 0.000 0.000 0.000 0.000 0.000 0.000 0.000 0.000 0.000 0.000 0.000 0.000 0.000 0.000 0.000 0.000 0.000 0.000 0.000 0.000 0.000 0.000 0.000 0.000 0.000 0.000 0.000 0.000 0.000 0.000
0.315 0.293 0.270 0.244 0.210 0.167 0.131 0.104 0.083 0.067 0.051 0.036 0.024 0.016 0.010 0.007 0.005 0.004 0.003 0.002 0.002 0.002 0.002 0.002 0.002 0.002 0.002 0.003 0.003 0.003 0.004 0.004 0.004 0.004 0.004 0.004 0.004 0.004 0.004 0.004 0.003 0.002 0.001 0.000 0.000 0.000 0.000 0.000 0.000 0.000 0.000 0.000 0.000 0.000 0.000 0.000 0.000 0.000 0.000 0.000 0.000 0.000 0.000 0.000 0.000 0.000 0.000 0.000 0.000 0.000 0.000 0.000 0.000 0.000 0.000 0.000 0.000
0.139 0.129 0.120 0.108 0.092 0.071 0.054 0.041 0.033 0.026 0.020 0.016 0.012 0.008 0.006 0.005 0.004 0.003 0.003 0.002 0.002 0.002 0.002 0.003 0.003 0.003 0.004 0.004 0.005 0.006 0.006 0.006 0.007 0.007 0.007 0.008 0.008 0.008 0.008 0.007 0.006 0.004 0.002 0.001 0.000 0.000 0.000 0.000 0.000 0.000 0.000 0.000 0.000 0.000 0.000 0.000 0.000 0.000 0.000 0.000 0.000 0.000 0.000 0.000 0.000 0.000 0.000 0.000 0.000 0.000 0.000 0.000 0.000 0.000 0.000 0.000 0.000
0.063 0.059 0.055 0.050 0.042 0.032 0.025 0.020 0.017 0.014 0.012 0.011 0.009 0.007 0.006 0.005 0.004 0.003 0.003 0.003 0.003 0.003 0.003 0.004 0.005 0.006 0.007 0.008 0.010 0.011 0.012 0.013 0.014 0.014 0.015 0.015 0.015 0.016 0.015 0.013 0.009 0.005 0.003 0.001 0.000 0.000 0.000 0.000 0.000 0.000 0.000 0.000 0.000 0.000 0.000 0.000 0.000 0.000 0.000 0.000 0.000 0.000 0.000 0.000 0.000 0.000 0.000 0.000 0.000 0.000 0.000 0.000 0.000 0.000 0.000 0.000 0.000
0.031 0.030 0.028 0.026 0.023 0.018 0.015 0.013 0.012 0.011 0.011 0.010 0.009 0.007 0.006 0.005 0.004 0.004 0.004 0.004 0.004 0.005 0.006 0.007 0.009 0.011 0.014 0.018 0.021 0.024 0.026 0.029 0.030 0.031 0.031 0.031 0.031 0.029 0.024 0.017 0.011 0.006 0.003 0.001 0.000 0.000 0.000 0.000 0.000 0.000 0.000 0.000 0.000 0.000 0.000 0.000 0.000 0.000 0.000 0.000 0.000 0.000 0.000 0.000 0.000 0.000 0.000 0.000 0.000 0.000 0.000 0.000 0.000 0.000 0.000 0.000 0.000
0.017 0.017 0.017 0.017 0.015 0.014 0.013 0.012 0.012 0.011 0.011 0.010 0.009 0.008 0.007 0.006 0.006 0.006 0.006 0.006 0.007 0.009 0.011 0.015 0.020 0.026 0.034 0.042 0.050 0.056 0.062 0.066 0.067 0.067 0.064 0.059 0.051 0.040 0.029 0.019 0.012 0.007 0.003 0.001 0.000 0.000 0.000 0.000 0.000 0.000 0.000 0.000 0.000 0.000 0.000 0.000 0.000 0.000 0.000 0.000 0.000 0.000 0.000 0.000 0.000 0.000 0.000 0.000 0.000 0.000 0.000 0.000 0.000 0.000 0.000 0.000 0.000
0.011 0.011 0.012 0.013 0.013 0.012 0.012 0.012 0.012 0.012 0.012 0.012 0.011 0.010 0.009 0.009 0.009 0.009 0.010 0.011 0.014 0.018 0.025 0.035 0.048 0.065 0.085 0.104 0.120 0.132 0.139 0.142 0.136 0.122 0.103 0.083 0.063 0.046 0.031 0.020 0.012 0.007 0.003 0.001 0.000 0.000 0.000 0.000 0.000 0.000 0.000 0.000 0.000 0.000 0.000 0.000 0.000 0.000 0.000 0.000 0.000 0.000 0.000 0.000 0.000 0.000 0.000 0.000 0.000 0.000 0.000 0.000 0.000 0.000 0.000 0.000 0.000
0.008 0.009 0.010 0.011 0.012 0.013 0.013 0.014 0.015 0.015 0.016 0.015 0.015 0.015 0.014 0.014 0.015 0.017 0.019 0.024 0.033 0.045 0.064 0.091 0.125 0.165 0.205 0.236 0.258 0.268 0.258 0.231 0.196 0.159 0.124 0.094 0.068 0.047 0.031 0.020 0.012 0.007 0.003 0.001 0.000 0.000 0.000 0.000 0.000 0.000 0.000 0.000 0.000 0.000 0.000 0.000 0.000 0.000 0.000 0.000 0.000 0.000 0.000 0.000 0.000 0.000 0.000 0.000 0.000 0.000 0.000 0.000 0.000 0.000 0.000 0.000 0.000
0.007 0.007 0.008 0.010 0.012 0.014 0.016 0.019 0.021 0.023 0.023 0.024 0.024 0.024 0.025 0.026 0.030 0.035 0.045 0.060 0.084 0.119 0.168 0.229 0.297 0.362 0.411 0.435 0.430 0.397 0.339 0.276 0.220 0.172 0.130 0.095 0.068 0.046 0.031 0.020 0.012 0.007 0.003 0.001 0.000 0.000 0.000 0.000 0.000 0.000 0.000 0.000 0.000 0.000 0.000 0.000 0.000 0.000 0.000 0.000 0.000 0.000 0.000 0.000 0.000 0.000 0.000 0.000 0.000 0.000 0.000 0.000 0.000 0.000 0.000 0.000 0.000
0.007 0.007 0.008 0.010 0.013 0.017 0.022 0.027 0.032 0.036 0.038 0.040 0.041 0.043 0.047 0.053 0.065 0.083 0.112 0.155 0.215 0.294 0.383 0.471 0.541 0.583 0.597 0.580 0.531 0.453 0.363 0.286 0.224 0.172 0.129 0.094 0.066 0.045 0.030 0.020 0.012 0.007 0.003 0.001 0.000 0.000 0.000 0.000 0.000 0.000 0.000 0.000 0.000 0.000 0.000 0.000 0.000 0.000 0.000 0.000 0.000 0.000 0.000 0.000 0.000 0.000 0.000 0.000 0.000 0.000 0.000 0.000 0.000 0.000 0.000 0.000 0.000
0.007 0.007 0.008 0.011 0.016 0.023 0.031 0.041 0.052 0.060 0.066 0.071 0.076 0.082 0.093 0.113 0.145 0.192 0.261 0.353 0.455 0.551 0.625 0.676 0.704 0.710 0.690 0.639 0.561 0.462 0.364 0.285 0.220 0.167 0.124 0.090 0.064 0.044 0.029 0.019 0.012 0.007 0.003 0.001 0.000 0.000 0.000 0.000 0.000 0.000 0.000 0.000 0.000 0.000 0.000 0.000 0.000 0.000 0.000 0.000 0.000 0.000 0.000 0.000 0.000 0.000 0.000 0.000 0.000 0.000 0.000 0.000 0.000 0.000 0.000 0.000 0.000
0.007 0.008 0.009 0.014 0.021 0.032 0.046 0.063 0.081 0.096 0.109 0.121 0.133 0.149 0.175 0.219 0.284 0.371 0.476 0.580 0.663 0.722 0.755 0.769 0.768 0.752 0.712 0.648 0.562 0.459 0.360 0.279 0.213 0.160 0.118 0.086 0.061 0.042 0.028 0.018 0.011 0.006 0.003 0.001 0.000 0.000 0.000 0.000 0.000 0.000 0.000 0.000 0.000 0.000 0.000 0.000 0.000 0.000 0.000 0.000 0.000 0.000 0.000 0.000 0.000 0.000 0.000 0.000 0.000 0.000 0.000 0.000 0.000 0.000 0.000 0.000 0.000
0.008 0.009 0.012 0.019 0.031 0.048 0.068 0.090 0.113 0.133 0.153 0.174 0.197 0.226 0.267 0.330 0.417 0.521 0.622 0.702 0.756 0.784 0.792 0.789 0.779 0.755 0.712 0.648 0.562 0.456 0.354 0.270 0.204 0.152 0.112 0.081 0.058 0.040 0.027 0.018 0.011 0.006 0.003 0.001 0.000 0.000 0.000 0.000 0.000 0.000 0.000 0.000 0.000 0.000 0.000 0.000 0.000 0.000 0.000 0.000 0.000 0.000 0.000 0.000 0.000 0.000 0.000 0.000 0.000 0.000 0.000 0.000 0.000 0.000 0.000 0.000 0.000
0.009 0.011 0.017 0.028 0.045 0.066 0.088 0.111 0.133 0.156 0.180 0.207 0.238 0.276 0.326 0.396 0.490 0.594 0.678 0.739 0.775 0.789 0.791 0.786 0.775 0.752 0.712 0.649 0.562 0.453 0.346 0.260 0.194 0.143 0.105 0.076 0.054 0.037 0.025 0.016 0.010 0.006 0.003 0.001 0.000 0.000 0.000 0.000 0.000 0.000 0.000 0.000 0.000 0.000 0.000 0.000 0.000 0.000 0.000 0.000 0.000 0.000 0.000 0.000 0.000 0.000 0.000 0.000 0.000 0.000 0.000 0.000 0.000 0.000 0.000 0.000 0.000
0.009 0.013 0.023 0.038 0.057 0.078 0.099 0.121 0.143 0.167 0.193 0.223 0.259 0.301 0.355 0.426 0.518 0.613 0.687 0.738 0.767 0.777 0.778 0.775 0.764 0.740 0.697 0.632 0.543 0.434 0.330 0.246 0.181 0.132 0.095 0.067 0.047 0.032 0.022 0.014 0.008 0.005 0.002 0.001 0.000 0.000 0.000 0.000 0.000 0.000 0.000 0.000 0.000 0.000 0.000 0.000 0.000 0.000 0.000 0.000 0.000 0.000 0.000 0.000 0.000 0.000 0.000 0.000 0.000 0.000 0.000 0.000 0.000 0.000 0.000 0.000 0.000
0.010 0.015 0.027 0.044 0.064 0.084 0.104 0.124 0.146 0.171 0.198 0.230 0.267 0.311 0.366 0.437 0.525 0.613 0.681 0.724 0.746 0.754 0.755 0.749 0.730 0.695 0.641 0.568 0.477 0.379 0.291 0.218 0.160 0.114 0.079 0.054 0.037 0.025 0.016 0.010 0.006 0.003 0.002 0.001 0.000 0.000 0.000 0.000 0.000 0.000 0.000 0.000 0.000 0.000 0.000 0.000 0.000 0.000 0.000 0.000 0.000 0.000 0.000 0.000 0.000 0.000 0.000 0.000 0.000 0.000 0.000 0.000 0.000 0.000 0.000 0.000 0.000
