RESULTS/r.avaflow_results/22_results/22_ascii/22_hflow10042.asc
ncols 506
nrows 317
xllcenter 498237.50
yllcenter 5580050.00
cellsize 12.50
NODATA_value -9999.000
[rows 170 to 203 of 317, columns 77 to 153 of 506]
0.000 0.000 0.000 0.000 0.000 0.000 0.000 0.000 0.000 0.001 0.001 0.003 0.006 0.011 0.017 0.026 0.035 0.044 0.052 0.060 0.071 0.087 0.117 0.171 0.243 0.296 0.314 0.314 0.306 0.292 0.272 0.246 0.212 0.173 0.139 0.114 0.097 0.085 0.080 0.078 0.081 0.095 0.140 0.259 0.513 0.916 1.421 1.983 2.612 3.374 4.382 5.665 6.972 7.934 8.468 8.660 8.726 8.779 8.810 8.821 8.795 8.672 8.392 7.950 7.388 6.727 6.049 5.440 4.894 4.403 3.967 3.584 3.250 2.954 2.689 2.447 2.225
0.000 0.000 0.000 0.000 0.000 0.000 0.000 0.000 0.001 0.002 0.005 0.009 0.017 0.028 0.042 0.059 0.076 0.094 0.111 0.129 0.151 0.186 0.241 0.317 0.386 0.417 0.419 0.410 0.395 0.373 0.344 0.307 0.258 0.207 0.168 0.142 0.125 0.117 0.114 0.117 0.132 0.181 0.312 0.608 1.121 1.805 2.560 3.350 4.227 5.224 6.280 7.329 8.184 8.706 8.902 8.925 8.924 8.935 8.935 8.922 8.862 8.695 8.391 7.947 7.386 6.729 6.043 5.427 4.879 4.395 3.976 3.615 3.302 3.028 2.787 2.572 2.376
0.000 0.000 0.000 0.000 0.000 0.000 0.000 0.001 0.003 0.006 0.012 0.022 0.036 0.057 0.082 0.109 0.138 0.168 0.200 0.235 0.278 0.340 0.420 0.489 0.523 0.529 0.524 0.510 0.489 0.460 0.421 0.371 0.306 0.245 0.202 0.176 0.163 0.158 0.161 0.177 0.231 0.375 0.701 1.297 2.149 3.111 4.066 5.025 5.978 6.896 7.729 8.401 8.829 8.993 9.000 8.968 8.954 8.946 8.932 8.900 8.816 8.635 8.334 7.903 7.355 6.710 6.020 5.401 4.858 4.387 3.983 3.636 3.337 3.078 2.856 2.662 2.488
0.000 0.000 0.000 0.000 0.000 0.000 0.000 0.002 0.005 0.012 0.021 0.035 0.056 0.084 0.117 0.157 0.203 0.254 0.311 0.371 0.438 0.514 0.582 0.622 0.634 0.633 0.626 0.612 0.587 0.552 0.504 0.440 0.358 0.287 0.241 0.218 0.210 0.211 0.227 0.282 0.434 0.783 1.439 2.436 3.631 4.750 5.710 6.573 7.370 8.079 8.642 8.987 9.110 9.091 9.019 8.965 8.931 8.897 8.860 8.798 8.690 8.503 8.211 7.802 7.281 6.658 5.978 5.367 4.837 4.380 3.984 3.644 3.353 3.105 2.895 2.716 2.560
0.000 0.000 0.000 0.000 0.000 0.000 0.000 0.002 0.007 0.015 0.027 0.044 0.068 0.100 0.140 0.190 0.251 0.324 0.408 0.495 0.577 0.650 0.702 0.729 0.736 0.735 0.730 0.715 0.690 0.650 0.593 0.515 0.416 0.334 0.284 0.262 0.259 0.269 0.317 0.455 0.793 1.480 2.607 4.032 5.324 6.312 7.096 7.768 8.343 8.800 9.102 9.218 9.203 9.121 9.007 8.929 8.865 8.798 8.726 8.635 8.504 8.306 8.022 7.638 7.151 6.566 5.914 5.324 4.810 4.366 3.979 3.644 3.357 3.117 2.914 2.743 2.596
0.000 0.000 0.000 0.000 0.000 0.000 0.000 0.003 0.008 0.017 0.029 0.048 0.074 0.109 0.154 0.211 0.284 0.374 0.485 0.598 0.691 0.761 0.808 0.831 0.839 0.840 0.835 0.822 0.796 0.752 0.687 0.596 0.481 0.384 0.325 0.300 0.296 0.313 0.392 0.629 1.216 2.335 3.983 5.597 6.757 7.572 8.154 8.596 8.942 9.174 9.276 9.281 9.222 9.112 8.969 8.843 8.742 8.645 8.540 8.418 8.258 8.053 7.777 7.414 6.965 6.431 5.826 5.263 4.769 4.337 3.961 3.634 3.354 3.118 2.920 2.751 2.607
0.000 0.000 0.000 0.000 0.000 0.000 0.000 0.003 0.008 0.017 0.030 0.049 0.076 0.113 0.161 0.223 0.303 0.405 0.535 0.680 0.792 0.868 0.915 0.939 0.948 0.950 0.946 0.934 0.908 0.861 0.789 0.686 0.555 0.438 0.364 0.330 0.325 0.342 0.431 0.717 1.471 2.939 5.038 6.773 7.875 8.531 8.901 9.123 9.277 9.350 9.345 9.295 9.203 9.070 8.898 8.717 8.570 8.439 8.309 8.164 7.981 7.760 7.480 7.136 6.724 6.242 5.693 5.161 4.693 4.280 3.917 3.604 3.335 3.107 2.915 2.749 2.606
0.000 0.000 0.000 0.000 0.000 0.000 0.000 0.003 0.008 0.017 0.030 0.049 0.076 0.114 0.163 0.227 0.310 0.418 0.559 0.734 0.881 0.975 1.028 1.056 1.067 1.069 1.066 1.055 1.027 0.977 0.898 0.785 0.636 0.496 0.402 0.356 0.346 0.360 0.446 0.740 1.565 3.262 5.725 7.624 8.706 9.207 9.394 9.458 9.481 9.447 9.375 9.276 9.150 8.987 8.784 8.556 8.361 8.196 8.040 7.870 7.665 7.428 7.144 6.811 6.428 5.992 5.500 5.009 4.571 4.181 3.839 3.542 3.288 3.072 2.891 2.732 2.595
0.000 0.000 0.000 0.000 0.000 0.000 0.000 0.002 0.007 0.016 0.028 0.047 0.075 0.113 0.163 0.227 0.311 0.421 0.565 0.755 0.951 1.083 1.153 1.187 1.200 1.203 1.200 1.187 1.157 1.101 1.015 0.892 0.727 0.560 0.443 0.379 0.360 0.369 0.448 0.737 1.566 3.369 6.098 8.188 9.265 9.640 9.709 9.686 9.616 9.498 9.364 9.222 9.055 8.857 8.624 8.359 8.126 7.929 7.740 7.541 7.313 7.056 6.764 6.435 6.074 5.677 5.241 4.799 4.398 4.038 3.722 3.447 3.213 3.015 2.846 2.700 2.573
0.000 0.000 0.000 0.000 0.000 0.000 0.000 0.002 0.006 0.013 0.024 0.042 0.068 0.106 0.157 0.223 0.307 0.417 0.562 0.754 0.988 1.178 1.285 1.331 1.348 1.351 1.347 1.331 1.295 1.233 1.137 1.004 0.825 0.632 0.488 0.403 0.370 0.373 0.441 0.712 1.521 3.349 6.224 8.495 9.597 9.893 9.901 9.819 9.669 9.494 9.315 9.126 8.916 8.682 8.420 8.129 7.866 7.637 7.410 7.176 6.922 6.639 6.332 6.004 5.663 5.301 4.919 4.533 4.176 3.853 3.568 3.323 3.115 2.939 2.785 2.653 2.538
0.000 0.000 0.000 0.000 0.000 0.000 0.000 0.001 0.004 0.008 0.017 0.031 0.054 0.089 0.138 0.203 0.286 0.394 0.538 0.731 0.981 1.231 1.395 1.465 1.484 1.486 1.481 1.461 1.421 1.355 1.255 1.116 0.931 0.715 0.542 0.430 0.380 0.374 0.424 0.660 1.412 3.218 6.165 8.585 9.752 10.023 9.994 9.862 9.671 9.455 9.222 8.980 8.728 8.462 8.174 7.864 7.575 7.311 7.050 6.775 6.483 6.169 5.843 5.517 5.194 4.871 4.543 4.219 3.912 3.633 3.387 3.175 2.995 2.842 2.709 2.592 2.490
0.000 0.000 0.000 0.000 0.000 0.000 0.000 0.000 0.002 0.004 0.008 0.016 0.032 0.058 0.098 0.155 0.231 0.330 0.462 0.648 0.908 1.217 1.452 1.569 1.598 1.599 1.593 1.572 1.530 1.463 1.363 1.224 1.040 0.812 0.608 0.466 0.393 0.376 0.404 0.585 1.237 2.934 5.893 8.496 9.773 10.066 10.015 9.853 9.624 9.356 9.062 8.772 8.486 8.194 7.888 7.568 7.254 6.954 6.656 6.344 6.018 5.678 5.340 5.018 4.709 4.415 4.134 3.869 3.619 3.389 3.184 3.007 2.857 2.726 2.612 2.512 2.424
0.000 0.000 0.000 0.000 0.000 0.000 0.000 0.000 0.001 0.001 0.003 0.007 0.014 0.026 0.048 0.084 0.136 0.207 0.310 0.470 0.724 1.095 1.436 1.624 1.683 1.687 1.680 1.659 1.620 1.556 1.461 1.329 1.152 0.926 0.694 0.522 0.421 0.387 0.398 0.519 1.024 2.510 5.367 8.169 9.631 10.023 9.970 9.774 9.493 9.162 8.813 8.490 8.180 7.872 7.562 7.241 6.911 6.581 6.256 5.925 5.583 5.230 4.892 4.573 4.276 4.001 3.749 3.521 3.315 3.129 2.964 2.820 2.696 2.588 2.495 2.412 2.342
0.000 0.000 0.000 0.000 0.000 0.000 0.000 0.000 0.000 0.001 0.001 0.002 0.005 0.010 0.018 0.034 0.057 0.091 0.145 0.244 0.449 0.833 1.317 1.621 1.733 1.748 1.742 1.723 1.689 1.633 1.549 1.431 1.269 1.056 0.809 0.607 0.476 0.418 0.414 0.490 0.850 2.047 4.631 7.554 9.202 9.747 9.752 9.560 9.241 8.848 8.455 8.109 7.795 7.492 7.191 6.881 6.556 6.222 5.885 5.543 5.187 4.832 4.498 4.185 3.897 3.635 3.402 3.197 3.018 2.863 2.730 2.615 2.515 2.428 2.355 2.293 2.242
0.000 0.000 0.000 0.000 0.000 0.000 0.000 0.000 0.000 0.000 0.000 0.001 0.002 0.003 0.006 0.011 0.020 0.033 0.055 0.102 0.221 0.521 1.061 1.533 1.741 1.781 1.779 1.766 1.739 1.695 1.628 1.530 1.391 1.200 0.958 0.730 0.570 0.485 0.465 0.510 0.765 1.664 3.790 6.654 8.439 9.146 9.245 9.121 8.817 8.398 7.959 7.593 7.303 7.039 6.772 6.489 6.191 5.874 5.543 5.197 4.832 4.478 4.148 3.843 3.563 3.310 3.086 2.893 2.731 2.596 2.484 2.390 2.310 2.245 2.194 2.155 2.126
0.000 0.000 0.000 0.000 0.000 0.000 0.000 0.000 0.000 0.000 0.000 0.000 0.001 0.001 0.002 0.004 0.006 0.011 0.019 0.038 0.095 0.275 0.718 1.312 1.673 1.788 1.796 1.790 1.774 1.744 1.696 1.621 1.510 1.355 1.140 0.900 0.718 0.608 0.570 0.588 0.765 1.417 3.020 5.530 7.373 8.226 8.425 8.376 8.152 7.777 7.312 6.912 6.644 6.451 6.264 6.055 5.813 5.531 5.215 4.873 4.509 4.157 3.832 3.534 3.262 3.016 2.796 2.607 2.452 2.327 2.225 2.143 2.081 2.039 2.013 1.998 1.994
0.000 0.000 0.000 0.000 0.000 0.000 0.000 0.000 0.000 0.000 0.000 0.000 0.000 0.001 0.001 0.001 0.002 0.004 0.007 0.014 0.040 0.129 0.399 0.948 1.485 1.738 1.798 1.801 1.796 1.781 1.751 1.698 1.615 1.495 1.327 1.113 0.926 0.802 0.745 0.742 0.849 1.309 2.483 4.453 6.144 7.027 7.304 7.315 7.205 6.942 6.519 6.067 5.783 5.664 5.601 5.520 5.389 5.175 4.888 4.560 4.206 3.861 3.543 3.250 2.983 2.741 2.525 2.338 2.182 2.056 1.957 1.882 1.833 1.811 1.807 1.812 1.817
0.000 0.000 0.000 0.000 0.000 0.000 0.000 0.000 0.000 0.000 0.000 0.000 0.000 0.000 0.000 0.001 0.001 0.002 0.003 0.006 0.018 0.058 0.198 0.567 1.145 1.585 1.764 1.804 1.811 1.809 1.794 1.760 1.701 1.608 1.477 1.308 1.158 1.053 0.995 0.978 1.026 1.322 2.150 3.639 5.073 5.847 6.115 6.150 6.110 5.965 5.685 5.289 4.953 4.804 4.798 4.836 4.842 4.748 4.533 4.239 3.909 3.579 3.272 2.983 2.717 2.478 2.266 2.080 1.921 1.790 1.686 1.612 1.567 1.548 1.542 1.531 1.489
0.000 0.000 0.000 0.000 0.000 0.000 0.000 0.000 0.000 0.000 0.000 0.000 0.000 0.000 0.000 0.001 0.001 0.001 0.002 0.004 0.010 0.028 0.092 0.291 0.736 1.296 1.648 1.783 1.820 1.829 1.826 1.807 1.765 1.692 1.587 1.449 1.335 1.261 1.223 1.214 1.237 1.410 1.960 3.041 4.226 4.901 5.156 5.211 5.204 5.133 4.965 4.682 4.343 4.117 4.047 4.080 4.155 4.178 4.085 3.878 3.600 3.301 3.009 2.726 2.458 2.219 2.011 1.828 1.666 1.527 1.415 1.330 1.264 1.207 1.139 1.047 0.925
0.000 0.000 0.000 0.000 0.000 0.000 0.000 0.000 0.000 0.000 0.000 0.000 0.000 0.000 0.000 0.000 0.001 0.001 0.002 0.004 0.008 0.017 0.046 0.140 0.398 0.897 1.409 1.692 1.807 1.842 1.848 1.839 1.810 1.751 1.661 1.544 1.451 1.394 1.368 1.364 1.378 1.480 1.835 2.589 3.556 4.157 4.406 4.475 4.483 4.452 4.352 4.165 3.887 3.616 3.456 3.405 3.426 3.468 3.474 3.391 3.209 2.964 2.696 2.429 2.174 1.942 1.741 1.564 1.402 1.253 1.119 0.996 0.874 0.752 0.636 0.527 0.422
0.000 0.000 0.000 0.000 0.000 0.000 0.000 0.000 0.000 0.000 0.000 0.000 0.000 0.000 0.000 0.001 0.001 0.002 0.003 0.005 0.008 0.015 0.030 0.074 0.207 0.519 1.025 1.474 1.723 1.831 1.860 1.859 1.837 1.786 1.704 1.600 1.519 1.468 1.443 1.438 1.446 1.504 1.724 2.227 2.987 3.544 3.802 3.886 3.900 3.886 3.826 3.698 3.489 3.230 3.012 2.867 2.781 2.733 2.712 2.686 2.600 2.432 2.205 1.964 1.744 1.542 1.361 1.198 1.042 0.883 0.727 0.586 0.467 0.369 0.288 0.220 0.165
0.000 0.000 0.000 0.000 0.000 0.000 0.000 0.000 0.000 0.000 0.000 0.000 0.000 0.000 0.000 0.001 0.001 0.003 0.004 0.006 0.010 0.015 0.027 0.052 0.119 0.293 0.632 1.106 1.517 1.749 1.847 1.865 1.849 1.801 1.721 1.626 1.552 1.502 1.472 1.461 1.463 1.490 1.606 1.914 2.461 2.987 3.272 3.383 3.407 3.401 3.361 3.265 3.101 2.876 2.637 2.429 2.257 2.114 1.993 1.885 1.783 1.656 1.481 1.286 1.112 0.955 0.814 0.685 0.565 0.453 0.351 0.266 0.198 0.147 0.110 0.082 0.061
0.000 0.000 0.000 0.000 0.000 0.000 0.000 0.000 0.000 0.000 0.000 0.000 0.000 0.000 0.000 0.001 0.002 0.004 0.007 0.010 0.014 0.019 0.029 0.048 0.090 0.186 0.388 0.733 1.186 1.563 1.769 1.845 1.845 1.802 1.723 1.632 1.562 1.512 1.479 1.461 1.450 1.443 1.475 1.625 1.973 2.437 2.763 2.918 2.964 2.964 2.933 2.853 2.713 2.515 2.273 2.026 1.802 1.597 1.410 1.243 1.093 0.951 0.808 0.671 0.554 0.455 0.370 0.297 0.233 0.178 0.131 0.095 0.069 0.052 0.040 0.030 0.023
0.000 0.000 0.000 0.000 0.000 0.000 0.000 0.000 0.000 0.000 0.000 0.000 0.000 0.000 0.000 0.001 0.003 0.006 0.010 0.014 0.020 0.027 0.036 0.053 0.086 0.150 0.275 0.501 0.857 1.283 1.602 1.760 1.801 1.778 1.711 1.627 1.561 1.511 1.474 1.442 1.405 1.352 1.319 1.357 1.532 1.876 2.237 2.450 2.534 2.544 2.519 2.449 2.325 2.141 1.899 1.621 1.360 1.126 0.922 0.750 0.606 0.485 0.384 0.301 0.233 0.180 0.138 0.105 0.079 0.058 0.043 0.032 0.024 0.019 0.015 0.012 0.010
0.000 0.000 0.000 0.000 0.000 0.000 0.000 0.000 0.000 0.000 0.000 0.000 0.000 0.000 0.000 0.002 0.004 0.007 0.012 0.018 0.027 0.037 0.049 0.066 0.094 0.146 0.237 0.393 0.645 1.004 1.365 1.600 1.694 1.699 1.664 1.602 1.543 1.494 1.448 1.398 1.331 1.226 1.130 1.104 1.160 1.338 1.637 1.905 2.048 2.089 2.081 2.026 1.910 1.719 1.450 1.149 0.888 0.682 0.520 0.391 0.292 0.218 0.163 0.122 0.090 0.066 0.049 0.036 0.026 0.019 0.015 0.012 0.009 0.008 0.007 0.005 0.005
0.000 0.000 0.000 0.000 0.000 0.000 0.000 0.000 0.000 0.000 0.000 0.000 0.000 0.000 0.000 0.002 0.004 0.007 0.013 0.021 0.032 0.045 0.061 0.082 0.111 0.156 0.231 0.351 0.534 0.801 1.122 1.379 1.522 1.564 1.560 1.534 1.493 1.446 1.394 1.329 1.239 1.108 0.966 0.884 0.866 0.919 1.057 1.250 1.398 1.473 1.488 1.456 1.345 1.141 0.868 0.628 0.455 0.329 0.234 0.166 0.119 0.087 0.064 0.047 0.034 0.024 0.017 0.013 0.009 0.007 0.006 0.005 0.004 0.004 0.003 0.003 0.003
0.000 0.000 0.000 0.000 0.000 0.000 0.000 0.000 0.000 0.000 0.000 0.000 0.000 0.000 0.000 0.001 0.004 0.007 0.014 0.023 0.034 0.049 0.068 0.092 0.123 0.167 0.233 0.331 0.473 0.670 0.920 1.145 1.302 1.382 1.407 1.410 1.395 1.360 1.310 1.238 1.140 1.005 0.843 0.718 0.648 0.624 0.647 0.708 0.770 0.801 0.806 0.782 0.704 0.564 0.393 0.265 0.178 0.120 0.081 0.057 0.042 0.031 0.024 0.017 0.013 0.009 0.007 0.005 0.004 0.003 0.003 0.003 0.002 0.002 0.002 0.002 0.002
0.000 0.000 0.000 0.000 0.000 0.000 0.000 0.000 0.000 0.000 0.000 0.000 0.000 0.000 0.000 0.001 0.003 0.007 0.013 0.023 0.036 0.052 0.071 0.095 0.128 0.171 0.231 0.315 0.428 0.576 0.759 0.934 1.072 1.168 1.220 1.242 1.245 1.230 1.191 1.127 1.033 0.906 0.747 0.602 0.499 0.432 0.394 0.376 0.371 0.363 0.352 0.330 0.285 0.214 0.138 0.087 0.055 0.036 0.025 0.018 0.014 0.010 0.008 0.006 0.005 0.004 0.003 0.002 0.002 0.002 0.002 0.002 0.001 0.001 0.001 0.001 0.001
0.000 0.000 0.000 0.000 0.000 0.000 0.000 0.000 0.000 0.000 0.000 0.000 0.000 0.000 0.000 0.001 0.002 0.006 0.013 0.023 0.036 0.052 0.072 0.096 0.128 0.170 0.225 0.296 0.386 0.496 0.627 0.750 0.855 0.942 1.007 1.045 1.059 1.058 1.038 0.991 0.913 0.803 0.660 0.513 0.398 0.312 0.250 0.206 0.175 0.153 0.134 0.116 0.094 0.066 0.041 0.026 0.016 0.010 0.007 0.005 0.004 0.003 0.003 0.002 0.002 0.002 0.001 0.001 0.001 0.001 0.001 0.001 0.001 0.001 0.001 0.001 0.001
0.000 0.000 0.000 0.000 0.000 0.000 0.000 0.000 0.000 0.000 0.000 0.000 0.000 0.000 0.000 0.001 0.002 0.005 0.012 0.022 0.036 0.052 0.072 0.095 0.126 0.164 0.213 0.271 0.340 0.422 0.511 0.591 0.660 0.722 0.779 0.825 0.851 0.860 0.856 0.830 0.776 0.691 0.572 0.435 0.319 0.230 0.165 0.120 0.088 0.067 0.052 0.040 0.029 0.019 0.012 0.007 0.004 0.003 0.002 0.001 0.001 0.001 0.001 0.001 0.001 0.001 0.001 0.001 0.001 0.001 0.001 0.001 0.001 0.001 0.001 0.001 0.001
0.000 0.000 0.000 0.000 0.000 0.000 0.000 0.000 0.000 0.000 0.000 0.000 0.000 0.000 0.000 0.001 0.002 0.004 0.010 0.020 0.034 0.050 0.069 0.092 0.119 0.153 0.193 0.240 0.292 0.351 0.408 0.456 0.495 0.528 0.560 0.592 0.620 0.640 0.648 0.642 0.617 0.563 0.476 0.358 0.248 0.166 0.109 0.071 0.047 0.031 0.021 0.014 0.009 0.006 0.003 0.002 0.001 0.001 0.001 0.000 0.000 0.000 0.000 0.000 0.000 0.000 0.000 0.001 0.001 0.001 0.001 0.001 0.001 0.001 0.001 0.001 0.001
0.000 0.000 0.000 0.000 0.000 0.000 0.000 0.000 0.000 0.000 0.000 0.000 0.000 0.000 0.000 0.000 0.001 0.003 0.008 0.016 0.029 0.045 0.063 0.084 0.108 0.136 0.168 0.204 0.242 0.281 0.315 0.341 0.358 0.369 0.375 0.382 0.393 0.406 0.415 0.419 0.417 0.398 0.351 0.270 0.178 0.112 0.069 0.042 0.025 0.015 0.009 0.005 0.003 0.002 0.001 0.001 0.000 0.000 0.000 0.000 0.000 0.000 0.000 0.000 0.000 0.000 0.000 0.000 0.000 0.001 0.001 0.001 0.001 0.001 0.001 0.001 0.001
0.000 0.000 0.000 0.000 0.000 0.000 0.000 0.000 0.000 0.000 0.000 0.000 0.000 0.000 0.000 0.000 0.001 0.002 0.005 0.011 0.021 0.036 0.053 0.072 0.092 0.114 0.138 0.165 0.191 0.214 0.232 0.243 0.247 0.244 0.233 0.222 0.219 0.222 0.225 0.226 0.226 0.222 0.204 0.165 0.110 0.067 0.040 0.023 0.013 0.007 0.004 0.002 0.001 0.001 0.001 0.000 0.000 0.000 0.000 0.000 0.000 0.000 0.000 0.000 0.000 0.000 0.000 0.000 0.000 0.000 0.001 0.000 0.000 0.000 0.001 0.001 0.001
0.000 0.000 0.000 0.000 0.000 0.000 0.000 0.000 0.000 0.000 0.000 0.000 0.000 0.000 0.000 0.000 0.000 0.001 0.002 0.005 0.012 0.022 0.036 0.052 0.069 0.087 0.105 0.124 0.140 0.152 0.159 0.161 0.159 0.151 0.134 0.116 0.106 0.102 0.101 0.100 0.100 0.100 0.096 0.082 0.058 0.035 0.021 0.012 0.006 0.003 0.002 0.001 0.000 0.000 0.000 0.000 0.000 0.000 0.000 0.000 0.000 0.000 0.000 0.000 0.000 0.000 0.000 0.000 0.000 0.000 0.001 0.000 0.000 0.000 0.001 0.001 0.002
