RESULTS/r.avaflow_results/22_results/22_ascii/22_hflow10031.asc
ncols 506
nrows 317
xllcenter 498237.50
yllcenter 5580050.00
cellsize 12.50
NODATA_value -9999.000
[rows 170 to 203 of 317, columns 154 to 230 of 506]
1.818 1.635 1.468 1.316 1.177 1.049 0.930 0.819 0.716 0.621 0.534 0.455 0.385 0.324 0.271 0.225 0.186 0.153 0.124 0.099 0.078 0.061 0.046 0.035 0.026 0.020 0.016 0.013 0.013 0.013 0.013 0.013 0.013 0.014 0.013 0.013 0.013 0.013 0.013 0.012 0.010 0.009 0.007 0.005 0.003 0.001 0.001 0.000 0.000 0.000 0.000 0.000 0.000 0.000 0.000 0.000 0.000 0.000 0.000 0.000 0.000 0.000 0.000 0.000 0.000 0.000 0.000 0.000 0.000 0.000 0.000 0.000 0.000 0.000 0.000 0.000 0.000
2.033 1.864 1.704 1.552 1.405 1.265 1.131 1.005 0.887 0.778 0.678 0.586 0.503 0.429 0.364 0.307 0.258 0.215 0.177 0.144 0.114 0.089 0.068 0.051 0.038 0.028 0.022 0.017 0.015 0.015 0.015 0.015 0.016 0.015 0.015 0.015 0.014 0.013 0.013 0.012 0.010 0.009 0.007 0.004 0.003 0.001 0.001 0.000 0.000 0.000 0.000 0.000 0.000 0.000 0.000 0.000 0.000 0.000 0.000 0.000 0.000 0.000 0.000 0.000 0.000 0.000 0.000 0.000 0.000 0.000 0.000 0.000 0.000 0.000 0.000 0.000 0.000
2.204 2.046 1.894 1.745 1.598 1.454 1.314 1.179 1.052 0.933 0.821 0.717 0.622 0.536 0.460 0.392 0.333 0.281 0.234 0.194 0.157 0.125 0.097 0.073 0.054 0.040 0.029 0.022 0.018 0.016 0.016 0.016 0.016 0.016 0.015 0.015 0.014 0.013 0.012 0.011 0.009 0.007 0.005 0.004 0.002 0.001 0.001 0.000 0.000 0.000 0.000 0.000 0.000 0.000 0.000 0.000 0.000 0.000 0.000 0.000 0.000 0.000 0.000 0.000 0.000 0.000 0.000 0.000 0.000 0.000 0.000 0.000 0.000 0.000 0.000 0.000 0.000
2.326 2.184 2.043 1.902 1.761 1.622 1.485 1.350 1.218 1.091 0.969 0.853 0.746 0.649 0.561 0.482 0.411 0.347 0.289 0.239 0.195 0.157 0.124 0.096 0.073 0.053 0.038 0.027 0.021 0.017 0.016 0.016 0.016 0.015 0.015 0.014 0.013 0.012 0.010 0.009 0.007 0.005 0.003 0.002 0.001 0.001 0.000 0.000 0.000 0.000 0.000 0.000 0.000 0.000 0.000 0.000 0.000 0.000 0.000 0.000 0.000 0.000 0.000 0.000 0.000 0.000 0.000 0.000 0.000 0.000 0.000 0.000 0.000 0.000 0.000 0.000 0.000
2.406 2.279 2.153 2.025 1.897 1.770 1.642 1.514 1.386 1.257 1.127 1.000 0.880 0.768 0.665 0.570 0.483 0.406 0.337 0.278 0.226 0.182 0.145 0.113 0.086 0.064 0.046 0.033 0.024 0.018 0.016 0.015 0.014 0.013 0.013 0.011 0.010 0.009 0.007 0.005 0.004 0.002 0.002 0.001 0.001 0.000 0.000 0.000 0.000 0.000 0.000 0.000 0.000 0.000 0.000 0.000 0.000 0.000 0.000 0.000 0.000 0.000 0.000 0.000 0.000 0.000 0.000 0.000 0.000 0.000 0.000 0.000 0.000 0.000 0.000 0.000 0.000
2.448 2.336 2.226 2.114 2.003 1.892 1.778 1.661 1.541 1.419 1.289 1.155 1.019 0.885 0.760 0.646 0.545 0.455 0.376 0.309 0.251 0.201 0.159 0.124 0.095 0.070 0.051 0.037 0.026 0.019 0.015 0.013 0.012 0.010 0.009 0.007 0.006 0.005 0.004 0.003 0.002 0.001 0.001 0.001 0.001 0.000 0.000 0.000 0.000 0.000 0.000 0.000 0.000 0.000 0.000 0.000 0.000 0.000 0.000 0.000 0.000 0.000 0.000 0.000 0.000 0.000 0.000 0.000 0.000 0.000 0.000 0.000 0.000 0.000 0.000 0.000 0.000
2.462 2.365 2.271 2.176 2.082 1.988 1.888 1.784 1.673 1.558 1.430 1.291 1.141 0.983 0.838 0.707 0.592 0.491 0.404 0.330 0.267 0.214 0.169 0.131 0.100 0.075 0.055 0.039 0.028 0.020 0.015 0.011 0.009 0.006 0.005 0.004 0.003 0.002 0.002 0.001 0.001 0.001 0.001 0.001 0.000 0.000 0.000 0.000 0.000 0.000 0.000 0.000 0.000 0.000 0.000 0.000 0.000 0.000 0.000 0.000 0.000 0.000 0.000 0.000 0.000 0.000 0.000 0.000 0.000 0.000 0.000 0.000 0.000 0.000 0.000 0.000 0.000
2.465 2.377 2.297 2.218 2.139 2.057 1.971 1.878 1.777 1.669 1.543 1.399 1.237 1.060 0.897 0.750 0.624 0.515 0.421 0.342 0.276 0.221 0.175 0.136 0.103 0.077 0.056 0.040 0.028 0.020 0.014 0.009 0.006 0.004 0.002 0.002 0.001 0.001 0.001 0.001 0.001 0.001 0.001 0.001 0.000 0.000 0.000 0.000 0.000 0.000 0.000 0.000 0.000 0.000 0.000 0.000 0.000 0.000 0.000 0.000 0.000 0.000 0.000 0.000 0.000 0.000 0.000 0.000 0.000 0.000 0.000 0.000 0.000 0.000 0.000 0.000 0.000
2.460 2.380 2.310 2.244 2.177 2.108 2.035 1.952 1.860 1.756 1.632 1.484 1.313 1.120 0.938 0.780 0.643 0.527 0.429 0.347 0.279 0.223 0.177 0.137 0.104 0.077 0.055 0.039 0.026 0.018 0.011 0.006 0.004 0.002 0.001 0.001 0.001 0.001 0.001 0.001 0.001 0.001 0.001 0.001 0.000 0.000 0.000 0.000 0.000 0.000 0.000 0.000 0.000 0.000 0.000 0.000 0.000 0.000 0.000 0.000 0.000 0.000 0.000 0.000 0.000 0.000 0.000 0.000 0.000 0.000 0.000 0.000 0.000 0.000 0.000 0.000 0.000
2.446 2.375 2.313 2.256 2.201 2.141 2.081 2.011 1.929 1.829 1.704 1.551 1.371 1.164 0.970 0.802 0.658 0.536 0.433 0.348 0.280 0.223 0.176 0.136 0.102 0.073 0.050 0.033 0.020 0.012 0.007 0.004 0.002 0.001 0.001 0.001 0.001 0.001 0.001 0.001 0.001 0.001 0.001 0.001 0.000 0.000 0.000 0.000 0.000 0.000 0.000 0.000 0.000 0.000 0.000 0.000 0.000 0.000 0.000 0.000 0.000 0.000 0.000 0.000 0.000 0.000 0.000 0.000 0.000 0.000 0.000 0.000 0.000 0.000 0.000 0.000 0.000
2.423 2.362 2.307 2.258 2.214 2.167 2.120 2.062 1.988 1.889 1.763 1.605 1.416 1.198 0.996 0.821 0.669 0.542 0.435 0.348 0.277 0.219 0.170 0.128 0.092 0.062 0.037 0.020 0.011 0.005 0.003 0.002 0.001 0.001 0.001 0.001 0.001 0.001 0.001 0.001 0.001 0.001 0.001 0.001 0.000 0.000 0.000 0.000 0.000 0.000 0.000 0.000 0.000 0.000 0.000 0.000 0.000 0.000 0.000 0.000 0.000 0.000 0.000 0.000 0.000 0.000 0.000 0.000 0.000 0.000 0.000 0.000 0.000 0.000 0.000 0.000 0.000
2.383 2.333 2.290 2.252 2.220 2.188 2.155 2.110 2.041 1.940 1.811 1.645 1.445 1.220 1.015 0.835 0.679 0.546 0.434 0.342 0.265 0.200 0.146 0.102 0.067 0.038 0.019 0.008 0.004 0.002 0.001 0.001 0.001 0.001 0.001 0.001 0.001 0.001 0.001 0.001 0.001 0.001 0.001 0.001 0.000 0.000 0.000 0.000 0.000 0.000 0.000 0.000 0.000 0.000 0.000 0.000 0.000 0.000 0.000 0.000 0.000 0.000 0.000 0.000 0.000 0.000 0.000 0.000 0.000 0.000 0.000 0.000 0.000 0.000 0.000 0.000 0.000
2.321 2.287 2.259 2.237 2.219 2.201 2.182 2.142 2.077 1.975 1.839 1.665 1.459 1.230 1.024 0.842 0.683 0.544 0.424 0.320 0.228 0.151 0.093 0.053 0.029 0.014 0.007 0.003 0.002 0.001 0.001 0.001 0.001 0.001 0.001 0.001 0.001 0.001 0.001 0.001 0.001 0.001 0.001 0.001 0.001 0.000 0.000 0.000 0.000 0.000 0.000 0.000 0.000 0.000 0.000 0.000 0.000 0.000 0.000 0.000 0.000 0.000 0.000 0.000 0.000 0.000 0.000 0.000 0.000 0.000 0.000 0.000 0.000 0.000 0.000 0.000 0.000
2.243 2.227 2.216 2.211 2.209 2.206 2.193 2.157 2.092 1.988 1.845 1.664 1.450 1.222 1.015 0.829 0.661 0.507 0.367 0.242 0.141 0.071 0.033 0.016 0.008 0.004 0.002 0.001 0.001 0.001 0.001 0.001 0.001 0.001 0.001 0.001 0.001 0.001 0.001 0.001 0.001 0.001 0.001 0.001 0.001 0.001 0.001 0.000 0.000 0.000 0.000 0.000 0.000 0.000 0.000 0.000 0.000 0.000 0.000 0.000 0.000 0.000 0.000 0.000 0.000 0.000 0.000 0.000 0.000 0.000 0.000 0.000 0.000 0.000 0.000 0.000 0.000
2.150 2.153 2.158 2.165 2.168 2.165 2.149 2.113 2.052 1.948 1.796 1.598 1.366 1.133 0.922 0.726 0.539 0.365 0.215 0.107 0.046 0.019 0.008 0.004 0.002 0.001 0.001 0.001 0.001 0.001 0.001 0.001 0.001 0.001 0.001 0.001 0.001 0.001 0.001 0.001 0.001 0.001 0.001 0.001 0.001 0.001 0.001 0.001 0.000 0.000 0.000 0.000 0.000 0.000 0.000 0.000 0.000 0.000 0.000 0.000 0.000 0.000 0.000 0.000 0.000 0.000 0.000 0.000 0.000 0.000 0.000 0.000 0.000 0.000 0.000 0.000 0.000
2.040 2.054 2.054 2.033 1.993 1.951 1.913 1.867 1.810 1.715 1.563 1.351 1.093 0.842 0.626 0.436 0.271 0.144 0.065 0.026 0.010 0.004 0.002 0.002 0.001 0.001 0.001 0.001 0.001 0.001 0.001 0.001 0.001 0.001 0.001 0.001 0.001 0.001 0.001 0.001 0.001 0.001 0.001 0.001 0.001 0.001 0.001 0.001 0.001 0.000 0.000 0.000 0.000 0.000 0.000 0.000 0.000 0.000 0.000 0.000 0.000 0.000 0.000 0.000 0.000 0.000 0.000 0.000 0.000 0.000 0.000 0.000 0.000 0.000 0.000 0.000 0.000
1.843 1.814 1.746 1.638 1.502 1.383 1.298 1.231 1.171 1.095 0.973 0.790 0.558 0.362 0.228 0.137 0.074 0.033 0.013 0.005 0.003 0.002 0.001 0.001 0.001 0.001 0.001 0.001 0.001 0.001 0.001 0.001 0.001 0.001 0.001 0.001 0.002 0.002 0.002 0.002 0.002 0.002 0.002 0.002 0.002 0.002 0.002 0.001 0.001 0.000 0.000 0.000 0.000 0.000 0.000 0.000 0.000 0.000 0.000 0.000 0.000 0.000 0.000 0.000 0.000 0.000 0.000 0.000 0.000 0.000 0.000 0.000 0.000 0.000 0.000 0.000 0.000
1.393 1.249 1.086 0.907 0.739 0.618 0.537 0.481 0.438 0.395 0.338 0.258 0.163 0.094 0.053 0.030 0.015 0.007 0.003 0.002 0.001 0.001 0.001 0.001 0.001 0.001 0.001 0.001 0.001 0.001 0.001 0.001 0.002 0.002 0.002 0.002 0.002 0.002 0.002 0.002 0.003 0.003 0.003 0.003 0.003 0.003 0.003 0.002 0.002 0.001 0.000 0.000 0.000 0.000 0.000 0.000 0.000 0.000 0.000 0.000 0.000 0.000 0.000 0.000 0.000 0.000 0.000 0.000 0.000 0.000 0.000 0.000 0.000 0.000 0.000 0.000 0.000
0.722 0.579 0.464 0.363 0.278 0.213 0.169 0.140 0.119 0.101 0.082 0.060 0.036 0.020 0.012 0.007 0.004 0.002 0.002 0.001 0.001 0.001 0.001 0.001 0.001 0.001 0.001 0.001 0.002 0.002 0.002 0.002 0.002 0.002 0.002 0.002 0.003 0.003 0.003 0.003 0.004 0.004 0.005 0.005 0.005 0.005 0.005 0.004 0.003 0.001 0.000 0.000 0.000 0.000 0.000 0.000 0.000 0.000 0.000 0.000 0.000 0.000 0.000 0.000 0.000 0.000 0.000 0.000 0.000 0.000 0.000 0.000 0.000 0.000 0.000 0.000 0.000
0.280 0.218 0.171 0.131 0.097 0.071 0.052 0.040 0.032 0.026 0.020 0.014 0.009 0.006 0.004 0.003 0.002 0.002 0.001 0.001 0.001 0.001 0.001 0.001 0.001 0.002 0.002 0.002 0.002 0.002 0.002 0.003 0.003 0.003 0.004 0.004 0.004 0.005 0.005 0.006 0.007 0.008 0.009 0.009 0.009 0.009 0.008 0.006 0.003 0.002 0.000 0.000 0.000 0.000 0.000 0.000 0.000 0.000 0.000 0.000 0.000 0.000 0.000 0.000 0.000 0.000 0.000 0.000 0.000 0.000 0.000 0.000 0.000 0.000 0.000 0.000 0.000
0.098 0.077 0.060 0.046 0.033 0.024 0.017 0.013 0.010 0.008 0.006 0.005 0.004 0.003 0.002 0.002 0.002 0.002 0.001 0.001 0.001 0.001 0.002 0.002 0.002 0.002 0.002 0.003 0.003 0.003 0.004 0.005 0.005 0.006 0.006 0.007 0.008 0.010 0.011 0.013 0.015 0.017 0.018 0.018 0.018 0.015 0.012 0.007 0.004 0.002 0.001 0.000 0.000 0.000 0.000 0.000 0.000 0.000 0.000 0.000 0.000 0.000 0.000 0.000 0.000 0.000 0.000 0.000 0.000 0.000 0.000 0.000 0.000 0.000 0.000 0.000 0.000
0.035 0.028 0.022 0.017 0.012 0.009 0.007 0.005 0.004 0.004 0.003 0.003 0.003 0.002 0.002 0.002 0.002 0.002 0.002 0.002 0.002 0.002 0.002 0.002 0.003 0.003 0.004 0.005 0.006 0.007 0.008 0.010 0.012 0.013 0.015 0.017 0.020 0.023 0.027 0.031 0.034 0.036 0.036 0.032 0.026 0.019 0.013 0.008 0.004 0.002 0.001 0.000 0.000 0.000 0.000 0.000 0.000 0.000 0.000 0.000 0.000 0.000 0.000 0.000 0.000 0.000 0.000 0.000 0.000 0.000 0.000 0.000 0.000 0.000 0.000 0.000 0.000
0.014 0.011 0.009 0.007 0.006 0.004 0.004 0.003 0.003 0.003 0.003 0.002 0.002 0.002 0.002 0.002 0.002 0.002 0.002 0.002 0.002 0.003 0.003 0.004 0.005 0.007 0.008 0.011 0.014 0.018 0.022 0.027 0.031 0.035 0.040 0.045 0.052 0.059 0.064 0.067 0.066 0.059 0.050 0.040 0.029 0.020 0.013 0.008 0.004 0.002 0.001 0.000 0.000 0.000 0.000 0.000 0.000 0.000 0.000 0.000 0.000 0.000 0.000 0.000 0.000 0.000 0.000 0.000 0.000 0.000 0.000 0.000 0.000 0.000 0.000 0.000 0.000
0.006 0.005 0.005 0.004 0.003 0.003 0.003 0.003 0.003 0.003 0.002 0.002 0.002 0.002 0.002 0.002 0.002 0.002 0.002 0.003 0.003 0.004 0.006 0.008 0.012 0.016 0.023 0.032 0.042 0.054 0.066 0.078 0.088 0.097 0.105 0.113 0.121 0.122 0.116 0.103 0.087 0.070 0.055 0.041 0.030 0.020 0.013 0.007 0.004 0.002 0.001 0.000 0.000 0.000 0.000 0.000 0.000 0.000 0.000 0.000 0.000 0.000 0.000 0.000 0.000 0.000 0.000 0.000 0.000 0.000 0.000 0.000 0.000 0.000 0.000 0.000 0.000
0.004 0.003 0.003 0.003 0.003 0.003 0.003 0.003 0.003 0.003 0.003 0.002 0.002 0.002 0.002 0.002 0.002 0.003 0.003 0.004 0.006 0.009 0.014 0.022 0.033 0.050 0.073 0.102 0.132 0.161 0.186 0.207 0.221 0.228 0.227 0.216 0.197 0.172 0.144 0.117 0.092 0.071 0.054 0.040 0.028 0.019 0.012 0.007 0.004 0.002 0.001 0.000 0.000 0.000 0.000 0.000 0.000 0.000 0.000 0.000 0.000 0.000 0.000 0.000 0.000 0.000 0.000 0.000 0.000 0.000 0.000 0.000 0.000 0.000 0.000 0.000 0.000
0.003 0.003 0.003 0.003 0.003 0.003 0.003 0.003 0.003 0.003 0.003 0.003 0.003 0.003 0.003 0.003 0.003 0.004 0.005 0.008 0.014 0.025 0.042 0.069 0.107 0.159 0.226 0.292 0.346 0.387 0.410 0.410 0.391 0.362 0.324 0.280 0.233 0.189 0.151 0.119 0.092 0.069 0.052 0.037 0.026 0.017 0.011 0.006 0.003 0.001 0.000 0.000 0.000 0.000 0.000 0.000 0.000 0.000 0.000 0.000 0.000 0.000 0.000 0.000 0.000 0.000 0.000 0.000 0.000 0.000 0.000 0.000 0.000 0.000 0.000 0.000 0.000
0.002 0.002 0.002 0.002 0.003 0.003 0.003 0.003 0.003 0.003 0.003 0.003 0.003 0.003 0.003 0.004 0.005 0.007 0.013 0.023 0.044 0.080 0.137 0.215 0.314 0.429 0.542 0.619 0.652 0.643 0.603 0.541 0.479 0.419 0.358 0.297 0.240 0.191 0.150 0.116 0.088 0.066 0.048 0.034 0.023 0.015 0.009 0.005 0.003 0.001 0.000 0.000 0.000 0.000 0.000 0.000 0.000 0.000 0.000 0.000 0.000 0.000 0.000 0.000 0.000 0.000 0.000 0.000 0.000 0.000 0.000 0.000 0.000 0.000 0.000 0.000 0.000
0.001 0.002 0.002 0.002 0.003 0.003 0.003 0.003 0.003 0.003 0.003 0.004 0.004 0.004 0.004 0.006 0.010 0.019 0.037 0.075 0.142 0.243 0.378 0.531 0.680 0.792 0.852 0.869 0.843 0.778 0.682 0.581 0.498 0.427 0.360 0.297 0.239 0.189 0.147 0.113 0.084 0.061 0.043 0.030 0.020 0.013 0.008 0.005 0.002 0.001 0.000 0.000 0.000 0.000 0.000 0.000 0.000 0.000 0.000 0.000 0.000 0.000 0.000 0.000 0.000 0.000 0.000 0.000 0.000 0.000 0.000 0.000 0.000 0.000 0.000 0.000 0.000
0.001 0.002 0.002 0.002 0.003 0.003 0.004 0.004 0.004 0.004 0.005 0.005 0.005 0.006 0.008 0.013 0.026 0.055 0.114 0.220 0.379 0.560 0.727 0.859 0.950 0.996 1.002 0.977 0.918 0.824 0.701 0.587 0.498 0.425 0.359 0.297 0.239 0.187 0.143 0.105 0.076 0.053 0.037 0.025 0.016 0.011 0.006 0.004 0.002 0.001 0.000 0.000 0.000 0.000 0.000 0.000 0.000 0.000 0.000 0.000 0.000 0.000 0.000 0.000 0.000 0.000 0.000 0.000 0.000 0.000 0.000 0.000 0.000 0.000 0.000 0.000 0.000
0.001 0.002 0.002 0.003 0.004 0.005 0.005 0.006 0.007 0.007 0.008 0.009 0.010 0.012 0.018 0.033 0.071 0.148 0.288 0.490 0.688 0.839 0.945 1.015 1.051 1.059 1.048 1.013 0.946 0.843 0.708 0.586 0.493 0.418 0.352 0.289 0.228 0.173 0.127 0.089 0.062 0.042 0.028 0.019 0.013 0.008 0.005 0.003 0.001 0.000 0.000 0.000 0.000 0.000 0.000 0.000 0.000 0.000 0.000 0.000 0.000 0.000 0.000 0.000 0.000 0.000 0.000 0.000 0.000 0.000 0.000 0.000 0.000 0.000 0.000 0.000 0.000
0.001 0.002 0.003 0.004 0.006 0.008 0.010 0.012 0.013 0.015 0.017 0.019 0.022 0.028 0.042 0.079 0.160 0.305 0.511 0.718 0.865 0.958 1.016 1.053 1.071 1.073 1.064 1.031 0.961 0.852 0.709 0.576 0.470 0.383 0.309 0.242 0.182 0.131 0.091 0.062 0.042 0.029 0.021 0.014 0.010 0.006 0.004 0.002 0.001 0.000 0.000 0.000 0.000 0.000 0.000 0.000 0.000 0.000 0.000 0.000 0.000 0.000 0.000 0.000 0.000 0.000 0.000 0.000 0.000 0.000 0.000 0.000 0.000 0.000 0.000 0.000 0.000
0.001 0.002 0.005 0.008 0.013 0.017 0.021 0.026 0.030 0.034 0.037 0.041 0.046 0.056 0.077 0.129 0.240 0.419 0.640 0.813 0.921 0.984 1.025 1.056 1.074 1.079 1.069 1.030 0.954 0.839 0.686 0.532 0.404 0.298 0.212 0.146 0.099 0.068 0.048 0.035 0.026 0.020 0.015 0.011 0.007 0.005 0.003 0.001 0.000 0.000 0.000 0.000 0.000 0.000 0.000 0.000 0.000 0.000 0.000 0.000 0.000 0.000 0.000 0.000 0.000 0.000 0.000 0.000 0.000 0.000 0.000 0.000 0.000 0.000 0.000 0.000 0.000
0.002 0.005 0.010 0.018 0.027 0.036 0.045 0.054 0.061 0.066 0.069 0.070 0.072 0.078 0.098 0.153 0.271 0.461 0.675 0.828 0.925 0.983 1.020 1.042 1.049 1.036 0.998 0.936 0.845 0.721 0.566 0.408 0.274 0.171 0.102 0.061 0.039 0.028 0.022 0.019 0.016 0.013 0.010 0.008 0.005 0.003 0.002 0.001 0.000 0.000 0.000 0.000 0.000 0.000 0.000 0.000 0.000 0.000 0.000 0.000 0.000 0.000 0.000 0.000 0.000 0.000 0.000 0.000 0.000 0.000 0.000 0.000 0.000 0.000 0.000 0.000 0.000
0.004 0.010 0.020 0.035 0.050 0.062 0.074 0.084 0.090 0.092 0.091 0.087 0.084 0.087 0.103 0.156 0.271 0.456 0.659 0.799 0.886 0.934 0.953 0.948 0.913 0.843 0.748 0.647 0.544 0.436 0.320 0.213 0.130 0.073 0.040 0.022 0.015 0.012 0.010 0.010 0.009 0.008 0.007 0.005 0.004 0.002 0.001 0.000 0.000 0.000 0.000 0.000 0.000 0.000 0.000 0.000 0.000 0.000 0.000 0.000 0.000 0.000 0.000 0.000 0.000 0.000 0.000 0.000 0.000 0.000 0.000 0.000 0.000 0.000 0.000 0.000 0.000
