RESULTS/r.avaflow_results/22_results/22_ascii/22_hflow_max0005.asc
ncols 506
nrows 317
xllcenter 498237.50
yllcenter 5580050.00
cellsize 12.50
NODATA_value -9999.000
[rows 170 to 203 of 317, columns 77 to 153 of 506]
0.000 0.000 0.000 0.000 0.000 0.000 0.000 0.000 0.000 0.000 0.000 0.000 0.000 0.000 0.000 0.000 0.000 0.000 0.000 0.000 0.000 0.000 0.000 0.000 0.000 0.000 0.000 0.000 0.000 0.000 0.000 0.000 0.000 0.000 0.000 0.000 0.000 0.000 0.000 0.000 0.000 0.000 0.000 0.000 0.000 0.000 0.001 0.003 0.007 0.011 0.020 0.046 0.151 0.450 1.058 2.040 3.591 6.717 9.425 11.878 13.896 15.367 16.282 16.511 16.443 16.033 15.618 15.134 14.665 13.943 12.922 11.789 10.967 10.846 10.808 10.808 10.877
0.000 0.000 0.000 0.000 0.000 0.000 0.000 0.000 0.000 0.000 0.000 0.000 0.000 0.000 0.000 0.000 0.000 0.000 0.000 0.000 0.000 0.000 0.000 0.000 0.000 0.000 0.000 0.000 0.000 0.000 0.000 0.000 0.000 0.000 0.000 0.000 0.000 0.000 0.000 0.000 0.000 0.000 0.000 0.000 0.000 0.001 0.002 0.005 0.010 0.017 0.033 0.090 0.260 0.693 1.547 3.590 5.802 8.402 11.022 13.375 15.159 16.090 16.581 16.742 16.653 16.343 15.744 15.074 14.402 13.719 13.008 13.096 13.207 13.284 13.449 13.792 14.276
0.000 0.000 0.000 0.000 0.000 0.000 0.000 0.000 0.000 0.000 0.000 0.000 0.000 0.000 0.000 0.000 0.000 0.000 0.000 0.000 0.000 0.000 0.000 0.000 0.000 0.000 0.000 0.000 0.000 0.000 0.000 0.000 0.000 0.000 0.000 0.000 0.000 0.000 0.000 0.000 0.000 0.000 0.000 0.000 0.000 0.002 0.004 0.008 0.015 0.027 0.057 0.141 0.349 0.816 1.744 4.084 6.408 9.030 11.564 13.776 15.411 16.175 16.551 16.680 16.627 16.210 15.558 14.978 14.709 14.729 14.667 14.663 14.579 14.680 15.064 15.950 17.211
0.000 0.000 0.000 0.000 0.000 0.000 0.000 0.000 0.000 0.000 0.000 0.000 0.000 0.000 0.000 0.000 0.000 0.000 0.000 0.000 0.000 0.000 0.000 0.000 0.000 0.000 0.000 0.000 0.000 0.000 0.000 0.000 0.000 0.000 0.000 0.000 0.000 0.000 0.000 0.000 0.000 0.000 0.000 0.000 0.000 0.002 0.005 0.011 0.020 0.038 0.081 0.180 0.402 0.858 1.740 3.807 6.161 8.861 11.366 13.432 14.961 15.842 16.286 16.405 16.274 15.910 15.644 15.707 15.872 15.876 15.638 15.458 15.435 15.641 16.332 17.741 19.395
0.000 0.000 0.000 0.000 0.000 0.000 0.000 0.000 0.000 0.000 0.000 0.000 0.000 0.000 0.000 0.000 0.000 0.000 0.000 0.000 0.000 0.000 0.000 0.000 0.000 0.000 0.000 0.000 0.000 0.000 0.000 0.000 0.000 0.000 0.000 0.000 0.000 0.000 0.000 0.000 0.000 0.000 0.000 0.000 0.000 0.003 0.006 0.012 0.023 0.045 0.094 0.200 0.416 0.830 1.572 2.839 5.073 7.968 10.565 12.600 14.062 15.086 15.630 15.785 15.964 16.369 16.464 16.428 16.400 16.265 16.050 15.831 16.004 16.709 17.632 18.822 20.143
0.000 0.000 0.000 0.000 0.000 0.000 0.000 0.000 0.000 0.000 0.000 0.000 0.000 0.000 0.000 0.000 0.000 0.000 0.000 0.000 0.000 0.000 0.000 0.000 0.000 0.000 0.000 0.000 0.000 0.000 0.000 0.000 0.000 0.000 0.000 0.000 0.000 0.000 0.000 0.000 0.000 0.000 0.000 0.000 0.001 0.003 0.007 0.013 0.025 0.048 0.098 0.202 0.400 0.737 1.286 2.240 3.924 6.704 9.593 11.761 13.166 14.077 14.752 15.229 15.886 16.349 16.654 16.516 16.574 16.405 16.203 16.027 16.057 16.779 17.606 18.627 19.808
0.000 0.000 0.000 0.000 0.000 0.000 0.000 0.000 0.000 0.000 0.000 0.000 0.000 0.000 0.000 0.000 0.000 0.000 0.000 0.000 0.000 0.000 0.000 0.000 0.000 0.000 0.000 0.000 0.000 0.000 0.000 0.000 0.000 0.000 0.000 0.000 0.000 0.000 0.000 0.000 0.000 0.000 0.000 0.000 0.001 0.003 0.007 0.014 0.025 0.049 0.097 0.190 0.354 0.616 1.029 1.750 3.138 5.972 8.955 11.252 12.569 13.251 13.949 14.615 15.349 15.942 15.930 15.971 15.906 15.726 15.417 15.270 15.265 15.528 16.460 17.593 18.971
0.000 0.000 0.000 0.000 0.000 0.000 0.000 0.000 0.000 0.000 0.000 0.000 0.000 0.000 0.000 0.000 0.000 0.000 0.000 0.000 0.000 0.000 0.000 0.000 0.000 0.000 0.000 0.000 0.000 0.000 0.000 0.000 0.000 0.000 0.000 0.000 0.000 0.000 0.000 0.000 0.000 0.000 0.000 0.000 0.001 0.003 0.007 0.014 0.025 0.047 0.089 0.165 0.294 0.501 0.844 1.457 2.664 5.420 8.367 10.502 11.785 12.683 13.165 13.848 14.458 14.818 14.915 14.855 14.682 14.384 14.065 13.906 13.919 14.251 15.063 16.279 17.841
0.000 0.000 0.000 0.000 0.000 0.000 0.000 0.000 0.000 0.000 0.000 0.000 0.000 0.000 0.000 0.000 0.000 0.000 0.000 0.000 0.000 0.000 0.000 0.000 0.000 0.000 0.000 0.000 0.000 0.000 0.000 0.000 0.000 0.000 0.000 0.000 0.000 0.000 0.000 0.000 0.000 0.000 0.000 0.000 0.001 0.003 0.007 0.013 0.024 0.043 0.077 0.137 0.238 0.410 0.712 1.262 2.354 4.981 7.551 9.163 10.512 11.334 12.079 12.699 13.130 13.305 13.290 13.132 12.801 12.315 11.930 11.769 11.821 12.289 13.279 14.695 16.407
0.000 0.000 0.000 0.000 0.000 0.000 0.000 0.000 0.000 0.000 0.000 0.000 0.000 0.000 0.000 0.000 0.000 0.000 0.000 0.000 0.000 0.000 0.000 0.000 0.000 0.000 0.000 0.000 0.000 0.000 0.000 0.000 0.000 0.000 0.000 0.000 0.000 0.000 0.000 0.000 0.000 0.000 0.000 0.001 0.001 0.003 0.007 0.012 0.022 0.037 0.065 0.114 0.207 0.382 0.711 1.328 2.525 4.664 7.276 8.999 9.920 10.472 10.989 11.342 11.489 11.452 11.261 10.957 10.433 9.874 9.577 9.542 9.806 10.524 11.665 13.156 14.846
0.000 0.000 0.000 0.000 0.000 0.000 0.000 0.000 0.000 0.000 0.000 0.000 0.000 0.000 0.000 0.000 0.000 0.000 0.000 0.000 0.000 0.000 0.000 0.000 0.000 0.000 0.000 0.000 0.000 0.000 0.000 0.000 0.000 0.000 0.000 0.000 0.000 0.000 0.000 0.000 0.001 0.002 0.003 0.004 0.004 0.006 0.008 0.012 0.019 0.033 0.059 0.112 0.221 0.439 0.846 1.589 2.956 5.296 8.090 9.904 10.810 11.335 11.687 11.823 11.755 11.495 10.986 10.280 9.520 8.936 8.625 8.557 8.802 9.628 10.665 11.807 13.206
0.000 0.000 0.000 0.000 0.000 0.000 0.000 0.000 0.000 0.000 0.000 0.000 0.000 0.000 0.000 0.000 0.000 0.000 0.000 0.000 0.000 0.000 0.000 0.000 0.000 0.000 0.000 0.000 0.000 0.000 0.000 0.000 0.000 0.000 0.000 0.000 0.000 0.000 0.001 0.002 0.004 0.006 0.008 0.010 0.011 0.012 0.014 0.016 0.021 0.033 0.060 0.117 0.229 0.436 0.812 1.485 2.695 4.789 7.497 9.751 11.285 12.042 12.374 12.456 12.350 12.012 11.371 10.498 9.666 9.115 8.841 8.790 9.033 9.678 10.487 11.267 12.156
0.000 0.000 0.000 0.000 0.000 0.000 0.000 0.000 0.000 0.000 0.000 0.000 0.000 0.000 0.000 0.000 0.000 0.000 0.000 0.000 0.000 0.000 0.000 0.000 0.000 0.000 0.000 0.000 0.000 0.000 0.000 0.000 0.000 0.000 0.000 0.001 0.001 0.003 0.004 0.007 0.011 0.016 0.020 0.023 0.024 0.025 0.026 0.027 0.032 0.044 0.066 0.109 0.186 0.331 0.602 1.087 1.947 3.449 5.562 7.723 9.118 9.870 10.149 10.208 10.161 9.933 9.439 8.741 8.196 7.914 7.862 8.100 8.672 9.540 10.529 11.353 11.951
0.000 0.000 0.000 0.000 0.000 0.000 0.000 0.000 0.000 0.000 0.000 0.000 0.000 0.000 0.000 0.000 0.000 0.000 0.000 0.000 0.000 0.000 0.000 0.000 0.000 0.000 0.000 0.000 0.001 0.001 0.001 0.001 0.001 0.002 0.003 0.004 0.006 0.008 0.012 0.019 0.027 0.038 0.044 0.047 0.048 0.048 0.046 0.044 0.046 0.052 0.065 0.090 0.139 0.232 0.408 0.732 1.297 2.235 3.713 5.391 6.615 7.320 7.611 7.674 7.601 7.378 6.931 6.345 5.944 5.762 5.748 5.962 6.479 7.336 8.536 9.992 11.308
0.000 0.000 0.000 0.000 0.000 0.000 0.000 0.000 0.000 0.000 0.000 0.000 0.000 0.000 0.000 0.000 0.000 0.000 0.000 0.001 0.002 0.002 0.003 0.003 0.003 0.003 0.004 0.004 0.004 0.004 0.005 0.005 0.006 0.007 0.009 0.012 0.016 0.022 0.032 0.045 0.062 0.079 0.088 0.091 0.091 0.086 0.076 0.065 0.058 0.056 0.062 0.078 0.113 0.182 0.313 0.550 0.949 1.570 2.477 3.527 4.443 5.063 5.377 5.492 5.452 5.246 4.807 4.294 3.954 3.780 3.725 3.829 4.188 4.851 5.864 7.224 8.554
0.000 0.000 0.000 0.000 0.000 0.000 0.000 0.000 0.000 0.000 0.000 0.000 0.000 0.000 0.000 0.000 0.000 0.001 0.002 0.005 0.008 0.010 0.011 0.011 0.011 0.011 0.012 0.012 0.013 0.014 0.016 0.018 0.021 0.024 0.029 0.035 0.044 0.057 0.077 0.104 0.130 0.151 0.162 0.165 0.162 0.149 0.125 0.100 0.077 0.066 0.065 0.076 0.106 0.168 0.284 0.483 0.798 1.254 1.816 2.481 3.088 3.498 3.712 3.807 3.774 3.612 3.238 2.813 2.565 2.424 2.344 2.314 2.434 2.792 3.506 4.742 5.873
0.000 0.000 0.000 0.000 0.000 0.000 0.000 0.000 0.000 0.000 0.000 0.000 0.000 0.000 0.000 0.000 0.001 0.004 0.009 0.019 0.027 0.031 0.033 0.034 0.032 0.032 0.032 0.033 0.035 0.039 0.044 0.052 0.062 0.071 0.082 0.094 0.111 0.136 0.171 0.215 0.249 0.270 0.280 0.280 0.271 0.243 0.203 0.151 0.108 0.085 0.080 0.088 0.115 0.176 0.284 0.459 0.717 1.058 1.436 1.860 2.263 2.553 2.713 2.788 2.757 2.599 2.311 2.017 1.824 1.715 1.653 1.605 1.624 1.783 2.202 3.247 3.908
0.000 0.000 0.000 0.000 0.000 0.000 0.000 0.000 0.000 0.000 0.000 0.000 0.000 0.000 0.000 0.002 0.005 0.013 0.032 0.059 0.077 0.086 0.088 0.085 0.081 0.079 0.079 0.081 0.086 0.095 0.110 0.134 0.162 0.185 0.206 0.228 0.253 0.288 0.342 0.402 0.440 0.459 0.465 0.461 0.435 0.378 0.315 0.225 0.155 0.116 0.106 0.112 0.138 0.195 0.296 0.458 0.690 0.965 1.231 1.504 1.775 1.971 2.076 2.117 2.081 1.936 1.734 1.552 1.420 1.340 1.294 1.265 1.255 1.310 1.525 1.846 2.009
0.000 0.000 0.000 0.000 0.000 0.000 0.000 0.000 0.000 0.000 0.000 0.000 0.000 0.000 0.002 0.006 0.017 0.042 0.096 0.163 0.198 0.211 0.211 0.194 0.177 0.173 0.173 0.177 0.186 0.205 0.243 0.308 0.374 0.424 0.461 0.489 0.515 0.553 0.620 0.690 0.722 0.722 0.698 0.656 0.600 0.531 0.424 0.298 0.208 0.155 0.134 0.138 0.161 0.216 0.315 0.471 0.687 0.931 1.149 1.336 1.495 1.625 1.717 1.735 1.674 1.527 1.382 1.281 1.209 1.153 1.121 1.103 1.100 1.127 1.199 1.290 1.322
0.000 0.000 0.000 0.000 0.000 0.000 0.000 0.000 0.000 0.000 0.000 0.000 0.001 0.002 0.007 0.019 0.049 0.119 0.256 0.395 0.458 0.474 0.463 0.404 0.354 0.340 0.340 0.346 0.360 0.395 0.474 0.623 0.768 0.852 0.902 0.929 0.942 0.953 0.982 0.994 0.964 0.916 0.860 0.796 0.722 0.625 0.488 0.340 0.242 0.188 0.166 0.168 0.190 0.244 0.340 0.490 0.699 0.921 1.112 1.266 1.371 1.430 1.475 1.478 1.410 1.268 1.155 1.096 1.063 1.039 1.022 1.020 1.035 1.071 1.134 1.160 1.149
0.000 0.000 0.000 0.000 0.000 0.000 0.000 0.000 0.000 0.000 0.000 0.001 0.002 0.007 0.020 0.052 0.131 0.301 0.602 0.844 0.950 0.971 0.928 0.769 0.647 0.602 0.588 0.588 0.605 0.667 0.814 1.091 1.348 1.474 1.514 1.507 1.442 1.334 1.252 1.193 1.131 1.058 0.979 0.896 0.806 0.694 0.536 0.375 0.272 0.218 0.199 0.202 0.221 0.271 0.360 0.504 0.719 0.932 1.100 1.235 1.327 1.361 1.361 1.343 1.287 1.165 1.041 0.978 0.959 0.956 0.968 0.993 1.019 1.060 1.111 1.124 1.117
0.000 0.000 0.000 0.000 0.000 0.000 0.000 0.000 0.000 0.000 0.001 0.002 0.007 0.018 0.049 0.127 0.309 0.683 1.235 1.601 1.751 1.771 1.610 1.308 1.014 0.870 0.822 0.809 0.817 0.882 1.080 1.460 1.753 1.869 1.887 1.853 1.774 1.627 1.460 1.337 1.234 1.141 1.056 0.969 0.874 0.745 0.562 0.394 0.293 0.241 0.221 0.220 0.236 0.279 0.364 0.516 0.742 0.962 1.129 1.246 1.318 1.346 1.340 1.314 1.237 1.104 0.990 0.930 0.908 0.911 0.952 0.999 1.035 1.074 1.097 1.101 1.096
0.000 0.000 0.000 0.000 0.000 0.000 0.000 0.000 0.000 0.001 0.003 0.007 0.017 0.042 0.109 0.276 0.655 1.385 2.150 2.532 2.633 2.551 2.272 1.781 1.319 1.091 0.987 0.966 0.975 1.054 1.283 1.705 1.985 2.087 2.100 2.068 1.980 1.776 1.557 1.409 1.298 1.201 1.113 1.026 0.925 0.778 0.569 0.402 0.303 0.252 0.232 0.227 0.238 0.277 0.364 0.528 0.763 0.992 1.168 1.283 1.338 1.350 1.339 1.299 1.210 1.067 0.958 0.904 0.891 0.908 0.956 1.020 1.064 1.094 1.110 1.100 1.080
0.000 0.000 0.000 0.000 0.000 0.000 0.000 0.000 0.001 0.003 0.007 0.015 0.036 0.087 0.216 0.533 1.232 2.283 2.955 3.174 3.192 3.031 2.682 1.980 1.496 1.242 1.113 1.083 1.099 1.202 1.467 1.880 2.126 2.217 2.227 2.210 2.111 1.878 1.628 1.463 1.351 1.257 1.169 1.082 0.970 0.796 0.569 0.403 0.304 0.253 0.232 0.227 0.239 0.275 0.364 0.535 0.772 0.995 1.176 1.294 1.343 1.347 1.342 1.297 1.191 1.042 0.938 0.886 0.882 0.927 0.988 1.049 1.104 1.128 1.131 1.116 1.082
0.000 0.000 0.000 0.000 0.000 0.000 0.000 0.001 0.003 0.006 0.014 0.031 0.070 0.164 0.395 0.934 2.016 3.069 3.507 3.608 3.526 3.368 2.805 2.048 1.606 1.357 1.226 1.190 1.214 1.349 1.657 2.038 2.237 2.318 2.334 2.317 2.205 1.956 1.710 1.542 1.421 1.327 1.239 1.142 1.005 0.796 0.563 0.398 0.301 0.251 0.230 0.226 0.235 0.272 0.363 0.533 0.768 0.982 1.159 1.281 1.332 1.344 1.330 1.272 1.155 1.011 0.918 0.874 0.889 0.967 1.047 1.101 1.147 1.172 1.174 1.153 1.108
0.000 0.000 0.000 0.000 0.000 0.000 0.001 0.003 0.006 0.013 0.028 0.059 0.128 0.288 0.666 1.529 2.842 3.630 3.887 3.927 3.848 3.529 2.770 2.055 1.646 1.419 1.305 1.278 1.332 1.520 1.859 2.193 2.367 2.415 2.415 2.395 2.257 1.972 1.731 1.577 1.471 1.387 1.302 1.188 1.020 0.786 0.549 0.388 0.293 0.246 0.228 0.223 0.229 0.269 0.364 0.539 0.773 0.976 1.151 1.274 1.320 1.328 1.311 1.234 1.101 0.976 0.905 0.881 0.926 1.035 1.126 1.177 1.207 1.226 1.230 1.212 1.171
0.000 0.000 0.000 0.000 0.000 0.001 0.003 0.006 0.013 0.027 0.054 0.110 0.226 0.488 1.097 2.350 3.538 4.034 4.172 4.148 4.044 3.561 2.688 2.030 1.651 1.442 1.347 1.340 1.439 1.703 2.077 2.338 2.490 2.541 2.521 2.469 2.290 1.958 1.719 1.581 1.488 1.408 1.326 1.212 1.029 0.774 0.538 0.377 0.284 0.239 0.221 0.216 0.225 0.270 0.372 0.558 0.809 1.014 1.171 1.280 1.320 1.319 1.287 1.193 1.051 0.951 0.903 0.904 0.989 1.130 1.222 1.268 1.296 1.314 1.318 1.304 1.269
0.000 0.000 0.000 0.000 0.001 0.003 0.006 0.012 0.026 0.052 0.102 0.197 0.384 0.796 1.785 3.228 4.016 4.300 4.360 4.345 4.092 3.388 2.527 1.970 1.634 1.443 1.363 1.384 1.523 1.828 2.216 2.446 2.561 2.611 2.609 2.540 2.312 1.943 1.702 1.577 1.495 1.419 1.336 1.221 1.035 0.764 0.520 0.366 0.277 0.233 0.215 0.210 0.222 0.272 0.385 0.586 0.851 1.072 1.226 1.307 1.330 1.321 1.271 1.143 1.014 0.943 0.911 0.940 1.069 1.240 1.348 1.396 1.420 1.441 1.449 1.441 1.428
0.000 0.000 0.000 0.001 0.002 0.005 0.012 0.024 0.049 0.098 0.187 0.345 0.637 1.253 2.559 3.809 4.301 4.452 4.492 4.423 3.978 3.082 2.294 1.841 1.580 1.432 1.371 1.415 1.601 1.958 2.334 2.550 2.628 2.650 2.661 2.584 2.325 1.937 1.693 1.569 1.498 1.432 1.350 1.224 1.030 0.755 0.511 0.358 0.272 0.230 0.212 0.207 0.223 0.278 0.399 0.616 0.895 1.123 1.286 1.363 1.370 1.336 1.263 1.121 1.008 0.955 0.957 1.015 1.186 1.371 1.490 1.560 1.600 1.620 1.634 1.642 1.639
0.000 0.000 0.001 0.002 0.005 0.011 0.022 0.045 0.090 0.175 0.325 0.582 1.034 1.934 3.263 4.099 4.429 4.520 4.542 4.309 3.588 2.681 2.082 1.737 1.532 1.420 1.388 1.458 1.682 2.079 2.411 2.587 2.647 2.658 2.658 2.581 2.318 1.928 1.690 1.568 1.493 1.433 1.361 1.241 1.033 0.739 0.500 0.354 0.273 0.234 0.215 0.209 0.228 0.289 0.420 0.658 0.949 1.180 1.344 1.420 1.424 1.379 1.283 1.122 1.030 1.022 1.039 1.133 1.341 1.542 1.665 1.746 1.821 1.862 1.873 1.861 1.813
0.000 0.001 0.002 0.005 0.010 0.020 0.041 0.082 0.160 0.300 0.537 0.926 1.567 2.626 3.680 4.230 4.454 4.552 4.475 3.944 3.020 2.342 1.953 1.681 1.499 1.412 1.403 1.507 1.763 2.177 2.496 2.630 2.666 2.673 2.655 2.559 2.274 1.907 1.685 1.568 1.502 1.444 1.377 1.254 1.039 0.737 0.497 0.352 0.274 0.237 0.220 0.212 0.234 0.298 0.442 0.705 1.013 1.244 1.398 1.467 1.467 1.424 1.311 1.155 1.094 1.091 1.130 1.278 1.527 1.741 1.884 1.961 2.021 2.053 2.040 1.979 1.902
0.001 0.002 0.004 0.009 0.018 0.037 0.073 0.144 0.275 0.498 0.857 1.370 2.065 3.087 3.865 4.260 4.429 4.492 4.264 3.501 2.658 2.171 1.849 1.617 1.465 1.395 1.415 1.548 1.826 2.229 2.511 2.643 2.673 2.680 2.657 2.509 2.166 1.815 1.629 1.532 1.482 1.440 1.378 1.262 1.048 0.738 0.496 0.352 0.275 0.238 0.220 0.213 0.238 0.308 0.460 0.746 1.079 1.317 1.453 1.505 1.492 1.446 1.315 1.192 1.167 1.178 1.264 1.493 1.765 1.954 2.095 2.180 2.199 2.184 2.121 2.051 1.943
0.002 0.005 0.009 0.017 0.032 0.064 0.125 0.241 0.445 0.774 1.227 1.754 2.421 3.308 3.910 4.172 4.342 4.310 3.904 3.092 2.441 2.039 1.749 1.541 1.416 1.374 1.417 1.565 1.874 2.267 2.516 2.628 2.671 2.680 2.645 2.480 2.100 1.754 1.571 1.487 1.447 1.416 1.366 1.256 1.049 0.739 0.495 0.355 0.281 0.242 0.220 0.212 0.243 0.318 0.483 0.786 1.140 1.387 1.516 1.553 1.531 1.464 1.324 1.247 1.249 1.297 1.450 1.749 2.012 2.162 2.259 2.318 2.320 2.254 2.183 2.068 1.905
0.005 0.009 0.016 0.029 0.056 0.108 0.205 0.377 0.657 1.060 1.517 1.985 2.604 3.368 3.868 4.082 4.165 4.064 3.615 2.853 2.299 1.938 1.672 1.485 1.390 1.365 1.420 1.573 1.890 2.287 2.523 2.633 2.676 2.682 2.650 2.448 2.026 1.705 1.547 1.467 1.429 1.405 1.362 1.253 1.043 0.736 0.491 0.352 0.281 0.242 0.220 0.214 0.249 0.327 0.511 0.835 1.197 1.456 1.596 1.626 1.581 1.499 1.356 1.320 1.338 1.427 1.652 1.987 2.216 2.331 2.379 2.393 2.364 2.316 2.192 2.007 1.714
