RESULTS/r.avaflow_results/22_results/22_ascii/22_hflow0026.asc
ncols 506
nrows 317
xllcenter 498237.50
yllcenter 5580050.00
cellsize 12.50
NODATA_value -9999.000
[rows 170 to 203 of 317, columns 154 to 230 of 506]
11.596 11.326 11.049 10.773 10.493 10.224 9.971 9.731 9.501 9.272 9.042 8.805 8.548 8.240 7.831 7.288 6.614 5.837 5.000 4.182 3.433 2.768 2.205 1.757 1.425 1.202 1.075 1.024 1.019 1.039 1.071 1.089 1.095 1.092 1.092 1.100 1.121 1.151 1.169 1.174 1.169 1.157 1.137 1.110 1.073 1.020 0.945 0.847 0.729 0.607 0.493 0.401 0.332 0.280 0.242 0.216 0.202 0.195 0.194 0.194 0.194 0.194 0.193 0.193 0.194 0.196 0.202 0.217 0.252 0.324 0.462 0.707 1.064 1.354 1.486 1.513 1.473
14.108 14.206 14.198 14.108 13.955 13.776 13.570 13.341 13.095 12.835 12.564 12.282 11.977 11.615 11.133 10.470 9.617 8.600 7.462 6.287 5.186 4.194 3.339 2.644 2.115 1.741 1.502 1.369 1.306 1.276 1.260 1.240 1.213 1.183 1.162 1.153 1.154 1.164 1.169 1.163 1.145 1.113 1.070 1.018 0.953 0.866 0.747 0.599 0.453 0.343 0.268 0.218 0.184 0.162 0.148 0.140 0.137 0.137 0.139 0.141 0.141 0.140 0.139 0.139 0.138 0.140 0.144 0.155 0.180 0.231 0.326 0.497 0.778 1.118 1.343 1.433 1.444
16.469 16.976 17.247 17.325 17.270 17.144 16.969 16.762 16.531 16.282 16.018 15.740 15.438 15.082 14.613 13.956 13.051 11.888 10.519 9.027 7.547 6.174 4.950 3.919 3.099 2.482 2.043 1.750 1.559 1.433 1.349 1.287 1.237 1.195 1.163 1.144 1.133 1.123 1.109 1.080 1.032 0.965 0.884 0.795 0.692 0.570 0.439 0.321 0.237 0.181 0.144 0.121 0.107 0.099 0.095 0.094 0.096 0.101 0.104 0.105 0.106 0.105 0.104 0.103 0.103 0.104 0.107 0.115 0.133 0.169 0.235 0.355 0.561 0.880 1.180 1.342 1.396
18.019 18.853 19.378 19.652 19.756 19.752 19.673 19.539 19.363 19.152 18.912 18.649 18.360 18.023 17.592 16.991 16.158 15.069 13.737 12.206 10.529 8.823 7.172 5.702 4.464 3.468 2.704 2.147 1.768 1.525 1.376 1.282 1.215 1.158 1.110 1.070 1.033 0.995 0.949 0.884 0.789 0.675 0.565 0.466 0.376 0.292 0.219 0.163 0.124 0.098 0.082 0.072 0.067 0.065 0.065 0.067 0.071 0.076 0.079 0.081 0.081 0.080 0.080 0.079 0.079 0.080 0.083 0.089 0.102 0.127 0.173 0.257 0.407 0.659 0.988 1.227 1.337
18.789 19.843 20.592 21.085 21.395 21.573 21.646 21.626 21.526 21.367 21.162 20.913 20.632 20.312 19.918 19.382 18.635 17.636 16.380 14.901 13.234 11.409 9.441 7.485 5.762 4.341 3.238 2.440 1.903 1.565 1.361 1.230 1.129 1.044 0.966 0.894 0.824 0.749 0.666 0.567 0.462 0.369 0.296 0.237 0.188 0.145 0.111 0.086 0.069 0.058 0.051 0.047 0.046 0.046 0.047 0.049 0.053 0.058 0.061 0.062 0.063 0.063 0.063 0.063 0.063 0.064 0.067 0.072 0.082 0.099 0.131 0.191 0.298 0.483 0.775 1.075 1.251
18.988 20.150 21.057 21.747 22.263 22.631 22.862 22.959 22.934 22.819 22.647 22.414 22.132 21.821 21.460 20.987 20.329 19.428 18.251 16.802 15.104 13.169 10.983 8.645 6.565 4.854 3.536 2.589 1.957 1.556 1.297 1.109 0.959 0.827 0.709 0.606 0.519 0.445 0.375 0.306 0.243 0.192 0.153 0.122 0.097 0.077 0.061 0.050 0.043 0.038 0.035 0.034 0.034 0.034 0.035 0.038 0.041 0.045 0.047 0.048 0.049 0.050 0.050 0.050 0.051 0.053 0.056 0.060 0.067 0.080 0.104 0.147 0.223 0.356 0.573 0.873 1.121
18.907 20.131 21.123 21.921 22.566 23.063 23.400 23.578 23.611 23.527 23.373 23.150 22.865 22.558 22.221 21.793 21.201 20.378 19.272 17.853 16.123 14.090 11.746 9.175 6.894 5.039 3.624 2.619 1.947 1.491 1.164 0.911 0.704 0.540 0.421 0.340 0.284 0.240 0.200 0.162 0.129 0.103 0.083 0.067 0.055 0.045 0.038 0.033 0.030 0.028 0.027 0.027 0.027 0.027 0.028 0.029 0.031 0.034 0.036 0.037 0.038 0.039 0.040 0.041 0.042 0.044 0.047 0.051 0.057 0.068 0.086 0.118 0.173 0.267 0.421 0.658 0.939
18.490 19.821 20.940 21.858 22.591 23.147 23.523 23.730 23.786 23.719 23.572 23.351 23.059 22.744 22.407 21.987 21.414 20.624 19.558 18.165 16.418 14.327 11.902 9.249 6.909 5.013 3.574 2.546 1.834 1.326 0.946 0.654 0.447 0.316 0.233 0.183 0.151 0.128 0.107 0.088 0.072 0.059 0.049 0.041 0.035 0.030 0.026 0.024 0.022 0.022 0.021 0.021 0.021 0.021 0.022 0.023 0.024 0.026 0.027 0.028 0.030 0.031 0.032 0.033 0.034 0.036 0.039 0.044 0.050 0.059 0.074 0.099 0.140 0.207 0.317 0.484 0.729
17.695 19.145 20.411 21.474 22.322 22.945 23.347 23.561 23.619 23.557 23.415 23.195 22.898 22.561 22.201 21.764 21.190 20.418 19.376 17.996 16.240 14.110 11.610 8.927 6.589 4.705 3.281 2.261 1.544 1.027 0.654 0.409 0.263 0.177 0.128 0.100 0.083 0.071 0.060 0.051 0.044 0.038 0.032 0.028 0.024 0.022 0.020 0.018 0.017 0.017 0.017 0.016 0.016 0.016 0.017 0.017 0.018 0.019 0.020 0.021 0.022 0.023 0.025 0.026 0.028 0.030 0.033 0.037 0.043 0.052 0.065 0.086 0.118 0.168 0.247 0.368 0.546
16.547 18.096 19.488 20.673 21.616 22.299 22.726 22.934 22.972 22.899 22.758 22.550 22.254 21.870 21.437 20.934 20.321 19.536 18.496 17.104 15.302 13.091 10.510 7.906 5.693 3.935 2.622 1.689 1.051 0.633 0.378 0.230 0.146 0.098 0.072 0.057 0.049 0.043 0.038 0.033 0.029 0.026 0.023 0.021 0.018 0.017 0.015 0.014 0.013 0.013 0.013 0.012 0.012 0.012 0.012 0.013 0.013 0.014 0.014 0.015 0.016 0.017 0.018 0.020 0.021 0.024 0.027 0.031 0.037 0.046 0.059 0.077 0.103 0.143 0.203 0.292 0.421
15.096 16.679 18.156 19.425 20.444 21.182 21.638 21.837 21.845 21.754 21.615 21.425 21.126 20.673 20.122 19.499 18.784 17.914 16.783 15.272 13.318 10.951 8.370 6.019 4.103 2.647 1.617 0.950 0.553 0.324 0.194 0.121 0.080 0.057 0.044 0.036 0.032 0.029 0.026 0.023 0.021 0.019 0.017 0.016 0.014 0.013 0.012 0.011 0.010 0.010 0.009 0.009 0.009 0.009 0.009 0.009 0.009 0.009 0.010 0.010 0.011 0.012 0.013 0.014 0.016 0.018 0.022 0.026 0.032 0.041 0.053 0.070 0.093 0.127 0.176 0.245 0.341
13.393 14.927 16.444 17.775 18.868 19.673 20.172 20.380 20.374 20.275 20.134 19.937 19.600 19.062 18.378 17.596 16.707 15.636 14.247 12.423 10.117 7.602 5.317 3.547 2.265 1.377 0.798 0.451 0.258 0.154 0.097 0.065 0.046 0.035 0.029 0.025 0.023 0.021 0.019 0.018 0.016 0.015 0.014 0.012 0.011 0.010 0.009 0.008 0.007 0.007 0.006 0.006 0.006 0.006 0.006 0.006 0.006 0.006 0.006 0.007 0.007 0.008 0.009 0.010 0.012 0.014 0.017 0.021 0.027 0.036 0.047 0.063 0.086 0.116 0.158 0.214 0.290
11.535 12.933 14.429 15.805 16.962 17.837 18.392 18.636 18.646 18.544 18.380 18.118 17.680 17.029 16.207 15.239 14.102 12.690 10.835 8.533 6.198 4.223 2.748 1.724 1.047 0.613 0.348 0.198 0.117 0.075 0.051 0.038 0.029 0.024 0.021 0.019 0.017 0.016 0.015 0.014 0.013 0.012 0.011 0.009 0.008 0.007 0.006 0.006 0.005 0.004 0.004 0.004 0.003 0.003 0.003 0.003 0.003 0.004 0.004 0.004 0.004 0.005 0.006 0.007 0.008 0.010 0.013 0.017 0.023 0.031 0.042 0.058 0.079 0.107 0.145 0.193 0.257
9.718 10.865 12.190 13.539 14.705 15.609 16.200 16.483 16.515 16.403 16.166 15.757 15.139 14.320 13.327 12.140 10.683 8.863 6.776 4.774 3.171 1.987 1.198 0.714 0.424 0.249 0.146 0.088 0.057 0.040 0.030 0.025 0.021 0.018 0.016 0.015 0.014 0.013 0.012 0.011 0.010 0.009 0.008 0.007 0.006 0.005 0.004 0.004 0.003 0.003 0.002 0.002 0.002 0.002 0.002 0.002 0.002 0.002 0.002 0.002 0.002 0.003 0.003 0.004 0.005 0.007 0.010 0.013 0.018 0.026 0.037 0.052 0.072 0.099 0.133 0.177 0.232
7.972 8.803 9.776 10.882 11.894 12.687 13.219 13.484 13.512 13.376 13.039 12.444 11.581 10.521 9.334 8.015 6.561 4.976 3.452 2.224 1.346 0.784 0.457 0.272 0.165 0.102 0.065 0.044 0.032 0.025 0.021 0.018 0.016 0.014 0.013 0.012 0.011 0.010 0.010 0.009 0.008 0.007 0.007 0.006 0.005 0.004 0.003 0.002 0.002 0.001 0.001 0.001 0.001 0.001 0.001 0.001 0.001 0.001 0.001 0.001 0.001 0.001 0.002 0.002 0.003 0.005 0.007 0.010 0.015 0.021 0.032 0.046 0.065 0.090 0.122 0.163 0.213
6.291 6.797 7.336 7.922 8.465 8.903 9.205 9.341 9.320 9.162 8.781 8.125 7.241 6.254 5.248 4.263 3.265 2.265 1.437 0.851 0.488 0.282 0.170 0.106 0.069 0.047 0.034 0.026 0.021 0.017 0.015 0.013 0.012 0.011 0.010 0.010 0.009 0.009 0.008 0.007 0.007 0.006 0.005 0.005 0.004 0.003 0.002 0.001 0.001 0.000 0.000 0.000 0.000 0.000 0.000 0.000 0.000 0.000 0.000 0.000 0.000 0.000 0.001 0.001 0.002 0.003 0.005 0.007 0.011 0.017 0.026 0.039 0.057 0.080 0.111 0.149 0.196
4.669 4.892 5.094 5.272 5.393 5.455 5.463 5.417 5.320 5.160 4.865 4.389 3.747 3.048 2.405 1.835 1.307 0.847 0.508 0.295 0.173 0.106 0.069 0.048 0.035 0.027 0.021 0.018 0.015 0.013 0.012 0.011 0.010 0.009 0.009 0.008 0.008 0.007 0.007 0.006 0.006 0.006 0.005 0.004 0.003 0.002 0.001 0.001 0.000 0.000 0.000 0.000 0.000 0.000 0.000 0.000 0.000 0.000 0.000 0.000 0.000 0.000 0.000 0.000 0.001 0.002 0.003 0.005 0.008 0.013 0.020 0.031 0.047 0.069 0.097 0.134 0.179
3.136 3.144 3.119 3.051 2.942 2.825 2.713 2.606 2.497 2.370 2.192 1.930 1.590 1.224 0.917 0.666 0.455 0.290 0.176 0.107 0.068 0.047 0.034 0.027 0.021 0.018 0.015 0.013 0.011 0.010 0.009 0.009 0.008 0.008 0.008 0.007 0.007 0.007 0.007 0.006 0.006 0.006 0.005 0.004 0.003 0.002 0.001 0.000 0.000 0.000 0.000 0.000 0.000 0.000 0.000 0.000 0.000 0.000 0.000 0.000 0.000 0.000 0.000 0.000 0.000 0.001 0.002 0.003 0.006 0.009 0.015 0.023 0.036 0.055 0.082 0.117 0.162
1.799 1.721 1.627 1.518 1.401 1.286 1.179 1.087 1.008 0.930 0.841 0.727 0.587 0.439 0.321 0.229 0.157 0.104 0.068 0.046 0.033 0.026 0.021 0.018 0.015 0.013 0.012 0.010 0.009 0.009 0.008 0.008 0.008 0.008 0.008 0.008 0.008 0.008 0.007 0.007 0.007 0.007 0.006 0.005 0.004 0.002 0.001 0.000 0.000 0.000 0.000 0.000 0.000 0.000 0.000 0.000 0.000 0.000 0.000 0.000 0.000 0.000 0.000 0.000 0.000 0.000 0.001 0.002 0.004 0.006 0.010 0.017 0.027 0.042 0.065 0.098 0.141
0.906 0.837 0.765 0.692 0.620 0.547 0.479 0.425 0.381 0.342 0.303 0.259 0.209 0.157 0.115 0.085 0.061 0.044 0.033 0.025 0.020 0.017 0.015 0.013 0.012 0.011 0.010 0.009 0.009 0.009 0.009 0.009 0.009 0.009 0.009 0.010 0.010 0.010 0.010 0.010 0.010 0.010 0.009 0.007 0.005 0.002 0.001 0.000 0.000 0.000 0.000 0.000 0.000 0.000 0.000 0.000 0.000 0.000 0.000 0.000 0.000 0.000 0.000 0.000 0.000 0.000 0.000 0.001 0.002 0.004 0.007 0.012 0.019 0.030 0.048 0.076 0.116
0.416 0.378 0.339 0.301 0.263 0.225 0.190 0.163 0.143 0.127 0.112 0.096 0.080 0.063 0.049 0.038 0.030 0.024 0.020 0.017 0.014 0.013 0.012 0.011 0.010 0.010 0.010 0.010 0.011 0.011 0.012 0.013 0.014 0.014 0.015 0.015 0.016 0.016 0.016 0.016 0.016 0.015 0.013 0.010 0.006 0.003 0.001 0.000 0.000 0.000 0.000 0.000 0.000 0.000 0.000 0.000 0.000 0.000 0.000 0.000 0.000 0.000 0.000 0.000 0.000 0.000 0.000 0.000 0.001 0.002 0.004 0.008 0.013 0.021 0.034 0.054 0.085
0.184 0.166 0.148 0.130 0.112 0.094 0.078 0.067 0.059 0.053 0.048 0.043 0.037 0.032 0.026 0.022 0.019 0.016 0.014 0.013 0.011 0.011 0.010 0.010 0.011 0.012 0.013 0.015 0.017 0.019 0.021 0.023 0.025 0.026 0.027 0.028 0.028 0.029 0.029 0.028 0.026 0.022 0.017 0.011 0.007 0.003 0.001 0.000 0.000 0.000 0.000 0.000 0.000 0.000 0.000 0.000 0.000 0.000 0.000 0.000 0.000 0.000 0.000 0.000 0.000 0.000 0.000 0.000 0.000 0.001 0.003 0.005 0.008 0.014 0.022 0.036 0.057
0.083 0.075 0.067 0.059 0.051 0.043 0.037 0.032 0.030 0.028 0.026 0.024 0.022 0.020 0.018 0.016 0.014 0.012 0.011 0.010 0.010 0.011 0.012 0.013 0.016 0.019 0.023 0.028 0.033 0.038 0.043 0.047 0.049 0.051 0.052 0.053 0.053 0.052 0.048 0.043 0.035 0.027 0.019 0.012 0.007 0.003 0.001 0.000 0.000 0.000 0.000 0.000 0.000 0.000 0.000 0.000 0.000 0.000 0.000 0.000 0.000 0.000 0.000 0.000 0.000 0.000 0.000 0.000 0.000 0.001 0.001 0.003 0.005 0.008 0.014 0.023 0.036
0.040 0.037 0.034 0.030 0.027 0.024 0.021 0.020 0.019 0.018 0.017 0.017 0.016 0.015 0.014 0.012 0.011 0.011 0.010 0.011 0.012 0.015 0.018 0.024 0.030 0.039 0.049 0.060 0.071 0.082 0.090 0.097 0.101 0.102 0.101 0.097 0.089 0.078 0.066 0.052 0.040 0.028 0.019 0.012 0.007 0.003 0.001 0.000 0.000 0.000 0.000 0.000 0.000 0.000 0.000 0.000 0.000 0.000 0.000 0.000 0.000 0.000 0.000 0.000 0.000 0.000 0.000 0.000 0.000 0.000 0.001 0.001 0.003 0.005 0.008 0.014 0.022
0.022 0.021 0.020 0.019 0.018 0.016 0.015 0.015 0.014 0.014 0.014 0.013 0.013 0.012 0.012 0.011 0.011 0.011 0.012 0.015 0.020 0.027 0.036 0.050 0.066 0.087 0.110 0.133 0.153 0.169 0.181 0.187 0.188 0.179 0.162 0.140 0.117 0.094 0.074 0.056 0.041 0.029 0.019 0.012 0.007 0.003 0.001 0.000 0.000 0.000 0.000 0.000 0.000 0.000 0.000 0.000 0.000 0.000 0.000 0.000 0.000 0.000 0.000 0.000 0.000 0.000 0.000 0.000 0.000 0.000 0.000 0.001 0.001 0.003 0.005 0.008 0.013
0.015 0.014 0.014 0.014 0.014 0.013 0.013 0.013 0.012 0.012 0.012 0.012 0.012 0.012 0.012 0.012 0.013 0.015 0.020 0.028 0.040 0.058 0.082 0.114 0.152 0.194 0.236 0.271 0.297 0.313 0.318 0.305 0.275 0.239 0.200 0.163 0.129 0.100 0.076 0.056 0.040 0.028 0.018 0.011 0.006 0.003 0.001 0.000 0.000 0.000 0.000 0.000 0.000 0.000 0.000 0.000 0.000 0.000 0.000 0.000 0.000 0.000 0.000 0.000 0.000 0.000 0.000 0.000 0.000 0.000 0.000 0.000 0.001 0.001 0.003 0.004 0.007
0.011 0.011 0.011 0.011 0.012 0.012 0.012 0.013 0.013 0.013 0.013 0.013 0.013 0.014 0.014 0.016 0.020 0.028 0.041 0.061 0.092 0.134 0.188 0.252 0.321 0.387 0.441 0.476 0.491 0.478 0.440 0.382 0.322 0.266 0.215 0.170 0.132 0.101 0.075 0.055 0.039 0.027 0.018 0.011 0.006 0.003 0.001 0.000 0.000 0.000 0.000 0.000 0.000 0.000 0.000 0.000 0.000 0.000 0.000 0.000 0.000 0.000 0.000 0.000 0.000 0.000 0.000 0.000 0.000 0.000 0.000 0.000 0.000 0.001 0.001 0.002 0.004
0.008 0.009 0.010 0.011 0.012 0.013 0.014 0.015 0.016 0.017 0.017 0.018 0.018 0.019 0.022 0.028 0.039 0.059 0.091 0.141 0.209 0.294 0.391 0.490 0.576 0.635 0.664 0.669 0.644 0.587 0.504 0.415 0.339 0.274 0.219 0.171 0.131 0.099 0.073 0.053 0.037 0.025 0.017 0.010 0.006 0.003 0.001 0.000 0.000 0.000 0.000 0.000 0.000 0.000 0.000 0.000 0.000 0.000 0.000 0.000 0.000 0.000 0.000 0.000 0.000 0.000 0.000 0.000 0.000 0.000 0.000 0.000 0.000 0.000 0.000 0.001 0.002
0.007 0.008 0.009 0.011 0.014 0.017 0.020 0.022 0.024 0.025 0.027 0.028 0.030 0.033 0.040 0.055 0.082 0.128 0.200 0.301 0.426 0.553 0.664 0.746 0.797 0.819 0.817 0.791 0.732 0.641 0.529 0.427 0.344 0.275 0.218 0.170 0.129 0.096 0.070 0.050 0.035 0.024 0.016 0.010 0.006 0.003 0.001 0.000 0.000 0.000 0.000 0.000 0.000 0.000 0.000 0.000 0.000 0.000 0.000 0.000 0.000 0.000 0.000 0.000 0.000 0.000 0.000 0.000 0.000 0.000 0.000 0.000 0.000 0.000 0.000 0.000 0.001
0.006 0.008 0.010 0.013 0.018 0.024 0.031 0.035 0.039 0.042 0.046 0.049 0.053 0.061 0.076 0.108 0.165 0.257 0.389 0.544 0.684 0.790 0.862 0.905 0.924 0.923 0.902 0.852 0.772 0.664 0.538 0.430 0.344 0.273 0.215 0.166 0.124 0.091 0.065 0.046 0.032 0.022 0.014 0.009 0.005 0.002 0.001 0.000 0.000 0.000 0.000 0.000 0.000 0.000 0.000 0.000 0.000 0.000 0.000 0.000 0.000 0.000 0.000 0.000 0.000 0.000 0.000 0.000 0.000 0.000 0.000 0.000 0.000 0.000 0.000 0.000 0.000
0.006 0.008 0.012 0.018 0.027 0.038 0.049 0.058 0.065 0.071 0.077 0.083 0.092 0.107 0.136 0.190 0.282 0.414 0.580 0.731 0.845 0.919 0.960 0.977 0.979 0.967 0.933 0.872 0.784 0.668 0.538 0.427 0.337 0.264 0.205 0.155 0.116 0.084 0.060 0.042 0.029 0.020 0.013 0.008 0.005 0.002 0.001 0.000 0.000 0.000 0.000 0.000 0.000 0.000 0.000 0.000 0.000 0.000 0.000 0.000 0.000 0.000 0.000 0.000 0.000 0.000 0.000 0.000 0.000 0.000 0.000 0.000 0.000 0.000 0.000 0.000 0.000
0.006 0.010 0.016 0.027 0.041 0.057 0.071 0.083 0.094 0.103 0.112 0.122 0.134 0.154 0.190 0.256 0.363 0.513 0.683 0.818 0.910 0.963 0.987 0.993 0.990 0.973 0.933 0.867 0.774 0.655 0.522 0.408 0.314 0.240 0.181 0.135 0.100 0.073 0.052 0.037 0.025 0.017 0.011 0.007 0.004 0.002 0.001 0.000 0.000 0.000 0.000 0.000 0.000 0.000 0.000 0.000 0.000 0.000 0.000 0.000 0.000 0.000 0.000 0.000 0.000 0.000 0.000 0.000 0.000 0.000 0.000 0.000 0.000 0.000 0.000 0.000 0.000
0.007 0.013 0.023 0.038 0.055 0.071 0.086 0.099 0.112 0.124 0.135 0.147 0.161 0.182 0.220 0.288 0.398 0.552 0.714 0.836 0.917 0.962 0.978 0.980 0.969 0.939 0.886 0.810 0.710 0.588 0.461 0.353 0.264 0.194 0.142 0.104 0.076 0.056 0.041 0.029 0.020 0.014 0.009 0.005 0.003 0.001 0.000 0.000 0.000 0.000 0.000 0.000 0.000 0.000 0.000 0.000 0.000 0.000 0.000 0.000 0.000 0.000 0.000 0.000 0.000 0.000 0.000 0.000 0.000 0.000 0.000 0.000 0.000 0.000 0.000 0.000 0.000
0.009 0.017 0.029 0.046 0.063 0.079 0.093 0.107 0.121 0.134 0.147 0.161 0.175 0.195 0.230 0.295 0.402 0.554 0.704 0.812 0.878 0.909 0.916 0.907 0.878 0.824 0.748 0.655 0.551 0.442 0.339 0.251 0.180 0.126 0.088 0.063 0.047 0.035 0.026 0.019 0.014 0.009 0.006 0.004 0.002 0.001 0.000 0.000 0.000 0.000 0.000 0.000 0.000 0.000 0.000 0.000 0.000 0.000 0.000 0.000 0.000 0.000 0.000 0.000 0.000 0.000 0.000 0.000 0.000 0.000 0.000 0.000 0.000 0.000 0.000 0.000 0.000
