RESULTS/r.avaflow_results/22_results/22_ascii/22_hflow0042.asc
ncols 506
nrows 317
xllcenter 498237.50
yllcenter 5580050.00
cellsize 12.50
NODATA_value -9999.000
[rows 170 to 203 of 317, columns 154 to 230 of 506]
11.082 10.822 10.552 10.272 9.977 9.679 9.406 9.159 8.931 8.714 8.503 8.296 8.073 7.794 7.395 6.840 6.146 5.365 4.558 3.772 3.038 2.377 1.817 1.379 1.063 0.855 0.737 0.689 0.686 0.703 0.738 0.780 0.808 0.827 0.843 0.864 0.901 0.939 0.953 0.950 0.929 0.897 0.861 0.825 0.782 0.724 0.643 0.545 0.453 0.367 0.292 0.233 0.191 0.161 0.143 0.133 0.129 0.131 0.136 0.141 0.146 0.149 0.152 0.153 0.155 0.158 0.166 0.189 0.245 0.361 0.524 0.627 0.657 0.645 0.577 0.434 0.283
13.535 13.594 13.554 13.434 13.268 13.064 12.823 12.560 12.289 12.016 11.749 11.488 11.223 10.915 10.482 9.851 9.010 7.999 6.883 5.738 4.643 3.646 2.786 2.099 1.596 1.251 1.034 0.917 0.873 0.872 0.896 0.926 0.939 0.941 0.937 0.937 0.946 0.959 0.961 0.947 0.912 0.863 0.810 0.758 0.697 0.613 0.496 0.367 0.263 0.193 0.149 0.122 0.104 0.094 0.089 0.088 0.091 0.096 0.103 0.107 0.109 0.110 0.110 0.109 0.109 0.111 0.118 0.135 0.176 0.258 0.404 0.549 0.620 0.637 0.621 0.555 0.422
16.248 16.717 16.914 16.889 16.746 16.547 16.293 16.007 15.706 15.399 15.091 14.788 14.490 14.163 13.732 13.091 12.182 11.022 9.687 8.263 6.833 5.466 4.232 3.201 2.406 1.828 1.427 1.173 1.037 0.980 0.964 0.965 0.965 0.959 0.945 0.933 0.928 0.923 0.910 0.873 0.807 0.725 0.646 0.569 0.482 0.377 0.266 0.181 0.128 0.097 0.079 0.068 0.062 0.060 0.059 0.061 0.066 0.074 0.080 0.083 0.083 0.083 0.082 0.081 0.081 0.082 0.086 0.099 0.127 0.183 0.289 0.447 0.571 0.624 0.634 0.615 0.546
18.181 19.002 19.435 19.556 19.502 19.370 19.181 18.954 18.697 18.414 18.106 17.786 17.467 17.129 16.708 16.092 15.211 14.069 12.719 11.215 9.600 7.936 6.292 4.833 3.631 2.690 1.993 1.513 1.216 1.054 0.980 0.953 0.938 0.921 0.896 0.865 0.835 0.805 0.764 0.689 0.575 0.461 0.370 0.298 0.235 0.173 0.122 0.087 0.066 0.053 0.046 0.043 0.041 0.041 0.042 0.045 0.051 0.058 0.063 0.065 0.065 0.064 0.063 0.062 0.062 0.064 0.067 0.076 0.095 0.131 0.200 0.329 0.495 0.599 0.632 0.632 0.605
19.172 20.229 20.902 21.259 21.418 21.468 21.440 21.345 21.184 20.967 20.683 20.351 20.008 19.656 19.246 18.669 17.842 16.753 15.438 13.956 12.336 10.578 8.668 6.734 5.032 3.646 2.591 1.850 1.373 1.098 0.959 0.890 0.844 0.803 0.756 0.699 0.641 0.579 0.505 0.407 0.303 0.227 0.175 0.138 0.107 0.081 0.061 0.047 0.039 0.034 0.031 0.030 0.030 0.030 0.032 0.035 0.040 0.046 0.050 0.052 0.052 0.052 0.051 0.051 0.051 0.053 0.056 0.062 0.074 0.097 0.141 0.227 0.384 0.542 0.613 0.629 0.620
19.397 20.567 21.432 22.044 22.472 22.768 22.943 22.997 22.934 22.788 22.536 22.180 21.809 21.453 21.064 20.546 19.813 18.827 17.579 16.091 14.399 12.513 10.406 8.091 5.982 4.260 2.953 2.042 1.457 1.106 0.902 0.774 0.678 0.593 0.510 0.433 0.371 0.318 0.263 0.202 0.149 0.111 0.086 0.068 0.054 0.043 0.035 0.030 0.027 0.025 0.024 0.024 0.024 0.024 0.026 0.028 0.032 0.037 0.041 0.043 0.043 0.044 0.044 0.044 0.045 0.047 0.049 0.054 0.062 0.077 0.106 0.162 0.274 0.442 0.562 0.607 0.611
19.254 20.477 21.450 22.210 22.827 23.311 23.631 23.786 23.796 23.696 23.472 23.085 22.696 22.361 22.002 21.540 20.897 20.022 18.863 17.391 15.629 13.611 11.327 8.770 6.412 4.507 3.081 2.100 1.471 1.073 0.808 0.617 0.469 0.354 0.273 0.220 0.186 0.158 0.130 0.100 0.077 0.060 0.047 0.039 0.032 0.027 0.024 0.022 0.020 0.020 0.020 0.020 0.020 0.020 0.022 0.023 0.026 0.030 0.033 0.035 0.037 0.038 0.039 0.040 0.041 0.043 0.045 0.049 0.055 0.065 0.085 0.123 0.195 0.325 0.471 0.554 0.583
18.726 20.052 21.177 22.096 22.833 23.388 23.743 23.918 23.955 23.875 23.664 23.263 22.864 22.545 22.200 21.755 21.148 20.332 19.241 17.809 16.022 13.923 11.541 8.888 6.455 4.499 3.046 2.055 1.406 0.970 0.662 0.439 0.288 0.195 0.140 0.110 0.093 0.080 0.067 0.054 0.043 0.036 0.030 0.026 0.022 0.020 0.018 0.017 0.017 0.017 0.017 0.017 0.017 0.018 0.018 0.020 0.022 0.024 0.027 0.030 0.032 0.034 0.035 0.037 0.038 0.040 0.043 0.046 0.050 0.058 0.073 0.098 0.146 0.228 0.354 0.467 0.531
17.834 19.287 20.568 21.653 22.516 23.121 23.473 23.626 23.642 23.559 23.347 22.960 22.550 22.206 21.833 21.369 20.772 20.000 18.968 17.576 15.800 13.673 11.224 8.529 6.118 4.190 2.771 1.810 1.180 0.751 0.455 0.266 0.161 0.103 0.073 0.058 0.050 0.043 0.037 0.032 0.027 0.024 0.021 0.019 0.017 0.016 0.015 0.014 0.014 0.014 0.014 0.015 0.015 0.015 0.016 0.017 0.018 0.020 0.022 0.025 0.027 0.030 0.032 0.034 0.036 0.038 0.041 0.043 0.048 0.054 0.064 0.083 0.114 0.168 0.252 0.359 0.450
16.656 18.204 19.590 20.772 21.702 22.338 22.688 22.806 22.769 22.640 22.412 22.087 21.689 21.244 20.748 20.201 19.575 18.822 17.839 16.489 14.709 12.530 10.013 7.412 5.171 3.410 2.134 1.285 0.754 0.430 0.241 0.139 0.084 0.056 0.042 0.034 0.030 0.027 0.024 0.022 0.019 0.018 0.016 0.015 0.014 0.013 0.012 0.012 0.012 0.012 0.012 0.013 0.013 0.013 0.013 0.014 0.015 0.017 0.018 0.021 0.023 0.026 0.029 0.031 0.034 0.036 0.039 0.042 0.045 0.050 0.059 0.073 0.095 0.132 0.188 0.265 0.354
15.217 16.775 18.194 19.413 20.384 21.065 21.442 21.539 21.452 21.251 21.031 20.804 20.444 19.869 19.174 18.482 17.776 16.973 15.933 14.496 12.594 10.270 7.748 5.429 3.549 2.152 1.205 0.641 0.344 0.190 0.110 0.068 0.046 0.033 0.026 0.023 0.021 0.019 0.017 0.016 0.015 0.014 0.013 0.012 0.011 0.011 0.010 0.010 0.010 0.010 0.011 0.011 0.011 0.011 0.011 0.012 0.013 0.014 0.015 0.017 0.019 0.022 0.025 0.028 0.031 0.034 0.037 0.040 0.043 0.048 0.055 0.067 0.084 0.111 0.151 0.205 0.273
13.512 14.972 16.386 17.653 18.716 19.507 19.971 20.102 20.012 19.802 19.599 19.393 19.017 18.340 17.488 16.640 15.790 14.804 13.495 11.720 9.423 6.901 4.650 2.965 1.792 1.005 0.518 0.258 0.137 0.080 0.052 0.036 0.027 0.022 0.019 0.017 0.016 0.014 0.014 0.013 0.012 0.011 0.010 0.010 0.009 0.009 0.009 0.009 0.009 0.009 0.009 0.009 0.009 0.009 0.010 0.010 0.011 0.011 0.013 0.014 0.016 0.019 0.022 0.025 0.029 0.032 0.035 0.038 0.041 0.046 0.053 0.064 0.079 0.101 0.131 0.170 0.220
11.627 12.914 14.292 15.633 16.824 17.762 18.355 18.577 18.531 18.354 18.119 17.813 17.313 16.548 15.618 14.637 13.577 12.252 10.448 8.082 5.616 3.573 2.144 1.240 0.696 0.372 0.189 0.099 0.058 0.039 0.029 0.023 0.019 0.016 0.014 0.013 0.012 0.011 0.011 0.010 0.010 0.009 0.009 0.008 0.008 0.008 0.008 0.008 0.008 0.008 0.008 0.008 0.008 0.008 0.008 0.009 0.009 0.009 0.010 0.012 0.013 0.016 0.018 0.022 0.025 0.029 0.033 0.036 0.040 0.045 0.052 0.063 0.078 0.097 0.122 0.151 0.188
9.842 10.888 12.082 13.388 14.633 15.653 16.344 16.663 16.676 16.515 16.164 15.628 14.909 14.022 13.014 11.885 10.540 8.753 6.471 4.248 2.562 1.413 0.744 0.401 0.223 0.124 0.070 0.043 0.030 0.023 0.019 0.016 0.014 0.012 0.011 0.010 0.010 0.009 0.009 0.008 0.008 0.007 0.007 0.007 0.007 0.007 0.007 0.007 0.007 0.007 0.007 0.008 0.008 0.008 0.007 0.007 0.007 0.008 0.008 0.009 0.011 0.013 0.015 0.018 0.022 0.026 0.030 0.034 0.039 0.045 0.052 0.063 0.078 0.096 0.118 0.142 0.171
8.134 8.900 9.789 10.814 11.844 12.713 13.344 13.677 13.723 13.558 13.096 12.328 11.321 10.184 9.009 7.740 6.262 4.559 2.890 1.632 0.839 0.414 0.214 0.123 0.075 0.048 0.032 0.023 0.019 0.016 0.014 0.012 0.011 0.010 0.009 0.008 0.008 0.007 0.007 0.007 0.006 0.006 0.006 0.006 0.006 0.006 0.007 0.007 0.007 0.008 0.008 0.008 0.008 0.007 0.007 0.006 0.006 0.006 0.007 0.008 0.009 0.011 0.013 0.016 0.019 0.023 0.028 0.032 0.038 0.044 0.053 0.064 0.079 0.096 0.117 0.139 0.165
6.445 6.859 7.290 7.755 8.221 8.647 8.994 9.191 9.215 9.068 8.617 7.805 6.736 5.620 4.608 3.652 2.667 1.671 0.904 0.442 0.215 0.115 0.069 0.046 0.033 0.024 0.019 0.016 0.013 0.012 0.010 0.009 0.008 0.008 0.007 0.007 0.006 0.006 0.006 0.006 0.006 0.005 0.005 0.006 0.006 0.006 0.007 0.008 0.009 0.009 0.009 0.009 0.009 0.008 0.006 0.006 0.005 0.005 0.005 0.006 0.007 0.009 0.011 0.013 0.017 0.021 0.026 0.031 0.037 0.044 0.053 0.065 0.079 0.096 0.117 0.139 0.164
4.759 4.828 4.869 4.876 4.846 4.825 4.822 4.805 4.749 4.628 4.336 3.809 3.058 2.294 1.703 1.224 0.795 0.443 0.222 0.113 0.064 0.042 0.031 0.024 0.019 0.016 0.014 0.012 0.010 0.009 0.008 0.007 0.007 0.006 0.006 0.006 0.005 0.005 0.005 0.005 0.005 0.005 0.006 0.006 0.007 0.007 0.009 0.011 0.012 0.012 0.012 0.012 0.011 0.008 0.006 0.005 0.004 0.004 0.004 0.004 0.005 0.007 0.009 0.011 0.015 0.019 0.024 0.029 0.036 0.043 0.053 0.064 0.079 0.096 0.116 0.139 0.166
3.105 2.914 2.717 2.506 2.296 2.119 1.989 1.895 1.815 1.724 1.579 1.341 1.006 0.688 0.474 0.321 0.200 0.114 0.064 0.040 0.029 0.022 0.019 0.016 0.014 0.012 0.010 0.009 0.008 0.007 0.006 0.006 0.006 0.005 0.005 0.005 0.005 0.005 0.005 0.005 0.006 0.006 0.007 0.008 0.009 0.011 0.013 0.016 0.018 0.018 0.018 0.017 0.013 0.009 0.006 0.005 0.004 0.003 0.003 0.003 0.004 0.005 0.007 0.009 0.013 0.017 0.022 0.027 0.034 0.042 0.052 0.063 0.077 0.094 0.115 0.141 0.172
1.620 1.396 1.215 1.059 0.917 0.786 0.686 0.613 0.557 0.507 0.451 0.377 0.276 0.186 0.129 0.089 0.060 0.040 0.028 0.022 0.018 0.015 0.013 0.012 0.010 0.009 0.008 0.007 0.006 0.006 0.005 0.005 0.005 0.005 0.005 0.005 0.006 0.006 0.007 0.007 0.008 0.009 0.011 0.012 0.015 0.018 0.023 0.027 0.029 0.029 0.026 0.020 0.014 0.009 0.006 0.004 0.003 0.002 0.002 0.002 0.003 0.004 0.005 0.008 0.010 0.014 0.019 0.025 0.032 0.040 0.049 0.060 0.073 0.090 0.113 0.142 0.177
0.687 0.571 0.483 0.410 0.344 0.280 0.230 0.195 0.170 0.149 0.130 0.109 0.083 0.060 0.045 0.034 0.027 0.021 0.017 0.015 0.013 0.011 0.010 0.009 0.008 0.007 0.006 0.006 0.006 0.006 0.006 0.006 0.006 0.006 0.007 0.008 0.009 0.010 0.011 0.013 0.015 0.018 0.021 0.025 0.029 0.035 0.042 0.046 0.047 0.041 0.031 0.021 0.014 0.009 0.006 0.004 0.002 0.002 0.001 0.001 0.002 0.003 0.004 0.006 0.008 0.012 0.016 0.022 0.028 0.035 0.043 0.053 0.065 0.082 0.105 0.137 0.175
0.264 0.219 0.185 0.155 0.128 0.102 0.082 0.068 0.059 0.052 0.046 0.041 0.034 0.028 0.023 0.019 0.017 0.015 0.013 0.011 0.010 0.009 0.008 0.007 0.007 0.006 0.006 0.006 0.006 0.007 0.008 0.009 0.010 0.011 0.013 0.015 0.017 0.021 0.025 0.030 0.036 0.042 0.048 0.054 0.061 0.068 0.073 0.072 0.062 0.047 0.032 0.022 0.014 0.009 0.006 0.003 0.002 0.001 0.001 0.001 0.001 0.002 0.003 0.004 0.006 0.009 0.013 0.017 0.022 0.028 0.035 0.043 0.053 0.067 0.088 0.119 0.158
0.101 0.085 0.072 0.061 0.051 0.042 0.034 0.030 0.027 0.025 0.023 0.021 0.020 0.018 0.016 0.014 0.012 0.011 0.010 0.009 0.008 0.007 0.006 0.006 0.006 0.007 0.008 0.009 0.010 0.012 0.015 0.018 0.022 0.026 0.030 0.035 0.043 0.052 0.063 0.074 0.085 0.094 0.100 0.103 0.104 0.103 0.098 0.086 0.067 0.047 0.032 0.021 0.014 0.009 0.005 0.003 0.002 0.001 0.000 0.000 0.000 0.001 0.002 0.003 0.004 0.006 0.009 0.012 0.016 0.021 0.025 0.031 0.038 0.047 0.062 0.086 0.121
0.042 0.037 0.032 0.028 0.025 0.021 0.019 0.017 0.016 0.016 0.015 0.015 0.014 0.013 0.012 0.011 0.010 0.008 0.008 0.007 0.006 0.006 0.007 0.007 0.009 0.011 0.014 0.018 0.023 0.029 0.037 0.045 0.056 0.066 0.078 0.092 0.109 0.128 0.144 0.155 0.158 0.154 0.147 0.139 0.130 0.120 0.108 0.090 0.067 0.047 0.032 0.021 0.014 0.009 0.005 0.003 0.001 0.000 0.000 0.000 0.000 0.000 0.001 0.002 0.003 0.004 0.006 0.009 0.012 0.015 0.018 0.022 0.026 0.032 0.040 0.054 0.076
0.021 0.019 0.017 0.016 0.015 0.014 0.013 0.012 0.012 0.011 0.011 0.011 0.011 0.010 0.009 0.009 0.008 0.007 0.006 0.006 0.006 0.007 0.009 0.012 0.017 0.024 0.033 0.046 0.062 0.080 0.101 0.124 0.147 0.169 0.190 0.213 0.233 0.244 0.239 0.225 0.205 0.184 0.167 0.152 0.139 0.125 0.109 0.089 0.066 0.046 0.031 0.020 0.013 0.008 0.005 0.002 0.001 0.000 0.000 0.000 0.000 0.000 0.000 0.001 0.002 0.003 0.004 0.006 0.008 0.011 0.013 0.016 0.019 0.022 0.027 0.035 0.046
0.012 0.012 0.011 0.011 0.011 0.010 0.010 0.009 0.009 0.009 0.009 0.009 0.008 0.008 0.008 0.007 0.006 0.006 0.006 0.007 0.009 0.012 0.018 0.028 0.042 0.064 0.095 0.134 0.174 0.215 0.256 0.297 0.331 0.355 0.368 0.367 0.351 0.325 0.290 0.253 0.218 0.190 0.169 0.153 0.138 0.122 0.105 0.085 0.063 0.044 0.029 0.019 0.012 0.007 0.004 0.002 0.001 0.000 0.000 0.000 0.000 0.000 0.000 0.000 0.001 0.002 0.003 0.004 0.006 0.007 0.009 0.011 0.014 0.016 0.020 0.024 0.030
0.009 0.008 0.008 0.008 0.008 0.008 0.008 0.008 0.008 0.007 0.007 0.007 0.007 0.006 0.006 0.006 0.006 0.006 0.008 0.011 0.017 0.028 0.047 0.076 0.120 0.183 0.262 0.343 0.413 0.470 0.511 0.534 0.536 0.522 0.495 0.455 0.406 0.352 0.301 0.256 0.218 0.188 0.166 0.147 0.129 0.111 0.092 0.072 0.052 0.036 0.025 0.016 0.010 0.006 0.003 0.002 0.000 0.000 0.000 0.000 0.000 0.000 0.000 0.000 0.000 0.001 0.001 0.002 0.004 0.005 0.006 0.008 0.010 0.012 0.014 0.017 0.021
0.006 0.006 0.007 0.007 0.007 0.007 0.007 0.006 0.006 0.006 0.006 0.006 0.006 0.005 0.005 0.006 0.007 0.009 0.014 0.024 0.043 0.076 0.130 0.209 0.316 0.442 0.564 0.650 0.697 0.714 0.707 0.682 0.643 0.595 0.541 0.480 0.415 0.354 0.300 0.253 0.214 0.181 0.153 0.128 0.105 0.084 0.064 0.047 0.034 0.024 0.017 0.011 0.007 0.004 0.002 0.001 0.000 0.000 0.000 0.000 0.000 0.000 0.000 0.000 0.000 0.000 0.001 0.001 0.002 0.003 0.004 0.006 0.007 0.009 0.011 0.013 0.016
0.005 0.005 0.005 0.005 0.006 0.006 0.006 0.006 0.005 0.005 0.005 0.005 0.005 0.005 0.006 0.007 0.011 0.018 0.034 0.063 0.116 0.199 0.320 0.471 0.623 0.743 0.817 0.851 0.856 0.836 0.795 0.738 0.672 0.607 0.544 0.480 0.412 0.349 0.293 0.244 0.201 0.161 0.125 0.094 0.068 0.048 0.034 0.024 0.017 0.013 0.009 0.006 0.004 0.003 0.001 0.000 0.000 0.000 0.000 0.000 0.000 0.000 0.000 0.000 0.000 0.000 0.000 0.000 0.001 0.002 0.003 0.004 0.005 0.006 0.008 0.010 0.012
0.004 0.004 0.004 0.005 0.005 0.005 0.005 0.005 0.005 0.005 0.005 0.006 0.006 0.006 0.008 0.013 0.023 0.044 0.084 0.156 0.269 0.421 0.580 0.724 0.835 0.903 0.930 0.930 0.914 0.879 0.824 0.751 0.674 0.605 0.541 0.475 0.406 0.338 0.276 0.219 0.167 0.121 0.082 0.054 0.035 0.024 0.016 0.012 0.009 0.007 0.005 0.004 0.002 0.001 0.001 0.000 0.000 0.000 0.000 0.000 0.000 0.000 0.000 0.000 0.000 0.000 0.000 0.000 0.000 0.001 0.001 0.002 0.003 0.004 0.005 0.007 0.009
0.003 0.004 0.004 0.004 0.004 0.005 0.005 0.005 0.006 0.006 0.007 0.007 0.008 0.010 0.015 0.027 0.052 0.100 0.184 0.311 0.465 0.615 0.741 0.843 0.914 0.949 0.956 0.951 0.934 0.896 0.834 0.754 0.669 0.595 0.524 0.453 0.376 0.300 0.228 0.164 0.110 0.069 0.043 0.027 0.017 0.012 0.009 0.007 0.005 0.004 0.003 0.002 0.001 0.000 0.000 0.000 0.000 0.000 0.000 0.000 0.000 0.000 0.000 0.000 0.000 0.000 0.000 0.000 0.000 0.000 0.001 0.001 0.002 0.003 0.004 0.005 0.006
0.003 0.003 0.004 0.004 0.005 0.006 0.007 0.008 0.009 0.010 0.011 0.012 0.014 0.018 0.029 0.051 0.098 0.176 0.292 0.440 0.586 0.703 0.797 0.872 0.925 0.953 0.961 0.960 0.943 0.902 0.834 0.745 0.642 0.547 0.459 0.374 0.290 0.211 0.143 0.091 0.055 0.033 0.020 0.013 0.009 0.006 0.005 0.004 0.003 0.002 0.001 0.001 0.000 0.000 0.000 0.000 0.000 0.000 0.000 0.000 0.000 0.000 0.000 0.000 0.000 0.000 0.000 0.000 0.000 0.000 0.000 0.000 0.001 0.001 0.002 0.003 0.004
0.003 0.003 0.004 0.006 0.007 0.009 0.011 0.013 0.016 0.017 0.019 0.021 0.025 0.030 0.043 0.072 0.130 0.223 0.352 0.502 0.629 0.726 0.806 0.873 0.922 0.949 0.958 0.954 0.931 0.882 0.802 0.691 0.558 0.432 0.322 0.229 0.156 0.101 0.064 0.039 0.024 0.015 0.009 0.006 0.005 0.004 0.003 0.002 0.001 0.001 0.000 0.000 0.000 0.000 0.000 0.000 0.000 0.000 0.000 0.000 0.000 0.000 0.000 0.000 0.000 0.000 0.000 0.000 0.000 0.000 0.000 0.000 0.000 0.000 0.001 0.002 0.002
0.003 0.004 0.007 0.010 0.014 0.017 0.021 0.026 0.029 0.031 0.032 0.033 0.034 0.039 0.051 0.080 0.141 0.238 0.370 0.515 0.633 0.726 0.799 0.853 0.886 0.898 0.889 0.866 0.825 0.761 0.668 0.541 0.391 0.258 0.162 0.101 0.062 0.039 0.024 0.015 0.010 0.006 0.004 0.003 0.002 0.002 0.001 0.001 0.001 0.000 0.000 0.000 0.000 0.000 0.000 0.000 0.000 0.000 0.000 0.000 0.000 0.000 0.000 0.000 0.000 0.000 0.000 0.000 0.000 0.000 0.000 0.000 0.000 0.000 0.000 0.001 0.001
0.004 0.007 0.012 0.019 0.026 0.032 0.038 0.042 0.044 0.044 0.042 0.040 0.040 0.042 0.052 0.081 0.140 0.234 0.364 0.500 0.607 0.686 0.737 0.759 0.754 0.725 0.674 0.618 0.555 0.484 0.400 0.298 0.194 0.117 0.067 0.038 0.022 0.014 0.009 0.006 0.004 0.003 0.002 0.002 0.001 0.001 0.001 0.000 0.000 0.000 0.000 0.000 0.000 0.000 0.000 0.000 0.000 0.000 0.000 0.000 0.000 0.000 0.000 0.000 0.000 0.000 0.000 0.000 0.000 0.000 0.000 0.000 0.000 0.000 0.000 0.000 0.000
