RESULTS/r.avaflow_results/22_results/22_ascii/22_hflow_max0050.asc
ncols 506
nrows 317
xllcenter 498237.50
yllcenter 5580050.00
cellsize 12.50
NODATA_value -9999.000
[rows 170 to 203 of 317, columns 231 to 307 of 506]
1.555 1.358 1.099 0.796 0.636 0.492 0.364 0.255 0.178 0.222 0.270 0.284 0.279 0.250 0.188 0.111 0.065 0.040 0.027 0.019 0.013 0.010 0.007 0.005 0.003 0.002 0.001 0.000 0.000 0.000 0.000 0.000 0.000 0.000 0.000 0.000 0.000 0.000 0.000 0.000 0.000 0.000 0.000 0.000 0.000 0.000 0.000 0.000 0.000 0.000 0.000 0.000 0.000 0.000 0.000 0.000 0.000 0.000 0.000 0.000 0.000 0.000 0.000 0.000 0.000 0.000 0.000 0.000 0.000 0.000 0.000 0.000 0.000 0.000 0.000 0.000 0.000
1.559 1.445 1.254 1.017 0.737 0.584 0.459 0.346 0.269 0.424 0.529 0.556 0.542 0.479 0.351 0.200 0.109 0.061 0.037 0.024 0.017 0.012 0.009 0.007 0.005 0.003 0.002 0.001 0.000 0.000 0.000 0.000 0.000 0.000 0.000 0.000 0.000 0.000 0.000 0.000 0.000 0.000 0.000 0.000 0.000 0.000 0.000 0.000 0.000 0.000 0.000 0.000 0.000 0.000 0.000 0.000 0.000 0.000 0.000 0.000 0.000 0.000 0.000 0.000 0.000 0.000 0.000 0.000 0.000 0.000 0.000 0.000 0.000 0.000 0.000 0.000 0.000
1.522 1.466 1.334 1.155 0.920 0.673 0.528 0.429 0.367 0.630 0.806 0.858 0.841 0.752 0.569 0.356 0.186 0.095 0.052 0.032 0.022 0.016 0.012 0.009 0.006 0.004 0.003 0.002 0.001 0.000 0.000 0.000 0.000 0.000 0.000 0.000 0.000 0.000 0.000 0.000 0.000 0.000 0.000 0.000 0.000 0.000 0.000 0.000 0.000 0.000 0.000 0.000 0.000 0.000 0.000 0.000 0.000 0.000 0.000 0.000 0.000 0.000 0.000 0.000 0.000 0.000 0.000 0.000 0.000 0.000 0.000 0.000 0.000 0.000 0.000 0.000 0.000
1.463 1.444 1.363 1.231 1.048 0.811 0.601 0.490 0.429 0.735 0.954 1.025 1.010 0.916 0.767 0.524 0.284 0.142 0.073 0.042 0.027 0.019 0.014 0.011 0.008 0.006 0.004 0.003 0.002 0.001 0.000 0.000 0.000 0.000 0.000 0.000 0.000 0.000 0.000 0.000 0.000 0.000 0.000 0.000 0.000 0.000 0.000 0.000 0.000 0.000 0.000 0.000 0.000 0.000 0.000 0.000 0.000 0.000 0.000 0.000 0.000 0.000 0.000 0.000 0.000 0.000 0.000 0.000 0.000 0.000 0.000 0.000 0.000 0.000 0.000 0.000 0.000
1.391 1.395 1.354 1.270 1.127 0.917 0.699 0.575 0.532 0.761 0.987 1.067 1.060 1.012 0.871 0.626 0.361 0.196 0.110 0.061 0.035 0.023 0.017 0.013 0.010 0.008 0.006 0.004 0.003 0.002 0.001 0.000 0.000 0.000 0.000 0.000 0.000 0.000 0.000 0.000 0.000 0.000 0.000 0.000 0.000 0.000 0.000 0.000 0.000 0.000 0.000 0.000 0.000 0.000 0.000 0.000 0.000 0.000 0.000 0.000 0.000 0.000 0.000 0.000 0.000 0.000 0.000 0.000 0.000 0.000 0.000 0.000 0.000 0.000 0.000 0.000 0.000
1.302 1.336 1.331 1.282 1.174 1.000 0.792 0.677 0.631 0.747 0.960 1.039 1.065 1.023 0.890 0.662 0.490 0.336 0.188 0.098 0.052 0.031 0.020 0.015 0.012 0.010 0.007 0.006 0.004 0.003 0.002 0.001 0.000 0.000 0.000 0.000 0.000 0.000 0.000 0.000 0.000 0.000 0.000 0.000 0.000 0.000 0.000 0.000 0.000 0.000 0.000 0.000 0.000 0.000 0.000 0.000 0.000 0.000 0.000 0.000 0.000 0.000 0.000 0.000 0.000 0.000 0.000 0.000 0.000 0.000 0.000 0.000 0.000 0.000 0.000 0.000 0.000
1.189 1.264 1.287 1.267 1.196 1.068 0.897 0.792 0.736 0.710 0.858 0.970 0.998 0.968 0.858 0.660 0.614 0.503 0.333 0.173 0.086 0.046 0.028 0.018 0.015 0.012 0.009 0.007 0.006 0.004 0.003 0.002 0.001 0.000 0.000 0.000 0.000 0.000 0.000 0.000 0.000 0.000 0.000 0.000 0.000 0.000 0.000 0.000 0.000 0.000 0.000 0.000 0.000 0.000 0.000 0.000 0.000 0.000 0.000 0.000 0.000 0.000 0.000 0.000 0.000 0.000 0.000 0.000 0.000 0.000 0.000 0.000 0.000 0.000 0.000 0.000 0.000
1.100 1.159 1.220 1.227 1.194 1.116 1.000 0.911 0.849 0.806 0.781 0.813 0.838 0.825 0.756 0.690 0.667 0.616 0.488 0.294 0.145 0.073 0.040 0.025 0.018 0.015 0.012 0.010 0.008 0.006 0.004 0.003 0.002 0.001 0.001 0.000 0.000 0.000 0.000 0.000 0.000 0.000 0.000 0.000 0.000 0.000 0.000 0.000 0.000 0.000 0.000 0.000 0.000 0.000 0.000 0.000 0.000 0.000 0.000 0.000 0.000 0.000 0.000 0.000 0.000 0.000 0.000 0.000 0.000 0.000 0.000 0.000 0.000 0.000 0.000 0.000 0.000
0.981 1.059 1.126 1.169 1.169 1.137 1.070 1.002 0.949 0.900 0.856 0.822 0.797 0.770 0.733 0.712 0.686 0.659 0.578 0.414 0.229 0.115 0.060 0.034 0.023 0.019 0.016 0.013 0.011 0.008 0.006 0.005 0.004 0.002 0.002 0.001 0.000 0.000 0.000 0.000 0.000 0.000 0.000 0.000 0.000 0.000 0.000 0.000 0.000 0.000 0.000 0.000 0.000 0.000 0.000 0.000 0.000 0.000 0.000 0.000 0.000 0.000 0.000 0.000 0.000 0.000 0.000 0.000 0.000 0.000 0.000 0.000 0.000 0.000 0.000 0.000 0.000
0.829 0.954 1.010 1.096 1.129 1.128 1.100 1.059 1.024 0.983 0.935 0.883 0.835 0.796 0.754 0.723 0.687 0.660 0.610 0.496 0.323 0.174 0.091 0.049 0.032 0.027 0.023 0.019 0.015 0.012 0.009 0.007 0.005 0.004 0.003 0.002 0.001 0.001 0.000 0.000 0.000 0.000 0.000 0.000 0.000 0.000 0.000 0.000 0.000 0.000 0.000 0.000 0.000 0.000 0.000 0.000 0.000 0.000 0.000 0.000 0.000 0.000 0.000 0.000 0.000 0.000 0.000 0.000 0.000 0.000 0.000 0.000 0.000 0.000 0.000 0.000 0.000
0.718 0.829 0.928 1.005 1.078 1.105 1.102 1.086 1.071 1.044 1.001 0.944 0.887 0.830 0.773 0.727 0.679 0.643 0.607 0.539 0.414 0.253 0.135 0.072 0.046 0.040 0.034 0.028 0.022 0.017 0.013 0.010 0.008 0.006 0.005 0.004 0.003 0.002 0.001 0.001 0.000 0.000 0.000 0.000 0.000 0.000 0.000 0.000 0.000 0.000 0.000 0.000 0.000 0.000 0.000 0.000 0.000 0.000 0.000 0.000 0.000 0.000 0.000 0.000 0.000 0.000 0.000 0.000 0.000 0.000 0.000 0.000 0.000 0.000 0.000 0.000 0.000
0.615 0.735 0.828 0.904 1.006 1.067 1.086 1.093 1.090 1.076 1.047 0.999 0.934 0.860 0.788 0.726 0.666 0.620 0.593 0.556 0.480 0.343 0.196 0.106 0.073 0.066 0.057 0.047 0.036 0.026 0.019 0.014 0.011 0.008 0.007 0.006 0.005 0.004 0.003 0.002 0.002 0.001 0.001 0.000 0.000 0.000 0.000 0.000 0.000 0.000 0.000 0.000 0.000 0.000 0.000 0.000 0.000 0.000 0.000 0.000 0.000 0.000 0.000 0.000 0.000 0.000 0.000 0.000 0.000 0.000 0.000 0.000 0.000 0.000 0.000 0.000 0.000
0.517 0.646 0.749 0.828 0.911 1.003 1.058 1.086 1.092 1.088 1.070 1.027 0.961 0.881 0.799 0.725 0.657 0.609 0.584 0.561 0.518 0.426 0.279 0.155 0.129 0.120 0.107 0.090 0.067 0.045 0.030 0.021 0.015 0.012 0.009 0.008 0.007 0.006 0.005 0.004 0.004 0.003 0.002 0.002 0.001 0.001 0.001 0.000 0.000 0.000 0.000 0.000 0.000 0.000 0.000 0.000 0.000 0.000 0.000 0.000 0.000 0.000 0.000 0.000 0.000 0.000 0.000 0.000 0.000 0.000 0.000 0.000 0.000 0.000 0.000 0.000 0.000
0.431 0.561 0.676 0.763 0.833 0.925 0.998 1.058 1.082 1.084 1.071 1.033 0.972 0.894 0.809 0.726 0.654 0.605 0.581 0.562 0.533 0.478 0.369 0.247 0.245 0.236 0.217 0.185 0.136 0.084 0.051 0.033 0.022 0.016 0.013 0.011 0.010 0.009 0.008 0.007 0.006 0.005 0.004 0.004 0.003 0.002 0.002 0.002 0.002 0.001 0.001 0.001 0.001 0.001 0.001 0.001 0.001 0.000 0.000 0.000 0.000 0.000 0.000 0.000 0.000 0.000 0.000 0.000 0.000 0.000 0.000 0.000 0.000 0.000 0.000 0.000 0.000
0.364 0.484 0.605 0.704 0.781 0.857 0.926 0.996 1.043 1.056 1.051 1.026 0.974 0.905 0.822 0.733 0.656 0.604 0.577 0.559 0.535 0.500 0.436 0.466 0.478 0.473 0.444 0.382 0.277 0.163 0.093 0.055 0.035 0.024 0.018 0.015 0.014 0.012 0.011 0.010 0.009 0.008 0.007 0.006 0.005 0.005 0.004 0.004 0.004 0.003 0.003 0.003 0.003 0.003 0.003 0.003 0.002 0.002 0.002 0.001 0.001 0.000 0.000 0.000 0.000 0.000 0.000 0.000 0.000 0.000 0.000 0.000 0.000 0.000 0.000 0.000 0.000
0.314 0.420 0.542 0.648 0.733 0.804 0.869 0.921 0.972 0.999 1.005 0.997 0.969 0.920 0.847 0.756 0.670 0.608 0.572 0.550 0.610 0.679 0.742 0.838 0.881 0.882 0.841 0.729 0.527 0.307 0.171 0.098 0.059 0.038 0.027 0.020 0.018 0.017 0.016 0.015 0.013 0.012 0.011 0.010 0.009 0.008 0.007 0.007 0.007 0.006 0.006 0.006 0.006 0.006 0.006 0.006 0.006 0.005 0.005 0.003 0.002 0.001 0.000 0.000 0.000 0.000 0.000 0.000 0.000 0.000 0.000 0.000 0.000 0.000 0.000 0.000 0.000
0.280 0.368 0.485 0.597 0.689 0.763 0.829 0.953 1.052 1.105 1.123 1.121 1.092 1.011 0.889 0.807 0.710 0.680 0.692 0.765 0.904 1.059 1.187 1.373 1.470 1.485 1.433 1.258 0.918 0.546 0.306 0.173 0.102 0.063 0.041 0.029 0.025 0.023 0.022 0.021 0.019 0.018 0.016 0.014 0.013 0.012 0.011 0.011 0.011 0.011 0.011 0.011 0.011 0.011 0.012 0.012 0.011 0.011 0.009 0.007 0.004 0.002 0.001 0.001 0.000 0.000 0.000 0.000 0.000 0.000 0.000 0.000 0.000 0.000 0.000 0.000 0.000
0.284 0.356 0.436 0.548 0.650 0.890 1.227 1.518 1.701 1.791 1.819 1.817 1.765 1.626 1.387 1.161 1.033 0.990 0.997 1.086 1.290 1.563 1.774 2.053 2.206 2.230 2.141 1.867 1.390 0.909 0.525 0.298 0.173 0.105 0.066 0.044 0.036 0.034 0.032 0.030 0.028 0.026 0.023 0.021 0.019 0.017 0.016 0.016 0.016 0.016 0.016 0.017 0.018 0.020 0.020 0.020 0.020 0.019 0.017 0.014 0.009 0.005 0.003 0.001 0.001 0.000 0.000 0.000 0.000 0.000 0.000 0.000 0.000 0.000 0.000 0.000 0.000
0.290 0.365 0.449 0.620 0.881 1.278 1.808 2.221 2.445 2.521 2.526 2.489 2.380 2.175 1.882 1.633 1.476 1.406 1.400 1.503 1.794 2.214 2.503 2.753 2.840 2.825 2.664 2.296 1.852 1.253 0.789 0.481 0.287 0.171 0.107 0.070 0.056 0.053 0.051 0.049 0.046 0.042 0.037 0.032 0.028 0.024 0.023 0.023 0.023 0.024 0.025 0.026 0.030 0.033 0.034 0.035 0.035 0.034 0.031 0.025 0.016 0.010 0.005 0.003 0.001 0.000 0.000 0.000 0.000 0.000 0.000 0.000 0.000 0.000 0.000 0.000 0.000
0.290 0.365 0.474 0.685 1.028 1.562 2.223 2.689 2.913 2.962 2.947 2.880 2.738 2.501 2.216 1.999 1.882 1.839 1.856 2.030 2.456 2.979 3.278 3.393 3.390 3.258 2.972 2.654 2.106 1.473 1.002 0.671 0.436 0.275 0.174 0.115 0.094 0.092 0.090 0.089 0.085 0.077 0.066 0.054 0.044 0.038 0.033 0.033 0.033 0.035 0.037 0.042 0.050 0.056 0.060 0.062 0.063 0.062 0.058 0.047 0.030 0.017 0.010 0.005 0.003 0.001 0.000 0.000 0.000 0.000 0.000 0.000 0.000 0.000 0.000 0.000 0.000
0.267 0.344 0.468 0.694 1.080 1.686 2.405 2.889 3.104 3.141 3.120 3.044 2.922 2.729 2.447 2.234 2.168 2.164 2.268 2.581 3.136 3.635 3.890 3.933 3.829 3.581 3.270 2.822 2.205 1.600 1.154 0.827 0.584 0.402 0.274 0.190 0.175 0.174 0.179 0.180 0.175 0.158 0.132 0.101 0.078 0.063 0.053 0.049 0.050 0.053 0.060 0.072 0.089 0.101 0.108 0.113 0.114 0.114 0.106 0.084 0.052 0.031 0.017 0.009 0.005 0.002 0.001 0.000 0.000 0.000 0.000 0.000 0.000 0.000 0.000 0.000 0.000
0.205 0.279 0.419 0.656 1.058 1.684 2.416 2.905 3.119 3.160 3.158 3.114 3.007 2.816 2.550 2.362 2.338 2.394 2.597 3.015 3.597 4.029 4.229 4.242 4.087 3.857 3.456 2.876 2.227 1.672 1.262 0.951 0.712 0.530 0.400 0.329 0.324 0.337 0.362 0.371 0.365 0.333 0.276 0.205 0.149 0.114 0.092 0.078 0.078 0.085 0.102 0.133 0.165 0.185 0.198 0.204 0.206 0.200 0.176 0.127 0.085 0.050 0.028 0.015 0.008 0.004 0.001 0.000 0.000 0.000 0.000 0.000 0.000 0.000 0.000 0.000 0.000
0.135 0.194 0.314 0.534 0.916 1.517 2.247 2.756 3.005 3.124 3.136 3.104 3.010 2.826 2.575 2.423 2.422 2.530 2.800 3.256 3.783 4.146 4.309 4.313 4.247 3.971 3.513 2.865 2.209 1.701 1.327 1.044 0.823 0.651 0.544 0.498 0.498 0.530 0.580 0.605 0.605 0.575 0.502 0.394 0.288 0.214 0.166 0.137 0.132 0.148 0.185 0.246 0.299 0.329 0.342 0.345 0.333 0.295 0.234 0.175 0.110 0.065 0.036 0.019 0.009 0.004 0.002 0.001 0.000 0.000 0.000 0.000 0.000 0.000 0.000 0.000 0.000
0.078 0.112 0.185 0.329 0.619 1.112 1.779 2.353 2.757 2.945 3.004 3.002 2.942 2.787 2.649 2.640 2.694 2.785 2.871 3.302 3.740 4.038 4.228 4.291 4.220 3.933 3.444 2.753 2.125 1.675 1.336 1.079 0.885 0.743 0.643 0.606 0.607 0.643 0.697 0.733 0.738 0.716 0.656 0.561 0.449 0.356 0.286 0.242 0.233 0.261 0.323 0.397 0.447 0.470 0.474 0.462 0.423 0.361 0.287 0.195 0.120 0.070 0.039 0.020 0.010 0.005 0.002 0.001 0.000 0.000 0.000 0.000 0.000 0.000 0.000 0.000 0.000
0.046 0.064 0.098 0.171 0.321 0.616 1.114 1.735 2.240 2.545 2.698 2.749 2.735 2.779 2.853 2.958 3.064 3.143 3.172 3.101 3.438 3.731 3.898 3.931 3.840 3.549 3.043 2.376 1.846 1.495 1.240 1.040 0.883 0.767 0.690 0.645 0.642 0.673 0.723 0.762 0.771 0.759 0.725 0.655 0.557 0.455 0.394 0.359 0.361 0.394 0.446 0.493 0.526 0.537 0.535 0.513 0.476 0.407 0.303 0.197 0.121 0.071 0.039 0.021 0.010 0.005 0.002 0.001 0.000 0.000 0.000 0.000 0.000 0.000 0.000 0.000 0.000
0.029 0.038 0.057 0.088 0.150 0.283 0.535 0.942 1.441 1.893 2.186 2.493 2.681 2.805 3.004 3.201 3.346 3.406 3.365 3.243 3.051 2.993 3.016 2.980 2.854 2.579 2.132 1.615 1.271 1.076 0.956 0.864 0.788 0.727 0.682 0.651 0.639 0.651 0.691 0.738 0.763 0.762 0.738 0.683 0.605 0.519 0.455 0.435 0.440 0.468 0.497 0.520 0.539 0.545 0.546 0.535 0.495 0.414 0.296 0.190 0.115 0.067 0.037 0.020 0.010 0.005 0.002 0.001 0.000 0.000 0.000 0.000 0.000 0.000 0.000 0.000 0.000
0.020 0.025 0.036 0.055 0.086 0.140 0.235 0.410 0.705 1.106 1.728 2.193 2.495 2.706 3.011 3.249 3.385 3.430 3.420 3.274 2.956 2.493 1.953 1.561 1.453 1.291 1.040 0.779 0.627 0.558 0.536 0.535 0.552 0.578 0.592 0.593 0.592 0.599 0.624 0.659 0.685 0.691 0.682 0.652 0.599 0.533 0.484 0.462 0.465 0.481 0.495 0.509 0.524 0.533 0.532 0.520 0.478 0.391 0.267 0.167 0.100 0.058 0.033 0.018 0.009 0.004 0.002 0.001 0.000 0.000 0.000 0.000 0.000 0.000 0.000 0.000 0.000
0.015 0.018 0.022 0.033 0.052 0.083 0.137 0.230 0.384 0.643 1.110 1.680 2.079 2.370 2.753 3.057 3.242 3.295 3.224 2.959 2.496 1.878 1.258 0.760 0.587 0.519 0.416 0.317 0.265 0.249 0.250 0.262 0.291 0.345 0.402 0.441 0.460 0.468 0.471 0.476 0.494 0.513 0.526 0.534 0.529 0.506 0.480 0.464 0.461 0.467 0.476 0.479 0.475 0.466 0.459 0.443 0.402 0.319 0.208 0.126 0.075 0.044 0.026 0.014 0.008 0.004 0.002 0.000 0.000 0.000 0.000 0.000 0.000 0.000 0.000 0.000 0.000
0.011 0.013 0.016 0.021 0.031 0.048 0.077 0.127 0.208 0.335 0.558 0.967 1.363 1.794 2.253 2.584 2.721 2.719 2.579 2.234 1.679 1.062 0.604 0.332 0.228 0.203 0.166 0.132 0.117 0.113 0.115 0.123 0.142 0.176 0.219 0.252 0.271 0.279 0.281 0.277 0.271 0.290 0.311 0.342 0.384 0.415 0.425 0.425 0.424 0.420 0.412 0.396 0.371 0.338 0.307 0.290 0.260 0.201 0.129 0.079 0.049 0.030 0.018 0.010 0.005 0.003 0.001 0.000 0.000 0.000 0.000 0.000 0.000 0.000 0.000 0.000 0.000
0.008 0.010 0.012 0.015 0.018 0.027 0.042 0.068 0.109 0.175 0.274 0.449 0.693 1.060 1.478 1.731 1.808 1.781 1.618 1.271 0.812 0.461 0.255 0.143 0.100 0.090 0.077 0.065 0.060 0.060 0.061 0.064 0.073 0.089 0.113 0.131 0.141 0.145 0.145 0.144 0.139 0.149 0.163 0.185 0.224 0.272 0.303 0.315 0.315 0.306 0.286 0.255 0.219 0.186 0.161 0.152 0.138 0.112 0.076 0.049 0.031 0.019 0.012 0.007 0.004 0.002 0.001 0.000 0.000 0.000 0.000 0.000 0.000 0.000 0.000 0.000 0.000
0.006 0.007 0.009 0.011 0.013 0.016 0.024 0.036 0.056 0.089 0.132 0.200 0.307 0.487 0.714 0.837 0.869 0.851 0.755 0.561 0.336 0.192 0.111 0.067 0.053 0.049 0.044 0.039 0.037 0.037 0.037 0.039 0.043 0.050 0.062 0.070 0.074 0.076 0.076 0.075 0.075 0.080 0.088 0.100 0.122 0.150 0.167 0.172 0.171 0.165 0.151 0.133 0.113 0.096 0.085 0.081 0.075 0.064 0.046 0.031 0.020 0.013 0.008 0.004 0.002 0.001 0.000 0.000 0.000 0.000 0.000 0.000 0.000 0.000 0.000 0.000 0.000
0.004 0.005 0.006 0.008 0.009 0.011 0.014 0.020 0.029 0.045 0.064 0.091 0.131 0.196 0.289 0.336 0.349 0.344 0.308 0.230 0.141 0.086 0.054 0.036 0.033 0.031 0.029 0.027 0.026 0.025 0.026 0.026 0.028 0.031 0.037 0.040 0.042 0.043 0.043 0.043 0.045 0.048 0.052 0.058 0.068 0.080 0.086 0.087 0.086 0.084 0.079 0.071 0.062 0.054 0.050 0.047 0.044 0.038 0.029 0.019 0.013 0.008 0.005 0.003 0.001 0.000 0.000 0.000 0.000 0.000 0.000 0.000 0.000 0.000 0.000 0.000 0.000
0.002 0.003 0.004 0.005 0.007 0.008 0.010 0.013 0.016 0.023 0.032 0.044 0.061 0.080 0.112 0.129 0.135 0.135 0.124 0.098 0.065 0.043 0.029 0.024 0.023 0.022 0.021 0.019 0.019 0.019 0.019 0.019 0.019 0.021 0.023 0.025 0.026 0.026 0.026 0.027 0.029 0.031 0.033 0.036 0.041 0.045 0.047 0.047 0.047 0.046 0.044 0.041 0.037 0.034 0.032 0.030 0.027 0.024 0.018 0.012 0.008 0.005 0.003 0.001 0.001 0.000 0.000 0.000 0.000 0.000 0.000 0.000 0.000 0.000 0.000 0.000 0.000
0.001 0.002 0.002 0.003 0.004 0.006 0.007 0.009 0.011 0.015 0.019 0.026 0.033 0.038 0.049 0.055 0.057 0.057 0.054 0.046 0.034 0.024 0.019 0.017 0.017 0.016 0.015 0.014 0.014 0.014 0.014 0.014 0.014 0.015 0.016 0.017 0.017 0.018 0.018 0.019 0.020 0.021 0.022 0.024 0.026 0.028 0.028 0.028 0.028 0.028 0.027 0.026 0.025 0.023 0.022 0.020 0.018 0.015 0.011 0.007 0.005 0.003 0.001 0.001 0.000 0.000 0.000 0.000 0.000 0.000 0.000 0.000 0.000 0.000 0.000 0.000 0.000
