RESULTS/r.avaflow_results/22_results/22_ascii/22_hflow30020.asc
ncols 506
nrows 317
xllcenter 498237.50
yllcenter 5580050.00
cellsize 12.50
NODATA_value -9999.000
[rows 170 to 203 of 317, columns 154 to 230 of 506]
10.384 10.318 10.234 10.129 10.001 9.867 9.742 9.625 9.509 9.389 9.264 9.129 8.968 8.732 8.362 7.827 7.143 6.354 5.520 4.697 3.919 3.209 2.604 2.137 1.817 1.629 1.546 1.530 1.558 1.626 1.733 1.865 1.964 2.035 2.094 2.152 2.231 2.316 2.360 2.369 2.358 2.333 2.295 2.235 2.146 2.020 1.851 1.636 1.382 1.112 0.846 0.624 0.462 0.350 0.273 0.222 0.189 0.169 0.157 0.149 0.142 0.136 0.128 0.120 0.115 0.114 0.114 0.116 0.122 0.136 0.163 0.212 0.294 0.415 0.533 0.612 0.655
12.762 13.077 13.277 13.372 13.385 13.349 13.272 13.161 13.024 12.865 12.691 12.504 12.292 12.013 11.589 10.957 10.119 9.107 7.982 6.816 5.694 4.664 3.767 3.047 2.526 2.179 1.966 1.854 1.823 1.857 1.942 2.058 2.146 2.196 2.225 2.253 2.294 2.332 2.344 2.329 2.288 2.220 2.131 2.021 1.880 1.694 1.443 1.132 0.820 0.578 0.415 0.305 0.232 0.183 0.152 0.132 0.120 0.112 0.108 0.104 0.100 0.095 0.089 0.083 0.079 0.077 0.077 0.078 0.082 0.090 0.106 0.133 0.180 0.253 0.332 0.385 0.411
14.777 15.492 15.957 16.212 16.329 16.371 16.362 16.311 16.223 16.107 15.964 15.797 15.601 15.341 14.947 14.330 13.439 12.284 10.943 9.500 8.047 6.660 5.401 4.333 3.498 2.885 2.455 2.180 2.037 1.994 2.019 2.089 2.164 2.200 2.212 2.221 2.232 2.228 2.201 2.141 2.038 1.892 1.718 1.525 1.307 1.057 0.789 0.549 0.379 0.268 0.197 0.150 0.119 0.100 0.088 0.082 0.079 0.077 0.075 0.074 0.071 0.068 0.063 0.058 0.054 0.053 0.052 0.053 0.055 0.059 0.067 0.082 0.107 0.149 0.195 0.223 0.235
16.073 17.097 17.786 18.210 18.475 18.656 18.782 18.848 18.854 18.810 18.728 18.609 18.456 18.244 17.909 17.355 16.527 15.420 14.094 12.603 10.980 9.300 7.640 6.140 4.879 3.875 3.120 2.589 2.257 2.086 2.031 2.046 2.081 2.094 2.081 2.050 2.007 1.948 1.860 1.723 1.514 1.263 1.021 0.817 0.641 0.481 0.345 0.243 0.173 0.127 0.097 0.078 0.065 0.058 0.055 0.053 0.053 0.053 0.053 0.052 0.051 0.048 0.045 0.041 0.038 0.036 0.035 0.035 0.036 0.038 0.042 0.049 0.062 0.083 0.106 0.119 0.123
16.651 17.862 18.746 19.367 19.828 20.201 20.514 20.754 20.897 20.950 20.934 20.874 20.771 20.606 20.329 19.849 19.104 18.072 16.794 15.339 13.732 11.971 10.046 8.093 6.360 4.925 3.808 2.998 2.458 2.140 1.984 1.914 1.872 1.834 1.773 1.679 1.562 1.423 1.255 1.047 0.822 0.627 0.479 0.369 0.282 0.210 0.153 0.112 0.083 0.064 0.052 0.044 0.039 0.036 0.036 0.036 0.036 0.037 0.037 0.036 0.035 0.034 0.031 0.028 0.026 0.024 0.023 0.023 0.023 0.024 0.025 0.028 0.034 0.044 0.053 0.058 0.059
16.704 17.978 18.980 19.774 20.446 21.028 21.526 21.929 22.215 22.363 22.395 22.374 22.312 22.200 21.993 21.607 20.977 20.062 18.859 17.408 15.752 13.889 11.781 9.473 7.370 5.614 4.240 3.244 2.571 2.141 1.871 1.684 1.535 1.393 1.236 1.072 0.918 0.780 0.647 0.514 0.391 0.293 0.221 0.168 0.128 0.097 0.073 0.056 0.044 0.036 0.031 0.027 0.025 0.025 0.024 0.025 0.025 0.025 0.025 0.025 0.024 0.023 0.021 0.019 0.017 0.016 0.015 0.014 0.014 0.014 0.014 0.016 0.018 0.022 0.025 0.026 0.026
16.415 17.755 18.858 19.759 20.549 21.263 21.876 22.371 22.748 22.969 23.032 23.022 22.989 22.945 22.823 22.525 22.001 21.209 20.103 18.675 16.960 14.984 12.721 10.187 7.849 5.907 4.401 3.321 2.586 2.069 1.676 1.356 1.081 0.849 0.668 0.537 0.445 0.373 0.307 0.241 0.185 0.140 0.106 0.081 0.063 0.049 0.039 0.032 0.027 0.023 0.020 0.018 0.017 0.017 0.017 0.017 0.017 0.017 0.017 0.017 0.016 0.015 0.014 0.012 0.011 0.010 0.009 0.009 0.008 0.008 0.008 0.008 0.009 0.010 0.011 0.011 0.011
15.728 17.173 18.424 19.490 20.408 21.187 21.814 22.321 22.722 22.972 23.048 23.034 23.015 23.018 22.950 22.698 22.227 21.507 20.481 19.097 17.356 15.303 12.950 10.324 7.906 5.905 4.363 3.254 2.460 1.851 1.356 0.953 0.656 0.458 0.330 0.253 0.207 0.174 0.144 0.114 0.090 0.070 0.055 0.043 0.035 0.028 0.024 0.020 0.017 0.015 0.014 0.012 0.012 0.011 0.011 0.011 0.011 0.011 0.011 0.011 0.010 0.010 0.009 0.008 0.007 0.006 0.005 0.005 0.004 0.004 0.004 0.004 0.004 0.004 0.004 0.004 0.004
14.645 16.221 17.642 18.880 19.924 20.757 21.385 21.873 22.256 22.504 22.592 22.585 22.574 22.582 22.519 22.276 21.830 21.162 20.196 18.853 17.122 15.042 12.632 9.970 7.561 5.575 4.039 2.911 2.076 1.424 0.917 0.568 0.358 0.233 0.161 0.122 0.099 0.084 0.070 0.057 0.047 0.038 0.031 0.026 0.021 0.018 0.015 0.013 0.012 0.010 0.009 0.008 0.008 0.007 0.007 0.007 0.007 0.007 0.007 0.006 0.006 0.006 0.005 0.004 0.004 0.003 0.003 0.002 0.002 0.002 0.002 0.002 0.002 0.002 0.002 0.001 0.001
13.205 14.897 16.472 17.837 18.964 19.836 20.475 20.930 21.246 21.451 21.565 21.609 21.607 21.562 21.421 21.130 20.676 20.027 19.100 17.786 16.044 13.913 11.448 8.874 6.602 4.737 3.278 2.183 1.392 0.843 0.495 0.293 0.180 0.116 0.081 0.062 0.051 0.044 0.038 0.032 0.027 0.023 0.020 0.017 0.014 0.012 0.010 0.009 0.008 0.006 0.006 0.005 0.005 0.004 0.004 0.004 0.004 0.004 0.004 0.003 0.003 0.003 0.003 0.002 0.002 0.001 0.001 0.001 0.001 0.001 0.001 0.001 0.000 0.000 0.000 0.000 0.000
11.412 13.152 14.851 16.315 17.513 18.438 19.110 19.541 19.778 19.937 20.105 20.237 20.255 20.126 19.848 19.461 18.951 18.249 17.254 15.845 13.985 11.728 9.254 6.932 4.948 3.327 2.078 1.210 0.686 0.390 0.227 0.138 0.088 0.060 0.044 0.035 0.030 0.026 0.023 0.020 0.017 0.015 0.013 0.011 0.009 0.008 0.007 0.006 0.005 0.004 0.003 0.003 0.002 0.002 0.002 0.002 0.002 0.002 0.002 0.002 0.002 0.001 0.001 0.001 0.001 0.000 0.000 0.000 0.000 0.000 0.000 0.000 0.000 0.000 0.000 0.000 0.000
9.331 11.007 12.797 14.384 15.698 16.726 17.468 17.912 18.125 18.287 18.502 18.665 18.672 18.478 18.093 17.595 16.954 16.065 14.802 13.075 10.881 8.415 6.099 4.242 2.817 1.749 0.994 0.528 0.284 0.163 0.101 0.066 0.046 0.034 0.027 0.022 0.019 0.017 0.015 0.013 0.012 0.010 0.009 0.007 0.006 0.005 0.004 0.003 0.003 0.002 0.002 0.001 0.001 0.001 0.001 0.001 0.001 0.001 0.001 0.001 0.000 0.000 0.000 0.000 0.000 0.000 0.000 0.000 0.000 0.000 0.000 0.000 0.000 0.000 0.000 0.000 0.000
7.335 8.740 10.434 12.164 13.621 14.778 15.615 16.126 16.380 16.556 16.733 16.825 16.770 16.513 16.052 15.420 14.568 13.350 11.631 9.358 6.890 4.716 3.102 1.990 1.233 0.717 0.385 0.202 0.114 0.072 0.049 0.036 0.027 0.022 0.018 0.015 0.014 0.012 0.010 0.009 0.008 0.007 0.005 0.005 0.004 0.003 0.002 0.002 0.001 0.001 0.001 0.000 0.000 0.000 0.000 0.000 0.000 0.000 0.000 0.000 0.000 0.000 0.000 0.000 0.000 0.000 0.000 0.000 0.000 0.000 0.000 0.000 0.000 0.000 0.000 0.000 0.000
5.622 6.731 8.093 9.709 11.257 12.501 13.417 14.008 14.316 14.448 14.489 14.420 14.226 13.865 13.298 12.485 11.343 9.695 7.486 5.238 3.421 2.086 1.222 0.718 0.422 0.244 0.138 0.081 0.052 0.036 0.028 0.022 0.018 0.015 0.013 0.011 0.010 0.008 0.007 0.006 0.005 0.004 0.003 0.003 0.002 0.001 0.001 0.001 0.000 0.000 0.000 0.000 0.000 0.000 0.000 0.000 0.000 0.000 0.000 0.000 0.000 0.000 0.000 0.000 0.000 0.000 0.000 0.000 0.000 0.000 0.000 0.000 0.000 0.000 0.000 0.000 0.000
4.171 4.979 5.947 7.120 8.437 9.603 10.489 11.077 11.375 11.437 11.354 11.114 10.706 10.131 9.357 8.340 7.016 5.379 3.652 2.246 1.277 0.695 0.388 0.231 0.143 0.089 0.057 0.038 0.028 0.022 0.018 0.015 0.013 0.011 0.009 0.008 0.007 0.006 0.005 0.004 0.003 0.002 0.002 0.001 0.001 0.000 0.000 0.000 0.000 0.000 0.000 0.000 0.000 0.000 0.000 0.000 0.000 0.000 0.000 0.000 0.000 0.000 0.000 0.000 0.000 0.000 0.000 0.000 0.000 0.000 0.000 0.000 0.000 0.000 0.000 0.000 0.000
2.946 3.461 4.040 4.695 5.441 6.156 6.754 7.177 7.381 7.407 7.290 6.970 6.462 5.810 5.055 4.236 3.301 2.236 1.315 0.704 0.372 0.210 0.129 0.084 0.057 0.040 0.029 0.022 0.018 0.015 0.013 0.011 0.009 0.008 0.007 0.006 0.005 0.004 0.003 0.002 0.002 0.001 0.001 0.000 0.000 0.000 0.000 0.000 0.000 0.000 0.000 0.000 0.000 0.000 0.000 0.000 0.000 0.000 0.000 0.000 0.000 0.000 0.000 0.000 0.000 0.000 0.000 0.000 0.000 0.000 0.000 0.000 0.000 0.000 0.000 0.000 0.000
1.918 2.182 2.467 2.774 3.101 3.407 3.659 3.825 3.896 3.897 3.810 3.578 3.177 2.639 2.102 1.619 1.138 0.683 0.371 0.202 0.118 0.075 0.052 0.038 0.029 0.022 0.018 0.015 0.012 0.011 0.009 0.008 0.007 0.006 0.005 0.004 0.003 0.003 0.002 0.001 0.001 0.000 0.000 0.000 0.000 0.000 0.000 0.000 0.000 0.000 0.000 0.000 0.000 0.000 0.000 0.000 0.000 0.000 0.000 0.000 0.000 0.000 0.000 0.000 0.000 0.000 0.000 0.000 0.000 0.000 0.000 0.000 0.000 0.000 0.000 0.000 0.000
1.108 1.213 1.327 1.440 1.536 1.609 1.658 1.678 1.666 1.634 1.563 1.425 1.202 0.914 0.673 0.487 0.324 0.197 0.115 0.070 0.047 0.034 0.026 0.021 0.017 0.014 0.012 0.010 0.009 0.007 0.006 0.005 0.005 0.004 0.003 0.003 0.002 0.002 0.001 0.001 0.000 0.000 0.000 0.000 0.000 0.000 0.000 0.000 0.000 0.000 0.000 0.000 0.000 0.000 0.000 0.000 0.000 0.000 0.000 0.000 0.000 0.000 0.000 0.000 0.000 0.000 0.000 0.000 0.000 0.000 0.000 0.000 0.000 0.000 0.000 0.000 0.000
0.551 0.582 0.618 0.648 0.661 0.660 0.645 0.620 0.586 0.552 0.513 0.460 0.381 0.283 0.206 0.148 0.102 0.067 0.045 0.032 0.024 0.019 0.016 0.014 0.012 0.010 0.008 0.007 0.006 0.005 0.004 0.004 0.003 0.003 0.002 0.002 0.002 0.001 0.001 0.000 0.000 0.000 0.000 0.000 0.000 0.000 0.000 0.000 0.000 0.000 0.000 0.000 0.000 0.000 0.000 0.000 0.000 0.000 0.000 0.000 0.000 0.000 0.000 0.000 0.000 0.000 0.000 0.000 0.000 0.000 0.000 0.000 0.000 0.000 0.000 0.000 0.000
0.230 0.240 0.254 0.263 0.263 0.256 0.241 0.220 0.199 0.182 0.166 0.148 0.124 0.094 0.070 0.053 0.039 0.029 0.022 0.018 0.015 0.012 0.011 0.009 0.008 0.007 0.006 0.005 0.004 0.003 0.003 0.003 0.002 0.002 0.002 0.001 0.001 0.001 0.001 0.000 0.000 0.000 0.000 0.000 0.000 0.000 0.000 0.000 0.000 0.000 0.000 0.000 0.000 0.000 0.000 0.000 0.000 0.000 0.000 0.000 0.000 0.000 0.000 0.000 0.000 0.000 0.000 0.000 0.000 0.000 0.000 0.000 0.000 0.000 0.000 0.000 0.000
0.085 0.090 0.096 0.099 0.099 0.095 0.088 0.077 0.069 0.063 0.058 0.053 0.046 0.038 0.030 0.024 0.019 0.016 0.013 0.011 0.009 0.008 0.007 0.006 0.005 0.004 0.004 0.003 0.003 0.002 0.002 0.002 0.002 0.002 0.001 0.001 0.001 0.001 0.000 0.000 0.000 0.000 0.000 0.000 0.000 0.000 0.000 0.000 0.000 0.000 0.000 0.000 0.000 0.000 0.000 0.000 0.000 0.000 0.000 0.000 0.000 0.000 0.000 0.000 0.000 0.000 0.000 0.000 0.000 0.000 0.000 0.000 0.000 0.000 0.000 0.000 0.000
0.030 0.031 0.034 0.036 0.036 0.035 0.032 0.029 0.026 0.025 0.024 0.023 0.021 0.019 0.016 0.013 0.011 0.010 0.008 0.007 0.006 0.005 0.004 0.004 0.003 0.003 0.002 0.002 0.002 0.002 0.002 0.002 0.002 0.001 0.001 0.001 0.001 0.001 0.000 0.000 0.000 0.000 0.000 0.000 0.000 0.000 0.000 0.000 0.000 0.000 0.000 0.000 0.000 0.000 0.000 0.000 0.000 0.000 0.000 0.000 0.000 0.000 0.000 0.000 0.000 0.000 0.000 0.000 0.000 0.000 0.000 0.000 0.000 0.000 0.000 0.000 0.000
0.010 0.011 0.012 0.013 0.013 0.013 0.013 0.012 0.012 0.012 0.012 0.011 0.011 0.010 0.009 0.008 0.007 0.006 0.005 0.004 0.004 0.003 0.003 0.003 0.002 0.002 0.002 0.002 0.002 0.002 0.002 0.002 0.002 0.001 0.001 0.001 0.001 0.001 0.000 0.000 0.000 0.000 0.000 0.000 0.000 0.000 0.000 0.000 0.000 0.000 0.000 0.000 0.000 0.000 0.000 0.000 0.000 0.000 0.000 0.000 0.000 0.000 0.000 0.000 0.000 0.000 0.000 0.000 0.000 0.000 0.000 0.000 0.000 0.000 0.000 0.000 0.000
0.004 0.004 0.004 0.005 0.005 0.006 0.006 0.006 0.006 0.006 0.006 0.006 0.006 0.006 0.006 0.005 0.004 0.004 0.003 0.003 0.003 0.002 0.002 0.002 0.002 0.002 0.002 0.002 0.002 0.002 0.002 0.002 0.002 0.002 0.002 0.001 0.001 0.001 0.000 0.000 0.000 0.000 0.000 0.000 0.000 0.000 0.000 0.000 0.000 0.000 0.000 0.000 0.000 0.000 0.000 0.000 0.000 0.000 0.000 0.000 0.000 0.000 0.000 0.000 0.000 0.000 0.000 0.000 0.000 0.000 0.000 0.000 0.000 0.000 0.000 0.000 0.000
0.001 0.002 0.002 0.002 0.002 0.003 0.003 0.003 0.003 0.003 0.004 0.004 0.004 0.004 0.004 0.003 0.003 0.003 0.002 0.002 0.002 0.002 0.002 0.002 0.002 0.002 0.002 0.002 0.002 0.002 0.002 0.002 0.002 0.002 0.002 0.001 0.001 0.000 0.000 0.000 0.000 0.000 0.000 0.000 0.000 0.000 0.000 0.000 0.000 0.000 0.000 0.000 0.000 0.000 0.000 0.000 0.000 0.000 0.000 0.000 0.000 0.000 0.000 0.000 0.000 0.000 0.000 0.000 0.000 0.000 0.000 0.000 0.000 0.000 0.000 0.000 0.000
0.001 0.001 0.001 0.001 0.001 0.001 0.002 0.002 0.002 0.002 0.002 0.002 0.002 0.002 0.002 0.002 0.002 0.002 0.002 0.002 0.002 0.002 0.002 0.002 0.002 0.003 0.003 0.003 0.003 0.003 0.003 0.003 0.002 0.002 0.002 0.001 0.001 0.000 0.000 0.000 0.000 0.000 0.000 0.000 0.000 0.000 0.000 0.000 0.000 0.000 0.000 0.000 0.000 0.000 0.000 0.000 0.000 0.000 0.000 0.000 0.000 0.000 0.000 0.000 0.000 0.000 0.000 0.000 0.000 0.000 0.000 0.000 0.000 0.000 0.000 0.000 0.000
0.001 0.001 0.001 0.001 0.001 0.001 0.001 0.001 0.001 0.001 0.001 0.002 0.002 0.002 0.002 0.002 0.002 0.002 0.002 0.002 0.002 0.002 0.002 0.003 0.003 0.003 0.004 0.004 0.004 0.003 0.003 0.003 0.002 0.002 0.001 0.001 0.001 0.000 0.000 0.000 0.000 0.000 0.000 0.000 0.000 0.000 0.000 0.000 0.000 0.000 0.000 0.000 0.000 0.000 0.000 0.000 0.000 0.000 0.000 0.000 0.000 0.000 0.000 0.000 0.000 0.000 0.000 0.000 0.000 0.000 0.000 0.000 0.000 0.000 0.000 0.000 0.000
0.000 0.000 0.000 0.000 0.001 0.001 0.001 0.001 0.001 0.001 0.001 0.001 0.001 0.001 0.002 0.002 0.002 0.002 0.002 0.002 0.003 0.003 0.003 0.003 0.004 0.004 0.004 0.004 0.004 0.003 0.003 0.003 0.002 0.002 0.001 0.001 0.000 0.000 0.000 0.000 0.000 0.000 0.000 0.000 0.000 0.000 0.000 0.000 0.000 0.000 0.000 0.000 0.000 0.000 0.000 0.000 0.000 0.000 0.000 0.000 0.000 0.000 0.000 0.000 0.000 0.000 0.000 0.000 0.000 0.000 0.000 0.000 0.000 0.000 0.000 0.000 0.000
0.000 0.000 0.000 0.000 0.000 0.000 0.000 0.001 0.001 0.001 0.001 0.001 0.001 0.001 0.001 0.002 0.002 0.002 0.002 0.003 0.003 0.003 0.003 0.004 0.004 0.004 0.004 0.004 0.004 0.003 0.003 0.002 0.002 0.001 0.001 0.001 0.000 0.000 0.000 0.000 0.000 0.000 0.000 0.000 0.000 0.000 0.000 0.000 0.000 0.000 0.000 0.000 0.000 0.000 0.000 0.000 0.000 0.000 0.000 0.000 0.000 0.000 0.000 0.000 0.000 0.000 0.000 0.000 0.000 0.000 0.000 0.000 0.000 0.000 0.000 0.000 0.000
0.000 0.000 0.000 0.000 0.000 0.000 0.000 0.000 0.000 0.000 0.000 0.001 0.001 0.001 0.001 0.001 0.002 0.002 0.002 0.003 0.003 0.003 0.003 0.004 0.004 0.004 0.004 0.003 0.003 0.003 0.002 0.002 0.001 0.001 0.001 0.000 0.000 0.000 0.000 0.000 0.000 0.000 0.000 0.000 0.000 0.000 0.000 0.000 0.000 0.000 0.000 0.000 0.000 0.000 0.000 0.000 0.000 0.000 0.000 0.000 0.000 0.000 0.000 0.000 0.000 0.000 0.000 0.000 0.000 0.000 0.000 0.000 0.000 0.000 0.000 0.000 0.000
0.000 0.000 0.000 0.000 0.000 0.000 0.000 0.000 0.000 0.000 0.000 0.000 0.000 0.001 0.001 0.001 0.001 0.002 0.002 0.002 0.003 0.003 0.003 0.003 0.003 0.003 0.003 0.003 0.003 0.002 0.002 0.001 0.001 0.001 0.000 0.000 0.000 0.000 0.000 0.000 0.000 0.000 0.000 0.000 0.000 0.000 0.000 0.000 0.000 0.000 0.000 0.000 0.000 0.000 0.000 0.000 0.000 0.000 0.000 0.000 0.000 0.000 0.000 0.000 0.000 0.000 0.000 0.000 0.000 0.000 0.000 0.000 0.000 0.000 0.000 0.000 0.000
0.000 0.000 0.000 0.000 0.000 0.000 0.000 0.000 0.000 0.000 0.000 0.000 0.000 0.000 0.000 0.001 0.001 0.001 0.002 0.002 0.002 0.002 0.003 0.003 0.003 0.002 0.002 0.002 0.002 0.002 0.001 0.001 0.001 0.000 0.000 0.000 0.000 0.000 0.000 0.000 0.000 0.000 0.000 0.000 0.000 0.000 0.000 0.000 0.000 0.000 0.000 0.000 0.000 0.000 0.000 0.000 0.000 0.000 0.000 0.000 0.000 0.000 0.000 0.000 0.000 0.000 0.000 0.000 0.000 0.000 0.000 0.000 0.000 0.000 0.000 0.000 0.000
0.000 0.000 0.000 0.000 0.000 0.000 0.000 0.000 0.000 0.000 0.000 0.000 0.000 0.000 0.000 0.000 0.001 0.001 0.001 0.001 0.002 0.002 0.002 0.002 0.002 0.002 0.002 0.001 0.001 0.001 0.001 0.001 0.000 0.000 0.000 0.000 0.000 0.000 0.000 0.000 0.000 0.000 0.000 0.000 0.000 0.000 0.000 0.000 0.000 0.000 0.000 0.000 0.000 0.000 0.000 0.000 0.000 0.000 0.000 0.000 0.000 0.000 0.000 0.000 0.000 0.000 0.000 0.000 0.000 0.000 0.000 0.000 0.000 0.000 0.000 0.000 0.000
0.000 0.000 0.000 0.000 0.000 0.000 0.000 0.000 0.000 0.000 0.000 0.000 0.000 0.000 0.000 0.000 0.000 0.001 0.001 0.001 0.001 0.001 0.001 0.001 0.001 0.001 0.001 0.001 0.001 0.001 0.001 0.000 0.000 0.000 0.000 0.000 0.000 0.000 0.000 0.000 0.000 0.000 0.000 0.000 0.000 0.000 0.000 0.000 0.000 0.000 0.000 0.000 0.000 0.000 0.000 0.000 0.000 0.000 0.000 0.000 0.000 0.000 0.000 0.000 0.000 0.000 0.000 0.000 0.000 0.000 0.000 0.000 0.000 0.000 0.000 0.000 0.000
