RESULTS/r.avaflow_results/22_results/22_ascii/22_hflow10027.asc
ncols 506
nrows 317
xllcenter 498237.50
yllcenter 5580050.00
cellsize 12.50
NODATA_value -9999.000
[rows 170 to 203 of 317, columns 77 to 153 of 506]
0.000 0.000 0.000 0.000 0.000 0.000 0.000 0.000 0.000 0.000 0.000 0.001 0.002 0.005 0.008 0.011 0.016 0.021 0.027 0.035 0.045 0.062 0.092 0.139 0.207 0.297 0.394 0.481 0.553 0.609 0.646 0.664 0.670 0.670 0.664 0.652 0.635 0.612 0.582 0.544 0.515 0.506 0.526 0.617 0.832 1.193 1.678 2.256 2.926 3.742 4.791 6.023 7.162 7.968 8.424 8.620 8.696 8.730 8.735 8.714 8.648 8.488 8.179 7.708 7.104 6.402 5.718 5.114 4.580 4.106 3.686 3.314 2.983 2.683 2.407 2.150 1.911
0.000 0.000 0.000 0.000 0.000 0.000 0.000 0.000 0.000 0.000 0.001 0.003 0.006 0.011 0.017 0.024 0.032 0.042 0.053 0.067 0.087 0.116 0.161 0.225 0.311 0.417 0.522 0.612 0.685 0.738 0.769 0.783 0.786 0.783 0.773 0.763 0.754 0.739 0.712 0.681 0.668 0.687 0.781 1.024 1.471 2.108 2.869 3.711 4.651 5.681 6.722 7.668 8.385 8.806 8.956 8.958 8.926 8.895 8.860 8.810 8.714 8.521 8.188 7.710 7.107 6.408 5.725 5.126 4.601 4.142 3.741 3.392 3.085 2.813 2.568 2.345 2.141
0.000 0.000 0.000 0.000 0.000 0.000 0.000 0.000 0.000 0.001 0.003 0.007 0.012 0.020 0.030 0.043 0.057 0.073 0.092 0.116 0.147 0.192 0.254 0.336 0.436 0.550 0.657 0.748 0.819 0.866 0.890 0.899 0.898 0.887 0.870 0.862 0.859 0.855 0.847 0.842 0.868 0.969 1.230 1.734 2.503 3.460 4.480 5.512 6.499 7.391 8.153 8.722 9.056 9.166 9.116 9.028 8.964 8.912 8.860 8.793 8.679 8.471 8.138 7.674 7.089 6.405 5.723 5.127 4.608 4.160 3.774 3.441 3.154 2.906 2.688 2.495 2.322
0.000 0.000 0.000 0.000 0.000 0.000 0.000 0.000 0.001 0.003 0.006 0.012 0.021 0.033 0.048 0.067 0.088 0.113 0.143 0.179 0.226 0.287 0.367 0.465 0.577 0.694 0.801 0.890 0.954 0.994 1.011 1.014 1.007 0.983 0.955 0.944 0.944 0.953 0.979 1.030 1.150 1.429 1.972 2.845 4.013 5.211 6.263 7.166 7.947 8.591 9.056 9.308 9.370 9.283 9.137 9.022 8.942 8.868 8.792 8.698 8.558 8.341 8.020 7.583 7.033 6.383 5.712 5.121 4.608 4.166 3.788 3.466 3.193 2.962 2.765 2.597 2.448
0.000 0.000 0.000 0.000 0.000 0.000 0.000 0.000 0.001 0.004 0.009 0.016 0.028 0.043 0.064 0.090 0.121 0.158 0.202 0.253 0.316 0.395 0.493 0.606 0.730 0.851 0.955 1.036 1.092 1.122 1.132 1.131 1.115 1.074 1.029 1.010 1.009 1.027 1.089 1.236 1.540 2.116 3.072 4.420 5.809 6.912 7.754 8.424 8.951 9.324 9.525 9.564 9.469 9.290 9.110 8.976 8.867 8.763 8.656 8.530 8.368 8.143 7.836 7.433 6.929 6.330 5.683 5.103 4.599 4.163 3.789 3.473 3.209 2.990 2.808 2.656 2.522
0.000 0.000 0.000 0.000 0.000 0.000 0.000 0.000 0.001 0.005 0.010 0.019 0.032 0.050 0.075 0.108 0.149 0.199 0.259 0.329 0.412 0.511 0.628 0.762 0.899 1.019 1.117 1.188 1.232 1.252 1.256 1.249 1.223 1.162 1.093 1.062 1.058 1.078 1.166 1.399 1.920 2.885 4.355 6.028 7.339 8.253 8.870 9.290 9.565 9.699 9.711 9.625 9.463 9.247 9.041 8.878 8.738 8.604 8.466 8.313 8.130 7.898 7.602 7.230 6.773 6.231 5.624 5.063 4.572 4.147 3.781 3.470 3.211 2.998 2.825 2.681 2.557
0.000 0.000 0.000 0.000 0.000 0.000 0.000 0.000 0.002 0.005 0.011 0.020 0.034 0.054 0.082 0.120 0.168 0.230 0.307 0.400 0.510 0.635 0.779 0.937 1.082 1.200 1.288 1.345 1.375 1.385 1.385 1.371 1.332 1.251 1.153 1.103 1.094 1.113 1.209 1.490 2.161 3.436 5.356 7.224 8.482 9.235 9.631 9.819 9.890 9.856 9.751 9.594 9.393 9.151 8.923 8.730 8.559 8.398 8.236 8.062 7.861 7.621 7.331 6.982 6.566 6.076 5.520 4.984 4.514 4.105 3.753 3.453 3.203 2.995 2.825 2.686 2.569
0.000 0.000 0.000 0.000 0.000 0.000 0.000 0.000 0.002 0.005 0.011 0.020 0.035 0.056 0.085 0.126 0.180 0.251 0.344 0.461 0.602 0.766 0.947 1.121 1.268 1.381 1.458 1.503 1.522 1.525 1.519 1.497 1.443 1.342 1.213 1.139 1.119 1.134 1.226 1.522 2.270 3.756 6.015 8.040 9.270 9.875 10.084 10.114 10.043 9.894 9.705 9.495 9.258 8.999 8.755 8.536 8.339 8.154 7.972 7.780 7.565 7.316 7.026 6.689 6.302 5.855 5.351 4.853 4.411 4.026 3.694 3.411 3.175 2.978 2.816 2.682 2.569
0.000 0.000 0.000 0.000 0.000 0.000 0.000 0.000 0.001 0.005 0.010 0.020 0.034 0.056 0.086 0.127 0.184 0.260 0.365 0.504 0.680 0.890 1.104 1.288 1.438 1.547 1.619 1.656 1.670 1.670 1.659 1.627 1.558 1.438 1.275 1.171 1.136 1.144 1.229 1.524 2.291 3.882 6.367 8.528 9.739 10.223 10.311 10.255 10.089 9.853 9.595 9.333 9.064 8.793 8.536 8.299 8.080 7.875 7.672 7.462 7.232 6.973 6.678 6.345 5.974 5.561 5.106 4.658 4.255 3.902 3.597 3.338 3.121 2.940 2.790 2.665 2.561
0.000 0.000 0.000 0.000 0.000 0.000 0.000 0.000 0.001 0.004 0.009 0.018 0.032 0.053 0.084 0.126 0.183 0.262 0.371 0.524 0.730 0.990 1.240 1.438 1.590 1.699 1.768 1.802 1.813 1.812 1.798 1.758 1.677 1.539 1.344 1.206 1.149 1.148 1.222 1.507 2.271 3.889 6.482 8.749 9.956 10.363 10.395 10.293 10.060 9.746 9.420 9.114 8.820 8.537 8.268 8.014 7.777 7.551 7.328 7.098 6.850 6.576 6.271 5.936 5.576 5.192 4.787 4.396 4.042 3.729 3.458 3.229 3.037 2.878 2.745 2.634 2.540
0.000 0.000 0.000 0.000 0.000 0.000 0.000 0.000 0.001 0.003 0.007 0.015 0.027 0.047 0.075 0.116 0.173 0.253 0.364 0.523 0.745 1.046 1.349 1.569 1.726 1.835 1.904 1.937 1.947 1.946 1.931 1.887 1.799 1.648 1.428 1.247 1.163 1.150 1.206 1.464 2.201 3.817 6.453 8.787 10.011 10.392 10.403 10.262 9.965 9.567 9.182 8.841 8.526 8.228 7.945 7.676 7.422 7.177 6.933 6.681 6.412 6.117 5.796 5.453 5.102 4.749 4.400 4.072 3.773 3.508 3.279 3.085 2.923 2.789 2.677 2.582 2.503
0.000 0.000 0.000 0.000 0.000 0.000 0.000 0.000 0.000 0.002 0.004 0.009 0.018 0.034 0.058 0.094 0.145 0.220 0.329 0.490 0.725 1.053 1.415 1.676 1.844 1.955 2.024 2.059 2.070 2.069 2.055 2.011 1.921 1.766 1.531 1.306 1.187 1.158 1.192 1.405 2.075 3.623 6.253 8.689 9.971 10.357 10.346 10.152 9.781 9.307 8.875 8.506 8.173 7.862 7.566 7.284 7.012 6.748 6.482 6.209 5.915 5.595 5.246 4.890 4.553 4.241 3.956 3.694 3.456 3.244 3.062 2.907 2.778 2.672 2.582 2.508 2.446
0.000 0.000 0.000 0.000 0.000 0.000 0.000 0.000 0.000 0.001 0.002 0.004 0.009 0.017 0.032 0.056 0.095 0.154 0.249 0.401 0.644 1.002 1.429 1.744 1.938 2.054 2.126 2.164 2.177 2.178 2.166 2.128 2.045 1.896 1.663 1.399 1.237 1.183 1.201 1.361 1.917 3.306 5.825 8.354 9.733 10.169 10.156 9.924 9.491 8.952 8.486 8.095 7.749 7.430 7.127 6.835 6.549 6.266 5.981 5.685 5.364 5.009 4.630 4.273 3.959 3.690 3.464 3.270 3.097 2.943 2.809 2.696 2.601 2.523 2.458 2.406 2.365
0.000 0.000 0.000 0.000 0.000 0.000 0.000 0.000 0.000 0.000 0.001 0.002 0.004 0.007 0.014 0.026 0.045 0.079 0.140 0.260 0.488 0.866 1.369 1.763 1.999 2.131 2.207 2.250 2.268 2.271 2.264 2.236 2.169 2.039 1.826 1.544 1.336 1.246 1.243 1.355 1.782 2.928 5.174 7.716 9.191 9.715 9.738 9.523 9.074 8.494 7.997 7.591 7.242 6.925 6.625 6.331 6.038 5.743 5.440 5.119 4.770 4.397 4.034 3.707 3.421 3.180 2.983 2.828 2.708 2.611 2.526 2.452 2.391 2.341 2.303 2.276 2.259
0.000 0.000 0.000 0.000 0.000 0.000 0.000 0.000 0.000 0.000 0.000 0.001 0.001 0.003 0.005 0.010 0.018 0.034 0.066 0.138 0.306 0.654 1.204 1.715 2.019 2.179 2.267 2.318 2.342 2.349 2.347 2.329 2.282 2.188 2.018 1.754 1.507 1.377 1.348 1.412 1.724 2.591 4.382 6.769 8.307 8.938 9.028 8.883 8.488 7.923 7.393 6.975 6.637 6.340 6.054 5.771 5.486 5.190 4.878 4.544 4.188 3.832 3.503 3.207 2.948 2.730 2.554 2.421 2.327 2.263 2.217 2.179 2.148 2.126 2.115 2.114 2.124
0.000 0.000 0.000 0.000 0.000 0.000 0.000 0.000 0.000 0.000 0.000 0.000 0.001 0.001 0.002 0.004 0.007 0.014 0.029 0.069 0.174 0.432 0.937 1.562 1.979 2.196 2.304 2.366 2.399 2.412 2.414 2.405 2.377 2.316 2.202 2.009 1.767 1.607 1.552 1.575 1.784 2.399 3.674 5.617 7.104 7.834 8.014 7.954 7.680 7.210 6.670 6.226 5.898 5.639 5.398 5.155 4.900 4.622 4.321 3.993 3.649 3.322 3.025 2.760 2.529 2.334 2.177 2.058 1.977 1.928 1.901 1.886 1.879 1.880 1.893 1.921 1.960
0.000 0.000 0.000 0.000 0.000 0.000 0.000 0.000 0.000 0.000 0.000 0.000 0.000 0.001 0.001 0.001 0.003 0.006 0.013 0.034 0.094 0.260 0.643 1.275 1.842 2.164 2.317 2.395 2.440 2.460 2.466 2.464 2.449 2.413 2.343 2.224 2.059 1.933 1.872 1.866 1.966 2.354 3.219 4.616 5.849 6.523 6.751 6.759 6.628 6.318 5.849 5.367 5.017 4.789 4.620 4.456 4.271 4.042 3.771 3.464 3.145 2.851 2.587 2.353 2.150 1.979 1.840 1.734 1.659 1.613 1.590 1.584 1.587 1.603 1.638 1.690 1.739
0.000 0.000 0.000 0.000 0.000 0.000 0.000 0.000 0.000 0.000 0.000 0.000 0.000 0.000 0.001 0.001 0.001 0.003 0.006 0.017 0.050 0.145 0.394 0.903 1.567 2.047 2.294 2.407 2.465 2.495 2.505 2.506 2.499 2.478 2.435 2.362 2.268 2.204 2.177 2.178 2.232 2.454 2.990 3.932 4.866 5.399 5.599 5.621 5.559 5.376 5.052 4.613 4.212 3.945 3.785 3.673 3.568 3.423 3.212 2.945 2.659 2.401 2.173 1.970 1.794 1.647 1.527 1.433 1.362 1.313 1.284 1.274 1.277 1.293 1.330 1.369 1.384
0.000 0.000 0.000 0.000 0.000 0.000 0.000 0.000 0.000 0.000 0.000 0.000 0.000 0.000 0.000 0.000 0.001 0.001 0.003 0.009 0.026 0.078 0.221 0.555 1.159 1.805 2.199 2.391 2.476 2.516 2.531 2.533 2.529 2.514 2.484 2.438 2.393 2.367 2.362 2.373 2.426 2.571 2.898 3.501 4.152 4.537 4.693 4.720 4.693 4.577 4.344 3.990 3.582 3.271 3.076 2.953 2.854 2.753 2.615 2.417 2.177 1.958 1.766 1.595 1.446 1.323 1.222 1.141 1.073 1.017 0.975 0.949 0.932 0.923 0.920 0.904 0.866
0.000 0.000 0.000 0.000 0.000 0.000 0.000 0.000 0.000 0.000 0.000 0.000 0.000 0.000 0.000 0.000 0.000 0.001 0.002 0.005 0.014 0.041 0.119 0.319 0.748 1.411 1.984 2.310 2.463 2.523 2.544 2.547 2.543 2.529 2.502 2.472 2.452 2.446 2.448 2.466 2.517 2.628 2.849 3.233 3.647 3.893 3.994 4.013 3.994 3.905 3.723 3.445 3.085 2.758 2.523 2.364 2.241 2.127 2.003 1.852 1.669 1.493 1.339 1.203 1.085 0.987 0.907 0.839 0.777 0.719 0.669 0.626 0.588 0.553 0.519 0.483 0.439
0.000 0.000 0.000 0.000 0.000 0.000 0.000 0.000 0.000 0.000 0.000 0.000 0.000 0.000 0.000 0.000 0.000 0.001 0.001 0.003 0.008 0.022 0.064 0.177 0.447 0.962 1.618 2.111 2.384 2.507 2.546 2.551 2.546 2.530 2.503 2.481 2.470 2.469 2.473 2.493 2.541 2.635 2.793 3.030 3.263 3.395 3.445 3.448 3.417 3.331 3.179 2.956 2.664 2.354 2.098 1.901 1.743 1.602 1.464 1.319 1.168 1.028 0.907 0.803 0.715 0.644 0.587 0.537 0.490 0.445 0.401 0.360 0.322 0.288 0.256 0.226 0.197
0.000 0.000 0.000 0.000 0.000 0.000 0.000 0.000 0.000 0.000 0.000 0.000 0.000 0.000 0.000 0.000 0.000 0.000 0.001 0.002 0.004 0.013 0.036 0.099 0.258 0.595 1.157 1.772 2.192 2.423 2.522 2.545 2.540 2.521 2.494 2.475 2.467 2.466 2.471 2.490 2.533 2.604 2.705 2.827 2.926 2.975 2.985 2.967 2.919 2.833 2.701 2.517 2.280 2.002 1.746 1.528 1.341 1.176 1.024 0.883 0.756 0.645 0.552 0.476 0.416 0.368 0.330 0.297 0.266 0.235 0.205 0.177 0.152 0.130 0.113 0.098 0.084
0.000 0.000 0.000 0.000 0.000 0.000 0.000 0.000 0.000 0.000 0.000 0.000 0.000 0.000 0.000 0.000 0.000 0.000 0.000 0.001 0.003 0.008 0.022 0.060 0.153 0.365 0.754 1.331 1.878 2.236 2.427 2.499 2.506 2.489 2.460 2.444 2.438 2.437 2.441 2.455 2.482 2.521 2.562 2.594 2.603 2.593 2.572 2.534 2.476 2.393 2.276 2.119 1.915 1.667 1.418 1.198 1.003 0.832 0.682 0.554 0.448 0.364 0.299 0.249 0.211 0.183 0.160 0.141 0.123 0.106 0.090 0.076 0.065 0.056 0.049 0.043 0.037
0.000 0.000 0.000 0.000 0.000 0.000 0.000 0.000 0.000 0.000 0.000 0.000 0.000 0.000 0.000 0.000 0.000 0.000 0.000 0.001 0.002 0.006 0.016 0.040 0.100 0.233 0.495 0.920 1.471 1.941 2.231 2.373 2.412 2.407 2.383 2.367 2.361 2.359 2.359 2.362 2.366 2.366 2.350 2.316 2.269 2.224 2.178 2.128 2.067 1.989 1.884 1.742 1.558 1.331 1.092 0.883 0.704 0.550 0.422 0.319 0.241 0.185 0.145 0.116 0.096 0.082 0.070 0.060 0.052 0.044 0.038 0.033 0.029 0.026 0.024 0.021 0.019
0.000 0.000 0.000 0.000 0.000 0.000 0.000 0.000 0.000 0.000 0.000 0.000 0.000 0.000 0.000 0.000 0.000 0.000 0.000 0.001 0.002 0.005 0.013 0.031 0.072 0.159 0.334 0.632 1.068 1.562 1.934 2.147 2.233 2.249 2.240 2.229 2.222 2.217 2.210 2.199 2.176 2.134 2.068 1.988 1.914 1.851 1.793 1.736 1.674 1.599 1.501 1.369 1.195 0.975 0.759 0.584 0.441 0.325 0.234 0.165 0.118 0.086 0.066 0.052 0.043 0.036 0.031 0.027 0.023 0.020 0.018 0.016 0.015 0.014 0.013 0.013 0.011
0.000 0.000 0.000 0.000 0.000 0.000 0.000 0.000 0.000 0.000 0.000 0.000 0.000 0.000 0.000 0.000 0.000 0.000 0.000 0.001 0.002 0.005 0.012 0.026 0.055 0.113 0.229 0.436 0.751 1.168 1.559 1.824 1.960 2.008 2.018 2.016 2.012 2.004 1.989 1.962 1.912 1.832 1.718 1.609 1.530 1.467 1.409 1.350 1.284 1.206 1.107 0.977 0.810 0.621 0.459 0.333 0.237 0.164 0.111 0.075 0.052 0.038 0.029 0.023 0.019 0.017 0.015 0.013 0.012 0.011 0.010 0.010 0.010 0.009 0.009 0.009 0.008
0.000 0.000 0.000 0.000 0.000 0.000 0.000 0.000 0.000 0.000 0.000 0.000 0.000 0.000 0.000 0.000 0.000 0.000 0.001 0.001 0.003 0.007 0.013 0.023 0.041 0.077 0.152 0.293 0.516 0.828 1.169 1.434 1.605 1.689 1.720 1.730 1.729 1.721 1.701 1.660 1.588 1.480 1.345 1.234 1.154 1.091 1.032 0.972 0.905 0.826 0.730 0.614 0.476 0.342 0.237 0.160 0.106 0.069 0.045 0.031 0.021 0.016 0.012 0.010 0.009 0.008 0.008 0.007 0.007 0.007 0.007 0.007 0.007 0.007 0.007 0.007 0.007
0.000 0.000 0.000 0.000 0.000 0.000 0.000 0.000 0.000 0.000 0.000 0.000 0.000 0.000 0.000 0.000 0.000 0.001 0.001 0.002 0.005 0.009 0.014 0.020 0.029 0.049 0.094 0.185 0.338 0.560 0.831 1.058 1.217 1.313 1.363 1.382 1.385 1.380 1.358 1.313 1.242 1.145 1.022 0.910 0.824 0.755 0.693 0.632 0.570 0.500 0.422 0.332 0.238 0.160 0.103 0.065 0.041 0.026 0.017 0.011 0.008 0.006 0.005 0.004 0.004 0.004 0.004 0.005 0.005 0.005 0.006 0.006 0.006 0.006 0.006 0.006 0.006
0.000 0.000 0.000 0.001 0.001 0.001 0.001 0.001 0.001 0.001 0.001 0.001 0.001 0.001 0.001 0.001 0.001 0.001 0.002 0.004 0.008 0.012 0.014 0.016 0.018 0.028 0.053 0.108 0.206 0.356 0.554 0.736 0.866 0.948 0.993 1.013 1.018 1.016 1.003 0.973 0.922 0.846 0.745 0.636 0.548 0.478 0.419 0.365 0.313 0.261 0.206 0.150 0.100 0.063 0.039 0.024 0.015 0.009 0.006 0.004 0.003 0.002 0.002 0.002 0.002 0.002 0.002 0.003 0.004 0.004 0.004 0.004 0.005 0.005 0.005 0.005 0.005
0.001 0.001 0.001 0.001 0.001 0.001 0.001 0.001 0.001 0.001 0.001 0.001 0.001 0.001 0.001 0.001 0.001 0.002 0.004 0.007 0.010 0.012 0.013 0.012 0.011 0.015 0.027 0.056 0.113 0.206 0.338 0.471 0.565 0.626 0.660 0.678 0.684 0.684 0.679 0.662 0.630 0.578 0.502 0.409 0.331 0.269 0.221 0.181 0.146 0.114 0.084 0.058 0.037 0.023 0.014 0.008 0.005 0.003 0.002 0.001 0.001 0.001 0.001 0.001 0.001 0.001 0.001 0.002 0.002 0.003 0.003 0.003 0.004 0.004 0.004 0.004 0.004
0.001 0.001 0.002 0.002 0.002 0.002 0.001 0.001 0.001 0.001 0.001 0.001 0.001 0.001 0.001 0.002 0.002 0.003 0.005 0.008 0.010 0.011 0.011 0.008 0.007 0.008 0.013 0.026 0.054 0.105 0.183 0.267 0.326 0.362 0.383 0.395 0.401 0.403 0.402 0.396 0.379 0.348 0.299 0.234 0.175 0.131 0.099 0.076 0.058 0.043 0.031 0.020 0.013 0.008 0.005 0.003 0.002 0.001 0.001 0.001 0.000 0.000 0.000 0.001 0.001 0.001 0.001 0.001 0.002 0.002 0.003 0.003 0.003 0.003 0.003 0.003 0.004
0.002 0.002 0.002 0.002 0.002 0.002 0.001 0.001 0.001 0.001 0.001 0.001 0.001 0.002 0.002 0.002 0.003 0.004 0.006 0.008 0.009 0.009 0.008 0.006 0.005 0.005 0.006 0.011 0.022 0.045 0.084 0.129 0.159 0.176 0.186 0.192 0.195 0.198 0.199 0.197 0.191 0.177 0.151 0.113 0.077 0.053 0.038 0.028 0.021 0.015 0.010 0.007 0.004 0.003 0.002 0.001 0.001 0.001 0.000 0.000 0.000 0.000 0.000 0.000 0.001 0.001 0.001 0.001 0.002 0.002 0.002 0.002 0.002 0.002 0.002 0.003 0.003
0.003 0.003 0.003 0.003 0.002 0.002 0.002 0.001 0.001 0.001 0.002 0.002 0.002 0.002 0.002 0.002 0.003 0.004 0.006 0.008 0.008 0.007 0.006 0.004 0.004 0.003 0.004 0.005 0.009 0.017 0.032 0.051 0.063 0.069 0.072 0.074 0.075 0.077 0.077 0.078 0.076 0.071 0.061 0.044 0.028 0.018 0.013 0.009 0.007 0.005 0.003 0.002 0.001 0.001 0.001 0.000 0.000 0.000 0.000 0.000 0.000 0.000 0.000 0.000 0.001 0.001 0.001 0.001 0.002 0.002 0.002 0.002 0.002 0.002 0.002 0.002 0.003
0.004 0.004 0.003 0.003 0.002 0.002 0.002 0.002 0.002 0.002 0.002 0.002 0.002 0.002 0.002 0.002 0.003 0.005 0.006 0.007 0.007 0.006 0.005 0.004 0.003 0.003 0.003 0.003 0.004 0.007 0.012 0.018 0.022 0.023 0.024 0.024 0.024 0.024 0.024 0.024 0.024 0.023 0.020 0.015 0.009 0.006 0.004 0.003 0.002 0.001 0.001 0.001 0.000 0.000 0.000 0.000 0.000 0.000 0.000 0.000 0.000 0.000 0.000 0.000 0.001 0.001 0.001 0.002 0.002 0.002 0.002 0.002 0.002 0.002 0.002 0.002 0.004
