RESULTS/r.avaflow_results/22_results/22_ascii/22_hflow0011.asc
ncols 506
nrows 317
xllcenter 498237.50
yllcenter 5580050.00
cellsize 12.50
NODATA_value -9999.000
[rows 204 to 237 of 317, columns 77 to 153 of 506]
0.016 0.015 0.014 0.012 0.010 0.009 0.009 0.009 0.010 0.011 0.013 0.014 0.017 0.022 0.037 0.084 0.206 0.317 0.352 0.350 0.302 0.245 0.215 0.193 0.180 0.177 0.177 0.181 0.194 0.230 0.311 0.387 0.410 0.411 0.383 0.297 0.200 0.158 0.148 0.150 0.163 0.178 0.182 0.178 0.158 0.111 0.066 0.042 0.029 0.022 0.016 0.012 0.008 0.006 0.005 0.004 0.004 0.005 0.007 0.012 0.017 0.020 0.022 0.024 0.026 0.030 0.036 0.048 0.068 0.087 0.097 0.101 0.101 0.095 0.073 0.042 0.020
0.018 0.017 0.015 0.013 0.012 0.011 0.011 0.012 0.012 0.013 0.013 0.014 0.016 0.022 0.040 0.096 0.222 0.304 0.324 0.315 0.270 0.232 0.208 0.187 0.175 0.172 0.174 0.178 0.191 0.231 0.321 0.389 0.405 0.400 0.359 0.260 0.180 0.149 0.143 0.147 0.164 0.178 0.180 0.175 0.151 0.102 0.061 0.040 0.028 0.021 0.016 0.011 0.008 0.005 0.005 0.004 0.004 0.005 0.008 0.014 0.019 0.022 0.024 0.026 0.029 0.034 0.041 0.054 0.077 0.092 0.098 0.099 0.095 0.075 0.043 0.019 0.008
0.021 0.019 0.017 0.015 0.014 0.014 0.014 0.013 0.013 0.013 0.014 0.014 0.016 0.023 0.046 0.115 0.233 0.290 0.302 0.285 0.249 0.225 0.205 0.187 0.176 0.173 0.175 0.179 0.194 0.242 0.334 0.384 0.395 0.386 0.331 0.229 0.166 0.143 0.139 0.145 0.164 0.178 0.179 0.170 0.140 0.090 0.054 0.036 0.026 0.020 0.015 0.010 0.007 0.005 0.005 0.004 0.005 0.006 0.010 0.017 0.022 0.025 0.027 0.029 0.032 0.037 0.045 0.059 0.081 0.092 0.096 0.093 0.079 0.048 0.021 0.009 0.004
0.027 0.023 0.020 0.019 0.017 0.016 0.015 0.015 0.014 0.014 0.014 0.014 0.016 0.026 0.054 0.137 0.239 0.279 0.283 0.259 0.232 0.219 0.205 0.189 0.182 0.181 0.180 0.182 0.200 0.259 0.344 0.378 0.382 0.367 0.299 0.203 0.155 0.137 0.135 0.145 0.166 0.177 0.177 0.165 0.130 0.080 0.049 0.033 0.024 0.019 0.014 0.010 0.007 0.005 0.004 0.004 0.005 0.007 0.012 0.020 0.026 0.028 0.029 0.031 0.033 0.038 0.047 0.063 0.080 0.088 0.089 0.081 0.057 0.027 0.011 0.005 0.002
0.038 0.031 0.027 0.024 0.021 0.019 0.017 0.015 0.014 0.014 0.013 0.014 0.018 0.030 0.066 0.156 0.238 0.266 0.263 0.238 0.221 0.215 0.208 0.195 0.186 0.183 0.183 0.186 0.207 0.275 0.350 0.375 0.375 0.344 0.261 0.183 0.146 0.132 0.132 0.144 0.168 0.178 0.177 0.162 0.122 0.074 0.046 0.032 0.024 0.018 0.013 0.009 0.006 0.005 0.005 0.005 0.005 0.008 0.015 0.024 0.028 0.030 0.031 0.032 0.035 0.039 0.048 0.065 0.077 0.080 0.078 0.065 0.038 0.016 0.007 0.003 0.001
0.058 0.046 0.038 0.032 0.026 0.022 0.018 0.016 0.014 0.014 0.014 0.015 0.020 0.036 0.079 0.169 0.233 0.251 0.243 0.218 0.211 0.212 0.210 0.201 0.191 0.186 0.186 0.192 0.222 0.296 0.355 0.369 0.364 0.318 0.227 0.165 0.137 0.128 0.129 0.142 0.167 0.177 0.176 0.158 0.116 0.070 0.045 0.031 0.023 0.018 0.012 0.008 0.006 0.005 0.005 0.005 0.006 0.010 0.018 0.027 0.030 0.031 0.032 0.033 0.035 0.039 0.050 0.066 0.072 0.073 0.068 0.050 0.024 0.010 0.004 0.002 0.001
0.088 0.071 0.055 0.043 0.033 0.025 0.019 0.016 0.015 0.014 0.014 0.017 0.024 0.042 0.088 0.173 0.224 0.235 0.220 0.201 0.201 0.211 0.214 0.208 0.198 0.193 0.192 0.200 0.237 0.314 0.357 0.365 0.349 0.287 0.201 0.153 0.129 0.122 0.124 0.140 0.166 0.176 0.175 0.156 0.112 0.068 0.044 0.031 0.023 0.017 0.012 0.008 0.005 0.005 0.005 0.005 0.007 0.012 0.022 0.029 0.031 0.032 0.032 0.033 0.035 0.040 0.053 0.065 0.068 0.067 0.059 0.038 0.016 0.007 0.003 0.002 0.001
0.116 0.103 0.083 0.062 0.044 0.031 0.022 0.017 0.015 0.015 0.016 0.020 0.029 0.049 0.093 0.164 0.200 0.205 0.193 0.186 0.194 0.212 0.219 0.216 0.206 0.200 0.199 0.208 0.251 0.327 0.358 0.362 0.336 0.257 0.178 0.139 0.122 0.118 0.121 0.138 0.166 0.179 0.178 0.156 0.109 0.067 0.044 0.031 0.023 0.017 0.011 0.007 0.005 0.005 0.005 0.006 0.008 0.015 0.025 0.030 0.031 0.032 0.031 0.032 0.034 0.042 0.056 0.064 0.065 0.063 0.050 0.027 0.011 0.005 0.002 0.001 0.001
0.134 0.126 0.111 0.089 0.063 0.041 0.027 0.020 0.017 0.017 0.019 0.024 0.035 0.056 0.096 0.145 0.171 0.177 0.173 0.175 0.190 0.216 0.227 0.226 0.218 0.209 0.207 0.217 0.265 0.336 0.360 0.357 0.319 0.231 0.163 0.130 0.115 0.113 0.117 0.137 0.167 0.180 0.178 0.154 0.103 0.063 0.043 0.031 0.023 0.016 0.010 0.007 0.005 0.005 0.005 0.006 0.010 0.018 0.027 0.030 0.031 0.030 0.029 0.029 0.033 0.043 0.058 0.062 0.062 0.057 0.041 0.019 0.008 0.004 0.002 0.001 0.000
0.143 0.138 0.127 0.110 0.084 0.056 0.036 0.025 0.021 0.020 0.022 0.029 0.042 0.064 0.098 0.134 0.155 0.160 0.161 0.167 0.187 0.219 0.236 0.239 0.233 0.221 0.219 0.232 0.283 0.341 0.359 0.353 0.304 0.210 0.150 0.122 0.111 0.110 0.117 0.137 0.167 0.181 0.179 0.153 0.100 0.061 0.040 0.029 0.021 0.014 0.009 0.006 0.005 0.005 0.005 0.007 0.011 0.020 0.027 0.029 0.030 0.029 0.028 0.029 0.034 0.047 0.058 0.061 0.059 0.052 0.033 0.015 0.007 0.003 0.001 0.001 0.000
0.145 0.142 0.134 0.119 0.097 0.068 0.045 0.031 0.026 0.025 0.027 0.035 0.049 0.070 0.097 0.126 0.144 0.148 0.152 0.163 0.185 0.221 0.246 0.252 0.249 0.241 0.238 0.252 0.304 0.347 0.356 0.346 0.287 0.192 0.139 0.115 0.108 0.108 0.117 0.138 0.166 0.181 0.180 0.154 0.099 0.059 0.038 0.026 0.018 0.012 0.008 0.005 0.005 0.005 0.005 0.007 0.013 0.022 0.027 0.028 0.028 0.027 0.027 0.029 0.035 0.051 0.059 0.060 0.057 0.047 0.027 0.012 0.005 0.002 0.001 0.000 0.000
0.145 0.142 0.134 0.121 0.101 0.073 0.050 0.035 0.029 0.029 0.031 0.040 0.054 0.072 0.096 0.122 0.137 0.142 0.148 0.160 0.183 0.222 0.253 0.265 0.265 0.258 0.256 0.272 0.321 0.353 0.356 0.337 0.266 0.177 0.130 0.110 0.105 0.107 0.118 0.141 0.167 0.181 0.180 0.156 0.101 0.060 0.038 0.025 0.016 0.010 0.006 0.005 0.004 0.004 0.005 0.008 0.015 0.023 0.026 0.027 0.026 0.026 0.026 0.029 0.037 0.053 0.059 0.059 0.055 0.042 0.021 0.009 0.004 0.002 0.001 0.000 0.000
0.140 0.138 0.132 0.120 0.101 0.074 0.051 0.037 0.031 0.031 0.034 0.043 0.056 0.073 0.096 0.121 0.134 0.141 0.148 0.160 0.181 0.221 0.261 0.278 0.280 0.276 0.275 0.292 0.336 0.358 0.357 0.329 0.247 0.162 0.123 0.107 0.104 0.107 0.120 0.143 0.167 0.179 0.179 0.156 0.105 0.061 0.037 0.023 0.014 0.008 0.005 0.004 0.004 0.004 0.005 0.008 0.016 0.023 0.025 0.025 0.025 0.025 0.026 0.029 0.039 0.053 0.057 0.057 0.052 0.037 0.017 0.007 0.003 0.001 0.000 0.000 0.000
0.129 0.128 0.123 0.113 0.096 0.072 0.050 0.037 0.032 0.032 0.035 0.044 0.056 0.071 0.096 0.121 0.134 0.141 0.149 0.160 0.180 0.221 0.267 0.290 0.295 0.293 0.293 0.311 0.349 0.362 0.357 0.319 0.226 0.147 0.115 0.104 0.103 0.109 0.124 0.147 0.168 0.178 0.179 0.159 0.110 0.063 0.036 0.021 0.012 0.007 0.005 0.004 0.004 0.004 0.005 0.009 0.017 0.022 0.024 0.025 0.025 0.025 0.026 0.030 0.042 0.052 0.055 0.054 0.048 0.030 0.013 0.006 0.002 0.001 0.000 0.000 0.000
0.109 0.108 0.105 0.097 0.084 0.064 0.046 0.035 0.031 0.031 0.035 0.042 0.053 0.070 0.096 0.121 0.135 0.144 0.153 0.162 0.181 0.224 0.277 0.304 0.310 0.306 0.305 0.327 0.361 0.367 0.354 0.302 0.200 0.131 0.107 0.101 0.101 0.110 0.129 0.152 0.171 0.179 0.180 0.161 0.112 0.063 0.035 0.019 0.010 0.006 0.004 0.004 0.004 0.004 0.006 0.011 0.018 0.022 0.023 0.024 0.025 0.026 0.028 0.034 0.045 0.052 0.054 0.052 0.043 0.024 0.010 0.004 0.002 0.001 0.000 0.000 0.000
0.080 0.079 0.077 0.072 0.062 0.049 0.037 0.030 0.027 0.027 0.030 0.035 0.046 0.066 0.096 0.121 0.136 0.148 0.158 0.168 0.185 0.227 0.287 0.318 0.323 0.318 0.318 0.344 0.373 0.374 0.348 0.275 0.171 0.117 0.100 0.097 0.100 0.113 0.136 0.160 0.177 0.185 0.185 0.166 0.114 0.062 0.033 0.018 0.010 0.006 0.004 0.004 0.004 0.004 0.006 0.012 0.018 0.021 0.023 0.024 0.026 0.028 0.030 0.037 0.048 0.052 0.052 0.049 0.036 0.018 0.007 0.003 0.001 0.000 0.000 0.000 0.000
0.053 0.052 0.050 0.047 0.040 0.031 0.024 0.020 0.019 0.019 0.021 0.026 0.038 0.060 0.092 0.116 0.132 0.145 0.159 0.173 0.192 0.235 0.299 0.334 0.341 0.338 0.344 0.374 0.392 0.387 0.346 0.248 0.147 0.105 0.093 0.093 0.099 0.117 0.145 0.169 0.185 0.192 0.192 0.172 0.118 0.063 0.032 0.016 0.009 0.005 0.004 0.004 0.004 0.004 0.007 0.014 0.018 0.021 0.022 0.024 0.027 0.030 0.033 0.040 0.049 0.052 0.051 0.045 0.030 0.013 0.006 0.002 0.001 0.000 0.000 0.000 0.000
0.034 0.033 0.032 0.029 0.025 0.019 0.015 0.012 0.012 0.012 0.014 0.020 0.031 0.052 0.082 0.108 0.127 0.145 0.163 0.182 0.206 0.248 0.315 0.357 0.369 0.372 0.384 0.414 0.424 0.408 0.344 0.220 0.130 0.096 0.088 0.089 0.098 0.121 0.155 0.181 0.196 0.201 0.199 0.175 0.119 0.062 0.031 0.015 0.008 0.005 0.004 0.004 0.004 0.005 0.009 0.015 0.018 0.020 0.023 0.025 0.029 0.032 0.035 0.043 0.050 0.052 0.050 0.042 0.023 0.010 0.004 0.002 0.001 0.000 0.000 0.000 0.000
0.021 0.021 0.020 0.018 0.014 0.011 0.009 0.007 0.007 0.007 0.009 0.015 0.026 0.044 0.071 0.101 0.125 0.148 0.170 0.195 0.222 0.263 0.328 0.379 0.401 0.412 0.433 0.458 0.459 0.425 0.327 0.193 0.118 0.091 0.085 0.087 0.098 0.126 0.166 0.192 0.205 0.208 0.203 0.176 0.116 0.060 0.029 0.014 0.008 0.005 0.004 0.004 0.004 0.006 0.010 0.016 0.018 0.020 0.023 0.027 0.031 0.034 0.038 0.045 0.051 0.051 0.048 0.036 0.017 0.007 0.003 0.001 0.000 0.000 0.000 0.000 0.000
0.013 0.012 0.012 0.010 0.008 0.006 0.005 0.004 0.004 0.004 0.006 0.011 0.020 0.036 0.060 0.091 0.123 0.152 0.182 0.212 0.244 0.282 0.338 0.398 0.437 0.465 0.495 0.511 0.499 0.434 0.301 0.173 0.112 0.089 0.084 0.086 0.099 0.131 0.175 0.201 0.211 0.212 0.203 0.170 0.107 0.054 0.026 0.013 0.007 0.005 0.005 0.004 0.005 0.007 0.012 0.016 0.019 0.021 0.025 0.030 0.034 0.036 0.040 0.047 0.051 0.051 0.045 0.029 0.012 0.005 0.002 0.001 0.000 0.000 0.000 0.000 0.000
0.007 0.007 0.007 0.006 0.004 0.003 0.003 0.002 0.002 0.002 0.004 0.008 0.015 0.028 0.049 0.079 0.117 0.153 0.187 0.223 0.262 0.303 0.353 0.418 0.480 0.525 0.552 0.557 0.527 0.432 0.273 0.159 0.108 0.089 0.085 0.087 0.101 0.137 0.184 0.209 0.216 0.214 0.199 0.158 0.093 0.046 0.022 0.011 0.007 0.005 0.005 0.005 0.006 0.008 0.013 0.017 0.019 0.022 0.028 0.034 0.037 0.039 0.043 0.049 0.051 0.049 0.039 0.021 0.009 0.003 0.001 0.000 0.000 0.000 0.000 0.000 0.000
0.004 0.004 0.004 0.003 0.002 0.002 0.001 0.001 0.001 0.001 0.002 0.005 0.011 0.020 0.038 0.066 0.105 0.147 0.186 0.226 0.269 0.318 0.372 0.441 0.517 0.569 0.589 0.585 0.537 0.410 0.244 0.148 0.107 0.091 0.088 0.091 0.107 0.146 0.193 0.215 0.220 0.216 0.195 0.147 0.081 0.039 0.018 0.010 0.006 0.006 0.005 0.006 0.007 0.010 0.014 0.017 0.020 0.024 0.032 0.038 0.042 0.044 0.047 0.051 0.051 0.046 0.033 0.015 0.006 0.002 0.001 0.000 0.000 0.000 0.000 0.000 0.000
0.002 0.002 0.002 0.002 0.001 0.001 0.001 0.001 0.001 0.001 0.002 0.003 0.007 0.014 0.028 0.051 0.087 0.131 0.177 0.223 0.270 0.326 0.392 0.471 0.552 0.603 0.618 0.603 0.530 0.375 0.220 0.141 0.106 0.094 0.092 0.096 0.113 0.156 0.202 0.221 0.224 0.217 0.190 0.136 0.071 0.033 0.015 0.008 0.006 0.006 0.006 0.006 0.008 0.011 0.015 0.017 0.020 0.026 0.037 0.045 0.048 0.050 0.052 0.054 0.051 0.042 0.025 0.010 0.004 0.001 0.001 0.000 0.000 0.000 0.000 0.000 0.000
0.001 0.001 0.001 0.001 0.001 0.000 0.000 0.000 0.000 0.001 0.001 0.002 0.005 0.010 0.019 0.036 0.064 0.104 0.154 0.208 0.264 0.329 0.409 0.505 0.593 0.640 0.648 0.623 0.529 0.353 0.209 0.137 0.107 0.097 0.095 0.099 0.117 0.162 0.208 0.227 0.229 0.220 0.188 0.126 0.062 0.028 0.013 0.008 0.006 0.006 0.006 0.007 0.009 0.012 0.015 0.017 0.021 0.029 0.043 0.052 0.055 0.056 0.057 0.055 0.049 0.035 0.017 0.006 0.002 0.001 0.000 0.000 0.000 0.000 0.000 0.000 0.000
0.000 0.000 0.000 0.000 0.000 0.000 0.000 0.000 0.000 0.000 0.001 0.001 0.003 0.006 0.013 0.025 0.045 0.075 0.118 0.175 0.243 0.321 0.421 0.545 0.645 0.689 0.693 0.656 0.536 0.339 0.204 0.137 0.108 0.099 0.098 0.102 0.120 0.165 0.212 0.232 0.234 0.224 0.188 0.118 0.056 0.025 0.012 0.008 0.007 0.007 0.007 0.008 0.010 0.013 0.015 0.017 0.022 0.033 0.050 0.061 0.064 0.064 0.062 0.055 0.043 0.025 0.011 0.004 0.002 0.001 0.000 0.000 0.000 0.000 0.000 0.000 0.000
0.000 0.000 0.000 0.000 0.000 0.000 0.000 0.000 0.000 0.000 0.000 0.001 0.002 0.004 0.009 0.017 0.032 0.054 0.089 0.139 0.208 0.299 0.423 0.575 0.684 0.727 0.728 0.679 0.535 0.332 0.204 0.140 0.111 0.101 0.100 0.105 0.123 0.166 0.215 0.236 0.238 0.229 0.189 0.111 0.050 0.022 0.011 0.008 0.007 0.007 0.008 0.009 0.011 0.013 0.015 0.017 0.023 0.038 0.059 0.071 0.073 0.071 0.065 0.051 0.033 0.016 0.007 0.003 0.001 0.000 0.000 0.000 0.000 0.000 0.000 0.000 0.000
0.000 0.000 0.001 0.000 0.001 0.000 0.000 0.000 0.000 0.000 0.000 0.001 0.001 0.002 0.005 0.011 0.022 0.040 0.068 0.112 0.176 0.271 0.412 0.587 0.705 0.748 0.744 0.681 0.525 0.329 0.211 0.149 0.118 0.106 0.104 0.108 0.126 0.173 0.225 0.246 0.249 0.236 0.190 0.102 0.045 0.020 0.011 0.009 0.008 0.008 0.009 0.010 0.012 0.013 0.015 0.018 0.026 0.045 0.070 0.081 0.083 0.079 0.065 0.044 0.024 0.011 0.004 0.002 0.001 0.000 0.000 0.000 0.000 0.000 0.000 0.000 0.000
0.000 0.000 0.000 0.001 0.000 0.000 0.000 0.000 0.000 0.000 0.000 0.000 0.001 0.001 0.003 0.007 0.015 0.028 0.052 0.091 0.151 0.245 0.394 0.586 0.714 0.759 0.749 0.677 0.518 0.335 0.226 0.165 0.130 0.113 0.108 0.112 0.132 0.187 0.243 0.263 0.265 0.247 0.187 0.094 0.040 0.019 0.011 0.010 0.009 0.009 0.010 0.011 0.012 0.014 0.015 0.019 0.029 0.053 0.081 0.092 0.092 0.083 0.062 0.035 0.016 0.007 0.003 0.001 0.000 0.000 0.000 0.000 0.000 0.000 0.000 0.000 0.000
0.000 0.000 0.000 0.001 0.000 0.000 0.000 0.000 0.000 0.000 0.000 0.000 0.000 0.001 0.002 0.004 0.009 0.019 0.038 0.072 0.129 0.224 0.379 0.584 0.718 0.762 0.748 0.672 0.517 0.346 0.245 0.183 0.144 0.123 0.116 0.118 0.139 0.200 0.259 0.279 0.278 0.252 0.175 0.082 0.035 0.017 0.012 0.010 0.010 0.010 0.010 0.011 0.013 0.014 0.016 0.022 0.036 0.065 0.091 0.099 0.097 0.084 0.055 0.027 0.011 0.004 0.001 0.001 0.000 0.000 0.000 0.000 0.000 0.000 0.000 0.000 0.000
0.000 0.000 0.000 0.000 0.000 0.000 0.000 0.000 0.000 0.000 0.000 0.000 0.000 0.001 0.001 0.002 0.005 0.012 0.026 0.055 0.109 0.204 0.365 0.581 0.714 0.750 0.734 0.665 0.526 0.364 0.263 0.200 0.159 0.137 0.129 0.131 0.153 0.217 0.275 0.293 0.290 0.252 0.154 0.066 0.029 0.016 0.012 0.011 0.010 0.010 0.011 0.011 0.013 0.014 0.018 0.026 0.046 0.079 0.100 0.105 0.100 0.080 0.045 0.019 0.007 0.003 0.001 0.000 0.000 0.000 0.000 0.000 0.000 0.000 0.000 0.000 0.000
0.000 0.000 0.000 0.001 0.000 0.000 0.000 0.000 0.000 0.000 0.000 0.000 0.000 0.000 0.001 0.001 0.003 0.006 0.016 0.038 0.084 0.175 0.334 0.554 0.688 0.722 0.714 0.665 0.554 0.401 0.289 0.219 0.175 0.152 0.145 0.148 0.176 0.241 0.292 0.305 0.298 0.242 0.127 0.052 0.024 0.016 0.013 0.012 0.011 0.011 0.011 0.012 0.013 0.015 0.021 0.034 0.062 0.094 0.107 0.108 0.097 0.068 0.032 0.012 0.004 0.001 0.000 0.000 0.000 0.000 0.000 0.000 0.000 0.000 0.000 0.000 0.000
0.000 0.000 0.000 0.000 0.000 0.000 0.000 0.000 0.000 0.000 0.000 0.000 0.000 0.000 0.000 0.001 0.001 0.003 0.008 0.022 0.055 0.127 0.265 0.477 0.644 0.709 0.715 0.685 0.601 0.456 0.324 0.242 0.195 0.172 0.166 0.172 0.205 0.270 0.309 0.317 0.298 0.216 0.098 0.042 0.022 0.016 0.014 0.013 0.012 0.012 0.012 0.012 0.014 0.018 0.027 0.046 0.082 0.107 0.113 0.108 0.087 0.047 0.018 0.007 0.002 0.001 0.000 0.000 0.000 0.000 0.000 0.000 0.000 0.000 0.000 0.000 0.000
0.000 0.000 0.000 0.000 0.000 0.000 0.000 0.000 0.000 0.000 0.000 0.001 0.000 0.000 0.000 0.000 0.001 0.001 0.004 0.011 0.030 0.075 0.175 0.362 0.582 0.703 0.737 0.726 0.665 0.531 0.370 0.272 0.221 0.200 0.196 0.205 0.244 0.303 0.331 0.333 0.297 0.184 0.079 0.036 0.022 0.018 0.016 0.014 0.013 0.013 0.013 0.014 0.016 0.023 0.037 0.066 0.103 0.117 0.117 0.103 0.065 0.027 0.010 0.003 0.001 0.000 0.000 0.000 0.000 0.000 0.000 0.000 0.000 0.000 0.000 0.000 0.000
0.000 0.000 0.001 0.000 0.001 0.000 0.000 0.000 0.000 0.000 0.000 0.001 0.001 0.000 0.000 0.000 0.000 0.001 0.002 0.005 0.015 0.041 0.106 0.247 0.482 0.677 0.768 0.786 0.752 0.639 0.456 0.326 0.262 0.238 0.235 0.249 0.294 0.344 0.362 0.357 0.294 0.158 0.069 0.035 0.023 0.019 0.017 0.016 0.015 0.015 0.015 0.016 0.019 0.029 0.051 0.091 0.120 0.125 0.119 0.089 0.044 0.016 0.005 0.002 0.001 0.000 0.000 0.000 0.000 0.000 0.000 0.000 0.000 0.000 0.000 0.000 0.000
