RESULTS/r.avaflow_results/22_results/22_ascii/22_hflow10051.asc
ncols 506
nrows 317
xllcenter 498237.50
yllcenter 5580050.00
cellsize 12.50
NODATA_value -9999.000
[rows 170 to 203 of 317, columns 154 to 230 of 506]
2.149 1.967 1.804 1.659 1.526 1.404 1.287 1.174 1.065 0.959 0.860 0.766 0.678 0.596 0.518 0.445 0.376 0.312 0.252 0.198 0.153 0.117 0.088 0.066 0.050 0.039 0.031 0.027 0.025 0.024 0.024 0.024 0.024 0.024 0.024 0.024 0.024 0.024 0.024 0.023 0.022 0.021 0.019 0.018 0.017 0.015 0.012 0.010 0.009 0.007 0.006 0.005 0.004 0.003 0.003 0.003 0.003 0.003 0.003 0.003 0.003 0.003 0.003 0.003 0.003 0.003 0.003 0.003 0.004 0.006 0.007 0.008 0.008 0.007 0.006 0.005 0.003
2.314 2.154 2.003 1.860 1.722 1.588 1.458 1.332 1.212 1.095 0.985 0.881 0.786 0.697 0.614 0.536 0.463 0.394 0.328 0.267 0.211 0.161 0.121 0.091 0.068 0.052 0.040 0.033 0.029 0.028 0.027 0.027 0.027 0.026 0.026 0.025 0.025 0.025 0.024 0.023 0.022 0.020 0.018 0.017 0.015 0.013 0.010 0.007 0.005 0.004 0.003 0.003 0.002 0.002 0.002 0.002 0.002 0.002 0.002 0.002 0.002 0.002 0.002 0.002 0.002 0.002 0.002 0.002 0.003 0.004 0.006 0.007 0.007 0.007 0.007 0.006 0.005
2.434 2.289 2.146 2.002 1.856 1.716 1.580 1.450 1.326 1.205 1.091 0.981 0.879 0.783 0.693 0.608 0.528 0.454 0.386 0.322 0.263 0.209 0.161 0.122 0.091 0.069 0.052 0.040 0.033 0.030 0.028 0.028 0.027 0.027 0.026 0.025 0.025 0.024 0.023 0.022 0.020 0.017 0.015 0.013 0.011 0.008 0.006 0.004 0.003 0.002 0.002 0.002 0.001 0.001 0.001 0.002 0.002 0.002 0.002 0.002 0.002 0.002 0.002 0.002 0.002 0.002 0.002 0.002 0.002 0.003 0.004 0.006 0.007 0.007 0.007 0.007 0.006
2.510 2.373 2.235 2.091 1.948 1.812 1.681 1.554 1.431 1.309 1.193 1.080 0.971 0.867 0.768 0.674 0.587 0.506 0.431 0.363 0.301 0.245 0.195 0.151 0.114 0.085 0.063 0.047 0.036 0.031 0.028 0.027 0.027 0.026 0.025 0.024 0.023 0.022 0.020 0.018 0.015 0.012 0.010 0.008 0.006 0.004 0.003 0.002 0.002 0.001 0.001 0.001 0.001 0.001 0.001 0.001 0.001 0.001 0.002 0.002 0.001 0.001 0.001 0.001 0.001 0.001 0.001 0.001 0.002 0.002 0.003 0.004 0.006 0.007 0.007 0.007 0.006
2.543 2.411 2.279 2.146 2.015 1.887 1.764 1.643 1.524 1.405 1.288 1.172 1.058 0.945 0.836 0.733 0.637 0.548 0.468 0.395 0.330 0.271 0.218 0.171 0.131 0.097 0.071 0.052 0.039 0.031 0.027 0.026 0.024 0.023 0.022 0.020 0.018 0.017 0.014 0.011 0.008 0.006 0.005 0.004 0.003 0.002 0.002 0.001 0.001 0.001 0.001 0.001 0.001 0.001 0.001 0.001 0.001 0.001 0.001 0.001 0.001 0.001 0.001 0.001 0.001 0.001 0.001 0.001 0.001 0.001 0.002 0.003 0.005 0.006 0.006 0.007 0.006
2.549 2.423 2.302 2.182 2.064 1.947 1.832 1.717 1.603 1.489 1.373 1.257 1.139 1.017 0.897 0.783 0.678 0.582 0.495 0.418 0.349 0.288 0.233 0.184 0.141 0.105 0.077 0.056 0.041 0.031 0.026 0.023 0.020 0.018 0.016 0.014 0.012 0.010 0.008 0.006 0.004 0.003 0.002 0.002 0.002 0.001 0.001 0.001 0.001 0.001 0.001 0.001 0.001 0.001 0.001 0.001 0.001 0.001 0.001 0.001 0.001 0.001 0.001 0.001 0.001 0.001 0.001 0.001 0.001 0.001 0.001 0.002 0.003 0.005 0.006 0.006 0.006
2.547 2.424 2.311 2.203 2.096 1.990 1.884 1.777 1.669 1.560 1.447 1.332 1.209 1.080 0.947 0.822 0.708 0.605 0.513 0.433 0.361 0.298 0.241 0.191 0.146 0.109 0.079 0.057 0.041 0.031 0.024 0.019 0.015 0.012 0.009 0.007 0.006 0.005 0.004 0.003 0.002 0.002 0.001 0.001 0.001 0.001 0.001 0.001 0.001 0.001 0.001 0.001 0.001 0.001 0.001 0.001 0.001 0.001 0.001 0.001 0.001 0.001 0.001 0.001 0.001 0.001 0.001 0.001 0.001 0.001 0.001 0.002 0.002 0.004 0.005 0.005 0.006
2.537 2.419 2.312 2.213 2.116 2.020 1.922 1.823 1.723 1.620 1.511 1.395 1.269 1.132 0.985 0.849 0.727 0.618 0.523 0.439 0.366 0.302 0.245 0.193 0.148 0.109 0.079 0.056 0.040 0.029 0.021 0.014 0.010 0.007 0.005 0.004 0.003 0.003 0.002 0.002 0.001 0.001 0.001 0.001 0.001 0.001 0.001 0.001 0.001 0.001 0.001 0.001 0.001 0.001 0.001 0.001 0.001 0.001 0.001 0.001 0.001 0.001 0.001 0.001 0.001 0.001 0.001 0.001 0.001 0.001 0.001 0.001 0.002 0.002 0.004 0.004 0.005
2.517 2.408 2.308 2.214 2.128 2.041 1.953 1.864 1.771 1.674 1.569 1.452 1.321 1.173 1.013 0.866 0.737 0.624 0.525 0.441 0.368 0.303 0.245 0.193 0.146 0.106 0.075 0.052 0.036 0.025 0.016 0.010 0.006 0.004 0.003 0.002 0.002 0.002 0.001 0.001 0.001 0.001 0.001 0.001 0.001 0.001 0.001 0.001 0.001 0.001 0.001 0.001 0.001 0.001 0.001 0.001 0.001 0.001 0.001 0.001 0.001 0.001 0.001 0.001 0.001 0.000 0.000 0.000 0.001 0.001 0.001 0.001 0.001 0.002 0.003 0.003 0.004
2.484 2.385 2.294 2.210 2.132 2.055 1.978 1.900 1.817 1.726 1.623 1.503 1.364 1.205 1.034 0.878 0.742 0.625 0.525 0.439 0.365 0.299 0.239 0.185 0.136 0.095 0.064 0.041 0.026 0.016 0.009 0.005 0.003 0.002 0.002 0.001 0.001 0.001 0.001 0.001 0.001 0.001 0.001 0.001 0.001 0.001 0.001 0.001 0.001 0.001 0.001 0.002 0.002 0.002 0.002 0.002 0.002 0.002 0.001 0.001 0.001 0.001 0.001 0.001 0.000 0.000 0.000 0.000 0.000 0.000 0.001 0.001 0.001 0.001 0.002 0.002 0.003
2.440 2.353 2.272 2.198 2.129 2.066 2.001 1.934 1.860 1.773 1.669 1.546 1.399 1.228 1.049 0.887 0.746 0.624 0.520 0.431 0.352 0.282 0.218 0.161 0.111 0.072 0.043 0.024 0.013 0.008 0.004 0.003 0.002 0.001 0.001 0.001 0.001 0.001 0.001 0.001 0.001 0.001 0.001 0.001 0.001 0.001 0.001 0.001 0.001 0.002 0.002 0.002 0.002 0.002 0.002 0.002 0.002 0.002 0.002 0.001 0.001 0.001 0.001 0.000 0.000 0.000 0.000 0.000 0.000 0.000 0.000 0.001 0.001 0.001 0.001 0.002 0.002
2.379 2.303 2.237 2.178 2.122 2.072 2.021 1.966 1.899 1.813 1.706 1.576 1.422 1.242 1.057 0.892 0.747 0.621 0.509 0.410 0.321 0.241 0.171 0.114 0.069 0.039 0.020 0.010 0.005 0.003 0.002 0.002 0.001 0.001 0.001 0.001 0.001 0.001 0.001 0.001 0.001 0.001 0.001 0.001 0.001 0.001 0.001 0.001 0.002 0.002 0.003 0.003 0.003 0.003 0.003 0.003 0.003 0.002 0.002 0.001 0.001 0.001 0.001 0.000 0.000 0.000 0.000 0.000 0.000 0.000 0.000 0.000 0.001 0.001 0.001 0.001 0.002
2.302 2.241 2.190 2.147 2.109 2.073 2.035 1.988 1.924 1.838 1.727 1.591 1.430 1.245 1.060 0.893 0.743 0.606 0.479 0.362 0.256 0.165 0.096 0.053 0.029 0.015 0.008 0.004 0.002 0.002 0.001 0.001 0.001 0.001 0.001 0.001 0.001 0.001 0.001 0.001 0.001 0.001 0.001 0.001 0.001 0.001 0.002 0.002 0.002 0.003 0.004 0.004 0.004 0.004 0.004 0.004 0.003 0.003 0.002 0.002 0.001 0.001 0.001 0.001 0.000 0.000 0.000 0.000 0.000 0.000 0.000 0.000 0.000 0.001 0.001 0.001 0.001
2.212 2.167 2.132 2.105 2.085 2.065 2.038 1.995 1.933 1.845 1.728 1.584 1.414 1.226 1.039 0.866 0.702 0.543 0.392 0.255 0.145 0.074 0.036 0.018 0.010 0.005 0.003 0.002 0.001 0.001 0.001 0.001 0.001 0.001 0.001 0.001 0.001 0.001 0.001 0.001 0.001 0.001 0.001 0.001 0.002 0.002 0.002 0.002 0.003 0.004 0.005 0.006 0.006 0.006 0.006 0.006 0.005 0.004 0.003 0.002 0.001 0.001 0.001 0.001 0.000 0.000 0.000 0.000 0.000 0.000 0.000 0.000 0.000 0.000 0.001 0.001 0.001
2.112 2.084 2.063 2.043 2.024 2.005 1.979 1.938 1.879 1.790 1.662 1.501 1.313 1.113 0.920 0.734 0.550 0.373 0.220 0.112 0.052 0.023 0.011 0.006 0.003 0.002 0.001 0.001 0.001 0.001 0.001 0.001 0.001 0.001 0.001 0.001 0.001 0.001 0.001 0.001 0.001 0.001 0.002 0.002 0.002 0.002 0.003 0.004 0.005 0.007 0.008 0.009 0.009 0.009 0.009 0.008 0.006 0.005 0.003 0.003 0.002 0.001 0.001 0.001 0.000 0.000 0.000 0.000 0.000 0.000 0.000 0.000 0.000 0.000 0.000 0.000 0.001
1.996 1.977 1.943 1.892 1.830 1.776 1.731 1.682 1.626 1.541 1.411 1.235 1.022 0.804 0.606 0.430 0.273 0.151 0.073 0.032 0.013 0.006 0.003 0.002 0.002 0.001 0.001 0.001 0.001 0.001 0.001 0.001 0.001 0.001 0.001 0.001 0.001 0.001 0.002 0.002 0.002 0.002 0.002 0.002 0.003 0.003 0.004 0.006 0.008 0.011 0.013 0.014 0.015 0.015 0.014 0.011 0.009 0.006 0.005 0.003 0.002 0.002 0.001 0.001 0.001 0.000 0.000 0.000 0.000 0.000 0.000 0.000 0.000 0.000 0.000 0.000 0.000
1.802 1.739 1.639 1.503 1.361 1.244 1.160 1.094 1.036 0.965 0.859 0.707 0.518 0.353 0.235 0.147 0.083 0.041 0.018 0.008 0.004 0.002 0.002 0.001 0.001 0.001 0.001 0.001 0.001 0.001 0.001 0.001 0.001 0.001 0.002 0.002 0.002 0.002 0.002 0.002 0.002 0.003 0.003 0.004 0.004 0.005 0.007 0.010 0.015 0.020 0.023 0.025 0.025 0.023 0.019 0.015 0.011 0.008 0.005 0.004 0.003 0.002 0.001 0.001 0.001 0.000 0.000 0.000 0.000 0.000 0.000 0.000 0.000 0.000 0.000 0.000 0.000
1.394 1.226 1.038 0.848 0.690 0.580 0.505 0.452 0.411 0.369 0.319 0.251 0.169 0.105 0.064 0.038 0.021 0.010 0.005 0.003 0.002 0.001 0.001 0.001 0.001 0.001 0.001 0.001 0.001 0.001 0.001 0.002 0.002 0.002 0.002 0.002 0.002 0.003 0.003 0.003 0.004 0.004 0.005 0.006 0.008 0.010 0.015 0.022 0.030 0.037 0.041 0.041 0.038 0.030 0.023 0.017 0.012 0.009 0.006 0.004 0.003 0.002 0.001 0.001 0.001 0.000 0.000 0.000 0.000 0.000 0.000 0.000 0.000 0.000 0.000 0.000 0.000
0.778 0.610 0.474 0.365 0.280 0.218 0.176 0.148 0.127 0.108 0.090 0.068 0.044 0.027 0.017 0.010 0.006 0.003 0.002 0.002 0.001 0.001 0.001 0.001 0.001 0.001 0.001 0.002 0.002 0.002 0.002 0.002 0.002 0.003 0.003 0.003 0.004 0.004 0.005 0.006 0.007 0.009 0.010 0.013 0.017 0.023 0.033 0.047 0.058 0.064 0.065 0.058 0.046 0.034 0.025 0.018 0.013 0.009 0.007 0.004 0.003 0.002 0.001 0.001 0.001 0.000 0.000 0.000 0.000 0.000 0.000 0.000 0.000 0.000 0.000 0.000 0.000
0.335 0.252 0.190 0.143 0.106 0.079 0.060 0.047 0.039 0.032 0.025 0.018 0.012 0.008 0.005 0.004 0.003 0.002 0.002 0.001 0.001 0.001 0.001 0.001 0.002 0.002 0.002 0.002 0.002 0.003 0.003 0.004 0.004 0.005 0.006 0.006 0.008 0.009 0.011 0.013 0.016 0.020 0.025 0.031 0.040 0.054 0.074 0.092 0.100 0.097 0.084 0.065 0.048 0.035 0.025 0.019 0.013 0.010 0.007 0.005 0.003 0.002 0.001 0.001 0.001 0.000 0.000 0.000 0.000 0.000 0.000 0.000 0.000 0.000 0.000 0.000 0.000
0.129 0.096 0.072 0.054 0.039 0.028 0.021 0.016 0.013 0.010 0.008 0.006 0.004 0.003 0.002 0.002 0.002 0.002 0.002 0.002 0.002 0.002 0.002 0.002 0.002 0.002 0.003 0.003 0.004 0.005 0.006 0.007 0.008 0.010 0.012 0.015 0.018 0.023 0.028 0.035 0.042 0.052 0.062 0.075 0.092 0.114 0.134 0.142 0.136 0.117 0.090 0.066 0.049 0.036 0.026 0.019 0.013 0.010 0.007 0.005 0.003 0.002 0.001 0.001 0.001 0.000 0.000 0.000 0.000 0.000 0.000 0.000 0.000 0.000 0.000 0.000 0.000
0.049 0.037 0.027 0.020 0.015 0.011 0.008 0.006 0.005 0.004 0.004 0.003 0.002 0.002 0.002 0.002 0.002 0.002 0.002 0.002 0.002 0.002 0.002 0.003 0.003 0.004 0.005 0.006 0.008 0.010 0.013 0.017 0.021 0.026 0.031 0.039 0.048 0.061 0.075 0.090 0.104 0.119 0.134 0.147 0.161 0.172 0.177 0.171 0.153 0.122 0.091 0.067 0.049 0.036 0.026 0.019 0.014 0.010 0.007 0.005 0.003 0.002 0.001 0.001 0.001 0.000 0.000 0.000 0.000 0.000 0.000 0.000 0.000 0.000 0.000 0.000 0.000
0.019 0.015 0.011 0.008 0.006 0.005 0.004 0.003 0.003 0.002 0.002 0.002 0.002 0.002 0.002 0.002 0.002 0.002 0.002 0.002 0.002 0.003 0.003 0.004 0.006 0.008 0.011 0.015 0.020 0.027 0.035 0.044 0.056 0.070 0.085 0.103 0.126 0.150 0.173 0.189 0.197 0.198 0.199 0.200 0.201 0.200 0.195 0.181 0.156 0.122 0.090 0.067 0.049 0.036 0.026 0.019 0.014 0.010 0.007 0.005 0.003 0.002 0.001 0.001 0.001 0.000 0.000 0.000 0.000 0.000 0.000 0.000 0.000 0.000 0.000 0.000 0.000
0.008 0.006 0.005 0.004 0.003 0.003 0.002 0.002 0.002 0.002 0.002 0.002 0.002 0.002 0.002 0.002 0.002 0.002 0.002 0.003 0.003 0.005 0.006 0.009 0.013 0.020 0.029 0.041 0.057 0.076 0.097 0.122 0.150 0.178 0.207 0.238 0.267 0.285 0.287 0.275 0.256 0.239 0.227 0.219 0.214 0.208 0.199 0.182 0.156 0.121 0.090 0.066 0.049 0.036 0.026 0.019 0.014 0.009 0.006 0.004 0.003 0.002 0.001 0.001 0.000 0.000 0.000 0.000 0.000 0.000 0.000 0.000 0.000 0.000 0.000 0.000 0.000
0.004 0.003 0.003 0.002 0.002 0.002 0.002 0.002 0.002 0.002 0.002 0.002 0.002 0.002 0.002 0.002 0.002 0.003 0.003 0.004 0.006 0.009 0.014 0.022 0.035 0.055 0.084 0.120 0.160 0.202 0.246 0.292 0.336 0.371 0.395 0.407 0.402 0.382 0.349 0.311 0.275 0.247 0.231 0.221 0.213 0.205 0.194 0.177 0.150 0.117 0.087 0.064 0.046 0.034 0.025 0.018 0.012 0.008 0.006 0.004 0.002 0.001 0.001 0.000 0.000 0.000 0.000 0.000 0.000 0.000 0.000 0.000 0.000 0.000 0.000 0.000 0.000
0.002 0.002 0.002 0.002 0.002 0.002 0.002 0.002 0.002 0.002 0.002 0.002 0.002 0.002 0.002 0.002 0.003 0.004 0.005 0.008 0.013 0.022 0.037 0.062 0.100 0.157 0.231 0.308 0.379 0.438 0.486 0.520 0.537 0.540 0.529 0.506 0.468 0.419 0.365 0.316 0.276 0.246 0.226 0.212 0.199 0.186 0.170 0.151 0.126 0.097 0.072 0.053 0.039 0.028 0.020 0.014 0.010 0.006 0.004 0.002 0.001 0.001 0.000 0.000 0.000 0.000 0.000 0.000 0.000 0.000 0.000 0.000 0.000 0.000 0.000 0.000 0.000
0.002 0.002 0.002 0.002 0.002 0.002 0.002 0.002 0.002 0.002 0.002 0.002 0.002 0.002 0.003 0.003 0.004 0.006 0.010 0.018 0.032 0.058 0.101 0.168 0.263 0.379 0.495 0.581 0.631 0.655 0.665 0.659 0.643 0.616 0.581 0.536 0.483 0.423 0.364 0.314 0.272 0.237 0.209 0.185 0.162 0.140 0.119 0.098 0.077 0.058 0.044 0.033 0.025 0.018 0.013 0.009 0.006 0.003 0.002 0.001 0.001 0.000 0.000 0.000 0.000 0.000 0.000 0.000 0.000 0.000 0.000 0.000 0.000 0.000 0.000 0.000 0.000
0.001 0.001 0.001 0.001 0.002 0.002 0.002 0.002 0.002 0.002 0.002 0.003 0.003 0.003 0.004 0.005 0.008 0.013 0.025 0.046 0.085 0.149 0.248 0.381 0.521 0.638 0.715 0.756 0.768 0.762 0.743 0.713 0.675 0.632 0.586 0.537 0.482 0.421 0.359 0.305 0.257 0.212 0.171 0.133 0.102 0.077 0.059 0.045 0.034 0.027 0.021 0.016 0.012 0.009 0.007 0.004 0.003 0.001 0.001 0.000 0.000 0.000 0.000 0.000 0.000 0.000 0.000 0.000 0.000 0.000 0.000 0.000 0.000 0.000 0.000 0.000 0.000
0.001 0.001 0.001 0.001 0.002 0.002 0.002 0.002 0.003 0.003 0.003 0.003 0.004 0.004 0.006 0.009 0.017 0.031 0.060 0.111 0.194 0.313 0.454 0.592 0.703 0.777 0.812 0.820 0.815 0.798 0.770 0.729 0.681 0.632 0.585 0.535 0.479 0.413 0.342 0.276 0.215 0.159 0.110 0.074 0.050 0.035 0.025 0.019 0.015 0.012 0.009 0.008 0.006 0.004 0.003 0.002 0.001 0.001 0.000 0.000 0.000 0.000 0.000 0.000 0.000 0.000 0.000 0.000 0.000 0.000 0.000 0.000 0.000 0.000 0.000 0.000 0.000
0.001 0.001 0.001 0.002 0.002 0.002 0.003 0.003 0.004 0.004 0.004 0.005 0.006 0.007 0.011 0.019 0.036 0.070 0.128 0.217 0.336 0.465 0.588 0.692 0.770 0.816 0.833 0.834 0.829 0.812 0.779 0.733 0.680 0.625 0.571 0.514 0.449 0.372 0.289 0.210 0.143 0.091 0.056 0.035 0.023 0.015 0.011 0.008 0.006 0.005 0.004 0.003 0.003 0.002 0.001 0.001 0.000 0.000 0.000 0.000 0.000 0.000 0.000 0.000 0.000 0.000 0.000 0.000 0.000 0.000 0.000 0.000 0.000 0.000 0.000 0.000 0.000
0.001 0.001 0.002 0.002 0.003 0.003 0.004 0.005 0.006 0.007 0.007 0.008 0.010 0.013 0.020 0.035 0.066 0.118 0.198 0.304 0.427 0.539 0.636 0.718 0.780 0.818 0.836 0.840 0.836 0.818 0.781 0.727 0.659 0.583 0.507 0.432 0.353 0.267 0.184 0.118 0.072 0.043 0.026 0.016 0.010 0.007 0.005 0.004 0.003 0.002 0.002 0.001 0.001 0.001 0.000 0.000 0.000 0.000 0.000 0.000 0.000 0.000 0.000 0.000 0.000 0.000 0.000 0.000 0.000 0.000 0.000 0.000 0.000 0.000 0.000 0.000 0.000
0.001 0.002 0.002 0.003 0.004 0.006 0.007 0.009 0.010 0.012 0.013 0.014 0.017 0.020 0.029 0.048 0.085 0.147 0.235 0.347 0.463 0.560 0.645 0.718 0.777 0.814 0.831 0.834 0.827 0.802 0.753 0.679 0.582 0.469 0.363 0.271 0.193 0.130 0.083 0.051 0.031 0.018 0.011 0.007 0.005 0.003 0.002 0.002 0.001 0.001 0.001 0.000 0.000 0.000 0.000 0.000 0.000 0.000 0.000 0.000 0.000 0.000 0.000 0.000 0.000 0.000 0.000 0.000 0.000 0.000 0.000 0.000 0.000 0.000 0.000 0.000 0.000
0.001 0.002 0.004 0.005 0.008 0.011 0.014 0.016 0.018 0.020 0.021 0.021 0.022 0.025 0.033 0.052 0.092 0.157 0.246 0.358 0.468 0.561 0.639 0.702 0.745 0.766 0.768 0.758 0.735 0.695 0.631 0.540 0.416 0.285 0.186 0.120 0.077 0.049 0.031 0.020 0.012 0.008 0.005 0.003 0.002 0.001 0.001 0.001 0.000 0.000 0.000 0.000 0.000 0.000 0.000 0.000 0.000 0.000 0.000 0.000 0.000 0.000 0.000 0.000 0.000 0.000 0.000 0.000 0.000 0.000 0.000 0.000 0.000 0.000 0.000 0.000 0.000
0.002 0.004 0.007 0.010 0.015 0.020 0.024 0.027 0.028 0.028 0.027 0.025 0.025 0.027 0.034 0.052 0.091 0.154 0.241 0.350 0.451 0.532 0.588 0.619 0.628 0.612 0.580 0.541 0.498 0.447 0.384 0.304 0.210 0.130 0.076 0.045 0.027 0.017 0.011 0.007 0.005 0.003 0.002 0.001 0.001 0.001 0.000 0.000 0.000 0.000 0.000 0.000 0.000 0.000 0.000 0.000 0.000 0.000 0.000 0.000 0.000 0.000 0.000 0.000 0.000 0.000 0.000 0.000 0.000 0.000 0.000 0.000 0.000 0.000 0.000 0.000 0.000
