RESULTS/r.avaflow_results/22_results/22_ascii/22_hflow0033.asc
ncols 506
nrows 317
xllcenter 498237.50
yllcenter 5580050.00
cellsize 12.50
NODATA_value -9999.000
[rows 136 to 169 of 317, columns 154 to 230 of 506]
0.000 0.000 0.000 0.000 0.000 0.000 0.000 0.000 0.000 0.000 0.000 0.000 0.000 0.000 0.000 0.000 0.000 0.000 0.000 0.000 0.000 0.000 0.000 0.000 0.000 0.000 0.000 0.000 0.000 0.000 0.000 0.000 0.000 0.000 0.000 0.000 0.000 0.000 0.000 0.000 0.000 0.000 0.000 0.000 0.000 0.000 0.000 0.000 0.000 0.000 0.000 0.000 0.000 0.000 0.000 0.000 0.000 0.000 0.000 0.000 0.000 0.000 0.000 0.000 0.000 0.000 0.000 0.000 0.000 0.000 0.000 0.000 0.000 0.000 0.000 0.000 0.000
0.000 0.000 0.000 0.000 0.000 0.000 0.000 0.000 0.000 0.000 0.000 0.000 0.000 0.000 0.000 0.000 0.000 0.000 0.000 0.000 0.000 0.000 0.000 0.000 0.000 0.000 0.000 0.000 0.000 0.000 0.000 0.000 0.000 0.000 0.000 0.000 0.000 0.000 0.000 0.000 0.000 0.000 0.000 0.000 0.000 0.000 0.000 0.000 0.000 0.000 0.000 0.000 0.000 0.000 0.000 0.000 0.000 0.000 0.000 0.000 0.000 0.000 0.000 0.000 0.000 0.000 0.000 0.000 0.000 0.000 0.000 0.000 0.000 0.000 0.000 0.000 0.000
0.000 0.000 0.000 0.000 0.000 0.000 0.000 0.000 0.000 0.000 0.000 0.000 0.000 0.000 0.000 0.000 0.000 0.000 0.000 0.000 0.000 0.000 0.000 0.000 0.000 0.000 0.000 0.000 0.000 0.000 0.000 0.000 0.000 0.000 0.000 0.000 0.000 0.000 0.000 0.000 0.000 0.000 0.000 0.000 0.000 0.000 0.000 0.000 0.000 0.000 0.000 0.000 0.000 0.000 0.000 0.000 0.000 0.000 0.000 0.000 0.000 0.000 0.000 0.000 0.000 0.000 0.000 0.000 0.000 0.000 0.000 0.000 0.000 0.000 0.000 0.000 0.000
0.000 0.000 0.000 0.000 0.000 0.000 0.000 0.000 0.000 0.000 0.000 0.000 0.000 0.000 0.000 0.000 0.000 0.000 0.000 0.000 0.000 0.000 0.000 0.000 0.000 0.000 0.000 0.000 0.000 0.000 0.000 0.000 0.000 0.000 0.000 0.000 0.000 0.000 0.000 0.000 0.000 0.000 0.000 0.000 0.000 0.000 0.000 0.000 0.000 0.000 0.000 0.000 0.000 0.000 0.000 0.000 0.000 0.000 0.000 0.000 0.000 0.000 0.000 0.000 0.000 0.000 0.000 0.000 0.000 0.000 0.000 0.000 0.000 0.000 0.000 0.000 0.000
0.000 0.000 0.000 0.000 0.000 0.000 0.000 0.000 0.000 0.000 0.000 0.000 0.000 0.000 0.000 0.000 0.000 0.000 0.000 0.000 0.000 0.000 0.000 0.000 0.000 0.000 0.000 0.000 0.000 0.000 0.000 0.000 0.000 0.000 0.000 0.000 0.000 0.000 0.000 0.000 0.000 0.000 0.000 0.000 0.000 0.000 0.000 0.000 0.000 0.000 0.000 0.000 0.000 0.000 0.000 0.000 0.000 0.000 0.000 0.000 0.000 0.000 0.000 0.000 0.000 0.000 0.000 0.000 0.000 0.000 0.000 0.000 0.000 0.000 0.000 0.000 0.000
0.000 0.000 0.000 0.000 0.000 0.000 0.000 0.000 0.000 0.000 0.000 0.000 0.000 0.000 0.000 0.000 0.000 0.000 0.000 0.000 0.000 0.000 0.000 0.000 0.000 0.000 0.000 0.000 0.000 0.000 0.000 0.000 0.000 0.000 0.000 0.000 0.000 0.000 0.000 0.000 0.000 0.000 0.000 0.000 0.000 0.000 0.000 0.000 0.000 0.000 0.000 0.000 0.000 0.000 0.000 0.000 0.000 0.000 0.000 0.000 0.000 0.000 0.000 0.000 0.000 0.000 0.000 0.000 0.000 0.000 0.000 0.000 0.000 0.000 0.000 0.000 0.000
0.000 0.000 0.000 0.000 0.000 0.000 0.000 0.000 0.000 0.000 0.000 0.000 0.000 0.000 0.000 0.000 0.000 0.000 0.000 0.000 0.000 0.000 0.000 0.000 0.000 0.000 0.000 0.000 0.000 0.000 0.000 0.000 0.000 0.000 0.000 0.000 0.000 0.000 0.000 0.000 0.000 0.000 0.000 0.000 0.000 0.000 0.000 0.000 0.000 0.000 0.000 0.000 0.000 0.000 0.000 0.000 0.000 0.000 0.000 0.000 0.000 0.000 0.000 0.000 0.000 0.000 0.000 0.000 0.000 0.000 0.000 0.000 0.000 0.000 0.000 0.000 0.000
0.000 0.000 0.000 0.000 0.000 0.000 0.000 0.000 0.000 0.000 0.000 0.000 0.000 0.000 0.000 0.000 0.000 0.000 0.000 0.000 0.000 0.000 0.000 0.000 0.000 0.000 0.000 0.000 0.000 0.000 0.000 0.000 0.000 0.000 0.000 0.000 0.000 0.000 0.000 0.000 0.000 0.000 0.000 0.000 0.000 0.000 0.000 0.000 0.000 0.000 0.000 0.000 0.000 0.000 0.000 0.000 0.000 0.000 0.000 0.000 0.000 0.000 0.000 0.000 0.000 0.000 0.000 0.000 0.000 0.000 0.000 0.000 0.000 0.000 0.000 0.000 0.000
0.000 0.000 0.000 0.000 0.000 0.000 0.000 0.000 0.000 0.000 0.000 0.000 0.000 0.000 0.000 0.000 0.000 0.000 0.000 0.000 0.000 0.000 0.000 0.000 0.000 0.000 0.000 0.000 0.000 0.000 0.000 0.000 0.000 0.000 0.000 0.000 0.000 0.000 0.000 0.000 0.000 0.000 0.000 0.000 0.000 0.000 0.000 0.000 0.000 0.000 0.000 0.000 0.000 0.000 0.000 0.000 0.000 0.000 0.000 0.000 0.000 0.000 0.000 0.000 0.000 0.000 0.000 0.000 0.000 0.000 0.000 0.000 0.000 0.000 0.000 0.000 0.000
0.000 0.000 0.000 0.000 0.000 0.000 0.000 0.000 0.000 0.000 0.000 0.000 0.000 0.000 0.000 0.000 0.000 0.000 0.000 0.000 0.000 0.000 0.000 0.000 0.000 0.000 0.000 0.000 0.000 0.000 0.000 0.000 0.000 0.000 0.000 0.000 0.000 0.000 0.000 0.000 0.000 0.000 0.000 0.000 0.000 0.000 0.000 0.000 0.000 0.000 0.000 0.000 0.000 0.000 0.000 0.000 0.000 0.000 0.000 0.000 0.000 0.000 0.000 0.000 0.000 0.000 0.000 0.000 0.000 0.000 0.000 0.000 0.000 0.000 0.000 0.000 0.000
0.000 0.000 0.000 0.000 0.000 0.000 0.000 0.000 0.000 0.000 0.000 0.000 0.000 0.000 0.000 0.000 0.000 0.000 0.000 0.000 0.000 0.000 0.000 0.000 0.000 0.000 0.000 0.000 0.000 0.000 0.000 0.000 0.000 0.000 0.000 0.000 0.000 0.000 0.000 0.000 0.000 0.000 0.000 0.000 0.000 0.000 0.000 0.000 0.000 0.000 0.000 0.000 0.000 0.000 0.000 0.000 0.000 0.000 0.000 0.000 0.000 0.000 0.000 0.000 0.000 0.000 0.000 0.000 0.000 0.000 0.000 0.000 0.000 0.000 0.000 0.000 0.000
0.000 0.000 0.000 0.000 0.000 0.000 0.000 0.000 0.000 0.000 0.000 0.000 0.000 0.000 0.000 0.000 0.000 0.000 0.000 0.000 0.000 0.000 0.000 0.000 0.000 0.000 0.000 0.000 0.000 0.000 0.000 0.000 0.000 0.000 0.000 0.000 0.000 0.000 0.000 0.000 0.000 0.000 0.000 0.000 0.000 0.000 0.000 0.000 0.000 0.000 0.000 0.000 0.000 0.000 0.000 0.000 0.000 0.000 0.000 0.000 0.000 0.000 0.000 0.000 0.000 0.000 0.000 0.000 0.000 0.000 0.000 0.000 0.000 0.000 0.000 0.000 0.000
0.000 0.000 0.000 0.000 0.000 0.000 0.000 0.000 0.000 0.000 0.000 0.000 0.000 0.000 0.000 0.000 0.000 0.000 0.000 0.000 0.000 0.000 0.000 0.000 0.000 0.000 0.000 0.000 0.000 0.000 0.000 0.000 0.000 0.000 0.000 0.000 0.000 0.000 0.000 0.000 0.000 0.000 0.000 0.000 0.000 0.000 0.000 0.000 0.000 0.000 0.000 0.000 0.000 0.000 0.000 0.000 0.000 0.000 0.000 0.000 0.000 0.000 0.000 0.000 0.000 0.000 0.000 0.000 0.000 0.000 0.000 0.000 0.000 0.000 0.000 0.000 0.000
0.000 0.000 0.000 0.000 0.000 0.000 0.000 0.000 0.000 0.000 0.000 0.000 0.000 0.000 0.000 0.000 0.000 0.000 0.000 0.000 0.000 0.000 0.000 0.000 0.000 0.000 0.000 0.000 0.000 0.000 0.000 0.000 0.000 0.000 0.000 0.000 0.000 0.000 0.000 0.000 0.000 0.000 0.000 0.000 0.000 0.000 0.000 0.000 0.000 0.000 0.000 0.000 0.000 0.000 0.000 0.000 0.000 0.000 0.000 0.000 0.000 0.000 0.000 0.000 0.000 0.000 0.000 0.000 0.000 0.000 0.000 0.000 0.000 0.000 0.000 0.000 0.000
0.001 0.001 0.001 0.001 0.001 0.001 0.000 0.000 0.000 0.000 0.000 0.000 0.000 0.000 0.000 0.000 0.000 0.000 0.000 0.000 0.000 0.000 0.000 0.000 0.000 0.000 0.000 0.000 0.000 0.000 0.000 0.000 0.000 0.000 0.000 0.000 0.000 0.000 0.000 0.000 0.000 0.000 0.000 0.000 0.000 0.000 0.000 0.000 0.000 0.000 0.000 0.000 0.000 0.000 0.000 0.000 0.000 0.000 0.000 0.000 0.000 0.000 0.000 0.000 0.000 0.000 0.000 0.000 0.000 0.000 0.000 0.000 0.000 0.000 0.000 0.000 0.000
0.003 0.002 0.002 0.002 0.002 0.001 0.001 0.001 0.001 0.000 0.000 0.000 0.000 0.000 0.000 0.000 0.000 0.000 0.000 0.000 0.000 0.000 0.000 0.000 0.000 0.000 0.000 0.000 0.000 0.000 0.000 0.000 0.000 0.000 0.000 0.000 0.000 0.000 0.000 0.000 0.000 0.000 0.000 0.000 0.000 0.000 0.000 0.001 0.001 0.001 0.001 0.001 0.001 0.001 0.001 0.001 0.001 0.001 0.001 0.001 0.001 0.001 0.001 0.001 0.001 0.001 0.001 0.001 0.001 0.001 0.001 0.001 0.001 0.001 0.000 0.000 0.000
0.004 0.004 0.004 0.003 0.003 0.003 0.002 0.002 0.001 0.001 0.001 0.001 0.000 0.000 0.000 0.000 0.000 0.000 0.000 0.000 0.000 0.000 0.000 0.000 0.000 0.000 0.000 0.000 0.000 0.000 0.000 0.000 0.000 0.000 0.000 0.000 0.000 0.000 0.000 0.000 0.000 0.000 0.000 0.000 0.000 0.001 0.001 0.002 0.002 0.003 0.003 0.003 0.003 0.003 0.003 0.003 0.003 0.003 0.003 0.003 0.003 0.003 0.003 0.003 0.003 0.003 0.003 0.003 0.003 0.003 0.002 0.002 0.002 0.002 0.001 0.001 0.001
0.007 0.006 0.006 0.005 0.004 0.004 0.003 0.003 0.003 0.002 0.002 0.001 0.001 0.001 0.001 0.000 0.000 0.000 0.000 0.000 0.000 0.000 0.000 0.000 0.000 0.000 0.000 0.000 0.000 0.000 0.000 0.000 0.000 0.000 0.000 0.000 0.000 0.000 0.000 0.000 0.000 0.000 0.000 0.001 0.002 0.002 0.003 0.004 0.005 0.005 0.006 0.006 0.006 0.006 0.006 0.006 0.006 0.006 0.006 0.005 0.005 0.005 0.005 0.005 0.005 0.005 0.005 0.005 0.005 0.005 0.005 0.005 0.004 0.004 0.003 0.003 0.002
0.010 0.009 0.008 0.007 0.006 0.006 0.005 0.005 0.004 0.004 0.003 0.003 0.002 0.002 0.002 0.001 0.001 0.001 0.001 0.000 0.000 0.000 0.000 0.000 0.000 0.000 0.000 0.000 0.000 0.000 0.000 0.000 0.000 0.000 0.000 0.000 0.000 0.000 0.000 0.000 0.000 0.001 0.002 0.003 0.004 0.005 0.006 0.008 0.009 0.009 0.010 0.010 0.010 0.010 0.010 0.010 0.010 0.010 0.010 0.009 0.009 0.009 0.009 0.009 0.009 0.009 0.009 0.009 0.009 0.009 0.009 0.008 0.007 0.006 0.005 0.004 0.004
0.014 0.013 0.011 0.010 0.009 0.008 0.007 0.006 0.006 0.005 0.005 0.004 0.004 0.004 0.003 0.003 0.002 0.002 0.002 0.001 0.001 0.001 0.001 0.001 0.001 0.001 0.001 0.001 0.001 0.001 0.001 0.001 0.001 0.001 0.001 0.001 0.001 0.001 0.001 0.001 0.002 0.003 0.004 0.005 0.007 0.008 0.010 0.012 0.013 0.014 0.015 0.016 0.016 0.016 0.016 0.016 0.016 0.016 0.015 0.015 0.015 0.014 0.014 0.014 0.014 0.014 0.015 0.015 0.015 0.015 0.014 0.013 0.011 0.009 0.008 0.006 0.005
0.022 0.018 0.015 0.013 0.012 0.011 0.010 0.009 0.008 0.008 0.007 0.007 0.006 0.006 0.005 0.005 0.004 0.004 0.003 0.003 0.002 0.002 0.002 0.002 0.002 0.002 0.002 0.002 0.002 0.002 0.002 0.002 0.002 0.002 0.002 0.002 0.002 0.003 0.003 0.003 0.004 0.005 0.007 0.009 0.011 0.013 0.015 0.018 0.020 0.021 0.022 0.023 0.024 0.025 0.025 0.025 0.025 0.024 0.024 0.023 0.023 0.022 0.021 0.021 0.021 0.022 0.023 0.024 0.024 0.023 0.022 0.019 0.015 0.013 0.011 0.009 0.008
0.036 0.028 0.022 0.019 0.016 0.014 0.013 0.012 0.011 0.010 0.010 0.009 0.009 0.008 0.008 0.007 0.007 0.006 0.006 0.005 0.005 0.004 0.004 0.004 0.004 0.004 0.004 0.004 0.004 0.004 0.004 0.004 0.004 0.004 0.004 0.005 0.005 0.005 0.006 0.007 0.008 0.009 0.011 0.013 0.015 0.018 0.021 0.024 0.027 0.029 0.031 0.033 0.035 0.037 0.037 0.038 0.038 0.038 0.037 0.037 0.036 0.035 0.034 0.033 0.034 0.035 0.037 0.039 0.039 0.038 0.034 0.028 0.022 0.018 0.014 0.012 0.011
0.070 0.049 0.036 0.028 0.023 0.020 0.017 0.016 0.015 0.014 0.013 0.013 0.012 0.012 0.011 0.010 0.010 0.009 0.009 0.008 0.008 0.007 0.007 0.007 0.006 0.006 0.006 0.006 0.006 0.006 0.006 0.007 0.007 0.007 0.007 0.008 0.008 0.009 0.010 0.011 0.012 0.014 0.016 0.018 0.021 0.024 0.028 0.033 0.037 0.040 0.043 0.047 0.051 0.054 0.057 0.058 0.059 0.060 0.061 0.061 0.059 0.057 0.055 0.055 0.055 0.058 0.064 0.067 0.068 0.066 0.059 0.045 0.032 0.024 0.019 0.016 0.014
0.158 0.102 0.068 0.048 0.037 0.029 0.025 0.022 0.020 0.019 0.018 0.017 0.016 0.016 0.015 0.015 0.014 0.013 0.013 0.012 0.011 0.011 0.010 0.010 0.010 0.010 0.009 0.009 0.009 0.010 0.010 0.010 0.010 0.010 0.011 0.011 0.012 0.013 0.014 0.016 0.017 0.019 0.022 0.025 0.028 0.032 0.037 0.043 0.048 0.054 0.059 0.066 0.073 0.081 0.088 0.092 0.095 0.099 0.101 0.102 0.101 0.099 0.097 0.096 0.097 0.102 0.115 0.125 0.128 0.125 0.108 0.077 0.050 0.034 0.025 0.021 0.017
0.377 0.237 0.148 0.097 0.067 0.050 0.040 0.033 0.029 0.027 0.025 0.024 0.023 0.022 0.021 0.021 0.020 0.019 0.018 0.017 0.016 0.015 0.015 0.014 0.014 0.013 0.013 0.013 0.013 0.013 0.014 0.014 0.014 0.015 0.015 0.016 0.017 0.018 0.020 0.022 0.024 0.027 0.030 0.034 0.038 0.043 0.049 0.056 0.063 0.072 0.082 0.094 0.109 0.125 0.138 0.148 0.157 0.164 0.170 0.175 0.177 0.177 0.177 0.177 0.180 0.193 0.223 0.249 0.254 0.248 0.212 0.145 0.085 0.052 0.035 0.027 0.022
0.807 0.530 0.337 0.214 0.140 0.097 0.072 0.056 0.046 0.041 0.037 0.035 0.034 0.033 0.032 0.030 0.029 0.027 0.026 0.025 0.023 0.022 0.020 0.019 0.019 0.018 0.018 0.018 0.018 0.018 0.018 0.019 0.019 0.020 0.021 0.022 0.023 0.025 0.027 0.030 0.033 0.037 0.041 0.046 0.051 0.057 0.065 0.074 0.085 0.100 0.117 0.140 0.168 0.196 0.220 0.239 0.255 0.269 0.282 0.294 0.304 0.312 0.319 0.326 0.339 0.369 0.432 0.495 0.512 0.496 0.427 0.291 0.161 0.089 0.053 0.036 0.028
1.466 1.035 0.704 0.466 0.306 0.204 0.143 0.106 0.083 0.069 0.061 0.057 0.055 0.053 0.051 0.048 0.046 0.043 0.040 0.038 0.035 0.031 0.029 0.027 0.025 0.025 0.024 0.024 0.024 0.024 0.024 0.024 0.025 0.026 0.027 0.029 0.031 0.034 0.038 0.042 0.046 0.052 0.058 0.064 0.072 0.080 0.090 0.103 0.121 0.145 0.177 0.219 0.269 0.315 0.354 0.384 0.406 0.424 0.439 0.453 0.465 0.477 0.490 0.505 0.528 0.571 0.651 0.767 0.849 0.861 0.786 0.578 0.316 0.161 0.087 0.053 0.038
2.337 1.761 1.287 0.912 0.628 0.426 0.294 0.212 0.162 0.130 0.113 0.103 0.098 0.094 0.091 0.086 0.080 0.074 0.068 0.062 0.056 0.048 0.042 0.038 0.035 0.034 0.032 0.032 0.031 0.031 0.031 0.032 0.032 0.034 0.036 0.039 0.042 0.047 0.053 0.060 0.067 0.076 0.085 0.095 0.105 0.117 0.132 0.151 0.179 0.221 0.280 0.358 0.436 0.498 0.536 0.552 0.554 0.556 0.560 0.566 0.573 0.582 0.593 0.610 0.635 0.678 0.754 0.887 1.033 1.098 1.082 0.924 0.594 0.296 0.148 0.081 0.052
3.374 2.675 2.075 1.566 1.148 0.823 0.589 0.432 0.331 0.267 0.229 0.207 0.195 0.185 0.176 0.165 0.152 0.139 0.126 0.113 0.098 0.081 0.068 0.058 0.051 0.047 0.045 0.043 0.042 0.042 0.042 0.042 0.043 0.045 0.049 0.054 0.061 0.069 0.079 0.091 0.104 0.118 0.132 0.147 0.162 0.179 0.201 0.233 0.279 0.351 0.454 0.556 0.622 0.655 0.662 0.646 0.623 0.613 0.611 0.613 0.617 0.621 0.629 0.642 0.664 0.702 0.771 0.899 1.075 1.182 1.206 1.135 0.887 0.510 0.247 0.127 0.076
4.471 3.696 3.007 2.400 1.877 1.442 1.102 0.854 0.681 0.566 0.492 0.445 0.414 0.389 0.364 0.335 0.304 0.275 0.247 0.217 0.185 0.148 0.118 0.096 0.081 0.072 0.066 0.063 0.060 0.059 0.059 0.059 0.061 0.065 0.072 0.082 0.094 0.109 0.127 0.149 0.172 0.195 0.217 0.237 0.259 0.284 0.319 0.370 0.444 0.541 0.635 0.694 0.720 0.722 0.703 0.665 0.631 0.616 0.614 0.615 0.618 0.620 0.626 0.636 0.654 0.684 0.741 0.854 1.038 1.179 1.225 1.207 1.068 0.739 0.387 0.196 0.111
5.550 4.756 4.036 3.386 2.810 2.314 1.902 1.579 1.341 1.174 1.056 0.970 0.901 0.836 0.764 0.684 0.613 0.551 0.491 0.429 0.360 0.284 0.221 0.173 0.140 0.119 0.106 0.098 0.094 0.092 0.091 0.092 0.096 0.104 0.118 0.135 0.158 0.188 0.224 0.262 0.299 0.333 0.363 0.391 0.420 0.458 0.513 0.576 0.634 0.685 0.721 0.738 0.740 0.729 0.697 0.644 0.602 0.581 0.576 0.576 0.578 0.581 0.586 0.593 0.603 0.621 0.657 0.742 0.912 1.103 1.195 1.203 1.136 0.916 0.556 0.289 0.161
6.647 5.874 5.181 4.549 3.974 3.465 3.034 2.685 2.421 2.230 2.085 1.964 1.849 1.718 1.556 1.370 1.207 1.076 0.953 0.827 0.687 0.539 0.414 0.318 0.251 0.209 0.183 0.168 0.159 0.156 0.156 0.159 0.168 0.185 0.209 0.240 0.283 0.342 0.406 0.463 0.514 0.560 0.599 0.632 0.663 0.694 0.724 0.739 0.737 0.734 0.734 0.733 0.723 0.695 0.642 0.573 0.520 0.490 0.478 0.476 0.478 0.483 0.492 0.498 0.501 0.506 0.518 0.565 0.696 0.923 1.098 1.155 1.134 1.008 0.724 0.408 0.229
7.856 7.165 6.551 5.987 5.454 4.968 4.561 4.241 3.995 3.808 3.658 3.519 3.368 3.173 2.911 2.591 2.270 1.992 1.739 1.488 1.222 0.959 0.734 0.560 0.437 0.358 0.311 0.286 0.276 0.273 0.276 0.288 0.309 0.340 0.379 0.429 0.504 0.603 0.688 0.749 0.791 0.822 0.846 0.859 0.863 0.857 0.835 0.798 0.758 0.729 0.705 0.678 0.642 0.588 0.510 0.431 0.374 0.342 0.328 0.326 0.329 0.336 0.347 0.353 0.355 0.356 0.362 0.391 0.478 0.677 0.929 1.061 1.085 1.030 0.846 0.550 0.320
9.327 8.814 8.339 7.887 7.439 7.019 6.672 6.399 6.178 5.996 5.834 5.675 5.496 5.255 4.916 4.475 3.965 3.452 2.958 2.483 2.021 1.588 1.218 0.925 0.715 0.578 0.499 0.462 0.452 0.455 0.472 0.507 0.549 0.594 0.643 0.699 0.776 0.866 0.925 0.956 0.970 0.976 0.976 0.967 0.946 0.910 0.858 0.792 0.727 0.666 0.604 0.537 0.464 0.388 0.317 0.266 0.235 0.220 0.216 0.217 0.219 0.223 0.229 0.233 0.236 0.240 0.248 0.271 0.333 0.474 0.724 0.928 1.002 0.996 0.906 0.698 0.447
