RESULTS/r.avaflow_results/22_results/22_ascii/22_hflow30023.asc
ncols 506
nrows 317
xllcenter 498237.50
yllcenter 5580050.00
cellsize 12.50
NODATA_value -9999.000
[rows 136 to 169 of 317, columns 154 to 230 of 506]
0.000 0.000 0.000 0.000 0.000 0.000 0.000 0.000 0.000 0.000 0.000 0.000 0.000 0.000 0.000 0.000 0.000 0.000 0.000 0.000 0.000 0.000 0.000 0.000 0.000 0.000 0.000 0.000 0.000 0.000 0.000 0.000 0.000 0.000 0.000 0.000 0.000 0.000 0.000 0.000 0.000 0.000 0.000 0.000 0.000 0.000 0.000 0.000 0.000 0.000 0.000 0.000 0.000 0.000 0.000 0.000 0.000 0.000 0.000 0.000 0.000 0.000 0.000 0.000 0.000 0.000 0.000 0.000 0.000 0.000 0.000 0.000 0.000 0.000 0.000 0.000 0.000
0.000 0.000 0.000 0.000 0.000 0.000 0.000 0.000 0.000 0.000 0.000 0.000 0.000 0.000 0.000 0.000 0.000 0.000 0.000 0.000 0.000 0.000 0.000 0.000 0.000 0.000 0.000 0.000 0.000 0.000 0.000 0.000 0.000 0.000 0.000 0.000 0.000 0.000 0.000 0.000 0.000 0.000 0.000 0.000 0.000 0.000 0.000 0.000 0.000 0.000 0.000 0.000 0.000 0.000 0.000 0.000 0.000 0.000 0.000 0.000 0.000 0.000 0.000 0.000 0.000 0.000 0.000 0.000 0.000 0.000 0.000 0.000 0.000 0.000 0.000 0.000 0.000
0.000 0.000 0.000 0.000 0.000 0.000 0.000 0.000 0.000 0.000 0.000 0.000 0.000 0.000 0.000 0.000 0.000 0.000 0.000 0.000 0.000 0.000 0.000 0.000 0.000 0.000 0.000 0.000 0.000 0.000 0.000 0.000 0.000 0.000 0.000 0.000 0.000 0.000 0.000 0.000 0.000 0.000 0.000 0.000 0.000 0.000 0.000 0.000 0.000 0.000 0.000 0.000 0.000 0.000 0.000 0.000 0.000 0.000 0.000 0.000 0.000 0.000 0.000 0.000 0.000 0.000 0.000 0.000 0.000 0.000 0.000 0.000 0.000 0.000 0.000 0.000 0.000
0.000 0.000 0.000 0.000 0.000 0.000 0.000 0.000 0.000 0.000 0.000 0.000 0.000 0.000 0.000 0.000 0.000 0.000 0.000 0.000 0.000 0.000 0.000 0.000 0.000 0.000 0.000 0.000 0.000 0.000 0.000 0.000 0.000 0.000 0.000 0.000 0.000 0.000 0.000 0.000 0.000 0.000 0.000 0.000 0.000 0.000 0.000 0.000 0.000 0.000 0.000 0.000 0.000 0.000 0.000 0.000 0.000 0.000 0.000 0.000 0.000 0.000 0.000 0.000 0.000 0.000 0.000 0.000 0.000 0.000 0.000 0.000 0.000 0.000 0.000 0.000 0.000
0.000 0.000 0.000 0.000 0.000 0.000 0.000 0.000 0.000 0.000 0.000 0.000 0.000 0.000 0.000 0.000 0.000 0.000 0.000 0.000 0.000 0.000 0.000 0.000 0.000 0.000 0.000 0.000 0.000 0.000 0.000 0.000 0.000 0.000 0.000 0.000 0.000 0.000 0.000 0.000 0.000 0.000 0.000 0.000 0.000 0.000 0.000 0.000 0.000 0.000 0.000 0.000 0.000 0.000 0.000 0.000 0.000 0.000 0.000 0.000 0.000 0.000 0.000 0.000 0.000 0.000 0.000 0.000 0.000 0.000 0.000 0.000 0.000 0.000 0.000 0.000 0.000
0.000 0.000 0.000 0.000 0.000 0.000 0.000 0.000 0.000 0.000 0.000 0.000 0.000 0.000 0.000 0.000 0.000 0.000 0.000 0.000 0.000 0.000 0.000 0.000 0.000 0.000 0.000 0.000 0.000 0.000 0.000 0.000 0.000 0.000 0.000 0.000 0.000 0.000 0.000 0.000 0.000 0.000 0.000 0.000 0.000 0.000 0.000 0.000 0.000 0.000 0.000 0.000 0.000 0.000 0.000 0.000 0.000 0.000 0.000 0.000 0.000 0.000 0.000 0.000 0.000 0.000 0.000 0.000 0.000 0.000 0.000 0.000 0.000 0.000 0.000 0.000 0.000
0.000 0.000 0.000 0.000 0.000 0.000 0.000 0.000 0.000 0.000 0.000 0.000 0.000 0.000 0.000 0.000 0.000 0.000 0.000 0.000 0.000 0.000 0.000 0.000 0.000 0.000 0.000 0.000 0.000 0.000 0.000 0.000 0.000 0.000 0.000 0.000 0.000 0.000 0.000 0.000 0.000 0.000 0.000 0.000 0.000 0.000 0.000 0.000 0.000 0.000 0.000 0.000 0.000 0.000 0.000 0.000 0.000 0.000 0.000 0.000 0.000 0.000 0.000 0.000 0.000 0.000 0.000 0.000 0.000 0.000 0.000 0.000 0.000 0.000 0.000 0.000 0.000
0.000 0.000 0.000 0.000 0.000 0.000 0.000 0.000 0.000 0.000 0.000 0.000 0.000 0.000 0.000 0.000 0.000 0.000 0.000 0.000 0.000 0.000 0.000 0.000 0.000 0.000 0.000 0.000 0.000 0.000 0.000 0.000 0.000 0.000 0.000 0.000 0.000 0.000 0.000 0.000 0.000 0.000 0.000 0.000 0.000 0.000 0.000 0.000 0.000 0.000 0.000 0.000 0.000 0.000 0.000 0.000 0.000 0.000 0.000 0.000 0.000 0.000 0.000 0.000 0.000 0.000 0.000 0.000 0.000 0.000 0.000 0.000 0.000 0.000 0.000 0.000 0.000
0.000 0.000 0.000 0.000 0.000 0.000 0.000 0.000 0.000 0.000 0.000 0.000 0.000 0.000 0.000 0.000 0.000 0.000 0.000 0.000 0.000 0.000 0.000 0.000 0.000 0.000 0.000 0.000 0.000 0.000 0.000 0.000 0.000 0.000 0.000 0.000 0.000 0.000 0.000 0.000 0.000 0.000 0.000 0.000 0.000 0.000 0.000 0.000 0.000 0.000 0.000 0.000 0.000 0.000 0.000 0.000 0.000 0.000 0.000 0.000 0.000 0.000 0.000 0.000 0.000 0.000 0.000 0.000 0.000 0.000 0.000 0.000 0.000 0.000 0.000 0.000 0.000
0.000 0.000 0.000 0.000 0.000 0.000 0.000 0.000 0.000 0.000 0.000 0.000 0.000 0.000 0.000 0.000 0.000 0.000 0.000 0.000 0.000 0.000 0.000 0.000 0.000 0.000 0.000 0.000 0.000 0.000 0.000 0.000 0.000 0.000 0.000 0.000 0.000 0.000 0.000 0.000 0.000 0.000 0.000 0.000 0.000 0.000 0.000 0.000 0.000 0.000 0.000 0.000 0.000 0.000 0.000 0.000 0.000 0.000 0.000 0.000 0.000 0.000 0.000 0.000 0.000 0.000 0.000 0.000 0.000 0.000 0.000 0.000 0.000 0.000 0.000 0.000 0.000
0.000 0.000 0.000 0.000 0.000 0.000 0.000 0.000 0.000 0.000 0.000 0.000 0.000 0.000 0.000 0.000 0.000 0.000 0.000 0.000 0.000 0.000 0.000 0.000 0.000 0.000 0.000 0.000 0.000 0.000 0.000 0.000 0.000 0.000 0.000 0.000 0.000 0.000 0.000 0.000 0.000 0.000 0.000 0.000 0.000 0.000 0.000 0.000 0.000 0.000 0.000 0.000 0.000 0.000 0.000 0.000 0.000 0.000 0.000 0.000 0.000 0.000 0.000 0.000 0.000 0.000 0.000 0.000 0.000 0.000 0.000 0.000 0.000 0.000 0.000 0.000 0.000
0.000 0.000 0.000 0.000 0.000 0.000 0.000 0.000 0.000 0.000 0.000 0.000 0.000 0.000 0.000 0.000 0.000 0.000 0.000 0.000 0.000 0.000 0.000 0.000 0.000 0.000 0.000 0.000 0.000 0.000 0.000 0.000 0.000 0.000 0.000 0.000 0.000 0.000 0.000 0.000 0.000 0.000 0.000 0.000 0.000 0.000 0.000 0.000 0.000 0.000 0.000 0.000 0.000 0.000 0.000 0.000 0.000 0.000 0.000 0.000 0.000 0.000 0.000 0.000 0.000 0.000 0.000 0.000 0.000 0.000 0.000 0.000 0.000 0.000 0.000 0.000 0.000
0.000 0.000 0.000 0.000 0.000 0.000 0.000 0.000 0.000 0.000 0.000 0.000 0.000 0.000 0.000 0.000 0.000 0.000 0.000 0.000 0.000 0.000 0.000 0.000 0.000 0.000 0.000 0.000 0.000 0.000 0.000 0.000 0.000 0.000 0.000 0.000 0.000 0.000 0.000 0.000 0.000 0.000 0.000 0.000 0.000 0.000 0.000 0.000 0.000 0.000 0.000 0.000 0.000 0.000 0.000 0.000 0.000 0.000 0.000 0.000 0.000 0.000 0.000 0.000 0.000 0.000 0.000 0.000 0.000 0.000 0.000 0.000 0.000 0.000 0.000 0.000 0.000
0.000 0.000 0.000 0.000 0.000 0.000 0.000 0.000 0.000 0.000 0.000 0.000 0.000 0.000 0.000 0.000 0.000 0.000 0.000 0.000 0.000 0.000 0.000 0.000 0.000 0.000 0.000 0.000 0.000 0.000 0.000 0.000 0.000 0.000 0.000 0.000 0.000 0.000 0.000 0.000 0.000 0.000 0.000 0.000 0.000 0.000 0.000 0.000 0.000 0.000 0.000 0.000 0.000 0.000 0.000 0.000 0.000 0.000 0.000 0.000 0.000 0.000 0.000 0.000 0.000 0.000 0.000 0.000 0.000 0.000 0.000 0.000 0.000 0.000 0.000 0.000 0.000
0.001 0.001 0.001 0.001 0.001 0.001 0.000 0.000 0.000 0.000 0.000 0.000 0.000 0.000 0.000 0.000 0.000 0.000 0.000 0.000 0.000 0.000 0.000 0.000 0.000 0.000 0.000 0.000 0.000 0.000 0.000 0.000 0.000 0.000 0.000 0.000 0.000 0.000 0.000 0.000 0.000 0.000 0.000 0.000 0.000 0.000 0.000 0.000 0.000 0.000 0.000 0.000 0.000 0.000 0.000 0.000 0.000 0.000 0.000 0.000 0.000 0.000 0.000 0.000 0.000 0.000 0.000 0.000 0.000 0.000 0.000 0.000 0.000 0.000 0.000 0.000 0.000
0.003 0.002 0.002 0.002 0.002 0.001 0.001 0.001 0.001 0.000 0.000 0.000 0.000 0.000 0.000 0.000 0.000 0.000 0.000 0.000 0.000 0.000 0.000 0.000 0.000 0.000 0.000 0.000 0.000 0.000 0.000 0.000 0.000 0.000 0.000 0.000 0.000 0.000 0.000 0.000 0.000 0.000 0.000 0.000 0.000 0.000 0.000 0.001 0.001 0.001 0.001 0.002 0.002 0.002 0.002 0.002 0.002 0.002 0.002 0.002 0.002 0.002 0.002 0.002 0.002 0.002 0.002 0.002 0.002 0.002 0.002 0.001 0.001 0.001 0.001 0.001 0.000
0.004 0.004 0.004 0.003 0.003 0.002 0.002 0.002 0.001 0.001 0.001 0.001 0.000 0.000 0.000 0.000 0.000 0.000 0.000 0.000 0.000 0.000 0.000 0.000 0.000 0.000 0.000 0.000 0.000 0.000 0.000 0.000 0.000 0.000 0.000 0.000 0.000 0.000 0.000 0.000 0.000 0.000 0.000 0.000 0.001 0.001 0.002 0.002 0.003 0.004 0.004 0.005 0.005 0.005 0.005 0.005 0.005 0.005 0.005 0.005 0.005 0.005 0.005 0.005 0.005 0.005 0.005 0.005 0.005 0.005 0.005 0.004 0.004 0.003 0.002 0.002 0.001
0.007 0.006 0.005 0.005 0.004 0.004 0.003 0.003 0.003 0.002 0.002 0.002 0.001 0.001 0.001 0.000 0.000 0.000 0.000 0.000 0.000 0.000 0.000 0.000 0.000 0.000 0.000 0.000 0.000 0.000 0.000 0.000 0.000 0.000 0.000 0.000 0.000 0.000 0.000 0.000 0.000 0.000 0.001 0.001 0.002 0.003 0.004 0.006 0.007 0.008 0.009 0.010 0.010 0.011 0.011 0.011 0.011 0.011 0.011 0.011 0.011 0.011 0.011 0.011 0.011 0.011 0.011 0.010 0.010 0.010 0.010 0.009 0.008 0.006 0.005 0.004 0.003
0.010 0.009 0.008 0.007 0.006 0.006 0.005 0.005 0.004 0.004 0.003 0.003 0.003 0.002 0.002 0.002 0.001 0.001 0.001 0.001 0.000 0.000 0.000 0.000 0.000 0.000 0.000 0.000 0.000 0.000 0.000 0.000 0.000 0.000 0.000 0.000 0.000 0.000 0.000 0.000 0.001 0.001 0.002 0.004 0.005 0.007 0.008 0.010 0.012 0.014 0.016 0.017 0.018 0.019 0.019 0.019 0.019 0.019 0.019 0.019 0.019 0.019 0.019 0.019 0.019 0.019 0.019 0.019 0.019 0.018 0.017 0.016 0.014 0.011 0.009 0.007 0.005
0.014 0.012 0.011 0.010 0.009 0.008 0.007 0.007 0.006 0.006 0.005 0.005 0.005 0.004 0.004 0.003 0.003 0.003 0.002 0.002 0.001 0.001 0.001 0.001 0.001 0.001 0.001 0.001 0.001 0.001 0.001 0.001 0.001 0.001 0.001 0.001 0.001 0.001 0.001 0.002 0.003 0.004 0.005 0.007 0.009 0.011 0.014 0.016 0.019 0.022 0.025 0.027 0.029 0.031 0.031 0.032 0.032 0.032 0.032 0.032 0.032 0.032 0.031 0.031 0.031 0.031 0.032 0.032 0.032 0.032 0.030 0.027 0.022 0.017 0.013 0.011 0.008
0.020 0.018 0.015 0.014 0.012 0.011 0.010 0.010 0.009 0.008 0.008 0.008 0.007 0.007 0.006 0.006 0.005 0.005 0.004 0.004 0.003 0.003 0.003 0.002 0.002 0.002 0.002 0.002 0.002 0.002 0.002 0.002 0.002 0.003 0.003 0.003 0.003 0.004 0.004 0.005 0.006 0.008 0.010 0.012 0.015 0.018 0.021 0.025 0.029 0.034 0.038 0.042 0.046 0.049 0.051 0.053 0.054 0.055 0.055 0.055 0.055 0.055 0.054 0.053 0.053 0.053 0.055 0.056 0.057 0.056 0.053 0.046 0.035 0.026 0.020 0.016 0.012
0.031 0.026 0.022 0.019 0.017 0.015 0.014 0.013 0.012 0.012 0.011 0.011 0.010 0.010 0.010 0.009 0.009 0.008 0.007 0.007 0.006 0.006 0.005 0.005 0.005 0.005 0.005 0.005 0.005 0.005 0.005 0.005 0.005 0.005 0.006 0.006 0.006 0.007 0.008 0.009 0.011 0.013 0.015 0.018 0.022 0.026 0.031 0.036 0.042 0.049 0.056 0.063 0.070 0.077 0.083 0.088 0.091 0.095 0.098 0.099 0.099 0.099 0.097 0.095 0.095 0.096 0.100 0.104 0.105 0.105 0.100 0.085 0.060 0.041 0.029 0.022 0.018
0.053 0.041 0.033 0.028 0.024 0.021 0.019 0.018 0.017 0.016 0.016 0.015 0.015 0.014 0.014 0.013 0.013 0.012 0.011 0.011 0.010 0.009 0.009 0.008 0.008 0.008 0.008 0.008 0.008 0.008 0.008 0.008 0.009 0.009 0.009 0.010 0.011 0.012 0.013 0.015 0.017 0.020 0.023 0.027 0.031 0.037 0.043 0.051 0.060 0.070 0.081 0.092 0.105 0.120 0.134 0.145 0.155 0.164 0.174 0.182 0.185 0.185 0.183 0.180 0.180 0.183 0.192 0.203 0.207 0.206 0.197 0.164 0.109 0.068 0.045 0.032 0.024
0.101 0.074 0.056 0.044 0.036 0.031 0.027 0.025 0.023 0.022 0.022 0.021 0.021 0.020 0.019 0.019 0.018 0.018 0.017 0.016 0.015 0.014 0.013 0.013 0.012 0.012 0.012 0.012 0.012 0.012 0.012 0.013 0.013 0.014 0.014 0.015 0.016 0.018 0.020 0.022 0.025 0.029 0.033 0.038 0.044 0.051 0.060 0.071 0.084 0.099 0.115 0.134 0.156 0.182 0.210 0.234 0.256 0.277 0.298 0.320 0.336 0.346 0.349 0.349 0.350 0.358 0.380 0.407 0.417 0.416 0.397 0.330 0.212 0.121 0.072 0.047 0.034
0.211 0.150 0.107 0.079 0.062 0.050 0.042 0.037 0.034 0.032 0.031 0.030 0.029 0.029 0.028 0.027 0.026 0.025 0.024 0.023 0.022 0.020 0.019 0.018 0.018 0.017 0.017 0.017 0.017 0.017 0.018 0.018 0.019 0.019 0.020 0.022 0.024 0.026 0.028 0.031 0.035 0.040 0.046 0.053 0.062 0.072 0.084 0.099 0.117 0.138 0.164 0.194 0.232 0.278 0.327 0.371 0.410 0.448 0.487 0.530 0.572 0.604 0.626 0.642 0.656 0.680 0.731 0.804 0.836 0.831 0.789 0.661 0.428 0.231 0.126 0.074 0.049
0.454 0.321 0.224 0.159 0.117 0.090 0.073 0.061 0.053 0.049 0.046 0.045 0.044 0.042 0.041 0.040 0.038 0.037 0.035 0.033 0.032 0.029 0.027 0.025 0.024 0.024 0.024 0.024 0.024 0.024 0.024 0.025 0.025 0.027 0.028 0.030 0.033 0.036 0.039 0.044 0.050 0.057 0.065 0.076 0.088 0.102 0.120 0.140 0.166 0.199 0.239 0.291 0.356 0.432 0.512 0.583 0.647 0.708 0.770 0.834 0.897 0.949 0.988 1.020 1.052 1.096 1.177 1.318 1.448 1.490 1.444 1.251 0.858 0.454 0.231 0.124 0.074
0.922 0.668 0.473 0.333 0.238 0.177 0.136 0.110 0.092 0.081 0.075 0.072 0.070 0.068 0.066 0.063 0.061 0.058 0.054 0.051 0.048 0.043 0.039 0.036 0.034 0.033 0.032 0.032 0.032 0.032 0.032 0.033 0.034 0.036 0.038 0.041 0.045 0.050 0.056 0.063 0.072 0.083 0.096 0.111 0.129 0.150 0.175 0.205 0.244 0.296 0.365 0.455 0.566 0.690 0.808 0.906 0.980 1.035 1.080 1.123 1.164 1.201 1.235 1.269 1.309 1.363 1.453 1.615 1.843 1.996 2.029 1.924 1.520 0.878 0.425 0.212 0.116
1.665 1.253 0.924 0.669 0.482 0.353 0.267 0.210 0.173 0.148 0.134 0.127 0.122 0.118 0.115 0.110 0.104 0.098 0.091 0.085 0.077 0.067 0.058 0.052 0.048 0.046 0.045 0.044 0.044 0.044 0.044 0.045 0.046 0.049 0.052 0.057 0.064 0.072 0.082 0.094 0.108 0.125 0.146 0.170 0.198 0.228 0.265 0.311 0.373 0.459 0.579 0.739 0.912 1.063 1.161 1.212 1.235 1.246 1.260 1.276 1.294 1.313 1.336 1.364 1.404 1.460 1.549 1.705 1.968 2.209 2.312 2.298 2.068 1.449 0.743 0.358 0.185
2.670 2.079 1.600 1.211 0.906 0.680 0.521 0.413 0.339 0.291 0.260 0.243 0.232 0.224 0.215 0.205 0.192 0.178 0.164 0.150 0.133 0.112 0.094 0.081 0.072 0.067 0.064 0.063 0.062 0.062 0.062 0.063 0.065 0.069 0.076 0.084 0.096 0.109 0.126 0.146 0.171 0.200 0.234 0.271 0.311 0.356 0.411 0.484 0.586 0.733 0.930 1.124 1.264 1.341 1.370 1.362 1.335 1.315 1.310 1.312 1.318 1.329 1.344 1.367 1.402 1.454 1.535 1.681 1.939 2.229 2.384 2.415 2.322 1.911 1.157 0.571 0.288
3.780 3.071 2.471 1.965 1.549 1.222 0.975 0.798 0.673 0.587 0.531 0.495 0.469 0.447 0.425 0.397 0.367 0.337 0.307 0.276 0.241 0.199 0.162 0.134 0.115 0.104 0.098 0.095 0.093 0.093 0.093 0.094 0.098 0.106 0.118 0.134 0.154 0.177 0.207 0.243 0.285 0.333 0.384 0.439 0.496 0.562 0.649 0.770 0.928 1.107 1.273 1.383 1.437 1.450 1.433 1.391 1.339 1.307 1.293 1.290 1.289 1.291 1.297 1.310 1.331 1.365 1.425 1.540 1.766 2.097 2.335 2.410 2.378 2.140 1.544 0.839 0.429
4.840 4.123 3.483 2.920 2.437 2.037 1.718 1.475 1.300 1.177 1.090 1.025 0.970 0.916 0.854 0.781 0.709 0.645 0.581 0.516 0.442 0.360 0.289 0.235 0.197 0.175 0.162 0.155 0.152 0.151 0.151 0.154 0.162 0.177 0.199 0.228 0.263 0.305 0.357 0.418 0.486 0.559 0.634 0.710 0.792 0.893 1.023 1.158 1.277 1.370 1.434 1.466 1.473 1.460 1.423 1.358 1.283 1.231 1.201 1.186 1.176 1.170 1.167 1.167 1.167 1.174 1.198 1.263 1.425 1.748 2.117 2.299 2.320 2.196 1.790 1.118 0.601
5.895 5.225 4.625 4.084 3.599 3.179 2.833 2.566 2.370 2.231 2.124 2.031 1.938 1.827 1.685 1.515 1.351 1.211 1.078 0.944 0.797 0.646 0.516 0.416 0.347 0.304 0.280 0.268 0.264 0.263 0.265 0.274 0.291 0.319 0.355 0.401 0.459 0.532 0.620 0.715 0.816 0.920 1.021 1.115 1.206 1.294 1.376 1.429 1.454 1.459 1.462 1.460 1.444 1.405 1.334 1.234 1.129 1.050 0.999 0.969 0.951 0.939 0.930 0.918 0.896 0.875 0.870 0.891 0.987 1.245 1.696 2.039 2.151 2.118 1.878 1.360 0.798
7.027 6.471 5.979 5.528 5.106 4.727 4.416 4.177 4.002 3.870 3.758 3.648 3.522 3.349 3.109 2.806 2.485 2.190 1.916 1.649 1.376 1.114 0.889 0.713 0.590 0.514 0.473 0.455 0.450 0.452 0.464 0.488 0.524 0.570 0.625 0.694 0.784 0.898 1.020 1.131 1.230 1.320 1.399 1.463 1.509 1.539 1.546 1.524 1.490 1.453 1.418 1.374 1.313 1.225 1.109 0.972 0.845 0.750 0.688 0.654 0.637 0.627 0.618 0.606 0.588 0.576 0.576 0.594 0.663 0.841 1.210 1.652 1.882 1.928 1.825 1.505 1.016
8.377 8.026 7.708 7.407 7.111 6.837 6.609 6.430 6.285 6.159 6.039 5.912 5.757 5.535 5.210 4.780 4.272 3.741 3.221 2.726 2.255 1.822 1.452 1.159 0.948 0.815 0.746 0.722 0.721 0.738 0.778 0.832 0.889 0.949 1.011 1.078 1.158 1.263 1.361 1.435 1.495 1.549 1.594 1.620 1.628 1.613 1.576 1.518 1.442 1.354 1.253 1.139 1.008 0.865 0.726 0.607 0.523 0.469 0.438 0.422 0.413 0.405 0.397 0.386 0.376 0.373 0.377 0.395 0.449 0.579 0.847 1.269 1.573 1.683 1.681 1.542 1.218
