RESULTS/r.avaflow_results/22_results/22_ascii/22_hflow0031.asc
ncols 506
nrows 317
xllcenter 498237.50
yllcenter 5580050.00
cellsize 12.50
NODATA_value -9999.000
[rows 170 to 203 of 317, columns 77 to 153 of 506]
0.000 0.000 0.000 0.000 0.000 0.000 0.000 0.000 0.000 0.000 0.000 0.001 0.002 0.004 0.007 0.011 0.015 0.019 0.023 0.027 0.034 0.047 0.078 0.141 0.248 0.358 0.422 0.454 0.471 0.479 0.479 0.475 0.459 0.427 0.389 0.360 0.336 0.312 0.285 0.259 0.241 0.234 0.251 0.343 0.590 1.013 1.543 2.116 2.749 3.521 4.564 5.917 7.376 8.540 9.271 9.636 9.906 10.235 10.675 11.195 11.842 12.538 13.191 13.769 14.126 14.231 14.216 14.138 13.930 13.584 13.194 12.809 12.416 12.044 11.743 11.497 11.280
0.000 0.000 0.000 0.000 0.000 0.000 0.000 0.000 0.000 0.001 0.002 0.003 0.007 0.012 0.019 0.027 0.036 0.044 0.054 0.065 0.081 0.111 0.170 0.270 0.400 0.498 0.549 0.575 0.588 0.591 0.589 0.579 0.552 0.504 0.462 0.440 0.426 0.409 0.384 0.361 0.351 0.368 0.466 0.752 1.293 2.031 2.822 3.629 4.520 5.536 6.635 7.757 8.749 9.429 9.784 9.975 10.191 10.490 10.905 11.405 12.008 12.638 13.247 13.802 14.123 14.183 14.096 13.926 13.700 13.467 13.232 13.029 12.913 12.902 12.995 13.160 13.391
0.000 0.000 0.000 0.000 0.000 0.000 0.000 0.000 0.001 0.002 0.004 0.009 0.016 0.027 0.039 0.054 0.069 0.086 0.105 0.129 0.162 0.217 0.311 0.444 0.561 0.632 0.673 0.696 0.706 0.707 0.702 0.685 0.644 0.576 0.527 0.508 0.503 0.498 0.490 0.486 0.513 0.628 0.942 1.564 2.485 3.507 4.484 5.456 6.426 7.366 8.239 8.979 9.508 9.788 9.918 10.047 10.252 10.540 10.925 11.408 11.981 12.588 13.185 13.705 13.975 13.973 13.823 13.676 13.574 13.502 13.480 13.559 13.748 14.023 14.386 14.903 15.662
0.000 0.000 0.000 0.000 0.000 0.000 0.000 0.000 0.001 0.004 0.009 0.017 0.029 0.045 0.065 0.087 0.112 0.141 0.175 0.217 0.273 0.357 0.480 0.609 0.700 0.760 0.798 0.818 0.825 0.825 0.816 0.790 0.734 0.647 0.586 0.562 0.559 0.567 0.589 0.642 0.786 1.144 1.836 2.900 4.158 5.294 6.253 7.126 7.941 8.669 9.273 9.676 9.873 9.933 9.950 10.043 10.233 10.499 10.854 11.301 11.830 12.401 12.969 13.426 13.638 13.614 13.523 13.506 13.559 13.687 13.873 14.110 14.410 14.788 15.310 16.102 17.272
0.000 0.000 0.000 0.000 0.000 0.000 0.000 0.000 0.002 0.006 0.013 0.023 0.038 0.058 0.084 0.115 0.154 0.201 0.255 0.320 0.402 0.510 0.639 0.752 0.834 0.891 0.925 0.942 0.946 0.943 0.930 0.894 0.825 0.716 0.636 0.602 0.597 0.611 0.673 0.838 1.230 2.004 3.229 4.681 5.950 6.918 7.716 8.404 9.000 9.472 9.812 9.975 10.014 9.974 9.928 9.989 10.142 10.366 10.672 11.068 11.536 12.042 12.544 12.936 13.141 13.207 13.265 13.389 13.572 13.800 14.053 14.340 14.687 15.151 15.819 16.794 18.147
0.000 0.000 0.000 0.000 0.000 0.000 0.000 0.000 0.002 0.007 0.015 0.026 0.043 0.066 0.097 0.136 0.187 0.250 0.328 0.421 0.532 0.661 0.789 0.893 0.971 1.024 1.055 1.067 1.069 1.064 1.044 1.001 0.917 0.787 0.680 0.630 0.620 0.635 0.722 0.997 1.684 2.956 4.731 6.286 7.400 8.216 8.816 9.277 9.646 9.897 10.030 10.067 10.042 9.951 9.853 9.850 9.939 10.110 10.362 10.691 11.082 11.505 11.920 12.273 12.539 12.755 12.983 13.237 13.506 13.769 14.040 14.345 14.714 15.225 15.975 17.019 18.380
0.000 0.000 0.000 0.000 0.000 0.000 0.000 0.000 0.002 0.007 0.015 0.027 0.045 0.070 0.104 0.150 0.209 0.286 0.385 0.508 0.656 0.807 0.936 1.038 1.112 1.160 1.187 1.196 1.196 1.189 1.163 1.110 1.013 0.862 0.721 0.651 0.634 0.647 0.740 1.062 1.932 3.591 5.832 7.491 8.538 9.194 9.574 9.818 9.992 10.088 10.106 10.076 10.000 9.864 9.700 9.613 9.622 9.728 9.921 10.182 10.495 10.829 11.169 11.504 11.844 12.204 12.565 12.893 13.199 13.478 13.755 14.068 14.450 14.994 15.796 16.870 18.213
0.000 0.000 0.000 0.000 0.000 0.000 0.000 0.000 0.002 0.007 0.015 0.027 0.045 0.071 0.107 0.155 0.220 0.307 0.424 0.577 0.766 0.945 1.083 1.187 1.259 1.302 1.324 1.331 1.330 1.319 1.287 1.223 1.113 0.941 0.766 0.671 0.642 0.652 0.741 1.068 2.004 3.911 6.542 8.378 9.396 9.879 10.065 10.149 10.181 10.165 10.113 10.026 9.886 9.689 9.459 9.299 9.230 9.264 9.386 9.574 9.805 10.061 10.337 10.650 11.022 11.454 11.871 12.209 12.502 12.761 13.020 13.314 13.686 14.242 15.084 16.209 17.572
0.000 0.000 0.000 0.000 0.000 0.000 0.000 0.000 0.002 0.006 0.014 0.026 0.044 0.071 0.108 0.157 0.223 0.315 0.444 0.620 0.851 1.074 1.234 1.344 1.414 1.453 1.470 1.474 1.471 1.455 1.416 1.341 1.218 1.028 0.817 0.690 0.644 0.648 0.730 1.046 1.980 3.992 6.925 8.979 9.985 10.321 10.379 10.354 10.282 10.181 10.062 9.907 9.687 9.414 9.130 8.916 8.788 8.753 8.795 8.901 9.041 9.217 9.424 9.689 10.033 10.449 10.850 11.150 11.392 11.601 11.820 12.083 12.451 13.034 13.922 15.102 16.514
0.000 0.000 0.000 0.000 0.000 0.000 0.000 0.000 0.002 0.005 0.012 0.022 0.040 0.067 0.104 0.154 0.222 0.315 0.448 0.636 0.900 1.183 1.380 1.503 1.576 1.614 1.627 1.628 1.621 1.599 1.550 1.465 1.329 1.125 0.878 0.712 0.641 0.635 0.699 0.989 1.886 3.929 7.044 9.309 10.341 10.580 10.568 10.460 10.303 10.132 9.941 9.701 9.399 9.051 8.734 8.485 8.318 8.235 8.215 8.240 8.293 8.375 8.489 8.658 8.904 9.224 9.548 9.781 9.963 10.136 10.342 10.625 11.051 11.698 12.614 13.799 15.227
0.000 0.000 0.000 0.000 0.000 0.000 0.000 0.000 0.001 0.003 0.007 0.016 0.031 0.055 0.091 0.140 0.208 0.302 0.435 0.630 0.905 1.249 1.509 1.653 1.729 1.766 1.778 1.778 1.769 1.743 1.688 1.594 1.447 1.231 0.952 0.743 0.638 0.613 0.653 0.895 1.714 3.726 6.941 9.396 10.508 10.712 10.642 10.476 10.256 10.014 9.729 9.397 9.018 8.633 8.304 8.039 7.844 7.722 7.650 7.607 7.584 7.582 7.605 7.684 7.828 8.035 8.271 8.468 8.647 8.839 9.071 9.382 9.840 10.495 11.363 12.459 13.798
0.000 0.000 0.000 0.000 0.000 0.000 0.000 0.000 0.000 0.001 0.003 0.008 0.016 0.033 0.061 0.104 0.165 0.250 0.375 0.566 0.854 1.246 1.591 1.784 1.867 1.903 1.914 1.914 1.904 1.876 1.819 1.721 1.569 1.346 1.048 0.791 0.649 0.604 0.619 0.789 1.475 3.347 6.575 9.263 10.520 10.746 10.641 10.419 10.123 9.796 9.411 8.989 8.571 8.191 7.865 7.593 7.376 7.213 7.092 6.998 6.910 6.827 6.767 6.767 6.831 6.960 7.140 7.330 7.519 7.729 7.979 8.304 8.746 9.337 10.099 11.055 12.223
0.000 0.000 0.000 0.000 0.000 0.000 0.000 0.000 0.000 0.000 0.001 0.003 0.006 0.014 0.027 0.051 0.090 0.149 0.243 0.407 0.690 1.135 1.600 1.873 1.983 2.020 2.030 2.030 2.021 1.995 1.940 1.845 1.695 1.476 1.174 0.873 0.686 0.612 0.611 0.719 1.224 2.819 5.917 8.843 10.319 10.661 10.548 10.256 9.875 9.446 8.972 8.504 8.091 7.731 7.420 7.149 6.913 6.712 6.546 6.396 6.248 6.094 5.978 5.925 5.936 6.015 6.154 6.334 6.527 6.739 6.988 7.301 7.702 8.200 8.818 9.593 10.550
0.000 0.000 0.000 0.000 0.000 0.000 0.000 0.000 0.000 0.000 0.000 0.001 0.002 0.004 0.009 0.018 0.033 0.058 0.103 0.199 0.422 0.875 1.490 1.899 2.063 2.111 2.125 2.126 2.119 2.098 2.051 1.967 1.829 1.624 1.336 1.006 0.771 0.655 0.633 0.697 1.051 2.290 5.048 8.104 9.770 10.272 10.222 9.922 9.477 8.953 8.411 7.945 7.563 7.241 6.956 6.693 6.445 6.214 6.000 5.796 5.595 5.409 5.274 5.198 5.182 5.227 5.330 5.476 5.648 5.841 6.062 6.332 6.668 7.073 7.572 8.206 8.996
0.000 0.000 0.000 0.000 0.000 0.000 0.000 0.000 0.000 0.000 0.000 0.000 0.001 0.001 0.003 0.005 0.010 0.018 0.034 0.075 0.199 0.549 1.218 1.822 2.094 2.168 2.192 2.200 2.198 2.185 2.151 2.084 1.970 1.792 1.535 1.201 0.924 0.763 0.711 0.740 0.983 1.887 4.096 7.047 8.831 9.487 9.541 9.327 8.896 8.324 7.736 7.283 6.957 6.696 6.447 6.206 5.969 5.728 5.483 5.237 4.994 4.792 4.648 4.561 4.532 4.557 4.624 4.726 4.860 5.017 5.191 5.395 5.650 5.975 6.391 6.914 7.541
0.000 0.000 0.000 0.000 0.000 0.000 0.000 0.000 0.000 0.000 0.000 0.000 0.000 0.001 0.001 0.002 0.003 0.005 0.011 0.026 0.082 0.288 0.838 1.591 2.040 2.190 2.232 2.253 2.260 2.256 2.236 2.190 2.106 1.971 1.764 1.466 1.164 0.966 0.882 0.882 1.042 1.661 3.227 5.722 7.536 8.334 8.487 8.383 8.059 7.538 6.932 6.466 6.180 6.003 5.843 5.670 5.476 5.248 4.992 4.718 4.449 4.235 4.081 3.986 3.949 3.961 3.996 4.052 4.140 4.250 4.371 4.505 4.681 4.934 5.275 5.684 6.116
0.000 0.000 0.000 0.000 0.000 0.000 0.000 0.000 0.000 0.000 0.000 0.000 0.000 0.000 0.001 0.001 0.001 0.002 0.003 0.009 0.033 0.133 0.472 1.177 1.846 2.154 2.245 2.284 2.306 2.311 2.303 2.276 2.219 2.122 1.970 1.750 1.487 1.285 1.175 1.149 1.224 1.605 2.646 4.481 6.090 6.902 7.121 7.098 6.927 6.562 6.027 5.507 5.192 5.085 5.057 5.018 4.932 4.758 4.510 4.223 3.942 3.719 3.557 3.453 3.406 3.404 3.414 3.436 3.477 3.534 3.599 3.678 3.788 3.958 4.207 4.480 4.682
0.000 0.000 0.000 0.000 0.000 0.000 0.000 0.000 0.000 0.000 0.000 0.000 0.000 0.000 0.000 0.000 0.001 0.001 0.001 0.004 0.014 0.057 0.231 0.717 1.465 2.005 2.221 2.293 2.334 2.353 2.354 2.341 2.304 2.236 2.123 1.962 1.778 1.641 1.558 1.525 1.538 1.729 2.354 3.603 4.911 5.612 5.822 5.831 5.758 5.553 5.195 4.714 4.304 4.122 4.126 4.197 4.254 4.194 4.005 3.735 3.452 3.228 3.064 2.950 2.886 2.863 2.855 2.854 2.857 2.862 2.875 2.903 2.948 3.023 3.137 3.228 3.204
0.000 0.000 0.000 0.000 0.000 0.000 0.000 0.000 0.000 0.000 0.000 0.000 0.000 0.000 0.000 0.000 0.000 0.001 0.001 0.001 0.006 0.024 0.100 0.362 0.964 1.692 2.113 2.279 2.347 2.381 2.391 2.387 2.364 2.312 2.224 2.100 1.976 1.895 1.853 1.841 1.852 1.938 2.267 3.053 4.047 4.622 4.820 4.852 4.829 4.720 4.489 4.119 3.682 3.388 3.294 3.326 3.420 3.480 3.416 3.227 2.971 2.748 2.585 2.462 2.375 2.328 2.302 2.282 2.256 2.219 2.186 2.160 2.129 2.086 2.019 1.911 1.737
0.000 0.000 0.000 0.000 0.000 0.000 0.000 0.000 0.000 0.000 0.000 0.000 0.000 0.000 0.000 0.000 0.000 0.000 0.001 0.001 0.003 0.010 0.042 0.163 0.519 1.206 1.854 2.194 2.338 2.396 2.417 2.418 2.404 2.358 2.281 2.178 2.094 2.045 2.027 2.027 2.043 2.108 2.292 2.748 3.450 3.897 4.070 4.109 4.105 4.045 3.891 3.624 3.244 2.892 2.683 2.612 2.618 2.657 2.679 2.615 2.444 2.241 2.073 1.945 1.845 1.778 1.734 1.699 1.653 1.589 1.511 1.419 1.305 1.170 1.021 0.866 0.716
0.000 0.000 0.000 0.000 0.000 0.000 0.000 0.000 0.000 0.000 0.000 0.000 0.000 0.000 0.000 0.000 0.000 0.000 0.000 0.001 0.001 0.005 0.019 0.072 0.256 0.711 1.397 1.954 2.254 2.388 2.432 2.438 2.425 2.380 2.304 2.212 2.150 2.118 2.107 2.110 2.129 2.183 2.311 2.584 3.042 3.368 3.503 3.536 3.534 3.492 3.382 3.181 2.881 2.536 2.267 2.091 1.989 1.928 1.881 1.830 1.740 1.589 1.426 1.303 1.212 1.148 1.101 1.060 1.009 0.939 0.852 0.750 0.638 0.521 0.413 0.323 0.254
0.000 0.000 0.000 0.000 0.000 0.000 0.000 0.000 0.000 0.000 0.000 0.000 0.000 0.000 0.000 0.000 0.000 0.000 0.000 0.000 0.001 0.003 0.011 0.036 0.125 0.380 0.882 1.517 2.018 2.298 2.418 2.444 2.432 2.386 2.307 2.220 2.167 2.140 2.131 2.134 2.151 2.196 2.293 2.460 2.728 2.947 3.043 3.066 3.062 3.027 2.939 2.777 2.531 2.219 1.935 1.706 1.524 1.378 1.254 1.141 1.029 0.905 0.781 0.686 0.620 0.575 0.540 0.507 0.471 0.428 0.373 0.309 0.243 0.185 0.143 0.112 0.090
0.000 0.000 0.000 0.000 0.000 0.000 0.000 0.000 0.000 0.000 0.000 0.000 0.000 0.000 0.000 0.000 0.000 0.000 0.000 0.000 0.001 0.003 0.008 0.024 0.073 0.210 0.516 1.025 1.622 2.073 2.320 2.416 2.421 2.378 2.296 2.214 2.165 2.140 2.130 2.132 2.145 2.177 2.235 2.320 2.448 2.571 2.633 2.650 2.646 2.616 2.539 2.398 2.184 1.904 1.617 1.372 1.158 0.970 0.807 0.667 0.548 0.445 0.361 0.299 0.258 0.231 0.210 0.190 0.170 0.149 0.126 0.102 0.080 0.063 0.051 0.042 0.036
0.000 0.000 0.000 0.000 0.000 0.000 0.000 0.000 0.000 0.000 0.000 0.000 0.000 0.000 0.000 0.000 0.000 0.000 0.000 0.000 0.001 0.003 0.008 0.022 0.056 0.141 0.330 0.675 1.188 1.727 2.102 2.296 2.349 2.325 2.254 2.181 2.139 2.115 2.104 2.101 2.104 2.110 2.122 2.140 2.172 2.209 2.238 2.254 2.255 2.231 2.161 2.033 1.839 1.581 1.295 1.043 0.824 0.637 0.483 0.360 0.265 0.196 0.148 0.117 0.096 0.083 0.073 0.064 0.057 0.049 0.042 0.036 0.030 0.025 0.022 0.019 0.017
0.000 0.000 0.000 0.000 0.000 0.000 0.000 0.000 0.000 0.000 0.000 0.000 0.000 0.000 0.000 0.000 0.000 0.000 0.000 0.000 0.001 0.003 0.009 0.023 0.054 0.120 0.253 0.490 0.860 1.344 1.779 2.061 2.179 2.189 2.153 2.101 2.068 2.047 2.033 2.022 2.007 1.985 1.951 1.908 1.875 1.850 1.839 1.848 1.853 1.839 1.781 1.665 1.479 1.217 0.924 0.680 0.495 0.355 0.247 0.169 0.115 0.080 0.059 0.046 0.037 0.032 0.027 0.024 0.022 0.019 0.017 0.015 0.014 0.013 0.012 0.011 0.010
0.000 0.000 0.000 0.000 0.000 0.000 0.000 0.000 0.000 0.000 0.000 0.000 0.000 0.000 0.000 0.000 0.000 0.000 0.000 0.000 0.001 0.004 0.011 0.026 0.057 0.115 0.220 0.394 0.658 1.019 1.417 1.729 1.906 1.963 1.969 1.953 1.934 1.917 1.901 1.880 1.847 1.797 1.721 1.618 1.531 1.468 1.422 1.395 1.379 1.357 1.306 1.196 1.006 0.743 0.506 0.342 0.231 0.153 0.099 0.065 0.044 0.031 0.023 0.018 0.016 0.014 0.012 0.011 0.010 0.010 0.009 0.009 0.009 0.008 0.008 0.008 0.007
0.000 0.000 0.000 0.000 0.000 0.000 0.000 0.000 0.000 0.000 0.000 0.000 0.000 0.000 0.000 0.000 0.000 0.000 0.000 0.000 0.001 0.004 0.012 0.029 0.059 0.111 0.196 0.329 0.521 0.780 1.091 1.357 1.551 1.660 1.707 1.723 1.723 1.715 1.700 1.673 1.626 1.551 1.436 1.280 1.153 1.065 0.993 0.930 0.870 0.809 0.741 0.644 0.502 0.335 0.209 0.129 0.079 0.049 0.031 0.021 0.015 0.011 0.009 0.008 0.007 0.007 0.007 0.007 0.007 0.006 0.006 0.006 0.006 0.006 0.006 0.006 0.006
0.000 0.000 0.000 0.000 0.000 0.000 0.000 0.000 0.000 0.000 0.000 0.000 0.000 0.000 0.000 0.000 0.000 0.000 0.000 0.000 0.001 0.004 0.012 0.030 0.059 0.105 0.172 0.271 0.410 0.596 0.825 1.028 1.187 1.304 1.382 1.423 1.439 1.440 1.430 1.403 1.348 1.258 1.130 0.971 0.831 0.724 0.634 0.554 0.478 0.407 0.339 0.269 0.188 0.114 0.066 0.039 0.023 0.014 0.009 0.006 0.005 0.004 0.004 0.004 0.004 0.004 0.004 0.004 0.004 0.004 0.004 0.004 0.004 0.004 0.004 0.004 0.004
0.000 0.000 0.000 0.001 0.001 0.001 0.001 0.001 0.001 0.001 0.001 0.001 0.001 0.001 0.000 0.000 0.000 0.000 0.001 0.001 0.001 0.004 0.012 0.029 0.056 0.093 0.144 0.214 0.312 0.446 0.610 0.758 0.874 0.966 1.034 1.080 1.103 1.109 1.105 1.084 1.039 0.965 0.860 0.720 0.579 0.466 0.373 0.294 0.227 0.173 0.128 0.090 0.057 0.033 0.019 0.011 0.006 0.004 0.003 0.002 0.002 0.002 0.002 0.002 0.002 0.002 0.003 0.003 0.003 0.003 0.003 0.003 0.003 0.003 0.003 0.003 0.003
0.000 0.001 0.001 0.001 0.001 0.001 0.001 0.001 0.001 0.001 0.001 0.001 0.001 0.001 0.001 0.001 0.001 0.001 0.001 0.001 0.002 0.004 0.011 0.025 0.047 0.075 0.110 0.159 0.229 0.324 0.439 0.540 0.618 0.680 0.730 0.768 0.791 0.800 0.800 0.789 0.762 0.711 0.632 0.519 0.391 0.287 0.207 0.146 0.100 0.068 0.045 0.028 0.017 0.009 0.005 0.003 0.002 0.001 0.001 0.001 0.001 0.001 0.001 0.001 0.001 0.001 0.002 0.002 0.002 0.002 0.003 0.003 0.003 0.003 0.003 0.003 0.003
0.001 0.001 0.001 0.001 0.001 0.001 0.001 0.001 0.001 0.001 0.001 0.001 0.001 0.001 0.001 0.001 0.001 0.001 0.001 0.002 0.002 0.003 0.007 0.017 0.033 0.052 0.077 0.113 0.162 0.229 0.306 0.369 0.416 0.450 0.478 0.500 0.518 0.531 0.536 0.533 0.521 0.491 0.438 0.355 0.252 0.170 0.111 0.071 0.044 0.027 0.016 0.009 0.005 0.003 0.002 0.001 0.001 0.001 0.000 0.000 0.000 0.000 0.000 0.000 0.000 0.001 0.001 0.001 0.002 0.002 0.002 0.002 0.002 0.002 0.002 0.002 0.002
0.002 0.002 0.002 0.002 0.001 0.001 0.001 0.001 0.001 0.001 0.001 0.001 0.001 0.001 0.001 0.001 0.001 0.001 0.002 0.002 0.002 0.002 0.003 0.008 0.018 0.032 0.050 0.076 0.110 0.156 0.204 0.240 0.262 0.275 0.281 0.286 0.294 0.304 0.311 0.313 0.310 0.298 0.270 0.219 0.149 0.093 0.056 0.033 0.019 0.011 0.006 0.003 0.002 0.001 0.001 0.001 0.000 0.000 0.000 0.000 0.000 0.000 0.000 0.000 0.000 0.000 0.000 0.001 0.001 0.001 0.002 0.002 0.002 0.002 0.002 0.002 0.002
0.002 0.002 0.002 0.002 0.001 0.001 0.001 0.001 0.001 0.001 0.001 0.001 0.001 0.001 0.001 0.001 0.001 0.001 0.002 0.002 0.001 0.001 0.001 0.003 0.009 0.018 0.030 0.047 0.071 0.100 0.127 0.143 0.150 0.150 0.145 0.140 0.140 0.143 0.147 0.149 0.150 0.147 0.137 0.113 0.076 0.045 0.026 0.014 0.008 0.004 0.002 0.001 0.001 0.000 0.000 0.000 0.000 0.000 0.000 0.000 0.000 0.000 0.000 0.000 0.000 0.000 0.000 0.000 0.001 0.001 0.001 0.001 0.002 0.002 0.002 0.002 0.002
0.003 0.003 0.002 0.002 0.001 0.001 0.001 0.001 0.001 0.001 0.001 0.001 0.001 0.001 0.001 0.001 0.001 0.001 0.001 0.001 0.001 0.001 0.001 0.001 0.004 0.008 0.015 0.026 0.041 0.058 0.069 0.074 0.074 0.071 0.063 0.056 0.053 0.053 0.053 0.054 0.054 0.055 0.053 0.046 0.032 0.019 0.010 0.006 0.003 0.002 0.001 0.001 0.000 0.000 0.000 0.000 0.000 0.000 0.000 0.000 0.000 0.000 0.000 0.000 0.000 0.000 0.000 0.000 0.000 0.001 0.001 0.001 0.001 0.001 0.001 0.001 0.002
