RESULTS/r.avaflow_results/22_results/22_ascii/22_hflow_max0026.asc
ncols 506
nrows 317
xllcenter 498237.50
yllcenter 5580050.00
cellsize 12.50
NODATA_value -9999.000
[rows 170 to 203 of 317, columns 77 to 153 of 506]
0.000 0.000 0.000 0.000 0.000 0.000 0.000 0.000 0.000 0.000 0.001 0.003 0.005 0.009 0.013 0.019 0.025 0.033 0.042 0.054 0.072 0.100 0.142 0.233 0.368 0.463 0.528 0.582 0.651 0.871 1.201 1.518 1.822 2.119 2.413 2.707 3.058 3.513 3.978 4.302 4.436 4.500 4.610 4.844 5.286 5.929 6.592 7.261 7.941 8.422 8.791 9.200 10.168 12.313 15.454 19.460 23.224 26.690 30.521 34.276 37.314 39.356 39.914 39.331 37.795 35.479 33.406 31.479 29.740 28.144 26.614 25.395 24.529 23.841 23.281 22.807 22.381
0.000 0.000 0.000 0.000 0.000 0.000 0.000 0.000 0.000 0.001 0.003 0.006 0.011 0.017 0.025 0.035 0.046 0.059 0.075 0.096 0.125 0.166 0.245 0.400 0.531 0.625 0.719 0.849 1.094 1.579 2.012 2.351 2.617 2.854 3.090 3.341 3.637 4.046 4.491 4.829 5.023 5.195 5.451 5.818 6.370 7.080 7.839 8.732 9.651 10.233 10.547 10.838 11.468 12.877 15.367 19.091 23.255 27.544 32.177 36.361 39.329 40.838 41.089 40.091 38.259 36.026 33.839 31.836 30.139 28.707 27.600 26.737 26.085 25.570 25.254 25.238 25.528
0.000 0.000 0.000 0.000 0.000 0.000 0.000 0.000 0.000 0.002 0.006 0.011 0.019 0.029 0.042 0.057 0.074 0.095 0.121 0.153 0.196 0.254 0.369 0.530 0.672 0.812 0.985 1.282 1.905 2.463 2.840 3.077 3.257 3.430 3.607 3.809 4.069 4.396 4.770 5.145 5.458 5.768 6.167 6.665 7.342 8.189 9.094 10.153 11.153 11.783 12.067 12.240 12.469 13.059 14.904 18.218 22.463 27.425 32.596 36.941 39.703 41.099 41.169 40.052 38.149 36.011 33.937 32.102 30.692 29.549 28.558 27.756 27.111 26.684 26.669 27.118 28.016
0.000 0.000 0.000 0.000 0.000 0.000 0.000 0.000 0.001 0.004 0.009 0.017 0.028 0.043 0.062 0.084 0.110 0.141 0.178 0.224 0.283 0.357 0.447 0.613 0.790 1.003 1.312 1.921 2.683 3.191 3.490 3.660 3.771 3.884 4.029 4.200 4.402 4.648 4.926 5.271 5.663 6.102 6.618 7.245 8.068 9.089 10.166 11.268 12.189 12.789 13.074 13.159 13.115 13.337 14.363 16.934 20.891 26.145 31.973 36.421 39.053 40.421 40.488 39.441 37.549 35.724 33.919 32.361 31.194 30.240 29.368 28.524 27.867 27.665 27.919 28.737 29.880
0.000 0.000 0.000 0.000 0.000 0.000 0.000 0.000 0.001 0.005 0.011 0.021 0.035 0.054 0.078 0.108 0.145 0.190 0.243 0.305 0.380 0.471 0.578 0.699 0.888 1.159 1.563 2.354 3.220 3.733 4.016 4.160 4.223 4.270 4.393 4.559 4.664 4.815 5.020 5.281 5.656 6.142 6.737 7.479 8.436 9.585 10.762 11.896 12.764 13.323 13.572 13.637 13.599 13.498 13.660 15.358 18.793 24.291 30.465 34.942 37.713 38.994 39.078 38.066 36.694 35.241 33.739 32.502 31.567 30.663 29.756 28.871 28.222 28.089 28.635 29.592 30.779
0.000 0.000 0.000 0.000 0.000 0.000 0.000 0.000 0.001 0.005 0.012 0.023 0.039 0.060 0.089 0.126 0.173 0.232 0.304 0.387 0.484 0.595 0.724 0.867 1.011 1.279 1.737 2.590 3.588 4.171 4.477 4.593 4.626 4.641 4.707 4.830 4.873 4.921 5.042 5.220 5.505 5.962 6.636 7.904 8.876 9.716 10.944 12.073 12.971 13.506 13.692 13.803 13.743 13.367 12.881 13.585 16.426 21.661 28.067 32.708 35.570 36.832 36.917 36.315 35.482 34.392 33.099 32.124 31.214 30.388 29.518 28.584 28.056 28.072 28.555 29.639 30.775
0.000 0.000 0.000 0.000 0.000 0.000 0.000 0.000 0.001 0.005 0.012 0.024 0.040 0.063 0.095 0.137 0.192 0.264 0.354 0.464 0.590 0.732 0.891 1.059 1.211 1.378 1.954 2.958 3.855 4.543 4.888 4.978 4.994 4.997 4.991 4.998 4.993 4.977 5.009 5.101 5.303 5.707 6.954 8.322 9.326 10.057 10.903 12.070 12.959 13.438 13.634 13.731 13.580 13.052 12.228 12.390 14.955 19.369 25.193 29.950 32.767 34.140 34.507 34.325 33.772 32.857 31.712 30.865 29.939 28.929 27.976 27.130 26.755 26.892 27.713 29.021 30.455
0.000 0.000 0.000 0.000 0.000 0.000 0.000 0.000 0.001 0.005 0.012 0.024 0.041 0.064 0.097 0.141 0.202 0.283 0.391 0.527 0.691 0.878 1.074 1.254 1.406 1.524 2.560 3.513 4.255 4.875 5.238 5.335 5.331 5.284 5.186 5.088 5.034 4.998 5.002 5.060 5.219 5.610 7.371 8.988 9.831 10.237 10.872 11.906 12.752 13.199 13.433 13.452 13.177 12.617 11.660 11.712 13.852 17.594 22.508 26.965 29.626 31.230 31.793 31.735 31.236 30.358 29.296 28.466 27.471 26.318 25.108 24.281 24.062 24.531 25.607 27.410 29.322
0.000 0.000 0.000 0.000 0.000 0.000 0.000 0.000 0.001 0.005 0.012 0.023 0.040 0.063 0.096 0.142 0.204 0.291 0.410 0.569 0.771 1.008 1.235 1.427 1.581 2.100 3.176 4.058 4.704 5.190 5.527 5.622 5.586 5.460 5.320 5.171 5.071 5.003 5.004 5.079 5.227 5.810 7.701 9.369 10.125 10.306 10.916 11.630 12.433 12.893 13.058 13.038 12.713 12.070 11.084 11.025 12.765 15.953 20.106 23.722 26.314 27.796 28.307 28.177 27.667 26.843 25.926 24.855 23.672 22.411 21.379 20.878 20.940 21.477 22.835 24.988 27.339
0.000 0.000 0.000 0.000 0.000 0.000 0.000 0.000 0.001 0.004 0.010 0.021 0.036 0.060 0.092 0.138 0.201 0.289 0.413 0.585 0.819 1.106 1.369 1.575 1.735 2.770 3.766 4.524 5.117 5.517 5.751 5.800 5.727 5.597 5.421 5.227 5.098 5.040 5.040 5.134 5.320 5.973 7.802 9.518 10.232 10.344 10.903 11.381 11.991 12.452 12.587 12.518 12.172 11.489 10.485 10.353 11.663 14.250 17.651 20.284 22.603 23.765 24.065 23.785 23.350 22.764 22.026 21.124 20.017 18.834 18.020 17.691 17.884 18.707 20.112 22.369 24.898
0.000 0.000 0.000 0.000 0.000 0.000 0.000 0.000 0.001 0.003 0.008 0.016 0.029 0.050 0.080 0.123 0.184 0.272 0.399 0.579 0.834 1.167 1.472 1.697 2.104 3.369 4.303 4.936 5.419 5.759 5.915 5.912 5.832 5.688 5.498 5.291 5.195 5.186 5.177 5.239 5.426 6.069 7.750 9.523 10.241 10.337 10.841 11.258 11.531 11.938 12.030 11.951 11.559 10.843 9.822 9.679 10.639 12.568 15.205 17.082 18.736 19.524 19.506 19.370 19.098 18.673 18.150 17.339 16.283 15.375 14.866 14.839 15.228 16.116 17.663 19.716 22.233
0.000 0.000 0.000 0.000 0.000 0.000 0.000 0.000 0.000 0.002 0.004 0.009 0.018 0.033 0.057 0.093 0.146 0.227 0.349 0.534 0.805 1.183 1.543 1.793 2.819 3.919 4.701 5.249 5.624 5.893 6.015 6.001 5.916 5.782 5.643 5.483 5.375 5.350 5.378 5.392 5.498 6.099 7.495 9.363 10.139 10.330 10.710 10.977 11.258 11.439 11.429 11.302 10.873 10.142 9.128 8.900 9.525 10.891 12.810 14.385 15.398 15.728 15.697 15.517 15.245 14.880 14.343 13.584 12.721 12.183 11.932 12.041 12.557 13.562 15.006 16.922 19.023
0.000 0.000 0.000 0.000 0.000 0.000 0.000 0.000 0.000 0.001 0.002 0.004 0.009 0.018 0.032 0.056 0.093 0.151 0.256 0.433 0.714 1.132 1.570 2.319 3.540 4.396 4.978 5.414 5.729 5.956 6.101 6.121 6.045 5.950 5.893 5.791 5.678 5.609 5.603 5.571 5.587 6.086 7.194 8.923 9.786 10.275 10.508 10.722 10.846 10.895 10.833 10.571 10.063 9.304 8.342 7.975 8.252 9.040 10.320 11.707 12.447 12.608 12.405 12.071 11.728 11.330 10.809 10.152 9.621 9.328 9.243 9.420 9.946 10.895 12.238 13.818 15.667
0.000 0.000 0.000 0.000 0.000 0.000 0.000 0.000 0.000 0.000 0.001 0.002 0.004 0.008 0.015 0.028 0.049 0.085 0.156 0.301 0.562 0.989 1.893 3.118 4.109 4.767 5.183 5.496 5.786 6.014 6.172 6.257 6.240 6.160 6.133 6.122 6.083 5.985 5.892 5.792 5.733 5.994 7.134 8.322 9.447 10.067 10.324 10.395 10.383 10.307 10.102 9.694 9.052 8.260 7.362 6.998 7.005 7.329 8.090 9.068 9.610 9.703 9.512 9.203 8.842 8.434 7.935 7.381 7.002 6.835 6.811 6.990 7.462 8.259 9.356 10.737 12.246
0.000 0.000 0.000 0.000 0.000 0.000 0.000 0.000 0.000 0.000 0.000 0.001 0.002 0.004 0.007 0.012 0.023 0.051 0.141 0.348 0.757 1.482 2.625 3.788 4.546 5.038 5.335 5.551 5.824 6.094 6.251 6.372 6.441 6.433 6.443 6.483 6.508 6.448 6.319 6.131 5.929 5.813 7.016 8.176 9.119 9.662 10.009 10.036 9.920 9.676 9.238 8.573 7.779 7.002 6.318 6.040 5.888 5.920 6.291 6.826 7.183 7.255 7.128 6.901 6.600 6.231 5.769 5.285 4.960 4.802 4.765 5.010 5.306 5.782 6.643 7.814 9.054
0.000 0.000 0.000 0.000 0.000 0.000 0.000 0.000 0.000 0.000 0.000 0.000 0.001 0.001 0.003 0.009 0.032 0.099 0.268 0.625 1.254 2.207 3.330 4.240 4.870 5.217 5.417 5.590 5.833 6.125 6.509 6.619 6.568 6.694 6.838 6.958 7.004 6.970 6.832 6.556 6.193 5.914 6.832 7.912 8.643 9.188 9.468 9.484 9.307 8.856 8.126 7.210 6.316 5.712 5.401 5.186 5.021 4.936 4.987 5.175 5.329 5.351 5.241 5.067 4.827 4.526 4.139 3.731 3.569 3.722 3.902 4.103 4.334 4.612 4.951 5.433 6.461
0.000 0.000 0.000 0.000 0.000 0.000 0.000 0.000 0.000 0.000 0.000 0.000 0.000 0.002 0.006 0.019 0.062 0.187 0.490 1.086 2.017 3.065 3.958 4.602 5.092 5.351 5.470 5.601 5.813 6.295 6.645 6.769 6.796 6.847 7.122 7.348 7.445 7.424 7.237 6.920 6.493 6.013 6.506 7.436 8.059 8.501 8.638 8.603 8.337 7.710 6.754 5.574 4.987 4.753 4.583 4.437 4.279 4.119 4.015 3.984 3.971 3.925 3.810 3.656 3.461 3.228 2.935 2.842 2.913 3.009 3.129 3.269 3.428 3.627 3.881 4.190 4.569
0.000 0.000 0.000 0.000 0.000 0.000 0.000 0.000 0.000 0.000 0.000 0.000 0.001 0.004 0.012 0.038 0.119 0.344 0.853 1.780 2.986 3.903 4.477 4.916 5.263 5.448 5.524 5.577 5.710 6.063 6.456 6.663 6.772 6.819 7.198 7.510 7.636 7.613 7.486 7.154 6.611 5.969 6.004 6.739 7.366 7.600 7.599 7.430 7.002 6.233 5.105 4.559 4.174 3.911 3.744 3.621 3.520 3.397 3.232 3.100 2.987 2.875 2.748 2.596 2.429 2.255 2.262 2.284 2.315 2.358 2.416 2.491 2.583 2.700 2.866 3.039 3.137
0.000 0.000 0.000 0.000 0.000 0.000 0.000 0.000 0.000 0.000 0.000 0.001 0.003 0.009 0.025 0.076 0.224 0.604 1.408 2.744 3.983 4.655 4.986 5.197 5.391 5.512 5.560 5.562 5.581 5.665 5.989 6.173 6.327 6.549 6.940 7.317 7.553 7.590 7.397 6.949 6.293 5.523 5.320 6.003 6.402 6.483 6.367 6.028 5.439 4.583 4.277 3.919 3.526 3.230 3.037 2.906 2.798 2.693 2.568 2.408 2.239 2.101 1.969 1.844 1.797 1.768 1.750 1.757 1.788 1.813 1.840 1.866 1.898 1.946 2.011 2.048 2.055
0.000 0.000 0.000 0.000 0.000 0.000 0.000 0.000 0.000 0.000 0.001 0.003 0.007 0.018 0.051 0.146 0.407 1.015 2.170 3.778 4.892 5.374 5.509 5.542 5.551 5.566 5.559 5.534 5.436 5.307 5.294 5.387 5.629 5.990 6.399 6.750 6.858 6.654 6.258 5.758 5.172 4.502 4.726 5.060 5.219 5.199 4.983 4.568 4.032 3.850 3.653 3.364 3.008 2.700 2.477 2.318 2.192 2.076 1.956 1.819 1.666 1.533 1.536 1.582 1.583 1.529 1.470 1.467 1.494 1.510 1.517 1.527 1.545 1.576 1.617 1.614 1.576
0.000 0.000 0.000 0.000 0.000 0.000 0.000 0.000 0.001 0.001 0.003 0.006 0.014 0.036 0.097 0.269 0.702 1.625 3.176 4.748 5.693 6.019 6.040 5.921 5.777 5.623 5.548 5.390 5.172 4.888 4.711 4.755 4.955 5.209 5.283 5.012 4.410 3.961 3.770 3.532 3.699 3.890 3.985 4.016 4.010 3.944 3.753 3.516 3.383 3.277 3.109 2.874 2.577 2.280 2.039 1.849 1.694 1.557 1.425 1.294 1.363 1.406 1.425 1.435 1.424 1.362 1.267 1.225 1.232 1.245 1.264 1.287 1.304 1.326 1.352 1.344 1.321
0.000 0.000 0.000 0.000 0.000 0.000 0.000 0.001 0.002 0.003 0.006 0.012 0.028 0.068 0.176 0.465 1.144 2.478 4.299 5.678 6.383 6.566 6.497 6.269 5.992 5.765 5.475 5.123 4.770 4.453 4.219 4.117 4.105 3.902 3.368 3.240 3.211 3.177 3.226 3.327 3.394 3.354 3.275 3.223 3.170 3.097 2.998 2.952 2.885 2.781 2.634 2.438 2.192 1.919 1.674 1.466 1.289 1.134 1.148 1.268 1.343 1.377 1.383 1.372 1.321 1.221 1.120 1.069 1.058 1.065 1.105 1.147 1.172 1.195 1.205 1.198 1.184
0.000 0.000 0.000 0.000 0.000 0.001 0.002 0.003 0.004 0.006 0.012 0.024 0.051 0.120 0.300 0.755 1.772 3.590 5.360 6.477 6.952 7.014 6.901 6.588 6.202 5.814 5.347 4.869 4.423 4.051 3.685 3.298 3.260 3.197 3.114 3.111 3.070 3.040 3.034 3.004 2.914 2.832 2.780 2.721 2.662 2.613 2.566 2.513 2.440 2.342 2.211 2.042 1.830 1.581 1.341 1.133 0.952 1.003 1.180 1.296 1.352 1.368 1.363 1.330 1.252 1.123 1.019 0.970 0.961 0.978 1.025 1.085 1.124 1.146 1.155 1.140 1.117
0.000 0.000 0.000 0.001 0.002 0.003 0.004 0.005 0.007 0.011 0.021 0.042 0.090 0.203 0.483 1.159 2.608 4.692 6.257 7.048 7.363 7.430 7.191 6.844 6.349 5.713 5.149 4.587 4.020 3.432 2.769 2.711 2.840 2.932 3.000 3.006 2.971 2.853 2.633 2.594 2.555 2.498 2.422 2.346 2.277 2.219 2.162 2.100 2.028 1.937 1.819 1.668 1.476 1.246 1.024 0.834 0.779 1.002 1.183 1.302 1.351 1.356 1.353 1.311 1.210 1.066 0.964 0.915 0.912 0.958 1.018 1.077 1.129 1.150 1.150 1.134 1.098
0.000 0.001 0.001 0.003 0.004 0.005 0.007 0.009 0.011 0.019 0.035 0.072 0.151 0.332 0.760 1.730 3.623 5.652 6.882 7.417 7.672 7.617 7.437 6.987 6.257 5.535 4.803 4.061 3.253 2.419 1.971 2.434 2.740 2.868 2.923 2.926 2.878 2.746 2.500 2.289 2.235 2.159 2.072 1.978 1.898 1.829 1.766 1.705 1.636 1.553 1.445 1.307 1.131 0.920 0.723 0.561 0.772 0.987 1.163 1.285 1.336 1.348 1.335 1.278 1.164 1.021 0.930 0.887 0.903 0.981 1.061 1.114 1.159 1.182 1.183 1.161 1.116
0.001 0.002 0.003 0.005 0.006 0.008 0.011 0.013 0.018 0.032 0.060 0.119 0.246 0.528 1.163 2.555 4.695 6.372 7.193 7.668 7.785 7.730 7.469 6.810 5.973 5.034 4.032 3.021 2.028 1.694 2.085 2.517 2.763 2.831 2.860 2.862 2.802 2.641 2.338 1.972 1.910 1.811 1.682 1.572 1.493 1.430 1.377 1.324 1.263 1.187 1.087 0.959 0.795 0.609 0.452 0.541 0.775 0.978 1.153 1.276 1.322 1.331 1.313 1.238 1.106 0.981 0.911 0.888 0.932 1.041 1.132 1.184 1.214 1.232 1.235 1.217 1.175
0.003 0.004 0.005 0.007 0.010 0.012 0.015 0.020 0.030 0.054 0.102 0.199 0.400 0.832 1.791 3.658 5.682 6.784 7.342 7.632 7.749 7.688 7.121 6.253 5.054 3.763 2.550 1.564 1.511 1.793 2.220 2.562 2.772 2.842 2.839 2.823 2.741 2.522 2.167 1.855 1.677 1.569 1.483 1.400 1.288 1.132 0.997 0.949 0.895 0.830 0.744 0.634 0.498 0.360 0.373 0.559 0.810 1.015 1.172 1.282 1.321 1.320 1.289 1.195 1.054 0.954 0.906 0.907 0.992 1.134 1.225 1.272 1.299 1.317 1.321 1.307 1.272
0.004 0.006 0.008 0.011 0.014 0.017 0.022 0.030 0.050 0.092 0.175 0.333 0.642 1.285 2.750 4.891 6.244 6.912 7.285 7.476 7.499 7.025 6.091 4.602 3.148 1.882 1.419 1.427 1.567 1.884 2.324 2.620 2.774 2.849 2.856 2.827 2.705 2.426 2.022 1.761 1.635 1.541 1.462 1.387 1.278 1.101 0.856 0.629 0.556 0.505 0.443 0.367 0.278 0.273 0.385 0.586 0.852 1.073 1.227 1.308 1.331 1.322 1.272 1.144 1.016 0.945 0.913 0.942 1.071 1.242 1.350 1.398 1.422 1.443 1.451 1.443 1.430
0.007 0.009 0.012 0.015 0.019 0.024 0.032 0.048 0.085 0.159 0.298 0.554 1.027 1.974 3.795 5.582 6.438 6.793 7.058 7.157 6.665 5.422 3.701 2.246 1.631 1.468 1.400 1.435 1.625 1.991 2.408 2.669 2.767 2.812 2.843 2.808 2.645 2.303 1.899 1.684 1.590 1.520 1.453 1.372 1.252 1.071 0.821 0.594 0.442 0.341 0.272 0.225 0.224 0.279 0.399 0.617 0.896 1.124 1.287 1.364 1.371 1.336 1.264 1.121 1.009 0.957 0.958 1.017 1.188 1.373 1.491 1.562 1.602 1.621 1.636 1.643 1.641
0.011 0.014 0.017 0.022 0.027 0.035 0.049 0.079 0.143 0.268 0.500 0.914 1.647 2.875 4.577 5.778 6.330 6.577 6.688 6.223 4.835 3.080 2.149 1.779 1.561 1.441 1.399 1.467 1.695 2.098 2.458 2.669 2.739 2.763 2.771 2.737 2.555 2.170 1.803 1.636 1.549 1.489 1.440 1.371 1.242 1.037 0.783 0.570 0.428 0.336 0.269 0.221 0.229 0.290 0.420 0.658 0.950 1.180 1.344 1.420 1.424 1.380 1.284 1.123 1.031 1.023 1.040 1.134 1.342 1.543 1.666 1.748 1.822 1.863 1.874 1.862 1.814
0.016 0.020 0.025 0.031 0.039 0.052 0.078 0.132 0.240 0.444 0.810 1.431 2.324 3.593 4.902 5.676 6.027 6.219 5.883 4.614 3.191 2.421 1.987 1.695 1.510 1.421 1.405 1.507 1.763 2.177 2.520 2.683 2.729 2.740 2.725 2.647 2.413 2.023 1.725 1.598 1.531 1.482 1.440 1.366 1.227 1.009 0.752 0.545 0.413 0.329 0.267 0.222 0.234 0.299 0.443 0.706 1.013 1.245 1.398 1.467 1.467 1.425 1.311 1.156 1.094 1.092 1.131 1.279 1.528 1.742 1.885 1.962 2.021 2.054 2.041 1.980 1.902
0.023 0.029 0.036 0.044 0.057 0.080 0.126 0.221 0.399 0.725 1.269 1.961 2.763 3.932 4.903 5.363 5.671 5.636 4.990 3.758 2.747 2.205 1.856 1.620 1.467 1.397 1.417 1.548 1.826 2.229 2.532 2.686 2.720 2.728 2.705 2.578 2.294 1.886 1.641 1.540 1.493 1.463 1.428 1.356 1.209 0.982 0.723 0.526 0.401 0.320 0.261 0.221 0.238 0.308 0.460 0.746 1.079 1.317 1.454 1.505 1.492 1.447 1.316 1.192 1.167 1.179 1.265 1.494 1.765 1.954 2.096 2.180 2.200 2.184 2.121 2.051 1.944
0.033 0.041 0.049 0.061 0.082 0.123 0.204 0.359 0.644 1.121 1.708 2.283 2.980 4.008 4.684 5.029 5.161 4.960 4.219 3.221 2.483 2.049 1.751 1.541 1.416 1.374 1.417 1.565 1.874 2.267 2.525 2.656 2.702 2.712 2.679 2.538 2.194 1.790 1.576 1.487 1.448 1.427 1.400 1.328 1.189 0.963 0.698 0.512 0.395 0.317 0.258 0.218 0.244 0.318 0.483 0.786 1.140 1.388 1.517 1.553 1.531 1.464 1.324 1.248 1.250 1.298 1.450 1.749 2.013 2.163 2.259 2.318 2.320 2.254 2.184 2.068 1.906
0.044 0.055 0.067 0.087 0.123 0.192 0.321 0.555 0.946 1.467 1.946 2.385 3.037 3.898 4.369 4.634 4.642 4.379 3.757 2.888 2.305 1.938 1.672 1.485 1.390 1.365 1.420 1.573 1.890 2.287 2.535 2.658 2.700 2.706 2.675 2.488 2.083 1.715 1.547 1.467 1.430 1.413 1.390 1.313 1.164 0.933 0.667 0.490 0.385 0.312 0.254 0.216 0.249 0.327 0.512 0.835 1.197 1.456 1.596 1.627 1.581 1.499 1.356 1.320 1.339 1.427 1.652 1.987 2.216 2.331 2.379 2.393 2.364 2.316 2.192 2.007 1.714
