RESULTS/r.avaflow_results/22_results/22_ascii/22_hflow_max0053.asc
ncols 506
nrows 317
xllcenter 498237.50
yllcenter 5580050.00
cellsize 12.50
NODATA_value -9999.000
[rows 170 to 203 of 317, columns 231 to 307 of 506]
1.555 1.359 1.099 0.797 0.637 0.493 0.364 0.255 0.179 0.229 0.281 0.295 0.290 0.259 0.192 0.112 0.065 0.040 0.027 0.019 0.013 0.010 0.007 0.005 0.003 0.002 0.001 0.000 0.000 0.000 0.000 0.000 0.000 0.000 0.000 0.000 0.000 0.000 0.000 0.000 0.000 0.000 0.000 0.000 0.000 0.000 0.000 0.000 0.000 0.000 0.000 0.000 0.000 0.000 0.000 0.000 0.000 0.000 0.000 0.000 0.000 0.000 0.000 0.000 0.000 0.000 0.000 0.000 0.000 0.000 0.000 0.000 0.000 0.000 0.000 0.000 0.000
1.559 1.445 1.254 1.017 0.738 0.584 0.459 0.347 0.269 0.445 0.559 0.588 0.573 0.503 0.364 0.204 0.110 0.062 0.037 0.024 0.017 0.013 0.009 0.007 0.005 0.003 0.002 0.001 0.000 0.000 0.000 0.000 0.000 0.000 0.000 0.000 0.000 0.000 0.000 0.000 0.000 0.000 0.000 0.000 0.000 0.000 0.000 0.000 0.000 0.000 0.000 0.000 0.000 0.000 0.000 0.000 0.000 0.000 0.000 0.000 0.000 0.000 0.000 0.000 0.000 0.000 0.000 0.000 0.000 0.000 0.000 0.000 0.000 0.000 0.000 0.000 0.000
1.523 1.467 1.334 1.155 0.920 0.674 0.528 0.430 0.383 0.669 0.863 0.920 0.901 0.802 0.601 0.370 0.190 0.096 0.052 0.032 0.022 0.016 0.012 0.009 0.006 0.004 0.003 0.002 0.001 0.000 0.000 0.000 0.000 0.000 0.000 0.000 0.000 0.000 0.000 0.000 0.000 0.000 0.000 0.000 0.000 0.000 0.000 0.000 0.000 0.000 0.000 0.000 0.000 0.000 0.000 0.000 0.000 0.000 0.000 0.000 0.000 0.000 0.000 0.000 0.000 0.000 0.000 0.000 0.000 0.000 0.000 0.000 0.000 0.000 0.000 0.000 0.000
1.464 1.445 1.363 1.231 1.048 0.811 0.602 0.491 0.449 0.785 1.027 1.105 1.088 0.984 0.819 0.552 0.295 0.145 0.073 0.042 0.027 0.019 0.014 0.011 0.008 0.006 0.004 0.003 0.002 0.001 0.000 0.000 0.000 0.000 0.000 0.000 0.000 0.000 0.000 0.000 0.000 0.000 0.000 0.000 0.000 0.000 0.000 0.000 0.000 0.000 0.000 0.000 0.000 0.000 0.000 0.000 0.000 0.000 0.000 0.000 0.000 0.000 0.000 0.000 0.000 0.000 0.000 0.000 0.000 0.000 0.000 0.000 0.000 0.000 0.000 0.000 0.000
1.392 1.396 1.355 1.270 1.128 0.918 0.700 0.576 0.533 0.812 1.063 1.150 1.142 1.089 0.934 0.663 0.377 0.196 0.110 0.061 0.035 0.023 0.017 0.013 0.010 0.008 0.006 0.004 0.003 0.002 0.001 0.000 0.000 0.000 0.000 0.000 0.000 0.000 0.000 0.000 0.000 0.000 0.000 0.000 0.000 0.000 0.000 0.000 0.000 0.000 0.000 0.000 0.000 0.000 0.000 0.000 0.000 0.000 0.000 0.000 0.000 0.000 0.000 0.000 0.000 0.000 0.000 0.000 0.000 0.000 0.000 0.000 0.000 0.000 0.000 0.000 0.000
1.303 1.337 1.332 1.282 1.174 1.001 0.792 0.678 0.633 0.797 1.032 1.118 1.148 1.100 0.954 0.703 0.490 0.336 0.188 0.098 0.052 0.031 0.020 0.016 0.012 0.010 0.007 0.006 0.004 0.003 0.002 0.001 0.000 0.000 0.000 0.000 0.000 0.000 0.000 0.000 0.000 0.000 0.000 0.000 0.000 0.000 0.000 0.000 0.000 0.000 0.000 0.000 0.000 0.000 0.000 0.000 0.000 0.000 0.000 0.000 0.000 0.000 0.000 0.000 0.000 0.000 0.000 0.000 0.000 0.000 0.000 0.000 0.000 0.000 0.000 0.000 0.000
1.190 1.265 1.288 1.267 1.197 1.069 0.898 0.793 0.738 0.734 0.917 1.041 1.072 1.039 0.918 0.700 0.614 0.503 0.333 0.173 0.086 0.046 0.028 0.018 0.015 0.012 0.009 0.007 0.006 0.004 0.003 0.002 0.001 0.000 0.000 0.000 0.000 0.000 0.000 0.000 0.000 0.000 0.000 0.000 0.000 0.000 0.000 0.000 0.000 0.000 0.000 0.000 0.000 0.000 0.000 0.000 0.000 0.000 0.000 0.000 0.000 0.000 0.000 0.000 0.000 0.000 0.000 0.000 0.000 0.000 0.000 0.000 0.000 0.000 0.000 0.000 0.000
1.101 1.160 1.221 1.227 1.195 1.117 1.002 0.913 0.851 0.808 0.783 0.865 0.892 0.878 0.803 0.690 0.668 0.616 0.488 0.294 0.145 0.073 0.040 0.025 0.018 0.015 0.012 0.010 0.008 0.006 0.004 0.003 0.002 0.001 0.001 0.000 0.000 0.000 0.000 0.000 0.000 0.000 0.000 0.000 0.000 0.000 0.000 0.000 0.000 0.000 0.000 0.000 0.000 0.000 0.000 0.000 0.000 0.000 0.000 0.000 0.000 0.000 0.000 0.000 0.000 0.000 0.000 0.000 0.000 0.000 0.000 0.000 0.000 0.000 0.000 0.000 0.000
0.982 1.060 1.127 1.170 1.170 1.138 1.071 1.004 0.951 0.902 0.859 0.824 0.798 0.770 0.733 0.712 0.686 0.659 0.578 0.414 0.229 0.115 0.060 0.034 0.023 0.019 0.016 0.013 0.011 0.008 0.006 0.005 0.004 0.002 0.002 0.001 0.000 0.000 0.000 0.000 0.000 0.000 0.000 0.000 0.000 0.000 0.000 0.000 0.000 0.000 0.000 0.000 0.000 0.000 0.000 0.000 0.000 0.000 0.000 0.000 0.000 0.000 0.000 0.000 0.000 0.000 0.000 0.000 0.000 0.000 0.000 0.000 0.000 0.000 0.000 0.000 0.000
0.829 0.955 1.010 1.097 1.131 1.129 1.102 1.061 1.027 0.986 0.937 0.884 0.836 0.797 0.754 0.723 0.687 0.660 0.610 0.496 0.323 0.174 0.091 0.049 0.032 0.027 0.023 0.019 0.015 0.012 0.009 0.007 0.005 0.004 0.003 0.002 0.001 0.001 0.000 0.000 0.000 0.000 0.000 0.000 0.000 0.000 0.000 0.000 0.000 0.000 0.000 0.000 0.000 0.000 0.000 0.000 0.000 0.000 0.000 0.000 0.000 0.000 0.000 0.000 0.000 0.000 0.000 0.000 0.000 0.000 0.000 0.000 0.000 0.000 0.000 0.000 0.000
0.719 0.830 0.929 1.006 1.080 1.106 1.103 1.089 1.074 1.047 1.003 0.946 0.888 0.830 0.773 0.727 0.680 0.643 0.607 0.539 0.414 0.253 0.135 0.072 0.046 0.040 0.034 0.028 0.022 0.017 0.013 0.010 0.008 0.006 0.005 0.004 0.003 0.002 0.001 0.001 0.000 0.000 0.000 0.000 0.000 0.000 0.000 0.000 0.000 0.000 0.000 0.000 0.000 0.000 0.000 0.000 0.000 0.000 0.000 0.000 0.000 0.000 0.000 0.000 0.000 0.000 0.000 0.000 0.000 0.000 0.000 0.000 0.000 0.000 0.000 0.000 0.000
0.616 0.736 0.829 0.906 1.007 1.068 1.088 1.095 1.093 1.079 1.049 1.000 0.935 0.861 0.788 0.726 0.666 0.620 0.593 0.556 0.480 0.343 0.196 0.106 0.073 0.066 0.057 0.047 0.036 0.026 0.019 0.014 0.011 0.008 0.007 0.006 0.005 0.004 0.003 0.002 0.002 0.001 0.001 0.000 0.000 0.000 0.000 0.000 0.000 0.000 0.000 0.000 0.000 0.000 0.000 0.000 0.000 0.000 0.000 0.000 0.000 0.000 0.000 0.000 0.000 0.000 0.000 0.000 0.000 0.000 0.000 0.000 0.000 0.000 0.000 0.000 0.000
0.518 0.647 0.751 0.830 0.912 1.005 1.060 1.088 1.095 1.091 1.072 1.028 0.962 0.881 0.799 0.725 0.657 0.609 0.584 0.561 0.518 0.426 0.279 0.155 0.129 0.120 0.107 0.090 0.067 0.045 0.030 0.021 0.015 0.012 0.009 0.008 0.007 0.006 0.005 0.004 0.004 0.003 0.002 0.002 0.001 0.001 0.001 0.000 0.000 0.000 0.000 0.000 0.000 0.000 0.000 0.000 0.000 0.001 0.001 0.001 0.000 0.000 0.000 0.000 0.000 0.000 0.000 0.000 0.000 0.000 0.000 0.000 0.000 0.000 0.000 0.000 0.000
0.432 0.562 0.677 0.765 0.835 0.928 1.001 1.061 1.085 1.087 1.073 1.035 0.973 0.895 0.809 0.726 0.654 0.605 0.581 0.562 0.533 0.478 0.369 0.247 0.245 0.236 0.217 0.185 0.136 0.084 0.051 0.033 0.022 0.016 0.013 0.011 0.010 0.009 0.008 0.007 0.006 0.005 0.004 0.004 0.003 0.002 0.002 0.002 0.002 0.002 0.002 0.002 0.002 0.002 0.002 0.002 0.003 0.003 0.003 0.003 0.003 0.002 0.002 0.001 0.001 0.000 0.000 0.000 0.000 0.000 0.000 0.000 0.000 0.000 0.000 0.000 0.000
0.365 0.486 0.607 0.706 0.784 0.859 0.929 1.000 1.046 1.058 1.053 1.027 0.975 0.906 0.822 0.733 0.656 0.604 0.577 0.559 0.535 0.500 0.436 0.466 0.478 0.473 0.444 0.382 0.277 0.163 0.093 0.055 0.035 0.024 0.018 0.015 0.014 0.012 0.011 0.010 0.009 0.008 0.007 0.006 0.005 0.005 0.004 0.004 0.004 0.004 0.004 0.004 0.004 0.005 0.005 0.006 0.006 0.006 0.006 0.006 0.006 0.006 0.005 0.003 0.002 0.001 0.000 0.000 0.000 0.000 0.000 0.000 0.000 0.000 0.000 0.000 0.000
0.315 0.422 0.544 0.650 0.736 0.807 0.872 0.924 0.975 1.001 1.006 0.998 0.970 0.920 0.847 0.756 0.670 0.608 0.572 0.550 0.610 0.679 0.742 0.838 0.881 0.882 0.841 0.729 0.527 0.307 0.171 0.098 0.059 0.038 0.027 0.020 0.018 0.017 0.016 0.015 0.013 0.012 0.011 0.010 0.009 0.008 0.007 0.007 0.007 0.007 0.007 0.008 0.008 0.009 0.010 0.011 0.012 0.012 0.012 0.012 0.012 0.011 0.009 0.007 0.004 0.002 0.001 0.000 0.000 0.000 0.000 0.000 0.000 0.000 0.000 0.000 0.000
0.280 0.370 0.486 0.599 0.691 0.784 0.984 1.129 1.222 1.271 1.288 1.283 1.244 1.142 0.965 0.807 0.715 0.686 0.693 0.765 0.904 1.059 1.187 1.373 1.470 1.485 1.433 1.258 0.918 0.546 0.306 0.173 0.102 0.063 0.041 0.029 0.025 0.023 0.022 0.021 0.019 0.018 0.016 0.014 0.013 0.012 0.012 0.011 0.011 0.012 0.012 0.012 0.013 0.015 0.017 0.019 0.020 0.021 0.021 0.021 0.021 0.020 0.017 0.012 0.008 0.005 0.002 0.001 0.000 0.000 0.000 0.000 0.000 0.000 0.000 0.000 0.000
0.284 0.363 0.480 0.637 0.851 1.148 1.514 1.793 1.960 2.035 2.058 2.047 1.978 1.810 1.523 1.239 1.068 1.000 0.998 1.086 1.290 1.563 1.774 2.053 2.206 2.230 2.141 1.867 1.390 0.909 0.525 0.298 0.173 0.105 0.066 0.044 0.036 0.034 0.032 0.030 0.028 0.026 0.023 0.021 0.019 0.017 0.017 0.017 0.017 0.017 0.017 0.018 0.020 0.023 0.026 0.030 0.033 0.035 0.036 0.036 0.036 0.034 0.029 0.021 0.013 0.008 0.005 0.003 0.001 0.000 0.000 0.000 0.000 0.000 0.000 0.000 0.000
0.304 0.413 0.568 0.789 1.108 1.571 2.118 2.507 2.705 2.758 2.751 2.695 2.564 2.329 1.997 1.707 1.514 1.418 1.401 1.503 1.794 2.214 2.503 2.753 2.840 2.825 2.664 2.296 1.852 1.253 0.789 0.481 0.287 0.171 0.107 0.070 0.056 0.053 0.051 0.049 0.046 0.042 0.037 0.032 0.028 0.024 0.023 0.023 0.024 0.024 0.025 0.027 0.031 0.035 0.041 0.049 0.056 0.060 0.063 0.064 0.064 0.061 0.052 0.036 0.023 0.014 0.008 0.005 0.002 0.001 0.000 0.000 0.000 0.000 0.000 0.000 0.000
0.307 0.424 0.596 0.856 1.256 1.855 2.516 2.952 3.146 3.176 3.145 3.053 2.886 2.641 2.334 2.053 1.910 1.849 1.856 2.030 2.456 2.979 3.278 3.393 3.390 3.258 2.972 2.654 2.106 1.473 1.002 0.671 0.436 0.275 0.174 0.115 0.094 0.092 0.090 0.089 0.085 0.077 0.066 0.054 0.044 0.038 0.033 0.033 0.033 0.035 0.038 0.043 0.050 0.060 0.070 0.083 0.098 0.109 0.117 0.120 0.119 0.112 0.091 0.061 0.038 0.023 0.014 0.008 0.004 0.002 0.001 0.000 0.000 0.000 0.000 0.000 0.000
0.284 0.406 0.585 0.861 1.303 1.975 2.687 3.134 3.316 3.336 3.294 3.202 3.067 2.846 2.533 2.270 2.186 2.173 2.268 2.581 3.136 3.635 3.890 3.933 3.829 3.581 3.270 2.822 2.205 1.600 1.154 0.827 0.584 0.402 0.274 0.190 0.175 0.174 0.179 0.180 0.175 0.158 0.132 0.101 0.078 0.063 0.053 0.049 0.050 0.053 0.060 0.072 0.090 0.106 0.125 0.149 0.176 0.199 0.213 0.218 0.212 0.182 0.133 0.094 0.060 0.036 0.021 0.011 0.006 0.003 0.001 0.000 0.000 0.000 0.000 0.000 0.000
0.223 0.339 0.517 0.803 1.266 1.962 2.689 3.142 3.323 3.352 3.338 3.269 3.133 2.910 2.611 2.400 2.346 2.394 2.597 3.015 3.597 4.029 4.229 4.242 4.087 3.857 3.456 2.876 2.227 1.672 1.262 0.951 0.712 0.530 0.400 0.329 0.324 0.337 0.362 0.371 0.365 0.333 0.276 0.205 0.149 0.114 0.092 0.078 0.078 0.085 0.102 0.133 0.168 0.197 0.233 0.269 0.306 0.333 0.344 0.331 0.291 0.237 0.178 0.119 0.075 0.045 0.025 0.014 0.007 0.003 0.001 0.000 0.000 0.000 0.000 0.000 0.000
0.143 0.226 0.374 0.637 1.078 1.752 2.490 2.972 3.215 3.309 3.306 3.252 3.128 2.910 2.626 2.448 2.422 2.530 2.800 3.256 3.783 4.146 4.309 4.313 4.247 3.971 3.513 2.865 2.209 1.701 1.327 1.044 0.823 0.651 0.544 0.498 0.498 0.530 0.580 0.605 0.605 0.575 0.502 0.394 0.288 0.214 0.166 0.137 0.132 0.148 0.185 0.246 0.307 0.358 0.402 0.433 0.450 0.453 0.436 0.392 0.345 0.274 0.193 0.128 0.081 0.048 0.027 0.015 0.007 0.003 0.001 0.000 0.000 0.000 0.000 0.000 0.000
0.080 0.127 0.214 0.380 0.704 1.255 1.954 2.559 2.941 3.105 3.150 3.134 3.048 2.861 2.649 2.640 2.694 2.785 2.871 3.302 3.740 4.038 4.228 4.291 4.220 3.933 3.444 2.753 2.125 1.675 1.336 1.079 0.885 0.743 0.643 0.606 0.607 0.643 0.697 0.733 0.738 0.716 0.656 0.561 0.449 0.356 0.286 0.242 0.233 0.261 0.323 0.397 0.459 0.511 0.538 0.547 0.540 0.516 0.479 0.435 0.366 0.277 0.193 0.127 0.080 0.048 0.027 0.015 0.007 0.003 0.001 0.000 0.000 0.000 0.000 0.000 0.000
0.046 0.068 0.109 0.191 0.359 0.687 1.231 1.872 2.373 2.668 2.811 2.853 2.823 2.779 2.853 2.958 3.064 3.143 3.172 3.101 3.438 3.731 3.898 3.931 3.840 3.549 3.043 2.376 1.846 1.495 1.240 1.040 0.883 0.767 0.690 0.645 0.642 0.673 0.723 0.762 0.771 0.759 0.725 0.655 0.557 0.455 0.394 0.359 0.361 0.394 0.446 0.493 0.541 0.580 0.595 0.593 0.574 0.549 0.503 0.437 0.353 0.259 0.178 0.117 0.074 0.045 0.026 0.014 0.007 0.003 0.001 0.000 0.000 0.000 0.000 0.000 0.000
0.030 0.040 0.057 0.092 0.162 0.308 0.581 1.008 1.505 1.939 2.218 2.493 2.681 2.805 3.004 3.201 3.346 3.406 3.365 3.243 3.051 2.993 3.016 2.980 2.854 2.579 2.132 1.615 1.271 1.076 0.956 0.864 0.788 0.727 0.682 0.651 0.639 0.651 0.691 0.738 0.763 0.762 0.738 0.683 0.605 0.519 0.455 0.435 0.440 0.468 0.497 0.520 0.555 0.586 0.597 0.601 0.590 0.554 0.491 0.404 0.303 0.212 0.143 0.094 0.060 0.037 0.022 0.012 0.006 0.003 0.001 0.000 0.000 0.000 0.000 0.000 0.000
0.021 0.026 0.036 0.055 0.086 0.140 0.239 0.434 0.725 1.106 1.728 2.193 2.495 2.706 3.011 3.249 3.385 3.430 3.420 3.274 2.956 2.493 1.953 1.561 1.453 1.291 1.040 0.779 0.627 0.558 0.536 0.535 0.552 0.578 0.592 0.593 0.592 0.599 0.624 0.659 0.685 0.691 0.682 0.652 0.599 0.533 0.484 0.462 0.465 0.481 0.495 0.509 0.525 0.560 0.578 0.581 0.567 0.519 0.434 0.321 0.218 0.143 0.094 0.062 0.040 0.026 0.016 0.009 0.005 0.002 0.001 0.000 0.000 0.000 0.000 0.000 0.000
0.015 0.018 0.023 0.033 0.052 0.083 0.137 0.230 0.384 0.643 1.110 1.680 2.079 2.370 2.753 3.057 3.242 3.295 3.224 2.959 2.496 1.878 1.258 0.760 0.587 0.519 0.416 0.317 0.265 0.249 0.250 0.262 0.291 0.345 0.402 0.441 0.460 0.468 0.471 0.476 0.494 0.513 0.526 0.534 0.529 0.506 0.480 0.464 0.461 0.467 0.476 0.479 0.475 0.478 0.488 0.489 0.472 0.416 0.317 0.210 0.136 0.090 0.060 0.041 0.027 0.018 0.011 0.007 0.004 0.002 0.001 0.000 0.000 0.000 0.000 0.000 0.000
0.011 0.014 0.016 0.021 0.031 0.048 0.077 0.127 0.208 0.335 0.558 0.967 1.363 1.794 2.253 2.584 2.721 2.719 2.579 2.234 1.679 1.062 0.604 0.332 0.228 0.203 0.166 0.132 0.117 0.113 0.115 0.123 0.142 0.176 0.219 0.252 0.271 0.279 0.281 0.277 0.271 0.290 0.311 0.342 0.384 0.415 0.425 0.425 0.424 0.420 0.412 0.396 0.371 0.338 0.315 0.314 0.300 0.257 0.189 0.127 0.086 0.059 0.040 0.028 0.019 0.012 0.008 0.004 0.002 0.001 0.000 0.000 0.000 0.000 0.000 0.000 0.000
0.008 0.010 0.012 0.015 0.018 0.027 0.042 0.068 0.109 0.175 0.274 0.449 0.693 1.060 1.478 1.731 1.808 1.781 1.618 1.271 0.812 0.461 0.255 0.143 0.100 0.090 0.077 0.065 0.060 0.060 0.061 0.064 0.073 0.089 0.113 0.131 0.141 0.145 0.145 0.144 0.139 0.149 0.163 0.185 0.224 0.272 0.303 0.315 0.315 0.306 0.286 0.255 0.219 0.186 0.163 0.164 0.159 0.142 0.112 0.080 0.056 0.040 0.028 0.019 0.013 0.008 0.005 0.003 0.001 0.000 0.000 0.000 0.000 0.000 0.000 0.000 0.000
0.006 0.007 0.009 0.011 0.013 0.016 0.024 0.036 0.056 0.089 0.132 0.200 0.307 0.487 0.714 0.837 0.869 0.851 0.755 0.561 0.336 0.192 0.111 0.067 0.053 0.049 0.044 0.039 0.037 0.037 0.037 0.039 0.043 0.050 0.062 0.070 0.074 0.076 0.076 0.075 0.075 0.080 0.088 0.100 0.122 0.150 0.167 0.172 0.171 0.165 0.151 0.133 0.113 0.096 0.087 0.088 0.087 0.081 0.069 0.053 0.039 0.028 0.020 0.013 0.009 0.006 0.003 0.002 0.001 0.000 0.000 0.000 0.000 0.000 0.000 0.000 0.000
0.004 0.005 0.006 0.008 0.009 0.011 0.014 0.020 0.029 0.045 0.064 0.091 0.131 0.196 0.289 0.336 0.349 0.344 0.308 0.230 0.141 0.086 0.054 0.036 0.033 0.031 0.029 0.027 0.026 0.025 0.026 0.026 0.028 0.031 0.037 0.040 0.042 0.043 0.043 0.043 0.045 0.048 0.052 0.058 0.068 0.080 0.086 0.087 0.086 0.084 0.079 0.071 0.062 0.054 0.051 0.052 0.052 0.050 0.045 0.037 0.027 0.020 0.014 0.009 0.006 0.004 0.002 0.001 0.000 0.000 0.000 0.000 0.000 0.000 0.000 0.000 0.000
0.002 0.003 0.004 0.005 0.007 0.008 0.010 0.013 0.016 0.023 0.032 0.044 0.061 0.080 0.112 0.129 0.135 0.135 0.124 0.098 0.065 0.043 0.029 0.024 0.023 0.022 0.021 0.019 0.019 0.019 0.019 0.019 0.019 0.021 0.023 0.025 0.026 0.026 0.026 0.027 0.029 0.031 0.033 0.036 0.041 0.045 0.047 0.047 0.047 0.046 0.044 0.041 0.037 0.034 0.033 0.033 0.033 0.033 0.030 0.026 0.019 0.014 0.009 0.006 0.004 0.002 0.001 0.000 0.000 0.000 0.000 0.000 0.000 0.000 0.000 0.000 0.000
0.001 0.002 0.002 0.003 0.004 0.006 0.007 0.009 0.011 0.015 0.019 0.026 0.033 0.038 0.049 0.055 0.057 0.057 0.054 0.046 0.034 0.024 0.019 0.017 0.017 0.016 0.015 0.014 0.014 0.014 0.014 0.014 0.014 0.015 0.016 0.017 0.017 0.018 0.018 0.019 0.020 0.021 0.022 0.024 0.026 0.028 0.028 0.028 0.028 0.028 0.027 0.026 0.025 0.024 0.023 0.023 0.023 0.022 0.020 0.017 0.013 0.009 0.006 0.004 0.002 0.001 0.000 0.000 0.000 0.000 0.000 0.000 0.000 0.000 0.000 0.000 0.000
