RESULTS/r.avaflow_results/22_results/22_ascii/22_hflow30037.asc
ncols 506
nrows 317
xllcenter 498237.50
yllcenter 5580050.00
cellsize 12.50
NODATA_value -9999.000
[rows 170 to 203 of 317, columns 154 to 230 of 506]
9.234 9.166 9.066 8.939 8.781 8.611 8.458 8.327 8.209 8.096 7.980 7.858 7.712 7.499 7.159 6.654 6.003 5.261 4.490 3.736 3.029 2.388 1.840 1.407 1.093 0.887 0.772 0.727 0.725 0.743 0.779 0.812 0.831 0.841 0.847 0.860 0.886 0.915 0.926 0.921 0.900 0.869 0.837 0.805 0.767 0.716 0.644 0.555 0.465 0.380 0.304 0.244 0.202 0.171 0.151 0.139 0.134 0.134 0.137 0.141 0.144 0.147 0.149 0.151 0.153 0.157 0.167 0.191 0.248 0.368 0.568 0.723 0.781 0.780 0.721 0.578 0.391
11.515 11.753 11.879 11.916 11.895 11.834 11.734 11.607 11.464 11.311 11.151 10.985 10.805 10.570 10.201 9.623 8.829 7.863 6.788 5.681 4.621 3.651 2.812 2.137 1.638 1.297 1.082 0.967 0.921 0.916 0.934 0.948 0.950 0.942 0.927 0.920 0.923 0.930 0.929 0.914 0.880 0.833 0.785 0.737 0.681 0.604 0.497 0.375 0.272 0.201 0.156 0.128 0.110 0.099 0.094 0.092 0.094 0.098 0.103 0.106 0.108 0.108 0.108 0.108 0.108 0.111 0.118 0.137 0.178 0.263 0.421 0.611 0.717 0.750 0.741 0.679 0.540
14.044 14.676 15.035 15.174 15.185 15.138 15.031 14.886 14.721 14.543 14.353 14.160 13.960 13.720 13.366 12.799 11.961 10.862 9.574 8.187 6.792 5.456 4.251 3.241 2.457 1.885 1.488 1.235 1.094 1.027 0.998 0.984 0.971 0.954 0.930 0.912 0.902 0.892 0.875 0.838 0.774 0.697 0.624 0.552 0.471 0.373 0.269 0.186 0.133 0.102 0.083 0.072 0.065 0.063 0.062 0.064 0.069 0.075 0.080 0.082 0.083 0.082 0.081 0.080 0.080 0.082 0.087 0.100 0.130 0.188 0.299 0.481 0.643 0.719 0.737 0.722 0.653
15.840 16.810 17.397 17.680 17.779 17.795 17.746 17.658 17.536 17.383 17.200 17.001 16.794 16.557 16.229 15.700 14.903 13.840 12.560 11.113 9.540 7.912 6.304 4.872 3.689 2.758 2.064 1.582 1.277 1.102 1.013 0.971 0.942 0.912 0.876 0.840 0.807 0.773 0.729 0.655 0.548 0.444 0.360 0.292 0.232 0.174 0.125 0.090 0.069 0.056 0.049 0.045 0.043 0.043 0.044 0.047 0.052 0.059 0.063 0.065 0.065 0.064 0.063 0.063 0.063 0.064 0.068 0.077 0.097 0.136 0.210 0.349 0.542 0.678 0.726 0.730 0.703
16.761 17.953 18.767 19.266 19.567 19.751 19.853 19.887 19.852 19.762 19.608 19.405 19.185 18.949 18.649 18.175 17.445 16.445 15.209 13.792 12.226 10.512 8.640 6.741 5.066 3.697 2.650 1.907 1.425 1.141 0.990 0.905 0.845 0.792 0.735 0.674 0.614 0.550 0.477 0.385 0.290 0.221 0.173 0.138 0.108 0.082 0.062 0.049 0.040 0.035 0.033 0.031 0.031 0.032 0.033 0.036 0.041 0.047 0.051 0.052 0.053 0.052 0.052 0.051 0.052 0.053 0.057 0.063 0.077 0.102 0.151 0.244 0.418 0.606 0.699 0.722 0.714
16.966 18.255 19.243 19.975 20.524 20.937 21.230 21.398 21.452 21.425 21.303 21.084 20.845 20.621 20.359 19.960 19.337 18.448 17.285 15.872 14.242 12.407 10.341 8.066 5.993 4.296 3.001 2.091 1.501 1.142 0.927 0.785 0.677 0.582 0.493 0.416 0.355 0.303 0.250 0.193 0.145 0.110 0.086 0.069 0.055 0.044 0.036 0.031 0.027 0.025 0.024 0.024 0.024 0.025 0.026 0.029 0.033 0.038 0.041 0.043 0.044 0.044 0.044 0.045 0.045 0.047 0.050 0.055 0.064 0.081 0.114 0.177 0.301 0.494 0.638 0.694 0.703
16.824 18.157 19.236 20.099 20.817 21.401 21.825 22.085 22.203 22.215 22.117 21.873 21.624 21.432 21.217 20.888 20.365 19.595 18.527 17.136 15.444 13.483 11.245 8.731 6.415 4.538 3.125 2.145 1.511 1.103 0.825 0.623 0.468 0.351 0.268 0.214 0.180 0.153 0.126 0.098 0.076 0.060 0.048 0.039 0.033 0.028 0.024 0.022 0.021 0.020 0.020 0.020 0.020 0.021 0.022 0.024 0.027 0.030 0.033 0.036 0.037 0.038 0.039 0.040 0.041 0.043 0.046 0.050 0.057 0.069 0.092 0.135 0.218 0.367 0.538 0.636 0.671
16.311 17.739 18.956 19.963 20.786 21.429 21.878 22.151 22.286 22.312 22.223 21.967 21.715 21.550 21.365 21.067 20.591 19.887 18.891 17.544 15.831 13.793 11.458 8.848 6.459 4.532 3.091 2.098 1.439 0.991 0.673 0.444 0.290 0.195 0.139 0.109 0.092 0.079 0.066 0.053 0.043 0.036 0.030 0.026 0.022 0.020 0.018 0.017 0.017 0.017 0.017 0.017 0.017 0.018 0.019 0.020 0.022 0.024 0.027 0.029 0.032 0.033 0.035 0.037 0.038 0.040 0.043 0.047 0.052 0.061 0.078 0.108 0.164 0.262 0.411 0.543 0.616
15.443 16.989 18.352 19.513 20.447 21.131 21.566 21.809 21.918 21.935 21.844 21.601 21.345 21.168 20.973 20.669 20.210 19.555 18.621 17.316 15.616 13.552 11.153 8.504 6.134 4.232 2.821 1.851 1.206 0.766 0.462 0.271 0.164 0.105 0.074 0.059 0.050 0.043 0.037 0.032 0.027 0.024 0.021 0.019 0.017 0.015 0.014 0.014 0.014 0.014 0.014 0.014 0.014 0.015 0.015 0.016 0.018 0.020 0.022 0.024 0.027 0.029 0.031 0.034 0.036 0.038 0.041 0.044 0.049 0.056 0.069 0.091 0.129 0.194 0.296 0.425 0.531
14.296 15.931 17.390 18.639 19.630 20.332 20.756 20.952 21.001 20.973 20.868 20.684 20.447 20.188 19.887 19.511 19.030 18.398 17.515 16.252 14.550 12.437 9.976 7.420 5.214 3.472 2.195 1.330 0.780 0.444 0.248 0.143 0.087 0.057 0.042 0.035 0.030 0.027 0.024 0.021 0.019 0.018 0.016 0.015 0.013 0.012 0.012 0.012 0.011 0.012 0.012 0.012 0.012 0.012 0.013 0.013 0.014 0.016 0.017 0.019 0.022 0.025 0.028 0.030 0.033 0.036 0.038 0.042 0.046 0.052 0.062 0.079 0.106 0.151 0.220 0.317 0.426
12.891 14.532 16.017 17.296 18.320 19.053 19.489 19.652 19.645 19.554 19.454 19.361 19.170 18.800 18.318 17.805 17.250 16.572 15.637 14.294 12.476 10.231 7.769 5.493 3.633 2.233 1.265 0.677 0.363 0.200 0.115 0.071 0.047 0.034 0.027 0.023 0.020 0.019 0.017 0.016 0.015 0.014 0.013 0.012 0.011 0.010 0.010 0.009 0.009 0.009 0.009 0.009 0.010 0.010 0.010 0.011 0.011 0.012 0.014 0.016 0.018 0.021 0.024 0.027 0.030 0.033 0.036 0.040 0.044 0.049 0.058 0.071 0.093 0.125 0.174 0.243 0.331
11.231 12.771 14.244 15.557 16.657 17.483 17.987 18.170 18.152 18.044 17.964 17.905 17.710 17.251 16.619 15.955 15.259 14.406 13.216 11.553 9.366 6.928 4.718 3.047 1.868 1.064 0.557 0.279 0.147 0.085 0.054 0.038 0.028 0.022 0.019 0.017 0.015 0.014 0.013 0.012 0.012 0.011 0.010 0.009 0.009 0.008 0.008 0.008 0.007 0.007 0.007 0.007 0.007 0.008 0.008 0.008 0.009 0.010 0.011 0.012 0.014 0.017 0.020 0.023 0.027 0.030 0.034 0.038 0.042 0.047 0.055 0.067 0.085 0.112 0.149 0.199 0.263
9.397 10.759 12.190 13.557 14.765 15.716 16.332 16.595 16.615 16.535 16.432 16.289 15.985 15.444 14.730 13.934 13.034 11.856 10.197 7.969 5.603 3.613 2.209 1.304 0.745 0.404 0.207 0.107 0.062 0.041 0.029 0.023 0.019 0.016 0.014 0.013 0.012 0.011 0.010 0.010 0.009 0.009 0.008 0.008 0.007 0.007 0.006 0.006 0.006 0.006 0.006 0.006 0.006 0.006 0.006 0.006 0.006 0.007 0.008 0.009 0.011 0.013 0.016 0.019 0.023 0.027 0.031 0.035 0.040 0.045 0.053 0.065 0.082 0.105 0.135 0.173 0.220
7.667 8.767 10.010 11.337 12.579 13.597 14.301 14.656 14.734 14.673 14.465 14.112 13.603 12.942 12.146 11.204 10.034 8.418 6.291 4.193 2.582 1.461 0.790 0.433 0.243 0.136 0.076 0.046 0.031 0.023 0.019 0.016 0.013 0.012 0.011 0.010 0.009 0.009 0.008 0.008 0.007 0.007 0.006 0.006 0.006 0.005 0.005 0.005 0.005 0.005 0.004 0.004 0.004 0.004 0.004 0.004 0.005 0.005 0.006 0.007 0.009 0.011 0.013 0.016 0.020 0.024 0.028 0.033 0.038 0.044 0.053 0.065 0.081 0.102 0.128 0.159 0.195
6.038 6.833 7.752 8.807 9.847 10.725 11.374 11.745 11.855 11.790 11.485 10.920 10.149 9.253 8.284 7.201 5.902 4.367 2.827 1.643 0.872 0.443 0.233 0.135 0.082 0.052 0.034 0.024 0.019 0.016 0.013 0.011 0.010 0.009 0.008 0.008 0.007 0.007 0.006 0.006 0.006 0.005 0.005 0.005 0.005 0.004 0.004 0.004 0.004 0.004 0.003 0.003 0.003 0.003 0.003 0.003 0.003 0.003 0.004 0.005 0.007 0.008 0.011 0.013 0.017 0.021 0.025 0.030 0.036 0.043 0.052 0.065 0.081 0.101 0.125 0.152 0.184
4.466 4.905 5.379 5.908 6.445 6.930 7.324 7.572 7.657 7.603 7.301 6.698 5.876 4.993 4.171 3.377 2.532 1.635 0.913 0.462 0.231 0.125 0.075 0.050 0.035 0.026 0.020 0.016 0.013 0.011 0.010 0.009 0.008 0.007 0.006 0.006 0.005 0.005 0.005 0.005 0.004 0.004 0.004 0.004 0.004 0.004 0.004 0.003 0.003 0.003 0.003 0.002 0.002 0.002 0.002 0.002 0.002 0.002 0.003 0.003 0.005 0.006 0.008 0.011 0.014 0.018 0.023 0.028 0.034 0.042 0.052 0.065 0.081 0.100 0.123 0.150 0.181
2.989 3.130 3.282 3.435 3.562 3.669 3.755 3.805 3.808 3.760 3.580 3.216 2.670 2.065 1.577 1.166 0.781 0.449 0.233 0.121 0.070 0.045 0.032 0.025 0.020 0.016 0.013 0.011 0.010 0.008 0.007 0.006 0.006 0.005 0.005 0.004 0.004 0.004 0.004 0.003 0.003 0.003 0.003 0.003 0.003 0.003 0.003 0.003 0.003 0.003 0.002 0.002 0.001 0.001 0.001 0.001 0.001 0.001 0.001 0.002 0.003 0.005 0.007 0.009 0.012 0.016 0.020 0.026 0.032 0.040 0.051 0.063 0.079 0.099 0.122 0.149 0.181
1.758 1.739 1.735 1.723 1.684 1.624 1.570 1.527 1.486 1.434 1.338 1.166 0.909 0.643 0.456 0.318 0.204 0.119 0.068 0.043 0.030 0.023 0.019 0.016 0.013 0.011 0.009 0.008 0.007 0.006 0.005 0.005 0.004 0.004 0.003 0.003 0.003 0.003 0.003 0.003 0.003 0.003 0.003 0.003 0.003 0.003 0.003 0.003 0.003 0.003 0.002 0.002 0.001 0.001 0.000 0.000 0.000 0.000 0.001 0.001 0.002 0.003 0.005 0.007 0.010 0.013 0.018 0.023 0.030 0.038 0.048 0.061 0.076 0.096 0.120 0.150 0.186
0.893 0.834 0.789 0.746 0.692 0.622 0.560 0.512 0.474 0.439 0.398 0.342 0.261 0.181 0.128 0.091 0.062 0.041 0.029 0.022 0.018 0.015 0.013 0.011 0.009 0.008 0.007 0.006 0.005 0.004 0.004 0.003 0.003 0.003 0.003 0.002 0.002 0.002 0.002 0.002 0.002 0.003 0.003 0.003 0.003 0.003 0.003 0.003 0.003 0.003 0.002 0.001 0.001 0.000 0.000 0.000 0.000 0.000 0.000 0.001 0.001 0.002 0.003 0.005 0.007 0.011 0.015 0.020 0.026 0.034 0.044 0.056 0.071 0.090 0.116 0.149 0.191
0.389 0.351 0.323 0.297 0.267 0.229 0.194 0.168 0.149 0.134 0.119 0.102 0.080 0.059 0.045 0.034 0.027 0.021 0.017 0.014 0.012 0.010 0.009 0.008 0.006 0.005 0.005 0.004 0.003 0.003 0.003 0.002 0.002 0.002 0.002 0.002 0.002 0.002 0.002 0.002 0.002 0.003 0.003 0.003 0.003 0.003 0.003 0.003 0.003 0.003 0.002 0.001 0.001 0.000 0.000 0.000 0.000 0.000 0.000 0.000 0.000 0.001 0.002 0.003 0.005 0.008 0.012 0.016 0.022 0.029 0.038 0.048 0.062 0.081 0.108 0.144 0.189
0.155 0.139 0.127 0.115 0.102 0.085 0.070 0.060 0.053 0.048 0.043 0.038 0.033 0.027 0.022 0.019 0.016 0.014 0.012 0.010 0.008 0.007 0.006 0.005 0.004 0.004 0.003 0.003 0.002 0.002 0.002 0.002 0.002 0.002 0.002 0.002 0.002 0.002 0.002 0.003 0.003 0.003 0.003 0.004 0.004 0.004 0.004 0.004 0.003 0.003 0.002 0.001 0.000 0.000 0.000 0.000 0.000 0.000 0.000 0.000 0.000 0.000 0.001 0.002 0.004 0.006 0.008 0.012 0.017 0.022 0.029 0.038 0.049 0.066 0.091 0.126 0.173
0.062 0.056 0.051 0.047 0.041 0.035 0.030 0.026 0.024 0.023 0.021 0.020 0.018 0.017 0.015 0.013 0.011 0.010 0.008 0.007 0.006 0.005 0.004 0.004 0.003 0.003 0.002 0.002 0.002 0.002 0.002 0.002 0.002 0.002 0.002 0.002 0.002 0.003 0.003 0.004 0.004 0.005 0.005 0.005 0.005 0.005 0.005 0.004 0.003 0.002 0.001 0.001 0.000 0.000 0.000 0.000 0.000 0.000 0.000 0.000 0.000 0.000 0.000 0.001 0.002 0.004 0.006 0.009 0.012 0.016 0.021 0.027 0.035 0.047 0.065 0.093 0.135
0.027 0.025 0.024 0.022 0.020 0.018 0.016 0.015 0.014 0.014 0.013 0.013 0.012 0.012 0.010 0.009 0.008 0.007 0.006 0.005 0.004 0.003 0.003 0.003 0.002 0.002 0.002 0.002 0.002 0.002 0.002 0.002 0.003 0.003 0.003 0.003 0.004 0.005 0.005 0.006 0.006 0.006 0.006 0.006 0.006 0.005 0.005 0.004 0.003 0.002 0.001 0.001 0.000 0.000 0.000 0.000 0.000 0.000 0.000 0.000 0.000 0.000 0.000 0.001 0.001 0.003 0.004 0.006 0.008 0.011 0.015 0.019 0.025 0.032 0.042 0.059 0.084
0.014 0.014 0.013 0.013 0.012 0.011 0.011 0.010 0.010 0.010 0.009 0.009 0.009 0.008 0.008 0.007 0.006 0.005 0.004 0.003 0.003 0.003 0.002 0.002 0.002 0.002 0.002 0.003 0.003 0.003 0.004 0.004 0.004 0.005 0.006 0.006 0.007 0.007 0.008 0.008 0.008 0.007 0.007 0.006 0.006 0.005 0.005 0.004 0.003 0.002 0.001 0.001 0.000 0.000 0.000 0.000 0.000 0.000 0.000 0.000 0.000 0.000 0.000 0.000 0.001 0.001 0.003 0.004 0.006 0.008 0.011 0.014 0.017 0.022 0.028 0.037 0.051
0.009 0.009 0.009 0.009 0.008 0.008 0.008 0.007 0.007 0.007 0.007 0.007 0.007 0.006 0.006 0.005 0.004 0.003 0.003 0.002 0.002 0.002 0.002 0.002 0.003 0.003 0.004 0.004 0.005 0.006 0.007 0.008 0.008 0.009 0.009 0.010 0.010 0.010 0.009 0.009 0.008 0.007 0.007 0.006 0.006 0.005 0.004 0.003 0.002 0.001 0.001 0.000 0.000 0.000 0.000 0.000 0.000 0.000 0.000 0.000 0.000 0.000 0.000 0.000 0.000 0.001 0.001 0.002 0.004 0.005 0.007 0.010 0.012 0.016 0.020 0.025 0.032
0.006 0.006 0.006 0.006 0.006 0.006 0.006 0.006 0.005 0.005 0.005 0.005 0.005 0.004 0.004 0.003 0.002 0.002 0.002 0.002 0.002 0.002 0.003 0.003 0.004 0.005 0.007 0.009 0.010 0.011 0.012 0.012 0.012 0.012 0.012 0.011 0.011 0.010 0.009 0.009 0.008 0.007 0.006 0.006 0.005 0.004 0.003 0.002 0.001 0.001 0.001 0.000 0.000 0.000 0.000 0.000 0.000 0.000 0.000 0.000 0.000 0.000 0.000 0.000 0.000 0.000 0.001 0.001 0.002 0.003 0.005 0.007 0.009 0.011 0.014 0.018 0.022
0.005 0.005 0.005 0.005 0.005 0.005 0.004 0.004 0.004 0.004 0.004 0.004 0.003 0.003 0.002 0.002 0.002 0.002 0.002 0.002 0.002 0.003 0.004 0.006 0.008 0.011 0.013 0.014 0.015 0.015 0.015 0.014 0.014 0.013 0.013 0.012 0.011 0.010 0.009 0.008 0.007 0.006 0.005 0.004 0.004 0.003 0.002 0.001 0.001 0.001 0.000 0.000 0.000 0.000 0.000 0.000 0.000 0.000 0.000 0.000 0.000 0.000 0.000 0.000 0.000 0.000 0.000 0.001 0.001 0.002 0.003 0.005 0.006 0.008 0.010 0.013 0.016
0.004 0.004 0.004 0.004 0.004 0.003 0.003 0.003 0.003 0.003 0.003 0.002 0.002 0.002 0.002 0.001 0.001 0.002 0.002 0.003 0.004 0.005 0.008 0.011 0.014 0.016 0.017 0.018 0.018 0.017 0.016 0.015 0.014 0.013 0.013 0.012 0.011 0.010 0.009 0.008 0.006 0.005 0.004 0.003 0.002 0.002 0.001 0.001 0.001 0.000 0.000 0.000 0.000 0.000 0.000 0.000 0.000 0.000 0.000 0.000 0.000 0.000 0.000 0.000 0.000 0.000 0.000 0.000 0.000 0.001 0.002 0.003 0.004 0.006 0.007 0.009 0.012
0.003 0.003 0.003 0.003 0.003 0.003 0.002 0.002 0.002 0.002 0.002 0.002 0.001 0.001 0.001 0.001 0.002 0.002 0.003 0.004 0.007 0.010 0.012 0.015 0.017 0.018 0.019 0.019 0.018 0.017 0.016 0.015 0.014 0.013 0.012 0.011 0.010 0.009 0.008 0.006 0.005 0.003 0.002 0.002 0.001 0.001 0.001 0.001 0.000 0.000 0.000 0.000 0.000 0.000 0.000 0.000 0.000 0.000 0.000 0.000 0.000 0.000 0.000 0.000 0.000 0.000 0.000 0.000 0.000 0.000 0.001 0.002 0.003 0.004 0.005 0.007 0.008
0.002 0.002 0.002 0.002 0.002 0.002 0.002 0.002 0.002 0.001 0.001 0.001 0.001 0.001 0.001 0.001 0.002 0.003 0.005 0.007 0.010 0.012 0.015 0.017 0.018 0.019 0.019 0.019 0.018 0.017 0.016 0.015 0.013 0.012 0.011 0.010 0.009 0.007 0.005 0.004 0.003 0.002 0.001 0.001 0.001 0.001 0.001 0.000 0.000 0.000 0.000 0.000 0.000 0.000 0.000 0.000 0.000 0.000 0.000 0.000 0.000 0.000 0.000 0.000 0.000 0.000 0.000 0.000 0.000 0.000 0.000 0.001 0.001 0.002 0.003 0.004 0.006
0.002 0.002 0.002 0.002 0.001 0.001 0.001 0.001 0.001 0.001 0.001 0.001 0.001 0.001 0.001 0.002 0.003 0.004 0.006 0.009 0.011 0.014 0.015 0.017 0.018 0.018 0.018 0.018 0.018 0.017 0.016 0.014 0.012 0.010 0.009 0.007 0.006 0.004 0.003 0.002 0.002 0.001 0.001 0.001 0.001 0.001 0.000 0.000 0.000 0.000 0.000 0.000 0.000 0.000 0.000 0.000 0.000 0.000 0.000 0.000 0.000 0.000 0.000 0.000 0.000 0.000 0.000 0.000 0.000 0.000 0.000 0.000 0.000 0.001 0.002 0.003 0.004
0.001 0.001 0.001 0.001 0.001 0.001 0.001 0.001 0.001 0.001 0.001 0.001 0.001 0.001 0.001 0.002 0.003 0.005 0.007 0.010 0.012 0.014 0.015 0.017 0.017 0.018 0.018 0.017 0.017 0.016 0.014 0.011 0.009 0.007 0.005 0.004 0.003 0.002 0.002 0.001 0.001 0.001 0.001 0.001 0.000 0.000 0.000 0.000 0.000 0.000 0.000 0.000 0.000 0.000 0.000 0.000 0.000 0.000 0.000 0.000 0.000 0.000 0.000 0.000 0.000 0.000 0.000 0.000 0.000 0.000 0.000 0.000 0.000 0.000 0.001 0.001 0.002
0.001 0.001 0.001 0.001 0.001 0.001 0.001 0.001 0.001 0.001 0.001 0.001 0.001 0.001 0.001 0.002 0.003 0.005 0.007 0.010 0.012 0.013 0.015 0.015 0.016 0.015 0.015 0.014 0.013 0.012 0.010 0.008 0.005 0.004 0.003 0.002 0.001 0.001 0.001 0.001 0.001 0.001 0.000 0.000 0.000 0.000 0.000 0.000 0.000 0.000 0.000 0.000 0.000 0.000 0.000 0.000 0.000 0.000 0.000 0.000 0.000 0.000 0.000 0.000 0.000 0.000 0.000 0.000 0.000 0.000 0.000 0.000 0.000 0.000 0.000 0.001 0.001
0.001 0.001 0.001 0.001 0.001 0.001 0.001 0.001 0.001 0.001 0.001 0.001 0.001 0.001 0.001 0.002 0.003 0.005 0.007 0.009 0.011 0.012 0.012 0.012 0.012 0.011 0.010 0.009 0.008 0.007 0.005 0.004 0.003 0.002 0.001 0.001 0.001 0.001 0.001 0.001 0.000 0.000 0.000 0.000 0.000 0.000 0.000 0.000 0.000 0.000 0.000 0.000 0.000 0.000 0.000 0.000 0.000 0.000 0.000 0.000 0.000 0.000 0.000 0.000 0.000 0.000 0.000 0.000 0.000 0.000 0.000 0.000 0.000 0.000 0.000 0.000 0.000
