RESULTS/r.avaflow_results/22_results/22_ascii/22_hflow10023.asc
ncols 506
nrows 317
xllcenter 498237.50
yllcenter 5580050.00
cellsize 12.50
NODATA_value -9999.000
[rows 204 to 237 of 317, columns 77 to 153 of 506]
0.007 0.007 0.006 0.005 0.004 0.003 0.003 0.003 0.003 0.003 0.003 0.003 0.003 0.003 0.003 0.004 0.006 0.010 0.013 0.013 0.013 0.012 0.010 0.008 0.008 0.007 0.007 0.008 0.009 0.011 0.014 0.016 0.017 0.017 0.017 0.017 0.015 0.013 0.012 0.011 0.011 0.011 0.011 0.010 0.009 0.007 0.005 0.003 0.003 0.002 0.002 0.001 0.001 0.001 0.001 0.001 0.001 0.001 0.001 0.002 0.002 0.002 0.003 0.003 0.003 0.004 0.004 0.006 0.007 0.007 0.007 0.007 0.007 0.007 0.006 0.006 0.007
0.008 0.007 0.006 0.005 0.004 0.004 0.003 0.003 0.003 0.003 0.003 0.003 0.003 0.003 0.003 0.004 0.006 0.010 0.012 0.013 0.012 0.011 0.009 0.008 0.007 0.007 0.007 0.008 0.009 0.011 0.014 0.016 0.017 0.017 0.017 0.016 0.014 0.012 0.011 0.011 0.011 0.011 0.011 0.010 0.009 0.006 0.005 0.003 0.002 0.002 0.002 0.001 0.001 0.001 0.001 0.001 0.001 0.001 0.002 0.002 0.002 0.003 0.003 0.003 0.003 0.004 0.005 0.006 0.007 0.007 0.007 0.007 0.007 0.006 0.005 0.005 0.006
0.010 0.008 0.007 0.006 0.005 0.004 0.004 0.003 0.003 0.003 0.002 0.002 0.002 0.003 0.003 0.004 0.007 0.010 0.012 0.012 0.012 0.010 0.008 0.008 0.007 0.007 0.007 0.008 0.009 0.011 0.014 0.016 0.016 0.016 0.016 0.015 0.013 0.012 0.011 0.011 0.011 0.011 0.011 0.010 0.008 0.006 0.004 0.003 0.002 0.002 0.002 0.001 0.001 0.001 0.001 0.001 0.001 0.001 0.002 0.002 0.003 0.003 0.003 0.003 0.004 0.004 0.005 0.006 0.007 0.007 0.007 0.007 0.006 0.004 0.003 0.004 0.005
0.011 0.009 0.008 0.006 0.006 0.005 0.004 0.004 0.003 0.003 0.002 0.002 0.002 0.002 0.003 0.004 0.007 0.010 0.011 0.011 0.011 0.009 0.008 0.007 0.007 0.007 0.007 0.008 0.009 0.012 0.014 0.016 0.016 0.016 0.016 0.014 0.012 0.011 0.011 0.011 0.011 0.011 0.011 0.010 0.008 0.006 0.004 0.003 0.002 0.002 0.002 0.001 0.001 0.001 0.001 0.001 0.001 0.001 0.002 0.003 0.003 0.003 0.003 0.004 0.004 0.005 0.005 0.006 0.007 0.007 0.007 0.006 0.004 0.003 0.002 0.003 0.005
0.013 0.011 0.009 0.007 0.006 0.005 0.004 0.004 0.003 0.002 0.002 0.002 0.002 0.002 0.003 0.004 0.008 0.010 0.011 0.011 0.010 0.009 0.008 0.007 0.007 0.007 0.008 0.008 0.010 0.013 0.015 0.015 0.016 0.016 0.015 0.013 0.012 0.011 0.011 0.011 0.011 0.011 0.010 0.009 0.008 0.006 0.004 0.003 0.002 0.002 0.002 0.001 0.001 0.001 0.001 0.001 0.001 0.002 0.002 0.003 0.003 0.003 0.004 0.004 0.004 0.005 0.005 0.006 0.006 0.006 0.006 0.005 0.003 0.002 0.001 0.002 0.003
0.017 0.013 0.011 0.009 0.007 0.006 0.005 0.004 0.003 0.002 0.002 0.002 0.002 0.002 0.003 0.005 0.008 0.010 0.010 0.010 0.009 0.008 0.008 0.008 0.007 0.008 0.008 0.009 0.011 0.013 0.015 0.015 0.016 0.015 0.014 0.012 0.011 0.011 0.010 0.011 0.011 0.011 0.010 0.009 0.007 0.005 0.004 0.003 0.002 0.002 0.001 0.001 0.001 0.001 0.001 0.001 0.001 0.002 0.003 0.003 0.004 0.004 0.004 0.004 0.004 0.005 0.005 0.006 0.006 0.006 0.005 0.004 0.002 0.001 0.001 0.001 0.002
0.022 0.017 0.014 0.011 0.008 0.006 0.005 0.004 0.003 0.002 0.002 0.002 0.002 0.002 0.003 0.005 0.008 0.010 0.010 0.010 0.009 0.008 0.008 0.008 0.008 0.008 0.008 0.009 0.011 0.014 0.015 0.015 0.015 0.015 0.014 0.012 0.011 0.010 0.010 0.010 0.011 0.010 0.010 0.009 0.007 0.005 0.004 0.003 0.002 0.002 0.001 0.001 0.001 0.001 0.001 0.001 0.002 0.002 0.003 0.003 0.004 0.004 0.004 0.004 0.004 0.005 0.005 0.005 0.005 0.005 0.004 0.003 0.002 0.001 0.001 0.001 0.001
0.028 0.023 0.018 0.013 0.010 0.007 0.005 0.004 0.003 0.002 0.002 0.002 0.002 0.002 0.003 0.006 0.008 0.009 0.009 0.009 0.008 0.008 0.008 0.008 0.008 0.008 0.009 0.010 0.012 0.014 0.015 0.015 0.015 0.014 0.013 0.011 0.010 0.010 0.010 0.010 0.010 0.010 0.010 0.009 0.007 0.005 0.003 0.003 0.002 0.002 0.001 0.001 0.001 0.001 0.001 0.001 0.002 0.003 0.003 0.004 0.004 0.004 0.004 0.004 0.004 0.004 0.005 0.005 0.005 0.004 0.004 0.002 0.001 0.001 0.001 0.001 0.001
0.033 0.029 0.024 0.018 0.013 0.009 0.006 0.004 0.003 0.002 0.002 0.002 0.002 0.003 0.004 0.006 0.008 0.009 0.008 0.008 0.008 0.008 0.008 0.008 0.009 0.009 0.009 0.010 0.012 0.014 0.015 0.015 0.015 0.014 0.012 0.010 0.010 0.009 0.009 0.010 0.010 0.010 0.010 0.009 0.007 0.005 0.003 0.003 0.002 0.002 0.001 0.001 0.001 0.001 0.001 0.001 0.002 0.003 0.003 0.004 0.004 0.004 0.004 0.004 0.004 0.004 0.004 0.005 0.004 0.004 0.003 0.002 0.001 0.000 0.000 0.000 0.000
0.036 0.033 0.029 0.023 0.017 0.011 0.007 0.005 0.004 0.003 0.002 0.002 0.002 0.003 0.004 0.006 0.008 0.008 0.008 0.007 0.007 0.008 0.009 0.009 0.009 0.009 0.010 0.011 0.013 0.014 0.015 0.015 0.015 0.013 0.011 0.010 0.009 0.009 0.009 0.010 0.010 0.011 0.010 0.009 0.007 0.005 0.003 0.003 0.002 0.002 0.001 0.001 0.001 0.001 0.001 0.002 0.002 0.003 0.003 0.004 0.004 0.004 0.003 0.003 0.004 0.004 0.004 0.004 0.004 0.004 0.003 0.001 0.001 0.000 0.000 0.000 0.000
0.038 0.036 0.032 0.027 0.021 0.015 0.010 0.006 0.004 0.003 0.003 0.003 0.003 0.004 0.005 0.007 0.007 0.007 0.007 0.007 0.007 0.008 0.009 0.010 0.010 0.010 0.010 0.011 0.013 0.014 0.015 0.015 0.014 0.013 0.011 0.010 0.009 0.009 0.009 0.010 0.010 0.011 0.010 0.009 0.007 0.005 0.003 0.003 0.002 0.002 0.001 0.001 0.001 0.001 0.001 0.002 0.002 0.003 0.003 0.003 0.003 0.003 0.003 0.003 0.004 0.004 0.004 0.004 0.004 0.003 0.002 0.001 0.000 0.000 0.000 0.000 0.000
0.039 0.037 0.034 0.030 0.025 0.018 0.013 0.008 0.006 0.004 0.004 0.004 0.004 0.004 0.006 0.006 0.007 0.007 0.006 0.006 0.007 0.008 0.009 0.010 0.010 0.011 0.011 0.012 0.014 0.015 0.015 0.015 0.014 0.012 0.010 0.009 0.009 0.009 0.009 0.010 0.010 0.011 0.010 0.009 0.007 0.005 0.003 0.002 0.002 0.002 0.001 0.001 0.001 0.001 0.001 0.002 0.003 0.003 0.003 0.003 0.003 0.003 0.003 0.003 0.004 0.004 0.004 0.004 0.004 0.003 0.002 0.001 0.000 0.000 0.000 0.000 0.000
0.039 0.038 0.035 0.031 0.027 0.020 0.015 0.010 0.007 0.006 0.005 0.004 0.005 0.005 0.006 0.006 0.006 0.006 0.006 0.006 0.007 0.008 0.010 0.011 0.011 0.011 0.012 0.013 0.014 0.015 0.015 0.015 0.014 0.012 0.010 0.009 0.009 0.009 0.009 0.010 0.010 0.011 0.010 0.009 0.007 0.005 0.003 0.002 0.002 0.001 0.001 0.001 0.001 0.001 0.001 0.002 0.003 0.003 0.003 0.003 0.003 0.003 0.003 0.003 0.004 0.004 0.004 0.004 0.004 0.003 0.002 0.001 0.000 0.000 0.000 0.000 0.000
0.039 0.038 0.035 0.032 0.027 0.022 0.016 0.012 0.009 0.007 0.006 0.005 0.005 0.006 0.006 0.006 0.006 0.006 0.006 0.006 0.007 0.008 0.010 0.011 0.012 0.012 0.012 0.013 0.014 0.015 0.015 0.015 0.013 0.011 0.010 0.009 0.009 0.009 0.009 0.010 0.010 0.011 0.010 0.009 0.007 0.005 0.003 0.002 0.002 0.001 0.001 0.001 0.001 0.001 0.001 0.002 0.003 0.003 0.003 0.003 0.003 0.003 0.003 0.003 0.004 0.004 0.004 0.004 0.004 0.003 0.001 0.001 0.000 0.000 0.000 0.000 0.000
0.039 0.038 0.035 0.032 0.028 0.022 0.017 0.013 0.010 0.008 0.006 0.006 0.006 0.006 0.006 0.006 0.006 0.006 0.006 0.006 0.007 0.009 0.011 0.012 0.013 0.013 0.013 0.014 0.015 0.015 0.015 0.014 0.013 0.011 0.009 0.009 0.008 0.009 0.009 0.010 0.011 0.011 0.011 0.010 0.008 0.005 0.004 0.002 0.002 0.001 0.001 0.001 0.001 0.001 0.001 0.002 0.003 0.003 0.003 0.003 0.003 0.003 0.003 0.003 0.004 0.004 0.004 0.004 0.003 0.002 0.001 0.000 0.000 0.000 0.000 0.000 0.000
0.038 0.037 0.035 0.032 0.028 0.023 0.017 0.013 0.010 0.008 0.007 0.006 0.006 0.006 0.006 0.006 0.006 0.005 0.005 0.006 0.007 0.009 0.011 0.013 0.013 0.013 0.014 0.014 0.015 0.015 0.015 0.014 0.012 0.010 0.009 0.008 0.008 0.009 0.009 0.010 0.011 0.011 0.011 0.010 0.008 0.006 0.004 0.002 0.002 0.001 0.001 0.001 0.001 0.001 0.001 0.002 0.003 0.003 0.003 0.003 0.003 0.003 0.003 0.003 0.004 0.004 0.004 0.004 0.003 0.002 0.001 0.000 0.000 0.000 0.000 0.000 0.000
0.037 0.036 0.034 0.031 0.027 0.023 0.018 0.014 0.011 0.009 0.007 0.007 0.006 0.006 0.006 0.006 0.005 0.005 0.005 0.006 0.007 0.010 0.012 0.014 0.014 0.014 0.014 0.015 0.016 0.016 0.016 0.014 0.011 0.009 0.008 0.008 0.008 0.009 0.010 0.011 0.011 0.012 0.012 0.011 0.009 0.006 0.004 0.002 0.002 0.001 0.001 0.001 0.001 0.001 0.001 0.002 0.003 0.003 0.003 0.003 0.003 0.003 0.003 0.003 0.004 0.004 0.004 0.004 0.003 0.002 0.001 0.000 0.000 0.000 0.000 0.000 0.000
0.034 0.033 0.032 0.030 0.026 0.022 0.017 0.014 0.011 0.009 0.007 0.007 0.006 0.006 0.006 0.005 0.005 0.005 0.005 0.006 0.008 0.010 0.013 0.014 0.015 0.015 0.016 0.017 0.017 0.017 0.016 0.014 0.010 0.008 0.008 0.008 0.008 0.009 0.010 0.012 0.012 0.012 0.012 0.011 0.009 0.006 0.004 0.002 0.002 0.001 0.001 0.001 0.001 0.001 0.001 0.002 0.003 0.003 0.003 0.003 0.003 0.003 0.003 0.003 0.004 0.004 0.004 0.003 0.002 0.001 0.001 0.000 0.000 0.000 0.000 0.000 0.000
0.030 0.030 0.029 0.027 0.025 0.021 0.017 0.013 0.011 0.009 0.007 0.007 0.006 0.006 0.005 0.005 0.005 0.005 0.006 0.007 0.008 0.011 0.014 0.015 0.016 0.017 0.018 0.019 0.019 0.019 0.017 0.013 0.009 0.008 0.007 0.007 0.008 0.010 0.011 0.012 0.013 0.013 0.012 0.011 0.009 0.006 0.004 0.002 0.002 0.001 0.001 0.001 0.001 0.001 0.002 0.002 0.003 0.003 0.003 0.003 0.003 0.003 0.003 0.004 0.004 0.004 0.004 0.003 0.002 0.001 0.000 0.000 0.000 0.000 0.000 0.000 0.000
0.025 0.025 0.025 0.024 0.022 0.019 0.016 0.013 0.010 0.009 0.007 0.006 0.006 0.005 0.005 0.005 0.005 0.005 0.006 0.007 0.009 0.011 0.014 0.016 0.018 0.019 0.020 0.021 0.021 0.020 0.017 0.012 0.009 0.007 0.007 0.007 0.008 0.010 0.012 0.012 0.013 0.013 0.013 0.011 0.009 0.006 0.003 0.002 0.001 0.001 0.001 0.001 0.001 0.001 0.002 0.003 0.003 0.003 0.003 0.003 0.003 0.003 0.003 0.004 0.004 0.004 0.004 0.003 0.002 0.001 0.000 0.000 0.000 0.000 0.000 0.000 0.000
0.020 0.020 0.020 0.019 0.018 0.017 0.014 0.012 0.010 0.008 0.007 0.006 0.005 0.005 0.005 0.004 0.005 0.005 0.006 0.008 0.010 0.012 0.015 0.017 0.019 0.021 0.022 0.022 0.022 0.020 0.016 0.011 0.008 0.007 0.007 0.007 0.008 0.010 0.012 0.013 0.013 0.013 0.012 0.011 0.008 0.005 0.003 0.002 0.001 0.001 0.001 0.001 0.001 0.001 0.002 0.003 0.003 0.003 0.003 0.003 0.003 0.003 0.003 0.004 0.004 0.004 0.003 0.002 0.001 0.000 0.000 0.000 0.000 0.000 0.000 0.000 0.000
0.015 0.015 0.015 0.015 0.014 0.013 0.012 0.010 0.009 0.007 0.006 0.005 0.005 0.004 0.004 0.004 0.004 0.005 0.007 0.008 0.010 0.013 0.015 0.018 0.021 0.023 0.023 0.023 0.023 0.020 0.015 0.011 0.008 0.007 0.007 0.007 0.009 0.011 0.012 0.013 0.013 0.013 0.012 0.010 0.007 0.005 0.003 0.002 0.001 0.001 0.001 0.001 0.001 0.001 0.002 0.003 0.003 0.004 0.004 0.004 0.003 0.004 0.004 0.004 0.004 0.003 0.003 0.002 0.001 0.000 0.000 0.000 0.000 0.000 0.000 0.000 0.000
0.011 0.011 0.011 0.011 0.011 0.010 0.009 0.008 0.007 0.006 0.005 0.004 0.003 0.003 0.003 0.003 0.004 0.005 0.007 0.009 0.011 0.013 0.016 0.019 0.022 0.024 0.025 0.024 0.023 0.020 0.014 0.010 0.008 0.007 0.007 0.008 0.009 0.011 0.013 0.013 0.013 0.013 0.012 0.010 0.007 0.004 0.003 0.002 0.001 0.001 0.001 0.001 0.001 0.002 0.002 0.003 0.004 0.004 0.004 0.004 0.004 0.004 0.004 0.004 0.004 0.003 0.002 0.001 0.001 0.000 0.000 0.000 0.000 0.000 0.000 0.000 0.000
0.008 0.008 0.008 0.008 0.008 0.007 0.007 0.006 0.005 0.004 0.003 0.003 0.002 0.002 0.002 0.002 0.003 0.005 0.006 0.008 0.011 0.013 0.016 0.020 0.023 0.025 0.026 0.025 0.024 0.019 0.013 0.010 0.008 0.007 0.007 0.008 0.009 0.012 0.013 0.014 0.014 0.013 0.012 0.010 0.006 0.004 0.002 0.002 0.001 0.001 0.001 0.001 0.001 0.002 0.002 0.003 0.004 0.004 0.004 0.004 0.004 0.004 0.004 0.004 0.004 0.003 0.002 0.001 0.000 0.000 0.000 0.000 0.000 0.000 0.000 0.000 0.000
0.006 0.006 0.006 0.006 0.005 0.005 0.005 0.004 0.003 0.002 0.002 0.002 0.001 0.001 0.001 0.002 0.003 0.004 0.006 0.008 0.010 0.013 0.017 0.021 0.025 0.027 0.027 0.027 0.024 0.019 0.013 0.009 0.008 0.007 0.007 0.008 0.010 0.012 0.013 0.014 0.014 0.014 0.012 0.010 0.006 0.004 0.002 0.001 0.001 0.001 0.001 0.001 0.001 0.002 0.002 0.003 0.004 0.005 0.005 0.005 0.005 0.005 0.005 0.004 0.004 0.003 0.001 0.001 0.000 0.000 0.000 0.000 0.000 0.000 0.000 0.000 0.000
0.004 0.004 0.004 0.004 0.004 0.003 0.003 0.002 0.002 0.001 0.001 0.001 0.001 0.001 0.001 0.001 0.002 0.003 0.005 0.007 0.009 0.013 0.017 0.022 0.026 0.028 0.029 0.028 0.025 0.019 0.013 0.009 0.008 0.007 0.007 0.008 0.010 0.012 0.014 0.014 0.014 0.014 0.013 0.010 0.006 0.003 0.002 0.001 0.001 0.001 0.001 0.001 0.002 0.002 0.003 0.003 0.004 0.005 0.005 0.006 0.006 0.006 0.005 0.004 0.003 0.002 0.001 0.000 0.000 0.000 0.000 0.000 0.000 0.000 0.000 0.000 0.000
0.002 0.002 0.002 0.002 0.002 0.002 0.002 0.001 0.001 0.001 0.000 0.000 0.000 0.000 0.001 0.001 0.002 0.003 0.004 0.006 0.008 0.011 0.016 0.023 0.027 0.029 0.029 0.029 0.025 0.019 0.013 0.009 0.008 0.007 0.008 0.008 0.010 0.012 0.014 0.015 0.015 0.014 0.013 0.010 0.006 0.003 0.002 0.002 0.001 0.001 0.001 0.002 0.002 0.002 0.003 0.003 0.004 0.005 0.006 0.006 0.006 0.006 0.005 0.004 0.003 0.001 0.001 0.000 0.000 0.000 0.000 0.000 0.000 0.000 0.000 0.000 0.000
0.001 0.001 0.001 0.001 0.001 0.001 0.001 0.001 0.000 0.000 0.000 0.000 0.000 0.000 0.000 0.001 0.001 0.002 0.003 0.005 0.007 0.010 0.016 0.023 0.027 0.030 0.030 0.029 0.025 0.019 0.013 0.010 0.008 0.008 0.008 0.008 0.010 0.012 0.015 0.015 0.016 0.015 0.014 0.010 0.006 0.003 0.002 0.002 0.001 0.001 0.001 0.002 0.002 0.002 0.003 0.003 0.004 0.006 0.007 0.007 0.007 0.006 0.005 0.003 0.002 0.001 0.000 0.000 0.000 0.000 0.000 0.000 0.000 0.000 0.000 0.000 0.000
0.001 0.001 0.001 0.001 0.000 0.000 0.000 0.000 0.000 0.000 0.000 0.000 0.000 0.000 0.000 0.001 0.001 0.002 0.003 0.004 0.006 0.010 0.015 0.022 0.027 0.030 0.030 0.028 0.025 0.019 0.013 0.010 0.009 0.008 0.008 0.009 0.010 0.013 0.016 0.017 0.017 0.016 0.014 0.010 0.005 0.003 0.002 0.002 0.001 0.001 0.002 0.002 0.002 0.002 0.003 0.003 0.005 0.006 0.007 0.007 0.007 0.006 0.005 0.003 0.002 0.001 0.000 0.000 0.000 0.000 0.000 0.000 0.000 0.000 0.000 0.000 0.000
0.000 0.000 0.000 0.000 0.000 0.000 0.000 0.000 0.000 0.000 0.000 0.000 0.000 0.000 0.000 0.000 0.001 0.001 0.002 0.003 0.006 0.009 0.015 0.022 0.027 0.029 0.029 0.028 0.025 0.019 0.014 0.011 0.010 0.009 0.009 0.009 0.011 0.014 0.017 0.018 0.018 0.017 0.014 0.009 0.005 0.003 0.002 0.002 0.002 0.002 0.002 0.002 0.002 0.002 0.003 0.004 0.005 0.007 0.007 0.008 0.007 0.006 0.004 0.002 0.001 0.001 0.000 0.000 0.000 0.000 0.000 0.000 0.000 0.000 0.000 0.000 0.000
0.000 0.000 0.000 0.001 0.000 0.000 0.000 0.000 0.000 0.000 0.000 0.000 0.000 0.000 0.000 0.000 0.000 0.001 0.002 0.003 0.005 0.008 0.014 0.022 0.027 0.029 0.029 0.028 0.025 0.020 0.015 0.012 0.011 0.010 0.010 0.010 0.012 0.015 0.017 0.018 0.018 0.017 0.013 0.008 0.004 0.003 0.002 0.002 0.002 0.002 0.002 0.002 0.002 0.003 0.003 0.005 0.006 0.008 0.008 0.008 0.007 0.006 0.003 0.002 0.001 0.000 0.000 0.000 0.000 0.000 0.000 0.000 0.000 0.000 0.000 0.000 0.000
0.000 0.000 0.000 0.000 0.000 0.000 0.000 0.000 0.000 0.000 0.000 0.000 0.000 0.000 0.000 0.000 0.000 0.001 0.001 0.002 0.004 0.007 0.012 0.020 0.026 0.028 0.028 0.027 0.025 0.021 0.017 0.014 0.012 0.011 0.011 0.012 0.013 0.016 0.018 0.019 0.018 0.016 0.011 0.006 0.004 0.002 0.002 0.002 0.002 0.002 0.002 0.002 0.002 0.003 0.004 0.006 0.008 0.008 0.008 0.008 0.007 0.005 0.002 0.001 0.001 0.000 0.000 0.000 0.000 0.000 0.000 0.000 0.000 0.000 0.000 0.000 0.000
0.000 0.000 0.000 0.000 0.000 0.000 0.000 0.000 0.000 0.000 0.000 0.001 0.000 0.000 0.000 0.000 0.000 0.000 0.001 0.001 0.003 0.005 0.010 0.017 0.024 0.027 0.028 0.028 0.026 0.023 0.019 0.015 0.013 0.013 0.013 0.013 0.015 0.018 0.019 0.019 0.019 0.015 0.010 0.005 0.003 0.002 0.002 0.002 0.002 0.002 0.002 0.002 0.003 0.004 0.005 0.007 0.009 0.009 0.009 0.008 0.006 0.003 0.001 0.001 0.000 0.000 0.000 0.000 0.000 0.000 0.000 0.000 0.000 0.000 0.000 0.000 0.000
0.000 0.000 0.001 0.000 0.001 0.000 0.000 0.000 0.000 0.000 0.000 0.001 0.001 0.000 0.000 0.000 0.000 0.000 0.001 0.001 0.002 0.004 0.007 0.013 0.020 0.026 0.028 0.029 0.028 0.026 0.021 0.017 0.015 0.014 0.014 0.015 0.018 0.020 0.021 0.020 0.019 0.015 0.009 0.005 0.003 0.002 0.002 0.002 0.002 0.002 0.002 0.002 0.003 0.005 0.007 0.009 0.009 0.010 0.009 0.007 0.004 0.002 0.001 0.000 0.000 0.000 0.000 0.000 0.000 0.000 0.000 0.000 0.000 0.000 0.000 0.000 0.000
