RESULTS/r.avaflow_results/22_results/22_ascii/22_hflow0034.asc
ncols 506
nrows 317
xllcenter 498237.50
yllcenter 5580050.00
cellsize 12.50
NODATA_value -9999.000
[rows 170 to 203 of 317, columns 77 to 153 of 506]
0.000 0.000 0.000 0.000 0.000 0.000 0.000 0.000 0.000 0.000 0.001 0.001 0.003 0.006 0.011 0.016 0.022 0.029 0.036 0.045 0.057 0.077 0.113 0.178 0.267 0.340 0.374 0.384 0.385 0.384 0.379 0.367 0.346 0.312 0.270 0.235 0.210 0.193 0.183 0.179 0.181 0.195 0.246 0.388 0.685 1.143 1.696 2.291 2.941 3.719 4.740 6.038 7.377 8.425 9.092 9.458 9.738 10.067 10.487 11.006 11.622 12.287 12.922 13.504 13.886 14.051 14.044 13.958 13.768 13.465 13.112 12.768 12.443 12.153 11.897 11.660 11.429
0.000 0.000 0.000 0.000 0.000 0.000 0.000 0.000 0.000 0.001 0.002 0.005 0.010 0.017 0.026 0.037 0.049 0.062 0.077 0.095 0.120 0.158 0.221 0.315 0.409 0.464 0.484 0.487 0.487 0.484 0.475 0.456 0.424 0.377 0.328 0.294 0.272 0.259 0.254 0.256 0.272 0.329 0.485 0.830 1.407 2.151 2.938 3.745 4.625 5.604 6.653 7.718 8.629 9.255 9.586 9.781 9.990 10.285 10.677 11.171 11.749 12.364 12.962 13.527 13.891 14.029 13.977 13.837 13.639 13.419 13.210 13.051 12.983 13.015 13.127 13.292 13.507
0.000 0.000 0.000 0.000 0.000 0.000 0.000 0.000 0.001 0.003 0.006 0.012 0.021 0.034 0.050 0.068 0.089 0.112 0.140 0.173 0.217 0.281 0.377 0.483 0.554 0.586 0.595 0.597 0.596 0.590 0.577 0.550 0.506 0.443 0.392 0.363 0.348 0.341 0.344 0.364 0.430 0.604 0.985 1.654 2.579 3.573 4.521 5.457 6.389 7.289 8.126 8.827 9.321 9.588 9.708 9.837 10.031 10.316 10.687 11.157 11.708 12.300 12.898 13.449 13.790 13.891 13.799 13.671 13.565 13.499 13.504 13.600 13.794 14.065 14.417 14.919 15.636
0.000 0.000 0.000 0.000 0.000 0.000 0.000 0.000 0.002 0.005 0.012 0.021 0.035 0.054 0.078 0.106 0.139 0.177 0.222 0.276 0.345 0.440 0.549 0.634 0.682 0.704 0.711 0.712 0.711 0.703 0.684 0.648 0.588 0.508 0.454 0.428 0.422 0.428 0.454 0.527 0.718 1.136 1.880 2.966 4.194 5.283 6.191 7.014 7.794 8.500 9.075 9.458 9.645 9.703 9.731 9.829 10.011 10.271 10.616 11.049 11.564 12.128 12.708 13.228 13.540 13.630 13.575 13.546 13.580 13.690 13.862 14.090 14.380 14.752 15.257 16.008 17.098
0.000 0.000 0.000 0.000 0.000 0.000 0.000 0.000 0.002 0.007 0.016 0.028 0.045 0.069 0.099 0.137 0.184 0.242 0.310 0.392 0.490 0.599 0.696 0.765 0.806 0.826 0.833 0.834 0.832 0.820 0.795 0.747 0.669 0.571 0.508 0.481 0.477 0.494 0.565 0.753 1.182 1.991 3.236 4.687 5.927 6.854 7.590 8.227 8.789 9.248 9.566 9.721 9.752 9.725 9.716 9.790 9.937 10.161 10.468 10.854 11.315 11.827 12.357 12.831 13.142 13.301 13.357 13.445 13.587 13.780 14.012 14.288 14.625 15.071 15.702 16.613 17.870
0.000 0.000 0.000 0.000 0.000 0.000 0.000 0.001 0.003 0.008 0.017 0.031 0.051 0.077 0.113 0.159 0.218 0.292 0.385 0.497 0.623 0.739 0.831 0.895 0.934 0.954 0.961 0.962 0.958 0.943 0.908 0.848 0.753 0.633 0.554 0.521 0.516 0.537 0.637 0.931 1.629 2.890 4.645 6.225 7.347 8.125 8.668 9.076 9.404 9.635 9.754 9.785 9.761 9.710 9.669 9.695 9.796 9.977 10.231 10.563 10.959 11.401 11.858 12.284 12.630 12.905 13.101 13.297 13.512 13.743 13.995 14.291 14.649 15.132 15.827 16.797 18.067
0.000 0.000 0.000 0.000 0.000 0.000 0.000 0.001 0.003 0.008 0.018 0.032 0.053 0.082 0.121 0.172 0.240 0.328 0.441 0.584 0.742 0.869 0.964 1.029 1.068 1.088 1.095 1.095 1.089 1.069 1.026 0.953 0.840 0.697 0.596 0.551 0.543 0.564 0.671 1.011 1.872 3.475 5.666 7.373 8.457 9.093 9.429 9.615 9.739 9.804 9.807 9.777 9.729 9.660 9.582 9.546 9.586 9.709 9.907 10.176 10.501 10.865 11.241 11.624 12.009 12.393 12.706 12.971 13.228 13.482 13.747 14.054 14.426 14.937 15.675 16.673 17.929
0.000 0.000 0.000 0.000 0.000 0.000 0.000 0.001 0.003 0.008 0.018 0.032 0.054 0.083 0.124 0.178 0.251 0.348 0.477 0.646 0.841 0.994 1.100 1.169 1.210 1.230 1.236 1.235 1.226 1.201 1.149 1.062 0.931 0.764 0.638 0.575 0.561 0.578 0.681 1.026 1.950 3.771 6.315 8.193 9.271 9.762 9.915 9.952 9.929 9.874 9.806 9.734 9.652 9.555 9.441 9.344 9.316 9.372 9.507 9.705 9.952 10.233 10.532 10.870 11.252 11.681 12.049 12.337 12.601 12.848 13.108 13.410 13.779 14.305 15.077 16.113 17.382
0.000 0.000 0.000 0.000 0.000 0.000 0.000 0.001 0.003 0.008 0.017 0.031 0.053 0.083 0.124 0.180 0.254 0.355 0.493 0.680 0.914 1.109 1.237 1.316 1.361 1.381 1.386 1.384 1.371 1.338 1.276 1.176 1.029 0.838 0.682 0.597 0.571 0.582 0.678 1.016 1.939 3.857 6.653 8.721 9.799 10.168 10.212 10.156 10.029 9.887 9.764 9.647 9.523 9.386 9.233 9.081 8.991 8.975 9.028 9.140 9.294 9.485 9.706 9.983 10.319 10.724 11.086 11.362 11.598 11.815 12.053 12.339 12.711 13.260 14.065 15.135 16.440
0.000 0.000 0.000 0.000 0.000 0.000 0.000 0.000 0.002 0.007 0.015 0.028 0.049 0.079 0.121 0.177 0.252 0.354 0.495 0.690 0.952 1.205 1.370 1.463 1.513 1.534 1.539 1.535 1.519 1.480 1.408 1.296 1.136 0.923 0.733 0.620 0.577 0.580 0.661 0.975 1.870 3.815 6.755 8.991 10.088 10.383 10.378 10.250 10.056 9.853 9.678 9.507 9.332 9.148 8.949 8.749 8.603 8.518 8.491 8.515 8.572 8.659 8.783 8.964 9.213 9.535 9.838 10.069 10.264 10.452 10.674 10.960 11.369 11.975 12.822 13.912 15.230
0.000 0.000 0.000 0.000 0.000 0.000 0.000 0.000 0.001 0.005 0.011 0.022 0.040 0.068 0.108 0.164 0.239 0.340 0.482 0.681 0.952 1.263 1.484 1.599 1.652 1.674 1.679 1.675 1.657 1.617 1.542 1.423 1.251 1.020 0.795 0.649 0.583 0.574 0.630 0.899 1.728 3.649 6.671 9.052 10.204 10.475 10.434 10.262 10.027 9.774 9.530 9.297 9.070 8.838 8.593 8.350 8.157 8.014 7.919 7.859 7.829 7.822 7.857 7.946 8.101 8.318 8.550 8.746 8.928 9.121 9.352 9.652 10.079 10.688 11.512 12.559 13.828
0.000 0.000 0.000 0.000 0.000 0.000 0.000 0.000 0.001 0.002 0.006 0.012 0.024 0.046 0.080 0.129 0.197 0.291 0.425 0.620 0.900 1.258 1.551 1.714 1.776 1.797 1.801 1.798 1.781 1.741 1.668 1.550 1.375 1.135 0.876 0.692 0.596 0.572 0.602 0.804 1.517 3.323 6.359 8.933 10.198 10.490 10.425 10.217 9.932 9.618 9.303 9.009 8.729 8.453 8.170 7.899 7.664 7.468 7.308 7.175 7.073 6.994 6.961 6.983 7.067 7.214 7.406 7.589 7.770 7.968 8.202 8.500 8.907 9.457 10.175 11.099 12.241
0.000 0.000 0.000 0.000 0.000 0.000 0.000 0.000 0.000 0.001 0.002 0.005 0.011 0.022 0.041 0.072 0.120 0.191 0.299 0.471 0.748 1.157 1.553 1.786 1.877 1.900 1.903 1.900 1.886 1.850 1.784 1.673 1.505 1.270 0.987 0.762 0.630 0.584 0.596 0.731 1.279 2.852 5.779 8.555 10.003 10.393 10.325 10.076 9.736 9.348 8.971 8.628 8.306 7.997 7.694 7.405 7.136 6.893 6.687 6.512 6.368 6.249 6.174 6.150 6.183 6.276 6.421 6.579 6.749 6.937 7.158 7.438 7.801 8.262 8.844 9.590 10.530
0.000 0.000 0.000 0.000 0.000 0.000 0.000 0.000 0.000 0.000 0.001 0.002 0.004 0.008 0.016 0.029 0.051 0.086 0.146 0.261 0.496 0.923 1.457 1.802 1.944 1.978 1.982 1.980 1.969 1.941 1.886 1.792 1.642 1.423 1.138 0.875 0.703 0.625 0.618 0.703 1.096 2.349 4.982 7.872 9.490 10.020 10.009 9.774 9.400 8.950 8.512 8.131 7.789 7.472 7.169 6.878 6.598 6.342 6.116 5.915 5.735 5.588 5.486 5.433 5.434 5.491 5.588 5.705 5.843 6.004 6.193 6.432 6.731 7.100 7.566 8.168 8.933
0.000 0.000 0.000 0.000 0.000 0.000 0.000 0.000 0.000 0.000 0.000 0.001 0.001 0.003 0.005 0.010 0.018 0.032 0.057 0.114 0.260 0.612 1.218 1.729 1.965 2.027 2.038 2.038 2.032 2.014 1.974 1.900 1.780 1.594 1.330 1.041 0.832 0.719 0.689 0.737 1.011 1.941 4.078 6.883 8.618 9.296 9.378 9.225 8.872 8.402 7.901 7.490 7.159 6.872 6.597 6.326 6.069 5.825 5.593 5.374 5.164 4.992 4.870 4.800 4.782 4.810 4.861 4.934 5.032 5.155 5.299 5.475 5.699 5.988 6.365 6.849 7.446
0.000 0.000 0.000 0.000 0.000 0.000 0.000 0.000 0.000 0.000 0.000 0.000 0.001 0.001 0.002 0.003 0.006 0.011 0.021 0.046 0.120 0.344 0.862 1.520 1.909 2.044 2.070 2.077 2.077 2.068 2.044 1.993 1.904 1.763 1.550 1.271 1.034 0.891 0.837 0.852 1.038 1.689 3.245 5.651 7.418 8.233 8.413 8.347 8.086 7.663 7.133 6.680 6.367 6.149 5.953 5.753 5.547 5.329 5.103 4.871 4.638 4.445 4.306 4.220 4.188 4.194 4.208 4.238 4.294 4.373 4.466 4.578 4.730 4.949 5.246 5.614 6.026
0.000 0.000 0.000 0.000 0.000 0.000 0.000 0.000 0.000 0.000 0.000 0.000 0.000 0.001 0.001 0.001 0.002 0.004 0.007 0.018 0.053 0.172 0.513 1.151 1.730 2.004 2.080 2.099 2.108 2.107 2.096 2.064 2.004 1.903 1.748 1.531 1.311 1.158 1.082 1.072 1.168 1.591 2.675 4.497 6.070 6.892 7.140 7.138 7.001 6.698 6.229 5.730 5.401 5.251 5.180 5.109 5.004 4.839 4.625 4.387 4.140 3.932 3.778 3.677 3.631 3.615 3.603 3.600 3.615 3.646 3.689 3.748 3.840 3.984 4.194 4.434 4.634
0.000 0.000 0.000 0.000 0.000 0.000 0.000 0.000 0.000 0.000 0.000 0.000 0.000 0.000 0.000 0.001 0.001 0.001 0.003 0.008 0.024 0.081 0.270 0.732 1.391 1.862 2.054 2.106 2.126 2.134 2.131 2.115 2.076 2.006 1.895 1.738 1.581 1.472 1.409 1.387 1.414 1.651 2.353 3.655 4.948 5.654 5.889 5.911 5.854 5.682 5.372 4.939 4.554 4.358 4.326 4.356 4.370 4.305 4.139 3.910 3.658 3.440 3.277 3.163 3.095 3.057 3.026 3.001 2.980 2.967 2.964 2.977 3.010 3.071 3.162 3.238 3.235
0.000 0.000 0.000 0.000 0.000 0.000 0.000 0.000 0.000 0.000 0.000 0.000 0.000 0.000 0.000 0.000 0.001 0.001 0.002 0.004 0.012 0.039 0.130 0.396 0.947 1.582 1.947 2.089 2.135 2.152 2.155 2.148 2.124 2.074 1.992 1.875 1.769 1.703 1.670 1.663 1.680 1.797 2.209 3.087 4.102 4.692 4.912 4.953 4.936 4.845 4.647 4.326 3.939 3.666 3.564 3.569 3.620 3.653 3.589 3.417 3.182 2.960 2.792 2.665 2.573 2.510 2.461 2.418 2.372 2.323 2.279 2.245 2.210 2.166 2.103 2.007 1.864
0.000 0.000 0.000 0.000 0.000 0.000 0.000 0.000 0.000 0.000 0.000 0.000 0.000 0.000 0.000 0.000 0.000 0.001 0.001 0.003 0.008 0.021 0.065 0.200 0.545 1.157 1.712 2.005 2.123 2.161 2.170 2.169 2.152 2.113 2.047 1.956 1.884 1.844 1.829 1.829 1.849 1.927 2.166 2.723 3.490 3.971 4.167 4.214 4.214 4.165 4.036 3.807 3.479 3.168 2.975 2.895 2.881 2.901 2.908 2.832 2.665 2.459 2.283 2.147 2.042 1.960 1.895 1.838 1.773 1.696 1.613 1.521 1.410 1.281 1.141 0.998 0.856
0.000 0.000 0.000 0.000 0.000 0.000 0.000 0.000 0.000 0.000 0.000 0.000 0.000 0.000 0.000 0.000 0.000 0.001 0.001 0.003 0.007 0.015 0.038 0.106 0.301 0.724 1.319 1.791 2.042 2.148 2.177 2.179 2.164 2.130 2.069 1.994 1.942 1.914 1.906 1.908 1.928 1.987 2.137 2.485 3.034 3.422 3.591 3.634 3.636 3.604 3.512 3.341 3.083 2.782 2.539 2.374 2.270 2.204 2.152 2.094 1.995 1.841 1.669 1.533 1.430 1.346 1.275 1.211 1.140 1.054 0.959 0.856 0.743 0.625 0.515 0.420 0.343
0.000 0.000 0.000 0.000 0.000 0.000 0.000 0.000 0.000 0.000 0.000 0.000 0.000 0.000 0.000 0.000 0.000 0.001 0.002 0.004 0.007 0.015 0.031 0.070 0.176 0.430 0.883 1.426 1.840 2.066 2.161 2.180 2.168 2.133 2.074 2.006 1.961 1.938 1.931 1.933 1.949 1.997 2.096 2.297 2.653 2.962 3.108 3.149 3.151 3.125 3.051 2.913 2.701 2.429 2.171 1.958 1.786 1.645 1.521 1.404 1.286 1.153 1.014 0.902 0.817 0.749 0.691 0.639 0.586 0.527 0.463 0.393 0.319 0.252 0.200 0.162 0.133
0.000 0.000 0.000 0.000 0.000 0.000 0.000 0.000 0.000 0.000 0.000 0.000 0.000 0.000 0.000 0.000 0.000 0.001 0.003 0.005 0.009 0.016 0.030 0.059 0.125 0.275 0.566 1.016 1.515 1.880 2.078 2.153 2.156 2.124 2.066 2.003 1.961 1.940 1.932 1.933 1.945 1.974 2.025 2.117 2.306 2.533 2.663 2.710 2.715 2.694 2.631 2.510 2.325 2.079 1.815 1.584 1.381 1.199 1.037 0.892 0.760 0.641 0.537 0.455 0.393 0.346 0.307 0.274 0.242 0.211 0.179 0.147 0.117 0.093 0.077 0.064 0.054
0.000 0.000 0.000 0.000 0.000 0.000 0.000 0.000 0.000 0.000 0.000 0.000 0.000 0.000 0.000 0.000 0.001 0.002 0.004 0.007 0.012 0.020 0.034 0.059 0.110 0.210 0.399 0.711 1.154 1.597 1.898 2.052 2.095 2.081 2.033 1.980 1.944 1.924 1.914 1.910 1.910 1.909 1.906 1.917 1.977 2.104 2.221 2.282 2.297 2.284 2.230 2.123 1.954 1.724 1.457 1.216 1.003 0.818 0.658 0.522 0.409 0.319 0.251 0.201 0.165 0.138 0.118 0.101 0.087 0.075 0.064 0.054 0.045 0.038 0.032 0.028 0.025
0.000 0.000 0.000 0.000 0.000 0.000 0.000 0.000 0.000 0.000 0.000 0.000 0.000 0.000 0.000 0.000 0.001 0.002 0.005 0.009 0.015 0.025 0.040 0.064 0.108 0.186 0.322 0.542 0.866 1.275 1.634 1.862 1.959 1.973 1.952 1.918 1.892 1.874 1.860 1.847 1.828 1.795 1.736 1.675 1.651 1.677 1.750 1.824 1.859 1.860 1.824 1.730 1.570 1.337 1.058 0.820 0.633 0.486 0.365 0.269 0.196 0.144 0.108 0.084 0.067 0.055 0.046 0.039 0.034 0.029 0.026 0.023 0.020 0.018 0.017 0.015 0.014
0.000 0.000 0.000 0.000 0.000 0.000 0.000 0.000 0.000 0.000 0.000 0.000 0.000 0.000 0.000 0.000 0.001 0.002 0.005 0.009 0.017 0.028 0.044 0.070 0.110 0.176 0.283 0.446 0.679 0.989 1.328 1.592 1.742 1.796 1.806 1.799 1.787 1.773 1.757 1.734 1.695 1.631 1.524 1.391 1.310 1.281 1.282 1.310 1.334 1.341 1.322 1.244 1.088 0.853 0.617 0.447 0.326 0.234 0.165 0.115 0.082 0.060 0.045 0.035 0.028 0.023 0.019 0.017 0.015 0.014 0.013 0.012 0.011 0.011 0.010 0.009 0.009
0.000 0.000 0.000 0.000 0.000 0.000 0.000 0.000 0.000 0.000 0.000 0.000 0.000 0.000 0.000 0.000 0.001 0.002 0.005 0.010 0.017 0.029 0.046 0.071 0.110 0.167 0.253 0.378 0.549 0.774 1.044 1.282 1.455 1.553 1.597 1.615 1.618 1.612 1.597 1.568 1.515 1.427 1.287 1.120 1.004 0.934 0.890 0.859 0.833 0.805 0.768 0.701 0.585 0.424 0.286 0.193 0.130 0.088 0.060 0.042 0.031 0.023 0.018 0.014 0.012 0.010 0.009 0.009 0.008 0.008 0.008 0.008 0.007 0.007 0.007 0.007 0.007
0.000 0.000 0.000 0.000 0.000 0.000 0.000 0.000 0.000 0.000 0.000 0.000 0.000 0.000 0.000 0.000 0.001 0.002 0.005 0.010 0.017 0.029 0.046 0.070 0.106 0.155 0.223 0.317 0.444 0.609 0.810 0.997 1.146 1.259 1.332 1.372 1.388 1.389 1.379 1.350 1.292 1.195 1.056 0.890 0.756 0.660 0.586 0.525 0.471 0.423 0.376 0.322 0.249 0.166 0.105 0.067 0.043 0.029 0.020 0.014 0.011 0.009 0.007 0.006 0.006 0.005 0.005 0.005 0.005 0.005 0.005 0.005 0.005 0.005 0.005 0.005 0.005
0.000 0.000 0.000 0.000 0.000 0.000 0.000 0.000 0.000 0.000 0.000 0.000 0.000 0.000 0.000 0.000 0.001 0.002 0.004 0.009 0.017 0.029 0.045 0.067 0.097 0.137 0.190 0.260 0.353 0.475 0.622 0.759 0.871 0.962 1.034 1.082 1.107 1.114 1.110 1.089 1.040 0.961 0.848 0.702 0.565 0.458 0.373 0.304 0.248 0.201 0.161 0.124 0.087 0.055 0.034 0.021 0.014 0.009 0.006 0.005 0.004 0.003 0.003 0.003 0.003 0.003 0.003 0.003 0.003 0.004 0.004 0.004 0.004 0.004 0.004 0.004 0.004
0.000 0.000 0.000 0.000 0.000 0.000 0.000 0.000 0.000 0.000 0.000 0.000 0.000 0.000 0.000 0.000 0.001 0.001 0.003 0.008 0.016 0.027 0.041 0.059 0.083 0.114 0.153 0.206 0.276 0.366 0.472 0.566 0.643 0.707 0.761 0.803 0.829 0.839 0.840 0.830 0.801 0.747 0.663 0.546 0.419 0.317 0.238 0.177 0.131 0.096 0.068 0.046 0.030 0.018 0.011 0.007 0.004 0.003 0.002 0.002 0.001 0.001 0.001 0.001 0.001 0.002 0.002 0.002 0.002 0.002 0.003 0.003 0.003 0.003 0.003 0.003 0.003
0.000 0.000 0.000 0.000 0.001 0.000 0.000 0.000 0.000 0.000 0.000 0.000 0.000 0.000 0.000 0.000 0.001 0.001 0.002 0.006 0.014 0.024 0.035 0.049 0.067 0.089 0.119 0.159 0.212 0.279 0.352 0.413 0.461 0.499 0.532 0.560 0.583 0.596 0.601 0.599 0.585 0.553 0.496 0.410 0.305 0.217 0.152 0.105 0.071 0.047 0.030 0.018 0.011 0.006 0.004 0.002 0.001 0.001 0.001 0.001 0.000 0.000 0.000 0.000 0.001 0.001 0.001 0.001 0.002 0.002 0.002 0.002 0.002 0.002 0.002 0.002 0.003
0.001 0.001 0.001 0.001 0.001 0.001 0.001 0.001 0.001 0.001 0.001 0.001 0.001 0.001 0.001 0.001 0.001 0.001 0.001 0.004 0.009 0.017 0.027 0.038 0.050 0.067 0.090 0.121 0.160 0.209 0.257 0.294 0.320 0.337 0.349 0.360 0.371 0.382 0.388 0.390 0.386 0.372 0.341 0.286 0.211 0.144 0.096 0.062 0.039 0.023 0.014 0.008 0.004 0.002 0.001 0.001 0.001 0.000 0.000 0.000 0.000 0.000 0.000 0.000 0.000 0.000 0.000 0.001 0.001 0.001 0.001 0.001 0.001 0.002 0.002 0.002 0.002
0.002 0.002 0.001 0.001 0.001 0.001 0.001 0.001 0.001 0.001 0.001 0.001 0.001 0.001 0.001 0.001 0.001 0.001 0.001 0.002 0.004 0.010 0.017 0.026 0.036 0.049 0.066 0.089 0.118 0.153 0.182 0.202 0.213 0.216 0.215 0.211 0.211 0.215 0.218 0.220 0.220 0.217 0.205 0.178 0.134 0.089 0.057 0.035 0.021 0.012 0.006 0.003 0.002 0.001 0.001 0.000 0.000 0.000 0.000 0.000 0.000 0.000 0.000 0.000 0.000 0.000 0.000 0.000 0.001 0.001 0.001 0.001 0.001 0.001 0.001 0.002 0.002
0.002 0.002 0.002 0.001 0.001 0.001 0.001 0.001 0.001 0.001 0.001 0.001 0.001 0.001 0.001 0.001 0.001 0.001 0.001 0.001 0.002 0.004 0.009 0.016 0.023 0.033 0.046 0.062 0.084 0.106 0.122 0.130 0.133 0.131 0.124 0.112 0.106 0.104 0.103 0.104 0.105 0.106 0.104 0.094 0.075 0.050 0.031 0.019 0.011 0.006 0.003 0.001 0.001 0.000 0.000 0.000 0.000 0.000 0.000 0.000 0.000 0.000 0.000 0.000 0.000 0.000 0.000 0.000 0.000 0.001 0.001 0.000 0.000 0.001 0.001 0.002 0.003
