RESULTS/r.avaflow_results/22_results/22_ascii/22_hflow30025.asc
ncols 506
nrows 317
xllcenter 498237.50
yllcenter 5580050.00
cellsize 12.50
NODATA_value -9999.000
[rows 170 to 203 of 317, columns 154 to 230 of 506]
10.039 9.967 9.861 9.736 9.589 9.437 9.289 9.142 8.994 8.841 8.680 8.505 8.305 8.046 7.681 7.177 6.536 5.786 4.969 4.166 3.427 2.768 2.207 1.759 1.425 1.200 1.071 1.017 1.013 1.035 1.072 1.101 1.116 1.124 1.135 1.150 1.177 1.215 1.241 1.253 1.255 1.250 1.239 1.220 1.190 1.142 1.070 0.971 0.848 0.713 0.582 0.472 0.388 0.325 0.279 0.247 0.228 0.218 0.214 0.213 0.213 0.212 0.211 0.211 0.211 0.212 0.217 0.231 0.261 0.325 0.448 0.668 1.022 1.381 1.577 1.636 1.616
12.290 12.575 12.737 12.807 12.803 12.763 12.686 12.576 12.437 12.275 12.093 11.892 11.660 11.362 10.936 10.322 9.511 8.529 7.421 6.269 5.184 4.202 3.351 2.656 2.125 1.748 1.505 1.372 1.309 1.282 1.273 1.260 1.243 1.223 1.210 1.207 1.214 1.231 1.243 1.243 1.232 1.207 1.171 1.125 1.064 0.978 0.857 0.698 0.535 0.405 0.314 0.253 0.212 0.184 0.166 0.156 0.151 0.150 0.151 0.152 0.152 0.151 0.150 0.149 0.149 0.150 0.154 0.164 0.187 0.233 0.320 0.477 0.743 1.108 1.391 1.523 1.554
14.394 15.068 15.502 15.738 15.842 15.870 15.842 15.780 15.685 15.562 15.415 15.243 15.035 14.760 14.362 13.766 12.914 11.797 10.467 9.007 7.551 6.192 4.975 3.946 3.125 2.504 2.061 1.767 1.574 1.448 1.368 1.312 1.269 1.236 1.212 1.198 1.193 1.192 1.184 1.162 1.120 1.057 0.977 0.887 0.781 0.653 0.509 0.375 0.276 0.210 0.166 0.138 0.120 0.109 0.104 0.103 0.104 0.108 0.111 0.112 0.112 0.112 0.110 0.109 0.109 0.110 0.113 0.121 0.138 0.171 0.233 0.347 0.544 0.860 1.201 1.403 1.481
15.756 16.737 17.412 17.839 18.099 18.252 18.326 18.344 18.315 18.252 18.155 18.023 17.850 17.615 17.271 16.743 15.974 14.938 13.655 12.166 10.527 8.845 7.208 5.744 4.506 3.507 2.738 2.175 1.792 1.548 1.399 1.309 1.249 1.199 1.158 1.124 1.093 1.062 1.023 0.963 0.871 0.754 0.634 0.525 0.426 0.333 0.251 0.187 0.141 0.111 0.092 0.080 0.073 0.070 0.070 0.071 0.075 0.080 0.083 0.084 0.084 0.084 0.083 0.083 0.083 0.084 0.086 0.093 0.106 0.130 0.174 0.257 0.404 0.653 1.000 1.269 1.398
16.403 17.588 18.471 19.103 19.556 19.881 20.104 20.233 20.280 20.273 20.227 20.134 19.994 19.797 19.508 19.059 18.387 17.452 16.251 14.817 13.190 11.398 9.456 7.513 5.798 4.380 3.276 2.474 1.933 1.591 1.387 1.260 1.164 1.084 1.011 0.944 0.879 0.810 0.730 0.631 0.519 0.414 0.332 0.266 0.211 0.164 0.126 0.097 0.077 0.064 0.055 0.051 0.049 0.049 0.049 0.051 0.056 0.060 0.063 0.064 0.064 0.064 0.064 0.064 0.064 0.065 0.068 0.074 0.084 0.102 0.135 0.196 0.306 0.495 0.796 1.111 1.295
16.535 17.809 18.832 19.642 20.284 20.784 21.152 21.391 21.511 21.543 21.527 21.462 21.347 21.185 20.951 20.585 20.015 19.188 18.073 16.675 15.021 13.122 10.968 8.654 6.592 4.891 3.575 2.626 1.989 1.586 1.327 1.141 0.992 0.863 0.746 0.644 0.558 0.483 0.414 0.341 0.272 0.214 0.170 0.136 0.108 0.085 0.068 0.055 0.046 0.041 0.038 0.036 0.036 0.036 0.037 0.039 0.042 0.045 0.048 0.049 0.049 0.049 0.049 0.050 0.051 0.052 0.055 0.060 0.069 0.083 0.109 0.156 0.238 0.380 0.610 0.921 1.163
16.414 17.740 18.832 19.732 20.484 21.096 21.556 21.864 22.035 22.093 22.088 22.036 21.936 21.805 21.620 21.317 20.828 20.089 19.052 17.689 16.008 14.017 11.710 9.170 6.914 5.073 3.662 2.657 1.981 1.524 1.195 0.941 0.731 0.564 0.443 0.361 0.304 0.260 0.219 0.178 0.143 0.114 0.091 0.073 0.060 0.049 0.041 0.035 0.031 0.029 0.028 0.027 0.027 0.027 0.028 0.030 0.032 0.034 0.036 0.037 0.037 0.038 0.038 0.039 0.040 0.042 0.045 0.050 0.057 0.070 0.092 0.129 0.192 0.299 0.469 0.725 0.998
15.971 17.393 18.601 19.609 20.436 21.091 21.575 21.900 22.084 22.151 22.149 22.099 22.004 21.889 21.727 21.450 20.993 20.298 19.308 17.977 16.284 14.239 11.856 9.239 6.924 5.045 3.611 2.583 1.869 1.358 0.973 0.676 0.464 0.328 0.244 0.192 0.161 0.137 0.116 0.096 0.078 0.064 0.053 0.044 0.037 0.032 0.028 0.025 0.023 0.022 0.021 0.021 0.021 0.021 0.022 0.022 0.024 0.025 0.026 0.027 0.028 0.029 0.029 0.030 0.031 0.033 0.036 0.041 0.049 0.061 0.079 0.110 0.160 0.242 0.370 0.562 0.816
15.154 16.691 18.036 19.176 20.104 20.812 21.309 21.626 21.801 21.865 21.864 21.819 21.729 21.615 21.449 21.172 20.728 20.062 19.105 17.794 16.096 14.014 11.558 8.914 6.603 4.735 3.317 2.297 1.576 1.052 0.673 0.421 0.271 0.183 0.133 0.104 0.087 0.075 0.064 0.055 0.046 0.040 0.034 0.029 0.025 0.023 0.020 0.019 0.018 0.017 0.016 0.016 0.016 0.016 0.016 0.017 0.017 0.018 0.019 0.020 0.020 0.021 0.022 0.023 0.024 0.026 0.029 0.034 0.041 0.053 0.070 0.097 0.138 0.203 0.302 0.448 0.651
13.987 15.618 17.085 18.337 19.346 20.098 20.604 20.901 21.043 21.090 21.092 21.064 20.986 20.845 20.626 20.300 19.830 19.161 18.214 16.896 15.155 12.997 10.462 7.896 5.710 3.966 2.656 1.719 1.074 0.648 0.387 0.236 0.150 0.101 0.074 0.059 0.050 0.044 0.039 0.034 0.030 0.027 0.024 0.021 0.019 0.017 0.015 0.014 0.013 0.013 0.012 0.012 0.012 0.012 0.012 0.012 0.012 0.013 0.013 0.014 0.014 0.015 0.015 0.016 0.018 0.020 0.023 0.027 0.035 0.045 0.061 0.086 0.122 0.176 0.256 0.370 0.529
12.525 14.181 15.730 17.059 18.131 18.924 19.440 19.713 19.814 19.841 19.851 19.847 19.781 19.588 19.265 18.833 18.275 17.531 16.499 15.067 13.181 10.871 8.339 6.024 4.129 2.679 1.645 0.969 0.565 0.331 0.199 0.124 0.082 0.058 0.044 0.037 0.032 0.029 0.026 0.024 0.021 0.019 0.018 0.016 0.014 0.013 0.012 0.011 0.010 0.009 0.009 0.008 0.008 0.008 0.008 0.008 0.008 0.008 0.008 0.009 0.009 0.010 0.010 0.011 0.012 0.014 0.017 0.022 0.028 0.038 0.053 0.076 0.108 0.155 0.223 0.317 0.444
10.820 12.416 14.000 15.385 16.521 17.367 17.912 18.181 18.263 18.282 18.295 18.293 18.203 17.936 17.493 16.913 16.190 15.250 13.969 12.235 10.008 7.555 5.310 3.560 2.285 1.397 0.814 0.461 0.264 0.157 0.098 0.065 0.046 0.035 0.029 0.025 0.022 0.021 0.019 0.017 0.016 0.015 0.013 0.012 0.011 0.010 0.009 0.008 0.007 0.006 0.006 0.006 0.005 0.005 0.005 0.005 0.005 0.005 0.005 0.005 0.006 0.006 0.007 0.007 0.008 0.010 0.012 0.016 0.022 0.032 0.046 0.066 0.096 0.138 0.197 0.277 0.383
8.993 10.427 11.974 13.396 14.590 15.496 16.087 16.387 16.480 16.495 16.490 16.437 16.256 15.882 15.306 14.547 13.584 12.315 10.582 8.380 6.119 4.191 2.746 1.736 1.060 0.625 0.356 0.202 0.120 0.076 0.051 0.037 0.029 0.024 0.020 0.018 0.017 0.016 0.014 0.013 0.012 0.011 0.010 0.009 0.008 0.007 0.006 0.005 0.005 0.004 0.004 0.003 0.003 0.003 0.003 0.002 0.002 0.002 0.003 0.003 0.003 0.003 0.004 0.004 0.005 0.007 0.009 0.012 0.017 0.025 0.038 0.056 0.083 0.121 0.173 0.243 0.334
7.258 8.403 9.740 11.125 12.319 13.248 13.874 14.212 14.326 14.329 14.260 14.073 13.727 13.191 12.447 11.474 10.201 8.538 6.572 4.660 3.122 1.975 1.202 0.721 0.430 0.254 0.148 0.089 0.057 0.040 0.030 0.024 0.020 0.017 0.015 0.014 0.013 0.012 0.011 0.010 0.009 0.008 0.008 0.007 0.006 0.005 0.004 0.003 0.003 0.002 0.002 0.002 0.001 0.001 0.001 0.001 0.001 0.001 0.001 0.001 0.001 0.002 0.002 0.002 0.003 0.004 0.006 0.009 0.013 0.020 0.030 0.046 0.070 0.103 0.149 0.210 0.290
5.644 6.449 7.398 8.507 9.549 10.376 10.950 11.276 11.386 11.370 11.214 10.858 10.283 9.510 8.568 7.459 6.182 4.745 3.327 2.170 1.329 0.782 0.459 0.275 0.168 0.103 0.065 0.044 0.031 0.024 0.020 0.017 0.015 0.013 0.012 0.011 0.010 0.009 0.008 0.008 0.007 0.006 0.005 0.005 0.004 0.003 0.002 0.002 0.001 0.001 0.001 0.001 0.000 0.000 0.000 0.000 0.000 0.000 0.000 0.000 0.000 0.001 0.001 0.001 0.002 0.002 0.004 0.006 0.009 0.014 0.023 0.036 0.056 0.084 0.124 0.178 0.248
4.151 4.628 5.155 5.753 6.337 6.832 7.203 7.415 7.482 7.447 7.246 6.832 6.236 5.513 4.722 3.912 3.057 2.157 1.389 0.833 0.483 0.282 0.170 0.107 0.070 0.047 0.033 0.025 0.020 0.016 0.014 0.012 0.011 0.010 0.009 0.008 0.008 0.007 0.006 0.006 0.005 0.005 0.004 0.003 0.003 0.002 0.001 0.001 0.001 0.000 0.000 0.000 0.000 0.000 0.000 0.000 0.000 0.000 0.000 0.000 0.000 0.000 0.000 0.000 0.001 0.001 0.002 0.004 0.006 0.010 0.016 0.026 0.042 0.065 0.099 0.145 0.207
2.822 3.042 3.275 3.518 3.737 3.911 4.027 4.078 4.077 4.031 3.887 3.607 3.191 2.677 2.165 1.690 1.228 0.809 0.492 0.289 0.171 0.105 0.068 0.047 0.034 0.026 0.020 0.016 0.014 0.012 0.010 0.009 0.008 0.007 0.007 0.006 0.006 0.005 0.005 0.004 0.004 0.003 0.003 0.002 0.002 0.001 0.001 0.000 0.000 0.000 0.000 0.000 0.000 0.000 0.000 0.000 0.000 0.000 0.000 0.000 0.000 0.000 0.000 0.000 0.000 0.001 0.001 0.002 0.004 0.007 0.011 0.019 0.030 0.048 0.075 0.113 0.168
1.741 1.807 1.875 1.933 1.968 1.978 1.966 1.937 1.899 1.846 1.753 1.595 1.365 1.083 0.830 0.616 0.429 0.277 0.170 0.104 0.066 0.045 0.033 0.025 0.020 0.016 0.014 0.011 0.010 0.008 0.007 0.007 0.006 0.005 0.005 0.004 0.004 0.004 0.004 0.003 0.003 0.003 0.002 0.002 0.001 0.001 0.000 0.000 0.000 0.000 0.000 0.000 0.000 0.000 0.000 0.000 0.000 0.000 0.000 0.000 0.000 0.000 0.000 0.000 0.000 0.000 0.000 0.001 0.002 0.004 0.007 0.012 0.021 0.034 0.054 0.084 0.129
0.965 0.963 0.961 0.952 0.932 0.898 0.853 0.808 0.767 0.727 0.677 0.607 0.509 0.391 0.292 0.213 0.148 0.099 0.065 0.044 0.031 0.024 0.019 0.016 0.013 0.011 0.009 0.008 0.007 0.006 0.005 0.005 0.004 0.004 0.004 0.003 0.003 0.003 0.003 0.003 0.002 0.002 0.002 0.001 0.001 0.000 0.000 0.000 0.000 0.000 0.000 0.000 0.000 0.000 0.000 0.000 0.000 0.000 0.000 0.000 0.000 0.000 0.000 0.000 0.000 0.000 0.000 0.000 0.001 0.002 0.004 0.008 0.013 0.022 0.037 0.059 0.093
0.477 0.462 0.447 0.432 0.412 0.383 0.347 0.316 0.291 0.268 0.246 0.218 0.182 0.140 0.105 0.078 0.057 0.041 0.030 0.023 0.018 0.015 0.013 0.011 0.009 0.008 0.007 0.006 0.005 0.004 0.004 0.004 0.003 0.003 0.003 0.003 0.003 0.003 0.002 0.002 0.002 0.002 0.001 0.001 0.001 0.000 0.000 0.000 0.000 0.000 0.000 0.000 0.000 0.000 0.000 0.000 0.000 0.000 0.000 0.000 0.000 0.000 0.000 0.000 0.000 0.000 0.000 0.000 0.000 0.001 0.002 0.005 0.008 0.014 0.024 0.039 0.063
0.216 0.206 0.197 0.187 0.174 0.157 0.137 0.121 0.109 0.099 0.090 0.081 0.069 0.055 0.043 0.034 0.027 0.021 0.017 0.014 0.012 0.010 0.009 0.007 0.006 0.006 0.005 0.004 0.004 0.003 0.003 0.003 0.003 0.003 0.003 0.003 0.003 0.002 0.002 0.002 0.002 0.002 0.001 0.001 0.000 0.000 0.000 0.000 0.000 0.000 0.000 0.000 0.000 0.000 0.000 0.000 0.000 0.000 0.000 0.000 0.000 0.000 0.000 0.000 0.000 0.000 0.000 0.000 0.000 0.001 0.001 0.003 0.005 0.008 0.014 0.024 0.039
0.094 0.089 0.084 0.079 0.073 0.064 0.055 0.048 0.044 0.040 0.037 0.034 0.031 0.026 0.022 0.018 0.015 0.013 0.011 0.009 0.008 0.007 0.006 0.005 0.005 0.004 0.004 0.004 0.003 0.003 0.003 0.003 0.003 0.003 0.003 0.003 0.003 0.003 0.002 0.002 0.002 0.001 0.001 0.001 0.000 0.000 0.000 0.000 0.000 0.000 0.000 0.000 0.000 0.000 0.000 0.000 0.000 0.000 0.000 0.000 0.000 0.000 0.000 0.000 0.000 0.000 0.000 0.000 0.000 0.000 0.001 0.001 0.002 0.005 0.008 0.014 0.023
0.041 0.039 0.037 0.035 0.032 0.028 0.024 0.022 0.020 0.019 0.018 0.017 0.016 0.015 0.013 0.012 0.010 0.009 0.007 0.006 0.006 0.005 0.004 0.004 0.004 0.004 0.004 0.003 0.003 0.003 0.003 0.003 0.003 0.003 0.003 0.003 0.003 0.003 0.003 0.002 0.002 0.001 0.001 0.001 0.000 0.000 0.000 0.000 0.000 0.000 0.000 0.000 0.000 0.000 0.000 0.000 0.000 0.000 0.000 0.000 0.000 0.000 0.000 0.000 0.000 0.000 0.000 0.000 0.000 0.000 0.000 0.000 0.001 0.002 0.004 0.008 0.013
0.018 0.018 0.017 0.016 0.015 0.014 0.012 0.012 0.011 0.011 0.011 0.010 0.010 0.009 0.009 0.008 0.007 0.006 0.005 0.005 0.004 0.004 0.004 0.004 0.004 0.004 0.004 0.004 0.004 0.004 0.004 0.004 0.004 0.004 0.004 0.004 0.003 0.003 0.003 0.002 0.002 0.001 0.001 0.000 0.000 0.000 0.000 0.000 0.000 0.000 0.000 0.000 0.000 0.000 0.000 0.000 0.000 0.000 0.000 0.000 0.000 0.000 0.000 0.000 0.000 0.000 0.000 0.000 0.000 0.000 0.000 0.000 0.000 0.001 0.002 0.004 0.007
0.009 0.009 0.009 0.009 0.008 0.008 0.007 0.007 0.007 0.007 0.007 0.007 0.006 0.006 0.006 0.005 0.005 0.004 0.004 0.004 0.003 0.003 0.004 0.004 0.004 0.004 0.004 0.005 0.005 0.005 0.005 0.005 0.005 0.005 0.004 0.004 0.003 0.003 0.003 0.002 0.001 0.001 0.001 0.000 0.000 0.000 0.000 0.000 0.000 0.000 0.000 0.000 0.000 0.000 0.000 0.000 0.000 0.000 0.000 0.000 0.000 0.000 0.000 0.000 0.000 0.000 0.000 0.000 0.000 0.000 0.000 0.000 0.000 0.000 0.001 0.002 0.003
0.005 0.005 0.005 0.005 0.005 0.005 0.005 0.004 0.004 0.004 0.004 0.004 0.004 0.004 0.004 0.004 0.004 0.003 0.003 0.003 0.003 0.004 0.004 0.004 0.005 0.006 0.006 0.007 0.007 0.007 0.007 0.006 0.006 0.005 0.005 0.004 0.003 0.003 0.002 0.002 0.001 0.001 0.000 0.000 0.000 0.000 0.000 0.000 0.000 0.000 0.000 0.000 0.000 0.000 0.000 0.000 0.000 0.000 0.000 0.000 0.000 0.000 0.000 0.000 0.000 0.000 0.000 0.000 0.000 0.000 0.000 0.000 0.000 0.000 0.000 0.001 0.001
0.003 0.003 0.003 0.003 0.003 0.003 0.003 0.003 0.003 0.003 0.003 0.003 0.003 0.003 0.003 0.003 0.003 0.003 0.003 0.003 0.004 0.004 0.005 0.006 0.007 0.008 0.008 0.008 0.008 0.008 0.007 0.006 0.006 0.005 0.005 0.004 0.003 0.003 0.002 0.001 0.001 0.001 0.000 0.000 0.000 0.000 0.000 0.000 0.000 0.000 0.000 0.000 0.000 0.000 0.000 0.000 0.000 0.000 0.000 0.000 0.000 0.000 0.000 0.000 0.000 0.000 0.000 0.000 0.000 0.000 0.000 0.000 0.000 0.000 0.000 0.000 0.000
0.002 0.002 0.002 0.002 0.002 0.002 0.002 0.002 0.002 0.002 0.002 0.002 0.003 0.003 0.003 0.003 0.003 0.003 0.003 0.004 0.005 0.006 0.007 0.008 0.008 0.009 0.009 0.009 0.008 0.008 0.007 0.006 0.006 0.005 0.004 0.003 0.003 0.002 0.001 0.001 0.001 0.000 0.000 0.000 0.000 0.000 0.000 0.000 0.000 0.000 0.000 0.000 0.000 0.000 0.000 0.000 0.000 0.000 0.000 0.000 0.000 0.000 0.000 0.000 0.000 0.000 0.000 0.000 0.000 0.000 0.000 0.000 0.000 0.000 0.000 0.000 0.000
0.001 0.001 0.001 0.001 0.001 0.002 0.002 0.002 0.002 0.002 0.002 0.002 0.002 0.002 0.002 0.003 0.003 0.003 0.004 0.005 0.006 0.007 0.008 0.008 0.009 0.009 0.009 0.009 0.008 0.008 0.007 0.006 0.005 0.004 0.004 0.003 0.002 0.001 0.001 0.001 0.000 0.000 0.000 0.000 0.000 0.000 0.000 0.000 0.000 0.000 0.000 0.000 0.000 0.000 0.000 0.000 0.000 0.000 0.000 0.000 0.000 0.000 0.000 0.000 0.000 0.000 0.000 0.000 0.000 0.000 0.000 0.000 0.000 0.000 0.000 0.000 0.000
0.001 0.001 0.001 0.001 0.001 0.001 0.001 0.001 0.001 0.002 0.002 0.002 0.002 0.002 0.002 0.003 0.003 0.004 0.005 0.006 0.007 0.008 0.008 0.009 0.009 0.009 0.009 0.009 0.008 0.007 0.006 0.005 0.004 0.003 0.003 0.002 0.001 0.001 0.001 0.001 0.000 0.000 0.000 0.000 0.000 0.000 0.000 0.000 0.000 0.000 0.000 0.000 0.000 0.000 0.000 0.000 0.000 0.000 0.000 0.000 0.000 0.000 0.000 0.000 0.000 0.000 0.000 0.000 0.000 0.000 0.000 0.000 0.000 0.000 0.000 0.000 0.000
0.001 0.001 0.001 0.001 0.001 0.001 0.001 0.001 0.001 0.001 0.001 0.001 0.002 0.002 0.002 0.003 0.003 0.004 0.005 0.006 0.007 0.008 0.008 0.008 0.009 0.008 0.008 0.008 0.007 0.006 0.005 0.004 0.003 0.002 0.002 0.001 0.001 0.001 0.001 0.000 0.000 0.000 0.000 0.000 0.000 0.000 0.000 0.000 0.000 0.000 0.000 0.000 0.000 0.000 0.000 0.000 0.000 0.000 0.000 0.000 0.000 0.000 0.000 0.000 0.000 0.000 0.000 0.000 0.000 0.000 0.000 0.000 0.000 0.000 0.000 0.000 0.000
0.000 0.000 0.000 0.000 0.001 0.001 0.001 0.001 0.001 0.001 0.001 0.001 0.001 0.002 0.002 0.002 0.003 0.004 0.005 0.006 0.007 0.007 0.008 0.008 0.008 0.007 0.007 0.006 0.005 0.004 0.003 0.003 0.002 0.002 0.001 0.001 0.001 0.001 0.000 0.000 0.000 0.000 0.000 0.000 0.000 0.000 0.000 0.000 0.000 0.000 0.000 0.000 0.000 0.000 0.000 0.000 0.000 0.000 0.000 0.000 0.000 0.000 0.000 0.000 0.000 0.000 0.000 0.000 0.000 0.000 0.000 0.000 0.000 0.000 0.000 0.000 0.000
0.000 0.000 0.000 0.000 0.000 0.000 0.000 0.001 0.001 0.001 0.001 0.001 0.001 0.001 0.002 0.002 0.003 0.004 0.005 0.006 0.006 0.006 0.006 0.006 0.006 0.005 0.005 0.004 0.004 0.003 0.002 0.002 0.001 0.001 0.001 0.001 0.001 0.000 0.000 0.000 0.000 0.000 0.000 0.000 0.000 0.000 0.000 0.000 0.000 0.000 0.000 0.000 0.000 0.000 0.000 0.000 0.000 0.000 0.000 0.000 0.000 0.000 0.000 0.000 0.000 0.000 0.000 0.000 0.000 0.000 0.000 0.000 0.000 0.000 0.000 0.000 0.000
0.000 0.000 0.000 0.000 0.000 0.000 0.000 0.000 0.000 0.000 0.001 0.001 0.001 0.001 0.001 0.002 0.002 0.003 0.004 0.004 0.004 0.004 0.004 0.004 0.004 0.003 0.003 0.002 0.002 0.002 0.001 0.001 0.001 0.001 0.001 0.000 0.000 0.000 0.000 0.000 0.000 0.000 0.000 0.000 0.000 0.000 0.000 0.000 0.000 0.000 0.000 0.000 0.000 0.000 0.000 0.000 0.000 0.000 0.000 0.000 0.000 0.000 0.000 0.000 0.000 0.000 0.000 0.000 0.000 0.000 0.000 0.000 0.000 0.000 0.000 0.000 0.000
