RESULTS/r.avaflow_results/22_results/22_ascii/22_hflow10033.asc
ncols 506
nrows 317
xllcenter 498237.50
yllcenter 5580050.00
cellsize 12.50
NODATA_value -9999.000
[rows 170 to 203 of 317, columns 77 to 153 of 506]
0.000 0.000 0.000 0.000 0.000 0.000 0.000 0.000 0.000 0.000 0.001 0.001 0.003 0.006 0.010 0.015 0.021 0.027 0.034 0.042 0.054 0.073 0.109 0.172 0.263 0.341 0.382 0.398 0.404 0.404 0.402 0.393 0.375 0.344 0.303 0.266 0.239 0.221 0.210 0.205 0.207 0.223 0.281 0.436 0.744 1.198 1.735 2.305 2.925 3.664 4.627 5.825 7.022 7.909 8.403 8.581 8.632 8.658 8.670 8.654 8.606 8.472 8.196 7.777 7.234 6.594 5.893 5.262 4.709 4.221 3.793 3.418 3.092 2.802 2.540 2.299 2.075
0.000 0.000 0.000 0.000 0.000 0.000 0.000 0.000 0.000 0.001 0.002 0.005 0.009 0.016 0.024 0.034 0.045 0.057 0.071 0.088 0.112 0.149 0.209 0.300 0.401 0.467 0.496 0.507 0.510 0.510 0.504 0.490 0.462 0.417 0.369 0.334 0.311 0.297 0.291 0.294 0.313 0.377 0.546 0.903 1.476 2.196 2.950 3.719 4.557 5.490 6.472 7.433 8.212 8.691 8.869 8.889 8.865 8.842 8.817 8.770 8.683 8.506 8.205 7.781 7.240 6.597 5.893 5.261 4.711 4.235 3.827 3.474 3.171 2.904 2.667 2.450 2.251
0.000 0.000 0.000 0.000 0.000 0.000 0.000 0.000 0.001 0.002 0.006 0.011 0.020 0.032 0.046 0.063 0.082 0.103 0.129 0.160 0.201 0.262 0.354 0.464 0.549 0.594 0.615 0.623 0.624 0.622 0.613 0.590 0.548 0.486 0.437 0.409 0.395 0.389 0.392 0.417 0.492 0.682 1.076 1.739 2.635 3.590 4.500 5.400 6.286 7.131 7.895 8.501 8.886 9.033 9.030 8.981 8.926 8.877 8.828 8.765 8.660 8.474 8.176 7.758 7.224 6.584 5.880 5.250 4.706 4.242 3.848 3.512 3.224 2.975 2.758 2.564 2.387
0.000 0.000 0.000 0.000 0.000 0.000 0.000 0.000 0.002 0.005 0.011 0.020 0.033 0.051 0.073 0.098 0.128 0.164 0.205 0.255 0.320 0.410 0.523 0.622 0.685 0.720 0.737 0.743 0.744 0.740 0.724 0.691 0.632 0.551 0.498 0.474 0.469 0.479 0.512 0.598 0.808 1.244 1.986 3.040 4.218 5.269 6.146 6.937 7.667 8.312 8.819 9.121 9.221 9.187 9.093 9.000 8.927 8.860 8.793 8.707 8.579 8.384 8.092 7.687 7.170 6.545 5.850 5.230 4.697 4.242 3.856 3.529 3.251 3.015 2.813 2.638 2.481
0.000 0.000 0.000 0.000 0.000 0.000 0.000 0.000 0.002 0.007 0.015 0.026 0.042 0.065 0.093 0.129 0.173 0.227 0.291 0.367 0.459 0.570 0.680 0.762 0.817 0.849 0.864 0.869 0.868 0.860 0.837 0.792 0.714 0.614 0.551 0.525 0.523 0.545 0.629 0.841 1.299 2.119 3.336 4.727 5.915 6.811 7.522 8.130 8.648 9.054 9.314 9.402 9.363 9.250 9.103 8.991 8.899 8.805 8.713 8.600 8.447 8.242 7.951 7.560 7.065 6.465 5.794 5.194 4.678 4.235 3.856 3.533 3.260 3.033 2.841 2.679 2.537
0.000 0.000 0.000 0.000 0.000 0.000 0.000 0.000 0.002 0.008 0.016 0.029 0.048 0.073 0.107 0.150 0.207 0.278 0.367 0.474 0.598 0.722 0.824 0.901 0.952 0.981 0.994 0.997 0.995 0.983 0.952 0.893 0.798 0.676 0.596 0.564 0.561 0.589 0.705 1.032 1.765 3.025 4.728 6.228 7.300 8.048 8.573 8.963 9.263 9.457 9.532 9.507 9.410 9.257 9.085 8.939 8.817 8.696 8.576 8.434 8.258 8.037 7.744 7.366 6.896 6.336 5.707 5.136 4.641 4.212 3.843 3.527 3.260 3.036 2.850 2.695 2.561
0.000 0.000 0.000 0.000 0.000 0.000 0.000 0.000 0.003 0.008 0.017 0.031 0.050 0.077 0.114 0.164 0.229 0.314 0.423 0.561 0.722 0.860 0.966 1.041 1.090 1.117 1.128 1.130 1.126 1.108 1.069 0.998 0.886 0.740 0.638 0.593 0.587 0.614 0.740 1.119 2.024 3.625 5.739 7.352 8.376 8.981 9.308 9.491 9.608 9.656 9.624 9.537 9.405 9.233 9.026 8.832 8.671 8.520 8.371 8.206 8.010 7.770 7.471 7.105 6.665 6.149 5.571 5.036 4.568 4.160 3.806 3.502 3.245 3.030 2.848 2.696 2.565
0.000 0.000 0.000 0.000 0.000 0.000 0.000 0.000 0.003 0.008 0.017 0.031 0.051 0.079 0.117 0.169 0.239 0.333 0.459 0.623 0.821 0.988 1.107 1.186 1.234 1.258 1.267 1.268 1.261 1.238 1.190 1.106 0.978 0.807 0.679 0.617 0.604 0.626 0.748 1.134 2.110 3.938 6.391 8.158 9.162 9.621 9.777 9.817 9.808 9.754 9.657 9.527 9.362 9.157 8.912 8.668 8.461 8.278 8.103 7.914 7.695 7.440 7.134 6.778 6.367 5.897 5.375 4.884 4.448 4.067 3.733 3.448 3.206 3.002 2.830 2.686 2.562
0.000 0.000 0.000 0.000 0.000 0.000 0.000 0.000 0.002 0.008 0.016 0.030 0.050 0.078 0.118 0.170 0.242 0.340 0.475 0.657 0.891 1.101 1.245 1.335 1.386 1.409 1.415 1.414 1.403 1.373 1.316 1.220 1.076 0.883 0.723 0.637 0.614 0.630 0.744 1.121 2.101 4.032 6.742 8.680 9.675 10.013 10.060 10.018 9.922 9.791 9.644 9.476 9.267 9.016 8.726 8.440 8.194 7.978 7.769 7.553 7.309 7.039 6.732 6.385 6.001 5.576 5.114 4.674 4.279 3.930 3.623 3.362 3.139 2.953 2.797 2.663 2.550
0.000 0.000 0.000 0.000 0.000 0.000 0.000 0.000 0.002 0.006 0.014 0.027 0.046 0.075 0.114 0.168 0.240 0.340 0.477 0.668 0.927 1.192 1.372 1.480 1.538 1.564 1.570 1.568 1.553 1.516 1.448 1.341 1.183 0.969 0.774 0.659 0.619 0.626 0.724 1.075 2.030 3.994 6.855 8.949 9.961 10.223 10.215 10.115 9.959 9.779 9.588 9.368 9.103 8.799 8.466 8.148 7.870 7.621 7.377 7.129 6.859 6.570 6.257 5.922 5.567 5.190 4.791 4.409 4.059 3.748 3.476 3.244 3.049 2.885 2.746 2.627 2.525
0.000 0.000 0.000 0.000 0.000 0.000 0.000 0.000 0.001 0.004 0.010 0.021 0.038 0.064 0.102 0.155 0.227 0.326 0.465 0.660 0.927 1.243 1.477 1.609 1.677 1.706 1.714 1.711 1.696 1.657 1.585 1.469 1.299 1.067 0.835 0.687 0.623 0.617 0.687 0.992 1.884 3.837 6.785 9.013 10.077 10.315 10.271 10.132 9.943 9.720 9.469 9.183 8.860 8.504 8.138 7.799 7.494 7.211 6.932 6.647 6.349 6.037 5.717 5.396 5.074 4.747 4.414 4.094 3.796 3.530 3.296 3.100 2.935 2.795 2.677 2.575 2.488
0.000 0.000 0.000 0.000 0.000 0.000 0.000 0.000 0.001 0.002 0.005 0.012 0.023 0.044 0.076 0.122 0.188 0.280 0.412 0.605 0.882 1.238 1.538 1.714 1.795 1.829 1.839 1.837 1.824 1.787 1.717 1.600 1.425 1.183 0.917 0.729 0.635 0.615 0.654 0.887 1.664 3.519 6.495 8.905 10.076 10.332 10.267 10.092 9.858 9.579 9.263 8.906 8.527 8.136 7.756 7.401 7.072 6.758 6.446 6.132 5.814 5.485 5.161 4.849 4.551 4.266 3.996 3.741 3.500 3.282 3.092 2.931 2.796 2.683 2.586 2.503 2.430
0.000 0.000 0.000 0.000 0.000 0.000 0.000 0.000 0.000 0.001 0.002 0.005 0.011 0.021 0.039 0.070 0.117 0.187 0.295 0.468 0.743 1.147 1.540 1.778 1.887 1.929 1.942 1.942 1.932 1.901 1.838 1.729 1.559 1.319 1.028 0.798 0.667 0.626 0.643 0.803 1.412 3.051 5.941 8.550 9.894 10.241 10.173 9.957 9.666 9.322 8.938 8.518 8.102 7.702 7.325 6.967 6.622 6.288 5.966 5.644 5.317 4.981 4.658 4.355 4.073 3.815 3.581 3.372 3.183 3.013 2.865 2.740 2.636 2.547 2.472 2.408 2.352
0.000 0.000 0.000 0.000 0.000 0.000 0.000 0.000 0.000 0.000 0.001 0.002 0.004 0.008 0.016 0.029 0.051 0.087 0.149 0.269 0.509 0.931 1.452 1.791 1.944 1.999 2.020 2.024 2.018 1.997 1.946 1.853 1.701 1.476 1.180 0.911 0.740 0.667 0.665 0.768 1.208 2.531 5.162 7.899 9.404 9.883 9.868 9.658 9.331 8.924 8.464 8.006 7.591 7.209 6.852 6.507 6.170 5.842 5.519 5.194 4.859 4.522 4.205 3.912 3.645 3.407 3.198 3.017 2.863 2.731 2.620 2.527 2.449 2.384 2.330 2.287 2.250
0.000 0.000 0.000 0.000 0.000 0.000 0.000 0.000 0.000 0.000 0.000 0.001 0.001 0.003 0.005 0.010 0.019 0.033 0.061 0.123 0.277 0.636 1.231 1.723 1.959 2.038 2.071 2.084 2.084 2.073 2.038 1.968 1.845 1.653 1.378 1.080 0.871 0.762 0.738 0.798 1.108 2.093 4.253 6.937 8.558 9.176 9.245 9.104 8.791 8.353 7.829 7.358 6.978 6.650 6.334 6.023 5.719 5.413 5.100 4.775 4.432 4.098 3.789 3.508 3.255 3.032 2.840 2.679 2.548 2.442 2.358 2.290 2.236 2.192 2.161 2.140 2.124
0.000 0.000 0.000 0.000 0.000 0.000 0.000 0.000 0.000 0.000 0.000 0.000 0.001 0.001 0.002 0.003 0.006 0.012 0.023 0.051 0.134 0.371 0.891 1.530 1.905 2.048 2.095 2.122 2.132 2.130 2.111 2.064 1.976 1.830 1.606 1.315 1.077 0.938 0.890 0.913 1.121 1.811 3.386 5.716 7.378 8.130 8.288 8.225 7.985 7.580 7.037 6.551 6.215 5.973 5.747 5.512 5.264 4.991 4.694 4.373 4.027 3.697 3.398 3.129 2.890 2.682 2.503 2.355 2.239 2.150 2.081 2.030 1.994 1.974 1.965 1.965 1.973
0.000 0.000 0.000 0.000 0.000 0.000 0.000 0.000 0.000 0.000 0.000 0.000 0.000 0.001 0.001 0.001 0.002 0.004 0.009 0.022 0.062 0.194 0.549 1.182 1.736 2.007 2.098 2.138 2.163 2.170 2.164 2.138 2.080 1.976 1.814 1.585 1.362 1.211 1.140 1.135 1.245 1.693 2.784 4.558 6.039 6.803 7.027 7.022 6.886 6.588 6.121 5.616 5.282 5.119 5.025 4.922 4.777 4.564 4.290 3.976 3.633 3.311 3.022 2.767 2.542 2.346 2.179 2.042 1.934 1.852 1.793 1.752 1.731 1.727 1.736 1.757 1.773
0.000 0.000 0.000 0.000 0.000 0.000 0.000 0.000 0.000 0.000 0.000 0.000 0.000 0.000 0.000 0.001 0.001 0.002 0.003 0.009 0.029 0.095 0.300 0.771 1.416 1.871 2.068 2.139 2.176 2.196 2.198 2.187 2.153 2.082 1.967 1.801 1.640 1.531 1.472 1.454 1.489 1.741 2.444 3.707 4.926 5.585 5.802 5.820 5.759 5.586 5.278 4.842 4.456 4.252 4.204 4.209 4.187 4.079 3.863 3.573 3.242 2.930 2.657 2.415 2.203 2.020 1.865 1.737 1.634 1.554 1.496 1.460 1.443 1.441 1.449 1.459 1.436
0.000 0.000 0.000 0.000 0.000 0.000 0.000 0.000 0.000 0.000 0.000 0.000 0.000 0.000 0.000 0.000 0.001 0.001 0.002 0.004 0.014 0.046 0.149 0.429 0.982 1.602 1.962 2.116 2.179 2.209 2.219 2.217 2.198 2.151 2.067 1.945 1.834 1.766 1.735 1.730 1.753 1.880 2.290 3.137 4.091 4.642 4.846 4.883 4.864 4.770 4.569 4.243 3.851 3.574 3.459 3.444 3.468 3.465 3.358 3.137 2.844 2.549 2.295 2.070 1.868 1.697 1.555 1.436 1.337 1.256 1.195 1.150 1.115 1.081 1.038 0.982 0.896
0.000 0.000 0.000 0.000 0.000 0.000 0.000 0.000 0.000 0.000 0.000 0.000 0.000 0.000 0.000 0.000 0.000 0.001 0.001 0.003 0.008 0.024 0.073 0.222 0.579 1.187 1.732 2.029 2.160 2.212 2.230 2.232 2.221 2.188 2.123 2.029 1.952 1.909 1.894 1.895 1.919 2.003 2.242 2.776 3.491 3.936 4.117 4.161 4.158 4.106 3.972 3.735 3.399 3.081 2.878 2.782 2.746 2.737 2.710 2.597 2.388 2.134 1.900 1.697 1.516 1.361 1.234 1.128 1.034 0.950 0.871 0.798 0.725 0.653 0.580 0.504 0.426
0.000 0.000 0.000 0.000 0.000 0.000 0.000 0.000 0.000 0.000 0.000 0.000 0.000 0.000 0.000 0.000 0.000 0.000 0.001 0.002 0.006 0.015 0.041 0.117 0.325 0.757 1.348 1.818 2.076 2.194 2.233 2.237 2.229 2.201 2.147 2.068 2.009 1.979 1.970 1.973 1.995 2.058 2.211 2.544 3.051 3.401 3.554 3.592 3.591 3.556 3.458 3.278 3.010 2.697 2.444 2.266 2.147 2.062 1.985 1.899 1.773 1.588 1.387 1.215 1.069 0.945 0.844 0.759 0.680 0.602 0.526 0.455 0.389 0.327 0.270 0.219 0.175
0.000 0.000 0.000 0.000 0.000 0.000 0.000 0.000 0.000 0.000 0.000 0.000 0.000 0.000 0.000 0.000 0.000 0.000 0.001 0.003 0.006 0.013 0.030 0.073 0.189 0.455 0.915 1.459 1.875 2.109 2.212 2.236 2.229 2.202 2.151 2.078 2.028 2.002 1.995 1.998 2.014 2.066 2.168 2.362 2.689 2.956 3.081 3.113 3.112 3.083 3.003 2.856 2.632 2.347 2.077 1.854 1.673 1.523 1.391 1.265 1.135 0.991 0.843 0.718 0.616 0.533 0.466 0.410 0.359 0.308 0.259 0.213 0.171 0.136 0.108 0.086 0.068
0.000 0.000 0.000 0.000 0.000 0.000 0.000 0.000 0.000 0.000 0.000 0.000 0.000 0.000 0.000 0.000 0.000 0.001 0.001 0.003 0.007 0.014 0.028 0.058 0.129 0.290 0.591 1.050 1.554 1.921 2.125 2.206 2.213 2.189 2.140 2.075 2.028 2.003 1.995 1.997 2.010 2.041 2.097 2.189 2.361 2.546 2.646 2.679 2.680 2.655 2.584 2.455 2.258 1.998 1.724 1.487 1.280 1.099 0.940 0.799 0.671 0.553 0.451 0.368 0.303 0.253 0.214 0.182 0.153 0.126 0.102 0.081 0.063 0.050 0.041 0.033 0.027
0.000 0.000 0.000 0.000 0.000 0.000 0.000 0.000 0.000 0.000 0.000 0.000 0.000 0.000 0.000 0.000 0.000 0.001 0.002 0.004 0.008 0.016 0.029 0.055 0.108 0.214 0.414 0.737 1.191 1.638 1.943 2.101 2.147 2.138 2.101 2.048 2.009 1.986 1.975 1.972 1.973 1.976 1.980 1.994 2.047 2.140 2.217 2.256 2.262 2.244 2.183 2.065 1.886 1.643 1.369 1.129 0.922 0.745 0.595 0.468 0.362 0.279 0.214 0.166 0.130 0.104 0.084 0.069 0.056 0.045 0.036 0.029 0.023 0.019 0.016 0.013 0.011
0.000 0.000 0.000 0.000 0.000 0.000 0.000 0.000 0.000 0.000 0.000 0.000 0.000 0.000 0.000 0.000 0.000 0.001 0.003 0.006 0.011 0.019 0.033 0.058 0.103 0.184 0.327 0.556 0.891 1.311 1.675 1.905 2.006 2.024 2.010 1.980 1.952 1.932 1.917 1.905 1.888 1.860 1.813 1.757 1.727 1.732 1.768 1.810 1.828 1.822 1.775 1.671 1.501 1.258 0.983 0.757 0.583 0.445 0.332 0.243 0.176 0.128 0.094 0.071 0.054 0.041 0.032 0.026 0.020 0.016 0.013 0.011 0.010 0.008 0.007 0.006 0.005
0.000 0.000 0.000 0.000 0.000 0.000 0.000 0.000 0.000 0.000 0.000 0.000 0.000 0.000 0.000 0.000 0.000 0.001 0.003 0.006 0.012 0.021 0.036 0.061 0.101 0.170 0.280 0.449 0.691 1.014 1.362 1.628 1.781 1.839 1.853 1.849 1.838 1.823 1.806 1.784 1.749 1.692 1.600 1.474 1.381 1.333 1.314 1.318 1.322 1.317 1.285 1.196 1.033 0.800 0.578 0.420 0.305 0.219 0.154 0.107 0.076 0.054 0.040 0.030 0.022 0.017 0.013 0.010 0.008 0.007 0.006 0.005 0.004 0.004 0.004 0.003 0.003
0.000 0.000 0.000 0.000 0.000 0.000 0.000 0.000 0.000 0.000 0.000 0.000 0.000 0.000 0.000 0.000 0.000 0.001 0.003 0.006 0.012 0.022 0.037 0.061 0.099 0.157 0.245 0.373 0.551 0.786 1.065 1.308 1.484 1.584 1.630 1.650 1.655 1.649 1.634 1.605 1.556 1.476 1.348 1.180 1.055 0.975 0.921 0.879 0.842 0.805 0.759 0.685 0.565 0.408 0.277 0.187 0.127 0.085 0.058 0.040 0.029 0.021 0.016 0.012 0.009 0.007 0.006 0.004 0.004 0.003 0.003 0.003 0.002 0.002 0.002 0.002 0.002
0.000 0.000 0.000 0.000 0.000 0.000 0.000 0.000 0.000 0.000 0.000 0.000 0.000 0.000 0.000 0.000 0.000 0.001 0.003 0.006 0.012 0.022 0.037 0.060 0.093 0.142 0.210 0.307 0.438 0.610 0.818 1.008 1.160 1.273 1.347 1.388 1.404 1.406 1.396 1.368 1.313 1.221 1.087 0.921 0.784 0.684 0.607 0.542 0.486 0.434 0.383 0.325 0.250 0.167 0.106 0.067 0.043 0.029 0.020 0.014 0.010 0.008 0.006 0.005 0.004 0.003 0.003 0.002 0.002 0.002 0.002 0.002 0.001 0.001 0.001 0.001 0.001
0.000 0.000 0.000 0.000 0.000 0.000 0.000 0.000 0.000 0.000 0.000 0.000 0.000 0.000 0.000 0.000 0.000 0.001 0.002 0.006 0.012 0.022 0.036 0.056 0.084 0.122 0.174 0.245 0.342 0.467 0.619 0.758 0.870 0.961 1.030 1.076 1.100 1.106 1.102 1.082 1.035 0.959 0.850 0.707 0.571 0.466 0.381 0.313 0.256 0.209 0.168 0.130 0.091 0.058 0.036 0.022 0.014 0.009 0.006 0.004 0.003 0.003 0.002 0.002 0.002 0.001 0.001 0.001 0.001 0.001 0.001 0.001 0.001 0.001 0.001 0.001 0.001
0.000 0.000 0.000 0.000 0.000 0.000 0.000 0.000 0.000 0.000 0.000 0.000 0.000 0.000 0.000 0.000 0.000 0.001 0.002 0.005 0.011 0.020 0.033 0.049 0.070 0.099 0.137 0.190 0.260 0.352 0.460 0.555 0.632 0.695 0.747 0.786 0.810 0.819 0.818 0.808 0.780 0.727 0.646 0.534 0.410 0.311 0.235 0.176 0.132 0.098 0.071 0.049 0.032 0.020 0.012 0.007 0.004 0.003 0.002 0.001 0.001 0.001 0.001 0.001 0.001 0.001 0.001 0.001 0.001 0.001 0.001 0.001 0.001 0.001 0.001 0.001 0.001
0.001 0.001 0.001 0.001 0.001 0.001 0.001 0.001 0.001 0.001 0.001 0.000 0.000 0.000 0.001 0.001 0.001 0.001 0.001 0.004 0.009 0.017 0.027 0.040 0.055 0.075 0.104 0.143 0.195 0.261 0.335 0.396 0.444 0.482 0.514 0.541 0.561 0.573 0.576 0.573 0.559 0.527 0.472 0.389 0.289 0.206 0.145 0.101 0.069 0.046 0.030 0.019 0.011 0.007 0.004 0.002 0.001 0.001 0.001 0.000 0.000 0.000 0.000 0.000 0.000 0.000 0.000 0.001 0.001 0.001 0.001 0.001 0.001 0.001 0.001 0.001 0.001
0.001 0.001 0.001 0.001 0.001 0.001 0.001 0.001 0.001 0.001 0.001 0.001 0.001 0.001 0.001 0.001 0.001 0.001 0.001 0.002 0.005 0.012 0.020 0.029 0.040 0.055 0.076 0.105 0.142 0.190 0.238 0.274 0.300 0.318 0.331 0.342 0.354 0.364 0.369 0.370 0.366 0.351 0.320 0.266 0.195 0.132 0.088 0.057 0.036 0.022 0.013 0.008 0.004 0.002 0.001 0.001 0.001 0.000 0.000 0.000 0.000 0.000 0.000 0.000 0.000 0.000 0.000 0.000 0.000 0.001 0.001 0.001 0.001 0.001 0.001 0.001 0.001
0.002 0.002 0.002 0.001 0.001 0.001 0.001 0.001 0.001 0.001 0.001 0.001 0.001 0.001 0.001 0.001 0.001 0.001 0.001 0.001 0.003 0.006 0.012 0.019 0.028 0.039 0.054 0.075 0.102 0.134 0.163 0.183 0.194 0.199 0.199 0.198 0.200 0.204 0.208 0.209 0.209 0.206 0.192 0.165 0.122 0.080 0.051 0.031 0.019 0.011 0.006 0.003 0.002 0.001 0.001 0.000 0.000 0.000 0.000 0.000 0.000 0.000 0.000 0.000 0.000 0.000 0.000 0.000 0.000 0.001 0.001 0.000 0.000 0.000 0.001 0.001 0.002
0.002 0.002 0.002 0.001 0.001 0.001 0.001 0.001 0.001 0.001 0.001 0.001 0.001 0.001 0.001 0.001 0.001 0.001 0.001 0.001 0.001 0.003 0.006 0.011 0.017 0.025 0.036 0.051 0.070 0.091 0.106 0.115 0.118 0.117 0.112 0.104 0.100 0.099 0.100 0.100 0.101 0.102 0.099 0.089 0.069 0.045 0.028 0.016 0.009 0.005 0.003 0.001 0.001 0.000 0.000 0.000 0.000 0.000 0.000 0.000 0.000 0.000 0.000 0.000 0.000 0.000 0.000 0.000 0.000 0.000 0.001 0.000 0.000 0.000 0.001 0.001 0.003
