RESULTS/r.avaflow_results/22_results/22_ascii/22_hflow0059.asc
ncols 506
nrows 317
xllcenter 498237.50
yllcenter 5580050.00
cellsize 12.50
NODATA_value -9999.000
[rows 136 to 169 of 317, columns 154 to 230 of 506]
0.000 0.000 0.000 0.000 0.000 0.000 0.000 0.000 0.000 0.000 0.000 0.000 0.000 0.000 0.000 0.000 0.000 0.000 0.000 0.000 0.000 0.000 0.000 0.000 0.000 0.000 0.000 0.000 0.000 0.000 0.000 0.000 0.000 0.000 0.000 0.000 0.000 0.000 0.000 0.000 0.000 0.000 0.000 0.000 0.000 0.000 0.000 0.000 0.000 0.000 0.000 0.000 0.000 0.000 0.000 0.000 0.000 0.000 0.000 0.000 0.000 0.000 0.000 0.000 0.000 0.000 0.000 0.000 0.000 0.000 0.000 0.000 0.000 0.000 0.000 0.000 0.000
0.000 0.000 0.000 0.000 0.000 0.000 0.000 0.000 0.000 0.000 0.000 0.000 0.000 0.000 0.000 0.000 0.000 0.000 0.000 0.000 0.000 0.000 0.000 0.000 0.000 0.000 0.000 0.000 0.000 0.000 0.000 0.000 0.000 0.000 0.000 0.000 0.000 0.000 0.000 0.000 0.000 0.000 0.000 0.000 0.000 0.000 0.000 0.000 0.000 0.000 0.000 0.000 0.000 0.000 0.000 0.000 0.000 0.000 0.000 0.000 0.000 0.000 0.000 0.000 0.000 0.000 0.000 0.000 0.000 0.000 0.000 0.000 0.000 0.000 0.000 0.000 0.000
0.000 0.000 0.000 0.000 0.000 0.000 0.000 0.000 0.000 0.000 0.000 0.000 0.000 0.000 0.000 0.000 0.000 0.000 0.000 0.000 0.000 0.000 0.000 0.000 0.000 0.000 0.000 0.000 0.000 0.000 0.000 0.000 0.000 0.000 0.000 0.000 0.000 0.000 0.000 0.000 0.000 0.000 0.000 0.000 0.000 0.000 0.000 0.000 0.000 0.000 0.000 0.000 0.000 0.000 0.000 0.000 0.000 0.000 0.000 0.000 0.000 0.000 0.000 0.000 0.000 0.000 0.000 0.000 0.000 0.000 0.000 0.000 0.000 0.000 0.000 0.000 0.000
0.000 0.000 0.000 0.000 0.000 0.000 0.000 0.000 0.000 0.000 0.000 0.000 0.000 0.000 0.000 0.000 0.000 0.000 0.000 0.000 0.000 0.000 0.000 0.000 0.000 0.000 0.000 0.000 0.000 0.000 0.000 0.000 0.000 0.000 0.000 0.000 0.000 0.000 0.000 0.000 0.000 0.000 0.000 0.000 0.000 0.000 0.000 0.000 0.000 0.000 0.000 0.000 0.000 0.000 0.000 0.000 0.000 0.000 0.000 0.000 0.000 0.000 0.000 0.000 0.000 0.000 0.000 0.000 0.000 0.000 0.000 0.000 0.000 0.000 0.000 0.000 0.000
0.000 0.000 0.000 0.000 0.000 0.000 0.000 0.000 0.000 0.000 0.000 0.000 0.000 0.000 0.000 0.000 0.000 0.000 0.000 0.000 0.000 0.000 0.000 0.000 0.000 0.000 0.000 0.000 0.000 0.000 0.000 0.000 0.000 0.000 0.000 0.000 0.000 0.000 0.000 0.000 0.000 0.000 0.000 0.000 0.000 0.000 0.000 0.000 0.000 0.000 0.000 0.000 0.000 0.000 0.000 0.000 0.000 0.000 0.000 0.000 0.000 0.000 0.000 0.000 0.000 0.000 0.000 0.000 0.000 0.000 0.000 0.000 0.000 0.000 0.000 0.000 0.000
0.000 0.000 0.000 0.000 0.000 0.000 0.000 0.000 0.000 0.000 0.000 0.000 0.000 0.000 0.000 0.000 0.000 0.000 0.000 0.000 0.000 0.000 0.000 0.000 0.000 0.000 0.000 0.000 0.000 0.000 0.000 0.000 0.000 0.000 0.000 0.000 0.000 0.000 0.000 0.000 0.000 0.000 0.000 0.000 0.000 0.000 0.000 0.000 0.000 0.000 0.000 0.000 0.000 0.000 0.000 0.000 0.000 0.000 0.000 0.000 0.000 0.000 0.000 0.000 0.000 0.000 0.000 0.000 0.000 0.000 0.000 0.000 0.000 0.000 0.000 0.000 0.000
0.000 0.000 0.000 0.000 0.000 0.000 0.000 0.000 0.000 0.000 0.000 0.000 0.000 0.000 0.000 0.000 0.000 0.000 0.000 0.000 0.000 0.000 0.000 0.000 0.000 0.000 0.000 0.000 0.000 0.000 0.000 0.000 0.000 0.000 0.000 0.000 0.000 0.000 0.000 0.000 0.000 0.000 0.000 0.000 0.000 0.000 0.000 0.000 0.000 0.000 0.000 0.000 0.000 0.000 0.000 0.000 0.000 0.000 0.000 0.000 0.000 0.000 0.000 0.000 0.000 0.000 0.000 0.000 0.000 0.000 0.000 0.000 0.000 0.000 0.000 0.000 0.000
0.000 0.000 0.000 0.000 0.000 0.000 0.000 0.000 0.000 0.000 0.000 0.000 0.000 0.000 0.000 0.000 0.000 0.000 0.000 0.000 0.000 0.000 0.000 0.000 0.000 0.000 0.000 0.000 0.000 0.000 0.000 0.000 0.000 0.000 0.000 0.000 0.000 0.000 0.000 0.000 0.000 0.000 0.000 0.000 0.000 0.000 0.000 0.000 0.000 0.000 0.000 0.000 0.000 0.000 0.000 0.000 0.000 0.000 0.000 0.000 0.000 0.000 0.000 0.000 0.000 0.000 0.000 0.000 0.000 0.000 0.000 0.000 0.000 0.000 0.000 0.000 0.000
0.000 0.000 0.000 0.000 0.000 0.000 0.000 0.000 0.000 0.000 0.000 0.000 0.000 0.000 0.000 0.000 0.000 0.000 0.000 0.000 0.000 0.000 0.000 0.000 0.000 0.000 0.000 0.000 0.000 0.000 0.000 0.000 0.000 0.000 0.000 0.000 0.000 0.000 0.000 0.000 0.000 0.000 0.000 0.000 0.000 0.000 0.000 0.000 0.000 0.000 0.000 0.000 0.000 0.000 0.000 0.000 0.000 0.000 0.000 0.000 0.000 0.000 0.000 0.000 0.000 0.000 0.000 0.000 0.000 0.000 0.000 0.000 0.000 0.000 0.000 0.000 0.000
0.000 0.000 0.000 0.000 0.000 0.000 0.000 0.000 0.000 0.000 0.000 0.000 0.000 0.000 0.000 0.000 0.000 0.000 0.000 0.000 0.000 0.000 0.000 0.000 0.000 0.000 0.000 0.000 0.000 0.000 0.000 0.000 0.000 0.000 0.000 0.000 0.000 0.000 0.000 0.000 0.000 0.000 0.000 0.000 0.000 0.000 0.000 0.000 0.000 0.000 0.000 0.000 0.000 0.000 0.000 0.000 0.000 0.000 0.000 0.000 0.000 0.000 0.000 0.000 0.000 0.000 0.000 0.000 0.000 0.000 0.000 0.000 0.000 0.000 0.000 0.000 0.000
0.000 0.000 0.000 0.000 0.000 0.000 0.000 0.000 0.000 0.000 0.000 0.000 0.000 0.000 0.000 0.000 0.000 0.000 0.000 0.000 0.000 0.000 0.000 0.000 0.000 0.000 0.000 0.000 0.000 0.000 0.000 0.000 0.000 0.000 0.000 0.000 0.000 0.000 0.000 0.000 0.000 0.000 0.000 0.000 0.000 0.000 0.000 0.000 0.000 0.000 0.000 0.000 0.000 0.000 0.000 0.000 0.000 0.000 0.000 0.000 0.000 0.000 0.000 0.000 0.000 0.000 0.000 0.000 0.000 0.000 0.000 0.000 0.000 0.000 0.000 0.000 0.000
0.000 0.000 0.000 0.000 0.000 0.000 0.000 0.000 0.000 0.000 0.000 0.000 0.000 0.000 0.000 0.000 0.000 0.000 0.000 0.000 0.000 0.000 0.000 0.000 0.000 0.000 0.000 0.000 0.000 0.000 0.000 0.000 0.000 0.000 0.000 0.000 0.000 0.000 0.000 0.000 0.000 0.000 0.000 0.000 0.000 0.000 0.000 0.000 0.000 0.000 0.000 0.000 0.000 0.000 0.000 0.000 0.000 0.000 0.000 0.000 0.000 0.000 0.000 0.000 0.000 0.000 0.000 0.000 0.000 0.000 0.000 0.000 0.000 0.000 0.000 0.000 0.000
0.000 0.000 0.000 0.000 0.000 0.000 0.000 0.000 0.000 0.000 0.000 0.000 0.000 0.000 0.000 0.000 0.000 0.000 0.000 0.000 0.000 0.000 0.000 0.000 0.000 0.000 0.000 0.000 0.000 0.000 0.000 0.000 0.000 0.000 0.000 0.000 0.000 0.000 0.000 0.000 0.000 0.000 0.000 0.000 0.000 0.000 0.000 0.000 0.000 0.000 0.000 0.000 0.000 0.000 0.000 0.000 0.000 0.000 0.000 0.000 0.000 0.000 0.000 0.000 0.000 0.000 0.000 0.000 0.000 0.000 0.000 0.000 0.000 0.000 0.000 0.000 0.000
0.000 0.000 0.000 0.000 0.000 0.000 0.000 0.000 0.000 0.000 0.000 0.000 0.000 0.000 0.000 0.000 0.000 0.000 0.000 0.000 0.000 0.000 0.000 0.000 0.000 0.000 0.000 0.000 0.000 0.000 0.000 0.000 0.000 0.000 0.000 0.000 0.000 0.000 0.000 0.000 0.000 0.000 0.000 0.000 0.000 0.000 0.000 0.000 0.000 0.000 0.000 0.000 0.000 0.000 0.000 0.000 0.000 0.000 0.000 0.000 0.000 0.000 0.000 0.000 0.000 0.000 0.000 0.000 0.000 0.000 0.000 0.000 0.000 0.000 0.000 0.000 0.000
0.001 0.001 0.001 0.001 0.001 0.001 0.000 0.000 0.000 0.000 0.000 0.000 0.000 0.000 0.000 0.000 0.000 0.000 0.000 0.000 0.000 0.000 0.000 0.000 0.000 0.000 0.000 0.000 0.000 0.000 0.000 0.000 0.000 0.000 0.000 0.000 0.000 0.000 0.000 0.000 0.000 0.000 0.000 0.000 0.000 0.000 0.000 0.000 0.000 0.000 0.000 0.000 0.000 0.000 0.000 0.000 0.000 0.000 0.000 0.000 0.000 0.000 0.000 0.000 0.000 0.000 0.000 0.000 0.000 0.000 0.000 0.000 0.000 0.000 0.000 0.000 0.000
0.002 0.002 0.002 0.002 0.002 0.001 0.001 0.001 0.001 0.000 0.000 0.000 0.000 0.000 0.000 0.000 0.000 0.000 0.000 0.000 0.000 0.000 0.000 0.000 0.000 0.000 0.000 0.000 0.000 0.000 0.000 0.000 0.000 0.000 0.000 0.000 0.000 0.000 0.000 0.000 0.000 0.000 0.000 0.000 0.000 0.000 0.000 0.000 0.001 0.001 0.001 0.001 0.001 0.001 0.001 0.001 0.001 0.001 0.001 0.001 0.001 0.001 0.001 0.001 0.001 0.001 0.001 0.001 0.001 0.001 0.001 0.001 0.000 0.000 0.000 0.000 0.000
0.004 0.004 0.004 0.003 0.003 0.002 0.002 0.002 0.001 0.001 0.001 0.001 0.000 0.000 0.000 0.000 0.000 0.000 0.000 0.000 0.000 0.000 0.000 0.000 0.000 0.000 0.000 0.000 0.000 0.000 0.000 0.000 0.000 0.000 0.000 0.000 0.000 0.000 0.000 0.000 0.000 0.000 0.000 0.000 0.000 0.001 0.001 0.002 0.002 0.002 0.002 0.002 0.002 0.002 0.002 0.002 0.002 0.002 0.002 0.002 0.002 0.002 0.002 0.002 0.002 0.002 0.002 0.002 0.002 0.002 0.002 0.002 0.001 0.001 0.001 0.001 0.001
0.007 0.006 0.006 0.005 0.004 0.004 0.003 0.003 0.003 0.002 0.002 0.001 0.001 0.001 0.001 0.000 0.000 0.000 0.000 0.000 0.000 0.000 0.000 0.000 0.000 0.000 0.000 0.000 0.000 0.000 0.000 0.000 0.000 0.000 0.000 0.000 0.000 0.000 0.000 0.000 0.000 0.000 0.000 0.001 0.001 0.002 0.003 0.004 0.004 0.005 0.005 0.005 0.005 0.005 0.005 0.005 0.005 0.005 0.004 0.004 0.004 0.004 0.004 0.004 0.004 0.004 0.004 0.004 0.004 0.004 0.004 0.004 0.003 0.002 0.002 0.002 0.001
0.010 0.009 0.008 0.007 0.006 0.006 0.005 0.005 0.004 0.004 0.003 0.003 0.002 0.002 0.002 0.001 0.001 0.001 0.001 0.000 0.000 0.000 0.000 0.000 0.000 0.000 0.000 0.000 0.000 0.000 0.000 0.000 0.000 0.000 0.000 0.000 0.000 0.000 0.000 0.000 0.000 0.001 0.002 0.002 0.003 0.004 0.006 0.007 0.008 0.008 0.009 0.009 0.009 0.009 0.009 0.009 0.008 0.008 0.008 0.007 0.007 0.007 0.007 0.007 0.007 0.008 0.008 0.008 0.008 0.007 0.007 0.006 0.005 0.004 0.003 0.003 0.002
0.016 0.014 0.012 0.010 0.009 0.008 0.007 0.007 0.006 0.006 0.005 0.005 0.004 0.004 0.003 0.003 0.002 0.002 0.002 0.001 0.001 0.001 0.001 0.001 0.001 0.001 0.001 0.001 0.001 0.001 0.001 0.001 0.001 0.001 0.001 0.001 0.001 0.001 0.001 0.001 0.002 0.003 0.004 0.005 0.006 0.008 0.009 0.011 0.012 0.013 0.013 0.014 0.014 0.014 0.014 0.013 0.013 0.012 0.012 0.011 0.011 0.011 0.011 0.011 0.011 0.012 0.012 0.012 0.012 0.011 0.011 0.009 0.008 0.006 0.005 0.004 0.004
0.027 0.021 0.017 0.014 0.012 0.011 0.010 0.009 0.009 0.008 0.007 0.007 0.006 0.006 0.006 0.005 0.005 0.004 0.004 0.003 0.003 0.002 0.002 0.002 0.002 0.002 0.002 0.002 0.002 0.002 0.002 0.002 0.002 0.002 0.002 0.002 0.002 0.002 0.003 0.003 0.004 0.005 0.006 0.008 0.009 0.011 0.014 0.016 0.017 0.019 0.020 0.020 0.020 0.020 0.020 0.020 0.019 0.018 0.018 0.017 0.016 0.016 0.016 0.016 0.017 0.018 0.019 0.019 0.018 0.017 0.016 0.013 0.011 0.009 0.007 0.006 0.005
0.054 0.038 0.027 0.021 0.018 0.015 0.014 0.013 0.012 0.011 0.010 0.010 0.009 0.009 0.008 0.008 0.007 0.007 0.006 0.005 0.005 0.004 0.004 0.004 0.004 0.004 0.004 0.004 0.004 0.004 0.004 0.004 0.004 0.004 0.004 0.004 0.004 0.005 0.005 0.006 0.007 0.008 0.010 0.012 0.014 0.016 0.019 0.022 0.025 0.026 0.028 0.029 0.029 0.029 0.029 0.029 0.028 0.027 0.026 0.025 0.024 0.024 0.024 0.024 0.025 0.027 0.029 0.029 0.029 0.027 0.023 0.018 0.014 0.012 0.010 0.008 0.007
0.133 0.082 0.052 0.036 0.028 0.023 0.019 0.017 0.016 0.015 0.014 0.014 0.013 0.013 0.012 0.011 0.011 0.010 0.009 0.009 0.008 0.007 0.007 0.007 0.006 0.006 0.006 0.006 0.006 0.006 0.006 0.006 0.006 0.006 0.007 0.007 0.007 0.008 0.009 0.010 0.011 0.013 0.015 0.017 0.019 0.022 0.026 0.030 0.033 0.036 0.039 0.041 0.042 0.043 0.043 0.042 0.041 0.040 0.039 0.038 0.036 0.035 0.035 0.036 0.038 0.043 0.047 0.048 0.047 0.043 0.034 0.025 0.019 0.015 0.012 0.011 0.009
0.350 0.207 0.120 0.074 0.050 0.037 0.030 0.026 0.023 0.021 0.020 0.019 0.018 0.018 0.017 0.016 0.015 0.015 0.014 0.013 0.012 0.011 0.010 0.010 0.010 0.009 0.009 0.009 0.009 0.009 0.009 0.009 0.010 0.010 0.010 0.011 0.011 0.012 0.013 0.015 0.016 0.018 0.021 0.023 0.026 0.029 0.034 0.039 0.044 0.049 0.053 0.057 0.061 0.063 0.064 0.063 0.063 0.061 0.060 0.058 0.056 0.055 0.055 0.056 0.061 0.072 0.082 0.085 0.084 0.074 0.054 0.036 0.026 0.020 0.016 0.013 0.011
0.805 0.506 0.296 0.173 0.107 0.072 0.053 0.042 0.036 0.032 0.029 0.028 0.027 0.025 0.024 0.023 0.022 0.020 0.019 0.018 0.017 0.016 0.015 0.014 0.014 0.013 0.013 0.013 0.013 0.013 0.013 0.013 0.014 0.014 0.014 0.015 0.016 0.017 0.019 0.021 0.023 0.025 0.028 0.031 0.035 0.039 0.044 0.050 0.057 0.065 0.073 0.082 0.089 0.094 0.097 0.098 0.097 0.096 0.094 0.092 0.090 0.090 0.091 0.095 0.107 0.133 0.156 0.163 0.160 0.139 0.096 0.057 0.036 0.026 0.020 0.016 0.014
1.506 1.029 0.656 0.403 0.247 0.157 0.107 0.078 0.061 0.051 0.046 0.043 0.041 0.039 0.036 0.034 0.032 0.030 0.028 0.026 0.024 0.022 0.021 0.020 0.019 0.019 0.018 0.018 0.018 0.018 0.018 0.018 0.018 0.019 0.020 0.021 0.022 0.023 0.026 0.028 0.031 0.035 0.038 0.042 0.046 0.051 0.057 0.065 0.075 0.089 0.105 0.122 0.135 0.146 0.152 0.155 0.156 0.154 0.152 0.151 0.151 0.153 0.158 0.170 0.199 0.256 0.307 0.323 0.316 0.274 0.186 0.101 0.056 0.035 0.026 0.020 0.017
2.338 1.750 1.223 0.823 0.537 0.346 0.228 0.158 0.116 0.092 0.079 0.072 0.067 0.064 0.060 0.056 0.051 0.047 0.043 0.039 0.035 0.032 0.029 0.027 0.026 0.025 0.025 0.024 0.024 0.024 0.024 0.024 0.024 0.025 0.026 0.027 0.029 0.032 0.035 0.039 0.044 0.048 0.053 0.058 0.063 0.070 0.077 0.088 0.105 0.128 0.160 0.189 0.213 0.231 0.243 0.249 0.250 0.248 0.247 0.247 0.248 0.253 0.264 0.287 0.333 0.416 0.506 0.550 0.553 0.499 0.359 0.191 0.096 0.053 0.034 0.025 0.021
3.195 2.566 1.956 1.436 1.013 0.693 0.468 0.323 0.232 0.178 0.148 0.132 0.123 0.116 0.108 0.100 0.090 0.081 0.073 0.064 0.056 0.048 0.043 0.039 0.037 0.035 0.033 0.032 0.031 0.031 0.031 0.031 0.032 0.032 0.034 0.036 0.040 0.044 0.050 0.056 0.063 0.069 0.075 0.082 0.090 0.098 0.109 0.125 0.152 0.194 0.250 0.298 0.334 0.356 0.366 0.360 0.349 0.343 0.342 0.341 0.342 0.346 0.357 0.379 0.424 0.503 0.610 0.682 0.705 0.678 0.558 0.341 0.167 0.084 0.048 0.033 0.026
4.085 3.419 2.775 2.186 1.661 1.219 0.875 0.630 0.464 0.359 0.296 0.261 0.240 0.224 0.209 0.190 0.170 0.151 0.133 0.116 0.098 0.081 0.069 0.059 0.053 0.049 0.047 0.044 0.043 0.042 0.041 0.041 0.042 0.043 0.046 0.050 0.056 0.064 0.074 0.085 0.095 0.104 0.113 0.122 0.132 0.143 0.159 0.185 0.229 0.300 0.381 0.434 0.459 0.465 0.453 0.425 0.403 0.395 0.393 0.393 0.393 0.395 0.403 0.420 0.456 0.524 0.627 0.715 0.754 0.751 0.676 0.490 0.266 0.131 0.069 0.043 0.032
5.005 4.304 3.635 3.009 2.434 1.919 1.485 1.146 0.897 0.725 0.612 0.540 0.491 0.452 0.414 0.372 0.331 0.294 0.258 0.222 0.185 0.150 0.121 0.099 0.085 0.075 0.069 0.064 0.061 0.059 0.058 0.058 0.059 0.061 0.067 0.076 0.087 0.101 0.119 0.136 0.152 0.166 0.179 0.190 0.202 0.217 0.241 0.283 0.347 0.425 0.486 0.517 0.526 0.516 0.484 0.441 0.416 0.406 0.405 0.406 0.407 0.408 0.414 0.427 0.456 0.512 0.604 0.700 0.751 0.758 0.717 0.585 0.365 0.190 0.099 0.059 0.041
5.918 5.204 4.535 3.904 3.318 2.787 2.319 1.929 1.625 1.400 1.233 1.107 1.005 0.913 0.819 0.722 0.641 0.570 0.503 0.436 0.364 0.290 0.228 0.181 0.148 0.126 0.111 0.101 0.094 0.090 0.089 0.089 0.091 0.097 0.108 0.123 0.145 0.175 0.207 0.235 0.258 0.277 0.292 0.305 0.319 0.339 0.371 0.413 0.457 0.498 0.527 0.540 0.539 0.521 0.477 0.430 0.405 0.395 0.393 0.394 0.397 0.400 0.406 0.416 0.436 0.473 0.541 0.637 0.710 0.733 0.714 0.628 0.454 0.257 0.138 0.080 0.054
6.849 6.142 5.502 4.905 4.346 3.839 3.392 3.011 2.702 2.460 2.261 2.088 1.924 1.754 1.564 1.366 1.203 1.072 0.950 0.826 0.690 0.545 0.423 0.330 0.264 0.220 0.191 0.172 0.161 0.154 0.152 0.152 0.158 0.169 0.188 0.217 0.261 0.320 0.371 0.409 0.439 0.461 0.476 0.486 0.493 0.498 0.501 0.503 0.508 0.517 0.527 0.531 0.523 0.491 0.434 0.387 0.360 0.350 0.347 0.349 0.354 0.362 0.370 0.378 0.387 0.405 0.442 0.521 0.620 0.673 0.679 0.638 0.519 0.333 0.186 0.108 0.072
7.892 7.236 6.656 6.124 5.618 5.153 4.757 4.430 4.161 3.939 3.742 3.549 3.343 3.101 2.810 2.483 2.176 1.916 1.680 1.447 1.199 0.945 0.730 0.563 0.444 0.367 0.320 0.293 0.279 0.274 0.274 0.280 0.293 0.314 0.344 0.392 0.471 0.561 0.621 0.655 0.670 0.672 0.666 0.653 0.634 0.604 0.565 0.531 0.512 0.502 0.493 0.480 0.454 0.405 0.344 0.300 0.276 0.266 0.264 0.267 0.277 0.290 0.300 0.305 0.308 0.310 0.325 0.377 0.486 0.584 0.620 0.614 0.551 0.411 0.248 0.149 0.098
9.207 8.691 8.226 7.792 7.370 6.973 6.640 6.366 6.130 5.919 5.724 5.527 5.308 5.035 4.680 4.238 3.747 3.260 2.796 2.355 1.922 1.512 1.164 0.892 0.696 0.570 0.497 0.466 0.459 0.463 0.477 0.499 0.525 0.556 0.594 0.647 0.724 0.791 0.823 0.831 0.819 0.795 0.765 0.731 0.692 0.639 0.575 0.520 0.478 0.441 0.404 0.362 0.313 0.260 0.219 0.195 0.184 0.181 0.183 0.190 0.199 0.207 0.213 0.216 0.218 0.221 0.232 0.267 0.352 0.474 0.551 0.572 0.553 0.476 0.336 0.211 0.139
