RESULTS/r.avaflow_results/22_results/22_ascii/22_hflow10037.asc
ncols 506
nrows 317
xllcenter 498237.50
yllcenter 5580050.00
cellsize 12.50
NODATA_value -9999.000
[rows 170 to 203 of 317, columns 77 to 153 of 506]
0.000 0.000 0.000 0.000 0.000 0.000 0.000 0.000 0.000 0.000 0.001 0.002 0.005 0.008 0.014 0.020 0.028 0.036 0.044 0.053 0.066 0.086 0.121 0.182 0.261 0.320 0.344 0.347 0.344 0.337 0.325 0.306 0.279 0.241 0.200 0.169 0.147 0.132 0.124 0.121 0.124 0.138 0.187 0.318 0.589 1.010 1.530 2.102 2.737 3.499 4.499 5.761 7.031 7.966 8.487 8.679 8.744 8.784 8.810 8.806 8.767 8.636 8.340 7.885 7.299 6.616 5.926 5.318 4.779 4.299 3.872 3.496 3.166 2.873 2.608 2.366 2.143
0.000 0.000 0.000 0.000 0.000 0.000 0.000 0.000 0.001 0.002 0.004 0.008 0.013 0.022 0.033 0.046 0.060 0.076 0.093 0.113 0.138 0.178 0.241 0.326 0.403 0.442 0.450 0.448 0.441 0.429 0.410 0.382 0.342 0.289 0.243 0.211 0.191 0.179 0.175 0.177 0.194 0.247 0.392 0.711 1.247 1.950 2.718 3.517 4.397 5.386 6.428 7.450 8.277 8.782 8.964 8.978 8.962 8.953 8.944 8.915 8.840 8.665 8.344 7.881 7.298 6.616 5.923 5.312 4.773 4.301 3.892 3.537 3.229 2.960 2.720 2.505 2.307
0.000 0.000 0.000 0.000 0.000 0.000 0.000 0.001 0.002 0.005 0.010 0.017 0.028 0.044 0.063 0.085 0.109 0.136 0.167 0.203 0.251 0.320 0.412 0.497 0.544 0.558 0.558 0.553 0.543 0.527 0.501 0.464 0.408 0.341 0.291 0.260 0.245 0.239 0.241 0.259 0.320 0.480 0.834 1.461 2.338 3.317 4.283 5.249 6.197 7.098 7.909 8.555 8.964 9.113 9.095 9.039 9.000 8.971 8.942 8.894 8.796 8.604 8.286 7.836 7.270 6.599 5.908 5.297 4.763 4.302 3.905 3.564 3.271 3.018 2.799 2.606 2.432
0.000 0.000 0.000 0.000 0.000 0.000 0.000 0.001 0.004 0.009 0.017 0.028 0.045 0.067 0.095 0.128 0.167 0.212 0.264 0.324 0.399 0.491 0.580 0.637 0.662 0.668 0.667 0.662 0.651 0.631 0.598 0.549 0.477 0.397 0.344 0.317 0.309 0.311 0.329 0.391 0.562 0.945 1.641 2.674 3.891 5.022 5.984 6.845 7.629 8.316 8.856 9.178 9.282 9.236 9.125 9.038 8.982 8.930 8.874 8.795 8.670 8.468 8.162 7.736 7.200 6.555 5.875 5.273 4.749 4.298 3.909 3.576 3.292 3.050 2.845 2.669 2.514
0.000 0.000 0.000 0.000 0.000 0.000 0.000 0.002 0.006 0.012 0.022 0.036 0.055 0.082 0.117 0.160 0.215 0.281 0.359 0.450 0.546 0.639 0.711 0.755 0.774 0.779 0.779 0.775 0.763 0.739 0.699 0.638 0.549 0.454 0.394 0.368 0.363 0.376 0.433 0.592 0.971 1.710 2.886 4.337 5.634 6.623 7.406 8.071 8.630 9.066 9.345 9.437 9.394 9.268 9.115 9.007 8.917 8.830 8.744 8.631 8.480 8.268 7.972 7.572 7.071 6.472 5.819 5.235 4.728 4.287 3.906 3.578 3.298 3.064 2.867 2.701 2.558
0.000 0.000 0.000 0.000 0.000 0.000 0.000 0.002 0.006 0.013 0.024 0.039 0.061 0.091 0.131 0.183 0.249 0.333 0.437 0.558 0.672 0.764 0.830 0.871 0.889 0.896 0.896 0.893 0.880 0.853 0.805 0.732 0.626 0.513 0.440 0.408 0.403 0.422 0.511 0.778 1.419 2.597 4.289 5.912 7.081 7.902 8.483 8.915 9.243 9.455 9.536 9.512 9.415 9.256 9.072 8.920 8.791 8.672 8.551 8.408 8.234 8.010 7.718 7.345 6.887 6.344 5.736 5.178 4.689 4.263 3.891 3.570 3.296 3.066 2.875 2.713 2.574
0.000 0.000 0.000 0.000 0.000 0.000 0.000 0.002 0.007 0.014 0.025 0.041 0.064 0.096 0.139 0.196 0.271 0.368 0.492 0.645 0.782 0.882 0.950 0.991 1.012 1.019 1.020 1.016 1.002 0.972 0.917 0.832 0.709 0.574 0.482 0.440 0.433 0.452 0.552 0.872 1.686 3.212 5.346 7.085 8.196 8.861 9.231 9.440 9.574 9.631 9.603 9.521 9.389 9.206 8.984 8.778 8.606 8.455 8.306 8.140 7.944 7.705 7.415 7.064 6.648 6.160 5.611 5.084 4.619 4.210 3.853 3.544 3.280 3.058 2.872 2.712 2.575
0.000 0.000 0.000 0.000 0.000 0.000 0.000 0.002 0.006 0.014 0.025 0.041 0.064 0.097 0.142 0.201 0.280 0.385 0.523 0.703 0.878 0.999 1.075 1.120 1.143 1.152 1.153 1.148 1.133 1.097 1.035 0.938 0.799 0.638 0.525 0.468 0.454 0.470 0.567 0.895 1.782 3.539 6.030 7.922 9.008 9.517 9.705 9.757 9.761 9.714 9.620 9.491 9.321 9.104 8.843 8.590 8.377 8.196 8.022 7.831 7.616 7.365 7.073 6.737 6.355 5.918 5.427 4.939 4.504 4.118 3.780 3.487 3.238 3.028 2.851 2.699 2.568
0.000 0.000 0.000 0.000 0.000 0.000 0.000 0.002 0.006 0.013 0.023 0.039 0.063 0.096 0.142 0.202 0.282 0.389 0.534 0.729 0.951 1.113 1.209 1.262 1.289 1.298 1.299 1.293 1.273 1.231 1.159 1.051 0.897 0.710 0.569 0.492 0.469 0.479 0.569 0.890 1.782 3.647 6.396 8.465 9.540 9.918 9.986 9.954 9.871 9.744 9.594 9.418 9.200 8.942 8.647 8.360 8.116 7.904 7.701 7.488 7.255 6.990 6.694 6.366 6.007 5.613 5.177 4.737 4.338 3.982 3.670 3.400 3.170 2.976 2.813 2.673 2.551
0.000 0.000 0.000 0.000 0.000 0.000 0.000 0.001 0.005 0.011 0.020 0.035 0.058 0.092 0.138 0.199 0.279 0.387 0.534 0.732 0.988 1.211 1.345 1.413 1.443 1.453 1.454 1.445 1.421 1.372 1.291 1.169 1.002 0.791 0.620 0.518 0.479 0.483 0.560 0.862 1.733 3.627 6.517 8.750 9.840 10.137 10.144 10.056 9.908 9.724 9.525 9.294 9.025 8.725 8.401 8.093 7.824 7.586 7.355 7.116 6.855 6.573 6.268 5.945 5.605 5.246 4.864 4.478 4.123 3.804 3.523 3.282 3.077 2.903 2.756 2.630 2.522
0.000 0.000 0.000 0.000 0.000 0.000 0.000 0.001 0.003 0.007 0.014 0.027 0.047 0.078 0.122 0.183 0.263 0.370 0.516 0.717 0.984 1.267 1.459 1.551 1.585 1.594 1.594 1.585 1.558 1.506 1.419 1.291 1.113 0.884 0.679 0.548 0.490 0.483 0.540 0.804 1.617 3.494 6.459 8.826 9.969 10.240 10.208 10.078 9.890 9.662 9.402 9.107 8.789 8.455 8.113 7.794 7.505 7.240 6.980 6.712 6.423 6.116 5.794 5.472 5.150 4.826 4.496 4.170 3.865 3.588 3.345 3.137 2.961 2.812 2.684 2.574 2.479
0.000 0.000 0.000 0.000 0.000 0.000 0.000 0.000 0.001 0.003 0.007 0.015 0.029 0.052 0.090 0.143 0.216 0.315 0.451 0.647 0.922 1.258 1.522 1.662 1.706 1.715 1.715 1.705 1.678 1.625 1.539 1.410 1.230 0.993 0.755 0.590 0.505 0.486 0.518 0.722 1.431 3.206 6.186 8.728 9.976 10.266 10.211 10.046 9.810 9.524 9.195 8.845 8.490 8.137 7.792 7.465 7.158 6.867 6.578 6.279 5.960 5.617 5.279 4.957 4.652 4.362 4.085 3.821 3.573 3.344 3.142 2.969 2.823 2.698 2.590 2.498 2.417
0.000 0.000 0.000 0.000 0.000 0.000 0.000 0.000 0.001 0.001 0.003 0.006 0.013 0.025 0.046 0.080 0.131 0.205 0.315 0.486 0.757 1.149 1.515 1.725 1.801 1.813 1.812 1.802 1.777 1.728 1.647 1.525 1.351 1.119 0.855 0.654 0.537 0.498 0.512 0.650 1.205 2.771 5.655 8.386 9.810 10.193 10.135 9.928 9.636 9.286 8.893 8.500 8.127 7.774 7.435 7.106 6.785 6.466 6.149 5.823 5.478 5.124 4.788 4.475 4.184 3.918 3.675 3.457 3.258 3.078 2.918 2.781 2.663 2.562 2.475 2.401 2.337
0.000 0.000 0.000 0.000 0.000 0.000 0.000 0.000 0.000 0.000 0.001 0.002 0.005 0.009 0.018 0.033 0.057 0.093 0.154 0.267 0.495 0.906 1.413 1.735 1.861 1.885 1.884 1.876 1.854 1.813 1.744 1.637 1.479 1.261 0.989 0.755 0.602 0.536 0.532 0.619 1.018 2.284 4.902 7.750 9.345 9.865 9.862 9.661 9.329 8.914 8.465 8.055 7.693 7.357 7.032 6.712 6.389 6.058 5.725 5.383 5.026 4.675 4.348 4.046 3.769 3.521 3.301 3.110 2.944 2.801 2.677 2.571 2.479 2.401 2.335 2.281 2.237
0.000 0.000 0.000 0.000 0.000 0.000 0.000 0.000 0.000 0.000 0.000 0.001 0.002 0.003 0.006 0.011 0.020 0.035 0.061 0.117 0.257 0.594 1.171 1.656 1.876 1.928 1.931 1.926 1.912 1.882 1.828 1.741 1.610 1.419 1.162 0.901 0.716 0.618 0.595 0.645 0.926 1.871 4.022 6.812 8.531 9.201 9.287 9.155 8.840 8.398 7.903 7.486 7.157 6.864 6.572 6.277 5.974 5.655 5.323 4.977 4.614 4.269 3.952 3.661 3.397 3.162 2.957 2.783 2.639 2.519 2.421 2.338 2.270 2.215 2.173 2.142 2.119
0.000 0.000 0.000 0.000 0.000 0.000 0.000 0.000 0.000 0.000 0.000 0.000 0.001 0.001 0.002 0.004 0.007 0.012 0.022 0.047 0.118 0.330 0.821 1.445 1.816 1.941 1.958 1.958 1.952 1.934 1.898 1.834 1.732 1.583 1.367 1.104 0.893 0.768 0.724 0.743 0.933 1.604 3.196 5.626 7.395 8.208 8.389 8.333 8.099 7.702 7.199 6.757 6.455 6.233 6.020 5.794 5.541 5.254 4.938 4.597 4.236 3.897 3.588 3.308 3.056 2.833 2.638 2.473 2.340 2.235 2.151 2.085 2.037 2.006 1.987 1.979 1.980
0.000 0.000 0.000 0.000 0.000 0.000 0.000 0.000 0.000 0.000 0.000 0.000 0.000 0.001 0.001 0.001 0.002 0.004 0.008 0.019 0.052 0.164 0.481 1.082 1.634 1.896 1.965 1.976 1.978 1.972 1.951 1.909 1.835 1.723 1.561 1.342 1.140 1.002 0.937 0.933 1.039 1.491 2.622 4.497 6.097 6.932 7.188 7.191 7.071 6.791 6.353 5.873 5.556 5.404 5.315 5.213 5.066 4.844 4.556 4.230 3.878 3.548 3.248 2.977 2.736 2.522 2.336 2.177 2.049 1.949 1.871 1.816 1.783 1.771 1.773 1.785 1.795
0.000 0.000 0.000 0.000 0.000 0.000 0.000 0.000 0.000 0.000 0.000 0.000 0.000 0.000 0.000 0.001 0.001 0.002 0.003 0.008 0.024 0.077 0.251 0.677 1.298 1.750 1.935 1.982 1.995 1.998 1.990 1.965 1.914 1.832 1.709 1.544 1.393 1.290 1.231 1.213 1.251 1.520 2.282 3.659 4.997 5.726 5.974 6.002 5.955 5.797 5.503 5.084 4.712 4.522 4.486 4.497 4.479 4.373 4.153 3.859 3.528 3.211 2.924 2.662 2.428 2.222 2.044 1.892 1.765 1.664 1.587 1.535 1.507 1.498 1.499 1.498 1.466
0.000 0.000 0.000 0.000 0.000 0.000 0.000 0.000 0.000 0.000 0.000 0.000 0.000 0.000 0.000 0.000 0.001 0.001 0.002 0.005 0.013 0.038 0.121 0.363 0.869 1.467 1.823 1.962 2.004 2.016 2.016 2.004 1.970 1.908 1.810 1.683 1.578 1.511 1.480 1.472 1.493 1.636 2.109 3.070 4.154 4.780 5.016 5.062 5.049 4.966 4.779 4.471 4.096 3.831 3.730 3.729 3.764 3.772 3.672 3.459 3.175 2.877 2.606 2.356 2.125 1.925 1.756 1.611 1.487 1.382 1.300 1.239 1.191 1.148 1.095 1.021 0.918
0.000 0.000 0.000 0.000 0.000 0.000 0.000 0.000 0.000 0.000 0.000 0.000 0.000 0.000 0.000 0.000 0.001 0.001 0.002 0.004 0.009 0.022 0.061 0.182 0.492 1.053 1.586 1.874 1.991 2.027 2.034 2.029 2.005 1.955 1.873 1.771 1.694 1.650 1.634 1.633 1.650 1.735 2.021 2.661 3.518 4.056 4.276 4.332 4.333 4.289 4.169 3.952 3.639 3.334 3.143 3.062 3.041 3.054 3.047 2.951 2.757 2.505 2.251 2.019 1.805 1.616 1.457 1.322 1.201 1.090 0.990 0.896 0.801 0.706 0.613 0.521 0.429
0.000 0.000 0.000 0.000 0.000 0.000 0.000 0.000 0.000 0.000 0.000 0.000 0.000 0.000 0.000 0.000 0.001 0.001 0.002 0.005 0.009 0.017 0.038 0.098 0.267 0.642 1.195 1.656 1.908 2.014 2.043 2.042 2.023 1.978 1.904 1.817 1.757 1.723 1.711 1.712 1.726 1.780 1.952 2.365 3.010 3.482 3.694 3.753 3.757 3.730 3.647 3.489 3.246 2.953 2.709 2.540 2.431 2.363 2.314 2.257 2.152 1.977 1.756 1.551 1.371 1.210 1.072 0.952 0.839 0.727 0.616 0.516 0.429 0.351 0.282 0.223 0.173
0.000 0.000 0.000 0.000 0.000 0.000 0.000 0.000 0.000 0.000 0.000 0.000 0.000 0.000 0.000 0.000 0.001 0.002 0.003 0.006 0.010 0.017 0.032 0.066 0.156 0.375 0.777 1.288 1.702 1.932 2.027 2.044 2.029 1.986 1.913 1.834 1.782 1.752 1.739 1.737 1.746 1.783 1.881 2.122 2.565 2.980 3.194 3.264 3.272 3.253 3.190 3.064 2.865 2.605 2.342 2.121 1.941 1.792 1.662 1.541 1.418 1.277 1.108 0.950 0.817 0.705 0.609 0.525 0.446 0.371 0.301 0.239 0.186 0.144 0.111 0.086 0.066
0.000 0.000 0.000 0.000 0.000 0.000 0.000 0.000 0.000 0.000 0.000 0.000 0.000 0.000 0.000 0.001 0.002 0.003 0.005 0.008 0.013 0.020 0.033 0.058 0.114 0.239 0.490 0.893 1.373 1.745 1.945 2.019 2.020 1.982 1.911 1.836 1.786 1.757 1.742 1.738 1.742 1.756 1.790 1.900 2.159 2.498 2.722 2.817 2.836 2.823 2.770 2.662 2.490 2.256 1.988 1.740 1.520 1.323 1.148 0.991 0.850 0.720 0.596 0.490 0.404 0.335 0.279 0.230 0.188 0.149 0.116 0.089 0.068 0.052 0.041 0.032 0.026
0.000 0.000 0.000 0.000 0.000 0.000 0.000 0.000 0.000 0.000 0.000 0.000 0.000 0.000 0.000 0.001 0.002 0.004 0.008 0.012 0.018 0.026 0.038 0.061 0.103 0.187 0.346 0.620 1.025 1.464 1.771 1.925 1.966 1.947 1.890 1.823 1.778 1.750 1.732 1.720 1.708 1.687 1.659 1.678 1.787 2.012 2.242 2.372 2.415 2.410 2.367 2.272 2.117 1.900 1.629 1.360 1.121 0.913 0.736 0.587 0.462 0.361 0.281 0.219 0.171 0.135 0.107 0.084 0.066 0.051 0.040 0.031 0.024 0.020 0.016 0.013 0.011
0.000 0.000 0.000 0.000 0.000 0.000 0.000 0.000 0.000 0.000 0.000 0.000 0.000 0.000 0.000 0.001 0.002 0.005 0.009 0.015 0.023 0.033 0.048 0.069 0.107 0.173 0.287 0.478 0.770 1.162 1.520 1.749 1.844 1.854 1.827 1.781 1.744 1.717 1.694 1.669 1.634 1.575 1.484 1.431 1.444 1.537 1.713 1.874 1.955 1.971 1.947 1.870 1.725 1.504 1.213 0.937 0.718 0.547 0.411 0.304 0.222 0.163 0.121 0.091 0.068 0.052 0.039 0.030 0.023 0.018 0.014 0.012 0.010 0.008 0.007 0.006 0.005
0.000 0.000 0.000 0.000 0.000 0.000 0.000 0.000 0.000 0.000 0.000 0.000 0.000 0.000 0.000 0.001 0.003 0.005 0.010 0.016 0.026 0.038 0.056 0.080 0.116 0.173 0.265 0.408 0.620 0.912 1.243 1.502 1.649 1.698 1.704 1.690 1.667 1.643 1.617 1.581 1.524 1.433 1.292 1.175 1.129 1.137 1.197 1.296 1.372 1.405 1.404 1.349 1.210 0.983 0.717 0.514 0.372 0.266 0.187 0.131 0.093 0.067 0.049 0.036 0.027 0.020 0.015 0.011 0.009 0.007 0.006 0.005 0.005 0.004 0.004 0.003 0.003
0.000 0.000 0.000 0.000 0.000 0.000 0.000 0.000 0.000 0.000 0.000 0.000 0.000 0.000 0.000 0.001 0.002 0.005 0.010 0.017 0.027 0.041 0.060 0.085 0.121 0.173 0.251 0.365 0.524 0.736 0.996 1.228 1.396 1.488 1.526 1.538 1.535 1.520 1.495 1.453 1.384 1.278 1.121 0.965 0.866 0.817 0.798 0.805 0.812 0.810 0.794 0.747 0.646 0.488 0.331 0.222 0.149 0.100 0.068 0.048 0.034 0.025 0.019 0.014 0.011 0.008 0.006 0.005 0.004 0.003 0.003 0.003 0.003 0.002 0.002 0.002 0.002
0.000 0.000 0.000 0.000 0.000 0.000 0.000 0.000 0.000 0.000 0.000 0.000 0.000 0.000 0.000 0.001 0.002 0.005 0.010 0.017 0.028 0.042 0.061 0.086 0.121 0.170 0.237 0.328 0.449 0.605 0.796 0.978 1.126 1.236 1.303 1.337 1.348 1.345 1.328 1.288 1.220 1.114 0.965 0.795 0.666 0.577 0.514 0.469 0.433 0.402 0.371 0.331 0.270 0.188 0.120 0.075 0.048 0.032 0.022 0.016 0.012 0.009 0.007 0.005 0.004 0.003 0.003 0.002 0.002 0.002 0.002 0.002 0.002 0.002 0.001 0.001 0.001
0.000 0.000 0.000 0.000 0.000 0.000 0.000 0.000 0.000 0.000 0.000 0.000 0.000 0.000 0.000 0.001 0.002 0.004 0.009 0.017 0.028 0.042 0.061 0.085 0.118 0.162 0.218 0.290 0.381 0.496 0.634 0.767 0.879 0.972 1.046 1.095 1.119 1.124 1.117 1.089 1.033 0.942 0.812 0.652 0.514 0.410 0.330 0.269 0.221 0.184 0.153 0.124 0.093 0.061 0.038 0.023 0.015 0.010 0.007 0.005 0.004 0.003 0.002 0.002 0.002 0.002 0.001 0.001 0.001 0.001 0.001 0.001 0.001 0.001 0.001 0.001 0.001
0.000 0.000 0.000 0.000 0.000 0.000 0.000 0.000 0.000 0.000 0.000 0.000 0.000 0.000 0.000 0.000 0.001 0.003 0.008 0.016 0.027 0.041 0.059 0.081 0.111 0.147 0.193 0.248 0.316 0.401 0.501 0.591 0.667 0.731 0.788 0.833 0.862 0.874 0.874 0.862 0.826 0.759 0.658 0.524 0.393 0.292 0.215 0.158 0.117 0.086 0.063 0.045 0.030 0.019 0.012 0.007 0.004 0.003 0.002 0.001 0.001 0.001 0.001 0.001 0.001 0.001 0.001 0.001 0.001 0.001 0.001 0.001 0.001 0.001 0.001 0.001 0.001
0.000 0.000 0.000 0.000 0.000 0.000 0.000 0.000 0.000 0.000 0.000 0.000 0.000 0.000 0.000 0.000 0.001 0.002 0.006 0.014 0.025 0.038 0.054 0.074 0.098 0.128 0.163 0.205 0.256 0.320 0.389 0.446 0.492 0.529 0.561 0.589 0.610 0.623 0.626 0.623 0.607 0.568 0.500 0.401 0.290 0.203 0.140 0.094 0.063 0.042 0.027 0.017 0.010 0.006 0.003 0.002 0.001 0.001 0.001 0.000 0.000 0.000 0.000 0.000 0.000 0.000 0.000 0.001 0.001 0.001 0.001 0.001 0.001 0.001 0.001 0.001 0.001
0.000 0.000 0.000 0.000 0.000 0.000 0.000 0.000 0.000 0.000 0.000 0.000 0.000 0.000 0.000 0.000 0.001 0.001 0.004 0.010 0.020 0.032 0.046 0.063 0.082 0.104 0.130 0.162 0.202 0.250 0.294 0.327 0.350 0.365 0.374 0.382 0.390 0.398 0.402 0.402 0.397 0.379 0.341 0.279 0.200 0.134 0.087 0.055 0.034 0.021 0.012 0.007 0.004 0.002 0.001 0.001 0.001 0.000 0.000 0.000 0.000 0.000 0.000 0.000 0.000 0.000 0.000 0.000 0.000 0.001 0.001 0.001 0.001 0.001 0.001 0.001 0.001
0.001 0.001 0.001 0.001 0.001 0.001 0.000 0.000 0.000 0.000 0.000 0.000 0.000 0.000 0.001 0.001 0.001 0.001 0.002 0.006 0.012 0.022 0.034 0.048 0.062 0.078 0.099 0.124 0.155 0.188 0.213 0.230 0.238 0.239 0.233 0.225 0.222 0.223 0.224 0.224 0.223 0.217 0.201 0.170 0.124 0.081 0.051 0.031 0.018 0.010 0.006 0.003 0.001 0.001 0.001 0.000 0.000 0.000 0.000 0.000 0.000 0.000 0.000 0.000 0.000 0.000 0.000 0.000 0.000 0.000 0.001 0.000 0.000 0.000 0.001 0.001 0.001
0.001 0.001 0.001 0.001 0.001 0.001 0.001 0.001 0.001 0.001 0.001 0.001 0.001 0.001 0.001 0.001 0.001 0.001 0.001 0.002 0.006 0.012 0.020 0.030 0.041 0.054 0.070 0.089 0.112 0.132 0.145 0.151 0.151 0.147 0.135 0.120 0.111 0.106 0.104 0.103 0.103 0.103 0.099 0.088 0.067 0.044 0.027 0.016 0.009 0.005 0.002 0.001 0.001 0.000 0.000 0.000 0.000 0.000 0.000 0.000 0.000 0.000 0.000 0.000 0.000 0.000 0.000 0.000 0.000 0.000 0.001 0.000 0.000 0.000 0.001 0.001 0.002
