RESULTS/r.avaflow_results/22_results/22_ascii/22_hflow30033.asc
ncols 506
nrows 317
xllcenter 498237.50
yllcenter 5580050.00
cellsize 12.50
NODATA_value -9999.000
[rows 170 to 203 of 317, columns 154 to 230 of 506]
9.368 9.309 9.211 9.081 8.917 8.740 8.585 8.453 8.332 8.216 8.097 7.973 7.825 7.612 7.272 6.769 6.118 5.370 4.584 3.812 3.087 2.429 1.865 1.415 1.085 0.864 0.733 0.673 0.663 0.677 0.710 0.754 0.791 0.820 0.846 0.877 0.926 0.983 1.014 1.023 1.020 1.007 0.990 0.969 0.937 0.886 0.811 0.713 0.604 0.499 0.400 0.316 0.255 0.212 0.182 0.163 0.153 0.149 0.150 0.152 0.154 0.155 0.156 0.158 0.159 0.162 0.170 0.189 0.236 0.337 0.532 0.773 0.904 0.938 0.914 0.810 0.609
11.676 11.924 12.050 12.083 12.057 11.987 11.880 11.747 11.599 11.442 11.277 11.106 10.921 10.680 10.306 9.725 8.932 7.962 6.881 5.765 4.698 3.720 2.866 2.172 1.652 1.288 1.055 0.927 0.873 0.863 0.882 0.909 0.925 0.933 0.938 0.947 0.973 1.007 1.022 1.022 1.008 0.979 0.943 0.902 0.849 0.771 0.657 0.513 0.374 0.272 0.205 0.162 0.135 0.119 0.109 0.105 0.104 0.107 0.110 0.112 0.113 0.112 0.112 0.111 0.111 0.113 0.119 0.134 0.169 0.242 0.382 0.609 0.798 0.880 0.893 0.859 0.751
14.188 14.821 15.178 15.314 15.322 15.272 15.163 15.016 14.850 14.673 14.485 14.291 14.087 13.842 13.482 12.908 12.063 10.960 9.670 8.284 6.890 5.554 4.340 3.314 2.507 1.910 1.492 1.223 1.069 0.995 0.967 0.960 0.956 0.951 0.945 0.945 0.957 0.973 0.973 0.956 0.914 0.850 0.777 0.702 0.615 0.504 0.374 0.258 0.181 0.133 0.104 0.087 0.077 0.072 0.070 0.071 0.074 0.080 0.084 0.085 0.085 0.085 0.083 0.082 0.082 0.083 0.087 0.099 0.124 0.175 0.273 0.450 0.677 0.821 0.870 0.871 0.825
15.958 16.922 17.506 17.787 17.888 17.905 17.856 17.769 17.648 17.499 17.321 17.125 16.920 16.683 16.352 15.820 15.021 13.956 12.674 11.228 9.659 8.035 6.427 4.985 3.783 2.831 2.115 1.612 1.288 1.097 0.998 0.956 0.937 0.919 0.899 0.882 0.870 0.857 0.834 0.784 0.692 0.579 0.475 0.388 0.310 0.235 0.168 0.119 0.088 0.069 0.058 0.051 0.048 0.047 0.048 0.050 0.055 0.061 0.065 0.067 0.067 0.066 0.064 0.064 0.063 0.064 0.068 0.076 0.094 0.129 0.196 0.322 0.540 0.747 0.842 0.863 0.849
16.863 18.046 18.854 19.350 19.650 19.834 19.936 19.970 19.938 19.851 19.703 19.507 19.295 19.066 18.769 18.297 17.571 16.573 15.338 13.923 12.360 10.650 8.783 6.882 5.202 3.820 2.753 1.987 1.478 1.167 0.997 0.912 0.860 0.817 0.771 0.725 0.681 0.635 0.577 0.492 0.386 0.293 0.228 0.180 0.140 0.107 0.080 0.061 0.048 0.041 0.037 0.034 0.034 0.034 0.035 0.038 0.042 0.048 0.052 0.053 0.053 0.053 0.052 0.052 0.052 0.054 0.057 0.063 0.075 0.098 0.144 0.233 0.404 0.642 0.793 0.844 0.846
17.063 18.342 19.320 20.045 20.588 20.994 21.283 21.449 21.506 21.481 21.367 21.160 20.936 20.724 20.473 20.082 19.465 18.582 17.424 16.014 14.390 12.560 10.500 8.233 6.162 4.458 3.144 2.207 1.584 1.195 0.963 0.819 0.716 0.626 0.540 0.466 0.407 0.358 0.308 0.250 0.189 0.142 0.110 0.087 0.068 0.054 0.043 0.036 0.031 0.028 0.026 0.026 0.026 0.026 0.027 0.030 0.033 0.038 0.041 0.043 0.044 0.044 0.044 0.045 0.046 0.047 0.050 0.055 0.063 0.080 0.112 0.174 0.295 0.509 0.709 0.802 0.828
16.923 18.247 19.314 20.165 20.871 21.444 21.858 22.114 22.233 22.247 22.158 21.931 21.703 21.529 21.329 21.011 20.496 19.733 18.673 17.289 15.605 13.651 11.420 8.918 6.608 4.723 3.290 2.279 1.610 1.176 0.887 0.680 0.517 0.389 0.299 0.242 0.207 0.180 0.154 0.124 0.095 0.073 0.058 0.047 0.038 0.032 0.027 0.024 0.022 0.021 0.021 0.021 0.021 0.021 0.022 0.024 0.027 0.030 0.033 0.035 0.037 0.038 0.039 0.040 0.041 0.043 0.046 0.050 0.056 0.069 0.092 0.137 0.222 0.376 0.584 0.728 0.791
16.416 17.832 19.036 20.029 20.838 21.468 21.905 22.174 22.311 22.339 22.259 22.022 21.794 21.648 21.479 21.193 20.724 20.028 19.043 17.704 15.999 13.968 11.640 9.043 6.662 4.727 3.266 2.244 1.556 1.086 0.749 0.500 0.327 0.219 0.156 0.122 0.104 0.091 0.078 0.064 0.051 0.042 0.035 0.029 0.025 0.022 0.019 0.018 0.018 0.017 0.017 0.017 0.017 0.018 0.019 0.020 0.022 0.024 0.027 0.029 0.031 0.033 0.035 0.036 0.038 0.040 0.042 0.046 0.052 0.061 0.079 0.112 0.171 0.277 0.445 0.620 0.727
15.551 17.085 18.433 19.579 20.499 21.169 21.596 21.837 21.948 21.967 21.888 21.665 21.436 21.279 21.100 20.807 20.356 19.708 18.782 17.485 15.790 13.732 11.344 8.714 6.355 4.448 3.016 2.017 1.340 0.870 0.535 0.313 0.186 0.118 0.082 0.064 0.055 0.049 0.043 0.036 0.031 0.027 0.023 0.020 0.018 0.016 0.015 0.014 0.014 0.014 0.014 0.014 0.014 0.015 0.015 0.016 0.017 0.019 0.021 0.023 0.026 0.028 0.031 0.033 0.035 0.037 0.040 0.043 0.048 0.057 0.070 0.095 0.138 0.211 0.329 0.491 0.633
14.395 16.021 17.467 18.703 19.683 20.377 20.795 20.992 21.044 21.021 20.931 20.768 20.558 20.324 20.042 19.678 19.206 18.580 17.704 16.445 14.746 12.640 10.194 7.666 5.473 3.721 2.414 1.505 0.908 0.525 0.293 0.165 0.098 0.063 0.046 0.037 0.033 0.029 0.026 0.023 0.021 0.019 0.017 0.016 0.014 0.013 0.012 0.012 0.012 0.012 0.012 0.012 0.012 0.012 0.012 0.013 0.014 0.015 0.017 0.019 0.021 0.024 0.026 0.029 0.032 0.034 0.037 0.041 0.045 0.053 0.064 0.083 0.115 0.168 0.252 0.373 0.517
12.968 14.606 16.083 17.354 18.372 19.102 19.538 19.705 19.702 19.621 19.541 19.471 19.307 18.967 18.507 18.012 17.467 16.797 15.866 14.523 12.709 10.475 8.037 5.794 3.936 2.494 1.460 0.802 0.435 0.238 0.134 0.080 0.052 0.036 0.028 0.024 0.022 0.020 0.018 0.017 0.016 0.014 0.013 0.012 0.011 0.011 0.010 0.009 0.009 0.009 0.009 0.009 0.009 0.009 0.009 0.010 0.010 0.011 0.013 0.014 0.016 0.019 0.022 0.025 0.028 0.031 0.035 0.038 0.043 0.049 0.059 0.075 0.101 0.142 0.204 0.293 0.411
11.271 12.819 14.290 15.601 16.702 17.531 18.041 18.230 18.218 18.122 18.068 18.037 17.873 17.447 16.844 16.204 15.523 14.677 13.488 11.823 9.647 7.216 5.004 3.308 2.081 1.221 0.656 0.333 0.175 0.099 0.062 0.041 0.030 0.023 0.020 0.017 0.016 0.015 0.014 0.013 0.012 0.012 0.011 0.010 0.009 0.009 0.008 0.008 0.007 0.007 0.007 0.007 0.007 0.007 0.007 0.007 0.008 0.008 0.009 0.011 0.013 0.015 0.018 0.021 0.024 0.028 0.032 0.036 0.040 0.046 0.056 0.070 0.093 0.126 0.174 0.243 0.334
9.388 10.767 12.207 13.580 14.795 15.756 16.383 16.658 16.685 16.621 16.546 16.438 16.172 15.669 14.991 14.223 13.338 12.164 10.505 8.264 5.854 3.814 2.374 1.437 0.844 0.469 0.244 0.126 0.071 0.046 0.032 0.025 0.020 0.017 0.015 0.013 0.012 0.012 0.011 0.010 0.010 0.009 0.009 0.008 0.007 0.007 0.006 0.006 0.005 0.005 0.005 0.005 0.005 0.005 0.005 0.005 0.005 0.006 0.007 0.008 0.010 0.012 0.014 0.017 0.020 0.024 0.028 0.033 0.037 0.044 0.053 0.067 0.088 0.117 0.157 0.210 0.279
7.616 8.728 9.985 11.327 12.590 13.629 14.353 14.727 14.818 14.772 14.595 14.282 13.818 13.202 12.444 11.530 10.369 8.743 6.569 4.398 2.721 1.558 0.860 0.483 0.277 0.157 0.088 0.052 0.034 0.025 0.020 0.017 0.014 0.012 0.011 0.010 0.010 0.009 0.009 0.008 0.008 0.007 0.007 0.006 0.006 0.006 0.005 0.005 0.004 0.004 0.003 0.003 0.003 0.003 0.003 0.003 0.003 0.004 0.005 0.006 0.007 0.009 0.011 0.013 0.016 0.020 0.024 0.029 0.035 0.042 0.052 0.065 0.085 0.112 0.146 0.188 0.241
5.970 6.767 7.690 8.767 9.853 10.769 11.451 11.850 11.977 11.926 11.650 11.125 10.404 9.555 8.609 7.528 6.207 4.612 2.984 1.737 0.928 0.478 0.256 0.150 0.092 0.058 0.038 0.027 0.020 0.016 0.014 0.012 0.011 0.010 0.009 0.008 0.008 0.007 0.007 0.007 0.006 0.006 0.005 0.005 0.005 0.004 0.004 0.004 0.003 0.003 0.002 0.002 0.002 0.002 0.002 0.002 0.002 0.002 0.003 0.004 0.005 0.006 0.008 0.010 0.013 0.017 0.021 0.026 0.032 0.040 0.050 0.064 0.083 0.108 0.138 0.174 0.216
4.407 4.858 5.344 5.893 6.480 7.014 7.447 7.723 7.823 7.779 7.498 6.919 6.114 5.230 4.395 3.574 2.693 1.746 0.975 0.494 0.249 0.136 0.082 0.055 0.038 0.028 0.021 0.017 0.014 0.012 0.010 0.009 0.008 0.007 0.007 0.006 0.006 0.006 0.005 0.005 0.005 0.005 0.004 0.004 0.004 0.004 0.003 0.003 0.003 0.002 0.001 0.001 0.001 0.001 0.001 0.001 0.001 0.001 0.002 0.002 0.003 0.004 0.006 0.008 0.011 0.014 0.018 0.023 0.029 0.037 0.048 0.062 0.080 0.103 0.132 0.165 0.204
2.956 3.116 3.287 3.469 3.638 3.774 3.879 3.939 3.947 3.899 3.722 3.363 2.820 2.198 1.687 1.253 0.843 0.485 0.251 0.131 0.075 0.049 0.035 0.027 0.021 0.017 0.014 0.012 0.010 0.009 0.008 0.007 0.006 0.005 0.005 0.005 0.004 0.004 0.004 0.004 0.004 0.004 0.003 0.003 0.003 0.003 0.003 0.003 0.002 0.002 0.001 0.001 0.000 0.000 0.000 0.000 0.000 0.000 0.001 0.001 0.002 0.003 0.004 0.006 0.008 0.011 0.015 0.020 0.026 0.034 0.045 0.059 0.076 0.098 0.125 0.159 0.199
1.750 1.749 1.763 1.775 1.760 1.716 1.663 1.618 1.574 1.518 1.418 1.242 0.979 0.698 0.496 0.346 0.222 0.129 0.073 0.046 0.032 0.024 0.020 0.016 0.014 0.012 0.010 0.008 0.007 0.006 0.005 0.005 0.004 0.004 0.004 0.004 0.003 0.003 0.003 0.003 0.003 0.003 0.003 0.003 0.003 0.003 0.003 0.002 0.002 0.001 0.001 0.000 0.000 0.000 0.000 0.000 0.000 0.000 0.000 0.000 0.001 0.002 0.003 0.004 0.006 0.009 0.012 0.017 0.023 0.030 0.040 0.054 0.070 0.092 0.119 0.154 0.197
0.899 0.853 0.821 0.788 0.744 0.678 0.609 0.555 0.513 0.475 0.431 0.371 0.284 0.198 0.140 0.099 0.067 0.044 0.031 0.023 0.018 0.015 0.013 0.011 0.010 0.008 0.007 0.006 0.005 0.004 0.004 0.003 0.003 0.003 0.003 0.003 0.003 0.003 0.003 0.003 0.003 0.003 0.003 0.003 0.003 0.003 0.003 0.002 0.002 0.001 0.001 0.000 0.000 0.000 0.000 0.000 0.000 0.000 0.000 0.000 0.000 0.001 0.002 0.003 0.004 0.007 0.009 0.013 0.019 0.026 0.035 0.047 0.063 0.084 0.112 0.149 0.197
0.399 0.367 0.343 0.321 0.294 0.256 0.215 0.185 0.164 0.147 0.130 0.112 0.087 0.064 0.048 0.037 0.028 0.022 0.018 0.015 0.012 0.011 0.009 0.008 0.007 0.006 0.005 0.004 0.003 0.003 0.003 0.003 0.002 0.002 0.002 0.002 0.002 0.002 0.002 0.003 0.003 0.003 0.003 0.003 0.003 0.003 0.003 0.002 0.001 0.001 0.000 0.000 0.000 0.000 0.000 0.000 0.000 0.000 0.000 0.000 0.000 0.000 0.001 0.002 0.003 0.005 0.007 0.010 0.014 0.020 0.028 0.038 0.052 0.073 0.101 0.141 0.192
0.161 0.148 0.137 0.126 0.113 0.095 0.077 0.065 0.057 0.052 0.046 0.041 0.035 0.028 0.023 0.020 0.017 0.014 0.012 0.010 0.009 0.007 0.006 0.005 0.004 0.004 0.003 0.003 0.003 0.002 0.002 0.002 0.002 0.002 0.002 0.002 0.002 0.002 0.003 0.003 0.003 0.003 0.003 0.003 0.003 0.003 0.003 0.002 0.001 0.001 0.000 0.000 0.000 0.000 0.000 0.000 0.000 0.000 0.000 0.000 0.000 0.000 0.000 0.001 0.002 0.003 0.005 0.007 0.011 0.015 0.021 0.029 0.040 0.057 0.083 0.122 0.174
0.065 0.059 0.055 0.051 0.045 0.038 0.032 0.028 0.025 0.024 0.022 0.021 0.019 0.017 0.015 0.013 0.011 0.010 0.008 0.007 0.006 0.005 0.004 0.004 0.003 0.003 0.003 0.002 0.002 0.002 0.002 0.002 0.002 0.002 0.002 0.002 0.003 0.003 0.003 0.004 0.004 0.004 0.004 0.004 0.004 0.003 0.003 0.002 0.001 0.001 0.000 0.000 0.000 0.000 0.000 0.000 0.000 0.000 0.000 0.000 0.000 0.000 0.000 0.000 0.001 0.002 0.003 0.005 0.008 0.011 0.015 0.021 0.028 0.040 0.059 0.089 0.135
0.028 0.026 0.025 0.023 0.021 0.019 0.016 0.015 0.014 0.014 0.013 0.013 0.012 0.011 0.010 0.009 0.008 0.007 0.006 0.005 0.004 0.003 0.003 0.003 0.002 0.002 0.002 0.002 0.002 0.002 0.002 0.003 0.003 0.003 0.003 0.003 0.004 0.004 0.005 0.005 0.005 0.005 0.005 0.004 0.004 0.003 0.002 0.002 0.001 0.001 0.000 0.000 0.000 0.000 0.000 0.000 0.000 0.000 0.000 0.000 0.000 0.000 0.000 0.000 0.000 0.001 0.002 0.003 0.005 0.008 0.011 0.015 0.020 0.027 0.038 0.057 0.085
0.014 0.014 0.013 0.013 0.012 0.011 0.010 0.010 0.009 0.009 0.009 0.009 0.009 0.008 0.007 0.007 0.005 0.004 0.004 0.003 0.003 0.002 0.002 0.002 0.002 0.002 0.003 0.003 0.003 0.003 0.004 0.004 0.004 0.005 0.005 0.006 0.006 0.006 0.006 0.006 0.006 0.005 0.005 0.004 0.004 0.003 0.002 0.001 0.001 0.000 0.000 0.000 0.000 0.000 0.000 0.000 0.000 0.000 0.000 0.000 0.000 0.000 0.000 0.000 0.000 0.000 0.001 0.002 0.003 0.005 0.007 0.010 0.014 0.019 0.025 0.035 0.051
0.009 0.008 0.008 0.008 0.008 0.007 0.007 0.007 0.007 0.007 0.006 0.006 0.006 0.006 0.005 0.005 0.004 0.003 0.002 0.002 0.002 0.002 0.002 0.002 0.003 0.003 0.004 0.004 0.005 0.006 0.007 0.007 0.008 0.008 0.008 0.008 0.008 0.008 0.007 0.007 0.006 0.005 0.005 0.004 0.003 0.003 0.002 0.001 0.001 0.000 0.000 0.000 0.000 0.000 0.000 0.000 0.000 0.000 0.000 0.000 0.000 0.000 0.000 0.000 0.000 0.000 0.000 0.001 0.002 0.003 0.005 0.007 0.010 0.013 0.017 0.023 0.032
0.006 0.006 0.006 0.006 0.005 0.005 0.005 0.005 0.005 0.005 0.005 0.005 0.004 0.004 0.004 0.003 0.002 0.002 0.002 0.002 0.002 0.002 0.003 0.003 0.004 0.006 0.007 0.009 0.010 0.010 0.011 0.011 0.011 0.010 0.010 0.009 0.009 0.008 0.007 0.007 0.006 0.005 0.004 0.003 0.003 0.002 0.001 0.001 0.000 0.000 0.000 0.000 0.000 0.000 0.000 0.000 0.000 0.000 0.000 0.000 0.000 0.000 0.000 0.000 0.000 0.000 0.000 0.000 0.001 0.002 0.003 0.005 0.007 0.009 0.012 0.016 0.021
0.004 0.004 0.004 0.004 0.004 0.004 0.004 0.004 0.004 0.003 0.003 0.003 0.003 0.003 0.002 0.002 0.002 0.002 0.002 0.002 0.002 0.003 0.004 0.006 0.008 0.011 0.012 0.013 0.014 0.014 0.013 0.013 0.012 0.011 0.010 0.010 0.009 0.008 0.007 0.006 0.005 0.004 0.003 0.003 0.002 0.001 0.001 0.001 0.000 0.000 0.000 0.000 0.000 0.000 0.000 0.000 0.000 0.000 0.000 0.000 0.000 0.000 0.000 0.000 0.000 0.000 0.000 0.000 0.000 0.001 0.002 0.003 0.004 0.006 0.008 0.011 0.014
0.003 0.003 0.003 0.003 0.003 0.003 0.003 0.003 0.003 0.002 0.002 0.002 0.002 0.002 0.001 0.001 0.001 0.002 0.002 0.003 0.004 0.006 0.008 0.011 0.013 0.015 0.016 0.016 0.016 0.015 0.014 0.013 0.012 0.011 0.010 0.010 0.009 0.008 0.006 0.005 0.004 0.003 0.002 0.002 0.001 0.001 0.001 0.000 0.000 0.000 0.000 0.000 0.000 0.000 0.000 0.000 0.000 0.000 0.000 0.000 0.000 0.000 0.000 0.000 0.000 0.000 0.000 0.000 0.000 0.000 0.001 0.002 0.003 0.004 0.006 0.008 0.010
0.003 0.002 0.002 0.002 0.002 0.002 0.002 0.002 0.002 0.002 0.002 0.002 0.001 0.001 0.001 0.001 0.002 0.002 0.003 0.005 0.007 0.010 0.012 0.014 0.016 0.016 0.017 0.017 0.016 0.015 0.014 0.013 0.012 0.011 0.010 0.009 0.008 0.007 0.005 0.004 0.003 0.002 0.002 0.001 0.001 0.001 0.000 0.000 0.000 0.000 0.000 0.000 0.000 0.000 0.000 0.000 0.000 0.000 0.000 0.000 0.000 0.000 0.000 0.000 0.000 0.000 0.000 0.000 0.000 0.000 0.000 0.001 0.002 0.003 0.004 0.005 0.007
0.002 0.002 0.002 0.002 0.002 0.001 0.001 0.001 0.001 0.001 0.001 0.001 0.001 0.001 0.001 0.001 0.002 0.003 0.005 0.007 0.010 0.012 0.014 0.015 0.016 0.017 0.017 0.017 0.016 0.015 0.014 0.012 0.011 0.010 0.009 0.008 0.006 0.005 0.004 0.003 0.002 0.001 0.001 0.001 0.001 0.000 0.000 0.000 0.000 0.000 0.000 0.000 0.000 0.000 0.000 0.000 0.000 0.000 0.000 0.000 0.000 0.000 0.000 0.000 0.000 0.000 0.000 0.000 0.000 0.000 0.000 0.000 0.001 0.001 0.002 0.003 0.005
0.001 0.001 0.001 0.001 0.001 0.001 0.001 0.001 0.001 0.001 0.001 0.001 0.001 0.001 0.001 0.002 0.003 0.005 0.007 0.009 0.011 0.013 0.014 0.015 0.016 0.016 0.016 0.016 0.015 0.014 0.013 0.011 0.009 0.008 0.007 0.005 0.004 0.003 0.002 0.002 0.001 0.001 0.001 0.001 0.000 0.000 0.000 0.000 0.000 0.000 0.000 0.000 0.000 0.000 0.000 0.000 0.000 0.000 0.000 0.000 0.000 0.000 0.000 0.000 0.000 0.000 0.000 0.000 0.000 0.000 0.000 0.000 0.000 0.001 0.001 0.002 0.003
0.001 0.001 0.001 0.001 0.001 0.001 0.001 0.001 0.001 0.001 0.001 0.001 0.001 0.001 0.001 0.002 0.003 0.005 0.007 0.010 0.012 0.013 0.014 0.015 0.015 0.015 0.015 0.015 0.014 0.013 0.011 0.009 0.007 0.005 0.004 0.003 0.002 0.002 0.001 0.001 0.001 0.001 0.001 0.000 0.000 0.000 0.000 0.000 0.000 0.000 0.000 0.000 0.000 0.000 0.000 0.000 0.000 0.000 0.000 0.000 0.000 0.000 0.000 0.000 0.000 0.000 0.000 0.000 0.000 0.000 0.000 0.000 0.000 0.000 0.000 0.001 0.002
0.001 0.001 0.001 0.001 0.001 0.001 0.001 0.001 0.001 0.001 0.001 0.001 0.001 0.001 0.002 0.002 0.003 0.005 0.008 0.010 0.011 0.012 0.013 0.014 0.014 0.013 0.013 0.012 0.011 0.010 0.008 0.006 0.004 0.003 0.002 0.001 0.001 0.001 0.001 0.001 0.001 0.000 0.000 0.000 0.000 0.000 0.000 0.000 0.000 0.000 0.000 0.000 0.000 0.000 0.000 0.000 0.000 0.000 0.000 0.000 0.000 0.000 0.000 0.000 0.000 0.000 0.000 0.000 0.000 0.000 0.000 0.000 0.000 0.000 0.000 0.000 0.001
0.001 0.001 0.001 0.001 0.001 0.001 0.001 0.001 0.001 0.001 0.001 0.001 0.001 0.001 0.001 0.002 0.003 0.005 0.007 0.009 0.010 0.011 0.011 0.011 0.010 0.010 0.008 0.007 0.006 0.005 0.004 0.003 0.002 0.001 0.001 0.001 0.001 0.001 0.001 0.000 0.000 0.000 0.000 0.000 0.000 0.000 0.000 0.000 0.000 0.000 0.000 0.000 0.000 0.000 0.000 0.000 0.000 0.000 0.000 0.000 0.000 0.000 0.000 0.000 0.000 0.000 0.000 0.000 0.000 0.000 0.000 0.000 0.000 0.000 0.000 0.000 0.000
