RESULTS/r.avaflow_results/22_results/22_ascii/22_hflow10032.asc
ncols 506
nrows 317
xllcenter 498237.50
yllcenter 5580050.00
cellsize 12.50
NODATA_value -9999.000
[rows 170 to 203 of 317, columns 154 to 230 of 506]
1.847 1.659 1.485 1.325 1.181 1.048 0.927 0.814 0.711 0.616 0.531 0.456 0.388 0.328 0.276 0.231 0.193 0.159 0.130 0.105 0.083 0.065 0.049 0.037 0.028 0.021 0.016 0.014 0.013 0.012 0.013 0.013 0.013 0.013 0.013 0.013 0.013 0.013 0.013 0.013 0.012 0.011 0.009 0.008 0.006 0.004 0.003 0.001 0.001 0.000 0.000 0.000 0.000 0.000 0.000 0.000 0.000 0.000 0.000 0.000 0.000 0.000 0.000 0.000 0.000 0.000 0.000 0.000 0.000 0.000 0.000 0.000 0.000 0.000 0.000 0.000 0.000
2.049 1.876 1.713 1.559 1.413 1.274 1.142 1.016 0.896 0.785 0.683 0.591 0.509 0.437 0.373 0.317 0.267 0.223 0.184 0.150 0.120 0.094 0.072 0.054 0.040 0.030 0.022 0.018 0.016 0.015 0.015 0.015 0.015 0.015 0.015 0.014 0.014 0.014 0.013 0.013 0.012 0.010 0.009 0.007 0.006 0.004 0.002 0.001 0.001 0.000 0.000 0.000 0.000 0.000 0.000 0.000 0.000 0.000 0.000 0.000 0.000 0.000 0.000 0.000 0.000 0.000 0.000 0.000 0.000 0.000 0.000 0.000 0.000 0.000 0.000 0.000 0.000
2.210 2.053 1.900 1.751 1.606 1.467 1.333 1.202 1.075 0.953 0.837 0.731 0.636 0.551 0.475 0.408 0.347 0.292 0.244 0.200 0.162 0.129 0.100 0.076 0.057 0.041 0.030 0.023 0.018 0.016 0.016 0.016 0.015 0.015 0.015 0.014 0.014 0.013 0.013 0.012 0.011 0.009 0.007 0.006 0.004 0.003 0.002 0.001 0.000 0.000 0.000 0.000 0.000 0.000 0.000 0.000 0.000 0.000 0.000 0.000 0.000 0.000 0.000 0.000 0.000 0.000 0.000 0.000 0.000 0.000 0.000 0.000 0.000 0.000 0.000 0.000 0.000
2.329 2.185 2.043 1.904 1.767 1.635 1.503 1.374 1.246 1.120 0.995 0.877 0.768 0.670 0.580 0.498 0.423 0.357 0.297 0.246 0.200 0.161 0.127 0.098 0.074 0.055 0.039 0.028 0.021 0.018 0.016 0.015 0.015 0.015 0.014 0.014 0.013 0.012 0.011 0.010 0.008 0.006 0.005 0.003 0.002 0.001 0.001 0.001 0.000 0.000 0.000 0.000 0.000 0.000 0.000 0.000 0.000 0.000 0.000 0.000 0.000 0.000 0.000 0.000 0.000 0.000 0.000 0.000 0.000 0.000 0.000 0.000 0.000 0.000 0.000 0.000 0.000
2.404 2.276 2.149 2.024 1.898 1.774 1.652 1.529 1.404 1.279 1.152 1.026 0.902 0.785 0.678 0.580 0.492 0.413 0.344 0.283 0.231 0.186 0.147 0.114 0.087 0.065 0.047 0.034 0.025 0.019 0.016 0.015 0.014 0.013 0.012 0.012 0.010 0.009 0.008 0.006 0.005 0.003 0.002 0.002 0.001 0.001 0.001 0.000 0.000 0.000 0.000 0.000 0.000 0.000 0.000 0.000 0.000 0.000 0.000 0.000 0.000 0.000 0.000 0.000 0.000 0.000 0.000 0.000 0.000 0.000 0.000 0.000 0.000 0.000 0.000 0.000 0.000
2.444 2.331 2.220 2.110 1.999 1.888 1.777 1.663 1.545 1.423 1.297 1.165 1.028 0.892 0.766 0.652 0.550 0.460 0.382 0.313 0.255 0.205 0.162 0.126 0.096 0.072 0.052 0.038 0.027 0.020 0.016 0.014 0.012 0.011 0.009 0.008 0.007 0.006 0.004 0.003 0.002 0.002 0.001 0.001 0.001 0.001 0.000 0.000 0.000 0.000 0.000 0.000 0.000 0.000 0.000 0.000 0.000 0.000 0.000 0.000 0.000 0.000 0.000 0.000 0.000 0.000 0.000 0.000 0.000 0.000 0.000 0.000 0.000 0.000 0.000 0.000 0.000
2.459 2.361 2.265 2.170 2.074 1.978 1.878 1.775 1.666 1.549 1.425 1.289 1.142 0.987 0.842 0.712 0.596 0.496 0.409 0.335 0.271 0.217 0.172 0.133 0.102 0.076 0.055 0.040 0.028 0.020 0.015 0.012 0.009 0.007 0.005 0.004 0.003 0.003 0.002 0.002 0.001 0.001 0.001 0.001 0.001 0.000 0.000 0.000 0.000 0.000 0.000 0.000 0.000 0.000 0.000 0.000 0.000 0.000 0.000 0.000 0.000 0.000 0.000 0.000 0.000 0.000 0.000 0.000 0.000 0.000 0.000 0.000 0.000 0.000 0.000 0.000 0.000
2.461 2.373 2.290 2.210 2.129 2.047 1.959 1.867 1.767 1.657 1.535 1.396 1.239 1.067 0.902 0.757 0.630 0.520 0.426 0.347 0.280 0.224 0.177 0.137 0.104 0.077 0.056 0.040 0.028 0.020 0.014 0.010 0.006 0.004 0.003 0.002 0.002 0.002 0.001 0.001 0.001 0.001 0.001 0.001 0.001 0.000 0.000 0.000 0.000 0.000 0.000 0.000 0.000 0.000 0.000 0.000 0.000 0.000 0.000 0.000 0.000 0.000 0.000 0.000 0.000 0.000 0.000 0.000 0.000 0.000 0.000 0.000 0.000 0.000 0.000 0.000 0.000
2.456 2.375 2.301 2.233 2.165 2.097 2.023 1.941 1.851 1.748 1.626 1.484 1.316 1.129 0.948 0.789 0.651 0.534 0.435 0.352 0.283 0.226 0.179 0.139 0.105 0.077 0.055 0.039 0.027 0.018 0.012 0.007 0.004 0.002 0.002 0.001 0.001 0.001 0.001 0.001 0.001 0.001 0.001 0.001 0.001 0.000 0.000 0.000 0.000 0.000 0.000 0.000 0.000 0.000 0.000 0.000 0.000 0.000 0.000 0.000 0.000 0.000 0.000 0.000 0.000 0.000 0.000 0.000 0.000 0.000 0.000 0.000 0.000 0.000 0.000 0.000 0.000
2.443 2.369 2.302 2.244 2.187 2.130 2.070 2.001 1.921 1.823 1.701 1.553 1.375 1.174 0.979 0.809 0.663 0.541 0.437 0.353 0.283 0.226 0.178 0.137 0.102 0.073 0.051 0.034 0.022 0.013 0.008 0.004 0.002 0.002 0.001 0.001 0.001 0.001 0.001 0.001 0.001 0.001 0.001 0.001 0.001 0.000 0.000 0.000 0.000 0.000 0.000 0.000 0.000 0.000 0.000 0.000 0.000 0.000 0.000 0.000 0.000 0.000 0.000 0.000 0.000 0.000 0.000 0.000 0.000 0.000 0.000 0.000 0.000 0.000 0.000 0.000 0.000
2.417 2.354 2.296 2.244 2.197 2.151 2.103 2.045 1.973 1.878 1.754 1.600 1.414 1.201 0.998 0.822 0.670 0.543 0.437 0.351 0.279 0.220 0.170 0.128 0.092 0.062 0.039 0.023 0.013 0.007 0.004 0.002 0.001 0.001 0.001 0.001 0.001 0.001 0.001 0.001 0.001 0.001 0.001 0.001 0.001 0.000 0.000 0.000 0.000 0.000 0.000 0.000 0.000 0.000 0.000 0.000 0.000 0.000 0.000 0.000 0.000 0.000 0.000 0.000 0.000 0.000 0.000 0.000 0.000 0.000 0.000 0.000 0.000 0.000 0.000 0.000 0.000
2.375 2.324 2.277 2.237 2.199 2.161 2.124 2.076 2.008 1.913 1.787 1.628 1.434 1.213 1.007 0.827 0.673 0.543 0.434 0.342 0.265 0.200 0.147 0.103 0.068 0.041 0.022 0.011 0.005 0.003 0.002 0.001 0.001 0.001 0.001 0.001 0.001 0.001 0.001 0.001 0.001 0.001 0.001 0.001 0.001 0.000 0.000 0.000 0.000 0.000 0.000 0.000 0.000 0.000 0.000 0.000 0.000 0.000 0.000 0.000 0.000 0.000 0.000 0.000 0.000 0.000 0.000 0.000 0.000 0.000 0.000 0.000 0.000 0.000 0.000 0.000 0.000
2.314 2.277 2.246 2.219 2.192 2.164 2.133 2.091 2.025 1.929 1.801 1.637 1.440 1.215 1.009 0.829 0.673 0.537 0.419 0.316 0.228 0.155 0.098 0.059 0.033 0.018 0.009 0.004 0.002 0.001 0.001 0.001 0.001 0.001 0.001 0.001 0.001 0.001 0.001 0.001 0.001 0.001 0.001 0.001 0.001 0.001 0.000 0.000 0.000 0.000 0.000 0.000 0.000 0.000 0.000 0.000 0.000 0.000 0.000 0.000 0.000 0.000 0.000 0.000 0.000 0.000 0.000 0.000 0.000 0.000 0.000 0.000 0.000 0.000 0.000 0.000 0.000
2.233 2.212 2.195 2.182 2.171 2.157 2.133 2.094 2.028 1.930 1.799 1.630 1.427 1.201 0.995 0.812 0.647 0.497 0.362 0.244 0.148 0.080 0.041 0.021 0.011 0.006 0.003 0.002 0.001 0.001 0.001 0.001 0.001 0.001 0.001 0.001 0.001 0.001 0.001 0.001 0.001 0.001 0.001 0.001 0.001 0.001 0.001 0.001 0.000 0.000 0.000 0.000 0.000 0.000 0.000 0.000 0.000 0.000 0.000 0.000 0.000 0.000 0.000 0.000 0.000 0.000 0.000 0.000 0.000 0.000 0.000 0.000 0.000 0.000 0.000 0.000 0.000
2.130 2.125 2.122 2.119 2.113 2.100 2.078 2.040 1.977 1.880 1.740 1.558 1.341 1.112 0.903 0.712 0.533 0.368 0.226 0.121 0.058 0.026 0.012 0.006 0.004 0.002 0.001 0.001 0.001 0.001 0.001 0.001 0.001 0.001 0.001 0.001 0.001 0.001 0.001 0.001 0.001 0.001 0.001 0.001 0.001 0.001 0.001 0.001 0.001 0.000 0.000 0.000 0.000 0.000 0.000 0.000 0.000 0.000 0.000 0.000 0.000 0.000 0.000 0.000 0.000 0.000 0.000 0.000 0.000 0.000 0.000 0.000 0.000 0.000 0.000 0.000 0.000
1.999 2.004 1.995 1.970 1.929 1.887 1.848 1.802 1.742 1.652 1.514 1.323 1.085 0.846 0.638 0.454 0.293 0.165 0.082 0.036 0.015 0.007 0.004 0.002 0.002 0.001 0.001 0.001 0.001 0.001 0.001 0.001 0.001 0.001 0.001 0.001 0.001 0.001 0.001 0.001 0.001 0.002 0.002 0.002 0.002 0.001 0.001 0.001 0.001 0.001 0.000 0.000 0.000 0.000 0.000 0.000 0.000 0.000 0.000 0.000 0.000 0.000 0.000 0.000 0.000 0.000 0.000 0.000 0.000 0.000 0.000 0.000 0.000 0.000 0.000 0.000 0.000
1.783 1.754 1.691 1.593 1.477 1.376 1.300 1.236 1.175 1.100 0.984 0.816 0.601 0.407 0.267 0.168 0.095 0.047 0.021 0.009 0.004 0.002 0.002 0.001 0.001 0.001 0.001 0.001 0.001 0.001 0.001 0.001 0.001 0.001 0.001 0.002 0.002 0.002 0.002 0.002 0.002 0.002 0.002 0.002 0.002 0.002 0.002 0.002 0.001 0.001 0.000 0.000 0.000 0.000 0.000 0.000 0.000 0.000 0.000 0.000 0.000 0.000 0.000 0.000 0.000 0.000 0.000 0.000 0.000 0.000 0.000 0.000 0.000 0.000 0.000 0.000 0.000
1.360 1.240 1.095 0.935 0.786 0.677 0.603 0.548 0.502 0.455 0.394 0.310 0.208 0.128 0.076 0.044 0.024 0.012 0.006 0.003 0.002 0.001 0.001 0.001 0.001 0.001 0.001 0.001 0.001 0.001 0.001 0.001 0.002 0.002 0.002 0.002 0.002 0.002 0.002 0.003 0.003 0.003 0.003 0.004 0.004 0.004 0.003 0.003 0.002 0.001 0.000 0.000 0.000 0.000 0.000 0.000 0.000 0.000 0.000 0.000 0.000 0.000 0.000 0.000 0.000 0.000 0.000 0.000 0.000 0.000 0.000 0.000 0.000 0.000 0.000 0.000 0.000
0.755 0.626 0.514 0.414 0.331 0.267 0.221 0.188 0.163 0.141 0.117 0.088 0.056 0.034 0.020 0.012 0.007 0.004 0.002 0.002 0.001 0.001 0.001 0.001 0.001 0.001 0.001 0.001 0.002 0.002 0.002 0.002 0.002 0.002 0.003 0.003 0.003 0.003 0.004 0.004 0.005 0.005 0.006 0.006 0.006 0.006 0.006 0.005 0.004 0.002 0.001 0.000 0.000 0.000 0.000 0.000 0.000 0.000 0.000 0.000 0.000 0.000 0.000 0.000 0.000 0.000 0.000 0.000 0.000 0.000 0.000 0.000 0.000 0.000 0.000 0.000 0.000
0.329 0.263 0.210 0.165 0.127 0.098 0.076 0.061 0.051 0.042 0.033 0.024 0.016 0.010 0.006 0.004 0.003 0.002 0.002 0.001 0.001 0.001 0.001 0.001 0.001 0.002 0.002 0.002 0.002 0.003 0.003 0.003 0.004 0.004 0.004 0.005 0.005 0.006 0.007 0.008 0.009 0.010 0.011 0.011 0.011 0.011 0.010 0.008 0.005 0.002 0.001 0.000 0.000 0.000 0.000 0.000 0.000 0.000 0.000 0.000 0.000 0.000 0.000 0.000 0.000 0.000 0.000 0.000 0.000 0.000 0.000 0.000 0.000 0.000 0.000 0.000 0.000
0.128 0.102 0.080 0.062 0.047 0.035 0.026 0.020 0.016 0.013 0.010 0.008 0.005 0.004 0.003 0.002 0.002 0.002 0.001 0.001 0.001 0.001 0.002 0.002 0.002 0.002 0.003 0.003 0.004 0.005 0.005 0.006 0.007 0.008 0.009 0.010 0.011 0.013 0.015 0.017 0.019 0.020 0.021 0.022 0.021 0.018 0.014 0.009 0.005 0.003 0.001 0.000 0.000 0.000 0.000 0.000 0.000 0.000 0.000 0.000 0.000 0.000 0.000 0.000 0.000 0.000 0.000 0.000 0.000 0.000 0.000 0.000 0.000 0.000 0.000 0.000 0.000
0.048 0.038 0.030 0.023 0.017 0.013 0.010 0.008 0.006 0.005 0.004 0.004 0.003 0.002 0.002 0.002 0.002 0.002 0.002 0.002 0.002 0.002 0.002 0.003 0.003 0.004 0.005 0.007 0.008 0.010 0.012 0.014 0.016 0.018 0.021 0.023 0.026 0.030 0.034 0.037 0.040 0.041 0.040 0.036 0.030 0.023 0.016 0.010 0.006 0.003 0.001 0.000 0.000 0.000 0.000 0.000 0.000 0.000 0.000 0.000 0.000 0.000 0.000 0.000 0.000 0.000 0.000 0.000 0.000 0.000 0.000 0.000 0.000 0.000 0.000 0.000 0.000
0.019 0.015 0.012 0.009 0.007 0.006 0.005 0.004 0.003 0.003 0.003 0.003 0.002 0.002 0.002 0.002 0.002 0.002 0.002 0.002 0.002 0.003 0.004 0.005 0.007 0.009 0.012 0.016 0.021 0.026 0.031 0.037 0.042 0.047 0.052 0.057 0.064 0.070 0.074 0.075 0.072 0.064 0.055 0.044 0.033 0.024 0.016 0.010 0.006 0.003 0.001 0.000 0.000 0.000 0.000 0.000 0.000 0.000 0.000 0.000 0.000 0.000 0.000 0.000 0.000 0.000 0.000 0.000 0.000 0.000 0.000 0.000 0.000 0.000 0.000 0.000 0.000
0.008 0.007 0.006 0.005 0.004 0.003 0.003 0.003 0.003 0.002 0.002 0.002 0.002 0.002 0.002 0.002 0.002 0.002 0.002 0.003 0.004 0.006 0.008 0.012 0.017 0.024 0.034 0.045 0.058 0.072 0.086 0.098 0.109 0.117 0.124 0.130 0.135 0.133 0.124 0.110 0.093 0.075 0.059 0.046 0.034 0.024 0.016 0.010 0.006 0.003 0.001 0.000 0.000 0.000 0.000 0.000 0.000 0.000 0.000 0.000 0.000 0.000 0.000 0.000 0.000 0.000 0.000 0.000 0.000 0.000 0.000 0.000 0.000 0.000 0.000 0.000 0.000
0.004 0.004 0.003 0.003 0.003 0.003 0.002 0.002 0.002 0.002 0.002 0.002 0.002 0.002 0.002 0.002 0.002 0.003 0.004 0.005 0.008 0.013 0.020 0.032 0.047 0.069 0.097 0.128 0.159 0.188 0.213 0.232 0.244 0.248 0.243 0.229 0.206 0.180 0.151 0.124 0.099 0.077 0.060 0.045 0.033 0.023 0.015 0.009 0.005 0.003 0.001 0.000 0.000 0.000 0.000 0.000 0.000 0.000 0.000 0.000 0.000 0.000 0.000 0.000 0.000 0.000 0.000 0.000 0.000 0.000 0.000 0.000 0.000 0.000 0.000 0.000 0.000
0.002 0.002 0.002 0.002 0.002 0.002 0.002 0.002 0.002 0.002 0.002 0.002 0.002 0.002 0.003 0.003 0.003 0.005 0.007 0.012 0.021 0.035 0.058 0.091 0.137 0.195 0.261 0.322 0.371 0.407 0.427 0.424 0.403 0.370 0.331 0.286 0.240 0.197 0.159 0.126 0.099 0.076 0.058 0.043 0.031 0.021 0.014 0.009 0.005 0.002 0.001 0.000 0.000 0.000 0.000 0.000 0.000 0.000 0.000 0.000 0.000 0.000 0.000 0.000 0.000 0.000 0.000 0.000 0.000 0.000 0.000 0.000 0.000 0.000 0.000 0.000 0.000
0.002 0.002 0.002 0.002 0.002 0.002 0.003 0.003 0.003 0.003 0.003 0.003 0.003 0.003 0.003 0.004 0.006 0.010 0.018 0.033 0.059 0.102 0.165 0.249 0.352 0.462 0.559 0.624 0.651 0.644 0.608 0.549 0.486 0.424 0.363 0.303 0.248 0.200 0.159 0.125 0.097 0.074 0.055 0.040 0.028 0.019 0.012 0.008 0.004 0.002 0.001 0.000 0.000 0.000 0.000 0.000 0.000 0.000 0.000 0.000 0.000 0.000 0.000 0.000 0.000 0.000 0.000 0.000 0.000 0.000 0.000 0.000 0.000 0.000 0.000 0.000 0.000
0.001 0.002 0.002 0.002 0.002 0.003 0.003 0.003 0.003 0.003 0.003 0.004 0.004 0.004 0.005 0.008 0.013 0.026 0.050 0.094 0.166 0.269 0.402 0.548 0.683 0.779 0.831 0.847 0.827 0.773 0.688 0.591 0.507 0.434 0.367 0.304 0.248 0.199 0.157 0.122 0.093 0.069 0.050 0.035 0.024 0.016 0.010 0.006 0.003 0.002 0.001 0.000 0.000 0.000 0.000 0.000 0.000 0.000 0.000 0.000 0.000 0.000 0.000 0.000 0.000 0.000 0.000 0.000 0.000 0.000 0.000 0.000 0.000 0.000 0.000 0.000 0.000
0.001 0.002 0.002 0.002 0.003 0.003 0.004 0.004 0.005 0.005 0.005 0.005 0.006 0.007 0.010 0.017 0.034 0.069 0.133 0.239 0.390 0.559 0.713 0.832 0.915 0.958 0.966 0.948 0.901 0.821 0.711 0.598 0.508 0.433 0.366 0.304 0.247 0.196 0.152 0.115 0.084 0.060 0.042 0.029 0.019 0.012 0.008 0.005 0.003 0.001 0.000 0.000 0.000 0.000 0.000 0.000 0.000 0.000 0.000 0.000 0.000 0.000 0.000 0.000 0.000 0.000 0.000 0.000 0.000 0.000 0.000 0.000 0.000 0.000 0.000 0.000 0.000
0.001 0.002 0.002 0.003 0.004 0.005 0.006 0.007 0.008 0.008 0.009 0.010 0.011 0.014 0.022 0.041 0.084 0.164 0.296 0.477 0.656 0.796 0.899 0.968 1.006 1.016 1.009 0.982 0.926 0.837 0.716 0.597 0.502 0.425 0.356 0.293 0.233 0.180 0.134 0.096 0.067 0.046 0.031 0.021 0.014 0.009 0.006 0.003 0.002 0.001 0.000 0.000 0.000 0.000 0.000 0.000 0.000 0.000 0.000 0.000 0.000 0.000 0.000 0.000 0.000 0.000 0.000 0.000 0.000 0.000 0.000 0.000 0.000 0.000 0.000 0.000 0.000
0.001 0.002 0.003 0.005 0.007 0.009 0.011 0.013 0.015 0.016 0.018 0.020 0.023 0.029 0.047 0.087 0.167 0.297 0.477 0.663 0.804 0.900 0.964 1.004 1.024 1.028 1.021 0.993 0.934 0.840 0.713 0.584 0.478 0.391 0.315 0.248 0.188 0.137 0.096 0.065 0.044 0.030 0.021 0.015 0.010 0.007 0.004 0.002 0.001 0.000 0.000 0.000 0.000 0.000 0.000 0.000 0.000 0.000 0.000 0.000 0.000 0.000 0.000 0.000 0.000 0.000 0.000 0.000 0.000 0.000 0.000 0.000 0.000 0.000 0.000 0.000 0.000
0.002 0.003 0.006 0.009 0.013 0.018 0.022 0.027 0.030 0.033 0.035 0.038 0.043 0.053 0.076 0.128 0.228 0.383 0.578 0.741 0.853 0.925 0.973 1.006 1.024 1.029 1.021 0.988 0.923 0.821 0.684 0.537 0.413 0.310 0.226 0.159 0.109 0.074 0.051 0.036 0.026 0.019 0.015 0.011 0.008 0.005 0.003 0.002 0.001 0.000 0.000 0.000 0.000 0.000 0.000 0.000 0.000 0.000 0.000 0.000 0.000 0.000 0.000 0.000 0.000 0.000 0.000 0.000 0.000 0.000 0.000 0.000 0.000 0.000 0.000 0.000 0.000
0.003 0.006 0.011 0.019 0.027 0.036 0.044 0.051 0.056 0.058 0.060 0.061 0.064 0.071 0.093 0.147 0.252 0.413 0.606 0.754 0.856 0.922 0.964 0.989 0.997 0.988 0.957 0.903 0.823 0.712 0.571 0.420 0.291 0.189 0.118 0.074 0.048 0.033 0.024 0.019 0.015 0.012 0.010 0.008 0.005 0.003 0.002 0.001 0.000 0.000 0.000 0.000 0.000 0.000 0.000 0.000 0.000 0.000 0.000 0.000 0.000 0.000 0.000 0.000 0.000 0.000 0.000 0.000 0.000 0.000 0.000 0.000 0.000 0.000 0.000 0.000 0.000
0.006 0.012 0.022 0.035 0.048 0.059 0.069 0.075 0.079 0.080 0.078 0.076 0.075 0.079 0.098 0.149 0.251 0.410 0.593 0.730 0.820 0.873 0.897 0.899 0.875 0.822 0.746 0.660 0.565 0.460 0.346 0.235 0.149 0.089 0.051 0.030 0.019 0.014 0.011 0.010 0.009 0.008 0.007 0.005 0.004 0.002 0.001 0.000 0.000 0.000 0.000 0.000 0.000 0.000 0.000 0.000 0.000 0.000 0.000 0.000 0.000 0.000 0.000 0.000 0.000 0.000 0.000 0.000 0.000 0.000 0.000 0.000 0.000 0.000 0.000 0.000 0.000
