RESULTS/r.avaflow_results/22_results/22_ascii/22_hflow10011.asc
ncols 506
nrows 317
xllcenter 498237.50
yllcenter 5580050.00
cellsize 12.50
NODATA_value -9999.000
[rows 170 to 203 of 317, columns 77 to 153 of 506]
0.000 0.000 0.000 0.000 0.000 0.000 0.000 0.000 0.000 0.000 0.000 0.000 0.000 0.000 0.000 0.000 0.000 0.000 0.000 0.001 0.003 0.009 0.024 0.059 0.124 0.225 0.347 0.442 0.503 0.533 0.542 0.539 0.520 0.475 0.442 0.436 0.460 0.549 0.727 0.983 1.270 1.575 1.946 2.438 3.097 3.759 4.228 4.478 4.558 4.543 4.435 4.419 4.722 5.452 6.420 7.267 8.122 9.198 10.585 11.665 12.226 12.371 12.282 11.803 10.756 9.149 7.310 5.805 4.589 3.603 2.794 2.161 1.689 1.345 1.092 0.901 0.753
0.000 0.000 0.000 0.000 0.000 0.000 0.000 0.000 0.000 0.000 0.000 0.000 0.000 0.000 0.000 0.000 0.000 0.000 0.001 0.004 0.010 0.024 0.056 0.116 0.212 0.349 0.516 0.649 0.733 0.773 0.782 0.777 0.743 0.675 0.640 0.642 0.700 0.857 1.124 1.475 1.854 2.261 2.751 3.381 4.193 5.012 5.624 5.986 6.115 6.125 6.083 6.141 6.410 6.901 7.553 8.263 9.129 10.345 11.796 12.777 13.172 13.234 13.030 12.359 11.086 9.290 7.515 6.099 4.919 3.947 3.159 2.560 2.115 1.779 1.523 1.321 1.155
0.000 0.000 0.000 0.000 0.000 0.000 0.000 0.000 0.000 0.000 0.000 0.000 0.000 0.000 0.000 0.000 0.000 0.001 0.004 0.010 0.024 0.054 0.110 0.200 0.331 0.510 0.736 0.919 1.032 1.083 1.094 1.083 1.029 0.928 0.884 0.892 0.964 1.135 1.431 1.852 2.368 2.970 3.667 4.477 5.410 6.297 7.002 7.488 7.731 7.801 7.791 7.772 7.799 7.945 8.244 8.736 9.530 10.818 12.312 13.242 13.567 13.588 13.314 12.534 11.146 9.287 7.635 6.343 5.278 4.403 3.689 3.145 2.726 2.394 2.133 1.925 1.742
0.000 0.000 0.000 0.000 0.000 0.000 0.000 0.000 0.000 0.000 0.000 0.000 0.000 0.000 0.000 0.000 0.001 0.003 0.008 0.019 0.041 0.083 0.157 0.271 0.441 0.684 1.000 1.255 1.402 1.465 1.475 1.456 1.373 1.223 1.135 1.121 1.165 1.315 1.608 2.078 2.737 3.561 4.504 5.484 6.485 7.408 8.171 8.729 9.053 9.163 9.170 9.094 8.881 8.672 8.692 8.928 9.594 10.879 12.410 13.324 13.637 13.649 13.356 12.529 11.072 9.209 7.668 6.499 5.584 4.843 4.247 3.769 3.379 3.071 2.846 2.672 2.501
0.000 0.000 0.000 0.000 0.000 0.000 0.000 0.000 0.000 0.000 0.000 0.000 0.000 0.000 0.000 0.000 0.001 0.004 0.011 0.025 0.051 0.099 0.181 0.313 0.516 0.817 1.231 1.590 1.796 1.881 1.894 1.869 1.749 1.516 1.348 1.298 1.311 1.416 1.683 2.171 2.946 3.999 5.200 6.309 7.348 8.296 9.106 9.698 10.058 10.194 10.192 10.074 9.705 9.122 8.881 8.953 9.498 10.725 12.317 13.255 13.558 13.552 13.232 12.344 10.820 9.037 7.618 6.552 5.724 5.078 4.570 4.161 3.830 3.588 3.419 3.282 3.145
0.000 0.000 0.000 0.000 0.000 0.000 0.000 0.000 0.000 0.000 0.000 0.000 0.000 0.000 0.000 0.000 0.001 0.005 0.012 0.027 0.055 0.105 0.192 0.335 0.561 0.904 1.394 1.857 2.132 2.249 2.270 2.240 2.097 1.788 1.525 1.430 1.422 1.484 1.701 2.173 2.998 4.240 5.731 6.967 8.028 8.989 9.793 10.368 10.738 10.882 10.875 10.726 10.255 9.383 8.855 8.804 9.150 10.209 11.853 12.868 13.194 13.177 12.812 11.866 10.322 8.721 7.477 6.508 5.732 5.127 4.655 4.306 4.050 3.882 3.764 3.645 3.534
0.000 0.000 0.000 0.000 0.000 0.000 0.000 0.000 0.000 0.000 0.000 0.000 0.000 0.000 0.000 0.000 0.001 0.005 0.012 0.027 0.055 0.106 0.195 0.343 0.583 0.953 1.497 2.060 2.412 2.570 2.603 2.571 2.415 2.050 1.690 1.538 1.512 1.545 1.700 2.105 2.920 4.260 6.038 7.469 8.545 9.458 10.233 10.799 11.154 11.292 11.279 11.095 10.557 9.507 8.605 8.298 8.409 9.217 10.894 12.086 12.459 12.436 12.033 11.057 9.583 8.209 7.151 6.303 5.609 5.055 4.616 4.294 4.077 3.947 3.855 3.765 3.695
0.000 0.000 0.000 0.000 0.000 0.000 0.000 0.000 0.000 0.000 0.000 0.000 0.000 0.000 0.000 0.000 0.001 0.005 0.012 0.027 0.055 0.106 0.194 0.344 0.588 0.972 1.549 2.210 2.646 2.853 2.906 2.878 2.714 2.315 1.859 1.639 1.582 1.595 1.689 1.968 2.661 4.032 6.065 7.772 8.906 9.752 10.469 11.025 11.366 11.490 11.479 11.265 10.676 9.492 8.153 7.459 7.376 7.948 9.540 10.982 11.406 11.372 10.932 9.952 8.585 7.425 6.532 5.808 5.215 4.741 4.373 4.108 3.939 3.848 3.795 3.750 3.723
0.000 0.000 0.000 0.000 0.000 0.000 0.000 0.000 0.000 0.000 0.000 0.000 0.000 0.000 0.000 0.000 0.001 0.004 0.011 0.026 0.053 0.102 0.190 0.340 0.586 0.974 1.564 2.311 2.846 3.114 3.193 3.174 3.012 2.589 2.040 1.741 1.636 1.624 1.665 1.819 2.276 3.460 5.643 7.838 9.100 9.913 10.571 11.108 11.451 11.572 11.552 11.334 10.698 9.452 7.888 6.895 6.660 7.016 8.221 9.691 10.155 10.060 9.556 8.566 7.282 6.265 5.496 4.890 4.419 4.058 3.794 3.624 3.541 3.519 3.550 3.613 3.668
0.000 0.000 0.000 0.000 0.000 0.000 0.000 0.000 0.000 0.000 0.000 0.000 0.000 0.000 0.000 0.000 0.001 0.004 0.010 0.023 0.048 0.094 0.178 0.325 0.571 0.962 1.557 2.366 3.016 3.364 3.478 3.470 3.316 2.873 2.232 1.844 1.682 1.640 1.648 1.727 1.979 2.758 4.662 7.371 9.112 9.964 10.579 11.115 11.458 11.590 11.574 11.334 10.654 9.408 7.860 6.676 6.202 6.296 6.975 8.164 8.657 8.533 7.965 6.912 5.620 4.652 3.975 3.497 3.166 2.953 2.837 2.798 2.835 2.938 3.111 3.328 3.508
0.000 0.000 0.000 0.000 0.000 0.000 0.000 0.000 0.000 0.000 0.000 0.000 0.000 0.000 0.000 0.000 0.001 0.003 0.007 0.017 0.039 0.080 0.157 0.296 0.535 0.924 1.525 2.384 3.167 3.611 3.772 3.777 3.631 3.171 2.440 1.953 1.730 1.661 1.656 1.699 1.848 2.276 3.514 6.095 8.660 9.874 10.495 11.059 11.423 11.574 11.536 11.261 10.603 9.460 8.029 6.651 5.817 5.576 5.757 6.402 6.812 6.737 6.172 5.056 3.807 2.976 2.462 2.143 1.953 1.857 1.833 1.866 1.989 2.221 2.549 2.928 3.246
0.000 0.000 0.000 0.000 0.000 0.000 0.000 0.000 0.000 0.000 0.000 0.000 0.000 0.000 0.000 0.000 0.000 0.001 0.004 0.010 0.025 0.059 0.125 0.250 0.474 0.853 1.458 2.364 3.305 3.870 4.092 4.112 3.969 3.497 2.693 2.103 1.814 1.716 1.703 1.729 1.837 2.098 2.773 4.563 7.475 9.421 10.222 10.796 11.182 11.353 11.296 11.030 10.457 9.480 8.185 6.651 5.411 4.751 4.576 4.745 4.970 4.929 4.450 3.423 2.379 1.758 1.410 1.216 1.120 1.087 1.094 1.156 1.309 1.577 1.960 2.432 2.864
0.000 0.000 0.000 0.000 0.000 0.000 0.000 0.000 0.000 0.000 0.000 0.000 0.000 0.000 0.000 0.000 0.000 0.001 0.002 0.004 0.012 0.033 0.083 0.189 0.391 0.752 1.358 2.309 3.442 4.169 4.470 4.510 4.372 3.887 3.033 2.360 2.010 1.872 1.846 1.860 1.928 2.120 2.553 3.578 5.862 8.348 9.607 10.227 10.617 10.770 10.725 10.490 9.956 9.115 7.979 6.481 4.937 3.914 3.458 3.350 3.390 3.341 2.950 2.117 1.358 0.935 0.707 0.590 0.543 0.536 0.554 0.618 0.753 0.988 1.351 1.831 2.325
0.000 0.000 0.000 0.000 0.000 0.000 0.000 0.000 0.000 0.000 0.000 0.000 0.000 0.000 0.000 0.000 0.000 0.000 0.001 0.002 0.005 0.014 0.043 0.118 0.288 0.627 1.237 2.241 3.603 4.553 4.956 5.024 4.897 4.399 3.507 2.792 2.400 2.217 2.161 2.162 2.199 2.337 2.689 3.366 4.661 6.640 8.252 9.163 9.578 9.675 9.595 9.203 8.504 7.691 6.764 5.621 4.247 3.127 2.487 2.202 2.097 2.004 1.716 1.146 0.672 0.412 0.276 0.212 0.191 0.190 0.202 0.241 0.320 0.464 0.709 1.088 1.578
0.000 0.000 0.000 0.000 0.000 0.000 0.000 0.000 0.000 0.000 0.000 0.000 0.000 0.000 0.000 0.000 0.000 0.000 0.000 0.001 0.001 0.005 0.017 0.057 0.170 0.461 1.076 2.164 3.766 5.044 5.611 5.714 5.594 5.095 4.191 3.465 3.055 2.831 2.732 2.709 2.731 2.863 3.218 3.713 4.360 5.367 6.528 7.392 7.764 7.716 7.235 6.299 5.397 4.760 4.230 3.709 3.044 2.251 1.639 1.309 1.139 1.010 0.818 0.505 0.267 0.140 0.081 0.059 0.053 0.053 0.057 0.068 0.093 0.144 0.250 0.447 0.756
0.000 0.000 0.000 0.000 0.000 0.000 0.000 0.000 0.000 0.000 0.000 0.000 0.000 0.000 0.000 0.000 0.000 0.000 0.000 0.001 0.001 0.002 0.008 0.027 0.086 0.258 0.742 1.845 3.666 5.344 6.170 6.378 6.322 5.940 5.175 4.482 4.062 3.809 3.680 3.639 3.650 3.778 4.091 4.357 4.541 4.838 5.279 5.514 5.284 4.525 3.377 2.335 1.801 1.639 1.614 1.609 1.515 1.260 0.924 0.675 0.525 0.414 0.298 0.166 0.082 0.044 0.032 0.029 0.029 0.029 0.031 0.033 0.037 0.048 0.071 0.129 0.249
0.000 0.000 0.000 0.000 0.000 0.000 0.000 0.000 0.000 0.000 0.000 0.000 0.000 0.000 0.000 0.000 0.000 0.000 0.000 0.001 0.001 0.002 0.008 0.024 0.070 0.185 0.456 1.160 2.804 4.971 6.273 6.683 6.730 6.576 6.164 5.674 5.335 5.123 4.994 4.908 4.810 4.700 4.666 4.617 4.573 4.528 4.369 3.904 2.907 1.741 0.870 0.427 0.283 0.289 0.358 0.467 0.525 0.509 0.409 0.282 0.192 0.129 0.078 0.044 0.030 0.026 0.025 0.025 0.026 0.026 0.027 0.030 0.033 0.039 0.048 0.057 0.077
0.000 0.000 0.000 0.000 0.000 0.000 0.000 0.000 0.000 0.000 0.000 0.000 0.000 0.000 0.000 0.000 0.000 0.000 0.000 0.001 0.002 0.006 0.016 0.043 0.102 0.228 0.473 0.907 1.749 3.458 5.354 6.414 6.755 6.804 6.677 6.444 6.229 6.057 5.918 5.761 5.518 5.164 4.842 4.605 4.381 4.030 3.327 2.217 1.101 0.453 0.184 0.083 0.048 0.038 0.045 0.082 0.121 0.136 0.127 0.086 0.051 0.031 0.023 0.022 0.023 0.023 0.024 0.024 0.024 0.025 0.026 0.029 0.033 0.039 0.046 0.052 0.055
0.000 0.000 0.000 0.000 0.000 0.000 0.000 0.000 0.000 0.000 0.000 0.000 0.000 0.000 0.000 0.000 0.000 0.001 0.001 0.002 0.005 0.015 0.041 0.098 0.208 0.411 0.750 1.140 1.548 2.225 3.498 4.962 6.046 6.546 6.681 6.644 6.544 6.405 6.260 6.047 5.705 5.223 4.691 4.168 3.568 2.705 1.667 0.795 0.338 0.157 0.082 0.047 0.029 0.019 0.014 0.013 0.020 0.023 0.024 0.019 0.013 0.013 0.016 0.020 0.021 0.022 0.022 0.023 0.023 0.024 0.025 0.028 0.033 0.040 0.045 0.049 0.052
0.000 0.000 0.000 0.000 0.000 0.000 0.000 0.000 0.000 0.000 0.000 0.000 0.000 0.000 0.000 0.001 0.001 0.001 0.002 0.005 0.013 0.037 0.092 0.202 0.398 0.739 1.159 1.482 1.686 1.881 2.271 2.996 4.022 5.007 5.625 5.936 6.029 5.965 5.835 5.594 5.154 4.492 3.608 2.636 1.732 0.997 0.531 0.288 0.168 0.101 0.063 0.040 0.026 0.017 0.011 0.008 0.007 0.007 0.008 0.008 0.008 0.011 0.015 0.019 0.020 0.021 0.021 0.021 0.021 0.022 0.024 0.028 0.033 0.040 0.046 0.049 0.051
0.000 0.000 0.000 0.000 0.000 0.000 0.000 0.000 0.000 0.000 0.000 0.000 0.001 0.001 0.001 0.002 0.002 0.003 0.004 0.011 0.030 0.082 0.191 0.386 0.707 1.104 1.408 1.591 1.712 1.763 1.749 1.699 1.817 2.218 2.781 3.239 3.439 3.467 3.388 3.167 2.745 2.118 1.402 0.849 0.523 0.356 0.268 0.202 0.133 0.084 0.054 0.036 0.023 0.015 0.010 0.008 0.007 0.006 0.006 0.007 0.008 0.011 0.015 0.018 0.020 0.020 0.020 0.020 0.020 0.021 0.023 0.027 0.033 0.040 0.046 0.050 0.051
0.000 0.000 0.000 0.000 0.000 0.000 0.000 0.000 0.000 0.000 0.001 0.001 0.001 0.002 0.002 0.003 0.004 0.005 0.008 0.022 0.063 0.167 0.373 0.704 1.070 1.359 1.504 1.583 1.623 1.549 1.304 0.978 0.820 0.818 0.951 1.054 1.083 1.072 1.011 0.877 0.697 0.525 0.386 0.307 0.271 0.252 0.227 0.181 0.116 0.073 0.048 0.032 0.021 0.014 0.010 0.007 0.006 0.006 0.006 0.007 0.008 0.011 0.015 0.018 0.019 0.020 0.020 0.019 0.019 0.020 0.023 0.027 0.034 0.041 0.046 0.049 0.050
0.000 0.000 0.000 0.000 0.000 0.000 0.000 0.000 0.001 0.001 0.001 0.002 0.002 0.003 0.004 0.004 0.005 0.007 0.014 0.040 0.121 0.318 0.689 1.069 1.313 1.451 1.506 1.483 1.341 1.049 0.736 0.545 0.498 0.554 0.627 0.644 0.641 0.615 0.546 0.424 0.320 0.266 0.244 0.238 0.238 0.234 0.212 0.160 0.100 0.064 0.043 0.029 0.019 0.013 0.009 0.007 0.006 0.006 0.006 0.007 0.008 0.011 0.016 0.018 0.019 0.019 0.019 0.019 0.019 0.020 0.023 0.028 0.035 0.042 0.047 0.048 0.049
0.000 0.000 0.000 0.000 0.000 0.000 0.001 0.001 0.001 0.002 0.002 0.003 0.003 0.004 0.004 0.004 0.005 0.009 0.023 0.071 0.216 0.574 1.030 1.292 1.404 1.447 1.399 1.178 0.832 0.533 0.386 0.345 0.385 0.500 0.568 0.580 0.574 0.538 0.446 0.327 0.260 0.232 0.225 0.225 0.225 0.218 0.192 0.136 0.083 0.053 0.037 0.025 0.017 0.012 0.008 0.007 0.006 0.006 0.006 0.007 0.009 0.012 0.016 0.018 0.019 0.019 0.019 0.019 0.019 0.020 0.024 0.029 0.037 0.044 0.047 0.049 0.049
0.000 0.000 0.000 0.000 0.001 0.001 0.001 0.002 0.002 0.003 0.003 0.003 0.003 0.004 0.004 0.004 0.006 0.012 0.036 0.118 0.355 0.843 1.227 1.366 1.401 1.329 1.061 0.702 0.436 0.311 0.272 0.286 0.367 0.492 0.541 0.546 0.533 0.484 0.381 0.281 0.236 0.221 0.218 0.218 0.216 0.202 0.169 0.112 0.069 0.045 0.031 0.022 0.015 0.010 0.007 0.006 0.005 0.005 0.006 0.007 0.009 0.012 0.016 0.018 0.019 0.019 0.018 0.018 0.019 0.021 0.025 0.031 0.039 0.046 0.049 0.050 0.051
0.000 0.000 0.001 0.001 0.001 0.002 0.002 0.003 0.003 0.003 0.003 0.003 0.003 0.003 0.004 0.004 0.006 0.017 0.058 0.194 0.548 1.030 1.276 1.343 1.269 0.970 0.604 0.375 0.276 0.242 0.243 0.280 0.386 0.488 0.519 0.522 0.503 0.437 0.325 0.249 0.220 0.213 0.213 0.213 0.208 0.191 0.151 0.095 0.059 0.039 0.028 0.020 0.013 0.009 0.007 0.006 0.005 0.005 0.005 0.006 0.009 0.013 0.016 0.017 0.018 0.018 0.018 0.018 0.019 0.022 0.027 0.034 0.042 0.048 0.052 0.054 0.055
0.000 0.001 0.001 0.002 0.002 0.003 0.003 0.003 0.003 0.003 0.003 0.003 0.003 0.003 0.004 0.004 0.008 0.027 0.100 0.322 0.750 1.089 1.208 1.158 0.870 0.525 0.335 0.256 0.227 0.224 0.239 0.292 0.410 0.491 0.507 0.504 0.473 0.388 0.281 0.227 0.209 0.207 0.209 0.209 0.203 0.181 0.136 0.083 0.052 0.035 0.025 0.018 0.012 0.009 0.006 0.005 0.005 0.005 0.005 0.006 0.009 0.013 0.015 0.017 0.018 0.018 0.018 0.018 0.020 0.024 0.030 0.038 0.046 0.052 0.056 0.059 0.060
0.001 0.001 0.002 0.002 0.003 0.004 0.004 0.004 0.004 0.004 0.003 0.003 0.003 0.003 0.004 0.005 0.013 0.051 0.182 0.499 0.855 1.006 0.995 0.776 0.477 0.314 0.247 0.220 0.213 0.217 0.244 0.314 0.426 0.488 0.500 0.490 0.444 0.341 0.245 0.207 0.199 0.201 0.204 0.205 0.199 0.173 0.123 0.074 0.047 0.032 0.023 0.016 0.011 0.008 0.006 0.005 0.005 0.005 0.005 0.007 0.010 0.013 0.015 0.017 0.017 0.018 0.018 0.019 0.022 0.027 0.034 0.043 0.051 0.058 0.063 0.066 0.067
0.002 0.002 0.003 0.003 0.004 0.004 0.004 0.004 0.004 0.004 0.004 0.003 0.003 0.003 0.004 0.007 0.025 0.097 0.317 0.640 0.823 0.844 0.715 0.474 0.320 0.252 0.221 0.208 0.207 0.216 0.251 0.340 0.438 0.476 0.483 0.469 0.409 0.298 0.221 0.194 0.191 0.196 0.201 0.200 0.191 0.164 0.112 0.068 0.044 0.030 0.022 0.016 0.011 0.008 0.006 0.005 0.005 0.005 0.005 0.007 0.010 0.014 0.016 0.017 0.017 0.018 0.018 0.020 0.023 0.030 0.039 0.050 0.059 0.067 0.073 0.076 0.076
0.003 0.003 0.004 0.004 0.005 0.005 0.005 0.005 0.004 0.004 0.004 0.004 0.004 0.004 0.005 0.013 0.050 0.177 0.449 0.673 0.734 0.684 0.502 0.333 0.261 0.227 0.209 0.202 0.203 0.218 0.263 0.358 0.437 0.457 0.458 0.439 0.369 0.259 0.201 0.184 0.183 0.191 0.197 0.197 0.186 0.154 0.101 0.062 0.041 0.029 0.021 0.015 0.011 0.007 0.006 0.005 0.005 0.005 0.005 0.007 0.011 0.015 0.016 0.017 0.018 0.019 0.020 0.022 0.027 0.035 0.046 0.059 0.070 0.079 0.084 0.085 0.083
0.005 0.005 0.005 0.006 0.006 0.006 0.006 0.005 0.005 0.004 0.004 0.004 0.005 0.005 0.009 0.027 0.092 0.265 0.508 0.609 0.607 0.518 0.363 0.275 0.235 0.214 0.201 0.197 0.201 0.221 0.275 0.372 0.432 0.446 0.442 0.411 0.324 0.228 0.186 0.176 0.178 0.189 0.195 0.194 0.180 0.144 0.091 0.056 0.037 0.027 0.020 0.015 0.010 0.007 0.005 0.005 0.005 0.005 0.006 0.008 0.012 0.015 0.017 0.018 0.019 0.020 0.022 0.025 0.031 0.042 0.057 0.071 0.082 0.090 0.092 0.091 0.087
0.007 0.007 0.007 0.008 0.007 0.007 0.006 0.005 0.005 0.005 0.005 0.006 0.007 0.010 0.019 0.048 0.133 0.322 0.482 0.516 0.492 0.393 0.290 0.242 0.216 0.201 0.195 0.195 0.201 0.225 0.284 0.381 0.428 0.436 0.428 0.382 0.283 0.201 0.171 0.165 0.170 0.186 0.192 0.190 0.174 0.134 0.082 0.050 0.034 0.025 0.018 0.014 0.009 0.007 0.005 0.005 0.005 0.005 0.006 0.009 0.013 0.016 0.018 0.019 0.020 0.022 0.024 0.028 0.037 0.050 0.070 0.085 0.092 0.096 0.097 0.093 0.086
0.010 0.010 0.010 0.010 0.008 0.007 0.007 0.006 0.006 0.006 0.007 0.009 0.012 0.017 0.029 0.063 0.162 0.344 0.431 0.441 0.409 0.316 0.252 0.221 0.202 0.192 0.189 0.192 0.201 0.228 0.293 0.382 0.422 0.427 0.415 0.359 0.251 0.184 0.161 0.158 0.165 0.181 0.187 0.184 0.168 0.126 0.075 0.047 0.032 0.023 0.017 0.013 0.009 0.006 0.005 0.005 0.005 0.005 0.006 0.009 0.014 0.017 0.019 0.021 0.022 0.024 0.027 0.034 0.046 0.065 0.083 0.094 0.100 0.100 0.097 0.089 0.074
0.014 0.013 0.012 0.011 0.009 0.008 0.007 0.007 0.007 0.009 0.010 0.013 0.016 0.021 0.034 0.074 0.185 0.331 0.384 0.388 0.345 0.269 0.229 0.205 0.191 0.184 0.184 0.187 0.199 0.231 0.302 0.382 0.414 0.420 0.403 0.330 0.221 0.169 0.153 0.153 0.162 0.179 0.185 0.182 0.163 0.118 0.070 0.044 0.031 0.022 0.017 0.012 0.008 0.006 0.005 0.004 0.004 0.005 0.007 0.010 0.015 0.019 0.020 0.022 0.024 0.027 0.032 0.041 0.058 0.078 0.092 0.099 0.102 0.100 0.092 0.072 0.047
