RESULTS/r.avaflow_results/22_results/22_ascii/22_hflow30017.asc
ncols 506
nrows 317
xllcenter 498237.50
yllcenter 5580050.00
cellsize 12.50
NODATA_value -9999.000
[rows 170 to 203 of 317, columns 154 to 230 of 506]
10.061 9.944 9.832 9.704 9.551 9.417 9.336 9.291 9.260 9.240 9.256 9.279 9.267 9.187 8.949 8.479 7.776 7.009 6.331 5.726 5.147 4.543 3.902 3.335 2.901 2.592 2.396 2.283 2.229 2.211 2.219 2.278 2.368 2.413 2.424 2.414 2.390 2.385 2.381 2.351 2.293 2.239 2.216 2.218 2.214 2.174 2.062 1.855 1.558 1.226 0.904 0.644 0.469 0.358 0.290 0.250 0.227 0.213 0.204 0.196 0.185 0.167 0.140 0.104 0.065 0.031 0.012 0.004 0.001 0.000 0.000 0.000 0.000 0.000 0.000 0.000 0.000
12.744 13.035 13.220 13.305 13.312 13.271 13.199 13.114 13.017 12.916 12.835 12.768 12.697 12.580 12.327 11.830 11.032 10.004 8.933 7.895 6.880 5.882 4.936 4.128 3.503 3.035 2.700 2.485 2.377 2.352 2.377 2.471 2.596 2.645 2.643 2.606 2.535 2.474 2.427 2.369 2.279 2.181 2.097 2.017 1.921 1.763 1.492 1.128 0.774 0.521 0.363 0.263 0.199 0.160 0.139 0.130 0.125 0.123 0.121 0.116 0.107 0.091 0.069 0.044 0.024 0.011 0.004 0.001 0.000 0.000 0.000 0.000 0.000 0.000 0.000 0.000 0.000
15.147 15.862 16.294 16.494 16.548 16.535 16.482 16.399 16.290 16.165 16.042 15.933 15.830 15.698 15.441 14.934 14.109 13.039 11.824 10.523 9.172 7.806 6.508 5.372 4.453 3.731 3.169 2.773 2.546 2.452 2.440 2.497 2.604 2.646 2.640 2.592 2.505 2.421 2.345 2.249 2.094 1.884 1.647 1.407 1.162 0.900 0.643 0.430 0.285 0.197 0.144 0.111 0.090 0.078 0.073 0.072 0.072 0.072 0.070 0.066 0.058 0.045 0.030 0.017 0.008 0.003 0.001 0.000 0.000 0.000 0.000 0.000 0.000 0.000 0.000 0.000 0.000
16.700 17.742 18.396 18.751 18.936 19.054 19.147 19.195 19.181 19.118 19.020 18.918 18.816 18.685 18.431 17.922 17.072 15.948 14.703 13.378 11.938 10.373 8.753 7.237 5.941 4.868 3.996 3.332 2.882 2.623 2.507 2.482 2.527 2.553 2.538 2.463 2.332 2.192 2.055 1.868 1.567 1.190 0.853 0.617 0.455 0.329 0.228 0.156 0.109 0.081 0.064 0.053 0.046 0.043 0.041 0.041 0.042 0.041 0.039 0.035 0.029 0.020 0.012 0.006 0.003 0.001 0.000 0.000 0.000 0.000 0.000 0.000 0.000 0.000 0.000 0.000 0.000
17.336 18.549 19.393 19.957 20.374 20.745 21.109 21.424 21.626 21.697 21.672 21.606 21.517 21.387 21.143 20.663 19.850 18.737 17.465 16.113 14.669 13.081 11.312 9.433 7.699 6.242 5.072 4.158 3.458 2.953 2.632 2.470 2.412 2.382 2.321 2.160 1.910 1.663 1.411 1.114 0.788 0.514 0.341 0.237 0.171 0.123 0.088 0.064 0.049 0.040 0.034 0.030 0.027 0.025 0.025 0.024 0.024 0.023 0.021 0.017 0.013 0.008 0.004 0.002 0.001 0.000 0.000 0.000 0.000 0.000 0.000 0.000 0.000 0.000 0.000 0.000 0.000
17.345 18.607 19.551 20.278 20.930 21.568 22.203 22.790 23.250 23.498 23.551 23.521 23.450 23.353 23.162 22.766 22.077 21.094 19.870 18.456 16.887 15.166 13.237 11.045 8.902 7.117 5.727 4.675 3.863 3.237 2.784 2.495 2.316 2.163 1.935 1.541 1.145 0.863 0.655 0.475 0.321 0.210 0.139 0.098 0.072 0.054 0.041 0.033 0.027 0.024 0.021 0.019 0.017 0.016 0.015 0.014 0.013 0.012 0.010 0.008 0.005 0.003 0.001 0.001 0.000 0.000 0.000 0.000 0.000 0.000 0.000 0.000 0.000 0.000 0.000 0.000 0.000
16.866 18.193 19.278 20.159 20.953 21.737 22.506 23.226 23.840 24.222 24.330 24.310 24.273 24.250 24.155 23.862 23.312 22.502 21.400 19.976 18.279 16.387 14.278 11.854 9.424 7.433 5.928 4.824 3.982 3.325 2.833 2.474 2.161 1.789 1.258 0.757 0.486 0.352 0.263 0.190 0.132 0.090 0.064 0.047 0.036 0.029 0.024 0.020 0.017 0.015 0.013 0.012 0.010 0.009 0.008 0.007 0.006 0.005 0.004 0.003 0.002 0.001 0.000 0.000 0.000 0.000 0.000 0.000 0.000 0.000 0.000 0.000 0.000 0.000 0.000 0.000 0.000
15.804 17.245 18.531 19.657 20.662 21.563 22.357 23.079 23.724 24.163 24.310 24.293 24.279 24.316 24.280 24.037 23.550 22.834 21.825 20.442 18.695 16.706 14.499 11.972 9.442 7.385 5.851 4.745 3.909 3.250 2.715 2.233 1.707 1.099 0.569 0.301 0.189 0.138 0.105 0.079 0.059 0.045 0.034 0.027 0.022 0.018 0.015 0.013 0.011 0.010 0.008 0.007 0.006 0.005 0.004 0.004 0.003 0.002 0.002 0.001 0.001 0.000 0.000 0.000 0.000 0.000 0.000 0.000 0.000 0.000 0.000 0.000 0.000 0.000 0.000 0.000 0.000
14.318 15.909 17.402 18.760 19.943 20.913 21.687 22.352 22.949 23.397 23.604 23.635 23.646 23.689 23.653 23.414 22.962 22.327 21.416 20.101 18.369 16.332 14.048 11.473 8.974 6.937 5.405 4.294 3.456 2.768 2.144 1.514 0.905 0.450 0.215 0.116 0.076 0.058 0.047 0.038 0.031 0.026 0.021 0.018 0.014 0.012 0.010 0.008 0.007 0.006 0.005 0.004 0.003 0.002 0.002 0.002 0.001 0.001 0.000 0.000 0.000 0.000 0.000 0.000 0.000 0.000 0.000 0.000 0.000 0.000 0.000 0.000 0.000 0.000 0.000 0.000 0.000
12.542 14.277 15.929 17.423 18.692 19.688 20.436 20.995 21.420 21.758 22.041 22.221 22.264 22.214 22.034 21.712 21.288 20.742 19.934 18.698 16.989 14.906 12.562 10.088 7.812 5.915 4.402 3.232 2.335 1.625 1.051 0.616 0.324 0.158 0.081 0.049 0.036 0.030 0.025 0.022 0.019 0.016 0.014 0.012 0.010 0.008 0.006 0.005 0.004 0.003 0.002 0.002 0.001 0.001 0.001 0.000 0.000 0.000 0.000 0.000 0.000 0.000 0.000 0.000 0.000 0.000 0.000 0.000 0.000 0.000 0.000 0.000 0.000 0.000 0.000 0.000 0.000
10.467 12.273 14.034 15.607 16.937 17.998 18.779 19.272 19.570 19.839 20.234 20.604 20.680 20.512 20.127 19.672 19.178 18.571 17.688 16.358 14.540 12.324 9.984 7.810 5.900 4.201 2.740 1.651 0.968 0.570 0.335 0.193 0.107 0.059 0.036 0.026 0.021 0.018 0.016 0.014 0.013 0.011 0.009 0.008 0.006 0.005 0.004 0.003 0.002 0.002 0.001 0.001 0.000 0.000 0.000 0.000 0.000 0.000 0.000 0.000 0.000 0.000 0.000 0.000 0.000 0.000 0.000 0.000 0.000 0.000 0.000 0.000 0.000 0.000 0.000 0.000 0.000
8.142 9.825 11.652 13.384 14.876 16.120 17.070 17.676 18.021 18.322 18.766 19.149 19.208 18.988 18.529 18.000 17.379 16.506 15.233 13.485 11.242 8.681 6.398 4.662 3.273 2.085 1.164 0.584 0.296 0.165 0.101 0.064 0.041 0.028 0.020 0.016 0.014 0.012 0.011 0.010 0.008 0.007 0.006 0.005 0.004 0.003 0.002 0.001 0.001 0.001 0.000 0.000 0.000 0.000 0.000 0.000 0.000 0.000 0.000 0.000 0.000 0.000 0.000 0.000 0.000 0.000 0.000 0.000 0.000 0.000 0.000 0.000 0.000 0.000 0.000 0.000 0.000
6.045 7.404 9.055 10.891 12.659 14.170 15.341 16.092 16.515 16.854 17.249 17.507 17.511 17.264 16.795 16.201 15.408 14.199 12.389 9.915 7.064 4.563 2.909 1.908 1.227 0.707 0.351 0.163 0.086 0.054 0.038 0.028 0.021 0.016 0.013 0.011 0.009 0.008 0.007 0.006 0.005 0.004 0.003 0.002 0.002 0.001 0.001 0.000 0.000 0.000 0.000 0.000 0.000 0.000 0.000 0.000 0.000 0.000 0.000 0.000 0.000 0.000 0.000 0.000 0.000 0.000 0.000 0.000 0.000 0.000 0.000 0.000 0.000 0.000 0.000 0.000 0.000
4.353 5.402 6.722 8.352 10.203 11.924 13.271 14.169 14.676 14.966 15.131 15.150 15.022 14.732 14.251 13.528 12.444 10.765 8.264 5.428 3.118 1.667 0.892 0.518 0.306 0.170 0.088 0.049 0.032 0.025 0.020 0.016 0.013 0.011 0.009 0.008 0.006 0.005 0.004 0.004 0.003 0.002 0.002 0.001 0.001 0.000 0.000 0.000 0.000 0.000 0.000 0.000 0.000 0.000 0.000 0.000 0.000 0.000 0.000 0.000 0.000 0.000 0.000 0.000 0.000 0.000 0.000 0.000 0.000 0.000 0.000 0.000 0.000 0.000 0.000 0.000 0.000
3.012 3.751 4.670 5.824 7.301 8.942 10.326 11.286 11.817 11.989 11.952 11.749 11.392 10.888 10.169 9.145 7.692 5.719 3.574 1.899 0.881 0.387 0.191 0.115 0.073 0.046 0.030 0.022 0.018 0.015 0.013 0.011 0.009 0.007 0.006 0.005 0.004 0.003 0.003 0.002 0.001 0.001 0.001 0.000 0.000 0.000 0.000 0.000 0.000 0.000 0.000 0.000 0.000 0.000 0.000 0.000 0.000 0.000 0.000 0.000 0.000 0.000 0.000 0.000 0.000 0.000 0.000 0.000 0.000 0.000 0.000 0.000 0.000 0.000 0.000 0.000 0.000
1.936 2.380 2.906 3.535 4.315 5.302 6.329 7.116 7.544 7.646 7.570 7.257 6.664 5.857 5.013 4.134 3.100 1.917 0.958 0.405 0.164 0.079 0.049 0.035 0.027 0.021 0.017 0.014 0.012 0.011 0.009 0.008 0.006 0.005 0.004 0.003 0.002 0.002 0.001 0.001 0.001 0.000 0.000 0.000 0.000 0.000 0.000 0.000 0.000 0.000 0.000 0.000 0.000 0.000 0.000 0.000 0.000 0.000 0.000 0.000 0.000 0.000 0.000 0.000 0.000 0.000 0.000 0.000 0.000 0.000 0.000 0.000 0.000 0.000 0.000 0.000 0.000
1.074 1.279 1.513 1.782 2.100 2.507 2.984 3.346 3.540 3.590 3.553 3.351 2.895 2.233 1.679 1.230 0.796 0.402 0.171 0.074 0.040 0.027 0.022 0.018 0.016 0.014 0.012 0.010 0.009 0.008 0.007 0.005 0.004 0.003 0.003 0.002 0.001 0.001 0.000 0.000 0.000 0.000 0.000 0.000 0.000 0.000 0.000 0.000 0.000 0.000 0.000 0.000 0.000 0.000 0.000 0.000 0.000 0.000 0.000 0.000 0.000 0.000 0.000 0.000 0.000 0.000 0.000 0.000 0.000 0.000 0.000 0.000 0.000 0.000 0.000 0.000 0.000
0.462 0.529 0.607 0.695 0.792 0.911 1.057 1.161 1.209 1.216 1.190 1.090 0.870 0.569 0.378 0.252 0.148 0.075 0.038 0.024 0.018 0.015 0.014 0.012 0.011 0.010 0.009 0.008 0.007 0.006 0.005 0.004 0.003 0.002 0.002 0.001 0.001 0.000 0.000 0.000 0.000 0.000 0.000 0.000 0.000 0.000 0.000 0.000 0.000 0.000 0.000 0.000 0.000 0.000 0.000 0.000 0.000 0.000 0.000 0.000 0.000 0.000 0.000 0.000 0.000 0.000 0.000 0.000 0.000 0.000 0.000 0.000 0.000 0.000 0.000 0.000 0.000
0.136 0.152 0.172 0.198 0.226 0.254 0.281 0.293 0.293 0.288 0.277 0.251 0.193 0.119 0.079 0.054 0.035 0.023 0.017 0.014 0.012 0.011 0.010 0.009 0.008 0.007 0.006 0.005 0.005 0.004 0.003 0.003 0.002 0.002 0.001 0.001 0.000 0.000 0.000 0.000 0.000 0.000 0.000 0.000 0.000 0.000 0.000 0.000 0.000 0.000 0.000 0.000 0.000 0.000 0.000 0.000 0.000 0.000 0.000 0.000 0.000 0.000 0.000 0.000 0.000 0.000 0.000 0.000 0.000 0.000 0.000 0.000 0.000 0.000 0.000 0.000 0.000
0.026 0.031 0.037 0.044 0.053 0.061 0.065 0.066 0.065 0.064 0.062 0.057 0.046 0.032 0.024 0.019 0.015 0.012 0.010 0.009 0.008 0.007 0.007 0.006 0.006 0.005 0.004 0.004 0.003 0.003 0.002 0.002 0.002 0.001 0.001 0.000 0.000 0.000 0.000 0.000 0.000 0.000 0.000 0.000 0.000 0.000 0.000 0.000 0.000 0.000 0.000 0.000 0.000 0.000 0.000 0.000 0.000 0.000 0.000 0.000 0.000 0.000 0.000 0.000 0.000 0.000 0.000 0.000 0.000 0.000 0.000 0.000 0.000 0.000 0.000 0.000 0.000
0.004 0.005 0.006 0.008 0.010 0.013 0.014 0.015 0.016 0.017 0.018 0.018 0.016 0.013 0.011 0.010 0.008 0.007 0.007 0.006 0.006 0.005 0.005 0.004 0.004 0.003 0.003 0.003 0.002 0.002 0.002 0.001 0.001 0.001 0.001 0.000 0.000 0.000 0.000 0.000 0.000 0.000 0.000 0.000 0.000 0.000 0.000 0.000 0.000 0.000 0.000 0.000 0.000 0.000 0.000 0.000 0.000 0.000 0.000 0.000 0.000 0.000 0.000 0.000 0.000 0.000 0.000 0.000 0.000 0.000 0.000 0.000 0.000 0.000 0.000 0.000 0.000
0.001 0.001 0.001 0.002 0.002 0.003 0.003 0.004 0.005 0.006 0.007 0.007 0.008 0.007 0.006 0.006 0.005 0.005 0.004 0.004 0.004 0.003 0.003 0.003 0.003 0.002 0.002 0.002 0.002 0.001 0.001 0.001 0.001 0.001 0.001 0.000 0.000 0.000 0.000 0.000 0.000 0.000 0.000 0.000 0.000 0.000 0.000 0.000 0.000 0.000 0.000 0.000 0.000 0.000 0.000 0.000 0.000 0.000 0.000 0.000 0.000 0.000 0.000 0.000 0.000 0.000 0.000 0.000 0.000 0.000 0.000 0.000 0.000 0.000 0.000 0.000 0.000
0.001 0.001 0.001 0.001 0.001 0.001 0.001 0.001 0.002 0.002 0.003 0.004 0.004 0.004 0.004 0.003 0.003 0.003 0.003 0.002 0.002 0.002 0.002 0.002 0.002 0.002 0.001 0.001 0.001 0.001 0.001 0.001 0.001 0.001 0.001 0.000 0.000 0.000 0.000 0.000 0.000 0.000 0.000 0.000 0.000 0.000 0.000 0.000 0.000 0.000 0.000 0.000 0.000 0.000 0.000 0.000 0.000 0.000 0.000 0.000 0.000 0.000 0.000 0.000 0.000 0.000 0.000 0.000 0.000 0.000 0.000 0.000 0.000 0.000 0.000 0.000 0.000
0.001 0.001 0.001 0.001 0.001 0.001 0.001 0.001 0.001 0.001 0.002 0.002 0.002 0.002 0.002 0.002 0.002 0.002 0.002 0.002 0.002 0.001 0.001 0.001 0.001 0.001 0.001 0.001 0.001 0.001 0.001 0.001 0.001 0.001 0.000 0.000 0.000 0.000 0.000 0.000 0.000 0.000 0.000 0.000 0.000 0.000 0.000 0.000 0.000 0.000 0.000 0.000 0.000 0.000 0.000 0.000 0.000 0.000 0.000 0.000 0.000 0.000 0.000 0.000 0.000 0.000 0.000 0.000 0.000 0.000 0.000 0.000 0.000 0.000 0.000 0.000 0.000
0.000 0.001 0.001 0.001 0.001 0.001 0.001 0.001 0.001 0.001 0.001 0.001 0.001 0.002 0.001 0.001 0.001 0.001 0.001 0.001 0.001 0.001 0.001 0.001 0.001 0.001 0.001 0.001 0.001 0.001 0.001 0.001 0.001 0.001 0.000 0.000 0.000 0.000 0.000 0.000 0.000 0.000 0.000 0.000 0.000 0.000 0.000 0.000 0.000 0.000 0.000 0.000 0.000 0.000 0.000 0.000 0.000 0.000 0.000 0.000 0.000 0.000 0.000 0.000 0.000 0.000 0.000 0.000 0.000 0.000 0.000 0.000 0.000 0.000 0.000 0.000 0.000
0.000 0.000 0.000 0.000 0.000 0.000 0.000 0.001 0.001 0.001 0.001 0.001 0.001 0.001 0.001 0.001 0.001 0.001 0.001 0.001 0.001 0.001 0.001 0.001 0.001 0.001 0.001 0.001 0.002 0.002 0.002 0.002 0.001 0.001 0.000 0.000 0.000 0.000 0.000 0.000 0.000 0.000 0.000 0.000 0.000 0.000 0.000 0.000 0.000 0.000 0.000 0.000 0.000 0.000 0.000 0.000 0.000 0.000 0.000 0.000 0.000 0.000 0.000 0.000 0.000 0.000 0.000 0.000 0.000 0.000 0.000 0.000 0.000 0.000 0.000 0.000 0.000
0.000 0.000 0.000 0.000 0.000 0.000 0.000 0.000 0.000 0.000 0.001 0.001 0.001 0.001 0.001 0.001 0.001 0.001 0.001 0.001 0.001 0.001 0.001 0.001 0.001 0.002 0.002 0.002 0.002 0.002 0.002 0.002 0.001 0.001 0.000 0.000 0.000 0.000 0.000 0.000 0.000 0.000 0.000 0.000 0.000 0.000 0.000 0.000 0.000 0.000 0.000 0.000 0.000 0.000 0.000 0.000 0.000 0.000 0.000 0.000 0.000 0.000 0.000 0.000 0.000 0.000 0.000 0.000 0.000 0.000 0.000 0.000 0.000 0.000 0.000 0.000 0.000
0.000 0.000 0.000 0.000 0.000 0.000 0.000 0.000 0.000 0.000 0.000 0.000 0.001 0.001 0.001 0.001 0.001 0.001 0.001 0.001 0.001 0.001 0.002 0.002 0.002 0.003 0.003 0.003 0.003 0.002 0.002 0.002 0.001 0.001 0.000 0.000 0.000 0.000 0.000 0.000 0.000 0.000 0.000 0.000 0.000 0.000 0.000 0.000 0.000 0.000 0.000 0.000 0.000 0.000 0.000 0.000 0.000 0.000 0.000 0.000 0.000 0.000 0.000 0.000 0.000 0.000 0.000 0.000 0.000 0.000 0.000 0.000 0.000 0.000 0.000 0.000 0.000
0.000 0.000 0.000 0.000 0.000 0.000 0.000 0.000 0.000 0.000 0.000 0.000 0.000 0.000 0.001 0.001 0.001 0.001 0.001 0.001 0.002 0.002 0.002 0.002 0.003 0.003 0.003 0.003 0.003 0.002 0.002 0.001 0.001 0.000 0.000 0.000 0.000 0.000 0.000 0.000 0.000 0.000 0.000 0.000 0.000 0.000 0.000 0.000 0.000 0.000 0.000 0.000 0.000 0.000 0.000 0.000 0.000 0.000 0.000 0.000 0.000 0.000 0.000 0.000 0.000 0.000 0.000 0.000 0.000 0.000 0.000 0.000 0.000 0.000 0.000 0.000 0.000
0.000 0.000 0.000 0.000 0.000 0.000 0.000 0.000 0.000 0.000 0.000 0.000 0.000 0.000 0.000 0.000 0.001 0.001 0.001 0.001 0.002 0.002 0.002 0.003 0.003 0.003 0.003 0.003 0.002 0.002 0.001 0.001 0.001 0.000 0.000 0.000 0.000 0.000 0.000 0.000 0.000 0.000 0.000 0.000 0.000 0.000 0.000 0.000 0.000 0.000 0.000 0.000 0.000 0.000 0.000 0.000 0.000 0.000 0.000 0.000 0.000 0.000 0.000 0.000 0.000 0.000 0.000 0.000 0.000 0.000 0.000 0.000 0.000 0.000 0.000 0.000 0.000
0.000 0.000 0.000 0.000 0.000 0.000 0.000 0.000 0.000 0.000 0.000 0.000 0.000 0.000 0.000 0.000 0.000 0.001 0.001 0.001 0.001 0.002 0.002 0.002 0.002 0.002 0.002 0.002 0.002 0.001 0.001 0.001 0.000 0.000 0.000 0.000 0.000 0.000 0.000 0.000 0.000 0.000 0.000 0.000 0.000 0.000 0.000 0.000 0.000 0.000 0.000 0.000 0.000 0.000 0.000 0.000 0.000 0.000 0.000 0.000 0.000 0.000 0.000 0.000 0.000 0.000 0.000 0.000 0.000 0.000 0.000 0.000 0.000 0.000 0.000 0.000 0.000
0.000 0.000 0.000 0.000 0.000 0.000 0.000 0.000 0.000 0.000 0.000 0.000 0.000 0.000 0.000 0.000 0.000 0.000 0.000 0.001 0.001 0.001 0.002 0.002 0.002 0.002 0.002 0.001 0.001 0.001 0.001 0.000 0.000 0.000 0.000 0.000 0.000 0.000 0.000 0.000 0.000 0.000 0.000 0.000 0.000 0.000 0.000 0.000 0.000 0.000 0.000 0.000 0.000 0.000 0.000 0.000 0.000 0.000 0.000 0.000 0.000 0.000 0.000 0.000 0.000 0.000 0.000 0.000 0.000 0.000 0.000 0.000 0.000 0.000 0.000 0.000 0.000
0.000 0.000 0.000 0.000 0.000 0.000 0.000 0.000 0.000 0.000 0.000 0.000 0.000 0.000 0.000 0.000 0.000 0.000 0.000 0.000 0.001 0.001 0.001 0.001 0.001 0.001 0.001 0.001 0.001 0.001 0.000 0.000 0.000 0.000 0.000 0.000 0.000 0.000 0.000 0.000 0.000 0.000 0.000 0.000 0.000 0.000 0.000 0.000 0.000 0.000 0.000 0.000 0.000 0.000 0.000 0.000 0.000 0.000 0.000 0.000 0.000 0.000 0.000 0.000 0.000 0.000 0.000 0.000 0.000 0.000 0.000 0.000 0.000 0.000 0.000 0.000 0.000
0.000 0.000 0.000 0.000 0.000 0.000 0.000 0.000 0.000 0.000 0.000 0.000 0.000 0.000 0.000 0.000 0.000 0.000 0.000 0.000 0.000 0.001 0.001 0.001 0.001 0.001 0.001 0.001 0.000 0.000 0.000 0.000 0.000 0.000 0.000 0.000 0.000 0.000 0.000 0.000 0.000 0.000 0.000 0.000 0.000 0.000 0.000 0.000 0.000 0.000 0.000 0.000 0.000 0.000 0.000 0.000 0.000 0.000 0.000 0.000 0.000 0.000 0.000 0.000 0.000 0.000 0.000 0.000 0.000 0.000 0.000 0.000 0.000 0.000 0.000 0.000 0.000
