RESULTS/r.avaflow_results/22_results/22_ascii/22_hflow30031.asc
ncols 506
nrows 317
xllcenter 498237.50
yllcenter 5580050.00
cellsize 12.50
NODATA_value -9999.000
[rows 136 to 169 of 317, columns 154 to 230 of 506]
0.000 0.000 0.000 0.000 0.000 0.000 0.000 0.000 0.000 0.000 0.000 0.000 0.000 0.000 0.000 0.000 0.000 0.000 0.000 0.000 0.000 0.000 0.000 0.000 0.000 0.000 0.000 0.000 0.000 0.000 0.000 0.000 0.000 0.000 0.000 0.000 0.000 0.000 0.000 0.000 0.000 0.000 0.000 0.000 0.000 0.000 0.000 0.000 0.000 0.000 0.000 0.000 0.000 0.000 0.000 0.000 0.000 0.000 0.000 0.000 0.000 0.000 0.000 0.000 0.000 0.000 0.000 0.000 0.000 0.000 0.000 0.000 0.000 0.000 0.000 0.000 0.000
0.000 0.000 0.000 0.000 0.000 0.000 0.000 0.000 0.000 0.000 0.000 0.000 0.000 0.000 0.000 0.000 0.000 0.000 0.000 0.000 0.000 0.000 0.000 0.000 0.000 0.000 0.000 0.000 0.000 0.000 0.000 0.000 0.000 0.000 0.000 0.000 0.000 0.000 0.000 0.000 0.000 0.000 0.000 0.000 0.000 0.000 0.000 0.000 0.000 0.000 0.000 0.000 0.000 0.000 0.000 0.000 0.000 0.000 0.000 0.000 0.000 0.000 0.000 0.000 0.000 0.000 0.000 0.000 0.000 0.000 0.000 0.000 0.000 0.000 0.000 0.000 0.000
0.000 0.000 0.000 0.000 0.000 0.000 0.000 0.000 0.000 0.000 0.000 0.000 0.000 0.000 0.000 0.000 0.000 0.000 0.000 0.000 0.000 0.000 0.000 0.000 0.000 0.000 0.000 0.000 0.000 0.000 0.000 0.000 0.000 0.000 0.000 0.000 0.000 0.000 0.000 0.000 0.000 0.000 0.000 0.000 0.000 0.000 0.000 0.000 0.000 0.000 0.000 0.000 0.000 0.000 0.000 0.000 0.000 0.000 0.000 0.000 0.000 0.000 0.000 0.000 0.000 0.000 0.000 0.000 0.000 0.000 0.000 0.000 0.000 0.000 0.000 0.000 0.000
0.000 0.000 0.000 0.000 0.000 0.000 0.000 0.000 0.000 0.000 0.000 0.000 0.000 0.000 0.000 0.000 0.000 0.000 0.000 0.000 0.000 0.000 0.000 0.000 0.000 0.000 0.000 0.000 0.000 0.000 0.000 0.000 0.000 0.000 0.000 0.000 0.000 0.000 0.000 0.000 0.000 0.000 0.000 0.000 0.000 0.000 0.000 0.000 0.000 0.000 0.000 0.000 0.000 0.000 0.000 0.000 0.000 0.000 0.000 0.000 0.000 0.000 0.000 0.000 0.000 0.000 0.000 0.000 0.000 0.000 0.000 0.000 0.000 0.000 0.000 0.000 0.000
0.000 0.000 0.000 0.000 0.000 0.000 0.000 0.000 0.000 0.000 0.000 0.000 0.000 0.000 0.000 0.000 0.000 0.000 0.000 0.000 0.000 0.000 0.000 0.000 0.000 0.000 0.000 0.000 0.000 0.000 0.000 0.000 0.000 0.000 0.000 0.000 0.000 0.000 0.000 0.000 0.000 0.000 0.000 0.000 0.000 0.000 0.000 0.000 0.000 0.000 0.000 0.000 0.000 0.000 0.000 0.000 0.000 0.000 0.000 0.000 0.000 0.000 0.000 0.000 0.000 0.000 0.000 0.000 0.000 0.000 0.000 0.000 0.000 0.000 0.000 0.000 0.000
0.000 0.000 0.000 0.000 0.000 0.000 0.000 0.000 0.000 0.000 0.000 0.000 0.000 0.000 0.000 0.000 0.000 0.000 0.000 0.000 0.000 0.000 0.000 0.000 0.000 0.000 0.000 0.000 0.000 0.000 0.000 0.000 0.000 0.000 0.000 0.000 0.000 0.000 0.000 0.000 0.000 0.000 0.000 0.000 0.000 0.000 0.000 0.000 0.000 0.000 0.000 0.000 0.000 0.000 0.000 0.000 0.000 0.000 0.000 0.000 0.000 0.000 0.000 0.000 0.000 0.000 0.000 0.000 0.000 0.000 0.000 0.000 0.000 0.000 0.000 0.000 0.000
0.000 0.000 0.000 0.000 0.000 0.000 0.000 0.000 0.000 0.000 0.000 0.000 0.000 0.000 0.000 0.000 0.000 0.000 0.000 0.000 0.000 0.000 0.000 0.000 0.000 0.000 0.000 0.000 0.000 0.000 0.000 0.000 0.000 0.000 0.000 0.000 0.000 0.000 0.000 0.000 0.000 0.000 0.000 0.000 0.000 0.000 0.000 0.000 0.000 0.000 0.000 0.000 0.000 0.000 0.000 0.000 0.000 0.000 0.000 0.000 0.000 0.000 0.000 0.000 0.000 0.000 0.000 0.000 0.000 0.000 0.000 0.000 0.000 0.000 0.000 0.000 0.000
0.000 0.000 0.000 0.000 0.000 0.000 0.000 0.000 0.000 0.000 0.000 0.000 0.000 0.000 0.000 0.000 0.000 0.000 0.000 0.000 0.000 0.000 0.000 0.000 0.000 0.000 0.000 0.000 0.000 0.000 0.000 0.000 0.000 0.000 0.000 0.000 0.000 0.000 0.000 0.000 0.000 0.000 0.000 0.000 0.000 0.000 0.000 0.000 0.000 0.000 0.000 0.000 0.000 0.000 0.000 0.000 0.000 0.000 0.000 0.000 0.000 0.000 0.000 0.000 0.000 0.000 0.000 0.000 0.000 0.000 0.000 0.000 0.000 0.000 0.000 0.000 0.000
0.000 0.000 0.000 0.000 0.000 0.000 0.000 0.000 0.000 0.000 0.000 0.000 0.000 0.000 0.000 0.000 0.000 0.000 0.000 0.000 0.000 0.000 0.000 0.000 0.000 0.000 0.000 0.000 0.000 0.000 0.000 0.000 0.000 0.000 0.000 0.000 0.000 0.000 0.000 0.000 0.000 0.000 0.000 0.000 0.000 0.000 0.000 0.000 0.000 0.000 0.000 0.000 0.000 0.000 0.000 0.000 0.000 0.000 0.000 0.000 0.000 0.000 0.000 0.000 0.000 0.000 0.000 0.000 0.000 0.000 0.000 0.000 0.000 0.000 0.000 0.000 0.000
0.000 0.000 0.000 0.000 0.000 0.000 0.000 0.000 0.000 0.000 0.000 0.000 0.000 0.000 0.000 0.000 0.000 0.000 0.000 0.000 0.000 0.000 0.000 0.000 0.000 0.000 0.000 0.000 0.000 0.000 0.000 0.000 0.000 0.000 0.000 0.000 0.000 0.000 0.000 0.000 0.000 0.000 0.000 0.000 0.000 0.000 0.000 0.000 0.000 0.000 0.000 0.000 0.000 0.000 0.000 0.000 0.000 0.000 0.000 0.000 0.000 0.000 0.000 0.000 0.000 0.000 0.000 0.000 0.000 0.000 0.000 0.000 0.000 0.000 0.000 0.000 0.000
0.000 0.000 0.000 0.000 0.000 0.000 0.000 0.000 0.000 0.000 0.000 0.000 0.000 0.000 0.000 0.000 0.000 0.000 0.000 0.000 0.000 0.000 0.000 0.000 0.000 0.000 0.000 0.000 0.000 0.000 0.000 0.000 0.000 0.000 0.000 0.000 0.000 0.000 0.000 0.000 0.000 0.000 0.000 0.000 0.000 0.000 0.000 0.000 0.000 0.000 0.000 0.000 0.000 0.000 0.000 0.000 0.000 0.000 0.000 0.000 0.000 0.000 0.000 0.000 0.000 0.000 0.000 0.000 0.000 0.000 0.000 0.000 0.000 0.000 0.000 0.000 0.000
0.000 0.000 0.000 0.000 0.000 0.000 0.000 0.000 0.000 0.000 0.000 0.000 0.000 0.000 0.000 0.000 0.000 0.000 0.000 0.000 0.000 0.000 0.000 0.000 0.000 0.000 0.000 0.000 0.000 0.000 0.000 0.000 0.000 0.000 0.000 0.000 0.000 0.000 0.000 0.000 0.000 0.000 0.000 0.000 0.000 0.000 0.000 0.000 0.000 0.000 0.000 0.000 0.000 0.000 0.000 0.000 0.000 0.000 0.000 0.000 0.000 0.000 0.000 0.000 0.000 0.000 0.000 0.000 0.000 0.000 0.000 0.000 0.000 0.000 0.000 0.000 0.000
0.000 0.000 0.000 0.000 0.000 0.000 0.000 0.000 0.000 0.000 0.000 0.000 0.000 0.000 0.000 0.000 0.000 0.000 0.000 0.000 0.000 0.000 0.000 0.000 0.000 0.000 0.000 0.000 0.000 0.000 0.000 0.000 0.000 0.000 0.000 0.000 0.000 0.000 0.000 0.000 0.000 0.000 0.000 0.000 0.000 0.000 0.000 0.000 0.000 0.000 0.000 0.000 0.000 0.000 0.000 0.000 0.000 0.000 0.000 0.000 0.000 0.000 0.000 0.000 0.000 0.000 0.000 0.000 0.000 0.000 0.000 0.000 0.000 0.000 0.000 0.000 0.000
0.000 0.000 0.000 0.000 0.000 0.000 0.000 0.000 0.000 0.000 0.000 0.000 0.000 0.000 0.000 0.000 0.000 0.000 0.000 0.000 0.000 0.000 0.000 0.000 0.000 0.000 0.000 0.000 0.000 0.000 0.000 0.000 0.000 0.000 0.000 0.000 0.000 0.000 0.000 0.000 0.000 0.000 0.000 0.000 0.000 0.000 0.000 0.000 0.000 0.000 0.000 0.000 0.000 0.000 0.000 0.000 0.000 0.000 0.000 0.000 0.000 0.000 0.000 0.000 0.000 0.000 0.000 0.000 0.000 0.000 0.000 0.000 0.000 0.000 0.000 0.000 0.000
0.001 0.001 0.001 0.001 0.001 0.001 0.000 0.000 0.000 0.000 0.000 0.000 0.000 0.000 0.000 0.000 0.000 0.000 0.000 0.000 0.000 0.000 0.000 0.000 0.000 0.000 0.000 0.000 0.000 0.000 0.000 0.000 0.000 0.000 0.000 0.000 0.000 0.000 0.000 0.000 0.000 0.000 0.000 0.000 0.000 0.000 0.000 0.000 0.000 0.000 0.000 0.000 0.000 0.000 0.000 0.000 0.000 0.000 0.000 0.000 0.000 0.000 0.000 0.000 0.000 0.000 0.000 0.000 0.000 0.000 0.000 0.000 0.000 0.000 0.000 0.000 0.000
0.002 0.002 0.002 0.002 0.002 0.001 0.001 0.001 0.001 0.000 0.000 0.000 0.000 0.000 0.000 0.000 0.000 0.000 0.000 0.000 0.000 0.000 0.000 0.000 0.000 0.000 0.000 0.000 0.000 0.000 0.000 0.000 0.000 0.000 0.000 0.000 0.000 0.000 0.000 0.000 0.000 0.000 0.000 0.000 0.000 0.000 0.000 0.001 0.001 0.001 0.001 0.001 0.001 0.001 0.001 0.001 0.001 0.001 0.001 0.001 0.001 0.001 0.001 0.001 0.001 0.001 0.001 0.001 0.001 0.001 0.001 0.001 0.001 0.001 0.001 0.000 0.000
0.004 0.004 0.004 0.003 0.003 0.002 0.002 0.002 0.001 0.001 0.001 0.001 0.000 0.000 0.000 0.000 0.000 0.000 0.000 0.000 0.000 0.000 0.000 0.000 0.000 0.000 0.000 0.000 0.000 0.000 0.000 0.000 0.000 0.000 0.000 0.000 0.000 0.000 0.000 0.000 0.000 0.000 0.000 0.000 0.000 0.001 0.001 0.002 0.003 0.003 0.003 0.003 0.003 0.003 0.003 0.003 0.003 0.003 0.003 0.003 0.003 0.003 0.003 0.003 0.003 0.003 0.003 0.003 0.003 0.003 0.003 0.002 0.002 0.002 0.002 0.001 0.001
0.006 0.006 0.005 0.005 0.004 0.004 0.003 0.003 0.003 0.002 0.002 0.001 0.001 0.001 0.001 0.000 0.000 0.000 0.000 0.000 0.000 0.000 0.000 0.000 0.000 0.000 0.000 0.000 0.000 0.000 0.000 0.000 0.000 0.000 0.000 0.000 0.000 0.000 0.000 0.000 0.000 0.000 0.001 0.001 0.002 0.003 0.004 0.005 0.006 0.006 0.007 0.007 0.007 0.007 0.007 0.007 0.006 0.006 0.006 0.006 0.006 0.005 0.005 0.005 0.005 0.005 0.005 0.005 0.005 0.005 0.005 0.005 0.005 0.004 0.003 0.003 0.002
0.009 0.008 0.007 0.007 0.006 0.005 0.005 0.004 0.004 0.004 0.003 0.003 0.002 0.002 0.002 0.001 0.001 0.001 0.001 0.000 0.000 0.000 0.000 0.000 0.000 0.000 0.000 0.000 0.000 0.000 0.000 0.000 0.000 0.000 0.000 0.000 0.000 0.000 0.000 0.000 0.001 0.001 0.002 0.003 0.004 0.006 0.007 0.009 0.010 0.011 0.011 0.011 0.011 0.011 0.011 0.011 0.011 0.010 0.010 0.010 0.009 0.009 0.009 0.009 0.009 0.009 0.009 0.009 0.009 0.009 0.009 0.008 0.007 0.007 0.006 0.005 0.004
0.012 0.011 0.010 0.009 0.008 0.007 0.007 0.006 0.006 0.005 0.005 0.004 0.004 0.004 0.003 0.003 0.002 0.002 0.002 0.001 0.001 0.001 0.001 0.001 0.001 0.001 0.001 0.001 0.001 0.001 0.001 0.001 0.001 0.001 0.001 0.001 0.001 0.001 0.001 0.001 0.002 0.003 0.004 0.006 0.007 0.009 0.012 0.014 0.015 0.016 0.017 0.018 0.018 0.018 0.018 0.017 0.017 0.016 0.016 0.015 0.015 0.014 0.014 0.014 0.014 0.014 0.014 0.015 0.014 0.014 0.014 0.013 0.011 0.010 0.008 0.007 0.006
0.016 0.014 0.012 0.011 0.010 0.009 0.009 0.008 0.008 0.007 0.007 0.007 0.006 0.006 0.005 0.005 0.004 0.004 0.003 0.003 0.003 0.002 0.002 0.002 0.002 0.002 0.002 0.002 0.002 0.002 0.002 0.002 0.002 0.002 0.002 0.002 0.003 0.003 0.003 0.004 0.005 0.006 0.007 0.009 0.011 0.014 0.017 0.020 0.022 0.024 0.025 0.026 0.026 0.026 0.026 0.026 0.025 0.024 0.024 0.023 0.022 0.021 0.021 0.020 0.020 0.021 0.022 0.022 0.022 0.022 0.020 0.018 0.015 0.013 0.012 0.010 0.009
0.024 0.019 0.016 0.014 0.013 0.012 0.011 0.011 0.010 0.010 0.009 0.009 0.009 0.008 0.008 0.007 0.007 0.006 0.006 0.005 0.005 0.004 0.004 0.004 0.004 0.004 0.004 0.004 0.004 0.004 0.004 0.004 0.004 0.005 0.005 0.005 0.005 0.006 0.006 0.007 0.008 0.010 0.012 0.014 0.016 0.020 0.023 0.027 0.031 0.033 0.035 0.036 0.038 0.039 0.039 0.039 0.038 0.037 0.037 0.036 0.035 0.033 0.031 0.031 0.031 0.032 0.034 0.035 0.035 0.034 0.031 0.026 0.021 0.018 0.015 0.013 0.012
0.041 0.030 0.023 0.019 0.017 0.015 0.014 0.013 0.013 0.013 0.012 0.012 0.011 0.011 0.011 0.010 0.010 0.009 0.009 0.008 0.008 0.007 0.007 0.007 0.007 0.007 0.007 0.007 0.007 0.007 0.007 0.007 0.007 0.008 0.008 0.008 0.009 0.009 0.010 0.011 0.013 0.015 0.017 0.019 0.022 0.026 0.031 0.036 0.041 0.045 0.047 0.050 0.054 0.057 0.059 0.059 0.059 0.059 0.059 0.059 0.057 0.054 0.051 0.049 0.050 0.051 0.055 0.058 0.059 0.058 0.051 0.039 0.029 0.023 0.019 0.017 0.015
0.092 0.057 0.039 0.029 0.024 0.020 0.018 0.017 0.016 0.016 0.016 0.015 0.015 0.014 0.014 0.014 0.013 0.012 0.012 0.011 0.011 0.011 0.010 0.010 0.010 0.010 0.010 0.010 0.010 0.010 0.010 0.011 0.011 0.011 0.012 0.012 0.013 0.014 0.015 0.016 0.018 0.020 0.023 0.026 0.029 0.034 0.039 0.046 0.053 0.058 0.063 0.069 0.076 0.084 0.090 0.094 0.096 0.097 0.099 0.099 0.098 0.095 0.090 0.087 0.086 0.089 0.097 0.108 0.111 0.109 0.094 0.066 0.043 0.031 0.024 0.021 0.018
0.237 0.137 0.081 0.053 0.038 0.030 0.026 0.023 0.022 0.021 0.020 0.020 0.019 0.019 0.018 0.018 0.017 0.016 0.016 0.016 0.015 0.015 0.014 0.014 0.014 0.014 0.014 0.014 0.014 0.014 0.014 0.015 0.015 0.016 0.016 0.017 0.018 0.019 0.021 0.022 0.025 0.027 0.030 0.034 0.038 0.043 0.050 0.058 0.067 0.075 0.084 0.095 0.109 0.127 0.142 0.153 0.161 0.167 0.172 0.175 0.177 0.175 0.170 0.166 0.165 0.171 0.192 0.220 0.231 0.227 0.196 0.130 0.074 0.045 0.032 0.026 0.022
0.569 0.340 0.198 0.118 0.076 0.054 0.042 0.035 0.031 0.028 0.027 0.027 0.026 0.026 0.025 0.024 0.023 0.022 0.021 0.021 0.021 0.020 0.019 0.019 0.018 0.018 0.018 0.018 0.018 0.019 0.019 0.019 0.020 0.021 0.022 0.023 0.024 0.026 0.027 0.030 0.033 0.036 0.040 0.045 0.050 0.056 0.064 0.073 0.085 0.099 0.117 0.138 0.166 0.199 0.230 0.255 0.272 0.286 0.298 0.310 0.320 0.326 0.329 0.330 0.335 0.353 0.403 0.478 0.508 0.499 0.432 0.285 0.146 0.077 0.046 0.033 0.027
1.125 0.741 0.467 0.286 0.176 0.113 0.079 0.060 0.049 0.043 0.040 0.038 0.037 0.037 0.036 0.034 0.032 0.031 0.030 0.029 0.028 0.027 0.025 0.024 0.024 0.024 0.024 0.024 0.024 0.024 0.024 0.025 0.026 0.027 0.028 0.029 0.031 0.034 0.037 0.040 0.044 0.049 0.054 0.060 0.068 0.076 0.086 0.098 0.116 0.140 0.172 0.214 0.267 0.327 0.381 0.422 0.452 0.473 0.490 0.506 0.522 0.537 0.551 0.567 0.588 0.626 0.700 0.830 0.949 0.975 0.888 0.635 0.318 0.149 0.076 0.047 0.035
1.885 1.364 0.945 0.629 0.403 0.255 0.168 0.119 0.090 0.074 0.066 0.062 0.061 0.059 0.058 0.054 0.051 0.049 0.047 0.044 0.042 0.038 0.035 0.033 0.032 0.031 0.031 0.031 0.031 0.031 0.031 0.031 0.032 0.034 0.035 0.038 0.041 0.046 0.050 0.056 0.062 0.069 0.077 0.087 0.097 0.108 0.122 0.141 0.169 0.210 0.270 0.351 0.450 0.544 0.609 0.640 0.649 0.650 0.654 0.660 0.667 0.678 0.692 0.713 0.743 0.787 0.861 0.998 1.201 1.323 1.320 1.118 0.671 0.300 0.136 0.072 0.048
2.803 2.177 1.631 1.176 0.814 0.545 0.365 0.256 0.191 0.152 0.131 0.121 0.116 0.112 0.108 0.100 0.093 0.087 0.081 0.076 0.069 0.060 0.052 0.046 0.043 0.042 0.041 0.041 0.040 0.040 0.040 0.040 0.041 0.043 0.047 0.051 0.057 0.064 0.072 0.082 0.093 0.105 0.119 0.133 0.147 0.163 0.184 0.216 0.263 0.335 0.448 0.582 0.694 0.759 0.781 0.771 0.744 0.726 0.722 0.723 0.726 0.732 0.741 0.758 0.784 0.824 0.891 1.019 1.245 1.440 1.503 1.427 1.085 0.571 0.246 0.117 0.068
3.718 3.061 2.446 1.896 1.426 1.044 0.756 0.558 0.430 0.350 0.303 0.276 0.260 0.246 0.230 0.208 0.189 0.174 0.160 0.146 0.130 0.108 0.087 0.073 0.064 0.060 0.058 0.056 0.055 0.054 0.054 0.054 0.056 0.060 0.068 0.077 0.087 0.099 0.115 0.134 0.155 0.176 0.197 0.217 0.237 0.261 0.296 0.350 0.432 0.546 0.678 0.783 0.836 0.851 0.837 0.799 0.753 0.727 0.721 0.722 0.724 0.727 0.734 0.747 0.767 0.798 0.849 0.956 1.175 1.423 1.527 1.523 1.350 0.889 0.417 0.189 0.101
4.559 3.920 3.314 2.743 2.231 1.789 1.426 1.149 0.954 0.825 0.740 0.682 0.636 0.591 0.533 0.464 0.413 0.375 0.340 0.304 0.262 0.208 0.162 0.128 0.108 0.097 0.091 0.087 0.085 0.083 0.083 0.084 0.088 0.097 0.111 0.127 0.147 0.174 0.208 0.245 0.280 0.314 0.344 0.371 0.398 0.434 0.495 0.581 0.668 0.746 0.812 0.853 0.865 0.858 0.827 0.767 0.705 0.669 0.656 0.655 0.656 0.660 0.669 0.680 0.690 0.704 0.730 0.799 0.976 1.270 1.467 1.510 1.441 1.147 0.647 0.299 0.153
5.405 4.802 4.254 3.736 3.244 2.801 2.424 2.123 1.905 1.758 1.654 1.571 1.488 1.380 1.226 1.043 0.905 0.808 0.722 0.634 0.531 0.414 0.315 0.244 0.199 0.174 0.160 0.153 0.148 0.146 0.147 0.151 0.162 0.180 0.205 0.235 0.276 0.336 0.405 0.464 0.513 0.557 0.598 0.634 0.667 0.708 0.761 0.803 0.821 0.827 0.838 0.847 0.839 0.809 0.745 0.655 0.576 0.525 0.500 0.495 0.497 0.506 0.524 0.536 0.539 0.538 0.540 0.567 0.680 0.959 1.288 1.425 1.420 1.270 0.877 0.448 0.229
6.357 5.850 5.403 4.981 4.555 4.146 3.808 3.553 3.370 3.247 3.158 3.075 2.970 2.802 2.541 2.207 1.896 1.650 1.439 1.233 1.012 0.784 0.594 0.453 0.362 0.312 0.288 0.277 0.274 0.275 0.283 0.300 0.327 0.362 0.402 0.452 0.528 0.644 0.746 0.814 0.859 0.887 0.905 0.920 0.928 0.928 0.919 0.892 0.856 0.826 0.801 0.772 0.725 0.652 0.550 0.446 0.370 0.327 0.311 0.309 0.313 0.323 0.340 0.351 0.355 0.357 0.360 0.380 0.450 0.639 0.999 1.267 1.338 1.286 1.042 0.629 0.333
7.577 7.269 6.978 6.684 6.366 6.043 5.790 5.612 5.484 5.390 5.313 5.232 5.119 4.920 4.591 4.131 3.607 3.099 2.634 2.197 1.773 1.374 1.040 0.788 0.619 0.523 0.481 0.470 0.474 0.493 0.528 0.579 0.634 0.686 0.739 0.800 0.886 0.998 1.069 1.098 1.105 1.094 1.078 1.062 1.040 1.006 0.954 0.889 0.817 0.744 0.664 0.573 0.476 0.383 0.306 0.252 0.219 0.202 0.198 0.199 0.204 0.210 0.217 0.224 0.229 0.232 0.239 0.257 0.309 0.438 0.723 1.063 1.216 1.226 1.114 0.818 0.475
