RESULTS/r.avaflow_results/22_results/22_ascii/22_hflow10013.asc
ncols 506
nrows 317
xllcenter 498237.50
yllcenter 5580050.00
cellsize 12.50
NODATA_value -9999.000
[rows 204 to 237 of 317, columns 77 to 153 of 506]
0.014 0.014 0.012 0.010 0.008 0.007 0.007 0.007 0.007 0.007 0.008 0.008 0.008 0.009 0.013 0.024 0.058 0.122 0.156 0.163 0.154 0.131 0.116 0.107 0.102 0.101 0.101 0.104 0.111 0.130 0.176 0.227 0.244 0.245 0.230 0.179 0.119 0.094 0.089 0.091 0.100 0.109 0.111 0.107 0.093 0.061 0.035 0.022 0.015 0.011 0.008 0.006 0.004 0.003 0.003 0.003 0.003 0.003 0.005 0.008 0.012 0.014 0.015 0.017 0.018 0.021 0.026 0.034 0.047 0.060 0.067 0.069 0.069 0.064 0.048 0.027 0.013
0.016 0.015 0.013 0.011 0.009 0.008 0.008 0.008 0.008 0.008 0.008 0.008 0.008 0.009 0.012 0.025 0.066 0.122 0.146 0.149 0.139 0.123 0.113 0.104 0.099 0.098 0.100 0.102 0.109 0.131 0.184 0.229 0.241 0.239 0.216 0.157 0.108 0.090 0.086 0.090 0.101 0.109 0.110 0.105 0.087 0.054 0.031 0.019 0.013 0.010 0.008 0.005 0.004 0.003 0.003 0.003 0.003 0.003 0.005 0.010 0.013 0.015 0.016 0.018 0.020 0.023 0.028 0.038 0.054 0.064 0.068 0.068 0.064 0.049 0.027 0.012 0.005
0.018 0.016 0.014 0.012 0.011 0.010 0.010 0.009 0.009 0.008 0.007 0.007 0.007 0.008 0.012 0.028 0.075 0.122 0.138 0.138 0.128 0.118 0.112 0.104 0.100 0.100 0.101 0.103 0.111 0.138 0.194 0.228 0.236 0.232 0.200 0.137 0.098 0.085 0.084 0.089 0.102 0.109 0.109 0.102 0.081 0.048 0.028 0.018 0.013 0.009 0.007 0.005 0.004 0.003 0.003 0.003 0.003 0.004 0.006 0.011 0.015 0.017 0.018 0.020 0.022 0.025 0.030 0.040 0.056 0.064 0.066 0.064 0.053 0.031 0.013 0.005 0.002
0.021 0.018 0.016 0.014 0.013 0.012 0.011 0.010 0.009 0.007 0.006 0.006 0.006 0.007 0.013 0.035 0.085 0.122 0.131 0.128 0.119 0.116 0.112 0.106 0.104 0.104 0.104 0.105 0.115 0.148 0.202 0.226 0.229 0.221 0.181 0.122 0.092 0.082 0.082 0.089 0.103 0.110 0.109 0.100 0.075 0.044 0.026 0.017 0.012 0.009 0.007 0.005 0.003 0.003 0.003 0.003 0.003 0.005 0.008 0.014 0.018 0.019 0.020 0.021 0.023 0.027 0.032 0.043 0.055 0.060 0.061 0.054 0.037 0.017 0.007 0.003 0.001
0.029 0.023 0.020 0.018 0.016 0.014 0.012 0.010 0.008 0.007 0.006 0.005 0.006 0.008 0.016 0.044 0.094 0.120 0.125 0.119 0.115 0.115 0.115 0.110 0.107 0.106 0.106 0.108 0.120 0.159 0.207 0.224 0.225 0.208 0.157 0.108 0.086 0.079 0.080 0.089 0.104 0.110 0.109 0.098 0.071 0.041 0.025 0.017 0.012 0.009 0.007 0.005 0.003 0.003 0.003 0.003 0.003 0.005 0.010 0.016 0.020 0.021 0.021 0.022 0.024 0.027 0.034 0.045 0.052 0.054 0.052 0.042 0.024 0.010 0.004 0.001 0.001
0.043 0.033 0.027 0.023 0.019 0.015 0.012 0.010 0.007 0.006 0.006 0.005 0.006 0.009 0.021 0.056 0.101 0.118 0.119 0.112 0.111 0.115 0.116 0.114 0.110 0.108 0.108 0.112 0.129 0.173 0.211 0.222 0.219 0.193 0.137 0.098 0.081 0.076 0.078 0.088 0.104 0.110 0.108 0.095 0.067 0.039 0.024 0.017 0.012 0.009 0.006 0.004 0.003 0.003 0.003 0.003 0.004 0.007 0.013 0.018 0.021 0.022 0.022 0.022 0.024 0.027 0.035 0.046 0.050 0.050 0.046 0.033 0.015 0.006 0.003 0.001 0.001
0.066 0.052 0.039 0.030 0.023 0.017 0.013 0.009 0.007 0.006 0.006 0.006 0.007 0.011 0.026 0.066 0.103 0.115 0.112 0.106 0.107 0.115 0.119 0.118 0.114 0.112 0.112 0.117 0.138 0.185 0.214 0.219 0.211 0.174 0.120 0.090 0.077 0.073 0.076 0.087 0.103 0.109 0.107 0.094 0.064 0.038 0.024 0.016 0.012 0.009 0.006 0.004 0.003 0.003 0.003 0.003 0.005 0.008 0.015 0.020 0.022 0.022 0.022 0.022 0.023 0.027 0.037 0.045 0.047 0.047 0.040 0.024 0.010 0.004 0.002 0.001 0.001
0.088 0.075 0.058 0.043 0.030 0.020 0.014 0.010 0.007 0.006 0.006 0.007 0.008 0.014 0.032 0.071 0.100 0.108 0.103 0.100 0.103 0.115 0.122 0.122 0.119 0.117 0.117 0.122 0.147 0.194 0.216 0.219 0.204 0.156 0.107 0.083 0.072 0.070 0.073 0.086 0.104 0.111 0.109 0.093 0.062 0.036 0.023 0.016 0.012 0.009 0.006 0.004 0.003 0.003 0.003 0.004 0.006 0.010 0.017 0.021 0.022 0.022 0.022 0.022 0.023 0.028 0.038 0.043 0.044 0.042 0.032 0.017 0.007 0.003 0.001 0.001 0.000
0.101 0.093 0.080 0.062 0.042 0.027 0.017 0.011 0.008 0.007 0.007 0.008 0.011 0.018 0.038 0.072 0.090 0.093 0.089 0.090 0.098 0.115 0.126 0.128 0.126 0.122 0.122 0.128 0.156 0.201 0.217 0.216 0.194 0.140 0.097 0.076 0.069 0.068 0.072 0.086 0.105 0.113 0.111 0.093 0.059 0.034 0.022 0.016 0.011 0.008 0.005 0.004 0.003 0.003 0.003 0.004 0.007 0.012 0.018 0.021 0.021 0.021 0.021 0.021 0.023 0.030 0.039 0.042 0.042 0.038 0.026 0.012 0.005 0.002 0.001 0.000 0.000
0.109 0.103 0.094 0.079 0.058 0.038 0.023 0.014 0.010 0.009 0.009 0.010 0.014 0.023 0.043 0.066 0.076 0.078 0.078 0.083 0.095 0.117 0.132 0.137 0.135 0.131 0.130 0.137 0.168 0.205 0.217 0.215 0.186 0.127 0.089 0.072 0.066 0.066 0.072 0.086 0.105 0.113 0.111 0.093 0.057 0.033 0.021 0.015 0.010 0.007 0.005 0.003 0.003 0.003 0.003 0.004 0.008 0.014 0.019 0.020 0.020 0.020 0.019 0.020 0.024 0.033 0.040 0.041 0.041 0.035 0.021 0.009 0.004 0.002 0.001 0.000 0.000
0.112 0.108 0.100 0.087 0.070 0.048 0.030 0.019 0.013 0.011 0.011 0.013 0.017 0.028 0.045 0.059 0.066 0.069 0.073 0.080 0.094 0.117 0.137 0.145 0.145 0.143 0.142 0.150 0.182 0.210 0.216 0.211 0.176 0.116 0.082 0.068 0.064 0.065 0.072 0.088 0.105 0.114 0.112 0.094 0.058 0.033 0.021 0.014 0.009 0.006 0.004 0.003 0.003 0.003 0.003 0.005 0.009 0.015 0.019 0.019 0.019 0.019 0.018 0.019 0.024 0.035 0.040 0.041 0.039 0.031 0.017 0.007 0.003 0.001 0.000 0.000 0.000
0.112 0.108 0.102 0.090 0.074 0.053 0.035 0.023 0.017 0.014 0.014 0.016 0.022 0.032 0.045 0.055 0.061 0.065 0.070 0.079 0.093 0.118 0.142 0.154 0.156 0.154 0.154 0.163 0.193 0.214 0.217 0.206 0.163 0.106 0.077 0.065 0.063 0.065 0.074 0.090 0.106 0.113 0.112 0.095 0.059 0.034 0.021 0.013 0.008 0.005 0.004 0.003 0.003 0.003 0.003 0.005 0.010 0.016 0.018 0.018 0.018 0.018 0.018 0.020 0.026 0.036 0.040 0.040 0.037 0.027 0.013 0.006 0.002 0.001 0.000 0.000 0.000
0.110 0.107 0.101 0.091 0.075 0.055 0.038 0.026 0.019 0.017 0.017 0.019 0.025 0.034 0.043 0.052 0.059 0.064 0.070 0.079 0.093 0.117 0.146 0.162 0.166 0.165 0.165 0.176 0.203 0.218 0.218 0.202 0.151 0.097 0.072 0.063 0.062 0.065 0.075 0.092 0.106 0.113 0.112 0.096 0.062 0.035 0.021 0.012 0.007 0.004 0.003 0.003 0.003 0.003 0.003 0.006 0.011 0.016 0.017 0.018 0.018 0.018 0.018 0.020 0.027 0.036 0.039 0.039 0.035 0.023 0.010 0.004 0.002 0.001 0.000 0.000 0.000
0.105 0.103 0.098 0.088 0.074 0.055 0.038 0.027 0.021 0.019 0.019 0.022 0.027 0.034 0.042 0.051 0.058 0.064 0.071 0.079 0.092 0.118 0.151 0.170 0.176 0.176 0.177 0.188 0.212 0.221 0.219 0.196 0.138 0.087 0.067 0.061 0.061 0.066 0.078 0.094 0.106 0.112 0.111 0.097 0.063 0.035 0.019 0.011 0.006 0.004 0.003 0.003 0.003 0.003 0.004 0.006 0.012 0.015 0.016 0.017 0.017 0.018 0.018 0.021 0.029 0.036 0.037 0.036 0.031 0.019 0.008 0.003 0.001 0.001 0.000 0.000 0.000
0.095 0.093 0.089 0.082 0.070 0.053 0.038 0.027 0.021 0.019 0.020 0.022 0.027 0.033 0.040 0.050 0.058 0.065 0.072 0.080 0.093 0.120 0.157 0.179 0.185 0.185 0.185 0.199 0.221 0.226 0.218 0.186 0.121 0.077 0.062 0.059 0.060 0.068 0.082 0.098 0.108 0.113 0.113 0.098 0.064 0.034 0.018 0.010 0.006 0.004 0.003 0.002 0.002 0.003 0.004 0.007 0.012 0.015 0.016 0.017 0.017 0.018 0.019 0.023 0.031 0.036 0.036 0.035 0.028 0.015 0.006 0.003 0.001 0.000 0.000 0.000 0.000
0.079 0.078 0.075 0.070 0.061 0.048 0.035 0.026 0.021 0.019 0.020 0.022 0.026 0.031 0.039 0.050 0.061 0.069 0.076 0.084 0.097 0.123 0.164 0.188 0.194 0.193 0.194 0.210 0.229 0.230 0.215 0.169 0.103 0.068 0.058 0.057 0.060 0.070 0.086 0.102 0.112 0.117 0.116 0.102 0.066 0.035 0.018 0.010 0.005 0.003 0.003 0.002 0.002 0.003 0.004 0.009 0.013 0.014 0.016 0.017 0.018 0.019 0.021 0.026 0.033 0.035 0.035 0.033 0.023 0.011 0.005 0.002 0.001 0.000 0.000 0.000 0.000
0.057 0.057 0.055 0.052 0.047 0.038 0.029 0.023 0.019 0.018 0.018 0.020 0.022 0.026 0.036 0.050 0.063 0.074 0.084 0.092 0.104 0.129 0.171 0.198 0.206 0.206 0.210 0.230 0.242 0.239 0.214 0.152 0.088 0.061 0.054 0.054 0.059 0.072 0.092 0.108 0.118 0.122 0.121 0.106 0.068 0.035 0.018 0.009 0.005 0.003 0.003 0.002 0.002 0.003 0.005 0.009 0.013 0.014 0.015 0.017 0.019 0.020 0.023 0.028 0.034 0.035 0.034 0.030 0.019 0.008 0.003 0.001 0.000 0.000 0.000 0.000 0.000
0.039 0.039 0.038 0.036 0.032 0.027 0.021 0.018 0.016 0.015 0.015 0.015 0.017 0.021 0.032 0.049 0.063 0.076 0.088 0.100 0.113 0.138 0.180 0.211 0.223 0.228 0.237 0.256 0.263 0.253 0.213 0.133 0.076 0.055 0.051 0.052 0.059 0.076 0.099 0.116 0.125 0.128 0.125 0.108 0.068 0.035 0.017 0.009 0.005 0.003 0.003 0.003 0.003 0.003 0.006 0.010 0.013 0.014 0.016 0.018 0.020 0.022 0.024 0.030 0.034 0.035 0.034 0.027 0.015 0.006 0.003 0.001 0.000 0.000 0.000 0.000 0.000
0.027 0.026 0.026 0.024 0.021 0.018 0.014 0.012 0.011 0.010 0.010 0.010 0.012 0.018 0.029 0.045 0.061 0.074 0.088 0.102 0.119 0.144 0.186 0.224 0.243 0.253 0.268 0.285 0.286 0.264 0.202 0.116 0.069 0.053 0.049 0.051 0.059 0.079 0.106 0.123 0.131 0.132 0.128 0.107 0.066 0.033 0.016 0.008 0.005 0.003 0.003 0.003 0.003 0.004 0.007 0.011 0.013 0.014 0.016 0.019 0.022 0.024 0.026 0.031 0.034 0.035 0.032 0.023 0.011 0.004 0.002 0.001 0.000 0.000 0.000 0.000 0.000
0.017 0.017 0.017 0.016 0.014 0.011 0.009 0.008 0.007 0.006 0.006 0.007 0.009 0.015 0.025 0.041 0.058 0.074 0.089 0.106 0.126 0.152 0.191 0.236 0.267 0.288 0.308 0.319 0.312 0.271 0.184 0.102 0.065 0.052 0.049 0.050 0.060 0.082 0.111 0.129 0.135 0.135 0.128 0.104 0.061 0.030 0.014 0.007 0.005 0.003 0.003 0.003 0.003 0.005 0.008 0.011 0.013 0.015 0.017 0.021 0.023 0.025 0.028 0.032 0.034 0.034 0.029 0.018 0.008 0.003 0.001 0.000 0.000 0.000 0.000 0.000 0.000
0.011 0.011 0.011 0.010 0.009 0.007 0.006 0.005 0.004 0.004 0.004 0.004 0.007 0.012 0.021 0.035 0.054 0.073 0.092 0.112 0.136 0.163 0.199 0.249 0.295 0.327 0.346 0.349 0.331 0.269 0.165 0.093 0.062 0.051 0.049 0.051 0.061 0.086 0.117 0.134 0.139 0.137 0.125 0.096 0.053 0.026 0.012 0.007 0.004 0.004 0.003 0.003 0.004 0.006 0.009 0.012 0.013 0.015 0.019 0.023 0.026 0.027 0.029 0.033 0.034 0.032 0.026 0.013 0.005 0.002 0.001 0.000 0.000 0.000 0.000 0.000 0.000
0.007 0.007 0.006 0.006 0.005 0.004 0.003 0.003 0.002 0.002 0.002 0.003 0.005 0.009 0.016 0.029 0.048 0.070 0.092 0.115 0.142 0.173 0.212 0.263 0.319 0.356 0.371 0.369 0.338 0.254 0.146 0.086 0.061 0.053 0.051 0.053 0.064 0.092 0.123 0.138 0.142 0.139 0.123 0.089 0.047 0.022 0.011 0.006 0.004 0.004 0.004 0.004 0.005 0.007 0.010 0.012 0.014 0.017 0.022 0.027 0.029 0.030 0.032 0.035 0.034 0.031 0.021 0.009 0.004 0.001 0.000 0.000 0.000 0.000 0.000 0.000 0.000
0.004 0.004 0.004 0.003 0.003 0.002 0.002 0.001 0.001 0.001 0.001 0.002 0.003 0.006 0.012 0.023 0.040 0.062 0.088 0.114 0.143 0.179 0.224 0.282 0.342 0.380 0.391 0.382 0.334 0.230 0.130 0.082 0.061 0.055 0.054 0.056 0.069 0.098 0.129 0.142 0.144 0.139 0.120 0.082 0.041 0.019 0.009 0.005 0.004 0.004 0.004 0.004 0.005 0.008 0.010 0.012 0.014 0.018 0.026 0.031 0.033 0.034 0.035 0.036 0.034 0.028 0.016 0.006 0.002 0.001 0.000 0.000 0.000 0.000 0.000 0.000 0.000
0.002 0.002 0.002 0.002 0.002 0.001 0.001 0.001 0.001 0.001 0.001 0.001 0.002 0.004 0.009 0.016 0.030 0.050 0.076 0.107 0.140 0.181 0.234 0.303 0.369 0.405 0.412 0.396 0.333 0.215 0.123 0.079 0.062 0.056 0.056 0.059 0.071 0.102 0.134 0.146 0.148 0.141 0.119 0.076 0.037 0.017 0.008 0.005 0.004 0.004 0.004 0.005 0.006 0.008 0.010 0.012 0.015 0.020 0.030 0.036 0.038 0.039 0.039 0.037 0.032 0.023 0.011 0.004 0.002 0.001 0.000 0.000 0.000 0.000 0.000 0.000 0.000
0.001 0.001 0.001 0.001 0.001 0.001 0.000 0.000 0.000 0.000 0.000 0.001 0.001 0.003 0.006 0.011 0.021 0.035 0.058 0.089 0.128 0.176 0.240 0.328 0.403 0.438 0.442 0.418 0.336 0.205 0.119 0.079 0.063 0.058 0.057 0.061 0.073 0.104 0.136 0.150 0.151 0.144 0.119 0.071 0.033 0.015 0.008 0.005 0.005 0.005 0.005 0.006 0.007 0.009 0.010 0.012 0.015 0.023 0.035 0.042 0.044 0.043 0.042 0.037 0.028 0.016 0.007 0.003 0.001 0.000 0.000 0.000 0.000 0.000 0.000 0.000 0.000
0.000 0.001 0.001 0.001 0.000 0.000 0.000 0.000 0.000 0.000 0.000 0.001 0.001 0.002 0.004 0.008 0.015 0.026 0.043 0.070 0.109 0.163 0.240 0.346 0.428 0.462 0.465 0.432 0.333 0.200 0.119 0.081 0.065 0.059 0.059 0.063 0.075 0.105 0.139 0.153 0.154 0.147 0.119 0.067 0.030 0.013 0.007 0.006 0.005 0.005 0.006 0.007 0.008 0.009 0.010 0.012 0.016 0.026 0.041 0.049 0.050 0.049 0.044 0.034 0.022 0.010 0.004 0.002 0.001 0.000 0.000 0.000 0.000 0.000 0.000 0.000 0.000
0.000 0.000 0.000 0.000 0.000 0.000 0.000 0.000 0.000 0.000 0.000 0.000 0.001 0.001 0.003 0.005 0.010 0.019 0.033 0.056 0.091 0.146 0.233 0.353 0.442 0.476 0.475 0.433 0.326 0.198 0.123 0.087 0.069 0.062 0.062 0.065 0.077 0.110 0.145 0.160 0.161 0.153 0.119 0.062 0.027 0.013 0.007 0.006 0.006 0.006 0.006 0.007 0.008 0.009 0.010 0.012 0.018 0.031 0.048 0.056 0.057 0.054 0.044 0.029 0.015 0.007 0.003 0.001 0.000 0.000 0.000 0.000 0.000 0.000 0.000 0.000 0.000
0.000 0.000 0.000 0.001 0.000 0.000 0.000 0.000 0.000 0.000 0.000 0.000 0.000 0.001 0.002 0.003 0.007 0.013 0.025 0.045 0.077 0.131 0.220 0.351 0.447 0.483 0.477 0.429 0.321 0.201 0.133 0.097 0.076 0.067 0.064 0.067 0.081 0.118 0.157 0.171 0.172 0.160 0.117 0.057 0.025 0.012 0.008 0.007 0.007 0.007 0.007 0.008 0.009 0.009 0.010 0.013 0.020 0.037 0.056 0.063 0.063 0.056 0.041 0.023 0.011 0.004 0.002 0.001 0.000 0.000 0.000 0.000 0.000 0.000 0.000 0.000 0.000
0.000 0.000 0.000 0.001 0.000 0.000 0.000 0.000 0.000 0.000 0.000 0.000 0.000 0.001 0.001 0.002 0.004 0.009 0.019 0.036 0.066 0.118 0.210 0.347 0.449 0.484 0.476 0.425 0.321 0.209 0.145 0.108 0.085 0.073 0.069 0.071 0.086 0.127 0.168 0.181 0.181 0.163 0.110 0.051 0.022 0.011 0.008 0.007 0.007 0.007 0.007 0.008 0.009 0.010 0.011 0.015 0.025 0.045 0.063 0.068 0.066 0.057 0.036 0.017 0.007 0.003 0.001 0.000 0.000 0.000 0.000 0.000 0.000 0.000 0.000 0.000 0.000
0.000 0.000 0.000 0.000 0.000 0.000 0.000 0.000 0.000 0.000 0.000 0.000 0.000 0.000 0.001 0.001 0.003 0.006 0.013 0.027 0.055 0.107 0.200 0.343 0.446 0.475 0.465 0.420 0.328 0.222 0.157 0.118 0.094 0.081 0.077 0.079 0.094 0.138 0.177 0.191 0.189 0.162 0.097 0.042 0.019 0.011 0.009 0.008 0.007 0.007 0.007 0.008 0.009 0.010 0.012 0.018 0.032 0.055 0.069 0.072 0.068 0.054 0.029 0.012 0.005 0.002 0.001 0.000 0.000 0.000 0.000 0.000 0.000 0.000 0.000 0.000 0.000
0.000 0.000 0.000 0.001 0.000 0.000 0.000 0.000 0.000 0.000 0.000 0.000 0.000 0.000 0.000 0.001 0.001 0.003 0.008 0.019 0.043 0.091 0.181 0.322 0.427 0.456 0.452 0.421 0.348 0.247 0.174 0.130 0.104 0.091 0.087 0.090 0.108 0.153 0.188 0.198 0.193 0.156 0.080 0.033 0.016 0.011 0.009 0.008 0.008 0.008 0.008 0.008 0.009 0.011 0.015 0.024 0.043 0.065 0.074 0.074 0.066 0.045 0.021 0.008 0.003 0.001 0.000 0.000 0.000 0.000 0.000 0.000 0.000 0.000 0.000 0.000 0.000
0.000 0.000 0.000 0.000 0.000 0.000 0.000 0.000 0.000 0.000 0.000 0.000 0.000 0.000 0.000 0.000 0.001 0.002 0.004 0.011 0.028 0.066 0.141 0.271 0.394 0.446 0.452 0.434 0.380 0.283 0.197 0.145 0.117 0.103 0.100 0.104 0.127 0.172 0.200 0.206 0.194 0.139 0.063 0.028 0.015 0.012 0.010 0.009 0.008 0.008 0.008 0.009 0.010 0.013 0.019 0.032 0.057 0.074 0.077 0.074 0.058 0.031 0.012 0.004 0.001 0.001 0.000 0.000 0.000 0.000 0.000 0.000 0.000 0.000 0.000 0.000 0.000
0.000 0.000 0.000 0.000 0.000 0.000 0.000 0.000 0.000 0.000 0.000 0.001 0.000 0.000 0.000 0.000 0.001 0.001 0.002 0.005 0.015 0.039 0.093 0.200 0.348 0.439 0.466 0.461 0.423 0.333 0.227 0.164 0.133 0.120 0.118 0.125 0.151 0.193 0.213 0.216 0.193 0.120 0.052 0.025 0.015 0.012 0.011 0.010 0.009 0.009 0.009 0.010 0.011 0.016 0.026 0.046 0.071 0.081 0.080 0.070 0.044 0.018 0.007 0.002 0.001 0.000 0.000 0.000 0.000 0.000 0.000 0.000 0.000 0.000 0.000 0.000 0.000
0.000 0.000 0.001 0.000 0.001 0.000 0.000 0.000 0.000 0.000 0.000 0.001 0.001 0.000 0.000 0.000 0.000 0.001 0.001 0.003 0.007 0.021 0.056 0.135 0.279 0.418 0.486 0.501 0.479 0.404 0.283 0.199 0.158 0.144 0.142 0.152 0.183 0.218 0.233 0.231 0.192 0.104 0.047 0.024 0.016 0.014 0.012 0.011 0.011 0.010 0.010 0.011 0.014 0.020 0.036 0.063 0.083 0.086 0.081 0.060 0.029 0.010 0.003 0.001 0.000 0.000 0.000 0.000 0.000 0.000 0.000 0.000 0.000 0.000 0.000 0.000 0.000
