RESULTS/r.avaflow_results/22_results/22_ascii/22_hflow0052.asc
ncols 506
nrows 317
xllcenter 498237.50
yllcenter 5580050.00
cellsize 12.50
NODATA_value -9999.000
[rows 170 to 203 of 317, columns 231 to 307 of 506]
0.158 0.113 0.086 0.071 0.065 0.063 0.064 0.070 0.090 0.133 0.178 0.197 0.200 0.190 0.161 0.109 0.064 0.040 0.026 0.019 0.013 0.010 0.007 0.005 0.003 0.002 0.001 0.000 0.000 0.000 0.000 0.000 0.000 0.000 0.000 0.000 0.000 0.000 0.000 0.000 0.000 0.000 0.000 0.000 0.000 0.000 0.000 0.000 0.000 0.000 0.000 0.000 0.000 0.000 0.000 0.000 0.000 0.000 0.000 0.000 0.000 0.000 0.000 0.000 0.000 0.000 0.000 0.000 0.000 0.000 0.000 0.000 0.000 0.000 0.000 0.000 0.000
0.240 0.161 0.116 0.092 0.083 0.082 0.085 0.101 0.150 0.255 0.363 0.409 0.413 0.387 0.317 0.202 0.109 0.061 0.037 0.024 0.017 0.012 0.009 0.007 0.005 0.003 0.002 0.001 0.000 0.000 0.000 0.000 0.000 0.000 0.000 0.000 0.000 0.000 0.000 0.000 0.000 0.000 0.000 0.000 0.000 0.000 0.000 0.000 0.000 0.000 0.000 0.000 0.000 0.000 0.000 0.000 0.000 0.000 0.000 0.000 0.000 0.000 0.000 0.000 0.000 0.000 0.000 0.000 0.000 0.000 0.000 0.000 0.000 0.000 0.000 0.000 0.000
0.356 0.237 0.160 0.122 0.107 0.105 0.111 0.143 0.239 0.438 0.648 0.740 0.748 0.700 0.571 0.364 0.188 0.095 0.052 0.032 0.021 0.016 0.012 0.009 0.006 0.004 0.003 0.002 0.001 0.000 0.000 0.000 0.000 0.000 0.000 0.000 0.000 0.000 0.000 0.000 0.000 0.000 0.000 0.000 0.000 0.000 0.000 0.000 0.000 0.000 0.000 0.000 0.000 0.000 0.000 0.000 0.000 0.000 0.000 0.000 0.000 0.000 0.000 0.000 0.000 0.000 0.000 0.000 0.000 0.000 0.000 0.000 0.000 0.000 0.000 0.000 0.000
0.451 0.337 0.226 0.163 0.138 0.133 0.140 0.181 0.303 0.563 0.853 0.992 1.009 0.954 0.802 0.543 0.291 0.143 0.073 0.041 0.027 0.019 0.014 0.011 0.008 0.006 0.004 0.003 0.002 0.001 0.000 0.000 0.000 0.000 0.000 0.000 0.000 0.000 0.000 0.000 0.000 0.000 0.000 0.000 0.000 0.000 0.000 0.000 0.000 0.000 0.000 0.000 0.000 0.000 0.000 0.000 0.000 0.000 0.000 0.000 0.000 0.000 0.000 0.000 0.000 0.000 0.000 0.000 0.000 0.000 0.000 0.000 0.000 0.000 0.000 0.000 0.000
0.494 0.422 0.312 0.220 0.176 0.166 0.172 0.213 0.341 0.616 0.932 1.092 1.118 1.067 0.915 0.651 0.372 0.193 0.098 0.053 0.033 0.023 0.017 0.013 0.010 0.008 0.006 0.004 0.003 0.002 0.001 0.000 0.000 0.000 0.000 0.000 0.000 0.000 0.000 0.000 0.000 0.000 0.000 0.000 0.000 0.000 0.000 0.000 0.000 0.000 0.000 0.000 0.000 0.000 0.000 0.000 0.000 0.000 0.000 0.000 0.000 0.000 0.000 0.000 0.000 0.000 0.000 0.000 0.000 0.000 0.000 0.000 0.000 0.000 0.000 0.000 0.000
0.503 0.461 0.385 0.286 0.223 0.203 0.206 0.244 0.366 0.626 0.933 1.094 1.124 1.078 0.935 0.690 0.421 0.234 0.125 0.068 0.040 0.027 0.020 0.015 0.012 0.010 0.007 0.006 0.004 0.003 0.002 0.001 0.000 0.000 0.000 0.000 0.000 0.000 0.000 0.000 0.000 0.000 0.000 0.000 0.000 0.000 0.000 0.000 0.000 0.000 0.000 0.000 0.000 0.000 0.000 0.000 0.000 0.000 0.000 0.000 0.000 0.000 0.000 0.000 0.000 0.000 0.000 0.000 0.000 0.000 0.000 0.000 0.000 0.000 0.000 0.000 0.000
0.489 0.468 0.421 0.341 0.275 0.248 0.247 0.278 0.385 0.612 0.878 1.020 1.051 1.019 0.901 0.688 0.441 0.263 0.148 0.083 0.049 0.032 0.024 0.018 0.015 0.012 0.009 0.007 0.006 0.004 0.003 0.002 0.001 0.000 0.000 0.000 0.000 0.000 0.000 0.000 0.000 0.000 0.000 0.000 0.000 0.000 0.000 0.000 0.000 0.000 0.000 0.000 0.000 0.000 0.000 0.000 0.000 0.000 0.000 0.000 0.000 0.000 0.000 0.000 0.000 0.000 0.000 0.000 0.000 0.000 0.000 0.000 0.000 0.000 0.000 0.000 0.000
0.454 0.452 0.427 0.376 0.327 0.304 0.301 0.323 0.404 0.572 0.753 0.850 0.877 0.863 0.790 0.641 0.441 0.276 0.165 0.096 0.058 0.039 0.028 0.022 0.017 0.014 0.012 0.009 0.007 0.006 0.004 0.003 0.002 0.001 0.001 0.000 0.000 0.000 0.000 0.000 0.000 0.000 0.000 0.000 0.000 0.000 0.000 0.000 0.000 0.000 0.000 0.000 0.000 0.000 0.000 0.000 0.000 0.000 0.000 0.000 0.000 0.000 0.000 0.000 0.000 0.000 0.000 0.000 0.000 0.000 0.000 0.000 0.000 0.000 0.000 0.000 0.000
0.398 0.414 0.411 0.388 0.362 0.352 0.354 0.373 0.427 0.521 0.603 0.642 0.651 0.640 0.603 0.530 0.409 0.275 0.174 0.108 0.069 0.046 0.034 0.026 0.021 0.017 0.014 0.012 0.010 0.008 0.006 0.004 0.003 0.002 0.001 0.001 0.000 0.000 0.000 0.000 0.000 0.000 0.000 0.000 0.000 0.000 0.000 0.000 0.000 0.000 0.000 0.000 0.000 0.000 0.000 0.000 0.000 0.000 0.000 0.000 0.000 0.000 0.000 0.000 0.000 0.000 0.000 0.000 0.000 0.000 0.000 0.000 0.000 0.000 0.000 0.000 0.000
0.325 0.362 0.378 0.379 0.375 0.379 0.389 0.411 0.448 0.490 0.511 0.515 0.503 0.477 0.440 0.395 0.336 0.258 0.179 0.120 0.081 0.056 0.042 0.033 0.026 0.021 0.018 0.015 0.012 0.010 0.008 0.006 0.005 0.004 0.003 0.002 0.001 0.001 0.000 0.000 0.000 0.000 0.000 0.000 0.000 0.000 0.000 0.000 0.000 0.000 0.000 0.000 0.000 0.000 0.000 0.000 0.000 0.000 0.000 0.000 0.000 0.000 0.000 0.000 0.000 0.000 0.000 0.000 0.000 0.000 0.000 0.000 0.000 0.000 0.000 0.000 0.000
0.260 0.302 0.334 0.356 0.372 0.388 0.409 0.435 0.461 0.474 0.471 0.455 0.424 0.385 0.347 0.312 0.276 0.234 0.183 0.135 0.097 0.071 0.054 0.042 0.034 0.028 0.023 0.019 0.016 0.013 0.011 0.009 0.007 0.006 0.004 0.003 0.002 0.002 0.001 0.001 0.000 0.000 0.000 0.000 0.000 0.000 0.000 0.000 0.000 0.000 0.000 0.000 0.000 0.000 0.000 0.000 0.000 0.000 0.000 0.000 0.000 0.000 0.000 0.000 0.000 0.000 0.000 0.000 0.000 0.000 0.000 0.000 0.000 0.000 0.000 0.000 0.000
0.214 0.250 0.284 0.317 0.351 0.386 0.419 0.448 0.467 0.470 0.460 0.433 0.389 0.341 0.304 0.276 0.251 0.224 0.192 0.154 0.120 0.094 0.074 0.060 0.048 0.039 0.031 0.025 0.020 0.017 0.014 0.011 0.009 0.008 0.006 0.005 0.004 0.003 0.002 0.002 0.001 0.001 0.001 0.000 0.000 0.000 0.000 0.000 0.000 0.000 0.000 0.000 0.000 0.000 0.000 0.000 0.000 0.000 0.000 0.000 0.000 0.000 0.000 0.000 0.000 0.000 0.000 0.000 0.000 0.000 0.000 0.000 0.000 0.000 0.000 0.000 0.000
0.186 0.217 0.250 0.285 0.327 0.378 0.424 0.456 0.471 0.472 0.460 0.429 0.380 0.329 0.292 0.267 0.247 0.228 0.208 0.183 0.156 0.130 0.109 0.091 0.075 0.060 0.046 0.036 0.028 0.022 0.018 0.015 0.012 0.010 0.009 0.007 0.006 0.005 0.004 0.003 0.003 0.002 0.002 0.001 0.001 0.001 0.000 0.000 0.000 0.000 0.000 0.000 0.000 0.000 0.000 0.000 0.000 0.000 0.000 0.000 0.000 0.000 0.000 0.000 0.000 0.000 0.000 0.000 0.000 0.000 0.000 0.000 0.000 0.000 0.000 0.000 0.000
0.173 0.202 0.235 0.273 0.319 0.375 0.430 0.466 0.482 0.483 0.471 0.439 0.389 0.334 0.296 0.272 0.258 0.248 0.239 0.227 0.210 0.191 0.171 0.150 0.129 0.105 0.080 0.058 0.042 0.031 0.024 0.019 0.016 0.013 0.012 0.010 0.009 0.008 0.007 0.006 0.005 0.004 0.003 0.003 0.002 0.002 0.001 0.001 0.001 0.001 0.001 0.001 0.001 0.001 0.001 0.001 0.001 0.001 0.001 0.001 0.001 0.001 0.001 0.000 0.000 0.000 0.000 0.000 0.000 0.000 0.000 0.000 0.000 0.000 0.000 0.000 0.000
0.170 0.199 0.233 0.274 0.322 0.386 0.452 0.497 0.519 0.524 0.517 0.490 0.441 0.382 0.337 0.311 0.300 0.298 0.297 0.297 0.295 0.291 0.281 0.263 0.237 0.202 0.157 0.107 0.070 0.047 0.034 0.026 0.021 0.017 0.015 0.014 0.012 0.011 0.010 0.009 0.008 0.007 0.006 0.005 0.004 0.004 0.003 0.003 0.003 0.003 0.003 0.003 0.003 0.003 0.003 0.004 0.004 0.004 0.004 0.004 0.003 0.003 0.002 0.001 0.001 0.000 0.000 0.000 0.000 0.000 0.000 0.000 0.000 0.000 0.000 0.000 0.000
0.172 0.203 0.242 0.290 0.351 0.432 0.524 0.591 0.631 0.650 0.652 0.638 0.600 0.541 0.476 0.426 0.402 0.396 0.398 0.408 0.428 0.456 0.471 0.466 0.446 0.400 0.324 0.217 0.128 0.077 0.050 0.036 0.028 0.023 0.020 0.018 0.016 0.015 0.014 0.013 0.011 0.010 0.009 0.008 0.007 0.006 0.006 0.006 0.006 0.006 0.006 0.006 0.006 0.006 0.007 0.007 0.008 0.008 0.008 0.007 0.007 0.006 0.005 0.003 0.002 0.001 0.000 0.000 0.000 0.000 0.000 0.000 0.000 0.000 0.000 0.000 0.000
0.185 0.223 0.274 0.342 0.431 0.551 0.702 0.828 0.913 0.962 0.983 0.983 0.962 0.903 0.796 0.675 0.600 0.570 0.567 0.585 0.631 0.708 0.775 0.803 0.801 0.756 0.641 0.444 0.246 0.133 0.079 0.052 0.039 0.031 0.027 0.024 0.022 0.020 0.019 0.017 0.016 0.015 0.013 0.012 0.011 0.010 0.010 0.009 0.009 0.009 0.009 0.010 0.010 0.011 0.012 0.013 0.014 0.014 0.014 0.014 0.013 0.011 0.009 0.006 0.003 0.002 0.001 0.000 0.000 0.000 0.000 0.000 0.000 0.000 0.000 0.000 0.000
0.215 0.271 0.346 0.447 0.584 0.774 1.036 1.289 1.458 1.556 1.601 1.613 1.596 1.513 1.333 1.086 0.918 0.841 0.825 0.846 0.920 1.062 1.217 1.305 1.329 1.294 1.143 0.835 0.464 0.238 0.130 0.080 0.056 0.044 0.037 0.032 0.029 0.027 0.026 0.024 0.023 0.021 0.018 0.017 0.015 0.014 0.014 0.014 0.014 0.014 0.014 0.015 0.016 0.017 0.019 0.021 0.023 0.023 0.023 0.023 0.022 0.020 0.016 0.011 0.006 0.004 0.002 0.001 0.000 0.000 0.000 0.000 0.000 0.000 0.000 0.000 0.000
0.243 0.322 0.430 0.583 0.797 1.103 1.538 1.965 2.240 2.367 2.401 2.391 2.329 2.179 1.918 1.595 1.355 1.221 1.181 1.200 1.307 1.543 1.818 1.985 2.042 2.014 1.818 1.381 0.808 0.421 0.222 0.130 0.086 0.064 0.052 0.045 0.041 0.039 0.037 0.035 0.033 0.030 0.026 0.023 0.021 0.020 0.020 0.020 0.020 0.020 0.021 0.022 0.023 0.026 0.030 0.035 0.038 0.039 0.040 0.040 0.039 0.036 0.029 0.019 0.011 0.007 0.003 0.002 0.001 0.000 0.000 0.000 0.000 0.000 0.000 0.000 0.000
0.250 0.340 0.468 0.658 0.944 1.377 1.984 2.523 2.837 2.948 2.954 2.911 2.803 2.604 2.301 1.994 1.783 1.665 1.623 1.646 1.812 2.192 2.582 2.775 2.808 2.714 2.406 1.833 1.149 0.662 0.371 0.216 0.138 0.098 0.078 0.068 0.062 0.059 0.058 0.056 0.053 0.047 0.040 0.034 0.030 0.028 0.028 0.027 0.028 0.028 0.029 0.032 0.036 0.041 0.049 0.057 0.064 0.069 0.071 0.072 0.071 0.065 0.051 0.032 0.019 0.011 0.006 0.003 0.001 0.000 0.000 0.000 0.000 0.000 0.000 0.000 0.000
0.241 0.334 0.469 0.674 1.001 1.518 2.233 2.822 3.140 3.233 3.224 3.159 3.028 2.811 2.504 2.246 2.093 2.026 2.023 2.124 2.425 2.916 3.280 3.414 3.396 3.207 2.772 2.081 1.363 0.862 0.544 0.346 0.225 0.158 0.124 0.108 0.101 0.100 0.099 0.098 0.094 0.083 0.068 0.054 0.046 0.041 0.039 0.039 0.039 0.040 0.043 0.049 0.058 0.070 0.085 0.100 0.114 0.125 0.132 0.134 0.133 0.118 0.086 0.054 0.032 0.018 0.010 0.005 0.002 0.001 0.000 0.000 0.000 0.000 0.000 0.000 0.000
0.203 0.295 0.433 0.647 0.993 1.544 2.297 2.899 3.214 3.299 3.288 3.223 3.093 2.876 2.585 2.381 2.284 2.265 2.318 2.516 2.929 3.436 3.734 3.819 3.760 3.485 2.942 2.165 1.462 0.980 0.666 0.462 0.331 0.249 0.204 0.183 0.176 0.179 0.188 0.190 0.184 0.164 0.129 0.096 0.076 0.064 0.059 0.058 0.058 0.061 0.067 0.081 0.103 0.130 0.156 0.180 0.204 0.223 0.234 0.237 0.219 0.173 0.116 0.071 0.042 0.023 0.012 0.006 0.003 0.001 0.000 0.000 0.000 0.000 0.000 0.000 0.000
0.136 0.213 0.339 0.546 0.893 1.450 2.211 2.827 3.154 3.253 3.253 3.205 3.087 2.877 2.601 2.430 2.375 2.391 2.507 2.779 3.238 3.687 3.922 3.976 3.895 3.574 2.975 2.159 1.481 1.022 0.721 0.524 0.398 0.325 0.289 0.278 0.282 0.305 0.338 0.350 0.346 0.315 0.253 0.182 0.135 0.109 0.096 0.092 0.092 0.097 0.113 0.145 0.196 0.247 0.288 0.321 0.346 0.361 0.359 0.334 0.277 0.198 0.128 0.079 0.046 0.026 0.014 0.007 0.003 0.001 0.000 0.000 0.000 0.000 0.000 0.000 0.000
0.077 0.121 0.203 0.360 0.652 1.145 1.848 2.492 2.878 3.048 3.096 3.084 3.006 2.827 2.578 2.431 2.397 2.435 2.588 2.888 3.333 3.712 3.905 3.943 3.851 3.512 2.874 2.050 1.424 1.004 0.723 0.537 0.422 0.361 0.337 0.335 0.352 0.401 0.459 0.485 0.486 0.459 0.396 0.305 0.233 0.187 0.162 0.153 0.154 0.165 0.199 0.265 0.350 0.416 0.455 0.474 0.480 0.470 0.438 0.378 0.292 0.200 0.130 0.080 0.047 0.026 0.014 0.007 0.003 0.001 0.000 0.000 0.000 0.000 0.000 0.000 0.000
0.045 0.066 0.104 0.182 0.342 0.656 1.180 1.812 2.313 2.611 2.758 2.803 2.778 2.667 2.483 2.382 2.369 2.423 2.580 2.861 3.213 3.462 3.568 3.574 3.448 3.087 2.448 1.711 1.198 0.872 0.654 0.507 0.414 0.365 0.349 0.352 0.379 0.441 0.508 0.541 0.545 0.525 0.470 0.387 0.315 0.270 0.247 0.239 0.243 0.265 0.317 0.398 0.479 0.531 0.556 0.561 0.553 0.521 0.463 0.381 0.282 0.191 0.123 0.076 0.044 0.025 0.013 0.007 0.003 0.001 0.000 0.000 0.000 0.000 0.000 0.000 0.000
0.029 0.039 0.056 0.088 0.155 0.294 0.556 0.967 1.456 1.888 2.168 2.307 2.351 2.326 2.249 2.208 2.219 2.283 2.408 2.572 2.707 2.749 2.717 2.641 2.463 2.112 1.578 1.072 0.760 0.582 0.474 0.402 0.356 0.335 0.332 0.343 0.376 0.441 0.508 0.542 0.548 0.532 0.486 0.414 0.352 0.316 0.301 0.298 0.306 0.335 0.391 0.467 0.529 0.567 0.583 0.585 0.570 0.528 0.454 0.353 0.247 0.163 0.104 0.065 0.039 0.022 0.012 0.006 0.003 0.001 0.000 0.000 0.000 0.000 0.000 0.000 0.000
0.020 0.026 0.034 0.047 0.074 0.126 0.229 0.415 0.697 1.031 1.334 1.553 1.685 1.761 1.801 1.823 1.853 1.892 1.925 1.883 1.753 1.601 1.465 1.345 1.202 0.990 0.704 0.478 0.350 0.285 0.253 0.241 0.240 0.250 0.268 0.294 0.336 0.400 0.459 0.491 0.499 0.491 0.460 0.405 0.356 0.330 0.322 0.322 0.333 0.362 0.411 0.475 0.523 0.553 0.565 0.565 0.549 0.496 0.402 0.285 0.186 0.118 0.075 0.047 0.029 0.017 0.010 0.005 0.002 0.001 0.000 0.000 0.000 0.000 0.000 0.000 0.000
0.015 0.018 0.023 0.029 0.040 0.060 0.097 0.163 0.279 0.452 0.652 0.823 0.954 1.058 1.142 1.199 1.223 1.209 1.136 0.992 0.828 0.706 0.619 0.544 0.470 0.380 0.270 0.192 0.150 0.132 0.126 0.126 0.132 0.146 0.168 0.200 0.245 0.299 0.340 0.365 0.375 0.377 0.369 0.348 0.328 0.319 0.319 0.323 0.334 0.357 0.393 0.432 0.458 0.472 0.478 0.477 0.458 0.399 0.297 0.190 0.120 0.076 0.049 0.032 0.020 0.012 0.007 0.004 0.002 0.001 0.000 0.000 0.000 0.000 0.000 0.000 0.000
0.011 0.013 0.016 0.020 0.026 0.034 0.048 0.071 0.111 0.177 0.272 0.375 0.465 0.540 0.594 0.621 0.622 0.597 0.531 0.428 0.337 0.280 0.243 0.212 0.182 0.148 0.111 0.086 0.073 0.068 0.068 0.070 0.074 0.082 0.096 0.115 0.142 0.172 0.193 0.206 0.213 0.219 0.225 0.235 0.251 0.271 0.284 0.293 0.302 0.310 0.318 0.318 0.314 0.311 0.310 0.308 0.292 0.248 0.178 0.116 0.076 0.051 0.033 0.022 0.014 0.009 0.005 0.003 0.001 0.000 0.000 0.000 0.000 0.000 0.000 0.000 0.000
0.008 0.010 0.012 0.015 0.018 0.022 0.028 0.037 0.052 0.076 0.113 0.163 0.211 0.251 0.276 0.285 0.282 0.264 0.228 0.177 0.141 0.119 0.105 0.094 0.082 0.069 0.056 0.048 0.044 0.043 0.043 0.044 0.046 0.051 0.057 0.067 0.080 0.093 0.102 0.108 0.112 0.117 0.123 0.134 0.154 0.184 0.205 0.214 0.216 0.209 0.192 0.174 0.165 0.161 0.161 0.160 0.155 0.137 0.105 0.073 0.050 0.034 0.023 0.015 0.010 0.006 0.003 0.002 0.001 0.000 0.000 0.000 0.000 0.000 0.000 0.000 0.000
0.006 0.007 0.009 0.011 0.013 0.016 0.019 0.024 0.030 0.040 0.055 0.077 0.100 0.118 0.128 0.131 0.129 0.120 0.104 0.082 0.068 0.060 0.055 0.051 0.046 0.041 0.036 0.032 0.031 0.030 0.030 0.031 0.032 0.034 0.038 0.042 0.049 0.054 0.058 0.061 0.064 0.066 0.070 0.077 0.090 0.107 0.117 0.119 0.118 0.112 0.102 0.092 0.087 0.086 0.086 0.086 0.085 0.078 0.065 0.048 0.034 0.023 0.016 0.010 0.006 0.004 0.002 0.001 0.000 0.000 0.000 0.000 0.000 0.000 0.000 0.000 0.000
0.004 0.005 0.006 0.008 0.009 0.011 0.014 0.016 0.020 0.025 0.032 0.042 0.053 0.060 0.064 0.065 0.064 0.061 0.054 0.045 0.040 0.037 0.035 0.033 0.031 0.029 0.026 0.024 0.023 0.023 0.023 0.023 0.024 0.025 0.027 0.029 0.032 0.034 0.037 0.038 0.040 0.042 0.044 0.048 0.055 0.062 0.064 0.065 0.064 0.062 0.058 0.054 0.052 0.051 0.050 0.051 0.050 0.048 0.042 0.033 0.023 0.016 0.011 0.007 0.004 0.002 0.001 0.000 0.000 0.000 0.000 0.000 0.000 0.000 0.000 0.000 0.000
0.002 0.003 0.004 0.005 0.007 0.008 0.010 0.012 0.014 0.017 0.021 0.026 0.031 0.035 0.036 0.037 0.037 0.035 0.033 0.029 0.027 0.025 0.024 0.023 0.023 0.021 0.020 0.019 0.018 0.018 0.018 0.018 0.018 0.019 0.019 0.021 0.022 0.024 0.025 0.026 0.027 0.029 0.030 0.033 0.036 0.038 0.039 0.039 0.039 0.038 0.037 0.035 0.034 0.033 0.033 0.033 0.032 0.031 0.028 0.022 0.016 0.011 0.007 0.004 0.003 0.001 0.001 0.000 0.000 0.000 0.000 0.000 0.000 0.000 0.000 0.000 0.000
0.001 0.002 0.002 0.003 0.004 0.006 0.007 0.009 0.010 0.012 0.015 0.018 0.020 0.022 0.023 0.023 0.023 0.023 0.022 0.020 0.019 0.018 0.018 0.017 0.017 0.016 0.015 0.014 0.014 0.014 0.013 0.013 0.014 0.014 0.014 0.015 0.016 0.017 0.018 0.019 0.020 0.021 0.022 0.023 0.025 0.026 0.026 0.026 0.026 0.026 0.025 0.025 0.024 0.023 0.023 0.022 0.022 0.020 0.018 0.015 0.010 0.007 0.004 0.003 0.001 0.001 0.000 0.000 0.000 0.000 0.000 0.000 0.000 0.000 0.000 0.000 0.000
