RESULTS/r.avaflow_results/22_results/22_ascii/22_hflow10009.asc
ncols 506
nrows 317
xllcenter 498237.50
yllcenter 5580050.00
cellsize 12.50
NODATA_value -9999.000
[rows 204 to 237 of 317, columns 77 to 153 of 506]
0.019 0.019 0.019 0.018 0.017 0.016 0.016 0.018 0.021 0.026 0.037 0.055 0.087 0.157 0.342 0.732 0.976 1.012 0.963 0.770 0.579 0.478 0.412 0.362 0.335 0.329 0.330 0.340 0.371 0.449 0.605 0.716 0.749 0.746 0.694 0.545 0.377 0.301 0.280 0.281 0.299 0.326 0.334 0.329 0.298 0.222 0.138 0.092 0.067 0.051 0.039 0.029 0.020 0.014 0.010 0.009 0.009 0.010 0.013 0.021 0.029 0.035 0.039 0.042 0.046 0.053 0.066 0.087 0.120 0.150 0.167 0.176 0.179 0.165 0.122 0.068 0.035
0.022 0.022 0.021 0.020 0.020 0.019 0.020 0.023 0.028 0.036 0.047 0.066 0.103 0.191 0.418 0.724 0.843 0.860 0.807 0.658 0.535 0.458 0.398 0.351 0.325 0.320 0.323 0.334 0.365 0.450 0.617 0.716 0.737 0.725 0.650 0.481 0.342 0.284 0.270 0.274 0.299 0.325 0.330 0.323 0.288 0.208 0.130 0.088 0.065 0.050 0.038 0.028 0.019 0.013 0.010 0.009 0.009 0.010 0.015 0.024 0.033 0.038 0.041 0.045 0.050 0.058 0.071 0.094 0.131 0.155 0.167 0.170 0.158 0.118 0.064 0.030 0.014
0.026 0.025 0.024 0.024 0.024 0.025 0.027 0.031 0.036 0.045 0.057 0.079 0.123 0.232 0.474 0.673 0.739 0.748 0.702 0.590 0.506 0.447 0.392 0.350 0.327 0.323 0.325 0.336 0.372 0.472 0.632 0.704 0.717 0.698 0.601 0.426 0.315 0.272 0.262 0.268 0.296 0.320 0.324 0.312 0.270 0.189 0.121 0.084 0.063 0.049 0.037 0.026 0.017 0.012 0.009 0.009 0.009 0.011 0.017 0.028 0.037 0.042 0.045 0.049 0.054 0.062 0.075 0.098 0.134 0.153 0.158 0.151 0.121 0.070 0.032 0.015 0.007
0.033 0.031 0.029 0.029 0.030 0.031 0.034 0.038 0.044 0.053 0.068 0.097 0.156 0.280 0.477 0.603 0.656 0.669 0.631 0.540 0.478 0.438 0.394 0.353 0.339 0.336 0.335 0.342 0.383 0.503 0.640 0.689 0.693 0.662 0.544 0.381 0.294 0.260 0.254 0.266 0.298 0.318 0.319 0.302 0.250 0.166 0.109 0.078 0.060 0.047 0.035 0.024 0.016 0.011 0.009 0.009 0.009 0.012 0.020 0.033 0.042 0.046 0.049 0.052 0.057 0.065 0.079 0.102 0.128 0.138 0.137 0.121 0.083 0.040 0.018 0.008 0.003
0.048 0.042 0.039 0.038 0.038 0.040 0.042 0.046 0.053 0.063 0.083 0.121 0.190 0.308 0.436 0.529 0.593 0.612 0.577 0.500 0.457 0.431 0.402 0.365 0.346 0.342 0.341 0.350 0.397 0.529 0.647 0.681 0.678 0.620 0.477 0.344 0.278 0.250 0.247 0.262 0.300 0.318 0.317 0.295 0.235 0.151 0.100 0.072 0.056 0.043 0.033 0.022 0.014 0.010 0.009 0.009 0.010 0.014 0.024 0.039 0.046 0.049 0.051 0.053 0.057 0.065 0.080 0.104 0.119 0.122 0.118 0.098 0.056 0.024 0.010 0.005 0.002
0.075 0.062 0.054 0.051 0.050 0.050 0.052 0.055 0.062 0.076 0.103 0.149 0.213 0.297 0.376 0.470 0.549 0.568 0.528 0.463 0.440 0.428 0.410 0.378 0.355 0.347 0.347 0.362 0.426 0.563 0.650 0.670 0.657 0.573 0.419 0.313 0.260 0.241 0.241 0.257 0.297 0.316 0.315 0.289 0.223 0.143 0.096 0.070 0.054 0.042 0.031 0.020 0.013 0.010 0.009 0.009 0.011 0.017 0.029 0.043 0.049 0.051 0.052 0.054 0.057 0.063 0.080 0.103 0.112 0.113 0.104 0.076 0.036 0.015 0.007 0.003 0.002
0.117 0.098 0.080 0.071 0.066 0.064 0.064 0.067 0.075 0.092 0.126 0.173 0.221 0.262 0.319 0.431 0.514 0.527 0.484 0.436 0.426 0.427 0.419 0.394 0.369 0.358 0.358 0.377 0.454 0.589 0.651 0.660 0.628 0.516 0.373 0.291 0.246 0.230 0.231 0.252 0.295 0.315 0.313 0.286 0.215 0.138 0.094 0.070 0.054 0.041 0.029 0.018 0.012 0.009 0.009 0.009 0.012 0.020 0.034 0.046 0.050 0.052 0.052 0.053 0.055 0.062 0.081 0.100 0.104 0.102 0.088 0.054 0.023 0.010 0.005 0.002 0.001
0.162 0.147 0.123 0.101 0.088 0.082 0.081 0.083 0.090 0.109 0.146 0.184 0.207 0.228 0.286 0.402 0.472 0.478 0.438 0.413 0.415 0.426 0.426 0.409 0.383 0.371 0.370 0.390 0.479 0.605 0.651 0.654 0.603 0.463 0.333 0.265 0.232 0.221 0.224 0.247 0.295 0.320 0.320 0.288 0.210 0.135 0.094 0.070 0.054 0.040 0.027 0.017 0.011 0.009 0.009 0.010 0.014 0.024 0.039 0.047 0.050 0.050 0.050 0.049 0.052 0.064 0.084 0.094 0.095 0.090 0.071 0.037 0.016 0.007 0.003 0.001 0.001
0.190 0.184 0.168 0.143 0.119 0.103 0.096 0.095 0.101 0.123 0.156 0.176 0.185 0.208 0.279 0.380 0.429 0.430 0.404 0.395 0.407 0.430 0.436 0.428 0.404 0.386 0.383 0.405 0.501 0.617 0.652 0.643 0.571 0.418 0.306 0.247 0.219 0.212 0.216 0.242 0.295 0.321 0.321 0.287 0.206 0.134 0.095 0.071 0.054 0.039 0.025 0.015 0.010 0.009 0.009 0.010 0.015 0.028 0.041 0.047 0.048 0.047 0.046 0.046 0.051 0.067 0.086 0.091 0.091 0.082 0.058 0.027 0.012 0.006 0.003 0.001 0.001
0.203 0.201 0.193 0.175 0.148 0.120 0.106 0.103 0.108 0.129 0.152 0.159 0.168 0.203 0.284 0.365 0.397 0.393 0.380 0.380 0.399 0.436 0.452 0.450 0.431 0.408 0.405 0.432 0.531 0.623 0.648 0.635 0.543 0.383 0.283 0.232 0.210 0.207 0.213 0.241 0.294 0.321 0.320 0.282 0.199 0.129 0.092 0.067 0.050 0.034 0.021 0.012 0.009 0.008 0.009 0.011 0.017 0.031 0.042 0.045 0.046 0.044 0.043 0.044 0.051 0.071 0.086 0.089 0.087 0.075 0.046 0.021 0.009 0.004 0.002 0.001 0.000
0.206 0.205 0.201 0.188 0.164 0.132 0.111 0.106 0.111 0.126 0.134 0.139 0.160 0.212 0.293 0.352 0.373 0.368 0.363 0.369 0.393 0.440 0.468 0.472 0.461 0.442 0.439 0.468 0.564 0.630 0.643 0.620 0.512 0.353 0.264 0.221 0.204 0.203 0.212 0.241 0.292 0.320 0.321 0.282 0.195 0.123 0.084 0.061 0.043 0.028 0.017 0.011 0.008 0.008 0.008 0.011 0.019 0.033 0.041 0.043 0.043 0.042 0.041 0.043 0.053 0.075 0.086 0.087 0.083 0.067 0.037 0.016 0.007 0.003 0.001 0.001 0.000
0.204 0.204 0.200 0.189 0.168 0.135 0.112 0.105 0.106 0.110 0.112 0.124 0.161 0.227 0.297 0.341 0.357 0.354 0.353 0.361 0.388 0.442 0.483 0.494 0.489 0.472 0.470 0.502 0.591 0.638 0.641 0.603 0.476 0.326 0.248 0.212 0.200 0.200 0.213 0.245 0.293 0.319 0.321 0.285 0.199 0.124 0.082 0.056 0.037 0.023 0.014 0.009 0.008 0.008 0.008 0.012 0.022 0.035 0.040 0.041 0.041 0.039 0.040 0.043 0.056 0.077 0.085 0.085 0.079 0.058 0.029 0.013 0.006 0.003 0.001 0.000 0.000
0.191 0.192 0.189 0.180 0.162 0.131 0.105 0.093 0.088 0.086 0.092 0.117 0.166 0.236 0.298 0.337 0.350 0.351 0.351 0.358 0.383 0.441 0.497 0.517 0.515 0.504 0.503 0.536 0.613 0.645 0.641 0.586 0.441 0.301 0.235 0.206 0.197 0.200 0.215 0.248 0.291 0.314 0.316 0.284 0.202 0.125 0.080 0.051 0.032 0.019 0.011 0.008 0.007 0.007 0.008 0.012 0.024 0.034 0.038 0.039 0.039 0.038 0.039 0.044 0.058 0.077 0.082 0.082 0.074 0.051 0.024 0.010 0.005 0.002 0.001 0.000 0.000
0.163 0.163 0.161 0.153 0.137 0.109 0.081 0.065 0.058 0.059 0.076 0.114 0.171 0.237 0.294 0.333 0.348 0.351 0.352 0.356 0.380 0.443 0.510 0.538 0.541 0.534 0.533 0.569 0.632 0.650 0.639 0.566 0.406 0.276 0.221 0.200 0.195 0.201 0.219 0.253 0.293 0.314 0.316 0.288 0.213 0.131 0.079 0.047 0.027 0.015 0.010 0.007 0.007 0.007 0.008 0.013 0.025 0.033 0.036 0.038 0.038 0.038 0.039 0.045 0.061 0.075 0.079 0.077 0.067 0.042 0.019 0.008 0.003 0.001 0.001 0.000 0.000
0.115 0.115 0.112 0.104 0.089 0.065 0.044 0.034 0.033 0.040 0.064 0.110 0.172 0.235 0.289 0.327 0.346 0.355 0.357 0.360 0.382 0.449 0.529 0.563 0.566 0.555 0.553 0.594 0.650 0.658 0.630 0.535 0.363 0.249 0.207 0.194 0.193 0.202 0.226 0.263 0.297 0.315 0.318 0.295 0.224 0.136 0.078 0.044 0.024 0.013 0.008 0.006 0.006 0.006 0.008 0.015 0.027 0.033 0.035 0.037 0.038 0.039 0.042 0.049 0.066 0.075 0.077 0.074 0.060 0.033 0.014 0.006 0.003 0.001 0.000 0.000 0.000
0.069 0.068 0.064 0.057 0.045 0.030 0.021 0.017 0.019 0.028 0.053 0.099 0.161 0.228 0.283 0.319 0.341 0.354 0.362 0.368 0.390 0.458 0.547 0.586 0.588 0.574 0.575 0.621 0.666 0.665 0.617 0.488 0.315 0.224 0.194 0.188 0.190 0.206 0.236 0.275 0.308 0.323 0.325 0.300 0.226 0.133 0.074 0.040 0.021 0.012 0.008 0.006 0.006 0.006 0.009 0.018 0.028 0.032 0.034 0.036 0.038 0.041 0.044 0.054 0.069 0.075 0.075 0.069 0.051 0.025 0.011 0.004 0.002 0.001 0.000 0.000 0.000
0.040 0.038 0.034 0.029 0.020 0.013 0.009 0.008 0.011 0.020 0.042 0.080 0.136 0.206 0.265 0.301 0.325 0.347 0.365 0.382 0.410 0.477 0.571 0.616 0.619 0.609 0.618 0.669 0.697 0.685 0.611 0.442 0.275 0.202 0.182 0.180 0.187 0.211 0.251 0.292 0.322 0.335 0.336 0.310 0.232 0.134 0.071 0.037 0.019 0.011 0.007 0.006 0.006 0.006 0.010 0.020 0.028 0.031 0.034 0.037 0.040 0.043 0.047 0.058 0.071 0.074 0.073 0.064 0.041 0.019 0.008 0.003 0.001 0.000 0.000 0.000 0.000
0.021 0.020 0.017 0.013 0.008 0.005 0.004 0.004 0.006 0.014 0.031 0.062 0.108 0.172 0.237 0.282 0.317 0.348 0.378 0.406 0.440 0.505 0.602 0.656 0.667 0.666 0.685 0.735 0.749 0.719 0.605 0.397 0.246 0.187 0.172 0.172 0.184 0.217 0.269 0.312 0.339 0.350 0.347 0.317 0.235 0.133 0.068 0.034 0.017 0.010 0.007 0.006 0.006 0.007 0.012 0.022 0.028 0.031 0.034 0.038 0.042 0.046 0.051 0.062 0.071 0.073 0.071 0.058 0.033 0.014 0.006 0.002 0.001 0.000 0.000 0.000 0.000
0.011 0.010 0.008 0.005 0.003 0.002 0.001 0.002 0.004 0.009 0.022 0.046 0.085 0.142 0.209 0.267 0.313 0.357 0.399 0.437 0.476 0.534 0.627 0.694 0.720 0.733 0.765 0.806 0.806 0.743 0.578 0.354 0.227 0.178 0.166 0.168 0.184 0.225 0.286 0.329 0.353 0.360 0.354 0.318 0.231 0.128 0.063 0.030 0.015 0.009 0.007 0.006 0.006 0.008 0.015 0.024 0.028 0.031 0.035 0.040 0.045 0.049 0.054 0.065 0.072 0.073 0.068 0.051 0.024 0.010 0.004 0.002 0.001 0.000 0.000 0.000 0.000
0.005 0.004 0.003 0.002 0.001 0.001 0.001 0.001 0.002 0.006 0.015 0.033 0.064 0.113 0.179 0.249 0.309 0.365 0.420 0.471 0.518 0.570 0.647 0.728 0.781 0.822 0.868 0.893 0.869 0.757 0.536 0.323 0.217 0.175 0.164 0.166 0.185 0.233 0.301 0.343 0.362 0.364 0.354 0.310 0.216 0.115 0.055 0.026 0.014 0.009 0.007 0.007 0.007 0.010 0.017 0.024 0.028 0.032 0.037 0.044 0.049 0.053 0.057 0.068 0.072 0.072 0.063 0.040 0.018 0.007 0.003 0.001 0.000 0.000 0.000 0.000 0.000
0.002 0.002 0.001 0.001 0.001 0.001 0.001 0.001 0.001 0.003 0.009 0.021 0.045 0.085 0.145 0.222 0.298 0.364 0.427 0.492 0.554 0.612 0.676 0.762 0.852 0.919 0.960 0.966 0.913 0.753 0.493 0.302 0.211 0.175 0.165 0.168 0.189 0.243 0.316 0.356 0.370 0.368 0.347 0.291 0.191 0.098 0.046 0.022 0.012 0.009 0.007 0.007 0.008 0.012 0.020 0.025 0.029 0.033 0.041 0.049 0.053 0.057 0.061 0.070 0.072 0.069 0.055 0.030 0.012 0.005 0.002 0.001 0.000 0.000 0.000 0.000 0.000
0.001 0.001 0.001 0.001 0.000 0.000 0.000 0.000 0.001 0.002 0.005 0.013 0.029 0.059 0.110 0.186 0.275 0.354 0.425 0.497 0.573 0.646 0.718 0.805 0.913 0.990 1.019 1.009 0.925 0.718 0.448 0.285 0.208 0.177 0.170 0.173 0.197 0.257 0.331 0.367 0.375 0.370 0.340 0.272 0.167 0.082 0.037 0.018 0.011 0.009 0.008 0.008 0.010 0.014 0.021 0.026 0.030 0.036 0.047 0.056 0.060 0.063 0.067 0.073 0.073 0.066 0.047 0.021 0.009 0.003 0.001 0.000 0.000 0.000 0.000 0.000 0.000
0.000 0.000 0.000 0.000 0.000 0.000 0.000 0.000 0.001 0.001 0.003 0.007 0.018 0.039 0.078 0.143 0.232 0.323 0.409 0.492 0.577 0.666 0.759 0.861 0.971 1.043 1.062 1.034 0.911 0.663 0.411 0.273 0.208 0.183 0.178 0.182 0.208 0.274 0.345 0.376 0.380 0.370 0.333 0.255 0.144 0.067 0.030 0.015 0.010 0.009 0.008 0.009 0.011 0.016 0.022 0.026 0.030 0.039 0.054 0.065 0.069 0.071 0.075 0.077 0.073 0.061 0.036 0.015 0.005 0.002 0.001 0.000 0.000 0.000 0.000 0.000 0.000
0.000 0.000 0.000 0.001 0.000 0.000 0.000 0.000 0.000 0.001 0.001 0.004 0.010 0.024 0.052 0.100 0.173 0.266 0.366 0.466 0.566 0.674 0.792 0.922 1.037 1.098 1.106 1.060 0.908 0.634 0.393 0.266 0.209 0.187 0.183 0.188 0.216 0.284 0.355 0.385 0.388 0.374 0.329 0.240 0.126 0.057 0.026 0.014 0.010 0.009 0.009 0.010 0.013 0.018 0.022 0.026 0.032 0.043 0.063 0.076 0.080 0.080 0.081 0.079 0.070 0.051 0.025 0.010 0.004 0.001 0.000 0.000 0.000 0.000 0.000 0.000 0.000
0.000 0.000 0.001 0.000 0.000 0.000 0.000 0.000 0.000 0.001 0.001 0.002 0.006 0.015 0.033 0.066 0.119 0.194 0.291 0.403 0.526 0.661 0.817 0.988 1.120 1.175 1.175 1.111 0.923 0.616 0.386 0.265 0.210 0.190 0.187 0.193 0.220 0.288 0.361 0.391 0.396 0.381 0.331 0.226 0.111 0.049 0.023 0.013 0.010 0.010 0.010 0.012 0.015 0.019 0.022 0.026 0.033 0.048 0.073 0.088 0.091 0.091 0.089 0.079 0.062 0.037 0.016 0.006 0.002 0.001 0.000 0.000 0.000 0.000 0.000 0.000 0.000
0.000 0.000 0.000 0.000 0.000 0.000 0.000 0.000 0.000 0.000 0.001 0.001 0.003 0.008 0.020 0.043 0.081 0.139 0.221 0.327 0.460 0.623 0.825 1.036 1.181 1.235 1.230 1.149 0.929 0.606 0.387 0.271 0.214 0.194 0.191 0.197 0.224 0.290 0.365 0.397 0.402 0.388 0.332 0.213 0.098 0.043 0.021 0.013 0.011 0.011 0.012 0.014 0.017 0.019 0.022 0.026 0.035 0.056 0.086 0.101 0.105 0.103 0.093 0.075 0.049 0.024 0.010 0.004 0.002 0.001 0.000 0.000 0.000 0.000 0.000 0.000 0.000
0.000 0.000 0.001 0.000 0.001 0.000 0.000 0.000 0.000 0.000 0.000 0.001 0.002 0.005 0.012 0.027 0.054 0.100 0.170 0.267 0.396 0.570 0.810 1.057 1.214 1.267 1.255 1.156 0.917 0.603 0.400 0.287 0.226 0.201 0.196 0.202 0.229 0.301 0.380 0.414 0.418 0.400 0.333 0.197 0.087 0.038 0.019 0.013 0.012 0.012 0.013 0.016 0.018 0.020 0.022 0.026 0.038 0.066 0.101 0.117 0.120 0.114 0.095 0.065 0.035 0.016 0.007 0.002 0.001 0.000 0.000 0.000 0.000 0.000 0.000 0.000 0.000
0.000 0.000 0.000 0.001 0.000 0.000 0.000 0.000 0.000 0.000 0.000 0.001 0.001 0.002 0.006 0.016 0.035 0.070 0.128 0.217 0.343 0.523 0.784 1.058 1.227 1.284 1.265 1.152 0.906 0.613 0.428 0.317 0.248 0.213 0.204 0.208 0.239 0.324 0.409 0.440 0.443 0.418 0.332 0.179 0.076 0.033 0.018 0.014 0.014 0.014 0.015 0.017 0.019 0.020 0.023 0.028 0.043 0.078 0.117 0.132 0.132 0.120 0.090 0.052 0.025 0.010 0.004 0.001 0.000 0.000 0.000 0.000 0.000 0.000 0.000 0.000 0.000
0.000 0.000 0.000 0.001 0.000 0.000 0.000 0.000 0.000 0.000 0.000 0.000 0.001 0.001 0.003 0.009 0.021 0.046 0.092 0.172 0.296 0.483 0.764 1.059 1.234 1.289 1.267 1.148 0.903 0.631 0.459 0.347 0.274 0.233 0.218 0.219 0.252 0.346 0.436 0.466 0.464 0.427 0.315 0.154 0.064 0.029 0.018 0.015 0.015 0.015 0.015 0.017 0.019 0.021 0.024 0.032 0.053 0.094 0.132 0.144 0.141 0.122 0.082 0.040 0.017 0.007 0.002 0.001 0.000 0.000 0.000 0.000 0.000 0.000 0.000 0.000 0.000
0.000 0.000 0.000 0.000 0.000 0.000 0.000 0.000 0.000 0.000 0.000 0.000 0.001 0.001 0.001 0.004 0.011 0.027 0.061 0.129 0.249 0.444 0.748 1.058 1.228 1.272 1.246 1.136 0.915 0.659 0.488 0.374 0.299 0.257 0.241 0.242 0.276 0.374 0.460 0.488 0.484 0.428 0.278 0.122 0.050 0.026 0.018 0.016 0.016 0.015 0.016 0.017 0.019 0.021 0.027 0.039 0.068 0.115 0.145 0.152 0.145 0.117 0.067 0.029 0.011 0.004 0.001 0.000 0.000 0.000 0.000 0.000 0.000 0.000 0.000 0.000 0.000
0.000 0.000 0.000 0.001 0.000 0.000 0.000 0.000 0.000 0.000 0.000 0.000 0.000 0.001 0.001 0.002 0.005 0.014 0.036 0.087 0.193 0.386 0.696 1.018 1.188 1.228 1.213 1.132 0.955 0.716 0.531 0.406 0.327 0.283 0.269 0.272 0.313 0.412 0.487 0.506 0.495 0.412 0.228 0.092 0.041 0.024 0.019 0.017 0.016 0.016 0.016 0.017 0.019 0.023 0.031 0.050 0.090 0.137 0.156 0.157 0.142 0.102 0.049 0.019 0.007 0.002 0.001 0.000 0.000 0.000 0.000 0.000 0.000 0.000 0.000 0.000 0.000
0.000 0.000 0.000 0.000 0.000 0.000 0.000 0.000 0.000 0.000 0.000 0.000 0.000 0.000 0.001 0.001 0.002 0.007 0.019 0.050 0.124 0.282 0.560 0.905 1.126 1.210 1.214 1.163 1.027 0.803 0.588 0.446 0.361 0.318 0.305 0.313 0.363 0.459 0.515 0.524 0.496 0.369 0.173 0.071 0.035 0.025 0.021 0.019 0.018 0.017 0.017 0.018 0.021 0.027 0.040 0.068 0.119 0.155 0.164 0.158 0.129 0.073 0.029 0.010 0.003 0.001 0.000 0.000 0.000 0.000 0.000 0.000 0.000 0.000 0.000 0.000 0.000
0.000 0.000 0.000 0.000 0.000 0.000 0.000 0.000 0.000 0.000 0.000 0.001 0.000 0.000 0.000 0.001 0.001 0.003 0.009 0.025 0.067 0.167 0.376 0.722 1.040 1.203 1.246 1.225 1.127 0.920 0.662 0.495 0.405 0.365 0.356 0.370 0.428 0.512 0.549 0.550 0.493 0.313 0.134 0.059 0.034 0.026 0.023 0.021 0.020 0.019 0.019 0.020 0.024 0.034 0.055 0.098 0.150 0.170 0.170 0.151 0.098 0.042 0.016 0.005 0.002 0.001 0.000 0.000 0.000 0.000 0.000 0.000 0.000 0.000 0.000 0.000 0.000
0.000 0.000 0.001 0.000 0.001 0.000 0.000 0.000 0.000 0.000 0.000 0.001 0.001 0.000 0.000 0.001 0.001 0.001 0.003 0.011 0.033 0.091 0.230 0.512 0.896 1.170 1.294 1.316 1.261 1.087 0.799 0.583 0.472 0.429 0.423 0.444 0.510 0.578 0.600 0.587 0.482 0.263 0.113 0.054 0.035 0.028 0.025 0.024 0.023 0.022 0.022 0.024 0.029 0.044 0.076 0.134 0.174 0.183 0.173 0.133 0.067 0.025 0.008 0.003 0.001 0.000 0.000 0.000 0.000 0.000 0.000 0.000 0.000 0.000 0.000 0.000 0.000
