RESULTS/r.avaflow_results/22_results/22_ascii/22_hflow0006.asc
ncols 506
nrows 317
xllcenter 498237.50
yllcenter 5580050.00
cellsize 12.50
NODATA_value -9999.000
[rows 204 to 237 of 317, columns 77 to 153 of 506]
0.038 0.050 0.066 0.089 0.124 0.184 0.284 0.454 0.725 1.102 1.531 1.949 2.451 3.136 3.541 3.663 3.642 3.346 2.654 2.017 1.625 1.358 1.156 1.013 0.950 0.944 0.962 1.021 1.157 1.441 1.843 2.075 2.158 2.170 2.130 1.964 1.600 1.295 1.181 1.159 1.164 1.186 1.194 1.166 1.065 0.853 0.594 0.430 0.333 0.270 0.218 0.173 0.136 0.113 0.102 0.100 0.104 0.126 0.184 0.282 0.349 0.383 0.405 0.424 0.451 0.502 0.589 0.728 0.925 1.098 1.210 1.295 1.370 1.403 1.355 1.149 0.799
0.053 0.070 0.093 0.128 0.184 0.276 0.426 0.657 0.975 1.332 1.662 1.967 2.354 2.831 3.114 3.232 3.230 2.957 2.338 1.845 1.543 1.310 1.116 0.978 0.919 0.915 0.937 0.996 1.131 1.431 1.838 2.058 2.118 2.116 2.052 1.837 1.468 1.222 1.135 1.129 1.150 1.176 1.178 1.146 1.033 0.803 0.557 0.409 0.320 0.261 0.213 0.169 0.131 0.108 0.099 0.097 0.102 0.126 0.189 0.292 0.355 0.384 0.404 0.426 0.460 0.516 0.603 0.743 0.954 1.116 1.211 1.272 1.297 1.242 1.038 0.698 0.413
0.074 0.096 0.130 0.184 0.269 0.403 0.601 0.874 1.206 1.503 1.738 1.952 2.200 2.532 2.826 2.945 2.910 2.614 2.067 1.697 1.476 1.284 1.099 0.972 0.924 0.920 0.939 0.998 1.145 1.471 1.838 2.006 2.053 2.047 1.953 1.692 1.347 1.161 1.095 1.087 1.115 1.147 1.146 1.096 0.955 0.709 0.494 0.375 0.304 0.249 0.201 0.158 0.123 0.102 0.095 0.094 0.102 0.132 0.204 0.312 0.372 0.395 0.412 0.434 0.471 0.525 0.604 0.733 0.944 1.091 1.140 1.139 1.084 0.928 0.661 0.406 0.251
0.103 0.133 0.182 0.261 0.382 0.557 0.791 1.083 1.390 1.621 1.778 1.924 2.095 2.335 2.575 2.666 2.629 2.364 1.892 1.591 1.414 1.265 1.099 0.980 0.950 0.952 0.959 1.004 1.169 1.527 1.832 1.950 1.979 1.968 1.852 1.569 1.264 1.108 1.061 1.066 1.098 1.117 1.108 1.044 0.883 0.634 0.451 0.347 0.281 0.232 0.188 0.147 0.115 0.097 0.092 0.093 0.104 0.143 0.228 0.336 0.390 0.408 0.420 0.441 0.475 0.526 0.596 0.702 0.872 0.972 0.983 0.958 0.875 0.696 0.448 0.272 0.173
0.145 0.187 0.256 0.365 0.521 0.726 0.982 1.274 1.536 1.709 1.804 1.880 1.974 2.132 2.304 2.379 2.362 2.146 1.749 1.512 1.374 1.255 1.118 1.005 0.964 0.961 0.969 1.019 1.198 1.571 1.826 1.913 1.926 1.872 1.703 1.423 1.183 1.060 1.026 1.037 1.081 1.097 1.084 1.012 0.839 0.593 0.429 0.334 0.274 0.226 0.182 0.140 0.109 0.094 0.090 0.092 0.108 0.156 0.254 0.352 0.396 0.410 0.420 0.436 0.464 0.502 0.564 0.682 0.815 0.868 0.871 0.838 0.730 0.527 0.319 0.198 0.126
0.208 0.268 0.359 0.495 0.682 0.910 1.167 1.431 1.641 1.765 1.818 1.847 1.881 1.962 2.087 2.166 2.163 1.982 1.638 1.442 1.343 1.254 1.140 1.037 0.983 0.968 0.976 1.047 1.271 1.625 1.814 1.869 1.867 1.776 1.567 1.303 1.112 1.018 0.997 1.015 1.071 1.097 1.084 1.000 0.808 0.567 0.418 0.332 0.274 0.225 0.177 0.133 0.102 0.090 0.088 0.092 0.115 0.174 0.277 0.362 0.398 0.408 0.412 0.414 0.421 0.442 0.518 0.671 0.778 0.806 0.800 0.747 0.611 0.400 0.239 0.151 0.095
0.302 0.385 0.501 0.665 0.885 1.119 1.344 1.546 1.697 1.777 1.804 1.807 1.802 1.813 1.883 1.983 1.996 1.836 1.541 1.384 1.310 1.251 1.167 1.070 1.013 0.991 0.998 1.077 1.337 1.665 1.807 1.834 1.796 1.654 1.429 1.209 1.050 0.976 0.966 0.996 1.066 1.091 1.076 0.991 0.788 0.552 0.415 0.332 0.274 0.224 0.172 0.126 0.096 0.086 0.086 0.093 0.124 0.195 0.296 0.362 0.390 0.393 0.383 0.375 0.376 0.407 0.504 0.663 0.739 0.751 0.736 0.664 0.498 0.299 0.183 0.117 0.072
0.398 0.504 0.650 0.865 1.120 1.322 1.486 1.624 1.710 1.746 1.747 1.735 1.712 1.698 1.726 1.822 1.840 1.693 1.447 1.332 1.284 1.242 1.188 1.108 1.041 1.017 1.023 1.102 1.382 1.691 1.798 1.813 1.740 1.537 1.299 1.114 0.986 0.932 0.930 0.972 1.071 1.119 1.109 1.013 0.784 0.550 0.418 0.338 0.279 0.224 0.167 0.118 0.092 0.083 0.084 0.095 0.132 0.215 0.304 0.347 0.357 0.350 0.336 0.332 0.341 0.391 0.513 0.642 0.683 0.681 0.647 0.551 0.379 0.227 0.143 0.091 0.054
0.459 0.578 0.749 1.017 1.297 1.468 1.572 1.649 1.690 1.701 1.700 1.685 1.634 1.598 1.614 1.690 1.697 1.558 1.363 1.281 1.258 1.241 1.213 1.161 1.086 1.048 1.051 1.136 1.420 1.706 1.793 1.782 1.669 1.434 1.209 1.037 0.928 0.887 0.891 0.952 1.088 1.160 1.154 1.041 0.782 0.549 0.423 0.342 0.279 0.219 0.157 0.108 0.085 0.080 0.081 0.096 0.141 0.230 0.302 0.324 0.324 0.311 0.299 0.299 0.318 0.384 0.524 0.612 0.621 0.606 0.554 0.448 0.296 0.181 0.113 0.070 0.040
0.483 0.607 0.793 1.099 1.392 1.539 1.601 1.633 1.649 1.657 1.663 1.648 1.577 1.525 1.538 1.592 1.580 1.443 1.294 1.240 1.233 1.245 1.244 1.218 1.151 1.100 1.101 1.198 1.479 1.709 1.779 1.761 1.612 1.348 1.134 0.977 0.885 0.857 0.862 0.925 1.067 1.141 1.132 1.013 0.747 0.523 0.405 0.325 0.261 0.199 0.138 0.094 0.077 0.074 0.077 0.095 0.147 0.237 0.287 0.297 0.293 0.279 0.270 0.273 0.302 0.393 0.530 0.588 0.594 0.573 0.507 0.385 0.241 0.146 0.089 0.052 0.028
0.483 0.606 0.798 1.120 1.413 1.547 1.587 1.595 1.593 1.595 1.601 1.582 1.505 1.459 1.467 1.493 1.464 1.333 1.220 1.191 1.203 1.249 1.274 1.265 1.219 1.178 1.180 1.282 1.550 1.720 1.757 1.724 1.552 1.270 1.064 0.925 0.853 0.835 0.845 0.899 1.016 1.081 1.079 0.969 0.712 0.493 0.374 0.292 0.228 0.168 0.115 0.082 0.069 0.068 0.073 0.095 0.156 0.235 0.266 0.269 0.264 0.254 0.249 0.255 0.295 0.410 0.537 0.571 0.569 0.540 0.463 0.329 0.198 0.118 0.069 0.038 0.020
0.452 0.570 0.763 1.087 1.357 1.472 1.501 1.508 1.517 1.524 1.528 1.505 1.433 1.400 1.399 1.403 1.373 1.265 1.180 1.165 1.187 1.260 1.310 1.315 1.285 1.247 1.252 1.361 1.609 1.733 1.748 1.685 1.475 1.198 1.009 0.884 0.828 0.820 0.838 0.902 1.010 1.064 1.063 0.964 0.720 0.494 0.362 0.271 0.200 0.141 0.096 0.072 0.063 0.062 0.068 0.095 0.164 0.228 0.246 0.247 0.240 0.231 0.231 0.246 0.297 0.423 0.536 0.560 0.551 0.510 0.419 0.279 0.163 0.094 0.052 0.028 0.014
0.359 0.459 0.633 0.911 1.118 1.208 1.259 1.317 1.390 1.438 1.453 1.436 1.377 1.350 1.349 1.350 1.321 1.237 1.164 1.146 1.169 1.256 1.336 1.356 1.343 1.319 1.329 1.439 1.650 1.742 1.743 1.649 1.401 1.129 0.958 0.855 0.811 0.808 0.830 0.899 1.002 1.053 1.052 0.959 0.731 0.501 0.354 0.250 0.174 0.116 0.079 0.061 0.056 0.056 0.063 0.094 0.166 0.214 0.226 0.226 0.223 0.218 0.220 0.240 0.297 0.426 0.523 0.543 0.534 0.485 0.378 0.232 0.131 0.073 0.039 0.019 0.009
0.215 0.284 0.407 0.602 0.772 0.886 0.981 1.077 1.193 1.297 1.351 1.355 1.327 1.307 1.308 1.312 1.291 1.230 1.163 1.142 1.165 1.262 1.366 1.404 1.405 1.391 1.400 1.513 1.688 1.746 1.735 1.612 1.324 1.054 0.904 0.824 0.795 0.801 0.833 0.903 1.002 1.050 1.050 0.966 0.756 0.518 0.353 0.237 0.154 0.098 0.067 0.053 0.050 0.050 0.060 0.097 0.163 0.197 0.207 0.210 0.210 0.211 0.216 0.240 0.301 0.426 0.500 0.513 0.504 0.452 0.331 0.185 0.101 0.055 0.028 0.013 0.006
0.139 0.193 0.285 0.432 0.595 0.722 0.822 0.910 0.994 1.086 1.177 1.238 1.262 1.272 1.284 1.291 1.280 1.236 1.169 1.146 1.169 1.271 1.403 1.455 1.458 1.437 1.444 1.565 1.720 1.752 1.711 1.544 1.222 0.962 0.842 0.793 0.780 0.795 0.839 0.916 1.009 1.054 1.056 0.988 0.805 0.549 0.355 0.225 0.137 0.085 0.058 0.047 0.044 0.045 0.059 0.103 0.159 0.185 0.195 0.200 0.204 0.210 0.220 0.249 0.323 0.433 0.480 0.488 0.471 0.402 0.266 0.140 0.075 0.040 0.020 0.009 0.004
0.106 0.150 0.224 0.345 0.490 0.606 0.698 0.774 0.841 0.907 0.980 1.070 1.161 1.225 1.264 1.284 1.284 1.263 1.209 1.175 1.191 1.289 1.441 1.507 1.505 1.476 1.489 1.618 1.744 1.758 1.677 1.443 1.092 0.868 0.783 0.760 0.763 0.798 0.863 0.951 1.041 1.081 1.081 1.014 0.825 0.552 0.344 0.208 0.123 0.075 0.052 0.043 0.040 0.043 0.060 0.110 0.156 0.173 0.183 0.192 0.201 0.212 0.229 0.263 0.347 0.438 0.464 0.463 0.431 0.342 0.202 0.105 0.055 0.028 0.014 0.006 0.003
0.084 0.121 0.184 0.285 0.411 0.510 0.589 0.653 0.708 0.762 0.828 0.913 1.022 1.139 1.220 1.269 1.303 1.313 1.280 1.239 1.248 1.335 1.493 1.571 1.574 1.554 1.587 1.725 1.806 1.794 1.665 1.350 0.975 0.786 0.728 0.720 0.740 0.804 0.900 0.996 1.074 1.107 1.103 1.028 0.833 0.549 0.331 0.192 0.111 0.068 0.048 0.040 0.038 0.042 0.064 0.116 0.150 0.165 0.176 0.188 0.203 0.218 0.238 0.276 0.364 0.439 0.453 0.443 0.394 0.284 0.153 0.077 0.039 0.020 0.009 0.004 0.002
0.069 0.099 0.152 0.238 0.347 0.432 0.495 0.546 0.591 0.638 0.701 0.786 0.891 1.020 1.140 1.235 1.313 1.363 1.373 1.350 1.351 1.416 1.564 1.663 1.684 1.684 1.737 1.870 1.914 1.868 1.664 1.255 0.884 0.723 0.680 0.681 0.720 0.820 0.941 1.035 1.103 1.130 1.122 1.042 0.841 0.547 0.318 0.177 0.100 0.062 0.045 0.038 0.037 0.043 0.071 0.120 0.143 0.157 0.171 0.188 0.208 0.227 0.249 0.289 0.378 0.435 0.444 0.426 0.354 0.222 0.112 0.056 0.028 0.014 0.006 0.003 0.001
0.057 0.082 0.126 0.199 0.293 0.364 0.414 0.454 0.490 0.533 0.595 0.683 0.788 0.914 1.060 1.189 1.290 1.373 1.430 1.451 1.462 1.514 1.639 1.751 1.800 1.830 1.913 2.020 2.033 1.927 1.626 1.157 0.824 0.685 0.648 0.654 0.708 0.839 0.986 1.079 1.138 1.155 1.137 1.043 0.834 0.529 0.297 0.160 0.089 0.057 0.043 0.038 0.037 0.046 0.080 0.122 0.140 0.154 0.170 0.192 0.215 0.236 0.258 0.302 0.390 0.429 0.431 0.399 0.300 0.162 0.080 0.040 0.020 0.009 0.004 0.001 0.001
0.048 0.068 0.105 0.165 0.244 0.304 0.345 0.376 0.406 0.447 0.512 0.597 0.689 0.805 0.966 1.126 1.253 1.373 1.487 1.557 1.587 1.627 1.713 1.829 1.931 2.024 2.138 2.203 2.172 1.973 1.558 1.074 0.788 0.665 0.633 0.641 0.704 0.853 1.020 1.116 1.158 1.164 1.132 1.019 0.789 0.484 0.264 0.139 0.079 0.053 0.042 0.038 0.039 0.051 0.089 0.121 0.137 0.152 0.174 0.203 0.225 0.244 0.265 0.315 0.394 0.419 0.412 0.358 0.233 0.114 0.056 0.028 0.014 0.006 0.003 0.001 0.001
0.040 0.057 0.086 0.135 0.202 0.253 0.286 0.312 0.338 0.377 0.440 0.517 0.594 0.690 0.841 1.033 1.209 1.371 1.529 1.658 1.728 1.763 1.812 1.917 2.091 2.241 2.335 2.356 2.270 1.977 1.473 1.015 0.765 0.657 0.628 0.638 0.706 0.872 1.049 1.137 1.166 1.160 1.102 0.957 0.711 0.422 0.224 0.117 0.069 0.049 0.041 0.039 0.042 0.059 0.095 0.119 0.135 0.154 0.185 0.218 0.240 0.256 0.275 0.328 0.392 0.404 0.384 0.301 0.166 0.079 0.039 0.019 0.009 0.004 0.002 0.001 0.000
0.033 0.047 0.070 0.109 0.165 0.209 0.236 0.256 0.279 0.314 0.371 0.442 0.510 0.591 0.724 0.929 1.149 1.349 1.542 1.718 1.838 1.898 1.947 2.047 2.245 2.404 2.463 2.451 2.299 1.912 1.365 0.962 0.750 0.655 0.630 0.644 0.724 0.902 1.074 1.151 1.168 1.150 1.065 0.894 0.630 0.355 0.182 0.096 0.060 0.046 0.041 0.041 0.046 0.066 0.098 0.118 0.134 0.159 0.203 0.242 0.262 0.276 0.296 0.352 0.394 0.393 0.351 0.236 0.113 0.054 0.026 0.012 0.006 0.003 0.001 0.000 0.000
0.028 0.039 0.057 0.088 0.133 0.172 0.195 0.212 0.230 0.261 0.313 0.377 0.436 0.503 0.618 0.815 1.054 1.284 1.514 1.731 1.900 2.006 2.085 2.200 2.394 2.524 2.558 2.505 2.269 1.799 1.265 0.923 0.739 0.660 0.643 0.661 0.753 0.942 1.101 1.165 1.171 1.136 1.034 0.841 0.555 0.296 0.147 0.079 0.052 0.043 0.041 0.043 0.051 0.073 0.097 0.115 0.134 0.168 0.228 0.274 0.294 0.305 0.324 0.372 0.391 0.376 0.302 0.169 0.077 0.036 0.017 0.008 0.003 0.001 0.001 0.000 0.000
0.023 0.032 0.047 0.072 0.109 0.142 0.162 0.176 0.192 0.219 0.266 0.326 0.375 0.428 0.517 0.679 0.906 1.154 1.417 1.684 1.912 2.080 2.208 2.356 2.554 2.652 2.660 2.562 2.266 1.746 1.220 0.897 0.730 0.664 0.651 0.672 0.767 0.960 1.116 1.175 1.178 1.135 1.014 0.800 0.495 0.252 0.123 0.068 0.048 0.042 0.041 0.045 0.057 0.076 0.095 0.111 0.133 0.178 0.255 0.310 0.330 0.340 0.356 0.380 0.379 0.337 0.229 0.111 0.051 0.023 0.011 0.005 0.002 0.001 0.000 0.000 0.000
0.019 0.026 0.039 0.060 0.090 0.118 0.134 0.147 0.161 0.185 0.228 0.282 0.325 0.365 0.424 0.533 0.712 0.948 1.223 1.534 1.850 2.111 2.324 2.548 2.761 2.845 2.830 2.681 2.309 1.720 1.202 0.887 0.725 0.665 0.656 0.677 0.769 0.960 1.117 1.176 1.181 1.138 1.009 0.766 0.442 0.217 0.107 0.062 0.046 0.042 0.043 0.049 0.062 0.077 0.090 0.105 0.132 0.190 0.285 0.348 0.369 0.374 0.381 0.376 0.346 0.269 0.153 0.072 0.033 0.015 0.006 0.002 0.001 0.000 0.000 0.000 0.000
0.015 0.022 0.032 0.049 0.075 0.099 0.113 0.124 0.137 0.157 0.193 0.244 0.282 0.313 0.349 0.418 0.549 0.754 1.018 1.335 1.706 2.078 2.402 2.702 2.924 2.998 2.972 2.782 2.345 1.704 1.201 0.891 0.727 0.667 0.659 0.681 0.767 0.952 1.114 1.175 1.180 1.140 1.007 0.736 0.396 0.189 0.094 0.058 0.046 0.044 0.046 0.053 0.065 0.075 0.086 0.102 0.135 0.207 0.322 0.393 0.413 0.412 0.397 0.360 0.293 0.191 0.097 0.046 0.021 0.009 0.004 0.002 0.001 0.000 0.000 0.000 0.000
0.013 0.018 0.027 0.041 0.062 0.082 0.096 0.106 0.118 0.135 0.163 0.209 0.246 0.269 0.291 0.331 0.424 0.600 0.858 1.173 1.542 1.994 2.434 2.787 3.020 3.084 3.041 2.816 2.337 1.695 1.221 0.918 0.746 0.676 0.664 0.683 0.770 0.963 1.134 1.200 1.205 1.160 1.013 0.705 0.357 0.166 0.084 0.055 0.047 0.046 0.049 0.056 0.065 0.073 0.083 0.100 0.141 0.233 0.368 0.438 0.452 0.439 0.397 0.323 0.225 0.127 0.063 0.028 0.012 0.005 0.002 0.001 0.000 0.000 0.000 0.000 0.000
0.010 0.015 0.022 0.033 0.050 0.069 0.081 0.091 0.101 0.115 0.138 0.178 0.214 0.232 0.244 0.263 0.323 0.463 0.704 1.023 1.411 1.899 2.420 2.824 3.073 3.139 3.086 2.832 2.323 1.712 1.277 0.985 0.799 0.704 0.677 0.689 0.781 0.999 1.187 1.254 1.258 1.201 1.022 0.664 0.315 0.143 0.075 0.053 0.049 0.049 0.051 0.057 0.065 0.072 0.081 0.102 0.152 0.267 0.413 0.474 0.480 0.453 0.383 0.275 0.164 0.085 0.039 0.016 0.007 0.003 0.001 0.001 0.000 0.000 0.000 0.000 0.000
0.009 0.012 0.018 0.027 0.041 0.057 0.068 0.077 0.086 0.098 0.117 0.152 0.187 0.201 0.206 0.214 0.246 0.344 0.553 0.879 1.306 1.852 2.425 2.856 3.107 3.170 3.109 2.837 2.316 1.747 1.351 1.069 0.874 0.759 0.713 0.716 0.808 1.048 1.247 1.309 1.303 1.220 0.994 0.587 0.264 0.118 0.066 0.052 0.049 0.049 0.052 0.057 0.063 0.070 0.082 0.109 0.173 0.310 0.449 0.496 0.493 0.452 0.359 0.224 0.117 0.054 0.022 0.009 0.003 0.001 0.001 0.000 0.000 0.000 0.000 0.000 0.000
0.007 0.010 0.015 0.022 0.033 0.046 0.057 0.065 0.072 0.082 0.099 0.130 0.162 0.175 0.178 0.179 0.191 0.247 0.406 0.723 1.198 1.825 2.448 2.885 3.112 3.161 3.091 2.820 2.331 1.803 1.417 1.135 0.941 0.825 0.777 0.778 0.870 1.113 1.300 1.356 1.341 1.223 0.913 0.468 0.201 0.095 0.060 0.051 0.049 0.049 0.050 0.054 0.060 0.069 0.086 0.125 0.213 0.366 0.475 0.503 0.494 0.437 0.314 0.169 0.077 0.032 0.012 0.004 0.002 0.001 0.000 0.000 0.000 0.000 0.000 0.000 0.000
0.006 0.008 0.012 0.018 0.026 0.037 0.047 0.054 0.060 0.069 0.083 0.110 0.140 0.153 0.155 0.153 0.154 0.178 0.274 0.531 1.014 1.719 2.417 2.869 3.076 3.108 3.043 2.811 2.408 1.925 1.512 1.210 1.007 0.892 0.850 0.858 0.962 1.199 1.353 1.388 1.358 1.192 0.779 0.349 0.151 0.080 0.058 0.051 0.048 0.048 0.049 0.052 0.059 0.071 0.095 0.152 0.273 0.419 0.488 0.500 0.479 0.392 0.235 0.108 0.044 0.017 0.006 0.002 0.001 0.000 0.000 0.000 0.000 0.000 0.000 0.000 0.000
0.004 0.007 0.010 0.014 0.020 0.029 0.037 0.044 0.050 0.057 0.069 0.091 0.118 0.132 0.135 0.133 0.130 0.137 0.182 0.332 0.706 1.387 2.208 2.760 3.028 3.093 3.053 2.880 2.562 2.112 1.641 1.300 1.086 0.974 0.940 0.958 1.080 1.296 1.406 1.418 1.351 1.098 0.607 0.258 0.119 0.073 0.058 0.052 0.049 0.049 0.049 0.052 0.060 0.076 0.113 0.196 0.345 0.456 0.489 0.483 0.426 0.289 0.139 0.058 0.023 0.008 0.003 0.001 0.001 0.000 0.000 0.000 0.000 0.000 0.000 0.000 0.000
0.003 0.005 0.008 0.012 0.016 0.023 0.030 0.036 0.041 0.047 0.057 0.074 0.099 0.113 0.118 0.117 0.113 0.112 0.128 0.200 0.414 0.910 1.747 2.515 2.945 3.108 3.118 3.023 2.779 2.352 1.798 1.406 1.185 1.084 1.062 1.095 1.232 1.407 1.474 1.464 1.335 0.957 0.460 0.200 0.102 0.071 0.060 0.055 0.052 0.050 0.050 0.053 0.063 0.089 0.147 0.267 0.414 0.478 0.483 0.445 0.325 0.168 0.072 0.029 0.011 0.004 0.001 0.001 0.000 0.000 0.000 0.000 0.000 0.000 0.000 0.000 0.000
0.003 0.004 0.007 0.009 0.013 0.018 0.024 0.029 0.033 0.039 0.047 0.062 0.083 0.098 0.103 0.103 0.100 0.096 0.099 0.128 0.237 0.537 1.187 2.092 2.760 3.102 3.226 3.220 3.071 2.694 2.090 1.601 1.344 1.240 1.226 1.274 1.421 1.554 1.591 1.548 1.320 0.817 0.372 0.170 0.096 0.072 0.063 0.059 0.056 0.054 0.054 0.058 0.072 0.109 0.194 0.349 0.460 0.487 0.471 0.388 0.223 0.094 0.036 0.013 0.005 0.002 0.001 0.000 0.000 0.000 0.000 0.000 0.000 0.000 0.000 0.000 0.000
