RESULTS/r.avaflow_results/22_results/22_ascii/22_hflow10028.asc
ncols 506
nrows 317
xllcenter 498237.50
yllcenter 5580050.00
cellsize 12.50
NODATA_value -9999.000
[rows 170 to 203 of 317, columns 77 to 153 of 506]
0.000 0.000 0.000 0.000 0.000 0.000 0.000 0.000 0.000 0.000 0.000 0.001 0.002 0.005 0.008 0.012 0.016 0.021 0.027 0.034 0.044 0.061 0.093 0.148 0.232 0.337 0.423 0.488 0.537 0.573 0.593 0.601 0.601 0.595 0.579 0.555 0.529 0.504 0.475 0.442 0.416 0.404 0.414 0.493 0.718 1.118 1.644 2.238 2.896 3.684 4.709 5.996 7.260 8.174 8.649 8.772 8.777 8.793 8.803 8.789 8.744 8.595 8.269 7.765 7.128 6.410 5.727 5.123 4.589 4.115 3.694 3.324 2.996 2.700 2.430 2.177 1.940
0.000 0.000 0.000 0.000 0.000 0.000 0.000 0.000 0.000 0.001 0.002 0.004 0.007 0.012 0.018 0.026 0.035 0.045 0.056 0.071 0.090 0.121 0.171 0.247 0.351 0.460 0.545 0.611 0.661 0.694 0.711 0.716 0.713 0.699 0.676 0.656 0.640 0.622 0.594 0.563 0.547 0.554 0.631 0.881 1.383 2.097 2.898 3.730 4.638 5.633 6.669 7.690 8.501 8.974 9.105 9.041 8.975 8.947 8.926 8.885 8.805 8.613 8.257 7.749 7.121 6.413 5.728 5.129 4.601 4.141 3.742 3.395 3.092 2.824 2.582 2.362 2.163
0.000 0.000 0.000 0.000 0.000 0.000 0.000 0.000 0.001 0.002 0.004 0.008 0.015 0.023 0.034 0.047 0.062 0.079 0.100 0.125 0.158 0.206 0.277 0.372 0.485 0.589 0.673 0.740 0.789 0.817 0.829 0.831 0.822 0.795 0.762 0.746 0.739 0.733 0.720 0.706 0.720 0.804 1.064 1.626 2.504 3.533 4.538 5.523 6.487 7.387 8.184 8.808 9.174 9.274 9.180 9.060 8.992 8.949 8.907 8.847 8.736 8.519 8.169 7.687 7.090 6.404 5.722 5.124 4.604 4.158 3.774 3.444 3.158 2.911 2.696 2.506 2.337
0.000 0.000 0.000 0.000 0.000 0.000 0.000 0.000 0.001 0.004 0.008 0.015 0.025 0.038 0.054 0.073 0.096 0.123 0.155 0.194 0.245 0.312 0.402 0.512 0.626 0.727 0.811 0.875 0.919 0.941 0.947 0.945 0.927 0.884 0.840 0.821 0.818 0.823 0.840 0.877 0.980 1.259 1.852 2.839 4.116 5.320 6.308 7.174 7.966 8.651 9.164 9.438 9.480 9.349 9.160 9.030 8.947 8.876 8.804 8.710 8.570 8.349 8.021 7.576 7.024 6.374 5.705 5.115 4.603 4.164 3.789 3.470 3.196 2.965 2.769 2.602 2.458
0.000 0.000 0.000 0.000 0.000 0.000 0.000 0.000 0.002 0.005 0.011 0.020 0.032 0.048 0.070 0.097 0.130 0.170 0.217 0.273 0.342 0.429 0.535 0.657 0.774 0.875 0.957 1.015 1.050 1.064 1.066 1.058 1.029 0.968 0.907 0.881 0.876 0.887 0.937 1.066 1.363 1.986 3.054 4.525 5.932 6.991 7.797 8.462 9.014 9.426 9.657 9.689 9.558 9.319 9.107 8.966 8.855 8.752 8.644 8.516 8.352 8.126 7.818 7.414 6.911 6.316 5.673 5.096 4.595 4.162 3.791 3.477 3.212 2.992 2.809 2.657 2.527
0.000 0.000 0.000 0.000 0.000 0.000 0.000 0.000 0.002 0.006 0.012 0.022 0.036 0.056 0.082 0.115 0.158 0.211 0.276 0.353 0.443 0.550 0.677 0.813 0.934 1.034 1.109 1.158 1.183 1.190 1.188 1.173 1.132 1.052 0.967 0.926 0.918 0.930 1.000 1.209 1.735 2.794 4.414 6.153 7.444 8.335 8.934 9.352 9.647 9.802 9.820 9.722 9.524 9.256 9.027 8.856 8.714 8.583 8.448 8.292 8.107 7.874 7.578 7.207 6.752 6.215 5.612 5.055 4.570 4.147 3.783 3.474 3.214 3.000 2.824 2.681 2.556
0.000 0.000 0.000 0.000 0.000 0.000 0.000 0.000 0.002 0.006 0.013 0.023 0.039 0.060 0.089 0.128 0.179 0.244 0.326 0.426 0.544 0.681 0.835 0.983 1.106 1.200 1.264 1.302 1.318 1.320 1.314 1.291 1.237 1.137 1.022 0.963 0.949 0.960 1.034 1.279 1.952 3.352 5.453 7.363 8.612 9.346 9.715 9.883 9.956 9.926 9.827 9.664 9.436 9.159 8.913 8.705 8.531 8.377 8.219 8.045 7.839 7.598 7.307 6.957 6.542 6.059 5.509 4.977 4.511 4.105 3.754 3.455 3.204 2.996 2.825 2.684 2.564
0.000 0.000 0.000 0.000 0.000 0.000 0.000 0.000 0.002 0.006 0.013 0.023 0.039 0.062 0.093 0.135 0.191 0.266 0.364 0.488 0.640 0.816 0.997 1.155 1.279 1.367 1.422 1.449 1.457 1.457 1.446 1.412 1.343 1.225 1.080 0.996 0.971 0.978 1.046 1.296 2.029 3.651 6.129 8.220 9.453 10.020 10.178 10.172 10.080 9.935 9.763 9.556 9.303 9.019 8.756 8.519 8.312 8.132 7.955 7.764 7.542 7.293 7.002 6.665 6.280 5.838 5.339 4.843 4.406 4.023 3.691 3.409 3.171 2.974 2.811 2.676 2.561
0.000 0.000 0.000 0.000 0.000 0.000 0.000 0.000 0.002 0.006 0.012 0.023 0.039 0.062 0.094 0.137 0.196 0.277 0.388 0.536 0.722 0.941 1.144 1.311 1.438 1.525 1.575 1.597 1.602 1.598 1.581 1.537 1.454 1.318 1.141 1.027 0.984 0.984 1.045 1.292 2.028 3.750 6.495 8.766 9.978 10.395 10.422 10.308 10.106 9.879 9.648 9.401 9.122 8.828 8.548 8.288 8.056 7.851 7.650 7.439 7.208 6.947 6.649 6.317 5.951 5.545 5.095 4.649 4.249 3.897 3.591 3.330 3.112 2.931 2.781 2.656 2.551
0.000 0.000 0.000 0.000 0.000 0.000 0.000 0.000 0.001 0.005 0.011 0.021 0.036 0.060 0.092 0.136 0.196 0.279 0.397 0.561 0.781 1.048 1.278 1.453 1.583 1.671 1.720 1.739 1.743 1.739 1.717 1.665 1.571 1.419 1.210 1.059 0.992 0.983 1.034 1.267 1.987 3.730 6.616 9.039 10.248 10.567 10.532 10.340 10.069 9.778 9.491 9.199 8.890 8.581 8.284 8.007 7.755 7.527 7.304 7.072 6.822 6.542 6.236 5.905 5.554 5.180 4.781 4.392 4.038 3.725 3.453 3.222 3.029 2.869 2.736 2.624 2.529
0.000 0.000 0.000 0.000 0.000 0.000 0.000 0.000 0.001 0.004 0.008 0.017 0.030 0.052 0.083 0.127 0.187 0.272 0.391 0.562 0.803 1.120 1.398 1.586 1.716 1.803 1.853 1.873 1.877 1.872 1.848 1.793 1.691 1.526 1.292 1.099 1.002 0.979 1.013 1.216 1.892 3.612 6.557 9.099 10.345 10.628 10.553 10.304 9.974 9.621 9.278 8.938 8.599 8.275 7.965 7.671 7.402 7.153 6.908 6.655 6.380 6.080 5.761 5.428 5.092 4.751 4.407 4.079 3.779 3.511 3.279 3.083 2.920 2.784 2.669 2.574 2.492
0.000 0.000 0.000 0.000 0.000 0.000 0.000 0.000 0.001 0.002 0.005 0.010 0.019 0.036 0.062 0.101 0.156 0.235 0.350 0.523 0.778 1.135 1.485 1.707 1.837 1.922 1.973 1.995 1.999 1.995 1.972 1.916 1.812 1.642 1.395 1.157 1.022 0.981 0.996 1.152 1.746 3.357 6.287 8.981 10.328 10.627 10.515 10.199 9.802 9.390 8.990 8.606 8.248 7.911 7.590 7.286 7.001 6.731 6.467 6.191 5.892 5.569 5.226 4.888 4.568 4.267 3.984 3.719 3.477 3.260 3.073 2.914 2.783 2.673 2.580 2.502 2.436
0.000 0.000 0.000 0.000 0.000 0.000 0.000 0.000 0.000 0.001 0.002 0.004 0.009 0.017 0.032 0.057 0.097 0.157 0.252 0.410 0.669 1.068 1.512 1.801 1.947 2.027 2.076 2.101 2.107 2.104 2.085 2.034 1.935 1.772 1.527 1.249 1.069 0.997 0.999 1.109 1.576 2.979 5.771 8.599 10.099 10.487 10.368 9.997 9.524 9.042 8.602 8.199 7.829 7.486 7.162 6.852 6.554 6.265 5.981 5.683 5.365 5.012 4.646 4.308 4.008 3.747 3.522 3.322 3.140 2.977 2.836 2.716 2.617 2.532 2.461 2.404 2.356
0.000 0.000 0.000 0.000 0.000 0.000 0.000 0.000 0.000 0.000 0.001 0.002 0.003 0.006 0.012 0.023 0.041 0.071 0.125 0.237 0.469 0.888 1.444 1.842 2.035 2.116 2.162 2.189 2.198 2.197 2.183 2.144 2.061 1.915 1.690 1.396 1.166 1.052 1.031 1.102 1.446 2.570 5.049 7.905 9.529 10.045 9.989 9.644 9.131 8.592 8.114 7.697 7.331 6.996 6.679 6.370 6.066 5.763 5.459 5.142 4.800 4.435 4.085 3.770 3.494 3.257 3.062 2.904 2.776 2.665 2.568 2.486 2.416 2.356 2.310 2.276 2.252
0.000 0.000 0.000 0.000 0.000 0.000 0.000 0.000 0.000 0.000 0.000 0.001 0.001 0.002 0.004 0.008 0.014 0.026 0.050 0.107 0.256 0.621 1.246 1.797 2.080 2.185 2.231 2.259 2.273 2.275 2.267 2.240 2.179 2.068 1.883 1.607 1.338 1.178 1.125 1.156 1.399 2.232 4.205 6.897 8.590 9.241 9.289 9.049 8.573 8.011 7.501 7.077 6.734 6.433 6.137 5.840 5.542 5.235 4.916 4.585 4.237 3.892 3.572 3.285 3.032 2.815 2.638 2.501 2.401 2.330 2.272 2.222 2.180 2.148 2.130 2.123 2.126
0.000 0.000 0.000 0.000 0.000 0.000 0.000 0.000 0.000 0.000 0.000 0.000 0.001 0.001 0.001 0.003 0.005 0.009 0.019 0.045 0.125 0.369 0.925 1.627 2.051 2.224 2.282 2.313 2.331 2.337 2.335 2.319 2.280 2.205 2.075 1.866 1.601 1.408 1.322 1.321 1.475 2.050 3.441 5.651 7.321 8.102 8.258 8.138 7.789 7.292 6.766 6.318 5.991 5.743 5.508 5.259 4.993 4.701 4.386 4.052 3.711 3.393 3.102 2.841 2.612 2.416 2.255 2.131 2.044 1.989 1.956 1.932 1.916 1.910 1.919 1.943 1.982
0.000 0.000 0.000 0.000 0.000 0.000 0.000 0.000 0.000 0.000 0.000 0.000 0.000 0.001 0.001 0.001 0.002 0.003 0.008 0.020 0.060 0.196 0.587 1.291 1.906 2.209 2.312 2.353 2.376 2.386 2.387 2.380 2.358 2.310 2.225 2.091 1.906 1.745 1.650 1.621 1.685 2.033 2.949 4.536 5.963 6.727 6.949 6.921 6.735 6.393 5.929 5.443 5.082 4.872 4.734 4.590 4.407 4.162 3.866 3.540 3.220 2.929 2.666 2.433 2.228 2.054 1.909 1.797 1.718 1.668 1.642 1.632 1.633 1.647 1.683 1.740 1.793
0.000 0.000 0.000 0.000 0.000 0.000 0.000 0.000 0.000 0.000 0.000 0.000 0.000 0.000 0.000 0.001 0.001 0.001 0.003 0.010 0.029 0.097 0.322 0.862 1.596 2.099 2.311 2.379 2.410 2.424 2.427 2.425 2.412 2.381 2.326 2.239 2.130 2.044 1.992 1.976 1.995 2.169 2.711 3.771 4.882 5.511 5.719 5.724 5.638 5.442 5.129 4.701 4.275 4.004 3.876 3.807 3.732 3.584 3.342 3.043 2.748 2.489 2.259 2.053 1.872 1.718 1.593 1.494 1.421 1.371 1.343 1.333 1.336 1.355 1.400 1.445 1.454
0.000 0.000 0.000 0.000 0.000 0.000 0.000 0.000 0.000 0.000 0.000 0.000 0.000 0.000 0.000 0.000 0.001 0.001 0.002 0.005 0.015 0.048 0.159 0.481 1.133 1.839 2.233 2.386 2.437 2.455 2.459 2.458 2.447 2.424 2.383 2.324 2.266 2.229 2.212 2.213 2.240 2.346 2.649 3.300 4.099 4.578 4.756 4.781 4.750 4.639 4.423 4.091 3.668 3.327 3.137 3.046 2.987 2.919 2.776 2.546 2.286 2.061 1.867 1.691 1.532 1.399 1.293 1.209 1.142 1.089 1.051 1.028 1.013 1.001 0.991 0.961 0.897
0.000 0.000 0.000 0.000 0.000 0.000 0.000 0.000 0.000 0.000 0.000 0.000 0.000 0.000 0.000 0.000 0.000 0.001 0.001 0.003 0.008 0.025 0.078 0.246 0.678 1.401 2.013 2.325 2.443 2.477 2.483 2.482 2.468 2.443 2.406 2.365 2.336 2.323 2.321 2.332 2.367 2.455 2.648 3.036 3.562 3.892 4.024 4.050 4.038 3.966 3.805 3.547 3.191 2.828 2.573 2.422 2.323 2.236 2.137 1.996 1.804 1.617 1.457 1.313 1.182 1.074 0.988 0.920 0.861 0.803 0.746 0.693 0.642 0.592 0.540 0.481 0.417
0.000 0.000 0.000 0.000 0.000 0.000 0.000 0.000 0.000 0.000 0.000 0.000 0.000 0.000 0.000 0.000 0.000 0.000 0.001 0.002 0.005 0.014 0.041 0.125 0.372 0.911 1.614 2.121 2.378 2.477 2.498 2.497 2.480 2.448 2.410 2.378 2.361 2.355 2.357 2.371 2.408 2.486 2.628 2.869 3.180 3.379 3.460 3.474 3.457 3.391 3.259 3.053 2.769 2.437 2.155 1.948 1.795 1.668 1.545 1.412 1.263 1.116 0.987 0.876 0.781 0.704 0.642 0.592 0.543 0.493 0.438 0.384 0.334 0.287 0.243 0.204 0.168
0.000 0.000 0.000 0.000 0.000 0.000 0.000 0.000 0.000 0.000 0.000 0.000 0.000 0.000 0.000 0.000 0.000 0.000 0.001 0.001 0.003 0.009 0.024 0.069 0.201 0.530 1.115 1.752 2.178 2.403 2.489 2.500 2.483 2.445 2.404 2.376 2.362 2.359 2.360 2.374 2.409 2.474 2.574 2.714 2.865 2.958 2.992 2.989 2.959 2.890 2.774 2.603 2.371 2.085 1.810 1.580 1.390 1.227 1.078 0.938 0.807 0.690 0.588 0.505 0.439 0.387 0.346 0.311 0.277 0.243 0.207 0.172 0.141 0.116 0.096 0.080 0.067
0.000 0.000 0.000 0.000 0.000 0.000 0.000 0.000 0.000 0.000 0.000 0.000 0.000 0.000 0.000 0.000 0.000 0.000 0.000 0.001 0.002 0.006 0.016 0.044 0.119 0.311 0.698 1.285 1.843 2.210 2.404 2.471 2.467 2.426 2.379 2.354 2.343 2.340 2.340 2.352 2.376 2.415 2.466 2.523 2.565 2.582 2.577 2.554 2.512 2.444 2.340 2.192 1.993 1.744 1.487 1.261 1.062 0.884 0.725 0.587 0.472 0.379 0.306 0.250 0.208 0.177 0.153 0.132 0.114 0.096 0.079 0.064 0.053 0.045 0.039 0.033 0.028
0.000 0.000 0.000 0.000 0.000 0.000 0.000 0.000 0.000 0.000 0.000 0.000 0.000 0.000 0.000 0.000 0.000 0.000 0.000 0.001 0.002 0.004 0.012 0.032 0.082 0.200 0.453 0.879 1.430 1.904 2.205 2.353 2.387 2.362 2.316 2.293 2.283 2.279 2.277 2.280 2.286 2.291 2.291 2.280 2.253 2.222 2.187 2.147 2.100 2.037 1.944 1.812 1.632 1.406 1.165 0.951 0.762 0.596 0.454 0.338 0.249 0.185 0.141 0.110 0.088 0.072 0.061 0.051 0.043 0.036 0.030 0.026 0.023 0.020 0.018 0.016 0.014
0.000 0.000 0.000 0.000 0.000 0.000 0.000 0.000 0.000 0.000 0.000 0.000 0.000 0.000 0.000 0.000 0.000 0.000 0.000 0.001 0.001 0.004 0.011 0.027 0.064 0.147 0.319 0.617 1.046 1.527 1.903 2.127 2.214 2.218 2.193 2.174 2.166 2.159 2.153 2.144 2.128 2.096 2.046 1.981 1.918 1.861 1.808 1.756 1.704 1.644 1.561 1.440 1.270 1.048 0.819 0.628 0.474 0.348 0.247 0.170 0.118 0.084 0.062 0.048 0.038 0.031 0.025 0.021 0.018 0.016 0.014 0.013 0.012 0.012 0.011 0.010 0.009
0.000 0.000 0.000 0.000 0.000 0.000 0.000 0.000 0.000 0.000 0.000 0.000 0.000 0.000 0.000 0.000 0.000 0.000 0.000 0.001 0.001 0.004 0.010 0.024 0.054 0.116 0.239 0.451 0.760 1.156 1.529 1.800 1.943 1.984 1.989 1.983 1.978 1.971 1.959 1.938 1.898 1.832 1.735 1.628 1.549 1.487 1.430 1.371 1.307 1.238 1.150 1.028 0.858 0.652 0.473 0.339 0.238 0.163 0.108 0.072 0.050 0.036 0.027 0.021 0.017 0.014 0.012 0.010 0.009 0.009 0.008 0.008 0.008 0.008 0.008 0.007 0.006
0.000 0.000 0.000 0.000 0.000 0.000 0.000 0.000 0.000 0.000 0.000 0.000 0.000 0.000 0.000 0.000 0.000 0.000 0.000 0.001 0.002 0.004 0.011 0.022 0.044 0.089 0.177 0.328 0.553 0.850 1.165 1.415 1.585 1.670 1.704 1.716 1.717 1.712 1.696 1.664 1.603 1.508 1.381 1.260 1.176 1.113 1.054 0.991 0.917 0.832 0.732 0.615 0.473 0.330 0.221 0.144 0.093 0.059 0.038 0.027 0.019 0.015 0.012 0.009 0.008 0.007 0.006 0.006 0.005 0.006 0.006 0.006 0.006 0.006 0.006 0.006 0.006
0.000 0.000 0.000 0.000 0.000 0.000 0.000 0.000 0.000 0.000 0.000 0.000 0.000 0.000 0.000 0.000 0.000 0.000 0.001 0.001 0.002 0.006 0.011 0.019 0.032 0.061 0.121 0.229 0.391 0.609 0.860 1.066 1.215 1.309 1.361 1.385 1.392 1.389 1.373 1.336 1.274 1.184 1.067 0.948 0.857 0.784 0.716 0.647 0.572 0.490 0.400 0.306 0.211 0.134 0.082 0.049 0.030 0.019 0.013 0.009 0.007 0.006 0.005 0.004 0.004 0.003 0.003 0.003 0.003 0.004 0.004 0.005 0.005 0.005 0.005 0.005 0.005
0.000 0.000 0.000 0.000 0.001 0.001 0.001 0.001 0.001 0.001 0.001 0.001 0.000 0.000 0.000 0.000 0.001 0.001 0.001 0.002 0.005 0.009 0.011 0.014 0.019 0.035 0.074 0.148 0.262 0.419 0.610 0.776 0.898 0.978 1.027 1.052 1.060 1.060 1.050 1.024 0.978 0.907 0.809 0.695 0.596 0.516 0.443 0.375 0.308 0.242 0.179 0.122 0.077 0.046 0.027 0.016 0.010 0.006 0.004 0.003 0.002 0.002 0.002 0.002 0.002 0.002 0.002 0.002 0.002 0.002 0.003 0.003 0.004 0.004 0.004 0.004 0.005
0.000 0.001 0.001 0.001 0.001 0.001 0.001 0.001 0.001 0.001 0.001 0.001 0.001 0.001 0.001 0.001 0.001 0.001 0.002 0.004 0.008 0.010 0.010 0.010 0.011 0.018 0.039 0.085 0.162 0.271 0.409 0.535 0.626 0.688 0.727 0.749 0.760 0.762 0.759 0.744 0.714 0.662 0.586 0.486 0.388 0.309 0.244 0.188 0.141 0.101 0.068 0.044 0.026 0.015 0.009 0.005 0.003 0.002 0.001 0.001 0.001 0.001 0.001 0.001 0.001 0.001 0.001 0.001 0.001 0.001 0.001 0.002 0.002 0.002 0.003 0.003 0.004
0.001 0.001 0.001 0.002 0.002 0.001 0.001 0.001 0.001 0.001 0.001 0.001 0.001 0.001 0.001 0.002 0.002 0.002 0.004 0.006 0.008 0.009 0.009 0.007 0.006 0.008 0.018 0.043 0.087 0.157 0.251 0.336 0.395 0.431 0.453 0.468 0.477 0.483 0.484 0.480 0.465 0.434 0.381 0.306 0.226 0.163 0.116 0.082 0.057 0.039 0.025 0.015 0.009 0.005 0.003 0.002 0.001 0.001 0.001 0.000 0.000 0.000 0.000 0.000 0.001 0.001 0.001 0.001 0.001 0.001 0.001 0.001 0.001 0.002 0.002 0.002 0.003
0.002 0.002 0.002 0.002 0.002 0.002 0.001 0.001 0.001 0.001 0.001 0.001 0.001 0.001 0.002 0.002 0.002 0.003 0.005 0.007 0.008 0.008 0.007 0.005 0.004 0.004 0.007 0.017 0.038 0.076 0.131 0.181 0.211 0.225 0.233 0.238 0.243 0.249 0.252 0.252 0.248 0.234 0.206 0.161 0.109 0.071 0.047 0.031 0.021 0.014 0.009 0.005 0.003 0.002 0.001 0.001 0.000 0.000 0.000 0.000 0.000 0.000 0.000 0.000 0.000 0.000 0.000 0.001 0.001 0.001 0.001 0.001 0.001 0.001 0.001 0.001 0.002
0.003 0.003 0.003 0.002 0.002 0.002 0.001 0.001 0.001 0.001 0.001 0.001 0.002 0.002 0.002 0.002 0.003 0.003 0.005 0.006 0.007 0.006 0.005 0.003 0.003 0.002 0.003 0.006 0.013 0.027 0.053 0.076 0.087 0.090 0.090 0.090 0.091 0.094 0.097 0.098 0.098 0.094 0.084 0.064 0.040 0.024 0.016 0.010 0.007 0.005 0.003 0.002 0.001 0.001 0.001 0.000 0.000 0.000 0.000 0.000 0.000 0.000 0.000 0.000 0.000 0.000 0.000 0.000 0.000 0.001 0.001 0.001 0.001 0.001 0.001 0.001 0.002
0.004 0.004 0.003 0.003 0.002 0.002 0.002 0.002 0.002 0.002 0.002 0.002 0.002 0.002 0.002 0.002 0.003 0.003 0.005 0.005 0.005 0.005 0.004 0.003 0.002 0.002 0.002 0.002 0.004 0.007 0.016 0.023 0.025 0.026 0.025 0.024 0.024 0.025 0.025 0.026 0.026 0.026 0.024 0.019 0.011 0.007 0.004 0.003 0.002 0.001 0.001 0.001 0.000 0.000 0.000 0.000 0.000 0.000 0.000 0.000 0.000 0.000 0.000 0.000 0.000 0.000 0.000 0.000 0.000 0.000 0.001 0.001 0.001 0.001 0.001 0.001 0.002
