RESULTS/r.avaflow_results/22_results/22_ascii/22_hflow0037.asc
ncols 506
nrows 317
xllcenter 498237.50
yllcenter 5580050.00
cellsize 12.50
NODATA_value -9999.000
[rows 170 to 203 of 317, columns 77 to 153 of 506]
0.000 0.000 0.000 0.000 0.000 0.000 0.000 0.000 0.000 0.000 0.001 0.002 0.005 0.008 0.014 0.020 0.028 0.036 0.044 0.053 0.066 0.086 0.121 0.182 0.261 0.320 0.344 0.347 0.344 0.337 0.325 0.306 0.279 0.241 0.201 0.170 0.147 0.133 0.125 0.122 0.124 0.139 0.188 0.320 0.594 1.020 1.548 2.132 2.785 3.574 4.617 5.945 7.311 8.385 9.086 9.493 9.811 10.171 10.614 11.146 11.776 12.447 13.075 13.620 13.939 14.029 13.988 13.891 13.698 13.398 13.047 12.708 12.394 12.116 11.870 11.641 11.412
0.000 0.000 0.000 0.000 0.000 0.000 0.000 0.000 0.001 0.002 0.004 0.008 0.013 0.022 0.033 0.046 0.060 0.076 0.093 0.113 0.138 0.178 0.241 0.326 0.403 0.442 0.450 0.448 0.441 0.429 0.410 0.383 0.342 0.290 0.243 0.211 0.191 0.180 0.176 0.178 0.194 0.248 0.394 0.715 1.257 1.969 2.749 3.566 4.471 5.496 6.588 7.683 8.615 9.261 9.620 9.847 10.088 10.405 10.819 11.328 11.918 12.534 13.124 13.642 13.940 14.007 13.926 13.782 13.584 13.361 13.151 12.998 12.934 12.971 13.087 13.253 13.466
0.000 0.000 0.000 0.000 0.000 0.000 0.000 0.001 0.002 0.005 0.010 0.017 0.028 0.044 0.063 0.085 0.109 0.136 0.167 0.203 0.251 0.320 0.412 0.497 0.544 0.558 0.558 0.553 0.543 0.527 0.502 0.464 0.409 0.341 0.291 0.261 0.245 0.240 0.242 0.260 0.321 0.482 0.838 1.469 2.355 3.346 4.327 5.313 6.291 7.232 8.101 8.826 9.340 9.624 9.771 9.921 10.142 10.443 10.834 11.320 11.880 12.471 13.055 13.558 13.837 13.874 13.759 13.629 13.521 13.452 13.457 13.555 13.749 14.019 14.373 14.873 15.585
0.000 0.000 0.000 0.000 0.000 0.000 0.000 0.001 0.004 0.009 0.017 0.028 0.045 0.067 0.095 0.128 0.167 0.212 0.264 0.324 0.399 0.491 0.580 0.638 0.662 0.668 0.667 0.662 0.651 0.631 0.598 0.549 0.477 0.397 0.344 0.318 0.310 0.312 0.330 0.392 0.563 0.948 1.648 2.687 3.914 5.058 6.037 6.921 7.737 8.469 9.070 9.472 9.679 9.759 9.806 9.920 10.122 10.399 10.761 11.207 11.726 12.287 12.852 13.327 13.588 13.627 13.554 13.523 13.555 13.662 13.830 14.053 14.340 14.708 15.211 15.957 17.038
0.000 0.000 0.000 0.000 0.000 0.000 0.000 0.002 0.006 0.012 0.022 0.036 0.055 0.082 0.117 0.160 0.215 0.281 0.359 0.450 0.546 0.639 0.711 0.755 0.774 0.779 0.779 0.775 0.763 0.739 0.699 0.638 0.549 0.455 0.395 0.368 0.364 0.376 0.434 0.593 0.973 1.715 2.896 4.354 5.661 6.663 7.465 8.155 8.748 9.230 9.570 9.742 9.797 9.795 9.794 9.881 10.042 10.276 10.597 10.991 11.455 11.964 12.483 12.921 13.193 13.318 13.357 13.441 13.578 13.765 13.991 14.261 14.590 15.028 15.651 16.554 17.803
0.000 0.000 0.000 0.000 0.000 0.000 0.000 0.002 0.006 0.013 0.024 0.039 0.061 0.091 0.131 0.183 0.249 0.333 0.437 0.558 0.672 0.764 0.830 0.871 0.889 0.896 0.896 0.893 0.880 0.853 0.805 0.732 0.626 0.513 0.440 0.408 0.404 0.422 0.512 0.780 1.422 2.603 4.300 5.930 7.110 7.946 8.546 9.003 9.366 9.624 9.765 9.818 9.819 9.779 9.742 9.773 9.878 10.063 10.328 10.664 11.064 11.505 11.954 12.364 12.694 12.952 13.131 13.315 13.518 13.737 13.982 14.269 14.617 15.089 15.776 16.737 17.999
0.000 0.000 0.000 0.000 0.000 0.000 0.000 0.002 0.007 0.014 0.025 0.041 0.064 0.096 0.139 0.196 0.271 0.368 0.492 0.645 0.782 0.882 0.950 0.991 1.012 1.019 1.020 1.016 1.002 0.972 0.917 0.832 0.709 0.574 0.483 0.441 0.433 0.453 0.553 0.873 1.689 3.218 5.358 7.104 8.226 8.906 9.296 9.530 9.698 9.800 9.832 9.825 9.787 9.719 9.634 9.596 9.634 9.759 9.966 10.242 10.573 10.938 11.319 11.704 12.094 12.476 12.775 13.023 13.264 13.501 13.753 14.046 14.403 14.902 15.630 16.616 17.864
0.000 0.000 0.000 0.000 0.000 0.000 0.000 0.002 0.006 0.014 0.025 0.041 0.064 0.097 0.142 0.201 0.280 0.385 0.523 0.703 0.878 0.999 1.075 1.120 1.144 1.152 1.153 1.149 1.133 1.097 1.035 0.938 0.799 0.639 0.525 0.468 0.455 0.471 0.568 0.896 1.785 3.545 6.041 7.942 9.038 9.562 9.770 9.848 9.885 9.882 9.845 9.787 9.705 9.595 9.461 9.360 9.332 9.390 9.533 9.738 9.997 10.289 10.608 10.964 11.372 11.815 12.171 12.440 12.681 12.909 13.148 13.427 13.778 14.288 15.047 16.068 17.327
0.000 0.000 0.000 0.000 0.000 0.000 0.000 0.002 0.006 0.013 0.023 0.039 0.063 0.096 0.142 0.202 0.282 0.389 0.534 0.729 0.951 1.113 1.209 1.262 1.289 1.298 1.299 1.293 1.273 1.231 1.160 1.051 0.897 0.710 0.570 0.493 0.469 0.480 0.570 0.891 1.785 3.653 6.408 8.485 9.570 9.964 10.051 10.044 9.993 9.908 9.811 9.701 9.563 9.401 9.221 9.069 8.984 8.976 9.039 9.166 9.342 9.555 9.808 10.113 10.488 10.919 11.271 11.523 11.734 11.926 12.137 12.393 12.742 13.270 14.056 15.110 16.402
0.000 0.000 0.000 0.000 0.000 0.000 0.000 0.001 0.005 0.011 0.020 0.035 0.058 0.092 0.138 0.199 0.279 0.387 0.534 0.732 0.988 1.211 1.345 1.413 1.443 1.453 1.454 1.446 1.421 1.372 1.291 1.169 1.002 0.791 0.620 0.518 0.480 0.483 0.561 0.863 1.735 3.632 6.528 8.769 9.870 10.182 10.207 10.144 10.025 9.880 9.728 9.557 9.359 9.143 8.919 8.728 8.594 8.524 8.514 8.555 8.633 8.749 8.910 9.132 9.428 9.785 10.080 10.284 10.448 10.605 10.793 11.047 11.428 12.009 12.832 13.901 15.206
0.000 0.000 0.000 0.000 0.000 0.000 0.000 0.001 0.003 0.007 0.014 0.027 0.047 0.078 0.122 0.183 0.263 0.370 0.516 0.717 0.984 1.267 1.459 1.551 1.585 1.594 1.594 1.585 1.558 1.506 1.419 1.291 1.113 0.884 0.680 0.548 0.490 0.483 0.541 0.805 1.619 3.499 6.469 8.844 9.998 10.283 10.269 10.161 9.999 9.806 9.586 9.343 9.086 8.824 8.568 8.345 8.171 8.049 7.976 7.942 7.934 7.956 8.016 8.135 8.322 8.572 8.796 8.964 9.115 9.278 9.478 9.750 10.151 10.735 11.536 12.564 13.817
0.000 0.000 0.000 0.000 0.000 0.000 0.000 0.000 0.001 0.003 0.007 0.015 0.029 0.052 0.090 0.143 0.216 0.315 0.451 0.647 0.922 1.258 1.522 1.662 1.706 1.715 1.715 1.705 1.678 1.625 1.539 1.410 1.230 0.993 0.755 0.590 0.506 0.486 0.519 0.723 1.433 3.210 6.195 8.743 10.002 10.306 10.266 10.120 9.908 9.650 9.355 9.048 8.743 8.451 8.177 7.933 7.725 7.557 7.426 7.326 7.244 7.177 7.154 7.191 7.295 7.463 7.643 7.801 7.956 8.127 8.333 8.607 8.991 9.516 10.214 11.118 12.245
0.000 0.000 0.000 0.000 0.000 0.000 0.000 0.000 0.001 0.001 0.003 0.006 0.013 0.025 0.046 0.080 0.131 0.205 0.315 0.486 0.757 1.149 1.515 1.725 1.801 1.813 1.812 1.802 1.777 1.728 1.647 1.525 1.352 1.119 0.855 0.655 0.538 0.499 0.512 0.651 1.206 2.774 5.661 8.399 9.832 10.227 10.183 9.991 9.718 9.390 9.024 8.665 8.333 8.031 7.754 7.498 7.263 7.050 6.867 6.709 6.566 6.446 6.377 6.363 6.408 6.514 6.648 6.783 6.931 7.096 7.294 7.551 7.890 8.329 8.893 9.622 10.548
0.000 0.000 0.000 0.000 0.000 0.000 0.000 0.000 0.000 0.000 0.001 0.002 0.005 0.009 0.018 0.033 0.057 0.093 0.154 0.267 0.495 0.906 1.413 1.735 1.861 1.885 1.884 1.876 1.854 1.813 1.744 1.637 1.479 1.262 0.990 0.755 0.603 0.536 0.533 0.620 1.019 2.286 4.906 7.760 9.361 9.892 9.900 9.711 9.394 8.997 8.569 8.185 7.857 7.564 7.291 7.033 6.786 6.547 6.328 6.128 5.943 5.794 5.696 5.652 5.663 5.724 5.807 5.905 6.022 6.162 6.331 6.547 6.824 7.173 7.621 8.206 8.953
0.000 0.000 0.000 0.000 0.000 0.000 0.000 0.000 0.000 0.000 0.000 0.001 0.002 0.003 0.006 0.011 0.020 0.035 0.061 0.117 0.257 0.594 1.171 1.656 1.876 1.928 1.931 1.926 1.912 1.882 1.828 1.741 1.610 1.420 1.163 0.902 0.717 0.619 0.595 0.646 0.927 1.873 4.026 6.819 8.544 9.221 9.316 9.194 8.891 8.463 7.985 7.587 7.285 7.026 6.776 6.535 6.298 6.059 5.825 5.599 5.382 5.210 5.092 5.028 5.017 5.043 5.078 5.132 5.211 5.312 5.434 5.588 5.792 6.063 6.422 6.886 7.461
0.000 0.000 0.000 0.000 0.000 0.000 0.000 0.000 0.000 0.000 0.000 0.000 0.001 0.001 0.002 0.004 0.007 0.012 0.022 0.047 0.118 0.330 0.821 1.445 1.816 1.941 1.958 1.958 1.952 1.934 1.898 1.834 1.733 1.583 1.368 1.104 0.894 0.769 0.724 0.744 0.934 1.605 3.199 5.632 7.404 8.222 8.411 8.363 8.138 7.752 7.262 6.836 6.553 6.356 6.177 5.996 5.800 5.582 5.350 5.111 4.872 4.679 4.542 4.460 4.432 4.427 4.424 4.435 4.470 4.526 4.597 4.688 4.821 5.022 5.299 5.645 6.033
0.000 0.000 0.000 0.000 0.000 0.000 0.000 0.000 0.000 0.000 0.000 0.000 0.000 0.001 0.001 0.001 0.002 0.004 0.008 0.019 0.052 0.164 0.481 1.082 1.634 1.896 1.965 1.976 1.979 1.972 1.951 1.909 1.835 1.723 1.561 1.343 1.140 1.002 0.938 0.934 1.040 1.492 2.624 4.501 6.104 6.943 7.205 7.214 7.102 6.830 6.401 5.933 5.629 5.496 5.432 5.367 5.266 5.102 4.886 4.644 4.395 4.186 4.030 3.930 3.881 3.849 3.818 3.794 3.786 3.794 3.815 3.854 3.927 4.054 4.243 4.458 4.640
0.000 0.000 0.000 0.000 0.000 0.000 0.000 0.000 0.000 0.000 0.000 0.000 0.000 0.000 0.000 0.001 0.001 0.002 0.003 0.008 0.024 0.077 0.251 0.677 1.298 1.750 1.935 1.982 1.995 1.998 1.990 1.965 1.914 1.832 1.709 1.544 1.394 1.290 1.231 1.213 1.252 1.521 2.284 3.662 5.003 5.734 5.987 6.020 5.978 5.827 5.540 5.130 4.767 4.591 4.573 4.611 4.629 4.570 4.408 4.182 3.934 3.715 3.547 3.426 3.349 3.290 3.236 3.188 3.145 3.109 3.084 3.078 3.093 3.138 3.208 3.264 3.246
0.000 0.000 0.000 0.000 0.000 0.000 0.000 0.000 0.000 0.000 0.000 0.000 0.000 0.000 0.000 0.000 0.001 0.001 0.002 0.005 0.013 0.038 0.121 0.363 0.869 1.467 1.823 1.962 2.004 2.016 2.016 2.004 1.970 1.908 1.811 1.683 1.578 1.512 1.480 1.473 1.494 1.637 2.111 3.073 4.158 4.787 5.025 5.075 5.066 4.988 4.807 4.506 4.139 3.882 3.795 3.812 3.873 3.916 3.860 3.699 3.478 3.256 3.078 2.938 2.829 2.740 2.666 2.599 2.531 2.459 2.395 2.343 2.291 2.231 2.151 2.039 1.880
0.000 0.000 0.000 0.000 0.000 0.000 0.000 0.000 0.000 0.000 0.000 0.000 0.000 0.000 0.000 0.000 0.001 0.001 0.002 0.004 0.009 0.022 0.061 0.182 0.492 1.053 1.586 1.874 1.991 2.027 2.034 2.029 2.005 1.955 1.873 1.771 1.694 1.651 1.634 1.634 1.651 1.736 2.022 2.663 3.521 4.061 4.283 4.342 4.346 4.306 4.191 3.979 3.671 3.374 3.191 3.123 3.119 3.156 3.179 3.121 2.971 2.772 2.582 2.429 2.301 2.190 2.098 2.014 1.926 1.828 1.726 1.615 1.484 1.336 1.179 1.023 0.870
0.000 0.000 0.000 0.000 0.000 0.000 0.000 0.000 0.000 0.000 0.000 0.000 0.000 0.000 0.000 0.000 0.001 0.001 0.002 0.005 0.009 0.017 0.038 0.098 0.267 0.642 1.195 1.656 1.908 2.014 2.043 2.042 2.023 1.978 1.904 1.817 1.757 1.723 1.712 1.712 1.727 1.781 1.954 2.367 3.013 3.485 3.699 3.760 3.767 3.743 3.664 3.509 3.271 2.983 2.745 2.584 2.486 2.433 2.402 2.369 2.292 2.150 1.968 1.812 1.686 1.573 1.473 1.380 1.281 1.170 1.049 0.923 0.792 0.660 0.538 0.435 0.351
0.000 0.000 0.000 0.000 0.000 0.000 0.000 0.000 0.000 0.000 0.000 0.000 0.000 0.000 0.000 0.000 0.001 0.002 0.003 0.006 0.010 0.017 0.032 0.066 0.156 0.375 0.777 1.288 1.702 1.932 2.027 2.044 2.029 1.986 1.913 1.835 1.782 1.752 1.739 1.738 1.747 1.784 1.882 2.124 2.567 2.983 3.198 3.270 3.279 3.263 3.202 3.079 2.884 2.627 2.369 2.154 1.979 1.838 1.719 1.611 1.503 1.380 1.231 1.098 0.994 0.904 0.825 0.749 0.673 0.595 0.514 0.430 0.345 0.269 0.212 0.168 0.136
0.000 0.000 0.000 0.000 0.000 0.000 0.000 0.000 0.000 0.000 0.000 0.000 0.000 0.000 0.000 0.001 0.002 0.003 0.005 0.008 0.013 0.020 0.033 0.058 0.114 0.239 0.490 0.893 1.373 1.745 1.945 2.019 2.020 1.982 1.911 1.836 1.787 1.757 1.743 1.739 1.742 1.757 1.791 1.901 2.161 2.500 2.725 2.821 2.842 2.830 2.779 2.673 2.504 2.273 2.007 1.763 1.547 1.354 1.183 1.033 0.898 0.775 0.659 0.564 0.489 0.427 0.375 0.328 0.284 0.242 0.201 0.162 0.127 0.100 0.081 0.066 0.055
0.000 0.000 0.000 0.000 0.000 0.000 0.000 0.000 0.000 0.000 0.000 0.000 0.000 0.000 0.000 0.001 0.002 0.004 0.008 0.012 0.018 0.026 0.038 0.061 0.103 0.187 0.346 0.620 1.025 1.464 1.771 1.925 1.966 1.948 1.890 1.823 1.778 1.750 1.732 1.720 1.708 1.687 1.660 1.679 1.788 2.013 2.245 2.375 2.419 2.415 2.373 2.280 2.127 1.912 1.642 1.375 1.139 0.932 0.757 0.609 0.487 0.388 0.310 0.251 0.206 0.172 0.144 0.121 0.102 0.085 0.071 0.059 0.048 0.040 0.034 0.029 0.025
0.000 0.000 0.000 0.000 0.000 0.000 0.000 0.000 0.000 0.000 0.000 0.000 0.000 0.000 0.000 0.001 0.002 0.005 0.009 0.015 0.023 0.033 0.048 0.069 0.107 0.173 0.287 0.478 0.770 1.162 1.520 1.749 1.844 1.854 1.827 1.781 1.744 1.717 1.694 1.669 1.635 1.575 1.484 1.431 1.445 1.538 1.714 1.876 1.957 1.975 1.952 1.875 1.731 1.511 1.221 0.946 0.728 0.558 0.422 0.315 0.234 0.175 0.133 0.104 0.083 0.067 0.054 0.045 0.038 0.032 0.028 0.024 0.021 0.019 0.017 0.015 0.014
0.000 0.000 0.000 0.000 0.000 0.000 0.000 0.000 0.000 0.000 0.000 0.000 0.000 0.000 0.000 0.001 0.003 0.005 0.010 0.016 0.026 0.038 0.056 0.080 0.116 0.173 0.265 0.408 0.620 0.912 1.243 1.502 1.649 1.698 1.704 1.690 1.667 1.643 1.617 1.581 1.525 1.433 1.293 1.176 1.129 1.138 1.198 1.297 1.374 1.408 1.407 1.352 1.214 0.987 0.722 0.519 0.376 0.271 0.192 0.136 0.098 0.072 0.054 0.042 0.033 0.027 0.022 0.019 0.016 0.015 0.014 0.013 0.012 0.011 0.010 0.010 0.009
0.000 0.000 0.000 0.000 0.000 0.000 0.000 0.000 0.000 0.000 0.000 0.000 0.000 0.000 0.000 0.001 0.002 0.005 0.010 0.017 0.027 0.041 0.060 0.085 0.121 0.173 0.251 0.365 0.524 0.736 0.996 1.228 1.396 1.488 1.526 1.538 1.535 1.521 1.495 1.453 1.385 1.278 1.122 0.965 0.866 0.817 0.799 0.806 0.813 0.811 0.795 0.748 0.648 0.490 0.333 0.224 0.151 0.102 0.070 0.049 0.036 0.028 0.021 0.017 0.014 0.012 0.010 0.009 0.009 0.008 0.008 0.008 0.008 0.007 0.007 0.007 0.007
0.000 0.000 0.000 0.000 0.000 0.000 0.000 0.000 0.000 0.000 0.000 0.000 0.000 0.000 0.000 0.001 0.002 0.005 0.010 0.017 0.028 0.042 0.061 0.086 0.121 0.170 0.237 0.328 0.449 0.605 0.796 0.978 1.126 1.236 1.303 1.337 1.348 1.345 1.328 1.288 1.220 1.114 0.965 0.796 0.667 0.577 0.515 0.470 0.434 0.403 0.372 0.332 0.271 0.189 0.120 0.076 0.049 0.033 0.023 0.017 0.013 0.010 0.008 0.007 0.006 0.006 0.005 0.005 0.005 0.005 0.005 0.005 0.005 0.005 0.005 0.005 0.005
0.000 0.000 0.000 0.000 0.000 0.000 0.000 0.000 0.000 0.000 0.000 0.000 0.000 0.000 0.000 0.001 0.002 0.004 0.009 0.017 0.028 0.042 0.061 0.085 0.118 0.162 0.218 0.290 0.381 0.496 0.634 0.767 0.879 0.972 1.046 1.095 1.119 1.124 1.117 1.089 1.033 0.942 0.813 0.652 0.515 0.410 0.330 0.269 0.222 0.185 0.154 0.125 0.093 0.061 0.038 0.024 0.015 0.010 0.007 0.005 0.004 0.004 0.003 0.003 0.003 0.003 0.003 0.003 0.003 0.004 0.004 0.004 0.004 0.004 0.004 0.004 0.004
0.000 0.000 0.000 0.000 0.000 0.000 0.000 0.000 0.000 0.000 0.000 0.000 0.000 0.000 0.000 0.000 0.001 0.003 0.008 0.016 0.027 0.041 0.059 0.081 0.111 0.147 0.193 0.248 0.316 0.401 0.501 0.591 0.667 0.731 0.788 0.833 0.862 0.874 0.874 0.862 0.826 0.759 0.658 0.524 0.393 0.292 0.215 0.159 0.117 0.087 0.064 0.046 0.031 0.019 0.012 0.007 0.005 0.003 0.002 0.002 0.001 0.001 0.001 0.001 0.001 0.002 0.002 0.002 0.002 0.002 0.003 0.003 0.003 0.003 0.003 0.003 0.003
0.000 0.000 0.000 0.000 0.000 0.000 0.000 0.000 0.000 0.000 0.000 0.000 0.000 0.000 0.000 0.000 0.001 0.002 0.006 0.014 0.025 0.038 0.054 0.074 0.098 0.128 0.163 0.205 0.256 0.320 0.389 0.446 0.492 0.529 0.561 0.589 0.610 0.623 0.627 0.623 0.607 0.568 0.500 0.401 0.290 0.203 0.140 0.095 0.063 0.042 0.028 0.017 0.011 0.006 0.004 0.002 0.001 0.001 0.001 0.001 0.000 0.000 0.000 0.000 0.001 0.001 0.001 0.001 0.002 0.002 0.002 0.002 0.002 0.002 0.002 0.003 0.003
0.000 0.000 0.000 0.000 0.000 0.000 0.000 0.000 0.000 0.000 0.000 0.000 0.000 0.000 0.000 0.000 0.001 0.001 0.004 0.010 0.020 0.032 0.046 0.063 0.082 0.104 0.130 0.162 0.202 0.250 0.294 0.327 0.350 0.365 0.374 0.382 0.390 0.398 0.402 0.402 0.397 0.379 0.341 0.279 0.200 0.134 0.087 0.056 0.035 0.021 0.012 0.007 0.004 0.002 0.001 0.001 0.001 0.000 0.000 0.000 0.000 0.000 0.000 0.000 0.000 0.000 0.000 0.001 0.001 0.001 0.001 0.001 0.001 0.002 0.002 0.002 0.002
0.001 0.001 0.001 0.001 0.001 0.001 0.000 0.000 0.000 0.000 0.000 0.000 0.000 0.000 0.001 0.001 0.001 0.001 0.002 0.006 0.012 0.022 0.034 0.048 0.062 0.078 0.099 0.124 0.155 0.188 0.213 0.230 0.238 0.239 0.233 0.225 0.222 0.223 0.224 0.224 0.223 0.217 0.201 0.170 0.124 0.081 0.051 0.031 0.018 0.010 0.006 0.003 0.002 0.001 0.001 0.000 0.000 0.000 0.000 0.000 0.000 0.000 0.000 0.000 0.000 0.000 0.000 0.000 0.001 0.001 0.001 0.001 0.001 0.001 0.001 0.002 0.002
0.001 0.001 0.001 0.001 0.001 0.001 0.001 0.001 0.001 0.001 0.001 0.001 0.001 0.001 0.001 0.001 0.001 0.001 0.001 0.002 0.006 0.012 0.020 0.030 0.041 0.054 0.070 0.089 0.112 0.132 0.145 0.151 0.151 0.147 0.135 0.120 0.111 0.106 0.104 0.103 0.103 0.103 0.099 0.088 0.067 0.044 0.027 0.016 0.009 0.005 0.003 0.001 0.001 0.000 0.000 0.000 0.000 0.000 0.000 0.000 0.000 0.000 0.000 0.000 0.000 0.000 0.000 0.000 0.000 0.001 0.001 0.000 0.000 0.001 0.001 0.002 0.003
