RESULTS/r.avaflow_results/22_results/22_ascii/22_hflow30040.asc
ncols 506
nrows 317
xllcenter 498237.50
yllcenter 5580050.00
cellsize 12.50
NODATA_value -9999.000
[rows 136 to 169 of 317, columns 154 to 230 of 506]
0.000 0.000 0.000 0.000 0.000 0.000 0.000 0.000 0.000 0.000 0.000 0.000 0.000 0.000 0.000 0.000 0.000 0.000 0.000 0.000 0.000 0.000 0.000 0.000 0.000 0.000 0.000 0.000 0.000 0.000 0.000 0.000 0.000 0.000 0.000 0.000 0.000 0.000 0.000 0.000 0.000 0.000 0.000 0.000 0.000 0.000 0.000 0.000 0.000 0.000 0.000 0.000 0.000 0.000 0.000 0.000 0.000 0.000 0.000 0.000 0.000 0.000 0.000 0.000 0.000 0.000 0.000 0.000 0.000 0.000 0.000 0.000 0.000 0.000 0.000 0.000 0.000
0.000 0.000 0.000 0.000 0.000 0.000 0.000 0.000 0.000 0.000 0.000 0.000 0.000 0.000 0.000 0.000 0.000 0.000 0.000 0.000 0.000 0.000 0.000 0.000 0.000 0.000 0.000 0.000 0.000 0.000 0.000 0.000 0.000 0.000 0.000 0.000 0.000 0.000 0.000 0.000 0.000 0.000 0.000 0.000 0.000 0.000 0.000 0.000 0.000 0.000 0.000 0.000 0.000 0.000 0.000 0.000 0.000 0.000 0.000 0.000 0.000 0.000 0.000 0.000 0.000 0.000 0.000 0.000 0.000 0.000 0.000 0.000 0.000 0.000 0.000 0.000 0.000
0.000 0.000 0.000 0.000 0.000 0.000 0.000 0.000 0.000 0.000 0.000 0.000 0.000 0.000 0.000 0.000 0.000 0.000 0.000 0.000 0.000 0.000 0.000 0.000 0.000 0.000 0.000 0.000 0.000 0.000 0.000 0.000 0.000 0.000 0.000 0.000 0.000 0.000 0.000 0.000 0.000 0.000 0.000 0.000 0.000 0.000 0.000 0.000 0.000 0.000 0.000 0.000 0.000 0.000 0.000 0.000 0.000 0.000 0.000 0.000 0.000 0.000 0.000 0.000 0.000 0.000 0.000 0.000 0.000 0.000 0.000 0.000 0.000 0.000 0.000 0.000 0.000
0.000 0.000 0.000 0.000 0.000 0.000 0.000 0.000 0.000 0.000 0.000 0.000 0.000 0.000 0.000 0.000 0.000 0.000 0.000 0.000 0.000 0.000 0.000 0.000 0.000 0.000 0.000 0.000 0.000 0.000 0.000 0.000 0.000 0.000 0.000 0.000 0.000 0.000 0.000 0.000 0.000 0.000 0.000 0.000 0.000 0.000 0.000 0.000 0.000 0.000 0.000 0.000 0.000 0.000 0.000 0.000 0.000 0.000 0.000 0.000 0.000 0.000 0.000 0.000 0.000 0.000 0.000 0.000 0.000 0.000 0.000 0.000 0.000 0.000 0.000 0.000 0.000
0.000 0.000 0.000 0.000 0.000 0.000 0.000 0.000 0.000 0.000 0.000 0.000 0.000 0.000 0.000 0.000 0.000 0.000 0.000 0.000 0.000 0.000 0.000 0.000 0.000 0.000 0.000 0.000 0.000 0.000 0.000 0.000 0.000 0.000 0.000 0.000 0.000 0.000 0.000 0.000 0.000 0.000 0.000 0.000 0.000 0.000 0.000 0.000 0.000 0.000 0.000 0.000 0.000 0.000 0.000 0.000 0.000 0.000 0.000 0.000 0.000 0.000 0.000 0.000 0.000 0.000 0.000 0.000 0.000 0.000 0.000 0.000 0.000 0.000 0.000 0.000 0.000
0.000 0.000 0.000 0.000 0.000 0.000 0.000 0.000 0.000 0.000 0.000 0.000 0.000 0.000 0.000 0.000 0.000 0.000 0.000 0.000 0.000 0.000 0.000 0.000 0.000 0.000 0.000 0.000 0.000 0.000 0.000 0.000 0.000 0.000 0.000 0.000 0.000 0.000 0.000 0.000 0.000 0.000 0.000 0.000 0.000 0.000 0.000 0.000 0.000 0.000 0.000 0.000 0.000 0.000 0.000 0.000 0.000 0.000 0.000 0.000 0.000 0.000 0.000 0.000 0.000 0.000 0.000 0.000 0.000 0.000 0.000 0.000 0.000 0.000 0.000 0.000 0.000
0.000 0.000 0.000 0.000 0.000 0.000 0.000 0.000 0.000 0.000 0.000 0.000 0.000 0.000 0.000 0.000 0.000 0.000 0.000 0.000 0.000 0.000 0.000 0.000 0.000 0.000 0.000 0.000 0.000 0.000 0.000 0.000 0.000 0.000 0.000 0.000 0.000 0.000 0.000 0.000 0.000 0.000 0.000 0.000 0.000 0.000 0.000 0.000 0.000 0.000 0.000 0.000 0.000 0.000 0.000 0.000 0.000 0.000 0.000 0.000 0.000 0.000 0.000 0.000 0.000 0.000 0.000 0.000 0.000 0.000 0.000 0.000 0.000 0.000 0.000 0.000 0.000
0.000 0.000 0.000 0.000 0.000 0.000 0.000 0.000 0.000 0.000 0.000 0.000 0.000 0.000 0.000 0.000 0.000 0.000 0.000 0.000 0.000 0.000 0.000 0.000 0.000 0.000 0.000 0.000 0.000 0.000 0.000 0.000 0.000 0.000 0.000 0.000 0.000 0.000 0.000 0.000 0.000 0.000 0.000 0.000 0.000 0.000 0.000 0.000 0.000 0.000 0.000 0.000 0.000 0.000 0.000 0.000 0.000 0.000 0.000 0.000 0.000 0.000 0.000 0.000 0.000 0.000 0.000 0.000 0.000 0.000 0.000 0.000 0.000 0.000 0.000 0.000 0.000
0.000 0.000 0.000 0.000 0.000 0.000 0.000 0.000 0.000 0.000 0.000 0.000 0.000 0.000 0.000 0.000 0.000 0.000 0.000 0.000 0.000 0.000 0.000 0.000 0.000 0.000 0.000 0.000 0.000 0.000 0.000 0.000 0.000 0.000 0.000 0.000 0.000 0.000 0.000 0.000 0.000 0.000 0.000 0.000 0.000 0.000 0.000 0.000 0.000 0.000 0.000 0.000 0.000 0.000 0.000 0.000 0.000 0.000 0.000 0.000 0.000 0.000 0.000 0.000 0.000 0.000 0.000 0.000 0.000 0.000 0.000 0.000 0.000 0.000 0.000 0.000 0.000
0.000 0.000 0.000 0.000 0.000 0.000 0.000 0.000 0.000 0.000 0.000 0.000 0.000 0.000 0.000 0.000 0.000 0.000 0.000 0.000 0.000 0.000 0.000 0.000 0.000 0.000 0.000 0.000 0.000 0.000 0.000 0.000 0.000 0.000 0.000 0.000 0.000 0.000 0.000 0.000 0.000 0.000 0.000 0.000 0.000 0.000 0.000 0.000 0.000 0.000 0.000 0.000 0.000 0.000 0.000 0.000 0.000 0.000 0.000 0.000 0.000 0.000 0.000 0.000 0.000 0.000 0.000 0.000 0.000 0.000 0.000 0.000 0.000 0.000 0.000 0.000 0.000
0.000 0.000 0.000 0.000 0.000 0.000 0.000 0.000 0.000 0.000 0.000 0.000 0.000 0.000 0.000 0.000 0.000 0.000 0.000 0.000 0.000 0.000 0.000 0.000 0.000 0.000 0.000 0.000 0.000 0.000 0.000 0.000 0.000 0.000 0.000 0.000 0.000 0.000 0.000 0.000 0.000 0.000 0.000 0.000 0.000 0.000 0.000 0.000 0.000 0.000 0.000 0.000 0.000 0.000 0.000 0.000 0.000 0.000 0.000 0.000 0.000 0.000 0.000 0.000 0.000 0.000 0.000 0.000 0.000 0.000 0.000 0.000 0.000 0.000 0.000 0.000 0.000
0.000 0.000 0.000 0.000 0.000 0.000 0.000 0.000 0.000 0.000 0.000 0.000 0.000 0.000 0.000 0.000 0.000 0.000 0.000 0.000 0.000 0.000 0.000 0.000 0.000 0.000 0.000 0.000 0.000 0.000 0.000 0.000 0.000 0.000 0.000 0.000 0.000 0.000 0.000 0.000 0.000 0.000 0.000 0.000 0.000 0.000 0.000 0.000 0.000 0.000 0.000 0.000 0.000 0.000 0.000 0.000 0.000 0.000 0.000 0.000 0.000 0.000 0.000 0.000 0.000 0.000 0.000 0.000 0.000 0.000 0.000 0.000 0.000 0.000 0.000 0.000 0.000
0.000 0.000 0.000 0.000 0.000 0.000 0.000 0.000 0.000 0.000 0.000 0.000 0.000 0.000 0.000 0.000 0.000 0.000 0.000 0.000 0.000 0.000 0.000 0.000 0.000 0.000 0.000 0.000 0.000 0.000 0.000 0.000 0.000 0.000 0.000 0.000 0.000 0.000 0.000 0.000 0.000 0.000 0.000 0.000 0.000 0.000 0.000 0.000 0.000 0.000 0.000 0.000 0.000 0.000 0.000 0.000 0.000 0.000 0.000 0.000 0.000 0.000 0.000 0.000 0.000 0.000 0.000 0.000 0.000 0.000 0.000 0.000 0.000 0.000 0.000 0.000 0.000
0.000 0.000 0.000 0.000 0.000 0.000 0.000 0.000 0.000 0.000 0.000 0.000 0.000 0.000 0.000 0.000 0.000 0.000 0.000 0.000 0.000 0.000 0.000 0.000 0.000 0.000 0.000 0.000 0.000 0.000 0.000 0.000 0.000 0.000 0.000 0.000 0.000 0.000 0.000 0.000 0.000 0.000 0.000 0.000 0.000 0.000 0.000 0.000 0.000 0.000 0.000 0.000 0.000 0.000 0.000 0.000 0.000 0.000 0.000 0.000 0.000 0.000 0.000 0.000 0.000 0.000 0.000 0.000 0.000 0.000 0.000 0.000 0.000 0.000 0.000 0.000 0.000
0.001 0.001 0.001 0.001 0.001 0.001 0.000 0.000 0.000 0.000 0.000 0.000 0.000 0.000 0.000 0.000 0.000 0.000 0.000 0.000 0.000 0.000 0.000 0.000 0.000 0.000 0.000 0.000 0.000 0.000 0.000 0.000 0.000 0.000 0.000 0.000 0.000 0.000 0.000 0.000 0.000 0.000 0.000 0.000 0.000 0.000 0.000 0.000 0.000 0.000 0.000 0.000 0.000 0.000 0.000 0.000 0.000 0.000 0.000 0.000 0.000 0.000 0.000 0.000 0.000 0.000 0.000 0.000 0.000 0.000 0.000 0.000 0.000 0.000 0.000 0.000 0.000
0.002 0.002 0.002 0.002 0.001 0.001 0.001 0.001 0.001 0.000 0.000 0.000 0.000 0.000 0.000 0.000 0.000 0.000 0.000 0.000 0.000 0.000 0.000 0.000 0.000 0.000 0.000 0.000 0.000 0.000 0.000 0.000 0.000 0.000 0.000 0.000 0.000 0.000 0.000 0.000 0.000 0.000 0.000 0.000 0.000 0.000 0.000 0.000 0.001 0.001 0.001 0.001 0.001 0.001 0.001 0.001 0.001 0.001 0.001 0.001 0.001 0.001 0.001 0.001 0.001 0.001 0.001 0.001 0.001 0.001 0.001 0.001 0.001 0.000 0.000 0.000 0.000
0.004 0.004 0.003 0.003 0.003 0.002 0.002 0.002 0.001 0.001 0.001 0.000 0.000 0.000 0.000 0.000 0.000 0.000 0.000 0.000 0.000 0.000 0.000 0.000 0.000 0.000 0.000 0.000 0.000 0.000 0.000 0.000 0.000 0.000 0.000 0.000 0.000 0.000 0.000 0.000 0.000 0.000 0.000 0.000 0.000 0.001 0.001 0.002 0.002 0.002 0.003 0.003 0.003 0.003 0.003 0.003 0.003 0.003 0.003 0.002 0.002 0.002 0.002 0.002 0.002 0.002 0.002 0.002 0.002 0.002 0.002 0.002 0.002 0.001 0.001 0.001 0.001
0.006 0.006 0.005 0.004 0.004 0.003 0.003 0.003 0.002 0.002 0.002 0.001 0.001 0.001 0.001 0.000 0.000 0.000 0.000 0.000 0.000 0.000 0.000 0.000 0.000 0.000 0.000 0.000 0.000 0.000 0.000 0.000 0.000 0.000 0.000 0.000 0.000 0.000 0.000 0.000 0.000 0.000 0.000 0.001 0.001 0.002 0.003 0.004 0.005 0.005 0.005 0.006 0.006 0.006 0.006 0.006 0.006 0.005 0.005 0.005 0.005 0.005 0.005 0.005 0.005 0.005 0.005 0.005 0.005 0.005 0.005 0.004 0.004 0.003 0.002 0.002 0.002
0.009 0.008 0.007 0.006 0.006 0.005 0.005 0.004 0.004 0.003 0.003 0.003 0.002 0.002 0.002 0.001 0.001 0.001 0.001 0.000 0.000 0.000 0.000 0.000 0.000 0.000 0.000 0.000 0.000 0.000 0.000 0.000 0.000 0.000 0.000 0.000 0.000 0.000 0.000 0.000 0.000 0.001 0.002 0.002 0.003 0.004 0.006 0.007 0.008 0.009 0.009 0.010 0.010 0.010 0.010 0.010 0.009 0.009 0.009 0.008 0.008 0.008 0.008 0.008 0.008 0.008 0.008 0.008 0.008 0.008 0.008 0.007 0.006 0.005 0.004 0.003 0.003
0.012 0.011 0.010 0.008 0.008 0.007 0.006 0.006 0.005 0.005 0.005 0.004 0.004 0.003 0.003 0.003 0.002 0.002 0.002 0.001 0.001 0.001 0.001 0.001 0.001 0.001 0.001 0.001 0.001 0.001 0.001 0.001 0.001 0.001 0.001 0.001 0.001 0.001 0.001 0.001 0.002 0.003 0.004 0.005 0.006 0.008 0.009 0.011 0.012 0.014 0.014 0.015 0.015 0.015 0.015 0.015 0.015 0.014 0.014 0.013 0.013 0.013 0.013 0.013 0.013 0.013 0.013 0.013 0.013 0.013 0.012 0.011 0.009 0.008 0.006 0.005 0.004
0.018 0.015 0.013 0.011 0.010 0.009 0.008 0.008 0.007 0.007 0.007 0.006 0.006 0.005 0.005 0.005 0.004 0.004 0.003 0.003 0.002 0.002 0.002 0.002 0.002 0.002 0.002 0.002 0.002 0.002 0.002 0.002 0.002 0.002 0.002 0.002 0.002 0.002 0.003 0.003 0.004 0.005 0.006 0.008 0.010 0.011 0.014 0.016 0.018 0.020 0.021 0.022 0.023 0.023 0.023 0.022 0.022 0.021 0.021 0.020 0.019 0.019 0.019 0.019 0.019 0.020 0.021 0.021 0.021 0.020 0.018 0.015 0.013 0.010 0.009 0.007 0.006
0.031 0.024 0.019 0.016 0.014 0.012 0.011 0.011 0.010 0.009 0.009 0.009 0.008 0.008 0.007 0.007 0.007 0.006 0.006 0.005 0.005 0.004 0.004 0.004 0.004 0.004 0.004 0.004 0.004 0.004 0.004 0.004 0.004 0.004 0.004 0.004 0.004 0.005 0.005 0.006 0.007 0.008 0.010 0.012 0.014 0.016 0.019 0.022 0.025 0.028 0.030 0.032 0.033 0.033 0.034 0.033 0.033 0.032 0.031 0.030 0.029 0.028 0.028 0.028 0.028 0.030 0.032 0.033 0.033 0.031 0.027 0.022 0.017 0.014 0.012 0.010 0.008
0.064 0.043 0.031 0.024 0.020 0.017 0.015 0.014 0.013 0.013 0.012 0.012 0.011 0.011 0.011 0.010 0.010 0.009 0.009 0.008 0.008 0.007 0.007 0.006 0.006 0.006 0.006 0.006 0.006 0.006 0.006 0.006 0.006 0.006 0.007 0.007 0.007 0.008 0.009 0.010 0.011 0.013 0.015 0.017 0.019 0.022 0.026 0.030 0.034 0.038 0.041 0.044 0.047 0.049 0.050 0.050 0.049 0.049 0.048 0.047 0.045 0.043 0.043 0.042 0.044 0.047 0.052 0.054 0.054 0.051 0.042 0.031 0.023 0.018 0.015 0.013 0.011
0.153 0.094 0.060 0.042 0.031 0.025 0.022 0.019 0.018 0.017 0.017 0.016 0.016 0.015 0.015 0.014 0.014 0.013 0.012 0.012 0.011 0.011 0.010 0.010 0.009 0.009 0.009 0.009 0.009 0.009 0.009 0.009 0.009 0.010 0.010 0.011 0.011 0.012 0.013 0.015 0.016 0.018 0.021 0.023 0.026 0.030 0.034 0.039 0.045 0.050 0.056 0.062 0.068 0.073 0.076 0.077 0.077 0.076 0.076 0.075 0.073 0.070 0.069 0.069 0.072 0.080 0.091 0.096 0.096 0.090 0.072 0.048 0.033 0.024 0.019 0.016 0.014
0.373 0.228 0.137 0.086 0.059 0.044 0.035 0.029 0.026 0.024 0.023 0.022 0.022 0.021 0.020 0.020 0.019 0.018 0.017 0.017 0.016 0.015 0.014 0.014 0.013 0.013 0.013 0.013 0.013 0.013 0.013 0.013 0.013 0.014 0.014 0.015 0.016 0.017 0.019 0.020 0.023 0.025 0.028 0.031 0.035 0.040 0.045 0.051 0.059 0.067 0.077 0.089 0.101 0.110 0.117 0.121 0.122 0.123 0.122 0.122 0.120 0.119 0.118 0.120 0.127 0.146 0.173 0.184 0.185 0.171 0.132 0.082 0.050 0.034 0.025 0.020 0.017
0.773 0.506 0.317 0.196 0.126 0.086 0.063 0.049 0.041 0.036 0.034 0.033 0.032 0.031 0.030 0.028 0.027 0.026 0.025 0.024 0.023 0.021 0.020 0.019 0.018 0.018 0.017 0.017 0.017 0.017 0.017 0.018 0.018 0.019 0.019 0.020 0.022 0.023 0.025 0.028 0.031 0.035 0.038 0.043 0.047 0.053 0.060 0.068 0.079 0.093 0.110 0.132 0.153 0.171 0.185 0.193 0.198 0.200 0.201 0.202 0.204 0.206 0.209 0.217 0.235 0.278 0.338 0.366 0.366 0.338 0.261 0.153 0.085 0.050 0.034 0.026 0.021
1.347 0.957 0.651 0.429 0.278 0.182 0.126 0.092 0.072 0.061 0.055 0.052 0.050 0.048 0.046 0.044 0.041 0.039 0.037 0.035 0.033 0.030 0.028 0.026 0.025 0.024 0.023 0.023 0.023 0.023 0.023 0.023 0.024 0.025 0.026 0.027 0.029 0.032 0.035 0.039 0.043 0.048 0.053 0.059 0.066 0.073 0.082 0.094 0.111 0.135 0.167 0.205 0.241 0.270 0.292 0.307 0.314 0.317 0.320 0.322 0.326 0.333 0.343 0.360 0.390 0.448 0.542 0.621 0.646 0.618 0.500 0.305 0.157 0.083 0.049 0.034 0.026
2.050 1.570 1.157 0.824 0.566 0.381 0.261 0.186 0.141 0.114 0.099 0.091 0.087 0.084 0.080 0.076 0.070 0.066 0.062 0.057 0.052 0.046 0.041 0.037 0.034 0.033 0.032 0.031 0.030 0.030 0.030 0.030 0.031 0.032 0.034 0.036 0.040 0.044 0.049 0.055 0.062 0.069 0.077 0.085 0.094 0.104 0.117 0.135 0.163 0.204 0.263 0.326 0.379 0.415 0.432 0.434 0.426 0.421 0.421 0.421 0.424 0.429 0.439 0.457 0.489 0.545 0.642 0.762 0.831 0.838 0.762 0.546 0.287 0.141 0.075 0.046 0.034
2.851 2.310 1.819 1.386 1.020 0.730 0.520 0.379 0.288 0.232 0.199 0.181 0.170 0.162 0.153 0.142 0.131 0.121 0.112 0.102 0.090 0.076 0.064 0.055 0.049 0.046 0.044 0.042 0.041 0.041 0.040 0.041 0.041 0.043 0.046 0.051 0.057 0.064 0.073 0.083 0.095 0.106 0.117 0.129 0.141 0.155 0.175 0.204 0.249 0.321 0.411 0.481 0.520 0.534 0.528 0.504 0.482 0.472 0.470 0.471 0.472 0.475 0.482 0.496 0.523 0.571 0.659 0.793 0.892 0.926 0.899 0.753 0.471 0.235 0.117 0.066 0.045
3.694 3.120 2.581 2.084 1.641 1.264 0.965 0.744 0.591 0.490 0.426 0.385 0.359 0.336 0.313 0.286 0.260 0.238 0.216 0.193 0.168 0.137 0.110 0.090 0.077 0.069 0.064 0.061 0.059 0.058 0.057 0.058 0.059 0.063 0.069 0.077 0.087 0.100 0.117 0.135 0.154 0.172 0.188 0.204 0.220 0.240 0.270 0.317 0.386 0.468 0.538 0.578 0.592 0.586 0.559 0.518 0.491 0.480 0.478 0.479 0.480 0.482 0.488 0.500 0.521 0.562 0.637 0.765 0.886 0.937 0.936 0.859 0.645 0.360 0.179 0.097 0.061
4.520 3.949 3.407 2.895 2.424 2.007 1.653 1.371 1.163 1.016 0.913 0.839 0.779 0.723 0.658 0.587 0.527 0.477 0.429 0.379 0.322 0.257 0.201 0.159 0.131 0.113 0.103 0.096 0.092 0.090 0.089 0.090 0.093 0.100 0.112 0.127 0.146 0.172 0.204 0.236 0.265 0.290 0.312 0.332 0.353 0.381 0.425 0.475 0.522 0.562 0.591 0.604 0.605 0.590 0.551 0.501 0.471 0.458 0.456 0.457 0.459 0.463 0.469 0.479 0.493 0.520 0.572 0.677 0.821 0.907 0.925 0.891 0.754 0.493 0.260 0.139 0.085
5.358 4.815 4.315 3.840 3.390 2.979 2.623 2.329 2.105 1.942 1.819 1.717 1.619 1.505 1.360 1.193 1.053 0.941 0.837 0.730 0.610 0.482 0.373 0.290 0.234 0.199 0.177 0.164 0.157 0.154 0.154 0.157 0.165 0.179 0.198 0.224 0.262 0.315 0.370 0.416 0.454 0.487 0.512 0.533 0.550 0.567 0.583 0.587 0.587 0.588 0.593 0.594 0.586 0.555 0.499 0.442 0.409 0.393 0.389 0.389 0.394 0.402 0.413 0.421 0.429 0.439 0.464 0.533 0.677 0.819 0.876 0.872 0.799 0.609 0.357 0.195 0.117
6.300 5.833 5.413 5.016 4.623 4.252 3.936 3.686 3.494 3.350 3.236 3.128 3.007 2.840 2.606 2.314 2.024 1.776 1.550 1.327 1.092 0.859 0.662 0.510 0.405 0.340 0.302 0.283 0.276 0.274 0.279 0.291 0.309 0.333 0.363 0.404 0.472 0.560 0.629 0.673 0.699 0.713 0.719 0.718 0.708 0.690 0.661 0.623 0.595 0.576 0.560 0.540 0.509 0.456 0.387 0.331 0.299 0.284 0.280 0.281 0.288 0.301 0.314 0.321 0.324 0.326 0.337 0.378 0.491 0.670 0.789 0.822 0.796 0.682 0.464 0.268 0.163
7.495 7.188 6.899 6.613 6.315 6.022 5.781 5.597 5.454 5.338 5.234 5.127 4.995 4.799 4.501 4.097 3.626 3.151 2.694 2.257 1.832 1.439 1.105 0.846 0.662 0.547 0.484 0.460 0.455 0.464 0.487 0.521 0.555 0.587 0.622 0.666 0.732 0.802 0.843 0.858 0.858 0.846 0.827 0.803 0.772 0.729 0.673 0.612 0.560 0.512 0.463 0.410 0.351 0.290 0.239 0.208 0.193 0.188 0.189 0.193 0.200 0.207 0.214 0.219 0.222 0.227 0.237 0.267 0.345 0.505 0.675 0.753 0.762 0.712 0.568 0.371 0.229
