RESULTS/r.avaflow_results/22_results/22_ascii/22_hflow30029.asc
ncols 506
nrows 317
xllcenter 498237.50
yllcenter 5580050.00
cellsize 12.50
NODATA_value -9999.000
[rows 170 to 203 of 317, columns 154 to 230 of 506]
9.313 9.276 9.216 9.130 9.019 8.886 8.769 8.665 8.563 8.457 8.345 8.222 8.069 7.835 7.444 6.853 6.096 5.265 4.441 3.663 2.937 2.291 1.761 1.366 1.100 0.946 0.879 0.867 0.887 0.939 1.020 1.087 1.123 1.139 1.146 1.147 1.165 1.203 1.226 1.227 1.208 1.175 1.144 1.115 1.077 1.018 0.924 0.793 0.641 0.494 0.370 0.282 0.225 0.188 0.164 0.149 0.143 0.143 0.147 0.152 0.155 0.157 0.158 0.158 0.159 0.161 0.166 0.182 0.224 0.325 0.545 0.937 1.244 1.345 1.331 1.195 0.898
11.611 11.915 12.116 12.224 12.265 12.264 12.230 12.156 12.051 11.920 11.771 11.613 11.438 11.200 10.806 10.168 9.268 8.175 6.996 5.826 4.716 3.706 2.841 2.166 1.692 1.388 1.210 1.120 1.096 1.125 1.197 1.259 1.284 1.286 1.271 1.242 1.229 1.231 1.231 1.215 1.175 1.114 1.053 0.993 0.922 0.820 0.666 0.486 0.334 0.234 0.173 0.137 0.116 0.104 0.098 0.096 0.099 0.105 0.112 0.117 0.118 0.118 0.116 0.114 0.113 0.114 0.117 0.129 0.160 0.229 0.377 0.669 1.034 1.234 1.284 1.250 1.104
14.218 14.916 15.333 15.520 15.562 15.537 15.463 15.349 15.212 15.058 14.892 14.722 14.546 14.327 13.980 13.397 12.525 11.374 10.021 8.574 7.126 5.733 4.470 3.413 2.604 2.027 1.634 1.391 1.269 1.233 1.254 1.288 1.304 1.301 1.273 1.229 1.198 1.173 1.145 1.094 1.006 0.893 0.784 0.679 0.571 0.445 0.315 0.213 0.147 0.109 0.086 0.073 0.067 0.064 0.064 0.067 0.073 0.082 0.089 0.092 0.092 0.091 0.088 0.086 0.085 0.085 0.088 0.096 0.118 0.164 0.262 0.460 0.806 1.112 1.237 1.254 1.205
16.089 17.116 17.736 18.039 18.157 18.190 18.169 18.105 18.009 17.886 17.737 17.574 17.406 17.207 16.900 16.365 15.536 14.427 13.117 11.661 10.085 8.429 6.765 5.248 3.986 2.996 2.262 1.761 1.462 1.311 1.258 1.250 1.243 1.224 1.182 1.115 1.050 0.988 0.917 0.806 0.653 0.505 0.397 0.318 0.250 0.186 0.132 0.094 0.071 0.057 0.049 0.045 0.044 0.044 0.045 0.049 0.057 0.065 0.071 0.073 0.073 0.072 0.069 0.068 0.067 0.068 0.070 0.076 0.091 0.120 0.183 0.315 0.581 0.953 1.178 1.241 1.234
17.036 18.280 19.118 19.633 19.953 20.168 20.314 20.387 20.385 20.330 20.218 20.064 19.898 19.715 19.449 18.978 18.224 17.181 15.910 14.482 12.924 11.220 9.345 7.381 5.591 4.112 2.972 2.163 1.645 1.354 1.211 1.135 1.077 1.020 0.947 0.847 0.745 0.648 0.544 0.426 0.312 0.230 0.176 0.138 0.108 0.083 0.063 0.049 0.041 0.036 0.033 0.033 0.033 0.033 0.035 0.039 0.045 0.052 0.057 0.058 0.058 0.058 0.056 0.056 0.056 0.057 0.059 0.064 0.074 0.092 0.132 0.218 0.401 0.746 1.071 1.204 1.226
17.226 18.560 19.576 20.330 20.910 21.372 21.729 21.967 22.075 22.083 22.006 21.841 21.672 21.514 21.301 20.919 20.286 19.368 18.172 16.734 15.100 13.275 11.222 8.909 6.682 4.830 3.401 2.389 1.734 1.344 1.108 0.943 0.808 0.685 0.568 0.465 0.388 0.325 0.263 0.199 0.146 0.109 0.084 0.067 0.054 0.044 0.036 0.031 0.028 0.027 0.026 0.026 0.026 0.027 0.029 0.032 0.036 0.042 0.045 0.047 0.048 0.047 0.047 0.047 0.048 0.050 0.052 0.056 0.063 0.076 0.102 0.159 0.282 0.533 0.889 1.117 1.194
17.037 18.420 19.537 20.428 21.185 21.831 22.329 22.674 22.866 22.918 22.859 22.669 22.501 22.390 22.241 21.942 21.422 20.637 19.544 18.121 16.405 14.439 12.207 9.657 7.156 5.100 3.533 2.441 1.736 1.277 0.953 0.707 0.518 0.379 0.280 0.218 0.182 0.154 0.126 0.097 0.075 0.059 0.047 0.039 0.033 0.028 0.025 0.023 0.022 0.022 0.022 0.022 0.022 0.023 0.024 0.026 0.029 0.033 0.036 0.038 0.039 0.040 0.041 0.042 0.043 0.045 0.047 0.051 0.056 0.066 0.085 0.124 0.206 0.369 0.661 0.960 1.117
16.423 17.904 19.181 20.250 21.134 21.844 22.364 22.720 22.934 23.004 22.951 22.742 22.576 22.500 22.391 22.130 21.663 20.949 19.931 18.550 16.803 14.751 12.419 9.765 7.175 5.059 3.459 2.348 1.612 1.104 0.734 0.471 0.301 0.197 0.136 0.105 0.088 0.076 0.064 0.052 0.043 0.036 0.031 0.026 0.023 0.021 0.019 0.019 0.018 0.018 0.018 0.019 0.019 0.020 0.020 0.022 0.023 0.026 0.028 0.030 0.032 0.034 0.035 0.037 0.038 0.040 0.043 0.046 0.051 0.059 0.073 0.101 0.157 0.263 0.455 0.738 0.979
15.444 17.045 18.481 19.723 20.736 21.490 21.989 22.303 22.477 22.531 22.478 22.282 22.112 22.023 21.903 21.641 21.197 20.545 19.599 18.265 16.526 14.433 12.018 9.290 6.709 4.613 3.047 1.972 1.264 0.782 0.458 0.264 0.158 0.100 0.070 0.055 0.047 0.042 0.037 0.032 0.028 0.025 0.023 0.020 0.018 0.017 0.016 0.015 0.015 0.015 0.016 0.016 0.016 0.016 0.017 0.017 0.018 0.020 0.022 0.023 0.026 0.028 0.030 0.032 0.034 0.036 0.039 0.042 0.047 0.054 0.066 0.086 0.125 0.196 0.320 0.519 0.775
14.215 15.903 17.432 18.759 19.826 20.594 21.071 21.313 21.392 21.376 21.318 21.201 21.050 20.864 20.618 20.277 19.817 19.197 18.307 17.016 15.268 13.103 10.590 7.894 5.482 3.565 2.166 1.246 0.701 0.392 0.221 0.129 0.079 0.053 0.040 0.033 0.030 0.027 0.025 0.022 0.021 0.019 0.018 0.016 0.015 0.014 0.013 0.013 0.013 0.013 0.013 0.013 0.013 0.013 0.013 0.013 0.014 0.015 0.016 0.018 0.020 0.022 0.024 0.026 0.029 0.032 0.034 0.038 0.042 0.049 0.059 0.076 0.105 0.154 0.237 0.369 0.564
12.770 14.452 15.996 17.338 18.426 19.222 19.703 19.882 19.859 19.757 19.727 19.733 19.631 19.308 18.841 18.346 17.813 17.141 16.185 14.791 12.894 10.542 7.940 5.478 3.479 2.022 1.078 0.549 0.287 0.160 0.096 0.062 0.043 0.032 0.026 0.023 0.021 0.020 0.018 0.017 0.016 0.016 0.015 0.014 0.013 0.012 0.011 0.010 0.010 0.010 0.010 0.009 0.009 0.009 0.010 0.010 0.010 0.011 0.012 0.013 0.015 0.016 0.019 0.021 0.024 0.027 0.030 0.034 0.038 0.044 0.054 0.069 0.092 0.129 0.188 0.280 0.416
11.104 12.665 14.192 15.560 16.723 17.613 18.166 18.373 18.360 18.266 18.247 18.249 18.109 17.673 17.040 16.384 15.693 14.816 13.560 11.787 9.425 6.822 4.511 2.793 1.617 0.863 0.423 0.204 0.109 0.067 0.046 0.034 0.027 0.022 0.019 0.018 0.016 0.016 0.015 0.014 0.013 0.013 0.012 0.011 0.010 0.009 0.009 0.008 0.008 0.007 0.007 0.007 0.007 0.007 0.007 0.007 0.007 0.007 0.008 0.009 0.010 0.012 0.014 0.016 0.019 0.022 0.025 0.029 0.034 0.040 0.050 0.064 0.084 0.115 0.160 0.228 0.326
9.369 10.710 12.152 13.579 14.855 15.881 16.556 16.853 16.883 16.816 16.745 16.635 16.352 15.816 15.104 14.310 13.392 12.150 10.360 7.934 5.413 3.366 1.953 1.080 0.576 0.295 0.146 0.076 0.047 0.034 0.027 0.022 0.019 0.017 0.015 0.014 0.013 0.013 0.012 0.012 0.011 0.011 0.010 0.009 0.008 0.008 0.007 0.006 0.006 0.005 0.005 0.004 0.004 0.004 0.004 0.004 0.004 0.005 0.005 0.006 0.007 0.009 0.010 0.012 0.014 0.017 0.021 0.025 0.030 0.037 0.046 0.060 0.079 0.107 0.144 0.194 0.265
7.794 8.881 10.091 11.430 12.729 13.808 14.561 14.941 15.020 14.953 14.735 14.370 13.848 13.182 12.387 11.436 10.221 8.504 6.221 3.989 2.342 1.244 0.622 0.319 0.172 0.095 0.054 0.035 0.026 0.021 0.018 0.016 0.015 0.013 0.013 0.012 0.011 0.011 0.010 0.010 0.009 0.009 0.008 0.007 0.007 0.006 0.005 0.004 0.004 0.003 0.003 0.002 0.002 0.002 0.002 0.002 0.002 0.003 0.003 0.004 0.005 0.006 0.007 0.009 0.011 0.014 0.017 0.021 0.027 0.034 0.044 0.057 0.076 0.101 0.132 0.171 0.222
6.292 7.094 7.983 8.980 9.993 10.874 11.536 11.910 12.011 11.931 11.587 10.967 10.132 9.192 8.213 7.118 5.789 4.204 2.620 1.440 0.710 0.331 0.164 0.092 0.057 0.038 0.027 0.021 0.018 0.015 0.014 0.013 0.012 0.011 0.010 0.010 0.009 0.009 0.008 0.008 0.007 0.007 0.006 0.006 0.005 0.004 0.004 0.003 0.002 0.002 0.002 0.001 0.001 0.001 0.001 0.001 0.001 0.001 0.002 0.002 0.003 0.004 0.005 0.006 0.008 0.011 0.014 0.018 0.023 0.031 0.041 0.054 0.072 0.095 0.122 0.153 0.192
4.762 5.195 5.608 6.016 6.430 6.840 7.205 7.440 7.516 7.452 7.118 6.464 5.591 4.693 3.890 3.125 2.307 1.435 0.757 0.355 0.165 0.086 0.052 0.036 0.027 0.021 0.018 0.015 0.013 0.012 0.011 0.010 0.009 0.009 0.008 0.008 0.007 0.007 0.006 0.006 0.006 0.005 0.005 0.004 0.004 0.003 0.003 0.002 0.001 0.001 0.001 0.000 0.000 0.000 0.000 0.000 0.000 0.000 0.001 0.001 0.001 0.002 0.003 0.004 0.006 0.008 0.011 0.015 0.020 0.028 0.037 0.051 0.067 0.088 0.113 0.140 0.173
3.135 3.217 3.274 3.310 3.330 3.370 3.438 3.487 3.498 3.458 3.283 2.913 2.353 1.774 1.331 0.969 0.632 0.346 0.169 0.085 0.049 0.033 0.025 0.021 0.017 0.015 0.013 0.012 0.011 0.010 0.009 0.008 0.007 0.007 0.006 0.006 0.005 0.005 0.005 0.005 0.004 0.004 0.004 0.003 0.003 0.003 0.002 0.001 0.001 0.000 0.000 0.000 0.000 0.000 0.000 0.000 0.000 0.000 0.000 0.000 0.001 0.001 0.002 0.003 0.004 0.006 0.009 0.012 0.017 0.024 0.033 0.045 0.061 0.080 0.103 0.130 0.163
1.752 1.674 1.602 1.520 1.416 1.329 1.279 1.247 1.222 1.187 1.109 0.955 0.718 0.489 0.341 0.234 0.147 0.084 0.048 0.031 0.024 0.019 0.017 0.015 0.013 0.012 0.010 0.009 0.008 0.007 0.007 0.006 0.006 0.005 0.005 0.004 0.004 0.004 0.004 0.004 0.003 0.003 0.003 0.003 0.003 0.002 0.002 0.001 0.000 0.000 0.000 0.000 0.000 0.000 0.000 0.000 0.000 0.000 0.000 0.000 0.000 0.000 0.001 0.002 0.003 0.004 0.007 0.010 0.014 0.020 0.028 0.039 0.053 0.071 0.094 0.123 0.158
0.813 0.723 0.651 0.583 0.508 0.443 0.396 0.364 0.340 0.319 0.293 0.250 0.185 0.125 0.088 0.063 0.044 0.031 0.023 0.019 0.016 0.014 0.013 0.012 0.010 0.009 0.008 0.007 0.006 0.006 0.005 0.004 0.004 0.004 0.004 0.003 0.003 0.003 0.003 0.003 0.003 0.003 0.003 0.003 0.002 0.002 0.001 0.001 0.000 0.000 0.000 0.000 0.000 0.000 0.000 0.000 0.000 0.000 0.000 0.000 0.000 0.000 0.000 0.001 0.002 0.003 0.005 0.007 0.011 0.016 0.022 0.031 0.044 0.061 0.084 0.115 0.153
0.311 0.269 0.237 0.207 0.175 0.144 0.122 0.107 0.097 0.089 0.081 0.071 0.055 0.041 0.032 0.026 0.021 0.018 0.015 0.014 0.012 0.011 0.010 0.009 0.008 0.007 0.006 0.005 0.005 0.004 0.004 0.003 0.003 0.003 0.003 0.003 0.003 0.003 0.003 0.003 0.003 0.003 0.003 0.002 0.002 0.002 0.001 0.001 0.000 0.000 0.000 0.000 0.000 0.000 0.000 0.000 0.000 0.000 0.000 0.000 0.000 0.000 0.000 0.000 0.001 0.002 0.003 0.005 0.008 0.012 0.017 0.024 0.035 0.050 0.073 0.104 0.145
0.110 0.097 0.086 0.075 0.063 0.051 0.043 0.038 0.034 0.032 0.030 0.028 0.025 0.021 0.019 0.016 0.015 0.013 0.012 0.010 0.009 0.008 0.007 0.007 0.006 0.005 0.004 0.004 0.003 0.003 0.003 0.003 0.003 0.002 0.002 0.002 0.002 0.002 0.003 0.003 0.003 0.003 0.003 0.003 0.002 0.002 0.001 0.000 0.000 0.000 0.000 0.000 0.000 0.000 0.000 0.000 0.000 0.000 0.000 0.000 0.000 0.000 0.000 0.000 0.000 0.001 0.002 0.003 0.006 0.009 0.013 0.018 0.026 0.038 0.058 0.087 0.127
0.042 0.038 0.034 0.031 0.027 0.023 0.020 0.018 0.017 0.017 0.017 0.016 0.016 0.015 0.013 0.012 0.011 0.010 0.009 0.008 0.007 0.006 0.005 0.005 0.004 0.004 0.003 0.003 0.003 0.003 0.002 0.002 0.002 0.002 0.002 0.002 0.003 0.003 0.003 0.003 0.003 0.003 0.003 0.003 0.002 0.001 0.001 0.000 0.000 0.000 0.000 0.000 0.000 0.000 0.000 0.000 0.000 0.000 0.000 0.000 0.000 0.000 0.000 0.000 0.000 0.000 0.001 0.002 0.004 0.006 0.009 0.014 0.019 0.027 0.040 0.061 0.094
0.019 0.018 0.017 0.016 0.014 0.013 0.012 0.012 0.011 0.011 0.011 0.011 0.011 0.011 0.010 0.009 0.008 0.007 0.007 0.006 0.005 0.004 0.004 0.003 0.003 0.003 0.003 0.003 0.003 0.002 0.002 0.003 0.003 0.003 0.003 0.003 0.003 0.004 0.004 0.004 0.004 0.004 0.003 0.003 0.002 0.001 0.001 0.000 0.000 0.000 0.000 0.000 0.000 0.000 0.000 0.000 0.000 0.000 0.000 0.000 0.000 0.000 0.000 0.000 0.000 0.000 0.000 0.001 0.002 0.004 0.007 0.010 0.014 0.019 0.027 0.040 0.059
0.010 0.010 0.010 0.010 0.009 0.009 0.008 0.008 0.008 0.008 0.008 0.008 0.008 0.008 0.008 0.007 0.006 0.005 0.005 0.004 0.004 0.003 0.003 0.003 0.003 0.003 0.003 0.003 0.003 0.003 0.003 0.004 0.004 0.004 0.005 0.005 0.005 0.005 0.005 0.005 0.004 0.004 0.003 0.003 0.002 0.001 0.001 0.000 0.000 0.000 0.000 0.000 0.000 0.000 0.000 0.000 0.000 0.000 0.000 0.000 0.000 0.000 0.000 0.000 0.000 0.000 0.000 0.001 0.001 0.003 0.004 0.007 0.010 0.014 0.019 0.026 0.037
0.007 0.007 0.007 0.007 0.007 0.006 0.006 0.006 0.006 0.006 0.006 0.006 0.006 0.006 0.006 0.005 0.005 0.004 0.003 0.003 0.003 0.003 0.003 0.003 0.003 0.003 0.003 0.004 0.005 0.005 0.006 0.007 0.007 0.007 0.007 0.007 0.007 0.006 0.006 0.005 0.004 0.004 0.003 0.002 0.001 0.001 0.000 0.000 0.000 0.000 0.000 0.000 0.000 0.000 0.000 0.000 0.000 0.000 0.000 0.000 0.000 0.000 0.000 0.000 0.000 0.000 0.000 0.000 0.001 0.002 0.003 0.005 0.007 0.010 0.013 0.018 0.024
0.005 0.005 0.005 0.005 0.005 0.005 0.005 0.004 0.004 0.004 0.004 0.004 0.004 0.004 0.004 0.004 0.003 0.003 0.002 0.002 0.002 0.002 0.003 0.003 0.004 0.005 0.007 0.008 0.009 0.010 0.010 0.010 0.010 0.009 0.009 0.008 0.007 0.006 0.006 0.005 0.004 0.003 0.002 0.001 0.001 0.001 0.000 0.000 0.000 0.000 0.000 0.000 0.000 0.000 0.000 0.000 0.000 0.000 0.000 0.000 0.000 0.000 0.000 0.000 0.000 0.000 0.000 0.000 0.000 0.001 0.002 0.003 0.005 0.007 0.009 0.013 0.017
0.004 0.004 0.004 0.004 0.003 0.003 0.003 0.003 0.003 0.003 0.003 0.003 0.003 0.003 0.003 0.003 0.002 0.002 0.002 0.002 0.002 0.003 0.004 0.005 0.008 0.010 0.012 0.013 0.014 0.013 0.013 0.012 0.011 0.010 0.009 0.008 0.007 0.006 0.005 0.004 0.003 0.002 0.002 0.001 0.001 0.000 0.000 0.000 0.000 0.000 0.000 0.000 0.000 0.000 0.000 0.000 0.000 0.000 0.000 0.000 0.000 0.000 0.000 0.000 0.000 0.000 0.000 0.000 0.000 0.000 0.001 0.002 0.003 0.004 0.006 0.009 0.012
0.003 0.003 0.003 0.003 0.003 0.002 0.002 0.002 0.002 0.002 0.002 0.002 0.002 0.002 0.002 0.002 0.002 0.002 0.002 0.003 0.004 0.005 0.008 0.010 0.013 0.015 0.016 0.016 0.015 0.014 0.013 0.012 0.011 0.010 0.009 0.008 0.007 0.005 0.004 0.003 0.002 0.002 0.001 0.001 0.000 0.000 0.000 0.000 0.000 0.000 0.000 0.000 0.000 0.000 0.000 0.000 0.000 0.000 0.000 0.000 0.000 0.000 0.000 0.000 0.000 0.000 0.000 0.000 0.000 0.000 0.000 0.001 0.002 0.003 0.004 0.006 0.008
0.002 0.002 0.002 0.002 0.002 0.002 0.002 0.002 0.002 0.002 0.002 0.002 0.002 0.002 0.002 0.002 0.002 0.002 0.003 0.005 0.007 0.010 0.012 0.014 0.016 0.016 0.016 0.016 0.015 0.014 0.013 0.011 0.010 0.009 0.008 0.006 0.005 0.004 0.003 0.002 0.001 0.001 0.001 0.001 0.000 0.000 0.000 0.000 0.000 0.000 0.000 0.000 0.000 0.000 0.000 0.000 0.000 0.000 0.000 0.000 0.000 0.000 0.000 0.000 0.000 0.000 0.000 0.000 0.000 0.000 0.000 0.000 0.001 0.002 0.003 0.004 0.006
0.002 0.002 0.002 0.001 0.001 0.001 0.001 0.001 0.001 0.001 0.001 0.002 0.002 0.002 0.002 0.002 0.003 0.004 0.006 0.008 0.011 0.013 0.014 0.015 0.016 0.016 0.016 0.016 0.015 0.013 0.011 0.010 0.008 0.007 0.006 0.005 0.003 0.002 0.002 0.001 0.001 0.001 0.001 0.000 0.000 0.000 0.000 0.000 0.000 0.000 0.000 0.000 0.000 0.000 0.000 0.000 0.000 0.000 0.000 0.000 0.000 0.000 0.000 0.000 0.000 0.000 0.000 0.000 0.000 0.000 0.000 0.000 0.000 0.001 0.001 0.002 0.004
0.001 0.001 0.001 0.001 0.001 0.001 0.001 0.001 0.001 0.001 0.001 0.002 0.002 0.002 0.002 0.002 0.003 0.005 0.008 0.010 0.012 0.013 0.014 0.015 0.016 0.016 0.015 0.014 0.013 0.012 0.010 0.008 0.006 0.005 0.003 0.003 0.002 0.001 0.001 0.001 0.001 0.001 0.000 0.000 0.000 0.000 0.000 0.000 0.000 0.000 0.000 0.000 0.000 0.000 0.000 0.000 0.000 0.000 0.000 0.000 0.000 0.000 0.000 0.000 0.000 0.000 0.000 0.000 0.000 0.000 0.000 0.000 0.000 0.000 0.001 0.001 0.002
0.001 0.001 0.001 0.001 0.001 0.001 0.001 0.001 0.001 0.002 0.002 0.002 0.002 0.002 0.002 0.003 0.004 0.006 0.008 0.011 0.012 0.013 0.014 0.014 0.014 0.014 0.013 0.012 0.011 0.009 0.007 0.005 0.004 0.003 0.002 0.001 0.001 0.001 0.001 0.001 0.000 0.000 0.000 0.000 0.000 0.000 0.000 0.000 0.000 0.000 0.000 0.000 0.000 0.000 0.000 0.000 0.000 0.000 0.000 0.000 0.000 0.000 0.000 0.000 0.000 0.000 0.000 0.000 0.000 0.000 0.000 0.000 0.000 0.000 0.000 0.000 0.001
0.001 0.001 0.001 0.001 0.001 0.001 0.001 0.001 0.002 0.002 0.002 0.002 0.002 0.002 0.002 0.003 0.004 0.006 0.008 0.010 0.011 0.012 0.012 0.012 0.011 0.010 0.009 0.008 0.006 0.005 0.004 0.003 0.002 0.001 0.001 0.001 0.001 0.001 0.001 0.000 0.000 0.000 0.000 0.000 0.000 0.000 0.000 0.000 0.000 0.000 0.000 0.000 0.000 0.000 0.000 0.000 0.000 0.000 0.000 0.000 0.000 0.000 0.000 0.000 0.000 0.000 0.000 0.000 0.000 0.000 0.000 0.000 0.000 0.000 0.000 0.000 0.000
0.000 0.001 0.001 0.001 0.001 0.001 0.001 0.001 0.002 0.002 0.002 0.002 0.002 0.002 0.002 0.002 0.004 0.005 0.007 0.008 0.009 0.009 0.009 0.008 0.007 0.006 0.005 0.004 0.003 0.002 0.002 0.001 0.001 0.001 0.001 0.001 0.001 0.000 0.000 0.000 0.000 0.000 0.000 0.000 0.000 0.000 0.000 0.000 0.000 0.000 0.000 0.000 0.000 0.000 0.000 0.000 0.000 0.000 0.000 0.000 0.000 0.000 0.000 0.000 0.000 0.000 0.000 0.000 0.000 0.000 0.000 0.000 0.000 0.000 0.000 0.000 0.000
