RESULTS/r.avaflow_results/22_results/22_ascii/22_hflow30028.asc
ncols 506
nrows 317
xllcenter 498237.50
yllcenter 5580050.00
cellsize 12.50
NODATA_value -9999.000
[rows 136 to 169 of 317, columns 154 to 230 of 506]
0.000 0.000 0.000 0.000 0.000 0.000 0.000 0.000 0.000 0.000 0.000 0.000 0.000 0.000 0.000 0.000 0.000 0.000 0.000 0.000 0.000 0.000 0.000 0.000 0.000 0.000 0.000 0.000 0.000 0.000 0.000 0.000 0.000 0.000 0.000 0.000 0.000 0.000 0.000 0.000 0.000 0.000 0.000 0.000 0.000 0.000 0.000 0.000 0.000 0.000 0.000 0.000 0.000 0.000 0.000 0.000 0.000 0.000 0.000 0.000 0.000 0.000 0.000 0.000 0.000 0.000 0.000 0.000 0.000 0.000 0.000 0.000 0.000 0.000 0.000 0.000 0.000
0.000 0.000 0.000 0.000 0.000 0.000 0.000 0.000 0.000 0.000 0.000 0.000 0.000 0.000 0.000 0.000 0.000 0.000 0.000 0.000 0.000 0.000 0.000 0.000 0.000 0.000 0.000 0.000 0.000 0.000 0.000 0.000 0.000 0.000 0.000 0.000 0.000 0.000 0.000 0.000 0.000 0.000 0.000 0.000 0.000 0.000 0.000 0.000 0.000 0.000 0.000 0.000 0.000 0.000 0.000 0.000 0.000 0.000 0.000 0.000 0.000 0.000 0.000 0.000 0.000 0.000 0.000 0.000 0.000 0.000 0.000 0.000 0.000 0.000 0.000 0.000 0.000
0.000 0.000 0.000 0.000 0.000 0.000 0.000 0.000 0.000 0.000 0.000 0.000 0.000 0.000 0.000 0.000 0.000 0.000 0.000 0.000 0.000 0.000 0.000 0.000 0.000 0.000 0.000 0.000 0.000 0.000 0.000 0.000 0.000 0.000 0.000 0.000 0.000 0.000 0.000 0.000 0.000 0.000 0.000 0.000 0.000 0.000 0.000 0.000 0.000 0.000 0.000 0.000 0.000 0.000 0.000 0.000 0.000 0.000 0.000 0.000 0.000 0.000 0.000 0.000 0.000 0.000 0.000 0.000 0.000 0.000 0.000 0.000 0.000 0.000 0.000 0.000 0.000
0.000 0.000 0.000 0.000 0.000 0.000 0.000 0.000 0.000 0.000 0.000 0.000 0.000 0.000 0.000 0.000 0.000 0.000 0.000 0.000 0.000 0.000 0.000 0.000 0.000 0.000 0.000 0.000 0.000 0.000 0.000 0.000 0.000 0.000 0.000 0.000 0.000 0.000 0.000 0.000 0.000 0.000 0.000 0.000 0.000 0.000 0.000 0.000 0.000 0.000 0.000 0.000 0.000 0.000 0.000 0.000 0.000 0.000 0.000 0.000 0.000 0.000 0.000 0.000 0.000 0.000 0.000 0.000 0.000 0.000 0.000 0.000 0.000 0.000 0.000 0.000 0.000
0.000 0.000 0.000 0.000 0.000 0.000 0.000 0.000 0.000 0.000 0.000 0.000 0.000 0.000 0.000 0.000 0.000 0.000 0.000 0.000 0.000 0.000 0.000 0.000 0.000 0.000 0.000 0.000 0.000 0.000 0.000 0.000 0.000 0.000 0.000 0.000 0.000 0.000 0.000 0.000 0.000 0.000 0.000 0.000 0.000 0.000 0.000 0.000 0.000 0.000 0.000 0.000 0.000 0.000 0.000 0.000 0.000 0.000 0.000 0.000 0.000 0.000 0.000 0.000 0.000 0.000 0.000 0.000 0.000 0.000 0.000 0.000 0.000 0.000 0.000 0.000 0.000
0.000 0.000 0.000 0.000 0.000 0.000 0.000 0.000 0.000 0.000 0.000 0.000 0.000 0.000 0.000 0.000 0.000 0.000 0.000 0.000 0.000 0.000 0.000 0.000 0.000 0.000 0.000 0.000 0.000 0.000 0.000 0.000 0.000 0.000 0.000 0.000 0.000 0.000 0.000 0.000 0.000 0.000 0.000 0.000 0.000 0.000 0.000 0.000 0.000 0.000 0.000 0.000 0.000 0.000 0.000 0.000 0.000 0.000 0.000 0.000 0.000 0.000 0.000 0.000 0.000 0.000 0.000 0.000 0.000 0.000 0.000 0.000 0.000 0.000 0.000 0.000 0.000
0.000 0.000 0.000 0.000 0.000 0.000 0.000 0.000 0.000 0.000 0.000 0.000 0.000 0.000 0.000 0.000 0.000 0.000 0.000 0.000 0.000 0.000 0.000 0.000 0.000 0.000 0.000 0.000 0.000 0.000 0.000 0.000 0.000 0.000 0.000 0.000 0.000 0.000 0.000 0.000 0.000 0.000 0.000 0.000 0.000 0.000 0.000 0.000 0.000 0.000 0.000 0.000 0.000 0.000 0.000 0.000 0.000 0.000 0.000 0.000 0.000 0.000 0.000 0.000 0.000 0.000 0.000 0.000 0.000 0.000 0.000 0.000 0.000 0.000 0.000 0.000 0.000
0.000 0.000 0.000 0.000 0.000 0.000 0.000 0.000 0.000 0.000 0.000 0.000 0.000 0.000 0.000 0.000 0.000 0.000 0.000 0.000 0.000 0.000 0.000 0.000 0.000 0.000 0.000 0.000 0.000 0.000 0.000 0.000 0.000 0.000 0.000 0.000 0.000 0.000 0.000 0.000 0.000 0.000 0.000 0.000 0.000 0.000 0.000 0.000 0.000 0.000 0.000 0.000 0.000 0.000 0.000 0.000 0.000 0.000 0.000 0.000 0.000 0.000 0.000 0.000 0.000 0.000 0.000 0.000 0.000 0.000 0.000 0.000 0.000 0.000 0.000 0.000 0.000
0.000 0.000 0.000 0.000 0.000 0.000 0.000 0.000 0.000 0.000 0.000 0.000 0.000 0.000 0.000 0.000 0.000 0.000 0.000 0.000 0.000 0.000 0.000 0.000 0.000 0.000 0.000 0.000 0.000 0.000 0.000 0.000 0.000 0.000 0.000 0.000 0.000 0.000 0.000 0.000 0.000 0.000 0.000 0.000 0.000 0.000 0.000 0.000 0.000 0.000 0.000 0.000 0.000 0.000 0.000 0.000 0.000 0.000 0.000 0.000 0.000 0.000 0.000 0.000 0.000 0.000 0.000 0.000 0.000 0.000 0.000 0.000 0.000 0.000 0.000 0.000 0.000
0.000 0.000 0.000 0.000 0.000 0.000 0.000 0.000 0.000 0.000 0.000 0.000 0.000 0.000 0.000 0.000 0.000 0.000 0.000 0.000 0.000 0.000 0.000 0.000 0.000 0.000 0.000 0.000 0.000 0.000 0.000 0.000 0.000 0.000 0.000 0.000 0.000 0.000 0.000 0.000 0.000 0.000 0.000 0.000 0.000 0.000 0.000 0.000 0.000 0.000 0.000 0.000 0.000 0.000 0.000 0.000 0.000 0.000 0.000 0.000 0.000 0.000 0.000 0.000 0.000 0.000 0.000 0.000 0.000 0.000 0.000 0.000 0.000 0.000 0.000 0.000 0.000
0.000 0.000 0.000 0.000 0.000 0.000 0.000 0.000 0.000 0.000 0.000 0.000 0.000 0.000 0.000 0.000 0.000 0.000 0.000 0.000 0.000 0.000 0.000 0.000 0.000 0.000 0.000 0.000 0.000 0.000 0.000 0.000 0.000 0.000 0.000 0.000 0.000 0.000 0.000 0.000 0.000 0.000 0.000 0.000 0.000 0.000 0.000 0.000 0.000 0.000 0.000 0.000 0.000 0.000 0.000 0.000 0.000 0.000 0.000 0.000 0.000 0.000 0.000 0.000 0.000 0.000 0.000 0.000 0.000 0.000 0.000 0.000 0.000 0.000 0.000 0.000 0.000
0.000 0.000 0.000 0.000 0.000 0.000 0.000 0.000 0.000 0.000 0.000 0.000 0.000 0.000 0.000 0.000 0.000 0.000 0.000 0.000 0.000 0.000 0.000 0.000 0.000 0.000 0.000 0.000 0.000 0.000 0.000 0.000 0.000 0.000 0.000 0.000 0.000 0.000 0.000 0.000 0.000 0.000 0.000 0.000 0.000 0.000 0.000 0.000 0.000 0.000 0.000 0.000 0.000 0.000 0.000 0.000 0.000 0.000 0.000 0.000 0.000 0.000 0.000 0.000 0.000 0.000 0.000 0.000 0.000 0.000 0.000 0.000 0.000 0.000 0.000 0.000 0.000
0.000 0.000 0.000 0.000 0.000 0.000 0.000 0.000 0.000 0.000 0.000 0.000 0.000 0.000 0.000 0.000 0.000 0.000 0.000 0.000 0.000 0.000 0.000 0.000 0.000 0.000 0.000 0.000 0.000 0.000 0.000 0.000 0.000 0.000 0.000 0.000 0.000 0.000 0.000 0.000 0.000 0.000 0.000 0.000 0.000 0.000 0.000 0.000 0.000 0.000 0.000 0.000 0.000 0.000 0.000 0.000 0.000 0.000 0.000 0.000 0.000 0.000 0.000 0.000 0.000 0.000 0.000 0.000 0.000 0.000 0.000 0.000 0.000 0.000 0.000 0.000 0.000
0.000 0.000 0.000 0.000 0.000 0.000 0.000 0.000 0.000 0.000 0.000 0.000 0.000 0.000 0.000 0.000 0.000 0.000 0.000 0.000 0.000 0.000 0.000 0.000 0.000 0.000 0.000 0.000 0.000 0.000 0.000 0.000 0.000 0.000 0.000 0.000 0.000 0.000 0.000 0.000 0.000 0.000 0.000 0.000 0.000 0.000 0.000 0.000 0.000 0.000 0.000 0.000 0.000 0.000 0.000 0.000 0.000 0.000 0.000 0.000 0.000 0.000 0.000 0.000 0.000 0.000 0.000 0.000 0.000 0.000 0.000 0.000 0.000 0.000 0.000 0.000 0.000
0.002 0.001 0.001 0.001 0.001 0.001 0.001 0.000 0.000 0.000 0.000 0.000 0.000 0.000 0.000 0.000 0.000 0.000 0.000 0.000 0.000 0.000 0.000 0.000 0.000 0.000 0.000 0.000 0.000 0.000 0.000 0.000 0.000 0.000 0.000 0.000 0.000 0.000 0.000 0.000 0.000 0.000 0.000 0.000 0.000 0.000 0.000 0.000 0.000 0.000 0.000 0.000 0.000 0.000 0.000 0.000 0.000 0.000 0.000 0.000 0.000 0.000 0.000 0.000 0.000 0.000 0.000 0.000 0.000 0.000 0.000 0.000 0.000 0.000 0.000 0.000 0.000
0.003 0.003 0.002 0.002 0.002 0.002 0.001 0.001 0.001 0.000 0.000 0.000 0.000 0.000 0.000 0.000 0.000 0.000 0.000 0.000 0.000 0.000 0.000 0.000 0.000 0.000 0.000 0.000 0.000 0.000 0.000 0.000 0.000 0.000 0.000 0.000 0.000 0.000 0.000 0.000 0.000 0.000 0.000 0.000 0.000 0.000 0.000 0.001 0.001 0.001 0.001 0.001 0.002 0.002 0.002 0.002 0.002 0.001 0.001 0.001 0.001 0.001 0.001 0.001 0.001 0.001 0.001 0.001 0.001 0.001 0.001 0.001 0.001 0.001 0.001 0.001 0.000
0.005 0.005 0.004 0.004 0.003 0.003 0.003 0.002 0.002 0.001 0.001 0.001 0.000 0.000 0.000 0.000 0.000 0.000 0.000 0.000 0.000 0.000 0.000 0.000 0.000 0.000 0.000 0.000 0.000 0.000 0.000 0.000 0.000 0.000 0.000 0.000 0.000 0.000 0.000 0.000 0.000 0.000 0.000 0.000 0.001 0.001 0.002 0.002 0.003 0.004 0.004 0.005 0.005 0.005 0.005 0.005 0.005 0.005 0.005 0.004 0.004 0.004 0.004 0.004 0.004 0.004 0.004 0.004 0.004 0.004 0.004 0.004 0.004 0.003 0.003 0.002 0.002
0.008 0.007 0.006 0.006 0.005 0.005 0.004 0.004 0.003 0.003 0.002 0.002 0.001 0.001 0.001 0.001 0.000 0.000 0.000 0.000 0.000 0.000 0.000 0.000 0.000 0.000 0.000 0.000 0.000 0.000 0.000 0.000 0.000 0.000 0.000 0.000 0.000 0.000 0.000 0.000 0.000 0.000 0.001 0.001 0.002 0.003 0.004 0.006 0.007 0.008 0.009 0.009 0.010 0.010 0.010 0.010 0.009 0.009 0.009 0.009 0.009 0.009 0.009 0.009 0.009 0.009 0.009 0.009 0.009 0.008 0.008 0.008 0.007 0.006 0.005 0.004 0.003
0.011 0.010 0.009 0.008 0.007 0.007 0.006 0.005 0.005 0.004 0.004 0.003 0.003 0.002 0.002 0.002 0.001 0.001 0.001 0.001 0.000 0.000 0.000 0.000 0.000 0.000 0.000 0.000 0.000 0.000 0.000 0.000 0.000 0.000 0.000 0.000 0.000 0.000 0.000 0.000 0.001 0.001 0.002 0.004 0.005 0.006 0.008 0.010 0.012 0.014 0.015 0.016 0.016 0.017 0.017 0.016 0.016 0.016 0.016 0.015 0.015 0.015 0.014 0.014 0.014 0.015 0.015 0.015 0.015 0.015 0.014 0.013 0.012 0.010 0.009 0.007 0.006
0.015 0.014 0.012 0.011 0.010 0.009 0.008 0.008 0.007 0.006 0.006 0.005 0.005 0.004 0.004 0.003 0.003 0.003 0.002 0.002 0.001 0.001 0.001 0.001 0.001 0.001 0.001 0.001 0.001 0.001 0.001 0.001 0.001 0.001 0.001 0.001 0.001 0.001 0.001 0.002 0.002 0.004 0.005 0.007 0.009 0.011 0.013 0.016 0.019 0.021 0.024 0.025 0.026 0.026 0.026 0.026 0.026 0.025 0.025 0.024 0.024 0.023 0.023 0.022 0.022 0.023 0.023 0.024 0.024 0.023 0.022 0.021 0.018 0.015 0.013 0.011 0.009
0.021 0.018 0.016 0.014 0.013 0.012 0.011 0.010 0.010 0.009 0.009 0.008 0.008 0.007 0.007 0.006 0.005 0.005 0.004 0.004 0.003 0.003 0.003 0.002 0.002 0.002 0.002 0.002 0.002 0.002 0.002 0.002 0.003 0.003 0.003 0.003 0.003 0.003 0.004 0.005 0.006 0.007 0.009 0.012 0.014 0.017 0.020 0.024 0.028 0.032 0.035 0.038 0.040 0.041 0.042 0.041 0.041 0.040 0.040 0.039 0.038 0.037 0.035 0.035 0.035 0.035 0.037 0.038 0.038 0.037 0.035 0.031 0.026 0.021 0.018 0.015 0.013
0.032 0.026 0.022 0.019 0.017 0.016 0.015 0.014 0.013 0.012 0.012 0.011 0.011 0.010 0.010 0.009 0.009 0.008 0.007 0.007 0.006 0.006 0.005 0.005 0.005 0.005 0.005 0.005 0.005 0.005 0.005 0.005 0.005 0.005 0.006 0.006 0.006 0.007 0.008 0.009 0.010 0.012 0.015 0.018 0.021 0.024 0.029 0.034 0.040 0.045 0.051 0.057 0.061 0.065 0.066 0.066 0.066 0.065 0.065 0.064 0.063 0.060 0.057 0.056 0.056 0.057 0.060 0.063 0.063 0.062 0.057 0.048 0.037 0.029 0.024 0.020 0.017
0.054 0.041 0.033 0.027 0.024 0.021 0.019 0.018 0.017 0.017 0.016 0.016 0.015 0.014 0.014 0.013 0.013 0.012 0.011 0.011 0.010 0.009 0.009 0.008 0.008 0.008 0.008 0.008 0.008 0.008 0.008 0.008 0.009 0.009 0.009 0.010 0.011 0.012 0.013 0.014 0.016 0.019 0.022 0.025 0.029 0.034 0.040 0.047 0.055 0.063 0.072 0.081 0.092 0.100 0.105 0.107 0.108 0.109 0.110 0.110 0.108 0.104 0.098 0.095 0.095 0.097 0.103 0.109 0.111 0.109 0.099 0.078 0.055 0.041 0.032 0.026 0.022
0.109 0.076 0.055 0.043 0.035 0.030 0.027 0.025 0.023 0.022 0.022 0.021 0.020 0.020 0.019 0.018 0.018 0.017 0.016 0.015 0.015 0.014 0.013 0.013 0.012 0.012 0.012 0.012 0.012 0.012 0.012 0.013 0.013 0.013 0.014 0.015 0.016 0.017 0.019 0.021 0.024 0.027 0.031 0.035 0.040 0.046 0.054 0.063 0.074 0.086 0.099 0.115 0.133 0.150 0.163 0.172 0.177 0.183 0.188 0.192 0.191 0.187 0.180 0.174 0.172 0.175 0.187 0.203 0.208 0.206 0.184 0.137 0.088 0.059 0.043 0.034 0.028
0.247 0.163 0.109 0.078 0.059 0.048 0.040 0.036 0.033 0.031 0.030 0.029 0.028 0.027 0.026 0.025 0.024 0.023 0.022 0.022 0.021 0.020 0.019 0.018 0.017 0.017 0.017 0.017 0.017 0.017 0.018 0.018 0.018 0.019 0.020 0.021 0.023 0.025 0.027 0.030 0.033 0.037 0.042 0.048 0.055 0.063 0.072 0.084 0.099 0.116 0.136 0.161 0.191 0.221 0.246 0.265 0.281 0.295 0.309 0.323 0.332 0.336 0.332 0.327 0.326 0.334 0.363 0.401 0.412 0.406 0.362 0.261 0.155 0.094 0.062 0.045 0.037
0.562 0.372 0.243 0.162 0.114 0.086 0.068 0.057 0.050 0.045 0.043 0.041 0.040 0.039 0.037 0.035 0.034 0.033 0.032 0.030 0.029 0.028 0.026 0.025 0.024 0.024 0.023 0.023 0.023 0.024 0.024 0.024 0.025 0.026 0.028 0.029 0.031 0.034 0.037 0.041 0.046 0.052 0.058 0.066 0.075 0.086 0.099 0.115 0.135 0.160 0.193 0.233 0.281 0.327 0.368 0.401 0.429 0.454 0.477 0.502 0.526 0.543 0.554 0.562 0.573 0.600 0.664 0.763 0.815 0.802 0.717 0.524 0.298 0.165 0.097 0.064 0.048
1.117 0.786 0.534 0.357 0.241 0.170 0.127 0.100 0.083 0.072 0.066 0.063 0.061 0.059 0.057 0.054 0.051 0.049 0.047 0.045 0.042 0.039 0.036 0.034 0.033 0.032 0.032 0.031 0.031 0.032 0.032 0.032 0.034 0.035 0.037 0.039 0.043 0.047 0.052 0.058 0.065 0.073 0.083 0.094 0.107 0.122 0.139 0.160 0.189 0.230 0.284 0.352 0.425 0.493 0.550 0.590 0.614 0.630 0.644 0.660 0.679 0.699 0.719 0.741 0.769 0.815 0.901 1.059 1.231 1.301 1.248 1.003 0.605 0.309 0.164 0.098 0.067
1.912 1.433 1.040 0.733 0.505 0.351 0.253 0.192 0.152 0.127 0.113 0.106 0.102 0.098 0.094 0.089 0.084 0.080 0.075 0.071 0.065 0.059 0.052 0.048 0.045 0.044 0.043 0.043 0.042 0.042 0.042 0.043 0.045 0.047 0.050 0.054 0.059 0.066 0.074 0.083 0.094 0.107 0.122 0.138 0.157 0.177 0.201 0.232 0.277 0.344 0.441 0.547 0.639 0.704 0.738 0.749 0.744 0.742 0.746 0.753 0.765 0.780 0.799 0.823 0.859 0.911 0.999 1.164 1.414 1.580 1.610 1.486 1.087 0.580 0.286 0.156 0.098
2.904 2.286 1.755 1.312 0.955 0.686 0.500 0.378 0.298 0.246 0.214 0.197 0.187 0.180 0.172 0.162 0.151 0.141 0.131 0.121 0.110 0.095 0.081 0.071 0.065 0.062 0.060 0.059 0.059 0.058 0.058 0.059 0.061 0.064 0.070 0.077 0.086 0.096 0.110 0.125 0.143 0.164 0.187 0.211 0.236 0.263 0.297 0.345 0.419 0.531 0.659 0.758 0.816 0.841 0.840 0.818 0.791 0.780 0.779 0.783 0.789 0.799 0.813 0.835 0.869 0.920 1.004 1.162 1.429 1.658 1.746 1.722 1.489 0.968 0.487 0.251 0.147
3.886 3.218 2.607 2.064 1.602 1.226 0.941 0.736 0.595 0.500 0.439 0.401 0.377 0.358 0.338 0.313 0.288 0.266 0.245 0.223 0.197 0.165 0.136 0.115 0.101 0.093 0.089 0.087 0.086 0.085 0.085 0.086 0.089 0.095 0.105 0.118 0.133 0.151 0.173 0.201 0.232 0.265 0.297 0.329 0.360 0.397 0.449 0.526 0.626 0.731 0.817 0.869 0.888 0.885 0.863 0.820 0.784 0.768 0.765 0.768 0.773 0.779 0.788 0.803 0.827 0.867 0.935 1.070 1.330 1.618 1.757 1.778 1.681 1.327 0.779 0.397 0.223
4.786 4.129 3.517 2.949 2.444 2.009 1.652 1.374 1.170 1.028 0.929 0.859 0.805 0.754 0.695 0.627 0.569 0.519 0.472 0.423 0.366 0.301 0.243 0.199 0.170 0.153 0.144 0.139 0.137 0.136 0.136 0.137 0.143 0.155 0.173 0.195 0.221 0.254 0.295 0.341 0.389 0.435 0.477 0.514 0.554 0.605 0.673 0.740 0.795 0.839 0.872 0.890 0.892 0.878 0.838 0.775 0.727 0.702 0.694 0.694 0.696 0.700 0.706 0.714 0.725 0.745 0.784 0.875 1.088 1.428 1.675 1.753 1.725 1.532 1.087 0.601 0.333
5.689 5.063 4.501 3.981 3.497 3.063 2.693 2.394 2.171 2.011 1.892 1.793 1.698 1.585 1.437 1.266 1.123 1.010 0.905 0.799 0.678 0.549 0.440 0.357 0.302 0.269 0.252 0.243 0.238 0.237 0.238 0.244 0.257 0.276 0.303 0.337 0.382 0.445 0.514 0.580 0.641 0.694 0.739 0.775 0.805 0.833 0.860 0.870 0.866 0.864 0.868 0.867 0.853 0.817 0.749 0.664 0.601 0.564 0.548 0.545 0.546 0.551 0.559 0.563 0.563 0.565 0.575 0.620 0.762 1.079 1.462 1.649 1.678 1.596 1.314 0.848 0.488
6.679 6.143 5.677 5.252 4.842 4.460 4.140 3.892 3.708 3.572 3.463 3.357 3.233 3.054 2.799 2.482 2.169 1.904 1.669 1.440 1.202 0.969 0.773 0.622 0.520 0.460 0.430 0.418 0.415 0.419 0.430 0.447 0.470 0.499 0.534 0.580 0.649 0.743 0.824 0.879 0.917 0.945 0.965 0.977 0.979 0.969 0.944 0.906 0.868 0.840 0.812 0.780 0.735 0.665 0.568 0.474 0.410 0.375 0.363 0.361 0.365 0.371 0.378 0.382 0.384 0.387 0.396 0.427 0.518 0.733 1.133 1.457 1.567 1.555 1.410 1.086 0.699
7.913 7.560 7.248 6.956 6.667 6.400 6.184 6.022 5.894 5.784 5.682 5.573 5.433 5.216 4.884 4.437 3.919 3.399 2.906 2.447 2.013 1.615 1.280 1.021 0.840 0.732 0.682 0.670 0.677 0.702 0.738 0.771 0.799 0.826 0.852 0.882 0.931 1.003 1.051 1.073 1.081 1.079 1.073 1.062 1.042 1.006 0.952 0.883 0.812 0.742 0.669 0.589 0.502 0.415 0.339 0.288 0.257 0.243 0.240 0.242 0.245 0.248 0.251 0.254 0.257 0.261 0.271 0.296 0.361 0.507 0.808 1.198 1.411 1.460 1.411 1.241 0.945
