RESULTS/r.avaflow_results/22_results/22_ascii/22_hflow10048.asc
ncols 506
nrows 317
xllcenter 498237.50
yllcenter 5580050.00
cellsize 12.50
NODATA_value -9999.000
[rows 170 to 203 of 317, columns 77 to 153 of 506]
0.000 0.000 0.000 0.000 0.000 0.000 0.000 0.000 0.000 0.001 0.002 0.004 0.008 0.013 0.021 0.031 0.041 0.050 0.058 0.066 0.075 0.089 0.116 0.164 0.228 0.275 0.290 0.288 0.277 0.260 0.237 0.207 0.170 0.134 0.106 0.085 0.071 0.062 0.058 0.057 0.060 0.074 0.117 0.228 0.462 0.835 1.312 1.856 2.475 3.231 4.236 5.517 6.820 7.786 8.338 8.555 8.651 8.723 8.770 8.787 8.768 8.666 8.411 8.003 7.474 6.856 6.192 5.583 5.032 4.531 4.084 3.693 3.352 3.051 2.781 2.536 2.313
0.000 0.000 0.000 0.000 0.000 0.000 0.000 0.001 0.002 0.004 0.007 0.012 0.021 0.033 0.050 0.069 0.088 0.105 0.122 0.139 0.159 0.189 0.237 0.304 0.364 0.390 0.390 0.379 0.359 0.332 0.299 0.256 0.206 0.161 0.128 0.105 0.092 0.085 0.083 0.086 0.100 0.146 0.265 0.536 1.010 1.653 2.379 3.152 4.022 5.021 6.082 7.136 7.997 8.536 8.755 8.804 8.833 8.867 8.883 8.881 8.833 8.692 8.411 7.999 7.475 6.857 6.184 5.565 5.007 4.512 4.083 3.714 3.394 3.115 2.869 2.650 2.453
0.000 0.000 0.000 0.000 0.000 0.000 0.001 0.002 0.005 0.009 0.016 0.026 0.043 0.066 0.094 0.125 0.157 0.188 0.219 0.250 0.288 0.342 0.410 0.468 0.496 0.499 0.491 0.473 0.446 0.411 0.366 0.309 0.244 0.190 0.153 0.130 0.119 0.115 0.117 0.133 0.181 0.310 0.604 1.151 1.947 2.873 3.810 4.764 5.723 6.652 7.493 8.175 8.618 8.810 8.843 8.841 8.856 8.874 8.876 8.859 8.793 8.637 8.360 7.958 7.445 6.836 6.159 5.533 4.980 4.499 4.084 3.727 3.421 3.156 2.928 2.731 2.556
0.000 0.000 0.000 0.000 0.000 0.000 0.001 0.004 0.009 0.016 0.026 0.041 0.063 0.093 0.129 0.171 0.220 0.274 0.332 0.388 0.445 0.507 0.563 0.594 0.601 0.598 0.587 0.567 0.536 0.494 0.438 0.366 0.286 0.224 0.183 0.161 0.154 0.155 0.169 0.218 0.351 0.660 1.256 2.181 3.329 4.435 5.402 6.275 7.083 7.807 8.381 8.741 8.882 8.895 8.857 8.836 8.831 8.825 8.808 8.768 8.679 8.515 8.249 7.867 7.375 6.786 6.115 5.493 4.953 4.486 4.081 3.732 3.432 3.177 2.961 2.777 2.618
0.000 0.000 0.000 0.000 0.000 0.000 0.002 0.005 0.011 0.020 0.032 0.050 0.075 0.108 0.150 0.202 0.265 0.340 0.424 0.503 0.573 0.633 0.674 0.693 0.696 0.693 0.683 0.663 0.630 0.581 0.515 0.429 0.334 0.261 0.217 0.198 0.195 0.203 0.244 0.363 0.657 1.270 2.302 3.671 4.965 5.967 6.762 7.443 8.033 8.509 8.829 8.962 8.965 8.918 8.847 8.802 8.766 8.731 8.684 8.620 8.509 8.333 8.072 7.711 7.247 6.686 6.046 5.444 4.921 4.468 4.072 3.729 3.435 3.185 2.976 2.799 2.648
0.000 0.000 0.000 0.000 0.000 0.000 0.002 0.006 0.012 0.022 0.035 0.054 0.081 0.116 0.163 0.221 0.294 0.385 0.494 0.596 0.676 0.734 0.771 0.787 0.791 0.789 0.781 0.762 0.727 0.674 0.599 0.499 0.388 0.304 0.253 0.231 0.228 0.243 0.313 0.525 1.051 2.075 3.620 5.216 6.385 7.210 7.802 8.258 8.621 8.875 9.001 9.023 8.987 8.913 8.816 8.728 8.657 8.589 8.513 8.419 8.285 8.095 7.837 7.496 7.063 6.543 5.947 5.372 4.872 4.433 4.050 3.716 3.429 3.185 2.980 2.805 2.654
0.000 0.000 0.000 0.000 0.000 0.000 0.002 0.006 0.012 0.022 0.036 0.055 0.082 0.120 0.168 0.231 0.310 0.410 0.537 0.670 0.767 0.831 0.868 0.885 0.890 0.890 0.883 0.865 0.829 0.772 0.690 0.578 0.450 0.350 0.287 0.259 0.255 0.271 0.352 0.614 1.303 2.668 4.664 6.390 7.497 8.161 8.544 8.785 8.957 9.051 9.071 9.042 8.978 8.882 8.757 8.618 8.501 8.401 8.298 8.175 8.022 7.818 7.555 7.225 6.822 6.347 5.803 5.264 4.790 4.370 4.002 3.683 3.407 3.172 2.973 2.801 2.652
0.000 0.000 0.000 0.000 0.000 0.000 0.002 0.006 0.012 0.022 0.035 0.055 0.082 0.120 0.170 0.234 0.315 0.420 0.555 0.717 0.848 0.928 0.971 0.991 0.998 0.998 0.992 0.975 0.938 0.878 0.788 0.665 0.519 0.401 0.322 0.283 0.275 0.289 0.369 0.641 1.403 2.994 5.351 7.241 8.327 8.840 9.042 9.126 9.167 9.157 9.110 9.036 8.943 8.822 8.667 8.482 8.317 8.179 8.046 7.895 7.718 7.496 7.226 6.903 6.524 6.090 5.598 5.104 4.661 4.267 3.920 3.618 3.358 3.136 2.947 2.782 2.641
0.000 0.000 0.000 0.000 0.000 0.000 0.002 0.005 0.011 0.020 0.033 0.053 0.080 0.119 0.169 0.233 0.315 0.421 0.558 0.734 0.909 1.024 1.084 1.109 1.118 1.119 1.114 1.095 1.057 0.991 0.894 0.761 0.598 0.456 0.358 0.305 0.290 0.299 0.373 0.641 1.410 3.108 5.730 7.808 8.892 9.284 9.364 9.355 9.307 9.219 9.115 9.004 8.873 8.719 8.535 8.317 8.111 7.935 7.763 7.580 7.375 7.133 6.849 6.526 6.165 5.766 5.328 4.885 4.481 4.119 3.799 3.520 3.279 3.074 2.899 2.747 2.613
0.000 0.000 0.000 0.000 0.000 0.000 0.001 0.004 0.009 0.017 0.028 0.046 0.074 0.112 0.163 0.228 0.310 0.415 0.552 0.731 0.940 1.106 1.199 1.237 1.248 1.249 1.242 1.220 1.177 1.106 1.002 0.861 0.684 0.518 0.397 0.327 0.301 0.305 0.370 0.624 1.376 3.098 5.863 8.123 9.233 9.548 9.566 9.499 9.379 9.233 9.087 8.936 8.767 8.579 8.365 8.120 7.879 7.665 7.451 7.230 6.990 6.718 6.415 6.087 5.741 5.377 4.993 4.609 4.252 3.929 3.642 3.390 3.174 2.990 2.832 2.696 2.574
0.000 0.000 0.000 0.000 0.000 0.000 0.001 0.003 0.006 0.011 0.020 0.034 0.058 0.094 0.143 0.206 0.287 0.390 0.525 0.704 0.930 1.149 1.291 1.350 1.364 1.364 1.356 1.331 1.284 1.210 1.104 0.962 0.778 0.588 0.443 0.351 0.312 0.309 0.359 0.583 1.286 2.988 5.819 8.223 9.400 9.690 9.670 9.555 9.389 9.209 9.018 8.821 8.616 8.398 8.159 7.894 7.622 7.369 7.116 6.848 6.562 6.256 5.928 5.593 5.260 4.931 4.604 4.285 3.982 3.703 3.454 3.235 3.047 2.887 2.749 2.627 2.519
0.000 0.000 0.000 0.000 0.000 0.000 0.000 0.001 0.003 0.005 0.010 0.019 0.034 0.061 0.101 0.158 0.231 0.324 0.448 0.619 0.855 1.130 1.336 1.437 1.459 1.458 1.449 1.423 1.376 1.302 1.198 1.058 0.876 0.669 0.498 0.383 0.326 0.314 0.343 0.518 1.134 2.738 5.580 8.150 9.430 9.743 9.701 9.556 9.355 9.131 8.887 8.650 8.415 8.173 7.916 7.637 7.343 7.052 6.761 6.459 6.143 5.809 5.460 5.120 4.797 4.490 4.202 3.933 3.684 3.454 3.244 3.060 2.902 2.766 2.647 2.541 2.449
0.000 0.000 0.000 0.000 0.000 0.000 0.000 0.000 0.001 0.002 0.004 0.008 0.015 0.028 0.050 0.085 0.135 0.203 0.299 0.445 0.676 1.010 1.313 1.479 1.528 1.529 1.519 1.494 1.450 1.381 1.284 1.151 0.978 0.765 0.570 0.429 0.349 0.324 0.336 0.455 0.939 2.354 5.102 7.854 9.308 9.714 9.675 9.501 9.255 8.974 8.684 8.418 8.159 7.900 7.632 7.349 7.046 6.733 6.419 6.099 5.765 5.411 5.051 4.711 4.396 4.105 3.840 3.600 3.384 3.192 3.020 2.870 2.740 2.626 2.525 2.438 2.361
0.000 0.000 0.000 0.000 0.000 0.000 0.000 0.000 0.000 0.001 0.001 0.003 0.006 0.011 0.020 0.035 0.058 0.091 0.141 0.231 0.415 0.760 1.193 1.465 1.563 1.574 1.566 1.545 1.507 1.447 1.361 1.242 1.083 0.879 0.665 0.499 0.394 0.349 0.349 0.425 0.775 1.927 4.421 7.285 8.921 9.479 9.497 9.329 9.047 8.705 8.373 8.090 7.826 7.566 7.306 7.032 6.736 6.423 6.101 5.771 5.424 5.057 4.698 4.362 4.052 3.770 3.518 3.295 3.101 2.932 2.787 2.664 2.558 2.463 2.382 2.314 2.255
0.000 0.000 0.000 0.000 0.000 0.000 0.000 0.000 0.000 0.000 0.000 0.001 0.002 0.004 0.007 0.012 0.020 0.033 0.054 0.097 0.204 0.468 0.948 1.372 1.560 1.596 1.593 1.577 1.548 1.502 1.432 1.333 1.194 1.009 0.789 0.600 0.471 0.404 0.391 0.438 0.689 1.566 3.636 6.448 8.221 8.941 9.055 8.949 8.682 8.319 7.943 7.639 7.396 7.171 6.937 6.686 6.413 6.118 5.803 5.469 5.116 4.745 4.390 4.059 3.755 3.477 3.230 3.014 2.830 2.676 2.548 2.441 2.353 2.279 2.220 2.172 2.135
0.000 0.000 0.000 0.000 0.000 0.000 0.000 0.000 0.000 0.000 0.000 0.000 0.001 0.001 0.002 0.004 0.007 0.011 0.019 0.036 0.087 0.245 0.632 1.161 1.491 1.596 1.603 1.595 1.577 1.545 1.495 1.418 1.307 1.152 0.945 0.740 0.591 0.504 0.476 0.498 0.677 1.329 2.917 5.401 7.237 8.100 8.316 8.283 8.091 7.769 7.371 7.036 6.810 6.646 6.484 6.299 6.077 5.812 5.513 5.186 4.834 4.466 4.117 3.792 3.492 3.217 2.969 2.753 2.571 2.421 2.300 2.202 2.128 2.075 2.038 2.014 1.999
0.000 0.000 0.000 0.000 0.000 0.000 0.000 0.000 0.000 0.000 0.000 0.000 0.000 0.001 0.001 0.001 0.002 0.004 0.007 0.014 0.036 0.114 0.348 0.829 1.312 1.544 1.601 1.602 1.596 1.580 1.548 1.493 1.409 1.287 1.119 0.921 0.763 0.663 0.620 0.624 0.743 1.221 2.410 4.382 6.085 6.992 7.294 7.319 7.231 7.008 6.653 6.271 6.030 5.931 5.878 5.810 5.692 5.491 5.220 4.906 4.566 4.211 3.871 3.551 3.253 2.979 2.729 2.509 2.322 2.169 2.046 1.952 1.887 1.850 1.834 1.828 1.821
0.000 0.000 0.000 0.000 0.000 0.000 0.000 0.000 0.000 0.000 0.000 0.000 0.000 0.000 0.001 0.001 0.001 0.002 0.003 0.006 0.016 0.051 0.171 0.487 0.997 1.396 1.563 1.603 1.609 1.606 1.590 1.555 1.494 1.400 1.267 1.101 0.965 0.874 0.827 0.818 0.883 1.213 2.077 3.594 5.050 5.851 6.149 6.202 6.182 6.074 5.844 5.504 5.226 5.117 5.128 5.174 5.183 5.096 4.893 4.613 4.297 3.969 3.647 3.331 3.029 2.752 2.501 2.278 2.084 1.921 1.791 1.694 1.629 1.593 1.573 1.550 1.496
0.000 0.000 0.000 0.000 0.000 0.000 0.000 0.000 0.000 0.000 0.000 0.000 0.000 0.000 0.000 0.001 0.001 0.001 0.002 0.004 0.009 0.025 0.080 0.249 0.629 1.123 1.449 1.580 1.618 1.626 1.623 1.603 1.560 1.487 1.378 1.239 1.124 1.050 1.014 1.007 1.044 1.257 1.857 2.988 4.207 4.912 5.197 5.276 5.281 5.237 5.111 4.884 4.608 4.431 4.390 4.443 4.532 4.554 4.467 4.273 4.013 3.724 3.427 3.121 2.813 2.530 2.278 2.052 1.851 1.677 1.535 1.425 1.337 1.261 1.178 1.074 0.941
0.000 0.000 0.000 0.000 0.000 0.000 0.000 0.000 0.000 0.000 0.000 0.000 0.000 0.000 0.000 0.000 0.001 0.001 0.002 0.004 0.007 0.016 0.041 0.120 0.336 0.761 1.223 1.491 1.604 1.640 1.646 1.638 1.608 1.549 1.458 1.336 1.232 1.165 1.132 1.125 1.144 1.278 1.688 2.501 3.513 4.153 4.438 4.537 4.559 4.546 4.483 4.344 4.128 3.913 3.791 3.763 3.812 3.869 3.876 3.801 3.634 3.406 3.145 2.865 2.567 2.287 2.038 1.814 1.609 1.421 1.253 1.103 0.957 0.812 0.676 0.552 0.438
0.000 0.000 0.000 0.000 0.000 0.000 0.000 0.000 0.000 0.000 0.000 0.000 0.000 0.000 0.000 0.000 0.001 0.002 0.003 0.004 0.008 0.013 0.027 0.064 0.173 0.433 0.873 1.286 1.524 1.630 1.660 1.660 1.638 1.589 1.507 1.398 1.299 1.231 1.193 1.180 1.186 1.264 1.531 2.089 2.902 3.510 3.814 3.933 3.967 3.967 3.936 3.851 3.699 3.498 3.323 3.208 3.148 3.129 3.126 3.110 3.032 2.879 2.666 2.419 2.157 1.905 1.674 1.461 1.258 1.057 0.859 0.678 0.527 0.408 0.313 0.235 0.175
0.000 0.000 0.000 0.000 0.000 0.000 0.000 0.000 0.000 0.000 0.000 0.000 0.000 0.000 0.000 0.001 0.001 0.003 0.004 0.006 0.009 0.014 0.024 0.045 0.100 0.243 0.527 0.948 1.330 1.553 1.649 1.667 1.652 1.607 1.530 1.429 1.335 1.265 1.218 1.194 1.191 1.224 1.369 1.722 2.327 2.917 3.256 3.408 3.459 3.464 3.448 3.391 3.276 3.107 2.918 2.742 2.592 2.468 2.364 2.277 2.194 2.080 1.914 1.707 1.487 1.280 1.087 0.905 0.733 0.571 0.430 0.317 0.230 0.167 0.122 0.090 0.066
0.000 0.000 0.000 0.000 0.000 0.000 0.000 0.000 0.000 0.000 0.000 0.000 0.000 0.000 0.000 0.001 0.002 0.004 0.006 0.009 0.013 0.018 0.026 0.043 0.077 0.155 0.322 0.618 1.027 1.380 1.577 1.649 1.650 1.610 1.535 1.439 1.350 1.279 1.225 1.188 1.162 1.153 1.199 1.388 1.792 2.328 2.717 2.919 2.995 3.007 2.996 2.949 2.854 2.707 2.518 2.307 2.098 1.902 1.720 1.555 1.405 1.260 1.109 0.947 0.786 0.644 0.518 0.409 0.313 0.231 0.165 0.116 0.082 0.059 0.044 0.033 0.025
0.000 0.000 0.000 0.000 0.000 0.000 0.000 0.000 0.000 0.000 0.000 0.000 0.000 0.000 0.000 0.001 0.003 0.006 0.010 0.014 0.019 0.025 0.033 0.047 0.075 0.128 0.231 0.422 0.733 1.124 1.424 1.574 1.612 1.591 1.527 1.438 1.352 1.281 1.220 1.162 1.095 1.038 1.024 1.093 1.322 1.733 2.160 2.425 2.542 2.567 2.556 2.515 2.430 2.294 2.104 1.867 1.611 1.372 1.159 0.976 0.818 0.681 0.559 0.448 0.350 0.268 0.201 0.149 0.107 0.076 0.054 0.038 0.028 0.022 0.017 0.013 0.010
0.000 0.000 0.000 0.000 0.000 0.000 0.000 0.000 0.000 0.000 0.000 0.000 0.000 0.000 0.000 0.002 0.004 0.007 0.012 0.018 0.026 0.035 0.045 0.060 0.083 0.127 0.203 0.333 0.551 0.873 1.209 1.430 1.518 1.523 1.487 1.420 1.343 1.271 1.199 1.119 1.015 0.907 0.850 0.853 0.946 1.177 1.534 1.852 2.031 2.093 2.095 2.063 1.981 1.835 1.619 1.345 1.074 0.852 0.674 0.529 0.411 0.319 0.246 0.187 0.139 0.100 0.071 0.050 0.035 0.025 0.018 0.014 0.011 0.009 0.007 0.006 0.005
0.000 0.000 0.000 0.000 0.000 0.000 0.000 0.000 0.000 0.000 0.000 0.000 0.000 0.000 0.000 0.002 0.004 0.008 0.013 0.021 0.032 0.044 0.059 0.077 0.101 0.138 0.201 0.302 0.461 0.698 0.994 1.234 1.366 1.403 1.396 1.363 1.308 1.240 1.161 1.068 0.950 0.815 0.713 0.666 0.676 0.762 0.944 1.180 1.360 1.457 1.483 1.466 1.385 1.222 0.987 0.747 0.564 0.424 0.315 0.232 0.172 0.129 0.097 0.073 0.052 0.036 0.025 0.017 0.012 0.009 0.007 0.006 0.005 0.004 0.004 0.003 0.003
0.000 0.000 0.000 0.000 0.000 0.000 0.000 0.000 0.000 0.000 0.000 0.000 0.000 0.000 0.000 0.001 0.004 0.008 0.014 0.023 0.035 0.050 0.068 0.089 0.117 0.154 0.209 0.292 0.416 0.592 0.821 1.030 1.173 1.242 1.260 1.255 1.229 1.178 1.105 1.011 0.893 0.751 0.622 0.535 0.495 0.494 0.543 0.641 0.730 0.780 0.795 0.784 0.727 0.613 0.457 0.323 0.228 0.160 0.113 0.081 0.061 0.047 0.036 0.027 0.019 0.013 0.009 0.006 0.005 0.004 0.003 0.003 0.003 0.002 0.002 0.002 0.002
0.000 0.000 0.000 0.000 0.000 0.000 0.000 0.000 0.000 0.000 0.000 0.000 0.000 0.000 0.000 0.001 0.003 0.007 0.014 0.024 0.037 0.053 0.073 0.096 0.124 0.162 0.213 0.285 0.385 0.519 0.688 0.849 0.973 1.055 1.095 1.109 1.105 1.079 1.024 0.942 0.834 0.700 0.562 0.455 0.381 0.337 0.318 0.323 0.337 0.343 0.341 0.329 0.296 0.238 0.164 0.108 0.072 0.049 0.034 0.026 0.020 0.016 0.012 0.009 0.007 0.005 0.004 0.003 0.002 0.002 0.002 0.002 0.002 0.001 0.001 0.001 0.001
0.000 0.000 0.000 0.000 0.000 0.000 0.000 0.000 0.000 0.000 0.000 0.000 0.000 0.000 0.000 0.001 0.003 0.006 0.013 0.024 0.038 0.055 0.075 0.098 0.127 0.164 0.212 0.276 0.357 0.458 0.578 0.690 0.783 0.858 0.911 0.939 0.949 0.943 0.914 0.855 0.766 0.650 0.517 0.400 0.311 0.246 0.201 0.171 0.152 0.138 0.127 0.115 0.098 0.075 0.050 0.032 0.021 0.014 0.010 0.008 0.006 0.005 0.004 0.003 0.002 0.002 0.002 0.001 0.001 0.001 0.001 0.001 0.001 0.001 0.001 0.001 0.001
0.000 0.000 0.000 0.000 0.000 0.000 0.000 0.000 0.000 0.000 0.000 0.000 0.000 0.000 0.000 0.001 0.002 0.005 0.012 0.023 0.038 0.055 0.075 0.098 0.127 0.162 0.207 0.261 0.325 0.400 0.481 0.552 0.612 0.665 0.714 0.754 0.776 0.783 0.775 0.744 0.683 0.592 0.474 0.355 0.260 0.188 0.135 0.099 0.075 0.059 0.048 0.039 0.031 0.022 0.014 0.009 0.006 0.004 0.003 0.002 0.002 0.001 0.001 0.001 0.001 0.001 0.001 0.001 0.001 0.001 0.001 0.001 0.001 0.001 0.001 0.001 0.001
0.000 0.000 0.000 0.000 0.000 0.000 0.000 0.000 0.000 0.000 0.000 0.000 0.000 0.000 0.000 0.001 0.002 0.005 0.011 0.021 0.036 0.054 0.074 0.097 0.125 0.157 0.196 0.240 0.290 0.342 0.391 0.432 0.464 0.492 0.519 0.549 0.578 0.600 0.608 0.600 0.571 0.512 0.422 0.309 0.213 0.142 0.093 0.060 0.040 0.027 0.019 0.014 0.009 0.006 0.004 0.002 0.002 0.001 0.001 0.001 0.001 0.000 0.000 0.000 0.000 0.000 0.000 0.001 0.001 0.001 0.001 0.001 0.001 0.001 0.001 0.001 0.001
0.000 0.000 0.000 0.000 0.000 0.000 0.000 0.000 0.000 0.000 0.000 0.000 0.000 0.000 0.000 0.000 0.001 0.003 0.009 0.018 0.032 0.051 0.071 0.094 0.119 0.148 0.180 0.214 0.250 0.282 0.308 0.328 0.341 0.347 0.350 0.356 0.368 0.385 0.400 0.407 0.405 0.385 0.335 0.251 0.163 0.100 0.061 0.036 0.022 0.013 0.008 0.005 0.003 0.002 0.001 0.001 0.001 0.000 0.000 0.000 0.000 0.000 0.000 0.000 0.000 0.000 0.000 0.000 0.000 0.001 0.001 0.001 0.001 0.001 0.001 0.001 0.001
0.000 0.000 0.000 0.000 0.000 0.000 0.000 0.000 0.000 0.000 0.000 0.000 0.000 0.000 0.000 0.000 0.001 0.002 0.006 0.013 0.025 0.042 0.063 0.086 0.110 0.134 0.159 0.184 0.205 0.221 0.232 0.238 0.239 0.232 0.218 0.208 0.205 0.210 0.216 0.220 0.221 0.219 0.204 0.164 0.106 0.062 0.036 0.021 0.012 0.006 0.003 0.002 0.001 0.001 0.000 0.000 0.000 0.000 0.000 0.000 0.000 0.000 0.000 0.000 0.000 0.000 0.000 0.000 0.000 0.000 0.001 0.000 0.000 0.000 0.001 0.001 0.001
0.000 0.000 0.000 0.000 0.000 0.000 0.000 0.000 0.000 0.000 0.000 0.000 0.000 0.000 0.000 0.000 0.001 0.001 0.003 0.007 0.015 0.029 0.048 0.072 0.095 0.115 0.133 0.146 0.155 0.160 0.162 0.161 0.156 0.145 0.126 0.108 0.099 0.097 0.097 0.097 0.098 0.098 0.095 0.081 0.056 0.033 0.019 0.011 0.006 0.003 0.002 0.001 0.000 0.000 0.000 0.000 0.000 0.000 0.000 0.000 0.000 0.000 0.000 0.000 0.000 0.000 0.000 0.000 0.000 0.000 0.001 0.000 0.000 0.000 0.000 0.001 0.001
