RESULTS/r.avaflow_results/22_results/22_ascii/22_hflow0060.asc
ncols 506
nrows 317
xllcenter 498237.50
yllcenter 5580050.00
cellsize 12.50
NODATA_value -9999.000
[rows 170 to 203 of 317, columns 77 to 153 of 506]
0.000 0.000 0.000 0.000 0.000 0.000 0.000 0.000 0.000 0.001 0.002 0.004 0.008 0.013 0.022 0.033 0.042 0.049 0.055 0.060 0.067 0.078 0.102 0.146 0.207 0.251 0.265 0.261 0.247 0.227 0.200 0.168 0.133 0.103 0.080 0.063 0.051 0.043 0.039 0.038 0.040 0.049 0.079 0.162 0.346 0.660 1.086 1.600 2.213 2.990 4.047 5.431 6.899 8.076 8.880 9.375 9.779 10.214 10.711 11.285 11.951 12.666 13.343 13.840 14.105 14.178 14.097 13.928 13.677 13.335 12.945 12.578 12.252 11.970 11.719 11.481 11.234
0.000 0.000 0.000 0.000 0.000 0.000 0.000 0.001 0.002 0.004 0.007 0.012 0.021 0.035 0.055 0.076 0.093 0.106 0.118 0.131 0.146 0.171 0.215 0.279 0.336 0.361 0.360 0.345 0.321 0.289 0.252 0.207 0.160 0.123 0.096 0.077 0.065 0.058 0.056 0.057 0.066 0.097 0.183 0.395 0.793 1.367 2.051 2.814 3.705 4.764 5.926 7.117 8.150 8.891 9.356 9.682 10.033 10.440 10.915 11.469 12.109 12.779 13.413 13.873 14.118 14.174 14.068 13.866 13.615 13.341 13.090 12.915 12.835 12.851 12.933 13.055 13.209
0.000 0.000 0.000 0.000 0.000 0.000 0.001 0.002 0.005 0.009 0.016 0.027 0.045 0.070 0.101 0.134 0.164 0.191 0.215 0.240 0.270 0.316 0.378 0.432 0.456 0.458 0.447 0.425 0.395 0.355 0.307 0.248 0.190 0.145 0.113 0.093 0.082 0.078 0.078 0.086 0.118 0.211 0.437 0.891 1.596 2.466 3.393 4.371 5.399 6.426 7.383 8.204 8.813 9.194 9.460 9.735 10.080 10.477 10.934 11.473 12.091 12.740 13.366 13.813 14.045 14.084 13.959 13.777 13.610 13.487 13.451 13.516 13.670 13.896 14.198 14.642 15.302
0.000 0.000 0.000 0.000 0.000 0.000 0.001 0.004 0.009 0.016 0.027 0.042 0.065 0.096 0.133 0.175 0.221 0.270 0.319 0.365 0.413 0.467 0.516 0.542 0.547 0.541 0.526 0.503 0.469 0.424 0.366 0.293 0.222 0.169 0.133 0.113 0.104 0.104 0.111 0.141 0.234 0.470 0.958 1.762 2.829 3.926 4.945 5.887 6.779 7.600 8.295 8.795 9.094 9.285 9.480 9.728 10.051 10.423 10.860 11.378 11.970 12.603 13.212 13.637 13.862 13.913 13.836 13.741 13.716 13.774 13.886 14.051 14.275 14.582 15.023 15.711 16.744
0.000 0.000 0.000 0.000 0.000 0.000 0.002 0.006 0.012 0.020 0.033 0.051 0.076 0.110 0.150 0.199 0.257 0.325 0.398 0.464 0.524 0.575 0.609 0.623 0.623 0.618 0.605 0.581 0.545 0.495 0.428 0.343 0.258 0.196 0.156 0.137 0.132 0.136 0.159 0.238 0.455 0.948 1.825 3.081 4.385 5.446 6.303 7.057 7.734 8.311 8.751 9.022 9.173 9.308 9.468 9.683 9.964 10.301 10.714 11.202 11.755 12.345 12.914 13.329 13.586 13.713 13.732 13.738 13.812 13.936 14.091 14.288 14.542 14.908 15.463 16.303 17.495
0.000 0.000 0.000 0.000 0.000 0.000 0.002 0.006 0.013 0.022 0.035 0.054 0.081 0.116 0.160 0.214 0.280 0.361 0.456 0.542 0.609 0.657 0.686 0.697 0.698 0.695 0.684 0.661 0.623 0.569 0.494 0.397 0.299 0.227 0.182 0.161 0.158 0.166 0.213 0.369 0.778 1.635 3.019 4.592 5.812 6.687 7.339 7.871 8.324 8.680 8.922 9.073 9.188 9.302 9.427 9.587 9.811 10.110 10.489 10.934 11.439 11.972 12.486 12.911 13.241 13.477 13.601 13.674 13.785 13.926 14.095 14.305 14.576 14.975 15.589 16.484 17.682
0.000 0.000 0.000 0.000 0.000 0.000 0.002 0.006 0.013 0.022 0.036 0.055 0.082 0.118 0.164 0.221 0.292 0.380 0.490 0.601 0.682 0.733 0.762 0.774 0.776 0.774 0.765 0.743 0.705 0.647 0.565 0.458 0.346 0.261 0.207 0.182 0.177 0.187 0.246 0.448 1.012 2.203 4.050 5.789 6.931 7.638 8.079 8.400 8.664 8.859 8.989 9.088 9.179 9.267 9.353 9.448 9.606 9.855 10.191 10.590 11.043 11.515 11.979 12.414 12.820 13.153 13.355 13.472 13.599 13.739 13.901 14.107 14.380 14.799 15.449 16.363 17.546
0.000 0.000 0.000 0.000 0.000 0.000 0.002 0.006 0.013 0.022 0.036 0.055 0.082 0.118 0.164 0.222 0.295 0.386 0.502 0.637 0.745 0.810 0.843 0.857 0.861 0.860 0.852 0.831 0.792 0.731 0.643 0.526 0.399 0.300 0.233 0.200 0.193 0.202 0.261 0.477 1.113 2.530 4.745 6.653 7.768 8.323 8.584 8.747 8.874 8.970 9.033 9.089 9.144 9.198 9.243 9.282 9.372 9.556 9.836 10.184 10.581 10.999 11.420 11.850 12.290 12.660 12.885 13.012 13.124 13.234 13.366 13.539 13.790 14.206 14.879 15.821 17.013
0.000 0.000 0.000 0.000 0.000 0.000 0.002 0.005 0.012 0.020 0.033 0.052 0.079 0.116 0.163 0.221 0.294 0.386 0.502 0.650 0.793 0.886 0.932 0.951 0.956 0.956 0.948 0.927 0.886 0.820 0.726 0.600 0.457 0.342 0.261 0.217 0.204 0.210 0.266 0.479 1.127 2.652 5.136 7.236 8.346 8.781 8.919 8.984 9.021 9.037 9.046 9.062 9.077 9.090 9.096 9.090 9.124 9.242 9.449 9.732 10.061 10.415 10.784 11.182 11.601 11.934 12.132 12.236 12.305 12.365 12.447 12.575 12.802 13.219 13.907 14.874 16.095
0.000 0.000 0.000 0.000 0.000 0.000 0.001 0.004 0.009 0.017 0.028 0.045 0.072 0.108 0.155 0.214 0.287 0.378 0.494 0.644 0.815 0.949 1.022 1.051 1.058 1.057 1.048 1.023 0.978 0.907 0.808 0.677 0.522 0.388 0.291 0.234 0.213 0.215 0.264 0.469 1.105 2.651 5.281 7.569 8.707 9.063 9.132 9.136 9.102 9.057 9.022 8.999 8.974 8.948 8.917 8.875 8.857 8.914 9.040 9.234 9.470 9.737 10.033 10.368 10.715 10.961 11.095 11.149 11.161 11.164 11.197 11.302 11.546 12.004 12.717 13.693 14.918
0.000 0.000 0.000 0.000 0.000 0.000 0.001 0.003 0.006 0.011 0.019 0.033 0.055 0.089 0.134 0.191 0.263 0.351 0.465 0.614 0.802 0.979 1.093 1.139 1.147 1.146 1.134 1.107 1.058 0.985 0.884 0.752 0.591 0.439 0.324 0.252 0.221 0.218 0.257 0.440 1.038 2.565 5.250 7.683 8.896 9.227 9.251 9.207 9.122 9.036 8.960 8.894 8.832 8.772 8.709 8.638 8.576 8.569 8.620 8.723 8.853 9.005 9.187 9.412 9.633 9.769 9.830 9.847 9.852 9.871 9.922 10.051 10.323 10.787 11.473 12.396 13.561
0.000 0.000 0.000 0.000 0.000 0.000 0.000 0.001 0.003 0.005 0.009 0.017 0.031 0.055 0.092 0.142 0.206 0.285 0.388 0.529 0.726 0.955 1.124 1.203 1.218 1.216 1.203 1.175 1.125 1.052 0.953 0.825 0.664 0.497 0.364 0.275 0.230 0.221 0.245 0.392 0.919 2.353 5.039 7.623 8.940 9.294 9.293 9.214 9.095 8.965 8.844 8.737 8.645 8.559 8.472 8.377 8.281 8.218 8.203 8.222 8.260 8.314 8.380 8.473 8.563 8.615 8.640 8.655 8.678 8.723 8.802 8.948 9.210 9.620 10.209 11.008 12.035
0.000 0.000 0.000 0.000 0.000 0.000 0.000 0.000 0.001 0.002 0.004 0.007 0.013 0.025 0.044 0.074 0.115 0.171 0.247 0.364 0.554 0.835 1.093 1.230 1.267 1.266 1.253 1.225 1.179 1.110 1.017 0.895 0.741 0.566 0.416 0.308 0.246 0.227 0.237 0.337 0.756 2.024 4.603 7.345 8.832 9.276 9.279 9.170 9.005 8.818 8.656 8.524 8.408 8.301 8.199 8.091 7.974 7.865 7.788 7.740 7.714 7.698 7.683 7.683 7.682 7.670 7.657 7.651 7.664 7.705 7.783 7.923 8.148 8.477 8.935 9.561 10.388
0.000 0.000 0.000 0.000 0.000 0.000 0.000 0.000 0.000 0.001 0.001 0.003 0.005 0.009 0.017 0.029 0.048 0.074 0.112 0.180 0.322 0.603 0.972 1.208 1.289 1.294 1.284 1.259 1.219 1.159 1.075 0.965 0.823 0.650 0.484 0.358 0.277 0.244 0.245 0.309 0.611 1.645 3.973 6.806 8.476 9.079 9.137 9.024 8.821 8.579 8.378 8.227 8.102 7.990 7.886 7.774 7.647 7.511 7.391 7.295 7.217 7.148 7.085 7.030 6.969 6.904 6.846 6.803 6.785 6.796 6.844 6.946 7.113 7.356 7.701 8.184 8.834
0.000 0.000 0.000 0.000 0.000 0.000 0.000 0.000 0.000 0.000 0.000 0.001 0.002 0.003 0.005 0.010 0.016 0.026 0.041 0.071 0.149 0.349 0.740 1.112 1.277 1.304 1.298 1.279 1.248 1.200 1.131 1.036 0.909 0.748 0.572 0.429 0.331 0.281 0.272 0.313 0.531 1.317 3.251 6.015 7.827 8.597 8.755 8.694 8.496 8.222 7.982 7.812 7.704 7.616 7.526 7.419 7.297 7.159 7.017 6.886 6.765 6.657 6.562 6.472 6.373 6.265 6.158 6.068 6.007 5.975 5.974 6.012 6.106 6.274 6.532 6.897 7.380
0.000 0.000 0.000 0.000 0.000 0.000 0.000 0.000 0.000 0.000 0.000 0.000 0.001 0.001 0.002 0.003 0.005 0.008 0.014 0.026 0.060 0.173 0.471 0.911 1.202 1.296 1.299 1.288 1.268 1.234 1.183 1.108 1.003 0.861 0.685 0.528 0.414 0.349 0.330 0.351 0.510 1.102 2.599 5.032 6.918 7.835 8.100 8.104 7.972 7.732 7.463 7.266 7.164 7.119 7.079 7.021 6.933 6.807 6.656 6.501 6.348 6.209 6.088 5.975 5.847 5.705 5.555 5.416 5.305 5.223 5.164 5.136 5.158 5.255 5.433 5.685 5.987
0.000 0.000 0.000 0.000 0.000 0.000 0.000 0.000 0.000 0.000 0.000 0.000 0.000 0.001 0.001 0.001 0.002 0.003 0.005 0.009 0.024 0.077 0.247 0.621 1.032 1.238 1.289 1.289 1.280 1.262 1.229 1.175 1.094 0.979 0.822 0.658 0.534 0.458 0.428 0.436 0.551 0.997 2.134 4.085 5.854 6.829 7.186 7.248 7.204 7.058 6.818 6.584 6.465 6.455 6.487 6.524 6.518 6.437 6.293 6.123 5.951 5.790 5.651 5.521 5.366 5.191 5.006 4.826 4.665 4.529 4.415 4.331 4.289 4.310 4.398 4.525 4.625
0.000 0.000 0.000 0.000 0.000 0.000 0.000 0.000 0.000 0.000 0.000 0.000 0.000 0.000 0.000 0.001 0.001 0.001 0.002 0.004 0.010 0.033 0.115 0.342 0.749 1.094 1.244 1.282 1.289 1.285 1.269 1.234 1.173 1.082 0.955 0.803 0.683 0.606 0.571 0.569 0.643 0.973 1.826 3.348 4.867 5.737 6.102 6.212 6.234 6.192 6.048 5.827 5.674 5.664 5.747 5.883 5.981 5.986 5.889 5.731 5.555 5.388 5.242 5.097 4.913 4.701 4.486 4.275 4.071 3.882 3.718 3.585 3.484 3.417 3.384 3.351 3.251
0.000 0.000 0.000 0.000 0.000 0.000 0.000 0.000 0.000 0.000 0.000 0.000 0.000 0.000 0.000 0.000 0.001 0.001 0.001 0.003 0.006 0.016 0.051 0.167 0.445 0.842 1.129 1.254 1.294 1.305 1.301 1.281 1.237 1.165 1.060 0.923 0.808 0.734 0.701 0.696 0.746 0.982 1.609 2.767 4.040 4.805 5.157 5.297 5.343 5.344 5.289 5.161 5.012 4.946 4.979 5.122 5.303 5.392 5.385 5.288 5.144 4.991 4.848 4.690 4.478 4.228 3.982 3.742 3.503 3.271 3.062 2.879 2.706 2.528 2.338 2.128 1.882
0.000 0.000 0.000 0.000 0.000 0.000 0.000 0.000 0.000 0.000 0.000 0.000 0.000 0.000 0.000 0.000 0.001 0.001 0.002 0.003 0.005 0.010 0.025 0.077 0.227 0.538 0.915 1.165 1.278 1.318 1.326 1.316 1.286 1.228 1.138 1.013 0.897 0.820 0.781 0.773 0.802 0.969 1.423 2.277 3.343 4.039 4.387 4.549 4.620 4.640 4.629 4.572 4.466 4.371 4.339 4.392 4.533 4.662 4.726 4.721 4.648 4.529 4.393 4.233 4.017 3.750 3.474 3.209 2.942 2.673 2.414 2.158 1.887 1.599 1.320 1.072 0.858
0.000 0.000 0.000 0.000 0.000 0.000 0.000 0.000 0.000 0.000 0.000 0.000 0.000 0.000 0.000 0.000 0.001 0.001 0.002 0.003 0.005 0.009 0.017 0.040 0.111 0.290 0.616 0.971 1.199 1.307 1.340 1.340 1.319 1.270 1.189 1.075 0.957 0.872 0.821 0.805 0.819 0.929 1.238 1.840 2.709 3.381 3.745 3.925 4.011 4.042 4.049 4.029 3.969 3.882 3.809 3.783 3.800 3.860 3.918 3.956 3.944 3.870 3.745 3.583 3.382 3.132 2.848 2.563 2.276 1.977 1.665 1.350 1.053 0.801 0.604 0.451 0.339
0.000 0.000 0.000 0.000 0.000 0.000 0.000 0.000 0.000 0.000 0.000 0.000 0.000 0.000 0.000 0.000 0.001 0.002 0.003 0.005 0.007 0.010 0.016 0.029 0.063 0.153 0.350 0.678 1.019 1.234 1.329 1.348 1.335 1.291 1.216 1.112 0.996 0.902 0.838 0.807 0.807 0.858 1.037 1.435 2.103 2.765 3.166 3.377 3.477 3.516 3.528 3.522 3.484 3.412 3.323 3.243 3.172 3.113 3.065 3.034 3.008 2.951 2.840 2.678 2.482 2.251 1.979 1.689 1.402 1.119 0.857 0.634 0.455 0.323 0.232 0.170 0.128
0.000 0.000 0.000 0.000 0.000 0.000 0.000 0.000 0.000 0.000 0.000 0.000 0.000 0.000 0.000 0.001 0.002 0.003 0.005 0.007 0.010 0.013 0.018 0.028 0.049 0.096 0.204 0.415 0.750 1.073 1.262 1.333 1.335 1.296 1.224 1.127 1.017 0.920 0.843 0.789 0.760 0.760 0.831 1.069 1.540 2.153 2.607 2.864 2.987 3.031 3.041 3.036 3.003 2.937 2.840 2.723 2.594 2.452 2.300 2.158 2.029 1.902 1.762 1.599 1.417 1.221 1.011 0.801 0.613 0.454 0.326 0.229 0.158 0.113 0.084 0.064 0.050
0.000 0.000 0.000 0.000 0.000 0.000 0.000 0.000 0.000 0.000 0.000 0.000 0.000 0.000 0.000 0.001 0.003 0.005 0.007 0.011 0.014 0.018 0.024 0.032 0.049 0.081 0.145 0.274 0.508 0.840 1.120 1.265 1.303 1.282 1.219 1.129 1.025 0.927 0.836 0.751 0.681 0.646 0.656 0.769 1.057 1.534 2.027 2.347 2.508 2.562 2.569 2.560 2.524 2.455 2.346 2.202 2.024 1.816 1.604 1.413 1.241 1.087 0.944 0.806 0.669 0.534 0.407 0.297 0.210 0.147 0.103 0.073 0.054 0.042 0.033 0.027 0.023
0.000 0.000 0.000 0.000 0.000 0.000 0.000 0.000 0.000 0.000 0.000 0.000 0.000 0.000 0.000 0.001 0.003 0.006 0.010 0.015 0.020 0.027 0.033 0.042 0.057 0.083 0.131 0.216 0.372 0.624 0.926 1.134 1.219 1.224 1.187 1.115 1.023 0.927 0.828 0.724 0.625 0.553 0.525 0.554 0.690 0.970 1.381 1.750 1.971 2.061 2.079 2.069 2.026 1.935 1.792 1.602 1.380 1.156 0.961 0.795 0.652 0.532 0.431 0.346 0.269 0.200 0.141 0.097 0.066 0.046 0.034 0.026 0.021 0.018 0.016 0.014 0.013
0.000 0.000 0.000 0.000 0.000 0.000 0.000 0.000 0.000 0.000 0.000 0.000 0.000 0.000 0.000 0.001 0.003 0.006 0.011 0.018 0.026 0.036 0.046 0.058 0.073 0.096 0.136 0.203 0.313 0.491 0.742 0.962 1.086 1.120 1.110 1.070 1.002 0.916 0.818 0.709 0.595 0.498 0.437 0.417 0.451 0.570 0.791 1.065 1.277 1.400 1.441 1.438 1.385 1.268 1.091 0.899 0.727 0.581 0.459 0.357 0.276 0.215 0.169 0.132 0.099 0.070 0.047 0.032 0.022 0.017 0.013 0.012 0.011 0.010 0.009 0.009 0.009
0.000 0.000 0.000 0.000 0.000 0.000 0.000 0.000 0.000 0.000 0.000 0.000 0.000 0.000 0.000 0.001 0.003 0.006 0.012 0.020 0.031 0.043 0.057 0.073 0.092 0.116 0.151 0.206 0.292 0.422 0.607 0.793 0.921 0.981 0.994 0.984 0.948 0.885 0.800 0.697 0.581 0.472 0.387 0.336 0.317 0.338 0.412 0.538 0.653 0.723 0.750 0.748 0.711 0.628 0.507 0.387 0.294 0.221 0.164 0.123 0.095 0.075 0.060 0.046 0.034 0.024 0.016 0.011 0.009 0.008 0.007 0.007 0.007 0.007 0.007 0.006 0.006
0.000 0.000 0.000 0.000 0.000 0.000 0.000 0.000 0.000 0.000 0.000 0.000 0.000 0.000 0.000 0.001 0.003 0.006 0.012 0.021 0.033 0.047 0.064 0.082 0.104 0.131 0.165 0.213 0.282 0.381 0.515 0.655 0.760 0.826 0.858 0.867 0.857 0.824 0.763 0.678 0.573 0.461 0.365 0.293 0.246 0.224 0.222 0.245 0.278 0.298 0.305 0.301 0.281 0.239 0.180 0.128 0.091 0.065 0.048 0.037 0.030 0.024 0.020 0.016 0.012 0.008 0.006 0.005 0.005 0.005 0.005 0.005 0.005 0.005 0.005 0.005 0.005
0.000 0.000 0.000 0.000 0.000 0.000 0.000 0.000 0.000 0.000 0.000 0.000 0.000 0.000 0.000 0.001 0.002 0.005 0.011 0.021 0.034 0.050 0.067 0.087 0.110 0.137 0.171 0.215 0.273 0.349 0.445 0.540 0.616 0.673 0.713 0.734 0.741 0.733 0.701 0.642 0.558 0.455 0.353 0.270 0.208 0.165 0.137 0.122 0.115 0.110 0.105 0.099 0.089 0.073 0.053 0.037 0.026 0.018 0.014 0.011 0.009 0.008 0.006 0.005 0.004 0.003 0.003 0.003 0.003 0.003 0.003 0.003 0.004 0.004 0.004 0.004 0.004
0.000 0.000 0.000 0.000 0.000 0.000 0.000 0.000 0.000 0.000 0.000 0.000 0.000 0.000 0.000 0.001 0.002 0.005 0.011 0.021 0.034 0.051 0.069 0.089 0.112 0.140 0.172 0.213 0.262 0.320 0.384 0.441 0.487 0.526 0.562 0.593 0.612 0.619 0.611 0.582 0.526 0.443 0.344 0.253 0.182 0.130 0.094 0.069 0.053 0.044 0.037 0.032 0.027 0.021 0.015 0.010 0.007 0.005 0.004 0.003 0.003 0.002 0.002 0.002 0.001 0.001 0.001 0.002 0.002 0.002 0.002 0.003 0.003 0.003 0.003 0.003 0.003
0.000 0.000 0.000 0.000 0.000 0.000 0.000 0.000 0.000 0.000 0.000 0.000 0.000 0.000 0.000 0.001 0.001 0.004 0.009 0.019 0.033 0.050 0.069 0.090 0.113 0.140 0.171 0.206 0.246 0.287 0.325 0.354 0.375 0.392 0.409 0.432 0.458 0.480 0.489 0.483 0.457 0.405 0.325 0.232 0.157 0.102 0.066 0.042 0.028 0.019 0.014 0.011 0.008 0.006 0.004 0.003 0.002 0.001 0.001 0.001 0.001 0.001 0.001 0.001 0.001 0.001 0.001 0.001 0.001 0.001 0.002 0.002 0.002 0.002 0.002 0.003 0.003
0.000 0.000 0.000 0.000 0.000 0.000 0.000 0.000 0.000 0.000 0.000 0.000 0.000 0.000 0.000 0.000 0.001 0.003 0.008 0.017 0.030 0.048 0.068 0.090 0.113 0.138 0.166 0.195 0.225 0.250 0.267 0.277 0.281 0.278 0.272 0.273 0.283 0.303 0.321 0.331 0.331 0.314 0.269 0.198 0.126 0.075 0.044 0.026 0.015 0.009 0.006 0.004 0.003 0.002 0.001 0.001 0.001 0.001 0.000 0.000 0.000 0.000 0.000 0.000 0.000 0.000 0.000 0.000 0.001 0.001 0.001 0.001 0.001 0.001 0.002 0.002 0.002
0.000 0.000 0.000 0.000 0.000 0.000 0.000 0.000 0.000 0.000 0.000 0.000 0.000 0.000 0.000 0.000 0.001 0.002 0.005 0.012 0.024 0.042 0.063 0.087 0.111 0.134 0.157 0.179 0.196 0.207 0.211 0.209 0.200 0.184 0.165 0.154 0.151 0.156 0.165 0.172 0.175 0.176 0.165 0.133 0.084 0.047 0.026 0.015 0.008 0.004 0.002 0.001 0.001 0.001 0.001 0.000 0.000 0.000 0.000 0.000 0.000 0.000 0.000 0.000 0.000 0.000 0.000 0.000 0.001 0.001 0.001 0.001 0.001 0.001 0.001 0.002 0.002
0.000 0.000 0.000 0.000 0.000 0.000 0.000 0.000 0.000 0.000 0.000 0.000 0.000 0.000 0.000 0.000 0.000 0.001 0.003 0.006 0.015 0.029 0.051 0.078 0.103 0.124 0.141 0.153 0.159 0.160 0.155 0.145 0.132 0.113 0.091 0.077 0.070 0.068 0.069 0.072 0.074 0.074 0.073 0.063 0.043 0.025 0.014 0.007 0.004 0.002 0.001 0.001 0.000 0.000 0.000 0.000 0.000 0.000 0.000 0.000 0.000 0.000 0.000 0.000 0.000 0.000 0.000 0.000 0.000 0.001 0.001 0.000 0.000 0.000 0.001 0.001 0.002
