RESULTS/r.avaflow_results/22_results/22_ascii/22_hflow0035.asc
ncols 506
nrows 317
xllcenter 498237.50
yllcenter 5580050.00
cellsize 12.50
NODATA_value -9999.000
[rows 170 to 203 of 317, columns 154 to 230 of 506]
11.158 10.910 10.649 10.380 10.094 9.803 9.538 9.301 9.082 8.873 8.670 8.469 8.253 7.978 7.578 7.018 6.316 5.529 4.724 3.941 3.203 2.530 1.951 1.491 1.153 0.925 0.793 0.736 0.728 0.744 0.778 0.812 0.832 0.843 0.852 0.866 0.896 0.938 0.960 0.964 0.954 0.934 0.913 0.891 0.861 0.814 0.743 0.649 0.544 0.442 0.348 0.274 0.221 0.184 0.160 0.146 0.140 0.139 0.141 0.145 0.148 0.150 0.151 0.153 0.154 0.157 0.165 0.186 0.238 0.348 0.553 0.754 0.843 0.854 0.807 0.670 0.466
13.645 13.725 13.702 13.600 13.446 13.258 13.037 12.792 12.538 12.280 12.022 11.769 11.511 11.205 10.769 10.125 9.267 8.241 7.115 5.965 4.866 3.857 2.977 2.264 1.731 1.360 1.123 0.993 0.941 0.932 0.949 0.962 0.962 0.952 0.938 0.933 0.940 0.958 0.966 0.958 0.935 0.898 0.857 0.815 0.763 0.686 0.572 0.437 0.315 0.230 0.175 0.141 0.119 0.105 0.098 0.096 0.097 0.101 0.106 0.109 0.110 0.110 0.110 0.109 0.109 0.111 0.117 0.133 0.170 0.248 0.399 0.612 0.759 0.811 0.811 0.759 0.627
16.340 16.826 17.041 17.035 16.904 16.721 16.487 16.219 15.936 15.647 15.355 15.068 14.782 14.465 14.037 13.399 12.493 11.330 9.985 8.551 7.115 5.737 4.486 3.428 2.600 1.988 1.561 1.287 1.133 1.058 1.024 1.005 0.988 0.967 0.942 0.927 0.922 0.922 0.913 0.884 0.829 0.756 0.683 0.608 0.524 0.420 0.306 0.212 0.150 0.113 0.091 0.077 0.069 0.065 0.065 0.066 0.071 0.077 0.082 0.084 0.085 0.084 0.082 0.081 0.081 0.082 0.086 0.098 0.124 0.177 0.280 0.462 0.663 0.770 0.800 0.793 0.733
18.250 19.081 19.529 19.671 19.634 19.521 19.347 19.139 18.899 18.633 18.345 18.044 17.741 17.416 17.004 16.394 15.520 14.383 13.040 11.541 9.928 8.262 6.613 5.129 3.894 2.915 2.181 1.667 1.337 1.145 1.045 0.995 0.961 0.926 0.889 0.856 0.829 0.803 0.766 0.699 0.594 0.483 0.391 0.318 0.254 0.192 0.138 0.100 0.076 0.061 0.052 0.047 0.045 0.044 0.045 0.048 0.054 0.060 0.065 0.066 0.066 0.066 0.064 0.063 0.063 0.064 0.067 0.076 0.094 0.129 0.197 0.327 0.539 0.713 0.785 0.796 0.776
19.233 20.296 20.980 21.354 21.530 21.598 21.587 21.509 21.362 21.161 20.899 20.589 20.262 19.925 19.527 18.960 18.142 17.059 15.748 14.268 12.651 10.896 8.989 7.040 5.311 3.890 2.796 2.015 1.502 1.194 1.027 0.934 0.868 0.810 0.749 0.690 0.634 0.575 0.506 0.415 0.315 0.239 0.186 0.148 0.116 0.089 0.068 0.053 0.043 0.038 0.034 0.033 0.032 0.033 0.034 0.037 0.042 0.048 0.052 0.053 0.053 0.053 0.052 0.052 0.052 0.053 0.056 0.062 0.074 0.097 0.142 0.231 0.403 0.623 0.748 0.785 0.783
19.463 20.635 21.509 22.132 22.572 22.881 23.074 23.143 23.094 22.958 22.727 22.397 22.045 21.704 21.329 20.823 20.099 19.117 17.871 16.385 14.695 12.809 10.701 8.380 6.250 4.499 3.156 2.207 1.586 1.203 0.972 0.819 0.704 0.602 0.506 0.427 0.367 0.316 0.265 0.207 0.155 0.118 0.092 0.073 0.059 0.047 0.039 0.033 0.029 0.027 0.026 0.025 0.025 0.026 0.027 0.029 0.033 0.038 0.042 0.043 0.044 0.044 0.044 0.045 0.046 0.047 0.050 0.054 0.063 0.078 0.109 0.169 0.288 0.494 0.672 0.751 0.769
19.327 20.554 21.534 22.302 22.925 23.421 23.755 23.926 23.951 23.858 23.651 23.294 22.926 22.602 22.258 21.806 21.170 20.296 19.137 17.665 15.905 13.886 11.599 9.038 6.664 4.735 3.275 2.258 1.596 1.166 0.873 0.659 0.491 0.363 0.274 0.219 0.186 0.159 0.133 0.105 0.081 0.063 0.051 0.042 0.035 0.029 0.026 0.023 0.022 0.021 0.021 0.021 0.021 0.021 0.022 0.024 0.027 0.030 0.033 0.036 0.037 0.038 0.039 0.040 0.041 0.043 0.046 0.050 0.056 0.067 0.089 0.130 0.211 0.359 0.551 0.681 0.734
18.803 20.134 21.266 22.194 22.938 23.503 23.873 24.066 24.117 24.045 23.849 23.477 23.099 22.789 22.457 22.021 21.420 20.601 19.505 18.071 16.285 14.186 11.802 9.142 6.693 4.713 3.227 2.198 1.515 1.048 0.714 0.470 0.303 0.202 0.143 0.111 0.094 0.082 0.069 0.056 0.046 0.038 0.032 0.027 0.024 0.021 0.019 0.018 0.018 0.017 0.017 0.017 0.018 0.018 0.019 0.020 0.022 0.024 0.027 0.029 0.031 0.033 0.035 0.037 0.038 0.040 0.043 0.046 0.051 0.060 0.076 0.106 0.160 0.257 0.412 0.573 0.671
17.914 19.371 20.660 21.755 22.625 23.243 23.611 23.784 23.815 23.739 23.544 23.181 22.790 22.453 22.090 21.635 21.042 20.268 19.230 17.834 16.055 13.923 11.465 8.758 6.326 4.369 2.917 1.920 1.257 0.802 0.485 0.283 0.170 0.108 0.076 0.060 0.051 0.045 0.039 0.034 0.029 0.026 0.023 0.020 0.018 0.016 0.015 0.015 0.015 0.014 0.014 0.015 0.015 0.015 0.016 0.016 0.018 0.019 0.021 0.024 0.026 0.029 0.031 0.033 0.035 0.038 0.040 0.044 0.048 0.056 0.068 0.089 0.127 0.192 0.297 0.443 0.574
16.734 18.291 19.685 20.879 21.820 22.470 22.838 22.974 22.950 22.832 22.622 22.312 21.927 21.492 21.006 20.466 19.843 19.086 18.095 16.736 14.948 12.756 10.222 7.597 5.327 3.534 2.225 1.345 0.792 0.453 0.255 0.147 0.089 0.059 0.043 0.036 0.031 0.028 0.026 0.023 0.021 0.019 0.017 0.016 0.015 0.013 0.013 0.012 0.012 0.012 0.012 0.012 0.012 0.012 0.013 0.013 0.014 0.015 0.017 0.019 0.021 0.024 0.027 0.030 0.032 0.035 0.038 0.041 0.046 0.052 0.062 0.078 0.106 0.152 0.223 0.328 0.456
15.287 16.865 18.297 19.531 20.516 21.211 21.603 21.712 21.635 21.452 21.244 21.022 20.670 20.107 19.424 18.737 18.031 17.221 16.171 14.723 12.806 10.462 7.907 5.549 3.633 2.209 1.243 0.666 0.360 0.200 0.117 0.072 0.048 0.035 0.028 0.024 0.022 0.020 0.019 0.017 0.016 0.015 0.014 0.013 0.012 0.011 0.011 0.010 0.010 0.010 0.009 0.009 0.009 0.010 0.010 0.010 0.011 0.012 0.013 0.015 0.017 0.020 0.023 0.026 0.029 0.033 0.036 0.039 0.043 0.049 0.058 0.072 0.093 0.127 0.179 0.253 0.352
13.576 15.068 16.503 17.785 18.860 19.660 20.132 20.268 20.182 19.983 19.791 19.590 19.220 18.554 17.713 16.866 16.009 15.014 13.697 11.912 9.597 7.046 4.756 3.034 1.834 1.031 0.536 0.270 0.144 0.085 0.055 0.039 0.029 0.023 0.020 0.018 0.016 0.015 0.015 0.014 0.013 0.012 0.011 0.011 0.010 0.009 0.009 0.008 0.008 0.008 0.007 0.007 0.007 0.007 0.007 0.008 0.008 0.009 0.010 0.012 0.013 0.016 0.019 0.022 0.026 0.029 0.033 0.037 0.041 0.047 0.055 0.067 0.086 0.114 0.153 0.208 0.280
11.684 13.013 14.422 15.777 16.973 17.910 18.501 18.723 18.678 18.507 18.281 17.983 17.492 16.734 15.808 14.823 13.753 12.419 10.609 8.232 5.746 3.674 2.213 1.282 0.720 0.386 0.198 0.104 0.061 0.041 0.030 0.024 0.020 0.017 0.015 0.014 0.013 0.012 0.012 0.011 0.011 0.010 0.009 0.009 0.008 0.008 0.007 0.007 0.006 0.006 0.006 0.005 0.005 0.005 0.005 0.005 0.006 0.006 0.007 0.009 0.010 0.013 0.015 0.018 0.022 0.026 0.030 0.034 0.039 0.045 0.053 0.066 0.083 0.108 0.140 0.181 0.234
9.890 10.977 12.210 13.538 14.784 15.798 16.482 16.796 16.809 16.652 16.313 15.790 15.081 14.196 13.185 12.045 10.690 8.895 6.604 4.366 2.655 1.477 0.783 0.422 0.235 0.131 0.074 0.045 0.031 0.024 0.020 0.017 0.015 0.013 0.012 0.011 0.011 0.010 0.010 0.009 0.009 0.008 0.008 0.007 0.007 0.007 0.006 0.006 0.005 0.005 0.004 0.004 0.004 0.003 0.003 0.004 0.004 0.004 0.005 0.006 0.008 0.010 0.012 0.015 0.018 0.022 0.027 0.031 0.037 0.043 0.052 0.065 0.082 0.105 0.133 0.166 0.206
8.172 8.977 9.906 10.966 12.003 12.871 13.498 13.825 13.870 13.706 13.256 12.500 11.504 10.368 9.178 7.891 6.398 4.685 2.996 1.713 0.891 0.443 0.230 0.131 0.080 0.050 0.034 0.025 0.020 0.016 0.014 0.013 0.011 0.010 0.010 0.009 0.009 0.008 0.008 0.008 0.007 0.007 0.007 0.006 0.006 0.006 0.006 0.005 0.005 0.004 0.004 0.003 0.002 0.002 0.002 0.002 0.002 0.003 0.003 0.004 0.006 0.007 0.010 0.012 0.015 0.019 0.023 0.029 0.035 0.042 0.052 0.065 0.082 0.103 0.129 0.158 0.192
6.475 6.928 7.401 7.907 8.394 8.827 9.175 9.369 9.388 9.240 8.792 7.984 6.915 5.786 4.752 3.776 2.773 1.757 0.965 0.478 0.234 0.124 0.074 0.049 0.035 0.026 0.020 0.017 0.014 0.012 0.011 0.010 0.009 0.008 0.008 0.007 0.007 0.007 0.007 0.006 0.006 0.006 0.006 0.006 0.006 0.006 0.006 0.005 0.005 0.004 0.003 0.002 0.002 0.001 0.001 0.001 0.001 0.001 0.002 0.003 0.004 0.005 0.007 0.010 0.013 0.016 0.021 0.026 0.032 0.040 0.051 0.064 0.081 0.102 0.126 0.154 0.187
4.784 4.893 4.974 5.017 5.006 4.993 4.990 4.968 4.906 4.780 4.483 3.952 3.195 2.411 1.797 1.298 0.850 0.479 0.244 0.124 0.070 0.045 0.033 0.025 0.020 0.017 0.014 0.012 0.011 0.009 0.009 0.008 0.007 0.007 0.006 0.006 0.006 0.006 0.006 0.006 0.006 0.006 0.006 0.006 0.006 0.006 0.006 0.006 0.006 0.005 0.003 0.002 0.001 0.000 0.000 0.000 0.000 0.001 0.001 0.002 0.003 0.004 0.005 0.008 0.010 0.014 0.018 0.023 0.030 0.038 0.049 0.062 0.079 0.099 0.124 0.153 0.187
3.129 2.977 2.811 2.621 2.418 2.240 2.107 2.007 1.920 1.824 1.672 1.426 1.080 0.744 0.513 0.349 0.219 0.126 0.071 0.044 0.031 0.024 0.019 0.016 0.014 0.012 0.011 0.009 0.008 0.007 0.007 0.006 0.006 0.006 0.006 0.006 0.005 0.006 0.006 0.006 0.006 0.007 0.007 0.007 0.008 0.008 0.008 0.008 0.007 0.006 0.004 0.002 0.001 0.000 0.000 0.000 0.000 0.000 0.000 0.001 0.002 0.003 0.004 0.006 0.008 0.011 0.015 0.020 0.027 0.035 0.046 0.059 0.075 0.095 0.121 0.152 0.190
1.648 1.446 1.277 1.127 0.985 0.850 0.744 0.666 0.605 0.551 0.490 0.410 0.303 0.205 0.141 0.098 0.065 0.043 0.030 0.023 0.019 0.016 0.014 0.012 0.010 0.009 0.008 0.007 0.007 0.006 0.006 0.006 0.005 0.006 0.006 0.006 0.006 0.006 0.007 0.007 0.008 0.009 0.010 0.011 0.011 0.012 0.012 0.012 0.010 0.008 0.005 0.002 0.001 0.000 0.000 0.000 0.000 0.000 0.000 0.000 0.001 0.002 0.003 0.004 0.006 0.009 0.012 0.017 0.023 0.031 0.041 0.053 0.069 0.089 0.116 0.151 0.195
0.709 0.600 0.515 0.442 0.375 0.309 0.254 0.216 0.188 0.165 0.143 0.119 0.091 0.065 0.048 0.037 0.028 0.022 0.018 0.015 0.013 0.012 0.010 0.009 0.008 0.007 0.007 0.006 0.006 0.006 0.006 0.006 0.006 0.007 0.007 0.008 0.008 0.009 0.010 0.012 0.013 0.015 0.017 0.018 0.019 0.019 0.019 0.018 0.014 0.009 0.005 0.002 0.001 0.000 0.000 0.000 0.000 0.000 0.000 0.000 0.000 0.001 0.002 0.003 0.004 0.006 0.009 0.013 0.018 0.025 0.034 0.045 0.059 0.079 0.108 0.146 0.194
0.276 0.233 0.199 0.169 0.140 0.113 0.090 0.075 0.065 0.057 0.050 0.044 0.037 0.030 0.024 0.020 0.017 0.015 0.013 0.011 0.010 0.009 0.008 0.007 0.007 0.006 0.006 0.006 0.007 0.007 0.008 0.009 0.010 0.011 0.012 0.013 0.015 0.018 0.020 0.024 0.027 0.030 0.032 0.034 0.034 0.032 0.028 0.022 0.015 0.009 0.005 0.002 0.001 0.000 0.000 0.000 0.000 0.000 0.000 0.000 0.000 0.000 0.001 0.002 0.003 0.004 0.007 0.010 0.014 0.019 0.025 0.034 0.046 0.064 0.090 0.129 0.180
0.107 0.091 0.078 0.066 0.056 0.045 0.037 0.032 0.029 0.026 0.024 0.023 0.021 0.018 0.016 0.014 0.013 0.011 0.010 0.009 0.008 0.007 0.007 0.007 0.007 0.007 0.008 0.009 0.011 0.013 0.015 0.018 0.020 0.023 0.026 0.030 0.035 0.041 0.047 0.053 0.058 0.061 0.061 0.057 0.051 0.043 0.033 0.023 0.015 0.009 0.005 0.002 0.001 0.000 0.000 0.000 0.000 0.000 0.000 0.000 0.000 0.000 0.000 0.001 0.002 0.003 0.005 0.007 0.010 0.014 0.018 0.024 0.033 0.045 0.064 0.096 0.142
0.045 0.039 0.034 0.030 0.026 0.023 0.020 0.018 0.017 0.016 0.016 0.015 0.014 0.013 0.012 0.011 0.010 0.009 0.008 0.007 0.006 0.006 0.007 0.008 0.009 0.012 0.015 0.019 0.023 0.029 0.036 0.043 0.051 0.058 0.065 0.074 0.084 0.094 0.102 0.106 0.103 0.095 0.084 0.072 0.059 0.047 0.034 0.023 0.015 0.009 0.005 0.002 0.001 0.000 0.000 0.000 0.000 0.000 0.000 0.000 0.000 0.000 0.000 0.000 0.001 0.002 0.003 0.005 0.007 0.010 0.013 0.017 0.023 0.030 0.042 0.061 0.090
0.022 0.020 0.018 0.017 0.015 0.014 0.013 0.012 0.012 0.012 0.011 0.011 0.011 0.010 0.010 0.009 0.008 0.007 0.006 0.006 0.007 0.008 0.010 0.013 0.018 0.025 0.035 0.048 0.062 0.078 0.096 0.114 0.130 0.144 0.156 0.167 0.176 0.176 0.167 0.151 0.132 0.112 0.093 0.077 0.061 0.047 0.034 0.023 0.014 0.009 0.005 0.002 0.001 0.000 0.000 0.000 0.000 0.000 0.000 0.000 0.000 0.000 0.000 0.000 0.000 0.001 0.002 0.003 0.005 0.007 0.009 0.012 0.016 0.021 0.027 0.038 0.054
0.013 0.012 0.012 0.011 0.011 0.010 0.010 0.009 0.009 0.009 0.009 0.009 0.009 0.008 0.008 0.007 0.006 0.006 0.006 0.007 0.010 0.014 0.021 0.031 0.047 0.069 0.099 0.135 0.171 0.207 0.240 0.270 0.290 0.301 0.299 0.285 0.262 0.233 0.201 0.169 0.140 0.114 0.094 0.076 0.060 0.045 0.032 0.021 0.013 0.008 0.004 0.002 0.001 0.000 0.000 0.000 0.000 0.000 0.000 0.000 0.000 0.000 0.000 0.000 0.000 0.000 0.001 0.002 0.003 0.004 0.006 0.009 0.011 0.015 0.019 0.025 0.033
0.009 0.009 0.008 0.008 0.008 0.008 0.008 0.008 0.008 0.008 0.007 0.007 0.007 0.007 0.006 0.006 0.006 0.007 0.009 0.013 0.021 0.033 0.054 0.086 0.132 0.194 0.269 0.342 0.403 0.450 0.479 0.485 0.468 0.438 0.398 0.351 0.301 0.252 0.209 0.171 0.139 0.113 0.091 0.073 0.056 0.042 0.029 0.019 0.012 0.007 0.004 0.002 0.001 0.000 0.000 0.000 0.000 0.000 0.000 0.000 0.000 0.000 0.000 0.000 0.000 0.000 0.000 0.001 0.002 0.003 0.004 0.006 0.008 0.010 0.013 0.017 0.022
0.006 0.006 0.007 0.007 0.007 0.007 0.007 0.006 0.006 0.006 0.006 0.006 0.006 0.006 0.006 0.006 0.008 0.011 0.018 0.031 0.053 0.092 0.151 0.234 0.343 0.465 0.578 0.655 0.690 0.694 0.668 0.618 0.558 0.495 0.432 0.368 0.307 0.253 0.208 0.169 0.136 0.108 0.085 0.066 0.049 0.035 0.024 0.016 0.010 0.006 0.003 0.002 0.000 0.000 0.000 0.000 0.000 0.000 0.000 0.000 0.000 0.000 0.000 0.000 0.000 0.000 0.000 0.000 0.001 0.002 0.003 0.004 0.005 0.007 0.010 0.012 0.016
0.005 0.005 0.005 0.005 0.006 0.006 0.006 0.006 0.006 0.006 0.006 0.006 0.006 0.006 0.007 0.009 0.014 0.024 0.045 0.082 0.146 0.242 0.372 0.524 0.671 0.783 0.848 0.872 0.861 0.819 0.749 0.661 0.577 0.503 0.434 0.367 0.305 0.251 0.204 0.164 0.129 0.099 0.074 0.054 0.038 0.026 0.018 0.012 0.008 0.005 0.002 0.001 0.000 0.000 0.000 0.000 0.000 0.000 0.000 0.000 0.000 0.000 0.000 0.000 0.000 0.000 0.000 0.000 0.000 0.001 0.001 0.002 0.003 0.005 0.007 0.009 0.011
0.004 0.004 0.005 0.005 0.005 0.005 0.005 0.006 0.006 0.006 0.007 0.007 0.007 0.008 0.011 0.017 0.032 0.061 0.116 0.207 0.345 0.511 0.671 0.805 0.903 0.958 0.975 0.964 0.927 0.862 0.771 0.666 0.576 0.500 0.430 0.364 0.301 0.244 0.194 0.150 0.112 0.081 0.057 0.038 0.026 0.018 0.012 0.008 0.005 0.003 0.002 0.001 0.000 0.000 0.000 0.000 0.000 0.000 0.000 0.000 0.000 0.000 0.000 0.000 0.000 0.000 0.000 0.000 0.000 0.000 0.001 0.001 0.002 0.003 0.004 0.006 0.008
0.003 0.004 0.004 0.005 0.005 0.006 0.006 0.007 0.008 0.008 0.009 0.010 0.011 0.014 0.021 0.038 0.074 0.142 0.256 0.419 0.594 0.743 0.858 0.942 0.993 1.013 1.010 0.992 0.950 0.879 0.778 0.664 0.569 0.489 0.417 0.348 0.282 0.220 0.166 0.120 0.083 0.055 0.036 0.024 0.017 0.012 0.008 0.006 0.004 0.002 0.001 0.000 0.000 0.000 0.000 0.000 0.000 0.000 0.000 0.000 0.000 0.000 0.000 0.000 0.000 0.000 0.000 0.000 0.000 0.000 0.000 0.000 0.001 0.002 0.003 0.004 0.005
0.003 0.004 0.004 0.005 0.006 0.008 0.009 0.011 0.012 0.014 0.016 0.018 0.021 0.028 0.043 0.077 0.144 0.255 0.412 0.592 0.742 0.850 0.926 0.979 1.010 1.021 1.019 1.003 0.960 0.885 0.778 0.653 0.543 0.450 0.367 0.292 0.223 0.163 0.112 0.074 0.048 0.032 0.022 0.016 0.011 0.008 0.006 0.004 0.002 0.001 0.000 0.000 0.000 0.000 0.000 0.000 0.000 0.000 0.000 0.000 0.000 0.000 0.000 0.000 0.000 0.000 0.000 0.000 0.000 0.000 0.000 0.000 0.000 0.001 0.002 0.002 0.003
0.003 0.004 0.006 0.008 0.011 0.014 0.017 0.020 0.024 0.027 0.030 0.033 0.038 0.047 0.066 0.110 0.193 0.325 0.500 0.669 0.793 0.878 0.938 0.982 1.010 1.020 1.018 0.997 0.948 0.866 0.749 0.605 0.471 0.358 0.263 0.185 0.126 0.084 0.055 0.037 0.025 0.018 0.013 0.010 0.008 0.006 0.004 0.003 0.001 0.001 0.000 0.000 0.000 0.000 0.000 0.000 0.000 0.000 0.000 0.000 0.000 0.000 0.000 0.000 0.000 0.000 0.000 0.000 0.000 0.000 0.000 0.000 0.000 0.000 0.001 0.001 0.002
0.004 0.006 0.010 0.016 0.021 0.027 0.033 0.039 0.044 0.047 0.049 0.051 0.053 0.060 0.079 0.124 0.212 0.349 0.526 0.682 0.797 0.876 0.930 0.964 0.979 0.974 0.953 0.911 0.846 0.752 0.626 0.475 0.333 0.217 0.136 0.084 0.053 0.034 0.024 0.017 0.013 0.010 0.008 0.007 0.005 0.004 0.003 0.002 0.001 0.000 0.000 0.000 0.000 0.000 0.000 0.000 0.000 0.000 0.000 0.000 0.000 0.000 0.000 0.000 0.000 0.000 0.000 0.000 0.000 0.000 0.000 0.000 0.000 0.000 0.000 0.000 0.001
0.006 0.011 0.020 0.030 0.039 0.048 0.055 0.061 0.064 0.065 0.064 0.062 0.062 0.066 0.082 0.125 0.211 0.345 0.516 0.659 0.760 0.826 0.859 0.868 0.850 0.804 0.738 0.663 0.580 0.486 0.379 0.264 0.168 0.100 0.057 0.033 0.020 0.013 0.010 0.008 0.007 0.006 0.005 0.005 0.004 0.003 0.002 0.001 0.000 0.000 0.000 0.000 0.000 0.000 0.000 0.000 0.000 0.000 0.000 0.000 0.000 0.000 0.000 0.000 0.000 0.000 0.000 0.000 0.000 0.000 0.000 0.000 0.000 0.000 0.000 0.000 0.000
