RESULTS/r.avaflow_results/22_results/22_ascii/22_hflow0003.asc
ncols 506
nrows 317
xllcenter 498237.50
yllcenter 5580050.00
cellsize 12.50
NODATA_value -9999.000
[rows 238 to 271 of 317, columns 77 to 153 of 506]
0.058 0.109 0.190 0.308 0.463 0.650 0.857 1.058 1.256 1.467 1.714 2.046 2.423 2.632 2.683 2.676 2.662 2.629 2.606 2.657 2.865 3.326 4.222 5.795 7.521 8.377 8.504 8.248 7.657 6.895 6.105 5.208 4.430 4.130 4.115 4.289 4.582 4.678 4.643 4.419 3.728 2.528 1.661 1.206 1.011 0.941 0.915 0.911 0.925 0.992 1.185 1.651 2.582 3.835 4.614 4.905 4.899 4.581 3.699 2.236 1.015 0.378 0.117 0.030 0.007 0.001 0.000 0.000 0.000 0.000 0.000 0.000 0.000 0.000 0.000 0.000 0.000
0.044 0.093 0.174 0.295 0.453 0.632 0.822 1.009 1.200 1.408 1.653 1.981 2.370 2.600 2.669 2.680 2.673 2.618 2.562 2.577 2.720 3.082 3.837 5.290 7.231 8.346 8.563 8.393 7.990 7.554 7.093 6.317 5.284 4.801 4.739 4.908 5.212 5.292 5.184 4.786 3.820 2.547 1.755 1.324 1.121 1.029 0.991 0.983 1.000 1.080 1.307 1.814 2.797 4.001 4.670 4.886 4.837 4.371 3.183 1.594 0.612 0.196 0.053 0.012 0.002 0.000 0.000 0.000 0.000 0.000 0.000 0.000 0.000 0.000 0.000 0.000 0.000
0.034 0.078 0.157 0.277 0.436 0.612 0.786 0.960 1.145 1.349 1.593 1.932 2.348 2.610 2.705 2.717 2.702 2.635 2.521 2.492 2.567 2.862 3.554 4.881 6.835 8.130 8.479 8.372 8.160 8.071 7.959 7.500 6.476 5.700 5.502 5.601 5.803 5.810 5.597 5.020 3.817 2.566 1.835 1.442 1.253 1.159 1.120 1.114 1.136 1.227 1.461 1.962 2.923 3.985 4.479 4.569 4.431 3.791 2.355 0.985 0.337 0.094 0.022 0.004 0.001 0.000 0.000 0.000 0.000 0.000 0.000 0.000 0.000 0.000 0.000 0.000 0.000
0.025 0.063 0.136 0.253 0.408 0.579 0.743 0.909 1.088 1.289 1.531 1.856 2.295 2.614 2.737 2.759 2.749 2.673 2.484 2.408 2.460 2.730 3.362 4.558 6.366 7.650 8.081 8.118 8.122 8.354 8.562 8.402 7.742 6.853 6.388 6.292 6.298 6.188 5.827 5.085 3.757 2.578 1.910 1.569 1.411 1.338 1.311 1.311 1.351 1.462 1.696 2.162 3.044 3.880 4.199 4.230 3.960 3.025 1.548 0.574 0.172 0.041 0.008 0.001 0.000 0.000 0.000 0.000 0.000 0.000 0.000 0.000 0.000 0.000 0.000 0.000 0.000
0.017 0.048 0.112 0.223 0.372 0.535 0.693 0.853 1.024 1.219 1.452 1.755 2.177 2.535 2.703 2.754 2.759 2.681 2.481 2.396 2.437 2.678 3.241 4.285 5.872 7.044 7.461 7.603 7.823 8.357 8.828 8.917 8.639 7.919 7.214 6.879 6.669 6.372 5.857 4.947 3.580 2.562 2.001 1.742 1.638 1.602 1.598 1.624 1.701 1.839 2.069 2.490 3.266 3.927 4.162 4.131 3.641 2.337 0.966 0.310 0.079 0.016 0.003 0.000 0.000 0.000 0.000 0.000 0.000 0.000 0.000 0.000 0.000 0.000 0.000 0.000 0.000
0.011 0.033 0.084 0.181 0.325 0.489 0.641 0.789 0.939 1.103 1.310 1.597 2.014 2.450 2.698 2.775 2.769 2.682 2.485 2.393 2.420 2.633 3.144 4.040 5.367 6.383 6.779 6.998 7.364 8.127 8.844 9.162 9.165 8.758 7.998 7.440 7.000 6.462 5.703 4.605 3.386 2.578 2.152 1.997 1.959 1.976 2.031 2.126 2.264 2.423 2.627 3.001 3.638 4.079 4.196 4.034 3.183 1.605 0.543 0.148 0.032 0.006 0.001 0.000 0.000 0.000 0.000 0.000 0.000 0.000 0.000 0.000 0.000 0.000 0.000 0.000 0.000
0.007 0.021 0.056 0.132 0.259 0.417 0.556 0.684 0.813 0.959 1.160 1.456 1.901 2.423 2.745 2.851 2.844 2.736 2.490 2.365 2.381 2.575 3.042 3.801 4.812 5.623 6.016 6.264 6.698 7.576 8.608 9.223 9.415 9.274 8.711 8.051 7.403 6.603 5.580 4.404 3.383 2.718 2.416 2.344 2.360 2.443 2.595 2.808 3.069 3.291 3.484 3.773 4.092 4.217 4.166 3.680 2.299 0.876 0.255 0.059 0.011 0.002 0.000 0.000 0.000 0.000 0.000 0.000 0.000 0.000 0.000 0.000 0.000 0.000 0.000 0.000 0.000
0.004 0.012 0.036 0.088 0.187 0.324 0.461 0.589 0.720 0.872 1.079 1.375 1.810 2.385 2.786 2.938 2.938 2.795 2.470 2.295 2.299 2.495 2.946 3.567 4.230 4.783 5.130 5.413 5.903 6.838 8.116 9.023 9.427 9.458 9.192 8.634 7.824 6.764 5.561 4.422 3.574 3.066 2.852 2.821 2.875 3.036 3.289 3.634 4.090 4.390 4.446 4.362 4.293 4.201 3.861 2.763 1.245 0.385 0.097 0.019 0.003 0.001 0.000 0.000 0.000 0.000 0.000 0.000 0.000 0.000 0.000 0.000 0.000 0.000 0.000 0.000 0.000
0.002 0.007 0.021 0.056 0.129 0.247 0.385 0.520 0.658 0.817 1.028 1.327 1.757 2.343 2.774 2.958 2.971 2.810 2.412 2.184 2.177 2.381 2.849 3.340 3.723 4.066 4.367 4.698 5.309 6.389 7.782 8.769 9.307 9.480 9.410 8.975 8.041 6.825 5.644 4.707 4.070 3.688 3.536 3.538 3.666 3.909 4.232 4.678 5.042 5.134 4.901 4.458 3.979 3.461 2.661 1.409 0.479 0.131 0.029 0.005 0.001 0.001 0.000 0.000 0.000 0.000 0.000 0.000 0.000 0.000 0.000 0.000 0.000 0.000 0.000 0.000 0.000
0.001 0.004 0.012 0.033 0.084 0.179 0.312 0.456 0.607 0.779 0.999 1.302 1.743 2.345 2.788 2.967 2.971 2.790 2.335 2.045 2.024 2.237 2.722 3.093 3.290 3.445 3.651 4.045 4.807 6.059 7.657 8.770 9.342 9.545 9.492 9.037 8.075 6.968 6.071 5.427 4.999 4.743 4.663 4.777 5.098 5.400 5.639 5.797 5.617 5.253 4.674 3.669 2.463 1.533 0.911 0.409 0.133 0.033 0.007 0.001 0.001 0.000 0.000 0.000 0.000 0.000 0.000 0.000 0.000 0.000 0.000 0.000 0.000 0.000 0.000 0.000 0.000
0.001 0.002 0.006 0.018 0.050 0.119 0.236 0.387 0.557 0.748 0.981 1.289 1.727 2.333 2.783 2.951 2.941 2.750 2.286 1.941 1.888 2.082 2.551 2.827 2.891 2.882 2.980 3.413 4.323 5.742 7.566 8.908 9.579 9.725 9.550 8.962 8.061 7.318 6.862 6.596 6.474 6.484 6.625 6.919 7.248 7.315 6.993 6.416 5.677 4.645 3.185 1.726 0.783 0.381 0.194 0.083 0.026 0.006 0.001 0.001 0.000 0.000 0.000 0.000 0.000 0.000 0.000 0.000 0.000 0.000 0.000 0.000 0.000 0.000 0.000 0.000 0.000
0.000 0.001 0.003 0.009 0.027 0.072 0.165 0.313 0.502 0.718 0.968 1.275 1.678 2.230 2.678 2.852 2.853 2.690 2.251 1.876 1.801 1.963 2.357 2.527 2.485 2.331 2.353 2.768 3.758 5.283 7.274 8.859 9.715 9.907 9.667 9.027 8.346 7.965 7.877 8.029 8.125 8.218 8.451 8.599 8.532 8.207 7.475 6.449 5.108 3.242 1.545 0.606 0.212 0.077 0.031 0.012 0.004 0.001 0.001 0.001 0.000 0.000 0.000 0.000 0.000 0.000 0.000 0.000 0.000 0.000 0.000 0.000 0.000 0.000 0.000 0.000 0.000
0.000 0.000 0.001 0.004 0.013 0.039 0.104 0.233 0.432 0.677 0.951 1.252 1.603 2.074 2.519 2.721 2.744 2.622 2.224 1.843 1.761 1.899 2.186 2.262 2.105 1.841 1.836 2.193 3.138 4.612 6.617 8.503 9.711 10.159 10.062 9.671 9.279 9.107 9.122 9.193 9.045 8.943 9.012 9.001 8.782 8.270 7.380 6.024 4.050 2.002 0.769 0.234 0.059 0.014 0.004 0.001 0.001 0.001 0.001 0.000 0.000 0.000 0.000 0.000 0.000 0.000 0.000 0.000 0.000 0.000 0.000 0.000 0.000 0.000 0.000 0.000 0.000
0.000 0.000 0.001 0.002 0.006 0.018 0.055 0.146 0.325 0.585 0.888 1.209 1.572 2.034 2.477 2.696 2.720 2.600 2.227 1.864 1.781 1.898 2.080 2.067 1.769 1.464 1.458 1.780 2.689 4.159 6.149 8.238 9.778 10.690 11.097 11.198 11.101 10.899 10.437 9.666 9.089 8.828 8.720 8.616 8.369 7.792 6.750 5.098 2.843 1.146 0.352 0.083 0.015 0.002 0.001 0.001 0.001 0.000 0.000 0.000 0.000 0.000 0.000 0.000 0.000 0.000 0.000 0.000 0.000 0.000 0.000 0.000 0.000 0.000 0.000 0.000 0.000
0.000 0.000 0.001 0.001 0.002 0.007 0.024 0.072 0.189 0.415 0.736 1.112 1.547 2.059 2.492 2.711 2.738 2.628 2.299 1.998 1.917 1.965 2.006 1.865 1.448 1.178 1.182 1.487 2.372 3.895 5.992 8.334 10.221 11.652 12.547 12.824 12.667 12.035 10.912 9.414 8.173 7.415 7.025 6.835 6.629 6.171 5.213 3.539 1.597 0.523 0.127 0.022 0.003 0.001 0.001 0.001 0.000 0.000 0.000 0.000 0.000 0.000 0.000 0.000 0.000 0.000 0.000 0.000 0.000 0.000 0.000 0.000 0.000 0.000 0.000 0.000 0.000
0.001 0.001 0.001 0.001 0.001 0.003 0.009 0.029 0.088 0.232 0.515 0.937 1.483 2.084 2.522 2.730 2.760 2.676 2.418 2.171 2.056 1.997 1.901 1.617 1.165 0.966 0.978 1.276 2.165 3.785 6.062 8.752 10.894 12.311 13.061 13.215 12.994 12.204 10.661 8.415 6.010 4.349 3.524 3.267 3.179 3.026 2.564 1.613 0.625 0.168 0.031 0.004 0.001 0.001 0.001 0.001 0.001 0.000 0.000 0.000 0.000 0.000 0.000 0.000 0.000 0.000 0.000 0.000 0.000 0.000 0.000 0.000 0.000 0.000 0.000 0.000 0.000
0.001 0.000 0.000 0.001 0.001 0.001 0.003 0.010 0.035 0.111 0.303 0.697 1.324 2.032 2.509 2.721 2.752 2.677 2.459 2.241 2.112 1.994 1.808 1.424 0.973 0.800 0.816 1.112 2.023 3.783 6.214 8.855 10.979 12.328 12.947 13.031 12.785 11.888 9.955 6.924 3.829 1.941 1.124 0.904 0.862 0.836 0.748 0.478 0.163 0.034 0.005 0.001 0.001 0.001 0.001 0.001 0.001 0.001 0.000 0.000 0.000 0.000 0.000 0.000 0.000 0.000 0.000 0.000 0.000 0.000 0.000 0.000 0.000 0.000 0.000 0.000 0.000
0.001 0.001 0.000 0.000 0.001 0.001 0.001 0.003 0.012 0.043 0.146 0.431 1.021 1.839 2.420 2.678 2.719 2.654 2.476 2.304 2.179 2.038 1.786 1.308 0.830 0.647 0.663 0.960 1.877 3.680 6.157 8.488 10.332 11.614 12.308 12.420 12.097 11.032 8.812 5.475 2.488 0.902 0.344 0.212 0.185 0.172 0.154 0.098 0.027 0.004 0.001 0.001 0.001 0.001 0.001 0.001 0.001 0.001 0.001 0.000 0.000 0.000 0.000 0.000 0.000 0.000 0.000 0.000 0.000 0.000 0.000 0.000 0.000 0.000 0.000 0.000 0.000
0.001 0.001 0.001 0.000 0.000 0.001 0.001 0.001 0.003 0.013 0.053 0.193 0.594 1.378 2.147 2.524 2.622 2.590 2.482 2.389 2.310 2.164 1.816 1.211 0.699 0.480 0.470 0.723 1.560 3.230 5.591 7.850 9.605 10.854 11.540 11.619 11.176 9.909 7.569 4.259 1.673 0.481 0.136 0.059 0.040 0.032 0.024 0.013 0.003 0.001 0.001 0.001 0.001 0.001 0.001 0.001 0.001 0.001 0.001 0.001 0.000 0.000 0.000 0.000 0.000 0.000 0.000 0.000 0.000 0.000 0.000 0.000 0.000 0.000 0.000 0.000 0.000
0.001 0.001 0.001 0.001 0.000 0.000 0.001 0.001 0.001 0.003 0.014 0.064 0.245 0.734 1.536 2.175 2.437 2.491 2.480 2.471 2.436 2.264 1.810 1.079 0.538 0.285 0.236 0.372 0.985 2.397 4.672 7.268 9.181 10.374 10.904 10.888 10.284 8.847 6.473 3.348 1.204 0.319 0.082 0.027 0.013 0.007 0.004 0.001 0.001 0.001 0.001 0.001 0.001 0.000 0.000 0.000 0.000 0.001 0.001 0.001 0.000 0.000 0.000 0.000 0.000 0.000 0.000 0.000 0.000 0.000 0.000 0.000 0.000 0.000 0.000 0.000 0.000
0.000 0.001 0.001 0.001 0.001 0.001 0.001 0.001 0.001 0.001 0.003 0.016 0.084 0.319 0.877 1.664 2.196 2.393 2.461 2.491 2.436 2.147 1.526 0.778 0.310 0.123 0.092 0.151 0.502 1.532 3.614 6.546 8.733 9.884 10.242 10.115 9.386 7.898 5.564 2.735 0.949 0.257 0.067 0.020 0.007 0.003 0.001 0.001 0.001 0.001 0.001 0.001 0.000 0.000 0.000 0.000 0.000 0.000 0.000 0.001 0.000 0.000 0.000 0.000 0.000 0.000 0.000 0.000 0.000 0.000 0.000 0.000 0.000 0.000 0.000 0.000 0.000
0.000 0.001 0.001 0.001 0.001 0.001 0.001 0.001 0.001 0.001 0.001 0.003 0.024 0.129 0.455 1.156 1.886 2.214 2.294 2.269 2.039 1.464 0.781 0.320 0.112 0.040 0.028 0.050 0.212 0.831 2.477 5.429 8.041 9.270 9.527 9.312 8.512 7.039 4.808 2.311 0.805 0.229 0.061 0.017 0.005 0.002 0.001 0.001 0.001 0.001 0.001 0.001 0.001 0.001 0.000 0.000 0.000 0.000 0.000 0.000 0.000 0.000 0.000 0.000 0.000 0.000 0.000 0.000 0.000 0.000 0.000 0.000 0.000 0.000 0.000 0.000 0.000
0.000 0.000 0.001 0.001 0.001 0.001 0.001 0.001 0.001 0.001 0.001 0.001 0.005 0.043 0.206 0.659 1.309 1.618 1.634 1.452 1.019 0.533 0.235 0.089 0.029 0.010 0.007 0.014 0.073 0.368 1.397 3.894 6.956 8.451 8.718 8.483 7.681 6.257 4.145 1.965 0.700 0.208 0.057 0.015 0.004 0.001 0.001 0.001 0.001 0.001 0.001 0.001 0.001 0.001 0.001 0.001 0.000 0.000 0.000 0.000 0.000 0.000 0.000 0.000 0.000 0.000 0.000 0.000 0.000 0.000 0.000 0.000 0.000 0.000 0.000 0.000 0.000
0.000 0.000 0.001 0.001 0.001 0.001 0.001 0.001 0.001 0.000 0.000 0.001 0.001 0.010 0.070 0.266 0.569 0.688 0.683 0.575 0.338 0.145 0.057 0.019 0.006 0.002 0.001 0.004 0.025 0.152 0.728 2.513 5.563 7.375 7.738 7.535 6.798 5.460 3.479 1.624 0.595 0.185 0.052 0.014 0.004 0.001 0.001 0.001 0.001 0.001 0.001 0.001 0.001 0.001 0.001 0.001 0.000 0.000 0.000 0.000 0.000 0.000 0.000 0.000 0.000 0.000 0.000 0.000 0.000 0.000 0.000 0.000 0.000 0.000 0.000 0.000 0.000
0.000 0.000 0.000 0.001 0.001 0.001 0.001 0.001 0.000 0.000 0.000 0.000 0.001 0.002 0.016 0.080 0.191 0.234 0.233 0.193 0.100 0.035 0.011 0.003 0.001 0.001 0.001 0.002 0.010 0.069 0.390 1.631 4.220 6.061 6.520 6.377 5.725 4.474 2.682 1.227 0.460 0.149 0.043 0.011 0.003 0.001 0.001 0.001 0.001 0.001 0.001 0.001 0.001 0.001 0.001 0.001 0.000 0.000 0.000 0.000 0.000 0.000 0.000 0.000 0.000 0.000 0.000 0.000 0.000 0.000 0.000 0.000 0.000 0.000 0.000 0.000 0.000
0.000 0.000 0.000 0.000 0.001 0.001 0.001 0.001 0.001 0.001 0.000 0.000 0.000 0.001 0.003 0.019 0.055 0.072 0.072 0.058 0.026 0.008 0.002 0.001 0.001 0.001 0.001 0.001 0.005 0.035 0.219 1.070 3.101 4.682 5.083 4.960 4.342 3.137 1.678 0.724 0.266 0.086 0.025 0.006 0.002 0.001 0.001 0.001 0.001 0.001 0.001 0.001 0.001 0.001 0.001 0.001 0.000 0.000 0.000 0.000 0.000 0.000 0.000 0.000 0.000 0.000 0.000 0.000 0.000 0.000 0.000 0.000 0.000 0.000 0.000 0.000 0.000
0.000 0.000 0.000 0.000 0.000 0.001 0.001 0.001 0.000 0.000 0.000 0.000 0.000 0.001 0.001 0.004 0.014 0.019 0.019 0.015 0.006 0.002 0.001 0.001 0.001 0.001 0.001 0.001 0.002 0.018 0.121 0.671 2.123 3.261 3.486 3.285 2.665 1.682 0.808 0.325 0.112 0.033 0.009 0.002 0.001 0.001 0.001 0.001 0.001 0.001 0.001 0.001 0.001 0.001 0.001 0.000 0.000 0.000 0.000 0.000 0.000 0.000 0.000 0.000 0.000 0.000 0.000 0.000 0.000 0.000 0.000 0.000 0.000 0.000 0.000 0.000 0.000
0.000 0.000 0.000 0.000 0.000 0.000 0.001 0.001 0.000 0.000 0.000 0.000 0.000 0.000 0.001 0.001 0.003 0.004 0.004 0.003 0.001 0.001 0.001 0.001 0.000 0.000 0.000 0.001 0.001 0.008 0.059 0.366 1.248 1.903 1.980 1.763 1.284 0.701 0.311 0.117 0.038 0.010 0.003 0.001 0.001 0.001 0.001 0.001 0.001 0.001 0.001 0.001 0.001 0.001 0.000 0.000 0.000 0.000 0.000 0.000 0.000 0.000 0.000 0.000 0.000 0.000 0.000 0.000 0.000 0.000 0.000 0.000 0.000 0.000 0.000 0.000 0.000
0.000 0.000 0.000 0.000 0.000 0.000 0.000 0.000 0.000 0.000 0.000 0.000 0.000 0.000 0.000 0.001 0.001 0.001 0.001 0.001 0.001 0.001 0.001 0.001 0.001 0.000 0.000 0.000 0.001 0.002 0.021 0.158 0.588 0.887 0.900 0.754 0.477 0.229 0.095 0.034 0.010 0.003 0.001 0.001 0.001 0.001 0.001 0.001 0.001 0.001 0.001 0.001 0.000 0.000 0.000 0.000 0.000 0.000 0.000 0.000 0.000 0.000 0.000 0.000 0.000 0.000 0.000 0.000 0.000 0.000 0.000 0.000 0.000 0.000 0.000 0.000 0.000
0.000 0.000 0.000 0.000 0.000 0.000 0.000 0.000 0.000 0.000 0.001 0.001 0.000 0.000 0.000 0.000 0.001 0.001 0.001 0.001 0.001 0.001 0.001 0.001 0.001 0.000 0.000 0.000 0.001 0.001 0.005 0.050 0.212 0.323 0.320 0.253 0.136 0.059 0.023 0.008 0.002 0.001 0.001 0.001 0.001 0.001 0.001 0.001 0.001 0.001 0.001 0.000 0.000 0.000 0.000 0.000 0.000 0.000 0.000 0.000 0.000 0.000 0.000 0.000 0.000 0.000 0.000 0.000 0.000 0.000 0.000 0.000 0.000 0.000 0.000 0.000 0.000
0.000 0.000 0.000 0.000 0.000 0.000 0.000 0.000 0.000 0.000 0.001 0.001 0.000 0.000 0.000 0.000 0.000 0.000 0.000 0.000 0.001 0.001 0.001 0.001 0.001 0.001 0.000 0.000 0.000 0.001 0.001 0.011 0.058 0.091 0.089 0.066 0.031 0.012 0.004 0.002 0.001 0.001 0.001 0.001 0.001 0.001 0.001 0.001 0.001 0.001 0.000 0.000 0.000 0.000 0.000 0.000 0.000 0.000 0.000 0.000 0.000 0.000 0.000 0.000 0.000 0.000 0.000 0.000 0.000 0.000 0.000 0.000 0.000 0.000 0.000 0.000 0.000
0.000 0.000 0.000 0.000 0.000 0.000 0.000 0.000 0.000 0.000 0.000 0.001 0.000 0.000 0.000 0.000 0.000 0.000 0.000 0.000 0.000 0.001 0.001 0.001 0.001 0.001 0.001 0.000 0.000 0.000 0.001 0.002 0.011 0.020 0.019 0.014 0.006 0.002 0.001 0.001 0.001 0.001 0.001 0.001 0.001 0.001 0.001 0.001 0.001 0.000 0.000 0.000 0.000 0.000 0.000 0.000 0.000 0.000 0.000 0.000 0.000 0.000 0.000 0.000 0.000 0.000 0.000 0.000 0.000 0.000 0.000 0.000 0.000 0.000 0.000 0.000 0.000
0.000 0.000 0.000 0.000 0.000 0.000 0.000 0.000 0.000 0.000 0.000 0.000 0.000 0.000 0.000 0.000 0.000 0.000 0.000 0.000 0.000 0.000 0.001 0.001 0.001 0.001 0.001 0.001 0.000 0.001 0.001 0.000 0.002 0.003 0.003 0.002 0.001 0.001 0.001 0.000 0.000 0.000 0.000 0.000 0.001 0.001 0.000 0.000 0.000 0.000 0.000 0.000 0.000 0.000 0.000 0.000 0.000 0.000 0.000 0.000 0.000 0.000 0.000 0.000 0.000 0.000 0.000 0.000 0.000 0.000 0.000 0.000 0.000 0.000 0.000 0.000 0.000
0.000 0.000 0.000 0.000 0.000 0.000 0.000 0.000 0.000 0.000 0.000 0.000 0.000 0.000 0.000 0.000 0.000 0.000 0.000 0.000 0.000 0.000 0.000 0.001 0.001 0.001 0.001 0.001 0.001 0.001 0.001 0.000 0.000 0.001 0.001 0.001 0.000 0.000 0.000 0.000 0.000 0.000 0.000 0.000 0.000 0.000 0.000 0.000 0.000 0.000 0.000 0.000 0.000 0.000 0.000 0.000 0.000 0.000 0.000 0.000 0.000 0.000 0.000 0.000 0.000 0.000 0.000 0.000 0.000 0.000 0.000 0.000 0.000 0.000 0.000 0.000 0.000
