RESULTS/r.avaflow_results/22_results/22_ascii/22_hflow0008.asc
ncols 506
nrows 317
xllcenter 498237.50
yllcenter 5580050.00
cellsize 12.50
NODATA_value -9999.000
[rows 204 to 237 of 317, columns 77 to 153 of 506]
0.024 0.027 0.029 0.031 0.032 0.035 0.040 0.050 0.068 0.101 0.160 0.261 0.450 0.817 1.353 1.661 1.695 1.601 1.298 0.967 0.778 0.656 0.564 0.494 0.457 0.449 0.452 0.470 0.518 0.634 0.846 0.983 1.023 1.020 0.958 0.777 0.556 0.450 0.421 0.422 0.443 0.477 0.487 0.479 0.436 0.332 0.213 0.146 0.109 0.086 0.067 0.051 0.036 0.025 0.019 0.017 0.017 0.018 0.024 0.036 0.050 0.060 0.068 0.075 0.084 0.098 0.122 0.161 0.221 0.282 0.320 0.348 0.364 0.351 0.281 0.174 0.094
0.027 0.030 0.032 0.034 0.037 0.042 0.051 0.067 0.094 0.138 0.210 0.328 0.543 0.928 1.258 1.360 1.368 1.292 1.075 0.868 0.734 0.631 0.545 0.478 0.443 0.437 0.443 0.461 0.509 0.637 0.858 0.980 1.006 0.991 0.903 0.697 0.511 0.429 0.405 0.410 0.440 0.473 0.480 0.470 0.420 0.310 0.200 0.140 0.105 0.083 0.065 0.048 0.034 0.023 0.018 0.017 0.016 0.018 0.025 0.040 0.056 0.065 0.072 0.080 0.090 0.105 0.129 0.172 0.240 0.291 0.320 0.333 0.319 0.257 0.157 0.079 0.040
0.032 0.034 0.036 0.039 0.044 0.052 0.067 0.090 0.126 0.180 0.265 0.407 0.641 0.949 1.109 1.148 1.145 1.091 0.957 0.806 0.704 0.620 0.539 0.477 0.446 0.441 0.446 0.465 0.519 0.667 0.874 0.962 0.978 0.955 0.840 0.617 0.467 0.407 0.392 0.398 0.431 0.462 0.467 0.452 0.397 0.286 0.189 0.135 0.103 0.081 0.062 0.046 0.031 0.021 0.017 0.016 0.016 0.019 0.028 0.047 0.063 0.071 0.078 0.085 0.095 0.110 0.134 0.176 0.244 0.287 0.301 0.292 0.248 0.161 0.079 0.037 0.018
0.041 0.041 0.043 0.047 0.054 0.066 0.086 0.115 0.159 0.226 0.329 0.485 0.700 0.868 0.933 0.969 0.993 0.978 0.889 0.758 0.675 0.612 0.541 0.482 0.462 0.460 0.460 0.473 0.536 0.707 0.882 0.941 0.946 0.910 0.770 0.560 0.440 0.390 0.381 0.395 0.433 0.458 0.460 0.438 0.372 0.260 0.177 0.130 0.101 0.079 0.061 0.043 0.029 0.020 0.016 0.016 0.017 0.021 0.033 0.055 0.070 0.077 0.083 0.089 0.098 0.113 0.138 0.180 0.234 0.257 0.256 0.232 0.173 0.093 0.043 0.019 0.009
0.058 0.055 0.056 0.059 0.067 0.082 0.106 0.142 0.196 0.279 0.403 0.542 0.672 0.736 0.771 0.838 0.903 0.908 0.832 0.718 0.654 0.607 0.554 0.498 0.472 0.468 0.468 0.484 0.556 0.740 0.887 0.929 0.925 0.854 0.678 0.503 0.414 0.376 0.370 0.389 0.435 0.458 0.456 0.426 0.346 0.231 0.158 0.119 0.094 0.075 0.058 0.040 0.026 0.018 0.016 0.016 0.017 0.024 0.039 0.063 0.076 0.082 0.086 0.091 0.099 0.113 0.138 0.181 0.211 0.217 0.212 0.184 0.119 0.055 0.025 0.011 0.006
0.088 0.080 0.078 0.079 0.087 0.103 0.132 0.176 0.243 0.347 0.472 0.564 0.601 0.614 0.654 0.760 0.850 0.856 0.777 0.679 0.637 0.606 0.567 0.516 0.485 0.475 0.476 0.502 0.597 0.782 0.890 0.914 0.898 0.795 0.603 0.464 0.390 0.362 0.360 0.380 0.430 0.455 0.453 0.417 0.327 0.216 0.150 0.113 0.090 0.071 0.053 0.036 0.023 0.017 0.015 0.016 0.018 0.027 0.046 0.069 0.080 0.084 0.087 0.091 0.097 0.108 0.136 0.178 0.196 0.198 0.187 0.147 0.078 0.034 0.015 0.007 0.003
0.137 0.122 0.114 0.113 0.118 0.134 0.167 0.219 0.299 0.409 0.501 0.536 0.524 0.516 0.567 0.710 0.806 0.806 0.722 0.644 0.620 0.608 0.582 0.538 0.504 0.490 0.491 0.521 0.636 0.814 0.891 0.901 0.859 0.718 0.537 0.429 0.367 0.344 0.346 0.372 0.428 0.453 0.450 0.412 0.315 0.207 0.146 0.112 0.089 0.069 0.050 0.033 0.021 0.016 0.015 0.016 0.020 0.031 0.053 0.073 0.081 0.085 0.086 0.087 0.090 0.103 0.136 0.171 0.181 0.179 0.160 0.108 0.049 0.022 0.010 0.005 0.003
0.198 0.185 0.169 0.164 0.166 0.183 0.218 0.274 0.351 0.437 0.481 0.475 0.446 0.445 0.510 0.660 0.746 0.740 0.664 0.617 0.609 0.607 0.594 0.561 0.524 0.508 0.508 0.539 0.668 0.833 0.891 0.894 0.827 0.650 0.486 0.396 0.348 0.331 0.333 0.362 0.426 0.460 0.459 0.416 0.309 0.204 0.146 0.112 0.089 0.068 0.047 0.029 0.019 0.015 0.015 0.016 0.022 0.036 0.060 0.074 0.080 0.081 0.080 0.080 0.084 0.103 0.139 0.159 0.160 0.153 0.126 0.073 0.033 0.015 0.007 0.004 0.002
0.238 0.236 0.226 0.221 0.225 0.243 0.274 0.320 0.381 0.425 0.429 0.404 0.387 0.406 0.490 0.615 0.674 0.666 0.615 0.595 0.599 0.610 0.609 0.589 0.551 0.528 0.526 0.561 0.697 0.848 0.892 0.880 0.785 0.591 0.447 0.367 0.328 0.316 0.321 0.355 0.426 0.463 0.463 0.417 0.305 0.203 0.148 0.113 0.088 0.065 0.043 0.025 0.017 0.014 0.014 0.016 0.024 0.041 0.063 0.073 0.076 0.074 0.073 0.074 0.082 0.106 0.139 0.150 0.149 0.138 0.103 0.052 0.024 0.011 0.005 0.003 0.001
0.256 0.260 0.259 0.258 0.266 0.285 0.310 0.342 0.376 0.385 0.367 0.349 0.353 0.395 0.489 0.588 0.626 0.615 0.586 0.580 0.590 0.618 0.628 0.621 0.590 0.560 0.557 0.598 0.737 0.855 0.887 0.869 0.749 0.545 0.417 0.347 0.315 0.308 0.316 0.351 0.423 0.462 0.462 0.414 0.302 0.203 0.148 0.111 0.083 0.059 0.037 0.022 0.015 0.014 0.014 0.016 0.025 0.045 0.064 0.070 0.071 0.069 0.068 0.069 0.080 0.111 0.137 0.143 0.141 0.125 0.083 0.039 0.018 0.008 0.004 0.002 0.001
0.260 0.266 0.269 0.272 0.285 0.305 0.323 0.340 0.340 0.321 0.305 0.308 0.338 0.401 0.492 0.565 0.589 0.577 0.560 0.561 0.579 0.623 0.648 0.649 0.630 0.606 0.603 0.648 0.781 0.865 0.880 0.850 0.709 0.505 0.388 0.329 0.305 0.303 0.314 0.351 0.419 0.458 0.460 0.410 0.293 0.193 0.139 0.102 0.073 0.049 0.030 0.018 0.014 0.013 0.013 0.017 0.028 0.049 0.063 0.066 0.066 0.064 0.064 0.066 0.081 0.116 0.135 0.137 0.132 0.110 0.065 0.030 0.014 0.006 0.003 0.001 0.001
0.253 0.261 0.265 0.271 0.288 0.306 0.314 0.303 0.272 0.251 0.256 0.284 0.338 0.414 0.494 0.548 0.564 0.556 0.547 0.550 0.573 0.629 0.673 0.682 0.670 0.648 0.646 0.695 0.817 0.876 0.879 0.827 0.662 0.470 0.367 0.316 0.298 0.298 0.313 0.354 0.418 0.453 0.456 0.408 0.293 0.189 0.129 0.090 0.062 0.040 0.024 0.015 0.012 0.012 0.012 0.017 0.031 0.051 0.061 0.063 0.062 0.061 0.061 0.066 0.084 0.118 0.132 0.132 0.122 0.095 0.050 0.023 0.010 0.005 0.002 0.001 0.000
0.229 0.236 0.241 0.249 0.265 0.271 0.255 0.216 0.188 0.190 0.220 0.273 0.343 0.421 0.492 0.539 0.552 0.548 0.541 0.541 0.563 0.628 0.691 0.710 0.706 0.690 0.691 0.741 0.844 0.885 0.879 0.805 0.618 0.437 0.349 0.308 0.295 0.297 0.315 0.359 0.419 0.451 0.453 0.409 0.300 0.191 0.125 0.082 0.053 0.032 0.019 0.013 0.011 0.011 0.012 0.018 0.033 0.051 0.058 0.059 0.059 0.058 0.059 0.066 0.086 0.115 0.124 0.124 0.113 0.081 0.039 0.018 0.008 0.004 0.002 0.001 0.000
0.178 0.182 0.183 0.185 0.187 0.176 0.149 0.125 0.125 0.145 0.193 0.265 0.344 0.419 0.486 0.531 0.545 0.545 0.540 0.539 0.561 0.634 0.712 0.742 0.745 0.733 0.733 0.785 0.870 0.893 0.877 0.781 0.572 0.404 0.329 0.299 0.291 0.297 0.320 0.364 0.418 0.446 0.450 0.411 0.309 0.196 0.123 0.077 0.045 0.026 0.016 0.011 0.010 0.010 0.012 0.019 0.035 0.049 0.054 0.057 0.057 0.058 0.059 0.067 0.090 0.112 0.117 0.116 0.102 0.066 0.030 0.013 0.006 0.003 0.001 0.000 0.000
0.108 0.105 0.101 0.098 0.094 0.086 0.077 0.077 0.085 0.111 0.165 0.248 0.338 0.415 0.480 0.525 0.543 0.546 0.542 0.541 0.565 0.645 0.738 0.775 0.777 0.762 0.761 0.819 0.893 0.903 0.865 0.739 0.516 0.366 0.309 0.290 0.287 0.298 0.328 0.376 0.424 0.450 0.454 0.423 0.331 0.208 0.124 0.072 0.040 0.022 0.013 0.010 0.009 0.009 0.012 0.021 0.037 0.048 0.052 0.055 0.057 0.058 0.061 0.072 0.096 0.110 0.113 0.109 0.090 0.051 0.023 0.010 0.004 0.002 0.001 0.000 0.000
0.055 0.051 0.046 0.044 0.042 0.043 0.045 0.050 0.061 0.085 0.132 0.211 0.312 0.404 0.473 0.519 0.544 0.555 0.557 0.557 0.580 0.660 0.766 0.809 0.808 0.788 0.791 0.855 0.914 0.912 0.848 0.679 0.452 0.331 0.290 0.280 0.283 0.303 0.341 0.393 0.437 0.459 0.462 0.433 0.339 0.209 0.119 0.066 0.035 0.019 0.012 0.009 0.008 0.009 0.012 0.024 0.039 0.046 0.051 0.054 0.057 0.060 0.065 0.077 0.100 0.108 0.108 0.101 0.076 0.038 0.017 0.007 0.003 0.001 0.000 0.000 0.000
0.024 0.020 0.018 0.018 0.020 0.025 0.030 0.035 0.044 0.063 0.101 0.168 0.266 0.373 0.451 0.504 0.543 0.570 0.582 0.588 0.611 0.689 0.800 0.850 0.851 0.836 0.849 0.919 0.955 0.938 0.840 0.620 0.399 0.301 0.272 0.268 0.277 0.308 0.360 0.415 0.455 0.474 0.475 0.442 0.343 0.207 0.114 0.060 0.031 0.017 0.011 0.009 0.008 0.009 0.013 0.027 0.039 0.045 0.050 0.054 0.058 0.062 0.068 0.082 0.101 0.106 0.104 0.092 0.061 0.028 0.012 0.005 0.002 0.001 0.000 0.000 0.000
0.008 0.006 0.006 0.007 0.011 0.016 0.020 0.024 0.031 0.045 0.075 0.131 0.217 0.324 0.413 0.480 0.538 0.588 0.621 0.640 0.666 0.733 0.844 0.905 0.916 0.913 0.938 1.007 1.023 0.983 0.833 0.561 0.359 0.278 0.257 0.256 0.272 0.316 0.384 0.441 0.478 0.493 0.490 0.451 0.347 0.205 0.109 0.054 0.027 0.015 0.010 0.009 0.008 0.009 0.016 0.030 0.039 0.044 0.049 0.055 0.061 0.066 0.072 0.087 0.101 0.104 0.100 0.083 0.047 0.021 0.009 0.004 0.001 0.001 0.000 0.000 0.000
0.002 0.002 0.002 0.003 0.006 0.010 0.013 0.016 0.021 0.031 0.054 0.099 0.174 0.275 0.376 0.460 0.532 0.598 0.653 0.691 0.725 0.782 0.881 0.956 0.986 1.001 1.045 1.099 1.098 1.015 0.800 0.507 0.334 0.266 0.248 0.249 0.271 0.326 0.408 0.464 0.496 0.506 0.498 0.452 0.343 0.197 0.101 0.048 0.024 0.014 0.010 0.009 0.009 0.010 0.019 0.032 0.039 0.044 0.050 0.058 0.064 0.069 0.076 0.090 0.100 0.101 0.094 0.071 0.035 0.015 0.006 0.002 0.001 0.000 0.000 0.000 0.000
0.001 0.001 0.001 0.001 0.003 0.006 0.008 0.011 0.014 0.021 0.037 0.071 0.132 0.225 0.335 0.435 0.522 0.599 0.672 0.734 0.783 0.835 0.914 1.002 1.065 1.118 1.181 1.213 1.181 1.035 0.750 0.467 0.320 0.260 0.245 0.247 0.272 0.336 0.427 0.482 0.507 0.511 0.497 0.441 0.321 0.178 0.088 0.041 0.021 0.013 0.010 0.009 0.009 0.012 0.022 0.033 0.039 0.045 0.053 0.062 0.068 0.073 0.079 0.093 0.099 0.098 0.086 0.055 0.024 0.010 0.004 0.002 0.001 0.000 0.000 0.000 0.000
0.001 0.001 0.001 0.001 0.001 0.003 0.005 0.007 0.010 0.014 0.025 0.048 0.093 0.169 0.277 0.396 0.502 0.594 0.679 0.762 0.833 0.893 0.958 1.048 1.159 1.247 1.300 1.308 1.239 1.032 0.696 0.439 0.312 0.260 0.245 0.248 0.276 0.349 0.445 0.498 0.516 0.514 0.487 0.415 0.286 0.152 0.073 0.034 0.018 0.012 0.010 0.010 0.011 0.015 0.025 0.034 0.040 0.047 0.058 0.067 0.073 0.077 0.083 0.093 0.096 0.092 0.074 0.040 0.017 0.007 0.003 0.001 0.000 0.000 0.000 0.000 0.000
0.001 0.001 0.001 0.001 0.001 0.001 0.002 0.004 0.006 0.010 0.017 0.032 0.063 0.120 0.212 0.338 0.466 0.575 0.675 0.772 0.866 0.946 1.019 1.111 1.243 1.340 1.377 1.364 1.254 0.988 0.638 0.416 0.308 0.263 0.251 0.255 0.287 0.367 0.464 0.511 0.522 0.515 0.475 0.389 0.251 0.127 0.059 0.028 0.016 0.012 0.011 0.011 0.012 0.018 0.027 0.034 0.040 0.050 0.064 0.075 0.081 0.084 0.090 0.096 0.096 0.086 0.061 0.028 0.011 0.004 0.002 0.001 0.000 0.000 0.000 0.000 0.000
0.000 0.000 0.001 0.001 0.001 0.001 0.001 0.002 0.004 0.007 0.011 0.021 0.041 0.081 0.153 0.267 0.404 0.532 0.652 0.766 0.877 0.983 1.083 1.191 1.323 1.410 1.434 1.397 1.237 0.921 0.589 0.400 0.308 0.270 0.261 0.267 0.302 0.389 0.481 0.521 0.527 0.513 0.464 0.365 0.218 0.105 0.047 0.023 0.014 0.012 0.011 0.012 0.014 0.020 0.028 0.035 0.041 0.054 0.074 0.087 0.091 0.093 0.097 0.099 0.094 0.078 0.046 0.019 0.007 0.003 0.001 0.000 0.000 0.000 0.000 0.000 0.000
0.000 0.000 0.000 0.001 0.001 0.001 0.001 0.001 0.002 0.004 0.008 0.014 0.027 0.054 0.105 0.191 0.312 0.451 0.593 0.730 0.865 1.002 1.136 1.276 1.412 1.483 1.492 1.430 1.235 0.887 0.567 0.391 0.308 0.276 0.268 0.275 0.311 0.401 0.493 0.531 0.535 0.517 0.458 0.345 0.191 0.088 0.039 0.020 0.013 0.012 0.012 0.013 0.017 0.023 0.029 0.034 0.042 0.058 0.084 0.099 0.104 0.105 0.105 0.101 0.088 0.063 0.031 0.012 0.005 0.002 0.001 0.000 0.000 0.000 0.000 0.000 0.000
0.000 0.000 0.001 0.000 0.001 0.001 0.001 0.001 0.002 0.003 0.005 0.010 0.018 0.035 0.069 0.129 0.220 0.341 0.485 0.644 0.813 0.990 1.179 1.371 1.524 1.588 1.584 1.498 1.258 0.867 0.558 0.390 0.309 0.279 0.274 0.280 0.316 0.405 0.498 0.537 0.543 0.524 0.459 0.327 0.168 0.075 0.034 0.018 0.013 0.012 0.013 0.015 0.019 0.024 0.028 0.034 0.043 0.064 0.095 0.113 0.117 0.116 0.111 0.098 0.076 0.045 0.020 0.008 0.003 0.001 0.000 0.000 0.000 0.000 0.000 0.000 0.000
0.000 0.000 0.000 0.000 0.000 0.001 0.001 0.001 0.001 0.002 0.004 0.007 0.012 0.023 0.045 0.086 0.153 0.250 0.378 0.534 0.723 0.944 1.199 1.440 1.607 1.668 1.658 1.551 1.273 0.856 0.561 0.396 0.314 0.283 0.278 0.286 0.320 0.407 0.502 0.543 0.549 0.531 0.461 0.310 0.149 0.065 0.030 0.018 0.014 0.014 0.015 0.017 0.021 0.025 0.028 0.033 0.045 0.073 0.110 0.128 0.132 0.129 0.115 0.091 0.059 0.030 0.013 0.005 0.002 0.001 0.000 0.000 0.000 0.000 0.000 0.000 0.000
0.000 0.000 0.001 0.000 0.001 0.000 0.001 0.001 0.001 0.002 0.003 0.005 0.008 0.015 0.028 0.055 0.104 0.183 0.297 0.446 0.630 0.871 1.181 1.471 1.653 1.711 1.692 1.563 1.261 0.853 0.579 0.419 0.330 0.292 0.284 0.291 0.327 0.420 0.520 0.563 0.568 0.546 0.464 0.291 0.132 0.056 0.027 0.018 0.015 0.015 0.017 0.019 0.022 0.025 0.028 0.034 0.049 0.085 0.127 0.146 0.148 0.139 0.115 0.077 0.042 0.020 0.008 0.003 0.001 0.000 0.000 0.000 0.000 0.000 0.000 0.000 0.000
0.000 0.000 0.000 0.001 0.000 0.000 0.000 0.001 0.001 0.001 0.002 0.004 0.006 0.010 0.017 0.034 0.067 0.128 0.228 0.369 0.555 0.807 1.150 1.476 1.673 1.736 1.710 1.564 1.249 0.867 0.618 0.460 0.360 0.309 0.294 0.299 0.340 0.449 0.556 0.597 0.600 0.569 0.464 0.265 0.115 0.049 0.025 0.018 0.017 0.017 0.018 0.020 0.023 0.025 0.028 0.036 0.055 0.099 0.146 0.162 0.161 0.146 0.108 0.062 0.030 0.013 0.005 0.002 0.001 0.000 0.000 0.000 0.000 0.000 0.000 0.000 0.000
0.000 0.000 0.000 0.001 0.000 0.000 0.000 0.000 0.001 0.001 0.002 0.003 0.005 0.007 0.011 0.020 0.041 0.084 0.166 0.297 0.488 0.758 1.132 1.479 1.683 1.746 1.716 1.562 1.246 0.892 0.659 0.501 0.396 0.336 0.314 0.315 0.358 0.479 0.591 0.629 0.627 0.581 0.444 0.228 0.095 0.041 0.023 0.019 0.018 0.018 0.019 0.021 0.023 0.026 0.030 0.040 0.066 0.118 0.162 0.174 0.170 0.146 0.097 0.048 0.021 0.008 0.003 0.001 0.000 0.000 0.000 0.000 0.000 0.000 0.000 0.000 0.000
0.000 0.000 0.000 0.000 0.000 0.000 0.000 0.000 0.001 0.001 0.001 0.002 0.004 0.005 0.007 0.012 0.023 0.050 0.110 0.226 0.419 0.711 1.120 1.481 1.678 1.728 1.694 1.548 1.260 0.928 0.697 0.537 0.431 0.369 0.345 0.346 0.389 0.514 0.623 0.657 0.651 0.582 0.396 0.179 0.073 0.034 0.023 0.020 0.019 0.019 0.019 0.021 0.023 0.026 0.033 0.049 0.085 0.142 0.176 0.182 0.174 0.139 0.079 0.034 0.013 0.005 0.002 0.001 0.000 0.000 0.000 0.000 0.000 0.000 0.000 0.000 0.000
0.000 0.000 0.000 0.001 0.000 0.000 0.000 0.000 0.001 0.001 0.001 0.002 0.003 0.004 0.005 0.007 0.012 0.027 0.065 0.153 0.330 0.630 1.062 1.439 1.632 1.676 1.654 1.543 1.309 1.002 0.753 0.580 0.468 0.405 0.383 0.387 0.438 0.564 0.657 0.680 0.664 0.563 0.326 0.133 0.056 0.031 0.024 0.021 0.020 0.019 0.020 0.021 0.023 0.028 0.039 0.062 0.112 0.166 0.187 0.187 0.169 0.120 0.056 0.022 0.008 0.003 0.001 0.000 0.000 0.000 0.000 0.000 0.000 0.000 0.000 0.000 0.000
0.000 0.000 0.000 0.000 0.000 0.000 0.000 0.000 0.000 0.001 0.001 0.001 0.003 0.004 0.004 0.005 0.007 0.014 0.034 0.086 0.212 0.466 0.880 1.309 1.563 1.656 1.656 1.583 1.401 1.114 0.829 0.633 0.514 0.452 0.433 0.442 0.504 0.624 0.693 0.703 0.665 0.507 0.248 0.100 0.047 0.031 0.025 0.023 0.022 0.021 0.021 0.022 0.026 0.033 0.049 0.085 0.145 0.186 0.195 0.187 0.150 0.083 0.033 0.012 0.004 0.001 0.000 0.000 0.000 0.000 0.000 0.000 0.000 0.000 0.000 0.000 0.000
0.000 0.000 0.000 0.000 0.000 0.000 0.000 0.000 0.000 0.001 0.001 0.001 0.002 0.003 0.003 0.004 0.005 0.007 0.016 0.043 0.113 0.277 0.607 1.085 1.464 1.651 1.695 1.662 1.530 1.263 0.924 0.697 0.572 0.515 0.503 0.519 0.592 0.694 0.737 0.736 0.662 0.432 0.188 0.080 0.043 0.032 0.028 0.026 0.024 0.024 0.024 0.025 0.030 0.042 0.067 0.120 0.180 0.203 0.202 0.178 0.114 0.049 0.018 0.006 0.002 0.001 0.000 0.000 0.000 0.000 0.000 0.000 0.000 0.000 0.000 0.000 0.000
0.000 0.000 0.001 0.000 0.001 0.000 0.000 0.000 0.000 0.000 0.001 0.001 0.002 0.003 0.003 0.003 0.004 0.004 0.008 0.020 0.055 0.150 0.370 0.791 1.294 1.613 1.752 1.774 1.700 1.475 1.102 0.813 0.663 0.603 0.594 0.619 0.700 0.781 0.807 0.786 0.649 0.360 0.154 0.072 0.043 0.034 0.031 0.029 0.027 0.027 0.027 0.029 0.036 0.054 0.094 0.163 0.208 0.217 0.205 0.155 0.077 0.029 0.010 0.003 0.001 0.000 0.000 0.000 0.000 0.000 0.000 0.000 0.000 0.000 0.000 0.000 0.000
