RESULTS/r.avaflow_results/22_results/22_ascii/22_hflow_max0039.asc
ncols 506
nrows 317
xllcenter 498237.50
yllcenter 5580050.00
cellsize 12.50
NODATA_value -9999.000
[rows 170 to 203 of 317, columns 77 to 153 of 506]
0.000 0.000 0.000 0.000 0.000 0.000 0.000 0.000 0.001 0.002 0.004 0.007 0.012 0.020 0.030 0.041 0.053 0.065 0.078 0.092 0.113 0.149 0.208 0.292 0.381 0.471 0.534 0.585 0.652 0.871 1.201 1.518 1.822 2.119 2.413 2.708 3.058 3.514 3.978 4.302 4.436 4.501 4.610 4.846 5.290 5.936 6.602 7.277 7.962 8.450 8.829 9.252 10.168 12.313 15.454 19.460 23.224 26.690 30.521 34.276 37.314 39.356 39.914 39.331 37.795 35.479 33.406 31.479 29.740 28.161 26.817 25.625 24.764 24.088 23.543 23.087 22.659
0.000 0.000 0.000 0.000 0.000 0.000 0.000 0.001 0.002 0.005 0.010 0.017 0.029 0.044 0.062 0.082 0.103 0.126 0.151 0.181 0.222 0.286 0.371 0.453 0.531 0.625 0.719 0.849 1.094 1.579 2.012 2.351 2.618 2.854 3.090 3.342 3.637 4.046 4.491 4.829 5.023 5.195 5.453 5.822 6.379 7.094 7.859 8.759 9.686 10.279 10.606 10.884 11.468 12.877 15.367 19.091 23.255 27.544 32.177 36.361 39.329 40.838 41.089 40.091 38.259 36.026 33.839 31.836 30.139 28.707 27.655 26.900 26.267 25.758 25.451 25.445 25.735
0.000 0.000 0.000 0.000 0.000 0.000 0.000 0.002 0.006 0.011 0.020 0.033 0.052 0.076 0.105 0.137 0.172 0.212 0.256 0.309 0.379 0.466 0.544 0.600 0.672 0.812 0.985 1.282 1.905 2.463 2.840 3.077 3.257 3.430 3.607 3.809 4.069 4.397 4.770 5.145 5.458 5.770 6.171 6.673 7.356 8.209 9.121 10.189 11.200 11.843 12.144 12.266 12.469 13.059 14.904 18.218 22.463 27.425 32.596 36.941 39.703 41.099 41.169 40.052 38.149 36.011 33.937 32.102 30.692 29.549 28.558 27.822 27.240 26.825 26.810 27.263 28.165
0.000 0.000 0.000 0.000 0.000 0.000 0.001 0.004 0.009 0.017 0.028 0.046 0.069 0.100 0.138 0.183 0.238 0.302 0.374 0.454 0.539 0.619 0.678 0.730 0.799 1.003 1.312 1.921 2.683 3.191 3.490 3.660 3.771 3.884 4.029 4.200 4.402 4.648 4.926 5.271 5.664 6.106 6.625 7.257 8.086 9.114 10.199 11.311 12.245 12.860 13.162 13.170 13.115 13.337 14.363 16.934 20.891 26.145 31.973 36.421 39.053 40.421 40.488 39.441 37.549 35.724 33.919 32.361 31.194 30.240 29.368 28.524 27.867 27.665 27.919 28.737 29.880
0.000 0.000 0.000 0.000 0.000 0.000 0.001 0.004 0.010 0.020 0.033 0.053 0.079 0.115 0.160 0.217 0.288 0.375 0.477 0.580 0.670 0.741 0.802 0.868 0.935 1.159 1.563 2.354 3.220 3.733 4.016 4.160 4.223 4.271 4.393 4.559 4.665 4.816 5.021 5.282 5.658 6.146 6.745 7.492 8.456 9.613 10.799 11.944 12.825 13.399 13.666 13.650 13.599 13.498 13.660 15.358 18.793 24.291 30.465 34.942 37.713 38.994 39.078 38.066 36.694 35.241 33.739 32.502 31.567 30.663 29.756 28.871 28.222 28.089 28.635 29.592 30.779
0.000 0.000 0.000 0.000 0.000 0.000 0.001 0.004 0.011 0.021 0.035 0.056 0.084 0.123 0.174 0.239 0.323 0.428 0.559 0.687 0.784 0.861 0.936 1.008 1.075 1.279 1.737 2.590 3.588 4.171 4.477 4.593 4.627 4.641 4.708 4.830 4.873 4.921 5.042 5.220 5.508 5.967 6.645 7.918 8.898 9.746 10.984 12.124 13.035 13.585 13.789 13.839 13.743 13.367 12.881 13.585 16.426 21.661 28.067 32.708 35.570 36.832 36.917 36.315 35.482 34.392 33.099 32.124 31.214 30.388 29.518 28.584 28.056 28.072 28.555 29.639 30.775
0.000 0.000 0.000 0.000 0.000 0.000 0.001 0.004 0.011 0.021 0.035 0.056 0.086 0.127 0.180 0.250 0.341 0.460 0.614 0.775 0.892 0.987 1.080 1.152 1.244 1.378 1.954 2.958 3.855 4.543 4.888 4.979 4.994 4.997 4.991 4.998 4.993 4.977 5.009 5.102 5.305 5.712 7.214 8.783 9.777 10.254 10.944 12.122 13.024 13.519 13.734 13.799 13.580 13.052 12.228 12.390 14.955 19.369 25.193 29.950 32.767 34.140 34.507 34.325 33.772 32.857 31.712 30.865 29.939 28.929 27.976 27.130 26.755 26.892 27.713 29.021 30.455
0.000 0.000 0.000 0.000 0.000 0.000 0.001 0.004 0.011 0.020 0.035 0.056 0.086 0.127 0.182 0.253 0.348 0.472 0.639 0.838 0.996 1.118 1.227 1.305 1.417 1.524 2.560 3.513 4.255 4.875 5.238 5.336 5.331 5.285 5.186 5.088 5.034 4.999 5.002 5.061 5.221 5.615 7.882 9.562 10.470 10.756 10.913 11.959 12.819 13.283 13.538 13.553 13.193 12.617 11.660 11.712 13.852 17.594 22.508 26.965 29.626 31.230 31.793 31.735 31.236 30.358 29.296 28.466 27.471 26.318 25.108 24.281 24.062 24.531 25.607 27.410 29.322
0.000 0.000 0.000 0.000 0.000 0.000 0.001 0.004 0.009 0.018 0.032 0.053 0.083 0.125 0.181 0.253 0.347 0.474 0.644 0.867 1.080 1.243 1.378 1.468 1.585 2.100 3.176 4.058 4.704 5.190 5.527 5.622 5.586 5.461 5.320 5.172 5.071 5.003 5.004 5.080 5.230 5.815 8.260 10.034 10.858 11.019 10.958 11.685 12.503 12.981 13.167 13.163 12.778 12.070 11.084 11.025 12.765 15.953 20.106 23.722 26.314 27.796 28.307 28.177 27.667 26.843 25.926 24.855 23.672 22.411 21.379 20.878 20.940 21.477 22.835 24.988 27.339
0.000 0.000 0.000 0.000 0.000 0.000 0.000 0.003 0.007 0.014 0.026 0.045 0.074 0.116 0.171 0.244 0.339 0.466 0.637 0.865 1.129 1.355 1.526 1.629 1.735 2.770 3.766 4.524 5.117 5.518 5.751 5.800 5.727 5.598 5.421 5.227 5.099 5.040 5.040 5.135 5.322 5.978 8.380 10.247 11.037 11.133 11.073 11.437 12.062 12.542 12.699 12.657 12.267 11.489 10.485 10.353 11.663 14.250 17.651 20.284 22.603 23.765 24.065 23.785 23.350 22.764 22.026 21.124 20.041 18.888 18.077 17.737 17.884 18.707 20.112 22.369 24.898
0.000 0.000 0.000 0.000 0.000 0.000 0.000 0.001 0.004 0.008 0.016 0.030 0.054 0.091 0.143 0.213 0.304 0.427 0.595 0.826 1.122 1.426 1.656 1.782 2.104 3.369 4.303 4.936 5.419 5.759 5.915 5.912 5.832 5.688 5.499 5.291 5.195 5.186 5.177 5.239 5.427 6.073 8.270 10.268 11.090 11.162 11.105 11.314 11.603 12.028 12.141 12.086 11.671 10.845 9.822 9.679 10.639 12.568 15.205 17.082 18.736 19.524 19.506 19.370 19.098 18.754 18.275 17.467 16.402 15.478 14.951 14.904 15.272 16.132 17.663 19.716 22.233
0.000 0.000 0.000 0.000 0.000 0.000 0.000 0.001 0.002 0.004 0.008 0.016 0.030 0.055 0.094 0.150 0.225 0.329 0.479 0.704 1.032 1.428 1.752 1.923 2.819 3.919 4.701 5.249 5.624 5.893 6.015 6.001 5.916 5.782 5.643 5.483 5.375 5.350 5.378 5.392 5.499 6.102 7.887 10.073 11.029 11.163 11.065 11.030 11.326 11.522 11.530 11.424 10.997 10.191 9.128 8.900 9.525 10.891 12.810 14.385 15.398 15.728 15.744 15.618 15.394 15.059 14.532 13.767 12.886 12.322 12.044 12.127 12.619 13.597 15.008 16.922 19.023
0.000 0.000 0.000 0.000 0.000 0.000 0.000 0.000 0.001 0.001 0.003 0.007 0.013 0.026 0.047 0.082 0.134 0.208 0.317 0.488 0.826 1.308 1.779 2.319 3.540 4.396 4.978 5.414 5.730 5.956 6.101 6.121 6.045 5.951 5.893 5.792 5.679 5.610 5.603 5.571 5.588 6.088 7.207 9.534 10.678 11.017 10.905 10.769 10.903 10.964 10.917 10.672 10.182 9.397 8.342 7.975 8.252 9.040 10.320 11.736 12.535 12.757 12.626 12.356 12.050 11.662 11.124 10.434 9.862 9.527 9.403 9.545 10.038 10.954 12.264 13.818 15.667
0.000 0.000 0.000 0.000 0.000 0.000 0.000 0.000 0.000 0.001 0.001 0.003 0.005 0.010 0.019 0.034 0.058 0.096 0.170 0.324 0.603 1.071 1.893 3.118 4.109 4.767 5.183 5.496 5.786 6.014 6.172 6.257 6.240 6.160 6.133 6.122 6.084 5.985 5.892 5.792 5.733 5.995 7.138 8.656 9.916 10.537 10.497 10.432 10.429 10.363 10.170 9.775 9.149 8.375 7.442 7.168 7.208 7.560 8.350 9.354 9.918 10.074 9.939 9.667 9.321 8.908 8.383 7.784 7.347 7.116 7.035 7.168 7.597 8.351 9.408 10.757 12.246
0.000 0.000 0.000 0.000 0.000 0.000 0.000 0.000 0.000 0.000 0.000 0.001 0.002 0.004 0.008 0.014 0.026 0.051 0.141 0.348 0.757 1.482 2.625 3.788 4.546 5.039 5.335 5.551 5.824 6.094 6.252 6.372 6.441 6.433 6.443 6.483 6.508 6.448 6.319 6.131 5.929 5.815 7.019 8.182 9.130 9.678 10.032 10.065 9.957 9.721 9.293 8.638 7.856 7.110 6.869 6.630 6.438 6.493 6.840 7.368 7.731 7.832 7.727 7.509 7.203 6.813 6.314 5.779 5.392 5.398 5.509 5.652 5.845 6.108 6.733 7.867 9.094
0.000 0.000 0.000 0.000 0.000 0.000 0.000 0.000 0.000 0.000 0.000 0.000 0.001 0.002 0.003 0.009 0.032 0.099 0.268 0.625 1.254 2.207 3.330 4.240 4.870 5.217 5.417 5.590 5.833 6.125 6.509 6.619 6.568 6.694 6.838 6.958 7.005 6.970 6.832 6.557 6.194 5.915 6.834 7.917 8.651 9.200 9.486 9.507 9.337 8.892 8.169 7.261 6.634 6.449 6.282 6.108 5.918 5.737 5.768 5.941 6.085 6.102 5.983 5.792 5.525 5.186 4.749 4.551 4.573 4.617 4.676 4.755 4.877 5.069 5.421 5.850 6.549
0.000 0.000 0.000 0.000 0.000 0.000 0.000 0.000 0.000 0.000 0.000 0.000 0.000 0.002 0.006 0.019 0.062 0.187 0.490 1.086 2.017 3.065 3.958 4.602 5.092 5.351 5.470 5.601 5.814 6.295 6.645 6.769 6.796 6.847 7.122 7.348 7.445 7.424 7.237 6.920 6.493 6.013 6.507 7.439 8.065 8.510 8.652 8.620 8.360 7.738 6.788 6.011 5.720 5.602 5.553 5.500 5.409 5.253 5.042 4.966 4.919 4.834 4.678 4.479 4.234 3.999 3.954 3.916 3.894 3.889 3.897 3.923 3.983 4.111 4.373 4.649 4.905
0.000 0.000 0.000 0.000 0.000 0.000 0.000 0.000 0.000 0.000 0.000 0.000 0.001 0.004 0.012 0.038 0.119 0.344 0.853 1.780 2.986 3.903 4.477 4.916 5.263 5.448 5.524 5.577 5.710 6.063 6.456 6.663 6.772 6.819 7.198 7.510 7.637 7.613 7.486 7.154 6.612 5.970 6.006 6.742 7.370 7.608 7.609 7.444 7.019 6.255 5.622 5.214 4.865 4.708 4.708 4.760 4.793 4.742 4.584 4.360 4.117 3.936 3.739 3.602 3.518 3.446 3.379 3.316 3.257 3.205 3.166 3.146 3.150 3.190 3.309 3.392 3.414
0.000 0.000 0.000 0.000 0.000 0.000 0.000 0.000 0.000 0.000 0.000 0.001 0.003 0.009 0.025 0.076 0.224 0.604 1.408 2.744 3.983 4.655 4.986 5.197 5.391 5.512 5.560 5.562 5.581 5.665 5.989 6.173 6.327 6.549 6.941 7.317 7.553 7.591 7.397 6.949 6.294 5.524 5.321 6.005 6.405 6.489 6.375 6.038 5.453 5.073 4.894 4.597 4.241 4.003 3.932 3.968 4.051 4.103 4.051 3.893 3.674 3.452 3.271 3.125 3.005 2.902 2.813 2.730 2.644 2.555 2.476 2.411 2.346 2.273 2.226 2.148 2.131
0.000 0.000 0.000 0.000 0.000 0.000 0.000 0.000 0.000 0.000 0.001 0.003 0.007 0.018 0.051 0.146 0.407 1.015 2.170 3.778 4.892 5.374 5.509 5.542 5.551 5.566 5.559 5.534 5.436 5.307 5.294 5.387 5.629 5.990 6.399 6.750 6.859 6.655 6.258 5.758 5.173 4.503 4.727 5.062 5.221 5.203 4.989 4.576 4.426 4.390 4.279 4.075 3.778 3.494 3.326 3.274 3.289 3.341 3.374 3.321 3.175 2.977 2.784 2.622 2.481 2.354 2.245 2.144 2.037 1.921 1.803 1.685 1.657 1.642 1.675 1.667 1.625
0.000 0.000 0.000 0.000 0.000 0.000 0.000 0.000 0.001 0.001 0.003 0.006 0.014 0.036 0.097 0.269 0.702 1.625 3.176 4.748 5.693 6.019 6.040 5.921 5.777 5.623 5.548 5.390 5.172 4.888 4.711 4.755 4.955 5.209 5.283 5.012 4.410 3.961 3.770 3.533 3.700 3.891 3.986 4.017 4.012 3.947 3.762 3.834 3.844 3.825 3.753 3.608 3.380 3.104 2.876 2.727 2.639 2.596 2.580 2.561 2.491 2.350 2.163 1.995 1.856 1.727 1.610 1.498 1.378 1.369 1.372 1.367 1.349 1.365 1.388 1.375 1.343
0.000 0.000 0.000 0.000 0.000 0.000 0.000 0.001 0.002 0.003 0.006 0.012 0.028 0.068 0.176 0.465 1.144 2.478 4.299 5.678 6.383 6.566 6.497 6.269 5.992 5.765 5.475 5.123 4.770 4.453 4.219 4.117 4.105 3.902 3.368 3.240 3.211 3.177 3.226 3.327 3.395 3.354 3.276 3.224 3.171 3.099 3.247 3.338 3.354 3.343 3.291 3.178 2.994 2.748 2.498 2.288 2.118 1.980 1.865 1.761 1.661 1.543 1.443 1.442 1.399 1.298 1.192 1.133 1.116 1.116 1.146 1.173 1.196 1.217 1.223 1.211 1.195
0.000 0.000 0.000 0.000 0.000 0.001 0.002 0.003 0.004 0.006 0.012 0.024 0.051 0.120 0.300 0.755 1.772 3.590 5.360 6.477 6.952 7.014 6.901 6.588 6.202 5.814 5.347 4.869 4.424 4.051 3.686 3.298 3.260 3.197 3.114 3.111 3.070 3.040 3.035 3.004 2.915 2.832 2.780 2.722 2.664 2.614 2.754 2.881 2.915 2.910 2.868 2.772 2.612 2.391 2.133 1.888 1.670 1.473 1.296 1.321 1.379 1.397 1.394 1.364 1.286 1.152 1.043 0.990 0.977 0.993 1.040 1.099 1.136 1.156 1.163 1.146 1.122
0.000 0.000 0.000 0.001 0.002 0.003 0.004 0.005 0.007 0.011 0.021 0.042 0.090 0.203 0.483 1.159 2.608 4.692 6.257 7.048 7.363 7.430 7.191 6.844 6.349 5.713 5.149 4.587 4.020 3.432 2.769 2.711 2.840 2.932 3.001 3.006 2.971 2.853 2.633 2.594 2.555 2.499 2.423 2.347 2.278 2.234 2.254 2.425 2.490 2.494 2.461 2.376 2.232 2.026 1.763 1.488 1.241 1.022 1.197 1.316 1.365 1.370 1.366 1.324 1.221 1.073 0.972 0.922 0.919 0.965 1.024 1.083 1.135 1.155 1.154 1.137 1.100
0.000 0.001 0.001 0.003 0.004 0.005 0.007 0.009 0.011 0.019 0.035 0.072 0.151 0.332 0.760 1.730 3.623 5.652 6.882 7.417 7.672 7.617 7.437 6.987 6.257 5.535 4.803 4.061 3.253 2.419 1.971 2.434 2.740 2.868 2.923 2.926 2.878 2.747 2.500 2.290 2.235 2.159 2.076 1.992 1.930 1.887 1.856 1.904 2.017 2.047 2.032 1.964 1.829 1.615 1.326 1.035 0.798 0.994 1.170 1.292 1.343 1.354 1.340 1.283 1.167 1.025 0.933 0.891 0.906 0.984 1.064 1.117 1.162 1.185 1.186 1.163 1.118
0.001 0.002 0.003 0.005 0.006 0.008 0.011 0.013 0.018 0.032 0.060 0.119 0.246 0.528 1.163 2.555 4.695 6.372 7.193 7.668 7.785 7.730 7.469 6.810 5.973 5.034 4.032 3.021 2.028 1.694 2.085 2.517 2.763 2.831 2.860 2.862 2.802 2.641 2.339 1.974 1.917 1.848 1.763 1.662 1.583 1.525 1.474 1.427 1.397 1.451 1.459 1.414 1.285 1.061 0.786 0.564 0.778 0.981 1.155 1.279 1.324 1.333 1.315 1.239 1.108 0.983 0.913 0.890 0.934 1.043 1.134 1.186 1.215 1.233 1.237 1.219 1.177
0.003 0.004 0.005 0.007 0.010 0.012 0.015 0.020 0.030 0.054 0.102 0.199 0.400 0.832 1.791 3.658 5.682 6.784 7.342 7.632 7.749 7.688 7.121 6.253 5.054 3.763 2.550 1.564 1.511 1.793 2.220 2.562 2.773 2.842 2.839 2.823 2.741 2.522 2.168 1.855 1.677 1.572 1.484 1.400 1.289 1.133 1.069 1.001 0.924 0.842 0.804 0.768 0.676 0.522 0.374 0.560 0.811 1.016 1.173 1.282 1.321 1.321 1.290 1.196 1.055 0.956 0.908 0.908 0.993 1.135 1.226 1.273 1.301 1.319 1.322 1.308 1.273
0.004 0.006 0.008 0.011 0.014 0.017 0.022 0.030 0.050 0.092 0.175 0.333 0.642 1.285 2.750 4.891 6.244 6.912 7.285 7.476 7.499 7.025 6.091 4.602 3.148 1.882 1.419 1.427 1.567 1.884 2.324 2.620 2.774 2.849 2.856 2.827 2.705 2.427 2.022 1.761 1.635 1.541 1.462 1.387 1.279 1.101 0.856 0.649 0.582 0.515 0.444 0.367 0.278 0.273 0.386 0.586 0.852 1.073 1.227 1.308 1.331 1.322 1.273 1.145 1.017 0.945 0.914 0.943 1.072 1.244 1.352 1.399 1.423 1.445 1.452 1.445 1.431
0.007 0.009 0.012 0.015 0.019 0.024 0.032 0.048 0.085 0.159 0.298 0.554 1.027 1.974 3.795 5.582 6.438 6.793 7.058 7.157 6.665 5.422 3.701 2.246 1.631 1.468 1.400 1.435 1.625 1.991 2.408 2.669 2.767 2.812 2.843 2.808 2.645 2.303 1.900 1.684 1.590 1.520 1.453 1.372 1.253 1.071 0.821 0.595 0.443 0.342 0.272 0.225 0.224 0.279 0.399 0.617 0.896 1.124 1.287 1.364 1.371 1.336 1.264 1.122 1.010 0.957 0.959 1.018 1.188 1.374 1.492 1.563 1.603 1.623 1.637 1.645 1.642
0.011 0.014 0.017 0.022 0.027 0.035 0.049 0.079 0.143 0.268 0.500 0.914 1.647 2.875 4.577 5.778 6.330 6.577 6.688 6.223 4.835 3.080 2.149 1.779 1.561 1.441 1.399 1.467 1.695 2.098 2.458 2.669 2.739 2.763 2.771 2.737 2.555 2.170 1.803 1.636 1.549 1.490 1.441 1.372 1.242 1.038 0.783 0.570 0.429 0.337 0.269 0.221 0.229 0.290 0.420 0.658 0.950 1.180 1.344 1.420 1.424 1.380 1.284 1.123 1.031 1.023 1.040 1.134 1.343 1.543 1.667 1.748 1.823 1.864 1.875 1.863 1.815
0.016 0.020 0.025 0.031 0.039 0.052 0.078 0.132 0.240 0.444 0.810 1.431 2.324 3.593 4.902 5.676 6.027 6.219 5.883 4.614 3.191 2.421 1.987 1.695 1.510 1.421 1.405 1.507 1.763 2.177 2.520 2.683 2.729 2.740 2.725 2.647 2.413 2.023 1.725 1.598 1.531 1.482 1.440 1.366 1.227 1.009 0.752 0.546 0.413 0.330 0.268 0.222 0.234 0.299 0.443 0.706 1.013 1.245 1.398 1.467 1.467 1.425 1.311 1.156 1.095 1.092 1.131 1.280 1.528 1.743 1.886 1.962 2.022 2.055 2.042 1.980 1.903
0.023 0.029 0.036 0.044 0.057 0.080 0.126 0.221 0.399 0.725 1.269 1.961 2.763 3.932 4.903 5.363 5.671 5.636 4.990 3.758 2.747 2.205 1.856 1.620 1.467 1.397 1.417 1.548 1.826 2.229 2.532 2.686 2.720 2.728 2.705 2.578 2.294 1.886 1.641 1.540 1.493 1.463 1.428 1.356 1.209 0.982 0.723 0.527 0.401 0.320 0.262 0.221 0.238 0.308 0.460 0.746 1.079 1.317 1.454 1.505 1.492 1.447 1.316 1.192 1.167 1.179 1.265 1.494 1.766 1.955 2.096 2.180 2.200 2.185 2.122 2.052 1.945
0.033 0.041 0.049 0.061 0.082 0.123 0.204 0.359 0.644 1.121 1.708 2.283 2.980 4.008 4.684 5.029 5.161 4.960 4.219 3.221 2.483 2.049 1.751 1.541 1.416 1.374 1.417 1.565 1.874 2.267 2.525 2.656 2.702 2.712 2.679 2.538 2.194 1.790 1.577 1.487 1.448 1.427 1.400 1.328 1.189 0.963 0.698 0.513 0.395 0.317 0.258 0.218 0.244 0.318 0.483 0.786 1.140 1.388 1.517 1.553 1.531 1.464 1.324 1.248 1.250 1.298 1.450 1.749 2.013 2.163 2.259 2.318 2.320 2.255 2.184 2.068 1.906
0.044 0.055 0.067 0.087 0.123 0.192 0.321 0.555 0.946 1.467 1.946 2.385 3.037 3.898 4.369 4.634 4.642 4.379 3.757 2.888 2.305 1.938 1.672 1.485 1.390 1.365 1.420 1.573 1.890 2.287 2.535 2.658 2.700 2.706 2.675 2.488 2.083 1.715 1.547 1.467 1.430 1.413 1.390 1.313 1.164 0.933 0.667 0.490 0.385 0.312 0.254 0.216 0.249 0.327 0.512 0.835 1.197 1.456 1.596 1.627 1.581 1.499 1.356 1.320 1.339 1.427 1.652 1.987 2.216 2.331 2.379 2.393 2.364 2.316 2.193 2.007 1.714
