RESULTS/r.avaflow_results/22_results/22_ascii/22_hflow10024.asc
ncols 506
nrows 317
xllcenter 498237.50
yllcenter 5580050.00
cellsize 12.50
NODATA_value -9999.000
[rows 170 to 203 of 317, columns 154 to 230 of 506]
1.550 1.362 1.201 1.059 0.933 0.821 0.720 0.630 0.547 0.472 0.404 0.341 0.285 0.236 0.192 0.156 0.125 0.100 0.079 0.062 0.049 0.038 0.029 0.023 0.018 0.014 0.011 0.009 0.007 0.005 0.004 0.003 0.002 0.001 0.001 0.001 0.000 0.000 0.000 0.000 0.000 0.000 0.000 0.000 0.000 0.000 0.000 0.000 0.000 0.000 0.000 0.000 0.000 0.000 0.000 0.000 0.000 0.000 0.000 0.000 0.000 0.000 0.000 0.000 0.000 0.000 0.000 0.000 0.000 0.000 0.000 0.000 0.000 0.000 0.000 0.000 0.000
1.844 1.664 1.500 1.347 1.203 1.068 0.942 0.828 0.722 0.625 0.536 0.455 0.382 0.318 0.262 0.214 0.173 0.138 0.110 0.086 0.068 0.052 0.041 0.031 0.024 0.019 0.014 0.011 0.009 0.007 0.005 0.004 0.003 0.002 0.001 0.001 0.001 0.000 0.000 0.000 0.000 0.000 0.000 0.000 0.000 0.000 0.000 0.000 0.000 0.000 0.000 0.000 0.000 0.000 0.000 0.000 0.000 0.000 0.000 0.000 0.000 0.000 0.000 0.000 0.000 0.000 0.000 0.000 0.000 0.000 0.000 0.000 0.000 0.000 0.000 0.000 0.000
2.093 1.932 1.778 1.626 1.475 1.326 1.180 1.040 0.909 0.788 0.676 0.575 0.485 0.405 0.335 0.275 0.224 0.180 0.144 0.114 0.089 0.069 0.054 0.041 0.032 0.024 0.018 0.014 0.011 0.009 0.007 0.005 0.004 0.003 0.002 0.001 0.001 0.001 0.000 0.000 0.000 0.000 0.000 0.000 0.000 0.000 0.000 0.000 0.000 0.000 0.000 0.000 0.000 0.000 0.000 0.000 0.000 0.000 0.000 0.000 0.000 0.000 0.000 0.000 0.000 0.000 0.000 0.000 0.000 0.000 0.000 0.000 0.000 0.000 0.000 0.000 0.000
2.278 2.134 1.991 1.847 1.701 1.554 1.407 1.258 1.109 0.963 0.828 0.704 0.595 0.498 0.413 0.340 0.278 0.225 0.181 0.144 0.113 0.089 0.069 0.053 0.040 0.031 0.023 0.018 0.014 0.011 0.008 0.006 0.005 0.004 0.003 0.002 0.001 0.001 0.000 0.000 0.000 0.000 0.000 0.000 0.000 0.000 0.000 0.000 0.000 0.000 0.000 0.000 0.000 0.000 0.000 0.000 0.000 0.000 0.000 0.000 0.000 0.000 0.000 0.000 0.000 0.000 0.000 0.000 0.000 0.000 0.000 0.000 0.000 0.000 0.000 0.000 0.000
2.399 2.272 2.144 2.015 1.884 1.749 1.611 1.469 1.318 1.157 0.996 0.848 0.716 0.600 0.499 0.412 0.337 0.274 0.221 0.177 0.140 0.110 0.086 0.066 0.051 0.038 0.029 0.021 0.016 0.012 0.009 0.007 0.005 0.004 0.003 0.002 0.001 0.001 0.001 0.000 0.000 0.000 0.000 0.000 0.000 0.000 0.000 0.000 0.000 0.000 0.000 0.000 0.000 0.000 0.000 0.000 0.000 0.000 0.000 0.000 0.000 0.000 0.000 0.000 0.000 0.000 0.000 0.000 0.000 0.000 0.000 0.000 0.000 0.000 0.000 0.000 0.000
2.473 2.363 2.253 2.142 2.028 1.910 1.786 1.655 1.513 1.357 1.187 1.013 0.855 0.716 0.596 0.492 0.403 0.327 0.264 0.211 0.167 0.131 0.102 0.078 0.059 0.045 0.033 0.024 0.018 0.013 0.010 0.007 0.005 0.004 0.003 0.002 0.001 0.001 0.001 0.000 0.000 0.000 0.000 0.000 0.000 0.000 0.000 0.000 0.000 0.000 0.000 0.000 0.000 0.000 0.000 0.000 0.000 0.000 0.000 0.000 0.000 0.000 0.000 0.000 0.000 0.000 0.000 0.000 0.000 0.000 0.000 0.000 0.000 0.000 0.000 0.000 0.000
2.514 2.420 2.328 2.234 2.138 2.037 1.928 1.810 1.679 1.533 1.369 1.188 1.005 0.839 0.694 0.569 0.463 0.374 0.300 0.239 0.189 0.148 0.115 0.088 0.066 0.049 0.036 0.026 0.019 0.013 0.010 0.007 0.005 0.004 0.003 0.002 0.001 0.001 0.000 0.000 0.000 0.000 0.000 0.000 0.000 0.000 0.000 0.000 0.000 0.000 0.000 0.000 0.000 0.000 0.000 0.000 0.000 0.000 0.000 0.000 0.000 0.000 0.000 0.000 0.000 0.000 0.000 0.000 0.000 0.000 0.000 0.000 0.000 0.000 0.000 0.000 0.000
2.530 2.452 2.376 2.299 2.220 2.134 2.041 1.936 1.817 1.681 1.523 1.343 1.142 0.948 0.779 0.634 0.513 0.412 0.329 0.261 0.206 0.160 0.123 0.094 0.070 0.051 0.037 0.026 0.019 0.013 0.010 0.007 0.005 0.003 0.002 0.001 0.001 0.001 0.000 0.000 0.000 0.000 0.000 0.000 0.000 0.000 0.000 0.000 0.000 0.000 0.000 0.000 0.000 0.000 0.000 0.000 0.000 0.000 0.000 0.000 0.000 0.000 0.000 0.000 0.000 0.000 0.000 0.000 0.000 0.000 0.000 0.000 0.000 0.000 0.000 0.000 0.000
2.532 2.465 2.404 2.342 2.279 2.210 2.132 2.042 1.936 1.809 1.656 1.473 1.260 1.041 0.850 0.688 0.553 0.441 0.350 0.276 0.215 0.167 0.127 0.096 0.071 0.051 0.036 0.026 0.018 0.013 0.009 0.006 0.004 0.002 0.002 0.001 0.001 0.001 0.000 0.000 0.000 0.000 0.000 0.000 0.000 0.000 0.000 0.000 0.000 0.000 0.000 0.000 0.000 0.000 0.000 0.000 0.000 0.000 0.000 0.000 0.000 0.000 0.000 0.000 0.000 0.000 0.000 0.000 0.000 0.000 0.000 0.000 0.000 0.000 0.000 0.000 0.000
2.525 2.465 2.415 2.369 2.321 2.269 2.208 2.135 2.041 1.922 1.771 1.582 1.357 1.116 0.907 0.730 0.583 0.461 0.362 0.282 0.219 0.168 0.128 0.095 0.069 0.049 0.034 0.023 0.015 0.010 0.006 0.004 0.002 0.001 0.001 0.001 0.001 0.001 0.000 0.000 0.000 0.000 0.000 0.000 0.000 0.000 0.000 0.000 0.000 0.000 0.000 0.000 0.000 0.000 0.000 0.000 0.000 0.000 0.000 0.000 0.000 0.000 0.000 0.000 0.000 0.000 0.000 0.000 0.000 0.000 0.000 0.000 0.000 0.000 0.000 0.000 0.000
2.503 2.456 2.416 2.381 2.349 2.314 2.272 2.214 2.132 2.017 1.863 1.666 1.426 1.170 0.947 0.758 0.601 0.472 0.367 0.283 0.217 0.165 0.123 0.090 0.063 0.042 0.027 0.017 0.010 0.006 0.003 0.002 0.001 0.001 0.001 0.001 0.001 0.001 0.000 0.000 0.000 0.000 0.000 0.000 0.000 0.000 0.000 0.000 0.000 0.000 0.000 0.000 0.000 0.000 0.000 0.000 0.000 0.000 0.000 0.000 0.000 0.000 0.000 0.000 0.000 0.000 0.000 0.000 0.000 0.000 0.000 0.000 0.000 0.000 0.000 0.000 0.000
2.460 2.431 2.406 2.384 2.364 2.345 2.318 2.273 2.198 2.084 1.925 1.718 1.465 1.198 0.967 0.772 0.609 0.475 0.366 0.278 0.208 0.152 0.108 0.074 0.048 0.029 0.016 0.009 0.005 0.003 0.002 0.001 0.001 0.001 0.001 0.001 0.001 0.001 0.000 0.000 0.000 0.000 0.000 0.000 0.000 0.000 0.000 0.000 0.000 0.000 0.000 0.000 0.000 0.000 0.000 0.000 0.000 0.000 0.000 0.000 0.000 0.000 0.000 0.000 0.000 0.000 0.000 0.000 0.000 0.000 0.000 0.000 0.000 0.000 0.000 0.000 0.000
2.392 2.386 2.381 2.376 2.369 2.359 2.342 2.304 2.232 2.116 1.952 1.738 1.476 1.204 0.971 0.773 0.607 0.467 0.351 0.256 0.179 0.120 0.076 0.045 0.026 0.014 0.008 0.004 0.002 0.002 0.001 0.001 0.001 0.001 0.001 0.001 0.001 0.001 0.001 0.000 0.000 0.000 0.000 0.000 0.000 0.000 0.000 0.000 0.000 0.000 0.000 0.000 0.000 0.000 0.000 0.000 0.000 0.000 0.000 0.000 0.000 0.000 0.000 0.000 0.000 0.000 0.000 0.000 0.000 0.000 0.000 0.000 0.000 0.000 0.000 0.000 0.000
2.294 2.317 2.337 2.351 2.358 2.357 2.344 2.306 2.235 2.118 1.949 1.727 1.457 1.184 0.949 0.748 0.575 0.427 0.302 0.200 0.122 0.069 0.037 0.020 0.011 0.006 0.003 0.002 0.001 0.001 0.001 0.001 0.001 0.001 0.001 0.001 0.001 0.001 0.001 0.001 0.000 0.000 0.000 0.000 0.000 0.000 0.000 0.000 0.000 0.000 0.000 0.000 0.000 0.000 0.000 0.000 0.000 0.000 0.000 0.000 0.000 0.000 0.000 0.000 0.000 0.000 0.000 0.000 0.000 0.000 0.000 0.000 0.000 0.000 0.000 0.000 0.000
2.164 2.216 2.259 2.287 2.299 2.298 2.281 2.238 2.163 2.044 1.868 1.634 1.351 1.079 0.847 0.646 0.471 0.321 0.199 0.111 0.057 0.029 0.015 0.008 0.004 0.003 0.002 0.001 0.001 0.001 0.001 0.001 0.001 0.001 0.001 0.001 0.001 0.001 0.001 0.001 0.001 0.000 0.000 0.000 0.000 0.000 0.000 0.000 0.000 0.000 0.000 0.000 0.000 0.000 0.000 0.000 0.000 0.000 0.000 0.000 0.000 0.000 0.000 0.000 0.000 0.000 0.000 0.000 0.000 0.000 0.000 0.000 0.000 0.000 0.000 0.000 0.000
1.991 2.055 2.096 2.112 2.103 2.077 2.033 1.973 1.891 1.772 1.597 1.361 1.077 0.821 0.606 0.425 0.277 0.164 0.088 0.044 0.021 0.010 0.006 0.003 0.002 0.002 0.001 0.001 0.001 0.001 0.001 0.001 0.001 0.001 0.001 0.001 0.001 0.001 0.001 0.001 0.001 0.001 0.001 0.000 0.000 0.000 0.000 0.000 0.000 0.000 0.000 0.000 0.000 0.000 0.000 0.000 0.000 0.000 0.000 0.000 0.000 0.000 0.000 0.000 0.000 0.000 0.000 0.000 0.000 0.000 0.000 0.000 0.000 0.000 0.000 0.000 0.000
1.718 1.754 1.756 1.725 1.662 1.578 1.489 1.401 1.309 1.197 1.047 0.846 0.615 0.427 0.288 0.186 0.112 0.061 0.031 0.015 0.008 0.004 0.003 0.002 0.002 0.001 0.001 0.001 0.001 0.001 0.001 0.001 0.002 0.002 0.002 0.002 0.002 0.002 0.002 0.001 0.001 0.001 0.001 0.001 0.000 0.000 0.000 0.000 0.000 0.000 0.000 0.000 0.000 0.000 0.000 0.000 0.000 0.000 0.000 0.000 0.000 0.000 0.000 0.000 0.000 0.000 0.000 0.000 0.000 0.000 0.000 0.000 0.000 0.000 0.000 0.000 0.000
1.268 1.241 1.182 1.091 0.975 0.863 0.775 0.701 0.631 0.559 0.473 0.365 0.252 0.166 0.106 0.065 0.038 0.020 0.011 0.006 0.003 0.002 0.002 0.002 0.002 0.001 0.001 0.001 0.002 0.002 0.002 0.002 0.002 0.002 0.002 0.002 0.002 0.002 0.002 0.002 0.002 0.002 0.001 0.001 0.000 0.000 0.000 0.000 0.000 0.000 0.000 0.000 0.000 0.000 0.000 0.000 0.000 0.000 0.000 0.000 0.000 0.000 0.000 0.000 0.000 0.000 0.000 0.000 0.000 0.000 0.000 0.000 0.000 0.000 0.000 0.000 0.000
0.732 0.686 0.622 0.547 0.463 0.391 0.334 0.289 0.250 0.213 0.174 0.129 0.087 0.056 0.035 0.022 0.013 0.008 0.005 0.003 0.002 0.002 0.002 0.002 0.002 0.002 0.002 0.002 0.002 0.002 0.003 0.003 0.003 0.003 0.003 0.003 0.003 0.003 0.003 0.003 0.003 0.003 0.002 0.001 0.001 0.000 0.000 0.000 0.000 0.000 0.000 0.000 0.000 0.000 0.000 0.000 0.000 0.000 0.000 0.000 0.000 0.000 0.000 0.000 0.000 0.000 0.000 0.000 0.000 0.000 0.000 0.000 0.000 0.000 0.000 0.000 0.000
0.366 0.332 0.293 0.249 0.204 0.165 0.135 0.111 0.093 0.076 0.060 0.044 0.030 0.020 0.013 0.008 0.006 0.004 0.003 0.003 0.002 0.002 0.002 0.002 0.002 0.002 0.003 0.003 0.003 0.004 0.004 0.005 0.005 0.005 0.005 0.005 0.006 0.006 0.006 0.006 0.006 0.005 0.004 0.002 0.001 0.000 0.000 0.000 0.000 0.000 0.000 0.000 0.000 0.000 0.000 0.000 0.000 0.000 0.000 0.000 0.000 0.000 0.000 0.000 0.000 0.000 0.000 0.000 0.000 0.000 0.000 0.000 0.000 0.000 0.000 0.000 0.000
0.168 0.150 0.131 0.110 0.088 0.069 0.054 0.043 0.035 0.029 0.022 0.017 0.012 0.009 0.006 0.005 0.004 0.003 0.003 0.003 0.002 0.002 0.003 0.003 0.003 0.004 0.004 0.005 0.006 0.007 0.008 0.008 0.009 0.009 0.010 0.010 0.010 0.010 0.011 0.010 0.010 0.009 0.006 0.004 0.002 0.001 0.000 0.000 0.000 0.000 0.000 0.000 0.000 0.000 0.000 0.000 0.000 0.000 0.000 0.000 0.000 0.000 0.000 0.000 0.000 0.000 0.000 0.000 0.000 0.000 0.000 0.000 0.000 0.000 0.000 0.000 0.000
0.076 0.068 0.059 0.050 0.039 0.030 0.024 0.019 0.016 0.014 0.011 0.009 0.008 0.006 0.005 0.004 0.004 0.003 0.003 0.003 0.003 0.003 0.004 0.004 0.005 0.006 0.008 0.010 0.011 0.013 0.015 0.017 0.018 0.019 0.019 0.020 0.020 0.020 0.020 0.019 0.016 0.012 0.008 0.004 0.002 0.001 0.000 0.000 0.000 0.000 0.000 0.000 0.000 0.000 0.000 0.000 0.000 0.000 0.000 0.000 0.000 0.000 0.000 0.000 0.000 0.000 0.000 0.000 0.000 0.000 0.000 0.000 0.000 0.000 0.000 0.000 0.000
0.037 0.033 0.029 0.025 0.020 0.016 0.013 0.012 0.010 0.009 0.009 0.008 0.007 0.006 0.005 0.004 0.004 0.004 0.004 0.004 0.004 0.005 0.006 0.008 0.010 0.013 0.017 0.021 0.025 0.030 0.034 0.036 0.038 0.040 0.040 0.040 0.039 0.037 0.034 0.028 0.021 0.014 0.009 0.005 0.002 0.001 0.000 0.000 0.000 0.000 0.000 0.000 0.000 0.000 0.000 0.000 0.000 0.000 0.000 0.000 0.000 0.000 0.000 0.000 0.000 0.000 0.000 0.000 0.000 0.000 0.000 0.000 0.000 0.000 0.000 0.000 0.000
0.020 0.019 0.017 0.015 0.013 0.012 0.010 0.010 0.009 0.009 0.008 0.008 0.007 0.006 0.005 0.005 0.005 0.005 0.005 0.006 0.007 0.009 0.012 0.017 0.022 0.030 0.039 0.049 0.059 0.068 0.075 0.080 0.082 0.083 0.080 0.075 0.067 0.057 0.045 0.033 0.023 0.015 0.009 0.005 0.002 0.001 0.000 0.000 0.000 0.000 0.000 0.000 0.000 0.000 0.000 0.000 0.000 0.000 0.000 0.000 0.000 0.000 0.000 0.000 0.000 0.000 0.000 0.000 0.000 0.000 0.000 0.000 0.000 0.000 0.000 0.000 0.000
0.013 0.012 0.012 0.012 0.011 0.010 0.010 0.010 0.009 0.009 0.009 0.008 0.008 0.007 0.007 0.007 0.007 0.007 0.009 0.011 0.014 0.020 0.028 0.039 0.054 0.072 0.094 0.115 0.133 0.147 0.157 0.162 0.159 0.148 0.129 0.108 0.087 0.067 0.050 0.035 0.024 0.015 0.009 0.005 0.002 0.001 0.000 0.000 0.000 0.000 0.000 0.000 0.000 0.000 0.000 0.000 0.000 0.000 0.000 0.000 0.000 0.000 0.000 0.000 0.000 0.000 0.000 0.000 0.000 0.000 0.000 0.000 0.000 0.000 0.000 0.000 0.000
0.009 0.009 0.010 0.010 0.011 0.011 0.011 0.011 0.011 0.011 0.011 0.010 0.010 0.010 0.010 0.010 0.011 0.013 0.017 0.023 0.033 0.047 0.067 0.095 0.130 0.171 0.210 0.244 0.269 0.282 0.282 0.264 0.231 0.194 0.158 0.124 0.095 0.071 0.051 0.035 0.024 0.015 0.009 0.005 0.002 0.001 0.000 0.000 0.000 0.000 0.000 0.000 0.000 0.000 0.000 0.000 0.000 0.000 0.000 0.000 0.000 0.000 0.000 0.000 0.000 0.000 0.000 0.000 0.000 0.000 0.000 0.000 0.000 0.000 0.000 0.000 0.000
0.007 0.008 0.009 0.010 0.011 0.012 0.013 0.014 0.015 0.015 0.015 0.015 0.015 0.015 0.016 0.017 0.021 0.028 0.038 0.055 0.080 0.116 0.163 0.222 0.288 0.353 0.404 0.434 0.444 0.425 0.381 0.323 0.265 0.214 0.168 0.129 0.097 0.071 0.050 0.035 0.023 0.015 0.009 0.005 0.002 0.001 0.000 0.000 0.000 0.000 0.000 0.000 0.000 0.000 0.000 0.000 0.000 0.000 0.000 0.000 0.000 0.000 0.000 0.000 0.000 0.000 0.000 0.000 0.000 0.000 0.000 0.000 0.000 0.000 0.000 0.000 0.000
0.006 0.007 0.009 0.010 0.012 0.015 0.018 0.021 0.022 0.023 0.024 0.024 0.025 0.026 0.028 0.034 0.044 0.062 0.091 0.133 0.191 0.264 0.352 0.444 0.524 0.576 0.598 0.596 0.568 0.509 0.426 0.344 0.275 0.217 0.169 0.128 0.096 0.069 0.049 0.034 0.022 0.014 0.009 0.005 0.002 0.001 0.000 0.000 0.000 0.000 0.000 0.000 0.000 0.000 0.000 0.000 0.000 0.000 0.000 0.000 0.000 0.000 0.000 0.000 0.000 0.000 0.000 0.000 0.000 0.000 0.000 0.000 0.000 0.000 0.000 0.000 0.000
0.006 0.007 0.009 0.012 0.016 0.021 0.027 0.032 0.036 0.039 0.041 0.043 0.045 0.048 0.055 0.070 0.097 0.141 0.205 0.293 0.397 0.504 0.598 0.667 0.710 0.727 0.722 0.692 0.633 0.545 0.441 0.349 0.275 0.216 0.166 0.125 0.092 0.066 0.047 0.032 0.021 0.014 0.008 0.005 0.002 0.001 0.000 0.000 0.000 0.000 0.000 0.000 0.000 0.000 0.000 0.000 0.000 0.000 0.000 0.000 0.000 0.000 0.000 0.000 0.000 0.000 0.000 0.000 0.000 0.000 0.000 0.000 0.000 0.000 0.000 0.000 0.000
0.006 0.007 0.010 0.014 0.021 0.031 0.042 0.052 0.060 0.066 0.071 0.076 0.081 0.090 0.107 0.141 0.198 0.284 0.400 0.523 0.631 0.711 0.767 0.799 0.812 0.808 0.785 0.737 0.661 0.561 0.447 0.350 0.274 0.212 0.162 0.121 0.088 0.063 0.044 0.030 0.020 0.013 0.008 0.004 0.002 0.001 0.000 0.000 0.000 0.000 0.000 0.000 0.000 0.000 0.000 0.000 0.000 0.000 0.000 0.000 0.000 0.000 0.000 0.000 0.000 0.000 0.000 0.000 0.000 0.000 0.000 0.000 0.000 0.000 0.000 0.000 0.000
0.006 0.008 0.012 0.019 0.031 0.046 0.063 0.079 0.092 0.103 0.113 0.123 0.135 0.153 0.185 0.243 0.333 0.453 0.584 0.695 0.774 0.824 0.849 0.858 0.857 0.843 0.810 0.754 0.673 0.568 0.449 0.349 0.269 0.205 0.154 0.114 0.083 0.059 0.041 0.028 0.019 0.012 0.007 0.004 0.002 0.001 0.000 0.000 0.000 0.000 0.000 0.000 0.000 0.000 0.000 0.000 0.000 0.000 0.000 0.000 0.000 0.000 0.000 0.000 0.000 0.000 0.000 0.000 0.000 0.000 0.000 0.000 0.000 0.000 0.000 0.000 0.000
0.007 0.010 0.016 0.028 0.045 0.064 0.083 0.100 0.115 0.131 0.146 0.162 0.181 0.207 0.250 0.320 0.424 0.559 0.684 0.777 0.836 0.866 0.876 0.876 0.870 0.851 0.814 0.755 0.672 0.565 0.443 0.340 0.257 0.192 0.142 0.105 0.076 0.054 0.038 0.026 0.017 0.011 0.006 0.004 0.002 0.001 0.000 0.000 0.000 0.000 0.000 0.000 0.000 0.000 0.000 0.000 0.000 0.000 0.000 0.000 0.000 0.000 0.000 0.000 0.000 0.000 0.000 0.000 0.000 0.000 0.000 0.000 0.000 0.000 0.000 0.000 0.000
0.008 0.013 0.023 0.038 0.057 0.076 0.094 0.111 0.128 0.146 0.164 0.185 0.208 0.239 0.285 0.358 0.466 0.603 0.718 0.799 0.848 0.871 0.877 0.875 0.864 0.837 0.792 0.726 0.638 0.529 0.411 0.311 0.231 0.169 0.123 0.089 0.064 0.046 0.032 0.022 0.014 0.009 0.005 0.003 0.001 0.000 0.000 0.000 0.000 0.000 0.000 0.000 0.000 0.000 0.000 0.000 0.000 0.000 0.000 0.000 0.000 0.000 0.000 0.000 0.000 0.000 0.000 0.000 0.000 0.000 0.000 0.000 0.000 0.000 0.000 0.000 0.000
0.010 0.016 0.028 0.045 0.064 0.082 0.099 0.116 0.134 0.152 0.173 0.196 0.222 0.254 0.299 0.370 0.475 0.609 0.718 0.792 0.834 0.851 0.853 0.845 0.820 0.775 0.711 0.629 0.536 0.434 0.335 0.252 0.184 0.132 0.094 0.066 0.047 0.033 0.023 0.016 0.010 0.007 0.004 0.002 0.001 0.000 0.000 0.000 0.000 0.000 0.000 0.000 0.000 0.000 0.000 0.000 0.000 0.000 0.000 0.000 0.000 0.000 0.000 0.000 0.000 0.000 0.000 0.000 0.000 0.000 0.000 0.000 0.000 0.000 0.000 0.000 0.000
