RESULTS/r.avaflow_results/22_results/22_ascii/22_hflow10053.asc
ncols 506
nrows 317
xllcenter 498237.50
yllcenter 5580050.00
cellsize 12.50
NODATA_value -9999.000
[rows 170 to 203 of 317, columns 77 to 153 of 506]
0.000 0.000 0.000 0.000 0.000 0.000 0.000 0.000 0.000 0.001 0.002 0.004 0.008 0.013 0.022 0.033 0.042 0.050 0.057 0.063 0.071 0.084 0.108 0.154 0.218 0.264 0.279 0.276 0.264 0.244 0.219 0.187 0.151 0.118 0.092 0.073 0.060 0.051 0.047 0.046 0.048 0.059 0.094 0.188 0.394 0.734 1.182 1.705 2.311 3.062 4.068 5.365 6.704 7.706 8.285 8.523 8.634 8.725 8.783 8.810 8.803 8.713 8.474 8.081 7.570 6.966 6.311 5.704 5.150 4.642 4.185 3.783 3.434 3.126 2.852 2.605 2.379
0.000 0.000 0.000 0.000 0.000 0.000 0.000 0.001 0.002 0.004 0.007 0.013 0.021 0.035 0.054 0.075 0.093 0.108 0.122 0.136 0.153 0.180 0.227 0.293 0.353 0.379 0.379 0.365 0.342 0.312 0.276 0.231 0.182 0.141 0.110 0.090 0.076 0.069 0.067 0.069 0.080 0.116 0.216 0.454 0.888 1.493 2.194 2.954 3.822 4.830 5.912 6.997 7.891 8.454 8.694 8.762 8.812 8.868 8.894 8.899 8.866 8.737 8.476 8.081 7.568 6.965 6.301 5.678 5.114 4.612 4.173 3.796 3.469 3.185 2.935 2.714 2.517
0.000 0.000 0.000 0.000 0.000 0.000 0.001 0.002 0.005 0.010 0.017 0.028 0.045 0.070 0.101 0.134 0.165 0.194 0.221 0.249 0.283 0.332 0.398 0.455 0.481 0.484 0.474 0.453 0.423 0.385 0.337 0.278 0.215 0.166 0.131 0.109 0.098 0.094 0.095 0.106 0.144 0.251 0.507 1.006 1.755 2.653 3.579 4.535 5.513 6.467 7.335 8.043 8.511 8.719 8.772 8.791 8.834 8.873 8.885 8.878 8.825 8.683 8.423 8.037 7.538 6.942 6.272 5.639 5.080 4.592 4.169 3.805 3.493 3.223 2.991 2.792 2.616
0.000 0.000 0.000 0.000 0.000 0.000 0.001 0.004 0.009 0.017 0.027 0.043 0.067 0.098 0.135 0.178 0.226 0.279 0.332 0.382 0.435 0.493 0.546 0.575 0.581 0.575 0.562 0.539 0.506 0.461 0.402 0.329 0.252 0.194 0.155 0.134 0.126 0.126 0.135 0.173 0.283 0.550 1.088 1.954 3.068 4.169 5.152 6.047 6.878 7.626 8.226 8.609 8.766 8.793 8.780 8.780 8.807 8.819 8.812 8.784 8.710 8.561 8.309 7.941 7.461 6.880 6.220 5.593 5.047 4.575 4.163 3.808 3.502 3.242 3.021 2.835 2.674
0.000 0.000 0.000 0.000 0.000 0.000 0.002 0.006 0.012 0.021 0.034 0.052 0.078 0.113 0.155 0.206 0.267 0.340 0.419 0.491 0.555 0.611 0.649 0.665 0.666 0.662 0.650 0.627 0.591 0.540 0.472 0.385 0.294 0.226 0.184 0.164 0.159 0.165 0.196 0.291 0.541 1.089 2.039 3.365 4.675 5.699 6.513 7.216 7.829 8.329 8.671 8.820 8.838 8.809 8.764 8.742 8.736 8.715 8.683 8.629 8.537 8.377 8.130 7.782 7.329 6.779 6.145 5.539 5.011 4.552 4.152 3.804 3.503 3.249 3.035 2.855 2.701
0.000 0.000 0.000 0.000 0.000 0.000 0.002 0.006 0.013 0.023 0.037 0.056 0.083 0.120 0.166 0.223 0.294 0.381 0.484 0.578 0.651 0.704 0.736 0.749 0.752 0.749 0.738 0.716 0.679 0.624 0.547 0.447 0.342 0.263 0.214 0.193 0.189 0.200 0.258 0.437 0.901 1.840 3.309 4.910 6.103 6.945 7.556 8.031 8.418 8.694 8.838 8.873 8.856 8.801 8.726 8.658 8.612 8.564 8.507 8.427 8.313 8.141 7.894 7.562 7.140 6.631 6.041 5.464 4.959 4.516 4.128 3.789 3.497 3.248 3.039 2.861 2.706
0.000 0.000 0.000 0.000 0.000 0.000 0.002 0.006 0.013 0.023 0.037 0.057 0.085 0.122 0.171 0.231 0.308 0.403 0.523 0.645 0.734 0.791 0.823 0.837 0.841 0.839 0.830 0.809 0.771 0.712 0.629 0.517 0.396 0.303 0.244 0.217 0.212 0.225 0.294 0.522 1.146 2.427 4.358 6.100 7.225 7.902 8.301 8.562 8.757 8.871 8.906 8.890 8.845 8.769 8.662 8.542 8.447 8.367 8.284 8.182 8.045 7.858 7.607 7.287 6.894 6.430 5.895 5.353 4.874 4.450 4.077 3.753 3.473 3.235 3.031 2.857 2.703
0.000 0.000 0.000 0.000 0.000 0.000 0.002 0.006 0.013 0.023 0.037 0.057 0.085 0.123 0.172 0.234 0.312 0.411 0.539 0.688 0.807 0.879 0.916 0.933 0.938 0.937 0.929 0.909 0.870 0.808 0.717 0.596 0.458 0.348 0.275 0.238 0.230 0.241 0.310 0.550 1.248 2.757 5.055 6.964 8.064 8.588 8.806 8.912 8.970 8.980 8.948 8.887 8.808 8.702 8.566 8.401 8.256 8.141 8.032 7.905 7.743 7.536 7.279 6.965 6.595 6.168 5.686 5.189 4.741 4.342 3.991 3.685 3.421 3.196 3.002 2.836 2.688
0.000 0.000 0.000 0.000 0.000 0.000 0.002 0.006 0.012 0.021 0.035 0.054 0.083 0.121 0.171 0.233 0.311 0.411 0.540 0.704 0.863 0.967 1.019 1.040 1.046 1.046 1.039 1.018 0.977 0.910 0.813 0.682 0.528 0.398 0.307 0.258 0.243 0.250 0.314 0.552 1.259 2.876 5.444 7.544 8.641 9.043 9.137 9.150 9.117 9.048 8.959 8.859 8.742 8.602 8.436 8.236 8.051 7.898 7.752 7.594 7.405 7.176 6.907 6.592 6.236 5.842 5.409 4.965 4.557 4.190 3.866 3.582 3.338 3.130 2.950 2.795 2.659
0.000 0.000 0.000 0.000 0.000 0.000 0.001 0.005 0.010 0.017 0.029 0.047 0.075 0.113 0.164 0.226 0.305 0.405 0.533 0.699 0.890 1.042 1.125 1.157 1.166 1.165 1.157 1.132 1.086 1.013 0.910 0.773 0.605 0.453 0.343 0.278 0.253 0.256 0.311 0.539 1.231 2.872 5.586 7.872 8.995 9.319 9.348 9.299 9.199 9.068 8.934 8.795 8.642 8.470 8.276 8.053 7.835 7.643 7.456 7.257 7.030 6.771 6.482 6.161 5.816 5.451 5.066 4.682 4.323 3.995 3.704 3.449 3.229 3.041 2.880 2.738 2.612
0.000 0.000 0.000 0.000 0.000 0.000 0.001 0.003 0.006 0.011 0.020 0.035 0.058 0.094 0.142 0.204 0.281 0.378 0.504 0.670 0.879 1.079 1.209 1.261 1.272 1.270 1.260 1.232 1.182 1.106 1.001 0.862 0.688 0.514 0.383 0.299 0.263 0.260 0.303 0.504 1.154 2.775 5.549 7.981 9.176 9.473 9.463 9.365 9.218 9.051 8.872 8.693 8.505 8.307 8.090 7.850 7.602 7.370 7.140 6.896 6.626 6.331 6.014 5.678 5.339 5.002 4.669 4.350 4.047 3.765 3.512 3.290 3.097 2.932 2.790 2.665 2.554
0.000 0.000 0.000 0.000 0.000 0.000 0.000 0.001 0.003 0.005 0.010 0.018 0.033 0.059 0.099 0.153 0.223 0.310 0.425 0.583 0.802 1.058 1.247 1.338 1.357 1.355 1.343 1.315 1.264 1.188 1.084 0.947 0.775 0.585 0.432 0.327 0.275 0.264 0.289 0.449 1.019 2.544 5.324 7.916 9.217 9.538 9.502 9.372 9.192 8.985 8.758 8.541 8.328 8.108 7.876 7.625 7.358 7.091 6.827 6.549 6.252 5.926 5.578 5.223 4.886 4.568 4.271 3.996 3.744 3.511 3.299 3.111 2.948 2.807 2.685 2.574 2.478
0.000 0.000 0.000 0.000 0.000 0.000 0.000 0.000 0.001 0.002 0.004 0.008 0.014 0.027 0.048 0.081 0.127 0.190 0.276 0.409 0.622 0.933 1.220 1.374 1.417 1.417 1.405 1.377 1.330 1.259 1.160 1.030 0.865 0.669 0.494 0.367 0.295 0.271 0.282 0.389 0.839 2.186 4.864 7.629 9.105 9.520 9.488 9.329 9.103 8.839 8.572 8.329 8.101 7.870 7.633 7.379 7.105 6.817 6.530 6.230 5.912 5.565 5.196 4.835 4.501 4.196 3.919 3.671 3.449 3.251 3.075 2.920 2.783 2.663 2.559 2.466 2.384
0.000 0.000 0.000 0.000 0.000 0.000 0.000 0.000 0.000 0.001 0.001 0.003 0.005 0.010 0.018 0.032 0.053 0.083 0.127 0.206 0.370 0.687 1.095 1.355 1.446 1.454 1.445 1.421 1.380 1.318 1.230 1.113 0.959 0.768 0.576 0.427 0.332 0.292 0.292 0.360 0.683 1.780 4.206 7.075 8.737 9.309 9.336 9.181 8.919 8.598 8.295 8.040 7.808 7.581 7.353 7.109 6.842 6.552 6.251 5.938 5.606 5.247 4.869 4.510 4.180 3.881 3.614 3.379 3.174 2.997 2.846 2.716 2.601 2.501 2.413 2.339 2.276
0.000 0.000 0.000 0.000 0.000 0.000 0.000 0.000 0.000 0.000 0.000 0.001 0.002 0.003 0.006 0.011 0.018 0.029 0.047 0.083 0.175 0.409 0.851 1.259 1.439 1.470 1.465 1.448 1.417 1.368 1.296 1.195 1.059 0.883 0.682 0.514 0.397 0.337 0.325 0.368 0.600 1.432 3.446 6.260 8.065 8.806 8.931 8.835 8.582 8.238 7.901 7.637 7.430 7.237 7.035 6.812 6.565 6.288 5.987 5.669 5.330 4.966 4.591 4.237 3.910 3.613 3.347 3.116 2.918 2.751 2.613 2.497 2.400 2.317 2.250 2.197 2.155
0.000 0.000 0.000 0.000 0.000 0.000 0.000 0.000 0.000 0.000 0.000 0.000 0.001 0.001 0.002 0.003 0.006 0.010 0.016 0.030 0.072 0.207 0.554 1.047 1.365 1.466 1.471 1.462 1.442 1.408 1.355 1.276 1.164 1.012 0.818 0.633 0.499 0.420 0.395 0.416 0.583 1.205 2.757 5.241 7.118 8.009 8.241 8.214 8.035 7.731 7.373 7.084 6.897 6.766 6.633 6.471 6.269 6.020 5.731 5.414 5.076 4.716 4.350 4.003 3.680 3.383 3.114 2.877 2.676 2.510 2.374 2.264 2.178 2.115 2.071 2.040 2.019
0.000 0.000 0.000 0.000 0.000 0.000 0.000 0.000 0.000 0.000 0.000 0.000 0.000 0.001 0.001 0.001 0.002 0.003 0.006 0.011 0.029 0.093 0.296 0.729 1.186 1.411 1.465 1.467 1.459 1.440 1.406 1.350 1.264 1.143 0.977 0.789 0.644 0.553 0.515 0.520 0.635 1.098 2.270 4.252 6.004 6.949 7.272 7.305 7.227 7.025 6.705 6.376 6.177 6.104 6.070 6.019 5.918 5.730 5.468 5.163 4.831 4.486 4.137 3.800 3.479 3.179 2.905 2.660 2.449 2.273 2.131 2.021 1.942 1.895 1.870 1.856 1.842
0.000 0.000 0.000 0.000 0.000 0.000 0.000 0.000 0.000 0.000 0.000 0.000 0.000 0.000 0.000 0.001 0.001 0.001 0.002 0.005 0.013 0.041 0.141 0.414 0.880 1.261 1.424 1.463 1.470 1.466 1.449 1.412 1.349 1.254 1.121 0.956 0.821 0.732 0.689 0.683 0.751 1.082 1.949 3.486 4.989 5.828 6.151 6.220 6.214 6.128 5.921 5.619 5.388 5.316 5.347 5.412 5.436 5.357 5.161 4.891 4.585 4.263 3.941 3.620 3.296 2.990 2.710 2.457 2.234 2.044 1.890 1.773 1.693 1.644 1.614 1.580 1.516
0.000 0.000 0.000 0.000 0.000 0.000 0.000 0.000 0.000 0.000 0.000 0.000 0.000 0.000 0.000 0.001 0.001 0.001 0.002 0.003 0.007 0.020 0.064 0.206 0.538 0.992 1.307 1.438 1.478 1.487 1.483 1.462 1.418 1.343 1.233 1.089 0.967 0.889 0.852 0.845 0.885 1.109 1.730 2.890 4.150 4.886 5.197 5.297 5.314 5.284 5.181 4.987 4.760 4.626 4.611 4.688 4.801 4.831 4.749 4.562 4.314 4.036 3.750 3.449 3.123 2.806 2.520 2.260 2.026 1.819 1.649 1.515 1.410 1.318 1.220 1.101 0.951
0.000 0.000 0.000 0.000 0.000 0.000 0.000 0.000 0.000 0.000 0.000 0.000 0.000 0.000 0.000 0.000 0.001 0.001 0.002 0.003 0.006 0.013 0.032 0.096 0.280 0.652 1.081 1.348 1.463 1.502 1.508 1.500 1.469 1.409 1.315 1.186 1.070 0.993 0.954 0.945 0.967 1.116 1.552 2.400 3.450 4.120 4.431 4.553 4.590 4.587 4.542 4.433 4.261 4.092 4.007 4.003 4.078 4.155 4.167 4.099 3.946 3.733 3.489 3.219 2.916 2.598 2.311 2.050 1.807 1.581 1.380 1.203 1.033 0.864 0.706 0.564 0.438
0.000 0.000 0.000 0.000 0.000 0.000 0.000 0.000 0.000 0.000 0.000 0.000 0.000 0.000 0.000 0.000 0.001 0.002 0.002 0.004 0.006 0.011 0.022 0.051 0.140 0.359 0.749 1.146 1.383 1.491 1.523 1.524 1.502 1.451 1.367 1.251 1.137 1.056 1.008 0.990 0.997 1.089 1.382 1.972 2.823 3.466 3.796 3.939 3.991 3.999 3.984 3.925 3.811 3.655 3.520 3.437 3.400 3.407 3.420 3.413 3.348 3.208 3.009 2.774 2.513 2.228 1.957 1.705 1.461 1.220 0.983 0.763 0.578 0.435 0.325 0.238 0.173
0.000 0.000 0.000 0.000 0.000 0.000 0.000 0.000 0.000 0.000 0.000 0.000 0.000 0.000 0.000 0.001 0.001 0.002 0.004 0.006 0.008 0.012 0.020 0.037 0.080 0.195 0.437 0.823 1.193 1.416 1.513 1.532 1.518 1.472 1.394 1.286 1.176 1.091 1.031 1.000 0.995 1.035 1.200 1.582 2.227 2.858 3.227 3.403 3.473 3.489 3.484 3.449 3.367 3.238 3.090 2.949 2.825 2.718 2.628 2.558 2.493 2.392 2.236 2.035 1.809 1.567 1.330 1.104 0.886 0.678 0.498 0.356 0.250 0.176 0.125 0.089 0.065
0.000 0.000 0.000 0.000 0.000 0.000 0.000 0.000 0.000 0.000 0.000 0.000 0.000 0.000 0.000 0.001 0.002 0.004 0.006 0.008 0.012 0.016 0.022 0.035 0.062 0.124 0.262 0.519 0.899 1.245 1.442 1.516 1.517 1.477 1.401 1.300 1.195 1.108 1.039 0.990 0.960 0.953 1.011 1.227 1.672 2.255 2.677 2.904 2.999 3.022 3.019 2.990 2.923 2.810 2.660 2.487 2.304 2.117 1.939 1.777 1.630 1.488 1.336 1.166 0.988 0.812 0.649 0.504 0.378 0.272 0.189 0.128 0.087 0.062 0.045 0.033 0.024
0.000 0.000 0.000 0.000 0.000 0.000 0.000 0.000 0.000 0.000 0.000 0.000 0.000 0.000 0.000 0.001 0.003 0.006 0.009 0.013 0.017 0.022 0.029 0.040 0.062 0.104 0.187 0.348 0.625 0.994 1.292 1.443 1.482 1.460 1.394 1.300 1.200 1.113 1.036 0.960 0.885 0.837 0.834 0.926 1.190 1.643 2.108 2.400 2.536 2.571 2.567 2.539 2.477 2.370 2.217 2.019 1.787 1.546 1.326 1.134 0.967 0.820 0.687 0.563 0.446 0.341 0.253 0.182 0.128 0.087 0.059 0.041 0.029 0.022 0.017 0.013 0.010
0.000 0.000 0.000 0.000 0.000 0.000 0.000 0.000 0.000 0.000 0.000 0.000 0.000 0.000 0.000 0.002 0.004 0.007 0.011 0.017 0.024 0.032 0.040 0.052 0.070 0.105 0.167 0.275 0.464 0.756 1.084 1.303 1.392 1.396 1.358 1.285 1.196 1.109 1.022 0.926 0.816 0.725 0.682 0.697 0.815 1.077 1.468 1.815 2.015 2.088 2.095 2.072 2.008 1.887 1.704 1.463 1.203 0.970 0.780 0.623 0.493 0.389 0.305 0.235 0.176 0.126 0.088 0.060 0.040 0.028 0.019 0.014 0.011 0.009 0.007 0.006 0.005
0.000 0.000 0.000 0.000 0.000 0.000 0.000 0.000 0.000 0.000 0.000 0.000 0.000 0.000 0.000 0.001 0.004 0.007 0.013 0.021 0.030 0.041 0.054 0.069 0.089 0.119 0.170 0.255 0.390 0.601 0.880 1.115 1.247 1.282 1.273 1.234 1.169 1.089 0.999 0.895 0.773 0.653 0.570 0.536 0.559 0.665 0.872 1.131 1.331 1.440 1.473 1.461 1.392 1.249 1.038 0.814 0.630 0.483 0.366 0.274 0.205 0.156 0.119 0.090 0.065 0.044 0.029 0.019 0.013 0.009 0.007 0.006 0.005 0.004 0.003 0.003 0.003
0.000 0.000 0.000 0.000 0.000 0.000 0.000 0.000 0.000 0.000 0.000 0.000 0.000 0.000 0.000 0.001 0.003 0.007 0.013 0.023 0.034 0.048 0.065 0.084 0.107 0.139 0.183 0.252 0.358 0.514 0.725 0.926 1.064 1.130 1.145 1.136 1.103 1.044 0.962 0.861 0.741 0.609 0.501 0.431 0.402 0.415 0.477 0.591 0.696 0.757 0.778 0.771 0.723 0.622 0.481 0.350 0.253 0.181 0.129 0.094 0.071 0.055 0.043 0.032 0.022 0.015 0.010 0.007 0.005 0.004 0.003 0.003 0.002 0.002 0.002 0.002 0.002
0.000 0.000 0.000 0.000 0.000 0.000 0.000 0.000 0.000 0.000 0.000 0.000 0.000 0.000 0.000 0.001 0.003 0.007 0.013 0.023 0.037 0.052 0.071 0.092 0.118 0.150 0.194 0.254 0.339 0.458 0.613 0.765 0.881 0.956 0.992 1.003 0.996 0.964 0.904 0.818 0.709 0.581 0.463 0.372 0.312 0.280 0.268 0.284 0.308 0.322 0.324 0.316 0.290 0.239 0.171 0.116 0.078 0.054 0.038 0.029 0.023 0.018 0.014 0.011 0.008 0.005 0.004 0.003 0.002 0.002 0.002 0.002 0.002 0.001 0.001 0.001 0.001
0.000 0.000 0.000 0.000 0.000 0.000 0.000 0.000 0.000 0.000 0.000 0.000 0.000 0.000 0.000 0.001 0.002 0.006 0.013 0.023 0.038 0.055 0.074 0.096 0.122 0.155 0.196 0.251 0.322 0.413 0.523 0.628 0.713 0.779 0.826 0.851 0.859 0.851 0.819 0.758 0.670 0.557 0.437 0.336 0.260 0.205 0.168 0.146 0.133 0.123 0.115 0.107 0.094 0.075 0.051 0.034 0.022 0.015 0.011 0.008 0.007 0.005 0.004 0.003 0.002 0.002 0.002 0.001 0.001 0.001 0.001 0.001 0.001 0.001 0.001 0.001 0.001
0.000 0.000 0.000 0.000 0.000 0.000 0.000 0.000 0.000 0.000 0.000 0.000 0.000 0.000 0.000 0.001 0.002 0.005 0.012 0.023 0.038 0.055 0.075 0.097 0.123 0.155 0.195 0.243 0.301 0.370 0.443 0.508 0.561 0.608 0.651 0.686 0.707 0.714 0.706 0.674 0.614 0.526 0.414 0.307 0.222 0.159 0.114 0.084 0.064 0.051 0.042 0.035 0.029 0.022 0.014 0.009 0.006 0.004 0.003 0.002 0.002 0.001 0.001 0.001 0.001 0.001 0.001 0.001 0.001 0.001 0.001 0.001 0.001 0.001 0.001 0.001 0.001
0.000 0.000 0.000 0.000 0.000 0.000 0.000 0.000 0.000 0.000 0.000 0.000 0.000 0.000 0.000 0.001 0.002 0.004 0.010 0.021 0.036 0.054 0.075 0.097 0.123 0.154 0.189 0.230 0.276 0.324 0.368 0.402 0.429 0.452 0.475 0.501 0.530 0.552 0.561 0.553 0.525 0.468 0.381 0.276 0.187 0.123 0.079 0.051 0.033 0.023 0.016 0.012 0.009 0.006 0.004 0.002 0.001 0.001 0.001 0.001 0.001 0.001 0.000 0.000 0.000 0.000 0.000 0.001 0.001 0.001 0.001 0.001 0.001 0.001 0.001 0.001 0.001
0.000 0.000 0.000 0.000 0.000 0.000 0.000 0.000 0.000 0.000 0.000 0.000 0.000 0.000 0.000 0.000 0.001 0.003 0.008 0.018 0.033 0.052 0.073 0.096 0.121 0.149 0.179 0.212 0.245 0.274 0.295 0.310 0.318 0.320 0.318 0.321 0.333 0.353 0.370 0.379 0.377 0.358 0.309 0.229 0.147 0.089 0.052 0.030 0.018 0.011 0.007 0.004 0.003 0.002 0.001 0.001 0.001 0.000 0.000 0.000 0.000 0.000 0.000 0.000 0.000 0.000 0.000 0.000 0.000 0.001 0.001 0.001 0.001 0.001 0.001 0.001 0.001
0.000 0.000 0.000 0.000 0.000 0.000 0.000 0.000 0.000 0.000 0.000 0.000 0.000 0.000 0.000 0.000 0.001 0.002 0.005 0.013 0.026 0.044 0.067 0.092 0.116 0.140 0.165 0.188 0.207 0.220 0.226 0.228 0.225 0.214 0.196 0.184 0.181 0.186 0.194 0.200 0.202 0.201 0.188 0.151 0.096 0.055 0.031 0.017 0.009 0.005 0.003 0.002 0.001 0.001 0.000 0.000 0.000 0.000 0.000 0.000 0.000 0.000 0.000 0.000 0.000 0.000 0.000 0.000 0.000 0.000 0.000 0.000 0.000 0.000 0.001 0.001 0.001
0.000 0.000 0.000 0.000 0.000 0.000 0.000 0.000 0.000 0.000 0.000 0.000 0.000 0.000 0.000 0.000 0.000 0.001 0.003 0.007 0.015 0.031 0.053 0.079 0.105 0.126 0.143 0.155 0.162 0.164 0.161 0.156 0.147 0.132 0.110 0.094 0.085 0.083 0.084 0.085 0.086 0.087 0.084 0.073 0.049 0.029 0.016 0.009 0.005 0.002 0.001 0.001 0.000 0.000 0.000 0.000 0.000 0.000 0.000 0.000 0.000 0.000 0.000 0.000 0.000 0.000 0.000 0.000 0.000 0.000 0.001 0.000 0.000 0.000 0.000 0.001 0.001
