RESULTS/r.avaflow_results/22_results/22_ascii/22_hflow30038.asc
ncols 506
nrows 317
xllcenter 498237.50
yllcenter 5580050.00
cellsize 12.50
NODATA_value -9999.000
[rows 136 to 169 of 317, columns 154 to 230 of 506]
0.000 0.000 0.000 0.000 0.000 0.000 0.000 0.000 0.000 0.000 0.000 0.000 0.000 0.000 0.000 0.000 0.000 0.000 0.000 0.000 0.000 0.000 0.000 0.000 0.000 0.000 0.000 0.000 0.000 0.000 0.000 0.000 0.000 0.000 0.000 0.000 0.000 0.000 0.000 0.000 0.000 0.000 0.000 0.000 0.000 0.000 0.000 0.000 0.000 0.000 0.000 0.000 0.000 0.000 0.000 0.000 0.000 0.000 0.000 0.000 0.000 0.000 0.000 0.000 0.000 0.000 0.000 0.000 0.000 0.000 0.000 0.000 0.000 0.000 0.000 0.000 0.000
0.000 0.000 0.000 0.000 0.000 0.000 0.000 0.000 0.000 0.000 0.000 0.000 0.000 0.000 0.000 0.000 0.000 0.000 0.000 0.000 0.000 0.000 0.000 0.000 0.000 0.000 0.000 0.000 0.000 0.000 0.000 0.000 0.000 0.000 0.000 0.000 0.000 0.000 0.000 0.000 0.000 0.000 0.000 0.000 0.000 0.000 0.000 0.000 0.000 0.000 0.000 0.000 0.000 0.000 0.000 0.000 0.000 0.000 0.000 0.000 0.000 0.000 0.000 0.000 0.000 0.000 0.000 0.000 0.000 0.000 0.000 0.000 0.000 0.000 0.000 0.000 0.000
0.000 0.000 0.000 0.000 0.000 0.000 0.000 0.000 0.000 0.000 0.000 0.000 0.000 0.000 0.000 0.000 0.000 0.000 0.000 0.000 0.000 0.000 0.000 0.000 0.000 0.000 0.000 0.000 0.000 0.000 0.000 0.000 0.000 0.000 0.000 0.000 0.000 0.000 0.000 0.000 0.000 0.000 0.000 0.000 0.000 0.000 0.000 0.000 0.000 0.000 0.000 0.000 0.000 0.000 0.000 0.000 0.000 0.000 0.000 0.000 0.000 0.000 0.000 0.000 0.000 0.000 0.000 0.000 0.000 0.000 0.000 0.000 0.000 0.000 0.000 0.000 0.000
0.000 0.000 0.000 0.000 0.000 0.000 0.000 0.000 0.000 0.000 0.000 0.000 0.000 0.000 0.000 0.000 0.000 0.000 0.000 0.000 0.000 0.000 0.000 0.000 0.000 0.000 0.000 0.000 0.000 0.000 0.000 0.000 0.000 0.000 0.000 0.000 0.000 0.000 0.000 0.000 0.000 0.000 0.000 0.000 0.000 0.000 0.000 0.000 0.000 0.000 0.000 0.000 0.000 0.000 0.000 0.000 0.000 0.000 0.000 0.000 0.000 0.000 0.000 0.000 0.000 0.000 0.000 0.000 0.000 0.000 0.000 0.000 0.000 0.000 0.000 0.000 0.000
0.000 0.000 0.000 0.000 0.000 0.000 0.000 0.000 0.000 0.000 0.000 0.000 0.000 0.000 0.000 0.000 0.000 0.000 0.000 0.000 0.000 0.000 0.000 0.000 0.000 0.000 0.000 0.000 0.000 0.000 0.000 0.000 0.000 0.000 0.000 0.000 0.000 0.000 0.000 0.000 0.000 0.000 0.000 0.000 0.000 0.000 0.000 0.000 0.000 0.000 0.000 0.000 0.000 0.000 0.000 0.000 0.000 0.000 0.000 0.000 0.000 0.000 0.000 0.000 0.000 0.000 0.000 0.000 0.000 0.000 0.000 0.000 0.000 0.000 0.000 0.000 0.000
0.000 0.000 0.000 0.000 0.000 0.000 0.000 0.000 0.000 0.000 0.000 0.000 0.000 0.000 0.000 0.000 0.000 0.000 0.000 0.000 0.000 0.000 0.000 0.000 0.000 0.000 0.000 0.000 0.000 0.000 0.000 0.000 0.000 0.000 0.000 0.000 0.000 0.000 0.000 0.000 0.000 0.000 0.000 0.000 0.000 0.000 0.000 0.000 0.000 0.000 0.000 0.000 0.000 0.000 0.000 0.000 0.000 0.000 0.000 0.000 0.000 0.000 0.000 0.000 0.000 0.000 0.000 0.000 0.000 0.000 0.000 0.000 0.000 0.000 0.000 0.000 0.000
0.000 0.000 0.000 0.000 0.000 0.000 0.000 0.000 0.000 0.000 0.000 0.000 0.000 0.000 0.000 0.000 0.000 0.000 0.000 0.000 0.000 0.000 0.000 0.000 0.000 0.000 0.000 0.000 0.000 0.000 0.000 0.000 0.000 0.000 0.000 0.000 0.000 0.000 0.000 0.000 0.000 0.000 0.000 0.000 0.000 0.000 0.000 0.000 0.000 0.000 0.000 0.000 0.000 0.000 0.000 0.000 0.000 0.000 0.000 0.000 0.000 0.000 0.000 0.000 0.000 0.000 0.000 0.000 0.000 0.000 0.000 0.000 0.000 0.000 0.000 0.000 0.000
0.000 0.000 0.000 0.000 0.000 0.000 0.000 0.000 0.000 0.000 0.000 0.000 0.000 0.000 0.000 0.000 0.000 0.000 0.000 0.000 0.000 0.000 0.000 0.000 0.000 0.000 0.000 0.000 0.000 0.000 0.000 0.000 0.000 0.000 0.000 0.000 0.000 0.000 0.000 0.000 0.000 0.000 0.000 0.000 0.000 0.000 0.000 0.000 0.000 0.000 0.000 0.000 0.000 0.000 0.000 0.000 0.000 0.000 0.000 0.000 0.000 0.000 0.000 0.000 0.000 0.000 0.000 0.000 0.000 0.000 0.000 0.000 0.000 0.000 0.000 0.000 0.000
0.000 0.000 0.000 0.000 0.000 0.000 0.000 0.000 0.000 0.000 0.000 0.000 0.000 0.000 0.000 0.000 0.000 0.000 0.000 0.000 0.000 0.000 0.000 0.000 0.000 0.000 0.000 0.000 0.000 0.000 0.000 0.000 0.000 0.000 0.000 0.000 0.000 0.000 0.000 0.000 0.000 0.000 0.000 0.000 0.000 0.000 0.000 0.000 0.000 0.000 0.000 0.000 0.000 0.000 0.000 0.000 0.000 0.000 0.000 0.000 0.000 0.000 0.000 0.000 0.000 0.000 0.000 0.000 0.000 0.000 0.000 0.000 0.000 0.000 0.000 0.000 0.000
0.000 0.000 0.000 0.000 0.000 0.000 0.000 0.000 0.000 0.000 0.000 0.000 0.000 0.000 0.000 0.000 0.000 0.000 0.000 0.000 0.000 0.000 0.000 0.000 0.000 0.000 0.000 0.000 0.000 0.000 0.000 0.000 0.000 0.000 0.000 0.000 0.000 0.000 0.000 0.000 0.000 0.000 0.000 0.000 0.000 0.000 0.000 0.000 0.000 0.000 0.000 0.000 0.000 0.000 0.000 0.000 0.000 0.000 0.000 0.000 0.000 0.000 0.000 0.000 0.000 0.000 0.000 0.000 0.000 0.000 0.000 0.000 0.000 0.000 0.000 0.000 0.000
0.000 0.000 0.000 0.000 0.000 0.000 0.000 0.000 0.000 0.000 0.000 0.000 0.000 0.000 0.000 0.000 0.000 0.000 0.000 0.000 0.000 0.000 0.000 0.000 0.000 0.000 0.000 0.000 0.000 0.000 0.000 0.000 0.000 0.000 0.000 0.000 0.000 0.000 0.000 0.000 0.000 0.000 0.000 0.000 0.000 0.000 0.000 0.000 0.000 0.000 0.000 0.000 0.000 0.000 0.000 0.000 0.000 0.000 0.000 0.000 0.000 0.000 0.000 0.000 0.000 0.000 0.000 0.000 0.000 0.000 0.000 0.000 0.000 0.000 0.000 0.000 0.000
0.000 0.000 0.000 0.000 0.000 0.000 0.000 0.000 0.000 0.000 0.000 0.000 0.000 0.000 0.000 0.000 0.000 0.000 0.000 0.000 0.000 0.000 0.000 0.000 0.000 0.000 0.000 0.000 0.000 0.000 0.000 0.000 0.000 0.000 0.000 0.000 0.000 0.000 0.000 0.000 0.000 0.000 0.000 0.000 0.000 0.000 0.000 0.000 0.000 0.000 0.000 0.000 0.000 0.000 0.000 0.000 0.000 0.000 0.000 0.000 0.000 0.000 0.000 0.000 0.000 0.000 0.000 0.000 0.000 0.000 0.000 0.000 0.000 0.000 0.000 0.000 0.000
0.000 0.000 0.000 0.000 0.000 0.000 0.000 0.000 0.000 0.000 0.000 0.000 0.000 0.000 0.000 0.000 0.000 0.000 0.000 0.000 0.000 0.000 0.000 0.000 0.000 0.000 0.000 0.000 0.000 0.000 0.000 0.000 0.000 0.000 0.000 0.000 0.000 0.000 0.000 0.000 0.000 0.000 0.000 0.000 0.000 0.000 0.000 0.000 0.000 0.000 0.000 0.000 0.000 0.000 0.000 0.000 0.000 0.000 0.000 0.000 0.000 0.000 0.000 0.000 0.000 0.000 0.000 0.000 0.000 0.000 0.000 0.000 0.000 0.000 0.000 0.000 0.000
0.000 0.000 0.000 0.000 0.000 0.000 0.000 0.000 0.000 0.000 0.000 0.000 0.000 0.000 0.000 0.000 0.000 0.000 0.000 0.000 0.000 0.000 0.000 0.000 0.000 0.000 0.000 0.000 0.000 0.000 0.000 0.000 0.000 0.000 0.000 0.000 0.000 0.000 0.000 0.000 0.000 0.000 0.000 0.000 0.000 0.000 0.000 0.000 0.000 0.000 0.000 0.000 0.000 0.000 0.000 0.000 0.000 0.000 0.000 0.000 0.000 0.000 0.000 0.000 0.000 0.000 0.000 0.000 0.000 0.000 0.000 0.000 0.000 0.000 0.000 0.000 0.000
0.001 0.001 0.001 0.001 0.001 0.001 0.000 0.000 0.000 0.000 0.000 0.000 0.000 0.000 0.000 0.000 0.000 0.000 0.000 0.000 0.000 0.000 0.000 0.000 0.000 0.000 0.000 0.000 0.000 0.000 0.000 0.000 0.000 0.000 0.000 0.000 0.000 0.000 0.000 0.000 0.000 0.000 0.000 0.000 0.000 0.000 0.000 0.000 0.000 0.000 0.000 0.000 0.000 0.000 0.000 0.000 0.000 0.000 0.000 0.000 0.000 0.000 0.000 0.000 0.000 0.000 0.000 0.000 0.000 0.000 0.000 0.000 0.000 0.000 0.000 0.000 0.000
0.002 0.002 0.002 0.002 0.001 0.001 0.001 0.001 0.001 0.000 0.000 0.000 0.000 0.000 0.000 0.000 0.000 0.000 0.000 0.000 0.000 0.000 0.000 0.000 0.000 0.000 0.000 0.000 0.000 0.000 0.000 0.000 0.000 0.000 0.000 0.000 0.000 0.000 0.000 0.000 0.000 0.000 0.000 0.000 0.000 0.000 0.000 0.000 0.001 0.001 0.001 0.001 0.001 0.001 0.001 0.001 0.001 0.001 0.001 0.001 0.001 0.001 0.001 0.001 0.001 0.001 0.001 0.001 0.001 0.001 0.001 0.001 0.001 0.000 0.000 0.000 0.000
0.004 0.004 0.003 0.003 0.003 0.002 0.002 0.002 0.001 0.001 0.001 0.000 0.000 0.000 0.000 0.000 0.000 0.000 0.000 0.000 0.000 0.000 0.000 0.000 0.000 0.000 0.000 0.000 0.000 0.000 0.000 0.000 0.000 0.000 0.000 0.000 0.000 0.000 0.000 0.000 0.000 0.000 0.000 0.000 0.000 0.001 0.001 0.002 0.002 0.003 0.003 0.003 0.003 0.003 0.003 0.003 0.003 0.003 0.003 0.003 0.003 0.002 0.002 0.002 0.002 0.003 0.003 0.003 0.002 0.002 0.002 0.002 0.002 0.002 0.001 0.001 0.001
0.006 0.006 0.005 0.004 0.004 0.003 0.003 0.003 0.002 0.002 0.002 0.001 0.001 0.001 0.001 0.000 0.000 0.000 0.000 0.000 0.000 0.000 0.000 0.000 0.000 0.000 0.000 0.000 0.000 0.000 0.000 0.000 0.000 0.000 0.000 0.000 0.000 0.000 0.000 0.000 0.000 0.000 0.000 0.001 0.001 0.002 0.003 0.004 0.005 0.005 0.006 0.006 0.006 0.006 0.006 0.006 0.006 0.006 0.005 0.005 0.005 0.005 0.005 0.005 0.005 0.005 0.005 0.005 0.005 0.005 0.005 0.004 0.004 0.003 0.003 0.002 0.002
0.009 0.008 0.007 0.006 0.006 0.005 0.005 0.004 0.004 0.003 0.003 0.003 0.002 0.002 0.002 0.001 0.001 0.001 0.001 0.000 0.000 0.000 0.000 0.000 0.000 0.000 0.000 0.000 0.000 0.000 0.000 0.000 0.000 0.000 0.000 0.000 0.000 0.000 0.000 0.000 0.000 0.001 0.002 0.002 0.003 0.004 0.006 0.007 0.008 0.009 0.010 0.010 0.010 0.010 0.010 0.010 0.010 0.010 0.009 0.009 0.009 0.009 0.009 0.009 0.009 0.009 0.009 0.009 0.009 0.009 0.008 0.007 0.006 0.005 0.004 0.004 0.003
0.013 0.011 0.010 0.009 0.008 0.007 0.006 0.006 0.005 0.005 0.005 0.004 0.004 0.003 0.003 0.003 0.002 0.002 0.002 0.001 0.001 0.001 0.001 0.001 0.001 0.001 0.001 0.001 0.001 0.001 0.001 0.001 0.001 0.001 0.001 0.001 0.001 0.001 0.001 0.001 0.002 0.003 0.004 0.005 0.006 0.008 0.009 0.011 0.013 0.014 0.015 0.015 0.016 0.016 0.016 0.016 0.016 0.015 0.015 0.014 0.014 0.013 0.013 0.013 0.013 0.014 0.014 0.014 0.014 0.014 0.013 0.011 0.009 0.008 0.007 0.006 0.005
0.019 0.016 0.013 0.012 0.010 0.009 0.009 0.008 0.007 0.007 0.007 0.006 0.006 0.005 0.005 0.005 0.004 0.004 0.003 0.003 0.003 0.002 0.002 0.002 0.002 0.002 0.002 0.002 0.002 0.002 0.002 0.002 0.002 0.002 0.002 0.002 0.002 0.002 0.003 0.003 0.004 0.005 0.006 0.008 0.010 0.012 0.014 0.016 0.018 0.020 0.022 0.023 0.024 0.024 0.024 0.024 0.024 0.023 0.022 0.022 0.021 0.020 0.020 0.020 0.020 0.021 0.022 0.022 0.022 0.021 0.019 0.016 0.013 0.011 0.009 0.008 0.007
0.031 0.024 0.019 0.016 0.014 0.013 0.011 0.011 0.010 0.010 0.009 0.009 0.008 0.008 0.008 0.007 0.007 0.006 0.006 0.005 0.005 0.004 0.004 0.004 0.004 0.004 0.004 0.004 0.004 0.004 0.004 0.004 0.004 0.004 0.004 0.004 0.004 0.005 0.005 0.006 0.007 0.009 0.010 0.012 0.014 0.017 0.019 0.023 0.026 0.028 0.031 0.033 0.035 0.036 0.036 0.036 0.036 0.035 0.034 0.033 0.032 0.031 0.030 0.030 0.031 0.032 0.034 0.035 0.035 0.033 0.029 0.023 0.018 0.015 0.012 0.010 0.009
0.062 0.042 0.031 0.024 0.020 0.017 0.015 0.014 0.013 0.013 0.012 0.012 0.012 0.011 0.011 0.010 0.010 0.009 0.009 0.008 0.008 0.007 0.007 0.006 0.006 0.006 0.006 0.006 0.006 0.006 0.006 0.006 0.006 0.006 0.007 0.007 0.008 0.008 0.009 0.010 0.011 0.013 0.015 0.017 0.020 0.023 0.026 0.031 0.035 0.039 0.043 0.047 0.051 0.053 0.055 0.055 0.055 0.054 0.054 0.053 0.051 0.049 0.048 0.048 0.048 0.052 0.057 0.059 0.059 0.056 0.047 0.034 0.025 0.020 0.016 0.013 0.012
0.145 0.091 0.059 0.042 0.032 0.026 0.022 0.020 0.018 0.017 0.017 0.016 0.016 0.015 0.015 0.014 0.014 0.013 0.013 0.012 0.011 0.011 0.010 0.010 0.009 0.009 0.009 0.009 0.009 0.009 0.009 0.009 0.009 0.010 0.010 0.011 0.011 0.012 0.013 0.015 0.017 0.019 0.021 0.024 0.027 0.031 0.035 0.040 0.046 0.052 0.059 0.066 0.073 0.080 0.084 0.086 0.086 0.086 0.086 0.086 0.084 0.081 0.080 0.079 0.081 0.089 0.101 0.106 0.107 0.100 0.081 0.054 0.036 0.026 0.021 0.017 0.015
0.352 0.217 0.133 0.085 0.059 0.044 0.035 0.030 0.026 0.025 0.024 0.023 0.022 0.022 0.021 0.020 0.019 0.019 0.018 0.017 0.016 0.015 0.014 0.014 0.013 0.013 0.013 0.013 0.013 0.013 0.013 0.013 0.013 0.014 0.014 0.015 0.016 0.017 0.019 0.021 0.023 0.026 0.029 0.032 0.036 0.041 0.046 0.053 0.061 0.070 0.081 0.094 0.108 0.121 0.130 0.136 0.139 0.141 0.142 0.142 0.142 0.140 0.140 0.140 0.146 0.163 0.191 0.205 0.207 0.193 0.152 0.094 0.057 0.037 0.027 0.022 0.018
0.741 0.485 0.305 0.191 0.124 0.086 0.063 0.050 0.042 0.037 0.035 0.033 0.032 0.031 0.030 0.029 0.028 0.027 0.025 0.024 0.023 0.022 0.020 0.019 0.018 0.018 0.018 0.018 0.018 0.018 0.018 0.018 0.018 0.019 0.020 0.021 0.022 0.024 0.026 0.029 0.032 0.036 0.040 0.044 0.049 0.055 0.062 0.071 0.083 0.098 0.116 0.140 0.165 0.187 0.205 0.218 0.226 0.231 0.234 0.237 0.241 0.245 0.249 0.256 0.272 0.311 0.374 0.409 0.410 0.383 0.302 0.180 0.099 0.057 0.037 0.028 0.022
1.310 0.929 0.633 0.418 0.273 0.181 0.126 0.093 0.074 0.062 0.056 0.053 0.051 0.050 0.048 0.046 0.043 0.041 0.039 0.037 0.034 0.031 0.028 0.027 0.025 0.024 0.024 0.024 0.023 0.023 0.023 0.024 0.024 0.025 0.026 0.028 0.030 0.033 0.036 0.040 0.045 0.050 0.055 0.062 0.069 0.077 0.086 0.099 0.117 0.142 0.176 0.218 0.259 0.294 0.323 0.342 0.353 0.359 0.364 0.369 0.375 0.382 0.392 0.407 0.435 0.490 0.585 0.677 0.713 0.692 0.575 0.363 0.186 0.096 0.055 0.037 0.028
2.021 1.542 1.137 0.810 0.558 0.378 0.260 0.188 0.143 0.116 0.101 0.094 0.090 0.087 0.083 0.079 0.073 0.069 0.064 0.060 0.054 0.048 0.042 0.038 0.035 0.034 0.032 0.032 0.031 0.031 0.031 0.031 0.032 0.033 0.035 0.038 0.041 0.046 0.051 0.058 0.065 0.073 0.081 0.090 0.099 0.110 0.124 0.143 0.172 0.215 0.277 0.346 0.406 0.447 0.468 0.473 0.467 0.464 0.464 0.466 0.470 0.476 0.486 0.503 0.533 0.588 0.686 0.818 0.902 0.918 0.852 0.634 0.345 0.167 0.086 0.052 0.037
2.839 2.293 1.802 1.373 1.011 0.726 0.519 0.381 0.292 0.236 0.203 0.185 0.175 0.167 0.159 0.148 0.137 0.127 0.116 0.106 0.094 0.080 0.067 0.057 0.051 0.048 0.045 0.044 0.043 0.042 0.042 0.042 0.043 0.045 0.048 0.053 0.059 0.067 0.077 0.087 0.099 0.111 0.124 0.136 0.149 0.164 0.184 0.215 0.262 0.337 0.431 0.505 0.547 0.564 0.561 0.542 0.520 0.512 0.511 0.512 0.514 0.517 0.523 0.537 0.563 0.612 0.702 0.844 0.961 1.006 0.988 0.847 0.552 0.277 0.137 0.076 0.050
3.700 3.118 2.575 2.078 1.637 1.263 0.967 0.749 0.598 0.497 0.433 0.393 0.367 0.346 0.323 0.296 0.271 0.247 0.225 0.202 0.175 0.144 0.115 0.094 0.081 0.072 0.067 0.064 0.062 0.061 0.060 0.061 0.062 0.066 0.072 0.081 0.092 0.105 0.123 0.143 0.162 0.181 0.198 0.215 0.232 0.252 0.283 0.332 0.402 0.484 0.557 0.599 0.614 0.611 0.590 0.553 0.527 0.517 0.516 0.517 0.519 0.521 0.525 0.536 0.557 0.598 0.675 0.810 0.949 1.014 1.019 0.948 0.734 0.422 0.209 0.111 0.069
4.540 3.961 3.414 2.900 2.430 2.015 1.663 1.384 1.178 1.032 0.929 0.856 0.797 0.741 0.677 0.605 0.545 0.494 0.444 0.394 0.336 0.269 0.211 0.168 0.138 0.120 0.109 0.102 0.098 0.096 0.095 0.096 0.099 0.107 0.118 0.134 0.154 0.182 0.215 0.248 0.277 0.303 0.326 0.346 0.367 0.396 0.440 0.488 0.533 0.574 0.605 0.622 0.624 0.612 0.579 0.532 0.501 0.489 0.486 0.488 0.490 0.494 0.499 0.507 0.521 0.547 0.601 0.710 0.868 0.974 1.002 0.973 0.841 0.569 0.302 0.159 0.095
5.394 4.842 4.337 3.861 3.411 3.002 2.647 2.356 2.134 1.973 1.851 1.750 1.653 1.539 1.392 1.222 1.080 0.967 0.862 0.755 0.635 0.503 0.391 0.306 0.247 0.210 0.188 0.175 0.168 0.165 0.165 0.168 0.176 0.190 0.210 0.236 0.275 0.330 0.386 0.432 0.471 0.502 0.527 0.546 0.562 0.577 0.590 0.594 0.594 0.598 0.606 0.610 0.602 0.575 0.523 0.467 0.430 0.413 0.408 0.409 0.412 0.420 0.429 0.437 0.444 0.455 0.480 0.549 0.701 0.867 0.942 0.945 0.878 0.686 0.410 0.223 0.132
6.350 5.876 5.453 5.054 4.661 4.292 3.978 3.731 3.542 3.402 3.290 3.184 3.063 2.895 2.656 2.358 2.063 1.813 1.587 1.365 1.129 0.893 0.691 0.535 0.426 0.358 0.320 0.301 0.294 0.292 0.297 0.309 0.327 0.351 0.381 0.422 0.490 0.576 0.643 0.684 0.707 0.719 0.722 0.719 0.708 0.690 0.661 0.626 0.600 0.584 0.570 0.552 0.522 0.472 0.403 0.345 0.309 0.292 0.287 0.287 0.293 0.304 0.316 0.324 0.328 0.331 0.342 0.385 0.499 0.694 0.837 0.882 0.861 0.750 0.524 0.304 0.182
7.556 7.245 6.954 6.669 6.372 6.081 5.844 5.664 5.524 5.411 5.309 5.204 5.072 4.873 4.569 4.157 3.678 3.198 2.741 2.304 1.879 1.482 1.143 0.879 0.691 0.573 0.509 0.485 0.482 0.492 0.516 0.549 0.579 0.609 0.641 0.681 0.741 0.807 0.844 0.857 0.855 0.841 0.820 0.796 0.766 0.724 0.671 0.613 0.563 0.517 0.470 0.418 0.359 0.299 0.247 0.215 0.198 0.192 0.193 0.196 0.201 0.208 0.214 0.219 0.223 0.228 0.239 0.270 0.349 0.512 0.703 0.799 0.815 0.771 0.627 0.415 0.255
