RESULTS/r.avaflow_results/22_results/22_ascii/22_hflow10021.asc
ncols 506
nrows 317
xllcenter 498237.50
yllcenter 5580050.00
cellsize 12.50
NODATA_value -9999.000
[rows 170 to 203 of 317, columns 154 to 230 of 506]
1.330 1.157 1.013 0.892 0.788 0.695 0.612 0.535 0.464 0.399 0.339 0.285 0.236 0.194 0.157 0.126 0.101 0.080 0.062 0.049 0.037 0.029 0.022 0.016 0.012 0.009 0.006 0.004 0.003 0.002 0.001 0.001 0.001 0.000 0.000 0.000 0.000 0.000 0.000 0.000 0.000 0.000 0.000 0.000 0.000 0.000 0.000 0.000 0.000 0.000 0.000 0.000 0.000 0.000 0.000 0.000 0.000 0.000 0.000 0.000 0.000 0.000 0.000 0.000 0.000 0.000 0.000 0.000 0.000 0.000 0.000 0.000 0.000 0.000 0.000 0.000 0.000
1.643 1.456 1.295 1.156 1.031 0.918 0.813 0.713 0.619 0.531 0.451 0.378 0.314 0.258 0.210 0.169 0.135 0.107 0.083 0.064 0.049 0.037 0.028 0.021 0.015 0.011 0.008 0.006 0.004 0.003 0.002 0.001 0.001 0.001 0.000 0.000 0.000 0.000 0.000 0.000 0.000 0.000 0.000 0.000 0.000 0.000 0.000 0.000 0.000 0.000 0.000 0.000 0.000 0.000 0.000 0.000 0.000 0.000 0.000 0.000 0.000 0.000 0.000 0.000 0.000 0.000 0.000 0.000 0.000 0.000 0.000 0.000 0.000 0.000 0.000 0.000 0.000
1.967 1.792 1.626 1.468 1.317 1.176 1.043 0.915 0.793 0.679 0.574 0.481 0.399 0.328 0.267 0.215 0.172 0.135 0.106 0.081 0.062 0.047 0.035 0.026 0.019 0.014 0.010 0.007 0.005 0.003 0.002 0.002 0.001 0.001 0.001 0.000 0.000 0.000 0.000 0.000 0.000 0.000 0.000 0.000 0.000 0.000 0.000 0.000 0.000 0.000 0.000 0.000 0.000 0.000 0.000 0.000 0.000 0.000 0.000 0.000 0.000 0.000 0.000 0.000 0.000 0.000 0.000 0.000 0.000 0.000 0.000 0.000 0.000 0.000 0.000 0.000 0.000
2.226 2.071 1.919 1.768 1.616 1.462 1.304 1.146 0.993 0.848 0.716 0.598 0.495 0.406 0.330 0.265 0.211 0.166 0.130 0.100 0.076 0.057 0.043 0.032 0.023 0.017 0.012 0.009 0.006 0.004 0.003 0.002 0.001 0.001 0.001 0.000 0.000 0.000 0.000 0.000 0.000 0.000 0.000 0.000 0.000 0.000 0.000 0.000 0.000 0.000 0.000 0.000 0.000 0.000 0.000 0.000 0.000 0.000 0.000 0.000 0.000 0.000 0.000 0.000 0.000 0.000 0.000 0.000 0.000 0.000 0.000 0.000 0.000 0.000 0.000 0.000 0.000
2.412 2.279 2.147 2.015 1.879 1.737 1.583 1.412 1.230 1.048 0.883 0.735 0.607 0.496 0.402 0.322 0.256 0.202 0.157 0.121 0.092 0.070 0.052 0.038 0.028 0.021 0.015 0.011 0.008 0.006 0.004 0.003 0.002 0.001 0.001 0.001 0.000 0.000 0.000 0.000 0.000 0.000 0.000 0.000 0.000 0.000 0.000 0.000 0.000 0.000 0.000 0.000 0.000 0.000 0.000 0.000 0.000 0.000 0.000 0.000 0.000 0.000 0.000 0.000 0.000 0.000 0.000 0.000 0.000 0.000 0.000 0.000 0.000 0.000 0.000 0.000 0.000
2.535 2.427 2.318 2.209 2.094 1.970 1.833 1.676 1.495 1.289 1.083 0.899 0.739 0.603 0.487 0.390 0.310 0.243 0.190 0.146 0.112 0.084 0.063 0.047 0.035 0.025 0.018 0.013 0.010 0.007 0.005 0.003 0.002 0.001 0.001 0.001 0.000 0.000 0.000 0.000 0.000 0.000 0.000 0.000 0.000 0.000 0.000 0.000 0.000 0.000 0.000 0.000 0.000 0.000 0.000 0.000 0.000 0.000 0.000 0.000 0.000 0.000 0.000 0.000 0.000 0.000 0.000 0.000 0.000 0.000 0.000 0.000 0.000 0.000 0.000 0.000 0.000
2.609 2.525 2.439 2.352 2.260 2.157 2.038 1.897 1.731 1.537 1.316 1.093 0.897 0.730 0.589 0.471 0.373 0.293 0.228 0.176 0.134 0.101 0.076 0.056 0.041 0.030 0.021 0.015 0.011 0.007 0.005 0.004 0.002 0.002 0.001 0.001 0.000 0.000 0.000 0.000 0.000 0.000 0.000 0.000 0.000 0.000 0.000 0.000 0.000 0.000 0.000 0.000 0.000 0.000 0.000 0.000 0.000 0.000 0.000 0.000 0.000 0.000 0.000 0.000 0.000 0.000 0.000 0.000 0.000 0.000 0.000 0.000 0.000 0.000 0.000 0.000 0.000
2.646 2.582 2.518 2.452 2.381 2.297 2.197 2.073 1.923 1.743 1.533 1.294 1.064 0.863 0.693 0.551 0.433 0.338 0.262 0.201 0.153 0.115 0.086 0.063 0.046 0.033 0.023 0.016 0.011 0.008 0.005 0.004 0.002 0.002 0.001 0.001 0.000 0.000 0.000 0.000 0.000 0.000 0.000 0.000 0.000 0.000 0.000 0.000 0.000 0.000 0.000 0.000 0.000 0.000 0.000 0.000 0.000 0.000 0.000 0.000 0.000 0.000 0.000 0.000 0.000 0.000 0.000 0.000 0.000 0.000 0.000 0.000 0.000 0.000 0.000 0.000 0.000
2.658 2.609 2.563 2.515 2.462 2.398 2.316 2.211 2.078 1.911 1.708 1.467 1.207 0.975 0.779 0.615 0.481 0.373 0.287 0.219 0.165 0.124 0.092 0.067 0.048 0.034 0.023 0.016 0.011 0.008 0.005 0.003 0.002 0.001 0.001 0.001 0.000 0.000 0.000 0.000 0.000 0.000 0.000 0.000 0.000 0.000 0.000 0.000 0.000 0.000 0.000 0.000 0.000 0.000 0.000 0.000 0.000 0.000 0.000 0.000 0.000 0.000 0.000 0.000 0.000 0.000 0.000 0.000 0.000 0.000 0.000 0.000 0.000 0.000 0.000 0.000 0.000
2.654 2.615 2.583 2.550 2.513 2.467 2.404 2.318 2.201 2.046 1.848 1.604 1.323 1.064 0.846 0.665 0.517 0.398 0.303 0.229 0.172 0.127 0.094 0.068 0.048 0.034 0.023 0.015 0.010 0.007 0.004 0.003 0.002 0.001 0.001 0.001 0.000 0.000 0.000 0.000 0.000 0.000 0.000 0.000 0.000 0.000 0.000 0.000 0.000 0.000 0.000 0.000 0.000 0.000 0.000 0.000 0.000 0.000 0.000 0.000 0.000 0.000 0.000 0.000 0.000 0.000 0.000 0.000 0.000 0.000 0.000 0.000 0.000 0.000 0.000 0.000 0.000
2.634 2.609 2.586 2.564 2.541 2.511 2.467 2.398 2.296 2.150 1.953 1.703 1.407 1.127 0.893 0.699 0.541 0.413 0.312 0.233 0.173 0.127 0.093 0.066 0.046 0.031 0.020 0.013 0.008 0.004 0.003 0.002 0.001 0.001 0.001 0.000 0.000 0.000 0.000 0.000 0.000 0.000 0.000 0.000 0.000 0.000 0.000 0.000 0.000 0.000 0.000 0.000 0.000 0.000 0.000 0.000 0.000 0.000 0.000 0.000 0.000 0.000 0.000 0.000 0.000 0.000 0.000 0.000 0.000 0.000 0.000 0.000 0.000 0.000 0.000 0.000 0.000
2.586 2.583 2.576 2.565 2.552 2.536 2.508 2.454 2.362 2.219 2.021 1.764 1.456 1.164 0.919 0.717 0.552 0.419 0.314 0.232 0.169 0.122 0.086 0.059 0.039 0.024 0.014 0.007 0.004 0.002 0.001 0.001 0.001 0.001 0.001 0.000 0.000 0.000 0.000 0.000 0.000 0.000 0.000 0.000 0.000 0.000 0.000 0.000 0.000 0.000 0.000 0.000 0.000 0.000 0.000 0.000 0.000 0.000 0.000 0.000 0.000 0.000 0.000 0.000 0.000 0.000 0.000 0.000 0.000 0.000 0.000 0.000 0.000 0.000 0.000 0.000 0.000
2.503 2.529 2.546 2.554 2.552 2.545 2.527 2.482 2.395 2.253 2.052 1.788 1.473 1.175 0.927 0.722 0.554 0.417 0.307 0.220 0.152 0.102 0.065 0.040 0.023 0.013 0.007 0.003 0.002 0.001 0.001 0.001 0.001 0.001 0.001 0.000 0.000 0.000 0.000 0.000 0.000 0.000 0.000 0.000 0.000 0.000 0.000 0.000 0.000 0.000 0.000 0.000 0.000 0.000 0.000 0.000 0.000 0.000 0.000 0.000 0.000 0.000 0.000 0.000 0.000 0.000 0.000 0.000 0.000 0.000 0.000 0.000 0.000 0.000 0.000 0.000 0.000
2.378 2.441 2.489 2.521 2.538 2.540 2.528 2.486 2.400 2.257 2.053 1.783 1.462 1.164 0.915 0.706 0.533 0.390 0.273 0.180 0.110 0.062 0.033 0.018 0.010 0.005 0.003 0.002 0.001 0.001 0.001 0.001 0.001 0.001 0.001 0.001 0.000 0.000 0.000 0.000 0.000 0.000 0.000 0.000 0.000 0.000 0.000 0.000 0.000 0.000 0.000 0.000 0.000 0.000 0.000 0.000 0.000 0.000 0.000 0.000 0.000 0.000 0.000 0.000 0.000 0.000 0.000 0.000 0.000 0.000 0.000 0.000 0.000 0.000 0.000 0.000 0.000
2.208 2.309 2.388 2.444 2.472 2.478 2.467 2.423 2.337 2.194 1.985 1.706 1.376 1.080 0.833 0.625 0.450 0.304 0.188 0.104 0.053 0.026 0.013 0.006 0.004 0.002 0.001 0.001 0.001 0.001 0.001 0.001 0.001 0.001 0.001 0.001 0.001 0.000 0.000 0.000 0.000 0.000 0.000 0.000 0.000 0.000 0.000 0.000 0.000 0.000 0.000 0.000 0.000 0.000 0.000 0.000 0.000 0.000 0.000 0.000 0.000 0.000 0.000 0.000 0.000 0.000 0.000 0.000 0.000 0.000 0.000 0.000 0.000 0.000 0.000 0.000 0.000
1.984 2.105 2.191 2.239 2.255 2.245 2.213 2.155 2.066 1.929 1.727 1.451 1.124 0.844 0.614 0.425 0.273 0.159 0.083 0.040 0.018 0.009 0.004 0.003 0.002 0.001 0.001 0.001 0.001 0.001 0.001 0.001 0.001 0.001 0.001 0.001 0.001 0.001 0.000 0.000 0.000 0.000 0.000 0.000 0.000 0.000 0.000 0.000 0.000 0.000 0.000 0.000 0.000 0.000 0.000 0.000 0.000 0.000 0.000 0.000 0.000 0.000 0.000 0.000 0.000 0.000 0.000 0.000 0.000 0.000 0.000 0.000 0.000 0.000 0.000 0.000 0.000
1.654 1.745 1.788 1.794 1.767 1.708 1.631 1.546 1.451 1.330 1.160 0.927 0.660 0.447 0.293 0.185 0.108 0.057 0.028 0.013 0.006 0.003 0.002 0.001 0.001 0.001 0.001 0.001 0.001 0.001 0.001 0.001 0.001 0.001 0.001 0.001 0.001 0.001 0.001 0.001 0.000 0.000 0.000 0.000 0.000 0.000 0.000 0.000 0.000 0.000 0.000 0.000 0.000 0.000 0.000 0.000 0.000 0.000 0.000 0.000 0.000 0.000 0.000 0.000 0.000 0.000 0.000 0.000 0.000 0.000 0.000 0.000 0.000 0.000 0.000 0.000 0.000
1.139 1.157 1.141 1.096 1.021 0.928 0.843 0.768 0.696 0.619 0.522 0.395 0.265 0.168 0.104 0.062 0.035 0.018 0.009 0.005 0.003 0.002 0.001 0.001 0.001 0.001 0.001 0.001 0.001 0.001 0.001 0.002 0.002 0.002 0.002 0.001 0.001 0.001 0.001 0.001 0.001 0.000 0.000 0.000 0.000 0.000 0.000 0.000 0.000 0.000 0.000 0.000 0.000 0.000 0.000 0.000 0.000 0.000 0.000 0.000 0.000 0.000 0.000 0.000 0.000 0.000 0.000 0.000 0.000 0.000 0.000 0.000 0.000 0.000 0.000 0.000 0.000
0.617 0.606 0.582 0.542 0.487 0.418 0.359 0.311 0.270 0.230 0.187 0.136 0.088 0.055 0.033 0.020 0.012 0.007 0.004 0.003 0.002 0.002 0.001 0.001 0.001 0.001 0.001 0.002 0.002 0.002 0.002 0.002 0.002 0.002 0.002 0.002 0.002 0.002 0.002 0.002 0.001 0.000 0.000 0.000 0.000 0.000 0.000 0.000 0.000 0.000 0.000 0.000 0.000 0.000 0.000 0.000 0.000 0.000 0.000 0.000 0.000 0.000 0.000 0.000 0.000 0.000 0.000 0.000 0.000 0.000 0.000 0.000 0.000 0.000 0.000 0.000 0.000
0.295 0.283 0.267 0.246 0.216 0.178 0.144 0.118 0.098 0.080 0.063 0.045 0.030 0.019 0.012 0.008 0.005 0.004 0.003 0.002 0.002 0.002 0.002 0.002 0.002 0.002 0.002 0.002 0.003 0.003 0.003 0.003 0.003 0.004 0.004 0.004 0.004 0.004 0.004 0.003 0.002 0.001 0.000 0.000 0.000 0.000 0.000 0.000 0.000 0.000 0.000 0.000 0.000 0.000 0.000 0.000 0.000 0.000 0.000 0.000 0.000 0.000 0.000 0.000 0.000 0.000 0.000 0.000 0.000 0.000 0.000 0.000 0.000 0.000 0.000 0.000 0.000
0.130 0.124 0.118 0.109 0.095 0.076 0.059 0.047 0.038 0.031 0.024 0.018 0.013 0.010 0.007 0.005 0.004 0.003 0.003 0.002 0.002 0.002 0.002 0.002 0.003 0.003 0.003 0.004 0.004 0.005 0.005 0.006 0.006 0.007 0.007 0.007 0.007 0.007 0.007 0.005 0.003 0.002 0.001 0.000 0.000 0.000 0.000 0.000 0.000 0.000 0.000 0.000 0.000 0.000 0.000 0.000 0.000 0.000 0.000 0.000 0.000 0.000 0.000 0.000 0.000 0.000 0.000 0.000 0.000 0.000 0.000 0.000 0.000 0.000 0.000 0.000 0.000
0.058 0.055 0.053 0.050 0.044 0.036 0.027 0.022 0.018 0.016 0.013 0.011 0.010 0.008 0.006 0.005 0.004 0.003 0.003 0.003 0.003 0.003 0.003 0.004 0.004 0.005 0.006 0.008 0.009 0.010 0.011 0.012 0.013 0.013 0.014 0.014 0.014 0.014 0.012 0.009 0.005 0.003 0.001 0.000 0.000 0.000 0.000 0.000 0.000 0.000 0.000 0.000 0.000 0.000 0.000 0.000 0.000 0.000 0.000 0.000 0.000 0.000 0.000 0.000 0.000 0.000 0.000 0.000 0.000 0.000 0.000 0.000 0.000 0.000 0.000 0.000 0.000
0.027 0.027 0.026 0.026 0.024 0.020 0.017 0.014 0.013 0.012 0.011 0.010 0.009 0.008 0.006 0.005 0.005 0.004 0.004 0.004 0.004 0.005 0.006 0.007 0.009 0.011 0.014 0.017 0.020 0.023 0.025 0.027 0.028 0.029 0.029 0.029 0.027 0.024 0.018 0.011 0.007 0.004 0.002 0.000 0.000 0.000 0.000 0.000 0.000 0.000 0.000 0.000 0.000 0.000 0.000 0.000 0.000 0.000 0.000 0.000 0.000 0.000 0.000 0.000 0.000 0.000 0.000 0.000 0.000 0.000 0.000 0.000 0.000 0.000 0.000 0.000 0.000
0.015 0.015 0.015 0.016 0.016 0.015 0.013 0.013 0.012 0.012 0.011 0.011 0.010 0.009 0.008 0.007 0.006 0.006 0.006 0.007 0.008 0.009 0.011 0.015 0.020 0.026 0.034 0.042 0.049 0.055 0.059 0.061 0.062 0.061 0.057 0.051 0.042 0.031 0.021 0.013 0.008 0.004 0.002 0.001 0.000 0.000 0.000 0.000 0.000 0.000 0.000 0.000 0.000 0.000 0.000 0.000 0.000 0.000 0.000 0.000 0.000 0.000 0.000 0.000 0.000 0.000 0.000 0.000 0.000 0.000 0.000 0.000 0.000 0.000 0.000 0.000 0.000
0.010 0.010 0.011 0.012 0.013 0.013 0.013 0.013 0.013 0.013 0.013 0.013 0.013 0.012 0.011 0.011 0.011 0.011 0.012 0.013 0.016 0.021 0.027 0.037 0.050 0.067 0.085 0.103 0.116 0.126 0.130 0.129 0.122 0.108 0.089 0.069 0.051 0.035 0.022 0.014 0.008 0.004 0.002 0.001 0.000 0.000 0.000 0.000 0.000 0.000 0.000 0.000 0.000 0.000 0.000 0.000 0.000 0.000 0.000 0.000 0.000 0.000 0.000 0.000 0.000 0.000 0.000 0.000 0.000 0.000 0.000 0.000 0.000 0.000 0.000 0.000 0.000
0.008 0.009 0.009 0.010 0.012 0.013 0.014 0.015 0.016 0.017 0.018 0.018 0.018 0.018 0.018 0.019 0.019 0.021 0.025 0.030 0.039 0.051 0.070 0.095 0.127 0.164 0.200 0.227 0.244 0.251 0.238 0.209 0.174 0.139 0.106 0.077 0.054 0.036 0.023 0.014 0.008 0.004 0.002 0.001 0.000 0.000 0.000 0.000 0.000 0.000 0.000 0.000 0.000 0.000 0.000 0.000 0.000 0.000 0.000 0.000 0.000 0.000 0.000 0.000 0.000 0.000 0.000 0.000 0.000 0.000 0.000 0.000 0.000 0.000 0.000 0.000 0.000
0.008 0.008 0.008 0.010 0.012 0.014 0.016 0.020 0.023 0.026 0.028 0.029 0.030 0.031 0.033 0.036 0.040 0.047 0.058 0.075 0.098 0.132 0.176 0.231 0.293 0.352 0.396 0.416 0.407 0.371 0.312 0.251 0.197 0.150 0.111 0.079 0.054 0.036 0.023 0.014 0.008 0.004 0.002 0.001 0.000 0.000 0.000 0.000 0.000 0.000 0.000 0.000 0.000 0.000 0.000 0.000 0.000 0.000 0.000 0.000 0.000 0.000 0.000 0.000 0.000 0.000 0.000 0.000 0.000 0.000 0.000 0.000 0.000 0.000 0.000 0.000 0.000
0.008 0.008 0.008 0.010 0.012 0.016 0.022 0.028 0.036 0.042 0.047 0.050 0.054 0.058 0.064 0.074 0.088 0.110 0.141 0.183 0.239 0.309 0.389 0.468 0.531 0.568 0.579 0.558 0.506 0.425 0.337 0.262 0.201 0.151 0.110 0.078 0.053 0.035 0.023 0.014 0.008 0.004 0.002 0.001 0.000 0.000 0.000 0.000 0.000 0.000 0.000 0.000 0.000 0.000 0.000 0.000 0.000 0.000 0.000 0.000 0.000 0.000 0.000 0.000 0.000 0.000 0.000 0.000 0.000 0.000 0.000 0.000 0.000 0.000 0.000 0.000 0.000
0.008 0.009 0.009 0.011 0.015 0.022 0.031 0.042 0.056 0.068 0.078 0.088 0.097 0.109 0.125 0.150 0.187 0.239 0.309 0.394 0.482 0.564 0.629 0.674 0.696 0.698 0.674 0.620 0.537 0.435 0.339 0.261 0.198 0.148 0.107 0.075 0.052 0.034 0.022 0.014 0.008 0.004 0.002 0.001 0.000 0.000 0.000 0.000 0.000 0.000 0.000 0.000 0.000 0.000 0.000 0.000 0.000 0.000 0.000 0.000 0.000 0.000 0.000 0.000 0.000 0.000 0.000 0.000 0.000 0.000 0.000 0.000 0.000 0.000 0.000 0.000 0.000
0.009 0.010 0.010 0.014 0.020 0.031 0.045 0.064 0.086 0.107 0.126 0.145 0.165 0.189 0.223 0.273 0.341 0.429 0.524 0.612 0.682 0.732 0.761 0.773 0.768 0.746 0.700 0.631 0.539 0.431 0.334 0.255 0.191 0.141 0.102 0.072 0.049 0.033 0.021 0.013 0.008 0.004 0.002 0.001 0.000 0.000 0.000 0.000 0.000 0.000 0.000 0.000 0.000 0.000 0.000 0.000 0.000 0.000 0.000 0.000 0.000 0.000 0.000 0.000 0.000 0.000 0.000 0.000 0.000 0.000 0.000 0.000 0.000 0.000 0.000 0.000 0.000
0.010 0.011 0.013 0.019 0.029 0.046 0.068 0.092 0.119 0.144 0.170 0.197 0.228 0.266 0.316 0.382 0.468 0.567 0.656 0.725 0.771 0.795 0.802 0.798 0.782 0.750 0.699 0.627 0.533 0.422 0.323 0.244 0.181 0.132 0.095 0.067 0.047 0.032 0.021 0.013 0.007 0.004 0.002 0.001 0.000 0.000 0.000 0.000 0.000 0.000 0.000 0.000 0.000 0.000 0.000 0.000 0.000 0.000 0.000 0.000 0.000 0.000 0.000 0.000 0.000 0.000 0.000 0.000 0.000 0.000 0.000 0.000 0.000 0.000 0.000 0.000 0.000
0.011 0.012 0.017 0.027 0.043 0.064 0.089 0.114 0.140 0.166 0.195 0.228 0.266 0.312 0.370 0.443 0.535 0.630 0.704 0.758 0.789 0.802 0.803 0.795 0.776 0.742 0.689 0.615 0.520 0.407 0.309 0.230 0.169 0.123 0.088 0.063 0.044 0.029 0.019 0.012 0.007 0.004 0.002 0.001 0.000 0.000 0.000 0.000 0.000 0.000 0.000 0.000 0.000 0.000 0.000 0.000 0.000 0.000 0.000 0.000 0.000 0.000 0.000 0.000 0.000 0.000 0.000 0.000 0.000 0.000 0.000 0.000 0.000 0.000 0.000 0.000 0.000
0.011 0.014 0.021 0.035 0.055 0.078 0.101 0.125 0.150 0.177 0.207 0.242 0.284 0.334 0.394 0.470 0.561 0.646 0.711 0.756 0.781 0.788 0.786 0.776 0.753 0.716 0.660 0.586 0.490 0.382 0.289 0.214 0.156 0.112 0.080 0.056 0.038 0.026 0.017 0.010 0.006 0.003 0.001 0.000 0.000 0.000 0.000 0.000 0.000 0.000 0.000 0.000 0.000 0.000 0.000 0.000 0.000 0.000 0.000 0.000 0.000 0.000 0.000 0.000 0.000 0.000 0.000 0.000 0.000 0.000 0.000 0.000 0.000 0.000 0.000 0.000 0.000
0.010 0.015 0.025 0.041 0.061 0.084 0.106 0.129 0.153 0.180 0.211 0.247 0.290 0.340 0.402 0.478 0.567 0.645 0.702 0.737 0.752 0.754 0.751 0.736 0.708 0.663 0.602 0.524 0.431 0.336 0.256 0.190 0.137 0.096 0.067 0.045 0.030 0.020 0.013 0.008 0.004 0.002 0.001 0.000 0.000 0.000 0.000 0.000 0.000 0.000 0.000 0.000 0.000 0.000 0.000 0.000 0.000 0.000 0.000 0.000 0.000 0.000 0.000 0.000 0.000 0.000 0.000 0.000 0.000 0.000 0.000 0.000 0.000 0.000 0.000 0.000 0.000
