RESULTS/r.avaflow_results/22_results/22_ascii/22_hflow0049.asc
ncols 506
nrows 317
xllcenter 498237.50
yllcenter 5580050.00
cellsize 12.50
NODATA_value -9999.000
[rows 170 to 203 of 317, columns 154 to 230 of 506]
11.049 10.772 10.494 10.207 9.909 9.611 9.335 9.084 8.848 8.624 8.405 8.189 7.957 7.674 7.281 6.743 6.072 5.315 4.521 3.742 3.016 2.364 1.811 1.378 1.064 0.854 0.732 0.682 0.676 0.689 0.718 0.751 0.772 0.787 0.802 0.823 0.859 0.891 0.902 0.895 0.872 0.837 0.799 0.762 0.718 0.659 0.580 0.491 0.411 0.338 0.273 0.221 0.184 0.157 0.140 0.132 0.129 0.131 0.136 0.142 0.147 0.151 0.153 0.155 0.157 0.160 0.170 0.195 0.254 0.370 0.505 0.577 0.595 0.575 0.504 0.374 0.247
13.451 13.484 13.428 13.295 13.122 12.907 12.656 12.383 12.102 11.822 11.547 11.279 11.009 10.699 10.274 9.665 8.853 7.871 6.780 5.649 4.567 3.584 2.739 2.066 1.573 1.233 1.017 0.899 0.853 0.849 0.867 0.888 0.895 0.895 0.890 0.891 0.900 0.909 0.909 0.893 0.856 0.806 0.754 0.702 0.642 0.562 0.451 0.335 0.243 0.181 0.142 0.118 0.102 0.093 0.089 0.088 0.091 0.097 0.103 0.108 0.110 0.111 0.111 0.111 0.111 0.113 0.120 0.139 0.181 0.265 0.399 0.510 0.559 0.568 0.547 0.484 0.371
16.118 16.567 16.751 16.722 16.578 16.371 16.110 15.818 15.512 15.200 14.887 14.580 14.276 13.945 13.513 12.874 11.976 10.835 9.521 8.113 6.692 5.341 4.127 3.118 2.342 1.779 1.388 1.141 1.007 0.949 0.930 0.926 0.921 0.914 0.899 0.889 0.884 0.878 0.863 0.825 0.759 0.680 0.607 0.534 0.452 0.352 0.248 0.169 0.121 0.093 0.076 0.067 0.061 0.059 0.059 0.062 0.067 0.074 0.080 0.083 0.084 0.084 0.083 0.082 0.082 0.083 0.088 0.101 0.130 0.186 0.289 0.423 0.517 0.554 0.558 0.537 0.476
18.018 18.826 19.251 19.372 19.316 19.180 18.987 18.756 18.498 18.212 17.901 17.578 17.254 16.910 16.485 15.873 14.999 13.867 12.524 11.022 9.408 7.748 6.119 4.684 3.509 2.594 1.919 1.457 1.172 1.015 0.943 0.914 0.898 0.880 0.856 0.827 0.799 0.770 0.729 0.655 0.547 0.441 0.356 0.287 0.225 0.165 0.116 0.084 0.064 0.052 0.045 0.042 0.041 0.041 0.042 0.045 0.051 0.058 0.063 0.065 0.065 0.065 0.064 0.063 0.063 0.064 0.068 0.077 0.096 0.132 0.198 0.315 0.452 0.530 0.553 0.551 0.524
18.990 20.037 20.704 21.056 21.213 21.257 21.225 21.124 20.963 20.744 20.459 20.125 19.775 19.416 18.999 18.422 17.601 16.522 15.217 13.738 12.116 10.353 8.442 6.526 4.852 3.497 2.475 1.763 1.310 1.051 0.921 0.855 0.812 0.773 0.730 0.677 0.622 0.563 0.490 0.394 0.293 0.221 0.172 0.135 0.105 0.079 0.059 0.046 0.038 0.033 0.031 0.030 0.030 0.030 0.032 0.035 0.040 0.046 0.050 0.052 0.052 0.052 0.051 0.051 0.052 0.053 0.056 0.063 0.075 0.097 0.138 0.216 0.352 0.478 0.533 0.544 0.534
19.212 20.369 21.228 21.833 22.258 22.544 22.713 22.757 22.691 22.542 22.291 21.936 21.556 21.190 20.792 20.270 19.539 18.559 17.317 15.835 14.145 12.257 10.144 7.839 5.762 4.078 2.811 1.937 1.382 1.053 0.864 0.746 0.658 0.580 0.502 0.430 0.369 0.315 0.259 0.198 0.146 0.110 0.085 0.068 0.054 0.043 0.035 0.029 0.026 0.024 0.024 0.023 0.023 0.024 0.025 0.028 0.032 0.037 0.041 0.043 0.043 0.044 0.044 0.044 0.045 0.047 0.049 0.054 0.062 0.076 0.103 0.153 0.249 0.387 0.483 0.519 0.522
19.074 20.281 21.244 21.998 22.609 23.084 23.398 23.543 23.545 23.442 23.219 22.835 22.436 22.088 21.717 21.247 20.601 19.727 18.572 17.106 15.350 13.333 11.046 8.494 6.174 4.311 2.928 1.988 1.394 1.020 0.773 0.597 0.459 0.352 0.274 0.222 0.188 0.159 0.130 0.100 0.076 0.059 0.047 0.038 0.032 0.027 0.024 0.021 0.020 0.019 0.019 0.019 0.020 0.020 0.021 0.023 0.026 0.030 0.033 0.036 0.037 0.038 0.039 0.040 0.041 0.043 0.045 0.049 0.054 0.064 0.082 0.115 0.175 0.281 0.397 0.465 0.490
18.562 19.872 20.982 21.887 22.613 23.160 23.507 23.675 23.702 23.619 23.409 23.012 22.603 22.270 21.913 21.459 20.849 20.032 18.944 17.517 15.737 13.641 11.257 8.608 6.216 4.303 2.895 1.946 1.332 0.923 0.635 0.427 0.284 0.195 0.141 0.112 0.094 0.081 0.067 0.053 0.043 0.036 0.030 0.025 0.022 0.019 0.018 0.017 0.016 0.016 0.016 0.016 0.017 0.017 0.018 0.020 0.022 0.025 0.028 0.031 0.033 0.035 0.036 0.037 0.039 0.041 0.043 0.046 0.050 0.057 0.069 0.091 0.130 0.196 0.292 0.381 0.435
17.689 19.125 20.389 21.458 22.306 22.900 23.246 23.393 23.403 23.316 23.106 22.722 22.302 21.946 21.562 21.089 20.486 19.712 18.679 17.293 15.524 13.401 10.949 8.265 5.892 4.008 2.636 1.718 1.122 0.718 0.439 0.261 0.160 0.104 0.075 0.059 0.050 0.044 0.037 0.032 0.027 0.024 0.021 0.019 0.017 0.015 0.014 0.014 0.014 0.014 0.014 0.014 0.014 0.015 0.016 0.017 0.019 0.021 0.023 0.026 0.029 0.031 0.033 0.035 0.037 0.039 0.041 0.043 0.047 0.052 0.061 0.076 0.102 0.144 0.207 0.285 0.356
16.530 18.060 19.431 20.598 21.513 22.138 22.483 22.595 22.556 22.428 22.204 21.876 21.469 21.017 20.513 19.958 19.324 18.566 17.582 16.236 14.463 12.288 9.767 7.185 4.980 3.264 2.036 1.228 0.726 0.418 0.237 0.138 0.085 0.057 0.042 0.035 0.030 0.027 0.024 0.021 0.019 0.017 0.016 0.014 0.013 0.012 0.012 0.012 0.012 0.012 0.012 0.012 0.013 0.013 0.014 0.015 0.016 0.018 0.020 0.022 0.025 0.028 0.031 0.033 0.035 0.037 0.039 0.042 0.045 0.049 0.056 0.067 0.086 0.114 0.155 0.210 0.272
15.105 16.646 18.055 19.262 20.221 20.889 21.259 21.351 21.268 21.078 20.854 20.612 20.245 19.670 18.974 18.274 17.559 16.751 15.711 14.280 12.386 10.067 7.550 5.256 3.415 2.062 1.156 0.621 0.337 0.189 0.110 0.068 0.046 0.033 0.027 0.023 0.020 0.019 0.017 0.016 0.014 0.013 0.012 0.012 0.011 0.010 0.010 0.010 0.010 0.010 0.011 0.011 0.011 0.012 0.013 0.014 0.015 0.016 0.018 0.020 0.022 0.025 0.028 0.030 0.033 0.035 0.038 0.040 0.043 0.047 0.053 0.062 0.077 0.098 0.127 0.166 0.212
13.416 14.858 16.266 17.518 18.569 19.345 19.798 19.922 19.835 19.629 19.419 19.203 18.823 18.149 17.297 16.441 15.582 14.593 13.290 11.531 9.253 6.753 4.527 2.870 1.725 0.967 0.503 0.255 0.137 0.081 0.052 0.037 0.028 0.022 0.019 0.017 0.015 0.014 0.013 0.012 0.011 0.011 0.010 0.009 0.009 0.009 0.009 0.009 0.009 0.009 0.010 0.010 0.011 0.011 0.012 0.013 0.014 0.015 0.016 0.017 0.019 0.022 0.025 0.028 0.031 0.033 0.036 0.038 0.041 0.045 0.051 0.060 0.073 0.091 0.113 0.142 0.176
11.540 12.811 14.180 15.506 16.680 17.598 18.176 18.389 18.343 18.166 17.927 17.618 17.118 16.355 15.420 14.429 13.361 12.037 10.249 7.919 5.504 3.500 2.094 1.207 0.676 0.363 0.187 0.099 0.059 0.039 0.029 0.023 0.019 0.016 0.014 0.013 0.012 0.011 0.010 0.010 0.009 0.009 0.008 0.008 0.007 0.007 0.007 0.008 0.008 0.009 0.009 0.010 0.011 0.011 0.012 0.013 0.013 0.014 0.014 0.016 0.017 0.019 0.022 0.025 0.028 0.031 0.034 0.037 0.040 0.044 0.051 0.060 0.072 0.088 0.107 0.130 0.155
9.748 10.776 11.961 13.256 14.484 15.485 16.160 16.468 16.478 16.319 15.972 15.441 14.723 13.835 12.819 11.680 10.329 8.556 6.330 4.166 2.521 1.395 0.736 0.397 0.222 0.124 0.071 0.043 0.030 0.023 0.019 0.016 0.014 0.012 0.011 0.010 0.009 0.009 0.008 0.008 0.007 0.007 0.007 0.006 0.006 0.006 0.007 0.007 0.008 0.009 0.010 0.011 0.012 0.012 0.013 0.013 0.013 0.013 0.013 0.014 0.015 0.017 0.019 0.022 0.025 0.028 0.032 0.035 0.039 0.044 0.051 0.060 0.073 0.088 0.106 0.125 0.146
8.042 8.782 9.656 10.677 11.700 12.555 13.172 13.494 13.537 13.376 12.921 12.165 11.164 10.029 8.856 7.591 6.132 4.467 2.845 1.618 0.838 0.417 0.217 0.125 0.076 0.048 0.033 0.024 0.019 0.016 0.013 0.012 0.010 0.009 0.009 0.008 0.008 0.007 0.007 0.006 0.006 0.006 0.006 0.006 0.006 0.006 0.007 0.007 0.009 0.011 0.012 0.013 0.014 0.015 0.015 0.014 0.013 0.013 0.013 0.013 0.014 0.015 0.017 0.019 0.022 0.026 0.030 0.034 0.038 0.044 0.052 0.061 0.074 0.089 0.105 0.123 0.143
6.374 6.768 7.184 7.641 8.107 8.530 8.870 9.061 9.081 8.937 8.493 7.697 6.652 5.552 4.550 3.604 2.633 1.657 0.906 0.448 0.220 0.118 0.071 0.047 0.034 0.025 0.019 0.016 0.013 0.012 0.010 0.009 0.008 0.007 0.007 0.006 0.006 0.006 0.005 0.005 0.005 0.005 0.005 0.005 0.006 0.006 0.007 0.009 0.012 0.014 0.017 0.018 0.019 0.019 0.018 0.016 0.014 0.013 0.012 0.012 0.013 0.013 0.015 0.017 0.020 0.024 0.028 0.033 0.038 0.044 0.052 0.062 0.075 0.089 0.106 0.124 0.143
4.720 4.778 4.811 4.815 4.791 4.776 4.775 4.757 4.702 4.583 4.295 3.778 3.043 2.290 1.703 1.226 0.799 0.449 0.229 0.117 0.067 0.044 0.032 0.025 0.020 0.016 0.014 0.012 0.010 0.009 0.008 0.007 0.007 0.006 0.006 0.005 0.005 0.005 0.005 0.005 0.005 0.005 0.006 0.006 0.007 0.008 0.010 0.013 0.018 0.022 0.025 0.026 0.027 0.025 0.021 0.018 0.015 0.013 0.012 0.011 0.011 0.012 0.013 0.015 0.018 0.022 0.026 0.031 0.037 0.044 0.052 0.062 0.075 0.089 0.106 0.126 0.148
3.098 2.902 2.700 2.489 2.286 2.116 1.990 1.897 1.818 1.728 1.584 1.348 1.016 0.699 0.483 0.328 0.206 0.119 0.067 0.042 0.030 0.023 0.019 0.016 0.014 0.012 0.010 0.009 0.008 0.007 0.006 0.006 0.005 0.005 0.005 0.005 0.005 0.005 0.005 0.005 0.006 0.006 0.007 0.008 0.010 0.013 0.017 0.024 0.032 0.037 0.040 0.041 0.037 0.030 0.024 0.019 0.015 0.013 0.011 0.010 0.010 0.010 0.012 0.014 0.016 0.020 0.025 0.030 0.036 0.043 0.052 0.061 0.074 0.088 0.107 0.130 0.158
1.638 1.407 1.221 1.064 0.923 0.794 0.696 0.624 0.568 0.518 0.461 0.386 0.284 0.193 0.134 0.093 0.063 0.042 0.029 0.022 0.018 0.015 0.013 0.012 0.010 0.009 0.008 0.007 0.006 0.006 0.005 0.005 0.005 0.005 0.005 0.006 0.006 0.006 0.007 0.008 0.009 0.010 0.012 0.015 0.018 0.024 0.034 0.047 0.057 0.062 0.062 0.054 0.043 0.032 0.024 0.019 0.015 0.012 0.010 0.009 0.009 0.009 0.010 0.012 0.014 0.018 0.023 0.028 0.034 0.042 0.050 0.059 0.071 0.086 0.106 0.132 0.166
0.707 0.584 0.492 0.417 0.350 0.287 0.237 0.202 0.176 0.155 0.135 0.113 0.087 0.062 0.047 0.036 0.028 0.022 0.018 0.015 0.013 0.011 0.010 0.009 0.008 0.007 0.006 0.006 0.006 0.006 0.006 0.006 0.006 0.007 0.007 0.008 0.009 0.011 0.013 0.015 0.018 0.022 0.026 0.032 0.041 0.054 0.072 0.088 0.095 0.091 0.078 0.060 0.045 0.033 0.024 0.018 0.014 0.011 0.009 0.008 0.007 0.007 0.008 0.010 0.012 0.016 0.020 0.025 0.031 0.038 0.045 0.054 0.064 0.079 0.100 0.128 0.165
0.276 0.227 0.190 0.160 0.132 0.105 0.085 0.071 0.062 0.055 0.048 0.042 0.036 0.029 0.024 0.020 0.017 0.015 0.013 0.011 0.010 0.009 0.008 0.007 0.007 0.006 0.006 0.006 0.007 0.007 0.008 0.009 0.011 0.012 0.014 0.017 0.020 0.024 0.030 0.036 0.044 0.053 0.063 0.075 0.090 0.110 0.127 0.134 0.128 0.109 0.083 0.061 0.045 0.033 0.024 0.018 0.013 0.010 0.008 0.007 0.006 0.006 0.006 0.008 0.010 0.013 0.016 0.021 0.026 0.032 0.038 0.045 0.054 0.067 0.086 0.114 0.153
0.107 0.089 0.075 0.064 0.053 0.043 0.036 0.031 0.028 0.026 0.024 0.022 0.020 0.018 0.016 0.014 0.013 0.011 0.010 0.009 0.008 0.007 0.007 0.006 0.006 0.007 0.008 0.009 0.011 0.013 0.015 0.019 0.023 0.028 0.034 0.041 0.051 0.063 0.077 0.091 0.105 0.120 0.133 0.145 0.156 0.164 0.168 0.162 0.142 0.112 0.083 0.061 0.044 0.032 0.023 0.017 0.012 0.009 0.007 0.006 0.005 0.004 0.005 0.006 0.007 0.009 0.012 0.016 0.020 0.024 0.028 0.033 0.040 0.048 0.063 0.086 0.121
0.045 0.038 0.033 0.029 0.025 0.022 0.019 0.018 0.017 0.016 0.015 0.015 0.014 0.013 0.012 0.011 0.010 0.009 0.008 0.007 0.006 0.006 0.007 0.007 0.009 0.011 0.014 0.018 0.023 0.030 0.038 0.048 0.060 0.073 0.088 0.106 0.129 0.152 0.174 0.189 0.197 0.197 0.196 0.195 0.194 0.192 0.185 0.170 0.145 0.112 0.083 0.060 0.044 0.031 0.022 0.016 0.011 0.008 0.006 0.005 0.004 0.003 0.003 0.004 0.005 0.007 0.009 0.011 0.014 0.017 0.021 0.024 0.028 0.033 0.041 0.055 0.079
0.022 0.020 0.018 0.016 0.015 0.014 0.013 0.012 0.012 0.012 0.011 0.011 0.011 0.010 0.010 0.009 0.008 0.007 0.006 0.006 0.006 0.007 0.009 0.012 0.016 0.023 0.033 0.046 0.063 0.082 0.103 0.129 0.157 0.185 0.213 0.243 0.270 0.287 0.287 0.274 0.255 0.236 0.223 0.214 0.207 0.199 0.188 0.171 0.144 0.111 0.082 0.059 0.042 0.030 0.021 0.015 0.011 0.007 0.005 0.004 0.003 0.002 0.002 0.002 0.003 0.004 0.006 0.008 0.010 0.012 0.015 0.017 0.020 0.023 0.028 0.036 0.049
0.013 0.012 0.012 0.011 0.011 0.010 0.010 0.010 0.009 0.009 0.009 0.009 0.009 0.008 0.008 0.007 0.006 0.006 0.006 0.007 0.008 0.012 0.017 0.026 0.040 0.061 0.091 0.130 0.172 0.215 0.259 0.304 0.347 0.381 0.403 0.413 0.405 0.383 0.348 0.309 0.273 0.245 0.227 0.215 0.206 0.196 0.183 0.165 0.138 0.106 0.078 0.056 0.040 0.028 0.020 0.014 0.009 0.006 0.004 0.003 0.002 0.001 0.001 0.001 0.002 0.003 0.004 0.005 0.007 0.009 0.011 0.013 0.015 0.017 0.020 0.025 0.032
0.009 0.009 0.008 0.008 0.008 0.008 0.008 0.008 0.008 0.008 0.007 0.007 0.007 0.007 0.006 0.006 0.006 0.006 0.007 0.010 0.016 0.025 0.042 0.069 0.110 0.170 0.248 0.328 0.401 0.460 0.508 0.539 0.553 0.553 0.539 0.511 0.470 0.418 0.363 0.314 0.273 0.243 0.222 0.206 0.192 0.177 0.160 0.140 0.115 0.087 0.064 0.046 0.033 0.023 0.016 0.011 0.008 0.005 0.003 0.002 0.001 0.001 0.000 0.000 0.001 0.001 0.002 0.003 0.005 0.006 0.008 0.009 0.011 0.013 0.015 0.018 0.022
0.007 0.007 0.007 0.007 0.007 0.007 0.007 0.006 0.006 0.006 0.006 0.006 0.006 0.006 0.006 0.006 0.006 0.008 0.013 0.021 0.037 0.065 0.112 0.184 0.285 0.406 0.526 0.613 0.663 0.686 0.693 0.683 0.662 0.630 0.590 0.541 0.484 0.421 0.363 0.312 0.269 0.234 0.205 0.179 0.156 0.133 0.111 0.090 0.070 0.053 0.039 0.029 0.022 0.016 0.011 0.008 0.005 0.003 0.002 0.001 0.000 0.000 0.000 0.000 0.000 0.001 0.001 0.002 0.003 0.004 0.005 0.006 0.008 0.009 0.011 0.013 0.016
0.005 0.005 0.005 0.005 0.005 0.005 0.005 0.005 0.005 0.005 0.005 0.005 0.005 0.005 0.006 0.007 0.010 0.016 0.028 0.052 0.095 0.165 0.270 0.411 0.556 0.676 0.755 0.795 0.806 0.797 0.774 0.739 0.694 0.645 0.595 0.542 0.483 0.419 0.357 0.302 0.253 0.208 0.167 0.130 0.098 0.074 0.056 0.042 0.032 0.025 0.019 0.015 0.012 0.009 0.006 0.004 0.002 0.001 0.001 0.000 0.000 0.000 0.000 0.000 0.000 0.000 0.000 0.001 0.001 0.002 0.003 0.004 0.005 0.007 0.008 0.010 0.012
0.004 0.004 0.004 0.005 0.005 0.005 0.005 0.005 0.005 0.005 0.005 0.005 0.006 0.006 0.008 0.011 0.019 0.036 0.067 0.123 0.215 0.343 0.490 0.632 0.746 0.820 0.855 0.862 0.855 0.835 0.801 0.754 0.700 0.645 0.593 0.539 0.478 0.409 0.338 0.273 0.212 0.156 0.108 0.073 0.049 0.034 0.024 0.018 0.014 0.011 0.009 0.007 0.006 0.004 0.003 0.002 0.001 0.001 0.000 0.000 0.000 0.000 0.000 0.000 0.000 0.000 0.000 0.000 0.001 0.001 0.002 0.003 0.003 0.005 0.006 0.007 0.009
0.003 0.004 0.004 0.004 0.004 0.004 0.005 0.005 0.005 0.006 0.006 0.007 0.007 0.009 0.013 0.022 0.041 0.078 0.142 0.240 0.368 0.504 0.631 0.737 0.816 0.861 0.876 0.877 0.870 0.849 0.811 0.758 0.697 0.636 0.577 0.516 0.446 0.367 0.283 0.206 0.140 0.089 0.056 0.035 0.023 0.015 0.011 0.008 0.007 0.005 0.004 0.004 0.003 0.002 0.001 0.001 0.000 0.000 0.000 0.000 0.000 0.000 0.000 0.000 0.000 0.000 0.000 0.000 0.000 0.000 0.001 0.001 0.002 0.003 0.004 0.005 0.006
0.003 0.003 0.003 0.004 0.004 0.005 0.006 0.007 0.007 0.008 0.009 0.010 0.012 0.015 0.023 0.040 0.074 0.132 0.219 0.335 0.465 0.582 0.681 0.764 0.826 0.863 0.879 0.882 0.876 0.854 0.811 0.750 0.674 0.591 0.511 0.431 0.349 0.262 0.180 0.116 0.071 0.042 0.026 0.016 0.011 0.007 0.005 0.004 0.003 0.002 0.002 0.002 0.001 0.001 0.000 0.000 0.000 0.000 0.000 0.000 0.000 0.000 0.000 0.000 0.000 0.000 0.000 0.000 0.000 0.000 0.000 0.000 0.001 0.001 0.002 0.003 0.004
0.003 0.003 0.004 0.005 0.006 0.007 0.009 0.011 0.012 0.014 0.015 0.017 0.019 0.023 0.033 0.054 0.095 0.164 0.260 0.382 0.503 0.604 0.690 0.764 0.822 0.858 0.873 0.875 0.865 0.836 0.781 0.699 0.593 0.475 0.365 0.270 0.190 0.127 0.082 0.051 0.030 0.018 0.011 0.007 0.005 0.003 0.003 0.002 0.001 0.001 0.001 0.000 0.000 0.000 0.000 0.000 0.000 0.000 0.000 0.000 0.000 0.000 0.000 0.000 0.000 0.000 0.000 0.000 0.000 0.000 0.000 0.000 0.000 0.001 0.001 0.002 0.003
0.003 0.004 0.005 0.007 0.010 0.013 0.016 0.019 0.021 0.023 0.024 0.025 0.026 0.029 0.038 0.059 0.103 0.174 0.272 0.393 0.508 0.604 0.683 0.745 0.787 0.806 0.807 0.795 0.769 0.724 0.654 0.555 0.424 0.288 0.188 0.121 0.077 0.049 0.031 0.020 0.012 0.008 0.005 0.003 0.002 0.002 0.001 0.001 0.001 0.000 0.000 0.000 0.000 0.000 0.000 0.000 0.000 0.000 0.000 0.000 0.000 0.000 0.000 0.000 0.000 0.000 0.000 0.000 0.000 0.000 0.000 0.000 0.000 0.000 0.000 0.001 0.001
0.003 0.005 0.008 0.013 0.018 0.023 0.028 0.031 0.033 0.033 0.031 0.029 0.029 0.031 0.038 0.059 0.102 0.171 0.267 0.384 0.489 0.571 0.628 0.658 0.665 0.647 0.611 0.569 0.522 0.467 0.399 0.314 0.214 0.133 0.078 0.046 0.028 0.018 0.012 0.008 0.005 0.003 0.002 0.001 0.001 0.001 0.001 0.000 0.000 0.000 0.000 0.000 0.000 0.000 0.000 0.000 0.000 0.000 0.000 0.000 0.000 0.000 0.000 0.000 0.000 0.000 0.000 0.000 0.000 0.000 0.000 0.000 0.000 0.000 0.000 0.000 0.000
