RESULTS/r.avaflow_results/22_results/22_ascii/22_hflow10045.asc
ncols 506
nrows 317
xllcenter 498237.50
yllcenter 5580050.00
cellsize 12.50
NODATA_value -9999.000
[rows 170 to 203 of 317, columns 77 to 153 of 506]
0.000 0.000 0.000 0.000 0.000 0.000 0.000 0.000 0.000 0.001 0.001 0.003 0.006 0.011 0.019 0.028 0.038 0.046 0.054 0.062 0.071 0.086 0.115 0.166 0.235 0.285 0.301 0.300 0.290 0.274 0.252 0.224 0.188 0.150 0.119 0.097 0.081 0.071 0.066 0.065 0.068 0.081 0.124 0.239 0.481 0.869 1.359 1.909 2.530 3.287 4.293 5.576 6.890 7.865 8.412 8.619 8.698 8.761 8.802 8.817 8.797 8.683 8.413 7.991 7.443 6.801 6.125 5.514 4.964 4.466 4.022 3.637 3.300 3.001 2.734 2.492 2.269
0.000 0.000 0.000 0.000 0.000 0.000 0.000 0.000 0.001 0.002 0.005 0.010 0.018 0.030 0.046 0.064 0.082 0.099 0.116 0.133 0.154 0.186 0.238 0.310 0.375 0.404 0.405 0.395 0.376 0.351 0.319 0.278 0.227 0.180 0.144 0.120 0.105 0.097 0.095 0.097 0.112 0.158 0.282 0.566 1.059 1.721 2.460 3.238 4.111 5.109 6.170 7.223 8.088 8.627 8.833 8.877 8.890 8.915 8.923 8.917 8.864 8.708 8.415 7.990 7.442 6.801 6.119 5.498 4.943 4.451 4.028 3.662 3.346 3.070 2.827 2.611 2.415
0.000 0.000 0.000 0.000 0.000 0.000 0.000 0.001 0.003 0.007 0.013 0.023 0.039 0.061 0.088 0.118 0.149 0.179 0.210 0.243 0.283 0.341 0.416 0.480 0.511 0.516 0.509 0.492 0.467 0.434 0.391 0.336 0.270 0.212 0.172 0.148 0.136 0.132 0.134 0.150 0.201 0.336 0.645 1.217 2.040 2.982 3.926 4.883 5.841 6.765 7.606 8.285 8.723 8.908 8.930 8.920 8.918 8.925 8.920 8.897 8.821 8.653 8.365 7.947 7.413 6.782 6.093 5.468 4.919 4.441 4.032 3.680 3.377 3.116 2.891 2.696 2.522
0.000 0.000 0.000 0.000 0.000 0.000 0.001 0.002 0.006 0.012 0.022 0.037 0.059 0.089 0.124 0.166 0.214 0.267 0.324 0.382 0.444 0.513 0.576 0.611 0.620 0.617 0.608 0.590 0.562 0.522 0.468 0.399 0.316 0.249 0.206 0.183 0.176 0.177 0.192 0.243 0.385 0.715 1.341 2.301 3.471 4.580 5.543 6.414 7.219 7.938 8.512 8.867 8.998 9.001 8.950 8.915 8.897 8.878 8.854 8.804 8.708 8.530 8.249 7.852 7.342 6.729 6.047 5.430 4.894 4.431 4.032 3.687 3.392 3.140 2.929 2.747 2.589
0.000 0.000 0.000 0.000 0.000 0.000 0.001 0.003 0.008 0.016 0.028 0.046 0.072 0.105 0.147 0.198 0.261 0.335 0.420 0.503 0.578 0.644 0.691 0.713 0.718 0.716 0.708 0.690 0.660 0.614 0.551 0.467 0.368 0.291 0.244 0.223 0.219 0.229 0.272 0.400 0.717 1.369 2.451 3.847 5.134 6.127 6.917 7.597 8.182 8.654 8.969 9.094 9.090 9.031 8.942 8.882 8.830 8.783 8.726 8.647 8.528 8.340 8.068 7.694 7.214 6.632 5.979 5.383 4.865 4.415 4.026 3.686 3.396 3.150 2.946 2.771 2.621
0.000 0.000 0.000 0.000 0.000 0.000 0.001 0.004 0.009 0.018 0.031 0.050 0.077 0.114 0.160 0.219 0.293 0.384 0.494 0.602 0.687 0.751 0.792 0.811 0.816 0.816 0.809 0.792 0.761 0.711 0.639 0.543 0.427 0.337 0.281 0.258 0.255 0.270 0.344 0.569 1.129 2.204 3.805 5.404 6.560 7.377 7.967 8.420 8.779 9.027 9.146 9.160 9.117 9.026 8.908 8.800 8.711 8.637 8.547 8.437 8.293 8.095 7.824 7.467 7.022 6.489 5.884 5.315 4.820 4.385 4.006 3.675 3.392 3.152 2.950 2.778 2.629
0.000 0.000 0.000 0.000 0.000 0.000 0.001 0.004 0.009 0.018 0.031 0.051 0.079 0.117 0.167 0.230 0.310 0.412 0.542 0.680 0.784 0.853 0.894 0.914 0.920 0.921 0.915 0.899 0.867 0.814 0.735 0.627 0.494 0.386 0.318 0.287 0.282 0.298 0.383 0.658 1.385 2.808 4.859 6.580 7.675 8.331 8.711 8.949 9.120 9.207 9.220 9.181 9.105 8.991 8.841 8.676 8.542 8.431 8.318 8.184 8.018 7.805 7.530 7.190 6.779 6.296 5.746 5.212 4.741 4.325 3.960 3.643 3.371 3.140 2.944 2.775 2.627
0.000 0.000 0.000 0.000 0.000 0.000 0.001 0.004 0.009 0.018 0.031 0.051 0.080 0.118 0.168 0.233 0.316 0.423 0.562 0.731 0.869 0.955 1.002 1.025 1.034 1.034 1.029 1.014 0.981 0.924 0.839 0.720 0.570 0.440 0.354 0.312 0.302 0.316 0.399 0.683 1.482 3.136 5.553 7.434 8.508 9.009 9.207 9.290 9.331 9.313 9.258 9.171 9.060 8.916 8.734 8.523 8.343 8.196 8.052 7.892 7.702 7.471 7.192 6.861 6.478 6.041 5.547 5.055 4.615 4.223 3.878 3.578 3.322 3.104 2.918 2.757 2.616
0.000 0.000 0.000 0.000 0.000 0.000 0.001 0.004 0.008 0.016 0.029 0.049 0.078 0.117 0.168 0.233 0.317 0.425 0.566 0.750 0.935 1.058 1.122 1.150 1.161 1.162 1.157 1.140 1.104 1.042 0.949 0.820 0.654 0.500 0.392 0.334 0.317 0.326 0.402 0.680 1.485 3.248 5.934 8.005 9.073 9.452 9.528 9.521 9.473 9.374 9.256 9.129 8.978 8.797 8.583 8.336 8.117 7.929 7.752 7.565 7.350 7.098 6.809 6.481 6.118 5.720 5.281 4.841 4.437 4.075 3.756 3.480 3.245 3.043 2.871 2.723 2.593
0.000 0.000 0.000 0.000 0.000 0.000 0.001 0.003 0.007 0.013 0.025 0.043 0.071 0.110 0.162 0.227 0.311 0.419 0.561 0.747 0.969 1.147 1.246 1.288 1.301 1.303 1.297 1.277 1.235 1.167 1.066 0.927 0.747 0.567 0.434 0.356 0.327 0.330 0.395 0.658 1.444 3.233 6.066 8.322 9.415 9.715 9.729 9.662 9.538 9.384 9.219 9.048 8.854 8.635 8.391 8.119 7.868 7.643 7.426 7.200 6.952 6.676 6.372 6.044 5.698 5.337 4.952 4.568 4.210 3.886 3.600 3.353 3.141 2.961 2.807 2.673 2.555
0.000 0.000 0.000 0.000 0.000 0.000 0.000 0.001 0.004 0.008 0.017 0.032 0.056 0.092 0.141 0.206 0.289 0.395 0.535 0.722 0.960 1.194 1.348 1.412 1.428 1.429 1.422 1.400 1.354 1.282 1.177 1.034 0.848 0.642 0.483 0.381 0.336 0.331 0.381 0.610 1.343 3.111 6.015 8.420 9.581 9.856 9.829 9.714 9.544 9.354 9.139 8.917 8.681 8.432 8.162 7.871 7.592 7.331 7.074 6.803 6.515 6.204 5.878 5.548 5.220 4.895 4.568 4.247 3.944 3.665 3.416 3.202 3.020 2.863 2.727 2.608 2.504
0.000 0.000 0.000 0.000 0.000 0.000 0.000 0.001 0.002 0.004 0.008 0.017 0.032 0.058 0.099 0.157 0.231 0.328 0.456 0.634 0.883 1.177 1.398 1.507 1.533 1.533 1.525 1.502 1.456 1.384 1.279 1.137 0.952 0.732 0.543 0.414 0.349 0.334 0.362 0.539 1.176 2.841 5.758 8.340 9.609 9.906 9.857 9.709 9.503 9.265 8.999 8.728 8.458 8.184 7.898 7.596 7.291 6.995 6.698 6.391 6.072 5.734 5.390 5.059 4.744 4.444 4.160 3.896 3.649 3.418 3.210 3.029 2.876 2.743 2.627 2.527 2.437
0.000 0.000 0.000 0.000 0.000 0.000 0.000 0.000 0.001 0.002 0.003 0.007 0.014 0.026 0.049 0.084 0.134 0.204 0.303 0.455 0.698 1.053 1.378 1.555 1.609 1.612 1.603 1.581 1.538 1.471 1.372 1.237 1.059 0.837 0.622 0.465 0.374 0.344 0.355 0.473 0.969 2.431 5.251 8.029 9.480 9.872 9.826 9.643 9.388 9.087 8.769 8.465 8.176 7.889 7.597 7.293 6.974 6.653 6.334 6.007 5.668 5.312 4.962 4.634 4.328 4.045 3.788 3.555 3.345 3.157 2.988 2.841 2.715 2.604 2.509 2.425 2.350
0.000 0.000 0.000 0.000 0.000 0.000 0.000 0.000 0.000 0.001 0.001 0.002 0.005 0.010 0.018 0.033 0.056 0.089 0.141 0.234 0.427 0.793 1.255 1.545 1.650 1.663 1.657 1.637 1.601 1.542 1.456 1.334 1.171 0.959 0.726 0.542 0.423 0.371 0.369 0.444 0.799 1.981 4.537 7.436 9.074 9.620 9.631 9.454 9.159 8.797 8.430 8.107 7.816 7.534 7.253 6.962 6.650 6.324 5.995 5.657 5.302 4.938 4.591 4.267 3.969 3.697 3.455 3.242 3.056 2.894 2.755 2.637 2.534 2.444 2.367 2.303 2.248
0.000 0.000 0.000 0.000 0.000 0.000 0.000 0.000 0.000 0.000 0.000 0.001 0.002 0.003 0.006 0.011 0.019 0.032 0.053 0.096 0.208 0.488 1.000 1.453 1.651 1.689 1.687 1.674 1.646 1.601 1.531 1.430 1.288 1.097 0.861 0.653 0.508 0.432 0.415 0.460 0.713 1.606 3.718 6.566 8.344 9.054 9.161 9.048 8.765 8.378 7.963 7.623 7.357 7.113 6.864 6.599 6.313 6.006 5.679 5.338 4.974 4.608 4.265 3.948 3.656 3.391 3.156 2.951 2.778 2.634 2.513 2.414 2.330 2.260 2.206 2.164 2.132
0.000 0.000 0.000 0.000 0.000 0.000 0.000 0.000 0.000 0.000 0.000 0.000 0.001 0.001 0.002 0.003 0.006 0.010 0.018 0.036 0.088 0.255 0.669 1.234 1.582 1.692 1.699 1.693 1.677 1.647 1.597 1.519 1.406 1.246 1.031 0.807 0.642 0.544 0.510 0.530 0.708 1.362 2.967 5.476 7.319 8.176 8.383 8.342 8.136 7.786 7.349 6.982 6.735 6.559 6.387 6.193 5.961 5.687 5.376 5.039 4.676 4.312 3.975 3.663 3.378 3.117 2.883 2.680 2.511 2.373 2.261 2.171 2.103 2.055 2.025 2.007 1.998
0.000 0.000 0.000 0.000 0.000 0.000 0.000 0.000 0.000 0.000 0.000 0.000 0.000 0.001 0.001 0.001 0.002 0.003 0.006 0.013 0.036 0.118 0.368 0.883 1.396 1.640 1.699 1.702 1.697 1.682 1.652 1.597 1.512 1.387 1.215 1.005 0.831 0.719 0.671 0.672 0.784 1.253 2.441 4.424 6.127 7.023 7.311 7.328 7.231 6.985 6.591 6.171 5.909 5.805 5.751 5.680 5.559 5.352 5.071 4.747 4.396 4.043 3.712 3.405 3.122 2.863 2.630 2.426 2.253 2.113 2.001 1.915 1.858 1.829 1.820 1.821 1.820
0.000 0.000 0.000 0.000 0.000 0.000 0.000 0.000 0.000 0.000 0.000 0.000 0.000 0.000 0.000 0.001 0.001 0.001 0.003 0.006 0.016 0.053 0.181 0.520 1.065 1.488 1.662 1.703 1.711 1.709 1.695 1.660 1.598 1.503 1.367 1.196 1.051 0.952 0.899 0.888 0.943 1.256 2.105 3.620 5.073 5.863 6.143 6.186 6.157 6.027 5.766 5.394 5.087 4.961 4.968 5.016 5.031 4.942 4.732 4.445 4.120 3.788 3.470 3.165 2.880 2.621 2.388 2.183 2.005 1.856 1.738 1.651 1.596 1.569 1.557 1.541 1.493
0.000 0.000 0.000 0.000 0.000 0.000 0.000 0.000 0.000 0.000 0.000 0.000 0.000 0.000 0.000 0.001 0.001 0.001 0.002 0.004 0.009 0.026 0.083 0.265 0.675 1.203 1.545 1.680 1.720 1.730 1.727 1.708 1.666 1.592 1.482 1.339 1.221 1.145 1.108 1.099 1.128 1.320 1.898 3.014 4.228 4.921 5.189 5.254 5.252 5.194 5.043 4.784 4.474 4.273 4.220 4.268 4.358 4.384 4.295 4.097 3.829 3.534 3.235 2.935 2.645 2.383 2.150 1.944 1.762 1.603 1.474 1.375 1.298 1.232 1.156 1.058 0.929
0.000 0.000 0.000 0.000 0.000 0.000 0.000 0.000 0.000 0.000 0.000 0.000 0.000 0.000 0.000 0.000 0.001 0.001 0.002 0.004 0.007 0.016 0.042 0.126 0.360 0.820 1.310 1.589 1.706 1.744 1.751 1.743 1.714 1.654 1.561 1.438 1.335 1.270 1.239 1.233 1.247 1.362 1.747 2.541 3.542 4.166 4.433 4.517 4.531 4.510 4.427 4.260 4.009 3.765 3.624 3.586 3.627 3.680 3.690 3.614 3.443 3.208 2.942 2.662 2.381 2.124 1.896 1.694 1.509 1.338 1.186 1.048 0.913 0.778 0.652 0.535 0.425
0.000 0.000 0.000 0.000 0.000 0.000 0.000 0.000 0.000 0.000 0.000 0.000 0.000 0.000 0.000 0.000 0.001 0.002 0.003 0.004 0.007 0.013 0.027 0.066 0.184 0.466 0.939 1.375 1.623 1.733 1.764 1.765 1.744 1.693 1.610 1.499 1.405 1.342 1.308 1.297 1.302 1.366 1.610 2.149 2.946 3.535 3.819 3.921 3.945 3.938 3.893 3.784 3.600 3.369 3.170 3.039 2.967 2.933 2.922 2.906 2.828 2.671 2.454 2.205 1.959 1.730 1.522 1.332 1.152 0.970 0.791 0.628 0.493 0.384 0.296 0.223 0.167
0.000 0.000 0.000 0.000 0.000 0.000 0.000 0.000 0.000 0.000 0.000 0.000 0.000 0.000 0.000 0.001 0.001 0.003 0.004 0.006 0.009 0.014 0.024 0.047 0.106 0.260 0.567 1.016 1.419 1.652 1.752 1.772 1.757 1.710 1.631 1.528 1.441 1.378 1.336 1.316 1.313 1.341 1.469 1.804 2.391 2.957 3.273 3.407 3.445 3.445 3.418 3.341 3.199 3.001 2.783 2.589 2.425 2.288 2.174 2.077 1.985 1.867 1.699 1.494 1.296 1.115 0.947 0.792 0.644 0.506 0.386 0.287 0.210 0.153 0.113 0.083 0.062
0.000 0.000 0.000 0.000 0.000 0.000 0.000 0.000 0.000 0.000 0.000 0.000 0.000 0.000 0.000 0.001 0.002 0.004 0.007 0.009 0.013 0.018 0.027 0.044 0.081 0.165 0.345 0.663 1.096 1.469 1.676 1.753 1.754 1.712 1.635 1.536 1.453 1.391 1.344 1.314 1.293 1.282 1.319 1.491 1.875 2.385 2.748 2.930 2.993 2.999 2.979 2.916 2.797 2.624 2.405 2.172 1.950 1.746 1.558 1.390 1.239 1.094 0.946 0.795 0.659 0.540 0.437 0.347 0.268 0.200 0.145 0.103 0.073 0.054 0.041 0.031 0.023
0.000 0.000 0.000 0.000 0.000 0.000 0.000 0.000 0.000 0.000 0.000 0.000 0.000 0.000 0.000 0.001 0.003 0.006 0.010 0.014 0.019 0.026 0.034 0.049 0.078 0.135 0.245 0.451 0.783 1.196 1.513 1.672 1.714 1.692 1.625 1.534 1.454 1.392 1.340 1.294 1.240 1.178 1.152 1.206 1.415 1.802 2.205 2.449 2.552 2.570 2.553 2.497 2.393 2.232 2.014 1.751 1.486 1.245 1.034 0.854 0.701 0.571 0.459 0.363 0.283 0.217 0.165 0.123 0.090 0.065 0.046 0.034 0.025 0.020 0.015 0.012 0.010
0.000 0.000 0.000 0.000 0.000 0.000 0.000 0.000 0.000 0.000 0.000 0.000 0.000 0.000 0.000 0.002 0.004 0.007 0.012 0.019 0.026 0.036 0.047 0.062 0.087 0.133 0.215 0.355 0.588 0.929 1.285 1.518 1.612 1.618 1.581 1.514 1.442 1.379 1.319 1.252 1.163 1.046 0.969 0.960 1.038 1.248 1.585 1.887 2.052 2.106 2.103 2.061 1.962 1.793 1.548 1.254 0.980 0.762 0.591 0.452 0.343 0.260 0.197 0.149 0.110 0.080 0.057 0.041 0.029 0.021 0.016 0.012 0.010 0.008 0.007 0.005 0.005
0.000 0.000 0.000 0.000 0.000 0.000 0.000 0.000 0.000 0.000 0.000 0.000 0.000 0.000 0.000 0.002 0.004 0.008 0.013 0.022 0.032 0.045 0.060 0.079 0.105 0.144 0.211 0.320 0.490 0.741 1.054 1.308 1.449 1.489 1.483 1.452 1.401 1.341 1.275 1.193 1.086 0.944 0.821 0.759 0.756 0.826 0.992 1.215 1.386 1.476 1.498 1.475 1.379 1.194 0.934 0.688 0.507 0.371 0.269 0.193 0.140 0.104 0.077 0.057 0.041 0.029 0.020 0.014 0.010 0.008 0.006 0.005 0.004 0.004 0.003 0.003 0.003
0.000 0.000 0.000 0.000 0.000 0.000 0.000 0.000 0.000 0.000 0.000 0.000 0.000 0.000 0.000 0.001 0.004 0.008 0.014 0.023 0.035 0.050 0.068 0.091 0.120 0.160 0.218 0.307 0.440 0.626 0.868 1.088 1.241 1.316 1.338 1.336 1.314 1.270 1.206 1.121 1.010 0.867 0.718 0.613 0.558 0.546 0.585 0.669 0.748 0.793 0.804 0.788 0.721 0.593 0.425 0.292 0.200 0.136 0.094 0.066 0.049 0.037 0.028 0.021 0.015 0.010 0.007 0.005 0.004 0.003 0.003 0.003 0.002 0.002 0.002 0.002 0.002
0.000 0.000 0.000 0.000 0.000 0.000 0.000 0.000 0.000 0.000 0.000 0.000 0.000 0.000 0.000 0.001 0.003 0.007 0.014 0.024 0.037 0.053 0.073 0.096 0.126 0.166 0.221 0.298 0.405 0.546 0.723 0.894 1.026 1.115 1.162 1.178 1.178 1.157 1.109 1.033 0.930 0.797 0.643 0.517 0.430 0.375 0.349 0.344 0.350 0.350 0.344 0.328 0.291 0.226 0.149 0.096 0.062 0.041 0.028 0.021 0.016 0.012 0.010 0.007 0.005 0.004 0.003 0.002 0.002 0.002 0.002 0.002 0.001 0.001 0.001 0.001 0.001
0.000 0.000 0.000 0.000 0.000 0.000 0.000 0.000 0.000 0.000 0.000 0.000 0.000 0.000 0.000 0.001 0.003 0.006 0.013 0.024 0.038 0.054 0.074 0.098 0.128 0.167 0.219 0.286 0.371 0.478 0.604 0.723 0.823 0.904 0.963 0.996 1.008 1.005 0.979 0.925 0.839 0.724 0.581 0.449 0.347 0.273 0.220 0.185 0.160 0.142 0.128 0.114 0.095 0.070 0.045 0.028 0.018 0.011 0.008 0.006 0.005 0.004 0.003 0.002 0.002 0.002 0.001 0.001 0.001 0.001 0.001 0.001 0.001 0.001 0.001 0.001 0.001
0.000 0.000 0.000 0.000 0.000 0.000 0.000 0.000 0.000 0.000 0.000 0.000 0.000 0.000 0.000 0.001 0.002 0.005 0.012 0.023 0.037 0.054 0.074 0.098 0.127 0.164 0.211 0.267 0.335 0.414 0.499 0.574 0.639 0.697 0.751 0.794 0.819 0.827 0.821 0.791 0.732 0.642 0.521 0.390 0.285 0.205 0.147 0.106 0.079 0.061 0.049 0.039 0.029 0.020 0.013 0.008 0.005 0.003 0.002 0.002 0.001 0.001 0.001 0.001 0.001 0.001 0.001 0.001 0.001 0.001 0.001 0.001 0.001 0.001 0.001 0.001 0.001
0.000 0.000 0.000 0.000 0.000 0.000 0.000 0.000 0.000 0.000 0.000 0.000 0.000 0.000 0.000 0.001 0.002 0.004 0.010 0.021 0.035 0.053 0.073 0.096 0.123 0.157 0.197 0.243 0.294 0.350 0.402 0.446 0.482 0.512 0.542 0.574 0.604 0.626 0.634 0.627 0.599 0.541 0.450 0.332 0.228 0.152 0.099 0.064 0.042 0.028 0.019 0.013 0.009 0.006 0.003 0.002 0.001 0.001 0.001 0.001 0.000 0.000 0.000 0.000 0.000 0.000 0.000 0.001 0.001 0.001 0.001 0.001 0.001 0.001 0.001 0.001 0.001
0.000 0.000 0.000 0.000 0.000 0.000 0.000 0.000 0.000 0.000 0.000 0.000 0.000 0.000 0.000 0.000 0.001 0.003 0.008 0.017 0.031 0.049 0.068 0.090 0.116 0.144 0.177 0.213 0.250 0.285 0.314 0.336 0.351 0.359 0.363 0.369 0.381 0.398 0.411 0.418 0.416 0.397 0.347 0.262 0.170 0.104 0.063 0.038 0.022 0.013 0.008 0.005 0.003 0.002 0.001 0.001 0.001 0.000 0.000 0.000 0.000 0.000 0.000 0.000 0.000 0.000 0.000 0.000 0.000 0.001 0.001 0.001 0.001 0.001 0.001 0.001 0.001
0.000 0.000 0.000 0.000 0.000 0.000 0.000 0.000 0.000 0.000 0.000 0.000 0.000 0.000 0.000 0.000 0.001 0.002 0.005 0.012 0.024 0.040 0.059 0.080 0.103 0.127 0.152 0.178 0.201 0.220 0.233 0.241 0.243 0.238 0.225 0.214 0.211 0.215 0.221 0.224 0.225 0.221 0.205 0.165 0.107 0.064 0.037 0.021 0.012 0.006 0.003 0.002 0.001 0.001 0.000 0.000 0.000 0.000 0.000 0.000 0.000 0.000 0.000 0.000 0.000 0.000 0.000 0.000 0.000 0.000 0.000 0.000 0.000 0.000 0.001 0.001 0.001
0.000 0.000 0.000 0.000 0.000 0.000 0.000 0.000 0.000 0.000 0.000 0.000 0.000 0.000 0.000 0.000 0.000 0.001 0.003 0.006 0.013 0.025 0.042 0.063 0.084 0.104 0.123 0.138 0.149 0.157 0.160 0.161 0.157 0.147 0.128 0.110 0.101 0.098 0.098 0.098 0.099 0.099 0.095 0.081 0.056 0.033 0.019 0.011 0.006 0.003 0.002 0.001 0.000 0.000 0.000 0.000 0.000 0.000 0.000 0.000 0.000 0.000 0.000 0.000 0.000 0.000 0.000 0.000 0.000 0.000 0.001 0.000 0.000 0.000 0.000 0.001 0.001
