RESULTS/r.avaflow_results/22_results/22_ascii/22_hflow30049.asc
ncols 506
nrows 317
xllcenter 498237.50
yllcenter 5580050.00
cellsize 12.50
NODATA_value -9999.000
[rows 170 to 203 of 317, columns 231 to 307 of 506]
0.165 0.116 0.087 0.072 0.065 0.063 0.064 0.071 0.090 0.132 0.174 0.193 0.195 0.185 0.157 0.108 0.064 0.040 0.026 0.018 0.013 0.010 0.007 0.005 0.003 0.002 0.001 0.000 0.000 0.000 0.000 0.000 0.000 0.000 0.000 0.000 0.000 0.000 0.000 0.000 0.000 0.000 0.000 0.000 0.000 0.000 0.000 0.000 0.000 0.000 0.000 0.000 0.000 0.000 0.000 0.000 0.000 0.000 0.000 0.000 0.000 0.000 0.000 0.000 0.000 0.000 0.000 0.000 0.000 0.000 0.000 0.000 0.000 0.000 0.000 0.000 0.000
0.248 0.166 0.118 0.093 0.084 0.082 0.085 0.101 0.149 0.249 0.350 0.393 0.396 0.372 0.306 0.197 0.108 0.061 0.037 0.024 0.017 0.012 0.009 0.007 0.005 0.003 0.002 0.001 0.000 0.000 0.000 0.000 0.000 0.000 0.000 0.000 0.000 0.000 0.000 0.000 0.000 0.000 0.000 0.000 0.000 0.000 0.000 0.000 0.000 0.000 0.000 0.000 0.000 0.000 0.000 0.000 0.000 0.000 0.000 0.000 0.000 0.000 0.000 0.000 0.000 0.000 0.000 0.000 0.000 0.000 0.000 0.000 0.000 0.000 0.000 0.000 0.000
0.361 0.241 0.162 0.123 0.108 0.105 0.111 0.143 0.234 0.422 0.616 0.700 0.707 0.662 0.543 0.350 0.183 0.094 0.052 0.032 0.021 0.015 0.011 0.008 0.006 0.004 0.003 0.002 0.001 0.000 0.000 0.000 0.000 0.000 0.000 0.000 0.000 0.000 0.000 0.000 0.000 0.000 0.000 0.000 0.000 0.000 0.000 0.000 0.000 0.000 0.000 0.000 0.000 0.000 0.000 0.000 0.000 0.000 0.000 0.000 0.000 0.000 0.000 0.000 0.000 0.000 0.000 0.000 0.000 0.000 0.000 0.000 0.000 0.000 0.000 0.000 0.000
0.451 0.338 0.228 0.164 0.138 0.133 0.140 0.179 0.294 0.536 0.801 0.926 0.942 0.892 0.752 0.514 0.279 0.140 0.072 0.041 0.027 0.019 0.014 0.011 0.008 0.006 0.004 0.003 0.002 0.001 0.000 0.000 0.000 0.000 0.000 0.000 0.000 0.000 0.000 0.000 0.000 0.000 0.000 0.000 0.000 0.000 0.000 0.000 0.000 0.000 0.000 0.000 0.000 0.000 0.000 0.000 0.000 0.000 0.000 0.000 0.000 0.000 0.000 0.000 0.000 0.000 0.000 0.000 0.000 0.000 0.000 0.000 0.000 0.000 0.000 0.000 0.000
0.492 0.420 0.312 0.220 0.176 0.165 0.171 0.210 0.330 0.584 0.872 1.016 1.040 0.993 0.855 0.614 0.354 0.186 0.096 0.053 0.033 0.023 0.017 0.013 0.010 0.008 0.006 0.004 0.003 0.002 0.001 0.000 0.000 0.000 0.000 0.000 0.000 0.000 0.000 0.000 0.000 0.000 0.000 0.000 0.000 0.000 0.000 0.000 0.000 0.000 0.000 0.000 0.000 0.000 0.000 0.000 0.000 0.000 0.000 0.000 0.000 0.000 0.000 0.000 0.000 0.000 0.000 0.000 0.000 0.000 0.000 0.000 0.000 0.000 0.000 0.000 0.000
0.500 0.459 0.383 0.284 0.221 0.202 0.205 0.240 0.353 0.593 0.872 1.017 1.044 1.003 0.873 0.650 0.400 0.225 0.122 0.067 0.040 0.027 0.020 0.015 0.012 0.010 0.007 0.006 0.004 0.003 0.002 0.001 0.000 0.000 0.000 0.000 0.000 0.000 0.000 0.000 0.000 0.000 0.000 0.000 0.000 0.000 0.000 0.000 0.000 0.000 0.000 0.000 0.000 0.000 0.000 0.000 0.000 0.000 0.000 0.000 0.000 0.000 0.000 0.000 0.000 0.000 0.000 0.000 0.000 0.000 0.000 0.000 0.000 0.000 0.000 0.000 0.000
0.486 0.465 0.418 0.339 0.273 0.245 0.245 0.273 0.370 0.579 0.821 0.950 0.978 0.948 0.841 0.648 0.420 0.253 0.144 0.081 0.049 0.032 0.024 0.018 0.015 0.012 0.009 0.007 0.006 0.004 0.003 0.002 0.001 0.000 0.000 0.000 0.000 0.000 0.000 0.000 0.000 0.000 0.000 0.000 0.000 0.000 0.000 0.000 0.000 0.000 0.000 0.000 0.000 0.000 0.000 0.000 0.000 0.000 0.000 0.000 0.000 0.000 0.000 0.000 0.000 0.000 0.000 0.000 0.000 0.000 0.000 0.000 0.000 0.000 0.000 0.000 0.000
0.451 0.449 0.424 0.373 0.323 0.299 0.296 0.315 0.388 0.540 0.705 0.794 0.819 0.807 0.741 0.606 0.422 0.267 0.161 0.095 0.058 0.039 0.028 0.022 0.018 0.014 0.012 0.009 0.007 0.006 0.004 0.003 0.002 0.001 0.001 0.000 0.000 0.000 0.000 0.000 0.000 0.000 0.000 0.000 0.000 0.000 0.000 0.000 0.000 0.000 0.000 0.000 0.000 0.000 0.000 0.000 0.000 0.000 0.000 0.000 0.000 0.000 0.000 0.000 0.000 0.000 0.000 0.000 0.000 0.000 0.000 0.000 0.000 0.000 0.000 0.000 0.000
0.396 0.412 0.408 0.384 0.356 0.345 0.345 0.360 0.407 0.492 0.569 0.606 0.614 0.605 0.572 0.504 0.393 0.268 0.172 0.108 0.069 0.047 0.034 0.027 0.021 0.017 0.014 0.012 0.010 0.008 0.006 0.004 0.003 0.002 0.001 0.001 0.000 0.000 0.000 0.000 0.000 0.000 0.000 0.000 0.000 0.000 0.000 0.000 0.000 0.000 0.000 0.000 0.000 0.000 0.000 0.000 0.000 0.000 0.000 0.000 0.000 0.000 0.000 0.000 0.000 0.000 0.000 0.000 0.000 0.000 0.000 0.000 0.000 0.000 0.000 0.000 0.000
0.324 0.361 0.376 0.375 0.369 0.370 0.377 0.394 0.425 0.463 0.484 0.489 0.479 0.456 0.422 0.380 0.326 0.253 0.178 0.121 0.082 0.057 0.043 0.033 0.027 0.022 0.018 0.015 0.012 0.010 0.008 0.006 0.005 0.004 0.003 0.002 0.001 0.001 0.000 0.000 0.000 0.000 0.000 0.000 0.000 0.000 0.000 0.000 0.000 0.000 0.000 0.000 0.000 0.000 0.000 0.000 0.000 0.000 0.000 0.000 0.000 0.000 0.000 0.000 0.000 0.000 0.000 0.000 0.000 0.000 0.000 0.000 0.000 0.000 0.000 0.000 0.000
0.259 0.301 0.333 0.352 0.366 0.378 0.394 0.415 0.436 0.447 0.446 0.433 0.406 0.370 0.336 0.304 0.270 0.231 0.183 0.136 0.099 0.073 0.055 0.044 0.035 0.029 0.023 0.019 0.016 0.013 0.011 0.009 0.007 0.006 0.004 0.003 0.002 0.002 0.001 0.001 0.000 0.000 0.000 0.000 0.000 0.000 0.000 0.000 0.000 0.000 0.000 0.000 0.000 0.000 0.000 0.000 0.000 0.000 0.000 0.000 0.000 0.000 0.000 0.000 0.000 0.000 0.000 0.000 0.000 0.000 0.000 0.000 0.000 0.000 0.000 0.000 0.000
0.212 0.248 0.282 0.314 0.345 0.373 0.399 0.424 0.439 0.442 0.434 0.410 0.371 0.328 0.295 0.269 0.246 0.223 0.193 0.157 0.124 0.097 0.077 0.062 0.050 0.040 0.032 0.026 0.021 0.017 0.014 0.011 0.009 0.008 0.006 0.005 0.004 0.003 0.002 0.002 0.001 0.001 0.001 0.000 0.000 0.000 0.000 0.000 0.000 0.000 0.000 0.000 0.000 0.000 0.000 0.000 0.000 0.000 0.000 0.000 0.000 0.000 0.000 0.000 0.000 0.000 0.000 0.000 0.000 0.000 0.000 0.000 0.000 0.000 0.000 0.000 0.000
0.183 0.213 0.244 0.276 0.314 0.357 0.397 0.425 0.439 0.442 0.432 0.405 0.360 0.314 0.282 0.260 0.243 0.227 0.209 0.188 0.161 0.136 0.115 0.096 0.079 0.063 0.049 0.037 0.029 0.023 0.018 0.015 0.012 0.010 0.009 0.007 0.006 0.005 0.004 0.004 0.003 0.002 0.002 0.001 0.001 0.001 0.000 0.000 0.000 0.000 0.000 0.000 0.000 0.000 0.000 0.000 0.000 0.000 0.000 0.000 0.000 0.000 0.000 0.000 0.000 0.000 0.000 0.000 0.000 0.000 0.000 0.000 0.000 0.000 0.000 0.000 0.000
0.169 0.196 0.226 0.259 0.298 0.347 0.395 0.427 0.443 0.445 0.437 0.410 0.364 0.316 0.284 0.264 0.253 0.246 0.241 0.233 0.220 0.201 0.181 0.160 0.137 0.112 0.085 0.061 0.044 0.033 0.025 0.020 0.016 0.014 0.012 0.010 0.009 0.008 0.007 0.006 0.005 0.004 0.004 0.003 0.002 0.002 0.001 0.001 0.001 0.001 0.001 0.000 0.000 0.000 0.000 0.000 0.000 0.000 0.000 0.000 0.000 0.000 0.000 0.000 0.000 0.000 0.000 0.000 0.000 0.000 0.000 0.000 0.000 0.000 0.000 0.000 0.000
0.165 0.191 0.221 0.256 0.296 0.347 0.401 0.440 0.462 0.469 0.464 0.443 0.401 0.349 0.314 0.297 0.293 0.293 0.297 0.304 0.310 0.310 0.300 0.282 0.254 0.217 0.168 0.114 0.074 0.050 0.035 0.026 0.021 0.018 0.015 0.014 0.012 0.011 0.010 0.009 0.008 0.007 0.006 0.005 0.004 0.004 0.003 0.003 0.002 0.002 0.002 0.001 0.001 0.001 0.001 0.001 0.001 0.001 0.000 0.000 0.000 0.000 0.000 0.000 0.000 0.000 0.000 0.000 0.000 0.000 0.000 0.000 0.000 0.000 0.000 0.000 0.000
0.166 0.192 0.224 0.262 0.306 0.363 0.433 0.493 0.533 0.553 0.558 0.548 0.517 0.469 0.423 0.395 0.386 0.387 0.396 0.417 0.451 0.488 0.504 0.500 0.478 0.428 0.346 0.231 0.136 0.081 0.053 0.037 0.029 0.024 0.020 0.018 0.016 0.015 0.014 0.013 0.012 0.011 0.009 0.008 0.007 0.007 0.006 0.005 0.005 0.004 0.004 0.004 0.003 0.003 0.003 0.003 0.003 0.002 0.001 0.001 0.000 0.000 0.000 0.000 0.000 0.000 0.000 0.000 0.000 0.000 0.000 0.000 0.000 0.000 0.000 0.000 0.000
0.173 0.202 0.239 0.286 0.344 0.423 0.530 0.645 0.730 0.783 0.808 0.812 0.798 0.757 0.685 0.610 0.569 0.556 0.563 0.595 0.662 0.756 0.825 0.853 0.849 0.799 0.677 0.470 0.260 0.141 0.083 0.055 0.040 0.032 0.027 0.024 0.022 0.020 0.019 0.018 0.017 0.015 0.014 0.012 0.011 0.010 0.009 0.009 0.008 0.008 0.007 0.007 0.007 0.007 0.007 0.006 0.006 0.005 0.004 0.002 0.001 0.000 0.000 0.000 0.000 0.000 0.000 0.000 0.000 0.000 0.000 0.000 0.000 0.000 0.000 0.000 0.000
0.191 0.230 0.278 0.342 0.429 0.556 0.745 0.976 1.150 1.259 1.311 1.325 1.316 1.264 1.141 0.973 0.865 0.820 0.818 0.856 0.957 1.125 1.281 1.366 1.388 1.350 1.193 0.873 0.488 0.252 0.137 0.084 0.059 0.045 0.038 0.033 0.030 0.028 0.027 0.025 0.023 0.021 0.019 0.017 0.016 0.015 0.014 0.013 0.013 0.012 0.012 0.012 0.012 0.012 0.012 0.012 0.011 0.010 0.007 0.005 0.003 0.001 0.001 0.000 0.000 0.000 0.000 0.000 0.000 0.000 0.000 0.000 0.000 0.000 0.000 0.000 0.000
0.209 0.263 0.335 0.433 0.573 0.788 1.126 1.538 1.835 1.995 2.057 2.068 2.038 1.934 1.730 1.470 1.284 1.192 1.175 1.211 1.348 1.615 1.890 2.049 2.103 2.071 1.869 1.424 0.839 0.441 0.234 0.137 0.090 0.066 0.054 0.047 0.042 0.040 0.038 0.037 0.034 0.031 0.028 0.025 0.022 0.021 0.020 0.019 0.019 0.018 0.019 0.019 0.020 0.021 0.021 0.021 0.020 0.018 0.014 0.009 0.005 0.003 0.001 0.001 0.000 0.000 0.000 0.000 0.000 0.000 0.000 0.000 0.000 0.000 0.000 0.000 0.000
0.213 0.276 0.365 0.499 0.711 1.053 1.576 2.135 2.488 2.638 2.666 2.647 2.573 2.417 2.164 1.903 1.732 1.643 1.619 1.660 1.857 2.262 2.642 2.820 2.845 2.747 2.435 1.862 1.175 0.684 0.387 0.226 0.144 0.102 0.081 0.070 0.064 0.061 0.060 0.058 0.055 0.050 0.042 0.036 0.032 0.029 0.028 0.027 0.027 0.027 0.028 0.030 0.033 0.035 0.036 0.036 0.035 0.033 0.027 0.018 0.010 0.006 0.003 0.001 0.000 0.000 0.000 0.000 0.000 0.000 0.000 0.000 0.000 0.000 0.000 0.000 0.000
0.204 0.271 0.367 0.518 0.775 1.206 1.854 2.482 2.849 2.981 2.991 2.955 2.860 2.682 2.416 2.191 2.065 2.017 2.025 2.144 2.466 2.959 3.307 3.431 3.410 3.219 2.787 2.100 1.384 0.882 0.560 0.358 0.234 0.164 0.128 0.112 0.105 0.103 0.103 0.102 0.098 0.088 0.073 0.058 0.049 0.043 0.040 0.040 0.040 0.041 0.043 0.048 0.056 0.062 0.064 0.065 0.065 0.061 0.050 0.033 0.019 0.010 0.005 0.003 0.001 0.000 0.000 0.000 0.000 0.000 0.000 0.000 0.000 0.000 0.000 0.000 0.000
0.172 0.241 0.342 0.503 0.779 1.246 1.942 2.593 2.960 3.085 3.095 3.059 2.966 2.789 2.534 2.354 2.275 2.267 2.329 2.540 2.962 3.456 3.739 3.817 3.757 3.485 2.949 2.180 1.480 0.998 0.681 0.475 0.341 0.258 0.210 0.189 0.182 0.185 0.194 0.197 0.192 0.174 0.140 0.105 0.082 0.069 0.063 0.061 0.061 0.063 0.070 0.084 0.102 0.114 0.119 0.121 0.120 0.111 0.090 0.057 0.033 0.018 0.009 0.005 0.002 0.001 0.000 0.000 0.000 0.000 0.000 0.000 0.000 0.000 0.000 0.000 0.000
0.117 0.178 0.275 0.436 0.717 1.191 1.890 2.548 2.924 3.064 3.084 3.060 2.978 2.808 2.569 2.423 2.380 2.403 2.527 2.806 3.262 3.694 3.917 3.966 3.885 3.568 2.979 2.174 1.498 1.039 0.736 0.537 0.410 0.335 0.298 0.286 0.290 0.314 0.349 0.365 0.361 0.334 0.275 0.201 0.149 0.119 0.104 0.099 0.099 0.105 0.121 0.154 0.190 0.211 0.220 0.221 0.216 0.191 0.141 0.087 0.050 0.027 0.014 0.007 0.003 0.001 0.000 0.000 0.000 0.000 0.000 0.000 0.000 0.000 0.000 0.000 0.000
0.069 0.106 0.174 0.304 0.549 0.974 1.616 2.281 2.704 2.907 2.975 2.977 2.923 2.778 2.560 2.434 2.409 2.454 2.613 2.914 3.352 3.715 3.898 3.933 3.840 3.506 2.879 2.065 1.441 1.021 0.738 0.550 0.434 0.372 0.347 0.344 0.361 0.411 0.476 0.508 0.511 0.490 0.432 0.342 0.262 0.209 0.180 0.169 0.170 0.182 0.218 0.281 0.333 0.361 0.369 0.363 0.331 0.262 0.174 0.104 0.059 0.032 0.016 0.008 0.003 0.001 0.000 0.000 0.000 0.000 0.000 0.000 0.000 0.000 0.000 0.000 0.000
0.042 0.060 0.094 0.163 0.307 0.592 1.077 1.701 2.218 2.534 2.693 2.747 2.735 2.648 2.488 2.399 2.389 2.447 2.606 2.887 3.231 3.468 3.567 3.570 3.445 3.088 2.459 1.730 1.218 0.890 0.670 0.521 0.426 0.376 0.360 0.362 0.388 0.451 0.528 0.569 0.577 0.562 0.515 0.436 0.359 0.308 0.281 0.272 0.275 0.300 0.358 0.424 0.464 0.480 0.480 0.459 0.399 0.294 0.186 0.110 0.062 0.033 0.017 0.008 0.003 0.001 0.000 0.000 0.000 0.000 0.000 0.000 0.000 0.000 0.000 0.000 0.000
0.028 0.037 0.052 0.082 0.145 0.276 0.525 0.935 1.439 1.882 2.168 2.310 2.357 2.343 2.279 2.243 2.255 2.317 2.441 2.602 2.731 2.768 2.734 2.657 2.478 2.131 1.601 1.097 0.783 0.602 0.491 0.417 0.369 0.346 0.343 0.353 0.386 0.452 0.529 0.573 0.583 0.572 0.534 0.468 0.403 0.364 0.347 0.345 0.356 0.392 0.452 0.498 0.520 0.525 0.519 0.489 0.417 0.298 0.185 0.109 0.061 0.032 0.017 0.008 0.003 0.001 0.000 0.000 0.000 0.000 0.000 0.000 0.000 0.000 0.000 0.000 0.000
0.020 0.025 0.032 0.046 0.071 0.122 0.223 0.410 0.699 1.056 1.381 1.610 1.746 1.820 1.857 1.878 1.906 1.941 1.968 1.922 1.789 1.635 1.495 1.371 1.225 1.013 0.727 0.497 0.366 0.299 0.266 0.252 0.251 0.261 0.279 0.304 0.345 0.411 0.482 0.523 0.536 0.532 0.509 0.459 0.408 0.381 0.374 0.376 0.393 0.430 0.479 0.509 0.520 0.521 0.510 0.477 0.403 0.283 0.172 0.100 0.056 0.030 0.016 0.008 0.003 0.001 0.000 0.000 0.000 0.000 0.000 0.000 0.000 0.000 0.000 0.000 0.000
0.015 0.018 0.022 0.029 0.040 0.059 0.096 0.165 0.285 0.469 0.684 0.870 1.010 1.122 1.209 1.263 1.282 1.264 1.183 1.028 0.857 0.732 0.641 0.564 0.486 0.394 0.283 0.202 0.158 0.139 0.132 0.133 0.139 0.153 0.176 0.209 0.252 0.310 0.363 0.396 0.412 0.418 0.414 0.397 0.377 0.370 0.371 0.378 0.396 0.428 0.459 0.473 0.473 0.465 0.447 0.411 0.342 0.234 0.140 0.081 0.046 0.025 0.013 0.007 0.003 0.001 0.000 0.000 0.000 0.000 0.000 0.000 0.000 0.000 0.000 0.000 0.000
0.011 0.013 0.016 0.020 0.025 0.034 0.048 0.073 0.114 0.185 0.289 0.402 0.499 0.578 0.633 0.659 0.659 0.630 0.559 0.449 0.353 0.294 0.254 0.222 0.190 0.154 0.117 0.090 0.076 0.072 0.071 0.073 0.078 0.086 0.100 0.120 0.147 0.180 0.207 0.226 0.237 0.247 0.258 0.272 0.292 0.315 0.333 0.347 0.362 0.376 0.380 0.371 0.353 0.332 0.307 0.275 0.224 0.151 0.090 0.053 0.031 0.018 0.010 0.005 0.002 0.001 0.000 0.000 0.000 0.000 0.000 0.000 0.000 0.000 0.000 0.000 0.000
0.008 0.010 0.012 0.014 0.018 0.022 0.029 0.038 0.054 0.080 0.121 0.176 0.228 0.270 0.296 0.305 0.301 0.281 0.242 0.187 0.148 0.125 0.110 0.098 0.086 0.072 0.059 0.050 0.045 0.044 0.044 0.045 0.048 0.053 0.060 0.069 0.082 0.098 0.110 0.118 0.125 0.132 0.140 0.154 0.179 0.215 0.244 0.259 0.264 0.257 0.239 0.216 0.195 0.178 0.161 0.144 0.119 0.083 0.053 0.032 0.020 0.011 0.006 0.003 0.001 0.000 0.000 0.000 0.000 0.000 0.000 0.000 0.000 0.000 0.000 0.000 0.000
0.005 0.007 0.009 0.011 0.013 0.016 0.019 0.024 0.031 0.041 0.058 0.083 0.108 0.127 0.138 0.140 0.138 0.128 0.110 0.087 0.072 0.063 0.057 0.052 0.048 0.042 0.037 0.033 0.031 0.031 0.031 0.032 0.033 0.035 0.039 0.043 0.050 0.056 0.061 0.066 0.069 0.073 0.079 0.087 0.102 0.124 0.139 0.144 0.143 0.137 0.126 0.113 0.103 0.093 0.085 0.076 0.065 0.047 0.031 0.020 0.012 0.007 0.004 0.002 0.001 0.000 0.000 0.000 0.000 0.000 0.000 0.000 0.000 0.000 0.000 0.000 0.000
0.004 0.005 0.006 0.008 0.009 0.011 0.014 0.017 0.020 0.026 0.033 0.044 0.056 0.065 0.069 0.070 0.069 0.065 0.057 0.048 0.041 0.038 0.036 0.034 0.032 0.029 0.026 0.024 0.024 0.023 0.023 0.024 0.024 0.025 0.027 0.029 0.032 0.035 0.038 0.040 0.043 0.045 0.048 0.053 0.061 0.070 0.075 0.075 0.075 0.073 0.069 0.064 0.059 0.054 0.049 0.044 0.037 0.028 0.019 0.012 0.008 0.004 0.002 0.001 0.000 0.000 0.000 0.000 0.000 0.000 0.000 0.000 0.000 0.000 0.000 0.000 0.000
0.002 0.003 0.004 0.005 0.007 0.008 0.010 0.012 0.014 0.018 0.022 0.027 0.033 0.037 0.038 0.039 0.038 0.037 0.034 0.030 0.027 0.026 0.025 0.024 0.023 0.021 0.020 0.019 0.018 0.018 0.018 0.018 0.018 0.019 0.020 0.021 0.022 0.024 0.025 0.027 0.028 0.030 0.032 0.035 0.039 0.042 0.043 0.043 0.043 0.043 0.041 0.039 0.037 0.034 0.031 0.027 0.023 0.017 0.011 0.007 0.004 0.002 0.001 0.000 0.000 0.000 0.000 0.000 0.000 0.000 0.000 0.000 0.000 0.000 0.000 0.000 0.000
0.001 0.002 0.002 0.003 0.004 0.006 0.007 0.009 0.010 0.013 0.015 0.019 0.021 0.023 0.024 0.024 0.024 0.024 0.022 0.021 0.019 0.019 0.018 0.017 0.017 0.016 0.015 0.014 0.014 0.014 0.013 0.013 0.014 0.014 0.014 0.015 0.016 0.017 0.018 0.019 0.020 0.021 0.022 0.024 0.026 0.027 0.028 0.028 0.028 0.027 0.027 0.026 0.024 0.023 0.020 0.017 0.014 0.010 0.007 0.004 0.002 0.001 0.001 0.000 0.000 0.000 0.000 0.000 0.000 0.000 0.000 0.000 0.000 0.000 0.000 0.000 0.000
