RESULTS/r.avaflow_results/22_results/22_ascii/22_hflow10054.asc
ncols 506
nrows 317
xllcenter 498237.50
yllcenter 5580050.00
cellsize 12.50
NODATA_value -9999.000
[rows 170 to 203 of 317, columns 154 to 230 of 506]
2.193 2.012 1.849 1.703 1.571 1.447 1.330 1.216 1.107 1.000 0.899 0.803 0.712 0.627 0.546 0.470 0.399 0.331 0.268 0.210 0.162 0.123 0.093 0.070 0.053 0.041 0.033 0.028 0.026 0.026 0.026 0.026 0.026 0.025 0.025 0.026 0.026 0.026 0.026 0.025 0.024 0.022 0.021 0.019 0.018 0.016 0.013 0.011 0.009 0.008 0.006 0.005 0.004 0.004 0.003 0.003 0.003 0.003 0.003 0.003 0.003 0.003 0.003 0.003 0.003 0.003 0.003 0.004 0.005 0.006 0.008 0.009 0.009 0.008 0.007 0.005 0.003
2.353 2.194 2.044 1.900 1.762 1.627 1.497 1.370 1.248 1.131 1.019 0.913 0.815 0.724 0.639 0.559 0.484 0.412 0.344 0.281 0.222 0.170 0.128 0.095 0.072 0.054 0.042 0.034 0.030 0.029 0.029 0.029 0.029 0.028 0.028 0.027 0.027 0.027 0.026 0.025 0.024 0.022 0.020 0.018 0.016 0.014 0.011 0.008 0.006 0.004 0.003 0.003 0.002 0.002 0.002 0.002 0.002 0.002 0.002 0.003 0.003 0.002 0.002 0.002 0.002 0.002 0.002 0.003 0.003 0.005 0.006 0.008 0.008 0.008 0.008 0.007 0.005
2.470 2.325 2.182 2.036 1.891 1.749 1.613 1.481 1.355 1.235 1.119 1.009 0.905 0.808 0.716 0.629 0.548 0.472 0.401 0.335 0.274 0.218 0.169 0.128 0.096 0.071 0.054 0.041 0.034 0.031 0.030 0.029 0.029 0.029 0.028 0.027 0.027 0.026 0.025 0.024 0.021 0.019 0.016 0.014 0.012 0.009 0.006 0.004 0.003 0.002 0.002 0.002 0.002 0.002 0.002 0.002 0.002 0.002 0.002 0.002 0.002 0.002 0.002 0.002 0.002 0.002 0.002 0.002 0.002 0.003 0.005 0.007 0.008 0.008 0.008 0.007 0.007
2.542 2.404 2.266 2.122 1.979 1.841 1.708 1.580 1.455 1.334 1.215 1.102 0.992 0.887 0.787 0.693 0.604 0.522 0.446 0.376 0.312 0.254 0.202 0.157 0.119 0.088 0.065 0.048 0.037 0.032 0.030 0.029 0.028 0.028 0.027 0.026 0.024 0.023 0.022 0.019 0.016 0.013 0.010 0.008 0.006 0.004 0.003 0.002 0.002 0.001 0.001 0.001 0.001 0.001 0.001 0.001 0.002 0.002 0.002 0.002 0.002 0.002 0.002 0.001 0.001 0.001 0.001 0.002 0.002 0.002 0.003 0.005 0.007 0.008 0.008 0.008 0.007
2.573 2.440 2.308 2.173 2.041 1.914 1.788 1.665 1.543 1.424 1.305 1.190 1.076 0.963 0.854 0.750 0.653 0.563 0.481 0.407 0.340 0.280 0.225 0.177 0.135 0.100 0.074 0.054 0.040 0.032 0.029 0.027 0.026 0.025 0.023 0.022 0.020 0.018 0.016 0.012 0.009 0.007 0.005 0.004 0.003 0.002 0.002 0.001 0.001 0.001 0.001 0.001 0.001 0.001 0.001 0.001 0.002 0.002 0.002 0.002 0.002 0.001 0.001 0.001 0.001 0.001 0.001 0.001 0.001 0.002 0.002 0.003 0.005 0.007 0.007 0.008 0.007
2.577 2.450 2.327 2.206 2.087 1.970 1.852 1.736 1.620 1.504 1.387 1.271 1.153 1.032 0.912 0.798 0.692 0.594 0.507 0.429 0.359 0.296 0.240 0.189 0.145 0.108 0.079 0.057 0.042 0.032 0.027 0.023 0.021 0.019 0.017 0.015 0.013 0.011 0.009 0.006 0.005 0.003 0.003 0.002 0.002 0.001 0.001 0.001 0.001 0.001 0.001 0.001 0.001 0.001 0.001 0.001 0.002 0.002 0.002 0.002 0.001 0.001 0.001 0.001 0.001 0.001 0.001 0.001 0.001 0.001 0.002 0.002 0.004 0.006 0.007 0.007 0.007
2.576 2.450 2.334 2.224 2.116 2.009 1.901 1.792 1.683 1.573 1.459 1.342 1.220 1.092 0.959 0.834 0.720 0.616 0.524 0.442 0.370 0.305 0.247 0.196 0.150 0.111 0.081 0.058 0.042 0.032 0.024 0.019 0.015 0.012 0.010 0.008 0.007 0.006 0.004 0.003 0.002 0.002 0.002 0.001 0.001 0.001 0.001 0.001 0.001 0.001 0.001 0.001 0.001 0.001 0.001 0.001 0.002 0.002 0.002 0.002 0.001 0.001 0.001 0.001 0.001 0.001 0.001 0.001 0.001 0.001 0.001 0.002 0.003 0.004 0.006 0.006 0.007
2.565 2.444 2.334 2.232 2.134 2.036 1.937 1.836 1.734 1.631 1.521 1.404 1.277 1.141 0.996 0.860 0.738 0.628 0.532 0.448 0.375 0.309 0.251 0.198 0.152 0.112 0.081 0.058 0.041 0.030 0.021 0.015 0.010 0.007 0.005 0.004 0.003 0.003 0.002 0.002 0.002 0.001 0.001 0.001 0.001 0.001 0.001 0.001 0.001 0.001 0.001 0.001 0.001 0.001 0.001 0.002 0.002 0.002 0.002 0.002 0.001 0.001 0.001 0.001 0.001 0.001 0.001 0.001 0.001 0.001 0.001 0.001 0.002 0.003 0.004 0.005 0.006
2.542 2.429 2.327 2.232 2.142 2.055 1.966 1.874 1.780 1.682 1.576 1.458 1.326 1.179 1.021 0.875 0.747 0.633 0.534 0.449 0.375 0.310 0.251 0.197 0.149 0.109 0.077 0.053 0.037 0.025 0.016 0.010 0.006 0.004 0.003 0.002 0.002 0.002 0.001 0.001 0.001 0.001 0.001 0.001 0.001 0.001 0.001 0.001 0.001 0.001 0.001 0.001 0.001 0.002 0.002 0.002 0.002 0.002 0.002 0.002 0.001 0.001 0.001 0.001 0.001 0.001 0.001 0.001 0.001 0.001 0.001 0.001 0.002 0.002 0.003 0.004 0.005
2.508 2.406 2.313 2.227 2.145 2.067 1.989 1.908 1.823 1.731 1.627 1.506 1.368 1.209 1.039 0.885 0.750 0.633 0.533 0.447 0.372 0.305 0.245 0.189 0.139 0.097 0.065 0.042 0.027 0.016 0.009 0.005 0.003 0.002 0.002 0.001 0.001 0.001 0.001 0.001 0.001 0.001 0.001 0.001 0.001 0.001 0.001 0.001 0.001 0.001 0.002 0.002 0.002 0.002 0.002 0.002 0.002 0.002 0.002 0.002 0.001 0.001 0.001 0.001 0.001 0.001 0.001 0.001 0.001 0.001 0.001 0.001 0.001 0.002 0.002 0.003 0.004
2.461 2.370 2.288 2.212 2.141 2.074 2.009 1.939 1.863 1.775 1.671 1.547 1.401 1.230 1.052 0.892 0.752 0.632 0.528 0.437 0.358 0.287 0.222 0.164 0.114 0.073 0.044 0.024 0.013 0.008 0.005 0.003 0.002 0.001 0.001 0.001 0.001 0.001 0.001 0.001 0.001 0.001 0.001 0.001 0.001 0.001 0.001 0.001 0.001 0.002 0.002 0.002 0.003 0.003 0.003 0.003 0.003 0.002 0.002 0.002 0.002 0.001 0.001 0.001 0.001 0.001 0.001 0.001 0.001 0.001 0.001 0.001 0.001 0.001 0.002 0.002 0.003
2.397 2.318 2.250 2.188 2.131 2.077 2.024 1.967 1.899 1.813 1.706 1.575 1.421 1.242 1.059 0.896 0.752 0.626 0.515 0.416 0.326 0.245 0.174 0.116 0.071 0.040 0.021 0.010 0.006 0.003 0.002 0.002 0.001 0.001 0.001 0.001 0.001 0.001 0.001 0.001 0.001 0.001 0.001 0.001 0.001 0.001 0.001 0.001 0.002 0.002 0.003 0.003 0.004 0.004 0.004 0.004 0.003 0.003 0.003 0.002 0.002 0.001 0.001 0.001 0.001 0.001 0.001 0.001 0.001 0.001 0.001 0.001 0.001 0.001 0.001 0.002 0.002
2.317 2.253 2.200 2.154 2.113 2.075 2.034 1.986 1.922 1.835 1.724 1.588 1.428 1.245 1.061 0.896 0.747 0.610 0.483 0.366 0.259 0.167 0.098 0.055 0.030 0.016 0.008 0.004 0.002 0.002 0.001 0.001 0.001 0.001 0.001 0.001 0.001 0.001 0.001 0.001 0.001 0.001 0.001 0.001 0.001 0.001 0.002 0.002 0.002 0.003 0.004 0.005 0.005 0.005 0.005 0.005 0.005 0.004 0.003 0.003 0.002 0.002 0.001 0.001 0.001 0.001 0.001 0.000 0.000 0.000 0.001 0.001 0.001 0.001 0.001 0.002 0.002
2.224 2.177 2.139 2.110 2.087 2.064 2.034 1.991 1.929 1.840 1.725 1.581 1.414 1.227 1.041 0.869 0.704 0.545 0.394 0.257 0.147 0.075 0.037 0.019 0.010 0.005 0.003 0.002 0.001 0.001 0.001 0.001 0.001 0.001 0.001 0.001 0.001 0.001 0.001 0.001 0.001 0.001 0.001 0.001 0.002 0.002 0.002 0.003 0.003 0.004 0.006 0.007 0.007 0.008 0.008 0.007 0.006 0.005 0.004 0.003 0.002 0.002 0.001 0.001 0.001 0.001 0.001 0.000 0.000 0.000 0.000 0.000 0.001 0.001 0.001 0.001 0.002
2.121 2.090 2.064 2.041 2.021 2.000 1.974 1.933 1.874 1.785 1.659 1.499 1.313 1.114 0.922 0.736 0.552 0.375 0.221 0.113 0.052 0.023 0.011 0.006 0.003 0.002 0.001 0.001 0.001 0.001 0.001 0.001 0.001 0.001 0.001 0.001 0.001 0.001 0.001 0.001 0.001 0.001 0.002 0.002 0.002 0.002 0.003 0.004 0.005 0.007 0.009 0.011 0.011 0.012 0.012 0.011 0.009 0.007 0.005 0.004 0.003 0.002 0.002 0.001 0.001 0.001 0.001 0.000 0.000 0.000 0.000 0.000 0.000 0.001 0.001 0.001 0.001
2.001 1.978 1.940 1.884 1.822 1.769 1.724 1.677 1.621 1.538 1.410 1.236 1.025 0.807 0.609 0.432 0.275 0.153 0.074 0.032 0.014 0.006 0.004 0.002 0.002 0.001 0.001 0.001 0.001 0.001 0.001 0.001 0.001 0.001 0.001 0.001 0.001 0.001 0.002 0.002 0.002 0.002 0.002 0.002 0.003 0.003 0.004 0.006 0.009 0.013 0.016 0.018 0.019 0.019 0.018 0.016 0.012 0.009 0.007 0.005 0.004 0.003 0.002 0.001 0.001 0.001 0.001 0.000 0.000 0.000 0.000 0.000 0.000 0.000 0.001 0.001 0.001
1.805 1.737 1.632 1.493 1.352 1.237 1.154 1.091 1.034 0.965 0.861 0.711 0.523 0.357 0.237 0.149 0.084 0.042 0.018 0.008 0.004 0.002 0.002 0.001 0.001 0.001 0.001 0.001 0.001 0.001 0.001 0.001 0.001 0.001 0.002 0.002 0.002 0.002 0.002 0.002 0.002 0.003 0.003 0.004 0.004 0.006 0.008 0.011 0.017 0.024 0.029 0.031 0.032 0.031 0.027 0.021 0.016 0.012 0.009 0.007 0.005 0.003 0.002 0.002 0.001 0.001 0.001 0.000 0.000 0.000 0.000 0.000 0.000 0.000 0.000 0.001 0.001
1.394 1.222 1.031 0.839 0.684 0.577 0.503 0.452 0.411 0.371 0.321 0.254 0.172 0.106 0.065 0.038 0.021 0.010 0.005 0.003 0.002 0.001 0.001 0.001 0.001 0.001 0.001 0.001 0.001 0.001 0.001 0.002 0.002 0.002 0.002 0.002 0.002 0.003 0.003 0.003 0.004 0.004 0.005 0.006 0.008 0.011 0.016 0.025 0.036 0.045 0.051 0.053 0.050 0.042 0.033 0.025 0.019 0.014 0.010 0.008 0.005 0.004 0.003 0.002 0.001 0.001 0.001 0.000 0.000 0.000 0.000 0.000 0.000 0.000 0.000 0.000 0.001
0.777 0.607 0.470 0.361 0.278 0.217 0.176 0.148 0.127 0.109 0.091 0.069 0.045 0.027 0.017 0.010 0.006 0.003 0.002 0.002 0.001 0.001 0.001 0.001 0.001 0.001 0.001 0.002 0.002 0.002 0.002 0.002 0.002 0.003 0.003 0.003 0.004 0.004 0.005 0.006 0.007 0.009 0.011 0.014 0.018 0.025 0.038 0.055 0.071 0.080 0.083 0.076 0.061 0.047 0.036 0.027 0.021 0.016 0.011 0.008 0.006 0.004 0.003 0.002 0.001 0.001 0.001 0.000 0.000 0.000 0.000 0.000 0.000 0.000 0.000 0.000 0.000
0.335 0.250 0.188 0.141 0.105 0.078 0.059 0.047 0.039 0.032 0.025 0.019 0.012 0.008 0.005 0.004 0.002 0.002 0.002 0.001 0.001 0.001 0.001 0.001 0.002 0.002 0.002 0.002 0.002 0.003 0.003 0.003 0.004 0.005 0.005 0.006 0.008 0.009 0.011 0.014 0.017 0.021 0.026 0.033 0.044 0.062 0.087 0.110 0.121 0.120 0.107 0.086 0.065 0.049 0.037 0.028 0.022 0.016 0.012 0.008 0.006 0.004 0.003 0.002 0.001 0.001 0.001 0.000 0.000 0.000 0.000 0.000 0.000 0.000 0.000 0.000 0.000
0.129 0.096 0.071 0.053 0.038 0.028 0.020 0.016 0.012 0.010 0.008 0.006 0.004 0.003 0.002 0.002 0.002 0.002 0.002 0.001 0.001 0.002 0.002 0.002 0.002 0.002 0.003 0.003 0.004 0.005 0.006 0.007 0.008 0.010 0.012 0.015 0.018 0.023 0.029 0.035 0.044 0.054 0.066 0.082 0.103 0.131 0.157 0.168 0.164 0.146 0.116 0.088 0.066 0.050 0.038 0.029 0.022 0.016 0.012 0.008 0.006 0.004 0.003 0.002 0.001 0.001 0.001 0.000 0.000 0.000 0.000 0.000 0.000 0.000 0.000 0.000 0.000
0.048 0.036 0.027 0.020 0.014 0.010 0.008 0.006 0.005 0.004 0.003 0.003 0.002 0.002 0.002 0.002 0.002 0.002 0.002 0.002 0.002 0.002 0.002 0.003 0.003 0.004 0.005 0.006 0.008 0.010 0.013 0.016 0.020 0.025 0.031 0.039 0.049 0.062 0.077 0.092 0.108 0.126 0.144 0.163 0.181 0.198 0.206 0.203 0.185 0.153 0.117 0.088 0.067 0.051 0.039 0.029 0.022 0.016 0.012 0.008 0.006 0.004 0.003 0.002 0.001 0.001 0.001 0.000 0.000 0.000 0.000 0.000 0.000 0.000 0.000 0.000 0.000
0.019 0.014 0.011 0.008 0.006 0.005 0.004 0.003 0.003 0.002 0.002 0.002 0.002 0.002 0.002 0.002 0.002 0.002 0.002 0.002 0.002 0.003 0.003 0.004 0.006 0.008 0.010 0.014 0.020 0.026 0.034 0.043 0.055 0.069 0.084 0.103 0.127 0.153 0.177 0.195 0.206 0.211 0.215 0.220 0.226 0.230 0.228 0.215 0.190 0.154 0.117 0.088 0.067 0.051 0.039 0.030 0.022 0.017 0.012 0.008 0.006 0.004 0.003 0.002 0.001 0.001 0.000 0.000 0.000 0.000 0.000 0.000 0.000 0.000 0.000 0.000 0.000
0.008 0.006 0.005 0.004 0.003 0.003 0.002 0.002 0.002 0.002 0.002 0.002 0.002 0.002 0.002 0.002 0.002 0.002 0.002 0.003 0.003 0.004 0.006 0.009 0.013 0.019 0.027 0.040 0.055 0.073 0.094 0.119 0.147 0.177 0.207 0.239 0.271 0.293 0.298 0.288 0.270 0.255 0.246 0.242 0.241 0.238 0.232 0.217 0.191 0.154 0.117 0.088 0.067 0.051 0.039 0.029 0.022 0.016 0.011 0.008 0.005 0.004 0.002 0.002 0.001 0.001 0.000 0.000 0.000 0.000 0.000 0.000 0.000 0.000 0.000 0.000 0.000
0.004 0.003 0.003 0.002 0.002 0.002 0.002 0.002 0.002 0.002 0.002 0.002 0.002 0.002 0.002 0.002 0.002 0.002 0.003 0.004 0.006 0.008 0.013 0.021 0.033 0.052 0.079 0.115 0.154 0.195 0.238 0.285 0.331 0.369 0.397 0.412 0.412 0.396 0.366 0.327 0.291 0.265 0.250 0.244 0.240 0.235 0.227 0.211 0.185 0.148 0.112 0.084 0.063 0.047 0.036 0.027 0.020 0.014 0.009 0.006 0.004 0.003 0.002 0.001 0.001 0.000 0.000 0.000 0.000 0.000 0.000 0.000 0.000 0.000 0.000 0.000 0.000
0.002 0.002 0.002 0.002 0.002 0.002 0.002 0.002 0.002 0.002 0.002 0.002 0.002 0.002 0.002 0.002 0.003 0.003 0.005 0.007 0.012 0.020 0.034 0.057 0.094 0.148 0.219 0.294 0.364 0.424 0.473 0.509 0.530 0.539 0.533 0.515 0.482 0.438 0.384 0.334 0.293 0.264 0.246 0.234 0.224 0.213 0.199 0.181 0.155 0.122 0.092 0.069 0.052 0.038 0.028 0.020 0.014 0.009 0.006 0.004 0.002 0.001 0.001 0.001 0.000 0.000 0.000 0.000 0.000 0.000 0.000 0.000 0.000 0.000 0.000 0.000 0.000
0.002 0.001 0.001 0.001 0.001 0.002 0.002 0.002 0.002 0.002 0.002 0.002 0.002 0.002 0.003 0.003 0.004 0.006 0.010 0.017 0.030 0.053 0.094 0.157 0.247 0.360 0.473 0.558 0.609 0.636 0.648 0.648 0.636 0.616 0.587 0.548 0.500 0.444 0.385 0.332 0.289 0.255 0.227 0.203 0.181 0.160 0.138 0.117 0.095 0.073 0.055 0.042 0.031 0.023 0.016 0.011 0.007 0.004 0.003 0.002 0.001 0.001 0.000 0.000 0.000 0.000 0.000 0.000 0.000 0.000 0.000 0.000 0.000 0.000 0.000 0.000 0.000
0.001 0.001 0.001 0.001 0.001 0.002 0.002 0.002 0.002 0.002 0.002 0.002 0.003 0.003 0.004 0.005 0.007 0.012 0.022 0.042 0.077 0.137 0.229 0.357 0.494 0.610 0.687 0.729 0.743 0.740 0.726 0.702 0.670 0.633 0.594 0.551 0.501 0.443 0.381 0.325 0.274 0.228 0.185 0.145 0.112 0.087 0.068 0.054 0.042 0.032 0.025 0.019 0.015 0.011 0.008 0.005 0.003 0.002 0.001 0.001 0.000 0.000 0.000 0.000 0.000 0.000 0.000 0.000 0.000 0.000 0.000 0.000 0.000 0.000 0.000 0.000 0.000
0.001 0.001 0.001 0.001 0.001 0.002 0.002 0.002 0.002 0.003 0.003 0.003 0.004 0.004 0.006 0.009 0.015 0.028 0.054 0.100 0.177 0.288 0.423 0.559 0.670 0.745 0.782 0.792 0.789 0.776 0.753 0.718 0.676 0.634 0.593 0.549 0.498 0.436 0.365 0.295 0.230 0.170 0.118 0.080 0.055 0.039 0.029 0.022 0.017 0.014 0.011 0.009 0.007 0.005 0.003 0.002 0.001 0.001 0.000 0.000 0.000 0.000 0.000 0.000 0.000 0.000 0.000 0.000 0.000 0.000 0.000 0.000 0.000 0.000 0.000 0.000 0.000
0.001 0.001 0.001 0.001 0.002 0.002 0.002 0.003 0.003 0.004 0.004 0.005 0.005 0.007 0.010 0.017 0.033 0.063 0.115 0.196 0.306 0.430 0.552 0.656 0.735 0.784 0.803 0.807 0.803 0.790 0.762 0.722 0.675 0.628 0.580 0.528 0.467 0.393 0.308 0.225 0.152 0.097 0.060 0.038 0.024 0.017 0.012 0.009 0.007 0.006 0.005 0.004 0.003 0.002 0.001 0.001 0.000 0.000 0.000 0.000 0.000 0.000 0.000 0.000 0.000 0.000 0.000 0.000 0.000 0.000 0.000 0.000 0.000 0.000 0.000 0.000 0.000
0.001 0.001 0.001 0.002 0.002 0.003 0.004 0.004 0.005 0.006 0.007 0.008 0.009 0.012 0.018 0.032 0.059 0.106 0.177 0.274 0.390 0.501 0.598 0.681 0.745 0.786 0.806 0.812 0.809 0.794 0.763 0.715 0.655 0.585 0.514 0.443 0.367 0.282 0.196 0.125 0.076 0.045 0.027 0.017 0.011 0.007 0.005 0.004 0.003 0.002 0.002 0.002 0.001 0.001 0.000 0.000 0.000 0.000 0.000 0.000 0.000 0.000 0.000 0.000 0.000 0.000 0.000 0.000 0.000 0.000 0.000 0.000 0.000 0.000 0.000 0.000 0.000
0.001 0.001 0.002 0.003 0.004 0.005 0.006 0.008 0.009 0.010 0.011 0.013 0.015 0.018 0.026 0.042 0.075 0.131 0.211 0.313 0.424 0.521 0.607 0.682 0.742 0.781 0.801 0.805 0.799 0.778 0.734 0.666 0.576 0.469 0.367 0.277 0.199 0.136 0.088 0.054 0.032 0.019 0.012 0.007 0.005 0.003 0.002 0.002 0.001 0.001 0.001 0.000 0.000 0.000 0.000 0.000 0.000 0.000 0.000 0.000 0.000 0.000 0.000 0.000 0.000 0.000 0.000 0.000 0.000 0.000 0.000 0.000 0.000 0.000 0.000 0.000 0.000
0.001 0.002 0.003 0.005 0.007 0.009 0.012 0.014 0.016 0.017 0.018 0.019 0.020 0.022 0.029 0.046 0.081 0.139 0.220 0.322 0.430 0.522 0.601 0.665 0.710 0.732 0.737 0.729 0.708 0.672 0.613 0.528 0.411 0.283 0.186 0.122 0.079 0.051 0.033 0.020 0.013 0.008 0.005 0.003 0.002 0.001 0.001 0.001 0.001 0.000 0.000 0.000 0.000 0.000 0.000 0.000 0.000 0.000 0.000 0.000 0.000 0.000 0.000 0.000 0.000 0.000 0.000 0.000 0.000 0.000 0.000 0.000 0.000 0.000 0.000 0.000 0.000
0.002 0.003 0.005 0.009 0.013 0.017 0.021 0.023 0.024 0.025 0.023 0.022 0.022 0.023 0.030 0.046 0.080 0.137 0.215 0.315 0.414 0.494 0.552 0.584 0.595 0.581 0.552 0.516 0.476 0.428 0.370 0.296 0.206 0.128 0.076 0.045 0.028 0.018 0.011 0.007 0.005 0.003 0.002 0.001 0.001 0.001 0.000 0.000 0.000 0.000 0.000 0.000 0.000 0.000 0.000 0.000 0.000 0.000 0.000 0.000 0.000 0.000 0.000 0.000 0.000 0.000 0.000 0.000 0.000 0.000 0.000 0.000 0.000 0.000 0.000 0.000 0.000
