RESULTS/r.avaflow_results/22_results/22_ascii/22_hflow10012.asc
ncols 506
nrows 317
xllcenter 498237.50
yllcenter 5580050.00
cellsize 12.50
NODATA_value -9999.000
[rows 170 to 203 of 317, columns 77 to 153 of 506]
0.000 0.000 0.000 0.000 0.000 0.000 0.000 0.000 0.000 0.000 0.000 0.000 0.000 0.000 0.000 0.000 0.000 0.000 0.001 0.002 0.004 0.011 0.030 0.074 0.157 0.282 0.393 0.465 0.507 0.524 0.527 0.522 0.498 0.468 0.462 0.478 0.536 0.651 0.821 1.039 1.307 1.640 2.056 2.584 3.223 3.739 4.063 4.222 4.256 4.229 4.290 4.577 5.133 5.910 6.679 7.341 8.081 9.075 10.096 10.777 11.117 11.201 11.152 10.855 10.171 9.059 7.557 6.076 4.854 3.843 2.990 2.288 1.724 1.300 0.991 0.765 0.600
0.000 0.000 0.000 0.000 0.000 0.000 0.000 0.000 0.000 0.000 0.000 0.000 0.000 0.000 0.000 0.000 0.000 0.001 0.003 0.006 0.014 0.032 0.071 0.146 0.264 0.421 0.560 0.654 0.709 0.731 0.734 0.723 0.685 0.650 0.649 0.687 0.787 0.960 1.194 1.486 1.842 2.283 2.832 3.526 4.345 5.021 5.468 5.710 5.812 5.877 6.045 6.345 6.766 7.283 7.776 8.290 8.973 9.937 10.933 11.564 11.840 11.884 11.773 11.380 10.577 9.314 7.735 6.328 5.188 4.242 3.443 2.774 2.227 1.794 1.457 1.198 0.999
0.000 0.000 0.000 0.000 0.000 0.000 0.000 0.000 0.000 0.000 0.000 0.000 0.000 0.000 0.000 0.000 0.001 0.003 0.008 0.017 0.034 0.071 0.140 0.249 0.398 0.587 0.767 0.893 0.965 0.992 0.996 0.979 0.921 0.873 0.876 0.924 1.044 1.248 1.532 1.900 2.371 2.966 3.701 4.604 5.565 6.344 6.882 7.195 7.375 7.507 7.660 7.818 8.011 8.234 8.488 8.854 9.448 10.336 11.310 11.903 12.149 12.178 12.037 11.595 10.728 9.390 7.800 6.464 5.417 4.580 3.907 3.361 2.903 2.501 2.150 1.863 1.631
0.000 0.000 0.000 0.000 0.000 0.000 0.000 0.000 0.000 0.000 0.000 0.000 0.000 0.000 0.000 0.001 0.002 0.007 0.015 0.031 0.061 0.114 0.202 0.332 0.513 0.758 1.011 1.182 1.276 1.311 1.314 1.287 1.202 1.106 1.087 1.120 1.228 1.443 1.767 2.209 2.795 3.545 4.461 5.547 6.598 7.448 8.047 8.408 8.620 8.768 8.877 8.918 8.902 8.881 8.949 9.157 9.622 10.427 11.395 11.986 12.217 12.239 12.090 11.634 10.732 9.363 7.789 6.510 5.538 4.789 4.213 3.770 3.427 3.129 2.870 2.655 2.463
0.000 0.000 0.000 0.000 0.000 0.000 0.000 0.000 0.000 0.000 0.000 0.000 0.000 0.000 0.000 0.001 0.004 0.009 0.021 0.041 0.077 0.138 0.236 0.383 0.595 0.893 1.236 1.479 1.612 1.661 1.665 1.632 1.514 1.331 1.252 1.260 1.342 1.546 1.905 2.419 3.109 3.996 5.077 6.309 7.422 8.315 8.945 9.341 9.565 9.680 9.724 9.687 9.491 9.252 9.180 9.268 9.635 10.393 11.357 11.947 12.174 12.195 12.034 11.563 10.640 9.249 7.722 6.502 5.568 4.868 4.344 3.966 3.704 3.513 3.364 3.233 3.098
0.000 0.000 0.000 0.000 0.000 0.000 0.000 0.000 0.000 0.000 0.000 0.000 0.000 0.000 0.000 0.001 0.004 0.010 0.023 0.045 0.084 0.149 0.253 0.413 0.651 0.989 1.411 1.728 1.907 1.976 1.983 1.949 1.819 1.557 1.376 1.347 1.400 1.580 1.954 2.536 3.316 4.313 5.546 6.882 8.040 8.956 9.600 9.997 10.211 10.297 10.295 10.183 9.837 9.406 9.232 9.257 9.533 10.198 11.140 11.732 11.949 11.964 11.802 11.305 10.371 8.993 7.551 6.415 5.530 4.860 4.362 4.019 3.801 3.676 3.604 3.538 3.445
0.000 0.000 0.000 0.000 0.000 0.000 0.000 0.000 0.000 0.000 0.000 0.000 0.000 0.000 0.000 0.001 0.004 0.011 0.024 0.047 0.086 0.153 0.261 0.429 0.684 1.053 1.537 1.930 2.160 2.256 2.272 2.238 2.098 1.787 1.491 1.398 1.421 1.576 1.947 2.567 3.419 4.513 5.876 7.284 8.460 9.380 10.032 10.410 10.602 10.667 10.643 10.462 10.011 9.434 9.158 9.118 9.262 9.770 10.638 11.230 11.445 11.453 11.279 10.763 9.826 8.486 7.175 6.154 5.366 4.763 4.311 3.998 3.803 3.699 3.650 3.625 3.587
0.000 0.000 0.000 0.000 0.000 0.000 0.000 0.000 0.000 0.000 0.000 0.000 0.000 0.000 0.000 0.001 0.004 0.011 0.024 0.047 0.087 0.154 0.263 0.436 0.700 1.089 1.620 2.094 2.382 2.513 2.541 2.512 2.367 2.027 1.619 1.439 1.425 1.537 1.876 2.512 3.435 4.623 6.093 7.530 8.718 9.640 10.274 10.651 10.820 10.862 10.822 10.591 10.070 9.348 8.899 8.752 8.786 9.104 9.823 10.407 10.613 10.617 10.429 9.894 8.953 7.672 6.539 5.667 4.995 4.489 4.120 3.869 3.718 3.644 3.619 3.626 3.654
0.000 0.000 0.000 0.000 0.000 0.000 0.000 0.000 0.000 0.000 0.000 0.000 0.000 0.000 0.000 0.001 0.004 0.011 0.023 0.046 0.086 0.153 0.262 0.436 0.706 1.106 1.671 2.229 2.587 2.759 2.805 2.782 2.639 2.282 1.771 1.483 1.402 1.446 1.701 2.311 3.320 4.656 6.212 7.666 8.865 9.784 10.409 10.769 10.914 10.939 10.875 10.623 10.058 9.160 8.440 8.132 8.092 8.242 8.764 9.287 9.469 9.461 9.241 8.663 7.687 6.511 5.573 4.876 4.359 3.986 3.724 3.561 3.481 3.459 3.489 3.567 3.674
0.000 0.000 0.000 0.000 0.000 0.000 0.000 0.000 0.000 0.000 0.000 0.000 0.000 0.000 0.000 0.001 0.004 0.010 0.022 0.044 0.083 0.148 0.257 0.432 0.704 1.112 1.698 2.342 2.782 3.005 3.071 3.055 2.919 2.550 1.955 1.540 1.363 1.338 1.457 1.937 2.966 4.519 6.244 7.741 8.958 9.855 10.456 10.796 10.933 10.951 10.881 10.611 10.000 8.970 7.979 7.453 7.307 7.360 7.667 8.004 8.106 8.054 7.752 7.072 6.024 5.001 4.267 3.761 3.423 3.208 3.082 3.026 3.030 3.085 3.204 3.394 3.614
0.000 0.000 0.000 0.000 0.000 0.000 0.000 0.000 0.000 0.000 0.000 0.000 0.000 0.000 0.000 0.001 0.003 0.008 0.019 0.039 0.075 0.139 0.245 0.419 0.692 1.106 1.709 2.445 2.976 3.259 3.349 3.343 3.212 2.831 2.175 1.624 1.354 1.272 1.292 1.540 2.392 4.060 6.135 7.777 9.036 9.912 10.472 10.788 10.911 10.924 10.831 10.521 9.882 8.823 7.658 6.921 6.609 6.568 6.689 6.820 6.814 6.629 6.152 5.333 4.318 3.504 2.945 2.583 2.369 2.266 2.239 2.264 2.348 2.506 2.741 3.050 3.373
0.000 0.000 0.000 0.000 0.000 0.000 0.000 0.000 0.000 0.000 0.000 0.000 0.000 0.000 0.000 0.000 0.002 0.005 0.013 0.029 0.061 0.121 0.224 0.393 0.664 1.086 1.713 2.541 3.184 3.536 3.660 3.661 3.532 3.146 2.441 1.759 1.391 1.251 1.231 1.318 1.808 3.238 5.631 7.732 9.096 9.964 10.457 10.727 10.819 10.819 10.692 10.336 9.672 8.645 7.403 6.494 5.993 5.809 5.777 5.753 5.642 5.322 4.721 3.852 2.990 2.366 1.951 1.696 1.559 1.508 1.503 1.535 1.634 1.828 2.132 2.533 2.936
0.000 0.000 0.000 0.000 0.000 0.000 0.000 0.000 0.000 0.000 0.000 0.000 0.000 0.000 0.000 0.000 0.001 0.002 0.006 0.015 0.038 0.090 0.187 0.352 0.621 1.052 1.716 2.641 3.426 3.864 4.026 4.036 3.913 3.523 2.776 1.975 1.502 1.290 1.238 1.267 1.488 2.375 4.543 7.362 9.124 10.005 10.411 10.575 10.622 10.594 10.411 10.005 9.314 8.346 7.147 6.116 5.437 5.077 4.907 4.760 4.531 4.118 3.482 2.680 2.010 1.544 1.245 1.070 0.982 0.954 0.955 0.988 1.080 1.253 1.523 1.905 2.347
0.000 0.000 0.000 0.000 0.000 0.000 0.000 0.000 0.000 0.000 0.000 0.000 0.000 0.000 0.000 0.000 0.000 0.001 0.002 0.006 0.017 0.051 0.133 0.292 0.561 1.006 1.720 2.769 3.731 4.276 4.489 4.514 4.402 4.008 3.211 2.301 1.730 1.439 1.337 1.333 1.447 1.915 3.357 6.231 8.800 9.944 10.308 10.360 10.337 10.217 9.942 9.436 8.708 7.795 6.756 5.708 4.892 4.373 4.072 3.818 3.494 3.040 2.445 1.802 1.310 0.975 0.761 0.635 0.569 0.545 0.544 0.565 0.632 0.766 0.988 1.306 1.714
0.000 0.000 0.000 0.000 0.000 0.000 0.000 0.000 0.000 0.000 0.000 0.000 0.000 0.000 0.000 0.000 0.000 0.000 0.001 0.002 0.006 0.021 0.073 0.206 0.474 0.946 1.738 2.961 4.151 4.826 5.102 5.150 5.053 4.652 3.786 2.760 2.114 1.768 1.619 1.585 1.627 1.899 2.729 4.716 7.500 9.277 9.883 9.952 9.873 9.634 9.202 8.512 7.712 6.875 6.008 5.079 4.258 3.654 3.255 2.925 2.560 2.126 1.626 1.165 0.821 0.582 0.420 0.319 0.265 0.243 0.238 0.244 0.277 0.358 0.512 0.757 1.101
0.000 0.000 0.000 0.000 0.000 0.000 0.000 0.000 0.000 0.000 0.000 0.000 0.000 0.000 0.000 0.000 0.000 0.000 0.000 0.001 0.002 0.007 0.029 0.105 0.327 0.818 1.704 3.120 4.607 5.447 5.754 5.795 5.685 5.279 4.427 3.385 2.705 2.341 2.179 2.137 2.150 2.291 2.762 3.801 5.629 7.605 8.700 8.980 8.931 8.600 7.926 6.981 6.091 5.357 4.695 4.008 3.361 2.836 2.439 2.101 1.759 1.387 1.015 0.707 0.471 0.300 0.184 0.117 0.087 0.076 0.073 0.074 0.082 0.112 0.182 0.317 0.537
0.000 0.000 0.000 0.000 0.000 0.000 0.000 0.000 0.000 0.000 0.000 0.000 0.000 0.000 0.000 0.000 0.000 0.000 0.000 0.001 0.001 0.003 0.012 0.045 0.155 0.518 1.414 3.004 4.828 5.866 6.190 6.194 6.033 5.626 4.909 4.079 3.513 3.201 3.079 3.060 3.088 3.175 3.316 3.635 4.384 5.578 6.531 6.913 6.866 6.432 5.548 4.454 3.612 3.074 2.722 2.421 2.123 1.849 1.612 1.374 1.101 0.816 0.569 0.370 0.220 0.117 0.059 0.035 0.028 0.027 0.027 0.029 0.031 0.038 0.054 0.094 0.174
0.000 0.000 0.000 0.000 0.000 0.000 0.000 0.000 0.000 0.000 0.000 0.000 0.000 0.000 0.000 0.000 0.000 0.000 0.000 0.001 0.001 0.004 0.012 0.036 0.102 0.281 0.822 2.220 4.371 5.882 6.350 6.324 6.111 5.727 5.173 4.601 4.232 4.058 4.009 4.003 3.988 3.930 3.807 3.711 3.796 4.041 4.106 3.820 3.346 2.815 2.257 1.734 1.379 1.186 1.102 1.057 1.022 0.966 0.888 0.769 0.590 0.404 0.259 0.149 0.075 0.037 0.023 0.021 0.020 0.021 0.022 0.024 0.027 0.032 0.037 0.044 0.055
0.000 0.000 0.000 0.000 0.000 0.000 0.000 0.000 0.000 0.000 0.000 0.000 0.000 0.000 0.000 0.000 0.000 0.000 0.001 0.001 0.003 0.008 0.022 0.055 0.128 0.286 0.583 1.218 2.747 4.743 5.911 6.145 5.977 5.674 5.258 4.891 4.695 4.611 4.580 4.539 4.430 4.211 3.908 3.616 3.305 2.867 2.197 1.472 0.916 0.623 0.476 0.377 0.313 0.287 0.291 0.315 0.359 0.384 0.379 0.339 0.248 0.152 0.086 0.045 0.025 0.019 0.019 0.019 0.019 0.019 0.020 0.023 0.027 0.032 0.037 0.040 0.042
0.000 0.000 0.000 0.000 0.000 0.000 0.000 0.000 0.000 0.000 0.000 0.000 0.000 0.000 0.000 0.000 0.001 0.001 0.001 0.002 0.007 0.021 0.053 0.118 0.243 0.471 0.726 0.948 1.374 2.446 3.819 4.811 5.189 5.249 5.101 4.921 4.816 4.745 4.675 4.577 4.379 4.045 3.588 3.048 2.391 1.600 0.849 0.399 0.192 0.114 0.078 0.058 0.048 0.045 0.047 0.057 0.082 0.104 0.111 0.105 0.073 0.039 0.023 0.018 0.017 0.017 0.017 0.017 0.018 0.018 0.020 0.023 0.027 0.033 0.037 0.040 0.041
0.000 0.000 0.000 0.000 0.000 0.000 0.000 0.000 0.000 0.000 0.000 0.000 0.000 0.000 0.001 0.001 0.001 0.001 0.002 0.006 0.017 0.047 0.113 0.240 0.464 0.725 0.891 0.961 0.987 1.053 1.383 2.080 2.916 3.657 4.038 4.135 4.091 3.961 3.765 3.522 3.185 2.730 2.152 1.515 0.948 0.540 0.293 0.168 0.099 0.060 0.038 0.025 0.017 0.012 0.010 0.010 0.014 0.020 0.022 0.022 0.017 0.012 0.013 0.015 0.016 0.017 0.017 0.016 0.017 0.017 0.019 0.022 0.027 0.033 0.038 0.041 0.042
0.000 0.000 0.000 0.000 0.000 0.000 0.000 0.000 0.000 0.000 0.000 0.001 0.001 0.001 0.002 0.002 0.002 0.003 0.005 0.012 0.035 0.095 0.221 0.443 0.687 0.852 0.922 0.931 0.862 0.644 0.482 0.533 0.828 1.332 1.701 1.817 1.792 1.667 1.467 1.242 1.020 0.807 0.585 0.403 0.288 0.224 0.180 0.130 0.080 0.050 0.032 0.021 0.014 0.009 0.007 0.005 0.005 0.006 0.006 0.006 0.007 0.009 0.012 0.015 0.016 0.016 0.016 0.016 0.016 0.017 0.019 0.023 0.028 0.034 0.038 0.041 0.042
0.000 0.000 0.000 0.000 0.000 0.000 0.000 0.000 0.000 0.001 0.001 0.001 0.002 0.002 0.002 0.003 0.003 0.004 0.008 0.022 0.067 0.180 0.410 0.662 0.812 0.881 0.892 0.823 0.626 0.396 0.276 0.253 0.287 0.449 0.583 0.603 0.593 0.561 0.489 0.376 0.287 0.238 0.210 0.194 0.185 0.176 0.155 0.112 0.067 0.042 0.028 0.019 0.012 0.008 0.006 0.005 0.004 0.004 0.005 0.005 0.007 0.009 0.013 0.015 0.016 0.016 0.016 0.016 0.016 0.017 0.019 0.023 0.030 0.035 0.039 0.040 0.041
0.000 0.000 0.000 0.000 0.000 0.000 0.001 0.001 0.001 0.001 0.002 0.002 0.002 0.003 0.003 0.003 0.004 0.005 0.013 0.039 0.120 0.329 0.619 0.791 0.851 0.854 0.777 0.568 0.350 0.237 0.203 0.207 0.255 0.363 0.429 0.440 0.437 0.413 0.347 0.255 0.201 0.180 0.173 0.173 0.171 0.163 0.139 0.094 0.056 0.035 0.024 0.016 0.011 0.007 0.005 0.005 0.004 0.004 0.004 0.005 0.007 0.010 0.013 0.015 0.016 0.016 0.015 0.015 0.015 0.017 0.020 0.024 0.031 0.037 0.040 0.041 0.041
0.000 0.000 0.000 0.000 0.001 0.001 0.001 0.001 0.002 0.002 0.002 0.002 0.003 0.003 0.003 0.003 0.004 0.007 0.020 0.066 0.203 0.499 0.746 0.829 0.835 0.756 0.541 0.326 0.222 0.184 0.179 0.197 0.260 0.362 0.406 0.413 0.406 0.372 0.294 0.216 0.180 0.169 0.167 0.168 0.166 0.153 0.123 0.078 0.046 0.030 0.020 0.014 0.009 0.007 0.005 0.004 0.004 0.004 0.004 0.005 0.007 0.010 0.013 0.015 0.015 0.015 0.015 0.015 0.015 0.017 0.021 0.026 0.032 0.038 0.041 0.042 0.042
0.000 0.000 0.000 0.001 0.001 0.002 0.002 0.002 0.002 0.002 0.003 0.003 0.003 0.003 0.003 0.003 0.004 0.010 0.033 0.112 0.326 0.624 0.775 0.808 0.747 0.538 0.319 0.217 0.179 0.169 0.173 0.200 0.279 0.362 0.389 0.392 0.380 0.334 0.249 0.190 0.168 0.163 0.163 0.163 0.159 0.144 0.110 0.066 0.040 0.026 0.018 0.013 0.009 0.006 0.005 0.004 0.004 0.004 0.004 0.005 0.007 0.010 0.013 0.014 0.015 0.015 0.015 0.015 0.016 0.018 0.023 0.029 0.035 0.040 0.044 0.045 0.046
0.000 0.001 0.001 0.001 0.002 0.002 0.003 0.003 0.003 0.003 0.003 0.003 0.003 0.003 0.003 0.003 0.005 0.015 0.056 0.187 0.450 0.662 0.733 0.704 0.527 0.316 0.216 0.177 0.164 0.163 0.174 0.211 0.299 0.366 0.380 0.379 0.358 0.297 0.215 0.174 0.160 0.158 0.160 0.160 0.154 0.136 0.098 0.058 0.036 0.024 0.017 0.012 0.008 0.006 0.004 0.004 0.004 0.004 0.004 0.005 0.007 0.011 0.013 0.014 0.015 0.015 0.015 0.015 0.017 0.020 0.025 0.032 0.038 0.043 0.047 0.049 0.050
0.001 0.001 0.002 0.002 0.003 0.003 0.003 0.003 0.003 0.003 0.003 0.003 0.003 0.003 0.003 0.003 0.007 0.027 0.098 0.281 0.510 0.612 0.612 0.497 0.319 0.219 0.178 0.162 0.158 0.160 0.177 0.227 0.314 0.366 0.377 0.371 0.338 0.262 0.188 0.159 0.153 0.154 0.157 0.157 0.152 0.130 0.089 0.052 0.033 0.022 0.015 0.011 0.008 0.005 0.004 0.004 0.003 0.004 0.004 0.005 0.008 0.011 0.013 0.014 0.014 0.014 0.015 0.016 0.018 0.022 0.028 0.036 0.043 0.048 0.053 0.056 0.057
0.002 0.002 0.002 0.003 0.003 0.004 0.004 0.004 0.003 0.003 0.003 0.003 0.003 0.003 0.003 0.004 0.012 0.047 0.159 0.356 0.487 0.510 0.455 0.326 0.230 0.186 0.164 0.155 0.154 0.159 0.183 0.247 0.325 0.358 0.365 0.355 0.312 0.229 0.169 0.149 0.146 0.151 0.155 0.154 0.146 0.122 0.080 0.047 0.030 0.020 0.014 0.010 0.007 0.005 0.004 0.004 0.003 0.004 0.004 0.006 0.008 0.011 0.013 0.014 0.014 0.015 0.015 0.017 0.019 0.025 0.033 0.042 0.049 0.056 0.061 0.064 0.064
0.003 0.003 0.003 0.004 0.004 0.004 0.004 0.004 0.004 0.003 0.003 0.003 0.003 0.003 0.004 0.007 0.022 0.079 0.224 0.379 0.427 0.416 0.346 0.244 0.194 0.169 0.156 0.150 0.150 0.161 0.191 0.261 0.326 0.344 0.345 0.333 0.281 0.198 0.153 0.140 0.140 0.147 0.152 0.151 0.141 0.113 0.070 0.042 0.027 0.019 0.014 0.010 0.007 0.005 0.004 0.004 0.003 0.004 0.004 0.006 0.009 0.012 0.013 0.014 0.015 0.015 0.016 0.018 0.022 0.029 0.039 0.049 0.059 0.066 0.071 0.072 0.070
0.004 0.005 0.005 0.005 0.006 0.005 0.005 0.004 0.004 0.004 0.003 0.003 0.004 0.004 0.006 0.012 0.039 0.120 0.266 0.349 0.362 0.343 0.270 0.205 0.175 0.159 0.150 0.147 0.149 0.163 0.201 0.273 0.324 0.337 0.335 0.313 0.249 0.175 0.142 0.134 0.137 0.145 0.150 0.148 0.136 0.105 0.064 0.038 0.025 0.018 0.013 0.009 0.007 0.005 0.004 0.003 0.003 0.004 0.004 0.006 0.010 0.013 0.014 0.015 0.016 0.017 0.018 0.021 0.026 0.035 0.048 0.060 0.069 0.075 0.078 0.077 0.073
0.007 0.007 0.007 0.007 0.007 0.006 0.005 0.005 0.004 0.004 0.004 0.005 0.005 0.007 0.011 0.023 0.060 0.158 0.278 0.319 0.320 0.287 0.220 0.180 0.161 0.150 0.145 0.145 0.149 0.166 0.207 0.282 0.323 0.330 0.325 0.292 0.217 0.154 0.131 0.127 0.131 0.143 0.147 0.145 0.132 0.099 0.058 0.035 0.023 0.016 0.012 0.009 0.006 0.005 0.004 0.003 0.003 0.004 0.005 0.007 0.011 0.013 0.015 0.016 0.017 0.018 0.020 0.023 0.030 0.042 0.058 0.071 0.078 0.081 0.081 0.078 0.072
0.010 0.010 0.010 0.009 0.008 0.007 0.006 0.005 0.005 0.005 0.006 0.007 0.009 0.011 0.016 0.031 0.076 0.183 0.270 0.292 0.285 0.239 0.188 0.163 0.149 0.142 0.141 0.142 0.149 0.169 0.214 0.285 0.319 0.324 0.315 0.274 0.192 0.140 0.123 0.121 0.127 0.140 0.144 0.142 0.128 0.093 0.054 0.033 0.022 0.016 0.012 0.008 0.006 0.004 0.004 0.003 0.003 0.004 0.005 0.007 0.011 0.014 0.016 0.017 0.018 0.020 0.023 0.028 0.037 0.053 0.068 0.079 0.083 0.084 0.081 0.075 0.062
0.013 0.013 0.012 0.010 0.008 0.007 0.006 0.006 0.006 0.007 0.008 0.009 0.010 0.013 0.019 0.037 0.091 0.199 0.258 0.268 0.250 0.201 0.167 0.150 0.141 0.137 0.137 0.139 0.148 0.170 0.222 0.287 0.314 0.319 0.307 0.253 0.169 0.128 0.117 0.117 0.125 0.139 0.142 0.139 0.123 0.087 0.050 0.031 0.021 0.015 0.011 0.008 0.006 0.004 0.004 0.003 0.003 0.004 0.005 0.008 0.012 0.015 0.017 0.018 0.020 0.022 0.027 0.034 0.048 0.065 0.076 0.082 0.085 0.084 0.077 0.060 0.038
