RESULTS/r.avaflow_results/22_results/22_ascii/22_hflow10006.asc
ncols 506
nrows 317
xllcenter 498237.50
yllcenter 5580050.00
cellsize 12.50
NODATA_value -9999.000
[rows 170 to 203 of 317, columns 77 to 153 of 506]
0.000 0.000 0.000 0.000 0.000 0.000 0.000 0.000 0.000 0.000 0.000 0.000 0.000 0.000 0.000 0.000 0.000 0.000 0.000 0.000 0.000 0.000 0.000 0.000 0.000 0.000 0.000 0.000 0.000 0.001 0.001 0.001 0.001 0.001 0.001 0.001 0.002 0.003 0.004 0.006 0.007 0.009 0.012 0.015 0.020 0.031 0.044 0.052 0.052 0.048 0.036 0.018 0.006 0.002 0.001 0.001 0.003 0.005 0.008 0.013 0.017 0.019 0.020 0.021 0.020 0.019 0.016 0.012 0.009 0.007 0.005 0.003 0.002 0.002 0.001 0.001 0.001
0.000 0.000 0.000 0.000 0.000 0.000 0.000 0.000 0.000 0.000 0.000 0.000 0.000 0.000 0.000 0.000 0.000 0.000 0.000 0.000 0.000 0.000 0.000 0.000 0.000 0.000 0.002 0.003 0.003 0.004 0.004 0.004 0.004 0.004 0.004 0.005 0.007 0.010 0.014 0.019 0.024 0.030 0.037 0.046 0.060 0.085 0.123 0.151 0.163 0.163 0.144 0.097 0.040 0.014 0.008 0.008 0.012 0.020 0.033 0.047 0.059 0.066 0.069 0.069 0.067 0.062 0.053 0.041 0.030 0.022 0.016 0.012 0.009 0.006 0.005 0.004 0.003
0.000 0.000 0.000 0.000 0.000 0.000 0.000 0.000 0.000 0.000 0.000 0.000 0.000 0.000 0.000 0.000 0.000 0.000 0.000 0.000 0.000 0.000 0.000 0.000 0.001 0.003 0.007 0.011 0.013 0.014 0.014 0.014 0.013 0.013 0.014 0.017 0.022 0.030 0.041 0.054 0.070 0.086 0.104 0.126 0.160 0.216 0.297 0.365 0.411 0.436 0.430 0.352 0.175 0.071 0.042 0.040 0.052 0.081 0.121 0.162 0.191 0.208 0.214 0.214 0.208 0.191 0.165 0.129 0.097 0.072 0.053 0.038 0.028 0.021 0.016 0.012 0.009
0.000 0.000 0.000 0.000 0.000 0.000 0.000 0.000 0.000 0.000 0.000 0.000 0.000 0.000 0.000 0.000 0.000 0.000 0.000 0.000 0.000 0.000 0.000 0.002 0.005 0.012 0.025 0.037 0.042 0.044 0.044 0.042 0.039 0.038 0.040 0.046 0.058 0.078 0.105 0.139 0.178 0.217 0.258 0.309 0.385 0.505 0.659 0.789 0.904 0.976 0.968 0.825 0.506 0.263 0.176 0.167 0.200 0.280 0.390 0.489 0.556 0.591 0.601 0.598 0.580 0.539 0.471 0.380 0.287 0.215 0.159 0.117 0.087 0.065 0.049 0.037 0.028
0.000 0.000 0.000 0.000 0.000 0.000 0.000 0.000 0.000 0.000 0.000 0.000 0.000 0.000 0.000 0.000 0.000 0.000 0.000 0.000 0.000 0.001 0.002 0.006 0.016 0.036 0.074 0.105 0.117 0.120 0.120 0.113 0.101 0.098 0.100 0.112 0.138 0.182 0.242 0.314 0.395 0.479 0.567 0.676 0.836 1.087 1.340 1.492 1.533 1.414 1.198 0.989 0.781 0.617 0.536 0.529 0.615 0.793 1.035 1.243 1.378 1.442 1.456 1.446 1.406 1.322 1.181 0.981 0.763 0.584 0.443 0.332 0.248 0.186 0.141 0.107 0.080
0.000 0.000 0.000 0.000 0.000 0.000 0.000 0.000 0.000 0.000 0.000 0.000 0.000 0.000 0.000 0.000 0.000 0.000 0.000 0.000 0.001 0.002 0.007 0.018 0.043 0.096 0.190 0.260 0.288 0.294 0.291 0.269 0.234 0.223 0.225 0.244 0.293 0.373 0.486 0.619 0.763 0.916 1.090 1.316 1.606 1.893 2.034 2.032 1.862 1.523 1.187 0.961 0.821 0.771 0.792 0.897 1.156 1.591 2.145 2.608 2.906 3.044 3.076 3.057 2.985 2.837 2.578 2.194 1.762 1.391 1.092 0.843 0.647 0.493 0.376 0.288 0.216
0.000 0.000 0.000 0.000 0.000 0.000 0.000 0.000 0.000 0.000 0.000 0.000 0.000 0.000 0.000 0.000 0.000 0.000 0.000 0.000 0.002 0.006 0.018 0.045 0.105 0.230 0.429 0.565 0.621 0.636 0.629 0.576 0.488 0.455 0.452 0.476 0.553 0.683 0.859 1.065 1.289 1.531 1.799 2.064 2.275 2.400 2.409 2.268 1.931 1.500 1.131 0.883 0.764 0.741 0.782 0.933 1.261 1.838 2.682 3.496 4.062 4.378 4.527 4.574 4.558 4.463 4.224 3.826 3.308 2.795 2.327 1.886 1.485 1.156 0.902 0.702 0.538
0.000 0.000 0.000 0.000 0.000 0.000 0.000 0.000 0.000 0.000 0.000 0.000 0.000 0.000 0.000 0.000 0.000 0.000 0.000 0.001 0.005 0.015 0.040 0.099 0.228 0.487 0.850 1.080 1.175 1.206 1.199 1.097 0.908 0.826 0.812 0.835 0.932 1.119 1.370 1.615 1.853 2.107 2.348 2.538 2.643 2.668 2.589 2.322 1.892 1.454 1.078 0.789 0.636 0.595 0.625 0.769 1.089 1.665 2.568 3.512 4.175 4.569 4.794 4.897 4.934 4.907 4.770 4.488 4.084 3.701 3.359 3.028 2.675 2.293 1.899 1.534 1.213
0.000 0.000 0.000 0.000 0.000 0.000 0.000 0.000 0.000 0.000 0.000 0.000 0.000 0.000 0.000 0.000 0.000 0.000 0.001 0.004 0.011 0.032 0.081 0.196 0.443 0.924 1.485 1.816 1.952 1.984 1.978 1.821 1.498 1.338 1.298 1.309 1.412 1.628 1.892 2.122 2.311 2.521 2.710 2.809 2.845 2.803 2.627 2.279 1.817 1.406 1.046 0.755 0.564 0.472 0.448 0.486 0.645 1.031 1.780 2.694 3.336 3.746 4.022 4.196 4.310 4.368 4.344 4.206 3.954 3.698 3.492 3.323 3.184 3.061 2.915 2.704 2.383
0.000 0.000 0.000 0.000 0.000 0.000 0.000 0.000 0.000 0.000 0.000 0.000 0.000 0.000 0.000 0.000 0.000 0.001 0.002 0.008 0.022 0.059 0.149 0.351 0.772 1.545 2.232 2.541 2.663 2.689 2.645 2.376 1.954 1.759 1.714 1.728 1.848 2.078 2.308 2.512 2.676 2.810 2.926 2.966 2.939 2.833 2.580 2.158 1.728 1.355 1.012 0.728 0.539 0.442 0.410 0.411 0.453 0.590 0.917 1.405 1.730 1.937 2.104 2.259 2.401 2.526 2.632 2.708 2.744 2.768 2.823 2.899 2.986 3.078 3.180 3.274 3.281
0.000 0.000 0.000 0.000 0.000 0.000 0.000 0.000 0.000 0.000 0.000 0.000 0.000 0.000 0.000 0.000 0.000 0.001 0.004 0.015 0.041 0.106 0.255 0.577 1.206 2.187 2.866 3.105 3.176 3.189 3.086 2.679 2.226 2.055 2.030 2.072 2.214 2.455 2.658 2.807 2.936 3.013 3.044 3.036 2.967 2.790 2.430 1.976 1.625 1.301 0.963 0.689 0.511 0.423 0.394 0.395 0.427 0.522 0.724 1.037 1.256 1.383 1.462 1.513 1.545 1.559 1.551 1.510 1.462 1.456 1.509 1.670 1.957 2.327 2.726 3.096 3.374
0.000 0.000 0.000 0.000 0.000 0.000 0.000 0.000 0.000 0.000 0.000 0.000 0.000 0.000 0.000 0.000 0.001 0.003 0.009 0.027 0.073 0.182 0.423 0.908 1.787 2.805 3.362 3.548 3.575 3.531 3.325 2.815 2.400 2.284 2.298 2.396 2.542 2.736 2.920 3.027 3.102 3.137 3.108 3.036 2.931 2.664 2.154 1.738 1.479 1.218 0.891 0.628 0.473 0.401 0.379 0.380 0.412 0.498 0.665 0.935 1.163 1.301 1.377 1.412 1.422 1.416 1.384 1.304 1.198 1.122 1.073 1.047 1.081 1.204 1.487 1.973 2.582
0.000 0.000 0.000 0.000 0.000 0.000 0.000 0.000 0.000 0.000 0.000 0.000 0.000 0.000 0.000 0.000 0.001 0.005 0.017 0.049 0.128 0.309 0.685 1.393 2.508 3.376 3.746 3.856 3.862 3.737 3.408 2.867 2.530 2.464 2.535 2.719 2.862 2.983 3.111 3.190 3.219 3.209 3.130 2.975 2.755 2.362 1.901 1.595 1.352 1.098 0.800 0.571 0.435 0.374 0.358 0.362 0.394 0.473 0.622 0.862 1.104 1.263 1.349 1.382 1.386 1.374 1.330 1.239 1.131 1.051 0.993 0.946 0.914 0.896 0.912 1.011 1.276
0.000 0.000 0.000 0.000 0.000 0.000 0.000 0.000 0.000 0.000 0.000 0.000 0.000 0.000 0.000 0.001 0.003 0.010 0.032 0.090 0.227 0.520 1.095 2.088 3.210 3.830 4.045 4.084 4.035 3.817 3.385 2.891 2.634 2.605 2.755 3.011 3.153 3.226 3.280 3.313 3.308 3.247 3.117 2.862 2.431 2.010 1.726 1.497 1.275 1.021 0.733 0.521 0.396 0.343 0.332 0.339 0.373 0.450 0.582 0.782 1.025 1.210 1.313 1.353 1.360 1.345 1.288 1.183 1.086 1.009 0.948 0.900 0.863 0.844 0.846 0.883 0.935
0.000 0.000 0.000 0.000 0.000 0.000 0.000 0.000 0.000 0.000 0.000 0.000 0.000 0.000 0.000 0.001 0.006 0.020 0.062 0.166 0.395 0.847 1.669 2.879 3.779 4.174 4.282 4.267 4.129 3.828 3.312 2.849 2.688 2.725 2.975 3.248 3.386 3.432 3.446 3.430 3.368 3.250 3.040 2.662 2.155 1.816 1.606 1.409 1.194 0.940 0.663 0.460 0.351 0.312 0.305 0.311 0.345 0.422 0.547 0.720 0.936 1.121 1.241 1.294 1.305 1.291 1.223 1.109 1.031 0.968 0.907 0.855 0.824 0.815 0.829 0.882 0.916
0.000 0.000 0.000 0.000 0.000 0.000 0.000 0.000 0.000 0.000 0.000 0.000 0.000 0.000 0.001 0.003 0.012 0.040 0.119 0.307 0.686 1.348 2.375 3.516 4.193 4.428 4.463 4.386 4.147 3.774 3.211 2.783 2.683 2.813 3.179 3.451 3.567 3.595 3.592 3.547 3.410 3.182 2.821 2.337 1.929 1.688 1.500 1.312 1.103 0.858 0.609 0.425 0.320 0.278 0.270 0.276 0.309 0.385 0.510 0.684 0.881 1.039 1.144 1.193 1.205 1.193 1.123 1.012 0.951 0.912 0.864 0.813 0.789 0.790 0.821 0.882 0.902
0.000 0.000 0.000 0.000 0.000 0.000 0.000 0.000 0.000 0.000 0.000 0.000 0.000 0.001 0.002 0.007 0.024 0.078 0.227 0.562 1.175 2.095 3.164 4.008 4.472 4.617 4.586 4.415 4.066 3.522 2.946 2.640 2.618 2.859 3.301 3.572 3.676 3.697 3.676 3.591 3.400 3.056 2.531 2.056 1.775 1.587 1.412 1.228 1.022 0.790 0.568 0.404 0.307 0.265 0.256 0.260 0.286 0.352 0.473 0.649 0.839 0.983 1.069 1.109 1.116 1.101 1.040 0.944 0.887 0.856 0.827 0.791 0.773 0.774 0.814 0.870 0.878
0.000 0.000 0.000 0.000 0.000 0.000 0.000 0.000 0.000 0.000 0.000 0.000 0.000 0.001 0.004 0.014 0.047 0.149 0.413 0.973 1.921 3.022 3.878 4.420 4.697 4.755 4.654 4.332 3.766 3.006 2.466 2.321 2.437 2.847 3.328 3.589 3.694 3.723 3.696 3.577 3.330 2.876 2.277 1.881 1.668 1.509 1.352 1.175 0.966 0.734 0.534 0.389 0.300 0.258 0.246 0.247 0.265 0.318 0.426 0.599 0.791 0.931 1.012 1.044 1.049 1.026 0.964 0.892 0.841 0.811 0.790 0.771 0.759 0.759 0.800 0.850 0.847
0.000 0.000 0.000 0.000 0.000 0.000 0.000 0.000 0.000 0.000 0.000 0.000 0.001 0.003 0.010 0.029 0.092 0.273 0.720 1.602 2.898 3.949 4.502 4.776 4.887 4.844 4.614 4.118 3.214 2.405 2.076 2.065 2.322 2.869 3.336 3.561 3.646 3.660 3.624 3.467 3.152 2.616 2.060 1.763 1.597 1.456 1.310 1.137 0.923 0.693 0.508 0.377 0.295 0.253 0.238 0.237 0.248 0.289 0.382 0.542 0.722 0.861 0.951 0.980 0.979 0.954 0.893 0.836 0.797 0.766 0.748 0.738 0.732 0.743 0.782 0.809 0.809
0.000 0.000 0.000 0.000 0.000 0.000 0.000 0.000 0.000 0.000 0.000 0.001 0.003 0.007 0.019 0.058 0.173 0.484 1.182 2.462 3.951 4.778 5.082 5.151 5.077 4.848 4.404 3.638 2.598 1.962 1.817 1.918 2.325 2.916 3.307 3.484 3.537 3.524 3.439 3.242 2.885 2.337 1.901 1.681 1.549 1.429 1.288 1.103 0.871 0.653 0.484 0.365 0.290 0.250 0.233 0.231 0.240 0.274 0.353 0.497 0.659 0.766 0.842 0.883 0.889 0.873 0.821 0.764 0.735 0.715 0.701 0.697 0.704 0.735 0.785 0.802 0.798
0.000 0.000 0.000 0.000 0.000 0.000 0.000 0.000 0.000 0.000 0.001 0.003 0.006 0.014 0.038 0.110 0.314 0.820 1.839 3.455 4.880 5.496 5.621 5.545 5.251 4.734 3.943 2.867 2.011 1.679 1.647 1.824 2.347 2.944 3.225 3.321 3.325 3.264 3.122 2.907 2.564 2.095 1.784 1.621 1.508 1.401 1.272 1.082 0.828 0.612 0.462 0.357 0.287 0.248 0.231 0.227 0.233 0.264 0.337 0.462 0.616 0.719 0.771 0.797 0.808 0.799 0.740 0.678 0.658 0.656 0.658 0.666 0.688 0.735 0.792 0.813 0.801
0.000 0.000 0.000 0.000 0.000 0.000 0.000 0.000 0.000 0.001 0.003 0.006 0.012 0.028 0.071 0.198 0.536 1.309 2.737 4.530 5.683 6.087 6.101 5.863 5.323 4.496 3.308 2.201 1.640 1.493 1.534 1.786 2.366 2.920 3.116 3.138 3.107 3.036 2.903 2.673 2.295 1.891 1.676 1.558 1.468 1.371 1.240 1.029 0.767 0.570 0.437 0.346 0.283 0.246 0.228 0.223 0.225 0.253 0.324 0.444 0.584 0.682 0.730 0.747 0.747 0.728 0.676 0.631 0.614 0.613 0.625 0.651 0.691 0.742 0.784 0.796 0.780
0.000 0.000 0.000 0.000 0.000 0.000 0.000 0.001 0.001 0.003 0.006 0.011 0.022 0.050 0.125 0.333 0.861 1.992 3.859 5.554 6.389 6.597 6.493 6.034 5.184 3.959 2.617 1.755 1.435 1.386 1.461 1.765 2.377 2.851 2.996 3.005 2.971 2.884 2.729 2.471 2.080 1.756 1.598 1.507 1.431 1.342 1.184 0.940 0.695 0.525 0.407 0.322 0.265 0.232 0.215 0.209 0.213 0.242 0.314 0.435 0.564 0.651 0.693 0.705 0.704 0.681 0.628 0.593 0.583 0.582 0.600 0.645 0.702 0.750 0.776 0.773 0.746
0.000 0.000 0.000 0.000 0.000 0.000 0.001 0.002 0.003 0.006 0.011 0.020 0.040 0.086 0.206 0.527 1.305 2.907 5.039 6.393 6.937 7.001 6.723 5.984 4.720 3.154 2.006 1.477 1.325 1.322 1.433 1.758 2.350 2.743 2.865 2.881 2.859 2.765 2.565 2.244 1.877 1.640 1.525 1.461 1.395 1.297 1.125 0.870 0.636 0.471 0.361 0.284 0.228 0.194 0.181 0.181 0.191 0.224 0.298 0.422 0.547 0.623 0.661 0.671 0.666 0.640 0.590 0.561 0.554 0.561 0.592 0.646 0.714 0.759 0.774 0.768 0.734
0.000 0.000 0.000 0.000 0.000 0.001 0.002 0.004 0.006 0.011 0.018 0.034 0.066 0.141 0.329 0.803 1.898 3.967 6.003 6.980 7.252 7.218 6.793 5.664 3.861 2.379 1.620 1.337 1.274 1.297 1.444 1.808 2.349 2.657 2.756 2.762 2.729 2.629 2.414 2.059 1.737 1.562 1.468 1.408 1.345 1.229 1.041 0.784 0.568 0.423 0.324 0.255 0.206 0.176 0.163 0.160 0.166 0.192 0.259 0.387 0.518 0.591 0.621 0.628 0.624 0.593 0.548 0.527 0.524 0.543 0.593 0.659 0.728 0.773 0.779 0.766 0.736
0.000 0.000 0.000 0.000 0.001 0.002 0.004 0.007 0.011 0.018 0.030 0.054 0.106 0.227 0.517 1.205 2.732 5.069 6.651 7.290 7.403 7.251 6.493 4.744 2.849 1.806 1.389 1.258 1.243 1.302 1.502 1.918 2.396 2.608 2.671 2.679 2.633 2.496 2.230 1.875 1.632 1.508 1.433 1.358 1.274 1.153 0.960 0.714 0.522 0.394 0.307 0.242 0.196 0.166 0.153 0.150 0.153 0.174 0.229 0.338 0.461 0.533 0.566 0.574 0.570 0.543 0.514 0.505 0.510 0.542 0.611 0.690 0.750 0.785 0.793 0.782 0.766
0.000 0.000 0.001 0.001 0.003 0.005 0.008 0.012 0.018 0.029 0.049 0.088 0.172 0.364 0.806 1.810 3.843 5.982 6.997 7.354 7.398 6.965 5.460 3.367 2.034 1.474 1.266 1.206 1.213 1.322 1.587 2.009 2.416 2.597 2.624 2.617 2.553 2.370 2.055 1.738 1.555 1.462 1.402 1.340 1.250 1.111 0.900 0.659 0.487 0.372 0.292 0.232 0.188 0.161 0.147 0.143 0.146 0.164 0.216 0.320 0.432 0.491 0.514 0.520 0.516 0.496 0.484 0.484 0.503 0.553 0.640 0.722 0.777 0.808 0.817 0.820 0.826
0.000 0.001 0.002 0.003 0.005 0.008 0.013 0.019 0.030 0.047 0.081 0.147 0.285 0.586 1.264 2.802 5.018 6.493 7.111 7.278 7.009 5.729 3.714 2.251 1.596 1.306 1.191 1.167 1.196 1.334 1.647 2.084 2.404 2.570 2.607 2.583 2.484 2.253 1.876 1.598 1.472 1.409 1.362 1.315 1.234 1.083 0.855 0.626 0.463 0.354 0.280 0.224 0.182 0.155 0.142 0.138 0.140 0.158 0.209 0.309 0.412 0.465 0.482 0.484 0.478 0.468 0.465 0.473 0.505 0.575 0.683 0.765 0.816 0.851 0.875 0.897 0.930
0.001 0.002 0.004 0.006 0.009 0.014 0.020 0.030 0.047 0.078 0.136 0.251 0.477 0.937 1.929 3.927 5.807 6.669 7.000 6.918 5.871 3.926 2.427 1.723 1.387 1.218 1.145 1.133 1.186 1.356 1.704 2.149 2.400 2.511 2.546 2.515 2.384 2.107 1.725 1.495 1.406 1.368 1.334 1.286 1.202 1.054 0.821 0.594 0.442 0.341 0.271 0.218 0.177 0.149 0.136 0.133 0.135 0.151 0.202 0.302 0.400 0.447 0.461 0.461 0.456 0.452 0.455 0.471 0.516 0.602 0.728 0.822 0.879 0.923 0.966 1.015 1.090
0.003 0.004 0.007 0.010 0.015 0.022 0.032 0.048 0.076 0.129 0.231 0.428 0.800 1.500 2.807 4.761 6.050 6.550 6.594 5.885 4.138 2.614 1.849 1.459 1.259 1.152 1.108 1.110 1.180 1.385 1.758 2.168 2.372 2.415 2.420 2.398 2.265 1.950 1.595 1.417 1.349 1.326 1.309 1.273 1.183 1.017 0.779 0.567 0.426 0.335 0.268 0.214 0.172 0.145 0.131 0.127 0.129 0.146 0.196 0.295 0.391 0.438 0.452 0.452 0.448 0.448 0.456 0.483 0.545 0.651 0.783 0.889 0.971 1.042 1.112 1.199 1.299
0.005 0.008 0.011 0.016 0.024 0.034 0.050 0.076 0.124 0.213 0.387 0.716 1.311 2.247 3.646 5.112 5.890 6.102 5.729 4.414 2.867 2.042 1.600 1.342 1.188 1.109 1.082 1.095 1.189 1.420 1.818 2.164 2.321 2.359 2.351 2.297 2.124 1.790 1.481 1.346 1.307 1.296 1.287 1.252 1.157 0.981 0.732 0.526 0.397 0.318 0.259 0.207 0.165 0.139 0.126 0.122 0.124 0.140 0.190 0.287 0.383 0.430 0.446 0.447 0.446 0.449 0.466 0.510 0.593 0.721 0.868 0.981 1.080 1.185 1.289 1.381 1.451
0.009 0.013 0.018 0.026 0.037 0.053 0.078 0.122 0.203 0.355 0.642 1.146 1.862 2.825 4.088 5.014 5.379 5.316 4.660 3.291 2.274 1.744 1.437 1.242 1.120 1.062 1.054 1.087 1.199 1.442 1.846 2.168 2.288 2.307 2.290 2.201 1.981 1.616 1.362 1.265 1.249 1.251 1.246 1.218 1.125 0.945 0.690 0.493 0.371 0.294 0.238 0.192 0.153 0.128 0.118 0.116 0.119 0.136 0.186 0.280 0.372 0.419 0.436 0.442 0.447 0.458 0.489 0.557 0.668 0.817 0.987 1.123 1.219 1.314 1.411 1.468 1.493
0.016 0.022 0.029 0.040 0.056 0.081 0.122 0.195 0.329 0.578 1.000 1.581 2.250 3.147 4.166 4.637 4.694 4.502 3.749 2.624 1.946 1.565 1.314 1.147 1.052 1.019 1.025 1.077 1.203 1.455 1.851 2.128 2.238 2.257 2.237 2.134 1.861 1.492 1.288 1.219 1.211 1.221 1.221 1.191 1.102 0.918 0.655 0.469 0.356 0.281 0.226 0.181 0.145 0.123 0.113 0.110 0.114 0.132 0.183 0.274 0.355 0.398 0.420 0.435 0.451 0.477 0.531 0.630 0.783 0.956 1.108 1.243 1.341 1.403 1.458 1.484 1.468
0.025 0.034 0.045 0.061 0.084 0.121 0.186 0.302 0.506 0.845 1.318 1.847 2.428 3.260 3.936 4.156 4.140 3.880 3.125 2.253 1.740 1.430 1.217 1.075 1.003 0.984 0.996 1.055 1.193 1.461 1.846 2.087 2.188 2.217 2.198 2.057 1.725 1.385 1.230 1.180 1.177 1.199 1.209 1.180 1.081 0.887 0.625 0.449 0.345 0.275 0.221 0.176 0.141 0.118 0.108 0.105 0.109 0.129 0.182 0.276 0.349 0.387 0.408 0.426 0.449 0.490 0.566 0.689 0.868 1.046 1.174 1.283 1.378 1.429 1.451 1.425 1.284
