RESULTS/r.avaflow_results/22_results/22_ascii/22_hflow0058.asc
ncols 506
nrows 317
xllcenter 498237.50
yllcenter 5580050.00
cellsize 12.50
NODATA_value -9999.000
[rows 170 to 203 of 317, columns 77 to 153 of 506]
0.000 0.000 0.000 0.000 0.000 0.000 0.000 0.000 0.000 0.001 0.002 0.004 0.008 0.014 0.023 0.034 0.043 0.050 0.056 0.062 0.068 0.080 0.104 0.148 0.210 0.254 0.269 0.265 0.252 0.231 0.205 0.173 0.138 0.107 0.083 0.066 0.053 0.045 0.041 0.040 0.042 0.051 0.082 0.167 0.356 0.678 1.114 1.636 2.254 3.033 4.090 5.473 6.942 8.119 8.918 9.404 9.796 10.224 10.717 11.289 11.954 12.663 13.331 13.819 14.087 14.159 14.077 13.913 13.666 13.326 12.942 12.577 12.254 11.974 11.724 11.486 11.237
0.000 0.000 0.000 0.000 0.000 0.000 0.000 0.001 0.002 0.004 0.007 0.012 0.022 0.036 0.056 0.077 0.094 0.108 0.121 0.133 0.149 0.174 0.218 0.283 0.341 0.366 0.365 0.351 0.326 0.295 0.258 0.213 0.166 0.128 0.099 0.080 0.068 0.061 0.059 0.060 0.069 0.101 0.190 0.407 0.816 1.402 2.098 2.868 3.763 4.822 5.981 7.169 8.201 8.941 9.396 9.709 10.047 10.449 10.918 11.469 12.108 12.770 13.396 13.854 14.099 14.152 14.046 13.848 13.603 13.332 13.082 12.912 12.835 12.855 12.940 13.065 13.216
0.000 0.000 0.000 0.000 0.000 0.000 0.001 0.002 0.005 0.010 0.017 0.028 0.045 0.071 0.102 0.135 0.166 0.193 0.219 0.244 0.275 0.322 0.384 0.438 0.463 0.465 0.454 0.432 0.402 0.363 0.314 0.255 0.196 0.150 0.117 0.097 0.086 0.082 0.082 0.091 0.124 0.219 0.452 0.918 1.639 2.525 3.461 4.442 5.469 6.491 7.445 8.262 8.869 9.242 9.496 9.756 10.090 10.482 10.933 11.470 12.084 12.727 13.345 13.790 14.024 14.060 13.937 13.758 13.594 13.474 13.438 13.511 13.671 13.903 14.209 14.657 15.310
0.000 0.000 0.000 0.000 0.000 0.000 0.001 0.004 0.009 0.016 0.027 0.043 0.066 0.097 0.135 0.177 0.224 0.274 0.324 0.371 0.420 0.475 0.525 0.551 0.556 0.550 0.536 0.512 0.479 0.433 0.375 0.302 0.230 0.175 0.139 0.118 0.110 0.109 0.117 0.148 0.244 0.487 0.987 1.811 2.900 4.009 5.027 5.965 6.854 7.672 8.362 8.857 9.148 9.330 9.510 9.745 10.058 10.426 10.854 11.369 11.955 12.578 13.182 13.607 13.835 13.882 13.805 13.714 13.695 13.756 13.872 14.046 14.277 14.590 15.035 15.725 16.756
0.000 0.000 0.000 0.000 0.000 0.000 0.002 0.006 0.012 0.021 0.033 0.052 0.077 0.111 0.153 0.202 0.261 0.330 0.405 0.473 0.533 0.586 0.621 0.634 0.635 0.630 0.617 0.593 0.557 0.506 0.439 0.353 0.267 0.204 0.163 0.144 0.139 0.143 0.168 0.250 0.473 0.980 1.878 3.160 4.480 5.539 6.393 7.143 7.815 8.386 8.819 9.082 9.224 9.348 9.491 9.694 9.968 10.301 10.700 11.184 11.732 12.315 12.879 13.292 13.549 13.674 13.694 13.707 13.788 13.917 14.078 14.282 14.544 14.914 15.473 16.317 17.513
0.000 0.000 0.000 0.000 0.000 0.000 0.002 0.006 0.013 0.022 0.036 0.055 0.082 0.117 0.162 0.217 0.285 0.367 0.465 0.553 0.621 0.670 0.700 0.711 0.713 0.710 0.698 0.676 0.638 0.583 0.507 0.410 0.310 0.236 0.190 0.170 0.166 0.174 0.223 0.383 0.803 1.682 3.096 4.691 5.916 6.790 7.438 7.960 8.406 8.754 8.988 9.130 9.236 9.337 9.446 9.595 9.815 10.107 10.473 10.912 11.408 11.932 12.441 12.864 13.190 13.430 13.561 13.643 13.759 13.908 14.083 14.300 14.577 14.979 15.600 16.501 17.702
0.000 0.000 0.000 0.000 0.000 0.000 0.002 0.006 0.013 0.023 0.037 0.056 0.083 0.120 0.166 0.225 0.297 0.387 0.500 0.614 0.697 0.749 0.779 0.791 0.794 0.792 0.783 0.761 0.723 0.664 0.582 0.473 0.359 0.273 0.217 0.192 0.187 0.197 0.257 0.463 1.037 2.252 4.130 5.890 7.043 7.750 8.185 8.489 8.744 8.929 9.050 9.139 9.223 9.298 9.371 9.457 9.609 9.847 10.172 10.565 11.008 11.471 11.923 12.358 12.759 13.100 13.312 13.438 13.572 13.720 13.889 14.102 14.380 14.804 15.460 16.381 17.567
0.000 0.000 0.000 0.000 0.000 0.000 0.002 0.006 0.013 0.022 0.036 0.056 0.083 0.120 0.167 0.226 0.301 0.394 0.513 0.652 0.763 0.829 0.863 0.878 0.882 0.881 0.873 0.852 0.813 0.752 0.663 0.544 0.414 0.313 0.245 0.211 0.203 0.212 0.273 0.491 1.138 2.576 4.823 6.754 7.884 8.438 8.692 8.836 8.954 9.036 9.088 9.135 9.182 9.225 9.260 9.292 9.376 9.551 9.819 10.158 10.543 10.951 11.357 11.780 12.221 12.602 12.838 12.974 13.095 13.213 13.352 13.533 13.790 14.212 14.889 15.838 17.034
0.000 0.000 0.000 0.000 0.000 0.000 0.002 0.006 0.012 0.021 0.034 0.053 0.081 0.118 0.166 0.225 0.300 0.394 0.514 0.666 0.813 0.909 0.956 0.975 0.981 0.980 0.973 0.952 0.911 0.845 0.749 0.622 0.476 0.357 0.274 0.228 0.214 0.221 0.277 0.494 1.150 2.696 5.212 7.335 8.462 8.895 9.024 9.075 9.099 9.100 9.098 9.104 9.110 9.114 9.113 9.100 9.126 9.236 9.435 9.707 10.020 10.362 10.717 11.102 11.524 11.870 12.081 12.194 12.273 12.340 12.430 12.566 12.800 13.224 13.916 14.890 16.116
0.000 0.000 0.000 0.000 0.000 0.000 0.001 0.004 0.009 0.017 0.029 0.046 0.073 0.110 0.158 0.218 0.293 0.386 0.506 0.660 0.837 0.975 1.051 1.080 1.087 1.087 1.077 1.052 1.006 0.935 0.834 0.702 0.544 0.405 0.305 0.246 0.224 0.226 0.276 0.483 1.127 2.694 5.354 7.664 8.818 9.173 9.237 9.228 9.179 9.116 9.070 9.037 9.004 8.970 8.932 8.884 8.861 8.908 9.028 9.210 9.430 9.681 9.962 10.282 10.632 10.893 11.040 11.103 11.124 11.136 11.179 11.291 11.543 12.007 12.726 13.707 14.938
0.000 0.000 0.000 0.000 0.000 0.000 0.001 0.003 0.006 0.011 0.019 0.034 0.057 0.091 0.137 0.196 0.269 0.360 0.477 0.631 0.825 1.008 1.126 1.173 1.181 1.179 1.168 1.140 1.090 1.016 0.914 0.781 0.617 0.459 0.340 0.265 0.232 0.230 0.268 0.453 1.059 2.604 5.321 7.776 9.001 9.330 9.353 9.295 9.196 9.092 9.003 8.926 8.857 8.791 8.721 8.644 8.575 8.556 8.596 8.683 8.798 8.934 9.103 9.317 9.545 9.697 9.771 9.798 9.813 9.840 9.900 10.038 10.318 10.787 11.480 12.409 13.578
0.000 0.000 0.000 0.000 0.000 0.000 0.000 0.001 0.003 0.005 0.010 0.018 0.032 0.057 0.094 0.146 0.212 0.293 0.399 0.545 0.748 0.984 1.159 1.241 1.257 1.254 1.241 1.211 1.161 1.087 0.986 0.856 0.693 0.521 0.383 0.290 0.243 0.233 0.257 0.404 0.937 2.388 5.104 7.712 9.042 9.395 9.391 9.298 9.164 9.018 8.882 8.767 8.667 8.573 8.478 8.375 8.271 8.193 8.160 8.166 8.192 8.230 8.285 8.374 8.474 8.541 8.577 8.603 8.636 8.691 8.778 8.932 9.201 9.619 10.213 11.018 12.052
0.000 0.000 0.000 0.000 0.000 0.000 0.000 0.000 0.001 0.002 0.004 0.007 0.014 0.025 0.045 0.076 0.119 0.177 0.256 0.378 0.573 0.863 1.129 1.271 1.309 1.307 1.294 1.265 1.217 1.148 1.053 0.929 0.774 0.594 0.438 0.325 0.260 0.240 0.250 0.350 0.771 2.053 4.660 7.428 8.930 9.376 9.375 9.252 9.070 8.867 8.691 8.548 8.422 8.307 8.196 8.077 7.948 7.823 7.728 7.672 7.635 7.604 7.581 7.581 7.591 7.593 7.591 7.596 7.619 7.670 7.756 7.905 8.138 8.473 8.936 9.568 10.402
0.000 0.000 0.000 0.000 0.000 0.000 0.000 0.000 0.000 0.001 0.001 0.003 0.005 0.009 0.017 0.030 0.050 0.076 0.116 0.187 0.335 0.626 1.006 1.249 1.333 1.339 1.328 1.302 1.261 1.199 1.115 1.003 0.858 0.682 0.510 0.377 0.293 0.258 0.258 0.322 0.626 1.671 4.022 6.881 8.566 9.172 9.226 9.103 8.880 8.620 8.407 8.243 8.108 7.984 7.869 7.745 7.604 7.455 7.321 7.217 7.127 7.048 6.975 6.924 6.874 6.822 6.774 6.742 6.735 6.757 6.814 6.924 7.100 7.349 7.698 8.188 8.847
0.000 0.000 0.000 0.000 0.000 0.000 0.000 0.000 0.000 0.000 0.000 0.001 0.002 0.003 0.006 0.010 0.017 0.027 0.043 0.074 0.155 0.364 0.769 1.153 1.322 1.351 1.344 1.325 1.292 1.243 1.173 1.076 0.948 0.784 0.603 0.453 0.350 0.298 0.288 0.329 0.547 1.341 3.293 6.080 7.906 8.679 8.832 8.763 8.549 8.259 8.005 7.822 7.698 7.596 7.492 7.375 7.240 7.091 6.937 6.796 6.667 6.551 6.445 6.362 6.273 6.177 6.081 6.002 5.953 5.932 5.940 5.986 6.089 6.262 6.525 6.900 7.393
0.000 0.000 0.000 0.000 0.000 0.000 0.000 0.000 0.000 0.000 0.000 0.000 0.001 0.001 0.002 0.003 0.005 0.009 0.014 0.027 0.063 0.181 0.492 0.948 1.248 1.344 1.347 1.335 1.314 1.279 1.227 1.151 1.045 0.901 0.721 0.558 0.439 0.371 0.349 0.370 0.530 1.125 2.635 5.086 6.982 7.902 8.163 8.159 8.016 7.760 7.474 7.264 7.147 7.087 7.036 6.965 6.865 6.730 6.571 6.405 6.246 6.099 5.970 5.861 5.742 5.611 5.472 5.345 5.246 5.175 5.127 5.107 5.136 5.240 5.426 5.687 5.998
0.000 0.000 0.000 0.000 0.000 0.000 0.000 0.000 0.000 0.000 0.000 0.000 0.000 0.000 0.001 0.001 0.002 0.003 0.005 0.010 0.025 0.080 0.259 0.649 1.075 1.286 1.338 1.338 1.328 1.309 1.275 1.221 1.138 1.022 0.864 0.695 0.567 0.487 0.455 0.462 0.575 1.023 2.167 4.129 5.903 6.876 7.229 7.285 7.234 7.074 6.818 6.564 6.431 6.411 6.434 6.457 6.443 6.353 6.203 6.025 5.846 5.679 5.533 5.403 5.255 5.090 4.917 4.749 4.601 4.476 4.372 4.296 4.262 4.292 4.391 4.526 4.634
0.000 0.000 0.000 0.000 0.000 0.000 0.000 0.000 0.000 0.000 0.000 0.000 0.000 0.000 0.000 0.001 0.001 0.001 0.002 0.004 0.011 0.035 0.121 0.361 0.785 1.141 1.294 1.332 1.338 1.334 1.317 1.280 1.219 1.126 0.998 0.845 0.723 0.644 0.607 0.604 0.675 1.003 1.857 3.384 4.905 5.772 6.129 6.230 6.249 6.198 6.039 5.798 5.630 5.609 5.685 5.808 5.900 5.900 5.797 5.632 5.452 5.276 5.125 4.978 4.796 4.594 4.392 4.193 4.002 3.824 3.670 3.547 3.455 3.398 3.374 3.349 3.256
0.000 0.000 0.000 0.000 0.000 0.000 0.000 0.000 0.000 0.000 0.000 0.000 0.000 0.000 0.000 0.000 0.001 0.001 0.002 0.003 0.006 0.017 0.054 0.176 0.470 0.883 1.179 1.305 1.345 1.355 1.350 1.329 1.284 1.211 1.104 0.967 0.852 0.779 0.746 0.741 0.787 1.017 1.640 2.800 4.075 4.837 5.179 5.309 5.350 5.345 5.279 5.136 4.970 4.891 4.916 5.047 5.219 5.305 5.294 5.191 5.042 4.881 4.731 4.569 4.355 4.112 3.880 3.654 3.428 3.208 3.011 2.838 2.675 2.508 2.327 2.124 1.883
0.000 0.000 0.000 0.000 0.000 0.000 0.000 0.000 0.000 0.000 0.000 0.000 0.000 0.000 0.000 0.000 0.001 0.001 0.002 0.003 0.005 0.011 0.027 0.082 0.240 0.569 0.961 1.216 1.330 1.369 1.375 1.365 1.334 1.275 1.183 1.058 0.944 0.869 0.831 0.824 0.850 1.010 1.458 2.311 3.377 4.070 4.409 4.560 4.622 4.637 4.620 4.552 4.434 4.321 4.279 4.321 4.449 4.575 4.636 4.629 4.550 4.424 4.281 4.114 3.895 3.628 3.365 3.115 2.861 2.606 2.360 2.117 1.857 1.580 1.310 1.068 0.858
0.000 0.000 0.000 0.000 0.000 0.000 0.000 0.000 0.000 0.000 0.000 0.000 0.000 0.000 0.000 0.000 0.001 0.001 0.002 0.003 0.006 0.010 0.018 0.043 0.118 0.308 0.653 1.020 1.251 1.358 1.390 1.390 1.367 1.317 1.235 1.120 1.005 0.923 0.875 0.858 0.871 0.974 1.278 1.877 2.744 3.411 3.767 3.937 4.014 4.039 4.043 4.016 3.946 3.841 3.755 3.717 3.722 3.775 3.830 3.865 3.849 3.770 3.639 3.472 3.267 3.013 2.736 2.467 2.194 1.910 1.615 1.314 1.031 0.789 0.598 0.449 0.339
0.000 0.000 0.000 0.000 0.000 0.000 0.000 0.000 0.000 0.000 0.000 0.000 0.000 0.000 0.000 0.001 0.001 0.002 0.003 0.005 0.007 0.011 0.017 0.031 0.067 0.164 0.373 0.719 1.069 1.285 1.380 1.398 1.384 1.338 1.262 1.156 1.044 0.954 0.892 0.862 0.861 0.908 1.082 1.475 2.139 2.796 3.190 3.391 3.483 3.517 3.526 3.515 3.468 3.382 3.281 3.185 3.102 3.034 2.980 2.946 2.917 2.856 2.741 2.577 2.378 2.143 1.875 1.602 1.334 1.069 0.824 0.615 0.445 0.318 0.230 0.169 0.128
0.000 0.000 0.000 0.000 0.000 0.000 0.000 0.000 0.000 0.000 0.000 0.000 0.000 0.000 0.000 0.001 0.002 0.003 0.005 0.007 0.010 0.014 0.019 0.030 0.053 0.104 0.220 0.444 0.793 1.121 1.312 1.383 1.383 1.344 1.270 1.172 1.064 0.971 0.897 0.845 0.816 0.813 0.880 1.111 1.576 2.184 2.632 2.882 2.997 3.035 3.043 3.034 2.994 2.917 2.808 2.677 2.535 2.382 2.226 2.082 1.952 1.825 1.685 1.522 1.341 1.148 0.946 0.752 0.579 0.432 0.314 0.222 0.155 0.111 0.083 0.064 0.050
0.000 0.000 0.000 0.000 0.000 0.000 0.000 0.000 0.000 0.000 0.000 0.000 0.000 0.000 0.000 0.001 0.003 0.005 0.008 0.011 0.015 0.020 0.025 0.035 0.053 0.088 0.157 0.295 0.541 0.884 1.168 1.313 1.351 1.329 1.264 1.173 1.071 0.977 0.891 0.808 0.736 0.697 0.703 0.810 1.091 1.565 2.054 2.368 2.523 2.571 2.576 2.563 2.521 2.443 2.324 2.166 1.976 1.758 1.544 1.353 1.184 1.032 0.892 0.758 0.624 0.496 0.377 0.277 0.198 0.140 0.099 0.071 0.053 0.041 0.033 0.027 0.023
0.000 0.000 0.000 0.000 0.000 0.000 0.000 0.000 0.000 0.000 0.000 0.000 0.000 0.000 0.000 0.001 0.003 0.006 0.010 0.016 0.021 0.028 0.036 0.045 0.061 0.090 0.142 0.234 0.398 0.662 0.970 1.181 1.266 1.270 1.232 1.160 1.069 0.975 0.880 0.777 0.674 0.598 0.566 0.590 0.721 0.998 1.406 1.773 1.989 2.075 2.090 2.077 2.028 1.930 1.777 1.575 1.344 1.115 0.921 0.757 0.616 0.500 0.404 0.322 0.249 0.184 0.131 0.091 0.063 0.045 0.033 0.026 0.021 0.018 0.016 0.014 0.013
0.000 0.000 0.000 0.000 0.000 0.000 0.000 0.000 0.000 0.000 0.000 0.000 0.000 0.000 0.000 0.001 0.003 0.007 0.012 0.019 0.027 0.038 0.049 0.062 0.078 0.103 0.146 0.218 0.336 0.523 0.781 1.004 1.130 1.163 1.153 1.113 1.046 0.962 0.866 0.758 0.640 0.537 0.470 0.446 0.476 0.592 0.812 1.084 1.295 1.416 1.455 1.449 1.392 1.268 1.082 0.882 0.706 0.559 0.437 0.338 0.260 0.201 0.157 0.122 0.091 0.065 0.044 0.030 0.021 0.016 0.013 0.012 0.011 0.010 0.010 0.009 0.009
0.000 0.000 0.000 0.000 0.000 0.000 0.000 0.000 0.000 0.000 0.000 0.000 0.000 0.000 0.000 0.001 0.003 0.007 0.012 0.021 0.032 0.045 0.059 0.076 0.097 0.123 0.161 0.220 0.311 0.448 0.641 0.830 0.960 1.021 1.035 1.024 0.989 0.926 0.842 0.740 0.622 0.506 0.416 0.359 0.337 0.356 0.427 0.551 0.664 0.733 0.759 0.756 0.716 0.629 0.502 0.380 0.285 0.211 0.156 0.116 0.089 0.070 0.056 0.043 0.032 0.022 0.015 0.011 0.009 0.008 0.007 0.007 0.007 0.007 0.007 0.007 0.006
0.000 0.000 0.000 0.000 0.000 0.000 0.000 0.000 0.000 0.000 0.000 0.000 0.000 0.000 0.000 0.001 0.003 0.006 0.012 0.022 0.034 0.049 0.066 0.085 0.108 0.137 0.174 0.225 0.299 0.403 0.543 0.686 0.793 0.862 0.894 0.903 0.894 0.861 0.799 0.714 0.608 0.491 0.389 0.312 0.262 0.237 0.232 0.254 0.285 0.303 0.310 0.305 0.284 0.240 0.178 0.125 0.088 0.062 0.045 0.035 0.028 0.023 0.019 0.015 0.011 0.008 0.006 0.005 0.005 0.005 0.005 0.005 0.005 0.005 0.005 0.005 0.005
0.000 0.000 0.000 0.000 0.000 0.000 0.000 0.000 0.000 0.000 0.000 0.000 0.000 0.000 0.000 0.001 0.002 0.006 0.012 0.022 0.036 0.052 0.070 0.090 0.114 0.143 0.179 0.226 0.288 0.368 0.468 0.565 0.643 0.702 0.743 0.766 0.773 0.764 0.731 0.672 0.586 0.481 0.374 0.287 0.221 0.175 0.144 0.128 0.119 0.112 0.107 0.101 0.091 0.074 0.053 0.036 0.025 0.017 0.013 0.010 0.008 0.007 0.006 0.005 0.004 0.003 0.003 0.003 0.003 0.003 0.003 0.004 0.004 0.004 0.004 0.004 0.004
0.000 0.000 0.000 0.000 0.000 0.000 0.000 0.000 0.000 0.000 0.000 0.000 0.000 0.000 0.000 0.001 0.002 0.005 0.011 0.021 0.036 0.052 0.071 0.092 0.116 0.144 0.179 0.222 0.274 0.334 0.401 0.460 0.508 0.549 0.587 0.619 0.638 0.645 0.637 0.606 0.549 0.465 0.362 0.267 0.193 0.138 0.099 0.073 0.056 0.045 0.038 0.033 0.028 0.021 0.015 0.010 0.007 0.005 0.004 0.003 0.003 0.002 0.002 0.002 0.001 0.001 0.002 0.002 0.002 0.002 0.002 0.003 0.003 0.003 0.003 0.003 0.003
0.000 0.000 0.000 0.000 0.000 0.000 0.000 0.000 0.000 0.000 0.000 0.000 0.000 0.000 0.000 0.001 0.001 0.004 0.010 0.020 0.035 0.052 0.071 0.092 0.116 0.144 0.176 0.214 0.255 0.298 0.338 0.368 0.391 0.409 0.428 0.452 0.479 0.501 0.509 0.503 0.476 0.422 0.340 0.244 0.165 0.108 0.070 0.044 0.029 0.020 0.015 0.011 0.008 0.006 0.004 0.003 0.002 0.001 0.001 0.001 0.001 0.001 0.001 0.001 0.001 0.001 0.001 0.001 0.001 0.002 0.002 0.002 0.002 0.002 0.002 0.003 0.003
0.000 0.000 0.000 0.000 0.000 0.000 0.000 0.000 0.000 0.000 0.000 0.000 0.000 0.000 0.000 0.000 0.001 0.003 0.008 0.017 0.031 0.050 0.070 0.092 0.116 0.142 0.170 0.201 0.231 0.257 0.276 0.287 0.292 0.290 0.286 0.287 0.298 0.318 0.336 0.346 0.345 0.327 0.281 0.207 0.132 0.080 0.047 0.027 0.016 0.010 0.006 0.004 0.003 0.002 0.001 0.001 0.001 0.001 0.000 0.000 0.000 0.000 0.000 0.000 0.000 0.000 0.000 0.001 0.001 0.001 0.001 0.001 0.001 0.002 0.002 0.002 0.002
0.000 0.000 0.000 0.000 0.000 0.000 0.000 0.000 0.000 0.000 0.000 0.000 0.000 0.000 0.000 0.000 0.001 0.002 0.005 0.012 0.025 0.043 0.065 0.090 0.114 0.137 0.160 0.183 0.200 0.211 0.216 0.215 0.208 0.194 0.174 0.163 0.161 0.166 0.174 0.181 0.184 0.184 0.173 0.139 0.088 0.050 0.028 0.015 0.008 0.005 0.003 0.001 0.001 0.001 0.001 0.000 0.000 0.000 0.000 0.000 0.000 0.000 0.000 0.000 0.000 0.000 0.000 0.000 0.001 0.001 0.001 0.001 0.001 0.001 0.001 0.002 0.002
0.000 0.000 0.000 0.000 0.000 0.000 0.000 0.000 0.000 0.000 0.000 0.000 0.000 0.000 0.000 0.000 0.000 0.001 0.003 0.007 0.015 0.030 0.052 0.079 0.105 0.126 0.143 0.155 0.161 0.162 0.158 0.149 0.137 0.119 0.097 0.082 0.074 0.072 0.074 0.076 0.077 0.078 0.076 0.066 0.045 0.026 0.015 0.008 0.004 0.002 0.001 0.001 0.000 0.000 0.000 0.000 0.000 0.000 0.000 0.000 0.000 0.000 0.000 0.000 0.000 0.000 0.000 0.000 0.000 0.001 0.001 0.000 0.000 0.000 0.001 0.001 0.002
