RESULTS/r.avaflow_results/22_results/22_ascii/22_hflow10038.asc
ncols 506
nrows 317
xllcenter 498237.50
yllcenter 5580050.00
cellsize 12.50
NODATA_value -9999.000
[rows 170 to 203 of 317, columns 154 to 230 of 506]
1.957 1.771 1.604 1.453 1.315 1.186 1.065 0.951 0.843 0.743 0.650 0.566 0.491 0.423 0.362 0.306 0.257 0.212 0.172 0.137 0.107 0.083 0.063 0.048 0.036 0.028 0.022 0.019 0.017 0.017 0.017 0.017 0.017 0.016 0.016 0.016 0.016 0.016 0.016 0.015 0.015 0.014 0.013 0.012 0.011 0.010 0.008 0.007 0.006 0.005 0.004 0.003 0.002 0.002 0.002 0.002 0.001 0.001 0.001 0.001 0.001 0.001 0.000 0.000 0.000 0.000 0.000 0.000 0.000 0.000 0.000 0.000 0.000 0.000 0.000 0.000 0.000
2.142 1.975 1.821 1.672 1.530 1.393 1.262 1.136 1.017 0.904 0.799 0.703 0.616 0.538 0.467 0.403 0.344 0.290 0.240 0.194 0.153 0.118 0.089 0.067 0.051 0.038 0.030 0.024 0.021 0.020 0.020 0.019 0.019 0.018 0.017 0.017 0.017 0.016 0.016 0.015 0.014 0.013 0.012 0.011 0.010 0.009 0.007 0.005 0.004 0.003 0.002 0.002 0.001 0.001 0.001 0.001 0.001 0.001 0.001 0.001 0.000 0.000 0.000 0.000 0.000 0.000 0.000 0.000 0.000 0.000 0.000 0.000 0.000 0.000 0.000 0.000 0.000
2.285 2.133 1.988 1.839 1.695 1.555 1.420 1.292 1.169 1.051 0.940 0.834 0.736 0.647 0.565 0.489 0.420 0.357 0.300 0.248 0.201 0.159 0.123 0.093 0.070 0.052 0.039 0.030 0.025 0.022 0.021 0.020 0.019 0.018 0.017 0.017 0.016 0.016 0.015 0.014 0.013 0.011 0.010 0.009 0.007 0.006 0.004 0.003 0.002 0.001 0.001 0.001 0.001 0.001 0.001 0.001 0.001 0.001 0.000 0.000 0.000 0.000 0.000 0.000 0.000 0.000 0.000 0.000 0.000 0.000 0.000 0.000 0.000 0.000 0.000 0.000 0.000
2.382 2.242 2.103 1.961 1.822 1.688 1.559 1.435 1.312 1.192 1.076 0.964 0.856 0.753 0.658 0.570 0.489 0.416 0.351 0.292 0.240 0.194 0.153 0.119 0.090 0.067 0.049 0.036 0.028 0.023 0.021 0.020 0.019 0.018 0.017 0.016 0.015 0.014 0.013 0.012 0.010 0.008 0.006 0.005 0.004 0.003 0.002 0.001 0.001 0.001 0.001 0.001 0.001 0.001 0.001 0.000 0.000 0.000 0.000 0.000 0.000 0.000 0.000 0.000 0.000 0.000 0.000 0.000 0.000 0.000 0.000 0.000 0.000 0.000 0.000 0.000 0.000
2.434 2.305 2.176 2.047 1.921 1.799 1.678 1.559 1.440 1.322 1.205 1.087 0.970 0.854 0.745 0.643 0.551 0.468 0.394 0.328 0.270 0.220 0.176 0.137 0.105 0.078 0.058 0.042 0.031 0.024 0.021 0.019 0.017 0.016 0.015 0.013 0.012 0.011 0.009 0.007 0.005 0.004 0.003 0.002 0.002 0.001 0.001 0.001 0.001 0.001 0.001 0.001 0.001 0.000 0.000 0.000 0.000 0.000 0.000 0.000 0.000 0.000 0.000 0.000 0.000 0.000 0.000 0.000 0.000 0.000 0.000 0.000 0.000 0.000 0.000 0.000 0.000
2.455 2.338 2.223 2.110 1.997 1.886 1.775 1.665 1.552 1.437 1.321 1.201 1.076 0.947 0.822 0.706 0.602 0.510 0.428 0.356 0.293 0.239 0.191 0.150 0.115 0.086 0.063 0.046 0.033 0.025 0.020 0.017 0.015 0.013 0.011 0.009 0.008 0.007 0.005 0.004 0.003 0.002 0.002 0.001 0.001 0.001 0.001 0.001 0.001 0.001 0.001 0.000 0.000 0.000 0.000 0.000 0.000 0.000 0.000 0.000 0.000 0.000 0.000 0.000 0.000 0.000 0.000 0.000 0.000 0.000 0.000 0.000 0.000 0.000 0.000 0.000 0.000
2.460 2.352 2.251 2.151 2.051 1.952 1.852 1.751 1.645 1.536 1.422 1.301 1.170 1.028 0.886 0.757 0.642 0.541 0.452 0.375 0.309 0.251 0.201 0.158 0.121 0.090 0.066 0.047 0.034 0.025 0.019 0.015 0.011 0.009 0.007 0.005 0.004 0.003 0.003 0.002 0.002 0.001 0.001 0.001 0.001 0.001 0.001 0.001 0.001 0.001 0.001 0.000 0.000 0.000 0.000 0.000 0.000 0.000 0.000 0.000 0.000 0.000 0.000 0.000 0.000 0.000 0.000 0.000 0.000 0.000 0.000 0.000 0.000 0.000 0.000 0.000 0.000
2.457 2.355 2.264 2.176 2.089 2.001 1.910 1.819 1.721 1.619 1.508 1.385 1.248 1.094 0.937 0.795 0.670 0.561 0.467 0.386 0.317 0.258 0.207 0.162 0.123 0.091 0.066 0.047 0.034 0.024 0.017 0.012 0.008 0.005 0.004 0.003 0.002 0.002 0.002 0.001 0.001 0.001 0.001 0.001 0.001 0.001 0.001 0.001 0.001 0.001 0.000 0.000 0.000 0.000 0.000 0.000 0.000 0.000 0.000 0.000 0.000 0.000 0.000 0.000 0.000 0.000 0.000 0.000 0.000 0.000 0.000 0.000 0.000 0.000 0.000 0.000 0.000
2.448 2.353 2.268 2.190 2.114 2.038 1.957 1.875 1.786 1.690 1.582 1.457 1.313 1.148 0.976 0.822 0.688 0.572 0.474 0.390 0.320 0.260 0.208 0.163 0.123 0.090 0.064 0.045 0.031 0.021 0.013 0.008 0.005 0.003 0.002 0.002 0.001 0.001 0.001 0.001 0.001 0.001 0.001 0.001 0.001 0.001 0.001 0.001 0.001 0.001 0.000 0.000 0.000 0.000 0.000 0.000 0.000 0.000 0.000 0.000 0.000 0.000 0.000 0.000 0.000 0.000 0.000 0.000 0.000 0.000 0.000 0.000 0.000 0.000 0.000 0.000 0.000
2.428 2.341 2.264 2.194 2.129 2.063 1.995 1.924 1.845 1.754 1.646 1.518 1.365 1.188 1.004 0.840 0.699 0.578 0.476 0.391 0.319 0.258 0.205 0.158 0.117 0.083 0.056 0.037 0.024 0.014 0.008 0.005 0.003 0.002 0.001 0.001 0.001 0.001 0.001 0.001 0.001 0.001 0.001 0.001 0.001 0.001 0.001 0.001 0.001 0.001 0.000 0.000 0.000 0.000 0.000 0.000 0.000 0.000 0.000 0.000 0.000 0.000 0.000 0.000 0.000 0.000 0.000 0.000 0.000 0.000 0.000 0.000 0.000 0.000 0.000 0.000 0.000
2.394 2.319 2.252 2.191 2.136 2.083 2.027 1.967 1.897 1.809 1.700 1.566 1.406 1.217 1.024 0.854 0.706 0.581 0.475 0.387 0.312 0.248 0.192 0.142 0.100 0.066 0.040 0.023 0.012 0.007 0.004 0.002 0.002 0.001 0.001 0.001 0.001 0.001 0.001 0.001 0.001 0.001 0.001 0.001 0.001 0.001 0.001 0.001 0.001 0.001 0.001 0.000 0.000 0.000 0.000 0.000 0.000 0.000 0.000 0.000 0.000 0.000 0.000 0.000 0.000 0.000 0.000 0.000 0.000 0.000 0.000 0.000 0.000 0.000 0.000 0.000 0.000
2.346 2.283 2.229 2.181 2.137 2.097 2.055 2.006 1.942 1.854 1.741 1.601 1.432 1.234 1.036 0.862 0.711 0.581 0.470 0.375 0.291 0.219 0.157 0.107 0.067 0.039 0.020 0.010 0.005 0.003 0.002 0.001 0.001 0.001 0.001 0.001 0.001 0.001 0.001 0.001 0.001 0.001 0.001 0.001 0.001 0.001 0.001 0.001 0.001 0.001 0.001 0.001 0.000 0.000 0.000 0.000 0.000 0.000 0.000 0.000 0.000 0.000 0.000 0.000 0.000 0.000 0.000 0.000 0.000 0.000 0.000 0.000 0.000 0.000 0.000 0.000 0.000
2.279 2.231 2.192 2.160 2.131 2.105 2.075 2.033 1.972 1.882 1.764 1.618 1.441 1.238 1.040 0.865 0.711 0.573 0.450 0.339 0.241 0.158 0.095 0.054 0.030 0.015 0.008 0.004 0.002 0.002 0.001 0.001 0.001 0.001 0.001 0.001 0.001 0.001 0.001 0.001 0.001 0.001 0.001 0.001 0.001 0.001 0.001 0.001 0.001 0.001 0.001 0.001 0.000 0.000 0.000 0.000 0.000 0.000 0.000 0.000 0.000 0.000 0.000 0.000 0.000 0.000 0.000 0.000 0.000 0.000 0.000 0.000 0.000 0.000 0.000 0.000 0.000
2.198 2.168 2.146 2.130 2.117 2.102 2.080 2.041 1.980 1.889 1.766 1.612 1.429 1.223 1.025 0.845 0.679 0.523 0.377 0.248 0.144 0.075 0.037 0.019 0.010 0.005 0.003 0.002 0.001 0.001 0.001 0.001 0.001 0.001 0.001 0.001 0.001 0.001 0.001 0.001 0.001 0.001 0.001 0.001 0.001 0.001 0.001 0.001 0.001 0.001 0.001 0.001 0.001 0.000 0.000 0.000 0.000 0.000 0.000 0.000 0.000 0.000 0.000 0.000 0.000 0.000 0.000 0.000 0.000 0.000 0.000 0.000 0.000 0.000 0.000 0.000 0.000
2.100 2.089 2.082 2.076 2.067 2.052 2.028 1.989 1.930 1.837 1.704 1.533 1.332 1.117 0.916 0.727 0.544 0.371 0.221 0.114 0.053 0.024 0.011 0.006 0.003 0.002 0.001 0.001 0.001 0.001 0.001 0.001 0.001 0.001 0.001 0.001 0.001 0.001 0.001 0.001 0.001 0.001 0.002 0.002 0.002 0.002 0.002 0.002 0.002 0.002 0.002 0.001 0.001 0.001 0.000 0.000 0.000 0.000 0.000 0.000 0.000 0.000 0.000 0.000 0.000 0.000 0.000 0.000 0.000 0.000 0.000 0.000 0.000 0.000 0.000 0.000 0.000
1.984 1.983 1.969 1.935 1.884 1.834 1.789 1.739 1.680 1.592 1.457 1.273 1.049 0.821 0.619 0.439 0.280 0.155 0.076 0.033 0.014 0.007 0.004 0.002 0.002 0.001 0.001 0.001 0.001 0.001 0.001 0.001 0.001 0.001 0.001 0.001 0.001 0.001 0.002 0.002 0.002 0.002 0.002 0.002 0.002 0.003 0.003 0.003 0.003 0.003 0.003 0.002 0.001 0.001 0.000 0.000 0.000 0.000 0.000 0.000 0.000 0.000 0.000 0.000 0.000 0.000 0.000 0.000 0.000 0.000 0.000 0.000 0.000 0.000 0.000 0.000 0.000
1.789 1.749 1.673 1.560 1.426 1.312 1.225 1.156 1.093 1.017 0.905 0.745 0.546 0.371 0.245 0.154 0.087 0.043 0.019 0.008 0.004 0.002 0.002 0.001 0.001 0.001 0.001 0.001 0.001 0.001 0.001 0.001 0.001 0.001 0.002 0.002 0.002 0.002 0.002 0.002 0.002 0.003 0.003 0.003 0.004 0.004 0.004 0.005 0.005 0.005 0.004 0.003 0.002 0.001 0.001 0.000 0.000 0.000 0.000 0.000 0.000 0.000 0.000 0.000 0.000 0.000 0.000 0.000 0.000 0.000 0.000 0.000 0.000 0.000 0.000 0.000 0.000
1.385 1.246 1.081 0.904 0.744 0.628 0.549 0.491 0.445 0.399 0.343 0.269 0.181 0.112 0.068 0.040 0.022 0.011 0.005 0.003 0.002 0.001 0.001 0.001 0.001 0.001 0.001 0.001 0.001 0.001 0.002 0.002 0.002 0.002 0.002 0.002 0.002 0.003 0.003 0.003 0.003 0.004 0.004 0.005 0.006 0.007 0.007 0.008 0.008 0.008 0.007 0.005 0.003 0.001 0.001 0.000 0.000 0.000 0.000 0.000 0.000 0.000 0.000 0.000 0.000 0.000 0.000 0.000 0.000 0.000 0.000 0.000 0.000 0.000 0.000 0.000 0.000
0.778 0.630 0.503 0.396 0.308 0.242 0.197 0.165 0.141 0.120 0.098 0.074 0.048 0.029 0.018 0.011 0.006 0.004 0.002 0.002 0.001 0.001 0.001 0.001 0.001 0.001 0.002 0.002 0.002 0.002 0.002 0.002 0.003 0.003 0.003 0.003 0.004 0.004 0.005 0.005 0.006 0.007 0.008 0.009 0.010 0.012 0.013 0.014 0.014 0.012 0.009 0.006 0.003 0.002 0.001 0.000 0.000 0.000 0.000 0.000 0.000 0.000 0.000 0.000 0.000 0.000 0.000 0.000 0.000 0.000 0.000 0.000 0.000 0.000 0.000 0.000 0.000
0.339 0.264 0.205 0.157 0.118 0.089 0.068 0.054 0.044 0.035 0.028 0.020 0.013 0.009 0.006 0.004 0.003 0.002 0.002 0.002 0.001 0.001 0.001 0.002 0.002 0.002 0.002 0.002 0.003 0.003 0.003 0.004 0.004 0.005 0.005 0.006 0.007 0.008 0.009 0.011 0.012 0.014 0.016 0.018 0.020 0.023 0.024 0.024 0.022 0.016 0.011 0.006 0.004 0.002 0.001 0.000 0.000 0.000 0.000 0.000 0.000 0.000 0.000 0.000 0.000 0.000 0.000 0.000 0.000 0.000 0.000 0.000 0.000 0.000 0.000 0.000 0.000
0.132 0.102 0.079 0.060 0.044 0.032 0.024 0.018 0.014 0.011 0.009 0.007 0.005 0.004 0.003 0.002 0.002 0.002 0.002 0.002 0.002 0.002 0.002 0.002 0.002 0.003 0.003 0.004 0.004 0.005 0.006 0.007 0.008 0.010 0.011 0.013 0.015 0.018 0.021 0.025 0.029 0.033 0.036 0.039 0.041 0.042 0.040 0.035 0.027 0.018 0.011 0.007 0.004 0.002 0.001 0.000 0.000 0.000 0.000 0.000 0.000 0.000 0.000 0.000 0.000 0.000 0.000 0.000 0.000 0.000 0.000 0.000 0.000 0.000 0.000 0.000 0.000
0.051 0.039 0.030 0.023 0.017 0.012 0.009 0.007 0.006 0.005 0.004 0.003 0.003 0.002 0.002 0.002 0.002 0.002 0.002 0.002 0.002 0.002 0.003 0.003 0.004 0.005 0.006 0.007 0.009 0.011 0.014 0.017 0.020 0.024 0.028 0.032 0.038 0.045 0.053 0.061 0.067 0.072 0.073 0.072 0.067 0.061 0.052 0.040 0.028 0.018 0.011 0.007 0.004 0.002 0.001 0.000 0.000 0.000 0.000 0.000 0.000 0.000 0.000 0.000 0.000 0.000 0.000 0.000 0.000 0.000 0.000 0.000 0.000 0.000 0.000 0.000 0.000
0.020 0.016 0.012 0.009 0.007 0.005 0.004 0.004 0.003 0.003 0.003 0.002 0.002 0.002 0.002 0.002 0.002 0.002 0.002 0.002 0.003 0.003 0.004 0.005 0.007 0.010 0.013 0.017 0.023 0.029 0.036 0.044 0.053 0.062 0.071 0.082 0.095 0.108 0.118 0.124 0.122 0.115 0.106 0.095 0.083 0.070 0.056 0.041 0.027 0.018 0.011 0.007 0.004 0.002 0.001 0.000 0.000 0.000 0.000 0.000 0.000 0.000 0.000 0.000 0.000 0.000 0.000 0.000 0.000 0.000 0.000 0.000 0.000 0.000 0.000 0.000 0.000
0.009 0.007 0.006 0.005 0.004 0.003 0.003 0.003 0.002 0.002 0.002 0.002 0.002 0.002 0.002 0.002 0.002 0.002 0.003 0.003 0.004 0.006 0.008 0.012 0.017 0.024 0.035 0.048 0.063 0.080 0.099 0.120 0.139 0.156 0.171 0.186 0.199 0.201 0.192 0.177 0.157 0.137 0.119 0.103 0.087 0.072 0.056 0.040 0.027 0.018 0.011 0.007 0.004 0.002 0.001 0.000 0.000 0.000 0.000 0.000 0.000 0.000 0.000 0.000 0.000 0.000 0.000 0.000 0.000 0.000 0.000 0.000 0.000 0.000 0.000 0.000 0.000
0.004 0.004 0.003 0.003 0.003 0.002 0.002 0.002 0.002 0.002 0.002 0.002 0.002 0.002 0.002 0.002 0.002 0.003 0.004 0.005 0.008 0.012 0.019 0.030 0.046 0.068 0.100 0.137 0.174 0.212 0.248 0.282 0.307 0.322 0.325 0.315 0.293 0.264 0.231 0.197 0.167 0.141 0.120 0.103 0.087 0.071 0.054 0.039 0.026 0.017 0.011 0.006 0.003 0.002 0.000 0.000 0.000 0.000 0.000 0.000 0.000 0.000 0.000 0.000 0.000 0.000 0.000 0.000 0.000 0.000 0.000 0.000 0.000 0.000 0.000 0.000 0.000
0.003 0.002 0.002 0.002 0.002 0.002 0.002 0.002 0.002 0.002 0.002 0.002 0.002 0.002 0.002 0.003 0.003 0.005 0.007 0.011 0.018 0.031 0.052 0.084 0.130 0.193 0.269 0.344 0.407 0.456 0.488 0.501 0.492 0.467 0.431 0.386 0.335 0.285 0.239 0.200 0.166 0.139 0.118 0.099 0.082 0.065 0.049 0.035 0.024 0.015 0.010 0.006 0.003 0.001 0.000 0.000 0.000 0.000 0.000 0.000 0.000 0.000 0.000 0.000 0.000 0.000 0.000 0.000 0.000 0.000 0.000 0.000 0.000 0.000 0.000 0.000 0.000
0.002 0.002 0.002 0.002 0.002 0.002 0.002 0.002 0.002 0.002 0.003 0.003 0.003 0.003 0.003 0.004 0.006 0.009 0.015 0.027 0.049 0.086 0.145 0.228 0.336 0.457 0.568 0.644 0.680 0.691 0.673 0.637 0.586 0.529 0.468 0.404 0.342 0.286 0.238 0.198 0.163 0.135 0.110 0.088 0.069 0.052 0.038 0.027 0.018 0.012 0.008 0.004 0.002 0.001 0.000 0.000 0.000 0.000 0.000 0.000 0.000 0.000 0.000 0.000 0.000 0.000 0.000 0.000 0.000 0.000 0.000 0.000 0.000 0.000 0.000 0.000 0.000
0.001 0.002 0.002 0.002 0.002 0.002 0.003 0.003 0.003 0.003 0.003 0.003 0.003 0.004 0.005 0.007 0.012 0.021 0.039 0.074 0.133 0.225 0.352 0.501 0.644 0.752 0.817 0.843 0.838 0.810 0.756 0.685 0.609 0.538 0.470 0.403 0.340 0.283 0.234 0.192 0.155 0.122 0.093 0.069 0.049 0.034 0.023 0.016 0.011 0.008 0.005 0.003 0.001 0.001 0.000 0.000 0.000 0.000 0.000 0.000 0.000 0.000 0.000 0.000 0.000 0.000 0.000 0.000 0.000 0.000 0.000 0.000 0.000 0.000 0.000 0.000 0.000
0.001 0.002 0.002 0.002 0.002 0.003 0.003 0.003 0.004 0.004 0.004 0.004 0.005 0.006 0.008 0.014 0.027 0.053 0.101 0.183 0.309 0.467 0.623 0.756 0.853 0.910 0.930 0.924 0.899 0.852 0.782 0.694 0.609 0.535 0.467 0.399 0.335 0.276 0.222 0.174 0.132 0.096 0.066 0.044 0.029 0.019 0.013 0.010 0.007 0.005 0.003 0.002 0.001 0.000 0.000 0.000 0.000 0.000 0.000 0.000 0.000 0.000 0.000 0.000 0.000 0.000 0.000 0.000 0.000 0.000 0.000 0.000 0.000 0.000 0.000 0.000 0.000
0.001 0.002 0.002 0.002 0.003 0.004 0.004 0.005 0.005 0.006 0.007 0.007 0.008 0.011 0.017 0.032 0.063 0.121 0.219 0.363 0.525 0.671 0.788 0.875 0.932 0.957 0.959 0.948 0.920 0.868 0.791 0.695 0.603 0.525 0.453 0.383 0.313 0.248 0.188 0.136 0.092 0.059 0.038 0.024 0.016 0.011 0.008 0.006 0.004 0.003 0.002 0.001 0.000 0.000 0.000 0.000 0.000 0.000 0.000 0.000 0.000 0.000 0.000 0.000 0.000 0.000 0.000 0.000 0.000 0.000 0.000 0.000 0.000 0.000 0.000 0.000 0.000
0.001 0.002 0.002 0.003 0.004 0.006 0.007 0.008 0.010 0.011 0.012 0.014 0.016 0.022 0.035 0.063 0.119 0.212 0.345 0.508 0.653 0.763 0.845 0.906 0.945 0.963 0.966 0.958 0.931 0.875 0.792 0.686 0.579 0.485 0.401 0.322 0.248 0.181 0.124 0.080 0.049 0.031 0.020 0.013 0.010 0.007 0.005 0.004 0.003 0.002 0.001 0.000 0.000 0.000 0.000 0.000 0.000 0.000 0.000 0.000 0.000 0.000 0.000 0.000 0.000 0.000 0.000 0.000 0.000 0.000 0.000 0.000 0.000 0.000 0.000 0.000 0.000
0.002 0.003 0.004 0.006 0.008 0.011 0.013 0.016 0.019 0.021 0.023 0.026 0.030 0.037 0.053 0.089 0.158 0.267 0.415 0.574 0.697 0.786 0.854 0.907 0.944 0.962 0.965 0.955 0.921 0.859 0.763 0.639 0.505 0.388 0.288 0.204 0.139 0.091 0.058 0.037 0.023 0.015 0.011 0.008 0.006 0.005 0.004 0.002 0.002 0.001 0.000 0.000 0.000 0.000 0.000 0.000 0.000 0.000 0.000 0.000 0.000 0.000 0.000 0.000 0.000 0.000 0.000 0.000 0.000 0.000 0.000 0.000 0.000 0.000 0.000 0.000 0.000
0.002 0.004 0.008 0.012 0.017 0.022 0.026 0.031 0.035 0.037 0.039 0.040 0.042 0.048 0.063 0.100 0.172 0.285 0.436 0.586 0.701 0.785 0.847 0.890 0.913 0.918 0.905 0.876 0.825 0.749 0.642 0.505 0.359 0.237 0.149 0.093 0.058 0.036 0.023 0.015 0.010 0.008 0.006 0.005 0.004 0.003 0.002 0.001 0.001 0.000 0.000 0.000 0.000 0.000 0.000 0.000 0.000 0.000 0.000 0.000 0.000 0.000 0.000 0.000 0.000 0.000 0.000 0.000 0.000 0.000 0.000 0.000 0.000 0.000 0.000 0.000 0.000
0.004 0.009 0.015 0.024 0.032 0.039 0.046 0.050 0.052 0.053 0.051 0.049 0.049 0.053 0.066 0.101 0.171 0.281 0.429 0.567 0.671 0.743 0.785 0.801 0.791 0.758 0.705 0.644 0.572 0.490 0.394 0.283 0.182 0.110 0.063 0.036 0.021 0.013 0.009 0.006 0.005 0.004 0.003 0.003 0.002 0.002 0.001 0.001 0.000 0.000 0.000 0.000 0.000 0.000 0.000 0.000 0.000 0.000 0.000 0.000 0.000 0.000 0.000 0.000 0.000 0.000 0.000 0.000 0.000 0.000 0.000 0.000 0.000 0.000 0.000 0.000 0.000
