RESULTS/r.avaflow_results/22_results/22_ascii/22_hflow30046.asc
ncols 506
nrows 317
xllcenter 498237.50
yllcenter 5580050.00
cellsize 12.50
NODATA_value -9999.000
[rows 170 to 203 of 317, columns 231 to 307 of 506]
0.163 0.115 0.086 0.070 0.064 0.062 0.063 0.068 0.086 0.125 0.165 0.182 0.184 0.175 0.148 0.101 0.060 0.038 0.025 0.018 0.013 0.009 0.007 0.005 0.003 0.002 0.001 0.000 0.000 0.000 0.000 0.000 0.000 0.000 0.000 0.000 0.000 0.000 0.000 0.000 0.000 0.000 0.000 0.000 0.000 0.000 0.000 0.000 0.000 0.000 0.000 0.000 0.000 0.000 0.000 0.000 0.000 0.000 0.000 0.000 0.000 0.000 0.000 0.000 0.000 0.000 0.000 0.000 0.000 0.000 0.000 0.000 0.000 0.000 0.000 0.000 0.000
0.244 0.162 0.115 0.091 0.081 0.080 0.082 0.097 0.142 0.236 0.331 0.371 0.374 0.351 0.288 0.184 0.101 0.057 0.035 0.023 0.016 0.012 0.009 0.006 0.004 0.003 0.002 0.001 0.000 0.000 0.000 0.000 0.000 0.000 0.000 0.000 0.000 0.000 0.000 0.000 0.000 0.000 0.000 0.000 0.000 0.000 0.000 0.000 0.000 0.000 0.000 0.000 0.000 0.000 0.000 0.000 0.000 0.000 0.000 0.000 0.000 0.000 0.000 0.000 0.000 0.000 0.000 0.000 0.000 0.000 0.000 0.000 0.000 0.000 0.000 0.000 0.000
0.357 0.235 0.158 0.119 0.104 0.101 0.107 0.136 0.221 0.398 0.582 0.662 0.668 0.625 0.511 0.326 0.170 0.088 0.049 0.030 0.020 0.015 0.011 0.008 0.006 0.004 0.003 0.002 0.001 0.000 0.000 0.000 0.000 0.000 0.000 0.000 0.000 0.000 0.000 0.000 0.000 0.000 0.000 0.000 0.000 0.000 0.000 0.000 0.000 0.000 0.000 0.000 0.000 0.000 0.000 0.000 0.000 0.000 0.000 0.000 0.000 0.000 0.000 0.000 0.000 0.000 0.000 0.000 0.000 0.000 0.000 0.000 0.000 0.000 0.000 0.000 0.000
0.451 0.333 0.222 0.159 0.133 0.128 0.134 0.170 0.277 0.503 0.756 0.876 0.892 0.844 0.711 0.484 0.261 0.131 0.068 0.039 0.025 0.018 0.014 0.010 0.008 0.006 0.004 0.003 0.002 0.001 0.000 0.000 0.000 0.000 0.000 0.000 0.000 0.000 0.000 0.000 0.000 0.000 0.000 0.000 0.000 0.000 0.000 0.000 0.000 0.000 0.000 0.000 0.000 0.000 0.000 0.000 0.000 0.000 0.000 0.000 0.000 0.000 0.000 0.000 0.000 0.000 0.000 0.000 0.000 0.000 0.000 0.000 0.000 0.000 0.000 0.000 0.000
0.495 0.421 0.310 0.215 0.170 0.158 0.163 0.199 0.309 0.545 0.820 0.960 0.983 0.939 0.809 0.582 0.335 0.176 0.091 0.050 0.031 0.022 0.016 0.013 0.010 0.007 0.006 0.004 0.003 0.002 0.001 0.000 0.000 0.000 0.000 0.000 0.000 0.000 0.000 0.000 0.000 0.000 0.000 0.000 0.000 0.000 0.000 0.000 0.000 0.000 0.000 0.000 0.000 0.000 0.000 0.000 0.000 0.000 0.000 0.000 0.000 0.000 0.000 0.000 0.000 0.000 0.000 0.000 0.000 0.000 0.000 0.000 0.000 0.000 0.000 0.000 0.000
0.505 0.464 0.387 0.284 0.216 0.194 0.195 0.226 0.329 0.551 0.818 0.959 0.986 0.948 0.827 0.618 0.381 0.215 0.116 0.064 0.039 0.026 0.019 0.015 0.012 0.009 0.007 0.005 0.004 0.003 0.002 0.001 0.000 0.000 0.000 0.000 0.000 0.000 0.000 0.000 0.000 0.000 0.000 0.000 0.000 0.000 0.000 0.000 0.000 0.000 0.000 0.000 0.000 0.000 0.000 0.000 0.000 0.000 0.000 0.000 0.000 0.000 0.000 0.000 0.000 0.000 0.000 0.000 0.000 0.000 0.000 0.000 0.000 0.000 0.000 0.000 0.000
0.492 0.472 0.427 0.346 0.270 0.236 0.233 0.258 0.345 0.535 0.766 0.893 0.922 0.896 0.798 0.619 0.404 0.244 0.139 0.079 0.047 0.031 0.023 0.018 0.014 0.012 0.009 0.007 0.006 0.004 0.003 0.002 0.001 0.000 0.000 0.000 0.000 0.000 0.000 0.000 0.000 0.000 0.000 0.000 0.000 0.000 0.000 0.000 0.000 0.000 0.000 0.000 0.000 0.000 0.000 0.000 0.000 0.000 0.000 0.000 0.000 0.000 0.000 0.000 0.000 0.000 0.000 0.000 0.000 0.000 0.000 0.000 0.000 0.000 0.000 0.000 0.000
0.460 0.458 0.435 0.386 0.326 0.292 0.284 0.298 0.361 0.495 0.653 0.742 0.769 0.761 0.703 0.581 0.408 0.259 0.157 0.092 0.057 0.038 0.027 0.021 0.017 0.014 0.011 0.009 0.007 0.006 0.004 0.003 0.002 0.001 0.001 0.000 0.000 0.000 0.000 0.000 0.000 0.000 0.000 0.000 0.000 0.000 0.000 0.000 0.000 0.000 0.000 0.000 0.000 0.000 0.000 0.000 0.000 0.000 0.000 0.000 0.000 0.000 0.000 0.000 0.000 0.000 0.000 0.000 0.000 0.000 0.000 0.000 0.000 0.000 0.000 0.000 0.000
0.410 0.426 0.423 0.401 0.368 0.348 0.343 0.350 0.384 0.458 0.533 0.572 0.582 0.575 0.547 0.486 0.383 0.262 0.168 0.105 0.067 0.046 0.033 0.026 0.021 0.017 0.014 0.012 0.010 0.008 0.006 0.004 0.003 0.002 0.001 0.001 0.000 0.000 0.000 0.000 0.000 0.000 0.000 0.000 0.000 0.000 0.000 0.000 0.000 0.000 0.000 0.000 0.000 0.000 0.000 0.000 0.000 0.000 0.000 0.000 0.000 0.000 0.000 0.000 0.000 0.000 0.000 0.000 0.000 0.000 0.000 0.000 0.000 0.000 0.000 0.000 0.000
0.343 0.382 0.396 0.395 0.386 0.382 0.385 0.394 0.414 0.445 0.467 0.473 0.464 0.442 0.410 0.371 0.320 0.249 0.175 0.119 0.080 0.056 0.042 0.033 0.026 0.022 0.018 0.015 0.012 0.010 0.008 0.006 0.005 0.004 0.003 0.002 0.001 0.001 0.000 0.000 0.000 0.000 0.000 0.000 0.000 0.000 0.000 0.000 0.000 0.000 0.000 0.000 0.000 0.000 0.000 0.000 0.000 0.000 0.000 0.000 0.000 0.000 0.000 0.000 0.000 0.000 0.000 0.000 0.000 0.000 0.000 0.000 0.000 0.000 0.000 0.000 0.000
0.277 0.325 0.359 0.377 0.386 0.395 0.406 0.421 0.435 0.443 0.442 0.429 0.402 0.366 0.331 0.299 0.266 0.228 0.181 0.134 0.097 0.072 0.055 0.043 0.035 0.028 0.023 0.019 0.016 0.013 0.011 0.009 0.007 0.005 0.004 0.003 0.002 0.002 0.001 0.001 0.000 0.000 0.000 0.000 0.000 0.000 0.000 0.000 0.000 0.000 0.000 0.000 0.000 0.000 0.000 0.000 0.000 0.000 0.000 0.000 0.000 0.000 0.000 0.000 0.000 0.000 0.000 0.000 0.000 0.000 0.000 0.000 0.000 0.000 0.000 0.000 0.000
0.226 0.269 0.309 0.345 0.373 0.394 0.414 0.432 0.442 0.444 0.436 0.412 0.371 0.326 0.291 0.265 0.242 0.219 0.190 0.155 0.122 0.096 0.076 0.062 0.050 0.040 0.032 0.026 0.021 0.017 0.014 0.011 0.009 0.008 0.006 0.005 0.004 0.003 0.002 0.002 0.001 0.001 0.000 0.000 0.000 0.000 0.000 0.000 0.000 0.000 0.000 0.000 0.000 0.000 0.000 0.000 0.000 0.000 0.000 0.000 0.000 0.000 0.000 0.000 0.000 0.000 0.000 0.000 0.000 0.000 0.000 0.000 0.000 0.000 0.000 0.000 0.000
0.194 0.229 0.265 0.302 0.343 0.382 0.412 0.433 0.443 0.445 0.435 0.407 0.360 0.311 0.277 0.255 0.238 0.223 0.207 0.186 0.161 0.136 0.115 0.097 0.080 0.065 0.050 0.038 0.029 0.023 0.018 0.015 0.012 0.010 0.009 0.007 0.006 0.005 0.004 0.003 0.003 0.002 0.001 0.001 0.001 0.000 0.000 0.000 0.000 0.000 0.000 0.000 0.000 0.000 0.000 0.000 0.000 0.000 0.000 0.000 0.000 0.000 0.000 0.000 0.000 0.000 0.000 0.000 0.000 0.000 0.000 0.000 0.000 0.000 0.000 0.000 0.000
0.178 0.208 0.241 0.277 0.317 0.363 0.403 0.430 0.443 0.444 0.436 0.408 0.360 0.310 0.276 0.257 0.246 0.240 0.236 0.231 0.221 0.204 0.186 0.165 0.143 0.118 0.090 0.064 0.045 0.033 0.025 0.020 0.016 0.014 0.012 0.010 0.009 0.008 0.007 0.006 0.005 0.004 0.003 0.003 0.002 0.001 0.001 0.001 0.000 0.000 0.000 0.000 0.000 0.000 0.000 0.000 0.000 0.000 0.000 0.000 0.000 0.000 0.000 0.000 0.000 0.000 0.000 0.000 0.000 0.000 0.000 0.000 0.000 0.000 0.000 0.000 0.000
0.173 0.201 0.234 0.270 0.309 0.355 0.400 0.431 0.446 0.451 0.445 0.423 0.379 0.327 0.295 0.281 0.278 0.281 0.290 0.302 0.316 0.322 0.315 0.299 0.273 0.235 0.183 0.122 0.078 0.052 0.036 0.027 0.021 0.018 0.015 0.014 0.012 0.011 0.010 0.009 0.008 0.007 0.006 0.005 0.004 0.003 0.002 0.002 0.001 0.001 0.000 0.000 0.000 0.000 0.000 0.000 0.000 0.000 0.000 0.000 0.000 0.000 0.000 0.000 0.000 0.000 0.000 0.000 0.000 0.000 0.000 0.000 0.000 0.000 0.000 0.000 0.000
0.173 0.201 0.234 0.270 0.311 0.357 0.405 0.446 0.474 0.488 0.491 0.480 0.449 0.402 0.369 0.356 0.356 0.364 0.382 0.415 0.465 0.517 0.541 0.541 0.521 0.471 0.381 0.253 0.146 0.086 0.055 0.038 0.029 0.024 0.020 0.018 0.016 0.015 0.014 0.013 0.012 0.010 0.009 0.008 0.007 0.006 0.005 0.004 0.003 0.002 0.001 0.001 0.000 0.000 0.000 0.000 0.000 0.000 0.000 0.000 0.000 0.000 0.000 0.000 0.000 0.000 0.000 0.000 0.000 0.000 0.000 0.000 0.000 0.000 0.000 0.000 0.000
0.178 0.207 0.241 0.280 0.324 0.374 0.436 0.508 0.571 0.613 0.637 0.644 0.633 0.604 0.563 0.528 0.514 0.516 0.537 0.590 0.684 0.806 0.889 0.924 0.923 0.872 0.740 0.514 0.283 0.151 0.087 0.057 0.041 0.033 0.028 0.024 0.022 0.021 0.019 0.018 0.017 0.015 0.014 0.012 0.011 0.010 0.008 0.007 0.006 0.004 0.003 0.002 0.001 0.001 0.000 0.000 0.000 0.000 0.000 0.000 0.000 0.000 0.000 0.000 0.000 0.000 0.000 0.000 0.000 0.000 0.000 0.000 0.000 0.000 0.000 0.000 0.000
0.191 0.224 0.263 0.307 0.359 0.427 0.527 0.675 0.821 0.923 0.984 1.013 1.018 1.000 0.935 0.839 0.784 0.768 0.781 0.846 0.985 1.194 1.370 1.465 1.490 1.451 1.285 0.946 0.529 0.271 0.147 0.089 0.062 0.047 0.039 0.034 0.031 0.028 0.027 0.025 0.024 0.022 0.020 0.018 0.016 0.014 0.013 0.011 0.009 0.008 0.006 0.005 0.003 0.002 0.001 0.001 0.000 0.000 0.000 0.000 0.000 0.000 0.000 0.000 0.000 0.000 0.000 0.000 0.000 0.000 0.000 0.000 0.000 0.000 0.000 0.000 0.000
0.203 0.246 0.295 0.354 0.427 0.538 0.729 1.024 1.308 1.494 1.594 1.635 1.639 1.599 1.480 1.303 1.181 1.131 1.132 1.197 1.380 1.697 1.995 2.167 2.223 2.188 1.977 1.515 0.900 0.475 0.252 0.147 0.096 0.070 0.056 0.048 0.044 0.041 0.039 0.038 0.036 0.033 0.030 0.027 0.024 0.021 0.019 0.017 0.015 0.013 0.011 0.009 0.007 0.005 0.003 0.002 0.001 0.000 0.000 0.000 0.000 0.000 0.000 0.000 0.000 0.000 0.000 0.000 0.000 0.000 0.000 0.000 0.000 0.000 0.000 0.000 0.000
0.205 0.253 0.312 0.393 0.515 0.717 1.061 1.557 1.953 2.163 2.242 2.257 2.234 2.145 1.971 1.776 1.652 1.592 1.582 1.650 1.894 2.350 2.744 2.927 2.951 2.847 2.525 1.940 1.236 0.729 0.418 0.246 0.157 0.110 0.086 0.073 0.067 0.064 0.063 0.061 0.058 0.054 0.047 0.040 0.035 0.031 0.028 0.026 0.023 0.021 0.019 0.016 0.013 0.010 0.006 0.004 0.002 0.001 0.000 0.000 0.000 0.000 0.000 0.000 0.000 0.000 0.000 0.000 0.000 0.000 0.000 0.000 0.000 0.000 0.000 0.000 0.000
0.194 0.246 0.311 0.404 0.562 0.849 1.327 1.946 2.380 2.585 2.638 2.634 2.592 2.476 2.278 2.107 2.019 1.991 2.016 2.162 2.522 3.047 3.402 3.526 3.501 3.302 2.859 2.163 1.440 0.932 0.603 0.392 0.257 0.180 0.139 0.120 0.112 0.110 0.110 0.110 0.107 0.098 0.084 0.068 0.056 0.048 0.042 0.039 0.036 0.034 0.031 0.028 0.025 0.019 0.013 0.007 0.004 0.002 0.001 0.000 0.000 0.000 0.000 0.000 0.000 0.000 0.000 0.000 0.000 0.000 0.000 0.000 0.000 0.000 0.000 0.000 0.000
0.160 0.214 0.286 0.390 0.566 0.893 1.435 2.102 2.552 2.759 2.811 2.807 2.760 2.637 2.441 2.305 2.255 2.261 2.345 2.585 3.039 3.545 3.829 3.904 3.837 3.554 3.007 2.230 1.529 1.048 0.729 0.517 0.376 0.285 0.232 0.206 0.198 0.201 0.213 0.219 0.215 0.199 0.168 0.128 0.099 0.080 0.068 0.062 0.058 0.055 0.053 0.050 0.046 0.038 0.025 0.014 0.008 0.004 0.002 0.001 0.000 0.000 0.000 0.000 0.000 0.000 0.000 0.000 0.000 0.000 0.000 0.000 0.000 0.000 0.000 0.000 0.000
0.105 0.153 0.223 0.334 0.524 0.866 1.420 2.098 2.559 2.778 2.843 2.844 2.804 2.687 2.506 2.401 2.378 2.416 2.564 2.869 3.349 3.781 4.001 4.047 3.958 3.631 3.030 2.216 1.543 1.086 0.784 0.582 0.451 0.371 0.329 0.314 0.317 0.343 0.390 0.414 0.415 0.392 0.337 0.258 0.188 0.144 0.117 0.103 0.097 0.094 0.093 0.091 0.087 0.074 0.049 0.027 0.014 0.007 0.003 0.001 0.000 0.000 0.000 0.000 0.000 0.000 0.000 0.000 0.000 0.000 0.000 0.000 0.000 0.000 0.000 0.000 0.000
0.063 0.091 0.140 0.232 0.405 0.725 1.247 1.916 2.412 2.681 2.792 2.813 2.784 2.681 2.514 2.426 2.418 2.481 2.663 2.989 3.442 3.801 3.977 4.008 3.908 3.560 2.914 2.094 1.476 1.063 0.783 0.595 0.476 0.410 0.382 0.378 0.393 0.446 0.533 0.585 0.597 0.582 0.532 0.446 0.343 0.262 0.209 0.181 0.171 0.169 0.169 0.169 0.163 0.139 0.091 0.050 0.026 0.013 0.006 0.002 0.001 0.000 0.000 0.000 0.000 0.000 0.000 0.000 0.000 0.000 0.000 0.000 0.000 0.000 0.000 0.000 0.000
0.039 0.053 0.079 0.129 0.237 0.462 0.867 1.457 2.019 2.385 2.582 2.656 2.656 2.595 2.472 2.407 2.409 2.483 2.666 2.969 3.318 3.546 3.636 3.631 3.495 3.121 2.469 1.738 1.235 0.918 0.706 0.560 0.465 0.414 0.396 0.397 0.422 0.487 0.591 0.657 0.678 0.671 0.635 0.566 0.474 0.394 0.338 0.306 0.293 0.291 0.292 0.289 0.269 0.215 0.133 0.072 0.036 0.017 0.008 0.003 0.001 0.000 0.000 0.000 0.000 0.000 0.000 0.000 0.000 0.000 0.000 0.000 0.000 0.000 0.000 0.000 0.000
0.026 0.034 0.046 0.069 0.119 0.226 0.442 0.821 1.336 1.813 2.128 2.289 2.346 2.347 2.302 2.278 2.299 2.376 2.517 2.686 2.807 2.829 2.783 2.690 2.496 2.128 1.581 1.082 0.779 0.609 0.509 0.442 0.399 0.378 0.376 0.387 0.418 0.486 0.591 0.662 0.687 0.685 0.659 0.606 0.532 0.470 0.430 0.408 0.400 0.397 0.393 0.378 0.337 0.254 0.152 0.082 0.041 0.019 0.009 0.003 0.001 0.000 0.000 0.000 0.000 0.000 0.000 0.000 0.000 0.000 0.000 0.000 0.000 0.000 0.000 0.000 0.000
0.019 0.023 0.029 0.040 0.061 0.105 0.195 0.370 0.655 1.038 1.398 1.650 1.797 1.877 1.918 1.943 1.978 2.022 2.054 1.996 1.844 1.670 1.515 1.379 1.222 0.997 0.706 0.484 0.359 0.298 0.271 0.262 0.265 0.280 0.302 0.330 0.371 0.439 0.535 0.602 0.633 0.638 0.627 0.593 0.538 0.493 0.469 0.457 0.451 0.445 0.434 0.409 0.355 0.259 0.153 0.083 0.042 0.020 0.009 0.003 0.001 0.000 0.000 0.000 0.000 0.000 0.000 0.000 0.000 0.000 0.000 0.000 0.000 0.000 0.000 0.000 0.000
0.014 0.017 0.021 0.026 0.036 0.053 0.087 0.152 0.271 0.463 0.702 0.913 1.073 1.198 1.292 1.349 1.371 1.349 1.255 1.077 0.883 0.745 0.646 0.562 0.480 0.382 0.272 0.195 0.154 0.138 0.133 0.136 0.144 0.161 0.187 0.221 0.265 0.323 0.394 0.448 0.481 0.499 0.507 0.507 0.495 0.480 0.470 0.464 0.458 0.449 0.432 0.400 0.340 0.241 0.142 0.078 0.039 0.019 0.008 0.003 0.001 0.000 0.000 0.000 0.000 0.000 0.000 0.000 0.000 0.000 0.000 0.000 0.000 0.000 0.000 0.000 0.000
0.010 0.012 0.015 0.019 0.024 0.031 0.045 0.068 0.110 0.184 0.297 0.425 0.536 0.625 0.688 0.718 0.717 0.681 0.595 0.468 0.362 0.297 0.254 0.220 0.185 0.148 0.112 0.087 0.075 0.071 0.071 0.073 0.079 0.089 0.104 0.125 0.151 0.183 0.220 0.249 0.271 0.290 0.310 0.339 0.376 0.408 0.422 0.425 0.422 0.409 0.385 0.344 0.277 0.186 0.110 0.061 0.032 0.016 0.007 0.003 0.001 0.000 0.000 0.000 0.000 0.000 0.000 0.000 0.000 0.000 0.000 0.000 0.000 0.000 0.000 0.000 0.000
0.007 0.009 0.011 0.014 0.017 0.021 0.027 0.036 0.052 0.078 0.122 0.183 0.243 0.292 0.322 0.332 0.327 0.303 0.255 0.193 0.150 0.126 0.109 0.096 0.083 0.069 0.057 0.048 0.044 0.043 0.044 0.045 0.048 0.053 0.061 0.071 0.084 0.099 0.114 0.127 0.138 0.149 0.163 0.185 0.224 0.272 0.302 0.312 0.312 0.300 0.273 0.228 0.167 0.105 0.064 0.037 0.020 0.010 0.005 0.002 0.001 0.000 0.000 0.000 0.000 0.000 0.000 0.000 0.000 0.000 0.000 0.000 0.000 0.000 0.000 0.000 0.000
0.005 0.007 0.008 0.010 0.012 0.015 0.018 0.023 0.030 0.040 0.058 0.084 0.113 0.134 0.146 0.149 0.146 0.135 0.114 0.088 0.072 0.063 0.056 0.051 0.046 0.041 0.036 0.032 0.031 0.031 0.031 0.031 0.033 0.036 0.039 0.044 0.050 0.056 0.063 0.069 0.074 0.080 0.087 0.100 0.122 0.150 0.165 0.169 0.168 0.161 0.145 0.119 0.085 0.055 0.034 0.020 0.012 0.006 0.003 0.001 0.000 0.000 0.000 0.000 0.000 0.000 0.000 0.000 0.000 0.000 0.000 0.000 0.000 0.000 0.000 0.000 0.000
0.003 0.004 0.006 0.007 0.009 0.011 0.013 0.016 0.020 0.025 0.032 0.044 0.057 0.066 0.071 0.072 0.071 0.067 0.058 0.048 0.041 0.037 0.035 0.033 0.031 0.028 0.026 0.024 0.023 0.023 0.023 0.024 0.024 0.026 0.027 0.030 0.032 0.036 0.038 0.041 0.044 0.047 0.051 0.057 0.068 0.079 0.084 0.084 0.084 0.081 0.074 0.062 0.045 0.030 0.019 0.012 0.007 0.003 0.002 0.001 0.000 0.000 0.000 0.000 0.000 0.000 0.000 0.000 0.000 0.000 0.000 0.000 0.000 0.000 0.000 0.000 0.000
0.002 0.003 0.004 0.005 0.006 0.008 0.009 0.011 0.014 0.017 0.021 0.027 0.033 0.037 0.039 0.039 0.039 0.037 0.034 0.030 0.027 0.026 0.024 0.023 0.022 0.021 0.019 0.018 0.018 0.018 0.018 0.018 0.018 0.019 0.020 0.021 0.023 0.024 0.026 0.027 0.029 0.030 0.032 0.035 0.040 0.044 0.045 0.045 0.045 0.043 0.040 0.034 0.025 0.017 0.011 0.006 0.004 0.002 0.001 0.000 0.000 0.000 0.000 0.000 0.000 0.000 0.000 0.000 0.000 0.000 0.000 0.000 0.000 0.000 0.000 0.000 0.000
0.001 0.002 0.002 0.003 0.004 0.005 0.007 0.008 0.010 0.012 0.015 0.018 0.021 0.023 0.024 0.024 0.024 0.023 0.022 0.020 0.019 0.018 0.018 0.017 0.016 0.016 0.015 0.014 0.014 0.013 0.013 0.013 0.014 0.014 0.014 0.015 0.016 0.017 0.018 0.019 0.019 0.020 0.022 0.023 0.025 0.026 0.027 0.027 0.026 0.025 0.023 0.020 0.015 0.010 0.006 0.004 0.002 0.001 0.000 0.000 0.000 0.000 0.000 0.000 0.000 0.000 0.000 0.000 0.000 0.000 0.000 0.000 0.000 0.000 0.000 0.000 0.000
