RESULTS/r.avaflow_results/22_results/22_ascii/22_hflow30053.asc
ncols 506
nrows 317
xllcenter 498237.50
yllcenter 5580050.00
cellsize 12.50
NODATA_value -9999.000
[rows 170 to 203 of 317, columns 231 to 307 of 506]
0.152 0.109 0.083 0.069 0.063 0.062 0.063 0.070 0.090 0.134 0.181 0.201 0.203 0.193 0.163 0.110 0.065 0.040 0.026 0.018 0.013 0.010 0.007 0.005 0.003 0.002 0.001 0.000 0.000 0.000 0.000 0.000 0.000 0.000 0.000 0.000 0.000 0.000 0.000 0.000 0.000 0.000 0.000 0.000 0.000 0.000 0.000 0.000 0.000 0.000 0.000 0.000 0.000 0.000 0.000 0.000 0.000 0.000 0.000 0.000 0.000 0.000 0.000 0.000 0.000 0.000 0.000 0.000 0.000 0.000 0.000 0.000 0.000 0.000 0.000 0.000 0.000
0.232 0.156 0.112 0.090 0.081 0.080 0.084 0.101 0.152 0.260 0.371 0.418 0.421 0.395 0.323 0.204 0.110 0.061 0.037 0.024 0.017 0.012 0.009 0.007 0.005 0.003 0.002 0.001 0.000 0.000 0.000 0.000 0.000 0.000 0.000 0.000 0.000 0.000 0.000 0.000 0.000 0.000 0.000 0.000 0.000 0.000 0.000 0.000 0.000 0.000 0.000 0.000 0.000 0.000 0.000 0.000 0.000 0.000 0.000 0.000 0.000 0.000 0.000 0.000 0.000 0.000 0.000 0.000 0.000 0.000 0.000 0.000 0.000 0.000 0.000 0.000 0.000
0.346 0.230 0.156 0.119 0.105 0.103 0.110 0.144 0.242 0.448 0.663 0.757 0.765 0.715 0.583 0.370 0.190 0.096 0.052 0.032 0.021 0.015 0.011 0.009 0.006 0.004 0.003 0.002 0.001 0.000 0.000 0.000 0.000 0.000 0.000 0.000 0.000 0.000 0.000 0.000 0.000 0.000 0.000 0.000 0.000 0.000 0.000 0.000 0.000 0.000 0.000 0.000 0.000 0.000 0.000 0.000 0.000 0.000 0.000 0.000 0.000 0.000 0.000 0.000 0.000 0.000 0.000 0.000 0.000 0.000 0.000 0.000 0.000 0.000 0.000 0.000 0.000
0.440 0.328 0.221 0.159 0.135 0.131 0.139 0.182 0.308 0.576 0.873 1.014 1.032 0.975 0.818 0.552 0.295 0.145 0.073 0.041 0.027 0.019 0.014 0.011 0.008 0.006 0.004 0.003 0.002 0.001 0.000 0.000 0.000 0.000 0.000 0.000 0.000 0.000 0.000 0.000 0.000 0.000 0.000 0.000 0.000 0.000 0.000 0.000 0.000 0.000 0.000 0.000 0.000 0.000 0.000 0.000 0.000 0.000 0.000 0.000 0.000 0.000 0.000 0.000 0.000 0.000 0.000 0.000 0.000 0.000 0.000 0.000 0.000 0.000 0.000 0.000 0.000
0.483 0.412 0.306 0.215 0.173 0.163 0.170 0.214 0.346 0.629 0.953 1.116 1.142 1.089 0.934 0.663 0.377 0.195 0.099 0.054 0.033 0.023 0.017 0.013 0.010 0.008 0.006 0.004 0.003 0.002 0.001 0.000 0.000 0.000 0.000 0.000 0.000 0.000 0.000 0.000 0.000 0.000 0.000 0.000 0.000 0.000 0.000 0.000 0.000 0.000 0.000 0.000 0.000 0.000 0.000 0.000 0.000 0.000 0.000 0.000 0.000 0.000 0.000 0.000 0.000 0.000 0.000 0.000 0.000 0.000 0.000 0.000 0.000 0.000 0.000 0.000 0.000
0.492 0.452 0.377 0.280 0.219 0.200 0.204 0.244 0.370 0.638 0.953 1.117 1.147 1.100 0.954 0.703 0.427 0.237 0.126 0.068 0.040 0.027 0.020 0.015 0.012 0.010 0.007 0.006 0.004 0.003 0.002 0.001 0.000 0.000 0.000 0.000 0.000 0.000 0.000 0.000 0.000 0.000 0.000 0.000 0.000 0.000 0.000 0.000 0.000 0.000 0.000 0.000 0.000 0.000 0.000 0.000 0.000 0.000 0.000 0.000 0.000 0.000 0.000 0.000 0.000 0.000 0.000 0.000 0.000 0.000 0.000 0.000 0.000 0.000 0.000 0.000 0.000
0.478 0.458 0.412 0.335 0.271 0.245 0.245 0.277 0.388 0.623 0.895 1.040 1.071 1.038 0.917 0.700 0.448 0.266 0.150 0.083 0.049 0.032 0.024 0.018 0.015 0.012 0.009 0.007 0.006 0.004 0.003 0.002 0.001 0.000 0.000 0.000 0.000 0.000 0.000 0.000 0.000 0.000 0.000 0.000 0.000 0.000 0.000 0.000 0.000 0.000 0.000 0.000 0.000 0.000 0.000 0.000 0.000 0.000 0.000 0.000 0.000 0.000 0.000 0.000 0.000 0.000 0.000 0.000 0.000 0.000 0.000 0.000 0.000 0.000 0.000 0.000 0.000
0.444 0.442 0.418 0.369 0.322 0.300 0.298 0.321 0.406 0.579 0.764 0.863 0.891 0.877 0.803 0.652 0.447 0.279 0.166 0.096 0.058 0.039 0.028 0.022 0.017 0.014 0.012 0.009 0.007 0.006 0.004 0.003 0.002 0.001 0.001 0.000 0.000 0.000 0.000 0.000 0.000 0.000 0.000 0.000 0.000 0.000 0.000 0.000 0.000 0.000 0.000 0.000 0.000 0.000 0.000 0.000 0.000 0.000 0.000 0.000 0.000 0.000 0.000 0.000 0.000 0.000 0.000 0.000 0.000 0.000 0.000 0.000 0.000 0.000 0.000 0.000 0.000
0.389 0.406 0.403 0.381 0.356 0.347 0.350 0.371 0.428 0.526 0.610 0.650 0.659 0.648 0.611 0.536 0.414 0.278 0.175 0.108 0.068 0.046 0.034 0.026 0.021 0.017 0.014 0.012 0.010 0.008 0.006 0.004 0.003 0.002 0.001 0.001 0.000 0.000 0.000 0.000 0.000 0.000 0.000 0.000 0.000 0.000 0.000 0.000 0.000 0.000 0.000 0.000 0.000 0.000 0.000 0.000 0.000 0.000 0.000 0.000 0.000 0.000 0.000 0.000 0.000 0.000 0.000 0.000 0.000 0.000 0.000 0.000 0.000 0.000 0.000 0.000 0.000
0.317 0.354 0.370 0.372 0.370 0.374 0.386 0.410 0.450 0.494 0.516 0.520 0.508 0.481 0.444 0.398 0.339 0.259 0.180 0.120 0.081 0.056 0.041 0.032 0.026 0.021 0.018 0.015 0.012 0.010 0.008 0.006 0.005 0.004 0.003 0.002 0.001 0.001 0.000 0.000 0.000 0.000 0.000 0.000 0.000 0.000 0.000 0.000 0.000 0.000 0.000 0.000 0.000 0.000 0.000 0.000 0.000 0.000 0.000 0.000 0.000 0.000 0.000 0.000 0.000 0.000 0.000 0.000 0.000 0.000 0.000 0.000 0.000 0.000 0.000 0.000 0.000
0.254 0.295 0.327 0.349 0.366 0.384 0.407 0.436 0.464 0.478 0.476 0.460 0.428 0.388 0.349 0.314 0.277 0.234 0.183 0.134 0.097 0.071 0.053 0.042 0.034 0.028 0.023 0.019 0.015 0.013 0.010 0.009 0.007 0.005 0.004 0.003 0.002 0.002 0.001 0.001 0.000 0.000 0.000 0.000 0.000 0.000 0.000 0.000 0.000 0.000 0.000 0.000 0.000 0.000 0.000 0.000 0.000 0.000 0.000 0.000 0.000 0.000 0.000 0.000 0.000 0.000 0.000 0.000 0.000 0.000 0.000 0.000 0.000 0.000 0.000 0.000 0.000
0.210 0.245 0.279 0.311 0.346 0.383 0.418 0.450 0.470 0.474 0.465 0.437 0.392 0.343 0.306 0.277 0.251 0.224 0.191 0.153 0.119 0.093 0.073 0.059 0.048 0.038 0.031 0.025 0.020 0.017 0.014 0.011 0.009 0.008 0.006 0.005 0.004 0.003 0.002 0.002 0.001 0.001 0.001 0.000 0.000 0.000 0.000 0.000 0.000 0.000 0.000 0.000 0.000 0.000 0.000 0.000 0.000 0.000 0.000 0.000 0.000 0.000 0.000 0.000 0.000 0.000 0.000 0.000 0.000 0.000 0.000 0.000 0.000 0.000 0.000 0.000 0.000
0.183 0.214 0.246 0.282 0.324 0.377 0.426 0.459 0.476 0.477 0.465 0.434 0.384 0.331 0.294 0.268 0.248 0.228 0.207 0.182 0.154 0.129 0.108 0.090 0.074 0.059 0.046 0.035 0.028 0.022 0.018 0.014 0.012 0.010 0.009 0.007 0.006 0.005 0.004 0.003 0.003 0.002 0.002 0.001 0.001 0.001 0.000 0.000 0.000 0.000 0.000 0.000 0.000 0.000 0.000 0.000 0.000 0.000 0.000 0.000 0.000 0.000 0.000 0.000 0.000 0.000 0.000 0.000 0.000 0.000 0.000 0.000 0.000 0.000 0.000 0.000 0.000
0.172 0.200 0.234 0.272 0.318 0.377 0.435 0.472 0.488 0.490 0.478 0.445 0.393 0.337 0.298 0.274 0.259 0.248 0.239 0.226 0.208 0.188 0.169 0.148 0.127 0.104 0.079 0.057 0.042 0.031 0.024 0.019 0.016 0.013 0.012 0.010 0.009 0.008 0.007 0.006 0.005 0.004 0.003 0.003 0.002 0.002 0.001 0.001 0.001 0.001 0.001 0.001 0.001 0.001 0.001 0.001 0.001 0.001 0.001 0.001 0.001 0.001 0.001 0.001 0.001 0.000 0.000 0.000 0.000 0.000 0.000 0.000 0.000 0.000 0.000 0.000 0.000
0.169 0.198 0.233 0.274 0.325 0.392 0.461 0.506 0.528 0.533 0.526 0.498 0.448 0.388 0.340 0.313 0.301 0.298 0.297 0.295 0.293 0.288 0.277 0.260 0.235 0.200 0.156 0.106 0.069 0.047 0.034 0.025 0.020 0.017 0.015 0.013 0.012 0.011 0.010 0.009 0.008 0.007 0.006 0.005 0.004 0.004 0.003 0.003 0.003 0.003 0.003 0.003 0.003 0.003 0.004 0.004 0.004 0.004 0.004 0.004 0.004 0.004 0.004 0.003 0.002 0.001 0.000 0.000 0.000 0.000 0.000 0.000 0.000 0.000 0.000 0.000 0.000
0.173 0.204 0.244 0.295 0.360 0.446 0.540 0.606 0.646 0.663 0.665 0.650 0.612 0.551 0.483 0.430 0.404 0.397 0.398 0.406 0.424 0.451 0.466 0.462 0.442 0.397 0.322 0.216 0.127 0.076 0.050 0.036 0.028 0.023 0.020 0.018 0.016 0.015 0.014 0.012 0.011 0.010 0.009 0.008 0.007 0.006 0.006 0.006 0.006 0.006 0.006 0.006 0.006 0.006 0.007 0.008 0.009 0.009 0.009 0.009 0.009 0.008 0.008 0.006 0.004 0.002 0.001 0.000 0.000 0.000 0.000 0.000 0.000 0.000 0.000 0.000 0.000
0.188 0.229 0.283 0.356 0.452 0.579 0.732 0.855 0.936 0.985 1.004 1.005 0.982 0.922 0.813 0.685 0.605 0.571 0.568 0.583 0.626 0.700 0.768 0.797 0.795 0.751 0.637 0.442 0.244 0.132 0.078 0.052 0.038 0.031 0.026 0.023 0.021 0.020 0.019 0.017 0.016 0.014 0.013 0.012 0.011 0.010 0.010 0.009 0.009 0.009 0.009 0.010 0.010 0.011 0.012 0.014 0.015 0.016 0.016 0.016 0.016 0.015 0.014 0.011 0.007 0.004 0.002 0.001 0.000 0.000 0.000 0.000 0.000 0.000 0.000 0.000 0.000
0.223 0.283 0.365 0.475 0.620 0.818 1.085 1.332 1.496 1.592 1.637 1.649 1.631 1.548 1.365 1.107 0.929 0.845 0.827 0.845 0.914 1.052 1.208 1.297 1.322 1.288 1.138 0.831 0.461 0.236 0.129 0.080 0.056 0.043 0.036 0.032 0.029 0.027 0.026 0.024 0.022 0.020 0.018 0.016 0.015 0.014 0.014 0.014 0.014 0.014 0.014 0.015 0.016 0.017 0.019 0.022 0.025 0.026 0.027 0.028 0.027 0.027 0.024 0.020 0.013 0.008 0.005 0.003 0.001 0.000 0.000 0.000 0.000 0.000 0.000 0.000 0.000
0.255 0.340 0.457 0.619 0.846 1.163 1.603 2.024 2.292 2.413 2.444 2.433 2.369 2.218 1.954 1.621 1.371 1.229 1.185 1.201 1.302 1.532 1.808 1.977 2.035 2.008 1.812 1.376 0.803 0.418 0.220 0.129 0.085 0.063 0.052 0.045 0.041 0.039 0.037 0.035 0.033 0.029 0.026 0.023 0.021 0.020 0.020 0.020 0.020 0.020 0.020 0.022 0.023 0.026 0.030 0.035 0.041 0.044 0.047 0.048 0.048 0.047 0.043 0.034 0.022 0.014 0.008 0.005 0.002 0.001 0.000 0.000 0.000 0.000 0.000 0.000 0.000
0.263 0.360 0.497 0.698 0.996 1.440 2.053 2.584 2.889 2.996 2.999 2.954 2.842 2.641 2.334 2.019 1.800 1.675 1.630 1.648 1.808 2.182 2.574 2.769 2.804 2.711 2.402 1.829 1.144 0.659 0.368 0.214 0.137 0.097 0.077 0.067 0.061 0.059 0.057 0.055 0.052 0.046 0.039 0.034 0.030 0.028 0.027 0.027 0.027 0.028 0.029 0.031 0.035 0.041 0.048 0.058 0.068 0.077 0.084 0.087 0.088 0.086 0.077 0.059 0.038 0.023 0.014 0.008 0.004 0.002 0.001 0.000 0.000 0.000 0.000 0.000 0.000
0.254 0.354 0.499 0.714 1.053 1.582 2.305 2.885 3.195 3.283 3.271 3.202 3.067 2.846 2.533 2.269 2.109 2.037 2.031 2.127 2.421 2.909 3.276 3.412 3.394 3.204 2.769 2.076 1.358 0.858 0.540 0.343 0.223 0.156 0.122 0.107 0.100 0.098 0.098 0.097 0.093 0.082 0.066 0.053 0.045 0.041 0.039 0.038 0.038 0.040 0.042 0.048 0.056 0.069 0.084 0.101 0.121 0.141 0.155 0.162 0.164 0.157 0.133 0.094 0.060 0.036 0.021 0.011 0.006 0.003 0.001 0.000 0.000 0.000 0.000 0.000 0.000
0.214 0.313 0.460 0.685 1.045 1.609 2.372 2.965 3.273 3.352 3.338 3.269 3.133 2.910 2.611 2.400 2.299 2.277 2.326 2.517 2.925 3.433 3.732 3.817 3.758 3.483 2.939 2.159 1.456 0.975 0.661 0.458 0.327 0.247 0.201 0.180 0.174 0.177 0.186 0.188 0.182 0.162 0.127 0.094 0.074 0.063 0.058 0.057 0.057 0.059 0.066 0.079 0.100 0.128 0.157 0.186 0.218 0.250 0.272 0.281 0.272 0.237 0.178 0.119 0.075 0.045 0.025 0.014 0.007 0.003 0.001 0.000 0.000 0.000 0.000 0.000 0.000
0.143 0.226 0.360 0.578 0.939 1.513 2.286 2.895 3.215 3.309 3.305 3.252 3.128 2.910 2.626 2.448 2.389 2.403 2.514 2.780 3.234 3.685 3.921 3.975 3.895 3.573 2.971 2.153 1.475 1.017 0.716 0.519 0.394 0.322 0.286 0.275 0.279 0.302 0.334 0.347 0.342 0.311 0.249 0.178 0.131 0.106 0.093 0.089 0.090 0.095 0.110 0.141 0.190 0.245 0.292 0.333 0.369 0.393 0.402 0.388 0.345 0.274 0.193 0.128 0.081 0.048 0.027 0.015 0.007 0.003 0.001 0.000 0.000 0.000 0.000 0.000 0.000
0.080 0.127 0.214 0.380 0.686 1.197 1.917 2.559 2.941 3.105 3.150 3.134 3.048 2.861 2.603 2.449 2.411 2.446 2.594 2.888 3.330 3.711 3.905 3.943 3.851 3.511 2.871 2.045 1.418 0.999 0.717 0.532 0.418 0.357 0.333 0.331 0.348 0.398 0.455 0.481 0.481 0.454 0.390 0.299 0.227 0.182 0.157 0.148 0.149 0.160 0.193 0.256 0.344 0.418 0.465 0.491 0.503 0.500 0.479 0.435 0.366 0.277 0.193 0.127 0.080 0.048 0.027 0.015 0.007 0.003 0.001 0.000 0.000 0.000 0.000 0.000 0.000
0.046 0.068 0.109 0.191 0.359 0.687 1.231 1.872 2.373 2.668 2.811 2.853 2.823 2.702 2.507 2.400 2.383 2.433 2.585 2.862 3.213 3.463 3.570 3.576 3.450 3.088 2.446 1.707 1.193 0.867 0.649 0.502 0.410 0.361 0.345 0.349 0.376 0.437 0.504 0.536 0.540 0.519 0.463 0.378 0.307 0.262 0.239 0.232 0.235 0.256 0.306 0.386 0.476 0.537 0.569 0.579 0.573 0.549 0.503 0.437 0.353 0.259 0.178 0.117 0.074 0.045 0.026 0.014 0.007 0.003 0.001 0.000 0.000 0.000 0.000 0.000 0.000
0.030 0.040 0.057 0.092 0.162 0.308 0.581 1.008 1.505 1.939 2.218 2.353 2.393 2.360 2.273 2.226 2.234 2.294 2.415 2.576 2.710 2.753 2.721 2.645 2.466 2.113 1.576 1.069 0.756 0.578 0.469 0.398 0.352 0.331 0.329 0.340 0.373 0.438 0.504 0.537 0.543 0.526 0.479 0.405 0.343 0.307 0.291 0.289 0.296 0.323 0.377 0.454 0.527 0.575 0.597 0.601 0.590 0.554 0.491 0.404 0.303 0.212 0.143 0.094 0.060 0.037 0.022 0.012 0.006 0.003 0.001 0.000 0.000 0.000 0.000 0.000 0.000
0.021 0.026 0.034 0.049 0.076 0.131 0.239 0.434 0.725 1.066 1.372 1.590 1.719 1.789 1.822 1.840 1.867 1.904 1.933 1.890 1.759 1.606 1.468 1.348 1.204 0.991 0.703 0.477 0.348 0.283 0.251 0.238 0.237 0.247 0.265 0.291 0.333 0.397 0.456 0.487 0.494 0.485 0.453 0.397 0.347 0.320 0.312 0.312 0.322 0.348 0.396 0.462 0.522 0.560 0.578 0.581 0.567 0.519 0.434 0.321 0.218 0.143 0.094 0.062 0.040 0.026 0.016 0.009 0.005 0.002 0.001 0.000 0.000 0.000 0.000 0.000 0.000
0.015 0.018 0.023 0.030 0.041 0.062 0.100 0.170 0.291 0.471 0.675 0.847 0.976 1.077 1.158 1.213 1.234 1.220 1.144 0.997 0.832 0.709 0.621 0.546 0.471 0.380 0.270 0.191 0.149 0.130 0.124 0.125 0.131 0.144 0.166 0.198 0.243 0.296 0.337 0.361 0.371 0.372 0.363 0.341 0.320 0.310 0.309 0.312 0.322 0.343 0.378 0.422 0.457 0.478 0.488 0.489 0.472 0.416 0.317 0.210 0.136 0.090 0.060 0.041 0.027 0.018 0.011 0.007 0.004 0.002 0.001 0.000 0.000 0.000 0.000 0.000 0.000
0.011 0.014 0.016 0.020 0.026 0.034 0.049 0.073 0.114 0.183 0.282 0.387 0.477 0.551 0.604 0.630 0.630 0.604 0.536 0.431 0.338 0.281 0.244 0.212 0.182 0.147 0.111 0.085 0.072 0.068 0.067 0.069 0.073 0.081 0.095 0.114 0.141 0.171 0.191 0.203 0.210 0.215 0.221 0.230 0.246 0.263 0.275 0.284 0.291 0.299 0.306 0.310 0.312 0.314 0.315 0.314 0.300 0.257 0.189 0.127 0.086 0.059 0.040 0.028 0.019 0.012 0.008 0.004 0.002 0.001 0.000 0.000 0.000 0.000 0.000 0.000 0.000
0.008 0.010 0.012 0.015 0.018 0.022 0.028 0.038 0.053 0.078 0.116 0.167 0.216 0.255 0.281 0.289 0.286 0.267 0.229 0.178 0.141 0.119 0.105 0.093 0.082 0.069 0.056 0.047 0.043 0.042 0.042 0.043 0.046 0.050 0.057 0.066 0.080 0.093 0.101 0.107 0.111 0.115 0.121 0.131 0.151 0.179 0.199 0.207 0.208 0.201 0.185 0.170 0.164 0.162 0.163 0.164 0.159 0.142 0.112 0.080 0.056 0.040 0.028 0.019 0.013 0.008 0.005 0.003 0.001 0.000 0.000 0.000 0.000 0.000 0.000 0.000 0.000
0.006 0.007 0.009 0.011 0.013 0.016 0.019 0.024 0.030 0.040 0.056 0.078 0.102 0.119 0.129 0.132 0.130 0.121 0.104 0.082 0.068 0.060 0.055 0.050 0.046 0.041 0.036 0.032 0.030 0.030 0.030 0.031 0.032 0.034 0.037 0.042 0.048 0.054 0.057 0.060 0.063 0.065 0.069 0.076 0.088 0.104 0.113 0.116 0.114 0.108 0.098 0.090 0.087 0.086 0.087 0.088 0.087 0.081 0.069 0.053 0.039 0.028 0.020 0.013 0.009 0.006 0.003 0.002 0.001 0.000 0.000 0.000 0.000 0.000 0.000 0.000 0.000
0.004 0.005 0.006 0.008 0.009 0.011 0.014 0.016 0.020 0.025 0.032 0.042 0.053 0.061 0.065 0.066 0.065 0.061 0.054 0.045 0.040 0.036 0.034 0.032 0.031 0.028 0.026 0.024 0.023 0.023 0.023 0.023 0.024 0.025 0.026 0.029 0.032 0.034 0.036 0.038 0.040 0.041 0.044 0.048 0.054 0.060 0.063 0.063 0.063 0.060 0.056 0.053 0.051 0.051 0.051 0.052 0.052 0.050 0.045 0.037 0.027 0.020 0.014 0.009 0.006 0.004 0.002 0.001 0.000 0.000 0.000 0.000 0.000 0.000 0.000 0.000 0.000
0.002 0.003 0.004 0.005 0.007 0.008 0.010 0.012 0.014 0.017 0.021 0.026 0.031 0.035 0.036 0.037 0.036 0.035 0.032 0.029 0.026 0.025 0.024 0.023 0.022 0.021 0.020 0.018 0.018 0.018 0.018 0.018 0.018 0.018 0.019 0.021 0.022 0.024 0.025 0.026 0.027 0.028 0.030 0.032 0.035 0.038 0.038 0.038 0.038 0.037 0.036 0.034 0.034 0.033 0.033 0.033 0.033 0.033 0.030 0.026 0.019 0.014 0.009 0.006 0.004 0.002 0.001 0.000 0.000 0.000 0.000 0.000 0.000 0.000 0.000 0.000 0.000
0.001 0.002 0.002 0.003 0.004 0.006 0.007 0.009 0.010 0.012 0.015 0.018 0.020 0.022 0.023 0.023 0.023 0.023 0.021 0.020 0.019 0.018 0.018 0.017 0.017 0.016 0.015 0.014 0.014 0.013 0.013 0.013 0.013 0.014 0.014 0.015 0.016 0.017 0.018 0.019 0.020 0.021 0.022 0.023 0.025 0.025 0.026 0.026 0.025 0.025 0.025 0.024 0.024 0.024 0.023 0.023 0.023 0.022 0.020 0.017 0.013 0.009 0.006 0.004 0.002 0.001 0.000 0.000 0.000 0.000 0.000 0.000 0.000 0.000 0.000 0.000 0.000
