RESULTS/r.avaflow_results/22_results/22_ascii/22_hflow0027.asc
ncols 506
nrows 317
xllcenter 498237.50
yllcenter 5580050.00
cellsize 12.50
NODATA_value -9999.000
[rows 170 to 203 of 317, columns 77 to 153 of 506]
0.000 0.000 0.000 0.000 0.000 0.000 0.000 0.000 0.000 0.000 0.000 0.001 0.002 0.005 0.008 0.011 0.016 0.021 0.027 0.035 0.045 0.062 0.092 0.139 0.207 0.297 0.394 0.481 0.553 0.609 0.646 0.664 0.670 0.670 0.665 0.652 0.635 0.612 0.583 0.545 0.516 0.507 0.527 0.619 0.835 1.200 1.692 2.280 2.967 3.808 4.897 6.188 7.415 8.345 8.966 9.366 9.694 10.049 10.472 10.987 11.592 12.238 12.865 13.425 13.771 13.899 13.917 13.865 13.708 13.457 13.169 12.884 12.614 12.374 12.155 11.942 11.706
0.000 0.000 0.000 0.000 0.000 0.000 0.000 0.000 0.000 0.000 0.001 0.003 0.006 0.011 0.017 0.024 0.032 0.042 0.053 0.067 0.087 0.116 0.161 0.225 0.311 0.417 0.522 0.612 0.685 0.738 0.769 0.783 0.786 0.783 0.774 0.764 0.754 0.739 0.712 0.681 0.669 0.688 0.783 1.028 1.478 2.120 2.891 3.747 4.708 5.768 6.854 7.865 8.675 9.221 9.533 9.737 9.959 10.251 10.634 11.119 11.689 12.295 12.888 13.430 13.757 13.853 13.817 13.713 13.559 13.399 13.248 13.129 13.086 13.142 13.287 13.499 13.759
0.000 0.000 0.000 0.000 0.000 0.000 0.000 0.000 0.000 0.001 0.003 0.007 0.012 0.020 0.030 0.043 0.057 0.073 0.092 0.116 0.147 0.192 0.254 0.336 0.436 0.550 0.657 0.748 0.819 0.866 0.890 0.899 0.898 0.887 0.870 0.862 0.859 0.856 0.847 0.843 0.869 0.971 1.232 1.740 2.514 3.478 4.510 5.557 6.567 7.493 8.303 8.940 9.366 9.597 9.702 9.812 10.002 10.274 10.638 11.102 11.645 12.224 12.802 13.326 13.624 13.683 13.604 13.507 13.435 13.407 13.434 13.541 13.739 14.029 14.421 14.962 15.701
0.000 0.000 0.000 0.000 0.000 0.000 0.000 0.000 0.001 0.003 0.006 0.012 0.021 0.033 0.048 0.067 0.088 0.113 0.143 0.179 0.226 0.287 0.367 0.465 0.577 0.694 0.801 0.890 0.954 0.994 1.011 1.014 1.007 0.983 0.955 0.944 0.944 0.953 0.979 1.031 1.152 1.431 1.977 2.853 4.026 5.233 6.297 7.217 8.023 8.702 9.218 9.538 9.689 9.719 9.722 9.802 9.972 10.220 10.553 10.975 11.470 12.009 12.561 13.051 13.325 13.383 13.333 13.315 13.353 13.457 13.631 13.870 14.183 14.589 15.134 15.900 16.959
0.000 0.000 0.000 0.000 0.000 0.000 0.000 0.000 0.001 0.004 0.009 0.016 0.028 0.043 0.064 0.090 0.121 0.158 0.202 0.253 0.316 0.395 0.493 0.606 0.730 0.851 0.955 1.036 1.092 1.122 1.132 1.131 1.115 1.074 1.029 1.010 1.009 1.027 1.090 1.237 1.541 2.119 3.077 4.429 5.824 6.936 7.791 8.479 9.032 9.440 9.691 9.797 9.789 9.723 9.688 9.740 9.871 10.076 10.362 10.727 11.162 11.642 12.140 12.587 12.866 12.990 13.036 13.127 13.272 13.458 13.692 13.985 14.350 14.823 15.471 16.370 17.577
0.000 0.000 0.000 0.000 0.000 0.000 0.000 0.000 0.001 0.005 0.010 0.019 0.032 0.050 0.075 0.108 0.149 0.199 0.259 0.329 0.412 0.511 0.628 0.762 0.899 1.019 1.117 1.188 1.232 1.252 1.256 1.249 1.223 1.163 1.093 1.062 1.058 1.079 1.166 1.400 1.922 2.888 4.361 6.038 7.355 8.278 8.908 9.347 9.647 9.817 9.878 9.857 9.779 9.671 9.601 9.610 9.692 9.844 10.072 10.374 10.738 11.145 11.569 11.969 12.283 12.515 12.693 12.893 13.124 13.372 13.645 13.963 14.348 14.850 15.543 16.487 17.722
0.000 0.000 0.000 0.000 0.000 0.000 0.000 0.000 0.002 0.005 0.011 0.020 0.034 0.054 0.082 0.120 0.168 0.230 0.307 0.400 0.510 0.635 0.779 0.937 1.082 1.200 1.288 1.345 1.375 1.385 1.385 1.371 1.332 1.251 1.153 1.104 1.094 1.113 1.209 1.491 2.162 3.439 5.362 7.234 8.498 9.261 9.670 9.876 9.973 9.973 9.915 9.820 9.698 9.555 9.451 9.413 9.439 9.533 9.699 9.933 10.222 10.548 10.895 11.248 11.594 11.922 12.225 12.505 12.789 13.074 13.378 13.727 14.138 14.669 15.396 16.367 17.602
0.000 0.000 0.000 0.000 0.000 0.000 0.000 0.000 0.002 0.005 0.011 0.020 0.035 0.056 0.085 0.126 0.180 0.251 0.344 0.461 0.602 0.766 0.947 1.121 1.268 1.381 1.458 1.503 1.522 1.525 1.520 1.497 1.443 1.342 1.213 1.139 1.120 1.134 1.227 1.523 2.271 3.759 6.021 8.050 9.287 9.901 10.123 10.171 10.124 10.008 9.863 9.709 9.543 9.373 9.239 9.155 9.125 9.158 9.257 9.417 9.626 9.871 10.143 10.445 10.786 11.156 11.531 11.853 12.156 12.454 12.774 13.138 13.567 14.124 14.884 15.884 17.124
0.000 0.000 0.000 0.000 0.000 0.000 0.000 0.000 0.001 0.005 0.010 0.020 0.034 0.056 0.086 0.127 0.184 0.260 0.365 0.504 0.680 0.890 1.104 1.288 1.438 1.547 1.619 1.656 1.670 1.670 1.659 1.627 1.558 1.438 1.275 1.172 1.137 1.144 1.230 1.525 2.292 3.885 6.372 8.538 9.755 10.249 10.349 10.311 10.167 9.961 9.741 9.528 9.321 9.126 8.963 8.838 8.758 8.729 8.757 8.838 8.961 9.119 9.309 9.541 9.832 10.180 10.558 10.887 11.184 11.477 11.797 12.165 12.609 13.193 13.984 15.008 16.262
0.000 0.000 0.000 0.000 0.000 0.000 0.000 0.000 0.001 0.004 0.009 0.018 0.032 0.053 0.084 0.126 0.183 0.262 0.371 0.524 0.730 0.990 1.240 1.438 1.590 1.699 1.768 1.802 1.813 1.812 1.798 1.758 1.677 1.539 1.345 1.206 1.150 1.149 1.223 1.508 2.272 3.892 6.487 8.758 9.972 10.388 10.432 10.345 10.132 9.842 9.549 9.285 9.041 8.821 8.628 8.467 8.345 8.267 8.234 8.242 8.285 8.354 8.449 8.580 8.766 9.015 9.322 9.620 9.892 10.171 10.487 10.861 11.338 11.970 12.798 13.837 15.092
0.000 0.000 0.000 0.000 0.000 0.000 0.000 0.000 0.001 0.003 0.007 0.015 0.027 0.047 0.075 0.116 0.173 0.253 0.364 0.523 0.745 1.046 1.349 1.569 1.726 1.836 1.904 1.937 1.947 1.946 1.931 1.887 1.799 1.648 1.428 1.248 1.164 1.151 1.206 1.465 2.202 3.820 6.458 8.796 10.026 10.415 10.436 10.308 10.027 9.650 9.290 8.982 8.708 8.462 8.243 8.052 7.895 7.773 7.685 7.629 7.598 7.584 7.589 7.624 7.713 7.860 8.069 8.311 8.557 8.826 9.134 9.507 9.987 10.624 11.452 12.478 13.702
0.000 0.000 0.000 0.000 0.000 0.000 0.000 0.000 0.000 0.002 0.004 0.009 0.018 0.034 0.058 0.094 0.145 0.220 0.329 0.490 0.725 1.053 1.415 1.676 1.844 1.955 2.024 2.059 2.070 2.069 2.055 2.011 1.921 1.766 1.532 1.307 1.188 1.158 1.193 1.405 2.076 3.625 6.257 8.696 9.984 10.376 10.373 10.190 9.832 9.373 8.962 8.620 8.320 8.052 7.810 7.593 7.403 7.240 7.103 6.991 6.892 6.802 6.720 6.670 6.687 6.774 6.931 7.139 7.372 7.634 7.933 8.293 8.746 9.325 10.061 10.991 12.130
0.000 0.000 0.000 0.000 0.000 0.000 0.000 0.000 0.000 0.001 0.002 0.004 0.009 0.017 0.032 0.056 0.095 0.154 0.249 0.401 0.644 1.002 1.429 1.744 1.938 2.054 2.126 2.164 2.177 2.178 2.166 2.128 2.045 1.896 1.663 1.399 1.238 1.184 1.202 1.362 1.918 3.308 5.828 8.360 9.743 10.184 10.178 9.954 9.531 9.004 8.555 8.185 7.867 7.583 7.325 7.088 6.870 6.670 6.491 6.327 6.167 6.000 5.841 5.735 5.707 5.760 5.890 6.078 6.303 6.553 6.838 7.174 7.584 8.089 8.714 9.497 10.469
0.000 0.000 0.000 0.000 0.000 0.000 0.000 0.000 0.000 0.000 0.001 0.002 0.004 0.007 0.014 0.026 0.045 0.079 0.140 0.260 0.488 0.866 1.369 1.763 1.999 2.131 2.207 2.250 2.268 2.271 2.264 2.236 2.169 2.039 1.826 1.544 1.336 1.247 1.243 1.356 1.783 2.929 5.177 7.720 9.198 9.726 9.755 9.546 9.105 8.535 8.051 7.662 7.335 7.046 6.782 6.534 6.298 6.072 5.857 5.644 5.426 5.209 5.028 4.908 4.858 4.879 4.971 5.126 5.331 5.568 5.830 6.131 6.486 6.914 7.440 8.096 8.905
0.000 0.000 0.000 0.000 0.000 0.000 0.000 0.000 0.000 0.000 0.000 0.001 0.001 0.003 0.005 0.010 0.018 0.034 0.066 0.138 0.306 0.654 1.204 1.715 2.019 2.179 2.267 2.318 2.342 2.349 2.347 2.329 2.282 2.188 2.018 1.754 1.507 1.378 1.349 1.413 1.725 2.592 4.384 6.772 8.312 8.946 9.040 8.901 8.511 7.954 7.435 7.029 6.708 6.433 6.177 5.931 5.693 5.457 5.216 4.971 4.723 4.496 4.317 4.194 4.131 4.131 4.191 4.307 4.472 4.675 4.904 5.158 5.452 5.809 6.247 6.785 7.426
0.000 0.000 0.000 0.000 0.000 0.000 0.000 0.000 0.000 0.000 0.000 0.000 0.001 0.001 0.002 0.004 0.007 0.014 0.029 0.069 0.174 0.432 0.937 1.562 1.979 2.196 2.304 2.366 2.399 2.412 2.414 2.405 2.377 2.316 2.202 2.010 1.767 1.608 1.552 1.576 1.785 2.400 3.676 5.619 7.108 7.841 8.023 7.967 7.698 7.234 6.702 6.267 5.951 5.710 5.492 5.278 5.062 4.834 4.592 4.338 4.082 3.861 3.689 3.568 3.502 3.489 3.526 3.607 3.727 3.881 4.060 4.259 4.489 4.772 5.124 5.541 5.999
0.000 0.000 0.000 0.000 0.000 0.000 0.000 0.000 0.000 0.000 0.000 0.000 0.000 0.001 0.001 0.001 0.003 0.006 0.013 0.034 0.094 0.260 0.643 1.275 1.842 2.164 2.317 2.395 2.440 2.460 2.466 2.464 2.450 2.413 2.343 2.224 2.059 1.933 1.872 1.866 1.967 2.355 3.221 4.618 5.852 6.527 6.758 6.769 6.642 6.336 5.873 5.398 5.056 4.841 4.689 4.549 4.395 4.207 3.984 3.738 3.490 3.282 3.121 3.007 2.941 2.922 2.945 2.996 3.073 3.173 3.293 3.432 3.592 3.795 4.054 4.341 4.599
0.000 0.000 0.000 0.000 0.000 0.000 0.000 0.000 0.000 0.000 0.000 0.000 0.000 0.000 0.001 0.001 0.001 0.003 0.006 0.017 0.050 0.145 0.394 0.903 1.567 2.047 2.294 2.407 2.465 2.495 2.505 2.506 2.499 2.478 2.435 2.362 2.269 2.204 2.177 2.179 2.233 2.455 2.991 3.933 4.868 5.403 5.604 5.628 5.569 5.390 5.069 4.636 4.242 3.983 3.835 3.741 3.660 3.547 3.374 3.155 2.926 2.738 2.592 2.487 2.422 2.399 2.411 2.439 2.477 2.524 2.584 2.658 2.748 2.862 3.009 3.142 3.214
0.000 0.000 0.000 0.000 0.000 0.000 0.000 0.000 0.000 0.000 0.000 0.000 0.000 0.000 0.000 0.000 0.001 0.001 0.003 0.009 0.026 0.078 0.221 0.555 1.159 1.805 2.199 2.391 2.476 2.516 2.531 2.533 2.529 2.514 2.484 2.438 2.393 2.368 2.362 2.374 2.427 2.572 2.899 3.502 4.154 4.539 4.697 4.726 4.700 4.587 4.357 4.007 3.604 3.299 3.113 3.002 2.919 2.841 2.733 2.571 2.375 2.209 2.080 1.984 1.921 1.894 1.895 1.903 1.908 1.909 1.912 1.922 1.936 1.953 1.970 1.958 1.903
0.000 0.000 0.000 0.000 0.000 0.000 0.000 0.000 0.000 0.000 0.000 0.000 0.000 0.000 0.000 0.000 0.000 0.001 0.002 0.005 0.014 0.041 0.119 0.319 0.748 1.411 1.984 2.310 2.463 2.523 2.544 2.547 2.543 2.529 2.502 2.472 2.453 2.446 2.448 2.466 2.518 2.629 2.849 3.234 3.649 3.895 3.997 4.017 3.999 3.912 3.733 3.457 3.101 2.778 2.549 2.398 2.287 2.188 2.084 1.959 1.807 1.667 1.558 1.475 1.417 1.388 1.378 1.369 1.350 1.320 1.284 1.247 1.204 1.155 1.098 1.031 0.952
0.000 0.000 0.000 0.000 0.000 0.000 0.000 0.000 0.000 0.000 0.000 0.000 0.000 0.000 0.000 0.000 0.000 0.001 0.001 0.003 0.008 0.022 0.064 0.177 0.447 0.962 1.618 2.111 2.384 2.507 2.546 2.551 2.546 2.530 2.503 2.481 2.470 2.469 2.473 2.493 2.541 2.636 2.793 3.031 3.264 3.396 3.447 3.451 3.421 3.336 3.186 2.965 2.676 2.368 2.117 1.925 1.774 1.643 1.517 1.388 1.256 1.140 1.045 0.974 0.925 0.898 0.881 0.864 0.838 0.801 0.758 0.710 0.655 0.594 0.533 0.475 0.422
0.000 0.000 0.000 0.000 0.000 0.000 0.000 0.000 0.000 0.000 0.000 0.000 0.000 0.000 0.000 0.000 0.000 0.000 0.001 0.002 0.004 0.013 0.036 0.099 0.258 0.595 1.157 1.772 2.192 2.423 2.522 2.545 2.540 2.522 2.494 2.475 2.467 2.466 2.471 2.491 2.533 2.605 2.706 2.828 2.927 2.976 2.986 2.970 2.922 2.837 2.706 2.524 2.289 2.013 1.759 1.545 1.362 1.202 1.058 0.926 0.808 0.710 0.631 0.573 0.533 0.509 0.491 0.472 0.448 0.418 0.385 0.348 0.307 0.266 0.231 0.203 0.179
0.000 0.000 0.000 0.000 0.000 0.000 0.000 0.000 0.000 0.000 0.000 0.000 0.000 0.000 0.000 0.000 0.000 0.000 0.000 0.001 0.003 0.008 0.022 0.060 0.153 0.365 0.754 1.331 1.878 2.236 2.427 2.499 2.506 2.489 2.460 2.444 2.438 2.437 2.441 2.455 2.482 2.521 2.563 2.594 2.603 2.594 2.573 2.535 2.478 2.396 2.280 2.123 1.921 1.675 1.428 1.210 1.017 0.849 0.702 0.578 0.477 0.398 0.339 0.297 0.269 0.251 0.236 0.221 0.204 0.187 0.168 0.149 0.130 0.112 0.099 0.088 0.078
0.000 0.000 0.000 0.000 0.000 0.000 0.000 0.000 0.000 0.000 0.000 0.000 0.000 0.000 0.000 0.000 0.000 0.000 0.000 0.001 0.002 0.006 0.016 0.040 0.100 0.233 0.495 0.920 1.471 1.941 2.231 2.373 2.412 2.407 2.383 2.367 2.361 2.359 2.359 2.362 2.366 2.366 2.350 2.316 2.270 2.225 2.179 2.129 2.068 1.991 1.887 1.746 1.563 1.336 1.098 0.891 0.712 0.560 0.433 0.332 0.255 0.201 0.163 0.138 0.122 0.112 0.103 0.094 0.086 0.078 0.070 0.063 0.056 0.050 0.046 0.041 0.038
0.000 0.000 0.000 0.000 0.000 0.000 0.000 0.000 0.000 0.000 0.000 0.000 0.000 0.000 0.000 0.000 0.000 0.000 0.000 0.001 0.002 0.005 0.013 0.031 0.072 0.159 0.334 0.632 1.068 1.562 1.934 2.147 2.233 2.249 2.240 2.229 2.222 2.217 2.211 2.199 2.176 2.134 2.069 1.989 1.915 1.851 1.794 1.737 1.675 1.601 1.503 1.372 1.198 0.979 0.763 0.588 0.446 0.330 0.239 0.172 0.125 0.094 0.074 0.062 0.055 0.050 0.045 0.041 0.038 0.035 0.032 0.030 0.028 0.026 0.024 0.023 0.021
0.000 0.000 0.000 0.000 0.000 0.000 0.000 0.000 0.000 0.000 0.000 0.000 0.000 0.000 0.000 0.000 0.000 0.000 0.000 0.001 0.002 0.005 0.012 0.026 0.055 0.113 0.229 0.436 0.751 1.168 1.559 1.824 1.960 2.008 2.018 2.016 2.012 2.004 1.989 1.962 1.912 1.832 1.718 1.610 1.530 1.467 1.409 1.350 1.285 1.207 1.108 0.979 0.812 0.623 0.462 0.336 0.240 0.167 0.114 0.078 0.056 0.041 0.033 0.028 0.025 0.023 0.022 0.020 0.019 0.018 0.017 0.017 0.016 0.016 0.015 0.015 0.014
0.000 0.000 0.000 0.000 0.000 0.000 0.000 0.000 0.000 0.000 0.000 0.000 0.000 0.000 0.000 0.000 0.000 0.000 0.001 0.001 0.003 0.007 0.013 0.023 0.041 0.077 0.152 0.293 0.516 0.828 1.169 1.434 1.605 1.689 1.720 1.730 1.729 1.721 1.701 1.660 1.588 1.480 1.345 1.234 1.154 1.092 1.033 0.972 0.905 0.826 0.731 0.615 0.477 0.344 0.239 0.162 0.108 0.071 0.047 0.032 0.023 0.017 0.014 0.013 0.012 0.012 0.011 0.011 0.011 0.011 0.011 0.011 0.011 0.011 0.011 0.011 0.010
0.000 0.000 0.000 0.000 0.000 0.000 0.000 0.000 0.000 0.000 0.000 0.000 0.000 0.000 0.000 0.000 0.000 0.001 0.001 0.002 0.005 0.009 0.014 0.020 0.029 0.049 0.094 0.185 0.338 0.560 0.831 1.058 1.217 1.313 1.363 1.382 1.386 1.380 1.358 1.313 1.242 1.145 1.022 0.910 0.825 0.756 0.693 0.633 0.570 0.501 0.423 0.333 0.239 0.161 0.104 0.066 0.042 0.027 0.018 0.012 0.009 0.007 0.006 0.006 0.006 0.006 0.007 0.007 0.008 0.008 0.008 0.008 0.008 0.008 0.008 0.008 0.008
0.000 0.000 0.000 0.001 0.001 0.001 0.001 0.001 0.001 0.001 0.001 0.001 0.001 0.001 0.001 0.001 0.001 0.001 0.002 0.004 0.008 0.012 0.014 0.016 0.018 0.028 0.053 0.108 0.206 0.356 0.554 0.736 0.866 0.948 0.993 1.013 1.018 1.016 1.003 0.973 0.922 0.846 0.745 0.636 0.548 0.478 0.419 0.365 0.313 0.261 0.206 0.150 0.101 0.064 0.040 0.024 0.015 0.010 0.006 0.005 0.004 0.003 0.003 0.003 0.003 0.004 0.004 0.005 0.005 0.006 0.006 0.006 0.006 0.006 0.006 0.006 0.007
0.001 0.001 0.001 0.001 0.001 0.001 0.001 0.001 0.001 0.001 0.001 0.001 0.001 0.001 0.001 0.001 0.001 0.002 0.004 0.007 0.010 0.012 0.013 0.012 0.011 0.015 0.027 0.056 0.113 0.206 0.338 0.471 0.565 0.626 0.660 0.678 0.684 0.684 0.679 0.662 0.630 0.578 0.502 0.409 0.331 0.270 0.221 0.181 0.146 0.114 0.084 0.058 0.038 0.023 0.014 0.009 0.005 0.003 0.002 0.002 0.002 0.001 0.002 0.002 0.002 0.002 0.003 0.003 0.004 0.004 0.005 0.005 0.005 0.005 0.005 0.005 0.005
0.001 0.001 0.002 0.002 0.002 0.002 0.001 0.001 0.001 0.001 0.001 0.001 0.001 0.001 0.001 0.002 0.002 0.003 0.005 0.008 0.010 0.011 0.011 0.008 0.007 0.008 0.013 0.026 0.054 0.105 0.183 0.267 0.326 0.362 0.383 0.395 0.401 0.403 0.402 0.396 0.379 0.348 0.299 0.234 0.175 0.131 0.099 0.076 0.058 0.043 0.031 0.021 0.013 0.008 0.005 0.003 0.002 0.001 0.001 0.001 0.001 0.001 0.001 0.001 0.002 0.002 0.002 0.002 0.003 0.003 0.004 0.004 0.004 0.004 0.004 0.004 0.004
0.002 0.002 0.002 0.002 0.002 0.002 0.001 0.001 0.001 0.001 0.001 0.001 0.001 0.002 0.002 0.002 0.003 0.004 0.006 0.008 0.009 0.009 0.008 0.006 0.005 0.005 0.006 0.011 0.022 0.045 0.084 0.129 0.159 0.176 0.186 0.192 0.195 0.198 0.199 0.197 0.191 0.177 0.151 0.113 0.077 0.053 0.038 0.028 0.021 0.015 0.010 0.007 0.004 0.003 0.002 0.001 0.001 0.001 0.001 0.000 0.000 0.000 0.000 0.001 0.001 0.001 0.002 0.002 0.003 0.003 0.003 0.003 0.003 0.003 0.003 0.003 0.004
0.003 0.003 0.003 0.003 0.002 0.002 0.002 0.001 0.001 0.001 0.002 0.002 0.002 0.002 0.002 0.002 0.003 0.004 0.006 0.008 0.008 0.007 0.006 0.004 0.004 0.003 0.004 0.005 0.009 0.017 0.032 0.051 0.063 0.069 0.072 0.074 0.075 0.077 0.077 0.078 0.076 0.071 0.061 0.044 0.028 0.018 0.013 0.009 0.007 0.005 0.003 0.002 0.001 0.001 0.001 0.001 0.000 0.000 0.000 0.000 0.001 0.000 0.000 0.000 0.001 0.001 0.002 0.002 0.002 0.003 0.003 0.003 0.003 0.003 0.003 0.003 0.004
0.004 0.004 0.003 0.003 0.002 0.002 0.002 0.002 0.002 0.002 0.002 0.002 0.002 0.002 0.002 0.002 0.003 0.005 0.006 0.007 0.007 0.006 0.005 0.004 0.003 0.003 0.003 0.003 0.004 0.007 0.012 0.018 0.022 0.023 0.024 0.024 0.024 0.024 0.024 0.024 0.024 0.023 0.020 0.015 0.009 0.006 0.004 0.003 0.002 0.002 0.001 0.001 0.000 0.000 0.000 0.000 0.000 0.000 0.000 0.000 0.000 0.000 0.000 0.000 0.001 0.001 0.002 0.002 0.002 0.003 0.003 0.003 0.003 0.003 0.003 0.003 0.004
