RESULTS/r.avaflow_results/22_results/22_ascii/22_hflow10058.asc
ncols 506
nrows 317
xllcenter 498237.50
yllcenter 5580050.00
cellsize 12.50
NODATA_value -9999.000
[rows 170 to 203 of 317, columns 77 to 153 of 506]
0.000 0.000 0.000 0.000 0.000 0.000 0.000 0.000 0.000 0.001 0.002 0.004 0.008 0.014 0.023 0.034 0.043 0.050 0.056 0.062 0.068 0.080 0.104 0.148 0.210 0.254 0.268 0.265 0.252 0.231 0.205 0.173 0.138 0.107 0.083 0.065 0.053 0.045 0.041 0.040 0.041 0.051 0.081 0.165 0.351 0.667 1.093 1.600 2.196 2.943 3.950 5.254 6.606 7.621 8.214 8.463 8.587 8.686 8.755 8.787 8.786 8.706 8.483 8.110 7.627 7.054 6.424 5.819 5.261 4.747 4.284 3.875 3.518 3.206 2.927 2.677 2.450
0.000 0.000 0.000 0.000 0.000 0.000 0.000 0.001 0.002 0.004 0.007 0.012 0.022 0.036 0.056 0.077 0.094 0.108 0.121 0.133 0.149 0.174 0.218 0.283 0.341 0.366 0.365 0.351 0.326 0.295 0.258 0.213 0.166 0.127 0.099 0.080 0.067 0.060 0.058 0.059 0.068 0.100 0.188 0.402 0.804 1.379 2.058 2.806 3.668 4.681 5.775 6.872 7.779 8.353 8.607 8.689 8.756 8.822 8.862 8.869 8.845 8.728 8.483 8.110 7.627 7.053 6.414 5.790 5.222 4.714 4.267 3.883 3.549 3.260 3.006 2.783 2.583
0.000 0.000 0.000 0.000 0.000 0.000 0.001 0.002 0.005 0.010 0.017 0.028 0.045 0.071 0.102 0.135 0.166 0.193 0.219 0.244 0.275 0.322 0.384 0.438 0.463 0.465 0.454 0.432 0.402 0.363 0.314 0.255 0.196 0.150 0.117 0.097 0.086 0.081 0.082 0.090 0.123 0.217 0.447 0.907 1.616 2.486 3.398 4.349 5.337 6.305 7.186 7.905 8.385 8.603 8.672 8.712 8.774 8.825 8.846 8.846 8.804 8.675 8.432 8.069 7.599 7.030 6.385 5.750 5.184 4.690 4.257 3.889 3.568 3.295 3.058 2.857 2.679
0.000 0.000 0.000 0.000 0.000 0.000 0.001 0.004 0.009 0.016 0.027 0.043 0.066 0.097 0.135 0.177 0.224 0.274 0.324 0.371 0.420 0.475 0.525 0.551 0.556 0.550 0.536 0.512 0.478 0.433 0.374 0.302 0.230 0.175 0.138 0.118 0.109 0.108 0.116 0.147 0.243 0.483 0.978 1.792 2.866 3.954 4.945 5.850 6.695 7.454 8.065 8.460 8.629 8.666 8.674 8.696 8.739 8.767 8.767 8.750 8.688 8.553 8.321 7.975 7.525 6.970 6.332 5.700 5.147 4.669 4.249 3.888 3.576 3.311 3.087 2.897 2.735
0.000 0.000 0.000 0.000 0.000 0.000 0.002 0.006 0.012 0.021 0.033 0.052 0.077 0.111 0.153 0.202 0.261 0.330 0.405 0.473 0.533 0.586 0.621 0.634 0.635 0.630 0.616 0.593 0.557 0.506 0.439 0.353 0.267 0.203 0.163 0.144 0.139 0.142 0.167 0.248 0.470 0.973 1.863 3.134 4.437 5.474 6.299 7.012 7.636 8.146 8.500 8.665 8.690 8.676 8.653 8.650 8.660 8.657 8.635 8.599 8.520 8.377 8.151 7.823 7.395 6.868 6.254 5.642 5.108 4.643 4.236 3.882 3.576 3.316 3.099 2.916 2.759
0.000 0.000 0.000 0.000 0.000 0.000 0.002 0.006 0.013 0.022 0.036 0.055 0.082 0.117 0.162 0.217 0.285 0.367 0.465 0.553 0.621 0.670 0.700 0.711 0.713 0.709 0.698 0.675 0.638 0.583 0.507 0.410 0.310 0.236 0.190 0.169 0.165 0.174 0.222 0.381 0.799 1.673 3.079 4.660 5.867 6.717 7.335 7.819 8.217 8.504 8.660 8.707 8.698 8.664 8.612 8.564 8.534 8.505 8.464 8.401 8.302 8.147 7.921 7.610 7.207 6.719 6.148 5.565 5.051 4.603 4.209 3.865 3.568 3.315 3.102 2.921 2.763
0.000 0.000 0.000 0.000 0.000 0.000 0.002 0.006 0.013 0.023 0.037 0.056 0.083 0.120 0.166 0.225 0.297 0.387 0.500 0.614 0.697 0.749 0.779 0.791 0.794 0.792 0.783 0.761 0.723 0.664 0.582 0.473 0.359 0.272 0.217 0.191 0.186 0.196 0.256 0.461 1.033 2.242 4.111 5.857 6.991 7.673 8.077 8.342 8.550 8.675 8.720 8.717 8.687 8.631 8.548 8.450 8.373 8.314 8.252 8.167 8.049 7.878 7.643 7.344 6.965 6.517 5.995 5.449 4.963 4.533 4.156 3.826 3.542 3.300 3.094 2.916 2.758
0.000 0.000 0.000 0.000 0.000 0.000 0.002 0.006 0.013 0.022 0.036 0.056 0.083 0.120 0.167 0.226 0.301 0.394 0.513 0.652 0.763 0.829 0.863 0.878 0.882 0.881 0.873 0.852 0.813 0.751 0.663 0.544 0.414 0.312 0.244 0.210 0.202 0.211 0.272 0.489 1.134 2.566 4.804 6.720 7.831 8.359 8.581 8.688 8.759 8.782 8.760 8.716 8.655 8.570 8.458 8.317 8.194 8.100 8.010 7.901 7.758 7.573 7.327 7.028 6.670 6.256 5.782 5.281 4.827 4.422 4.066 3.755 3.487 3.259 3.063 2.892 2.741
0.000 0.000 0.000 0.000 0.000 0.000 0.002 0.006 0.012 0.021 0.034 0.053 0.081 0.118 0.166 0.225 0.300 0.394 0.514 0.666 0.813 0.909 0.956 0.975 0.981 0.980 0.973 0.952 0.911 0.844 0.749 0.622 0.476 0.357 0.273 0.228 0.214 0.220 0.276 0.492 1.146 2.686 5.193 7.301 8.408 8.816 8.914 8.926 8.904 8.848 8.773 8.693 8.597 8.481 8.340 8.167 8.005 7.872 7.748 7.610 7.437 7.226 6.966 6.662 6.316 5.928 5.498 5.050 4.637 4.266 3.937 3.649 3.401 3.190 3.008 2.848 2.708
0.000 0.000 0.000 0.000 0.000 0.000 0.001 0.004 0.009 0.017 0.029 0.046 0.073 0.110 0.158 0.218 0.293 0.386 0.506 0.660 0.837 0.975 1.051 1.080 1.087 1.086 1.077 1.052 1.006 0.935 0.834 0.702 0.543 0.405 0.304 0.245 0.223 0.225 0.275 0.482 1.123 2.685 5.335 7.631 8.764 9.094 9.127 9.081 8.987 8.868 8.754 8.640 8.512 8.367 8.199 8.003 7.807 7.636 7.470 7.289 7.077 6.833 6.554 6.240 5.898 5.533 5.146 4.758 4.396 4.066 3.771 3.512 3.289 3.098 2.932 2.788 2.659
0.000 0.000 0.000 0.000 0.000 0.000 0.001 0.003 0.006 0.011 0.019 0.034 0.057 0.091 0.137 0.196 0.269 0.360 0.477 0.631 0.825 1.008 1.126 1.172 1.181 1.179 1.168 1.139 1.090 1.016 0.914 0.781 0.616 0.459 0.340 0.265 0.232 0.229 0.268 0.452 1.056 2.596 5.303 7.743 8.949 9.251 9.244 9.151 9.009 8.853 8.701 8.550 8.393 8.225 8.037 7.824 7.599 7.385 7.175 6.951 6.701 6.418 6.108 5.772 5.425 5.080 4.740 4.417 4.113 3.831 3.576 3.350 3.156 2.986 2.840 2.711 2.594
0.000 0.000 0.000 0.000 0.000 0.000 0.000 0.001 0.003 0.005 0.010 0.018 0.032 0.057 0.094 0.146 0.212 0.293 0.399 0.545 0.748 0.984 1.159 1.241 1.257 1.254 1.241 1.211 1.161 1.087 0.986 0.856 0.693 0.520 0.383 0.289 0.242 0.232 0.256 0.403 0.934 2.382 5.088 7.682 8.992 9.319 9.287 9.161 8.987 8.793 8.601 8.418 8.239 8.052 7.850 7.627 7.383 7.135 6.889 6.635 6.357 6.046 5.703 5.340 4.987 4.657 4.350 4.068 3.810 3.575 3.361 3.170 3.003 2.857 2.730 2.616 2.514
0.000 0.000 0.000 0.000 0.000 0.000 0.000 0.000 0.001 0.002 0.004 0.007 0.014 0.025 0.045 0.076 0.119 0.177 0.256 0.378 0.573 0.863 1.129 1.271 1.309 1.307 1.294 1.265 1.217 1.148 1.053 0.929 0.773 0.594 0.438 0.324 0.260 0.239 0.249 0.349 0.769 2.048 4.647 7.402 8.886 9.307 9.278 9.125 8.908 8.663 8.437 8.235 8.039 7.842 7.636 7.410 7.159 6.891 6.620 6.345 6.046 5.714 5.350 4.973 4.621 4.301 4.011 3.753 3.522 3.318 3.137 2.978 2.836 2.712 2.601 2.503 2.415
0.000 0.000 0.000 0.000 0.000 0.000 0.000 0.000 0.000 0.001 0.001 0.003 0.005 0.009 0.017 0.030 0.050 0.076 0.116 0.187 0.335 0.626 1.006 1.249 1.333 1.339 1.328 1.302 1.260 1.199 1.114 1.002 0.858 0.681 0.509 0.377 0.293 0.257 0.258 0.321 0.625 1.667 4.012 6.861 8.530 9.113 9.142 8.992 8.738 8.442 8.188 7.975 7.780 7.587 7.389 7.171 6.925 6.654 6.371 6.079 5.763 5.420 5.047 4.669 4.319 4.003 3.721 3.473 3.258 3.072 2.912 2.775 2.654 2.547 2.452 2.371 2.302
0.000 0.000 0.000 0.000 0.000 0.000 0.000 0.000 0.000 0.000 0.000 0.001 0.002 0.003 0.006 0.010 0.017 0.027 0.043 0.074 0.155 0.364 0.769 1.153 1.322 1.351 1.344 1.325 1.292 1.243 1.173 1.076 0.948 0.784 0.602 0.453 0.349 0.297 0.287 0.328 0.546 1.338 3.286 6.064 7.877 8.633 8.764 8.672 8.432 8.114 7.827 7.606 7.436 7.277 7.104 6.906 6.677 6.417 6.131 5.829 5.506 5.161 4.789 4.418 4.072 3.757 3.473 3.225 3.013 2.834 2.684 2.559 2.453 2.362 2.287 2.227 2.178
0.000 0.000 0.000 0.000 0.000 0.000 0.000 0.000 0.000 0.000 0.000 0.000 0.001 0.001 0.002 0.003 0.005 0.009 0.014 0.027 0.063 0.181 0.492 0.948 1.248 1.344 1.347 1.335 1.314 1.279 1.227 1.151 1.044 0.900 0.721 0.557 0.439 0.370 0.349 0.369 0.529 1.123 2.629 5.074 6.960 7.866 8.110 8.087 7.923 7.645 7.334 7.095 6.945 6.842 6.734 6.594 6.409 6.175 5.898 5.594 5.269 4.927 4.567 4.207 3.866 3.550 3.261 3.005 2.785 2.602 2.452 2.330 2.233 2.160 2.106 2.068 2.039
0.000 0.000 0.000 0.000 0.000 0.000 0.000 0.000 0.000 0.000 0.000 0.000 0.000 0.000 0.001 0.001 0.002 0.003 0.005 0.010 0.025 0.080 0.259 0.649 1.075 1.286 1.338 1.338 1.328 1.309 1.275 1.220 1.138 1.021 0.863 0.695 0.566 0.486 0.454 0.461 0.574 1.021 2.162 4.119 5.886 6.849 7.188 7.228 7.161 6.983 6.707 6.433 6.274 6.223 6.203 6.169 6.083 5.907 5.655 5.360 5.041 4.709 4.369 4.027 3.691 3.371 3.075 2.807 2.575 2.379 2.219 2.093 2.001 1.943 1.908 1.885 1.862
0.000 0.000 0.000 0.000 0.000 0.000 0.000 0.000 0.000 0.000 0.000 0.000 0.000 0.000 0.000 0.001 0.001 0.001 0.002 0.004 0.011 0.035 0.121 0.360 0.785 1.141 1.294 1.332 1.338 1.334 1.317 1.280 1.218 1.126 0.998 0.845 0.723 0.643 0.607 0.604 0.674 1.001 1.853 3.377 4.892 5.751 6.097 6.186 6.192 6.127 5.951 5.694 5.507 5.464 5.509 5.589 5.623 5.551 5.365 5.103 4.808 4.498 4.186 3.867 3.536 3.209 2.905 2.627 2.379 2.166 1.990 1.854 1.758 1.696 1.654 1.610 1.535
0.000 0.000 0.000 0.000 0.000 0.000 0.000 0.000 0.000 0.000 0.000 0.000 0.000 0.000 0.000 0.000 0.001 0.001 0.002 0.003 0.006 0.017 0.054 0.176 0.470 0.883 1.179 1.305 1.345 1.355 1.350 1.328 1.284 1.210 1.104 0.967 0.852 0.779 0.745 0.740 0.786 1.015 1.637 2.794 4.064 4.821 5.155 5.276 5.305 5.288 5.210 5.053 4.873 4.777 4.779 4.879 5.008 5.041 4.965 4.787 4.549 4.283 4.009 3.715 3.390 3.052 2.740 2.454 2.192 1.958 1.762 1.606 1.483 1.376 1.263 1.129 0.966
0.000 0.000 0.000 0.000 0.000 0.000 0.000 0.000 0.000 0.000 0.000 0.000 0.000 0.000 0.000 0.000 0.001 0.001 0.002 0.003 0.005 0.011 0.027 0.082 0.240 0.569 0.961 1.216 1.330 1.369 1.375 1.365 1.334 1.275 1.182 1.058 0.943 0.868 0.831 0.823 0.849 1.008 1.455 2.306 3.369 4.057 4.390 4.534 4.587 4.592 4.565 4.486 4.355 4.229 4.171 4.192 4.291 4.378 4.393 4.332 4.190 3.991 3.761 3.502 3.204 2.872 2.556 2.266 1.992 1.736 1.506 1.303 1.110 0.920 0.741 0.582 0.446
0.000 0.000 0.000 0.000 0.000 0.000 0.000 0.000 0.000 0.000 0.000 0.000 0.000 0.000 0.000 0.000 0.001 0.001 0.002 0.003 0.006 0.010 0.018 0.043 0.118 0.308 0.653 1.020 1.251 1.358 1.390 1.389 1.367 1.317 1.235 1.120 1.005 0.922 0.874 0.857 0.870 0.972 1.275 1.873 2.738 3.401 3.752 3.917 3.986 4.004 3.999 3.963 3.883 3.768 3.670 3.617 3.602 3.631 3.655 3.656 3.599 3.473 3.289 3.067 2.814 2.523 2.220 1.933 1.654 1.376 1.105 0.851 0.634 0.467 0.342 0.247 0.176
0.000 0.000 0.000 0.000 0.000 0.000 0.000 0.000 0.000 0.000 0.000 0.000 0.000 0.000 0.000 0.001 0.001 0.002 0.003 0.005 0.007 0.011 0.017 0.031 0.067 0.164 0.373 0.718 1.069 1.285 1.380 1.398 1.383 1.338 1.262 1.156 1.043 0.954 0.892 0.861 0.860 0.907 1.080 1.472 2.134 2.789 3.179 3.376 3.462 3.489 3.491 3.473 3.419 3.325 3.214 3.108 3.013 2.929 2.857 2.803 2.751 2.663 2.520 2.328 2.107 1.858 1.582 1.308 1.046 0.794 0.573 0.400 0.276 0.190 0.132 0.092 0.066
0.000 0.000 0.000 0.000 0.000 0.000 0.000 0.000 0.000 0.000 0.000 0.000 0.000 0.000 0.000 0.001 0.002 0.003 0.005 0.007 0.010 0.014 0.019 0.030 0.053 0.104 0.220 0.444 0.793 1.121 1.312 1.383 1.383 1.343 1.269 1.171 1.063 0.970 0.897 0.845 0.815 0.812 0.879 1.109 1.573 2.179 2.624 2.870 2.981 3.014 3.017 3.002 2.956 2.873 2.758 2.620 2.470 2.307 2.141 1.988 1.847 1.708 1.556 1.384 1.198 1.002 0.803 0.616 0.453 0.320 0.217 0.144 0.096 0.066 0.047 0.034 0.025
0.000 0.000 0.000 0.000 0.000 0.000 0.000 0.000 0.000 0.000 0.000 0.000 0.000 0.000 0.000 0.001 0.003 0.005 0.008 0.011 0.015 0.020 0.025 0.034 0.053 0.088 0.157 0.295 0.541 0.884 1.167 1.313 1.351 1.329 1.264 1.173 1.070 0.977 0.890 0.807 0.735 0.696 0.702 0.808 1.089 1.561 2.049 2.360 2.511 2.556 2.556 2.539 2.494 2.411 2.289 2.126 1.931 1.707 1.490 1.295 1.122 0.968 0.826 0.691 0.559 0.432 0.319 0.225 0.154 0.102 0.067 0.045 0.032 0.023 0.017 0.013 0.010
0.000 0.000 0.000 0.000 0.000 0.000 0.000 0.000 0.000 0.000 0.000 0.000 0.000 0.000 0.000 0.001 0.003 0.006 0.010 0.016 0.021 0.028 0.036 0.045 0.061 0.090 0.141 0.234 0.398 0.662 0.970 1.181 1.266 1.270 1.232 1.159 1.068 0.975 0.880 0.777 0.674 0.597 0.565 0.589 0.719 0.995 1.403 1.768 1.982 2.065 2.077 2.061 2.010 1.910 1.755 1.550 1.316 1.086 0.890 0.725 0.586 0.470 0.375 0.294 0.222 0.160 0.110 0.073 0.048 0.031 0.021 0.015 0.011 0.009 0.007 0.006 0.005
0.000 0.000 0.000 0.000 0.000 0.000 0.000 0.000 0.000 0.000 0.000 0.000 0.000 0.000 0.000 0.001 0.003 0.007 0.012 0.019 0.027 0.038 0.049 0.062 0.078 0.103 0.146 0.218 0.336 0.523 0.781 1.004 1.130 1.163 1.153 1.113 1.046 0.961 0.865 0.758 0.640 0.537 0.469 0.445 0.476 0.591 0.810 1.082 1.291 1.410 1.447 1.440 1.382 1.257 1.070 0.869 0.692 0.545 0.423 0.324 0.247 0.189 0.146 0.111 0.081 0.055 0.036 0.023 0.015 0.010 0.008 0.006 0.005 0.004 0.004 0.003 0.003
0.000 0.000 0.000 0.000 0.000 0.000 0.000 0.000 0.000 0.000 0.000 0.000 0.000 0.000 0.000 0.001 0.003 0.007 0.012 0.021 0.032 0.045 0.059 0.076 0.097 0.123 0.161 0.220 0.311 0.448 0.641 0.830 0.960 1.021 1.034 1.024 0.988 0.926 0.842 0.739 0.622 0.506 0.415 0.358 0.336 0.355 0.425 0.549 0.662 0.730 0.755 0.751 0.711 0.623 0.497 0.374 0.279 0.206 0.151 0.111 0.084 0.066 0.052 0.039 0.028 0.018 0.012 0.008 0.005 0.004 0.003 0.003 0.003 0.002 0.002 0.002 0.002
0.000 0.000 0.000 0.000 0.000 0.000 0.000 0.000 0.000 0.000 0.000 0.000 0.000 0.000 0.000 0.001 0.003 0.006 0.012 0.022 0.034 0.049 0.066 0.085 0.108 0.137 0.174 0.225 0.299 0.403 0.543 0.686 0.793 0.861 0.894 0.903 0.894 0.860 0.799 0.713 0.607 0.491 0.388 0.312 0.261 0.236 0.231 0.253 0.283 0.302 0.308 0.303 0.282 0.238 0.176 0.123 0.086 0.061 0.044 0.033 0.026 0.021 0.017 0.013 0.009 0.006 0.004 0.003 0.002 0.002 0.002 0.002 0.002 0.001 0.001 0.001 0.001
0.000 0.000 0.000 0.000 0.000 0.000 0.000 0.000 0.000 0.000 0.000 0.000 0.000 0.000 0.000 0.001 0.002 0.006 0.012 0.022 0.036 0.052 0.070 0.090 0.114 0.143 0.179 0.225 0.288 0.368 0.468 0.565 0.643 0.702 0.743 0.766 0.773 0.764 0.731 0.671 0.586 0.481 0.374 0.286 0.221 0.174 0.144 0.127 0.118 0.112 0.106 0.100 0.090 0.073 0.052 0.035 0.024 0.017 0.012 0.009 0.008 0.006 0.005 0.004 0.003 0.002 0.002 0.001 0.001 0.001 0.001 0.001 0.001 0.001 0.001 0.001 0.001
0.000 0.000 0.000 0.000 0.000 0.000 0.000 0.000 0.000 0.000 0.000 0.000 0.000 0.000 0.000 0.001 0.002 0.005 0.011 0.021 0.036 0.052 0.071 0.092 0.116 0.144 0.179 0.222 0.273 0.334 0.401 0.460 0.508 0.549 0.587 0.619 0.638 0.645 0.637 0.606 0.549 0.465 0.362 0.266 0.192 0.137 0.098 0.072 0.055 0.045 0.038 0.032 0.027 0.021 0.014 0.010 0.006 0.004 0.003 0.003 0.002 0.002 0.001 0.001 0.001 0.001 0.001 0.001 0.001 0.001 0.001 0.001 0.001 0.001 0.001 0.001 0.001
0.000 0.000 0.000 0.000 0.000 0.000 0.000 0.000 0.000 0.000 0.000 0.000 0.000 0.000 0.000 0.001 0.001 0.004 0.010 0.020 0.035 0.052 0.071 0.092 0.116 0.144 0.176 0.214 0.255 0.298 0.338 0.368 0.391 0.409 0.428 0.452 0.479 0.500 0.509 0.503 0.476 0.422 0.340 0.244 0.165 0.108 0.069 0.044 0.029 0.020 0.014 0.011 0.008 0.006 0.004 0.002 0.002 0.001 0.001 0.001 0.001 0.001 0.000 0.000 0.000 0.000 0.000 0.001 0.001 0.001 0.001 0.001 0.001 0.001 0.001 0.001 0.001
0.000 0.000 0.000 0.000 0.000 0.000 0.000 0.000 0.000 0.000 0.000 0.000 0.000 0.000 0.000 0.000 0.001 0.003 0.008 0.017 0.031 0.050 0.070 0.092 0.116 0.142 0.170 0.201 0.231 0.257 0.276 0.287 0.292 0.290 0.286 0.287 0.298 0.318 0.336 0.345 0.345 0.327 0.281 0.207 0.132 0.079 0.046 0.027 0.016 0.009 0.006 0.004 0.002 0.002 0.001 0.001 0.001 0.000 0.000 0.000 0.000 0.000 0.000 0.000 0.000 0.000 0.000 0.000 0.000 0.001 0.001 0.001 0.001 0.001 0.001 0.001 0.001
0.000 0.000 0.000 0.000 0.000 0.000 0.000 0.000 0.000 0.000 0.000 0.000 0.000 0.000 0.000 0.000 0.001 0.002 0.005 0.012 0.025 0.043 0.065 0.090 0.114 0.137 0.160 0.182 0.200 0.211 0.216 0.215 0.208 0.194 0.174 0.163 0.160 0.165 0.174 0.180 0.183 0.184 0.173 0.139 0.088 0.050 0.028 0.015 0.008 0.004 0.002 0.001 0.001 0.001 0.000 0.000 0.000 0.000 0.000 0.000 0.000 0.000 0.000 0.000 0.000 0.000 0.000 0.000 0.000 0.000 0.000 0.000 0.000 0.000 0.000 0.001 0.001
0.000 0.000 0.000 0.000 0.000 0.000 0.000 0.000 0.000 0.000 0.000 0.000 0.000 0.000 0.000 0.000 0.000 0.001 0.003 0.007 0.015 0.030 0.052 0.079 0.105 0.126 0.143 0.155 0.161 0.162 0.158 0.149 0.137 0.119 0.097 0.082 0.074 0.072 0.074 0.076 0.077 0.078 0.076 0.066 0.045 0.026 0.014 0.008 0.004 0.002 0.001 0.001 0.000 0.000 0.000 0.000 0.000 0.000 0.000 0.000 0.000 0.000 0.000 0.000 0.000 0.000 0.000 0.000 0.000 0.000 0.001 0.000 0.000 0.000 0.000 0.001 0.001
