RESULTS/r.avaflow_results/22_results/22_ascii/22_hflow10010.asc
ncols 506
nrows 317
xllcenter 498237.50
yllcenter 5580050.00
cellsize 12.50
NODATA_value -9999.000
[rows 170 to 203 of 317, columns 77 to 153 of 506]
0.000 0.000 0.000 0.000 0.000 0.000 0.000 0.000 0.000 0.000 0.000 0.000 0.000 0.000 0.000 0.000 0.000 0.000 0.000 0.000 0.002 0.006 0.016 0.041 0.088 0.163 0.266 0.390 0.484 0.539 0.561 0.563 0.549 0.517 0.504 0.513 0.575 0.745 1.035 1.275 1.423 1.547 1.721 2.123 2.891 3.717 4.301 4.754 5.030 5.162 5.237 5.319 5.524 6.175 7.203 8.009 8.668 9.380 10.379 11.754 12.865 13.388 13.338 12.539 10.901 8.809 6.971 5.533 4.430 3.523 2.775 2.176 1.717 1.372 1.107 0.900 0.726
0.000 0.000 0.000 0.000 0.000 0.000 0.000 0.000 0.000 0.000 0.000 0.000 0.000 0.000 0.000 0.000 0.000 0.000 0.000 0.002 0.006 0.016 0.038 0.082 0.157 0.270 0.430 0.616 0.751 0.824 0.849 0.848 0.817 0.760 0.742 0.759 0.863 1.119 1.520 1.854 2.057 2.227 2.481 3.020 3.968 4.861 5.506 6.085 6.488 6.675 6.745 6.800 6.920 7.382 8.206 9.022 9.803 10.680 11.983 13.506 14.439 14.692 14.338 13.079 11.069 8.839 7.093 5.760 4.743 3.902 3.216 2.663 2.202 1.826 1.522 1.274 1.054
0.000 0.000 0.000 0.000 0.000 0.000 0.000 0.000 0.000 0.000 0.000 0.000 0.000 0.000 0.000 0.000 0.000 0.000 0.001 0.005 0.014 0.034 0.074 0.145 0.257 0.422 0.660 0.927 1.110 1.201 1.228 1.220 1.162 1.065 1.030 1.048 1.161 1.429 1.862 2.320 2.679 3.002 3.406 4.115 5.191 6.031 6.655 7.335 7.974 8.349 8.436 8.407 8.296 8.334 8.657 9.279 10.140 11.235 12.815 14.376 15.189 15.282 14.665 13.128 10.935 8.750 7.143 5.979 5.116 4.421 3.837 3.336 2.881 2.472 2.105 1.782 1.500
0.000 0.000 0.000 0.000 0.000 0.000 0.000 0.000 0.000 0.000 0.000 0.000 0.000 0.000 0.000 0.000 0.000 0.001 0.003 0.009 0.022 0.050 0.105 0.199 0.353 0.591 0.945 1.323 1.561 1.671 1.695 1.676 1.575 1.417 1.350 1.351 1.434 1.677 2.101 2.642 3.164 3.674 4.272 5.137 6.280 7.109 7.757 8.467 9.244 9.808 10.025 10.013 9.732 9.226 9.011 9.294 10.061 11.252 13.006 14.601 15.332 15.315 14.553 12.837 10.501 8.558 7.229 6.293 5.564 4.931 4.370 3.885 3.467 3.087 2.729 2.389 2.072
0.000 0.000 0.000 0.000 0.000 0.000 0.000 0.000 0.000 0.000 0.000 0.000 0.000 0.000 0.000 0.000 0.000 0.001 0.004 0.011 0.027 0.059 0.120 0.228 0.413 0.711 1.169 1.696 2.032 2.180 2.210 2.177 2.021 1.765 1.643 1.627 1.685 1.895 2.301 2.864 3.472 4.095 4.841 5.840 7.083 8.007 8.707 9.415 10.264 10.920 11.238 11.274 10.985 10.060 9.309 9.230 9.709 10.861 12.789 14.500 15.197 15.089 14.067 12.108 9.918 8.378 7.321 6.512 5.824 5.205 4.647 4.166 3.773 3.451 3.178 2.931 2.689
0.000 0.000 0.000 0.000 0.000 0.000 0.000 0.000 0.000 0.000 0.000 0.000 0.000 0.000 0.000 0.000 0.000 0.001 0.004 0.011 0.028 0.061 0.124 0.240 0.442 0.778 1.304 1.972 2.422 2.627 2.671 2.632 2.435 2.080 1.897 1.866 1.917 2.112 2.490 3.015 3.607 4.251 5.069 6.165 7.550 8.667 9.433 10.143 11.038 11.714 12.044 12.066 11.802 10.753 9.533 9.052 9.192 10.065 11.943 13.755 14.414 14.201 12.988 10.995 9.291 8.158 7.287 6.537 5.882 5.279 4.720 4.230 3.840 3.573 3.410 3.297 3.192
0.000 0.000 0.000 0.000 0.000 0.000 0.000 0.000 0.000 0.000 0.000 0.000 0.000 0.000 0.000 0.000 0.000 0.001 0.004 0.011 0.028 0.060 0.124 0.241 0.450 0.804 1.370 2.151 2.733 3.012 3.081 3.040 2.816 2.376 2.133 2.086 2.135 2.322 2.649 3.083 3.612 4.245 5.077 6.221 7.698 8.981 9.859 10.635 11.534 12.168 12.472 12.467 12.192 11.206 9.756 8.732 8.445 8.858 10.306 12.151 12.878 12.675 11.472 9.719 8.519 7.697 7.006 6.384 5.797 5.184 4.595 4.099 3.745 3.542 3.471 3.492 3.538
0.000 0.000 0.000 0.000 0.000 0.000 0.000 0.000 0.000 0.000 0.000 0.000 0.000 0.000 0.000 0.000 0.000 0.001 0.004 0.011 0.026 0.058 0.120 0.237 0.447 0.806 1.389 2.250 2.979 3.344 3.447 3.413 3.177 2.672 2.364 2.298 2.336 2.487 2.731 3.058 3.492 4.077 4.899 6.104 7.704 9.082 10.048 10.902 11.825 12.390 12.613 12.554 12.229 11.331 9.874 8.288 7.396 7.328 8.110 9.796 10.752 10.686 9.655 8.228 7.357 6.762 6.246 5.737 5.174 4.565 4.036 3.667 3.472 3.407 3.441 3.562 3.723
0.000 0.000 0.000 0.000 0.000 0.000 0.000 0.000 0.000 0.000 0.000 0.000 0.000 0.000 0.000 0.000 0.000 0.001 0.003 0.009 0.022 0.051 0.109 0.222 0.429 0.789 1.380 2.287 3.166 3.638 3.788 3.768 3.535 2.979 2.593 2.490 2.506 2.590 2.738 2.938 3.208 3.658 4.428 5.694 7.502 9.036 10.075 11.015 11.915 12.443 12.613 12.584 12.219 11.314 9.863 7.850 6.307 5.829 6.049 7.151 8.129 8.194 7.389 6.242 5.573 5.113 4.678 4.220 3.761 3.386 3.157 3.057 3.078 3.170 3.326 3.546 3.771
0.000 0.000 0.000 0.000 0.000 0.000 0.000 0.000 0.000 0.000 0.000 0.000 0.000 0.000 0.000 0.000 0.000 0.000 0.002 0.006 0.016 0.039 0.089 0.191 0.387 0.739 1.329 2.255 3.293 3.907 4.120 4.121 3.899 3.302 2.827 2.660 2.633 2.658 2.716 2.809 2.956 3.236 3.811 4.937 6.808 8.645 9.876 10.935 11.813 12.335 12.431 12.353 11.877 10.963 9.496 7.301 5.307 4.439 4.319 4.750 5.325 5.314 4.656 3.790 3.270 2.907 2.613 2.379 2.222 2.158 2.209 2.350 2.553 2.792 3.076 3.421 3.725
0.000 0.000 0.000 0.000 0.000 0.000 0.000 0.000 0.000 0.000 0.000 0.000 0.000 0.000 0.000 0.000 0.000 0.000 0.001 0.003 0.008 0.023 0.060 0.143 0.316 0.644 1.222 2.161 3.366 4.155 4.457 4.480 4.265 3.642 3.084 2.830 2.736 2.715 2.726 2.767 2.859 3.051 3.453 4.256 5.749 7.602 9.033 10.225 11.167 11.703 11.760 11.584 10.881 9.737 8.231 6.225 4.213 3.124 2.773 2.817 2.993 2.905 2.420 1.870 1.545 1.340 1.208 1.140 1.127 1.173 1.307 1.550 1.873 2.229 2.629 3.099 3.520
0.000 0.000 0.000 0.000 0.000 0.000 0.000 0.000 0.000 0.000 0.000 0.000 0.000 0.000 0.000 0.000 0.000 0.000 0.000 0.001 0.003 0.010 0.030 0.085 0.218 0.506 1.055 1.995 3.346 4.386 4.826 4.876 4.659 4.023 3.407 3.051 2.862 2.786 2.771 2.787 2.853 3.018 3.353 3.983 5.133 6.476 7.518 8.512 9.456 9.970 9.998 9.548 8.466 7.114 5.732 4.272 2.798 1.868 1.472 1.377 1.355 1.259 1.002 0.739 0.577 0.475 0.419 0.402 0.412 0.463 0.578 0.765 1.038 1.413 1.894 2.475 3.048
0.000 0.000 0.000 0.000 0.000 0.000 0.000 0.000 0.000 0.000 0.000 0.000 0.000 0.000 0.000 0.000 0.000 0.000 0.000 0.000 0.001 0.004 0.012 0.038 0.118 0.333 0.826 1.763 3.219 4.549 5.217 5.341 5.128 4.500 3.849 3.407 3.117 2.964 2.911 2.909 2.943 3.077 3.395 3.984 5.001 5.949 6.512 6.925 7.256 7.198 6.534 5.256 3.950 3.106 2.551 1.993 1.351 0.852 0.599 0.510 0.466 0.409 0.317 0.224 0.160 0.122 0.106 0.103 0.108 0.128 0.176 0.259 0.383 0.571 0.880 1.379 2.046
0.000 0.000 0.000 0.000 0.000 0.000 0.000 0.000 0.000 0.000 0.000 0.000 0.000 0.000 0.000 0.000 0.000 0.000 0.000 0.000 0.001 0.001 0.004 0.016 0.055 0.175 0.518 1.351 2.858 4.534 5.461 5.748 5.636 5.119 4.449 3.948 3.587 3.358 3.255 3.230 3.243 3.364 3.725 4.318 5.116 5.718 5.961 5.992 5.681 4.663 3.009 1.590 0.892 0.703 0.661 0.599 0.447 0.270 0.170 0.128 0.108 0.092 0.075 0.059 0.050 0.048 0.048 0.049 0.050 0.053 0.061 0.076 0.105 0.155 0.252 0.450 0.805
0.000 0.000 0.000 0.000 0.000 0.000 0.000 0.000 0.000 0.000 0.000 0.000 0.000 0.000 0.000 0.000 0.000 0.000 0.000 0.000 0.001 0.001 0.003 0.012 0.039 0.115 0.311 0.799 1.956 3.862 5.326 5.874 5.937 5.717 5.216 4.698 4.305 4.038 3.903 3.868 3.899 4.094 4.545 4.993 5.328 5.509 5.493 5.180 4.147 2.443 1.007 0.350 0.149 0.101 0.098 0.105 0.094 0.058 0.035 0.027 0.024 0.024 0.027 0.033 0.038 0.040 0.041 0.042 0.043 0.044 0.046 0.049 0.055 0.065 0.085 0.125 0.219
0.000 0.000 0.000 0.000 0.000 0.000 0.000 0.000 0.000 0.000 0.000 0.000 0.000 0.000 0.000 0.000 0.000 0.000 0.000 0.000 0.001 0.002 0.006 0.018 0.051 0.130 0.303 0.646 1.307 2.619 4.381 5.556 5.991 6.106 5.977 5.677 5.322 5.080 4.984 4.993 5.041 5.130 5.276 5.328 5.319 5.199 4.795 3.769 2.205 0.894 0.326 0.138 0.072 0.044 0.031 0.025 0.022 0.018 0.015 0.015 0.015 0.017 0.023 0.031 0.036 0.038 0.039 0.039 0.040 0.041 0.043 0.045 0.049 0.057 0.071 0.087 0.101
0.000 0.000 0.000 0.000 0.000 0.000 0.000 0.000 0.000 0.000 0.000 0.000 0.000 0.000 0.000 0.000 0.000 0.000 0.001 0.001 0.002 0.005 0.014 0.041 0.102 0.225 0.439 0.783 1.307 2.121 3.416 4.828 5.754 6.247 6.490 6.550 6.436 6.343 6.308 6.257 6.081 5.784 5.523 5.296 4.988 4.347 3.103 1.698 0.752 0.337 0.172 0.098 0.059 0.037 0.025 0.019 0.015 0.014 0.013 0.013 0.014 0.017 0.022 0.029 0.034 0.036 0.037 0.037 0.038 0.039 0.041 0.043 0.048 0.056 0.069 0.082 0.088
0.000 0.000 0.000 0.000 0.000 0.000 0.000 0.000 0.000 0.000 0.000 0.000 0.000 0.000 0.000 0.000 0.001 0.001 0.001 0.002 0.004 0.012 0.034 0.088 0.201 0.410 0.738 1.185 1.686 2.264 3.059 4.152 5.249 6.107 6.696 7.061 7.206 7.226 7.167 6.936 6.505 5.940 5.362 4.690 3.675 2.371 1.196 0.590 0.343 0.215 0.135 0.084 0.053 0.034 0.022 0.016 0.013 0.012 0.012 0.012 0.013 0.016 0.022 0.028 0.032 0.034 0.034 0.035 0.036 0.037 0.039 0.043 0.049 0.057 0.068 0.078 0.082
0.000 0.000 0.000 0.000 0.000 0.000 0.000 0.000 0.000 0.000 0.000 0.000 0.000 0.000 0.001 0.001 0.001 0.001 0.002 0.004 0.010 0.029 0.076 0.175 0.362 0.680 1.161 1.711 2.171 2.592 3.068 3.733 4.669 5.718 6.591 7.165 7.422 7.455 7.327 6.930 6.284 5.388 4.160 2.795 1.578 0.822 0.479 0.346 0.262 0.178 0.114 0.073 0.047 0.030 0.020 0.014 0.012 0.011 0.011 0.011 0.012 0.015 0.022 0.028 0.030 0.031 0.032 0.033 0.034 0.035 0.037 0.042 0.049 0.057 0.066 0.073 0.078
0.000 0.000 0.000 0.000 0.000 0.000 0.000 0.000 0.000 0.000 0.000 0.000 0.001 0.001 0.001 0.002 0.002 0.003 0.004 0.009 0.024 0.066 0.159 0.333 0.623 1.075 1.649 2.138 2.469 2.748 3.056 3.475 4.125 5.084 5.994 6.588 6.793 6.648 6.229 5.494 4.399 3.050 1.769 0.946 0.559 0.411 0.347 0.298 0.229 0.151 0.097 0.064 0.042 0.027 0.018 0.013 0.011 0.010 0.010 0.010 0.012 0.015 0.020 0.026 0.028 0.029 0.030 0.030 0.031 0.032 0.035 0.041 0.048 0.057 0.066 0.072 0.076
0.000 0.000 0.000 0.000 0.000 0.000 0.000 0.000 0.000 0.000 0.001 0.001 0.001 0.002 0.003 0.003 0.004 0.005 0.008 0.019 0.053 0.140 0.317 0.612 1.052 1.624 2.106 2.394 2.596 2.778 2.976 3.222 3.600 4.163 4.571 4.597 4.289 3.713 2.960 2.184 1.467 0.891 0.559 0.416 0.366 0.347 0.325 0.280 0.201 0.128 0.084 0.057 0.037 0.025 0.017 0.012 0.010 0.010 0.009 0.010 0.011 0.015 0.020 0.025 0.027 0.028 0.028 0.028 0.029 0.030 0.034 0.040 0.048 0.057 0.067 0.073 0.076
0.000 0.000 0.000 0.000 0.000 0.000 0.000 0.000 0.000 0.001 0.001 0.002 0.003 0.004 0.005 0.006 0.007 0.009 0.015 0.037 0.107 0.278 0.601 1.081 1.634 2.128 2.390 2.506 2.607 2.703 2.782 2.846 2.867 2.761 2.432 1.984 1.598 1.295 1.025 0.756 0.539 0.413 0.356 0.339 0.336 0.331 0.312 0.260 0.173 0.111 0.075 0.051 0.034 0.023 0.015 0.011 0.010 0.009 0.009 0.010 0.011 0.015 0.020 0.024 0.026 0.027 0.027 0.027 0.027 0.029 0.033 0.040 0.048 0.057 0.066 0.070 0.073
0.000 0.000 0.000 0.000 0.000 0.000 0.000 0.001 0.001 0.002 0.003 0.003 0.004 0.005 0.006 0.007 0.008 0.012 0.024 0.068 0.203 0.520 1.086 1.695 2.138 2.400 2.502 2.522 2.513 2.447 2.293 2.034 1.704 1.408 1.181 1.000 0.896 0.812 0.696 0.529 0.402 0.340 0.320 0.318 0.321 0.318 0.293 0.229 0.148 0.097 0.067 0.046 0.031 0.021 0.014 0.011 0.009 0.009 0.009 0.010 0.011 0.015 0.021 0.024 0.025 0.026 0.026 0.026 0.026 0.028 0.032 0.040 0.049 0.059 0.065 0.068 0.070
0.000 0.000 0.000 0.000 0.000 0.001 0.001 0.002 0.002 0.003 0.004 0.005 0.005 0.006 0.006 0.007 0.009 0.015 0.038 0.121 0.366 0.937 1.689 2.184 2.413 2.491 2.492 2.400 2.191 1.831 1.370 1.017 0.876 0.844 0.828 0.803 0.772 0.712 0.591 0.439 0.351 0.314 0.304 0.304 0.304 0.297 0.266 0.197 0.124 0.082 0.057 0.040 0.027 0.018 0.013 0.010 0.009 0.009 0.009 0.010 0.012 0.016 0.021 0.024 0.025 0.025 0.025 0.025 0.026 0.028 0.033 0.040 0.051 0.060 0.065 0.068 0.069
0.000 0.000 0.000 0.000 0.001 0.002 0.002 0.003 0.004 0.004 0.005 0.005 0.005 0.006 0.006 0.007 0.009 0.020 0.063 0.209 0.618 1.437 2.120 2.409 2.490 2.466 2.299 1.948 1.468 0.994 0.681 0.567 0.602 0.698 0.741 0.744 0.722 0.651 0.512 0.382 0.321 0.300 0.295 0.295 0.293 0.277 0.236 0.164 0.103 0.070 0.050 0.035 0.025 0.016 0.011 0.009 0.008 0.008 0.008 0.009 0.012 0.016 0.020 0.023 0.024 0.025 0.024 0.024 0.025 0.028 0.034 0.042 0.053 0.062 0.066 0.068 0.070
0.000 0.000 0.001 0.001 0.002 0.003 0.004 0.004 0.004 0.005 0.005 0.005 0.005 0.005 0.006 0.007 0.011 0.031 0.108 0.359 0.990 1.827 2.275 2.423 2.408 2.156 1.651 1.106 0.712 0.498 0.417 0.436 0.555 0.671 0.703 0.705 0.677 0.585 0.436 0.337 0.298 0.289 0.289 0.288 0.282 0.261 0.211 0.138 0.088 0.060 0.044 0.031 0.022 0.015 0.010 0.008 0.007 0.007 0.008 0.009 0.012 0.016 0.020 0.022 0.023 0.024 0.024 0.024 0.025 0.029 0.036 0.045 0.055 0.064 0.069 0.071 0.074
0.000 0.001 0.002 0.002 0.003 0.004 0.004 0.005 0.005 0.005 0.005 0.005 0.005 0.005 0.006 0.007 0.016 0.054 0.195 0.611 1.369 1.970 2.213 2.210 1.850 1.260 0.777 0.516 0.386 0.341 0.351 0.417 0.570 0.667 0.682 0.676 0.631 0.517 0.378 0.308 0.284 0.280 0.282 0.283 0.274 0.247 0.191 0.120 0.078 0.054 0.039 0.028 0.020 0.013 0.010 0.008 0.007 0.007 0.007 0.009 0.012 0.016 0.020 0.022 0.023 0.023 0.023 0.024 0.027 0.032 0.040 0.050 0.059 0.067 0.073 0.077 0.080
0.001 0.002 0.002 0.003 0.004 0.005 0.005 0.005 0.005 0.005 0.005 0.005 0.005 0.005 0.006 0.009 0.026 0.102 0.356 0.934 1.556 1.844 1.849 1.479 0.934 0.568 0.402 0.328 0.302 0.305 0.342 0.442 0.588 0.659 0.672 0.656 0.592 0.455 0.329 0.279 0.268 0.270 0.275 0.276 0.269 0.237 0.174 0.109 0.071 0.049 0.036 0.026 0.018 0.012 0.009 0.007 0.007 0.007 0.007 0.009 0.012 0.017 0.020 0.021 0.022 0.023 0.023 0.025 0.028 0.035 0.044 0.056 0.065 0.074 0.082 0.087 0.090
0.002 0.003 0.003 0.004 0.005 0.006 0.006 0.006 0.005 0.005 0.005 0.005 0.005 0.005 0.006 0.014 0.050 0.193 0.600 1.166 1.480 1.499 1.202 0.750 0.483 0.365 0.309 0.287 0.285 0.299 0.354 0.480 0.599 0.643 0.651 0.630 0.547 0.399 0.297 0.261 0.256 0.262 0.269 0.268 0.258 0.226 0.160 0.099 0.065 0.046 0.034 0.024 0.017 0.012 0.009 0.007 0.007 0.007 0.007 0.009 0.013 0.017 0.020 0.021 0.022 0.023 0.024 0.026 0.030 0.039 0.051 0.064 0.075 0.085 0.094 0.099 0.100
0.003 0.004 0.005 0.006 0.006 0.007 0.006 0.006 0.006 0.006 0.005 0.005 0.005 0.006 0.009 0.025 0.097 0.348 0.835 1.194 1.273 1.117 0.741 0.473 0.363 0.311 0.284 0.275 0.278 0.302 0.369 0.501 0.595 0.616 0.615 0.588 0.493 0.348 0.271 0.248 0.246 0.255 0.263 0.263 0.251 0.212 0.145 0.091 0.061 0.044 0.033 0.024 0.016 0.011 0.008 0.007 0.007 0.007 0.007 0.010 0.014 0.018 0.020 0.022 0.022 0.024 0.025 0.028 0.034 0.045 0.059 0.074 0.088 0.100 0.107 0.109 0.107
0.005 0.006 0.006 0.007 0.008 0.007 0.007 0.007 0.006 0.006 0.006 0.006 0.007 0.008 0.016 0.049 0.177 0.528 0.937 1.069 1.027 0.791 0.508 0.378 0.320 0.290 0.274 0.269 0.275 0.307 0.387 0.515 0.586 0.601 0.594 0.548 0.432 0.306 0.250 0.235 0.237 0.250 0.259 0.257 0.242 0.199 0.131 0.082 0.056 0.042 0.031 0.023 0.016 0.011 0.008 0.007 0.006 0.007 0.008 0.010 0.015 0.019 0.022 0.023 0.024 0.025 0.027 0.032 0.039 0.052 0.071 0.088 0.101 0.112 0.116 0.115 0.111
0.008 0.008 0.009 0.009 0.009 0.008 0.008 0.007 0.007 0.007 0.007 0.008 0.010 0.015 0.031 0.092 0.290 0.660 0.884 0.913 0.817 0.571 0.405 0.333 0.294 0.273 0.265 0.265 0.276 0.312 0.400 0.525 0.580 0.588 0.575 0.512 0.379 0.271 0.230 0.222 0.228 0.245 0.253 0.251 0.232 0.185 0.118 0.075 0.052 0.038 0.029 0.022 0.015 0.010 0.008 0.007 0.006 0.007 0.008 0.011 0.016 0.020 0.022 0.024 0.026 0.027 0.030 0.036 0.046 0.063 0.086 0.104 0.114 0.119 0.120 0.116 0.108
0.011 0.011 0.011 0.011 0.010 0.009 0.008 0.008 0.008 0.008 0.009 0.012 0.017 0.028 0.058 0.148 0.396 0.703 0.801 0.785 0.644 0.445 0.349 0.301 0.274 0.260 0.257 0.261 0.276 0.317 0.410 0.523 0.569 0.574 0.555 0.478 0.336 0.248 0.216 0.211 0.218 0.239 0.247 0.245 0.225 0.175 0.108 0.069 0.048 0.036 0.027 0.020 0.014 0.009 0.007 0.006 0.006 0.007 0.008 0.012 0.017 0.021 0.023 0.025 0.027 0.030 0.034 0.043 0.058 0.080 0.101 0.115 0.122 0.122 0.119 0.110 0.091
0.014 0.014 0.014 0.013 0.011 0.010 0.009 0.009 0.010 0.011 0.014 0.019 0.027 0.041 0.080 0.198 0.463 0.666 0.710 0.667 0.509 0.376 0.316 0.280 0.259 0.250 0.249 0.255 0.274 0.321 0.421 0.521 0.558 0.563 0.539 0.439 0.297 0.227 0.206 0.204 0.215 0.237 0.244 0.241 0.219 0.165 0.100 0.064 0.045 0.034 0.026 0.019 0.013 0.009 0.007 0.006 0.006 0.007 0.009 0.013 0.019 0.023 0.025 0.027 0.029 0.033 0.039 0.051 0.070 0.095 0.110 0.120 0.123 0.122 0.111 0.086 0.054
