RESULTS/r.avaflow_results/22_results/22_ascii/22_hflow0004.asc
ncols 506
nrows 317
xllcenter 498237.50
yllcenter 5580050.00
cellsize 12.50
NODATA_value -9999.000
[rows 238 to 271 of 317, columns 77 to 153 of 506]
0.053 0.085 0.126 0.175 0.234 0.305 0.383 0.459 0.539 0.636 0.767 0.957 1.157 1.264 1.291 1.285 1.260 1.201 1.143 1.140 1.236 1.588 2.541 4.456 6.087 6.627 6.654 6.521 6.255 5.837 5.142 4.161 3.515 3.309 3.318 3.534 3.995 4.248 4.274 4.102 3.543 2.403 1.307 0.760 0.541 0.468 0.439 0.427 0.423 0.424 0.438 0.489 0.624 0.908 1.425 1.888 2.065 2.081 1.976 1.616 0.968 0.443 0.181 0.068 0.024 0.008 0.002 0.001 0.000 0.000 0.000 0.000 0.000 0.000 0.000 0.000 0.000
0.040 0.069 0.107 0.154 0.209 0.271 0.335 0.400 0.472 0.562 0.685 0.865 1.077 1.206 1.250 1.254 1.236 1.180 1.098 1.067 1.108 1.323 1.943 3.442 5.451 6.403 6.563 6.498 6.393 6.262 5.886 4.993 4.103 3.779 3.764 3.991 4.427 4.589 4.530 4.200 3.429 2.153 1.209 0.748 0.563 0.490 0.458 0.447 0.446 0.452 0.483 0.562 0.720 1.022 1.548 1.936 2.064 2.055 1.861 1.313 0.626 0.248 0.090 0.030 0.009 0.003 0.001 0.000 0.000 0.000 0.000 0.000 0.000 0.000 0.000 0.000 0.000
0.028 0.054 0.090 0.134 0.185 0.241 0.294 0.350 0.414 0.495 0.609 0.783 1.010 1.168 1.233 1.241 1.225 1.170 1.062 0.998 1.005 1.138 1.552 2.562 4.439 5.772 6.173 6.295 6.428 6.542 6.436 5.888 4.955 4.401 4.308 4.460 4.755 4.820 4.667 4.197 3.204 1.920 1.144 0.770 0.613 0.538 0.502 0.490 0.490 0.500 0.540 0.631 0.795 1.107 1.609 1.897 1.973 1.928 1.591 0.889 0.356 0.127 0.040 0.012 0.003 0.001 0.000 0.000 0.000 0.000 0.000 0.000 0.000 0.000 0.000 0.000 0.000
0.019 0.040 0.072 0.115 0.165 0.214 0.262 0.311 0.368 0.440 0.542 0.702 0.939 1.134 1.218 1.230 1.217 1.164 1.036 0.944 0.934 1.020 1.308 1.987 3.365 4.715 5.360 5.789 6.254 6.634 6.728 6.533 5.912 5.201 4.894 4.879 4.970 4.932 4.672 4.052 2.862 1.721 1.104 0.819 0.689 0.618 0.582 0.570 0.570 0.582 0.624 0.715 0.879 1.203 1.655 1.861 1.883 1.726 1.189 0.521 0.187 0.059 0.016 0.004 0.001 0.000 0.000 0.000 0.000 0.000 0.000 0.000 0.000 0.000 0.000 0.000 0.000
0.012 0.028 0.055 0.096 0.145 0.191 0.236 0.282 0.332 0.395 0.485 0.626 0.854 1.077 1.182 1.207 1.204 1.155 1.023 0.913 0.890 0.942 1.142 1.605 2.556 3.669 4.337 4.921 5.666 6.429 6.791 6.819 6.568 5.967 5.431 5.197 5.068 4.878 4.449 3.597 2.395 1.545 1.107 0.905 0.804 0.746 0.716 0.706 0.706 0.720 0.761 0.848 1.014 1.369 1.755 1.892 1.853 1.489 0.780 0.285 0.090 0.025 0.006 0.001 0.000 0.000 0.000 0.000 0.000 0.000 0.000 0.000 0.000 0.000 0.000 0.000 0.000
0.008 0.018 0.040 0.075 0.123 0.170 0.213 0.256 0.302 0.357 0.437 0.562 0.762 1.000 1.137 1.178 1.175 1.127 0.998 0.876 0.840 0.868 1.012 1.336 1.973 2.838 3.434 3.976 4.756 5.822 6.608 6.899 6.882 6.542 5.936 5.474 5.094 4.621 3.918 2.953 2.035 1.460 1.162 1.033 0.970 0.936 0.922 0.922 0.931 0.951 0.991 1.072 1.259 1.632 1.895 1.940 1.755 1.120 0.440 0.139 0.038 0.009 0.002 0.000 0.000 0.000 0.000 0.000 0.000 0.000 0.000 0.000 0.000 0.000 0.000 0.000 0.000
0.005 0.012 0.027 0.055 0.098 0.147 0.189 0.230 0.273 0.324 0.399 0.515 0.699 0.945 1.099 1.148 1.145 1.090 0.941 0.804 0.763 0.783 0.890 1.125 1.543 2.158 2.683 3.187 3.907 5.029 6.186 6.820 6.980 6.851 6.377 5.789 5.187 4.461 3.552 2.620 1.919 1.478 1.268 1.198 1.177 1.176 1.193 1.222 1.265 1.322 1.376 1.463 1.625 1.856 1.948 1.872 1.398 0.649 0.206 0.057 0.014 0.003 0.001 0.000 0.000 0.000 0.000 0.000 0.000 0.000 0.000 0.000 0.000 0.000 0.000 0.000 0.000
0.003 0.007 0.017 0.037 0.072 0.117 0.161 0.202 0.244 0.296 0.370 0.479 0.652 0.900 1.069 1.127 1.122 1.049 0.862 0.703 0.663 0.684 0.775 0.950 1.228 1.624 2.059 2.557 3.303 4.442 5.749 6.601 6.939 6.936 6.649 6.082 5.308 4.369 3.390 2.545 1.930 1.578 1.440 1.409 1.415 1.451 1.508 1.582 1.718 1.857 1.897 1.857 1.861 1.911 1.883 1.531 0.806 0.271 0.078 0.020 0.004 0.001 0.001 0.000 0.000 0.000 0.000 0.000 0.000 0.000 0.000 0.000 0.000 0.000 0.000 0.000 0.000
0.002 0.004 0.010 0.024 0.050 0.089 0.133 0.176 0.220 0.274 0.347 0.454 0.619 0.861 1.037 1.102 1.097 1.002 0.778 0.612 0.574 0.594 0.672 0.803 0.981 1.222 1.553 2.042 2.835 4.037 5.436 6.368 6.810 6.898 6.742 6.224 5.344 4.315 3.382 2.618 2.095 1.832 1.751 1.749 1.790 1.850 1.927 2.050 2.191 2.254 2.168 1.981 1.810 1.659 1.402 0.835 0.299 0.091 0.024 0.006 0.001 0.001 0.000 0.000 0.000 0.000 0.000 0.000 0.000 0.000 0.000 0.000 0.000 0.000 0.000 0.000 0.000
0.001 0.002 0.006 0.015 0.033 0.065 0.107 0.152 0.200 0.257 0.332 0.435 0.594 0.827 1.000 1.063 1.054 0.949 0.710 0.542 0.503 0.520 0.584 0.675 0.777 0.914 1.158 1.630 2.456 3.703 5.247 6.303 6.783 6.882 6.751 6.229 5.312 4.343 3.563 2.970 2.580 2.405 2.384 2.487 2.624 2.683 2.694 2.660 2.518 2.323 2.085 1.720 1.237 0.821 0.521 0.243 0.084 0.024 0.006 0.001 0.001 0.000 0.000 0.000 0.000 0.000 0.000 0.000 0.000 0.000 0.000 0.000 0.000 0.000 0.000 0.000 0.000
0.001 0.001 0.003 0.008 0.020 0.044 0.081 0.128 0.180 0.242 0.319 0.420 0.568 0.784 0.944 0.999 0.987 0.885 0.660 0.489 0.446 0.460 0.511 0.563 0.606 0.672 0.855 1.294 2.113 3.383 5.077 6.351 6.919 6.997 6.793 6.200 5.299 4.549 4.056 3.735 3.562 3.557 3.712 3.975 4.144 4.078 3.718 3.130 2.564 2.027 1.469 0.899 0.451 0.227 0.118 0.053 0.018 0.005 0.001 0.001 0.001 0.000 0.000 0.000 0.000 0.000 0.000 0.000 0.000 0.000 0.000 0.000 0.000 0.000 0.000 0.000 0.000
0.000 0.001 0.002 0.004 0.012 0.028 0.058 0.103 0.160 0.227 0.307 0.404 0.529 0.706 0.854 0.912 0.907 0.824 0.620 0.452 0.405 0.414 0.446 0.463 0.464 0.486 0.625 1.017 1.780 3.014 4.777 6.311 7.082 7.215 6.963 6.336 5.567 5.072 4.902 4.953 5.023 5.102 5.255 5.339 5.226 4.885 4.208 3.251 2.281 1.422 0.762 0.351 0.142 0.057 0.024 0.009 0.003 0.001 0.001 0.001 0.000 0.000 0.000 0.000 0.000 0.000 0.000 0.000 0.000 0.000 0.000 0.000 0.000 0.000 0.000 0.000 0.000
0.000 0.001 0.001 0.002 0.006 0.016 0.037 0.078 0.137 0.209 0.292 0.383 0.487 0.628 0.767 0.832 0.834 0.766 0.586 0.429 0.381 0.381 0.391 0.383 0.355 0.359 0.467 0.810 1.500 2.625 4.306 6.081 7.173 7.535 7.414 6.987 6.454 6.131 6.044 6.044 5.982 5.923 5.905 5.812 5.553 5.065 4.270 3.112 1.879 0.975 0.427 0.156 0.050 0.015 0.005 0.002 0.001 0.001 0.001 0.001 0.000 0.000 0.000 0.000 0.000 0.000 0.000 0.000 0.000 0.000 0.000 0.000 0.000 0.000 0.000 0.000 0.000
0.000 0.000 0.001 0.001 0.003 0.007 0.020 0.049 0.102 0.176 0.261 0.354 0.459 0.590 0.716 0.777 0.779 0.718 0.561 0.424 0.376 0.365 0.354 0.322 0.281 0.280 0.367 0.667 1.307 2.387 4.001 5.908 7.305 8.113 8.422 8.395 8.125 7.692 7.074 6.453 6.139 6.018 5.916 5.760 5.465 4.942 4.084 2.790 1.498 0.670 0.241 0.070 0.018 0.004 0.001 0.001 0.001 0.001 0.000 0.000 0.000 0.000 0.000 0.000 0.000 0.000 0.000 0.000 0.000 0.000 0.000 0.000 0.000 0.000 0.000 0.000 0.000
0.000 0.000 0.001 0.001 0.001 0.003 0.009 0.023 0.057 0.117 0.202 0.306 0.432 0.572 0.681 0.732 0.732 0.678 0.546 0.433 0.386 0.363 0.332 0.276 0.234 0.232 0.302 0.571 1.187 2.272 3.919 6.026 7.763 8.978 9.656 9.775 9.444 8.627 7.439 6.289 5.624 5.319 5.174 5.036 4.789 4.306 3.472 2.215 1.064 0.406 0.121 0.029 0.006 0.001 0.001 0.001 0.001 0.000 0.000 0.000 0.000 0.000 0.000 0.000 0.000 0.000 0.000 0.000 0.000 0.000 0.000 0.000 0.000 0.000 0.000 0.000 0.000
0.001 0.000 0.000 0.001 0.001 0.001 0.003 0.009 0.025 0.060 0.129 0.239 0.393 0.551 0.649 0.687 0.684 0.637 0.533 0.451 0.408 0.371 0.321 0.246 0.203 0.201 0.261 0.509 1.122 2.246 3.998 6.346 8.287 9.497 10.088 10.159 9.794 8.826 7.288 5.542 4.237 3.495 3.227 3.158 3.079 2.831 2.265 1.344 0.576 0.192 0.047 0.009 0.002 0.001 0.001 0.001 0.001 0.000 0.000 0.000 0.000 0.000 0.000 0.000 0.000 0.000 0.000 0.000 0.000 0.000 0.000 0.000 0.000 0.000 0.000 0.000 0.000
0.001 0.000 0.000 0.000 0.001 0.001 0.001 0.003 0.009 0.026 0.068 0.159 0.321 0.499 0.603 0.637 0.634 0.597 0.520 0.464 0.428 0.388 0.323 0.231 0.182 0.178 0.232 0.467 1.084 2.274 4.091 6.411 8.334 9.513 10.017 10.039 9.669 8.629 6.764 4.311 2.487 1.535 1.235 1.211 1.226 1.175 0.967 0.560 0.220 0.064 0.014 0.002 0.001 0.001 0.001 0.001 0.001 0.001 0.000 0.000 0.000 0.000 0.000 0.000 0.000 0.000 0.000 0.000 0.000 0.000 0.000 0.000 0.000 0.000 0.000 0.000 0.000
0.001 0.001 0.000 0.000 0.000 0.000 0.001 0.001 0.003 0.009 0.028 0.081 0.205 0.389 0.521 0.573 0.578 0.556 0.508 0.474 0.448 0.411 0.338 0.227 0.167 0.157 0.205 0.429 1.036 2.224 4.016 6.134 7.875 9.034 9.568 9.588 9.149 7.960 5.797 3.092 1.324 0.553 0.345 0.324 0.337 0.336 0.287 0.161 0.056 0.015 0.003 0.001 0.001 0.001 0.001 0.001 0.001 0.001 0.001 0.000 0.000 0.000 0.000 0.000 0.000 0.000 0.000 0.000 0.000 0.000 0.000 0.000 0.000 0.000 0.000 0.000 0.000
0.001 0.001 0.001 0.000 0.000 0.000 0.001 0.001 0.001 0.003 0.009 0.030 0.089 0.220 0.378 0.474 0.507 0.509 0.493 0.481 0.471 0.446 0.369 0.233 0.151 0.131 0.162 0.344 0.877 1.941 3.574 5.543 7.185 8.320 8.860 8.873 8.315 6.913 4.490 2.016 0.673 0.194 0.084 0.069 0.070 0.070 0.061 0.034 0.011 0.003 0.001 0.001 0.001 0.000 0.001 0.001 0.001 0.001 0.001 0.001 0.000 0.000 0.000 0.000 0.000 0.000 0.000 0.000 0.000 0.000 0.000 0.000 0.000 0.000 0.000 0.000 0.000
0.001 0.001 0.001 0.001 0.000 0.000 0.001 0.001 0.001 0.001 0.002 0.008 0.029 0.085 0.200 0.331 0.415 0.453 0.471 0.481 0.483 0.463 0.379 0.226 0.126 0.088 0.089 0.177 0.531 1.383 2.870 4.907 6.642 7.699 8.104 8.023 7.301 5.680 3.204 1.246 0.345 0.080 0.023 0.014 0.013 0.013 0.011 0.006 0.002 0.001 0.001 0.000 0.000 0.001 0.000 0.000 0.000 0.001 0.001 0.001 0.000 0.000 0.000 0.000 0.000 0.000 0.000 0.000 0.000 0.000 0.000 0.000 0.000 0.000 0.000 0.000 0.000
0.000 0.001 0.001 0.001 0.001 0.001 0.001 0.001 0.001 0.001 0.001 0.002 0.007 0.028 0.083 0.190 0.311 0.386 0.433 0.461 0.466 0.435 0.331 0.177 0.078 0.039 0.035 0.064 0.228 0.778 2.044 4.137 6.040 7.043 7.315 7.128 6.265 4.542 2.260 0.785 0.197 0.042 0.009 0.003 0.002 0.002 0.002 0.001 0.001 0.001 0.001 0.000 0.001 0.000 0.000 0.000 0.000 0.000 0.000 0.001 0.000 0.000 0.000 0.000 0.000 0.000 0.000 0.000 0.000 0.000 0.000 0.000 0.000 0.000 0.000 0.000 0.000
0.000 0.001 0.001 0.001 0.001 0.001 0.001 0.001 0.001 0.001 0.001 0.001 0.002 0.008 0.031 0.093 0.204 0.294 0.341 0.359 0.345 0.281 0.170 0.074 0.028 0.013 0.011 0.019 0.076 0.341 1.191 3.054 5.168 6.214 6.418 6.167 5.258 3.547 1.598 0.504 0.120 0.025 0.005 0.001 0.001 0.001 0.001 0.001 0.001 0.001 0.001 0.000 0.000 0.000 0.000 0.000 0.000 0.000 0.000 0.000 0.000 0.000 0.000 0.000 0.000 0.000 0.000 0.000 0.000 0.000 0.000 0.000 0.000 0.000 0.000 0.000 0.000
0.000 0.000 0.001 0.001 0.001 0.001 0.001 0.001 0.000 0.000 0.000 0.000 0.001 0.002 0.011 0.039 0.100 0.154 0.170 0.164 0.139 0.094 0.046 0.020 0.008 0.003 0.003 0.004 0.019 0.108 0.516 1.787 3.885 5.125 5.351 5.099 4.225 2.616 1.057 0.303 0.070 0.014 0.003 0.001 0.001 0.001 0.001 0.001 0.001 0.001 0.001 0.001 0.001 0.000 0.000 0.000 0.000 0.000 0.000 0.000 0.000 0.000 0.000 0.000 0.000 0.000 0.000 0.000 0.000 0.000 0.000 0.000 0.000 0.000 0.000 0.000 0.000
0.000 0.000 0.001 0.001 0.001 0.001 0.001 0.001 0.001 0.000 0.000 0.000 0.000 0.001 0.003 0.013 0.037 0.056 0.059 0.055 0.041 0.023 0.010 0.004 0.002 0.001 0.001 0.001 0.004 0.026 0.170 0.826 2.424 3.728 4.048 3.852 3.072 1.697 0.608 0.161 0.036 0.007 0.001 0.001 0.001 0.001 0.001 0.001 0.000 0.001 0.000 0.000 0.001 0.001 0.000 0.000 0.000 0.000 0.000 0.000 0.000 0.000 0.000 0.000 0.000 0.000 0.000 0.000 0.000 0.000 0.000 0.000 0.000 0.000 0.000 0.000 0.000
0.000 0.000 0.000 0.001 0.001 0.001 0.001 0.001 0.000 0.000 0.000 0.000 0.000 0.001 0.001 0.003 0.011 0.017 0.017 0.016 0.011 0.005 0.002 0.001 0.001 0.001 0.001 0.001 0.001 0.006 0.049 0.332 1.289 2.295 2.579 2.454 1.878 0.910 0.292 0.072 0.015 0.003 0.001 0.001 0.001 0.001 0.001 0.001 0.001 0.000 0.000 0.001 0.001 0.001 0.000 0.000 0.000 0.000 0.000 0.000 0.000 0.000 0.000 0.000 0.000 0.000 0.000 0.000 0.000 0.000 0.000 0.000 0.000 0.000 0.000 0.000 0.000
0.000 0.000 0.000 0.000 0.001 0.001 0.001 0.001 0.001 0.001 0.000 0.000 0.000 0.000 0.001 0.001 0.003 0.004 0.005 0.004 0.002 0.001 0.001 0.001 0.001 0.000 0.000 0.001 0.001 0.002 0.017 0.130 0.626 1.244 1.424 1.338 0.960 0.402 0.115 0.027 0.005 0.001 0.001 0.001 0.001 0.001 0.001 0.001 0.000 0.000 0.000 0.001 0.001 0.001 0.000 0.000 0.000 0.000 0.000 0.000 0.000 0.000 0.000 0.000 0.000 0.000 0.000 0.000 0.000 0.000 0.000 0.000 0.000 0.000 0.000 0.000 0.000
0.000 0.000 0.000 0.000 0.000 0.001 0.001 0.001 0.000 0.000 0.000 0.000 0.000 0.000 0.000 0.001 0.001 0.001 0.001 0.001 0.001 0.001 0.001 0.001 0.000 0.000 0.000 0.000 0.001 0.001 0.007 0.056 0.288 0.597 0.679 0.621 0.402 0.145 0.037 0.008 0.002 0.001 0.001 0.001 0.001 0.001 0.001 0.001 0.001 0.000 0.000 0.000 0.001 0.001 0.000 0.000 0.000 0.000 0.000 0.000 0.000 0.000 0.000 0.000 0.000 0.000 0.000 0.000 0.000 0.000 0.000 0.000 0.000 0.000 0.000 0.000 0.000
0.000 0.000 0.000 0.000 0.000 0.000 0.001 0.001 0.000 0.000 0.000 0.000 0.000 0.000 0.000 0.000 0.001 0.001 0.001 0.001 0.001 0.001 0.001 0.001 0.000 0.000 0.000 0.000 0.000 0.001 0.003 0.023 0.123 0.250 0.275 0.240 0.135 0.041 0.010 0.002 0.001 0.001 0.001 0.001 0.001 0.001 0.001 0.001 0.001 0.000 0.000 0.000 0.000 0.000 0.000 0.000 0.000 0.000 0.000 0.000 0.000 0.000 0.000 0.000 0.000 0.000 0.000 0.000 0.000 0.000 0.000 0.000 0.000 0.000 0.000 0.000 0.000
0.000 0.000 0.000 0.000 0.000 0.000 0.000 0.000 0.000 0.000 0.000 0.000 0.000 0.000 0.000 0.000 0.000 0.000 0.001 0.001 0.001 0.001 0.001 0.001 0.001 0.000 0.000 0.000 0.000 0.000 0.001 0.008 0.045 0.087 0.093 0.076 0.036 0.009 0.002 0.001 0.001 0.001 0.001 0.001 0.001 0.001 0.001 0.001 0.001 0.000 0.000 0.000 0.000 0.000 0.000 0.000 0.000 0.000 0.000 0.000 0.000 0.000 0.000 0.000 0.000 0.000 0.000 0.000 0.000 0.000 0.000 0.000 0.000 0.000 0.000 0.000 0.000
0.000 0.000 0.000 0.000 0.000 0.000 0.000 0.000 0.000 0.000 0.001 0.001 0.000 0.000 0.000 0.000 0.000 0.000 0.000 0.001 0.001 0.001 0.001 0.001 0.001 0.000 0.000 0.000 0.000 0.000 0.000 0.002 0.013 0.025 0.025 0.019 0.007 0.002 0.001 0.001 0.001 0.000 0.001 0.001 0.001 0.001 0.001 0.001 0.001 0.000 0.000 0.000 0.000 0.000 0.000 0.000 0.000 0.000 0.000 0.000 0.000 0.000 0.000 0.000 0.000 0.000 0.000 0.000 0.000 0.000 0.000 0.000 0.000 0.000 0.000 0.000 0.000
0.000 0.000 0.000 0.000 0.000 0.000 0.000 0.000 0.000 0.000 0.001 0.001 0.000 0.000 0.000 0.000 0.000 0.000 0.000 0.000 0.001 0.001 0.001 0.001 0.001 0.001 0.000 0.000 0.000 0.000 0.000 0.001 0.003 0.006 0.006 0.004 0.001 0.001 0.001 0.000 0.000 0.000 0.000 0.001 0.000 0.000 0.000 0.000 0.000 0.000 0.000 0.000 0.000 0.000 0.000 0.000 0.000 0.000 0.000 0.000 0.000 0.000 0.000 0.000 0.000 0.000 0.000 0.000 0.000 0.000 0.000 0.000 0.000 0.000 0.000 0.000 0.000
0.000 0.000 0.000 0.000 0.000 0.000 0.000 0.000 0.000 0.000 0.000 0.001 0.000 0.000 0.000 0.000 0.000 0.000 0.000 0.000 0.000 0.001 0.001 0.001 0.001 0.001 0.001 0.000 0.000 0.000 0.000 0.001 0.001 0.001 0.001 0.001 0.001 0.001 0.000 0.000 0.000 0.000 0.000 0.000 0.000 0.000 0.000 0.000 0.000 0.000 0.000 0.000 0.000 0.000 0.000 0.000 0.000 0.000 0.000 0.000 0.000 0.000 0.000 0.000 0.000 0.000 0.000 0.000 0.000 0.000 0.000 0.000 0.000 0.000 0.000 0.000 0.000
0.000 0.000 0.000 0.000 0.000 0.000 0.000 0.000 0.000 0.000 0.000 0.000 0.000 0.000 0.000 0.000 0.000 0.000 0.000 0.000 0.000 0.000 0.001 0.001 0.001 0.001 0.001 0.001 0.000 0.000 0.000 0.000 0.000 0.000 0.000 0.000 0.000 0.000 0.000 0.000 0.000 0.000 0.000 0.000 0.000 0.000 0.000 0.000 0.000 0.000 0.000 0.000 0.000 0.000 0.000 0.000 0.000 0.000 0.000 0.000 0.000 0.000 0.000 0.000 0.000 0.000 0.000 0.000 0.000 0.000 0.000 0.000 0.000 0.000 0.000 0.000 0.000
0.000 0.000 0.000 0.000 0.000 0.000 0.000 0.000 0.000 0.000 0.000 0.000 0.000 0.000 0.000 0.000 0.000 0.000 0.000 0.000 0.000 0.000 0.000 0.001 0.001 0.001 0.001 0.001 0.001 0.000 0.000 0.000 0.000 0.000 0.000 0.000 0.000 0.000 0.000 0.000 0.000 0.000 0.000 0.000 0.000 0.000 0.000 0.000 0.000 0.000 0.000 0.000 0.000 0.000 0.000 0.000 0.000 0.000 0.000 0.000 0.000 0.000 0.000 0.000 0.000 0.000 0.000 0.000 0.000 0.000 0.000 0.000 0.000 0.000 0.000 0.000 0.000
